date,country,country_population,state_province,state_province_population,county,county_population,city,city_population,new_cases,new_deaths,new_recovered,cumulative_cases,cumulative_deaths,cumulative_recovered
2020-02-25,Peru,32626000,Amazonas,426800,NA,NA,NA,NA,NA,NA,NA,0,0,0
2020-02-27,Peru,32626000,Amazonas,426800,NA,NA,NA,NA,0,0,0,0,0,0
2020-02-29,Peru,32626000,Amazonas,426800,NA,NA,NA,NA,0,0,0,0,0,0
2020-03-02,Peru,32626000,Amazonas,426800,NA,NA,NA,NA,0,0,0,0,0,0
2020-03-04,Peru,32626000,Amazonas,426800,NA,NA,NA,NA,0,0,0,0,0,0
2020-03-06,Peru,32626000,Amazonas,426800,NA,NA,NA,NA,0,0,0,0,0,0
2020-03-08,Peru,32626000,Amazonas,426800,NA,NA,NA,NA,0,0,0,0,0,0
2020-03-10,Peru,32626000,Amazonas,426800,NA,NA,NA,NA,0,0,0,0,0,0
2020-03-12,Peru,32626000,Amazonas,426800,NA,NA,NA,NA,0,0,0,0,0,0
2020-03-14,Peru,32626000,Amazonas,426800,NA,NA,NA,NA,0,0,0,0,0,0
2020-03-16,Peru,32626000,Amazonas,426800,NA,NA,NA,NA,0,0,0,0,0,0
2020-03-18,Peru,32626000,Amazonas,426800,NA,NA,NA,NA,0,0,0,0,0,0
2020-03-20,Peru,32626000,Amazonas,426800,NA,NA,NA,NA,0,0,0,0,0,0
2020-03-22,Peru,32626000,Amazonas,426800,NA,NA,NA,NA,0,0,0,0,0,0
2020-03-24,Peru,32626000,Amazonas,426800,NA,NA,NA,NA,0,0,0,0,0,0
2020-03-26,Peru,32626000,Amazonas,426800,NA,NA,NA,NA,0,0,0,0,0,0
2020-03-28,Peru,32626000,Amazonas,426800,NA,NA,NA,NA,0,0,0,0,0,0
2020-03-30,Peru,32626000,Amazonas,426800,NA,NA,NA,NA,0,0,0,0,0,0
2020-04-01,Peru,32626000,Amazonas,426800,NA,NA,NA,NA,0,0,0,0,0,0
2020-04-03,Peru,32626000,Amazonas,426800,NA,NA,NA,NA,0,0,0,0,0,0
2020-04-05,Peru,32626000,Amazonas,426800,NA,NA,NA,NA,0,0,0,0,0,0
2020-04-07,Peru,32626000,Amazonas,426800,NA,NA,NA,NA,0,0,0,0,0,0
2020-04-09,Peru,32626000,Amazonas,426800,NA,NA,NA,NA,0,0,0,10,0,0
2020-04-11,Peru,32626000,Amazonas,426800,NA,NA,NA,NA,6,0,0,22,0,0
2020-04-13,Peru,32626000,Amazonas,426800,NA,NA,NA,NA,6,0,0,25,0,0
2020-04-15,Peru,32626000,Amazonas,426800,NA,NA,NA,NA,0,0,0,25,0,0
2020-04-17,Peru,32626000,Amazonas,426800,NA,NA,NA,NA,23,0,0,46,0,0
2020-04-19,Peru,32626000,Amazonas,426800,NA,NA,NA,NA,0,0,0,51,0,0
2020-04-21,Peru,32626000,Amazonas,426800,NA,NA,NA,NA,3,0,0,58,0,0
2020-04-23,Peru,32626000,Amazonas,426800,NA,NA,NA,NA,4,0,0,64,0,0
2020-04-25,Peru,32626000,Amazonas,426800,NA,NA,NA,NA,2,0,0,67,0,0
2020-04-27,Peru,32626000,Amazonas,426800,NA,NA,NA,NA,6,0,0,84,0,0
2020-04-29,Peru,32626000,Amazonas,426800,NA,NA,NA,NA,11,0,0,119,0,0
2020-05-01,Peru,32626000,Amazonas,426800,NA,NA,NA,NA,7,0,0,129,0,0
2020-05-03,Peru,32626000,Amazonas,426800,NA,NA,NA,NA,19,0,0,155,1,0
2020-05-05,Peru,32626000,Amazonas,426800,NA,NA,NA,NA,6,3,0,170,4,0
2020-05-07,Peru,32626000,Amazonas,426800,NA,NA,NA,NA,10,2,0,186,7,0
2020-05-09,Peru,32626000,Amazonas,426800,NA,NA,NA,NA,14,0,0,221,7,0
2020-05-11,Peru,32626000,Amazonas,426800,NA,NA,NA,NA,5,0,0,242,8,0
2020-05-13,Peru,32626000,Amazonas,426800,NA,NA,NA,NA,10,0,0,259,11,0
2020-05-15,Peru,32626000,Amazonas,426800,NA,NA,NA,NA,1,0,0,270,11,0
2020-05-17,Peru,32626000,Amazonas,426800,NA,NA,NA,NA,32,3,0,311,15,0
2020-05-19,Peru,32626000,Amazonas,426800,NA,NA,NA,NA,8,0,0,325,17,0
2020-05-21,Peru,32626000,Amazonas,426800,NA,NA,NA,NA,22,0,0,371,17,0
2020-05-23,Peru,32626000,Amazonas,426800,NA,NA,NA,NA,38,0,0,437,18,0
2020-05-25,Peru,32626000,Amazonas,426800,NA,NA,NA,NA,9,2,0,460,20,0
2020-05-27,Peru,32626000,Amazonas,426800,NA,NA,NA,NA,22,0,0,533,20,0
2020-05-29,Peru,32626000,Amazonas,426800,NA,NA,NA,NA,17,0,0,563,21,0
2020-05-31,Peru,32626000,Amazonas,426800,NA,NA,NA,NA,23,0,0,605,21,0
2020-06-02,Peru,32626000,Amazonas,426800,NA,NA,NA,NA,29,5,0,637,26,0
2020-06-04,Peru,32626000,Amazonas,426800,NA,NA,NA,NA,26,1,0,680,27,0
2020-06-06,Peru,32626000,Amazonas,426800,NA,NA,NA,NA,26,0,0,758,27,0
2020-06-08,Peru,32626000,Amazonas,426800,NA,NA,NA,NA,52,0,0,823,27,0
2020-06-10,Peru,32626000,Amazonas,426800,NA,NA,NA,NA,53,0,0,926,27,0
2020-06-12,Peru,32626000,Amazonas,426800,NA,NA,NA,NA,38,1,0,1033,28,0
2020-06-14,Peru,32626000,Amazonas,426800,NA,NA,NA,NA,68,0,0,1170,29,0
2020-06-16,Peru,32626000,Amazonas,426800,NA,NA,NA,NA,170,1,0,1349,30,0
2020-06-18,Peru,32626000,Amazonas,426800,NA,NA,NA,NA,33,1,0,1440,31,0
2020-06-20,Peru,32626000,Amazonas,426800,NA,NA,NA,NA,82,1,0,1565,33,0
2020-06-22,Peru,32626000,Amazonas,426800,NA,NA,NA,NA,17,1,0,1612,34,0
2020-06-24,Peru,32626000,Amazonas,426800,NA,NA,NA,NA,34,0,0,1689,34,0
2020-06-26,Peru,32626000,Amazonas,426800,NA,NA,NA,NA,71,0,0,1916,34,0
2020-06-28,Peru,32626000,Amazonas,426800,NA,NA,NA,NA,49,7,0,2020,42,0
2020-06-30,Peru,32626000,Amazonas,426800,NA,NA,NA,NA,103,26,0,2155,69,0
2020-07-02,Peru,32626000,Amazonas,426800,NA,NA,NA,NA,75,1,0,2329,85,0
2020-07-04,Peru,32626000,Amazonas,426800,NA,NA,NA,NA,114,2,0,2562,87,0
2020-07-06,Peru,32626000,Amazonas,426800,NA,NA,NA,NA,143,0,0,2860,88,0
2020-07-08,Peru,32626000,Amazonas,426800,NA,NA,NA,NA,135,0,0,3083,90,0
2020-07-10,Peru,32626000,Amazonas,426800,NA,NA,NA,NA,71,1,0,3238,91,0
2020-07-12,Peru,32626000,Amazonas,426800,NA,NA,NA,NA,66,0,0,3333,93,0
2020-07-14,Peru,32626000,Amazonas,426800,NA,NA,NA,NA,51,2,0,3457,96,0
2020-07-16,Peru,32626000,Amazonas,426800,NA,NA,NA,NA,67,1,0,3601,97,0
2020-07-18,Peru,32626000,Amazonas,426800,NA,NA,NA,NA,193,0,0,3846,97,0
2020-07-20,Peru,32626000,Amazonas,426800,NA,NA,NA,NA,185,3,0,4179,101,0
2020-07-22,Peru,32626000,Amazonas,426800,NA,NA,NA,NA,34,0,0,4312,103,0
2020-07-24,Peru,32626000,Amazonas,426800,NA,NA,NA,NA,160,1,0,4529,121,0
2020-07-26,Peru,32626000,Amazonas,426800,NA,NA,NA,NA,0,0,0,4529,121,0
2020-07-28,Peru,32626000,Amazonas,426800,NA,NA,NA,NA,101,0,0,5098,123,0
2020-07-30,Peru,32626000,Amazonas,426800,NA,NA,NA,NA,209,1,0,5507,124,0
2020-08-01,Peru,32626000,Amazonas,426800,NA,NA,NA,NA,343,0,0,5850,124,0
2020-08-03,Peru,32626000,Amazonas,426800,NA,NA,NA,NA,146,0,0,6191,124,0
2020-08-05,Peru,32626000,Amazonas,426800,NA,NA,NA,NA,130,0,0,6470,125,0
2020-08-07,Peru,32626000,Amazonas,426800,NA,NA,NA,NA,199,0,0,6831,125,0
2020-08-09,Peru,32626000,Amazonas,426800,NA,NA,NA,NA,119,0,0,7076,127,0
2020-08-11,Peru,32626000,Amazonas,426800,NA,NA,NA,NA,222,1,0,7347,128,0
2020-08-13,Peru,32626000,Amazonas,426800,NA,NA,NA,NA,167,56,0,7655,185,0
2020-08-15,Peru,32626000,Amazonas,426800,NA,NA,NA,NA,195,0,0,7986,186,0
2020-02-26,Peru,32626000,Ancash,1180600,NA,NA,NA,NA,NA,NA,NA,0,0,0
2020-02-28,Peru,32626000,Ancash,1180600,NA,NA,NA,NA,0,0,0,0,0,0
2020-03-01,Peru,32626000,Ancash,1180600,NA,NA,NA,NA,0,0,0,0,0,0
2020-03-03,Peru,32626000,Ancash,1180600,NA,NA,NA,NA,0,0,0,0,0,0
2020-03-05,Peru,32626000,Ancash,1180600,NA,NA,NA,NA,0,0,0,0,0,0
2020-03-07,Peru,32626000,Ancash,1180600,NA,NA,NA,NA,0,0,0,0,0,0
2020-03-09,Peru,32626000,Ancash,1180600,NA,NA,NA,NA,0,0,0,0,0,0
2020-03-11,Peru,32626000,Ancash,1180600,NA,NA,NA,NA,0,0,0,0,0,0
2020-03-13,Peru,32626000,Ancash,1180600,NA,NA,NA,NA,0,0,0,0,0,0
2020-03-15,Peru,32626000,Ancash,1180600,NA,NA,NA,NA,1,0,0,1,0,0
2020-03-17,Peru,32626000,Ancash,1180600,NA,NA,NA,NA,0,0,0,1,0,0
2020-03-19,Peru,32626000,Ancash,1180600,NA,NA,NA,NA,1,0,0,3,0,0
2020-03-21,Peru,32626000,Ancash,1180600,NA,NA,NA,NA,0,0,0,4,0,0
2020-03-23,Peru,32626000,Ancash,1180600,NA,NA,NA,NA,0,0,0,4,0,0
2020-03-25,Peru,32626000,Ancash,1180600,NA,NA,NA,NA,1,0,0,5,0,0
2020-03-27,Peru,32626000,Ancash,1180600,NA,NA,NA,NA,0,0,0,6,0,0
2020-03-29,Peru,32626000,Ancash,1180600,NA,NA,NA,NA,0,1,0,6,1,0
2020-03-31,Peru,32626000,Ancash,1180600,NA,NA,NA,NA,0,0,0,11,1,0
2020-04-02,Peru,32626000,Ancash,1180600,NA,NA,NA,NA,0,0,0,15,1,0
2020-04-04,Peru,32626000,Ancash,1180600,NA,NA,NA,NA,0,0,0,18,1,0
2020-04-06,Peru,32626000,Ancash,1180600,NA,NA,NA,NA,4,0,0,27,1,0
2020-04-08,Peru,32626000,Ancash,1180600,NA,NA,NA,NA,14,3,0,50,4,0
2020-04-10,Peru,32626000,Ancash,1180600,NA,NA,NA,NA,10,0,0,67,4,0
2020-04-12,Peru,32626000,Ancash,1180600,NA,NA,NA,NA,14,0,0,102,5,0
2020-04-14,Peru,32626000,Ancash,1180600,NA,NA,NA,NA,14,0,0,124,5,0
2020-04-16,Peru,32626000,Ancash,1180600,NA,NA,NA,NA,27,0,0,171,5,0
2020-04-18,Peru,32626000,Ancash,1180600,NA,NA,NA,NA,28,0,0,217,13,0
2020-04-20,Peru,32626000,Ancash,1180600,NA,NA,NA,NA,24,3,0,275,19,0
2020-04-22,Peru,32626000,Ancash,1180600,NA,NA,NA,NA,31,3,0,365,26,0
2020-04-24,Peru,32626000,Ancash,1180600,NA,NA,NA,NA,9,1,0,361,29,0
2020-04-26,Peru,32626000,Ancash,1180600,NA,NA,NA,NA,42,2,0,506,35,0
2020-04-28,Peru,32626000,Ancash,1180600,NA,NA,NA,NA,51,5,0,598,39,0
2020-04-30,Peru,32626000,Ancash,1180600,NA,NA,NA,NA,63,4,0,693,56,0
2020-05-02,Peru,32626000,Ancash,1180600,NA,NA,NA,NA,85,10,0,907,66,0
2020-05-04,Peru,32626000,Ancash,1180600,NA,NA,NA,NA,21,0,0,1014,77,0
2020-05-06,Peru,32626000,Ancash,1180600,NA,NA,NA,NA,97,0,0,1256,85,0
2020-05-08,Peru,32626000,Ancash,1180600,NA,NA,NA,NA,83,13,0,1390,106,0
2020-05-10,Peru,32626000,Ancash,1180600,NA,NA,NA,NA,35,0,0,1507,106,0
2020-05-12,Peru,32626000,Ancash,1180600,NA,NA,NA,NA,32,0,0,1553,106,0
2020-05-14,Peru,32626000,Ancash,1180600,NA,NA,NA,NA,78,0,0,1698,119,0
2020-05-16,Peru,32626000,Ancash,1180600,NA,NA,NA,NA,192,5,0,1971,142,0
2020-05-18,Peru,32626000,Ancash,1180600,NA,NA,NA,NA,58,16,0,2153,158,0
2020-05-20,Peru,32626000,Ancash,1180600,NA,NA,NA,NA,128,0,0,2354,175,0
2020-05-22,Peru,32626000,Ancash,1180600,NA,NA,NA,NA,91,2,0,2557,196,0
2020-05-24,Peru,32626000,Ancash,1180600,NA,NA,NA,NA,110,1,0,2832,209,0
2020-05-26,Peru,32626000,Ancash,1180600,NA,NA,NA,NA,407,14,0,3249,223,0
2020-05-28,Peru,32626000,Ancash,1180600,NA,NA,NA,NA,259,4,0,3455,241,0
2020-05-30,Peru,32626000,Ancash,1180600,NA,NA,NA,NA,131,10,0,3515,262,0
2020-06-01,Peru,32626000,Ancash,1180600,NA,NA,NA,NA,224,3,0,4444,270,0
2020-06-03,Peru,32626000,Ancash,1180600,NA,NA,NA,NA,0,9,0,4647,286,0
2020-06-05,Peru,32626000,Ancash,1180600,NA,NA,NA,NA,178,8,0,5226,300,0
2020-06-07,Peru,32626000,Ancash,1180600,NA,NA,NA,NA,96,7,0,5386,312,0
2020-06-09,Peru,32626000,Ancash,1180600,NA,NA,NA,NA,139,9,0,5582,327,0
2020-06-11,Peru,32626000,Ancash,1180600,NA,NA,NA,NA,149,5,0,5885,340,0
2020-06-13,Peru,32626000,Ancash,1180600,NA,NA,NA,NA,155,11,0,6155,358,0
2020-06-15,Peru,32626000,Ancash,1180600,NA,NA,NA,NA,116,7,0,6410,378,0
2020-06-17,Peru,32626000,Ancash,1180600,NA,NA,NA,NA,140,7,0,6649,394,0
2020-06-19,Peru,32626000,Ancash,1180600,NA,NA,NA,NA,131,6,0,6877,403,0
2020-06-21,Peru,32626000,Ancash,1180600,NA,NA,NA,NA,131,8,0,7133,419,0
2020-06-23,Peru,32626000,Ancash,1180600,NA,NA,NA,NA,99,5,0,7347,431,0
2020-06-25,Peru,32626000,Ancash,1180600,NA,NA,NA,NA,109,4,0,7553,441,0
2020-06-27,Peru,32626000,Ancash,1180600,NA,NA,NA,NA,100,8,0,7752,452,0
2020-06-29,Peru,32626000,Ancash,1180600,NA,NA,NA,NA,46,11,0,7874,468,0
2020-07-01,Peru,32626000,Ancash,1180600,NA,NA,NA,NA,142,4,0,8130,478,0
2020-07-03,Peru,32626000,Ancash,1180600,NA,NA,NA,NA,120,8,0,8383,495,0
2020-07-05,Peru,32626000,Ancash,1180600,NA,NA,NA,NA,142,2,0,8652,505,0
2020-07-07,Peru,32626000,Ancash,1180600,NA,NA,NA,NA,186,6,0,8918,518,0
2020-07-09,Peru,32626000,Ancash,1180600,NA,NA,NA,NA,114,5,0,9185,532,0
2020-07-11,Peru,32626000,Ancash,1180600,NA,NA,NA,NA,104,7,0,9390,541,0
2020-07-13,Peru,32626000,Ancash,1180600,NA,NA,NA,NA,138,6,0,9692,555,0
2020-07-15,Peru,32626000,Ancash,1180600,NA,NA,NA,NA,145,4,0,9926,565,0
2020-07-17,Peru,32626000,Ancash,1180600,NA,NA,NA,NA,108,7,0,10125,582,0
2020-07-19,Peru,32626000,Ancash,1180600,NA,NA,NA,NA,97,9,0,10309,600,0
2020-07-21,Peru,32626000,Ancash,1180600,NA,NA,NA,NA,118,3,0,10529,613,0
2020-07-23,Peru,32626000,Ancash,1180600,NA,NA,NA,NA,120,164,0,10729,782,0
2020-07-25,Peru,32626000,Ancash,1180600,NA,NA,NA,NA,0,0,0,10902,788,0
2020-07-27,Peru,32626000,Ancash,1180600,NA,NA,NA,NA,430,22,0,11332,810,0
2020-07-29,Peru,32626000,Ancash,1180600,NA,NA,NA,NA,134,5,0,11670,818,0
2020-07-31,Peru,32626000,Ancash,1180600,NA,NA,NA,NA,0,0,0,11796,825,0
2020-08-02,Peru,32626000,Ancash,1180600,NA,NA,NA,NA,214,5,0,12448,839,0
2020-08-04,Peru,32626000,Ancash,1180600,NA,NA,NA,NA,205,4,0,12770,849,0
2020-08-06,Peru,32626000,Ancash,1180600,NA,NA,NA,NA,216,10,0,13229,871,0
2020-08-08,Peru,32626000,Ancash,1180600,NA,NA,NA,NA,181,5,0,13634,880,0
2020-08-10,Peru,32626000,Ancash,1180600,NA,NA,NA,NA,131,4,0,14068,889,0
2020-08-12,Peru,32626000,Ancash,1180600,NA,NA,NA,NA,243,6,0,14473,900,0
2020-08-14,Peru,32626000,Ancash,1180600,NA,NA,NA,NA,169,7,0,14869,1075,0
2020-02-25,Peru,32626000,Arequipa,1497400,NA,NA,NA,NA,NA,NA,NA,0,0,0
2020-02-27,Peru,32626000,Arequipa,1497400,NA,NA,NA,NA,0,0,0,0,0,0
2020-02-29,Peru,32626000,Arequipa,1497400,NA,NA,NA,NA,0,0,0,0,0,0
2020-03-02,Peru,32626000,Arequipa,1497400,NA,NA,NA,NA,0,0,0,0,0,0
2020-03-04,Peru,32626000,Arequipa,1497400,NA,NA,NA,NA,0,0,0,0,0,0
2020-03-06,Peru,32626000,Arequipa,1497400,NA,NA,NA,NA,0,0,0,0,0,0
2020-03-08,Peru,32626000,Arequipa,1497400,NA,NA,NA,NA,0,0,0,1,0,0
2020-03-10,Peru,32626000,Arequipa,1497400,NA,NA,NA,NA,0,0,0,1,0,0
2020-03-12,Peru,32626000,Arequipa,1497400,NA,NA,NA,NA,0,0,0,2,0,0
2020-03-14,Peru,32626000,Arequipa,1497400,NA,NA,NA,NA,0,0,0,2,0,0
2020-03-16,Peru,32626000,Arequipa,1497400,NA,NA,NA,NA,0,0,0,2,0,0
2020-03-18,Peru,32626000,Arequipa,1497400,NA,NA,NA,NA,0,0,0,2,0,0
2020-03-20,Peru,32626000,Arequipa,1497400,NA,NA,NA,NA,0,0,0,3,0,0
2020-03-22,Peru,32626000,Arequipa,1497400,NA,NA,NA,NA,0,0,0,4,0,0
2020-03-24,Peru,32626000,Arequipa,1497400,NA,NA,NA,NA,2,0,0,9,0,0
2020-03-26,Peru,32626000,Arequipa,1497400,NA,NA,NA,NA,5,0,0,15,0,0
2020-03-28,Peru,32626000,Arequipa,1497400,NA,NA,NA,NA,0,0,0,15,0,0
2020-03-30,Peru,32626000,Arequipa,1497400,NA,NA,NA,NA,6,0,0,21,0,0
2020-04-01,Peru,32626000,Arequipa,1497400,NA,NA,NA,NA,4,1,0,30,1,0
2020-04-03,Peru,32626000,Arequipa,1497400,NA,NA,NA,NA,7,0,0,37,1,0
2020-04-05,Peru,32626000,Arequipa,1497400,NA,NA,NA,NA,14,1,0,51,3,0
2020-04-07,Peru,32626000,Arequipa,1497400,NA,NA,NA,NA,6,0,0,66,4,0
2020-04-09,Peru,32626000,Arequipa,1497400,NA,NA,NA,NA,3,0,0,77,4,0
2020-04-11,Peru,32626000,Arequipa,1497400,NA,NA,NA,NA,2,0,0,85,4,0
2020-04-13,Peru,32626000,Arequipa,1497400,NA,NA,NA,NA,12,0,0,98,4,0
2020-04-15,Peru,32626000,Arequipa,1497400,NA,NA,NA,NA,0,0,0,98,5,0
2020-04-17,Peru,32626000,Arequipa,1497400,NA,NA,NA,NA,23,0,0,134,5,0
2020-04-19,Peru,32626000,Arequipa,1497400,NA,NA,NA,NA,46,0,0,192,5,0
2020-04-21,Peru,32626000,Arequipa,1497400,NA,NA,NA,NA,44,0,0,273,8,0
2020-04-23,Peru,32626000,Arequipa,1497400,NA,NA,NA,NA,15,0,0,291,8,0
2020-04-25,Peru,32626000,Arequipa,1497400,NA,NA,NA,NA,53,0,0,364,10,0
2020-04-27,Peru,32626000,Arequipa,1497400,NA,NA,NA,NA,83,1,0,479,11,0
2020-04-29,Peru,32626000,Arequipa,1497400,NA,NA,NA,NA,28,0,0,529,11,0
2020-05-01,Peru,32626000,Arequipa,1497400,NA,NA,NA,NA,53,0,0,624,11,0
2020-05-03,Peru,32626000,Arequipa,1497400,NA,NA,NA,NA,37,0,0,692,16,0
2020-05-05,Peru,32626000,Arequipa,1497400,NA,NA,NA,NA,71,2,0,763,18,0
2020-05-07,Peru,32626000,Arequipa,1497400,NA,NA,NA,NA,24,0,0,814,20,0
2020-05-09,Peru,32626000,Arequipa,1497400,NA,NA,NA,NA,50,0,0,904,20,0
2020-05-11,Peru,32626000,Arequipa,1497400,NA,NA,NA,NA,15,0,0,1061,20,0
2020-05-13,Peru,32626000,Arequipa,1497400,NA,NA,NA,NA,93,0,0,1301,20,0
2020-05-15,Peru,32626000,Arequipa,1497400,NA,NA,NA,NA,165,0,0,1558,20,0
2020-05-17,Peru,32626000,Arequipa,1497400,NA,NA,NA,NA,130,0,0,1839,20,0
2020-05-19,Peru,32626000,Arequipa,1497400,NA,NA,NA,NA,38,2,0,1967,25,0
2020-05-21,Peru,32626000,Arequipa,1497400,NA,NA,NA,NA,104,0,0,2176,25,0
2020-05-23,Peru,32626000,Arequipa,1497400,NA,NA,NA,NA,76,0,0,2373,25,0
2020-05-25,Peru,32626000,Arequipa,1497400,NA,NA,NA,NA,132,0,0,2633,25,0
2020-05-27,Peru,32626000,Arequipa,1497400,NA,NA,NA,NA,93,0,0,2787,28,0
2020-05-29,Peru,32626000,Arequipa,1497400,NA,NA,NA,NA,225,2,0,3146,33,0
2020-05-31,Peru,32626000,Arequipa,1497400,NA,NA,NA,NA,0,5,0,3332,44,0
2020-06-02,Peru,32626000,Arequipa,1497400,NA,NA,NA,NA,94,1,0,3727,50,0
2020-06-04,Peru,32626000,Arequipa,1497400,NA,NA,NA,NA,144,5,0,3961,56,0
2020-06-06,Peru,32626000,Arequipa,1497400,NA,NA,NA,NA,112,1,0,4316,60,0
2020-06-08,Peru,32626000,Arequipa,1497400,NA,NA,NA,NA,34,5,0,4494,65,0
2020-06-10,Peru,32626000,Arequipa,1497400,NA,NA,NA,NA,54,10,0,4620,81,0
2020-06-12,Peru,32626000,Arequipa,1497400,NA,NA,NA,NA,117,10,0,4881,95,0
2020-06-14,Peru,32626000,Arequipa,1497400,NA,NA,NA,NA,113,3,0,5115,109,0
2020-06-16,Peru,32626000,Arequipa,1497400,NA,NA,NA,NA,85,6,0,5280,121,0
2020-06-18,Peru,32626000,Arequipa,1497400,NA,NA,NA,NA,118,11,0,5454,145,0
2020-06-20,Peru,32626000,Arequipa,1497400,NA,NA,NA,NA,121,5,0,5654,159,0
2020-06-22,Peru,32626000,Arequipa,1497400,NA,NA,NA,NA,165,13,0,5909,179,0
2020-06-24,Peru,32626000,Arequipa,1497400,NA,NA,NA,NA,206,15,0,6187,203,0
2020-06-26,Peru,32626000,Arequipa,1497400,NA,NA,NA,NA,124,3,0,6535,212,0
2020-06-28,Peru,32626000,Arequipa,1497400,NA,NA,NA,NA,141,5,0,6823,230,0
2020-06-30,Peru,32626000,Arequipa,1497400,NA,NA,NA,NA,48,8,0,7124,253,0
2020-07-02,Peru,32626000,Arequipa,1497400,NA,NA,NA,NA,191,16,0,7425,280,0
2020-07-04,Peru,32626000,Arequipa,1497400,NA,NA,NA,NA,104,12,0,7649,302,0
2020-07-06,Peru,32626000,Arequipa,1497400,NA,NA,NA,NA,175,14,0,7982,323,0
2020-07-08,Peru,32626000,Arequipa,1497400,NA,NA,NA,NA,71,10,0,8144,343,0
2020-07-10,Peru,32626000,Arequipa,1497400,NA,NA,NA,NA,122,12,0,8496,368,0
2020-07-12,Peru,32626000,Arequipa,1497400,NA,NA,NA,NA,193,16,0,8917,406,0
2020-07-14,Peru,32626000,Arequipa,1497400,NA,NA,NA,NA,116,22,0,9368,449,0
2020-07-16,Peru,32626000,Arequipa,1497400,NA,NA,NA,NA,157,21,0,9717,495,0
2020-07-18,Peru,32626000,Arequipa,1497400,NA,NA,NA,NA,173,26,0,10112,534,0
2020-07-20,Peru,32626000,Arequipa,1497400,NA,NA,NA,NA,158,15,0,10476,570,0
2020-07-22,Peru,32626000,Arequipa,1497400,NA,NA,NA,NA,336,16,0,11012,601,0
2020-07-24,Peru,32626000,Arequipa,1497400,NA,NA,NA,NA,199,21,0,11703,649,0
2020-07-26,Peru,32626000,Arequipa,1497400,NA,NA,NA,NA,0,0,0,11703,649,0
2020-07-28,Peru,32626000,Arequipa,1497400,NA,NA,NA,NA,160,15,0,12859,711,0
2020-07-30,Peru,32626000,Arequipa,1497400,NA,NA,NA,NA,274,8,0,13480,726,0
2020-08-01,Peru,32626000,Arequipa,1497400,NA,NA,NA,NA,1092,29,0,14572,755,0
2020-08-03,Peru,32626000,Arequipa,1497400,NA,NA,NA,NA,239,16,0,15472,792,0
2020-08-05,Peru,32626000,Arequipa,1497400,NA,NA,NA,NA,655,25,0,16500,833,0
2020-08-07,Peru,32626000,Arequipa,1497400,NA,NA,NA,NA,999,27,0,18190,869,0
2020-08-09,Peru,32626000,Arequipa,1497400,NA,NA,NA,NA,688,11,0,19579,893,0
2020-08-11,Peru,32626000,Arequipa,1497400,NA,NA,NA,NA,393,16,0,20276,928,0
2020-08-13,Peru,32626000,Arequipa,1497400,NA,NA,NA,NA,800,23,0,21692,961,0
2020-08-15,Peru,32626000,Arequipa,1497400,NA,NA,NA,NA,676,11,0,23179,984,0
2020-02-26,Peru,32626000,Ayacucho,668200,NA,NA,NA,NA,NA,NA,NA,0,0,0
2020-02-28,Peru,32626000,Ayacucho,668200,NA,NA,NA,NA,0,0,0,0,0,0
2020-03-01,Peru,32626000,Ayacucho,668200,NA,NA,NA,NA,0,0,0,0,0,0
2020-03-03,Peru,32626000,Ayacucho,668200,NA,NA,NA,NA,0,0,0,0,0,0
2020-03-05,Peru,32626000,Ayacucho,668200,NA,NA,NA,NA,0,0,0,0,0,0
2020-03-07,Peru,32626000,Ayacucho,668200,NA,NA,NA,NA,0,0,0,0,0,0
2020-03-09,Peru,32626000,Ayacucho,668200,NA,NA,NA,NA,0,0,0,0,0,0
2020-03-11,Peru,32626000,Ayacucho,668200,NA,NA,NA,NA,0,0,0,0,0,0
2020-03-13,Peru,32626000,Ayacucho,668200,NA,NA,NA,NA,0,0,0,0,0,0
2020-03-15,Peru,32626000,Ayacucho,668200,NA,NA,NA,NA,0,0,0,0,0,0
2020-03-17,Peru,32626000,Ayacucho,668200,NA,NA,NA,NA,0,0,0,0,0,0
2020-03-19,Peru,32626000,Ayacucho,668200,NA,NA,NA,NA,0,0,0,0,0,0
2020-03-21,Peru,32626000,Ayacucho,668200,NA,NA,NA,NA,0,0,0,0,0,0
2020-03-23,Peru,32626000,Ayacucho,668200,NA,NA,NA,NA,0,0,0,0,0,0
2020-03-25,Peru,32626000,Ayacucho,668200,NA,NA,NA,NA,0,0,0,0,0,0
2020-03-27,Peru,32626000,Ayacucho,668200,NA,NA,NA,NA,0,0,0,0,0,0
2020-03-29,Peru,32626000,Ayacucho,668200,NA,NA,NA,NA,1,0,0,1,0,0
2020-03-31,Peru,32626000,Ayacucho,668200,NA,NA,NA,NA,0,0,0,1,0,0
2020-04-02,Peru,32626000,Ayacucho,668200,NA,NA,NA,NA,0,0,0,1,0,0
2020-04-04,Peru,32626000,Ayacucho,668200,NA,NA,NA,NA,0,0,0,1,0,0
2020-04-06,Peru,32626000,Ayacucho,668200,NA,NA,NA,NA,2,0,0,5,0,0
2020-04-08,Peru,32626000,Ayacucho,668200,NA,NA,NA,NA,0,0,0,5,0,0
2020-04-10,Peru,32626000,Ayacucho,668200,NA,NA,NA,NA,2,0,0,9,0,0
2020-04-12,Peru,32626000,Ayacucho,668200,NA,NA,NA,NA,0,0,0,11,0,0
2020-04-14,Peru,32626000,Ayacucho,668200,NA,NA,NA,NA,4,0,0,15,0,0
2020-04-16,Peru,32626000,Ayacucho,668200,NA,NA,NA,NA,1,0,0,23,0,0
2020-04-18,Peru,32626000,Ayacucho,668200,NA,NA,NA,NA,6,0,0,29,0,0
2020-04-20,Peru,32626000,Ayacucho,668200,NA,NA,NA,NA,2,0,0,35,0,0
2020-04-22,Peru,32626000,Ayacucho,668200,NA,NA,NA,NA,0,0,0,38,0,0
2020-04-24,Peru,32626000,Ayacucho,668200,NA,NA,NA,NA,1,0,0,40,0,0
2020-04-26,Peru,32626000,Ayacucho,668200,NA,NA,NA,NA,8,0,0,53,0,0
2020-04-28,Peru,32626000,Ayacucho,668200,NA,NA,NA,NA,12,0,0,72,0,0
2020-04-30,Peru,32626000,Ayacucho,668200,NA,NA,NA,NA,15,0,0,95,0,0
2020-05-02,Peru,32626000,Ayacucho,668200,NA,NA,NA,NA,13,0,0,117,0,0
2020-05-04,Peru,32626000,Ayacucho,668200,NA,NA,NA,NA,8,0,0,143,0,0
2020-05-06,Peru,32626000,Ayacucho,668200,NA,NA,NA,NA,0,0,0,176,0,0
2020-05-08,Peru,32626000,Ayacucho,668200,NA,NA,NA,NA,14,0,0,203,0,0
2020-05-10,Peru,32626000,Ayacucho,668200,NA,NA,NA,NA,32,0,0,254,0,0
2020-05-12,Peru,32626000,Ayacucho,668200,NA,NA,NA,NA,12,0,0,270,0,0
2020-05-14,Peru,32626000,Ayacucho,668200,NA,NA,NA,NA,25,0,0,303,0,0
2020-05-16,Peru,32626000,Ayacucho,668200,NA,NA,NA,NA,45,0,0,367,3,0
2020-05-18,Peru,32626000,Ayacucho,668200,NA,NA,NA,NA,3,0,0,406,3,0
2020-05-20,Peru,32626000,Ayacucho,668200,NA,NA,NA,NA,14,0,0,440,3,0
2020-05-22,Peru,32626000,Ayacucho,668200,NA,NA,NA,NA,24,0,0,479,3,0
2020-05-24,Peru,32626000,Ayacucho,668200,NA,NA,NA,NA,39,0,0,537,3,0
2020-05-26,Peru,32626000,Ayacucho,668200,NA,NA,NA,NA,34,0,0,605,6,0
2020-05-28,Peru,32626000,Ayacucho,668200,NA,NA,NA,NA,17,0,0,639,6,0
2020-05-30,Peru,32626000,Ayacucho,668200,NA,NA,NA,NA,33,1,0,712,7,0
2020-06-01,Peru,32626000,Ayacucho,668200,NA,NA,NA,NA,14,0,0,762,7,0
2020-06-03,Peru,32626000,Ayacucho,668200,NA,NA,NA,NA,36,0,0,826,7,0
2020-06-05,Peru,32626000,Ayacucho,668200,NA,NA,NA,NA,3,1,0,865,8,0
2020-06-07,Peru,32626000,Ayacucho,668200,NA,NA,NA,NA,24,0,0,910,8,0
2020-06-09,Peru,32626000,Ayacucho,668200,NA,NA,NA,NA,43,0,0,958,8,0
2020-06-11,Peru,32626000,Ayacucho,668200,NA,NA,NA,NA,33,3,0,1028,11,0
2020-06-13,Peru,32626000,Ayacucho,668200,NA,NA,NA,NA,31,0,0,1102,11,0
2020-06-15,Peru,32626000,Ayacucho,668200,NA,NA,NA,NA,14,0,0,1171,11,0
2020-06-17,Peru,32626000,Ayacucho,668200,NA,NA,NA,NA,76,0,0,1296,11,0
2020-06-19,Peru,32626000,Ayacucho,668200,NA,NA,NA,NA,44,2,0,1375,13,0
2020-06-21,Peru,32626000,Ayacucho,668200,NA,NA,NA,NA,68,0,0,1522,13,0
2020-06-23,Peru,32626000,Ayacucho,668200,NA,NA,NA,NA,29,1,0,1569,16,0
2020-06-25,Peru,32626000,Ayacucho,668200,NA,NA,NA,NA,41,0,0,1644,21,0
2020-06-27,Peru,32626000,Ayacucho,668200,NA,NA,NA,NA,39,1,0,1717,22,0
2020-06-29,Peru,32626000,Ayacucho,668200,NA,NA,NA,NA,4,1,0,1747,25,0
2020-07-01,Peru,32626000,Ayacucho,668200,NA,NA,NA,NA,54,1,0,1829,26,0
2020-07-03,Peru,32626000,Ayacucho,668200,NA,NA,NA,NA,45,1,0,1910,27,0
2020-07-05,Peru,32626000,Ayacucho,668200,NA,NA,NA,NA,48,1,0,1982,29,0
2020-07-07,Peru,32626000,Ayacucho,668200,NA,NA,NA,NA,50,2,0,2046,31,0
2020-07-09,Peru,32626000,Ayacucho,668200,NA,NA,NA,NA,53,0,0,2130,32,0
2020-07-11,Peru,32626000,Ayacucho,668200,NA,NA,NA,NA,65,1,0,2243,34,0
2020-07-13,Peru,32626000,Ayacucho,668200,NA,NA,NA,NA,22,2,0,2311,36,0
2020-07-15,Peru,32626000,Ayacucho,668200,NA,NA,NA,NA,96,2,0,2442,39,0
2020-07-17,Peru,32626000,Ayacucho,668200,NA,NA,NA,NA,87,2,0,2604,43,0
2020-07-19,Peru,32626000,Ayacucho,668200,NA,NA,NA,NA,127,0,0,2791,43,0
2020-07-21,Peru,32626000,Ayacucho,668200,NA,NA,NA,NA,114,2,0,2936,46,0
2020-07-23,Peru,32626000,Ayacucho,668200,NA,NA,NA,NA,95,22,0,3101,69,0
2020-07-25,Peru,32626000,Ayacucho,668200,NA,NA,NA,NA,0,0,0,3170,70,0
2020-07-27,Peru,32626000,Ayacucho,668200,NA,NA,NA,NA,196,2,0,3366,72,0
2020-07-29,Peru,32626000,Ayacucho,668200,NA,NA,NA,NA,149,0,0,3611,74,0
2020-07-31,Peru,32626000,Ayacucho,668200,NA,NA,NA,NA,0,0,0,3726,74,0
2020-08-02,Peru,32626000,Ayacucho,668200,NA,NA,NA,NA,104,1,0,4052,77,0
2020-08-04,Peru,32626000,Ayacucho,668200,NA,NA,NA,NA,91,1,0,4223,79,0
2020-08-06,Peru,32626000,Ayacucho,668200,NA,NA,NA,NA,140,0,0,4492,81,0
2020-08-08,Peru,32626000,Ayacucho,668200,NA,NA,NA,NA,169,2,0,4772,83,0
2020-08-10,Peru,32626000,Ayacucho,668200,NA,NA,NA,NA,103,0,0,5033,85,0
2020-08-12,Peru,32626000,Ayacucho,668200,NA,NA,NA,NA,189,30,0,5302,115,0
2020-08-14,Peru,32626000,Ayacucho,668200,NA,NA,NA,NA,144,25,0,5643,169,0
2020-02-25,Peru,32626000,Cajamarca,1453700,NA,NA,NA,NA,NA,NA,NA,0,0,0
2020-02-27,Peru,32626000,Cajamarca,1453700,NA,NA,NA,NA,0,0,0,0,0,0
2020-02-29,Peru,32626000,Cajamarca,1453700,NA,NA,NA,NA,0,0,0,0,0,0
2020-03-02,Peru,32626000,Cajamarca,1453700,NA,NA,NA,NA,0,0,0,0,0,0
2020-03-04,Peru,32626000,Cajamarca,1453700,NA,NA,NA,NA,0,0,0,0,0,0
2020-03-06,Peru,32626000,Cajamarca,1453700,NA,NA,NA,NA,0,0,0,0,0,0
2020-03-08,Peru,32626000,Cajamarca,1453700,NA,NA,NA,NA,0,0,0,0,0,0
2020-03-10,Peru,32626000,Cajamarca,1453700,NA,NA,NA,NA,0,0,0,0,0,0
2020-03-12,Peru,32626000,Cajamarca,1453700,NA,NA,NA,NA,0,0,0,0,0,0
2020-03-14,Peru,32626000,Cajamarca,1453700,NA,NA,NA,NA,0,0,0,0,0,0
2020-03-16,Peru,32626000,Cajamarca,1453700,NA,NA,NA,NA,0,0,0,0,0,0
2020-03-18,Peru,32626000,Cajamarca,1453700,NA,NA,NA,NA,0,0,0,0,0,0
2020-03-20,Peru,32626000,Cajamarca,1453700,NA,NA,NA,NA,0,0,0,0,0,0
2020-03-22,Peru,32626000,Cajamarca,1453700,NA,NA,NA,NA,0,0,0,0,0,0
2020-03-24,Peru,32626000,Cajamarca,1453700,NA,NA,NA,NA,0,0,0,0,0,0
2020-03-26,Peru,32626000,Cajamarca,1453700,NA,NA,NA,NA,0,0,0,1,0,0
2020-03-28,Peru,32626000,Cajamarca,1453700,NA,NA,NA,NA,0,0,0,1,0,0
2020-03-30,Peru,32626000,Cajamarca,1453700,NA,NA,NA,NA,0,0,0,1,0,0
2020-04-01,Peru,32626000,Cajamarca,1453700,NA,NA,NA,NA,1,0,0,2,0,0
2020-04-03,Peru,32626000,Cajamarca,1453700,NA,NA,NA,NA,1,0,0,4,0,0
2020-04-05,Peru,32626000,Cajamarca,1453700,NA,NA,NA,NA,0,0,0,6,0,0
2020-04-07,Peru,32626000,Cajamarca,1453700,NA,NA,NA,NA,0,0,0,6,0,0
2020-04-09,Peru,32626000,Cajamarca,1453700,NA,NA,NA,NA,1,0,0,11,0,0
2020-04-11,Peru,32626000,Cajamarca,1453700,NA,NA,NA,NA,0,0,0,11,0,0
2020-04-13,Peru,32626000,Cajamarca,1453700,NA,NA,NA,NA,0,0,0,11,0,0
2020-04-15,Peru,32626000,Cajamarca,1453700,NA,NA,NA,NA,1,1,0,20,1,0
2020-04-17,Peru,32626000,Cajamarca,1453700,NA,NA,NA,NA,16,1,0,38,2,0
2020-04-19,Peru,32626000,Cajamarca,1453700,NA,NA,NA,NA,9,0,0,61,2,0
2020-04-21,Peru,32626000,Cajamarca,1453700,NA,NA,NA,NA,11,0,0,73,2,0
2020-04-23,Peru,32626000,Cajamarca,1453700,NA,NA,NA,NA,12,0,0,90,2,0
2020-04-25,Peru,32626000,Cajamarca,1453700,NA,NA,NA,NA,13,0,0,105,2,0
2020-04-27,Peru,32626000,Cajamarca,1453700,NA,NA,NA,NA,13,0,0,141,2,0
2020-04-29,Peru,32626000,Cajamarca,1453700,NA,NA,NA,NA,6,0,0,162,3,0
2020-05-01,Peru,32626000,Cajamarca,1453700,NA,NA,NA,NA,31,0,0,201,3,0
2020-05-03,Peru,32626000,Cajamarca,1453700,NA,NA,NA,NA,35,0,0,259,3,0
2020-05-05,Peru,32626000,Cajamarca,1453700,NA,NA,NA,NA,54,0,0,322,3,0
2020-05-07,Peru,32626000,Cajamarca,1453700,NA,NA,NA,NA,15,0,0,316,3,0
2020-05-09,Peru,32626000,Cajamarca,1453700,NA,NA,NA,NA,23,0,0,351,3,0
2020-05-11,Peru,32626000,Cajamarca,1453700,NA,NA,NA,NA,5,0,0,367,3,0
2020-05-13,Peru,32626000,Cajamarca,1453700,NA,NA,NA,NA,18,0,0,393,3,0
2020-05-15,Peru,32626000,Cajamarca,1453700,NA,NA,NA,NA,5,0,0,411,3,0
2020-05-17,Peru,32626000,Cajamarca,1453700,NA,NA,NA,NA,5,0,0,429,3,0
2020-05-19,Peru,32626000,Cajamarca,1453700,NA,NA,NA,NA,11,0,0,446,3,0
2020-05-21,Peru,32626000,Cajamarca,1453700,NA,NA,NA,NA,32,0,0,483,3,0
2020-05-23,Peru,32626000,Cajamarca,1453700,NA,NA,NA,NA,25,0,0,520,3,0
2020-05-25,Peru,32626000,Cajamarca,1453700,NA,NA,NA,NA,34,0,0,591,3,0
2020-05-27,Peru,32626000,Cajamarca,1453700,NA,NA,NA,NA,20,0,0,645,3,0
2020-05-29,Peru,32626000,Cajamarca,1453700,NA,NA,NA,NA,31,1,0,700,4,0
2020-05-31,Peru,32626000,Cajamarca,1453700,NA,NA,NA,NA,27,0,0,747,5,0
2020-06-02,Peru,32626000,Cajamarca,1453700,NA,NA,NA,NA,44,1,0,830,7,0
2020-06-04,Peru,32626000,Cajamarca,1453700,NA,NA,NA,NA,29,1,0,882,8,0
2020-06-06,Peru,32626000,Cajamarca,1453700,NA,NA,NA,NA,32,0,0,907,9,0
2020-06-08,Peru,32626000,Cajamarca,1453700,NA,NA,NA,NA,12,1,0,947,11,0
2020-06-10,Peru,32626000,Cajamarca,1453700,NA,NA,NA,NA,29,2,0,1013,13,0
2020-06-12,Peru,32626000,Cajamarca,1453700,NA,NA,NA,NA,73,1,0,1135,14,0
2020-06-14,Peru,32626000,Cajamarca,1453700,NA,NA,NA,NA,80,0,0,1279,16,0
2020-06-16,Peru,32626000,Cajamarca,1453700,NA,NA,NA,NA,36,1,0,1350,17,0
2020-06-18,Peru,32626000,Cajamarca,1453700,NA,NA,NA,NA,44,0,0,1422,18,0
2020-06-20,Peru,32626000,Cajamarca,1453700,NA,NA,NA,NA,44,1,0,1518,20,0
2020-06-22,Peru,32626000,Cajamarca,1453700,NA,NA,NA,NA,29,0,0,1597,22,0
2020-06-24,Peru,32626000,Cajamarca,1453700,NA,NA,NA,NA,47,0,0,1678,24,0
2020-06-26,Peru,32626000,Cajamarca,1453700,NA,NA,NA,NA,42,16,0,1816,59,0
2020-06-28,Peru,32626000,Cajamarca,1453700,NA,NA,NA,NA,54,3,0,1983,65,0
2020-06-30,Peru,32626000,Cajamarca,1453700,NA,NA,NA,NA,47,1,0,2138,68,0
2020-07-02,Peru,32626000,Cajamarca,1453700,NA,NA,NA,NA,96,3,0,2292,74,0
2020-07-04,Peru,32626000,Cajamarca,1453700,NA,NA,NA,NA,66,3,0,2470,84,0
2020-07-06,Peru,32626000,Cajamarca,1453700,NA,NA,NA,NA,144,18,0,2731,105,0
2020-07-08,Peru,32626000,Cajamarca,1453700,NA,NA,NA,NA,162,4,0,3012,114,0
2020-07-10,Peru,32626000,Cajamarca,1453700,NA,NA,NA,NA,106,2,0,3216,121,0
2020-07-12,Peru,32626000,Cajamarca,1453700,NA,NA,NA,NA,167,4,0,3494,129,0
2020-07-14,Peru,32626000,Cajamarca,1453700,NA,NA,NA,NA,100,0,0,3750,131,0
2020-07-16,Peru,32626000,Cajamarca,1453700,NA,NA,NA,NA,71,1,0,3928,135,0
2020-07-18,Peru,32626000,Cajamarca,1453700,NA,NA,NA,NA,90,2,0,4109,142,0
2020-07-20,Peru,32626000,Cajamarca,1453700,NA,NA,NA,NA,96,4,0,4301,148,0
2020-07-22,Peru,32626000,Cajamarca,1453700,NA,NA,NA,NA,112,1,0,4570,151,0
2020-07-24,Peru,32626000,Cajamarca,1453700,NA,NA,NA,NA,122,3,0,4785,179,0
2020-07-26,Peru,32626000,Cajamarca,1453700,NA,NA,NA,NA,0,0,0,4785,179,0
2020-07-28,Peru,32626000,Cajamarca,1453700,NA,NA,NA,NA,167,3,0,5307,199,0
2020-07-30,Peru,32626000,Cajamarca,1453700,NA,NA,NA,NA,317,2,0,5877,203,0
2020-08-01,Peru,32626000,Cajamarca,1453700,NA,NA,NA,NA,586,4,0,6463,207,0
2020-08-03,Peru,32626000,Cajamarca,1453700,NA,NA,NA,NA,144,3,0,6793,215,0
2020-08-05,Peru,32626000,Cajamarca,1453700,NA,NA,NA,NA,285,7,0,7277,228,0
2020-08-07,Peru,32626000,Cajamarca,1453700,NA,NA,NA,NA,396,10,0,7974,239,0
2020-08-09,Peru,32626000,Cajamarca,1453700,NA,NA,NA,NA,182,4,0,8422,247,0
2020-08-11,Peru,32626000,Cajamarca,1453700,NA,NA,NA,NA,285,8,0,8901,258,0
2020-08-13,Peru,32626000,Cajamarca,1453700,NA,NA,NA,NA,432,81,0,9809,342,0
2020-08-15,Peru,32626000,Cajamarca,1453700,NA,NA,NA,NA,411,5,0,10534,349,0
2020-02-26,Peru,32626000,Callao,1129900,NA,NA,NA,NA,NA,NA,NA,0,0,0
2020-02-28,Peru,32626000,Callao,1129900,NA,NA,NA,NA,0,0,0,0,0,0
2020-03-01,Peru,32626000,Callao,1129900,NA,NA,NA,NA,0,0,0,0,0,0
2020-03-03,Peru,32626000,Callao,1129900,NA,NA,NA,NA,0,0,0,0,0,0
2020-03-05,Peru,32626000,Callao,1129900,NA,NA,NA,NA,0,0,0,0,0,0
2020-03-07,Peru,32626000,Callao,1129900,NA,NA,NA,NA,0,0,0,0,0,0
2020-03-09,Peru,32626000,Callao,1129900,NA,NA,NA,NA,0,0,0,0,0,0
2020-03-11,Peru,32626000,Callao,1129900,NA,NA,NA,NA,0,0,0,0,0,0
2020-03-13,Peru,32626000,Callao,1129900,NA,NA,NA,NA,0,0,0,0,0,0
2020-03-15,Peru,32626000,Callao,1129900,NA,NA,NA,NA,2,0,0,2,0,0
2020-03-17,Peru,32626000,Callao,1129900,NA,NA,NA,NA,1,0,0,4,0,0
2020-03-19,Peru,32626000,Callao,1129900,NA,NA,NA,NA,0,0,0,5,0,0
2020-03-21,Peru,32626000,Callao,1129900,NA,NA,NA,NA,1,0,0,6,0,0
2020-03-23,Peru,32626000,Callao,1129900,NA,NA,NA,NA,2,0,0,8,0,0
2020-03-25,Peru,32626000,Callao,1129900,NA,NA,NA,NA,2,0,0,10,0,0
2020-03-27,Peru,32626000,Callao,1129900,NA,NA,NA,NA,2,0,0,17,0,0
2020-03-29,Peru,32626000,Callao,1129900,NA,NA,NA,NA,11,0,0,29,1,0
2020-03-31,Peru,32626000,Callao,1129900,NA,NA,NA,NA,1,1,0,25,3,0
2020-04-02,Peru,32626000,Callao,1129900,NA,NA,NA,NA,3,0,0,40,4,0
2020-04-04,Peru,32626000,Callao,1129900,NA,NA,NA,NA,5,1,0,64,5,0
2020-04-06,Peru,32626000,Callao,1129900,NA,NA,NA,NA,20,0,0,109,8,0
2020-04-08,Peru,32626000,Callao,1129900,NA,NA,NA,NA,159,0,0,320,2,0
2020-04-10,Peru,32626000,Callao,1129900,NA,NA,NA,NA,52,0,0,465,16,0
2020-04-12,Peru,32626000,Callao,1129900,NA,NA,NA,NA,55,0,0,596,16,0
2020-04-14,Peru,32626000,Callao,1129900,NA,NA,NA,NA,175,4,0,908,20,0
2020-04-16,Peru,32626000,Callao,1129900,NA,NA,NA,NA,69,3,0,1008,27,0
2020-04-18,Peru,32626000,Callao,1129900,NA,NA,NA,NA,100,7,0,1180,34,0
2020-04-20,Peru,32626000,Callao,1129900,NA,NA,NA,NA,43,1,0,1282,35,0
2020-04-22,Peru,32626000,Callao,1129900,NA,NA,NA,NA,47,3,0,1416,39,0
2020-04-24,Peru,32626000,Callao,1129900,NA,NA,NA,NA,55,1,0,1591,40,0
2020-04-26,Peru,32626000,Callao,1129900,NA,NA,NA,NA,179,0,0,2615,44,0
2020-04-28,Peru,32626000,Callao,1129900,NA,NA,NA,NA,261,2,0,2933,52,0
2020-04-30,Peru,32626000,Callao,1129900,NA,NA,NA,NA,118,8,0,3219,60,0
2020-05-02,Peru,32626000,Callao,1129900,NA,NA,NA,NA,85,6,0,3543,66,0
2020-05-04,Peru,32626000,Callao,1129900,NA,NA,NA,NA,86,0,0,3979,66,0
2020-05-06,Peru,32626000,Callao,1129900,NA,NA,NA,NA,159,5,0,4404,82,0
2020-05-08,Peru,32626000,Callao,1129900,NA,NA,NA,NA,290,0,0,4968,82,0
2020-05-10,Peru,32626000,Callao,1129900,NA,NA,NA,NA,143,0,0,5360,119,0
2020-05-12,Peru,32626000,Callao,1129900,NA,NA,NA,NA,184,0,0,5584,119,0
2020-05-14,Peru,32626000,Callao,1129900,NA,NA,NA,NA,348,18,0,6199,143,0
2020-05-16,Peru,32626000,Callao,1129900,NA,NA,NA,NA,91,0,0,6513,155,0
2020-05-18,Peru,32626000,Callao,1129900,NA,NA,NA,NA,97,0,0,6782,160,0
2020-05-20,Peru,32626000,Callao,1129900,NA,NA,NA,NA,370,7,0,7381,178,0
2020-05-22,Peru,32626000,Callao,1129900,NA,NA,NA,NA,161,0,0,7846,192,0
2020-05-24,Peru,32626000,Callao,1129900,NA,NA,NA,NA,433,2,0,8558,194,0
2020-05-26,Peru,32626000,Callao,1129900,NA,NA,NA,NA,396,0,0,9122,248,0
2020-05-28,Peru,32626000,Callao,1129900,NA,NA,NA,NA,458,8,0,9953,289,0
2020-05-30,Peru,32626000,Callao,1129900,NA,NA,NA,NA,1324,14,0,12105,312,0
2020-06-01,Peru,32626000,Callao,1129900,NA,NA,NA,NA,328,8,0,12495,329,0
2020-06-03,Peru,32626000,Callao,1129900,NA,NA,NA,NA,260,8,0,13171,346,0
2020-06-05,Peru,32626000,Callao,1129900,NA,NA,NA,NA,119,9,0,13410,369,0
2020-06-07,Peru,32626000,Callao,1129900,NA,NA,NA,NA,209,11,0,13865,389,0
2020-06-09,Peru,32626000,Callao,1129900,NA,NA,NA,NA,267,10,0,14284,401,0
2020-06-11,Peru,32626000,Callao,1129900,NA,NA,NA,NA,341,8,0,14830,418,0
2020-06-13,Peru,32626000,Callao,1129900,NA,NA,NA,NA,356,5,0,15556,439,0
2020-06-15,Peru,32626000,Callao,1129900,NA,NA,NA,NA,148,12,0,15955,464,0
2020-06-17,Peru,32626000,Callao,1129900,NA,NA,NA,NA,109,21,0,16224,498,0
2020-06-19,Peru,32626000,Callao,1129900,NA,NA,NA,NA,220,7,0,16678,513,0
2020-06-21,Peru,32626000,Callao,1129900,NA,NA,NA,NA,142,14,0,16986,541,0
2020-06-23,Peru,32626000,Callao,1129900,NA,NA,NA,NA,158,5,0,17303,555,0
2020-06-25,Peru,32626000,Callao,1129900,NA,NA,NA,NA,77,9,0,17449,572,0
2020-06-27,Peru,32626000,Callao,1129900,NA,NA,NA,NA,167,12,0,17747,596,0
2020-06-29,Peru,32626000,Callao,1129900,NA,NA,NA,NA,73,8,0,17944,619,0
2020-07-01,Peru,32626000,Callao,1129900,NA,NA,NA,NA,171,8,0,18155,633,0
2020-07-03,Peru,32626000,Callao,1129900,NA,NA,NA,NA,51,3,0,18281,646,0
2020-07-05,Peru,32626000,Callao,1129900,NA,NA,NA,NA,67,8,0,18406,658,0
2020-07-07,Peru,32626000,Callao,1129900,NA,NA,NA,NA,39,14,0,18510,678,0
2020-07-09,Peru,32626000,Callao,1129900,NA,NA,NA,NA,124,10,0,18745,693,0
2020-07-11,Peru,32626000,Callao,1129900,NA,NA,NA,NA,91,5,0,19012,707,0
2020-07-13,Peru,32626000,Callao,1129900,NA,NA,NA,NA,87,7,0,19167,722,0
2020-07-15,Peru,32626000,Callao,1129900,NA,NA,NA,NA,64,10,0,19307,735,0
2020-07-17,Peru,32626000,Callao,1129900,NA,NA,NA,NA,129,7,0,19573,755,0
2020-07-19,Peru,32626000,Callao,1129900,NA,NA,NA,NA,100,6,0,19794,770,0
2020-07-21,Peru,32626000,Callao,1129900,NA,NA,NA,NA,98,3,0,19966,782,0
2020-07-23,Peru,32626000,Callao,1129900,NA,NA,NA,NA,122,201,0,20184,987,0
2020-07-25,Peru,32626000,Callao,1129900,NA,NA,NA,NA,0,0,0,20333,998,0
2020-07-27,Peru,32626000,Callao,1129900,NA,NA,NA,NA,346,14,0,20679,1012,0
2020-07-29,Peru,32626000,Callao,1129900,NA,NA,NA,NA,57,3,0,20898,1020,0
2020-07-31,Peru,32626000,Callao,1129900,NA,NA,NA,NA,0,0,0,21045,1026,0
2020-08-02,Peru,32626000,Callao,1129900,NA,NA,NA,NA,158,7,0,21606,1041,0
2020-08-04,Peru,32626000,Callao,1129900,NA,NA,NA,NA,235,5,0,21943,1057,0
2020-08-06,Peru,32626000,Callao,1129900,NA,NA,NA,NA,223,7,0,22354,1067,0
2020-08-08,Peru,32626000,Callao,1129900,NA,NA,NA,NA,221,8,0,22815,1088,0
2020-08-10,Peru,32626000,Callao,1129900,NA,NA,NA,NA,85,5,0,23090,1103,0
2020-08-12,Peru,32626000,Callao,1129900,NA,NA,NA,NA,304,9,0,23576,1114,0
2020-08-14,Peru,32626000,Callao,1129900,NA,NA,NA,NA,284,6,0,24229,1451,0
2020-02-25,Peru,32626000,Cusco,1357100,NA,NA,NA,NA,NA,NA,NA,0,0,0
2020-02-27,Peru,32626000,Cusco,1357100,NA,NA,NA,NA,0,0,0,0,0,0
2020-02-29,Peru,32626000,Cusco,1357100,NA,NA,NA,NA,0,0,0,0,0,0
2020-03-02,Peru,32626000,Cusco,1357100,NA,NA,NA,NA,0,0,0,0,0,0
2020-03-04,Peru,32626000,Cusco,1357100,NA,NA,NA,NA,0,0,0,0,0,0
2020-03-06,Peru,32626000,Cusco,1357100,NA,NA,NA,NA,0,0,0,0,0,0
2020-03-08,Peru,32626000,Cusco,1357100,NA,NA,NA,NA,0,0,0,0,0,0
2020-03-10,Peru,32626000,Cusco,1357100,NA,NA,NA,NA,0,0,0,0,0,0
2020-03-12,Peru,32626000,Cusco,1357100,NA,NA,NA,NA,0,0,0,0,0,0
2020-03-14,Peru,32626000,Cusco,1357100,NA,NA,NA,NA,0,0,0,1,0,0
2020-03-16,Peru,32626000,Cusco,1357100,NA,NA,NA,NA,0,0,0,1,0,0
2020-03-18,Peru,32626000,Cusco,1357100,NA,NA,NA,NA,0,0,0,1,0,0
2020-03-20,Peru,32626000,Cusco,1357100,NA,NA,NA,NA,0,0,0,4,0,0
2020-03-22,Peru,32626000,Cusco,1357100,NA,NA,NA,NA,0,0,0,4,0,0
2020-03-24,Peru,32626000,Cusco,1357100,NA,NA,NA,NA,0,1,0,6,1,0
2020-03-26,Peru,32626000,Cusco,1357100,NA,NA,NA,NA,0,0,0,10,1,0
2020-03-28,Peru,32626000,Cusco,1357100,NA,NA,NA,NA,1,1,0,11,2,0
2020-03-30,Peru,32626000,Cusco,1357100,NA,NA,NA,NA,8,0,0,25,2,0
2020-04-01,Peru,32626000,Cusco,1357100,NA,NA,NA,NA,8,0,0,34,2,0
2020-04-03,Peru,32626000,Cusco,1357100,NA,NA,NA,NA,6,1,0,44,3,0
2020-04-05,Peru,32626000,Cusco,1357100,NA,NA,NA,NA,4,0,0,52,3,0
2020-04-07,Peru,32626000,Cusco,1357100,NA,NA,NA,NA,0,0,0,54,3,0
2020-04-09,Peru,32626000,Cusco,1357100,NA,NA,NA,NA,1,0,0,55,3,0
2020-04-11,Peru,32626000,Cusco,1357100,NA,NA,NA,NA,1,0,0,58,3,0
2020-04-13,Peru,32626000,Cusco,1357100,NA,NA,NA,NA,0,0,0,59,3,0
2020-04-15,Peru,32626000,Cusco,1357100,NA,NA,NA,NA,2,0,0,108,3,0
2020-04-17,Peru,32626000,Cusco,1357100,NA,NA,NA,NA,3,0,0,112,3,0
2020-04-19,Peru,32626000,Cusco,1357100,NA,NA,NA,NA,7,0,0,130,3,0
2020-04-21,Peru,32626000,Cusco,1357100,NA,NA,NA,NA,2,0,0,132,3,0
2020-04-23,Peru,32626000,Cusco,1357100,NA,NA,NA,NA,11,0,0,158,3,0
2020-04-25,Peru,32626000,Cusco,1357100,NA,NA,NA,NA,14,0,0,174,3,0
2020-04-27,Peru,32626000,Cusco,1357100,NA,NA,NA,NA,14,0,0,196,3,0
2020-04-29,Peru,32626000,Cusco,1357100,NA,NA,NA,NA,1,0,0,203,3,0
2020-05-01,Peru,32626000,Cusco,1357100,NA,NA,NA,NA,9,0,0,221,3,0
2020-05-03,Peru,32626000,Cusco,1357100,NA,NA,NA,NA,9,0,0,230,3,0
2020-05-05,Peru,32626000,Cusco,1357100,NA,NA,NA,NA,15,0,0,249,3,0
2020-05-07,Peru,32626000,Cusco,1357100,NA,NA,NA,NA,22,0,0,280,3,0
2020-05-09,Peru,32626000,Cusco,1357100,NA,NA,NA,NA,38,0,0,366,3,0
2020-05-11,Peru,32626000,Cusco,1357100,NA,NA,NA,NA,3,0,0,410,3,0
2020-05-13,Peru,32626000,Cusco,1357100,NA,NA,NA,NA,54,0,0,496,3,0
2020-05-15,Peru,32626000,Cusco,1357100,NA,NA,NA,NA,80,0,0,603,3,0
2020-05-17,Peru,32626000,Cusco,1357100,NA,NA,NA,NA,26,0,0,635,3,0
2020-05-19,Peru,32626000,Cusco,1357100,NA,NA,NA,NA,9,0,0,635,3,0
2020-05-21,Peru,32626000,Cusco,1357100,NA,NA,NA,NA,70,0,0,724,3,0
2020-05-23,Peru,32626000,Cusco,1357100,NA,NA,NA,NA,27,0,0,793,3,0
2020-05-25,Peru,32626000,Cusco,1357100,NA,NA,NA,NA,0,0,0,854,3,0
2020-05-27,Peru,32626000,Cusco,1357100,NA,NA,NA,NA,3,0,0,899,3,0
2020-05-29,Peru,32626000,Cusco,1357100,NA,NA,NA,NA,0,0,0,916,3,0
2020-05-31,Peru,32626000,Cusco,1357100,NA,NA,NA,NA,47,0,0,1062,3,0
2020-06-02,Peru,32626000,Cusco,1357100,NA,NA,NA,NA,22,0,0,1125,3,0
2020-06-04,Peru,32626000,Cusco,1357100,NA,NA,NA,NA,17,1,0,1174,4,0
2020-06-06,Peru,32626000,Cusco,1357100,NA,NA,NA,NA,17,0,0,1199,4,0
2020-06-08,Peru,32626000,Cusco,1357100,NA,NA,NA,NA,31,1,0,1260,5,0
2020-06-10,Peru,32626000,Cusco,1357100,NA,NA,NA,NA,35,0,0,1309,5,0
2020-06-12,Peru,32626000,Cusco,1357100,NA,NA,NA,NA,24,1,0,1368,6,0
2020-06-14,Peru,32626000,Cusco,1357100,NA,NA,NA,NA,17,2,0,1436,9,0
2020-06-16,Peru,32626000,Cusco,1357100,NA,NA,NA,NA,9,1,0,1458,11,0
2020-06-18,Peru,32626000,Cusco,1357100,NA,NA,NA,NA,25,2,0,1494,13,0
2020-06-20,Peru,32626000,Cusco,1357100,NA,NA,NA,NA,12,0,0,1520,13,0
2020-06-22,Peru,32626000,Cusco,1357100,NA,NA,NA,NA,68,0,0,1629,13,0
2020-06-24,Peru,32626000,Cusco,1357100,NA,NA,NA,NA,25,0,0,1656,13,0
2020-06-26,Peru,32626000,Cusco,1357100,NA,NA,NA,NA,18,3,0,1698,17,0
2020-06-28,Peru,32626000,Cusco,1357100,NA,NA,NA,NA,33,0,0,1760,18,0
2020-06-30,Peru,32626000,Cusco,1357100,NA,NA,NA,NA,21,0,0,1796,19,0
2020-07-02,Peru,32626000,Cusco,1357100,NA,NA,NA,NA,24,0,0,1841,19,0
2020-07-04,Peru,32626000,Cusco,1357100,NA,NA,NA,NA,31,1,0,1906,20,0
2020-07-06,Peru,32626000,Cusco,1357100,NA,NA,NA,NA,51,1,0,1983,22,0
2020-07-08,Peru,32626000,Cusco,1357100,NA,NA,NA,NA,41,1,0,2059,23,0
2020-07-10,Peru,32626000,Cusco,1357100,NA,NA,NA,NA,32,1,0,2125,24,0
2020-07-12,Peru,32626000,Cusco,1357100,NA,NA,NA,NA,68,2,0,2266,26,0
2020-07-14,Peru,32626000,Cusco,1357100,NA,NA,NA,NA,43,0,0,2356,27,0
2020-07-16,Peru,32626000,Cusco,1357100,NA,NA,NA,NA,69,1,0,2536,30,0
2020-07-18,Peru,32626000,Cusco,1357100,NA,NA,NA,NA,24,2,0,2610,37,0
2020-07-20,Peru,32626000,Cusco,1357100,NA,NA,NA,NA,54,1,0,2804,42,0
2020-07-22,Peru,32626000,Cusco,1357100,NA,NA,NA,NA,171,2,0,3010,49,0
2020-07-24,Peru,32626000,Cusco,1357100,NA,NA,NA,NA,110,1,0,3286,66,0
2020-07-26,Peru,32626000,Cusco,1357100,NA,NA,NA,NA,0,0,0,3286,66,0
2020-07-28,Peru,32626000,Cusco,1357100,NA,NA,NA,NA,115,2,0,3923,75,0
2020-07-30,Peru,32626000,Cusco,1357100,NA,NA,NA,NA,123,2,0,4157,82,0
2020-08-01,Peru,32626000,Cusco,1357100,NA,NA,NA,NA,644,14,0,4801,96,0
2020-08-03,Peru,32626000,Cusco,1357100,NA,NA,NA,NA,99,9,0,5073,115,0
2020-08-05,Peru,32626000,Cusco,1357100,NA,NA,NA,NA,319,10,0,5520,129,0
2020-08-07,Peru,32626000,Cusco,1357100,NA,NA,NA,NA,268,8,0,6003,139,0
2020-08-09,Peru,32626000,Cusco,1357100,NA,NA,NA,NA,161,6,0,6548,151,0
2020-08-11,Peru,32626000,Cusco,1357100,NA,NA,NA,NA,145,6,0,7024,158,0
2020-08-13,Peru,32626000,Cusco,1357100,NA,NA,NA,NA,372,26,0,7830,189,0
2020-08-15,Peru,32626000,Cusco,1357100,NA,NA,NA,NA,427,9,0,8619,203,0
2020-02-26,Peru,32626000,Huancavelica,365300,NA,NA,NA,NA,NA,NA,NA,0,0,0
2020-02-28,Peru,32626000,Huancavelica,365300,NA,NA,NA,NA,0,0,0,0,0,0
2020-03-01,Peru,32626000,Huancavelica,365300,NA,NA,NA,NA,0,0,0,0,0,0
2020-03-03,Peru,32626000,Huancavelica,365300,NA,NA,NA,NA,0,0,0,0,0,0
2020-03-05,Peru,32626000,Huancavelica,365300,NA,NA,NA,NA,0,0,0,0,0,0
2020-03-07,Peru,32626000,Huancavelica,365300,NA,NA,NA,NA,0,0,0,0,0,0
2020-03-09,Peru,32626000,Huancavelica,365300,NA,NA,NA,NA,0,0,0,0,0,0
2020-03-11,Peru,32626000,Huancavelica,365300,NA,NA,NA,NA,0,0,0,0,0,0
2020-03-13,Peru,32626000,Huancavelica,365300,NA,NA,NA,NA,0,0,0,0,0,0
2020-03-15,Peru,32626000,Huancavelica,365300,NA,NA,NA,NA,0,0,0,0,0,0
2020-03-17,Peru,32626000,Huancavelica,365300,NA,NA,NA,NA,0,0,0,0,0,0
2020-03-19,Peru,32626000,Huancavelica,365300,NA,NA,NA,NA,0,0,0,0,0,0
2020-03-21,Peru,32626000,Huancavelica,365300,NA,NA,NA,NA,0,0,0,0,0,0
2020-03-23,Peru,32626000,Huancavelica,365300,NA,NA,NA,NA,0,0,0,0,0,0
2020-03-25,Peru,32626000,Huancavelica,365300,NA,NA,NA,NA,0,0,0,0,0,0
2020-03-27,Peru,32626000,Huancavelica,365300,NA,NA,NA,NA,0,0,0,0,0,0
2020-03-29,Peru,32626000,Huancavelica,365300,NA,NA,NA,NA,0,0,0,0,0,0
2020-03-31,Peru,32626000,Huancavelica,365300,NA,NA,NA,NA,0,0,0,0,0,0
2020-04-02,Peru,32626000,Huancavelica,365300,NA,NA,NA,NA,0,0,0,1,0,0
2020-04-04,Peru,32626000,Huancavelica,365300,NA,NA,NA,NA,0,0,0,1,0,0
2020-04-06,Peru,32626000,Huancavelica,365300,NA,NA,NA,NA,1,0,0,2,1,0
2020-04-08,Peru,32626000,Huancavelica,365300,NA,NA,NA,NA,0,0,0,7,1,0
2020-04-10,Peru,32626000,Huancavelica,365300,NA,NA,NA,NA,0,0,0,7,1,0
2020-04-12,Peru,32626000,Huancavelica,365300,NA,NA,NA,NA,2,0,0,9,1,0
2020-04-14,Peru,32626000,Huancavelica,365300,NA,NA,NA,NA,0,0,0,10,1,0
2020-04-16,Peru,32626000,Huancavelica,365300,NA,NA,NA,NA,0,0,0,11,1,0
2020-04-18,Peru,32626000,Huancavelica,365300,NA,NA,NA,NA,1,0,0,18,1,0
2020-04-20,Peru,32626000,Huancavelica,365300,NA,NA,NA,NA,1,0,0,21,1,0
2020-04-22,Peru,32626000,Huancavelica,365300,NA,NA,NA,NA,3,0,0,19,1,0
2020-04-24,Peru,32626000,Huancavelica,365300,NA,NA,NA,NA,2,0,0,23,1,0
2020-04-26,Peru,32626000,Huancavelica,365300,NA,NA,NA,NA,7,0,0,40,1,0
2020-04-28,Peru,32626000,Huancavelica,365300,NA,NA,NA,NA,9,0,0,57,1,0
2020-04-30,Peru,32626000,Huancavelica,365300,NA,NA,NA,NA,13,0,0,88,1,0
2020-05-02,Peru,32626000,Huancavelica,365300,NA,NA,NA,NA,24,0,0,133,1,0
2020-05-04,Peru,32626000,Huancavelica,365300,NA,NA,NA,NA,13,0,0,199,1,0
2020-05-06,Peru,32626000,Huancavelica,365300,NA,NA,NA,NA,0,0,0,181,1,0
2020-05-08,Peru,32626000,Huancavelica,365300,NA,NA,NA,NA,2,0,0,178,1,0
2020-05-10,Peru,32626000,Huancavelica,365300,NA,NA,NA,NA,8,0,0,193,1,0
2020-05-12,Peru,32626000,Huancavelica,365300,NA,NA,NA,NA,3,0,0,203,1,0
2020-05-14,Peru,32626000,Huancavelica,365300,NA,NA,NA,NA,0,0,0,214,1,0
2020-05-16,Peru,32626000,Huancavelica,365300,NA,NA,NA,NA,4,0,0,229,1,0
2020-05-18,Peru,32626000,Huancavelica,365300,NA,NA,NA,NA,8,0,0,242,1,0
2020-05-20,Peru,32626000,Huancavelica,365300,NA,NA,NA,NA,15,0,0,260,1,0
2020-05-22,Peru,32626000,Huancavelica,365300,NA,NA,NA,NA,12,0,0,289,1,0
2020-05-24,Peru,32626000,Huancavelica,365300,NA,NA,NA,NA,39,0,0,345,1,0
2020-05-26,Peru,32626000,Huancavelica,365300,NA,NA,NA,NA,0,0,0,360,1,0
2020-05-28,Peru,32626000,Huancavelica,365300,NA,NA,NA,NA,4,0,0,383,1,0
2020-05-30,Peru,32626000,Huancavelica,365300,NA,NA,NA,NA,23,0,0,430,1,0
2020-06-01,Peru,32626000,Huancavelica,365300,NA,NA,NA,NA,13,0,0,449,1,0
2020-06-03,Peru,32626000,Huancavelica,365300,NA,NA,NA,NA,10,0,0,465,1,0
2020-06-05,Peru,32626000,Huancavelica,365300,NA,NA,NA,NA,20,0,0,507,2,0
2020-06-07,Peru,32626000,Huancavelica,365300,NA,NA,NA,NA,12,2,0,528,4,0
2020-06-09,Peru,32626000,Huancavelica,365300,NA,NA,NA,NA,10,1,0,579,5,0
2020-06-11,Peru,32626000,Huancavelica,365300,NA,NA,NA,NA,10,0,0,612,5,0
2020-06-13,Peru,32626000,Huancavelica,365300,NA,NA,NA,NA,19,0,0,654,5,0
2020-06-15,Peru,32626000,Huancavelica,365300,NA,NA,NA,NA,4,0,0,663,6,0
2020-06-17,Peru,32626000,Huancavelica,365300,NA,NA,NA,NA,72,2,0,751,9,0
2020-06-19,Peru,32626000,Huancavelica,365300,NA,NA,NA,NA,3,0,0,756,9,0
2020-06-21,Peru,32626000,Huancavelica,365300,NA,NA,NA,NA,11,0,0,810,9,0
2020-06-23,Peru,32626000,Huancavelica,365300,NA,NA,NA,NA,3,0,0,822,9,0
2020-06-25,Peru,32626000,Huancavelica,365300,NA,NA,NA,NA,14,0,0,847,10,0
2020-06-27,Peru,32626000,Huancavelica,365300,NA,NA,NA,NA,9,0,0,869,11,0
2020-06-29,Peru,32626000,Huancavelica,365300,NA,NA,NA,NA,9,0,0,890,11,0
2020-07-01,Peru,32626000,Huancavelica,365300,NA,NA,NA,NA,11,1,0,913,12,0
2020-07-03,Peru,32626000,Huancavelica,365300,NA,NA,NA,NA,13,1,0,940,13,0
2020-07-05,Peru,32626000,Huancavelica,365300,NA,NA,NA,NA,8,2,0,958,15,0
2020-07-07,Peru,32626000,Huancavelica,365300,NA,NA,NA,NA,26,2,0,1001,18,0
2020-07-09,Peru,32626000,Huancavelica,365300,NA,NA,NA,NA,26,3,0,1049,22,0
2020-07-11,Peru,32626000,Huancavelica,365300,NA,NA,NA,NA,10,0,0,1067,24,0
2020-07-13,Peru,32626000,Huancavelica,365300,NA,NA,NA,NA,27,0,0,1109,24,0
2020-07-15,Peru,32626000,Huancavelica,365300,NA,NA,NA,NA,19,0,0,1154,24,0
2020-07-17,Peru,32626000,Huancavelica,365300,NA,NA,NA,NA,15,2,0,1176,26,0
2020-07-19,Peru,32626000,Huancavelica,365300,NA,NA,NA,NA,14,0,0,1236,27,0
2020-07-21,Peru,32626000,Huancavelica,365300,NA,NA,NA,NA,59,0,0,1312,28,0
2020-07-23,Peru,32626000,Huancavelica,365300,NA,NA,NA,NA,35,1,0,1351,31,0
2020-07-25,Peru,32626000,Huancavelica,365300,NA,NA,NA,NA,0,0,0,1399,33,0
2020-07-27,Peru,32626000,Huancavelica,365300,NA,NA,NA,NA,96,4,0,1495,37,0
2020-07-29,Peru,32626000,Huancavelica,365300,NA,NA,NA,NA,38,0,0,1551,37,0
2020-07-31,Peru,32626000,Huancavelica,365300,NA,NA,NA,NA,0,0,0,1618,38,0
2020-08-02,Peru,32626000,Huancavelica,365300,NA,NA,NA,NA,91,0,0,1848,38,0
2020-08-04,Peru,32626000,Huancavelica,365300,NA,NA,NA,NA,26,0,0,1921,39,0
2020-08-06,Peru,32626000,Huancavelica,365300,NA,NA,NA,NA,63,0,0,2066,39,0
2020-08-08,Peru,32626000,Huancavelica,365300,NA,NA,NA,NA,97,0,0,2245,41,0
2020-08-10,Peru,32626000,Huancavelica,365300,NA,NA,NA,NA,77,1,0,2436,44,0
2020-08-12,Peru,32626000,Huancavelica,365300,NA,NA,NA,NA,115,1,0,2614,50,0
2020-08-14,Peru,32626000,Huancavelica,365300,NA,NA,NA,NA,109,5,0,2884,57,0
2020-02-25,Peru,32626000,Huanuco,760300,NA,NA,NA,NA,NA,NA,NA,0,0,0
2020-02-27,Peru,32626000,Huanuco,760300,NA,NA,NA,NA,0,0,0,0,0,0
2020-02-29,Peru,32626000,Huanuco,760300,NA,NA,NA,NA,0,0,0,0,0,0
2020-03-02,Peru,32626000,Huanuco,760300,NA,NA,NA,NA,0,0,0,0,0,0
2020-03-04,Peru,32626000,Huanuco,760300,NA,NA,NA,NA,0,0,0,0,0,0
2020-03-06,Peru,32626000,Huanuco,760300,NA,NA,NA,NA,0,0,0,0,0,0
2020-03-08,Peru,32626000,Huanuco,760300,NA,NA,NA,NA,0,0,0,0,0,0
2020-03-10,Peru,32626000,Huanuco,760300,NA,NA,NA,NA,2,0,0,2,0,0
2020-03-12,Peru,32626000,Huanuco,760300,NA,NA,NA,NA,0,0,0,2,0,0
2020-03-14,Peru,32626000,Huanuco,760300,NA,NA,NA,NA,0,0,0,2,0,0
2020-03-16,Peru,32626000,Huanuco,760300,NA,NA,NA,NA,0,0,0,2,0,0
2020-03-18,Peru,32626000,Huanuco,760300,NA,NA,NA,NA,0,0,0,2,0,0
2020-03-20,Peru,32626000,Huanuco,760300,NA,NA,NA,NA,0,0,0,2,0,0
2020-03-22,Peru,32626000,Huanuco,760300,NA,NA,NA,NA,0,0,0,2,0,0
2020-03-24,Peru,32626000,Huanuco,760300,NA,NA,NA,NA,0,0,0,2,0,0
2020-03-26,Peru,32626000,Huanuco,760300,NA,NA,NA,NA,0,0,0,2,0,0
2020-03-28,Peru,32626000,Huanuco,760300,NA,NA,NA,NA,0,0,0,4,0,0
2020-03-30,Peru,32626000,Huanuco,760300,NA,NA,NA,NA,0,0,0,4,0,0
2020-04-01,Peru,32626000,Huanuco,760300,NA,NA,NA,NA,0,0,0,6,0,0
2020-04-03,Peru,32626000,Huanuco,760300,NA,NA,NA,NA,0,0,0,6,0,0
2020-04-05,Peru,32626000,Huanuco,760300,NA,NA,NA,NA,0,0,0,6,0,0
2020-04-07,Peru,32626000,Huanuco,760300,NA,NA,NA,NA,0,0,0,6,0,0
2020-04-09,Peru,32626000,Huanuco,760300,NA,NA,NA,NA,2,0,0,9,0,0
2020-04-11,Peru,32626000,Huanuco,760300,NA,NA,NA,NA,0,0,0,9,0,0
2020-04-13,Peru,32626000,Huanuco,760300,NA,NA,NA,NA,5,0,0,15,0,0
2020-04-15,Peru,32626000,Huanuco,760300,NA,NA,NA,NA,24,0,0,39,0,0
2020-04-17,Peru,32626000,Huanuco,760300,NA,NA,NA,NA,3,0,0,45,0,0
2020-04-19,Peru,32626000,Huanuco,760300,NA,NA,NA,NA,19,0,0,83,0,0
2020-04-21,Peru,32626000,Huanuco,760300,NA,NA,NA,NA,8,0,0,91,0,0
2020-04-23,Peru,32626000,Huanuco,760300,NA,NA,NA,NA,2,0,0,116,0,0
2020-04-25,Peru,32626000,Huanuco,760300,NA,NA,NA,NA,44,0,0,160,1,0
2020-04-27,Peru,32626000,Huanuco,760300,NA,NA,NA,NA,0,0,0,167,1,0
2020-04-29,Peru,32626000,Huanuco,760300,NA,NA,NA,NA,1,0,0,169,1,0
2020-05-01,Peru,32626000,Huanuco,760300,NA,NA,NA,NA,17,0,0,206,1,0
2020-05-03,Peru,32626000,Huanuco,760300,NA,NA,NA,NA,15,0,0,248,1,0
2020-05-05,Peru,32626000,Huanuco,760300,NA,NA,NA,NA,7,1,0,255,2,0
2020-05-07,Peru,32626000,Huanuco,760300,NA,NA,NA,NA,34,0,0,293,7,0
2020-05-09,Peru,32626000,Huanuco,760300,NA,NA,NA,NA,8,0,0,331,7,0
2020-05-11,Peru,32626000,Huanuco,760300,NA,NA,NA,NA,2,0,0,335,7,0
2020-05-13,Peru,32626000,Huanuco,760300,NA,NA,NA,NA,18,0,0,359,7,0
2020-05-15,Peru,32626000,Huanuco,760300,NA,NA,NA,NA,38,0,0,413,7,0
2020-05-17,Peru,32626000,Huanuco,760300,NA,NA,NA,NA,25,0,0,495,7,0
2020-05-19,Peru,32626000,Huanuco,760300,NA,NA,NA,NA,16,0,0,520,7,0
2020-05-21,Peru,32626000,Huanuco,760300,NA,NA,NA,NA,27,0,0,566,7,0
2020-05-23,Peru,32626000,Huanuco,760300,NA,NA,NA,NA,22,0,0,629,7,0
2020-05-25,Peru,32626000,Huanuco,760300,NA,NA,NA,NA,16,0,0,692,7,0
2020-05-27,Peru,32626000,Huanuco,760300,NA,NA,NA,NA,25,0,0,741,7,0
2020-05-29,Peru,32626000,Huanuco,760300,NA,NA,NA,NA,31,1,0,811,10,0
2020-05-31,Peru,32626000,Huanuco,760300,NA,NA,NA,NA,37,2,0,885,12,0
2020-06-02,Peru,32626000,Huanuco,760300,NA,NA,NA,NA,8,0,0,987,13,0
2020-06-04,Peru,32626000,Huanuco,760300,NA,NA,NA,NA,55,0,0,1068,13,0
2020-06-06,Peru,32626000,Huanuco,760300,NA,NA,NA,NA,34,1,0,1154,14,0
2020-06-08,Peru,32626000,Huanuco,760300,NA,NA,NA,NA,7,2,0,1183,18,0
2020-06-10,Peru,32626000,Huanuco,760300,NA,NA,NA,NA,39,1,0,1254,19,0
2020-06-12,Peru,32626000,Huanuco,760300,NA,NA,NA,NA,76,2,0,1363,24,0
2020-06-14,Peru,32626000,Huanuco,760300,NA,NA,NA,NA,61,1,0,1494,28,0
2020-06-16,Peru,32626000,Huanuco,760300,NA,NA,NA,NA,66,1,0,1593,31,0
2020-06-18,Peru,32626000,Huanuco,760300,NA,NA,NA,NA,43,1,0,1657,36,0
2020-06-20,Peru,32626000,Huanuco,760300,NA,NA,NA,NA,52,2,0,1770,40,0
2020-06-22,Peru,32626000,Huanuco,760300,NA,NA,NA,NA,72,3,0,1890,43,0
2020-06-24,Peru,32626000,Huanuco,760300,NA,NA,NA,NA,43,1,0,1957,47,0
2020-06-26,Peru,32626000,Huanuco,760300,NA,NA,NA,NA,91,2,0,2089,52,0
2020-06-28,Peru,32626000,Huanuco,760300,NA,NA,NA,NA,87,1,0,2215,57,0
2020-06-30,Peru,32626000,Huanuco,760300,NA,NA,NA,NA,64,6,0,2363,64,0
2020-07-02,Peru,32626000,Huanuco,760300,NA,NA,NA,NA,94,5,0,2560,69,0
2020-07-04,Peru,32626000,Huanuco,760300,NA,NA,NA,NA,65,3,0,2693,75,0
2020-07-06,Peru,32626000,Huanuco,760300,NA,NA,NA,NA,52,3,0,2952,83,0
2020-07-08,Peru,32626000,Huanuco,760300,NA,NA,NA,NA,200,3,0,3272,89,0
2020-07-10,Peru,32626000,Huanuco,760300,NA,NA,NA,NA,132,2,0,3493,93,0
2020-07-12,Peru,32626000,Huanuco,760300,NA,NA,NA,NA,176,2,0,3736,98,0
2020-07-14,Peru,32626000,Huanuco,760300,NA,NA,NA,NA,162,6,0,4128,112,0
2020-07-16,Peru,32626000,Huanuco,760300,NA,NA,NA,NA,98,5,0,4405,122,0
2020-07-18,Peru,32626000,Huanuco,760300,NA,NA,NA,NA,157,3,0,4657,130,0
2020-07-20,Peru,32626000,Huanuco,760300,NA,NA,NA,NA,150,2,0,4956,136,0
2020-07-22,Peru,32626000,Huanuco,760300,NA,NA,NA,NA,112,5,0,5220,143,0
2020-07-24,Peru,32626000,Huanuco,760300,NA,NA,NA,NA,111,5,0,5390,182,0
2020-07-26,Peru,32626000,Huanuco,760300,NA,NA,NA,NA,0,0,0,5390,182,0
2020-07-28,Peru,32626000,Huanuco,760300,NA,NA,NA,NA,38,0,0,5756,191,0
2020-07-30,Peru,32626000,Huanuco,760300,NA,NA,NA,NA,123,1,0,6092,192,0
2020-08-01,Peru,32626000,Huanuco,760300,NA,NA,NA,NA,334,3,0,6426,195,0
2020-08-03,Peru,32626000,Huanuco,760300,NA,NA,NA,NA,125,1,0,6881,198,0
2020-08-05,Peru,32626000,Huanuco,760300,NA,NA,NA,NA,170,5,0,7254,210,0
2020-08-07,Peru,32626000,Huanuco,760300,NA,NA,NA,NA,230,2,0,7653,213,0
2020-08-09,Peru,32626000,Huanuco,760300,NA,NA,NA,NA,179,3,0,8040,222,0
2020-08-11,Peru,32626000,Huanuco,760300,NA,NA,NA,NA,139,3,0,8329,227,0
2020-08-13,Peru,32626000,Huanuco,760300,NA,NA,NA,NA,159,57,0,8716,284,0
2020-08-15,Peru,32626000,Huanuco,760300,NA,NA,NA,NA,217,7,0,9121,292,0
2020-02-26,Peru,32626000,Ica,975200,NA,NA,NA,NA,NA,NA,NA,0,0,0
2020-02-28,Peru,32626000,Ica,975200,NA,NA,NA,NA,0,0,0,0,0,0
2020-03-01,Peru,32626000,Ica,975200,NA,NA,NA,NA,0,0,0,0,0,0
2020-03-03,Peru,32626000,Ica,975200,NA,NA,NA,NA,0,0,0,0,0,0
2020-03-05,Peru,32626000,Ica,975200,NA,NA,NA,NA,0,0,0,0,0,0
2020-03-07,Peru,32626000,Ica,975200,NA,NA,NA,NA,0,0,0,0,0,0
2020-03-09,Peru,32626000,Ica,975200,NA,NA,NA,NA,0,0,0,0,0,0
2020-03-11,Peru,32626000,Ica,975200,NA,NA,NA,NA,1,0,0,1,0,0
2020-03-13,Peru,32626000,Ica,975200,NA,NA,NA,NA,0,0,0,1,0,0
2020-03-15,Peru,32626000,Ica,975200,NA,NA,NA,NA,0,0,0,1,0,0
2020-03-17,Peru,32626000,Ica,975200,NA,NA,NA,NA,0,0,0,1,0,0
2020-03-19,Peru,32626000,Ica,975200,NA,NA,NA,NA,0,0,0,1,0,0
2020-03-21,Peru,32626000,Ica,975200,NA,NA,NA,NA,0,0,0,1,0,0
2020-03-23,Peru,32626000,Ica,975200,NA,NA,NA,NA,1,0,0,2,0,0
2020-03-25,Peru,32626000,Ica,975200,NA,NA,NA,NA,0,0,0,2,0,0
2020-03-27,Peru,32626000,Ica,975200,NA,NA,NA,NA,0,0,0,3,0,0
2020-03-29,Peru,32626000,Ica,975200,NA,NA,NA,NA,1,0,0,5,0,0
2020-03-31,Peru,32626000,Ica,975200,NA,NA,NA,NA,0,0,0,5,0,0
2020-04-02,Peru,32626000,Ica,975200,NA,NA,NA,NA,0,0,0,8,0,0
2020-04-04,Peru,32626000,Ica,975200,NA,NA,NA,NA,1,1,0,9,1,0
2020-04-06,Peru,32626000,Ica,975200,NA,NA,NA,NA,4,0,0,18,1,0
2020-04-08,Peru,32626000,Ica,975200,NA,NA,NA,NA,4,1,0,28,3,0
2020-04-10,Peru,32626000,Ica,975200,NA,NA,NA,NA,3,0,0,37,2,0
2020-04-12,Peru,32626000,Ica,975200,NA,NA,NA,NA,11,0,0,58,2,0
2020-04-14,Peru,32626000,Ica,975200,NA,NA,NA,NA,18,0,0,76,2,0
2020-04-16,Peru,32626000,Ica,975200,NA,NA,NA,NA,5,0,0,106,2,0
2020-04-18,Peru,32626000,Ica,975200,NA,NA,NA,NA,5,4,0,124,6,0
2020-04-20,Peru,32626000,Ica,975200,NA,NA,NA,NA,4,0,0,145,6,0
2020-04-22,Peru,32626000,Ica,975200,NA,NA,NA,NA,18,0,0,213,6,0
2020-04-24,Peru,32626000,Ica,975200,NA,NA,NA,NA,10,0,0,258,6,0
2020-04-26,Peru,32626000,Ica,975200,NA,NA,NA,NA,16,0,0,284,6,0
2020-04-28,Peru,32626000,Ica,975200,NA,NA,NA,NA,14,22,0,353,28,0
2020-04-30,Peru,32626000,Ica,975200,NA,NA,NA,NA,149,0,0,550,28,0
2020-05-02,Peru,32626000,Ica,975200,NA,NA,NA,NA,4,0,0,584,41,0
2020-05-04,Peru,32626000,Ica,975200,NA,NA,NA,NA,12,0,0,688,41,0
2020-05-06,Peru,32626000,Ica,975200,NA,NA,NA,NA,10,0,0,708,41,0
2020-05-08,Peru,32626000,Ica,975200,NA,NA,NA,NA,24,0,0,884,41,0
2020-05-10,Peru,32626000,Ica,975200,NA,NA,NA,NA,73,0,0,1003,41,0
2020-05-12,Peru,32626000,Ica,975200,NA,NA,NA,NA,113,24,0,1132,82,0
2020-05-14,Peru,32626000,Ica,975200,NA,NA,NA,NA,37,13,0,1269,95,0
2020-05-16,Peru,32626000,Ica,975200,NA,NA,NA,NA,66,0,0,1412,95,0
2020-05-18,Peru,32626000,Ica,975200,NA,NA,NA,NA,63,7,0,1540,102,0
2020-05-20,Peru,32626000,Ica,975200,NA,NA,NA,NA,100,22,0,1769,124,0
2020-05-22,Peru,32626000,Ica,975200,NA,NA,NA,NA,36,13,0,1941,137,0
2020-05-24,Peru,32626000,Ica,975200,NA,NA,NA,NA,290,18,0,2153,169,0
2020-05-26,Peru,32626000,Ica,975200,NA,NA,NA,NA,244,0,0,2363,199,0
2020-05-28,Peru,32626000,Ica,975200,NA,NA,NA,NA,186,3,0,2662,222,0
2020-05-30,Peru,32626000,Ica,975200,NA,NA,NA,NA,98,11,0,2789,239,0
2020-06-01,Peru,32626000,Ica,975200,NA,NA,NA,NA,116,8,0,3450,252,0
2020-06-03,Peru,32626000,Ica,975200,NA,NA,NA,NA,315,3,0,3851,261,0
2020-06-05,Peru,32626000,Ica,975200,NA,NA,NA,NA,101,5,0,4020,277,0
2020-06-07,Peru,32626000,Ica,975200,NA,NA,NA,NA,143,9,0,4330,290,0
2020-06-09,Peru,32626000,Ica,975200,NA,NA,NA,NA,155,6,0,4530,298,0
2020-06-11,Peru,32626000,Ica,975200,NA,NA,NA,NA,180,11,0,4893,317,0
2020-06-13,Peru,32626000,Ica,975200,NA,NA,NA,NA,244,7,0,5345,335,0
2020-06-15,Peru,32626000,Ica,975200,NA,NA,NA,NA,78,7,0,5534,353,0
2020-06-17,Peru,32626000,Ica,975200,NA,NA,NA,NA,92,16,0,5745,372,0
2020-06-19,Peru,32626000,Ica,975200,NA,NA,NA,NA,103,8,0,5968,391,0
2020-06-21,Peru,32626000,Ica,975200,NA,NA,NA,NA,128,11,0,6176,409,0
2020-06-23,Peru,32626000,Ica,975200,NA,NA,NA,NA,144,5,0,6397,430,0
2020-06-25,Peru,32626000,Ica,975200,NA,NA,NA,NA,138,9,0,6723,442,0
2020-06-27,Peru,32626000,Ica,975200,NA,NA,NA,NA,130,7,0,6981,456,0
2020-06-29,Peru,32626000,Ica,975200,NA,NA,NA,NA,286,6,0,7407,470,0
2020-07-01,Peru,32626000,Ica,975200,NA,NA,NA,NA,139,10,0,7727,486,0
2020-07-03,Peru,32626000,Ica,975200,NA,NA,NA,NA,222,5,0,8072,502,0
2020-07-05,Peru,32626000,Ica,975200,NA,NA,NA,NA,119,14,0,8314,527,0
2020-07-07,Peru,32626000,Ica,975200,NA,NA,NA,NA,197,11,0,8704,547,0
2020-07-09,Peru,32626000,Ica,975200,NA,NA,NA,NA,214,7,0,8997,568,0
2020-07-11,Peru,32626000,Ica,975200,NA,NA,NA,NA,65,14,0,9205,594,0
2020-07-13,Peru,32626000,Ica,975200,NA,NA,NA,NA,92,12,0,9386,621,0
2020-07-15,Peru,32626000,Ica,975200,NA,NA,NA,NA,87,13,0,9674,644,0
2020-07-17,Peru,32626000,Ica,975200,NA,NA,NA,NA,56,10,0,9795,662,0
2020-07-19,Peru,32626000,Ica,975200,NA,NA,NA,NA,35,5,0,9980,678,0
2020-07-21,Peru,32626000,Ica,975200,NA,NA,NA,NA,163,9,0,10223,696,0
2020-07-23,Peru,32626000,Ica,975200,NA,NA,NA,NA,124,60,0,10437,764,0
2020-07-25,Peru,32626000,Ica,975200,NA,NA,NA,NA,0,0,0,10572,774,0
2020-07-27,Peru,32626000,Ica,975200,NA,NA,NA,NA,355,14,0,10927,788,0
2020-07-29,Peru,32626000,Ica,975200,NA,NA,NA,NA,449,6,0,11541,804,0
2020-07-31,Peru,32626000,Ica,975200,NA,NA,NA,NA,0,0,0,12213,813,0
2020-08-02,Peru,32626000,Ica,975200,NA,NA,NA,NA,377,10,0,13088,866,0
2020-08-04,Peru,32626000,Ica,975200,NA,NA,NA,NA,266,41,0,13615,918,0
2020-08-06,Peru,32626000,Ica,975200,NA,NA,NA,NA,255,12,0,14149,941,0
2020-08-08,Peru,32626000,Ica,975200,NA,NA,NA,NA,247,25,0,14653,976,0
2020-08-10,Peru,32626000,Ica,975200,NA,NA,NA,NA,109,6,0,14906,989,0
2020-08-12,Peru,32626000,Ica,975200,NA,NA,NA,NA,282,6,0,15528,1006,0
2020-08-14,Peru,32626000,Ica,975200,NA,NA,NA,NA,293,1,0,16150,1348,0
2020-02-25,Peru,32626000,Junin,1361500,NA,NA,NA,NA,NA,NA,NA,0,0,0
2020-02-27,Peru,32626000,Junin,1361500,NA,NA,NA,NA,0,0,0,0,0,0
2020-02-29,Peru,32626000,Junin,1361500,NA,NA,NA,NA,0,0,0,0,0,0
2020-03-02,Peru,32626000,Junin,1361500,NA,NA,NA,NA,0,0,0,0,0,0
2020-03-04,Peru,32626000,Junin,1361500,NA,NA,NA,NA,0,0,0,0,0,0
2020-03-06,Peru,32626000,Junin,1361500,NA,NA,NA,NA,0,0,0,0,0,0
2020-03-08,Peru,32626000,Junin,1361500,NA,NA,NA,NA,0,0,0,0,0,0
2020-03-10,Peru,32626000,Junin,1361500,NA,NA,NA,NA,0,0,0,0,0,0
2020-03-12,Peru,32626000,Junin,1361500,NA,NA,NA,NA,0,0,0,0,0,0
2020-03-14,Peru,32626000,Junin,1361500,NA,NA,NA,NA,0,0,0,0,0,0
2020-03-16,Peru,32626000,Junin,1361500,NA,NA,NA,NA,0,0,0,0,0,0
2020-03-18,Peru,32626000,Junin,1361500,NA,NA,NA,NA,0,0,0,0,0,0
2020-03-20,Peru,32626000,Junin,1361500,NA,NA,NA,NA,9,0,0,9,0,0
2020-03-22,Peru,32626000,Junin,1361500,NA,NA,NA,NA,0,0,0,10,0,0
2020-03-24,Peru,32626000,Junin,1361500,NA,NA,NA,NA,0,0,0,10,0,0
2020-03-26,Peru,32626000,Junin,1361500,NA,NA,NA,NA,0,0,0,11,0,0
2020-03-28,Peru,32626000,Junin,1361500,NA,NA,NA,NA,0,0,0,12,0,0
2020-03-30,Peru,32626000,Junin,1361500,NA,NA,NA,NA,0,0,0,13,0,0
2020-04-01,Peru,32626000,Junin,1361500,NA,NA,NA,NA,0,0,0,17,0,0
2020-04-03,Peru,32626000,Junin,1361500,NA,NA,NA,NA,2,0,0,19,1,0
2020-04-05,Peru,32626000,Junin,1361500,NA,NA,NA,NA,0,0,0,25,1,0
2020-04-07,Peru,32626000,Junin,1361500,NA,NA,NA,NA,0,0,0,28,1,0
2020-04-09,Peru,32626000,Junin,1361500,NA,NA,NA,NA,0,0,0,42,1,0
2020-04-11,Peru,32626000,Junin,1361500,NA,NA,NA,NA,2,0,0,58,1,0
2020-04-13,Peru,32626000,Junin,1361500,NA,NA,NA,NA,4,0,0,68,1,0
2020-04-15,Peru,32626000,Junin,1361500,NA,NA,NA,NA,11,0,0,79,1,0
2020-04-17,Peru,32626000,Junin,1361500,NA,NA,NA,NA,22,0,0,101,1,0
2020-04-19,Peru,32626000,Junin,1361500,NA,NA,NA,NA,20,0,0,150,1,0
2020-04-21,Peru,32626000,Junin,1361500,NA,NA,NA,NA,23,0,0,178,1,0
2020-04-23,Peru,32626000,Junin,1361500,NA,NA,NA,NA,0,0,0,206,1,0
2020-04-25,Peru,32626000,Junin,1361500,NA,NA,NA,NA,38,0,0,257,4,0
2020-04-27,Peru,32626000,Junin,1361500,NA,NA,NA,NA,6,0,0,290,4,0
2020-04-29,Peru,32626000,Junin,1361500,NA,NA,NA,NA,42,0,0,373,4,0
2020-05-01,Peru,32626000,Junin,1361500,NA,NA,NA,NA,42,0,0,436,4,0
2020-05-03,Peru,32626000,Junin,1361500,NA,NA,NA,NA,55,0,0,506,7,0
2020-05-05,Peru,32626000,Junin,1361500,NA,NA,NA,NA,63,0,0,587,7,0
2020-05-07,Peru,32626000,Junin,1361500,NA,NA,NA,NA,23,0,0,655,14,0
2020-05-09,Peru,32626000,Junin,1361500,NA,NA,NA,NA,75,0,0,764,14,0
2020-05-11,Peru,32626000,Junin,1361500,NA,NA,NA,NA,41,0,0,839,14,0
2020-05-13,Peru,32626000,Junin,1361500,NA,NA,NA,NA,35,0,0,890,14,0
2020-05-15,Peru,32626000,Junin,1361500,NA,NA,NA,NA,59,0,0,1013,14,0
2020-05-17,Peru,32626000,Junin,1361500,NA,NA,NA,NA,52,0,0,1098,14,0
2020-05-19,Peru,32626000,Junin,1361500,NA,NA,NA,NA,17,0,0,1166,14,0
2020-05-21,Peru,32626000,Junin,1361500,NA,NA,NA,NA,66,0,0,1289,14,0
2020-05-23,Peru,32626000,Junin,1361500,NA,NA,NA,NA,39,0,0,1375,14,0
2020-05-25,Peru,32626000,Junin,1361500,NA,NA,NA,NA,32,0,0,1470,14,0
2020-05-27,Peru,32626000,Junin,1361500,NA,NA,NA,NA,57,0,0,1578,14,0
2020-05-29,Peru,32626000,Junin,1361500,NA,NA,NA,NA,80,1,0,1755,17,0
2020-05-31,Peru,32626000,Junin,1361500,NA,NA,NA,NA,32,0,0,1848,19,0
2020-06-02,Peru,32626000,Junin,1361500,NA,NA,NA,NA,55,1,0,1951,20,0
2020-06-04,Peru,32626000,Junin,1361500,NA,NA,NA,NA,82,0,0,2089,20,0
2020-06-06,Peru,32626000,Junin,1361500,NA,NA,NA,NA,21,1,0,2114,22,0
2020-06-08,Peru,32626000,Junin,1361500,NA,NA,NA,NA,36,1,0,2194,25,0
2020-06-10,Peru,32626000,Junin,1361500,NA,NA,NA,NA,49,1,0,2298,29,0
2020-06-12,Peru,32626000,Junin,1361500,NA,NA,NA,NA,90,3,0,2483,37,0
2020-06-14,Peru,32626000,Junin,1361500,NA,NA,NA,NA,81,6,0,2626,43,0
2020-06-16,Peru,32626000,Junin,1361500,NA,NA,NA,NA,46,0,0,2726,46,0
2020-06-18,Peru,32626000,Junin,1361500,NA,NA,NA,NA,98,2,0,2869,52,0
2020-06-20,Peru,32626000,Junin,1361500,NA,NA,NA,NA,56,21,0,3000,106,0
2020-06-22,Peru,32626000,Junin,1361500,NA,NA,NA,NA,39,1,0,3156,108,0
2020-06-24,Peru,32626000,Junin,1361500,NA,NA,NA,NA,73,4,0,3403,116,0
2020-06-26,Peru,32626000,Junin,1361500,NA,NA,NA,NA,88,4,0,3558,124,0
2020-06-28,Peru,32626000,Junin,1361500,NA,NA,NA,NA,88,5,0,3721,133,0
2020-06-30,Peru,32626000,Junin,1361500,NA,NA,NA,NA,108,3,0,3929,138,0
2020-07-02,Peru,32626000,Junin,1361500,NA,NA,NA,NA,62,6,0,4058,146,0
2020-07-04,Peru,32626000,Junin,1361500,NA,NA,NA,NA,89,6,0,4216,156,0
2020-07-06,Peru,32626000,Junin,1361500,NA,NA,NA,NA,171,5,0,4463,167,0
2020-07-08,Peru,32626000,Junin,1361500,NA,NA,NA,NA,145,10,0,4725,189,0
2020-07-10,Peru,32626000,Junin,1361500,NA,NA,NA,NA,69,7,0,4890,198,0
2020-07-12,Peru,32626000,Junin,1361500,NA,NA,NA,NA,189,9,0,5143,213,0
2020-07-14,Peru,32626000,Junin,1361500,NA,NA,NA,NA,67,8,0,5393,229,0
2020-07-16,Peru,32626000,Junin,1361500,NA,NA,NA,NA,60,8,0,5584,249,0
2020-07-18,Peru,32626000,Junin,1361500,NA,NA,NA,NA,65,14,0,5772,274,0
2020-07-20,Peru,32626000,Junin,1361500,NA,NA,NA,NA,166,4,0,6041,289,0
2020-07-22,Peru,32626000,Junin,1361500,NA,NA,NA,NA,98,7,0,6270,302,0
2020-07-24,Peru,32626000,Junin,1361500,NA,NA,NA,NA,145,9,0,6511,360,0
2020-07-26,Peru,32626000,Junin,1361500,NA,NA,NA,NA,0,0,0,6511,360,0
2020-07-28,Peru,32626000,Junin,1361500,NA,NA,NA,NA,158,6,0,7105,390,0
2020-07-30,Peru,32626000,Junin,1361500,NA,NA,NA,NA,250,6,0,7526,408,0
2020-08-01,Peru,32626000,Junin,1361500,NA,NA,NA,NA,466,12,0,7992,420,0
2020-08-03,Peru,32626000,Junin,1361500,NA,NA,NA,NA,160,7,0,8281,439,0
2020-08-05,Peru,32626000,Junin,1361500,NA,NA,NA,NA,176,10,0,8637,455,0
2020-08-07,Peru,32626000,Junin,1361500,NA,NA,NA,NA,318,3,0,9171,466,0
2020-08-09,Peru,32626000,Junin,1361500,NA,NA,NA,NA,152,15,0,9563,488,0
2020-08-11,Peru,32626000,Junin,1361500,NA,NA,NA,NA,219,8,0,9942,504,0
2020-08-13,Peru,32626000,Junin,1361500,NA,NA,NA,NA,274,24,0,10439,534,0
2020-08-15,Peru,32626000,Junin,1361500,NA,NA,NA,NA,433,8,0,11090,549,0
2020-02-26,Peru,32626000,La Libertad,2016800,NA,NA,NA,NA,NA,NA,NA,0,0,0
2020-02-28,Peru,32626000,La Libertad,2016800,NA,NA,NA,NA,0,0,0,0,0,0
2020-03-01,Peru,32626000,La Libertad,2016800,NA,NA,NA,NA,0,0,0,0,0,0
2020-03-03,Peru,32626000,La Libertad,2016800,NA,NA,NA,NA,0,0,0,0,0,0
2020-03-05,Peru,32626000,La Libertad,2016800,NA,NA,NA,NA,0,0,0,0,0,0
2020-03-07,Peru,32626000,La Libertad,2016800,NA,NA,NA,NA,0,0,0,0,0,0
2020-03-09,Peru,32626000,La Libertad,2016800,NA,NA,NA,NA,0,0,0,0,0,0
2020-03-11,Peru,32626000,La Libertad,2016800,NA,NA,NA,NA,0,0,0,0,0,0
2020-03-13,Peru,32626000,La Libertad,2016800,NA,NA,NA,NA,0,0,0,0,0,0
2020-03-15,Peru,32626000,La Libertad,2016800,NA,NA,NA,NA,1,0,0,1,0,0
2020-03-17,Peru,32626000,La Libertad,2016800,NA,NA,NA,NA,0,0,0,1,0,0
2020-03-19,Peru,32626000,La Libertad,2016800,NA,NA,NA,NA,0,0,0,2,0,0
2020-03-21,Peru,32626000,La Libertad,2016800,NA,NA,NA,NA,3,0,0,5,0,0
2020-03-23,Peru,32626000,La Libertad,2016800,NA,NA,NA,NA,0,0,0,4,0,0
2020-03-25,Peru,32626000,La Libertad,2016800,NA,NA,NA,NA,1,0,0,6,1,0
2020-03-27,Peru,32626000,La Libertad,2016800,NA,NA,NA,NA,0,1,0,9,2,0
2020-03-29,Peru,32626000,La Libertad,2016800,NA,NA,NA,NA,3,0,0,13,2,0
2020-03-31,Peru,32626000,La Libertad,2016800,NA,NA,NA,NA,4,0,0,19,2,0
2020-04-02,Peru,32626000,La Libertad,2016800,NA,NA,NA,NA,2,0,0,34,3,0
2020-04-04,Peru,32626000,La Libertad,2016800,NA,NA,NA,NA,6,0,0,50,4,0
2020-04-06,Peru,32626000,La Libertad,2016800,NA,NA,NA,NA,6,1,0,56,5,0
2020-04-08,Peru,32626000,La Libertad,2016800,NA,NA,NA,NA,24,0,0,82,5,0
2020-04-10,Peru,32626000,La Libertad,2016800,NA,NA,NA,NA,5,0,0,101,6,0
2020-04-12,Peru,32626000,La Libertad,2016800,NA,NA,NA,NA,2,0,0,110,6,0
2020-04-14,Peru,32626000,La Libertad,2016800,NA,NA,NA,NA,51,1,0,166,7,0
2020-04-16,Peru,32626000,La Libertad,2016800,NA,NA,NA,NA,9,2,0,193,9,0
2020-04-18,Peru,32626000,La Libertad,2016800,NA,NA,NA,NA,17,0,0,211,16,0
2020-04-20,Peru,32626000,La Libertad,2016800,NA,NA,NA,NA,21,0,0,253,17,0
2020-04-22,Peru,32626000,La Libertad,2016800,NA,NA,NA,NA,15,0,0,318,17,0
2020-04-24,Peru,32626000,La Libertad,2016800,NA,NA,NA,NA,19,6,0,410,23,0
2020-04-26,Peru,32626000,La Libertad,2016800,NA,NA,NA,NA,22,0,0,503,23,0
2020-04-28,Peru,32626000,La Libertad,2016800,NA,NA,NA,NA,32,0,0,585,23,0
2020-04-30,Peru,32626000,La Libertad,2016800,NA,NA,NA,NA,53,0,0,668,23,0
2020-05-02,Peru,32626000,La Libertad,2016800,NA,NA,NA,NA,78,0,0,798,23,0
2020-05-04,Peru,32626000,La Libertad,2016800,NA,NA,NA,NA,86,0,0,965,23,0
2020-05-06,Peru,32626000,La Libertad,2016800,NA,NA,NA,NA,57,0,0,1119,46,0
2020-05-08,Peru,32626000,La Libertad,2016800,NA,NA,NA,NA,69,0,0,1275,66,0
2020-05-10,Peru,32626000,La Libertad,2016800,NA,NA,NA,NA,55,0,0,1449,66,0
2020-05-12,Peru,32626000,La Libertad,2016800,NA,NA,NA,NA,96,0,0,1566,66,0
2020-05-14,Peru,32626000,La Libertad,2016800,NA,NA,NA,NA,88,0,0,1711,66,0
2020-05-16,Peru,32626000,La Libertad,2016800,NA,NA,NA,NA,181,0,0,2015,66,0
2020-05-18,Peru,32626000,La Libertad,2016800,NA,NA,NA,NA,202,0,0,2324,66,0
2020-05-20,Peru,32626000,La Libertad,2016800,NA,NA,NA,NA,69,0,0,2447,93,0
2020-05-22,Peru,32626000,La Libertad,2016800,NA,NA,NA,NA,140,0,0,2682,93,0
2020-05-24,Peru,32626000,La Libertad,2016800,NA,NA,NA,NA,230,0,0,3023,93,0
2020-05-26,Peru,32626000,La Libertad,2016800,NA,NA,NA,NA,131,70,0,3309,163,0
2020-05-28,Peru,32626000,La Libertad,2016800,NA,NA,NA,NA,295,5,0,3818,174,0
2020-05-30,Peru,32626000,La Libertad,2016800,NA,NA,NA,NA,182,5,0,3998,184,0
2020-06-01,Peru,32626000,La Libertad,2016800,NA,NA,NA,NA,238,8,0,4898,199,0
2020-06-03,Peru,32626000,La Libertad,2016800,NA,NA,NA,NA,237,7,0,5351,212,0
2020-06-05,Peru,32626000,La Libertad,2016800,NA,NA,NA,NA,91,3,0,5483,223,0
2020-06-07,Peru,32626000,La Libertad,2016800,NA,NA,NA,NA,171,9,0,5841,244,0
2020-06-09,Peru,32626000,La Libertad,2016800,NA,NA,NA,NA,166,10,0,6082,262,0
2020-06-11,Peru,32626000,La Libertad,2016800,NA,NA,NA,NA,331,13,0,6642,286,0
2020-06-13,Peru,32626000,La Libertad,2016800,NA,NA,NA,NA,196,14,0,7026,317,0
2020-06-15,Peru,32626000,La Libertad,2016800,NA,NA,NA,NA,152,16,0,7391,348,0
2020-06-17,Peru,32626000,La Libertad,2016800,NA,NA,NA,NA,135,19,0,7714,384,0
2020-06-19,Peru,32626000,La Libertad,2016800,NA,NA,NA,NA,221,14,0,8060,414,0
2020-06-21,Peru,32626000,La Libertad,2016800,NA,NA,NA,NA,196,10,0,8381,441,0
2020-06-23,Peru,32626000,La Libertad,2016800,NA,NA,NA,NA,133,19,0,8658,481,0
2020-06-25,Peru,32626000,La Libertad,2016800,NA,NA,NA,NA,241,19,0,9090,515,0
2020-06-27,Peru,32626000,La Libertad,2016800,NA,NA,NA,NA,183,10,0,9490,538,0
2020-06-29,Peru,32626000,La Libertad,2016800,NA,NA,NA,NA,164,15,0,9856,568,0
2020-07-01,Peru,32626000,La Libertad,2016800,NA,NA,NA,NA,186,13,0,10148,598,0
2020-07-03,Peru,32626000,La Libertad,2016800,NA,NA,NA,NA,176,17,0,10509,632,0
2020-07-05,Peru,32626000,La Libertad,2016800,NA,NA,NA,NA,229,24,0,10956,675,0
2020-07-07,Peru,32626000,La Libertad,2016800,NA,NA,NA,NA,121,17,0,11171,707,0
2020-07-09,Peru,32626000,La Libertad,2016800,NA,NA,NA,NA,158,13,0,11494,738,0
2020-07-11,Peru,32626000,La Libertad,2016800,NA,NA,NA,NA,145,14,0,11774,759,0
2020-07-13,Peru,32626000,La Libertad,2016800,NA,NA,NA,NA,164,15,0,12128,788,0
2020-07-15,Peru,32626000,La Libertad,2016800,NA,NA,NA,NA,89,16,0,12430,827,0
2020-07-17,Peru,32626000,La Libertad,2016800,NA,NA,NA,NA,117,13,0,12743,854,0
2020-07-19,Peru,32626000,La Libertad,2016800,NA,NA,NA,NA,186,10,0,13074,876,0
2020-07-21,Peru,32626000,La Libertad,2016800,NA,NA,NA,NA,152,27,0,13355,917,0
2020-07-23,Peru,32626000,La Libertad,2016800,NA,NA,NA,NA,141,309,0,13664,1248,0
2020-07-25,Peru,32626000,La Libertad,2016800,NA,NA,NA,NA,0,0,0,13897,1262,0
2020-07-27,Peru,32626000,La Libertad,2016800,NA,NA,NA,NA,480,32,0,14377,1294,0
2020-07-29,Peru,32626000,La Libertad,2016800,NA,NA,NA,NA,172,7,0,14722,1327,0
2020-07-31,Peru,32626000,La Libertad,2016800,NA,NA,NA,NA,0,0,0,14936,1331,0
2020-08-02,Peru,32626000,La Libertad,2016800,NA,NA,NA,NA,283,8,0,15764,1363,0
2020-08-04,Peru,32626000,La Libertad,2016800,NA,NA,NA,NA,186,6,0,16089,1379,0
2020-08-06,Peru,32626000,La Libertad,2016800,NA,NA,NA,NA,213,6,0,16605,1397,0
2020-08-08,Peru,32626000,La Libertad,2016800,NA,NA,NA,NA,277,4,0,17158,1416,0
2020-08-10,Peru,32626000,La Libertad,2016800,NA,NA,NA,NA,228,8,0,17669,1432,0
2020-08-12,Peru,32626000,La Libertad,2016800,NA,NA,NA,NA,273,10,0,18165,1457,0
2020-08-14,Peru,32626000,La Libertad,2016800,NA,NA,NA,NA,241,9,0,18691,1923,0
2020-02-25,Peru,32626000,Lambayeque,1310800,NA,NA,NA,NA,NA,NA,NA,0,0,0
2020-02-27,Peru,32626000,Lambayeque,1310800,NA,NA,NA,NA,0,0,0,0,0,0
2020-02-29,Peru,32626000,Lambayeque,1310800,NA,NA,NA,NA,0,0,0,0,0,0
2020-03-02,Peru,32626000,Lambayeque,1310800,NA,NA,NA,NA,0,0,0,0,0,0
2020-03-04,Peru,32626000,Lambayeque,1310800,NA,NA,NA,NA,0,0,0,0,0,0
2020-03-06,Peru,32626000,Lambayeque,1310800,NA,NA,NA,NA,0,0,0,0,0,0
2020-03-08,Peru,32626000,Lambayeque,1310800,NA,NA,NA,NA,0,0,0,0,0,0
2020-03-10,Peru,32626000,Lambayeque,1310800,NA,NA,NA,NA,0,0,0,0,0,0
2020-03-12,Peru,32626000,Lambayeque,1310800,NA,NA,NA,NA,0,0,0,0,0,0
2020-03-14,Peru,32626000,Lambayeque,1310800,NA,NA,NA,NA,0,0,0,0,0,0
2020-03-16,Peru,32626000,Lambayeque,1310800,NA,NA,NA,NA,2,0,0,3,0,0
2020-03-18,Peru,32626000,Lambayeque,1310800,NA,NA,NA,NA,0,0,0,6,0,0
2020-03-20,Peru,32626000,Lambayeque,1310800,NA,NA,NA,NA,0,0,0,6,0,0
2020-03-22,Peru,32626000,Lambayeque,1310800,NA,NA,NA,NA,0,0,0,8,0,0
2020-03-24,Peru,32626000,Lambayeque,1310800,NA,NA,NA,NA,0,0,0,8,0,0
2020-03-26,Peru,32626000,Lambayeque,1310800,NA,NA,NA,NA,0,0,0,12,0,0
2020-03-28,Peru,32626000,Lambayeque,1310800,NA,NA,NA,NA,2,1,0,15,1,0
2020-03-30,Peru,32626000,Lambayeque,1310800,NA,NA,NA,NA,0,0,0,22,1,0
2020-04-01,Peru,32626000,Lambayeque,1310800,NA,NA,NA,NA,4,2,0,34,3,0
2020-04-03,Peru,32626000,Lambayeque,1310800,NA,NA,NA,NA,0,0,0,35,2,0
2020-04-05,Peru,32626000,Lambayeque,1310800,NA,NA,NA,NA,45,0,0,100,3,0
2020-04-07,Peru,32626000,Lambayeque,1310800,NA,NA,NA,NA,8,1,0,108,4,0
2020-04-09,Peru,32626000,Lambayeque,1310800,NA,NA,NA,NA,56,2,0,302,6,0
2020-04-11,Peru,32626000,Lambayeque,1310800,NA,NA,NA,NA,24,1,0,326,33,0
2020-04-13,Peru,32626000,Lambayeque,1310800,NA,NA,NA,NA,37,0,0,392,33,0
2020-04-15,Peru,32626000,Lambayeque,1310800,NA,NA,NA,NA,1,9,0,428,53,0
2020-04-17,Peru,32626000,Lambayeque,1310800,NA,NA,NA,NA,29,9,0,600,63,0
2020-04-19,Peru,32626000,Lambayeque,1310800,NA,NA,NA,NA,29,6,0,671,81,0
2020-04-21,Peru,32626000,Lambayeque,1310800,NA,NA,NA,NA,66,1,0,741,90,0
2020-04-23,Peru,32626000,Lambayeque,1310800,NA,NA,NA,NA,104,14,0,968,111,0
2020-04-25,Peru,32626000,Lambayeque,1310800,NA,NA,NA,NA,414,0,0,1388,119,0
2020-04-27,Peru,32626000,Lambayeque,1310800,NA,NA,NA,NA,49,6,0,1651,149,0
2020-04-29,Peru,32626000,Lambayeque,1310800,NA,NA,NA,NA,142,13,0,1956,172,0
2020-05-01,Peru,32626000,Lambayeque,1310800,NA,NA,NA,NA,184,2,0,2360,194,0
2020-05-03,Peru,32626000,Lambayeque,1310800,NA,NA,NA,NA,98,47,0,2646,267,0
2020-05-05,Peru,32626000,Lambayeque,1310800,NA,NA,NA,NA,245,32,0,3008,299,0
2020-05-07,Peru,32626000,Lambayeque,1310800,NA,NA,NA,NA,141,19,0,3268,318,0
2020-05-09,Peru,32626000,Lambayeque,1310800,NA,NA,NA,NA,149,18,0,3628,365,0
2020-05-11,Peru,32626000,Lambayeque,1310800,NA,NA,NA,NA,93,24,0,3748,400,0
2020-05-13,Peru,32626000,Lambayeque,1310800,NA,NA,NA,NA,94,17,0,3950,417,0
2020-05-15,Peru,32626000,Lambayeque,1310800,NA,NA,NA,NA,215,38,0,4362,455,0
2020-05-17,Peru,32626000,Lambayeque,1310800,NA,NA,NA,NA,260,19,0,4856,474,0
2020-05-19,Peru,32626000,Lambayeque,1310800,NA,NA,NA,NA,221,0,0,5182,485,0
2020-05-21,Peru,32626000,Lambayeque,1310800,NA,NA,NA,NA,172,18,0,5581,516,0
2020-05-23,Peru,32626000,Lambayeque,1310800,NA,NA,NA,NA,146,26,0,5836,542,0
2020-05-25,Peru,32626000,Lambayeque,1310800,NA,NA,NA,NA,142,0,0,6217,565,0
2020-05-27,Peru,32626000,Lambayeque,1310800,NA,NA,NA,NA,279,31,0,6732,602,0
2020-05-29,Peru,32626000,Lambayeque,1310800,NA,NA,NA,NA,40,3,0,7060,608,0
2020-05-31,Peru,32626000,Lambayeque,1310800,NA,NA,NA,NA,1464,1,0,8484,612,0
2020-06-02,Peru,32626000,Lambayeque,1310800,NA,NA,NA,NA,327,2,0,9138,618,0
2020-06-04,Peru,32626000,Lambayeque,1310800,NA,NA,NA,NA,92,0,0,9440,621,0
2020-06-06,Peru,32626000,Lambayeque,1310800,NA,NA,NA,NA,52,1,0,9686,630,0
2020-06-08,Peru,32626000,Lambayeque,1310800,NA,NA,NA,NA,104,1,0,9933,635,0
2020-06-10,Peru,32626000,Lambayeque,1310800,NA,NA,NA,NA,186,6,0,10286,642,0
2020-06-12,Peru,32626000,Lambayeque,1310800,NA,NA,NA,NA,259,8,0,10791,656,0
2020-06-14,Peru,32626000,Lambayeque,1310800,NA,NA,NA,NA,217,4,0,11276,663,0
2020-06-16,Peru,32626000,Lambayeque,1310800,NA,NA,NA,NA,182,6,0,11576,674,0
2020-06-18,Peru,32626000,Lambayeque,1310800,NA,NA,NA,NA,184,8,0,11883,688,0
2020-06-20,Peru,32626000,Lambayeque,1310800,NA,NA,NA,NA,106,6,0,12175,700,0
2020-06-22,Peru,32626000,Lambayeque,1310800,NA,NA,NA,NA,105,4,0,12420,709,0
2020-06-24,Peru,32626000,Lambayeque,1310800,NA,NA,NA,NA,157,5,0,12709,718,0
2020-06-26,Peru,32626000,Lambayeque,1310800,NA,NA,NA,NA,206,3,0,13098,725,0
2020-06-28,Peru,32626000,Lambayeque,1310800,NA,NA,NA,NA,216,6,0,13475,737,0
2020-06-30,Peru,32626000,Lambayeque,1310800,NA,NA,NA,NA,85,6,0,13657,747,0
2020-07-02,Peru,32626000,Lambayeque,1310800,NA,NA,NA,NA,125,5,0,13904,756,0
2020-07-04,Peru,32626000,Lambayeque,1310800,NA,NA,NA,NA,126,4,0,14137,768,0
2020-07-06,Peru,32626000,Lambayeque,1310800,NA,NA,NA,NA,96,5,0,14355,773,0
2020-07-08,Peru,32626000,Lambayeque,1310800,NA,NA,NA,NA,107,2,0,14561,777,0
2020-07-10,Peru,32626000,Lambayeque,1310800,NA,NA,NA,NA,76,4,0,14818,784,0
2020-07-12,Peru,32626000,Lambayeque,1310800,NA,NA,NA,NA,145,5,0,15057,798,0
2020-07-14,Peru,32626000,Lambayeque,1310800,NA,NA,NA,NA,21,4,0,15150,803,0
2020-07-16,Peru,32626000,Lambayeque,1310800,NA,NA,NA,NA,87,3,0,15395,808,0
2020-07-18,Peru,32626000,Lambayeque,1310800,NA,NA,NA,NA,86,4,0,15581,817,0
2020-07-20,Peru,32626000,Lambayeque,1310800,NA,NA,NA,NA,70,9,0,15823,828,0
2020-07-22,Peru,32626000,Lambayeque,1310800,NA,NA,NA,NA,101,4,0,16023,833,0
2020-07-24,Peru,32626000,Lambayeque,1310800,NA,NA,NA,NA,134,4,0,16256,1201,0
2020-07-26,Peru,32626000,Lambayeque,1310800,NA,NA,NA,NA,0,0,0,16256,1201,0
2020-07-28,Peru,32626000,Lambayeque,1310800,NA,NA,NA,NA,211,4,0,16815,1211,0
2020-07-30,Peru,32626000,Lambayeque,1310800,NA,NA,NA,NA,157,1,0,17111,1216,0
2020-08-01,Peru,32626000,Lambayeque,1310800,NA,NA,NA,NA,329,9,0,17440,1225,0
2020-08-03,Peru,32626000,Lambayeque,1310800,NA,NA,NA,NA,94,9,0,17678,1235,0
2020-08-05,Peru,32626000,Lambayeque,1310800,NA,NA,NA,NA,176,4,0,17977,1242,0
2020-08-07,Peru,32626000,Lambayeque,1310800,NA,NA,NA,NA,156,2,0,18341,1251,0
2020-08-09,Peru,32626000,Lambayeque,1310800,NA,NA,NA,NA,226,3,0,18775,1260,0
2020-08-11,Peru,32626000,Lambayeque,1310800,NA,NA,NA,NA,109,5,0,18984,1268,0
2020-08-13,Peru,32626000,Lambayeque,1310800,NA,NA,NA,NA,204,260,0,19369,1530,0
2020-08-15,Peru,32626000,Lambayeque,1310800,NA,NA,NA,NA,175,11,0,19733,1545,0
2020-02-26,Peru,32626000,Lima,10628500,NA,NA,NA,NA,NA,NA,NA,0,0,0
2020-02-28,Peru,32626000,Lima,10628500,NA,NA,NA,NA,0,0,0,0,0,0
2020-03-01,Peru,32626000,Lima,10628500,NA,NA,NA,NA,0,0,0,0,0,0
2020-03-03,Peru,32626000,Lima,10628500,NA,NA,NA,NA,0,0,0,0,0,0
2020-03-05,Peru,32626000,Lima,10628500,NA,NA,NA,NA,0,0,0,0,0,0
2020-03-07,Peru,32626000,Lima,10628500,NA,NA,NA,NA,4,0,0,5,0,0
2020-03-09,Peru,32626000,Lima,10628500,NA,NA,NA,NA,2,0,0,8,0,0
2020-03-11,Peru,32626000,Lima,10628500,NA,NA,NA,NA,4,0,0,12,0,0
2020-03-13,Peru,32626000,Lima,10628500,NA,NA,NA,NA,15,0,0,32,0,0
2020-03-15,Peru,32626000,Lima,10628500,NA,NA,NA,NA,25,0,0,58,0,0
2020-03-17,Peru,32626000,Lima,10628500,NA,NA,NA,NA,26,0,1,96,0,1
2020-03-19,Peru,32626000,Lima,10628500,NA,NA,NA,NA,82,0,0,193,0,1
2020-03-21,Peru,32626000,Lima,10628500,NA,NA,NA,NA,29,0,0,241,4,1
2020-03-23,Peru,32626000,Lima,10628500,NA,NA,NA,NA,66,0,0,307,4,1
2020-03-25,Peru,32626000,Lima,10628500,NA,NA,NA,NA,47,2,0,369,6,1
2020-03-27,Peru,32626000,Lima,10628500,NA,NA,NA,NA,41,1,0,494,7,1
2020-03-29,Peru,32626000,Lima,10628500,NA,NA,NA,NA,121,1,0,639,10,1
2020-03-31,Peru,32626000,Lima,10628500,NA,NA,NA,NA,81,3,0,799,16,1
2020-04-02,Peru,32626000,Lima,10628500,NA,NA,NA,NA,69,6,0,1059,34,1
2020-04-04,Peru,32626000,Lima,10628500,NA,NA,NA,NA,78,7,0,1257,46,1
2020-04-06,Peru,32626000,Lima,10628500,NA,NA,NA,NA,198,7,0,1837,58,1
2020-04-08,Peru,32626000,Lima,10628500,NA,NA,NA,NA,916,7,0,3016,72,1
2020-04-10,Peru,32626000,Lima,10628500,NA,NA,NA,NA,506,5,0,4210,87,1
2020-04-12,Peru,32626000,Lima,10628500,NA,NA,NA,NA,523,0,0,5456,94,1
2020-04-14,Peru,32626000,Lima,10628500,NA,NA,NA,NA,18,20,0,7476,114,1
2020-04-16,Peru,32626000,Lima,10628500,NA,NA,NA,NA,695,12,0,9107,129,1
2020-04-18,Peru,32626000,Lima,10628500,NA,NA,NA,NA,441,15,0,10234,144,1
2020-04-20,Peru,32626000,Lima,10628500,NA,NA,NA,NA,420,30,0,11297,199,1
2020-04-22,Peru,32626000,Lima,10628500,NA,NA,NA,NA,958,20,0,13214,247,1
2020-04-24,Peru,32626000,Lima,10628500,NA,NA,NA,NA,514,23,0,14814,290,1
2020-04-26,Peru,32626000,Lima,10628500,NA,NA,NA,NA,1317,0,0,17884,303,1
2020-04-28,Peru,32626000,Lima,10628500,NA,NA,NA,NA,1477,26,0,20048,358,1
2020-04-30,Peru,32626000,Lima,10628500,NA,NA,NA,NA,1707,33,0,23561,437,1
2020-05-02,Peru,32626000,Lima,10628500,NA,NA,NA,NA,1190,13,0,26908,504,1
2020-05-04,Peru,32626000,Lima,10628500,NA,NA,NA,NA,852,0,0,29842,517,1
2020-05-06,Peru,32626000,Lima,10628500,NA,NA,NA,NA,2960,29,0,35299,613,1
2020-05-08,Peru,32626000,Lima,10628500,NA,NA,NA,NA,2231,17,0,39837,653,1
2020-05-10,Peru,32626000,Lima,10628500,NA,NA,NA,NA,1440,10,0,43284,672,1
2020-05-12,Peru,32626000,Lima,10628500,NA,NA,NA,NA,2174,36,0,46507,725,1
2020-05-14,Peru,32626000,Lima,10628500,NA,NA,NA,NA,2940,26,0,52545,817,1
2020-05-16,Peru,32626000,Lima,10628500,NA,NA,NA,NA,2572,37,0,57473,857,1
2020-05-18,Peru,32626000,Lima,10628500,NA,NA,NA,NA,1485,40,0,61197,955,1
2020-05-20,Peru,32626000,Lima,10628500,NA,NA,NA,NA,2782,48,0,67060,1060,1
2020-05-22,Peru,32626000,Lima,10628500,NA,NA,NA,NA,1564,50,0,71719,1164,1
2020-05-24,Peru,32626000,Lima,10628500,NA,NA,NA,NA,1679,27,0,75716,1235,1
2020-05-26,Peru,32626000,Lima,10628500,NA,NA,NA,NA,3396,46,0,80882,1359,1
2020-05-28,Peru,32626000,Lima,10628500,NA,NA,NA,NA,2484,66,0,87478,1473,1
2020-05-30,Peru,32626000,Lima,10628500,NA,NA,NA,NA,4526,78,0,96583,1625,1
2020-06-01,Peru,32626000,Lima,10628500,NA,NA,NA,NA,2494,77,0,103020,1786,1
2020-06-03,Peru,32626000,Lima,10628500,NA,NA,NA,NA,0,79,0,108323,1947,1
2020-06-05,Peru,32626000,Lima,10628500,NA,NA,NA,NA,1481,76,0,110161,2095,1
2020-06-07,Peru,32626000,Lima,10628500,NA,NA,NA,NA,3185,97,0,116159,2283,1
2020-06-09,Peru,32626000,Lima,10628500,NA,NA,NA,NA,2147,100,0,120183,2449,1
2020-06-11,Peru,32626000,Lima,10628500,NA,NA,NA,NA,2757,132,0,125640,2675,1
2020-06-13,Peru,32626000,Lima,10628500,NA,NA,NA,NA,1165,110,0,129865,2894,1
2020-06-15,Peru,32626000,Lima,10628500,NA,NA,NA,NA,1822,95,0,134008,3083,1
2020-06-17,Peru,32626000,Lima,10628500,NA,NA,NA,NA,1739,82,0,138203,3278,1
2020-06-19,Peru,32626000,Lima,10628500,NA,NA,NA,NA,1643,95,0,141512,3485,1
2020-06-21,Peru,32626000,Lima,10628500,NA,NA,NA,NA,1606,94,0,144623,3674,1
2020-06-23,Peru,32626000,Lima,10628500,NA,NA,NA,NA,1906,94,0,147372,3855,1
2020-06-25,Peru,32626000,Lima,10628500,NA,NA,NA,NA,1848,79,0,151225,4029,1
2020-06-27,Peru,32626000,Lima,10628500,NA,NA,NA,NA,1645,104,0,154713,4228,1
2020-06-29,Peru,32626000,Lima,10628500,NA,NA,NA,NA,878,100,0,157050,4420,1
2020-07-01,Peru,32626000,Lima,10628500,NA,NA,NA,NA,1214,92,0,159403,4581,1
2020-07-03,Peru,32626000,Lima,10628500,NA,NA,NA,NA,1310,73,0,162211,4725,1
2020-07-05,Peru,32626000,Lima,10628500,NA,NA,NA,NA,1483,86,0,165307,4900,1
2020-07-07,Peru,32626000,Lima,10628500,NA,NA,NA,NA,1713,85,0,168366,5063,1
2020-07-09,Peru,32626000,Lima,10628500,NA,NA,NA,NA,1472,96,0,171458,5252,1
2020-07-11,Peru,32626000,Lima,10628500,NA,NA,NA,NA,1387,87,0,174241,5447,1
2020-07-13,Peru,32626000,Lima,10628500,NA,NA,NA,NA,1493,81,0,177124,5611,1
2020-07-15,Peru,32626000,Lima,10628500,NA,NA,NA,NA,1954,79,0,181131,5763,1
2020-07-17,Peru,32626000,Lima,10628500,NA,NA,NA,NA,2333,83,0,185758,5939,1
2020-07-19,Peru,32626000,Lima,10628500,NA,NA,NA,NA,2010,90,0,189865,6122,1
2020-07-21,Peru,32626000,Lima,10628500,NA,NA,NA,NA,1991,97,0,193540,6320,1
2020-07-23,Peru,32626000,Lima,10628500,NA,NA,NA,NA,2283,1917,0,198242,8331,1
2020-07-25,Peru,32626000,Lima,10628500,NA,NA,NA,NA,0,0,0,200470,8413,1
2020-07-27,Peru,32626000,Lima,10628500,NA,NA,NA,NA,6244,286,0,206714,8699,1
2020-07-29,Peru,32626000,Lima,10628500,NA,NA,NA,NA,1955,107,0,211164,8892,1
2020-07-31,Peru,32626000,Lima,10628500,NA,NA,NA,NA,0,0,0,213659,8993,1
2020-08-02,Peru,32626000,Lima,10628500,NA,NA,NA,NA,2688,93,0,222568,9259,1
2020-08-04,Peru,32626000,Lima,10628500,NA,NA,NA,NA,3303,77,0,227717,9428,1
2020-08-06,Peru,32626000,Lima,10628500,NA,NA,NA,NA,3210,84,0,234027,9599,1
2020-08-08,Peru,32626000,Lima,10628500,NA,NA,NA,NA,2393,75,0,239549,9791,1
2020-08-10,Peru,32626000,Lima,10628500,NA,NA,NA,NA,2211,81,0,244520,9993,1
2020-08-12,Peru,32626000,Lima,10628500,NA,NA,NA,NA,3584,84,0,250708,10183,1
2020-08-14,Peru,32626000,Lima,10628500,NA,NA,NA,NA,3282,61,0,257811,11426,1
2020-02-25,Peru,32626000,Loreto,1027600,NA,NA,NA,NA,NA,NA,NA,0,0,0
2020-02-27,Peru,32626000,Loreto,1027600,NA,NA,NA,NA,0,0,0,0,0,0
2020-02-29,Peru,32626000,Loreto,1027600,NA,NA,NA,NA,0,0,0,0,0,0
2020-03-02,Peru,32626000,Loreto,1027600,NA,NA,NA,NA,0,0,0,0,0,0
2020-03-04,Peru,32626000,Loreto,1027600,NA,NA,NA,NA,0,0,0,0,0,0
2020-03-06,Peru,32626000,Loreto,1027600,NA,NA,NA,NA,0,0,0,0,0,0
2020-03-08,Peru,32626000,Loreto,1027600,NA,NA,NA,NA,0,0,0,0,0,0
2020-03-10,Peru,32626000,Loreto,1027600,NA,NA,NA,NA,0,0,0,0,0,0
2020-03-12,Peru,32626000,Loreto,1027600,NA,NA,NA,NA,0,0,0,0,0,0
2020-03-14,Peru,32626000,Loreto,1027600,NA,NA,NA,NA,0,0,0,0,0,0
2020-03-16,Peru,32626000,Loreto,1027600,NA,NA,NA,NA,0,0,0,0,0,0
2020-03-18,Peru,32626000,Loreto,1027600,NA,NA,NA,NA,9,0,0,10,0,0
2020-03-20,Peru,32626000,Loreto,1027600,NA,NA,NA,NA,1,0,0,12,0,0
2020-03-22,Peru,32626000,Loreto,1027600,NA,NA,NA,NA,0,0,0,14,0,0
2020-03-24,Peru,32626000,Loreto,1027600,NA,NA,NA,NA,0,0,0,16,0,0
2020-03-26,Peru,32626000,Loreto,1027600,NA,NA,NA,NA,0,0,0,18,0,0
2020-03-28,Peru,32626000,Loreto,1027600,NA,NA,NA,NA,4,0,0,27,0,0
2020-03-30,Peru,32626000,Loreto,1027600,NA,NA,NA,NA,1,2,0,53,2,0
2020-04-01,Peru,32626000,Loreto,1027600,NA,NA,NA,NA,8,0,0,66,2,0
2020-04-03,Peru,32626000,Loreto,1027600,NA,NA,NA,NA,12,0,0,84,2,0
2020-04-05,Peru,32626000,Loreto,1027600,NA,NA,NA,NA,37,0,0,143,2,0
2020-04-07,Peru,32626000,Loreto,1027600,NA,NA,NA,NA,35,1,0,206,3,0
2020-04-09,Peru,32626000,Loreto,1027600,NA,NA,NA,NA,25,0,0,315,5,0
2020-04-11,Peru,32626000,Loreto,1027600,NA,NA,NA,NA,0,1,0,315,6,0
2020-04-13,Peru,32626000,Loreto,1027600,NA,NA,NA,NA,18,0,0,340,6,0
2020-04-15,Peru,32626000,Loreto,1027600,NA,NA,NA,NA,39,1,0,396,10,0
2020-04-17,Peru,32626000,Loreto,1027600,NA,NA,NA,NA,19,0,0,431,10,0
2020-04-19,Peru,32626000,Loreto,1027600,NA,NA,NA,NA,67,4,0,552,14,0
2020-04-21,Peru,32626000,Loreto,1027600,NA,NA,NA,NA,32,5,0,617,19,0
2020-04-23,Peru,32626000,Loreto,1027600,NA,NA,NA,NA,47,0,0,700,23,0
2020-04-25,Peru,32626000,Loreto,1027600,NA,NA,NA,NA,34,7,0,742,36,0
2020-04-27,Peru,32626000,Loreto,1027600,NA,NA,NA,NA,41,0,0,827,39,0
2020-04-29,Peru,32626000,Loreto,1027600,NA,NA,NA,NA,122,6,0,1003,51,0
2020-05-01,Peru,32626000,Loreto,1027600,NA,NA,NA,NA,153,2,0,1355,57,0
2020-05-03,Peru,32626000,Loreto,1027600,NA,NA,NA,NA,77,2,0,1502,59,0
2020-05-05,Peru,32626000,Loreto,1027600,NA,NA,NA,NA,93,3,0,1595,62,0
2020-05-07,Peru,32626000,Loreto,1027600,NA,NA,NA,NA,107,0,0,1666,67,0
2020-05-09,Peru,32626000,Loreto,1027600,NA,NA,NA,NA,31,0,0,1735,67,0
2020-05-11,Peru,32626000,Loreto,1027600,NA,NA,NA,NA,54,3,0,1834,78,0
2020-05-13,Peru,32626000,Loreto,1027600,NA,NA,NA,NA,104,10,0,2037,92,0
2020-05-15,Peru,32626000,Loreto,1027600,NA,NA,NA,NA,147,46,0,2254,141,0
2020-05-17,Peru,32626000,Loreto,1027600,NA,NA,NA,NA,252,39,0,2696,248,0
2020-05-19,Peru,32626000,Loreto,1027600,NA,NA,NA,NA,149,9,0,2960,259,0
2020-05-21,Peru,32626000,Loreto,1027600,NA,NA,NA,NA,81,2,0,3166,262,0
2020-05-23,Peru,32626000,Loreto,1027600,NA,NA,NA,NA,92,9,0,3293,273,0
2020-05-25,Peru,32626000,Loreto,1027600,NA,NA,NA,NA,133,4,0,3524,280,0
2020-05-27,Peru,32626000,Loreto,1027600,NA,NA,NA,NA,96,0,0,3816,288,0
2020-05-29,Peru,32626000,Loreto,1027600,NA,NA,NA,NA,150,4,0,4109,293,0
2020-05-31,Peru,32626000,Loreto,1027600,NA,NA,NA,NA,80,1,0,4715,296,0
2020-06-02,Peru,32626000,Loreto,1027600,NA,NA,NA,NA,222,2,0,5355,299,0
2020-06-04,Peru,32626000,Loreto,1027600,NA,NA,NA,NA,240,0,0,5757,300,0
2020-06-06,Peru,32626000,Loreto,1027600,NA,NA,NA,NA,15,3,0,6187,303,0
2020-06-08,Peru,32626000,Loreto,1027600,NA,NA,NA,NA,124,2,0,6349,307,0
2020-06-10,Peru,32626000,Loreto,1027600,NA,NA,NA,NA,213,1,0,6719,309,0
2020-06-12,Peru,32626000,Loreto,1027600,NA,NA,NA,NA,167,0,0,7167,311,0
2020-06-14,Peru,32626000,Loreto,1027600,NA,NA,NA,NA,151,1,0,7629,316,0
2020-06-16,Peru,32626000,Loreto,1027600,NA,NA,NA,NA,44,2,0,7781,318,0
2020-06-18,Peru,32626000,Loreto,1027600,NA,NA,NA,NA,104,1,0,7953,321,0
2020-06-20,Peru,32626000,Loreto,1027600,NA,NA,NA,NA,144,2,0,8195,326,0
2020-06-22,Peru,32626000,Loreto,1027600,NA,NA,NA,NA,29,1,0,8364,330,0
2020-06-24,Peru,32626000,Loreto,1027600,NA,NA,NA,NA,232,2,0,8681,332,0
2020-06-26,Peru,32626000,Loreto,1027600,NA,NA,NA,NA,43,0,0,8786,334,0
2020-06-28,Peru,32626000,Loreto,1027600,NA,NA,NA,NA,69,2,0,8904,341,0
2020-06-30,Peru,32626000,Loreto,1027600,NA,NA,NA,NA,68,1,0,9023,345,0
2020-07-02,Peru,32626000,Loreto,1027600,NA,NA,NA,NA,90,1,0,9162,347,0
2020-07-04,Peru,32626000,Loreto,1027600,NA,NA,NA,NA,63,2,0,9343,350,0
2020-07-06,Peru,32626000,Loreto,1027600,NA,NA,NA,NA,30,0,0,9404,351,0
2020-07-08,Peru,32626000,Loreto,1027600,NA,NA,NA,NA,100,1,0,9598,354,0
2020-07-10,Peru,32626000,Loreto,1027600,NA,NA,NA,NA,71,1,0,9727,356,0
2020-07-12,Peru,32626000,Loreto,1027600,NA,NA,NA,NA,34,1,0,9800,360,0
2020-07-14,Peru,32626000,Loreto,1027600,NA,NA,NA,NA,119,1,0,10022,362,0
2020-07-16,Peru,32626000,Loreto,1027600,NA,NA,NA,NA,0,2,0,10088,366,0
2020-07-18,Peru,32626000,Loreto,1027600,NA,NA,NA,NA,70,2,0,10192,368,0
2020-07-20,Peru,32626000,Loreto,1027600,NA,NA,NA,NA,64,0,0,10291,369,0
2020-07-22,Peru,32626000,Loreto,1027600,NA,NA,NA,NA,26,0,0,10410,371,0
2020-07-24,Peru,32626000,Loreto,1027600,NA,NA,NA,NA,76,0,0,10515,542,0
2020-07-26,Peru,32626000,Loreto,1027600,NA,NA,NA,NA,0,0,0,10515,542,0
2020-07-28,Peru,32626000,Loreto,1027600,NA,NA,NA,NA,91,0,0,10812,544,0
2020-07-30,Peru,32626000,Loreto,1027600,NA,NA,NA,NA,211,0,0,11292,545,0
2020-08-01,Peru,32626000,Loreto,1027600,NA,NA,NA,NA,326,1,0,11618,546,0
2020-08-03,Peru,32626000,Loreto,1027600,NA,NA,NA,NA,90,2,0,11831,551,0
2020-08-05,Peru,32626000,Loreto,1027600,NA,NA,NA,NA,132,3,0,12081,555,0
2020-08-07,Peru,32626000,Loreto,1027600,NA,NA,NA,NA,76,2,0,12282,559,0
2020-08-09,Peru,32626000,Loreto,1027600,NA,NA,NA,NA,64,3,0,12414,565,0
2020-08-11,Peru,32626000,Loreto,1027600,NA,NA,NA,NA,135,1,0,12601,597,0
2020-08-13,Peru,32626000,Loreto,1027600,NA,NA,NA,NA,131,136,0,12825,758,0
2020-08-15,Peru,32626000,Loreto,1027600,NA,NA,NA,NA,206,1,0,13100,785,0
2020-02-26,Peru,32626000,Madre de dios,173800,NA,NA,NA,NA,NA,NA,NA,0,0,0
2020-02-28,Peru,32626000,Madre de dios,173800,NA,NA,NA,NA,0,0,0,0,0,0
2020-03-01,Peru,32626000,Madre de dios,173800,NA,NA,NA,NA,0,0,0,0,0,0
2020-03-03,Peru,32626000,Madre de dios,173800,NA,NA,NA,NA,0,0,0,0,0,0
2020-03-05,Peru,32626000,Madre de dios,173800,NA,NA,NA,NA,0,0,0,0,0,0
2020-03-07,Peru,32626000,Madre de dios,173800,NA,NA,NA,NA,0,0,0,0,0,0
2020-03-09,Peru,32626000,Madre de dios,173800,NA,NA,NA,NA,0,0,0,0,0,0
2020-03-11,Peru,32626000,Madre de dios,173800,NA,NA,NA,NA,0,0,0,0,0,0
2020-03-13,Peru,32626000,Madre de dios,173800,NA,NA,NA,NA,0,0,0,0,0,0
2020-03-15,Peru,32626000,Madre de dios,173800,NA,NA,NA,NA,0,0,0,0,0,0
2020-03-17,Peru,32626000,Madre de dios,173800,NA,NA,NA,NA,0,0,0,0,0,0
2020-03-19,Peru,32626000,Madre de dios,173800,NA,NA,NA,NA,0,0,0,1,0,0
2020-03-21,Peru,32626000,Madre de dios,173800,NA,NA,NA,NA,0,0,0,1,0,0
2020-03-23,Peru,32626000,Madre de dios,173800,NA,NA,NA,NA,0,0,0,1,0,0
2020-03-25,Peru,32626000,Madre de dios,173800,NA,NA,NA,NA,0,0,0,1,0,0
2020-03-27,Peru,32626000,Madre de dios,173800,NA,NA,NA,NA,0,0,0,1,0,0
2020-03-29,Peru,32626000,Madre de dios,173800,NA,NA,NA,NA,0,0,0,1,0,0
2020-03-31,Peru,32626000,Madre de dios,173800,NA,NA,NA,NA,0,0,0,1,0,0
2020-04-02,Peru,32626000,Madre de dios,173800,NA,NA,NA,NA,0,0,0,1,0,0
2020-04-04,Peru,32626000,Madre de dios,173800,NA,NA,NA,NA,0,0,0,2,0,0
2020-04-06,Peru,32626000,Madre de dios,173800,NA,NA,NA,NA,0,0,0,2,0,0
2020-04-08,Peru,32626000,Madre de dios,173800,NA,NA,NA,NA,0,0,0,2,0,0
2020-04-10,Peru,32626000,Madre de dios,173800,NA,NA,NA,NA,0,0,0,3,0,0
2020-04-12,Peru,32626000,Madre de dios,173800,NA,NA,NA,NA,0,0,0,3,0,0
2020-04-14,Peru,32626000,Madre de dios,173800,NA,NA,NA,NA,9,0,0,19,0,0
2020-04-16,Peru,32626000,Madre de dios,173800,NA,NA,NA,NA,0,0,0,19,0,0
2020-04-18,Peru,32626000,Madre de dios,173800,NA,NA,NA,NA,0,0,0,21,0,0
2020-04-20,Peru,32626000,Madre de dios,173800,NA,NA,NA,NA,39,0,0,64,0,0
2020-04-22,Peru,32626000,Madre de dios,173800,NA,NA,NA,NA,5,0,0,71,0,0
2020-04-24,Peru,32626000,Madre de dios,173800,NA,NA,NA,NA,3,0,0,80,0,0
2020-04-26,Peru,32626000,Madre de dios,173800,NA,NA,NA,NA,3,0,0,94,0,0
2020-04-28,Peru,32626000,Madre de dios,173800,NA,NA,NA,NA,10,0,0,97,0,0
2020-04-30,Peru,32626000,Madre de dios,173800,NA,NA,NA,NA,8,0,0,113,0,0
2020-05-02,Peru,32626000,Madre de dios,173800,NA,NA,NA,NA,2,0,0,118,1,0
2020-05-04,Peru,32626000,Madre de dios,173800,NA,NA,NA,NA,1,0,0,121,1,0
2020-05-06,Peru,32626000,Madre de dios,173800,NA,NA,NA,NA,5,0,0,129,1,0
2020-05-08,Peru,32626000,Madre de dios,173800,NA,NA,NA,NA,1,0,0,139,1,0
2020-05-10,Peru,32626000,Madre de dios,173800,NA,NA,NA,NA,12,0,0,162,1,0
2020-05-12,Peru,32626000,Madre de dios,173800,NA,NA,NA,NA,1,0,0,163,1,0
2020-05-14,Peru,32626000,Madre de dios,173800,NA,NA,NA,NA,5,2,0,177,3,0
2020-05-16,Peru,32626000,Madre de dios,173800,NA,NA,NA,NA,14,0,0,201,3,0
2020-05-18,Peru,32626000,Madre de dios,173800,NA,NA,NA,NA,0,0,0,204,3,0
2020-05-20,Peru,32626000,Madre de dios,173800,NA,NA,NA,NA,12,0,0,259,3,0
2020-05-22,Peru,32626000,Madre de dios,173800,NA,NA,NA,NA,5,0,0,270,6,0
2020-05-24,Peru,32626000,Madre de dios,173800,NA,NA,NA,NA,21,0,0,325,6,0
2020-05-26,Peru,32626000,Madre de dios,173800,NA,NA,NA,NA,25,0,0,339,6,0
2020-05-28,Peru,32626000,Madre de dios,173800,NA,NA,NA,NA,14,0,0,402,6,0
2020-05-30,Peru,32626000,Madre de dios,173800,NA,NA,NA,NA,35,0,0,485,6,0
2020-06-01,Peru,32626000,Madre de dios,173800,NA,NA,NA,NA,26,0,0,519,6,0
2020-06-03,Peru,32626000,Madre de dios,173800,NA,NA,NA,NA,50,0,0,611,6,0
2020-06-05,Peru,32626000,Madre de dios,173800,NA,NA,NA,NA,131,2,0,731,10,0
2020-06-07,Peru,32626000,Madre de dios,173800,NA,NA,NA,NA,1,0,0,744,11,0
2020-06-09,Peru,32626000,Madre de dios,173800,NA,NA,NA,NA,58,1,0,807,12,0
2020-06-11,Peru,32626000,Madre de dios,173800,NA,NA,NA,NA,71,2,0,903,15,0
2020-06-13,Peru,32626000,Madre de dios,173800,NA,NA,NA,NA,50,1,0,995,16,0
2020-06-15,Peru,32626000,Madre de dios,173800,NA,NA,NA,NA,3,1,0,1050,19,0
2020-06-17,Peru,32626000,Madre de dios,173800,NA,NA,NA,NA,88,0,0,1184,19,0
2020-06-19,Peru,32626000,Madre de dios,173800,NA,NA,NA,NA,36,1,0,1265,21,0
2020-06-21,Peru,32626000,Madre de dios,173800,NA,NA,NA,NA,39,1,0,1346,23,0
2020-06-23,Peru,32626000,Madre de dios,173800,NA,NA,NA,NA,32,0,0,1397,24,0
2020-06-25,Peru,32626000,Madre de dios,173800,NA,NA,NA,NA,35,1,0,1467,25,0
2020-06-27,Peru,32626000,Madre de dios,173800,NA,NA,NA,NA,50,2,0,1599,27,0
2020-06-29,Peru,32626000,Madre de dios,173800,NA,NA,NA,NA,151,3,0,1787,30,0
2020-07-01,Peru,32626000,Madre de dios,173800,NA,NA,NA,NA,53,1,0,1897,32,0
2020-07-03,Peru,32626000,Madre de dios,173800,NA,NA,NA,NA,100,16,0,2058,58,0
2020-07-05,Peru,32626000,Madre de dios,173800,NA,NA,NA,NA,77,0,0,2196,70,0
2020-07-07,Peru,32626000,Madre de dios,173800,NA,NA,NA,NA,51,0,0,2285,73,0
2020-07-09,Peru,32626000,Madre de dios,173800,NA,NA,NA,NA,36,1,0,2362,76,0
2020-07-11,Peru,32626000,Madre de dios,173800,NA,NA,NA,NA,17,0,0,2389,78,0
2020-07-13,Peru,32626000,Madre de dios,173800,NA,NA,NA,NA,20,1,0,2451,80,0
2020-07-15,Peru,32626000,Madre de dios,173800,NA,NA,NA,NA,68,1,0,2540,81,0
2020-07-17,Peru,32626000,Madre de dios,173800,NA,NA,NA,NA,13,1,0,2555,82,0
2020-07-19,Peru,32626000,Madre de dios,173800,NA,NA,NA,NA,20,0,0,2605,83,0
2020-07-21,Peru,32626000,Madre de dios,173800,NA,NA,NA,NA,66,0,0,2700,84,0
2020-07-23,Peru,32626000,Madre de dios,173800,NA,NA,NA,NA,33,9,0,2754,94,0
2020-07-25,Peru,32626000,Madre de dios,173800,NA,NA,NA,NA,0,0,0,2838,96,0
2020-07-27,Peru,32626000,Madre de dios,173800,NA,NA,NA,NA,156,0,0,2994,96,0
2020-07-29,Peru,32626000,Madre de dios,173800,NA,NA,NA,NA,81,1,0,3170,97,0
2020-07-31,Peru,32626000,Madre de dios,173800,NA,NA,NA,NA,0,0,0,3274,97,0
2020-08-02,Peru,32626000,Madre de dios,173800,NA,NA,NA,NA,56,4,0,3521,104,0
2020-08-04,Peru,32626000,Madre de dios,173800,NA,NA,NA,NA,112,0,0,3657,104,0
2020-08-06,Peru,32626000,Madre de dios,173800,NA,NA,NA,NA,66,0,0,3766,106,0
2020-08-08,Peru,32626000,Madre de dios,173800,NA,NA,NA,NA,52,1,0,3902,107,0
2020-08-10,Peru,32626000,Madre de dios,173800,NA,NA,NA,NA,72,0,0,4078,107,0
2020-08-12,Peru,32626000,Madre de dios,173800,NA,NA,NA,NA,106,0,0,4282,109,0
2020-08-14,Peru,32626000,Madre de dios,173800,NA,NA,NA,NA,126,2,0,4525,124,0
2020-02-25,Peru,32626000,Moquegua,192700,NA,NA,NA,NA,NA,NA,NA,0,0,0
2020-02-27,Peru,32626000,Moquegua,192700,NA,NA,NA,NA,0,0,0,0,0,0
2020-02-29,Peru,32626000,Moquegua,192700,NA,NA,NA,NA,0,0,0,0,0,0
2020-03-02,Peru,32626000,Moquegua,192700,NA,NA,NA,NA,0,0,0,0,0,0
2020-03-04,Peru,32626000,Moquegua,192700,NA,NA,NA,NA,0,0,0,0,0,0
2020-03-06,Peru,32626000,Moquegua,192700,NA,NA,NA,NA,0,0,0,0,0,0
2020-03-08,Peru,32626000,Moquegua,192700,NA,NA,NA,NA,0,0,0,0,0,0
2020-03-10,Peru,32626000,Moquegua,192700,NA,NA,NA,NA,0,0,0,0,0,0
2020-03-12,Peru,32626000,Moquegua,192700,NA,NA,NA,NA,0,0,0,0,0,0
2020-03-14,Peru,32626000,Moquegua,192700,NA,NA,NA,NA,0,0,0,0,0,0
2020-03-16,Peru,32626000,Moquegua,192700,NA,NA,NA,NA,0,0,0,0,0,0
2020-03-18,Peru,32626000,Moquegua,192700,NA,NA,NA,NA,0,0,0,0,0,0
2020-03-20,Peru,32626000,Moquegua,192700,NA,NA,NA,NA,0,0,0,0,0,0
2020-03-22,Peru,32626000,Moquegua,192700,NA,NA,NA,NA,0,0,0,0,0,0
2020-03-24,Peru,32626000,Moquegua,192700,NA,NA,NA,NA,0,0,0,0,0,0
2020-03-26,Peru,32626000,Moquegua,192700,NA,NA,NA,NA,0,0,0,0,0,0
2020-03-28,Peru,32626000,Moquegua,192700,NA,NA,NA,NA,0,0,0,0,0,0
2020-03-30,Peru,32626000,Moquegua,192700,NA,NA,NA,NA,0,0,0,0,0,0
2020-04-01,Peru,32626000,Moquegua,192700,NA,NA,NA,NA,0,0,0,0,0,0
2020-04-03,Peru,32626000,Moquegua,192700,NA,NA,NA,NA,0,0,0,0,0,0
2020-04-05,Peru,32626000,Moquegua,192700,NA,NA,NA,NA,1,0,0,1,0,0
2020-04-07,Peru,32626000,Moquegua,192700,NA,NA,NA,NA,0,0,0,1,0,0
2020-04-09,Peru,32626000,Moquegua,192700,NA,NA,NA,NA,0,0,0,3,0,0
2020-04-11,Peru,32626000,Moquegua,192700,NA,NA,NA,NA,5,0,0,8,0,0
2020-04-13,Peru,32626000,Moquegua,192700,NA,NA,NA,NA,2,0,0,12,0,0
2020-04-15,Peru,32626000,Moquegua,192700,NA,NA,NA,NA,3,0,0,16,0,0
2020-04-17,Peru,32626000,Moquegua,192700,NA,NA,NA,NA,3,0,0,24,0,0
2020-04-19,Peru,32626000,Moquegua,192700,NA,NA,NA,NA,2,0,0,30,0,0
2020-04-21,Peru,32626000,Moquegua,192700,NA,NA,NA,NA,11,0,0,41,0,0
2020-04-23,Peru,32626000,Moquegua,192700,NA,NA,NA,NA,4,0,0,52,0,0
2020-04-25,Peru,32626000,Moquegua,192700,NA,NA,NA,NA,16,0,0,73,0,0
2020-04-27,Peru,32626000,Moquegua,192700,NA,NA,NA,NA,2,0,0,94,0,0
2020-04-29,Peru,32626000,Moquegua,192700,NA,NA,NA,NA,11,0,0,111,0,0
2020-05-01,Peru,32626000,Moquegua,192700,NA,NA,NA,NA,3,0,0,123,0,0
2020-05-03,Peru,32626000,Moquegua,192700,NA,NA,NA,NA,3,0,0,131,0,0
2020-05-05,Peru,32626000,Moquegua,192700,NA,NA,NA,NA,9,0,0,142,0,0
2020-05-07,Peru,32626000,Moquegua,192700,NA,NA,NA,NA,6,0,0,155,0,0
2020-05-09,Peru,32626000,Moquegua,192700,NA,NA,NA,NA,3,0,0,163,0,0
2020-05-11,Peru,32626000,Moquegua,192700,NA,NA,NA,NA,0,0,0,167,0,0
2020-05-13,Peru,32626000,Moquegua,192700,NA,NA,NA,NA,1,0,0,168,0,0
2020-05-15,Peru,32626000,Moquegua,192700,NA,NA,NA,NA,6,0,0,188,0,0
2020-05-17,Peru,32626000,Moquegua,192700,NA,NA,NA,NA,3,0,0,193,0,0
2020-05-19,Peru,32626000,Moquegua,192700,NA,NA,NA,NA,6,0,0,199,0,0
2020-05-21,Peru,32626000,Moquegua,192700,NA,NA,NA,NA,35,0,0,270,0,0
2020-05-23,Peru,32626000,Moquegua,192700,NA,NA,NA,NA,30,0,0,345,0,0
2020-05-25,Peru,32626000,Moquegua,192700,NA,NA,NA,NA,5,0,0,357,1,0
2020-05-27,Peru,32626000,Moquegua,192700,NA,NA,NA,NA,21,1,0,423,2,0
2020-05-29,Peru,32626000,Moquegua,192700,NA,NA,NA,NA,15,0,0,462,2,0
2020-05-31,Peru,32626000,Moquegua,192700,NA,NA,NA,NA,38,0,0,515,2,0
2020-06-02,Peru,32626000,Moquegua,192700,NA,NA,NA,NA,0,0,0,508,2,0
2020-06-04,Peru,32626000,Moquegua,192700,NA,NA,NA,NA,36,0,0,561,2,0
2020-06-06,Peru,32626000,Moquegua,192700,NA,NA,NA,NA,6,0,0,674,2,0
2020-06-08,Peru,32626000,Moquegua,192700,NA,NA,NA,NA,36,1,0,712,4,0
2020-06-10,Peru,32626000,Moquegua,192700,NA,NA,NA,NA,9,1,0,724,5,0
2020-06-12,Peru,32626000,Moquegua,192700,NA,NA,NA,NA,10,1,0,738,6,0
2020-06-14,Peru,32626000,Moquegua,192700,NA,NA,NA,NA,2,0,0,746,6,0
2020-06-16,Peru,32626000,Moquegua,192700,NA,NA,NA,NA,21,0,0,768,6,0
2020-06-18,Peru,32626000,Moquegua,192700,NA,NA,NA,NA,4,1,0,833,7,0
2020-06-20,Peru,32626000,Moquegua,192700,NA,NA,NA,NA,8,0,0,843,8,0
2020-06-22,Peru,32626000,Moquegua,192700,NA,NA,NA,NA,10,0,0,861,9,0
2020-06-24,Peru,32626000,Moquegua,192700,NA,NA,NA,NA,4,0,0,868,9,0
2020-06-26,Peru,32626000,Moquegua,192700,NA,NA,NA,NA,26,0,0,907,10,0
2020-06-28,Peru,32626000,Moquegua,192700,NA,NA,NA,NA,13,1,0,928,11,0
2020-06-30,Peru,32626000,Moquegua,192700,NA,NA,NA,NA,7,2,0,949,13,0
2020-07-02,Peru,32626000,Moquegua,192700,NA,NA,NA,NA,25,1,0,983,15,0
2020-07-04,Peru,32626000,Moquegua,192700,NA,NA,NA,NA,58,0,0,1078,15,0
2020-07-06,Peru,32626000,Moquegua,192700,NA,NA,NA,NA,21,1,0,1143,17,0
2020-07-08,Peru,32626000,Moquegua,192700,NA,NA,NA,NA,12,1,0,1182,20,0
2020-07-10,Peru,32626000,Moquegua,192700,NA,NA,NA,NA,33,2,0,1254,23,0
2020-07-12,Peru,32626000,Moquegua,192700,NA,NA,NA,NA,35,2,0,1341,25,0
2020-07-14,Peru,32626000,Moquegua,192700,NA,NA,NA,NA,29,4,0,1416,30,0
2020-07-16,Peru,32626000,Moquegua,192700,NA,NA,NA,NA,25,1,0,1505,34,0
2020-07-18,Peru,32626000,Moquegua,192700,NA,NA,NA,NA,87,1,0,1628,36,0
2020-07-20,Peru,32626000,Moquegua,192700,NA,NA,NA,NA,256,2,0,1926,40,0
2020-07-22,Peru,32626000,Moquegua,192700,NA,NA,NA,NA,102,4,0,2097,50,0
2020-07-24,Peru,32626000,Moquegua,192700,NA,NA,NA,NA,87,2,0,2287,54,0
2020-07-26,Peru,32626000,Moquegua,192700,NA,NA,NA,NA,0,0,0,2287,54,0
2020-07-28,Peru,32626000,Moquegua,192700,NA,NA,NA,NA,110,2,0,2627,59,0
2020-07-30,Peru,32626000,Moquegua,192700,NA,NA,NA,NA,77,20,0,2829,100,0
2020-08-01,Peru,32626000,Moquegua,192700,NA,NA,NA,NA,305,5,0,3134,105,0
2020-08-03,Peru,32626000,Moquegua,192700,NA,NA,NA,NA,63,1,0,3296,113,0
2020-08-05,Peru,32626000,Moquegua,192700,NA,NA,NA,NA,209,8,0,3670,125,0
2020-08-07,Peru,32626000,Moquegua,192700,NA,NA,NA,NA,334,2,0,4244,128,0
2020-08-09,Peru,32626000,Moquegua,192700,NA,NA,NA,NA,206,3,0,4636,139,0
2020-08-11,Peru,32626000,Moquegua,192700,NA,NA,NA,NA,149,6,0,4894,145,0
2020-08-13,Peru,32626000,Moquegua,192700,NA,NA,NA,NA,171,25,0,5253,173,0
2020-08-15,Peru,32626000,Moquegua,192700,NA,NA,NA,NA,389,3,0,5931,179,0
2020-02-26,Peru,32626000,Pasco,271900,NA,NA,NA,NA,NA,NA,NA,0,0,0
2020-02-28,Peru,32626000,Pasco,271900,NA,NA,NA,NA,0,0,0,0,0,0
2020-03-01,Peru,32626000,Pasco,271900,NA,NA,NA,NA,0,0,0,0,0,0
2020-03-03,Peru,32626000,Pasco,271900,NA,NA,NA,NA,0,0,0,0,0,0
2020-03-05,Peru,32626000,Pasco,271900,NA,NA,NA,NA,0,0,0,0,0,0
2020-03-07,Peru,32626000,Pasco,271900,NA,NA,NA,NA,0,0,0,0,0,0
2020-03-09,Peru,32626000,Pasco,271900,NA,NA,NA,NA,0,0,0,0,0,0
2020-03-11,Peru,32626000,Pasco,271900,NA,NA,NA,NA,0,0,0,0,0,0
2020-03-13,Peru,32626000,Pasco,271900,NA,NA,NA,NA,0,0,0,0,0,0
2020-03-15,Peru,32626000,Pasco,271900,NA,NA,NA,NA,0,0,0,0,0,0
2020-03-17,Peru,32626000,Pasco,271900,NA,NA,NA,NA,0,0,0,0,0,0
2020-03-19,Peru,32626000,Pasco,271900,NA,NA,NA,NA,0,0,0,0,0,0
2020-03-21,Peru,32626000,Pasco,271900,NA,NA,NA,NA,0,0,0,0,0,0
2020-03-23,Peru,32626000,Pasco,271900,NA,NA,NA,NA,0,0,0,0,0,0
2020-03-25,Peru,32626000,Pasco,271900,NA,NA,NA,NA,0,0,0,0,0,0
2020-03-27,Peru,32626000,Pasco,271900,NA,NA,NA,NA,1,0,0,1,0,0
2020-03-29,Peru,32626000,Pasco,271900,NA,NA,NA,NA,0,0,0,1,0,0
2020-03-31,Peru,32626000,Pasco,271900,NA,NA,NA,NA,0,0,0,1,0,0
2020-04-02,Peru,32626000,Pasco,271900,NA,NA,NA,NA,0,0,0,1,0,0
2020-04-04,Peru,32626000,Pasco,271900,NA,NA,NA,NA,1,0,0,2,0,0
2020-04-06,Peru,32626000,Pasco,271900,NA,NA,NA,NA,2,0,0,5,0,0
2020-04-08,Peru,32626000,Pasco,271900,NA,NA,NA,NA,0,0,0,5,0,0
2020-04-10,Peru,32626000,Pasco,271900,NA,NA,NA,NA,3,0,0,8,0,0
2020-04-12,Peru,32626000,Pasco,271900,NA,NA,NA,NA,2,0,0,11,0,0
2020-04-14,Peru,32626000,Pasco,271900,NA,NA,NA,NA,0,0,0,11,0,0
2020-04-16,Peru,32626000,Pasco,271900,NA,NA,NA,NA,0,0,0,11,0,0
2020-04-18,Peru,32626000,Pasco,271900,NA,NA,NA,NA,0,0,0,13,0,0
2020-04-20,Peru,32626000,Pasco,271900,NA,NA,NA,NA,14,0,0,32,0,0
2020-04-22,Peru,32626000,Pasco,271900,NA,NA,NA,NA,7,1,0,46,1,0
2020-04-24,Peru,32626000,Pasco,271900,NA,NA,NA,NA,13,0,0,61,1,0
2020-04-26,Peru,32626000,Pasco,271900,NA,NA,NA,NA,10,0,0,78,1,0
2020-04-28,Peru,32626000,Pasco,271900,NA,NA,NA,NA,8,0,0,90,1,0
2020-04-30,Peru,32626000,Pasco,271900,NA,NA,NA,NA,18,0,0,113,1,0
2020-05-02,Peru,32626000,Pasco,271900,NA,NA,NA,NA,26,0,0,148,1,0
2020-05-04,Peru,32626000,Pasco,271900,NA,NA,NA,NA,1,0,0,162,1,0
2020-05-06,Peru,32626000,Pasco,271900,NA,NA,NA,NA,0,0,0,151,1,0
2020-05-08,Peru,32626000,Pasco,271900,NA,NA,NA,NA,7,0,0,158,1,0
2020-05-10,Peru,32626000,Pasco,271900,NA,NA,NA,NA,5,0,0,167,1,0
2020-05-12,Peru,32626000,Pasco,271900,NA,NA,NA,NA,3,0,0,171,1,0
2020-05-14,Peru,32626000,Pasco,271900,NA,NA,NA,NA,6,0,0,179,1,0
2020-05-16,Peru,32626000,Pasco,271900,NA,NA,NA,NA,4,0,0,189,4,0
2020-05-18,Peru,32626000,Pasco,271900,NA,NA,NA,NA,15,0,0,211,4,0
2020-05-20,Peru,32626000,Pasco,271900,NA,NA,NA,NA,2,1,0,231,5,0
2020-05-22,Peru,32626000,Pasco,271900,NA,NA,NA,NA,27,1,0,276,6,0
2020-05-24,Peru,32626000,Pasco,271900,NA,NA,NA,NA,47,0,0,335,8,0
2020-05-26,Peru,32626000,Pasco,271900,NA,NA,NA,NA,21,0,0,408,8,0
2020-05-28,Peru,32626000,Pasco,271900,NA,NA,NA,NA,10,0,0,426,8,0
2020-05-30,Peru,32626000,Pasco,271900,NA,NA,NA,NA,10,1,0,458,9,0
2020-06-01,Peru,32626000,Pasco,271900,NA,NA,NA,NA,10,0,0,473,9,0
2020-06-03,Peru,32626000,Pasco,271900,NA,NA,NA,NA,4,0,0,480,11,0
2020-06-05,Peru,32626000,Pasco,271900,NA,NA,NA,NA,41,0,0,553,11,0
2020-06-07,Peru,32626000,Pasco,271900,NA,NA,NA,NA,9,0,0,574,11,0
2020-06-09,Peru,32626000,Pasco,271900,NA,NA,NA,NA,13,1,0,656,12,0
2020-06-11,Peru,32626000,Pasco,271900,NA,NA,NA,NA,21,0,0,700,13,0
2020-06-13,Peru,32626000,Pasco,271900,NA,NA,NA,NA,18,0,0,747,13,0
2020-06-15,Peru,32626000,Pasco,271900,NA,NA,NA,NA,35,1,0,794,14,0
2020-06-17,Peru,32626000,Pasco,271900,NA,NA,NA,NA,9,1,0,826,16,0
2020-06-19,Peru,32626000,Pasco,271900,NA,NA,NA,NA,12,0,0,841,16,0
2020-06-21,Peru,32626000,Pasco,271900,NA,NA,NA,NA,10,2,0,866,18,0
2020-06-23,Peru,32626000,Pasco,271900,NA,NA,NA,NA,14,0,0,881,20,0
2020-06-25,Peru,32626000,Pasco,271900,NA,NA,NA,NA,10,0,0,898,20,0
2020-06-27,Peru,32626000,Pasco,271900,NA,NA,NA,NA,14,0,0,922,20,0
2020-06-29,Peru,32626000,Pasco,271900,NA,NA,NA,NA,155,0,0,1091,20,0
2020-07-01,Peru,32626000,Pasco,271900,NA,NA,NA,NA,17,2,0,1121,23,0
2020-07-03,Peru,32626000,Pasco,271900,NA,NA,NA,NA,22,0,0,1155,23,0
2020-07-05,Peru,32626000,Pasco,271900,NA,NA,NA,NA,20,0,0,1184,24,0
2020-07-07,Peru,32626000,Pasco,271900,NA,NA,NA,NA,27,0,0,1217,25,0
2020-07-09,Peru,32626000,Pasco,271900,NA,NA,NA,NA,37,0,0,1271,25,0
2020-07-11,Peru,32626000,Pasco,271900,NA,NA,NA,NA,17,0,0,1297,25,0
2020-07-13,Peru,32626000,Pasco,271900,NA,NA,NA,NA,27,1,0,1357,29,0
2020-07-15,Peru,32626000,Pasco,271900,NA,NA,NA,NA,9,2,0,1404,32,0
2020-07-17,Peru,32626000,Pasco,271900,NA,NA,NA,NA,13,1,0,1430,34,0
2020-07-19,Peru,32626000,Pasco,271900,NA,NA,NA,NA,5,2,0,1454,37,0
2020-07-21,Peru,32626000,Pasco,271900,NA,NA,NA,NA,23,1,0,1504,38,0
2020-07-23,Peru,32626000,Pasco,271900,NA,NA,NA,NA,12,0,0,1543,38,0
2020-07-25,Peru,32626000,Pasco,271900,NA,NA,NA,NA,0,0,0,1581,39,0
2020-07-27,Peru,32626000,Pasco,271900,NA,NA,NA,NA,124,3,0,1705,42,0
2020-07-29,Peru,32626000,Pasco,271900,NA,NA,NA,NA,75,0,0,1826,43,0
2020-07-31,Peru,32626000,Pasco,271900,NA,NA,NA,NA,0,0,0,1855,45,0
2020-08-02,Peru,32626000,Pasco,271900,NA,NA,NA,NA,51,1,0,2016,50,0
2020-08-04,Peru,32626000,Pasco,271900,NA,NA,NA,NA,106,1,0,2155,51,0
2020-08-06,Peru,32626000,Pasco,271900,NA,NA,NA,NA,118,0,0,2343,53,0
2020-08-08,Peru,32626000,Pasco,271900,NA,NA,NA,NA,87,1,0,2504,54,0
2020-08-10,Peru,32626000,Pasco,271900,NA,NA,NA,NA,63,1,0,2628,55,0
2020-08-12,Peru,32626000,Pasco,271900,NA,NA,NA,NA,95,1,0,2798,59,0
2020-08-14,Peru,32626000,Pasco,271900,NA,NA,NA,NA,61,1,0,2929,71,0
2020-02-25,Peru,32626000,Piura,2048000,NA,NA,NA,NA,NA,NA,NA,0,0,0
2020-02-27,Peru,32626000,Piura,2048000,NA,NA,NA,NA,0,0,0,0,0,0
2020-02-29,Peru,32626000,Piura,2048000,NA,NA,NA,NA,0,0,0,0,0,0
2020-03-02,Peru,32626000,Piura,2048000,NA,NA,NA,NA,0,0,0,0,0,0
2020-03-04,Peru,32626000,Piura,2048000,NA,NA,NA,NA,0,0,0,0,0,0
2020-03-06,Peru,32626000,Piura,2048000,NA,NA,NA,NA,0,0,0,0,0,0
2020-03-08,Peru,32626000,Piura,2048000,NA,NA,NA,NA,0,0,0,0,0,0
2020-03-10,Peru,32626000,Piura,2048000,NA,NA,NA,NA,0,0,0,0,0,0
2020-03-12,Peru,32626000,Piura,2048000,NA,NA,NA,NA,0,0,0,0,0,0
2020-03-14,Peru,32626000,Piura,2048000,NA,NA,NA,NA,0,0,0,0,0,0
2020-03-16,Peru,32626000,Piura,2048000,NA,NA,NA,NA,0,0,0,2,0,0
2020-03-18,Peru,32626000,Piura,2048000,NA,NA,NA,NA,0,0,0,2,0,0
2020-03-20,Peru,32626000,Piura,2048000,NA,NA,NA,NA,0,0,0,2,0,0
2020-03-22,Peru,32626000,Piura,2048000,NA,NA,NA,NA,0,1,0,18,1,0
2020-03-24,Peru,32626000,Piura,2048000,NA,NA,NA,NA,0,0,0,19,1,1
2020-03-26,Peru,32626000,Piura,2048000,NA,NA,NA,NA,1,0,0,20,1,1
2020-03-28,Peru,32626000,Piura,2048000,NA,NA,NA,NA,0,0,0,20,1,1
2020-03-30,Peru,32626000,Piura,2048000,NA,NA,NA,NA,0,0,0,21,1,1
2020-04-01,Peru,32626000,Piura,2048000,NA,NA,NA,NA,5,0,0,26,1,1
2020-04-03,Peru,32626000,Piura,2048000,NA,NA,NA,NA,0,0,0,27,1,1
2020-04-05,Peru,32626000,Piura,2048000,NA,NA,NA,NA,2,0,0,29,1,1
2020-04-07,Peru,32626000,Piura,2048000,NA,NA,NA,NA,5,2,0,35,3,1
2020-04-09,Peru,32626000,Piura,2048000,NA,NA,NA,NA,12,2,0,53,3,1
2020-04-11,Peru,32626000,Piura,2048000,NA,NA,NA,NA,23,2,0,91,5,1
2020-04-13,Peru,32626000,Piura,2048000,NA,NA,NA,NA,16,0,0,120,5,1
2020-04-15,Peru,32626000,Piura,2048000,NA,NA,NA,NA,5,0,0,229,14,1
2020-04-17,Peru,32626000,Piura,2048000,NA,NA,NA,NA,31,1,0,264,15,1
2020-04-19,Peru,32626000,Piura,2048000,NA,NA,NA,NA,76,13,0,420,37,1
2020-04-21,Peru,32626000,Piura,2048000,NA,NA,NA,NA,39,0,0,475,37,1
2020-04-23,Peru,32626000,Piura,2048000,NA,NA,NA,NA,54,0,0,568,45,1
2020-04-25,Peru,32626000,Piura,2048000,NA,NA,NA,NA,84,34,0,669,79,1
2020-04-27,Peru,32626000,Piura,2048000,NA,NA,NA,NA,26,13,0,816,92,1
2020-04-29,Peru,32626000,Piura,2048000,NA,NA,NA,NA,120,11,0,1080,103,1
2020-05-01,Peru,32626000,Piura,2048000,NA,NA,NA,NA,189,1,0,1396,119,1
2020-05-03,Peru,32626000,Piura,2048000,NA,NA,NA,NA,126,12,0,1618,143,1
2020-05-05,Peru,32626000,Piura,2048000,NA,NA,NA,NA,52,6,0,1804,149,1
2020-05-07,Peru,32626000,Piura,2048000,NA,NA,NA,NA,300,21,0,2214,205,1
2020-05-09,Peru,32626000,Piura,2048000,NA,NA,NA,NA,130,7,0,2388,240,1
2020-05-11,Peru,32626000,Piura,2048000,NA,NA,NA,NA,58,8,0,2483,265,1
2020-05-13,Peru,32626000,Piura,2048000,NA,NA,NA,NA,95,0,0,2693,294,1
2020-05-15,Peru,32626000,Piura,2048000,NA,NA,NA,NA,140,0,0,2970,313,1
2020-05-17,Peru,32626000,Piura,2048000,NA,NA,NA,NA,30,0,0,3062,313,1
2020-05-19,Peru,32626000,Piura,2048000,NA,NA,NA,NA,101,0,0,3192,370,1
2020-05-21,Peru,32626000,Piura,2048000,NA,NA,NA,NA,161,1,0,3496,385,1
2020-05-23,Peru,32626000,Piura,2048000,NA,NA,NA,NA,191,17,0,3812,426,1
2020-05-25,Peru,32626000,Piura,2048000,NA,NA,NA,NA,1238,0,0,5457,429,1
2020-05-27,Peru,32626000,Piura,2048000,NA,NA,NA,NA,582,40,0,6039,481,1
2020-05-29,Peru,32626000,Piura,2048000,NA,NA,NA,NA,238,10,0,7180,507,1
2020-05-31,Peru,32626000,Piura,2048000,NA,NA,NA,NA,324,9,0,7504,519,1
2020-06-02,Peru,32626000,Piura,2048000,NA,NA,NA,NA,5,4,0,8148,531,1
2020-06-04,Peru,32626000,Piura,2048000,NA,NA,NA,NA,1620,10,0,9510,548,1
2020-06-06,Peru,32626000,Piura,2048000,NA,NA,NA,NA,289,4,0,10487,560,1
2020-06-08,Peru,32626000,Piura,2048000,NA,NA,NA,NA,170,5,0,10886,573,1
2020-06-10,Peru,32626000,Piura,2048000,NA,NA,NA,NA,453,9,0,11520,593,1
2020-06-12,Peru,32626000,Piura,2048000,NA,NA,NA,NA,591,4,0,12768,605,1
2020-06-14,Peru,32626000,Piura,2048000,NA,NA,NA,NA,388,11,0,13799,623,1
2020-06-16,Peru,32626000,Piura,2048000,NA,NA,NA,NA,174,11,0,14220,642,1
2020-06-18,Peru,32626000,Piura,2048000,NA,NA,NA,NA,246,10,0,14659,661,1
2020-06-20,Peru,32626000,Piura,2048000,NA,NA,NA,NA,221,16,0,15123,683,1
2020-06-22,Peru,32626000,Piura,2048000,NA,NA,NA,NA,198,5,0,15587,694,1
2020-06-24,Peru,32626000,Piura,2048000,NA,NA,NA,NA,177,15,0,15863,715,1
2020-06-26,Peru,32626000,Piura,2048000,NA,NA,NA,NA,149,8,0,16250,733,1
2020-06-28,Peru,32626000,Piura,2048000,NA,NA,NA,NA,173,5,0,16634,742,1
2020-06-30,Peru,32626000,Piura,2048000,NA,NA,NA,NA,177,6,0,16923,754,1
2020-07-02,Peru,32626000,Piura,2048000,NA,NA,NA,NA,187,10,0,17336,769,1
2020-07-04,Peru,32626000,Piura,2048000,NA,NA,NA,NA,148,5,0,17721,787,1
2020-07-06,Peru,32626000,Piura,2048000,NA,NA,NA,NA,103,6,0,17941,805,1
2020-07-08,Peru,32626000,Piura,2048000,NA,NA,NA,NA,113,1,0,18141,809,1
2020-07-10,Peru,32626000,Piura,2048000,NA,NA,NA,NA,101,7,0,18394,827,1
2020-07-12,Peru,32626000,Piura,2048000,NA,NA,NA,NA,202,10,0,18738,839,1
2020-07-14,Peru,32626000,Piura,2048000,NA,NA,NA,NA,135,6,0,19024,851,1
2020-07-16,Peru,32626000,Piura,2048000,NA,NA,NA,NA,94,7,0,19190,860,1
2020-07-18,Peru,32626000,Piura,2048000,NA,NA,NA,NA,72,1,0,19324,868,1
2020-07-20,Peru,32626000,Piura,2048000,NA,NA,NA,NA,171,6,0,19634,880,1
2020-07-22,Peru,32626000,Piura,2048000,NA,NA,NA,NA,167,6,0,19949,892,1
2020-07-24,Peru,32626000,Piura,2048000,NA,NA,NA,NA,152,7,0,20206,1232,1
2020-07-26,Peru,32626000,Piura,2048000,NA,NA,NA,NA,0,0,0,20206,1232,1
2020-07-28,Peru,32626000,Piura,2048000,NA,NA,NA,NA,189,3,0,20687,1249,1
2020-07-30,Peru,32626000,Piura,2048000,NA,NA,NA,NA,267,3,0,21069,1254,1
2020-08-01,Peru,32626000,Piura,2048000,NA,NA,NA,NA,284,6,0,21353,1260,1
2020-08-03,Peru,32626000,Piura,2048000,NA,NA,NA,NA,76,8,0,21570,1276,1
2020-08-05,Peru,32626000,Piura,2048000,NA,NA,NA,NA,177,13,0,21871,1295,1
2020-08-07,Peru,32626000,Piura,2048000,NA,NA,NA,NA,153,3,0,22184,1306,1
2020-08-09,Peru,32626000,Piura,2048000,NA,NA,NA,NA,257,7,0,22641,1318,1
2020-08-11,Peru,32626000,Piura,2048000,NA,NA,NA,NA,212,7,0,22948,1327,1
2020-08-13,Peru,32626000,Piura,2048000,NA,NA,NA,NA,285,391,0,23467,1722,1
2020-08-15,Peru,32626000,Piura,2048000,NA,NA,NA,NA,295,9,0,24003,1740,1
2020-02-26,Peru,32626000,Puno,1238000,NA,NA,NA,NA,NA,NA,NA,0,0,0
2020-02-28,Peru,32626000,Puno,1238000,NA,NA,NA,NA,0,0,0,0,0,0
2020-03-01,Peru,32626000,Puno,1238000,NA,NA,NA,NA,0,0,0,0,0,0
2020-03-03,Peru,32626000,Puno,1238000,NA,NA,NA,NA,0,0,0,0,0,0
2020-03-05,Peru,32626000,Puno,1238000,NA,NA,NA,NA,0,0,0,0,0,0
2020-03-07,Peru,32626000,Puno,1238000,NA,NA,NA,NA,0,0,0,0,0,0
2020-03-09,Peru,32626000,Puno,1238000,NA,NA,NA,NA,0,0,0,0,0,0
2020-03-11,Peru,32626000,Puno,1238000,NA,NA,NA,NA,0,0,0,0,0,0
2020-03-13,Peru,32626000,Puno,1238000,NA,NA,NA,NA,0,0,0,0,0,0
2020-03-15,Peru,32626000,Puno,1238000,NA,NA,NA,NA,0,0,0,0,0,0
2020-03-17,Peru,32626000,Puno,1238000,NA,NA,NA,NA,0,0,0,0,0,0
2020-03-19,Peru,32626000,Puno,1238000,NA,NA,NA,NA,0,0,0,0,0,0
2020-03-21,Peru,32626000,Puno,1238000,NA,NA,NA,NA,0,0,0,0,0,0
2020-03-23,Peru,32626000,Puno,1238000,NA,NA,NA,NA,0,0,0,0,0,0
2020-03-25,Peru,32626000,Puno,1238000,NA,NA,NA,NA,0,0,0,0,0,0
2020-03-27,Peru,32626000,Puno,1238000,NA,NA,NA,NA,0,0,0,0,0,0
2020-03-29,Peru,32626000,Puno,1238000,NA,NA,NA,NA,0,0,0,0,0,0
2020-03-31,Peru,32626000,Puno,1238000,NA,NA,NA,NA,0,0,0,0,0,0
2020-04-02,Peru,32626000,Puno,1238000,NA,NA,NA,NA,0,0,0,0,0,0
2020-04-04,Peru,32626000,Puno,1238000,NA,NA,NA,NA,0,0,0,0,0,0
2020-04-06,Peru,32626000,Puno,1238000,NA,NA,NA,NA,0,0,0,0,0,0
2020-04-08,Peru,32626000,Puno,1238000,NA,NA,NA,NA,0,0,0,1,0,0
2020-04-10,Peru,32626000,Puno,1238000,NA,NA,NA,NA,0,0,0,1,0,0
2020-04-12,Peru,32626000,Puno,1238000,NA,NA,NA,NA,1,0,0,2,0,0
2020-04-14,Peru,32626000,Puno,1238000,NA,NA,NA,NA,0,0,0,2,0,0
2020-04-16,Peru,32626000,Puno,1238000,NA,NA,NA,NA,0,0,0,2,0,0
2020-04-18,Peru,32626000,Puno,1238000,NA,NA,NA,NA,3,0,0,5,0,0
2020-04-20,Peru,32626000,Puno,1238000,NA,NA,NA,NA,0,0,0,8,0,0
2020-04-22,Peru,32626000,Puno,1238000,NA,NA,NA,NA,4,0,0,15,0,0
2020-04-24,Peru,32626000,Puno,1238000,NA,NA,NA,NA,1,0,0,34,0,0
2020-04-26,Peru,32626000,Puno,1238000,NA,NA,NA,NA,4,0,0,69,0,0
2020-04-28,Peru,32626000,Puno,1238000,NA,NA,NA,NA,19,0,0,88,0,0
2020-04-30,Peru,32626000,Puno,1238000,NA,NA,NA,NA,16,0,0,105,0,0
2020-05-02,Peru,32626000,Puno,1238000,NA,NA,NA,NA,8,0,0,124,0,0
2020-05-04,Peru,32626000,Puno,1238000,NA,NA,NA,NA,7,0,0,142,0,0
2020-05-06,Peru,32626000,Puno,1238000,NA,NA,NA,NA,5,0,0,149,1,0
2020-05-08,Peru,32626000,Puno,1238000,NA,NA,NA,NA,6,0,0,164,1,0
2020-05-10,Peru,32626000,Puno,1238000,NA,NA,NA,NA,2,0,0,166,1,0
2020-05-12,Peru,32626000,Puno,1238000,NA,NA,NA,NA,7,0,0,180,1,0
2020-05-14,Peru,32626000,Puno,1238000,NA,NA,NA,NA,4,0,0,189,1,0
2020-05-16,Peru,32626000,Puno,1238000,NA,NA,NA,NA,9,0,0,201,1,0
2020-05-18,Peru,32626000,Puno,1238000,NA,NA,NA,NA,0,0,0,214,1,0
2020-05-20,Peru,32626000,Puno,1238000,NA,NA,NA,NA,9,0,0,217,1,0
2020-05-22,Peru,32626000,Puno,1238000,NA,NA,NA,NA,7,0,0,232,1,0
2020-05-24,Peru,32626000,Puno,1238000,NA,NA,NA,NA,10,0,0,257,6,0
2020-05-26,Peru,32626000,Puno,1238000,NA,NA,NA,NA,37,0,0,300,6,0
2020-05-28,Peru,32626000,Puno,1238000,NA,NA,NA,NA,0,0,0,322,6,0
2020-05-30,Peru,32626000,Puno,1238000,NA,NA,NA,NA,12,0,0,333,7,0
2020-06-01,Peru,32626000,Puno,1238000,NA,NA,NA,NA,0,0,0,386,7,0
2020-06-03,Peru,32626000,Puno,1238000,NA,NA,NA,NA,0,1,0,398,8,0
2020-06-05,Peru,32626000,Puno,1238000,NA,NA,NA,NA,34,1,0,456,9,0
2020-06-07,Peru,32626000,Puno,1238000,NA,NA,NA,NA,6,0,0,468,9,0
2020-06-09,Peru,32626000,Puno,1238000,NA,NA,NA,NA,5,0,0,476,9,0
2020-06-11,Peru,32626000,Puno,1238000,NA,NA,NA,NA,29,0,0,526,9,0
2020-06-13,Peru,32626000,Puno,1238000,NA,NA,NA,NA,11,2,0,556,12,0
2020-06-15,Peru,32626000,Puno,1238000,NA,NA,NA,NA,19,0,0,585,13,0
2020-06-17,Peru,32626000,Puno,1238000,NA,NA,NA,NA,105,0,0,694,13,0
2020-06-19,Peru,32626000,Puno,1238000,NA,NA,NA,NA,9,0,0,710,14,0
2020-06-21,Peru,32626000,Puno,1238000,NA,NA,NA,NA,13,0,0,766,15,0
2020-06-23,Peru,32626000,Puno,1238000,NA,NA,NA,NA,7,1,0,788,16,0
2020-06-25,Peru,32626000,Puno,1238000,NA,NA,NA,NA,18,0,0,832,16,0
2020-06-27,Peru,32626000,Puno,1238000,NA,NA,NA,NA,9,0,0,853,18,0
2020-06-29,Peru,32626000,Puno,1238000,NA,NA,NA,NA,69,0,0,943,19,0
2020-07-01,Peru,32626000,Puno,1238000,NA,NA,NA,NA,22,1,0,974,22,0
2020-07-03,Peru,32626000,Puno,1238000,NA,NA,NA,NA,22,2,0,1011,27,0
2020-07-05,Peru,32626000,Puno,1238000,NA,NA,NA,NA,17,0,0,1045,28,0
2020-07-07,Peru,32626000,Puno,1238000,NA,NA,NA,NA,21,1,0,1085,32,0
2020-07-09,Peru,32626000,Puno,1238000,NA,NA,NA,NA,16,2,0,1128,35,0
2020-07-11,Peru,32626000,Puno,1238000,NA,NA,NA,NA,5,0,0,1140,36,0
2020-07-13,Peru,32626000,Puno,1238000,NA,NA,NA,NA,20,1,0,1172,38,0
2020-07-15,Peru,32626000,Puno,1238000,NA,NA,NA,NA,8,0,0,1197,38,0
2020-07-17,Peru,32626000,Puno,1238000,NA,NA,NA,NA,65,2,0,1279,42,0
2020-07-19,Peru,32626000,Puno,1238000,NA,NA,NA,NA,15,5,0,1299,49,0
2020-07-21,Peru,32626000,Puno,1238000,NA,NA,NA,NA,115,1,0,1450,51,0
2020-07-23,Peru,32626000,Puno,1238000,NA,NA,NA,NA,40,1,0,1505,53,0
2020-07-25,Peru,32626000,Puno,1238000,NA,NA,NA,NA,0,0,0,1576,55,0
2020-07-27,Peru,32626000,Puno,1238000,NA,NA,NA,NA,286,13,0,1862,68,0
2020-07-29,Peru,32626000,Puno,1238000,NA,NA,NA,NA,107,2,0,2039,72,0
2020-07-31,Peru,32626000,Puno,1238000,NA,NA,NA,NA,0,0,0,2178,72,0
2020-08-02,Peru,32626000,Puno,1238000,NA,NA,NA,NA,66,4,0,2489,82,0
2020-08-04,Peru,32626000,Puno,1238000,NA,NA,NA,NA,124,3,0,2705,90,0
2020-08-06,Peru,32626000,Puno,1238000,NA,NA,NA,NA,165,4,0,3025,96,0
2020-08-08,Peru,32626000,Puno,1238000,NA,NA,NA,NA,259,6,0,3470,104,0
2020-08-10,Peru,32626000,Puno,1238000,NA,NA,NA,NA,167,3,0,3795,115,0
2020-08-12,Peru,32626000,Puno,1238000,NA,NA,NA,NA,175,4,0,4062,124,0
2020-08-14,Peru,32626000,Puno,1238000,NA,NA,NA,NA,187,5,0,4445,138,0
2020-02-25,Peru,32626000,San Martin,899600,NA,NA,NA,NA,NA,NA,NA,0,0,0
2020-02-27,Peru,32626000,San Martin,899600,NA,NA,NA,NA,0,0,0,0,0,0
2020-02-29,Peru,32626000,San Martin,899600,NA,NA,NA,NA,0,0,0,0,0,0
2020-03-02,Peru,32626000,San Martin,899600,NA,NA,NA,NA,0,0,0,0,0,0
2020-03-04,Peru,32626000,San Martin,899600,NA,NA,NA,NA,0,0,0,0,0,0
2020-03-06,Peru,32626000,San Martin,899600,NA,NA,NA,NA,0,0,0,0,0,0
2020-03-08,Peru,32626000,San Martin,899600,NA,NA,NA,NA,0,0,0,0,0,0
2020-03-10,Peru,32626000,San Martin,899600,NA,NA,NA,NA,0,0,0,0,0,0
2020-03-12,Peru,32626000,San Martin,899600,NA,NA,NA,NA,0,0,0,0,0,0
2020-03-14,Peru,32626000,San Martin,899600,NA,NA,NA,NA,0,0,0,0,0,0
2020-03-16,Peru,32626000,San Martin,899600,NA,NA,NA,NA,0,0,0,0,0,0
2020-03-18,Peru,32626000,San Martin,899600,NA,NA,NA,NA,0,0,0,0,0,0
2020-03-20,Peru,32626000,San Martin,899600,NA,NA,NA,NA,0,0,0,0,0,0
2020-03-22,Peru,32626000,San Martin,899600,NA,NA,NA,NA,0,0,0,0,0,0
2020-03-24,Peru,32626000,San Martin,899600,NA,NA,NA,NA,0,0,0,1,0,0
2020-03-26,Peru,32626000,San Martin,899600,NA,NA,NA,NA,0,0,0,1,0,0
2020-03-28,Peru,32626000,San Martin,899600,NA,NA,NA,NA,1,0,0,2,0,0
2020-03-30,Peru,32626000,San Martin,899600,NA,NA,NA,NA,2,0,0,5,0,0
2020-04-01,Peru,32626000,San Martin,899600,NA,NA,NA,NA,0,0,0,6,1,0
2020-04-03,Peru,32626000,San Martin,899600,NA,NA,NA,NA,0,0,0,6,1,0
2020-04-05,Peru,32626000,San Martin,899600,NA,NA,NA,NA,0,0,0,8,1,0
2020-04-07,Peru,32626000,San Martin,899600,NA,NA,NA,NA,0,0,0,8,1,0
2020-04-09,Peru,32626000,San Martin,899600,NA,NA,NA,NA,4,0,0,15,1,0
2020-04-11,Peru,32626000,San Martin,899600,NA,NA,NA,NA,2,0,0,20,1,0
2020-04-13,Peru,32626000,San Martin,899600,NA,NA,NA,NA,0,0,0,23,1,0
2020-04-15,Peru,32626000,San Martin,899600,NA,NA,NA,NA,25,0,0,48,1,0
2020-04-17,Peru,32626000,San Martin,899600,NA,NA,NA,NA,2,0,0,49,1,0
2020-04-19,Peru,32626000,San Martin,899600,NA,NA,NA,NA,13,0,0,94,1,0
2020-04-21,Peru,32626000,San Martin,899600,NA,NA,NA,NA,6,0,0,100,1,0
2020-04-23,Peru,32626000,San Martin,899600,NA,NA,NA,NA,4,0,0,111,1,0
2020-04-25,Peru,32626000,San Martin,899600,NA,NA,NA,NA,4,0,0,121,1,0
2020-04-27,Peru,32626000,San Martin,899600,NA,NA,NA,NA,15,0,0,166,1,0
2020-04-29,Peru,32626000,San Martin,899600,NA,NA,NA,NA,27,0,0,205,1,0
2020-05-01,Peru,32626000,San Martin,899600,NA,NA,NA,NA,10,0,0,248,1,0
2020-05-03,Peru,32626000,San Martin,899600,NA,NA,NA,NA,17,0,0,282,1,0
2020-05-05,Peru,32626000,San Martin,899600,NA,NA,NA,NA,7,0,0,303,1,0
2020-05-07,Peru,32626000,San Martin,899600,NA,NA,NA,NA,17,0,0,334,1,0
2020-05-09,Peru,32626000,San Martin,899600,NA,NA,NA,NA,34,0,0,428,2,0
2020-05-11,Peru,32626000,San Martin,899600,NA,NA,NA,NA,7,3,0,473,6,0
2020-05-13,Peru,32626000,San Martin,899600,NA,NA,NA,NA,16,0,0,505,6,0
2020-05-15,Peru,32626000,San Martin,899600,NA,NA,NA,NA,14,1,0,563,7,0
2020-05-17,Peru,32626000,San Martin,899600,NA,NA,NA,NA,47,1,0,645,9,0
2020-05-19,Peru,32626000,San Martin,899600,NA,NA,NA,NA,87,0,0,739,12,0
2020-05-21,Peru,32626000,San Martin,899600,NA,NA,NA,NA,35,0,0,857,13,0
2020-05-23,Peru,32626000,San Martin,899600,NA,NA,NA,NA,35,0,0,938,13,0
2020-05-25,Peru,32626000,San Martin,899600,NA,NA,NA,NA,23,2,0,980,16,0
2020-05-27,Peru,32626000,San Martin,899600,NA,NA,NA,NA,34,2,0,1037,18,0
2020-05-29,Peru,32626000,San Martin,899600,NA,NA,NA,NA,58,0,0,1151,19,0
2020-05-31,Peru,32626000,San Martin,899600,NA,NA,NA,NA,71,2,0,1296,21,0
2020-06-02,Peru,32626000,San Martin,899600,NA,NA,NA,NA,98,1,0,1433,25,0
2020-06-04,Peru,32626000,San Martin,899600,NA,NA,NA,NA,160,2,0,1662,30,0
2020-06-06,Peru,32626000,San Martin,899600,NA,NA,NA,NA,66,3,0,1847,34,0
2020-06-08,Peru,32626000,San Martin,899600,NA,NA,NA,NA,56,0,0,1952,38,0
2020-06-10,Peru,32626000,San Martin,899600,NA,NA,NA,NA,154,1,0,2206,41,0
2020-06-12,Peru,32626000,San Martin,899600,NA,NA,NA,NA,148,4,0,2454,46,0
2020-06-14,Peru,32626000,San Martin,899600,NA,NA,NA,NA,80,6,0,2754,59,0
2020-06-16,Peru,32626000,San Martin,899600,NA,NA,NA,NA,85,3,0,2911,66,0
2020-06-18,Peru,32626000,San Martin,899600,NA,NA,NA,NA,95,8,0,3110,80,0
2020-06-20,Peru,32626000,San Martin,899600,NA,NA,NA,NA,133,0,0,3383,83,0
2020-06-22,Peru,32626000,San Martin,899600,NA,NA,NA,NA,61,2,0,3614,101,0
2020-06-24,Peru,32626000,San Martin,899600,NA,NA,NA,NA,104,3,0,3804,126,0
2020-06-26,Peru,32626000,San Martin,899600,NA,NA,NA,NA,188,2,0,4163,131,0
2020-06-28,Peru,32626000,San Martin,899600,NA,NA,NA,NA,187,4,0,4548,142,0
2020-06-30,Peru,32626000,San Martin,899600,NA,NA,NA,NA,286,4,0,4982,148,0
2020-07-02,Peru,32626000,San Martin,899600,NA,NA,NA,NA,240,3,0,5316,154,0
2020-07-04,Peru,32626000,San Martin,899600,NA,NA,NA,NA,232,2,0,5821,160,0
2020-07-06,Peru,32626000,San Martin,899600,NA,NA,NA,NA,76,4,0,6023,167,0
2020-07-08,Peru,32626000,San Martin,899600,NA,NA,NA,NA,119,3,0,6216,170,0
2020-07-10,Peru,32626000,San Martin,899600,NA,NA,NA,NA,127,2,0,6433,176,0
2020-07-12,Peru,32626000,San Martin,899600,NA,NA,NA,NA,74,3,0,6608,180,0
2020-07-14,Peru,32626000,San Martin,899600,NA,NA,NA,NA,45,2,0,6735,185,0
2020-07-16,Peru,32626000,San Martin,899600,NA,NA,NA,NA,66,0,0,6863,188,0
2020-07-18,Peru,32626000,San Martin,899600,NA,NA,NA,NA,42,2,0,6947,191,0
2020-07-20,Peru,32626000,San Martin,899600,NA,NA,NA,NA,88,2,0,7107,196,0
2020-07-22,Peru,32626000,San Martin,899600,NA,NA,NA,NA,77,2,0,7186,200,0
2020-07-24,Peru,32626000,San Martin,899600,NA,NA,NA,NA,140,3,0,7411,237,0
2020-07-26,Peru,32626000,San Martin,899600,NA,NA,NA,NA,0,0,0,7411,237,0
2020-07-28,Peru,32626000,San Martin,899600,NA,NA,NA,NA,195,21,0,8036,301,0
2020-07-30,Peru,32626000,San Martin,899600,NA,NA,NA,NA,307,23,0,8565,342,0
2020-08-01,Peru,32626000,San Martin,899600,NA,NA,NA,NA,308,24,0,8873,366,0
2020-08-03,Peru,32626000,San Martin,899600,NA,NA,NA,NA,80,3,0,9065,370,0
2020-08-05,Peru,32626000,San Martin,899600,NA,NA,NA,NA,242,1,0,9460,371,0
2020-08-07,Peru,32626000,San Martin,899600,NA,NA,NA,NA,197,2,0,9862,401,0
2020-08-09,Peru,32626000,San Martin,899600,NA,NA,NA,NA,136,1,0,10149,404,0
2020-08-11,Peru,32626000,San Martin,899600,NA,NA,NA,NA,182,2,0,10397,432,0
2020-08-13,Peru,32626000,San Martin,899600,NA,NA,NA,NA,180,191,0,10783,624,0
2020-08-15,Peru,32626000,San Martin,899600,NA,NA,NA,NA,162,3,0,11095,632,0
2020-02-26,Peru,32626000,Tacna,371000,NA,NA,NA,NA,NA,NA,NA,0,0,0
2020-02-28,Peru,32626000,Tacna,371000,NA,NA,NA,NA,0,0,0,0,0,0
2020-03-01,Peru,32626000,Tacna,371000,NA,NA,NA,NA,0,0,0,0,0,0
2020-03-03,Peru,32626000,Tacna,371000,NA,NA,NA,NA,0,0,0,0,0,0
2020-03-05,Peru,32626000,Tacna,371000,NA,NA,NA,NA,0,0,0,0,0,0
2020-03-07,Peru,32626000,Tacna,371000,NA,NA,NA,NA,0,0,0,0,0,0
2020-03-09,Peru,32626000,Tacna,371000,NA,NA,NA,NA,0,0,0,0,0,0
2020-03-11,Peru,32626000,Tacna,371000,NA,NA,NA,NA,0,0,0,0,0,0
2020-03-13,Peru,32626000,Tacna,371000,NA,NA,NA,NA,0,0,0,0,0,0
2020-03-15,Peru,32626000,Tacna,371000,NA,NA,NA,NA,0,0,0,0,0,0
2020-03-17,Peru,32626000,Tacna,371000,NA,NA,NA,NA,0,0,0,0,0,0
2020-03-19,Peru,32626000,Tacna,371000,NA,NA,NA,NA,0,0,0,0,0,0
2020-03-21,Peru,32626000,Tacna,371000,NA,NA,NA,NA,0,0,0,0,0,0
2020-03-23,Peru,32626000,Tacna,371000,NA,NA,NA,NA,0,0,0,0,0,0
2020-03-25,Peru,32626000,Tacna,371000,NA,NA,NA,NA,0,0,0,0,0,0
2020-03-27,Peru,32626000,Tacna,371000,NA,NA,NA,NA,0,0,0,0,0,0
2020-03-29,Peru,32626000,Tacna,371000,NA,NA,NA,NA,1,0,0,1,0,0
2020-03-31,Peru,32626000,Tacna,371000,NA,NA,NA,NA,1,0,0,2,0,0
2020-04-02,Peru,32626000,Tacna,371000,NA,NA,NA,NA,0,0,0,3,0,0
2020-04-04,Peru,32626000,Tacna,371000,NA,NA,NA,NA,0,0,0,3,0,0
2020-04-06,Peru,32626000,Tacna,371000,NA,NA,NA,NA,0,0,0,9,0,0
2020-04-08,Peru,32626000,Tacna,371000,NA,NA,NA,NA,0,0,0,9,0,0
2020-04-10,Peru,32626000,Tacna,371000,NA,NA,NA,NA,0,0,0,9,0,0
2020-04-12,Peru,32626000,Tacna,371000,NA,NA,NA,NA,0,0,0,9,0,0
2020-04-14,Peru,32626000,Tacna,371000,NA,NA,NA,NA,0,0,0,9,0,0
2020-04-16,Peru,32626000,Tacna,371000,NA,NA,NA,NA,4,0,0,14,0,0
2020-04-18,Peru,32626000,Tacna,371000,NA,NA,NA,NA,8,0,0,28,0,0
2020-04-20,Peru,32626000,Tacna,371000,NA,NA,NA,NA,0,0,0,35,0,0
2020-04-22,Peru,32626000,Tacna,371000,NA,NA,NA,NA,2,0,0,44,0,0
2020-04-24,Peru,32626000,Tacna,371000,NA,NA,NA,NA,9,0,0,59,0,0
2020-04-26,Peru,32626000,Tacna,371000,NA,NA,NA,NA,1,0,0,68,1,0
2020-04-28,Peru,32626000,Tacna,371000,NA,NA,NA,NA,6,0,0,77,1,0
2020-04-30,Peru,32626000,Tacna,371000,NA,NA,NA,NA,17,0,0,111,1,0
2020-05-02,Peru,32626000,Tacna,371000,NA,NA,NA,NA,2,0,0,128,1,0
2020-05-04,Peru,32626000,Tacna,371000,NA,NA,NA,NA,0,0,0,141,2,0
2020-05-06,Peru,32626000,Tacna,371000,NA,NA,NA,NA,11,0,0,160,2,0
2020-05-08,Peru,32626000,Tacna,371000,NA,NA,NA,NA,0,0,0,166,2,0
2020-05-10,Peru,32626000,Tacna,371000,NA,NA,NA,NA,7,0,0,178,2,0
2020-05-12,Peru,32626000,Tacna,371000,NA,NA,NA,NA,0,0,0,178,2,0
2020-05-14,Peru,32626000,Tacna,371000,NA,NA,NA,NA,6,0,0,187,2,0
2020-05-16,Peru,32626000,Tacna,371000,NA,NA,NA,NA,11,0,0,208,2,0
2020-05-18,Peru,32626000,Tacna,371000,NA,NA,NA,NA,1,0,0,216,2,0
2020-05-20,Peru,32626000,Tacna,371000,NA,NA,NA,NA,14,0,0,242,4,0
2020-05-22,Peru,32626000,Tacna,371000,NA,NA,NA,NA,25,0,0,279,4,0
2020-05-24,Peru,32626000,Tacna,371000,NA,NA,NA,NA,0,0,0,291,4,0
2020-05-26,Peru,32626000,Tacna,371000,NA,NA,NA,NA,16,0,0,341,4,0
2020-05-28,Peru,32626000,Tacna,371000,NA,NA,NA,NA,12,0,0,372,4,0
2020-05-30,Peru,32626000,Tacna,371000,NA,NA,NA,NA,3,0,0,375,4,0
2020-06-01,Peru,32626000,Tacna,371000,NA,NA,NA,NA,0,0,0,398,5,0
2020-06-03,Peru,32626000,Tacna,371000,NA,NA,NA,NA,11,0,0,458,5,0
2020-06-05,Peru,32626000,Tacna,371000,NA,NA,NA,NA,36,0,0,504,5,0
2020-06-07,Peru,32626000,Tacna,371000,NA,NA,NA,NA,0,0,0,493,5,0
2020-06-09,Peru,32626000,Tacna,371000,NA,NA,NA,NA,12,0,0,547,5,0
2020-06-11,Peru,32626000,Tacna,371000,NA,NA,NA,NA,9,0,0,572,5,0
2020-06-13,Peru,32626000,Tacna,371000,NA,NA,NA,NA,14,0,0,596,5,0
2020-06-15,Peru,32626000,Tacna,371000,NA,NA,NA,NA,4,1,0,611,6,0
2020-06-17,Peru,32626000,Tacna,371000,NA,NA,NA,NA,56,1,0,680,7,0
2020-06-19,Peru,32626000,Tacna,371000,NA,NA,NA,NA,4,0,0,692,7,0
2020-06-21,Peru,32626000,Tacna,371000,NA,NA,NA,NA,9,0,0,747,8,0
2020-06-23,Peru,32626000,Tacna,371000,NA,NA,NA,NA,6,0,0,810,8,0
2020-06-25,Peru,32626000,Tacna,371000,NA,NA,NA,NA,6,0,0,821,8,0
2020-06-27,Peru,32626000,Tacna,371000,NA,NA,NA,NA,21,0,0,869,8,0
2020-06-29,Peru,32626000,Tacna,371000,NA,NA,NA,NA,12,1,0,888,9,0
2020-07-01,Peru,32626000,Tacna,371000,NA,NA,NA,NA,47,0,0,944,9,0
2020-07-03,Peru,32626000,Tacna,371000,NA,NA,NA,NA,11,1,0,971,10,0
2020-07-05,Peru,32626000,Tacna,371000,NA,NA,NA,NA,27,0,0,1034,10,0
2020-07-07,Peru,32626000,Tacna,371000,NA,NA,NA,NA,27,0,0,1065,10,0
2020-07-09,Peru,32626000,Tacna,371000,NA,NA,NA,NA,30,0,0,1137,10,0
2020-07-11,Peru,32626000,Tacna,371000,NA,NA,NA,NA,34,0,0,1257,11,0
2020-07-13,Peru,32626000,Tacna,371000,NA,NA,NA,NA,39,1,0,1341,13,0
2020-07-15,Peru,32626000,Tacna,371000,NA,NA,NA,NA,72,0,0,1446,13,0
2020-07-17,Peru,32626000,Tacna,371000,NA,NA,NA,NA,50,1,0,1550,14,0
2020-07-19,Peru,32626000,Tacna,371000,NA,NA,NA,NA,59,1,0,1694,15,0
2020-07-21,Peru,32626000,Tacna,371000,NA,NA,NA,NA,33,1,0,2008,17,0
2020-07-23,Peru,32626000,Tacna,371000,NA,NA,NA,NA,107,8,0,2198,25,0
2020-07-25,Peru,32626000,Tacna,371000,NA,NA,NA,NA,0,0,0,2250,27,0
2020-07-27,Peru,32626000,Tacna,371000,NA,NA,NA,NA,156,2,0,2406,29,0
2020-07-29,Peru,32626000,Tacna,371000,NA,NA,NA,NA,107,0,0,2616,30,0
2020-07-31,Peru,32626000,Tacna,371000,NA,NA,NA,NA,0,0,0,2733,33,0
2020-08-02,Peru,32626000,Tacna,371000,NA,NA,NA,NA,117,1,0,3114,37,0
2020-08-04,Peru,32626000,Tacna,371000,NA,NA,NA,NA,81,1,0,3288,38,0
2020-08-06,Peru,32626000,Tacna,371000,NA,NA,NA,NA,199,4,0,3721,43,0
2020-08-08,Peru,32626000,Tacna,371000,NA,NA,NA,NA,221,3,0,4139,47,0
2020-08-10,Peru,32626000,Tacna,371000,NA,NA,NA,NA,117,0,0,4420,52,0
2020-08-12,Peru,32626000,Tacna,371000,NA,NA,NA,NA,166,0,0,4695,58,0
2020-08-14,Peru,32626000,Tacna,371000,NA,NA,NA,NA,198,7,0,5097,98,0
2020-02-25,Peru,32626000,Tumbes,251500,NA,NA,NA,NA,NA,NA,NA,0,0,0
2020-02-27,Peru,32626000,Tumbes,251500,NA,NA,NA,NA,0,0,0,0,0,0
2020-02-29,Peru,32626000,Tumbes,251500,NA,NA,NA,NA,0,0,0,0,0,0
2020-03-02,Peru,32626000,Tumbes,251500,NA,NA,NA,NA,0,0,0,0,0,0
2020-03-04,Peru,32626000,Tumbes,251500,NA,NA,NA,NA,0,0,0,0,0,0
2020-03-06,Peru,32626000,Tumbes,251500,NA,NA,NA,NA,0,0,0,0,0,0
2020-03-08,Peru,32626000,Tumbes,251500,NA,NA,NA,NA,0,0,0,0,0,0
2020-03-10,Peru,32626000,Tumbes,251500,NA,NA,NA,NA,0,0,0,0,0,0
2020-03-12,Peru,32626000,Tumbes,251500,NA,NA,NA,NA,0,0,0,0,0,0
2020-03-14,Peru,32626000,Tumbes,251500,NA,NA,NA,NA,0,0,0,0,0,0
2020-03-16,Peru,32626000,Tumbes,251500,NA,NA,NA,NA,0,0,0,0,0,0
2020-03-18,Peru,32626000,Tumbes,251500,NA,NA,NA,NA,0,0,0,0,0,0
2020-03-20,Peru,32626000,Tumbes,251500,NA,NA,NA,NA,0,0,0,0,0,0
2020-03-22,Peru,32626000,Tumbes,251500,NA,NA,NA,NA,0,0,0,0,0,0
2020-03-24,Peru,32626000,Tumbes,251500,NA,NA,NA,NA,3,0,0,3,0,0
2020-03-26,Peru,32626000,Tumbes,251500,NA,NA,NA,NA,0,0,0,3,0,0
2020-03-28,Peru,32626000,Tumbes,251500,NA,NA,NA,NA,1,0,0,6,0,0
2020-03-30,Peru,32626000,Tumbes,251500,NA,NA,NA,NA,0,0,0,8,0,0
2020-04-01,Peru,32626000,Tumbes,251500,NA,NA,NA,NA,3,0,0,13,1,0
2020-04-03,Peru,32626000,Tumbes,251500,NA,NA,NA,NA,1,0,0,16,2,0
2020-04-05,Peru,32626000,Tumbes,251500,NA,NA,NA,NA,6,0,0,26,3,0
2020-04-07,Peru,32626000,Tumbes,251500,NA,NA,NA,NA,1,1,0,27,4,0
2020-04-09,Peru,32626000,Tumbes,251500,NA,NA,NA,NA,0,0,0,27,4,0
2020-04-11,Peru,32626000,Tumbes,251500,NA,NA,NA,NA,41,0,0,68,4,0
2020-04-13,Peru,32626000,Tumbes,251500,NA,NA,NA,NA,3,0,0,72,4,0
2020-04-15,Peru,32626000,Tumbes,251500,NA,NA,NA,NA,13,6,0,82,10,0
2020-04-17,Peru,32626000,Tumbes,251500,NA,NA,NA,NA,1,0,0,86,10,0
2020-04-19,Peru,32626000,Tumbes,251500,NA,NA,NA,NA,97,0,0,183,10,0
2020-04-21,Peru,32626000,Tumbes,251500,NA,NA,NA,NA,14,0,0,198,10,0
2020-04-23,Peru,32626000,Tumbes,251500,NA,NA,NA,NA,28,6,0,233,16,0
2020-04-25,Peru,32626000,Tumbes,251500,NA,NA,NA,NA,6,0,0,240,19,0
2020-04-27,Peru,32626000,Tumbes,251500,NA,NA,NA,NA,0,0,0,250,19,0
2020-04-29,Peru,32626000,Tumbes,251500,NA,NA,NA,NA,15,0,0,290,19,0
2020-05-01,Peru,32626000,Tumbes,251500,NA,NA,NA,NA,16,0,0,326,19,0
2020-05-03,Peru,32626000,Tumbes,251500,NA,NA,NA,NA,11,0,0,347,19,0
2020-05-05,Peru,32626000,Tumbes,251500,NA,NA,NA,NA,31,0,0,378,19,0
2020-05-07,Peru,32626000,Tumbes,251500,NA,NA,NA,NA,8,0,0,451,19,0
2020-05-09,Peru,32626000,Tumbes,251500,NA,NA,NA,NA,17,0,0,478,19,0
2020-05-11,Peru,32626000,Tumbes,251500,NA,NA,NA,NA,10,0,0,496,47,0
2020-05-13,Peru,32626000,Tumbes,251500,NA,NA,NA,NA,32,0,0,539,47,0
2020-05-15,Peru,32626000,Tumbes,251500,NA,NA,NA,NA,21,0,0,578,59,0
2020-05-17,Peru,32626000,Tumbes,251500,NA,NA,NA,NA,32,0,0,635,59,0
2020-05-19,Peru,32626000,Tumbes,251500,NA,NA,NA,NA,36,0,0,675,59,0
2020-05-21,Peru,32626000,Tumbes,251500,NA,NA,NA,NA,20,0,0,722,62,0
2020-05-23,Peru,32626000,Tumbes,251500,NA,NA,NA,NA,305,0,0,1032,65,0
2020-05-25,Peru,32626000,Tumbes,251500,NA,NA,NA,NA,42,1,0,1074,69,0
2020-05-27,Peru,32626000,Tumbes,251500,NA,NA,NA,NA,24,0,0,1115,69,0
2020-05-29,Peru,32626000,Tumbes,251500,NA,NA,NA,NA,0,1,0,1219,70,0
2020-05-31,Peru,32626000,Tumbes,251500,NA,NA,NA,NA,129,4,0,1348,75,0
2020-06-02,Peru,32626000,Tumbes,251500,NA,NA,NA,NA,0,1,0,1226,77,0
2020-06-04,Peru,32626000,Tumbes,251500,NA,NA,NA,NA,222,3,0,1489,82,0
2020-06-06,Peru,32626000,Tumbes,251500,NA,NA,NA,NA,42,2,0,1543,86,0
2020-06-08,Peru,32626000,Tumbes,251500,NA,NA,NA,NA,4,2,0,1585,91,0
2020-06-10,Peru,32626000,Tumbes,251500,NA,NA,NA,NA,55,0,0,1686,93,0
2020-06-12,Peru,32626000,Tumbes,251500,NA,NA,NA,NA,78,1,0,1814,96,0
2020-06-14,Peru,32626000,Tumbes,251500,NA,NA,NA,NA,58,1,0,1937,98,0
2020-06-16,Peru,32626000,Tumbes,251500,NA,NA,NA,NA,33,5,0,2008,104,0
2020-06-18,Peru,32626000,Tumbes,251500,NA,NA,NA,NA,21,2,0,2136,108,0
2020-06-20,Peru,32626000,Tumbes,251500,NA,NA,NA,NA,38,1,0,2233,109,0
2020-06-22,Peru,32626000,Tumbes,251500,NA,NA,NA,NA,33,1,0,2321,111,0
2020-06-24,Peru,32626000,Tumbes,251500,NA,NA,NA,NA,40,1,0,2386,112,0
2020-06-26,Peru,32626000,Tumbes,251500,NA,NA,NA,NA,37,3,0,2479,115,0
2020-06-28,Peru,32626000,Tumbes,251500,NA,NA,NA,NA,89,2,0,2607,120,0
2020-06-30,Peru,32626000,Tumbes,251500,NA,NA,NA,NA,55,1,0,2696,121,0
2020-07-02,Peru,32626000,Tumbes,251500,NA,NA,NA,NA,34,2,0,2883,125,0
2020-07-04,Peru,32626000,Tumbes,251500,NA,NA,NA,NA,25,0,0,3066,127,0
2020-07-06,Peru,32626000,Tumbes,251500,NA,NA,NA,NA,18,0,0,3164,127,0
2020-07-08,Peru,32626000,Tumbes,251500,NA,NA,NA,NA,10,0,0,3218,127,0
2020-07-10,Peru,32626000,Tumbes,251500,NA,NA,NA,NA,52,0,0,3309,127,0
2020-07-12,Peru,32626000,Tumbes,251500,NA,NA,NA,NA,82,0,0,3416,127,0
2020-07-14,Peru,32626000,Tumbes,251500,NA,NA,NA,NA,19,0,0,3470,127,0
2020-07-16,Peru,32626000,Tumbes,251500,NA,NA,NA,NA,7,0,0,3484,129,0
2020-07-18,Peru,32626000,Tumbes,251500,NA,NA,NA,NA,24,2,0,3514,131,0
2020-07-20,Peru,32626000,Tumbes,251500,NA,NA,NA,NA,46,0,0,3583,132,0
2020-07-22,Peru,32626000,Tumbes,251500,NA,NA,NA,NA,3,0,0,3834,133,0
2020-07-24,Peru,32626000,Tumbes,251500,NA,NA,NA,NA,81,0,0,3937,208,0
2020-07-26,Peru,32626000,Tumbes,251500,NA,NA,NA,NA,0,0,0,3937,208,0
2020-07-28,Peru,32626000,Tumbes,251500,NA,NA,NA,NA,39,0,0,4058,209,0
2020-07-30,Peru,32626000,Tumbes,251500,NA,NA,NA,NA,43,2,0,4133,211,0
2020-08-01,Peru,32626000,Tumbes,251500,NA,NA,NA,NA,103,3,0,4236,214,0
2020-08-03,Peru,32626000,Tumbes,251500,NA,NA,NA,NA,11,0,0,4296,214,0
2020-08-05,Peru,32626000,Tumbes,251500,NA,NA,NA,NA,71,0,0,4423,216,0
2020-08-07,Peru,32626000,Tumbes,251500,NA,NA,NA,NA,57,0,0,4549,216,0
2020-08-09,Peru,32626000,Tumbes,251500,NA,NA,NA,NA,67,0,0,4668,217,0
2020-08-11,Peru,32626000,Tumbes,251500,NA,NA,NA,NA,94,0,0,4805,217,0
2020-08-13,Peru,32626000,Tumbes,251500,NA,NA,NA,NA,71,47,0,4926,265,0
2020-08-15,Peru,32626000,Tumbes,251500,NA,NA,NA,NA,68,0,0,5033,267,0
2020-02-26,Peru,32626000,Ucayali,589100,NA,NA,NA,NA,NA,NA,NA,0,0,0
2020-02-28,Peru,32626000,Ucayali,589100,NA,NA,NA,NA,0,0,0,0,0,0
2020-03-01,Peru,32626000,Ucayali,589100,NA,NA,NA,NA,0,0,0,0,0,0
2020-03-03,Peru,32626000,Ucayali,589100,NA,NA,NA,NA,0,0,0,0,0,0
2020-03-05,Peru,32626000,Ucayali,589100,NA,NA,NA,NA,0,0,0,0,0,0
2020-03-07,Peru,32626000,Ucayali,589100,NA,NA,NA,NA,0,0,0,0,0,0
2020-03-09,Peru,32626000,Ucayali,589100,NA,NA,NA,NA,0,0,0,0,0,0
2020-03-11,Peru,32626000,Ucayali,589100,NA,NA,NA,NA,0,0,0,0,0,0
2020-03-13,Peru,32626000,Ucayali,589100,NA,NA,NA,NA,0,0,0,0,0,0
2020-03-15,Peru,32626000,Ucayali,589100,NA,NA,NA,NA,0,0,0,0,0,0
2020-03-17,Peru,32626000,Ucayali,589100,NA,NA,NA,NA,0,0,0,0,0,0
2020-03-19,Peru,32626000,Ucayali,589100,NA,NA,NA,NA,0,0,0,0,0,0
2020-03-21,Peru,32626000,Ucayali,589100,NA,NA,NA,NA,0,0,0,0,0,0
2020-03-23,Peru,32626000,Ucayali,589100,NA,NA,NA,NA,0,0,0,0,0,0
2020-03-25,Peru,32626000,Ucayali,589100,NA,NA,NA,NA,0,0,0,0,0,0
2020-03-27,Peru,32626000,Ucayali,589100,NA,NA,NA,NA,0,0,0,0,0,0
2020-03-29,Peru,32626000,Ucayali,589100,NA,NA,NA,NA,0,0,0,0,0,0
2020-03-31,Peru,32626000,Ucayali,589100,NA,NA,NA,NA,0,0,0,0,0,0
2020-04-02,Peru,32626000,Ucayali,589100,NA,NA,NA,NA,0,0,0,0,0,0
2020-04-04,Peru,32626000,Ucayali,589100,NA,NA,NA,NA,0,0,0,0,0,0
2020-04-06,Peru,32626000,Ucayali,589100,NA,NA,NA,NA,0,0,0,0,0,0
2020-04-08,Peru,32626000,Ucayali,589100,NA,NA,NA,NA,0,0,0,0,0,0
2020-04-10,Peru,32626000,Ucayali,589100,NA,NA,NA,NA,12,0,0,12,0,0
2020-04-12,Peru,32626000,Ucayali,589100,NA,NA,NA,NA,1,0,0,15,0,0
2020-04-14,Peru,32626000,Ucayali,589100,NA,NA,NA,NA,15,0,0,32,0,0
2020-04-16,Peru,32626000,Ucayali,589100,NA,NA,NA,NA,17,2,0,49,2,0
2020-04-18,Peru,32626000,Ucayali,589100,NA,NA,NA,NA,17,1,0,73,3,0
2020-04-20,Peru,32626000,Ucayali,589100,NA,NA,NA,NA,23,0,0,120,3,0
2020-04-22,Peru,32626000,Ucayali,589100,NA,NA,NA,NA,23,0,0,172,3,0
2020-04-24,Peru,32626000,Ucayali,589100,NA,NA,NA,NA,16,8,0,226,11,0
2020-04-26,Peru,32626000,Ucayali,589100,NA,NA,NA,NA,26,0,0,349,14,0
2020-04-28,Peru,32626000,Ucayali,589100,NA,NA,NA,NA,84,0,0,454,14,0
2020-04-30,Peru,32626000,Ucayali,589100,NA,NA,NA,NA,145,24,0,671,38,0
2020-05-02,Peru,32626000,Ucayali,589100,NA,NA,NA,NA,66,0,0,826,38,0
2020-05-04,Peru,32626000,Ucayali,589100,NA,NA,NA,NA,40,0,0,953,38,0
2020-05-06,Peru,32626000,Ucayali,589100,NA,NA,NA,NA,44,0,0,1076,38,0
2020-05-08,Peru,32626000,Ucayali,589100,NA,NA,NA,NA,39,0,0,1208,38,0
2020-05-10,Peru,32626000,Ucayali,589100,NA,NA,NA,NA,74,0,0,1329,66,0
2020-05-12,Peru,32626000,Ucayali,589100,NA,NA,NA,NA,45,0,0,1437,66,0
2020-05-14,Peru,32626000,Ucayali,589100,NA,NA,NA,NA,56,5,0,1542,71,0
2020-05-16,Peru,32626000,Ucayali,589100,NA,NA,NA,NA,36,20,0,1658,91,0
2020-05-18,Peru,32626000,Ucayali,589100,NA,NA,NA,NA,323,0,0,2032,91,0
2020-05-20,Peru,32626000,Ucayali,589100,NA,NA,NA,NA,147,0,0,2371,91,0
2020-05-22,Peru,32626000,Ucayali,589100,NA,NA,NA,NA,174,0,0,2652,104,0
2020-05-24,Peru,32626000,Ucayali,589100,NA,NA,NA,NA,166,0,0,2941,104,0
2020-05-26,Peru,32626000,Ucayali,589100,NA,NA,NA,NA,279,0,0,3238,104,0
2020-05-28,Peru,32626000,Ucayali,589100,NA,NA,NA,NA,292,1,0,3530,105,0
2020-05-30,Peru,32626000,Ucayali,589100,NA,NA,NA,NA,0,1,0,3645,107,0
2020-06-01,Peru,32626000,Ucayali,589100,NA,NA,NA,NA,214,0,0,4268,107,0
2020-06-03,Peru,32626000,Ucayali,589100,NA,NA,NA,NA,113,3,0,4580,113,0
2020-06-05,Peru,32626000,Ucayali,589100,NA,NA,NA,NA,64,1,0,5087,114,0
2020-06-07,Peru,32626000,Ucayali,589100,NA,NA,NA,NA,123,2,0,5306,117,0
2020-06-09,Peru,32626000,Ucayali,589100,NA,NA,NA,NA,104,1,0,5525,118,0
2020-06-11,Peru,32626000,Ucayali,589100,NA,NA,NA,NA,266,1,0,5914,120,0
2020-06-13,Peru,32626000,Ucayali,589100,NA,NA,NA,NA,159,0,0,6244,122,0
2020-06-15,Peru,32626000,Ucayali,589100,NA,NA,NA,NA,50,1,0,6400,127,0
2020-06-17,Peru,32626000,Ucayali,589100,NA,NA,NA,NA,207,4,0,6645,133,0
2020-06-19,Peru,32626000,Ucayali,589100,NA,NA,NA,NA,57,0,0,6817,138,0
2020-06-21,Peru,32626000,Ucayali,589100,NA,NA,NA,NA,74,1,0,6989,141,0
2020-06-23,Peru,32626000,Ucayali,589100,NA,NA,NA,NA,52,1,0,7229,142,0
2020-06-25,Peru,32626000,Ucayali,589100,NA,NA,NA,NA,34,0,0,7327,145,0
2020-06-27,Peru,32626000,Ucayali,589100,NA,NA,NA,NA,129,0,0,7528,146,0
2020-06-29,Peru,32626000,Ucayali,589100,NA,NA,NA,NA,49,3,0,7668,152,0
2020-07-01,Peru,32626000,Ucayali,589100,NA,NA,NA,NA,88,3,0,7824,155,0
2020-07-03,Peru,32626000,Ucayali,589100,NA,NA,NA,NA,42,1,0,7979,157,0
2020-07-05,Peru,32626000,Ucayali,589100,NA,NA,NA,NA,138,0,0,8170,157,0
2020-07-07,Peru,32626000,Ucayali,589100,NA,NA,NA,NA,118,0,0,8313,160,0
2020-07-09,Peru,32626000,Ucayali,589100,NA,NA,NA,NA,55,1,0,8476,162,0
2020-07-11,Peru,32626000,Ucayali,589100,NA,NA,NA,NA,91,1,0,8649,163,0
2020-07-13,Peru,32626000,Ucayali,589100,NA,NA,NA,NA,149,4,0,8862,167,0
2020-07-15,Peru,32626000,Ucayali,589100,NA,NA,NA,NA,38,0,0,8932,170,0
2020-07-17,Peru,32626000,Ucayali,589100,NA,NA,NA,NA,40,2,0,9049,175,0
2020-07-19,Peru,32626000,Ucayali,589100,NA,NA,NA,NA,80,1,0,9157,177,0
2020-07-21,Peru,32626000,Ucayali,589100,NA,NA,NA,NA,34,0,0,9278,178,0
2020-07-23,Peru,32626000,Ucayali,589100,NA,NA,NA,NA,18,46,0,9326,226,0
2020-07-25,Peru,32626000,Ucayali,589100,NA,NA,NA,NA,0,0,0,9381,226,0
2020-07-27,Peru,32626000,Ucayali,589100,NA,NA,NA,NA,144,3,0,9525,229,0
2020-07-29,Peru,32626000,Ucayali,589100,NA,NA,NA,NA,139,0,0,9737,231,0
2020-07-31,Peru,32626000,Ucayali,589100,NA,NA,NA,NA,0,0,0,9941,233,0
2020-08-02,Peru,32626000,Ucayali,589100,NA,NA,NA,NA,92,2,0,10254,235,0
2020-08-04,Peru,32626000,Ucayali,589100,NA,NA,NA,NA,55,0,0,10380,236,0
2020-08-06,Peru,32626000,Ucayali,589100,NA,NA,NA,NA,88,2,0,10595,238,0
2020-08-08,Peru,32626000,Ucayali,589100,NA,NA,NA,NA,92,1,0,10840,239,0
2020-08-10,Peru,32626000,Ucayali,589100,NA,NA,NA,NA,65,0,0,10993,239,0
2020-08-12,Peru,32626000,Ucayali,589100,NA,NA,NA,NA,181,0,0,11341,240,0
2020-08-14,Peru,32626000,Ucayali,589100,NA,NA,NA,NA,144,1,0,11627,281,0
2020-02-25,Brazil,210147125,Acre,881935,NA,NA,NA,NA,NA,NA,NA,0,0,0
2020-02-27,Brazil,210147125,Acre,881935,NA,NA,NA,NA,0,0,0,0,0,0
2020-02-29,Brazil,210147125,Acre,881935,NA,NA,NA,NA,0,0,0,0,0,0
2020-03-02,Brazil,210147125,Acre,881935,NA,NA,NA,NA,0,0,0,0,0,0
2020-03-04,Brazil,210147125,Acre,881935,NA,NA,NA,NA,0,0,0,0,0,0
2020-03-06,Brazil,210147125,Acre,881935,NA,NA,NA,NA,0,0,0,0,0,0
2020-03-08,Brazil,210147125,Acre,881935,NA,NA,NA,NA,0,0,0,0,0,0
2020-03-10,Brazil,210147125,Acre,881935,NA,NA,NA,NA,0,0,0,0,0,0
2020-03-12,Brazil,210147125,Acre,881935,NA,NA,NA,NA,0,0,0,0,0,0
2020-03-14,Brazil,210147125,Acre,881935,NA,NA,NA,NA,0,0,0,0,0,0
2020-03-16,Brazil,210147125,Acre,881935,NA,NA,NA,NA,0,0,0,0,0,0
2020-03-18,Brazil,210147125,Acre,881935,NA,NA,NA,NA,0,0,0,0,0,0
2020-03-20,Brazil,210147125,Acre,881935,NA,NA,NA,NA,4,0,0,7,0,0
2020-03-22,Brazil,210147125,Acre,881935,NA,NA,NA,NA,2,0,0,11,0,0
2020-03-24,Brazil,210147125,Acre,881935,NA,NA,NA,NA,6,0,0,17,0,0
2020-03-26,Brazil,210147125,Acre,881935,NA,NA,NA,NA,1,0,0,24,0,0
2020-03-28,Brazil,210147125,Acre,881935,NA,NA,NA,NA,0,0,0,25,0,0
2020-03-30,Brazil,210147125,Acre,881935,NA,NA,NA,NA,8,0,0,42,0,0
2020-04-01,Brazil,210147125,Acre,881935,NA,NA,NA,NA,1,0,0,43,0,0
2020-04-03,Brazil,210147125,Acre,881935,NA,NA,NA,NA,3,0,0,46,0,0
2020-04-05,Brazil,210147125,Acre,881935,NA,NA,NA,NA,2,0,0,48,0,0
2020-04-07,Brazil,210147125,Acre,881935,NA,NA,NA,NA,0,1,0,50,1,0
2020-04-09,Brazil,210147125,Acre,881935,NA,NA,NA,NA,8,0,0,62,2,0
2020-04-11,Brazil,210147125,Acre,881935,NA,NA,NA,NA,2,0,0,72,2,0
2020-04-13,Brazil,210147125,Acre,881935,NA,NA,NA,NA,13,1,0,90,3,0
2020-04-15,Brazil,210147125,Acre,881935,NA,NA,NA,NA,2,0,0,101,3,0
2020-04-17,Brazil,210147125,Acre,881935,NA,NA,NA,NA,25,0,0,135,5,0
2020-04-19,Brazil,210147125,Acre,881935,NA,NA,NA,NA,21,1,0,163,6,0
2020-04-21,Brazil,210147125,Acre,881935,NA,NA,NA,NA,19,0,0,195,8,0
2020-04-23,Brazil,210147125,Acre,881935,NA,NA,NA,NA,13,2,0,227,10,0
2020-04-25,Brazil,210147125,Acre,881935,NA,NA,NA,NA,24,0,0,258,11,0
2020-04-27,Brazil,210147125,Acre,881935,NA,NA,NA,NA,0,3,0,279,14,0
2020-04-29,Brazil,210147125,Acre,881935,NA,NA,NA,NA,43,1,0,354,17,0
2020-05-01,Brazil,210147125,Acre,881935,NA,NA,NA,NA,82,0,0,486,19,0
2020-05-03,Brazil,210147125,Acre,881935,NA,NA,NA,NA,104,2,0,657,24,0
2020-05-05,Brazil,210147125,Acre,881935,NA,NA,NA,NA,84,1,0,817,29,0
2020-05-07,Brazil,210147125,Acre,881935,NA,NA,NA,NA,71,3,0,1014,36,0
2020-05-09,Brazil,210147125,Acre,881935,NA,NA,NA,NA,158,1,0,1335,39,0
2020-05-11,Brazil,210147125,Acre,881935,NA,NA,NA,NA,13,4,0,1460,45,0
2020-05-13,Brazil,210147125,Acre,881935,NA,NA,NA,NA,104,1,0,1694,52,0
2020-05-15,Brazil,210147125,Acre,881935,NA,NA,NA,NA,45,2,0,1785,57,0
2020-05-17,Brazil,210147125,Acre,881935,NA,NA,NA,NA,130,1,0,1997,60,0
2020-05-19,Brazil,210147125,Acre,881935,NA,NA,NA,NA,248,5,0,2482,72,0
2020-05-21,Brazil,210147125,Acre,881935,NA,NA,NA,NA,286,2,0,3103,78,0
2020-05-23,Brazil,210147125,Acre,881935,NA,NA,NA,NA,524,7,0,3867,87,0
2020-05-25,Brazil,210147125,Acre,881935,NA,NA,NA,NA,341,5,0,4501,97,0
2020-05-27,Brazil,210147125,Acre,881935,NA,NA,NA,NA,470,8,0,5251,113,0
2020-05-29,Brazil,210147125,Acre,881935,NA,NA,NA,NA,241,13,0,5841,135,0
2020-05-31,Brazil,210147125,Acre,881935,NA,NA,NA,NA,147,6,0,6219,148,0
2020-06-02,Brazil,210147125,Acre,881935,NA,NA,NA,NA,139,4,0,6465,165,0
2020-06-04,Brazil,210147125,Acre,881935,NA,NA,NA,NA,342,10,0,7021,181,0
2020-06-06,Brazil,210147125,Acre,881935,NA,NA,NA,NA,241,11,0,7525,201,0
2020-06-08,Brazil,210147125,Acre,881935,NA,NA,NA,NA,145,4,0,8128,211,0
2020-06-10,Brazil,210147125,Acre,881935,NA,NA,NA,NA,289,14,0,8746,237,0
2020-06-12,Brazil,210147125,Acre,881935,NA,NA,NA,NA,204,9,0,9295,254,0
2020-06-14,Brazil,210147125,Acre,881935,NA,NA,NA,NA,108,3,0,9642,259,0
2020-06-16,Brazil,210147125,Acre,881935,NA,NA,NA,NA,232,6,0,10003,271,0
2020-06-18,Brazil,210147125,Acre,881935,NA,NA,NA,NA,325,6,0,10664,287,0
2020-06-20,Brazil,210147125,Acre,881935,NA,NA,NA,NA,276,5,0,11263,297,0
2020-06-22,Brazil,210147125,Acre,881935,NA,NA,NA,NA,158,5,0,11539,305,0
2020-06-24,Brazil,210147125,Acre,881935,NA,NA,NA,NA,212,5,0,12022,326,0
2020-06-26,Brazil,210147125,Acre,881935,NA,NA,NA,NA,340,8,0,12644,343,0
2020-06-28,Brazil,210147125,Acre,881935,NA,NA,NA,NA,145,2,0,13058,353,0
2020-06-30,Brazil,210147125,Acre,881935,NA,NA,NA,NA,107,4,0,13253,365,0
2020-07-02,Brazil,210147125,Acre,881935,NA,NA,NA,NA,333,8,0,14048,378,0
2020-07-04,Brazil,210147125,Acre,881935,NA,NA,NA,NA,375,4,0,14487,391,0
2020-07-06,Brazil,210147125,Acre,881935,NA,NA,NA,NA,66,3,0,14688,394,0
2020-07-08,Brazil,210147125,Acre,881935,NA,NA,NA,NA,226,5,0,15167,404,0
2020-07-10,Brazil,210147125,Acre,881935,NA,NA,NA,NA,303,6,0,15768,417,0
2020-07-12,Brazil,210147125,Acre,881935,NA,NA,NA,NA,110,7,0,16190,426,0
2020-07-14,Brazil,210147125,Acre,881935,NA,NA,NA,NA,219,6,0,16479,436,0
2020-07-16,Brazil,210147125,Acre,881935,NA,NA,NA,NA,193,1,0,16865,447,0
2020-07-18,Brazil,210147125,Acre,881935,NA,NA,NA,NA,237,5,0,17202,457,0
2020-07-20,Brazil,210147125,Acre,881935,NA,NA,NA,NA,167,5,0,17462,465,0
2020-07-22,Brazil,210147125,Acre,881935,NA,NA,NA,NA,279,1,0,17979,470,0
2020-07-24,Brazil,210147125,Acre,881935,NA,NA,NA,NA,236,6,0,18393,480,0
2020-07-26,Brazil,210147125,Acre,881935,NA,NA,NA,NA,88,3,0,18745,486,0
2020-07-28,Brazil,210147125,Acre,881935,NA,NA,NA,NA,349,7,0,19132,500,0
2020-07-30,Brazil,210147125,Acre,881935,NA,NA,NA,NA,207,11,0,19573,521,0
2020-08-01,Brazil,210147125,Acre,881935,NA,NA,NA,NA,0,0,0,19625,531,0
2020-08-03,Brazil,210147125,Acre,881935,NA,NA,NA,NA,0,0,0,19625,531,0
2020-08-05,Brazil,210147125,Acre,881935,NA,NA,NA,NA,1408,16,0,21033,547,0
2020-08-07,Brazil,210147125,Acre,881935,NA,NA,NA,NA,113,4,0,21376,556,0
2020-08-09,Brazil,210147125,Acre,881935,NA,NA,NA,NA,89,2,0,21587,561,0
2020-08-11,Brazil,210147125,Acre,881935,NA,NA,NA,NA,138,3,0,21757,565,0
2020-08-13,Brazil,210147125,Acre,881935,NA,NA,NA,NA,249,5,0,22242,574,0
2020-08-15,Brazil,210147125,Acre,881935,NA,NA,NA,NA,81,0,0,22516,576,0
2020-02-26,Brazil,210147125,Alagoas,3337357,NA,NA,NA,NA,0,NA,NA,0,0,0
2020-02-28,Brazil,210147125,Alagoas,3337357,NA,NA,NA,NA,0,0,0,0,0,0
2020-03-01,Brazil,210147125,Alagoas,3337357,NA,NA,NA,NA,0,0,0,0,0,0
2020-03-03,Brazil,210147125,Alagoas,3337357,NA,NA,NA,NA,0,0,0,0,0,0
2020-03-05,Brazil,210147125,Alagoas,3337357,NA,NA,NA,NA,0,0,0,0,0,0
2020-03-07,Brazil,210147125,Alagoas,3337357,NA,NA,NA,NA,0,0,0,0,0,0
2020-03-09,Brazil,210147125,Alagoas,3337357,NA,NA,NA,NA,0,0,0,1,0,0
2020-03-11,Brazil,210147125,Alagoas,3337357,NA,NA,NA,NA,0,0,0,1,0,0
2020-03-13,Brazil,210147125,Alagoas,3337357,NA,NA,NA,NA,0,0,0,1,0,0
2020-03-15,Brazil,210147125,Alagoas,3337357,NA,NA,NA,NA,0,0,0,1,0,0
2020-03-17,Brazil,210147125,Alagoas,3337357,NA,NA,NA,NA,0,0,0,1,0,0
2020-03-19,Brazil,210147125,Alagoas,3337357,NA,NA,NA,NA,3,0,0,4,0,0
2020-03-21,Brazil,210147125,Alagoas,3337357,NA,NA,NA,NA,2,0,0,7,0,0
2020-03-23,Brazil,210147125,Alagoas,3337357,NA,NA,NA,NA,0,0,0,7,0,0
2020-03-25,Brazil,210147125,Alagoas,3337357,NA,NA,NA,NA,2,0,0,11,0,0
2020-03-27,Brazil,210147125,Alagoas,3337357,NA,NA,NA,NA,0,0,0,11,0,0
2020-03-29,Brazil,210147125,Alagoas,3337357,NA,NA,NA,NA,3,0,0,17,0,0
2020-03-31,Brazil,210147125,Alagoas,3337357,NA,NA,NA,NA,1,1,0,18,1,0
2020-04-02,Brazil,210147125,Alagoas,3337357,NA,NA,NA,NA,0,0,0,18,1,0
2020-04-04,Brazil,210147125,Alagoas,3337357,NA,NA,NA,NA,1,0,0,23,2,0
2020-04-06,Brazil,210147125,Alagoas,3337357,NA,NA,NA,NA,3,0,0,31,2,0
2020-04-08,Brazil,210147125,Alagoas,3337357,NA,NA,NA,NA,5,0,0,37,2,0
2020-04-10,Brazil,210147125,Alagoas,3337357,NA,NA,NA,NA,8,0,0,45,3,0
2020-04-12,Brazil,210147125,Alagoas,3337357,NA,NA,NA,NA,0,0,0,48,3,0
2020-04-14,Brazil,210147125,Alagoas,3337357,NA,NA,NA,NA,22,1,0,72,4,0
2020-04-16,Brazil,210147125,Alagoas,3337357,NA,NA,NA,NA,7,0,0,89,5,0
2020-04-18,Brazil,210147125,Alagoas,3337357,NA,NA,NA,NA,22,0,0,132,7,0
2020-04-20,Brazil,210147125,Alagoas,3337357,NA,NA,NA,NA,12,3,0,171,18,0
2020-04-22,Brazil,210147125,Alagoas,3337357,NA,NA,NA,NA,33,1,0,243,20,0
2020-04-24,Brazil,210147125,Alagoas,3337357,NA,NA,NA,NA,89,5,0,413,27,0
2020-04-26,Brazil,210147125,Alagoas,3337357,NA,NA,NA,NA,53,3,0,554,32,0
2020-04-28,Brazil,210147125,Alagoas,3337357,NA,NA,NA,NA,134,2,0,777,36,0
2020-04-30,Brazil,210147125,Alagoas,3337357,NA,NA,NA,NA,87,6,0,1044,47,0
2020-05-02,Brazil,210147125,Alagoas,3337357,NA,NA,NA,NA,146,5,0,1372,58,0
2020-05-04,Brazil,210147125,Alagoas,3337357,NA,NA,NA,NA,97,8,0,1538,72,0
2020-05-06,Brazil,210147125,Alagoas,3337357,NA,NA,NA,NA,97,9,0,1703,89,0
2020-05-08,Brazil,210147125,Alagoas,3337357,NA,NA,NA,NA,166,10,0,2033,108,0
2020-05-10,Brazil,210147125,Alagoas,3337357,NA,NA,NA,NA,86,12,0,2258,126,0
2020-05-12,Brazil,210147125,Alagoas,3337357,NA,NA,NA,NA,237,12,0,2580,150,0
2020-05-14,Brazil,210147125,Alagoas,3337357,NA,NA,NA,NA,211,13,0,2972,177,0
2020-05-16,Brazil,210147125,Alagoas,3337357,NA,NA,NA,NA,381,12,0,3593,199,0
2020-05-18,Brazil,210147125,Alagoas,3337357,NA,NA,NA,NA,215,11,0,4031,221,0
2020-05-20,Brazil,210147125,Alagoas,3337357,NA,NA,NA,NA,121,20,0,4437,251,0
2020-05-22,Brazil,210147125,Alagoas,3337357,NA,NA,NA,NA,386,18,0,5302,280,0
2020-05-24,Brazil,210147125,Alagoas,3337357,NA,NA,NA,NA,584,15,0,6214,316,0
2020-05-26,Brazil,210147125,Alagoas,3337357,NA,NA,NA,NA,376,17,0,7058,354,0
2020-05-28,Brazil,210147125,Alagoas,3337357,NA,NA,NA,NA,475,17,0,8055,385,0
2020-05-30,Brazil,210147125,Alagoas,3337357,NA,NA,NA,NA,605,18,0,9223,424,0
2020-06-01,Brazil,210147125,Alagoas,3337357,NA,NA,NA,NA,549,18,0,10837,461,0
2020-06-03,Brazil,210147125,Alagoas,3337357,NA,NA,NA,NA,848,24,0,12407,506,0
2020-06-05,Brazil,210147125,Alagoas,3337357,NA,NA,NA,NA,840,26,0,13937,557,0
2020-06-07,Brazil,210147125,Alagoas,3337357,NA,NA,NA,NA,888,19,0,15706,601,0
2020-06-09,Brazil,210147125,Alagoas,3337357,NA,NA,NA,NA,1487,39,0,17193,640,0
2020-06-11,Brazil,210147125,Alagoas,3337357,NA,NA,NA,NA,1024,21,0,19200,681,0
2020-06-13,Brazil,210147125,Alagoas,3337357,NA,NA,NA,NA,856,22,0,20887,723,0
2020-06-15,Brazil,210147125,Alagoas,3337357,NA,NA,NA,NA,763,24,0,22962,768,0
2020-06-17,Brazil,210147125,Alagoas,3337357,NA,NA,NA,NA,1235,18,0,24867,811,0
2020-06-19,Brazil,210147125,Alagoas,3337357,NA,NA,NA,NA,1273,17,0,26906,848,0
2020-06-21,Brazil,210147125,Alagoas,3337357,NA,NA,NA,NA,959,18,0,28657,884,0
2020-06-23,Brazil,210147125,Alagoas,3337357,NA,NA,NA,NA,853,17,0,30248,920,0
2020-06-25,Brazil,210147125,Alagoas,3337357,NA,NA,NA,NA,835,20,0,32065,958,0
2020-06-27,Brazil,210147125,Alagoas,3337357,NA,NA,NA,NA,657,18,0,33521,993,0
2020-06-29,Brazil,210147125,Alagoas,3337357,NA,NA,NA,NA,805,20,0,35117,1032,0
2020-07-01,Brazil,210147125,Alagoas,3337357,NA,NA,NA,NA,857,20,0,36819,1072,0
2020-07-03,Brazil,210147125,Alagoas,3337357,NA,NA,NA,NA,1076,22,0,38404,1113,0
2020-07-05,Brazil,210147125,Alagoas,3337357,NA,NA,NA,NA,680,19,0,39935,1153,0
2020-07-07,Brazil,210147125,Alagoas,3337357,NA,NA,NA,NA,955,20,0,41524,1192,0
2020-07-09,Brazil,210147125,Alagoas,3337357,NA,NA,NA,NA,869,17,0,43191,1230,0
2020-07-11,Brazil,210147125,Alagoas,3337357,NA,NA,NA,NA,674,18,0,44633,1264,0
2020-07-13,Brazil,210147125,Alagoas,3337357,NA,NA,NA,NA,966,16,0,46296,1297,0
2020-07-15,Brazil,210147125,Alagoas,3337357,NA,NA,NA,NA,859,17,0,47864,1331,0
2020-07-17,Brazil,210147125,Alagoas,3337357,NA,NA,NA,NA,519,17,0,49253,1365,0
2020-07-19,Brazil,210147125,Alagoas,3337357,NA,NA,NA,NA,495,16,0,50078,1397,0
2020-07-21,Brazil,210147125,Alagoas,3337357,NA,NA,NA,NA,644,15,0,50951,1428,0
2020-07-23,Brazil,210147125,Alagoas,3337357,NA,NA,NA,NA,849,14,0,52529,1457,0
2020-07-25,Brazil,210147125,Alagoas,3337357,NA,NA,NA,NA,1017,15,0,54730,1486,0
2020-07-27,Brazil,210147125,Alagoas,3337357,NA,NA,NA,NA,828,14,0,56204,1514,0
2020-07-29,Brazil,210147125,Alagoas,3337357,NA,NA,NA,NA,982,13,0,58124,1540,0
2020-07-31,Brazil,210147125,Alagoas,3337357,NA,NA,NA,NA,746,13,0,59725,1567,0
2020-08-02,Brazil,210147125,Alagoas,3337357,NA,NA,NA,NA,0,0,0,59725,1567,0
2020-08-04,Brazil,210147125,Alagoas,3337357,NA,NA,NA,NA,0,0,0,59725,1567,0
2020-08-06,Brazil,210147125,Alagoas,3337357,NA,NA,NA,NA,899,10,0,65093,1643,0
2020-08-08,Brazil,210147125,Alagoas,3337357,NA,NA,NA,NA,832,11,0,66748,1665,0
2020-08-10,Brazil,210147125,Alagoas,3337357,NA,NA,NA,NA,624,11,0,68237,1688,0
2020-08-12,Brazil,210147125,Alagoas,3337357,NA,NA,NA,NA,816,11,0,69751,1711,0
2020-08-14,Brazil,210147125,Alagoas,3337357,NA,NA,NA,NA,603,11,0,71232,1732,0
2020-02-25,Brazil,210147125,Amapa,845731,NA,NA,NA,NA,NA,NA,NA,0,0,0
2020-02-27,Brazil,210147125,Amapa,845731,NA,NA,NA,NA,0,0,0,0,0,0
2020-02-29,Brazil,210147125,Amapa,845731,NA,NA,NA,NA,0,0,0,0,0,0
2020-03-02,Brazil,210147125,Amapa,845731,NA,NA,NA,NA,0,0,0,0,0,0
2020-03-04,Brazil,210147125,Amapa,845731,NA,NA,NA,NA,0,0,0,0,0,0
2020-03-06,Brazil,210147125,Amapa,845731,NA,NA,NA,NA,0,0,0,0,0,0
2020-03-08,Brazil,210147125,Amapa,845731,NA,NA,NA,NA,0,0,0,0,0,0
2020-03-10,Brazil,210147125,Amapa,845731,NA,NA,NA,NA,0,0,0,0,0,0
2020-03-12,Brazil,210147125,Amapa,845731,NA,NA,NA,NA,0,0,0,0,0,0
2020-03-14,Brazil,210147125,Amapa,845731,NA,NA,NA,NA,0,0,0,0,0,0
2020-03-16,Brazil,210147125,Amapa,845731,NA,NA,NA,NA,0,0,0,0,0,0
2020-03-18,Brazil,210147125,Amapa,845731,NA,NA,NA,NA,0,0,0,0,0,0
2020-03-20,Brazil,210147125,Amapa,845731,NA,NA,NA,NA,1,0,0,1,0,0
2020-03-22,Brazil,210147125,Amapa,845731,NA,NA,NA,NA,0,0,0,1,0,0
2020-03-24,Brazil,210147125,Amapa,845731,NA,NA,NA,NA,0,0,0,1,0,0
2020-03-26,Brazil,210147125,Amapa,845731,NA,NA,NA,NA,1,0,0,2,0,0
2020-03-28,Brazil,210147125,Amapa,845731,NA,NA,NA,NA,2,0,0,4,0,0
2020-03-30,Brazil,210147125,Amapa,845731,NA,NA,NA,NA,4,0,0,8,0,0
2020-04-01,Brazil,210147125,Amapa,845731,NA,NA,NA,NA,1,0,0,11,0,0
2020-04-03,Brazil,210147125,Amapa,845731,NA,NA,NA,NA,8,0,0,19,0,0
2020-04-05,Brazil,210147125,Amapa,845731,NA,NA,NA,NA,1,1,0,29,2,0
2020-04-07,Brazil,210147125,Amapa,845731,NA,NA,NA,NA,14,0,0,48,2,0
2020-04-09,Brazil,210147125,Amapa,845731,NA,NA,NA,NA,21,0,0,128,2,0
2020-04-11,Brazil,210147125,Amapa,845731,NA,NA,NA,NA,27,1,0,193,3,0
2020-04-13,Brazil,210147125,Amapa,845731,NA,NA,NA,NA,12,0,0,242,5,0
2020-04-15,Brazil,210147125,Amapa,845731,NA,NA,NA,NA,27,1,0,334,7,0
2020-04-17,Brazil,210147125,Amapa,845731,NA,NA,NA,NA,8,1,0,370,10,0
2020-04-19,Brazil,210147125,Amapa,845731,NA,NA,NA,NA,23,1,0,416,11,0
2020-04-21,Brazil,210147125,Amapa,845731,NA,NA,NA,NA,24,0,0,457,13,0
2020-04-23,Brazil,210147125,Amapa,845731,NA,NA,NA,NA,69,2,0,548,16,0
2020-04-25,Brazil,210147125,Amapa,845731,NA,NA,NA,NA,52,1,0,685,19,0
2020-04-27,Brazil,210147125,Amapa,845731,NA,NA,NA,NA,44,5,0,842,26,0
2020-04-29,Brazil,210147125,Amapa,845731,NA,NA,NA,NA,98,3,0,1016,31,0
2020-05-01,Brazil,210147125,Amapa,845731,NA,NA,NA,NA,41,3,0,1121,37,0
2020-05-03,Brazil,210147125,Amapa,845731,NA,NA,NA,NA,295,3,0,1482,43,0
2020-05-05,Brazil,210147125,Amapa,845731,NA,NA,NA,NA,198,6,0,1931,55,0
2020-05-07,Brazil,210147125,Amapa,845731,NA,NA,NA,NA,153,5,0,2199,61,0
2020-05-09,Brazil,210147125,Amapa,845731,NA,NA,NA,NA,171,3,0,2493,69,0
2020-05-11,Brazil,210147125,Amapa,845731,NA,NA,NA,NA,58,1,0,2671,73,0
2020-05-13,Brazil,210147125,Amapa,845731,NA,NA,NA,NA,95,8,0,3005,94,0
2020-05-15,Brazil,210147125,Amapa,845731,NA,NA,NA,NA,202,2,0,3630,103,0
2020-05-17,Brazil,210147125,Amapa,845731,NA,NA,NA,NA,118,11,0,3952,119,0
2020-05-19,Brazil,210147125,Amapa,845731,NA,NA,NA,NA,287,9,0,4310,136,0
2020-05-21,Brazil,210147125,Amapa,845731,NA,NA,NA,NA,639,9,0,5188,151,0
2020-05-23,Brazil,210147125,Amapa,845731,NA,NA,NA,NA,436,5,0,6091,162,0
2020-05-25,Brazil,210147125,Amapa,845731,NA,NA,NA,NA,231,5,0,6584,168,0
2020-05-27,Brazil,210147125,Amapa,845731,NA,NA,NA,NA,652,10,0,7619,183,0
2020-05-29,Brazil,210147125,Amapa,845731,NA,NA,NA,NA,317,9,0,8469,207,0
2020-05-31,Brazil,210147125,Amapa,845731,NA,NA,NA,NA,289,7,0,9602,222,0
2020-06-02,Brazil,210147125,Amapa,845731,NA,NA,NA,NA,621,9,0,10511,237,0
2020-06-04,Brazil,210147125,Amapa,845731,NA,NA,NA,NA,444,7,0,11551,254,0
2020-06-06,Brazil,210147125,Amapa,845731,NA,NA,NA,NA,446,9,0,12773,269,0
2020-06-08,Brazil,210147125,Amapa,845731,NA,NA,NA,NA,249,6,0,13294,278,0
2020-06-10,Brazil,210147125,Amapa,845731,NA,NA,NA,NA,852,4,0,14623,289,0
2020-06-12,Brazil,210147125,Amapa,845731,NA,NA,NA,NA,517,9,0,15683,312,0
2020-06-14,Brazil,210147125,Amapa,845731,NA,NA,NA,NA,190,5,0,16512,324,0
2020-06-16,Brazil,210147125,Amapa,845731,NA,NA,NA,NA,1211,8,0,18024,337,0
2020-06-18,Brazil,210147125,Amapa,845731,NA,NA,NA,NA,769,4,0,19387,342,0
2020-06-20,Brazil,210147125,Amapa,845731,NA,NA,NA,NA,1652,5,0,21574,353,0
2020-06-22,Brazil,210147125,Amapa,845731,NA,NA,NA,NA,2842,13,0,24682,372,0
2020-06-24,Brazil,210147125,Amapa,845731,NA,NA,NA,NA,482,7,0,26919,387,0
2020-06-26,Brazil,210147125,Amapa,845731,NA,NA,NA,NA,247,7,0,27662,401,0
2020-06-28,Brazil,210147125,Amapa,845731,NA,NA,NA,NA,84,1,0,27985,407,0
2020-06-30,Brazil,210147125,Amapa,845731,NA,NA,NA,NA,239,4,0,28492,417,0
2020-07-02,Brazil,210147125,Amapa,845731,NA,NA,NA,NA,226,7,0,29153,427,0
2020-07-04,Brazil,210147125,Amapa,845731,NA,NA,NA,NA,235,3,0,29809,441,0
2020-07-06,Brazil,210147125,Amapa,845731,NA,NA,NA,NA,121,7,0,30004,449,0
2020-07-08,Brazil,210147125,Amapa,845731,NA,NA,NA,NA,230,7,0,30524,462,0
2020-07-10,Brazil,210147125,Amapa,845731,NA,NA,NA,NA,317,3,0,31080,470,0
2020-07-12,Brazil,210147125,Amapa,845731,NA,NA,NA,NA,85,1,0,31364,474,0
2020-07-14,Brazil,210147125,Amapa,845731,NA,NA,NA,NA,333,5,0,31885,483,0
2020-07-16,Brazil,210147125,Amapa,845731,NA,NA,NA,NA,596,5,0,33004,493,0
2020-07-18,Brazil,210147125,Amapa,845731,NA,NA,NA,NA,149,6,0,33585,505,0
2020-07-20,Brazil,210147125,Amapa,845731,NA,NA,NA,NA,440,8,0,34145,515,0
2020-07-22,Brazil,210147125,Amapa,845731,NA,NA,NA,NA,255,11,0,34660,544,0
2020-07-24,Brazil,210147125,Amapa,845731,NA,NA,NA,NA,188,4,0,35026,552,0
2020-07-26,Brazil,210147125,Amapa,845731,NA,NA,NA,NA,58,0,0,35220,554,0
2020-07-28,Brazil,210147125,Amapa,845731,NA,NA,NA,NA,333,2,0,35697,558,0
2020-07-30,Brazil,210147125,Amapa,845731,NA,NA,NA,NA,299,2,0,36272,561,0
2020-08-01,Brazil,210147125,Amapa,845731,NA,NA,NA,NA,0,0,0,36468,565,0
2020-08-03,Brazil,210147125,Amapa,845731,NA,NA,NA,NA,0,0,0,36468,565,0
2020-08-05,Brazil,210147125,Amapa,845731,NA,NA,NA,NA,850,23,0,37318,588,0
2020-08-07,Brazil,210147125,Amapa,845731,NA,NA,NA,NA,229,5,0,37964,599,0
2020-08-09,Brazil,210147125,Amapa,845731,NA,NA,NA,NA,69,1,0,38208,602,0
2020-08-11,Brazil,210147125,Amapa,845731,NA,NA,NA,NA,237,1,0,38636,604,0
2020-08-13,Brazil,210147125,Amapa,845731,NA,NA,NA,NA,214,3,0,39015,609,0
2020-08-15,Brazil,210147125,Amapa,845731,NA,NA,NA,NA,187,1,0,39431,613,0
2020-02-26,Brazil,210147125,Amazonas,4144597,NA,NA,NA,NA,0,NA,NA,0,0,0
2020-02-28,Brazil,210147125,Amazonas,4144597,NA,NA,NA,NA,0,0,0,0,0,0
2020-03-01,Brazil,210147125,Amazonas,4144597,NA,NA,NA,NA,0,0,0,0,0,0
2020-03-03,Brazil,210147125,Amazonas,4144597,NA,NA,NA,NA,0,0,0,0,0,0
2020-03-05,Brazil,210147125,Amazonas,4144597,NA,NA,NA,NA,0,0,0,0,0,0
2020-03-07,Brazil,210147125,Amazonas,4144597,NA,NA,NA,NA,0,0,0,0,0,0
2020-03-09,Brazil,210147125,Amazonas,4144597,NA,NA,NA,NA,0,0,0,0,0,0
2020-03-11,Brazil,210147125,Amazonas,4144597,NA,NA,NA,NA,0,0,0,0,0,0
2020-03-13,Brazil,210147125,Amazonas,4144597,NA,NA,NA,NA,0,0,0,0,0,0
2020-03-15,Brazil,210147125,Amazonas,4144597,NA,NA,NA,NA,1,0,0,1,0,0
2020-03-17,Brazil,210147125,Amazonas,4144597,NA,NA,NA,NA,0,0,0,1,0,0
2020-03-19,Brazil,210147125,Amazonas,4144597,NA,NA,NA,NA,2,0,0,3,0,0
2020-03-21,Brazil,210147125,Amazonas,4144597,NA,NA,NA,NA,8,0,0,11,0,0
2020-03-23,Brazil,210147125,Amazonas,4144597,NA,NA,NA,NA,6,0,0,32,0,0
2020-03-25,Brazil,210147125,Amazonas,4144597,NA,NA,NA,NA,7,1,0,54,1,0
2020-03-27,Brazil,210147125,Amazonas,4144597,NA,NA,NA,NA,14,0,0,81,1,0
2020-03-29,Brazil,210147125,Amazonas,4144597,NA,NA,NA,NA,29,0,0,140,1,0
2020-03-31,Brazil,210147125,Amazonas,4144597,NA,NA,NA,NA,24,2,0,175,3,0
2020-04-02,Brazil,210147125,Amazonas,4144597,NA,NA,NA,NA,29,0,0,229,3,0
2020-04-04,Brazil,210147125,Amazonas,4144597,NA,NA,NA,NA,51,5,0,311,12,0
2020-04-06,Brazil,210147125,Amazonas,4144597,NA,NA,NA,NA,115,5,0,532,19,0
2020-04-08,Brazil,210147125,Amazonas,4144597,NA,NA,NA,NA,168,7,0,804,30,0
2020-04-10,Brazil,210147125,Amazonas,4144597,NA,NA,NA,NA,82,10,0,981,50,0
2020-04-12,Brazil,210147125,Amazonas,4144597,NA,NA,NA,NA,156,9,0,1206,62,0
2020-04-14,Brazil,210147125,Amazonas,4144597,NA,NA,NA,NA,209,19,0,1484,90,0
2020-04-16,Brazil,210147125,Amazonas,4144597,NA,NA,NA,NA,165,18,0,1719,124,0
2020-04-18,Brazil,210147125,Amazonas,4144597,NA,NA,NA,NA,88,16,0,1897,161,0
2020-04-20,Brazil,210147125,Amazonas,4144597,NA,NA,NA,NA,116,3,0,2160,185,0
2020-04-22,Brazil,210147125,Amazonas,4144597,NA,NA,NA,NA,209,14,0,2479,207,0
2020-04-24,Brazil,210147125,Amazonas,4144597,NA,NA,NA,NA,306,21,0,3194,255,0
2020-04-26,Brazil,210147125,Amazonas,4144597,NA,NA,NA,NA,198,17,0,3833,304,0
2020-04-28,Brazil,210147125,Amazonas,4144597,NA,NA,NA,NA,409,31,0,4337,351,0
2020-04-30,Brazil,210147125,Amazonas,4144597,NA,NA,NA,NA,453,45,0,5254,425,0
2020-05-02,Brazil,210147125,Amazonas,4144597,NA,NA,NA,NA,339,25,0,6062,501,0
2020-05-04,Brazil,210147125,Amazonas,4144597,NA,NA,NA,NA,559,36,0,7242,584,0
2020-05-06,Brazil,210147125,Amazonas,4144597,NA,NA,NA,NA,1134,102,0,9243,751,0
2020-05-08,Brazil,210147125,Amazonas,4144597,NA,NA,NA,NA,628,68,0,10727,874,0
2020-05-10,Brazil,210147125,Amazonas,4144597,NA,NA,NA,NA,674,42,0,12599,1004,0
2020-05-12,Brazil,210147125,Amazonas,4144597,NA,NA,NA,NA,1249,63,0,14168,1098,0
2020-05-14,Brazil,210147125,Amazonas,4144597,NA,NA,NA,NA,1365,75,0,17181,1235,0
2020-05-16,Brazil,210147125,Amazonas,4144597,NA,NA,NA,NA,1285,44,0,19677,1375,0
2020-05-18,Brazil,210147125,Amazonas,4144597,NA,NA,NA,NA,585,20,0,20913,1433,0
2020-05-20,Brazil,210147125,Amazonas,4144597,NA,NA,NA,NA,1572,70,0,23704,1561,0
2020-05-22,Brazil,210147125,Amazonas,4144597,NA,NA,NA,NA,1671,49,0,27038,1669,0
2020-05-24,Brazil,210147125,Amazonas,4144597,NA,NA,NA,NA,1065,14,0,29867,1758,0
2020-05-26,Brazil,210147125,Amazonas,4144597,NA,NA,NA,NA,1667,71,0,31949,1852,0
2020-05-28,Brazil,210147125,Amazonas,4144597,NA,NA,NA,NA,2638,73,0,36146,1964,0
2020-05-30,Brazil,210147125,Amazonas,4144597,NA,NA,NA,NA,1651,36,0,40560,2047,0
2020-06-01,Brazil,210147125,Amazonas,4144597,NA,NA,NA,NA,396,19,0,41774,2071,0
2020-06-03,Brazil,210147125,Amazonas,4144597,NA,NA,NA,NA,1152,36,0,44347,2138,0
2020-06-05,Brazil,210147125,Amazonas,4144597,NA,NA,NA,NA,1193,16,0,47666,2199,0
2020-06-07,Brazil,210147125,Amazonas,4144597,NA,NA,NA,NA,484,18,0,49269,2250,0
2020-06-09,Brazil,210147125,Amazonas,4144597,NA,NA,NA,NA,1423,44,0,51234,2315,0
2020-06-11,Brazil,210147125,Amazonas,4144597,NA,NA,NA,NA,1140,37,0,53989,2400,0
2020-06-13,Brazil,210147125,Amazonas,4144597,NA,NA,NA,NA,915,36,0,56026,2465,0
2020-06-15,Brazil,210147125,Amazonas,4144597,NA,NA,NA,NA,271,20,0,56777,2512,0
2020-06-17,Brazil,210147125,Amazonas,4144597,NA,NA,NA,NA,1529,30,0,59547,2579,0
2020-06-19,Brazil,210147125,Amazonas,4144597,NA,NA,NA,NA,947,19,0,61683,2624,0
2020-06-21,Brazil,210147125,Amazonas,4144597,NA,NA,NA,NA,508,7,0,63410,2657,0
2020-06-23,Brazil,210147125,Amazonas,4144597,NA,NA,NA,NA,1342,15,0,65073,2686,0
2020-06-25,Brazil,210147125,Amazonas,4144597,NA,NA,NA,NA,503,21,0,67267,2731,0
2020-06-27,Brazil,210147125,Amazonas,4144597,NA,NA,NA,NA,802,33,0,69022,2772,0
2020-06-29,Brazil,210147125,Amazonas,4144597,NA,NA,NA,NA,244,12,0,69893,2792,0
2020-07-01,Brazil,210147125,Amazonas,4144597,NA,NA,NA,NA,1461,20,0,72284,2843,0
2020-07-03,Brazil,210147125,Amazonas,4144597,NA,NA,NA,NA,1007,25,0,74537,2887,0
2020-07-05,Brazil,210147125,Amazonas,4144597,NA,NA,NA,NA,69,11,0,76014,2929,0
2020-07-07,Brazil,210147125,Amazonas,4144597,NA,NA,NA,NA,2743,14,0,79167,2952,0
2020-07-09,Brazil,210147125,Amazonas,4144597,NA,NA,NA,NA,1236,18,0,81318,2985,0
2020-07-11,Brazil,210147125,Amazonas,4144597,NA,NA,NA,NA,723,15,0,83230,3023,0
2020-07-13,Brazil,210147125,Amazonas,4144597,NA,NA,NA,NA,886,9,0,84412,3048,0
2020-07-15,Brazil,210147125,Amazonas,4144597,NA,NA,NA,NA,1303,17,0,86944,3080,0
2020-07-17,Brazil,210147125,Amazonas,4144597,NA,NA,NA,NA,797,23,0,88822,3118,0
2020-07-19,Brazil,210147125,Amazonas,4144597,NA,NA,NA,NA,379,20,0,90913,3149,0
2020-07-21,Brazil,210147125,Amazonas,4144597,NA,NA,NA,NA,775,23,0,92164,3169,0
2020-07-23,Brazil,210147125,Amazonas,4144597,NA,NA,NA,NA,1498,10,0,94219,3193,0
2020-07-25,Brazil,210147125,Amazonas,4144597,NA,NA,NA,NA,670,11,0,96094,3210,0
2020-07-27,Brazil,210147125,Amazonas,4144597,NA,NA,NA,NA,616,7,0,97079,3224,0
2020-07-29,Brazil,210147125,Amazonas,4144597,NA,NA,NA,NA,975,10,0,99093,3246,0
2020-07-31,Brazil,210147125,Amazonas,4144597,NA,NA,NA,NA,800,16,0,100940,3268,0
2020-08-02,Brazil,210147125,Amazonas,4144597,NA,NA,NA,NA,0,0,0,100940,3268,0
2020-08-04,Brazil,210147125,Amazonas,4144597,NA,NA,NA,NA,0,0,0,100940,3268,0
2020-08-06,Brazil,210147125,Amazonas,4144597,NA,NA,NA,NA,804,18,0,105054,3335,0
2020-08-08,Brazil,210147125,Amazonas,4144597,NA,NA,NA,NA,571,19,0,106428,3364,0
2020-08-10,Brazil,210147125,Amazonas,4144597,NA,NA,NA,NA,247,25,0,107197,3384,0
2020-08-12,Brazil,210147125,Amazonas,4144597,NA,NA,NA,NA,815,12,0,108920,3417,0
2020-08-14,Brazil,210147125,Amazonas,4144597,NA,NA,NA,NA,975,20,0,110777,3455,0
2020-02-25,Brazil,210147125,Bahia,14873064,NA,NA,NA,NA,NA,NA,NA,0,0,0
2020-02-27,Brazil,210147125,Bahia,14873064,NA,NA,NA,NA,0,0,0,0,0,0
2020-02-29,Brazil,210147125,Bahia,14873064,NA,NA,NA,NA,0,0,0,0,0,0
2020-03-02,Brazil,210147125,Bahia,14873064,NA,NA,NA,NA,0,0,0,0,0,0
2020-03-04,Brazil,210147125,Bahia,14873064,NA,NA,NA,NA,0,0,0,0,0,0
2020-03-06,Brazil,210147125,Bahia,14873064,NA,NA,NA,NA,1,0,0,1,0,0
2020-03-08,Brazil,210147125,Bahia,14873064,NA,NA,NA,NA,0,0,0,2,0,0
2020-03-10,Brazil,210147125,Bahia,14873064,NA,NA,NA,NA,0,0,0,2,0,0
2020-03-12,Brazil,210147125,Bahia,14873064,NA,NA,NA,NA,0,0,0,2,0,0
2020-03-14,Brazil,210147125,Bahia,14873064,NA,NA,NA,NA,0,0,0,2,0,0
2020-03-16,Brazil,210147125,Bahia,14873064,NA,NA,NA,NA,0,0,0,2,0,0
2020-03-18,Brazil,210147125,Bahia,14873064,NA,NA,NA,NA,0,0,0,3,0,0
2020-03-20,Brazil,210147125,Bahia,14873064,NA,NA,NA,NA,3,0,0,33,0,0
2020-03-22,Brazil,210147125,Bahia,14873064,NA,NA,NA,NA,8,0,0,49,0,0
2020-03-24,Brazil,210147125,Bahia,14873064,NA,NA,NA,NA,13,0,0,76,0,0
2020-03-26,Brazil,210147125,Bahia,14873064,NA,NA,NA,NA,20,0,0,104,0,0
2020-03-28,Brazil,210147125,Bahia,14873064,NA,NA,NA,NA,13,0,0,128,0,0
2020-03-30,Brazil,210147125,Bahia,14873064,NA,NA,NA,NA,22,0,0,176,1,0
2020-04-01,Brazil,210147125,Bahia,14873064,NA,NA,NA,NA,33,0,0,246,2,0
2020-04-03,Brazil,210147125,Bahia,14873064,NA,NA,NA,NA,15,2,0,282,5,0
2020-04-05,Brazil,210147125,Bahia,14873064,NA,NA,NA,NA,69,2,0,401,9,0
2020-04-07,Brazil,210147125,Bahia,14873064,NA,NA,NA,NA,25,2,0,456,12,0
2020-04-09,Brazil,210147125,Bahia,14873064,NA,NA,NA,NA,62,4,0,559,19,0
2020-04-11,Brazil,210147125,Bahia,14873064,NA,NA,NA,NA,31,2,0,635,21,0
2020-04-13,Brazil,210147125,Bahia,14873064,NA,NA,NA,NA,50,1,0,723,22,0
2020-04-15,Brazil,210147125,Bahia,14873064,NA,NA,NA,NA,48,5,0,807,27,0
2020-04-17,Brazil,210147125,Bahia,14873064,NA,NA,NA,NA,108,6,0,1059,36,0
2020-04-19,Brazil,210147125,Bahia,14873064,NA,NA,NA,NA,37,8,0,1230,45,0
2020-04-21,Brazil,210147125,Bahia,14873064,NA,NA,NA,NA,148,1,0,1489,47,0
2020-04-23,Brazil,210147125,Bahia,14873064,NA,NA,NA,NA,145,9,0,1789,59,0
2020-04-25,Brazil,210147125,Bahia,14873064,NA,NA,NA,NA,119,6,0,2081,70,0
2020-04-27,Brazil,210147125,Bahia,14873064,NA,NA,NA,NA,145,3,0,2354,76,0
2020-04-29,Brazil,210147125,Bahia,14873064,NA,NA,NA,NA,106,10,0,2646,96,0
2020-05-01,Brazil,210147125,Bahia,14873064,NA,NA,NA,NA,234,13,0,3085,117,0
2020-05-03,Brazil,210147125,Bahia,14873064,NA,NA,NA,NA,180,0,0,3495,123,0
2020-05-05,Brazil,210147125,Bahia,14873064,NA,NA,NA,NA,306,5,0,4040,146,0
2020-05-07,Brazil,210147125,Bahia,14873064,NA,NA,NA,NA,227,5,0,4528,165,0
2020-05-09,Brazil,210147125,Bahia,14873064,NA,NA,NA,NA,356,13,0,5174,196,0
2020-05-11,Brazil,210147125,Bahia,14873064,NA,NA,NA,NA,250,9,0,5808,211,0
2020-05-13,Brazil,210147125,Bahia,14873064,NA,NA,NA,NA,343,11,0,6547,236,0
2020-05-15,Brazil,210147125,Bahia,14873064,NA,NA,NA,NA,1173,19,0,8128,281,0
2020-05-17,Brazil,210147125,Bahia,14873064,NA,NA,NA,NA,129,9,0,8443,295,0
2020-05-19,Brazil,210147125,Bahia,14873064,NA,NA,NA,NA,2432,14,0,11013,326,0
2020-05-21,Brazil,210147125,Bahia,14873064,NA,NA,NA,NA,744,14,0,11941,376,0
2020-05-23,Brazil,210147125,Bahia,14873064,NA,NA,NA,NA,443,14,0,13000,413,0
2020-05-25,Brazil,210147125,Bahia,14873064,NA,NA,NA,NA,305,17,0,14204,477,0
2020-05-27,Brazil,210147125,Bahia,14873064,NA,NA,NA,NA,504,36,0,15070,531,0
2020-05-29,Brazil,210147125,Bahia,14873064,NA,NA,NA,NA,954,39,0,16917,609,0
2020-05-31,Brazil,210147125,Bahia,14873064,NA,NA,NA,NA,766,29,0,18392,667,0
2020-06-02,Brazil,210147125,Bahia,14873064,NA,NA,NA,NA,2532,35,0,21430,736,0
2020-06-04,Brazil,210147125,Bahia,14873064,NA,NA,NA,NA,1012,28,0,23463,790,0
2020-06-06,Brazil,210147125,Bahia,14873064,NA,NA,NA,NA,977,27,0,27396,846,0
2020-06-08,Brazil,210147125,Bahia,14873064,NA,NA,NA,NA,465,31,0,28715,910,0
2020-06-10,Brazil,210147125,Bahia,14873064,NA,NA,NA,NA,2204,38,0,32685,975,0
2020-06-12,Brazil,210147125,Bahia,14873064,NA,NA,NA,NA,774,26,0,34665,1039,0
2020-06-14,Brazil,210147125,Bahia,14873064,NA,NA,NA,NA,613,36,0,36401,1105,0
2020-06-16,Brazil,210147125,Bahia,14873064,NA,NA,NA,NA,1586,36,0,39206,1181,0
2020-06-18,Brazil,210147125,Bahia,14873064,NA,NA,NA,NA,651,41,0,41577,1263,0
2020-06-20,Brazil,210147125,Bahia,14873064,NA,NA,NA,NA,1382,45,0,45304,1350,0
2020-06-22,Brazil,210147125,Bahia,14873064,NA,NA,NA,NA,807,50,0,47086,1441,0
2020-06-24,Brazil,210147125,Bahia,14873064,NA,NA,NA,NA,2847,50,0,51931,1541,0
2020-06-26,Brazil,210147125,Bahia,14873064,NA,NA,NA,NA,2131,41,0,56422,1642,0
2020-06-28,Brazil,210147125,Bahia,14873064,NA,NA,NA,NA,3251,51,0,68495,1748,0
2020-06-30,Brazil,210147125,Bahia,14873064,NA,NA,NA,NA,3840,53,0,73307,1853,0
2020-07-02,Brazil,210147125,Bahia,14873064,NA,NA,NA,NA,2864,45,0,79349,1947,0
2020-07-04,Brazil,210147125,Bahia,14873064,NA,NA,NA,NA,3171,49,0,85485,2050,0
2020-07-06,Brazil,210147125,Bahia,14873064,NA,NA,NA,NA,1231,61,0,88279,2168,0
2020-07-08,Brazil,210147125,Bahia,14873064,NA,NA,NA,NA,3582,61,0,95536,2277,0
2020-07-10,Brazil,210147125,Bahia,14873064,NA,NA,NA,NA,2867,55,0,101186,2383,0
2020-07-12,Brazil,210147125,Bahia,14873064,NA,NA,NA,NA,1575,47,0,105763,2483,0
2020-07-14,Brazil,210147125,Bahia,14873064,NA,NA,NA,NA,3138,49,0,110029,2584,0
2020-07-16,Brazil,210147125,Bahia,14873064,NA,NA,NA,NA,3380,55,0,116373,2693,0
2020-07-18,Brazil,210147125,Bahia,14873064,NA,NA,NA,NA,1581,55,0,120238,2793,0
2020-07-20,Brazil,210147125,Bahia,14873064,NA,NA,NA,NA,1123,51,0,123292,2891,0
2020-07-22,Brazil,210147125,Bahia,14873064,NA,NA,NA,NA,6401,52,0,133245,2988,0
2020-07-24,Brazil,210147125,Bahia,14873064,NA,NA,NA,NA,4409,52,0,142767,3096,0
2020-07-26,Brazil,210147125,Bahia,14873064,NA,NA,NA,NA,1780,42,0,148179,3182,0
2020-07-28,Brazil,210147125,Bahia,14873064,NA,NA,NA,NA,4204,43,0,153313,3270,0
2020-07-30,Brazil,210147125,Bahia,14873064,NA,NA,NA,NA,4296,70,0,161630,3391,0
2020-08-01,Brazil,210147125,Bahia,14873064,NA,NA,NA,NA,0,0,0,166154,3463,0
2020-08-03,Brazil,210147125,Bahia,14873064,NA,NA,NA,NA,0,0,0,166154,3463,0
2020-08-05,Brazil,210147125,Bahia,14873064,NA,NA,NA,NA,13583,273,0,179737,3736,0
2020-08-07,Brazil,210147125,Bahia,14873064,NA,NA,NA,NA,4202,54,0,187892,3843,0
2020-08-09,Brazil,210147125,Bahia,14873064,NA,NA,NA,NA,1628,54,0,193029,3953,0
2020-08-11,Brazil,210147125,Bahia,14873064,NA,NA,NA,NA,4670,56,0,198767,4067,0
2020-08-13,Brazil,210147125,Bahia,14873064,NA,NA,NA,NA,3935,67,0,206955,4202,0
2020-08-15,Brazil,210147125,Bahia,14873064,NA,NA,NA,NA,3386,67,0,214379,4338,0
2020-02-26,Brazil,210147125,Ceara,9132078,NA,NA,NA,NA,0,NA,NA,0,0,0
2020-02-28,Brazil,210147125,Ceara,9132078,NA,NA,NA,NA,0,0,0,0,0,0
2020-03-01,Brazil,210147125,Ceara,9132078,NA,NA,NA,NA,0,0,0,0,0,0
2020-03-03,Brazil,210147125,Ceara,9132078,NA,NA,NA,NA,0,0,0,0,0,0
2020-03-05,Brazil,210147125,Ceara,9132078,NA,NA,NA,NA,0,0,0,0,0,0
2020-03-07,Brazil,210147125,Ceara,9132078,NA,NA,NA,NA,0,0,0,0,0,0
2020-03-09,Brazil,210147125,Ceara,9132078,NA,NA,NA,NA,0,0,0,0,0,0
2020-03-11,Brazil,210147125,Ceara,9132078,NA,NA,NA,NA,0,0,0,0,0,0
2020-03-13,Brazil,210147125,Ceara,9132078,NA,NA,NA,NA,0,0,0,0,0,0
2020-03-15,Brazil,210147125,Ceara,9132078,NA,NA,NA,NA,0,0,0,0,0,0
2020-03-17,Brazil,210147125,Ceara,9132078,NA,NA,NA,NA,5,0,0,5,0,0
2020-03-19,Brazil,210147125,Ceara,9132078,NA,NA,NA,NA,11,0,0,20,0,0
2020-03-21,Brazil,210147125,Ceara,9132078,NA,NA,NA,NA,13,0,0,68,0,0
2020-03-23,Brazil,210147125,Ceara,9132078,NA,NA,NA,NA,51,0,0,163,0,0
2020-03-25,Brazil,210147125,Ceara,9132078,NA,NA,NA,NA,18,0,0,200,0,0
2020-03-27,Brazil,210147125,Ceara,9132078,NA,NA,NA,NA,47,0,0,282,3,0
2020-03-29,Brazil,210147125,Ceara,9132078,NA,NA,NA,NA,34,1,0,348,5,0
2020-03-31,Brazil,210147125,Ceara,9132078,NA,NA,NA,NA,18,2,0,390,7,0
2020-04-02,Brazil,210147125,Ceara,9132078,NA,NA,NA,NA,106,12,0,550,20,0
2020-04-04,Brazil,210147125,Ceara,9132078,NA,NA,NA,NA,103,0,0,730,22,0
2020-04-06,Brazil,210147125,Ceara,9132078,NA,NA,NA,NA,190,3,0,1013,29,0
2020-04-08,Brazil,210147125,Ceara,9132078,NA,NA,NA,NA,240,12,0,1291,43,0
2020-04-10,Brazil,210147125,Ceara,9132078,NA,NA,NA,NA,53,3,0,1478,58,0
2020-04-12,Brazil,210147125,Ceara,9132078,NA,NA,NA,NA,94,7,0,1676,74,0
2020-04-14,Brazil,210147125,Ceara,9132078,NA,NA,NA,NA,205,16,0,2005,107,0
2020-04-16,Brazil,210147125,Ceara,9132078,NA,NA,NA,NA,229,8,0,2386,124,0
2020-04-18,Brazil,210147125,Ceara,9132078,NA,NA,NA,NA,350,27,0,3034,176,0
2020-04-20,Brazil,210147125,Ceara,9132078,NA,NA,NA,NA,230,12,0,3482,198,0
2020-04-22,Brazil,210147125,Ceara,9132078,NA,NA,NA,NA,194,18,0,3910,233,0
2020-04-24,Brazil,210147125,Ceara,9132078,NA,NA,NA,NA,202,18,0,4800,284,0
2020-04-26,Brazil,210147125,Ceara,9132078,NA,NA,NA,NA,412,17,0,5833,327,0
2020-04-28,Brazil,210147125,Ceara,9132078,NA,NA,NA,NA,192,13,0,6918,403,0
2020-04-30,Brazil,210147125,Ceara,9132078,NA,NA,NA,NA,339,41,0,7606,482,0
2020-05-02,Brazil,210147125,Ceara,9132078,NA,NA,NA,NA,430,133,0,8309,638,0
2020-05-04,Brazil,210147125,Ceara,9132078,NA,NA,NA,NA,2670,49,0,11040,712,0
2020-05-06,Brazil,210147125,Ceara,9132078,NA,NA,NA,NA,834,53,0,12304,848,0
2020-05-08,Brazil,210147125,Ceara,9132078,NA,NA,NA,NA,1068,63,0,14956,966,0
2020-05-10,Brazil,210147125,Ceara,9132078,NA,NA,NA,NA,813,52,0,16692,1114,0
2020-05-12,Brazil,210147125,Ceara,9132078,NA,NA,NA,NA,813,91,0,18412,1280,0
2020-05-14,Brazil,210147125,Ceara,9132078,NA,NA,NA,NA,1921,24,0,21077,1413,0
2020-05-16,Brazil,210147125,Ceara,9132078,NA,NA,NA,NA,1305,138,0,23795,1614,0
2020-05-18,Brazil,210147125,Ceara,9132078,NA,NA,NA,NA,2108,107,0,26363,1748,0
2020-05-20,Brazil,210147125,Ceara,9132078,NA,NA,NA,NA,2448,44,0,30560,1900,0
2020-05-22,Brazil,210147125,Ceara,9132078,NA,NA,NA,NA,3160,90,0,34573,2251,0
2020-05-24,Brazil,210147125,Ceara,9132078,NA,NA,NA,NA,473,16,0,35595,2324,0
2020-05-26,Brazil,210147125,Ceara,9132078,NA,NA,NA,NA,836,110,0,37021,2603,0
2020-05-28,Brazil,210147125,Ceara,9132078,NA,NA,NA,NA,546,62,0,37821,2733,0
2020-05-30,Brazil,210147125,Ceara,9132078,NA,NA,NA,NA,8111,97,0,46506,2956,0
2020-06-01,Brazil,210147125,Ceara,9132078,NA,NA,NA,NA,2015,178,0,50504,3188,0
2020-06-03,Brazil,210147125,Ceara,9132078,NA,NA,NA,NA,2983,184,0,56056,3605,0
2020-06-05,Brazil,210147125,Ceara,9132078,NA,NA,NA,NA,1800,77,0,61595,3890,0
2020-06-07,Brazil,210147125,Ceara,9132078,NA,NA,NA,NA,696,17,0,64271,3982,0
2020-06-09,Brazil,210147125,Ceara,9132078,NA,NA,NA,NA,2779,189,0,68384,4309,0
2020-06-11,Brazil,210147125,Ceara,9132078,NA,NA,NA,NA,2477,183,0,73879,4663,0
2020-06-13,Brazil,210147125,Ceara,9132078,NA,NA,NA,NA,724,41,0,76429,4829,0
2020-06-15,Brazil,210147125,Ceara,9132078,NA,NA,NA,NA,2714,138,0,79462,4999,0
2020-06-17,Brazil,210147125,Ceara,9132078,NA,NA,NA,NA,3678,212,0,84967,5282,0
2020-06-19,Brazil,210147125,Ceara,9132078,NA,NA,NA,NA,2590,83,0,89863,5460,0
2020-06-21,Brazil,210147125,Ceara,9132078,NA,NA,NA,NA,710,5,0,92866,5523,0
2020-06-23,Brazil,210147125,Ceara,9132078,NA,NA,NA,NA,3370,113,0,97528,5717,0
2020-06-25,Brazil,210147125,Ceara,9132078,NA,NA,NA,NA,2548,60,0,102126,5875,0
2020-06-27,Brazil,210147125,Ceara,9132078,NA,NA,NA,NA,2206,61,0,106628,5981,0
2020-06-29,Brazil,210147125,Ceara,9132078,NA,NA,NA,NA,657,86,0,108225,6076,0
2020-07-01,Brazil,210147125,Ceara,9132078,NA,NA,NA,NA,4318,34,0,113017,6180,0
2020-07-03,Brazil,210147125,Ceara,9132078,NA,NA,NA,NA,2517,67,0,118041,6351,0
2020-07-05,Brazil,210147125,Ceara,9132078,NA,NA,NA,NA,512,30,0,121464,6441,0
2020-07-07,Brazil,210147125,Ceara,9132078,NA,NA,NA,NA,2475,75,0,124952,6556,0
2020-07-09,Brazil,210147125,Ceara,9132078,NA,NA,NA,NA,2529,76,0,131000,6741,0
2020-07-11,Brazil,210147125,Ceara,9132078,NA,NA,NA,NA,2399,76,0,135945,6853,0
2020-07-13,Brazil,210147125,Ceara,9132078,NA,NA,NA,NA,421,79,0,137206,6947,0
2020-07-15,Brazil,210147125,Ceara,9132078,NA,NA,NA,NA,1811,53,0,141248,7030,0
2020-07-17,Brazil,210147125,Ceara,9132078,NA,NA,NA,NA,1938,38,0,145938,7165,0
2020-07-19,Brazil,210147125,Ceara,9132078,NA,NA,NA,NA,428,5,0,146972,7178,0
2020-07-21,Brazil,210147125,Ceara,9132078,NA,NA,NA,NA,1420,99,0,148986,7284,0
2020-07-23,Brazil,210147125,Ceara,9132078,NA,NA,NA,NA,3134,57,0,156242,7374,0
2020-07-25,Brazil,210147125,Ceara,9132078,NA,NA,NA,NA,2773,50,0,161597,7476,0
2020-07-27,Brazil,210147125,Ceara,9132078,NA,NA,NA,NA,344,16,0,162429,7509,0
2020-07-29,Brazil,210147125,Ceara,9132078,NA,NA,NA,NA,3522,30,0,169072,7643,0
2020-07-31,Brazil,210147125,Ceara,9132078,NA,NA,NA,NA,2414,7,0,173882,7668,0
2020-08-02,Brazil,210147125,Ceara,9132078,NA,NA,NA,NA,0,0,0,173882,7668,0
2020-08-04,Brazil,210147125,Ceara,9132078,NA,NA,NA,NA,0,0,0,173882,7668,0
2020-08-06,Brazil,210147125,Ceara,9132078,NA,NA,NA,NA,1858,26,0,183301,7893,0
2020-08-08,Brazil,210147125,Ceara,9132078,NA,NA,NA,NA,2835,30,0,188244,7951,0
2020-08-10,Brazil,210147125,Ceara,9132078,NA,NA,NA,NA,115,25,0,188657,7979,0
2020-08-12,Brazil,210147125,Ceara,9132078,NA,NA,NA,NA,1872,41,0,192422,8052,0
2020-08-14,Brazil,210147125,Ceara,9132078,NA,NA,NA,NA,2063,35,0,196144,8123,0
2020-02-25,Brazil,210147125,Distrito Federal,3015268,NA,NA,NA,NA,NA,NA,NA,0,0,0
2020-02-27,Brazil,210147125,Distrito Federal,3015268,NA,NA,NA,NA,0,0,0,0,0,0
2020-02-29,Brazil,210147125,Distrito Federal,3015268,NA,NA,NA,NA,0,0,0,0,0,0
2020-03-02,Brazil,210147125,Distrito Federal,3015268,NA,NA,NA,NA,0,0,0,0,0,0
2020-03-04,Brazil,210147125,Distrito Federal,3015268,NA,NA,NA,NA,0,0,0,0,0,0
2020-03-06,Brazil,210147125,Distrito Federal,3015268,NA,NA,NA,NA,0,0,0,0,0,0
2020-03-08,Brazil,210147125,Distrito Federal,3015268,NA,NA,NA,NA,0,0,0,1,0,0
2020-03-10,Brazil,210147125,Distrito Federal,3015268,NA,NA,NA,NA,0,0,0,1,0,0
2020-03-12,Brazil,210147125,Distrito Federal,3015268,NA,NA,NA,NA,0,0,0,2,0,0
2020-03-14,Brazil,210147125,Distrito Federal,3015268,NA,NA,NA,NA,4,0,0,6,0,0
2020-03-16,Brazil,210147125,Distrito Federal,3015268,NA,NA,NA,NA,5,0,0,13,0,0
2020-03-18,Brazil,210147125,Distrito Federal,3015268,NA,NA,NA,NA,4,0,0,26,0,0
2020-03-20,Brazil,210147125,Distrito Federal,3015268,NA,NA,NA,NA,45,0,0,87,0,0
2020-03-22,Brazil,210147125,Distrito Federal,3015268,NA,NA,NA,NA,17,0,0,117,0,0
2020-03-24,Brazil,210147125,Distrito Federal,3015268,NA,NA,NA,NA,27,0,0,160,0,0
2020-03-26,Brazil,210147125,Distrito Federal,3015268,NA,NA,NA,NA,40,0,0,200,0,0
2020-03-28,Brazil,210147125,Distrito Federal,3015268,NA,NA,NA,NA,30,0,0,260,0,0
2020-03-30,Brazil,210147125,Distrito Federal,3015268,NA,NA,NA,NA,23,0,0,312,1,0
2020-04-01,Brazil,210147125,Distrito Federal,3015268,NA,NA,NA,NA,23,0,0,355,3,0
2020-04-03,Brazil,210147125,Distrito Federal,3015268,NA,NA,NA,NA,32,1,0,402,5,0
2020-04-05,Brazil,210147125,Distrito Federal,3015268,NA,NA,NA,NA,14,0,0,468,7,0
2020-04-07,Brazil,210147125,Distrito Federal,3015268,NA,NA,NA,NA,19,2,0,492,12,0
2020-04-09,Brazil,210147125,Distrito Federal,3015268,NA,NA,NA,NA,18,1,0,527,13,0
2020-04-11,Brazil,210147125,Distrito Federal,3015268,NA,NA,NA,NA,24,0,0,579,14,0
2020-04-13,Brazil,210147125,Distrito Federal,3015268,NA,NA,NA,NA,24,1,0,638,15,0
2020-04-15,Brazil,210147125,Distrito Federal,3015268,NA,NA,NA,NA,31,0,0,682,17,0
2020-04-17,Brazil,210147125,Distrito Federal,3015268,NA,NA,NA,NA,30,0,0,746,20,0
2020-04-19,Brazil,210147125,Distrito Federal,3015268,NA,NA,NA,NA,65,0,0,827,24,0
2020-04-21,Brazil,210147125,Distrito Federal,3015268,NA,NA,NA,NA,9,0,0,881,24,0
2020-04-23,Brazil,210147125,Distrito Federal,3015268,NA,NA,NA,NA,17,0,0,963,25,0
2020-04-25,Brazil,210147125,Distrito Federal,3015268,NA,NA,NA,NA,24,0,0,1013,26,0
2020-04-27,Brazil,210147125,Distrito Federal,3015268,NA,NA,NA,NA,80,0,0,1146,27,0
2020-04-29,Brazil,210147125,Distrito Federal,3015268,NA,NA,NA,NA,62,0,0,1275,28,0
2020-05-01,Brazil,210147125,Distrito Federal,3015268,NA,NA,NA,NA,110,0,0,1466,30,0
2020-05-03,Brazil,210147125,Distrito Federal,3015268,NA,NA,NA,NA,83,2,0,1649,33,0
2020-05-05,Brazil,210147125,Distrito Federal,3015268,NA,NA,NA,NA,50,0,0,1818,33,0
2020-05-07,Brazil,210147125,Distrito Federal,3015268,NA,NA,NA,NA,352,1,0,2258,35,0
2020-05-09,Brazil,210147125,Distrito Federal,3015268,NA,NA,NA,NA,134,2,0,2576,39,0
2020-05-11,Brazil,210147125,Distrito Federal,3015268,NA,NA,NA,NA,101,2,0,2783,44,0
2020-05-13,Brazil,210147125,Distrito Federal,3015268,NA,NA,NA,NA,213,2,0,3192,48,0
2020-05-15,Brazil,210147125,Distrito Federal,3015268,NA,NA,NA,NA,371,4,0,3787,55,0
2020-05-17,Brazil,210147125,Distrito Federal,3015268,NA,NA,NA,NA,228,3,0,4368,59,0
2020-05-19,Brazil,210147125,Distrito Federal,3015268,NA,NA,NA,NA,234,6,0,4853,72,0
2020-05-21,Brazil,210147125,Distrito Federal,3015268,NA,NA,NA,NA,381,7,0,5542,84,0
2020-05-23,Brazil,210147125,Distrito Federal,3015268,NA,NA,NA,NA,303,5,0,6251,95,0
2020-05-25,Brazil,210147125,Distrito Federal,3015268,NA,NA,NA,NA,292,10,0,6930,114,0
2020-05-27,Brazil,210147125,Distrito Federal,3015268,NA,NA,NA,NA,551,9,0,7761,133,0
2020-05-29,Brazil,210147125,Distrito Federal,3015268,NA,NA,NA,NA,422,12,0,8722,154,0
2020-05-31,Brazil,210147125,Distrito Federal,3015268,NA,NA,NA,NA,306,8,0,9780,170,0
2020-06-02,Brazil,210147125,Distrito Federal,3015268,NA,NA,NA,NA,746,6,0,11256,177,0
2020-06-04,Brazil,210147125,Distrito Federal,3015268,NA,NA,NA,NA,903,5,0,12923,196,0
2020-06-06,Brazil,210147125,Distrito Federal,3015268,NA,NA,NA,NA,1642,6,0,15850,208,0
2020-06-08,Brazil,210147125,Distrito Federal,3015268,NA,NA,NA,NA,6,0,0,16629,214,0
2020-06-10,Brazil,210147125,Distrito Federal,3015268,NA,NA,NA,NA,1343,20,0,19433,256,0
2020-06-12,Brazil,210147125,Distrito Federal,3015268,NA,NA,NA,NA,889,8,0,21396,282,0
2020-06-14,Brazil,210147125,Distrito Federal,3015268,NA,NA,NA,NA,912,11,0,22871,304,0
2020-06-16,Brazil,210147125,Distrito Federal,3015268,NA,NA,NA,NA,1696,29,0,25380,348,0
2020-06-18,Brazil,210147125,Distrito Federal,3015268,NA,NA,NA,NA,1381,14,0,28521,379,0
2020-06-20,Brazil,210147125,Distrito Federal,3015268,NA,NA,NA,NA,1336,8,0,32238,404,0
2020-06-22,Brazil,210147125,Distrito Federal,3015268,NA,NA,NA,NA,921,26,0,34148,449,0
2020-06-24,Brazil,210147125,Distrito Federal,3015268,NA,NA,NA,NA,1886,20,0,37254,495,0
2020-06-26,Brazil,210147125,Distrito Federal,3015268,NA,NA,NA,NA,2455,23,0,41326,532,0
2020-06-28,Brazil,210147125,Distrito Federal,3015268,NA,NA,NA,NA,2139,11,0,44905,548,0
2020-06-30,Brazil,210147125,Distrito Federal,3015268,NA,NA,NA,NA,2147,28,0,49218,587,0
2020-07-02,Brazil,210147125,Distrito Federal,3015268,NA,NA,NA,NA,1605,11,0,52281,631,0
2020-07-04,Brazil,210147125,Distrito Federal,3015268,NA,NA,NA,NA,1764,28,0,55760,671,0
2020-07-06,Brazil,210147125,Distrito Federal,3015268,NA,NA,NA,NA,2529,27,0,60383,726,0
2020-07-08,Brazil,210147125,Distrito Federal,3015268,NA,NA,NA,NA,1620,34,0,64314,801,0
2020-07-10,Brazil,210147125,Distrito Federal,3015268,NA,NA,NA,NA,1620,33,0,67297,856,0
2020-07-12,Brazil,210147125,Distrito Federal,3015268,NA,NA,NA,NA,2306,31,0,70712,902,0
2020-07-14,Brazil,210147125,Distrito Federal,3015268,NA,NA,NA,NA,1370,30,0,73654,960,0
2020-07-16,Brazil,210147125,Distrito Federal,3015268,NA,NA,NA,NA,2242,36,0,77621,1037,0
2020-07-18,Brazil,210147125,Distrito Federal,3015268,NA,NA,NA,NA,1763,15,0,81163,1075,0
2020-07-20,Brazil,210147125,Distrito Federal,3015268,NA,NA,NA,NA,1875,27,0,84287,1112,0
2020-07-22,Brazil,210147125,Distrito Federal,3015268,NA,NA,NA,NA,1725,18,0,87801,1176,0
2020-07-24,Brazil,210147125,Distrito Federal,3015268,NA,NA,NA,NA,2391,26,0,92414,1244,0
2020-07-26,Brazil,210147125,Distrito Federal,3015268,NA,NA,NA,NA,2145,33,0,96332,1308,0
2020-07-28,Brazil,210147125,Distrito Federal,3015268,NA,NA,NA,NA,2246,52,0,100726,1391,0
2020-07-30,Brazil,210147125,Distrito Federal,3015268,NA,NA,NA,NA,2100,25,0,104442,1444,0
2020-08-01,Brazil,210147125,Distrito Federal,3015268,NA,NA,NA,NA,0,0,0,106292,1469,0
2020-08-03,Brazil,210147125,Distrito Federal,3015268,NA,NA,NA,NA,0,0,0,106292,1469,0
2020-08-05,Brazil,210147125,Distrito Federal,3015268,NA,NA,NA,NA,9674,103,0,115966,1572,0
2020-08-07,Brazil,210147125,Distrito Federal,3015268,NA,NA,NA,NA,1903,31,0,119903,1682,0
2020-08-09,Brazil,210147125,Distrito Federal,3015268,NA,NA,NA,NA,1233,19,0,123057,1731,0
2020-08-11,Brazil,210147125,Distrito Federal,3015268,NA,NA,NA,NA,1415,53,0,127484,1815,0
2020-08-13,Brazil,210147125,Distrito Federal,3015268,NA,NA,NA,NA,1986,35,0,131170,1905,0
2020-08-15,Brazil,210147125,Distrito Federal,3015268,NA,NA,NA,NA,1848,23,0,135014,1958,0
2020-02-26,Brazil,210147125,Espiritu Santo,4018650,NA,NA,NA,NA,0,NA,NA,0,0,0
2020-02-28,Brazil,210147125,Espiritu Santo,4018650,NA,NA,NA,NA,0,0,0,0,0,0
2020-03-01,Brazil,210147125,Espiritu Santo,4018650,NA,NA,NA,NA,0,0,0,0,0,0
2020-03-03,Brazil,210147125,Espiritu Santo,4018650,NA,NA,NA,NA,0,0,0,0,0,0
2020-03-05,Brazil,210147125,Espiritu Santo,4018650,NA,NA,NA,NA,0,0,0,0,0,0
2020-03-07,Brazil,210147125,Espiritu Santo,4018650,NA,NA,NA,NA,0,0,0,1,0,0
2020-03-09,Brazil,210147125,Espiritu Santo,4018650,NA,NA,NA,NA,0,0,0,1,0,0
2020-03-11,Brazil,210147125,Espiritu Santo,4018650,NA,NA,NA,NA,0,0,0,1,0,0
2020-03-13,Brazil,210147125,Espiritu Santo,4018650,NA,NA,NA,NA,0,0,0,1,0,0
2020-03-15,Brazil,210147125,Espiritu Santo,4018650,NA,NA,NA,NA,0,0,0,1,0,0
2020-03-17,Brazil,210147125,Espiritu Santo,4018650,NA,NA,NA,NA,0,0,0,1,0,0
2020-03-19,Brazil,210147125,Espiritu Santo,4018650,NA,NA,NA,NA,2,0,0,11,0,0
2020-03-21,Brazil,210147125,Espiritu Santo,4018650,NA,NA,NA,NA,13,0,0,26,0,0
2020-03-23,Brazil,210147125,Espiritu Santo,4018650,NA,NA,NA,NA,3,0,0,29,0,0
2020-03-25,Brazil,210147125,Espiritu Santo,4018650,NA,NA,NA,NA,6,0,0,39,0,0
2020-03-27,Brazil,210147125,Espiritu Santo,4018650,NA,NA,NA,NA,8,0,0,47,0,0
2020-03-29,Brazil,210147125,Espiritu Santo,4018650,NA,NA,NA,NA,7,0,0,60,0,0
2020-03-31,Brazil,210147125,Espiritu Santo,4018650,NA,NA,NA,NA,12,0,0,84,0,0
2020-04-02,Brazil,210147125,Espiritu Santo,4018650,NA,NA,NA,NA,24,1,0,120,1,0
2020-04-04,Brazil,210147125,Espiritu Santo,4018650,NA,NA,NA,NA,14,1,0,153,5,0
2020-04-06,Brazil,210147125,Espiritu Santo,4018650,NA,NA,NA,NA,28,0,0,194,6,0
2020-04-08,Brazil,210147125,Espiritu Santo,4018650,NA,NA,NA,NA,18,0,0,227,6,0
2020-04-10,Brazil,210147125,Espiritu Santo,4018650,NA,NA,NA,NA,27,1,0,300,7,0
2020-04-12,Brazil,210147125,Espiritu Santo,4018650,NA,NA,NA,NA,34,0,0,383,9,0
2020-04-14,Brazil,210147125,Espiritu Santo,4018650,NA,NA,NA,NA,33,3,0,463,17,0
2020-04-16,Brazil,210147125,Espiritu Santo,4018650,NA,NA,NA,NA,197,4,0,754,22,0
2020-04-18,Brazil,210147125,Espiritu Santo,4018650,NA,NA,NA,NA,96,3,0,952,28,0
2020-04-20,Brazil,210147125,Espiritu Santo,4018650,NA,NA,NA,NA,69,3,0,1168,33,0
2020-04-22,Brazil,210147125,Espiritu Santo,4018650,NA,NA,NA,NA,101,0,0,1313,34,0
2020-04-24,Brazil,210147125,Espiritu Santo,4018650,NA,NA,NA,NA,18,0,0,1381,42,0
2020-04-26,Brazil,210147125,Espiritu Santo,4018650,NA,NA,NA,NA,108,4,0,1703,51,0
2020-04-28,Brazil,210147125,Espiritu Santo,4018650,NA,NA,NA,NA,78,7,0,1874,64,0
2020-04-30,Brazil,210147125,Espiritu Santo,4018650,NA,NA,NA,NA,358,7,0,2465,83,0
2020-05-02,Brazil,210147125,Espiritu Santo,4018650,NA,NA,NA,NA,323,7,0,2985,103,0
2020-05-04,Brazil,210147125,Espiritu Santo,4018650,NA,NA,NA,NA,140,8,0,3226,122,0
2020-05-06,Brazil,210147125,Espiritu Santo,4018650,NA,NA,NA,NA,166,12,0,3568,145,0
2020-05-08,Brazil,210147125,Espiritu Santo,4018650,NA,NA,NA,NA,404,10,0,4242,165,0
2020-05-10,Brazil,210147125,Espiritu Santo,4018650,NA,NA,NA,NA,187,9,0,4599,181,0
2020-05-12,Brazil,210147125,Espiritu Santo,4018650,NA,NA,NA,NA,268,16,0,5087,212,0
2020-05-14,Brazil,210147125,Espiritu Santo,4018650,NA,NA,NA,NA,412,16,0,5813,249,0
2020-05-16,Brazil,210147125,Espiritu Santo,4018650,NA,NA,NA,NA,397,11,0,6595,271,0
2020-05-18,Brazil,210147125,Espiritu Santo,4018650,NA,NA,NA,NA,413,17,0,7157,302,0
2020-05-20,Brazil,210147125,Espiritu Santo,4018650,NA,NA,NA,NA,399,16,0,8092,341,0
2020-05-22,Brazil,210147125,Espiritu Santo,4018650,NA,NA,NA,NA,642,34,0,9520,397,0
2020-05-24,Brazil,210147125,Espiritu Santo,4018650,NA,NA,NA,NA,89,29,0,10007,446,0
2020-05-26,Brazil,210147125,Espiritu Santo,4018650,NA,NA,NA,NA,524,22,0,10889,487,0
2020-05-28,Brazil,210147125,Espiritu Santo,4018650,NA,NA,NA,NA,719,27,0,12203,538,0
2020-05-30,Brazil,210147125,Espiritu Santo,4018650,NA,NA,NA,NA,534,23,0,13437,583,0
2020-06-01,Brazil,210147125,Espiritu Santo,4018650,NA,NA,NA,NA,379,10,0,14069,614,0
2020-06-03,Brazil,210147125,Espiritu Santo,4018650,NA,NA,NA,NA,970,34,0,16121,698,0
2020-06-05,Brazil,210147125,Espiritu Santo,4018650,NA,NA,NA,NA,1215,43,0,18109,780,0
2020-06-07,Brazil,210147125,Espiritu Santo,4018650,NA,NA,NA,NA,669,26,0,19619,832,0
2020-06-09,Brazil,210147125,Espiritu Santo,4018650,NA,NA,NA,NA,1305,33,0,21964,904,0
2020-06-11,Brazil,210147125,Espiritu Santo,4018650,NA,NA,NA,NA,885,26,0,24229,962,0
2020-06-13,Brazil,210147125,Espiritu Santo,4018650,NA,NA,NA,NA,675,36,0,25932,1022,0
2020-06-15,Brazil,210147125,Espiritu Santo,4018650,NA,NA,NA,NA,1140,32,0,27581,1086,0
2020-06-17,Brazil,210147125,Espiritu Santo,4018650,NA,NA,NA,NA,1489,38,0,30441,1169,0
2020-06-19,Brazil,210147125,Espiritu Santo,4018650,NA,NA,NA,NA,1471,48,0,33142,1265,0
2020-06-21,Brazil,210147125,Espiritu Santo,4018650,NA,NA,NA,NA,642,29,0,34858,1326,0
2020-06-23,Brazil,210147125,Espiritu Santo,4018650,NA,NA,NA,NA,1043,63,0,36827,1425,0
2020-06-25,Brazil,210147125,Espiritu Santo,4018650,NA,NA,NA,NA,1765,27,0,40246,1490,0
2020-06-27,Brazil,210147125,Espiritu Santo,4018650,NA,NA,NA,NA,0,0,0,41652,1507,0
2020-06-29,Brazil,210147125,Espiritu Santo,4018650,NA,NA,NA,NA,1414,53,0,45097,1621,0
2020-07-01,Brazil,210147125,Espiritu Santo,4018650,NA,NA,NA,NA,1928,45,0,48821,1693,0
2020-07-03,Brazil,210147125,Espiritu Santo,4018650,NA,NA,NA,NA,1449,30,0,51689,1758,0
2020-07-05,Brazil,210147125,Espiritu Santo,4018650,NA,NA,NA,NA,570,23,0,53393,1804,0
2020-07-07,Brazil,210147125,Espiritu Santo,4018650,NA,NA,NA,NA,2151,42,0,56698,1880,0
2020-07-09,Brazil,210147125,Espiritu Santo,4018650,NA,NA,NA,NA,1472,19,0,60009,1930,0
2020-07-11,Brazil,210147125,Espiritu Santo,4018650,NA,NA,NA,NA,880,17,0,62236,1984,0
2020-07-13,Brazil,210147125,Espiritu Santo,4018650,NA,NA,NA,NA,1080,37,0,63879,2040,0
2020-07-15,Brazil,210147125,Espiritu Santo,4018650,NA,NA,NA,NA,1139,15,0,66352,2097,0
2020-07-17,Brazil,210147125,Espiritu Santo,4018650,NA,NA,NA,NA,1343,38,0,69461,2174,0
2020-07-19,Brazil,210147125,Espiritu Santo,4018650,NA,NA,NA,NA,478,20,0,70609,2222,0
2020-07-21,Brazil,210147125,Espiritu Santo,4018650,NA,NA,NA,NA,898,24,0,72601,2280,0
2020-07-23,Brazil,210147125,Espiritu Santo,4018650,NA,NA,NA,NA,920,36,0,74608,2341,0
2020-07-25,Brazil,210147125,Espiritu Santo,4018650,NA,NA,NA,NA,744,13,0,76598,2386,0
2020-07-27,Brazil,210147125,Espiritu Santo,4018650,NA,NA,NA,NA,837,25,0,78037,2436,0
2020-07-29,Brazil,210147125,Espiritu Santo,4018650,NA,NA,NA,NA,1105,23,0,80569,2486,0
2020-07-31,Brazil,210147125,Espiritu Santo,4018650,NA,NA,NA,NA,1407,31,0,83292,2545,0
2020-08-02,Brazil,210147125,Espiritu Santo,4018650,NA,NA,NA,NA,0,0,0,83292,2545,0
2020-08-04,Brazil,210147125,Espiritu Santo,4018650,NA,NA,NA,NA,0,0,0,83292,2545,0
2020-08-06,Brazil,210147125,Espiritu Santo,4018650,NA,NA,NA,NA,1301,21,0,88543,2667,0
2020-08-08,Brazil,210147125,Espiritu Santo,4018650,NA,NA,NA,NA,1223,22,0,91146,2720,0
2020-08-10,Brazil,210147125,Espiritu Santo,4018650,NA,NA,NA,NA,1278,29,0,93069,2764,0
2020-08-12,Brazil,210147125,Espiritu Santo,4018650,NA,NA,NA,NA,1277,22,0,95753,2805,0
2020-08-14,Brazil,210147125,Espiritu Santo,4018650,NA,NA,NA,NA,1157,26,0,98106,2849,0
2020-02-25,Brazil,210147125,Goias,7018354,NA,NA,NA,NA,NA,NA,NA,0,0,0
2020-02-27,Brazil,210147125,Goias,7018354,NA,NA,NA,NA,0,0,0,0,0,0
2020-02-29,Brazil,210147125,Goias,7018354,NA,NA,NA,NA,0,0,0,0,0,0
2020-03-02,Brazil,210147125,Goias,7018354,NA,NA,NA,NA,0,0,0,0,0,0
2020-03-04,Brazil,210147125,Goias,7018354,NA,NA,NA,NA,0,0,0,0,0,0
2020-03-06,Brazil,210147125,Goias,7018354,NA,NA,NA,NA,0,0,0,0,0,0
2020-03-08,Brazil,210147125,Goias,7018354,NA,NA,NA,NA,0,0,0,0,0,0
2020-03-10,Brazil,210147125,Goias,7018354,NA,NA,NA,NA,0,0,0,0,0,0
2020-03-12,Brazil,210147125,Goias,7018354,NA,NA,NA,NA,0,0,0,0,0,0
2020-03-14,Brazil,210147125,Goias,7018354,NA,NA,NA,NA,0,0,0,3,0,0
2020-03-16,Brazil,210147125,Goias,7018354,NA,NA,NA,NA,0,0,0,3,0,0
2020-03-18,Brazil,210147125,Goias,7018354,NA,NA,NA,NA,2,0,0,8,0,0
2020-03-20,Brazil,210147125,Goias,7018354,NA,NA,NA,NA,3,0,0,15,0,0
2020-03-22,Brazil,210147125,Goias,7018354,NA,NA,NA,NA,1,0,0,21,0,0
2020-03-24,Brazil,210147125,Goias,7018354,NA,NA,NA,NA,4,0,0,27,0,0
2020-03-26,Brazil,210147125,Goias,7018354,NA,NA,NA,NA,10,1,0,39,1,0
2020-03-28,Brazil,210147125,Goias,7018354,NA,NA,NA,NA,7,0,0,56,1,0
2020-03-30,Brazil,210147125,Goias,7018354,NA,NA,NA,NA,3,0,0,61,1,0
2020-04-01,Brazil,210147125,Goias,7018354,NA,NA,NA,NA,6,0,0,71,1,0
2020-04-03,Brazil,210147125,Goias,7018354,NA,NA,NA,NA,15,1,0,88,2,0
2020-04-05,Brazil,210147125,Goias,7018354,NA,NA,NA,NA,12,1,0,115,3,0
2020-04-07,Brazil,210147125,Goias,7018354,NA,NA,NA,NA,14,0,0,133,5,0
2020-04-09,Brazil,210147125,Goias,7018354,NA,NA,NA,NA,21,0,0,179,7,0
2020-04-11,Brazil,210147125,Goias,7018354,NA,NA,NA,NA,18,2,0,209,10,0
2020-04-13,Brazil,210147125,Goias,7018354,NA,NA,NA,NA,4,1,0,233,15,0
2020-04-15,Brazil,210147125,Goias,7018354,NA,NA,NA,NA,20,0,0,304,15,0
2020-04-17,Brazil,210147125,Goias,7018354,NA,NA,NA,NA,17,0,0,335,16,0
2020-04-19,Brazil,210147125,Goias,7018354,NA,NA,NA,NA,15,0,0,393,18,0
2020-04-21,Brazil,210147125,Goias,7018354,NA,NA,NA,NA,18,0,0,421,19,0
2020-04-23,Brazil,210147125,Goias,7018354,NA,NA,NA,NA,15,2,0,453,23,0
2020-04-25,Brazil,210147125,Goias,7018354,NA,NA,NA,NA,20,1,0,506,25,0
2020-04-27,Brazil,210147125,Goias,7018354,NA,NA,NA,NA,43,1,0,616,26,0
2020-04-29,Brazil,210147125,Goias,7018354,NA,NA,NA,NA,44,0,0,705,27,0
2020-05-01,Brazil,210147125,Goias,7018354,NA,NA,NA,NA,27,0,0,808,29,0
2020-05-03,Brazil,210147125,Goias,7018354,NA,NA,NA,NA,25,0,0,850,30,0
2020-05-05,Brazil,210147125,Goias,7018354,NA,NA,NA,NA,61,8,0,922,38,0
2020-05-07,Brazil,210147125,Goias,7018354,NA,NA,NA,NA,3,0,0,1027,44,0
2020-05-09,Brazil,210147125,Goias,7018354,NA,NA,NA,NA,16,0,0,1069,47,0
2020-05-11,Brazil,210147125,Goias,7018354,NA,NA,NA,NA,7,2,0,1100,49,0
2020-05-13,Brazil,210147125,Goias,7018354,NA,NA,NA,NA,19,9,0,1134,61,0
2020-05-15,Brazil,210147125,Goias,7018354,NA,NA,NA,NA,149,3,0,1572,67,0
2020-05-17,Brazil,210147125,Goias,7018354,NA,NA,NA,NA,52,1,0,1692,70,0
2020-05-19,Brazil,210147125,Goias,7018354,NA,NA,NA,NA,97,0,0,1846,73,0
2020-05-21,Brazil,210147125,Goias,7018354,NA,NA,NA,NA,136,7,0,2114,85,0
2020-05-23,Brazil,210147125,Goias,7018354,NA,NA,NA,NA,73,2,0,2377,95,0
2020-05-25,Brazil,210147125,Goias,7018354,NA,NA,NA,NA,69,1,0,2512,96,0
2020-05-27,Brazil,210147125,Goias,7018354,NA,NA,NA,NA,172,4,0,2843,108,0
2020-05-29,Brazil,210147125,Goias,7018354,NA,NA,NA,NA,229,4,0,3319,119,0
2020-05-31,Brazil,210147125,Goias,7018354,NA,NA,NA,NA,117,2,0,3702,124,0
2020-06-02,Brazil,210147125,Goias,7018354,NA,NA,NA,NA,471,24,0,4377,151,0
2020-06-04,Brazil,210147125,Goias,7018354,NA,NA,NA,NA,374,9,0,4944,164,0
2020-06-06,Brazil,210147125,Goias,7018354,NA,NA,NA,NA,296,5,0,5669,172,0
2020-06-08,Brazil,210147125,Goias,7018354,NA,NA,NA,NA,311,0,0,6124,173,0
2020-06-10,Brazil,210147125,Goias,7018354,NA,NA,NA,NA,638,8,0,7159,188,0
2020-06-12,Brazil,210147125,Goias,7018354,NA,NA,NA,NA,189,5,0,7846,194,0
2020-06-14,Brazil,210147125,Goias,7018354,NA,NA,NA,NA,4,3,0,7944,211,0
2020-06-16,Brazil,210147125,Goias,7018354,NA,NA,NA,NA,1082,20,0,11264,246,0
2020-06-18,Brazil,210147125,Goias,7018354,NA,NA,NA,NA,1068,12,0,13304,264,0
2020-06-20,Brazil,210147125,Goias,7018354,NA,NA,NA,NA,853,14,0,14880,295,0
2020-06-22,Brazil,210147125,Goias,7018354,NA,NA,NA,NA,917,8,0,16536,311,0
2020-06-24,Brazil,210147125,Goias,7018354,NA,NA,NA,NA,1054,34,0,18622,363,0
2020-06-26,Brazil,210147125,Goias,7018354,NA,NA,NA,NA,1316,25,0,20863,409,0
2020-06-28,Brazil,210147125,Goias,7018354,NA,NA,NA,NA,364,6,0,21984,435,0
2020-06-30,Brazil,210147125,Goias,7018354,NA,NA,NA,NA,1374,37,0,24381,474,0
2020-07-02,Brazil,210147125,Goias,7018354,NA,NA,NA,NA,722,42,0,26263,545,0
2020-07-04,Brazil,210147125,Goias,7018354,NA,NA,NA,NA,2164,25,0,28494,611,0
2020-07-06,Brazil,210147125,Goias,7018354,NA,NA,NA,NA,770,33,0,29296,654,0
2020-07-08,Brazil,210147125,Goias,7018354,NA,NA,NA,NA,1356,32,0,32664,733,0
2020-07-10,Brazil,210147125,Goias,7018354,NA,NA,NA,NA,1262,38,0,35138,807,0
2020-07-12,Brazil,210147125,Goias,7018354,NA,NA,NA,NA,451,5,0,36244,849,0
2020-07-14,Brazil,210147125,Goias,7018354,NA,NA,NA,NA,1136,28,0,37832,880,0
2020-07-16,Brazil,210147125,Goias,7018354,NA,NA,NA,NA,1306,59,0,40201,986,0
2020-07-18,Brazil,210147125,Goias,7018354,NA,NA,NA,NA,114,50,0,40795,1079,0
2020-07-20,Brazil,210147125,Goias,7018354,NA,NA,NA,NA,3,14,0,40772,1106,0
2020-07-22,Brazil,210147125,Goias,7018354,NA,NA,NA,NA,3490,39,0,47284,1193,0
2020-07-24,Brazil,210147125,Goias,7018354,NA,NA,NA,NA,2389,70,0,52847,1332,0
2020-07-26,Brazil,210147125,Goias,7018354,NA,NA,NA,NA,1113,14,0,55914,1392,0
2020-07-28,Brazil,210147125,Goias,7018354,NA,NA,NA,NA,2652,73,0,60637,1473,0
2020-07-30,Brazil,210147125,Goias,7018354,NA,NA,NA,NA,1611,10,0,65269,1564,0
2020-08-01,Brazil,210147125,Goias,7018354,NA,NA,NA,NA,0,0,0,67941,1656,0
2020-08-03,Brazil,210147125,Goias,7018354,NA,NA,NA,NA,0,0,0,67941,1656,0
2020-08-05,Brazil,210147125,Goias,7018354,NA,NA,NA,NA,8664,174,0,76605,1830,0
2020-08-07,Brazil,210147125,Goias,7018354,NA,NA,NA,NA,2910,58,0,82807,1946,0
2020-08-09,Brazil,210147125,Goias,7018354,NA,NA,NA,NA,540,12,0,85071,2020,0
2020-08-11,Brazil,210147125,Goias,7018354,NA,NA,NA,NA,3775,76,0,90226,2099,0
2020-08-13,Brazil,210147125,Goias,7018354,NA,NA,NA,NA,3475,78,0,96749,2213,0
2020-08-15,Brazil,210147125,Goias,7018354,NA,NA,NA,NA,1704,0,0,100938,2286,0
2020-02-26,Brazil,210147125,Maranhao,7075181,NA,NA,NA,NA,0,NA,NA,0,0,0
2020-02-28,Brazil,210147125,Maranhao,7075181,NA,NA,NA,NA,0,0,0,0,0,0
2020-03-01,Brazil,210147125,Maranhao,7075181,NA,NA,NA,NA,0,0,0,0,0,0
2020-03-03,Brazil,210147125,Maranhao,7075181,NA,NA,NA,NA,0,0,0,0,0,0
2020-03-05,Brazil,210147125,Maranhao,7075181,NA,NA,NA,NA,0,0,0,0,0,0
2020-03-07,Brazil,210147125,Maranhao,7075181,NA,NA,NA,NA,0,0,0,0,0,0
2020-03-09,Brazil,210147125,Maranhao,7075181,NA,NA,NA,NA,0,0,0,0,0,0
2020-03-11,Brazil,210147125,Maranhao,7075181,NA,NA,NA,NA,0,0,0,0,0,0
2020-03-13,Brazil,210147125,Maranhao,7075181,NA,NA,NA,NA,0,0,0,0,0,0
2020-03-15,Brazil,210147125,Maranhao,7075181,NA,NA,NA,NA,0,0,0,0,0,0
2020-03-17,Brazil,210147125,Maranhao,7075181,NA,NA,NA,NA,0,0,0,0,0,0
2020-03-19,Brazil,210147125,Maranhao,7075181,NA,NA,NA,NA,0,0,0,0,0,0
2020-03-21,Brazil,210147125,Maranhao,7075181,NA,NA,NA,NA,1,0,0,1,0,0
2020-03-23,Brazil,210147125,Maranhao,7075181,NA,NA,NA,NA,0,0,0,2,0,0
2020-03-25,Brazil,210147125,Maranhao,7075181,NA,NA,NA,NA,0,0,0,8,0,0
2020-03-27,Brazil,210147125,Maranhao,7075181,NA,NA,NA,NA,3,0,0,13,0,0
2020-03-29,Brazil,210147125,Maranhao,7075181,NA,NA,NA,NA,2,0,0,16,0,0
2020-03-31,Brazil,210147125,Maranhao,7075181,NA,NA,NA,NA,8,0,0,31,1,0
2020-04-02,Brazil,210147125,Maranhao,7075181,NA,NA,NA,NA,17,0,0,71,1,0
2020-04-04,Brazil,210147125,Maranhao,7075181,NA,NA,NA,NA,7,0,0,88,1,0
2020-04-06,Brazil,210147125,Maranhao,7075181,NA,NA,NA,NA,37,0,0,133,2,0
2020-04-08,Brazil,210147125,Maranhao,7075181,NA,NA,NA,NA,58,7,0,230,11,0
2020-04-10,Brazil,210147125,Maranhao,7075181,NA,NA,NA,NA,20,4,0,293,16,0
2020-04-12,Brazil,210147125,Maranhao,7075181,NA,NA,NA,NA,54,3,0,398,24,0
2020-04-14,Brazil,210147125,Maranhao,7075181,NA,NA,NA,NA,33,5,0,478,32,0
2020-04-16,Brazil,210147125,Maranhao,7075181,NA,NA,NA,NA,65,3,0,695,37,0
2020-04-18,Brazil,210147125,Maranhao,7075181,NA,NA,NA,NA,243,4,0,1040,44,0
2020-04-20,Brazil,210147125,Maranhao,7075181,NA,NA,NA,NA,115,6,0,1320,54,0
2020-04-22,Brazil,210147125,Maranhao,7075181,NA,NA,NA,NA,208,6,0,1604,66,0
2020-04-24,Brazil,210147125,Maranhao,7075181,NA,NA,NA,NA,194,12,0,1951,88,0
2020-04-26,Brazil,210147125,Maranhao,7075181,NA,NA,NA,NA,118,12,0,2223,112,0
2020-04-28,Brazil,210147125,Maranhao,7075181,NA,NA,NA,NA,118,20,0,2528,145,0
2020-04-30,Brazil,210147125,Maranhao,7075181,NA,NA,NA,NA,386,18,0,3190,184,0
2020-05-02,Brazil,210147125,Maranhao,7075181,NA,NA,NA,NA,299,20,0,3805,224,0
2020-05-04,Brazil,210147125,Maranhao,7075181,NA,NA,NA,NA,187,12,0,4227,249,0
2020-05-06,Brazil,210147125,Maranhao,7075181,NA,NA,NA,NA,498,20,0,5028,291,0
2020-05-08,Brazil,210147125,Maranhao,7075181,NA,NA,NA,NA,520,25,0,5909,330,0
2020-05-10,Brazil,210147125,Maranhao,7075181,NA,NA,NA,NA,834,24,0,7599,379,0
2020-05-12,Brazil,210147125,Maranhao,7075181,NA,NA,NA,NA,382,24,0,8526,423,0
2020-05-14,Brazil,210147125,Maranhao,7075181,NA,NA,NA,NA,689,26,0,9801,470,0
2020-05-16,Brazil,210147125,Maranhao,7075181,NA,NA,NA,NA,853,28,0,11592,524,0
2020-05-18,Brazil,210147125,Maranhao,7075181,NA,NA,NA,NA,746,27,0,13238,576,0
2020-05-20,Brazil,210147125,Maranhao,7075181,NA,NA,NA,NA,916,30,0,15114,634,0
2020-05-22,Brazil,210147125,Maranhao,7075181,NA,NA,NA,NA,1154,30,0,17212,693,0
2020-05-24,Brazil,210147125,Maranhao,7075181,NA,NA,NA,NA,2424,32,0,21191,754,0
2020-05-26,Brazil,210147125,Maranhao,7075181,NA,NA,NA,NA,1492,33,0,24278,817,0
2020-05-28,Brazil,210147125,Maranhao,7075181,NA,NA,NA,NA,1834,34,0,27979,887,0
2020-05-30,Brazil,210147125,Maranhao,7075181,NA,NA,NA,NA,2138,21,0,32620,932,0
2020-06-01,Brazil,210147125,Maranhao,7075181,NA,NA,NA,NA,658,21,0,35297,976,0
2020-06-03,Brazil,210147125,Maranhao,7075181,NA,NA,NA,NA,1549,31,0,38174,1028,0
2020-06-05,Brazil,210147125,Maranhao,7075181,NA,NA,NA,NA,2684,33,0,43313,1095,0
2020-06-07,Brazil,210147125,Maranhao,7075181,NA,NA,NA,NA,2123,38,0,47593,1170,0
2020-06-09,Brazil,210147125,Maranhao,7075181,NA,NA,NA,NA,2698,38,0,52069,1285,0
2020-06-11,Brazil,210147125,Maranhao,7075181,NA,NA,NA,NA,2172,38,0,55680,1360,0
2020-06-13,Brazil,210147125,Maranhao,7075181,NA,NA,NA,NA,1254,37,0,58859,1436,0
2020-06-15,Brazil,210147125,Maranhao,7075181,NA,NA,NA,NA,742,32,0,60592,1499,0
2020-06-17,Brazil,210147125,Maranhao,7075181,NA,NA,NA,NA,2024,33,0,64735,1570,0
2020-06-19,Brazil,210147125,Maranhao,7075181,NA,NA,NA,NA,2409,38,0,68500,1645,0
2020-06-21,Brazil,210147125,Maranhao,7075181,NA,NA,NA,NA,386,37,0,70059,1721,0
2020-06-23,Brazil,210147125,Maranhao,7075181,NA,NA,NA,NA,1332,37,0,72021,1797,0
2020-06-25,Brazil,210147125,Maranhao,7075181,NA,NA,NA,NA,1611,35,0,74925,1871,0
2020-06-27,Brazil,210147125,Maranhao,7075181,NA,NA,NA,NA,1417,37,0,78115,1943,0
2020-06-29,Brazil,210147125,Maranhao,7075181,NA,NA,NA,NA,457,30,0,78969,2012,0
2020-07-01,Brazil,210147125,Maranhao,7075181,NA,NA,NA,NA,2805,33,0,83256,2081,0
2020-07-03,Brazil,210147125,Maranhao,7075181,NA,NA,NA,NA,2189,34,0,88214,2153,0
2020-07-05,Brazil,210147125,Maranhao,7075181,NA,NA,NA,NA,657,34,0,89714,2219,0
2020-07-07,Brazil,210147125,Maranhao,7075181,NA,NA,NA,NA,1837,36,0,92088,2286,0
2020-07-09,Brazil,210147125,Maranhao,7075181,NA,NA,NA,NA,2384,33,0,95323,2357,0
2020-07-11,Brazil,210147125,Maranhao,7075181,NA,NA,NA,NA,1680,34,0,98398,2426,0
2020-07-13,Brazil,210147125,Maranhao,7075181,NA,NA,NA,NA,878,38,0,99830,2501,0
2020-07-15,Brazil,210147125,Maranhao,7075181,NA,NA,NA,NA,1002,36,0,102469,2572,0
2020-07-17,Brazil,210147125,Maranhao,7075181,NA,NA,NA,NA,1057,32,0,105183,2640,0
2020-07-19,Brazil,210147125,Maranhao,7075181,NA,NA,NA,NA,233,32,0,106325,2708,0
2020-07-21,Brazil,210147125,Maranhao,7075181,NA,NA,NA,NA,1248,38,0,108154,2778,0
2020-07-23,Brazil,210147125,Maranhao,7075181,NA,NA,NA,NA,1757,30,0,111488,2840,0
2020-07-25,Brazil,210147125,Maranhao,7075181,NA,NA,NA,NA,880,27,0,113563,2898,0
2020-07-27,Brazil,210147125,Maranhao,7075181,NA,NA,NA,NA,694,20,0,114585,2943,0
2020-07-29,Brazil,210147125,Maranhao,7075181,NA,NA,NA,NA,1706,19,0,117694,2978,0
2020-07-31,Brazil,210147125,Maranhao,7075181,NA,NA,NA,NA,1399,17,0,120661,3013,0
2020-08-02,Brazil,210147125,Maranhao,7075181,NA,NA,NA,NA,0,0,0,120661,3013,0
2020-08-04,Brazil,210147125,Maranhao,7075181,NA,NA,NA,NA,0,0,0,120661,3013,0
2020-08-06,Brazil,210147125,Maranhao,7075181,NA,NA,NA,NA,1606,17,0,127065,3120,0
2020-08-08,Brazil,210147125,Maranhao,7075181,NA,NA,NA,NA,854,16,0,129700,3154,0
2020-08-10,Brazil,210147125,Maranhao,7075181,NA,NA,NA,NA,430,18,0,130566,3187,0
2020-08-12,Brazil,210147125,Maranhao,7075181,NA,NA,NA,NA,1205,11,0,133265,3215,0
2020-08-14,Brazil,210147125,Maranhao,7075181,NA,NA,NA,NA,1131,12,0,135324,3240,0
2020-02-25,Brazil,210147125,MatoGrosso,3484466,NA,NA,NA,NA,NA,NA,NA,0,0,0
2020-02-27,Brazil,210147125,MatoGrosso,3484466,NA,NA,NA,NA,0,0,0,0,0,0
2020-02-29,Brazil,210147125,MatoGrosso,3484466,NA,NA,NA,NA,0,0,0,0,0,0
2020-03-02,Brazil,210147125,MatoGrosso,3484466,NA,NA,NA,NA,0,0,0,0,0,0
2020-03-04,Brazil,210147125,MatoGrosso,3484466,NA,NA,NA,NA,0,0,0,0,0,0
2020-03-06,Brazil,210147125,MatoGrosso,3484466,NA,NA,NA,NA,0,0,0,0,0,0
2020-03-08,Brazil,210147125,MatoGrosso,3484466,NA,NA,NA,NA,0,0,0,0,0,0
2020-03-10,Brazil,210147125,MatoGrosso,3484466,NA,NA,NA,NA,0,0,0,0,0,0
2020-03-12,Brazil,210147125,MatoGrosso,3484466,NA,NA,NA,NA,0,0,0,0,0,0
2020-03-14,Brazil,210147125,MatoGrosso,3484466,NA,NA,NA,NA,0,0,0,0,0,0
2020-03-16,Brazil,210147125,MatoGrosso,3484466,NA,NA,NA,NA,0,0,0,0,0,0
2020-03-18,Brazil,210147125,MatoGrosso,3484466,NA,NA,NA,NA,0,0,0,0,0,0
2020-03-20,Brazil,210147125,MatoGrosso,3484466,NA,NA,NA,NA,1,0,0,1,0,0
2020-03-22,Brazil,210147125,MatoGrosso,3484466,NA,NA,NA,NA,0,0,0,2,0,0
2020-03-24,Brazil,210147125,MatoGrosso,3484466,NA,NA,NA,NA,5,0,0,7,0,0
2020-03-26,Brazil,210147125,MatoGrosso,3484466,NA,NA,NA,NA,3,0,0,11,0,0
2020-03-28,Brazil,210147125,MatoGrosso,3484466,NA,NA,NA,NA,2,0,0,13,0,0
2020-03-30,Brazil,210147125,MatoGrosso,3484466,NA,NA,NA,NA,2,0,0,18,0,0
2020-04-01,Brazil,210147125,MatoGrosso,3484466,NA,NA,NA,NA,2,0,0,27,0,0
2020-04-03,Brazil,210147125,MatoGrosso,3484466,NA,NA,NA,NA,8,1,0,44,1,0
2020-04-05,Brazil,210147125,MatoGrosso,3484466,NA,NA,NA,NA,4,0,0,60,1,0
2020-04-07,Brazil,210147125,MatoGrosso,3484466,NA,NA,NA,NA,2,0,0,78,1,0
2020-04-09,Brazil,210147125,MatoGrosso,3484466,NA,NA,NA,NA,18,1,0,108,2,0
2020-04-11,Brazil,210147125,MatoGrosso,3484466,NA,NA,NA,NA,9,1,0,121,3,0
2020-04-13,Brazil,210147125,MatoGrosso,3484466,NA,NA,NA,NA,11,1,0,134,4,0
2020-04-15,Brazil,210147125,MatoGrosso,3484466,NA,NA,NA,NA,13,0,0,151,4,0
2020-04-17,Brazil,210147125,MatoGrosso,3484466,NA,NA,NA,NA,6,0,0,162,5,0
2020-04-19,Brazil,210147125,MatoGrosso,3484466,NA,NA,NA,NA,3,0,0,174,5,0
2020-04-21,Brazil,210147125,MatoGrosso,3484466,NA,NA,NA,NA,0,0,0,181,6,0
2020-04-23,Brazil,210147125,MatoGrosso,3484466,NA,NA,NA,NA,38,1,0,221,7,0
2020-04-25,Brazil,210147125,MatoGrosso,3484466,NA,NA,NA,NA,7,1,0,247,9,0
2020-04-27,Brazil,210147125,MatoGrosso,3484466,NA,NA,NA,NA,7,1,0,257,10,0
2020-04-29,Brazil,210147125,MatoGrosso,3484466,NA,NA,NA,NA,31,0,0,292,11,0
2020-05-01,Brazil,210147125,MatoGrosso,3484466,NA,NA,NA,NA,23,0,0,320,11,0
2020-05-03,Brazil,210147125,MatoGrosso,3484466,NA,NA,NA,NA,6,0,0,337,12,0
2020-05-05,Brazil,210147125,MatoGrosso,3484466,NA,NA,NA,NA,21,0,0,365,13,0
2020-05-07,Brazil,210147125,MatoGrosso,3484466,NA,NA,NA,NA,38,0,0,417,13,0
2020-05-09,Brazil,210147125,MatoGrosso,3484466,NA,NA,NA,NA,45,2,0,502,16,0
2020-05-11,Brazil,210147125,MatoGrosso,3484466,NA,NA,NA,NA,22,1,0,541,19,0
2020-05-13,Brazil,210147125,MatoGrosso,3484466,NA,NA,NA,NA,70,1,0,661,20,0
2020-05-15,Brazil,210147125,MatoGrosso,3484466,NA,NA,NA,NA,60,3,0,779,26,0
2020-05-17,Brazil,210147125,MatoGrosso,3484466,NA,NA,NA,NA,50,0,0,901,27,0
2020-05-19,Brazil,210147125,MatoGrosso,3484466,NA,NA,NA,NA,58,3,0,995,32,0
2020-05-21,Brazil,210147125,MatoGrosso,3484466,NA,NA,NA,NA,118,2,0,1172,34,0
2020-05-23,Brazil,210147125,MatoGrosso,3484466,NA,NA,NA,NA,132,0,0,1352,37,0
2020-05-25,Brazil,210147125,MatoGrosso,3484466,NA,NA,NA,NA,38,1,0,1500,41,0
2020-05-27,Brazil,210147125,MatoGrosso,3484466,NA,NA,NA,NA,211,3,0,1839,46,0
2020-05-29,Brazil,210147125,MatoGrosso,3484466,NA,NA,NA,NA,152,5,0,2103,56,0
2020-05-31,Brazil,210147125,MatoGrosso,3484466,NA,NA,NA,NA,68,4,0,2429,61,0
2020-06-02,Brazil,210147125,MatoGrosso,3484466,NA,NA,NA,NA,168,4,0,2709,70,0
2020-06-04,Brazil,210147125,MatoGrosso,3484466,NA,NA,NA,NA,346,6,0,3194,82,0
2020-06-06,Brazil,210147125,MatoGrosso,3484466,NA,NA,NA,NA,181,8,0,3662,96,0
2020-06-08,Brazil,210147125,MatoGrosso,3484466,NA,NA,NA,NA,222,7,0,4100,116,0
2020-06-10,Brazil,210147125,MatoGrosso,3484466,NA,NA,NA,NA,263,11,0,4602,146,0
2020-06-12,Brazil,210147125,MatoGrosso,3484466,NA,NA,NA,NA,271,15,0,5363,175,0
2020-06-14,Brazil,210147125,MatoGrosso,3484466,NA,NA,NA,NA,337,17,0,5861,209,0
2020-06-16,Brazil,210147125,MatoGrosso,3484466,NA,NA,NA,NA,203,10,0,6388,226,0
2020-06-18,Brazil,210147125,MatoGrosso,3484466,NA,NA,NA,NA,388,15,0,7512,281,0
2020-06-20,Brazil,210147125,MatoGrosso,3484466,NA,NA,NA,NA,609,26,0,8962,335,0
2020-06-22,Brazil,210147125,MatoGrosso,3484466,NA,NA,NA,NA,551,24,0,10021,384,0
2020-06-24,Brazil,210147125,MatoGrosso,3484466,NA,NA,NA,NA,784,42,0,11443,443,0
2020-06-26,Brazil,210147125,MatoGrosso,3484466,NA,NA,NA,NA,869,18,0,13026,480,0
2020-06-28,Brazil,210147125,MatoGrosso,3484466,NA,NA,NA,NA,882,36,0,14687,563,0
2020-06-30,Brazil,210147125,MatoGrosso,3484466,NA,NA,NA,NA,550,11,0,15636,593,0
2020-07-02,Brazil,210147125,MatoGrosso,3484466,NA,NA,NA,NA,1106,40,0,17727,674,0
2020-07-04,Brazil,210147125,MatoGrosso,3484466,NA,NA,NA,NA,1244,46,0,20098,755,0
2020-07-06,Brazil,210147125,MatoGrosso,3484466,NA,NA,NA,NA,605,19,0,21496,826,0
2020-07-08,Brazil,210147125,MatoGrosso,3484466,NA,NA,NA,NA,1429,36,0,23835,882,0
2020-07-10,Brazil,210147125,MatoGrosso,3484466,NA,NA,NA,NA,1132,58,0,26396,986,0
2020-07-12,Brazil,210147125,MatoGrosso,3484466,NA,NA,NA,NA,775,18,0,28411,1047,0
2020-07-14,Brazil,210147125,MatoGrosso,3484466,NA,NA,NA,NA,487,20,0,29279,1105,0
2020-07-16,Brazil,210147125,MatoGrosso,3484466,NA,NA,NA,NA,792,33,0,31111,1207,0
2020-07-18,Brazil,210147125,MatoGrosso,3484466,NA,NA,NA,NA,0,37,0,32707,1305,0
2020-07-20,Brazil,210147125,MatoGrosso,3484466,NA,NA,NA,NA,1503,52,0,35639,1384,0
2020-07-22,Brazil,210147125,MatoGrosso,3484466,NA,NA,NA,NA,1695,53,0,38772,1453,0
2020-07-24,Brazil,210147125,MatoGrosso,3484466,NA,NA,NA,NA,1451,10,0,42206,1501,0
2020-07-26,Brazil,210147125,MatoGrosso,3484466,NA,NA,NA,NA,396,14,0,43331,1580,0
2020-07-28,Brazil,210147125,MatoGrosso,3484466,NA,NA,NA,NA,1707,44,0,46545,1669,0
2020-07-30,Brazil,210147125,MatoGrosso,3484466,NA,NA,NA,NA,2130,61,0,50447,1763,0
2020-08-01,Brazil,210147125,MatoGrosso,3484466,NA,NA,NA,NA,0,0,0,51865,1819,0
2020-08-03,Brazil,210147125,MatoGrosso,3484466,NA,NA,NA,NA,0,0,0,51865,1819,0
2020-08-05,Brazil,210147125,MatoGrosso,3484466,NA,NA,NA,NA,6641,126,0,58506,1945,0
2020-08-07,Brazil,210147125,MatoGrosso,3484466,NA,NA,NA,NA,2944,63,0,62785,2037,0
2020-08-09,Brazil,210147125,MatoGrosso,3484466,NA,NA,NA,NA,590,29,0,63416,2090,0
2020-08-11,Brazil,210147125,MatoGrosso,3484466,NA,NA,NA,NA,1863,67,0,67061,2189,0
2020-08-13,Brazil,210147125,MatoGrosso,3484466,NA,NA,NA,NA,1734,24,0,70658,2245,0
2020-08-15,Brazil,210147125,MatoGrosso,3484466,NA,NA,NA,NA,492,34,0,72761,2319,0
2020-02-26,Brazil,210147125,MatoGrosso do Sul,2778986,NA,NA,NA,NA,0,NA,NA,0,0,0
2020-02-28,Brazil,210147125,MatoGrosso do Sul,2778986,NA,NA,NA,NA,0,0,0,0,0,0
2020-03-01,Brazil,210147125,MatoGrosso do Sul,2778986,NA,NA,NA,NA,0,0,0,0,0,0
2020-03-03,Brazil,210147125,MatoGrosso do Sul,2778986,NA,NA,NA,NA,0,0,0,0,0,0
2020-03-05,Brazil,210147125,MatoGrosso do Sul,2778986,NA,NA,NA,NA,0,0,0,0,0,0
2020-03-07,Brazil,210147125,MatoGrosso do Sul,2778986,NA,NA,NA,NA,0,0,0,0,0,0
2020-03-09,Brazil,210147125,MatoGrosso do Sul,2778986,NA,NA,NA,NA,0,0,0,0,0,0
2020-03-11,Brazil,210147125,MatoGrosso do Sul,2778986,NA,NA,NA,NA,0,0,0,0,0,0
2020-03-13,Brazil,210147125,MatoGrosso do Sul,2778986,NA,NA,NA,NA,0,0,0,0,0,0
2020-03-15,Brazil,210147125,MatoGrosso do Sul,2778986,NA,NA,NA,NA,0,0,0,0,0,0
2020-03-17,Brazil,210147125,MatoGrosso do Sul,2778986,NA,NA,NA,NA,2,0,0,4,0,0
2020-03-19,Brazil,210147125,MatoGrosso do Sul,2778986,NA,NA,NA,NA,0,0,0,7,0,0
2020-03-21,Brazil,210147125,MatoGrosso do Sul,2778986,NA,NA,NA,NA,7,0,0,16,0,0
2020-03-23,Brazil,210147125,MatoGrosso do Sul,2778986,NA,NA,NA,NA,0,0,0,21,0,0
2020-03-25,Brazil,210147125,MatoGrosso do Sul,2778986,NA,NA,NA,NA,1,0,0,24,0,0
2020-03-27,Brazil,210147125,MatoGrosso do Sul,2778986,NA,NA,NA,NA,3,0,0,28,0,0
2020-03-29,Brazil,210147125,MatoGrosso do Sul,2778986,NA,NA,NA,NA,5,0,0,36,0,0
2020-03-31,Brazil,210147125,MatoGrosso do Sul,2778986,NA,NA,NA,NA,4,1,0,48,1,0
2020-04-02,Brazil,210147125,MatoGrosso do Sul,2778986,NA,NA,NA,NA,2,0,0,53,1,0
2020-04-04,Brazil,210147125,MatoGrosso do Sul,2778986,NA,NA,NA,NA,2,0,0,62,1,0
2020-04-06,Brazil,210147125,MatoGrosso do Sul,2778986,NA,NA,NA,NA,1,0,0,66,1,0
2020-04-08,Brazil,210147125,MatoGrosso do Sul,2778986,NA,NA,NA,NA,5,0,0,85,2,0
2020-04-10,Brazil,210147125,MatoGrosso do Sul,2778986,NA,NA,NA,NA,8,0,0,97,2,0
2020-04-12,Brazil,210147125,MatoGrosso do Sul,2778986,NA,NA,NA,NA,1,0,0,101,2,0
2020-04-14,Brazil,210147125,MatoGrosso do Sul,2778986,NA,NA,NA,NA,2,0,0,115,4,0
2020-04-16,Brazil,210147125,MatoGrosso do Sul,2778986,NA,NA,NA,NA,10,1,0,131,5,0
2020-04-18,Brazil,210147125,MatoGrosso do Sul,2778986,NA,NA,NA,NA,18,0,0,161,5,0
2020-04-20,Brazil,210147125,MatoGrosso do Sul,2778986,NA,NA,NA,NA,3,0,0,171,5,0
2020-04-22,Brazil,210147125,MatoGrosso do Sul,2778986,NA,NA,NA,NA,2,0,0,175,6,0
2020-04-24,Brazil,210147125,MatoGrosso do Sul,2778986,NA,NA,NA,NA,27,0,0,213,7,0
2020-04-26,Brazil,210147125,MatoGrosso do Sul,2778986,NA,NA,NA,NA,17,0,0,234,7,0
2020-04-28,Brazil,210147125,MatoGrosso do Sul,2778986,NA,NA,NA,NA,2,0,0,240,9,0
2020-04-30,Brazil,210147125,MatoGrosso do Sul,2778986,NA,NA,NA,NA,6,0,0,255,9,0
2020-05-02,Brazil,210147125,MatoGrosso do Sul,2778986,NA,NA,NA,NA,5,0,0,266,9,0
2020-05-04,Brazil,210147125,MatoGrosso do Sul,2778986,NA,NA,NA,NA,2,0,0,274,10,0
2020-05-06,Brazil,210147125,MatoGrosso do Sul,2778986,NA,NA,NA,NA,5,0,0,288,10,0
2020-05-08,Brazil,210147125,MatoGrosso do Sul,2778986,NA,NA,NA,NA,15,1,0,326,11,0
2020-05-10,Brazil,210147125,MatoGrosso do Sul,2778986,NA,NA,NA,NA,16,0,0,362,11,0
2020-05-12,Brazil,210147125,MatoGrosso do Sul,2778986,NA,NA,NA,NA,20,1,0,405,12,0
2020-05-14,Brazil,210147125,MatoGrosso do Sul,2778986,NA,NA,NA,NA,22,1,0,452,14,0
2020-05-16,Brazil,210147125,MatoGrosso do Sul,2778986,NA,NA,NA,NA,29,1,0,508,15,0
2020-05-18,Brazil,210147125,MatoGrosso do Sul,2778986,NA,NA,NA,NA,43,1,0,613,16,0
2020-05-20,Brazil,210147125,MatoGrosso do Sul,2778986,NA,NA,NA,NA,51,1,0,693,17,0
2020-05-22,Brazil,210147125,MatoGrosso do Sul,2778986,NA,NA,NA,NA,59,0,0,805,17,0
2020-05-24,Brazil,210147125,MatoGrosso do Sul,2778986,NA,NA,NA,NA,66,0,0,924,17,0
2020-05-26,Brazil,210147125,MatoGrosso do Sul,2778986,NA,NA,NA,NA,77,0,0,1100,17,0
2020-05-28,Brazil,210147125,MatoGrosso do Sul,2778986,NA,NA,NA,NA,76,0,0,1262,18,0
2020-05-30,Brazil,210147125,MatoGrosso do Sul,2778986,NA,NA,NA,NA,62,1,0,1418,19,0
2020-06-01,Brazil,210147125,MatoGrosso do Sul,2778986,NA,NA,NA,NA,79,0,0,1568,20,0
2020-06-03,Brazil,210147125,MatoGrosso do Sul,2778986,NA,NA,NA,NA,156,0,0,1802,20,0
2020-06-05,Brazil,210147125,MatoGrosso do Sul,2778986,NA,NA,NA,NA,72,1,0,1997,21,0
2020-06-07,Brazil,210147125,MatoGrosso do Sul,2778986,NA,NA,NA,NA,121,0,0,2253,21,0
2020-06-09,Brazil,210147125,MatoGrosso do Sul,2778986,NA,NA,NA,NA,131,0,0,2455,22,0
2020-06-11,Brazil,210147125,MatoGrosso do Sul,2778986,NA,NA,NA,NA,256,1,0,2853,25,0
2020-06-13,Brazil,210147125,MatoGrosso do Sul,2778986,NA,NA,NA,NA,234,0,0,3235,28,0
2020-06-15,Brazil,210147125,MatoGrosso do Sul,2778986,NA,NA,NA,NA,118,2,0,3551,33,0
2020-06-17,Brazil,210147125,MatoGrosso do Sul,2778986,NA,NA,NA,NA,379,0,0,4164,36,0
2020-06-19,Brazil,210147125,MatoGrosso do Sul,2778986,NA,NA,NA,NA,392,1,0,4666,40,0
2020-06-21,Brazil,210147125,MatoGrosso do Sul,2778986,NA,NA,NA,NA,247,2,0,5237,45,0
2020-06-23,Brazil,210147125,MatoGrosso do Sul,2778986,NA,NA,NA,NA,393,8,0,5784,55,0
2020-06-25,Brazil,210147125,MatoGrosso do Sul,2778986,NA,NA,NA,NA,322,5,0,6523,61,0
2020-06-27,Brazil,210147125,MatoGrosso do Sul,2778986,NA,NA,NA,NA,394,3,0,7307,68,0
2020-06-29,Brazil,210147125,MatoGrosso do Sul,2778986,NA,NA,NA,NA,149,3,0,7676,75,0
2020-07-01,Brazil,210147125,MatoGrosso do Sul,2778986,NA,NA,NA,NA,711,9,0,8676,85,0
2020-07-03,Brazil,210147125,MatoGrosso do Sul,2778986,NA,NA,NA,NA,326,16,0,9388,107,0
2020-07-05,Brazil,210147125,MatoGrosso do Sul,2778986,NA,NA,NA,NA,179,3,0,10089,117,0
2020-07-07,Brazil,210147125,MatoGrosso do Sul,2778986,NA,NA,NA,NA,434,6,0,10687,128,0
2020-07-09,Brazil,210147125,MatoGrosso do Sul,2778986,NA,NA,NA,NA,608,2,0,11671,136,0
2020-07-11,Brazil,210147125,MatoGrosso do Sul,2778986,NA,NA,NA,NA,708,7,0,12969,153,0
2020-07-13,Brazil,210147125,MatoGrosso do Sul,2778986,NA,NA,NA,NA,264,6,0,13461,167,0
2020-07-15,Brazil,210147125,MatoGrosso do Sul,2778986,NA,NA,NA,NA,697,6,0,14631,183,0
2020-07-17,Brazil,210147125,MatoGrosso do Sul,2778986,NA,NA,NA,NA,475,12,0,15805,203,0
2020-07-19,Brazil,210147125,MatoGrosso do Sul,2778986,NA,NA,NA,NA,397,6,0,16403,222,0
2020-07-21,Brazil,210147125,MatoGrosso do Sul,2778986,NA,NA,NA,NA,749,20,0,17386,248,0
2020-07-23,Brazil,210147125,MatoGrosso do Sul,2778986,NA,NA,NA,NA,782,9,0,19671,266,0
2020-07-25,Brazil,210147125,MatoGrosso do Sul,2778986,NA,NA,NA,NA,712,11,0,21015,292,0
2020-07-27,Brazil,210147125,MatoGrosso do Sul,2778986,NA,NA,NA,NA,288,14,0,21802,319,0
2020-07-29,Brazil,210147125,MatoGrosso do Sul,2778986,NA,NA,NA,NA,968,14,0,23411,342,0
2020-07-31,Brazil,210147125,MatoGrosso do Sul,2778986,NA,NA,NA,NA,649,19,0,24936,376,0
2020-08-02,Brazil,210147125,MatoGrosso do Sul,2778986,NA,NA,NA,NA,0,0,0,24936,376,0
2020-08-04,Brazil,210147125,MatoGrosso do Sul,2778986,NA,NA,NA,NA,0,0,0,24936,376,0
2020-08-06,Brazil,210147125,MatoGrosso do Sul,2778986,NA,NA,NA,NA,786,16,0,29101,458,0
2020-08-08,Brazil,210147125,MatoGrosso do Sul,2778986,NA,NA,NA,NA,719,11,0,30707,492,0
2020-08-10,Brazil,210147125,MatoGrosso do Sul,2778986,NA,NA,NA,NA,395,14,0,31739,523,0
2020-08-12,Brazil,210147125,MatoGrosso do Sul,2778986,NA,NA,NA,NA,947,14,0,33509,558,0
2020-08-14,Brazil,210147125,MatoGrosso do Sul,2778986,NA,NA,NA,NA,875,21,0,35434,591,0
2020-02-25,Brazil,210147125,Minas Gerais,21168791,NA,NA,NA,NA,NA,NA,NA,0,0,0
2020-02-27,Brazil,210147125,Minas Gerais,21168791,NA,NA,NA,NA,0,0,0,0,0,0
2020-02-29,Brazil,210147125,Minas Gerais,21168791,NA,NA,NA,NA,0,0,0,0,0,0
2020-03-02,Brazil,210147125,Minas Gerais,21168791,NA,NA,NA,NA,0,0,0,0,0,0
2020-03-04,Brazil,210147125,Minas Gerais,21168791,NA,NA,NA,NA,0,0,0,0,0,0
2020-03-06,Brazil,210147125,Minas Gerais,21168791,NA,NA,NA,NA,0,0,0,0,0,0
2020-03-08,Brazil,210147125,Minas Gerais,21168791,NA,NA,NA,NA,1,0,0,1,0,0
2020-03-10,Brazil,210147125,Minas Gerais,21168791,NA,NA,NA,NA,0,0,0,1,0,0
2020-03-12,Brazil,210147125,Minas Gerais,21168791,NA,NA,NA,NA,0,0,0,1,0,0
2020-03-14,Brazil,210147125,Minas Gerais,21168791,NA,NA,NA,NA,0,0,0,2,0,0
2020-03-16,Brazil,210147125,Minas Gerais,21168791,NA,NA,NA,NA,3,0,0,5,0,0
2020-03-18,Brazil,210147125,Minas Gerais,21168791,NA,NA,NA,NA,8,0,0,15,0,0
2020-03-20,Brazil,210147125,Minas Gerais,21168791,NA,NA,NA,NA,6,0,0,35,0,0
2020-03-22,Brazil,210147125,Minas Gerais,21168791,NA,NA,NA,NA,45,0,0,83,0,0
2020-03-24,Brazil,210147125,Minas Gerais,21168791,NA,NA,NA,NA,2,0,0,130,0,0
2020-03-26,Brazil,210147125,Minas Gerais,21168791,NA,NA,NA,NA,20,0,0,153,0,0
2020-03-28,Brazil,210147125,Minas Gerais,21168791,NA,NA,NA,NA,16,0,0,205,0,0
2020-03-30,Brazil,210147125,Minas Gerais,21168791,NA,NA,NA,NA,30,1,0,261,1,0
2020-04-01,Brazil,210147125,Minas Gerais,21168791,NA,NA,NA,NA,39,1,0,314,3,0
2020-04-03,Brazil,210147125,Minas Gerais,21168791,NA,NA,NA,NA,27,2,0,397,6,0
2020-04-05,Brazil,210147125,Minas Gerais,21168791,NA,NA,NA,NA,68,0,0,498,6,0
2020-04-07,Brazil,210147125,Minas Gerais,21168791,NA,NA,NA,NA,34,2,0,559,11,0
2020-04-09,Brazil,210147125,Minas Gerais,21168791,NA,NA,NA,NA,41,1,0,655,15,0
2020-04-11,Brazil,210147125,Minas Gerais,21168791,NA,NA,NA,NA,52,0,0,750,17,0
2020-04-13,Brazil,210147125,Minas Gerais,21168791,NA,NA,NA,NA,9,3,0,815,23,0
2020-04-15,Brazil,210147125,Minas Gerais,21168791,NA,NA,NA,NA,19,3,0,903,30,0
2020-04-17,Brazil,210147125,Minas Gerais,21168791,NA,NA,NA,NA,63,2,0,1021,35,0
2020-04-19,Brazil,210147125,Minas Gerais,21168791,NA,NA,NA,NA,77,0,0,1154,39,0
2020-04-21,Brazil,210147125,Minas Gerais,21168791,NA,NA,NA,NA,41,3,0,1230,44,0
2020-04-23,Brazil,210147125,Minas Gerais,21168791,NA,NA,NA,NA,25,4,0,1308,51,0
2020-04-25,Brazil,210147125,Minas Gerais,21168791,NA,NA,NA,NA,62,4,0,1481,58,0
2020-04-27,Brazil,210147125,Minas Gerais,21168791,NA,NA,NA,NA,38,1,0,1586,62,0
2020-04-29,Brazil,210147125,Minas Gerais,21168791,NA,NA,NA,NA,109,9,0,1758,80,0
2020-05-01,Brazil,210147125,Minas Gerais,21168791,NA,NA,NA,NA,108,6,0,1935,88,0
2020-05-03,Brazil,210147125,Minas Gerais,21168791,NA,NA,NA,NA,95,1,0,2118,89,0
2020-05-05,Brazil,210147125,Minas Gerais,21168791,NA,NA,NA,NA,105,4,0,2452,94,0
2020-05-07,Brazil,210147125,Minas Gerais,21168791,NA,NA,NA,NA,165,9,0,2770,106,0
2020-05-09,Brazil,210147125,Minas Gerais,21168791,NA,NA,NA,NA,180,7,0,3123,118,0
2020-05-11,Brazil,210147125,Minas Gerais,21168791,NA,NA,NA,NA,83,2,0,3320,121,0
2020-05-13,Brazil,210147125,Minas Gerais,21168791,NA,NA,NA,NA,298,8,0,3733,135,0
2020-05-15,Brazil,210147125,Minas Gerais,21168791,NA,NA,NA,NA,246,7,0,4196,146,0
2020-05-17,Brazil,210147125,Minas Gerais,21168791,NA,NA,NA,NA,137,6,0,4611,156,0
2020-05-19,Brazil,210147125,Minas Gerais,21168791,NA,NA,NA,NA,282,6,0,4977,167,0
2020-05-21,Brazil,210147125,Minas Gerais,21168791,NA,NA,NA,NA,310,14,0,5596,191,0
2020-05-23,Brazil,210147125,Minas Gerais,21168791,NA,NA,NA,NA,343,16,0,6338,217,0
2020-05-25,Brazil,210147125,Minas Gerais,21168791,NA,NA,NA,NA,294,4,0,6962,230,0
2020-05-27,Brazil,210147125,Minas Gerais,21168791,NA,NA,NA,NA,495,6,0,8011,240,0
2020-05-29,Brazil,210147125,Minas Gerais,21168791,NA,NA,NA,NA,546,2,0,9232,257,0
2020-05-31,Brazil,210147125,Minas Gerais,21168791,NA,NA,NA,NA,834,8,0,10464,271,0
2020-06-02,Brazil,210147125,Minas Gerais,21168791,NA,NA,NA,NA,269,11,0,10939,289,0
2020-06-04,Brazil,210147125,Minas Gerais,21168791,NA,NA,NA,NA,1024,17,0,13034,323,0
2020-06-06,Brazil,210147125,Minas Gerais,21168791,NA,NA,NA,NA,944,24,0,14939,368,0
2020-06-08,Brazil,210147125,Minas Gerais,21168791,NA,NA,NA,NA,180,4,0,15883,380,0
2020-06-10,Brazil,210147125,Minas Gerais,21168791,NA,NA,NA,NA,1399,10,0,17501,409,0
2020-06-12,Brazil,210147125,Minas Gerais,21168791,NA,NA,NA,NA,1658,15,0,20106,446,0
2020-06-14,Brazil,210147125,Minas Gerais,21168791,NA,NA,NA,NA,767,21,0,21381,475,0
2020-06-16,Brazil,210147125,Minas Gerais,21168791,NA,NA,NA,NA,296,21,0,22024,502,0
2020-06-18,Brazil,210147125,Minas Gerais,21168791,NA,NA,NA,NA,1559,33,0,24906,570,0
2020-06-20,Brazil,210147125,Minas Gerais,21168791,NA,NA,NA,NA,1253,36,0,27305,636,0
2020-06-22,Brazil,210147125,Minas Gerais,21168791,NA,NA,NA,NA,1277,27,0,28918,688,0
2020-06-24,Brazil,210147125,Minas Gerais,21168791,NA,NA,NA,NA,1446,51,0,31343,771,0
2020-06-26,Brazil,210147125,Minas Gerais,21168791,NA,NA,NA,NA,6122,27,0,38891,833,0
2020-06-28,Brazil,210147125,Minas Gerais,21168791,NA,NA,NA,NA,1775,17,0,42741,899,0
2020-06-30,Brazil,210147125,Minas Gerais,21168791,NA,NA,NA,NA,1137,25,0,45001,965,0
2020-07-02,Brazil,210147125,Minas Gerais,21168791,NA,NA,NA,NA,3123,52,0,50707,1059,0
2020-07-04,Brazil,210147125,Minas Gerais,21168791,NA,NA,NA,NA,2607,73,0,55958,1183,0
2020-07-06,Brazil,210147125,Minas Gerais,21168791,NA,NA,NA,NA,1343,29,0,59626,1230,0
2020-07-08,Brazil,210147125,Minas Gerais,21168791,NA,NA,NA,NA,3138,73,0,64035,1355,0
2020-07-10,Brazil,210147125,Minas Gerais,21168791,NA,NA,NA,NA,3222,59,0,70086,1504,0
2020-07-12,Brazil,210147125,Minas Gerais,21168791,NA,NA,NA,NA,2038,26,0,75851,1576,0
2020-07-14,Brazil,210147125,Minas Gerais,21168791,NA,NA,NA,NA,1821,73,0,78643,1688,0
2020-07-16,Brazil,210147125,Minas Gerais,21168791,NA,NA,NA,NA,2460,82,0,84470,1834,0
2020-07-18,Brazil,210147125,Minas Gerais,21168791,NA,NA,NA,NA,3604,60,0,90875,1964,0
2020-07-20,Brazil,210147125,Minas Gerais,21168791,NA,NA,NA,NA,1160,22,0,94132,2004,0
2020-07-22,Brazil,210147125,Minas Gerais,21168791,NA,NA,NA,NA,3175,95,0,98741,2166,0
2020-07-24,Brazil,210147125,Minas Gerais,21168791,NA,NA,NA,NA,4244,77,0,106812,2315,0
2020-07-26,Brazil,210147125,Minas Gerais,21168791,NA,NA,NA,NA,2478,25,0,112571,2429,0
2020-07-28,Brazil,210147125,Minas Gerais,21168791,NA,NA,NA,NA,2927,90,0,116645,2551,0
2020-07-30,Brazil,210147125,Minas Gerais,21168791,NA,NA,NA,NA,4021,84,0,123415,2692,0
2020-08-01,Brazil,210147125,Minas Gerais,21168791,NA,NA,NA,NA,0,0,0,127106,2769,0
2020-08-03,Brazil,210147125,Minas Gerais,21168791,NA,NA,NA,NA,0,0,0,127106,2769,0
2020-08-05,Brazil,210147125,Minas Gerais,21168791,NA,NA,NA,NA,12555,426,0,139661,3195,0
2020-08-07,Brazil,210147125,Minas Gerais,21168791,NA,NA,NA,NA,4495,77,0,147323,3381,0
2020-08-09,Brazil,210147125,Minas Gerais,21168791,NA,NA,NA,NA,3204,88,0,153927,3537,0
2020-08-11,Brazil,210147125,Minas Gerais,21168791,NA,NA,NA,NA,1476,16,0,156551,3613,0
2020-08-13,Brazil,210147125,Minas Gerais,21168791,NA,NA,NA,NA,4430,63,0,164915,3846,0
2020-08-15,Brazil,210147125,Minas Gerais,21168791,NA,NA,NA,NA,3086,101,0,171514,4044,0
2020-02-26,Brazil,210147125,Para,8602865,NA,NA,NA,NA,0,NA,NA,0,0,0
2020-02-28,Brazil,210147125,Para,8602865,NA,NA,NA,NA,0,0,0,0,0,0
2020-03-01,Brazil,210147125,Para,8602865,NA,NA,NA,NA,0,0,0,0,0,0
2020-03-03,Brazil,210147125,Para,8602865,NA,NA,NA,NA,0,0,0,0,0,0
2020-03-05,Brazil,210147125,Para,8602865,NA,NA,NA,NA,0,0,0,0,0,0
2020-03-07,Brazil,210147125,Para,8602865,NA,NA,NA,NA,0,0,0,0,0,0
2020-03-09,Brazil,210147125,Para,8602865,NA,NA,NA,NA,0,0,0,0,0,0
2020-03-11,Brazil,210147125,Para,8602865,NA,NA,NA,NA,0,0,0,0,0,0
2020-03-13,Brazil,210147125,Para,8602865,NA,NA,NA,NA,0,0,0,0,0,0
2020-03-15,Brazil,210147125,Para,8602865,NA,NA,NA,NA,0,0,0,0,0,0
2020-03-17,Brazil,210147125,Para,8602865,NA,NA,NA,NA,0,0,0,0,0,0
2020-03-19,Brazil,210147125,Para,8602865,NA,NA,NA,NA,1,0,0,1,0,0
2020-03-21,Brazil,210147125,Para,8602865,NA,NA,NA,NA,0,0,0,2,0,0
2020-03-23,Brazil,210147125,Para,8602865,NA,NA,NA,NA,1,0,0,5,0,0
2020-03-25,Brazil,210147125,Para,8602865,NA,NA,NA,NA,2,0,0,7,0,0
2020-03-27,Brazil,210147125,Para,8602865,NA,NA,NA,NA,0,0,0,13,0,0
2020-03-29,Brazil,210147125,Para,8602865,NA,NA,NA,NA,1,0,0,18,0,0
2020-03-31,Brazil,210147125,Para,8602865,NA,NA,NA,NA,11,0,0,32,0,0
2020-04-02,Brazil,210147125,Para,8602865,NA,NA,NA,NA,6,1,0,46,1,0
2020-04-04,Brazil,210147125,Para,8602865,NA,NA,NA,NA,30,0,0,80,1,0
2020-04-06,Brazil,210147125,Para,8602865,NA,NA,NA,NA,16,2,0,102,3,0
2020-04-08,Brazil,210147125,Para,8602865,NA,NA,NA,NA,29,1,0,167,6,0
2020-04-10,Brazil,210147125,Para,8602865,NA,NA,NA,NA,2,2,0,170,9,0
2020-04-12,Brazil,210147125,Para,8602865,NA,NA,NA,NA,29,3,0,246,13,0
2020-04-14,Brazil,210147125,Para,8602865,NA,NA,NA,NA,53,4,0,323,19,0
2020-04-16,Brazil,210147125,Para,8602865,NA,NA,NA,NA,54,3,0,438,24,0
2020-04-18,Brazil,210147125,Para,8602865,NA,NA,NA,NA,83,7,0,640,33,0
2020-04-20,Brazil,210147125,Para,8602865,NA,NA,NA,NA,217,1,0,902,35,0
2020-04-22,Brazil,210147125,Para,8602865,NA,NA,NA,NA,169,5,0,1195,43,0
2020-04-24,Brazil,210147125,Para,8602865,NA,NA,NA,NA,179,22,0,1446,75,0
2020-04-26,Brazil,210147125,Para,8602865,NA,NA,NA,NA,288,14,0,1867,100,0
2020-04-28,Brazil,210147125,Para,8602865,NA,NA,NA,NA,134,15,0,2262,129,0
2020-04-30,Brazil,210147125,Para,8602865,NA,NA,NA,NA,454,71,0,2876,208,0
2020-05-02,Brazil,210147125,Para,8602865,NA,NA,NA,NA,284,38,0,3460,273,0
2020-05-04,Brazil,210147125,Para,8602865,NA,NA,NA,NA,262,21,0,4125,330,0
2020-05-06,Brazil,210147125,Para,8602865,NA,NA,NA,NA,545,23,0,5017,392,0
2020-05-08,Brazil,210147125,Para,8602865,NA,NA,NA,NA,617,105,0,6141,515,0
2020-05-10,Brazil,210147125,Para,8602865,NA,NA,NA,NA,481,74,0,7256,652,0
2020-05-12,Brazil,210147125,Para,8602865,NA,NA,NA,NA,1053,156,0,8616,864,0
2020-05-14,Brazil,210147125,Para,8602865,NA,NA,NA,NA,1249,117,0,10867,1063,0
2020-05-16,Brazil,210147125,Para,8602865,NA,NA,NA,NA,1075,54,0,13184,1199,0
2020-05-18,Brazil,210147125,Para,8602865,NA,NA,NA,NA,870,90,0,14734,1329,0
2020-05-20,Brazil,210147125,Para,8602865,NA,NA,NA,NA,1840,114,0,18135,1633,0
2020-05-22,Brazil,210147125,Para,8602865,NA,NA,NA,NA,1713,85,0,21469,1937,0
2020-05-24,Brazil,210147125,Para,8602865,NA,NA,NA,NA,1428,147,0,24125,2148,0
2020-05-26,Brazil,210147125,Para,8602865,NA,NA,NA,NA,2523,97,0,28600,2469,0
2020-05-28,Brazil,210147125,Para,8602865,NA,NA,NA,NA,2666,159,0,33699,2704,0
2020-05-30,Brazil,210147125,Para,8602865,NA,NA,NA,NA,810,73,0,37296,2900,0
2020-06-01,Brazil,210147125,Para,8602865,NA,NA,NA,NA,85,2,0,38046,2925,0
2020-06-03,Brazil,210147125,Para,8602865,NA,NA,NA,NA,3567,153,0,44774,3193,0
2020-06-05,Brazil,210147125,Para,8602865,NA,NA,NA,NA,2911,122,0,50960,3538,0
2020-06-07,Brazil,210147125,Para,8602865,NA,NA,NA,NA,1095,66,0,54271,3678,0
2020-06-09,Brazil,210147125,Para,8602865,NA,NA,NA,NA,3116,81,0,59148,3853,0
2020-06-11,Brazil,210147125,Para,8602865,NA,NA,NA,NA,2031,103,0,64126,4030,0
2020-06-13,Brazil,210147125,Para,8602865,NA,NA,NA,NA,2182,45,0,68510,4177,0
2020-06-15,Brazil,210147125,Para,8602865,NA,NA,NA,NA,45,10,0,69224,4201,0
2020-06-17,Brazil,210147125,Para,8602865,NA,NA,NA,NA,2949,59,0,74192,4350,0
2020-06-19,Brazil,210147125,Para,8602865,NA,NA,NA,NA,3449,74,0,80072,4469,0
2020-06-21,Brazil,210147125,Para,8602865,NA,NA,NA,NA,1773,64,0,84654,4583,0
2020-06-23,Brazil,210147125,Para,8602865,NA,NA,NA,NA,2616,67,0,88636,4672,0
2020-06-25,Brazil,210147125,Para,8602865,NA,NA,NA,NA,2328,22,0,94036,4748,0
2020-06-27,Brazil,210147125,Para,8602865,NA,NA,NA,NA,2841,31,0,99313,4834,0
2020-06-29,Brazil,210147125,Para,8602865,NA,NA,NA,NA,764,25,0,101207,4870,0
2020-07-01,Brazil,210147125,Para,8602865,NA,NA,NA,NA,2647,40,0,105853,4960,0
2020-07-03,Brazil,210147125,Para,8602865,NA,NA,NA,NA,2344,46,0,110411,5050,0
2020-07-05,Brazil,210147125,Para,8602865,NA,NA,NA,NA,1280,27,0,113811,5096,0
2020-07-07,Brazil,210147125,Para,8602865,NA,NA,NA,NA,1617,23,0,116152,5128,0
2020-07-09,Brazil,210147125,Para,8602865,NA,NA,NA,NA,1987,27,0,120731,5196,0
2020-07-11,Brazil,210147125,Para,8602865,NA,NA,NA,NA,2260,50,0,124934,5274,0
2020-07-13,Brazil,210147125,Para,8602865,NA,NA,NA,NA,795,4,0,126509,5293,0
2020-07-15,Brazil,210147125,Para,8602865,NA,NA,NA,NA,2264,19,0,130834,5337,0
2020-07-17,Brazil,210147125,Para,8602865,NA,NA,NA,NA,2125,63,0,135164,5448,0
2020-07-19,Brazil,210147125,Para,8602865,NA,NA,NA,NA,537,45,0,137484,5523,0
2020-07-21,Brazil,210147125,Para,8602865,NA,NA,NA,NA,1992,15,0,140388,5553,0
2020-07-23,Brazil,210147125,Para,8602865,NA,NA,NA,NA,2109,35,0,144467,5616,0
2020-07-25,Brazil,210147125,Para,8602865,NA,NA,NA,NA,1671,43,0,147923,5689,0
2020-07-27,Brazil,210147125,Para,8602865,NA,NA,NA,NA,360,13,0,148823,5729,0
2020-07-29,Brazil,210147125,Para,8602865,NA,NA,NA,NA,1664,0,0,151849,5694,0
2020-07-31,Brazil,210147125,Para,8602865,NA,NA,NA,NA,1335,29,0,154685,5728,0
2020-08-02,Brazil,210147125,Para,8602865,NA,NA,NA,NA,0,0,0,154685,5728,0
2020-08-04,Brazil,210147125,Para,8602865,NA,NA,NA,NA,0,0,0,154685,5728,0
2020-08-06,Brazil,210147125,Para,8602865,NA,NA,NA,NA,2127,17,0,162822,5835,0
2020-08-08,Brazil,210147125,Para,8602865,NA,NA,NA,NA,2340,17,0,167099,5871,0
2020-08-10,Brazil,210147125,Para,8602865,NA,NA,NA,NA,509,8,0,168151,5893,0
2020-08-12,Brazil,210147125,Para,8602865,NA,NA,NA,NA,2265,8,0,171878,5909,0
2020-08-14,Brazil,210147125,Para,8602865,NA,NA,NA,NA,1983,7,0,175608,5924,0
2020-02-25,Brazil,210147125,Paraiba,4018127,NA,NA,NA,NA,NA,NA,NA,0,0,0
2020-02-27,Brazil,210147125,Paraiba,4018127,NA,NA,NA,NA,0,0,0,0,0,0
2020-02-29,Brazil,210147125,Paraiba,4018127,NA,NA,NA,NA,0,0,0,0,0,0
2020-03-02,Brazil,210147125,Paraiba,4018127,NA,NA,NA,NA,0,0,0,0,0,0
2020-03-04,Brazil,210147125,Paraiba,4018127,NA,NA,NA,NA,0,0,0,0,0,0
2020-03-06,Brazil,210147125,Paraiba,4018127,NA,NA,NA,NA,0,0,0,0,0,0
2020-03-08,Brazil,210147125,Paraiba,4018127,NA,NA,NA,NA,0,0,0,0,0,0
2020-03-10,Brazil,210147125,Paraiba,4018127,NA,NA,NA,NA,0,0,0,0,0,0
2020-03-12,Brazil,210147125,Paraiba,4018127,NA,NA,NA,NA,0,0,0,0,0,0
2020-03-14,Brazil,210147125,Paraiba,4018127,NA,NA,NA,NA,0,0,0,0,0,0
2020-03-16,Brazil,210147125,Paraiba,4018127,NA,NA,NA,NA,0,0,0,0,0,0
2020-03-18,Brazil,210147125,Paraiba,4018127,NA,NA,NA,NA,0,0,0,0,0,0
2020-03-20,Brazil,210147125,Paraiba,4018127,NA,NA,NA,NA,0,0,0,1,0,0
2020-03-22,Brazil,210147125,Paraiba,4018127,NA,NA,NA,NA,0,0,0,1,0,0
2020-03-24,Brazil,210147125,Paraiba,4018127,NA,NA,NA,NA,1,0,0,3,0,0
2020-03-26,Brazil,210147125,Paraiba,4018127,NA,NA,NA,NA,2,0,0,5,0,0
2020-03-28,Brazil,210147125,Paraiba,4018127,NA,NA,NA,NA,5,0,0,14,0,0
2020-03-30,Brazil,210147125,Paraiba,4018127,NA,NA,NA,NA,1,0,0,15,0,0
2020-04-01,Brazil,210147125,Paraiba,4018127,NA,NA,NA,NA,3,1,0,20,1,0
2020-04-03,Brazil,210147125,Paraiba,4018127,NA,NA,NA,NA,8,0,0,29,1,0
2020-04-05,Brazil,210147125,Paraiba,4018127,NA,NA,NA,NA,2,2,0,34,4,0
2020-04-07,Brazil,210147125,Paraiba,4018127,NA,NA,NA,NA,1,0,0,36,4,0
2020-04-09,Brazil,210147125,Paraiba,4018127,NA,NA,NA,NA,14,3,0,55,7,0
2020-04-11,Brazil,210147125,Paraiba,4018127,NA,NA,NA,NA,6,0,0,85,11,0
2020-04-13,Brazil,210147125,Paraiba,4018127,NA,NA,NA,NA,10,0,0,111,13,0
2020-04-15,Brazil,210147125,Paraiba,4018127,NA,NA,NA,NA,15,5,0,151,21,0
2020-04-17,Brazil,210147125,Paraiba,4018127,NA,NA,NA,NA,30,2,0,195,26,0
2020-04-19,Brazil,210147125,Paraiba,4018127,NA,NA,NA,NA,31,3,0,236,29,0
2020-04-21,Brazil,210147125,Paraiba,4018127,NA,NA,NA,NA,18,1,0,263,33,0
2020-04-23,Brazil,210147125,Paraiba,4018127,NA,NA,NA,NA,44,1,0,345,40,0
2020-04-25,Brazil,210147125,Paraiba,4018127,NA,NA,NA,NA,61,2,0,447,46,0
2020-04-27,Brazil,210147125,Paraiba,4018127,NA,NA,NA,NA,44,1,0,543,50,0
2020-04-29,Brazil,210147125,Paraiba,4018127,NA,NA,NA,NA,66,5,0,699,58,0
2020-05-01,Brazil,210147125,Paraiba,4018127,NA,NA,NA,NA,112,5,0,926,67,0
2020-05-03,Brazil,210147125,Paraiba,4018127,NA,NA,NA,NA,135,2,0,1169,76,0
2020-05-05,Brazil,210147125,Paraiba,4018127,NA,NA,NA,NA,142,6,0,1361,85,0
2020-05-07,Brazil,210147125,Paraiba,4018127,NA,NA,NA,NA,164,9,0,1657,101,0
2020-05-09,Brazil,210147125,Paraiba,4018127,NA,NA,NA,NA,125,10,0,2156,124,0
2020-05-11,Brazil,210147125,Paraiba,4018127,NA,NA,NA,NA,184,4,0,2525,139,0
2020-05-13,Brazil,210147125,Paraiba,4018127,NA,NA,NA,NA,268,3,0,3045,157,0
2020-05-15,Brazil,210147125,Paraiba,4018127,NA,NA,NA,NA,378,10,0,3739,170,0
2020-05-17,Brazil,210147125,Paraiba,4018127,NA,NA,NA,NA,284,11,0,4347,194,0
2020-05-19,Brazil,210147125,Paraiba,4018127,NA,NA,NA,NA,514,12,0,5300,219,0
2020-05-21,Brazil,210147125,Paraiba,4018127,NA,NA,NA,NA,400,15,0,6238,245,0
2020-05-23,Brazil,210147125,Paraiba,4018127,NA,NA,NA,NA,626,10,0,7508,258,0
2020-05-25,Brazil,210147125,Paraiba,4018127,NA,NA,NA,NA,193,7,0,8016,279,0
2020-05-27,Brazil,210147125,Paraiba,4018127,NA,NA,NA,NA,1290,12,0,10209,298,0
2020-05-29,Brazil,210147125,Paraiba,4018127,NA,NA,NA,NA,879,9,0,12011,327,0
2020-05-31,Brazil,210147125,Paraiba,4018127,NA,NA,NA,NA,300,13,0,13162,360,0
2020-06-02,Brazil,210147125,Paraiba,4018127,NA,NA,NA,NA,1164,9,0,14859,379,0
2020-06-04,Brazil,210147125,Paraiba,4018127,NA,NA,NA,NA,1561,24,0,17579,438,0
2020-06-06,Brazil,210147125,Paraiba,4018127,NA,NA,NA,NA,1208,16,0,19787,467,0
2020-06-08,Brazil,210147125,Paraiba,4018127,NA,NA,NA,NA,641,23,0,20951,507,0
2020-06-10,Brazil,210147125,Paraiba,4018127,NA,NA,NA,NA,1580,25,0,24032,559,0
2020-06-12,Brazil,210147125,Paraiba,4018127,NA,NA,NA,NA,1186,40,0,26556,610,0
2020-06-14,Brazil,210147125,Paraiba,4018127,NA,NA,NA,NA,559,10,0,28013,633,0
2020-06-16,Brazil,210147125,Paraiba,4018127,NA,NA,NA,NA,1460,15,0,30128,671,0
2020-06-18,Brazil,210147125,Paraiba,4018127,NA,NA,NA,NA,48,13,0,31760,709,0
2020-06-20,Brazil,210147125,Paraiba,4018127,NA,NA,NA,NA,1428,19,0,36521,743,0
2020-06-22,Brazil,210147125,Paraiba,4018127,NA,NA,NA,NA,469,18,0,37253,784,0
2020-06-24,Brazil,210147125,Paraiba,4018127,NA,NA,NA,NA,913,21,0,39912,828,0
2020-06-26,Brazil,210147125,Paraiba,4018127,NA,NA,NA,NA,2008,22,0,42832,864,0
2020-06-28,Brazil,210147125,Paraiba,4018127,NA,NA,NA,NA,437,15,0,44679,911,0
2020-06-30,Brazil,210147125,Paraiba,4018127,NA,NA,NA,NA,1900,46,0,46957,977,0
2020-07-02,Brazil,210147125,Paraiba,4018127,NA,NA,NA,NA,1361,42,0,49536,1044,0
2020-07-04,Brazil,210147125,Paraiba,4018127,NA,NA,NA,NA,1541,20,0,52306,1082,0
2020-07-06,Brazil,210147125,Paraiba,4018127,NA,NA,NA,NA,423,19,0,53151,1118,0
2020-07-08,Brazil,210147125,Paraiba,4018127,NA,NA,NA,NA,1542,26,0,56344,1171,0
2020-07-10,Brazil,210147125,Paraiba,4018127,NA,NA,NA,NA,1504,33,0,59118,1229,0
2020-07-12,Brazil,210147125,Paraiba,4018127,NA,NA,NA,NA,363,34,0,60784,1284,0
2020-07-14,Brazil,210147125,Paraiba,4018127,NA,NA,NA,NA,1354,40,0,62462,1342,0
2020-07-16,Brazil,210147125,Paraiba,4018127,NA,NA,NA,NA,1484,35,0,65423,1418,0
2020-07-18,Brazil,210147125,Paraiba,4018127,NA,NA,NA,NA,624,31,0,66971,1477,0
2020-07-20,Brazil,210147125,Paraiba,4018127,NA,NA,NA,NA,298,31,0,67680,1517,0
2020-07-22,Brazil,210147125,Paraiba,4018127,NA,NA,NA,NA,2128,23,0,70972,1581,0
2020-07-24,Brazil,210147125,Paraiba,4018127,NA,NA,NA,NA,1446,35,0,74550,1653,0
2020-07-26,Brazil,210147125,Paraiba,4018127,NA,NA,NA,NA,430,23,0,76153,1698,0
2020-07-28,Brazil,210147125,Paraiba,4018127,NA,NA,NA,NA,1482,18,0,78175,1745,0
2020-07-30,Brazil,210147125,Paraiba,4018127,NA,NA,NA,NA,1210,19,0,81108,1785,0
2020-08-01,Brazil,210147125,Paraiba,4018127,NA,NA,NA,NA,0,0,0,82794,1811,0
2020-08-03,Brazil,210147125,Paraiba,4018127,NA,NA,NA,NA,0,0,0,82794,1811,0
2020-08-05,Brazil,210147125,Paraiba,4018127,NA,NA,NA,NA,4277,111,0,87071,1922,0
2020-08-07,Brazil,210147125,Paraiba,4018127,NA,NA,NA,NA,1250,20,0,89117,1965,0
2020-08-09,Brazil,210147125,Paraiba,4018127,NA,NA,NA,NA,189,17,0,90082,2000,0
2020-08-11,Brazil,210147125,Paraiba,4018127,NA,NA,NA,NA,1453,23,0,91819,2046,0
2020-08-13,Brazil,210147125,Paraiba,4018127,NA,NA,NA,NA,897,21,0,93794,2092,0
2020-08-15,Brazil,210147125,Paraiba,4018127,NA,NA,NA,NA,928,25,0,95588,2138,0
2020-02-26,Brazil,210147125,Parana,11433957,NA,NA,NA,NA,0,NA,NA,0,0,0
2020-02-28,Brazil,210147125,Parana,11433957,NA,NA,NA,NA,0,0,0,0,0,0
2020-03-01,Brazil,210147125,Parana,11433957,NA,NA,NA,NA,0,0,0,0,0,0
2020-03-03,Brazil,210147125,Parana,11433957,NA,NA,NA,NA,0,0,0,0,0,0
2020-03-05,Brazil,210147125,Parana,11433957,NA,NA,NA,NA,0,0,0,0,0,0
2020-03-07,Brazil,210147125,Parana,11433957,NA,NA,NA,NA,0,0,0,0,0,0
2020-03-09,Brazil,210147125,Parana,11433957,NA,NA,NA,NA,0,0,0,0,0,0
2020-03-11,Brazil,210147125,Parana,11433957,NA,NA,NA,NA,0,0,0,0,0,0
2020-03-13,Brazil,210147125,Parana,11433957,NA,NA,NA,NA,0,0,0,6,0,0
2020-03-15,Brazil,210147125,Parana,11433957,NA,NA,NA,NA,0,0,0,6,0,0
2020-03-17,Brazil,210147125,Parana,11433957,NA,NA,NA,NA,0,0,0,6,0,0
2020-03-19,Brazil,210147125,Parana,11433957,NA,NA,NA,NA,10,0,0,23,0,0
2020-03-21,Brazil,210147125,Parana,11433957,NA,NA,NA,NA,11,0,0,43,0,0
2020-03-23,Brazil,210147125,Parana,11433957,NA,NA,NA,NA,6,0,0,56,0,0
2020-03-25,Brazil,210147125,Parana,11433957,NA,NA,NA,NA,16,0,0,81,0,0
2020-03-27,Brazil,210147125,Parana,11433957,NA,NA,NA,NA,17,2,0,119,2,0
2020-03-29,Brazil,210147125,Parana,11433957,NA,NA,NA,NA,15,0,0,148,2,0
2020-03-31,Brazil,210147125,Parana,11433957,NA,NA,NA,NA,24,0,0,179,3,0
2020-04-02,Brazil,210147125,Parana,11433957,NA,NA,NA,NA,28,1,0,252,4,0
2020-04-04,Brazil,210147125,Parana,11433957,NA,NA,NA,NA,94,2,0,395,6,0
2020-04-06,Brazil,210147125,Parana,11433957,NA,NA,NA,NA,20,2,0,458,11,0
2020-04-08,Brazil,210147125,Parana,11433957,NA,NA,NA,NA,36,2,0,539,17,0
2020-04-10,Brazil,210147125,Parana,11433957,NA,NA,NA,NA,34,3,0,643,25,0
2020-04-12,Brazil,210147125,Parana,11433957,NA,NA,NA,NA,62,4,0,738,30,0
2020-04-14,Brazil,210147125,Parana,11433957,NA,NA,NA,NA,35,5,0,791,36,0
2020-04-16,Brazil,210147125,Parana,11433957,NA,NA,NA,NA,29,3,0,832,41,0
2020-04-18,Brazil,210147125,Parana,11433957,NA,NA,NA,NA,71,4,0,945,46,0
2020-04-20,Brazil,210147125,Parana,11433957,NA,NA,NA,NA,20,3,0,1007,51,0
2020-04-22,Brazil,210147125,Parana,11433957,NA,NA,NA,NA,39,6,0,1063,57,0
2020-04-24,Brazil,210147125,Parana,11433957,NA,NA,NA,NA,37,4,0,1119,64,0
2020-04-26,Brazil,210147125,Parana,11433957,NA,NA,NA,NA,16,3,0,1156,72,0
2020-04-28,Brazil,210147125,Parana,11433957,NA,NA,NA,NA,85,2,0,1271,77,0
2020-04-30,Brazil,210147125,Parana,11433957,NA,NA,NA,NA,59,1,0,1407,83,0
2020-05-02,Brazil,210147125,Parana,11433957,NA,NA,NA,NA,45,1,0,1492,90,0
2020-05-04,Brazil,210147125,Parana,11433957,NA,NA,NA,NA,48,1,0,1562,94,0
2020-05-06,Brazil,210147125,Parana,11433957,NA,NA,NA,NA,39,2,0,1627,101,0
2020-05-08,Brazil,210147125,Parana,11433957,NA,NA,NA,NA,55,2,0,1711,106,0
2020-05-10,Brazil,210147125,Parana,11433957,NA,NA,NA,NA,50,2,0,1835,109,0
2020-05-12,Brazil,210147125,Parana,11433957,NA,NA,NA,NA,57,2,0,1906,113,0
2020-05-14,Brazil,210147125,Parana,11433957,NA,NA,NA,NA,67,2,0,2063,119,0
2020-05-16,Brazil,210147125,Parana,11433957,NA,NA,NA,NA,103,3,0,2242,123,0
2020-05-18,Brazil,210147125,Parana,11433957,NA,NA,NA,NA,74,3,0,2360,127,0
2020-05-20,Brazil,210147125,Parana,11433957,NA,NA,NA,NA,135,8,0,2616,137,0
2020-05-22,Brazil,210147125,Parana,11433957,NA,NA,NA,NA,129,5,0,2939,146,0
2020-05-24,Brazil,210147125,Parana,11433957,NA,NA,NA,NA,113,3,0,3212,153,0
2020-05-26,Brazil,210147125,Parana,11433957,NA,NA,NA,NA,181,3,0,3512,159,0
2020-05-28,Brazil,210147125,Parana,11433957,NA,NA,NA,NA,272,7,0,3984,169,0
2020-05-30,Brazil,210147125,Parana,11433957,NA,NA,NA,NA,237,8,0,4473,181,0
2020-06-01,Brazil,210147125,Parana,11433957,NA,NA,NA,NA,148,8,0,4835,190,0
2020-06-03,Brazil,210147125,Parana,11433957,NA,NA,NA,NA,331,6,0,5494,205,0
2020-06-05,Brazil,210147125,Parana,11433957,NA,NA,NA,NA,528,12,0,6348,227,0
2020-06-07,Brazil,210147125,Parana,11433957,NA,NA,NA,NA,292,5,0,6897,237,0
2020-06-09,Brazil,210147125,Parana,11433957,NA,NA,NA,NA,283,10,0,7314,253,0
2020-06-11,Brazil,210147125,Parana,11433957,NA,NA,NA,NA,626,5,0,8457,280,0
2020-06-13,Brazil,210147125,Parana,11433957,NA,NA,NA,NA,528,18,0,9233,312,0
2020-06-15,Brazil,210147125,Parana,11433957,NA,NA,NA,NA,133,8,0,9716,334,0
2020-06-17,Brazil,210147125,Parana,11433957,NA,NA,NA,NA,528,22,0,11085,386,0
2020-06-19,Brazil,210147125,Parana,11433957,NA,NA,NA,NA,866,13,0,12785,419,0
2020-06-21,Brazil,210147125,Parana,11433957,NA,NA,NA,NA,839,23,0,14501,451,0
2020-06-23,Brazil,210147125,Parana,11433957,NA,NA,NA,NA,729,29,0,15853,498,0
2020-06-25,Brazil,210147125,Parana,11433957,NA,NA,NA,NA,858,18,0,17821,539,0
2020-06-27,Brazil,210147125,Parana,11433957,NA,NA,NA,NA,1147,11,0,19819,575,0
2020-06-29,Brazil,210147125,Parana,11433957,NA,NA,NA,NA,584,14,0,21326,613,0
2020-07-01,Brazil,210147125,Parana,11433957,NA,NA,NA,NA,1348,14,0,24225,663,0
2020-07-03,Brazil,210147125,Parana,11433957,NA,NA,NA,NA,1862,22,0,28166,728,0
2020-07-05,Brazil,210147125,Parana,11433957,NA,NA,NA,NA,889,32,0,31459,795,0
2020-07-07,Brazil,210147125,Parana,11433957,NA,NA,NA,NA,1539,31,0,34308,851,0
2020-07-09,Brazil,210147125,Parana,11433957,NA,NA,NA,NA,1709,36,0,37424,931,0
2020-07-11,Brazil,210147125,Parana,11433957,NA,NA,NA,NA,1285,38,0,40797,1016,0
2020-07-13,Brazil,210147125,Parana,11433957,NA,NA,NA,NA,1045,44,0,43582,1089,0
2020-07-15,Brazil,210147125,Parana,11433957,NA,NA,NA,NA,1761,54,0,47124,1200,0
2020-07-17,Brazil,210147125,Parana,11433957,NA,NA,NA,NA,1916,46,0,51321,1292,0
2020-07-19,Brazil,210147125,Parana,11433957,NA,NA,NA,NA,1076,19,0,54629,1327,0
2020-07-21,Brazil,210147125,Parana,11433957,NA,NA,NA,NA,1629,58,0,57538,1415,0
2020-07-23,Brazil,210147125,Parana,11433957,NA,NA,NA,NA,2077,59,0,62004,1545,0
2020-07-25,Brazil,210147125,Parana,11433957,NA,NA,NA,NA,1334,55,0,65593,1653,0
2020-07-27,Brazil,210147125,Parana,11433957,NA,NA,NA,NA,781,32,0,68001,1703,0
2020-07-29,Brazil,210147125,Parana,11433957,NA,NA,NA,NA,1528,71,0,70920,1814,0
2020-07-31,Brazil,210147125,Parana,11433957,NA,NA,NA,NA,2624,59,0,76112,1920,0
2020-08-02,Brazil,210147125,Parana,11433957,NA,NA,NA,NA,0,0,0,76112,1920,0
2020-08-04,Brazil,210147125,Parana,11433957,NA,NA,NA,NA,0,0,0,76112,1920,0
2020-08-06,Brazil,210147125,Parana,11433957,NA,NA,NA,NA,1952,60,0,87269,2224,0
2020-08-08,Brazil,210147125,Parana,11433957,NA,NA,NA,NA,0,0,0,88899,2270,0
2020-08-10,Brazil,210147125,Parana,11433957,NA,NA,NA,NA,4158,53,0,94124,2398,0
2020-08-12,Brazil,210147125,Parana,11433957,NA,NA,NA,NA,1842,71,0,97785,2516,0
2020-08-14,Brazil,210147125,Parana,11433957,NA,NA,NA,NA,2177,36,0,101844,2612,0
2020-02-25,Brazil,210147125,Pernambuco,9557071,NA,NA,NA,NA,NA,NA,NA,0,0,0
2020-02-27,Brazil,210147125,Pernambuco,9557071,NA,NA,NA,NA,0,0,0,0,0,0
2020-02-29,Brazil,210147125,Pernambuco,9557071,NA,NA,NA,NA,0,0,0,0,0,0
2020-03-02,Brazil,210147125,Pernambuco,9557071,NA,NA,NA,NA,0,0,0,0,0,0
2020-03-04,Brazil,210147125,Pernambuco,9557071,NA,NA,NA,NA,0,0,0,0,0,0
2020-03-06,Brazil,210147125,Pernambuco,9557071,NA,NA,NA,NA,0,0,0,0,0,0
2020-03-08,Brazil,210147125,Pernambuco,9557071,NA,NA,NA,NA,0,0,0,0,0,0
2020-03-10,Brazil,210147125,Pernambuco,9557071,NA,NA,NA,NA,0,0,0,0,0,0
2020-03-12,Brazil,210147125,Pernambuco,9557071,NA,NA,NA,NA,2,0,0,2,0,0
2020-03-14,Brazil,210147125,Pernambuco,9557071,NA,NA,NA,NA,0,0,0,2,0,0
2020-03-16,Brazil,210147125,Pernambuco,9557071,NA,NA,NA,NA,0,0,0,2,0,0
2020-03-18,Brazil,210147125,Pernambuco,9557071,NA,NA,NA,NA,0,0,0,16,0,0
2020-03-20,Brazil,210147125,Pernambuco,9557071,NA,NA,NA,NA,2,0,0,30,0,0
2020-03-22,Brazil,210147125,Pernambuco,9557071,NA,NA,NA,NA,7,0,0,37,0,0
2020-03-24,Brazil,210147125,Pernambuco,9557071,NA,NA,NA,NA,0,0,0,42,0,0
2020-03-26,Brazil,210147125,Pernambuco,9557071,NA,NA,NA,NA,2,2,0,48,3,0
2020-03-28,Brazil,210147125,Pernambuco,9557071,NA,NA,NA,NA,12,1,0,68,5,0
2020-03-30,Brazil,210147125,Pernambuco,9557071,NA,NA,NA,NA,5,1,0,78,6,0
2020-04-01,Brazil,210147125,Pernambuco,9557071,NA,NA,NA,NA,8,2,0,95,8,0
2020-04-03,Brazil,210147125,Pernambuco,9557071,NA,NA,NA,NA,30,1,0,136,10,0
2020-04-05,Brazil,210147125,Pernambuco,9557071,NA,NA,NA,NA,25,7,0,201,21,0
2020-04-07,Brazil,210147125,Pernambuco,9557071,NA,NA,NA,NA,129,4,0,352,34,0
2020-04-09,Brazil,210147125,Pernambuco,9557071,NA,NA,NA,NA,154,10,0,555,56,0
2020-04-11,Brazil,210147125,Pernambuco,9557071,NA,NA,NA,NA,132,7,0,816,72,0
2020-04-13,Brazil,210147125,Pernambuco,9557071,NA,NA,NA,NA,194,17,0,1154,102,0
2020-04-15,Brazil,210147125,Pernambuco,9557071,NA,NA,NA,NA,200,28,0,1484,143,0
2020-04-17,Brazil,210147125,Pernambuco,9557071,NA,NA,NA,NA,323,26,0,2006,186,0
2020-04-19,Brazil,210147125,Pernambuco,9557071,NA,NA,NA,NA,266,11,0,2459,216,0
2020-04-21,Brazil,210147125,Pernambuco,9557071,NA,NA,NA,NA,218,26,0,2908,260,0
2020-04-23,Brazil,210147125,Pernambuco,9557071,NA,NA,NA,NA,221,30,0,3519,312,0
2020-04-25,Brazil,210147125,Pernambuco,9557071,NA,NA,NA,NA,508,29,0,4507,381,0
2020-04-27,Brazil,210147125,Pernambuco,9557071,NA,NA,NA,NA,460,35,0,5358,450,0
2020-04-29,Brazil,210147125,Pernambuco,9557071,NA,NA,NA,NA,470,30,0,6194,538,0
2020-05-01,Brazil,210147125,Pernambuco,9557071,NA,NA,NA,NA,458,38,0,7334,603,0
2020-05-03,Brazil,210147125,Pernambuco,9557071,NA,NA,NA,NA,498,24,0,8643,652,0
2020-05-05,Brazil,210147125,Pernambuco,9557071,NA,NA,NA,NA,462,58,0,9325,749,0
2020-05-07,Brazil,210147125,Pernambuco,9557071,NA,NA,NA,NA,943,42,0,10824,845,0
2020-05-09,Brazil,210147125,Pernambuco,9557071,NA,NA,NA,NA,883,45,0,12470,972,0
2020-05-11,Brazil,210147125,Pernambuco,9557071,NA,NA,NA,NA,493,40,0,13768,1087,0
2020-05-13,Brazil,210147125,Pernambuco,9557071,NA,NA,NA,NA,592,67,0,14901,1224,0
2020-05-15,Brazil,210147125,Pernambuco,9557071,NA,NA,NA,NA,621,83,0,16209,1381,0
2020-05-17,Brazil,210147125,Pernambuco,9557071,NA,NA,NA,NA,964,55,0,19452,1516,0
2020-05-19,Brazil,210147125,Pernambuco,9557071,NA,NA,NA,NA,1148,101,0,21242,1741,0
2020-05-21,Brazil,210147125,Pernambuco,9557071,NA,NA,NA,NA,1351,91,0,23911,1925,0
2020-05-23,Brazil,210147125,Pernambuco,9557071,NA,NA,NA,NA,1026,87,0,26786,2144,0
2020-05-25,Brazil,210147125,Pernambuco,9557071,NA,NA,NA,NA,607,48,0,28366,2248,0
2020-05-27,Brazil,210147125,Pernambuco,9557071,NA,NA,NA,NA,1065,140,0,29919,2468,0
2020-05-29,Brazil,210147125,Pernambuco,9557071,NA,NA,NA,NA,1542,103,0,32255,2669,0
2020-05-31,Brazil,210147125,Pernambuco,9557071,NA,NA,NA,NA,1023,67,0,34450,2807,0
2020-06-02,Brazil,210147125,Pernambuco,9557071,NA,NA,NA,NA,608,58,0,35508,2933,0
2020-06-04,Brazil,210147125,Pernambuco,9557071,NA,NA,NA,NA,1044,122,0,37507,3134,0
2020-06-06,Brazil,210147125,Pernambuco,9557071,NA,NA,NA,NA,850,65,0,39361,3270,0
2020-06-08,Brazil,210147125,Pernambuco,9557071,NA,NA,NA,NA,463,45,0,40705,3350,0
2020-06-10,Brazil,210147125,Pernambuco,9557071,NA,NA,NA,NA,925,78,0,41935,3531,0
2020-06-12,Brazil,210147125,Pernambuco,9557071,NA,NA,NA,NA,878,61,0,43872,3694,0
2020-06-14,Brazil,210147125,Pernambuco,9557071,NA,NA,NA,NA,590,71,0,45261,3855,0
2020-06-16,Brazil,210147125,Pernambuco,9557071,NA,NA,NA,NA,920,73,0,46427,3959,0
2020-06-18,Brazil,210147125,Pernambuco,9557071,NA,NA,NA,NA,1180,48,0,48626,4057,0
2020-06-20,Brazil,210147125,Pernambuco,9557071,NA,NA,NA,NA,1398,46,0,51118,4148,0
2020-06-22,Brazil,210147125,Pernambuco,9557071,NA,NA,NA,NA,381,18,0,52494,4252,0
2020-06-24,Brazil,210147125,Pernambuco,9557071,NA,NA,NA,NA,1191,86,0,54022,4425,0
2020-06-26,Brazil,210147125,Pernambuco,9557071,NA,NA,NA,NA,668,122,0,55804,4610,0
2020-06-28,Brazil,210147125,Pernambuco,9557071,NA,NA,NA,NA,1018,43,0,58107,4751,0
2020-06-30,Brazil,210147125,Pernambuco,9557071,NA,NA,NA,NA,382,47,0,58858,4829,0
2020-07-02,Brazil,210147125,Pernambuco,9557071,NA,NA,NA,NA,1414,74,0,61119,4968,0
2020-07-04,Brazil,210147125,Pernambuco,9557071,NA,NA,NA,NA,1095,48,0,63457,5116,0
2020-07-06,Brazil,210147125,Pernambuco,9557071,NA,NA,NA,NA,513,20,0,65642,5163,0
2020-07-08,Brazil,210147125,Pernambuco,9557071,NA,NA,NA,NA,1453,89,0,67604,5323,0
2020-07-10,Brazil,210147125,Pernambuco,9557071,NA,NA,NA,NA,1333,73,0,70100,5482,0
2020-07-12,Brazil,210147125,Pernambuco,9557071,NA,NA,NA,NA,1100,39,0,72470,5595,0
2020-07-14,Brazil,210147125,Pernambuco,9557071,NA,NA,NA,NA,675,63,0,73576,5715,0
2020-07-16,Brazil,210147125,Pernambuco,9557071,NA,NA,NA,NA,1131,64,0,76091,5836,0
2020-07-18,Brazil,210147125,Pernambuco,9557071,NA,NA,NA,NA,1086,59,0,78509,5928,0
2020-07-20,Brazil,210147125,Pernambuco,9557071,NA,NA,NA,NA,663,52,0,80115,6036,0
2020-07-22,Brazil,210147125,Pernambuco,9557071,NA,NA,NA,NA,941,63,0,81382,6152,0
2020-07-24,Brazil,210147125,Pernambuco,9557071,NA,NA,NA,NA,1802,26,0,85042,6237,0
2020-07-26,Brazil,210147125,Pernambuco,9557071,NA,NA,NA,NA,1714,53,0,88466,6352,0
2020-07-28,Brazil,210147125,Pernambuco,9557071,NA,NA,NA,NA,546,45,0,89678,6421,0
2020-07-30,Brazil,210147125,Pernambuco,9557071,NA,NA,NA,NA,1837,42,0,93373,6526,0
2020-08-01,Brazil,210147125,Pernambuco,9557071,NA,NA,NA,NA,0,0,0,95005,6557,0
2020-08-03,Brazil,210147125,Pernambuco,9557071,NA,NA,NA,NA,0,0,0,95005,6557,0
2020-08-05,Brazil,210147125,Pernambuco,9557071,NA,NA,NA,NA,5316,201,0,100321,6758,0
2020-08-07,Brazil,210147125,Pernambuco,9557071,NA,NA,NA,NA,1477,39,0,102872,6867,0
2020-08-09,Brazil,210147125,Pernambuco,9557071,NA,NA,NA,NA,1021,21,0,105134,6941,0
2020-08-11,Brazil,210147125,Pernambuco,9557071,NA,NA,NA,NA,601,38,0,105982,7008,0
2020-08-13,Brazil,210147125,Pernambuco,9557071,NA,NA,NA,NA,1467,35,0,108842,7084,0
2020-08-15,Brazil,210147125,Pernambuco,9557071,NA,NA,NA,NA,1364,45,0,111773,7156,0
2020-02-26,Brazil,210147125,Piaui,3273227,NA,NA,NA,NA,0,NA,NA,0,0,0
2020-02-28,Brazil,210147125,Piaui,3273227,NA,NA,NA,NA,0,0,0,0,0,0
2020-03-01,Brazil,210147125,Piaui,3273227,NA,NA,NA,NA,0,0,0,0,0,0
2020-03-03,Brazil,210147125,Piaui,3273227,NA,NA,NA,NA,0,0,0,0,0,0
2020-03-05,Brazil,210147125,Piaui,3273227,NA,NA,NA,NA,0,0,0,0,0,0
2020-03-07,Brazil,210147125,Piaui,3273227,NA,NA,NA,NA,0,0,0,0,0,0
2020-03-09,Brazil,210147125,Piaui,3273227,NA,NA,NA,NA,0,0,0,0,0,0
2020-03-11,Brazil,210147125,Piaui,3273227,NA,NA,NA,NA,0,0,0,0,0,0
2020-03-13,Brazil,210147125,Piaui,3273227,NA,NA,NA,NA,0,0,0,0,0,0
2020-03-15,Brazil,210147125,Piaui,3273227,NA,NA,NA,NA,0,0,0,0,0,0
2020-03-17,Brazil,210147125,Piaui,3273227,NA,NA,NA,NA,0,0,0,0,0,0
2020-03-19,Brazil,210147125,Piaui,3273227,NA,NA,NA,NA,0,0,0,0,0,0
2020-03-21,Brazil,210147125,Piaui,3273227,NA,NA,NA,NA,1,0,0,4,0,0
2020-03-23,Brazil,210147125,Piaui,3273227,NA,NA,NA,NA,2,0,0,6,0,0
2020-03-25,Brazil,210147125,Piaui,3273227,NA,NA,NA,NA,2,0,0,8,0,0
2020-03-27,Brazil,210147125,Piaui,3273227,NA,NA,NA,NA,0,0,0,9,0,0
2020-03-29,Brazil,210147125,Piaui,3273227,NA,NA,NA,NA,3,0,0,14,1,0
2020-03-31,Brazil,210147125,Piaui,3273227,NA,NA,NA,NA,2,1,0,18,4,0
2020-04-02,Brazil,210147125,Piaui,3273227,NA,NA,NA,NA,1,0,0,19,4,0
2020-04-04,Brazil,210147125,Piaui,3273227,NA,NA,NA,NA,1,0,0,22,4,0
2020-04-06,Brazil,210147125,Piaui,3273227,NA,NA,NA,NA,0,0,0,23,4,0
2020-04-08,Brazil,210147125,Piaui,3273227,NA,NA,NA,NA,3,1,0,31,5,0
2020-04-10,Brazil,210147125,Piaui,3273227,NA,NA,NA,NA,2,1,0,40,7,0
2020-04-12,Brazil,210147125,Piaui,3273227,NA,NA,NA,NA,3,0,0,44,7,0
2020-04-14,Brazil,210147125,Piaui,3273227,NA,NA,NA,NA,8,0,0,58,8,0
2020-04-16,Brazil,210147125,Piaui,3273227,NA,NA,NA,NA,16,0,0,91,8,0
2020-04-18,Brazil,210147125,Piaui,3273227,NA,NA,NA,NA,21,1,0,123,9,0
2020-04-20,Brazil,210147125,Piaui,3273227,NA,NA,NA,NA,13,2,0,158,12,0
2020-04-22,Brazil,210147125,Piaui,3273227,NA,NA,NA,NA,20,1,0,206,15,0
2020-04-24,Brazil,210147125,Piaui,3273227,NA,NA,NA,NA,39,1,0,256,16,0
2020-04-26,Brazil,210147125,Piaui,3273227,NA,NA,NA,NA,34,1,0,331,18,0
2020-04-28,Brazil,210147125,Piaui,3273227,NA,NA,NA,NA,44,1,0,408,21,0
2020-04-30,Brazil,210147125,Piaui,3273227,NA,NA,NA,NA,59,0,0,513,24,0
2020-05-02,Brazil,210147125,Piaui,3273227,NA,NA,NA,NA,65,2,0,665,26,0
2020-05-04,Brazil,210147125,Piaui,3273227,NA,NA,NA,NA,42,0,0,784,28,0
2020-05-06,Brazil,210147125,Piaui,3273227,NA,NA,NA,NA,74,1,0,949,30,0
2020-05-08,Brazil,210147125,Piaui,3273227,NA,NA,NA,NA,80,2,0,1131,37,0
2020-05-10,Brazil,210147125,Piaui,3273227,NA,NA,NA,NA,45,4,0,1278,42,0
2020-05-12,Brazil,210147125,Piaui,3273227,NA,NA,NA,NA,111,4,0,1443,49,0
2020-05-14,Brazil,210147125,Piaui,3273227,NA,NA,NA,NA,172,3,0,1784,60,0
2020-05-16,Brazil,210147125,Piaui,3273227,NA,NA,NA,NA,180,5,0,2085,65,0
2020-05-18,Brazil,210147125,Piaui,3273227,NA,NA,NA,NA,35,8,0,2287,80,0
2020-05-20,Brazil,210147125,Piaui,3273227,NA,NA,NA,NA,197,2,0,2637,87,0
2020-05-22,Brazil,210147125,Piaui,3273227,NA,NA,NA,NA,222,2,0,3074,93,0
2020-05-24,Brazil,210147125,Piaui,3273227,NA,NA,NA,NA,132,8,0,3390,107,0
2020-05-26,Brazil,210147125,Piaui,3273227,NA,NA,NA,NA,170,9,0,3720,119,0
2020-05-28,Brazil,210147125,Piaui,3273227,NA,NA,NA,NA,277,4,0,4243,138,0
2020-05-30,Brazil,210147125,Piaui,3273227,NA,NA,NA,NA,242,11,0,4745,157,0
2020-06-01,Brazil,210147125,Piaui,3273227,NA,NA,NA,NA,188,7,0,5119,168,0
2020-06-03,Brazil,210147125,Piaui,3273227,NA,NA,NA,NA,322,12,0,5828,192,0
2020-06-05,Brazil,210147125,Piaui,3273227,NA,NA,NA,NA,653,15,0,6717,217,0
2020-06-07,Brazil,210147125,Piaui,3273227,NA,NA,NA,NA,373,15,0,7478,239,0
2020-06-09,Brazil,210147125,Piaui,3273227,NA,NA,NA,NA,306,11,0,7927,265,0
2020-06-11,Brazil,210147125,Piaui,3273227,NA,NA,NA,NA,464,16,0,8823,299,0
2020-06-13,Brazil,210147125,Piaui,3273227,NA,NA,NA,NA,488,18,0,9825,335,0
2020-06-15,Brazil,210147125,Piaui,3273227,NA,NA,NA,NA,204,14,0,10357,374,0
2020-06-17,Brazil,210147125,Piaui,3273227,NA,NA,NA,NA,678,5,0,11559,398,0
2020-06-19,Brazil,210147125,Piaui,3273227,NA,NA,NA,NA,468,14,0,12567,435,0
2020-06-21,Brazil,210147125,Piaui,3273227,NA,NA,NA,NA,451,26,0,14264,485,0
2020-06-23,Brazil,210147125,Piaui,3273227,NA,NA,NA,NA,793,15,0,15269,517,0
2020-06-25,Brazil,210147125,Piaui,3273227,NA,NA,NA,NA,853,12,0,17080,546,0
2020-06-27,Brazil,210147125,Piaui,3273227,NA,NA,NA,NA,642,18,0,18665,592,0
2020-06-29,Brazil,210147125,Piaui,3273227,NA,NA,NA,NA,595,28,0,19753,643,0
2020-07-01,Brazil,210147125,Piaui,3273227,NA,NA,NA,NA,1637,23,0,22059,686,0
2020-07-03,Brazil,210147125,Piaui,3273227,NA,NA,NA,NA,1069,29,0,24376,726,0
2020-07-05,Brazil,210147125,Piaui,3273227,NA,NA,NA,NA,518,22,0,26079,784,0
2020-07-07,Brazil,210147125,Piaui,3273227,NA,NA,NA,NA,1003,25,0,27514,834,0
2020-07-09,Brazil,210147125,Piaui,3273227,NA,NA,NA,NA,1334,26,0,29745,884,0
2020-07-11,Brazil,210147125,Piaui,3273227,NA,NA,NA,NA,1196,18,0,32465,914,0
2020-07-13,Brazil,210147125,Piaui,3273227,NA,NA,NA,NA,396,24,0,33359,960,0
2020-07-15,Brazil,210147125,Piaui,3273227,NA,NA,NA,NA,1289,27,0,35445,1019,0
2020-07-17,Brazil,210147125,Piaui,3273227,NA,NA,NA,NA,515,22,0,37057,1065,0
2020-07-19,Brazil,210147125,Piaui,3273227,NA,NA,NA,NA,728,17,0,39296,1100,0
2020-07-21,Brazil,210147125,Piaui,3273227,NA,NA,NA,NA,670,22,0,40276,1140,0
2020-07-23,Brazil,210147125,Piaui,3273227,NA,NA,NA,NA,1364,26,0,43179,1184,0
2020-07-25,Brazil,210147125,Piaui,3273227,NA,NA,NA,NA,1040,13,0,45389,1228,0
2020-07-27,Brazil,210147125,Piaui,3273227,NA,NA,NA,NA,540,16,0,46584,1259,0
2020-07-29,Brazil,210147125,Piaui,3273227,NA,NA,NA,NA,1411,14,0,48962,1292,0
2020-07-31,Brazil,210147125,Piaui,3273227,NA,NA,NA,NA,1279,25,0,51477,1329,0
2020-08-02,Brazil,210147125,Piaui,3273227,NA,NA,NA,NA,0,0,0,51477,1329,0
2020-08-04,Brazil,210147125,Piaui,3273227,NA,NA,NA,NA,0,0,0,51477,1329,0
2020-08-06,Brazil,210147125,Piaui,3273227,NA,NA,NA,NA,1181,19,0,57100,1436,0
2020-08-08,Brazil,210147125,Piaui,3273227,NA,NA,NA,NA,1181,17,0,59571,1469,0
2020-08-10,Brazil,210147125,Piaui,3273227,NA,NA,NA,NA,196,23,0,60178,1503,0
2020-08-12,Brazil,210147125,Piaui,3273227,NA,NA,NA,NA,1321,22,0,62465,1548,0
2020-08-14,Brazil,210147125,Piaui,3273227,NA,NA,NA,NA,933,15,0,64595,1581,0
2020-02-25,Brazil,210147125,Rio de Janeiro,17264943,NA,NA,NA,NA,NA,NA,NA,0,0,0
2020-02-27,Brazil,210147125,Rio de Janeiro,17264943,NA,NA,NA,NA,0,0,0,0,0,0
2020-02-29,Brazil,210147125,Rio de Janeiro,17264943,NA,NA,NA,NA,0,0,0,0,0,0
2020-03-02,Brazil,210147125,Rio de Janeiro,17264943,NA,NA,NA,NA,0,0,0,0,0,0
2020-03-04,Brazil,210147125,Rio de Janeiro,17264943,NA,NA,NA,NA,0,0,0,0,0,0
2020-03-06,Brazil,210147125,Rio de Janeiro,17264943,NA,NA,NA,NA,0,0,0,0,0,0
2020-03-08,Brazil,210147125,Rio de Janeiro,17264943,NA,NA,NA,NA,0,0,0,0,0,0
2020-03-10,Brazil,210147125,Rio de Janeiro,17264943,NA,NA,NA,NA,0,0,0,0,0,0
2020-03-12,Brazil,210147125,Rio de Janeiro,17264943,NA,NA,NA,NA,0,0,0,0,0,0
2020-03-14,Brazil,210147125,Rio de Janeiro,17264943,NA,NA,NA,NA,0,0,0,1,0,0
2020-03-16,Brazil,210147125,Rio de Janeiro,17264943,NA,NA,NA,NA,0,0,0,1,0,0
2020-03-18,Brazil,210147125,Rio de Janeiro,17264943,NA,NA,NA,NA,0,0,0,1,0,0
2020-03-20,Brazil,210147125,Rio de Janeiro,17264943,NA,NA,NA,NA,0,0,0,1,0,0
2020-03-22,Brazil,210147125,Rio de Janeiro,17264943,NA,NA,NA,NA,3,0,0,9,0,0
2020-03-24,Brazil,210147125,Rio de Janeiro,17264943,NA,NA,NA,NA,0,0,0,13,0,0
2020-03-26,Brazil,210147125,Rio de Janeiro,17264943,NA,NA,NA,NA,5,0,0,19,0,0
2020-03-28,Brazil,210147125,Rio de Janeiro,17264943,NA,NA,NA,NA,17,0,0,45,0,0
2020-03-30,Brazil,210147125,Rio de Janeiro,17264943,NA,NA,NA,NA,9,0,0,77,1,0
2020-04-01,Brazil,210147125,Rio de Janeiro,17264943,NA,NA,NA,NA,10,1,0,92,2,0
2020-04-03,Brazil,210147125,Rio de Janeiro,17264943,NA,NA,NA,NA,71,2,0,176,4,0
2020-04-05,Brazil,210147125,Rio de Janeiro,17264943,NA,NA,NA,NA,30,2,0,242,7,0
2020-04-07,Brazil,210147125,Rio de Janeiro,17264943,NA,NA,NA,NA,8,1,0,254,8,0
2020-04-09,Brazil,210147125,Rio de Janeiro,17264943,NA,NA,NA,NA,0,0,0,261,11,0
2020-04-11,Brazil,210147125,Rio de Janeiro,17264943,NA,NA,NA,NA,26,2,0,289,13,0
2020-04-13,Brazil,210147125,Rio de Janeiro,17264943,NA,NA,NA,NA,37,2,0,339,17,0
2020-04-15,Brazil,210147125,Rio de Janeiro,17264943,NA,NA,NA,NA,23,1,0,399,19,0
2020-04-17,Brazil,210147125,Rio de Janeiro,17264943,NA,NA,NA,NA,63,3,0,463,23,0
2020-04-19,Brazil,210147125,Rio de Janeiro,17264943,NA,NA,NA,NA,15,1,0,531,25,0
2020-04-21,Brazil,210147125,Rio de Janeiro,17264943,NA,NA,NA,NA,13,1,0,608,28,0
2020-04-23,Brazil,210147125,Rio de Janeiro,17264943,NA,NA,NA,NA,62,5,0,708,34,0
2020-04-25,Brazil,210147125,Rio de Janeiro,17264943,NA,NA,NA,NA,27,2,0,781,40,0
2020-04-27,Brazil,210147125,Rio de Janeiro,17264943,NA,NA,NA,NA,7,1,0,832,45,0
2020-04-29,Brazil,210147125,Rio de Janeiro,17264943,NA,NA,NA,NA,365,56,0,8869,794,0
2020-05-01,Brazil,210147125,Rio de Janeiro,17264943,NA,NA,NA,NA,713,67,0,10166,921,0
2020-05-03,Brazil,210147125,Rio de Janeiro,17264943,NA,NA,NA,NA,593,48,0,11139,1019,0
2020-05-05,Brazil,210147125,Rio de Janeiro,17264943,NA,NA,NA,NA,670,58,0,12391,1123,0
2020-05-07,Brazil,210147125,Rio de Janeiro,17264943,NA,NA,NA,NA,861,189,0,14156,1394,0
2020-05-09,Brazil,210147125,Rio de Janeiro,17264943,NA,NA,NA,NA,1188,150,0,16929,1653,0
2020-05-11,Brazil,210147125,Rio de Janeiro,17264943,NA,NA,NA,NA,877,56,0,17939,1770,0
2020-05-13,Brazil,210147125,Rio de Janeiro,17264943,NA,NA,NA,NA,242,122,0,18728,2050,0
2020-05-15,Brazil,210147125,Rio de Janeiro,17264943,NA,NA,NA,NA,520,191,0,19987,2438,0
2020-05-17,Brazil,210147125,Rio de Janeiro,17264943,NA,NA,NA,NA,637,101,0,22238,2715,0
2020-05-19,Brazil,210147125,Rio de Janeiro,17264943,NA,NA,NA,NA,1140,227,0,27805,3079,0
2020-05-21,Brazil,210147125,Rio de Janeiro,17264943,NA,NA,NA,NA,1717,175,0,32089,3412,0
2020-05-23,Brazil,210147125,Rio de Janeiro,17264943,NA,NA,NA,NA,944,248,0,34533,3905,0
2020-05-25,Brazil,210147125,Rio de Janeiro,17264943,NA,NA,NA,NA,1386,112,0,39298,4105,0
2020-05-27,Brazil,210147125,Rio de Janeiro,17264943,NA,NA,NA,NA,2374,244,0,42398,4605,0
2020-05-29,Brazil,210147125,Rio de Janeiro,17264943,NA,NA,NA,NA,3067,223,0,47953,5079,0
2020-05-31,Brazil,210147125,Rio de Janeiro,17264943,NA,NA,NA,NA,968,67,0,53388,5344,0
2020-06-02,Brazil,210147125,Rio de Janeiro,17264943,NA,NA,NA,NA,2202,224,0,56732,5686,0
2020-06-04,Brazil,210147125,Rio de Janeiro,17264943,NA,NA,NA,NA,1692,317,0,60932,6327,0
2020-06-06,Brazil,210147125,Rio de Janeiro,17264943,NA,NA,NA,NA,1467,166,0,64533,6639,0
2020-06-08,Brazil,210147125,Rio de Janeiro,17264943,NA,NA,NA,NA,1743,74,0,69499,6781,0
2020-06-10,Brazil,210147125,Rio de Janeiro,17264943,NA,NA,NA,NA,1394,210,0,74373,7138,0
2020-06-12,Brazil,210147125,Rio de Janeiro,17264943,NA,NA,NA,NA,2009,54,0,77784,7417,0
2020-06-14,Brazil,210147125,Rio de Janeiro,17264943,NA,NA,NA,NA,736,80,0,79572,7672,0
2020-06-16,Brazil,210147125,Rio de Janeiro,17264943,NA,NA,NA,NA,2397,239,0,83343,7967,0
2020-06-18,Brazil,210147125,Rio de Janeiro,17264943,NA,NA,NA,NA,354,274,0,87317,8412,0
2020-06-20,Brazil,210147125,Rio de Janeiro,17264943,NA,NA,NA,NA,2159,229,0,95537,8824,0
2020-06-22,Brazil,210147125,Rio de Janeiro,17264943,NA,NA,NA,NA,1439,58,0,97572,8933,0
2020-06-24,Brazil,210147125,Rio de Janeiro,17264943,NA,NA,NA,NA,2624,142,0,103493,9295,0
2020-06-26,Brazil,210147125,Rio de Janeiro,17264943,NA,NA,NA,NA,2600,137,0,108497,9587,0
2020-06-28,Brazil,210147125,Rio de Janeiro,17264943,NA,NA,NA,NA,2495,30,0,111298,9819,0
2020-06-30,Brazil,210147125,Rio de Janeiro,17264943,NA,NA,NA,NA,728,232,0,112611,10080,0
2020-07-02,Brazil,210147125,Rio de Janeiro,17264943,NA,NA,NA,NA,1545,134,0,116823,10332,0
2020-07-04,Brazil,210147125,Rio de Janeiro,17264943,NA,NA,NA,NA,1484,124,0,120440,10624,0
2020-07-06,Brazil,210147125,Rio de Janeiro,17264943,NA,NA,NA,NA,587,31,0,121879,10698,0
2020-07-08,Brazil,210147125,Rio de Janeiro,17264943,NA,NA,NA,NA,2243,89,0,126329,10970,0
2020-07-10,Brazil,210147125,Rio de Janeiro,17264943,NA,NA,NA,NA,1119,165,0,129443,11280,0
2020-07-12,Brazil,210147125,Rio de Janeiro,17264943,NA,NA,NA,NA,9,9,0,129684,11415,0
2020-07-14,Brazil,210147125,Rio de Janeiro,17264943,NA,NA,NA,NA,778,150,0,132822,11624,0
2020-07-16,Brazil,210147125,Rio de Janeiro,17264943,NA,NA,NA,NA,124,92,0,134573,11849,0
2020-07-18,Brazil,210147125,Rio de Janeiro,17264943,NA,NA,NA,NA,0,0,0,135230,11919,0
2020-07-20,Brazil,210147125,Rio de Janeiro,17264943,NA,NA,NA,NA,2481,47,0,141005,12161,0
2020-07-22,Brazil,210147125,Rio de Janeiro,17264943,NA,NA,NA,NA,3502,150,0,148623,12443,0
2020-07-24,Brazil,210147125,Rio de Janeiro,17264943,NA,NA,NA,NA,3330,119,0,154879,12654,0
2020-07-26,Brazil,210147125,Rio de Janeiro,17264943,NA,NA,NA,NA,32,27,0,156325,12835,0
2020-07-28,Brazil,210147125,Rio de Janeiro,17264943,NA,NA,NA,NA,1805,157,0,159639,13033,0
2020-07-30,Brazil,210147125,Rio de Janeiro,17264943,NA,NA,NA,NA,1995,150,0,163642,13348,0
2020-08-01,Brazil,210147125,Rio de Janeiro,17264943,NA,NA,NA,NA,0,0,0,165495,13477,0
2020-08-03,Brazil,210147125,Rio de Janeiro,17264943,NA,NA,NA,NA,0,0,0,165495,13477,0
2020-08-05,Brazil,210147125,Rio de Janeiro,17264943,NA,NA,NA,NA,7184,378,0,172679,13855,0
2020-08-07,Brazil,210147125,Rio de Janeiro,17264943,NA,NA,NA,NA,1632,87,0,175696,14028,0
2020-08-09,Brazil,210147125,Rio de Janeiro,17264943,NA,NA,NA,NA,326,10,0,178850,14080,0
2020-08-11,Brazil,210147125,Rio de Janeiro,17264943,NA,NA,NA,NA,2547,104,0,182563,14212,0
2020-08-13,Brazil,210147125,Rio de Janeiro,17264943,NA,NA,NA,NA,2475,117,0,188085,14412,0
2020-08-15,Brazil,210147125,Rio de Janeiro,17264943,NA,NA,NA,NA,723,19,0,190614,14526,0
2020-02-26,Brazil,210147125,Rio Grande do Norte,3506853,NA,NA,NA,NA,0,NA,NA,0,0,0
2020-02-28,Brazil,210147125,Rio Grande do Norte,3506853,NA,NA,NA,NA,0,0,0,0,0,0
2020-03-01,Brazil,210147125,Rio Grande do Norte,3506853,NA,NA,NA,NA,0,0,0,0,0,0
2020-03-03,Brazil,210147125,Rio Grande do Norte,3506853,NA,NA,NA,NA,0,0,0,0,0,0
2020-03-05,Brazil,210147125,Rio Grande do Norte,3506853,NA,NA,NA,NA,0,0,0,0,0,0
2020-03-07,Brazil,210147125,Rio Grande do Norte,3506853,NA,NA,NA,NA,0,0,0,0,0,0
2020-03-09,Brazil,210147125,Rio Grande do Norte,3506853,NA,NA,NA,NA,0,0,0,0,0,0
2020-03-11,Brazil,210147125,Rio Grande do Norte,3506853,NA,NA,NA,NA,1,0,0,2,0,0
2020-03-13,Brazil,210147125,Rio Grande do Norte,3506853,NA,NA,NA,NA,0,0,0,4,0,0
2020-03-15,Brazil,210147125,Rio Grande do Norte,3506853,NA,NA,NA,NA,0,0,0,6,0,0
2020-03-17,Brazil,210147125,Rio Grande do Norte,3506853,NA,NA,NA,NA,4,0,0,10,0,0
2020-03-19,Brazil,210147125,Rio Grande do Norte,3506853,NA,NA,NA,NA,9,0,0,28,0,0
2020-03-21,Brazil,210147125,Rio Grande do Norte,3506853,NA,NA,NA,NA,23,0,0,60,0,0
2020-03-23,Brazil,210147125,Rio Grande do Norte,3506853,NA,NA,NA,NA,14,0,0,86,0,0
2020-03-25,Brazil,210147125,Rio Grande do Norte,3506853,NA,NA,NA,NA,25,1,0,123,1,0
2020-03-27,Brazil,210147125,Rio Grande do Norte,3506853,NA,NA,NA,NA,27,0,0,195,1,0
2020-03-29,Brazil,210147125,Rio Grande do Norte,3506853,NA,NA,NA,NA,29,0,0,226,1,0
2020-03-31,Brazil,210147125,Rio Grande do Norte,3506853,NA,NA,NA,NA,33,1,0,274,4,0
2020-04-02,Brazil,210147125,Rio Grande do Norte,3506853,NA,NA,NA,NA,28,1,0,334,5,0
2020-04-04,Brazil,210147125,Rio Grande do Norte,3506853,NA,NA,NA,NA,14,1,0,410,6,0
2020-04-06,Brazil,210147125,Rio Grande do Norte,3506853,NA,NA,NA,NA,63,0,0,481,7,0
2020-04-08,Brazil,210147125,Rio Grande do Norte,3506853,NA,NA,NA,NA,47,1,0,555,9,0
2020-04-10,Brazil,210147125,Rio Grande do Norte,3506853,NA,NA,NA,NA,18,2,0,636,14,0
2020-04-12,Brazil,210147125,Rio Grande do Norte,3506853,NA,NA,NA,NA,13,1,0,653,16,0
2020-04-14,Brazil,210147125,Rio Grande do Norte,3506853,NA,NA,NA,NA,36,2,0,700,18,0
2020-04-16,Brazil,210147125,Rio Grande do Norte,3506853,NA,NA,NA,NA,33,0,0,780,19,0
2020-04-18,Brazil,210147125,Rio Grande do Norte,3506853,NA,NA,NA,NA,29,2,0,831,24,0
2020-04-20,Brazil,210147125,Rio Grande do Norte,3506853,NA,NA,NA,NA,35,3,0,889,27,0
2020-04-22,Brazil,210147125,Rio Grande do Norte,3506853,NA,NA,NA,NA,19,0,0,923,27,0
2020-04-24,Brazil,210147125,Rio Grande do Norte,3506853,NA,NA,NA,NA,67,2,0,1061,31,0
2020-04-26,Brazil,210147125,Rio Grande do Norte,3506853,NA,NA,NA,NA,70,1,0,1166,35,0
2020-04-28,Brazil,210147125,Rio Grande do Norte,3506853,NA,NA,NA,NA,0,6,0,857,48,0
2020-04-30,Brazil,210147125,Rio Grande do Norte,3506853,NA,NA,NA,NA,91,3,0,1177,56,0
2020-05-02,Brazil,210147125,Rio Grande do Norte,3506853,NA,NA,NA,NA,69,3,0,1366,59,0
2020-05-04,Brazil,210147125,Rio Grande do Norte,3506853,NA,NA,NA,NA,29,1,0,1421,62,0
2020-05-06,Brazil,210147125,Rio Grande do Norte,3506853,NA,NA,NA,NA,38,4,0,1574,72,0
2020-05-08,Brazil,210147125,Rio Grande do Norte,3506853,NA,NA,NA,NA,82,5,0,1821,81,0
2020-05-10,Brazil,210147125,Rio Grande do Norte,3506853,NA,NA,NA,NA,9,1,0,1928,88,0
2020-05-12,Brazil,210147125,Rio Grande do Norte,3506853,NA,NA,NA,NA,44,1,0,2033,93,0
2020-05-14,Brazil,210147125,Rio Grande do Norte,3506853,NA,NA,NA,NA,170,12,0,2537,117,0
2020-05-16,Brazil,210147125,Rio Grande do Norte,3506853,NA,NA,NA,NA,218,14,0,3004,136,0
2020-05-18,Brazil,210147125,Rio Grande do Norte,3506853,NA,NA,NA,NA,47,7,0,3184,146,0
2020-05-20,Brazil,210147125,Rio Grande do Norte,3506853,NA,NA,NA,NA,313,10,0,3796,170,0
2020-05-22,Brazil,210147125,Rio Grande do Norte,3506853,NA,NA,NA,NA,191,3,0,4251,181,0
2020-05-24,Brazil,210147125,Rio Grande do Norte,3506853,NA,NA,NA,NA,98,16,0,4697,200,0
2020-05-26,Brazil,210147125,Rio Grande do Norte,3506853,NA,NA,NA,NA,713,11,0,5472,220,0
2020-05-28,Brazil,210147125,Rio Grande do Norte,3506853,NA,NA,NA,NA,0,12,0,5630,254,0
2020-05-30,Brazil,210147125,Rio Grande do Norte,3506853,NA,NA,NA,NA,939,37,0,7402,305,0
2020-06-01,Brazil,210147125,Rio Grande do Norte,3506853,NA,NA,NA,NA,0,18,0,7964,323,0
2020-06-03,Brazil,210147125,Rio Grande do Norte,3506853,NA,NA,NA,NA,916,26,0,9149,367,0
2020-06-05,Brazil,210147125,Rio Grande do Norte,3506853,NA,NA,NA,NA,158,9,0,9440,387,0
2020-06-07,Brazil,210147125,Rio Grande do Norte,3506853,NA,NA,NA,NA,3,14,0,9452,424,0
2020-06-09,Brazil,210147125,Rio Grande do Norte,3506853,NA,NA,NA,NA,139,28,0,11027,459,0
2020-06-11,Brazil,210147125,Rio Grande do Norte,3506853,NA,NA,NA,NA,1666,9,0,13234,496,0
2020-06-13,Brazil,210147125,Rio Grande do Norte,3506853,NA,NA,NA,NA,288,19,0,13789,533,0
2020-06-15,Brazil,210147125,Rio Grande do Norte,3506853,NA,NA,NA,NA,43,19,0,14214,553,0
2020-06-17,Brazil,210147125,Rio Grande do Norte,3506853,NA,NA,NA,NA,0,0,0,15212,585,0
2020-06-19,Brazil,210147125,Rio Grande do Norte,3506853,NA,NA,NA,NA,150,38,0,16039,693,0
2020-06-21,Brazil,210147125,Rio Grande do Norte,3506853,NA,NA,NA,NA,84,0,0,19290,697,0
2020-06-23,Brazil,210147125,Rio Grande do Norte,3506853,NA,NA,NA,NA,118,20,0,20075,750,0
2020-06-25,Brazil,210147125,Rio Grande do Norte,3506853,NA,NA,NA,NA,891,51,0,22665,858,0
2020-06-27,Brazil,210147125,Rio Grande do Norte,3506853,NA,NA,NA,NA,522,20,0,24253,909,0
2020-06-29,Brazil,210147125,Rio Grande do Norte,3506853,NA,NA,NA,NA,5265,57,0,29721,994,0
2020-07-01,Brazil,210147125,Rio Grande do Norte,3506853,NA,NA,NA,NA,1612,33,0,31899,1067,0
2020-07-03,Brazil,210147125,Rio Grande do Norte,3506853,NA,NA,NA,NA,524,68,0,33421,1171,0
2020-07-05,Brazil,210147125,Rio Grande do Norte,3506853,NA,NA,NA,NA,388,13,0,34645,1213,0
2020-07-07,Brazil,210147125,Rio Grande do Norte,3506853,NA,NA,NA,NA,836,43,0,35820,1291,0
2020-07-09,Brazil,210147125,Rio Grande do Norte,3506853,NA,NA,NA,NA,549,19,0,37060,1345,0
2020-07-11,Brazil,210147125,Rio Grande do Norte,3506853,NA,NA,NA,NA,351,24,0,38616,1380,0
2020-07-13,Brazil,210147125,Rio Grande do Norte,3506853,NA,NA,NA,NA,379,10,0,39800,1404,0
2020-07-15,Brazil,210147125,Rio Grande do Norte,3506853,NA,NA,NA,NA,313,41,0,40654,1473,0
2020-07-17,Brazil,210147125,Rio Grande do Norte,3506853,NA,NA,NA,NA,325,25,0,41303,1526,0
2020-07-19,Brazil,210147125,Rio Grande do Norte,3506853,NA,NA,NA,NA,315,5,0,43766,1577,0
2020-07-21,Brazil,210147125,Rio Grande do Norte,3506853,NA,NA,NA,NA,310,36,0,44267,1621,0
2020-07-23,Brazil,210147125,Rio Grande do Norte,3506853,NA,NA,NA,NA,872,14,0,46056,1650,0
2020-07-25,Brazil,210147125,Rio Grande do Norte,3506853,NA,NA,NA,NA,243,6,0,46926,1672,0
2020-07-27,Brazil,210147125,Rio Grande do Norte,3506853,NA,NA,NA,NA,192,19,0,47291,1697,0
2020-07-29,Brazil,210147125,Rio Grande do Norte,3506853,NA,NA,NA,NA,677,21,0,49051,1735,0
2020-07-31,Brazil,210147125,Rio Grande do Norte,3506853,NA,NA,NA,NA,749,26,0,50416,1777,0
2020-08-02,Brazil,210147125,Rio Grande do Norte,3506853,NA,NA,NA,NA,0,0,0,50416,1777,0
2020-08-04,Brazil,210147125,Rio Grande do Norte,3506853,NA,NA,NA,NA,0,0,0,50416,1777,0
2020-08-06,Brazil,210147125,Rio Grande do Norte,3506853,NA,NA,NA,NA,616,21,0,54106,1954,0
2020-08-08,Brazil,210147125,Rio Grande do Norte,3506853,NA,NA,NA,NA,433,5,0,55150,1970,0
2020-08-10,Brazil,210147125,Rio Grande do Norte,3506853,NA,NA,NA,NA,130,5,0,55420,1977,0
2020-08-12,Brazil,210147125,Rio Grande do Norte,3506853,NA,NA,NA,NA,0,16,0,56572,2019,0
2020-08-14,Brazil,210147125,Rio Grande do Norte,3506853,NA,NA,NA,NA,395,5,0,57467,2041,0
2020-02-25,Brazil,210147125,Rio Grande do Sul,11377239,NA,NA,NA,NA,NA,NA,NA,0,0,0
2020-02-27,Brazil,210147125,Rio Grande do Sul,11377239,NA,NA,NA,NA,0,0,0,0,0,0
2020-02-29,Brazil,210147125,Rio Grande do Sul,11377239,NA,NA,NA,NA,0,0,0,0,0,0
2020-03-02,Brazil,210147125,Rio Grande do Sul,11377239,NA,NA,NA,NA,0,0,0,0,0,0
2020-03-04,Brazil,210147125,Rio Grande do Sul,11377239,NA,NA,NA,NA,0,0,0,0,0,0
2020-03-06,Brazil,210147125,Rio Grande do Sul,11377239,NA,NA,NA,NA,0,0,0,1,0,0
2020-03-08,Brazil,210147125,Rio Grande do Sul,11377239,NA,NA,NA,NA,1,0,0,3,0,0
2020-03-10,Brazil,210147125,Rio Grande do Sul,11377239,NA,NA,NA,NA,0,0,0,8,0,0
2020-03-12,Brazil,210147125,Rio Grande do Sul,11377239,NA,NA,NA,NA,3,0,0,16,0,0
2020-03-14,Brazil,210147125,Rio Grande do Sul,11377239,NA,NA,NA,NA,6,0,0,22,0,0
2020-03-16,Brazil,210147125,Rio Grande do Sul,11377239,NA,NA,NA,NA,7,0,0,31,0,0
2020-03-18,Brazil,210147125,Rio Grande do Sul,11377239,NA,NA,NA,NA,12,0,0,45,0,0
2020-03-20,Brazil,210147125,Rio Grande do Sul,11377239,NA,NA,NA,NA,44,0,0,109,2,0
2020-03-22,Brazil,210147125,Rio Grande do Sul,11377239,NA,NA,NA,NA,67,0,0,186,3,0
2020-03-24,Brazil,210147125,Rio Grande do Sul,11377239,NA,NA,NA,NA,72,2,0,305,6,0
2020-03-26,Brazil,210147125,Rio Grande do Sul,11377239,NA,NA,NA,NA,51,3,0,421,9,0
2020-03-28,Brazil,210147125,Rio Grande do Sul,11377239,NA,NA,NA,NA,65,3,0,558,13,0
2020-03-30,Brazil,210147125,Rio Grande do Sul,11377239,NA,NA,NA,NA,57,1,0,657,18,0
2020-04-01,Brazil,210147125,Rio Grande do Sul,11377239,NA,NA,NA,NA,124,5,0,832,28,0
2020-04-03,Brazil,210147125,Rio Grande do Sul,11377239,NA,NA,NA,NA,82,6,0,1074,47,0
2020-04-05,Brazil,210147125,Rio Grande do Sul,11377239,NA,NA,NA,NA,148,6,0,1394,64,0
2020-04-07,Brazil,210147125,Rio Grande do Sul,11377239,NA,NA,NA,NA,227,18,0,1688,89,0
2020-04-09,Brazil,210147125,Rio Grande do Sul,11377239,NA,NA,NA,NA,278,16,0,2216,122,0
2020-04-11,Brazil,210147125,Rio Grande do Sul,11377239,NA,NA,NA,NA,143,8,0,2607,155,0
2020-04-13,Brazil,210147125,Rio Grande do Sul,11377239,NA,NA,NA,NA,376,18,0,3231,188,0
2020-04-15,Brazil,210147125,Rio Grande do Sul,11377239,NA,NA,NA,NA,333,41,0,3743,265,0
2020-04-17,Brazil,210147125,Rio Grande do Sul,11377239,NA,NA,NA,NA,405,41,0,4349,341,0
2020-04-19,Brazil,210147125,Rio Grande do Sul,11377239,NA,NA,NA,NA,222,15,0,4765,402,0
2020-04-21,Brazil,210147125,Rio Grande do Sul,11377239,NA,NA,NA,NA,407,39,0,5306,461,0
2020-04-23,Brazil,210147125,Rio Grande do Sul,11377239,NA,NA,NA,NA,620,40,0,6172,530,0
2020-04-25,Brazil,210147125,Rio Grande do Sul,11377239,NA,NA,NA,NA,546,45,0,6828,615,0
2020-04-27,Brazil,210147125,Rio Grande do Sul,11377239,NA,NA,NA,NA,833,32,0,7944,677,0
2020-04-29,Brazil,210147125,Rio Grande do Sul,11377239,NA,NA,NA,NA,82,5,0,1368,50,0
2020-05-01,Brazil,210147125,Rio Grande do Sul,11377239,NA,NA,NA,NA,63,7,0,1529,58,0
2020-05-03,Brazil,210147125,Rio Grande do Sul,11377239,NA,NA,NA,NA,47,3,0,1666,65,0
2020-05-05,Brazil,210147125,Rio Grande do Sul,11377239,NA,NA,NA,NA,104,5,0,1815,79,0
2020-05-07,Brazil,210147125,Rio Grande do Sul,11377239,NA,NA,NA,NA,79,3,0,2129,90,0
2020-05-09,Brazil,210147125,Rio Grande do Sul,11377239,NA,NA,NA,NA,46,4,0,2493,95,0
2020-05-11,Brazil,210147125,Rio Grande do Sul,11377239,NA,NA,NA,NA,34,8,0,2576,105,0
2020-05-13,Brazil,210147125,Rio Grande do Sul,11377239,NA,NA,NA,NA,0,0,0,2917,111,0
2020-05-15,Brazil,210147125,Rio Grande do Sul,11377239,NA,NA,NA,NA,600,6,0,3597,126,0
2020-05-17,Brazil,210147125,Rio Grande do Sul,11377239,NA,NA,NA,NA,40,10,0,3735,142,0
2020-05-19,Brazil,210147125,Rio Grande do Sul,11377239,NA,NA,NA,NA,15,7,0,3750,151,0
2020-05-21,Brazil,210147125,Rio Grande do Sul,11377239,NA,NA,NA,NA,500,5,0,5473,166,0
2020-05-23,Brazil,210147125,Rio Grande do Sul,11377239,NA,NA,NA,NA,418,4,0,6336,176,0
2020-05-25,Brazil,210147125,Rio Grande do Sul,11377239,NA,NA,NA,NA,89,17,0,6559,197,0
2020-05-27,Brazil,210147125,Rio Grande do Sul,11377239,NA,NA,NA,NA,263,6,0,7048,209,0
2020-05-29,Brazil,210147125,Rio Grande do Sul,11377239,NA,NA,NA,NA,0,0,0,8234,213,0
2020-05-31,Brazil,210147125,Rio Grande do Sul,11377239,NA,NA,NA,NA,90,6,0,9332,224,0
2020-06-02,Brazil,210147125,Rio Grande do Sul,11377239,NA,NA,NA,NA,587,13,0,9919,245,0
2020-06-04,Brazil,210147125,Rio Grande do Sul,11377239,NA,NA,NA,NA,612,7,0,11010,265,0
2020-06-06,Brazil,210147125,Rio Grande do Sul,11377239,NA,NA,NA,NA,454,7,0,12037,283,0
2020-06-08,Brazil,210147125,Rio Grande do Sul,11377239,NA,NA,NA,NA,115,5,0,12250,291,0
2020-06-10,Brazil,210147125,Rio Grande do Sul,11377239,NA,NA,NA,NA,817,15,0,13619,316,0
2020-06-12,Brazil,210147125,Rio Grande do Sul,11377239,NA,NA,NA,NA,216,14,0,14384,337,0
2020-06-14,Brazil,210147125,Rio Grande do Sul,11377239,NA,NA,NA,NA,34,6,0,14661,350,0
2020-06-16,Brazil,210147125,Rio Grande do Sul,11377239,NA,NA,NA,NA,1033,14,0,16471,374,0
2020-06-18,Brazil,210147125,Rio Grande do Sul,11377239,NA,NA,NA,NA,694,19,0,17822,406,0
2020-06-20,Brazil,210147125,Rio Grande do Sul,11377239,NA,NA,NA,NA,551,7,0,19138,430,0
2020-06-22,Brazil,210147125,Rio Grande do Sul,11377239,NA,NA,NA,NA,362,24,0,19710,458,0
2020-06-24,Brazil,210147125,Rio Grande do Sul,11377239,NA,NA,NA,NA,1145,23,0,22009,500,0
2020-06-26,Brazil,210147125,Rio Grande do Sul,11377239,NA,NA,NA,NA,1054,40,0,24114,540,0
2020-06-28,Brazil,210147125,Rio Grande do Sul,11377239,NA,NA,NA,NA,243,5,0,25243,559,0
2020-06-30,Brazil,210147125,Rio Grande do Sul,11377239,NA,NA,NA,NA,1282,32,0,26941,614,0
2020-07-02,Brazil,210147125,Rio Grande do Sul,11377239,NA,NA,NA,NA,1024,27,0,29195,663,0
2020-07-04,Brazil,210147125,Rio Grande do Sul,11377239,NA,NA,NA,NA,1248,25,0,31619,715,0
2020-07-06,Brazil,210147125,Rio Grande do Sul,11377239,NA,NA,NA,NA,446,32,0,32401,759,0
2020-07-08,Brazil,210147125,Rio Grande do Sul,11377239,NA,NA,NA,NA,1757,34,0,35557,825,0
2020-07-10,Brazil,210147125,Rio Grande do Sul,11377239,NA,NA,NA,NA,1056,49,0,37490,919,0
2020-07-12,Brazil,210147125,Rio Grande do Sul,11377239,NA,NA,NA,NA,520,19,0,39240,962,0
2020-07-14,Brazil,210147125,Rio Grande do Sul,11377239,NA,NA,NA,NA,1337,65,0,40993,1060,0
2020-07-16,Brazil,210147125,Rio Grande do Sul,11377239,NA,NA,NA,NA,3105,40,0,45344,1141,0
2020-07-18,Brazil,210147125,Rio Grande do Sul,11377239,NA,NA,NA,NA,137,63,0,46847,1229,0
2020-07-20,Brazil,210147125,Rio Grande do Sul,11377239,NA,NA,NA,NA,336,33,0,47449,1285,0
2020-07-22,Brazil,210147125,Rio Grande do Sul,11377239,NA,NA,NA,NA,3233,48,0,53073,1397,0
2020-07-24,Brazil,210147125,Rio Grande do Sul,11377239,NA,NA,NA,NA,2166,38,0,57007,1494,0
2020-07-26,Brazil,210147125,Rio Grande do Sul,11377239,NA,NA,NA,NA,661,17,0,59779,1571,0
2020-07-28,Brazil,210147125,Rio Grande do Sul,11377239,NA,NA,NA,NA,2303,69,0,62347,1680,0
2020-07-30,Brazil,210147125,Rio Grande do Sul,11377239,NA,NA,NA,NA,1977,75,0,66473,1825,0
2020-08-01,Brazil,210147125,Rio Grande do Sul,11377239,NA,NA,NA,NA,0,0,0,66692,1876,0
2020-08-03,Brazil,210147125,Rio Grande do Sul,11377239,NA,NA,NA,NA,0,0,0,66692,1876,0
2020-08-05,Brazil,210147125,Rio Grande do Sul,11377239,NA,NA,NA,NA,9871,287,0,76563,2163,0
2020-08-07,Brazil,210147125,Rio Grande do Sul,11377239,NA,NA,NA,NA,189,51,0,79026,2282,0
2020-08-09,Brazil,210147125,Rio Grande do Sul,11377239,NA,NA,NA,NA,396,14,0,83991,2360,0
2020-08-11,Brazil,210147125,Rio Grande do Sul,11377239,NA,NA,NA,NA,3381,55,0,87415,2472,0
2020-08-13,Brazil,210147125,Rio Grande do Sul,11377239,NA,NA,NA,NA,2511,44,0,92560,2584,0
2020-08-15,Brazil,210147125,Rio Grande do Sul,11377239,NA,NA,NA,NA,2303,16,0,97445,2647,0
2020-02-26,Brazil,210147125,Rondonia,1777225,NA,NA,NA,NA,0,NA,NA,0,0,0
2020-02-28,Brazil,210147125,Rondonia,1777225,NA,NA,NA,NA,0,0,0,0,0,0
2020-03-01,Brazil,210147125,Rondonia,1777225,NA,NA,NA,NA,0,0,0,0,0,0
2020-03-03,Brazil,210147125,Rondonia,1777225,NA,NA,NA,NA,0,0,0,0,0,0
2020-03-05,Brazil,210147125,Rondonia,1777225,NA,NA,NA,NA,0,0,0,0,0,0
2020-03-07,Brazil,210147125,Rondonia,1777225,NA,NA,NA,NA,0,0,0,0,0,0
2020-03-09,Brazil,210147125,Rondonia,1777225,NA,NA,NA,NA,0,0,0,0,0,0
2020-03-11,Brazil,210147125,Rondonia,1777225,NA,NA,NA,NA,0,0,0,0,0,0
2020-03-13,Brazil,210147125,Rondonia,1777225,NA,NA,NA,NA,0,0,0,0,0,0
2020-03-15,Brazil,210147125,Rondonia,1777225,NA,NA,NA,NA,0,0,0,0,0,0
2020-03-17,Brazil,210147125,Rondonia,1777225,NA,NA,NA,NA,0,0,0,0,0,0
2020-03-19,Brazil,210147125,Rondonia,1777225,NA,NA,NA,NA,0,0,0,0,0,0
2020-03-21,Brazil,210147125,Rondonia,1777225,NA,NA,NA,NA,0,0,0,1,0,0
2020-03-23,Brazil,210147125,Rondonia,1777225,NA,NA,NA,NA,0,0,0,3,0,0
2020-03-25,Brazil,210147125,Rondonia,1777225,NA,NA,NA,NA,2,0,0,5,0,0
2020-03-27,Brazil,210147125,Rondonia,1777225,NA,NA,NA,NA,1,0,0,6,0,0
2020-03-29,Brazil,210147125,Rondonia,1777225,NA,NA,NA,NA,0,0,0,6,0,0
2020-03-31,Brazil,210147125,Rondonia,1777225,NA,NA,NA,NA,2,1,0,8,1,0
2020-04-02,Brazil,210147125,Rondonia,1777225,NA,NA,NA,NA,1,0,0,10,1,0
2020-04-04,Brazil,210147125,Rondonia,1777225,NA,NA,NA,NA,1,0,0,11,1,0
2020-04-06,Brazil,210147125,Rondonia,1777225,NA,NA,NA,NA,2,0,0,14,1,0
2020-04-08,Brazil,210147125,Rondonia,1777225,NA,NA,NA,NA,0,0,0,18,1,0
2020-04-10,Brazil,210147125,Rondonia,1777225,NA,NA,NA,NA,4,0,0,32,2,0
2020-04-12,Brazil,210147125,Rondonia,1777225,NA,NA,NA,NA,2,0,0,35,2,0
2020-04-14,Brazil,210147125,Rondonia,1777225,NA,NA,NA,NA,22,0,0,64,2,0
2020-04-16,Brazil,210147125,Rondonia,1777225,NA,NA,NA,NA,7,1,0,76,3,0
2020-04-18,Brazil,210147125,Rondonia,1777225,NA,NA,NA,NA,18,0,0,110,3,0
2020-04-20,Brazil,210147125,Rondonia,1777225,NA,NA,NA,NA,32,0,0,160,4,0
2020-04-22,Brazil,210147125,Rondonia,1777225,NA,NA,NA,NA,24,1,0,223,5,0
2020-04-24,Brazil,210147125,Rondonia,1777225,NA,NA,NA,NA,40,0,0,290,5,0
2020-04-26,Brazil,210147125,Rondonia,1777225,NA,NA,NA,NA,36,3,0,364,10,0
2020-04-28,Brazil,210147125,Rondonia,1777225,NA,NA,NA,NA,20,1,0,413,11,0
2020-04-30,Brazil,210147125,Rondonia,1777225,NA,NA,NA,NA,69,1,0,502,16,0
2020-05-02,Brazil,210147125,Rondonia,1777225,NA,NA,NA,NA,68,5,0,653,23,0
2020-05-04,Brazil,210147125,Rondonia,1777225,NA,NA,NA,NA,51,1,0,756,25,0
2020-05-06,Brazil,210147125,Rondonia,1777225,NA,NA,NA,NA,82,4,0,943,33,0
2020-05-08,Brazil,210147125,Rondonia,1777225,NA,NA,NA,NA,124,2,0,1222,39,0
2020-05-10,Brazil,210147125,Rondonia,1777225,NA,NA,NA,NA,39,2,0,1302,43,0
2020-05-12,Brazil,210147125,Rondonia,1777225,NA,NA,NA,NA,64,3,0,1460,50,0
2020-05-14,Brazil,210147125,Rondonia,1777225,NA,NA,NA,NA,74,6,0,1686,56,0
2020-05-16,Brazil,210147125,Rondonia,1777225,NA,NA,NA,NA,130,7,0,1919,69,0
2020-05-18,Brazil,210147125,Rondonia,1777225,NA,NA,NA,NA,80,3,0,2043,77,0
2020-05-20,Brazil,210147125,Rondonia,1777225,NA,NA,NA,NA,242,3,0,2499,90,0
2020-05-22,Brazil,210147125,Rondonia,1777225,NA,NA,NA,NA,115,5,0,2774,106,0
2020-05-24,Brazil,210147125,Rondonia,1777225,NA,NA,NA,NA,92,6,0,3201,121,0
2020-05-26,Brazil,210147125,Rondonia,1777225,NA,NA,NA,NA,225,12,0,3493,133,0
2020-05-28,Brazil,210147125,Rondonia,1777225,NA,NA,NA,NA,390,5,0,4252,142,0
2020-05-30,Brazil,210147125,Rondonia,1777225,NA,NA,NA,NA,241,6,0,4743,151,0
2020-06-01,Brazil,210147125,Rondonia,1777225,NA,NA,NA,NA,230,3,0,5172,159,0
2020-06-03,Brazil,210147125,Rondonia,1777225,NA,NA,NA,NA,236,8,0,5713,180,0
2020-06-05,Brazil,210147125,Rondonia,1777225,NA,NA,NA,NA,403,19,0,6862,213,0
2020-06-07,Brazil,210147125,Rondonia,1777225,NA,NA,NA,NA,410,7,0,8110,235,0
2020-06-09,Brazil,210147125,Rondonia,1777225,NA,NA,NA,NA,594,10,0,9220,255,0
2020-06-11,Brazil,210147125,Rondonia,1777225,NA,NA,NA,NA,697,26,0,10547,293,0
2020-06-13,Brazil,210147125,Rondonia,1777225,NA,NA,NA,NA,486,13,0,11710,309,0
2020-06-15,Brazil,210147125,Rondonia,1777225,NA,NA,NA,NA,315,8,0,12180,332,0
2020-06-17,Brazil,210147125,Rondonia,1777225,NA,NA,NA,NA,557,14,0,13567,360,0
2020-06-19,Brazil,210147125,Rondonia,1777225,NA,NA,NA,NA,549,17,0,14353,391,0
2020-06-21,Brazil,210147125,Rondonia,1777225,NA,NA,NA,NA,229,8,0,15181,417,0
2020-06-23,Brazil,210147125,Rondonia,1777225,NA,NA,NA,NA,671,13,0,16498,444,0
2020-06-25,Brazil,210147125,Rondonia,1777225,NA,NA,NA,NA,749,12,0,18173,467,0
2020-06-27,Brazil,210147125,Rondonia,1777225,NA,NA,NA,NA,0,0,0,19271,476,0
2020-06-29,Brazil,210147125,Rondonia,1777225,NA,NA,NA,NA,586,14,0,20406,500,0
2020-07-01,Brazil,210147125,Rondonia,1777225,NA,NA,NA,NA,211,2,0,21462,520,0
2020-07-03,Brazil,210147125,Rondonia,1777225,NA,NA,NA,NA,271,3,0,22241,533,0
2020-07-05,Brazil,210147125,Rondonia,1777225,NA,NA,NA,NA,522,7,0,23479,555,0
2020-07-07,Brazil,210147125,Rondonia,1777225,NA,NA,NA,NA,643,19,0,24564,577,0
2020-07-09,Brazil,210147125,Rondonia,1777225,NA,NA,NA,NA,335,4,0,25402,589,0
2020-07-11,Brazil,210147125,Rondonia,1777225,NA,NA,NA,NA,496,12,0,26496,617,0
2020-07-13,Brazil,210147125,Rondonia,1777225,NA,NA,NA,NA,322,19,0,27050,647,0
2020-07-15,Brazil,210147125,Rondonia,1777225,NA,NA,NA,NA,389,5,0,27917,668,0
2020-07-17,Brazil,210147125,Rondonia,1777225,NA,NA,NA,NA,463,9,0,29117,686,0
2020-07-19,Brazil,210147125,Rondonia,1777225,NA,NA,NA,NA,0,0,0,29117,686,0
2020-07-21,Brazil,210147125,Rondonia,1777225,NA,NA,NA,NA,841,17,0,30642,727,0
2020-07-23,Brazil,210147125,Rondonia,1777225,NA,NA,NA,NA,1145,26,0,34080,784,0
2020-07-25,Brazil,210147125,Rondonia,1777225,NA,NA,NA,NA,700,9,0,35573,810,0
2020-07-27,Brazil,210147125,Rondonia,1777225,NA,NA,NA,NA,338,16,0,36148,830,0
2020-07-29,Brazil,210147125,Rondonia,1777225,NA,NA,NA,NA,785,15,0,37634,855,0
2020-07-31,Brazil,210147125,Rondonia,1777225,NA,NA,NA,NA,585,8,0,38992,872,0
2020-08-02,Brazil,210147125,Rondonia,1777225,NA,NA,NA,NA,0,0,0,38992,872,0
2020-08-04,Brazil,210147125,Rondonia,1777225,NA,NA,NA,NA,0,0,0,38992,872,0
2020-08-06,Brazil,210147125,Rondonia,1777225,NA,NA,NA,NA,705,5,0,42725,923,0
2020-08-08,Brazil,210147125,Rondonia,1777225,NA,NA,NA,NA,476,6,0,43866,940,0
2020-08-10,Brazil,210147125,Rondonia,1777225,NA,NA,NA,NA,362,1,0,44372,944,0
2020-08-12,Brazil,210147125,Rondonia,1777225,NA,NA,NA,NA,593,15,0,46061,981,0
2020-08-14,Brazil,210147125,Rondonia,1777225,NA,NA,NA,NA,612,8,0,47288,1001,0
2020-02-25,Brazil,210147125,Roraima,605761,NA,NA,NA,NA,NA,NA,NA,0,0,0
2020-02-27,Brazil,210147125,Roraima,605761,NA,NA,NA,NA,0,0,0,0,0,0
2020-02-29,Brazil,210147125,Roraima,605761,NA,NA,NA,NA,0,0,0,0,0,0
2020-03-02,Brazil,210147125,Roraima,605761,NA,NA,NA,NA,0,0,0,0,0,0
2020-03-04,Brazil,210147125,Roraima,605761,NA,NA,NA,NA,0,0,0,0,0,0
2020-03-06,Brazil,210147125,Roraima,605761,NA,NA,NA,NA,0,0,0,0,0,0
2020-03-08,Brazil,210147125,Roraima,605761,NA,NA,NA,NA,0,0,0,0,0,0
2020-03-10,Brazil,210147125,Roraima,605761,NA,NA,NA,NA,0,0,0,0,0,0
2020-03-12,Brazil,210147125,Roraima,605761,NA,NA,NA,NA,0,0,0,0,0,0
2020-03-14,Brazil,210147125,Roraima,605761,NA,NA,NA,NA,0,0,0,0,0,0
2020-03-16,Brazil,210147125,Roraima,605761,NA,NA,NA,NA,0,0,0,0,0,0
2020-03-18,Brazil,210147125,Roraima,605761,NA,NA,NA,NA,0,0,0,0,0,0
2020-03-20,Brazil,210147125,Roraima,605761,NA,NA,NA,NA,0,0,0,0,0,0
2020-03-22,Brazil,210147125,Roraima,605761,NA,NA,NA,NA,2,0,0,2,0,0
2020-03-24,Brazil,210147125,Roraima,605761,NA,NA,NA,NA,0,0,0,2,0,0
2020-03-26,Brazil,210147125,Roraima,605761,NA,NA,NA,NA,0,0,0,8,0,0
2020-03-28,Brazil,210147125,Roraima,605761,NA,NA,NA,NA,2,0,0,12,0,0
2020-03-30,Brazil,210147125,Roraima,605761,NA,NA,NA,NA,0,0,0,16,0,0
2020-04-01,Brazil,210147125,Roraima,605761,NA,NA,NA,NA,6,0,0,22,0,0
2020-04-03,Brazil,210147125,Roraima,605761,NA,NA,NA,NA,4,0,0,30,0,0
2020-04-05,Brazil,210147125,Roraima,605761,NA,NA,NA,NA,5,0,0,42,1,0
2020-04-07,Brazil,210147125,Roraima,605761,NA,NA,NA,NA,0,0,0,42,1,0
2020-04-09,Brazil,210147125,Roraima,605761,NA,NA,NA,NA,3,0,0,52,1,0
2020-04-11,Brazil,210147125,Roraima,605761,NA,NA,NA,NA,12,0,0,75,3,0
2020-04-13,Brazil,210147125,Roraima,605761,NA,NA,NA,NA,4,0,0,83,3,0
2020-04-15,Brazil,210147125,Roraima,605761,NA,NA,NA,NA,1,0,0,114,3,0
2020-04-17,Brazil,210147125,Roraima,605761,NA,NA,NA,NA,22,0,0,164,3,0
2020-04-19,Brazil,210147125,Roraima,605761,NA,NA,NA,NA,21,0,0,222,3,0
2020-04-21,Brazil,210147125,Roraima,605761,NA,NA,NA,NA,3,0,0,247,3,0
2020-04-23,Brazil,210147125,Roraima,605761,NA,NA,NA,NA,17,0,0,297,3,0
2020-04-25,Brazil,210147125,Roraima,605761,NA,NA,NA,NA,41,0,0,345,3,0
2020-04-27,Brazil,210147125,Roraima,605761,NA,NA,NA,NA,6,0,0,407,4,0
2020-04-29,Brazil,210147125,Roraima,605761,NA,NA,NA,NA,27,0,0,452,6,0
2020-05-01,Brazil,210147125,Roraima,605761,NA,NA,NA,NA,83,1,0,602,8,0
2020-05-03,Brazil,210147125,Roraima,605761,NA,NA,NA,NA,72,2,0,740,11,0
2020-05-05,Brazil,210147125,Roraima,605761,NA,NA,NA,NA,63,0,0,869,11,0
2020-05-07,Brazil,210147125,Roraima,605761,NA,NA,NA,NA,88,1,0,1020,14,0
2020-05-09,Brazil,210147125,Roraima,605761,NA,NA,NA,NA,78,2,0,1202,18,0
2020-05-11,Brazil,210147125,Roraima,605761,NA,NA,NA,NA,5,3,0,1295,24,0
2020-05-13,Brazil,210147125,Roraima,605761,NA,NA,NA,NA,83,2,0,1411,29,0
2020-05-15,Brazil,210147125,Roraima,605761,NA,NA,NA,NA,89,3,0,1589,40,0
2020-05-17,Brazil,210147125,Roraima,605761,NA,NA,NA,NA,85,2,0,1791,51,0
2020-05-19,Brazil,210147125,Roraima,605761,NA,NA,NA,NA,109,1,0,1985,61,0
2020-05-21,Brazil,210147125,Roraima,605761,NA,NA,NA,NA,79,8,0,2146,72,0
2020-05-23,Brazil,210147125,Roraima,605761,NA,NA,NA,NA,68,0,0,2374,81,0
2020-05-25,Brazil,210147125,Roraima,605761,NA,NA,NA,NA,75,2,0,2514,86,0
2020-05-27,Brazil,210147125,Roraima,605761,NA,NA,NA,NA,99,0,0,2682,102,0
2020-05-29,Brazil,210147125,Roraima,605761,NA,NA,NA,NA,139,6,0,3098,108,0
2020-05-31,Brazil,210147125,Roraima,605761,NA,NA,NA,NA,175,6,0,3474,116,0
2020-06-02,Brazil,210147125,Roraima,605761,NA,NA,NA,NA,158,4,0,3850,120,0
2020-06-04,Brazil,210147125,Roraima,605761,NA,NA,NA,NA,340,3,0,4483,127,0
2020-06-06,Brazil,210147125,Roraima,605761,NA,NA,NA,NA,407,0,0,5238,139,0
2020-06-08,Brazil,210147125,Roraima,605761,NA,NA,NA,NA,239,3,0,5768,145,0
2020-06-10,Brazil,210147125,Roraima,605761,NA,NA,NA,NA,291,14,0,6347,182,0
2020-06-12,Brazil,210147125,Roraima,605761,NA,NA,NA,NA,118,4,0,6712,192,0
2020-06-14,Brazil,210147125,Roraima,605761,NA,NA,NA,NA,33,3,0,6875,200,0
2020-06-16,Brazil,210147125,Roraima,605761,NA,NA,NA,NA,54,13,0,6935,216,0
2020-06-18,Brazil,210147125,Roraima,605761,NA,NA,NA,NA,271,7,0,7421,231,0
2020-06-20,Brazil,210147125,Roraima,605761,NA,NA,NA,NA,387,6,0,8037,245,0
2020-06-22,Brazil,210147125,Roraima,605761,NA,NA,NA,NA,68,0,0,8188,251,0
2020-06-24,Brazil,210147125,Roraima,605761,NA,NA,NA,NA,463,9,0,10803,259,0
2020-06-26,Brazil,210147125,Roraima,605761,NA,NA,NA,NA,1039,2,0,12911,273,0
2020-06-28,Brazil,210147125,Roraima,605761,NA,NA,NA,NA,1263,0,0,14341,281,0
2020-06-30,Brazil,210147125,Roraima,605761,NA,NA,NA,NA,182,2,0,14641,283,0
2020-07-02,Brazil,210147125,Roraima,605761,NA,NA,NA,NA,2430,40,0,17583,354,0
2020-07-04,Brazil,210147125,Roraima,605761,NA,NA,NA,NA,446,6,0,18769,364,0
2020-07-06,Brazil,210147125,Roraima,605761,NA,NA,NA,NA,26,3,0,18948,371,0
2020-07-08,Brazil,210147125,Roraima,605761,NA,NA,NA,NA,196,10,0,19284,386,0
2020-07-10,Brazil,210147125,Roraima,605761,NA,NA,NA,NA,1066,0,0,21220,393,0
2020-07-12,Brazil,210147125,Roraima,605761,NA,NA,NA,NA,376,0,0,22225,396,0
2020-07-14,Brazil,210147125,Roraima,605761,NA,NA,NA,NA,341,1,0,22968,398,0
2020-07-16,Brazil,210147125,Roraima,605761,NA,NA,NA,NA,716,12,0,24397,415,0
2020-07-18,Brazil,210147125,Roraima,605761,NA,NA,NA,NA,366,4,0,25373,429,0
2020-07-20,Brazil,210147125,Roraima,605761,NA,NA,NA,NA,219,2,0,25686,431,0
2020-07-22,Brazil,210147125,Roraima,605761,NA,NA,NA,NA,969,16,0,26954,451,0
2020-07-24,Brazil,210147125,Roraima,605761,NA,NA,NA,NA,942,7,0,28874,465,0
2020-07-26,Brazil,210147125,Roraima,605761,NA,NA,NA,NA,435,0,0,29829,473,0
2020-07-28,Brazil,210147125,Roraima,605761,NA,NA,NA,NA,414,5,0,30316,479,0
2020-07-30,Brazil,210147125,Roraima,605761,NA,NA,NA,NA,459,8,0,31455,501,0
2020-08-01,Brazil,210147125,Roraima,605761,NA,NA,NA,NA,0,0,0,32016,505,0
2020-08-03,Brazil,210147125,Roraima,605761,NA,NA,NA,NA,0,0,0,32016,505,0
2020-08-05,Brazil,210147125,Roraima,605761,NA,NA,NA,NA,2280,27,0,34296,532,0
2020-08-07,Brazil,210147125,Roraima,605761,NA,NA,NA,NA,611,6,0,35540,544,0
2020-08-09,Brazil,210147125,Roraima,605761,NA,NA,NA,NA,454,0,0,36387,547,0
2020-08-11,Brazil,210147125,Roraima,605761,NA,NA,NA,NA,557,4,0,37006,551,0
2020-08-13,Brazil,210147125,Roraima,605761,NA,NA,NA,NA,691,6,0,38270,561,0
2020-08-15,Brazil,210147125,Roraima,605761,NA,NA,NA,NA,500,3,0,39397,568,0
2020-02-26,Brazil,210147125,Santa Catarina,7164788,NA,NA,NA,NA,0,NA,NA,0,0,0
2020-02-28,Brazil,210147125,Santa Catarina,7164788,NA,NA,NA,NA,0,0,0,0,0,0
2020-03-01,Brazil,210147125,Santa Catarina,7164788,NA,NA,NA,NA,0,0,0,0,0,0
2020-03-03,Brazil,210147125,Santa Catarina,7164788,NA,NA,NA,NA,0,0,0,0,0,0
2020-03-05,Brazil,210147125,Santa Catarina,7164788,NA,NA,NA,NA,0,0,0,0,0,0
2020-03-07,Brazil,210147125,Santa Catarina,7164788,NA,NA,NA,NA,0,0,0,0,0,0
2020-03-09,Brazil,210147125,Santa Catarina,7164788,NA,NA,NA,NA,0,0,0,0,0,0
2020-03-11,Brazil,210147125,Santa Catarina,7164788,NA,NA,NA,NA,0,0,0,0,0,0
2020-03-13,Brazil,210147125,Santa Catarina,7164788,NA,NA,NA,NA,2,0,0,2,0,0
2020-03-15,Brazil,210147125,Santa Catarina,7164788,NA,NA,NA,NA,2,0,0,6,0,0
2020-03-17,Brazil,210147125,Santa Catarina,7164788,NA,NA,NA,NA,0,0,0,7,0,0
2020-03-19,Brazil,210147125,Santa Catarina,7164788,NA,NA,NA,NA,10,0,0,20,0,0
2020-03-21,Brazil,210147125,Santa Catarina,7164788,NA,NA,NA,NA,30,0,0,51,0,0
2020-03-23,Brazil,210147125,Santa Catarina,7164788,NA,NA,NA,NA,11,0,0,68,0,0
2020-03-25,Brazil,210147125,Santa Catarina,7164788,NA,NA,NA,NA,2,0,0,109,0,0
2020-03-27,Brazil,210147125,Santa Catarina,7164788,NA,NA,NA,NA,27,1,0,149,2,0
2020-03-29,Brazil,210147125,Santa Catarina,7164788,NA,NA,NA,NA,10,0,0,194,2,0
2020-03-31,Brazil,210147125,Santa Catarina,7164788,NA,NA,NA,NA,22,1,0,219,2,0
2020-04-02,Brazil,210147125,Santa Catarina,7164788,NA,NA,NA,NA,12,0,0,247,2,0
2020-04-04,Brazil,210147125,Santa Catarina,7164788,NA,NA,NA,NA,53,0,0,334,5,0
2020-04-06,Brazil,210147125,Santa Catarina,7164788,NA,NA,NA,NA,22,0,0,379,10,0
2020-04-08,Brazil,210147125,Santa Catarina,7164788,NA,NA,NA,NA,40,4,0,457,15,0
2020-04-10,Brazil,210147125,Santa Catarina,7164788,NA,NA,NA,NA,192,1,0,693,18,0
2020-04-12,Brazil,210147125,Santa Catarina,7164788,NA,NA,NA,NA,36,3,0,768,24,0
2020-04-14,Brazil,210147125,Santa Catarina,7164788,NA,NA,NA,NA,49,2,0,826,26,0
2020-04-16,Brazil,210147125,Santa Catarina,7164788,NA,NA,NA,NA,31,1,0,884,29,0
2020-04-18,Brazil,210147125,Santa Catarina,7164788,NA,NA,NA,NA,36,1,0,962,31,0
2020-04-20,Brazil,210147125,Santa Catarina,7164788,NA,NA,NA,NA,50,3,0,1025,35,0
2020-04-22,Brazil,210147125,Santa Catarina,7164788,NA,NA,NA,NA,28,2,0,1091,37,0
2020-04-24,Brazil,210147125,Santa Catarina,7164788,NA,NA,NA,NA,55,3,0,1170,42,0
2020-04-26,Brazil,210147125,Santa Catarina,7164788,NA,NA,NA,NA,26,0,0,1235,42,0
2020-04-28,Brazil,210147125,Santa Catarina,7164788,NA,NA,NA,NA,139,1,0,1476,44,0
2020-04-30,Brazil,210147125,Santa Catarina,7164788,NA,NA,NA,NA,90,2,0,2085,46,0
2020-05-02,Brazil,210147125,Santa Catarina,7164788,NA,NA,NA,NA,242,4,0,2346,52,0
2020-05-04,Brazil,210147125,Santa Catarina,7164788,NA,NA,NA,NA,173,0,0,2519,52,0
2020-05-06,Brazil,210147125,Santa Catarina,7164788,NA,NA,NA,NA,294,4,0,2917,59,0
2020-05-08,Brazil,210147125,Santa Catarina,7164788,NA,NA,NA,NA,123,0,0,3205,63,0
2020-05-10,Brazil,210147125,Santa Catarina,7164788,NA,NA,NA,NA,57,1,0,3429,65,0
2020-05-12,Brazil,210147125,Santa Catarina,7164788,NA,NA,NA,NA,204,4,0,3733,73,0
2020-05-14,Brazil,210147125,Santa Catarina,7164788,NA,NA,NA,NA,504,5,0,4332,78,0
2020-05-16,Brazil,210147125,Santa Catarina,7164788,NA,NA,NA,NA,116,2,0,4678,81,0
2020-05-18,Brazil,210147125,Santa Catarina,7164788,NA,NA,NA,NA,399,2,0,5175,85,0
2020-05-20,Brazil,210147125,Santa Catarina,7164788,NA,NA,NA,NA,86,3,0,5499,94,0
2020-05-22,Brazil,210147125,Santa Catarina,7164788,NA,NA,NA,NA,848,2,0,6458,100,0
2020-05-24,Brazil,210147125,Santa Catarina,7164788,NA,NA,NA,NA,89,2,0,6696,105,0
2020-05-26,Brazil,210147125,Santa Catarina,7164788,NA,NA,NA,NA,141,12,0,7016,121,0
2020-05-28,Brazil,210147125,Santa Catarina,7164788,NA,NA,NA,NA,628,5,0,8000,131,0
2020-05-30,Brazil,210147125,Santa Catarina,7164788,NA,NA,NA,NA,248,2,0,8778,136,0
2020-06-01,Brazil,210147125,Santa Catarina,7164788,NA,NA,NA,NA,461,3,0,9498,146,0
2020-06-03,Brazil,210147125,Santa Catarina,7164788,NA,NA,NA,NA,374,4,0,10034,152,0
2020-06-05,Brazil,210147125,Santa Catarina,7164788,NA,NA,NA,NA,314,3,0,10846,159,0
2020-06-07,Brazil,210147125,Santa Catarina,7164788,NA,NA,NA,NA,280,5,0,11565,171,0
2020-06-09,Brazil,210147125,Santa Catarina,7164788,NA,NA,NA,NA,627,8,0,12192,179,0
2020-06-11,Brazil,210147125,Santa Catarina,7164788,NA,NA,NA,NA,359,2,0,12953,186,0
2020-06-13,Brazil,210147125,Santa Catarina,7164788,NA,NA,NA,NA,131,2,0,13296,193,0
2020-06-15,Brazil,210147125,Santa Catarina,7164788,NA,NA,NA,NA,600,4,0,13960,199,0
2020-06-17,Brazil,210147125,Santa Catarina,7164788,NA,NA,NA,NA,613,4,0,15015,216,0
2020-06-19,Brazil,210147125,Santa Catarina,7164788,NA,NA,NA,NA,749,12,0,16322,234,0
2020-06-21,Brazil,210147125,Santa Catarina,7164788,NA,NA,NA,NA,474,9,0,17582,246,0
2020-06-23,Brazil,210147125,Santa Catarina,7164788,NA,NA,NA,NA,1307,7,0,19244,263,0
2020-06-25,Brazil,210147125,Santa Catarina,7164788,NA,NA,NA,NA,1030,10,0,21951,289,0
2020-06-27,Brazil,210147125,Santa Catarina,7164788,NA,NA,NA,NA,861,6,0,23808,304,0
2020-06-29,Brazil,210147125,Santa Catarina,7164788,NA,NA,NA,NA,692,12,0,25056,324,0
2020-07-01,Brazil,210147125,Santa Catarina,7164788,NA,NA,NA,NA,925,6,0,27279,347,0
2020-07-03,Brazil,210147125,Santa Catarina,7164788,NA,NA,NA,NA,1686,14,0,30261,376,0
2020-07-05,Brazil,210147125,Santa Catarina,7164788,NA,NA,NA,NA,1038,10,0,32969,393,0
2020-07-07,Brazil,210147125,Santa Catarina,7164788,NA,NA,NA,NA,1520,13,0,35342,419,0
2020-07-09,Brazil,210147125,Santa Catarina,7164788,NA,NA,NA,NA,1598,15,0,38408,447,0
2020-07-11,Brazil,210147125,Santa Catarina,7164788,NA,NA,NA,NA,1920,26,0,42026,485,0
2020-07-13,Brazil,210147125,Santa Catarina,7164788,NA,NA,NA,NA,784,20,0,43815,517,0
2020-07-15,Brazil,210147125,Santa Catarina,7164788,NA,NA,NA,NA,1926,35,0,47976,569,0
2020-07-17,Brazil,210147125,Santa Catarina,7164788,NA,NA,NA,NA,1768,58,0,51549,646,0
2020-07-19,Brazil,210147125,Santa Catarina,7164788,NA,NA,NA,NA,805,23,0,53336,685,0
2020-07-21,Brazil,210147125,Santa Catarina,7164788,NA,NA,NA,NA,2061,44,0,56475,738,0
2020-07-23,Brazil,210147125,Santa Catarina,7164788,NA,NA,NA,NA,2726,47,0,62282,812,0
2020-07-25,Brazil,210147125,Santa Catarina,7164788,NA,NA,NA,NA,2316,36,0,67333,880,0
2020-07-27,Brazil,210147125,Santa Catarina,7164788,NA,NA,NA,NA,1408,17,0,70138,924,0
2020-07-29,Brazil,210147125,Santa Catarina,7164788,NA,NA,NA,NA,3230,42,0,77001,1002,0
2020-07-31,Brazil,210147125,Santa Catarina,7164788,NA,NA,NA,NA,3169,59,0,84073,1102,0
2020-08-02,Brazil,210147125,Santa Catarina,7164788,NA,NA,NA,NA,0,0,0,84073,1102,0
2020-08-04,Brazil,210147125,Santa Catarina,7164788,NA,NA,NA,NA,0,0,0,84073,1102,0
2020-08-06,Brazil,210147125,Santa Catarina,7164788,NA,NA,NA,NA,3224,51,0,98634,1357,0
2020-08-08,Brazil,210147125,Santa Catarina,7164788,NA,NA,NA,NA,3167,19,0,104749,1419,0
2020-08-10,Brazil,210147125,Santa Catarina,7164788,NA,NA,NA,NA,993,96,0,106928,1541,0
2020-08-12,Brazil,210147125,Santa Catarina,7164788,NA,NA,NA,NA,2879,18,0,112401,1637,0
2020-08-14,Brazil,210147125,Santa Catarina,7164788,NA,NA,NA,NA,3151,46,0,118183,1742,0
2020-02-25,Brazil,210147125,Sao Paulo,45919049,NA,NA,NA,NA,NA,NA,NA,1,0,0
2020-02-27,Brazil,210147125,Sao Paulo,45919049,NA,NA,NA,NA,0,0,0,1,0,0
2020-02-29,Brazil,210147125,Sao Paulo,45919049,NA,NA,NA,NA,1,0,0,2,0,0
2020-03-02,Brazil,210147125,Sao Paulo,45919049,NA,NA,NA,NA,0,0,0,2,0,0
2020-03-04,Brazil,210147125,Sao Paulo,45919049,NA,NA,NA,NA,1,0,0,3,0,0
2020-03-06,Brazil,210147125,Sao Paulo,45919049,NA,NA,NA,NA,4,0,0,10,0,0
2020-03-08,Brazil,210147125,Sao Paulo,45919049,NA,NA,NA,NA,3,0,0,16,0,0
2020-03-10,Brazil,210147125,Sao Paulo,45919049,NA,NA,NA,NA,3,0,0,19,0,0
2020-03-12,Brazil,210147125,Sao Paulo,45919049,NA,NA,NA,NA,12,0,0,42,0,0
2020-03-14,Brazil,210147125,Sao Paulo,45919049,NA,NA,NA,NA,9,0,0,65,0,0
2020-03-16,Brazil,210147125,Sao Paulo,45919049,NA,NA,NA,NA,16,0,0,152,0,0
2020-03-18,Brazil,210147125,Sao Paulo,45919049,NA,NA,NA,NA,76,3,0,240,4,0
2020-03-20,Brazil,210147125,Sao Paulo,45919049,NA,NA,NA,NA,110,5,0,396,9,0
2020-03-22,Brazil,210147125,Sao Paulo,45919049,NA,NA,NA,NA,172,7,0,631,22,0
2020-03-24,Brazil,210147125,Sao Paulo,45919049,NA,NA,NA,NA,65,10,0,810,40,0
2020-03-26,Brazil,210147125,Sao Paulo,45919049,NA,NA,NA,NA,190,10,0,1052,58,0
2020-03-28,Brazil,210147125,Sao Paulo,45919049,NA,NA,NA,NA,183,16,0,1406,84,0
2020-03-30,Brazil,210147125,Sao Paulo,45919049,NA,NA,NA,NA,66,15,0,1517,113,0
2020-04-01,Brazil,210147125,Sao Paulo,45919049,NA,NA,NA,NA,642,28,0,2981,164,0
2020-04-03,Brazil,210147125,Sao Paulo,45919049,NA,NA,NA,NA,542,31,0,4048,219,0
2020-04-05,Brazil,210147125,Sao Paulo,45919049,NA,NA,NA,NA,154,15,0,4620,275,0
2020-04-07,Brazil,210147125,Sao Paulo,45919049,NA,NA,NA,NA,816,67,0,5682,371,0
2020-04-09,Brazil,210147125,Sao Paulo,45919049,NA,NA,NA,NA,772,68,0,7480,496,0
2020-04-11,Brazil,210147125,Sao Paulo,45919049,NA,NA,NA,NA,203,20,0,8419,560,0
2020-04-13,Brazil,210147125,Sao Paulo,45919049,NA,NA,NA,NA,140,20,0,8895,608,0
2020-04-15,Brazil,210147125,Sao Paulo,45919049,NA,NA,NA,NA,1672,83,0,11043,778,0
2020-04-17,Brazil,210147125,Sao Paulo,45919049,NA,NA,NA,NA,1273,75,0,12841,928,0
2020-04-19,Brazil,210147125,Sao Paulo,45919049,NA,NA,NA,NA,373,24,0,14267,1015,0
2020-04-21,Brazil,210147125,Sao Paulo,45919049,NA,NA,NA,NA,805,56,0,15385,1093,0
2020-04-23,Brazil,210147125,Sao Paulo,45919049,NA,NA,NA,NA,826,211,0,16740,1345,0
2020-04-25,Brazil,210147125,Sao Paulo,45919049,NA,NA,NA,NA,2178,155,0,20004,1667,0
2020-04-27,Brazil,210147125,Sao Paulo,45919049,NA,NA,NA,NA,981,125,0,21696,1825,0
2020-04-29,Brazil,210147125,Sao Paulo,45919049,NA,NA,NA,NA,2117,198,0,26158,2247,0
2020-05-01,Brazil,210147125,Sao Paulo,45919049,NA,NA,NA,NA,1676,136,0,30374,2511,0
2020-05-03,Brazil,210147125,Sao Paulo,45919049,NA,NA,NA,NA,598,41,0,31772,2627,0
2020-05-05,Brazil,210147125,Sao Paulo,45919049,NA,NA,NA,NA,1866,197,0,34053,2851,0
2020-05-07,Brazil,210147125,Sao Paulo,45919049,NA,NA,NA,NA,2075,161,0,39928,3206,0
2020-05-09,Brazil,210147125,Sao Paulo,45919049,NA,NA,NA,NA,2581,192,0,44411,3608,0
2020-05-11,Brazil,210147125,Sao Paulo,45919049,NA,NA,NA,NA,687,34,0,46131,3743,0
2020-05-13,Brazil,210147125,Sao Paulo,45919049,NA,NA,NA,NA,3378,169,0,51097,4118,0
2020-05-15,Brazil,210147125,Sao Paulo,45919049,NA,NA,NA,NA,4092,186,0,58378,4501,0
2020-05-17,Brazil,210147125,Sao Paulo,45919049,NA,NA,NA,NA,1162,94,0,62345,4782,0
2020-05-19,Brazil,210147125,Sao Paulo,45919049,NA,NA,NA,NA,2929,324,0,65995,5147,0
2020-05-21,Brazil,210147125,Sao Paulo,45919049,NA,NA,NA,NA,3880,195,0,73739,5558,0
2020-05-23,Brazil,210147125,Sao Paulo,45919049,NA,NA,NA,NA,3687,272,0,80558,6045,0
2020-05-25,Brazil,210147125,Sao Paulo,45919049,NA,NA,NA,NA,1464,57,0,83625,6220,0
2020-05-27,Brazil,210147125,Sao Paulo,45919049,NA,NA,NA,NA,3466,289,0,89483,6712,0
2020-05-29,Brazil,210147125,Sao Paulo,45919049,NA,NA,NA,NA,5691,295,0,101556,7275,0
2020-05-31,Brazil,210147125,Sao Paulo,45919049,NA,NA,NA,NA,2556,83,0,109698,7615,0
2020-06-02,Brazil,210147125,Sao Paulo,45919049,NA,NA,NA,NA,6999,327,0,118295,7994,0
2020-06-04,Brazil,210147125,Sao Paulo,45919049,NA,NA,NA,NA,5717,284,0,129200,8560,0
2020-06-06,Brazil,210147125,Sao Paulo,45919049,NA,NA,NA,NA,5984,216,0,140549,9058,0
2020-06-08,Brazil,210147125,Sao Paulo,45919049,NA,NA,NA,NA,1520,43,0,144593,9188,0
2020-06-10,Brazil,210147125,Sao Paulo,45919049,NA,NA,NA,NA,6178,340,0,156316,9862,0
2020-06-12,Brazil,210147125,Sao Paulo,45919049,NA,NA,NA,NA,5380,223,0,167900,10368,0
2020-06-14,Brazil,210147125,Sao Paulo,45919049,NA,NA,NA,NA,5327,113,0,178202,10694,0
2020-06-16,Brazil,210147125,Sao Paulo,45919049,NA,NA,NA,NA,8825,365,0,190285,11132,0
2020-06-18,Brazil,210147125,Sao Paulo,45919049,NA,NA,NA,NA,1111,325,0,192628,11846,0
2020-06-20,Brazil,210147125,Sao Paulo,45919049,NA,NA,NA,NA,4135,262,0,215793,12494,0
2020-06-22,Brazil,210147125,Sao Paulo,45919049,NA,NA,NA,NA,2788,46,0,221973,12634,0
2020-06-24,Brazil,210147125,Sao Paulo,45919049,NA,NA,NA,NA,9347,284,0,238822,13352,0
2020-06-26,Brazil,210147125,Sao Paulo,45919049,NA,NA,NA,NA,9921,207,0,258508,13966,0
2020-06-28,Brazil,210147125,Sao Paulo,45919049,NA,NA,NA,NA,6156,75,0,271737,14338,0
2020-06-30,Brazil,210147125,Sao Paulo,45919049,NA,NA,NA,NA,6235,365,0,281380,14763,0
2020-07-02,Brazil,210147125,Sao Paulo,45919049,NA,NA,NA,NA,12244,321,0,302179,15351,0
2020-07-04,Brazil,210147125,Sao Paulo,45919049,NA,NA,NA,NA,1828,302,0,312530,15996,0
2020-07-06,Brazil,210147125,Sao Paulo,45919049,NA,NA,NA,NA,2891,56,0,323070,16134,0
2020-07-08,Brazil,210147125,Sao Paulo,45919049,NA,NA,NA,NA,8657,313,0,341365,16788,0
2020-07-10,Brazil,210147125,Sao Paulo,45919049,NA,NA,NA,NA,9395,324,0,359110,17442,0
2020-07-12,Brazil,210147125,Sao Paulo,45919049,NA,NA,NA,NA,5107,146,0,371997,17848,0
2020-07-14,Brazil,210147125,Sao Paulo,45919049,NA,NA,NA,NA,12000,417,0,386607,18324,0
2020-07-16,Brazil,210147125,Sao Paulo,45919049,NA,NA,NA,NA,8872,398,0,402048,19038,0
2020-07-18,Brazil,210147125,Sao Paulo,45919049,NA,NA,NA,NA,4612,270,0,412027,19647,0
2020-07-20,Brazil,210147125,Sao Paulo,45919049,NA,NA,NA,NA,1385,56,0,416434,19788,0
2020-07-22,Brazil,210147125,Sao Paulo,45919049,NA,NA,NA,NA,16777,361,0,439446,20532,0
2020-07-24,Brazil,210147125,Sao Paulo,45919049,NA,NA,NA,NA,11211,312,0,463218,21206,0
2020-07-26,Brazil,210147125,Sao Paulo,45919049,NA,NA,NA,NA,4501,89,0,483982,21606,0
2020-07-28,Brazil,210147125,Sao Paulo,45919049,NA,NA,NA,NA,0,0,0,487654,21676,0
2020-07-30,Brazil,210147125,Sao Paulo,45919049,NA,NA,NA,NA,14809,321,0,529006,22710,0
2020-08-01,Brazil,210147125,Sao Paulo,45919049,NA,NA,NA,NA,0,0,0,542304,22997,0
2020-08-03,Brazil,210147125,Sao Paulo,45919049,NA,NA,NA,NA,0,0,0,542304,22997,0
2020-08-05,Brazil,210147125,Sao Paulo,45919049,NA,NA,NA,NA,42961,1112,0,585265,24109,0
2020-08-07,Brazil,210147125,Sao Paulo,45919049,NA,NA,NA,NA,9709,287,0,608379,24735,0
2020-08-09,Brazil,210147125,Sao Paulo,45919049,NA,NA,NA,NA,5395,98,0,627126,25114,0
2020-08-11,Brazil,210147125,Sao Paulo,45919049,NA,NA,NA,NA,11147,420,0,639562,25571,0
2020-08-13,Brazil,210147125,Sao Paulo,45919049,NA,NA,NA,NA,19274,455,0,674455,26324,0
2020-08-15,Brazil,210147125,Sao Paulo,45919049,NA,NA,NA,NA,11408,167,0,697530,26780,0
2020-02-26,Brazil,210147125,Sergipe,2298696,NA,NA,NA,NA,0,NA,NA,0,0,0
2020-02-28,Brazil,210147125,Sergipe,2298696,NA,NA,NA,NA,0,0,0,0,0,0
2020-03-01,Brazil,210147125,Sergipe,2298696,NA,NA,NA,NA,0,0,0,0,0,0
2020-03-03,Brazil,210147125,Sergipe,2298696,NA,NA,NA,NA,0,0,0,0,0,0
2020-03-05,Brazil,210147125,Sergipe,2298696,NA,NA,NA,NA,0,0,0,0,0,0
2020-03-07,Brazil,210147125,Sergipe,2298696,NA,NA,NA,NA,0,0,0,0,0,0
2020-03-09,Brazil,210147125,Sergipe,2298696,NA,NA,NA,NA,0,0,0,0,0,0
2020-03-11,Brazil,210147125,Sergipe,2298696,NA,NA,NA,NA,0,0,0,0,0,0
2020-03-13,Brazil,210147125,Sergipe,2298696,NA,NA,NA,NA,0,0,0,0,0,0
2020-03-15,Brazil,210147125,Sergipe,2298696,NA,NA,NA,NA,1,0,0,1,0,0
2020-03-17,Brazil,210147125,Sergipe,2298696,NA,NA,NA,NA,3,0,0,4,0,0
2020-03-19,Brazil,210147125,Sergipe,2298696,NA,NA,NA,NA,1,0,0,6,0,0
2020-03-21,Brazil,210147125,Sergipe,2298696,NA,NA,NA,NA,4,0,0,10,0,0
2020-03-23,Brazil,210147125,Sergipe,2298696,NA,NA,NA,NA,0,0,0,10,0,0
2020-03-25,Brazil,210147125,Sergipe,2298696,NA,NA,NA,NA,1,0,0,16,0,0
2020-03-27,Brazil,210147125,Sergipe,2298696,NA,NA,NA,NA,0,0,0,16,0,0
2020-03-29,Brazil,210147125,Sergipe,2298696,NA,NA,NA,NA,0,0,0,16,0,0
2020-03-31,Brazil,210147125,Sergipe,2298696,NA,NA,NA,NA,3,0,0,19,0,0
2020-04-02,Brazil,210147125,Sergipe,2298696,NA,NA,NA,NA,3,2,0,23,2,0
2020-04-04,Brazil,210147125,Sergipe,2298696,NA,NA,NA,NA,2,0,0,27,2,0
2020-04-06,Brazil,210147125,Sergipe,2298696,NA,NA,NA,NA,0,1,0,32,4,0
2020-04-08,Brazil,210147125,Sergipe,2298696,NA,NA,NA,NA,0,0,0,36,4,0
2020-04-10,Brazil,210147125,Sergipe,2298696,NA,NA,NA,NA,3,0,0,42,4,0
2020-04-12,Brazil,210147125,Sergipe,2298696,NA,NA,NA,NA,2,0,0,44,4,0
2020-04-14,Brazil,210147125,Sergipe,2298696,NA,NA,NA,NA,1,0,0,45,4,0
2020-04-16,Brazil,210147125,Sergipe,2298696,NA,NA,NA,NA,2,0,0,48,4,0
2020-04-18,Brazil,210147125,Sergipe,2298696,NA,NA,NA,NA,18,1,0,71,5,0
2020-04-20,Brazil,210147125,Sergipe,2298696,NA,NA,NA,NA,3,0,0,86,5,0
2020-04-22,Brazil,210147125,Sergipe,2298696,NA,NA,NA,NA,25,2,0,117,7,0
2020-04-24,Brazil,210147125,Sergipe,2298696,NA,NA,NA,NA,20,0,0,144,8,0
2020-04-26,Brazil,210147125,Sergipe,2298696,NA,NA,NA,NA,6,0,0,159,9,0
2020-04-28,Brazil,210147125,Sergipe,2298696,NA,NA,NA,NA,83,1,0,280,11,0
2020-04-30,Brazil,210147125,Sergipe,2298696,NA,NA,NA,NA,110,0,0,447,12,0
2020-05-02,Brazil,210147125,Sergipe,2298696,NA,NA,NA,NA,84,0,0,601,14,0
2020-05-04,Brazil,210147125,Sergipe,2298696,NA,NA,NA,NA,42,3,0,772,17,0
2020-05-06,Brazil,210147125,Sergipe,2298696,NA,NA,NA,NA,100,2,0,998,23,0
2020-05-08,Brazil,210147125,Sergipe,2298696,NA,NA,NA,NA,224,3,0,1438,28,0
2020-05-10,Brazil,210147125,Sergipe,2298696,NA,NA,NA,NA,183,1,0,1771,34,0
2020-05-12,Brazil,210147125,Sergipe,2298696,NA,NA,NA,NA,232,0,0,2032,37,0
2020-05-14,Brazil,210147125,Sergipe,2298696,NA,NA,NA,NA,226,5,0,2494,47,0
2020-05-16,Brazil,210147125,Sergipe,2298696,NA,NA,NA,NA,267,3,0,3135,53,0
2020-05-18,Brazil,210147125,Sergipe,2298696,NA,NA,NA,NA,223,2,0,3566,59,0
2020-05-20,Brazil,210147125,Sergipe,2298696,NA,NA,NA,NA,310,6,0,4277,69,0
2020-05-22,Brazil,210147125,Sergipe,2298696,NA,NA,NA,NA,188,6,0,4922,82,0
2020-05-24,Brazil,210147125,Sergipe,2298696,NA,NA,NA,NA,183,7,0,5314,93,0
2020-05-26,Brazil,210147125,Sergipe,2298696,NA,NA,NA,NA,287,13,0,5735,116,0
2020-05-28,Brazil,210147125,Sergipe,2298696,NA,NA,NA,NA,244,8,0,6156,135,0
2020-05-30,Brazil,210147125,Sergipe,2298696,NA,NA,NA,NA,343,7,0,6805,149,0
2020-06-01,Brazil,210147125,Sergipe,2298696,NA,NA,NA,NA,234,8,0,7233,166,0
2020-06-03,Brazil,210147125,Sergipe,2298696,NA,NA,NA,NA,434,8,0,7989,180,0
2020-06-05,Brazil,210147125,Sergipe,2298696,NA,NA,NA,NA,377,12,0,8577,198,0
2020-06-07,Brazil,210147125,Sergipe,2298696,NA,NA,NA,NA,318,9,0,9290,217,0
2020-06-09,Brazil,210147125,Sergipe,2298696,NA,NA,NA,NA,399,18,0,10126,252,0
2020-06-11,Brazil,210147125,Sergipe,2298696,NA,NA,NA,NA,441,19,0,11056,283,0
2020-06-13,Brazil,210147125,Sergipe,2298696,NA,NA,NA,NA,1332,11,0,12866,316,0
2020-06-15,Brazil,210147125,Sergipe,2298696,NA,NA,NA,NA,1707,22,0,15675,352,0
2020-06-17,Brazil,210147125,Sergipe,2298696,NA,NA,NA,NA,497,19,0,16807,383,0
2020-06-19,Brazil,210147125,Sergipe,2298696,NA,NA,NA,NA,470,26,0,17808,426,0
2020-06-21,Brazil,210147125,Sergipe,2298696,NA,NA,NA,NA,536,14,0,18985,462,0
2020-06-23,Brazil,210147125,Sergipe,2298696,NA,NA,NA,NA,499,20,0,19883,511,0
2020-06-25,Brazil,210147125,Sergipe,2298696,NA,NA,NA,NA,728,30,0,21081,554,0
2020-06-27,Brazil,210147125,Sergipe,2298696,NA,NA,NA,NA,1411,26,0,23319,605,0
2020-06-29,Brazil,210147125,Sergipe,2298696,NA,NA,NA,NA,396,33,0,24817,653,0
2020-07-01,Brazil,210147125,Sergipe,2298696,NA,NA,NA,NA,504,25,0,25915,701,0
2020-07-03,Brazil,210147125,Sergipe,2298696,NA,NA,NA,NA,1574,39,0,28186,764,0
2020-07-05,Brazil,210147125,Sergipe,2298696,NA,NA,NA,NA,456,15,0,30217,798,0
2020-07-07,Brazil,210147125,Sergipe,2298696,NA,NA,NA,NA,922,25,0,31640,851,0
2020-07-09,Brazil,210147125,Sergipe,2298696,NA,NA,NA,NA,926,26,0,33416,901,0
2020-07-11,Brazil,210147125,Sergipe,2298696,NA,NA,NA,NA,1333,23,0,36046,954,0
2020-07-13,Brazil,210147125,Sergipe,2298696,NA,NA,NA,NA,590,28,0,38221,1012,0
2020-07-15,Brazil,210147125,Sergipe,2298696,NA,NA,NA,NA,972,21,0,40139,1054,0
2020-07-17,Brazil,210147125,Sergipe,2298696,NA,NA,NA,NA,662,17,0,41888,1088,0
2020-07-19,Brazil,210147125,Sergipe,2298696,NA,NA,NA,NA,2171,14,0,45243,1125,0
2020-07-21,Brazil,210147125,Sergipe,2298696,NA,NA,NA,NA,1051,26,0,47110,1182,0
2020-07-23,Brazil,210147125,Sergipe,2298696,NA,NA,NA,NA,1257,36,0,49397,1247,0
2020-07-25,Brazil,210147125,Sergipe,2298696,NA,NA,NA,NA,1132,19,0,52264,1303,0
2020-07-27,Brazil,210147125,Sergipe,2298696,NA,NA,NA,NA,1009,26,0,53612,1340,0
2020-07-29,Brazil,210147125,Sergipe,2298696,NA,NA,NA,NA,1205,31,0,56214,1390,0
2020-07-31,Brazil,210147125,Sergipe,2298696,NA,NA,NA,NA,1029,26,0,58713,1434,0
2020-08-02,Brazil,210147125,Sergipe,2298696,NA,NA,NA,NA,0,0,0,58713,1434,0
2020-08-04,Brazil,210147125,Sergipe,2298696,NA,NA,NA,NA,0,0,0,58713,1434,0
2020-08-06,Brazil,210147125,Sergipe,2298696,NA,NA,NA,NA,858,12,0,62844,1537,0
2020-08-08,Brazil,210147125,Sergipe,2298696,NA,NA,NA,NA,543,19,0,64271,1577,0
2020-08-10,Brazil,210147125,Sergipe,2298696,NA,NA,NA,NA,281,25,0,64974,1614,0
2020-08-12,Brazil,210147125,Sergipe,2298696,NA,NA,NA,NA,410,20,0,65865,1653,0
2020-08-14,Brazil,210147125,Sergipe,2298696,NA,NA,NA,NA,415,14,0,67225,1684,0
2020-02-25,Brazil,210147125,Tocantins,1572866,NA,NA,NA,NA,NA,NA,NA,0,0,0
2020-02-27,Brazil,210147125,Tocantins,1572866,NA,NA,NA,NA,0,0,0,0,0,0
2020-02-29,Brazil,210147125,Tocantins,1572866,NA,NA,NA,NA,0,0,0,0,0,0
2020-03-02,Brazil,210147125,Tocantins,1572866,NA,NA,NA,NA,0,0,0,0,0,0
2020-03-04,Brazil,210147125,Tocantins,1572866,NA,NA,NA,NA,0,0,0,0,0,0
2020-03-06,Brazil,210147125,Tocantins,1572866,NA,NA,NA,NA,0,0,0,0,0,0
2020-03-08,Brazil,210147125,Tocantins,1572866,NA,NA,NA,NA,0,0,0,0,0,0
2020-03-10,Brazil,210147125,Tocantins,1572866,NA,NA,NA,NA,0,0,0,0,0,0
2020-03-12,Brazil,210147125,Tocantins,1572866,NA,NA,NA,NA,0,0,0,0,0,0
2020-03-14,Brazil,210147125,Tocantins,1572866,NA,NA,NA,NA,0,0,0,0,0,0
2020-03-16,Brazil,210147125,Tocantins,1572866,NA,NA,NA,NA,0,0,0,0,0,0
2020-03-18,Brazil,210147125,Tocantins,1572866,NA,NA,NA,NA,0,0,0,0,0,0
2020-03-20,Brazil,210147125,Tocantins,1572866,NA,NA,NA,NA,0,0,0,1,0,0
2020-03-22,Brazil,210147125,Tocantins,1572866,NA,NA,NA,NA,0,0,0,2,0,0
2020-03-24,Brazil,210147125,Tocantins,1572866,NA,NA,NA,NA,2,0,0,7,0,0
2020-03-26,Brazil,210147125,Tocantins,1572866,NA,NA,NA,NA,0,0,0,7,0,0
2020-03-28,Brazil,210147125,Tocantins,1572866,NA,NA,NA,NA,1,0,0,9,0,0
2020-03-30,Brazil,210147125,Tocantins,1572866,NA,NA,NA,NA,1,0,0,10,0,0
2020-04-01,Brazil,210147125,Tocantins,1572866,NA,NA,NA,NA,1,0,0,12,0,0
2020-04-03,Brazil,210147125,Tocantins,1572866,NA,NA,NA,NA,0,0,0,12,0,0
2020-04-05,Brazil,210147125,Tocantins,1572866,NA,NA,NA,NA,3,0,0,17,0,0
2020-04-07,Brazil,210147125,Tocantins,1572866,NA,NA,NA,NA,2,0,0,19,0,0
2020-04-09,Brazil,210147125,Tocantins,1572866,NA,NA,NA,NA,0,0,0,23,0,0
2020-04-11,Brazil,210147125,Tocantins,1572866,NA,NA,NA,NA,0,0,0,23,0,0
2020-04-13,Brazil,210147125,Tocantins,1572866,NA,NA,NA,NA,1,0,0,26,0,0
2020-04-15,Brazil,210147125,Tocantins,1572866,NA,NA,NA,NA,0,1,0,26,1,0
2020-04-17,Brazil,210147125,Tocantins,1572866,NA,NA,NA,NA,2,0,0,31,1,0
2020-04-19,Brazil,210147125,Tocantins,1572866,NA,NA,NA,NA,0,0,0,33,1,0
2020-04-21,Brazil,210147125,Tocantins,1572866,NA,NA,NA,NA,3,0,0,37,1,0
2020-04-23,Brazil,210147125,Tocantins,1572866,NA,NA,NA,NA,0,1,0,37,2,0
2020-04-25,Brazil,210147125,Tocantins,1572866,NA,NA,NA,NA,7,0,0,50,2,0
2020-04-27,Brazil,210147125,Tocantins,1572866,NA,NA,NA,NA,9,0,0,67,2,0
2020-04-29,Brazil,210147125,Tocantins,1572866,NA,NA,NA,NA,37,1,0,116,3,0
2020-05-01,Brazil,210147125,Tocantins,1572866,NA,NA,NA,NA,27,0,0,164,3,0
2020-05-03,Brazil,210147125,Tocantins,1572866,NA,NA,NA,NA,55,0,0,246,4,0
2020-05-05,Brazil,210147125,Tocantins,1572866,NA,NA,NA,NA,36,1,0,303,7,0
2020-05-07,Brazil,210147125,Tocantins,1572866,NA,NA,NA,NA,72,0,0,423,9,0
2020-05-09,Brazil,210147125,Tocantins,1572866,NA,NA,NA,NA,78,0,0,572,9,0
2020-05-11,Brazil,210147125,Tocantins,1572866,NA,NA,NA,NA,59,1,0,747,12,0
2020-05-13,Brazil,210147125,Tocantins,1572866,NA,NA,NA,NA,104,7,0,932,21,0
2020-05-15,Brazil,210147125,Tocantins,1572866,NA,NA,NA,NA,150,1,0,1179,24,0
2020-05-17,Brazil,210147125,Tocantins,1572866,NA,NA,NA,NA,103,4,0,1382,31,0
2020-05-19,Brazil,210147125,Tocantins,1572866,NA,NA,NA,NA,150,6,0,1646,38,0
2020-05-21,Brazil,210147125,Tocantins,1572866,NA,NA,NA,NA,167,5,0,1976,47,0
2020-05-23,Brazil,210147125,Tocantins,1572866,NA,NA,NA,NA,225,2,0,2430,51,0
2020-05-25,Brazil,210147125,Tocantins,1572866,NA,NA,NA,NA,105,6,0,2696,58,0
2020-05-27,Brazil,210147125,Tocantins,1572866,NA,NA,NA,NA,165,1,0,3023,65,0
2020-05-29,Brazil,210147125,Tocantins,1572866,NA,NA,NA,NA,334,2,0,3611,70,0
2020-05-31,Brazil,210147125,Tocantins,1572866,NA,NA,NA,NA,195,2,0,4176,73,0
2020-06-02,Brazil,210147125,Tocantins,1572866,NA,NA,NA,NA,138,3,0,4483,79,0
2020-06-04,Brazil,210147125,Tocantins,1572866,NA,NA,NA,NA,183,5,0,4881,87,0
2020-06-06,Brazil,210147125,Tocantins,1572866,NA,NA,NA,NA,323,7,0,5505,96,0
2020-06-08,Brazil,210147125,Tocantins,1572866,NA,NA,NA,NA,163,9,0,5807,108,0
2020-06-10,Brazil,210147125,Tocantins,1572866,NA,NA,NA,NA,205,6,0,6257,120,0
2020-06-12,Brazil,210147125,Tocantins,1572866,NA,NA,NA,NA,215,4,0,6744,128,0
2020-06-14,Brazil,210147125,Tocantins,1572866,NA,NA,NA,NA,41,2,0,6972,132,0
2020-06-16,Brazil,210147125,Tocantins,1572866,NA,NA,NA,NA,172,4,0,7309,140,0
2020-06-18,Brazil,210147125,Tocantins,1572866,NA,NA,NA,NA,201,3,0,7774,152,0
2020-06-20,Brazil,210147125,Tocantins,1572866,NA,NA,NA,NA,247,8,0,8203,167,0
2020-06-22,Brazil,210147125,Tocantins,1572866,NA,NA,NA,NA,123,3,0,8477,178,0
2020-06-24,Brazil,210147125,Tocantins,1572866,NA,NA,NA,NA,332,2,0,9098,181,0
2020-06-26,Brazil,210147125,Tocantins,1572866,NA,NA,NA,NA,256,3,0,9681,186,0
2020-06-28,Brazil,210147125,Tocantins,1572866,NA,NA,NA,NA,262,1,0,10228,192,0
2020-06-30,Brazil,210147125,Tocantins,1572866,NA,NA,NA,NA,405,5,0,10764,200,0
2020-07-02,Brazil,210147125,Tocantins,1572866,NA,NA,NA,NA,232,5,0,11454,209,0
2020-07-04,Brazil,210147125,Tocantins,1572866,NA,NA,NA,NA,546,4,0,12282,215,0
2020-07-06,Brazil,210147125,Tocantins,1572866,NA,NA,NA,NA,165,4,0,12640,224,0
2020-07-08,Brazil,210147125,Tocantins,1572866,NA,NA,NA,NA,436,5,0,13440,233,0
2020-07-10,Brazil,210147125,Tocantins,1572866,NA,NA,NA,NA,664,5,0,14509,245,0
2020-07-12,Brazil,210147125,Tocantins,1572866,NA,NA,NA,NA,193,4,0,15132,255,0
2020-07-14,Brazil,210147125,Tocantins,1572866,NA,NA,NA,NA,416,8,0,15723,267,0
2020-07-16,Brazil,210147125,Tocantins,1572866,NA,NA,NA,NA,641,7,0,16672,278,0
2020-07-18,Brazil,210147125,Tocantins,1572866,NA,NA,NA,NA,255,5,0,17209,288,0
2020-07-20,Brazil,210147125,Tocantins,1572866,NA,NA,NA,NA,125,5,0,17898,299,0
2020-07-22,Brazil,210147125,Tocantins,1572866,NA,NA,NA,NA,496,7,0,18850,315,0
2020-07-24,Brazil,210147125,Tocantins,1572866,NA,NA,NA,NA,542,8,0,19965,334,0
2020-07-26,Brazil,210147125,Tocantins,1572866,NA,NA,NA,NA,847,6,0,21767,346,0
2020-07-28,Brazil,210147125,Tocantins,1572866,NA,NA,NA,NA,745,7,0,22851,357,0
2020-07-30,Brazil,210147125,Tocantins,1572866,NA,NA,NA,NA,761,4,0,24278,368,0
2020-08-01,Brazil,210147125,Tocantins,1572866,NA,NA,NA,NA,0,0,0,24824,381,0
2020-08-03,Brazil,210147125,Tocantins,1572866,NA,NA,NA,NA,0,0,0,24824,381,0
2020-08-05,Brazil,210147125,Tocantins,1572866,NA,NA,NA,NA,3488,34,0,28312,415,0
2020-08-07,Brazil,210147125,Tocantins,1572866,NA,NA,NA,NA,819,9,0,30358,437,0
2020-08-09,Brazil,210147125,Tocantins,1572866,NA,NA,NA,NA,560,7,0,31663,451,0
2020-08-11,Brazil,210147125,Tocantins,1572866,NA,NA,NA,NA,758,13,0,33047,474,0
2020-08-13,Brazil,210147125,Tocantins,1572866,NA,NA,NA,NA,643,11,0,34409,493,0
2020-08-15,Brazil,210147125,Tocantins,1572866,NA,NA,NA,NA,1075,6,0,36478,506,0
2020-02-25,Colombia,48258134,Amazonas,76589,NA,NA,NA,NA,NA,NA,NA,0,0,0
2020-02-27,Colombia,48258134,Amazonas,76589,NA,NA,NA,NA,0,0,0,0,0,0
2020-02-29,Colombia,48258134,Amazonas,76589,NA,NA,NA,NA,0,0,0,0,0,0
2020-03-02,Colombia,48258134,Amazonas,76589,NA,NA,NA,NA,0,0,0,0,0,0
2020-03-04,Colombia,48258134,Amazonas,76589,NA,NA,NA,NA,0,0,0,0,0,0
2020-03-06,Colombia,48258134,Amazonas,76589,NA,NA,NA,NA,0,0,0,0,0,0
2020-03-08,Colombia,48258134,Amazonas,76589,NA,NA,NA,NA,0,0,0,0,0,0
2020-03-10,Colombia,48258134,Amazonas,76589,NA,NA,NA,NA,0,0,0,0,0,0
2020-03-12,Colombia,48258134,Amazonas,76589,NA,NA,NA,NA,0,0,0,0,0,0
2020-03-14,Colombia,48258134,Amazonas,76589,NA,NA,NA,NA,0,0,0,0,0,0
2020-03-16,Colombia,48258134,Amazonas,76589,NA,NA,NA,NA,0,0,0,0,0,0
2020-03-18,Colombia,48258134,Amazonas,76589,NA,NA,NA,NA,0,0,0,0,0,0
2020-03-20,Colombia,48258134,Amazonas,76589,NA,NA,NA,NA,0,0,0,0,0,0
2020-03-22,Colombia,48258134,Amazonas,76589,NA,NA,NA,NA,0,0,0,0,0,0
2020-03-24,Colombia,48258134,Amazonas,76589,NA,NA,NA,NA,0,0,0,0,0,0
2020-03-26,Colombia,48258134,Amazonas,76589,NA,NA,NA,NA,0,0,0,0,0,0
2020-03-28,Colombia,48258134,Amazonas,76589,NA,NA,NA,NA,0,0,0,0,0,0
2020-03-30,Colombia,48258134,Amazonas,76589,NA,NA,NA,NA,0,0,0,0,0,0
2020-04-01,Colombia,48258134,Amazonas,76589,NA,NA,NA,NA,0,0,0,0,0,0
2020-04-03,Colombia,48258134,Amazonas,76589,NA,NA,NA,NA,0,0,0,0,0,0
2020-04-05,Colombia,48258134,Amazonas,76589,NA,NA,NA,NA,0,0,0,0,0,0
2020-04-07,Colombia,48258134,Amazonas,76589,NA,NA,NA,NA,0,0,0,0,0,0
2020-04-09,Colombia,48258134,Amazonas,76589,NA,NA,NA,NA,0,0,0,0,0,0
2020-04-11,Colombia,48258134,Amazonas,76589,NA,NA,NA,NA,0,0,0,0,0,0
2020-04-13,Colombia,48258134,Amazonas,76589,NA,NA,NA,NA,0,0,0,0,0,0
2020-04-15,Colombia,48258134,Amazonas,76589,NA,NA,NA,NA,0,0,0,0,0,0
2020-04-17,Colombia,48258134,Amazonas,76589,NA,NA,NA,NA,1,0,0,1,0,0
2020-04-19,Colombia,48258134,Amazonas,76589,NA,NA,NA,NA,0,1,0,4,1,0
2020-04-21,Colombia,48258134,Amazonas,76589,NA,NA,NA,NA,2,0,0,6,2,0
2020-04-23,Colombia,48258134,Amazonas,76589,NA,NA,NA,NA,6,1,0,12,3,0
2020-04-25,Colombia,48258134,Amazonas,76589,NA,NA,NA,NA,23,0,0,37,4,0
2020-04-27,Colombia,48258134,Amazonas,76589,NA,NA,NA,NA,0,0,0,40,5,0
2020-04-29,Colombia,48258134,Amazonas,76589,NA,NA,NA,NA,27,3,0,104,10,0
2020-05-01,Colombia,48258134,Amazonas,76589,NA,NA,NA,NA,1,0,0,105,15,0
2020-05-03,Colombia,48258134,Amazonas,76589,NA,NA,NA,NA,46,0,0,182,16,0
2020-05-05,Colombia,48258134,Amazonas,76589,NA,NA,NA,NA,1,3,0,230,19,0
2020-05-07,Colombia,48258134,Amazonas,76589,NA,NA,NA,NA,188,8,0,418,32,0
2020-05-09,Colombia,48258134,Amazonas,76589,NA,NA,NA,NA,3,0,0,433,34,0
2020-05-11,Colombia,48258134,Amazonas,76589,NA,NA,NA,NA,191,2,0,718,36,0
2020-05-13,Colombia,48258134,Amazonas,76589,NA,NA,NA,NA,128,4,0,871,41,0
2020-05-15,Colombia,48258134,Amazonas,76589,NA,NA,NA,NA,79,0,0,1003,43,0
2020-05-17,Colombia,48258134,Amazonas,76589,NA,NA,NA,NA,3,1,0,1007,44,0
2020-05-19,Colombia,48258134,Amazonas,76589,NA,NA,NA,NA,38,1,0,1221,49,0
2020-05-21,Colombia,48258134,Amazonas,76589,NA,NA,NA,NA,73,0,0,1385,49,0
2020-05-23,Colombia,48258134,Amazonas,76589,NA,NA,NA,NA,2,0,0,1388,55,0
2020-05-25,Colombia,48258134,Amazonas,76589,NA,NA,NA,NA,55,0,0,1505,56,0
2020-05-27,Colombia,48258134,Amazonas,76589,NA,NA,NA,NA,189,1,0,1723,59,0
2020-05-29,Colombia,48258134,Amazonas,76589,NA,NA,NA,NA,38,5,0,1800,64,0
2020-05-31,Colombia,48258134,Amazonas,76589,NA,NA,NA,NA,16,0,0,1850,65,0
2020-06-02,Colombia,48258134,Amazonas,76589,NA,NA,NA,NA,4,2,0,1854,67,0
2020-06-04,Colombia,48258134,Amazonas,76589,NA,NA,NA,NA,0,0,0,1900,70,0
2020-06-06,Colombia,48258134,Amazonas,76589,NA,NA,NA,NA,26,0,0,1980,71,0
2020-06-08,Colombia,48258134,Amazonas,76589,NA,NA,NA,NA,37,0,0,2029,74,0
2020-06-10,Colombia,48258134,Amazonas,76589,NA,NA,NA,NA,33,2,0,2066,76,0
2020-06-12,Colombia,48258134,Amazonas,76589,NA,NA,NA,NA,16,2,0,2091,78,0
2020-06-14,Colombia,48258134,Amazonas,76589,NA,NA,NA,NA,15,1,0,2126,79,0
2020-06-16,Colombia,48258134,Amazonas,76589,NA,NA,NA,NA,40,0,0,2171,79,0
2020-06-18,Colombia,48258134,Amazonas,76589,NA,NA,NA,NA,5,9,0,2184,88,0
2020-06-20,Colombia,48258134,Amazonas,76589,NA,NA,NA,NA,0,0,0,2192,88,0
2020-06-22,Colombia,48258134,Amazonas,76589,NA,NA,NA,NA,0,0,0,2204,88,0
2020-06-24,Colombia,48258134,Amazonas,76589,NA,NA,NA,NA,9,0,0,2220,89,0
2020-06-26,Colombia,48258134,Amazonas,76589,NA,NA,NA,NA,13,0,0,2241,89,0
2020-06-28,Colombia,48258134,Amazonas,76589,NA,NA,NA,NA,7,1,0,2259,90,0
2020-06-30,Colombia,48258134,Amazonas,76589,NA,NA,NA,NA,23,0,0,2300,90,0
2020-07-02,Colombia,48258134,Amazonas,76589,NA,NA,NA,NA,6,0,0,2325,90,0
2020-07-04,Colombia,48258134,Amazonas,76589,NA,NA,NA,NA,7,0,0,2335,90,0
2020-07-06,Colombia,48258134,Amazonas,76589,NA,NA,NA,NA,20,1,0,2384,101,0
2020-07-08,Colombia,48258134,Amazonas,76589,NA,NA,NA,NA,3,0,0,2394,101,0
2020-07-10,Colombia,48258134,Amazonas,76589,NA,NA,NA,NA,7,0,0,2406,101,0
2020-07-12,Colombia,48258134,Amazonas,76589,NA,NA,NA,NA,8,0,0,2419,101,0
2020-07-14,Colombia,48258134,Amazonas,76589,NA,NA,NA,NA,6,0,0,2434,101,0
2020-07-16,Colombia,48258134,Amazonas,76589,NA,NA,NA,NA,10,0,0,2444,101,0
2020-07-18,Colombia,48258134,Amazonas,76589,NA,NA,NA,NA,9,0,0,2455,101,0
2020-07-20,Colombia,48258134,Amazonas,76589,NA,NA,NA,NA,4,0,0,2459,101,0
2020-07-22,Colombia,48258134,Amazonas,76589,NA,NA,NA,NA,8,0,0,2467,101,0
2020-07-24,Colombia,48258134,Amazonas,76589,NA,NA,NA,NA,9,0,0,2480,101,0
2020-07-26,Colombia,48258134,Amazonas,76589,NA,NA,NA,NA,6,0,0,2504,101,0
2020-07-28,Colombia,48258134,Amazonas,76589,NA,NA,NA,NA,0,0,0,2507,101,0
2020-07-30,Colombia,48258134,Amazonas,76589,NA,NA,NA,NA,2,0,0,2510,101,0
2020-08-01,Colombia,48258134,Amazonas,76589,NA,NA,NA,NA,1,0,0,2511,101,0
2020-08-03,Colombia,48258134,Amazonas,76589,NA,NA,NA,NA,0,0,0,2513,101,0
2020-08-05,Colombia,48258134,Amazonas,76589,NA,NA,NA,NA,11,0,0,2524,101,0
2020-08-07,Colombia,48258134,Amazonas,76589,NA,NA,NA,NA,28,0,0,2565,101,0
2020-08-09,Colombia,48258134,Amazonas,76589,NA,NA,NA,NA,15,0,0,2599,101,0
2020-08-11,Colombia,48258134,Amazonas,76589,NA,NA,NA,NA,11,0,0,2626,101,0
2020-08-13,Colombia,48258134,Amazonas,76589,NA,NA,NA,NA,4,0,0,2643,101,0
2020-08-15,Colombia,48258134,Amazonas,76589,NA,NA,NA,NA,5,0,0,2654,109,0
2020-02-26,Colombia,48258134,Antioquia,6407102,NA,NA,NA,NA,NA,NA,NA,0,0,0
2020-02-28,Colombia,48258134,Antioquia,6407102,NA,NA,NA,NA,0,0,0,0,0,0
2020-03-01,Colombia,48258134,Antioquia,6407102,NA,NA,NA,NA,0,0,0,0,0,0
2020-03-03,Colombia,48258134,Antioquia,6407102,NA,NA,NA,NA,0,0,0,0,0,0
2020-03-05,Colombia,48258134,Antioquia,6407102,NA,NA,NA,NA,0,0,0,0,0,0
2020-03-07,Colombia,48258134,Antioquia,6407102,NA,NA,NA,NA,0,0,0,0,0,0
2020-03-09,Colombia,48258134,Antioquia,6407102,NA,NA,NA,NA,1,0,0,1,0,0
2020-03-11,Colombia,48258134,Antioquia,6407102,NA,NA,NA,NA,3,0,0,4,0,0
2020-03-13,Colombia,48258134,Antioquia,6407102,NA,NA,NA,NA,0,0,0,4,0,0
2020-03-15,Colombia,48258134,Antioquia,6407102,NA,NA,NA,NA,1,0,0,8,0,0
2020-03-17,Colombia,48258134,Antioquia,6407102,NA,NA,NA,NA,0,0,0,8,0,0
2020-03-19,Colombia,48258134,Antioquia,6407102,NA,NA,NA,NA,3,0,0,11,0,0
2020-03-21,Colombia,48258134,Antioquia,6407102,NA,NA,NA,NA,3,0,0,25,0,0
2020-03-23,Colombia,48258134,Antioquia,6407102,NA,NA,NA,NA,22,0,2,52,0,2
2020-03-25,Colombia,48258134,Antioquia,6407102,NA,NA,NA,NA,8,0,0,60,0,2
2020-03-27,Colombia,48258134,Antioquia,6407102,NA,NA,NA,NA,0,0,0,60,0,2
2020-03-29,Colombia,48258134,Antioquia,6407102,NA,NA,NA,NA,19,0,0,86,0,2
2020-03-31,Colombia,48258134,Antioquia,6407102,NA,NA,NA,NA,5,0,1,101,0,3
2020-04-02,Colombia,48258134,Antioquia,6407102,NA,NA,NA,NA,20,0,2,127,0,7
2020-04-04,Colombia,48258134,Antioquia,6407102,NA,NA,NA,NA,5,0,0,150,1,7
2020-04-06,Colombia,48258134,Antioquia,6407102,NA,NA,NA,NA,11,0,0,183,1,7
2020-04-08,Colombia,48258134,Antioquia,6407102,NA,NA,NA,NA,37,0,0,235,1,12
2020-04-10,Colombia,48258134,Antioquia,6407102,NA,NA,NA,NA,7,0,0,246,1,20
2020-04-12,Colombia,48258134,Antioquia,6407102,NA,NA,NA,NA,8,0,0,260,1,20
2020-04-14,Colombia,48258134,Antioquia,6407102,NA,NA,NA,NA,17,0,0,290,1,20
2020-04-16,Colombia,48258134,Antioquia,6407102,NA,NA,NA,NA,7,0,0,309,1,20
2020-04-18,Colombia,48258134,Antioquia,6407102,NA,NA,NA,NA,9,2,0,334,3,20
2020-04-20,Colombia,48258134,Antioquia,6407102,NA,NA,NA,NA,11,0,0,363,3,20
2020-04-22,Colombia,48258134,Antioquia,6407102,NA,NA,NA,NA,12,0,0,378,3,20
2020-04-24,Colombia,48258134,Antioquia,6407102,NA,NA,NA,NA,6,1,0,407,4,20
2020-04-26,Colombia,48258134,Antioquia,6407102,NA,NA,NA,NA,3,0,0,412,4,20
2020-04-28,Colombia,48258134,Antioquia,6407102,NA,NA,NA,NA,3,0,0,423,5,20
2020-04-30,Colombia,48258134,Antioquia,6407102,NA,NA,NA,NA,4,0,0,432,5,20
2020-05-02,Colombia,48258134,Antioquia,6407102,NA,NA,NA,NA,1,1,0,436,6,20
2020-05-04,Colombia,48258134,Antioquia,6407102,NA,NA,NA,NA,5,0,0,448,6,20
2020-05-06,Colombia,48258134,Antioquia,6407102,NA,NA,NA,NA,5,0,0,456,6,20
2020-05-08,Colombia,48258134,Antioquia,6407102,NA,NA,NA,NA,4,0,0,464,6,20
2020-05-10,Colombia,48258134,Antioquia,6407102,NA,NA,NA,NA,2,0,0,468,6,20
2020-05-12,Colombia,48258134,Antioquia,6407102,NA,NA,NA,NA,7,0,0,481,6,20
2020-05-14,Colombia,48258134,Antioquia,6407102,NA,NA,NA,NA,10,0,0,501,6,20
2020-05-16,Colombia,48258134,Antioquia,6407102,NA,NA,NA,NA,9,0,0,518,6,20
2020-05-18,Colombia,48258134,Antioquia,6407102,NA,NA,NA,NA,9,0,0,543,6,20
2020-05-20,Colombia,48258134,Antioquia,6407102,NA,NA,NA,NA,12,0,0,573,6,20
2020-05-22,Colombia,48258134,Antioquia,6407102,NA,NA,NA,NA,29,0,0,616,6,20
2020-05-24,Colombia,48258134,Antioquia,6407102,NA,NA,NA,NA,43,0,0,720,6,20
2020-05-26,Colombia,48258134,Antioquia,6407102,NA,NA,NA,NA,71,0,0,932,6,20
2020-05-28,Colombia,48258134,Antioquia,6407102,NA,NA,NA,NA,48,0,0,1005,6,20
2020-05-30,Colombia,48258134,Antioquia,6407102,NA,NA,NA,NA,35,0,0,1059,6,20
2020-06-01,Colombia,48258134,Antioquia,6407102,NA,NA,NA,NA,68,0,0,1171,6,20
2020-06-03,Colombia,48258134,Antioquia,6407102,NA,NA,NA,NA,60,0,0,1260,6,20
2020-06-05,Colombia,48258134,Antioquia,6407102,NA,NA,NA,NA,32,0,0,1360,6,20
2020-06-07,Colombia,48258134,Antioquia,6407102,NA,NA,NA,NA,67,0,0,1518,6,20
2020-06-09,Colombia,48258134,Antioquia,6407102,NA,NA,NA,NA,74,0,0,1647,6,20
2020-06-11,Colombia,48258134,Antioquia,6407102,NA,NA,NA,NA,27,3,0,1730,9,20
2020-06-13,Colombia,48258134,Antioquia,6407102,NA,NA,NA,NA,101,0,0,1882,9,20
2020-06-15,Colombia,48258134,Antioquia,6407102,NA,NA,NA,NA,127,1,0,2146,11,20
2020-06-17,Colombia,48258134,Antioquia,6407102,NA,NA,NA,NA,94,3,0,2366,14,20
2020-06-19,Colombia,48258134,Antioquia,6407102,NA,NA,NA,NA,160,0,0,2654,14,20
2020-06-21,Colombia,48258134,Antioquia,6407102,NA,NA,NA,NA,171,2,0,2923,17,20
2020-06-23,Colombia,48258134,Antioquia,6407102,NA,NA,NA,NA,90,1,0,3100,20,20
2020-06-25,Colombia,48258134,Antioquia,6407102,NA,NA,NA,NA,221,0,0,3463,24,20
2020-06-27,Colombia,48258134,Antioquia,6407102,NA,NA,NA,NA,218,0,0,3871,25,20
2020-06-29,Colombia,48258134,Antioquia,6407102,NA,NA,NA,NA,131,1,0,4220,26,20
2020-07-01,Colombia,48258134,Antioquia,6407102,NA,NA,NA,NA,229,17,0,4659,43,20
2020-07-03,Colombia,48258134,Antioquia,6407102,NA,NA,NA,NA,283,6,0,5261,55,20
2020-07-05,Colombia,48258134,Antioquia,6407102,NA,NA,NA,NA,314,6,0,5987,64,20
2020-07-07,Colombia,48258134,Antioquia,6407102,NA,NA,NA,NA,388,2,0,6772,73,20
2020-07-09,Colombia,48258134,Antioquia,6407102,NA,NA,NA,NA,579,17,0,7825,97,20
2020-07-11,Colombia,48258134,Antioquia,6407102,NA,NA,NA,NA,293,16,0,8744,128,20
2020-07-13,Colombia,48258134,Antioquia,6407102,NA,NA,NA,NA,329,26,0,9580,179,20
2020-07-15,Colombia,48258134,Antioquia,6407102,NA,NA,NA,NA,775,14,0,11346,210,20
2020-07-17,Colombia,48258134,Antioquia,6407102,NA,NA,NA,NA,1052,19,0,13331,253,20
2020-07-19,Colombia,48258134,Antioquia,6407102,NA,NA,NA,NA,959,27,0,15644,296,20
2020-07-21,Colombia,48258134,Antioquia,6407102,NA,NA,NA,NA,1850,31,0,18688,343,20
2020-07-23,Colombia,48258134,Antioquia,6407102,NA,NA,NA,NA,862,22,0,20610,385,20
2020-07-25,Colombia,48258134,Antioquia,6407102,NA,NA,NA,NA,1113,17,0,23033,427,20
2020-07-27,Colombia,48258134,Antioquia,6407102,NA,NA,NA,NA,1977,17,0,26119,468,20
2020-07-29,Colombia,48258134,Antioquia,6407102,NA,NA,NA,NA,1617,20,0,28844,515,20
2020-07-31,Colombia,48258134,Antioquia,6407102,NA,NA,NA,NA,2073,6,0,32760,561,20
2020-08-02,Colombia,48258134,Antioquia,6407102,NA,NA,NA,NA,2281,29,0,38028,666,20
2020-08-04,Colombia,48258134,Antioquia,6407102,NA,NA,NA,NA,1051,34,0,41981,760,20
2020-08-06,Colombia,48258134,Antioquia,6407102,NA,NA,NA,NA,1359,23,0,44733,851,20
2020-08-08,Colombia,48258134,Antioquia,6407102,NA,NA,NA,NA,1504,44,0,48341,935,20
2020-08-10,Colombia,48258134,Antioquia,6407102,NA,NA,NA,NA,2471,25,0,52416,1021,20
2020-08-12,Colombia,48258134,Antioquia,6407102,NA,NA,NA,NA,1656,45,0,55746,1110,20
2020-08-14,Colombia,48258134,Antioquia,6407102,NA,NA,NA,NA,1762,18,0,59122,1182,20
2020-02-25,Colombia,48258134,Arauca,262174,NA,NA,NA,NA,NA,NA,NA,0,0,0
2020-02-27,Colombia,48258134,Arauca,262174,NA,NA,NA,NA,0,0,0,0,0,0
2020-02-29,Colombia,48258134,Arauca,262174,NA,NA,NA,NA,0,0,0,0,0,0
2020-03-02,Colombia,48258134,Arauca,262174,NA,NA,NA,NA,0,0,0,0,0,0
2020-03-04,Colombia,48258134,Arauca,262174,NA,NA,NA,NA,0,0,0,0,0,0
2020-03-06,Colombia,48258134,Arauca,262174,NA,NA,NA,NA,0,0,0,0,0,0
2020-03-08,Colombia,48258134,Arauca,262174,NA,NA,NA,NA,0,0,0,0,0,0
2020-03-10,Colombia,48258134,Arauca,262174,NA,NA,NA,NA,0,0,0,0,0,0
2020-03-12,Colombia,48258134,Arauca,262174,NA,NA,NA,NA,0,0,0,0,0,0
2020-03-14,Colombia,48258134,Arauca,262174,NA,NA,NA,NA,0,0,0,0,0,0
2020-03-16,Colombia,48258134,Arauca,262174,NA,NA,NA,NA,0,0,0,0,0,0
2020-03-18,Colombia,48258134,Arauca,262174,NA,NA,NA,NA,0,0,0,0,0,0
2020-03-20,Colombia,48258134,Arauca,262174,NA,NA,NA,NA,0,0,0,0,0,0
2020-03-22,Colombia,48258134,Arauca,262174,NA,NA,NA,NA,0,0,0,0,0,0
2020-03-24,Colombia,48258134,Arauca,262174,NA,NA,NA,NA,0,0,0,0,0,0
2020-03-26,Colombia,48258134,Arauca,262174,NA,NA,NA,NA,0,0,0,0,0,0
2020-03-28,Colombia,48258134,Arauca,262174,NA,NA,NA,NA,0,0,0,0,0,0
2020-03-30,Colombia,48258134,Arauca,262174,NA,NA,NA,NA,0,0,0,0,0,0
2020-04-01,Colombia,48258134,Arauca,262174,NA,NA,NA,NA,0,0,0,0,0,0
2020-04-03,Colombia,48258134,Arauca,262174,NA,NA,NA,NA,0,0,0,0,0,0
2020-04-05,Colombia,48258134,Arauca,262174,NA,NA,NA,NA,0,0,0,0,0,0
2020-04-07,Colombia,48258134,Arauca,262174,NA,NA,NA,NA,0,0,0,0,0,0
2020-04-09,Colombia,48258134,Arauca,262174,NA,NA,NA,NA,0,0,0,0,0,0
2020-04-11,Colombia,48258134,Arauca,262174,NA,NA,NA,NA,0,0,0,0,0,0
2020-04-13,Colombia,48258134,Arauca,262174,NA,NA,NA,NA,0,0,0,0,0,0
2020-04-15,Colombia,48258134,Arauca,262174,NA,NA,NA,NA,0,0,0,0,0,0
2020-04-17,Colombia,48258134,Arauca,262174,NA,NA,NA,NA,0,0,0,0,0,0
2020-04-19,Colombia,48258134,Arauca,262174,NA,NA,NA,NA,0,0,0,0,0,0
2020-04-21,Colombia,48258134,Arauca,262174,NA,NA,NA,NA,0,0,0,0,0,0
2020-04-23,Colombia,48258134,Arauca,262174,NA,NA,NA,NA,0,0,0,0,0,0
2020-04-25,Colombia,48258134,Arauca,262174,NA,NA,NA,NA,0,0,0,0,0,0
2020-04-27,Colombia,48258134,Arauca,262174,NA,NA,NA,NA,0,0,0,0,0,0
2020-04-29,Colombia,48258134,Arauca,262174,NA,NA,NA,NA,0,0,0,0,0,0
2020-05-01,Colombia,48258134,Arauca,262174,NA,NA,NA,NA,0,0,0,0,0,0
2020-05-03,Colombia,48258134,Arauca,262174,NA,NA,NA,NA,0,0,0,0,0,0
2020-05-05,Colombia,48258134,Arauca,262174,NA,NA,NA,NA,0,0,0,0,0,0
2020-05-07,Colombia,48258134,Arauca,262174,NA,NA,NA,NA,0,0,0,0,0,0
2020-05-09,Colombia,48258134,Arauca,262174,NA,NA,NA,NA,0,0,0,0,0,0
2020-05-11,Colombia,48258134,Arauca,262174,NA,NA,NA,NA,0,0,0,0,0,0
2020-05-13,Colombia,48258134,Arauca,262174,NA,NA,NA,NA,0,0,0,1,0,0
2020-05-15,Colombia,48258134,Arauca,262174,NA,NA,NA,NA,0,0,0,1,0,0
2020-05-17,Colombia,48258134,Arauca,262174,NA,NA,NA,NA,0,0,0,1,0,0
2020-05-19,Colombia,48258134,Arauca,262174,NA,NA,NA,NA,0,0,0,1,0,0
2020-05-21,Colombia,48258134,Arauca,262174,NA,NA,NA,NA,0,0,0,1,0,0
2020-05-23,Colombia,48258134,Arauca,262174,NA,NA,NA,NA,0,0,0,1,0,0
2020-05-25,Colombia,48258134,Arauca,262174,NA,NA,NA,NA,0,0,0,1,0,0
2020-05-27,Colombia,48258134,Arauca,262174,NA,NA,NA,NA,0,0,0,1,0,0
2020-05-29,Colombia,48258134,Arauca,262174,NA,NA,NA,NA,0,0,0,1,0,0
2020-05-31,Colombia,48258134,Arauca,262174,NA,NA,NA,NA,0,0,0,1,0,0
2020-06-02,Colombia,48258134,Arauca,262174,NA,NA,NA,NA,0,0,0,1,0,0
2020-06-04,Colombia,48258134,Arauca,262174,NA,NA,NA,NA,1,0,0,2,0,0
2020-06-06,Colombia,48258134,Arauca,262174,NA,NA,NA,NA,0,0,0,2,0,0
2020-06-08,Colombia,48258134,Arauca,262174,NA,NA,NA,NA,0,0,0,2,0,0
2020-06-10,Colombia,48258134,Arauca,262174,NA,NA,NA,NA,0,0,0,2,0,0
2020-06-12,Colombia,48258134,Arauca,262174,NA,NA,NA,NA,1,0,0,3,0,0
2020-06-14,Colombia,48258134,Arauca,262174,NA,NA,NA,NA,1,0,0,5,0,0
2020-06-16,Colombia,48258134,Arauca,262174,NA,NA,NA,NA,0,0,0,46,0,0
2020-06-18,Colombia,48258134,Arauca,262174,NA,NA,NA,NA,5,0,0,51,0,0
2020-06-20,Colombia,48258134,Arauca,262174,NA,NA,NA,NA,2,0,0,55,0,0
2020-06-22,Colombia,48258134,Arauca,262174,NA,NA,NA,NA,9,0,0,70,0,0
2020-06-24,Colombia,48258134,Arauca,262174,NA,NA,NA,NA,4,0,0,76,0,0
2020-06-26,Colombia,48258134,Arauca,262174,NA,NA,NA,NA,0,0,0,76,0,0
2020-06-28,Colombia,48258134,Arauca,262174,NA,NA,NA,NA,0,0,0,76,0,0
2020-06-30,Colombia,48258134,Arauca,262174,NA,NA,NA,NA,0,0,0,76,0,0
2020-07-02,Colombia,48258134,Arauca,262174,NA,NA,NA,NA,2,0,0,82,0,0
2020-07-04,Colombia,48258134,Arauca,262174,NA,NA,NA,NA,14,0,0,96,0,0
2020-07-06,Colombia,48258134,Arauca,262174,NA,NA,NA,NA,0,0,0,96,0,0
2020-07-08,Colombia,48258134,Arauca,262174,NA,NA,NA,NA,0,0,0,129,0,0
2020-07-10,Colombia,48258134,Arauca,262174,NA,NA,NA,NA,6,0,0,141,0,0
2020-07-12,Colombia,48258134,Arauca,262174,NA,NA,NA,NA,0,0,0,141,0,0
2020-07-14,Colombia,48258134,Arauca,262174,NA,NA,NA,NA,0,0,0,147,0,0
2020-07-16,Colombia,48258134,Arauca,262174,NA,NA,NA,NA,1,0,0,161,0,0
2020-07-18,Colombia,48258134,Arauca,262174,NA,NA,NA,NA,0,0,0,161,0,0
2020-07-20,Colombia,48258134,Arauca,262174,NA,NA,NA,NA,5,1,0,170,1,0
2020-07-22,Colombia,48258134,Arauca,262174,NA,NA,NA,NA,2,0,0,173,1,0
2020-07-24,Colombia,48258134,Arauca,262174,NA,NA,NA,NA,0,1,0,174,3,0
2020-07-26,Colombia,48258134,Arauca,262174,NA,NA,NA,NA,0,0,0,181,3,0
2020-07-28,Colombia,48258134,Arauca,262174,NA,NA,NA,NA,2,0,0,183,3,0
2020-07-30,Colombia,48258134,Arauca,262174,NA,NA,NA,NA,2,0,0,202,3,0
2020-08-01,Colombia,48258134,Arauca,262174,NA,NA,NA,NA,6,0,0,219,3,0
2020-08-03,Colombia,48258134,Arauca,262174,NA,NA,NA,NA,7,0,0,246,5,0
2020-08-05,Colombia,48258134,Arauca,262174,NA,NA,NA,NA,3,0,0,251,5,0
2020-08-07,Colombia,48258134,Arauca,262174,NA,NA,NA,NA,26,0,0,331,5,0
2020-08-09,Colombia,48258134,Arauca,262174,NA,NA,NA,NA,155,0,0,490,5,0
2020-08-11,Colombia,48258134,Arauca,262174,NA,NA,NA,NA,14,0,0,509,5,0
2020-08-13,Colombia,48258134,Arauca,262174,NA,NA,NA,NA,39,5,0,550,10,0
2020-08-15,Colombia,48258134,Arauca,262174,NA,NA,NA,NA,4,0,0,560,10,0
2020-02-26,Colombia,48258134,Atlantico,2535517,NA,NA,NA,NA,NA,NA,NA,0,0,0
2020-02-28,Colombia,48258134,Atlantico,2535517,NA,NA,NA,NA,0,0,0,0,0,0
2020-03-01,Colombia,48258134,Atlantico,2535517,NA,NA,NA,NA,0,0,0,0,0,0
2020-03-03,Colombia,48258134,Atlantico,2535517,NA,NA,NA,NA,0,0,0,0,0,0
2020-03-05,Colombia,48258134,Atlantico,2535517,NA,NA,NA,NA,0,0,0,0,0,0
2020-03-07,Colombia,48258134,Atlantico,2535517,NA,NA,NA,NA,0,0,0,0,0,0
2020-03-09,Colombia,48258134,Atlantico,2535517,NA,NA,NA,NA,0,0,0,0,0,0
2020-03-11,Colombia,48258134,Atlantico,2535517,NA,NA,NA,NA,0,0,0,0,0,0
2020-03-13,Colombia,48258134,Atlantico,2535517,NA,NA,NA,NA,0,0,0,0,0,0
2020-03-15,Colombia,48258134,Atlantico,2535517,NA,NA,NA,NA,0,0,0,0,0,0
2020-03-17,Colombia,48258134,Atlantico,2535517,NA,NA,NA,NA,0,0,0,2,0,0
2020-03-19,Colombia,48258134,Atlantico,2535517,NA,NA,NA,NA,3,0,0,5,0,0
2020-03-21,Colombia,48258134,Atlantico,2535517,NA,NA,NA,NA,2,0,0,7,0,0
2020-03-23,Colombia,48258134,Atlantico,2535517,NA,NA,NA,NA,0,0,0,7,0,0
2020-03-25,Colombia,48258134,Atlantico,2535517,NA,NA,NA,NA,4,0,0,13,0,0
2020-03-27,Colombia,48258134,Atlantico,2535517,NA,NA,NA,NA,3,1,0,16,1,0
2020-03-29,Colombia,48258134,Atlantico,2535517,NA,NA,NA,NA,4,0,0,24,1,0
2020-03-31,Colombia,48258134,Atlantico,2535517,NA,NA,NA,NA,8,0,0,33,1,0
2020-04-02,Colombia,48258134,Atlantico,2535517,NA,NA,NA,NA,0,1,3,35,2,4
2020-04-04,Colombia,48258134,Atlantico,2535517,NA,NA,NA,NA,0,0,0,47,4,4
2020-04-06,Colombia,48258134,Atlantico,2535517,NA,NA,NA,NA,1,0,0,52,4,5
2020-04-08,Colombia,48258134,Atlantico,2535517,NA,NA,NA,NA,7,0,0,67,4,5
2020-04-10,Colombia,48258134,Atlantico,2535517,NA,NA,NA,NA,6,0,1,79,5,12
2020-04-12,Colombia,48258134,Atlantico,2535517,NA,NA,NA,NA,5,0,0,89,5,12
2020-04-14,Colombia,48258134,Atlantico,2535517,NA,NA,NA,NA,2,0,0,94,5,12
2020-04-16,Colombia,48258134,Atlantico,2535517,NA,NA,NA,NA,2,0,0,97,5,12
2020-04-18,Colombia,48258134,Atlantico,2535517,NA,NA,NA,NA,6,0,0,106,5,12
2020-04-20,Colombia,48258134,Atlantico,2535517,NA,NA,NA,NA,3,1,0,111,6,12
2020-04-22,Colombia,48258134,Atlantico,2535517,NA,NA,NA,NA,3,1,0,118,7,12
2020-04-24,Colombia,48258134,Atlantico,2535517,NA,NA,NA,NA,9,1,0,134,8,12
2020-04-26,Colombia,48258134,Atlantico,2535517,NA,NA,NA,NA,20,1,0,176,12,12
2020-04-28,Colombia,48258134,Atlantico,2535517,NA,NA,NA,NA,18,0,0,236,13,12
2020-04-30,Colombia,48258134,Atlantico,2535517,NA,NA,NA,NA,56,5,0,309,20,12
2020-05-02,Colombia,48258134,Atlantico,2535517,NA,NA,NA,NA,51,7,0,414,30,12
2020-05-04,Colombia,48258134,Atlantico,2535517,NA,NA,NA,NA,39,1,0,530,34,12
2020-05-06,Colombia,48258134,Atlantico,2535517,NA,NA,NA,NA,38,3,0,678,42,12
2020-05-08,Colombia,48258134,Atlantico,2535517,NA,NA,NA,NA,108,3,0,867,47,12
2020-05-10,Colombia,48258134,Atlantico,2535517,NA,NA,NA,NA,63,1,0,970,49,12
2020-05-12,Colombia,48258134,Atlantico,2535517,NA,NA,NA,NA,102,2,0,1124,53,12
2020-05-14,Colombia,48258134,Atlantico,2535517,NA,NA,NA,NA,115,1,0,1383,55,12
2020-05-16,Colombia,48258134,Atlantico,2535517,NA,NA,NA,NA,67,1,0,1560,58,12
2020-05-18,Colombia,48258134,Atlantico,2535517,NA,NA,NA,NA,81,1,0,1827,60,12
2020-05-20,Colombia,48258134,Atlantico,2535517,NA,NA,NA,NA,124,1,0,2047,61,12
2020-05-22,Colombia,48258134,Atlantico,2535517,NA,NA,NA,NA,182,12,0,2371,74,12
2020-05-24,Colombia,48258134,Atlantico,2535517,NA,NA,NA,NA,170,0,0,2773,77,12
2020-05-26,Colombia,48258134,Atlantico,2535517,NA,NA,NA,NA,166,4,0,3019,81,12
2020-05-28,Colombia,48258134,Atlantico,2535517,NA,NA,NA,NA,166,43,0,3281,125,12
2020-05-30,Colombia,48258134,Atlantico,2535517,NA,NA,NA,NA,308,11,0,3733,140,12
2020-06-01,Colombia,48258134,Atlantico,2535517,NA,NA,NA,NA,185,7,0,4117,151,12
2020-06-03,Colombia,48258134,Atlantico,2535517,NA,NA,NA,NA,206,8,0,4757,166,12
2020-06-05,Colombia,48258134,Atlantico,2535517,NA,NA,NA,NA,449,28,0,5852,197,12
2020-06-07,Colombia,48258134,Atlantico,2535517,NA,NA,NA,NA,357,71,0,6499,283,12
2020-06-09,Colombia,48258134,Atlantico,2535517,NA,NA,NA,NA,336,28,0,7097,320,12
2020-06-11,Colombia,48258134,Atlantico,2535517,NA,NA,NA,NA,430,48,0,7933,386,12
2020-06-13,Colombia,48258134,Atlantico,2535517,NA,NA,NA,NA,483,50,0,9081,460,12
2020-06-15,Colombia,48258134,Atlantico,2535517,NA,NA,NA,NA,1044,9,0,10886,483,12
2020-06-17,Colombia,48258134,Atlantico,2535517,NA,NA,NA,NA,802,136,0,12230,771,12
2020-06-19,Colombia,48258134,Atlantico,2535517,NA,NA,NA,NA,731,35,0,13885,847,12
2020-06-21,Colombia,48258134,Atlantico,2535517,NA,NA,NA,NA,723,31,0,15487,905,12
2020-06-23,Colombia,48258134,Atlantico,2535517,NA,NA,NA,NA,641,23,0,16880,957,12
2020-06-25,Colombia,48258134,Atlantico,2535517,NA,NA,NA,NA,620,17,0,18591,992,12
2020-06-27,Colombia,48258134,Atlantico,2535517,NA,NA,NA,NA,947,121,0,21192,1122,12
2020-06-29,Colombia,48258134,Atlantico,2535517,NA,NA,NA,NA,731,9,0,22781,1177,12
2020-07-01,Colombia,48258134,Atlantico,2535517,NA,NA,NA,NA,853,428,0,24214,1605,12
2020-07-03,Colombia,48258134,Atlantico,2535517,NA,NA,NA,NA,607,52,0,25790,1713,12
2020-07-05,Colombia,48258134,Atlantico,2535517,NA,NA,NA,NA,846,36,0,27255,1790,12
2020-07-07,Colombia,48258134,Atlantico,2535517,NA,NA,NA,NA,812,51,0,28735,1887,12
2020-07-09,Colombia,48258134,Atlantico,2535517,NA,NA,NA,NA,1045,33,0,30619,1963,12
2020-07-11,Colombia,48258134,Atlantico,2535517,NA,NA,NA,NA,753,24,0,32639,2020,12
2020-07-13,Colombia,48258134,Atlantico,2535517,NA,NA,NA,NA,885,38,0,34587,2211,12
2020-07-15,Colombia,48258134,Atlantico,2535517,NA,NA,NA,NA,777,31,0,36428,2273,12
2020-07-17,Colombia,48258134,Atlantico,2535517,NA,NA,NA,NA,2611,32,0,41006,2344,12
2020-07-19,Colombia,48258134,Atlantico,2535517,NA,NA,NA,NA,652,31,0,43809,2422,12
2020-07-21,Colombia,48258134,Atlantico,2535517,NA,NA,NA,NA,782,22,0,45485,2459,12
2020-07-23,Colombia,48258134,Atlantico,2535517,NA,NA,NA,NA,647,26,0,46594,2506,12
2020-07-25,Colombia,48258134,Atlantico,2535517,NA,NA,NA,NA,568,15,0,47572,2536,12
2020-07-27,Colombia,48258134,Atlantico,2535517,NA,NA,NA,NA,598,13,0,49036,2561,12
2020-07-29,Colombia,48258134,Atlantico,2535517,NA,NA,NA,NA,519,14,0,50731,2597,12
2020-07-31,Colombia,48258134,Atlantico,2535517,NA,NA,NA,NA,530,5,0,52314,2627,12
2020-08-02,Colombia,48258134,Atlantico,2535517,NA,NA,NA,NA,705,21,0,53826,2680,12
2020-08-04,Colombia,48258134,Atlantico,2535517,NA,NA,NA,NA,769,15,0,55202,2716,12
2020-08-06,Colombia,48258134,Atlantico,2535517,NA,NA,NA,NA,457,5,0,56119,2760,12
2020-08-08,Colombia,48258134,Atlantico,2535517,NA,NA,NA,NA,722,32,0,57526,2805,12
2020-08-10,Colombia,48258134,Atlantico,2535517,NA,NA,NA,NA,451,6,0,58635,2829,12
2020-08-12,Colombia,48258134,Atlantico,2535517,NA,NA,NA,NA,282,15,0,59369,2855,12
2020-08-14,Colombia,48258134,Atlantico,2535517,NA,NA,NA,NA,337,7,0,60131,2873,12
2020-02-25,Colombia,48258134,Bogota,7412566,NA,NA,NA,NA,NA,NA,NA,0,0,0
2020-02-27,Colombia,48258134,Bogota,7412566,NA,NA,NA,NA,0,0,0,0,0,0
2020-02-29,Colombia,48258134,Bogota,7412566,NA,NA,NA,NA,0,0,0,0,0,0
2020-03-02,Colombia,48258134,Bogota,7412566,NA,NA,NA,NA,0,0,0,0,0,0
2020-03-04,Colombia,48258134,Bogota,7412566,NA,NA,NA,NA,0,0,0,0,0,0
2020-03-06,Colombia,48258134,Bogota,7412566,NA,NA,NA,NA,1,0,0,1,0,0
2020-03-08,Colombia,48258134,Bogota,7412566,NA,NA,NA,NA,0,0,0,1,0,0
2020-03-10,Colombia,48258134,Bogota,7412566,NA,NA,NA,NA,0,0,0,1,0,0
2020-03-12,Colombia,48258134,Bogota,7412566,NA,NA,NA,NA,2,0,0,5,0,0
2020-03-14,Colombia,48258134,Bogota,7412566,NA,NA,NA,NA,10,0,0,16,0,0
2020-03-16,Colombia,48258134,Bogota,7412566,NA,NA,NA,NA,6,0,0,32,0,0
2020-03-18,Colombia,48258134,Bogota,7412566,NA,NA,NA,NA,5,0,0,44,0,0
2020-03-20,Colombia,48258134,Bogota,7412566,NA,NA,NA,NA,27,0,0,79,0,0
2020-03-22,Colombia,48258134,Bogota,7412566,NA,NA,NA,NA,4,0,0,88,0,0
2020-03-24,Colombia,48258134,Bogota,7412566,NA,NA,NA,NA,41,0,0,158,0,1
2020-03-26,Colombia,48258134,Bogota,7412566,NA,NA,NA,NA,7,2,0,179,3,3
2020-03-28,Colombia,48258134,Bogota,7412566,NA,NA,NA,NA,38,3,0,255,6,3
2020-03-30,Colombia,48258134,Bogota,7412566,NA,NA,NA,NA,55,1,0,343,8,3
2020-04-01,Colombia,48258134,Bogota,7412566,NA,NA,NA,NA,81,1,2,464,11,21
2020-04-03,Colombia,48258134,Bogota,7412566,NA,NA,NA,NA,44,4,0,576,19,21
2020-04-05,Colombia,48258134,Bogota,7412566,NA,NA,NA,NA,30,4,2,710,33,46
2020-04-07,Colombia,48258134,Bogota,7412566,NA,NA,NA,NA,84,4,0,845,43,45
2020-04-09,Colombia,48258134,Bogota,7412566,NA,NA,NA,NA,36,3,0,1011,48,66
2020-04-11,Colombia,48258134,Bogota,7412566,NA,NA,NA,NA,44,4,0,1143,55,61
2020-04-13,Colombia,48258134,Bogota,7412566,NA,NA,NA,NA,24,4,0,1186,60,61
2020-04-15,Colombia,48258134,Bogota,7412566,NA,NA,NA,NA,48,3,0,1270,69,61
2020-04-17,Colombia,48258134,Bogota,7412566,NA,NA,NA,NA,59,1,0,1372,74,61
2020-04-19,Colombia,48258134,Bogota,7412566,NA,NA,NA,NA,119,4,0,1577,80,61
2020-04-21,Colombia,48258134,Bogota,7412566,NA,NA,NA,NA,74,5,0,1730,88,61
2020-04-23,Colombia,48258134,Bogota,7412566,NA,NA,NA,NA,47,2,0,1861,91,61
2020-04-25,Colombia,48258134,Bogota,7412566,NA,NA,NA,NA,89,1,0,2129,96,61
2020-04-27,Colombia,48258134,Bogota,7412566,NA,NA,NA,NA,105,3,0,2326,105,61
2020-04-29,Colombia,48258134,Bogota,7412566,NA,NA,NA,NA,133,5,0,2523,115,61
2020-05-01,Colombia,48258134,Bogota,7412566,NA,NA,NA,NA,147,3,0,2759,124,61
2020-05-03,Colombia,48258134,Bogota,7412566,NA,NA,NA,NA,112,3,0,2942,130,61
2020-05-05,Colombia,48258134,Bogota,7412566,NA,NA,NA,NA,193,1,0,3262,136,61
2020-05-07,Colombia,48258134,Bogota,7412566,NA,NA,NA,NA,130,2,0,3592,145,61
2020-05-09,Colombia,48258134,Bogota,7412566,NA,NA,NA,NA,210,6,0,4027,155,61
2020-05-11,Colombia,48258134,Bogota,7412566,NA,NA,NA,NA,151,6,0,4305,168,61
2020-05-13,Colombia,48258134,Bogota,7412566,NA,NA,NA,NA,122,3,0,4685,171,61
2020-05-15,Colombia,48258134,Bogota,7412566,NA,NA,NA,NA,115,7,0,5007,180,61
2020-05-17,Colombia,48258134,Bogota,7412566,NA,NA,NA,NA,241,3,0,5525,186,61
2020-05-19,Colombia,48258134,Bogota,7412566,NA,NA,NA,NA,215,2,0,5936,192,61
2020-05-21,Colombia,48258134,Bogota,7412566,NA,NA,NA,NA,122,5,0,6311,202,61
2020-05-23,Colombia,48258134,Bogota,7412566,NA,NA,NA,NA,383,5,0,6974,221,61
2020-05-25,Colombia,48258134,Bogota,7412566,NA,NA,NA,NA,175,2,0,7386,226,61
2020-05-27,Colombia,48258134,Bogota,7412566,NA,NA,NA,NA,303,1,0,8045,237,61
2020-05-29,Colombia,48258134,Bogota,7412566,NA,NA,NA,NA,625,11,0,9163,267,61
2020-05-31,Colombia,48258134,Bogota,7412566,NA,NA,NA,NA,351,9,0,9988,283,61
2020-06-02,Colombia,48258134,Bogota,7412566,NA,NA,NA,NA,373,3,0,10744,293,61
2020-06-04,Colombia,48258134,Bogota,7412566,NA,NA,NA,NA,534,6,0,11783,305,61
2020-06-06,Colombia,48258134,Bogota,7412566,NA,NA,NA,NA,409,12,0,12564,326,61
2020-06-08,Colombia,48258134,Bogota,7412566,NA,NA,NA,NA,443,9,0,13331,345,61
2020-06-10,Colombia,48258134,Bogota,7412566,NA,NA,NA,NA,420,16,0,14130,368,61
2020-06-12,Colombia,48258134,Bogota,7412566,NA,NA,NA,NA,402,8,0,14939,393,61
2020-06-14,Colombia,48258134,Bogota,7412566,NA,NA,NA,NA,579,12,0,16037,420,61
2020-06-16,Colombia,48258134,Bogota,7412566,NA,NA,NA,NA,437,27,0,16842,462,61
2020-06-18,Colombia,48258134,Bogota,7412566,NA,NA,NA,NA,785,8,0,18181,499,61
2020-06-20,Colombia,48258134,Bogota,7412566,NA,NA,NA,NA,526,11,0,19766,526,61
2020-06-22,Colombia,48258134,Bogota,7412566,NA,NA,NA,NA,833,16,0,21541,561,61
2020-06-24,Colombia,48258134,Bogota,7412566,NA,NA,NA,NA,960,19,0,23369,601,61
2020-06-26,Colombia,48258134,Bogota,7412566,NA,NA,NA,NA,903,9,0,25542,623,61
2020-06-28,Colombia,48258134,Bogota,7412566,NA,NA,NA,NA,810,28,0,27928,693,61
2020-06-30,Colombia,48258134,Bogota,7412566,NA,NA,NA,NA,699,1,0,30018,705,61
2020-07-02,Colombia,48258134,Bogota,7412566,NA,NA,NA,NA,1306,37,0,32728,838,61
2020-07-04,Colombia,48258134,Bogota,7412566,NA,NA,NA,NA,1136,31,0,35266,911,61
2020-07-06,Colombia,48258134,Bogota,7412566,NA,NA,NA,NA,1086,34,0,37639,978,61
2020-07-08,Colombia,48258134,Bogota,7412566,NA,NA,NA,NA,1485,36,0,40731,1056,61
2020-07-10,Colombia,48258134,Bogota,7412566,NA,NA,NA,NA,2702,55,0,45040,1166,61
2020-07-12,Colombia,48258134,Bogota,7412566,NA,NA,NA,NA,2128,155,0,49653,1374,61
2020-07-14,Colombia,48258134,Bogota,7412566,NA,NA,NA,NA,1847,72,0,53133,1519,61
2020-07-16,Colombia,48258134,Bogota,7412566,NA,NA,NA,NA,1774,75,0,56831,1678,61
2020-07-18,Colombia,48258134,Bogota,7412566,NA,NA,NA,NA,1490,82,0,60437,1859,61
2020-07-20,Colombia,48258134,Bogota,7412566,NA,NA,NA,NA,2334,86,0,65640,2007,61
2020-07-22,Colombia,48258134,Bogota,7412566,NA,NA,NA,NA,2988,86,0,70891,2200,61
2020-07-24,Colombia,48258134,Bogota,7412566,NA,NA,NA,NA,3288,98,0,77930,2397,61
2020-07-26,Colombia,48258134,Bogota,7412566,NA,NA,NA,NA,3032,96,0,84256,2575,61
2020-07-28,Colombia,48258134,Bogota,7412566,NA,NA,NA,NA,4553,72,0,91447,2731,61
2020-07-30,Colombia,48258134,Bogota,7412566,NA,NA,NA,NA,3011,118,0,98240,2920,61
2020-08-01,Colombia,48258134,Bogota,7412566,NA,NA,NA,NA,2702,171,0,104659,3134,61
2020-08-03,Colombia,48258134,Bogota,7412566,NA,NA,NA,NA,2140,104,0,111297,3360,61
2020-08-05,Colombia,48258134,Bogota,7412566,NA,NA,NA,NA,4245,145,0,117809,3631,61
2020-08-07,Colombia,48258134,Bogota,7412566,NA,NA,NA,NA,2613,98,0,126490,3796,61
2020-08-09,Colombia,48258134,Bogota,7412566,NA,NA,NA,NA,3407,122,0,133654,4078,61
2020-08-11,Colombia,48258134,Bogota,7412566,NA,NA,NA,NA,4948,118,0,141987,4263,61
2020-08-13,Colombia,48258134,Bogota,7412566,NA,NA,NA,NA,3842,100,0,149947,4449,61
2020-08-15,Colombia,48258134,Bogota,7412566,NA,NA,NA,NA,4221,2,0,158674,4504,61
2020-02-26,Colombia,48258134,Bolivar,2070110,NA,NA,NA,NA,NA,NA,NA,0,0,0
2020-02-28,Colombia,48258134,Bolivar,2070110,NA,NA,NA,NA,0,0,0,0,0,0
2020-03-01,Colombia,48258134,Bolivar,2070110,NA,NA,NA,NA,0,0,0,0,0,0
2020-03-03,Colombia,48258134,Bolivar,2070110,NA,NA,NA,NA,0,0,0,0,0,0
2020-03-05,Colombia,48258134,Bolivar,2070110,NA,NA,NA,NA,0,0,0,0,0,0
2020-03-07,Colombia,48258134,Bolivar,2070110,NA,NA,NA,NA,0,0,0,0,0,0
2020-03-09,Colombia,48258134,Bolivar,2070110,NA,NA,NA,NA,0,0,0,0,0,0
2020-03-11,Colombia,48258134,Bolivar,2070110,NA,NA,NA,NA,1,0,0,1,0,0
2020-03-13,Colombia,48258134,Bolivar,2070110,NA,NA,NA,NA,0,0,0,1,0,0
2020-03-15,Colombia,48258134,Bolivar,2070110,NA,NA,NA,NA,2,0,0,3,0,0
2020-03-17,Colombia,48258134,Bolivar,2070110,NA,NA,NA,NA,1,0,0,6,1,0
2020-03-19,Colombia,48258134,Bolivar,2070110,NA,NA,NA,NA,1,0,0,10,1,0
2020-03-21,Colombia,48258134,Bolivar,2070110,NA,NA,NA,NA,4,0,0,15,1,0
2020-03-23,Colombia,48258134,Bolivar,2070110,NA,NA,NA,NA,1,0,1,16,1,1
2020-03-25,Colombia,48258134,Bolivar,2070110,NA,NA,NA,NA,5,0,0,26,1,1
2020-03-27,Colombia,48258134,Bolivar,2070110,NA,NA,NA,NA,0,1,0,26,2,1
2020-03-29,Colombia,48258134,Bolivar,2070110,NA,NA,NA,NA,9,0,0,37,2,1
2020-03-31,Colombia,48258134,Bolivar,2070110,NA,NA,NA,NA,2,1,0,42,5,1
2020-04-02,Colombia,48258134,Bolivar,2070110,NA,NA,NA,NA,0,0,0,42,5,1
2020-04-04,Colombia,48258134,Bolivar,2070110,NA,NA,NA,NA,0,0,3,45,5,4
2020-04-06,Colombia,48258134,Bolivar,2070110,NA,NA,NA,NA,11,1,0,56,7,4
2020-04-08,Colombia,48258134,Bolivar,2070110,NA,NA,NA,NA,12,0,0,71,7,6
2020-04-10,Colombia,48258134,Bolivar,2070110,NA,NA,NA,NA,21,1,2,109,9,10
2020-04-12,Colombia,48258134,Bolivar,2070110,NA,NA,NA,NA,6,1,0,123,11,10
2020-04-14,Colombia,48258134,Bolivar,2070110,NA,NA,NA,NA,11,0,0,145,12,10
2020-04-16,Colombia,48258134,Bolivar,2070110,NA,NA,NA,NA,8,3,0,167,15,10
2020-04-18,Colombia,48258134,Bolivar,2070110,NA,NA,NA,NA,10,1,0,183,17,10
2020-04-20,Colombia,48258134,Bolivar,2070110,NA,NA,NA,NA,11,1,0,195,18,10
2020-04-22,Colombia,48258134,Bolivar,2070110,NA,NA,NA,NA,0,1,0,199,19,10
2020-04-24,Colombia,48258134,Bolivar,2070110,NA,NA,NA,NA,16,1,0,220,22,10
2020-04-26,Colombia,48258134,Bolivar,2070110,NA,NA,NA,NA,14,0,0,240,23,10
2020-04-28,Colombia,48258134,Bolivar,2070110,NA,NA,NA,NA,13,0,0,257,25,10
2020-04-30,Colombia,48258134,Bolivar,2070110,NA,NA,NA,NA,26,3,0,294,29,10
2020-05-02,Colombia,48258134,Bolivar,2070110,NA,NA,NA,NA,26,1,0,334,32,10
2020-05-04,Colombia,48258134,Bolivar,2070110,NA,NA,NA,NA,20,3,0,373,39,10
2020-05-06,Colombia,48258134,Bolivar,2070110,NA,NA,NA,NA,25,4,0,431,45,10
2020-05-08,Colombia,48258134,Bolivar,2070110,NA,NA,NA,NA,101,3,0,537,53,10
2020-05-10,Colombia,48258134,Bolivar,2070110,NA,NA,NA,NA,97,2,0,679,58,10
2020-05-12,Colombia,48258134,Bolivar,2070110,NA,NA,NA,NA,82,5,0,824,68,10
2020-05-14,Colombia,48258134,Bolivar,2070110,NA,NA,NA,NA,115,6,0,1052,76,10
2020-05-16,Colombia,48258134,Bolivar,2070110,NA,NA,NA,NA,127,4,0,1274,82,10
2020-05-18,Colombia,48258134,Bolivar,2070110,NA,NA,NA,NA,148,5,0,1492,90,10
2020-05-20,Colombia,48258134,Bolivar,2070110,NA,NA,NA,NA,91,4,0,1667,97,10
2020-05-22,Colombia,48258134,Bolivar,2070110,NA,NA,NA,NA,51,13,0,1846,111,10
2020-05-24,Colombia,48258134,Bolivar,2070110,NA,NA,NA,NA,242,2,0,2266,115,10
2020-05-26,Colombia,48258134,Bolivar,2070110,NA,NA,NA,NA,74,14,0,2379,130,10
2020-05-28,Colombia,48258134,Bolivar,2070110,NA,NA,NA,NA,150,23,0,2665,155,10
2020-05-30,Colombia,48258134,Bolivar,2070110,NA,NA,NA,NA,196,4,0,3041,161,10
2020-06-01,Colombia,48258134,Bolivar,2070110,NA,NA,NA,NA,79,3,0,3270,166,10
2020-06-03,Colombia,48258134,Bolivar,2070110,NA,NA,NA,NA,207,2,0,3571,170,10
2020-06-05,Colombia,48258134,Bolivar,2070110,NA,NA,NA,NA,143,0,0,3858,171,10
2020-06-07,Colombia,48258134,Bolivar,2070110,NA,NA,NA,NA,159,16,0,4128,194,10
2020-06-09,Colombia,48258134,Bolivar,2070110,NA,NA,NA,NA,142,1,0,4364,197,10
2020-06-11,Colombia,48258134,Bolivar,2070110,NA,NA,NA,NA,139,9,0,4623,206,10
2020-06-13,Colombia,48258134,Bolivar,2070110,NA,NA,NA,NA,151,13,0,4905,225,10
2020-06-15,Colombia,48258134,Bolivar,2070110,NA,NA,NA,NA,107,1,0,5253,228,10
2020-06-17,Colombia,48258134,Bolivar,2070110,NA,NA,NA,NA,113,19,0,5534,270,10
2020-06-19,Colombia,48258134,Bolivar,2070110,NA,NA,NA,NA,404,5,0,6228,286,10
2020-06-21,Colombia,48258134,Bolivar,2070110,NA,NA,NA,NA,265,8,0,6735,299,10
2020-06-23,Colombia,48258134,Bolivar,2070110,NA,NA,NA,NA,170,7,0,7215,309,10
2020-06-25,Colombia,48258134,Bolivar,2070110,NA,NA,NA,NA,395,2,0,7851,319,10
2020-06-27,Colombia,48258134,Bolivar,2070110,NA,NA,NA,NA,423,28,0,8560,350,10
2020-06-29,Colombia,48258134,Bolivar,2070110,NA,NA,NA,NA,157,4,0,8949,367,10
2020-07-01,Colombia,48258134,Bolivar,2070110,NA,NA,NA,NA,293,40,0,9410,408,10
2020-07-03,Colombia,48258134,Bolivar,2070110,NA,NA,NA,NA,225,11,0,9872,425,10
2020-07-05,Colombia,48258134,Bolivar,2070110,NA,NA,NA,NA,360,8,0,10512,439,10
2020-07-07,Colombia,48258134,Bolivar,2070110,NA,NA,NA,NA,215,6,0,10956,448,10
2020-07-09,Colombia,48258134,Bolivar,2070110,NA,NA,NA,NA,214,4,0,11479,460,10
2020-07-11,Colombia,48258134,Bolivar,2070110,NA,NA,NA,NA,180,7,0,11932,471,10
2020-07-13,Colombia,48258134,Bolivar,2070110,NA,NA,NA,NA,140,7,0,12365,516,10
2020-07-15,Colombia,48258134,Bolivar,2070110,NA,NA,NA,NA,249,6,0,12865,526,10
2020-07-17,Colombia,48258134,Bolivar,2070110,NA,NA,NA,NA,524,8,0,14175,539,10
2020-07-19,Colombia,48258134,Bolivar,2070110,NA,NA,NA,NA,219,7,0,14976,550,10
2020-07-21,Colombia,48258134,Bolivar,2070110,NA,NA,NA,NA,301,3,0,15513,563,10
2020-07-23,Colombia,48258134,Bolivar,2070110,NA,NA,NA,NA,230,8,0,15948,577,10
2020-07-25,Colombia,48258134,Bolivar,2070110,NA,NA,NA,NA,168,5,0,16291,591,10
2020-07-27,Colombia,48258134,Bolivar,2070110,NA,NA,NA,NA,188,3,0,16888,600,10
2020-07-29,Colombia,48258134,Bolivar,2070110,NA,NA,NA,NA,258,3,0,17626,608,10
2020-07-31,Colombia,48258134,Bolivar,2070110,NA,NA,NA,NA,333,4,0,18239,618,10
2020-08-02,Colombia,48258134,Bolivar,2070110,NA,NA,NA,NA,273,8,0,18870,626,10
2020-08-04,Colombia,48258134,Bolivar,2070110,NA,NA,NA,NA,100,6,0,19309,638,10
2020-08-06,Colombia,48258134,Bolivar,2070110,NA,NA,NA,NA,107,1,0,19654,648,10
2020-08-08,Colombia,48258134,Bolivar,2070110,NA,NA,NA,NA,179,7,0,20077,655,10
2020-08-10,Colombia,48258134,Bolivar,2070110,NA,NA,NA,NA,175,3,0,20456,666,10
2020-08-12,Colombia,48258134,Bolivar,2070110,NA,NA,NA,NA,217,3,0,20927,672,10
2020-08-14,Colombia,48258134,Bolivar,2070110,NA,NA,NA,NA,238,1,0,21325,678,10
2020-02-25,Colombia,48258134,Boyaca,1217376,NA,NA,NA,NA,NA,NA,NA,0,0,0
2020-02-27,Colombia,48258134,Boyaca,1217376,NA,NA,NA,NA,0,0,0,0,0,0
2020-02-29,Colombia,48258134,Boyaca,1217376,NA,NA,NA,NA,0,0,0,0,0,0
2020-03-02,Colombia,48258134,Boyaca,1217376,NA,NA,NA,NA,0,0,0,0,0,0
2020-03-04,Colombia,48258134,Boyaca,1217376,NA,NA,NA,NA,0,0,0,0,0,0
2020-03-06,Colombia,48258134,Boyaca,1217376,NA,NA,NA,NA,0,0,0,0,0,0
2020-03-08,Colombia,48258134,Boyaca,1217376,NA,NA,NA,NA,0,0,0,0,0,0
2020-03-10,Colombia,48258134,Boyaca,1217376,NA,NA,NA,NA,0,0,0,0,0,0
2020-03-12,Colombia,48258134,Boyaca,1217376,NA,NA,NA,NA,0,0,0,0,0,0
2020-03-14,Colombia,48258134,Boyaca,1217376,NA,NA,NA,NA,0,0,0,0,0,0
2020-03-16,Colombia,48258134,Boyaca,1217376,NA,NA,NA,NA,0,0,0,0,0,0
2020-03-18,Colombia,48258134,Boyaca,1217376,NA,NA,NA,NA,0,0,0,0,0,0
2020-03-20,Colombia,48258134,Boyaca,1217376,NA,NA,NA,NA,0,0,0,0,0,0
2020-03-22,Colombia,48258134,Boyaca,1217376,NA,NA,NA,NA,0,0,0,0,0,0
2020-03-24,Colombia,48258134,Boyaca,1217376,NA,NA,NA,NA,0,0,0,0,0,0
2020-03-26,Colombia,48258134,Boyaca,1217376,NA,NA,NA,NA,1,0,0,2,0,0
2020-03-28,Colombia,48258134,Boyaca,1217376,NA,NA,NA,NA,0,0,0,2,0,0
2020-03-30,Colombia,48258134,Boyaca,1217376,NA,NA,NA,NA,1,0,0,4,0,0
2020-04-01,Colombia,48258134,Boyaca,1217376,NA,NA,NA,NA,0,0,0,6,0,0
2020-04-03,Colombia,48258134,Boyaca,1217376,NA,NA,NA,NA,0,0,0,6,0,0
2020-04-05,Colombia,48258134,Boyaca,1217376,NA,NA,NA,NA,0,0,0,13,1,0
2020-04-07,Colombia,48258134,Boyaca,1217376,NA,NA,NA,NA,0,0,0,13,1,0
2020-04-09,Colombia,48258134,Boyaca,1217376,NA,NA,NA,NA,5,0,2,24,1,2
2020-04-11,Colombia,48258134,Boyaca,1217376,NA,NA,NA,NA,4,0,0,31,1,2
2020-04-13,Colombia,48258134,Boyaca,1217376,NA,NA,NA,NA,0,0,0,31,1,2
2020-04-15,Colombia,48258134,Boyaca,1217376,NA,NA,NA,NA,0,0,0,31,1,2
2020-04-17,Colombia,48258134,Boyaca,1217376,NA,NA,NA,NA,0,0,0,32,1,2
2020-04-19,Colombia,48258134,Boyaca,1217376,NA,NA,NA,NA,0,0,0,32,1,2
2020-04-21,Colombia,48258134,Boyaca,1217376,NA,NA,NA,NA,0,0,0,33,1,2
2020-04-23,Colombia,48258134,Boyaca,1217376,NA,NA,NA,NA,0,1,0,33,2,2
2020-04-25,Colombia,48258134,Boyaca,1217376,NA,NA,NA,NA,0,0,0,33,2,2
2020-04-27,Colombia,48258134,Boyaca,1217376,NA,NA,NA,NA,0,0,0,35,2,2
2020-04-29,Colombia,48258134,Boyaca,1217376,NA,NA,NA,NA,0,2,0,37,4,2
2020-05-01,Colombia,48258134,Boyaca,1217376,NA,NA,NA,NA,7,0,0,46,4,2
2020-05-03,Colombia,48258134,Boyaca,1217376,NA,NA,NA,NA,0,0,0,47,4,2
2020-05-05,Colombia,48258134,Boyaca,1217376,NA,NA,NA,NA,2,0,0,60,4,2
2020-05-07,Colombia,48258134,Boyaca,1217376,NA,NA,NA,NA,1,0,0,61,4,2
2020-05-09,Colombia,48258134,Boyaca,1217376,NA,NA,NA,NA,0,0,0,61,4,2
2020-05-11,Colombia,48258134,Boyaca,1217376,NA,NA,NA,NA,10,0,0,77,4,2
2020-05-13,Colombia,48258134,Boyaca,1217376,NA,NA,NA,NA,8,0,0,87,4,2
2020-05-15,Colombia,48258134,Boyaca,1217376,NA,NA,NA,NA,0,0,0,88,4,2
2020-05-17,Colombia,48258134,Boyaca,1217376,NA,NA,NA,NA,0,0,0,105,6,2
2020-05-19,Colombia,48258134,Boyaca,1217376,NA,NA,NA,NA,12,0,0,120,7,2
2020-05-21,Colombia,48258134,Boyaca,1217376,NA,NA,NA,NA,10,0,0,136,7,2
2020-05-23,Colombia,48258134,Boyaca,1217376,NA,NA,NA,NA,8,0,0,152,7,2
2020-05-25,Colombia,48258134,Boyaca,1217376,NA,NA,NA,NA,3,0,0,162,7,2
2020-05-27,Colombia,48258134,Boyaca,1217376,NA,NA,NA,NA,12,0,0,178,7,2
2020-05-29,Colombia,48258134,Boyaca,1217376,NA,NA,NA,NA,8,4,0,189,11,2
2020-05-31,Colombia,48258134,Boyaca,1217376,NA,NA,NA,NA,21,0,0,211,11,2
2020-06-02,Colombia,48258134,Boyaca,1217376,NA,NA,NA,NA,1,0,0,212,11,2
2020-06-04,Colombia,48258134,Boyaca,1217376,NA,NA,NA,NA,6,0,0,220,11,2
2020-06-06,Colombia,48258134,Boyaca,1217376,NA,NA,NA,NA,2,0,0,223,11,2
2020-06-08,Colombia,48258134,Boyaca,1217376,NA,NA,NA,NA,2,0,0,225,11,2
2020-06-10,Colombia,48258134,Boyaca,1217376,NA,NA,NA,NA,4,0,0,231,11,2
2020-06-12,Colombia,48258134,Boyaca,1217376,NA,NA,NA,NA,0,0,0,236,11,2
2020-06-14,Colombia,48258134,Boyaca,1217376,NA,NA,NA,NA,5,0,0,245,11,2
2020-06-16,Colombia,48258134,Boyaca,1217376,NA,NA,NA,NA,5,0,0,255,11,2
2020-06-18,Colombia,48258134,Boyaca,1217376,NA,NA,NA,NA,4,0,0,265,15,2
2020-06-20,Colombia,48258134,Boyaca,1217376,NA,NA,NA,NA,5,0,0,294,15,2
2020-06-22,Colombia,48258134,Boyaca,1217376,NA,NA,NA,NA,5,0,0,306,15,2
2020-06-24,Colombia,48258134,Boyaca,1217376,NA,NA,NA,NA,16,0,0,327,15,2
2020-06-26,Colombia,48258134,Boyaca,1217376,NA,NA,NA,NA,8,0,0,340,15,2
2020-06-28,Colombia,48258134,Boyaca,1217376,NA,NA,NA,NA,4,0,0,355,15,2
2020-06-30,Colombia,48258134,Boyaca,1217376,NA,NA,NA,NA,16,0,0,375,15,2
2020-07-02,Colombia,48258134,Boyaca,1217376,NA,NA,NA,NA,16,0,0,398,13,2
2020-07-04,Colombia,48258134,Boyaca,1217376,NA,NA,NA,NA,8,0,0,413,14,2
2020-07-06,Colombia,48258134,Boyaca,1217376,NA,NA,NA,NA,6,0,0,431,14,2
2020-07-08,Colombia,48258134,Boyaca,1217376,NA,NA,NA,NA,3,0,0,444,14,2
2020-07-10,Colombia,48258134,Boyaca,1217376,NA,NA,NA,NA,17,1,0,476,16,2
2020-07-12,Colombia,48258134,Boyaca,1217376,NA,NA,NA,NA,8,6,0,492,22,2
2020-07-14,Colombia,48258134,Boyaca,1217376,NA,NA,NA,NA,17,0,0,514,24,2
2020-07-16,Colombia,48258134,Boyaca,1217376,NA,NA,NA,NA,17,0,0,538,25,2
2020-07-18,Colombia,48258134,Boyaca,1217376,NA,NA,NA,NA,11,2,0,613,29,2
2020-07-20,Colombia,48258134,Boyaca,1217376,NA,NA,NA,NA,16,2,0,647,31,2
2020-07-22,Colombia,48258134,Boyaca,1217376,NA,NA,NA,NA,34,0,0,690,33,2
2020-07-24,Colombia,48258134,Boyaca,1217376,NA,NA,NA,NA,15,1,0,729,35,2
2020-07-26,Colombia,48258134,Boyaca,1217376,NA,NA,NA,NA,40,0,0,791,35,2
2020-07-28,Colombia,48258134,Boyaca,1217376,NA,NA,NA,NA,26,1,0,839,36,2
2020-07-30,Colombia,48258134,Boyaca,1217376,NA,NA,NA,NA,53,1,0,982,37,2
2020-08-01,Colombia,48258134,Boyaca,1217376,NA,NA,NA,NA,60,3,0,1090,41,2
2020-08-03,Colombia,48258134,Boyaca,1217376,NA,NA,NA,NA,57,0,0,1210,41,2
2020-08-05,Colombia,48258134,Boyaca,1217376,NA,NA,NA,NA,65,1,0,1303,43,2
2020-08-07,Colombia,48258134,Boyaca,1217376,NA,NA,NA,NA,68,0,0,1442,44,2
2020-08-09,Colombia,48258134,Boyaca,1217376,NA,NA,NA,NA,33,2,0,1535,54,2
2020-08-11,Colombia,48258134,Boyaca,1217376,NA,NA,NA,NA,64,2,0,1681,57,2
2020-08-13,Colombia,48258134,Boyaca,1217376,NA,NA,NA,NA,101,3,0,1862,63,2
2020-08-15,Colombia,48258134,Boyaca,1217376,NA,NA,NA,NA,104,0,0,2063,65,2
2020-02-26,Colombia,48258134,Caldas,998255,NA,NA,NA,NA,NA,NA,NA,0,0,0
2020-02-28,Colombia,48258134,Caldas,998255,NA,NA,NA,NA,0,0,0,0,0,0
2020-03-01,Colombia,48258134,Caldas,998255,NA,NA,NA,NA,0,0,0,0,0,0
2020-03-03,Colombia,48258134,Caldas,998255,NA,NA,NA,NA,0,0,0,0,0,0
2020-03-05,Colombia,48258134,Caldas,998255,NA,NA,NA,NA,0,0,0,0,0,0
2020-03-07,Colombia,48258134,Caldas,998255,NA,NA,NA,NA,0,0,0,0,0,0
2020-03-09,Colombia,48258134,Caldas,998255,NA,NA,NA,NA,0,0,0,0,0,0
2020-03-11,Colombia,48258134,Caldas,998255,NA,NA,NA,NA,0,0,0,0,0,0
2020-03-13,Colombia,48258134,Caldas,998255,NA,NA,NA,NA,1,0,0,1,0,0
2020-03-15,Colombia,48258134,Caldas,998255,NA,NA,NA,NA,0,0,0,1,0,0
2020-03-17,Colombia,48258134,Caldas,998255,NA,NA,NA,NA,0,0,0,1,0,0
2020-03-19,Colombia,48258134,Caldas,998255,NA,NA,NA,NA,1,0,0,2,0,0
2020-03-21,Colombia,48258134,Caldas,998255,NA,NA,NA,NA,1,0,0,3,0,0
2020-03-23,Colombia,48258134,Caldas,998255,NA,NA,NA,NA,1,0,1,7,0,1
2020-03-25,Colombia,48258134,Caldas,998255,NA,NA,NA,NA,2,0,0,11,0,1
2020-03-27,Colombia,48258134,Caldas,998255,NA,NA,NA,NA,1,0,0,12,0,1
2020-03-29,Colombia,48258134,Caldas,998255,NA,NA,NA,NA,1,0,0,14,0,1
2020-03-31,Colombia,48258134,Caldas,998255,NA,NA,NA,NA,0,0,1,15,0,2
2020-04-02,Colombia,48258134,Caldas,998255,NA,NA,NA,NA,1,0,0,16,1,2
2020-04-04,Colombia,48258134,Caldas,998255,NA,NA,NA,NA,0,0,0,16,1,2
2020-04-06,Colombia,48258134,Caldas,998255,NA,NA,NA,NA,0,0,0,16,1,2
2020-04-08,Colombia,48258134,Caldas,998255,NA,NA,NA,NA,3,0,0,19,1,2
2020-04-10,Colombia,48258134,Caldas,998255,NA,NA,NA,NA,1,0,1,25,1,7
2020-04-12,Colombia,48258134,Caldas,998255,NA,NA,NA,NA,1,0,0,34,2,7
2020-04-14,Colombia,48258134,Caldas,998255,NA,NA,NA,NA,0,0,0,36,2,7
2020-04-16,Colombia,48258134,Caldas,998255,NA,NA,NA,NA,2,0,0,44,2,7
2020-04-18,Colombia,48258134,Caldas,998255,NA,NA,NA,NA,0,0,0,47,2,7
2020-04-20,Colombia,48258134,Caldas,998255,NA,NA,NA,NA,2,0,0,49,2,7
2020-04-22,Colombia,48258134,Caldas,998255,NA,NA,NA,NA,0,0,0,49,2,7
2020-04-24,Colombia,48258134,Caldas,998255,NA,NA,NA,NA,3,0,0,52,2,7
2020-04-26,Colombia,48258134,Caldas,998255,NA,NA,NA,NA,1,0,0,53,2,7
2020-04-28,Colombia,48258134,Caldas,998255,NA,NA,NA,NA,3,0,0,56,2,7
2020-04-30,Colombia,48258134,Caldas,998255,NA,NA,NA,NA,10,0,0,69,2,7
2020-05-02,Colombia,48258134,Caldas,998255,NA,NA,NA,NA,10,0,0,79,2,7
2020-05-04,Colombia,48258134,Caldas,998255,NA,NA,NA,NA,0,0,0,79,3,7
2020-05-06,Colombia,48258134,Caldas,998255,NA,NA,NA,NA,3,0,0,94,3,7
2020-05-08,Colombia,48258134,Caldas,998255,NA,NA,NA,NA,0,1,0,94,4,7
2020-05-10,Colombia,48258134,Caldas,998255,NA,NA,NA,NA,0,0,0,100,5,7
2020-05-12,Colombia,48258134,Caldas,998255,NA,NA,NA,NA,4,0,0,104,5,7
2020-05-14,Colombia,48258134,Caldas,998255,NA,NA,NA,NA,4,0,0,108,5,7
2020-05-16,Colombia,48258134,Caldas,998255,NA,NA,NA,NA,10,0,0,119,5,7
2020-05-18,Colombia,48258134,Caldas,998255,NA,NA,NA,NA,0,0,0,120,5,7
2020-05-20,Colombia,48258134,Caldas,998255,NA,NA,NA,NA,6,0,0,126,5,7
2020-05-22,Colombia,48258134,Caldas,998255,NA,NA,NA,NA,0,0,0,126,5,7
2020-05-24,Colombia,48258134,Caldas,998255,NA,NA,NA,NA,1,1,0,128,6,7
2020-05-26,Colombia,48258134,Caldas,998255,NA,NA,NA,NA,2,0,0,130,6,7
2020-05-28,Colombia,48258134,Caldas,998255,NA,NA,NA,NA,1,0,0,135,6,7
2020-05-30,Colombia,48258134,Caldas,998255,NA,NA,NA,NA,0,0,0,135,6,7
2020-06-01,Colombia,48258134,Caldas,998255,NA,NA,NA,NA,3,0,0,138,6,7
2020-06-03,Colombia,48258134,Caldas,998255,NA,NA,NA,NA,10,0,0,157,6,7
2020-06-05,Colombia,48258134,Caldas,998255,NA,NA,NA,NA,2,0,0,164,6,7
2020-06-07,Colombia,48258134,Caldas,998255,NA,NA,NA,NA,3,0,0,176,6,7
2020-06-09,Colombia,48258134,Caldas,998255,NA,NA,NA,NA,4,0,0,180,6,7
2020-06-11,Colombia,48258134,Caldas,998255,NA,NA,NA,NA,3,0,0,188,6,7
2020-06-13,Colombia,48258134,Caldas,998255,NA,NA,NA,NA,0,0,0,191,6,7
2020-06-15,Colombia,48258134,Caldas,998255,NA,NA,NA,NA,4,0,0,200,6,7
2020-06-17,Colombia,48258134,Caldas,998255,NA,NA,NA,NA,0,0,0,205,6,7
2020-06-19,Colombia,48258134,Caldas,998255,NA,NA,NA,NA,4,0,0,211,6,7
2020-06-21,Colombia,48258134,Caldas,998255,NA,NA,NA,NA,2,0,0,218,6,7
2020-06-23,Colombia,48258134,Caldas,998255,NA,NA,NA,NA,6,0,0,237,6,7
2020-06-25,Colombia,48258134,Caldas,998255,NA,NA,NA,NA,2,0,0,240,6,7
2020-06-27,Colombia,48258134,Caldas,998255,NA,NA,NA,NA,1,0,0,244,6,7
2020-06-29,Colombia,48258134,Caldas,998255,NA,NA,NA,NA,4,0,0,258,6,7
2020-07-01,Colombia,48258134,Caldas,998255,NA,NA,NA,NA,4,0,0,264,6,7
2020-07-03,Colombia,48258134,Caldas,998255,NA,NA,NA,NA,0,0,0,267,6,7
2020-07-05,Colombia,48258134,Caldas,998255,NA,NA,NA,NA,0,0,0,271,6,7
2020-07-07,Colombia,48258134,Caldas,998255,NA,NA,NA,NA,5,0,0,278,6,7
2020-07-09,Colombia,48258134,Caldas,998255,NA,NA,NA,NA,8,0,0,287,6,7
2020-07-11,Colombia,48258134,Caldas,998255,NA,NA,NA,NA,0,0,0,294,6,7
2020-07-13,Colombia,48258134,Caldas,998255,NA,NA,NA,NA,0,0,0,302,6,7
2020-07-15,Colombia,48258134,Caldas,998255,NA,NA,NA,NA,4,0,0,308,9,7
2020-07-17,Colombia,48258134,Caldas,998255,NA,NA,NA,NA,17,0,0,342,9,7
2020-07-19,Colombia,48258134,Caldas,998255,NA,NA,NA,NA,29,1,0,389,10,7
2020-07-21,Colombia,48258134,Caldas,998255,NA,NA,NA,NA,20,1,0,416,12,7
2020-07-23,Colombia,48258134,Caldas,998255,NA,NA,NA,NA,41,0,0,550,12,7
2020-07-25,Colombia,48258134,Caldas,998255,NA,NA,NA,NA,67,0,0,649,12,7
2020-07-27,Colombia,48258134,Caldas,998255,NA,NA,NA,NA,12,0,0,722,13,7
2020-07-29,Colombia,48258134,Caldas,998255,NA,NA,NA,NA,59,1,0,792,14,7
2020-07-31,Colombia,48258134,Caldas,998255,NA,NA,NA,NA,107,0,0,957,15,7
2020-08-02,Colombia,48258134,Caldas,998255,NA,NA,NA,NA,31,2,0,1021,20,7
2020-08-04,Colombia,48258134,Caldas,998255,NA,NA,NA,NA,23,0,0,1058,20,7
2020-08-06,Colombia,48258134,Caldas,998255,NA,NA,NA,NA,49,1,0,1156,23,7
2020-08-08,Colombia,48258134,Caldas,998255,NA,NA,NA,NA,25,2,0,1215,25,7
2020-08-10,Colombia,48258134,Caldas,998255,NA,NA,NA,NA,71,2,0,1383,27,7
2020-08-12,Colombia,48258134,Caldas,998255,NA,NA,NA,NA,39,0,0,1455,29,7
2020-08-14,Colombia,48258134,Caldas,998255,NA,NA,NA,NA,62,0,0,1547,32,7
2020-02-25,Colombia,48258134,Caqueta,401489,NA,NA,NA,NA,NA,NA,NA,0,0,0
2020-02-27,Colombia,48258134,Caqueta,401489,NA,NA,NA,NA,0,0,0,0,0,0
2020-02-29,Colombia,48258134,Caqueta,401489,NA,NA,NA,NA,0,0,0,0,0,0
2020-03-02,Colombia,48258134,Caqueta,401489,NA,NA,NA,NA,0,0,0,0,0,0
2020-03-04,Colombia,48258134,Caqueta,401489,NA,NA,NA,NA,0,0,0,0,0,0
2020-03-06,Colombia,48258134,Caqueta,401489,NA,NA,NA,NA,0,0,0,0,0,0
2020-03-08,Colombia,48258134,Caqueta,401489,NA,NA,NA,NA,0,0,0,0,0,0
2020-03-10,Colombia,48258134,Caqueta,401489,NA,NA,NA,NA,0,0,0,0,0,0
2020-03-12,Colombia,48258134,Caqueta,401489,NA,NA,NA,NA,0,0,0,0,0,0
2020-03-14,Colombia,48258134,Caqueta,401489,NA,NA,NA,NA,0,0,0,0,0,0
2020-03-16,Colombia,48258134,Caqueta,401489,NA,NA,NA,NA,0,0,0,0,0,0
2020-03-18,Colombia,48258134,Caqueta,401489,NA,NA,NA,NA,0,0,0,0,0,0
2020-03-20,Colombia,48258134,Caqueta,401489,NA,NA,NA,NA,0,0,0,0,0,0
2020-03-22,Colombia,48258134,Caqueta,401489,NA,NA,NA,NA,0,0,0,0,0,0
2020-03-24,Colombia,48258134,Caqueta,401489,NA,NA,NA,NA,0,0,0,0,0,0
2020-03-26,Colombia,48258134,Caqueta,401489,NA,NA,NA,NA,0,0,0,0,0,0
2020-03-28,Colombia,48258134,Caqueta,401489,NA,NA,NA,NA,0,0,0,0,0,0
2020-03-30,Colombia,48258134,Caqueta,401489,NA,NA,NA,NA,0,0,0,0,0,0
2020-04-01,Colombia,48258134,Caqueta,401489,NA,NA,NA,NA,0,0,0,0,0,0
2020-04-03,Colombia,48258134,Caqueta,401489,NA,NA,NA,NA,0,0,0,0,0,0
2020-04-05,Colombia,48258134,Caqueta,401489,NA,NA,NA,NA,0,0,0,0,0,0
2020-04-07,Colombia,48258134,Caqueta,401489,NA,NA,NA,NA,0,0,0,0,0,0
2020-04-09,Colombia,48258134,Caqueta,401489,NA,NA,NA,NA,0,0,0,0,0,0
2020-04-11,Colombia,48258134,Caqueta,401489,NA,NA,NA,NA,0,0,0,0,0,0
2020-04-13,Colombia,48258134,Caqueta,401489,NA,NA,NA,NA,0,0,0,0,0,0
2020-04-15,Colombia,48258134,Caqueta,401489,NA,NA,NA,NA,0,1,0,0,1,0
2020-04-17,Colombia,48258134,Caqueta,401489,NA,NA,NA,NA,0,0,0,0,1,0
2020-04-19,Colombia,48258134,Caqueta,401489,NA,NA,NA,NA,1,0,0,2,1,0
2020-04-21,Colombia,48258134,Caqueta,401489,NA,NA,NA,NA,0,0,0,2,1,0
2020-04-23,Colombia,48258134,Caqueta,401489,NA,NA,NA,NA,0,0,0,2,1,0
2020-04-25,Colombia,48258134,Caqueta,401489,NA,NA,NA,NA,0,0,0,2,1,0
2020-04-27,Colombia,48258134,Caqueta,401489,NA,NA,NA,NA,0,0,0,2,1,0
2020-04-29,Colombia,48258134,Caqueta,401489,NA,NA,NA,NA,1,0,0,8,1,0
2020-05-01,Colombia,48258134,Caqueta,401489,NA,NA,NA,NA,1,0,0,9,1,0
2020-05-03,Colombia,48258134,Caqueta,401489,NA,NA,NA,NA,0,0,0,9,1,0
2020-05-05,Colombia,48258134,Caqueta,401489,NA,NA,NA,NA,6,0,0,15,1,0
2020-05-07,Colombia,48258134,Caqueta,401489,NA,NA,NA,NA,0,0,0,15,1,0
2020-05-09,Colombia,48258134,Caqueta,401489,NA,NA,NA,NA,0,0,0,15,1,0
2020-05-11,Colombia,48258134,Caqueta,401489,NA,NA,NA,NA,0,0,0,16,1,0
2020-05-13,Colombia,48258134,Caqueta,401489,NA,NA,NA,NA,2,0,0,19,1,0
2020-05-15,Colombia,48258134,Caqueta,401489,NA,NA,NA,NA,0,0,0,19,1,0
2020-05-17,Colombia,48258134,Caqueta,401489,NA,NA,NA,NA,0,0,0,20,1,0
2020-05-19,Colombia,48258134,Caqueta,401489,NA,NA,NA,NA,0,0,0,21,1,0
2020-05-21,Colombia,48258134,Caqueta,401489,NA,NA,NA,NA,0,0,0,21,1,0
2020-05-23,Colombia,48258134,Caqueta,401489,NA,NA,NA,NA,0,0,0,21,1,0
2020-05-25,Colombia,48258134,Caqueta,401489,NA,NA,NA,NA,1,0,0,22,1,0
2020-05-27,Colombia,48258134,Caqueta,401489,NA,NA,NA,NA,0,0,0,24,1,0
2020-05-29,Colombia,48258134,Caqueta,401489,NA,NA,NA,NA,0,0,0,24,1,0
2020-05-31,Colombia,48258134,Caqueta,401489,NA,NA,NA,NA,0,0,0,24,1,0
2020-06-02,Colombia,48258134,Caqueta,401489,NA,NA,NA,NA,0,0,0,24,1,0
2020-06-04,Colombia,48258134,Caqueta,401489,NA,NA,NA,NA,0,0,0,24,1,0
2020-06-06,Colombia,48258134,Caqueta,401489,NA,NA,NA,NA,0,0,0,24,1,0
2020-06-08,Colombia,48258134,Caqueta,401489,NA,NA,NA,NA,0,0,0,25,1,0
2020-06-10,Colombia,48258134,Caqueta,401489,NA,NA,NA,NA,0,0,0,25,1,0
2020-06-12,Colombia,48258134,Caqueta,401489,NA,NA,NA,NA,0,0,0,25,1,0
2020-06-14,Colombia,48258134,Caqueta,401489,NA,NA,NA,NA,0,0,0,25,1,0
2020-06-16,Colombia,48258134,Caqueta,401489,NA,NA,NA,NA,3,0,0,28,1,0
2020-06-18,Colombia,48258134,Caqueta,401489,NA,NA,NA,NA,0,0,0,26,1,0
2020-06-20,Colombia,48258134,Caqueta,401489,NA,NA,NA,NA,0,0,0,26,1,0
2020-06-22,Colombia,48258134,Caqueta,401489,NA,NA,NA,NA,0,0,0,26,1,0
2020-06-24,Colombia,48258134,Caqueta,401489,NA,NA,NA,NA,0,0,0,26,1,0
2020-06-26,Colombia,48258134,Caqueta,401489,NA,NA,NA,NA,0,0,0,26,1,0
2020-06-28,Colombia,48258134,Caqueta,401489,NA,NA,NA,NA,4,0,0,35,1,0
2020-06-30,Colombia,48258134,Caqueta,401489,NA,NA,NA,NA,0,0,0,35,1,0
2020-07-02,Colombia,48258134,Caqueta,401489,NA,NA,NA,NA,4,0,0,43,1,0
2020-07-04,Colombia,48258134,Caqueta,401489,NA,NA,NA,NA,11,0,0,54,1,0
2020-07-06,Colombia,48258134,Caqueta,401489,NA,NA,NA,NA,5,0,0,60,2,0
2020-07-08,Colombia,48258134,Caqueta,401489,NA,NA,NA,NA,13,0,0,80,3,0
2020-07-10,Colombia,48258134,Caqueta,401489,NA,NA,NA,NA,5,0,0,86,3,0
2020-07-12,Colombia,48258134,Caqueta,401489,NA,NA,NA,NA,15,0,0,112,4,0
2020-07-14,Colombia,48258134,Caqueta,401489,NA,NA,NA,NA,6,1,0,124,7,0
2020-07-16,Colombia,48258134,Caqueta,401489,NA,NA,NA,NA,41,0,0,169,7,0
2020-07-18,Colombia,48258134,Caqueta,401489,NA,NA,NA,NA,39,1,0,221,9,0
2020-07-20,Colombia,48258134,Caqueta,401489,NA,NA,NA,NA,70,1,0,395,10,0
2020-07-22,Colombia,48258134,Caqueta,401489,NA,NA,NA,NA,26,1,0,478,11,0
2020-07-24,Colombia,48258134,Caqueta,401489,NA,NA,NA,NA,4,1,0,490,13,0
2020-07-26,Colombia,48258134,Caqueta,401489,NA,NA,NA,NA,43,1,0,586,16,0
2020-07-28,Colombia,48258134,Caqueta,401489,NA,NA,NA,NA,64,1,0,742,18,0
2020-07-30,Colombia,48258134,Caqueta,401489,NA,NA,NA,NA,68,3,0,884,22,0
2020-08-01,Colombia,48258134,Caqueta,401489,NA,NA,NA,NA,182,9,0,1116,33,0
2020-08-03,Colombia,48258134,Caqueta,401489,NA,NA,NA,NA,239,2,0,1515,42,0
2020-08-05,Colombia,48258134,Caqueta,401489,NA,NA,NA,NA,192,4,0,1839,49,0
2020-08-07,Colombia,48258134,Caqueta,401489,NA,NA,NA,NA,174,6,0,2042,56,0
2020-08-09,Colombia,48258134,Caqueta,401489,NA,NA,NA,NA,352,9,0,2495,77,0
2020-08-11,Colombia,48258134,Caqueta,401489,NA,NA,NA,NA,175,6,0,2794,88,0
2020-08-13,Colombia,48258134,Caqueta,401489,NA,NA,NA,NA,124,11,0,3068,99,0
2020-08-15,Colombia,48258134,Caqueta,401489,NA,NA,NA,NA,183,1,0,3511,106,0
2020-02-26,Colombia,48258134,Casanare,420504,NA,NA,NA,NA,NA,NA,NA,0,0,0
2020-02-28,Colombia,48258134,Casanare,420504,NA,NA,NA,NA,0,0,0,0,0,0
2020-03-01,Colombia,48258134,Casanare,420504,NA,NA,NA,NA,0,0,0,0,0,0
2020-03-03,Colombia,48258134,Casanare,420504,NA,NA,NA,NA,0,0,0,0,0,0
2020-03-05,Colombia,48258134,Casanare,420504,NA,NA,NA,NA,0,0,0,0,0,0
2020-03-07,Colombia,48258134,Casanare,420504,NA,NA,NA,NA,0,0,0,0,0,0
2020-03-09,Colombia,48258134,Casanare,420504,NA,NA,NA,NA,0,0,0,0,0,0
2020-03-11,Colombia,48258134,Casanare,420504,NA,NA,NA,NA,0,0,0,0,0,0
2020-03-13,Colombia,48258134,Casanare,420504,NA,NA,NA,NA,0,0,0,0,0,0
2020-03-15,Colombia,48258134,Casanare,420504,NA,NA,NA,NA,0,0,0,0,0,0
2020-03-17,Colombia,48258134,Casanare,420504,NA,NA,NA,NA,0,0,0,0,0,0
2020-03-19,Colombia,48258134,Casanare,420504,NA,NA,NA,NA,0,0,0,0,0,0
2020-03-21,Colombia,48258134,Casanare,420504,NA,NA,NA,NA,0,0,0,0,0,0
2020-03-23,Colombia,48258134,Casanare,420504,NA,NA,NA,NA,0,0,0,1,0,0
2020-03-25,Colombia,48258134,Casanare,420504,NA,NA,NA,NA,0,0,0,1,0,0
2020-03-27,Colombia,48258134,Casanare,420504,NA,NA,NA,NA,0,0,0,1,0,0
2020-03-29,Colombia,48258134,Casanare,420504,NA,NA,NA,NA,0,0,0,1,0,0
2020-03-31,Colombia,48258134,Casanare,420504,NA,NA,NA,NA,0,0,0,1,0,0
2020-04-02,Colombia,48258134,Casanare,420504,NA,NA,NA,NA,0,0,0,2,0,0
2020-04-04,Colombia,48258134,Casanare,420504,NA,NA,NA,NA,0,0,1,2,0,1
2020-04-06,Colombia,48258134,Casanare,420504,NA,NA,NA,NA,0,0,0,2,0,1
2020-04-08,Colombia,48258134,Casanare,420504,NA,NA,NA,NA,0,0,0,2,0,1
2020-04-10,Colombia,48258134,Casanare,420504,NA,NA,NA,NA,2,0,0,5,0,1
2020-04-12,Colombia,48258134,Casanare,420504,NA,NA,NA,NA,0,0,0,7,0,1
2020-04-14,Colombia,48258134,Casanare,420504,NA,NA,NA,NA,2,0,0,9,0,1
2020-04-16,Colombia,48258134,Casanare,420504,NA,NA,NA,NA,0,0,0,9,0,1
2020-04-18,Colombia,48258134,Casanare,420504,NA,NA,NA,NA,0,0,0,9,0,1
2020-04-20,Colombia,48258134,Casanare,420504,NA,NA,NA,NA,0,0,0,10,0,1
2020-04-22,Colombia,48258134,Casanare,420504,NA,NA,NA,NA,0,0,0,10,0,1
2020-04-24,Colombia,48258134,Casanare,420504,NA,NA,NA,NA,0,0,0,10,0,1
2020-04-26,Colombia,48258134,Casanare,420504,NA,NA,NA,NA,0,0,0,10,0,1
2020-04-28,Colombia,48258134,Casanare,420504,NA,NA,NA,NA,6,0,0,16,0,1
2020-04-30,Colombia,48258134,Casanare,420504,NA,NA,NA,NA,0,0,0,18,0,1
2020-05-02,Colombia,48258134,Casanare,420504,NA,NA,NA,NA,0,0,0,18,0,1
2020-05-04,Colombia,48258134,Casanare,420504,NA,NA,NA,NA,1,0,0,20,0,1
2020-05-06,Colombia,48258134,Casanare,420504,NA,NA,NA,NA,0,0,0,20,0,1
2020-05-08,Colombia,48258134,Casanare,420504,NA,NA,NA,NA,0,0,0,20,0,1
2020-05-10,Colombia,48258134,Casanare,420504,NA,NA,NA,NA,1,0,0,21,0,1
2020-05-12,Colombia,48258134,Casanare,420504,NA,NA,NA,NA,0,0,0,21,0,1
2020-05-14,Colombia,48258134,Casanare,420504,NA,NA,NA,NA,0,0,0,25,0,1
2020-05-16,Colombia,48258134,Casanare,420504,NA,NA,NA,NA,0,0,0,25,0,1
2020-05-18,Colombia,48258134,Casanare,420504,NA,NA,NA,NA,0,0,0,25,0,1
2020-05-20,Colombia,48258134,Casanare,420504,NA,NA,NA,NA,1,0,0,26,0,1
2020-05-22,Colombia,48258134,Casanare,420504,NA,NA,NA,NA,0,0,0,26,0,1
2020-05-24,Colombia,48258134,Casanare,420504,NA,NA,NA,NA,0,0,0,26,0,1
2020-05-26,Colombia,48258134,Casanare,420504,NA,NA,NA,NA,0,0,0,32,0,1
2020-05-28,Colombia,48258134,Casanare,420504,NA,NA,NA,NA,0,0,0,33,0,1
2020-05-30,Colombia,48258134,Casanare,420504,NA,NA,NA,NA,0,0,0,34,0,1
2020-06-01,Colombia,48258134,Casanare,420504,NA,NA,NA,NA,0,0,0,35,0,1
2020-06-03,Colombia,48258134,Casanare,420504,NA,NA,NA,NA,0,0,0,35,0,1
2020-06-05,Colombia,48258134,Casanare,420504,NA,NA,NA,NA,0,0,0,36,0,1
2020-06-07,Colombia,48258134,Casanare,420504,NA,NA,NA,NA,0,0,0,36,0,1
2020-06-09,Colombia,48258134,Casanare,420504,NA,NA,NA,NA,0,0,0,36,0,1
2020-06-11,Colombia,48258134,Casanare,420504,NA,NA,NA,NA,0,0,0,36,0,1
2020-06-13,Colombia,48258134,Casanare,420504,NA,NA,NA,NA,0,0,0,37,0,1
2020-06-15,Colombia,48258134,Casanare,420504,NA,NA,NA,NA,0,0,0,38,0,1
2020-06-17,Colombia,48258134,Casanare,420504,NA,NA,NA,NA,1,0,0,39,0,1
2020-06-19,Colombia,48258134,Casanare,420504,NA,NA,NA,NA,10,0,0,51,0,1
2020-06-21,Colombia,48258134,Casanare,420504,NA,NA,NA,NA,3,0,0,55,0,1
2020-06-23,Colombia,48258134,Casanare,420504,NA,NA,NA,NA,1,0,0,58,0,1
2020-06-25,Colombia,48258134,Casanare,420504,NA,NA,NA,NA,3,0,0,64,0,1
2020-06-27,Colombia,48258134,Casanare,420504,NA,NA,NA,NA,1,0,0,65,0,1
2020-06-29,Colombia,48258134,Casanare,420504,NA,NA,NA,NA,0,0,0,66,0,1
2020-07-01,Colombia,48258134,Casanare,420504,NA,NA,NA,NA,2,0,0,68,0,1
2020-07-03,Colombia,48258134,Casanare,420504,NA,NA,NA,NA,15,0,0,85,0,1
2020-07-05,Colombia,48258134,Casanare,420504,NA,NA,NA,NA,2,0,0,87,0,1
2020-07-07,Colombia,48258134,Casanare,420504,NA,NA,NA,NA,0,0,0,88,0,1
2020-07-09,Colombia,48258134,Casanare,420504,NA,NA,NA,NA,7,0,0,97,1,1
2020-07-11,Colombia,48258134,Casanare,420504,NA,NA,NA,NA,4,0,0,115,1,1
2020-07-13,Colombia,48258134,Casanare,420504,NA,NA,NA,NA,4,0,0,121,2,1
2020-07-15,Colombia,48258134,Casanare,420504,NA,NA,NA,NA,6,0,0,136,2,1
2020-07-17,Colombia,48258134,Casanare,420504,NA,NA,NA,NA,2,0,0,143,2,1
2020-07-19,Colombia,48258134,Casanare,420504,NA,NA,NA,NA,8,0,0,156,2,1
2020-07-21,Colombia,48258134,Casanare,420504,NA,NA,NA,NA,12,1,0,186,3,1
2020-07-23,Colombia,48258134,Casanare,420504,NA,NA,NA,NA,10,0,0,200,4,1
2020-07-25,Colombia,48258134,Casanare,420504,NA,NA,NA,NA,11,0,0,215,4,1
2020-07-27,Colombia,48258134,Casanare,420504,NA,NA,NA,NA,32,0,0,254,4,1
2020-07-29,Colombia,48258134,Casanare,420504,NA,NA,NA,NA,8,1,0,277,5,1
2020-07-31,Colombia,48258134,Casanare,420504,NA,NA,NA,NA,8,1,0,306,6,1
2020-08-02,Colombia,48258134,Casanare,420504,NA,NA,NA,NA,13,0,0,328,6,1
2020-08-04,Colombia,48258134,Casanare,420504,NA,NA,NA,NA,15,0,0,366,6,1
2020-08-06,Colombia,48258134,Casanare,420504,NA,NA,NA,NA,25,0,0,416,6,1
2020-08-08,Colombia,48258134,Casanare,420504,NA,NA,NA,NA,14,0,0,443,6,1
2020-08-10,Colombia,48258134,Casanare,420504,NA,NA,NA,NA,40,0,0,491,10,1
2020-08-12,Colombia,48258134,Casanare,420504,NA,NA,NA,NA,32,2,0,535,13,1
2020-08-14,Colombia,48258134,Casanare,420504,NA,NA,NA,NA,20,0,0,593,13,1
2020-02-25,Colombia,48258134,Cauca,1464488,NA,NA,NA,NA,NA,NA,NA,0,0,0
2020-02-27,Colombia,48258134,Cauca,1464488,NA,NA,NA,NA,0,0,0,0,0,0
2020-02-29,Colombia,48258134,Cauca,1464488,NA,NA,NA,NA,0,0,0,0,0,0
2020-03-02,Colombia,48258134,Cauca,1464488,NA,NA,NA,NA,0,0,0,0,0,0
2020-03-04,Colombia,48258134,Cauca,1464488,NA,NA,NA,NA,0,0,0,0,0,0
2020-03-06,Colombia,48258134,Cauca,1464488,NA,NA,NA,NA,0,0,0,0,0,0
2020-03-08,Colombia,48258134,Cauca,1464488,NA,NA,NA,NA,0,0,0,0,0,0
2020-03-10,Colombia,48258134,Cauca,1464488,NA,NA,NA,NA,0,0,0,0,0,0
2020-03-12,Colombia,48258134,Cauca,1464488,NA,NA,NA,NA,0,0,0,0,0,0
2020-03-14,Colombia,48258134,Cauca,1464488,NA,NA,NA,NA,0,0,0,0,0,0
2020-03-16,Colombia,48258134,Cauca,1464488,NA,NA,NA,NA,0,0,0,0,0,0
2020-03-18,Colombia,48258134,Cauca,1464488,NA,NA,NA,NA,0,0,0,0,0,0
2020-03-20,Colombia,48258134,Cauca,1464488,NA,NA,NA,NA,0,0,0,2,0,0
2020-03-22,Colombia,48258134,Cauca,1464488,NA,NA,NA,NA,0,0,0,2,0,0
2020-03-24,Colombia,48258134,Cauca,1464488,NA,NA,NA,NA,1,1,0,3,1,0
2020-03-26,Colombia,48258134,Cauca,1464488,NA,NA,NA,NA,0,0,0,9,1,0
2020-03-28,Colombia,48258134,Cauca,1464488,NA,NA,NA,NA,0,0,0,9,1,0
2020-03-30,Colombia,48258134,Cauca,1464488,NA,NA,NA,NA,0,0,0,9,1,0
2020-04-01,Colombia,48258134,Cauca,1464488,NA,NA,NA,NA,3,0,0,12,2,0
2020-04-03,Colombia,48258134,Cauca,1464488,NA,NA,NA,NA,0,0,0,12,2,0
2020-04-05,Colombia,48258134,Cauca,1464488,NA,NA,NA,NA,1,0,0,13,2,0
2020-04-07,Colombia,48258134,Cauca,1464488,NA,NA,NA,NA,1,0,0,16,2,0
2020-04-09,Colombia,48258134,Cauca,1464488,NA,NA,NA,NA,2,0,1,20,2,1
2020-04-11,Colombia,48258134,Cauca,1464488,NA,NA,NA,NA,3,0,0,26,3,4
2020-04-13,Colombia,48258134,Cauca,1464488,NA,NA,NA,NA,0,0,0,27,4,4
2020-04-15,Colombia,48258134,Cauca,1464488,NA,NA,NA,NA,1,0,0,31,4,4
2020-04-17,Colombia,48258134,Cauca,1464488,NA,NA,NA,NA,3,0,0,38,4,4
2020-04-19,Colombia,48258134,Cauca,1464488,NA,NA,NA,NA,0,0,0,41,4,4
2020-04-21,Colombia,48258134,Cauca,1464488,NA,NA,NA,NA,2,0,0,44,4,4
2020-04-23,Colombia,48258134,Cauca,1464488,NA,NA,NA,NA,1,0,0,45,4,4
2020-04-25,Colombia,48258134,Cauca,1464488,NA,NA,NA,NA,1,0,0,48,5,4
2020-04-27,Colombia,48258134,Cauca,1464488,NA,NA,NA,NA,4,0,0,55,5,4
2020-04-29,Colombia,48258134,Cauca,1464488,NA,NA,NA,NA,3,0,0,62,6,4
2020-05-01,Colombia,48258134,Cauca,1464488,NA,NA,NA,NA,5,0,0,69,6,4
2020-05-03,Colombia,48258134,Cauca,1464488,NA,NA,NA,NA,0,1,0,71,7,4
2020-05-05,Colombia,48258134,Cauca,1464488,NA,NA,NA,NA,12,0,0,87,8,4
2020-05-07,Colombia,48258134,Cauca,1464488,NA,NA,NA,NA,3,0,0,91,8,4
2020-05-09,Colombia,48258134,Cauca,1464488,NA,NA,NA,NA,4,0,0,97,8,4
2020-05-11,Colombia,48258134,Cauca,1464488,NA,NA,NA,NA,9,2,0,112,11,4
2020-05-13,Colombia,48258134,Cauca,1464488,NA,NA,NA,NA,7,0,0,138,11,4
2020-05-15,Colombia,48258134,Cauca,1464488,NA,NA,NA,NA,9,0,0,153,12,4
2020-05-17,Colombia,48258134,Cauca,1464488,NA,NA,NA,NA,4,1,0,166,15,4
2020-05-19,Colombia,48258134,Cauca,1464488,NA,NA,NA,NA,5,0,0,194,15,4
2020-05-21,Colombia,48258134,Cauca,1464488,NA,NA,NA,NA,11,1,0,221,16,4
2020-05-23,Colombia,48258134,Cauca,1464488,NA,NA,NA,NA,17,2,0,290,23,4
2020-05-25,Colombia,48258134,Cauca,1464488,NA,NA,NA,NA,16,1,0,322,24,4
2020-05-27,Colombia,48258134,Cauca,1464488,NA,NA,NA,NA,39,1,0,399,25,4
2020-05-29,Colombia,48258134,Cauca,1464488,NA,NA,NA,NA,14,2,0,440,39,4
2020-05-31,Colombia,48258134,Cauca,1464488,NA,NA,NA,NA,28,1,0,597,40,4
2020-06-02,Colombia,48258134,Cauca,1464488,NA,NA,NA,NA,36,2,0,658,42,4
2020-06-04,Colombia,48258134,Cauca,1464488,NA,NA,NA,NA,30,1,0,721,44,4
2020-06-06,Colombia,48258134,Cauca,1464488,NA,NA,NA,NA,29,0,0,843,45,4
2020-06-08,Colombia,48258134,Cauca,1464488,NA,NA,NA,NA,58,2,0,923,52,4
2020-06-10,Colombia,48258134,Cauca,1464488,NA,NA,NA,NA,31,3,0,972,57,4
2020-06-12,Colombia,48258134,Cauca,1464488,NA,NA,NA,NA,61,0,0,1074,60,4
2020-06-14,Colombia,48258134,Cauca,1464488,NA,NA,NA,NA,33,2,0,1155,62,4
2020-06-16,Colombia,48258134,Cauca,1464488,NA,NA,NA,NA,78,6,0,1274,73,4
2020-06-18,Colombia,48258134,Cauca,1464488,NA,NA,NA,NA,32,3,0,1339,87,4
2020-06-20,Colombia,48258134,Cauca,1464488,NA,NA,NA,NA,34,0,0,1424,90,4
2020-06-22,Colombia,48258134,Cauca,1464488,NA,NA,NA,NA,27,4,0,1512,95,4
2020-06-24,Colombia,48258134,Cauca,1464488,NA,NA,NA,NA,63,0,0,1619,97,4
2020-06-26,Colombia,48258134,Cauca,1464488,NA,NA,NA,NA,27,1,0,1677,98,4
2020-06-28,Colombia,48258134,Cauca,1464488,NA,NA,NA,NA,51,2,0,1756,100,4
2020-06-30,Colombia,48258134,Cauca,1464488,NA,NA,NA,NA,50,1,0,1814,103,4
2020-07-02,Colombia,48258134,Cauca,1464488,NA,NA,NA,NA,90,3,0,1991,126,4
2020-07-04,Colombia,48258134,Cauca,1464488,NA,NA,NA,NA,63,0,0,2076,127,4
2020-07-06,Colombia,48258134,Cauca,1464488,NA,NA,NA,NA,17,7,0,2130,134,4
2020-07-08,Colombia,48258134,Cauca,1464488,NA,NA,NA,NA,57,1,0,2263,139,4
2020-07-10,Colombia,48258134,Cauca,1464488,NA,NA,NA,NA,83,4,0,2410,144,4
2020-07-12,Colombia,48258134,Cauca,1464488,NA,NA,NA,NA,43,13,0,2482,157,4
2020-07-14,Colombia,48258134,Cauca,1464488,NA,NA,NA,NA,82,3,0,2576,166,4
2020-07-16,Colombia,48258134,Cauca,1464488,NA,NA,NA,NA,100,4,0,2745,173,4
2020-07-18,Colombia,48258134,Cauca,1464488,NA,NA,NA,NA,57,6,0,2895,179,4
2020-07-20,Colombia,48258134,Cauca,1464488,NA,NA,NA,NA,38,2,0,2992,184,4
2020-07-22,Colombia,48258134,Cauca,1464488,NA,NA,NA,NA,146,4,0,3246,192,4
2020-07-24,Colombia,48258134,Cauca,1464488,NA,NA,NA,NA,37,2,0,3403,196,4
2020-07-26,Colombia,48258134,Cauca,1464488,NA,NA,NA,NA,92,5,0,3594,206,4
2020-07-28,Colombia,48258134,Cauca,1464488,NA,NA,NA,NA,104,1,0,3766,209,4
2020-07-30,Colombia,48258134,Cauca,1464488,NA,NA,NA,NA,84,6,0,3914,219,4
2020-08-01,Colombia,48258134,Cauca,1464488,NA,NA,NA,NA,90,6,0,4087,226,4
2020-08-03,Colombia,48258134,Cauca,1464488,NA,NA,NA,NA,93,6,0,4263,237,4
2020-08-05,Colombia,48258134,Cauca,1464488,NA,NA,NA,NA,167,3,0,4494,247,4
2020-08-07,Colombia,48258134,Cauca,1464488,NA,NA,NA,NA,135,5,0,4712,255,4
2020-08-09,Colombia,48258134,Cauca,1464488,NA,NA,NA,NA,86,5,0,4864,265,4
2020-08-11,Colombia,48258134,Cauca,1464488,NA,NA,NA,NA,101,4,0,4995,273,4
2020-08-13,Colombia,48258134,Cauca,1464488,NA,NA,NA,NA,212,3,0,5248,283,4
2020-08-15,Colombia,48258134,Cauca,1464488,NA,NA,NA,NA,72,1,0,5481,285,4
2020-02-26,Colombia,48258134,Cesar,1200574,NA,NA,NA,NA,NA,NA,NA,0,0,0
2020-02-28,Colombia,48258134,Cesar,1200574,NA,NA,NA,NA,0,0,0,0,0,0
2020-03-01,Colombia,48258134,Cesar,1200574,NA,NA,NA,NA,0,0,0,0,0,0
2020-03-03,Colombia,48258134,Cesar,1200574,NA,NA,NA,NA,0,0,0,0,0,0
2020-03-05,Colombia,48258134,Cesar,1200574,NA,NA,NA,NA,0,0,0,0,0,0
2020-03-07,Colombia,48258134,Cesar,1200574,NA,NA,NA,NA,0,0,0,0,0,0
2020-03-09,Colombia,48258134,Cesar,1200574,NA,NA,NA,NA,0,0,0,0,0,0
2020-03-11,Colombia,48258134,Cesar,1200574,NA,NA,NA,NA,0,0,0,0,0,0
2020-03-13,Colombia,48258134,Cesar,1200574,NA,NA,NA,NA,0,0,0,0,0,0
2020-03-15,Colombia,48258134,Cesar,1200574,NA,NA,NA,NA,0,0,0,0,0,0
2020-03-17,Colombia,48258134,Cesar,1200574,NA,NA,NA,NA,0,0,0,0,0,0
2020-03-19,Colombia,48258134,Cesar,1200574,NA,NA,NA,NA,0,0,0,0,0,0
2020-03-21,Colombia,48258134,Cesar,1200574,NA,NA,NA,NA,0,0,0,0,0,0
2020-03-23,Colombia,48258134,Cesar,1200574,NA,NA,NA,NA,0,0,0,1,0,0
2020-03-25,Colombia,48258134,Cesar,1200574,NA,NA,NA,NA,0,0,0,2,0,0
2020-03-27,Colombia,48258134,Cesar,1200574,NA,NA,NA,NA,0,0,1,2,0,1
2020-03-29,Colombia,48258134,Cesar,1200574,NA,NA,NA,NA,1,0,0,4,0,1
2020-03-31,Colombia,48258134,Cesar,1200574,NA,NA,NA,NA,7,0,0,11,0,1
2020-04-02,Colombia,48258134,Cesar,1200574,NA,NA,NA,NA,0,0,0,16,0,1
2020-04-04,Colombia,48258134,Cesar,1200574,NA,NA,NA,NA,0,0,0,16,0,1
2020-04-06,Colombia,48258134,Cesar,1200574,NA,NA,NA,NA,0,0,0,16,0,1
2020-04-08,Colombia,48258134,Cesar,1200574,NA,NA,NA,NA,1,0,0,17,0,3
2020-04-10,Colombia,48258134,Cesar,1200574,NA,NA,NA,NA,2,0,4,20,0,8
2020-04-12,Colombia,48258134,Cesar,1200574,NA,NA,NA,NA,0,0,0,32,0,8
2020-04-14,Colombia,48258134,Cesar,1200574,NA,NA,NA,NA,0,0,0,32,0,8
2020-04-16,Colombia,48258134,Cesar,1200574,NA,NA,NA,NA,1,1,0,33,1,8
2020-04-18,Colombia,48258134,Cesar,1200574,NA,NA,NA,NA,0,0,0,33,1,8
2020-04-20,Colombia,48258134,Cesar,1200574,NA,NA,NA,NA,2,0,0,35,1,8
2020-04-22,Colombia,48258134,Cesar,1200574,NA,NA,NA,NA,0,2,0,35,4,8
2020-04-24,Colombia,48258134,Cesar,1200574,NA,NA,NA,NA,7,2,0,42,6,8
2020-04-26,Colombia,48258134,Cesar,1200574,NA,NA,NA,NA,0,0,0,53,6,8
2020-04-28,Colombia,48258134,Cesar,1200574,NA,NA,NA,NA,2,0,0,55,7,8
2020-04-30,Colombia,48258134,Cesar,1200574,NA,NA,NA,NA,0,0,0,55,7,8
2020-05-02,Colombia,48258134,Cesar,1200574,NA,NA,NA,NA,4,0,0,59,7,8
2020-05-04,Colombia,48258134,Cesar,1200574,NA,NA,NA,NA,0,0,0,62,9,8
2020-05-06,Colombia,48258134,Cesar,1200574,NA,NA,NA,NA,0,0,0,70,10,8
2020-05-08,Colombia,48258134,Cesar,1200574,NA,NA,NA,NA,0,0,0,70,11,8
2020-05-10,Colombia,48258134,Cesar,1200574,NA,NA,NA,NA,1,0,0,72,11,8
2020-05-12,Colombia,48258134,Cesar,1200574,NA,NA,NA,NA,0,0,0,72,11,8
2020-05-14,Colombia,48258134,Cesar,1200574,NA,NA,NA,NA,0,0,0,72,11,8
2020-05-16,Colombia,48258134,Cesar,1200574,NA,NA,NA,NA,3,0,0,75,11,8
2020-05-18,Colombia,48258134,Cesar,1200574,NA,NA,NA,NA,1,0,0,77,11,8
2020-05-20,Colombia,48258134,Cesar,1200574,NA,NA,NA,NA,1,0,0,79,11,8
2020-05-22,Colombia,48258134,Cesar,1200574,NA,NA,NA,NA,0,0,0,80,11,8
2020-05-24,Colombia,48258134,Cesar,1200574,NA,NA,NA,NA,3,0,0,90,11,8
2020-05-26,Colombia,48258134,Cesar,1200574,NA,NA,NA,NA,5,0,0,101,11,8
2020-05-28,Colombia,48258134,Cesar,1200574,NA,NA,NA,NA,13,0,0,129,11,8
2020-05-30,Colombia,48258134,Cesar,1200574,NA,NA,NA,NA,44,0,0,207,11,8
2020-06-01,Colombia,48258134,Cesar,1200574,NA,NA,NA,NA,33,0,0,286,11,8
2020-06-03,Colombia,48258134,Cesar,1200574,NA,NA,NA,NA,24,0,0,347,11,8
2020-06-05,Colombia,48258134,Cesar,1200574,NA,NA,NA,NA,19,0,0,414,11,8
2020-06-07,Colombia,48258134,Cesar,1200574,NA,NA,NA,NA,3,0,0,428,11,8
2020-06-09,Colombia,48258134,Cesar,1200574,NA,NA,NA,NA,21,0,0,470,11,8
2020-06-11,Colombia,48258134,Cesar,1200574,NA,NA,NA,NA,2,0,0,498,11,8
2020-06-13,Colombia,48258134,Cesar,1200574,NA,NA,NA,NA,24,0,0,528,17,8
2020-06-15,Colombia,48258134,Cesar,1200574,NA,NA,NA,NA,12,0,0,554,17,8
2020-06-17,Colombia,48258134,Cesar,1200574,NA,NA,NA,NA,28,0,0,588,17,8
2020-06-19,Colombia,48258134,Cesar,1200574,NA,NA,NA,NA,14,4,0,625,21,8
2020-06-21,Colombia,48258134,Cesar,1200574,NA,NA,NA,NA,8,0,0,699,22,8
2020-06-23,Colombia,48258134,Cesar,1200574,NA,NA,NA,NA,3,0,0,731,22,8
2020-06-25,Colombia,48258134,Cesar,1200574,NA,NA,NA,NA,7,0,0,790,22,8
2020-06-27,Colombia,48258134,Cesar,1200574,NA,NA,NA,NA,73,0,0,884,22,8
2020-06-29,Colombia,48258134,Cesar,1200574,NA,NA,NA,NA,47,3,0,992,25,8
2020-07-01,Colombia,48258134,Cesar,1200574,NA,NA,NA,NA,44,7,0,1070,32,8
2020-07-03,Colombia,48258134,Cesar,1200574,NA,NA,NA,NA,93,0,0,1168,32,8
2020-07-05,Colombia,48258134,Cesar,1200574,NA,NA,NA,NA,32,2,0,1299,34,8
2020-07-07,Colombia,48258134,Cesar,1200574,NA,NA,NA,NA,18,1,0,1339,35,8
2020-07-09,Colombia,48258134,Cesar,1200574,NA,NA,NA,NA,22,0,0,1382,35,8
2020-07-11,Colombia,48258134,Cesar,1200574,NA,NA,NA,NA,15,0,0,1433,36,8
2020-07-13,Colombia,48258134,Cesar,1200574,NA,NA,NA,NA,52,2,0,1556,44,8
2020-07-15,Colombia,48258134,Cesar,1200574,NA,NA,NA,NA,80,2,0,1664,47,8
2020-07-17,Colombia,48258134,Cesar,1200574,NA,NA,NA,NA,53,2,0,1818,51,8
2020-07-19,Colombia,48258134,Cesar,1200574,NA,NA,NA,NA,104,1,0,1995,54,8
2020-07-21,Colombia,48258134,Cesar,1200574,NA,NA,NA,NA,11,1,0,2124,55,8
2020-07-23,Colombia,48258134,Cesar,1200574,NA,NA,NA,NA,84,3,0,2307,59,8
2020-07-25,Colombia,48258134,Cesar,1200574,NA,NA,NA,NA,80,2,0,2446,63,8
2020-07-27,Colombia,48258134,Cesar,1200574,NA,NA,NA,NA,101,1,0,2635,65,8
2020-07-29,Colombia,48258134,Cesar,1200574,NA,NA,NA,NA,88,0,0,2885,69,8
2020-07-31,Colombia,48258134,Cesar,1200574,NA,NA,NA,NA,115,1,0,3115,71,8
2020-08-02,Colombia,48258134,Cesar,1200574,NA,NA,NA,NA,152,3,0,3503,82,8
2020-08-04,Colombia,48258134,Cesar,1200574,NA,NA,NA,NA,194,4,0,3731,91,8
2020-08-06,Colombia,48258134,Cesar,1200574,NA,NA,NA,NA,144,6,0,3979,97,8
2020-08-08,Colombia,48258134,Cesar,1200574,NA,NA,NA,NA,178,1,0,4382,108,8
2020-08-10,Colombia,48258134,Cesar,1200574,NA,NA,NA,NA,44,2,0,4510,114,8
2020-08-12,Colombia,48258134,Cesar,1200574,NA,NA,NA,NA,70,9,0,4856,123,8
2020-08-14,Colombia,48258134,Cesar,1200574,NA,NA,NA,NA,176,2,0,5297,128,8
2020-02-25,Colombia,48258134,Choco,534826,NA,NA,NA,NA,NA,NA,NA,0,0,0
2020-02-27,Colombia,48258134,Choco,534826,NA,NA,NA,NA,0,0,0,0,0,0
2020-02-29,Colombia,48258134,Choco,534826,NA,NA,NA,NA,0,0,0,0,0,0
2020-03-02,Colombia,48258134,Choco,534826,NA,NA,NA,NA,0,0,0,0,0,0
2020-03-04,Colombia,48258134,Choco,534826,NA,NA,NA,NA,0,0,0,0,0,0
2020-03-06,Colombia,48258134,Choco,534826,NA,NA,NA,NA,0,0,0,0,0,0
2020-03-08,Colombia,48258134,Choco,534826,NA,NA,NA,NA,0,0,0,0,0,0
2020-03-10,Colombia,48258134,Choco,534826,NA,NA,NA,NA,0,0,0,0,0,0
2020-03-12,Colombia,48258134,Choco,534826,NA,NA,NA,NA,0,0,0,0,0,0
2020-03-14,Colombia,48258134,Choco,534826,NA,NA,NA,NA,0,0,0,0,0,0
2020-03-16,Colombia,48258134,Choco,534826,NA,NA,NA,NA,0,0,0,0,0,0
2020-03-18,Colombia,48258134,Choco,534826,NA,NA,NA,NA,0,0,0,0,0,0
2020-03-20,Colombia,48258134,Choco,534826,NA,NA,NA,NA,0,0,0,0,0,0
2020-03-22,Colombia,48258134,Choco,534826,NA,NA,NA,NA,0,0,0,0,0,0
2020-03-24,Colombia,48258134,Choco,534826,NA,NA,NA,NA,0,0,0,0,0,0
2020-03-26,Colombia,48258134,Choco,534826,NA,NA,NA,NA,0,0,0,0,0,0
2020-03-28,Colombia,48258134,Choco,534826,NA,NA,NA,NA,0,0,0,0,0,0
2020-03-30,Colombia,48258134,Choco,534826,NA,NA,NA,NA,0,0,0,0,0,0
2020-04-01,Colombia,48258134,Choco,534826,NA,NA,NA,NA,0,0,0,0,0,0
2020-04-03,Colombia,48258134,Choco,534826,NA,NA,NA,NA,0,0,0,0,0,0
2020-04-05,Colombia,48258134,Choco,534826,NA,NA,NA,NA,0,0,0,0,0,0
2020-04-07,Colombia,48258134,Choco,534826,NA,NA,NA,NA,0,0,0,0,0,0
2020-04-09,Colombia,48258134,Choco,534826,NA,NA,NA,NA,0,0,0,0,0,0
2020-04-11,Colombia,48258134,Choco,534826,NA,NA,NA,NA,1,0,0,1,0,0
2020-04-13,Colombia,48258134,Choco,534826,NA,NA,NA,NA,0,0,0,1,0,0
2020-04-15,Colombia,48258134,Choco,534826,NA,NA,NA,NA,0,0,0,1,0,0
2020-04-17,Colombia,48258134,Choco,534826,NA,NA,NA,NA,5,0,0,6,0,0
2020-04-19,Colombia,48258134,Choco,534826,NA,NA,NA,NA,0,0,0,8,0,0
2020-04-21,Colombia,48258134,Choco,534826,NA,NA,NA,NA,1,0,0,9,0,0
2020-04-23,Colombia,48258134,Choco,534826,NA,NA,NA,NA,1,0,0,10,0,0
2020-04-25,Colombia,48258134,Choco,534826,NA,NA,NA,NA,0,1,0,10,1,0
2020-04-27,Colombia,48258134,Choco,534826,NA,NA,NA,NA,0,0,0,11,1,0
2020-04-29,Colombia,48258134,Choco,534826,NA,NA,NA,NA,1,0,0,13,1,0
2020-05-01,Colombia,48258134,Choco,534826,NA,NA,NA,NA,0,0,0,13,2,0
2020-05-03,Colombia,48258134,Choco,534826,NA,NA,NA,NA,0,0,0,15,3,0
2020-05-05,Colombia,48258134,Choco,534826,NA,NA,NA,NA,1,0,0,24,3,0
2020-05-07,Colombia,48258134,Choco,534826,NA,NA,NA,NA,0,0,0,27,3,0
2020-05-09,Colombia,48258134,Choco,534826,NA,NA,NA,NA,0,0,0,27,3,0
2020-05-11,Colombia,48258134,Choco,534826,NA,NA,NA,NA,0,0,0,28,3,0
2020-05-13,Colombia,48258134,Choco,534826,NA,NA,NA,NA,5,0,0,40,3,0
2020-05-15,Colombia,48258134,Choco,534826,NA,NA,NA,NA,2,0,0,42,3,0
2020-05-17,Colombia,48258134,Choco,534826,NA,NA,NA,NA,1,0,0,43,4,0
2020-05-19,Colombia,48258134,Choco,534826,NA,NA,NA,NA,30,0,0,73,4,0
2020-05-21,Colombia,48258134,Choco,534826,NA,NA,NA,NA,0,0,0,80,4,0
2020-05-23,Colombia,48258134,Choco,534826,NA,NA,NA,NA,2,0,0,84,4,0
2020-05-25,Colombia,48258134,Choco,534826,NA,NA,NA,NA,16,0,0,109,4,0
2020-05-27,Colombia,48258134,Choco,534826,NA,NA,NA,NA,33,0,0,154,4,0
2020-05-29,Colombia,48258134,Choco,534826,NA,NA,NA,NA,0,6,0,196,10,0
2020-05-31,Colombia,48258134,Choco,534826,NA,NA,NA,NA,7,0,0,226,10,0
2020-06-02,Colombia,48258134,Choco,534826,NA,NA,NA,NA,68,0,0,295,10,0
2020-06-04,Colombia,48258134,Choco,534826,NA,NA,NA,NA,40,0,0,335,10,0
2020-06-06,Colombia,48258134,Choco,534826,NA,NA,NA,NA,1,1,0,396,11,0
2020-06-08,Colombia,48258134,Choco,534826,NA,NA,NA,NA,60,0,0,472,11,0
2020-06-10,Colombia,48258134,Choco,534826,NA,NA,NA,NA,68,0,0,557,11,0
2020-06-12,Colombia,48258134,Choco,534826,NA,NA,NA,NA,6,0,0,583,11,0
2020-06-14,Colombia,48258134,Choco,534826,NA,NA,NA,NA,14,0,0,695,22,0
2020-06-16,Colombia,48258134,Choco,534826,NA,NA,NA,NA,107,0,0,823,23,0
2020-06-18,Colombia,48258134,Choco,534826,NA,NA,NA,NA,80,0,0,921,29,0
2020-06-20,Colombia,48258134,Choco,534826,NA,NA,NA,NA,19,2,0,972,34,0
2020-06-22,Colombia,48258134,Choco,534826,NA,NA,NA,NA,29,1,0,1011,36,0
2020-06-24,Colombia,48258134,Choco,534826,NA,NA,NA,NA,118,2,0,1148,39,0
2020-06-26,Colombia,48258134,Choco,534826,NA,NA,NA,NA,87,0,0,1321,39,0
2020-06-28,Colombia,48258134,Choco,534826,NA,NA,NA,NA,30,3,0,1421,47,0
2020-06-30,Colombia,48258134,Choco,534826,NA,NA,NA,NA,92,0,0,1544,47,0
2020-07-02,Colombia,48258134,Choco,534826,NA,NA,NA,NA,58,1,0,1742,62,0
2020-07-04,Colombia,48258134,Choco,534826,NA,NA,NA,NA,80,1,0,1836,63,0
2020-07-06,Colombia,48258134,Choco,534826,NA,NA,NA,NA,111,1,0,1982,68,0
2020-07-08,Colombia,48258134,Choco,534826,NA,NA,NA,NA,29,1,0,2033,70,0
2020-07-10,Colombia,48258134,Choco,534826,NA,NA,NA,NA,47,2,0,2126,75,0
2020-07-12,Colombia,48258134,Choco,534826,NA,NA,NA,NA,20,0,0,2197,78,0
2020-07-14,Colombia,48258134,Choco,534826,NA,NA,NA,NA,74,1,0,2281,93,0
2020-07-16,Colombia,48258134,Choco,534826,NA,NA,NA,NA,84,0,0,2391,93,0
2020-07-18,Colombia,48258134,Choco,534826,NA,NA,NA,NA,38,1,0,2471,94,0
2020-07-20,Colombia,48258134,Choco,534826,NA,NA,NA,NA,31,0,0,2530,96,0
2020-07-22,Colombia,48258134,Choco,534826,NA,NA,NA,NA,152,0,0,2713,98,0
2020-07-24,Colombia,48258134,Choco,534826,NA,NA,NA,NA,26,1,0,2787,100,0
2020-07-26,Colombia,48258134,Choco,534826,NA,NA,NA,NA,18,4,0,2820,105,0
2020-07-28,Colombia,48258134,Choco,534826,NA,NA,NA,NA,55,2,0,2916,108,0
2020-07-30,Colombia,48258134,Choco,534826,NA,NA,NA,NA,36,0,0,2967,108,0
2020-08-01,Colombia,48258134,Choco,534826,NA,NA,NA,NA,20,2,0,3020,110,0
2020-08-03,Colombia,48258134,Choco,534826,NA,NA,NA,NA,16,0,0,3070,112,0
2020-08-05,Colombia,48258134,Choco,534826,NA,NA,NA,NA,4,0,0,3103,117,0
2020-08-07,Colombia,48258134,Choco,534826,NA,NA,NA,NA,26,0,0,3151,122,0
2020-08-09,Colombia,48258134,Choco,534826,NA,NA,NA,NA,30,7,0,3197,129,0
2020-08-11,Colombia,48258134,Choco,534826,NA,NA,NA,NA,61,0,0,3326,129,0
2020-08-13,Colombia,48258134,Choco,534826,NA,NA,NA,NA,25,0,0,3429,129,0
2020-08-15,Colombia,48258134,Choco,534826,NA,NA,NA,NA,9,0,0,3439,129,0
2020-02-26,Colombia,48258134,Cordoba,1784783,NA,NA,NA,NA,NA,NA,NA,0,0,0
2020-02-28,Colombia,48258134,Cordoba,1784783,NA,NA,NA,NA,0,0,0,0,0,0
2020-03-01,Colombia,48258134,Cordoba,1784783,NA,NA,NA,NA,0,0,0,0,0,0
2020-03-03,Colombia,48258134,Cordoba,1784783,NA,NA,NA,NA,0,0,0,0,0,0
2020-03-05,Colombia,48258134,Cordoba,1784783,NA,NA,NA,NA,0,0,0,0,0,0
2020-03-07,Colombia,48258134,Cordoba,1784783,NA,NA,NA,NA,0,0,0,0,0,0
2020-03-09,Colombia,48258134,Cordoba,1784783,NA,NA,NA,NA,0,0,0,0,0,0
2020-03-11,Colombia,48258134,Cordoba,1784783,NA,NA,NA,NA,0,0,0,0,0,0
2020-03-13,Colombia,48258134,Cordoba,1784783,NA,NA,NA,NA,0,0,0,0,0,0
2020-03-15,Colombia,48258134,Cordoba,1784783,NA,NA,NA,NA,0,0,0,0,0,0
2020-03-17,Colombia,48258134,Cordoba,1784783,NA,NA,NA,NA,0,0,0,0,0,0
2020-03-19,Colombia,48258134,Cordoba,1784783,NA,NA,NA,NA,0,0,0,0,0,0
2020-03-21,Colombia,48258134,Cordoba,1784783,NA,NA,NA,NA,0,0,0,0,0,0
2020-03-23,Colombia,48258134,Cordoba,1784783,NA,NA,NA,NA,0,0,0,0,0,0
2020-03-25,Colombia,48258134,Cordoba,1784783,NA,NA,NA,NA,0,0,0,0,0,0
2020-03-27,Colombia,48258134,Cordoba,1784783,NA,NA,NA,NA,0,0,0,0,0,0
2020-03-29,Colombia,48258134,Cordoba,1784783,NA,NA,NA,NA,1,0,0,2,0,0
2020-03-31,Colombia,48258134,Cordoba,1784783,NA,NA,NA,NA,0,0,0,2,0,0
2020-04-02,Colombia,48258134,Cordoba,1784783,NA,NA,NA,NA,0,1,0,2,1,0
2020-04-04,Colombia,48258134,Cordoba,1784783,NA,NA,NA,NA,1,0,0,3,2,0
2020-04-06,Colombia,48258134,Cordoba,1784783,NA,NA,NA,NA,0,0,0,3,2,0
2020-04-08,Colombia,48258134,Cordoba,1784783,NA,NA,NA,NA,4,0,0,7,2,0
2020-04-10,Colombia,48258134,Cordoba,1784783,NA,NA,NA,NA,0,0,0,7,2,1
2020-04-12,Colombia,48258134,Cordoba,1784783,NA,NA,NA,NA,0,0,0,13,2,1
2020-04-14,Colombia,48258134,Cordoba,1784783,NA,NA,NA,NA,2,0,0,15,2,1
2020-04-16,Colombia,48258134,Cordoba,1784783,NA,NA,NA,NA,2,0,0,17,2,1
2020-04-18,Colombia,48258134,Cordoba,1784783,NA,NA,NA,NA,1,0,0,18,2,1
2020-04-20,Colombia,48258134,Cordoba,1784783,NA,NA,NA,NA,0,0,0,20,2,1
2020-04-22,Colombia,48258134,Cordoba,1784783,NA,NA,NA,NA,1,0,0,21,2,1
2020-04-24,Colombia,48258134,Cordoba,1784783,NA,NA,NA,NA,1,0,0,22,3,1
2020-04-26,Colombia,48258134,Cordoba,1784783,NA,NA,NA,NA,0,0,0,23,3,1
2020-04-28,Colombia,48258134,Cordoba,1784783,NA,NA,NA,NA,3,0,0,26,3,1
2020-04-30,Colombia,48258134,Cordoba,1784783,NA,NA,NA,NA,0,0,0,26,3,1
2020-05-02,Colombia,48258134,Cordoba,1784783,NA,NA,NA,NA,0,0,0,29,3,1
2020-05-04,Colombia,48258134,Cordoba,1784783,NA,NA,NA,NA,0,0,0,29,3,1
2020-05-06,Colombia,48258134,Cordoba,1784783,NA,NA,NA,NA,1,0,0,30,3,1
2020-05-08,Colombia,48258134,Cordoba,1784783,NA,NA,NA,NA,1,0,0,31,3,1
2020-05-10,Colombia,48258134,Cordoba,1784783,NA,NA,NA,NA,8,0,0,39,3,1
2020-05-12,Colombia,48258134,Cordoba,1784783,NA,NA,NA,NA,3,0,0,42,3,1
2020-05-14,Colombia,48258134,Cordoba,1784783,NA,NA,NA,NA,9,0,0,51,3,1
2020-05-16,Colombia,48258134,Cordoba,1784783,NA,NA,NA,NA,9,0,0,71,4,1
2020-05-18,Colombia,48258134,Cordoba,1784783,NA,NA,NA,NA,0,0,0,78,4,1
2020-05-20,Colombia,48258134,Cordoba,1784783,NA,NA,NA,NA,3,1,0,86,5,1
2020-05-22,Colombia,48258134,Cordoba,1784783,NA,NA,NA,NA,1,0,0,87,5,1
2020-05-24,Colombia,48258134,Cordoba,1784783,NA,NA,NA,NA,3,1,0,91,6,1
2020-05-26,Colombia,48258134,Cordoba,1784783,NA,NA,NA,NA,1,0,0,93,6,1
2020-05-28,Colombia,48258134,Cordoba,1784783,NA,NA,NA,NA,5,0,0,101,6,1
2020-05-30,Colombia,48258134,Cordoba,1784783,NA,NA,NA,NA,10,0,0,120,6,1
2020-06-01,Colombia,48258134,Cordoba,1784783,NA,NA,NA,NA,11,0,0,135,6,1
2020-06-03,Colombia,48258134,Cordoba,1784783,NA,NA,NA,NA,28,1,0,163,9,1
2020-06-05,Colombia,48258134,Cordoba,1784783,NA,NA,NA,NA,22,0,0,195,9,1
2020-06-07,Colombia,48258134,Cordoba,1784783,NA,NA,NA,NA,11,2,0,221,13,1
2020-06-09,Colombia,48258134,Cordoba,1784783,NA,NA,NA,NA,5,0,0,231,13,1
2020-06-11,Colombia,48258134,Cordoba,1784783,NA,NA,NA,NA,6,0,0,242,13,1
2020-06-13,Colombia,48258134,Cordoba,1784783,NA,NA,NA,NA,6,0,0,253,15,1
2020-06-15,Colombia,48258134,Cordoba,1784783,NA,NA,NA,NA,2,0,0,279,16,1
2020-06-17,Colombia,48258134,Cordoba,1784783,NA,NA,NA,NA,6,1,0,310,20,1
2020-06-19,Colombia,48258134,Cordoba,1784783,NA,NA,NA,NA,28,1,0,406,22,1
2020-06-21,Colombia,48258134,Cordoba,1784783,NA,NA,NA,NA,17,1,0,439,26,1
2020-06-23,Colombia,48258134,Cordoba,1784783,NA,NA,NA,NA,9,3,0,465,31,1
2020-06-25,Colombia,48258134,Cordoba,1784783,NA,NA,NA,NA,37,0,0,520,33,1
2020-06-27,Colombia,48258134,Cordoba,1784783,NA,NA,NA,NA,37,0,0,581,33,1
2020-06-29,Colombia,48258134,Cordoba,1784783,NA,NA,NA,NA,102,4,0,744,48,1
2020-07-01,Colombia,48258134,Cordoba,1784783,NA,NA,NA,NA,15,44,0,801,93,1
2020-07-03,Colombia,48258134,Cordoba,1784783,NA,NA,NA,NA,22,11,0,916,114,1
2020-07-05,Colombia,48258134,Cordoba,1784783,NA,NA,NA,NA,33,12,0,1053,139,1
2020-07-07,Colombia,48258134,Cordoba,1784783,NA,NA,NA,NA,85,23,0,1188,178,1
2020-07-09,Colombia,48258134,Cordoba,1784783,NA,NA,NA,NA,168,17,0,1433,214,1
2020-07-11,Colombia,48258134,Cordoba,1784783,NA,NA,NA,NA,17,11,0,1527,238,1
2020-07-13,Colombia,48258134,Cordoba,1784783,NA,NA,NA,NA,62,37,0,1658,349,1
2020-07-15,Colombia,48258134,Cordoba,1784783,NA,NA,NA,NA,78,29,0,1774,401,1
2020-07-17,Colombia,48258134,Cordoba,1784783,NA,NA,NA,NA,297,37,0,2179,462,1
2020-07-19,Colombia,48258134,Cordoba,1784783,NA,NA,NA,NA,125,23,0,2713,507,1
2020-07-21,Colombia,48258134,Cordoba,1784783,NA,NA,NA,NA,110,25,0,2969,551,1
2020-07-23,Colombia,48258134,Cordoba,1784783,NA,NA,NA,NA,170,17,0,3345,599,1
2020-07-25,Colombia,48258134,Cordoba,1784783,NA,NA,NA,NA,135,12,0,3594,625,1
2020-07-27,Colombia,48258134,Cordoba,1784783,NA,NA,NA,NA,521,9,0,4504,640,1
2020-07-29,Colombia,48258134,Cordoba,1784783,NA,NA,NA,NA,191,16,0,5031,676,1
2020-07-31,Colombia,48258134,Cordoba,1784783,NA,NA,NA,NA,126,0,0,5538,693,1
2020-08-02,Colombia,48258134,Cordoba,1784783,NA,NA,NA,NA,612,28,0,6437,777,1
2020-08-04,Colombia,48258134,Cordoba,1784783,NA,NA,NA,NA,308,16,0,7249,819,1
2020-08-06,Colombia,48258134,Cordoba,1784783,NA,NA,NA,NA,272,4,0,8047,835,1
2020-08-08,Colombia,48258134,Cordoba,1784783,NA,NA,NA,NA,470,53,0,8716,906,1
2020-08-10,Colombia,48258134,Cordoba,1784783,NA,NA,NA,NA,745,6,0,10361,944,1
2020-08-12,Colombia,48258134,Cordoba,1784783,NA,NA,NA,NA,461,18,0,11702,978,1
2020-08-14,Colombia,48258134,Cordoba,1784783,NA,NA,NA,NA,389,5,0,12588,992,1
2020-02-25,Colombia,48258134,Cundinamarca,2919060,NA,NA,NA,NA,NA,NA,NA,0,0,0
2020-02-27,Colombia,48258134,Cundinamarca,2919060,NA,NA,NA,NA,0,0,0,0,0,0
2020-02-29,Colombia,48258134,Cundinamarca,2919060,NA,NA,NA,NA,0,0,0,0,0,0
2020-03-02,Colombia,48258134,Cundinamarca,2919060,NA,NA,NA,NA,0,0,0,0,0,0
2020-03-04,Colombia,48258134,Cundinamarca,2919060,NA,NA,NA,NA,0,0,0,0,0,0
2020-03-06,Colombia,48258134,Cundinamarca,2919060,NA,NA,NA,NA,0,0,0,0,0,0
2020-03-08,Colombia,48258134,Cundinamarca,2919060,NA,NA,NA,NA,0,0,0,0,0,0
2020-03-10,Colombia,48258134,Cundinamarca,2919060,NA,NA,NA,NA,0,0,0,0,0,0
2020-03-12,Colombia,48258134,Cundinamarca,2919060,NA,NA,NA,NA,0,0,0,0,0,0
2020-03-14,Colombia,48258134,Cundinamarca,2919060,NA,NA,NA,NA,0,0,0,0,0,0
2020-03-16,Colombia,48258134,Cundinamarca,2919060,NA,NA,NA,NA,1,0,0,2,0,0
2020-03-18,Colombia,48258134,Cundinamarca,2919060,NA,NA,NA,NA,0,0,0,4,0,0
2020-03-20,Colombia,48258134,Cundinamarca,2919060,NA,NA,NA,NA,5,0,0,10,0,0
2020-03-22,Colombia,48258134,Cundinamarca,2919060,NA,NA,NA,NA,0,0,0,12,0,0
2020-03-24,Colombia,48258134,Cundinamarca,2919060,NA,NA,NA,NA,7,0,0,24,0,0
2020-03-26,Colombia,48258134,Cundinamarca,2919060,NA,NA,NA,NA,0,0,0,27,0,0
2020-03-28,Colombia,48258134,Cundinamarca,2919060,NA,NA,NA,NA,2,0,0,30,0,0
2020-03-30,Colombia,48258134,Cundinamarca,2919060,NA,NA,NA,NA,5,0,0,35,0,0
2020-04-01,Colombia,48258134,Cundinamarca,2919060,NA,NA,NA,NA,6,1,0,50,1,0
2020-04-03,Colombia,48258134,Cundinamarca,2919060,NA,NA,NA,NA,3,3,0,55,4,3
2020-04-05,Colombia,48258134,Cundinamarca,2919060,NA,NA,NA,NA,5,0,0,67,4,4
2020-04-07,Colombia,48258134,Cundinamarca,2919060,NA,NA,NA,NA,5,0,0,76,4,4
2020-04-09,Colombia,48258134,Cundinamarca,2919060,NA,NA,NA,NA,9,1,9,90,5,13
2020-04-11,Colombia,48258134,Cundinamarca,2919060,NA,NA,NA,NA,21,0,0,127,5,13
2020-04-13,Colombia,48258134,Cundinamarca,2919060,NA,NA,NA,NA,3,0,0,137,5,13
2020-04-15,Colombia,48258134,Cundinamarca,2919060,NA,NA,NA,NA,8,0,0,150,5,13
2020-04-17,Colombia,48258134,Cundinamarca,2919060,NA,NA,NA,NA,13,1,0,164,7,13
2020-04-19,Colombia,48258134,Cundinamarca,2919060,NA,NA,NA,NA,6,0,0,177,7,13
2020-04-21,Colombia,48258134,Cundinamarca,2919060,NA,NA,NA,NA,10,2,0,194,9,13
2020-04-23,Colombia,48258134,Cundinamarca,2919060,NA,NA,NA,NA,6,0,0,203,9,13
2020-04-25,Colombia,48258134,Cundinamarca,2919060,NA,NA,NA,NA,7,0,0,217,10,13
2020-04-27,Colombia,48258134,Cundinamarca,2919060,NA,NA,NA,NA,6,0,0,230,11,13
2020-04-29,Colombia,48258134,Cundinamarca,2919060,NA,NA,NA,NA,5,0,0,237,11,13
2020-05-01,Colombia,48258134,Cundinamarca,2919060,NA,NA,NA,NA,4,0,0,246,11,13
2020-05-03,Colombia,48258134,Cundinamarca,2919060,NA,NA,NA,NA,11,0,0,259,11,13
2020-05-05,Colombia,48258134,Cundinamarca,2919060,NA,NA,NA,NA,5,0,0,267,11,13
2020-05-07,Colombia,48258134,Cundinamarca,2919060,NA,NA,NA,NA,7,0,0,274,11,13
2020-05-09,Colombia,48258134,Cundinamarca,2919060,NA,NA,NA,NA,2,0,0,280,11,13
2020-05-11,Colombia,48258134,Cundinamarca,2919060,NA,NA,NA,NA,6,0,0,291,11,13
2020-05-13,Colombia,48258134,Cundinamarca,2919060,NA,NA,NA,NA,3,0,0,312,11,13
2020-05-15,Colombia,48258134,Cundinamarca,2919060,NA,NA,NA,NA,16,0,0,337,11,13
2020-05-17,Colombia,48258134,Cundinamarca,2919060,NA,NA,NA,NA,11,0,0,356,11,13
2020-05-19,Colombia,48258134,Cundinamarca,2919060,NA,NA,NA,NA,13,2,0,380,14,13
2020-05-21,Colombia,48258134,Cundinamarca,2919060,NA,NA,NA,NA,7,0,0,393,14,13
2020-05-23,Colombia,48258134,Cundinamarca,2919060,NA,NA,NA,NA,31,0,0,431,14,13
2020-05-25,Colombia,48258134,Cundinamarca,2919060,NA,NA,NA,NA,72,0,0,538,14,13
2020-05-27,Colombia,48258134,Cundinamarca,2919060,NA,NA,NA,NA,51,0,0,638,14,13
2020-05-29,Colombia,48258134,Cundinamarca,2919060,NA,NA,NA,NA,52,0,0,764,19,13
2020-05-31,Colombia,48258134,Cundinamarca,2919060,NA,NA,NA,NA,44,0,0,848,21,13
2020-06-02,Colombia,48258134,Cundinamarca,2919060,NA,NA,NA,NA,58,1,0,981,25,13
2020-06-04,Colombia,48258134,Cundinamarca,2919060,NA,NA,NA,NA,57,1,0,1089,29,13
2020-06-06,Colombia,48258134,Cundinamarca,2919060,NA,NA,NA,NA,39,0,0,1177,29,13
2020-06-08,Colombia,48258134,Cundinamarca,2919060,NA,NA,NA,NA,120,0,0,1337,29,13
2020-06-10,Colombia,48258134,Cundinamarca,2919060,NA,NA,NA,NA,40,0,0,1428,29,13
2020-06-12,Colombia,48258134,Cundinamarca,2919060,NA,NA,NA,NA,57,2,0,1577,43,13
2020-06-14,Colombia,48258134,Cundinamarca,2919060,NA,NA,NA,NA,28,1,0,1686,44,13
2020-06-16,Colombia,48258134,Cundinamarca,2919060,NA,NA,NA,NA,43,0,0,1758,44,13
2020-06-18,Colombia,48258134,Cundinamarca,2919060,NA,NA,NA,NA,68,5,0,1848,49,13
2020-06-20,Colombia,48258134,Cundinamarca,2919060,NA,NA,NA,NA,49,1,0,1957,50,13
2020-06-22,Colombia,48258134,Cundinamarca,2919060,NA,NA,NA,NA,40,1,0,2030,52,13
2020-06-24,Colombia,48258134,Cundinamarca,2919060,NA,NA,NA,NA,56,1,0,2179,55,13
2020-06-26,Colombia,48258134,Cundinamarca,2919060,NA,NA,NA,NA,103,1,0,2378,57,13
2020-06-28,Colombia,48258134,Cundinamarca,2919060,NA,NA,NA,NA,85,0,0,2519,58,13
2020-06-30,Colombia,48258134,Cundinamarca,2919060,NA,NA,NA,NA,136,0,0,2710,59,13
2020-07-02,Colombia,48258134,Cundinamarca,2919060,NA,NA,NA,NA,161,0,0,2996,61,13
2020-07-04,Colombia,48258134,Cundinamarca,2919060,NA,NA,NA,NA,109,6,0,3173,72,13
2020-07-06,Colombia,48258134,Cundinamarca,2919060,NA,NA,NA,NA,31,5,0,3259,79,13
2020-07-08,Colombia,48258134,Cundinamarca,2919060,NA,NA,NA,NA,94,2,0,3411,82,13
2020-07-10,Colombia,48258134,Cundinamarca,2919060,NA,NA,NA,NA,313,4,0,3950,91,13
2020-07-12,Colombia,48258134,Cundinamarca,2919060,NA,NA,NA,NA,140,9,0,4183,103,13
2020-07-14,Colombia,48258134,Cundinamarca,2919060,NA,NA,NA,NA,163,10,0,4463,121,13
2020-07-16,Colombia,48258134,Cundinamarca,2919060,NA,NA,NA,NA,354,4,0,4989,132,13
2020-07-18,Colombia,48258134,Cundinamarca,2919060,NA,NA,NA,NA,277,6,0,5616,150,13
2020-07-20,Colombia,48258134,Cundinamarca,2919060,NA,NA,NA,NA,200,8,0,6000,165,13
2020-07-22,Colombia,48258134,Cundinamarca,2919060,NA,NA,NA,NA,224,6,0,6327,181,13
2020-07-24,Colombia,48258134,Cundinamarca,2919060,NA,NA,NA,NA,314,6,0,6794,190,13
2020-07-26,Colombia,48258134,Cundinamarca,2919060,NA,NA,NA,NA,190,5,0,7087,199,13
2020-07-28,Colombia,48258134,Cundinamarca,2919060,NA,NA,NA,NA,214,2,0,7427,213,13
2020-07-30,Colombia,48258134,Cundinamarca,2919060,NA,NA,NA,NA,532,30,0,8224,246,13
2020-08-01,Colombia,48258134,Cundinamarca,2919060,NA,NA,NA,NA,476,27,0,8974,276,13
2020-08-03,Colombia,48258134,Cundinamarca,2919060,NA,NA,NA,NA,490,5,0,10032,292,13
2020-08-05,Colombia,48258134,Cundinamarca,2919060,NA,NA,NA,NA,413,12,0,10640,313,13
2020-08-07,Colombia,48258134,Cundinamarca,2919060,NA,NA,NA,NA,293,8,0,11274,329,13
2020-08-09,Colombia,48258134,Cundinamarca,2919060,NA,NA,NA,NA,199,11,0,11557,353,13
2020-08-11,Colombia,48258134,Cundinamarca,2919060,NA,NA,NA,NA,516,26,0,12333,388,13
2020-08-13,Colombia,48258134,Cundinamarca,2919060,NA,NA,NA,NA,448,16,0,13481,417,13
2020-08-15,Colombia,48258134,Cundinamarca,2919060,NA,NA,NA,NA,710,4,0,14572,428,13
2020-02-26,Colombia,48258134,Huila,1100386,NA,NA,NA,NA,NA,NA,NA,0,0,0
2020-02-28,Colombia,48258134,Huila,1100386,NA,NA,NA,NA,0,0,0,0,0,0
2020-03-01,Colombia,48258134,Huila,1100386,NA,NA,NA,NA,0,0,0,0,0,0
2020-03-03,Colombia,48258134,Huila,1100386,NA,NA,NA,NA,0,0,0,0,0,0
2020-03-05,Colombia,48258134,Huila,1100386,NA,NA,NA,NA,0,0,0,0,0,0
2020-03-07,Colombia,48258134,Huila,1100386,NA,NA,NA,NA,0,0,0,0,0,0
2020-03-09,Colombia,48258134,Huila,1100386,NA,NA,NA,NA,0,0,0,0,0,0
2020-03-11,Colombia,48258134,Huila,1100386,NA,NA,NA,NA,0,0,0,0,0,0
2020-03-13,Colombia,48258134,Huila,1100386,NA,NA,NA,NA,0,0,0,3,0,0
2020-03-15,Colombia,48258134,Huila,1100386,NA,NA,NA,NA,0,0,0,7,0,0
2020-03-17,Colombia,48258134,Huila,1100386,NA,NA,NA,NA,1,0,0,8,0,0
2020-03-19,Colombia,48258134,Huila,1100386,NA,NA,NA,NA,1,0,0,9,0,0
2020-03-21,Colombia,48258134,Huila,1100386,NA,NA,NA,NA,1,0,0,10,0,0
2020-03-23,Colombia,48258134,Huila,1100386,NA,NA,NA,NA,1,0,0,11,0,0
2020-03-25,Colombia,48258134,Huila,1100386,NA,NA,NA,NA,0,1,0,14,1,0
2020-03-27,Colombia,48258134,Huila,1100386,NA,NA,NA,NA,0,0,1,14,1,1
2020-03-29,Colombia,48258134,Huila,1100386,NA,NA,NA,NA,2,0,0,16,1,1
2020-03-31,Colombia,48258134,Huila,1100386,NA,NA,NA,NA,3,0,0,24,1,1
2020-04-02,Colombia,48258134,Huila,1100386,NA,NA,NA,NA,0,0,0,30,1,4
2020-04-04,Colombia,48258134,Huila,1100386,NA,NA,NA,NA,2,0,0,34,1,4
2020-04-06,Colombia,48258134,Huila,1100386,NA,NA,NA,NA,0,1,0,34,2,4
2020-04-08,Colombia,48258134,Huila,1100386,NA,NA,NA,NA,4,0,0,38,2,5
2020-04-10,Colombia,48258134,Huila,1100386,NA,NA,NA,NA,2,0,0,41,3,6
2020-04-12,Colombia,48258134,Huila,1100386,NA,NA,NA,NA,0,0,0,52,3,6
2020-04-14,Colombia,48258134,Huila,1100386,NA,NA,NA,NA,0,1,0,55,5,6
2020-04-16,Colombia,48258134,Huila,1100386,NA,NA,NA,NA,5,0,0,60,5,6
2020-04-18,Colombia,48258134,Huila,1100386,NA,NA,NA,NA,16,0,0,78,5,6
2020-04-20,Colombia,48258134,Huila,1100386,NA,NA,NA,NA,1,0,0,79,5,6
2020-04-22,Colombia,48258134,Huila,1100386,NA,NA,NA,NA,0,0,0,81,5,6
2020-04-24,Colombia,48258134,Huila,1100386,NA,NA,NA,NA,1,0,0,82,5,6
2020-04-26,Colombia,48258134,Huila,1100386,NA,NA,NA,NA,3,1,0,87,8,6
2020-04-28,Colombia,48258134,Huila,1100386,NA,NA,NA,NA,9,0,0,101,8,6
2020-04-30,Colombia,48258134,Huila,1100386,NA,NA,NA,NA,16,1,0,120,9,6
2020-05-02,Colombia,48258134,Huila,1100386,NA,NA,NA,NA,0,0,0,133,9,6
2020-05-04,Colombia,48258134,Huila,1100386,NA,NA,NA,NA,1,1,0,134,10,6
2020-05-06,Colombia,48258134,Huila,1100386,NA,NA,NA,NA,0,0,0,137,10,6
2020-05-08,Colombia,48258134,Huila,1100386,NA,NA,NA,NA,0,0,0,147,10,6
2020-05-10,Colombia,48258134,Huila,1100386,NA,NA,NA,NA,31,0,0,178,10,6
2020-05-12,Colombia,48258134,Huila,1100386,NA,NA,NA,NA,6,1,0,185,11,6
2020-05-14,Colombia,48258134,Huila,1100386,NA,NA,NA,NA,0,0,0,186,11,6
2020-05-16,Colombia,48258134,Huila,1100386,NA,NA,NA,NA,1,1,0,207,12,6
2020-05-18,Colombia,48258134,Huila,1100386,NA,NA,NA,NA,3,0,0,212,12,6
2020-05-20,Colombia,48258134,Huila,1100386,NA,NA,NA,NA,7,0,0,219,12,6
2020-05-22,Colombia,48258134,Huila,1100386,NA,NA,NA,NA,4,0,0,231,12,6
2020-05-24,Colombia,48258134,Huila,1100386,NA,NA,NA,NA,0,0,0,233,12,6
2020-05-26,Colombia,48258134,Huila,1100386,NA,NA,NA,NA,4,0,0,241,12,6
2020-05-28,Colombia,48258134,Huila,1100386,NA,NA,NA,NA,1,0,0,247,12,6
2020-05-30,Colombia,48258134,Huila,1100386,NA,NA,NA,NA,0,0,0,247,12,6
2020-06-01,Colombia,48258134,Huila,1100386,NA,NA,NA,NA,2,0,0,251,12,6
2020-06-03,Colombia,48258134,Huila,1100386,NA,NA,NA,NA,1,0,0,252,12,6
2020-06-05,Colombia,48258134,Huila,1100386,NA,NA,NA,NA,1,0,0,253,12,6
2020-06-07,Colombia,48258134,Huila,1100386,NA,NA,NA,NA,2,0,0,255,12,6
2020-06-09,Colombia,48258134,Huila,1100386,NA,NA,NA,NA,2,0,0,259,12,6
2020-06-11,Colombia,48258134,Huila,1100386,NA,NA,NA,NA,8,0,0,267,12,6
2020-06-13,Colombia,48258134,Huila,1100386,NA,NA,NA,NA,3,0,0,270,12,6
2020-06-15,Colombia,48258134,Huila,1100386,NA,NA,NA,NA,2,0,0,274,12,6
2020-06-17,Colombia,48258134,Huila,1100386,NA,NA,NA,NA,3,0,0,281,12,6
2020-06-19,Colombia,48258134,Huila,1100386,NA,NA,NA,NA,2,0,0,287,12,6
2020-06-21,Colombia,48258134,Huila,1100386,NA,NA,NA,NA,13,0,0,306,12,6
2020-06-23,Colombia,48258134,Huila,1100386,NA,NA,NA,NA,4,0,0,313,14,6
2020-06-25,Colombia,48258134,Huila,1100386,NA,NA,NA,NA,3,0,0,317,14,6
2020-06-27,Colombia,48258134,Huila,1100386,NA,NA,NA,NA,1,0,0,322,14,6
2020-06-29,Colombia,48258134,Huila,1100386,NA,NA,NA,NA,7,0,0,332,14,6
2020-07-01,Colombia,48258134,Huila,1100386,NA,NA,NA,NA,0,0,0,340,14,6
2020-07-03,Colombia,48258134,Huila,1100386,NA,NA,NA,NA,4,0,0,368,14,6
2020-07-05,Colombia,48258134,Huila,1100386,NA,NA,NA,NA,6,0,0,380,13,6
2020-07-07,Colombia,48258134,Huila,1100386,NA,NA,NA,NA,3,0,0,388,13,6
2020-07-09,Colombia,48258134,Huila,1100386,NA,NA,NA,NA,6,1,0,402,14,6
2020-07-11,Colombia,48258134,Huila,1100386,NA,NA,NA,NA,2,0,0,418,14,6
2020-07-13,Colombia,48258134,Huila,1100386,NA,NA,NA,NA,0,0,0,423,14,6
2020-07-15,Colombia,48258134,Huila,1100386,NA,NA,NA,NA,24,0,0,456,20,6
2020-07-17,Colombia,48258134,Huila,1100386,NA,NA,NA,NA,6,0,0,487,21,6
2020-07-19,Colombia,48258134,Huila,1100386,NA,NA,NA,NA,18,2,0,533,23,6
2020-07-21,Colombia,48258134,Huila,1100386,NA,NA,NA,NA,18,2,0,576,26,6
2020-07-23,Colombia,48258134,Huila,1100386,NA,NA,NA,NA,36,0,0,624,26,6
2020-07-25,Colombia,48258134,Huila,1100386,NA,NA,NA,NA,27,0,0,672,28,6
2020-07-27,Colombia,48258134,Huila,1100386,NA,NA,NA,NA,18,1,0,721,30,6
2020-07-29,Colombia,48258134,Huila,1100386,NA,NA,NA,NA,32,0,0,778,31,6
2020-07-31,Colombia,48258134,Huila,1100386,NA,NA,NA,NA,18,0,0,908,32,6
2020-08-02,Colombia,48258134,Huila,1100386,NA,NA,NA,NA,36,0,0,986,32,6
2020-08-04,Colombia,48258134,Huila,1100386,NA,NA,NA,NA,36,0,0,1164,32,6
2020-08-06,Colombia,48258134,Huila,1100386,NA,NA,NA,NA,65,0,0,1271,32,6
2020-08-08,Colombia,48258134,Huila,1100386,NA,NA,NA,NA,109,8,0,1472,49,6
2020-08-10,Colombia,48258134,Huila,1100386,NA,NA,NA,NA,131,3,0,1738,59,6
2020-08-12,Colombia,48258134,Huila,1100386,NA,NA,NA,NA,151,2,0,1997,64,6
2020-08-14,Colombia,48258134,Huila,1100386,NA,NA,NA,NA,55,0,0,2184,67,6
2020-02-25,Colombia,48258134,La Guajira,880560,NA,NA,NA,NA,NA,NA,NA,0,0,0
2020-02-27,Colombia,48258134,La Guajira,880560,NA,NA,NA,NA,0,0,0,0,0,0
2020-02-29,Colombia,48258134,La Guajira,880560,NA,NA,NA,NA,0,0,0,0,0,0
2020-03-02,Colombia,48258134,La Guajira,880560,NA,NA,NA,NA,0,0,0,0,0,0
2020-03-04,Colombia,48258134,La Guajira,880560,NA,NA,NA,NA,0,0,0,0,0,0
2020-03-06,Colombia,48258134,La Guajira,880560,NA,NA,NA,NA,0,0,0,0,0,0
2020-03-08,Colombia,48258134,La Guajira,880560,NA,NA,NA,NA,0,0,0,0,0,0
2020-03-10,Colombia,48258134,La Guajira,880560,NA,NA,NA,NA,0,0,0,0,0,0
2020-03-12,Colombia,48258134,La Guajira,880560,NA,NA,NA,NA,0,0,0,0,0,0
2020-03-14,Colombia,48258134,La Guajira,880560,NA,NA,NA,NA,0,0,0,0,0,0
2020-03-16,Colombia,48258134,La Guajira,880560,NA,NA,NA,NA,0,0,0,0,0,0
2020-03-18,Colombia,48258134,La Guajira,880560,NA,NA,NA,NA,0,0,0,0,0,0
2020-03-20,Colombia,48258134,La Guajira,880560,NA,NA,NA,NA,0,0,0,0,0,0
2020-03-22,Colombia,48258134,La Guajira,880560,NA,NA,NA,NA,0,0,0,0,0,0
2020-03-24,Colombia,48258134,La Guajira,880560,NA,NA,NA,NA,0,0,0,0,0,0
2020-03-26,Colombia,48258134,La Guajira,880560,NA,NA,NA,NA,0,0,0,0,0,0
2020-03-28,Colombia,48258134,La Guajira,880560,NA,NA,NA,NA,0,0,0,0,0,0
2020-03-30,Colombia,48258134,La Guajira,880560,NA,NA,NA,NA,0,0,0,0,0,0
2020-04-01,Colombia,48258134,La Guajira,880560,NA,NA,NA,NA,0,0,0,1,0,0
2020-04-03,Colombia,48258134,La Guajira,880560,NA,NA,NA,NA,0,0,0,1,0,0
2020-04-05,Colombia,48258134,La Guajira,880560,NA,NA,NA,NA,0,0,0,1,0,0
2020-04-07,Colombia,48258134,La Guajira,880560,NA,NA,NA,NA,0,0,0,1,0,0
2020-04-09,Colombia,48258134,La Guajira,880560,NA,NA,NA,NA,0,0,0,1,0,0
2020-04-11,Colombia,48258134,La Guajira,880560,NA,NA,NA,NA,0,0,0,1,0,0
2020-04-13,Colombia,48258134,La Guajira,880560,NA,NA,NA,NA,0,0,0,1,0,0
2020-04-15,Colombia,48258134,La Guajira,880560,NA,NA,NA,NA,0,0,0,1,0,0
2020-04-17,Colombia,48258134,La Guajira,880560,NA,NA,NA,NA,0,0,0,1,0,0
2020-04-19,Colombia,48258134,La Guajira,880560,NA,NA,NA,NA,0,0,0,2,0,0
2020-04-21,Colombia,48258134,La Guajira,880560,NA,NA,NA,NA,0,0,0,2,1,0
2020-04-23,Colombia,48258134,La Guajira,880560,NA,NA,NA,NA,0,0,0,2,1,0
2020-04-25,Colombia,48258134,La Guajira,880560,NA,NA,NA,NA,3,0,0,5,1,0
2020-04-27,Colombia,48258134,La Guajira,880560,NA,NA,NA,NA,0,0,0,5,1,0
2020-04-29,Colombia,48258134,La Guajira,880560,NA,NA,NA,NA,4,0,0,9,1,0
2020-05-01,Colombia,48258134,La Guajira,880560,NA,NA,NA,NA,0,0,0,9,1,0
2020-05-03,Colombia,48258134,La Guajira,880560,NA,NA,NA,NA,1,1,0,10,2,0
2020-05-05,Colombia,48258134,La Guajira,880560,NA,NA,NA,NA,4,0,0,14,2,0
2020-05-07,Colombia,48258134,La Guajira,880560,NA,NA,NA,NA,0,0,0,14,3,0
2020-05-09,Colombia,48258134,La Guajira,880560,NA,NA,NA,NA,0,0,0,15,3,0
2020-05-11,Colombia,48258134,La Guajira,880560,NA,NA,NA,NA,0,1,0,27,4,0
2020-05-13,Colombia,48258134,La Guajira,880560,NA,NA,NA,NA,4,0,0,32,4,0
2020-05-15,Colombia,48258134,La Guajira,880560,NA,NA,NA,NA,3,0,0,35,4,0
2020-05-17,Colombia,48258134,La Guajira,880560,NA,NA,NA,NA,2,0,0,47,4,0
2020-05-19,Colombia,48258134,La Guajira,880560,NA,NA,NA,NA,0,0,0,47,4,0
2020-05-21,Colombia,48258134,La Guajira,880560,NA,NA,NA,NA,0,0,0,47,4,0
2020-05-23,Colombia,48258134,La Guajira,880560,NA,NA,NA,NA,1,0,0,48,4,0
2020-05-25,Colombia,48258134,La Guajira,880560,NA,NA,NA,NA,1,0,0,49,4,0
2020-05-27,Colombia,48258134,La Guajira,880560,NA,NA,NA,NA,1,0,0,55,4,0
2020-05-29,Colombia,48258134,La Guajira,880560,NA,NA,NA,NA,0,0,0,57,4,0
2020-05-31,Colombia,48258134,La Guajira,880560,NA,NA,NA,NA,3,0,0,61,4,0
2020-06-02,Colombia,48258134,La Guajira,880560,NA,NA,NA,NA,2,0,0,65,4,0
2020-06-04,Colombia,48258134,La Guajira,880560,NA,NA,NA,NA,3,0,0,68,4,0
2020-06-06,Colombia,48258134,La Guajira,880560,NA,NA,NA,NA,35,0,0,107,4,0
2020-06-08,Colombia,48258134,La Guajira,880560,NA,NA,NA,NA,1,1,0,109,8,0
2020-06-10,Colombia,48258134,La Guajira,880560,NA,NA,NA,NA,0,0,0,113,8,0
2020-06-12,Colombia,48258134,La Guajira,880560,NA,NA,NA,NA,0,0,0,115,8,0
2020-06-14,Colombia,48258134,La Guajira,880560,NA,NA,NA,NA,8,0,0,129,8,0
2020-06-16,Colombia,48258134,La Guajira,880560,NA,NA,NA,NA,9,0,0,148,8,0
2020-06-18,Colombia,48258134,La Guajira,880560,NA,NA,NA,NA,3,0,0,161,10,0
2020-06-20,Colombia,48258134,La Guajira,880560,NA,NA,NA,NA,15,2,0,185,12,0
2020-06-22,Colombia,48258134,La Guajira,880560,NA,NA,NA,NA,9,0,0,218,14,0
2020-06-24,Colombia,48258134,La Guajira,880560,NA,NA,NA,NA,20,0,0,246,14,0
2020-06-26,Colombia,48258134,La Guajira,880560,NA,NA,NA,NA,12,1,0,268,15,0
2020-06-28,Colombia,48258134,La Guajira,880560,NA,NA,NA,NA,74,1,0,359,20,0
2020-06-30,Colombia,48258134,La Guajira,880560,NA,NA,NA,NA,44,0,0,452,20,0
2020-07-02,Colombia,48258134,La Guajira,880560,NA,NA,NA,NA,58,5,0,539,42,0
2020-07-04,Colombia,48258134,La Guajira,880560,NA,NA,NA,NA,38,1,0,601,45,0
2020-07-06,Colombia,48258134,La Guajira,880560,NA,NA,NA,NA,40,6,0,663,53,0
2020-07-08,Colombia,48258134,La Guajira,880560,NA,NA,NA,NA,48,2,0,778,56,0
2020-07-10,Colombia,48258134,La Guajira,880560,NA,NA,NA,NA,26,3,0,845,61,0
2020-07-12,Colombia,48258134,La Guajira,880560,NA,NA,NA,NA,44,12,0,928,75,0
2020-07-14,Colombia,48258134,La Guajira,880560,NA,NA,NA,NA,46,4,0,983,83,0
2020-07-16,Colombia,48258134,La Guajira,880560,NA,NA,NA,NA,95,4,0,1181,92,0
2020-07-18,Colombia,48258134,La Guajira,880560,NA,NA,NA,NA,120,1,0,1420,95,0
2020-07-20,Colombia,48258134,La Guajira,880560,NA,NA,NA,NA,67,4,0,1578,103,0
2020-07-22,Colombia,48258134,La Guajira,880560,NA,NA,NA,NA,47,2,0,1662,109,0
2020-07-24,Colombia,48258134,La Guajira,880560,NA,NA,NA,NA,23,5,0,1696,115,0
2020-07-26,Colombia,48258134,La Guajira,880560,NA,NA,NA,NA,51,3,0,1808,118,0
2020-07-28,Colombia,48258134,La Guajira,880560,NA,NA,NA,NA,79,0,0,1967,118,0
2020-07-30,Colombia,48258134,La Guajira,880560,NA,NA,NA,NA,34,4,0,2054,124,0
2020-08-01,Colombia,48258134,La Guajira,880560,NA,NA,NA,NA,47,6,0,2156,132,0
2020-08-03,Colombia,48258134,La Guajira,880560,NA,NA,NA,NA,126,6,0,2324,142,0
2020-08-05,Colombia,48258134,La Guajira,880560,NA,NA,NA,NA,52,2,0,2434,146,0
2020-08-07,Colombia,48258134,La Guajira,880560,NA,NA,NA,NA,80,4,0,2584,150,0
2020-08-09,Colombia,48258134,La Guajira,880560,NA,NA,NA,NA,62,0,0,2731,150,0
2020-08-11,Colombia,48258134,La Guajira,880560,NA,NA,NA,NA,184,6,0,2971,164,0
2020-08-13,Colombia,48258134,La Guajira,880560,NA,NA,NA,NA,87,0,0,3150,169,0
2020-08-15,Colombia,48258134,La Guajira,880560,NA,NA,NA,NA,154,0,0,3379,172,0
2020-02-26,Colombia,48258134,Magdalena,1341746,NA,NA,NA,NA,NA,NA,NA,0,0,0
2020-02-28,Colombia,48258134,Magdalena,1341746,NA,NA,NA,NA,0,0,0,0,0,0
2020-03-01,Colombia,48258134,Magdalena,1341746,NA,NA,NA,NA,0,0,0,0,0,0
2020-03-03,Colombia,48258134,Magdalena,1341746,NA,NA,NA,NA,0,0,0,0,0,0
2020-03-05,Colombia,48258134,Magdalena,1341746,NA,NA,NA,NA,0,0,0,0,0,0
2020-03-07,Colombia,48258134,Magdalena,1341746,NA,NA,NA,NA,0,0,0,0,0,0
2020-03-09,Colombia,48258134,Magdalena,1341746,NA,NA,NA,NA,0,0,0,0,0,0
2020-03-11,Colombia,48258134,Magdalena,1341746,NA,NA,NA,NA,0,0,0,0,0,0
2020-03-13,Colombia,48258134,Magdalena,1341746,NA,NA,NA,NA,0,0,0,0,0,0
2020-03-15,Colombia,48258134,Magdalena,1341746,NA,NA,NA,NA,0,0,0,0,0,0
2020-03-17,Colombia,48258134,Magdalena,1341746,NA,NA,NA,NA,0,0,0,0,0,0
2020-03-19,Colombia,48258134,Magdalena,1341746,NA,NA,NA,NA,0,0,0,0,0,0
2020-03-21,Colombia,48258134,Magdalena,1341746,NA,NA,NA,NA,0,0,0,2,0,0
2020-03-23,Colombia,48258134,Magdalena,1341746,NA,NA,NA,NA,1,1,0,3,1,0
2020-03-25,Colombia,48258134,Magdalena,1341746,NA,NA,NA,NA,1,0,0,4,1,0
2020-03-27,Colombia,48258134,Magdalena,1341746,NA,NA,NA,NA,3,0,0,7,1,0
2020-03-29,Colombia,48258134,Magdalena,1341746,NA,NA,NA,NA,0,0,0,7,2,0
2020-03-31,Colombia,48258134,Magdalena,1341746,NA,NA,NA,NA,2,0,0,10,2,0
2020-04-02,Colombia,48258134,Magdalena,1341746,NA,NA,NA,NA,0,0,0,12,2,0
2020-04-04,Colombia,48258134,Magdalena,1341746,NA,NA,NA,NA,0,0,0,12,2,0
2020-04-06,Colombia,48258134,Magdalena,1341746,NA,NA,NA,NA,0,0,0,12,4,0
2020-04-08,Colombia,48258134,Magdalena,1341746,NA,NA,NA,NA,14,1,0,26,6,0
2020-04-10,Colombia,48258134,Magdalena,1341746,NA,NA,NA,NA,12,0,0,42,7,0
2020-04-12,Colombia,48258134,Magdalena,1341746,NA,NA,NA,NA,4,2,0,61,9,0
2020-04-14,Colombia,48258134,Magdalena,1341746,NA,NA,NA,NA,0,1,0,66,10,0
2020-04-16,Colombia,48258134,Magdalena,1341746,NA,NA,NA,NA,16,0,0,86,10,0
2020-04-18,Colombia,48258134,Magdalena,1341746,NA,NA,NA,NA,0,2,0,88,12,0
2020-04-20,Colombia,48258134,Magdalena,1341746,NA,NA,NA,NA,5,0,0,93,12,0
2020-04-22,Colombia,48258134,Magdalena,1341746,NA,NA,NA,NA,10,1,0,120,13,0
2020-04-24,Colombia,48258134,Magdalena,1341746,NA,NA,NA,NA,5,0,0,147,14,0
2020-04-26,Colombia,48258134,Magdalena,1341746,NA,NA,NA,NA,8,3,0,160,18,0
2020-04-28,Colombia,48258134,Magdalena,1341746,NA,NA,NA,NA,3,1,0,166,19,0
2020-04-30,Colombia,48258134,Magdalena,1341746,NA,NA,NA,NA,30,0,0,202,19,0
2020-05-02,Colombia,48258134,Magdalena,1341746,NA,NA,NA,NA,10,0,0,230,19,0
2020-05-04,Colombia,48258134,Magdalena,1341746,NA,NA,NA,NA,6,2,0,242,23,0
2020-05-06,Colombia,48258134,Magdalena,1341746,NA,NA,NA,NA,0,0,0,256,24,0
2020-05-08,Colombia,48258134,Magdalena,1341746,NA,NA,NA,NA,6,2,0,263,27,0
2020-05-10,Colombia,48258134,Magdalena,1341746,NA,NA,NA,NA,8,1,0,271,28,0
2020-05-12,Colombia,48258134,Magdalena,1341746,NA,NA,NA,NA,24,0,0,308,29,0
2020-05-14,Colombia,48258134,Magdalena,1341746,NA,NA,NA,NA,33,0,0,355,30,0
2020-05-16,Colombia,48258134,Magdalena,1341746,NA,NA,NA,NA,25,0,0,405,30,0
2020-05-18,Colombia,48258134,Magdalena,1341746,NA,NA,NA,NA,26,0,0,435,31,0
2020-05-20,Colombia,48258134,Magdalena,1341746,NA,NA,NA,NA,6,0,0,447,31,0
2020-05-22,Colombia,48258134,Magdalena,1341746,NA,NA,NA,NA,18,0,0,484,31,0
2020-05-24,Colombia,48258134,Magdalena,1341746,NA,NA,NA,NA,6,0,0,493,38,0
2020-05-26,Colombia,48258134,Magdalena,1341746,NA,NA,NA,NA,24,0,0,528,38,0
2020-05-28,Colombia,48258134,Magdalena,1341746,NA,NA,NA,NA,7,0,0,554,38,0
2020-05-30,Colombia,48258134,Magdalena,1341746,NA,NA,NA,NA,28,1,0,595,44,0
2020-06-01,Colombia,48258134,Magdalena,1341746,NA,NA,NA,NA,24,1,0,635,46,0
2020-06-03,Colombia,48258134,Magdalena,1341746,NA,NA,NA,NA,53,0,0,705,46,0
2020-06-05,Colombia,48258134,Magdalena,1341746,NA,NA,NA,NA,16,0,0,734,46,0
2020-06-07,Colombia,48258134,Magdalena,1341746,NA,NA,NA,NA,3,0,0,753,46,0
2020-06-09,Colombia,48258134,Magdalena,1341746,NA,NA,NA,NA,19,1,0,799,52,0
2020-06-11,Colombia,48258134,Magdalena,1341746,NA,NA,NA,NA,15,6,0,833,60,0
2020-06-13,Colombia,48258134,Magdalena,1341746,NA,NA,NA,NA,69,0,0,920,63,0
2020-06-15,Colombia,48258134,Magdalena,1341746,NA,NA,NA,NA,28,0,0,974,66,0
2020-06-17,Colombia,48258134,Magdalena,1341746,NA,NA,NA,NA,22,3,0,1017,83,0
2020-06-19,Colombia,48258134,Magdalena,1341746,NA,NA,NA,NA,31,3,0,1142,91,0
2020-06-21,Colombia,48258134,Magdalena,1341746,NA,NA,NA,NA,78,2,0,1269,94,0
2020-06-23,Colombia,48258134,Magdalena,1341746,NA,NA,NA,NA,28,2,0,1318,102,0
2020-06-25,Colombia,48258134,Magdalena,1341746,NA,NA,NA,NA,99,2,0,1482,106,0
2020-06-27,Colombia,48258134,Magdalena,1341746,NA,NA,NA,NA,87,0,0,1626,107,0
2020-06-29,Colombia,48258134,Magdalena,1341746,NA,NA,NA,NA,21,11,0,1775,118,0
2020-07-01,Colombia,48258134,Magdalena,1341746,NA,NA,NA,NA,50,63,0,1904,184,0
2020-07-03,Colombia,48258134,Magdalena,1341746,NA,NA,NA,NA,29,4,0,2018,196,0
2020-07-05,Colombia,48258134,Magdalena,1341746,NA,NA,NA,NA,39,5,0,2121,203,0
2020-07-07,Colombia,48258134,Magdalena,1341746,NA,NA,NA,NA,126,8,0,2308,218,0
2020-07-09,Colombia,48258134,Magdalena,1341746,NA,NA,NA,NA,202,6,0,2544,231,0
2020-07-11,Colombia,48258134,Magdalena,1341746,NA,NA,NA,NA,130,5,0,2786,239,0
2020-07-13,Colombia,48258134,Magdalena,1341746,NA,NA,NA,NA,86,4,0,2904,317,0
2020-07-15,Colombia,48258134,Magdalena,1341746,NA,NA,NA,NA,42,9,0,3047,331,0
2020-07-17,Colombia,48258134,Magdalena,1341746,NA,NA,NA,NA,318,9,0,3617,347,0
2020-07-19,Colombia,48258134,Magdalena,1341746,NA,NA,NA,NA,232,4,0,4183,359,0
2020-07-21,Colombia,48258134,Magdalena,1341746,NA,NA,NA,NA,158,7,0,4507,368,0
2020-07-23,Colombia,48258134,Magdalena,1341746,NA,NA,NA,NA,153,4,0,4772,373,0
2020-07-25,Colombia,48258134,Magdalena,1341746,NA,NA,NA,NA,98,1,0,4928,379,0
2020-07-27,Colombia,48258134,Magdalena,1341746,NA,NA,NA,NA,135,1,0,5397,382,0
2020-07-29,Colombia,48258134,Magdalena,1341746,NA,NA,NA,NA,161,2,0,5806,389,0
2020-07-31,Colombia,48258134,Magdalena,1341746,NA,NA,NA,NA,79,1,0,6137,400,0
2020-08-02,Colombia,48258134,Magdalena,1341746,NA,NA,NA,NA,219,0,0,6750,408,0
2020-08-04,Colombia,48258134,Magdalena,1341746,NA,NA,NA,NA,136,0,0,7205,427,0
2020-08-06,Colombia,48258134,Magdalena,1341746,NA,NA,NA,NA,182,3,0,7734,458,0
2020-08-08,Colombia,48258134,Magdalena,1341746,NA,NA,NA,NA,167,8,0,8145,472,0
2020-08-10,Colombia,48258134,Magdalena,1341746,NA,NA,NA,NA,287,6,0,8546,489,0
2020-08-12,Colombia,48258134,Magdalena,1341746,NA,NA,NA,NA,287,14,0,9130,509,0
2020-08-14,Colombia,48258134,Magdalena,1341746,NA,NA,NA,NA,280,7,0,9727,532,0
2020-02-25,Colombia,48258134,Meta,1039722,NA,NA,NA,NA,NA,NA,NA,0,0,0
2020-02-27,Colombia,48258134,Meta,1039722,NA,NA,NA,NA,0,0,0,0,0,0
2020-02-29,Colombia,48258134,Meta,1039722,NA,NA,NA,NA,0,0,0,0,0,0
2020-03-02,Colombia,48258134,Meta,1039722,NA,NA,NA,NA,0,0,0,0,0,0
2020-03-04,Colombia,48258134,Meta,1039722,NA,NA,NA,NA,0,0,0,0,0,0
2020-03-06,Colombia,48258134,Meta,1039722,NA,NA,NA,NA,0,0,0,0,0,0
2020-03-08,Colombia,48258134,Meta,1039722,NA,NA,NA,NA,0,0,0,0,0,0
2020-03-10,Colombia,48258134,Meta,1039722,NA,NA,NA,NA,0,0,0,0,0,0
2020-03-12,Colombia,48258134,Meta,1039722,NA,NA,NA,NA,0,0,0,0,0,0
2020-03-14,Colombia,48258134,Meta,1039722,NA,NA,NA,NA,0,0,0,1,0,0
2020-03-16,Colombia,48258134,Meta,1039722,NA,NA,NA,NA,0,0,0,1,0,0
2020-03-18,Colombia,48258134,Meta,1039722,NA,NA,NA,NA,0,0,0,1,0,0
2020-03-20,Colombia,48258134,Meta,1039722,NA,NA,NA,NA,0,0,0,1,0,0
2020-03-22,Colombia,48258134,Meta,1039722,NA,NA,NA,NA,0,0,0,1,0,0
2020-03-24,Colombia,48258134,Meta,1039722,NA,NA,NA,NA,2,0,0,7,0,0
2020-03-26,Colombia,48258134,Meta,1039722,NA,NA,NA,NA,0,0,0,8,0,0
2020-03-28,Colombia,48258134,Meta,1039722,NA,NA,NA,NA,0,0,0,8,0,0
2020-03-30,Colombia,48258134,Meta,1039722,NA,NA,NA,NA,0,0,0,8,0,0
2020-04-01,Colombia,48258134,Meta,1039722,NA,NA,NA,NA,1,0,0,12,0,1
2020-04-03,Colombia,48258134,Meta,1039722,NA,NA,NA,NA,1,0,0,13,0,1
2020-04-05,Colombia,48258134,Meta,1039722,NA,NA,NA,NA,1,1,0,14,1,1
2020-04-07,Colombia,48258134,Meta,1039722,NA,NA,NA,NA,0,1,0,14,3,1
2020-04-09,Colombia,48258134,Meta,1039722,NA,NA,NA,NA,1,0,3,15,3,4
2020-04-11,Colombia,48258134,Meta,1039722,NA,NA,NA,NA,5,0,0,21,3,4
2020-04-13,Colombia,48258134,Meta,1039722,NA,NA,NA,NA,2,0,0,23,3,4
2020-04-15,Colombia,48258134,Meta,1039722,NA,NA,NA,NA,0,0,0,38,3,4
2020-04-17,Colombia,48258134,Meta,1039722,NA,NA,NA,NA,2,0,0,45,4,4
2020-04-19,Colombia,48258134,Meta,1039722,NA,NA,NA,NA,6,0,0,52,4,4
2020-04-21,Colombia,48258134,Meta,1039722,NA,NA,NA,NA,3,0,0,59,4,4
2020-04-23,Colombia,48258134,Meta,1039722,NA,NA,NA,NA,36,0,0,135,4,4
2020-04-25,Colombia,48258134,Meta,1039722,NA,NA,NA,NA,24,0,0,185,4,4
2020-04-27,Colombia,48258134,Meta,1039722,NA,NA,NA,NA,16,0,0,247,4,4
2020-04-29,Colombia,48258134,Meta,1039722,NA,NA,NA,NA,8,0,0,362,4,4
2020-05-01,Colombia,48258134,Meta,1039722,NA,NA,NA,NA,103,1,0,474,7,4
2020-05-03,Colombia,48258134,Meta,1039722,NA,NA,NA,NA,86,0,0,564,7,4
2020-05-05,Colombia,48258134,Meta,1039722,NA,NA,NA,NA,154,0,0,718,7,4
2020-05-07,Colombia,48258134,Meta,1039722,NA,NA,NA,NA,17,0,0,758,7,4
2020-05-09,Colombia,48258134,Meta,1039722,NA,NA,NA,NA,63,0,0,897,7,4
2020-05-11,Colombia,48258134,Meta,1039722,NA,NA,NA,NA,4,2,0,926,9,4
2020-05-13,Colombia,48258134,Meta,1039722,NA,NA,NA,NA,3,0,0,938,9,4
2020-05-15,Colombia,48258134,Meta,1039722,NA,NA,NA,NA,0,0,0,940,9,4
2020-05-17,Colombia,48258134,Meta,1039722,NA,NA,NA,NA,4,0,0,949,9,4
2020-05-19,Colombia,48258134,Meta,1039722,NA,NA,NA,NA,3,0,0,954,9,4
2020-05-21,Colombia,48258134,Meta,1039722,NA,NA,NA,NA,1,0,0,964,9,4
2020-05-23,Colombia,48258134,Meta,1039722,NA,NA,NA,NA,0,0,0,966,9,4
2020-05-25,Colombia,48258134,Meta,1039722,NA,NA,NA,NA,1,0,0,969,9,4
2020-05-27,Colombia,48258134,Meta,1039722,NA,NA,NA,NA,0,0,0,972,9,4
2020-05-29,Colombia,48258134,Meta,1039722,NA,NA,NA,NA,1,0,0,975,10,4
2020-05-31,Colombia,48258134,Meta,1039722,NA,NA,NA,NA,0,1,0,975,11,4
2020-06-02,Colombia,48258134,Meta,1039722,NA,NA,NA,NA,4,0,0,981,11,4
2020-06-04,Colombia,48258134,Meta,1039722,NA,NA,NA,NA,2,0,0,985,11,4
2020-06-06,Colombia,48258134,Meta,1039722,NA,NA,NA,NA,5,0,0,988,11,4
2020-06-08,Colombia,48258134,Meta,1039722,NA,NA,NA,NA,1,0,0,991,11,4
2020-06-10,Colombia,48258134,Meta,1039722,NA,NA,NA,NA,2,1,0,1001,12,4
2020-06-12,Colombia,48258134,Meta,1039722,NA,NA,NA,NA,7,0,0,1010,12,4
2020-06-14,Colombia,48258134,Meta,1039722,NA,NA,NA,NA,4,0,0,1014,12,4
2020-06-16,Colombia,48258134,Meta,1039722,NA,NA,NA,NA,1,0,0,1025,12,4
2020-06-18,Colombia,48258134,Meta,1039722,NA,NA,NA,NA,6,0,0,1036,13,4
2020-06-20,Colombia,48258134,Meta,1039722,NA,NA,NA,NA,11,0,0,1066,14,4
2020-06-22,Colombia,48258134,Meta,1039722,NA,NA,NA,NA,5,0,0,1103,14,4
2020-06-24,Colombia,48258134,Meta,1039722,NA,NA,NA,NA,22,0,0,1156,14,4
2020-06-26,Colombia,48258134,Meta,1039722,NA,NA,NA,NA,11,0,0,1181,14,4
2020-06-28,Colombia,48258134,Meta,1039722,NA,NA,NA,NA,21,0,0,1220,14,4
2020-06-30,Colombia,48258134,Meta,1039722,NA,NA,NA,NA,21,0,0,1250,16,4
2020-07-02,Colombia,48258134,Meta,1039722,NA,NA,NA,NA,22,0,0,1294,16,4
2020-07-04,Colombia,48258134,Meta,1039722,NA,NA,NA,NA,28,0,0,1334,16,4
2020-07-06,Colombia,48258134,Meta,1039722,NA,NA,NA,NA,10,1,0,1360,18,4
2020-07-08,Colombia,48258134,Meta,1039722,NA,NA,NA,NA,19,0,0,1406,18,4
2020-07-10,Colombia,48258134,Meta,1039722,NA,NA,NA,NA,82,0,0,1514,18,4
2020-07-12,Colombia,48258134,Meta,1039722,NA,NA,NA,NA,49,2,0,1596,20,4
2020-07-14,Colombia,48258134,Meta,1039722,NA,NA,NA,NA,65,0,0,1668,22,4
2020-07-16,Colombia,48258134,Meta,1039722,NA,NA,NA,NA,70,0,0,1769,24,4
2020-07-18,Colombia,48258134,Meta,1039722,NA,NA,NA,NA,68,0,0,1895,25,4
2020-07-20,Colombia,48258134,Meta,1039722,NA,NA,NA,NA,36,1,0,1972,31,4
2020-07-22,Colombia,48258134,Meta,1039722,NA,NA,NA,NA,66,1,0,2073,34,4
2020-07-24,Colombia,48258134,Meta,1039722,NA,NA,NA,NA,27,0,0,2145,34,4
2020-07-26,Colombia,48258134,Meta,1039722,NA,NA,NA,NA,25,2,0,2278,37,4
2020-07-28,Colombia,48258134,Meta,1039722,NA,NA,NA,NA,67,0,0,2376,37,4
2020-07-30,Colombia,48258134,Meta,1039722,NA,NA,NA,NA,162,4,0,2632,42,4
2020-08-01,Colombia,48258134,Meta,1039722,NA,NA,NA,NA,89,4,0,2848,47,4
2020-08-03,Colombia,48258134,Meta,1039722,NA,NA,NA,NA,106,0,0,3023,51,4
2020-08-05,Colombia,48258134,Meta,1039722,NA,NA,NA,NA,100,8,0,3173,59,4
2020-08-07,Colombia,48258134,Meta,1039722,NA,NA,NA,NA,202,4,0,3601,64,4
2020-08-09,Colombia,48258134,Meta,1039722,NA,NA,NA,NA,182,6,0,3920,76,4
2020-08-11,Colombia,48258134,Meta,1039722,NA,NA,NA,NA,223,8,0,4335,87,4
2020-08-13,Colombia,48258134,Meta,1039722,NA,NA,NA,NA,105,4,0,4686,95,4
2020-08-15,Colombia,48258134,Meta,1039722,NA,NA,NA,NA,205,1,0,5014,101,4
2020-02-26,Colombia,48258134,Narino,1630592,NA,NA,NA,NA,NA,NA,NA,0,0,0
2020-02-28,Colombia,48258134,Narino,1630592,NA,NA,NA,NA,0,0,0,0,0,0
2020-03-01,Colombia,48258134,Narino,1630592,NA,NA,NA,NA,0,0,0,0,0,0
2020-03-03,Colombia,48258134,Narino,1630592,NA,NA,NA,NA,0,0,0,0,0,0
2020-03-05,Colombia,48258134,Narino,1630592,NA,NA,NA,NA,0,0,0,0,0,0
2020-03-07,Colombia,48258134,Narino,1630592,NA,NA,NA,NA,0,0,0,0,0,0
2020-03-09,Colombia,48258134,Narino,1630592,NA,NA,NA,NA,0,0,0,0,0,0
2020-03-11,Colombia,48258134,Narino,1630592,NA,NA,NA,NA,0,0,0,0,0,0
2020-03-13,Colombia,48258134,Narino,1630592,NA,NA,NA,NA,0,0,0,0,0,0
2020-03-15,Colombia,48258134,Narino,1630592,NA,NA,NA,NA,0,0,0,0,0,0
2020-03-17,Colombia,48258134,Narino,1630592,NA,NA,NA,NA,0,0,0,0,0,0
2020-03-19,Colombia,48258134,Narino,1630592,NA,NA,NA,NA,0,0,0,0,0,0
2020-03-21,Colombia,48258134,Narino,1630592,NA,NA,NA,NA,0,0,0,0,0,0
2020-03-23,Colombia,48258134,Narino,1630592,NA,NA,NA,NA,0,0,0,0,0,0
2020-03-25,Colombia,48258134,Narino,1630592,NA,NA,NA,NA,0,0,0,1,0,0
2020-03-27,Colombia,48258134,Narino,1630592,NA,NA,NA,NA,0,0,0,1,0,0
2020-03-29,Colombia,48258134,Narino,1630592,NA,NA,NA,NA,0,0,0,2,0,0
2020-03-31,Colombia,48258134,Narino,1630592,NA,NA,NA,NA,2,0,0,4,0,0
2020-04-02,Colombia,48258134,Narino,1630592,NA,NA,NA,NA,0,0,0,6,0,0
2020-04-04,Colombia,48258134,Narino,1630592,NA,NA,NA,NA,0,0,0,6,0,0
2020-04-06,Colombia,48258134,Narino,1630592,NA,NA,NA,NA,0,0,0,6,0,0
2020-04-08,Colombia,48258134,Narino,1630592,NA,NA,NA,NA,3,0,0,9,1,0
2020-04-10,Colombia,48258134,Narino,1630592,NA,NA,NA,NA,3,0,0,31,2,0
2020-04-12,Colombia,48258134,Narino,1630592,NA,NA,NA,NA,0,0,0,38,3,0
2020-04-14,Colombia,48258134,Narino,1630592,NA,NA,NA,NA,3,1,0,41,4,0
2020-04-16,Colombia,48258134,Narino,1630592,NA,NA,NA,NA,2,0,0,44,5,0
2020-04-18,Colombia,48258134,Narino,1630592,NA,NA,NA,NA,1,1,0,47,6,0
2020-04-20,Colombia,48258134,Narino,1630592,NA,NA,NA,NA,5,0,0,52,6,0
2020-04-22,Colombia,48258134,Narino,1630592,NA,NA,NA,NA,0,0,0,62,6,0
2020-04-24,Colombia,48258134,Narino,1630592,NA,NA,NA,NA,17,0,0,79,6,0
2020-04-26,Colombia,48258134,Narino,1630592,NA,NA,NA,NA,1,1,0,93,7,0
2020-04-28,Colombia,48258134,Narino,1630592,NA,NA,NA,NA,17,1,0,113,8,0
2020-04-30,Colombia,48258134,Narino,1630592,NA,NA,NA,NA,0,0,0,118,9,0
2020-05-02,Colombia,48258134,Narino,1630592,NA,NA,NA,NA,3,1,0,157,10,0
2020-05-04,Colombia,48258134,Narino,1630592,NA,NA,NA,NA,0,2,0,201,12,0
2020-05-06,Colombia,48258134,Narino,1630592,NA,NA,NA,NA,6,0,0,253,13,0
2020-05-08,Colombia,48258134,Narino,1630592,NA,NA,NA,NA,0,2,0,253,19,0
2020-05-10,Colombia,48258134,Narino,1630592,NA,NA,NA,NA,34,0,0,296,23,0
2020-05-12,Colombia,48258134,Narino,1630592,NA,NA,NA,NA,32,0,0,338,26,0
2020-05-14,Colombia,48258134,Narino,1630592,NA,NA,NA,NA,39,1,0,377,27,0
2020-05-16,Colombia,48258134,Narino,1630592,NA,NA,NA,NA,64,0,0,489,29,0
2020-05-18,Colombia,48258134,Narino,1630592,NA,NA,NA,NA,5,1,0,499,30,0
2020-05-20,Colombia,48258134,Narino,1630592,NA,NA,NA,NA,30,0,0,549,30,0
2020-05-22,Colombia,48258134,Narino,1630592,NA,NA,NA,NA,40,0,0,634,30,0
2020-05-24,Colombia,48258134,Narino,1630592,NA,NA,NA,NA,60,0,0,709,35,0
2020-05-26,Colombia,48258134,Narino,1630592,NA,NA,NA,NA,13,0,0,801,35,0
2020-05-28,Colombia,48258134,Narino,1630592,NA,NA,NA,NA,42,0,0,867,39,0
2020-05-30,Colombia,48258134,Narino,1630592,NA,NA,NA,NA,60,2,0,1006,58,0
2020-06-01,Colombia,48258134,Narino,1630592,NA,NA,NA,NA,108,1,0,1210,60,0
2020-06-03,Colombia,48258134,Narino,1630592,NA,NA,NA,NA,83,0,0,1346,60,0
2020-06-05,Colombia,48258134,Narino,1630592,NA,NA,NA,NA,48,3,0,1431,63,0
2020-06-07,Colombia,48258134,Narino,1630592,NA,NA,NA,NA,78,0,0,1629,63,0
2020-06-09,Colombia,48258134,Narino,1630592,NA,NA,NA,NA,94,0,0,1794,69,0
2020-06-11,Colombia,48258134,Narino,1630592,NA,NA,NA,NA,41,8,0,2030,77,0
2020-06-13,Colombia,48258134,Narino,1630592,NA,NA,NA,NA,24,0,0,2081,77,0
2020-06-15,Colombia,48258134,Narino,1630592,NA,NA,NA,NA,21,6,0,2170,83,0
2020-06-17,Colombia,48258134,Narino,1630592,NA,NA,NA,NA,16,0,0,2221,91,0
2020-06-19,Colombia,48258134,Narino,1630592,NA,NA,NA,NA,93,0,0,2468,99,0
2020-06-21,Colombia,48258134,Narino,1630592,NA,NA,NA,NA,130,3,0,2624,103,0
2020-06-23,Colombia,48258134,Narino,1630592,NA,NA,NA,NA,33,2,0,2714,106,0
2020-06-25,Colombia,48258134,Narino,1630592,NA,NA,NA,NA,72,1,0,2885,107,0
2020-06-27,Colombia,48258134,Narino,1630592,NA,NA,NA,NA,63,0,0,3040,107,0
2020-06-29,Colombia,48258134,Narino,1630592,NA,NA,NA,NA,123,0,0,3307,110,0
2020-07-01,Colombia,48258134,Narino,1630592,NA,NA,NA,NA,79,9,0,3522,120,0
2020-07-03,Colombia,48258134,Narino,1630592,NA,NA,NA,NA,102,1,0,3677,125,0
2020-07-05,Colombia,48258134,Narino,1630592,NA,NA,NA,NA,189,2,0,3930,129,0
2020-07-07,Colombia,48258134,Narino,1630592,NA,NA,NA,NA,100,4,0,4077,134,0
2020-07-09,Colombia,48258134,Narino,1630592,NA,NA,NA,NA,155,3,0,4275,139,0
2020-07-11,Colombia,48258134,Narino,1630592,NA,NA,NA,NA,39,2,0,4457,148,0
2020-07-13,Colombia,48258134,Narino,1630592,NA,NA,NA,NA,45,8,0,4580,175,0
2020-07-15,Colombia,48258134,Narino,1630592,NA,NA,NA,NA,88,4,0,4748,184,0
2020-07-17,Colombia,48258134,Narino,1630592,NA,NA,NA,NA,94,5,0,5096,193,0
2020-07-19,Colombia,48258134,Narino,1630592,NA,NA,NA,NA,207,5,0,5401,203,0
2020-07-21,Colombia,48258134,Narino,1630592,NA,NA,NA,NA,128,3,0,5779,211,0
2020-07-23,Colombia,48258134,Narino,1630592,NA,NA,NA,NA,300,7,0,6292,226,0
2020-07-25,Colombia,48258134,Narino,1630592,NA,NA,NA,NA,149,5,0,6610,236,0
2020-07-27,Colombia,48258134,Narino,1630592,NA,NA,NA,NA,292,4,0,7090,248,0
2020-07-29,Colombia,48258134,Narino,1630592,NA,NA,NA,NA,238,3,0,7494,260,0
2020-07-31,Colombia,48258134,Narino,1630592,NA,NA,NA,NA,200,2,0,7970,273,0
2020-08-02,Colombia,48258134,Narino,1630592,NA,NA,NA,NA,95,4,0,8185,290,0
2020-08-04,Colombia,48258134,Narino,1630592,NA,NA,NA,NA,165,11,0,8596,308,0
2020-08-06,Colombia,48258134,Narino,1630592,NA,NA,NA,NA,230,7,0,9007,332,0
2020-08-08,Colombia,48258134,Narino,1630592,NA,NA,NA,NA,227,14,0,9365,357,0
2020-08-10,Colombia,48258134,Narino,1630592,NA,NA,NA,NA,254,8,0,9899,377,0
2020-08-12,Colombia,48258134,Narino,1630592,NA,NA,NA,NA,282,13,0,10404,399,0
2020-08-14,Colombia,48258134,Narino,1630592,NA,NA,NA,NA,178,7,0,10963,422,0
2020-02-25,Colombia,48258134,Norte de Santander,1491689,NA,NA,NA,NA,NA,NA,NA,0,0,0
2020-02-27,Colombia,48258134,Norte de Santander,1491689,NA,NA,NA,NA,0,0,0,0,0,0
2020-02-29,Colombia,48258134,Norte de Santander,1491689,NA,NA,NA,NA,0,0,0,0,0,0
2020-03-02,Colombia,48258134,Norte de Santander,1491689,NA,NA,NA,NA,0,0,0,0,0,0
2020-03-04,Colombia,48258134,Norte de Santander,1491689,NA,NA,NA,NA,0,0,0,0,0,0
2020-03-06,Colombia,48258134,Norte de Santander,1491689,NA,NA,NA,NA,0,0,0,0,0,0
2020-03-08,Colombia,48258134,Norte de Santander,1491689,NA,NA,NA,NA,0,0,0,0,0,0
2020-03-10,Colombia,48258134,Norte de Santander,1491689,NA,NA,NA,NA,0,0,0,0,0,0
2020-03-12,Colombia,48258134,Norte de Santander,1491689,NA,NA,NA,NA,0,0,0,0,0,0
2020-03-14,Colombia,48258134,Norte de Santander,1491689,NA,NA,NA,NA,0,0,0,0,0,0
2020-03-16,Colombia,48258134,Norte de Santander,1491689,NA,NA,NA,NA,1,0,0,3,0,0
2020-03-18,Colombia,48258134,Norte de Santander,1491689,NA,NA,NA,NA,0,0,0,5,0,0
2020-03-20,Colombia,48258134,Norte de Santander,1491689,NA,NA,NA,NA,0,0,0,9,0,0
2020-03-22,Colombia,48258134,Norte de Santander,1491689,NA,NA,NA,NA,0,0,0,11,0,0
2020-03-24,Colombia,48258134,Norte de Santander,1491689,NA,NA,NA,NA,3,0,0,15,0,0
2020-03-26,Colombia,48258134,Norte de Santander,1491689,NA,NA,NA,NA,0,0,0,19,0,0
2020-03-28,Colombia,48258134,Norte de Santander,1491689,NA,NA,NA,NA,0,1,0,19,2,0
2020-03-30,Colombia,48258134,Norte de Santander,1491689,NA,NA,NA,NA,1,0,0,24,2,0
2020-04-01,Colombia,48258134,Norte de Santander,1491689,NA,NA,NA,NA,1,0,0,31,2,1
2020-04-03,Colombia,48258134,Norte de Santander,1491689,NA,NA,NA,NA,4,0,0,37,2,2
2020-04-05,Colombia,48258134,Norte de Santander,1491689,NA,NA,NA,NA,0,0,0,37,2,2
2020-04-07,Colombia,48258134,Norte de Santander,1491689,NA,NA,NA,NA,0,1,0,39,4,2
2020-04-09,Colombia,48258134,Norte de Santander,1491689,NA,NA,NA,NA,18,0,1,59,5,3
2020-04-11,Colombia,48258134,Norte de Santander,1491689,NA,NA,NA,NA,7,0,0,68,5,5
2020-04-13,Colombia,48258134,Norte de Santander,1491689,NA,NA,NA,NA,0,0,0,72,5,5
2020-04-15,Colombia,48258134,Norte de Santander,1491689,NA,NA,NA,NA,7,0,0,87,5,5
2020-04-17,Colombia,48258134,Norte de Santander,1491689,NA,NA,NA,NA,0,1,0,90,6,5
2020-04-19,Colombia,48258134,Norte de Santander,1491689,NA,NA,NA,NA,0,0,0,92,6,5
2020-04-21,Colombia,48258134,Norte de Santander,1491689,NA,NA,NA,NA,1,0,0,93,6,5
2020-04-23,Colombia,48258134,Norte de Santander,1491689,NA,NA,NA,NA,1,0,0,97,6,5
2020-04-25,Colombia,48258134,Norte de Santander,1491689,NA,NA,NA,NA,1,1,0,98,8,5
2020-04-27,Colombia,48258134,Norte de Santander,1491689,NA,NA,NA,NA,1,0,0,101,10,5
2020-04-29,Colombia,48258134,Norte de Santander,1491689,NA,NA,NA,NA,0,1,0,109,11,5
2020-05-01,Colombia,48258134,Norte de Santander,1491689,NA,NA,NA,NA,4,0,0,113,11,5
2020-05-03,Colombia,48258134,Norte de Santander,1491689,NA,NA,NA,NA,0,1,0,124,12,5
2020-05-05,Colombia,48258134,Norte de Santander,1491689,NA,NA,NA,NA,1,0,0,125,12,5
2020-05-07,Colombia,48258134,Norte de Santander,1491689,NA,NA,NA,NA,0,1,0,125,13,5
2020-05-09,Colombia,48258134,Norte de Santander,1491689,NA,NA,NA,NA,4,0,0,136,13,5
2020-05-11,Colombia,48258134,Norte de Santander,1491689,NA,NA,NA,NA,0,0,0,141,13,5
2020-05-13,Colombia,48258134,Norte de Santander,1491689,NA,NA,NA,NA,0,0,0,146,13,5
2020-05-15,Colombia,48258134,Norte de Santander,1491689,NA,NA,NA,NA,2,1,0,149,14,5
2020-05-17,Colombia,48258134,Norte de Santander,1491689,NA,NA,NA,NA,1,0,0,162,14,5
2020-05-19,Colombia,48258134,Norte de Santander,1491689,NA,NA,NA,NA,0,0,0,164,14,5
2020-05-21,Colombia,48258134,Norte de Santander,1491689,NA,NA,NA,NA,1,0,0,167,14,5
2020-05-23,Colombia,48258134,Norte de Santander,1491689,NA,NA,NA,NA,6,0,0,177,14,5
2020-05-25,Colombia,48258134,Norte de Santander,1491689,NA,NA,NA,NA,0,0,0,177,14,5
2020-05-27,Colombia,48258134,Norte de Santander,1491689,NA,NA,NA,NA,3,0,0,182,14,5
2020-05-29,Colombia,48258134,Norte de Santander,1491689,NA,NA,NA,NA,1,2,0,186,16,5
2020-05-31,Colombia,48258134,Norte de Santander,1491689,NA,NA,NA,NA,12,0,0,198,17,5
2020-06-02,Colombia,48258134,Norte de Santander,1491689,NA,NA,NA,NA,13,0,0,214,17,5
2020-06-04,Colombia,48258134,Norte de Santander,1491689,NA,NA,NA,NA,2,0,0,249,17,5
2020-06-06,Colombia,48258134,Norte de Santander,1491689,NA,NA,NA,NA,19,2,0,283,19,5
2020-06-08,Colombia,48258134,Norte de Santander,1491689,NA,NA,NA,NA,14,0,0,312,19,5
2020-06-10,Colombia,48258134,Norte de Santander,1491689,NA,NA,NA,NA,8,2,0,350,21,5
2020-06-12,Colombia,48258134,Norte de Santander,1491689,NA,NA,NA,NA,4,0,0,359,22,5
2020-06-14,Colombia,48258134,Norte de Santander,1491689,NA,NA,NA,NA,16,0,0,390,22,5
2020-06-16,Colombia,48258134,Norte de Santander,1491689,NA,NA,NA,NA,22,4,0,433,26,5
2020-06-18,Colombia,48258134,Norte de Santander,1491689,NA,NA,NA,NA,46,3,0,521,29,5
2020-06-20,Colombia,48258134,Norte de Santander,1491689,NA,NA,NA,NA,44,0,0,601,30,5
2020-06-22,Colombia,48258134,Norte de Santander,1491689,NA,NA,NA,NA,26,2,0,744,32,5
2020-06-24,Colombia,48258134,Norte de Santander,1491689,NA,NA,NA,NA,27,0,0,789,33,5
2020-06-26,Colombia,48258134,Norte de Santander,1491689,NA,NA,NA,NA,37,0,0,862,34,5
2020-06-28,Colombia,48258134,Norte de Santander,1491689,NA,NA,NA,NA,37,0,0,969,34,5
2020-06-30,Colombia,48258134,Norte de Santander,1491689,NA,NA,NA,NA,31,0,0,1047,34,5
2020-07-02,Colombia,48258134,Norte de Santander,1491689,NA,NA,NA,NA,60,1,0,1157,43,5
2020-07-04,Colombia,48258134,Norte de Santander,1491689,NA,NA,NA,NA,114,3,0,1312,47,5
2020-07-06,Colombia,48258134,Norte de Santander,1491689,NA,NA,NA,NA,15,3,0,1391,51,5
2020-07-08,Colombia,48258134,Norte de Santander,1491689,NA,NA,NA,NA,46,1,0,1520,54,5
2020-07-10,Colombia,48258134,Norte de Santander,1491689,NA,NA,NA,NA,162,1,0,1753,58,5
2020-07-12,Colombia,48258134,Norte de Santander,1491689,NA,NA,NA,NA,115,11,0,1923,71,5
2020-07-14,Colombia,48258134,Norte de Santander,1491689,NA,NA,NA,NA,116,6,0,2074,83,5
2020-07-16,Colombia,48258134,Norte de Santander,1491689,NA,NA,NA,NA,160,7,0,2348,95,5
2020-07-18,Colombia,48258134,Norte de Santander,1491689,NA,NA,NA,NA,131,5,0,2656,109,5
2020-07-20,Colombia,48258134,Norte de Santander,1491689,NA,NA,NA,NA,121,10,0,2882,126,5
2020-07-22,Colombia,48258134,Norte de Santander,1491689,NA,NA,NA,NA,278,10,0,3264,145,5
2020-07-24,Colombia,48258134,Norte de Santander,1491689,NA,NA,NA,NA,283,9,0,3791,161,5
2020-07-26,Colombia,48258134,Norte de Santander,1491689,NA,NA,NA,NA,161,7,0,4240,179,5
2020-07-28,Colombia,48258134,Norte de Santander,1491689,NA,NA,NA,NA,314,12,0,4895,198,5
2020-07-30,Colombia,48258134,Norte de Santander,1491689,NA,NA,NA,NA,304,30,0,5623,233,5
2020-08-01,Colombia,48258134,Norte de Santander,1491689,NA,NA,NA,NA,407,47,0,6499,285,5
2020-08-03,Colombia,48258134,Norte de Santander,1491689,NA,NA,NA,NA,386,40,0,7252,333,5
2020-08-05,Colombia,48258134,Norte de Santander,1491689,NA,NA,NA,NA,543,64,0,8372,434,5
2020-08-07,Colombia,48258134,Norte de Santander,1491689,NA,NA,NA,NA,901,40,0,9799,490,5
2020-08-09,Colombia,48258134,Norte de Santander,1491689,NA,NA,NA,NA,750,40,0,11393,588,5
2020-08-11,Colombia,48258134,Norte de Santander,1491689,NA,NA,NA,NA,960,54,0,12787,668,5
2020-08-13,Colombia,48258134,Norte de Santander,1491689,NA,NA,NA,NA,927,40,0,14477,760,5
2020-08-15,Colombia,48258134,Norte de Santander,1491689,NA,NA,NA,NA,712,3,0,16108,776,5
2020-02-26,Colombia,48258134,Putumayo,348182,NA,NA,NA,NA,NA,NA,NA,0,0,0
2020-02-28,Colombia,48258134,Putumayo,348182,NA,NA,NA,NA,0,0,0,0,0,0
2020-03-01,Colombia,48258134,Putumayo,348182,NA,NA,NA,NA,0,0,0,0,0,0
2020-03-03,Colombia,48258134,Putumayo,348182,NA,NA,NA,NA,0,0,0,0,0,0
2020-03-05,Colombia,48258134,Putumayo,348182,NA,NA,NA,NA,0,0,0,0,0,0
2020-03-07,Colombia,48258134,Putumayo,348182,NA,NA,NA,NA,0,0,0,0,0,0
2020-03-09,Colombia,48258134,Putumayo,348182,NA,NA,NA,NA,0,0,0,0,0,0
2020-03-11,Colombia,48258134,Putumayo,348182,NA,NA,NA,NA,0,0,0,0,0,0
2020-03-13,Colombia,48258134,Putumayo,348182,NA,NA,NA,NA,0,0,0,0,0,0
2020-03-15,Colombia,48258134,Putumayo,348182,NA,NA,NA,NA,0,0,0,0,0,0
2020-03-17,Colombia,48258134,Putumayo,348182,NA,NA,NA,NA,0,0,0,0,0,0
2020-03-19,Colombia,48258134,Putumayo,348182,NA,NA,NA,NA,0,0,0,0,0,0
2020-03-21,Colombia,48258134,Putumayo,348182,NA,NA,NA,NA,0,0,0,0,0,0
2020-03-23,Colombia,48258134,Putumayo,348182,NA,NA,NA,NA,0,0,0,0,0,0
2020-03-25,Colombia,48258134,Putumayo,348182,NA,NA,NA,NA,0,0,0,0,0,0
2020-03-27,Colombia,48258134,Putumayo,348182,NA,NA,NA,NA,0,0,0,0,0,0
2020-03-29,Colombia,48258134,Putumayo,348182,NA,NA,NA,NA,0,0,0,0,0,0
2020-03-31,Colombia,48258134,Putumayo,348182,NA,NA,NA,NA,0,0,0,0,0,0
2020-04-02,Colombia,48258134,Putumayo,348182,NA,NA,NA,NA,0,0,0,0,0,0
2020-04-04,Colombia,48258134,Putumayo,348182,NA,NA,NA,NA,0,0,0,0,0,0
2020-04-06,Colombia,48258134,Putumayo,348182,NA,NA,NA,NA,0,0,0,0,0,0
2020-04-08,Colombia,48258134,Putumayo,348182,NA,NA,NA,NA,0,0,0,0,0,0
2020-04-10,Colombia,48258134,Putumayo,348182,NA,NA,NA,NA,0,0,0,0,0,0
2020-04-12,Colombia,48258134,Putumayo,348182,NA,NA,NA,NA,0,0,0,0,0,0
2020-04-14,Colombia,48258134,Putumayo,348182,NA,NA,NA,NA,0,0,0,0,0,0
2020-04-16,Colombia,48258134,Putumayo,348182,NA,NA,NA,NA,0,0,0,0,0,0
2020-04-18,Colombia,48258134,Putumayo,348182,NA,NA,NA,NA,0,0,0,0,0,0
2020-04-20,Colombia,48258134,Putumayo,348182,NA,NA,NA,NA,0,0,0,0,0,0
2020-04-22,Colombia,48258134,Putumayo,348182,NA,NA,NA,NA,0,0,0,0,0,0
2020-04-24,Colombia,48258134,Putumayo,348182,NA,NA,NA,NA,0,0,0,0,0,0
2020-04-26,Colombia,48258134,Putumayo,348182,NA,NA,NA,NA,0,0,0,0,0,0
2020-04-28,Colombia,48258134,Putumayo,348182,NA,NA,NA,NA,0,0,0,0,0,0
2020-04-30,Colombia,48258134,Putumayo,348182,NA,NA,NA,NA,0,0,0,0,0,0
2020-05-02,Colombia,48258134,Putumayo,348182,NA,NA,NA,NA,0,0,0,0,0,0
2020-05-04,Colombia,48258134,Putumayo,348182,NA,NA,NA,NA,0,0,0,0,0,0
2020-05-06,Colombia,48258134,Putumayo,348182,NA,NA,NA,NA,0,0,0,0,0,0
2020-05-08,Colombia,48258134,Putumayo,348182,NA,NA,NA,NA,0,0,0,0,0,0
2020-05-10,Colombia,48258134,Putumayo,348182,NA,NA,NA,NA,1,0,0,1,0,0
2020-05-12,Colombia,48258134,Putumayo,348182,NA,NA,NA,NA,1,0,0,2,0,0
2020-05-14,Colombia,48258134,Putumayo,348182,NA,NA,NA,NA,0,0,0,2,0,0
2020-05-16,Colombia,48258134,Putumayo,348182,NA,NA,NA,NA,0,0,0,3,0,0
2020-05-18,Colombia,48258134,Putumayo,348182,NA,NA,NA,NA,0,0,0,3,0,0
2020-05-20,Colombia,48258134,Putumayo,348182,NA,NA,NA,NA,0,0,0,3,0,0
2020-05-22,Colombia,48258134,Putumayo,348182,NA,NA,NA,NA,0,0,0,3,0,0
2020-05-24,Colombia,48258134,Putumayo,348182,NA,NA,NA,NA,0,0,0,3,0,0
2020-05-26,Colombia,48258134,Putumayo,348182,NA,NA,NA,NA,0,0,0,7,0,0
2020-05-28,Colombia,48258134,Putumayo,348182,NA,NA,NA,NA,0,0,0,7,0,0
2020-05-30,Colombia,48258134,Putumayo,348182,NA,NA,NA,NA,1,0,0,9,0,0
2020-06-01,Colombia,48258134,Putumayo,348182,NA,NA,NA,NA,0,0,0,9,0,0
2020-06-03,Colombia,48258134,Putumayo,348182,NA,NA,NA,NA,1,0,0,10,0,0
2020-06-05,Colombia,48258134,Putumayo,348182,NA,NA,NA,NA,1,0,0,11,0,0
2020-06-07,Colombia,48258134,Putumayo,348182,NA,NA,NA,NA,0,0,0,11,0,0
2020-06-09,Colombia,48258134,Putumayo,348182,NA,NA,NA,NA,0,0,0,11,0,0
2020-06-11,Colombia,48258134,Putumayo,348182,NA,NA,NA,NA,1,0,0,12,0,0
2020-06-13,Colombia,48258134,Putumayo,348182,NA,NA,NA,NA,0,0,0,12,0,0
2020-06-15,Colombia,48258134,Putumayo,348182,NA,NA,NA,NA,0,0,0,13,0,0
2020-06-17,Colombia,48258134,Putumayo,348182,NA,NA,NA,NA,2,0,0,15,0,0
2020-06-19,Colombia,48258134,Putumayo,348182,NA,NA,NA,NA,0,0,0,15,0,0
2020-06-21,Colombia,48258134,Putumayo,348182,NA,NA,NA,NA,0,0,0,17,0,0
2020-06-23,Colombia,48258134,Putumayo,348182,NA,NA,NA,NA,2,0,0,19,6,0
2020-06-25,Colombia,48258134,Putumayo,348182,NA,NA,NA,NA,0,0,0,19,6,0
2020-06-27,Colombia,48258134,Putumayo,348182,NA,NA,NA,NA,0,0,0,20,6,0
2020-06-29,Colombia,48258134,Putumayo,348182,NA,NA,NA,NA,4,0,0,26,6,0
2020-07-01,Colombia,48258134,Putumayo,348182,NA,NA,NA,NA,0,0,0,28,6,0
2020-07-03,Colombia,48258134,Putumayo,348182,NA,NA,NA,NA,4,0,0,33,8,0
2020-07-05,Colombia,48258134,Putumayo,348182,NA,NA,NA,NA,0,0,0,35,8,0
2020-07-07,Colombia,48258134,Putumayo,348182,NA,NA,NA,NA,0,1,0,38,9,0
2020-07-09,Colombia,48258134,Putumayo,348182,NA,NA,NA,NA,2,0,0,41,9,0
2020-07-11,Colombia,48258134,Putumayo,348182,NA,NA,NA,NA,39,2,0,88,11,0
2020-07-13,Colombia,48258134,Putumayo,348182,NA,NA,NA,NA,1,0,0,96,15,0
2020-07-15,Colombia,48258134,Putumayo,348182,NA,NA,NA,NA,10,1,0,123,18,0
2020-07-17,Colombia,48258134,Putumayo,348182,NA,NA,NA,NA,5,0,0,154,18,0
2020-07-19,Colombia,48258134,Putumayo,348182,NA,NA,NA,NA,44,2,0,243,21,0
2020-07-21,Colombia,48258134,Putumayo,348182,NA,NA,NA,NA,54,1,0,345,23,0
2020-07-23,Colombia,48258134,Putumayo,348182,NA,NA,NA,NA,74,1,0,459,25,0
2020-07-25,Colombia,48258134,Putumayo,348182,NA,NA,NA,NA,37,1,0,531,28,0
2020-07-27,Colombia,48258134,Putumayo,348182,NA,NA,NA,NA,116,4,0,759,34,0
2020-07-29,Colombia,48258134,Putumayo,348182,NA,NA,NA,NA,15,3,0,777,37,0
2020-07-31,Colombia,48258134,Putumayo,348182,NA,NA,NA,NA,58,0,0,909,40,0
2020-08-02,Colombia,48258134,Putumayo,348182,NA,NA,NA,NA,90,0,0,1033,49,0
2020-08-04,Colombia,48258134,Putumayo,348182,NA,NA,NA,NA,80,2,0,1208,56,0
2020-08-06,Colombia,48258134,Putumayo,348182,NA,NA,NA,NA,35,1,0,1293,61,0
2020-08-08,Colombia,48258134,Putumayo,348182,NA,NA,NA,NA,24,15,0,1380,76,0
2020-08-10,Colombia,48258134,Putumayo,348182,NA,NA,NA,NA,150,0,0,1582,76,0
2020-08-12,Colombia,48258134,Putumayo,348182,NA,NA,NA,NA,39,0,0,1638,79,0
2020-08-14,Colombia,48258134,Putumayo,348182,NA,NA,NA,NA,140,1,0,1840,91,0
2020-02-25,Colombia,48258134,Quindio,539904,NA,NA,NA,NA,NA,NA,NA,0,0,0
2020-02-27,Colombia,48258134,Quindio,539904,NA,NA,NA,NA,0,0,0,0,0,0
2020-02-29,Colombia,48258134,Quindio,539904,NA,NA,NA,NA,0,0,0,0,0,0
2020-03-02,Colombia,48258134,Quindio,539904,NA,NA,NA,NA,0,0,0,0,0,0
2020-03-04,Colombia,48258134,Quindio,539904,NA,NA,NA,NA,0,0,0,0,0,0
2020-03-06,Colombia,48258134,Quindio,539904,NA,NA,NA,NA,0,0,0,0,0,0
2020-03-08,Colombia,48258134,Quindio,539904,NA,NA,NA,NA,0,0,0,0,0,0
2020-03-10,Colombia,48258134,Quindio,539904,NA,NA,NA,NA,0,0,0,0,0,0
2020-03-12,Colombia,48258134,Quindio,539904,NA,NA,NA,NA,0,0,0,0,0,0
2020-03-14,Colombia,48258134,Quindio,539904,NA,NA,NA,NA,0,0,0,0,0,0
2020-03-16,Colombia,48258134,Quindio,539904,NA,NA,NA,NA,0,0,0,0,0,0
2020-03-18,Colombia,48258134,Quindio,539904,NA,NA,NA,NA,0,0,0,2,0,0
2020-03-20,Colombia,48258134,Quindio,539904,NA,NA,NA,NA,0,0,0,3,0,0
2020-03-22,Colombia,48258134,Quindio,539904,NA,NA,NA,NA,3,0,0,6,0,0
2020-03-24,Colombia,48258134,Quindio,539904,NA,NA,NA,NA,1,0,0,8,0,0
2020-03-26,Colombia,48258134,Quindio,539904,NA,NA,NA,NA,0,0,0,12,0,0
2020-03-28,Colombia,48258134,Quindio,539904,NA,NA,NA,NA,1,0,0,16,0,0
2020-03-30,Colombia,48258134,Quindio,539904,NA,NA,NA,NA,0,0,0,16,0,0
2020-04-01,Colombia,48258134,Quindio,539904,NA,NA,NA,NA,7,0,0,23,0,0
2020-04-03,Colombia,48258134,Quindio,539904,NA,NA,NA,NA,0,1,0,23,1,3
2020-04-05,Colombia,48258134,Quindio,539904,NA,NA,NA,NA,0,0,0,23,2,4
2020-04-07,Colombia,48258134,Quindio,539904,NA,NA,NA,NA,0,0,0,23,2,4
2020-04-09,Colombia,48258134,Quindio,539904,NA,NA,NA,NA,1,0,1,41,2,5
2020-04-11,Colombia,48258134,Quindio,539904,NA,NA,NA,NA,3,0,0,47,2,5
2020-04-13,Colombia,48258134,Quindio,539904,NA,NA,NA,NA,2,0,0,49,2,5
2020-04-15,Colombia,48258134,Quindio,539904,NA,NA,NA,NA,0,0,0,49,2,5
2020-04-17,Colombia,48258134,Quindio,539904,NA,NA,NA,NA,2,0,0,51,2,5
2020-04-19,Colombia,48258134,Quindio,539904,NA,NA,NA,NA,0,0,0,53,2,5
2020-04-21,Colombia,48258134,Quindio,539904,NA,NA,NA,NA,0,0,0,55,2,5
2020-04-23,Colombia,48258134,Quindio,539904,NA,NA,NA,NA,0,0,0,55,2,5
2020-04-25,Colombia,48258134,Quindio,539904,NA,NA,NA,NA,0,0,0,55,2,5
2020-04-27,Colombia,48258134,Quindio,539904,NA,NA,NA,NA,2,0,0,58,2,5
2020-04-29,Colombia,48258134,Quindio,539904,NA,NA,NA,NA,0,0,0,59,2,5
2020-05-01,Colombia,48258134,Quindio,539904,NA,NA,NA,NA,1,0,0,60,2,5
2020-05-03,Colombia,48258134,Quindio,539904,NA,NA,NA,NA,0,0,0,60,2,5
2020-05-05,Colombia,48258134,Quindio,539904,NA,NA,NA,NA,3,0,0,63,2,5
2020-05-07,Colombia,48258134,Quindio,539904,NA,NA,NA,NA,2,0,0,65,2,5
2020-05-09,Colombia,48258134,Quindio,539904,NA,NA,NA,NA,0,0,0,66,2,5
2020-05-11,Colombia,48258134,Quindio,539904,NA,NA,NA,NA,3,0,0,70,2,5
2020-05-13,Colombia,48258134,Quindio,539904,NA,NA,NA,NA,7,0,0,77,2,5
2020-05-15,Colombia,48258134,Quindio,539904,NA,NA,NA,NA,1,0,0,78,2,5
2020-05-17,Colombia,48258134,Quindio,539904,NA,NA,NA,NA,0,0,0,79,2,5
2020-05-19,Colombia,48258134,Quindio,539904,NA,NA,NA,NA,0,0,0,81,2,5
2020-05-21,Colombia,48258134,Quindio,539904,NA,NA,NA,NA,0,0,0,84,2,5
2020-05-23,Colombia,48258134,Quindio,539904,NA,NA,NA,NA,2,0,0,88,2,5
2020-05-25,Colombia,48258134,Quindio,539904,NA,NA,NA,NA,5,0,0,94,2,5
2020-05-27,Colombia,48258134,Quindio,539904,NA,NA,NA,NA,13,0,0,107,2,5
2020-05-29,Colombia,48258134,Quindio,539904,NA,NA,NA,NA,0,0,0,107,4,5
2020-05-31,Colombia,48258134,Quindio,539904,NA,NA,NA,NA,4,0,0,111,4,5
2020-06-02,Colombia,48258134,Quindio,539904,NA,NA,NA,NA,1,0,0,113,4,5
2020-06-04,Colombia,48258134,Quindio,539904,NA,NA,NA,NA,0,0,0,119,4,5
2020-06-06,Colombia,48258134,Quindio,539904,NA,NA,NA,NA,1,0,0,121,4,5
2020-06-08,Colombia,48258134,Quindio,539904,NA,NA,NA,NA,0,0,0,121,5,5
2020-06-10,Colombia,48258134,Quindio,539904,NA,NA,NA,NA,0,0,0,122,5,5
2020-06-12,Colombia,48258134,Quindio,539904,NA,NA,NA,NA,1,0,0,124,5,5
2020-06-14,Colombia,48258134,Quindio,539904,NA,NA,NA,NA,1,0,0,126,5,5
2020-06-16,Colombia,48258134,Quindio,539904,NA,NA,NA,NA,1,0,0,129,5,5
2020-06-18,Colombia,48258134,Quindio,539904,NA,NA,NA,NA,8,0,0,139,5,5
2020-06-20,Colombia,48258134,Quindio,539904,NA,NA,NA,NA,3,0,0,145,5,5
2020-06-22,Colombia,48258134,Quindio,539904,NA,NA,NA,NA,3,0,0,149,5,5
2020-06-24,Colombia,48258134,Quindio,539904,NA,NA,NA,NA,2,0,0,152,5,5
2020-06-26,Colombia,48258134,Quindio,539904,NA,NA,NA,NA,4,0,0,160,5,5
2020-06-28,Colombia,48258134,Quindio,539904,NA,NA,NA,NA,0,0,0,160,5,5
2020-06-30,Colombia,48258134,Quindio,539904,NA,NA,NA,NA,6,0,0,167,5,5
2020-07-02,Colombia,48258134,Quindio,539904,NA,NA,NA,NA,1,0,0,168,5,5
2020-07-04,Colombia,48258134,Quindio,539904,NA,NA,NA,NA,8,0,0,177,5,5
2020-07-06,Colombia,48258134,Quindio,539904,NA,NA,NA,NA,0,0,0,177,5,5
2020-07-08,Colombia,48258134,Quindio,539904,NA,NA,NA,NA,3,0,0,180,5,5
2020-07-10,Colombia,48258134,Quindio,539904,NA,NA,NA,NA,6,0,0,193,5,5
2020-07-12,Colombia,48258134,Quindio,539904,NA,NA,NA,NA,1,0,0,194,5,5
2020-07-14,Colombia,48258134,Quindio,539904,NA,NA,NA,NA,9,3,0,203,8,5
2020-07-16,Colombia,48258134,Quindio,539904,NA,NA,NA,NA,3,0,0,206,8,5
2020-07-18,Colombia,48258134,Quindio,539904,NA,NA,NA,NA,0,0,0,208,8,5
2020-07-20,Colombia,48258134,Quindio,539904,NA,NA,NA,NA,2,0,0,214,8,5
2020-07-22,Colombia,48258134,Quindio,539904,NA,NA,NA,NA,8,0,0,222,8,5
2020-07-24,Colombia,48258134,Quindio,539904,NA,NA,NA,NA,8,0,0,234,8,5
2020-07-26,Colombia,48258134,Quindio,539904,NA,NA,NA,NA,3,1,0,247,9,5
2020-07-28,Colombia,48258134,Quindio,539904,NA,NA,NA,NA,2,0,0,266,9,5
2020-07-30,Colombia,48258134,Quindio,539904,NA,NA,NA,NA,19,0,0,322,9,5
2020-08-01,Colombia,48258134,Quindio,539904,NA,NA,NA,NA,16,0,0,364,9,5
2020-08-03,Colombia,48258134,Quindio,539904,NA,NA,NA,NA,24,0,0,402,9,5
2020-08-05,Colombia,48258134,Quindio,539904,NA,NA,NA,NA,36,0,0,445,9,5
2020-08-07,Colombia,48258134,Quindio,539904,NA,NA,NA,NA,4,2,0,478,14,5
2020-08-09,Colombia,48258134,Quindio,539904,NA,NA,NA,NA,14,0,0,510,14,5
2020-08-11,Colombia,48258134,Quindio,539904,NA,NA,NA,NA,21,0,0,549,14,5
2020-08-13,Colombia,48258134,Quindio,539904,NA,NA,NA,NA,18,3,0,574,19,5
2020-08-15,Colombia,48258134,Quindio,539904,NA,NA,NA,NA,18,0,0,649,19,5
2020-02-26,Colombia,48258134,Risaralda,943401,NA,NA,NA,NA,NA,NA,NA,0,0,0
2020-02-28,Colombia,48258134,Risaralda,943401,NA,NA,NA,NA,0,0,0,0,0,0
2020-03-01,Colombia,48258134,Risaralda,943401,NA,NA,NA,NA,0,0,0,0,0,0
2020-03-03,Colombia,48258134,Risaralda,943401,NA,NA,NA,NA,0,0,0,0,0,0
2020-03-05,Colombia,48258134,Risaralda,943401,NA,NA,NA,NA,0,0,0,0,0,0
2020-03-07,Colombia,48258134,Risaralda,943401,NA,NA,NA,NA,0,0,0,0,0,0
2020-03-09,Colombia,48258134,Risaralda,943401,NA,NA,NA,NA,0,0,0,0,0,0
2020-03-11,Colombia,48258134,Risaralda,943401,NA,NA,NA,NA,0,0,0,0,0,0
2020-03-13,Colombia,48258134,Risaralda,943401,NA,NA,NA,NA,0,0,0,0,0,0
2020-03-15,Colombia,48258134,Risaralda,943401,NA,NA,NA,NA,0,0,0,1,0,0
2020-03-17,Colombia,48258134,Risaralda,943401,NA,NA,NA,NA,1,0,0,2,0,0
2020-03-19,Colombia,48258134,Risaralda,943401,NA,NA,NA,NA,0,0,0,5,0,0
2020-03-21,Colombia,48258134,Risaralda,943401,NA,NA,NA,NA,1,0,0,7,0,0
2020-03-23,Colombia,48258134,Risaralda,943401,NA,NA,NA,NA,1,0,0,13,0,0
2020-03-25,Colombia,48258134,Risaralda,943401,NA,NA,NA,NA,2,0,0,18,0,0
2020-03-27,Colombia,48258134,Risaralda,943401,NA,NA,NA,NA,0,0,0,18,0,0
2020-03-29,Colombia,48258134,Risaralda,943401,NA,NA,NA,NA,10,0,0,28,0,0
2020-03-31,Colombia,48258134,Risaralda,943401,NA,NA,NA,NA,6,0,0,34,1,0
2020-04-02,Colombia,48258134,Risaralda,943401,NA,NA,NA,NA,0,0,0,34,2,1
2020-04-04,Colombia,48258134,Risaralda,943401,NA,NA,NA,NA,0,0,0,36,2,1
2020-04-06,Colombia,48258134,Risaralda,943401,NA,NA,NA,NA,0,0,0,36,2,1
2020-04-08,Colombia,48258134,Risaralda,943401,NA,NA,NA,NA,10,0,0,46,2,2
2020-04-10,Colombia,48258134,Risaralda,943401,NA,NA,NA,NA,3,0,2,52,2,5
2020-04-12,Colombia,48258134,Risaralda,943401,NA,NA,NA,NA,3,0,0,61,2,5
2020-04-14,Colombia,48258134,Risaralda,943401,NA,NA,NA,NA,8,0,0,70,2,5
2020-04-16,Colombia,48258134,Risaralda,943401,NA,NA,NA,NA,0,1,0,73,4,5
2020-04-18,Colombia,48258134,Risaralda,943401,NA,NA,NA,NA,12,1,0,125,5,5
2020-04-20,Colombia,48258134,Risaralda,943401,NA,NA,NA,NA,0,0,0,131,5,5
2020-04-22,Colombia,48258134,Risaralda,943401,NA,NA,NA,NA,6,0,0,142,5,5
2020-04-24,Colombia,48258134,Risaralda,943401,NA,NA,NA,NA,2,1,0,148,6,5
2020-04-26,Colombia,48258134,Risaralda,943401,NA,NA,NA,NA,5,0,0,185,6,5
2020-04-28,Colombia,48258134,Risaralda,943401,NA,NA,NA,NA,6,0,0,191,6,5
2020-04-30,Colombia,48258134,Risaralda,943401,NA,NA,NA,NA,6,0,0,199,7,5
2020-05-02,Colombia,48258134,Risaralda,943401,NA,NA,NA,NA,5,1,0,208,8,5
2020-05-04,Colombia,48258134,Risaralda,943401,NA,NA,NA,NA,0,0,0,211,8,5
2020-05-06,Colombia,48258134,Risaralda,943401,NA,NA,NA,NA,1,0,0,212,8,5
2020-05-08,Colombia,48258134,Risaralda,943401,NA,NA,NA,NA,2,0,0,214,8,5
2020-05-10,Colombia,48258134,Risaralda,943401,NA,NA,NA,NA,0,0,0,216,8,5
2020-05-12,Colombia,48258134,Risaralda,943401,NA,NA,NA,NA,0,0,0,216,8,5
2020-05-14,Colombia,48258134,Risaralda,943401,NA,NA,NA,NA,3,0,0,236,8,5
2020-05-16,Colombia,48258134,Risaralda,943401,NA,NA,NA,NA,0,0,0,236,8,5
2020-05-18,Colombia,48258134,Risaralda,943401,NA,NA,NA,NA,0,0,0,238,8,5
2020-05-20,Colombia,48258134,Risaralda,943401,NA,NA,NA,NA,0,0,0,238,8,5
2020-05-22,Colombia,48258134,Risaralda,943401,NA,NA,NA,NA,1,0,0,240,8,5
2020-05-24,Colombia,48258134,Risaralda,943401,NA,NA,NA,NA,1,0,0,242,8,5
2020-05-26,Colombia,48258134,Risaralda,943401,NA,NA,NA,NA,0,0,0,245,8,5
2020-05-28,Colombia,48258134,Risaralda,943401,NA,NA,NA,NA,1,0,0,250,8,5
2020-05-30,Colombia,48258134,Risaralda,943401,NA,NA,NA,NA,2,1,0,253,9,5
2020-06-01,Colombia,48258134,Risaralda,943401,NA,NA,NA,NA,0,0,0,255,9,5
2020-06-03,Colombia,48258134,Risaralda,943401,NA,NA,NA,NA,5,0,0,263,9,5
2020-06-05,Colombia,48258134,Risaralda,943401,NA,NA,NA,NA,2,1,0,268,10,5
2020-06-07,Colombia,48258134,Risaralda,943401,NA,NA,NA,NA,4,0,0,278,10,5
2020-06-09,Colombia,48258134,Risaralda,943401,NA,NA,NA,NA,8,1,0,286,11,5
2020-06-11,Colombia,48258134,Risaralda,943401,NA,NA,NA,NA,8,0,0,302,11,5
2020-06-13,Colombia,48258134,Risaralda,943401,NA,NA,NA,NA,7,0,0,315,11,5
2020-06-15,Colombia,48258134,Risaralda,943401,NA,NA,NA,NA,0,0,0,323,11,5
2020-06-17,Colombia,48258134,Risaralda,943401,NA,NA,NA,NA,7,0,0,332,11,5
2020-06-19,Colombia,48258134,Risaralda,943401,NA,NA,NA,NA,13,1,0,396,12,5
2020-06-21,Colombia,48258134,Risaralda,943401,NA,NA,NA,NA,9,0,0,420,12,5
2020-06-23,Colombia,48258134,Risaralda,943401,NA,NA,NA,NA,12,0,0,435,12,5
2020-06-25,Colombia,48258134,Risaralda,943401,NA,NA,NA,NA,11,0,0,473,12,5
2020-06-27,Colombia,48258134,Risaralda,943401,NA,NA,NA,NA,8,0,0,502,12,5
2020-06-29,Colombia,48258134,Risaralda,943401,NA,NA,NA,NA,3,1,0,511,13,5
2020-07-01,Colombia,48258134,Risaralda,943401,NA,NA,NA,NA,35,0,0,546,13,5
2020-07-03,Colombia,48258134,Risaralda,943401,NA,NA,NA,NA,24,0,0,587,13,5
2020-07-05,Colombia,48258134,Risaralda,943401,NA,NA,NA,NA,3,5,0,614,18,5
2020-07-07,Colombia,48258134,Risaralda,943401,NA,NA,NA,NA,18,0,0,637,20,5
2020-07-09,Colombia,48258134,Risaralda,943401,NA,NA,NA,NA,55,0,0,709,20,5
2020-07-11,Colombia,48258134,Risaralda,943401,NA,NA,NA,NA,6,0,0,722,20,5
2020-07-13,Colombia,48258134,Risaralda,943401,NA,NA,NA,NA,5,0,0,750,21,5
2020-07-15,Colombia,48258134,Risaralda,943401,NA,NA,NA,NA,33,0,0,834,21,5
2020-07-17,Colombia,48258134,Risaralda,943401,NA,NA,NA,NA,38,0,0,926,21,5
2020-07-19,Colombia,48258134,Risaralda,943401,NA,NA,NA,NA,25,1,0,995,22,5
2020-07-21,Colombia,48258134,Risaralda,943401,NA,NA,NA,NA,72,0,0,1077,23,5
2020-07-23,Colombia,48258134,Risaralda,943401,NA,NA,NA,NA,59,0,0,1170,26,5
2020-07-25,Colombia,48258134,Risaralda,943401,NA,NA,NA,NA,64,0,0,1298,26,5
2020-07-27,Colombia,48258134,Risaralda,943401,NA,NA,NA,NA,5,1,0,1349,27,5
2020-07-29,Colombia,48258134,Risaralda,943401,NA,NA,NA,NA,74,0,0,1511,27,5
2020-07-31,Colombia,48258134,Risaralda,943401,NA,NA,NA,NA,60,1,0,1634,30,5
2020-08-02,Colombia,48258134,Risaralda,943401,NA,NA,NA,NA,161,5,0,1963,39,5
2020-08-04,Colombia,48258134,Risaralda,943401,NA,NA,NA,NA,91,0,0,2148,43,5
2020-08-06,Colombia,48258134,Risaralda,943401,NA,NA,NA,NA,79,0,0,2292,48,5
2020-08-08,Colombia,48258134,Risaralda,943401,NA,NA,NA,NA,122,6,0,2514,57,5
2020-08-10,Colombia,48258134,Risaralda,943401,NA,NA,NA,NA,88,3,0,2704,60,5
2020-08-12,Colombia,48258134,Risaralda,943401,NA,NA,NA,NA,165,2,0,2982,62,5
2020-08-14,Colombia,48258134,Risaralda,943401,NA,NA,NA,NA,144,2,0,3321,67,5
2020-02-25,Colombia,48258134,San Andres y Providencia,61280,NA,NA,NA,NA,NA,NA,NA,0,0,0
2020-02-27,Colombia,48258134,San Andres y Providencia,61280,NA,NA,NA,NA,0,0,0,0,0,0
2020-02-29,Colombia,48258134,San Andres y Providencia,61280,NA,NA,NA,NA,0,0,0,0,0,0
2020-03-02,Colombia,48258134,San Andres y Providencia,61280,NA,NA,NA,NA,0,0,0,0,0,0
2020-03-04,Colombia,48258134,San Andres y Providencia,61280,NA,NA,NA,NA,0,0,0,0,0,0
2020-03-06,Colombia,48258134,San Andres y Providencia,61280,NA,NA,NA,NA,0,0,0,0,0,0
2020-03-08,Colombia,48258134,San Andres y Providencia,61280,NA,NA,NA,NA,0,0,0,0,0,0
2020-03-10,Colombia,48258134,San Andres y Providencia,61280,NA,NA,NA,NA,0,0,0,0,0,0
2020-03-12,Colombia,48258134,San Andres y Providencia,61280,NA,NA,NA,NA,0,0,0,0,0,0
2020-03-14,Colombia,48258134,San Andres y Providencia,61280,NA,NA,NA,NA,0,0,0,0,0,0
2020-03-16,Colombia,48258134,San Andres y Providencia,61280,NA,NA,NA,NA,0,0,0,0,0,0
2020-03-18,Colombia,48258134,San Andres y Providencia,61280,NA,NA,NA,NA,0,0,0,0,0,0
2020-03-20,Colombia,48258134,San Andres y Providencia,61280,NA,NA,NA,NA,0,0,0,0,0,0
2020-03-22,Colombia,48258134,San Andres y Providencia,61280,NA,NA,NA,NA,1,0,0,1,0,0
2020-03-24,Colombia,48258134,San Andres y Providencia,61280,NA,NA,NA,NA,0,0,0,1,0,0
2020-03-26,Colombia,48258134,San Andres y Providencia,61280,NA,NA,NA,NA,0,0,0,1,0,0
2020-03-28,Colombia,48258134,San Andres y Providencia,61280,NA,NA,NA,NA,0,0,0,1,0,0
2020-03-30,Colombia,48258134,San Andres y Providencia,61280,NA,NA,NA,NA,0,0,0,1,0,0
2020-04-01,Colombia,48258134,San Andres y Providencia,61280,NA,NA,NA,NA,1,0,0,2,0,0
2020-04-03,Colombia,48258134,San Andres y Providencia,61280,NA,NA,NA,NA,0,0,0,2,0,0
2020-04-05,Colombia,48258134,San Andres y Providencia,61280,NA,NA,NA,NA,0,0,0,2,0,0
2020-04-07,Colombia,48258134,San Andres y Providencia,61280,NA,NA,NA,NA,0,0,0,2,0,0
2020-04-09,Colombia,48258134,San Andres y Providencia,61280,NA,NA,NA,NA,2,0,1,4,0,1
2020-04-11,Colombia,48258134,San Andres y Providencia,61280,NA,NA,NA,NA,1,0,0,5,0,1
2020-04-13,Colombia,48258134,San Andres y Providencia,61280,NA,NA,NA,NA,0,0,0,5,0,1
2020-04-15,Colombia,48258134,San Andres y Providencia,61280,NA,NA,NA,NA,0,0,0,5,0,1
2020-04-17,Colombia,48258134,San Andres y Providencia,61280,NA,NA,NA,NA,1,0,0,6,0,1
2020-04-19,Colombia,48258134,San Andres y Providencia,61280,NA,NA,NA,NA,0,0,0,6,0,1
2020-04-21,Colombia,48258134,San Andres y Providencia,61280,NA,NA,NA,NA,0,0,0,6,0,1
2020-04-23,Colombia,48258134,San Andres y Providencia,61280,NA,NA,NA,NA,0,0,0,6,0,1
2020-04-25,Colombia,48258134,San Andres y Providencia,61280,NA,NA,NA,NA,0,0,0,6,0,1
2020-04-27,Colombia,48258134,San Andres y Providencia,61280,NA,NA,NA,NA,0,0,0,6,0,1
2020-04-29,Colombia,48258134,San Andres y Providencia,61280,NA,NA,NA,NA,0,0,0,6,0,1
2020-05-01,Colombia,48258134,San Andres y Providencia,61280,NA,NA,NA,NA,0,0,0,6,0,1
2020-05-03,Colombia,48258134,San Andres y Providencia,61280,NA,NA,NA,NA,0,0,0,6,0,1
2020-05-05,Colombia,48258134,San Andres y Providencia,61280,NA,NA,NA,NA,0,0,0,6,0,1
2020-05-07,Colombia,48258134,San Andres y Providencia,61280,NA,NA,NA,NA,0,0,0,6,0,1
2020-05-09,Colombia,48258134,San Andres y Providencia,61280,NA,NA,NA,NA,0,0,0,6,0,1
2020-05-11,Colombia,48258134,San Andres y Providencia,61280,NA,NA,NA,NA,0,0,0,6,0,1
2020-05-13,Colombia,48258134,San Andres y Providencia,61280,NA,NA,NA,NA,0,0,0,21,0,1
2020-05-15,Colombia,48258134,San Andres y Providencia,61280,NA,NA,NA,NA,0,0,0,21,0,1
2020-05-17,Colombia,48258134,San Andres y Providencia,61280,NA,NA,NA,NA,0,0,0,21,0,1
2020-05-19,Colombia,48258134,San Andres y Providencia,61280,NA,NA,NA,NA,0,0,0,21,0,1
2020-05-21,Colombia,48258134,San Andres y Providencia,61280,NA,NA,NA,NA,0,0,0,21,0,1
2020-05-23,Colombia,48258134,San Andres y Providencia,61280,NA,NA,NA,NA,0,0,0,21,0,1
2020-05-25,Colombia,48258134,San Andres y Providencia,61280,NA,NA,NA,NA,0,0,0,21,0,1
2020-05-27,Colombia,48258134,San Andres y Providencia,61280,NA,NA,NA,NA,0,0,0,17,0,1
2020-05-29,Colombia,48258134,San Andres y Providencia,61280,NA,NA,NA,NA,0,0,0,17,0,1
2020-05-31,Colombia,48258134,San Andres y Providencia,61280,NA,NA,NA,NA,0,0,0,17,0,1
2020-06-02,Colombia,48258134,San Andres y Providencia,61280,NA,NA,NA,NA,0,0,0,17,0,1
2020-06-04,Colombia,48258134,San Andres y Providencia,61280,NA,NA,NA,NA,0,0,0,17,0,1
2020-06-06,Colombia,48258134,San Andres y Providencia,61280,NA,NA,NA,NA,0,0,0,17,0,1
2020-06-08,Colombia,48258134,San Andres y Providencia,61280,NA,NA,NA,NA,0,0,0,17,0,1
2020-06-10,Colombia,48258134,San Andres y Providencia,61280,NA,NA,NA,NA,0,0,0,17,0,1
2020-06-12,Colombia,48258134,San Andres y Providencia,61280,NA,NA,NA,NA,1,0,0,18,0,1
2020-06-14,Colombia,48258134,San Andres y Providencia,61280,NA,NA,NA,NA,0,0,0,18,0,1
2020-06-16,Colombia,48258134,San Andres y Providencia,61280,NA,NA,NA,NA,1,0,0,20,0,1
2020-06-18,Colombia,48258134,San Andres y Providencia,61280,NA,NA,NA,NA,0,0,0,20,0,1
2020-06-20,Colombia,48258134,San Andres y Providencia,61280,NA,NA,NA,NA,0,0,0,23,0,1
2020-06-22,Colombia,48258134,San Andres y Providencia,61280,NA,NA,NA,NA,0,0,0,23,0,1
2020-06-24,Colombia,48258134,San Andres y Providencia,61280,NA,NA,NA,NA,0,0,0,23,0,1
2020-06-26,Colombia,48258134,San Andres y Providencia,61280,NA,NA,NA,NA,1,0,0,24,0,1
2020-06-28,Colombia,48258134,San Andres y Providencia,61280,NA,NA,NA,NA,0,0,0,24,0,1
2020-06-30,Colombia,48258134,San Andres y Providencia,61280,NA,NA,NA,NA,0,0,0,24,0,1
2020-07-02,Colombia,48258134,San Andres y Providencia,61280,NA,NA,NA,NA,4,0,0,28,0,1
2020-07-04,Colombia,48258134,San Andres y Providencia,61280,NA,NA,NA,NA,0,0,0,28,0,1
2020-07-06,Colombia,48258134,San Andres y Providencia,61280,NA,NA,NA,NA,0,0,0,28,0,1
2020-07-08,Colombia,48258134,San Andres y Providencia,61280,NA,NA,NA,NA,0,0,0,28,0,1
2020-07-10,Colombia,48258134,San Andres y Providencia,61280,NA,NA,NA,NA,0,0,0,28,0,1
2020-07-12,Colombia,48258134,San Andres y Providencia,61280,NA,NA,NA,NA,1,0,0,29,0,1
2020-07-14,Colombia,48258134,San Andres y Providencia,61280,NA,NA,NA,NA,0,0,0,29,0,1
2020-07-16,Colombia,48258134,San Andres y Providencia,61280,NA,NA,NA,NA,0,0,0,29,0,1
2020-07-18,Colombia,48258134,San Andres y Providencia,61280,NA,NA,NA,NA,1,0,0,30,0,1
2020-07-20,Colombia,48258134,San Andres y Providencia,61280,NA,NA,NA,NA,0,0,0,30,0,1
2020-07-22,Colombia,48258134,San Andres y Providencia,61280,NA,NA,NA,NA,1,0,0,31,0,1
2020-07-24,Colombia,48258134,San Andres y Providencia,61280,NA,NA,NA,NA,0,0,0,33,0,1
2020-07-26,Colombia,48258134,San Andres y Providencia,61280,NA,NA,NA,NA,0,0,0,33,0,1
2020-07-28,Colombia,48258134,San Andres y Providencia,61280,NA,NA,NA,NA,1,0,0,36,0,1
2020-07-30,Colombia,48258134,San Andres y Providencia,61280,NA,NA,NA,NA,0,0,0,38,0,1
2020-08-01,Colombia,48258134,San Andres y Providencia,61280,NA,NA,NA,NA,0,0,0,38,0,1
2020-08-03,Colombia,48258134,San Andres y Providencia,61280,NA,NA,NA,NA,2,0,0,44,0,1
2020-08-05,Colombia,48258134,San Andres y Providencia,61280,NA,NA,NA,NA,0,0,0,45,0,1
2020-08-07,Colombia,48258134,San Andres y Providencia,61280,NA,NA,NA,NA,3,0,0,48,0,1
2020-08-09,Colombia,48258134,San Andres y Providencia,61280,NA,NA,NA,NA,0,0,0,49,0,1
2020-08-11,Colombia,48258134,San Andres y Providencia,61280,NA,NA,NA,NA,4,0,0,55,0,1
2020-08-13,Colombia,48258134,San Andres y Providencia,61280,NA,NA,NA,NA,4,0,0,63,0,1
2020-08-15,Colombia,48258134,San Andres y Providencia,61280,NA,NA,NA,NA,7,0,0,82,0,1
2020-02-26,Colombia,48258134,Sucre,904863,NA,NA,NA,NA,NA,NA,NA,0,0,0
2020-02-28,Colombia,48258134,Sucre,904863,NA,NA,NA,NA,0,0,0,0,0,0
2020-03-01,Colombia,48258134,Sucre,904863,NA,NA,NA,NA,0,0,0,0,0,0
2020-03-03,Colombia,48258134,Sucre,904863,NA,NA,NA,NA,0,0,0,0,0,0
2020-03-05,Colombia,48258134,Sucre,904863,NA,NA,NA,NA,0,0,0,0,0,0
2020-03-07,Colombia,48258134,Sucre,904863,NA,NA,NA,NA,0,0,0,0,0,0
2020-03-09,Colombia,48258134,Sucre,904863,NA,NA,NA,NA,0,0,0,0,0,0
2020-03-11,Colombia,48258134,Sucre,904863,NA,NA,NA,NA,0,0,0,0,0,0
2020-03-13,Colombia,48258134,Sucre,904863,NA,NA,NA,NA,0,0,0,0,0,0
2020-03-15,Colombia,48258134,Sucre,904863,NA,NA,NA,NA,0,0,0,0,0,0
2020-03-17,Colombia,48258134,Sucre,904863,NA,NA,NA,NA,0,0,0,0,0,0
2020-03-19,Colombia,48258134,Sucre,904863,NA,NA,NA,NA,0,0,0,0,0,0
2020-03-21,Colombia,48258134,Sucre,904863,NA,NA,NA,NA,0,0,0,0,0,0
2020-03-23,Colombia,48258134,Sucre,904863,NA,NA,NA,NA,0,0,0,0,0,0
2020-03-25,Colombia,48258134,Sucre,904863,NA,NA,NA,NA,0,0,0,0,0,0
2020-03-27,Colombia,48258134,Sucre,904863,NA,NA,NA,NA,0,0,0,0,0,0
2020-03-29,Colombia,48258134,Sucre,904863,NA,NA,NA,NA,1,0,0,1,0,0
2020-03-31,Colombia,48258134,Sucre,904863,NA,NA,NA,NA,0,0,0,1,0,0
2020-04-02,Colombia,48258134,Sucre,904863,NA,NA,NA,NA,0,0,0,1,0,0
2020-04-04,Colombia,48258134,Sucre,904863,NA,NA,NA,NA,0,0,0,1,0,0
2020-04-06,Colombia,48258134,Sucre,904863,NA,NA,NA,NA,0,0,0,1,0,0
2020-04-08,Colombia,48258134,Sucre,904863,NA,NA,NA,NA,0,0,0,1,0,0
2020-04-10,Colombia,48258134,Sucre,904863,NA,NA,NA,NA,0,0,0,1,0,1
2020-04-12,Colombia,48258134,Sucre,904863,NA,NA,NA,NA,0,0,0,1,0,1
2020-04-14,Colombia,48258134,Sucre,904863,NA,NA,NA,NA,0,0,0,1,0,1
2020-04-16,Colombia,48258134,Sucre,904863,NA,NA,NA,NA,0,0,0,1,0,1
2020-04-18,Colombia,48258134,Sucre,904863,NA,NA,NA,NA,0,0,0,1,0,1
2020-04-20,Colombia,48258134,Sucre,904863,NA,NA,NA,NA,0,0,0,1,0,1
2020-04-22,Colombia,48258134,Sucre,904863,NA,NA,NA,NA,0,0,0,1,0,1
2020-04-24,Colombia,48258134,Sucre,904863,NA,NA,NA,NA,0,0,0,1,0,1
2020-04-26,Colombia,48258134,Sucre,904863,NA,NA,NA,NA,0,0,0,1,0,1
2020-04-28,Colombia,48258134,Sucre,904863,NA,NA,NA,NA,0,0,0,1,0,1
2020-04-30,Colombia,48258134,Sucre,904863,NA,NA,NA,NA,0,0,0,1,0,1
2020-05-02,Colombia,48258134,Sucre,904863,NA,NA,NA,NA,0,0,0,1,0,1
2020-05-04,Colombia,48258134,Sucre,904863,NA,NA,NA,NA,0,0,0,1,0,1
2020-05-06,Colombia,48258134,Sucre,904863,NA,NA,NA,NA,0,0,0,1,0,1
2020-05-08,Colombia,48258134,Sucre,904863,NA,NA,NA,NA,1,0,0,2,0,1
2020-05-10,Colombia,48258134,Sucre,904863,NA,NA,NA,NA,2,0,0,4,0,1
2020-05-12,Colombia,48258134,Sucre,904863,NA,NA,NA,NA,0,0,0,4,0,1
2020-05-14,Colombia,48258134,Sucre,904863,NA,NA,NA,NA,0,0,0,4,0,1
2020-05-16,Colombia,48258134,Sucre,904863,NA,NA,NA,NA,0,0,0,4,0,1
2020-05-18,Colombia,48258134,Sucre,904863,NA,NA,NA,NA,0,0,0,4,0,1
2020-05-20,Colombia,48258134,Sucre,904863,NA,NA,NA,NA,1,0,0,5,0,1
2020-05-22,Colombia,48258134,Sucre,904863,NA,NA,NA,NA,0,0,0,5,0,1
2020-05-24,Colombia,48258134,Sucre,904863,NA,NA,NA,NA,0,0,0,5,0,1
2020-05-26,Colombia,48258134,Sucre,904863,NA,NA,NA,NA,0,0,0,7,0,1
2020-05-28,Colombia,48258134,Sucre,904863,NA,NA,NA,NA,5,0,0,15,0,1
2020-05-30,Colombia,48258134,Sucre,904863,NA,NA,NA,NA,4,0,0,19,0,1
2020-06-01,Colombia,48258134,Sucre,904863,NA,NA,NA,NA,3,0,0,24,0,1
2020-06-03,Colombia,48258134,Sucre,904863,NA,NA,NA,NA,22,0,0,47,0,1
2020-06-05,Colombia,48258134,Sucre,904863,NA,NA,NA,NA,8,0,0,81,0,1
2020-06-07,Colombia,48258134,Sucre,904863,NA,NA,NA,NA,28,0,0,126,0,1
2020-06-09,Colombia,48258134,Sucre,904863,NA,NA,NA,NA,12,5,0,143,5,1
2020-06-11,Colombia,48258134,Sucre,904863,NA,NA,NA,NA,8,2,0,174,7,1
2020-06-13,Colombia,48258134,Sucre,904863,NA,NA,NA,NA,17,0,0,213,11,1
2020-06-15,Colombia,48258134,Sucre,904863,NA,NA,NA,NA,2,1,0,240,12,1
2020-06-17,Colombia,48258134,Sucre,904863,NA,NA,NA,NA,29,7,0,301,26,1
2020-06-19,Colombia,48258134,Sucre,904863,NA,NA,NA,NA,43,1,0,449,28,1
2020-06-21,Colombia,48258134,Sucre,904863,NA,NA,NA,NA,41,0,0,538,29,1
2020-06-23,Colombia,48258134,Sucre,904863,NA,NA,NA,NA,54,2,0,649,33,1
2020-06-25,Colombia,48258134,Sucre,904863,NA,NA,NA,NA,113,6,0,847,43,1
2020-06-27,Colombia,48258134,Sucre,904863,NA,NA,NA,NA,82,18,0,977,62,1
2020-06-29,Colombia,48258134,Sucre,904863,NA,NA,NA,NA,61,2,0,1153,67,1
2020-07-01,Colombia,48258134,Sucre,904863,NA,NA,NA,NA,117,44,0,1372,111,1
2020-07-03,Colombia,48258134,Sucre,904863,NA,NA,NA,NA,59,9,0,1548,132,1
2020-07-05,Colombia,48258134,Sucre,904863,NA,NA,NA,NA,142,10,0,1825,147,1
2020-07-07,Colombia,48258134,Sucre,904863,NA,NA,NA,NA,110,12,0,2002,169,1
2020-07-09,Colombia,48258134,Sucre,904863,NA,NA,NA,NA,136,8,0,2274,189,1
2020-07-11,Colombia,48258134,Sucre,904863,NA,NA,NA,NA,43,4,0,2419,202,1
2020-07-13,Colombia,48258134,Sucre,904863,NA,NA,NA,NA,60,7,0,2583,253,1
2020-07-15,Colombia,48258134,Sucre,904863,NA,NA,NA,NA,49,7,0,2772,268,1
2020-07-17,Colombia,48258134,Sucre,904863,NA,NA,NA,NA,396,9,0,3448,291,1
2020-07-19,Colombia,48258134,Sucre,904863,NA,NA,NA,NA,206,8,0,4138,314,1
2020-07-21,Colombia,48258134,Sucre,904863,NA,NA,NA,NA,267,6,0,4613,327,1
2020-07-23,Colombia,48258134,Sucre,904863,NA,NA,NA,NA,125,7,0,4851,342,1
2020-07-25,Colombia,48258134,Sucre,904863,NA,NA,NA,NA,145,2,0,5119,357,1
2020-07-27,Colombia,48258134,Sucre,904863,NA,NA,NA,NA,121,4,0,5440,367,1
2020-07-29,Colombia,48258134,Sucre,904863,NA,NA,NA,NA,79,4,0,5742,376,1
2020-07-31,Colombia,48258134,Sucre,904863,NA,NA,NA,NA,111,1,0,5928,381,1
2020-08-02,Colombia,48258134,Sucre,904863,NA,NA,NA,NA,113,6,0,6115,392,1
2020-08-04,Colombia,48258134,Sucre,904863,NA,NA,NA,NA,171,6,0,6501,401,1
2020-08-06,Colombia,48258134,Sucre,904863,NA,NA,NA,NA,249,3,0,6984,404,1
2020-08-08,Colombia,48258134,Sucre,904863,NA,NA,NA,NA,115,6,0,7234,410,1
2020-08-10,Colombia,48258134,Sucre,904863,NA,NA,NA,NA,127,4,0,7579,414,1
2020-08-12,Colombia,48258134,Sucre,904863,NA,NA,NA,NA,143,2,0,7883,422,1
2020-08-14,Colombia,48258134,Sucre,904863,NA,NA,NA,NA,100,2,0,8232,426,1
2020-02-25,Colombia,48258134,Tolima,1330187,NA,NA,NA,NA,NA,NA,NA,0,0,0
2020-02-27,Colombia,48258134,Tolima,1330187,NA,NA,NA,NA,0,0,0,0,0,0
2020-02-29,Colombia,48258134,Tolima,1330187,NA,NA,NA,NA,0,0,0,0,0,0
2020-03-02,Colombia,48258134,Tolima,1330187,NA,NA,NA,NA,0,0,0,0,0,0
2020-03-04,Colombia,48258134,Tolima,1330187,NA,NA,NA,NA,0,0,0,0,0,0
2020-03-06,Colombia,48258134,Tolima,1330187,NA,NA,NA,NA,0,0,0,0,0,0
2020-03-08,Colombia,48258134,Tolima,1330187,NA,NA,NA,NA,0,0,0,0,0,0
2020-03-10,Colombia,48258134,Tolima,1330187,NA,NA,NA,NA,0,0,0,0,0,0
2020-03-12,Colombia,48258134,Tolima,1330187,NA,NA,NA,NA,0,0,0,0,0,0
2020-03-14,Colombia,48258134,Tolima,1330187,NA,NA,NA,NA,0,0,0,0,0,0
2020-03-16,Colombia,48258134,Tolima,1330187,NA,NA,NA,NA,0,0,0,0,0,0
2020-03-18,Colombia,48258134,Tolima,1330187,NA,NA,NA,NA,1,0,0,2,0,0
2020-03-20,Colombia,48258134,Tolima,1330187,NA,NA,NA,NA,0,0,0,2,0,0
2020-03-22,Colombia,48258134,Tolima,1330187,NA,NA,NA,NA,1,0,0,4,0,0
2020-03-24,Colombia,48258134,Tolima,1330187,NA,NA,NA,NA,4,0,0,8,0,0
2020-03-26,Colombia,48258134,Tolima,1330187,NA,NA,NA,NA,0,0,0,9,0,0
2020-03-28,Colombia,48258134,Tolima,1330187,NA,NA,NA,NA,0,0,0,9,0,0
2020-03-30,Colombia,48258134,Tolima,1330187,NA,NA,NA,NA,0,0,0,9,0,0
2020-04-01,Colombia,48258134,Tolima,1330187,NA,NA,NA,NA,5,0,0,14,0,0
2020-04-03,Colombia,48258134,Tolima,1330187,NA,NA,NA,NA,1,0,0,15,0,1
2020-04-05,Colombia,48258134,Tolima,1330187,NA,NA,NA,NA,0,0,0,15,0,1
2020-04-07,Colombia,48258134,Tolima,1330187,NA,NA,NA,NA,0,0,0,15,0,1
2020-04-09,Colombia,48258134,Tolima,1330187,NA,NA,NA,NA,1,0,2,16,0,4
2020-04-11,Colombia,48258134,Tolima,1330187,NA,NA,NA,NA,2,1,0,23,1,4
2020-04-13,Colombia,48258134,Tolima,1330187,NA,NA,NA,NA,2,0,0,25,2,4
2020-04-15,Colombia,48258134,Tolima,1330187,NA,NA,NA,NA,2,0,0,27,2,4
2020-04-17,Colombia,48258134,Tolima,1330187,NA,NA,NA,NA,2,0,0,30,2,4
2020-04-19,Colombia,48258134,Tolima,1330187,NA,NA,NA,NA,2,0,0,32,2,4
2020-04-21,Colombia,48258134,Tolima,1330187,NA,NA,NA,NA,4,0,0,36,2,4
2020-04-23,Colombia,48258134,Tolima,1330187,NA,NA,NA,NA,1,0,0,41,2,4
2020-04-25,Colombia,48258134,Tolima,1330187,NA,NA,NA,NA,1,0,0,42,2,4
2020-04-27,Colombia,48258134,Tolima,1330187,NA,NA,NA,NA,12,0,0,55,2,4
2020-04-29,Colombia,48258134,Tolima,1330187,NA,NA,NA,NA,4,1,0,66,3,4
2020-05-01,Colombia,48258134,Tolima,1330187,NA,NA,NA,NA,19,1,0,87,4,4
2020-05-03,Colombia,48258134,Tolima,1330187,NA,NA,NA,NA,5,0,0,93,5,4
2020-05-05,Colombia,48258134,Tolima,1330187,NA,NA,NA,NA,0,1,0,94,6,4
2020-05-07,Colombia,48258134,Tolima,1330187,NA,NA,NA,NA,4,0,0,98,6,4
2020-05-09,Colombia,48258134,Tolima,1330187,NA,NA,NA,NA,0,0,0,103,6,4
2020-05-11,Colombia,48258134,Tolima,1330187,NA,NA,NA,NA,0,0,0,130,6,4
2020-05-13,Colombia,48258134,Tolima,1330187,NA,NA,NA,NA,1,0,0,134,6,4
2020-05-15,Colombia,48258134,Tolima,1330187,NA,NA,NA,NA,20,0,0,154,6,4
2020-05-17,Colombia,48258134,Tolima,1330187,NA,NA,NA,NA,0,1,0,159,7,4
2020-05-19,Colombia,48258134,Tolima,1330187,NA,NA,NA,NA,10,0,0,174,7,4
2020-05-21,Colombia,48258134,Tolima,1330187,NA,NA,NA,NA,1,0,0,177,7,4
2020-05-23,Colombia,48258134,Tolima,1330187,NA,NA,NA,NA,5,0,0,186,7,4
2020-05-25,Colombia,48258134,Tolima,1330187,NA,NA,NA,NA,36,0,0,224,7,4
2020-05-27,Colombia,48258134,Tolima,1330187,NA,NA,NA,NA,0,0,0,237,7,4
2020-05-29,Colombia,48258134,Tolima,1330187,NA,NA,NA,NA,0,0,0,247,7,4
2020-05-31,Colombia,48258134,Tolima,1330187,NA,NA,NA,NA,15,0,0,263,7,4
2020-06-02,Colombia,48258134,Tolima,1330187,NA,NA,NA,NA,1,0,0,274,7,4
2020-06-04,Colombia,48258134,Tolima,1330187,NA,NA,NA,NA,2,0,0,276,7,4
2020-06-06,Colombia,48258134,Tolima,1330187,NA,NA,NA,NA,1,0,0,280,8,4
2020-06-08,Colombia,48258134,Tolima,1330187,NA,NA,NA,NA,5,0,0,292,11,4
2020-06-10,Colombia,48258134,Tolima,1330187,NA,NA,NA,NA,4,0,0,298,11,4
2020-06-12,Colombia,48258134,Tolima,1330187,NA,NA,NA,NA,28,0,0,342,13,4
2020-06-14,Colombia,48258134,Tolima,1330187,NA,NA,NA,NA,3,2,0,384,15,4
2020-06-16,Colombia,48258134,Tolima,1330187,NA,NA,NA,NA,12,0,0,406,15,4
2020-06-18,Colombia,48258134,Tolima,1330187,NA,NA,NA,NA,33,0,0,506,15,4
2020-06-20,Colombia,48258134,Tolima,1330187,NA,NA,NA,NA,14,2,0,530,17,4
2020-06-22,Colombia,48258134,Tolima,1330187,NA,NA,NA,NA,77,0,0,677,18,4
2020-06-24,Colombia,48258134,Tolima,1330187,NA,NA,NA,NA,35,1,0,727,20,4
2020-06-26,Colombia,48258134,Tolima,1330187,NA,NA,NA,NA,4,0,0,741,20,4
2020-06-28,Colombia,48258134,Tolima,1330187,NA,NA,NA,NA,56,0,0,822,20,4
2020-06-30,Colombia,48258134,Tolima,1330187,NA,NA,NA,NA,9,0,0,942,20,4
2020-07-02,Colombia,48258134,Tolima,1330187,NA,NA,NA,NA,19,1,0,1035,24,4
2020-07-04,Colombia,48258134,Tolima,1330187,NA,NA,NA,NA,13,0,0,1096,24,4
2020-07-06,Colombia,48258134,Tolima,1330187,NA,NA,NA,NA,35,1,0,1159,25,4
2020-07-08,Colombia,48258134,Tolima,1330187,NA,NA,NA,NA,11,1,0,1183,26,4
2020-07-10,Colombia,48258134,Tolima,1330187,NA,NA,NA,NA,124,0,0,1417,26,4
2020-07-12,Colombia,48258134,Tolima,1330187,NA,NA,NA,NA,37,3,0,1465,30,4
2020-07-14,Colombia,48258134,Tolima,1330187,NA,NA,NA,NA,22,0,0,1506,32,4
2020-07-16,Colombia,48258134,Tolima,1330187,NA,NA,NA,NA,141,1,0,1666,34,4
2020-07-18,Colombia,48258134,Tolima,1330187,NA,NA,NA,NA,57,1,0,1755,37,4
2020-07-20,Colombia,48258134,Tolima,1330187,NA,NA,NA,NA,35,1,0,1817,38,4
2020-07-22,Colombia,48258134,Tolima,1330187,NA,NA,NA,NA,43,2,0,1904,40,4
2020-07-24,Colombia,48258134,Tolima,1330187,NA,NA,NA,NA,58,1,0,1979,43,4
2020-07-26,Colombia,48258134,Tolima,1330187,NA,NA,NA,NA,55,5,0,2098,50,4
2020-07-28,Colombia,48258134,Tolima,1330187,NA,NA,NA,NA,68,1,0,2240,53,4
2020-07-30,Colombia,48258134,Tolima,1330187,NA,NA,NA,NA,186,0,0,2471,54,4
2020-08-01,Colombia,48258134,Tolima,1330187,NA,NA,NA,NA,72,8,0,2645,64,4
2020-08-03,Colombia,48258134,Tolima,1330187,NA,NA,NA,NA,132,6,0,2900,73,4
2020-08-05,Colombia,48258134,Tolima,1330187,NA,NA,NA,NA,182,5,0,3203,81,4
2020-08-07,Colombia,48258134,Tolima,1330187,NA,NA,NA,NA,83,0,0,3370,81,4
2020-08-09,Colombia,48258134,Tolima,1330187,NA,NA,NA,NA,46,3,0,3561,98,4
2020-08-11,Colombia,48258134,Tolima,1330187,NA,NA,NA,NA,165,0,0,3844,100,4
2020-08-13,Colombia,48258134,Tolima,1330187,NA,NA,NA,NA,145,11,0,4093,111,4
2020-08-15,Colombia,48258134,Tolima,1330187,NA,NA,NA,NA,133,0,0,4327,112,4
2020-02-26,Colombia,48258134,Valle del Cauca,4475886,NA,NA,NA,NA,NA,NA,NA,0,0,0
2020-02-28,Colombia,48258134,Valle del Cauca,4475886,NA,NA,NA,NA,0,0,0,0,0,0
2020-03-01,Colombia,48258134,Valle del Cauca,4475886,NA,NA,NA,NA,0,0,0,0,0,0
2020-03-03,Colombia,48258134,Valle del Cauca,4475886,NA,NA,NA,NA,0,0,0,0,0,0
2020-03-05,Colombia,48258134,Valle del Cauca,4475886,NA,NA,NA,NA,0,0,0,0,0,0
2020-03-07,Colombia,48258134,Valle del Cauca,4475886,NA,NA,NA,NA,0,0,0,0,0,0
2020-03-09,Colombia,48258134,Valle del Cauca,4475886,NA,NA,NA,NA,1,0,0,1,0,0
2020-03-11,Colombia,48258134,Valle del Cauca,4475886,NA,NA,NA,NA,0,0,0,1,0,0
2020-03-13,Colombia,48258134,Valle del Cauca,4475886,NA,NA,NA,NA,2,0,0,3,0,0
2020-03-15,Colombia,48258134,Valle del Cauca,4475886,NA,NA,NA,NA,0,0,0,3,0,0
2020-03-17,Colombia,48258134,Valle del Cauca,4475886,NA,NA,NA,NA,8,0,0,13,0,0
2020-03-19,Colombia,48258134,Valle del Cauca,4475886,NA,NA,NA,NA,1,0,0,14,0,0
2020-03-21,Colombia,48258134,Valle del Cauca,4475886,NA,NA,NA,NA,12,0,0,27,0,0
2020-03-23,Colombia,48258134,Valle del Cauca,4475886,NA,NA,NA,NA,6,0,0,38,1,0
2020-03-25,Colombia,48258134,Valle del Cauca,4475886,NA,NA,NA,NA,5,2,0,72,3,1
2020-03-27,Colombia,48258134,Valle del Cauca,4475886,NA,NA,NA,NA,0,0,0,74,3,1
2020-03-29,Colombia,48258134,Valle del Cauca,4475886,NA,NA,NA,NA,8,0,0,93,3,1
2020-03-31,Colombia,48258134,Valle del Cauca,4475886,NA,NA,NA,NA,11,1,0,117,5,1
2020-04-02,Colombia,48258134,Valle del Cauca,4475886,NA,NA,NA,NA,3,0,3,151,5,4
2020-04-04,Colombia,48258134,Valle del Cauca,4475886,NA,NA,NA,NA,14,3,1,180,9,5
2020-04-06,Colombia,48258134,Valle del Cauca,4475886,NA,NA,NA,NA,12,2,0,208,11,5
2020-04-08,Colombia,48258134,Valle del Cauca,4475886,NA,NA,NA,NA,89,0,1,310,11,8
2020-04-10,Colombia,48258134,Valle del Cauca,4475886,NA,NA,NA,NA,71,0,5,414,14,17
2020-04-12,Colombia,48258134,Valle del Cauca,4475886,NA,NA,NA,NA,9,6,0,481,20,17
2020-04-14,Colombia,48258134,Valle del Cauca,4475886,NA,NA,NA,NA,14,2,0,500,23,17
2020-04-16,Colombia,48258134,Valle del Cauca,4475886,NA,NA,NA,NA,25,5,0,543,34,17
2020-04-18,Colombia,48258134,Valle del Cauca,4475886,NA,NA,NA,NA,20,3,0,606,38,17
2020-04-20,Colombia,48258134,Valle del Cauca,4475886,NA,NA,NA,NA,48,2,0,664,44,17
2020-04-22,Colombia,48258134,Valle del Cauca,4475886,NA,NA,NA,NA,27,3,0,720,48,17
2020-04-24,Colombia,48258134,Valle del Cauca,4475886,NA,NA,NA,NA,21,0,0,775,50,17
2020-04-26,Colombia,48258134,Valle del Cauca,4475886,NA,NA,NA,NA,24,2,0,817,52,17
2020-04-28,Colombia,48258134,Valle del Cauca,4475886,NA,NA,NA,NA,33,1,0,857,56,17
2020-04-30,Colombia,48258134,Valle del Cauca,4475886,NA,NA,NA,NA,39,1,0,917,60,17
2020-05-02,Colombia,48258134,Valle del Cauca,4475886,NA,NA,NA,NA,42,2,0,1022,63,17
2020-05-04,Colombia,48258134,Valle del Cauca,4475886,NA,NA,NA,NA,34,4,0,1058,67,17
2020-05-06,Colombia,48258134,Valle del Cauca,4475886,NA,NA,NA,NA,41,3,0,1129,70,17
2020-05-08,Colombia,48258134,Valle del Cauca,4475886,NA,NA,NA,NA,39,1,0,1212,73,17
2020-05-10,Colombia,48258134,Valle del Cauca,4475886,NA,NA,NA,NA,10,2,0,1275,77,17
2020-05-12,Colombia,48258134,Valle del Cauca,4475886,NA,NA,NA,NA,31,1,0,1337,82,17
2020-05-14,Colombia,48258134,Valle del Cauca,4475886,NA,NA,NA,NA,73,4,0,1467,89,17
2020-05-16,Colombia,48258134,Valle del Cauca,4475886,NA,NA,NA,NA,62,0,0,1569,90,17
2020-05-18,Colombia,48258134,Valle del Cauca,4475886,NA,NA,NA,NA,27,2,0,1670,93,17
2020-05-20,Colombia,48258134,Valle del Cauca,4475886,NA,NA,NA,NA,75,3,0,1829,98,17
2020-05-22,Colombia,48258134,Valle del Cauca,4475886,NA,NA,NA,NA,119,9,0,2007,107,17
2020-05-24,Colombia,48258134,Valle del Cauca,4475886,NA,NA,NA,NA,98,4,0,2193,113,17
2020-05-26,Colombia,48258134,Valle del Cauca,4475886,NA,NA,NA,NA,149,4,0,2391,119,17
2020-05-28,Colombia,48258134,Valle del Cauca,4475886,NA,NA,NA,NA,122,17,0,2633,136,17
2020-05-30,Colombia,48258134,Valle del Cauca,4475886,NA,NA,NA,NA,157,7,0,2891,149,17
2020-06-01,Colombia,48258134,Valle del Cauca,4475886,NA,NA,NA,NA,92,2,0,3067,157,17
2020-06-03,Colombia,48258134,Valle del Cauca,4475886,NA,NA,NA,NA,143,1,0,3312,159,17
2020-06-05,Colombia,48258134,Valle del Cauca,4475886,NA,NA,NA,NA,122,8,0,3522,169,17
2020-06-07,Colombia,48258134,Valle del Cauca,4475886,NA,NA,NA,NA,53,11,0,3714,186,17
2020-06-09,Colombia,48258134,Valle del Cauca,4475886,NA,NA,NA,NA,125,2,0,4039,191,17
2020-06-11,Colombia,48258134,Valle del Cauca,4475886,NA,NA,NA,NA,242,4,0,4411,199,17
2020-06-13,Colombia,48258134,Valle del Cauca,4475886,NA,NA,NA,NA,154,8,0,4692,210,17
2020-06-15,Colombia,48258134,Valle del Cauca,4475886,NA,NA,NA,NA,209,1,0,5073,217,17
2020-06-17,Colombia,48258134,Valle del Cauca,4475886,NA,NA,NA,NA,204,8,0,5418,242,17
2020-06-19,Colombia,48258134,Valle del Cauca,4475886,NA,NA,NA,NA,209,5,0,5874,251,17
2020-06-21,Colombia,48258134,Valle del Cauca,4475886,NA,NA,NA,NA,237,9,0,6292,272,17
2020-06-23,Colombia,48258134,Valle del Cauca,4475886,NA,NA,NA,NA,225,7,0,6633,287,17
2020-06-25,Colombia,48258134,Valle del Cauca,4475886,NA,NA,NA,NA,333,8,0,7350,302,17
2020-06-27,Colombia,48258134,Valle del Cauca,4475886,NA,NA,NA,NA,322,8,0,7904,314,17
2020-06-29,Colombia,48258134,Valle del Cauca,4475886,NA,NA,NA,NA,159,2,0,8223,320,17
2020-07-01,Colombia,48258134,Valle del Cauca,4475886,NA,NA,NA,NA,475,30,0,9011,350,17
2020-07-03,Colombia,48258134,Valle del Cauca,4475886,NA,NA,NA,NA,286,15,0,9665,371,17
2020-07-05,Colombia,48258134,Valle del Cauca,4475886,NA,NA,NA,NA,169,14,0,10276,395,17
2020-07-07,Colombia,48258134,Valle del Cauca,4475886,NA,NA,NA,NA,323,19,0,10837,423,17
2020-07-09,Colombia,48258134,Valle del Cauca,4475886,NA,NA,NA,NA,508,9,0,11715,447,17
2020-07-11,Colombia,48258134,Valle del Cauca,4475886,NA,NA,NA,NA,245,7,0,12497,467,17
2020-07-13,Colombia,48258134,Valle del Cauca,4475886,NA,NA,NA,NA,265,17,0,12973,517,17
2020-07-15,Colombia,48258134,Valle del Cauca,4475886,NA,NA,NA,NA,567,28,0,13927,570,17
2020-07-17,Colombia,48258134,Valle del Cauca,4475886,NA,NA,NA,NA,453,17,0,14759,600,17
2020-07-19,Colombia,48258134,Valle del Cauca,4475886,NA,NA,NA,NA,214,21,0,15609,643,17
2020-07-21,Colombia,48258134,Valle del Cauca,4475886,NA,NA,NA,NA,458,26,0,16515,695,17
2020-07-23,Colombia,48258134,Valle del Cauca,4475886,NA,NA,NA,NA,721,25,0,17949,743,17
2020-07-25,Colombia,48258134,Valle del Cauca,4475886,NA,NA,NA,NA,446,20,0,18876,780,17
2020-07-27,Colombia,48258134,Valle del Cauca,4475886,NA,NA,NA,NA,471,17,0,19972,813,17
2020-07-29,Colombia,48258134,Valle del Cauca,4475886,NA,NA,NA,NA,368,11,0,21029,838,17
2020-07-31,Colombia,48258134,Valle del Cauca,4475886,NA,NA,NA,NA,662,8,0,22559,876,17
2020-08-02,Colombia,48258134,Valle del Cauca,4475886,NA,NA,NA,NA,630,29,0,24143,966,17
2020-08-04,Colombia,48258134,Valle del Cauca,4475886,NA,NA,NA,NA,459,40,0,25447,1026,17
2020-08-06,Colombia,48258134,Valle del Cauca,4475886,NA,NA,NA,NA,1124,19,0,27569,1085,17
2020-08-08,Colombia,48258134,Valle del Cauca,4475886,NA,NA,NA,NA,479,30,0,28628,1139,17
2020-08-10,Colombia,48258134,Valle del Cauca,4475886,NA,NA,NA,NA,307,21,0,29738,1186,17
2020-08-12,Colombia,48258134,Valle del Cauca,4475886,NA,NA,NA,NA,1820,30,0,32358,1245,17
2020-08-14,Colombia,48258134,Valle del Cauca,4475886,NA,NA,NA,NA,717,13,0,33915,1281,17
2020-02-25,Colombia,48258134,Vaupes,40797,NA,NA,NA,NA,NA,NA,NA,0,0,0
2020-02-27,Colombia,48258134,Vaupes,40797,NA,NA,NA,NA,0,0,0,0,0,0
2020-02-29,Colombia,48258134,Vaupes,40797,NA,NA,NA,NA,0,0,0,0,0,0
2020-03-02,Colombia,48258134,Vaupes,40797,NA,NA,NA,NA,0,0,0,0,0,0
2020-03-04,Colombia,48258134,Vaupes,40797,NA,NA,NA,NA,0,0,0,0,0,0
2020-03-06,Colombia,48258134,Vaupes,40797,NA,NA,NA,NA,0,0,0,0,0,0
2020-03-08,Colombia,48258134,Vaupes,40797,NA,NA,NA,NA,0,0,0,0,0,0
2020-03-10,Colombia,48258134,Vaupes,40797,NA,NA,NA,NA,0,0,0,0,0,0
2020-03-12,Colombia,48258134,Vaupes,40797,NA,NA,NA,NA,0,0,0,0,0,0
2020-03-14,Colombia,48258134,Vaupes,40797,NA,NA,NA,NA,0,0,0,0,0,0
2020-03-16,Colombia,48258134,Vaupes,40797,NA,NA,NA,NA,0,0,0,0,0,0
2020-03-18,Colombia,48258134,Vaupes,40797,NA,NA,NA,NA,0,0,0,0,0,0
2020-03-20,Colombia,48258134,Vaupes,40797,NA,NA,NA,NA,0,0,0,0,0,0
2020-03-22,Colombia,48258134,Vaupes,40797,NA,NA,NA,NA,0,0,0,0,0,0
2020-03-24,Colombia,48258134,Vaupes,40797,NA,NA,NA,NA,0,0,0,0,0,0
2020-03-26,Colombia,48258134,Vaupes,40797,NA,NA,NA,NA,0,0,0,0,0,0
2020-03-28,Colombia,48258134,Vaupes,40797,NA,NA,NA,NA,0,0,0,0,0,0
2020-03-30,Colombia,48258134,Vaupes,40797,NA,NA,NA,NA,0,0,0,0,0,0
2020-04-01,Colombia,48258134,Vaupes,40797,NA,NA,NA,NA,0,0,0,0,0,0
2020-04-03,Colombia,48258134,Vaupes,40797,NA,NA,NA,NA,0,0,0,0,0,0
2020-04-05,Colombia,48258134,Vaupes,40797,NA,NA,NA,NA,0,0,0,0,0,0
2020-04-07,Colombia,48258134,Vaupes,40797,NA,NA,NA,NA,0,0,0,0,0,0
2020-04-09,Colombia,48258134,Vaupes,40797,NA,NA,NA,NA,0,0,0,0,0,0
2020-04-11,Colombia,48258134,Vaupes,40797,NA,NA,NA,NA,0,0,0,0,0,0
2020-04-13,Colombia,48258134,Vaupes,40797,NA,NA,NA,NA,0,0,0,0,0,0
2020-04-15,Colombia,48258134,Vaupes,40797,NA,NA,NA,NA,0,0,0,0,0,0
2020-04-17,Colombia,48258134,Vaupes,40797,NA,NA,NA,NA,0,0,0,0,0,0
2020-04-19,Colombia,48258134,Vaupes,40797,NA,NA,NA,NA,0,0,0,0,0,0
2020-04-21,Colombia,48258134,Vaupes,40797,NA,NA,NA,NA,0,0,0,0,0,0
2020-04-23,Colombia,48258134,Vaupes,40797,NA,NA,NA,NA,0,0,0,0,0,0
2020-04-25,Colombia,48258134,Vaupes,40797,NA,NA,NA,NA,0,0,0,0,0,0
2020-04-27,Colombia,48258134,Vaupes,40797,NA,NA,NA,NA,0,0,0,0,0,0
2020-04-29,Colombia,48258134,Vaupes,40797,NA,NA,NA,NA,0,0,0,0,0,0
2020-05-01,Colombia,48258134,Vaupes,40797,NA,NA,NA,NA,0,0,0,0,0,0
2020-05-03,Colombia,48258134,Vaupes,40797,NA,NA,NA,NA,0,0,0,0,0,0
2020-05-05,Colombia,48258134,Vaupes,40797,NA,NA,NA,NA,0,0,0,0,0,0
2020-05-07,Colombia,48258134,Vaupes,40797,NA,NA,NA,NA,0,0,0,0,0,0
2020-05-09,Colombia,48258134,Vaupes,40797,NA,NA,NA,NA,0,0,0,0,0,0
2020-05-11,Colombia,48258134,Vaupes,40797,NA,NA,NA,NA,0,0,0,0,0,0
2020-05-13,Colombia,48258134,Vaupes,40797,NA,NA,NA,NA,9,0,0,11,0,0
2020-05-15,Colombia,48258134,Vaupes,40797,NA,NA,NA,NA,0,0,0,11,0,0
2020-05-17,Colombia,48258134,Vaupes,40797,NA,NA,NA,NA,0,0,0,11,0,0
2020-05-19,Colombia,48258134,Vaupes,40797,NA,NA,NA,NA,0,0,0,11,0,0
2020-05-21,Colombia,48258134,Vaupes,40797,NA,NA,NA,NA,0,0,0,11,0,0
2020-05-23,Colombia,48258134,Vaupes,40797,NA,NA,NA,NA,0,0,0,11,0,0
2020-05-25,Colombia,48258134,Vaupes,40797,NA,NA,NA,NA,0,0,0,11,0,0
2020-05-27,Colombia,48258134,Vaupes,40797,NA,NA,NA,NA,0,0,0,11,0,0
2020-05-29,Colombia,48258134,Vaupes,40797,NA,NA,NA,NA,0,0,0,11,0,0
2020-05-31,Colombia,48258134,Vaupes,40797,NA,NA,NA,NA,0,0,0,11,0,0
2020-06-02,Colombia,48258134,Vaupes,40797,NA,NA,NA,NA,0,0,0,11,0,0
2020-06-04,Colombia,48258134,Vaupes,40797,NA,NA,NA,NA,0,0,0,11,0,0
2020-06-06,Colombia,48258134,Vaupes,40797,NA,NA,NA,NA,0,0,0,11,0,0
2020-06-08,Colombia,48258134,Vaupes,40797,NA,NA,NA,NA,0,0,0,11,0,0
2020-06-10,Colombia,48258134,Vaupes,40797,NA,NA,NA,NA,0,0,0,11,0,0
2020-06-12,Colombia,48258134,Vaupes,40797,NA,NA,NA,NA,0,0,0,11,0,0
2020-06-14,Colombia,48258134,Vaupes,40797,NA,NA,NA,NA,0,0,0,27,0,0
2020-06-16,Colombia,48258134,Vaupes,40797,NA,NA,NA,NA,0,0,0,27,0,0
2020-06-18,Colombia,48258134,Vaupes,40797,NA,NA,NA,NA,0,0,0,27,0,0
2020-06-20,Colombia,48258134,Vaupes,40797,NA,NA,NA,NA,0,0,0,27,0,0
2020-06-22,Colombia,48258134,Vaupes,40797,NA,NA,NA,NA,1,0,0,28,0,0
2020-06-24,Colombia,48258134,Vaupes,40797,NA,NA,NA,NA,0,0,0,28,0,0
2020-06-26,Colombia,48258134,Vaupes,40797,NA,NA,NA,NA,0,0,0,28,0,0
2020-06-28,Colombia,48258134,Vaupes,40797,NA,NA,NA,NA,0,0,0,28,0,0
2020-06-30,Colombia,48258134,Vaupes,40797,NA,NA,NA,NA,0,0,0,28,0,0
2020-07-02,Colombia,48258134,Vaupes,40797,NA,NA,NA,NA,0,0,0,28,1,0
2020-07-04,Colombia,48258134,Vaupes,40797,NA,NA,NA,NA,0,0,0,28,1,0
2020-07-06,Colombia,48258134,Vaupes,40797,NA,NA,NA,NA,0,0,0,28,1,0
2020-07-08,Colombia,48258134,Vaupes,40797,NA,NA,NA,NA,1,0,0,29,1,0
2020-07-10,Colombia,48258134,Vaupes,40797,NA,NA,NA,NA,0,0,0,29,1,0
2020-07-12,Colombia,48258134,Vaupes,40797,NA,NA,NA,NA,1,0,0,30,1,0
2020-07-14,Colombia,48258134,Vaupes,40797,NA,NA,NA,NA,0,0,0,60,1,0
2020-07-16,Colombia,48258134,Vaupes,40797,NA,NA,NA,NA,0,0,0,61,1,0
2020-07-18,Colombia,48258134,Vaupes,40797,NA,NA,NA,NA,0,0,0,61,1,0
2020-07-20,Colombia,48258134,Vaupes,40797,NA,NA,NA,NA,0,0,0,61,1,0
2020-07-22,Colombia,48258134,Vaupes,40797,NA,NA,NA,NA,0,0,0,61,1,0
2020-07-24,Colombia,48258134,Vaupes,40797,NA,NA,NA,NA,0,0,0,61,1,0
2020-07-26,Colombia,48258134,Vaupes,40797,NA,NA,NA,NA,0,0,0,61,1,0
2020-07-28,Colombia,48258134,Vaupes,40797,NA,NA,NA,NA,0,0,0,61,1,0
2020-07-30,Colombia,48258134,Vaupes,40797,NA,NA,NA,NA,0,0,0,61,1,0
2020-08-01,Colombia,48258134,Vaupes,40797,NA,NA,NA,NA,0,0,0,61,1,0
2020-08-03,Colombia,48258134,Vaupes,40797,NA,NA,NA,NA,0,0,0,61,1,0
2020-08-05,Colombia,48258134,Vaupes,40797,NA,NA,NA,NA,0,0,0,61,1,0
2020-08-07,Colombia,48258134,Vaupes,40797,NA,NA,NA,NA,0,0,0,61,1,0
2020-08-09,Colombia,48258134,Vaupes,40797,NA,NA,NA,NA,0,0,0,61,1,0
2020-08-11,Colombia,48258134,Vaupes,40797,NA,NA,NA,NA,67,0,0,128,1,0
2020-08-13,Colombia,48258134,Vaupes,40797,NA,NA,NA,NA,0,0,0,137,1,0
2020-08-15,Colombia,48258134,Vaupes,40797,NA,NA,NA,NA,2,0,0,139,1,0
2020-02-26,Peru,32626000,Amazonas,426800,NA,NA,NA,NA,NA,NA,NA,0,0,0
2020-02-28,Peru,32626000,Amazonas,426800,NA,NA,NA,NA,0,0,0,0,0,0
2020-03-01,Peru,32626000,Amazonas,426800,NA,NA,NA,NA,0,0,0,0,0,0
2020-03-03,Peru,32626000,Amazonas,426800,NA,NA,NA,NA,0,0,0,0,0,0
2020-03-05,Peru,32626000,Amazonas,426800,NA,NA,NA,NA,0,0,0,0,0,0
2020-03-07,Peru,32626000,Amazonas,426800,NA,NA,NA,NA,0,0,0,0,0,0
2020-03-09,Peru,32626000,Amazonas,426800,NA,NA,NA,NA,0,0,0,0,0,0
2020-03-11,Peru,32626000,Amazonas,426800,NA,NA,NA,NA,0,0,0,0,0,0
2020-03-13,Peru,32626000,Amazonas,426800,NA,NA,NA,NA,0,0,0,0,0,0
2020-03-15,Peru,32626000,Amazonas,426800,NA,NA,NA,NA,0,0,0,0,0,0
2020-03-17,Peru,32626000,Amazonas,426800,NA,NA,NA,NA,0,0,0,0,0,0
2020-03-19,Peru,32626000,Amazonas,426800,NA,NA,NA,NA,0,0,0,0,0,0
2020-03-21,Peru,32626000,Amazonas,426800,NA,NA,NA,NA,0,0,0,0,0,0
2020-03-23,Peru,32626000,Amazonas,426800,NA,NA,NA,NA,0,0,0,0,0,0
2020-03-25,Peru,32626000,Amazonas,426800,NA,NA,NA,NA,0,0,0,0,0,0
2020-03-27,Peru,32626000,Amazonas,426800,NA,NA,NA,NA,0,0,0,0,0,0
2020-03-29,Peru,32626000,Amazonas,426800,NA,NA,NA,NA,0,0,0,0,0,0
2020-03-31,Peru,32626000,Amazonas,426800,NA,NA,NA,NA,0,0,0,0,0,0
2020-04-02,Peru,32626000,Amazonas,426800,NA,NA,NA,NA,0,0,0,0,0,0
2020-04-04,Peru,32626000,Amazonas,426800,NA,NA,NA,NA,0,0,0,0,0,0
2020-04-06,Peru,32626000,Amazonas,426800,NA,NA,NA,NA,0,0,0,0,0,0
2020-04-08,Peru,32626000,Amazonas,426800,NA,NA,NA,NA,11,0,0,11,0,0
2020-04-10,Peru,32626000,Amazonas,426800,NA,NA,NA,NA,6,0,0,16,0,0
2020-04-12,Peru,32626000,Amazonas,426800,NA,NA,NA,NA,0,0,0,19,0,0
2020-04-14,Peru,32626000,Amazonas,426800,NA,NA,NA,NA,0,0,0,25,0,0
2020-04-16,Peru,32626000,Amazonas,426800,NA,NA,NA,NA,0,0,0,23,0,0
2020-04-18,Peru,32626000,Amazonas,426800,NA,NA,NA,NA,5,0,0,51,0,0
2020-04-20,Peru,32626000,Amazonas,426800,NA,NA,NA,NA,4,0,0,55,0,0
2020-04-22,Peru,32626000,Amazonas,426800,NA,NA,NA,NA,2,0,0,60,0,0
2020-04-24,Peru,32626000,Amazonas,426800,NA,NA,NA,NA,1,0,0,65,0,0
2020-04-26,Peru,32626000,Amazonas,426800,NA,NA,NA,NA,11,0,0,78,0,0
2020-04-28,Peru,32626000,Amazonas,426800,NA,NA,NA,NA,24,0,0,108,0,0
2020-04-30,Peru,32626000,Amazonas,426800,NA,NA,NA,NA,3,0,0,122,0,0
2020-05-02,Peru,32626000,Amazonas,426800,NA,NA,NA,NA,7,1,0,136,1,0
2020-05-04,Peru,32626000,Amazonas,426800,NA,NA,NA,NA,9,0,0,164,1,0
2020-05-06,Peru,32626000,Amazonas,426800,NA,NA,NA,NA,6,1,0,176,5,0
2020-05-08,Peru,32626000,Amazonas,426800,NA,NA,NA,NA,21,0,0,207,7,0
2020-05-10,Peru,32626000,Amazonas,426800,NA,NA,NA,NA,16,1,0,237,8,0
2020-05-12,Peru,32626000,Amazonas,426800,NA,NA,NA,NA,7,3,0,249,11,0
2020-05-14,Peru,32626000,Amazonas,426800,NA,NA,NA,NA,10,0,0,269,11,0
2020-05-16,Peru,32626000,Amazonas,426800,NA,NA,NA,NA,9,1,0,279,12,0
2020-05-18,Peru,32626000,Amazonas,426800,NA,NA,NA,NA,6,2,0,317,17,0
2020-05-20,Peru,32626000,Amazonas,426800,NA,NA,NA,NA,24,0,0,349,17,0
2020-05-22,Peru,32626000,Amazonas,426800,NA,NA,NA,NA,28,1,0,399,18,0
2020-05-24,Peru,32626000,Amazonas,426800,NA,NA,NA,NA,14,0,0,451,18,0
2020-05-26,Peru,32626000,Amazonas,426800,NA,NA,NA,NA,51,0,0,511,20,0
2020-05-28,Peru,32626000,Amazonas,426800,NA,NA,NA,NA,13,1,0,546,21,0
2020-05-30,Peru,32626000,Amazonas,426800,NA,NA,NA,NA,19,0,0,582,21,0
2020-06-01,Peru,32626000,Amazonas,426800,NA,NA,NA,NA,3,0,0,608,21,0
2020-06-03,Peru,32626000,Amazonas,426800,NA,NA,NA,NA,17,0,0,654,26,0
2020-06-05,Peru,32626000,Amazonas,426800,NA,NA,NA,NA,52,0,0,732,27,0
2020-06-07,Peru,32626000,Amazonas,426800,NA,NA,NA,NA,13,0,0,771,27,0
2020-06-09,Peru,32626000,Amazonas,426800,NA,NA,NA,NA,50,0,0,873,27,0
2020-06-11,Peru,32626000,Amazonas,426800,NA,NA,NA,NA,69,0,0,995,27,0
2020-06-13,Peru,32626000,Amazonas,426800,NA,NA,NA,NA,69,1,0,1102,29,0
2020-06-15,Peru,32626000,Amazonas,426800,NA,NA,NA,NA,9,0,0,1179,29,0
2020-06-17,Peru,32626000,Amazonas,426800,NA,NA,NA,NA,58,0,0,1407,30,0
2020-06-19,Peru,32626000,Amazonas,426800,NA,NA,NA,NA,43,1,0,1483,32,0
2020-06-21,Peru,32626000,Amazonas,426800,NA,NA,NA,NA,30,0,0,1595,33,0
2020-06-23,Peru,32626000,Amazonas,426800,NA,NA,NA,NA,43,0,0,1655,34,0
2020-06-25,Peru,32626000,Amazonas,426800,NA,NA,NA,NA,156,0,0,1845,34,0
2020-06-27,Peru,32626000,Amazonas,426800,NA,NA,NA,NA,55,1,0,1971,35,0
2020-06-29,Peru,32626000,Amazonas,426800,NA,NA,NA,NA,32,1,0,2052,43,0
2020-07-01,Peru,32626000,Amazonas,426800,NA,NA,NA,NA,99,15,0,2254,84,0
2020-07-03,Peru,32626000,Amazonas,426800,NA,NA,NA,NA,119,0,0,2448,85,0
2020-07-05,Peru,32626000,Amazonas,426800,NA,NA,NA,NA,155,1,0,2717,88,0
2020-07-07,Peru,32626000,Amazonas,426800,NA,NA,NA,NA,88,2,0,2948,90,0
2020-07-09,Peru,32626000,Amazonas,426800,NA,NA,NA,NA,84,0,0,3167,90,0
2020-07-11,Peru,32626000,Amazonas,426800,NA,NA,NA,NA,29,2,0,3267,93,0
2020-07-13,Peru,32626000,Amazonas,426800,NA,NA,NA,NA,73,1,0,3406,94,0
2020-07-15,Peru,32626000,Amazonas,426800,NA,NA,NA,NA,77,0,0,3534,96,0
2020-07-17,Peru,32626000,Amazonas,426800,NA,NA,NA,NA,52,0,0,3653,97,0
2020-07-19,Peru,32626000,Amazonas,426800,NA,NA,NA,NA,148,1,0,3994,98,0
2020-07-21,Peru,32626000,Amazonas,426800,NA,NA,NA,NA,99,2,0,4278,103,0
2020-07-23,Peru,32626000,Amazonas,426800,NA,NA,NA,NA,57,17,0,4369,120,0
2020-07-25,Peru,32626000,Amazonas,426800,NA,NA,NA,NA,0,0,0,4529,121,0
2020-07-27,Peru,32626000,Amazonas,426800,NA,NA,NA,NA,468,2,0,4997,123,0
2020-07-29,Peru,32626000,Amazonas,426800,NA,NA,NA,NA,200,0,0,5298,123,0
2020-07-31,Peru,32626000,Amazonas,426800,NA,NA,NA,NA,0,0,0,5507,124,0
2020-08-02,Peru,32626000,Amazonas,426800,NA,NA,NA,NA,195,0,0,6045,124,0
2020-08-04,Peru,32626000,Amazonas,426800,NA,NA,NA,NA,149,1,0,6340,125,0
2020-08-06,Peru,32626000,Amazonas,426800,NA,NA,NA,NA,162,0,0,6632,125,0
2020-08-08,Peru,32626000,Amazonas,426800,NA,NA,NA,NA,126,2,0,6957,127,0
2020-08-10,Peru,32626000,Amazonas,426800,NA,NA,NA,NA,49,0,0,7125,127,0
2020-08-12,Peru,32626000,Amazonas,426800,NA,NA,NA,NA,141,1,0,7488,129,0
2020-08-14,Peru,32626000,Amazonas,426800,NA,NA,NA,NA,136,1,0,7791,186,0
2020-02-25,Peru,32626000,Ancash,1180600,NA,NA,NA,NA,NA,NA,NA,0,0,0
2020-02-27,Peru,32626000,Ancash,1180600,NA,NA,NA,NA,0,0,0,0,0,0
2020-02-29,Peru,32626000,Ancash,1180600,NA,NA,NA,NA,0,0,0,0,0,0
2020-03-02,Peru,32626000,Ancash,1180600,NA,NA,NA,NA,0,0,0,0,0,0
2020-03-04,Peru,32626000,Ancash,1180600,NA,NA,NA,NA,0,0,0,0,0,0
2020-03-06,Peru,32626000,Ancash,1180600,NA,NA,NA,NA,0,0,0,0,0,0
2020-03-08,Peru,32626000,Ancash,1180600,NA,NA,NA,NA,0,0,0,0,0,0
2020-03-10,Peru,32626000,Ancash,1180600,NA,NA,NA,NA,0,0,0,0,0,0
2020-03-12,Peru,32626000,Ancash,1180600,NA,NA,NA,NA,0,0,0,0,0,0
2020-03-14,Peru,32626000,Ancash,1180600,NA,NA,NA,NA,0,0,0,0,0,0
2020-03-16,Peru,32626000,Ancash,1180600,NA,NA,NA,NA,0,0,0,1,0,0
2020-03-18,Peru,32626000,Ancash,1180600,NA,NA,NA,NA,1,0,0,2,0,0
2020-03-20,Peru,32626000,Ancash,1180600,NA,NA,NA,NA,1,0,0,4,0,0
2020-03-22,Peru,32626000,Ancash,1180600,NA,NA,NA,NA,0,0,0,4,0,0
2020-03-24,Peru,32626000,Ancash,1180600,NA,NA,NA,NA,0,0,0,4,0,0
2020-03-26,Peru,32626000,Ancash,1180600,NA,NA,NA,NA,1,0,0,6,0,0
2020-03-28,Peru,32626000,Ancash,1180600,NA,NA,NA,NA,0,0,0,6,0,0
2020-03-30,Peru,32626000,Ancash,1180600,NA,NA,NA,NA,5,0,0,11,1,0
2020-04-01,Peru,32626000,Ancash,1180600,NA,NA,NA,NA,4,0,0,15,1,0
2020-04-03,Peru,32626000,Ancash,1180600,NA,NA,NA,NA,3,0,0,18,1,0
2020-04-05,Peru,32626000,Ancash,1180600,NA,NA,NA,NA,5,0,0,23,1,0
2020-04-07,Peru,32626000,Ancash,1180600,NA,NA,NA,NA,9,0,0,36,1,0
2020-04-09,Peru,32626000,Ancash,1180600,NA,NA,NA,NA,7,0,0,57,4,0
2020-04-11,Peru,32626000,Ancash,1180600,NA,NA,NA,NA,21,1,0,88,5,0
2020-04-13,Peru,32626000,Ancash,1180600,NA,NA,NA,NA,8,0,0,110,5,0
2020-04-15,Peru,32626000,Ancash,1180600,NA,NA,NA,NA,20,0,0,144,5,0
2020-04-17,Peru,32626000,Ancash,1180600,NA,NA,NA,NA,18,8,0,189,13,0
2020-04-19,Peru,32626000,Ancash,1180600,NA,NA,NA,NA,34,3,0,251,16,0
2020-04-21,Peru,32626000,Ancash,1180600,NA,NA,NA,NA,59,4,0,334,23,0
2020-04-23,Peru,32626000,Ancash,1180600,NA,NA,NA,NA,0,2,0,352,28,0
2020-04-25,Peru,32626000,Ancash,1180600,NA,NA,NA,NA,103,4,0,464,33,0
2020-04-27,Peru,32626000,Ancash,1180600,NA,NA,NA,NA,41,0,0,547,34,0
2020-04-29,Peru,32626000,Ancash,1180600,NA,NA,NA,NA,32,13,0,630,52,0
2020-05-01,Peru,32626000,Ancash,1180600,NA,NA,NA,NA,129,0,0,822,56,0
2020-05-03,Peru,32626000,Ancash,1180600,NA,NA,NA,NA,86,11,0,993,77,0
2020-05-05,Peru,32626000,Ancash,1180600,NA,NA,NA,NA,145,8,0,1159,85,0
2020-05-07,Peru,32626000,Ancash,1180600,NA,NA,NA,NA,51,8,0,1307,93,0
2020-05-09,Peru,32626000,Ancash,1180600,NA,NA,NA,NA,82,0,0,1472,106,0
2020-05-11,Peru,32626000,Ancash,1180600,NA,NA,NA,NA,14,0,0,1521,106,0
2020-05-13,Peru,32626000,Ancash,1180600,NA,NA,NA,NA,67,13,0,1620,119,0
2020-05-15,Peru,32626000,Ancash,1180600,NA,NA,NA,NA,81,18,0,1779,137,0
2020-05-17,Peru,32626000,Ancash,1180600,NA,NA,NA,NA,124,0,0,2095,142,0
2020-05-19,Peru,32626000,Ancash,1180600,NA,NA,NA,NA,73,17,0,2226,175,0
2020-05-21,Peru,32626000,Ancash,1180600,NA,NA,NA,NA,112,19,0,2466,194,0
2020-05-23,Peru,32626000,Ancash,1180600,NA,NA,NA,NA,165,12,0,2722,208,0
2020-05-25,Peru,32626000,Ancash,1180600,NA,NA,NA,NA,10,0,0,2842,209,0
2020-05-27,Peru,32626000,Ancash,1180600,NA,NA,NA,NA,0,14,0,3196,237,0
2020-05-29,Peru,32626000,Ancash,1180600,NA,NA,NA,NA,0,11,0,3384,252,0
2020-05-31,Peru,32626000,Ancash,1180600,NA,NA,NA,NA,705,5,0,4220,267,0
2020-06-02,Peru,32626000,Ancash,1180600,NA,NA,NA,NA,224,7,0,4668,277,0
2020-06-04,Peru,32626000,Ancash,1180600,NA,NA,NA,NA,401,6,0,5048,292,0
2020-06-06,Peru,32626000,Ancash,1180600,NA,NA,NA,NA,64,5,0,5290,305,0
2020-06-08,Peru,32626000,Ancash,1180600,NA,NA,NA,NA,57,6,0,5443,318,0
2020-06-10,Peru,32626000,Ancash,1180600,NA,NA,NA,NA,154,8,0,5736,335,0
2020-06-12,Peru,32626000,Ancash,1180600,NA,NA,NA,NA,115,7,0,6000,347,0
2020-06-14,Peru,32626000,Ancash,1180600,NA,NA,NA,NA,139,13,0,6294,371,0
2020-06-16,Peru,32626000,Ancash,1180600,NA,NA,NA,NA,99,9,0,6509,387,0
2020-06-18,Peru,32626000,Ancash,1180600,NA,NA,NA,NA,97,3,0,6746,397,0
2020-06-20,Peru,32626000,Ancash,1180600,NA,NA,NA,NA,125,8,0,7002,411,0
2020-06-22,Peru,32626000,Ancash,1180600,NA,NA,NA,NA,115,7,0,7248,426,0
2020-06-24,Peru,32626000,Ancash,1180600,NA,NA,NA,NA,97,6,0,7444,437,0
2020-06-26,Peru,32626000,Ancash,1180600,NA,NA,NA,NA,99,3,0,7652,444,0
2020-06-28,Peru,32626000,Ancash,1180600,NA,NA,NA,NA,76,5,0,7828,457,0
2020-06-30,Peru,32626000,Ancash,1180600,NA,NA,NA,NA,114,6,0,7988,474,0
2020-07-02,Peru,32626000,Ancash,1180600,NA,NA,NA,NA,133,9,0,8263,487,0
2020-07-04,Peru,32626000,Ancash,1180600,NA,NA,NA,NA,127,8,0,8510,503,0
2020-07-06,Peru,32626000,Ancash,1180600,NA,NA,NA,NA,80,7,0,8732,512,0
2020-07-08,Peru,32626000,Ancash,1180600,NA,NA,NA,NA,153,9,0,9071,527,0
2020-07-10,Peru,32626000,Ancash,1180600,NA,NA,NA,NA,101,2,0,9286,534,0
2020-07-12,Peru,32626000,Ancash,1180600,NA,NA,NA,NA,164,8,0,9554,549,0
2020-07-14,Peru,32626000,Ancash,1180600,NA,NA,NA,NA,89,6,0,9781,561,0
2020-07-16,Peru,32626000,Ancash,1180600,NA,NA,NA,NA,91,10,0,10017,575,0
2020-07-18,Peru,32626000,Ancash,1180600,NA,NA,NA,NA,87,9,0,10212,591,0
2020-07-20,Peru,32626000,Ancash,1180600,NA,NA,NA,NA,102,10,0,10411,610,0
2020-07-22,Peru,32626000,Ancash,1180600,NA,NA,NA,NA,80,5,0,10609,618,0
2020-07-24,Peru,32626000,Ancash,1180600,NA,NA,NA,NA,173,6,0,10902,788,0
2020-07-26,Peru,32626000,Ancash,1180600,NA,NA,NA,NA,0,0,0,10902,788,0
2020-07-28,Peru,32626000,Ancash,1180600,NA,NA,NA,NA,204,3,0,11536,813,0
2020-07-30,Peru,32626000,Ancash,1180600,NA,NA,NA,NA,126,7,0,11796,825,0
2020-08-01,Peru,32626000,Ancash,1180600,NA,NA,NA,NA,438,9,0,12234,834,0
2020-08-03,Peru,32626000,Ancash,1180600,NA,NA,NA,NA,117,6,0,12565,845,0
2020-08-05,Peru,32626000,Ancash,1180600,NA,NA,NA,NA,243,12,0,13013,861,0
2020-08-07,Peru,32626000,Ancash,1180600,NA,NA,NA,NA,224,4,0,13453,875,0
2020-08-09,Peru,32626000,Ancash,1180600,NA,NA,NA,NA,303,5,0,13937,885,0
2020-08-11,Peru,32626000,Ancash,1180600,NA,NA,NA,NA,162,5,0,14230,894,0
2020-08-13,Peru,32626000,Ancash,1180600,NA,NA,NA,NA,227,168,0,14700,1068,0
2020-08-15,Peru,32626000,Ancash,1180600,NA,NA,NA,NA,232,10,0,15101,1085,0
2020-02-26,Peru,32626000,Arequipa,1497400,NA,NA,NA,NA,NA,NA,NA,0,0,0
2020-02-28,Peru,32626000,Arequipa,1497400,NA,NA,NA,NA,0,0,0,0,0,0
2020-03-01,Peru,32626000,Arequipa,1497400,NA,NA,NA,NA,0,0,0,0,0,0
2020-03-03,Peru,32626000,Arequipa,1497400,NA,NA,NA,NA,0,0,0,0,0,0
2020-03-05,Peru,32626000,Arequipa,1497400,NA,NA,NA,NA,0,0,0,0,0,0
2020-03-07,Peru,32626000,Arequipa,1497400,NA,NA,NA,NA,1,0,0,1,0,0
2020-03-09,Peru,32626000,Arequipa,1497400,NA,NA,NA,NA,0,0,0,1,0,0
2020-03-11,Peru,32626000,Arequipa,1497400,NA,NA,NA,NA,1,0,0,2,0,0
2020-03-13,Peru,32626000,Arequipa,1497400,NA,NA,NA,NA,0,0,0,2,0,0
2020-03-15,Peru,32626000,Arequipa,1497400,NA,NA,NA,NA,0,0,0,2,0,0
2020-03-17,Peru,32626000,Arequipa,1497400,NA,NA,NA,NA,0,0,0,2,0,0
2020-03-19,Peru,32626000,Arequipa,1497400,NA,NA,NA,NA,1,0,0,3,0,0
2020-03-21,Peru,32626000,Arequipa,1497400,NA,NA,NA,NA,1,0,0,4,0,0
2020-03-23,Peru,32626000,Arequipa,1497400,NA,NA,NA,NA,3,0,0,7,0,0
2020-03-25,Peru,32626000,Arequipa,1497400,NA,NA,NA,NA,1,0,0,10,0,0
2020-03-27,Peru,32626000,Arequipa,1497400,NA,NA,NA,NA,0,0,0,15,0,0
2020-03-29,Peru,32626000,Arequipa,1497400,NA,NA,NA,NA,0,0,0,15,0,0
2020-03-31,Peru,32626000,Arequipa,1497400,NA,NA,NA,NA,5,0,0,26,0,0
2020-04-02,Peru,32626000,Arequipa,1497400,NA,NA,NA,NA,0,0,0,30,1,0
2020-04-04,Peru,32626000,Arequipa,1497400,NA,NA,NA,NA,0,1,0,37,2,0
2020-04-06,Peru,32626000,Arequipa,1497400,NA,NA,NA,NA,9,1,0,60,4,0
2020-04-08,Peru,32626000,Arequipa,1497400,NA,NA,NA,NA,8,1,0,74,5,0
2020-04-10,Peru,32626000,Arequipa,1497400,NA,NA,NA,NA,6,0,0,83,4,0
2020-04-12,Peru,32626000,Arequipa,1497400,NA,NA,NA,NA,1,0,0,86,4,0
2020-04-14,Peru,32626000,Arequipa,1497400,NA,NA,NA,NA,1,1,0,99,5,0
2020-04-16,Peru,32626000,Arequipa,1497400,NA,NA,NA,NA,13,0,0,111,5,0
2020-04-18,Peru,32626000,Arequipa,1497400,NA,NA,NA,NA,12,0,0,146,5,0
2020-04-20,Peru,32626000,Arequipa,1497400,NA,NA,NA,NA,37,3,0,229,8,0
2020-04-22,Peru,32626000,Arequipa,1497400,NA,NA,NA,NA,3,0,0,276,8,0
2020-04-24,Peru,32626000,Arequipa,1497400,NA,NA,NA,NA,20,2,0,311,10,0
2020-04-26,Peru,32626000,Arequipa,1497400,NA,NA,NA,NA,32,0,0,396,10,0
2020-04-28,Peru,32626000,Arequipa,1497400,NA,NA,NA,NA,22,0,0,501,11,0
2020-04-30,Peru,32626000,Arequipa,1497400,NA,NA,NA,NA,42,0,0,571,11,0
2020-05-02,Peru,32626000,Arequipa,1497400,NA,NA,NA,NA,31,5,0,655,16,0
2020-05-04,Peru,32626000,Arequipa,1497400,NA,NA,NA,NA,0,0,0,692,16,0
2020-05-06,Peru,32626000,Arequipa,1497400,NA,NA,NA,NA,27,2,0,790,20,0
2020-05-08,Peru,32626000,Arequipa,1497400,NA,NA,NA,NA,40,0,0,854,20,0
2020-05-10,Peru,32626000,Arequipa,1497400,NA,NA,NA,NA,142,0,0,1046,20,0
2020-05-12,Peru,32626000,Arequipa,1497400,NA,NA,NA,NA,147,0,0,1208,20,0
2020-05-14,Peru,32626000,Arequipa,1497400,NA,NA,NA,NA,92,0,0,1393,20,0
2020-05-16,Peru,32626000,Arequipa,1497400,NA,NA,NA,NA,151,0,0,1709,20,0
2020-05-18,Peru,32626000,Arequipa,1497400,NA,NA,NA,NA,90,3,0,1929,23,0
2020-05-20,Peru,32626000,Arequipa,1497400,NA,NA,NA,NA,105,0,0,2072,25,0
2020-05-22,Peru,32626000,Arequipa,1497400,NA,NA,NA,NA,121,0,0,2297,25,0
2020-05-24,Peru,32626000,Arequipa,1497400,NA,NA,NA,NA,128,0,0,2501,25,0
2020-05-26,Peru,32626000,Arequipa,1497400,NA,NA,NA,NA,61,3,0,2694,28,0
2020-05-28,Peru,32626000,Arequipa,1497400,NA,NA,NA,NA,134,3,0,2921,31,0
2020-05-30,Peru,32626000,Arequipa,1497400,NA,NA,NA,NA,189,6,0,3335,39,0
2020-06-01,Peru,32626000,Arequipa,1497400,NA,NA,NA,NA,301,5,0,3633,49,0
2020-06-03,Peru,32626000,Arequipa,1497400,NA,NA,NA,NA,90,1,0,3817,51,0
2020-06-05,Peru,32626000,Arequipa,1497400,NA,NA,NA,NA,243,3,0,4204,59,0
2020-06-07,Peru,32626000,Arequipa,1497400,NA,NA,NA,NA,144,0,0,4460,60,0
2020-06-09,Peru,32626000,Arequipa,1497400,NA,NA,NA,NA,72,6,0,4566,71,0
2020-06-11,Peru,32626000,Arequipa,1497400,NA,NA,NA,NA,144,4,0,4764,85,0
2020-06-13,Peru,32626000,Arequipa,1497400,NA,NA,NA,NA,121,11,0,5002,106,0
2020-06-15,Peru,32626000,Arequipa,1497400,NA,NA,NA,NA,80,6,0,5195,115,0
2020-06-17,Peru,32626000,Arequipa,1497400,NA,NA,NA,NA,56,13,0,5336,134,0
2020-06-19,Peru,32626000,Arequipa,1497400,NA,NA,NA,NA,79,9,0,5533,154,0
2020-06-21,Peru,32626000,Arequipa,1497400,NA,NA,NA,NA,90,7,0,5744,166,0
2020-06-23,Peru,32626000,Arequipa,1497400,NA,NA,NA,NA,72,9,0,5981,188,0
2020-06-25,Peru,32626000,Arequipa,1497400,NA,NA,NA,NA,224,6,0,6411,209,0
2020-06-27,Peru,32626000,Arequipa,1497400,NA,NA,NA,NA,147,13,0,6682,225,0
2020-06-29,Peru,32626000,Arequipa,1497400,NA,NA,NA,NA,253,15,0,7076,245,0
2020-07-01,Peru,32626000,Arequipa,1497400,NA,NA,NA,NA,110,11,0,7234,264,0
2020-07-03,Peru,32626000,Arequipa,1497400,NA,NA,NA,NA,120,10,0,7545,290,0
2020-07-05,Peru,32626000,Arequipa,1497400,NA,NA,NA,NA,158,7,0,7807,309,0
2020-07-07,Peru,32626000,Arequipa,1497400,NA,NA,NA,NA,91,10,0,8073,333,0
2020-07-09,Peru,32626000,Arequipa,1497400,NA,NA,NA,NA,230,13,0,8374,356,0
2020-07-11,Peru,32626000,Arequipa,1497400,NA,NA,NA,NA,228,22,0,8724,390,0
2020-07-13,Peru,32626000,Arequipa,1497400,NA,NA,NA,NA,335,21,0,9252,427,0
2020-07-15,Peru,32626000,Arequipa,1497400,NA,NA,NA,NA,192,25,0,9560,474,0
2020-07-17,Peru,32626000,Arequipa,1497400,NA,NA,NA,NA,222,13,0,9939,508,0
2020-07-19,Peru,32626000,Arequipa,1497400,NA,NA,NA,NA,206,21,0,10318,555,0
2020-07-21,Peru,32626000,Arequipa,1497400,NA,NA,NA,NA,200,15,0,10676,585,0
2020-07-23,Peru,32626000,Arequipa,1497400,NA,NA,NA,NA,492,27,0,11504,628,0
2020-07-25,Peru,32626000,Arequipa,1497400,NA,NA,NA,NA,0,0,0,11703,649,0
2020-07-27,Peru,32626000,Arequipa,1497400,NA,NA,NA,NA,996,47,0,12699,696,0
2020-07-29,Peru,32626000,Arequipa,1497400,NA,NA,NA,NA,347,7,0,13206,718,0
2020-07-31,Peru,32626000,Arequipa,1497400,NA,NA,NA,NA,0,0,0,13480,726,0
2020-08-02,Peru,32626000,Arequipa,1497400,NA,NA,NA,NA,661,21,0,15233,776,0
2020-08-04,Peru,32626000,Arequipa,1497400,NA,NA,NA,NA,373,16,0,15845,808,0
2020-08-06,Peru,32626000,Arequipa,1497400,NA,NA,NA,NA,691,9,0,17191,842,0
2020-08-08,Peru,32626000,Arequipa,1497400,NA,NA,NA,NA,701,13,0,18891,882,0
2020-08-10,Peru,32626000,Arequipa,1497400,NA,NA,NA,NA,304,19,0,19883,912,0
2020-08-12,Peru,32626000,Arequipa,1497400,NA,NA,NA,NA,616,10,0,20892,938,0
2020-08-14,Peru,32626000,Arequipa,1497400,NA,NA,NA,NA,811,12,0,22503,973,0
2020-02-25,Peru,32626000,Ayacucho,668200,NA,NA,NA,NA,NA,NA,NA,0,0,0
2020-02-27,Peru,32626000,Ayacucho,668200,NA,NA,NA,NA,0,0,0,0,0,0
2020-02-29,Peru,32626000,Ayacucho,668200,NA,NA,NA,NA,0,0,0,0,0,0
2020-03-02,Peru,32626000,Ayacucho,668200,NA,NA,NA,NA,0,0,0,0,0,0
2020-03-04,Peru,32626000,Ayacucho,668200,NA,NA,NA,NA,0,0,0,0,0,0
2020-03-06,Peru,32626000,Ayacucho,668200,NA,NA,NA,NA,0,0,0,0,0,0
2020-03-08,Peru,32626000,Ayacucho,668200,NA,NA,NA,NA,0,0,0,0,0,0
2020-03-10,Peru,32626000,Ayacucho,668200,NA,NA,NA,NA,0,0,0,0,0,0
2020-03-12,Peru,32626000,Ayacucho,668200,NA,NA,NA,NA,0,0,0,0,0,0
2020-03-14,Peru,32626000,Ayacucho,668200,NA,NA,NA,NA,0,0,0,0,0,0
2020-03-16,Peru,32626000,Ayacucho,668200,NA,NA,NA,NA,0,0,0,0,0,0
2020-03-18,Peru,32626000,Ayacucho,668200,NA,NA,NA,NA,0,0,0,0,0,0
2020-03-20,Peru,32626000,Ayacucho,668200,NA,NA,NA,NA,0,0,0,0,0,0
2020-03-22,Peru,32626000,Ayacucho,668200,NA,NA,NA,NA,0,0,0,0,0,0
2020-03-24,Peru,32626000,Ayacucho,668200,NA,NA,NA,NA,0,0,0,0,0,0
2020-03-26,Peru,32626000,Ayacucho,668200,NA,NA,NA,NA,0,0,0,0,0,0
2020-03-28,Peru,32626000,Ayacucho,668200,NA,NA,NA,NA,0,0,0,0,0,0
2020-03-30,Peru,32626000,Ayacucho,668200,NA,NA,NA,NA,0,0,0,1,0,0
2020-04-01,Peru,32626000,Ayacucho,668200,NA,NA,NA,NA,0,0,0,1,0,0
2020-04-03,Peru,32626000,Ayacucho,668200,NA,NA,NA,NA,0,0,0,1,0,0
2020-04-05,Peru,32626000,Ayacucho,668200,NA,NA,NA,NA,2,0,0,3,0,0
2020-04-07,Peru,32626000,Ayacucho,668200,NA,NA,NA,NA,0,0,0,5,0,0
2020-04-09,Peru,32626000,Ayacucho,668200,NA,NA,NA,NA,2,0,0,7,0,0
2020-04-11,Peru,32626000,Ayacucho,668200,NA,NA,NA,NA,4,0,0,13,0,0
2020-04-13,Peru,32626000,Ayacucho,668200,NA,NA,NA,NA,0,0,0,11,0,0
2020-04-15,Peru,32626000,Ayacucho,668200,NA,NA,NA,NA,7,0,0,22,0,0
2020-04-17,Peru,32626000,Ayacucho,668200,NA,NA,NA,NA,0,0,0,23,0,0
2020-04-19,Peru,32626000,Ayacucho,668200,NA,NA,NA,NA,4,0,0,33,0,0
2020-04-21,Peru,32626000,Ayacucho,668200,NA,NA,NA,NA,3,0,0,38,0,0
2020-04-23,Peru,32626000,Ayacucho,668200,NA,NA,NA,NA,1,0,0,39,0,0
2020-04-25,Peru,32626000,Ayacucho,668200,NA,NA,NA,NA,5,0,0,45,0,0
2020-04-27,Peru,32626000,Ayacucho,668200,NA,NA,NA,NA,7,0,0,60,0,0
2020-04-29,Peru,32626000,Ayacucho,668200,NA,NA,NA,NA,8,0,0,80,0,0
2020-05-01,Peru,32626000,Ayacucho,668200,NA,NA,NA,NA,9,0,0,104,0,0
2020-05-03,Peru,32626000,Ayacucho,668200,NA,NA,NA,NA,18,0,0,135,0,0
2020-05-05,Peru,32626000,Ayacucho,668200,NA,NA,NA,NA,38,0,0,181,0,0
2020-05-07,Peru,32626000,Ayacucho,668200,NA,NA,NA,NA,13,0,0,189,0,0
2020-05-09,Peru,32626000,Ayacucho,668200,NA,NA,NA,NA,19,0,0,222,0,0
2020-05-11,Peru,32626000,Ayacucho,668200,NA,NA,NA,NA,4,0,0,258,0,0
2020-05-13,Peru,32626000,Ayacucho,668200,NA,NA,NA,NA,8,0,0,278,0,0
2020-05-15,Peru,32626000,Ayacucho,668200,NA,NA,NA,NA,19,3,0,322,3,0
2020-05-17,Peru,32626000,Ayacucho,668200,NA,NA,NA,NA,36,0,0,403,3,0
2020-05-19,Peru,32626000,Ayacucho,668200,NA,NA,NA,NA,20,0,0,426,3,0
2020-05-21,Peru,32626000,Ayacucho,668200,NA,NA,NA,NA,15,0,0,455,3,0
2020-05-23,Peru,32626000,Ayacucho,668200,NA,NA,NA,NA,19,0,0,498,3,0
2020-05-25,Peru,32626000,Ayacucho,668200,NA,NA,NA,NA,34,3,0,571,6,0
2020-05-27,Peru,32626000,Ayacucho,668200,NA,NA,NA,NA,17,0,0,622,6,0
2020-05-29,Peru,32626000,Ayacucho,668200,NA,NA,NA,NA,40,0,0,679,6,0
2020-05-31,Peru,32626000,Ayacucho,668200,NA,NA,NA,NA,36,0,0,748,7,0
2020-06-02,Peru,32626000,Ayacucho,668200,NA,NA,NA,NA,28,0,0,790,7,0
2020-06-04,Peru,32626000,Ayacucho,668200,NA,NA,NA,NA,36,0,0,862,7,0
2020-06-06,Peru,32626000,Ayacucho,668200,NA,NA,NA,NA,21,0,0,886,8,0
2020-06-08,Peru,32626000,Ayacucho,668200,NA,NA,NA,NA,5,0,0,915,8,0
2020-06-10,Peru,32626000,Ayacucho,668200,NA,NA,NA,NA,37,0,0,995,8,0
2020-06-12,Peru,32626000,Ayacucho,668200,NA,NA,NA,NA,43,0,0,1071,11,0
2020-06-14,Peru,32626000,Ayacucho,668200,NA,NA,NA,NA,55,0,0,1157,11,0
2020-06-16,Peru,32626000,Ayacucho,668200,NA,NA,NA,NA,49,0,0,1220,11,0
2020-06-18,Peru,32626000,Ayacucho,668200,NA,NA,NA,NA,35,0,0,1331,11,0
2020-06-20,Peru,32626000,Ayacucho,668200,NA,NA,NA,NA,79,0,0,1454,13,0
2020-06-22,Peru,32626000,Ayacucho,668200,NA,NA,NA,NA,18,2,0,1540,15,0
2020-06-24,Peru,32626000,Ayacucho,668200,NA,NA,NA,NA,34,5,0,1603,21,0
2020-06-26,Peru,32626000,Ayacucho,668200,NA,NA,NA,NA,34,0,0,1678,21,0
2020-06-28,Peru,32626000,Ayacucho,668200,NA,NA,NA,NA,26,2,0,1743,24,0
2020-06-30,Peru,32626000,Ayacucho,668200,NA,NA,NA,NA,28,0,0,1775,25,0
2020-07-02,Peru,32626000,Ayacucho,668200,NA,NA,NA,NA,36,0,0,1865,26,0
2020-07-04,Peru,32626000,Ayacucho,668200,NA,NA,NA,NA,24,1,0,1934,28,0
2020-07-06,Peru,32626000,Ayacucho,668200,NA,NA,NA,NA,14,0,0,1996,29,0
2020-07-08,Peru,32626000,Ayacucho,668200,NA,NA,NA,NA,31,1,0,2077,32,0
2020-07-10,Peru,32626000,Ayacucho,668200,NA,NA,NA,NA,48,1,0,2178,33,0
2020-07-12,Peru,32626000,Ayacucho,668200,NA,NA,NA,NA,46,0,0,2289,34,0
2020-07-14,Peru,32626000,Ayacucho,668200,NA,NA,NA,NA,35,1,0,2346,37,0
2020-07-16,Peru,32626000,Ayacucho,668200,NA,NA,NA,NA,75,2,0,2517,41,0
2020-07-18,Peru,32626000,Ayacucho,668200,NA,NA,NA,NA,60,0,0,2664,43,0
2020-07-20,Peru,32626000,Ayacucho,668200,NA,NA,NA,NA,31,1,0,2822,44,0
2020-07-22,Peru,32626000,Ayacucho,668200,NA,NA,NA,NA,70,1,0,3006,47,0
2020-07-24,Peru,32626000,Ayacucho,668200,NA,NA,NA,NA,69,1,0,3170,70,0
2020-07-26,Peru,32626000,Ayacucho,668200,NA,NA,NA,NA,0,0,0,3170,70,0
2020-07-28,Peru,32626000,Ayacucho,668200,NA,NA,NA,NA,96,2,0,3462,74,0
2020-07-30,Peru,32626000,Ayacucho,668200,NA,NA,NA,NA,115,0,0,3726,74,0
2020-08-01,Peru,32626000,Ayacucho,668200,NA,NA,NA,NA,222,2,0,3948,76,0
2020-08-03,Peru,32626000,Ayacucho,668200,NA,NA,NA,NA,80,1,0,4132,78,0
2020-08-05,Peru,32626000,Ayacucho,668200,NA,NA,NA,NA,129,2,0,4352,81,0
2020-08-07,Peru,32626000,Ayacucho,668200,NA,NA,NA,NA,111,0,0,4603,81,0
2020-08-09,Peru,32626000,Ayacucho,668200,NA,NA,NA,NA,158,2,0,4930,85,0
2020-08-11,Peru,32626000,Ayacucho,668200,NA,NA,NA,NA,80,0,0,5113,85,0
2020-08-13,Peru,32626000,Ayacucho,668200,NA,NA,NA,NA,197,29,0,5499,144,0
2020-08-15,Peru,32626000,Ayacucho,668200,NA,NA,NA,NA,183,2,0,5826,171,0
2020-02-26,Peru,32626000,Cajamarca,1453700,NA,NA,NA,NA,NA,NA,NA,0,0,0
2020-02-28,Peru,32626000,Cajamarca,1453700,NA,NA,NA,NA,0,0,0,0,0,0
2020-03-01,Peru,32626000,Cajamarca,1453700,NA,NA,NA,NA,0,0,0,0,0,0
2020-03-03,Peru,32626000,Cajamarca,1453700,NA,NA,NA,NA,0,0,0,0,0,0
2020-03-05,Peru,32626000,Cajamarca,1453700,NA,NA,NA,NA,0,0,0,0,0,0
2020-03-07,Peru,32626000,Cajamarca,1453700,NA,NA,NA,NA,0,0,0,0,0,0
2020-03-09,Peru,32626000,Cajamarca,1453700,NA,NA,NA,NA,0,0,0,0,0,0
2020-03-11,Peru,32626000,Cajamarca,1453700,NA,NA,NA,NA,0,0,0,0,0,0
2020-03-13,Peru,32626000,Cajamarca,1453700,NA,NA,NA,NA,0,0,0,0,0,0
2020-03-15,Peru,32626000,Cajamarca,1453700,NA,NA,NA,NA,0,0,0,0,0,0
2020-03-17,Peru,32626000,Cajamarca,1453700,NA,NA,NA,NA,0,0,0,0,0,0
2020-03-19,Peru,32626000,Cajamarca,1453700,NA,NA,NA,NA,0,0,0,0,0,0
2020-03-21,Peru,32626000,Cajamarca,1453700,NA,NA,NA,NA,0,0,0,0,0,0
2020-03-23,Peru,32626000,Cajamarca,1453700,NA,NA,NA,NA,0,0,0,0,0,0
2020-03-25,Peru,32626000,Cajamarca,1453700,NA,NA,NA,NA,1,0,0,1,0,0
2020-03-27,Peru,32626000,Cajamarca,1453700,NA,NA,NA,NA,0,0,0,1,0,0
2020-03-29,Peru,32626000,Cajamarca,1453700,NA,NA,NA,NA,0,0,0,1,0,0
2020-03-31,Peru,32626000,Cajamarca,1453700,NA,NA,NA,NA,0,0,0,1,0,0
2020-04-02,Peru,32626000,Cajamarca,1453700,NA,NA,NA,NA,1,0,0,3,0,0
2020-04-04,Peru,32626000,Cajamarca,1453700,NA,NA,NA,NA,2,0,0,6,0,0
2020-04-06,Peru,32626000,Cajamarca,1453700,NA,NA,NA,NA,0,0,0,6,0,0
2020-04-08,Peru,32626000,Cajamarca,1453700,NA,NA,NA,NA,4,0,0,10,0,0
2020-04-10,Peru,32626000,Cajamarca,1453700,NA,NA,NA,NA,0,0,0,11,0,0
2020-04-12,Peru,32626000,Cajamarca,1453700,NA,NA,NA,NA,0,0,0,11,0,0
2020-04-14,Peru,32626000,Cajamarca,1453700,NA,NA,NA,NA,8,0,0,19,0,0
2020-04-16,Peru,32626000,Cajamarca,1453700,NA,NA,NA,NA,2,0,0,22,1,0
2020-04-18,Peru,32626000,Cajamarca,1453700,NA,NA,NA,NA,14,0,0,52,2,0
2020-04-20,Peru,32626000,Cajamarca,1453700,NA,NA,NA,NA,1,0,0,62,2,0
2020-04-22,Peru,32626000,Cajamarca,1453700,NA,NA,NA,NA,5,0,0,78,2,0
2020-04-24,Peru,32626000,Cajamarca,1453700,NA,NA,NA,NA,2,0,0,92,2,0
2020-04-26,Peru,32626000,Cajamarca,1453700,NA,NA,NA,NA,23,0,0,128,2,0
2020-04-28,Peru,32626000,Cajamarca,1453700,NA,NA,NA,NA,15,1,0,156,3,0
2020-04-30,Peru,32626000,Cajamarca,1453700,NA,NA,NA,NA,8,0,0,170,3,0
2020-05-02,Peru,32626000,Cajamarca,1453700,NA,NA,NA,NA,23,0,0,224,3,0
2020-05-04,Peru,32626000,Cajamarca,1453700,NA,NA,NA,NA,9,0,0,268,3,0
2020-05-06,Peru,32626000,Cajamarca,1453700,NA,NA,NA,NA,0,0,0,301,3,0
2020-05-08,Peru,32626000,Cajamarca,1453700,NA,NA,NA,NA,12,0,0,328,3,0
2020-05-10,Peru,32626000,Cajamarca,1453700,NA,NA,NA,NA,11,0,0,362,3,0
2020-05-12,Peru,32626000,Cajamarca,1453700,NA,NA,NA,NA,8,0,0,375,3,0
2020-05-14,Peru,32626000,Cajamarca,1453700,NA,NA,NA,NA,13,0,0,406,3,0
2020-05-16,Peru,32626000,Cajamarca,1453700,NA,NA,NA,NA,13,0,0,424,3,0
2020-05-18,Peru,32626000,Cajamarca,1453700,NA,NA,NA,NA,6,0,0,435,3,0
2020-05-20,Peru,32626000,Cajamarca,1453700,NA,NA,NA,NA,5,0,0,451,3,0
2020-05-22,Peru,32626000,Cajamarca,1453700,NA,NA,NA,NA,12,0,0,495,3,0
2020-05-24,Peru,32626000,Cajamarca,1453700,NA,NA,NA,NA,37,0,0,557,3,0
2020-05-26,Peru,32626000,Cajamarca,1453700,NA,NA,NA,NA,34,0,0,625,3,0
2020-05-28,Peru,32626000,Cajamarca,1453700,NA,NA,NA,NA,24,0,0,669,3,0
2020-05-30,Peru,32626000,Cajamarca,1453700,NA,NA,NA,NA,20,1,0,720,5,0
2020-06-01,Peru,32626000,Cajamarca,1453700,NA,NA,NA,NA,39,1,0,786,6,0
2020-06-03,Peru,32626000,Cajamarca,1453700,NA,NA,NA,NA,23,0,0,853,7,0
2020-06-05,Peru,32626000,Cajamarca,1453700,NA,NA,NA,NA,0,1,0,875,9,0
2020-06-07,Peru,32626000,Cajamarca,1453700,NA,NA,NA,NA,28,1,0,935,10,0
2020-06-09,Peru,32626000,Cajamarca,1453700,NA,NA,NA,NA,37,0,0,984,11,0
2020-06-11,Peru,32626000,Cajamarca,1453700,NA,NA,NA,NA,49,0,0,1062,13,0
2020-06-13,Peru,32626000,Cajamarca,1453700,NA,NA,NA,NA,64,2,0,1199,16,0
2020-06-15,Peru,32626000,Cajamarca,1453700,NA,NA,NA,NA,35,0,0,1314,16,0
2020-06-17,Peru,32626000,Cajamarca,1453700,NA,NA,NA,NA,28,1,0,1378,18,0
2020-06-19,Peru,32626000,Cajamarca,1453700,NA,NA,NA,NA,52,1,0,1474,19,0
2020-06-21,Peru,32626000,Cajamarca,1453700,NA,NA,NA,NA,50,2,0,1568,22,0
2020-06-23,Peru,32626000,Cajamarca,1453700,NA,NA,NA,NA,34,2,0,1631,24,0
2020-06-25,Peru,32626000,Cajamarca,1453700,NA,NA,NA,NA,96,19,0,1774,43,0
2020-06-27,Peru,32626000,Cajamarca,1453700,NA,NA,NA,NA,113,3,0,1929,62,0
2020-06-29,Peru,32626000,Cajamarca,1453700,NA,NA,NA,NA,108,2,0,2091,67,0
2020-07-01,Peru,32626000,Cajamarca,1453700,NA,NA,NA,NA,58,3,0,2196,71,0
2020-07-03,Peru,32626000,Cajamarca,1453700,NA,NA,NA,NA,112,7,0,2404,81,0
2020-07-05,Peru,32626000,Cajamarca,1453700,NA,NA,NA,NA,117,3,0,2587,87,0
2020-07-07,Peru,32626000,Cajamarca,1453700,NA,NA,NA,NA,119,5,0,2850,110,0
2020-07-09,Peru,32626000,Cajamarca,1453700,NA,NA,NA,NA,98,5,0,3110,119,0
2020-07-11,Peru,32626000,Cajamarca,1453700,NA,NA,NA,NA,111,4,0,3327,125,0
2020-07-13,Peru,32626000,Cajamarca,1453700,NA,NA,NA,NA,156,2,0,3650,131,0
2020-07-15,Peru,32626000,Cajamarca,1453700,NA,NA,NA,NA,107,3,0,3857,134,0
2020-07-17,Peru,32626000,Cajamarca,1453700,NA,NA,NA,NA,91,5,0,4019,140,0
2020-07-19,Peru,32626000,Cajamarca,1453700,NA,NA,NA,NA,96,2,0,4205,144,0
2020-07-21,Peru,32626000,Cajamarca,1453700,NA,NA,NA,NA,157,2,0,4458,150,0
2020-07-23,Peru,32626000,Cajamarca,1453700,NA,NA,NA,NA,93,25,0,4663,176,0
2020-07-25,Peru,32626000,Cajamarca,1453700,NA,NA,NA,NA,0,0,0,4785,179,0
2020-07-27,Peru,32626000,Cajamarca,1453700,NA,NA,NA,NA,355,17,0,5140,196,0
2020-07-29,Peru,32626000,Cajamarca,1453700,NA,NA,NA,NA,253,2,0,5560,201,0
2020-07-31,Peru,32626000,Cajamarca,1453700,NA,NA,NA,NA,0,0,0,5877,203,0
2020-08-02,Peru,32626000,Cajamarca,1453700,NA,NA,NA,NA,186,5,0,6649,212,0
2020-08-04,Peru,32626000,Cajamarca,1453700,NA,NA,NA,NA,199,6,0,6992,221,0
2020-08-06,Peru,32626000,Cajamarca,1453700,NA,NA,NA,NA,301,1,0,7578,229,0
2020-08-08,Peru,32626000,Cajamarca,1453700,NA,NA,NA,NA,266,4,0,8240,243,0
2020-08-10,Peru,32626000,Cajamarca,1453700,NA,NA,NA,NA,194,3,0,8616,250,0
2020-08-12,Peru,32626000,Cajamarca,1453700,NA,NA,NA,NA,476,3,0,9377,261,0
2020-08-14,Peru,32626000,Cajamarca,1453700,NA,NA,NA,NA,314,2,0,10123,344,0
2020-02-25,Peru,32626000,Callao,1129900,NA,NA,NA,NA,NA,NA,NA,0,0,0
2020-02-27,Peru,32626000,Callao,1129900,NA,NA,NA,NA,0,0,0,0,0,0
2020-02-29,Peru,32626000,Callao,1129900,NA,NA,NA,NA,0,0,0,0,0,0
2020-03-02,Peru,32626000,Callao,1129900,NA,NA,NA,NA,0,0,0,0,0,0
2020-03-04,Peru,32626000,Callao,1129900,NA,NA,NA,NA,0,0,0,0,0,0
2020-03-06,Peru,32626000,Callao,1129900,NA,NA,NA,NA,0,0,0,0,0,0
2020-03-08,Peru,32626000,Callao,1129900,NA,NA,NA,NA,0,0,0,0,0,0
2020-03-10,Peru,32626000,Callao,1129900,NA,NA,NA,NA,0,0,0,0,0,0
2020-03-12,Peru,32626000,Callao,1129900,NA,NA,NA,NA,0,0,0,0,0,0
2020-03-14,Peru,32626000,Callao,1129900,NA,NA,NA,NA,0,0,0,0,0,0
2020-03-16,Peru,32626000,Callao,1129900,NA,NA,NA,NA,1,0,0,3,0,0
2020-03-18,Peru,32626000,Callao,1129900,NA,NA,NA,NA,1,0,0,5,0,0
2020-03-20,Peru,32626000,Callao,1129900,NA,NA,NA,NA,0,0,0,5,0,0
2020-03-22,Peru,32626000,Callao,1129900,NA,NA,NA,NA,0,0,0,6,0,0
2020-03-24,Peru,32626000,Callao,1129900,NA,NA,NA,NA,0,0,0,8,0,0
2020-03-26,Peru,32626000,Callao,1129900,NA,NA,NA,NA,5,0,0,15,0,0
2020-03-28,Peru,32626000,Callao,1129900,NA,NA,NA,NA,1,1,0,18,1,0
2020-03-30,Peru,32626000,Callao,1129900,NA,NA,NA,NA,0,1,0,24,2,0
2020-04-01,Peru,32626000,Callao,1129900,NA,NA,NA,NA,12,1,0,37,4,0
2020-04-03,Peru,32626000,Callao,1129900,NA,NA,NA,NA,19,0,0,59,4,0
2020-04-05,Peru,32626000,Callao,1129900,NA,NA,NA,NA,25,3,0,89,8,0
2020-04-07,Peru,32626000,Callao,1129900,NA,NA,NA,NA,52,2,0,161,10,0
2020-04-09,Peru,32626000,Callao,1129900,NA,NA,NA,NA,93,14,0,413,16,0
2020-04-11,Peru,32626000,Callao,1129900,NA,NA,NA,NA,76,0,0,541,16,0
2020-04-13,Peru,32626000,Callao,1129900,NA,NA,NA,NA,137,0,0,733,16,0
2020-04-15,Peru,32626000,Callao,1129900,NA,NA,NA,NA,31,4,0,939,24,0
2020-04-17,Peru,32626000,Callao,1129900,NA,NA,NA,NA,72,0,0,1080,27,0
2020-04-19,Peru,32626000,Callao,1129900,NA,NA,NA,NA,59,0,0,1239,34,0
2020-04-21,Peru,32626000,Callao,1129900,NA,NA,NA,NA,87,1,0,1369,36,0
2020-04-23,Peru,32626000,Callao,1129900,NA,NA,NA,NA,120,0,0,1536,39,0
2020-04-25,Peru,32626000,Callao,1129900,NA,NA,NA,NA,845,4,0,2436,44,0
2020-04-27,Peru,32626000,Callao,1129900,NA,NA,NA,NA,57,6,0,2672,50,0
2020-04-29,Peru,32626000,Callao,1129900,NA,NA,NA,NA,168,0,0,3101,52,0
2020-05-01,Peru,32626000,Callao,1129900,NA,NA,NA,NA,239,0,0,3458,60,0
2020-05-03,Peru,32626000,Callao,1129900,NA,NA,NA,NA,350,0,0,3893,66,0
2020-05-05,Peru,32626000,Callao,1129900,NA,NA,NA,NA,266,11,0,4245,77,0
2020-05-07,Peru,32626000,Callao,1129900,NA,NA,NA,NA,274,0,0,4678,82,0
2020-05-09,Peru,32626000,Callao,1129900,NA,NA,NA,NA,249,37,0,5217,119,0
2020-05-11,Peru,32626000,Callao,1129900,NA,NA,NA,NA,40,0,0,5400,119,0
2020-05-13,Peru,32626000,Callao,1129900,NA,NA,NA,NA,267,6,0,5851,125,0
2020-05-15,Peru,32626000,Callao,1129900,NA,NA,NA,NA,223,13,0,6422,156,0
2020-05-17,Peru,32626000,Callao,1129900,NA,NA,NA,NA,172,5,0,6685,160,0
2020-05-19,Peru,32626000,Callao,1129900,NA,NA,NA,NA,229,11,0,7011,171,0
2020-05-21,Peru,32626000,Callao,1129900,NA,NA,NA,NA,304,14,0,7685,192,0
2020-05-23,Peru,32626000,Callao,1129900,NA,NA,NA,NA,279,0,0,8125,192,0
2020-05-25,Peru,32626000,Callao,1129900,NA,NA,NA,NA,168,54,0,8726,248,0
2020-05-27,Peru,32626000,Callao,1129900,NA,NA,NA,NA,373,33,0,9495,281,0
2020-05-29,Peru,32626000,Callao,1129900,NA,NA,NA,NA,828,9,0,10781,298,0
2020-05-31,Peru,32626000,Callao,1129900,NA,NA,NA,NA,62,9,0,12167,321,0
2020-06-02,Peru,32626000,Callao,1129900,NA,NA,NA,NA,416,9,0,12911,338,0
2020-06-04,Peru,32626000,Callao,1129900,NA,NA,NA,NA,120,14,0,13291,360,0
2020-06-06,Peru,32626000,Callao,1129900,NA,NA,NA,NA,246,9,0,13656,378,0
2020-06-08,Peru,32626000,Callao,1129900,NA,NA,NA,NA,152,2,0,14017,391,0
2020-06-10,Peru,32626000,Callao,1129900,NA,NA,NA,NA,205,9,0,14489,410,0
2020-06-12,Peru,32626000,Callao,1129900,NA,NA,NA,NA,370,16,0,15200,434,0
2020-06-14,Peru,32626000,Callao,1129900,NA,NA,NA,NA,251,13,0,15807,452,0
2020-06-16,Peru,32626000,Callao,1129900,NA,NA,NA,NA,160,13,0,16115,477,0
2020-06-18,Peru,32626000,Callao,1129900,NA,NA,NA,NA,234,8,0,16458,506,0
2020-06-20,Peru,32626000,Callao,1129900,NA,NA,NA,NA,166,14,0,16844,527,0
2020-06-22,Peru,32626000,Callao,1129900,NA,NA,NA,NA,159,9,0,17145,550,0
2020-06-24,Peru,32626000,Callao,1129900,NA,NA,NA,NA,69,8,0,17372,563,0
2020-06-26,Peru,32626000,Callao,1129900,NA,NA,NA,NA,131,12,0,17580,584,0
2020-06-28,Peru,32626000,Callao,1129900,NA,NA,NA,NA,124,15,0,17871,611,0
2020-06-30,Peru,32626000,Callao,1129900,NA,NA,NA,NA,40,6,0,17984,625,0
2020-07-02,Peru,32626000,Callao,1129900,NA,NA,NA,NA,75,10,0,18230,643,0
2020-07-04,Peru,32626000,Callao,1129900,NA,NA,NA,NA,58,4,0,18339,650,0
2020-07-06,Peru,32626000,Callao,1129900,NA,NA,NA,NA,65,6,0,18471,664,0
2020-07-08,Peru,32626000,Callao,1129900,NA,NA,NA,NA,111,5,0,18621,683,0
2020-07-10,Peru,32626000,Callao,1129900,NA,NA,NA,NA,176,9,0,18921,702,0
2020-07-12,Peru,32626000,Callao,1129900,NA,NA,NA,NA,68,8,0,19080,715,0
2020-07-14,Peru,32626000,Callao,1129900,NA,NA,NA,NA,76,3,0,19243,725,0
2020-07-16,Peru,32626000,Callao,1129900,NA,NA,NA,NA,137,13,0,19444,748,0
2020-07-18,Peru,32626000,Callao,1129900,NA,NA,NA,NA,121,9,0,19694,764,0
2020-07-20,Peru,32626000,Callao,1129900,NA,NA,NA,NA,74,9,0,19868,779,0
2020-07-22,Peru,32626000,Callao,1129900,NA,NA,NA,NA,96,4,0,20062,786,0
2020-07-24,Peru,32626000,Callao,1129900,NA,NA,NA,NA,149,11,0,20333,998,0
2020-07-26,Peru,32626000,Callao,1129900,NA,NA,NA,NA,0,0,0,20333,998,0
2020-07-28,Peru,32626000,Callao,1129900,NA,NA,NA,NA,162,5,0,20841,1017,0
2020-07-30,Peru,32626000,Callao,1129900,NA,NA,NA,NA,147,6,0,21045,1026,0
2020-08-01,Peru,32626000,Callao,1129900,NA,NA,NA,NA,403,8,0,21448,1034,0
2020-08-03,Peru,32626000,Callao,1129900,NA,NA,NA,NA,102,11,0,21708,1052,0
2020-08-05,Peru,32626000,Callao,1129900,NA,NA,NA,NA,188,3,0,22131,1060,0
2020-08-07,Peru,32626000,Callao,1129900,NA,NA,NA,NA,240,13,0,22594,1080,0
2020-08-09,Peru,32626000,Callao,1129900,NA,NA,NA,NA,190,10,0,23005,1098,0
2020-08-11,Peru,32626000,Callao,1129900,NA,NA,NA,NA,182,2,0,23272,1105,0
2020-08-13,Peru,32626000,Callao,1129900,NA,NA,NA,NA,369,331,0,23945,1445,0
2020-08-15,Peru,32626000,Callao,1129900,NA,NA,NA,NA,188,12,0,24417,1463,0
2020-02-26,Peru,32626000,Cusco,1357100,NA,NA,NA,NA,NA,NA,NA,0,0,0
2020-02-28,Peru,32626000,Cusco,1357100,NA,NA,NA,NA,0,0,0,0,0,0
2020-03-01,Peru,32626000,Cusco,1357100,NA,NA,NA,NA,0,0,0,0,0,0
2020-03-03,Peru,32626000,Cusco,1357100,NA,NA,NA,NA,0,0,0,0,0,0
2020-03-05,Peru,32626000,Cusco,1357100,NA,NA,NA,NA,0,0,0,0,0,0
2020-03-07,Peru,32626000,Cusco,1357100,NA,NA,NA,NA,0,0,0,0,0,0
2020-03-09,Peru,32626000,Cusco,1357100,NA,NA,NA,NA,0,0,0,0,0,0
2020-03-11,Peru,32626000,Cusco,1357100,NA,NA,NA,NA,0,0,0,0,0,0
2020-03-13,Peru,32626000,Cusco,1357100,NA,NA,NA,NA,1,0,0,1,0,0
2020-03-15,Peru,32626000,Cusco,1357100,NA,NA,NA,NA,0,0,0,1,0,0
2020-03-17,Peru,32626000,Cusco,1357100,NA,NA,NA,NA,0,0,0,1,0,0
2020-03-19,Peru,32626000,Cusco,1357100,NA,NA,NA,NA,3,0,0,4,0,0
2020-03-21,Peru,32626000,Cusco,1357100,NA,NA,NA,NA,0,0,0,4,0,0
2020-03-23,Peru,32626000,Cusco,1357100,NA,NA,NA,NA,2,0,0,6,0,0
2020-03-25,Peru,32626000,Cusco,1357100,NA,NA,NA,NA,4,0,0,10,1,0
2020-03-27,Peru,32626000,Cusco,1357100,NA,NA,NA,NA,0,0,0,10,1,0
2020-03-29,Peru,32626000,Cusco,1357100,NA,NA,NA,NA,6,0,0,17,2,0
2020-03-31,Peru,32626000,Cusco,1357100,NA,NA,NA,NA,1,0,0,26,2,0
2020-04-02,Peru,32626000,Cusco,1357100,NA,NA,NA,NA,4,0,0,38,2,0
2020-04-04,Peru,32626000,Cusco,1357100,NA,NA,NA,NA,4,0,0,48,3,0
2020-04-06,Peru,32626000,Cusco,1357100,NA,NA,NA,NA,2,0,0,54,3,0
2020-04-08,Peru,32626000,Cusco,1357100,NA,NA,NA,NA,0,0,0,54,3,0
2020-04-10,Peru,32626000,Cusco,1357100,NA,NA,NA,NA,2,0,0,57,3,0
2020-04-12,Peru,32626000,Cusco,1357100,NA,NA,NA,NA,1,0,0,59,3,0
2020-04-14,Peru,32626000,Cusco,1357100,NA,NA,NA,NA,47,0,0,106,3,0
2020-04-16,Peru,32626000,Cusco,1357100,NA,NA,NA,NA,1,0,0,109,3,0
2020-04-18,Peru,32626000,Cusco,1357100,NA,NA,NA,NA,11,0,0,123,3,0
2020-04-20,Peru,32626000,Cusco,1357100,NA,NA,NA,NA,0,0,0,130,3,0
2020-04-22,Peru,32626000,Cusco,1357100,NA,NA,NA,NA,15,0,0,147,3,0
2020-04-24,Peru,32626000,Cusco,1357100,NA,NA,NA,NA,2,0,0,160,3,0
2020-04-26,Peru,32626000,Cusco,1357100,NA,NA,NA,NA,8,0,0,182,3,0
2020-04-28,Peru,32626000,Cusco,1357100,NA,NA,NA,NA,6,0,0,202,3,0
2020-04-30,Peru,32626000,Cusco,1357100,NA,NA,NA,NA,9,0,0,212,3,0
2020-05-02,Peru,32626000,Cusco,1357100,NA,NA,NA,NA,0,0,0,221,3,0
2020-05-04,Peru,32626000,Cusco,1357100,NA,NA,NA,NA,4,0,0,234,3,0
2020-05-06,Peru,32626000,Cusco,1357100,NA,NA,NA,NA,9,0,0,258,3,0
2020-05-08,Peru,32626000,Cusco,1357100,NA,NA,NA,NA,48,0,0,328,3,0
2020-05-10,Peru,32626000,Cusco,1357100,NA,NA,NA,NA,41,0,0,407,3,0
2020-05-12,Peru,32626000,Cusco,1357100,NA,NA,NA,NA,32,0,0,442,3,0
2020-05-14,Peru,32626000,Cusco,1357100,NA,NA,NA,NA,27,0,0,523,3,0
2020-05-16,Peru,32626000,Cusco,1357100,NA,NA,NA,NA,6,0,0,609,3,0
2020-05-18,Peru,32626000,Cusco,1357100,NA,NA,NA,NA,0,0,0,626,3,0
2020-05-20,Peru,32626000,Cusco,1357100,NA,NA,NA,NA,19,0,0,654,3,0
2020-05-22,Peru,32626000,Cusco,1357100,NA,NA,NA,NA,42,0,0,766,3,0
2020-05-24,Peru,32626000,Cusco,1357100,NA,NA,NA,NA,63,0,0,856,3,0
2020-05-26,Peru,32626000,Cusco,1357100,NA,NA,NA,NA,42,0,0,896,3,0
2020-05-28,Peru,32626000,Cusco,1357100,NA,NA,NA,NA,17,0,0,916,3,0
2020-05-30,Peru,32626000,Cusco,1357100,NA,NA,NA,NA,99,0,0,1015,3,0
2020-06-01,Peru,32626000,Cusco,1357100,NA,NA,NA,NA,41,0,0,1103,3,0
2020-06-03,Peru,32626000,Cusco,1357100,NA,NA,NA,NA,32,0,0,1157,3,0
2020-06-05,Peru,32626000,Cusco,1357100,NA,NA,NA,NA,8,0,0,1182,4,0
2020-06-07,Peru,32626000,Cusco,1357100,NA,NA,NA,NA,30,0,0,1229,4,0
2020-06-09,Peru,32626000,Cusco,1357100,NA,NA,NA,NA,14,0,0,1274,5,0
2020-06-11,Peru,32626000,Cusco,1357100,NA,NA,NA,NA,35,0,0,1344,5,0
2020-06-13,Peru,32626000,Cusco,1357100,NA,NA,NA,NA,51,1,0,1419,7,0
2020-06-15,Peru,32626000,Cusco,1357100,NA,NA,NA,NA,13,1,0,1449,10,0
2020-06-17,Peru,32626000,Cusco,1357100,NA,NA,NA,NA,11,0,0,1469,11,0
2020-06-19,Peru,32626000,Cusco,1357100,NA,NA,NA,NA,14,0,0,1508,13,0
2020-06-21,Peru,32626000,Cusco,1357100,NA,NA,NA,NA,41,0,0,1561,13,0
2020-06-23,Peru,32626000,Cusco,1357100,NA,NA,NA,NA,2,0,0,1631,13,0
2020-06-25,Peru,32626000,Cusco,1357100,NA,NA,NA,NA,24,1,0,1680,14,0
2020-06-27,Peru,32626000,Cusco,1357100,NA,NA,NA,NA,29,1,0,1727,18,0
2020-06-29,Peru,32626000,Cusco,1357100,NA,NA,NA,NA,15,1,0,1775,19,0
2020-07-01,Peru,32626000,Cusco,1357100,NA,NA,NA,NA,21,0,0,1817,19,0
2020-07-03,Peru,32626000,Cusco,1357100,NA,NA,NA,NA,34,0,0,1875,19,0
2020-07-05,Peru,32626000,Cusco,1357100,NA,NA,NA,NA,26,1,0,1932,21,0
2020-07-07,Peru,32626000,Cusco,1357100,NA,NA,NA,NA,35,0,0,2018,22,0
2020-07-09,Peru,32626000,Cusco,1357100,NA,NA,NA,NA,34,0,0,2093,23,0
2020-07-11,Peru,32626000,Cusco,1357100,NA,NA,NA,NA,73,0,0,2198,24,0
2020-07-13,Peru,32626000,Cusco,1357100,NA,NA,NA,NA,47,1,0,2313,27,0
2020-07-15,Peru,32626000,Cusco,1357100,NA,NA,NA,NA,111,2,0,2467,29,0
2020-07-17,Peru,32626000,Cusco,1357100,NA,NA,NA,NA,50,5,0,2586,35,0
2020-07-19,Peru,32626000,Cusco,1357100,NA,NA,NA,NA,140,4,0,2750,41,0
2020-07-21,Peru,32626000,Cusco,1357100,NA,NA,NA,NA,35,5,0,2839,47,0
2020-07-23,Peru,32626000,Cusco,1357100,NA,NA,NA,NA,166,16,0,3176,65,0
2020-07-25,Peru,32626000,Cusco,1357100,NA,NA,NA,NA,0,0,0,3286,66,0
2020-07-27,Peru,32626000,Cusco,1357100,NA,NA,NA,NA,522,7,0,3808,73,0
2020-07-29,Peru,32626000,Cusco,1357100,NA,NA,NA,NA,111,5,0,4034,80,0
2020-07-31,Peru,32626000,Cusco,1357100,NA,NA,NA,NA,0,0,0,4157,82,0
2020-08-02,Peru,32626000,Cusco,1357100,NA,NA,NA,NA,173,10,0,4974,106,0
2020-08-04,Peru,32626000,Cusco,1357100,NA,NA,NA,NA,128,4,0,5201,119,0
2020-08-06,Peru,32626000,Cusco,1357100,NA,NA,NA,NA,215,2,0,5735,131,0
2020-08-08,Peru,32626000,Cusco,1357100,NA,NA,NA,NA,384,6,0,6387,145,0
2020-08-10,Peru,32626000,Cusco,1357100,NA,NA,NA,NA,331,1,0,6879,152,0
2020-08-12,Peru,32626000,Cusco,1357100,NA,NA,NA,NA,434,5,0,7458,163,0
2020-08-14,Peru,32626000,Cusco,1357100,NA,NA,NA,NA,362,5,0,8192,194,0
2020-02-25,Peru,32626000,Huancavelica,365300,NA,NA,NA,NA,NA,NA,NA,0,0,0
2020-02-27,Peru,32626000,Huancavelica,365300,NA,NA,NA,NA,0,0,0,0,0,0
2020-02-29,Peru,32626000,Huancavelica,365300,NA,NA,NA,NA,0,0,0,0,0,0
2020-03-02,Peru,32626000,Huancavelica,365300,NA,NA,NA,NA,0,0,0,0,0,0
2020-03-04,Peru,32626000,Huancavelica,365300,NA,NA,NA,NA,0,0,0,0,0,0
2020-03-06,Peru,32626000,Huancavelica,365300,NA,NA,NA,NA,0,0,0,0,0,0
2020-03-08,Peru,32626000,Huancavelica,365300,NA,NA,NA,NA,0,0,0,0,0,0
2020-03-10,Peru,32626000,Huancavelica,365300,NA,NA,NA,NA,0,0,0,0,0,0
2020-03-12,Peru,32626000,Huancavelica,365300,NA,NA,NA,NA,0,0,0,0,0,0
2020-03-14,Peru,32626000,Huancavelica,365300,NA,NA,NA,NA,0,0,0,0,0,0
2020-03-16,Peru,32626000,Huancavelica,365300,NA,NA,NA,NA,0,0,0,0,0,0
2020-03-18,Peru,32626000,Huancavelica,365300,NA,NA,NA,NA,0,0,0,0,0,0
2020-03-20,Peru,32626000,Huancavelica,365300,NA,NA,NA,NA,0,0,0,0,0,0
2020-03-22,Peru,32626000,Huancavelica,365300,NA,NA,NA,NA,0,0,0,0,0,0
2020-03-24,Peru,32626000,Huancavelica,365300,NA,NA,NA,NA,0,0,0,0,0,0
2020-03-26,Peru,32626000,Huancavelica,365300,NA,NA,NA,NA,0,0,0,0,0,0
2020-03-28,Peru,32626000,Huancavelica,365300,NA,NA,NA,NA,0,0,0,0,0,0
2020-03-30,Peru,32626000,Huancavelica,365300,NA,NA,NA,NA,0,0,0,0,0,0
2020-04-01,Peru,32626000,Huancavelica,365300,NA,NA,NA,NA,1,0,0,1,0,0
2020-04-03,Peru,32626000,Huancavelica,365300,NA,NA,NA,NA,0,0,0,1,0,0
2020-04-05,Peru,32626000,Huancavelica,365300,NA,NA,NA,NA,0,1,0,1,1,0
2020-04-07,Peru,32626000,Huancavelica,365300,NA,NA,NA,NA,5,0,0,7,1,0
2020-04-09,Peru,32626000,Huancavelica,365300,NA,NA,NA,NA,0,0,0,7,1,0
2020-04-11,Peru,32626000,Huancavelica,365300,NA,NA,NA,NA,0,0,0,7,1,0
2020-04-13,Peru,32626000,Huancavelica,365300,NA,NA,NA,NA,1,0,0,10,1,0
2020-04-15,Peru,32626000,Huancavelica,365300,NA,NA,NA,NA,1,0,0,11,1,0
2020-04-17,Peru,32626000,Huancavelica,365300,NA,NA,NA,NA,6,0,0,17,1,0
2020-04-19,Peru,32626000,Huancavelica,365300,NA,NA,NA,NA,2,0,0,20,1,0
2020-04-21,Peru,32626000,Huancavelica,365300,NA,NA,NA,NA,0,0,0,16,1,0
2020-04-23,Peru,32626000,Huancavelica,365300,NA,NA,NA,NA,2,0,0,21,1,0
2020-04-25,Peru,32626000,Huancavelica,365300,NA,NA,NA,NA,10,0,0,33,1,0
2020-04-27,Peru,32626000,Huancavelica,365300,NA,NA,NA,NA,8,0,0,48,1,0
2020-04-29,Peru,32626000,Huancavelica,365300,NA,NA,NA,NA,18,0,0,75,1,0
2020-05-01,Peru,32626000,Huancavelica,365300,NA,NA,NA,NA,21,0,0,109,1,0
2020-05-03,Peru,32626000,Huancavelica,365300,NA,NA,NA,NA,53,0,0,186,1,0
2020-05-05,Peru,32626000,Huancavelica,365300,NA,NA,NA,NA,4,0,0,203,1,0
2020-05-07,Peru,32626000,Huancavelica,365300,NA,NA,NA,NA,0,0,0,176,1,0
2020-05-09,Peru,32626000,Huancavelica,365300,NA,NA,NA,NA,7,0,0,185,1,0
2020-05-11,Peru,32626000,Huancavelica,365300,NA,NA,NA,NA,7,0,0,200,1,0
2020-05-13,Peru,32626000,Huancavelica,365300,NA,NA,NA,NA,11,0,0,214,1,0
2020-05-15,Peru,32626000,Huancavelica,365300,NA,NA,NA,NA,11,0,0,225,1,0
2020-05-17,Peru,32626000,Huancavelica,365300,NA,NA,NA,NA,5,0,0,234,1,0
2020-05-19,Peru,32626000,Huancavelica,365300,NA,NA,NA,NA,3,0,0,245,1,0
2020-05-21,Peru,32626000,Huancavelica,365300,NA,NA,NA,NA,17,0,0,277,1,0
2020-05-23,Peru,32626000,Huancavelica,365300,NA,NA,NA,NA,17,0,0,306,1,0
2020-05-25,Peru,32626000,Huancavelica,365300,NA,NA,NA,NA,15,0,0,360,1,0
2020-05-27,Peru,32626000,Huancavelica,365300,NA,NA,NA,NA,19,0,0,379,1,0
2020-05-29,Peru,32626000,Huancavelica,365300,NA,NA,NA,NA,24,0,0,407,1,0
2020-05-31,Peru,32626000,Huancavelica,365300,NA,NA,NA,NA,6,0,0,436,1,0
2020-06-02,Peru,32626000,Huancavelica,365300,NA,NA,NA,NA,6,0,0,455,1,0
2020-06-04,Peru,32626000,Huancavelica,365300,NA,NA,NA,NA,22,1,0,487,2,0
2020-06-06,Peru,32626000,Huancavelica,365300,NA,NA,NA,NA,9,0,0,516,2,0
2020-06-08,Peru,32626000,Huancavelica,365300,NA,NA,NA,NA,41,0,0,569,4,0
2020-06-10,Peru,32626000,Huancavelica,365300,NA,NA,NA,NA,23,0,0,602,5,0
2020-06-12,Peru,32626000,Huancavelica,365300,NA,NA,NA,NA,23,0,0,635,5,0
2020-06-14,Peru,32626000,Huancavelica,365300,NA,NA,NA,NA,5,1,0,659,6,0
2020-06-16,Peru,32626000,Huancavelica,365300,NA,NA,NA,NA,16,1,0,679,7,0
2020-06-18,Peru,32626000,Huancavelica,365300,NA,NA,NA,NA,2,0,0,753,9,0
2020-06-20,Peru,32626000,Huancavelica,365300,NA,NA,NA,NA,43,0,0,799,9,0
2020-06-22,Peru,32626000,Huancavelica,365300,NA,NA,NA,NA,9,0,0,819,9,0
2020-06-24,Peru,32626000,Huancavelica,365300,NA,NA,NA,NA,11,1,0,833,10,0
2020-06-26,Peru,32626000,Huancavelica,365300,NA,NA,NA,NA,13,1,0,860,11,0
2020-06-28,Peru,32626000,Huancavelica,365300,NA,NA,NA,NA,12,0,0,881,11,0
2020-06-30,Peru,32626000,Huancavelica,365300,NA,NA,NA,NA,12,0,0,902,11,0
2020-07-02,Peru,32626000,Huancavelica,365300,NA,NA,NA,NA,14,0,0,927,12,0
2020-07-04,Peru,32626000,Huancavelica,365300,NA,NA,NA,NA,10,0,0,950,13,0
2020-07-06,Peru,32626000,Huancavelica,365300,NA,NA,NA,NA,17,1,0,975,16,0
2020-07-08,Peru,32626000,Huancavelica,365300,NA,NA,NA,NA,22,1,0,1023,19,0
2020-07-10,Peru,32626000,Huancavelica,365300,NA,NA,NA,NA,8,2,0,1057,24,0
2020-07-12,Peru,32626000,Huancavelica,365300,NA,NA,NA,NA,15,0,0,1082,24,0
2020-07-14,Peru,32626000,Huancavelica,365300,NA,NA,NA,NA,26,0,0,1135,24,0
2020-07-16,Peru,32626000,Huancavelica,365300,NA,NA,NA,NA,7,0,0,1161,24,0
2020-07-18,Peru,32626000,Huancavelica,365300,NA,NA,NA,NA,46,1,0,1222,27,0
2020-07-20,Peru,32626000,Huancavelica,365300,NA,NA,NA,NA,17,1,0,1253,28,0
2020-07-22,Peru,32626000,Huancavelica,365300,NA,NA,NA,NA,4,2,0,1316,30,0
2020-07-24,Peru,32626000,Huancavelica,365300,NA,NA,NA,NA,48,2,0,1399,33,0
2020-07-26,Peru,32626000,Huancavelica,365300,NA,NA,NA,NA,0,0,0,1399,33,0
2020-07-28,Peru,32626000,Huancavelica,365300,NA,NA,NA,NA,18,0,0,1513,37,0
2020-07-30,Peru,32626000,Huancavelica,365300,NA,NA,NA,NA,67,1,0,1618,38,0
2020-08-01,Peru,32626000,Huancavelica,365300,NA,NA,NA,NA,139,0,0,1757,38,0
2020-08-03,Peru,32626000,Huancavelica,365300,NA,NA,NA,NA,47,1,0,1895,39,0
2020-08-05,Peru,32626000,Huancavelica,365300,NA,NA,NA,NA,82,0,0,2003,39,0
2020-08-07,Peru,32626000,Huancavelica,365300,NA,NA,NA,NA,82,2,0,2148,41,0
2020-08-09,Peru,32626000,Huancavelica,365300,NA,NA,NA,NA,114,2,0,2359,43,0
2020-08-11,Peru,32626000,Huancavelica,365300,NA,NA,NA,NA,63,5,0,2499,49,0
2020-08-13,Peru,32626000,Huancavelica,365300,NA,NA,NA,NA,161,2,0,2775,52,0
2020-08-15,Peru,32626000,Huancavelica,365300,NA,NA,NA,NA,151,2,0,3035,59,0
2020-02-26,Peru,32626000,Huanuco,760300,NA,NA,NA,NA,NA,NA,NA,0,0,0
2020-02-28,Peru,32626000,Huanuco,760300,NA,NA,NA,NA,0,0,0,0,0,0
2020-03-01,Peru,32626000,Huanuco,760300,NA,NA,NA,NA,0,0,0,0,0,0
2020-03-03,Peru,32626000,Huanuco,760300,NA,NA,NA,NA,0,0,0,0,0,0
2020-03-05,Peru,32626000,Huanuco,760300,NA,NA,NA,NA,0,0,0,0,0,0
2020-03-07,Peru,32626000,Huanuco,760300,NA,NA,NA,NA,0,0,0,0,0,0
2020-03-09,Peru,32626000,Huanuco,760300,NA,NA,NA,NA,0,0,0,0,0,0
2020-03-11,Peru,32626000,Huanuco,760300,NA,NA,NA,NA,0,0,0,2,0,0
2020-03-13,Peru,32626000,Huanuco,760300,NA,NA,NA,NA,0,0,0,2,0,0
2020-03-15,Peru,32626000,Huanuco,760300,NA,NA,NA,NA,0,0,0,2,0,0
2020-03-17,Peru,32626000,Huanuco,760300,NA,NA,NA,NA,0,0,0,2,0,0
2020-03-19,Peru,32626000,Huanuco,760300,NA,NA,NA,NA,0,0,0,2,0,0
2020-03-21,Peru,32626000,Huanuco,760300,NA,NA,NA,NA,0,0,0,2,0,0
2020-03-23,Peru,32626000,Huanuco,760300,NA,NA,NA,NA,0,0,0,2,0,0
2020-03-25,Peru,32626000,Huanuco,760300,NA,NA,NA,NA,0,0,0,2,0,0
2020-03-27,Peru,32626000,Huanuco,760300,NA,NA,NA,NA,2,0,0,4,0,0
2020-03-29,Peru,32626000,Huanuco,760300,NA,NA,NA,NA,0,0,0,4,0,0
2020-03-31,Peru,32626000,Huanuco,760300,NA,NA,NA,NA,2,0,0,6,0,0
2020-04-02,Peru,32626000,Huanuco,760300,NA,NA,NA,NA,0,0,0,6,0,0
2020-04-04,Peru,32626000,Huanuco,760300,NA,NA,NA,NA,0,0,0,6,0,0
2020-04-06,Peru,32626000,Huanuco,760300,NA,NA,NA,NA,0,0,0,6,0,0
2020-04-08,Peru,32626000,Huanuco,760300,NA,NA,NA,NA,1,0,0,7,0,0
2020-04-10,Peru,32626000,Huanuco,760300,NA,NA,NA,NA,0,0,0,9,0,0
2020-04-12,Peru,32626000,Huanuco,760300,NA,NA,NA,NA,1,0,0,10,0,0
2020-04-14,Peru,32626000,Huanuco,760300,NA,NA,NA,NA,0,0,0,15,0,0
2020-04-16,Peru,32626000,Huanuco,760300,NA,NA,NA,NA,3,0,0,42,0,0
2020-04-18,Peru,32626000,Huanuco,760300,NA,NA,NA,NA,19,0,0,64,0,0
2020-04-20,Peru,32626000,Huanuco,760300,NA,NA,NA,NA,0,0,0,83,0,0
2020-04-22,Peru,32626000,Huanuco,760300,NA,NA,NA,NA,23,0,0,114,0,0
2020-04-24,Peru,32626000,Huanuco,760300,NA,NA,NA,NA,0,1,0,116,1,0
2020-04-26,Peru,32626000,Huanuco,760300,NA,NA,NA,NA,7,0,0,167,1,0
2020-04-28,Peru,32626000,Huanuco,760300,NA,NA,NA,NA,1,0,0,168,1,0
2020-04-30,Peru,32626000,Huanuco,760300,NA,NA,NA,NA,20,0,0,189,1,0
2020-05-02,Peru,32626000,Huanuco,760300,NA,NA,NA,NA,27,0,0,233,1,0
2020-05-04,Peru,32626000,Huanuco,760300,NA,NA,NA,NA,0,0,0,248,1,0
2020-05-06,Peru,32626000,Huanuco,760300,NA,NA,NA,NA,4,5,0,259,7,0
2020-05-08,Peru,32626000,Huanuco,760300,NA,NA,NA,NA,30,0,0,323,7,0
2020-05-10,Peru,32626000,Huanuco,760300,NA,NA,NA,NA,2,0,0,333,7,0
2020-05-12,Peru,32626000,Huanuco,760300,NA,NA,NA,NA,6,0,0,341,7,0
2020-05-14,Peru,32626000,Huanuco,760300,NA,NA,NA,NA,16,0,0,375,7,0
2020-05-16,Peru,32626000,Huanuco,760300,NA,NA,NA,NA,57,0,0,470,7,0
2020-05-18,Peru,32626000,Huanuco,760300,NA,NA,NA,NA,9,0,0,504,7,0
2020-05-20,Peru,32626000,Huanuco,760300,NA,NA,NA,NA,19,0,0,539,7,0
2020-05-22,Peru,32626000,Huanuco,760300,NA,NA,NA,NA,41,0,0,607,7,0
2020-05-24,Peru,32626000,Huanuco,760300,NA,NA,NA,NA,47,0,0,676,7,0
2020-05-26,Peru,32626000,Huanuco,760300,NA,NA,NA,NA,24,0,0,716,7,0
2020-05-28,Peru,32626000,Huanuco,760300,NA,NA,NA,NA,39,2,0,780,9,0
2020-05-30,Peru,32626000,Huanuco,760300,NA,NA,NA,NA,37,0,0,848,10,0
2020-06-01,Peru,32626000,Huanuco,760300,NA,NA,NA,NA,94,1,0,979,13,0
2020-06-03,Peru,32626000,Huanuco,760300,NA,NA,NA,NA,26,0,0,1013,13,0
2020-06-05,Peru,32626000,Huanuco,760300,NA,NA,NA,NA,52,0,0,1120,13,0
2020-06-07,Peru,32626000,Huanuco,760300,NA,NA,NA,NA,22,2,0,1176,16,0
2020-06-09,Peru,32626000,Huanuco,760300,NA,NA,NA,NA,32,0,0,1215,18,0
2020-06-11,Peru,32626000,Huanuco,760300,NA,NA,NA,NA,33,3,0,1287,22,0
2020-06-13,Peru,32626000,Huanuco,760300,NA,NA,NA,NA,70,3,0,1433,27,0
2020-06-15,Peru,32626000,Huanuco,760300,NA,NA,NA,NA,33,2,0,1527,30,0
2020-06-17,Peru,32626000,Huanuco,760300,NA,NA,NA,NA,21,4,0,1614,35,0
2020-06-19,Peru,32626000,Huanuco,760300,NA,NA,NA,NA,61,2,0,1718,38,0
2020-06-21,Peru,32626000,Huanuco,760300,NA,NA,NA,NA,48,0,0,1818,40,0
2020-06-23,Peru,32626000,Huanuco,760300,NA,NA,NA,NA,24,3,0,1914,46,0
2020-06-25,Peru,32626000,Huanuco,760300,NA,NA,NA,NA,41,3,0,1998,50,0
2020-06-27,Peru,32626000,Huanuco,760300,NA,NA,NA,NA,39,4,0,2128,56,0
2020-06-29,Peru,32626000,Huanuco,760300,NA,NA,NA,NA,84,1,0,2299,58,0
2020-07-01,Peru,32626000,Huanuco,760300,NA,NA,NA,NA,103,0,0,2466,64,0
2020-07-03,Peru,32626000,Huanuco,760300,NA,NA,NA,NA,68,3,0,2628,72,0
2020-07-05,Peru,32626000,Huanuco,760300,NA,NA,NA,NA,207,5,0,2900,80,0
2020-07-07,Peru,32626000,Huanuco,760300,NA,NA,NA,NA,120,3,0,3072,86,0
2020-07-09,Peru,32626000,Huanuco,760300,NA,NA,NA,NA,89,2,0,3361,91,0
2020-07-11,Peru,32626000,Huanuco,760300,NA,NA,NA,NA,67,3,0,3560,96,0
2020-07-13,Peru,32626000,Huanuco,760300,NA,NA,NA,NA,230,8,0,3966,106,0
2020-07-15,Peru,32626000,Huanuco,760300,NA,NA,NA,NA,179,5,0,4307,117,0
2020-07-17,Peru,32626000,Huanuco,760300,NA,NA,NA,NA,95,5,0,4500,127,0
2020-07-19,Peru,32626000,Huanuco,760300,NA,NA,NA,NA,149,4,0,4806,134,0
2020-07-21,Peru,32626000,Huanuco,760300,NA,NA,NA,NA,152,2,0,5108,138,0
2020-07-23,Peru,32626000,Huanuco,760300,NA,NA,NA,NA,59,34,0,5279,177,0
2020-07-25,Peru,32626000,Huanuco,760300,NA,NA,NA,NA,0,0,0,5390,182,0
2020-07-27,Peru,32626000,Huanuco,760300,NA,NA,NA,NA,328,9,0,5718,191,0
2020-07-29,Peru,32626000,Huanuco,760300,NA,NA,NA,NA,213,0,0,5969,191,0
2020-07-31,Peru,32626000,Huanuco,760300,NA,NA,NA,NA,0,0,0,6092,192,0
2020-08-02,Peru,32626000,Huanuco,760300,NA,NA,NA,NA,330,2,0,6756,197,0
2020-08-04,Peru,32626000,Huanuco,760300,NA,NA,NA,NA,203,7,0,7084,205,0
2020-08-06,Peru,32626000,Huanuco,760300,NA,NA,NA,NA,169,1,0,7423,211,0
2020-08-08,Peru,32626000,Huanuco,760300,NA,NA,NA,NA,208,6,0,7861,219,0
2020-08-10,Peru,32626000,Huanuco,760300,NA,NA,NA,NA,150,2,0,8190,224,0
2020-08-12,Peru,32626000,Huanuco,760300,NA,NA,NA,NA,228,0,0,8557,227,0
2020-08-14,Peru,32626000,Huanuco,760300,NA,NA,NA,NA,188,1,0,8904,285,0
2020-02-25,Peru,32626000,Ica,975200,NA,NA,NA,NA,NA,NA,NA,0,0,0
2020-02-27,Peru,32626000,Ica,975200,NA,NA,NA,NA,0,0,0,0,0,0
2020-02-29,Peru,32626000,Ica,975200,NA,NA,NA,NA,0,0,0,0,0,0
2020-03-02,Peru,32626000,Ica,975200,NA,NA,NA,NA,0,0,0,0,0,0
2020-03-04,Peru,32626000,Ica,975200,NA,NA,NA,NA,0,0,0,0,0,0
2020-03-06,Peru,32626000,Ica,975200,NA,NA,NA,NA,0,0,0,0,0,0
2020-03-08,Peru,32626000,Ica,975200,NA,NA,NA,NA,0,0,0,0,0,0
2020-03-10,Peru,32626000,Ica,975200,NA,NA,NA,NA,0,0,0,0,0,0
2020-03-12,Peru,32626000,Ica,975200,NA,NA,NA,NA,0,0,0,1,0,0
2020-03-14,Peru,32626000,Ica,975200,NA,NA,NA,NA,0,0,0,1,0,0
2020-03-16,Peru,32626000,Ica,975200,NA,NA,NA,NA,0,0,0,1,0,0
2020-03-18,Peru,32626000,Ica,975200,NA,NA,NA,NA,0,0,0,1,0,0
2020-03-20,Peru,32626000,Ica,975200,NA,NA,NA,NA,0,0,0,1,0,0
2020-03-22,Peru,32626000,Ica,975200,NA,NA,NA,NA,0,0,0,1,0,0
2020-03-24,Peru,32626000,Ica,975200,NA,NA,NA,NA,0,0,0,2,0,0
2020-03-26,Peru,32626000,Ica,975200,NA,NA,NA,NA,1,0,0,3,0,0
2020-03-28,Peru,32626000,Ica,975200,NA,NA,NA,NA,1,0,0,4,0,0
2020-03-30,Peru,32626000,Ica,975200,NA,NA,NA,NA,0,0,0,5,0,0
2020-04-01,Peru,32626000,Ica,975200,NA,NA,NA,NA,3,0,0,8,0,0
2020-04-03,Peru,32626000,Ica,975200,NA,NA,NA,NA,0,0,0,8,0,0
2020-04-05,Peru,32626000,Ica,975200,NA,NA,NA,NA,5,0,0,14,1,0
2020-04-07,Peru,32626000,Ica,975200,NA,NA,NA,NA,6,1,0,24,2,0
2020-04-09,Peru,32626000,Ica,975200,NA,NA,NA,NA,6,0,0,34,2,0
2020-04-11,Peru,32626000,Ica,975200,NA,NA,NA,NA,10,0,0,47,2,0
2020-04-13,Peru,32626000,Ica,975200,NA,NA,NA,NA,0,0,0,58,2,0
2020-04-15,Peru,32626000,Ica,975200,NA,NA,NA,NA,25,0,0,101,2,0
2020-04-17,Peru,32626000,Ica,975200,NA,NA,NA,NA,13,0,0,119,2,0
2020-04-19,Peru,32626000,Ica,975200,NA,NA,NA,NA,17,0,0,141,6,0
2020-04-21,Peru,32626000,Ica,975200,NA,NA,NA,NA,50,0,0,195,6,0
2020-04-23,Peru,32626000,Ica,975200,NA,NA,NA,NA,35,0,0,248,6,0
2020-04-25,Peru,32626000,Ica,975200,NA,NA,NA,NA,10,0,0,268,6,0
2020-04-27,Peru,32626000,Ica,975200,NA,NA,NA,NA,55,0,0,339,6,0
2020-04-29,Peru,32626000,Ica,975200,NA,NA,NA,NA,48,0,0,401,28,0
2020-05-01,Peru,32626000,Ica,975200,NA,NA,NA,NA,30,13,0,580,41,0
2020-05-03,Peru,32626000,Ica,975200,NA,NA,NA,NA,92,0,0,676,41,0
2020-05-05,Peru,32626000,Ica,975200,NA,NA,NA,NA,10,0,0,698,41,0
2020-05-07,Peru,32626000,Ica,975200,NA,NA,NA,NA,152,0,0,860,41,0
2020-05-09,Peru,32626000,Ica,975200,NA,NA,NA,NA,46,0,0,930,41,0
2020-05-11,Peru,32626000,Ica,975200,NA,NA,NA,NA,16,17,0,1019,58,0
2020-05-13,Peru,32626000,Ica,975200,NA,NA,NA,NA,100,0,0,1232,82,0
2020-05-15,Peru,32626000,Ica,975200,NA,NA,NA,NA,77,0,0,1346,95,0
2020-05-17,Peru,32626000,Ica,975200,NA,NA,NA,NA,65,0,0,1477,95,0
2020-05-19,Peru,32626000,Ica,975200,NA,NA,NA,NA,129,0,0,1669,102,0
2020-05-21,Peru,32626000,Ica,975200,NA,NA,NA,NA,136,0,0,1905,124,0
2020-05-23,Peru,32626000,Ica,975200,NA,NA,NA,NA,0,14,0,1863,151,0
2020-05-25,Peru,32626000,Ica,975200,NA,NA,NA,NA,0,30,0,2119,199,0
2020-05-27,Peru,32626000,Ica,975200,NA,NA,NA,NA,113,20,0,2476,219,0
2020-05-29,Peru,32626000,Ica,975200,NA,NA,NA,NA,29,6,0,2691,228,0
2020-05-31,Peru,32626000,Ica,975200,NA,NA,NA,NA,545,5,0,3334,244,0
2020-06-02,Peru,32626000,Ica,975200,NA,NA,NA,NA,86,6,0,3536,258,0
2020-06-04,Peru,32626000,Ica,975200,NA,NA,NA,NA,68,11,0,3919,272,0
2020-06-06,Peru,32626000,Ica,975200,NA,NA,NA,NA,167,4,0,4187,281,0
2020-06-08,Peru,32626000,Ica,975200,NA,NA,NA,NA,45,2,0,4375,292,0
2020-06-10,Peru,32626000,Ica,975200,NA,NA,NA,NA,183,8,0,4713,306,0
2020-06-12,Peru,32626000,Ica,975200,NA,NA,NA,NA,208,11,0,5101,328,0
2020-06-14,Peru,32626000,Ica,975200,NA,NA,NA,NA,111,11,0,5456,346,0
2020-06-16,Peru,32626000,Ica,975200,NA,NA,NA,NA,119,3,0,5653,356,0
2020-06-18,Peru,32626000,Ica,975200,NA,NA,NA,NA,120,11,0,5865,383,0
2020-06-20,Peru,32626000,Ica,975200,NA,NA,NA,NA,80,7,0,6048,398,0
2020-06-22,Peru,32626000,Ica,975200,NA,NA,NA,NA,77,16,0,6253,425,0
2020-06-24,Peru,32626000,Ica,975200,NA,NA,NA,NA,188,3,0,6585,433,0
2020-06-26,Peru,32626000,Ica,975200,NA,NA,NA,NA,128,7,0,6851,449,0
2020-06-28,Peru,32626000,Ica,975200,NA,NA,NA,NA,140,8,0,7121,464,0
2020-06-30,Peru,32626000,Ica,975200,NA,NA,NA,NA,181,6,0,7588,476,0
2020-07-02,Peru,32626000,Ica,975200,NA,NA,NA,NA,123,11,0,7850,497,0
2020-07-04,Peru,32626000,Ica,975200,NA,NA,NA,NA,123,11,0,8195,513,0
2020-07-06,Peru,32626000,Ica,975200,NA,NA,NA,NA,193,9,0,8507,536,0
2020-07-08,Peru,32626000,Ica,975200,NA,NA,NA,NA,79,14,0,8783,561,0
2020-07-10,Peru,32626000,Ica,975200,NA,NA,NA,NA,143,12,0,9140,580,0
2020-07-12,Peru,32626000,Ica,975200,NA,NA,NA,NA,89,15,0,9294,609,0
2020-07-14,Peru,32626000,Ica,975200,NA,NA,NA,NA,201,10,0,9587,631,0
2020-07-16,Peru,32626000,Ica,975200,NA,NA,NA,NA,65,8,0,9739,652,0
2020-07-18,Peru,32626000,Ica,975200,NA,NA,NA,NA,150,11,0,9945,673,0
2020-07-20,Peru,32626000,Ica,975200,NA,NA,NA,NA,80,9,0,10060,687,0
2020-07-22,Peru,32626000,Ica,975200,NA,NA,NA,NA,90,8,0,10313,704,0
2020-07-24,Peru,32626000,Ica,975200,NA,NA,NA,NA,135,10,0,10572,774,0
2020-07-26,Peru,32626000,Ica,975200,NA,NA,NA,NA,0,0,0,10572,774,0
2020-07-28,Peru,32626000,Ica,975200,NA,NA,NA,NA,165,10,0,11092,798,0
2020-07-30,Peru,32626000,Ica,975200,NA,NA,NA,NA,672,9,0,12213,813,0
2020-08-01,Peru,32626000,Ica,975200,NA,NA,NA,NA,498,43,0,12711,856,0
2020-08-03,Peru,32626000,Ica,975200,NA,NA,NA,NA,261,11,0,13349,877,0
2020-08-05,Peru,32626000,Ica,975200,NA,NA,NA,NA,279,11,0,13894,929,0
2020-08-07,Peru,32626000,Ica,975200,NA,NA,NA,NA,257,10,0,14406,951,0
2020-08-09,Peru,32626000,Ica,975200,NA,NA,NA,NA,144,7,0,14797,983,0
2020-08-11,Peru,32626000,Ica,975200,NA,NA,NA,NA,340,11,0,15246,1000,0
2020-08-13,Peru,32626000,Ica,975200,NA,NA,NA,NA,329,341,0,15857,1347,0
2020-08-15,Peru,32626000,Ica,975200,NA,NA,NA,NA,317,5,0,16467,1353,0
2020-02-26,Peru,32626000,Junin,1361500,NA,NA,NA,NA,NA,NA,NA,0,0,0
2020-02-28,Peru,32626000,Junin,1361500,NA,NA,NA,NA,0,0,0,0,0,0
2020-03-01,Peru,32626000,Junin,1361500,NA,NA,NA,NA,0,0,0,0,0,0
2020-03-03,Peru,32626000,Junin,1361500,NA,NA,NA,NA,0,0,0,0,0,0
2020-03-05,Peru,32626000,Junin,1361500,NA,NA,NA,NA,0,0,0,0,0,0
2020-03-07,Peru,32626000,Junin,1361500,NA,NA,NA,NA,0,0,0,0,0,0
2020-03-09,Peru,32626000,Junin,1361500,NA,NA,NA,NA,0,0,0,0,0,0
2020-03-11,Peru,32626000,Junin,1361500,NA,NA,NA,NA,0,0,0,0,0,0
2020-03-13,Peru,32626000,Junin,1361500,NA,NA,NA,NA,0,0,0,0,0,0
2020-03-15,Peru,32626000,Junin,1361500,NA,NA,NA,NA,0,0,0,0,0,0
2020-03-17,Peru,32626000,Junin,1361500,NA,NA,NA,NA,0,0,0,0,0,0
2020-03-19,Peru,32626000,Junin,1361500,NA,NA,NA,NA,0,0,0,0,0,0
2020-03-21,Peru,32626000,Junin,1361500,NA,NA,NA,NA,1,0,0,10,0,0
2020-03-23,Peru,32626000,Junin,1361500,NA,NA,NA,NA,0,0,0,10,0,0
2020-03-25,Peru,32626000,Junin,1361500,NA,NA,NA,NA,1,0,0,11,0,0
2020-03-27,Peru,32626000,Junin,1361500,NA,NA,NA,NA,1,0,0,12,0,0
2020-03-29,Peru,32626000,Junin,1361500,NA,NA,NA,NA,1,0,0,13,0,0
2020-03-31,Peru,32626000,Junin,1361500,NA,NA,NA,NA,4,0,0,17,0,0
2020-04-02,Peru,32626000,Junin,1361500,NA,NA,NA,NA,0,1,0,17,1,0
2020-04-04,Peru,32626000,Junin,1361500,NA,NA,NA,NA,6,0,0,25,1,0
2020-04-06,Peru,32626000,Junin,1361500,NA,NA,NA,NA,3,0,0,28,1,0
2020-04-08,Peru,32626000,Junin,1361500,NA,NA,NA,NA,14,2,0,42,3,0
2020-04-10,Peru,32626000,Junin,1361500,NA,NA,NA,NA,14,0,0,56,1,0
2020-04-12,Peru,32626000,Junin,1361500,NA,NA,NA,NA,6,0,0,64,1,0
2020-04-14,Peru,32626000,Junin,1361500,NA,NA,NA,NA,0,0,0,68,1,0
2020-04-16,Peru,32626000,Junin,1361500,NA,NA,NA,NA,0,0,0,79,1,0
2020-04-18,Peru,32626000,Junin,1361500,NA,NA,NA,NA,29,0,0,130,1,0
2020-04-20,Peru,32626000,Junin,1361500,NA,NA,NA,NA,5,0,0,155,1,0
2020-04-22,Peru,32626000,Junin,1361500,NA,NA,NA,NA,29,0,0,207,1,0
2020-04-24,Peru,32626000,Junin,1361500,NA,NA,NA,NA,13,3,0,219,4,0
2020-04-26,Peru,32626000,Junin,1361500,NA,NA,NA,NA,27,0,0,284,4,0
2020-04-28,Peru,32626000,Junin,1361500,NA,NA,NA,NA,41,0,0,331,4,0
2020-04-30,Peru,32626000,Junin,1361500,NA,NA,NA,NA,21,0,0,394,4,0
2020-05-02,Peru,32626000,Junin,1361500,NA,NA,NA,NA,15,3,0,451,7,0
2020-05-04,Peru,32626000,Junin,1361500,NA,NA,NA,NA,18,0,0,524,7,0
2020-05-06,Peru,32626000,Junin,1361500,NA,NA,NA,NA,45,7,0,632,14,0
2020-05-08,Peru,32626000,Junin,1361500,NA,NA,NA,NA,34,0,0,689,14,0
2020-05-10,Peru,32626000,Junin,1361500,NA,NA,NA,NA,34,0,0,798,14,0
2020-05-12,Peru,32626000,Junin,1361500,NA,NA,NA,NA,16,0,0,855,14,0
2020-05-14,Peru,32626000,Junin,1361500,NA,NA,NA,NA,64,0,0,954,14,0
2020-05-16,Peru,32626000,Junin,1361500,NA,NA,NA,NA,33,0,0,1046,14,0
2020-05-18,Peru,32626000,Junin,1361500,NA,NA,NA,NA,51,0,0,1149,14,0
2020-05-20,Peru,32626000,Junin,1361500,NA,NA,NA,NA,57,0,0,1223,14,0
2020-05-22,Peru,32626000,Junin,1361500,NA,NA,NA,NA,47,0,0,1336,14,0
2020-05-24,Peru,32626000,Junin,1361500,NA,NA,NA,NA,63,0,0,1438,14,0
2020-05-26,Peru,32626000,Junin,1361500,NA,NA,NA,NA,51,0,0,1521,14,0
2020-05-28,Peru,32626000,Junin,1361500,NA,NA,NA,NA,97,2,0,1675,16,0
2020-05-30,Peru,32626000,Junin,1361500,NA,NA,NA,NA,61,2,0,1816,19,0
2020-06-01,Peru,32626000,Junin,1361500,NA,NA,NA,NA,48,0,0,1896,19,0
2020-06-03,Peru,32626000,Junin,1361500,NA,NA,NA,NA,56,0,0,2007,20,0
2020-06-05,Peru,32626000,Junin,1361500,NA,NA,NA,NA,4,1,0,2093,21,0
2020-06-07,Peru,32626000,Junin,1361500,NA,NA,NA,NA,44,2,0,2158,24,0
2020-06-09,Peru,32626000,Junin,1361500,NA,NA,NA,NA,55,3,0,2249,28,0
2020-06-11,Peru,32626000,Junin,1361500,NA,NA,NA,NA,95,5,0,2393,34,0
2020-06-13,Peru,32626000,Junin,1361500,NA,NA,NA,NA,62,0,0,2545,37,0
2020-06-15,Peru,32626000,Junin,1361500,NA,NA,NA,NA,54,3,0,2680,46,0
2020-06-17,Peru,32626000,Junin,1361500,NA,NA,NA,NA,45,4,0,2771,50,0
2020-06-19,Peru,32626000,Junin,1361500,NA,NA,NA,NA,75,33,0,2944,85,0
2020-06-21,Peru,32626000,Junin,1361500,NA,NA,NA,NA,117,1,0,3117,107,0
2020-06-23,Peru,32626000,Junin,1361500,NA,NA,NA,NA,174,4,0,3330,112,0
2020-06-25,Peru,32626000,Junin,1361500,NA,NA,NA,NA,67,4,0,3470,120,0
2020-06-27,Peru,32626000,Junin,1361500,NA,NA,NA,NA,75,4,0,3633,128,0
2020-06-29,Peru,32626000,Junin,1361500,NA,NA,NA,NA,100,2,0,3821,135,0
2020-07-01,Peru,32626000,Junin,1361500,NA,NA,NA,NA,67,2,0,3996,140,0
2020-07-03,Peru,32626000,Junin,1361500,NA,NA,NA,NA,69,4,0,4127,150,0
2020-07-05,Peru,32626000,Junin,1361500,NA,NA,NA,NA,76,6,0,4292,162,0
2020-07-07,Peru,32626000,Junin,1361500,NA,NA,NA,NA,117,12,0,4580,179,0
2020-07-09,Peru,32626000,Junin,1361500,NA,NA,NA,NA,96,2,0,4821,191,0
2020-07-11,Peru,32626000,Junin,1361500,NA,NA,NA,NA,64,6,0,4954,204,0
2020-07-13,Peru,32626000,Junin,1361500,NA,NA,NA,NA,183,8,0,5326,221,0
2020-07-15,Peru,32626000,Junin,1361500,NA,NA,NA,NA,131,12,0,5524,241,0
2020-07-17,Peru,32626000,Junin,1361500,NA,NA,NA,NA,123,11,0,5707,260,0
2020-07-19,Peru,32626000,Junin,1361500,NA,NA,NA,NA,103,11,0,5875,285,0
2020-07-21,Peru,32626000,Junin,1361500,NA,NA,NA,NA,131,6,0,6172,295,0
2020-07-23,Peru,32626000,Junin,1361500,NA,NA,NA,NA,96,49,0,6366,351,0
2020-07-25,Peru,32626000,Junin,1361500,NA,NA,NA,NA,0,0,0,6511,360,0
2020-07-27,Peru,32626000,Junin,1361500,NA,NA,NA,NA,436,24,0,6947,384,0
2020-07-29,Peru,32626000,Junin,1361500,NA,NA,NA,NA,171,12,0,7276,402,0
2020-07-31,Peru,32626000,Junin,1361500,NA,NA,NA,NA,0,0,0,7526,408,0
2020-08-02,Peru,32626000,Junin,1361500,NA,NA,NA,NA,129,12,0,8121,432,0
2020-08-04,Peru,32626000,Junin,1361500,NA,NA,NA,NA,180,6,0,8461,445,0
2020-08-06,Peru,32626000,Junin,1361500,NA,NA,NA,NA,216,8,0,8853,463,0
2020-08-08,Peru,32626000,Junin,1361500,NA,NA,NA,NA,240,7,0,9411,473,0
2020-08-10,Peru,32626000,Junin,1361500,NA,NA,NA,NA,160,8,0,9723,496,0
2020-08-12,Peru,32626000,Junin,1361500,NA,NA,NA,NA,223,6,0,10165,510,0
2020-08-14,Peru,32626000,Junin,1361500,NA,NA,NA,NA,218,7,0,10657,541,0
2020-02-25,Peru,32626000,La Libertad,2016800,NA,NA,NA,NA,NA,NA,NA,0,0,0
2020-02-27,Peru,32626000,La Libertad,2016800,NA,NA,NA,NA,0,0,0,0,0,0
2020-02-29,Peru,32626000,La Libertad,2016800,NA,NA,NA,NA,0,0,0,0,0,0
2020-03-02,Peru,32626000,La Libertad,2016800,NA,NA,NA,NA,0,0,0,0,0,0
2020-03-04,Peru,32626000,La Libertad,2016800,NA,NA,NA,NA,0,0,0,0,0,0
2020-03-06,Peru,32626000,La Libertad,2016800,NA,NA,NA,NA,0,0,0,0,0,0
2020-03-08,Peru,32626000,La Libertad,2016800,NA,NA,NA,NA,0,0,0,0,0,0
2020-03-10,Peru,32626000,La Libertad,2016800,NA,NA,NA,NA,0,0,0,0,0,0
2020-03-12,Peru,32626000,La Libertad,2016800,NA,NA,NA,NA,0,0,0,0,0,0
2020-03-14,Peru,32626000,La Libertad,2016800,NA,NA,NA,NA,0,0,0,0,0,0
2020-03-16,Peru,32626000,La Libertad,2016800,NA,NA,NA,NA,0,0,0,1,0,0
2020-03-18,Peru,32626000,La Libertad,2016800,NA,NA,NA,NA,1,0,0,2,0,0
2020-03-20,Peru,32626000,La Libertad,2016800,NA,NA,NA,NA,0,0,0,2,0,0
2020-03-22,Peru,32626000,La Libertad,2016800,NA,NA,NA,NA,0,0,0,5,0,0
2020-03-24,Peru,32626000,La Libertad,2016800,NA,NA,NA,NA,1,1,0,5,1,0
2020-03-26,Peru,32626000,La Libertad,2016800,NA,NA,NA,NA,3,0,0,9,1,0
2020-03-28,Peru,32626000,La Libertad,2016800,NA,NA,NA,NA,1,0,0,10,2,0
2020-03-30,Peru,32626000,La Libertad,2016800,NA,NA,NA,NA,2,0,0,15,2,0
2020-04-01,Peru,32626000,La Libertad,2016800,NA,NA,NA,NA,13,1,0,32,3,0
2020-04-03,Peru,32626000,La Libertad,2016800,NA,NA,NA,NA,10,1,0,44,4,0
2020-04-05,Peru,32626000,La Libertad,2016800,NA,NA,NA,NA,0,0,0,50,4,0
2020-04-07,Peru,32626000,La Libertad,2016800,NA,NA,NA,NA,2,0,0,58,5,0
2020-04-09,Peru,32626000,La Libertad,2016800,NA,NA,NA,NA,14,1,0,96,6,0
2020-04-11,Peru,32626000,La Libertad,2016800,NA,NA,NA,NA,7,0,0,108,6,0
2020-04-13,Peru,32626000,La Libertad,2016800,NA,NA,NA,NA,5,0,0,115,6,0
2020-04-15,Peru,32626000,La Libertad,2016800,NA,NA,NA,NA,18,0,0,184,7,0
2020-04-17,Peru,32626000,La Libertad,2016800,NA,NA,NA,NA,1,7,0,194,16,0
2020-04-19,Peru,32626000,La Libertad,2016800,NA,NA,NA,NA,21,1,0,232,17,0
2020-04-21,Peru,32626000,La Libertad,2016800,NA,NA,NA,NA,50,0,0,303,17,0
2020-04-23,Peru,32626000,La Libertad,2016800,NA,NA,NA,NA,73,0,0,391,17,0
2020-04-25,Peru,32626000,La Libertad,2016800,NA,NA,NA,NA,71,0,0,481,23,0
2020-04-27,Peru,32626000,La Libertad,2016800,NA,NA,NA,NA,50,0,0,553,23,0
2020-04-29,Peru,32626000,La Libertad,2016800,NA,NA,NA,NA,30,0,0,615,23,0
2020-05-01,Peru,32626000,La Libertad,2016800,NA,NA,NA,NA,52,0,0,720,23,0
2020-05-03,Peru,32626000,La Libertad,2016800,NA,NA,NA,NA,81,0,0,879,23,0
2020-05-05,Peru,32626000,La Libertad,2016800,NA,NA,NA,NA,97,23,0,1062,46,0
2020-05-07,Peru,32626000,La Libertad,2016800,NA,NA,NA,NA,87,21,0,1206,67,0
2020-05-09,Peru,32626000,La Libertad,2016800,NA,NA,NA,NA,119,0,0,1394,66,0
2020-05-11,Peru,32626000,La Libertad,2016800,NA,NA,NA,NA,21,0,0,1470,66,0
2020-05-13,Peru,32626000,La Libertad,2016800,NA,NA,NA,NA,57,0,0,1623,66,0
2020-05-15,Peru,32626000,La Libertad,2016800,NA,NA,NA,NA,123,0,0,1834,66,0
2020-05-17,Peru,32626000,La Libertad,2016800,NA,NA,NA,NA,107,0,0,2122,66,0
2020-05-19,Peru,32626000,La Libertad,2016800,NA,NA,NA,NA,54,27,0,2378,93,0
2020-05-21,Peru,32626000,La Libertad,2016800,NA,NA,NA,NA,95,0,0,2542,93,0
2020-05-23,Peru,32626000,La Libertad,2016800,NA,NA,NA,NA,111,0,0,2793,93,0
2020-05-25,Peru,32626000,La Libertad,2016800,NA,NA,NA,NA,155,0,0,3178,93,0
2020-05-27,Peru,32626000,La Libertad,2016800,NA,NA,NA,NA,214,6,0,3523,169,0
2020-05-29,Peru,32626000,La Libertad,2016800,NA,NA,NA,NA,0,5,0,3816,179,0
2020-05-31,Peru,32626000,La Libertad,2016800,NA,NA,NA,NA,662,7,0,4660,191,0
2020-06-02,Peru,32626000,La Libertad,2016800,NA,NA,NA,NA,216,6,0,5114,205,0
2020-06-04,Peru,32626000,La Libertad,2016800,NA,NA,NA,NA,41,8,0,5392,220,0
2020-06-06,Peru,32626000,La Libertad,2016800,NA,NA,NA,NA,187,12,0,5670,235,0
2020-06-08,Peru,32626000,La Libertad,2016800,NA,NA,NA,NA,75,8,0,5916,252,0
2020-06-10,Peru,32626000,La Libertad,2016800,NA,NA,NA,NA,229,11,0,6311,273,0
2020-06-12,Peru,32626000,La Libertad,2016800,NA,NA,NA,NA,188,17,0,6830,303,0
2020-06-14,Peru,32626000,La Libertad,2016800,NA,NA,NA,NA,213,15,0,7239,332,0
2020-06-16,Peru,32626000,La Libertad,2016800,NA,NA,NA,NA,188,17,0,7579,365,0
2020-06-18,Peru,32626000,La Libertad,2016800,NA,NA,NA,NA,125,16,0,7839,400,0
2020-06-20,Peru,32626000,La Libertad,2016800,NA,NA,NA,NA,125,17,0,8185,431,0
2020-06-22,Peru,32626000,La Libertad,2016800,NA,NA,NA,NA,144,21,0,8525,462,0
2020-06-24,Peru,32626000,La Libertad,2016800,NA,NA,NA,NA,191,15,0,8849,496,0
2020-06-26,Peru,32626000,La Libertad,2016800,NA,NA,NA,NA,217,13,0,9307,528,0
2020-06-28,Peru,32626000,La Libertad,2016800,NA,NA,NA,NA,202,15,0,9692,553,0
2020-06-30,Peru,32626000,La Libertad,2016800,NA,NA,NA,NA,106,17,0,9962,585,0
2020-07-02,Peru,32626000,La Libertad,2016800,NA,NA,NA,NA,185,17,0,10333,615,0
2020-07-04,Peru,32626000,La Libertad,2016800,NA,NA,NA,NA,218,19,0,10727,651,0
2020-07-06,Peru,32626000,La Libertad,2016800,NA,NA,NA,NA,94,15,0,11050,690,0
2020-07-08,Peru,32626000,La Libertad,2016800,NA,NA,NA,NA,165,18,0,11336,725,0
2020-07-10,Peru,32626000,La Libertad,2016800,NA,NA,NA,NA,135,7,0,11629,745,0
2020-07-12,Peru,32626000,La Libertad,2016800,NA,NA,NA,NA,190,14,0,11964,773,0
2020-07-14,Peru,32626000,La Libertad,2016800,NA,NA,NA,NA,213,23,0,12341,811,0
2020-07-16,Peru,32626000,La Libertad,2016800,NA,NA,NA,NA,196,14,0,12626,841,0
2020-07-18,Peru,32626000,La Libertad,2016800,NA,NA,NA,NA,145,12,0,12888,866,0
2020-07-20,Peru,32626000,La Libertad,2016800,NA,NA,NA,NA,129,14,0,13203,890,0
2020-07-22,Peru,32626000,La Libertad,2016800,NA,NA,NA,NA,168,22,0,13523,939,0
2020-07-24,Peru,32626000,La Libertad,2016800,NA,NA,NA,NA,233,14,0,13897,1262,0
2020-07-26,Peru,32626000,La Libertad,2016800,NA,NA,NA,NA,0,0,0,13897,1262,0
2020-07-28,Peru,32626000,La Libertad,2016800,NA,NA,NA,NA,173,26,0,14550,1320,0
2020-07-30,Peru,32626000,La Libertad,2016800,NA,NA,NA,NA,214,4,0,14936,1331,0
2020-08-01,Peru,32626000,La Libertad,2016800,NA,NA,NA,NA,545,24,0,15481,1355,0
2020-08-03,Peru,32626000,La Libertad,2016800,NA,NA,NA,NA,139,10,0,15903,1373,0
2020-08-05,Peru,32626000,La Libertad,2016800,NA,NA,NA,NA,303,12,0,16392,1391,0
2020-08-07,Peru,32626000,La Libertad,2016800,NA,NA,NA,NA,276,15,0,16881,1412,0
2020-08-09,Peru,32626000,La Libertad,2016800,NA,NA,NA,NA,283,8,0,17441,1424,0
2020-08-11,Peru,32626000,La Libertad,2016800,NA,NA,NA,NA,223,15,0,17892,1447,0
2020-08-13,Peru,32626000,La Libertad,2016800,NA,NA,NA,NA,285,457,0,18450,1914,0
2020-08-15,Peru,32626000,La Libertad,2016800,NA,NA,NA,NA,208,11,0,18899,1934,0
2020-02-26,Peru,32626000,Lambayeque,1310800,NA,NA,NA,NA,NA,NA,NA,0,0,0
2020-02-28,Peru,32626000,Lambayeque,1310800,NA,NA,NA,NA,0,0,0,0,0,0
2020-03-01,Peru,32626000,Lambayeque,1310800,NA,NA,NA,NA,0,0,0,0,0,0
2020-03-03,Peru,32626000,Lambayeque,1310800,NA,NA,NA,NA,0,0,0,0,0,0
2020-03-05,Peru,32626000,Lambayeque,1310800,NA,NA,NA,NA,0,0,0,0,0,0
2020-03-07,Peru,32626000,Lambayeque,1310800,NA,NA,NA,NA,0,0,0,0,0,0
2020-03-09,Peru,32626000,Lambayeque,1310800,NA,NA,NA,NA,0,0,0,0,0,0
2020-03-11,Peru,32626000,Lambayeque,1310800,NA,NA,NA,NA,0,0,0,0,0,0
2020-03-13,Peru,32626000,Lambayeque,1310800,NA,NA,NA,NA,0,0,0,0,0,0
2020-03-15,Peru,32626000,Lambayeque,1310800,NA,NA,NA,NA,1,0,0,1,0,0
2020-03-17,Peru,32626000,Lambayeque,1310800,NA,NA,NA,NA,3,0,0,6,0,0
2020-03-19,Peru,32626000,Lambayeque,1310800,NA,NA,NA,NA,0,0,0,6,0,0
2020-03-21,Peru,32626000,Lambayeque,1310800,NA,NA,NA,NA,2,0,0,8,0,0
2020-03-23,Peru,32626000,Lambayeque,1310800,NA,NA,NA,NA,0,0,0,8,0,0
2020-03-25,Peru,32626000,Lambayeque,1310800,NA,NA,NA,NA,4,0,0,12,0,0
2020-03-27,Peru,32626000,Lambayeque,1310800,NA,NA,NA,NA,1,0,0,13,0,0
2020-03-29,Peru,32626000,Lambayeque,1310800,NA,NA,NA,NA,7,0,0,22,1,0
2020-03-31,Peru,32626000,Lambayeque,1310800,NA,NA,NA,NA,8,0,0,30,1,0
2020-04-02,Peru,32626000,Lambayeque,1310800,NA,NA,NA,NA,3,0,0,37,3,0
2020-04-04,Peru,32626000,Lambayeque,1310800,NA,NA,NA,NA,20,1,0,55,3,0
2020-04-06,Peru,32626000,Lambayeque,1310800,NA,NA,NA,NA,0,0,0,100,3,0
2020-04-08,Peru,32626000,Lambayeque,1310800,NA,NA,NA,NA,138,0,0,246,4,0
2020-04-10,Peru,32626000,Lambayeque,1310800,NA,NA,NA,NA,0,26,0,302,32,0
2020-04-12,Peru,32626000,Lambayeque,1310800,NA,NA,NA,NA,29,0,0,355,33,0
2020-04-14,Peru,32626000,Lambayeque,1310800,NA,NA,NA,NA,35,11,0,427,44,0
2020-04-16,Peru,32626000,Lambayeque,1310800,NA,NA,NA,NA,143,1,0,571,54,0
2020-04-18,Peru,32626000,Lambayeque,1310800,NA,NA,NA,NA,42,12,0,642,75,0
2020-04-20,Peru,32626000,Lambayeque,1310800,NA,NA,NA,NA,4,8,0,675,89,0
2020-04-22,Peru,32626000,Lambayeque,1310800,NA,NA,NA,NA,123,7,0,864,97,0
2020-04-24,Peru,32626000,Lambayeque,1310800,NA,NA,NA,NA,6,8,0,974,119,0
2020-04-26,Peru,32626000,Lambayeque,1310800,NA,NA,NA,NA,214,24,0,1602,143,0
2020-04-28,Peru,32626000,Lambayeque,1310800,NA,NA,NA,NA,163,10,0,1814,159,0
2020-04-30,Peru,32626000,Lambayeque,1310800,NA,NA,NA,NA,220,20,0,2176,192,0
2020-05-02,Peru,32626000,Lambayeque,1310800,NA,NA,NA,NA,188,26,0,2548,220,0
2020-05-04,Peru,32626000,Lambayeque,1310800,NA,NA,NA,NA,117,0,0,2763,267,0
2020-05-06,Peru,32626000,Lambayeque,1310800,NA,NA,NA,NA,119,0,0,3127,299,0
2020-05-08,Peru,32626000,Lambayeque,1310800,NA,NA,NA,NA,211,29,0,3479,347,0
2020-05-10,Peru,32626000,Lambayeque,1310800,NA,NA,NA,NA,27,11,0,3655,376,0
2020-05-12,Peru,32626000,Lambayeque,1310800,NA,NA,NA,NA,108,0,0,3856,400,0
2020-05-14,Peru,32626000,Lambayeque,1310800,NA,NA,NA,NA,197,0,0,4147,417,0
2020-05-16,Peru,32626000,Lambayeque,1310800,NA,NA,NA,NA,234,0,0,4596,455,0
2020-05-18,Peru,32626000,Lambayeque,1310800,NA,NA,NA,NA,105,11,0,4961,485,0
2020-05-20,Peru,32626000,Lambayeque,1310800,NA,NA,NA,NA,227,13,0,5409,498,0
2020-05-22,Peru,32626000,Lambayeque,1310800,NA,NA,NA,NA,109,0,0,5690,516,0
2020-05-24,Peru,32626000,Lambayeque,1310800,NA,NA,NA,NA,239,24,0,6075,566,0
2020-05-26,Peru,32626000,Lambayeque,1310800,NA,NA,NA,NA,236,6,0,6453,571,0
2020-05-28,Peru,32626000,Lambayeque,1310800,NA,NA,NA,NA,288,3,0,7020,605,0
2020-05-30,Peru,32626000,Lambayeque,1310800,NA,NA,NA,NA,0,3,0,7020,611,0
2020-06-01,Peru,32626000,Lambayeque,1310800,NA,NA,NA,NA,327,4,0,8811,616,0
2020-06-03,Peru,32626000,Lambayeque,1310800,NA,NA,NA,NA,210,3,0,9348,621,0
2020-06-05,Peru,32626000,Lambayeque,1310800,NA,NA,NA,NA,194,8,0,9634,629,0
2020-06-07,Peru,32626000,Lambayeque,1310800,NA,NA,NA,NA,143,4,0,9829,634,0
2020-06-09,Peru,32626000,Lambayeque,1310800,NA,NA,NA,NA,167,1,0,10100,636,0
2020-06-11,Peru,32626000,Lambayeque,1310800,NA,NA,NA,NA,246,6,0,10532,648,0
2020-06-13,Peru,32626000,Lambayeque,1310800,NA,NA,NA,NA,268,3,0,11059,659,0
2020-06-15,Peru,32626000,Lambayeque,1310800,NA,NA,NA,NA,118,5,0,11394,668,0
2020-06-17,Peru,32626000,Lambayeque,1310800,NA,NA,NA,NA,123,6,0,11699,680,0
2020-06-19,Peru,32626000,Lambayeque,1310800,NA,NA,NA,NA,186,6,0,12069,694,0
2020-06-21,Peru,32626000,Lambayeque,1310800,NA,NA,NA,NA,140,5,0,12315,705,0
2020-06-23,Peru,32626000,Lambayeque,1310800,NA,NA,NA,NA,132,4,0,12552,713,0
2020-06-25,Peru,32626000,Lambayeque,1310800,NA,NA,NA,NA,183,4,0,12892,722,0
2020-06-27,Peru,32626000,Lambayeque,1310800,NA,NA,NA,NA,161,6,0,13259,731,0
2020-06-29,Peru,32626000,Lambayeque,1310800,NA,NA,NA,NA,97,4,0,13572,741,0
2020-07-01,Peru,32626000,Lambayeque,1310800,NA,NA,NA,NA,122,4,0,13779,751,0
2020-07-03,Peru,32626000,Lambayeque,1310800,NA,NA,NA,NA,107,8,0,14011,764,0
2020-07-05,Peru,32626000,Lambayeque,1310800,NA,NA,NA,NA,122,0,0,14259,768,0
2020-07-07,Peru,32626000,Lambayeque,1310800,NA,NA,NA,NA,99,2,0,14454,775,0
2020-07-09,Peru,32626000,Lambayeque,1310800,NA,NA,NA,NA,181,3,0,14742,780,0
2020-07-11,Peru,32626000,Lambayeque,1310800,NA,NA,NA,NA,94,9,0,14912,793,0
2020-07-13,Peru,32626000,Lambayeque,1310800,NA,NA,NA,NA,72,1,0,15129,799,0
2020-07-15,Peru,32626000,Lambayeque,1310800,NA,NA,NA,NA,158,2,0,15308,805,0
2020-07-17,Peru,32626000,Lambayeque,1310800,NA,NA,NA,NA,100,5,0,15495,813,0
2020-07-19,Peru,32626000,Lambayeque,1310800,NA,NA,NA,NA,172,2,0,15753,819,0
2020-07-21,Peru,32626000,Lambayeque,1310800,NA,NA,NA,NA,99,1,0,15922,829,0
2020-07-23,Peru,32626000,Lambayeque,1310800,NA,NA,NA,NA,99,364,0,16122,1197,0
2020-07-25,Peru,32626000,Lambayeque,1310800,NA,NA,NA,NA,0,0,0,16256,1201,0
2020-07-27,Peru,32626000,Lambayeque,1310800,NA,NA,NA,NA,348,6,0,16604,1207,0
2020-07-29,Peru,32626000,Lambayeque,1310800,NA,NA,NA,NA,139,4,0,16954,1215,0
2020-07-31,Peru,32626000,Lambayeque,1310800,NA,NA,NA,NA,0,0,0,17111,1216,0
2020-08-02,Peru,32626000,Lambayeque,1310800,NA,NA,NA,NA,144,1,0,17584,1226,0
2020-08-04,Peru,32626000,Lambayeque,1310800,NA,NA,NA,NA,123,3,0,17801,1238,0
2020-08-06,Peru,32626000,Lambayeque,1310800,NA,NA,NA,NA,208,7,0,18185,1249,0
2020-08-08,Peru,32626000,Lambayeque,1310800,NA,NA,NA,NA,208,6,0,18549,1257,0
2020-08-10,Peru,32626000,Lambayeque,1310800,NA,NA,NA,NA,100,3,0,18875,1263,0
2020-08-12,Peru,32626000,Lambayeque,1310800,NA,NA,NA,NA,181,2,0,19165,1270,0
2020-08-14,Peru,32626000,Lambayeque,1310800,NA,NA,NA,NA,189,4,0,19558,1534,0
2020-02-25,Peru,32626000,Lima,10628500,NA,NA,NA,NA,NA,NA,NA,0,0,0
2020-02-27,Peru,32626000,Lima,10628500,NA,NA,NA,NA,0,0,0,0,0,0
2020-02-29,Peru,32626000,Lima,10628500,NA,NA,NA,NA,0,0,0,0,0,0
2020-03-02,Peru,32626000,Lima,10628500,NA,NA,NA,NA,0,0,0,0,0,0
2020-03-04,Peru,32626000,Lima,10628500,NA,NA,NA,NA,0,0,0,0,0,0
2020-03-06,Peru,32626000,Lima,10628500,NA,NA,NA,NA,1,0,0,1,0,0
2020-03-08,Peru,32626000,Lima,10628500,NA,NA,NA,NA,1,0,0,6,0,0
2020-03-10,Peru,32626000,Lima,10628500,NA,NA,NA,NA,0,0,0,8,0,0
2020-03-12,Peru,32626000,Lima,10628500,NA,NA,NA,NA,5,0,0,17,0,0
2020-03-14,Peru,32626000,Lima,10628500,NA,NA,NA,NA,1,0,0,33,0,0
2020-03-16,Peru,32626000,Lima,10628500,NA,NA,NA,NA,12,0,0,70,0,0
2020-03-18,Peru,32626000,Lima,10628500,NA,NA,NA,NA,15,0,0,111,0,1
2020-03-20,Peru,32626000,Lima,10628500,NA,NA,NA,NA,19,4,0,212,4,1
2020-03-22,Peru,32626000,Lima,10628500,NA,NA,NA,NA,0,0,0,241,4,1
2020-03-24,Peru,32626000,Lima,10628500,NA,NA,NA,NA,15,0,0,322,4,1
2020-03-26,Peru,32626000,Lima,10628500,NA,NA,NA,NA,84,0,0,453,6,1
2020-03-28,Peru,32626000,Lima,10628500,NA,NA,NA,NA,24,2,0,518,9,1
2020-03-30,Peru,32626000,Lima,10628500,NA,NA,NA,NA,79,3,0,718,13,1
2020-04-01,Peru,32626000,Lima,10628500,NA,NA,NA,NA,191,12,0,990,28,1
2020-04-03,Peru,32626000,Lima,10628500,NA,NA,NA,NA,120,5,0,1179,39,1
2020-04-05,Peru,32626000,Lima,10628500,NA,NA,NA,NA,382,5,0,1639,51,1
2020-04-07,Peru,32626000,Lima,10628500,NA,NA,NA,NA,263,7,0,2100,65,1
2020-04-09,Peru,32626000,Lima,10628500,NA,NA,NA,NA,688,10,0,3704,82,1
2020-04-11,Peru,32626000,Lima,10628500,NA,NA,NA,NA,723,7,0,4933,94,1
2020-04-13,Peru,32626000,Lima,10628500,NA,NA,NA,NA,2002,0,0,7458,94,1
2020-04-15,Peru,32626000,Lima,10628500,NA,NA,NA,NA,936,3,0,8412,117,1
2020-04-17,Peru,32626000,Lima,10628500,NA,NA,NA,NA,686,0,0,9793,129,1
2020-04-19,Peru,32626000,Lima,10628500,NA,NA,NA,NA,643,25,0,10877,169,1
2020-04-21,Peru,32626000,Lima,10628500,NA,NA,NA,NA,959,28,0,12256,227,1
2020-04-23,Peru,32626000,Lima,10628500,NA,NA,NA,NA,1086,20,0,14300,267,1
2020-04-25,Peru,32626000,Lima,10628500,NA,NA,NA,NA,1753,13,0,16567,303,1
2020-04-27,Peru,32626000,Lima,10628500,NA,NA,NA,NA,687,29,0,18571,332,1
2020-04-29,Peru,32626000,Lima,10628500,NA,NA,NA,NA,1806,46,0,21854,404,1
2020-05-01,Peru,32626000,Lima,10628500,NA,NA,NA,NA,2157,54,0,25718,491,1
2020-05-03,Peru,32626000,Lima,10628500,NA,NA,NA,NA,2082,13,0,28990,517,1
2020-05-05,Peru,32626000,Lima,10628500,NA,NA,NA,NA,2497,67,0,32339,584,1
2020-05-07,Peru,32626000,Lima,10628500,NA,NA,NA,NA,2307,23,0,37606,636,1
2020-05-09,Peru,32626000,Lima,10628500,NA,NA,NA,NA,2007,9,0,41844,662,1
2020-05-11,Peru,32626000,Lima,10628500,NA,NA,NA,NA,1049,17,0,44333,689,1
2020-05-13,Peru,32626000,Lima,10628500,NA,NA,NA,NA,3098,66,0,49605,791,1
2020-05-15,Peru,32626000,Lima,10628500,NA,NA,NA,NA,2356,3,0,54901,820,1
2020-05-17,Peru,32626000,Lima,10628500,NA,NA,NA,NA,2239,58,0,59712,915,1
2020-05-19,Peru,32626000,Lima,10628500,NA,NA,NA,NA,3081,57,0,64278,1012,1
2020-05-21,Peru,32626000,Lima,10628500,NA,NA,NA,NA,3095,54,0,70155,1114,1
2020-05-23,Peru,32626000,Lima,10628500,NA,NA,NA,NA,2318,44,0,74037,1208,1
2020-05-25,Peru,32626000,Lima,10628500,NA,NA,NA,NA,1770,78,0,77486,1313,1
2020-05-27,Peru,32626000,Lima,10628500,NA,NA,NA,NA,4112,48,0,84994,1407,1
2020-05-29,Peru,32626000,Lima,10628500,NA,NA,NA,NA,4579,74,0,92057,1547,1
2020-05-31,Peru,32626000,Lima,10628500,NA,NA,NA,NA,3943,84,0,100526,1709,1
2020-06-02,Peru,32626000,Lima,10628500,NA,NA,NA,NA,6058,82,0,109078,1868,1
2020-06-04,Peru,32626000,Lima,10628500,NA,NA,NA,NA,357,72,0,108680,2019,1
2020-06-06,Peru,32626000,Lima,10628500,NA,NA,NA,NA,2813,91,0,112974,2186,1
2020-06-08,Peru,32626000,Lima,10628500,NA,NA,NA,NA,1877,66,0,118036,2349,1
2020-06-10,Peru,32626000,Lima,10628500,NA,NA,NA,NA,2700,94,0,122883,2543,1
2020-06-12,Peru,32626000,Lima,10628500,NA,NA,NA,NA,3060,109,0,128700,2784,1
2020-06-14,Peru,32626000,Lima,10628500,NA,NA,NA,NA,2321,94,0,132186,2988,1
2020-06-16,Peru,32626000,Lima,10628500,NA,NA,NA,NA,2456,113,0,136464,3196,1
2020-06-18,Peru,32626000,Lima,10628500,NA,NA,NA,NA,1666,112,0,139869,3390,1
2020-06-20,Peru,32626000,Lima,10628500,NA,NA,NA,NA,1505,95,0,143017,3580,1
2020-06-22,Peru,32626000,Lima,10628500,NA,NA,NA,NA,843,87,0,145466,3761,1
2020-06-24,Peru,32626000,Lima,10628500,NA,NA,NA,NA,2005,95,0,149377,3950,1
2020-06-26,Peru,32626000,Lima,10628500,NA,NA,NA,NA,1843,95,0,153068,4124,1
2020-06-28,Peru,32626000,Lima,10628500,NA,NA,NA,NA,1459,92,0,156172,4320,1
2020-06-30,Peru,32626000,Lima,10628500,NA,NA,NA,NA,1139,69,0,158189,4489,1
2020-07-02,Peru,32626000,Lima,10628500,NA,NA,NA,NA,1498,71,0,160901,4652,1
2020-07-04,Peru,32626000,Lima,10628500,NA,NA,NA,NA,1613,89,0,163824,4814,1
2020-07-06,Peru,32626000,Lima,10628500,NA,NA,NA,NA,1346,78,0,166653,4978,1
2020-07-08,Peru,32626000,Lima,10628500,NA,NA,NA,NA,1620,93,0,169986,5156,1
2020-07-10,Peru,32626000,Lima,10628500,NA,NA,NA,NA,1396,108,0,172854,5360,1
2020-07-12,Peru,32626000,Lima,10628500,NA,NA,NA,NA,1390,83,0,175631,5530,1
2020-07-14,Peru,32626000,Lima,10628500,NA,NA,NA,NA,2053,73,0,179177,5684,1
2020-07-16,Peru,32626000,Lima,10628500,NA,NA,NA,NA,2294,93,0,183425,5856,1
2020-07-18,Peru,32626000,Lima,10628500,NA,NA,NA,NA,2097,93,0,187855,6032,1
2020-07-20,Peru,32626000,Lima,10628500,NA,NA,NA,NA,1684,101,0,191549,6223,1
2020-07-22,Peru,32626000,Lima,10628500,NA,NA,NA,NA,2419,94,0,195959,6414,1
2020-07-24,Peru,32626000,Lima,10628500,NA,NA,NA,NA,2228,82,0,200470,8413,1
2020-07-26,Peru,32626000,Lima,10628500,NA,NA,NA,NA,0,0,0,200470,8413,1
2020-07-28,Peru,32626000,Lima,10628500,NA,NA,NA,NA,2495,86,0,209209,8785,1
2020-07-30,Peru,32626000,Lima,10628500,NA,NA,NA,NA,2495,101,0,213659,8993,1
2020-08-01,Peru,32626000,Lima,10628500,NA,NA,NA,NA,6221,173,0,219880,9166,1
2020-08-03,Peru,32626000,Lima,10628500,NA,NA,NA,NA,1846,92,0,224414,9351,1
2020-08-05,Peru,32626000,Lima,10628500,NA,NA,NA,NA,3100,87,0,230817,9515,1
2020-08-07,Peru,32626000,Lima,10628500,NA,NA,NA,NA,3129,117,0,237156,9716,1
2020-08-09,Peru,32626000,Lima,10628500,NA,NA,NA,NA,2760,121,0,242309,9912,1
2020-08-11,Peru,32626000,Lima,10628500,NA,NA,NA,NA,2604,106,0,247124,10099,1
2020-08-13,Peru,32626000,Lima,10628500,NA,NA,NA,NA,3821,1182,0,254529,11365,1
2020-08-15,Peru,32626000,Lima,10628500,NA,NA,NA,NA,3547,94,0,261358,11520,1
2020-02-26,Peru,32626000,Loreto,1027600,NA,NA,NA,NA,NA,NA,NA,0,0,0
2020-02-28,Peru,32626000,Loreto,1027600,NA,NA,NA,NA,0,0,0,0,0,0
2020-03-01,Peru,32626000,Loreto,1027600,NA,NA,NA,NA,0,0,0,0,0,0
2020-03-03,Peru,32626000,Loreto,1027600,NA,NA,NA,NA,0,0,0,0,0,0
2020-03-05,Peru,32626000,Loreto,1027600,NA,NA,NA,NA,0,0,0,0,0,0
2020-03-07,Peru,32626000,Loreto,1027600,NA,NA,NA,NA,0,0,0,0,0,0
2020-03-09,Peru,32626000,Loreto,1027600,NA,NA,NA,NA,0,0,0,0,0,0
2020-03-11,Peru,32626000,Loreto,1027600,NA,NA,NA,NA,0,0,0,0,0,0
2020-03-13,Peru,32626000,Loreto,1027600,NA,NA,NA,NA,0,0,0,0,0,0
2020-03-15,Peru,32626000,Loreto,1027600,NA,NA,NA,NA,0,0,0,0,0,0
2020-03-17,Peru,32626000,Loreto,1027600,NA,NA,NA,NA,1,0,0,1,0,0
2020-03-19,Peru,32626000,Loreto,1027600,NA,NA,NA,NA,1,0,0,11,0,0
2020-03-21,Peru,32626000,Loreto,1027600,NA,NA,NA,NA,2,0,0,14,0,0
2020-03-23,Peru,32626000,Loreto,1027600,NA,NA,NA,NA,2,0,0,16,0,0
2020-03-25,Peru,32626000,Loreto,1027600,NA,NA,NA,NA,2,0,0,18,0,0
2020-03-27,Peru,32626000,Loreto,1027600,NA,NA,NA,NA,5,0,0,23,0,0
2020-03-29,Peru,32626000,Loreto,1027600,NA,NA,NA,NA,25,0,0,52,0,0
2020-03-31,Peru,32626000,Loreto,1027600,NA,NA,NA,NA,5,0,0,58,2,0
2020-04-02,Peru,32626000,Loreto,1027600,NA,NA,NA,NA,6,0,0,72,2,0
2020-04-04,Peru,32626000,Loreto,1027600,NA,NA,NA,NA,22,0,0,106,2,0
2020-04-06,Peru,32626000,Loreto,1027600,NA,NA,NA,NA,28,0,0,171,2,0
2020-04-08,Peru,32626000,Loreto,1027600,NA,NA,NA,NA,84,10,0,290,13,0
2020-04-10,Peru,32626000,Loreto,1027600,NA,NA,NA,NA,0,0,0,315,5,0
2020-04-12,Peru,32626000,Loreto,1027600,NA,NA,NA,NA,7,0,0,322,6,0
2020-04-14,Peru,32626000,Loreto,1027600,NA,NA,NA,NA,17,3,0,357,9,0
2020-04-16,Peru,32626000,Loreto,1027600,NA,NA,NA,NA,16,0,0,412,10,0
2020-04-18,Peru,32626000,Loreto,1027600,NA,NA,NA,NA,54,0,0,485,10,0
2020-04-20,Peru,32626000,Loreto,1027600,NA,NA,NA,NA,33,0,0,585,14,0
2020-04-22,Peru,32626000,Loreto,1027600,NA,NA,NA,NA,36,4,0,653,23,0
2020-04-24,Peru,32626000,Loreto,1027600,NA,NA,NA,NA,8,6,0,708,29,0
2020-04-26,Peru,32626000,Loreto,1027600,NA,NA,NA,NA,44,3,0,786,39,0
2020-04-28,Peru,32626000,Loreto,1027600,NA,NA,NA,NA,54,6,0,881,45,0
2020-04-30,Peru,32626000,Loreto,1027600,NA,NA,NA,NA,199,4,0,1202,55,0
2020-05-02,Peru,32626000,Loreto,1027600,NA,NA,NA,NA,70,0,0,1425,57,0
2020-05-04,Peru,32626000,Loreto,1027600,NA,NA,NA,NA,0,0,0,1502,59,0
2020-05-06,Peru,32626000,Loreto,1027600,NA,NA,NA,NA,0,5,0,1559,67,0
2020-05-08,Peru,32626000,Loreto,1027600,NA,NA,NA,NA,38,0,0,1704,67,0
2020-05-10,Peru,32626000,Loreto,1027600,NA,NA,NA,NA,45,8,0,1780,75,0
2020-05-12,Peru,32626000,Loreto,1027600,NA,NA,NA,NA,99,4,0,1933,82,0
2020-05-14,Peru,32626000,Loreto,1027600,NA,NA,NA,NA,70,3,0,2107,95,0
2020-05-16,Peru,32626000,Loreto,1027600,NA,NA,NA,NA,190,68,0,2444,209,0
2020-05-18,Peru,32626000,Loreto,1027600,NA,NA,NA,NA,115,2,0,2811,250,0
2020-05-20,Peru,32626000,Loreto,1027600,NA,NA,NA,NA,125,1,0,3085,260,0
2020-05-22,Peru,32626000,Loreto,1027600,NA,NA,NA,NA,35,2,0,3201,264,0
2020-05-24,Peru,32626000,Loreto,1027600,NA,NA,NA,NA,98,3,0,3391,276,0
2020-05-26,Peru,32626000,Loreto,1027600,NA,NA,NA,NA,196,8,0,3720,288,0
2020-05-28,Peru,32626000,Loreto,1027600,NA,NA,NA,NA,143,1,0,3959,289,0
2020-05-30,Peru,32626000,Loreto,1027600,NA,NA,NA,NA,526,2,0,4635,295,0
2020-06-01,Peru,32626000,Loreto,1027600,NA,NA,NA,NA,418,1,0,5133,297,0
2020-06-03,Peru,32626000,Loreto,1027600,NA,NA,NA,NA,162,1,0,5517,300,0
2020-06-05,Peru,32626000,Loreto,1027600,NA,NA,NA,NA,415,0,0,6172,300,0
2020-06-07,Peru,32626000,Loreto,1027600,NA,NA,NA,NA,38,2,0,6225,305,0
2020-06-09,Peru,32626000,Loreto,1027600,NA,NA,NA,NA,157,1,0,6506,308,0
2020-06-11,Peru,32626000,Loreto,1027600,NA,NA,NA,NA,281,2,0,7000,311,0
2020-06-13,Peru,32626000,Loreto,1027600,NA,NA,NA,NA,311,4,0,7478,315,0
2020-06-15,Peru,32626000,Loreto,1027600,NA,NA,NA,NA,108,0,0,7737,316,0
2020-06-17,Peru,32626000,Loreto,1027600,NA,NA,NA,NA,68,2,0,7849,320,0
2020-06-19,Peru,32626000,Loreto,1027600,NA,NA,NA,NA,98,3,0,8051,324,0
2020-06-21,Peru,32626000,Loreto,1027600,NA,NA,NA,NA,140,3,0,8335,329,0
2020-06-23,Peru,32626000,Loreto,1027600,NA,NA,NA,NA,85,0,0,8449,330,0
2020-06-25,Peru,32626000,Loreto,1027600,NA,NA,NA,NA,62,2,0,8743,334,0
2020-06-27,Peru,32626000,Loreto,1027600,NA,NA,NA,NA,49,5,0,8835,339,0
2020-06-29,Peru,32626000,Loreto,1027600,NA,NA,NA,NA,51,3,0,8955,344,0
2020-07-01,Peru,32626000,Loreto,1027600,NA,NA,NA,NA,49,1,0,9072,346,0
2020-07-03,Peru,32626000,Loreto,1027600,NA,NA,NA,NA,118,1,0,9280,348,0
2020-07-05,Peru,32626000,Loreto,1027600,NA,NA,NA,NA,31,1,0,9374,351,0
2020-07-07,Peru,32626000,Loreto,1027600,NA,NA,NA,NA,94,2,0,9498,353,0
2020-07-09,Peru,32626000,Loreto,1027600,NA,NA,NA,NA,58,1,0,9656,355,0
2020-07-11,Peru,32626000,Loreto,1027600,NA,NA,NA,NA,39,3,0,9766,359,0
2020-07-13,Peru,32626000,Loreto,1027600,NA,NA,NA,NA,103,1,0,9903,361,0
2020-07-15,Peru,32626000,Loreto,1027600,NA,NA,NA,NA,71,2,0,10093,364,0
2020-07-17,Peru,32626000,Loreto,1027600,NA,NA,NA,NA,34,0,0,10122,366,0
2020-07-19,Peru,32626000,Loreto,1027600,NA,NA,NA,NA,35,1,0,10227,369,0
2020-07-21,Peru,32626000,Loreto,1027600,NA,NA,NA,NA,93,2,0,10384,371,0
2020-07-23,Peru,32626000,Loreto,1027600,NA,NA,NA,NA,29,171,0,10439,542,0
2020-07-25,Peru,32626000,Loreto,1027600,NA,NA,NA,NA,0,0,0,10515,542,0
2020-07-27,Peru,32626000,Loreto,1027600,NA,NA,NA,NA,206,2,0,10721,544,0
2020-07-29,Peru,32626000,Loreto,1027600,NA,NA,NA,NA,269,1,0,11081,545,0
2020-07-31,Peru,32626000,Loreto,1027600,NA,NA,NA,NA,0,0,0,11292,545,0
2020-08-02,Peru,32626000,Loreto,1027600,NA,NA,NA,NA,123,3,0,11741,549,0
2020-08-04,Peru,32626000,Loreto,1027600,NA,NA,NA,NA,118,1,0,11949,552,0
2020-08-06,Peru,32626000,Loreto,1027600,NA,NA,NA,NA,125,2,0,12206,557,0
2020-08-08,Peru,32626000,Loreto,1027600,NA,NA,NA,NA,68,3,0,12350,562,0
2020-08-10,Peru,32626000,Loreto,1027600,NA,NA,NA,NA,52,31,0,12466,596,0
2020-08-12,Peru,32626000,Loreto,1027600,NA,NA,NA,NA,93,25,0,12694,622,0
2020-08-14,Peru,32626000,Loreto,1027600,NA,NA,NA,NA,69,26,0,12894,784,0
2020-02-25,Peru,32626000,Madre de dios,173800,NA,NA,NA,NA,NA,NA,NA,0,0,0
2020-02-27,Peru,32626000,Madre de dios,173800,NA,NA,NA,NA,0,0,0,0,0,0
2020-02-29,Peru,32626000,Madre de dios,173800,NA,NA,NA,NA,0,0,0,0,0,0
2020-03-02,Peru,32626000,Madre de dios,173800,NA,NA,NA,NA,0,0,0,0,0,0
2020-03-04,Peru,32626000,Madre de dios,173800,NA,NA,NA,NA,0,0,0,0,0,0
2020-03-06,Peru,32626000,Madre de dios,173800,NA,NA,NA,NA,0,0,0,0,0,0
2020-03-08,Peru,32626000,Madre de dios,173800,NA,NA,NA,NA,0,0,0,0,0,0
2020-03-10,Peru,32626000,Madre de dios,173800,NA,NA,NA,NA,0,0,0,0,0,0
2020-03-12,Peru,32626000,Madre de dios,173800,NA,NA,NA,NA,0,0,0,0,0,0
2020-03-14,Peru,32626000,Madre de dios,173800,NA,NA,NA,NA,0,0,0,0,0,0
2020-03-16,Peru,32626000,Madre de dios,173800,NA,NA,NA,NA,0,0,0,0,0,0
2020-03-18,Peru,32626000,Madre de dios,173800,NA,NA,NA,NA,1,0,0,1,0,0
2020-03-20,Peru,32626000,Madre de dios,173800,NA,NA,NA,NA,0,0,0,1,0,0
2020-03-22,Peru,32626000,Madre de dios,173800,NA,NA,NA,NA,0,0,0,1,0,0
2020-03-24,Peru,32626000,Madre de dios,173800,NA,NA,NA,NA,0,0,0,1,0,0
2020-03-26,Peru,32626000,Madre de dios,173800,NA,NA,NA,NA,0,0,0,1,0,0
2020-03-28,Peru,32626000,Madre de dios,173800,NA,NA,NA,NA,0,0,0,1,0,0
2020-03-30,Peru,32626000,Madre de dios,173800,NA,NA,NA,NA,0,0,0,1,0,0
2020-04-01,Peru,32626000,Madre de dios,173800,NA,NA,NA,NA,0,0,0,1,0,0
2020-04-03,Peru,32626000,Madre de dios,173800,NA,NA,NA,NA,1,0,0,2,0,0
2020-04-05,Peru,32626000,Madre de dios,173800,NA,NA,NA,NA,0,0,0,2,0,0
2020-04-07,Peru,32626000,Madre de dios,173800,NA,NA,NA,NA,0,0,0,2,0,0
2020-04-09,Peru,32626000,Madre de dios,173800,NA,NA,NA,NA,1,0,0,3,0,0
2020-04-11,Peru,32626000,Madre de dios,173800,NA,NA,NA,NA,1,0,0,4,0,0
2020-04-13,Peru,32626000,Madre de dios,173800,NA,NA,NA,NA,7,0,0,10,0,0
2020-04-15,Peru,32626000,Madre de dios,173800,NA,NA,NA,NA,0,0,0,19,0,0
2020-04-17,Peru,32626000,Madre de dios,173800,NA,NA,NA,NA,2,0,0,21,0,0
2020-04-19,Peru,32626000,Madre de dios,173800,NA,NA,NA,NA,4,0,0,25,0,0
2020-04-21,Peru,32626000,Madre de dios,173800,NA,NA,NA,NA,2,0,0,66,0,0
2020-04-23,Peru,32626000,Madre de dios,173800,NA,NA,NA,NA,6,0,0,77,0,0
2020-04-25,Peru,32626000,Madre de dios,173800,NA,NA,NA,NA,11,0,0,91,0,0
2020-04-27,Peru,32626000,Madre de dios,173800,NA,NA,NA,NA,0,0,0,87,0,0
2020-04-29,Peru,32626000,Madre de dios,173800,NA,NA,NA,NA,8,0,0,105,0,0
2020-05-01,Peru,32626000,Madre de dios,173800,NA,NA,NA,NA,3,1,0,116,1,0
2020-05-03,Peru,32626000,Madre de dios,173800,NA,NA,NA,NA,2,0,0,120,1,0
2020-05-05,Peru,32626000,Madre de dios,173800,NA,NA,NA,NA,3,0,0,124,1,0
2020-05-07,Peru,32626000,Madre de dios,173800,NA,NA,NA,NA,9,0,0,138,1,0
2020-05-09,Peru,32626000,Madre de dios,173800,NA,NA,NA,NA,11,0,0,150,1,0
2020-05-11,Peru,32626000,Madre de dios,173800,NA,NA,NA,NA,0,0,0,162,1,0
2020-05-13,Peru,32626000,Madre de dios,173800,NA,NA,NA,NA,9,0,0,172,1,0
2020-05-15,Peru,32626000,Madre de dios,173800,NA,NA,NA,NA,10,0,0,187,3,0
2020-05-17,Peru,32626000,Madre de dios,173800,NA,NA,NA,NA,5,0,0,206,3,0
2020-05-19,Peru,32626000,Madre de dios,173800,NA,NA,NA,NA,43,0,0,247,3,0
2020-05-21,Peru,32626000,Madre de dios,173800,NA,NA,NA,NA,6,3,0,265,6,0
2020-05-23,Peru,32626000,Madre de dios,173800,NA,NA,NA,NA,34,0,0,304,6,0
2020-05-25,Peru,32626000,Madre de dios,173800,NA,NA,NA,NA,0,0,0,314,6,0
2020-05-27,Peru,32626000,Madre de dios,173800,NA,NA,NA,NA,49,0,0,388,6,0
2020-05-29,Peru,32626000,Madre de dios,173800,NA,NA,NA,NA,48,0,0,450,6,0
2020-05-31,Peru,32626000,Madre de dios,173800,NA,NA,NA,NA,8,0,0,493,6,0
2020-06-02,Peru,32626000,Madre de dios,173800,NA,NA,NA,NA,42,0,0,561,6,0
2020-06-04,Peru,32626000,Madre de dios,173800,NA,NA,NA,NA,0,2,0,600,8,0
2020-06-06,Peru,32626000,Madre de dios,173800,NA,NA,NA,NA,12,1,0,743,11,0
2020-06-08,Peru,32626000,Madre de dios,173800,NA,NA,NA,NA,5,0,0,749,11,0
2020-06-10,Peru,32626000,Madre de dios,173800,NA,NA,NA,NA,25,1,0,832,13,0
2020-06-12,Peru,32626000,Madre de dios,173800,NA,NA,NA,NA,42,0,0,945,15,0
2020-06-14,Peru,32626000,Madre de dios,173800,NA,NA,NA,NA,52,2,0,1047,18,0
2020-06-16,Peru,32626000,Madre de dios,173800,NA,NA,NA,NA,46,0,0,1096,19,0
2020-06-18,Peru,32626000,Madre de dios,173800,NA,NA,NA,NA,45,1,0,1229,20,0
2020-06-20,Peru,32626000,Madre de dios,173800,NA,NA,NA,NA,42,1,0,1307,22,0
2020-06-22,Peru,32626000,Madre de dios,173800,NA,NA,NA,NA,19,1,0,1365,24,0
2020-06-24,Peru,32626000,Madre de dios,173800,NA,NA,NA,NA,35,0,0,1432,24,0
2020-06-26,Peru,32626000,Madre de dios,173800,NA,NA,NA,NA,82,0,0,1549,25,0
2020-06-28,Peru,32626000,Madre de dios,173800,NA,NA,NA,NA,37,0,0,1636,27,0
2020-06-30,Peru,32626000,Madre de dios,173800,NA,NA,NA,NA,57,1,0,1844,31,0
2020-07-02,Peru,32626000,Madre de dios,173800,NA,NA,NA,NA,61,10,0,1958,42,0
2020-07-04,Peru,32626000,Madre de dios,173800,NA,NA,NA,NA,61,12,0,2119,70,0
2020-07-06,Peru,32626000,Madre de dios,173800,NA,NA,NA,NA,38,3,0,2234,73,0
2020-07-08,Peru,32626000,Madre de dios,173800,NA,NA,NA,NA,41,2,0,2326,75,0
2020-07-10,Peru,32626000,Madre de dios,173800,NA,NA,NA,NA,10,2,0,2372,78,0
2020-07-12,Peru,32626000,Madre de dios,173800,NA,NA,NA,NA,42,1,0,2431,79,0
2020-07-14,Peru,32626000,Madre de dios,173800,NA,NA,NA,NA,21,0,0,2472,80,0
2020-07-16,Peru,32626000,Madre de dios,173800,NA,NA,NA,NA,2,0,0,2542,81,0
2020-07-18,Peru,32626000,Madre de dios,173800,NA,NA,NA,NA,30,1,0,2585,83,0
2020-07-20,Peru,32626000,Madre de dios,173800,NA,NA,NA,NA,29,1,0,2634,84,0
2020-07-22,Peru,32626000,Madre de dios,173800,NA,NA,NA,NA,21,1,0,2721,85,0
2020-07-24,Peru,32626000,Madre de dios,173800,NA,NA,NA,NA,84,2,0,2838,96,0
2020-07-26,Peru,32626000,Madre de dios,173800,NA,NA,NA,NA,0,0,0,2838,96,0
2020-07-28,Peru,32626000,Madre de dios,173800,NA,NA,NA,NA,95,0,0,3089,96,0
2020-07-30,Peru,32626000,Madre de dios,173800,NA,NA,NA,NA,104,0,0,3274,97,0
2020-08-01,Peru,32626000,Madre de dios,173800,NA,NA,NA,NA,191,3,0,3465,100,0
2020-08-03,Peru,32626000,Madre de dios,173800,NA,NA,NA,NA,24,0,0,3545,104,0
2020-08-05,Peru,32626000,Madre de dios,173800,NA,NA,NA,NA,43,2,0,3700,106,0
2020-08-07,Peru,32626000,Madre de dios,173800,NA,NA,NA,NA,84,0,0,3850,106,0
2020-08-09,Peru,32626000,Madre de dios,173800,NA,NA,NA,NA,104,0,0,4006,107,0
2020-08-11,Peru,32626000,Madre de dios,173800,NA,NA,NA,NA,98,2,0,4176,109,0
2020-08-13,Peru,32626000,Madre de dios,173800,NA,NA,NA,NA,117,13,0,4399,122,0
2020-08-15,Peru,32626000,Madre de dios,173800,NA,NA,NA,NA,148,2,0,4673,126,0
2020-02-26,Peru,32626000,Moquegua,192700,NA,NA,NA,NA,NA,NA,NA,0,0,0
2020-02-28,Peru,32626000,Moquegua,192700,NA,NA,NA,NA,0,0,0,0,0,0
2020-03-01,Peru,32626000,Moquegua,192700,NA,NA,NA,NA,0,0,0,0,0,0
2020-03-03,Peru,32626000,Moquegua,192700,NA,NA,NA,NA,0,0,0,0,0,0
2020-03-05,Peru,32626000,Moquegua,192700,NA,NA,NA,NA,0,0,0,0,0,0
2020-03-07,Peru,32626000,Moquegua,192700,NA,NA,NA,NA,0,0,0,0,0,0
2020-03-09,Peru,32626000,Moquegua,192700,NA,NA,NA,NA,0,0,0,0,0,0
2020-03-11,Peru,32626000,Moquegua,192700,NA,NA,NA,NA,0,0,0,0,0,0
2020-03-13,Peru,32626000,Moquegua,192700,NA,NA,NA,NA,0,0,0,0,0,0
2020-03-15,Peru,32626000,Moquegua,192700,NA,NA,NA,NA,0,0,0,0,0,0
2020-03-17,Peru,32626000,Moquegua,192700,NA,NA,NA,NA,0,0,0,0,0,0
2020-03-19,Peru,32626000,Moquegua,192700,NA,NA,NA,NA,0,0,0,0,0,0
2020-03-21,Peru,32626000,Moquegua,192700,NA,NA,NA,NA,0,0,0,0,0,0
2020-03-23,Peru,32626000,Moquegua,192700,NA,NA,NA,NA,0,0,0,0,0,0
2020-03-25,Peru,32626000,Moquegua,192700,NA,NA,NA,NA,0,0,0,0,0,0
2020-03-27,Peru,32626000,Moquegua,192700,NA,NA,NA,NA,0,0,0,0,0,0
2020-03-29,Peru,32626000,Moquegua,192700,NA,NA,NA,NA,0,0,0,0,0,0
2020-03-31,Peru,32626000,Moquegua,192700,NA,NA,NA,NA,0,0,0,0,0,0
2020-04-02,Peru,32626000,Moquegua,192700,NA,NA,NA,NA,0,0,0,0,0,0
2020-04-04,Peru,32626000,Moquegua,192700,NA,NA,NA,NA,0,0,0,0,0,0
2020-04-06,Peru,32626000,Moquegua,192700,NA,NA,NA,NA,0,0,0,1,0,0
2020-04-08,Peru,32626000,Moquegua,192700,NA,NA,NA,NA,2,0,0,3,0,0
2020-04-10,Peru,32626000,Moquegua,192700,NA,NA,NA,NA,0,0,0,3,0,0
2020-04-12,Peru,32626000,Moquegua,192700,NA,NA,NA,NA,2,0,0,10,0,0
2020-04-14,Peru,32626000,Moquegua,192700,NA,NA,NA,NA,1,0,0,13,0,0
2020-04-16,Peru,32626000,Moquegua,192700,NA,NA,NA,NA,5,0,0,21,0,0
2020-04-18,Peru,32626000,Moquegua,192700,NA,NA,NA,NA,4,0,0,28,0,0
2020-04-20,Peru,32626000,Moquegua,192700,NA,NA,NA,NA,0,0,0,30,0,0
2020-04-22,Peru,32626000,Moquegua,192700,NA,NA,NA,NA,7,0,0,48,0,0
2020-04-24,Peru,32626000,Moquegua,192700,NA,NA,NA,NA,5,0,0,57,0,0
2020-04-26,Peru,32626000,Moquegua,192700,NA,NA,NA,NA,19,0,0,92,0,0
2020-04-28,Peru,32626000,Moquegua,192700,NA,NA,NA,NA,6,0,0,100,0,0
2020-04-30,Peru,32626000,Moquegua,192700,NA,NA,NA,NA,9,0,0,120,0,0
2020-05-02,Peru,32626000,Moquegua,192700,NA,NA,NA,NA,5,0,0,128,0,0
2020-05-04,Peru,32626000,Moquegua,192700,NA,NA,NA,NA,2,0,0,133,0,0
2020-05-06,Peru,32626000,Moquegua,192700,NA,NA,NA,NA,7,0,0,149,0,0
2020-05-08,Peru,32626000,Moquegua,192700,NA,NA,NA,NA,5,0,0,160,0,0
2020-05-10,Peru,32626000,Moquegua,192700,NA,NA,NA,NA,4,0,0,167,0,0
2020-05-12,Peru,32626000,Moquegua,192700,NA,NA,NA,NA,0,0,0,167,0,0
2020-05-14,Peru,32626000,Moquegua,192700,NA,NA,NA,NA,14,0,0,182,0,0
2020-05-16,Peru,32626000,Moquegua,192700,NA,NA,NA,NA,2,0,0,190,0,0
2020-05-18,Peru,32626000,Moquegua,192700,NA,NA,NA,NA,0,0,0,193,0,0
2020-05-20,Peru,32626000,Moquegua,192700,NA,NA,NA,NA,36,0,0,235,0,0
2020-05-22,Peru,32626000,Moquegua,192700,NA,NA,NA,NA,45,0,0,315,0,0
2020-05-24,Peru,32626000,Moquegua,192700,NA,NA,NA,NA,7,1,0,352,1,0
2020-05-26,Peru,32626000,Moquegua,192700,NA,NA,NA,NA,45,0,0,402,1,0
2020-05-28,Peru,32626000,Moquegua,192700,NA,NA,NA,NA,24,0,0,447,2,0
2020-05-30,Peru,32626000,Moquegua,192700,NA,NA,NA,NA,15,0,0,477,2,0
2020-06-01,Peru,32626000,Moquegua,192700,NA,NA,NA,NA,0,0,0,509,2,0
2020-06-03,Peru,32626000,Moquegua,192700,NA,NA,NA,NA,17,0,0,525,2,0
2020-06-05,Peru,32626000,Moquegua,192700,NA,NA,NA,NA,107,0,0,668,2,0
2020-06-07,Peru,32626000,Moquegua,192700,NA,NA,NA,NA,2,1,0,676,3,0
2020-06-09,Peru,32626000,Moquegua,192700,NA,NA,NA,NA,3,0,0,715,4,0
2020-06-11,Peru,32626000,Moquegua,192700,NA,NA,NA,NA,4,0,0,728,5,0
2020-06-13,Peru,32626000,Moquegua,192700,NA,NA,NA,NA,6,0,0,744,6,0
2020-06-15,Peru,32626000,Moquegua,192700,NA,NA,NA,NA,1,0,0,747,6,0
2020-06-17,Peru,32626000,Moquegua,192700,NA,NA,NA,NA,61,0,0,829,6,0
2020-06-19,Peru,32626000,Moquegua,192700,NA,NA,NA,NA,2,1,0,835,8,0
2020-06-21,Peru,32626000,Moquegua,192700,NA,NA,NA,NA,8,1,0,851,9,0
2020-06-23,Peru,32626000,Moquegua,192700,NA,NA,NA,NA,3,0,0,864,9,0
2020-06-25,Peru,32626000,Moquegua,192700,NA,NA,NA,NA,13,1,0,881,10,0
2020-06-27,Peru,32626000,Moquegua,192700,NA,NA,NA,NA,8,0,0,915,10,0
2020-06-29,Peru,32626000,Moquegua,192700,NA,NA,NA,NA,14,0,0,942,11,0
2020-07-01,Peru,32626000,Moquegua,192700,NA,NA,NA,NA,9,1,0,958,14,0
2020-07-03,Peru,32626000,Moquegua,192700,NA,NA,NA,NA,37,0,0,1020,15,0
2020-07-05,Peru,32626000,Moquegua,192700,NA,NA,NA,NA,44,1,0,1122,16,0
2020-07-07,Peru,32626000,Moquegua,192700,NA,NA,NA,NA,27,2,0,1170,19,0
2020-07-09,Peru,32626000,Moquegua,192700,NA,NA,NA,NA,39,1,0,1221,21,0
2020-07-11,Peru,32626000,Moquegua,192700,NA,NA,NA,NA,52,0,0,1306,23,0
2020-07-13,Peru,32626000,Moquegua,192700,NA,NA,NA,NA,46,1,0,1387,26,0
2020-07-15,Peru,32626000,Moquegua,192700,NA,NA,NA,NA,64,3,0,1480,33,0
2020-07-17,Peru,32626000,Moquegua,192700,NA,NA,NA,NA,36,1,0,1541,35,0
2020-07-19,Peru,32626000,Moquegua,192700,NA,NA,NA,NA,42,2,0,1670,38,0
2020-07-21,Peru,32626000,Moquegua,192700,NA,NA,NA,NA,69,6,0,1995,46,0
2020-07-23,Peru,32626000,Moquegua,192700,NA,NA,NA,NA,103,2,0,2200,52,0
2020-07-25,Peru,32626000,Moquegua,192700,NA,NA,NA,NA,0,0,0,2287,54,0
2020-07-27,Peru,32626000,Moquegua,192700,NA,NA,NA,NA,230,3,0,2517,57,0
2020-07-29,Peru,32626000,Moquegua,192700,NA,NA,NA,NA,125,21,0,2752,80,0
2020-07-31,Peru,32626000,Moquegua,192700,NA,NA,NA,NA,0,0,0,2829,100,0
2020-08-02,Peru,32626000,Moquegua,192700,NA,NA,NA,NA,99,7,0,3233,112,0
2020-08-04,Peru,32626000,Moquegua,192700,NA,NA,NA,NA,165,4,0,3461,117,0
2020-08-06,Peru,32626000,Moquegua,192700,NA,NA,NA,NA,240,1,0,3910,126,0
2020-08-08,Peru,32626000,Moquegua,192700,NA,NA,NA,NA,186,8,0,4430,136,0
2020-08-10,Peru,32626000,Moquegua,192700,NA,NA,NA,NA,109,0,0,4745,139,0
2020-08-12,Peru,32626000,Moquegua,192700,NA,NA,NA,NA,188,3,0,5082,148,0
2020-08-14,Peru,32626000,Moquegua,192700,NA,NA,NA,NA,289,3,0,5542,176,0
2020-02-25,Peru,32626000,Pasco,271900,NA,NA,NA,NA,NA,NA,NA,0,0,0
2020-02-27,Peru,32626000,Pasco,271900,NA,NA,NA,NA,0,0,0,0,0,0
2020-02-29,Peru,32626000,Pasco,271900,NA,NA,NA,NA,0,0,0,0,0,0
2020-03-02,Peru,32626000,Pasco,271900,NA,NA,NA,NA,0,0,0,0,0,0
2020-03-04,Peru,32626000,Pasco,271900,NA,NA,NA,NA,0,0,0,0,0,0
2020-03-06,Peru,32626000,Pasco,271900,NA,NA,NA,NA,0,0,0,0,0,0
2020-03-08,Peru,32626000,Pasco,271900,NA,NA,NA,NA,0,0,0,0,0,0
2020-03-10,Peru,32626000,Pasco,271900,NA,NA,NA,NA,0,0,0,0,0,0
2020-03-12,Peru,32626000,Pasco,271900,NA,NA,NA,NA,0,0,0,0,0,0
2020-03-14,Peru,32626000,Pasco,271900,NA,NA,NA,NA,0,0,0,0,0,0
2020-03-16,Peru,32626000,Pasco,271900,NA,NA,NA,NA,0,0,0,0,0,0
2020-03-18,Peru,32626000,Pasco,271900,NA,NA,NA,NA,0,0,0,0,0,0
2020-03-20,Peru,32626000,Pasco,271900,NA,NA,NA,NA,0,0,0,0,0,0
2020-03-22,Peru,32626000,Pasco,271900,NA,NA,NA,NA,0,0,0,0,0,0
2020-03-24,Peru,32626000,Pasco,271900,NA,NA,NA,NA,0,0,0,0,0,0
2020-03-26,Peru,32626000,Pasco,271900,NA,NA,NA,NA,0,0,0,0,0,0
2020-03-28,Peru,32626000,Pasco,271900,NA,NA,NA,NA,0,0,0,1,0,0
2020-03-30,Peru,32626000,Pasco,271900,NA,NA,NA,NA,0,0,0,1,0,0
2020-04-01,Peru,32626000,Pasco,271900,NA,NA,NA,NA,0,0,0,1,0,0
2020-04-03,Peru,32626000,Pasco,271900,NA,NA,NA,NA,0,0,0,1,0,0
2020-04-05,Peru,32626000,Pasco,271900,NA,NA,NA,NA,1,0,0,3,0,0
2020-04-07,Peru,32626000,Pasco,271900,NA,NA,NA,NA,0,0,0,5,0,0
2020-04-09,Peru,32626000,Pasco,271900,NA,NA,NA,NA,0,0,0,5,0,0
2020-04-11,Peru,32626000,Pasco,271900,NA,NA,NA,NA,1,0,0,9,0,0
2020-04-13,Peru,32626000,Pasco,271900,NA,NA,NA,NA,0,0,0,11,0,0
2020-04-15,Peru,32626000,Pasco,271900,NA,NA,NA,NA,0,0,0,11,0,0
2020-04-17,Peru,32626000,Pasco,271900,NA,NA,NA,NA,2,0,0,13,0,0
2020-04-19,Peru,32626000,Pasco,271900,NA,NA,NA,NA,5,0,0,18,0,0
2020-04-21,Peru,32626000,Pasco,271900,NA,NA,NA,NA,7,0,0,39,0,0
2020-04-23,Peru,32626000,Pasco,271900,NA,NA,NA,NA,2,0,0,48,1,0
2020-04-25,Peru,32626000,Pasco,271900,NA,NA,NA,NA,7,0,0,68,1,0
2020-04-27,Peru,32626000,Pasco,271900,NA,NA,NA,NA,4,0,0,82,1,0
2020-04-29,Peru,32626000,Pasco,271900,NA,NA,NA,NA,5,0,0,95,1,0
2020-05-01,Peru,32626000,Pasco,271900,NA,NA,NA,NA,9,0,0,122,1,0
2020-05-03,Peru,32626000,Pasco,271900,NA,NA,NA,NA,13,0,0,161,1,0
2020-05-05,Peru,32626000,Pasco,271900,NA,NA,NA,NA,4,0,0,166,1,0
2020-05-07,Peru,32626000,Pasco,271900,NA,NA,NA,NA,0,0,0,151,1,0
2020-05-09,Peru,32626000,Pasco,271900,NA,NA,NA,NA,4,0,0,162,1,0
2020-05-11,Peru,32626000,Pasco,271900,NA,NA,NA,NA,1,0,0,168,1,0
2020-05-13,Peru,32626000,Pasco,271900,NA,NA,NA,NA,2,0,0,173,1,0
2020-05-15,Peru,32626000,Pasco,271900,NA,NA,NA,NA,6,3,0,185,4,0
2020-05-17,Peru,32626000,Pasco,271900,NA,NA,NA,NA,7,0,0,196,4,0
2020-05-19,Peru,32626000,Pasco,271900,NA,NA,NA,NA,18,0,0,229,4,0
2020-05-21,Peru,32626000,Pasco,271900,NA,NA,NA,NA,18,0,0,249,5,0
2020-05-23,Peru,32626000,Pasco,271900,NA,NA,NA,NA,12,2,0,288,8,0
2020-05-25,Peru,32626000,Pasco,271900,NA,NA,NA,NA,52,0,0,387,8,0
2020-05-27,Peru,32626000,Pasco,271900,NA,NA,NA,NA,8,0,0,416,8,0
2020-05-29,Peru,32626000,Pasco,271900,NA,NA,NA,NA,22,0,0,448,8,0
2020-05-31,Peru,32626000,Pasco,271900,NA,NA,NA,NA,5,0,0,463,9,0
2020-06-02,Peru,32626000,Pasco,271900,NA,NA,NA,NA,3,2,0,476,11,0
2020-06-04,Peru,32626000,Pasco,271900,NA,NA,NA,NA,32,0,0,512,11,0
2020-06-06,Peru,32626000,Pasco,271900,NA,NA,NA,NA,12,0,0,565,11,0
2020-06-08,Peru,32626000,Pasco,271900,NA,NA,NA,NA,69,0,0,643,11,0
2020-06-10,Peru,32626000,Pasco,271900,NA,NA,NA,NA,23,1,0,679,13,0
2020-06-12,Peru,32626000,Pasco,271900,NA,NA,NA,NA,29,0,0,729,13,0
2020-06-14,Peru,32626000,Pasco,271900,NA,NA,NA,NA,12,0,0,759,13,0
2020-06-16,Peru,32626000,Pasco,271900,NA,NA,NA,NA,23,1,0,817,15,0
2020-06-18,Peru,32626000,Pasco,271900,NA,NA,NA,NA,3,0,0,829,16,0
2020-06-20,Peru,32626000,Pasco,271900,NA,NA,NA,NA,15,0,0,856,16,0
2020-06-22,Peru,32626000,Pasco,271900,NA,NA,NA,NA,1,2,0,867,20,0
2020-06-24,Peru,32626000,Pasco,271900,NA,NA,NA,NA,7,0,0,888,20,0
2020-06-26,Peru,32626000,Pasco,271900,NA,NA,NA,NA,10,0,0,908,20,0
2020-06-28,Peru,32626000,Pasco,271900,NA,NA,NA,NA,14,0,0,936,20,0
2020-06-30,Peru,32626000,Pasco,271900,NA,NA,NA,NA,13,1,0,1104,21,0
2020-07-02,Peru,32626000,Pasco,271900,NA,NA,NA,NA,12,0,0,1133,23,0
2020-07-04,Peru,32626000,Pasco,271900,NA,NA,NA,NA,9,1,0,1164,24,0
2020-07-06,Peru,32626000,Pasco,271900,NA,NA,NA,NA,6,1,0,1190,25,0
2020-07-08,Peru,32626000,Pasco,271900,NA,NA,NA,NA,17,0,0,1234,25,0
2020-07-10,Peru,32626000,Pasco,271900,NA,NA,NA,NA,9,0,0,1280,25,0
2020-07-12,Peru,32626000,Pasco,271900,NA,NA,NA,NA,33,3,0,1330,28,0
2020-07-14,Peru,32626000,Pasco,271900,NA,NA,NA,NA,38,1,0,1395,30,0
2020-07-16,Peru,32626000,Pasco,271900,NA,NA,NA,NA,13,1,0,1417,33,0
2020-07-18,Peru,32626000,Pasco,271900,NA,NA,NA,NA,19,1,0,1449,35,0
2020-07-20,Peru,32626000,Pasco,271900,NA,NA,NA,NA,27,0,0,1481,37,0
2020-07-22,Peru,32626000,Pasco,271900,NA,NA,NA,NA,27,0,0,1531,38,0
2020-07-24,Peru,32626000,Pasco,271900,NA,NA,NA,NA,38,1,0,1581,39,0
2020-07-26,Peru,32626000,Pasco,271900,NA,NA,NA,NA,0,0,0,1581,39,0
2020-07-28,Peru,32626000,Pasco,271900,NA,NA,NA,NA,46,1,0,1751,43,0
2020-07-30,Peru,32626000,Pasco,271900,NA,NA,NA,NA,29,2,0,1855,45,0
2020-08-01,Peru,32626000,Pasco,271900,NA,NA,NA,NA,110,4,0,1965,49,0
2020-08-03,Peru,32626000,Pasco,271900,NA,NA,NA,NA,33,0,0,2049,50,0
2020-08-05,Peru,32626000,Pasco,271900,NA,NA,NA,NA,70,2,0,2225,53,0
2020-08-07,Peru,32626000,Pasco,271900,NA,NA,NA,NA,74,0,0,2417,53,0
2020-08-09,Peru,32626000,Pasco,271900,NA,NA,NA,NA,61,0,0,2565,54,0
2020-08-11,Peru,32626000,Pasco,271900,NA,NA,NA,NA,75,3,0,2703,58,0
2020-08-13,Peru,32626000,Pasco,271900,NA,NA,NA,NA,70,11,0,2868,70,0
2020-08-15,Peru,32626000,Pasco,271900,NA,NA,NA,NA,59,2,0,2988,73,0
2020-02-26,Peru,32626000,Piura,2048000,NA,NA,NA,NA,NA,NA,NA,0,0,0
2020-02-28,Peru,32626000,Piura,2048000,NA,NA,NA,NA,0,0,0,0,0,0
2020-03-01,Peru,32626000,Piura,2048000,NA,NA,NA,NA,0,0,0,0,0,0
2020-03-03,Peru,32626000,Piura,2048000,NA,NA,NA,NA,0,0,0,0,0,0
2020-03-05,Peru,32626000,Piura,2048000,NA,NA,NA,NA,0,0,0,0,0,0
2020-03-07,Peru,32626000,Piura,2048000,NA,NA,NA,NA,0,0,0,0,0,0
2020-03-09,Peru,32626000,Piura,2048000,NA,NA,NA,NA,0,0,0,0,0,0
2020-03-11,Peru,32626000,Piura,2048000,NA,NA,NA,NA,0,0,0,0,0,0
2020-03-13,Peru,32626000,Piura,2048000,NA,NA,NA,NA,0,0,0,0,0,0
2020-03-15,Peru,32626000,Piura,2048000,NA,NA,NA,NA,2,0,0,2,0,0
2020-03-17,Peru,32626000,Piura,2048000,NA,NA,NA,NA,0,0,0,2,0,0
2020-03-19,Peru,32626000,Piura,2048000,NA,NA,NA,NA,0,0,0,2,0,0
2020-03-21,Peru,32626000,Piura,2048000,NA,NA,NA,NA,16,0,0,18,0,0
2020-03-23,Peru,32626000,Piura,2048000,NA,NA,NA,NA,1,0,1,19,1,1
2020-03-25,Peru,32626000,Piura,2048000,NA,NA,NA,NA,0,0,0,19,1,1
2020-03-27,Peru,32626000,Piura,2048000,NA,NA,NA,NA,0,0,0,20,1,1
2020-03-29,Peru,32626000,Piura,2048000,NA,NA,NA,NA,1,0,0,21,1,1
2020-03-31,Peru,32626000,Piura,2048000,NA,NA,NA,NA,0,0,0,21,1,1
2020-04-02,Peru,32626000,Piura,2048000,NA,NA,NA,NA,1,0,0,27,1,1
2020-04-04,Peru,32626000,Piura,2048000,NA,NA,NA,NA,0,0,0,27,1,1
2020-04-06,Peru,32626000,Piura,2048000,NA,NA,NA,NA,1,0,0,30,1,1
2020-04-08,Peru,32626000,Piura,2048000,NA,NA,NA,NA,6,0,0,41,1,1
2020-04-10,Peru,32626000,Piura,2048000,NA,NA,NA,NA,15,0,0,68,3,1
2020-04-12,Peru,32626000,Piura,2048000,NA,NA,NA,NA,13,0,0,104,5,1
2020-04-14,Peru,32626000,Piura,2048000,NA,NA,NA,NA,104,9,0,224,14,1
2020-04-16,Peru,32626000,Piura,2048000,NA,NA,NA,NA,4,0,0,233,14,1
2020-04-18,Peru,32626000,Piura,2048000,NA,NA,NA,NA,80,9,0,344,24,1
2020-04-20,Peru,32626000,Piura,2048000,NA,NA,NA,NA,16,0,0,436,37,1
2020-04-22,Peru,32626000,Piura,2048000,NA,NA,NA,NA,39,8,0,514,45,1
2020-04-24,Peru,32626000,Piura,2048000,NA,NA,NA,NA,17,0,0,585,45,1
2020-04-26,Peru,32626000,Piura,2048000,NA,NA,NA,NA,121,0,0,790,79,1
2020-04-28,Peru,32626000,Piura,2048000,NA,NA,NA,NA,144,0,0,960,92,1
2020-04-30,Peru,32626000,Piura,2048000,NA,NA,NA,NA,127,15,0,1207,118,1
2020-05-02,Peru,32626000,Piura,2048000,NA,NA,NA,NA,96,12,0,1492,131,1
2020-05-04,Peru,32626000,Piura,2048000,NA,NA,NA,NA,134,0,0,1752,143,1
2020-05-06,Peru,32626000,Piura,2048000,NA,NA,NA,NA,110,35,0,1914,184,1
2020-05-08,Peru,32626000,Piura,2048000,NA,NA,NA,NA,44,28,0,2258,233,1
2020-05-10,Peru,32626000,Piura,2048000,NA,NA,NA,NA,37,17,0,2425,257,1
2020-05-12,Peru,32626000,Piura,2048000,NA,NA,NA,NA,115,29,0,2598,294,1
2020-05-14,Peru,32626000,Piura,2048000,NA,NA,NA,NA,137,19,0,2830,313,1
2020-05-16,Peru,32626000,Piura,2048000,NA,NA,NA,NA,62,0,0,3032,313,1
2020-05-18,Peru,32626000,Piura,2048000,NA,NA,NA,NA,29,57,0,3091,370,1
2020-05-20,Peru,32626000,Piura,2048000,NA,NA,NA,NA,143,14,0,3335,384,1
2020-05-22,Peru,32626000,Piura,2048000,NA,NA,NA,NA,125,24,0,3621,409,1
2020-05-24,Peru,32626000,Piura,2048000,NA,NA,NA,NA,407,3,0,4219,429,1
2020-05-26,Peru,32626000,Piura,2048000,NA,NA,NA,NA,0,12,0,5457,441,1
2020-05-28,Peru,32626000,Piura,2048000,NA,NA,NA,NA,903,16,0,6942,497,1
2020-05-30,Peru,32626000,Piura,2048000,NA,NA,NA,NA,0,3,0,7180,510,1
2020-06-01,Peru,32626000,Piura,2048000,NA,NA,NA,NA,639,8,0,8143,527,1
2020-06-03,Peru,32626000,Piura,2048000,NA,NA,NA,NA,0,7,0,7890,538,1
2020-06-05,Peru,32626000,Piura,2048000,NA,NA,NA,NA,688,8,0,10198,556,1
2020-06-07,Peru,32626000,Piura,2048000,NA,NA,NA,NA,229,8,0,10716,568,1
2020-06-09,Peru,32626000,Piura,2048000,NA,NA,NA,NA,181,11,0,11067,584,1
2020-06-11,Peru,32626000,Piura,2048000,NA,NA,NA,NA,657,8,0,12177,601,1
2020-06-13,Peru,32626000,Piura,2048000,NA,NA,NA,NA,643,7,0,13411,612,1
2020-06-15,Peru,32626000,Piura,2048000,NA,NA,NA,NA,247,8,0,14046,631,1
2020-06-17,Peru,32626000,Piura,2048000,NA,NA,NA,NA,193,9,0,14413,651,1
2020-06-19,Peru,32626000,Piura,2048000,NA,NA,NA,NA,243,6,0,14902,667,1
2020-06-21,Peru,32626000,Piura,2048000,NA,NA,NA,NA,266,6,0,15389,689,1
2020-06-23,Peru,32626000,Piura,2048000,NA,NA,NA,NA,99,6,0,15686,700,1
2020-06-25,Peru,32626000,Piura,2048000,NA,NA,NA,NA,238,10,0,16101,725,1
2020-06-27,Peru,32626000,Piura,2048000,NA,NA,NA,NA,211,4,0,16461,737,1
2020-06-29,Peru,32626000,Piura,2048000,NA,NA,NA,NA,112,6,0,16746,748,1
2020-07-01,Peru,32626000,Piura,2048000,NA,NA,NA,NA,226,5,0,17149,759,1
2020-07-03,Peru,32626000,Piura,2048000,NA,NA,NA,NA,237,13,0,17573,782,1
2020-07-05,Peru,32626000,Piura,2048000,NA,NA,NA,NA,117,12,0,17838,799,1
2020-07-07,Peru,32626000,Piura,2048000,NA,NA,NA,NA,87,3,0,18028,808,1
2020-07-09,Peru,32626000,Piura,2048000,NA,NA,NA,NA,152,11,0,18293,820,1
2020-07-11,Peru,32626000,Piura,2048000,NA,NA,NA,NA,142,2,0,18536,829,1
2020-07-13,Peru,32626000,Piura,2048000,NA,NA,NA,NA,151,6,0,18889,845,1
2020-07-15,Peru,32626000,Piura,2048000,NA,NA,NA,NA,72,2,0,19096,853,1
2020-07-17,Peru,32626000,Piura,2048000,NA,NA,NA,NA,62,7,0,19252,867,1
2020-07-19,Peru,32626000,Piura,2048000,NA,NA,NA,NA,139,6,0,19463,874,1
2020-07-21,Peru,32626000,Piura,2048000,NA,NA,NA,NA,148,6,0,19782,886,1
2020-07-23,Peru,32626000,Piura,2048000,NA,NA,NA,NA,105,333,0,20054,1225,1
2020-07-25,Peru,32626000,Piura,2048000,NA,NA,NA,NA,0,0,0,20206,1232,1
2020-07-27,Peru,32626000,Piura,2048000,NA,NA,NA,NA,292,14,0,20498,1246,1
2020-07-29,Peru,32626000,Piura,2048000,NA,NA,NA,NA,115,2,0,20802,1251,1
2020-07-31,Peru,32626000,Piura,2048000,NA,NA,NA,NA,0,0,0,21069,1254,1
2020-08-02,Peru,32626000,Piura,2048000,NA,NA,NA,NA,141,8,0,21494,1268,1
2020-08-04,Peru,32626000,Piura,2048000,NA,NA,NA,NA,124,6,0,21694,1282,1
2020-08-06,Peru,32626000,Piura,2048000,NA,NA,NA,NA,160,8,0,22031,1303,1
2020-08-08,Peru,32626000,Piura,2048000,NA,NA,NA,NA,200,5,0,22384,1311,1
2020-08-10,Peru,32626000,Piura,2048000,NA,NA,NA,NA,95,2,0,22736,1320,1
2020-08-12,Peru,32626000,Piura,2048000,NA,NA,NA,NA,234,4,0,23182,1331,1
2020-08-14,Peru,32626000,Piura,2048000,NA,NA,NA,NA,241,9,0,23708,1731,1
2020-02-25,Peru,32626000,Puno,1238000,NA,NA,NA,NA,NA,NA,NA,0,0,0
2020-02-27,Peru,32626000,Puno,1238000,NA,NA,NA,NA,0,0,0,0,0,0
2020-02-29,Peru,32626000,Puno,1238000,NA,NA,NA,NA,0,0,0,0,0,0
2020-03-02,Peru,32626000,Puno,1238000,NA,NA,NA,NA,0,0,0,0,0,0
2020-03-04,Peru,32626000,Puno,1238000,NA,NA,NA,NA,0,0,0,0,0,0
2020-03-06,Peru,32626000,Puno,1238000,NA,NA,NA,NA,0,0,0,0,0,0
2020-03-08,Peru,32626000,Puno,1238000,NA,NA,NA,NA,0,0,0,0,0,0
2020-03-10,Peru,32626000,Puno,1238000,NA,NA,NA,NA,0,0,0,0,0,0
2020-03-12,Peru,32626000,Puno,1238000,NA,NA,NA,NA,0,0,0,0,0,0
2020-03-14,Peru,32626000,Puno,1238000,NA,NA,NA,NA,0,0,0,0,0,0
2020-03-16,Peru,32626000,Puno,1238000,NA,NA,NA,NA,0,0,0,0,0,0
2020-03-18,Peru,32626000,Puno,1238000,NA,NA,NA,NA,0,0,0,0,0,0
2020-03-20,Peru,32626000,Puno,1238000,NA,NA,NA,NA,0,0,0,0,0,0
2020-03-22,Peru,32626000,Puno,1238000,NA,NA,NA,NA,0,0,0,0,0,0
2020-03-24,Peru,32626000,Puno,1238000,NA,NA,NA,NA,0,0,0,0,0,0
2020-03-26,Peru,32626000,Puno,1238000,NA,NA,NA,NA,0,0,0,0,0,0
2020-03-28,Peru,32626000,Puno,1238000,NA,NA,NA,NA,0,0,0,0,0,0
2020-03-30,Peru,32626000,Puno,1238000,NA,NA,NA,NA,0,0,0,0,0,0
2020-04-01,Peru,32626000,Puno,1238000,NA,NA,NA,NA,0,0,0,0,0,0
2020-04-03,Peru,32626000,Puno,1238000,NA,NA,NA,NA,0,0,0,0,0,0
2020-04-05,Peru,32626000,Puno,1238000,NA,NA,NA,NA,0,0,0,0,0,0
2020-04-07,Peru,32626000,Puno,1238000,NA,NA,NA,NA,1,0,0,1,0,0
2020-04-09,Peru,32626000,Puno,1238000,NA,NA,NA,NA,0,0,0,1,0,0
2020-04-11,Peru,32626000,Puno,1238000,NA,NA,NA,NA,0,0,0,1,0,0
2020-04-13,Peru,32626000,Puno,1238000,NA,NA,NA,NA,0,0,0,2,0,0
2020-04-15,Peru,32626000,Puno,1238000,NA,NA,NA,NA,0,0,0,2,0,0
2020-04-17,Peru,32626000,Puno,1238000,NA,NA,NA,NA,0,0,0,2,0,0
2020-04-19,Peru,32626000,Puno,1238000,NA,NA,NA,NA,3,0,0,8,0,0
2020-04-21,Peru,32626000,Puno,1238000,NA,NA,NA,NA,3,0,0,11,0,0
2020-04-23,Peru,32626000,Puno,1238000,NA,NA,NA,NA,18,0,0,33,0,0
2020-04-25,Peru,32626000,Puno,1238000,NA,NA,NA,NA,31,0,0,65,0,0
2020-04-27,Peru,32626000,Puno,1238000,NA,NA,NA,NA,0,0,0,69,0,0
2020-04-29,Peru,32626000,Puno,1238000,NA,NA,NA,NA,1,0,0,89,0,0
2020-05-01,Peru,32626000,Puno,1238000,NA,NA,NA,NA,11,0,0,116,0,0
2020-05-03,Peru,32626000,Puno,1238000,NA,NA,NA,NA,11,0,0,135,0,0
2020-05-05,Peru,32626000,Puno,1238000,NA,NA,NA,NA,2,1,0,144,1,0
2020-05-07,Peru,32626000,Puno,1238000,NA,NA,NA,NA,9,0,0,158,1,0
2020-05-09,Peru,32626000,Puno,1238000,NA,NA,NA,NA,0,0,0,164,1,0
2020-05-11,Peru,32626000,Puno,1238000,NA,NA,NA,NA,7,0,0,173,1,0
2020-05-13,Peru,32626000,Puno,1238000,NA,NA,NA,NA,5,0,0,185,1,0
2020-05-15,Peru,32626000,Puno,1238000,NA,NA,NA,NA,3,0,0,192,1,0
2020-05-17,Peru,32626000,Puno,1238000,NA,NA,NA,NA,19,0,0,220,1,0
2020-05-19,Peru,32626000,Puno,1238000,NA,NA,NA,NA,0,0,0,208,1,0
2020-05-21,Peru,32626000,Puno,1238000,NA,NA,NA,NA,8,0,0,225,1,0
2020-05-23,Peru,32626000,Puno,1238000,NA,NA,NA,NA,15,5,0,247,6,0
2020-05-25,Peru,32626000,Puno,1238000,NA,NA,NA,NA,6,0,0,263,6,0
2020-05-27,Peru,32626000,Puno,1238000,NA,NA,NA,NA,22,0,0,322,6,0
2020-05-29,Peru,32626000,Puno,1238000,NA,NA,NA,NA,0,1,0,321,7,0
2020-05-31,Peru,32626000,Puno,1238000,NA,NA,NA,NA,59,0,0,392,7,0
2020-06-02,Peru,32626000,Puno,1238000,NA,NA,NA,NA,13,0,0,399,7,0
2020-06-04,Peru,32626000,Puno,1238000,NA,NA,NA,NA,24,0,0,422,8,0
2020-06-06,Peru,32626000,Puno,1238000,NA,NA,NA,NA,6,0,0,462,9,0
2020-06-08,Peru,32626000,Puno,1238000,NA,NA,NA,NA,3,0,0,471,9,0
2020-06-10,Peru,32626000,Puno,1238000,NA,NA,NA,NA,21,0,0,497,9,0
2020-06-12,Peru,32626000,Puno,1238000,NA,NA,NA,NA,19,1,0,545,10,0
2020-06-14,Peru,32626000,Puno,1238000,NA,NA,NA,NA,10,1,0,566,13,0
2020-06-16,Peru,32626000,Puno,1238000,NA,NA,NA,NA,4,0,0,589,13,0
2020-06-18,Peru,32626000,Puno,1238000,NA,NA,NA,NA,7,1,0,701,14,0
2020-06-20,Peru,32626000,Puno,1238000,NA,NA,NA,NA,43,1,0,753,15,0
2020-06-22,Peru,32626000,Puno,1238000,NA,NA,NA,NA,15,0,0,781,15,0
2020-06-24,Peru,32626000,Puno,1238000,NA,NA,NA,NA,26,0,0,814,16,0
2020-06-26,Peru,32626000,Puno,1238000,NA,NA,NA,NA,12,2,0,844,18,0
2020-06-28,Peru,32626000,Puno,1238000,NA,NA,NA,NA,21,1,0,874,19,0
2020-06-30,Peru,32626000,Puno,1238000,NA,NA,NA,NA,9,2,0,952,21,0
2020-07-02,Peru,32626000,Puno,1238000,NA,NA,NA,NA,15,3,0,989,25,0
2020-07-04,Peru,32626000,Puno,1238000,NA,NA,NA,NA,17,1,0,1028,28,0
2020-07-06,Peru,32626000,Puno,1238000,NA,NA,NA,NA,19,3,0,1064,31,0
2020-07-08,Peru,32626000,Puno,1238000,NA,NA,NA,NA,27,1,0,1112,33,0
2020-07-10,Peru,32626000,Puno,1238000,NA,NA,NA,NA,7,1,0,1135,36,0
2020-07-12,Peru,32626000,Puno,1238000,NA,NA,NA,NA,12,1,0,1152,37,0
2020-07-14,Peru,32626000,Puno,1238000,NA,NA,NA,NA,17,0,0,1189,38,0
2020-07-16,Peru,32626000,Puno,1238000,NA,NA,NA,NA,17,2,0,1214,40,0
2020-07-18,Peru,32626000,Puno,1238000,NA,NA,NA,NA,5,2,0,1284,44,0
2020-07-20,Peru,32626000,Puno,1238000,NA,NA,NA,NA,36,1,0,1335,50,0
2020-07-22,Peru,32626000,Puno,1238000,NA,NA,NA,NA,15,1,0,1465,52,0
2020-07-24,Peru,32626000,Puno,1238000,NA,NA,NA,NA,71,2,0,1576,55,0
2020-07-26,Peru,32626000,Puno,1238000,NA,NA,NA,NA,0,0,0,1576,55,0
2020-07-28,Peru,32626000,Puno,1238000,NA,NA,NA,NA,70,2,0,1932,70,0
2020-07-30,Peru,32626000,Puno,1238000,NA,NA,NA,NA,139,0,0,2178,72,0
2020-08-01,Peru,32626000,Puno,1238000,NA,NA,NA,NA,245,6,0,2423,78,0
2020-08-03,Peru,32626000,Puno,1238000,NA,NA,NA,NA,92,5,0,2581,87,0
2020-08-05,Peru,32626000,Puno,1238000,NA,NA,NA,NA,155,2,0,2860,92,0
2020-08-07,Peru,32626000,Puno,1238000,NA,NA,NA,NA,186,2,0,3211,98,0
2020-08-09,Peru,32626000,Puno,1238000,NA,NA,NA,NA,158,8,0,3628,112,0
2020-08-11,Peru,32626000,Puno,1238000,NA,NA,NA,NA,92,5,0,3887,120,0
2020-08-13,Peru,32626000,Puno,1238000,NA,NA,NA,NA,196,9,0,4258,133,0
2020-08-15,Peru,32626000,Puno,1238000,NA,NA,NA,NA,435,8,0,4880,146,0
2020-02-26,Peru,32626000,San Martin,899600,NA,NA,NA,NA,NA,NA,NA,0,0,0
2020-02-28,Peru,32626000,San Martin,899600,NA,NA,NA,NA,0,0,0,0,0,0
2020-03-01,Peru,32626000,San Martin,899600,NA,NA,NA,NA,0,0,0,0,0,0
2020-03-03,Peru,32626000,San Martin,899600,NA,NA,NA,NA,0,0,0,0,0,0
2020-03-05,Peru,32626000,San Martin,899600,NA,NA,NA,NA,0,0,0,0,0,0
2020-03-07,Peru,32626000,San Martin,899600,NA,NA,NA,NA,0,0,0,0,0,0
2020-03-09,Peru,32626000,San Martin,899600,NA,NA,NA,NA,0,0,0,0,0,0
2020-03-11,Peru,32626000,San Martin,899600,NA,NA,NA,NA,0,0,0,0,0,0
2020-03-13,Peru,32626000,San Martin,899600,NA,NA,NA,NA,0,0,0,0,0,0
2020-03-15,Peru,32626000,San Martin,899600,NA,NA,NA,NA,0,0,0,0,0,0
2020-03-17,Peru,32626000,San Martin,899600,NA,NA,NA,NA,0,0,0,0,0,0
2020-03-19,Peru,32626000,San Martin,899600,NA,NA,NA,NA,0,0,0,0,0,0
2020-03-21,Peru,32626000,San Martin,899600,NA,NA,NA,NA,0,0,0,0,0,0
2020-03-23,Peru,32626000,San Martin,899600,NA,NA,NA,NA,1,0,0,1,0,0
2020-03-25,Peru,32626000,San Martin,899600,NA,NA,NA,NA,0,0,0,1,0,0
2020-03-27,Peru,32626000,San Martin,899600,NA,NA,NA,NA,0,0,0,1,0,0
2020-03-29,Peru,32626000,San Martin,899600,NA,NA,NA,NA,1,0,0,3,0,0
2020-03-31,Peru,32626000,San Martin,899600,NA,NA,NA,NA,1,1,0,6,1,0
2020-04-02,Peru,32626000,San Martin,899600,NA,NA,NA,NA,0,0,0,6,1,0
2020-04-04,Peru,32626000,San Martin,899600,NA,NA,NA,NA,2,0,0,8,1,0
2020-04-06,Peru,32626000,San Martin,899600,NA,NA,NA,NA,0,0,0,8,1,0
2020-04-08,Peru,32626000,San Martin,899600,NA,NA,NA,NA,3,0,0,11,1,0
2020-04-10,Peru,32626000,San Martin,899600,NA,NA,NA,NA,3,0,0,18,1,0
2020-04-12,Peru,32626000,San Martin,899600,NA,NA,NA,NA,3,0,0,23,1,0
2020-04-14,Peru,32626000,San Martin,899600,NA,NA,NA,NA,0,0,0,23,1,0
2020-04-16,Peru,32626000,San Martin,899600,NA,NA,NA,NA,0,0,0,47,1,0
2020-04-18,Peru,32626000,San Martin,899600,NA,NA,NA,NA,32,0,0,81,1,0
2020-04-20,Peru,32626000,San Martin,899600,NA,NA,NA,NA,0,0,0,94,1,0
2020-04-22,Peru,32626000,San Martin,899600,NA,NA,NA,NA,7,0,0,107,1,0
2020-04-24,Peru,32626000,San Martin,899600,NA,NA,NA,NA,6,0,0,117,1,0
2020-04-26,Peru,32626000,San Martin,899600,NA,NA,NA,NA,30,0,0,151,1,0
2020-04-28,Peru,32626000,San Martin,899600,NA,NA,NA,NA,12,0,0,178,1,0
2020-04-30,Peru,32626000,San Martin,899600,NA,NA,NA,NA,33,0,0,238,1,0
2020-05-02,Peru,32626000,San Martin,899600,NA,NA,NA,NA,17,0,0,265,1,0
2020-05-04,Peru,32626000,San Martin,899600,NA,NA,NA,NA,14,0,0,296,1,0
2020-05-06,Peru,32626000,San Martin,899600,NA,NA,NA,NA,14,0,0,317,1,0
2020-05-08,Peru,32626000,San Martin,899600,NA,NA,NA,NA,60,1,0,394,2,0
2020-05-10,Peru,32626000,San Martin,899600,NA,NA,NA,NA,38,1,0,466,3,0
2020-05-12,Peru,32626000,San Martin,899600,NA,NA,NA,NA,16,0,0,489,6,0
2020-05-14,Peru,32626000,San Martin,899600,NA,NA,NA,NA,44,0,0,549,6,0
2020-05-16,Peru,32626000,San Martin,899600,NA,NA,NA,NA,35,1,0,598,8,0
2020-05-18,Peru,32626000,San Martin,899600,NA,NA,NA,NA,7,3,0,652,12,0
2020-05-20,Peru,32626000,San Martin,899600,NA,NA,NA,NA,83,1,0,822,13,0
2020-05-22,Peru,32626000,San Martin,899600,NA,NA,NA,NA,46,0,0,903,13,0
2020-05-24,Peru,32626000,San Martin,899600,NA,NA,NA,NA,19,1,0,957,14,0
2020-05-26,Peru,32626000,San Martin,899600,NA,NA,NA,NA,23,0,0,1003,16,0
2020-05-28,Peru,32626000,San Martin,899600,NA,NA,NA,NA,56,1,0,1093,19,0
2020-05-30,Peru,32626000,San Martin,899600,NA,NA,NA,NA,74,0,0,1225,19,0
2020-06-01,Peru,32626000,San Martin,899600,NA,NA,NA,NA,39,3,0,1335,24,0
2020-06-03,Peru,32626000,San Martin,899600,NA,NA,NA,NA,69,3,0,1502,28,0
2020-06-05,Peru,32626000,San Martin,899600,NA,NA,NA,NA,119,1,0,1781,31,0
2020-06-07,Peru,32626000,San Martin,899600,NA,NA,NA,NA,49,4,0,1896,38,0
2020-06-09,Peru,32626000,San Martin,899600,NA,NA,NA,NA,100,2,0,2052,40,0
2020-06-11,Peru,32626000,San Martin,899600,NA,NA,NA,NA,100,1,0,2306,42,0
2020-06-13,Peru,32626000,San Martin,899600,NA,NA,NA,NA,220,7,0,2674,53,0
2020-06-15,Peru,32626000,San Martin,899600,NA,NA,NA,NA,72,4,0,2826,63,0
2020-06-17,Peru,32626000,San Martin,899600,NA,NA,NA,NA,104,6,0,3015,72,0
2020-06-19,Peru,32626000,San Martin,899600,NA,NA,NA,NA,140,3,0,3250,83,0
2020-06-21,Peru,32626000,San Martin,899600,NA,NA,NA,NA,170,16,0,3553,99,0
2020-06-23,Peru,32626000,San Martin,899600,NA,NA,NA,NA,86,22,0,3700,123,0
2020-06-25,Peru,32626000,San Martin,899600,NA,NA,NA,NA,171,3,0,3975,129,0
2020-06-27,Peru,32626000,San Martin,899600,NA,NA,NA,NA,198,7,0,4361,138,0
2020-06-29,Peru,32626000,San Martin,899600,NA,NA,NA,NA,148,2,0,4696,144,0
2020-07-01,Peru,32626000,San Martin,899600,NA,NA,NA,NA,94,3,0,5076,151,0
2020-07-03,Peru,32626000,San Martin,899600,NA,NA,NA,NA,273,4,0,5589,158,0
2020-07-05,Peru,32626000,San Martin,899600,NA,NA,NA,NA,126,3,0,5947,163,0
2020-07-07,Peru,32626000,San Martin,899600,NA,NA,NA,NA,74,0,0,6097,167,0
2020-07-09,Peru,32626000,San Martin,899600,NA,NA,NA,NA,90,4,0,6306,174,0
2020-07-11,Peru,32626000,San Martin,899600,NA,NA,NA,NA,101,1,0,6534,177,0
2020-07-13,Peru,32626000,San Martin,899600,NA,NA,NA,NA,82,3,0,6690,183,0
2020-07-15,Peru,32626000,San Martin,899600,NA,NA,NA,NA,62,3,0,6797,188,0
2020-07-17,Peru,32626000,San Martin,899600,NA,NA,NA,NA,42,1,0,6905,189,0
2020-07-19,Peru,32626000,San Martin,899600,NA,NA,NA,NA,72,3,0,7019,194,0
2020-07-21,Peru,32626000,San Martin,899600,NA,NA,NA,NA,2,2,0,7109,198,0
2020-07-23,Peru,32626000,San Martin,899600,NA,NA,NA,NA,85,34,0,7271,234,0
2020-07-25,Peru,32626000,San Martin,899600,NA,NA,NA,NA,0,0,0,7411,237,0
2020-07-27,Peru,32626000,San Martin,899600,NA,NA,NA,NA,430,43,0,7841,280,0
2020-07-29,Peru,32626000,San Martin,899600,NA,NA,NA,NA,222,18,0,8258,319,0
2020-07-31,Peru,32626000,San Martin,899600,NA,NA,NA,NA,0,0,0,8565,342,0
2020-08-02,Peru,32626000,San Martin,899600,NA,NA,NA,NA,112,1,0,8985,367,0
2020-08-04,Peru,32626000,San Martin,899600,NA,NA,NA,NA,153,0,0,9218,370,0
2020-08-06,Peru,32626000,San Martin,899600,NA,NA,NA,NA,205,28,0,9665,399,0
2020-08-08,Peru,32626000,San Martin,899600,NA,NA,NA,NA,151,2,0,10013,403,0
2020-08-10,Peru,32626000,San Martin,899600,NA,NA,NA,NA,66,26,0,10215,430,0
2020-08-12,Peru,32626000,San Martin,899600,NA,NA,NA,NA,206,1,0,10603,433,0
2020-08-14,Peru,32626000,San Martin,899600,NA,NA,NA,NA,150,5,0,10933,629,0
2020-02-25,Peru,32626000,Tacna,371000,NA,NA,NA,NA,NA,NA,NA,0,0,0
2020-02-27,Peru,32626000,Tacna,371000,NA,NA,NA,NA,0,0,0,0,0,0
2020-02-29,Peru,32626000,Tacna,371000,NA,NA,NA,NA,0,0,0,0,0,0
2020-03-02,Peru,32626000,Tacna,371000,NA,NA,NA,NA,0,0,0,0,0,0
2020-03-04,Peru,32626000,Tacna,371000,NA,NA,NA,NA,0,0,0,0,0,0
2020-03-06,Peru,32626000,Tacna,371000,NA,NA,NA,NA,0,0,0,0,0,0
2020-03-08,Peru,32626000,Tacna,371000,NA,NA,NA,NA,0,0,0,0,0,0
2020-03-10,Peru,32626000,Tacna,371000,NA,NA,NA,NA,0,0,0,0,0,0
2020-03-12,Peru,32626000,Tacna,371000,NA,NA,NA,NA,0,0,0,0,0,0
2020-03-14,Peru,32626000,Tacna,371000,NA,NA,NA,NA,0,0,0,0,0,0
2020-03-16,Peru,32626000,Tacna,371000,NA,NA,NA,NA,0,0,0,0,0,0
2020-03-18,Peru,32626000,Tacna,371000,NA,NA,NA,NA,0,0,0,0,0,0
2020-03-20,Peru,32626000,Tacna,371000,NA,NA,NA,NA,0,0,0,0,0,0
2020-03-22,Peru,32626000,Tacna,371000,NA,NA,NA,NA,0,0,0,0,0,0
2020-03-24,Peru,32626000,Tacna,371000,NA,NA,NA,NA,0,0,0,0,0,0
2020-03-26,Peru,32626000,Tacna,371000,NA,NA,NA,NA,0,0,0,0,0,0
2020-03-28,Peru,32626000,Tacna,371000,NA,NA,NA,NA,0,0,0,0,0,0
2020-03-30,Peru,32626000,Tacna,371000,NA,NA,NA,NA,0,0,0,1,0,0
2020-04-01,Peru,32626000,Tacna,371000,NA,NA,NA,NA,1,0,0,3,0,0
2020-04-03,Peru,32626000,Tacna,371000,NA,NA,NA,NA,0,0,0,3,0,0
2020-04-05,Peru,32626000,Tacna,371000,NA,NA,NA,NA,6,0,0,9,0,0
2020-04-07,Peru,32626000,Tacna,371000,NA,NA,NA,NA,0,0,0,9,0,0
2020-04-09,Peru,32626000,Tacna,371000,NA,NA,NA,NA,0,0,0,9,0,0
2020-04-11,Peru,32626000,Tacna,371000,NA,NA,NA,NA,0,0,0,9,0,0
2020-04-13,Peru,32626000,Tacna,371000,NA,NA,NA,NA,0,0,0,9,0,0
2020-04-15,Peru,32626000,Tacna,371000,NA,NA,NA,NA,1,0,0,10,0,0
2020-04-17,Peru,32626000,Tacna,371000,NA,NA,NA,NA,6,0,0,20,0,0
2020-04-19,Peru,32626000,Tacna,371000,NA,NA,NA,NA,7,0,0,35,0,0
2020-04-21,Peru,32626000,Tacna,371000,NA,NA,NA,NA,7,0,0,42,0,0
2020-04-23,Peru,32626000,Tacna,371000,NA,NA,NA,NA,6,0,0,50,0,0
2020-04-25,Peru,32626000,Tacna,371000,NA,NA,NA,NA,8,1,0,67,1,0
2020-04-27,Peru,32626000,Tacna,371000,NA,NA,NA,NA,3,0,0,71,1,0
2020-04-29,Peru,32626000,Tacna,371000,NA,NA,NA,NA,17,0,0,94,1,0
2020-05-01,Peru,32626000,Tacna,371000,NA,NA,NA,NA,15,0,0,126,1,0
2020-05-03,Peru,32626000,Tacna,371000,NA,NA,NA,NA,13,1,0,141,2,0
2020-05-05,Peru,32626000,Tacna,371000,NA,NA,NA,NA,8,0,0,149,2,0
2020-05-07,Peru,32626000,Tacna,371000,NA,NA,NA,NA,6,0,0,166,2,0
2020-05-09,Peru,32626000,Tacna,371000,NA,NA,NA,NA,5,0,0,171,2,0
2020-05-11,Peru,32626000,Tacna,371000,NA,NA,NA,NA,0,0,0,178,2,0
2020-05-13,Peru,32626000,Tacna,371000,NA,NA,NA,NA,3,0,0,181,2,0
2020-05-15,Peru,32626000,Tacna,371000,NA,NA,NA,NA,10,0,0,197,2,0
2020-05-17,Peru,32626000,Tacna,371000,NA,NA,NA,NA,7,0,0,215,2,0
2020-05-19,Peru,32626000,Tacna,371000,NA,NA,NA,NA,12,2,0,228,4,0
2020-05-21,Peru,32626000,Tacna,371000,NA,NA,NA,NA,12,0,0,254,4,0
2020-05-23,Peru,32626000,Tacna,371000,NA,NA,NA,NA,12,0,0,291,4,0
2020-05-25,Peru,32626000,Tacna,371000,NA,NA,NA,NA,34,0,0,325,4,0
2020-05-27,Peru,32626000,Tacna,371000,NA,NA,NA,NA,19,0,0,360,4,0
2020-05-29,Peru,32626000,Tacna,371000,NA,NA,NA,NA,0,0,0,372,4,0
2020-05-31,Peru,32626000,Tacna,371000,NA,NA,NA,NA,73,1,0,448,5,0
2020-06-02,Peru,32626000,Tacna,371000,NA,NA,NA,NA,49,0,0,447,5,0
2020-06-04,Peru,32626000,Tacna,371000,NA,NA,NA,NA,10,0,0,468,5,0
2020-06-06,Peru,32626000,Tacna,371000,NA,NA,NA,NA,2,0,0,506,5,0
2020-06-08,Peru,32626000,Tacna,371000,NA,NA,NA,NA,42,0,0,535,5,0
2020-06-10,Peru,32626000,Tacna,371000,NA,NA,NA,NA,16,0,0,563,5,0
2020-06-12,Peru,32626000,Tacna,371000,NA,NA,NA,NA,10,0,0,582,5,0
2020-06-14,Peru,32626000,Tacna,371000,NA,NA,NA,NA,11,0,0,607,5,0
2020-06-16,Peru,32626000,Tacna,371000,NA,NA,NA,NA,13,0,0,624,6,0
2020-06-18,Peru,32626000,Tacna,371000,NA,NA,NA,NA,8,0,0,688,7,0
2020-06-20,Peru,32626000,Tacna,371000,NA,NA,NA,NA,46,1,0,738,8,0
2020-06-22,Peru,32626000,Tacna,371000,NA,NA,NA,NA,57,0,0,804,8,0
2020-06-24,Peru,32626000,Tacna,371000,NA,NA,NA,NA,5,0,0,815,8,0
2020-06-26,Peru,32626000,Tacna,371000,NA,NA,NA,NA,27,0,0,848,8,0
2020-06-28,Peru,32626000,Tacna,371000,NA,NA,NA,NA,7,0,0,876,8,0
2020-06-30,Peru,32626000,Tacna,371000,NA,NA,NA,NA,9,0,0,897,9,0
2020-07-02,Peru,32626000,Tacna,371000,NA,NA,NA,NA,16,0,0,960,9,0
2020-07-04,Peru,32626000,Tacna,371000,NA,NA,NA,NA,36,0,0,1007,10,0
2020-07-06,Peru,32626000,Tacna,371000,NA,NA,NA,NA,4,0,0,1038,10,0
2020-07-08,Peru,32626000,Tacna,371000,NA,NA,NA,NA,42,0,0,1107,10,0
2020-07-10,Peru,32626000,Tacna,371000,NA,NA,NA,NA,86,1,0,1223,11,0
2020-07-12,Peru,32626000,Tacna,371000,NA,NA,NA,NA,45,1,0,1302,12,0
2020-07-14,Peru,32626000,Tacna,371000,NA,NA,NA,NA,33,0,0,1374,13,0
2020-07-16,Peru,32626000,Tacna,371000,NA,NA,NA,NA,54,0,0,1500,13,0
2020-07-18,Peru,32626000,Tacna,371000,NA,NA,NA,NA,85,0,0,1635,14,0
2020-07-20,Peru,32626000,Tacna,371000,NA,NA,NA,NA,281,1,0,1975,16,0
2020-07-22,Peru,32626000,Tacna,371000,NA,NA,NA,NA,83,0,0,2091,17,0
2020-07-24,Peru,32626000,Tacna,371000,NA,NA,NA,NA,52,2,0,2250,27,0
2020-07-26,Peru,32626000,Tacna,371000,NA,NA,NA,NA,0,0,0,2250,27,0
2020-07-28,Peru,32626000,Tacna,371000,NA,NA,NA,NA,103,1,0,2509,30,0
2020-07-30,Peru,32626000,Tacna,371000,NA,NA,NA,NA,117,3,0,2733,33,0
2020-08-01,Peru,32626000,Tacna,371000,NA,NA,NA,NA,264,3,0,2997,36,0
2020-08-03,Peru,32626000,Tacna,371000,NA,NA,NA,NA,93,0,0,3207,37,0
2020-08-05,Peru,32626000,Tacna,371000,NA,NA,NA,NA,234,1,0,3522,39,0
2020-08-07,Peru,32626000,Tacna,371000,NA,NA,NA,NA,197,1,0,3918,44,0
2020-08-09,Peru,32626000,Tacna,371000,NA,NA,NA,NA,164,5,0,4303,52,0
2020-08-11,Peru,32626000,Tacna,371000,NA,NA,NA,NA,109,6,0,4529,58,0
2020-08-13,Peru,32626000,Tacna,371000,NA,NA,NA,NA,204,33,0,4899,91,0
2020-08-15,Peru,32626000,Tacna,371000,NA,NA,NA,NA,214,2,0,5311,100,0
2020-02-26,Peru,32626000,Tumbes,251500,NA,NA,NA,NA,NA,NA,NA,0,0,0
2020-02-28,Peru,32626000,Tumbes,251500,NA,NA,NA,NA,0,0,0,0,0,0
2020-03-01,Peru,32626000,Tumbes,251500,NA,NA,NA,NA,0,0,0,0,0,0
2020-03-03,Peru,32626000,Tumbes,251500,NA,NA,NA,NA,0,0,0,0,0,0
2020-03-05,Peru,32626000,Tumbes,251500,NA,NA,NA,NA,0,0,0,0,0,0
2020-03-07,Peru,32626000,Tumbes,251500,NA,NA,NA,NA,0,0,0,0,0,0
2020-03-09,Peru,32626000,Tumbes,251500,NA,NA,NA,NA,0,0,0,0,0,0
2020-03-11,Peru,32626000,Tumbes,251500,NA,NA,NA,NA,0,0,0,0,0,0
2020-03-13,Peru,32626000,Tumbes,251500,NA,NA,NA,NA,0,0,0,0,0,0
2020-03-15,Peru,32626000,Tumbes,251500,NA,NA,NA,NA,0,0,0,0,0,0
2020-03-17,Peru,32626000,Tumbes,251500,NA,NA,NA,NA,0,0,0,0,0,0
2020-03-19,Peru,32626000,Tumbes,251500,NA,NA,NA,NA,0,0,0,0,0,0
2020-03-21,Peru,32626000,Tumbes,251500,NA,NA,NA,NA,0,0,0,0,0,0
2020-03-23,Peru,32626000,Tumbes,251500,NA,NA,NA,NA,0,0,0,0,0,0
2020-03-25,Peru,32626000,Tumbes,251500,NA,NA,NA,NA,0,0,0,3,0,0
2020-03-27,Peru,32626000,Tumbes,251500,NA,NA,NA,NA,2,0,0,5,0,0
2020-03-29,Peru,32626000,Tumbes,251500,NA,NA,NA,NA,2,0,0,8,0,0
2020-03-31,Peru,32626000,Tumbes,251500,NA,NA,NA,NA,2,1,0,10,1,0
2020-04-02,Peru,32626000,Tumbes,251500,NA,NA,NA,NA,2,1,0,15,2,0
2020-04-04,Peru,32626000,Tumbes,251500,NA,NA,NA,NA,4,1,0,20,3,0
2020-04-06,Peru,32626000,Tumbes,251500,NA,NA,NA,NA,0,0,0,26,3,0
2020-04-08,Peru,32626000,Tumbes,251500,NA,NA,NA,NA,0,0,0,27,4,0
2020-04-10,Peru,32626000,Tumbes,251500,NA,NA,NA,NA,0,0,0,27,4,0
2020-04-12,Peru,32626000,Tumbes,251500,NA,NA,NA,NA,1,0,0,69,4,0
2020-04-14,Peru,32626000,Tumbes,251500,NA,NA,NA,NA,0,0,0,69,4,0
2020-04-16,Peru,32626000,Tumbes,251500,NA,NA,NA,NA,3,0,0,85,10,0
2020-04-18,Peru,32626000,Tumbes,251500,NA,NA,NA,NA,0,0,0,86,10,0
2020-04-20,Peru,32626000,Tumbes,251500,NA,NA,NA,NA,1,0,0,184,10,0
2020-04-22,Peru,32626000,Tumbes,251500,NA,NA,NA,NA,7,0,0,205,10,0
2020-04-24,Peru,32626000,Tumbes,251500,NA,NA,NA,NA,1,3,0,234,19,0
2020-04-26,Peru,32626000,Tumbes,251500,NA,NA,NA,NA,10,0,0,250,19,0
2020-04-28,Peru,32626000,Tumbes,251500,NA,NA,NA,NA,25,0,0,275,19,0
2020-04-30,Peru,32626000,Tumbes,251500,NA,NA,NA,NA,20,0,0,310,19,0
2020-05-02,Peru,32626000,Tumbes,251500,NA,NA,NA,NA,10,0,0,336,19,0
2020-05-04,Peru,32626000,Tumbes,251500,NA,NA,NA,NA,0,0,0,347,19,0
2020-05-06,Peru,32626000,Tumbes,251500,NA,NA,NA,NA,65,0,0,443,19,0
2020-05-08,Peru,32626000,Tumbes,251500,NA,NA,NA,NA,10,0,0,461,19,0
2020-05-10,Peru,32626000,Tumbes,251500,NA,NA,NA,NA,8,28,0,486,47,0
2020-05-12,Peru,32626000,Tumbes,251500,NA,NA,NA,NA,11,0,0,507,47,0
2020-05-14,Peru,32626000,Tumbes,251500,NA,NA,NA,NA,18,12,0,557,59,0
2020-05-16,Peru,32626000,Tumbes,251500,NA,NA,NA,NA,25,0,0,603,59,0
2020-05-18,Peru,32626000,Tumbes,251500,NA,NA,NA,NA,4,0,0,639,59,0
2020-05-20,Peru,32626000,Tumbes,251500,NA,NA,NA,NA,27,3,0,702,62,0
2020-05-22,Peru,32626000,Tumbes,251500,NA,NA,NA,NA,5,3,0,727,65,0
2020-05-24,Peru,32626000,Tumbes,251500,NA,NA,NA,NA,0,3,0,1032,68,0
2020-05-26,Peru,32626000,Tumbes,251500,NA,NA,NA,NA,17,0,0,1091,69,0
2020-05-28,Peru,32626000,Tumbes,251500,NA,NA,NA,NA,104,0,0,1219,69,0
2020-05-30,Peru,32626000,Tumbes,251500,NA,NA,NA,NA,0,1,0,1219,71,0
2020-06-01,Peru,32626000,Tumbes,251500,NA,NA,NA,NA,4,1,0,1352,76,0
2020-06-03,Peru,32626000,Tumbes,251500,NA,NA,NA,NA,41,2,0,1267,79,0
2020-06-05,Peru,32626000,Tumbes,251500,NA,NA,NA,NA,12,2,0,1501,84,0
2020-06-07,Peru,32626000,Tumbes,251500,NA,NA,NA,NA,38,3,0,1581,89,0
2020-06-09,Peru,32626000,Tumbes,251500,NA,NA,NA,NA,46,2,0,1631,93,0
2020-06-11,Peru,32626000,Tumbes,251500,NA,NA,NA,NA,50,2,0,1736,95,0
2020-06-13,Peru,32626000,Tumbes,251500,NA,NA,NA,NA,65,1,0,1879,97,0
2020-06-15,Peru,32626000,Tumbes,251500,NA,NA,NA,NA,38,1,0,1975,99,0
2020-06-17,Peru,32626000,Tumbes,251500,NA,NA,NA,NA,107,2,0,2115,106,0
2020-06-19,Peru,32626000,Tumbes,251500,NA,NA,NA,NA,59,0,0,2195,108,0
2020-06-21,Peru,32626000,Tumbes,251500,NA,NA,NA,NA,55,1,0,2288,110,0
2020-06-23,Peru,32626000,Tumbes,251500,NA,NA,NA,NA,25,0,0,2346,111,0
2020-06-25,Peru,32626000,Tumbes,251500,NA,NA,NA,NA,56,0,0,2442,112,0
2020-06-27,Peru,32626000,Tumbes,251500,NA,NA,NA,NA,39,3,0,2518,118,0
2020-06-29,Peru,32626000,Tumbes,251500,NA,NA,NA,NA,34,0,0,2641,120,0
2020-07-01,Peru,32626000,Tumbes,251500,NA,NA,NA,NA,153,2,0,2849,123,0
2020-07-03,Peru,32626000,Tumbes,251500,NA,NA,NA,NA,158,2,0,3041,127,0
2020-07-05,Peru,32626000,Tumbes,251500,NA,NA,NA,NA,80,0,0,3146,127,0
2020-07-07,Peru,32626000,Tumbes,251500,NA,NA,NA,NA,44,0,0,3208,127,0
2020-07-09,Peru,32626000,Tumbes,251500,NA,NA,NA,NA,39,0,0,3257,127,0
2020-07-11,Peru,32626000,Tumbes,251500,NA,NA,NA,NA,25,0,0,3334,127,0
2020-07-13,Peru,32626000,Tumbes,251500,NA,NA,NA,NA,35,0,0,3451,127,0
2020-07-15,Peru,32626000,Tumbes,251500,NA,NA,NA,NA,7,2,0,3477,129,0
2020-07-17,Peru,32626000,Tumbes,251500,NA,NA,NA,NA,6,0,0,3490,129,0
2020-07-19,Peru,32626000,Tumbes,251500,NA,NA,NA,NA,23,1,0,3537,132,0
2020-07-21,Peru,32626000,Tumbes,251500,NA,NA,NA,NA,248,1,0,3831,133,0
2020-07-23,Peru,32626000,Tumbes,251500,NA,NA,NA,NA,22,75,0,3856,208,0
2020-07-25,Peru,32626000,Tumbes,251500,NA,NA,NA,NA,0,0,0,3937,208,0
2020-07-27,Peru,32626000,Tumbes,251500,NA,NA,NA,NA,82,1,0,4019,209,0
2020-07-29,Peru,32626000,Tumbes,251500,NA,NA,NA,NA,32,0,0,4090,209,0
2020-07-31,Peru,32626000,Tumbes,251500,NA,NA,NA,NA,0,0,0,4133,211,0
2020-08-02,Peru,32626000,Tumbes,251500,NA,NA,NA,NA,49,0,0,4285,214,0
2020-08-04,Peru,32626000,Tumbes,251500,NA,NA,NA,NA,56,2,0,4352,216,0
2020-08-06,Peru,32626000,Tumbes,251500,NA,NA,NA,NA,69,0,0,4492,216,0
2020-08-08,Peru,32626000,Tumbes,251500,NA,NA,NA,NA,52,1,0,4601,217,0
2020-08-10,Peru,32626000,Tumbes,251500,NA,NA,NA,NA,43,0,0,4711,217,0
2020-08-12,Peru,32626000,Tumbes,251500,NA,NA,NA,NA,50,1,0,4855,218,0
2020-08-14,Peru,32626000,Tumbes,251500,NA,NA,NA,NA,39,2,0,4965,267,0
2020-02-25,Peru,32626000,Ucayali,589100,NA,NA,NA,NA,NA,NA,NA,0,0,0
2020-02-27,Peru,32626000,Ucayali,589100,NA,NA,NA,NA,0,0,0,0,0,0
2020-02-29,Peru,32626000,Ucayali,589100,NA,NA,NA,NA,0,0,0,0,0,0
2020-03-02,Peru,32626000,Ucayali,589100,NA,NA,NA,NA,0,0,0,0,0,0
2020-03-04,Peru,32626000,Ucayali,589100,NA,NA,NA,NA,0,0,0,0,0,0
2020-03-06,Peru,32626000,Ucayali,589100,NA,NA,NA,NA,0,0,0,0,0,0
2020-03-08,Peru,32626000,Ucayali,589100,NA,NA,NA,NA,0,0,0,0,0,0
2020-03-10,Peru,32626000,Ucayali,589100,NA,NA,NA,NA,0,0,0,0,0,0
2020-03-12,Peru,32626000,Ucayali,589100,NA,NA,NA,NA,0,0,0,0,0,0
2020-03-14,Peru,32626000,Ucayali,589100,NA,NA,NA,NA,0,0,0,0,0,0
2020-03-16,Peru,32626000,Ucayali,589100,NA,NA,NA,NA,0,0,0,0,0,0
2020-03-18,Peru,32626000,Ucayali,589100,NA,NA,NA,NA,0,0,0,0,0,0
2020-03-20,Peru,32626000,Ucayali,589100,NA,NA,NA,NA,0,0,0,0,0,0
2020-03-22,Peru,32626000,Ucayali,589100,NA,NA,NA,NA,0,0,0,0,0,0
2020-03-24,Peru,32626000,Ucayali,589100,NA,NA,NA,NA,0,0,0,0,0,0
2020-03-26,Peru,32626000,Ucayali,589100,NA,NA,NA,NA,0,0,0,0,0,0
2020-03-28,Peru,32626000,Ucayali,589100,NA,NA,NA,NA,0,0,0,0,0,0
2020-03-30,Peru,32626000,Ucayali,589100,NA,NA,NA,NA,0,0,0,0,0,0
2020-04-01,Peru,32626000,Ucayali,589100,NA,NA,NA,NA,0,0,0,0,0,0
2020-04-03,Peru,32626000,Ucayali,589100,NA,NA,NA,NA,0,0,0,0,0,0
2020-04-05,Peru,32626000,Ucayali,589100,NA,NA,NA,NA,0,0,0,0,0,0
2020-04-07,Peru,32626000,Ucayali,589100,NA,NA,NA,NA,0,0,0,0,0,0
2020-04-09,Peru,32626000,Ucayali,589100,NA,NA,NA,NA,0,0,0,0,0,0
2020-04-11,Peru,32626000,Ucayali,589100,NA,NA,NA,NA,2,0,0,14,0,0
2020-04-13,Peru,32626000,Ucayali,589100,NA,NA,NA,NA,2,0,0,17,0,0
2020-04-15,Peru,32626000,Ucayali,589100,NA,NA,NA,NA,0,0,0,32,0,0
2020-04-17,Peru,32626000,Ucayali,589100,NA,NA,NA,NA,7,0,0,56,2,0
2020-04-19,Peru,32626000,Ucayali,589100,NA,NA,NA,NA,24,0,0,97,3,0
2020-04-21,Peru,32626000,Ucayali,589100,NA,NA,NA,NA,29,0,0,149,3,0
2020-04-23,Peru,32626000,Ucayali,589100,NA,NA,NA,NA,38,0,0,210,3,0
2020-04-25,Peru,32626000,Ucayali,589100,NA,NA,NA,NA,97,3,0,323,14,0
2020-04-27,Peru,32626000,Ucayali,589100,NA,NA,NA,NA,21,0,0,370,14,0
2020-04-29,Peru,32626000,Ucayali,589100,NA,NA,NA,NA,72,0,0,526,14,0
2020-05-01,Peru,32626000,Ucayali,589100,NA,NA,NA,NA,89,0,0,760,38,0
2020-05-03,Peru,32626000,Ucayali,589100,NA,NA,NA,NA,87,0,0,913,38,0
2020-05-05,Peru,32626000,Ucayali,589100,NA,NA,NA,NA,79,0,0,1032,38,0
2020-05-07,Peru,32626000,Ucayali,589100,NA,NA,NA,NA,93,0,0,1169,38,0
2020-05-09,Peru,32626000,Ucayali,589100,NA,NA,NA,NA,47,29,0,1255,67,0
2020-05-11,Peru,32626000,Ucayali,589100,NA,NA,NA,NA,63,0,0,1392,66,0
2020-05-13,Peru,32626000,Ucayali,589100,NA,NA,NA,NA,49,0,0,1486,66,0
2020-05-15,Peru,32626000,Ucayali,589100,NA,NA,NA,NA,80,0,0,1622,71,0
2020-05-17,Peru,32626000,Ucayali,589100,NA,NA,NA,NA,51,0,0,1709,91,0
2020-05-19,Peru,32626000,Ucayali,589100,NA,NA,NA,NA,192,0,0,2224,91,0
2020-05-21,Peru,32626000,Ucayali,589100,NA,NA,NA,NA,107,13,0,2478,104,0
2020-05-23,Peru,32626000,Ucayali,589100,NA,NA,NA,NA,123,0,0,2775,104,0
2020-05-25,Peru,32626000,Ucayali,589100,NA,NA,NA,NA,18,0,0,2959,104,0
2020-05-27,Peru,32626000,Ucayali,589100,NA,NA,NA,NA,0,0,0,3238,104,0
2020-05-29,Peru,32626000,Ucayali,589100,NA,NA,NA,NA,115,1,0,3645,106,0
2020-05-31,Peru,32626000,Ucayali,589100,NA,NA,NA,NA,409,0,0,4054,107,0
2020-06-02,Peru,32626000,Ucayali,589100,NA,NA,NA,NA,199,3,0,4467,110,0
2020-06-04,Peru,32626000,Ucayali,589100,NA,NA,NA,NA,443,0,0,5023,113,0
2020-06-06,Peru,32626000,Ucayali,589100,NA,NA,NA,NA,96,1,0,5183,115,0
2020-06-08,Peru,32626000,Ucayali,589100,NA,NA,NA,NA,115,0,0,5421,117,0
2020-06-10,Peru,32626000,Ucayali,589100,NA,NA,NA,NA,123,1,0,5648,119,0
2020-06-12,Peru,32626000,Ucayali,589100,NA,NA,NA,NA,171,2,0,6085,122,0
2020-06-14,Peru,32626000,Ucayali,589100,NA,NA,NA,NA,106,4,0,6350,126,0
2020-06-16,Peru,32626000,Ucayali,589100,NA,NA,NA,NA,38,2,0,6438,129,0
2020-06-18,Peru,32626000,Ucayali,589100,NA,NA,NA,NA,115,5,0,6760,138,0
2020-06-20,Peru,32626000,Ucayali,589100,NA,NA,NA,NA,98,2,0,6915,140,0
2020-06-22,Peru,32626000,Ucayali,589100,NA,NA,NA,NA,188,0,0,7177,141,0
2020-06-24,Peru,32626000,Ucayali,589100,NA,NA,NA,NA,64,3,0,7293,145,0
2020-06-26,Peru,32626000,Ucayali,589100,NA,NA,NA,NA,72,1,0,7399,146,0
2020-06-28,Peru,32626000,Ucayali,589100,NA,NA,NA,NA,91,3,0,7619,149,0
2020-06-30,Peru,32626000,Ucayali,589100,NA,NA,NA,NA,68,0,0,7736,152,0
2020-07-02,Peru,32626000,Ucayali,589100,NA,NA,NA,NA,113,1,0,7937,156,0
2020-07-04,Peru,32626000,Ucayali,589100,NA,NA,NA,NA,53,0,0,8032,157,0
2020-07-06,Peru,32626000,Ucayali,589100,NA,NA,NA,NA,25,3,0,8195,160,0
2020-07-08,Peru,32626000,Ucayali,589100,NA,NA,NA,NA,108,1,0,8421,161,0
2020-07-10,Peru,32626000,Ucayali,589100,NA,NA,NA,NA,82,0,0,8558,162,0
2020-07-12,Peru,32626000,Ucayali,589100,NA,NA,NA,NA,64,0,0,8713,163,0
2020-07-14,Peru,32626000,Ucayali,589100,NA,NA,NA,NA,32,3,0,8894,170,0
2020-07-16,Peru,32626000,Ucayali,589100,NA,NA,NA,NA,77,3,0,9009,173,0
2020-07-18,Peru,32626000,Ucayali,589100,NA,NA,NA,NA,28,1,0,9077,176,0
2020-07-20,Peru,32626000,Ucayali,589100,NA,NA,NA,NA,87,1,0,9244,178,0
2020-07-22,Peru,32626000,Ucayali,589100,NA,NA,NA,NA,30,2,0,9308,180,0
2020-07-24,Peru,32626000,Ucayali,589100,NA,NA,NA,NA,55,0,0,9381,226,0
2020-07-26,Peru,32626000,Ucayali,589100,NA,NA,NA,NA,0,0,0,9381,226,0
2020-07-28,Peru,32626000,Ucayali,589100,NA,NA,NA,NA,73,2,0,9598,231,0
2020-07-30,Peru,32626000,Ucayali,589100,NA,NA,NA,NA,204,2,0,9941,233,0
2020-08-01,Peru,32626000,Ucayali,589100,NA,NA,NA,NA,221,0,0,10162,233,0
2020-08-03,Peru,32626000,Ucayali,589100,NA,NA,NA,NA,71,1,0,10325,236,0
2020-08-05,Peru,32626000,Ucayali,589100,NA,NA,NA,NA,127,0,0,10507,236,0
2020-08-07,Peru,32626000,Ucayali,589100,NA,NA,NA,NA,153,0,0,10748,238,0
2020-08-09,Peru,32626000,Ucayali,589100,NA,NA,NA,NA,88,0,0,10928,239,0
2020-08-11,Peru,32626000,Ucayali,589100,NA,NA,NA,NA,167,1,0,11160,240,0
2020-08-13,Peru,32626000,Ucayali,589100,NA,NA,NA,NA,142,40,0,11483,280,0
2020-08-15,Peru,32626000,Ucayali,589100,NA,NA,NA,NA,105,0,0,11732,281,0
2020-02-26,Brazil,210147125,Acre,881935,NA,NA,NA,NA,0,NA,NA,0,0,0
2020-02-28,Brazil,210147125,Acre,881935,NA,NA,NA,NA,0,0,0,0,0,0
2020-03-01,Brazil,210147125,Acre,881935,NA,NA,NA,NA,0,0,0,0,0,0
2020-03-03,Brazil,210147125,Acre,881935,NA,NA,NA,NA,0,0,0,0,0,0
2020-03-05,Brazil,210147125,Acre,881935,NA,NA,NA,NA,0,0,0,0,0,0
2020-03-07,Brazil,210147125,Acre,881935,NA,NA,NA,NA,0,0,0,0,0,0
2020-03-09,Brazil,210147125,Acre,881935,NA,NA,NA,NA,0,0,0,0,0,0
2020-03-11,Brazil,210147125,Acre,881935,NA,NA,NA,NA,0,0,0,0,0,0
2020-03-13,Brazil,210147125,Acre,881935,NA,NA,NA,NA,0,0,0,0,0,0
2020-03-15,Brazil,210147125,Acre,881935,NA,NA,NA,NA,0,0,0,0,0,0
2020-03-17,Brazil,210147125,Acre,881935,NA,NA,NA,NA,0,0,0,0,0,0
2020-03-19,Brazil,210147125,Acre,881935,NA,NA,NA,NA,3,0,0,3,0,0
2020-03-21,Brazil,210147125,Acre,881935,NA,NA,NA,NA,2,0,0,9,0,0
2020-03-23,Brazil,210147125,Acre,881935,NA,NA,NA,NA,0,0,0,11,0,0
2020-03-25,Brazil,210147125,Acre,881935,NA,NA,NA,NA,6,0,0,23,0,0
2020-03-27,Brazil,210147125,Acre,881935,NA,NA,NA,NA,1,0,0,25,0,0
2020-03-29,Brazil,210147125,Acre,881935,NA,NA,NA,NA,9,0,0,34,0,0
2020-03-31,Brazil,210147125,Acre,881935,NA,NA,NA,NA,0,0,0,42,0,0
2020-04-02,Brazil,210147125,Acre,881935,NA,NA,NA,NA,0,0,0,43,0,0
2020-04-04,Brazil,210147125,Acre,881935,NA,NA,NA,NA,0,0,0,46,0,0
2020-04-06,Brazil,210147125,Acre,881935,NA,NA,NA,NA,2,0,0,50,0,0
2020-04-08,Brazil,210147125,Acre,881935,NA,NA,NA,NA,4,1,0,54,2,0
2020-04-10,Brazil,210147125,Acre,881935,NA,NA,NA,NA,8,0,0,70,2,0
2020-04-12,Brazil,210147125,Acre,881935,NA,NA,NA,NA,5,0,0,77,2,0
2020-04-14,Brazil,210147125,Acre,881935,NA,NA,NA,NA,9,0,0,99,3,0
2020-04-16,Brazil,210147125,Acre,881935,NA,NA,NA,NA,9,2,0,110,5,0
2020-04-18,Brazil,210147125,Acre,881935,NA,NA,NA,NA,7,0,0,142,5,0
2020-04-20,Brazil,210147125,Acre,881935,NA,NA,NA,NA,13,2,0,176,8,0
2020-04-22,Brazil,210147125,Acre,881935,NA,NA,NA,NA,19,0,0,214,8,0
2020-04-24,Brazil,210147125,Acre,881935,NA,NA,NA,NA,7,1,0,234,11,0
2020-04-26,Brazil,210147125,Acre,881935,NA,NA,NA,NA,21,0,0,279,11,0
2020-04-28,Brazil,210147125,Acre,881935,NA,NA,NA,NA,32,2,0,311,16,0
2020-04-30,Brazil,210147125,Acre,881935,NA,NA,NA,NA,50,2,0,404,19,0
2020-05-02,Brazil,210147125,Acre,881935,NA,NA,NA,NA,67,3,0,553,22,0
2020-05-04,Brazil,210147125,Acre,881935,NA,NA,NA,NA,76,4,0,733,28,0
2020-05-06,Brazil,210147125,Acre,881935,NA,NA,NA,NA,126,4,0,943,33,0
2020-05-08,Brazil,210147125,Acre,881935,NA,NA,NA,NA,163,2,0,1177,38,0
2020-05-10,Brazil,210147125,Acre,881935,NA,NA,NA,NA,112,2,0,1447,41,0
2020-05-12,Brazil,210147125,Acre,881935,NA,NA,NA,NA,130,6,0,1590,51,0
2020-05-14,Brazil,210147125,Acre,881935,NA,NA,NA,NA,46,3,0,1740,55,0
2020-05-16,Brazil,210147125,Acre,881935,NA,NA,NA,NA,82,2,0,1867,59,0
2020-05-18,Brazil,210147125,Acre,881935,NA,NA,NA,NA,237,7,0,2234,67,0
2020-05-20,Brazil,210147125,Acre,881935,NA,NA,NA,NA,335,4,0,2817,76,0
2020-05-22,Brazil,210147125,Acre,881935,NA,NA,NA,NA,240,2,0,3343,80,0
2020-05-24,Brazil,210147125,Acre,881935,NA,NA,NA,NA,293,5,0,4160,92,0
2020-05-26,Brazil,210147125,Acre,881935,NA,NA,NA,NA,280,8,0,4781,105,0
2020-05-28,Brazil,210147125,Acre,881935,NA,NA,NA,NA,349,9,0,5600,122,0
2020-05-30,Brazil,210147125,Acre,881935,NA,NA,NA,NA,231,7,0,6072,142,0
2020-06-01,Brazil,210147125,Acre,881935,NA,NA,NA,NA,107,13,0,6326,161,0
2020-06-03,Brazil,210147125,Acre,881935,NA,NA,NA,NA,214,6,0,6679,171,0
2020-06-05,Brazil,210147125,Acre,881935,NA,NA,NA,NA,263,9,0,7284,190,0
2020-06-07,Brazil,210147125,Acre,881935,NA,NA,NA,NA,458,6,0,7983,207,0
2020-06-09,Brazil,210147125,Acre,881935,NA,NA,NA,NA,329,12,0,8457,223,0
2020-06-11,Brazil,210147125,Acre,881935,NA,NA,NA,NA,345,8,0,9091,245,0
2020-06-13,Brazil,210147125,Acre,881935,NA,NA,NA,NA,239,2,0,9534,256,0
2020-06-15,Brazil,210147125,Acre,881935,NA,NA,NA,NA,129,6,0,9771,265,0
2020-06-17,Brazil,210147125,Acre,881935,NA,NA,NA,NA,336,10,0,10339,281,0
2020-06-19,Brazil,210147125,Acre,881935,NA,NA,NA,NA,323,5,0,10987,292,0
2020-06-21,Brazil,210147125,Acre,881935,NA,NA,NA,NA,118,3,0,11381,300,0
2020-06-23,Brazil,210147125,Acre,881935,NA,NA,NA,NA,271,16,0,11810,321,0
2020-06-25,Brazil,210147125,Acre,881935,NA,NA,NA,NA,282,9,0,12304,335,0
2020-06-27,Brazil,210147125,Acre,881935,NA,NA,NA,NA,269,8,0,12913,351,0
2020-06-29,Brazil,210147125,Acre,881935,NA,NA,NA,NA,88,8,0,13146,361,0
2020-07-01,Brazil,210147125,Acre,881935,NA,NA,NA,NA,462,5,0,13715,370,0
2020-07-03,Brazil,210147125,Acre,881935,NA,NA,NA,NA,64,9,0,14112,387,0
2020-07-05,Brazil,210147125,Acre,881935,NA,NA,NA,NA,135,0,0,14622,391,0
2020-07-07,Brazil,210147125,Acre,881935,NA,NA,NA,NA,253,5,0,14941,399,0
2020-07-09,Brazil,210147125,Acre,881935,NA,NA,NA,NA,298,7,0,15465,411,0
2020-07-11,Brazil,210147125,Acre,881935,NA,NA,NA,NA,312,2,0,16080,419,0
2020-07-13,Brazil,210147125,Acre,881935,NA,NA,NA,NA,70,4,0,16260,430,0
2020-07-15,Brazil,210147125,Acre,881935,NA,NA,NA,NA,193,10,0,16672,446,0
2020-07-17,Brazil,210147125,Acre,881935,NA,NA,NA,NA,100,5,0,16965,452,0
2020-07-19,Brazil,210147125,Acre,881935,NA,NA,NA,NA,93,3,0,17295,460,0
2020-07-21,Brazil,210147125,Acre,881935,NA,NA,NA,NA,238,4,0,17700,469,0
2020-07-23,Brazil,210147125,Acre,881935,NA,NA,NA,NA,178,4,0,18157,474,0
2020-07-25,Brazil,210147125,Acre,881935,NA,NA,NA,NA,264,3,0,18657,483,0
2020-07-27,Brazil,210147125,Acre,881935,NA,NA,NA,NA,38,7,0,18783,493,0
2020-07-29,Brazil,210147125,Acre,881935,NA,NA,NA,NA,234,10,0,19366,510,0
2020-07-31,Brazil,210147125,Acre,881935,NA,NA,NA,NA,52,10,0,19625,531,0
2020-08-02,Brazil,210147125,Acre,881935,NA,NA,NA,NA,0,0,0,19625,531,0
2020-08-04,Brazil,210147125,Acre,881935,NA,NA,NA,NA,0,0,0,19625,531,0
2020-08-06,Brazil,210147125,Acre,881935,NA,NA,NA,NA,230,5,0,21263,552,0
2020-08-08,Brazil,210147125,Acre,881935,NA,NA,NA,NA,122,3,0,21498,559,0
2020-08-10,Brazil,210147125,Acre,881935,NA,NA,NA,NA,32,1,0,21619,562,0
2020-08-12,Brazil,210147125,Acre,881935,NA,NA,NA,NA,236,4,0,21993,569,0
2020-08-14,Brazil,210147125,Acre,881935,NA,NA,NA,NA,193,2,0,22435,576,0
2020-02-25,Brazil,210147125,Alagoas,3337357,NA,NA,NA,NA,NA,NA,NA,0,0,0
2020-02-27,Brazil,210147125,Alagoas,3337357,NA,NA,NA,NA,0,0,0,0,0,0
2020-02-29,Brazil,210147125,Alagoas,3337357,NA,NA,NA,NA,0,0,0,0,0,0
2020-03-02,Brazil,210147125,Alagoas,3337357,NA,NA,NA,NA,0,0,0,0,0,0
2020-03-04,Brazil,210147125,Alagoas,3337357,NA,NA,NA,NA,0,0,0,0,0,0
2020-03-06,Brazil,210147125,Alagoas,3337357,NA,NA,NA,NA,0,0,0,0,0,0
2020-03-08,Brazil,210147125,Alagoas,3337357,NA,NA,NA,NA,1,0,0,1,0,0
2020-03-10,Brazil,210147125,Alagoas,3337357,NA,NA,NA,NA,0,0,0,1,0,0
2020-03-12,Brazil,210147125,Alagoas,3337357,NA,NA,NA,NA,0,0,0,1,0,0
2020-03-14,Brazil,210147125,Alagoas,3337357,NA,NA,NA,NA,0,0,0,1,0,0
2020-03-16,Brazil,210147125,Alagoas,3337357,NA,NA,NA,NA,0,0,0,1,0,0
2020-03-18,Brazil,210147125,Alagoas,3337357,NA,NA,NA,NA,0,0,0,1,0,0
2020-03-20,Brazil,210147125,Alagoas,3337357,NA,NA,NA,NA,1,0,0,5,0,0
2020-03-22,Brazil,210147125,Alagoas,3337357,NA,NA,NA,NA,0,0,0,7,0,0
2020-03-24,Brazil,210147125,Alagoas,3337357,NA,NA,NA,NA,2,0,0,9,0,0
2020-03-26,Brazil,210147125,Alagoas,3337357,NA,NA,NA,NA,0,0,0,11,0,0
2020-03-28,Brazil,210147125,Alagoas,3337357,NA,NA,NA,NA,3,0,0,14,0,0
2020-03-30,Brazil,210147125,Alagoas,3337357,NA,NA,NA,NA,0,0,0,17,0,0
2020-04-01,Brazil,210147125,Alagoas,3337357,NA,NA,NA,NA,0,0,0,18,1,0
2020-04-03,Brazil,210147125,Alagoas,3337357,NA,NA,NA,NA,4,1,0,22,2,0
2020-04-05,Brazil,210147125,Alagoas,3337357,NA,NA,NA,NA,5,0,0,28,2,0
2020-04-07,Brazil,210147125,Alagoas,3337357,NA,NA,NA,NA,1,0,0,32,2,0
2020-04-09,Brazil,210147125,Alagoas,3337357,NA,NA,NA,NA,0,1,0,37,3,0
2020-04-11,Brazil,210147125,Alagoas,3337357,NA,NA,NA,NA,3,0,0,48,3,0
2020-04-13,Brazil,210147125,Alagoas,3337357,NA,NA,NA,NA,2,0,0,50,3,0
2020-04-15,Brazil,210147125,Alagoas,3337357,NA,NA,NA,NA,10,1,0,82,5,0
2020-04-17,Brazil,210147125,Alagoas,3337357,NA,NA,NA,NA,21,2,0,110,7,0
2020-04-19,Brazil,210147125,Alagoas,3337357,NA,NA,NA,NA,27,8,0,159,15,0
2020-04-21,Brazil,210147125,Alagoas,3337357,NA,NA,NA,NA,39,1,0,210,19,0
2020-04-23,Brazil,210147125,Alagoas,3337357,NA,NA,NA,NA,81,2,0,324,22,0
2020-04-25,Brazil,210147125,Alagoas,3337357,NA,NA,NA,NA,88,2,0,501,29,0
2020-04-27,Brazil,210147125,Alagoas,3337357,NA,NA,NA,NA,89,2,0,643,34,0
2020-04-29,Brazil,210147125,Alagoas,3337357,NA,NA,NA,NA,180,5,0,957,41,0
2020-05-01,Brazil,210147125,Alagoas,3337357,NA,NA,NA,NA,182,6,0,1226,53,0
2020-05-03,Brazil,210147125,Alagoas,3337357,NA,NA,NA,NA,69,6,0,1441,64,0
2020-05-05,Brazil,210147125,Alagoas,3337357,NA,NA,NA,NA,68,8,0,1606,80,0
2020-05-07,Brazil,210147125,Alagoas,3337357,NA,NA,NA,NA,164,9,0,1867,98,0
2020-05-09,Brazil,210147125,Alagoas,3337357,NA,NA,NA,NA,139,6,0,2172,114,0
2020-05-11,Brazil,210147125,Alagoas,3337357,NA,NA,NA,NA,85,12,0,2343,138,0
2020-05-13,Brazil,210147125,Alagoas,3337357,NA,NA,NA,NA,181,14,0,2761,164,0
2020-05-15,Brazil,210147125,Alagoas,3337357,NA,NA,NA,NA,240,10,0,3212,187,0
2020-05-17,Brazil,210147125,Alagoas,3337357,NA,NA,NA,NA,223,11,0,3816,210,0
2020-05-19,Brazil,210147125,Alagoas,3337357,NA,NA,NA,NA,285,10,0,4316,231,0
2020-05-21,Brazil,210147125,Alagoas,3337357,NA,NA,NA,NA,479,11,0,4916,262,0
2020-05-23,Brazil,210147125,Alagoas,3337357,NA,NA,NA,NA,328,21,0,5630,301,0
2020-05-25,Brazil,210147125,Alagoas,3337357,NA,NA,NA,NA,468,21,0,6682,337,0
2020-05-27,Brazil,210147125,Alagoas,3337357,NA,NA,NA,NA,522,14,0,7580,368,0
2020-05-29,Brazil,210147125,Alagoas,3337357,NA,NA,NA,NA,563,21,0,8618,406,0
2020-05-31,Brazil,210147125,Alagoas,3337357,NA,NA,NA,NA,1065,19,0,10288,443,0
2020-06-02,Brazil,210147125,Alagoas,3337357,NA,NA,NA,NA,722,21,0,11559,482,0
2020-06-04,Brazil,210147125,Alagoas,3337357,NA,NA,NA,NA,690,25,0,13097,531,0
2020-06-06,Brazil,210147125,Alagoas,3337357,NA,NA,NA,NA,881,25,0,14818,582,0
2020-06-08,Brazil,210147125,Alagoas,3337357,NA,NA,NA,NA,0,0,0,15706,601,0
2020-06-10,Brazil,210147125,Alagoas,3337357,NA,NA,NA,NA,983,20,0,18176,660,0
2020-06-12,Brazil,210147125,Alagoas,3337357,NA,NA,NA,NA,831,20,0,20031,701,0
2020-06-14,Brazil,210147125,Alagoas,3337357,NA,NA,NA,NA,1312,21,0,22199,744,0
2020-06-16,Brazil,210147125,Alagoas,3337357,NA,NA,NA,NA,670,25,0,23632,793,0
2020-06-18,Brazil,210147125,Alagoas,3337357,NA,NA,NA,NA,766,20,0,25633,831,0
2020-06-20,Brazil,210147125,Alagoas,3337357,NA,NA,NA,NA,792,18,0,27698,866,0
2020-06-22,Brazil,210147125,Alagoas,3337357,NA,NA,NA,NA,738,19,0,29395,903,0
2020-06-24,Brazil,210147125,Alagoas,3337357,NA,NA,NA,NA,982,18,0,31230,938,0
2020-06-26,Brazil,210147125,Alagoas,3337357,NA,NA,NA,NA,799,17,0,32864,975,0
2020-06-28,Brazil,210147125,Alagoas,3337357,NA,NA,NA,NA,791,19,0,34312,1012,0
2020-06-30,Brazil,210147125,Alagoas,3337357,NA,NA,NA,NA,845,20,0,35962,1052,0
2020-07-02,Brazil,210147125,Alagoas,3337357,NA,NA,NA,NA,509,19,0,37328,1091,0
2020-07-04,Brazil,210147125,Alagoas,3337357,NA,NA,NA,NA,851,21,0,39255,1134,0
2020-07-06,Brazil,210147125,Alagoas,3337357,NA,NA,NA,NA,634,19,0,40569,1172,0
2020-07-08,Brazil,210147125,Alagoas,3337357,NA,NA,NA,NA,798,21,0,42322,1213,0
2020-07-10,Brazil,210147125,Alagoas,3337357,NA,NA,NA,NA,768,16,0,43959,1246,0
2020-07-12,Brazil,210147125,Alagoas,3337357,NA,NA,NA,NA,697,17,0,45330,1281,0
2020-07-14,Brazil,210147125,Alagoas,3337357,NA,NA,NA,NA,709,17,0,47005,1314,0
2020-07-16,Brazil,210147125,Alagoas,3337357,NA,NA,NA,NA,870,17,0,48734,1348,0
2020-07-18,Brazil,210147125,Alagoas,3337357,NA,NA,NA,NA,330,16,0,49583,1381,0
2020-07-20,Brazil,210147125,Alagoas,3337357,NA,NA,NA,NA,229,16,0,50307,1413,0
2020-07-22,Brazil,210147125,Alagoas,3337357,NA,NA,NA,NA,729,15,0,51680,1443,0
2020-07-24,Brazil,210147125,Alagoas,3337357,NA,NA,NA,NA,1184,14,0,53713,1471,0
2020-07-26,Brazil,210147125,Alagoas,3337357,NA,NA,NA,NA,646,14,0,55376,1500,0
2020-07-28,Brazil,210147125,Alagoas,3337357,NA,NA,NA,NA,938,13,0,57142,1527,0
2020-07-30,Brazil,210147125,Alagoas,3337357,NA,NA,NA,NA,855,14,0,58979,1554,0
2020-08-01,Brazil,210147125,Alagoas,3337357,NA,NA,NA,NA,0,0,0,59725,1567,0
2020-08-03,Brazil,210147125,Alagoas,3337357,NA,NA,NA,NA,0,0,0,59725,1567,0
2020-08-05,Brazil,210147125,Alagoas,3337357,NA,NA,NA,NA,4469,66,0,64194,1633,0
2020-08-07,Brazil,210147125,Alagoas,3337357,NA,NA,NA,NA,823,11,0,65916,1654,0
2020-08-09,Brazil,210147125,Alagoas,3337357,NA,NA,NA,NA,865,12,0,67613,1677,0
2020-08-11,Brazil,210147125,Alagoas,3337357,NA,NA,NA,NA,698,12,0,68935,1700,0
2020-08-13,Brazil,210147125,Alagoas,3337357,NA,NA,NA,NA,878,10,0,70629,1721,0
2020-08-15,Brazil,210147125,Alagoas,3337357,NA,NA,NA,NA,844,10,0,72076,1742,0
2020-02-26,Brazil,210147125,Amapa,845731,NA,NA,NA,NA,0,NA,NA,0,0,0
2020-02-28,Brazil,210147125,Amapa,845731,NA,NA,NA,NA,0,0,0,0,0,0
2020-03-01,Brazil,210147125,Amapa,845731,NA,NA,NA,NA,0,0,0,0,0,0
2020-03-03,Brazil,210147125,Amapa,845731,NA,NA,NA,NA,0,0,0,0,0,0
2020-03-05,Brazil,210147125,Amapa,845731,NA,NA,NA,NA,0,0,0,0,0,0
2020-03-07,Brazil,210147125,Amapa,845731,NA,NA,NA,NA,0,0,0,0,0,0
2020-03-09,Brazil,210147125,Amapa,845731,NA,NA,NA,NA,0,0,0,0,0,0
2020-03-11,Brazil,210147125,Amapa,845731,NA,NA,NA,NA,0,0,0,0,0,0
2020-03-13,Brazil,210147125,Amapa,845731,NA,NA,NA,NA,0,0,0,0,0,0
2020-03-15,Brazil,210147125,Amapa,845731,NA,NA,NA,NA,0,0,0,0,0,0
2020-03-17,Brazil,210147125,Amapa,845731,NA,NA,NA,NA,0,0,0,0,0,0
2020-03-19,Brazil,210147125,Amapa,845731,NA,NA,NA,NA,0,0,0,0,0,0
2020-03-21,Brazil,210147125,Amapa,845731,NA,NA,NA,NA,0,0,0,1,0,0
2020-03-23,Brazil,210147125,Amapa,845731,NA,NA,NA,NA,0,0,0,1,0,0
2020-03-25,Brazil,210147125,Amapa,845731,NA,NA,NA,NA,0,0,0,1,0,0
2020-03-27,Brazil,210147125,Amapa,845731,NA,NA,NA,NA,0,0,0,2,0,0
2020-03-29,Brazil,210147125,Amapa,845731,NA,NA,NA,NA,0,0,0,4,0,0
2020-03-31,Brazil,210147125,Amapa,845731,NA,NA,NA,NA,2,0,0,10,0,0
2020-04-02,Brazil,210147125,Amapa,845731,NA,NA,NA,NA,0,0,0,11,0,0
2020-04-04,Brazil,210147125,Amapa,845731,NA,NA,NA,NA,9,1,0,28,1,0
2020-04-06,Brazil,210147125,Amapa,845731,NA,NA,NA,NA,5,0,0,34,2,0
2020-04-08,Brazil,210147125,Amapa,845731,NA,NA,NA,NA,59,0,0,107,2,0
2020-04-10,Brazil,210147125,Amapa,845731,NA,NA,NA,NA,38,0,0,166,2,0
2020-04-12,Brazil,210147125,Amapa,845731,NA,NA,NA,NA,37,2,0,230,5,0
2020-04-14,Brazil,210147125,Amapa,845731,NA,NA,NA,NA,65,1,0,307,6,0
2020-04-16,Brazil,210147125,Amapa,845731,NA,NA,NA,NA,28,2,0,362,9,0
2020-04-18,Brazil,210147125,Amapa,845731,NA,NA,NA,NA,23,0,0,393,10,0
2020-04-20,Brazil,210147125,Amapa,845731,NA,NA,NA,NA,17,2,0,433,13,0
2020-04-22,Brazil,210147125,Amapa,845731,NA,NA,NA,NA,22,1,0,479,14,0
2020-04-24,Brazil,210147125,Amapa,845731,NA,NA,NA,NA,85,2,0,633,18,0
2020-04-26,Brazil,210147125,Amapa,845731,NA,NA,NA,NA,113,2,0,798,21,0
2020-04-28,Brazil,210147125,Amapa,845731,NA,NA,NA,NA,76,2,0,918,28,0
2020-04-30,Brazil,210147125,Amapa,845731,NA,NA,NA,NA,64,3,0,1080,34,0
2020-05-02,Brazil,210147125,Amapa,845731,NA,NA,NA,NA,66,3,0,1187,40,0
2020-05-04,Brazil,210147125,Amapa,845731,NA,NA,NA,NA,251,6,0,1733,49,0
2020-05-06,Brazil,210147125,Amapa,845731,NA,NA,NA,NA,115,1,0,2046,56,0
2020-05-08,Brazil,210147125,Amapa,845731,NA,NA,NA,NA,123,5,0,2322,66,0
2020-05-10,Brazil,210147125,Amapa,845731,NA,NA,NA,NA,120,3,0,2613,72,0
2020-05-12,Brazil,210147125,Amapa,845731,NA,NA,NA,NA,239,13,0,2910,86,0
2020-05-14,Brazil,210147125,Amapa,845731,NA,NA,NA,NA,423,7,0,3428,101,0
2020-05-16,Brazil,210147125,Amapa,845731,NA,NA,NA,NA,204,5,0,3834,108,0
2020-05-18,Brazil,210147125,Amapa,845731,NA,NA,NA,NA,71,8,0,4023,127,0
2020-05-20,Brazil,210147125,Amapa,845731,NA,NA,NA,NA,239,6,0,4549,142,0
2020-05-22,Brazil,210147125,Amapa,845731,NA,NA,NA,NA,467,6,0,5655,157,0
2020-05-24,Brazil,210147125,Amapa,845731,NA,NA,NA,NA,262,1,0,6353,163,0
2020-05-26,Brazil,210147125,Amapa,845731,NA,NA,NA,NA,383,5,0,6967,173,0
2020-05-28,Brazil,210147125,Amapa,845731,NA,NA,NA,NA,533,15,0,8152,198,0
2020-05-30,Brazil,210147125,Amapa,845731,NA,NA,NA,NA,844,8,0,9313,215,0
2020-06-01,Brazil,210147125,Amapa,845731,NA,NA,NA,NA,288,6,0,9890,228,0
2020-06-03,Brazil,210147125,Amapa,845731,NA,NA,NA,NA,596,10,0,11107,247,0
2020-06-05,Brazil,210147125,Amapa,845731,NA,NA,NA,NA,776,6,0,12327,260,0
2020-06-07,Brazil,210147125,Amapa,845731,NA,NA,NA,NA,272,3,0,13045,272,0
2020-06-09,Brazil,210147125,Amapa,845731,NA,NA,NA,NA,477,7,0,13771,285,0
2020-06-11,Brazil,210147125,Amapa,845731,NA,NA,NA,NA,543,14,0,15166,303,0
2020-06-13,Brazil,210147125,Amapa,845731,NA,NA,NA,NA,639,7,0,16322,319,0
2020-06-15,Brazil,210147125,Amapa,845731,NA,NA,NA,NA,301,5,0,16813,329,0
2020-06-17,Brazil,210147125,Amapa,845731,NA,NA,NA,NA,594,1,0,18618,338,0
2020-06-19,Brazil,210147125,Amapa,845731,NA,NA,NA,NA,535,6,0,19922,348,0
2020-06-21,Brazil,210147125,Amapa,845731,NA,NA,NA,NA,266,6,0,21840,359,0
2020-06-23,Brazil,210147125,Amapa,845731,NA,NA,NA,NA,1755,8,0,26437,380,0
2020-06-25,Brazil,210147125,Amapa,845731,NA,NA,NA,NA,496,7,0,27415,394,0
2020-06-27,Brazil,210147125,Amapa,845731,NA,NA,NA,NA,239,5,0,27901,406,0
2020-06-29,Brazil,210147125,Amapa,845731,NA,NA,NA,NA,268,6,0,28253,413,0
2020-07-01,Brazil,210147125,Amapa,845731,NA,NA,NA,NA,435,3,0,28927,420,0
2020-07-03,Brazil,210147125,Amapa,845731,NA,NA,NA,NA,421,11,0,29574,438,0
2020-07-05,Brazil,210147125,Amapa,845731,NA,NA,NA,NA,74,1,0,29883,442,0
2020-07-07,Brazil,210147125,Amapa,845731,NA,NA,NA,NA,290,6,0,30294,455,0
2020-07-09,Brazil,210147125,Amapa,845731,NA,NA,NA,NA,239,5,0,30763,467,0
2020-07-11,Brazil,210147125,Amapa,845731,NA,NA,NA,NA,199,3,0,31279,473,0
2020-07-13,Brazil,210147125,Amapa,845731,NA,NA,NA,NA,188,4,0,31552,478,0
2020-07-15,Brazil,210147125,Amapa,845731,NA,NA,NA,NA,523,5,0,32408,488,0
2020-07-17,Brazil,210147125,Amapa,845731,NA,NA,NA,NA,432,6,0,33436,499,0
2020-07-19,Brazil,210147125,Amapa,845731,NA,NA,NA,NA,120,2,0,33705,507,0
2020-07-21,Brazil,210147125,Amapa,845731,NA,NA,NA,NA,260,18,0,34405,533,0
2020-07-23,Brazil,210147125,Amapa,845731,NA,NA,NA,NA,178,4,0,34838,548,0
2020-07-25,Brazil,210147125,Amapa,845731,NA,NA,NA,NA,136,2,0,35162,554,0
2020-07-27,Brazil,210147125,Amapa,845731,NA,NA,NA,NA,144,2,0,35364,556,0
2020-07-29,Brazil,210147125,Amapa,845731,NA,NA,NA,NA,276,1,0,35973,559,0
2020-07-31,Brazil,210147125,Amapa,845731,NA,NA,NA,NA,196,4,0,36468,565,0
2020-08-02,Brazil,210147125,Amapa,845731,NA,NA,NA,NA,0,0,0,36468,565,0
2020-08-04,Brazil,210147125,Amapa,845731,NA,NA,NA,NA,0,0,0,36468,565,0
2020-08-06,Brazil,210147125,Amapa,845731,NA,NA,NA,NA,417,6,0,37735,594,0
2020-08-08,Brazil,210147125,Amapa,845731,NA,NA,NA,NA,175,2,0,38139,601,0
2020-08-10,Brazil,210147125,Amapa,845731,NA,NA,NA,NA,191,1,0,38399,603,0
2020-08-12,Brazil,210147125,Amapa,845731,NA,NA,NA,NA,165,2,0,38801,606,0
2020-08-14,Brazil,210147125,Amapa,845731,NA,NA,NA,NA,229,3,0,39244,612,0
2020-02-25,Brazil,210147125,Amazonas,4144597,NA,NA,NA,NA,NA,NA,NA,0,0,0
2020-02-27,Brazil,210147125,Amazonas,4144597,NA,NA,NA,NA,0,0,0,0,0,0
2020-02-29,Brazil,210147125,Amazonas,4144597,NA,NA,NA,NA,0,0,0,0,0,0
2020-03-02,Brazil,210147125,Amazonas,4144597,NA,NA,NA,NA,0,0,0,0,0,0
2020-03-04,Brazil,210147125,Amazonas,4144597,NA,NA,NA,NA,0,0,0,0,0,0
2020-03-06,Brazil,210147125,Amazonas,4144597,NA,NA,NA,NA,0,0,0,0,0,0
2020-03-08,Brazil,210147125,Amazonas,4144597,NA,NA,NA,NA,0,0,0,0,0,0
2020-03-10,Brazil,210147125,Amazonas,4144597,NA,NA,NA,NA,0,0,0,0,0,0
2020-03-12,Brazil,210147125,Amazonas,4144597,NA,NA,NA,NA,0,0,0,0,0,0
2020-03-14,Brazil,210147125,Amazonas,4144597,NA,NA,NA,NA,0,0,0,0,0,0
2020-03-16,Brazil,210147125,Amazonas,4144597,NA,NA,NA,NA,0,0,0,1,0,0
2020-03-18,Brazil,210147125,Amazonas,4144597,NA,NA,NA,NA,0,0,0,1,0,0
2020-03-20,Brazil,210147125,Amazonas,4144597,NA,NA,NA,NA,0,0,0,3,0,0
2020-03-22,Brazil,210147125,Amazonas,4144597,NA,NA,NA,NA,15,0,0,26,0,0
2020-03-24,Brazil,210147125,Amazonas,4144597,NA,NA,NA,NA,15,0,0,47,0,0
2020-03-26,Brazil,210147125,Amazonas,4144597,NA,NA,NA,NA,13,0,0,67,1,0
2020-03-28,Brazil,210147125,Amazonas,4144597,NA,NA,NA,NA,30,0,0,111,1,0
2020-03-30,Brazil,210147125,Amazonas,4144597,NA,NA,NA,NA,11,0,0,151,1,0
2020-04-01,Brazil,210147125,Amazonas,4144597,NA,NA,NA,NA,25,0,0,200,3,0
2020-04-03,Brazil,210147125,Amazonas,4144597,NA,NA,NA,NA,31,4,0,260,7,0
2020-04-05,Brazil,210147125,Amazonas,4144597,NA,NA,NA,NA,106,2,0,417,14,0
2020-04-07,Brazil,210147125,Amazonas,4144597,NA,NA,NA,NA,104,4,0,636,23,0
2020-04-09,Brazil,210147125,Amazonas,4144597,NA,NA,NA,NA,95,10,0,899,40,0
2020-04-11,Brazil,210147125,Amazonas,4144597,NA,NA,NA,NA,69,3,0,1050,53,0
2020-04-13,Brazil,210147125,Amazonas,4144597,NA,NA,NA,NA,69,9,0,1275,71,0
2020-04-15,Brazil,210147125,Amazonas,4144597,NA,NA,NA,NA,70,16,0,1554,106,0
2020-04-17,Brazil,210147125,Amazonas,4144597,NA,NA,NA,NA,90,21,0,1809,145,0
2020-04-19,Brazil,210147125,Amazonas,4144597,NA,NA,NA,NA,147,21,0,2044,182,0
2020-04-21,Brazil,210147125,Amazonas,4144597,NA,NA,NA,NA,110,8,0,2270,193,0
2020-04-23,Brazil,210147125,Amazonas,4144597,NA,NA,NA,NA,409,27,0,2888,234,0
2020-04-25,Brazil,210147125,Amazonas,4144597,NA,NA,NA,NA,441,32,0,3635,287,0
2020-04-27,Brazil,210147125,Amazonas,4144597,NA,NA,NA,NA,95,16,0,3928,320,0
2020-04-29,Brazil,210147125,Amazonas,4144597,NA,NA,NA,NA,464,29,0,4801,380,0
2020-05-01,Brazil,210147125,Amazonas,4144597,NA,NA,NA,NA,469,51,0,5723,476,0
2020-05-03,Brazil,210147125,Amazonas,4144597,NA,NA,NA,NA,621,47,0,6683,548,0
2020-05-05,Brazil,210147125,Amazonas,4144597,NA,NA,NA,NA,867,65,0,8109,649,0
2020-05-07,Brazil,210147125,Amazonas,4144597,NA,NA,NA,NA,856,55,0,10099,806,0
2020-05-09,Brazil,210147125,Amazonas,4144597,NA,NA,NA,NA,1198,88,0,11925,962,0
2020-05-11,Brazil,210147125,Amazonas,4144597,NA,NA,NA,NA,320,31,0,12919,1035,0
2020-05-13,Brazil,210147125,Amazonas,4144597,NA,NA,NA,NA,1648,62,0,15816,1160,0
2020-05-15,Brazil,210147125,Amazonas,4144597,NA,NA,NA,NA,1211,96,0,18392,1331,0
2020-05-17,Brazil,210147125,Amazonas,4144597,NA,NA,NA,NA,651,38,0,20328,1413,0
2020-05-19,Brazil,210147125,Amazonas,4144597,NA,NA,NA,NA,1219,58,0,22132,1491,0
2020-05-21,Brazil,210147125,Amazonas,4144597,NA,NA,NA,NA,1663,59,0,25367,1620,0
2020-05-23,Brazil,210147125,Amazonas,4144597,NA,NA,NA,NA,1764,75,0,28802,1744,0
2020-05-25,Brazil,210147125,Amazonas,4144597,NA,NA,NA,NA,415,23,0,30282,1781,0
2020-05-27,Brazil,210147125,Amazonas,4144597,NA,NA,NA,NA,1559,39,0,33508,1891,0
2020-05-29,Brazil,210147125,Amazonas,4144597,NA,NA,NA,NA,2763,47,0,38909,2011,0
2020-05-31,Brazil,210147125,Amazonas,4144597,NA,NA,NA,NA,818,5,0,41378,2052,0
2020-06-02,Brazil,210147125,Amazonas,4144597,NA,NA,NA,NA,1421,31,0,43195,2102,0
2020-06-04,Brazil,210147125,Amazonas,4144597,NA,NA,NA,NA,2126,45,0,46473,2183,0
2020-06-06,Brazil,210147125,Amazonas,4144597,NA,NA,NA,NA,1119,33,0,48785,2232,0
2020-06-08,Brazil,210147125,Amazonas,4144597,NA,NA,NA,NA,542,21,0,49811,2271,0
2020-06-10,Brazil,210147125,Amazonas,4144597,NA,NA,NA,NA,1615,48,0,52849,2363,0
2020-06-12,Brazil,210147125,Amazonas,4144597,NA,NA,NA,NA,1122,29,0,55111,2429,0
2020-06-14,Brazil,210147125,Amazonas,4144597,NA,NA,NA,NA,480,27,0,56506,2492,0
2020-06-16,Brazil,210147125,Amazonas,4144597,NA,NA,NA,NA,1241,37,0,58018,2549,0
2020-06-18,Brazil,210147125,Amazonas,4144597,NA,NA,NA,NA,1189,26,0,60736,2605,0
2020-06-20,Brazil,210147125,Amazonas,4144597,NA,NA,NA,NA,1219,26,0,62902,2650,0
2020-06-22,Brazil,210147125,Amazonas,4144597,NA,NA,NA,NA,321,14,0,63731,2671,0
2020-06-24,Brazil,210147125,Amazonas,4144597,NA,NA,NA,NA,1691,24,0,66764,2710,0
2020-06-26,Brazil,210147125,Amazonas,4144597,NA,NA,NA,NA,953,8,0,68220,2739,0
2020-06-28,Brazil,210147125,Amazonas,4144597,NA,NA,NA,NA,627,8,0,69649,2780,0
2020-06-30,Brazil,210147125,Amazonas,4144597,NA,NA,NA,NA,930,31,0,70823,2823,0
2020-07-02,Brazil,210147125,Amazonas,4144597,NA,NA,NA,NA,1246,19,0,73530,2862,0
2020-07-04,Brazil,210147125,Amazonas,4144597,NA,NA,NA,NA,1408,31,0,75945,2918,0
2020-07-06,Brazil,210147125,Amazonas,4144597,NA,NA,NA,NA,410,9,0,76424,2938,0
2020-07-08,Brazil,210147125,Amazonas,4144597,NA,NA,NA,NA,915,15,0,80082,2967,0
2020-07-10,Brazil,210147125,Amazonas,4144597,NA,NA,NA,NA,1189,23,0,82507,3008,0
2020-07-12,Brazil,210147125,Amazonas,4144597,NA,NA,NA,NA,296,16,0,83526,3039,0
2020-07-14,Brazil,210147125,Amazonas,4144597,NA,NA,NA,NA,1229,15,0,85641,3063,0
2020-07-16,Brazil,210147125,Amazonas,4144597,NA,NA,NA,NA,1081,15,0,88025,3095,0
2020-07-18,Brazil,210147125,Amazonas,4144597,NA,NA,NA,NA,1712,11,0,90534,3129,0
2020-07-20,Brazil,210147125,Amazonas,4144597,NA,NA,NA,NA,476,0,0,91389,3146,0
2020-07-22,Brazil,210147125,Amazonas,4144597,NA,NA,NA,NA,557,14,0,92721,3183,0
2020-07-24,Brazil,210147125,Amazonas,4144597,NA,NA,NA,NA,1205,6,0,95424,3199,0
2020-07-26,Brazil,210147125,Amazonas,4144597,NA,NA,NA,NA,369,7,0,96463,3217,0
2020-07-28,Brazil,210147125,Amazonas,4144597,NA,NA,NA,NA,1039,12,0,98118,3236,0
2020-07-30,Brazil,210147125,Amazonas,4144597,NA,NA,NA,NA,1047,6,0,100140,3252,0
2020-08-01,Brazil,210147125,Amazonas,4144597,NA,NA,NA,NA,0,0,0,100940,3268,0
2020-08-03,Brazil,210147125,Amazonas,4144597,NA,NA,NA,NA,0,0,0,100940,3268,0
2020-08-05,Brazil,210147125,Amazonas,4144597,NA,NA,NA,NA,3310,49,0,104250,3317,0
2020-08-07,Brazil,210147125,Amazonas,4144597,NA,NA,NA,NA,803,10,0,105857,3345,0
2020-08-09,Brazil,210147125,Amazonas,4144597,NA,NA,NA,NA,522,0,0,106950,3359,0
2020-08-11,Brazil,210147125,Amazonas,4144597,NA,NA,NA,NA,908,21,0,108105,3405,0
2020-08-13,Brazil,210147125,Amazonas,4144597,NA,NA,NA,NA,882,18,0,109802,3435,0
2020-08-15,Brazil,210147125,Amazonas,4144597,NA,NA,NA,NA,464,8,0,111241,3463,0
2020-02-26,Brazil,210147125,Bahia,14873064,NA,NA,NA,NA,0,NA,NA,0,0,0
2020-02-28,Brazil,210147125,Bahia,14873064,NA,NA,NA,NA,0,0,0,0,0,0
2020-03-01,Brazil,210147125,Bahia,14873064,NA,NA,NA,NA,0,0,0,0,0,0
2020-03-03,Brazil,210147125,Bahia,14873064,NA,NA,NA,NA,0,0,0,0,0,0
2020-03-05,Brazil,210147125,Bahia,14873064,NA,NA,NA,NA,0,0,0,0,0,0
2020-03-07,Brazil,210147125,Bahia,14873064,NA,NA,NA,NA,1,0,0,2,0,0
2020-03-09,Brazil,210147125,Bahia,14873064,NA,NA,NA,NA,0,0,0,2,0,0
2020-03-11,Brazil,210147125,Bahia,14873064,NA,NA,NA,NA,0,0,0,2,0,0
2020-03-13,Brazil,210147125,Bahia,14873064,NA,NA,NA,NA,0,0,0,2,0,0
2020-03-15,Brazil,210147125,Bahia,14873064,NA,NA,NA,NA,0,0,0,2,0,0
2020-03-17,Brazil,210147125,Bahia,14873064,NA,NA,NA,NA,1,0,0,3,0,0
2020-03-19,Brazil,210147125,Bahia,14873064,NA,NA,NA,NA,27,0,0,30,0,0
2020-03-21,Brazil,210147125,Bahia,14873064,NA,NA,NA,NA,8,0,0,41,0,0
2020-03-23,Brazil,210147125,Bahia,14873064,NA,NA,NA,NA,14,0,0,63,0,0
2020-03-25,Brazil,210147125,Bahia,14873064,NA,NA,NA,NA,8,0,0,84,0,0
2020-03-27,Brazil,210147125,Bahia,14873064,NA,NA,NA,NA,11,0,0,115,0,0
2020-03-29,Brazil,210147125,Bahia,14873064,NA,NA,NA,NA,26,1,0,154,1,0
2020-03-31,Brazil,210147125,Bahia,14873064,NA,NA,NA,NA,37,1,0,213,2,0
2020-04-02,Brazil,210147125,Bahia,14873064,NA,NA,NA,NA,21,1,0,267,3,0
2020-04-04,Brazil,210147125,Bahia,14873064,NA,NA,NA,NA,50,2,0,332,7,0
2020-04-06,Brazil,210147125,Bahia,14873064,NA,NA,NA,NA,30,1,0,431,10,0
2020-04-08,Brazil,210147125,Bahia,14873064,NA,NA,NA,NA,41,3,0,497,15,0
2020-04-10,Brazil,210147125,Bahia,14873064,NA,NA,NA,NA,45,0,0,604,19,0
2020-04-12,Brazil,210147125,Bahia,14873064,NA,NA,NA,NA,38,0,0,673,21,0
2020-04-14,Brazil,210147125,Bahia,14873064,NA,NA,NA,NA,36,0,0,759,22,0
2020-04-16,Brazil,210147125,Bahia,14873064,NA,NA,NA,NA,144,3,0,951,30,0
2020-04-18,Brazil,210147125,Bahia,14873064,NA,NA,NA,NA,134,1,0,1193,37,0
2020-04-20,Brazil,210147125,Bahia,14873064,NA,NA,NA,NA,111,1,0,1341,46,0
2020-04-22,Brazil,210147125,Bahia,14873064,NA,NA,NA,NA,155,3,0,1644,50,0
2020-04-24,Brazil,210147125,Bahia,14873064,NA,NA,NA,NA,173,5,0,1962,64,0
2020-04-26,Brazil,210147125,Bahia,14873064,NA,NA,NA,NA,128,3,0,2209,73,0
2020-04-28,Brazil,210147125,Bahia,14873064,NA,NA,NA,NA,186,10,0,2540,86,0
2020-04-30,Brazil,210147125,Bahia,14873064,NA,NA,NA,NA,205,8,0,2851,104,0
2020-05-02,Brazil,210147125,Bahia,14873064,NA,NA,NA,NA,230,6,0,3315,123,0
2020-05-04,Brazil,210147125,Bahia,14873064,NA,NA,NA,NA,239,18,0,3734,141,0
2020-05-06,Brazil,210147125,Bahia,14873064,NA,NA,NA,NA,261,14,0,4301,160,0
2020-05-08,Brazil,210147125,Bahia,14873064,NA,NA,NA,NA,290,18,0,4818,183,0
2020-05-10,Brazil,210147125,Bahia,14873064,NA,NA,NA,NA,384,6,0,5558,202,0
2020-05-12,Brazil,210147125,Bahia,14873064,NA,NA,NA,NA,396,14,0,6204,225,0
2020-05-14,Brazil,210147125,Bahia,14873064,NA,NA,NA,NA,408,26,0,6955,262,0
2020-05-16,Brazil,210147125,Bahia,14873064,NA,NA,NA,NA,186,5,0,8314,286,0
2020-05-18,Brazil,210147125,Bahia,14873064,NA,NA,NA,NA,138,17,0,8581,312,0
2020-05-20,Brazil,210147125,Bahia,14873064,NA,NA,NA,NA,184,36,0,11197,362,0
2020-05-22,Brazil,210147125,Bahia,14873064,NA,NA,NA,NA,616,23,0,12557,399,0
2020-05-24,Brazil,210147125,Bahia,14873064,NA,NA,NA,NA,899,47,0,13899,460,0
2020-05-26,Brazil,210147125,Bahia,14873064,NA,NA,NA,NA,362,18,0,14566,495,0
2020-05-28,Brazil,210147125,Bahia,14873064,NA,NA,NA,NA,893,39,0,15963,570,0
2020-05-30,Brazil,210147125,Bahia,14873064,NA,NA,NA,NA,709,29,0,17626,638,0
2020-06-01,Brazil,210147125,Bahia,14873064,NA,NA,NA,NA,506,34,0,18898,701,0
2020-06-03,Brazil,210147125,Bahia,14873064,NA,NA,NA,NA,1021,26,0,22451,762,0
2020-06-05,Brazil,210147125,Bahia,14873064,NA,NA,NA,NA,2956,29,0,26419,819,0
2020-06-07,Brazil,210147125,Bahia,14873064,NA,NA,NA,NA,854,33,0,28250,879,0
2020-06-09,Brazil,210147125,Bahia,14873064,NA,NA,NA,NA,1766,27,0,30481,937,0
2020-06-11,Brazil,210147125,Bahia,14873064,NA,NA,NA,NA,1206,38,0,33891,1013,0
2020-06-13,Brazil,210147125,Bahia,14873064,NA,NA,NA,NA,1123,30,0,35788,1069,0
2020-06-15,Brazil,210147125,Bahia,14873064,NA,NA,NA,NA,1219,40,0,37620,1145,0
2020-06-17,Brazil,210147125,Bahia,14873064,NA,NA,NA,NA,1720,41,0,40926,1222,0
2020-06-19,Brazil,210147125,Bahia,14873064,NA,NA,NA,NA,2345,42,0,43922,1305,0
2020-06-21,Brazil,210147125,Bahia,14873064,NA,NA,NA,NA,975,41,0,46279,1391,0
2020-06-23,Brazil,210147125,Bahia,14873064,NA,NA,NA,NA,1998,50,0,49084,1491,0
2020-06-25,Brazil,210147125,Bahia,14873064,NA,NA,NA,NA,2360,60,0,54291,1601,0
2020-06-27,Brazil,210147125,Bahia,14873064,NA,NA,NA,NA,8822,55,0,65244,1697,0
2020-06-29,Brazil,210147125,Bahia,14873064,NA,NA,NA,NA,972,52,0,69467,1800,0
2020-07-01,Brazil,210147125,Bahia,14873064,NA,NA,NA,NA,3178,49,0,76485,1902,0
2020-07-03,Brazil,210147125,Bahia,14873064,NA,NA,NA,NA,2965,54,0,82314,2001,0
2020-07-05,Brazil,210147125,Bahia,14873064,NA,NA,NA,NA,1563,57,0,87048,2107,0
2020-07-07,Brazil,210147125,Bahia,14873064,NA,NA,NA,NA,3675,48,0,91954,2216,0
2020-07-09,Brazil,210147125,Bahia,14873064,NA,NA,NA,NA,2783,51,0,98319,2328,0
2020-07-11,Brazil,210147125,Bahia,14873064,NA,NA,NA,NA,3002,53,0,104188,2436,0
2020-07-13,Brazil,210147125,Bahia,14873064,NA,NA,NA,NA,1128,52,0,106891,2535,0
2020-07-15,Brazil,210147125,Bahia,14873064,NA,NA,NA,NA,2964,54,0,112993,2638,0
2020-07-17,Brazil,210147125,Bahia,14873064,NA,NA,NA,NA,2284,45,0,118657,2738,0
2020-07-19,Brazil,210147125,Bahia,14873064,NA,NA,NA,NA,1931,47,0,122169,2840,0
2020-07-21,Brazil,210147125,Bahia,14873064,NA,NA,NA,NA,3552,45,0,126844,2936,0
2020-07-23,Brazil,210147125,Bahia,14873064,NA,NA,NA,NA,5113,56,0,138358,3044,0
2020-07-25,Brazil,210147125,Bahia,14873064,NA,NA,NA,NA,3632,44,0,146399,3140,0
2020-07-27,Brazil,210147125,Bahia,14873064,NA,NA,NA,NA,930,45,0,149109,3227,0
2020-07-29,Brazil,210147125,Bahia,14873064,NA,NA,NA,NA,4021,51,0,157334,3321,0
2020-07-31,Brazil,210147125,Bahia,14873064,NA,NA,NA,NA,4524,72,0,166154,3463,0
2020-08-02,Brazil,210147125,Bahia,14873064,NA,NA,NA,NA,0,0,0,166154,3463,0
2020-08-04,Brazil,210147125,Bahia,14873064,NA,NA,NA,NA,0,0,0,166154,3463,0
2020-08-06,Brazil,210147125,Bahia,14873064,NA,NA,NA,NA,3953,53,0,183690,3789,0
2020-08-08,Brazil,210147125,Bahia,14873064,NA,NA,NA,NA,3509,56,0,191401,3899,0
2020-08-10,Brazil,210147125,Bahia,14873064,NA,NA,NA,NA,1068,58,0,194097,4011,0
2020-08-12,Brazil,210147125,Bahia,14873064,NA,NA,NA,NA,4253,68,0,203020,4135,0
2020-08-14,Brazil,210147125,Bahia,14873064,NA,NA,NA,NA,4038,69,0,210993,4271,0
2020-02-25,Brazil,210147125,Ceara,9132078,NA,NA,NA,NA,NA,NA,NA,0,0,0
2020-02-27,Brazil,210147125,Ceara,9132078,NA,NA,NA,NA,0,0,0,0,0,0
2020-02-29,Brazil,210147125,Ceara,9132078,NA,NA,NA,NA,0,0,0,0,0,0
2020-03-02,Brazil,210147125,Ceara,9132078,NA,NA,NA,NA,0,0,0,0,0,0
2020-03-04,Brazil,210147125,Ceara,9132078,NA,NA,NA,NA,0,0,0,0,0,0
2020-03-06,Brazil,210147125,Ceara,9132078,NA,NA,NA,NA,0,0,0,0,0,0
2020-03-08,Brazil,210147125,Ceara,9132078,NA,NA,NA,NA,0,0,0,0,0,0
2020-03-10,Brazil,210147125,Ceara,9132078,NA,NA,NA,NA,0,0,0,0,0,0
2020-03-12,Brazil,210147125,Ceara,9132078,NA,NA,NA,NA,0,0,0,0,0,0
2020-03-14,Brazil,210147125,Ceara,9132078,NA,NA,NA,NA,0,0,0,0,0,0
2020-03-16,Brazil,210147125,Ceara,9132078,NA,NA,NA,NA,0,0,0,0,0,0
2020-03-18,Brazil,210147125,Ceara,9132078,NA,NA,NA,NA,4,0,0,9,0,0
2020-03-20,Brazil,210147125,Ceara,9132078,NA,NA,NA,NA,35,0,0,55,0,0
2020-03-22,Brazil,210147125,Ceara,9132078,NA,NA,NA,NA,44,0,0,112,0,0
2020-03-24,Brazil,210147125,Ceara,9132078,NA,NA,NA,NA,19,0,0,182,0,0
2020-03-26,Brazil,210147125,Ceara,9132078,NA,NA,NA,NA,35,3,0,235,3,0
2020-03-28,Brazil,210147125,Ceara,9132078,NA,NA,NA,NA,32,1,0,314,4,0
2020-03-30,Brazil,210147125,Ceara,9132078,NA,NA,NA,NA,24,0,0,372,5,0
2020-04-01,Brazil,210147125,Ceara,9132078,NA,NA,NA,NA,54,1,0,444,8,0
2020-04-03,Brazil,210147125,Ceara,9132078,NA,NA,NA,NA,77,2,0,627,22,0
2020-04-05,Brazil,210147125,Ceara,9132078,NA,NA,NA,NA,93,4,0,823,26,0
2020-04-07,Brazil,210147125,Ceara,9132078,NA,NA,NA,NA,38,2,0,1051,31,0
2020-04-09,Brazil,210147125,Ceara,9132078,NA,NA,NA,NA,134,12,0,1425,55,0
2020-04-11,Brazil,210147125,Ceara,9132078,NA,NA,NA,NA,104,9,0,1582,67,0
2020-04-13,Brazil,210147125,Ceara,9132078,NA,NA,NA,NA,124,17,0,1800,91,0
2020-04-15,Brazil,210147125,Ceara,9132078,NA,NA,NA,NA,152,9,0,2157,116,0
2020-04-17,Brazil,210147125,Ceara,9132078,NA,NA,NA,NA,298,25,0,2684,149,0
2020-04-19,Brazil,210147125,Ceara,9132078,NA,NA,NA,NA,218,10,0,3252,186,0
2020-04-21,Brazil,210147125,Ceara,9132078,NA,NA,NA,NA,234,17,0,3716,215,0
2020-04-23,Brazil,210147125,Ceara,9132078,NA,NA,NA,NA,688,33,0,4598,266,0
2020-04-25,Brazil,210147125,Ceara,9132078,NA,NA,NA,NA,621,26,0,5421,310,0
2020-04-27,Brazil,210147125,Ceara,9132078,NA,NA,NA,NA,893,63,0,6726,390,0
2020-04-29,Brazil,210147125,Ceara,9132078,NA,NA,NA,NA,349,38,0,7267,441,0
2020-05-01,Brazil,210147125,Ceara,9132078,NA,NA,NA,NA,273,23,0,7879,505,0
2020-05-03,Brazil,210147125,Ceara,9132078,NA,NA,NA,NA,61,25,0,8370,663,0
2020-05-05,Brazil,210147125,Ceara,9132078,NA,NA,NA,NA,430,83,0,11470,795,0
2020-05-07,Brazil,210147125,Ceara,9132078,NA,NA,NA,NA,1584,55,0,13888,903,0
2020-05-09,Brazil,210147125,Ceara,9132078,NA,NA,NA,NA,923,96,0,15879,1062,0
2020-05-11,Brazil,210147125,Ceara,9132078,NA,NA,NA,NA,907,75,0,17599,1189,0
2020-05-13,Brazil,210147125,Ceara,9132078,NA,NA,NA,NA,744,109,0,19156,1389,0
2020-05-15,Brazil,210147125,Ceara,9132078,NA,NA,NA,NA,1413,63,0,22490,1476,0
2020-05-17,Brazil,210147125,Ceara,9132078,NA,NA,NA,NA,460,27,0,24255,1641,0
2020-05-19,Brazil,210147125,Ceara,9132078,NA,NA,NA,NA,1749,108,0,28112,1856,0
2020-05-21,Brazil,210147125,Ceara,9132078,NA,NA,NA,NA,853,261,0,31413,2161,0
2020-05-23,Brazil,210147125,Ceara,9132078,NA,NA,NA,NA,549,57,0,35122,2308,0
2020-05-25,Brazil,210147125,Ceara,9132078,NA,NA,NA,NA,590,169,0,36185,2493,0
2020-05-27,Brazil,210147125,Ceara,9132078,NA,NA,NA,NA,254,68,0,37275,2671,0
2020-05-29,Brazil,210147125,Ceara,9132078,NA,NA,NA,NA,574,126,0,38395,2859,0
2020-05-31,Brazil,210147125,Ceara,9132078,NA,NA,NA,NA,1983,54,0,48489,3010,0
2020-06-02,Brazil,210147125,Ceara,9132078,NA,NA,NA,NA,2569,233,0,53073,3421,0
2020-06-04,Brazil,210147125,Ceara,9132078,NA,NA,NA,NA,3739,208,0,59795,3813,0
2020-06-06,Brazil,210147125,Ceara,9132078,NA,NA,NA,NA,1980,75,0,63575,3965,0
2020-06-08,Brazil,210147125,Ceara,9132078,NA,NA,NA,NA,1334,138,0,65605,4120,0
2020-06-10,Brazil,210147125,Ceara,9132078,NA,NA,NA,NA,3018,171,0,71402,4480,0
2020-06-12,Brazil,210147125,Ceara,9132078,NA,NA,NA,NA,1826,125,0,75705,4788,0
2020-06-14,Brazil,210147125,Ceara,9132078,NA,NA,NA,NA,319,32,0,76748,4861,0
2020-06-16,Brazil,210147125,Ceara,9132078,NA,NA,NA,NA,1827,71,0,81289,5070,0
2020-06-18,Brazil,210147125,Ceara,9132078,NA,NA,NA,NA,2306,95,0,87273,5377,0
2020-06-20,Brazil,210147125,Ceara,9132078,NA,NA,NA,NA,2293,58,0,92156,5518,0
2020-06-22,Brazil,210147125,Ceara,9132078,NA,NA,NA,NA,1292,81,0,94158,5604,0
2020-06-24,Brazil,210147125,Ceara,9132078,NA,NA,NA,NA,2050,98,0,99578,5815,0
2020-06-26,Brazil,210147125,Ceara,9132078,NA,NA,NA,NA,2296,45,0,104422,5920,0
2020-06-28,Brazil,210147125,Ceara,9132078,NA,NA,NA,NA,940,9,0,107568,5990,0
2020-06-30,Brazil,210147125,Ceara,9132078,NA,NA,NA,NA,474,70,0,108699,6146,0
2020-07-02,Brazil,210147125,Ceara,9132078,NA,NA,NA,NA,2507,104,0,115524,6284,0
2020-07-04,Brazil,210147125,Ceara,9132078,NA,NA,NA,NA,2911,60,0,120952,6411,0
2020-07-06,Brazil,210147125,Ceara,9132078,NA,NA,NA,NA,1013,40,0,122477,6481,0
2020-07-08,Brazil,210147125,Ceara,9132078,NA,NA,NA,NA,3519,109,0,128471,6665,0
2020-07-10,Brazil,210147125,Ceara,9132078,NA,NA,NA,NA,2546,36,0,133546,6777,0
2020-07-12,Brazil,210147125,Ceara,9132078,NA,NA,NA,NA,840,15,0,136785,6868,0
2020-07-14,Brazil,210147125,Ceara,9132078,NA,NA,NA,NA,2231,30,0,139437,6977,0
2020-07-16,Brazil,210147125,Ceara,9132078,NA,NA,NA,NA,2752,97,0,144000,7127,0
2020-07-18,Brazil,210147125,Ceara,9132078,NA,NA,NA,NA,606,8,0,146544,7173,0
2020-07-20,Brazil,210147125,Ceara,9132078,NA,NA,NA,NA,594,7,0,147566,7185,0
2020-07-22,Brazil,210147125,Ceara,9132078,NA,NA,NA,NA,4122,33,0,153108,7317,0
2020-07-24,Brazil,210147125,Ceara,9132078,NA,NA,NA,NA,2582,52,0,158824,7426,0
2020-07-26,Brazil,210147125,Ceara,9132078,NA,NA,NA,NA,488,17,0,162085,7493,0
2020-07-28,Brazil,210147125,Ceara,9132078,NA,NA,NA,NA,3121,104,0,165550,7613,0
2020-07-30,Brazil,210147125,Ceara,9132078,NA,NA,NA,NA,2396,18,0,171468,7661,0
2020-08-01,Brazil,210147125,Ceara,9132078,NA,NA,NA,NA,0,0,0,173882,7668,0
2020-08-03,Brazil,210147125,Ceara,9132078,NA,NA,NA,NA,0,0,0,173882,7668,0
2020-08-05,Brazil,210147125,Ceara,9132078,NA,NA,NA,NA,7561,199,0,181443,7867,0
2020-08-07,Brazil,210147125,Ceara,9132078,NA,NA,NA,NA,2108,28,0,185409,7921,0
2020-08-09,Brazil,210147125,Ceara,9132078,NA,NA,NA,NA,298,3,0,188542,7954,0
2020-08-11,Brazil,210147125,Ceara,9132078,NA,NA,NA,NA,1893,32,0,190550,8011,0
2020-08-13,Brazil,210147125,Ceara,9132078,NA,NA,NA,NA,1659,36,0,194081,8088,0
2020-08-15,Brazil,210147125,Ceara,9132078,NA,NA,NA,NA,1237,6,0,197381,8129,0
2020-02-26,Brazil,210147125,Distrito Federal,3015268,NA,NA,NA,NA,0,NA,NA,0,0,0
2020-02-28,Brazil,210147125,Distrito Federal,3015268,NA,NA,NA,NA,0,0,0,0,0,0
2020-03-01,Brazil,210147125,Distrito Federal,3015268,NA,NA,NA,NA,0,0,0,0,0,0
2020-03-03,Brazil,210147125,Distrito Federal,3015268,NA,NA,NA,NA,0,0,0,0,0,0
2020-03-05,Brazil,210147125,Distrito Federal,3015268,NA,NA,NA,NA,0,0,0,0,0,0
2020-03-07,Brazil,210147125,Distrito Federal,3015268,NA,NA,NA,NA,1,0,0,1,0,0
2020-03-09,Brazil,210147125,Distrito Federal,3015268,NA,NA,NA,NA,0,0,0,1,0,0
2020-03-11,Brazil,210147125,Distrito Federal,3015268,NA,NA,NA,NA,1,0,0,2,0,0
2020-03-13,Brazil,210147125,Distrito Federal,3015268,NA,NA,NA,NA,0,0,0,2,0,0
2020-03-15,Brazil,210147125,Distrito Federal,3015268,NA,NA,NA,NA,2,0,0,8,0,0
2020-03-17,Brazil,210147125,Distrito Federal,3015268,NA,NA,NA,NA,9,0,0,22,0,0
2020-03-19,Brazil,210147125,Distrito Federal,3015268,NA,NA,NA,NA,16,0,0,42,0,0
2020-03-21,Brazil,210147125,Distrito Federal,3015268,NA,NA,NA,NA,13,0,0,100,0,0
2020-03-23,Brazil,210147125,Distrito Federal,3015268,NA,NA,NA,NA,16,0,0,133,0,0
2020-03-25,Brazil,210147125,Distrito Federal,3015268,NA,NA,NA,NA,0,0,0,160,0,0
2020-03-27,Brazil,210147125,Distrito Federal,3015268,NA,NA,NA,NA,30,0,0,230,0,0
2020-03-29,Brazil,210147125,Distrito Federal,3015268,NA,NA,NA,NA,29,1,0,289,1,0
2020-03-31,Brazil,210147125,Distrito Federal,3015268,NA,NA,NA,NA,20,2,0,332,3,0
2020-04-02,Brazil,210147125,Distrito Federal,3015268,NA,NA,NA,NA,15,1,0,370,4,0
2020-04-04,Brazil,210147125,Distrito Federal,3015268,NA,NA,NA,NA,52,2,0,454,7,0
2020-04-06,Brazil,210147125,Distrito Federal,3015268,NA,NA,NA,NA,5,3,0,473,10,0
2020-04-08,Brazil,210147125,Distrito Federal,3015268,NA,NA,NA,NA,17,0,0,509,12,0
2020-04-10,Brazil,210147125,Distrito Federal,3015268,NA,NA,NA,NA,28,1,0,555,14,0
2020-04-12,Brazil,210147125,Distrito Federal,3015268,NA,NA,NA,NA,35,0,0,614,14,0
2020-04-14,Brazil,210147125,Distrito Federal,3015268,NA,NA,NA,NA,13,2,0,651,17,0
2020-04-16,Brazil,210147125,Distrito Federal,3015268,NA,NA,NA,NA,34,3,0,716,20,0
2020-04-18,Brazil,210147125,Distrito Federal,3015268,NA,NA,NA,NA,16,4,0,762,24,0
2020-04-20,Brazil,210147125,Distrito Federal,3015268,NA,NA,NA,NA,45,0,0,872,24,0
2020-04-22,Brazil,210147125,Distrito Federal,3015268,NA,NA,NA,NA,65,1,0,946,25,0
2020-04-24,Brazil,210147125,Distrito Federal,3015268,NA,NA,NA,NA,26,1,0,989,26,0
2020-04-26,Brazil,210147125,Distrito Federal,3015268,NA,NA,NA,NA,53,1,0,1066,27,0
2020-04-28,Brazil,210147125,Distrito Federal,3015268,NA,NA,NA,NA,67,1,0,1213,28,0
2020-04-30,Brazil,210147125,Distrito Federal,3015268,NA,NA,NA,NA,81,2,0,1356,30,0
2020-05-02,Brazil,210147125,Distrito Federal,3015268,NA,NA,NA,NA,100,1,0,1566,31,0
2020-05-04,Brazil,210147125,Distrito Federal,3015268,NA,NA,NA,NA,119,0,0,1768,33,0
2020-05-06,Brazil,210147125,Distrito Federal,3015268,NA,NA,NA,NA,88,1,0,1906,34,0
2020-05-08,Brazil,210147125,Distrito Federal,3015268,NA,NA,NA,NA,184,2,0,2442,37,0
2020-05-10,Brazil,210147125,Distrito Federal,3015268,NA,NA,NA,NA,106,3,0,2682,42,0
2020-05-12,Brazil,210147125,Distrito Federal,3015268,NA,NA,NA,NA,196,2,0,2979,46,0
2020-05-14,Brazil,210147125,Distrito Federal,3015268,NA,NA,NA,NA,224,3,0,3416,51,0
2020-05-16,Brazil,210147125,Distrito Federal,3015268,NA,NA,NA,NA,353,1,0,4140,56,0
2020-05-18,Brazil,210147125,Distrito Federal,3015268,NA,NA,NA,NA,251,7,0,4619,66,0
2020-05-20,Brazil,210147125,Distrito Federal,3015268,NA,NA,NA,NA,308,5,0,5161,77,0
2020-05-22,Brazil,210147125,Distrito Federal,3015268,NA,NA,NA,NA,406,6,0,5948,90,0
2020-05-24,Brazil,210147125,Distrito Federal,3015268,NA,NA,NA,NA,387,9,0,6638,104,0
2020-05-26,Brazil,210147125,Distrito Federal,3015268,NA,NA,NA,NA,280,10,0,7210,124,0
2020-05-28,Brazil,210147125,Distrito Federal,3015268,NA,NA,NA,NA,539,9,0,8300,142,0
2020-05-30,Brazil,210147125,Distrito Federal,3015268,NA,NA,NA,NA,752,8,0,9474,162,0
2020-06-01,Brazil,210147125,Distrito Federal,3015268,NA,NA,NA,NA,730,1,0,10510,171,0
2020-06-03,Brazil,210147125,Distrito Federal,3015268,NA,NA,NA,NA,764,14,0,12020,191,0
2020-06-05,Brazil,210147125,Distrito Federal,3015268,NA,NA,NA,NA,1285,6,0,14208,202,0
2020-06-07,Brazil,210147125,Distrito Federal,3015268,NA,NA,NA,NA,773,6,0,16623,214,0
2020-06-09,Brazil,210147125,Distrito Federal,3015268,NA,NA,NA,NA,1461,22,0,18090,236,0
2020-06-11,Brazil,210147125,Distrito Federal,3015268,NA,NA,NA,NA,1074,18,0,20507,274,0
2020-06-13,Brazil,210147125,Distrito Federal,3015268,NA,NA,NA,NA,563,11,0,21959,293,0
2020-06-15,Brazil,210147125,Distrito Federal,3015268,NA,NA,NA,NA,813,15,0,23684,319,0
2020-06-17,Brazil,210147125,Distrito Federal,3015268,NA,NA,NA,NA,1760,17,0,27140,365,0
2020-06-19,Brazil,210147125,Distrito Federal,3015268,NA,NA,NA,NA,2381,17,0,30902,396,0
2020-06-21,Brazil,210147125,Distrito Federal,3015268,NA,NA,NA,NA,989,19,0,33227,423,0
2020-06-23,Brazil,210147125,Distrito Federal,3015268,NA,NA,NA,NA,1220,26,0,35368,475,0
2020-06-25,Brazil,210147125,Distrito Federal,3015268,NA,NA,NA,NA,1617,14,0,38871,509,0
2020-06-27,Brazil,210147125,Distrito Federal,3015268,NA,NA,NA,NA,1440,5,0,42766,537,0
2020-06-29,Brazil,210147125,Distrito Federal,3015268,NA,NA,NA,NA,2166,11,0,47071,559,0
2020-07-01,Brazil,210147125,Distrito Federal,3015268,NA,NA,NA,NA,1458,33,0,50676,620,0
2020-07-03,Brazil,210147125,Distrito Federal,3015268,NA,NA,NA,NA,1715,12,0,53996,643,0
2020-07-05,Brazil,210147125,Distrito Federal,3015268,NA,NA,NA,NA,2094,28,0,57854,699,0
2020-07-07,Brazil,210147125,Distrito Federal,3015268,NA,NA,NA,NA,2311,41,0,62694,767,0
2020-07-09,Brazil,210147125,Distrito Federal,3015268,NA,NA,NA,NA,1363,22,0,65677,823,0
2020-07-11,Brazil,210147125,Distrito Federal,3015268,NA,NA,NA,NA,1109,15,0,68406,871,0
2020-07-13,Brazil,210147125,Distrito Federal,3015268,NA,NA,NA,NA,1572,28,0,72284,930,0
2020-07-15,Brazil,210147125,Distrito Federal,3015268,NA,NA,NA,NA,1725,41,0,75379,1001,0
2020-07-17,Brazil,210147125,Distrito Federal,3015268,NA,NA,NA,NA,1779,23,0,79400,1060,0
2020-07-19,Brazil,210147125,Distrito Federal,3015268,NA,NA,NA,NA,1249,10,0,82412,1085,0
2020-07-21,Brazil,210147125,Distrito Federal,3015268,NA,NA,NA,NA,1789,46,0,86076,1158,0
2020-07-23,Brazil,210147125,Distrito Federal,3015268,NA,NA,NA,NA,2222,42,0,90023,1218,0
2020-07-25,Brazil,210147125,Distrito Federal,3015268,NA,NA,NA,NA,1773,31,0,94187,1275,0
2020-07-27,Brazil,210147125,Distrito Federal,3015268,NA,NA,NA,NA,2148,31,0,98480,1339,0
2020-07-29,Brazil,210147125,Distrito Federal,3015268,NA,NA,NA,NA,1616,28,0,102342,1419,0
2020-07-31,Brazil,210147125,Distrito Federal,3015268,NA,NA,NA,NA,1850,25,0,106292,1469,0
2020-08-02,Brazil,210147125,Distrito Federal,3015268,NA,NA,NA,NA,0,0,0,106292,1469,0
2020-08-04,Brazil,210147125,Distrito Federal,3015268,NA,NA,NA,NA,0,0,0,106292,1469,0
2020-08-06,Brazil,210147125,Distrito Federal,3015268,NA,NA,NA,NA,2034,79,0,118000,1651,0
2020-08-08,Brazil,210147125,Distrito Federal,3015268,NA,NA,NA,NA,1921,30,0,121824,1712,0
2020-08-10,Brazil,210147125,Distrito Federal,3015268,NA,NA,NA,NA,3012,31,0,126069,1762,0
2020-08-12,Brazil,210147125,Distrito Federal,3015268,NA,NA,NA,NA,1700,55,0,129184,1870,0
2020-08-14,Brazil,210147125,Distrito Federal,3015268,NA,NA,NA,NA,1996,30,0,133166,1935,0
2020-02-25,Brazil,210147125,Espiritu Santo,4018650,NA,NA,NA,NA,NA,NA,NA,0,0,0
2020-02-27,Brazil,210147125,Espiritu Santo,4018650,NA,NA,NA,NA,0,0,0,0,0,0
2020-02-29,Brazil,210147125,Espiritu Santo,4018650,NA,NA,NA,NA,0,0,0,0,0,0
2020-03-02,Brazil,210147125,Espiritu Santo,4018650,NA,NA,NA,NA,0,0,0,0,0,0
2020-03-04,Brazil,210147125,Espiritu Santo,4018650,NA,NA,NA,NA,0,0,0,0,0,0
2020-03-06,Brazil,210147125,Espiritu Santo,4018650,NA,NA,NA,NA,1,0,0,1,0,0
2020-03-08,Brazil,210147125,Espiritu Santo,4018650,NA,NA,NA,NA,0,0,0,1,0,0
2020-03-10,Brazil,210147125,Espiritu Santo,4018650,NA,NA,NA,NA,0,0,0,1,0,0
2020-03-12,Brazil,210147125,Espiritu Santo,4018650,NA,NA,NA,NA,0,0,0,1,0,0
2020-03-14,Brazil,210147125,Espiritu Santo,4018650,NA,NA,NA,NA,0,0,0,1,0,0
2020-03-16,Brazil,210147125,Espiritu Santo,4018650,NA,NA,NA,NA,0,0,0,1,0,0
2020-03-18,Brazil,210147125,Espiritu Santo,4018650,NA,NA,NA,NA,8,0,0,9,0,0
2020-03-20,Brazil,210147125,Espiritu Santo,4018650,NA,NA,NA,NA,2,0,0,13,0,0
2020-03-22,Brazil,210147125,Espiritu Santo,4018650,NA,NA,NA,NA,0,0,0,26,0,0
2020-03-24,Brazil,210147125,Espiritu Santo,4018650,NA,NA,NA,NA,4,0,0,33,0,0
2020-03-26,Brazil,210147125,Espiritu Santo,4018650,NA,NA,NA,NA,0,0,0,39,0,0
2020-03-28,Brazil,210147125,Espiritu Santo,4018650,NA,NA,NA,NA,6,0,0,53,0,0
2020-03-30,Brazil,210147125,Espiritu Santo,4018650,NA,NA,NA,NA,12,0,0,72,0,0
2020-04-01,Brazil,210147125,Espiritu Santo,4018650,NA,NA,NA,NA,12,0,0,96,0,0
2020-04-03,Brazil,210147125,Espiritu Santo,4018650,NA,NA,NA,NA,19,3,0,139,4,0
2020-04-05,Brazil,210147125,Espiritu Santo,4018650,NA,NA,NA,NA,13,1,0,166,6,0
2020-04-07,Brazil,210147125,Espiritu Santo,4018650,NA,NA,NA,NA,15,0,0,209,6,0
2020-04-09,Brazil,210147125,Espiritu Santo,4018650,NA,NA,NA,NA,46,0,0,273,6,0
2020-04-11,Brazil,210147125,Espiritu Santo,4018650,NA,NA,NA,NA,49,2,0,349,9,0
2020-04-13,Brazil,210147125,Espiritu Santo,4018650,NA,NA,NA,NA,47,5,0,430,14,0
2020-04-15,Brazil,210147125,Espiritu Santo,4018650,NA,NA,NA,NA,94,1,0,557,18,0
2020-04-17,Brazil,210147125,Espiritu Santo,4018650,NA,NA,NA,NA,102,3,0,856,25,0
2020-04-19,Brazil,210147125,Espiritu Santo,4018650,NA,NA,NA,NA,147,2,0,1099,30,0
2020-04-21,Brazil,210147125,Espiritu Santo,4018650,NA,NA,NA,NA,44,1,0,1212,34,0
2020-04-23,Brazil,210147125,Espiritu Santo,4018650,NA,NA,NA,NA,50,8,0,1363,42,0
2020-04-25,Brazil,210147125,Espiritu Santo,4018650,NA,NA,NA,NA,214,5,0,1595,47,0
2020-04-27,Brazil,210147125,Espiritu Santo,4018650,NA,NA,NA,NA,93,6,0,1796,57,0
2020-04-29,Brazil,210147125,Espiritu Santo,4018650,NA,NA,NA,NA,233,12,0,2107,76,0
2020-05-01,Brazil,210147125,Espiritu Santo,4018650,NA,NA,NA,NA,197,13,0,2662,96,0
2020-05-03,Brazil,210147125,Espiritu Santo,4018650,NA,NA,NA,NA,101,11,0,3086,114,0
2020-05-05,Brazil,210147125,Espiritu Santo,4018650,NA,NA,NA,NA,176,11,0,3402,133,0
2020-05-07,Brazil,210147125,Espiritu Santo,4018650,NA,NA,NA,NA,270,10,0,3838,155,0
2020-05-09,Brazil,210147125,Espiritu Santo,4018650,NA,NA,NA,NA,170,7,0,4412,172,0
2020-05-11,Brazil,210147125,Espiritu Santo,4018650,NA,NA,NA,NA,220,15,0,4819,196,0
2020-05-13,Brazil,210147125,Espiritu Santo,4018650,NA,NA,NA,NA,314,21,0,5401,233,0
2020-05-15,Brazil,210147125,Espiritu Santo,4018650,NA,NA,NA,NA,385,11,0,6198,260,0
2020-05-17,Brazil,210147125,Espiritu Santo,4018650,NA,NA,NA,NA,149,14,0,6744,285,0
2020-05-19,Brazil,210147125,Espiritu Santo,4018650,NA,NA,NA,NA,536,23,0,7693,325,0
2020-05-21,Brazil,210147125,Espiritu Santo,4018650,NA,NA,NA,NA,786,22,0,8878,363,0
2020-05-23,Brazil,210147125,Espiritu Santo,4018650,NA,NA,NA,NA,398,20,0,9918,417,0
2020-05-25,Brazil,210147125,Espiritu Santo,4018650,NA,NA,NA,NA,358,19,0,10365,465,0
2020-05-27,Brazil,210147125,Espiritu Santo,4018650,NA,NA,NA,NA,595,24,0,11484,511,0
2020-05-29,Brazil,210147125,Espiritu Santo,4018650,NA,NA,NA,NA,700,22,0,12903,560,0
2020-05-31,Brazil,210147125,Espiritu Santo,4018650,NA,NA,NA,NA,253,21,0,13690,604,0
2020-06-02,Brazil,210147125,Espiritu Santo,4018650,NA,NA,NA,NA,1082,50,0,15151,664,0
2020-06-04,Brazil,210147125,Espiritu Santo,4018650,NA,NA,NA,NA,773,39,0,16894,737,0
2020-06-06,Brazil,210147125,Espiritu Santo,4018650,NA,NA,NA,NA,841,26,0,18950,806,0
2020-06-08,Brazil,210147125,Espiritu Santo,4018650,NA,NA,NA,NA,1040,39,0,20659,871,0
2020-06-10,Brazil,210147125,Espiritu Santo,4018650,NA,NA,NA,NA,1380,32,0,23344,936,0
2020-06-12,Brazil,210147125,Espiritu Santo,4018650,NA,NA,NA,NA,1028,24,0,25257,986,0
2020-06-14,Brazil,210147125,Espiritu Santo,4018650,NA,NA,NA,NA,509,32,0,26441,1054,0
2020-06-16,Brazil,210147125,Espiritu Santo,4018650,NA,NA,NA,NA,1371,45,0,28952,1131,0
2020-06-18,Brazil,210147125,Espiritu Santo,4018650,NA,NA,NA,NA,1230,48,0,31671,1217,0
2020-06-20,Brazil,210147125,Espiritu Santo,4018650,NA,NA,NA,NA,1074,32,0,34216,1297,0
2020-06-22,Brazil,210147125,Espiritu Santo,4018650,NA,NA,NA,NA,926,36,0,35784,1362,0
2020-06-24,Brazil,210147125,Espiritu Santo,4018650,NA,NA,NA,NA,1654,38,0,38481,1463,0
2020-06-26,Brazil,210147125,Espiritu Santo,4018650,NA,NA,NA,NA,1406,17,0,41652,1507,0
2020-06-28,Brazil,210147125,Espiritu Santo,4018650,NA,NA,NA,NA,2031,61,0,43683,1568,0
2020-06-30,Brazil,210147125,Espiritu Santo,4018650,NA,NA,NA,NA,1796,27,0,46893,1648,0
2020-07-02,Brazil,210147125,Espiritu Santo,4018650,NA,NA,NA,NA,1419,35,0,50240,1728,0
2020-07-04,Brazil,210147125,Espiritu Santo,4018650,NA,NA,NA,NA,1134,23,0,52823,1781,0
2020-07-06,Brazil,210147125,Espiritu Santo,4018650,NA,NA,NA,NA,1154,34,0,54547,1838,0
2020-07-08,Brazil,210147125,Espiritu Santo,4018650,NA,NA,NA,NA,1839,31,0,58537,1911,0
2020-07-10,Brazil,210147125,Espiritu Santo,4018650,NA,NA,NA,NA,1347,37,0,61356,1967,0
2020-07-12,Brazil,210147125,Espiritu Santo,4018650,NA,NA,NA,NA,563,19,0,62799,2003,0
2020-07-14,Brazil,210147125,Espiritu Santo,4018650,NA,NA,NA,NA,1334,42,0,65213,2082,0
2020-07-16,Brazil,210147125,Espiritu Santo,4018650,NA,NA,NA,NA,1766,39,0,68118,2136,0
2020-07-18,Brazil,210147125,Espiritu Santo,4018650,NA,NA,NA,NA,670,28,0,70131,2202,0
2020-07-20,Brazil,210147125,Espiritu Santo,4018650,NA,NA,NA,NA,1094,34,0,71703,2256,0
2020-07-22,Brazil,210147125,Espiritu Santo,4018650,NA,NA,NA,NA,1087,25,0,73688,2305,0
2020-07-24,Brazil,210147125,Espiritu Santo,4018650,NA,NA,NA,NA,1246,32,0,75854,2373,0
2020-07-26,Brazil,210147125,Espiritu Santo,4018650,NA,NA,NA,NA,602,25,0,77200,2411,0
2020-07-28,Brazil,210147125,Espiritu Santo,4018650,NA,NA,NA,NA,1427,27,0,79464,2463,0
2020-07-30,Brazil,210147125,Espiritu Santo,4018650,NA,NA,NA,NA,1316,28,0,81885,2514,0
2020-08-01,Brazil,210147125,Espiritu Santo,4018650,NA,NA,NA,NA,0,0,0,83292,2545,0
2020-08-03,Brazil,210147125,Espiritu Santo,4018650,NA,NA,NA,NA,0,0,0,83292,2545,0
2020-08-05,Brazil,210147125,Espiritu Santo,4018650,NA,NA,NA,NA,3950,101,0,87242,2646,0
2020-08-07,Brazil,210147125,Espiritu Santo,4018650,NA,NA,NA,NA,1380,31,0,89923,2698,0
2020-08-09,Brazil,210147125,Espiritu Santo,4018650,NA,NA,NA,NA,645,15,0,91791,2735,0
2020-08-11,Brazil,210147125,Espiritu Santo,4018650,NA,NA,NA,NA,1407,19,0,94476,2783,0
2020-08-13,Brazil,210147125,Espiritu Santo,4018650,NA,NA,NA,NA,1196,18,0,96949,2823,0
2020-08-15,Brazil,210147125,Espiritu Santo,4018650,NA,NA,NA,NA,659,15,0,98765,2864,0
2020-02-26,Brazil,210147125,Goias,7018354,NA,NA,NA,NA,0,NA,NA,0,0,0
2020-02-28,Brazil,210147125,Goias,7018354,NA,NA,NA,NA,0,0,0,0,0,0
2020-03-01,Brazil,210147125,Goias,7018354,NA,NA,NA,NA,0,0,0,0,0,0
2020-03-03,Brazil,210147125,Goias,7018354,NA,NA,NA,NA,0,0,0,0,0,0
2020-03-05,Brazil,210147125,Goias,7018354,NA,NA,NA,NA,0,0,0,0,0,0
2020-03-07,Brazil,210147125,Goias,7018354,NA,NA,NA,NA,0,0,0,0,0,0
2020-03-09,Brazil,210147125,Goias,7018354,NA,NA,NA,NA,0,0,0,0,0,0
2020-03-11,Brazil,210147125,Goias,7018354,NA,NA,NA,NA,0,0,0,0,0,0
2020-03-13,Brazil,210147125,Goias,7018354,NA,NA,NA,NA,3,0,0,3,0,0
2020-03-15,Brazil,210147125,Goias,7018354,NA,NA,NA,NA,0,0,0,3,0,0
2020-03-17,Brazil,210147125,Goias,7018354,NA,NA,NA,NA,3,0,0,6,0,0
2020-03-19,Brazil,210147125,Goias,7018354,NA,NA,NA,NA,4,0,0,12,0,0
2020-03-21,Brazil,210147125,Goias,7018354,NA,NA,NA,NA,5,0,0,20,0,0
2020-03-23,Brazil,210147125,Goias,7018354,NA,NA,NA,NA,2,0,0,23,0,0
2020-03-25,Brazil,210147125,Goias,7018354,NA,NA,NA,NA,2,0,0,29,0,0
2020-03-27,Brazil,210147125,Goias,7018354,NA,NA,NA,NA,10,0,0,49,1,0
2020-03-29,Brazil,210147125,Goias,7018354,NA,NA,NA,NA,2,0,0,58,1,0
2020-03-31,Brazil,210147125,Goias,7018354,NA,NA,NA,NA,4,0,0,65,1,0
2020-04-02,Brazil,210147125,Goias,7018354,NA,NA,NA,NA,2,0,0,73,1,0
2020-04-04,Brazil,210147125,Goias,7018354,NA,NA,NA,NA,15,0,0,103,2,0
2020-04-06,Brazil,210147125,Goias,7018354,NA,NA,NA,NA,4,2,0,119,5,0
2020-04-08,Brazil,210147125,Goias,7018354,NA,NA,NA,NA,25,2,0,158,7,0
2020-04-10,Brazil,210147125,Goias,7018354,NA,NA,NA,NA,12,1,0,191,8,0
2020-04-12,Brazil,210147125,Goias,7018354,NA,NA,NA,NA,20,4,0,229,14,0
2020-04-14,Brazil,210147125,Goias,7018354,NA,NA,NA,NA,51,0,0,284,15,0
2020-04-16,Brazil,210147125,Goias,7018354,NA,NA,NA,NA,14,1,0,318,16,0
2020-04-18,Brazil,210147125,Goias,7018354,NA,NA,NA,NA,43,2,0,378,18,0
2020-04-20,Brazil,210147125,Goias,7018354,NA,NA,NA,NA,10,1,0,403,19,0
2020-04-22,Brazil,210147125,Goias,7018354,NA,NA,NA,NA,17,2,0,438,21,0
2020-04-24,Brazil,210147125,Goias,7018354,NA,NA,NA,NA,33,1,0,486,24,0
2020-04-26,Brazil,210147125,Goias,7018354,NA,NA,NA,NA,67,0,0,573,25,0
2020-04-28,Brazil,210147125,Goias,7018354,NA,NA,NA,NA,45,1,0,661,27,0
2020-04-30,Brazil,210147125,Goias,7018354,NA,NA,NA,NA,76,2,0,781,29,0
2020-05-02,Brazil,210147125,Goias,7018354,NA,NA,NA,NA,17,1,0,825,30,0
2020-05-04,Brazil,210147125,Goias,7018354,NA,NA,NA,NA,11,0,0,861,30,0
2020-05-06,Brazil,210147125,Goias,7018354,NA,NA,NA,NA,102,6,0,1024,44,0
2020-05-08,Brazil,210147125,Goias,7018354,NA,NA,NA,NA,26,5,0,1053,49,0
2020-05-10,Brazil,210147125,Goias,7018354,NA,NA,NA,NA,24,0,0,1093,47,0
2020-05-12,Brazil,210147125,Goias,7018354,NA,NA,NA,NA,15,3,0,1115,52,0
2020-05-14,Brazil,210147125,Goias,7018354,NA,NA,NA,NA,289,3,0,1423,64,0
2020-05-16,Brazil,210147125,Goias,7018354,NA,NA,NA,NA,68,2,0,1640,69,0
2020-05-18,Brazil,210147125,Goias,7018354,NA,NA,NA,NA,57,3,0,1749,73,0
2020-05-20,Brazil,210147125,Goias,7018354,NA,NA,NA,NA,132,5,0,1978,78,0
2020-05-22,Brazil,210147125,Goias,7018354,NA,NA,NA,NA,190,8,0,2304,93,0
2020-05-24,Brazil,210147125,Goias,7018354,NA,NA,NA,NA,66,0,0,2443,95,0
2020-05-26,Brazil,210147125,Goias,7018354,NA,NA,NA,NA,159,8,0,2671,104,0
2020-05-28,Brazil,210147125,Goias,7018354,NA,NA,NA,NA,247,7,0,3090,115,0
2020-05-30,Brazil,210147125,Goias,7018354,NA,NA,NA,NA,266,3,0,3585,122,0
2020-06-01,Brazil,210147125,Goias,7018354,NA,NA,NA,NA,204,3,0,3906,127,0
2020-06-03,Brazil,210147125,Goias,7018354,NA,NA,NA,NA,193,4,0,4570,155,0
2020-06-05,Brazil,210147125,Goias,7018354,NA,NA,NA,NA,429,3,0,5373,167,0
2020-06-07,Brazil,210147125,Goias,7018354,NA,NA,NA,NA,144,1,0,5813,173,0
2020-06-09,Brazil,210147125,Goias,7018354,NA,NA,NA,NA,397,7,0,6521,180,0
2020-06-11,Brazil,210147125,Goias,7018354,NA,NA,NA,NA,498,1,0,7657,189,0
2020-06-13,Brazil,210147125,Goias,7018354,NA,NA,NA,NA,94,14,0,7940,208,0
2020-06-15,Brazil,210147125,Goias,7018354,NA,NA,NA,NA,2238,15,0,10182,226,0
2020-06-17,Brazil,210147125,Goias,7018354,NA,NA,NA,NA,972,6,0,12236,252,0
2020-06-19,Brazil,210147125,Goias,7018354,NA,NA,NA,NA,723,17,0,14027,281,0
2020-06-21,Brazil,210147125,Goias,7018354,NA,NA,NA,NA,739,8,0,15619,303,0
2020-06-23,Brazil,210147125,Goias,7018354,NA,NA,NA,NA,1032,18,0,17568,329,0
2020-06-25,Brazil,210147125,Goias,7018354,NA,NA,NA,NA,925,21,0,19547,384,0
2020-06-27,Brazil,210147125,Goias,7018354,NA,NA,NA,NA,757,20,0,21620,429,0
2020-06-29,Brazil,210147125,Goias,7018354,NA,NA,NA,NA,1023,2,0,23007,437,0
2020-07-01,Brazil,210147125,Goias,7018354,NA,NA,NA,NA,1160,29,0,25541,503,0
2020-07-03,Brazil,210147125,Goias,7018354,NA,NA,NA,NA,67,41,0,26330,586,0
2020-07-05,Brazil,210147125,Goias,7018354,NA,NA,NA,NA,32,10,0,28526,621,0
2020-07-07,Brazil,210147125,Goias,7018354,NA,NA,NA,NA,2012,47,0,31308,701,0
2020-07-09,Brazil,210147125,Goias,7018354,NA,NA,NA,NA,1212,36,0,33876,769,0
2020-07-11,Brazil,210147125,Goias,7018354,NA,NA,NA,NA,655,37,0,35793,844,0
2020-07-13,Brazil,210147125,Goias,7018354,NA,NA,NA,NA,452,3,0,36696,852,0
2020-07-15,Brazil,210147125,Goias,7018354,NA,NA,NA,NA,1063,47,0,38895,927,0
2020-07-17,Brazil,210147125,Goias,7018354,NA,NA,NA,NA,480,43,0,40681,1029,0
2020-07-19,Brazil,210147125,Goias,7018354,NA,NA,NA,NA,0,13,0,40769,1092,0
2020-07-21,Brazil,210147125,Goias,7018354,NA,NA,NA,NA,3022,48,0,43794,1154,0
2020-07-23,Brazil,210147125,Goias,7018354,NA,NA,NA,NA,3174,69,0,50458,1262,0
2020-07-25,Brazil,210147125,Goias,7018354,NA,NA,NA,NA,1954,46,0,54801,1378,0
2020-07-27,Brazil,210147125,Goias,7018354,NA,NA,NA,NA,2071,8,0,57985,1400,0
2020-07-29,Brazil,210147125,Goias,7018354,NA,NA,NA,NA,3021,81,0,63658,1554,0
2020-07-31,Brazil,210147125,Goias,7018354,NA,NA,NA,NA,2672,92,0,67941,1656,0
2020-08-02,Brazil,210147125,Goias,7018354,NA,NA,NA,NA,0,0,0,67941,1656,0
2020-08-04,Brazil,210147125,Goias,7018354,NA,NA,NA,NA,0,0,0,67941,1656,0
2020-08-06,Brazil,210147125,Goias,7018354,NA,NA,NA,NA,3292,58,0,79897,1888,0
2020-08-08,Brazil,210147125,Goias,7018354,NA,NA,NA,NA,1724,62,0,84531,2008,0
2020-08-10,Brazil,210147125,Goias,7018354,NA,NA,NA,NA,1380,3,0,86451,2023,0
2020-08-12,Brazil,210147125,Goias,7018354,NA,NA,NA,NA,3048,36,0,93274,2135,0
2020-08-14,Brazil,210147125,Goias,7018354,NA,NA,NA,NA,2485,73,0,99234,2286,0
2020-02-25,Brazil,210147125,Maranhao,7075181,NA,NA,NA,NA,NA,NA,NA,0,0,0
2020-02-27,Brazil,210147125,Maranhao,7075181,NA,NA,NA,NA,0,0,0,0,0,0
2020-02-29,Brazil,210147125,Maranhao,7075181,NA,NA,NA,NA,0,0,0,0,0,0
2020-03-02,Brazil,210147125,Maranhao,7075181,NA,NA,NA,NA,0,0,0,0,0,0
2020-03-04,Brazil,210147125,Maranhao,7075181,NA,NA,NA,NA,0,0,0,0,0,0
2020-03-06,Brazil,210147125,Maranhao,7075181,NA,NA,NA,NA,0,0,0,0,0,0
2020-03-08,Brazil,210147125,Maranhao,7075181,NA,NA,NA,NA,0,0,0,0,0,0
2020-03-10,Brazil,210147125,Maranhao,7075181,NA,NA,NA,NA,0,0,0,0,0,0
2020-03-12,Brazil,210147125,Maranhao,7075181,NA,NA,NA,NA,0,0,0,0,0,0
2020-03-14,Brazil,210147125,Maranhao,7075181,NA,NA,NA,NA,0,0,0,0,0,0
2020-03-16,Brazil,210147125,Maranhao,7075181,NA,NA,NA,NA,0,0,0,0,0,0
2020-03-18,Brazil,210147125,Maranhao,7075181,NA,NA,NA,NA,0,0,0,0,0,0
2020-03-20,Brazil,210147125,Maranhao,7075181,NA,NA,NA,NA,0,0,0,0,0,0
2020-03-22,Brazil,210147125,Maranhao,7075181,NA,NA,NA,NA,1,0,0,2,0,0
2020-03-24,Brazil,210147125,Maranhao,7075181,NA,NA,NA,NA,6,0,0,8,0,0
2020-03-26,Brazil,210147125,Maranhao,7075181,NA,NA,NA,NA,2,0,0,10,0,0
2020-03-28,Brazil,210147125,Maranhao,7075181,NA,NA,NA,NA,1,0,0,14,0,0
2020-03-30,Brazil,210147125,Maranhao,7075181,NA,NA,NA,NA,7,1,0,23,1,0
2020-04-01,Brazil,210147125,Maranhao,7075181,NA,NA,NA,NA,23,0,0,54,1,0
2020-04-03,Brazil,210147125,Maranhao,7075181,NA,NA,NA,NA,10,0,0,81,1,0
2020-04-05,Brazil,210147125,Maranhao,7075181,NA,NA,NA,NA,8,1,0,96,2,0
2020-04-07,Brazil,210147125,Maranhao,7075181,NA,NA,NA,NA,39,2,0,172,4,0
2020-04-09,Brazil,210147125,Maranhao,7075181,NA,NA,NA,NA,43,1,0,273,12,0
2020-04-11,Brazil,210147125,Maranhao,7075181,NA,NA,NA,NA,51,5,0,344,21,0
2020-04-13,Brazil,210147125,Maranhao,7075181,NA,NA,NA,NA,47,3,0,445,27,0
2020-04-15,Brazil,210147125,Maranhao,7075181,NA,NA,NA,NA,152,2,0,630,34,0
2020-04-17,Brazil,210147125,Maranhao,7075181,NA,NA,NA,NA,102,3,0,797,40,0
2020-04-19,Brazil,210147125,Maranhao,7075181,NA,NA,NA,NA,165,4,0,1205,48,0
2020-04-21,Brazil,210147125,Maranhao,7075181,NA,NA,NA,NA,76,6,0,1396,60,0
2020-04-23,Brazil,210147125,Maranhao,7075181,NA,NA,NA,NA,153,10,0,1757,76,0
2020-04-25,Brazil,210147125,Maranhao,7075181,NA,NA,NA,NA,154,12,0,2105,100,0
2020-04-27,Brazil,210147125,Maranhao,7075181,NA,NA,NA,NA,187,13,0,2410,125,0
2020-04-29,Brazil,210147125,Maranhao,7075181,NA,NA,NA,NA,276,21,0,2804,166,0
2020-05-01,Brazil,210147125,Maranhao,7075181,NA,NA,NA,NA,316,20,0,3506,204,0
2020-05-03,Brazil,210147125,Maranhao,7075181,NA,NA,NA,NA,235,13,0,4040,237,0
2020-05-05,Brazil,210147125,Maranhao,7075181,NA,NA,NA,NA,303,22,0,4530,271,0
2020-05-07,Brazil,210147125,Maranhao,7075181,NA,NA,NA,NA,361,14,0,5389,305,0
2020-05-09,Brazil,210147125,Maranhao,7075181,NA,NA,NA,NA,856,25,0,6765,355,0
2020-05-11,Brazil,210147125,Maranhao,7075181,NA,NA,NA,NA,545,20,0,8144,399,0
2020-05-13,Brazil,210147125,Maranhao,7075181,NA,NA,NA,NA,586,21,0,9112,444,0
2020-05-15,Brazil,210147125,Maranhao,7075181,NA,NA,NA,NA,938,26,0,10739,496,0
2020-05-17,Brazil,210147125,Maranhao,7075181,NA,NA,NA,NA,900,25,0,12492,549,0
2020-05-19,Brazil,210147125,Maranhao,7075181,NA,NA,NA,NA,960,28,0,14198,604,0
2020-05-21,Brazil,210147125,Maranhao,7075181,NA,NA,NA,NA,944,29,0,16058,663,0
2020-05-23,Brazil,210147125,Maranhao,7075181,NA,NA,NA,NA,1555,29,0,18767,722,0
2020-05-25,Brazil,210147125,Maranhao,7075181,NA,NA,NA,NA,1595,30,0,22786,784,0
2020-05-27,Brazil,210147125,Maranhao,7075181,NA,NA,NA,NA,1867,36,0,26145,853,0
2020-05-29,Brazil,210147125,Maranhao,7075181,NA,NA,NA,NA,2503,24,0,30482,911,0
2020-05-31,Brazil,210147125,Maranhao,7075181,NA,NA,NA,NA,2019,23,0,34639,955,0
2020-06-02,Brazil,210147125,Maranhao,7075181,NA,NA,NA,NA,1328,21,0,36625,997,0
2020-06-04,Brazil,210147125,Maranhao,7075181,NA,NA,NA,NA,2455,34,0,40629,1062,0
2020-06-06,Brazil,210147125,Maranhao,7075181,NA,NA,NA,NA,2157,37,0,45470,1132,0
2020-06-08,Brazil,210147125,Maranhao,7075181,NA,NA,NA,NA,1778,77,0,49371,1247,0
2020-06-10,Brazil,210147125,Maranhao,7075181,NA,NA,NA,NA,1439,37,0,53508,1322,0
2020-06-12,Brazil,210147125,Maranhao,7075181,NA,NA,NA,NA,1925,39,0,57605,1399,0
2020-06-14,Brazil,210147125,Maranhao,7075181,NA,NA,NA,NA,991,31,0,59850,1467,0
2020-06-16,Brazil,210147125,Maranhao,7075181,NA,NA,NA,NA,2119,38,0,62711,1537,0
2020-06-18,Brazil,210147125,Maranhao,7075181,NA,NA,NA,NA,1356,37,0,66091,1607,0
2020-06-20,Brazil,210147125,Maranhao,7075181,NA,NA,NA,NA,1173,39,0,69673,1684,0
2020-06-22,Brazil,210147125,Maranhao,7075181,NA,NA,NA,NA,630,39,0,70689,1760,0
2020-06-24,Brazil,210147125,Maranhao,7075181,NA,NA,NA,NA,1293,39,0,73314,1836,0
2020-06-26,Brazil,210147125,Maranhao,7075181,NA,NA,NA,NA,1773,35,0,76698,1906,0
2020-06-28,Brazil,210147125,Maranhao,7075181,NA,NA,NA,NA,397,39,0,78512,1982,0
2020-06-30,Brazil,210147125,Maranhao,7075181,NA,NA,NA,NA,1482,36,0,80451,2048,0
2020-07-02,Brazil,210147125,Maranhao,7075181,NA,NA,NA,NA,2769,38,0,86025,2119,0
2020-07-04,Brazil,210147125,Maranhao,7075181,NA,NA,NA,NA,843,32,0,89057,2185,0
2020-07-06,Brazil,210147125,Maranhao,7075181,NA,NA,NA,NA,537,31,0,90251,2250,0
2020-07-08,Brazil,210147125,Maranhao,7075181,NA,NA,NA,NA,851,38,0,92939,2324,0
2020-07-10,Brazil,210147125,Maranhao,7075181,NA,NA,NA,NA,1395,35,0,96718,2392,0
2020-07-12,Brazil,210147125,Maranhao,7075181,NA,NA,NA,NA,554,37,0,98952,2463,0
2020-07-14,Brazil,210147125,Maranhao,7075181,NA,NA,NA,NA,1637,35,0,101467,2536,0
2020-07-16,Brazil,210147125,Maranhao,7075181,NA,NA,NA,NA,1657,36,0,104126,2608,0
2020-07-18,Brazil,210147125,Maranhao,7075181,NA,NA,NA,NA,909,36,0,106092,2676,0
2020-07-20,Brazil,210147125,Maranhao,7075181,NA,NA,NA,NA,581,32,0,106906,2740,0
2020-07-22,Brazil,210147125,Maranhao,7075181,NA,NA,NA,NA,1577,32,0,109731,2810,0
2020-07-24,Brazil,210147125,Maranhao,7075181,NA,NA,NA,NA,1195,31,0,112683,2871,0
2020-07-26,Brazil,210147125,Maranhao,7075181,NA,NA,NA,NA,328,25,0,113891,2923,0
2020-07-28,Brazil,210147125,Maranhao,7075181,NA,NA,NA,NA,1403,16,0,115988,2959,0
2020-07-30,Brazil,210147125,Maranhao,7075181,NA,NA,NA,NA,1568,18,0,119262,2996,0
2020-08-01,Brazil,210147125,Maranhao,7075181,NA,NA,NA,NA,0,0,0,120661,3013,0
2020-08-03,Brazil,210147125,Maranhao,7075181,NA,NA,NA,NA,0,0,0,120661,3013,0
2020-08-05,Brazil,210147125,Maranhao,7075181,NA,NA,NA,NA,4798,90,0,125459,3103,0
2020-08-07,Brazil,210147125,Maranhao,7075181,NA,NA,NA,NA,1781,18,0,128846,3138,0
2020-08-09,Brazil,210147125,Maranhao,7075181,NA,NA,NA,NA,436,15,0,130136,3169,0
2020-08-11,Brazil,210147125,Maranhao,7075181,NA,NA,NA,NA,1494,17,0,132060,3204,0
2020-08-13,Brazil,210147125,Maranhao,7075181,NA,NA,NA,NA,928,13,0,134193,3228,0
2020-08-15,Brazil,210147125,Maranhao,7075181,NA,NA,NA,NA,956,13,0,136280,3253,0
2020-02-26,Brazil,210147125,MatoGrosso,3484466,NA,NA,NA,NA,0,NA,NA,0,0,0
2020-02-28,Brazil,210147125,MatoGrosso,3484466,NA,NA,NA,NA,0,0,0,0,0,0
2020-03-01,Brazil,210147125,MatoGrosso,3484466,NA,NA,NA,NA,0,0,0,0,0,0
2020-03-03,Brazil,210147125,MatoGrosso,3484466,NA,NA,NA,NA,0,0,0,0,0,0
2020-03-05,Brazil,210147125,MatoGrosso,3484466,NA,NA,NA,NA,0,0,0,0,0,0
2020-03-07,Brazil,210147125,MatoGrosso,3484466,NA,NA,NA,NA,0,0,0,0,0,0
2020-03-09,Brazil,210147125,MatoGrosso,3484466,NA,NA,NA,NA,0,0,0,0,0,0
2020-03-11,Brazil,210147125,MatoGrosso,3484466,NA,NA,NA,NA,0,0,0,0,0,0
2020-03-13,Brazil,210147125,MatoGrosso,3484466,NA,NA,NA,NA,0,0,0,0,0,0
2020-03-15,Brazil,210147125,MatoGrosso,3484466,NA,NA,NA,NA,0,0,0,0,0,0
2020-03-17,Brazil,210147125,MatoGrosso,3484466,NA,NA,NA,NA,0,0,0,0,0,0
2020-03-19,Brazil,210147125,MatoGrosso,3484466,NA,NA,NA,NA,0,0,0,0,0,0
2020-03-21,Brazil,210147125,MatoGrosso,3484466,NA,NA,NA,NA,1,0,0,2,0,0
2020-03-23,Brazil,210147125,MatoGrosso,3484466,NA,NA,NA,NA,0,0,0,2,0,0
2020-03-25,Brazil,210147125,MatoGrosso,3484466,NA,NA,NA,NA,1,0,0,8,0,0
2020-03-27,Brazil,210147125,MatoGrosso,3484466,NA,NA,NA,NA,0,0,0,11,0,0
2020-03-29,Brazil,210147125,MatoGrosso,3484466,NA,NA,NA,NA,3,0,0,16,0,0
2020-03-31,Brazil,210147125,MatoGrosso,3484466,NA,NA,NA,NA,7,0,0,25,0,0
2020-04-02,Brazil,210147125,MatoGrosso,3484466,NA,NA,NA,NA,9,0,0,36,0,0
2020-04-04,Brazil,210147125,MatoGrosso,3484466,NA,NA,NA,NA,12,0,0,56,1,0
2020-04-06,Brazil,210147125,MatoGrosso,3484466,NA,NA,NA,NA,16,0,0,76,1,0
2020-04-08,Brazil,210147125,MatoGrosso,3484466,NA,NA,NA,NA,12,0,0,90,1,0
2020-04-10,Brazil,210147125,MatoGrosso,3484466,NA,NA,NA,NA,4,0,0,112,2,0
2020-04-12,Brazil,210147125,MatoGrosso,3484466,NA,NA,NA,NA,2,0,0,123,3,0
2020-04-14,Brazil,210147125,MatoGrosso,3484466,NA,NA,NA,NA,4,0,0,138,4,0
2020-04-16,Brazil,210147125,MatoGrosso,3484466,NA,NA,NA,NA,5,1,0,156,5,0
2020-04-18,Brazil,210147125,MatoGrosso,3484466,NA,NA,NA,NA,9,0,0,171,5,0
2020-04-20,Brazil,210147125,MatoGrosso,3484466,NA,NA,NA,NA,7,1,0,181,6,0
2020-04-22,Brazil,210147125,MatoGrosso,3484466,NA,NA,NA,NA,2,0,0,183,6,0
2020-04-24,Brazil,210147125,MatoGrosso,3484466,NA,NA,NA,NA,19,1,0,240,8,0
2020-04-26,Brazil,210147125,MatoGrosso,3484466,NA,NA,NA,NA,3,0,0,250,9,0
2020-04-28,Brazil,210147125,MatoGrosso,3484466,NA,NA,NA,NA,4,1,0,261,11,0
2020-04-30,Brazil,210147125,MatoGrosso,3484466,NA,NA,NA,NA,5,0,0,297,11,0
2020-05-02,Brazil,210147125,MatoGrosso,3484466,NA,NA,NA,NA,11,1,0,331,12,0
2020-05-04,Brazil,210147125,MatoGrosso,3484466,NA,NA,NA,NA,7,1,0,344,13,0
2020-05-06,Brazil,210147125,MatoGrosso,3484466,NA,NA,NA,NA,14,0,0,379,13,0
2020-05-08,Brazil,210147125,MatoGrosso,3484466,NA,NA,NA,NA,40,1,0,457,14,0
2020-05-10,Brazil,210147125,MatoGrosso,3484466,NA,NA,NA,NA,17,2,0,519,18,0
2020-05-12,Brazil,210147125,MatoGrosso,3484466,NA,NA,NA,NA,50,0,0,591,19,0
2020-05-14,Brazil,210147125,MatoGrosso,3484466,NA,NA,NA,NA,58,3,0,719,23,0
2020-05-16,Brazil,210147125,MatoGrosso,3484466,NA,NA,NA,NA,72,1,0,851,27,0
2020-05-18,Brazil,210147125,MatoGrosso,3484466,NA,NA,NA,NA,36,2,0,937,29,0
2020-05-20,Brazil,210147125,MatoGrosso,3484466,NA,NA,NA,NA,59,0,0,1054,32,0
2020-05-22,Brazil,210147125,MatoGrosso,3484466,NA,NA,NA,NA,48,3,0,1220,37,0
2020-05-24,Brazil,210147125,MatoGrosso,3484466,NA,NA,NA,NA,110,3,0,1462,40,0
2020-05-26,Brazil,210147125,MatoGrosso,3484466,NA,NA,NA,NA,128,2,0,1628,43,0
2020-05-28,Brazil,210147125,MatoGrosso,3484466,NA,NA,NA,NA,112,5,0,1951,51,0
2020-05-30,Brazil,210147125,MatoGrosso,3484466,NA,NA,NA,NA,258,1,0,2361,57,0
2020-06-01,Brazil,210147125,MatoGrosso,3484466,NA,NA,NA,NA,112,5,0,2541,66,0
2020-06-03,Brazil,210147125,MatoGrosso,3484466,NA,NA,NA,NA,139,6,0,2848,76,0
2020-06-05,Brazil,210147125,MatoGrosso,3484466,NA,NA,NA,NA,287,6,0,3481,88,0
2020-06-07,Brazil,210147125,MatoGrosso,3484466,NA,NA,NA,NA,216,13,0,3878,109,0
2020-06-09,Brazil,210147125,MatoGrosso,3484466,NA,NA,NA,NA,239,19,0,4339,135,0
2020-06-11,Brazil,210147125,MatoGrosso,3484466,NA,NA,NA,NA,490,14,0,5092,160,0
2020-06-13,Brazil,210147125,MatoGrosso,3484466,NA,NA,NA,NA,161,17,0,5524,192,0
2020-06-15,Brazil,210147125,MatoGrosso,3484466,NA,NA,NA,NA,324,7,0,6185,216,0
2020-06-17,Brazil,210147125,MatoGrosso,3484466,NA,NA,NA,NA,736,40,0,7124,266,0
2020-06-19,Brazil,210147125,MatoGrosso,3484466,NA,NA,NA,NA,841,28,0,8353,309,0
2020-06-21,Brazil,210147125,MatoGrosso,3484466,NA,NA,NA,NA,508,25,0,9470,360,0
2020-06-23,Brazil,210147125,MatoGrosso,3484466,NA,NA,NA,NA,638,17,0,10659,401,0
2020-06-25,Brazil,210147125,MatoGrosso,3484466,NA,NA,NA,NA,714,19,0,12157,462,0
2020-06-27,Brazil,210147125,MatoGrosso,3484466,NA,NA,NA,NA,779,47,0,13805,527,0
2020-06-29,Brazil,210147125,MatoGrosso,3484466,NA,NA,NA,NA,399,19,0,15086,582,0
2020-07-01,Brazil,210147125,MatoGrosso,3484466,NA,NA,NA,NA,985,41,0,16621,634,0
2020-07-03,Brazil,210147125,MatoGrosso,3484466,NA,NA,NA,NA,1127,35,0,18854,709,0
2020-07-05,Brazil,210147125,MatoGrosso,3484466,NA,NA,NA,NA,793,52,0,20891,807,0
2020-07-07,Brazil,210147125,MatoGrosso,3484466,NA,NA,NA,NA,910,20,0,22406,846,0
2020-07-09,Brazil,210147125,MatoGrosso,3484466,NA,NA,NA,NA,1429,46,0,25264,928,0
2020-07-11,Brazil,210147125,MatoGrosso,3484466,NA,NA,NA,NA,1240,43,0,27636,1029,0
2020-07-13,Brazil,210147125,MatoGrosso,3484466,NA,NA,NA,NA,381,38,0,28792,1085,0
2020-07-15,Brazil,210147125,MatoGrosso,3484466,NA,NA,NA,NA,1040,69,0,30319,1174,0
2020-07-17,Brazil,210147125,MatoGrosso,3484466,NA,NA,NA,NA,1860,61,0,32971,1268,0
2020-07-19,Brazil,210147125,MatoGrosso,3484466,NA,NA,NA,NA,1429,27,0,34136,1332,0
2020-07-21,Brazil,210147125,MatoGrosso,3484466,NA,NA,NA,NA,1438,16,0,37077,1400,0
2020-07-23,Brazil,210147125,MatoGrosso,3484466,NA,NA,NA,NA,1983,38,0,40755,1491,0
2020-07-25,Brazil,210147125,MatoGrosso,3484466,NA,NA,NA,NA,729,65,0,42935,1566,0
2020-07-27,Brazil,210147125,MatoGrosso,3484466,NA,NA,NA,NA,1507,45,0,44838,1625,0
2020-07-29,Brazil,210147125,MatoGrosso,3484466,NA,NA,NA,NA,1772,33,0,48317,1702,0
2020-07-31,Brazil,210147125,MatoGrosso,3484466,NA,NA,NA,NA,1418,56,0,51865,1819,0
2020-08-02,Brazil,210147125,MatoGrosso,3484466,NA,NA,NA,NA,0,0,0,51865,1819,0
2020-08-04,Brazil,210147125,MatoGrosso,3484466,NA,NA,NA,NA,0,0,0,51865,1819,0
2020-08-06,Brazil,210147125,MatoGrosso,3484466,NA,NA,NA,NA,1335,29,0,59841,1974,0
2020-08-08,Brazil,210147125,MatoGrosso,3484466,NA,NA,NA,NA,41,24,0,62826,2061,0
2020-08-10,Brazil,210147125,MatoGrosso,3484466,NA,NA,NA,NA,1782,32,0,65198,2122,0
2020-08-12,Brazil,210147125,MatoGrosso,3484466,NA,NA,NA,NA,1863,32,0,68924,2221,0
2020-08-14,Brazil,210147125,MatoGrosso,3484466,NA,NA,NA,NA,1611,40,0,72269,2285,0
2020-02-25,Brazil,210147125,MatoGrosso do Sul,2778986,NA,NA,NA,NA,NA,NA,NA,0,0,0
2020-02-27,Brazil,210147125,MatoGrosso do Sul,2778986,NA,NA,NA,NA,0,0,0,0,0,0
2020-02-29,Brazil,210147125,MatoGrosso do Sul,2778986,NA,NA,NA,NA,0,0,0,0,0,0
2020-03-02,Brazil,210147125,MatoGrosso do Sul,2778986,NA,NA,NA,NA,0,0,0,0,0,0
2020-03-04,Brazil,210147125,MatoGrosso do Sul,2778986,NA,NA,NA,NA,0,0,0,0,0,0
2020-03-06,Brazil,210147125,MatoGrosso do Sul,2778986,NA,NA,NA,NA,0,0,0,0,0,0
2020-03-08,Brazil,210147125,MatoGrosso do Sul,2778986,NA,NA,NA,NA,0,0,0,0,0,0
2020-03-10,Brazil,210147125,MatoGrosso do Sul,2778986,NA,NA,NA,NA,0,0,0,0,0,0
2020-03-12,Brazil,210147125,MatoGrosso do Sul,2778986,NA,NA,NA,NA,0,0,0,0,0,0
2020-03-14,Brazil,210147125,MatoGrosso do Sul,2778986,NA,NA,NA,NA,0,0,0,0,0,0
2020-03-16,Brazil,210147125,MatoGrosso do Sul,2778986,NA,NA,NA,NA,2,0,0,2,0,0
2020-03-18,Brazil,210147125,MatoGrosso do Sul,2778986,NA,NA,NA,NA,3,0,0,7,0,0
2020-03-20,Brazil,210147125,MatoGrosso do Sul,2778986,NA,NA,NA,NA,2,0,0,9,0,0
2020-03-22,Brazil,210147125,MatoGrosso do Sul,2778986,NA,NA,NA,NA,5,0,0,21,0,0
2020-03-24,Brazil,210147125,MatoGrosso do Sul,2778986,NA,NA,NA,NA,2,0,0,23,0,0
2020-03-26,Brazil,210147125,MatoGrosso do Sul,2778986,NA,NA,NA,NA,1,0,0,25,0,0
2020-03-28,Brazil,210147125,MatoGrosso do Sul,2778986,NA,NA,NA,NA,3,0,0,31,0,0
2020-03-30,Brazil,210147125,MatoGrosso do Sul,2778986,NA,NA,NA,NA,8,0,0,44,0,0
2020-04-01,Brazil,210147125,MatoGrosso do Sul,2778986,NA,NA,NA,NA,3,0,0,51,1,0
2020-04-03,Brazil,210147125,MatoGrosso do Sul,2778986,NA,NA,NA,NA,7,0,0,60,1,0
2020-04-05,Brazil,210147125,MatoGrosso do Sul,2778986,NA,NA,NA,NA,3,0,0,65,1,0
2020-04-07,Brazil,210147125,MatoGrosso do Sul,2778986,NA,NA,NA,NA,14,1,0,80,2,0
2020-04-09,Brazil,210147125,MatoGrosso do Sul,2778986,NA,NA,NA,NA,4,0,0,89,2,0
2020-04-11,Brazil,210147125,MatoGrosso do Sul,2778986,NA,NA,NA,NA,3,0,0,100,2,0
2020-04-13,Brazil,210147125,MatoGrosso do Sul,2778986,NA,NA,NA,NA,12,2,0,113,4,0
2020-04-15,Brazil,210147125,MatoGrosso do Sul,2778986,NA,NA,NA,NA,6,0,0,121,4,0
2020-04-17,Brazil,210147125,MatoGrosso do Sul,2778986,NA,NA,NA,NA,12,0,0,143,5,0
2020-04-19,Brazil,210147125,MatoGrosso do Sul,2778986,NA,NA,NA,NA,7,0,0,168,5,0
2020-04-21,Brazil,210147125,MatoGrosso do Sul,2778986,NA,NA,NA,NA,2,1,0,173,6,0
2020-04-23,Brazil,210147125,MatoGrosso do Sul,2778986,NA,NA,NA,NA,11,1,0,186,7,0
2020-04-25,Brazil,210147125,MatoGrosso do Sul,2778986,NA,NA,NA,NA,4,0,0,217,7,0
2020-04-27,Brazil,210147125,MatoGrosso do Sul,2778986,NA,NA,NA,NA,4,2,0,238,9,0
2020-04-29,Brazil,210147125,MatoGrosso do Sul,2778986,NA,NA,NA,NA,9,0,0,249,9,0
2020-05-01,Brazil,210147125,MatoGrosso do Sul,2778986,NA,NA,NA,NA,6,0,0,261,9,0
2020-05-03,Brazil,210147125,MatoGrosso do Sul,2778986,NA,NA,NA,NA,6,1,0,272,10,0
2020-05-05,Brazil,210147125,MatoGrosso do Sul,2778986,NA,NA,NA,NA,9,0,0,283,10,0
2020-05-07,Brazil,210147125,MatoGrosso do Sul,2778986,NA,NA,NA,NA,23,0,0,311,10,0
2020-05-09,Brazil,210147125,MatoGrosso do Sul,2778986,NA,NA,NA,NA,20,0,0,346,11,0
2020-05-11,Brazil,210147125,MatoGrosso do Sul,2778986,NA,NA,NA,NA,23,0,0,385,11,0
2020-05-13,Brazil,210147125,MatoGrosso do Sul,2778986,NA,NA,NA,NA,25,1,0,430,13,0
2020-05-15,Brazil,210147125,MatoGrosso do Sul,2778986,NA,NA,NA,NA,27,0,0,479,14,0
2020-05-17,Brazil,210147125,MatoGrosso do Sul,2778986,NA,NA,NA,NA,62,0,0,570,15,0
2020-05-19,Brazil,210147125,MatoGrosso do Sul,2778986,NA,NA,NA,NA,29,0,0,642,16,0
2020-05-21,Brazil,210147125,MatoGrosso do Sul,2778986,NA,NA,NA,NA,53,0,0,746,17,0
2020-05-23,Brazil,210147125,MatoGrosso do Sul,2778986,NA,NA,NA,NA,53,0,0,858,17,0
2020-05-25,Brazil,210147125,MatoGrosso do Sul,2778986,NA,NA,NA,NA,99,0,0,1023,17,0
2020-05-27,Brazil,210147125,MatoGrosso do Sul,2778986,NA,NA,NA,NA,86,1,0,1186,18,0
2020-05-29,Brazil,210147125,MatoGrosso do Sul,2778986,NA,NA,NA,NA,94,0,0,1356,18,0
2020-05-31,Brazil,210147125,MatoGrosso do Sul,2778986,NA,NA,NA,NA,71,1,0,1489,20,0
2020-06-02,Brazil,210147125,MatoGrosso do Sul,2778986,NA,NA,NA,NA,78,0,0,1646,20,0
2020-06-04,Brazil,210147125,MatoGrosso do Sul,2778986,NA,NA,NA,NA,123,0,0,1925,20,0
2020-06-06,Brazil,210147125,MatoGrosso do Sul,2778986,NA,NA,NA,NA,135,0,0,2132,21,0
2020-06-08,Brazil,210147125,MatoGrosso do Sul,2778986,NA,NA,NA,NA,71,1,0,2324,22,0
2020-06-10,Brazil,210147125,MatoGrosso do Sul,2778986,NA,NA,NA,NA,142,2,0,2597,24,0
2020-06-12,Brazil,210147125,MatoGrosso do Sul,2778986,NA,NA,NA,NA,148,3,0,3001,28,0
2020-06-14,Brazil,210147125,MatoGrosso do Sul,2778986,NA,NA,NA,NA,198,3,0,3433,31,0
2020-06-16,Brazil,210147125,MatoGrosso do Sul,2778986,NA,NA,NA,NA,234,3,0,3785,36,0
2020-06-18,Brazil,210147125,MatoGrosso do Sul,2778986,NA,NA,NA,NA,110,3,0,4274,39,0
2020-06-20,Brazil,210147125,MatoGrosso do Sul,2778986,NA,NA,NA,NA,324,3,0,4990,43,0
2020-06-22,Brazil,210147125,MatoGrosso do Sul,2778986,NA,NA,NA,NA,154,2,0,5391,47,0
2020-06-24,Brazil,210147125,MatoGrosso do Sul,2778986,NA,NA,NA,NA,417,1,0,6201,56,0
2020-06-26,Brazil,210147125,MatoGrosso do Sul,2778986,NA,NA,NA,NA,390,4,0,6913,65,0
2020-06-28,Brazil,210147125,MatoGrosso do Sul,2778986,NA,NA,NA,NA,220,4,0,7527,72,0
2020-06-30,Brazil,210147125,MatoGrosso do Sul,2778986,NA,NA,NA,NA,289,1,0,7965,76,0
2020-07-02,Brazil,210147125,MatoGrosso do Sul,2778986,NA,NA,NA,NA,386,6,0,9062,91,0
2020-07-04,Brazil,210147125,MatoGrosso do Sul,2778986,NA,NA,NA,NA,522,7,0,9910,114,0
2020-07-06,Brazil,210147125,MatoGrosso do Sul,2778986,NA,NA,NA,NA,164,5,0,10253,122,0
2020-07-08,Brazil,210147125,MatoGrosso do Sul,2778986,NA,NA,NA,NA,376,6,0,11063,134,0
2020-07-10,Brazil,210147125,MatoGrosso do Sul,2778986,NA,NA,NA,NA,590,10,0,12261,146,0
2020-07-12,Brazil,210147125,MatoGrosso do Sul,2778986,NA,NA,NA,NA,228,8,0,13197,161,0
2020-07-14,Brazil,210147125,MatoGrosso do Sul,2778986,NA,NA,NA,NA,473,10,0,13934,177,0
2020-07-16,Brazil,210147125,MatoGrosso do Sul,2778986,NA,NA,NA,NA,699,8,0,15330,191,0
2020-07-18,Brazil,210147125,MatoGrosso do Sul,2778986,NA,NA,NA,NA,201,13,0,16006,216,0
2020-07-20,Brazil,210147125,MatoGrosso do Sul,2778986,NA,NA,NA,NA,234,6,0,16637,228,0
2020-07-22,Brazil,210147125,MatoGrosso do Sul,2778986,NA,NA,NA,NA,1503,9,0,18889,257,0
2020-07-24,Brazil,210147125,MatoGrosso do Sul,2778986,NA,NA,NA,NA,632,15,0,20303,281,0
2020-07-26,Brazil,210147125,MatoGrosso do Sul,2778986,NA,NA,NA,NA,499,13,0,21514,305,0
2020-07-28,Brazil,210147125,MatoGrosso do Sul,2778986,NA,NA,NA,NA,641,9,0,22443,328,0
2020-07-30,Brazil,210147125,MatoGrosso do Sul,2778986,NA,NA,NA,NA,876,15,0,24287,357,0
2020-08-01,Brazil,210147125,MatoGrosso do Sul,2778986,NA,NA,NA,NA,0,0,0,24936,376,0
2020-08-03,Brazil,210147125,MatoGrosso do Sul,2778986,NA,NA,NA,NA,0,0,0,24936,376,0
2020-08-05,Brazil,210147125,MatoGrosso do Sul,2778986,NA,NA,NA,NA,3379,66,0,28315,442,0
2020-08-07,Brazil,210147125,MatoGrosso do Sul,2778986,NA,NA,NA,NA,887,23,0,29988,481,0
2020-08-09,Brazil,210147125,MatoGrosso do Sul,2778986,NA,NA,NA,NA,637,17,0,31344,509,0
2020-08-11,Brazil,210147125,MatoGrosso do Sul,2778986,NA,NA,NA,NA,823,21,0,32562,544,0
2020-08-13,Brazil,210147125,MatoGrosso do Sul,2778986,NA,NA,NA,NA,1050,12,0,34559,570,0
2020-08-15,Brazil,210147125,MatoGrosso do Sul,2778986,NA,NA,NA,NA,1108,7,0,36542,598,0
2020-02-26,Brazil,210147125,Minas Gerais,21168791,NA,NA,NA,NA,0,NA,NA,0,0,0
2020-02-28,Brazil,210147125,Minas Gerais,21168791,NA,NA,NA,NA,0,0,0,0,0,0
2020-03-01,Brazil,210147125,Minas Gerais,21168791,NA,NA,NA,NA,0,0,0,0,0,0
2020-03-03,Brazil,210147125,Minas Gerais,21168791,NA,NA,NA,NA,0,0,0,0,0,0
2020-03-05,Brazil,210147125,Minas Gerais,21168791,NA,NA,NA,NA,0,0,0,0,0,0
2020-03-07,Brazil,210147125,Minas Gerais,21168791,NA,NA,NA,NA,0,0,0,0,0,0
2020-03-09,Brazil,210147125,Minas Gerais,21168791,NA,NA,NA,NA,0,0,0,1,0,0
2020-03-11,Brazil,210147125,Minas Gerais,21168791,NA,NA,NA,NA,0,0,0,1,0,0
2020-03-13,Brazil,210147125,Minas Gerais,21168791,NA,NA,NA,NA,1,0,0,2,0,0
2020-03-15,Brazil,210147125,Minas Gerais,21168791,NA,NA,NA,NA,0,0,0,2,0,0
2020-03-17,Brazil,210147125,Minas Gerais,21168791,NA,NA,NA,NA,2,0,0,7,0,0
2020-03-19,Brazil,210147125,Minas Gerais,21168791,NA,NA,NA,NA,14,0,0,29,0,0
2020-03-21,Brazil,210147125,Minas Gerais,21168791,NA,NA,NA,NA,3,0,0,38,0,0
2020-03-23,Brazil,210147125,Minas Gerais,21168791,NA,NA,NA,NA,45,0,0,128,0,0
2020-03-25,Brazil,210147125,Minas Gerais,21168791,NA,NA,NA,NA,3,0,0,133,0,0
2020-03-27,Brazil,210147125,Minas Gerais,21168791,NA,NA,NA,NA,36,0,0,189,0,0
2020-03-29,Brazil,210147125,Minas Gerais,21168791,NA,NA,NA,NA,26,0,0,231,0,0
2020-03-31,Brazil,210147125,Minas Gerais,21168791,NA,NA,NA,NA,14,1,0,275,2,0
2020-04-02,Brazil,210147125,Minas Gerais,21168791,NA,NA,NA,NA,56,1,0,370,4,0
2020-04-04,Brazil,210147125,Minas Gerais,21168791,NA,NA,NA,NA,33,0,0,430,6,0
2020-04-06,Brazil,210147125,Minas Gerais,21168791,NA,NA,NA,NA,27,3,0,525,9,0
2020-04-08,Brazil,210147125,Minas Gerais,21168791,NA,NA,NA,NA,55,3,0,614,14,0
2020-04-10,Brazil,210147125,Minas Gerais,21168791,NA,NA,NA,NA,43,2,0,698,17,0
2020-04-12,Brazil,210147125,Minas Gerais,21168791,NA,NA,NA,NA,56,3,0,806,20,0
2020-04-14,Brazil,210147125,Minas Gerais,21168791,NA,NA,NA,NA,69,4,0,884,27,0
2020-04-16,Brazil,210147125,Minas Gerais,21168791,NA,NA,NA,NA,55,3,0,958,33,0
2020-04-18,Brazil,210147125,Minas Gerais,21168791,NA,NA,NA,NA,56,4,0,1077,39,0
2020-04-20,Brazil,210147125,Minas Gerais,21168791,NA,NA,NA,NA,35,2,0,1189,41,0
2020-04-22,Brazil,210147125,Minas Gerais,21168791,NA,NA,NA,NA,53,3,0,1283,47,0
2020-04-24,Brazil,210147125,Minas Gerais,21168791,NA,NA,NA,NA,111,3,0,1419,54,0
2020-04-26,Brazil,210147125,Minas Gerais,21168791,NA,NA,NA,NA,67,3,0,1548,61,0
2020-04-28,Brazil,210147125,Minas Gerais,21168791,NA,NA,NA,NA,63,9,0,1649,71,0
2020-04-30,Brazil,210147125,Minas Gerais,21168791,NA,NA,NA,NA,69,2,0,1827,82,0
2020-05-02,Brazil,210147125,Minas Gerais,21168791,NA,NA,NA,NA,88,0,0,2023,88,0
2020-05-04,Brazil,210147125,Minas Gerais,21168791,NA,NA,NA,NA,229,1,0,2347,90,0
2020-05-06,Brazil,210147125,Minas Gerais,21168791,NA,NA,NA,NA,153,3,0,2605,97,0
2020-05-08,Brazil,210147125,Minas Gerais,21168791,NA,NA,NA,NA,173,5,0,2943,111,0
2020-05-10,Brazil,210147125,Minas Gerais,21168791,NA,NA,NA,NA,114,1,0,3237,119,0
2020-05-12,Brazil,210147125,Minas Gerais,21168791,NA,NA,NA,NA,115,6,0,3435,127,0
2020-05-14,Brazil,210147125,Minas Gerais,21168791,NA,NA,NA,NA,217,4,0,3950,139,0
2020-05-16,Brazil,210147125,Minas Gerais,21168791,NA,NA,NA,NA,278,4,0,4474,150,0
2020-05-18,Brazil,210147125,Minas Gerais,21168791,NA,NA,NA,NA,84,5,0,4695,161,0
2020-05-20,Brazil,210147125,Minas Gerais,21168791,NA,NA,NA,NA,309,10,0,5286,177,0
2020-05-22,Brazil,210147125,Minas Gerais,21168791,NA,NA,NA,NA,399,10,0,5995,201,0
2020-05-24,Brazil,210147125,Minas Gerais,21168791,NA,NA,NA,NA,330,9,0,6668,226,0
2020-05-26,Brazil,210147125,Minas Gerais,21168791,NA,NA,NA,NA,554,4,0,7516,234,0
2020-05-28,Brazil,210147125,Minas Gerais,21168791,NA,NA,NA,NA,675,15,0,8686,255,0
2020-05-30,Brazil,210147125,Minas Gerais,21168791,NA,NA,NA,NA,398,6,0,9630,263,0
2020-06-01,Brazil,210147125,Minas Gerais,21168791,NA,NA,NA,NA,206,7,0,10670,278,0
2020-06-03,Brazil,210147125,Minas Gerais,21168791,NA,NA,NA,NA,1071,17,0,12010,306,0
2020-06-05,Brazil,210147125,Minas Gerais,21168791,NA,NA,NA,NA,961,21,0,13995,344,0
2020-06-07,Brazil,210147125,Minas Gerais,21168791,NA,NA,NA,NA,764,8,0,15703,376,0
2020-06-09,Brazil,210147125,Minas Gerais,21168791,NA,NA,NA,NA,219,19,0,16102,399,0
2020-06-11,Brazil,210147125,Minas Gerais,21168791,NA,NA,NA,NA,947,22,0,18448,431,0
2020-06-13,Brazil,210147125,Minas Gerais,21168791,NA,NA,NA,NA,508,8,0,20614,454,0
2020-06-15,Brazil,210147125,Minas Gerais,21168791,NA,NA,NA,NA,347,6,0,21728,481,0
2020-06-17,Brazil,210147125,Minas Gerais,21168791,NA,NA,NA,NA,1323,35,0,23347,537,0
2020-06-19,Brazil,210147125,Minas Gerais,21168791,NA,NA,NA,NA,1146,30,0,26052,600,0
2020-06-21,Brazil,210147125,Minas Gerais,21168791,NA,NA,NA,NA,336,25,0,27641,661,0
2020-06-23,Brazil,210147125,Minas Gerais,21168791,NA,NA,NA,NA,979,32,0,29897,720,0
2020-06-25,Brazil,210147125,Minas Gerais,21168791,NA,NA,NA,NA,1426,35,0,32769,806,0
2020-06-27,Brazil,210147125,Minas Gerais,21168791,NA,NA,NA,NA,2075,49,0,40966,882,0
2020-06-29,Brazil,210147125,Minas Gerais,21168791,NA,NA,NA,NA,1123,41,0,43864,940,0
2020-07-01,Brazil,210147125,Minas Gerais,21168791,NA,NA,NA,NA,2583,42,0,47584,1007,0
2020-07-03,Brazil,210147125,Minas Gerais,21168791,NA,NA,NA,NA,2644,51,0,53351,1110,0
2020-07-05,Brazil,210147125,Minas Gerais,21168791,NA,NA,NA,NA,2325,18,0,58283,1201,0
2020-07-07,Brazil,210147125,Minas Gerais,21168791,NA,NA,NA,NA,1271,52,0,60897,1282,0
2020-07-09,Brazil,210147125,Minas Gerais,21168791,NA,NA,NA,NA,2829,90,0,66864,1445,0
2020-07-11,Brazil,210147125,Minas Gerais,21168791,NA,NA,NA,NA,3727,46,0,73813,1550,0
2020-07-13,Brazil,210147125,Minas Gerais,21168791,NA,NA,NA,NA,971,39,0,76822,1615,0
2020-07-15,Brazil,210147125,Minas Gerais,21168791,NA,NA,NA,NA,3367,64,0,82010,1752,0
2020-07-17,Brazil,210147125,Minas Gerais,21168791,NA,NA,NA,NA,2801,70,0,87271,1904,0
2020-07-19,Brazil,210147125,Minas Gerais,21168791,NA,NA,NA,NA,2097,18,0,92972,1982,0
2020-07-21,Brazil,210147125,Minas Gerais,21168791,NA,NA,NA,NA,1434,67,0,95566,2071,0
2020-07-23,Brazil,210147125,Minas Gerais,21168791,NA,NA,NA,NA,3827,72,0,102568,2238,0
2020-07-25,Brazil,210147125,Minas Gerais,21168791,NA,NA,NA,NA,3281,89,0,110093,2404,0
2020-07-27,Brazil,210147125,Minas Gerais,21168791,NA,NA,NA,NA,1147,32,0,113718,2461,0
2020-07-29,Brazil,210147125,Minas Gerais,21168791,NA,NA,NA,NA,2749,57,0,119394,2608,0
2020-07-31,Brazil,210147125,Minas Gerais,21168791,NA,NA,NA,NA,3691,77,0,127106,2769,0
2020-08-02,Brazil,210147125,Minas Gerais,21168791,NA,NA,NA,NA,0,0,0,127106,2769,0
2020-08-04,Brazil,210147125,Minas Gerais,21168791,NA,NA,NA,NA,0,0,0,127106,2769,0
2020-08-06,Brazil,210147125,Minas Gerais,21168791,NA,NA,NA,NA,3167,109,0,142828,3304,0
2020-08-08,Brazil,210147125,Minas Gerais,21168791,NA,NA,NA,NA,3400,68,0,150723,3449,0
2020-08-10,Brazil,210147125,Minas Gerais,21168791,NA,NA,NA,NA,1148,60,0,155075,3597,0
2020-08-12,Brazil,210147125,Minas Gerais,21168791,NA,NA,NA,NA,3934,170,0,160485,3783,0
2020-08-14,Brazil,210147125,Minas Gerais,21168791,NA,NA,NA,NA,3513,97,0,168428,3943,0
2020-02-25,Brazil,210147125,Para,8602865,NA,NA,NA,NA,NA,NA,NA,0,0,0
2020-02-27,Brazil,210147125,Para,8602865,NA,NA,NA,NA,0,0,0,0,0,0
2020-02-29,Brazil,210147125,Para,8602865,NA,NA,NA,NA,0,0,0,0,0,0
2020-03-02,Brazil,210147125,Para,8602865,NA,NA,NA,NA,0,0,0,0,0,0
2020-03-04,Brazil,210147125,Para,8602865,NA,NA,NA,NA,0,0,0,0,0,0
2020-03-06,Brazil,210147125,Para,8602865,NA,NA,NA,NA,0,0,0,0,0,0
2020-03-08,Brazil,210147125,Para,8602865,NA,NA,NA,NA,0,0,0,0,0,0
2020-03-10,Brazil,210147125,Para,8602865,NA,NA,NA,NA,0,0,0,0,0,0
2020-03-12,Brazil,210147125,Para,8602865,NA,NA,NA,NA,0,0,0,0,0,0
2020-03-14,Brazil,210147125,Para,8602865,NA,NA,NA,NA,0,0,0,0,0,0
2020-03-16,Brazil,210147125,Para,8602865,NA,NA,NA,NA,0,0,0,0,0,0
2020-03-18,Brazil,210147125,Para,8602865,NA,NA,NA,NA,0,0,0,0,0,0
2020-03-20,Brazil,210147125,Para,8602865,NA,NA,NA,NA,1,0,0,2,0,0
2020-03-22,Brazil,210147125,Para,8602865,NA,NA,NA,NA,2,0,0,4,0,0
2020-03-24,Brazil,210147125,Para,8602865,NA,NA,NA,NA,0,0,0,5,0,0
2020-03-26,Brazil,210147125,Para,8602865,NA,NA,NA,NA,6,0,0,13,0,0
2020-03-28,Brazil,210147125,Para,8602865,NA,NA,NA,NA,4,0,0,17,0,0
2020-03-30,Brazil,210147125,Para,8602865,NA,NA,NA,NA,3,0,0,21,0,0
2020-04-01,Brazil,210147125,Para,8602865,NA,NA,NA,NA,8,0,0,40,0,0
2020-04-03,Brazil,210147125,Para,8602865,NA,NA,NA,NA,4,0,0,50,1,0
2020-04-05,Brazil,210147125,Para,8602865,NA,NA,NA,NA,6,0,0,86,1,0
2020-04-07,Brazil,210147125,Para,8602865,NA,NA,NA,NA,36,2,0,138,5,0
2020-04-09,Brazil,210147125,Para,8602865,NA,NA,NA,NA,1,1,0,168,7,0
2020-04-11,Brazil,210147125,Para,8602865,NA,NA,NA,NA,47,1,0,217,10,0
2020-04-13,Brazil,210147125,Para,8602865,NA,NA,NA,NA,24,2,0,270,15,0
2020-04-15,Brazil,210147125,Para,8602865,NA,NA,NA,NA,61,2,0,384,21,0
2020-04-17,Brazil,210147125,Para,8602865,NA,NA,NA,NA,119,2,0,557,26,0
2020-04-19,Brazil,210147125,Para,8602865,NA,NA,NA,NA,45,1,0,685,34,0
2020-04-21,Brazil,210147125,Para,8602865,NA,NA,NA,NA,124,3,0,1026,38,0
2020-04-23,Brazil,210147125,Para,8602865,NA,NA,NA,NA,72,10,0,1267,53,0
2020-04-25,Brazil,210147125,Para,8602865,NA,NA,NA,NA,133,11,0,1579,86,0
2020-04-27,Brazil,210147125,Para,8602865,NA,NA,NA,NA,261,14,0,2128,114,0
2020-04-29,Brazil,210147125,Para,8602865,NA,NA,NA,NA,160,8,0,2422,137,0
2020-05-01,Brazil,210147125,Para,8602865,NA,NA,NA,NA,300,27,0,3176,235,0
2020-05-03,Brazil,210147125,Para,8602865,NA,NA,NA,NA,403,36,0,3863,309,0
2020-05-05,Brazil,210147125,Para,8602865,NA,NA,NA,NA,347,39,0,4472,369,0
2020-05-07,Brazil,210147125,Para,8602865,NA,NA,NA,NA,507,18,0,5524,410,0
2020-05-09,Brazil,210147125,Para,8602865,NA,NA,NA,NA,634,63,0,6775,578,0
2020-05-11,Brazil,210147125,Para,8602865,NA,NA,NA,NA,307,56,0,7563,708,0
2020-05-13,Brazil,210147125,Para,8602865,NA,NA,NA,NA,1002,82,0,9618,946,0
2020-05-15,Brazil,210147125,Para,8602865,NA,NA,NA,NA,1242,82,0,12109,1145,0
2020-05-17,Brazil,210147125,Para,8602865,NA,NA,NA,NA,680,40,0,13864,1239,0
2020-05-19,Brazil,210147125,Para,8602865,NA,NA,NA,NA,1561,190,0,16295,1519,0
2020-05-21,Brazil,210147125,Para,8602865,NA,NA,NA,NA,1621,219,0,19756,1852,0
2020-05-23,Brazil,210147125,Para,8602865,NA,NA,NA,NA,1228,64,0,22697,2001,0
2020-05-25,Brazil,210147125,Para,8602865,NA,NA,NA,NA,1952,224,0,26077,2372,0
2020-05-27,Brazil,210147125,Para,8602865,NA,NA,NA,NA,2433,76,0,31033,2545,0
2020-05-29,Brazil,210147125,Para,8602865,NA,NA,NA,NA,2787,123,0,36486,2827,0
2020-05-31,Brazil,210147125,Para,8602865,NA,NA,NA,NA,665,23,0,37961,2923,0
2020-06-02,Brazil,210147125,Para,8602865,NA,NA,NA,NA,3161,115,0,41207,3040,0
2020-06-04,Brazil,210147125,Para,8602865,NA,NA,NA,NA,3275,223,0,48049,3416,0
2020-06-06,Brazil,210147125,Para,8602865,NA,NA,NA,NA,2216,74,0,53176,3612,0
2020-06-08,Brazil,210147125,Para,8602865,NA,NA,NA,NA,1761,94,0,56032,3772,0
2020-06-10,Brazil,210147125,Para,8602865,NA,NA,NA,NA,2947,74,0,62095,3927,0
2020-06-12,Brazil,210147125,Para,8602865,NA,NA,NA,NA,2202,102,0,66328,4132,0
2020-06-14,Brazil,210147125,Para,8602865,NA,NA,NA,NA,669,14,0,69179,4191,0
2020-06-16,Brazil,210147125,Para,8602865,NA,NA,NA,NA,2019,90,0,71243,4291,0
2020-06-18,Brazil,210147125,Para,8602865,NA,NA,NA,NA,2431,45,0,76623,4395,0
2020-06-20,Brazil,210147125,Para,8602865,NA,NA,NA,NA,2809,50,0,82881,4519,0
2020-06-22,Brazil,210147125,Para,8602865,NA,NA,NA,NA,1366,22,0,86020,4605,0
2020-06-24,Brazil,210147125,Para,8602865,NA,NA,NA,NA,3072,54,0,91708,4726,0
2020-06-26,Brazil,210147125,Para,8602865,NA,NA,NA,NA,2436,55,0,96472,4803,0
2020-06-28,Brazil,210147125,Para,8602865,NA,NA,NA,NA,1130,11,0,100443,4845,0
2020-06-30,Brazil,210147125,Para,8602865,NA,NA,NA,NA,1999,50,0,103206,4920,0
2020-07-02,Brazil,210147125,Para,8602865,NA,NA,NA,NA,2214,44,0,108067,5004,0
2020-07-04,Brazil,210147125,Para,8602865,NA,NA,NA,NA,2120,19,0,112531,5069,0
2020-07-06,Brazil,210147125,Para,8602865,NA,NA,NA,NA,724,9,0,114535,5105,0
2020-07-08,Brazil,210147125,Para,8602865,NA,NA,NA,NA,2592,41,0,118744,5169,0
2020-07-10,Brazil,210147125,Para,8602865,NA,NA,NA,NA,1943,28,0,122674,5224,0
2020-07-12,Brazil,210147125,Para,8602865,NA,NA,NA,NA,780,15,0,125714,5289,0
2020-07-14,Brazil,210147125,Para,8602865,NA,NA,NA,NA,2061,25,0,128570,5318,0
2020-07-16,Brazil,210147125,Para,8602865,NA,NA,NA,NA,2205,48,0,133039,5385,0
2020-07-18,Brazil,210147125,Para,8602865,NA,NA,NA,NA,1783,30,0,136947,5478,0
2020-07-20,Brazil,210147125,Para,8602865,NA,NA,NA,NA,912,15,0,138396,5538,0
2020-07-22,Brazil,210147125,Para,8602865,NA,NA,NA,NA,1970,28,0,142358,5581,0
2020-07-24,Brazil,210147125,Para,8602865,NA,NA,NA,NA,1785,30,0,146252,5646,0
2020-07-26,Brazil,210147125,Para,8602865,NA,NA,NA,NA,540,27,0,148463,5716,0
2020-07-28,Brazil,210147125,Para,8602865,NA,NA,NA,NA,1362,0,0,150185,5716,0
2020-07-30,Brazil,210147125,Para,8602865,NA,NA,NA,NA,1501,5,0,153350,5699,0
2020-08-01,Brazil,210147125,Para,8602865,NA,NA,NA,NA,0,0,0,154685,5728,0
2020-08-03,Brazil,210147125,Para,8602865,NA,NA,NA,NA,0,0,0,154685,5728,0
2020-08-05,Brazil,210147125,Para,8602865,NA,NA,NA,NA,6010,90,0,160695,5818,0
2020-08-07,Brazil,210147125,Para,8602865,NA,NA,NA,NA,1937,19,0,164759,5854,0
2020-08-09,Brazil,210147125,Para,8602865,NA,NA,NA,NA,543,14,0,167642,5885,0
2020-08-11,Brazil,210147125,Para,8602865,NA,NA,NA,NA,1462,8,0,169613,5901,0
2020-08-13,Brazil,210147125,Para,8602865,NA,NA,NA,NA,1747,8,0,173625,5917,0
2020-08-15,Brazil,210147125,Para,8602865,NA,NA,NA,NA,1402,8,0,177010,5932,0
2020-02-26,Brazil,210147125,Paraiba,4018127,NA,NA,NA,NA,0,NA,NA,0,0,0
2020-02-28,Brazil,210147125,Paraiba,4018127,NA,NA,NA,NA,0,0,0,0,0,0
2020-03-01,Brazil,210147125,Paraiba,4018127,NA,NA,NA,NA,0,0,0,0,0,0
2020-03-03,Brazil,210147125,Paraiba,4018127,NA,NA,NA,NA,0,0,0,0,0,0
2020-03-05,Brazil,210147125,Paraiba,4018127,NA,NA,NA,NA,0,0,0,0,0,0
2020-03-07,Brazil,210147125,Paraiba,4018127,NA,NA,NA,NA,0,0,0,0,0,0
2020-03-09,Brazil,210147125,Paraiba,4018127,NA,NA,NA,NA,0,0,0,0,0,0
2020-03-11,Brazil,210147125,Paraiba,4018127,NA,NA,NA,NA,0,0,0,0,0,0
2020-03-13,Brazil,210147125,Paraiba,4018127,NA,NA,NA,NA,0,0,0,0,0,0
2020-03-15,Brazil,210147125,Paraiba,4018127,NA,NA,NA,NA,0,0,0,0,0,0
2020-03-17,Brazil,210147125,Paraiba,4018127,NA,NA,NA,NA,0,0,0,0,0,0
2020-03-19,Brazil,210147125,Paraiba,4018127,NA,NA,NA,NA,1,0,0,1,0,0
2020-03-21,Brazil,210147125,Paraiba,4018127,NA,NA,NA,NA,0,0,0,1,0,0
2020-03-23,Brazil,210147125,Paraiba,4018127,NA,NA,NA,NA,1,0,0,2,0,0
2020-03-25,Brazil,210147125,Paraiba,4018127,NA,NA,NA,NA,0,0,0,3,0,0
2020-03-27,Brazil,210147125,Paraiba,4018127,NA,NA,NA,NA,4,0,0,9,0,0
2020-03-29,Brazil,210147125,Paraiba,4018127,NA,NA,NA,NA,0,0,0,14,0,0
2020-03-31,Brazil,210147125,Paraiba,4018127,NA,NA,NA,NA,2,0,0,17,0,0
2020-04-02,Brazil,210147125,Paraiba,4018127,NA,NA,NA,NA,1,0,0,21,1,0
2020-04-04,Brazil,210147125,Paraiba,4018127,NA,NA,NA,NA,3,1,0,32,2,0
2020-04-06,Brazil,210147125,Paraiba,4018127,NA,NA,NA,NA,1,0,0,35,4,0
2020-04-08,Brazil,210147125,Paraiba,4018127,NA,NA,NA,NA,5,0,0,41,4,0
2020-04-10,Brazil,210147125,Paraiba,4018127,NA,NA,NA,NA,24,4,0,79,11,0
2020-04-12,Brazil,210147125,Paraiba,4018127,NA,NA,NA,NA,16,2,0,101,13,0
2020-04-14,Brazil,210147125,Paraiba,4018127,NA,NA,NA,NA,25,3,0,136,16,0
2020-04-16,Brazil,210147125,Paraiba,4018127,NA,NA,NA,NA,14,3,0,165,24,0
2020-04-18,Brazil,210147125,Paraiba,4018127,NA,NA,NA,NA,10,0,0,205,26,0
2020-04-20,Brazil,210147125,Paraiba,4018127,NA,NA,NA,NA,9,3,0,245,32,0
2020-04-22,Brazil,210147125,Paraiba,4018127,NA,NA,NA,NA,38,6,0,301,39,0
2020-04-24,Brazil,210147125,Paraiba,4018127,NA,NA,NA,NA,41,4,0,386,44,0
2020-04-26,Brazil,210147125,Paraiba,4018127,NA,NA,NA,NA,52,3,0,499,49,0
2020-04-28,Brazil,210147125,Paraiba,4018127,NA,NA,NA,NA,90,3,0,633,53,0
2020-04-30,Brazil,210147125,Paraiba,4018127,NA,NA,NA,NA,115,4,0,814,62,0
2020-05-02,Brazil,210147125,Paraiba,4018127,NA,NA,NA,NA,108,7,0,1034,74,0
2020-05-04,Brazil,210147125,Paraiba,4018127,NA,NA,NA,NA,50,3,0,1219,79,0
2020-05-06,Brazil,210147125,Paraiba,4018127,NA,NA,NA,NA,132,7,0,1493,92,0
2020-05-08,Brazil,210147125,Paraiba,4018127,NA,NA,NA,NA,374,13,0,2031,114,0
2020-05-10,Brazil,210147125,Paraiba,4018127,NA,NA,NA,NA,185,11,0,2341,135,0
2020-05-12,Brazil,210147125,Paraiba,4018127,NA,NA,NA,NA,252,15,0,2777,154,0
2020-05-14,Brazil,210147125,Paraiba,4018127,NA,NA,NA,NA,316,3,0,3361,160,0
2020-05-16,Brazil,210147125,Paraiba,4018127,NA,NA,NA,NA,324,13,0,4063,183,0
2020-05-18,Brazil,210147125,Paraiba,4018127,NA,NA,NA,NA,439,13,0,4786,207,0
2020-05-20,Brazil,210147125,Paraiba,4018127,NA,NA,NA,NA,538,11,0,5838,230,0
2020-05-22,Brazil,210147125,Paraiba,4018127,NA,NA,NA,NA,644,3,0,6882,248,0
2020-05-24,Brazil,210147125,Paraiba,4018127,NA,NA,NA,NA,315,14,0,7823,272,0
2020-05-26,Brazil,210147125,Paraiba,4018127,NA,NA,NA,NA,903,7,0,8919,286,0
2020-05-28,Brazil,210147125,Paraiba,4018127,NA,NA,NA,NA,923,20,0,11132,318,0
2020-05-30,Brazil,210147125,Paraiba,4018127,NA,NA,NA,NA,851,20,0,12862,347,0
2020-06-01,Brazil,210147125,Paraiba,4018127,NA,NA,NA,NA,533,10,0,13695,370,0
2020-06-03,Brazil,210147125,Paraiba,4018127,NA,NA,NA,NA,1159,35,0,16018,414,0
2020-06-05,Brazil,210147125,Paraiba,4018127,NA,NA,NA,NA,1000,13,0,18579,451,0
2020-06-07,Brazil,210147125,Paraiba,4018127,NA,NA,NA,NA,523,17,0,20310,484,0
2020-06-09,Brazil,210147125,Paraiba,4018127,NA,NA,NA,NA,1501,27,0,22452,534,0
2020-06-11,Brazil,210147125,Paraiba,4018127,NA,NA,NA,NA,1338,11,0,25370,570,0
2020-06-13,Brazil,210147125,Paraiba,4018127,NA,NA,NA,NA,898,13,0,27454,623,0
2020-06-15,Brazil,210147125,Paraiba,4018127,NA,NA,NA,NA,655,23,0,28668,656,0
2020-06-17,Brazil,210147125,Paraiba,4018127,NA,NA,NA,NA,1584,25,0,31712,696,0
2020-06-19,Brazil,210147125,Paraiba,4018127,NA,NA,NA,NA,3333,15,0,35093,724,0
2020-06-21,Brazil,210147125,Paraiba,4018127,NA,NA,NA,NA,263,23,0,36784,766,0
2020-06-23,Brazil,210147125,Paraiba,4018127,NA,NA,NA,NA,1746,23,0,38999,807,0
2020-06-25,Brazil,210147125,Paraiba,4018127,NA,NA,NA,NA,912,14,0,40824,842,0
2020-06-27,Brazil,210147125,Paraiba,4018127,NA,NA,NA,NA,1410,32,0,44242,896,0
2020-06-29,Brazil,210147125,Paraiba,4018127,NA,NA,NA,NA,378,20,0,45057,931,0
2020-07-01,Brazil,210147125,Paraiba,4018127,NA,NA,NA,NA,1218,25,0,48175,1002,0
2020-07-03,Brazil,210147125,Paraiba,4018127,NA,NA,NA,NA,1229,18,0,50765,1062,0
2020-07-05,Brazil,210147125,Paraiba,4018127,NA,NA,NA,NA,422,17,0,52728,1099,0
2020-07-07,Brazil,210147125,Paraiba,4018127,NA,NA,NA,NA,1651,27,0,54802,1145,0
2020-07-09,Brazil,210147125,Paraiba,4018127,NA,NA,NA,NA,1270,25,0,57614,1196,0
2020-07-11,Brazil,210147125,Paraiba,4018127,NA,NA,NA,NA,1303,21,0,60421,1250,0
2020-07-13,Brazil,210147125,Paraiba,4018127,NA,NA,NA,NA,324,18,0,61108,1302,0
2020-07-15,Brazil,210147125,Paraiba,4018127,NA,NA,NA,NA,1477,41,0,63939,1383,0
2020-07-17,Brazil,210147125,Paraiba,4018127,NA,NA,NA,NA,924,28,0,66347,1446,0
2020-07-19,Brazil,210147125,Paraiba,4018127,NA,NA,NA,NA,411,9,0,67382,1486,0
2020-07-21,Brazil,210147125,Paraiba,4018127,NA,NA,NA,NA,1164,41,0,68844,1558,0
2020-07-23,Brazil,210147125,Paraiba,4018127,NA,NA,NA,NA,2132,37,0,73104,1618,0
2020-07-25,Brazil,210147125,Paraiba,4018127,NA,NA,NA,NA,1173,22,0,75723,1675,0
2020-07-27,Brazil,210147125,Paraiba,4018127,NA,NA,NA,NA,540,29,0,76693,1727,0
2020-07-29,Brazil,210147125,Paraiba,4018127,NA,NA,NA,NA,1723,21,0,79898,1766,0
2020-07-31,Brazil,210147125,Paraiba,4018127,NA,NA,NA,NA,1686,26,0,82794,1811,0
2020-08-02,Brazil,210147125,Paraiba,4018127,NA,NA,NA,NA,0,0,0,82794,1811,0
2020-08-04,Brazil,210147125,Paraiba,4018127,NA,NA,NA,NA,0,0,0,82794,1811,0
2020-08-06,Brazil,210147125,Paraiba,4018127,NA,NA,NA,NA,796,23,0,87867,1945,0
2020-08-08,Brazil,210147125,Paraiba,4018127,NA,NA,NA,NA,776,18,0,89893,1983,0
2020-08-10,Brazil,210147125,Paraiba,4018127,NA,NA,NA,NA,284,23,0,90366,2023,0
2020-08-12,Brazil,210147125,Paraiba,4018127,NA,NA,NA,NA,1078,25,0,92897,2071,0
2020-08-14,Brazil,210147125,Paraiba,4018127,NA,NA,NA,NA,866,21,0,94660,2113,0
2020-02-25,Brazil,210147125,Parana,11433957,NA,NA,NA,NA,NA,NA,NA,0,0,0
2020-02-27,Brazil,210147125,Parana,11433957,NA,NA,NA,NA,0,0,0,0,0,0
2020-02-29,Brazil,210147125,Parana,11433957,NA,NA,NA,NA,0,0,0,0,0,0
2020-03-02,Brazil,210147125,Parana,11433957,NA,NA,NA,NA,0,0,0,0,0,0
2020-03-04,Brazil,210147125,Parana,11433957,NA,NA,NA,NA,0,0,0,0,0,0
2020-03-06,Brazil,210147125,Parana,11433957,NA,NA,NA,NA,0,0,0,0,0,0
2020-03-08,Brazil,210147125,Parana,11433957,NA,NA,NA,NA,0,0,0,0,0,0
2020-03-10,Brazil,210147125,Parana,11433957,NA,NA,NA,NA,0,0,0,0,0,0
2020-03-12,Brazil,210147125,Parana,11433957,NA,NA,NA,NA,6,0,0,6,0,0
2020-03-14,Brazil,210147125,Parana,11433957,NA,NA,NA,NA,0,0,0,6,0,0
2020-03-16,Brazil,210147125,Parana,11433957,NA,NA,NA,NA,0,0,0,6,0,0
2020-03-18,Brazil,210147125,Parana,11433957,NA,NA,NA,NA,7,0,0,13,0,0
2020-03-20,Brazil,210147125,Parana,11433957,NA,NA,NA,NA,9,0,0,32,0,0
2020-03-22,Brazil,210147125,Parana,11433957,NA,NA,NA,NA,7,0,0,50,0,0
2020-03-24,Brazil,210147125,Parana,11433957,NA,NA,NA,NA,9,0,0,65,0,0
2020-03-26,Brazil,210147125,Parana,11433957,NA,NA,NA,NA,21,0,0,102,0,0
2020-03-28,Brazil,210147125,Parana,11433957,NA,NA,NA,NA,14,0,0,133,2,0
2020-03-30,Brazil,210147125,Parana,11433957,NA,NA,NA,NA,7,1,0,155,3,0
2020-04-01,Brazil,210147125,Parana,11433957,NA,NA,NA,NA,45,0,0,224,3,0
2020-04-03,Brazil,210147125,Parana,11433957,NA,NA,NA,NA,49,0,0,301,4,0
2020-04-05,Brazil,210147125,Parana,11433957,NA,NA,NA,NA,43,3,0,438,9,0
2020-04-07,Brazil,210147125,Parana,11433957,NA,NA,NA,NA,45,4,0,503,15,0
2020-04-09,Brazil,210147125,Parana,11433957,NA,NA,NA,NA,70,5,0,609,22,0
2020-04-11,Brazil,210147125,Parana,11433957,NA,NA,NA,NA,33,1,0,676,26,0
2020-04-13,Brazil,210147125,Parana,11433957,NA,NA,NA,NA,18,1,0,756,31,0
2020-04-15,Brazil,210147125,Parana,11433957,NA,NA,NA,NA,12,2,0,803,38,0
2020-04-17,Brazil,210147125,Parana,11433957,NA,NA,NA,NA,42,1,0,874,42,0
2020-04-19,Brazil,210147125,Parana,11433957,NA,NA,NA,NA,42,2,0,987,48,0
2020-04-21,Brazil,210147125,Parana,11433957,NA,NA,NA,NA,17,0,0,1024,51,0
2020-04-23,Brazil,210147125,Parana,11433957,NA,NA,NA,NA,19,3,0,1082,60,0
2020-04-25,Brazil,210147125,Parana,11433957,NA,NA,NA,NA,21,5,0,1140,69,0
2020-04-27,Brazil,210147125,Parana,11433957,NA,NA,NA,NA,30,3,0,1186,75,0
2020-04-29,Brazil,210147125,Parana,11433957,NA,NA,NA,NA,77,5,0,1348,82,0
2020-05-01,Brazil,210147125,Parana,11433957,NA,NA,NA,NA,40,6,0,1447,89,0
2020-05-03,Brazil,210147125,Parana,11433957,NA,NA,NA,NA,22,3,0,1514,93,0
2020-05-05,Brazil,210147125,Parana,11433957,NA,NA,NA,NA,26,5,0,1588,99,0
2020-05-07,Brazil,210147125,Parana,11433957,NA,NA,NA,NA,29,3,0,1656,104,0
2020-05-09,Brazil,210147125,Parana,11433957,NA,NA,NA,NA,74,1,0,1785,107,0
2020-05-11,Brazil,210147125,Parana,11433957,NA,NA,NA,NA,14,2,0,1849,111,0
2020-05-13,Brazil,210147125,Parana,11433957,NA,NA,NA,NA,90,4,0,1996,117,0
2020-05-15,Brazil,210147125,Parana,11433957,NA,NA,NA,NA,76,1,0,2139,120,0
2020-05-17,Brazil,210147125,Parana,11433957,NA,NA,NA,NA,44,1,0,2286,124,0
2020-05-19,Brazil,210147125,Parana,11433957,NA,NA,NA,NA,121,2,0,2481,129,0
2020-05-21,Brazil,210147125,Parana,11433957,NA,NA,NA,NA,194,4,0,2810,141,0
2020-05-23,Brazil,210147125,Parana,11433957,NA,NA,NA,NA,160,4,0,3099,150,0
2020-05-25,Brazil,210147125,Parana,11433957,NA,NA,NA,NA,119,3,0,3331,156,0
2020-05-27,Brazil,210147125,Parana,11433957,NA,NA,NA,NA,200,3,0,3712,162,0
2020-05-29,Brazil,210147125,Parana,11433957,NA,NA,NA,NA,252,4,0,4236,173,0
2020-05-31,Brazil,210147125,Parana,11433957,NA,NA,NA,NA,214,1,0,4687,182,0
2020-06-02,Brazil,210147125,Parana,11433957,NA,NA,NA,NA,328,9,0,5163,199,0
2020-06-04,Brazil,210147125,Parana,11433957,NA,NA,NA,NA,326,10,0,5820,215,0
2020-06-06,Brazil,210147125,Parana,11433957,NA,NA,NA,NA,257,5,0,6605,232,0
2020-06-08,Brazil,210147125,Parana,11433957,NA,NA,NA,NA,134,6,0,7031,243,0
2020-06-10,Brazil,210147125,Parana,11433957,NA,NA,NA,NA,517,22,0,7831,275,0
2020-06-12,Brazil,210147125,Parana,11433957,NA,NA,NA,NA,248,14,0,8705,294,0
2020-06-14,Brazil,210147125,Parana,11433957,NA,NA,NA,NA,350,14,0,9583,326,0
2020-06-16,Brazil,210147125,Parana,11433957,NA,NA,NA,NA,841,30,0,10557,364,0
2020-06-18,Brazil,210147125,Parana,11433957,NA,NA,NA,NA,834,20,0,11919,406,0
2020-06-20,Brazil,210147125,Parana,11433957,NA,NA,NA,NA,877,9,0,13662,428,0
2020-06-22,Brazil,210147125,Parana,11433957,NA,NA,NA,NA,623,18,0,15124,469,0
2020-06-24,Brazil,210147125,Parana,11433957,NA,NA,NA,NA,1110,23,0,16963,521,0
2020-06-26,Brazil,210147125,Parana,11433957,NA,NA,NA,NA,851,25,0,18672,564,0
2020-06-28,Brazil,210147125,Parana,11433957,NA,NA,NA,NA,923,24,0,20742,599,0
2020-06-30,Brazil,210147125,Parana,11433957,NA,NA,NA,NA,1551,36,0,22877,649,0
2020-07-02,Brazil,210147125,Parana,11433957,NA,NA,NA,NA,2079,43,0,26304,706,0
2020-07-04,Brazil,210147125,Parana,11433957,NA,NA,NA,NA,2404,35,0,30570,763,0
2020-07-06,Brazil,210147125,Parana,11433957,NA,NA,NA,NA,1310,25,0,32769,820,0
2020-07-08,Brazil,210147125,Parana,11433957,NA,NA,NA,NA,1407,44,0,35715,895,0
2020-07-10,Brazil,210147125,Parana,11433957,NA,NA,NA,NA,2088,47,0,39512,978,0
2020-07-12,Brazil,210147125,Parana,11433957,NA,NA,NA,NA,1740,29,0,42537,1045,0
2020-07-14,Brazil,210147125,Parana,11433957,NA,NA,NA,NA,1781,57,0,45363,1146,0
2020-07-16,Brazil,210147125,Parana,11433957,NA,NA,NA,NA,2281,46,0,49405,1246,0
2020-07-18,Brazil,210147125,Parana,11433957,NA,NA,NA,NA,2232,16,0,53553,1308,0
2020-07-20,Brazil,210147125,Parana,11433957,NA,NA,NA,NA,1280,30,0,55909,1357,0
2020-07-22,Brazil,210147125,Parana,11433957,NA,NA,NA,NA,2389,71,0,59927,1486,0
2020-07-24,Brazil,210147125,Parana,11433957,NA,NA,NA,NA,2255,53,0,64259,1598,0
2020-07-26,Brazil,210147125,Parana,11433957,NA,NA,NA,NA,1627,18,0,67220,1671,0
2020-07-28,Brazil,210147125,Parana,11433957,NA,NA,NA,NA,1391,40,0,69392,1743,0
2020-07-30,Brazil,210147125,Parana,11433957,NA,NA,NA,NA,2568,47,0,73488,1861,0
2020-08-01,Brazil,210147125,Parana,11433957,NA,NA,NA,NA,0,0,0,76112,1920,0
2020-08-03,Brazil,210147125,Parana,11433957,NA,NA,NA,NA,0,0,0,76112,1920,0
2020-08-05,Brazil,210147125,Parana,11433957,NA,NA,NA,NA,9205,244,0,85317,2164,0
2020-08-07,Brazil,210147125,Parana,11433957,NA,NA,NA,NA,1630,46,0,88899,2270,0
2020-08-09,Brazil,210147125,Parana,11433957,NA,NA,NA,NA,1067,75,0,89966,2345,0
2020-08-11,Brazil,210147125,Parana,11433957,NA,NA,NA,NA,1819,47,0,95943,2445,0
2020-08-13,Brazil,210147125,Parana,11433957,NA,NA,NA,NA,1882,60,0,99667,2576,0
2020-08-15,Brazil,210147125,Parana,11433957,NA,NA,NA,NA,1927,53,0,103771,2665,0
2020-02-26,Brazil,210147125,Pernambuco,9557071,NA,NA,NA,NA,0,NA,NA,0,0,0
2020-02-28,Brazil,210147125,Pernambuco,9557071,NA,NA,NA,NA,0,0,0,0,0,0
2020-03-01,Brazil,210147125,Pernambuco,9557071,NA,NA,NA,NA,0,0,0,0,0,0
2020-03-03,Brazil,210147125,Pernambuco,9557071,NA,NA,NA,NA,0,0,0,0,0,0
2020-03-05,Brazil,210147125,Pernambuco,9557071,NA,NA,NA,NA,0,0,0,0,0,0
2020-03-07,Brazil,210147125,Pernambuco,9557071,NA,NA,NA,NA,0,0,0,0,0,0
2020-03-09,Brazil,210147125,Pernambuco,9557071,NA,NA,NA,NA,0,0,0,0,0,0
2020-03-11,Brazil,210147125,Pernambuco,9557071,NA,NA,NA,NA,0,0,0,0,0,0
2020-03-13,Brazil,210147125,Pernambuco,9557071,NA,NA,NA,NA,0,0,0,2,0,0
2020-03-15,Brazil,210147125,Pernambuco,9557071,NA,NA,NA,NA,0,0,0,2,0,0
2020-03-17,Brazil,210147125,Pernambuco,9557071,NA,NA,NA,NA,14,0,0,16,0,0
2020-03-19,Brazil,210147125,Pernambuco,9557071,NA,NA,NA,NA,12,0,0,28,0,0
2020-03-21,Brazil,210147125,Pernambuco,9557071,NA,NA,NA,NA,0,0,0,30,0,0
2020-03-23,Brazil,210147125,Pernambuco,9557071,NA,NA,NA,NA,5,0,0,42,0,0
2020-03-25,Brazil,210147125,Pernambuco,9557071,NA,NA,NA,NA,4,1,0,46,1,0
2020-03-27,Brazil,210147125,Pernambuco,9557071,NA,NA,NA,NA,8,1,0,56,4,0
2020-03-29,Brazil,210147125,Pernambuco,9557071,NA,NA,NA,NA,5,0,0,73,5,0
2020-03-31,Brazil,210147125,Pernambuco,9557071,NA,NA,NA,NA,9,0,0,87,6,0
2020-04-02,Brazil,210147125,Pernambuco,9557071,NA,NA,NA,NA,11,1,0,106,9,0
2020-04-04,Brazil,210147125,Pernambuco,9557071,NA,NA,NA,NA,40,4,0,176,14,0
2020-04-06,Brazil,210147125,Pernambuco,9557071,NA,NA,NA,NA,22,9,0,223,30,0
2020-04-08,Brazil,210147125,Pernambuco,9557071,NA,NA,NA,NA,49,12,0,401,46,0
2020-04-10,Brazil,210147125,Pernambuco,9557071,NA,NA,NA,NA,129,9,0,684,65,0
2020-04-12,Brazil,210147125,Pernambuco,9557071,NA,NA,NA,NA,144,13,0,960,85,0
2020-04-14,Brazil,210147125,Pernambuco,9557071,NA,NA,NA,NA,130,13,0,1284,115,0
2020-04-16,Brazil,210147125,Pernambuco,9557071,NA,NA,NA,NA,199,17,0,1683,160,0
2020-04-18,Brazil,210147125,Pernambuco,9557071,NA,NA,NA,NA,187,19,0,2193,205,0
2020-04-20,Brazil,210147125,Pernambuco,9557071,NA,NA,NA,NA,231,18,0,2690,234,0
2020-04-22,Brazil,210147125,Pernambuco,9557071,NA,NA,NA,NA,390,22,0,3298,282,0
2020-04-24,Brazil,210147125,Pernambuco,9557071,NA,NA,NA,NA,480,40,0,3999,352,0
2020-04-26,Brazil,210147125,Pernambuco,9557071,NA,NA,NA,NA,391,34,0,4898,415,0
2020-04-28,Brazil,210147125,Pernambuco,9557071,NA,NA,NA,NA,366,58,0,5724,508,0
2020-04-30,Brazil,210147125,Pernambuco,9557071,NA,NA,NA,NA,682,27,0,6876,565,0
2020-05-02,Brazil,210147125,Pernambuco,9557071,NA,NA,NA,NA,811,25,0,8145,628,0
2020-05-04,Brazil,210147125,Pernambuco,9557071,NA,NA,NA,NA,220,39,0,8863,691,0
2020-05-06,Brazil,210147125,Pernambuco,9557071,NA,NA,NA,NA,556,54,0,9881,803,0
2020-05-08,Brazil,210147125,Pernambuco,9557071,NA,NA,NA,NA,763,82,0,11587,927,0
2020-05-10,Brazil,210147125,Pernambuco,9557071,NA,NA,NA,NA,805,75,0,13275,1047,0
2020-05-12,Brazil,210147125,Pernambuco,9557071,NA,NA,NA,NA,541,70,0,14309,1157,0
2020-05-14,Brazil,210147125,Pernambuco,9557071,NA,NA,NA,NA,687,74,0,15588,1298,0
2020-05-16,Brazil,210147125,Pernambuco,9557071,NA,NA,NA,NA,2279,80,0,18488,1461,0
2020-05-18,Brazil,210147125,Pernambuco,9557071,NA,NA,NA,NA,642,124,0,20094,1640,0
2020-05-20,Brazil,210147125,Pernambuco,9557071,NA,NA,NA,NA,1318,93,0,22560,1834,0
2020-05-22,Brazil,210147125,Pernambuco,9557071,NA,NA,NA,NA,1849,132,0,25760,2057,0
2020-05-24,Brazil,210147125,Pernambuco,9557071,NA,NA,NA,NA,973,56,0,27759,2200,0
2020-05-26,Brazil,210147125,Pernambuco,9557071,NA,NA,NA,NA,488,80,0,28854,2328,0
2020-05-28,Brazil,210147125,Pernambuco,9557071,NA,NA,NA,NA,794,98,0,30713,2566,0
2020-05-30,Brazil,210147125,Pernambuco,9557071,NA,NA,NA,NA,1172,71,0,33427,2740,0
2020-06-01,Brazil,210147125,Pernambuco,9557071,NA,NA,NA,NA,450,68,0,34900,2875,0
2020-06-03,Brazil,210147125,Pernambuco,9557071,NA,NA,NA,NA,955,79,0,36463,3012,0
2020-06-05,Brazil,210147125,Pernambuco,9557071,NA,NA,NA,NA,1004,71,0,38511,3205,0
2020-06-07,Brazil,210147125,Pernambuco,9557071,NA,NA,NA,NA,881,35,0,40242,3305,0
2020-06-09,Brazil,210147125,Pernambuco,9557071,NA,NA,NA,NA,305,103,0,41010,3453,0
2020-06-11,Brazil,210147125,Pernambuco,9557071,NA,NA,NA,NA,1059,102,0,42994,3633,0
2020-06-13,Brazil,210147125,Pernambuco,9557071,NA,NA,NA,NA,799,90,0,44671,3784,0
2020-06-15,Brazil,210147125,Pernambuco,9557071,NA,NA,NA,NA,246,31,0,45507,3886,0
2020-06-17,Brazil,210147125,Pernambuco,9557071,NA,NA,NA,NA,1019,50,0,47446,4009,0
2020-06-19,Brazil,210147125,Pernambuco,9557071,NA,NA,NA,NA,1094,45,0,49720,4102,0
2020-06-21,Brazil,210147125,Pernambuco,9557071,NA,NA,NA,NA,995,86,0,52113,4234,0
2020-06-23,Brazil,210147125,Pernambuco,9557071,NA,NA,NA,NA,337,87,0,52831,4339,0
2020-06-25,Brazil,210147125,Pernambuco,9557071,NA,NA,NA,NA,1114,63,0,55136,4488,0
2020-06-27,Brazil,210147125,Pernambuco,9557071,NA,NA,NA,NA,1285,98,0,57089,4708,0
2020-06-29,Brazil,210147125,Pernambuco,9557071,NA,NA,NA,NA,369,31,0,58476,4782,0
2020-07-01,Brazil,210147125,Pernambuco,9557071,NA,NA,NA,NA,847,65,0,59705,4894,0
2020-07-03,Brazil,210147125,Pernambuco,9557071,NA,NA,NA,NA,1243,100,0,62362,5068,0
2020-07-05,Brazil,210147125,Pernambuco,9557071,NA,NA,NA,NA,1672,27,0,65129,5143,0
2020-07-07,Brazil,210147125,Pernambuco,9557071,NA,NA,NA,NA,509,71,0,66151,5234,0
2020-07-09,Brazil,210147125,Pernambuco,9557071,NA,NA,NA,NA,1163,86,0,68767,5409,0
2020-07-11,Brazil,210147125,Pernambuco,9557071,NA,NA,NA,NA,1270,74,0,71370,5556,0
2020-07-13,Brazil,210147125,Pernambuco,9557071,NA,NA,NA,NA,431,57,0,72901,5652,0
2020-07-15,Brazil,210147125,Pernambuco,9557071,NA,NA,NA,NA,1384,57,0,74960,5772,0
2020-07-17,Brazil,210147125,Pernambuco,9557071,NA,NA,NA,NA,1332,33,0,77423,5869,0
2020-07-19,Brazil,210147125,Pernambuco,9557071,NA,NA,NA,NA,943,56,0,79452,5984,0
2020-07-21,Brazil,210147125,Pernambuco,9557071,NA,NA,NA,NA,326,53,0,80441,6089,0
2020-07-23,Brazil,210147125,Pernambuco,9557071,NA,NA,NA,NA,1858,59,0,83240,6211,0
2020-07-25,Brazil,210147125,Pernambuco,9557071,NA,NA,NA,NA,1710,62,0,86752,6299,0
2020-07-27,Brazil,210147125,Pernambuco,9557071,NA,NA,NA,NA,666,24,0,89132,6376,0
2020-07-29,Brazil,210147125,Pernambuco,9557071,NA,NA,NA,NA,1858,63,0,91536,6484,0
2020-07-31,Brazil,210147125,Pernambuco,9557071,NA,NA,NA,NA,1632,31,0,95005,6557,0
2020-08-02,Brazil,210147125,Pernambuco,9557071,NA,NA,NA,NA,0,0,0,95005,6557,0
2020-08-04,Brazil,210147125,Pernambuco,9557071,NA,NA,NA,NA,0,0,0,95005,6557,0
2020-08-06,Brazil,210147125,Pernambuco,9557071,NA,NA,NA,NA,1074,70,0,101395,6828,0
2020-08-08,Brazil,210147125,Pernambuco,9557071,NA,NA,NA,NA,1241,53,0,104113,6920,0
2020-08-10,Brazil,210147125,Pernambuco,9557071,NA,NA,NA,NA,247,29,0,105381,6970,0
2020-08-12,Brazil,210147125,Pernambuco,9557071,NA,NA,NA,NA,1393,41,0,107375,7049,0
2020-08-14,Brazil,210147125,Pernambuco,9557071,NA,NA,NA,NA,1567,27,0,110409,7111,0
2020-02-25,Brazil,210147125,Piaui,3273227,NA,NA,NA,NA,NA,NA,NA,0,0,0
2020-02-27,Brazil,210147125,Piaui,3273227,NA,NA,NA,NA,0,0,0,0,0,0
2020-02-29,Brazil,210147125,Piaui,3273227,NA,NA,NA,NA,0,0,0,0,0,0
2020-03-02,Brazil,210147125,Piaui,3273227,NA,NA,NA,NA,0,0,0,0,0,0
2020-03-04,Brazil,210147125,Piaui,3273227,NA,NA,NA,NA,0,0,0,0,0,0
2020-03-06,Brazil,210147125,Piaui,3273227,NA,NA,NA,NA,0,0,0,0,0,0
2020-03-08,Brazil,210147125,Piaui,3273227,NA,NA,NA,NA,0,0,0,0,0,0
2020-03-10,Brazil,210147125,Piaui,3273227,NA,NA,NA,NA,0,0,0,0,0,0
2020-03-12,Brazil,210147125,Piaui,3273227,NA,NA,NA,NA,0,0,0,0,0,0
2020-03-14,Brazil,210147125,Piaui,3273227,NA,NA,NA,NA,0,0,0,0,0,0
2020-03-16,Brazil,210147125,Piaui,3273227,NA,NA,NA,NA,0,0,0,0,0,0
2020-03-18,Brazil,210147125,Piaui,3273227,NA,NA,NA,NA,0,0,0,0,0,0
2020-03-20,Brazil,210147125,Piaui,3273227,NA,NA,NA,NA,3,0,0,3,0,0
2020-03-22,Brazil,210147125,Piaui,3273227,NA,NA,NA,NA,0,0,0,4,0,0
2020-03-24,Brazil,210147125,Piaui,3273227,NA,NA,NA,NA,0,0,0,6,0,0
2020-03-26,Brazil,210147125,Piaui,3273227,NA,NA,NA,NA,1,0,0,9,0,0
2020-03-28,Brazil,210147125,Piaui,3273227,NA,NA,NA,NA,2,1,0,11,1,0
2020-03-30,Brazil,210147125,Piaui,3273227,NA,NA,NA,NA,2,2,0,16,3,0
2020-04-01,Brazil,210147125,Piaui,3273227,NA,NA,NA,NA,0,0,0,18,4,0
2020-04-03,Brazil,210147125,Piaui,3273227,NA,NA,NA,NA,2,0,0,21,4,0
2020-04-05,Brazil,210147125,Piaui,3273227,NA,NA,NA,NA,1,0,0,23,4,0
2020-04-07,Brazil,210147125,Piaui,3273227,NA,NA,NA,NA,5,0,0,28,4,0
2020-04-09,Brazil,210147125,Piaui,3273227,NA,NA,NA,NA,7,1,0,38,6,0
2020-04-11,Brazil,210147125,Piaui,3273227,NA,NA,NA,NA,1,0,0,41,7,0
2020-04-13,Brazil,210147125,Piaui,3273227,NA,NA,NA,NA,6,1,0,50,8,0
2020-04-15,Brazil,210147125,Piaui,3273227,NA,NA,NA,NA,17,0,0,75,8,0
2020-04-17,Brazil,210147125,Piaui,3273227,NA,NA,NA,NA,11,0,0,102,8,0
2020-04-19,Brazil,210147125,Piaui,3273227,NA,NA,NA,NA,22,1,0,145,10,0
2020-04-21,Brazil,210147125,Piaui,3273227,NA,NA,NA,NA,28,2,0,186,14,0
2020-04-23,Brazil,210147125,Piaui,3273227,NA,NA,NA,NA,11,0,0,217,15,0
2020-04-25,Brazil,210147125,Piaui,3273227,NA,NA,NA,NA,41,1,0,297,17,0
2020-04-27,Brazil,210147125,Piaui,3273227,NA,NA,NA,NA,33,2,0,364,20,0
2020-04-29,Brazil,210147125,Piaui,3273227,NA,NA,NA,NA,46,3,0,454,24,0
2020-05-01,Brazil,210147125,Piaui,3273227,NA,NA,NA,NA,87,0,0,600,24,0
2020-05-03,Brazil,210147125,Piaui,3273227,NA,NA,NA,NA,77,2,0,742,28,0
2020-05-05,Brazil,210147125,Piaui,3273227,NA,NA,NA,NA,91,1,0,875,29,0
2020-05-07,Brazil,210147125,Piaui,3273227,NA,NA,NA,NA,102,5,0,1051,35,0
2020-05-09,Brazil,210147125,Piaui,3273227,NA,NA,NA,NA,102,1,0,1233,38,0
2020-05-11,Brazil,210147125,Piaui,3273227,NA,NA,NA,NA,54,3,0,1332,45,0
2020-05-13,Brazil,210147125,Piaui,3273227,NA,NA,NA,NA,169,8,0,1612,57,0
2020-05-15,Brazil,210147125,Piaui,3273227,NA,NA,NA,NA,121,0,0,1905,60,0
2020-05-17,Brazil,210147125,Piaui,3273227,NA,NA,NA,NA,167,7,0,2252,72,0
2020-05-19,Brazil,210147125,Piaui,3273227,NA,NA,NA,NA,153,5,0,2440,85,0
2020-05-21,Brazil,210147125,Piaui,3273227,NA,NA,NA,NA,215,4,0,2852,91,0
2020-05-23,Brazil,210147125,Piaui,3273227,NA,NA,NA,NA,184,6,0,3258,99,0
2020-05-25,Brazil,210147125,Piaui,3273227,NA,NA,NA,NA,160,3,0,3550,110,0
2020-05-27,Brazil,210147125,Piaui,3273227,NA,NA,NA,NA,246,15,0,3966,134,0
2020-05-29,Brazil,210147125,Piaui,3273227,NA,NA,NA,NA,260,8,0,4503,146,0
2020-05-31,Brazil,210147125,Piaui,3273227,NA,NA,NA,NA,186,4,0,4931,161,0
2020-06-02,Brazil,210147125,Piaui,3273227,NA,NA,NA,NA,387,12,0,5506,180,0
2020-06-04,Brazil,210147125,Piaui,3273227,NA,NA,NA,NA,236,10,0,6064,202,0
2020-06-06,Brazil,210147125,Piaui,3273227,NA,NA,NA,NA,388,7,0,7105,224,0
2020-06-08,Brazil,210147125,Piaui,3273227,NA,NA,NA,NA,143,15,0,7621,254,0
2020-06-10,Brazil,210147125,Piaui,3273227,NA,NA,NA,NA,432,18,0,8359,283,0
2020-06-12,Brazil,210147125,Piaui,3273227,NA,NA,NA,NA,514,18,0,9337,317,0
2020-06-14,Brazil,210147125,Piaui,3273227,NA,NA,NA,NA,328,25,0,10153,360,0
2020-06-16,Brazil,210147125,Piaui,3273227,NA,NA,NA,NA,524,19,0,10881,393,0
2020-06-18,Brazil,210147125,Piaui,3273227,NA,NA,NA,NA,540,23,0,12099,421,0
2020-06-20,Brazil,210147125,Piaui,3273227,NA,NA,NA,NA,1246,24,0,13813,459,0
2020-06-22,Brazil,210147125,Piaui,3273227,NA,NA,NA,NA,212,17,0,14476,502,0
2020-06-24,Brazil,210147125,Piaui,3273227,NA,NA,NA,NA,958,17,0,16227,534,0
2020-06-26,Brazil,210147125,Piaui,3273227,NA,NA,NA,NA,943,28,0,18023,574,0
2020-06-28,Brazil,210147125,Piaui,3273227,NA,NA,NA,NA,493,23,0,19158,615,0
2020-06-30,Brazil,210147125,Piaui,3273227,NA,NA,NA,NA,669,20,0,20422,663,0
2020-07-02,Brazil,210147125,Piaui,3273227,NA,NA,NA,NA,1248,11,0,23307,697,0
2020-07-04,Brazil,210147125,Piaui,3273227,NA,NA,NA,NA,1185,36,0,25561,762,0
2020-07-06,Brazil,210147125,Piaui,3273227,NA,NA,NA,NA,432,25,0,26511,809,0
2020-07-08,Brazil,210147125,Piaui,3273227,NA,NA,NA,NA,897,24,0,28411,858,0
2020-07-10,Brazil,210147125,Piaui,3273227,NA,NA,NA,NA,1524,12,0,31269,896,0
2020-07-12,Brazil,210147125,Piaui,3273227,NA,NA,NA,NA,498,22,0,32963,936,0
2020-07-14,Brazil,210147125,Piaui,3273227,NA,NA,NA,NA,797,32,0,34156,992,0
2020-07-16,Brazil,210147125,Piaui,3273227,NA,NA,NA,NA,1097,24,0,36542,1043,0
2020-07-18,Brazil,210147125,Piaui,3273227,NA,NA,NA,NA,1511,18,0,38568,1083,0
2020-07-20,Brazil,210147125,Piaui,3273227,NA,NA,NA,NA,310,18,0,39606,1118,0
2020-07-22,Brazil,210147125,Piaui,3273227,NA,NA,NA,NA,1539,18,0,41815,1158,0
2020-07-24,Brazil,210147125,Piaui,3273227,NA,NA,NA,NA,1170,31,0,44349,1215,0
2020-07-26,Brazil,210147125,Piaui,3273227,NA,NA,NA,NA,655,15,0,46044,1243,0
2020-07-28,Brazil,210147125,Piaui,3273227,NA,NA,NA,NA,967,19,0,47551,1278,0
2020-07-30,Brazil,210147125,Piaui,3273227,NA,NA,NA,NA,1236,12,0,50198,1304,0
2020-08-01,Brazil,210147125,Piaui,3273227,NA,NA,NA,NA,0,0,0,51477,1329,0
2020-08-03,Brazil,210147125,Piaui,3273227,NA,NA,NA,NA,0,0,0,51477,1329,0
2020-08-05,Brazil,210147125,Piaui,3273227,NA,NA,NA,NA,4442,88,0,55919,1417,0
2020-08-07,Brazil,210147125,Piaui,3273227,NA,NA,NA,NA,1290,16,0,58390,1452,0
2020-08-09,Brazil,210147125,Piaui,3273227,NA,NA,NA,NA,411,11,0,59982,1480,0
2020-08-11,Brazil,210147125,Piaui,3273227,NA,NA,NA,NA,966,23,0,61144,1526,0
2020-08-13,Brazil,210147125,Piaui,3273227,NA,NA,NA,NA,1197,18,0,63662,1566,0
2020-08-15,Brazil,210147125,Piaui,3273227,NA,NA,NA,NA,1043,13,0,65638,1594,0
2020-02-26,Brazil,210147125,Rio de Janeiro,17264943,NA,NA,NA,NA,0,NA,NA,0,0,0
2020-02-28,Brazil,210147125,Rio de Janeiro,17264943,NA,NA,NA,NA,0,0,0,0,0,0
2020-03-01,Brazil,210147125,Rio de Janeiro,17264943,NA,NA,NA,NA,0,0,0,0,0,0
2020-03-03,Brazil,210147125,Rio de Janeiro,17264943,NA,NA,NA,NA,0,0,0,0,0,0
2020-03-05,Brazil,210147125,Rio de Janeiro,17264943,NA,NA,NA,NA,0,0,0,0,0,0
2020-03-07,Brazil,210147125,Rio de Janeiro,17264943,NA,NA,NA,NA,0,0,0,0,0,0
2020-03-09,Brazil,210147125,Rio de Janeiro,17264943,NA,NA,NA,NA,0,0,0,0,0,0
2020-03-11,Brazil,210147125,Rio de Janeiro,17264943,NA,NA,NA,NA,0,0,0,0,0,0
2020-03-13,Brazil,210147125,Rio de Janeiro,17264943,NA,NA,NA,NA,1,0,0,1,0,0
2020-03-15,Brazil,210147125,Rio de Janeiro,17264943,NA,NA,NA,NA,0,0,0,1,0,0
2020-03-17,Brazil,210147125,Rio de Janeiro,17264943,NA,NA,NA,NA,0,0,0,1,0,0
2020-03-19,Brazil,210147125,Rio de Janeiro,17264943,NA,NA,NA,NA,0,0,0,1,0,0
2020-03-21,Brazil,210147125,Rio de Janeiro,17264943,NA,NA,NA,NA,5,0,0,6,0,0
2020-03-23,Brazil,210147125,Rio de Janeiro,17264943,NA,NA,NA,NA,4,0,0,13,0,0
2020-03-25,Brazil,210147125,Rio de Janeiro,17264943,NA,NA,NA,NA,1,0,0,14,0,0
2020-03-27,Brazil,210147125,Rio de Janeiro,17264943,NA,NA,NA,NA,9,0,0,28,0,0
2020-03-29,Brazil,210147125,Rio de Janeiro,17264943,NA,NA,NA,NA,23,1,0,68,1,0
2020-03-31,Brazil,210147125,Rio de Janeiro,17264943,NA,NA,NA,NA,5,0,0,82,1,0
2020-04-02,Brazil,210147125,Rio de Janeiro,17264943,NA,NA,NA,NA,13,0,0,105,2,0
2020-04-04,Brazil,210147125,Rio de Janeiro,17264943,NA,NA,NA,NA,36,1,0,212,5,0
2020-04-06,Brazil,210147125,Rio de Janeiro,17264943,NA,NA,NA,NA,4,0,0,246,7,0
2020-04-08,Brazil,210147125,Rio de Janeiro,17264943,NA,NA,NA,NA,7,3,0,261,11,0
2020-04-10,Brazil,210147125,Rio de Janeiro,17264943,NA,NA,NA,NA,2,0,0,263,11,0
2020-04-12,Brazil,210147125,Rio de Janeiro,17264943,NA,NA,NA,NA,13,2,0,302,15,0
2020-04-14,Brazil,210147125,Rio de Janeiro,17264943,NA,NA,NA,NA,37,1,0,376,18,0
2020-04-16,Brazil,210147125,Rio de Janeiro,17264943,NA,NA,NA,NA,1,1,0,400,20,0
2020-04-18,Brazil,210147125,Rio de Janeiro,17264943,NA,NA,NA,NA,53,1,0,516,24,0
2020-04-20,Brazil,210147125,Rio de Janeiro,17264943,NA,NA,NA,NA,64,2,0,595,27,0
2020-04-22,Brazil,210147125,Rio de Janeiro,17264943,NA,NA,NA,NA,38,1,0,646,29,0
2020-04-24,Brazil,210147125,Rio de Janeiro,17264943,NA,NA,NA,NA,46,4,0,754,38,0
2020-04-26,Brazil,210147125,Rio de Janeiro,17264943,NA,NA,NA,NA,44,4,0,825,44,0
2020-04-28,Brazil,210147125,Rio de Janeiro,17264943,NA,NA,NA,NA,7672,693,0,8504,738,0
2020-04-30,Brazil,210147125,Rio de Janeiro,17264943,NA,NA,NA,NA,584,60,0,9453,854,0
2020-05-02,Brazil,210147125,Rio de Janeiro,17264943,NA,NA,NA,NA,380,50,0,10546,971,0
2020-05-04,Brazil,210147125,Rio de Janeiro,17264943,NA,NA,NA,NA,582,46,0,11721,1065,0
2020-05-06,Brazil,210147125,Rio de Janeiro,17264943,NA,NA,NA,NA,904,82,0,13295,1205,0
2020-05-08,Brazil,210147125,Rio de Janeiro,17264943,NA,NA,NA,NA,1585,109,0,15741,1503,0
2020-05-10,Brazil,210147125,Rio de Janeiro,17264943,NA,NA,NA,NA,133,61,0,17062,1714,0
2020-05-12,Brazil,210147125,Rio de Janeiro,17264943,NA,NA,NA,NA,547,158,0,18486,1928,0
2020-05-14,Brazil,210147125,Rio de Janeiro,17264943,NA,NA,NA,NA,739,197,0,19467,2247,0
2020-05-16,Brazil,210147125,Rio de Janeiro,17264943,NA,NA,NA,NA,1614,176,0,21601,2614,0
2020-05-18,Brazil,210147125,Rio de Janeiro,17264943,NA,NA,NA,NA,4427,137,0,26665,2852,0
2020-05-20,Brazil,210147125,Rio de Janeiro,17264943,NA,NA,NA,NA,2567,158,0,30372,3237,0
2020-05-22,Brazil,210147125,Rio de Janeiro,17264943,NA,NA,NA,NA,1500,245,0,33589,3657,0
2020-05-24,Brazil,210147125,Rio de Janeiro,17264943,NA,NA,NA,NA,3379,88,0,37912,3993,0
2020-05-26,Brazil,210147125,Rio de Janeiro,17264943,NA,NA,NA,NA,726,256,0,40024,4361,0
2020-05-28,Brazil,210147125,Rio de Janeiro,17264943,NA,NA,NA,NA,2488,251,0,44886,4856,0
2020-05-30,Brazil,210147125,Rio de Janeiro,17264943,NA,NA,NA,NA,4467,198,0,52420,5277,0
2020-06-01,Brazil,210147125,Rio de Janeiro,17264943,NA,NA,NA,NA,1142,118,0,54530,5462,0
2020-06-03,Brazil,210147125,Rio de Janeiro,17264943,NA,NA,NA,NA,2508,324,0,59240,6010,0
2020-06-05,Brazil,210147125,Rio de Janeiro,17264943,NA,NA,NA,NA,2134,146,0,63066,6473,0
2020-06-07,Brazil,210147125,Rio de Janeiro,17264943,NA,NA,NA,NA,3223,68,0,67756,6707,0
2020-06-09,Brazil,210147125,Rio de Janeiro,17264943,NA,NA,NA,NA,3480,147,0,72979,6928,0
2020-06-11,Brazil,210147125,Rio de Janeiro,17264943,NA,NA,NA,NA,1402,225,0,75775,7363,0
2020-06-13,Brazil,210147125,Rio de Janeiro,17264943,NA,NA,NA,NA,1052,175,0,78836,7592,0
2020-06-15,Brazil,210147125,Rio de Janeiro,17264943,NA,NA,NA,NA,1374,56,0,80946,7728,0
2020-06-17,Brazil,210147125,Rio de Janeiro,17264943,NA,NA,NA,NA,3620,171,0,86963,8138,0
2020-06-19,Brazil,210147125,Rio de Janeiro,17264943,NA,NA,NA,NA,6061,183,0,93378,8595,0
2020-06-21,Brazil,210147125,Rio de Janeiro,17264943,NA,NA,NA,NA,596,51,0,96133,8875,0
2020-06-23,Brazil,210147125,Rio de Janeiro,17264943,NA,NA,NA,NA,3297,220,0,100869,9153,0
2020-06-25,Brazil,210147125,Rio de Janeiro,17264943,NA,NA,NA,NA,2404,155,0,105897,9450,0
2020-06-27,Brazil,210147125,Rio de Janeiro,17264943,NA,NA,NA,NA,306,202,0,108803,9789,0
2020-06-29,Brazil,210147125,Rio de Janeiro,17264943,NA,NA,NA,NA,585,29,0,111883,9848,0
2020-07-01,Brazil,210147125,Rio de Janeiro,17264943,NA,NA,NA,NA,2667,118,0,115278,10198,0
2020-07-03,Brazil,210147125,Rio de Janeiro,17264943,NA,NA,NA,NA,2133,168,0,118956,10500,0
2020-07-05,Brazil,210147125,Rio de Janeiro,17264943,NA,NA,NA,NA,852,43,0,121292,10667,0
2020-07-07,Brazil,210147125,Rio de Janeiro,17264943,NA,NA,NA,NA,2207,183,0,124086,10881,0
2020-07-09,Brazil,210147125,Rio de Janeiro,17264943,NA,NA,NA,NA,1995,145,0,128324,11115,0
2020-07-11,Brazil,210147125,Rio de Janeiro,17264943,NA,NA,NA,NA,232,126,0,129675,11406,0
2020-07-13,Brazil,210147125,Rio de Janeiro,17264943,NA,NA,NA,NA,2360,59,0,132044,11474,0
2020-07-15,Brazil,210147125,Rio de Janeiro,17264943,NA,NA,NA,NA,1627,133,0,134449,11757,0
2020-07-17,Brazil,210147125,Rio de Janeiro,17264943,NA,NA,NA,NA,657,70,0,135230,11919,0
2020-07-19,Brazil,210147125,Rio de Janeiro,17264943,NA,NA,NA,NA,3294,195,0,138524,12114,0
2020-07-21,Brazil,210147125,Rio de Janeiro,17264943,NA,NA,NA,NA,4116,132,0,145121,12293,0
2020-07-23,Brazil,210147125,Rio de Janeiro,17264943,NA,NA,NA,NA,2926,92,0,151549,12535,0
2020-07-25,Brazil,210147125,Rio de Janeiro,17264943,NA,NA,NA,NA,1414,154,0,156293,12808,0
2020-07-27,Brazil,210147125,Rio de Janeiro,17264943,NA,NA,NA,NA,1509,41,0,157834,12876,0
2020-07-29,Brazil,210147125,Rio de Janeiro,17264943,NA,NA,NA,NA,2008,165,0,161647,13198,0
2020-07-31,Brazil,210147125,Rio de Janeiro,17264943,NA,NA,NA,NA,1853,129,0,165495,13477,0
2020-08-02,Brazil,210147125,Rio de Janeiro,17264943,NA,NA,NA,NA,0,0,0,165495,13477,0
2020-08-04,Brazil,210147125,Rio de Janeiro,17264943,NA,NA,NA,NA,0,0,0,165495,13477,0
2020-08-06,Brazil,210147125,Rio de Janeiro,17264943,NA,NA,NA,NA,1385,86,0,174064,13941,0
2020-08-08,Brazil,210147125,Rio de Janeiro,17264943,NA,NA,NA,NA,2828,42,0,178524,14070,0
2020-08-10,Brazil,210147125,Rio de Janeiro,17264943,NA,NA,NA,NA,1166,28,0,180016,14108,0
2020-08-12,Brazil,210147125,Rio de Janeiro,17264943,NA,NA,NA,NA,3047,83,0,185610,14295,0
2020-08-14,Brazil,210147125,Rio de Janeiro,17264943,NA,NA,NA,NA,1806,95,0,189891,14507,0
2020-02-25,Brazil,210147125,Rio Grande do Norte,3506853,NA,NA,NA,NA,NA,NA,NA,0,0,0
2020-02-27,Brazil,210147125,Rio Grande do Norte,3506853,NA,NA,NA,NA,0,0,0,0,0,0
2020-02-29,Brazil,210147125,Rio Grande do Norte,3506853,NA,NA,NA,NA,0,0,0,0,0,0
2020-03-02,Brazil,210147125,Rio Grande do Norte,3506853,NA,NA,NA,NA,0,0,0,0,0,0
2020-03-04,Brazil,210147125,Rio Grande do Norte,3506853,NA,NA,NA,NA,0,0,0,0,0,0
2020-03-06,Brazil,210147125,Rio Grande do Norte,3506853,NA,NA,NA,NA,0,0,0,0,0,0
2020-03-08,Brazil,210147125,Rio Grande do Norte,3506853,NA,NA,NA,NA,0,0,0,0,0,0
2020-03-10,Brazil,210147125,Rio Grande do Norte,3506853,NA,NA,NA,NA,1,0,0,1,0,0
2020-03-12,Brazil,210147125,Rio Grande do Norte,3506853,NA,NA,NA,NA,2,0,0,4,0,0
2020-03-14,Brazil,210147125,Rio Grande do Norte,3506853,NA,NA,NA,NA,2,0,0,6,0,0
2020-03-16,Brazil,210147125,Rio Grande do Norte,3506853,NA,NA,NA,NA,0,0,0,6,0,0
2020-03-18,Brazil,210147125,Rio Grande do Norte,3506853,NA,NA,NA,NA,9,0,0,19,0,0
2020-03-20,Brazil,210147125,Rio Grande do Norte,3506853,NA,NA,NA,NA,9,0,0,37,0,0
2020-03-22,Brazil,210147125,Rio Grande do Norte,3506853,NA,NA,NA,NA,12,0,0,72,0,0
2020-03-24,Brazil,210147125,Rio Grande do Norte,3506853,NA,NA,NA,NA,12,0,0,98,0,0
2020-03-26,Brazil,210147125,Rio Grande do Norte,3506853,NA,NA,NA,NA,45,0,0,168,1,0
2020-03-28,Brazil,210147125,Rio Grande do Norte,3506853,NA,NA,NA,NA,2,0,0,197,1,0
2020-03-30,Brazil,210147125,Rio Grande do Norte,3506853,NA,NA,NA,NA,15,2,0,241,3,0
2020-04-01,Brazil,210147125,Rio Grande do Norte,3506853,NA,NA,NA,NA,32,0,0,306,4,0
2020-04-03,Brazil,210147125,Rio Grande do Norte,3506853,NA,NA,NA,NA,62,0,0,396,5,0
2020-04-05,Brazil,210147125,Rio Grande do Norte,3506853,NA,NA,NA,NA,8,1,0,418,7,0
2020-04-07,Brazil,210147125,Rio Grande do Norte,3506853,NA,NA,NA,NA,27,1,0,508,8,0
2020-04-09,Brazil,210147125,Rio Grande do Norte,3506853,NA,NA,NA,NA,63,3,0,618,12,0
2020-04-11,Brazil,210147125,Rio Grande do Norte,3506853,NA,NA,NA,NA,4,1,0,640,15,0
2020-04-13,Brazil,210147125,Rio Grande do Norte,3506853,NA,NA,NA,NA,11,0,0,664,16,0
2020-04-15,Brazil,210147125,Rio Grande do Norte,3506853,NA,NA,NA,NA,47,1,0,747,19,0
2020-04-17,Brazil,210147125,Rio Grande do Norte,3506853,NA,NA,NA,NA,22,3,0,802,22,0
2020-04-19,Brazil,210147125,Rio Grande do Norte,3506853,NA,NA,NA,NA,23,0,0,854,24,0
2020-04-21,Brazil,210147125,Rio Grande do Norte,3506853,NA,NA,NA,NA,15,0,0,904,27,0
2020-04-23,Brazil,210147125,Rio Grande do Norte,3506853,NA,NA,NA,NA,71,2,0,994,29,0
2020-04-25,Brazil,210147125,Rio Grande do Norte,3506853,NA,NA,NA,NA,35,3,0,1096,34,0
2020-04-27,Brazil,210147125,Rio Grande do Norte,3506853,NA,NA,NA,NA,62,7,0,1228,42,0
2020-04-29,Brazil,210147125,Rio Grande do Norte,3506853,NA,NA,NA,NA,229,5,0,1086,53,0
2020-05-01,Brazil,210147125,Rio Grande do Norte,3506853,NA,NA,NA,NA,120,0,0,1297,56,0
2020-05-03,Brazil,210147125,Rio Grande do Norte,3506853,NA,NA,NA,NA,26,2,0,1392,61,0
2020-05-05,Brazil,210147125,Rio Grande do Norte,3506853,NA,NA,NA,NA,115,6,0,1536,68,0
2020-05-07,Brazil,210147125,Rio Grande do Norte,3506853,NA,NA,NA,NA,165,4,0,1739,76,0
2020-05-09,Brazil,210147125,Rio Grande do Norte,3506853,NA,NA,NA,NA,98,6,0,1919,87,0
2020-05-11,Brazil,210147125,Rio Grande do Norte,3506853,NA,NA,NA,NA,61,4,0,1989,92,0
2020-05-13,Brazil,210147125,Rio Grande do Norte,3506853,NA,NA,NA,NA,334,12,0,2367,105,0
2020-05-15,Brazil,210147125,Rio Grande do Norte,3506853,NA,NA,NA,NA,249,5,0,2786,122,0
2020-05-17,Brazil,210147125,Rio Grande do Norte,3506853,NA,NA,NA,NA,133,3,0,3137,139,0
2020-05-19,Brazil,210147125,Rio Grande do Norte,3506853,NA,NA,NA,NA,299,14,0,3483,160,0
2020-05-21,Brazil,210147125,Rio Grande do Norte,3506853,NA,NA,NA,NA,264,8,0,4060,178,0
2020-05-23,Brazil,210147125,Rio Grande do Norte,3506853,NA,NA,NA,NA,348,3,0,4599,184,0
2020-05-25,Brazil,210147125,Rio Grande do Norte,3506853,NA,NA,NA,NA,62,9,0,4759,209,0
2020-05-27,Brazil,210147125,Rio Grande do Norte,3506853,NA,NA,NA,NA,158,22,0,5630,242,0
2020-05-29,Brazil,210147125,Rio Grande do Norte,3506853,NA,NA,NA,NA,833,14,0,6463,268,0
2020-05-31,Brazil,210147125,Rio Grande do Norte,3506853,NA,NA,NA,NA,649,0,0,8051,305,0
2020-06-02,Brazil,210147125,Rio Grande do Norte,3506853,NA,NA,NA,NA,269,18,0,8233,341,0
2020-06-04,Brazil,210147125,Rio Grande do Norte,3506853,NA,NA,NA,NA,133,11,0,9282,378,0
2020-06-06,Brazil,210147125,Rio Grande do Norte,3506853,NA,NA,NA,NA,9,23,0,9449,410,0
2020-06-08,Brazil,210147125,Rio Grande do Norte,3506853,NA,NA,NA,NA,1436,7,0,10888,431,0
2020-06-10,Brazil,210147125,Rio Grande do Norte,3506853,NA,NA,NA,NA,541,28,0,11568,487,0
2020-06-12,Brazil,210147125,Rio Grande do Norte,3506853,NA,NA,NA,NA,267,18,0,13501,514,0
2020-06-14,Brazil,210147125,Rio Grande do Norte,3506853,NA,NA,NA,NA,382,1,0,14171,534,0
2020-06-16,Brazil,210147125,Rio Grande do Norte,3506853,NA,NA,NA,NA,998,32,0,15212,585,0
2020-06-18,Brazil,210147125,Rio Grande do Norte,3506853,NA,NA,NA,NA,677,70,0,15889,655,0
2020-06-20,Brazil,210147125,Rio Grande do Norte,3506853,NA,NA,NA,NA,3167,4,0,19206,697,0
2020-06-22,Brazil,210147125,Rio Grande do Norte,3506853,NA,NA,NA,NA,667,33,0,19957,730,0
2020-06-24,Brazil,210147125,Rio Grande do Norte,3506853,NA,NA,NA,NA,1699,57,0,21774,807,0
2020-06-26,Brazil,210147125,Rio Grande do Norte,3506853,NA,NA,NA,NA,1066,31,0,23731,889,0
2020-06-28,Brazil,210147125,Rio Grande do Norte,3506853,NA,NA,NA,NA,203,28,0,24456,937,0
2020-06-30,Brazil,210147125,Rio Grande do Norte,3506853,NA,NA,NA,NA,566,40,0,30287,1034,0
2020-07-02,Brazil,210147125,Rio Grande do Norte,3506853,NA,NA,NA,NA,998,36,0,32897,1103,0
2020-07-04,Brazil,210147125,Rio Grande do Norte,3506853,NA,NA,NA,NA,836,29,0,34257,1200,0
2020-07-06,Brazil,210147125,Rio Grande do Norte,3506853,NA,NA,NA,NA,339,35,0,34984,1248,0
2020-07-08,Brazil,210147125,Rio Grande do Norte,3506853,NA,NA,NA,NA,691,35,0,36511,1326,0
2020-07-10,Brazil,210147125,Rio Grande do Norte,3506853,NA,NA,NA,NA,1205,11,0,38265,1356,0
2020-07-12,Brazil,210147125,Rio Grande do Norte,3506853,NA,NA,NA,NA,805,14,0,39421,1394,0
2020-07-14,Brazil,210147125,Rio Grande do Norte,3506853,NA,NA,NA,NA,541,28,0,40341,1432,0
2020-07-16,Brazil,210147125,Rio Grande do Norte,3506853,NA,NA,NA,NA,324,28,0,40978,1501,0
2020-07-18,Brazil,210147125,Rio Grande do Norte,3506853,NA,NA,NA,NA,2148,46,0,43451,1572,0
2020-07-20,Brazil,210147125,Rio Grande do Norte,3506853,NA,NA,NA,NA,191,8,0,43957,1585,0
2020-07-22,Brazil,210147125,Rio Grande do Norte,3506853,NA,NA,NA,NA,917,15,0,45184,1636,0
2020-07-24,Brazil,210147125,Rio Grande do Norte,3506853,NA,NA,NA,NA,627,16,0,46683,1666,0
2020-07-26,Brazil,210147125,Rio Grande do Norte,3506853,NA,NA,NA,NA,173,6,0,47099,1678,0
2020-07-28,Brazil,210147125,Rio Grande do Norte,3506853,NA,NA,NA,NA,1083,17,0,48374,1714,0
2020-07-30,Brazil,210147125,Rio Grande do Norte,3506853,NA,NA,NA,NA,616,16,0,49667,1751,0
2020-08-01,Brazil,210147125,Rio Grande do Norte,3506853,NA,NA,NA,NA,0,0,0,50416,1777,0
2020-08-03,Brazil,210147125,Rio Grande do Norte,3506853,NA,NA,NA,NA,0,0,0,50416,1777,0
2020-08-05,Brazil,210147125,Rio Grande do Norte,3506853,NA,NA,NA,NA,3074,156,0,53490,1933,0
2020-08-07,Brazil,210147125,Rio Grande do Norte,3506853,NA,NA,NA,NA,611,11,0,54717,1965,0
2020-08-09,Brazil,210147125,Rio Grande do Norte,3506853,NA,NA,NA,NA,140,2,0,55290,1972,0
2020-08-11,Brazil,210147125,Rio Grande do Norte,3506853,NA,NA,NA,NA,2501,26,0,57921,2003,0
2020-08-13,Brazil,210147125,Rio Grande do Norte,3506853,NA,NA,NA,NA,500,17,0,57072,2036,0
2020-08-15,Brazil,210147125,Rio Grande do Norte,3506853,NA,NA,NA,NA,193,21,0,57660,2062,0
2020-02-26,Brazil,210147125,Rio Grande do Sul,11377239,NA,NA,NA,NA,0,NA,NA,0,0,0
2020-02-28,Brazil,210147125,Rio Grande do Sul,11377239,NA,NA,NA,NA,0,0,0,0,0,0
2020-03-01,Brazil,210147125,Rio Grande do Sul,11377239,NA,NA,NA,NA,0,0,0,0,0,0
2020-03-03,Brazil,210147125,Rio Grande do Sul,11377239,NA,NA,NA,NA,0,0,0,0,0,0
2020-03-05,Brazil,210147125,Rio Grande do Sul,11377239,NA,NA,NA,NA,1,0,0,1,0,0
2020-03-07,Brazil,210147125,Rio Grande do Sul,11377239,NA,NA,NA,NA,1,0,0,2,0,0
2020-03-09,Brazil,210147125,Rio Grande do Sul,11377239,NA,NA,NA,NA,5,0,0,8,0,0
2020-03-11,Brazil,210147125,Rio Grande do Sul,11377239,NA,NA,NA,NA,5,0,0,13,0,0
2020-03-13,Brazil,210147125,Rio Grande do Sul,11377239,NA,NA,NA,NA,0,0,0,16,0,0
2020-03-15,Brazil,210147125,Rio Grande do Sul,11377239,NA,NA,NA,NA,2,0,0,24,0,0
2020-03-17,Brazil,210147125,Rio Grande do Sul,11377239,NA,NA,NA,NA,2,0,0,33,0,0
2020-03-19,Brazil,210147125,Rio Grande do Sul,11377239,NA,NA,NA,NA,20,2,0,65,2,0
2020-03-21,Brazil,210147125,Rio Grande do Sul,11377239,NA,NA,NA,NA,10,1,0,119,3,0
2020-03-23,Brazil,210147125,Rio Grande do Sul,11377239,NA,NA,NA,NA,47,1,0,233,4,0
2020-03-25,Brazil,210147125,Rio Grande do Sul,11377239,NA,NA,NA,NA,65,0,0,370,6,0
2020-03-27,Brazil,210147125,Rio Grande do Sul,11377239,NA,NA,NA,NA,72,1,0,493,10,0
2020-03-29,Brazil,210147125,Rio Grande do Sul,11377239,NA,NA,NA,NA,42,4,0,600,17,0
2020-03-31,Brazil,210147125,Rio Grande do Sul,11377239,NA,NA,NA,NA,51,5,0,708,23,0
2020-04-02,Brazil,210147125,Rio Grande do Sul,11377239,NA,NA,NA,NA,160,13,0,992,41,0
2020-04-04,Brazil,210147125,Rio Grande do Sul,11377239,NA,NA,NA,NA,172,11,0,1246,58,0
2020-04-06,Brazil,210147125,Rio Grande do Sul,11377239,NA,NA,NA,NA,67,7,0,1461,71,0
2020-04-08,Brazil,210147125,Rio Grande do Sul,11377239,NA,NA,NA,NA,250,17,0,1938,106,0
2020-04-10,Brazil,210147125,Rio Grande do Sul,11377239,NA,NA,NA,NA,248,25,0,2464,147,0
2020-04-12,Brazil,210147125,Rio Grande do Sul,11377239,NA,NA,NA,NA,248,15,0,2855,170,0
2020-04-14,Brazil,210147125,Rio Grande do Sul,11377239,NA,NA,NA,NA,179,36,0,3410,224,0
2020-04-16,Brazil,210147125,Rio Grande do Sul,11377239,NA,NA,NA,NA,201,35,0,3944,300,0
2020-04-18,Brazil,210147125,Rio Grande do Sul,11377239,NA,NA,NA,NA,194,46,0,4543,387,0
2020-04-20,Brazil,210147125,Rio Grande do Sul,11377239,NA,NA,NA,NA,134,20,0,4899,422,0
2020-04-22,Brazil,210147125,Rio Grande do Sul,11377239,NA,NA,NA,NA,246,29,0,5552,490,0
2020-04-24,Brazil,210147125,Rio Grande do Sul,11377239,NA,NA,NA,NA,110,40,0,6282,570,0
2020-04-26,Brazil,210147125,Rio Grande do Sul,11377239,NA,NA,NA,NA,283,30,0,7111,645,0
2020-04-28,Brazil,210147125,Rio Grande do Sul,11377239,NA,NA,NA,NA,0,0,0,1286,45,0
2020-04-30,Brazil,210147125,Rio Grande do Sul,11377239,NA,NA,NA,NA,98,1,0,1466,51,0
2020-05-02,Brazil,210147125,Rio Grande do Sul,11377239,NA,NA,NA,NA,90,4,0,1619,62,0
2020-05-04,Brazil,210147125,Rio Grande do Sul,11377239,NA,NA,NA,NA,45,9,0,1711,74,0
2020-05-06,Brazil,210147125,Rio Grande do Sul,11377239,NA,NA,NA,NA,235,8,0,2050,87,0
2020-05-08,Brazil,210147125,Rio Grande do Sul,11377239,NA,NA,NA,NA,318,1,0,2447,91,0
2020-05-10,Brazil,210147125,Rio Grande do Sul,11377239,NA,NA,NA,NA,49,2,0,2542,97,0
2020-05-12,Brazil,210147125,Rio Grande do Sul,11377239,NA,NA,NA,NA,341,6,0,2917,111,0
2020-05-14,Brazil,210147125,Rio Grande do Sul,11377239,NA,NA,NA,NA,80,9,0,2997,120,0
2020-05-16,Brazil,210147125,Rio Grande do Sul,11377239,NA,NA,NA,NA,98,6,0,3695,132,0
2020-05-18,Brazil,210147125,Rio Grande do Sul,11377239,NA,NA,NA,NA,0,2,0,3735,144,0
2020-05-20,Brazil,210147125,Rio Grande do Sul,11377239,NA,NA,NA,NA,1223,10,0,4973,161,0
2020-05-22,Brazil,210147125,Rio Grande do Sul,11377239,NA,NA,NA,NA,445,6,0,5918,172,0
2020-05-24,Brazil,210147125,Rio Grande do Sul,11377239,NA,NA,NA,NA,134,4,0,6470,180,0
2020-05-26,Brazil,210147125,Rio Grande do Sul,11377239,NA,NA,NA,NA,226,6,0,6785,203,0
2020-05-28,Brazil,210147125,Rio Grande do Sul,11377239,NA,NA,NA,NA,1186,4,0,8234,213,0
2020-05-30,Brazil,210147125,Rio Grande do Sul,11377239,NA,NA,NA,NA,1008,5,0,9242,218,0
2020-06-01,Brazil,210147125,Rio Grande do Sul,11377239,NA,NA,NA,NA,0,8,0,9332,232,0
2020-06-03,Brazil,210147125,Rio Grande do Sul,11377239,NA,NA,NA,NA,479,13,0,10398,258,0
2020-06-05,Brazil,210147125,Rio Grande do Sul,11377239,NA,NA,NA,NA,573,11,0,11583,276,0
2020-06-07,Brazil,210147125,Rio Grande do Sul,11377239,NA,NA,NA,NA,98,3,0,12135,286,0
2020-06-09,Brazil,210147125,Rio Grande do Sul,11377239,NA,NA,NA,NA,552,10,0,12802,301,0
2020-06-11,Brazil,210147125,Rio Grande do Sul,11377239,NA,NA,NA,NA,549,7,0,14168,323,0
2020-06-13,Brazil,210147125,Rio Grande do Sul,11377239,NA,NA,NA,NA,243,7,0,14627,344,0
2020-06-15,Brazil,210147125,Rio Grande do Sul,11377239,NA,NA,NA,NA,777,10,0,15438,360,0
2020-06-17,Brazil,210147125,Rio Grande do Sul,11377239,NA,NA,NA,NA,657,13,0,17128,387,0
2020-06-19,Brazil,210147125,Rio Grande do Sul,11377239,NA,NA,NA,NA,765,17,0,18587,423,0
2020-06-21,Brazil,210147125,Rio Grande do Sul,11377239,NA,NA,NA,NA,210,4,0,19348,434,0
2020-06-23,Brazil,210147125,Rio Grande do Sul,11377239,NA,NA,NA,NA,1154,19,0,20864,477,0
2020-06-25,Brazil,210147125,Rio Grande do Sul,11377239,NA,NA,NA,NA,1051,0,0,23060,500,0
2020-06-27,Brazil,210147125,Rio Grande do Sul,11377239,NA,NA,NA,NA,886,14,0,25000,554,0
2020-06-29,Brazil,210147125,Rio Grande do Sul,11377239,NA,NA,NA,NA,416,23,0,25659,582,0
2020-07-01,Brazil,210147125,Rio Grande do Sul,11377239,NA,NA,NA,NA,1230,22,0,28171,636,0
2020-07-03,Brazil,210147125,Rio Grande do Sul,11377239,NA,NA,NA,NA,1176,27,0,30371,690,0
2020-07-05,Brazil,210147125,Rio Grande do Sul,11377239,NA,NA,NA,NA,336,12,0,31955,727,0
2020-07-07,Brazil,210147125,Rio Grande do Sul,11377239,NA,NA,NA,NA,1399,32,0,33800,791,0
2020-07-09,Brazil,210147125,Rio Grande do Sul,11377239,NA,NA,NA,NA,877,45,0,36434,870,0
2020-07-11,Brazil,210147125,Rio Grande do Sul,11377239,NA,NA,NA,NA,1230,24,0,38720,943,0
2020-07-13,Brazil,210147125,Rio Grande do Sul,11377239,NA,NA,NA,NA,416,33,0,39656,995,0
2020-07-15,Brazil,210147125,Rio Grande do Sul,11377239,NA,NA,NA,NA,1246,41,0,42239,1101,0
2020-07-17,Brazil,210147125,Rio Grande do Sul,11377239,NA,NA,NA,NA,1366,25,0,46710,1166,0
2020-07-19,Brazil,210147125,Rio Grande do Sul,11377239,NA,NA,NA,NA,266,23,0,47113,1252,0
2020-07-21,Brazil,210147125,Rio Grande do Sul,11377239,NA,NA,NA,NA,2391,64,0,49840,1349,0
2020-07-23,Brazil,210147125,Rio Grande do Sul,11377239,NA,NA,NA,NA,1768,59,0,54841,1456,0
2020-07-25,Brazil,210147125,Rio Grande do Sul,11377239,NA,NA,NA,NA,2111,60,0,59118,1554,0
2020-07-27,Brazil,210147125,Rio Grande do Sul,11377239,NA,NA,NA,NA,265,40,0,60044,1611,0
2020-07-29,Brazil,210147125,Rio Grande do Sul,11377239,NA,NA,NA,NA,2149,70,0,64496,1750,0
2020-07-31,Brazil,210147125,Rio Grande do Sul,11377239,NA,NA,NA,NA,219,51,0,66692,1876,0
2020-08-02,Brazil,210147125,Rio Grande do Sul,11377239,NA,NA,NA,NA,0,0,0,66692,1876,0
2020-08-04,Brazil,210147125,Rio Grande do Sul,11377239,NA,NA,NA,NA,0,0,0,66692,1876,0
2020-08-06,Brazil,210147125,Rio Grande do Sul,11377239,NA,NA,NA,NA,2274,68,0,78837,2231,0
2020-08-08,Brazil,210147125,Rio Grande do Sul,11377239,NA,NA,NA,NA,4569,64,0,83595,2346,0
2020-08-10,Brazil,210147125,Rio Grande do Sul,11377239,NA,NA,NA,NA,43,57,0,84034,2417,0
2020-08-12,Brazil,210147125,Rio Grande do Sul,11377239,NA,NA,NA,NA,2634,68,0,90049,2540,0
2020-08-14,Brazil,210147125,Rio Grande do Sul,11377239,NA,NA,NA,NA,2582,47,0,95142,2631,0
2020-02-25,Brazil,210147125,Rondonia,1777225,NA,NA,NA,NA,NA,NA,NA,0,0,0
2020-02-27,Brazil,210147125,Rondonia,1777225,NA,NA,NA,NA,0,0,0,0,0,0
2020-02-29,Brazil,210147125,Rondonia,1777225,NA,NA,NA,NA,0,0,0,0,0,0
2020-03-02,Brazil,210147125,Rondonia,1777225,NA,NA,NA,NA,0,0,0,0,0,0
2020-03-04,Brazil,210147125,Rondonia,1777225,NA,NA,NA,NA,0,0,0,0,0,0
2020-03-06,Brazil,210147125,Rondonia,1777225,NA,NA,NA,NA,0,0,0,0,0,0
2020-03-08,Brazil,210147125,Rondonia,1777225,NA,NA,NA,NA,0,0,0,0,0,0
2020-03-10,Brazil,210147125,Rondonia,1777225,NA,NA,NA,NA,0,0,0,0,0,0
2020-03-12,Brazil,210147125,Rondonia,1777225,NA,NA,NA,NA,0,0,0,0,0,0
2020-03-14,Brazil,210147125,Rondonia,1777225,NA,NA,NA,NA,0,0,0,0,0,0
2020-03-16,Brazil,210147125,Rondonia,1777225,NA,NA,NA,NA,0,0,0,0,0,0
2020-03-18,Brazil,210147125,Rondonia,1777225,NA,NA,NA,NA,0,0,0,0,0,0
2020-03-20,Brazil,210147125,Rondonia,1777225,NA,NA,NA,NA,1,0,0,1,0,0
2020-03-22,Brazil,210147125,Rondonia,1777225,NA,NA,NA,NA,2,0,0,3,0,0
2020-03-24,Brazil,210147125,Rondonia,1777225,NA,NA,NA,NA,0,0,0,3,0,0
2020-03-26,Brazil,210147125,Rondonia,1777225,NA,NA,NA,NA,0,0,0,5,0,0
2020-03-28,Brazil,210147125,Rondonia,1777225,NA,NA,NA,NA,0,0,0,6,0,0
2020-03-30,Brazil,210147125,Rondonia,1777225,NA,NA,NA,NA,0,0,0,6,0,0
2020-04-01,Brazil,210147125,Rondonia,1777225,NA,NA,NA,NA,1,0,0,9,1,0
2020-04-03,Brazil,210147125,Rondonia,1777225,NA,NA,NA,NA,0,0,0,10,1,0
2020-04-05,Brazil,210147125,Rondonia,1777225,NA,NA,NA,NA,1,0,0,12,1,0
2020-04-07,Brazil,210147125,Rondonia,1777225,NA,NA,NA,NA,4,0,0,18,1,0
2020-04-09,Brazil,210147125,Rondonia,1777225,NA,NA,NA,NA,10,1,0,28,2,0
2020-04-11,Brazil,210147125,Rondonia,1777225,NA,NA,NA,NA,1,0,0,33,2,0
2020-04-13,Brazil,210147125,Rondonia,1777225,NA,NA,NA,NA,7,0,0,42,2,0
2020-04-15,Brazil,210147125,Rondonia,1777225,NA,NA,NA,NA,5,0,0,69,2,0
2020-04-17,Brazil,210147125,Rondonia,1777225,NA,NA,NA,NA,16,0,0,92,3,0
2020-04-19,Brazil,210147125,Rondonia,1777225,NA,NA,NA,NA,18,1,0,128,4,0
2020-04-21,Brazil,210147125,Rondonia,1777225,NA,NA,NA,NA,39,0,0,199,4,0
2020-04-23,Brazil,210147125,Rondonia,1777225,NA,NA,NA,NA,27,0,0,250,5,0
2020-04-25,Brazil,210147125,Rondonia,1777225,NA,NA,NA,NA,38,2,0,328,7,0
2020-04-27,Brazil,210147125,Rondonia,1777225,NA,NA,NA,NA,29,0,0,393,10,0
2020-04-29,Brazil,210147125,Rondonia,1777225,NA,NA,NA,NA,20,4,0,433,15,0
2020-05-01,Brazil,210147125,Rondonia,1777225,NA,NA,NA,NA,83,2,0,585,18,0
2020-05-03,Brazil,210147125,Rondonia,1777225,NA,NA,NA,NA,52,1,0,705,24,0
2020-05-05,Brazil,210147125,Rondonia,1777225,NA,NA,NA,NA,105,4,0,861,29,0
2020-05-07,Brazil,210147125,Rondonia,1777225,NA,NA,NA,NA,155,4,0,1098,37,0
2020-05-09,Brazil,210147125,Rondonia,1777225,NA,NA,NA,NA,41,2,0,1263,41,0
2020-05-11,Brazil,210147125,Rondonia,1777225,NA,NA,NA,NA,94,4,0,1396,47,0
2020-05-13,Brazil,210147125,Rondonia,1777225,NA,NA,NA,NA,152,0,0,1612,50,0
2020-05-15,Brazil,210147125,Rondonia,1777225,NA,NA,NA,NA,103,6,0,1789,62,0
2020-05-17,Brazil,210147125,Rondonia,1777225,NA,NA,NA,NA,44,5,0,1963,74,0
2020-05-19,Brazil,210147125,Rondonia,1777225,NA,NA,NA,NA,214,10,0,2257,87,0
2020-05-21,Brazil,210147125,Rondonia,1777225,NA,NA,NA,NA,160,11,0,2659,101,0
2020-05-23,Brazil,210147125,Rondonia,1777225,NA,NA,NA,NA,335,9,0,3109,115,0
2020-05-25,Brazil,210147125,Rondonia,1777225,NA,NA,NA,NA,67,0,0,3268,121,0
2020-05-27,Brazil,210147125,Rondonia,1777225,NA,NA,NA,NA,369,4,0,3862,137,0
2020-05-29,Brazil,210147125,Rondonia,1777225,NA,NA,NA,NA,250,3,0,4502,145,0
2020-05-31,Brazil,210147125,Rondonia,1777225,NA,NA,NA,NA,199,5,0,4942,156,0
2020-06-02,Brazil,210147125,Rondonia,1777225,NA,NA,NA,NA,305,13,0,5477,172,0
2020-06-04,Brazil,210147125,Rondonia,1777225,NA,NA,NA,NA,746,14,0,6459,194,0
2020-06-06,Brazil,210147125,Rondonia,1777225,NA,NA,NA,NA,838,15,0,7700,228,0
2020-06-08,Brazil,210147125,Rondonia,1777225,NA,NA,NA,NA,516,10,0,8626,245,0
2020-06-10,Brazil,210147125,Rondonia,1777225,NA,NA,NA,NA,630,12,0,9850,267,0
2020-06-12,Brazil,210147125,Rondonia,1777225,NA,NA,NA,NA,677,3,0,11224,296,0
2020-06-14,Brazil,210147125,Rondonia,1777225,NA,NA,NA,NA,155,15,0,11865,324,0
2020-06-16,Brazil,210147125,Rondonia,1777225,NA,NA,NA,NA,830,14,0,13010,346,0
2020-06-18,Brazil,210147125,Rondonia,1777225,NA,NA,NA,NA,237,14,0,13804,374,0
2020-06-20,Brazil,210147125,Rondonia,1777225,NA,NA,NA,NA,599,18,0,14952,409,0
2020-06-22,Brazil,210147125,Rondonia,1777225,NA,NA,NA,NA,646,14,0,15827,431,0
2020-06-24,Brazil,210147125,Rondonia,1777225,NA,NA,NA,NA,926,11,0,17424,455,0
2020-06-26,Brazil,210147125,Rondonia,1777225,NA,NA,NA,NA,1098,9,0,19271,476,0
2020-06-28,Brazil,210147125,Rondonia,1777225,NA,NA,NA,NA,549,10,0,19820,486,0
2020-06-30,Brazil,210147125,Rondonia,1777225,NA,NA,NA,NA,845,18,0,21251,518,0
2020-07-02,Brazil,210147125,Rondonia,1777225,NA,NA,NA,NA,508,10,0,21970,530,0
2020-07-04,Brazil,210147125,Rondonia,1777225,NA,NA,NA,NA,716,15,0,22957,548,0
2020-07-06,Brazil,210147125,Rondonia,1777225,NA,NA,NA,NA,442,3,0,23921,558,0
2020-07-08,Brazil,210147125,Rondonia,1777225,NA,NA,NA,NA,503,8,0,25067,585,0
2020-07-10,Brazil,210147125,Rondonia,1777225,NA,NA,NA,NA,598,16,0,26000,605,0
2020-07-12,Brazil,210147125,Rondonia,1777225,NA,NA,NA,NA,232,11,0,26728,628,0
2020-07-14,Brazil,210147125,Rondonia,1777225,NA,NA,NA,NA,478,16,0,27528,663,0
2020-07-16,Brazil,210147125,Rondonia,1777225,NA,NA,NA,NA,737,9,0,28654,677,0
2020-07-18,Brazil,210147125,Rondonia,1777225,NA,NA,NA,NA,0,0,0,29117,686,0
2020-07-20,Brazil,210147125,Rondonia,1777225,NA,NA,NA,NA,684,24,0,29801,710,0
2020-07-22,Brazil,210147125,Rondonia,1777225,NA,NA,NA,NA,2293,31,0,32935,758,0
2020-07-24,Brazil,210147125,Rondonia,1777225,NA,NA,NA,NA,793,17,0,34873,801,0
2020-07-26,Brazil,210147125,Rondonia,1777225,NA,NA,NA,NA,237,4,0,35810,814,0
2020-07-28,Brazil,210147125,Rondonia,1777225,NA,NA,NA,NA,701,10,0,36849,840,0
2020-07-30,Brazil,210147125,Rondonia,1777225,NA,NA,NA,NA,773,9,0,38407,864,0
2020-08-01,Brazil,210147125,Rondonia,1777225,NA,NA,NA,NA,0,0,0,38992,872,0
2020-08-03,Brazil,210147125,Rondonia,1777225,NA,NA,NA,NA,0,0,0,38992,872,0
2020-08-05,Brazil,210147125,Rondonia,1777225,NA,NA,NA,NA,3028,46,0,42020,918,0
2020-08-07,Brazil,210147125,Rondonia,1777225,NA,NA,NA,NA,665,11,0,43390,934,0
2020-08-09,Brazil,210147125,Rondonia,1777225,NA,NA,NA,NA,144,3,0,44010,943,0
2020-08-11,Brazil,210147125,Rondonia,1777225,NA,NA,NA,NA,1096,22,0,45468,966,0
2020-08-13,Brazil,210147125,Rondonia,1777225,NA,NA,NA,NA,615,12,0,46676,993,0
2020-08-15,Brazil,210147125,Rondonia,1777225,NA,NA,NA,NA,364,11,0,47652,1012,0
2020-02-26,Brazil,210147125,Roraima,605761,NA,NA,NA,NA,0,NA,NA,0,0,0
2020-02-28,Brazil,210147125,Roraima,605761,NA,NA,NA,NA,0,0,0,0,0,0
2020-03-01,Brazil,210147125,Roraima,605761,NA,NA,NA,NA,0,0,0,0,0,0
2020-03-03,Brazil,210147125,Roraima,605761,NA,NA,NA,NA,0,0,0,0,0,0
2020-03-05,Brazil,210147125,Roraima,605761,NA,NA,NA,NA,0,0,0,0,0,0
2020-03-07,Brazil,210147125,Roraima,605761,NA,NA,NA,NA,0,0,0,0,0,0
2020-03-09,Brazil,210147125,Roraima,605761,NA,NA,NA,NA,0,0,0,0,0,0
2020-03-11,Brazil,210147125,Roraima,605761,NA,NA,NA,NA,0,0,0,0,0,0
2020-03-13,Brazil,210147125,Roraima,605761,NA,NA,NA,NA,0,0,0,0,0,0
2020-03-15,Brazil,210147125,Roraima,605761,NA,NA,NA,NA,0,0,0,0,0,0
2020-03-17,Brazil,210147125,Roraima,605761,NA,NA,NA,NA,0,0,0,0,0,0
2020-03-19,Brazil,210147125,Roraima,605761,NA,NA,NA,NA,0,0,0,0,0,0
2020-03-21,Brazil,210147125,Roraima,605761,NA,NA,NA,NA,0,0,0,0,0,0
2020-03-23,Brazil,210147125,Roraima,605761,NA,NA,NA,NA,0,0,0,2,0,0
2020-03-25,Brazil,210147125,Roraima,605761,NA,NA,NA,NA,6,0,0,8,0,0
2020-03-27,Brazil,210147125,Roraima,605761,NA,NA,NA,NA,2,0,0,10,0,0
2020-03-29,Brazil,210147125,Roraima,605761,NA,NA,NA,NA,4,0,0,16,0,0
2020-03-31,Brazil,210147125,Roraima,605761,NA,NA,NA,NA,0,0,0,16,0,0
2020-04-02,Brazil,210147125,Roraima,605761,NA,NA,NA,NA,4,0,0,26,0,0
2020-04-04,Brazil,210147125,Roraima,605761,NA,NA,NA,NA,7,1,0,37,1,0
2020-04-06,Brazil,210147125,Roraima,605761,NA,NA,NA,NA,0,0,0,42,1,0
2020-04-08,Brazil,210147125,Roraima,605761,NA,NA,NA,NA,7,0,0,49,1,0
2020-04-10,Brazil,210147125,Roraima,605761,NA,NA,NA,NA,11,2,0,63,3,0
2020-04-12,Brazil,210147125,Roraima,605761,NA,NA,NA,NA,4,0,0,79,3,0
2020-04-14,Brazil,210147125,Roraima,605761,NA,NA,NA,NA,30,0,0,113,3,0
2020-04-16,Brazil,210147125,Roraima,605761,NA,NA,NA,NA,28,0,0,142,3,0
2020-04-18,Brazil,210147125,Roraima,605761,NA,NA,NA,NA,37,0,0,201,3,0
2020-04-20,Brazil,210147125,Roraima,605761,NA,NA,NA,NA,22,0,0,244,3,0
2020-04-22,Brazil,210147125,Roraima,605761,NA,NA,NA,NA,33,0,0,280,3,0
2020-04-24,Brazil,210147125,Roraima,605761,NA,NA,NA,NA,7,0,0,304,3,0
2020-04-26,Brazil,210147125,Roraima,605761,NA,NA,NA,NA,56,1,0,401,4,0
2020-04-28,Brazil,210147125,Roraima,605761,NA,NA,NA,NA,18,2,0,425,6,0
2020-04-30,Brazil,210147125,Roraima,605761,NA,NA,NA,NA,67,1,0,519,7,0
2020-05-02,Brazil,210147125,Roraima,605761,NA,NA,NA,NA,66,1,0,668,9,0
2020-05-04,Brazil,210147125,Roraima,605761,NA,NA,NA,NA,66,0,0,806,11,0
2020-05-06,Brazil,210147125,Roraima,605761,NA,NA,NA,NA,63,2,0,932,13,0
2020-05-08,Brazil,210147125,Roraima,605761,NA,NA,NA,NA,104,2,0,1124,16,0
2020-05-10,Brazil,210147125,Roraima,605761,NA,NA,NA,NA,88,3,0,1290,21,0
2020-05-12,Brazil,210147125,Roraima,605761,NA,NA,NA,NA,33,3,0,1328,27,0
2020-05-14,Brazil,210147125,Roraima,605761,NA,NA,NA,NA,89,8,0,1500,37,0
2020-05-16,Brazil,210147125,Roraima,605761,NA,NA,NA,NA,117,9,0,1706,49,0
2020-05-18,Brazil,210147125,Roraima,605761,NA,NA,NA,NA,85,9,0,1876,60,0
2020-05-20,Brazil,210147125,Roraima,605761,NA,NA,NA,NA,82,3,0,2067,64,0
2020-05-22,Brazil,210147125,Roraima,605761,NA,NA,NA,NA,160,11,0,2306,83,0
2020-05-24,Brazil,210147125,Roraima,605761,NA,NA,NA,NA,65,3,0,2439,84,0
2020-05-26,Brazil,210147125,Roraima,605761,NA,NA,NA,NA,69,16,0,2583,102,0
2020-05-28,Brazil,210147125,Roraima,605761,NA,NA,NA,NA,277,0,0,2959,102,0
2020-05-30,Brazil,210147125,Roraima,605761,NA,NA,NA,NA,201,2,0,3299,110,0
2020-06-01,Brazil,210147125,Roraima,605761,NA,NA,NA,NA,218,0,0,3692,116,0
2020-06-03,Brazil,210147125,Roraima,605761,NA,NA,NA,NA,293,4,0,4143,124,0
2020-06-05,Brazil,210147125,Roraima,605761,NA,NA,NA,NA,348,12,0,4831,139,0
2020-06-07,Brazil,210147125,Roraima,605761,NA,NA,NA,NA,291,3,0,5529,142,0
2020-06-09,Brazil,210147125,Roraima,605761,NA,NA,NA,NA,288,23,0,6056,168,0
2020-06-11,Brazil,210147125,Roraima,605761,NA,NA,NA,NA,247,6,0,6594,188,0
2020-06-13,Brazil,210147125,Roraima,605761,NA,NA,NA,NA,130,5,0,6842,197,0
2020-06-15,Brazil,210147125,Roraima,605761,NA,NA,NA,NA,6,3,0,6881,203,0
2020-06-17,Brazil,210147125,Roraima,605761,NA,NA,NA,NA,215,8,0,7150,224,0
2020-06-19,Brazil,210147125,Roraima,605761,NA,NA,NA,NA,229,8,0,7650,239,0
2020-06-21,Brazil,210147125,Roraima,605761,NA,NA,NA,NA,83,6,0,8120,251,0
2020-06-23,Brazil,210147125,Roraima,605761,NA,NA,NA,NA,2152,0,0,10340,250,0
2020-06-25,Brazil,210147125,Roraima,605761,NA,NA,NA,NA,1069,12,0,11872,271,0
2020-06-27,Brazil,210147125,Roraima,605761,NA,NA,NA,NA,167,8,0,13078,281,0
2020-06-29,Brazil,210147125,Roraima,605761,NA,NA,NA,NA,118,0,0,14459,281,0
2020-07-01,Brazil,210147125,Roraima,605761,NA,NA,NA,NA,512,31,0,15153,314,0
2020-07-03,Brazil,210147125,Roraima,605761,NA,NA,NA,NA,740,4,0,18323,358,0
2020-07-05,Brazil,210147125,Roraima,605761,NA,NA,NA,NA,153,4,0,18922,368,0
2020-07-07,Brazil,210147125,Roraima,605761,NA,NA,NA,NA,140,5,0,19088,376,0
2020-07-09,Brazil,210147125,Roraima,605761,NA,NA,NA,NA,870,7,0,20154,393,0
2020-07-11,Brazil,210147125,Roraima,605761,NA,NA,NA,NA,629,3,0,21849,396,0
2020-07-13,Brazil,210147125,Roraima,605761,NA,NA,NA,NA,402,1,0,22627,397,0
2020-07-15,Brazil,210147125,Roraima,605761,NA,NA,NA,NA,713,5,0,23681,403,0
2020-07-17,Brazil,210147125,Roraima,605761,NA,NA,NA,NA,610,10,0,25007,425,0
2020-07-19,Brazil,210147125,Roraima,605761,NA,NA,NA,NA,94,0,0,25467,429,0
2020-07-21,Brazil,210147125,Roraima,605761,NA,NA,NA,NA,299,4,0,25985,435,0
2020-07-23,Brazil,210147125,Roraima,605761,NA,NA,NA,NA,978,7,0,27932,458,0
2020-07-25,Brazil,210147125,Roraima,605761,NA,NA,NA,NA,520,8,0,29394,473,0
2020-07-27,Brazil,210147125,Roraima,605761,NA,NA,NA,NA,73,1,0,29902,474,0
2020-07-29,Brazil,210147125,Roraima,605761,NA,NA,NA,NA,680,14,0,30996,493,0
2020-07-31,Brazil,210147125,Roraima,605761,NA,NA,NA,NA,561,4,0,32016,505,0
2020-08-02,Brazil,210147125,Roraima,605761,NA,NA,NA,NA,0,0,0,32016,505,0
2020-08-04,Brazil,210147125,Roraima,605761,NA,NA,NA,NA,0,0,0,32016,505,0
2020-08-06,Brazil,210147125,Roraima,605761,NA,NA,NA,NA,633,6,0,34929,538,0
2020-08-08,Brazil,210147125,Roraima,605761,NA,NA,NA,NA,393,3,0,35933,547,0
2020-08-10,Brazil,210147125,Roraima,605761,NA,NA,NA,NA,62,0,0,36449,547,0
2020-08-12,Brazil,210147125,Roraima,605761,NA,NA,NA,NA,573,4,0,37579,555,0
2020-08-14,Brazil,210147125,Roraima,605761,NA,NA,NA,NA,627,4,0,38897,565,0
2020-02-25,Brazil,210147125,Santa Catarina,7164788,NA,NA,NA,NA,NA,NA,NA,0,0,0
2020-02-27,Brazil,210147125,Santa Catarina,7164788,NA,NA,NA,NA,0,0,0,0,0,0
2020-02-29,Brazil,210147125,Santa Catarina,7164788,NA,NA,NA,NA,0,0,0,0,0,0
2020-03-02,Brazil,210147125,Santa Catarina,7164788,NA,NA,NA,NA,0,0,0,0,0,0
2020-03-04,Brazil,210147125,Santa Catarina,7164788,NA,NA,NA,NA,0,0,0,0,0,0
2020-03-06,Brazil,210147125,Santa Catarina,7164788,NA,NA,NA,NA,0,0,0,0,0,0
2020-03-08,Brazil,210147125,Santa Catarina,7164788,NA,NA,NA,NA,0,0,0,0,0,0
2020-03-10,Brazil,210147125,Santa Catarina,7164788,NA,NA,NA,NA,0,0,0,0,0,0
2020-03-12,Brazil,210147125,Santa Catarina,7164788,NA,NA,NA,NA,0,0,0,0,0,0
2020-03-14,Brazil,210147125,Santa Catarina,7164788,NA,NA,NA,NA,2,0,0,4,0,0
2020-03-16,Brazil,210147125,Santa Catarina,7164788,NA,NA,NA,NA,1,0,0,7,0,0
2020-03-18,Brazil,210147125,Santa Catarina,7164788,NA,NA,NA,NA,3,0,0,10,0,0
2020-03-20,Brazil,210147125,Santa Catarina,7164788,NA,NA,NA,NA,1,0,0,21,0,0
2020-03-22,Brazil,210147125,Santa Catarina,7164788,NA,NA,NA,NA,6,0,0,57,0,0
2020-03-24,Brazil,210147125,Santa Catarina,7164788,NA,NA,NA,NA,39,0,0,107,0,0
2020-03-26,Brazil,210147125,Santa Catarina,7164788,NA,NA,NA,NA,13,1,0,122,1,0
2020-03-28,Brazil,210147125,Santa Catarina,7164788,NA,NA,NA,NA,35,0,0,184,2,0
2020-03-30,Brazil,210147125,Santa Catarina,7164788,NA,NA,NA,NA,3,0,0,197,1,0
2020-04-01,Brazil,210147125,Santa Catarina,7164788,NA,NA,NA,NA,16,0,0,235,2,0
2020-04-03,Brazil,210147125,Santa Catarina,7164788,NA,NA,NA,NA,34,3,0,281,5,0
2020-04-05,Brazil,210147125,Santa Catarina,7164788,NA,NA,NA,NA,23,5,0,357,10,0
2020-04-07,Brazil,210147125,Santa Catarina,7164788,NA,NA,NA,NA,38,1,0,417,11,0
2020-04-09,Brazil,210147125,Santa Catarina,7164788,NA,NA,NA,NA,44,2,0,501,17,0
2020-04-11,Brazil,210147125,Santa Catarina,7164788,NA,NA,NA,NA,39,3,0,732,21,0
2020-04-13,Brazil,210147125,Santa Catarina,7164788,NA,NA,NA,NA,9,0,0,777,24,0
2020-04-15,Brazil,210147125,Santa Catarina,7164788,NA,NA,NA,NA,27,2,0,853,28,0
2020-04-17,Brazil,210147125,Santa Catarina,7164788,NA,NA,NA,NA,42,1,0,926,30,0
2020-04-19,Brazil,210147125,Santa Catarina,7164788,NA,NA,NA,NA,13,1,0,975,32,0
2020-04-21,Brazil,210147125,Santa Catarina,7164788,NA,NA,NA,NA,38,0,0,1063,35,0
2020-04-23,Brazil,210147125,Santa Catarina,7164788,NA,NA,NA,NA,24,2,0,1115,39,0
2020-04-25,Brazil,210147125,Santa Catarina,7164788,NA,NA,NA,NA,39,0,0,1209,42,0
2020-04-27,Brazil,210147125,Santa Catarina,7164788,NA,NA,NA,NA,102,1,0,1337,43,0
2020-04-29,Brazil,210147125,Santa Catarina,7164788,NA,NA,NA,NA,519,0,0,1995,44,0
2020-05-01,Brazil,210147125,Santa Catarina,7164788,NA,NA,NA,NA,19,2,0,2104,48,0
2020-05-03,Brazil,210147125,Santa Catarina,7164788,NA,NA,NA,NA,0,0,0,2346,52,0
2020-05-05,Brazil,210147125,Santa Catarina,7164788,NA,NA,NA,NA,104,3,0,2623,55,0
2020-05-07,Brazil,210147125,Santa Catarina,7164788,NA,NA,NA,NA,165,4,0,3082,63,0
2020-05-09,Brazil,210147125,Santa Catarina,7164788,NA,NA,NA,NA,167,1,0,3372,64,0
2020-05-11,Brazil,210147125,Santa Catarina,7164788,NA,NA,NA,NA,100,4,0,3529,69,0
2020-05-13,Brazil,210147125,Santa Catarina,7164788,NA,NA,NA,NA,95,0,0,3828,73,0
2020-05-15,Brazil,210147125,Santa Catarina,7164788,NA,NA,NA,NA,230,1,0,4562,79,0
2020-05-17,Brazil,210147125,Santa Catarina,7164788,NA,NA,NA,NA,98,2,0,4776,83,0
2020-05-19,Brazil,210147125,Santa Catarina,7164788,NA,NA,NA,NA,238,6,0,5413,91,0
2020-05-21,Brazil,210147125,Santa Catarina,7164788,NA,NA,NA,NA,111,4,0,5610,98,0
2020-05-23,Brazil,210147125,Santa Catarina,7164788,NA,NA,NA,NA,149,3,0,6607,103,0
2020-05-25,Brazil,210147125,Santa Catarina,7164788,NA,NA,NA,NA,179,4,0,6875,109,0
2020-05-27,Brazil,210147125,Santa Catarina,7164788,NA,NA,NA,NA,356,5,0,7372,126,0
2020-05-29,Brazil,210147125,Santa Catarina,7164788,NA,NA,NA,NA,530,3,0,8530,134,0
2020-05-31,Brazil,210147125,Santa Catarina,7164788,NA,NA,NA,NA,259,7,0,9037,143,0
2020-06-02,Brazil,210147125,Santa Catarina,7164788,NA,NA,NA,NA,162,2,0,9660,148,0
2020-06-04,Brazil,210147125,Santa Catarina,7164788,NA,NA,NA,NA,498,4,0,10532,156,0
2020-06-06,Brazil,210147125,Santa Catarina,7164788,NA,NA,NA,NA,439,7,0,11285,166,0
2020-06-08,Brazil,210147125,Santa Catarina,7164788,NA,NA,NA,NA,0,0,0,11565,171,0
2020-06-10,Brazil,210147125,Santa Catarina,7164788,NA,NA,NA,NA,402,5,0,12594,184,0
2020-06-12,Brazil,210147125,Santa Catarina,7164788,NA,NA,NA,NA,212,5,0,13165,191,0
2020-06-14,Brazil,210147125,Santa Catarina,7164788,NA,NA,NA,NA,64,2,0,13360,195,0
2020-06-16,Brazil,210147125,Santa Catarina,7164788,NA,NA,NA,NA,442,13,0,14402,212,0
2020-06-18,Brazil,210147125,Santa Catarina,7164788,NA,NA,NA,NA,558,6,0,15573,222,0
2020-06-20,Brazil,210147125,Santa Catarina,7164788,NA,NA,NA,NA,786,3,0,17108,237,0
2020-06-22,Brazil,210147125,Santa Catarina,7164788,NA,NA,NA,NA,355,10,0,17937,256,0
2020-06-24,Brazil,210147125,Santa Catarina,7164788,NA,NA,NA,NA,1677,16,0,20921,279,0
2020-06-26,Brazil,210147125,Santa Catarina,7164788,NA,NA,NA,NA,996,9,0,22947,298,0
2020-06-28,Brazil,210147125,Santa Catarina,7164788,NA,NA,NA,NA,556,8,0,24364,312,0
2020-06-30,Brazil,210147125,Santa Catarina,7164788,NA,NA,NA,NA,1298,17,0,26354,341,0
2020-07-02,Brazil,210147125,Santa Catarina,7164788,NA,NA,NA,NA,1296,15,0,28575,362,0
2020-07-04,Brazil,210147125,Santa Catarina,7164788,NA,NA,NA,NA,1670,7,0,31931,383,0
2020-07-06,Brazil,210147125,Santa Catarina,7164788,NA,NA,NA,NA,853,13,0,33822,406,0
2020-07-08,Brazil,210147125,Santa Catarina,7164788,NA,NA,NA,NA,1468,13,0,36810,432,0
2020-07-10,Brazil,210147125,Santa Catarina,7164788,NA,NA,NA,NA,1698,12,0,40106,459,0
2020-07-12,Brazil,210147125,Santa Catarina,7164788,NA,NA,NA,NA,1005,12,0,43031,497,0
2020-07-14,Brazil,210147125,Santa Catarina,7164788,NA,NA,NA,NA,2235,17,0,46050,534,0
2020-07-16,Brazil,210147125,Santa Catarina,7164788,NA,NA,NA,NA,1805,19,0,49781,588,0
2020-07-18,Brazil,210147125,Santa Catarina,7164788,NA,NA,NA,NA,982,16,0,52531,662,0
2020-07-20,Brazil,210147125,Santa Catarina,7164788,NA,NA,NA,NA,1078,9,0,54414,694,0
2020-07-22,Brazil,210147125,Santa Catarina,7164788,NA,NA,NA,NA,3081,27,0,59556,765,0
2020-07-24,Brazil,210147125,Santa Catarina,7164788,NA,NA,NA,NA,2735,32,0,65017,844,0
2020-07-26,Brazil,210147125,Santa Catarina,7164788,NA,NA,NA,NA,1397,27,0,68730,907,0
2020-07-28,Brazil,210147125,Santa Catarina,7164788,NA,NA,NA,NA,3633,36,0,73771,960,0
2020-07-30,Brazil,210147125,Santa Catarina,7164788,NA,NA,NA,NA,3903,41,0,80904,1043,0
2020-08-01,Brazil,210147125,Santa Catarina,7164788,NA,NA,NA,NA,0,0,0,84073,1102,0
2020-08-03,Brazil,210147125,Santa Catarina,7164788,NA,NA,NA,NA,0,0,0,84073,1102,0
2020-08-05,Brazil,210147125,Santa Catarina,7164788,NA,NA,NA,NA,11337,204,0,95410,1306,0
2020-08-07,Brazil,210147125,Santa Catarina,7164788,NA,NA,NA,NA,2948,43,0,101582,1400,0
2020-08-09,Brazil,210147125,Santa Catarina,7164788,NA,NA,NA,NA,1186,26,0,105935,1445,0
2020-08-11,Brazil,210147125,Santa Catarina,7164788,NA,NA,NA,NA,2594,78,0,109522,1619,0
2020-08-13,Brazil,210147125,Santa Catarina,7164788,NA,NA,NA,NA,2631,59,0,115032,1696,0
2020-08-15,Brazil,210147125,Santa Catarina,7164788,NA,NA,NA,NA,1818,25,0,120001,1767,0
2020-02-26,Brazil,210147125,Sao Paulo,45919049,NA,NA,NA,NA,0,NA,NA,1,0,0
2020-02-28,Brazil,210147125,Sao Paulo,45919049,NA,NA,NA,NA,0,0,0,1,0,0
2020-03-01,Brazil,210147125,Sao Paulo,45919049,NA,NA,NA,NA,0,0,0,2,0,0
2020-03-03,Brazil,210147125,Sao Paulo,45919049,NA,NA,NA,NA,0,0,0,2,0,0
2020-03-05,Brazil,210147125,Sao Paulo,45919049,NA,NA,NA,NA,3,0,0,6,0,0
2020-03-07,Brazil,210147125,Sao Paulo,45919049,NA,NA,NA,NA,3,0,0,13,0,0
2020-03-09,Brazil,210147125,Sao Paulo,45919049,NA,NA,NA,NA,0,0,0,16,0,0
2020-03-11,Brazil,210147125,Sao Paulo,45919049,NA,NA,NA,NA,11,0,0,30,0,0
2020-03-13,Brazil,210147125,Sao Paulo,45919049,NA,NA,NA,NA,14,0,0,56,0,0
2020-03-15,Brazil,210147125,Sao Paulo,45919049,NA,NA,NA,NA,71,0,0,136,0,0
2020-03-17,Brazil,210147125,Sao Paulo,45919049,NA,NA,NA,NA,12,1,0,164,1,0
2020-03-19,Brazil,210147125,Sao Paulo,45919049,NA,NA,NA,NA,46,0,0,286,4,0
2020-03-21,Brazil,210147125,Sao Paulo,45919049,NA,NA,NA,NA,63,6,0,459,15,0
2020-03-23,Brazil,210147125,Sao Paulo,45919049,NA,NA,NA,NA,114,8,0,745,30,0
2020-03-25,Brazil,210147125,Sao Paulo,45919049,NA,NA,NA,NA,52,8,0,862,48,0
2020-03-27,Brazil,210147125,Sao Paulo,45919049,NA,NA,NA,NA,171,10,0,1223,68,0
2020-03-29,Brazil,210147125,Sao Paulo,45919049,NA,NA,NA,NA,45,14,0,1451,98,0
2020-03-31,Brazil,210147125,Sao Paulo,45919049,NA,NA,NA,NA,822,23,0,2339,136,0
2020-04-02,Brazil,210147125,Sao Paulo,45919049,NA,NA,NA,NA,525,24,0,3506,188,0
2020-04-04,Brazil,210147125,Sao Paulo,45919049,NA,NA,NA,NA,418,41,0,4466,260,0
2020-04-06,Brazil,210147125,Sao Paulo,45919049,NA,NA,NA,NA,246,29,0,4866,304,0
2020-04-08,Brazil,210147125,Sao Paulo,45919049,NA,NA,NA,NA,1026,57,0,6708,428,0
2020-04-10,Brazil,210147125,Sao Paulo,45919049,NA,NA,NA,NA,736,44,0,8216,540,0
2020-04-12,Brazil,210147125,Sao Paulo,45919049,NA,NA,NA,NA,336,28,0,8755,588,0
2020-04-14,Brazil,210147125,Sao Paulo,45919049,NA,NA,NA,NA,476,87,0,9371,695,0
2020-04-16,Brazil,210147125,Sao Paulo,45919049,NA,NA,NA,NA,525,75,0,11568,853,0
2020-04-18,Brazil,210147125,Sao Paulo,45919049,NA,NA,NA,NA,1053,63,0,13894,991,0
2020-04-20,Brazil,210147125,Sao Paulo,45919049,NA,NA,NA,NA,313,22,0,14580,1037,0
2020-04-22,Brazil,210147125,Sao Paulo,45919049,NA,NA,NA,NA,529,41,0,15914,1134,0
2020-04-24,Brazil,210147125,Sao Paulo,45919049,NA,NA,NA,NA,1086,167,0,17826,1512,0
2020-04-26,Brazil,210147125,Sao Paulo,45919049,NA,NA,NA,NA,711,33,0,20715,1700,0
2020-04-28,Brazil,210147125,Sao Paulo,45919049,NA,NA,NA,NA,2345,224,0,24041,2049,0
2020-04-30,Brazil,210147125,Sao Paulo,45919049,NA,NA,NA,NA,2540,128,0,28698,2375,0
2020-05-02,Brazil,210147125,Sao Paulo,45919049,NA,NA,NA,NA,800,75,0,31174,2586,0
2020-05-04,Brazil,210147125,Sao Paulo,45919049,NA,NA,NA,NA,415,27,0,32187,2654,0
2020-05-06,Brazil,210147125,Sao Paulo,45919049,NA,NA,NA,NA,3800,194,0,37853,3045,0
2020-05-08,Brazil,210147125,Sao Paulo,45919049,NA,NA,NA,NA,1902,210,0,41830,3416,0
2020-05-10,Brazil,210147125,Sao Paulo,45919049,NA,NA,NA,NA,1033,101,0,45444,3709,0
2020-05-12,Brazil,210147125,Sao Paulo,45919049,NA,NA,NA,NA,1588,206,0,47719,3949,0
2020-05-14,Brazil,210147125,Sao Paulo,45919049,NA,NA,NA,NA,3189,197,0,54286,4315,0
2020-05-16,Brazil,210147125,Sao Paulo,45919049,NA,NA,NA,NA,2805,187,0,61183,4688,0
2020-05-18,Brazil,210147125,Sao Paulo,45919049,NA,NA,NA,NA,721,41,0,63066,4823,0
2020-05-20,Brazil,210147125,Sao Paulo,45919049,NA,NA,NA,NA,3864,216,0,69859,5363,0
2020-05-22,Brazil,210147125,Sao Paulo,45919049,NA,NA,NA,NA,3132,215,0,76871,5773,0
2020-05-24,Brazil,210147125,Sao Paulo,45919049,NA,NA,NA,NA,1603,118,0,82161,6163,0
2020-05-26,Brazil,210147125,Sao Paulo,45919049,NA,NA,NA,NA,2392,203,0,86017,6423,0
2020-05-28,Brazil,210147125,Sao Paulo,45919049,NA,NA,NA,NA,6382,268,0,95865,6980,0
2020-05-30,Brazil,210147125,Sao Paulo,45919049,NA,NA,NA,NA,5586,257,0,107142,7532,0
2020-06-01,Brazil,210147125,Sao Paulo,45919049,NA,NA,NA,NA,1598,52,0,111296,7667,0
2020-06-03,Brazil,210147125,Sao Paulo,45919049,NA,NA,NA,NA,5188,282,0,123483,8276,0
2020-06-05,Brazil,210147125,Sao Paulo,45919049,NA,NA,NA,NA,5365,282,0,134565,8842,0
2020-06-07,Brazil,210147125,Sao Paulo,45919049,NA,NA,NA,NA,2524,87,0,143073,9145,0
2020-06-09,Brazil,210147125,Sao Paulo,45919049,NA,NA,NA,NA,5545,334,0,150138,9522,0
2020-06-11,Brazil,210147125,Sao Paulo,45919049,NA,NA,NA,NA,6204,283,0,162520,10145,0
2020-06-13,Brazil,210147125,Sao Paulo,45919049,NA,NA,NA,NA,4975,213,0,172875,10581,0
2020-06-15,Brazil,210147125,Sao Paulo,45919049,NA,NA,NA,NA,3258,73,0,181460,10767,0
2020-06-17,Brazil,210147125,Sao Paulo,45919049,NA,NA,NA,NA,1232,389,0,191517,11521,0
2020-06-19,Brazil,210147125,Sao Paulo,45919049,NA,NA,NA,NA,19030,386,0,211658,12232,0
2020-06-21,Brazil,210147125,Sao Paulo,45919049,NA,NA,NA,NA,3392,94,0,219185,12588,0
2020-06-23,Brazil,210147125,Sao Paulo,45919049,NA,NA,NA,NA,7502,434,0,229475,13068,0
2020-06-25,Brazil,210147125,Sao Paulo,45919049,NA,NA,NA,NA,9765,407,0,248587,13759,0
2020-06-27,Brazil,210147125,Sao Paulo,45919049,NA,NA,NA,NA,7073,297,0,265581,14263,0
2020-06-29,Brazil,210147125,Sao Paulo,45919049,NA,NA,NA,NA,3408,60,0,275145,14398,0
2020-07-01,Brazil,210147125,Sao Paulo,45919049,NA,NA,NA,NA,8555,267,0,289935,15030,0
2020-07-03,Brazil,210147125,Sao Paulo,45919049,NA,NA,NA,NA,8523,343,0,310702,15694,0
2020-07-05,Brazil,210147125,Sao Paulo,45919049,NA,NA,NA,NA,7649,82,0,320179,16078,0
2020-07-07,Brazil,210147125,Sao Paulo,45919049,NA,NA,NA,NA,9638,341,0,332708,16475,0
2020-07-09,Brazil,210147125,Sao Paulo,45919049,NA,NA,NA,NA,8350,330,0,349715,17118,0
2020-07-11,Brazil,210147125,Sao Paulo,45919049,NA,NA,NA,NA,7780,260,0,366890,17702,0
2020-07-13,Brazil,210147125,Sao Paulo,45919049,NA,NA,NA,NA,2610,59,0,374607,17907,0
2020-07-15,Brazil,210147125,Sao Paulo,45919049,NA,NA,NA,NA,6569,316,0,393176,18640,0
2020-07-17,Brazil,210147125,Sao Paulo,45919049,NA,NA,NA,NA,5367,339,0,407415,19377,0
2020-07-19,Brazil,210147125,Sao Paulo,45919049,NA,NA,NA,NA,3022,85,0,415049,19732,0
2020-07-21,Brazil,210147125,Sao Paulo,45919049,NA,NA,NA,NA,6235,383,0,422669,20171,0
2020-07-23,Brazil,210147125,Sao Paulo,45919049,NA,NA,NA,NA,12561,362,0,452007,20894,0
2020-07-25,Brazil,210147125,Sao Paulo,45919049,NA,NA,NA,NA,16263,311,0,479481,21517,0
2020-07-27,Brazil,210147125,Sao Paulo,45919049,NA,NA,NA,NA,3672,70,0,487654,21676,0
2020-07-29,Brazil,210147125,Sao Paulo,45919049,NA,NA,NA,NA,26543,713,0,514197,22389,0
2020-07-31,Brazil,210147125,Sao Paulo,45919049,NA,NA,NA,NA,13298,287,0,542304,22997,0
2020-08-02,Brazil,210147125,Sao Paulo,45919049,NA,NA,NA,NA,0,0,0,542304,22997,0
2020-08-04,Brazil,210147125,Sao Paulo,45919049,NA,NA,NA,NA,0,0,0,542304,22997,0
2020-08-06,Brazil,210147125,Sao Paulo,45919049,NA,NA,NA,NA,13405,339,0,598670,24448,0
2020-08-08,Brazil,210147125,Sao Paulo,45919049,NA,NA,NA,NA,13352,281,0,621731,25016,0
2020-08-10,Brazil,210147125,Sao Paulo,45919049,NA,NA,NA,NA,1289,37,0,628415,25151,0
2020-08-12,Brazil,210147125,Sao Paulo,45919049,NA,NA,NA,NA,15619,298,0,655181,25869,0
2020-08-14,Brazil,210147125,Sao Paulo,45919049,NA,NA,NA,NA,11667,289,0,686122,26613,0
2020-02-25,Brazil,210147125,Sergipe,2298696,NA,NA,NA,NA,NA,NA,NA,0,0,0
2020-02-27,Brazil,210147125,Sergipe,2298696,NA,NA,NA,NA,0,0,0,0,0,0
2020-02-29,Brazil,210147125,Sergipe,2298696,NA,NA,NA,NA,0,0,0,0,0,0
2020-03-02,Brazil,210147125,Sergipe,2298696,NA,NA,NA,NA,0,0,0,0,0,0
2020-03-04,Brazil,210147125,Sergipe,2298696,NA,NA,NA,NA,0,0,0,0,0,0
2020-03-06,Brazil,210147125,Sergipe,2298696,NA,NA,NA,NA,0,0,0,0,0,0
2020-03-08,Brazil,210147125,Sergipe,2298696,NA,NA,NA,NA,0,0,0,0,0,0
2020-03-10,Brazil,210147125,Sergipe,2298696,NA,NA,NA,NA,0,0,0,0,0,0
2020-03-12,Brazil,210147125,Sergipe,2298696,NA,NA,NA,NA,0,0,0,0,0,0
2020-03-14,Brazil,210147125,Sergipe,2298696,NA,NA,NA,NA,0,0,0,0,0,0
2020-03-16,Brazil,210147125,Sergipe,2298696,NA,NA,NA,NA,0,0,0,1,0,0
2020-03-18,Brazil,210147125,Sergipe,2298696,NA,NA,NA,NA,1,0,0,5,0,0
2020-03-20,Brazil,210147125,Sergipe,2298696,NA,NA,NA,NA,0,0,0,6,0,0
2020-03-22,Brazil,210147125,Sergipe,2298696,NA,NA,NA,NA,0,0,0,10,0,0
2020-03-24,Brazil,210147125,Sergipe,2298696,NA,NA,NA,NA,5,0,0,15,0,0
2020-03-26,Brazil,210147125,Sergipe,2298696,NA,NA,NA,NA,0,0,0,16,0,0
2020-03-28,Brazil,210147125,Sergipe,2298696,NA,NA,NA,NA,0,0,0,16,0,0
2020-03-30,Brazil,210147125,Sergipe,2298696,NA,NA,NA,NA,0,0,0,16,0,0
2020-04-01,Brazil,210147125,Sergipe,2298696,NA,NA,NA,NA,1,0,0,20,0,0
2020-04-03,Brazil,210147125,Sergipe,2298696,NA,NA,NA,NA,2,0,0,25,2,0
2020-04-05,Brazil,210147125,Sergipe,2298696,NA,NA,NA,NA,5,1,0,32,3,0
2020-04-07,Brazil,210147125,Sergipe,2298696,NA,NA,NA,NA,4,0,0,36,4,0
2020-04-09,Brazil,210147125,Sergipe,2298696,NA,NA,NA,NA,3,0,0,39,4,0
2020-04-11,Brazil,210147125,Sergipe,2298696,NA,NA,NA,NA,0,0,0,42,4,0
2020-04-13,Brazil,210147125,Sergipe,2298696,NA,NA,NA,NA,0,0,0,44,4,0
2020-04-15,Brazil,210147125,Sergipe,2298696,NA,NA,NA,NA,1,0,0,46,4,0
2020-04-17,Brazil,210147125,Sergipe,2298696,NA,NA,NA,NA,5,0,0,53,4,0
2020-04-19,Brazil,210147125,Sergipe,2298696,NA,NA,NA,NA,12,0,0,83,5,0
2020-04-21,Brazil,210147125,Sergipe,2298696,NA,NA,NA,NA,6,0,0,92,5,0
2020-04-23,Brazil,210147125,Sergipe,2298696,NA,NA,NA,NA,7,1,0,124,8,0
2020-04-25,Brazil,210147125,Sergipe,2298696,NA,NA,NA,NA,9,1,0,153,9,0
2020-04-27,Brazil,210147125,Sergipe,2298696,NA,NA,NA,NA,38,1,0,197,10,0
2020-04-29,Brazil,210147125,Sergipe,2298696,NA,NA,NA,NA,57,1,0,337,12,0
2020-05-01,Brazil,210147125,Sergipe,2298696,NA,NA,NA,NA,70,2,0,517,14,0
2020-05-03,Brazil,210147125,Sergipe,2298696,NA,NA,NA,NA,129,0,0,730,14,0
2020-05-05,Brazil,210147125,Sergipe,2298696,NA,NA,NA,NA,126,4,0,898,21,0
2020-05-07,Brazil,210147125,Sergipe,2298696,NA,NA,NA,NA,216,2,0,1214,25,0
2020-05-09,Brazil,210147125,Sergipe,2298696,NA,NA,NA,NA,150,5,0,1588,33,0
2020-05-11,Brazil,210147125,Sergipe,2298696,NA,NA,NA,NA,29,3,0,1800,37,0
2020-05-13,Brazil,210147125,Sergipe,2298696,NA,NA,NA,NA,236,5,0,2268,42,0
2020-05-15,Brazil,210147125,Sergipe,2298696,NA,NA,NA,NA,374,3,0,2868,50,0
2020-05-17,Brazil,210147125,Sergipe,2298696,NA,NA,NA,NA,208,4,0,3343,57,0
2020-05-19,Brazil,210147125,Sergipe,2298696,NA,NA,NA,NA,401,4,0,3967,63,0
2020-05-21,Brazil,210147125,Sergipe,2298696,NA,NA,NA,NA,457,7,0,4734,76,0
2020-05-23,Brazil,210147125,Sergipe,2298696,NA,NA,NA,NA,209,4,0,5131,86,0
2020-05-25,Brazil,210147125,Sergipe,2298696,NA,NA,NA,NA,134,10,0,5448,103,0
2020-05-27,Brazil,210147125,Sergipe,2298696,NA,NA,NA,NA,177,11,0,5912,127,0
2020-05-29,Brazil,210147125,Sergipe,2298696,NA,NA,NA,NA,306,7,0,6462,142,0
2020-05-31,Brazil,210147125,Sergipe,2298696,NA,NA,NA,NA,194,9,0,6999,158,0
2020-06-02,Brazil,210147125,Sergipe,2298696,NA,NA,NA,NA,322,6,0,7555,172,0
2020-06-04,Brazil,210147125,Sergipe,2298696,NA,NA,NA,NA,211,6,0,8200,186,0
2020-06-06,Brazil,210147125,Sergipe,2298696,NA,NA,NA,NA,395,10,0,8972,208,0
2020-06-08,Brazil,210147125,Sergipe,2298696,NA,NA,NA,NA,437,17,0,9727,234,0
2020-06-10,Brazil,210147125,Sergipe,2298696,NA,NA,NA,NA,489,12,0,10615,264,0
2020-06-12,Brazil,210147125,Sergipe,2298696,NA,NA,NA,NA,478,22,0,11534,305,0
2020-06-14,Brazil,210147125,Sergipe,2298696,NA,NA,NA,NA,1102,14,0,13968,330,0
2020-06-16,Brazil,210147125,Sergipe,2298696,NA,NA,NA,NA,635,12,0,16310,364,0
2020-06-18,Brazil,210147125,Sergipe,2298696,NA,NA,NA,NA,531,17,0,17338,400,0
2020-06-20,Brazil,210147125,Sergipe,2298696,NA,NA,NA,NA,641,22,0,18449,448,0
2020-06-22,Brazil,210147125,Sergipe,2298696,NA,NA,NA,NA,399,29,0,19384,491,0
2020-06-24,Brazil,210147125,Sergipe,2298696,NA,NA,NA,NA,470,13,0,20353,524,0
2020-06-26,Brazil,210147125,Sergipe,2298696,NA,NA,NA,NA,827,25,0,21908,579,0
2020-06-28,Brazil,210147125,Sergipe,2298696,NA,NA,NA,NA,1102,15,0,24421,620,0
2020-06-30,Brazil,210147125,Sergipe,2298696,NA,NA,NA,NA,594,23,0,25411,676,0
2020-07-02,Brazil,210147125,Sergipe,2298696,NA,NA,NA,NA,697,24,0,26612,725,0
2020-07-04,Brazil,210147125,Sergipe,2298696,NA,NA,NA,NA,1575,19,0,29761,783,0
2020-07-06,Brazil,210147125,Sergipe,2298696,NA,NA,NA,NA,501,28,0,30718,826,0
2020-07-08,Brazil,210147125,Sergipe,2298696,NA,NA,NA,NA,850,24,0,32490,875,0
2020-07-10,Brazil,210147125,Sergipe,2298696,NA,NA,NA,NA,1297,30,0,34713,931,0
2020-07-12,Brazil,210147125,Sergipe,2298696,NA,NA,NA,NA,1585,30,0,37631,984,0
2020-07-14,Brazil,210147125,Sergipe,2298696,NA,NA,NA,NA,946,21,0,39167,1033,0
2020-07-16,Brazil,210147125,Sergipe,2298696,NA,NA,NA,NA,1087,17,0,41226,1071,0
2020-07-18,Brazil,210147125,Sergipe,2298696,NA,NA,NA,NA,1184,23,0,43072,1111,0
2020-07-20,Brazil,210147125,Sergipe,2298696,NA,NA,NA,NA,816,31,0,46059,1156,0
2020-07-22,Brazil,210147125,Sergipe,2298696,NA,NA,NA,NA,1030,29,0,48140,1211,0
2020-07-24,Brazil,210147125,Sergipe,2298696,NA,NA,NA,NA,1735,37,0,51132,1284,0
2020-07-26,Brazil,210147125,Sergipe,2298696,NA,NA,NA,NA,339,11,0,52603,1314,0
2020-07-28,Brazil,210147125,Sergipe,2298696,NA,NA,NA,NA,1397,19,0,55009,1359,0
2020-07-30,Brazil,210147125,Sergipe,2298696,NA,NA,NA,NA,1470,18,0,57684,1408,0
2020-08-01,Brazil,210147125,Sergipe,2298696,NA,NA,NA,NA,0,0,0,58713,1434,0
2020-08-03,Brazil,210147125,Sergipe,2298696,NA,NA,NA,NA,0,0,0,58713,1434,0
2020-08-05,Brazil,210147125,Sergipe,2298696,NA,NA,NA,NA,3273,91,0,61986,1525,0
2020-08-07,Brazil,210147125,Sergipe,2298696,NA,NA,NA,NA,884,21,0,63728,1558,0
2020-08-09,Brazil,210147125,Sergipe,2298696,NA,NA,NA,NA,422,12,0,64693,1589,0
2020-08-11,Brazil,210147125,Sergipe,2298696,NA,NA,NA,NA,481,19,0,65455,1633,0
2020-08-13,Brazil,210147125,Sergipe,2298696,NA,NA,NA,NA,945,17,0,66810,1670,0
2020-08-15,Brazil,210147125,Sergipe,2298696,NA,NA,NA,NA,476,12,0,67701,1696,0
2020-02-26,Brazil,210147125,Tocantins,1572866,NA,NA,NA,NA,0,NA,NA,0,0,0
2020-02-28,Brazil,210147125,Tocantins,1572866,NA,NA,NA,NA,0,0,0,0,0,0
2020-03-01,Brazil,210147125,Tocantins,1572866,NA,NA,NA,NA,0,0,0,0,0,0
2020-03-03,Brazil,210147125,Tocantins,1572866,NA,NA,NA,NA,0,0,0,0,0,0
2020-03-05,Brazil,210147125,Tocantins,1572866,NA,NA,NA,NA,0,0,0,0,0,0
2020-03-07,Brazil,210147125,Tocantins,1572866,NA,NA,NA,NA,0,0,0,0,0,0
2020-03-09,Brazil,210147125,Tocantins,1572866,NA,NA,NA,NA,0,0,0,0,0,0
2020-03-11,Brazil,210147125,Tocantins,1572866,NA,NA,NA,NA,0,0,0,0,0,0
2020-03-13,Brazil,210147125,Tocantins,1572866,NA,NA,NA,NA,0,0,0,0,0,0
2020-03-15,Brazil,210147125,Tocantins,1572866,NA,NA,NA,NA,0,0,0,0,0,0
2020-03-17,Brazil,210147125,Tocantins,1572866,NA,NA,NA,NA,0,0,0,0,0,0
2020-03-19,Brazil,210147125,Tocantins,1572866,NA,NA,NA,NA,1,0,0,1,0,0
2020-03-21,Brazil,210147125,Tocantins,1572866,NA,NA,NA,NA,1,0,0,2,0,0
2020-03-23,Brazil,210147125,Tocantins,1572866,NA,NA,NA,NA,3,0,0,5,0,0
2020-03-25,Brazil,210147125,Tocantins,1572866,NA,NA,NA,NA,0,0,0,7,0,0
2020-03-27,Brazil,210147125,Tocantins,1572866,NA,NA,NA,NA,1,0,0,8,0,0
2020-03-29,Brazil,210147125,Tocantins,1572866,NA,NA,NA,NA,0,0,0,9,0,0
2020-03-31,Brazil,210147125,Tocantins,1572866,NA,NA,NA,NA,1,0,0,11,0,0
2020-04-02,Brazil,210147125,Tocantins,1572866,NA,NA,NA,NA,0,0,0,12,0,0
2020-04-04,Brazil,210147125,Tocantins,1572866,NA,NA,NA,NA,2,0,0,14,0,0
2020-04-06,Brazil,210147125,Tocantins,1572866,NA,NA,NA,NA,0,0,0,17,0,0
2020-04-08,Brazil,210147125,Tocantins,1572866,NA,NA,NA,NA,4,0,0,23,0,0
2020-04-10,Brazil,210147125,Tocantins,1572866,NA,NA,NA,NA,0,0,0,23,0,0
2020-04-12,Brazil,210147125,Tocantins,1572866,NA,NA,NA,NA,2,0,0,25,0,0
2020-04-14,Brazil,210147125,Tocantins,1572866,NA,NA,NA,NA,0,0,0,26,0,0
2020-04-16,Brazil,210147125,Tocantins,1572866,NA,NA,NA,NA,3,0,0,29,1,0
2020-04-18,Brazil,210147125,Tocantins,1572866,NA,NA,NA,NA,2,0,0,33,1,0
2020-04-20,Brazil,210147125,Tocantins,1572866,NA,NA,NA,NA,1,0,0,34,1,0
2020-04-22,Brazil,210147125,Tocantins,1572866,NA,NA,NA,NA,0,0,0,37,1,0
2020-04-24,Brazil,210147125,Tocantins,1572866,NA,NA,NA,NA,6,0,0,43,2,0
2020-04-26,Brazil,210147125,Tocantins,1572866,NA,NA,NA,NA,8,0,0,58,2,0
2020-04-28,Brazil,210147125,Tocantins,1572866,NA,NA,NA,NA,12,0,0,79,2,0
2020-04-30,Brazil,210147125,Tocantins,1572866,NA,NA,NA,NA,21,0,0,137,3,0
2020-05-02,Brazil,210147125,Tocantins,1572866,NA,NA,NA,NA,27,1,0,191,4,0
2020-05-04,Brazil,210147125,Tocantins,1572866,NA,NA,NA,NA,21,2,0,267,6,0
2020-05-06,Brazil,210147125,Tocantins,1572866,NA,NA,NA,NA,48,2,0,351,9,0
2020-05-08,Brazil,210147125,Tocantins,1572866,NA,NA,NA,NA,71,0,0,494,9,0
2020-05-10,Brazil,210147125,Tocantins,1572866,NA,NA,NA,NA,116,2,0,688,11,0
2020-05-12,Brazil,210147125,Tocantins,1572866,NA,NA,NA,NA,81,2,0,828,14,0
2020-05-14,Brazil,210147125,Tocantins,1572866,NA,NA,NA,NA,97,2,0,1029,23,0
2020-05-16,Brazil,210147125,Tocantins,1572866,NA,NA,NA,NA,100,3,0,1279,27,0
2020-05-18,Brazil,210147125,Tocantins,1572866,NA,NA,NA,NA,114,1,0,1496,32,0
2020-05-20,Brazil,210147125,Tocantins,1572866,NA,NA,NA,NA,163,4,0,1809,42,0
2020-05-22,Brazil,210147125,Tocantins,1572866,NA,NA,NA,NA,229,2,0,2205,49,0
2020-05-24,Brazil,210147125,Tocantins,1572866,NA,NA,NA,NA,161,1,0,2591,52,0
2020-05-26,Brazil,210147125,Tocantins,1572866,NA,NA,NA,NA,162,6,0,2858,64,0
2020-05-28,Brazil,210147125,Tocantins,1572866,NA,NA,NA,NA,254,3,0,3277,68,0
2020-05-30,Brazil,210147125,Tocantins,1572866,NA,NA,NA,NA,370,1,0,3981,71,0
2020-06-01,Brazil,210147125,Tocantins,1572866,NA,NA,NA,NA,169,3,0,4345,76,0
2020-06-03,Brazil,210147125,Tocantins,1572866,NA,NA,NA,NA,215,3,0,4698,82,0
2020-06-05,Brazil,210147125,Tocantins,1572866,NA,NA,NA,NA,301,2,0,5182,89,0
2020-06-07,Brazil,210147125,Tocantins,1572866,NA,NA,NA,NA,139,3,0,5644,99,0
2020-06-09,Brazil,210147125,Tocantins,1572866,NA,NA,NA,NA,245,6,0,6052,114,0
2020-06-11,Brazil,210147125,Tocantins,1572866,NA,NA,NA,NA,272,4,0,6529,124,0
2020-06-13,Brazil,210147125,Tocantins,1572866,NA,NA,NA,NA,187,2,0,6931,130,0
2020-06-15,Brazil,210147125,Tocantins,1572866,NA,NA,NA,NA,165,4,0,7137,136,0
2020-06-17,Brazil,210147125,Tocantins,1572866,NA,NA,NA,NA,264,9,0,7573,149,0
2020-06-19,Brazil,210147125,Tocantins,1572866,NA,NA,NA,NA,182,7,0,7956,159,0
2020-06-21,Brazil,210147125,Tocantins,1572866,NA,NA,NA,NA,151,8,0,8354,175,0
2020-06-23,Brazil,210147125,Tocantins,1572866,NA,NA,NA,NA,289,1,0,8766,179,0
2020-06-25,Brazil,210147125,Tocantins,1572866,NA,NA,NA,NA,327,2,0,9425,183,0
2020-06-27,Brazil,210147125,Tocantins,1572866,NA,NA,NA,NA,285,5,0,9966,191,0
2020-06-29,Brazil,210147125,Tocantins,1572866,NA,NA,NA,NA,131,3,0,10359,195,0
2020-07-01,Brazil,210147125,Tocantins,1572866,NA,NA,NA,NA,458,4,0,11222,204,0
2020-07-03,Brazil,210147125,Tocantins,1572866,NA,NA,NA,NA,282,2,0,11736,211,0
2020-07-05,Brazil,210147125,Tocantins,1572866,NA,NA,NA,NA,193,5,0,12475,220,0
2020-07-07,Brazil,210147125,Tocantins,1572866,NA,NA,NA,NA,364,4,0,13004,228,0
2020-07-09,Brazil,210147125,Tocantins,1572866,NA,NA,NA,NA,405,7,0,13845,240,0
2020-07-11,Brazil,210147125,Tocantins,1572866,NA,NA,NA,NA,430,6,0,14939,251,0
2020-07-13,Brazil,210147125,Tocantins,1572866,NA,NA,NA,NA,175,4,0,15307,259,0
2020-07-15,Brazil,210147125,Tocantins,1572866,NA,NA,NA,NA,308,4,0,16031,271,0
2020-07-17,Brazil,210147125,Tocantins,1572866,NA,NA,NA,NA,282,5,0,16954,283,0
2020-07-19,Brazil,210147125,Tocantins,1572866,NA,NA,NA,NA,564,6,0,17773,294,0
2020-07-21,Brazil,210147125,Tocantins,1572866,NA,NA,NA,NA,456,9,0,18354,308,0
2020-07-23,Brazil,210147125,Tocantins,1572866,NA,NA,NA,NA,573,11,0,19423,326,0
2020-07-25,Brazil,210147125,Tocantins,1572866,NA,NA,NA,NA,955,6,0,20920,340,0
2020-07-27,Brazil,210147125,Tocantins,1572866,NA,NA,NA,NA,339,4,0,22106,350,0
2020-07-29,Brazil,210147125,Tocantins,1572866,NA,NA,NA,NA,666,7,0,23517,364,0
2020-07-31,Brazil,210147125,Tocantins,1572866,NA,NA,NA,NA,546,13,0,24824,381,0
2020-08-02,Brazil,210147125,Tocantins,1572866,NA,NA,NA,NA,0,0,0,24824,381,0
2020-08-04,Brazil,210147125,Tocantins,1572866,NA,NA,NA,NA,0,0,0,24824,381,0
2020-08-06,Brazil,210147125,Tocantins,1572866,NA,NA,NA,NA,1227,13,0,29539,428,0
2020-08-08,Brazil,210147125,Tocantins,1572866,NA,NA,NA,NA,745,7,0,31103,444,0
2020-08-10,Brazil,210147125,Tocantins,1572866,NA,NA,NA,NA,626,10,0,32289,461,0
2020-08-12,Brazil,210147125,Tocantins,1572866,NA,NA,NA,NA,719,8,0,33766,482,0
2020-08-14,Brazil,210147125,Tocantins,1572866,NA,NA,NA,NA,994,7,0,35403,500,0
2020-02-26,Colombia,48258134,Amazonas,76589,NA,NA,NA,NA,NA,NA,NA,0,0,0
2020-02-28,Colombia,48258134,Amazonas,76589,NA,NA,NA,NA,0,0,0,0,0,0
2020-03-01,Colombia,48258134,Amazonas,76589,NA,NA,NA,NA,0,0,0,0,0,0
2020-03-03,Colombia,48258134,Amazonas,76589,NA,NA,NA,NA,0,0,0,0,0,0
2020-03-05,Colombia,48258134,Amazonas,76589,NA,NA,NA,NA,0,0,0,0,0,0
2020-03-07,Colombia,48258134,Amazonas,76589,NA,NA,NA,NA,0,0,0,0,0,0
2020-03-09,Colombia,48258134,Amazonas,76589,NA,NA,NA,NA,0,0,0,0,0,0
2020-03-11,Colombia,48258134,Amazonas,76589,NA,NA,NA,NA,0,0,0,0,0,0
2020-03-13,Colombia,48258134,Amazonas,76589,NA,NA,NA,NA,0,0,0,0,0,0
2020-03-15,Colombia,48258134,Amazonas,76589,NA,NA,NA,NA,0,0,0,0,0,0
2020-03-17,Colombia,48258134,Amazonas,76589,NA,NA,NA,NA,0,0,0,0,0,0
2020-03-19,Colombia,48258134,Amazonas,76589,NA,NA,NA,NA,0,0,0,0,0,0
2020-03-21,Colombia,48258134,Amazonas,76589,NA,NA,NA,NA,0,0,0,0,0,0
2020-03-23,Colombia,48258134,Amazonas,76589,NA,NA,NA,NA,0,0,0,0,0,0
2020-03-25,Colombia,48258134,Amazonas,76589,NA,NA,NA,NA,0,0,0,0,0,0
2020-03-27,Colombia,48258134,Amazonas,76589,NA,NA,NA,NA,0,0,0,0,0,0
2020-03-29,Colombia,48258134,Amazonas,76589,NA,NA,NA,NA,0,0,0,0,0,0
2020-03-31,Colombia,48258134,Amazonas,76589,NA,NA,NA,NA,0,0,0,0,0,0
2020-04-02,Colombia,48258134,Amazonas,76589,NA,NA,NA,NA,0,0,0,0,0,0
2020-04-04,Colombia,48258134,Amazonas,76589,NA,NA,NA,NA,0,0,0,0,0,0
2020-04-06,Colombia,48258134,Amazonas,76589,NA,NA,NA,NA,0,0,0,0,0,0
2020-04-08,Colombia,48258134,Amazonas,76589,NA,NA,NA,NA,0,0,0,0,0,0
2020-04-10,Colombia,48258134,Amazonas,76589,NA,NA,NA,NA,0,0,0,0,0,0
2020-04-12,Colombia,48258134,Amazonas,76589,NA,NA,NA,NA,0,0,0,0,0,0
2020-04-14,Colombia,48258134,Amazonas,76589,NA,NA,NA,NA,0,0,0,0,0,0
2020-04-16,Colombia,48258134,Amazonas,76589,NA,NA,NA,NA,0,0,0,0,0,0
2020-04-18,Colombia,48258134,Amazonas,76589,NA,NA,NA,NA,3,0,0,4,0,0
2020-04-20,Colombia,48258134,Amazonas,76589,NA,NA,NA,NA,0,1,0,4,2,0
2020-04-22,Colombia,48258134,Amazonas,76589,NA,NA,NA,NA,0,0,0,6,2,0
2020-04-24,Colombia,48258134,Amazonas,76589,NA,NA,NA,NA,2,1,0,14,4,0
2020-04-26,Colombia,48258134,Amazonas,76589,NA,NA,NA,NA,3,1,0,40,5,0
2020-04-28,Colombia,48258134,Amazonas,76589,NA,NA,NA,NA,37,2,0,77,7,0
2020-04-30,Colombia,48258134,Amazonas,76589,NA,NA,NA,NA,0,5,0,104,15,0
2020-05-02,Colombia,48258134,Amazonas,76589,NA,NA,NA,NA,31,1,0,136,16,0
2020-05-04,Colombia,48258134,Amazonas,76589,NA,NA,NA,NA,47,0,0,229,16,0
2020-05-06,Colombia,48258134,Amazonas,76589,NA,NA,NA,NA,0,5,0,230,24,0
2020-05-08,Colombia,48258134,Amazonas,76589,NA,NA,NA,NA,12,2,0,430,34,0
2020-05-10,Colombia,48258134,Amazonas,76589,NA,NA,NA,NA,94,0,0,527,34,0
2020-05-12,Colombia,48258134,Amazonas,76589,NA,NA,NA,NA,25,1,0,743,37,0
2020-05-14,Colombia,48258134,Amazonas,76589,NA,NA,NA,NA,53,2,0,924,43,0
2020-05-16,Colombia,48258134,Amazonas,76589,NA,NA,NA,NA,1,0,0,1004,43,0
2020-05-18,Colombia,48258134,Amazonas,76589,NA,NA,NA,NA,176,4,0,1183,48,0
2020-05-20,Colombia,48258134,Amazonas,76589,NA,NA,NA,NA,91,0,0,1312,49,0
2020-05-22,Colombia,48258134,Amazonas,76589,NA,NA,NA,NA,1,6,0,1386,55,0
2020-05-24,Colombia,48258134,Amazonas,76589,NA,NA,NA,NA,62,1,0,1450,56,0
2020-05-26,Colombia,48258134,Amazonas,76589,NA,NA,NA,NA,29,2,0,1534,58,0
2020-05-28,Colombia,48258134,Amazonas,76589,NA,NA,NA,NA,39,0,0,1762,59,0
2020-05-30,Colombia,48258134,Amazonas,76589,NA,NA,NA,NA,34,1,0,1834,65,0
2020-06-01,Colombia,48258134,Amazonas,76589,NA,NA,NA,NA,0,0,0,1850,65,0
2020-06-03,Colombia,48258134,Amazonas,76589,NA,NA,NA,NA,46,3,0,1900,70,0
2020-06-05,Colombia,48258134,Amazonas,76589,NA,NA,NA,NA,54,1,0,1954,71,0
2020-06-07,Colombia,48258134,Amazonas,76589,NA,NA,NA,NA,12,3,0,1992,74,0
2020-06-09,Colombia,48258134,Amazonas,76589,NA,NA,NA,NA,4,0,0,2033,74,0
2020-06-11,Colombia,48258134,Amazonas,76589,NA,NA,NA,NA,9,0,0,2075,76,0
2020-06-13,Colombia,48258134,Amazonas,76589,NA,NA,NA,NA,20,0,0,2111,78,0
2020-06-15,Colombia,48258134,Amazonas,76589,NA,NA,NA,NA,5,0,0,2131,79,0
2020-06-17,Colombia,48258134,Amazonas,76589,NA,NA,NA,NA,8,0,0,2179,79,0
2020-06-19,Colombia,48258134,Amazonas,76589,NA,NA,NA,NA,8,0,0,2192,88,0
2020-06-21,Colombia,48258134,Amazonas,76589,NA,NA,NA,NA,12,0,0,2204,88,0
2020-06-23,Colombia,48258134,Amazonas,76589,NA,NA,NA,NA,7,1,0,2211,89,0
2020-06-25,Colombia,48258134,Amazonas,76589,NA,NA,NA,NA,8,0,0,2228,89,0
2020-06-27,Colombia,48258134,Amazonas,76589,NA,NA,NA,NA,11,0,0,2252,89,0
2020-06-29,Colombia,48258134,Amazonas,76589,NA,NA,NA,NA,18,0,0,2277,90,0
2020-07-01,Colombia,48258134,Amazonas,76589,NA,NA,NA,NA,19,0,0,2319,90,0
2020-07-03,Colombia,48258134,Amazonas,76589,NA,NA,NA,NA,3,0,0,2328,90,0
2020-07-05,Colombia,48258134,Amazonas,76589,NA,NA,NA,NA,29,10,0,2364,100,0
2020-07-07,Colombia,48258134,Amazonas,76589,NA,NA,NA,NA,7,0,0,2391,101,0
2020-07-09,Colombia,48258134,Amazonas,76589,NA,NA,NA,NA,5,0,0,2399,101,0
2020-07-11,Colombia,48258134,Amazonas,76589,NA,NA,NA,NA,5,0,0,2411,101,0
2020-07-13,Colombia,48258134,Amazonas,76589,NA,NA,NA,NA,9,0,0,2428,101,0
2020-07-15,Colombia,48258134,Amazonas,76589,NA,NA,NA,NA,0,0,0,2434,101,0
2020-07-17,Colombia,48258134,Amazonas,76589,NA,NA,NA,NA,2,0,0,2446,101,0
2020-07-19,Colombia,48258134,Amazonas,76589,NA,NA,NA,NA,0,0,0,2455,101,0
2020-07-21,Colombia,48258134,Amazonas,76589,NA,NA,NA,NA,0,0,0,2459,101,0
2020-07-23,Colombia,48258134,Amazonas,76589,NA,NA,NA,NA,4,0,0,2471,101,0
2020-07-25,Colombia,48258134,Amazonas,76589,NA,NA,NA,NA,18,0,0,2498,101,0
2020-07-27,Colombia,48258134,Amazonas,76589,NA,NA,NA,NA,3,0,0,2507,101,0
2020-07-29,Colombia,48258134,Amazonas,76589,NA,NA,NA,NA,1,0,0,2508,101,0
2020-07-31,Colombia,48258134,Amazonas,76589,NA,NA,NA,NA,0,0,0,2510,101,0
2020-08-02,Colombia,48258134,Amazonas,76589,NA,NA,NA,NA,2,0,0,2513,101,0
2020-08-04,Colombia,48258134,Amazonas,76589,NA,NA,NA,NA,0,0,0,2513,101,0
2020-08-06,Colombia,48258134,Amazonas,76589,NA,NA,NA,NA,13,0,0,2537,101,0
2020-08-08,Colombia,48258134,Amazonas,76589,NA,NA,NA,NA,19,0,0,2584,101,0
2020-08-10,Colombia,48258134,Amazonas,76589,NA,NA,NA,NA,16,0,0,2615,101,0
2020-08-12,Colombia,48258134,Amazonas,76589,NA,NA,NA,NA,13,0,0,2639,101,0
2020-08-14,Colombia,48258134,Amazonas,76589,NA,NA,NA,NA,6,8,0,2649,109,0
2020-02-25,Colombia,48258134,Antioquia,6407102,NA,NA,NA,NA,NA,NA,NA,0,0,0
2020-02-27,Colombia,48258134,Antioquia,6407102,NA,NA,NA,NA,0,0,0,0,0,0
2020-02-29,Colombia,48258134,Antioquia,6407102,NA,NA,NA,NA,0,0,0,0,0,0
2020-03-02,Colombia,48258134,Antioquia,6407102,NA,NA,NA,NA,0,0,0,0,0,0
2020-03-04,Colombia,48258134,Antioquia,6407102,NA,NA,NA,NA,0,0,0,0,0,0
2020-03-06,Colombia,48258134,Antioquia,6407102,NA,NA,NA,NA,0,0,0,0,0,0
2020-03-08,Colombia,48258134,Antioquia,6407102,NA,NA,NA,NA,0,0,0,0,0,0
2020-03-10,Colombia,48258134,Antioquia,6407102,NA,NA,NA,NA,0,0,0,1,0,0
2020-03-12,Colombia,48258134,Antioquia,6407102,NA,NA,NA,NA,0,0,0,4,0,0
2020-03-14,Colombia,48258134,Antioquia,6407102,NA,NA,NA,NA,3,0,0,7,0,0
2020-03-16,Colombia,48258134,Antioquia,6407102,NA,NA,NA,NA,0,0,0,8,0,0
2020-03-18,Colombia,48258134,Antioquia,6407102,NA,NA,NA,NA,0,0,0,8,0,0
2020-03-20,Colombia,48258134,Antioquia,6407102,NA,NA,NA,NA,11,0,0,22,0,0
2020-03-22,Colombia,48258134,Antioquia,6407102,NA,NA,NA,NA,5,0,0,30,0,0
2020-03-24,Colombia,48258134,Antioquia,6407102,NA,NA,NA,NA,0,0,0,52,0,2
2020-03-26,Colombia,48258134,Antioquia,6407102,NA,NA,NA,NA,0,0,0,60,0,2
2020-03-28,Colombia,48258134,Antioquia,6407102,NA,NA,NA,NA,7,0,0,67,0,2
2020-03-30,Colombia,48258134,Antioquia,6407102,NA,NA,NA,NA,10,0,0,96,0,2
2020-04-01,Colombia,48258134,Antioquia,6407102,NA,NA,NA,NA,6,0,2,107,0,5
2020-04-03,Colombia,48258134,Antioquia,6407102,NA,NA,NA,NA,18,1,0,145,1,7
2020-04-05,Colombia,48258134,Antioquia,6407102,NA,NA,NA,NA,22,0,0,172,1,7
2020-04-07,Colombia,48258134,Antioquia,6407102,NA,NA,NA,NA,15,0,5,198,1,12
2020-04-09,Colombia,48258134,Antioquia,6407102,NA,NA,NA,NA,4,0,8,239,1,20
2020-04-11,Colombia,48258134,Antioquia,6407102,NA,NA,NA,NA,6,0,0,252,1,20
2020-04-13,Colombia,48258134,Antioquia,6407102,NA,NA,NA,NA,13,0,0,273,1,20
2020-04-15,Colombia,48258134,Antioquia,6407102,NA,NA,NA,NA,12,0,0,302,1,20
2020-04-17,Colombia,48258134,Antioquia,6407102,NA,NA,NA,NA,16,0,0,325,1,20
2020-04-19,Colombia,48258134,Antioquia,6407102,NA,NA,NA,NA,18,0,0,352,3,20
2020-04-21,Colombia,48258134,Antioquia,6407102,NA,NA,NA,NA,3,0,0,366,3,20
2020-04-23,Colombia,48258134,Antioquia,6407102,NA,NA,NA,NA,23,0,0,401,3,20
2020-04-25,Colombia,48258134,Antioquia,6407102,NA,NA,NA,NA,2,0,0,409,4,20
2020-04-27,Colombia,48258134,Antioquia,6407102,NA,NA,NA,NA,8,1,0,420,5,20
2020-04-29,Colombia,48258134,Antioquia,6407102,NA,NA,NA,NA,5,0,0,428,5,20
2020-05-01,Colombia,48258134,Antioquia,6407102,NA,NA,NA,NA,3,0,0,435,5,20
2020-05-03,Colombia,48258134,Antioquia,6407102,NA,NA,NA,NA,7,0,0,443,6,20
2020-05-05,Colombia,48258134,Antioquia,6407102,NA,NA,NA,NA,3,0,0,451,6,20
2020-05-07,Colombia,48258134,Antioquia,6407102,NA,NA,NA,NA,4,0,0,460,6,20
2020-05-09,Colombia,48258134,Antioquia,6407102,NA,NA,NA,NA,2,0,0,466,6,20
2020-05-11,Colombia,48258134,Antioquia,6407102,NA,NA,NA,NA,6,0,0,474,6,20
2020-05-13,Colombia,48258134,Antioquia,6407102,NA,NA,NA,NA,10,0,0,491,6,20
2020-05-15,Colombia,48258134,Antioquia,6407102,NA,NA,NA,NA,8,0,0,509,6,20
2020-05-17,Colombia,48258134,Antioquia,6407102,NA,NA,NA,NA,16,0,0,534,6,20
2020-05-19,Colombia,48258134,Antioquia,6407102,NA,NA,NA,NA,18,0,0,561,6,20
2020-05-21,Colombia,48258134,Antioquia,6407102,NA,NA,NA,NA,14,0,0,587,6,20
2020-05-23,Colombia,48258134,Antioquia,6407102,NA,NA,NA,NA,61,0,0,677,6,20
2020-05-25,Colombia,48258134,Antioquia,6407102,NA,NA,NA,NA,141,0,0,861,6,20
2020-05-27,Colombia,48258134,Antioquia,6407102,NA,NA,NA,NA,25,0,0,957,6,20
2020-05-29,Colombia,48258134,Antioquia,6407102,NA,NA,NA,NA,19,0,0,1024,6,20
2020-05-31,Colombia,48258134,Antioquia,6407102,NA,NA,NA,NA,44,0,0,1103,6,20
2020-06-02,Colombia,48258134,Antioquia,6407102,NA,NA,NA,NA,29,0,0,1200,6,20
2020-06-04,Colombia,48258134,Antioquia,6407102,NA,NA,NA,NA,68,0,0,1328,6,20
2020-06-06,Colombia,48258134,Antioquia,6407102,NA,NA,NA,NA,91,0,0,1451,6,20
2020-06-08,Colombia,48258134,Antioquia,6407102,NA,NA,NA,NA,55,0,0,1573,6,20
2020-06-10,Colombia,48258134,Antioquia,6407102,NA,NA,NA,NA,56,0,0,1703,6,20
2020-06-12,Colombia,48258134,Antioquia,6407102,NA,NA,NA,NA,51,0,0,1781,9,20
2020-06-14,Colombia,48258134,Antioquia,6407102,NA,NA,NA,NA,137,1,0,2019,10,20
2020-06-16,Colombia,48258134,Antioquia,6407102,NA,NA,NA,NA,126,0,0,2272,11,20
2020-06-18,Colombia,48258134,Antioquia,6407102,NA,NA,NA,NA,128,0,0,2494,14,20
2020-06-20,Colombia,48258134,Antioquia,6407102,NA,NA,NA,NA,98,1,0,2752,15,20
2020-06-22,Colombia,48258134,Antioquia,6407102,NA,NA,NA,NA,87,2,0,3010,19,20
2020-06-24,Colombia,48258134,Antioquia,6407102,NA,NA,NA,NA,142,4,0,3242,24,20
2020-06-26,Colombia,48258134,Antioquia,6407102,NA,NA,NA,NA,190,1,0,3653,25,20
2020-06-28,Colombia,48258134,Antioquia,6407102,NA,NA,NA,NA,218,0,0,4089,25,20
2020-06-30,Colombia,48258134,Antioquia,6407102,NA,NA,NA,NA,210,0,0,4430,26,20
2020-07-02,Colombia,48258134,Antioquia,6407102,NA,NA,NA,NA,319,6,0,4978,49,20
2020-07-04,Colombia,48258134,Antioquia,6407102,NA,NA,NA,NA,412,3,0,5673,58,20
2020-07-06,Colombia,48258134,Antioquia,6407102,NA,NA,NA,NA,397,7,0,6384,71,20
2020-07-08,Colombia,48258134,Antioquia,6407102,NA,NA,NA,NA,474,7,0,7246,80,20
2020-07-10,Colombia,48258134,Antioquia,6407102,NA,NA,NA,NA,626,15,0,8451,112,20
2020-07-12,Colombia,48258134,Antioquia,6407102,NA,NA,NA,NA,507,25,0,9251,153,20
2020-07-14,Colombia,48258134,Antioquia,6407102,NA,NA,NA,NA,991,17,0,10571,196,20
2020-07-16,Colombia,48258134,Antioquia,6407102,NA,NA,NA,NA,933,24,0,12279,234,20
2020-07-18,Colombia,48258134,Antioquia,6407102,NA,NA,NA,NA,1354,16,0,14685,269,20
2020-07-20,Colombia,48258134,Antioquia,6407102,NA,NA,NA,NA,1194,16,0,16838,312,20
2020-07-22,Colombia,48258134,Antioquia,6407102,NA,NA,NA,NA,1060,20,0,19748,363,20
2020-07-24,Colombia,48258134,Antioquia,6407102,NA,NA,NA,NA,1310,25,0,21920,410,20
2020-07-26,Colombia,48258134,Antioquia,6407102,NA,NA,NA,NA,1109,24,0,24142,451,20
2020-07-28,Colombia,48258134,Antioquia,6407102,NA,NA,NA,NA,1108,27,0,27227,495,20
2020-07-30,Colombia,48258134,Antioquia,6407102,NA,NA,NA,NA,1843,40,0,30687,555,20
2020-08-01,Colombia,48258134,Antioquia,6407102,NA,NA,NA,NA,2987,76,0,35747,637,20
2020-08-03,Colombia,48258134,Antioquia,6407102,NA,NA,NA,NA,2902,60,0,40930,726,20
2020-08-05,Colombia,48258134,Antioquia,6407102,NA,NA,NA,NA,1393,68,0,43374,828,20
2020-08-07,Colombia,48258134,Antioquia,6407102,NA,NA,NA,NA,2104,40,0,46837,891,20
2020-08-09,Colombia,48258134,Antioquia,6407102,NA,NA,NA,NA,1604,61,0,49945,996,20
2020-08-11,Colombia,48258134,Antioquia,6407102,NA,NA,NA,NA,1674,44,0,54090,1065,20
2020-08-13,Colombia,48258134,Antioquia,6407102,NA,NA,NA,NA,1614,54,0,57360,1164,20
2020-08-15,Colombia,48258134,Antioquia,6407102,NA,NA,NA,NA,1751,4,0,60873,1186,20
2020-02-26,Colombia,48258134,Arauca,262174,NA,NA,NA,NA,NA,NA,NA,0,0,0
2020-02-28,Colombia,48258134,Arauca,262174,NA,NA,NA,NA,0,0,0,0,0,0
2020-03-01,Colombia,48258134,Arauca,262174,NA,NA,NA,NA,0,0,0,0,0,0
2020-03-03,Colombia,48258134,Arauca,262174,NA,NA,NA,NA,0,0,0,0,0,0
2020-03-05,Colombia,48258134,Arauca,262174,NA,NA,NA,NA,0,0,0,0,0,0
2020-03-07,Colombia,48258134,Arauca,262174,NA,NA,NA,NA,0,0,0,0,0,0
2020-03-09,Colombia,48258134,Arauca,262174,NA,NA,NA,NA,0,0,0,0,0,0
2020-03-11,Colombia,48258134,Arauca,262174,NA,NA,NA,NA,0,0,0,0,0,0
2020-03-13,Colombia,48258134,Arauca,262174,NA,NA,NA,NA,0,0,0,0,0,0
2020-03-15,Colombia,48258134,Arauca,262174,NA,NA,NA,NA,0,0,0,0,0,0
2020-03-17,Colombia,48258134,Arauca,262174,NA,NA,NA,NA,0,0,0,0,0,0
2020-03-19,Colombia,48258134,Arauca,262174,NA,NA,NA,NA,0,0,0,0,0,0
2020-03-21,Colombia,48258134,Arauca,262174,NA,NA,NA,NA,0,0,0,0,0,0
2020-03-23,Colombia,48258134,Arauca,262174,NA,NA,NA,NA,0,0,0,0,0,0
2020-03-25,Colombia,48258134,Arauca,262174,NA,NA,NA,NA,0,0,0,0,0,0
2020-03-27,Colombia,48258134,Arauca,262174,NA,NA,NA,NA,0,0,0,0,0,0
2020-03-29,Colombia,48258134,Arauca,262174,NA,NA,NA,NA,0,0,0,0,0,0
2020-03-31,Colombia,48258134,Arauca,262174,NA,NA,NA,NA,0,0,0,0,0,0
2020-04-02,Colombia,48258134,Arauca,262174,NA,NA,NA,NA,0,0,0,0,0,0
2020-04-04,Colombia,48258134,Arauca,262174,NA,NA,NA,NA,0,0,0,0,0,0
2020-04-06,Colombia,48258134,Arauca,262174,NA,NA,NA,NA,0,0,0,0,0,0
2020-04-08,Colombia,48258134,Arauca,262174,NA,NA,NA,NA,0,0,0,0,0,0
2020-04-10,Colombia,48258134,Arauca,262174,NA,NA,NA,NA,0,0,0,0,0,0
2020-04-12,Colombia,48258134,Arauca,262174,NA,NA,NA,NA,0,0,0,0,0,0
2020-04-14,Colombia,48258134,Arauca,262174,NA,NA,NA,NA,0,0,0,0,0,0
2020-04-16,Colombia,48258134,Arauca,262174,NA,NA,NA,NA,0,0,0,0,0,0
2020-04-18,Colombia,48258134,Arauca,262174,NA,NA,NA,NA,0,0,0,0,0,0
2020-04-20,Colombia,48258134,Arauca,262174,NA,NA,NA,NA,0,0,0,0,0,0
2020-04-22,Colombia,48258134,Arauca,262174,NA,NA,NA,NA,0,0,0,0,0,0
2020-04-24,Colombia,48258134,Arauca,262174,NA,NA,NA,NA,0,0,0,0,0,0
2020-04-26,Colombia,48258134,Arauca,262174,NA,NA,NA,NA,0,0,0,0,0,0
2020-04-28,Colombia,48258134,Arauca,262174,NA,NA,NA,NA,0,0,0,0,0,0
2020-04-30,Colombia,48258134,Arauca,262174,NA,NA,NA,NA,0,0,0,0,0,0
2020-05-02,Colombia,48258134,Arauca,262174,NA,NA,NA,NA,0,0,0,0,0,0
2020-05-04,Colombia,48258134,Arauca,262174,NA,NA,NA,NA,0,0,0,0,0,0
2020-05-06,Colombia,48258134,Arauca,262174,NA,NA,NA,NA,0,0,0,0,0,0
2020-05-08,Colombia,48258134,Arauca,262174,NA,NA,NA,NA,0,0,0,0,0,0
2020-05-10,Colombia,48258134,Arauca,262174,NA,NA,NA,NA,0,0,0,0,0,0
2020-05-12,Colombia,48258134,Arauca,262174,NA,NA,NA,NA,1,0,0,1,0,0
2020-05-14,Colombia,48258134,Arauca,262174,NA,NA,NA,NA,0,0,0,1,0,0
2020-05-16,Colombia,48258134,Arauca,262174,NA,NA,NA,NA,0,0,0,1,0,0
2020-05-18,Colombia,48258134,Arauca,262174,NA,NA,NA,NA,0,0,0,1,0,0
2020-05-20,Colombia,48258134,Arauca,262174,NA,NA,NA,NA,0,0,0,1,0,0
2020-05-22,Colombia,48258134,Arauca,262174,NA,NA,NA,NA,0,0,0,1,0,0
2020-05-24,Colombia,48258134,Arauca,262174,NA,NA,NA,NA,0,0,0,1,0,0
2020-05-26,Colombia,48258134,Arauca,262174,NA,NA,NA,NA,0,0,0,1,0,0
2020-05-28,Colombia,48258134,Arauca,262174,NA,NA,NA,NA,0,0,0,1,0,0
2020-05-30,Colombia,48258134,Arauca,262174,NA,NA,NA,NA,0,0,0,1,0,0
2020-06-01,Colombia,48258134,Arauca,262174,NA,NA,NA,NA,0,0,0,1,0,0
2020-06-03,Colombia,48258134,Arauca,262174,NA,NA,NA,NA,0,0,0,1,0,0
2020-06-05,Colombia,48258134,Arauca,262174,NA,NA,NA,NA,0,0,0,2,0,0
2020-06-07,Colombia,48258134,Arauca,262174,NA,NA,NA,NA,0,0,0,2,0,0
2020-06-09,Colombia,48258134,Arauca,262174,NA,NA,NA,NA,0,0,0,2,0,0
2020-06-11,Colombia,48258134,Arauca,262174,NA,NA,NA,NA,0,0,0,2,0,0
2020-06-13,Colombia,48258134,Arauca,262174,NA,NA,NA,NA,1,0,0,4,0,0
2020-06-15,Colombia,48258134,Arauca,262174,NA,NA,NA,NA,41,0,0,46,0,0
2020-06-17,Colombia,48258134,Arauca,262174,NA,NA,NA,NA,0,0,0,46,0,0
2020-06-19,Colombia,48258134,Arauca,262174,NA,NA,NA,NA,2,0,0,53,0,0
2020-06-21,Colombia,48258134,Arauca,262174,NA,NA,NA,NA,6,0,0,61,0,0
2020-06-23,Colombia,48258134,Arauca,262174,NA,NA,NA,NA,2,0,0,72,0,0
2020-06-25,Colombia,48258134,Arauca,262174,NA,NA,NA,NA,0,0,0,76,0,0
2020-06-27,Colombia,48258134,Arauca,262174,NA,NA,NA,NA,0,0,0,76,0,0
2020-06-29,Colombia,48258134,Arauca,262174,NA,NA,NA,NA,0,0,0,76,0,0
2020-07-01,Colombia,48258134,Arauca,262174,NA,NA,NA,NA,4,0,0,80,0,0
2020-07-03,Colombia,48258134,Arauca,262174,NA,NA,NA,NA,0,0,0,82,0,0
2020-07-05,Colombia,48258134,Arauca,262174,NA,NA,NA,NA,0,0,0,96,0,0
2020-07-07,Colombia,48258134,Arauca,262174,NA,NA,NA,NA,33,0,0,129,0,0
2020-07-09,Colombia,48258134,Arauca,262174,NA,NA,NA,NA,6,0,0,135,0,0
2020-07-11,Colombia,48258134,Arauca,262174,NA,NA,NA,NA,0,0,0,141,0,0
2020-07-13,Colombia,48258134,Arauca,262174,NA,NA,NA,NA,6,0,0,147,0,0
2020-07-15,Colombia,48258134,Arauca,262174,NA,NA,NA,NA,13,0,0,160,0,0
2020-07-17,Colombia,48258134,Arauca,262174,NA,NA,NA,NA,0,0,0,161,0,0
2020-07-19,Colombia,48258134,Arauca,262174,NA,NA,NA,NA,4,0,0,165,0,0
2020-07-21,Colombia,48258134,Arauca,262174,NA,NA,NA,NA,1,0,0,171,1,0
2020-07-23,Colombia,48258134,Arauca,262174,NA,NA,NA,NA,1,1,0,174,2,0
2020-07-25,Colombia,48258134,Arauca,262174,NA,NA,NA,NA,7,0,0,181,3,0
2020-07-27,Colombia,48258134,Arauca,262174,NA,NA,NA,NA,0,0,0,181,3,0
2020-07-29,Colombia,48258134,Arauca,262174,NA,NA,NA,NA,17,0,0,200,3,0
2020-07-31,Colombia,48258134,Arauca,262174,NA,NA,NA,NA,11,0,0,213,3,0
2020-08-02,Colombia,48258134,Arauca,262174,NA,NA,NA,NA,20,2,0,239,5,0
2020-08-04,Colombia,48258134,Arauca,262174,NA,NA,NA,NA,2,0,0,248,5,0
2020-08-06,Colombia,48258134,Arauca,262174,NA,NA,NA,NA,54,0,0,305,5,0
2020-08-08,Colombia,48258134,Arauca,262174,NA,NA,NA,NA,4,0,0,335,5,0
2020-08-10,Colombia,48258134,Arauca,262174,NA,NA,NA,NA,5,0,0,495,5,0
2020-08-12,Colombia,48258134,Arauca,262174,NA,NA,NA,NA,2,0,0,511,5,0
2020-08-14,Colombia,48258134,Arauca,262174,NA,NA,NA,NA,6,0,0,556,10,0
2020-02-25,Colombia,48258134,Atlantico,2535517,NA,NA,NA,NA,NA,NA,NA,0,0,0
2020-02-27,Colombia,48258134,Atlantico,2535517,NA,NA,NA,NA,0,0,0,0,0,0
2020-02-29,Colombia,48258134,Atlantico,2535517,NA,NA,NA,NA,0,0,0,0,0,0
2020-03-02,Colombia,48258134,Atlantico,2535517,NA,NA,NA,NA,0,0,0,0,0,0
2020-03-04,Colombia,48258134,Atlantico,2535517,NA,NA,NA,NA,0,0,0,0,0,0
2020-03-06,Colombia,48258134,Atlantico,2535517,NA,NA,NA,NA,0,0,0,0,0,0
2020-03-08,Colombia,48258134,Atlantico,2535517,NA,NA,NA,NA,0,0,0,0,0,0
2020-03-10,Colombia,48258134,Atlantico,2535517,NA,NA,NA,NA,0,0,0,0,0,0
2020-03-12,Colombia,48258134,Atlantico,2535517,NA,NA,NA,NA,0,0,0,0,0,0
2020-03-14,Colombia,48258134,Atlantico,2535517,NA,NA,NA,NA,0,0,0,0,0,0
2020-03-16,Colombia,48258134,Atlantico,2535517,NA,NA,NA,NA,2,0,0,2,0,0
2020-03-18,Colombia,48258134,Atlantico,2535517,NA,NA,NA,NA,0,0,0,2,0,0
2020-03-20,Colombia,48258134,Atlantico,2535517,NA,NA,NA,NA,0,0,0,5,0,0
2020-03-22,Colombia,48258134,Atlantico,2535517,NA,NA,NA,NA,0,0,0,7,0,0
2020-03-24,Colombia,48258134,Atlantico,2535517,NA,NA,NA,NA,2,0,0,9,0,0
2020-03-26,Colombia,48258134,Atlantico,2535517,NA,NA,NA,NA,0,0,0,13,0,0
2020-03-28,Colombia,48258134,Atlantico,2535517,NA,NA,NA,NA,4,0,0,20,1,0
2020-03-30,Colombia,48258134,Atlantico,2535517,NA,NA,NA,NA,1,0,0,25,1,0
2020-04-01,Colombia,48258134,Atlantico,2535517,NA,NA,NA,NA,2,0,1,35,1,1
2020-04-03,Colombia,48258134,Atlantico,2535517,NA,NA,NA,NA,12,2,0,47,4,4
2020-04-05,Colombia,48258134,Atlantico,2535517,NA,NA,NA,NA,4,0,1,51,4,5
2020-04-07,Colombia,48258134,Atlantico,2535517,NA,NA,NA,NA,8,0,0,60,4,5
2020-04-09,Colombia,48258134,Atlantico,2535517,NA,NA,NA,NA,6,1,6,73,5,11
2020-04-11,Colombia,48258134,Atlantico,2535517,NA,NA,NA,NA,5,0,0,84,5,12
2020-04-13,Colombia,48258134,Atlantico,2535517,NA,NA,NA,NA,3,0,0,92,5,12
2020-04-15,Colombia,48258134,Atlantico,2535517,NA,NA,NA,NA,1,0,0,95,5,12
2020-04-17,Colombia,48258134,Atlantico,2535517,NA,NA,NA,NA,3,0,0,100,5,12
2020-04-19,Colombia,48258134,Atlantico,2535517,NA,NA,NA,NA,2,0,0,108,5,12
2020-04-21,Colombia,48258134,Atlantico,2535517,NA,NA,NA,NA,4,0,0,115,6,12
2020-04-23,Colombia,48258134,Atlantico,2535517,NA,NA,NA,NA,7,0,0,125,7,12
2020-04-25,Colombia,48258134,Atlantico,2535517,NA,NA,NA,NA,22,3,0,156,11,12
2020-04-27,Colombia,48258134,Atlantico,2535517,NA,NA,NA,NA,42,1,0,218,13,12
2020-04-29,Colombia,48258134,Atlantico,2535517,NA,NA,NA,NA,17,2,0,253,15,12
2020-05-01,Colombia,48258134,Atlantico,2535517,NA,NA,NA,NA,54,3,0,363,23,12
2020-05-03,Colombia,48258134,Atlantico,2535517,NA,NA,NA,NA,77,3,0,491,33,12
2020-05-05,Colombia,48258134,Atlantico,2535517,NA,NA,NA,NA,110,5,0,640,39,12
2020-05-07,Colombia,48258134,Atlantico,2535517,NA,NA,NA,NA,81,2,0,759,44,12
2020-05-09,Colombia,48258134,Atlantico,2535517,NA,NA,NA,NA,40,1,0,907,48,12
2020-05-11,Colombia,48258134,Atlantico,2535517,NA,NA,NA,NA,52,2,0,1022,51,12
2020-05-13,Colombia,48258134,Atlantico,2535517,NA,NA,NA,NA,144,1,0,1268,54,12
2020-05-15,Colombia,48258134,Atlantico,2535517,NA,NA,NA,NA,110,2,0,1493,57,12
2020-05-17,Colombia,48258134,Atlantico,2535517,NA,NA,NA,NA,186,1,0,1746,59,12
2020-05-19,Colombia,48258134,Atlantico,2535517,NA,NA,NA,NA,96,0,0,1923,60,12
2020-05-21,Colombia,48258134,Atlantico,2535517,NA,NA,NA,NA,142,1,0,2189,62,12
2020-05-23,Colombia,48258134,Atlantico,2535517,NA,NA,NA,NA,232,3,0,2603,77,12
2020-05-25,Colombia,48258134,Atlantico,2535517,NA,NA,NA,NA,80,0,0,2853,77,12
2020-05-27,Colombia,48258134,Atlantico,2535517,NA,NA,NA,NA,96,1,0,3115,82,12
2020-05-29,Colombia,48258134,Atlantico,2535517,NA,NA,NA,NA,144,4,0,3425,129,12
2020-05-31,Colombia,48258134,Atlantico,2535517,NA,NA,NA,NA,199,4,0,3932,144,12
2020-06-02,Colombia,48258134,Atlantico,2535517,NA,NA,NA,NA,434,7,0,4551,158,12
2020-06-04,Colombia,48258134,Atlantico,2535517,NA,NA,NA,NA,646,3,0,5403,169,12
2020-06-06,Colombia,48258134,Atlantico,2535517,NA,NA,NA,NA,290,15,0,6142,212,12
2020-06-08,Colombia,48258134,Atlantico,2535517,NA,NA,NA,NA,262,9,0,6761,292,12
2020-06-10,Colombia,48258134,Atlantico,2535517,NA,NA,NA,NA,406,18,0,7503,338,12
2020-06-12,Colombia,48258134,Atlantico,2535517,NA,NA,NA,NA,665,24,0,8598,410,12
2020-06-14,Colombia,48258134,Atlantico,2535517,NA,NA,NA,NA,761,14,0,9842,474,12
2020-06-16,Colombia,48258134,Atlantico,2535517,NA,NA,NA,NA,542,152,0,11428,635,12
2020-06-18,Colombia,48258134,Atlantico,2535517,NA,NA,NA,NA,924,41,0,13154,812,12
2020-06-20,Colombia,48258134,Atlantico,2535517,NA,NA,NA,NA,879,27,0,14764,874,12
2020-06-22,Colombia,48258134,Atlantico,2535517,NA,NA,NA,NA,752,29,0,16239,934,12
2020-06-24,Colombia,48258134,Atlantico,2535517,NA,NA,NA,NA,1091,18,0,17971,975,12
2020-06-26,Colombia,48258134,Atlantico,2535517,NA,NA,NA,NA,1654,9,0,20245,1001,12
2020-06-28,Colombia,48258134,Atlantico,2535517,NA,NA,NA,NA,858,46,0,22050,1168,12
2020-06-30,Colombia,48258134,Atlantico,2535517,NA,NA,NA,NA,580,0,0,23361,1177,12
2020-07-02,Colombia,48258134,Atlantico,2535517,NA,NA,NA,NA,969,56,0,25183,1661,12
2020-07-04,Colombia,48258134,Atlantico,2535517,NA,NA,NA,NA,619,41,0,26409,1754,12
2020-07-06,Colombia,48258134,Atlantico,2535517,NA,NA,NA,NA,668,46,0,27923,1836,12
2020-07-08,Colombia,48258134,Atlantico,2535517,NA,NA,NA,NA,839,43,0,29574,1930,12
2020-07-10,Colombia,48258134,Atlantico,2535517,NA,NA,NA,NA,1267,33,0,31886,1996,12
2020-07-12,Colombia,48258134,Atlantico,2535517,NA,NA,NA,NA,1063,153,0,33702,2173,12
2020-07-14,Colombia,48258134,Atlantico,2535517,NA,NA,NA,NA,1064,31,0,35651,2242,12
2020-07-16,Colombia,48258134,Atlantico,2535517,NA,NA,NA,NA,1967,39,0,38395,2312,12
2020-07-18,Colombia,48258134,Atlantico,2535517,NA,NA,NA,NA,2151,47,0,43157,2391,12
2020-07-20,Colombia,48258134,Atlantico,2535517,NA,NA,NA,NA,894,15,0,44703,2437,12
2020-07-22,Colombia,48258134,Atlantico,2535517,NA,NA,NA,NA,462,21,0,45947,2480,12
2020-07-24,Colombia,48258134,Atlantico,2535517,NA,NA,NA,NA,410,15,0,47004,2521,12
2020-07-26,Colombia,48258134,Atlantico,2535517,NA,NA,NA,NA,866,12,0,48438,2548,12
2020-07-28,Colombia,48258134,Atlantico,2535517,NA,NA,NA,NA,1176,22,0,50212,2583,12
2020-07-30,Colombia,48258134,Atlantico,2535517,NA,NA,NA,NA,1053,25,0,51784,2622,12
2020-08-01,Colombia,48258134,Atlantico,2535517,NA,NA,NA,NA,807,32,0,53121,2659,12
2020-08-03,Colombia,48258134,Atlantico,2535517,NA,NA,NA,NA,607,21,0,54433,2701,12
2020-08-05,Colombia,48258134,Atlantico,2535517,NA,NA,NA,NA,460,39,0,55662,2755,12
2020-08-07,Colombia,48258134,Atlantico,2535517,NA,NA,NA,NA,685,13,0,56804,2773,12
2020-08-09,Colombia,48258134,Atlantico,2535517,NA,NA,NA,NA,658,18,0,58184,2823,12
2020-08-11,Colombia,48258134,Atlantico,2535517,NA,NA,NA,NA,452,11,0,59087,2840,12
2020-08-13,Colombia,48258134,Atlantico,2535517,NA,NA,NA,NA,425,11,0,59794,2866,12
2020-08-15,Colombia,48258134,Atlantico,2535517,NA,NA,NA,NA,411,0,0,60542,2873,12
2020-02-26,Colombia,48258134,Bogota,7412566,NA,NA,NA,NA,NA,NA,NA,0,0,0
2020-02-28,Colombia,48258134,Bogota,7412566,NA,NA,NA,NA,0,0,0,0,0,0
2020-03-01,Colombia,48258134,Bogota,7412566,NA,NA,NA,NA,0,0,0,0,0,0
2020-03-03,Colombia,48258134,Bogota,7412566,NA,NA,NA,NA,0,0,0,0,0,0
2020-03-05,Colombia,48258134,Bogota,7412566,NA,NA,NA,NA,0,0,0,0,0,0
2020-03-07,Colombia,48258134,Bogota,7412566,NA,NA,NA,NA,0,0,0,1,0,0
2020-03-09,Colombia,48258134,Bogota,7412566,NA,NA,NA,NA,0,0,0,1,0,0
2020-03-11,Colombia,48258134,Bogota,7412566,NA,NA,NA,NA,2,0,0,3,0,0
2020-03-13,Colombia,48258134,Bogota,7412566,NA,NA,NA,NA,1,0,0,6,0,0
2020-03-15,Colombia,48258134,Bogota,7412566,NA,NA,NA,NA,10,0,0,26,0,0
2020-03-17,Colombia,48258134,Bogota,7412566,NA,NA,NA,NA,7,0,0,39,0,0
2020-03-19,Colombia,48258134,Bogota,7412566,NA,NA,NA,NA,8,0,0,52,0,0
2020-03-21,Colombia,48258134,Bogota,7412566,NA,NA,NA,NA,5,0,0,84,0,0
2020-03-23,Colombia,48258134,Bogota,7412566,NA,NA,NA,NA,29,0,1,117,0,1
2020-03-25,Colombia,48258134,Bogota,7412566,NA,NA,NA,NA,14,1,2,172,1,3
2020-03-27,Colombia,48258134,Bogota,7412566,NA,NA,NA,NA,38,0,0,217,3,3
2020-03-29,Colombia,48258134,Bogota,7412566,NA,NA,NA,NA,33,1,0,288,7,3
2020-03-31,Colombia,48258134,Bogota,7412566,NA,NA,NA,NA,40,2,16,383,10,19
2020-04-02,Colombia,48258134,Bogota,7412566,NA,NA,NA,NA,68,4,0,532,15,21
2020-04-04,Colombia,48258134,Bogota,7412566,NA,NA,NA,NA,104,10,23,680,29,44
2020-04-06,Colombia,48258134,Bogota,7412566,NA,NA,NA,NA,51,6,0,761,39,46
2020-04-08,Colombia,48258134,Bogota,7412566,NA,NA,NA,NA,130,2,21,975,45,66
2020-04-10,Colombia,48258134,Bogota,7412566,NA,NA,NA,NA,88,3,0,1099,51,61
2020-04-12,Colombia,48258134,Bogota,7412566,NA,NA,NA,NA,19,1,0,1162,56,61
2020-04-14,Colombia,48258134,Bogota,7412566,NA,NA,NA,NA,36,6,0,1222,66,61
2020-04-16,Colombia,48258134,Bogota,7412566,NA,NA,NA,NA,43,4,0,1313,73,61
2020-04-18,Colombia,48258134,Bogota,7412566,NA,NA,NA,NA,86,2,0,1458,76,61
2020-04-20,Colombia,48258134,Bogota,7412566,NA,NA,NA,NA,79,3,0,1656,83,61
2020-04-22,Colombia,48258134,Bogota,7412566,NA,NA,NA,NA,84,1,0,1814,89,61
2020-04-24,Colombia,48258134,Bogota,7412566,NA,NA,NA,NA,179,4,0,2040,95,61
2020-04-26,Colombia,48258134,Bogota,7412566,NA,NA,NA,NA,92,6,0,2221,102,61
2020-04-28,Colombia,48258134,Bogota,7412566,NA,NA,NA,NA,64,5,0,2390,110,61
2020-04-30,Colombia,48258134,Bogota,7412566,NA,NA,NA,NA,89,6,0,2612,121,61
2020-05-02,Colombia,48258134,Bogota,7412566,NA,NA,NA,NA,71,3,0,2830,127,61
2020-05-04,Colombia,48258134,Bogota,7412566,NA,NA,NA,NA,127,5,0,3069,135,61
2020-05-06,Colombia,48258134,Bogota,7412566,NA,NA,NA,NA,200,7,0,3462,143,61
2020-05-08,Colombia,48258134,Bogota,7412566,NA,NA,NA,NA,225,4,0,3817,149,61
2020-05-10,Colombia,48258134,Bogota,7412566,NA,NA,NA,NA,127,7,0,4154,162,61
2020-05-12,Colombia,48258134,Bogota,7412566,NA,NA,NA,NA,258,0,0,4563,168,61
2020-05-14,Colombia,48258134,Bogota,7412566,NA,NA,NA,NA,207,2,0,4892,173,61
2020-05-16,Colombia,48258134,Bogota,7412566,NA,NA,NA,NA,277,3,0,5284,183,61
2020-05-18,Colombia,48258134,Bogota,7412566,NA,NA,NA,NA,196,4,0,5721,190,61
2020-05-20,Colombia,48258134,Bogota,7412566,NA,NA,NA,NA,253,5,0,6189,197,61
2020-05-22,Colombia,48258134,Bogota,7412566,NA,NA,NA,NA,280,14,0,6591,216,61
2020-05-24,Colombia,48258134,Bogota,7412566,NA,NA,NA,NA,237,3,0,7211,224,61
2020-05-26,Colombia,48258134,Bogota,7412566,NA,NA,NA,NA,356,10,0,7742,236,61
2020-05-28,Colombia,48258134,Bogota,7412566,NA,NA,NA,NA,493,19,0,8538,256,61
2020-05-30,Colombia,48258134,Bogota,7412566,NA,NA,NA,NA,474,7,0,9637,274,61
2020-06-01,Colombia,48258134,Bogota,7412566,NA,NA,NA,NA,383,7,0,10371,290,61
2020-06-03,Colombia,48258134,Bogota,7412566,NA,NA,NA,NA,505,6,0,11249,299,61
2020-06-05,Colombia,48258134,Bogota,7412566,NA,NA,NA,NA,372,9,0,12155,314,61
2020-06-07,Colombia,48258134,Bogota,7412566,NA,NA,NA,NA,324,10,0,12888,336,61
2020-06-09,Colombia,48258134,Bogota,7412566,NA,NA,NA,NA,379,7,0,13710,352,61
2020-06-11,Colombia,48258134,Bogota,7412566,NA,NA,NA,NA,407,17,0,14537,385,61
2020-06-13,Colombia,48258134,Bogota,7412566,NA,NA,NA,NA,519,15,0,15458,408,61
2020-06-15,Colombia,48258134,Bogota,7412566,NA,NA,NA,NA,368,15,0,16405,435,61
2020-06-17,Colombia,48258134,Bogota,7412566,NA,NA,NA,NA,554,29,0,17396,491,61
2020-06-19,Colombia,48258134,Bogota,7412566,NA,NA,NA,NA,1059,16,0,19240,515,61
2020-06-21,Colombia,48258134,Bogota,7412566,NA,NA,NA,NA,942,19,0,20708,545,61
2020-06-23,Colombia,48258134,Bogota,7412566,NA,NA,NA,NA,868,21,0,22409,582,61
2020-06-25,Colombia,48258134,Bogota,7412566,NA,NA,NA,NA,1270,13,0,24639,614,61
2020-06-27,Colombia,48258134,Bogota,7412566,NA,NA,NA,NA,1576,42,0,27118,665,61
2020-06-29,Colombia,48258134,Bogota,7412566,NA,NA,NA,NA,1391,11,0,29319,704,61
2020-07-01,Colombia,48258134,Bogota,7412566,NA,NA,NA,NA,1404,96,0,31422,801,61
2020-07-03,Colombia,48258134,Bogota,7412566,NA,NA,NA,NA,1402,42,0,34130,880,61
2020-07-05,Colombia,48258134,Bogota,7412566,NA,NA,NA,NA,1287,33,0,36553,944,61
2020-07-07,Colombia,48258134,Bogota,7412566,NA,NA,NA,NA,1607,42,0,39246,1020,61
2020-07-09,Colombia,48258134,Bogota,7412566,NA,NA,NA,NA,1607,55,0,42338,1111,61
2020-07-11,Colombia,48258134,Bogota,7412566,NA,NA,NA,NA,2485,53,0,47525,1219,61
2020-07-13,Colombia,48258134,Bogota,7412566,NA,NA,NA,NA,1633,73,0,51286,1447,61
2020-07-15,Colombia,48258134,Bogota,7412566,NA,NA,NA,NA,1924,84,0,55057,1603,61
2020-07-17,Colombia,48258134,Bogota,7412566,NA,NA,NA,NA,2116,99,0,58947,1777,61
2020-07-19,Colombia,48258134,Bogota,7412566,NA,NA,NA,NA,2869,62,0,63306,1921,61
2020-07-21,Colombia,48258134,Bogota,7412566,NA,NA,NA,NA,2263,107,0,67903,2114,61
2020-07-23,Colombia,48258134,Bogota,7412566,NA,NA,NA,NA,3751,99,0,74642,2299,61
2020-07-25,Colombia,48258134,Bogota,7412566,NA,NA,NA,NA,3294,82,0,81224,2479,61
2020-07-27,Colombia,48258134,Bogota,7412566,NA,NA,NA,NA,2638,84,0,86894,2659,61
2020-07-29,Colombia,48258134,Bogota,7412566,NA,NA,NA,NA,3782,71,0,95229,2802,61
2020-07-31,Colombia,48258134,Bogota,7412566,NA,NA,NA,NA,3717,43,0,101957,2963,61
2020-08-02,Colombia,48258134,Bogota,7412566,NA,NA,NA,NA,4498,122,0,109157,3256,61
2020-08-04,Colombia,48258134,Bogota,7412566,NA,NA,NA,NA,2267,126,0,113564,3486,61
2020-08-06,Colombia,48258134,Bogota,7412566,NA,NA,NA,NA,6068,67,0,123877,3698,61
2020-08-08,Colombia,48258134,Bogota,7412566,NA,NA,NA,NA,3757,160,0,130247,3956,61
2020-08-10,Colombia,48258134,Bogota,7412566,NA,NA,NA,NA,3385,67,0,137039,4145,61
2020-08-12,Colombia,48258134,Bogota,7412566,NA,NA,NA,NA,4118,86,0,146105,4349,61
2020-08-14,Colombia,48258134,Bogota,7412566,NA,NA,NA,NA,4506,53,0,154453,4502,61
2020-02-25,Colombia,48258134,Bolivar,2070110,NA,NA,NA,NA,NA,NA,NA,0,0,0
2020-02-27,Colombia,48258134,Bolivar,2070110,NA,NA,NA,NA,0,0,0,0,0,0
2020-02-29,Colombia,48258134,Bolivar,2070110,NA,NA,NA,NA,0,0,0,0,0,0
2020-03-02,Colombia,48258134,Bolivar,2070110,NA,NA,NA,NA,0,0,0,0,0,0
2020-03-04,Colombia,48258134,Bolivar,2070110,NA,NA,NA,NA,0,0,0,0,0,0
2020-03-06,Colombia,48258134,Bolivar,2070110,NA,NA,NA,NA,0,0,0,0,0,0
2020-03-08,Colombia,48258134,Bolivar,2070110,NA,NA,NA,NA,0,0,0,0,0,0
2020-03-10,Colombia,48258134,Bolivar,2070110,NA,NA,NA,NA,0,0,0,0,0,0
2020-03-12,Colombia,48258134,Bolivar,2070110,NA,NA,NA,NA,0,0,0,1,0,0
2020-03-14,Colombia,48258134,Bolivar,2070110,NA,NA,NA,NA,0,0,0,1,0,0
2020-03-16,Colombia,48258134,Bolivar,2070110,NA,NA,NA,NA,2,1,0,5,1,0
2020-03-18,Colombia,48258134,Bolivar,2070110,NA,NA,NA,NA,3,0,0,9,1,0
2020-03-20,Colombia,48258134,Bolivar,2070110,NA,NA,NA,NA,1,0,0,11,1,0
2020-03-22,Colombia,48258134,Bolivar,2070110,NA,NA,NA,NA,0,0,0,15,1,0
2020-03-24,Colombia,48258134,Bolivar,2070110,NA,NA,NA,NA,5,0,0,21,1,1
2020-03-26,Colombia,48258134,Bolivar,2070110,NA,NA,NA,NA,0,0,0,26,1,1
2020-03-28,Colombia,48258134,Bolivar,2070110,NA,NA,NA,NA,2,0,0,28,2,1
2020-03-30,Colombia,48258134,Bolivar,2070110,NA,NA,NA,NA,3,2,0,40,4,1
2020-04-01,Colombia,48258134,Bolivar,2070110,NA,NA,NA,NA,0,0,0,42,5,1
2020-04-03,Colombia,48258134,Bolivar,2070110,NA,NA,NA,NA,3,0,0,45,5,1
2020-04-05,Colombia,48258134,Bolivar,2070110,NA,NA,NA,NA,0,1,0,45,6,4
2020-04-07,Colombia,48258134,Bolivar,2070110,NA,NA,NA,NA,3,0,2,59,7,6
2020-04-09,Colombia,48258134,Bolivar,2070110,NA,NA,NA,NA,17,1,2,88,8,8
2020-04-11,Colombia,48258134,Bolivar,2070110,NA,NA,NA,NA,8,1,0,117,10,10
2020-04-13,Colombia,48258134,Bolivar,2070110,NA,NA,NA,NA,11,1,0,134,12,10
2020-04-15,Colombia,48258134,Bolivar,2070110,NA,NA,NA,NA,14,0,0,159,12,10
2020-04-17,Colombia,48258134,Bolivar,2070110,NA,NA,NA,NA,6,1,0,173,16,10
2020-04-19,Colombia,48258134,Bolivar,2070110,NA,NA,NA,NA,1,0,0,184,17,10
2020-04-21,Colombia,48258134,Bolivar,2070110,NA,NA,NA,NA,4,0,0,199,18,10
2020-04-23,Colombia,48258134,Bolivar,2070110,NA,NA,NA,NA,5,2,0,204,21,10
2020-04-25,Colombia,48258134,Bolivar,2070110,NA,NA,NA,NA,6,1,0,226,23,10
2020-04-27,Colombia,48258134,Bolivar,2070110,NA,NA,NA,NA,4,2,0,244,25,10
2020-04-29,Colombia,48258134,Bolivar,2070110,NA,NA,NA,NA,11,1,0,268,26,10
2020-05-01,Colombia,48258134,Bolivar,2070110,NA,NA,NA,NA,14,2,0,308,31,10
2020-05-03,Colombia,48258134,Bolivar,2070110,NA,NA,NA,NA,19,4,0,353,36,10
2020-05-05,Colombia,48258134,Bolivar,2070110,NA,NA,NA,NA,33,2,0,406,41,10
2020-05-07,Colombia,48258134,Bolivar,2070110,NA,NA,NA,NA,5,5,0,436,50,10
2020-05-09,Colombia,48258134,Bolivar,2070110,NA,NA,NA,NA,45,3,0,582,56,10
2020-05-11,Colombia,48258134,Bolivar,2070110,NA,NA,NA,NA,63,5,0,742,63,10
2020-05-13,Colombia,48258134,Bolivar,2070110,NA,NA,NA,NA,113,2,0,937,70,10
2020-05-15,Colombia,48258134,Bolivar,2070110,NA,NA,NA,NA,95,2,0,1147,78,10
2020-05-17,Colombia,48258134,Bolivar,2070110,NA,NA,NA,NA,70,3,0,1344,85,10
2020-05-19,Colombia,48258134,Bolivar,2070110,NA,NA,NA,NA,84,3,0,1576,93,10
2020-05-21,Colombia,48258134,Bolivar,2070110,NA,NA,NA,NA,128,1,0,1795,98,10
2020-05-23,Colombia,48258134,Bolivar,2070110,NA,NA,NA,NA,178,2,0,2024,113,10
2020-05-25,Colombia,48258134,Bolivar,2070110,NA,NA,NA,NA,39,1,0,2305,116,10
2020-05-27,Colombia,48258134,Bolivar,2070110,NA,NA,NA,NA,136,2,0,2515,132,10
2020-05-29,Colombia,48258134,Bolivar,2070110,NA,NA,NA,NA,180,2,0,2845,157,10
2020-05-31,Colombia,48258134,Bolivar,2070110,NA,NA,NA,NA,150,2,0,3191,163,10
2020-06-02,Colombia,48258134,Bolivar,2070110,NA,NA,NA,NA,94,2,0,3364,168,10
2020-06-04,Colombia,48258134,Bolivar,2070110,NA,NA,NA,NA,144,1,0,3715,171,10
2020-06-06,Colombia,48258134,Bolivar,2070110,NA,NA,NA,NA,111,7,0,3969,178,10
2020-06-08,Colombia,48258134,Bolivar,2070110,NA,NA,NA,NA,94,2,0,4222,196,10
2020-06-10,Colombia,48258134,Bolivar,2070110,NA,NA,NA,NA,120,0,0,4484,197,10
2020-06-12,Colombia,48258134,Bolivar,2070110,NA,NA,NA,NA,131,6,0,4754,212,10
2020-06-14,Colombia,48258134,Bolivar,2070110,NA,NA,NA,NA,241,2,0,5146,227,10
2020-06-16,Colombia,48258134,Bolivar,2070110,NA,NA,NA,NA,168,23,0,5421,251,10
2020-06-18,Colombia,48258134,Bolivar,2070110,NA,NA,NA,NA,290,11,0,5824,281,10
2020-06-20,Colombia,48258134,Bolivar,2070110,NA,NA,NA,NA,242,5,0,6470,291,10
2020-06-22,Colombia,48258134,Bolivar,2070110,NA,NA,NA,NA,310,3,0,7045,302,10
2020-06-24,Colombia,48258134,Bolivar,2070110,NA,NA,NA,NA,241,8,0,7456,317,10
2020-06-26,Colombia,48258134,Bolivar,2070110,NA,NA,NA,NA,286,3,0,8137,322,10
2020-06-28,Colombia,48258134,Bolivar,2070110,NA,NA,NA,NA,232,13,0,8792,363,10
2020-06-30,Colombia,48258134,Bolivar,2070110,NA,NA,NA,NA,168,1,0,9117,368,10
2020-07-02,Colombia,48258134,Bolivar,2070110,NA,NA,NA,NA,237,6,0,9647,414,10
2020-07-04,Colombia,48258134,Bolivar,2070110,NA,NA,NA,NA,280,6,0,10152,431,10
2020-07-06,Colombia,48258134,Bolivar,2070110,NA,NA,NA,NA,229,3,0,10741,442,10
2020-07-08,Colombia,48258134,Bolivar,2070110,NA,NA,NA,NA,309,8,0,11265,456,10
2020-07-10,Colombia,48258134,Bolivar,2070110,NA,NA,NA,NA,273,4,0,11752,464,10
2020-07-12,Colombia,48258134,Bolivar,2070110,NA,NA,NA,NA,293,38,0,12225,509,10
2020-07-14,Colombia,48258134,Bolivar,2070110,NA,NA,NA,NA,251,4,0,12616,520,10
2020-07-16,Colombia,48258134,Bolivar,2070110,NA,NA,NA,NA,786,5,0,13651,531,10
2020-07-18,Colombia,48258134,Bolivar,2070110,NA,NA,NA,NA,582,4,0,14757,543,10
2020-07-20,Colombia,48258134,Bolivar,2070110,NA,NA,NA,NA,236,10,0,15212,560,10
2020-07-22,Colombia,48258134,Bolivar,2070110,NA,NA,NA,NA,205,6,0,15718,569,10
2020-07-24,Colombia,48258134,Bolivar,2070110,NA,NA,NA,NA,175,9,0,16123,586,10
2020-07-26,Colombia,48258134,Bolivar,2070110,NA,NA,NA,NA,409,6,0,16700,597,10
2020-07-28,Colombia,48258134,Bolivar,2070110,NA,NA,NA,NA,480,5,0,17368,605,10
2020-07-30,Colombia,48258134,Bolivar,2070110,NA,NA,NA,NA,280,6,0,17906,614,10
2020-08-01,Colombia,48258134,Bolivar,2070110,NA,NA,NA,NA,358,0,0,18597,618,10
2020-08-03,Colombia,48258134,Bolivar,2070110,NA,NA,NA,NA,339,6,0,19209,632,10
2020-08-05,Colombia,48258134,Bolivar,2070110,NA,NA,NA,NA,238,9,0,19547,647,10
2020-08-07,Colombia,48258134,Bolivar,2070110,NA,NA,NA,NA,244,0,0,19898,648,10
2020-08-09,Colombia,48258134,Bolivar,2070110,NA,NA,NA,NA,204,8,0,20281,663,10
2020-08-11,Colombia,48258134,Bolivar,2070110,NA,NA,NA,NA,254,3,0,20710,669,10
2020-08-13,Colombia,48258134,Bolivar,2070110,NA,NA,NA,NA,160,5,0,21087,677,10
2020-08-15,Colombia,48258134,Bolivar,2070110,NA,NA,NA,NA,268,0,0,21593,678,10
2020-02-26,Colombia,48258134,Boyaca,1217376,NA,NA,NA,NA,NA,NA,NA,0,0,0
2020-02-28,Colombia,48258134,Boyaca,1217376,NA,NA,NA,NA,0,0,0,0,0,0
2020-03-01,Colombia,48258134,Boyaca,1217376,NA,NA,NA,NA,0,0,0,0,0,0
2020-03-03,Colombia,48258134,Boyaca,1217376,NA,NA,NA,NA,0,0,0,0,0,0
2020-03-05,Colombia,48258134,Boyaca,1217376,NA,NA,NA,NA,0,0,0,0,0,0
2020-03-07,Colombia,48258134,Boyaca,1217376,NA,NA,NA,NA,0,0,0,0,0,0
2020-03-09,Colombia,48258134,Boyaca,1217376,NA,NA,NA,NA,0,0,0,0,0,0
2020-03-11,Colombia,48258134,Boyaca,1217376,NA,NA,NA,NA,0,0,0,0,0,0
2020-03-13,Colombia,48258134,Boyaca,1217376,NA,NA,NA,NA,0,0,0,0,0,0
2020-03-15,Colombia,48258134,Boyaca,1217376,NA,NA,NA,NA,0,0,0,0,0,0
2020-03-17,Colombia,48258134,Boyaca,1217376,NA,NA,NA,NA,0,0,0,0,0,0
2020-03-19,Colombia,48258134,Boyaca,1217376,NA,NA,NA,NA,0,0,0,0,0,0
2020-03-21,Colombia,48258134,Boyaca,1217376,NA,NA,NA,NA,0,0,0,0,0,0
2020-03-23,Colombia,48258134,Boyaca,1217376,NA,NA,NA,NA,0,0,0,0,0,0
2020-03-25,Colombia,48258134,Boyaca,1217376,NA,NA,NA,NA,1,0,0,1,0,0
2020-03-27,Colombia,48258134,Boyaca,1217376,NA,NA,NA,NA,0,0,0,2,0,0
2020-03-29,Colombia,48258134,Boyaca,1217376,NA,NA,NA,NA,1,0,0,3,0,0
2020-03-31,Colombia,48258134,Boyaca,1217376,NA,NA,NA,NA,2,0,0,6,0,0
2020-04-02,Colombia,48258134,Boyaca,1217376,NA,NA,NA,NA,0,0,0,6,0,0
2020-04-04,Colombia,48258134,Boyaca,1217376,NA,NA,NA,NA,7,1,0,13,1,0
2020-04-06,Colombia,48258134,Boyaca,1217376,NA,NA,NA,NA,0,0,0,13,1,0
2020-04-08,Colombia,48258134,Boyaca,1217376,NA,NA,NA,NA,6,0,0,19,1,0
2020-04-10,Colombia,48258134,Boyaca,1217376,NA,NA,NA,NA,3,0,0,27,1,2
2020-04-12,Colombia,48258134,Boyaca,1217376,NA,NA,NA,NA,0,0,0,31,1,2
2020-04-14,Colombia,48258134,Boyaca,1217376,NA,NA,NA,NA,0,0,0,31,1,2
2020-04-16,Colombia,48258134,Boyaca,1217376,NA,NA,NA,NA,1,0,0,32,1,2
2020-04-18,Colombia,48258134,Boyaca,1217376,NA,NA,NA,NA,0,0,0,32,1,2
2020-04-20,Colombia,48258134,Boyaca,1217376,NA,NA,NA,NA,1,0,0,33,1,2
2020-04-22,Colombia,48258134,Boyaca,1217376,NA,NA,NA,NA,0,0,0,33,1,2
2020-04-24,Colombia,48258134,Boyaca,1217376,NA,NA,NA,NA,0,0,0,33,2,2
2020-04-26,Colombia,48258134,Boyaca,1217376,NA,NA,NA,NA,2,0,0,35,2,2
2020-04-28,Colombia,48258134,Boyaca,1217376,NA,NA,NA,NA,2,0,0,37,2,2
2020-04-30,Colombia,48258134,Boyaca,1217376,NA,NA,NA,NA,2,0,0,39,4,2
2020-05-02,Colombia,48258134,Boyaca,1217376,NA,NA,NA,NA,1,0,0,47,4,2
2020-05-04,Colombia,48258134,Boyaca,1217376,NA,NA,NA,NA,11,0,0,58,4,2
2020-05-06,Colombia,48258134,Boyaca,1217376,NA,NA,NA,NA,0,0,0,60,4,2
2020-05-08,Colombia,48258134,Boyaca,1217376,NA,NA,NA,NA,0,0,0,61,4,2
2020-05-10,Colombia,48258134,Boyaca,1217376,NA,NA,NA,NA,6,0,0,67,4,2
2020-05-12,Colombia,48258134,Boyaca,1217376,NA,NA,NA,NA,2,0,0,79,4,2
2020-05-14,Colombia,48258134,Boyaca,1217376,NA,NA,NA,NA,1,0,0,88,4,2
2020-05-16,Colombia,48258134,Boyaca,1217376,NA,NA,NA,NA,17,2,0,105,6,2
2020-05-18,Colombia,48258134,Boyaca,1217376,NA,NA,NA,NA,3,1,0,108,7,2
2020-05-20,Colombia,48258134,Boyaca,1217376,NA,NA,NA,NA,6,0,0,126,7,2
2020-05-22,Colombia,48258134,Boyaca,1217376,NA,NA,NA,NA,8,0,0,144,7,2
2020-05-24,Colombia,48258134,Boyaca,1217376,NA,NA,NA,NA,7,0,0,159,7,2
2020-05-26,Colombia,48258134,Boyaca,1217376,NA,NA,NA,NA,4,0,0,166,7,2
2020-05-28,Colombia,48258134,Boyaca,1217376,NA,NA,NA,NA,3,0,0,181,7,2
2020-05-30,Colombia,48258134,Boyaca,1217376,NA,NA,NA,NA,1,0,0,190,11,2
2020-06-01,Colombia,48258134,Boyaca,1217376,NA,NA,NA,NA,0,0,0,211,11,2
2020-06-03,Colombia,48258134,Boyaca,1217376,NA,NA,NA,NA,2,0,0,214,11,2
2020-06-05,Colombia,48258134,Boyaca,1217376,NA,NA,NA,NA,1,0,0,221,11,2
2020-06-07,Colombia,48258134,Boyaca,1217376,NA,NA,NA,NA,0,0,0,223,11,2
2020-06-09,Colombia,48258134,Boyaca,1217376,NA,NA,NA,NA,2,0,0,227,11,2
2020-06-11,Colombia,48258134,Boyaca,1217376,NA,NA,NA,NA,5,0,0,236,11,2
2020-06-13,Colombia,48258134,Boyaca,1217376,NA,NA,NA,NA,4,0,0,240,11,2
2020-06-15,Colombia,48258134,Boyaca,1217376,NA,NA,NA,NA,5,0,0,250,11,2
2020-06-17,Colombia,48258134,Boyaca,1217376,NA,NA,NA,NA,6,4,0,261,15,2
2020-06-19,Colombia,48258134,Boyaca,1217376,NA,NA,NA,NA,24,0,0,289,15,2
2020-06-21,Colombia,48258134,Boyaca,1217376,NA,NA,NA,NA,7,0,0,301,15,2
2020-06-23,Colombia,48258134,Boyaca,1217376,NA,NA,NA,NA,5,0,0,311,15,2
2020-06-25,Colombia,48258134,Boyaca,1217376,NA,NA,NA,NA,5,0,0,332,15,2
2020-06-27,Colombia,48258134,Boyaca,1217376,NA,NA,NA,NA,11,0,0,351,15,2
2020-06-29,Colombia,48258134,Boyaca,1217376,NA,NA,NA,NA,4,0,0,359,15,2
2020-07-01,Colombia,48258134,Boyaca,1217376,NA,NA,NA,NA,7,0,0,382,15,2
2020-07-03,Colombia,48258134,Boyaca,1217376,NA,NA,NA,NA,7,1,0,405,14,2
2020-07-05,Colombia,48258134,Boyaca,1217376,NA,NA,NA,NA,12,0,0,425,14,2
2020-07-07,Colombia,48258134,Boyaca,1217376,NA,NA,NA,NA,10,0,0,441,14,2
2020-07-09,Colombia,48258134,Boyaca,1217376,NA,NA,NA,NA,15,1,0,459,15,2
2020-07-11,Colombia,48258134,Boyaca,1217376,NA,NA,NA,NA,8,0,0,484,16,2
2020-07-13,Colombia,48258134,Boyaca,1217376,NA,NA,NA,NA,5,2,0,497,24,2
2020-07-15,Colombia,48258134,Boyaca,1217376,NA,NA,NA,NA,7,1,0,521,25,2
2020-07-17,Colombia,48258134,Boyaca,1217376,NA,NA,NA,NA,64,2,0,602,27,2
2020-07-19,Colombia,48258134,Boyaca,1217376,NA,NA,NA,NA,18,0,0,631,29,2
2020-07-21,Colombia,48258134,Boyaca,1217376,NA,NA,NA,NA,9,2,0,656,33,2
2020-07-23,Colombia,48258134,Boyaca,1217376,NA,NA,NA,NA,24,1,0,714,34,2
2020-07-25,Colombia,48258134,Boyaca,1217376,NA,NA,NA,NA,22,0,0,751,35,2
2020-07-27,Colombia,48258134,Boyaca,1217376,NA,NA,NA,NA,22,0,0,813,35,2
2020-07-29,Colombia,48258134,Boyaca,1217376,NA,NA,NA,NA,90,0,0,929,36,2
2020-07-31,Colombia,48258134,Boyaca,1217376,NA,NA,NA,NA,48,1,0,1030,38,2
2020-08-02,Colombia,48258134,Boyaca,1217376,NA,NA,NA,NA,63,0,0,1153,41,2
2020-08-04,Colombia,48258134,Boyaca,1217376,NA,NA,NA,NA,28,1,0,1238,42,2
2020-08-06,Colombia,48258134,Boyaca,1217376,NA,NA,NA,NA,71,1,0,1374,44,2
2020-08-08,Colombia,48258134,Boyaca,1217376,NA,NA,NA,NA,60,8,0,1502,52,2
2020-08-10,Colombia,48258134,Boyaca,1217376,NA,NA,NA,NA,82,1,0,1617,55,2
2020-08-12,Colombia,48258134,Boyaca,1217376,NA,NA,NA,NA,80,3,0,1761,60,2
2020-08-14,Colombia,48258134,Boyaca,1217376,NA,NA,NA,NA,97,2,0,1959,65,2
2020-02-25,Colombia,48258134,Caldas,998255,NA,NA,NA,NA,NA,NA,NA,0,0,0
2020-02-27,Colombia,48258134,Caldas,998255,NA,NA,NA,NA,0,0,0,0,0,0
2020-02-29,Colombia,48258134,Caldas,998255,NA,NA,NA,NA,0,0,0,0,0,0
2020-03-02,Colombia,48258134,Caldas,998255,NA,NA,NA,NA,0,0,0,0,0,0
2020-03-04,Colombia,48258134,Caldas,998255,NA,NA,NA,NA,0,0,0,0,0,0
2020-03-06,Colombia,48258134,Caldas,998255,NA,NA,NA,NA,0,0,0,0,0,0
2020-03-08,Colombia,48258134,Caldas,998255,NA,NA,NA,NA,0,0,0,0,0,0
2020-03-10,Colombia,48258134,Caldas,998255,NA,NA,NA,NA,0,0,0,0,0,0
2020-03-12,Colombia,48258134,Caldas,998255,NA,NA,NA,NA,0,0,0,0,0,0
2020-03-14,Colombia,48258134,Caldas,998255,NA,NA,NA,NA,0,0,0,1,0,0
2020-03-16,Colombia,48258134,Caldas,998255,NA,NA,NA,NA,0,0,0,1,0,0
2020-03-18,Colombia,48258134,Caldas,998255,NA,NA,NA,NA,0,0,0,1,0,0
2020-03-20,Colombia,48258134,Caldas,998255,NA,NA,NA,NA,0,0,0,2,0,0
2020-03-22,Colombia,48258134,Caldas,998255,NA,NA,NA,NA,3,0,0,6,0,0
2020-03-24,Colombia,48258134,Caldas,998255,NA,NA,NA,NA,2,0,0,9,0,1
2020-03-26,Colombia,48258134,Caldas,998255,NA,NA,NA,NA,0,0,0,11,0,1
2020-03-28,Colombia,48258134,Caldas,998255,NA,NA,NA,NA,1,0,0,13,0,1
2020-03-30,Colombia,48258134,Caldas,998255,NA,NA,NA,NA,1,0,0,15,0,1
2020-04-01,Colombia,48258134,Caldas,998255,NA,NA,NA,NA,0,1,0,15,1,2
2020-04-03,Colombia,48258134,Caldas,998255,NA,NA,NA,NA,0,0,0,16,1,2
2020-04-05,Colombia,48258134,Caldas,998255,NA,NA,NA,NA,0,0,0,16,1,2
2020-04-07,Colombia,48258134,Caldas,998255,NA,NA,NA,NA,0,0,0,16,1,2
2020-04-09,Colombia,48258134,Caldas,998255,NA,NA,NA,NA,5,0,4,24,1,6
2020-04-11,Colombia,48258134,Caldas,998255,NA,NA,NA,NA,8,1,0,33,2,7
2020-04-13,Colombia,48258134,Caldas,998255,NA,NA,NA,NA,2,0,0,36,2,7
2020-04-15,Colombia,48258134,Caldas,998255,NA,NA,NA,NA,6,0,0,42,2,7
2020-04-17,Colombia,48258134,Caldas,998255,NA,NA,NA,NA,3,0,0,47,2,7
2020-04-19,Colombia,48258134,Caldas,998255,NA,NA,NA,NA,0,0,0,47,2,7
2020-04-21,Colombia,48258134,Caldas,998255,NA,NA,NA,NA,0,0,0,49,2,7
2020-04-23,Colombia,48258134,Caldas,998255,NA,NA,NA,NA,0,0,0,49,2,7
2020-04-25,Colombia,48258134,Caldas,998255,NA,NA,NA,NA,0,0,0,52,2,7
2020-04-27,Colombia,48258134,Caldas,998255,NA,NA,NA,NA,0,0,0,53,2,7
2020-04-29,Colombia,48258134,Caldas,998255,NA,NA,NA,NA,3,0,0,59,2,7
2020-05-01,Colombia,48258134,Caldas,998255,NA,NA,NA,NA,0,0,0,69,2,7
2020-05-03,Colombia,48258134,Caldas,998255,NA,NA,NA,NA,0,1,0,79,3,7
2020-05-05,Colombia,48258134,Caldas,998255,NA,NA,NA,NA,12,0,0,91,3,7
2020-05-07,Colombia,48258134,Caldas,998255,NA,NA,NA,NA,0,0,0,94,3,7
2020-05-09,Colombia,48258134,Caldas,998255,NA,NA,NA,NA,6,1,0,100,5,7
2020-05-11,Colombia,48258134,Caldas,998255,NA,NA,NA,NA,0,0,0,100,5,7
2020-05-13,Colombia,48258134,Caldas,998255,NA,NA,NA,NA,0,0,0,104,5,7
2020-05-15,Colombia,48258134,Caldas,998255,NA,NA,NA,NA,1,0,0,109,5,7
2020-05-17,Colombia,48258134,Caldas,998255,NA,NA,NA,NA,1,0,0,120,5,7
2020-05-19,Colombia,48258134,Caldas,998255,NA,NA,NA,NA,0,0,0,120,5,7
2020-05-21,Colombia,48258134,Caldas,998255,NA,NA,NA,NA,0,0,0,126,5,7
2020-05-23,Colombia,48258134,Caldas,998255,NA,NA,NA,NA,1,0,0,127,5,7
2020-05-25,Colombia,48258134,Caldas,998255,NA,NA,NA,NA,0,0,0,128,6,7
2020-05-27,Colombia,48258134,Caldas,998255,NA,NA,NA,NA,4,0,0,134,6,7
2020-05-29,Colombia,48258134,Caldas,998255,NA,NA,NA,NA,0,0,0,135,6,7
2020-05-31,Colombia,48258134,Caldas,998255,NA,NA,NA,NA,0,0,0,135,6,7
2020-06-02,Colombia,48258134,Caldas,998255,NA,NA,NA,NA,9,0,0,147,6,7
2020-06-04,Colombia,48258134,Caldas,998255,NA,NA,NA,NA,5,0,0,162,6,7
2020-06-06,Colombia,48258134,Caldas,998255,NA,NA,NA,NA,9,0,0,173,6,7
2020-06-08,Colombia,48258134,Caldas,998255,NA,NA,NA,NA,0,0,0,176,6,7
2020-06-10,Colombia,48258134,Caldas,998255,NA,NA,NA,NA,5,0,0,185,6,7
2020-06-12,Colombia,48258134,Caldas,998255,NA,NA,NA,NA,3,0,0,191,6,7
2020-06-14,Colombia,48258134,Caldas,998255,NA,NA,NA,NA,5,0,0,196,6,7
2020-06-16,Colombia,48258134,Caldas,998255,NA,NA,NA,NA,5,0,0,205,6,7
2020-06-18,Colombia,48258134,Caldas,998255,NA,NA,NA,NA,2,0,0,207,6,7
2020-06-20,Colombia,48258134,Caldas,998255,NA,NA,NA,NA,5,0,0,216,6,7
2020-06-22,Colombia,48258134,Caldas,998255,NA,NA,NA,NA,13,0,0,231,6,7
2020-06-24,Colombia,48258134,Caldas,998255,NA,NA,NA,NA,1,0,0,238,6,7
2020-06-26,Colombia,48258134,Caldas,998255,NA,NA,NA,NA,3,0,0,243,6,7
2020-06-28,Colombia,48258134,Caldas,998255,NA,NA,NA,NA,10,0,0,254,6,7
2020-06-30,Colombia,48258134,Caldas,998255,NA,NA,NA,NA,2,0,0,260,6,7
2020-07-02,Colombia,48258134,Caldas,998255,NA,NA,NA,NA,3,0,0,267,6,7
2020-07-04,Colombia,48258134,Caldas,998255,NA,NA,NA,NA,4,0,0,271,6,7
2020-07-06,Colombia,48258134,Caldas,998255,NA,NA,NA,NA,2,0,0,273,6,7
2020-07-08,Colombia,48258134,Caldas,998255,NA,NA,NA,NA,1,0,0,279,6,7
2020-07-10,Colombia,48258134,Caldas,998255,NA,NA,NA,NA,7,0,0,294,6,7
2020-07-12,Colombia,48258134,Caldas,998255,NA,NA,NA,NA,8,0,0,302,6,7
2020-07-14,Colombia,48258134,Caldas,998255,NA,NA,NA,NA,2,3,0,304,9,7
2020-07-16,Colombia,48258134,Caldas,998255,NA,NA,NA,NA,17,0,0,325,9,7
2020-07-18,Colombia,48258134,Caldas,998255,NA,NA,NA,NA,18,0,0,360,9,7
2020-07-20,Colombia,48258134,Caldas,998255,NA,NA,NA,NA,7,1,0,396,11,7
2020-07-22,Colombia,48258134,Caldas,998255,NA,NA,NA,NA,93,0,0,509,12,7
2020-07-24,Colombia,48258134,Caldas,998255,NA,NA,NA,NA,32,0,0,582,12,7
2020-07-26,Colombia,48258134,Caldas,998255,NA,NA,NA,NA,61,1,0,710,13,7
2020-07-28,Colombia,48258134,Caldas,998255,NA,NA,NA,NA,11,0,0,733,13,7
2020-07-30,Colombia,48258134,Caldas,998255,NA,NA,NA,NA,58,1,0,850,15,7
2020-08-01,Colombia,48258134,Caldas,998255,NA,NA,NA,NA,33,3,0,990,18,7
2020-08-03,Colombia,48258134,Caldas,998255,NA,NA,NA,NA,14,0,0,1035,20,7
2020-08-05,Colombia,48258134,Caldas,998255,NA,NA,NA,NA,49,2,0,1107,22,7
2020-08-07,Colombia,48258134,Caldas,998255,NA,NA,NA,NA,34,0,0,1190,23,7
2020-08-09,Colombia,48258134,Caldas,998255,NA,NA,NA,NA,97,0,0,1312,25,7
2020-08-11,Colombia,48258134,Caldas,998255,NA,NA,NA,NA,33,2,0,1416,29,7
2020-08-13,Colombia,48258134,Caldas,998255,NA,NA,NA,NA,30,3,0,1485,32,7
2020-08-15,Colombia,48258134,Caldas,998255,NA,NA,NA,NA,52,0,0,1599,32,7
2020-02-26,Colombia,48258134,Caqueta,401489,NA,NA,NA,NA,NA,NA,NA,0,0,0
2020-02-28,Colombia,48258134,Caqueta,401489,NA,NA,NA,NA,0,0,0,0,0,0
2020-03-01,Colombia,48258134,Caqueta,401489,NA,NA,NA,NA,0,0,0,0,0,0
2020-03-03,Colombia,48258134,Caqueta,401489,NA,NA,NA,NA,0,0,0,0,0,0
2020-03-05,Colombia,48258134,Caqueta,401489,NA,NA,NA,NA,0,0,0,0,0,0
2020-03-07,Colombia,48258134,Caqueta,401489,NA,NA,NA,NA,0,0,0,0,0,0
2020-03-09,Colombia,48258134,Caqueta,401489,NA,NA,NA,NA,0,0,0,0,0,0
2020-03-11,Colombia,48258134,Caqueta,401489,NA,NA,NA,NA,0,0,0,0,0,0
2020-03-13,Colombia,48258134,Caqueta,401489,NA,NA,NA,NA,0,0,0,0,0,0
2020-03-15,Colombia,48258134,Caqueta,401489,NA,NA,NA,NA,0,0,0,0,0,0
2020-03-17,Colombia,48258134,Caqueta,401489,NA,NA,NA,NA,0,0,0,0,0,0
2020-03-19,Colombia,48258134,Caqueta,401489,NA,NA,NA,NA,0,0,0,0,0,0
2020-03-21,Colombia,48258134,Caqueta,401489,NA,NA,NA,NA,0,0,0,0,0,0
2020-03-23,Colombia,48258134,Caqueta,401489,NA,NA,NA,NA,0,0,0,0,0,0
2020-03-25,Colombia,48258134,Caqueta,401489,NA,NA,NA,NA,0,0,0,0,0,0
2020-03-27,Colombia,48258134,Caqueta,401489,NA,NA,NA,NA,0,0,0,0,0,0
2020-03-29,Colombia,48258134,Caqueta,401489,NA,NA,NA,NA,0,0,0,0,0,0
2020-03-31,Colombia,48258134,Caqueta,401489,NA,NA,NA,NA,0,0,0,0,0,0
2020-04-02,Colombia,48258134,Caqueta,401489,NA,NA,NA,NA,0,0,0,0,0,0
2020-04-04,Colombia,48258134,Caqueta,401489,NA,NA,NA,NA,0,0,0,0,0,0
2020-04-06,Colombia,48258134,Caqueta,401489,NA,NA,NA,NA,0,0,0,0,0,0
2020-04-08,Colombia,48258134,Caqueta,401489,NA,NA,NA,NA,0,0,0,0,0,0
2020-04-10,Colombia,48258134,Caqueta,401489,NA,NA,NA,NA,0,0,0,0,0,0
2020-04-12,Colombia,48258134,Caqueta,401489,NA,NA,NA,NA,0,0,0,0,0,0
2020-04-14,Colombia,48258134,Caqueta,401489,NA,NA,NA,NA,0,0,0,0,0,0
2020-04-16,Colombia,48258134,Caqueta,401489,NA,NA,NA,NA,0,0,0,0,1,0
2020-04-18,Colombia,48258134,Caqueta,401489,NA,NA,NA,NA,1,0,0,1,1,0
2020-04-20,Colombia,48258134,Caqueta,401489,NA,NA,NA,NA,0,0,0,2,1,0
2020-04-22,Colombia,48258134,Caqueta,401489,NA,NA,NA,NA,0,0,0,2,1,0
2020-04-24,Colombia,48258134,Caqueta,401489,NA,NA,NA,NA,0,0,0,2,1,0
2020-04-26,Colombia,48258134,Caqueta,401489,NA,NA,NA,NA,0,0,0,2,1,0
2020-04-28,Colombia,48258134,Caqueta,401489,NA,NA,NA,NA,5,0,0,7,1,0
2020-04-30,Colombia,48258134,Caqueta,401489,NA,NA,NA,NA,0,0,0,8,1,0
2020-05-02,Colombia,48258134,Caqueta,401489,NA,NA,NA,NA,0,0,0,9,1,0
2020-05-04,Colombia,48258134,Caqueta,401489,NA,NA,NA,NA,0,0,0,9,1,0
2020-05-06,Colombia,48258134,Caqueta,401489,NA,NA,NA,NA,0,0,0,15,1,0
2020-05-08,Colombia,48258134,Caqueta,401489,NA,NA,NA,NA,0,0,0,15,1,0
2020-05-10,Colombia,48258134,Caqueta,401489,NA,NA,NA,NA,1,0,0,16,1,0
2020-05-12,Colombia,48258134,Caqueta,401489,NA,NA,NA,NA,1,0,0,17,1,0
2020-05-14,Colombia,48258134,Caqueta,401489,NA,NA,NA,NA,0,0,0,19,1,0
2020-05-16,Colombia,48258134,Caqueta,401489,NA,NA,NA,NA,1,0,0,20,1,0
2020-05-18,Colombia,48258134,Caqueta,401489,NA,NA,NA,NA,1,0,0,21,1,0
2020-05-20,Colombia,48258134,Caqueta,401489,NA,NA,NA,NA,0,0,0,21,1,0
2020-05-22,Colombia,48258134,Caqueta,401489,NA,NA,NA,NA,0,0,0,21,1,0
2020-05-24,Colombia,48258134,Caqueta,401489,NA,NA,NA,NA,0,0,0,21,1,0
2020-05-26,Colombia,48258134,Caqueta,401489,NA,NA,NA,NA,2,0,0,24,1,0
2020-05-28,Colombia,48258134,Caqueta,401489,NA,NA,NA,NA,0,0,0,24,1,0
2020-05-30,Colombia,48258134,Caqueta,401489,NA,NA,NA,NA,0,0,0,24,1,0
2020-06-01,Colombia,48258134,Caqueta,401489,NA,NA,NA,NA,0,0,0,24,1,0
2020-06-03,Colombia,48258134,Caqueta,401489,NA,NA,NA,NA,0,0,0,24,1,0
2020-06-05,Colombia,48258134,Caqueta,401489,NA,NA,NA,NA,0,0,0,24,1,0
2020-06-07,Colombia,48258134,Caqueta,401489,NA,NA,NA,NA,1,0,0,25,1,0
2020-06-09,Colombia,48258134,Caqueta,401489,NA,NA,NA,NA,0,0,0,25,1,0
2020-06-11,Colombia,48258134,Caqueta,401489,NA,NA,NA,NA,0,0,0,25,1,0
2020-06-13,Colombia,48258134,Caqueta,401489,NA,NA,NA,NA,0,0,0,25,1,0
2020-06-15,Colombia,48258134,Caqueta,401489,NA,NA,NA,NA,0,0,0,25,1,0
2020-06-17,Colombia,48258134,Caqueta,401489,NA,NA,NA,NA,0,0,0,28,1,0
2020-06-19,Colombia,48258134,Caqueta,401489,NA,NA,NA,NA,0,0,0,26,1,0
2020-06-21,Colombia,48258134,Caqueta,401489,NA,NA,NA,NA,0,0,0,26,1,0
2020-06-23,Colombia,48258134,Caqueta,401489,NA,NA,NA,NA,0,0,0,26,1,0
2020-06-25,Colombia,48258134,Caqueta,401489,NA,NA,NA,NA,0,0,0,26,1,0
2020-06-27,Colombia,48258134,Caqueta,401489,NA,NA,NA,NA,5,0,0,31,1,0
2020-06-29,Colombia,48258134,Caqueta,401489,NA,NA,NA,NA,0,0,0,35,1,0
2020-07-01,Colombia,48258134,Caqueta,401489,NA,NA,NA,NA,4,0,0,39,1,0
2020-07-03,Colombia,48258134,Caqueta,401489,NA,NA,NA,NA,0,0,0,43,1,0
2020-07-05,Colombia,48258134,Caqueta,401489,NA,NA,NA,NA,1,1,0,55,2,0
2020-07-07,Colombia,48258134,Caqueta,401489,NA,NA,NA,NA,7,1,0,67,3,0
2020-07-09,Colombia,48258134,Caqueta,401489,NA,NA,NA,NA,1,0,0,81,3,0
2020-07-11,Colombia,48258134,Caqueta,401489,NA,NA,NA,NA,11,1,0,97,4,0
2020-07-13,Colombia,48258134,Caqueta,401489,NA,NA,NA,NA,6,2,0,118,6,0
2020-07-15,Colombia,48258134,Caqueta,401489,NA,NA,NA,NA,4,0,0,128,7,0
2020-07-17,Colombia,48258134,Caqueta,401489,NA,NA,NA,NA,13,1,0,182,8,0
2020-07-19,Colombia,48258134,Caqueta,401489,NA,NA,NA,NA,104,0,0,325,9,0
2020-07-21,Colombia,48258134,Caqueta,401489,NA,NA,NA,NA,57,0,0,452,10,0
2020-07-23,Colombia,48258134,Caqueta,401489,NA,NA,NA,NA,8,1,0,486,12,0
2020-07-25,Colombia,48258134,Caqueta,401489,NA,NA,NA,NA,53,2,0,543,15,0
2020-07-27,Colombia,48258134,Caqueta,401489,NA,NA,NA,NA,92,1,0,678,17,0
2020-07-29,Colombia,48258134,Caqueta,401489,NA,NA,NA,NA,74,1,0,816,19,0
2020-07-31,Colombia,48258134,Caqueta,401489,NA,NA,NA,NA,50,2,0,934,24,0
2020-08-02,Colombia,48258134,Caqueta,401489,NA,NA,NA,NA,160,7,0,1276,40,0
2020-08-04,Colombia,48258134,Caqueta,401489,NA,NA,NA,NA,132,3,0,1647,45,0
2020-08-06,Colombia,48258134,Caqueta,401489,NA,NA,NA,NA,29,1,0,1868,50,0
2020-08-08,Colombia,48258134,Caqueta,401489,NA,NA,NA,NA,101,12,0,2143,68,0
2020-08-10,Colombia,48258134,Caqueta,401489,NA,NA,NA,NA,124,5,0,2619,82,0
2020-08-12,Colombia,48258134,Caqueta,401489,NA,NA,NA,NA,150,0,0,2944,88,0
2020-08-14,Colombia,48258134,Caqueta,401489,NA,NA,NA,NA,260,6,0,3328,105,0
2020-02-25,Colombia,48258134,Casanare,420504,NA,NA,NA,NA,NA,NA,NA,0,0,0
2020-02-27,Colombia,48258134,Casanare,420504,NA,NA,NA,NA,0,0,0,0,0,0
2020-02-29,Colombia,48258134,Casanare,420504,NA,NA,NA,NA,0,0,0,0,0,0
2020-03-02,Colombia,48258134,Casanare,420504,NA,NA,NA,NA,0,0,0,0,0,0
2020-03-04,Colombia,48258134,Casanare,420504,NA,NA,NA,NA,0,0,0,0,0,0
2020-03-06,Colombia,48258134,Casanare,420504,NA,NA,NA,NA,0,0,0,0,0,0
2020-03-08,Colombia,48258134,Casanare,420504,NA,NA,NA,NA,0,0,0,0,0,0
2020-03-10,Colombia,48258134,Casanare,420504,NA,NA,NA,NA,0,0,0,0,0,0
2020-03-12,Colombia,48258134,Casanare,420504,NA,NA,NA,NA,0,0,0,0,0,0
2020-03-14,Colombia,48258134,Casanare,420504,NA,NA,NA,NA,0,0,0,0,0,0
2020-03-16,Colombia,48258134,Casanare,420504,NA,NA,NA,NA,0,0,0,0,0,0
2020-03-18,Colombia,48258134,Casanare,420504,NA,NA,NA,NA,0,0,0,0,0,0
2020-03-20,Colombia,48258134,Casanare,420504,NA,NA,NA,NA,0,0,0,0,0,0
2020-03-22,Colombia,48258134,Casanare,420504,NA,NA,NA,NA,1,0,0,1,0,0
2020-03-24,Colombia,48258134,Casanare,420504,NA,NA,NA,NA,0,0,0,1,0,0
2020-03-26,Colombia,48258134,Casanare,420504,NA,NA,NA,NA,0,0,0,1,0,0
2020-03-28,Colombia,48258134,Casanare,420504,NA,NA,NA,NA,0,0,0,1,0,0
2020-03-30,Colombia,48258134,Casanare,420504,NA,NA,NA,NA,0,0,0,1,0,0
2020-04-01,Colombia,48258134,Casanare,420504,NA,NA,NA,NA,1,0,0,2,0,0
2020-04-03,Colombia,48258134,Casanare,420504,NA,NA,NA,NA,0,0,0,2,0,0
2020-04-05,Colombia,48258134,Casanare,420504,NA,NA,NA,NA,0,0,0,2,0,1
2020-04-07,Colombia,48258134,Casanare,420504,NA,NA,NA,NA,0,0,0,2,0,1
2020-04-09,Colombia,48258134,Casanare,420504,NA,NA,NA,NA,1,0,0,3,0,1
2020-04-11,Colombia,48258134,Casanare,420504,NA,NA,NA,NA,2,0,0,7,0,1
2020-04-13,Colombia,48258134,Casanare,420504,NA,NA,NA,NA,0,0,0,7,0,1
2020-04-15,Colombia,48258134,Casanare,420504,NA,NA,NA,NA,0,0,0,9,0,1
2020-04-17,Colombia,48258134,Casanare,420504,NA,NA,NA,NA,0,0,0,9,0,1
2020-04-19,Colombia,48258134,Casanare,420504,NA,NA,NA,NA,1,0,0,10,0,1
2020-04-21,Colombia,48258134,Casanare,420504,NA,NA,NA,NA,0,0,0,10,0,1
2020-04-23,Colombia,48258134,Casanare,420504,NA,NA,NA,NA,0,0,0,10,0,1
2020-04-25,Colombia,48258134,Casanare,420504,NA,NA,NA,NA,0,0,0,10,0,1
2020-04-27,Colombia,48258134,Casanare,420504,NA,NA,NA,NA,0,0,0,10,0,1
2020-04-29,Colombia,48258134,Casanare,420504,NA,NA,NA,NA,2,0,0,18,0,1
2020-05-01,Colombia,48258134,Casanare,420504,NA,NA,NA,NA,0,0,0,18,0,1
2020-05-03,Colombia,48258134,Casanare,420504,NA,NA,NA,NA,1,0,0,19,0,1
2020-05-05,Colombia,48258134,Casanare,420504,NA,NA,NA,NA,0,0,0,20,0,1
2020-05-07,Colombia,48258134,Casanare,420504,NA,NA,NA,NA,0,0,0,20,0,1
2020-05-09,Colombia,48258134,Casanare,420504,NA,NA,NA,NA,0,0,0,20,0,1
2020-05-11,Colombia,48258134,Casanare,420504,NA,NA,NA,NA,0,0,0,21,0,1
2020-05-13,Colombia,48258134,Casanare,420504,NA,NA,NA,NA,4,0,0,25,0,1
2020-05-15,Colombia,48258134,Casanare,420504,NA,NA,NA,NA,0,0,0,25,0,1
2020-05-17,Colombia,48258134,Casanare,420504,NA,NA,NA,NA,0,0,0,25,0,1
2020-05-19,Colombia,48258134,Casanare,420504,NA,NA,NA,NA,0,0,0,25,0,1
2020-05-21,Colombia,48258134,Casanare,420504,NA,NA,NA,NA,0,0,0,26,0,1
2020-05-23,Colombia,48258134,Casanare,420504,NA,NA,NA,NA,0,0,0,26,0,1
2020-05-25,Colombia,48258134,Casanare,420504,NA,NA,NA,NA,6,0,0,32,0,1
2020-05-27,Colombia,48258134,Casanare,420504,NA,NA,NA,NA,1,0,0,33,0,1
2020-05-29,Colombia,48258134,Casanare,420504,NA,NA,NA,NA,1,0,0,34,0,1
2020-05-31,Colombia,48258134,Casanare,420504,NA,NA,NA,NA,1,0,0,35,0,1
2020-06-02,Colombia,48258134,Casanare,420504,NA,NA,NA,NA,0,0,0,35,0,1
2020-06-04,Colombia,48258134,Casanare,420504,NA,NA,NA,NA,1,0,0,36,0,1
2020-06-06,Colombia,48258134,Casanare,420504,NA,NA,NA,NA,0,0,0,36,0,1
2020-06-08,Colombia,48258134,Casanare,420504,NA,NA,NA,NA,0,0,0,36,0,1
2020-06-10,Colombia,48258134,Casanare,420504,NA,NA,NA,NA,0,0,0,36,0,1
2020-06-12,Colombia,48258134,Casanare,420504,NA,NA,NA,NA,1,0,0,37,0,1
2020-06-14,Colombia,48258134,Casanare,420504,NA,NA,NA,NA,1,0,0,38,0,1
2020-06-16,Colombia,48258134,Casanare,420504,NA,NA,NA,NA,0,0,0,38,0,1
2020-06-18,Colombia,48258134,Casanare,420504,NA,NA,NA,NA,2,0,0,41,0,1
2020-06-20,Colombia,48258134,Casanare,420504,NA,NA,NA,NA,1,0,0,52,0,1
2020-06-22,Colombia,48258134,Casanare,420504,NA,NA,NA,NA,2,0,0,57,0,1
2020-06-24,Colombia,48258134,Casanare,420504,NA,NA,NA,NA,3,0,0,61,0,1
2020-06-26,Colombia,48258134,Casanare,420504,NA,NA,NA,NA,0,0,0,64,0,1
2020-06-28,Colombia,48258134,Casanare,420504,NA,NA,NA,NA,1,0,0,66,0,1
2020-06-30,Colombia,48258134,Casanare,420504,NA,NA,NA,NA,0,0,0,66,0,1
2020-07-02,Colombia,48258134,Casanare,420504,NA,NA,NA,NA,2,0,0,70,0,1
2020-07-04,Colombia,48258134,Casanare,420504,NA,NA,NA,NA,0,0,0,85,0,1
2020-07-06,Colombia,48258134,Casanare,420504,NA,NA,NA,NA,1,0,0,88,0,1
2020-07-08,Colombia,48258134,Casanare,420504,NA,NA,NA,NA,2,1,0,90,1,1
2020-07-10,Colombia,48258134,Casanare,420504,NA,NA,NA,NA,14,0,0,111,1,1
2020-07-12,Colombia,48258134,Casanare,420504,NA,NA,NA,NA,2,1,0,117,2,1
2020-07-14,Colombia,48258134,Casanare,420504,NA,NA,NA,NA,9,0,0,130,2,1
2020-07-16,Colombia,48258134,Casanare,420504,NA,NA,NA,NA,5,0,0,141,2,1
2020-07-18,Colombia,48258134,Casanare,420504,NA,NA,NA,NA,5,0,0,148,2,1
2020-07-20,Colombia,48258134,Casanare,420504,NA,NA,NA,NA,18,0,0,174,2,1
2020-07-22,Colombia,48258134,Casanare,420504,NA,NA,NA,NA,4,1,0,190,4,1
2020-07-24,Colombia,48258134,Casanare,420504,NA,NA,NA,NA,4,0,0,204,4,1
2020-07-26,Colombia,48258134,Casanare,420504,NA,NA,NA,NA,7,0,0,222,4,1
2020-07-28,Colombia,48258134,Casanare,420504,NA,NA,NA,NA,15,0,0,269,4,1
2020-07-30,Colombia,48258134,Casanare,420504,NA,NA,NA,NA,21,0,0,298,5,1
2020-08-01,Colombia,48258134,Casanare,420504,NA,NA,NA,NA,9,0,0,315,6,1
2020-08-03,Colombia,48258134,Casanare,420504,NA,NA,NA,NA,23,0,0,351,6,1
2020-08-05,Colombia,48258134,Casanare,420504,NA,NA,NA,NA,25,0,0,391,6,1
2020-08-07,Colombia,48258134,Casanare,420504,NA,NA,NA,NA,13,0,0,429,6,1
2020-08-09,Colombia,48258134,Casanare,420504,NA,NA,NA,NA,8,4,0,451,10,1
2020-08-11,Colombia,48258134,Casanare,420504,NA,NA,NA,NA,12,1,0,503,11,1
2020-08-13,Colombia,48258134,Casanare,420504,NA,NA,NA,NA,38,0,0,573,13,1
2020-08-15,Colombia,48258134,Casanare,420504,NA,NA,NA,NA,20,1,0,613,14,1
2020-02-26,Colombia,48258134,Cauca,1464488,NA,NA,NA,NA,NA,NA,NA,0,0,0
2020-02-28,Colombia,48258134,Cauca,1464488,NA,NA,NA,NA,0,0,0,0,0,0
2020-03-01,Colombia,48258134,Cauca,1464488,NA,NA,NA,NA,0,0,0,0,0,0
2020-03-03,Colombia,48258134,Cauca,1464488,NA,NA,NA,NA,0,0,0,0,0,0
2020-03-05,Colombia,48258134,Cauca,1464488,NA,NA,NA,NA,0,0,0,0,0,0
2020-03-07,Colombia,48258134,Cauca,1464488,NA,NA,NA,NA,0,0,0,0,0,0
2020-03-09,Colombia,48258134,Cauca,1464488,NA,NA,NA,NA,0,0,0,0,0,0
2020-03-11,Colombia,48258134,Cauca,1464488,NA,NA,NA,NA,0,0,0,0,0,0
2020-03-13,Colombia,48258134,Cauca,1464488,NA,NA,NA,NA,0,0,0,0,0,0
2020-03-15,Colombia,48258134,Cauca,1464488,NA,NA,NA,NA,0,0,0,0,0,0
2020-03-17,Colombia,48258134,Cauca,1464488,NA,NA,NA,NA,0,0,0,0,0,0
2020-03-19,Colombia,48258134,Cauca,1464488,NA,NA,NA,NA,2,0,0,2,0,0
2020-03-21,Colombia,48258134,Cauca,1464488,NA,NA,NA,NA,0,0,0,2,0,0
2020-03-23,Colombia,48258134,Cauca,1464488,NA,NA,NA,NA,0,0,0,2,0,0
2020-03-25,Colombia,48258134,Cauca,1464488,NA,NA,NA,NA,6,0,0,9,1,0
2020-03-27,Colombia,48258134,Cauca,1464488,NA,NA,NA,NA,0,0,0,9,1,0
2020-03-29,Colombia,48258134,Cauca,1464488,NA,NA,NA,NA,0,0,0,9,1,0
2020-03-31,Colombia,48258134,Cauca,1464488,NA,NA,NA,NA,0,1,0,9,2,0
2020-04-02,Colombia,48258134,Cauca,1464488,NA,NA,NA,NA,0,0,0,12,2,0
2020-04-04,Colombia,48258134,Cauca,1464488,NA,NA,NA,NA,0,0,0,12,2,0
2020-04-06,Colombia,48258134,Cauca,1464488,NA,NA,NA,NA,2,0,0,15,2,0
2020-04-08,Colombia,48258134,Cauca,1464488,NA,NA,NA,NA,2,0,0,18,2,0
2020-04-10,Colombia,48258134,Cauca,1464488,NA,NA,NA,NA,3,1,3,23,3,4
2020-04-12,Colombia,48258134,Cauca,1464488,NA,NA,NA,NA,1,1,0,27,4,4
2020-04-14,Colombia,48258134,Cauca,1464488,NA,NA,NA,NA,3,0,0,30,4,4
2020-04-16,Colombia,48258134,Cauca,1464488,NA,NA,NA,NA,4,0,0,35,4,4
2020-04-18,Colombia,48258134,Cauca,1464488,NA,NA,NA,NA,3,0,0,41,4,4
2020-04-20,Colombia,48258134,Cauca,1464488,NA,NA,NA,NA,1,0,0,42,4,4
2020-04-22,Colombia,48258134,Cauca,1464488,NA,NA,NA,NA,0,0,0,44,4,4
2020-04-24,Colombia,48258134,Cauca,1464488,NA,NA,NA,NA,2,1,0,47,5,4
2020-04-26,Colombia,48258134,Cauca,1464488,NA,NA,NA,NA,3,0,0,51,5,4
2020-04-28,Colombia,48258134,Cauca,1464488,NA,NA,NA,NA,4,1,0,59,6,4
2020-04-30,Colombia,48258134,Cauca,1464488,NA,NA,NA,NA,2,0,0,64,6,4
2020-05-02,Colombia,48258134,Cauca,1464488,NA,NA,NA,NA,2,0,0,71,6,4
2020-05-04,Colombia,48258134,Cauca,1464488,NA,NA,NA,NA,4,1,0,75,8,4
2020-05-06,Colombia,48258134,Cauca,1464488,NA,NA,NA,NA,1,0,0,88,8,4
2020-05-08,Colombia,48258134,Cauca,1464488,NA,NA,NA,NA,2,0,0,93,8,4
2020-05-10,Colombia,48258134,Cauca,1464488,NA,NA,NA,NA,6,1,0,103,9,4
2020-05-12,Colombia,48258134,Cauca,1464488,NA,NA,NA,NA,19,0,0,131,11,4
2020-05-14,Colombia,48258134,Cauca,1464488,NA,NA,NA,NA,6,1,0,144,12,4
2020-05-16,Colombia,48258134,Cauca,1464488,NA,NA,NA,NA,9,2,0,162,14,4
2020-05-18,Colombia,48258134,Cauca,1464488,NA,NA,NA,NA,23,0,0,189,15,4
2020-05-20,Colombia,48258134,Cauca,1464488,NA,NA,NA,NA,16,0,0,210,15,4
2020-05-22,Colombia,48258134,Cauca,1464488,NA,NA,NA,NA,52,5,0,273,21,4
2020-05-24,Colombia,48258134,Cauca,1464488,NA,NA,NA,NA,16,0,0,306,23,4
2020-05-26,Colombia,48258134,Cauca,1464488,NA,NA,NA,NA,38,0,0,360,24,4
2020-05-28,Colombia,48258134,Cauca,1464488,NA,NA,NA,NA,27,12,0,426,37,4
2020-05-30,Colombia,48258134,Cauca,1464488,NA,NA,NA,NA,129,0,0,569,39,4
2020-06-01,Colombia,48258134,Cauca,1464488,NA,NA,NA,NA,25,0,0,622,40,4
2020-06-03,Colombia,48258134,Cauca,1464488,NA,NA,NA,NA,33,1,0,691,43,4
2020-06-05,Colombia,48258134,Cauca,1464488,NA,NA,NA,NA,93,1,0,814,45,4
2020-06-07,Colombia,48258134,Cauca,1464488,NA,NA,NA,NA,22,5,0,865,50,4
2020-06-09,Colombia,48258134,Cauca,1464488,NA,NA,NA,NA,18,2,0,941,54,4
2020-06-11,Colombia,48258134,Cauca,1464488,NA,NA,NA,NA,41,3,0,1013,60,4
2020-06-13,Colombia,48258134,Cauca,1464488,NA,NA,NA,NA,48,0,0,1122,60,4
2020-06-15,Colombia,48258134,Cauca,1464488,NA,NA,NA,NA,41,5,0,1196,67,4
2020-06-17,Colombia,48258134,Cauca,1464488,NA,NA,NA,NA,33,11,0,1307,84,4
2020-06-19,Colombia,48258134,Cauca,1464488,NA,NA,NA,NA,51,3,0,1390,90,4
2020-06-21,Colombia,48258134,Cauca,1464488,NA,NA,NA,NA,61,1,0,1485,91,4
2020-06-23,Colombia,48258134,Cauca,1464488,NA,NA,NA,NA,44,2,0,1556,97,4
2020-06-25,Colombia,48258134,Cauca,1464488,NA,NA,NA,NA,31,0,0,1650,97,4
2020-06-27,Colombia,48258134,Cauca,1464488,NA,NA,NA,NA,28,0,0,1705,98,4
2020-06-29,Colombia,48258134,Cauca,1464488,NA,NA,NA,NA,8,2,0,1764,102,4
2020-07-01,Colombia,48258134,Cauca,1464488,NA,NA,NA,NA,87,20,0,1901,123,4
2020-07-03,Colombia,48258134,Cauca,1464488,NA,NA,NA,NA,22,1,0,2013,127,4
2020-07-05,Colombia,48258134,Cauca,1464488,NA,NA,NA,NA,37,0,0,2113,127,4
2020-07-07,Colombia,48258134,Cauca,1464488,NA,NA,NA,NA,76,4,0,2206,138,4
2020-07-09,Colombia,48258134,Cauca,1464488,NA,NA,NA,NA,64,1,0,2327,140,4
2020-07-11,Colombia,48258134,Cauca,1464488,NA,NA,NA,NA,29,0,0,2439,144,4
2020-07-13,Colombia,48258134,Cauca,1464488,NA,NA,NA,NA,12,6,0,2494,163,4
2020-07-15,Colombia,48258134,Cauca,1464488,NA,NA,NA,NA,69,3,0,2645,169,4
2020-07-17,Colombia,48258134,Cauca,1464488,NA,NA,NA,NA,93,0,0,2838,173,4
2020-07-19,Colombia,48258134,Cauca,1464488,NA,NA,NA,NA,59,3,0,2954,182,4
2020-07-21,Colombia,48258134,Cauca,1464488,NA,NA,NA,NA,108,4,0,3100,188,4
2020-07-23,Colombia,48258134,Cauca,1464488,NA,NA,NA,NA,120,2,0,3366,194,4
2020-07-25,Colombia,48258134,Cauca,1464488,NA,NA,NA,NA,99,5,0,3502,201,4
2020-07-27,Colombia,48258134,Cauca,1464488,NA,NA,NA,NA,68,2,0,3662,208,4
2020-07-29,Colombia,48258134,Cauca,1464488,NA,NA,NA,NA,64,4,0,3830,213,4
2020-07-31,Colombia,48258134,Cauca,1464488,NA,NA,NA,NA,83,1,0,3997,220,4
2020-08-02,Colombia,48258134,Cauca,1464488,NA,NA,NA,NA,83,5,0,4170,231,4
2020-08-04,Colombia,48258134,Cauca,1464488,NA,NA,NA,NA,64,7,0,4327,244,4
2020-08-06,Colombia,48258134,Cauca,1464488,NA,NA,NA,NA,83,3,0,4577,250,4
2020-08-08,Colombia,48258134,Cauca,1464488,NA,NA,NA,NA,66,5,0,4778,260,4
2020-08-10,Colombia,48258134,Cauca,1464488,NA,NA,NA,NA,30,4,0,4894,269,4
2020-08-12,Colombia,48258134,Cauca,1464488,NA,NA,NA,NA,41,7,0,5036,280,4
2020-08-14,Colombia,48258134,Cauca,1464488,NA,NA,NA,NA,161,1,0,5409,284,4
2020-02-25,Colombia,48258134,Cesar,1200574,NA,NA,NA,NA,NA,NA,NA,0,0,0
2020-02-27,Colombia,48258134,Cesar,1200574,NA,NA,NA,NA,0,0,0,0,0,0
2020-02-29,Colombia,48258134,Cesar,1200574,NA,NA,NA,NA,0,0,0,0,0,0
2020-03-02,Colombia,48258134,Cesar,1200574,NA,NA,NA,NA,0,0,0,0,0,0
2020-03-04,Colombia,48258134,Cesar,1200574,NA,NA,NA,NA,0,0,0,0,0,0
2020-03-06,Colombia,48258134,Cesar,1200574,NA,NA,NA,NA,0,0,0,0,0,0
2020-03-08,Colombia,48258134,Cesar,1200574,NA,NA,NA,NA,0,0,0,0,0,0
2020-03-10,Colombia,48258134,Cesar,1200574,NA,NA,NA,NA,0,0,0,0,0,0
2020-03-12,Colombia,48258134,Cesar,1200574,NA,NA,NA,NA,0,0,0,0,0,0
2020-03-14,Colombia,48258134,Cesar,1200574,NA,NA,NA,NA,0,0,0,0,0,0
2020-03-16,Colombia,48258134,Cesar,1200574,NA,NA,NA,NA,0,0,0,0,0,0
2020-03-18,Colombia,48258134,Cesar,1200574,NA,NA,NA,NA,0,0,0,0,0,0
2020-03-20,Colombia,48258134,Cesar,1200574,NA,NA,NA,NA,0,0,0,0,0,0
2020-03-22,Colombia,48258134,Cesar,1200574,NA,NA,NA,NA,1,0,0,1,0,0
2020-03-24,Colombia,48258134,Cesar,1200574,NA,NA,NA,NA,1,0,0,2,0,0
2020-03-26,Colombia,48258134,Cesar,1200574,NA,NA,NA,NA,0,0,0,2,0,0
2020-03-28,Colombia,48258134,Cesar,1200574,NA,NA,NA,NA,1,0,0,3,0,1
2020-03-30,Colombia,48258134,Cesar,1200574,NA,NA,NA,NA,0,0,0,4,0,1
2020-04-01,Colombia,48258134,Cesar,1200574,NA,NA,NA,NA,5,0,0,16,0,1
2020-04-03,Colombia,48258134,Cesar,1200574,NA,NA,NA,NA,0,0,0,16,0,1
2020-04-05,Colombia,48258134,Cesar,1200574,NA,NA,NA,NA,0,0,0,16,0,1
2020-04-07,Colombia,48258134,Cesar,1200574,NA,NA,NA,NA,0,0,2,16,0,3
2020-04-09,Colombia,48258134,Cesar,1200574,NA,NA,NA,NA,1,0,1,18,0,4
2020-04-11,Colombia,48258134,Cesar,1200574,NA,NA,NA,NA,12,0,0,32,0,8
2020-04-13,Colombia,48258134,Cesar,1200574,NA,NA,NA,NA,0,0,0,32,0,8
2020-04-15,Colombia,48258134,Cesar,1200574,NA,NA,NA,NA,0,0,0,32,0,8
2020-04-17,Colombia,48258134,Cesar,1200574,NA,NA,NA,NA,0,0,0,33,1,8
2020-04-19,Colombia,48258134,Cesar,1200574,NA,NA,NA,NA,0,0,0,33,1,8
2020-04-21,Colombia,48258134,Cesar,1200574,NA,NA,NA,NA,0,1,0,35,2,8
2020-04-23,Colombia,48258134,Cesar,1200574,NA,NA,NA,NA,0,0,0,35,4,8
2020-04-25,Colombia,48258134,Cesar,1200574,NA,NA,NA,NA,11,0,0,53,6,8
2020-04-27,Colombia,48258134,Cesar,1200574,NA,NA,NA,NA,0,1,0,53,7,8
2020-04-29,Colombia,48258134,Cesar,1200574,NA,NA,NA,NA,0,0,0,55,7,8
2020-05-01,Colombia,48258134,Cesar,1200574,NA,NA,NA,NA,0,0,0,55,7,8
2020-05-03,Colombia,48258134,Cesar,1200574,NA,NA,NA,NA,3,2,0,62,9,8
2020-05-05,Colombia,48258134,Cesar,1200574,NA,NA,NA,NA,8,1,0,70,10,8
2020-05-07,Colombia,48258134,Cesar,1200574,NA,NA,NA,NA,0,1,0,70,11,8
2020-05-09,Colombia,48258134,Cesar,1200574,NA,NA,NA,NA,1,0,0,71,11,8
2020-05-11,Colombia,48258134,Cesar,1200574,NA,NA,NA,NA,0,0,0,72,11,8
2020-05-13,Colombia,48258134,Cesar,1200574,NA,NA,NA,NA,0,0,0,72,11,8
2020-05-15,Colombia,48258134,Cesar,1200574,NA,NA,NA,NA,0,0,0,72,11,8
2020-05-17,Colombia,48258134,Cesar,1200574,NA,NA,NA,NA,1,0,0,76,11,8
2020-05-19,Colombia,48258134,Cesar,1200574,NA,NA,NA,NA,1,0,0,78,11,8
2020-05-21,Colombia,48258134,Cesar,1200574,NA,NA,NA,NA,1,0,0,80,11,8
2020-05-23,Colombia,48258134,Cesar,1200574,NA,NA,NA,NA,7,0,0,87,11,8
2020-05-25,Colombia,48258134,Cesar,1200574,NA,NA,NA,NA,6,0,0,96,11,8
2020-05-27,Colombia,48258134,Cesar,1200574,NA,NA,NA,NA,15,0,0,116,11,8
2020-05-29,Colombia,48258134,Cesar,1200574,NA,NA,NA,NA,34,0,0,163,11,8
2020-05-31,Colombia,48258134,Cesar,1200574,NA,NA,NA,NA,46,0,0,253,11,8
2020-06-02,Colombia,48258134,Cesar,1200574,NA,NA,NA,NA,37,0,0,323,11,8
2020-06-04,Colombia,48258134,Cesar,1200574,NA,NA,NA,NA,48,0,0,395,11,8
2020-06-06,Colombia,48258134,Cesar,1200574,NA,NA,NA,NA,11,0,0,425,11,8
2020-06-08,Colombia,48258134,Cesar,1200574,NA,NA,NA,NA,21,0,0,449,11,8
2020-06-10,Colombia,48258134,Cesar,1200574,NA,NA,NA,NA,26,0,0,496,11,8
2020-06-12,Colombia,48258134,Cesar,1200574,NA,NA,NA,NA,6,6,0,504,17,8
2020-06-14,Colombia,48258134,Cesar,1200574,NA,NA,NA,NA,14,0,0,542,17,8
2020-06-16,Colombia,48258134,Cesar,1200574,NA,NA,NA,NA,6,0,0,560,17,8
2020-06-18,Colombia,48258134,Cesar,1200574,NA,NA,NA,NA,23,0,0,611,17,8
2020-06-20,Colombia,48258134,Cesar,1200574,NA,NA,NA,NA,66,1,0,691,22,8
2020-06-22,Colombia,48258134,Cesar,1200574,NA,NA,NA,NA,29,0,0,728,22,8
2020-06-24,Colombia,48258134,Cesar,1200574,NA,NA,NA,NA,52,0,0,783,22,8
2020-06-26,Colombia,48258134,Cesar,1200574,NA,NA,NA,NA,21,0,0,811,22,8
2020-06-28,Colombia,48258134,Cesar,1200574,NA,NA,NA,NA,61,0,0,945,22,8
2020-06-30,Colombia,48258134,Cesar,1200574,NA,NA,NA,NA,34,0,0,1026,25,8
2020-07-02,Colombia,48258134,Cesar,1200574,NA,NA,NA,NA,5,0,0,1075,32,8
2020-07-04,Colombia,48258134,Cesar,1200574,NA,NA,NA,NA,99,0,0,1267,32,8
2020-07-06,Colombia,48258134,Cesar,1200574,NA,NA,NA,NA,22,0,0,1321,34,8
2020-07-08,Colombia,48258134,Cesar,1200574,NA,NA,NA,NA,21,0,0,1360,35,8
2020-07-10,Colombia,48258134,Cesar,1200574,NA,NA,NA,NA,36,1,0,1418,36,8
2020-07-12,Colombia,48258134,Cesar,1200574,NA,NA,NA,NA,71,6,0,1504,42,8
2020-07-14,Colombia,48258134,Cesar,1200574,NA,NA,NA,NA,28,1,0,1584,45,8
2020-07-16,Colombia,48258134,Cesar,1200574,NA,NA,NA,NA,101,2,0,1765,49,8
2020-07-18,Colombia,48258134,Cesar,1200574,NA,NA,NA,NA,73,2,0,1891,53,8
2020-07-20,Colombia,48258134,Cesar,1200574,NA,NA,NA,NA,118,0,0,2113,54,8
2020-07-22,Colombia,48258134,Cesar,1200574,NA,NA,NA,NA,99,1,0,2223,56,8
2020-07-24,Colombia,48258134,Cesar,1200574,NA,NA,NA,NA,59,2,0,2366,61,8
2020-07-26,Colombia,48258134,Cesar,1200574,NA,NA,NA,NA,88,1,0,2534,64,8
2020-07-28,Colombia,48258134,Cesar,1200574,NA,NA,NA,NA,162,4,0,2797,69,8
2020-07-30,Colombia,48258134,Cesar,1200574,NA,NA,NA,NA,115,1,0,3000,70,8
2020-08-01,Colombia,48258134,Cesar,1200574,NA,NA,NA,NA,236,8,0,3351,79,8
2020-08-03,Colombia,48258134,Cesar,1200574,NA,NA,NA,NA,34,5,0,3537,87,8
2020-08-05,Colombia,48258134,Cesar,1200574,NA,NA,NA,NA,104,0,0,3835,91,8
2020-08-07,Colombia,48258134,Cesar,1200574,NA,NA,NA,NA,225,10,0,4204,107,8
2020-08-09,Colombia,48258134,Cesar,1200574,NA,NA,NA,NA,84,4,0,4466,112,8
2020-08-11,Colombia,48258134,Cesar,1200574,NA,NA,NA,NA,276,0,0,4786,114,8
2020-08-13,Colombia,48258134,Cesar,1200574,NA,NA,NA,NA,265,3,0,5121,126,8
2020-08-15,Colombia,48258134,Cesar,1200574,NA,NA,NA,NA,155,0,0,5452,128,8
2020-02-26,Colombia,48258134,Choco,534826,NA,NA,NA,NA,NA,NA,NA,0,0,0
2020-02-28,Colombia,48258134,Choco,534826,NA,NA,NA,NA,0,0,0,0,0,0
2020-03-01,Colombia,48258134,Choco,534826,NA,NA,NA,NA,0,0,0,0,0,0
2020-03-03,Colombia,48258134,Choco,534826,NA,NA,NA,NA,0,0,0,0,0,0
2020-03-05,Colombia,48258134,Choco,534826,NA,NA,NA,NA,0,0,0,0,0,0
2020-03-07,Colombia,48258134,Choco,534826,NA,NA,NA,NA,0,0,0,0,0,0
2020-03-09,Colombia,48258134,Choco,534826,NA,NA,NA,NA,0,0,0,0,0,0
2020-03-11,Colombia,48258134,Choco,534826,NA,NA,NA,NA,0,0,0,0,0,0
2020-03-13,Colombia,48258134,Choco,534826,NA,NA,NA,NA,0,0,0,0,0,0
2020-03-15,Colombia,48258134,Choco,534826,NA,NA,NA,NA,0,0,0,0,0,0
2020-03-17,Colombia,48258134,Choco,534826,NA,NA,NA,NA,0,0,0,0,0,0
2020-03-19,Colombia,48258134,Choco,534826,NA,NA,NA,NA,0,0,0,0,0,0
2020-03-21,Colombia,48258134,Choco,534826,NA,NA,NA,NA,0,0,0,0,0,0
2020-03-23,Colombia,48258134,Choco,534826,NA,NA,NA,NA,0,0,0,0,0,0
2020-03-25,Colombia,48258134,Choco,534826,NA,NA,NA,NA,0,0,0,0,0,0
2020-03-27,Colombia,48258134,Choco,534826,NA,NA,NA,NA,0,0,0,0,0,0
2020-03-29,Colombia,48258134,Choco,534826,NA,NA,NA,NA,0,0,0,0,0,0
2020-03-31,Colombia,48258134,Choco,534826,NA,NA,NA,NA,0,0,0,0,0,0
2020-04-02,Colombia,48258134,Choco,534826,NA,NA,NA,NA,0,0,0,0,0,0
2020-04-04,Colombia,48258134,Choco,534826,NA,NA,NA,NA,0,0,0,0,0,0
2020-04-06,Colombia,48258134,Choco,534826,NA,NA,NA,NA,0,0,0,0,0,0
2020-04-08,Colombia,48258134,Choco,534826,NA,NA,NA,NA,0,0,0,0,0,0
2020-04-10,Colombia,48258134,Choco,534826,NA,NA,NA,NA,0,0,0,0,0,0
2020-04-12,Colombia,48258134,Choco,534826,NA,NA,NA,NA,0,0,0,1,0,0
2020-04-14,Colombia,48258134,Choco,534826,NA,NA,NA,NA,0,0,0,1,0,0
2020-04-16,Colombia,48258134,Choco,534826,NA,NA,NA,NA,0,0,0,1,0,0
2020-04-18,Colombia,48258134,Choco,534826,NA,NA,NA,NA,2,0,0,8,0,0
2020-04-20,Colombia,48258134,Choco,534826,NA,NA,NA,NA,0,0,0,8,0,0
2020-04-22,Colombia,48258134,Choco,534826,NA,NA,NA,NA,0,0,0,9,0,0
2020-04-24,Colombia,48258134,Choco,534826,NA,NA,NA,NA,0,0,0,10,0,0
2020-04-26,Colombia,48258134,Choco,534826,NA,NA,NA,NA,1,0,0,11,1,0
2020-04-28,Colombia,48258134,Choco,534826,NA,NA,NA,NA,1,0,0,12,1,0
2020-04-30,Colombia,48258134,Choco,534826,NA,NA,NA,NA,0,1,0,13,2,0
2020-05-02,Colombia,48258134,Choco,534826,NA,NA,NA,NA,2,1,0,15,3,0
2020-05-04,Colombia,48258134,Choco,534826,NA,NA,NA,NA,8,0,0,23,3,0
2020-05-06,Colombia,48258134,Choco,534826,NA,NA,NA,NA,3,0,0,27,3,0
2020-05-08,Colombia,48258134,Choco,534826,NA,NA,NA,NA,0,0,0,27,3,0
2020-05-10,Colombia,48258134,Choco,534826,NA,NA,NA,NA,1,0,0,28,3,0
2020-05-12,Colombia,48258134,Choco,534826,NA,NA,NA,NA,7,0,0,35,3,0
2020-05-14,Colombia,48258134,Choco,534826,NA,NA,NA,NA,0,0,0,40,3,0
2020-05-16,Colombia,48258134,Choco,534826,NA,NA,NA,NA,0,1,0,42,4,0
2020-05-18,Colombia,48258134,Choco,534826,NA,NA,NA,NA,0,0,0,43,4,0
2020-05-20,Colombia,48258134,Choco,534826,NA,NA,NA,NA,7,0,0,80,4,0
2020-05-22,Colombia,48258134,Choco,534826,NA,NA,NA,NA,2,0,0,82,4,0
2020-05-24,Colombia,48258134,Choco,534826,NA,NA,NA,NA,9,0,0,93,4,0
2020-05-26,Colombia,48258134,Choco,534826,NA,NA,NA,NA,12,0,0,121,4,0
2020-05-28,Colombia,48258134,Choco,534826,NA,NA,NA,NA,42,0,0,196,4,0
2020-05-30,Colombia,48258134,Choco,534826,NA,NA,NA,NA,23,0,0,219,10,0
2020-06-01,Colombia,48258134,Choco,534826,NA,NA,NA,NA,1,0,0,227,10,0
2020-06-03,Colombia,48258134,Choco,534826,NA,NA,NA,NA,0,0,0,295,10,0
2020-06-05,Colombia,48258134,Choco,534826,NA,NA,NA,NA,60,0,0,395,10,0
2020-06-07,Colombia,48258134,Choco,534826,NA,NA,NA,NA,16,0,0,412,11,0
2020-06-09,Colombia,48258134,Choco,534826,NA,NA,NA,NA,17,0,0,489,11,0
2020-06-11,Colombia,48258134,Choco,534826,NA,NA,NA,NA,20,0,0,577,11,0
2020-06-13,Colombia,48258134,Choco,534826,NA,NA,NA,NA,98,11,0,681,22,0
2020-06-15,Colombia,48258134,Choco,534826,NA,NA,NA,NA,21,1,0,716,23,0
2020-06-17,Colombia,48258134,Choco,534826,NA,NA,NA,NA,18,6,0,841,29,0
2020-06-19,Colombia,48258134,Choco,534826,NA,NA,NA,NA,32,3,0,953,32,0
2020-06-21,Colombia,48258134,Choco,534826,NA,NA,NA,NA,10,1,0,982,35,0
2020-06-23,Colombia,48258134,Choco,534826,NA,NA,NA,NA,19,1,0,1030,37,0
2020-06-25,Colombia,48258134,Choco,534826,NA,NA,NA,NA,86,0,0,1234,39,0
2020-06-27,Colombia,48258134,Choco,534826,NA,NA,NA,NA,70,5,0,1391,44,0
2020-06-29,Colombia,48258134,Choco,534826,NA,NA,NA,NA,31,0,0,1452,47,0
2020-07-01,Colombia,48258134,Choco,534826,NA,NA,NA,NA,140,14,0,1684,61,0
2020-07-03,Colombia,48258134,Choco,534826,NA,NA,NA,NA,14,0,0,1756,62,0
2020-07-05,Colombia,48258134,Choco,534826,NA,NA,NA,NA,35,4,0,1871,67,0
2020-07-07,Colombia,48258134,Choco,534826,NA,NA,NA,NA,22,1,0,2004,69,0
2020-07-09,Colombia,48258134,Choco,534826,NA,NA,NA,NA,46,3,0,2079,73,0
2020-07-11,Colombia,48258134,Choco,534826,NA,NA,NA,NA,51,3,0,2177,78,0
2020-07-13,Colombia,48258134,Choco,534826,NA,NA,NA,NA,10,14,0,2207,92,0
2020-07-15,Colombia,48258134,Choco,534826,NA,NA,NA,NA,26,0,0,2307,93,0
2020-07-17,Colombia,48258134,Choco,534826,NA,NA,NA,NA,42,0,0,2433,93,0
2020-07-19,Colombia,48258134,Choco,534826,NA,NA,NA,NA,28,2,0,2499,96,0
2020-07-21,Colombia,48258134,Choco,534826,NA,NA,NA,NA,31,2,0,2561,98,0
2020-07-23,Colombia,48258134,Choco,534826,NA,NA,NA,NA,48,1,0,2761,99,0
2020-07-25,Colombia,48258134,Choco,534826,NA,NA,NA,NA,15,1,0,2802,101,0
2020-07-27,Colombia,48258134,Choco,534826,NA,NA,NA,NA,41,1,0,2861,106,0
2020-07-29,Colombia,48258134,Choco,534826,NA,NA,NA,NA,15,0,0,2931,108,0
2020-07-31,Colombia,48258134,Choco,534826,NA,NA,NA,NA,33,0,0,3000,108,0
2020-08-02,Colombia,48258134,Choco,534826,NA,NA,NA,NA,34,2,0,3054,112,0
2020-08-04,Colombia,48258134,Choco,534826,NA,NA,NA,NA,29,5,0,3099,117,0
2020-08-06,Colombia,48258134,Choco,534826,NA,NA,NA,NA,22,5,0,3125,122,0
2020-08-08,Colombia,48258134,Choco,534826,NA,NA,NA,NA,16,0,0,3167,122,0
2020-08-10,Colombia,48258134,Choco,534826,NA,NA,NA,NA,68,0,0,3265,129,0
2020-08-12,Colombia,48258134,Choco,534826,NA,NA,NA,NA,78,0,0,3404,129,0
2020-08-14,Colombia,48258134,Choco,534826,NA,NA,NA,NA,1,0,0,3430,129,0
2020-02-25,Colombia,48258134,Cordoba,1784783,NA,NA,NA,NA,NA,NA,NA,0,0,0
2020-02-27,Colombia,48258134,Cordoba,1784783,NA,NA,NA,NA,0,0,0,0,0,0
2020-02-29,Colombia,48258134,Cordoba,1784783,NA,NA,NA,NA,0,0,0,0,0,0
2020-03-02,Colombia,48258134,Cordoba,1784783,NA,NA,NA,NA,0,0,0,0,0,0
2020-03-04,Colombia,48258134,Cordoba,1784783,NA,NA,NA,NA,0,0,0,0,0,0
2020-03-06,Colombia,48258134,Cordoba,1784783,NA,NA,NA,NA,0,0,0,0,0,0
2020-03-08,Colombia,48258134,Cordoba,1784783,NA,NA,NA,NA,0,0,0,0,0,0
2020-03-10,Colombia,48258134,Cordoba,1784783,NA,NA,NA,NA,0,0,0,0,0,0
2020-03-12,Colombia,48258134,Cordoba,1784783,NA,NA,NA,NA,0,0,0,0,0,0
2020-03-14,Colombia,48258134,Cordoba,1784783,NA,NA,NA,NA,0,0,0,0,0,0
2020-03-16,Colombia,48258134,Cordoba,1784783,NA,NA,NA,NA,0,0,0,0,0,0
2020-03-18,Colombia,48258134,Cordoba,1784783,NA,NA,NA,NA,0,0,0,0,0,0
2020-03-20,Colombia,48258134,Cordoba,1784783,NA,NA,NA,NA,0,0,0,0,0,0
2020-03-22,Colombia,48258134,Cordoba,1784783,NA,NA,NA,NA,0,0,0,0,0,0
2020-03-24,Colombia,48258134,Cordoba,1784783,NA,NA,NA,NA,0,0,0,0,0,0
2020-03-26,Colombia,48258134,Cordoba,1784783,NA,NA,NA,NA,0,0,0,0,0,0
2020-03-28,Colombia,48258134,Cordoba,1784783,NA,NA,NA,NA,1,0,0,1,0,0
2020-03-30,Colombia,48258134,Cordoba,1784783,NA,NA,NA,NA,0,0,0,2,0,0
2020-04-01,Colombia,48258134,Cordoba,1784783,NA,NA,NA,NA,0,0,0,2,0,0
2020-04-03,Colombia,48258134,Cordoba,1784783,NA,NA,NA,NA,0,1,0,2,2,0
2020-04-05,Colombia,48258134,Cordoba,1784783,NA,NA,NA,NA,0,0,0,3,2,0
2020-04-07,Colombia,48258134,Cordoba,1784783,NA,NA,NA,NA,0,0,0,3,2,0
2020-04-09,Colombia,48258134,Cordoba,1784783,NA,NA,NA,NA,0,0,1,7,2,1
2020-04-11,Colombia,48258134,Cordoba,1784783,NA,NA,NA,NA,6,0,0,13,2,1
2020-04-13,Colombia,48258134,Cordoba,1784783,NA,NA,NA,NA,0,0,0,13,2,1
2020-04-15,Colombia,48258134,Cordoba,1784783,NA,NA,NA,NA,0,0,0,15,2,1
2020-04-17,Colombia,48258134,Cordoba,1784783,NA,NA,NA,NA,0,0,0,17,2,1
2020-04-19,Colombia,48258134,Cordoba,1784783,NA,NA,NA,NA,2,0,0,20,2,1
2020-04-21,Colombia,48258134,Cordoba,1784783,NA,NA,NA,NA,0,0,0,20,2,1
2020-04-23,Colombia,48258134,Cordoba,1784783,NA,NA,NA,NA,0,1,0,21,3,1
2020-04-25,Colombia,48258134,Cordoba,1784783,NA,NA,NA,NA,1,0,0,23,3,1
2020-04-27,Colombia,48258134,Cordoba,1784783,NA,NA,NA,NA,0,0,0,23,3,1
2020-04-29,Colombia,48258134,Cordoba,1784783,NA,NA,NA,NA,0,0,0,26,3,1
2020-05-01,Colombia,48258134,Cordoba,1784783,NA,NA,NA,NA,3,0,0,29,3,1
2020-05-03,Colombia,48258134,Cordoba,1784783,NA,NA,NA,NA,0,0,0,29,3,1
2020-05-05,Colombia,48258134,Cordoba,1784783,NA,NA,NA,NA,0,0,0,29,3,1
2020-05-07,Colombia,48258134,Cordoba,1784783,NA,NA,NA,NA,0,0,0,30,3,1
2020-05-09,Colombia,48258134,Cordoba,1784783,NA,NA,NA,NA,0,0,0,31,3,1
2020-05-11,Colombia,48258134,Cordoba,1784783,NA,NA,NA,NA,0,0,0,39,3,1
2020-05-13,Colombia,48258134,Cordoba,1784783,NA,NA,NA,NA,0,0,0,42,3,1
2020-05-15,Colombia,48258134,Cordoba,1784783,NA,NA,NA,NA,11,1,0,62,4,1
2020-05-17,Colombia,48258134,Cordoba,1784783,NA,NA,NA,NA,7,0,0,78,4,1
2020-05-19,Colombia,48258134,Cordoba,1784783,NA,NA,NA,NA,5,0,0,83,4,1
2020-05-21,Colombia,48258134,Cordoba,1784783,NA,NA,NA,NA,0,0,0,86,5,1
2020-05-23,Colombia,48258134,Cordoba,1784783,NA,NA,NA,NA,1,0,0,88,5,1
2020-05-25,Colombia,48258134,Cordoba,1784783,NA,NA,NA,NA,1,0,0,92,6,1
2020-05-27,Colombia,48258134,Cordoba,1784783,NA,NA,NA,NA,3,0,0,96,6,1
2020-05-29,Colombia,48258134,Cordoba,1784783,NA,NA,NA,NA,9,0,0,110,6,1
2020-05-31,Colombia,48258134,Cordoba,1784783,NA,NA,NA,NA,4,0,0,124,6,1
2020-06-02,Colombia,48258134,Cordoba,1784783,NA,NA,NA,NA,0,2,0,135,8,1
2020-06-04,Colombia,48258134,Cordoba,1784783,NA,NA,NA,NA,10,0,0,173,9,1
2020-06-06,Colombia,48258134,Cordoba,1784783,NA,NA,NA,NA,15,2,0,210,11,1
2020-06-08,Colombia,48258134,Cordoba,1784783,NA,NA,NA,NA,5,0,0,226,13,1
2020-06-10,Colombia,48258134,Cordoba,1784783,NA,NA,NA,NA,5,0,0,236,13,1
2020-06-12,Colombia,48258134,Cordoba,1784783,NA,NA,NA,NA,5,2,0,247,15,1
2020-06-14,Colombia,48258134,Cordoba,1784783,NA,NA,NA,NA,24,1,0,277,16,1
2020-06-16,Colombia,48258134,Cordoba,1784783,NA,NA,NA,NA,25,3,0,304,19,1
2020-06-18,Colombia,48258134,Cordoba,1784783,NA,NA,NA,NA,68,1,0,378,21,1
2020-06-20,Colombia,48258134,Cordoba,1784783,NA,NA,NA,NA,16,3,0,422,25,1
2020-06-22,Colombia,48258134,Cordoba,1784783,NA,NA,NA,NA,17,2,0,456,28,1
2020-06-24,Colombia,48258134,Cordoba,1784783,NA,NA,NA,NA,18,2,0,483,33,1
2020-06-26,Colombia,48258134,Cordoba,1784783,NA,NA,NA,NA,24,0,0,544,33,1
2020-06-28,Colombia,48258134,Cordoba,1784783,NA,NA,NA,NA,61,11,0,642,44,1
2020-06-30,Colombia,48258134,Cordoba,1784783,NA,NA,NA,NA,42,1,0,786,49,1
2020-07-02,Colombia,48258134,Cordoba,1784783,NA,NA,NA,NA,93,10,0,894,103,1
2020-07-04,Colombia,48258134,Cordoba,1784783,NA,NA,NA,NA,104,13,0,1020,127,1
2020-07-06,Colombia,48258134,Cordoba,1784783,NA,NA,NA,NA,50,16,0,1103,155,1
2020-07-08,Colombia,48258134,Cordoba,1784783,NA,NA,NA,NA,77,19,0,1265,197,1
2020-07-10,Colombia,48258134,Cordoba,1784783,NA,NA,NA,NA,77,13,0,1510,227,1
2020-07-12,Colombia,48258134,Cordoba,1784783,NA,NA,NA,NA,69,74,0,1596,312,1
2020-07-14,Colombia,48258134,Cordoba,1784783,NA,NA,NA,NA,38,23,0,1696,372,1
2020-07-16,Colombia,48258134,Cordoba,1784783,NA,NA,NA,NA,108,24,0,1882,425,1
2020-07-18,Colombia,48258134,Cordoba,1784783,NA,NA,NA,NA,409,22,0,2588,484,1
2020-07-20,Colombia,48258134,Cordoba,1784783,NA,NA,NA,NA,146,19,0,2859,526,1
2020-07-22,Colombia,48258134,Cordoba,1784783,NA,NA,NA,NA,206,31,0,3175,582,1
2020-07-24,Colombia,48258134,Cordoba,1784783,NA,NA,NA,NA,114,14,0,3459,613,1
2020-07-26,Colombia,48258134,Cordoba,1784783,NA,NA,NA,NA,389,6,0,3983,631,1
2020-07-28,Colombia,48258134,Cordoba,1784783,NA,NA,NA,NA,336,20,0,4840,660,1
2020-07-30,Colombia,48258134,Cordoba,1784783,NA,NA,NA,NA,381,17,0,5412,693,1
2020-08-01,Colombia,48258134,Cordoba,1784783,NA,NA,NA,NA,287,56,0,5825,749,1
2020-08-03,Colombia,48258134,Cordoba,1784783,NA,NA,NA,NA,504,26,0,6941,803,1
2020-08-05,Colombia,48258134,Cordoba,1784783,NA,NA,NA,NA,526,12,0,7775,831,1
2020-08-07,Colombia,48258134,Cordoba,1784783,NA,NA,NA,NA,199,18,0,8246,853,1
2020-08-09,Colombia,48258134,Cordoba,1784783,NA,NA,NA,NA,900,32,0,9616,938,1
2020-08-11,Colombia,48258134,Cordoba,1784783,NA,NA,NA,NA,880,16,0,11241,960,1
2020-08-13,Colombia,48258134,Cordoba,1784783,NA,NA,NA,NA,497,9,0,12199,987,1
2020-08-15,Colombia,48258134,Cordoba,1784783,NA,NA,NA,NA,643,0,0,13231,992,1
2020-02-26,Colombia,48258134,Cundinamarca,2919060,NA,NA,NA,NA,NA,NA,NA,0,0,0
2020-02-28,Colombia,48258134,Cundinamarca,2919060,NA,NA,NA,NA,0,0,0,0,0,0
2020-03-01,Colombia,48258134,Cundinamarca,2919060,NA,NA,NA,NA,0,0,0,0,0,0
2020-03-03,Colombia,48258134,Cundinamarca,2919060,NA,NA,NA,NA,0,0,0,0,0,0
2020-03-05,Colombia,48258134,Cundinamarca,2919060,NA,NA,NA,NA,0,0,0,0,0,0
2020-03-07,Colombia,48258134,Cundinamarca,2919060,NA,NA,NA,NA,0,0,0,0,0,0
2020-03-09,Colombia,48258134,Cundinamarca,2919060,NA,NA,NA,NA,0,0,0,0,0,0
2020-03-11,Colombia,48258134,Cundinamarca,2919060,NA,NA,NA,NA,0,0,0,0,0,0
2020-03-13,Colombia,48258134,Cundinamarca,2919060,NA,NA,NA,NA,0,0,0,0,0,0
2020-03-15,Colombia,48258134,Cundinamarca,2919060,NA,NA,NA,NA,1,0,0,1,0,0
2020-03-17,Colombia,48258134,Cundinamarca,2919060,NA,NA,NA,NA,2,0,0,4,0,0
2020-03-19,Colombia,48258134,Cundinamarca,2919060,NA,NA,NA,NA,1,0,0,5,0,0
2020-03-21,Colombia,48258134,Cundinamarca,2919060,NA,NA,NA,NA,2,0,0,12,0,0
2020-03-23,Colombia,48258134,Cundinamarca,2919060,NA,NA,NA,NA,5,0,0,17,0,0
2020-03-25,Colombia,48258134,Cundinamarca,2919060,NA,NA,NA,NA,3,0,0,27,0,0
2020-03-27,Colombia,48258134,Cundinamarca,2919060,NA,NA,NA,NA,1,0,0,28,0,0
2020-03-29,Colombia,48258134,Cundinamarca,2919060,NA,NA,NA,NA,0,0,0,30,0,0
2020-03-31,Colombia,48258134,Cundinamarca,2919060,NA,NA,NA,NA,9,0,0,44,0,0
2020-04-02,Colombia,48258134,Cundinamarca,2919060,NA,NA,NA,NA,2,0,3,52,1,3
2020-04-04,Colombia,48258134,Cundinamarca,2919060,NA,NA,NA,NA,7,0,1,62,4,4
2020-04-06,Colombia,48258134,Cundinamarca,2919060,NA,NA,NA,NA,4,0,0,71,4,4
2020-04-08,Colombia,48258134,Cundinamarca,2919060,NA,NA,NA,NA,5,0,0,81,4,4
2020-04-10,Colombia,48258134,Cundinamarca,2919060,NA,NA,NA,NA,16,0,0,106,5,13
2020-04-12,Colombia,48258134,Cundinamarca,2919060,NA,NA,NA,NA,7,0,0,134,5,13
2020-04-14,Colombia,48258134,Cundinamarca,2919060,NA,NA,NA,NA,5,0,0,142,5,13
2020-04-16,Colombia,48258134,Cundinamarca,2919060,NA,NA,NA,NA,1,1,0,151,6,13
2020-04-18,Colombia,48258134,Cundinamarca,2919060,NA,NA,NA,NA,7,0,0,171,7,13
2020-04-20,Colombia,48258134,Cundinamarca,2919060,NA,NA,NA,NA,7,0,0,184,7,13
2020-04-22,Colombia,48258134,Cundinamarca,2919060,NA,NA,NA,NA,3,0,0,197,9,13
2020-04-24,Colombia,48258134,Cundinamarca,2919060,NA,NA,NA,NA,7,1,0,210,10,13
2020-04-26,Colombia,48258134,Cundinamarca,2919060,NA,NA,NA,NA,7,1,0,224,11,13
2020-04-28,Colombia,48258134,Cundinamarca,2919060,NA,NA,NA,NA,2,0,0,232,11,13
2020-04-30,Colombia,48258134,Cundinamarca,2919060,NA,NA,NA,NA,5,0,0,242,11,13
2020-05-02,Colombia,48258134,Cundinamarca,2919060,NA,NA,NA,NA,2,0,0,248,11,13
2020-05-04,Colombia,48258134,Cundinamarca,2919060,NA,NA,NA,NA,3,0,0,262,11,13
2020-05-06,Colombia,48258134,Cundinamarca,2919060,NA,NA,NA,NA,0,0,0,267,11,13
2020-05-08,Colombia,48258134,Cundinamarca,2919060,NA,NA,NA,NA,4,0,0,278,11,13
2020-05-10,Colombia,48258134,Cundinamarca,2919060,NA,NA,NA,NA,5,0,0,285,11,13
2020-05-12,Colombia,48258134,Cundinamarca,2919060,NA,NA,NA,NA,18,0,0,309,11,13
2020-05-14,Colombia,48258134,Cundinamarca,2919060,NA,NA,NA,NA,9,0,0,321,11,13
2020-05-16,Colombia,48258134,Cundinamarca,2919060,NA,NA,NA,NA,8,0,0,345,11,13
2020-05-18,Colombia,48258134,Cundinamarca,2919060,NA,NA,NA,NA,11,1,0,367,12,13
2020-05-20,Colombia,48258134,Cundinamarca,2919060,NA,NA,NA,NA,6,0,0,386,14,13
2020-05-22,Colombia,48258134,Cundinamarca,2919060,NA,NA,NA,NA,7,0,0,400,14,13
2020-05-24,Colombia,48258134,Cundinamarca,2919060,NA,NA,NA,NA,35,0,0,466,14,13
2020-05-26,Colombia,48258134,Cundinamarca,2919060,NA,NA,NA,NA,49,0,0,587,14,13
2020-05-28,Colombia,48258134,Cundinamarca,2919060,NA,NA,NA,NA,74,5,0,712,19,13
2020-05-30,Colombia,48258134,Cundinamarca,2919060,NA,NA,NA,NA,40,2,0,804,21,13
2020-06-01,Colombia,48258134,Cundinamarca,2919060,NA,NA,NA,NA,75,3,0,923,24,13
2020-06-03,Colombia,48258134,Cundinamarca,2919060,NA,NA,NA,NA,51,3,0,1032,28,13
2020-06-05,Colombia,48258134,Cundinamarca,2919060,NA,NA,NA,NA,49,0,0,1138,29,13
2020-06-07,Colombia,48258134,Cundinamarca,2919060,NA,NA,NA,NA,40,0,0,1217,29,13
2020-06-09,Colombia,48258134,Cundinamarca,2919060,NA,NA,NA,NA,51,0,0,1388,29,13
2020-06-11,Colombia,48258134,Cundinamarca,2919060,NA,NA,NA,NA,92,12,0,1520,41,13
2020-06-13,Colombia,48258134,Cundinamarca,2919060,NA,NA,NA,NA,81,0,0,1658,43,13
2020-06-15,Colombia,48258134,Cundinamarca,2919060,NA,NA,NA,NA,29,0,0,1715,44,13
2020-06-17,Colombia,48258134,Cundinamarca,2919060,NA,NA,NA,NA,22,0,0,1780,44,13
2020-06-19,Colombia,48258134,Cundinamarca,2919060,NA,NA,NA,NA,60,0,0,1908,49,13
2020-06-21,Colombia,48258134,Cundinamarca,2919060,NA,NA,NA,NA,33,1,0,1990,51,13
2020-06-23,Colombia,48258134,Cundinamarca,2919060,NA,NA,NA,NA,93,2,0,2123,54,13
2020-06-25,Colombia,48258134,Cundinamarca,2919060,NA,NA,NA,NA,96,1,0,2275,56,13
2020-06-27,Colombia,48258134,Cundinamarca,2919060,NA,NA,NA,NA,56,1,0,2434,58,13
2020-06-29,Colombia,48258134,Cundinamarca,2919060,NA,NA,NA,NA,55,1,0,2574,59,13
2020-07-01,Colombia,48258134,Cundinamarca,2919060,NA,NA,NA,NA,125,2,0,2835,61,13
2020-07-03,Colombia,48258134,Cundinamarca,2919060,NA,NA,NA,NA,68,5,0,3064,66,13
2020-07-05,Colombia,48258134,Cundinamarca,2919060,NA,NA,NA,NA,55,2,0,3228,74,13
2020-07-07,Colombia,48258134,Cundinamarca,2919060,NA,NA,NA,NA,58,1,0,3317,80,13
2020-07-09,Colombia,48258134,Cundinamarca,2919060,NA,NA,NA,NA,226,5,0,3637,87,13
2020-07-11,Colombia,48258134,Cundinamarca,2919060,NA,NA,NA,NA,93,3,0,4043,94,13
2020-07-13,Colombia,48258134,Cundinamarca,2919060,NA,NA,NA,NA,117,8,0,4300,111,13
2020-07-15,Colombia,48258134,Cundinamarca,2919060,NA,NA,NA,NA,172,7,0,4635,128,13
2020-07-17,Colombia,48258134,Cundinamarca,2919060,NA,NA,NA,NA,350,12,0,5339,144,13
2020-07-19,Colombia,48258134,Cundinamarca,2919060,NA,NA,NA,NA,184,7,0,5800,157,13
2020-07-21,Colombia,48258134,Cundinamarca,2919060,NA,NA,NA,NA,103,10,0,6103,175,13
2020-07-23,Colombia,48258134,Cundinamarca,2919060,NA,NA,NA,NA,153,3,0,6480,184,13
2020-07-25,Colombia,48258134,Cundinamarca,2919060,NA,NA,NA,NA,103,4,0,6897,194,13
2020-07-27,Colombia,48258134,Cundinamarca,2919060,NA,NA,NA,NA,126,12,0,7213,211,13
2020-07-29,Colombia,48258134,Cundinamarca,2919060,NA,NA,NA,NA,265,3,0,7692,216,13
2020-07-31,Colombia,48258134,Cundinamarca,2919060,NA,NA,NA,NA,274,3,0,8498,249,13
2020-08-02,Colombia,48258134,Cundinamarca,2919060,NA,NA,NA,NA,568,11,0,9542,287,13
2020-08-04,Colombia,48258134,Cundinamarca,2919060,NA,NA,NA,NA,195,9,0,10227,301,13
2020-08-06,Colombia,48258134,Cundinamarca,2919060,NA,NA,NA,NA,341,8,0,10981,321,13
2020-08-08,Colombia,48258134,Cundinamarca,2919060,NA,NA,NA,NA,84,13,0,11358,342,13
2020-08-10,Colombia,48258134,Cundinamarca,2919060,NA,NA,NA,NA,260,9,0,11817,362,13
2020-08-12,Colombia,48258134,Cundinamarca,2919060,NA,NA,NA,NA,700,13,0,13033,401,13
2020-08-14,Colombia,48258134,Cundinamarca,2919060,NA,NA,NA,NA,381,7,0,13862,424,13
2020-02-25,Colombia,48258134,Huila,1100386,NA,NA,NA,NA,NA,NA,NA,0,0,0
2020-02-27,Colombia,48258134,Huila,1100386,NA,NA,NA,NA,0,0,0,0,0,0
2020-02-29,Colombia,48258134,Huila,1100386,NA,NA,NA,NA,0,0,0,0,0,0
2020-03-02,Colombia,48258134,Huila,1100386,NA,NA,NA,NA,0,0,0,0,0,0
2020-03-04,Colombia,48258134,Huila,1100386,NA,NA,NA,NA,0,0,0,0,0,0
2020-03-06,Colombia,48258134,Huila,1100386,NA,NA,NA,NA,0,0,0,0,0,0
2020-03-08,Colombia,48258134,Huila,1100386,NA,NA,NA,NA,0,0,0,0,0,0
2020-03-10,Colombia,48258134,Huila,1100386,NA,NA,NA,NA,0,0,0,0,0,0
2020-03-12,Colombia,48258134,Huila,1100386,NA,NA,NA,NA,3,0,0,3,0,0
2020-03-14,Colombia,48258134,Huila,1100386,NA,NA,NA,NA,4,0,0,7,0,0
2020-03-16,Colombia,48258134,Huila,1100386,NA,NA,NA,NA,0,0,0,7,0,0
2020-03-18,Colombia,48258134,Huila,1100386,NA,NA,NA,NA,0,0,0,8,0,0
2020-03-20,Colombia,48258134,Huila,1100386,NA,NA,NA,NA,0,0,0,9,0,0
2020-03-22,Colombia,48258134,Huila,1100386,NA,NA,NA,NA,0,0,0,10,0,0
2020-03-24,Colombia,48258134,Huila,1100386,NA,NA,NA,NA,3,0,0,14,0,0
2020-03-26,Colombia,48258134,Huila,1100386,NA,NA,NA,NA,0,0,0,14,1,0
2020-03-28,Colombia,48258134,Huila,1100386,NA,NA,NA,NA,0,0,0,14,1,1
2020-03-30,Colombia,48258134,Huila,1100386,NA,NA,NA,NA,5,0,0,21,1,1
2020-04-01,Colombia,48258134,Huila,1100386,NA,NA,NA,NA,6,0,3,30,1,4
2020-04-03,Colombia,48258134,Huila,1100386,NA,NA,NA,NA,2,0,0,32,1,4
2020-04-05,Colombia,48258134,Huila,1100386,NA,NA,NA,NA,0,0,0,34,1,4
2020-04-07,Colombia,48258134,Huila,1100386,NA,NA,NA,NA,0,0,1,34,2,5
2020-04-09,Colombia,48258134,Huila,1100386,NA,NA,NA,NA,1,1,1,39,3,6
2020-04-11,Colombia,48258134,Huila,1100386,NA,NA,NA,NA,11,0,0,52,3,6
2020-04-13,Colombia,48258134,Huila,1100386,NA,NA,NA,NA,3,1,0,55,4,6
2020-04-15,Colombia,48258134,Huila,1100386,NA,NA,NA,NA,0,0,0,55,5,6
2020-04-17,Colombia,48258134,Huila,1100386,NA,NA,NA,NA,2,0,0,62,5,6
2020-04-19,Colombia,48258134,Huila,1100386,NA,NA,NA,NA,0,0,0,78,5,6
2020-04-21,Colombia,48258134,Huila,1100386,NA,NA,NA,NA,2,0,0,81,5,6
2020-04-23,Colombia,48258134,Huila,1100386,NA,NA,NA,NA,0,0,0,81,5,6
2020-04-25,Colombia,48258134,Huila,1100386,NA,NA,NA,NA,2,2,0,84,7,6
2020-04-27,Colombia,48258134,Huila,1100386,NA,NA,NA,NA,5,0,0,92,8,6
2020-04-29,Colombia,48258134,Huila,1100386,NA,NA,NA,NA,3,0,0,104,8,6
2020-05-01,Colombia,48258134,Huila,1100386,NA,NA,NA,NA,13,0,0,133,9,6
2020-05-03,Colombia,48258134,Huila,1100386,NA,NA,NA,NA,0,0,0,133,9,6
2020-05-05,Colombia,48258134,Huila,1100386,NA,NA,NA,NA,3,0,0,137,10,6
2020-05-07,Colombia,48258134,Huila,1100386,NA,NA,NA,NA,10,0,0,147,10,6
2020-05-09,Colombia,48258134,Huila,1100386,NA,NA,NA,NA,0,0,0,147,10,6
2020-05-11,Colombia,48258134,Huila,1100386,NA,NA,NA,NA,1,0,0,179,10,6
2020-05-13,Colombia,48258134,Huila,1100386,NA,NA,NA,NA,1,0,0,186,11,6
2020-05-15,Colombia,48258134,Huila,1100386,NA,NA,NA,NA,20,0,0,206,11,6
2020-05-17,Colombia,48258134,Huila,1100386,NA,NA,NA,NA,2,0,0,209,12,6
2020-05-19,Colombia,48258134,Huila,1100386,NA,NA,NA,NA,0,0,0,212,12,6
2020-05-21,Colombia,48258134,Huila,1100386,NA,NA,NA,NA,8,0,0,227,12,6
2020-05-23,Colombia,48258134,Huila,1100386,NA,NA,NA,NA,2,0,0,233,12,6
2020-05-25,Colombia,48258134,Huila,1100386,NA,NA,NA,NA,4,0,0,237,12,6
2020-05-27,Colombia,48258134,Huila,1100386,NA,NA,NA,NA,5,0,0,246,12,6
2020-05-29,Colombia,48258134,Huila,1100386,NA,NA,NA,NA,0,0,0,247,12,6
2020-05-31,Colombia,48258134,Huila,1100386,NA,NA,NA,NA,2,0,0,249,12,6
2020-06-02,Colombia,48258134,Huila,1100386,NA,NA,NA,NA,0,0,0,251,12,6
2020-06-04,Colombia,48258134,Huila,1100386,NA,NA,NA,NA,0,0,0,252,12,6
2020-06-06,Colombia,48258134,Huila,1100386,NA,NA,NA,NA,0,0,0,253,12,6
2020-06-08,Colombia,48258134,Huila,1100386,NA,NA,NA,NA,2,0,0,257,12,6
2020-06-10,Colombia,48258134,Huila,1100386,NA,NA,NA,NA,0,0,0,259,12,6
2020-06-12,Colombia,48258134,Huila,1100386,NA,NA,NA,NA,0,0,0,267,12,6
2020-06-14,Colombia,48258134,Huila,1100386,NA,NA,NA,NA,2,0,0,272,12,6
2020-06-16,Colombia,48258134,Huila,1100386,NA,NA,NA,NA,4,0,0,278,12,6
2020-06-18,Colombia,48258134,Huila,1100386,NA,NA,NA,NA,4,0,0,285,12,6
2020-06-20,Colombia,48258134,Huila,1100386,NA,NA,NA,NA,6,0,0,293,12,6
2020-06-22,Colombia,48258134,Huila,1100386,NA,NA,NA,NA,3,2,0,309,14,6
2020-06-24,Colombia,48258134,Huila,1100386,NA,NA,NA,NA,1,0,0,314,14,6
2020-06-26,Colombia,48258134,Huila,1100386,NA,NA,NA,NA,4,0,0,321,14,6
2020-06-28,Colombia,48258134,Huila,1100386,NA,NA,NA,NA,3,0,0,325,14,6
2020-06-30,Colombia,48258134,Huila,1100386,NA,NA,NA,NA,8,0,0,340,14,6
2020-07-02,Colombia,48258134,Huila,1100386,NA,NA,NA,NA,24,0,0,364,14,6
2020-07-04,Colombia,48258134,Huila,1100386,NA,NA,NA,NA,6,0,0,374,14,6
2020-07-06,Colombia,48258134,Huila,1100386,NA,NA,NA,NA,5,0,0,385,13,6
2020-07-08,Colombia,48258134,Huila,1100386,NA,NA,NA,NA,8,0,0,396,13,6
2020-07-10,Colombia,48258134,Huila,1100386,NA,NA,NA,NA,14,0,0,416,14,6
2020-07-12,Colombia,48258134,Huila,1100386,NA,NA,NA,NA,5,0,0,423,14,6
2020-07-14,Colombia,48258134,Huila,1100386,NA,NA,NA,NA,9,6,0,432,20,6
2020-07-16,Colombia,48258134,Huila,1100386,NA,NA,NA,NA,25,1,0,481,21,6
2020-07-18,Colombia,48258134,Huila,1100386,NA,NA,NA,NA,28,0,0,515,21,6
2020-07-20,Colombia,48258134,Huila,1100386,NA,NA,NA,NA,25,1,0,558,24,6
2020-07-22,Colombia,48258134,Huila,1100386,NA,NA,NA,NA,12,0,0,588,26,6
2020-07-24,Colombia,48258134,Huila,1100386,NA,NA,NA,NA,21,2,0,645,28,6
2020-07-26,Colombia,48258134,Huila,1100386,NA,NA,NA,NA,31,1,0,703,29,6
2020-07-28,Colombia,48258134,Huila,1100386,NA,NA,NA,NA,25,1,0,746,31,6
2020-07-30,Colombia,48258134,Huila,1100386,NA,NA,NA,NA,112,1,0,890,32,6
2020-08-01,Colombia,48258134,Huila,1100386,NA,NA,NA,NA,42,0,0,950,32,6
2020-08-03,Colombia,48258134,Huila,1100386,NA,NA,NA,NA,142,0,0,1128,32,6
2020-08-05,Colombia,48258134,Huila,1100386,NA,NA,NA,NA,42,0,0,1206,32,6
2020-08-07,Colombia,48258134,Huila,1100386,NA,NA,NA,NA,92,9,0,1363,41,6
2020-08-09,Colombia,48258134,Huila,1100386,NA,NA,NA,NA,135,7,0,1607,56,6
2020-08-11,Colombia,48258134,Huila,1100386,NA,NA,NA,NA,108,3,0,1846,62,6
2020-08-13,Colombia,48258134,Huila,1100386,NA,NA,NA,NA,132,3,0,2129,67,6
2020-08-15,Colombia,48258134,Huila,1100386,NA,NA,NA,NA,159,0,0,2343,67,6
2020-02-26,Colombia,48258134,La Guajira,880560,NA,NA,NA,NA,NA,NA,NA,0,0,0
2020-02-28,Colombia,48258134,La Guajira,880560,NA,NA,NA,NA,0,0,0,0,0,0
2020-03-01,Colombia,48258134,La Guajira,880560,NA,NA,NA,NA,0,0,0,0,0,0
2020-03-03,Colombia,48258134,La Guajira,880560,NA,NA,NA,NA,0,0,0,0,0,0
2020-03-05,Colombia,48258134,La Guajira,880560,NA,NA,NA,NA,0,0,0,0,0,0
2020-03-07,Colombia,48258134,La Guajira,880560,NA,NA,NA,NA,0,0,0,0,0,0
2020-03-09,Colombia,48258134,La Guajira,880560,NA,NA,NA,NA,0,0,0,0,0,0
2020-03-11,Colombia,48258134,La Guajira,880560,NA,NA,NA,NA,0,0,0,0,0,0
2020-03-13,Colombia,48258134,La Guajira,880560,NA,NA,NA,NA,0,0,0,0,0,0
2020-03-15,Colombia,48258134,La Guajira,880560,NA,NA,NA,NA,0,0,0,0,0,0
2020-03-17,Colombia,48258134,La Guajira,880560,NA,NA,NA,NA,0,0,0,0,0,0
2020-03-19,Colombia,48258134,La Guajira,880560,NA,NA,NA,NA,0,0,0,0,0,0
2020-03-21,Colombia,48258134,La Guajira,880560,NA,NA,NA,NA,0,0,0,0,0,0
2020-03-23,Colombia,48258134,La Guajira,880560,NA,NA,NA,NA,0,0,0,0,0,0
2020-03-25,Colombia,48258134,La Guajira,880560,NA,NA,NA,NA,0,0,0,0,0,0
2020-03-27,Colombia,48258134,La Guajira,880560,NA,NA,NA,NA,0,0,0,0,0,0
2020-03-29,Colombia,48258134,La Guajira,880560,NA,NA,NA,NA,0,0,0,0,0,0
2020-03-31,Colombia,48258134,La Guajira,880560,NA,NA,NA,NA,1,0,0,1,0,0
2020-04-02,Colombia,48258134,La Guajira,880560,NA,NA,NA,NA,0,0,0,1,0,0
2020-04-04,Colombia,48258134,La Guajira,880560,NA,NA,NA,NA,0,0,0,1,0,0
2020-04-06,Colombia,48258134,La Guajira,880560,NA,NA,NA,NA,0,0,0,1,0,0
2020-04-08,Colombia,48258134,La Guajira,880560,NA,NA,NA,NA,0,0,0,1,0,0
2020-04-10,Colombia,48258134,La Guajira,880560,NA,NA,NA,NA,0,0,0,1,0,0
2020-04-12,Colombia,48258134,La Guajira,880560,NA,NA,NA,NA,0,0,0,1,0,0
2020-04-14,Colombia,48258134,La Guajira,880560,NA,NA,NA,NA,0,0,0,1,0,0
2020-04-16,Colombia,48258134,La Guajira,880560,NA,NA,NA,NA,0,0,0,1,0,0
2020-04-18,Colombia,48258134,La Guajira,880560,NA,NA,NA,NA,1,0,0,2,0,0
2020-04-20,Colombia,48258134,La Guajira,880560,NA,NA,NA,NA,0,1,0,2,1,0
2020-04-22,Colombia,48258134,La Guajira,880560,NA,NA,NA,NA,0,0,0,2,1,0
2020-04-24,Colombia,48258134,La Guajira,880560,NA,NA,NA,NA,0,0,0,2,1,0
2020-04-26,Colombia,48258134,La Guajira,880560,NA,NA,NA,NA,0,0,0,5,1,0
2020-04-28,Colombia,48258134,La Guajira,880560,NA,NA,NA,NA,0,0,0,5,1,0
2020-04-30,Colombia,48258134,La Guajira,880560,NA,NA,NA,NA,0,0,0,9,1,0
2020-05-02,Colombia,48258134,La Guajira,880560,NA,NA,NA,NA,0,0,0,9,1,0
2020-05-04,Colombia,48258134,La Guajira,880560,NA,NA,NA,NA,0,0,0,10,2,0
2020-05-06,Colombia,48258134,La Guajira,880560,NA,NA,NA,NA,0,1,0,14,3,0
2020-05-08,Colombia,48258134,La Guajira,880560,NA,NA,NA,NA,1,0,0,15,3,0
2020-05-10,Colombia,48258134,La Guajira,880560,NA,NA,NA,NA,12,0,0,27,3,0
2020-05-12,Colombia,48258134,La Guajira,880560,NA,NA,NA,NA,1,0,0,28,4,0
2020-05-14,Colombia,48258134,La Guajira,880560,NA,NA,NA,NA,0,0,0,32,4,0
2020-05-16,Colombia,48258134,La Guajira,880560,NA,NA,NA,NA,10,0,0,45,4,0
2020-05-18,Colombia,48258134,La Guajira,880560,NA,NA,NA,NA,0,0,0,47,4,0
2020-05-20,Colombia,48258134,La Guajira,880560,NA,NA,NA,NA,0,0,0,47,4,0
2020-05-22,Colombia,48258134,La Guajira,880560,NA,NA,NA,NA,0,0,0,47,4,0
2020-05-24,Colombia,48258134,La Guajira,880560,NA,NA,NA,NA,0,0,0,48,4,0
2020-05-26,Colombia,48258134,La Guajira,880560,NA,NA,NA,NA,5,0,0,54,4,0
2020-05-28,Colombia,48258134,La Guajira,880560,NA,NA,NA,NA,2,0,0,57,4,0
2020-05-30,Colombia,48258134,La Guajira,880560,NA,NA,NA,NA,1,0,0,58,4,0
2020-06-01,Colombia,48258134,La Guajira,880560,NA,NA,NA,NA,2,0,0,63,4,0
2020-06-03,Colombia,48258134,La Guajira,880560,NA,NA,NA,NA,0,0,0,65,4,0
2020-06-05,Colombia,48258134,La Guajira,880560,NA,NA,NA,NA,4,0,0,72,4,0
2020-06-07,Colombia,48258134,La Guajira,880560,NA,NA,NA,NA,1,3,0,108,7,0
2020-06-09,Colombia,48258134,La Guajira,880560,NA,NA,NA,NA,4,0,0,113,8,0
2020-06-11,Colombia,48258134,La Guajira,880560,NA,NA,NA,NA,2,0,0,115,8,0
2020-06-13,Colombia,48258134,La Guajira,880560,NA,NA,NA,NA,6,0,0,121,8,0
2020-06-15,Colombia,48258134,La Guajira,880560,NA,NA,NA,NA,10,0,0,139,8,0
2020-06-17,Colombia,48258134,La Guajira,880560,NA,NA,NA,NA,10,2,0,158,10,0
2020-06-19,Colombia,48258134,La Guajira,880560,NA,NA,NA,NA,9,0,0,170,10,0
2020-06-21,Colombia,48258134,La Guajira,880560,NA,NA,NA,NA,24,2,0,209,14,0
2020-06-23,Colombia,48258134,La Guajira,880560,NA,NA,NA,NA,8,0,0,226,14,0
2020-06-25,Colombia,48258134,La Guajira,880560,NA,NA,NA,NA,10,0,0,256,14,0
2020-06-27,Colombia,48258134,La Guajira,880560,NA,NA,NA,NA,17,4,0,285,19,0
2020-06-29,Colombia,48258134,La Guajira,880560,NA,NA,NA,NA,49,0,0,408,20,0
2020-07-01,Colombia,48258134,La Guajira,880560,NA,NA,NA,NA,29,17,0,481,37,0
2020-07-03,Colombia,48258134,La Guajira,880560,NA,NA,NA,NA,24,2,0,563,44,0
2020-07-05,Colombia,48258134,La Guajira,880560,NA,NA,NA,NA,22,2,0,623,47,0
2020-07-07,Colombia,48258134,La Guajira,880560,NA,NA,NA,NA,67,1,0,730,54,0
2020-07-09,Colombia,48258134,La Guajira,880560,NA,NA,NA,NA,41,2,0,819,58,0
2020-07-11,Colombia,48258134,La Guajira,880560,NA,NA,NA,NA,39,2,0,884,63,0
2020-07-13,Colombia,48258134,La Guajira,880560,NA,NA,NA,NA,9,4,0,937,79,0
2020-07-15,Colombia,48258134,La Guajira,880560,NA,NA,NA,NA,103,5,0,1086,88,0
2020-07-17,Colombia,48258134,La Guajira,880560,NA,NA,NA,NA,119,2,0,1300,94,0
2020-07-19,Colombia,48258134,La Guajira,880560,NA,NA,NA,NA,91,4,0,1511,99,0
2020-07-21,Colombia,48258134,La Guajira,880560,NA,NA,NA,NA,37,4,0,1615,107,0
2020-07-23,Colombia,48258134,La Guajira,880560,NA,NA,NA,NA,11,1,0,1673,110,0
2020-07-25,Colombia,48258134,La Guajira,880560,NA,NA,NA,NA,61,0,0,1757,115,0
2020-07-27,Colombia,48258134,La Guajira,880560,NA,NA,NA,NA,80,0,0,1888,118,0
2020-07-29,Colombia,48258134,La Guajira,880560,NA,NA,NA,NA,53,2,0,2020,120,0
2020-07-31,Colombia,48258134,La Guajira,880560,NA,NA,NA,NA,55,2,0,2109,126,0
2020-08-02,Colombia,48258134,La Guajira,880560,NA,NA,NA,NA,42,4,0,2198,136,0
2020-08-04,Colombia,48258134,La Guajira,880560,NA,NA,NA,NA,58,2,0,2382,144,0
2020-08-06,Colombia,48258134,La Guajira,880560,NA,NA,NA,NA,70,0,0,2504,146,0
2020-08-08,Colombia,48258134,La Guajira,880560,NA,NA,NA,NA,85,0,0,2669,150,0
2020-08-10,Colombia,48258134,La Guajira,880560,NA,NA,NA,NA,56,8,0,2787,158,0
2020-08-12,Colombia,48258134,La Guajira,880560,NA,NA,NA,NA,92,5,0,3063,169,0
2020-08-14,Colombia,48258134,La Guajira,880560,NA,NA,NA,NA,75,3,0,3225,172,0
2020-02-25,Colombia,48258134,Magdalena,1341746,NA,NA,NA,NA,NA,NA,NA,0,0,0
2020-02-27,Colombia,48258134,Magdalena,1341746,NA,NA,NA,NA,0,0,0,0,0,0
2020-02-29,Colombia,48258134,Magdalena,1341746,NA,NA,NA,NA,0,0,0,0,0,0
2020-03-02,Colombia,48258134,Magdalena,1341746,NA,NA,NA,NA,0,0,0,0,0,0
2020-03-04,Colombia,48258134,Magdalena,1341746,NA,NA,NA,NA,0,0,0,0,0,0
2020-03-06,Colombia,48258134,Magdalena,1341746,NA,NA,NA,NA,0,0,0,0,0,0
2020-03-08,Colombia,48258134,Magdalena,1341746,NA,NA,NA,NA,0,0,0,0,0,0
2020-03-10,Colombia,48258134,Magdalena,1341746,NA,NA,NA,NA,0,0,0,0,0,0
2020-03-12,Colombia,48258134,Magdalena,1341746,NA,NA,NA,NA,0,0,0,0,0,0
2020-03-14,Colombia,48258134,Magdalena,1341746,NA,NA,NA,NA,0,0,0,0,0,0
2020-03-16,Colombia,48258134,Magdalena,1341746,NA,NA,NA,NA,0,0,0,0,0,0
2020-03-18,Colombia,48258134,Magdalena,1341746,NA,NA,NA,NA,0,0,0,0,0,0
2020-03-20,Colombia,48258134,Magdalena,1341746,NA,NA,NA,NA,2,0,0,2,0,0
2020-03-22,Colombia,48258134,Magdalena,1341746,NA,NA,NA,NA,0,0,0,2,0,0
2020-03-24,Colombia,48258134,Magdalena,1341746,NA,NA,NA,NA,0,0,0,3,1,0
2020-03-26,Colombia,48258134,Magdalena,1341746,NA,NA,NA,NA,0,0,0,4,1,0
2020-03-28,Colombia,48258134,Magdalena,1341746,NA,NA,NA,NA,0,1,0,7,2,0
2020-03-30,Colombia,48258134,Magdalena,1341746,NA,NA,NA,NA,1,0,0,8,2,0
2020-04-01,Colombia,48258134,Magdalena,1341746,NA,NA,NA,NA,2,0,0,12,2,0
2020-04-03,Colombia,48258134,Magdalena,1341746,NA,NA,NA,NA,0,0,0,12,2,0
2020-04-05,Colombia,48258134,Magdalena,1341746,NA,NA,NA,NA,0,2,0,12,4,0
2020-04-07,Colombia,48258134,Magdalena,1341746,NA,NA,NA,NA,0,1,0,12,5,0
2020-04-09,Colombia,48258134,Magdalena,1341746,NA,NA,NA,NA,4,1,0,30,7,0
2020-04-11,Colombia,48258134,Magdalena,1341746,NA,NA,NA,NA,15,0,0,57,7,0
2020-04-13,Colombia,48258134,Magdalena,1341746,NA,NA,NA,NA,5,0,0,66,9,0
2020-04-15,Colombia,48258134,Magdalena,1341746,NA,NA,NA,NA,4,0,0,70,10,0
2020-04-17,Colombia,48258134,Magdalena,1341746,NA,NA,NA,NA,2,0,0,88,10,0
2020-04-19,Colombia,48258134,Magdalena,1341746,NA,NA,NA,NA,0,0,0,88,12,0
2020-04-21,Colombia,48258134,Magdalena,1341746,NA,NA,NA,NA,17,0,0,110,12,0
2020-04-23,Colombia,48258134,Magdalena,1341746,NA,NA,NA,NA,22,1,0,142,14,0
2020-04-25,Colombia,48258134,Magdalena,1341746,NA,NA,NA,NA,5,1,0,152,15,0
2020-04-27,Colombia,48258134,Magdalena,1341746,NA,NA,NA,NA,3,0,0,163,18,0
2020-04-29,Colombia,48258134,Magdalena,1341746,NA,NA,NA,NA,6,0,0,172,19,0
2020-05-01,Colombia,48258134,Magdalena,1341746,NA,NA,NA,NA,18,0,0,220,19,0
2020-05-03,Colombia,48258134,Magdalena,1341746,NA,NA,NA,NA,6,2,0,236,21,0
2020-05-05,Colombia,48258134,Magdalena,1341746,NA,NA,NA,NA,14,1,0,256,24,0
2020-05-07,Colombia,48258134,Magdalena,1341746,NA,NA,NA,NA,1,1,0,257,25,0
2020-05-09,Colombia,48258134,Magdalena,1341746,NA,NA,NA,NA,0,0,0,263,27,0
2020-05-11,Colombia,48258134,Magdalena,1341746,NA,NA,NA,NA,13,1,0,284,29,0
2020-05-13,Colombia,48258134,Magdalena,1341746,NA,NA,NA,NA,14,1,0,322,30,0
2020-05-15,Colombia,48258134,Magdalena,1341746,NA,NA,NA,NA,25,0,0,380,30,0
2020-05-17,Colombia,48258134,Magdalena,1341746,NA,NA,NA,NA,4,1,0,409,31,0
2020-05-19,Colombia,48258134,Magdalena,1341746,NA,NA,NA,NA,6,0,0,441,31,0
2020-05-21,Colombia,48258134,Magdalena,1341746,NA,NA,NA,NA,19,0,0,466,31,0
2020-05-23,Colombia,48258134,Magdalena,1341746,NA,NA,NA,NA,3,7,0,487,38,0
2020-05-25,Colombia,48258134,Magdalena,1341746,NA,NA,NA,NA,11,0,0,504,38,0
2020-05-27,Colombia,48258134,Magdalena,1341746,NA,NA,NA,NA,19,0,0,547,38,0
2020-05-29,Colombia,48258134,Magdalena,1341746,NA,NA,NA,NA,13,5,0,567,43,0
2020-05-31,Colombia,48258134,Magdalena,1341746,NA,NA,NA,NA,16,1,0,611,45,0
2020-06-02,Colombia,48258134,Magdalena,1341746,NA,NA,NA,NA,17,0,0,652,46,0
2020-06-04,Colombia,48258134,Magdalena,1341746,NA,NA,NA,NA,13,0,0,718,46,0
2020-06-06,Colombia,48258134,Magdalena,1341746,NA,NA,NA,NA,16,0,0,750,46,0
2020-06-08,Colombia,48258134,Magdalena,1341746,NA,NA,NA,NA,27,5,0,780,51,0
2020-06-10,Colombia,48258134,Magdalena,1341746,NA,NA,NA,NA,19,2,0,818,54,0
2020-06-12,Colombia,48258134,Magdalena,1341746,NA,NA,NA,NA,18,3,0,851,63,0
2020-06-14,Colombia,48258134,Magdalena,1341746,NA,NA,NA,NA,26,3,0,946,66,0
2020-06-16,Colombia,48258134,Magdalena,1341746,NA,NA,NA,NA,21,14,0,995,80,0
2020-06-18,Colombia,48258134,Magdalena,1341746,NA,NA,NA,NA,94,5,0,1111,88,0
2020-06-20,Colombia,48258134,Magdalena,1341746,NA,NA,NA,NA,49,1,0,1191,92,0
2020-06-22,Colombia,48258134,Magdalena,1341746,NA,NA,NA,NA,21,6,0,1290,100,0
2020-06-24,Colombia,48258134,Magdalena,1341746,NA,NA,NA,NA,65,2,0,1383,104,0
2020-06-26,Colombia,48258134,Magdalena,1341746,NA,NA,NA,NA,57,1,0,1539,107,0
2020-06-28,Colombia,48258134,Magdalena,1341746,NA,NA,NA,NA,128,0,0,1754,107,0
2020-06-30,Colombia,48258134,Magdalena,1341746,NA,NA,NA,NA,79,3,0,1854,121,0
2020-07-02,Colombia,48258134,Magdalena,1341746,NA,NA,NA,NA,85,8,0,1989,192,0
2020-07-04,Colombia,48258134,Magdalena,1341746,NA,NA,NA,NA,64,2,0,2082,198,0
2020-07-06,Colombia,48258134,Magdalena,1341746,NA,NA,NA,NA,61,7,0,2182,210,0
2020-07-08,Colombia,48258134,Magdalena,1341746,NA,NA,NA,NA,34,7,0,2342,225,0
2020-07-10,Colombia,48258134,Magdalena,1341746,NA,NA,NA,NA,112,3,0,2656,234,0
2020-07-12,Colombia,48258134,Magdalena,1341746,NA,NA,NA,NA,32,74,0,2818,313,0
2020-07-14,Colombia,48258134,Magdalena,1341746,NA,NA,NA,NA,101,5,0,3005,322,0
2020-07-16,Colombia,48258134,Magdalena,1341746,NA,NA,NA,NA,252,7,0,3299,338,0
2020-07-18,Colombia,48258134,Magdalena,1341746,NA,NA,NA,NA,334,8,0,3951,355,0
2020-07-20,Colombia,48258134,Magdalena,1341746,NA,NA,NA,NA,166,2,0,4349,361,0
2020-07-22,Colombia,48258134,Magdalena,1341746,NA,NA,NA,NA,112,1,0,4619,369,0
2020-07-24,Colombia,48258134,Magdalena,1341746,NA,NA,NA,NA,58,5,0,4830,378,0
2020-07-26,Colombia,48258134,Magdalena,1341746,NA,NA,NA,NA,334,2,0,5262,381,0
2020-07-28,Colombia,48258134,Magdalena,1341746,NA,NA,NA,NA,248,5,0,5645,387,0
2020-07-30,Colombia,48258134,Magdalena,1341746,NA,NA,NA,NA,252,10,0,6058,399,0
2020-08-01,Colombia,48258134,Magdalena,1341746,NA,NA,NA,NA,394,8,0,6531,408,0
2020-08-03,Colombia,48258134,Magdalena,1341746,NA,NA,NA,NA,319,19,0,7069,427,0
2020-08-05,Colombia,48258134,Magdalena,1341746,NA,NA,NA,NA,347,28,0,7552,455,0
2020-08-07,Colombia,48258134,Magdalena,1341746,NA,NA,NA,NA,244,6,0,7978,464,0
2020-08-09,Colombia,48258134,Magdalena,1341746,NA,NA,NA,NA,114,11,0,8259,483,0
2020-08-11,Colombia,48258134,Magdalena,1341746,NA,NA,NA,NA,297,6,0,8843,495,0
2020-08-13,Colombia,48258134,Magdalena,1341746,NA,NA,NA,NA,317,16,0,9447,525,0
2020-08-15,Colombia,48258134,Magdalena,1341746,NA,NA,NA,NA,188,2,0,9915,534,0
2020-02-26,Colombia,48258134,Meta,1039722,NA,NA,NA,NA,NA,NA,NA,0,0,0
2020-02-28,Colombia,48258134,Meta,1039722,NA,NA,NA,NA,0,0,0,0,0,0
2020-03-01,Colombia,48258134,Meta,1039722,NA,NA,NA,NA,0,0,0,0,0,0
2020-03-03,Colombia,48258134,Meta,1039722,NA,NA,NA,NA,0,0,0,0,0,0
2020-03-05,Colombia,48258134,Meta,1039722,NA,NA,NA,NA,0,0,0,0,0,0
2020-03-07,Colombia,48258134,Meta,1039722,NA,NA,NA,NA,0,0,0,0,0,0
2020-03-09,Colombia,48258134,Meta,1039722,NA,NA,NA,NA,0,0,0,0,0,0
2020-03-11,Colombia,48258134,Meta,1039722,NA,NA,NA,NA,0,0,0,0,0,0
2020-03-13,Colombia,48258134,Meta,1039722,NA,NA,NA,NA,1,0,0,1,0,0
2020-03-15,Colombia,48258134,Meta,1039722,NA,NA,NA,NA,0,0,0,1,0,0
2020-03-17,Colombia,48258134,Meta,1039722,NA,NA,NA,NA,0,0,0,1,0,0
2020-03-19,Colombia,48258134,Meta,1039722,NA,NA,NA,NA,0,0,0,1,0,0
2020-03-21,Colombia,48258134,Meta,1039722,NA,NA,NA,NA,0,0,0,1,0,0
2020-03-23,Colombia,48258134,Meta,1039722,NA,NA,NA,NA,4,0,0,5,0,0
2020-03-25,Colombia,48258134,Meta,1039722,NA,NA,NA,NA,1,0,0,8,0,0
2020-03-27,Colombia,48258134,Meta,1039722,NA,NA,NA,NA,0,0,0,8,0,0
2020-03-29,Colombia,48258134,Meta,1039722,NA,NA,NA,NA,0,0,0,8,0,0
2020-03-31,Colombia,48258134,Meta,1039722,NA,NA,NA,NA,3,0,1,11,0,1
2020-04-02,Colombia,48258134,Meta,1039722,NA,NA,NA,NA,0,0,0,12,0,1
2020-04-04,Colombia,48258134,Meta,1039722,NA,NA,NA,NA,0,0,0,13,0,1
2020-04-06,Colombia,48258134,Meta,1039722,NA,NA,NA,NA,0,1,0,14,2,1
2020-04-08,Colombia,48258134,Meta,1039722,NA,NA,NA,NA,0,0,0,14,3,1
2020-04-10,Colombia,48258134,Meta,1039722,NA,NA,NA,NA,1,0,0,16,3,4
2020-04-12,Colombia,48258134,Meta,1039722,NA,NA,NA,NA,0,0,0,21,3,4
2020-04-14,Colombia,48258134,Meta,1039722,NA,NA,NA,NA,15,0,0,38,3,4
2020-04-16,Colombia,48258134,Meta,1039722,NA,NA,NA,NA,5,1,0,43,4,4
2020-04-18,Colombia,48258134,Meta,1039722,NA,NA,NA,NA,1,0,0,46,4,4
2020-04-20,Colombia,48258134,Meta,1039722,NA,NA,NA,NA,4,0,0,56,4,4
2020-04-22,Colombia,48258134,Meta,1039722,NA,NA,NA,NA,40,0,0,99,4,4
2020-04-24,Colombia,48258134,Meta,1039722,NA,NA,NA,NA,26,0,0,161,4,4
2020-04-26,Colombia,48258134,Meta,1039722,NA,NA,NA,NA,46,0,0,231,4,4
2020-04-28,Colombia,48258134,Meta,1039722,NA,NA,NA,NA,107,0,0,354,4,4
2020-04-30,Colombia,48258134,Meta,1039722,NA,NA,NA,NA,9,2,0,371,6,4
2020-05-02,Colombia,48258134,Meta,1039722,NA,NA,NA,NA,4,0,0,478,7,4
2020-05-04,Colombia,48258134,Meta,1039722,NA,NA,NA,NA,0,0,0,564,7,4
2020-05-06,Colombia,48258134,Meta,1039722,NA,NA,NA,NA,23,0,0,741,7,4
2020-05-08,Colombia,48258134,Meta,1039722,NA,NA,NA,NA,76,0,0,834,7,4
2020-05-10,Colombia,48258134,Meta,1039722,NA,NA,NA,NA,25,0,0,922,7,4
2020-05-12,Colombia,48258134,Meta,1039722,NA,NA,NA,NA,9,0,0,935,9,4
2020-05-14,Colombia,48258134,Meta,1039722,NA,NA,NA,NA,2,0,0,940,9,4
2020-05-16,Colombia,48258134,Meta,1039722,NA,NA,NA,NA,5,0,0,945,9,4
2020-05-18,Colombia,48258134,Meta,1039722,NA,NA,NA,NA,2,0,0,951,9,4
2020-05-20,Colombia,48258134,Meta,1039722,NA,NA,NA,NA,9,0,0,963,9,4
2020-05-22,Colombia,48258134,Meta,1039722,NA,NA,NA,NA,2,0,0,966,9,4
2020-05-24,Colombia,48258134,Meta,1039722,NA,NA,NA,NA,2,0,0,968,9,4
2020-05-26,Colombia,48258134,Meta,1039722,NA,NA,NA,NA,3,0,0,972,9,4
2020-05-28,Colombia,48258134,Meta,1039722,NA,NA,NA,NA,2,1,0,974,10,4
2020-05-30,Colombia,48258134,Meta,1039722,NA,NA,NA,NA,0,0,0,975,10,4
2020-06-01,Colombia,48258134,Meta,1039722,NA,NA,NA,NA,2,0,0,977,11,4
2020-06-03,Colombia,48258134,Meta,1039722,NA,NA,NA,NA,2,0,0,983,11,4
2020-06-05,Colombia,48258134,Meta,1039722,NA,NA,NA,NA,0,0,0,983,11,4
2020-06-07,Colombia,48258134,Meta,1039722,NA,NA,NA,NA,2,0,0,990,11,4
2020-06-09,Colombia,48258134,Meta,1039722,NA,NA,NA,NA,8,0,0,999,11,4
2020-06-11,Colombia,48258134,Meta,1039722,NA,NA,NA,NA,2,0,0,1003,12,4
2020-06-13,Colombia,48258134,Meta,1039722,NA,NA,NA,NA,0,0,0,1010,12,4
2020-06-15,Colombia,48258134,Meta,1039722,NA,NA,NA,NA,10,0,0,1024,12,4
2020-06-17,Colombia,48258134,Meta,1039722,NA,NA,NA,NA,5,1,0,1030,13,4
2020-06-19,Colombia,48258134,Meta,1039722,NA,NA,NA,NA,19,1,0,1055,14,4
2020-06-21,Colombia,48258134,Meta,1039722,NA,NA,NA,NA,32,0,0,1098,14,4
2020-06-23,Colombia,48258134,Meta,1039722,NA,NA,NA,NA,31,0,0,1134,14,4
2020-06-25,Colombia,48258134,Meta,1039722,NA,NA,NA,NA,14,0,0,1170,14,4
2020-06-27,Colombia,48258134,Meta,1039722,NA,NA,NA,NA,18,0,0,1199,14,4
2020-06-29,Colombia,48258134,Meta,1039722,NA,NA,NA,NA,9,2,0,1229,16,4
2020-07-01,Colombia,48258134,Meta,1039722,NA,NA,NA,NA,22,0,0,1272,16,4
2020-07-03,Colombia,48258134,Meta,1039722,NA,NA,NA,NA,12,0,0,1306,16,4
2020-07-05,Colombia,48258134,Meta,1039722,NA,NA,NA,NA,16,1,0,1350,17,4
2020-07-07,Colombia,48258134,Meta,1039722,NA,NA,NA,NA,27,0,0,1387,18,4
2020-07-09,Colombia,48258134,Meta,1039722,NA,NA,NA,NA,26,0,0,1432,18,4
2020-07-11,Colombia,48258134,Meta,1039722,NA,NA,NA,NA,33,0,0,1547,18,4
2020-07-13,Colombia,48258134,Meta,1039722,NA,NA,NA,NA,7,2,0,1603,22,4
2020-07-15,Colombia,48258134,Meta,1039722,NA,NA,NA,NA,31,2,0,1699,24,4
2020-07-17,Colombia,48258134,Meta,1039722,NA,NA,NA,NA,58,1,0,1827,25,4
2020-07-19,Colombia,48258134,Meta,1039722,NA,NA,NA,NA,41,5,0,1936,30,4
2020-07-21,Colombia,48258134,Meta,1039722,NA,NA,NA,NA,35,2,0,2007,33,4
2020-07-23,Colombia,48258134,Meta,1039722,NA,NA,NA,NA,45,0,0,2118,34,4
2020-07-25,Colombia,48258134,Meta,1039722,NA,NA,NA,NA,108,1,0,2253,35,4
2020-07-27,Colombia,48258134,Meta,1039722,NA,NA,NA,NA,31,0,0,2309,37,4
2020-07-29,Colombia,48258134,Meta,1039722,NA,NA,NA,NA,94,1,0,2470,38,4
2020-07-31,Colombia,48258134,Meta,1039722,NA,NA,NA,NA,127,1,0,2759,43,4
2020-08-02,Colombia,48258134,Meta,1039722,NA,NA,NA,NA,69,4,0,2917,51,4
2020-08-04,Colombia,48258134,Meta,1039722,NA,NA,NA,NA,50,0,0,3073,51,4
2020-08-06,Colombia,48258134,Meta,1039722,NA,NA,NA,NA,226,1,0,3399,60,4
2020-08-08,Colombia,48258134,Meta,1039722,NA,NA,NA,NA,137,6,0,3738,70,4
2020-08-10,Colombia,48258134,Meta,1039722,NA,NA,NA,NA,192,3,0,4112,79,4
2020-08-12,Colombia,48258134,Meta,1039722,NA,NA,NA,NA,246,4,0,4581,91,4
2020-08-14,Colombia,48258134,Meta,1039722,NA,NA,NA,NA,123,5,0,4809,100,4
2020-02-25,Colombia,48258134,Narino,1630592,NA,NA,NA,NA,NA,NA,NA,0,0,0
2020-02-27,Colombia,48258134,Narino,1630592,NA,NA,NA,NA,0,0,0,0,0,0
2020-02-29,Colombia,48258134,Narino,1630592,NA,NA,NA,NA,0,0,0,0,0,0
2020-03-02,Colombia,48258134,Narino,1630592,NA,NA,NA,NA,0,0,0,0,0,0
2020-03-04,Colombia,48258134,Narino,1630592,NA,NA,NA,NA,0,0,0,0,0,0
2020-03-06,Colombia,48258134,Narino,1630592,NA,NA,NA,NA,0,0,0,0,0,0
2020-03-08,Colombia,48258134,Narino,1630592,NA,NA,NA,NA,0,0,0,0,0,0
2020-03-10,Colombia,48258134,Narino,1630592,NA,NA,NA,NA,0,0,0,0,0,0
2020-03-12,Colombia,48258134,Narino,1630592,NA,NA,NA,NA,0,0,0,0,0,0
2020-03-14,Colombia,48258134,Narino,1630592,NA,NA,NA,NA,0,0,0,0,0,0
2020-03-16,Colombia,48258134,Narino,1630592,NA,NA,NA,NA,0,0,0,0,0,0
2020-03-18,Colombia,48258134,Narino,1630592,NA,NA,NA,NA,0,0,0,0,0,0
2020-03-20,Colombia,48258134,Narino,1630592,NA,NA,NA,NA,0,0,0,0,0,0
2020-03-22,Colombia,48258134,Narino,1630592,NA,NA,NA,NA,0,0,0,0,0,0
2020-03-24,Colombia,48258134,Narino,1630592,NA,NA,NA,NA,1,0,0,1,0,0
2020-03-26,Colombia,48258134,Narino,1630592,NA,NA,NA,NA,0,0,0,1,0,0
2020-03-28,Colombia,48258134,Narino,1630592,NA,NA,NA,NA,1,0,0,2,0,0
2020-03-30,Colombia,48258134,Narino,1630592,NA,NA,NA,NA,0,0,0,2,0,0
2020-04-01,Colombia,48258134,Narino,1630592,NA,NA,NA,NA,2,0,0,6,0,0
2020-04-03,Colombia,48258134,Narino,1630592,NA,NA,NA,NA,0,0,0,6,0,0
2020-04-05,Colombia,48258134,Narino,1630592,NA,NA,NA,NA,0,0,0,6,0,0
2020-04-07,Colombia,48258134,Narino,1630592,NA,NA,NA,NA,0,1,0,6,1,0
2020-04-09,Colombia,48258134,Narino,1630592,NA,NA,NA,NA,19,1,0,28,2,0
2020-04-11,Colombia,48258134,Narino,1630592,NA,NA,NA,NA,7,1,0,38,3,0
2020-04-13,Colombia,48258134,Narino,1630592,NA,NA,NA,NA,0,0,0,38,3,0
2020-04-15,Colombia,48258134,Narino,1630592,NA,NA,NA,NA,1,1,0,42,5,0
2020-04-17,Colombia,48258134,Narino,1630592,NA,NA,NA,NA,2,0,0,46,5,0
2020-04-19,Colombia,48258134,Narino,1630592,NA,NA,NA,NA,0,0,0,47,6,0
2020-04-21,Colombia,48258134,Narino,1630592,NA,NA,NA,NA,10,0,0,62,6,0
2020-04-23,Colombia,48258134,Narino,1630592,NA,NA,NA,NA,0,0,0,62,6,0
2020-04-25,Colombia,48258134,Narino,1630592,NA,NA,NA,NA,13,0,0,92,6,0
2020-04-27,Colombia,48258134,Narino,1630592,NA,NA,NA,NA,3,0,0,96,7,0
2020-04-29,Colombia,48258134,Narino,1630592,NA,NA,NA,NA,5,1,0,118,9,0
2020-05-01,Colombia,48258134,Narino,1630592,NA,NA,NA,NA,36,0,0,154,9,0
2020-05-03,Colombia,48258134,Narino,1630592,NA,NA,NA,NA,44,0,0,201,10,0
2020-05-05,Colombia,48258134,Narino,1630592,NA,NA,NA,NA,46,1,0,247,13,0
2020-05-07,Colombia,48258134,Narino,1630592,NA,NA,NA,NA,0,4,0,253,17,0
2020-05-09,Colombia,48258134,Narino,1630592,NA,NA,NA,NA,9,4,0,262,23,0
2020-05-11,Colombia,48258134,Narino,1630592,NA,NA,NA,NA,10,3,0,306,26,0
2020-05-13,Colombia,48258134,Narino,1630592,NA,NA,NA,NA,0,0,0,338,26,0
2020-05-15,Colombia,48258134,Narino,1630592,NA,NA,NA,NA,48,2,0,425,29,0
2020-05-17,Colombia,48258134,Narino,1630592,NA,NA,NA,NA,5,0,0,494,29,0
2020-05-19,Colombia,48258134,Narino,1630592,NA,NA,NA,NA,20,0,0,519,30,0
2020-05-21,Colombia,48258134,Narino,1630592,NA,NA,NA,NA,45,0,0,594,30,0
2020-05-23,Colombia,48258134,Narino,1630592,NA,NA,NA,NA,15,5,0,649,35,0
2020-05-25,Colombia,48258134,Narino,1630592,NA,NA,NA,NA,79,0,0,788,35,0
2020-05-27,Colombia,48258134,Narino,1630592,NA,NA,NA,NA,24,4,0,825,39,0
2020-05-29,Colombia,48258134,Narino,1630592,NA,NA,NA,NA,79,17,0,946,56,0
2020-05-31,Colombia,48258134,Narino,1630592,NA,NA,NA,NA,96,1,0,1102,59,0
2020-06-02,Colombia,48258134,Narino,1630592,NA,NA,NA,NA,53,0,0,1263,60,0
2020-06-04,Colombia,48258134,Narino,1630592,NA,NA,NA,NA,37,0,0,1383,60,0
2020-06-06,Colombia,48258134,Narino,1630592,NA,NA,NA,NA,120,0,0,1551,63,0
2020-06-08,Colombia,48258134,Narino,1630592,NA,NA,NA,NA,71,6,0,1700,69,0
2020-06-10,Colombia,48258134,Narino,1630592,NA,NA,NA,NA,195,0,0,1989,69,0
2020-06-12,Colombia,48258134,Narino,1630592,NA,NA,NA,NA,27,0,0,2057,77,0
2020-06-14,Colombia,48258134,Narino,1630592,NA,NA,NA,NA,68,0,0,2149,77,0
2020-06-16,Colombia,48258134,Narino,1630592,NA,NA,NA,NA,35,8,0,2205,91,0
2020-06-18,Colombia,48258134,Narino,1630592,NA,NA,NA,NA,154,8,0,2375,99,0
2020-06-20,Colombia,48258134,Narino,1630592,NA,NA,NA,NA,26,1,0,2494,100,0
2020-06-22,Colombia,48258134,Narino,1630592,NA,NA,NA,NA,57,1,0,2681,104,0
2020-06-24,Colombia,48258134,Narino,1630592,NA,NA,NA,NA,99,0,0,2813,106,0
2020-06-26,Colombia,48258134,Narino,1630592,NA,NA,NA,NA,92,0,0,2977,107,0
2020-06-28,Colombia,48258134,Narino,1630592,NA,NA,NA,NA,144,3,0,3184,110,0
2020-06-30,Colombia,48258134,Narino,1630592,NA,NA,NA,NA,136,1,0,3443,111,0
2020-07-02,Colombia,48258134,Narino,1630592,NA,NA,NA,NA,53,4,0,3575,124,0
2020-07-04,Colombia,48258134,Narino,1630592,NA,NA,NA,NA,64,2,0,3741,127,0
2020-07-06,Colombia,48258134,Narino,1630592,NA,NA,NA,NA,47,1,0,3977,130,0
2020-07-08,Colombia,48258134,Narino,1630592,NA,NA,NA,NA,43,2,0,4120,136,0
2020-07-10,Colombia,48258134,Narino,1630592,NA,NA,NA,NA,143,7,0,4418,146,0
2020-07-12,Colombia,48258134,Narino,1630592,NA,NA,NA,NA,78,19,0,4535,167,0
2020-07-14,Colombia,48258134,Narino,1630592,NA,NA,NA,NA,80,5,0,4660,180,0
2020-07-16,Colombia,48258134,Narino,1630592,NA,NA,NA,NA,254,4,0,5002,188,0
2020-07-18,Colombia,48258134,Narino,1630592,NA,NA,NA,NA,98,5,0,5194,198,0
2020-07-20,Colombia,48258134,Narino,1630592,NA,NA,NA,NA,250,5,0,5651,208,0
2020-07-22,Colombia,48258134,Narino,1630592,NA,NA,NA,NA,213,8,0,5992,219,0
2020-07-24,Colombia,48258134,Narino,1630592,NA,NA,NA,NA,169,5,0,6461,231,0
2020-07-26,Colombia,48258134,Narino,1630592,NA,NA,NA,NA,188,8,0,6798,244,0
2020-07-28,Colombia,48258134,Narino,1630592,NA,NA,NA,NA,166,9,0,7256,257,0
2020-07-30,Colombia,48258134,Narino,1630592,NA,NA,NA,NA,276,11,0,7770,271,0
2020-08-01,Colombia,48258134,Narino,1630592,NA,NA,NA,NA,120,13,0,8090,286,0
2020-08-03,Colombia,48258134,Narino,1630592,NA,NA,NA,NA,246,7,0,8431,297,0
2020-08-05,Colombia,48258134,Narino,1630592,NA,NA,NA,NA,181,17,0,8777,325,0
2020-08-07,Colombia,48258134,Narino,1630592,NA,NA,NA,NA,131,11,0,9138,343,0
2020-08-09,Colombia,48258134,Narino,1630592,NA,NA,NA,NA,280,12,0,9645,369,0
2020-08-11,Colombia,48258134,Narino,1630592,NA,NA,NA,NA,223,9,0,10122,386,0
2020-08-13,Colombia,48258134,Narino,1630592,NA,NA,NA,NA,381,16,0,10785,415,0
2020-08-15,Colombia,48258134,Narino,1630592,NA,NA,NA,NA,310,0,0,11273,422,0
2020-02-26,Colombia,48258134,Norte de Santander,1491689,NA,NA,NA,NA,NA,NA,NA,0,0,0
2020-02-28,Colombia,48258134,Norte de Santander,1491689,NA,NA,NA,NA,0,0,0,0,0,0
2020-03-01,Colombia,48258134,Norte de Santander,1491689,NA,NA,NA,NA,0,0,0,0,0,0
2020-03-03,Colombia,48258134,Norte de Santander,1491689,NA,NA,NA,NA,0,0,0,0,0,0
2020-03-05,Colombia,48258134,Norte de Santander,1491689,NA,NA,NA,NA,0,0,0,0,0,0
2020-03-07,Colombia,48258134,Norte de Santander,1491689,NA,NA,NA,NA,0,0,0,0,0,0
2020-03-09,Colombia,48258134,Norte de Santander,1491689,NA,NA,NA,NA,0,0,0,0,0,0
2020-03-11,Colombia,48258134,Norte de Santander,1491689,NA,NA,NA,NA,0,0,0,0,0,0
2020-03-13,Colombia,48258134,Norte de Santander,1491689,NA,NA,NA,NA,0,0,0,0,0,0
2020-03-15,Colombia,48258134,Norte de Santander,1491689,NA,NA,NA,NA,2,0,0,2,0,0
2020-03-17,Colombia,48258134,Norte de Santander,1491689,NA,NA,NA,NA,2,0,0,5,0,0
2020-03-19,Colombia,48258134,Norte de Santander,1491689,NA,NA,NA,NA,4,0,0,9,0,0
2020-03-21,Colombia,48258134,Norte de Santander,1491689,NA,NA,NA,NA,2,0,0,11,0,0
2020-03-23,Colombia,48258134,Norte de Santander,1491689,NA,NA,NA,NA,1,0,0,12,0,0
2020-03-25,Colombia,48258134,Norte de Santander,1491689,NA,NA,NA,NA,4,0,0,19,0,0
2020-03-27,Colombia,48258134,Norte de Santander,1491689,NA,NA,NA,NA,0,1,0,19,1,0
2020-03-29,Colombia,48258134,Norte de Santander,1491689,NA,NA,NA,NA,4,0,0,23,2,0
2020-03-31,Colombia,48258134,Norte de Santander,1491689,NA,NA,NA,NA,6,0,1,30,2,1
2020-04-02,Colombia,48258134,Norte de Santander,1491689,NA,NA,NA,NA,2,0,1,33,2,2
2020-04-04,Colombia,48258134,Norte de Santander,1491689,NA,NA,NA,NA,0,0,0,37,2,2
2020-04-06,Colombia,48258134,Norte de Santander,1491689,NA,NA,NA,NA,2,1,0,39,3,2
2020-04-08,Colombia,48258134,Norte de Santander,1491689,NA,NA,NA,NA,2,1,0,41,5,2
2020-04-10,Colombia,48258134,Norte de Santander,1491689,NA,NA,NA,NA,2,0,2,61,5,5
2020-04-12,Colombia,48258134,Norte de Santander,1491689,NA,NA,NA,NA,4,0,0,72,5,5
2020-04-14,Colombia,48258134,Norte de Santander,1491689,NA,NA,NA,NA,8,0,0,80,5,5
2020-04-16,Colombia,48258134,Norte de Santander,1491689,NA,NA,NA,NA,3,0,0,90,5,5
2020-04-18,Colombia,48258134,Norte de Santander,1491689,NA,NA,NA,NA,2,0,0,92,6,5
2020-04-20,Colombia,48258134,Norte de Santander,1491689,NA,NA,NA,NA,0,0,0,92,6,5
2020-04-22,Colombia,48258134,Norte de Santander,1491689,NA,NA,NA,NA,3,0,0,96,6,5
2020-04-24,Colombia,48258134,Norte de Santander,1491689,NA,NA,NA,NA,0,1,0,97,7,5
2020-04-26,Colombia,48258134,Norte de Santander,1491689,NA,NA,NA,NA,2,2,0,100,10,5
2020-04-28,Colombia,48258134,Norte de Santander,1491689,NA,NA,NA,NA,8,0,0,109,10,5
2020-04-30,Colombia,48258134,Norte de Santander,1491689,NA,NA,NA,NA,0,0,0,109,11,5
2020-05-02,Colombia,48258134,Norte de Santander,1491689,NA,NA,NA,NA,11,0,0,124,11,5
2020-05-04,Colombia,48258134,Norte de Santander,1491689,NA,NA,NA,NA,0,0,0,124,12,5
2020-05-06,Colombia,48258134,Norte de Santander,1491689,NA,NA,NA,NA,0,0,0,125,12,5
2020-05-08,Colombia,48258134,Norte de Santander,1491689,NA,NA,NA,NA,7,0,0,132,13,5
2020-05-10,Colombia,48258134,Norte de Santander,1491689,NA,NA,NA,NA,5,0,0,141,13,5
2020-05-12,Colombia,48258134,Norte de Santander,1491689,NA,NA,NA,NA,5,0,0,146,13,5
2020-05-14,Colombia,48258134,Norte de Santander,1491689,NA,NA,NA,NA,1,0,0,147,13,5
2020-05-16,Colombia,48258134,Norte de Santander,1491689,NA,NA,NA,NA,12,0,0,161,14,5
2020-05-18,Colombia,48258134,Norte de Santander,1491689,NA,NA,NA,NA,2,0,0,164,14,5
2020-05-20,Colombia,48258134,Norte de Santander,1491689,NA,NA,NA,NA,2,0,0,166,14,5
2020-05-22,Colombia,48258134,Norte de Santander,1491689,NA,NA,NA,NA,4,0,0,171,14,5
2020-05-24,Colombia,48258134,Norte de Santander,1491689,NA,NA,NA,NA,0,0,0,177,14,5
2020-05-26,Colombia,48258134,Norte de Santander,1491689,NA,NA,NA,NA,2,0,0,179,14,5
2020-05-28,Colombia,48258134,Norte de Santander,1491689,NA,NA,NA,NA,3,0,0,185,14,5
2020-05-30,Colombia,48258134,Norte de Santander,1491689,NA,NA,NA,NA,0,1,0,186,17,5
2020-06-01,Colombia,48258134,Norte de Santander,1491689,NA,NA,NA,NA,3,0,0,201,17,5
2020-06-03,Colombia,48258134,Norte de Santander,1491689,NA,NA,NA,NA,33,0,0,247,17,5
2020-06-05,Colombia,48258134,Norte de Santander,1491689,NA,NA,NA,NA,15,0,0,264,17,5
2020-06-07,Colombia,48258134,Norte de Santander,1491689,NA,NA,NA,NA,15,0,0,298,19,5
2020-06-09,Colombia,48258134,Norte de Santander,1491689,NA,NA,NA,NA,30,0,0,342,19,5
2020-06-11,Colombia,48258134,Norte de Santander,1491689,NA,NA,NA,NA,5,1,0,355,22,5
2020-06-13,Colombia,48258134,Norte de Santander,1491689,NA,NA,NA,NA,15,0,0,374,22,5
2020-06-15,Colombia,48258134,Norte de Santander,1491689,NA,NA,NA,NA,21,0,0,411,22,5
2020-06-17,Colombia,48258134,Norte de Santander,1491689,NA,NA,NA,NA,42,0,0,475,26,5
2020-06-19,Colombia,48258134,Norte de Santander,1491689,NA,NA,NA,NA,36,1,0,557,30,5
2020-06-21,Colombia,48258134,Norte de Santander,1491689,NA,NA,NA,NA,117,0,0,718,30,5
2020-06-23,Colombia,48258134,Norte de Santander,1491689,NA,NA,NA,NA,18,1,0,762,33,5
2020-06-25,Colombia,48258134,Norte de Santander,1491689,NA,NA,NA,NA,36,1,0,825,34,5
2020-06-27,Colombia,48258134,Norte de Santander,1491689,NA,NA,NA,NA,70,0,0,932,34,5
2020-06-29,Colombia,48258134,Norte de Santander,1491689,NA,NA,NA,NA,47,0,0,1016,34,5
2020-07-01,Colombia,48258134,Norte de Santander,1491689,NA,NA,NA,NA,50,8,0,1097,42,5
2020-07-03,Colombia,48258134,Norte de Santander,1491689,NA,NA,NA,NA,41,1,0,1198,44,5
2020-07-05,Colombia,48258134,Norte de Santander,1491689,NA,NA,NA,NA,64,1,0,1376,48,5
2020-07-07,Colombia,48258134,Norte de Santander,1491689,NA,NA,NA,NA,83,2,0,1474,53,5
2020-07-09,Colombia,48258134,Norte de Santander,1491689,NA,NA,NA,NA,71,3,0,1591,57,5
2020-07-11,Colombia,48258134,Norte de Santander,1491689,NA,NA,NA,NA,55,2,0,1808,60,5
2020-07-13,Colombia,48258134,Norte de Santander,1491689,NA,NA,NA,NA,35,6,0,1958,77,5
2020-07-15,Colombia,48258134,Norte de Santander,1491689,NA,NA,NA,NA,114,5,0,2188,88,5
2020-07-17,Colombia,48258134,Norte de Santander,1491689,NA,NA,NA,NA,177,9,0,2525,104,5
2020-07-19,Colombia,48258134,Norte de Santander,1491689,NA,NA,NA,NA,105,7,0,2761,116,5
2020-07-21,Colombia,48258134,Norte de Santander,1491689,NA,NA,NA,NA,104,9,0,2986,135,5
2020-07-23,Colombia,48258134,Norte de Santander,1491689,NA,NA,NA,NA,244,7,0,3508,152,5
2020-07-25,Colombia,48258134,Norte de Santander,1491689,NA,NA,NA,NA,288,11,0,4079,172,5
2020-07-27,Colombia,48258134,Norte de Santander,1491689,NA,NA,NA,NA,341,7,0,4581,186,5
2020-07-29,Colombia,48258134,Norte de Santander,1491689,NA,NA,NA,NA,424,5,0,5319,203,5
2020-07-31,Colombia,48258134,Norte de Santander,1491689,NA,NA,NA,NA,469,5,0,6092,238,5
2020-08-02,Colombia,48258134,Norte de Santander,1491689,NA,NA,NA,NA,367,8,0,6866,293,5
2020-08-04,Colombia,48258134,Norte de Santander,1491689,NA,NA,NA,NA,577,37,0,7829,370,5
2020-08-06,Colombia,48258134,Norte de Santander,1491689,NA,NA,NA,NA,526,16,0,8898,450,5
2020-08-08,Colombia,48258134,Norte de Santander,1491689,NA,NA,NA,NA,844,58,0,10643,548,5
2020-08-10,Colombia,48258134,Norte de Santander,1491689,NA,NA,NA,NA,434,26,0,11827,614,5
2020-08-12,Colombia,48258134,Norte de Santander,1491689,NA,NA,NA,NA,763,52,0,13550,720,5
2020-08-14,Colombia,48258134,Norte de Santander,1491689,NA,NA,NA,NA,919,13,0,15396,773,5
2020-02-25,Colombia,48258134,Putumayo,348182,NA,NA,NA,NA,NA,NA,NA,0,0,0
2020-02-27,Colombia,48258134,Putumayo,348182,NA,NA,NA,NA,0,0,0,0,0,0
2020-02-29,Colombia,48258134,Putumayo,348182,NA,NA,NA,NA,0,0,0,0,0,0
2020-03-02,Colombia,48258134,Putumayo,348182,NA,NA,NA,NA,0,0,0,0,0,0
2020-03-04,Colombia,48258134,Putumayo,348182,NA,NA,NA,NA,0,0,0,0,0,0
2020-03-06,Colombia,48258134,Putumayo,348182,NA,NA,NA,NA,0,0,0,0,0,0
2020-03-08,Colombia,48258134,Putumayo,348182,NA,NA,NA,NA,0,0,0,0,0,0
2020-03-10,Colombia,48258134,Putumayo,348182,NA,NA,NA,NA,0,0,0,0,0,0
2020-03-12,Colombia,48258134,Putumayo,348182,NA,NA,NA,NA,0,0,0,0,0,0
2020-03-14,Colombia,48258134,Putumayo,348182,NA,NA,NA,NA,0,0,0,0,0,0
2020-03-16,Colombia,48258134,Putumayo,348182,NA,NA,NA,NA,0,0,0,0,0,0
2020-03-18,Colombia,48258134,Putumayo,348182,NA,NA,NA,NA,0,0,0,0,0,0
2020-03-20,Colombia,48258134,Putumayo,348182,NA,NA,NA,NA,0,0,0,0,0,0
2020-03-22,Colombia,48258134,Putumayo,348182,NA,NA,NA,NA,0,0,0,0,0,0
2020-03-24,Colombia,48258134,Putumayo,348182,NA,NA,NA,NA,0,0,0,0,0,0
2020-03-26,Colombia,48258134,Putumayo,348182,NA,NA,NA,NA,0,0,0,0,0,0
2020-03-28,Colombia,48258134,Putumayo,348182,NA,NA,NA,NA,0,0,0,0,0,0
2020-03-30,Colombia,48258134,Putumayo,348182,NA,NA,NA,NA,0,0,0,0,0,0
2020-04-01,Colombia,48258134,Putumayo,348182,NA,NA,NA,NA,0,0,0,0,0,0
2020-04-03,Colombia,48258134,Putumayo,348182,NA,NA,NA,NA,0,0,0,0,0,0
2020-04-05,Colombia,48258134,Putumayo,348182,NA,NA,NA,NA,0,0,0,0,0,0
2020-04-07,Colombia,48258134,Putumayo,348182,NA,NA,NA,NA,0,0,0,0,0,0
2020-04-09,Colombia,48258134,Putumayo,348182,NA,NA,NA,NA,0,0,0,0,0,0
2020-04-11,Colombia,48258134,Putumayo,348182,NA,NA,NA,NA,0,0,0,0,0,0
2020-04-13,Colombia,48258134,Putumayo,348182,NA,NA,NA,NA,0,0,0,0,0,0
2020-04-15,Colombia,48258134,Putumayo,348182,NA,NA,NA,NA,0,0,0,0,0,0
2020-04-17,Colombia,48258134,Putumayo,348182,NA,NA,NA,NA,0,0,0,0,0,0
2020-04-19,Colombia,48258134,Putumayo,348182,NA,NA,NA,NA,0,0,0,0,0,0
2020-04-21,Colombia,48258134,Putumayo,348182,NA,NA,NA,NA,0,0,0,0,0,0
2020-04-23,Colombia,48258134,Putumayo,348182,NA,NA,NA,NA,0,0,0,0,0,0
2020-04-25,Colombia,48258134,Putumayo,348182,NA,NA,NA,NA,0,0,0,0,0,0
2020-04-27,Colombia,48258134,Putumayo,348182,NA,NA,NA,NA,0,0,0,0,0,0
2020-04-29,Colombia,48258134,Putumayo,348182,NA,NA,NA,NA,0,0,0,0,0,0
2020-05-01,Colombia,48258134,Putumayo,348182,NA,NA,NA,NA,0,0,0,0,0,0
2020-05-03,Colombia,48258134,Putumayo,348182,NA,NA,NA,NA,0,0,0,0,0,0
2020-05-05,Colombia,48258134,Putumayo,348182,NA,NA,NA,NA,0,0,0,0,0,0
2020-05-07,Colombia,48258134,Putumayo,348182,NA,NA,NA,NA,0,0,0,0,0,0
2020-05-09,Colombia,48258134,Putumayo,348182,NA,NA,NA,NA,0,0,0,0,0,0
2020-05-11,Colombia,48258134,Putumayo,348182,NA,NA,NA,NA,0,0,0,1,0,0
2020-05-13,Colombia,48258134,Putumayo,348182,NA,NA,NA,NA,0,0,0,2,0,0
2020-05-15,Colombia,48258134,Putumayo,348182,NA,NA,NA,NA,1,0,0,3,0,0
2020-05-17,Colombia,48258134,Putumayo,348182,NA,NA,NA,NA,0,0,0,3,0,0
2020-05-19,Colombia,48258134,Putumayo,348182,NA,NA,NA,NA,0,0,0,3,0,0
2020-05-21,Colombia,48258134,Putumayo,348182,NA,NA,NA,NA,0,0,0,3,0,0
2020-05-23,Colombia,48258134,Putumayo,348182,NA,NA,NA,NA,0,0,0,3,0,0
2020-05-25,Colombia,48258134,Putumayo,348182,NA,NA,NA,NA,4,0,0,7,0,0
2020-05-27,Colombia,48258134,Putumayo,348182,NA,NA,NA,NA,0,0,0,7,0,0
2020-05-29,Colombia,48258134,Putumayo,348182,NA,NA,NA,NA,1,0,0,8,0,0
2020-05-31,Colombia,48258134,Putumayo,348182,NA,NA,NA,NA,0,0,0,9,0,0
2020-06-02,Colombia,48258134,Putumayo,348182,NA,NA,NA,NA,0,0,0,9,0,0
2020-06-04,Colombia,48258134,Putumayo,348182,NA,NA,NA,NA,0,0,0,10,0,0
2020-06-06,Colombia,48258134,Putumayo,348182,NA,NA,NA,NA,0,0,0,11,0,0
2020-06-08,Colombia,48258134,Putumayo,348182,NA,NA,NA,NA,0,0,0,11,0,0
2020-06-10,Colombia,48258134,Putumayo,348182,NA,NA,NA,NA,0,0,0,11,0,0
2020-06-12,Colombia,48258134,Putumayo,348182,NA,NA,NA,NA,0,0,0,12,0,0
2020-06-14,Colombia,48258134,Putumayo,348182,NA,NA,NA,NA,1,0,0,13,0,0
2020-06-16,Colombia,48258134,Putumayo,348182,NA,NA,NA,NA,0,0,0,13,0,0
2020-06-18,Colombia,48258134,Putumayo,348182,NA,NA,NA,NA,0,0,0,15,0,0
2020-06-20,Colombia,48258134,Putumayo,348182,NA,NA,NA,NA,2,0,0,17,0,0
2020-06-22,Colombia,48258134,Putumayo,348182,NA,NA,NA,NA,0,6,0,17,6,0
2020-06-24,Colombia,48258134,Putumayo,348182,NA,NA,NA,NA,0,0,0,19,6,0
2020-06-26,Colombia,48258134,Putumayo,348182,NA,NA,NA,NA,1,0,0,20,6,0
2020-06-28,Colombia,48258134,Putumayo,348182,NA,NA,NA,NA,2,0,0,22,6,0
2020-06-30,Colombia,48258134,Putumayo,348182,NA,NA,NA,NA,2,0,0,28,6,0
2020-07-02,Colombia,48258134,Putumayo,348182,NA,NA,NA,NA,1,2,0,29,8,0
2020-07-04,Colombia,48258134,Putumayo,348182,NA,NA,NA,NA,2,0,0,35,8,0
2020-07-06,Colombia,48258134,Putumayo,348182,NA,NA,NA,NA,3,0,0,38,8,0
2020-07-08,Colombia,48258134,Putumayo,348182,NA,NA,NA,NA,1,0,0,39,9,0
2020-07-10,Colombia,48258134,Putumayo,348182,NA,NA,NA,NA,8,0,0,49,9,0
2020-07-12,Colombia,48258134,Putumayo,348182,NA,NA,NA,NA,7,4,0,95,15,0
2020-07-14,Colombia,48258134,Putumayo,348182,NA,NA,NA,NA,17,2,0,113,17,0
2020-07-16,Colombia,48258134,Putumayo,348182,NA,NA,NA,NA,26,0,0,149,18,0
2020-07-18,Colombia,48258134,Putumayo,348182,NA,NA,NA,NA,45,1,0,199,19,0
2020-07-20,Colombia,48258134,Putumayo,348182,NA,NA,NA,NA,48,1,0,291,22,0
2020-07-22,Colombia,48258134,Putumayo,348182,NA,NA,NA,NA,40,1,0,385,24,0
2020-07-24,Colombia,48258134,Putumayo,348182,NA,NA,NA,NA,35,2,0,494,27,0
2020-07-26,Colombia,48258134,Putumayo,348182,NA,NA,NA,NA,112,2,0,643,30,0
2020-07-28,Colombia,48258134,Putumayo,348182,NA,NA,NA,NA,3,0,0,762,34,0
2020-07-30,Colombia,48258134,Putumayo,348182,NA,NA,NA,NA,74,3,0,851,40,0
2020-08-01,Colombia,48258134,Putumayo,348182,NA,NA,NA,NA,34,9,0,943,49,0
2020-08-03,Colombia,48258134,Putumayo,348182,NA,NA,NA,NA,95,5,0,1128,54,0
2020-08-05,Colombia,48258134,Putumayo,348182,NA,NA,NA,NA,50,4,0,1258,60,0
2020-08-07,Colombia,48258134,Putumayo,348182,NA,NA,NA,NA,63,0,0,1356,61,0
2020-08-09,Colombia,48258134,Putumayo,348182,NA,NA,NA,NA,52,0,0,1432,76,0
2020-08-11,Colombia,48258134,Putumayo,348182,NA,NA,NA,NA,17,3,0,1599,79,0
2020-08-13,Colombia,48258134,Putumayo,348182,NA,NA,NA,NA,62,11,0,1700,90,0
2020-08-15,Colombia,48258134,Putumayo,348182,NA,NA,NA,NA,44,0,0,1884,91,0
2020-02-26,Colombia,48258134,Quindio,539904,NA,NA,NA,NA,NA,NA,NA,0,0,0
2020-02-28,Colombia,48258134,Quindio,539904,NA,NA,NA,NA,0,0,0,0,0,0
2020-03-01,Colombia,48258134,Quindio,539904,NA,NA,NA,NA,0,0,0,0,0,0
2020-03-03,Colombia,48258134,Quindio,539904,NA,NA,NA,NA,0,0,0,0,0,0
2020-03-05,Colombia,48258134,Quindio,539904,NA,NA,NA,NA,0,0,0,0,0,0
2020-03-07,Colombia,48258134,Quindio,539904,NA,NA,NA,NA,0,0,0,0,0,0
2020-03-09,Colombia,48258134,Quindio,539904,NA,NA,NA,NA,0,0,0,0,0,0
2020-03-11,Colombia,48258134,Quindio,539904,NA,NA,NA,NA,0,0,0,0,0,0
2020-03-13,Colombia,48258134,Quindio,539904,NA,NA,NA,NA,0,0,0,0,0,0
2020-03-15,Colombia,48258134,Quindio,539904,NA,NA,NA,NA,0,0,0,0,0,0
2020-03-17,Colombia,48258134,Quindio,539904,NA,NA,NA,NA,2,0,0,2,0,0
2020-03-19,Colombia,48258134,Quindio,539904,NA,NA,NA,NA,1,0,0,3,0,0
2020-03-21,Colombia,48258134,Quindio,539904,NA,NA,NA,NA,0,0,0,3,0,0
2020-03-23,Colombia,48258134,Quindio,539904,NA,NA,NA,NA,1,0,0,7,0,0
2020-03-25,Colombia,48258134,Quindio,539904,NA,NA,NA,NA,4,0,0,12,0,0
2020-03-27,Colombia,48258134,Quindio,539904,NA,NA,NA,NA,3,0,0,15,0,0
2020-03-29,Colombia,48258134,Quindio,539904,NA,NA,NA,NA,0,0,0,16,0,0
2020-03-31,Colombia,48258134,Quindio,539904,NA,NA,NA,NA,0,0,0,16,0,0
2020-04-02,Colombia,48258134,Quindio,539904,NA,NA,NA,NA,0,0,3,23,0,3
2020-04-04,Colombia,48258134,Quindio,539904,NA,NA,NA,NA,0,1,1,23,2,4
2020-04-06,Colombia,48258134,Quindio,539904,NA,NA,NA,NA,0,0,0,23,2,4
2020-04-08,Colombia,48258134,Quindio,539904,NA,NA,NA,NA,17,0,0,40,2,4
2020-04-10,Colombia,48258134,Quindio,539904,NA,NA,NA,NA,3,0,0,44,2,5
2020-04-12,Colombia,48258134,Quindio,539904,NA,NA,NA,NA,0,0,0,47,2,5
2020-04-14,Colombia,48258134,Quindio,539904,NA,NA,NA,NA,0,0,0,49,2,5
2020-04-16,Colombia,48258134,Quindio,539904,NA,NA,NA,NA,0,0,0,49,2,5
2020-04-18,Colombia,48258134,Quindio,539904,NA,NA,NA,NA,2,0,0,53,2,5
2020-04-20,Colombia,48258134,Quindio,539904,NA,NA,NA,NA,2,0,0,55,2,5
2020-04-22,Colombia,48258134,Quindio,539904,NA,NA,NA,NA,0,0,0,55,2,5
2020-04-24,Colombia,48258134,Quindio,539904,NA,NA,NA,NA,0,0,0,55,2,5
2020-04-26,Colombia,48258134,Quindio,539904,NA,NA,NA,NA,1,0,0,56,2,5
2020-04-28,Colombia,48258134,Quindio,539904,NA,NA,NA,NA,1,0,0,59,2,5
2020-04-30,Colombia,48258134,Quindio,539904,NA,NA,NA,NA,0,0,0,59,2,5
2020-05-02,Colombia,48258134,Quindio,539904,NA,NA,NA,NA,0,0,0,60,2,5
2020-05-04,Colombia,48258134,Quindio,539904,NA,NA,NA,NA,0,0,0,60,2,5
2020-05-06,Colombia,48258134,Quindio,539904,NA,NA,NA,NA,0,0,0,63,2,5
2020-05-08,Colombia,48258134,Quindio,539904,NA,NA,NA,NA,1,0,0,66,2,5
2020-05-10,Colombia,48258134,Quindio,539904,NA,NA,NA,NA,1,0,0,67,2,5
2020-05-12,Colombia,48258134,Quindio,539904,NA,NA,NA,NA,0,0,0,70,2,5
2020-05-14,Colombia,48258134,Quindio,539904,NA,NA,NA,NA,0,0,0,77,2,5
2020-05-16,Colombia,48258134,Quindio,539904,NA,NA,NA,NA,1,0,0,79,2,5
2020-05-18,Colombia,48258134,Quindio,539904,NA,NA,NA,NA,2,0,0,81,2,5
2020-05-20,Colombia,48258134,Quindio,539904,NA,NA,NA,NA,3,0,0,84,2,5
2020-05-22,Colombia,48258134,Quindio,539904,NA,NA,NA,NA,2,0,0,86,2,5
2020-05-24,Colombia,48258134,Quindio,539904,NA,NA,NA,NA,1,0,0,89,2,5
2020-05-26,Colombia,48258134,Quindio,539904,NA,NA,NA,NA,0,0,0,94,2,5
2020-05-28,Colombia,48258134,Quindio,539904,NA,NA,NA,NA,0,2,0,107,4,5
2020-05-30,Colombia,48258134,Quindio,539904,NA,NA,NA,NA,0,0,0,107,4,5
2020-06-01,Colombia,48258134,Quindio,539904,NA,NA,NA,NA,1,0,0,112,4,5
2020-06-03,Colombia,48258134,Quindio,539904,NA,NA,NA,NA,6,0,0,119,4,5
2020-06-05,Colombia,48258134,Quindio,539904,NA,NA,NA,NA,1,0,0,120,4,5
2020-06-07,Colombia,48258134,Quindio,539904,NA,NA,NA,NA,0,1,0,121,5,5
2020-06-09,Colombia,48258134,Quindio,539904,NA,NA,NA,NA,1,0,0,122,5,5
2020-06-11,Colombia,48258134,Quindio,539904,NA,NA,NA,NA,1,0,0,123,5,5
2020-06-13,Colombia,48258134,Quindio,539904,NA,NA,NA,NA,1,0,0,125,5,5
2020-06-15,Colombia,48258134,Quindio,539904,NA,NA,NA,NA,2,0,0,128,5,5
2020-06-17,Colombia,48258134,Quindio,539904,NA,NA,NA,NA,2,0,0,131,5,5
2020-06-19,Colombia,48258134,Quindio,539904,NA,NA,NA,NA,3,0,0,142,5,5
2020-06-21,Colombia,48258134,Quindio,539904,NA,NA,NA,NA,1,0,0,146,5,5
2020-06-23,Colombia,48258134,Quindio,539904,NA,NA,NA,NA,1,0,0,150,5,5
2020-06-25,Colombia,48258134,Quindio,539904,NA,NA,NA,NA,4,0,0,156,5,5
2020-06-27,Colombia,48258134,Quindio,539904,NA,NA,NA,NA,0,0,0,160,5,5
2020-06-29,Colombia,48258134,Quindio,539904,NA,NA,NA,NA,1,0,0,161,5,5
2020-07-01,Colombia,48258134,Quindio,539904,NA,NA,NA,NA,0,0,0,167,5,5
2020-07-03,Colombia,48258134,Quindio,539904,NA,NA,NA,NA,1,0,0,169,5,5
2020-07-05,Colombia,48258134,Quindio,539904,NA,NA,NA,NA,0,0,0,177,5,5
2020-07-07,Colombia,48258134,Quindio,539904,NA,NA,NA,NA,0,0,0,177,5,5
2020-07-09,Colombia,48258134,Quindio,539904,NA,NA,NA,NA,7,0,0,187,5,5
2020-07-11,Colombia,48258134,Quindio,539904,NA,NA,NA,NA,0,0,0,193,5,5
2020-07-13,Colombia,48258134,Quindio,539904,NA,NA,NA,NA,0,0,0,194,5,5
2020-07-15,Colombia,48258134,Quindio,539904,NA,NA,NA,NA,0,0,0,203,8,5
2020-07-17,Colombia,48258134,Quindio,539904,NA,NA,NA,NA,2,0,0,208,8,5
2020-07-19,Colombia,48258134,Quindio,539904,NA,NA,NA,NA,4,0,0,212,8,5
2020-07-21,Colombia,48258134,Quindio,539904,NA,NA,NA,NA,0,0,0,214,8,5
2020-07-23,Colombia,48258134,Quindio,539904,NA,NA,NA,NA,4,0,0,226,8,5
2020-07-25,Colombia,48258134,Quindio,539904,NA,NA,NA,NA,10,0,0,244,8,5
2020-07-27,Colombia,48258134,Quindio,539904,NA,NA,NA,NA,17,0,0,264,9,5
2020-07-29,Colombia,48258134,Quindio,539904,NA,NA,NA,NA,37,0,0,303,9,5
2020-07-31,Colombia,48258134,Quindio,539904,NA,NA,NA,NA,26,0,0,348,9,5
2020-08-02,Colombia,48258134,Quindio,539904,NA,NA,NA,NA,14,0,0,378,9,5
2020-08-04,Colombia,48258134,Quindio,539904,NA,NA,NA,NA,7,0,0,409,9,5
2020-08-06,Colombia,48258134,Quindio,539904,NA,NA,NA,NA,29,3,0,474,12,5
2020-08-08,Colombia,48258134,Quindio,539904,NA,NA,NA,NA,18,0,0,496,14,5
2020-08-10,Colombia,48258134,Quindio,539904,NA,NA,NA,NA,18,0,0,528,14,5
2020-08-12,Colombia,48258134,Quindio,539904,NA,NA,NA,NA,7,2,0,556,16,5
2020-08-14,Colombia,48258134,Quindio,539904,NA,NA,NA,NA,57,0,0,631,19,5
2020-02-25,Colombia,48258134,Risaralda,943401,NA,NA,NA,NA,NA,NA,NA,0,0,0
2020-02-27,Colombia,48258134,Risaralda,943401,NA,NA,NA,NA,0,0,0,0,0,0
2020-02-29,Colombia,48258134,Risaralda,943401,NA,NA,NA,NA,0,0,0,0,0,0
2020-03-02,Colombia,48258134,Risaralda,943401,NA,NA,NA,NA,0,0,0,0,0,0
2020-03-04,Colombia,48258134,Risaralda,943401,NA,NA,NA,NA,0,0,0,0,0,0
2020-03-06,Colombia,48258134,Risaralda,943401,NA,NA,NA,NA,0,0,0,0,0,0
2020-03-08,Colombia,48258134,Risaralda,943401,NA,NA,NA,NA,0,0,0,0,0,0
2020-03-10,Colombia,48258134,Risaralda,943401,NA,NA,NA,NA,0,0,0,0,0,0
2020-03-12,Colombia,48258134,Risaralda,943401,NA,NA,NA,NA,0,0,0,0,0,0
2020-03-14,Colombia,48258134,Risaralda,943401,NA,NA,NA,NA,1,0,0,1,0,0
2020-03-16,Colombia,48258134,Risaralda,943401,NA,NA,NA,NA,0,0,0,1,0,0
2020-03-18,Colombia,48258134,Risaralda,943401,NA,NA,NA,NA,3,0,0,5,0,0
2020-03-20,Colombia,48258134,Risaralda,943401,NA,NA,NA,NA,1,0,0,6,0,0
2020-03-22,Colombia,48258134,Risaralda,943401,NA,NA,NA,NA,5,0,0,12,0,0
2020-03-24,Colombia,48258134,Risaralda,943401,NA,NA,NA,NA,3,0,0,16,0,0
2020-03-26,Colombia,48258134,Risaralda,943401,NA,NA,NA,NA,0,0,0,18,0,0
2020-03-28,Colombia,48258134,Risaralda,943401,NA,NA,NA,NA,0,0,0,18,0,0
2020-03-30,Colombia,48258134,Risaralda,943401,NA,NA,NA,NA,0,1,0,28,1,0
2020-04-01,Colombia,48258134,Risaralda,943401,NA,NA,NA,NA,0,1,1,34,2,1
2020-04-03,Colombia,48258134,Risaralda,943401,NA,NA,NA,NA,2,0,0,36,2,1
2020-04-05,Colombia,48258134,Risaralda,943401,NA,NA,NA,NA,0,0,0,36,2,1
2020-04-07,Colombia,48258134,Risaralda,943401,NA,NA,NA,NA,0,0,1,36,2,2
2020-04-09,Colombia,48258134,Risaralda,943401,NA,NA,NA,NA,3,0,1,49,2,3
2020-04-11,Colombia,48258134,Risaralda,943401,NA,NA,NA,NA,6,0,0,58,2,5
2020-04-13,Colombia,48258134,Risaralda,943401,NA,NA,NA,NA,1,0,0,62,2,5
2020-04-15,Colombia,48258134,Risaralda,943401,NA,NA,NA,NA,3,1,0,73,3,5
2020-04-17,Colombia,48258134,Risaralda,943401,NA,NA,NA,NA,40,0,0,113,4,5
2020-04-19,Colombia,48258134,Risaralda,943401,NA,NA,NA,NA,6,0,0,131,5,5
2020-04-21,Colombia,48258134,Risaralda,943401,NA,NA,NA,NA,5,0,0,136,5,5
2020-04-23,Colombia,48258134,Risaralda,943401,NA,NA,NA,NA,4,0,0,146,5,5
2020-04-25,Colombia,48258134,Risaralda,943401,NA,NA,NA,NA,32,0,0,180,6,5
2020-04-27,Colombia,48258134,Risaralda,943401,NA,NA,NA,NA,0,0,0,185,6,5
2020-04-29,Colombia,48258134,Risaralda,943401,NA,NA,NA,NA,2,1,0,193,7,5
2020-05-01,Colombia,48258134,Risaralda,943401,NA,NA,NA,NA,4,0,0,203,7,5
2020-05-03,Colombia,48258134,Risaralda,943401,NA,NA,NA,NA,3,0,0,211,8,5
2020-05-05,Colombia,48258134,Risaralda,943401,NA,NA,NA,NA,0,0,0,211,8,5
2020-05-07,Colombia,48258134,Risaralda,943401,NA,NA,NA,NA,0,0,0,212,8,5
2020-05-09,Colombia,48258134,Risaralda,943401,NA,NA,NA,NA,2,0,0,216,8,5
2020-05-11,Colombia,48258134,Risaralda,943401,NA,NA,NA,NA,0,0,0,216,8,5
2020-05-13,Colombia,48258134,Risaralda,943401,NA,NA,NA,NA,17,0,0,233,8,5
2020-05-15,Colombia,48258134,Risaralda,943401,NA,NA,NA,NA,0,0,0,236,8,5
2020-05-17,Colombia,48258134,Risaralda,943401,NA,NA,NA,NA,2,0,0,238,8,5
2020-05-19,Colombia,48258134,Risaralda,943401,NA,NA,NA,NA,0,0,0,238,8,5
2020-05-21,Colombia,48258134,Risaralda,943401,NA,NA,NA,NA,1,0,0,239,8,5
2020-05-23,Colombia,48258134,Risaralda,943401,NA,NA,NA,NA,1,0,0,241,8,5
2020-05-25,Colombia,48258134,Risaralda,943401,NA,NA,NA,NA,3,0,0,245,8,5
2020-05-27,Colombia,48258134,Risaralda,943401,NA,NA,NA,NA,4,0,0,249,8,5
2020-05-29,Colombia,48258134,Risaralda,943401,NA,NA,NA,NA,1,0,0,251,8,5
2020-05-31,Colombia,48258134,Risaralda,943401,NA,NA,NA,NA,2,0,0,255,9,5
2020-06-02,Colombia,48258134,Risaralda,943401,NA,NA,NA,NA,3,0,0,258,9,5
2020-06-04,Colombia,48258134,Risaralda,943401,NA,NA,NA,NA,3,0,0,266,9,5
2020-06-06,Colombia,48258134,Risaralda,943401,NA,NA,NA,NA,6,0,0,274,10,5
2020-06-08,Colombia,48258134,Risaralda,943401,NA,NA,NA,NA,0,0,0,278,10,5
2020-06-10,Colombia,48258134,Risaralda,943401,NA,NA,NA,NA,8,0,0,294,11,5
2020-06-12,Colombia,48258134,Risaralda,943401,NA,NA,NA,NA,6,0,0,308,11,5
2020-06-14,Colombia,48258134,Risaralda,943401,NA,NA,NA,NA,8,0,0,323,11,5
2020-06-16,Colombia,48258134,Risaralda,943401,NA,NA,NA,NA,2,0,0,325,11,5
2020-06-18,Colombia,48258134,Risaralda,943401,NA,NA,NA,NA,51,0,0,383,11,5
2020-06-20,Colombia,48258134,Risaralda,943401,NA,NA,NA,NA,15,0,0,411,12,5
2020-06-22,Colombia,48258134,Risaralda,943401,NA,NA,NA,NA,3,0,0,423,12,5
2020-06-24,Colombia,48258134,Risaralda,943401,NA,NA,NA,NA,27,0,0,462,12,5
2020-06-26,Colombia,48258134,Risaralda,943401,NA,NA,NA,NA,21,0,0,494,12,5
2020-06-28,Colombia,48258134,Risaralda,943401,NA,NA,NA,NA,6,0,0,508,12,5
2020-06-30,Colombia,48258134,Risaralda,943401,NA,NA,NA,NA,0,0,0,511,13,5
2020-07-02,Colombia,48258134,Risaralda,943401,NA,NA,NA,NA,17,0,0,563,13,5
2020-07-04,Colombia,48258134,Risaralda,943401,NA,NA,NA,NA,24,0,0,611,13,5
2020-07-06,Colombia,48258134,Risaralda,943401,NA,NA,NA,NA,5,2,0,619,20,5
2020-07-08,Colombia,48258134,Risaralda,943401,NA,NA,NA,NA,17,0,0,654,20,5
2020-07-10,Colombia,48258134,Risaralda,943401,NA,NA,NA,NA,7,0,0,716,20,5
2020-07-12,Colombia,48258134,Risaralda,943401,NA,NA,NA,NA,23,1,0,745,21,5
2020-07-14,Colombia,48258134,Risaralda,943401,NA,NA,NA,NA,51,0,0,801,21,5
2020-07-16,Colombia,48258134,Risaralda,943401,NA,NA,NA,NA,54,0,0,888,21,5
2020-07-18,Colombia,48258134,Risaralda,943401,NA,NA,NA,NA,44,0,0,970,21,5
2020-07-20,Colombia,48258134,Risaralda,943401,NA,NA,NA,NA,10,1,0,1005,23,5
2020-07-22,Colombia,48258134,Risaralda,943401,NA,NA,NA,NA,34,3,0,1111,26,5
2020-07-24,Colombia,48258134,Risaralda,943401,NA,NA,NA,NA,64,0,0,1234,26,5
2020-07-26,Colombia,48258134,Risaralda,943401,NA,NA,NA,NA,46,0,0,1344,26,5
2020-07-28,Colombia,48258134,Risaralda,943401,NA,NA,NA,NA,88,0,0,1437,27,5
2020-07-30,Colombia,48258134,Risaralda,943401,NA,NA,NA,NA,63,2,0,1574,29,5
2020-08-01,Colombia,48258134,Risaralda,943401,NA,NA,NA,NA,168,4,0,1802,34,5
2020-08-03,Colombia,48258134,Risaralda,943401,NA,NA,NA,NA,94,4,0,2057,43,5
2020-08-05,Colombia,48258134,Risaralda,943401,NA,NA,NA,NA,65,5,0,2213,48,5
2020-08-07,Colombia,48258134,Risaralda,943401,NA,NA,NA,NA,100,3,0,2392,51,5
2020-08-09,Colombia,48258134,Risaralda,943401,NA,NA,NA,NA,102,0,0,2616,57,5
2020-08-11,Colombia,48258134,Risaralda,943401,NA,NA,NA,NA,113,0,0,2817,60,5
2020-08-13,Colombia,48258134,Risaralda,943401,NA,NA,NA,NA,195,3,0,3177,65,5
2020-08-15,Colombia,48258134,Risaralda,943401,NA,NA,NA,NA,154,0,0,3475,67,5
2020-02-26,Colombia,48258134,San Andres y Providencia,61280,NA,NA,NA,NA,NA,NA,NA,0,0,0
2020-02-28,Colombia,48258134,San Andres y Providencia,61280,NA,NA,NA,NA,0,0,0,0,0,0
2020-03-01,Colombia,48258134,San Andres y Providencia,61280,NA,NA,NA,NA,0,0,0,0,0,0
2020-03-03,Colombia,48258134,San Andres y Providencia,61280,NA,NA,NA,NA,0,0,0,0,0,0
2020-03-05,Colombia,48258134,San Andres y Providencia,61280,NA,NA,NA,NA,0,0,0,0,0,0
2020-03-07,Colombia,48258134,San Andres y Providencia,61280,NA,NA,NA,NA,0,0,0,0,0,0
2020-03-09,Colombia,48258134,San Andres y Providencia,61280,NA,NA,NA,NA,0,0,0,0,0,0
2020-03-11,Colombia,48258134,San Andres y Providencia,61280,NA,NA,NA,NA,0,0,0,0,0,0
2020-03-13,Colombia,48258134,San Andres y Providencia,61280,NA,NA,NA,NA,0,0,0,0,0,0
2020-03-15,Colombia,48258134,San Andres y Providencia,61280,NA,NA,NA,NA,0,0,0,0,0,0
2020-03-17,Colombia,48258134,San Andres y Providencia,61280,NA,NA,NA,NA,0,0,0,0,0,0
2020-03-19,Colombia,48258134,San Andres y Providencia,61280,NA,NA,NA,NA,0,0,0,0,0,0
2020-03-21,Colombia,48258134,San Andres y Providencia,61280,NA,NA,NA,NA,0,0,0,0,0,0
2020-03-23,Colombia,48258134,San Andres y Providencia,61280,NA,NA,NA,NA,0,0,0,1,0,0
2020-03-25,Colombia,48258134,San Andres y Providencia,61280,NA,NA,NA,NA,0,0,0,1,0,0
2020-03-27,Colombia,48258134,San Andres y Providencia,61280,NA,NA,NA,NA,0,0,0,1,0,0
2020-03-29,Colombia,48258134,San Andres y Providencia,61280,NA,NA,NA,NA,0,0,0,1,0,0
2020-03-31,Colombia,48258134,San Andres y Providencia,61280,NA,NA,NA,NA,0,0,0,1,0,0
2020-04-02,Colombia,48258134,San Andres y Providencia,61280,NA,NA,NA,NA,0,0,0,2,0,0
2020-04-04,Colombia,48258134,San Andres y Providencia,61280,NA,NA,NA,NA,0,0,0,2,0,0
2020-04-06,Colombia,48258134,San Andres y Providencia,61280,NA,NA,NA,NA,0,0,0,2,0,0
2020-04-08,Colombia,48258134,San Andres y Providencia,61280,NA,NA,NA,NA,0,0,0,2,0,0
2020-04-10,Colombia,48258134,San Andres y Providencia,61280,NA,NA,NA,NA,0,0,0,4,0,1
2020-04-12,Colombia,48258134,San Andres y Providencia,61280,NA,NA,NA,NA,0,0,0,5,0,1
2020-04-14,Colombia,48258134,San Andres y Providencia,61280,NA,NA,NA,NA,0,0,0,5,0,1
2020-04-16,Colombia,48258134,San Andres y Providencia,61280,NA,NA,NA,NA,0,0,0,5,0,1
2020-04-18,Colombia,48258134,San Andres y Providencia,61280,NA,NA,NA,NA,0,0,0,6,0,1
2020-04-20,Colombia,48258134,San Andres y Providencia,61280,NA,NA,NA,NA,0,0,0,6,0,1
2020-04-22,Colombia,48258134,San Andres y Providencia,61280,NA,NA,NA,NA,0,0,0,6,0,1
2020-04-24,Colombia,48258134,San Andres y Providencia,61280,NA,NA,NA,NA,0,0,0,6,0,1
2020-04-26,Colombia,48258134,San Andres y Providencia,61280,NA,NA,NA,NA,0,0,0,6,0,1
2020-04-28,Colombia,48258134,San Andres y Providencia,61280,NA,NA,NA,NA,0,0,0,6,0,1
2020-04-30,Colombia,48258134,San Andres y Providencia,61280,NA,NA,NA,NA,0,0,0,6,0,1
2020-05-02,Colombia,48258134,San Andres y Providencia,61280,NA,NA,NA,NA,0,0,0,6,0,1
2020-05-04,Colombia,48258134,San Andres y Providencia,61280,NA,NA,NA,NA,0,0,0,6,0,1
2020-05-06,Colombia,48258134,San Andres y Providencia,61280,NA,NA,NA,NA,0,0,0,6,0,1
2020-05-08,Colombia,48258134,San Andres y Providencia,61280,NA,NA,NA,NA,0,0,0,6,0,1
2020-05-10,Colombia,48258134,San Andres y Providencia,61280,NA,NA,NA,NA,0,0,0,6,0,1
2020-05-12,Colombia,48258134,San Andres y Providencia,61280,NA,NA,NA,NA,15,0,0,21,0,1
2020-05-14,Colombia,48258134,San Andres y Providencia,61280,NA,NA,NA,NA,0,0,0,21,0,1
2020-05-16,Colombia,48258134,San Andres y Providencia,61280,NA,NA,NA,NA,0,0,0,21,0,1
2020-05-18,Colombia,48258134,San Andres y Providencia,61280,NA,NA,NA,NA,0,0,0,21,0,1
2020-05-20,Colombia,48258134,San Andres y Providencia,61280,NA,NA,NA,NA,0,0,0,21,0,1
2020-05-22,Colombia,48258134,San Andres y Providencia,61280,NA,NA,NA,NA,0,0,0,21,0,1
2020-05-24,Colombia,48258134,San Andres y Providencia,61280,NA,NA,NA,NA,0,0,0,21,0,1
2020-05-26,Colombia,48258134,San Andres y Providencia,61280,NA,NA,NA,NA,0,0,0,21,0,1
2020-05-28,Colombia,48258134,San Andres y Providencia,61280,NA,NA,NA,NA,0,0,0,17,0,1
2020-05-30,Colombia,48258134,San Andres y Providencia,61280,NA,NA,NA,NA,0,0,0,17,0,1
2020-06-01,Colombia,48258134,San Andres y Providencia,61280,NA,NA,NA,NA,0,0,0,17,0,1
2020-06-03,Colombia,48258134,San Andres y Providencia,61280,NA,NA,NA,NA,0,0,0,17,0,1
2020-06-05,Colombia,48258134,San Andres y Providencia,61280,NA,NA,NA,NA,0,0,0,17,0,1
2020-06-07,Colombia,48258134,San Andres y Providencia,61280,NA,NA,NA,NA,0,0,0,17,0,1
2020-06-09,Colombia,48258134,San Andres y Providencia,61280,NA,NA,NA,NA,0,0,0,17,0,1
2020-06-11,Colombia,48258134,San Andres y Providencia,61280,NA,NA,NA,NA,0,0,0,17,0,1
2020-06-13,Colombia,48258134,San Andres y Providencia,61280,NA,NA,NA,NA,0,0,0,18,0,1
2020-06-15,Colombia,48258134,San Andres y Providencia,61280,NA,NA,NA,NA,1,0,0,19,0,1
2020-06-17,Colombia,48258134,San Andres y Providencia,61280,NA,NA,NA,NA,0,0,0,20,0,1
2020-06-19,Colombia,48258134,San Andres y Providencia,61280,NA,NA,NA,NA,3,0,0,23,0,1
2020-06-21,Colombia,48258134,San Andres y Providencia,61280,NA,NA,NA,NA,0,0,0,23,0,1
2020-06-23,Colombia,48258134,San Andres y Providencia,61280,NA,NA,NA,NA,0,0,0,23,0,1
2020-06-25,Colombia,48258134,San Andres y Providencia,61280,NA,NA,NA,NA,0,0,0,23,0,1
2020-06-27,Colombia,48258134,San Andres y Providencia,61280,NA,NA,NA,NA,0,0,0,24,0,1
2020-06-29,Colombia,48258134,San Andres y Providencia,61280,NA,NA,NA,NA,0,0,0,24,0,1
2020-07-01,Colombia,48258134,San Andres y Providencia,61280,NA,NA,NA,NA,0,0,0,24,0,1
2020-07-03,Colombia,48258134,San Andres y Providencia,61280,NA,NA,NA,NA,0,0,0,28,0,1
2020-07-05,Colombia,48258134,San Andres y Providencia,61280,NA,NA,NA,NA,0,0,0,28,0,1
2020-07-07,Colombia,48258134,San Andres y Providencia,61280,NA,NA,NA,NA,0,0,0,28,0,1
2020-07-09,Colombia,48258134,San Andres y Providencia,61280,NA,NA,NA,NA,0,0,0,28,0,1
2020-07-11,Colombia,48258134,San Andres y Providencia,61280,NA,NA,NA,NA,0,0,0,28,0,1
2020-07-13,Colombia,48258134,San Andres y Providencia,61280,NA,NA,NA,NA,0,0,0,29,0,1
2020-07-15,Colombia,48258134,San Andres y Providencia,61280,NA,NA,NA,NA,0,0,0,29,0,1
2020-07-17,Colombia,48258134,San Andres y Providencia,61280,NA,NA,NA,NA,0,0,0,29,0,1
2020-07-19,Colombia,48258134,San Andres y Providencia,61280,NA,NA,NA,NA,0,0,0,30,0,1
2020-07-21,Colombia,48258134,San Andres y Providencia,61280,NA,NA,NA,NA,0,0,0,30,0,1
2020-07-23,Colombia,48258134,San Andres y Providencia,61280,NA,NA,NA,NA,2,0,0,33,0,1
2020-07-25,Colombia,48258134,San Andres y Providencia,61280,NA,NA,NA,NA,0,0,0,33,0,1
2020-07-27,Colombia,48258134,San Andres y Providencia,61280,NA,NA,NA,NA,2,0,0,35,0,1
2020-07-29,Colombia,48258134,San Andres y Providencia,61280,NA,NA,NA,NA,2,0,0,38,0,1
2020-07-31,Colombia,48258134,San Andres y Providencia,61280,NA,NA,NA,NA,0,0,0,38,0,1
2020-08-02,Colombia,48258134,San Andres y Providencia,61280,NA,NA,NA,NA,4,0,0,42,0,1
2020-08-04,Colombia,48258134,San Andres y Providencia,61280,NA,NA,NA,NA,1,0,0,45,0,1
2020-08-06,Colombia,48258134,San Andres y Providencia,61280,NA,NA,NA,NA,0,0,0,45,0,1
2020-08-08,Colombia,48258134,San Andres y Providencia,61280,NA,NA,NA,NA,1,0,0,49,0,1
2020-08-10,Colombia,48258134,San Andres y Providencia,61280,NA,NA,NA,NA,2,0,0,51,0,1
2020-08-12,Colombia,48258134,San Andres y Providencia,61280,NA,NA,NA,NA,4,0,0,59,0,1
2020-08-14,Colombia,48258134,San Andres y Providencia,61280,NA,NA,NA,NA,12,0,0,75,0,1
2020-02-25,Colombia,48258134,Sucre,904863,NA,NA,NA,NA,NA,NA,NA,0,0,0
2020-02-27,Colombia,48258134,Sucre,904863,NA,NA,NA,NA,0,0,0,0,0,0
2020-02-29,Colombia,48258134,Sucre,904863,NA,NA,NA,NA,0,0,0,0,0,0
2020-03-02,Colombia,48258134,Sucre,904863,NA,NA,NA,NA,0,0,0,0,0,0
2020-03-04,Colombia,48258134,Sucre,904863,NA,NA,NA,NA,0,0,0,0,0,0
2020-03-06,Colombia,48258134,Sucre,904863,NA,NA,NA,NA,0,0,0,0,0,0
2020-03-08,Colombia,48258134,Sucre,904863,NA,NA,NA,NA,0,0,0,0,0,0
2020-03-10,Colombia,48258134,Sucre,904863,NA,NA,NA,NA,0,0,0,0,0,0
2020-03-12,Colombia,48258134,Sucre,904863,NA,NA,NA,NA,0,0,0,0,0,0
2020-03-14,Colombia,48258134,Sucre,904863,NA,NA,NA,NA,0,0,0,0,0,0
2020-03-16,Colombia,48258134,Sucre,904863,NA,NA,NA,NA,0,0,0,0,0,0
2020-03-18,Colombia,48258134,Sucre,904863,NA,NA,NA,NA,0,0,0,0,0,0
2020-03-20,Colombia,48258134,Sucre,904863,NA,NA,NA,NA,0,0,0,0,0,0
2020-03-22,Colombia,48258134,Sucre,904863,NA,NA,NA,NA,0,0,0,0,0,0
2020-03-24,Colombia,48258134,Sucre,904863,NA,NA,NA,NA,0,0,0,0,0,0
2020-03-26,Colombia,48258134,Sucre,904863,NA,NA,NA,NA,0,0,0,0,0,0
2020-03-28,Colombia,48258134,Sucre,904863,NA,NA,NA,NA,0,0,0,0,0,0
2020-03-30,Colombia,48258134,Sucre,904863,NA,NA,NA,NA,0,0,0,1,0,0
2020-04-01,Colombia,48258134,Sucre,904863,NA,NA,NA,NA,0,0,0,1,0,0
2020-04-03,Colombia,48258134,Sucre,904863,NA,NA,NA,NA,0,0,0,1,0,0
2020-04-05,Colombia,48258134,Sucre,904863,NA,NA,NA,NA,0,0,0,1,0,0
2020-04-07,Colombia,48258134,Sucre,904863,NA,NA,NA,NA,0,0,0,1,0,0
2020-04-09,Colombia,48258134,Sucre,904863,NA,NA,NA,NA,0,0,1,1,0,1
2020-04-11,Colombia,48258134,Sucre,904863,NA,NA,NA,NA,0,0,0,1,0,1
2020-04-13,Colombia,48258134,Sucre,904863,NA,NA,NA,NA,0,0,0,1,0,1
2020-04-15,Colombia,48258134,Sucre,904863,NA,NA,NA,NA,0,0,0,1,0,1
2020-04-17,Colombia,48258134,Sucre,904863,NA,NA,NA,NA,0,0,0,1,0,1
2020-04-19,Colombia,48258134,Sucre,904863,NA,NA,NA,NA,0,0,0,1,0,1
2020-04-21,Colombia,48258134,Sucre,904863,NA,NA,NA,NA,0,0,0,1,0,1
2020-04-23,Colombia,48258134,Sucre,904863,NA,NA,NA,NA,0,0,0,1,0,1
2020-04-25,Colombia,48258134,Sucre,904863,NA,NA,NA,NA,0,0,0,1,0,1
2020-04-27,Colombia,48258134,Sucre,904863,NA,NA,NA,NA,0,0,0,1,0,1
2020-04-29,Colombia,48258134,Sucre,904863,NA,NA,NA,NA,0,0,0,1,0,1
2020-05-01,Colombia,48258134,Sucre,904863,NA,NA,NA,NA,0,0,0,1,0,1
2020-05-03,Colombia,48258134,Sucre,904863,NA,NA,NA,NA,0,0,0,1,0,1
2020-05-05,Colombia,48258134,Sucre,904863,NA,NA,NA,NA,0,0,0,1,0,1
2020-05-07,Colombia,48258134,Sucre,904863,NA,NA,NA,NA,0,0,0,1,0,1
2020-05-09,Colombia,48258134,Sucre,904863,NA,NA,NA,NA,0,0,0,2,0,1
2020-05-11,Colombia,48258134,Sucre,904863,NA,NA,NA,NA,0,0,0,4,0,1
2020-05-13,Colombia,48258134,Sucre,904863,NA,NA,NA,NA,0,0,0,4,0,1
2020-05-15,Colombia,48258134,Sucre,904863,NA,NA,NA,NA,0,0,0,4,0,1
2020-05-17,Colombia,48258134,Sucre,904863,NA,NA,NA,NA,0,0,0,4,0,1
2020-05-19,Colombia,48258134,Sucre,904863,NA,NA,NA,NA,0,0,0,4,0,1
2020-05-21,Colombia,48258134,Sucre,904863,NA,NA,NA,NA,0,0,0,5,0,1
2020-05-23,Colombia,48258134,Sucre,904863,NA,NA,NA,NA,0,0,0,5,0,1
2020-05-25,Colombia,48258134,Sucre,904863,NA,NA,NA,NA,2,0,0,7,0,1
2020-05-27,Colombia,48258134,Sucre,904863,NA,NA,NA,NA,3,0,0,10,0,1
2020-05-29,Colombia,48258134,Sucre,904863,NA,NA,NA,NA,0,0,0,15,0,1
2020-05-31,Colombia,48258134,Sucre,904863,NA,NA,NA,NA,2,0,0,21,0,1
2020-06-02,Colombia,48258134,Sucre,904863,NA,NA,NA,NA,1,0,0,25,0,1
2020-06-04,Colombia,48258134,Sucre,904863,NA,NA,NA,NA,26,0,0,73,0,1
2020-06-06,Colombia,48258134,Sucre,904863,NA,NA,NA,NA,17,0,0,98,0,1
2020-06-08,Colombia,48258134,Sucre,904863,NA,NA,NA,NA,5,0,0,131,0,1
2020-06-10,Colombia,48258134,Sucre,904863,NA,NA,NA,NA,23,0,0,166,5,1
2020-06-12,Colombia,48258134,Sucre,904863,NA,NA,NA,NA,22,4,0,196,11,1
2020-06-14,Colombia,48258134,Sucre,904863,NA,NA,NA,NA,25,0,0,238,11,1
2020-06-16,Colombia,48258134,Sucre,904863,NA,NA,NA,NA,32,7,0,272,19,1
2020-06-18,Colombia,48258134,Sucre,904863,NA,NA,NA,NA,105,1,0,406,27,1
2020-06-20,Colombia,48258134,Sucre,904863,NA,NA,NA,NA,48,1,0,497,29,1
2020-06-22,Colombia,48258134,Sucre,904863,NA,NA,NA,NA,57,2,0,595,31,1
2020-06-24,Colombia,48258134,Sucre,904863,NA,NA,NA,NA,85,4,0,734,37,1
2020-06-26,Colombia,48258134,Sucre,904863,NA,NA,NA,NA,48,1,0,895,44,1
2020-06-28,Colombia,48258134,Sucre,904863,NA,NA,NA,NA,115,3,0,1092,65,1
2020-06-30,Colombia,48258134,Sucre,904863,NA,NA,NA,NA,102,0,0,1255,67,1
2020-07-02,Colombia,48258134,Sucre,904863,NA,NA,NA,NA,117,12,0,1489,123,1
2020-07-04,Colombia,48258134,Sucre,904863,NA,NA,NA,NA,135,5,0,1683,137,1
2020-07-06,Colombia,48258134,Sucre,904863,NA,NA,NA,NA,67,10,0,1892,157,1
2020-07-08,Colombia,48258134,Sucre,904863,NA,NA,NA,NA,136,12,0,2138,181,1
2020-07-10,Colombia,48258134,Sucre,904863,NA,NA,NA,NA,102,9,0,2376,198,1
2020-07-12,Colombia,48258134,Sucre,904863,NA,NA,NA,NA,104,44,0,2523,246,1
2020-07-14,Colombia,48258134,Sucre,904863,NA,NA,NA,NA,140,8,0,2723,261,1
2020-07-16,Colombia,48258134,Sucre,904863,NA,NA,NA,NA,280,14,0,3052,282,1
2020-07-18,Colombia,48258134,Sucre,904863,NA,NA,NA,NA,484,15,0,3932,306,1
2020-07-20,Colombia,48258134,Sucre,904863,NA,NA,NA,NA,208,7,0,4346,321,1
2020-07-22,Colombia,48258134,Sucre,904863,NA,NA,NA,NA,113,8,0,4726,335,1
2020-07-24,Colombia,48258134,Sucre,904863,NA,NA,NA,NA,123,13,0,4974,355,1
2020-07-26,Colombia,48258134,Sucre,904863,NA,NA,NA,NA,200,6,0,5319,363,1
2020-07-28,Colombia,48258134,Sucre,904863,NA,NA,NA,NA,223,5,0,5663,372,1
2020-07-30,Colombia,48258134,Sucre,904863,NA,NA,NA,NA,75,4,0,5817,380,1
2020-08-01,Colombia,48258134,Sucre,904863,NA,NA,NA,NA,74,5,0,6002,386,1
2020-08-03,Colombia,48258134,Sucre,904863,NA,NA,NA,NA,215,3,0,6330,395,1
2020-08-05,Colombia,48258134,Sucre,904863,NA,NA,NA,NA,234,0,0,6735,401,1
2020-08-07,Colombia,48258134,Sucre,904863,NA,NA,NA,NA,135,0,0,7119,404,1
2020-08-09,Colombia,48258134,Sucre,904863,NA,NA,NA,NA,218,0,0,7452,410,1
2020-08-11,Colombia,48258134,Sucre,904863,NA,NA,NA,NA,161,6,0,7740,420,1
2020-08-13,Colombia,48258134,Sucre,904863,NA,NA,NA,NA,249,2,0,8132,424,1
2020-08-15,Colombia,48258134,Sucre,904863,NA,NA,NA,NA,211,0,0,8443,426,1
2020-02-26,Colombia,48258134,Tolima,1330187,NA,NA,NA,NA,NA,NA,NA,0,0,0
2020-02-28,Colombia,48258134,Tolima,1330187,NA,NA,NA,NA,0,0,0,0,0,0
2020-03-01,Colombia,48258134,Tolima,1330187,NA,NA,NA,NA,0,0,0,0,0,0
2020-03-03,Colombia,48258134,Tolima,1330187,NA,NA,NA,NA,0,0,0,0,0,0
2020-03-05,Colombia,48258134,Tolima,1330187,NA,NA,NA,NA,0,0,0,0,0,0
2020-03-07,Colombia,48258134,Tolima,1330187,NA,NA,NA,NA,0,0,0,0,0,0
2020-03-09,Colombia,48258134,Tolima,1330187,NA,NA,NA,NA,0,0,0,0,0,0
2020-03-11,Colombia,48258134,Tolima,1330187,NA,NA,NA,NA,0,0,0,0,0,0
2020-03-13,Colombia,48258134,Tolima,1330187,NA,NA,NA,NA,0,0,0,0,0,0
2020-03-15,Colombia,48258134,Tolima,1330187,NA,NA,NA,NA,0,0,0,0,0,0
2020-03-17,Colombia,48258134,Tolima,1330187,NA,NA,NA,NA,1,0,0,1,0,0
2020-03-19,Colombia,48258134,Tolima,1330187,NA,NA,NA,NA,0,0,0,2,0,0
2020-03-21,Colombia,48258134,Tolima,1330187,NA,NA,NA,NA,1,0,0,3,0,0
2020-03-23,Colombia,48258134,Tolima,1330187,NA,NA,NA,NA,0,0,0,4,0,0
2020-03-25,Colombia,48258134,Tolima,1330187,NA,NA,NA,NA,1,0,0,9,0,0
2020-03-27,Colombia,48258134,Tolima,1330187,NA,NA,NA,NA,0,0,0,9,0,0
2020-03-29,Colombia,48258134,Tolima,1330187,NA,NA,NA,NA,0,0,0,9,0,0
2020-03-31,Colombia,48258134,Tolima,1330187,NA,NA,NA,NA,0,0,0,9,0,0
2020-04-02,Colombia,48258134,Tolima,1330187,NA,NA,NA,NA,0,0,1,14,0,1
2020-04-04,Colombia,48258134,Tolima,1330187,NA,NA,NA,NA,0,0,0,15,0,1
2020-04-06,Colombia,48258134,Tolima,1330187,NA,NA,NA,NA,0,0,0,15,0,1
2020-04-08,Colombia,48258134,Tolima,1330187,NA,NA,NA,NA,0,0,1,15,0,2
2020-04-10,Colombia,48258134,Tolima,1330187,NA,NA,NA,NA,5,0,0,21,0,4
2020-04-12,Colombia,48258134,Tolima,1330187,NA,NA,NA,NA,0,1,0,23,2,4
2020-04-14,Colombia,48258134,Tolima,1330187,NA,NA,NA,NA,0,0,0,25,2,4
2020-04-16,Colombia,48258134,Tolima,1330187,NA,NA,NA,NA,1,0,0,28,2,4
2020-04-18,Colombia,48258134,Tolima,1330187,NA,NA,NA,NA,0,0,0,30,2,4
2020-04-20,Colombia,48258134,Tolima,1330187,NA,NA,NA,NA,0,0,0,32,2,4
2020-04-22,Colombia,48258134,Tolima,1330187,NA,NA,NA,NA,4,0,0,40,2,4
2020-04-24,Colombia,48258134,Tolima,1330187,NA,NA,NA,NA,0,0,0,41,2,4
2020-04-26,Colombia,48258134,Tolima,1330187,NA,NA,NA,NA,1,0,0,43,2,4
2020-04-28,Colombia,48258134,Tolima,1330187,NA,NA,NA,NA,7,0,0,62,2,4
2020-04-30,Colombia,48258134,Tolima,1330187,NA,NA,NA,NA,2,0,0,68,3,4
2020-05-02,Colombia,48258134,Tolima,1330187,NA,NA,NA,NA,1,1,0,88,5,4
2020-05-04,Colombia,48258134,Tolima,1330187,NA,NA,NA,NA,1,0,0,94,5,4
2020-05-06,Colombia,48258134,Tolima,1330187,NA,NA,NA,NA,0,0,0,94,6,4
2020-05-08,Colombia,48258134,Tolima,1330187,NA,NA,NA,NA,5,0,0,103,6,4
2020-05-10,Colombia,48258134,Tolima,1330187,NA,NA,NA,NA,27,0,0,130,6,4
2020-05-12,Colombia,48258134,Tolima,1330187,NA,NA,NA,NA,3,0,0,133,6,4
2020-05-14,Colombia,48258134,Tolima,1330187,NA,NA,NA,NA,0,0,0,134,6,4
2020-05-16,Colombia,48258134,Tolima,1330187,NA,NA,NA,NA,5,0,0,159,6,4
2020-05-18,Colombia,48258134,Tolima,1330187,NA,NA,NA,NA,5,0,0,164,7,4
2020-05-20,Colombia,48258134,Tolima,1330187,NA,NA,NA,NA,2,0,0,176,7,4
2020-05-22,Colombia,48258134,Tolima,1330187,NA,NA,NA,NA,4,0,0,181,7,4
2020-05-24,Colombia,48258134,Tolima,1330187,NA,NA,NA,NA,2,0,0,188,7,4
2020-05-26,Colombia,48258134,Tolima,1330187,NA,NA,NA,NA,13,0,0,237,7,4
2020-05-28,Colombia,48258134,Tolima,1330187,NA,NA,NA,NA,10,0,0,247,7,4
2020-05-30,Colombia,48258134,Tolima,1330187,NA,NA,NA,NA,1,0,0,248,7,4
2020-06-01,Colombia,48258134,Tolima,1330187,NA,NA,NA,NA,10,0,0,273,7,4
2020-06-03,Colombia,48258134,Tolima,1330187,NA,NA,NA,NA,0,0,0,274,7,4
2020-06-05,Colombia,48258134,Tolima,1330187,NA,NA,NA,NA,3,1,0,279,8,4
2020-06-07,Colombia,48258134,Tolima,1330187,NA,NA,NA,NA,7,3,0,287,11,4
2020-06-09,Colombia,48258134,Tolima,1330187,NA,NA,NA,NA,2,0,0,294,11,4
2020-06-11,Colombia,48258134,Tolima,1330187,NA,NA,NA,NA,16,2,0,314,13,4
2020-06-13,Colombia,48258134,Tolima,1330187,NA,NA,NA,NA,39,0,0,381,13,4
2020-06-15,Colombia,48258134,Tolima,1330187,NA,NA,NA,NA,10,0,0,394,15,4
2020-06-17,Colombia,48258134,Tolima,1330187,NA,NA,NA,NA,67,0,0,473,15,4
2020-06-19,Colombia,48258134,Tolima,1330187,NA,NA,NA,NA,10,0,0,516,15,4
2020-06-21,Colombia,48258134,Tolima,1330187,NA,NA,NA,NA,70,1,0,600,18,4
2020-06-23,Colombia,48258134,Tolima,1330187,NA,NA,NA,NA,15,1,0,692,19,4
2020-06-25,Colombia,48258134,Tolima,1330187,NA,NA,NA,NA,10,0,0,737,20,4
2020-06-27,Colombia,48258134,Tolima,1330187,NA,NA,NA,NA,25,0,0,766,20,4
2020-06-29,Colombia,48258134,Tolima,1330187,NA,NA,NA,NA,111,0,0,933,20,4
2020-07-01,Colombia,48258134,Tolima,1330187,NA,NA,NA,NA,74,3,0,1016,23,4
2020-07-03,Colombia,48258134,Tolima,1330187,NA,NA,NA,NA,48,0,0,1083,24,4
2020-07-05,Colombia,48258134,Tolima,1330187,NA,NA,NA,NA,28,0,0,1124,24,4
2020-07-07,Colombia,48258134,Tolima,1330187,NA,NA,NA,NA,13,0,0,1172,25,4
2020-07-09,Colombia,48258134,Tolima,1330187,NA,NA,NA,NA,110,0,0,1293,26,4
2020-07-11,Colombia,48258134,Tolima,1330187,NA,NA,NA,NA,11,1,0,1428,27,4
2020-07-13,Colombia,48258134,Tolima,1330187,NA,NA,NA,NA,19,2,0,1484,32,4
2020-07-15,Colombia,48258134,Tolima,1330187,NA,NA,NA,NA,19,1,0,1525,33,4
2020-07-17,Colombia,48258134,Tolima,1330187,NA,NA,NA,NA,32,2,0,1698,36,4
2020-07-19,Colombia,48258134,Tolima,1330187,NA,NA,NA,NA,27,0,0,1782,37,4
2020-07-21,Colombia,48258134,Tolima,1330187,NA,NA,NA,NA,44,0,0,1861,38,4
2020-07-23,Colombia,48258134,Tolima,1330187,NA,NA,NA,NA,17,2,0,1921,42,4
2020-07-25,Colombia,48258134,Tolima,1330187,NA,NA,NA,NA,64,2,0,2043,45,4
2020-07-27,Colombia,48258134,Tolima,1330187,NA,NA,NA,NA,74,2,0,2172,52,4
2020-07-29,Colombia,48258134,Tolima,1330187,NA,NA,NA,NA,45,1,0,2285,54,4
2020-07-31,Colombia,48258134,Tolima,1330187,NA,NA,NA,NA,102,2,0,2573,56,4
2020-08-02,Colombia,48258134,Tolima,1330187,NA,NA,NA,NA,123,3,0,2768,67,4
2020-08-04,Colombia,48258134,Tolima,1330187,NA,NA,NA,NA,121,3,0,3021,76,4
2020-08-06,Colombia,48258134,Tolima,1330187,NA,NA,NA,NA,84,0,0,3287,81,4
2020-08-08,Colombia,48258134,Tolima,1330187,NA,NA,NA,NA,145,14,0,3515,95,4
2020-08-10,Colombia,48258134,Tolima,1330187,NA,NA,NA,NA,118,2,0,3679,100,4
2020-08-12,Colombia,48258134,Tolima,1330187,NA,NA,NA,NA,104,0,0,3948,100,4
2020-08-14,Colombia,48258134,Tolima,1330187,NA,NA,NA,NA,101,1,0,4194,112,4
2020-02-25,Colombia,48258134,Valle del Cauca,4475886,NA,NA,NA,NA,NA,NA,NA,0,0,0
2020-02-27,Colombia,48258134,Valle del Cauca,4475886,NA,NA,NA,NA,0,0,0,0,0,0
2020-02-29,Colombia,48258134,Valle del Cauca,4475886,NA,NA,NA,NA,0,0,0,0,0,0
2020-03-02,Colombia,48258134,Valle del Cauca,4475886,NA,NA,NA,NA,0,0,0,0,0,0
2020-03-04,Colombia,48258134,Valle del Cauca,4475886,NA,NA,NA,NA,0,0,0,0,0,0
2020-03-06,Colombia,48258134,Valle del Cauca,4475886,NA,NA,NA,NA,0,0,0,0,0,0
2020-03-08,Colombia,48258134,Valle del Cauca,4475886,NA,NA,NA,NA,0,0,0,0,0,0
2020-03-10,Colombia,48258134,Valle del Cauca,4475886,NA,NA,NA,NA,0,0,0,1,0,0
2020-03-12,Colombia,48258134,Valle del Cauca,4475886,NA,NA,NA,NA,0,0,0,1,0,0
2020-03-14,Colombia,48258134,Valle del Cauca,4475886,NA,NA,NA,NA,0,0,0,3,0,0
2020-03-16,Colombia,48258134,Valle del Cauca,4475886,NA,NA,NA,NA,2,0,0,5,0,0
2020-03-18,Colombia,48258134,Valle del Cauca,4475886,NA,NA,NA,NA,0,0,0,13,0,0
2020-03-20,Colombia,48258134,Valle del Cauca,4475886,NA,NA,NA,NA,1,0,0,15,0,0
2020-03-22,Colombia,48258134,Valle del Cauca,4475886,NA,NA,NA,NA,5,1,0,32,1,0
2020-03-24,Colombia,48258134,Valle del Cauca,4475886,NA,NA,NA,NA,29,0,1,67,1,1
2020-03-26,Colombia,48258134,Valle del Cauca,4475886,NA,NA,NA,NA,2,0,0,74,3,1
2020-03-28,Colombia,48258134,Valle del Cauca,4475886,NA,NA,NA,NA,11,0,0,85,3,1
2020-03-30,Colombia,48258134,Valle del Cauca,4475886,NA,NA,NA,NA,13,1,0,106,4,1
2020-04-01,Colombia,48258134,Valle del Cauca,4475886,NA,NA,NA,NA,31,0,0,148,5,1
2020-04-03,Colombia,48258134,Valle del Cauca,4475886,NA,NA,NA,NA,15,1,0,166,6,4
2020-04-05,Colombia,48258134,Valle del Cauca,4475886,NA,NA,NA,NA,16,0,0,196,9,5
2020-04-07,Colombia,48258134,Valle del Cauca,4475886,NA,NA,NA,NA,13,0,2,221,11,7
2020-04-09,Colombia,48258134,Valle del Cauca,4475886,NA,NA,NA,NA,33,3,4,343,14,12
2020-04-11,Colombia,48258134,Valle del Cauca,4475886,NA,NA,NA,NA,58,0,0,472,14,17
2020-04-13,Colombia,48258134,Valle del Cauca,4475886,NA,NA,NA,NA,5,1,0,486,21,17
2020-04-15,Colombia,48258134,Valle del Cauca,4475886,NA,NA,NA,NA,18,6,0,518,29,17
2020-04-17,Colombia,48258134,Valle del Cauca,4475886,NA,NA,NA,NA,43,1,0,586,35,17
2020-04-19,Colombia,48258134,Valle del Cauca,4475886,NA,NA,NA,NA,10,4,0,616,42,17
2020-04-21,Colombia,48258134,Valle del Cauca,4475886,NA,NA,NA,NA,29,1,0,693,45,17
2020-04-23,Colombia,48258134,Valle del Cauca,4475886,NA,NA,NA,NA,34,2,0,754,50,17
2020-04-25,Colombia,48258134,Valle del Cauca,4475886,NA,NA,NA,NA,18,0,0,793,50,17
2020-04-27,Colombia,48258134,Valle del Cauca,4475886,NA,NA,NA,NA,7,3,0,824,55,17
2020-04-29,Colombia,48258134,Valle del Cauca,4475886,NA,NA,NA,NA,21,3,0,878,59,17
2020-05-01,Colombia,48258134,Valle del Cauca,4475886,NA,NA,NA,NA,63,1,0,980,61,17
2020-05-03,Colombia,48258134,Valle del Cauca,4475886,NA,NA,NA,NA,2,0,0,1024,63,17
2020-05-05,Colombia,48258134,Valle del Cauca,4475886,NA,NA,NA,NA,30,0,0,1088,67,17
2020-05-07,Colombia,48258134,Valle del Cauca,4475886,NA,NA,NA,NA,44,2,0,1173,72,17
2020-05-09,Colombia,48258134,Valle del Cauca,4475886,NA,NA,NA,NA,53,2,0,1265,75,17
2020-05-11,Colombia,48258134,Valle del Cauca,4475886,NA,NA,NA,NA,31,4,0,1306,81,17
2020-05-13,Colombia,48258134,Valle del Cauca,4475886,NA,NA,NA,NA,57,3,0,1394,85,17
2020-05-15,Colombia,48258134,Valle del Cauca,4475886,NA,NA,NA,NA,40,1,0,1507,90,17
2020-05-17,Colombia,48258134,Valle del Cauca,4475886,NA,NA,NA,NA,74,1,0,1643,91,17
2020-05-19,Colombia,48258134,Valle del Cauca,4475886,NA,NA,NA,NA,84,2,0,1754,95,17
2020-05-21,Colombia,48258134,Valle del Cauca,4475886,NA,NA,NA,NA,59,0,0,1888,98,17
2020-05-23,Colombia,48258134,Valle del Cauca,4475886,NA,NA,NA,NA,88,2,0,2095,109,17
2020-05-25,Colombia,48258134,Valle del Cauca,4475886,NA,NA,NA,NA,49,2,0,2242,115,17
2020-05-27,Colombia,48258134,Valle del Cauca,4475886,NA,NA,NA,NA,120,0,0,2511,119,17
2020-05-29,Colombia,48258134,Valle del Cauca,4475886,NA,NA,NA,NA,101,6,0,2734,142,17
2020-05-31,Colombia,48258134,Valle del Cauca,4475886,NA,NA,NA,NA,84,6,0,2975,155,17
2020-06-02,Colombia,48258134,Valle del Cauca,4475886,NA,NA,NA,NA,102,1,0,3169,158,17
2020-06-04,Colombia,48258134,Valle del Cauca,4475886,NA,NA,NA,NA,88,2,0,3400,161,17
2020-06-06,Colombia,48258134,Valle del Cauca,4475886,NA,NA,NA,NA,139,6,0,3661,175,17
2020-06-08,Colombia,48258134,Valle del Cauca,4475886,NA,NA,NA,NA,200,3,0,3914,189,17
2020-06-10,Colombia,48258134,Valle del Cauca,4475886,NA,NA,NA,NA,130,4,0,4169,195,17
2020-06-12,Colombia,48258134,Valle del Cauca,4475886,NA,NA,NA,NA,127,3,0,4538,202,17
2020-06-14,Colombia,48258134,Valle del Cauca,4475886,NA,NA,NA,NA,172,6,0,4864,216,17
2020-06-16,Colombia,48258134,Valle del Cauca,4475886,NA,NA,NA,NA,141,17,0,5214,234,17
2020-06-18,Colombia,48258134,Valle del Cauca,4475886,NA,NA,NA,NA,247,4,0,5665,246,17
2020-06-20,Colombia,48258134,Valle del Cauca,4475886,NA,NA,NA,NA,181,12,0,6055,263,17
2020-06-22,Colombia,48258134,Valle del Cauca,4475886,NA,NA,NA,NA,116,8,0,6408,280,17
2020-06-24,Colombia,48258134,Valle del Cauca,4475886,NA,NA,NA,NA,384,7,0,7017,294,17
2020-06-26,Colombia,48258134,Valle del Cauca,4475886,NA,NA,NA,NA,232,4,0,7582,306,17
2020-06-28,Colombia,48258134,Valle del Cauca,4475886,NA,NA,NA,NA,160,4,0,8064,318,17
2020-06-30,Colombia,48258134,Valle del Cauca,4475886,NA,NA,NA,NA,313,0,0,8536,320,17
2020-07-02,Colombia,48258134,Valle del Cauca,4475886,NA,NA,NA,NA,368,6,0,9379,356,17
2020-07-04,Colombia,48258134,Valle del Cauca,4475886,NA,NA,NA,NA,442,10,0,10107,381,17
2020-07-06,Colombia,48258134,Valle del Cauca,4475886,NA,NA,NA,NA,238,9,0,10514,404,17
2020-07-08,Colombia,48258134,Valle del Cauca,4475886,NA,NA,NA,NA,370,15,0,11207,438,17
2020-07-10,Colombia,48258134,Valle del Cauca,4475886,NA,NA,NA,NA,537,13,0,12252,460,17
2020-07-12,Colombia,48258134,Valle del Cauca,4475886,NA,NA,NA,NA,211,33,0,12708,500,17
2020-07-14,Colombia,48258134,Valle del Cauca,4475886,NA,NA,NA,NA,387,25,0,13360,542,17
2020-07-16,Colombia,48258134,Valle del Cauca,4475886,NA,NA,NA,NA,379,13,0,14306,583,17
2020-07-18,Colombia,48258134,Valle del Cauca,4475886,NA,NA,NA,NA,636,22,0,15395,622,17
2020-07-20,Colombia,48258134,Valle del Cauca,4475886,NA,NA,NA,NA,448,26,0,16057,669,17
2020-07-22,Colombia,48258134,Valle del Cauca,4475886,NA,NA,NA,NA,713,23,0,17228,718,17
2020-07-24,Colombia,48258134,Valle del Cauca,4475886,NA,NA,NA,NA,481,17,0,18430,760,17
2020-07-26,Colombia,48258134,Valle del Cauca,4475886,NA,NA,NA,NA,625,16,0,19501,796,17
2020-07-28,Colombia,48258134,Valle del Cauca,4475886,NA,NA,NA,NA,689,14,0,20661,827,17
2020-07-30,Colombia,48258134,Valle del Cauca,4475886,NA,NA,NA,NA,868,30,0,21897,868,17
2020-08-01,Colombia,48258134,Valle del Cauca,4475886,NA,NA,NA,NA,954,61,0,23513,937,17
2020-08-03,Colombia,48258134,Valle del Cauca,4475886,NA,NA,NA,NA,845,20,0,24988,986,17
2020-08-05,Colombia,48258134,Valle del Cauca,4475886,NA,NA,NA,NA,998,40,0,26445,1066,17
2020-08-07,Colombia,48258134,Valle del Cauca,4475886,NA,NA,NA,NA,580,24,0,28149,1109,17
2020-08-09,Colombia,48258134,Valle del Cauca,4475886,NA,NA,NA,NA,803,26,0,29431,1165,17
2020-08-11,Colombia,48258134,Valle del Cauca,4475886,NA,NA,NA,NA,800,29,0,30538,1215,17
2020-08-13,Colombia,48258134,Valle del Cauca,4475886,NA,NA,NA,NA,840,23,0,33198,1268,17
2020-08-15,Colombia,48258134,Valle del Cauca,4475886,NA,NA,NA,NA,673,3,0,34588,1284,17
2020-02-26,Colombia,48258134,Vaupes,40797,NA,NA,NA,NA,NA,NA,NA,0,0,0
2020-02-28,Colombia,48258134,Vaupes,40797,NA,NA,NA,NA,0,0,0,0,0,0
2020-03-01,Colombia,48258134,Vaupes,40797,NA,NA,NA,NA,0,0,0,0,0,0
2020-03-03,Colombia,48258134,Vaupes,40797,NA,NA,NA,NA,0,0,0,0,0,0
2020-03-05,Colombia,48258134,Vaupes,40797,NA,NA,NA,NA,0,0,0,0,0,0
2020-03-07,Colombia,48258134,Vaupes,40797,NA,NA,NA,NA,0,0,0,0,0,0
2020-03-09,Colombia,48258134,Vaupes,40797,NA,NA,NA,NA,0,0,0,0,0,0
2020-03-11,Colombia,48258134,Vaupes,40797,NA,NA,NA,NA,0,0,0,0,0,0
2020-03-13,Colombia,48258134,Vaupes,40797,NA,NA,NA,NA,0,0,0,0,0,0
2020-03-15,Colombia,48258134,Vaupes,40797,NA,NA,NA,NA,0,0,0,0,0,0
2020-03-17,Colombia,48258134,Vaupes,40797,NA,NA,NA,NA,0,0,0,0,0,0
2020-03-19,Colombia,48258134,Vaupes,40797,NA,NA,NA,NA,0,0,0,0,0,0
2020-03-21,Colombia,48258134,Vaupes,40797,NA,NA,NA,NA,0,0,0,0,0,0
2020-03-23,Colombia,48258134,Vaupes,40797,NA,NA,NA,NA,0,0,0,0,0,0
2020-03-25,Colombia,48258134,Vaupes,40797,NA,NA,NA,NA,0,0,0,0,0,0
2020-03-27,Colombia,48258134,Vaupes,40797,NA,NA,NA,NA,0,0,0,0,0,0
2020-03-29,Colombia,48258134,Vaupes,40797,NA,NA,NA,NA,0,0,0,0,0,0
2020-03-31,Colombia,48258134,Vaupes,40797,NA,NA,NA,NA,0,0,0,0,0,0
2020-04-02,Colombia,48258134,Vaupes,40797,NA,NA,NA,NA,0,0,0,0,0,0
2020-04-04,Colombia,48258134,Vaupes,40797,NA,NA,NA,NA,0,0,0,0,0,0
2020-04-06,Colombia,48258134,Vaupes,40797,NA,NA,NA,NA,0,0,0,0,0,0
2020-04-08,Colombia,48258134,Vaupes,40797,NA,NA,NA,NA,0,0,0,0,0,0
2020-04-10,Colombia,48258134,Vaupes,40797,NA,NA,NA,NA,0,0,0,0,0,0
2020-04-12,Colombia,48258134,Vaupes,40797,NA,NA,NA,NA,0,0,0,0,0,0
2020-04-14,Colombia,48258134,Vaupes,40797,NA,NA,NA,NA,0,0,0,0,0,0
2020-04-16,Colombia,48258134,Vaupes,40797,NA,NA,NA,NA,0,0,0,0,0,0
2020-04-18,Colombia,48258134,Vaupes,40797,NA,NA,NA,NA,0,0,0,0,0,0
2020-04-20,Colombia,48258134,Vaupes,40797,NA,NA,NA,NA,0,0,0,0,0,0
2020-04-22,Colombia,48258134,Vaupes,40797,NA,NA,NA,NA,0,0,0,0,0,0
2020-04-24,Colombia,48258134,Vaupes,40797,NA,NA,NA,NA,0,0,0,0,0,0
2020-04-26,Colombia,48258134,Vaupes,40797,NA,NA,NA,NA,0,0,0,0,0,0
2020-04-28,Colombia,48258134,Vaupes,40797,NA,NA,NA,NA,0,0,0,0,0,0
2020-04-30,Colombia,48258134,Vaupes,40797,NA,NA,NA,NA,0,0,0,0,0,0
2020-05-02,Colombia,48258134,Vaupes,40797,NA,NA,NA,NA,0,0,0,0,0,0
2020-05-04,Colombia,48258134,Vaupes,40797,NA,NA,NA,NA,0,0,0,0,0,0
2020-05-06,Colombia,48258134,Vaupes,40797,NA,NA,NA,NA,0,0,0,0,0,0
2020-05-08,Colombia,48258134,Vaupes,40797,NA,NA,NA,NA,0,0,0,0,0,0
2020-05-10,Colombia,48258134,Vaupes,40797,NA,NA,NA,NA,0,0,0,0,0,0
2020-05-12,Colombia,48258134,Vaupes,40797,NA,NA,NA,NA,2,0,0,2,0,0
2020-05-14,Colombia,48258134,Vaupes,40797,NA,NA,NA,NA,0,0,0,11,0,0
2020-05-16,Colombia,48258134,Vaupes,40797,NA,NA,NA,NA,0,0,0,11,0,0
2020-05-18,Colombia,48258134,Vaupes,40797,NA,NA,NA,NA,0,0,0,11,0,0
2020-05-20,Colombia,48258134,Vaupes,40797,NA,NA,NA,NA,0,0,0,11,0,0
2020-05-22,Colombia,48258134,Vaupes,40797,NA,NA,NA,NA,0,0,0,11,0,0
2020-05-24,Colombia,48258134,Vaupes,40797,NA,NA,NA,NA,0,0,0,11,0,0
2020-05-26,Colombia,48258134,Vaupes,40797,NA,NA,NA,NA,0,0,0,11,0,0
2020-05-28,Colombia,48258134,Vaupes,40797,NA,NA,NA,NA,0,0,0,11,0,0
2020-05-30,Colombia,48258134,Vaupes,40797,NA,NA,NA,NA,0,0,0,11,0,0
2020-06-01,Colombia,48258134,Vaupes,40797,NA,NA,NA,NA,0,0,0,11,0,0
2020-06-03,Colombia,48258134,Vaupes,40797,NA,NA,NA,NA,0,0,0,11,0,0
2020-06-05,Colombia,48258134,Vaupes,40797,NA,NA,NA,NA,0,0,0,11,0,0
2020-06-07,Colombia,48258134,Vaupes,40797,NA,NA,NA,NA,0,0,0,11,0,0
2020-06-09,Colombia,48258134,Vaupes,40797,NA,NA,NA,NA,0,0,0,11,0,0
2020-06-11,Colombia,48258134,Vaupes,40797,NA,NA,NA,NA,0,0,0,11,0,0
2020-06-13,Colombia,48258134,Vaupes,40797,NA,NA,NA,NA,16,0,0,27,0,0
2020-06-15,Colombia,48258134,Vaupes,40797,NA,NA,NA,NA,0,0,0,27,0,0
2020-06-17,Colombia,48258134,Vaupes,40797,NA,NA,NA,NA,0,0,0,27,0,0
2020-06-19,Colombia,48258134,Vaupes,40797,NA,NA,NA,NA,0,0,0,27,0,0
2020-06-21,Colombia,48258134,Vaupes,40797,NA,NA,NA,NA,0,0,0,27,0,0
2020-06-23,Colombia,48258134,Vaupes,40797,NA,NA,NA,NA,0,0,0,28,0,0
2020-06-25,Colombia,48258134,Vaupes,40797,NA,NA,NA,NA,0,0,0,28,0,0
2020-06-27,Colombia,48258134,Vaupes,40797,NA,NA,NA,NA,0,0,0,28,0,0
2020-06-29,Colombia,48258134,Vaupes,40797,NA,NA,NA,NA,0,0,0,28,0,0
2020-07-01,Colombia,48258134,Vaupes,40797,NA,NA,NA,NA,0,1,0,28,1,0
2020-07-03,Colombia,48258134,Vaupes,40797,NA,NA,NA,NA,0,0,0,28,1,0
2020-07-05,Colombia,48258134,Vaupes,40797,NA,NA,NA,NA,0,0,0,28,1,0
2020-07-07,Colombia,48258134,Vaupes,40797,NA,NA,NA,NA,0,0,0,28,1,0
2020-07-09,Colombia,48258134,Vaupes,40797,NA,NA,NA,NA,0,0,0,29,1,0
2020-07-11,Colombia,48258134,Vaupes,40797,NA,NA,NA,NA,0,0,0,29,1,0
2020-07-13,Colombia,48258134,Vaupes,40797,NA,NA,NA,NA,30,0,0,60,1,0
2020-07-15,Colombia,48258134,Vaupes,40797,NA,NA,NA,NA,1,0,0,61,1,0
2020-07-17,Colombia,48258134,Vaupes,40797,NA,NA,NA,NA,0,0,0,61,1,0
2020-07-19,Colombia,48258134,Vaupes,40797,NA,NA,NA,NA,0,0,0,61,1,0
2020-07-21,Colombia,48258134,Vaupes,40797,NA,NA,NA,NA,0,0,0,61,1,0
2020-07-23,Colombia,48258134,Vaupes,40797,NA,NA,NA,NA,0,0,0,61,1,0
2020-07-25,Colombia,48258134,Vaupes,40797,NA,NA,NA,NA,0,0,0,61,1,0
2020-07-27,Colombia,48258134,Vaupes,40797,NA,NA,NA,NA,0,0,0,61,1,0
2020-07-29,Colombia,48258134,Vaupes,40797,NA,NA,NA,NA,0,0,0,61,1,0
2020-07-31,Colombia,48258134,Vaupes,40797,NA,NA,NA,NA,0,0,0,61,1,0
2020-08-02,Colombia,48258134,Vaupes,40797,NA,NA,NA,NA,0,0,0,61,1,0
2020-08-04,Colombia,48258134,Vaupes,40797,NA,NA,NA,NA,0,0,0,61,1,0
2020-08-06,Colombia,48258134,Vaupes,40797,NA,NA,NA,NA,0,0,0,61,1,0
2020-08-08,Colombia,48258134,Vaupes,40797,NA,NA,NA,NA,0,0,0,61,1,0
2020-08-10,Colombia,48258134,Vaupes,40797,NA,NA,NA,NA,0,0,0,61,1,0
2020-08-12,Colombia,48258134,Vaupes,40797,NA,NA,NA,NA,9,0,0,137,1,0
2020-08-14,Colombia,48258134,Vaupes,40797,NA,NA,NA,NA,0,0,0,137,1,0
2020-03-07,South Africa,58775020,Eastern Cape,6712276,NA,NA,NA,NA,0,0,0,0,0,0
2020-03-09,South Africa,58775020,Eastern Cape,6712276,NA,NA,NA,NA,0,0,0,0,0,0
2020-03-12,South Africa,58775020,Eastern Cape,6712276,NA,NA,NA,NA,0,0,0,0,0,0
2020-03-14,South Africa,58775020,Eastern Cape,6712276,NA,NA,NA,NA,0,0,0,0,0,0
2020-03-16,South Africa,58775020,Eastern Cape,6712276,NA,NA,NA,NA,0,0,0,0,0,0
2020-03-18,South Africa,58775020,Eastern Cape,6712276,NA,NA,NA,NA,0,0,0,0,0,0
2020-03-20,South Africa,58775020,Eastern Cape,6712276,NA,NA,NA,NA,0,0,0,0,0,0
2020-03-22,South Africa,58775020,Eastern Cape,6712276,NA,NA,NA,NA,1,0,0,2,0,0
2020-03-24,South Africa,58775020,Eastern Cape,6712276,NA,NA,NA,NA,0,0,0,2,0,0
2020-03-26,South Africa,58775020,Eastern Cape,6712276,NA,NA,NA,NA,3,0,0,5,0,0
2020-03-28,South Africa,58775020,Eastern Cape,6712276,NA,NA,NA,NA,5,0,0,10,0,0
2020-03-30,South Africa,58775020,Eastern Cape,6712276,NA,NA,NA,NA,0,0,0,12,0,0
2020-04-01,South Africa,58775020,Eastern Cape,6712276,NA,NA,NA,NA,3,0,0,15,0,0
2020-04-03,South Africa,58775020,Eastern Cape,6712276,NA,NA,NA,NA,4,0,0,21,0,0
2020-04-05,South Africa,58775020,Eastern Cape,6712276,NA,NA,NA,NA,6,0,0,31,0,0
2020-04-07,South Africa,58775020,Eastern Cape,6712276,NA,NA,NA,NA,0,0,0,32,0,0
2020-04-09,South Africa,58775020,Eastern Cape,6712276,NA,NA,NA,NA,16,0,0,61,0,0
2020-04-11,South Africa,58775020,Eastern Cape,6712276,NA,NA,NA,NA,1,0,0,69,0,0
2020-04-13,South Africa,58775020,Eastern Cape,6712276,NA,NA,NA,NA,16,0,0,104,0,0
2020-04-15,South Africa,58775020,Eastern Cape,6712276,NA,NA,NA,NA,25,0,0,199,0,0
2020-04-17,South Africa,58775020,Eastern Cape,6712276,NA,NA,NA,NA,26,0,9,246,4,9
2020-04-19,South Africa,58775020,Eastern Cape,6712276,NA,NA,NA,NA,23,0,0,293,4,9
2020-04-21,South Africa,58775020,Eastern Cape,6712276,NA,NA,NA,NA,35,0,0,345,5,15
2020-04-23,South Africa,58775020,Eastern Cape,6712276,NA,NA,NA,NA,40,1,4,417,6,19
2020-04-25,South Africa,58775020,Eastern Cape,6712276,NA,NA,NA,NA,8,4,0,488,10,19
2020-04-27,South Africa,58775020,Eastern Cape,6712276,NA,NA,NA,NA,53,0,0,588,10,19
2020-04-29,South Africa,58775020,Eastern Cape,6712276,NA,NA,NA,NA,14,1,0,630,11,19
2020-05-01,South Africa,58775020,Eastern Cape,6712276,NA,NA,NA,NA,44,0,0,691,11,19
2020-05-03,South Africa,58775020,Eastern Cape,6712276,NA,NA,NA,NA,42,4,0,774,17,275
2020-05-05,South Africa,58775020,Eastern Cape,6712276,NA,NA,NA,NA,24,1,0,838,18,341
2020-05-07,South Africa,58775020,Eastern Cape,6712276,NA,NA,NA,NA,80,0,0,929,18,388
2020-05-09,South Africa,58775020,Eastern Cape,6712276,NA,NA,NA,NA,89,0,0,1078,21,388
2020-05-11,South Africa,58775020,Eastern Cape,6712276,NA,NA,NA,NA,138,2,0,1356,24,519
2020-05-13,South Africa,58775020,Eastern Cape,6712276,NA,NA,NA,NA,30,0,113,1534,24,632
2020-05-15,South Africa,58775020,Eastern Cape,6712276,NA,NA,NA,NA,93,0,0,1662,31,643
2020-05-17,South Africa,58775020,Eastern Cape,6712276,NA,NA,NA,NA,124,3,93,1936,35,839
2020-05-19,South Africa,58775020,Eastern Cape,6712276,NA,NA,NA,NA,83,2,0,2135,41,839
2020-05-21,South Africa,58775020,Eastern Cape,6712276,NA,NA,NA,NA,109,5,0,2324,50,1036
2020-05-23,South Africa,58775020,Eastern Cape,6712276,NA,NA,NA,NA,110,5,0,2569,58,1036
2020-05-25,South Africa,58775020,Eastern Cape,6712276,NA,NA,NA,NA,58,2,0,2748,61,1335
2020-05-27,South Africa,58775020,Eastern Cape,6712276,NA,NA,NA,NA,183,0,0,3047,70,1491
2020-05-29,South Africa,58775020,Eastern Cape,6712276,NA,NA,NA,NA,277,3,0,3583,80,1700
2020-05-31,South Africa,58775020,Eastern Cape,6712276,NA,NA,NA,NA,168,0,0,3927,82,1987
2020-06-02,South Africa,58775020,Eastern Cape,6712276,NA,NA,NA,NA,213,6,0,4324,88,2123
2020-06-04,South Africa,58775020,Eastern Cape,6712276,NA,NA,NA,NA,410,0,337,4936,95,2460
2020-06-06,South Africa,58775020,Eastern Cape,6712276,NA,NA,NA,NA,389,6,206,5629,101,2666
2020-06-08,South Africa,58775020,Eastern Cape,6712276,NA,NA,NA,NA,367,26,0,6341,127,2666
2020-06-10,South Africa,58775020,Eastern Cape,6712276,NA,NA,NA,NA,394,9,133,7154,147,3647
2020-06-12,South Africa,58775020,Eastern Cape,6712276,NA,NA,NA,NA,747,30,746,8615,208,4393
2020-06-14,South Africa,58775020,Eastern Cape,6712276,NA,NA,NA,NA,777,10,685,10027,227,5244
2020-06-16,South Africa,58775020,Eastern Cape,6712276,NA,NA,NA,NA,442,9,144,11039,245,5475
2020-06-18,South Africa,58775020,Eastern Cape,6712276,NA,NA,NA,NA,720,6,486,12639,257,6331
2020-06-20,South Africa,58775020,Eastern Cape,6712276,NA,NA,NA,NA,1215,11,1139,14721,268,7470
2020-06-22,South Africa,58775020,Eastern Cape,6712276,NA,NA,NA,NA,1144,18,297,16895,303,8035
2020-06-24,South Africa,58775020,Eastern Cape,6712276,NA,NA,NA,NA,1106,15,1409,19214,346,9668
2020-06-26,South Africa,58775020,Eastern Cape,6712276,NA,NA,NA,NA,1451,8,910,21938,371,11349
2020-06-28,South Africa,58775020,Eastern Cape,6712276,NA,NA,NA,NA,1441,3,375,25099,387,12567
2020-06-30,South Africa,58775020,Eastern Cape,6712276,NA,NA,NA,NA,1491,25,1257,27686,422,14081
2020-07-02,South Africa,58775020,Eastern Cape,6712276,NA,NA,NA,NA,1263,12,1459,30603,451,15843
2020-07-04,South Africa,58775020,Eastern Cape,6712276,NA,NA,NA,NA,2004,31,1577,34161,490,18980
2020-07-06,South Africa,58775020,Eastern Cape,6712276,NA,NA,NA,NA,2433,9,373,38081,528,19863
2020-07-08,South Africa,58775020,Eastern Cape,6712276,NA,NA,NA,NA,1956,18,2282,42357,582,24304
2020-07-10,South Africa,58775020,Eastern Cape,6712276,NA,NA,NA,NA,1852,24,4599,46284,634,28903
2020-07-12,South Africa,58775020,Eastern Cape,6712276,NA,NA,NA,NA,2068,22,669,50300,686,31586
2020-07-14,South Africa,58775020,Eastern Cape,6712276,NA,NA,NA,NA,1901,17,2623,53959,726,34706
2020-07-16,South Africa,58775020,Eastern Cape,6712276,NA,NA,NA,NA,1602,25,2485,57186,763,39865
2020-07-18,South Africa,58775020,Eastern Cape,6712276,NA,NA,NA,NA,2116,39,1978,60976,811,43685
2020-07-20,South Africa,58775020,Eastern Cape,6712276,NA,NA,NA,NA,2135,46,490,65316,871,44807
2020-07-22,South Africa,58775020,Eastern Cape,6712276,NA,NA,NA,NA,1059,400,2675,67818,1345,49938
2020-07-24,South Africa,58775020,Eastern Cape,6712276,NA,NA,NA,NA,1893,13,2101,71338,1406,55692
2020-07-26,South Africa,58775020,Eastern Cape,6712276,NA,NA,NA,NA,813,7,759,73585,1457,58290
2020-07-28,South Africa,58775020,Eastern Cape,6712276,NA,NA,NA,NA,836,11,2060,75067,1545,60745
2020-07-30,South Africa,58775020,Eastern Cape,6712276,NA,NA,NA,NA,1183,121,1532,77055,1700,63903
2020-08-01,South Africa,58775020,Eastern Cape,6712276,NA,NA,NA,NA,844,36,1031,78782,1744,66543
2020-08-03,South Africa,58775020,Eastern Cape,6712276,NA,NA,NA,NA,264,20,1422,79674,1789,70074
2020-08-05,South Africa,58775020,Eastern Cape,6712276,NA,NA,NA,NA,556,135,1150,80400,1967,72570
2020-08-07,South Africa,58775020,Eastern Cape,6712276,NA,NA,NA,NA,601,57,932,81615,2090,74936
2020-08-09,South Africa,58775020,Eastern Cape,6712276,NA,NA,NA,NA,327,80,1120,82401,2209,76061
2020-08-11,South Africa,58775020,Eastern Cape,6712276,NA,NA,NA,NA,128,20,664,82715,2286,77550
2020-08-13,South Africa,58775020,Eastern Cape,6712276,NA,NA,NA,NA,223,68,175,83002,2400,78385
2020-08-15,South Africa,58775020,Eastern Cape,6712276,NA,NA,NA,NA,299,5,0,83671,2447,78862
2020-03-05,South Africa,58775020,Free State,2887465,NA,NA,NA,NA,NA,NA,NA,0,0,0
2020-03-08,South Africa,58775020,Free State,2887465,NA,NA,NA,NA,0,0,0,0,0,0
2020-03-11,South Africa,58775020,Free State,2887465,NA,NA,NA,NA,0,0,0,0,0,0
2020-03-13,South Africa,58775020,Free State,2887465,NA,NA,NA,NA,0,0,0,0,0,0
2020-03-15,South Africa,58775020,Free State,2887465,NA,NA,NA,NA,0,0,0,0,0,0
2020-03-17,South Africa,58775020,Free State,2887465,NA,NA,NA,NA,0,0,0,0,0,0
2020-03-19,South Africa,58775020,Free State,2887465,NA,NA,NA,NA,0,0,0,0,0,0
2020-03-21,South Africa,58775020,Free State,2887465,NA,NA,NA,NA,0,0,0,7,0,0
2020-03-23,South Africa,58775020,Free State,2887465,NA,NA,NA,NA,4,0,0,13,0,0
2020-03-25,South Africa,58775020,Free State,2887465,NA,NA,NA,NA,12,0,0,30,0,0
2020-03-27,South Africa,58775020,Free State,2887465,NA,NA,NA,NA,0,0,0,49,0,0
2020-03-29,South Africa,58775020,Free State,2887465,NA,NA,NA,NA,4,0,0,72,0,0
2020-03-31,South Africa,58775020,Free State,2887465,NA,NA,NA,NA,2,0,0,74,1,0
2020-04-02,South Africa,58775020,Free State,2887465,NA,NA,NA,NA,8,0,0,84,1,0
2020-04-04,South Africa,58775020,Free State,2887465,NA,NA,NA,NA,1,0,0,85,1,0
2020-04-06,South Africa,58775020,Free State,2887465,NA,NA,NA,NA,2,0,0,89,1,0
2020-04-08,South Africa,58775020,Free State,2887465,NA,NA,NA,NA,0,2,0,88,3,0
2020-04-10,South Africa,58775020,Free State,2887465,NA,NA,NA,NA,1,0,0,94,3,0
2020-04-12,South Africa,58775020,Free State,2887465,NA,NA,NA,NA,2,0,0,96,3,0
2020-04-14,South Africa,58775020,Free State,2887465,NA,NA,NA,NA,2,0,0,98,3,0
2020-04-16,South Africa,58775020,Free State,2887465,NA,NA,NA,NA,1,1,0,98,4,0
2020-04-18,South Africa,58775020,Free State,2887465,NA,NA,NA,NA,0,0,0,100,4,71
2020-04-20,South Africa,58775020,Free State,2887465,NA,NA,NA,NA,5,1,3,105,5,74
2020-04-22,South Africa,58775020,Free State,2887465,NA,NA,NA,NA,0,0,0,106,5,74
2020-04-24,South Africa,58775020,Free State,2887465,NA,NA,NA,NA,5,0,0,111,5,76
2020-04-26,South Africa,58775020,Free State,2887465,NA,NA,NA,NA,0,0,0,110,5,76
2020-04-28,South Africa,58775020,Free State,2887465,NA,NA,NA,NA,2,0,0,113,5,76
2020-04-30,South Africa,58775020,Free State,2887465,NA,NA,NA,NA,3,0,0,116,5,76
2020-05-02,South Africa,58775020,Free State,2887465,NA,NA,NA,NA,3,1,20,121,6,96
2020-05-04,South Africa,58775020,Free State,2887465,NA,NA,NA,NA,3,0,0,125,6,96
2020-05-06,South Africa,58775020,Free State,2887465,NA,NA,NA,NA,2,0,6,130,6,102
2020-05-08,South Africa,58775020,Free State,2887465,NA,NA,NA,NA,0,0,0,133,6,102
2020-05-10,South Africa,58775020,Free State,2887465,NA,NA,NA,NA,1,0,3,135,6,105
2020-05-12,South Africa,58775020,Free State,2887465,NA,NA,NA,NA,0,0,0,135,6,105
2020-05-14,South Africa,58775020,Free State,2887465,NA,NA,NA,NA,7,0,1,145,6,108
2020-05-16,South Africa,58775020,Free State,2887465,NA,NA,NA,NA,2,0,0,153,6,108
2020-05-18,South Africa,58775020,Free State,2887465,NA,NA,NA,NA,5,0,0,163,6,108
2020-05-20,South Africa,58775020,Free State,2887465,NA,NA,NA,NA,12,0,0,180,6,118
2020-05-22,South Africa,58775020,Free State,2887465,NA,NA,NA,NA,1,0,3,185,6,121
2020-05-24,South Africa,58775020,Free State,2887465,NA,NA,NA,NA,6,0,0,202,6,121
2020-05-26,South Africa,58775020,Free State,2887465,NA,NA,NA,NA,0,0,2,206,6,123
2020-05-28,South Africa,58775020,Free State,2887465,NA,NA,NA,NA,4,2,0,225,8,123
2020-05-30,South Africa,58775020,Free State,2887465,NA,NA,NA,NA,30,0,0,261,8,123
2020-06-01,South Africa,58775020,Free State,2887465,NA,NA,NA,NA,7,0,0,285,8,123
2020-06-03,South Africa,58775020,Free State,2887465,NA,NA,NA,NA,20,0,0,319,8,123
2020-06-05,South Africa,58775020,Free State,2887465,NA,NA,NA,NA,14,0,0,336,9,123
2020-06-07,South Africa,58775020,Free State,2887465,NA,NA,NA,NA,13,0,0,361,9,152
2020-06-09,South Africa,58775020,Free State,2887465,NA,NA,NA,NA,18,0,10,391,9,162
2020-06-11,South Africa,58775020,Free State,2887465,NA,NA,NA,NA,5,0,0,406,9,162
2020-06-13,South Africa,58775020,Free State,2887465,NA,NA,NA,NA,22,0,0,457,9,189
2020-06-15,South Africa,58775020,Free State,2887465,NA,NA,NA,NA,17,0,0,512,9,222
2020-06-17,South Africa,58775020,Free State,2887465,NA,NA,NA,NA,30,0,0,608,9,222
2020-06-19,South Africa,58775020,Free State,2887465,NA,NA,NA,NA,9,0,0,658,9,235
2020-06-21,South Africa,58775020,Free State,2887465,NA,NA,NA,NA,33,0,28,733,9,264
2020-06-23,South Africa,58775020,Free State,2887465,NA,NA,NA,NA,42,0,0,814,9,264
2020-06-25,South Africa,58775020,Free State,2887465,NA,NA,NA,NA,87,0,54,976,9,318
2020-06-27,South Africa,58775020,Free State,2887465,NA,NA,NA,NA,91,0,38,1160,9,356
2020-06-29,South Africa,58775020,Free State,2887465,NA,NA,NA,NA,98,0,29,1377,9,385
2020-07-01,South Africa,58775020,Free State,2887465,NA,NA,NA,NA,158,0,1,1672,9,386
2020-07-03,South Africa,58775020,Free State,2887465,NA,NA,NA,NA,244,0,10,2130,9,396
2020-07-05,South Africa,58775020,Free State,2887465,NA,NA,NA,NA,177,10,18,2553,19,455
2020-07-07,South Africa,58775020,Free State,2887465,NA,NA,NA,NA,230,0,49,3034,19,528
2020-07-09,South Africa,58775020,Free State,2887465,NA,NA,NA,NA,465,0,101,3724,19,629
2020-07-11,South Africa,58775020,Free State,2887465,NA,NA,NA,NA,458,0,52,4679,19,681
2020-07-13,South Africa,58775020,Free State,2887465,NA,NA,NA,NA,408,16,65,5632,35,746
2020-07-15,South Africa,58775020,Free State,2887465,NA,NA,NA,NA,588,0,222,6561,35,968
2020-07-17,South Africa,58775020,Free State,2887465,NA,NA,NA,NA,978,2,0,8290,47,1033
2020-07-19,South Africa,58775020,Free State,2887465,NA,NA,NA,NA,989,0,0,9993,47,1033
2020-07-21,South Africa,58775020,Free State,2887465,NA,NA,NA,NA,625,0,144,11352,57,1272
2020-07-23,South Africa,58775020,Free State,2887465,NA,NA,NA,NA,1111,0,506,13443,62,1821
2020-07-25,South Africa,58775020,Free State,2887465,NA,NA,NA,NA,970,0,191,15512,63,2064
2020-07-27,South Africa,58775020,Free State,2887465,NA,NA,NA,NA,740,91,12,17222,154,2087
2020-07-29,South Africa,58775020,Free State,2887465,NA,NA,NA,NA,1073,0,0,19207,154,2178
2020-07-31,South Africa,58775020,Free State,2887465,NA,NA,NA,NA,864,0,4885,21262,154,7063
2020-08-02,South Africa,58775020,Free State,2887465,NA,NA,NA,NA,791,51,0,23099,205,8897
2020-08-04,South Africa,58775020,Free State,2887465,NA,NA,NA,NA,628,0,433,24333,205,10582
2020-08-06,South Africa,58775020,Free State,2887465,NA,NA,NA,NA,891,23,993,26123,350,11575
2020-08-08,South Africa,58775020,Free State,2887465,NA,NA,NA,NA,865,0,323,27742,350,12155
2020-08-10,South Africa,58775020,Free State,2887465,NA,NA,NA,NA,539,64,397,28909,414,13039
2020-08-12,South Africa,58775020,Free State,2887465,NA,NA,NA,NA,369,0,1044,29578,414,14522
2020-08-14,South Africa,58775020,Free State,2887465,NA,NA,NA,NA,788,20,306,30837,496,15217
2020-08-16,South Africa,58775020,Free State,2887465,NA,NA,NA,NA,405,6,0,31870,519,15819
2020-03-07,South Africa,58775020,Gauteng,15176115,NA,NA,NA,NA,1,0,0,1,0,0
2020-03-09,South Africa,58775020,Gauteng,15176115,NA,NA,NA,NA,0,0,0,1,0,0
2020-03-12,South Africa,58775020,Gauteng,15176115,NA,NA,NA,NA,1,0,0,6,0,0
2020-03-14,South Africa,58775020,Gauteng,15176115,NA,NA,NA,NA,7,0,0,17,0,0
2020-03-16,South Africa,58775020,Gauteng,15176115,NA,NA,NA,NA,7,0,0,31,0,0
2020-03-18,South Africa,58775020,Gauteng,15176115,NA,NA,NA,NA,16,0,0,61,0,0
2020-03-20,South Africa,58775020,Gauteng,15176115,NA,NA,NA,NA,33,0,0,109,0,0
2020-03-22,South Africa,58775020,Gauteng,15176115,NA,NA,NA,NA,7,0,0,132,0,0
2020-03-24,South Africa,58775020,Gauteng,15176115,NA,NA,NA,NA,95,0,0,302,0,0
2020-03-26,South Africa,58775020,Gauteng,15176115,NA,NA,NA,NA,90,0,0,409,0,0
2020-03-28,South Africa,58775020,Gauteng,15176115,NA,NA,NA,NA,124,0,0,533,0,0
2020-03-30,South Africa,58775020,Gauteng,15176115,NA,NA,NA,NA,34,0,0,618,0,0
2020-04-01,South Africa,58775020,Gauteng,15176115,NA,NA,NA,NA,12,0,0,645,1,0
2020-04-03,South Africa,58775020,Gauteng,15176115,NA,NA,NA,NA,9,0,0,672,1,0
2020-04-05,South Africa,58775020,Gauteng,15176115,NA,NA,NA,NA,11,0,0,704,1,0
2020-04-07,South Africa,58775020,Gauteng,15176115,NA,NA,NA,NA,0,0,0,713,1,0
2020-04-09,South Africa,58775020,Gauteng,15176115,NA,NA,NA,NA,13,0,0,795,3,0
2020-04-11,South Africa,58775020,Gauteng,15176115,NA,NA,NA,NA,12,0,0,813,3,0
2020-04-13,South Africa,58775020,Gauteng,15176115,NA,NA,NA,NA,25,1,0,890,4,0
2020-04-15,South Africa,58775020,Gauteng,15176115,NA,NA,NA,NA,21,1,0,930,5,0
2020-04-17,South Africa,58775020,Gauteng,15176115,NA,NA,NA,NA,49,0,479,1018,6,479
2020-04-19,South Africa,58775020,Gauteng,15176115,NA,NA,NA,NA,47,0,0,1148,6,479
2020-04-21,South Africa,58775020,Gauteng,15176115,NA,NA,NA,NA,29,0,0,1199,7,545
2020-04-23,South Africa,58775020,Gauteng,15176115,NA,NA,NA,NA,28,1,298,1252,8,843
2020-04-25,South Africa,58775020,Gauteng,15176115,NA,NA,NA,NA,23,0,0,1304,8,843
2020-04-27,South Africa,58775020,Gauteng,15176115,NA,NA,NA,NA,22,0,0,1353,8,843
2020-04-29,South Africa,58775020,Gauteng,15176115,NA,NA,NA,NA,31,3,0,1408,11,843
2020-05-01,South Africa,58775020,Gauteng,15176115,NA,NA,NA,NA,61,0,0,1507,11,843
2020-05-03,South Africa,58775020,Gauteng,15176115,NA,NA,NA,NA,26,2,0,1624,14,948
2020-05-05,South Africa,58775020,Gauteng,15176115,NA,NA,NA,NA,46,1,0,1697,15,979
2020-05-07,South Africa,58775020,Gauteng,15176115,NA,NA,NA,NA,84,0,0,1804,15,1036
2020-05-09,South Africa,58775020,Gauteng,15176115,NA,NA,NA,NA,59,1,0,1910,19,1036
2020-05-11,South Africa,58775020,Gauteng,15176115,NA,NA,NA,NA,19,0,0,1971,22,1247
2020-05-13,South Africa,58775020,Gauteng,15176115,NA,NA,NA,NA,60,2,96,2074,24,1343
2020-05-15,South Africa,58775020,Gauteng,15176115,NA,NA,NA,NA,75,0,5,2210,24,1552
2020-05-17,South Africa,58775020,Gauteng,15176115,NA,NA,NA,NA,67,0,0,2329,25,1583
2020-05-19,South Africa,58775020,Gauteng,15176115,NA,NA,NA,NA,18,1,14,2361,27,1671
2020-05-21,South Africa,58775020,Gauteng,15176115,NA,NA,NA,NA,53,0,0,2453,27,1694
2020-05-23,South Africa,58775020,Gauteng,15176115,NA,NA,NA,NA,112,0,0,2633,29,1776
2020-05-25,South Africa,58775020,Gauteng,15176115,NA,NA,NA,NA,220,1,59,2993,30,1899
2020-05-27,South Africa,58775020,Gauteng,15176115,NA,NA,NA,NA,124,0,36,3167,31,1955
2020-05-29,South Africa,58775020,Gauteng,15176115,NA,NA,NA,NA,254,0,26,3583,31,2019
2020-05-31,South Africa,58775020,Gauteng,15176115,NA,NA,NA,NA,230,2,25,4003,33,2060
2020-06-02,South Africa,58775020,Gauteng,15176115,NA,NA,NA,NA,45,0,0,4276,33,2060
2020-06-04,South Africa,58775020,Gauteng,15176115,NA,NA,NA,NA,278,0,53,4845,33,2222
2020-06-06,South Africa,58775020,Gauteng,15176115,NA,NA,NA,NA,411,7,0,5626,47,2344
2020-06-08,South Africa,58775020,Gauteng,15176115,NA,NA,NA,NA,312,0,0,6258,47,2428
2020-06-10,South Africa,58775020,Gauteng,15176115,NA,NA,NA,NA,649,0,250,7195,57,2825
2020-06-12,South Africa,58775020,Gauteng,15176115,NA,NA,NA,NA,828,0,123,8781,57,2948
2020-06-14,South Africa,58775020,Gauteng,15176115,NA,NA,NA,NA,1267,0,132,11164,81,3207
2020-06-16,South Africa,58775020,Gauteng,15176115,NA,NA,NA,NA,830,0,94,13023,87,3442
2020-06-18,South Africa,58775020,Gauteng,15176115,NA,NA,NA,NA,1278,0,40,15898,87,3756
2020-06-20,South Africa,58775020,Gauteng,15176115,NA,NA,NA,NA,1717,0,272,18978,114,4273
2020-06-22,South Africa,58775020,Gauteng,15176115,NA,NA,NA,NA,1519,0,947,22341,122,5620
2020-06-24,South Africa,58775020,Gauteng,15176115,NA,NA,NA,NA,2115,25,236,26156,147,5856
2020-06-26,South Africa,58775020,Gauteng,15176115,NA,NA,NA,NA,2598,0,1276,31344,149,7132
2020-06-28,South Africa,58775020,Gauteng,15176115,NA,NA,NA,NA,2610,8,868,36895,174,8580
2020-06-30,South Africa,58775020,Gauteng,15176115,NA,NA,NA,NA,3040,36,796,42881,216,10534
2020-07-02,South Africa,58775020,Gauteng,15176115,NA,NA,NA,NA,3993,38,2423,49937,282,12957
2020-07-04,South Africa,58775020,Gauteng,15176115,NA,NA,NA,NA,5042,0,1838,59373,282,15935
2020-07-06,South Africa,58775020,Gauteng,15176115,NA,NA,NA,NA,3487,50,2892,66891,403,19779
2020-07-08,South Africa,58775020,Gauteng,15176115,NA,NA,NA,NA,3527,0,0,75015,478,19779
2020-07-10,South Africa,58775020,Gauteng,15176115,NA,NA,NA,NA,5487,39,0,87033,554,23804
2020-07-12,South Africa,58775020,Gauteng,15176115,NA,NA,NA,NA,5387,64,3920,98431,644,32958
2020-07-14,South Africa,58775020,Gauteng,15176115,NA,NA,NA,NA,3357,82,2632,107070,726,36146
2020-07-16,South Africa,58775020,Gauteng,15176115,NA,NA,NA,NA,5181,86,0,117895,853,45743
2020-07-18,South Africa,58775020,Gauteng,15176115,NA,NA,NA,NA,5196,39,0,128604,956,51256
2020-07-20,South Africa,58775020,Gauteng,15176115,NA,NA,NA,NA,3262,13,0,136879,999,58512
2020-07-22,South Africa,58775020,Gauteng,15176115,NA,NA,NA,NA,5147,114,10963,144582,1156,77397
2020-07-24,South Africa,58775020,Gauteng,15176115,NA,NA,NA,NA,4166,139,4729,153020,1326,82126
2020-07-26,South Africa,58775020,Gauteng,15176115,NA,NA,NA,NA,3333,29,0,160154,1564,92346
2020-07-28,South Africa,58775020,Gauteng,15176115,NA,NA,NA,NA,2265,55,5129,164584,1680,102614
2020-07-30,South Africa,58775020,Gauteng,15176115,NA,NA,NA,NA,3205,96,5447,171574,1932,111061
2020-08-01,South Africa,58775020,Gauteng,15176115,NA,NA,NA,NA,2847,40,9685,178119,2075,126784
2020-08-03,South Africa,58775020,Gauteng,15176115,NA,NA,NA,NA,1414,37,0,181946,2152,126784
2020-08-05,South Africa,58775020,Gauteng,15176115,NA,NA,NA,NA,2192,45,2591,185282,2313,129375
2020-08-07,South Africa,58775020,Gauteng,15176115,NA,NA,NA,NA,1528,136,3483,189159,2524,135485
2020-08-09,South Africa,58775020,Gauteng,15176115,NA,NA,NA,NA,1768,32,3323,192767,2579,143068
2020-08-11,South Africa,58775020,Gauteng,15176115,NA,NA,NA,NA,532,35,4306,194093,2653,150082
2020-08-13,South Africa,58775020,Gauteng,15176115,NA,NA,NA,NA,1135,30,2331,195820,2791,154392
2020-08-15,South Africa,58775020,Gauteng,15176115,NA,NA,NA,NA,1140,21,2303,198671,2888,158705
2020-03-05,South Africa,58775020,KwaZulu_Natal,11289086,NA,NA,NA,NA,NA,NA,NA,1,0,0
2020-03-08,South Africa,58775020,KwaZulu_Natal,11289086,NA,NA,NA,NA,1,0,0,2,0,0
2020-03-11,South Africa,58775020,KwaZulu_Natal,11289086,NA,NA,NA,NA,1,0,0,7,0,0
2020-03-13,South Africa,58775020,KwaZulu_Natal,11289086,NA,NA,NA,NA,2,0,0,10,0,0
2020-03-15,South Africa,58775020,KwaZulu_Natal,11289086,NA,NA,NA,NA,1,0,0,12,0,0
2020-03-17,South Africa,58775020,KwaZulu_Natal,11289086,NA,NA,NA,NA,4,0,0,16,0,0
2020-03-19,South Africa,58775020,KwaZulu_Natal,11289086,NA,NA,NA,NA,3,0,0,22,0,0
2020-03-21,South Africa,58775020,KwaZulu_Natal,11289086,NA,NA,NA,NA,3,0,0,26,0,0
2020-03-23,South Africa,58775020,KwaZulu_Natal,11289086,NA,NA,NA,NA,25,0,0,60,0,0
2020-03-25,South Africa,58775020,KwaZulu_Natal,11289086,NA,NA,NA,NA,11,0,0,91,0,0
2020-03-27,South Africa,58775020,KwaZulu_Natal,11289086,NA,NA,NA,NA,0,0,0,134,0,0
2020-03-29,South Africa,58775020,KwaZulu_Natal,11289086,NA,NA,NA,NA,11,0,0,167,1,0
2020-03-31,South Africa,58775020,KwaZulu_Natal,11289086,NA,NA,NA,NA,8,1,0,179,2,0
2020-04-02,South Africa,58775020,KwaZulu_Natal,11289086,NA,NA,NA,NA,20,0,0,206,2,0
2020-04-04,South Africa,58775020,KwaZulu_Natal,11289086,NA,NA,NA,NA,17,0,0,232,6,0
2020-04-06,South Africa,58775020,KwaZulu_Natal,11289086,NA,NA,NA,NA,11,0,0,257,7,0
2020-04-08,South Africa,58775020,KwaZulu_Natal,11289086,NA,NA,NA,NA,97,1,0,354,9,0
2020-04-10,South Africa,58775020,KwaZulu_Natal,11289086,NA,NA,NA,NA,25,3,0,412,12,0
2020-04-12,South Africa,58775020,KwaZulu_Natal,11289086,NA,NA,NA,NA,25,0,0,443,12,0
2020-04-14,South Africa,58775020,KwaZulu_Natal,11289086,NA,NA,NA,NA,24,0,0,489,12,0
2020-04-16,South Africa,58775020,KwaZulu_Natal,11289086,NA,NA,NA,NA,20,2,0,539,20,0
2020-04-18,South Africa,58775020,KwaZulu_Natal,11289086,NA,NA,NA,NA,13,1,0,604,21,96
2020-04-20,South Africa,58775020,KwaZulu_Natal,11289086,NA,NA,NA,NA,22,1,55,639,23,151
2020-04-22,South Africa,58775020,KwaZulu_Natal,11289086,NA,NA,NA,NA,87,2,0,758,25,151
2020-04-24,South Africa,58775020,KwaZulu_Natal,11289086,NA,NA,NA,NA,34,2,0,841,29,241
2020-04-26,South Africa,58775020,KwaZulu_Natal,11289086,NA,NA,NA,NA,22,0,0,863,29,241
2020-04-28,South Africa,58775020,KwaZulu_Natal,11289086,NA,NA,NA,NA,17,0,0,919,30,241
2020-04-30,South Africa,58775020,KwaZulu_Natal,11289086,NA,NA,NA,NA,24,0,0,980,32,241
2020-05-02,South Africa,58775020,KwaZulu_Natal,11289086,NA,NA,NA,NA,45,2,134,1051,34,375
2020-05-04,South Africa,58775020,KwaZulu_Natal,11289086,NA,NA,NA,NA,30,1,40,1106,35,415
2020-05-06,South Africa,58775020,KwaZulu_Natal,11289086,NA,NA,NA,NA,7,2,5,1149,38,420
2020-05-08,South Africa,58775020,KwaZulu_Natal,11289086,NA,NA,NA,NA,49,2,0,1253,42,420
2020-05-10,South Africa,58775020,KwaZulu_Natal,11289086,NA,NA,NA,NA,45,1,186,1353,43,606
2020-05-12,South Africa,58775020,KwaZulu_Natal,11289086,NA,NA,NA,NA,22,0,0,1394,44,606
2020-05-14,South Africa,58775020,KwaZulu_Natal,11289086,NA,NA,NA,NA,31,0,71,1444,44,689
2020-05-16,South Africa,58775020,KwaZulu_Natal,11289086,NA,NA,NA,NA,16,0,11,1498,45,806
2020-05-18,South Africa,58775020,KwaZulu_Natal,11289086,NA,NA,NA,NA,24,0,1,1567,45,818
2020-05-20,South Africa,58775020,KwaZulu_Natal,11289086,NA,NA,NA,NA,34,0,24,1650,46,842
2020-05-22,South Africa,58775020,KwaZulu_Natal,11289086,NA,NA,NA,NA,42,1,38,1735,47,880
2020-05-24,South Africa,58775020,KwaZulu_Natal,11289086,NA,NA,NA,NA,38,1,231,1815,49,1111
2020-05-26,South Africa,58775020,KwaZulu_Natal,11289086,NA,NA,NA,NA,45,0,12,1927,49,1180
2020-05-28,South Africa,58775020,KwaZulu_Natal,11289086,NA,NA,NA,NA,163,1,0,2349,50,1180
2020-05-30,South Africa,58775020,KwaZulu_Natal,11289086,NA,NA,NA,NA,48,2,0,2476,52,1180
2020-06-01,South Africa,58775020,KwaZulu_Natal,11289086,NA,NA,NA,NA,20,0,0,2565,52,1248
2020-06-03,South Africa,58775020,KwaZulu_Natal,11289086,NA,NA,NA,NA,70,1,0,2707,54,1248
2020-06-05,South Africa,58775020,KwaZulu_Natal,11289086,NA,NA,NA,NA,67,0,118,2936,55,1378
2020-06-07,South Africa,58775020,KwaZulu_Natal,11289086,NA,NA,NA,NA,92,0,0,3108,61,1378
2020-06-09,South Africa,58775020,KwaZulu_Natal,11289086,NA,NA,NA,NA,80,0,188,3255,62,1566
2020-06-11,South Africa,58775020,KwaZulu_Natal,11289086,NA,NA,NA,NA,125,0,0,3472,64,1572
2020-06-13,South Africa,58775020,KwaZulu_Natal,11289086,NA,NA,NA,NA,190,0,238,3763,64,1810
2020-06-15,South Africa,58775020,KwaZulu_Natal,11289086,NA,NA,NA,NA,85,0,0,3959,69,1810
2020-06-17,South Africa,58775020,KwaZulu_Natal,11289086,NA,NA,NA,NA,190,0,0,4238,73,2133
2020-06-19,South Africa,58775020,KwaZulu_Natal,11289086,NA,NA,NA,NA,188,7,394,4548,80,2527
2020-06-21,South Africa,58775020,KwaZulu_Natal,11289086,NA,NA,NA,NA,224,1,67,5030,84,2594
2020-06-23,South Africa,58775020,KwaZulu_Natal,11289086,NA,NA,NA,NA,347,4,80,5625,91,2849
2020-06-25,South Africa,58775020,KwaZulu_Natal,11289086,NA,NA,NA,NA,515,15,0,6590,106,2947
2020-06-27,South Africa,58775020,KwaZulu_Natal,11289086,NA,NA,NA,NA,696,3,220,7786,109,3417
2020-06-29,South Africa,58775020,KwaZulu_Natal,11289086,NA,NA,NA,NA,608,6,185,9041,115,3602
2020-07-01,South Africa,58775020,KwaZulu_Natal,11289086,NA,NA,NA,NA,958,10,168,10632,136,3770
2020-07-03,South Africa,58775020,KwaZulu_Natal,11289086,NA,NA,NA,NA,1088,10,86,12757,162,4197
2020-07-05,South Africa,58775020,KwaZulu_Natal,11289086,NA,NA,NA,NA,1162,21,0,15146,183,4197
2020-07-07,South Africa,58775020,KwaZulu_Natal,11289086,NA,NA,NA,NA,924,22,79,16743,205,4890
2020-07-09,South Africa,58775020,KwaZulu_Natal,11289086,NA,NA,NA,NA,1668,26,198,19630,249,5505
2020-07-11,South Africa,58775020,KwaZulu_Natal,11289086,NA,NA,NA,NA,2367,13,68,23753,273,6021
2020-07-13,South Africa,58775020,KwaZulu_Natal,11289086,NA,NA,NA,NA,1815,6,1500,27387,286,7521
2020-07-15,South Africa,58775020,KwaZulu_Natal,11289086,NA,NA,NA,NA,2352,4,1447,32939,317,8968
2020-07-17,South Africa,58775020,KwaZulu_Natal,11289086,NA,NA,NA,NA,2118,20,1435,37722,378,10403
2020-07-19,South Africa,58775020,KwaZulu_Natal,11289086,NA,NA,NA,NA,3129,15,431,43215,416,11055
2020-07-21,South Africa,58775020,KwaZulu_Natal,11289086,NA,NA,NA,NA,2071,30,426,47685,459,13920
2020-07-23,South Africa,58775020,KwaZulu_Natal,11289086,NA,NA,NA,NA,2885,38,719,53406,515,18786
2020-07-25,South Africa,58775020,KwaZulu_Natal,11289086,NA,NA,NA,NA,3370,37,2465,60532,602,21251
2020-07-27,South Africa,58775020,KwaZulu_Natal,11289086,NA,NA,NA,NA,1921,9,3099,65982,623,24350
2020-07-29,South Africa,58775020,KwaZulu_Natal,11289086,NA,NA,NA,NA,3139,27,4801,71240,712,32483
2020-07-31,South Africa,58775020,KwaZulu_Natal,11289086,NA,NA,NA,NA,2787,36,2630,76706,803,35113
2020-08-02,South Africa,58775020,KwaZulu_Natal,11289086,NA,NA,NA,NA,2693,31,769,82300,875,37127
2020-08-04,South Africa,58775020,KwaZulu_Natal,11289086,NA,NA,NA,NA,1625,89,398,85986,976,44664
2020-08-06,South Africa,58775020,KwaZulu_Natal,11289086,NA,NA,NA,NA,2317,78,1587,90115,1116,53444
2020-08-08,South Africa,58775020,KwaZulu_Natal,11289086,NA,NA,NA,NA,3204,154,652,95648,1346,54161
2020-08-10,South Africa,58775020,KwaZulu_Natal,11289086,NA,NA,NA,NA,1318,11,90,99386,1420,55155
2020-08-12,South Africa,58775020,KwaZulu_Natal,11289086,NA,NA,NA,NA,1005,74,0,101499,1524,56758
2020-08-14,South Africa,58775020,KwaZulu_Natal,11289086,NA,NA,NA,NA,1511,54,19776,103744,1617,77301
2020-08-16,South Africa,58775020,KwaZulu_Natal,11289086,NA,NA,NA,NA,764,21,1071,105383,1672,78909
2020-03-07,South Africa,58775020,Limpopo,5982584,NA,NA,NA,NA,0,0,0,0,0,0
2020-03-09,South Africa,58775020,Limpopo,5982584,NA,NA,NA,NA,0,0,0,0,0,0
2020-03-12,South Africa,58775020,Limpopo,5982584,NA,NA,NA,NA,0,0,0,0,0,0
2020-03-14,South Africa,58775020,Limpopo,5982584,NA,NA,NA,NA,0,0,0,0,0,0
2020-03-16,South Africa,58775020,Limpopo,5982584,NA,NA,NA,NA,1,0,0,1,0,0
2020-03-18,South Africa,58775020,Limpopo,5982584,NA,NA,NA,NA,0,0,0,1,0,0
2020-03-20,South Africa,58775020,Limpopo,5982584,NA,NA,NA,NA,0,0,0,1,0,0
2020-03-22,South Africa,58775020,Limpopo,5982584,NA,NA,NA,NA,1,0,0,2,0,0
2020-03-24,South Africa,58775020,Limpopo,5982584,NA,NA,NA,NA,0,0,0,4,0,0
2020-03-26,South Africa,58775020,Limpopo,5982584,NA,NA,NA,NA,2,0,0,6,0,0
2020-03-28,South Africa,58775020,Limpopo,5982584,NA,NA,NA,NA,5,0,0,11,0,0
2020-03-30,South Africa,58775020,Limpopo,5982584,NA,NA,NA,NA,0,0,0,11,0,0
2020-04-01,South Africa,58775020,Limpopo,5982584,NA,NA,NA,NA,0,0,0,14,0,0
2020-04-03,South Africa,58775020,Limpopo,5982584,NA,NA,NA,NA,0,0,0,16,0,0
2020-04-05,South Africa,58775020,Limpopo,5982584,NA,NA,NA,NA,1,0,0,19,0,0
2020-04-07,South Africa,58775020,Limpopo,5982584,NA,NA,NA,NA,0,0,0,19,0,0
2020-04-09,South Africa,58775020,Limpopo,5982584,NA,NA,NA,NA,1,0,0,22,0,0
2020-04-11,South Africa,58775020,Limpopo,5982584,NA,NA,NA,NA,0,0,0,23,0,0
2020-04-13,South Africa,58775020,Limpopo,5982584,NA,NA,NA,NA,0,0,0,23,0,0
2020-04-15,South Africa,58775020,Limpopo,5982584,NA,NA,NA,NA,1,0,0,25,0,0
2020-04-17,South Africa,58775020,Limpopo,5982584,NA,NA,NA,NA,0,0,18,26,1,18
2020-04-19,South Africa,58775020,Limpopo,5982584,NA,NA,NA,NA,1,0,0,27,1,18
2020-04-21,South Africa,58775020,Limpopo,5982584,NA,NA,NA,NA,0,0,0,27,1,21
2020-04-23,South Africa,58775020,Limpopo,5982584,NA,NA,NA,NA,0,0,3,27,1,24
2020-04-25,South Africa,58775020,Limpopo,5982584,NA,NA,NA,NA,1,1,0,30,2,24
2020-04-27,South Africa,58775020,Limpopo,5982584,NA,NA,NA,NA,0,0,0,31,2,24
2020-04-29,South Africa,58775020,Limpopo,5982584,NA,NA,NA,NA,0,0,0,31,2,24
2020-05-01,South Africa,58775020,Limpopo,5982584,NA,NA,NA,NA,2,0,0,34,2,24
2020-05-03,South Africa,58775020,Limpopo,5982584,NA,NA,NA,NA,1,0,0,37,2,25
2020-05-05,South Africa,58775020,Limpopo,5982584,NA,NA,NA,NA,1,0,0,40,2,27
2020-05-07,South Africa,58775020,Limpopo,5982584,NA,NA,NA,NA,1,0,0,41,3,27
2020-05-09,South Africa,58775020,Limpopo,5982584,NA,NA,NA,NA,8,0,0,51,3,27
2020-05-11,South Africa,58775020,Limpopo,5982584,NA,NA,NA,NA,0,0,0,54,3,28
2020-05-13,South Africa,58775020,Limpopo,5982584,NA,NA,NA,NA,0,0,2,54,3,30
2020-05-15,South Africa,58775020,Limpopo,5982584,NA,NA,NA,NA,2,0,1,57,3,36
2020-05-17,South Africa,58775020,Limpopo,5982584,NA,NA,NA,NA,18,0,0,77,3,37
2020-05-19,South Africa,58775020,Limpopo,5982584,NA,NA,NA,NA,6,0,2,94,3,39
2020-05-21,South Africa,58775020,Limpopo,5982584,NA,NA,NA,NA,28,0,0,121,3,42
2020-05-23,South Africa,58775020,Limpopo,5982584,NA,NA,NA,NA,4,0,0,124,3,51
2020-05-25,South Africa,58775020,Limpopo,5982584,NA,NA,NA,NA,4,0,2,132,3,55
2020-05-27,South Africa,58775020,Limpopo,5982584,NA,NA,NA,NA,9,0,2,141,3,67
2020-05-29,South Africa,58775020,Limpopo,5982584,NA,NA,NA,NA,26,0,22,170,3,97
2020-05-31,South Africa,58775020,Limpopo,5982584,NA,NA,NA,NA,4,0,3,177,3,143
2020-06-02,South Africa,58775020,Limpopo,5982584,NA,NA,NA,NA,1,0,1,193,3,145
2020-06-04,South Africa,58775020,Limpopo,5982584,NA,NA,NA,NA,6,0,1,206,3,146
2020-06-06,South Africa,58775020,Limpopo,5982584,NA,NA,NA,NA,1,0,9,216,3,158
2020-06-08,South Africa,58775020,Limpopo,5982584,NA,NA,NA,NA,17,0,0,244,3,158
2020-06-10,South Africa,58775020,Limpopo,5982584,NA,NA,NA,NA,4,0,17,257,3,175
2020-06-12,South Africa,58775020,Limpopo,5982584,NA,NA,NA,NA,21,1,0,288,4,175
2020-06-14,South Africa,58775020,Limpopo,5982584,NA,NA,NA,NA,17,0,0,326,4,185
2020-06-16,South Africa,58775020,Limpopo,5982584,NA,NA,NA,NA,29,0,14,391,4,213
2020-06-18,South Africa,58775020,Limpopo,5982584,NA,NA,NA,NA,73,0,11,489,4,229
2020-06-20,South Africa,58775020,Limpopo,5982584,NA,NA,NA,NA,18,0,0,521,4,236
2020-06-22,South Africa,58775020,Limpopo,5982584,NA,NA,NA,NA,18,1,11,582,5,257
2020-06-24,South Africa,58775020,Limpopo,5982584,NA,NA,NA,NA,48,0,33,670,5,303
2020-06-26,South Africa,58775020,Limpopo,5982584,NA,NA,NA,NA,68,0,19,798,5,348
2020-06-28,South Africa,58775020,Limpopo,5982584,NA,NA,NA,NA,73,0,26,935,5,413
2020-06-30,South Africa,58775020,Limpopo,5982584,NA,NA,NA,NA,120,0,86,1131,10,520
2020-07-02,South Africa,58775020,Limpopo,5982584,NA,NA,NA,NA,111,0,50,1286,10,570
2020-07-04,South Africa,58775020,Limpopo,5982584,NA,NA,NA,NA,151,0,0,1559,10,594
2020-07-06,South Africa,58775020,Limpopo,5982584,NA,NA,NA,NA,79,17,18,1785,27,653
2020-07-08,South Africa,58775020,Limpopo,5982584,NA,NA,NA,NA,181,0,0,2131,33,665
2020-07-10,South Africa,58775020,Limpopo,5982584,NA,NA,NA,NA,198,0,0,2579,33,665
2020-07-12,South Africa,58775020,Limpopo,5982584,NA,NA,NA,NA,179,0,156,3014,33,1147
2020-07-14,South Africa,58775020,Limpopo,5982584,NA,NA,NA,NA,142,0,0,3458,33,1147
2020-07-16,South Africa,58775020,Limpopo,5982584,NA,NA,NA,NA,238,0,0,3883,33,1492
2020-07-18,South Africa,58775020,Limpopo,5982584,NA,NA,NA,NA,330,0,182,4490,33,1867
2020-07-20,South Africa,58775020,Limpopo,5982584,NA,NA,NA,NA,228,0,102,5156,33,2144
2020-07-22,South Africa,58775020,Limpopo,5982584,NA,NA,NA,NA,357,0,0,5712,33,2518
2020-07-24,South Africa,58775020,Limpopo,5982584,NA,NA,NA,NA,326,0,241,6394,33,3022
2020-07-26,South Africa,58775020,Limpopo,5982584,NA,NA,NA,NA,344,34,223,7076,67,3466
2020-07-28,South Africa,58775020,Limpopo,5982584,NA,NA,NA,NA,242,0,0,7502,67,3565
2020-07-30,South Africa,58775020,Limpopo,5982584,NA,NA,NA,NA,400,0,1063,8240,67,4700
2020-08-01,South Africa,58775020,Limpopo,5982584,NA,NA,NA,NA,314,0,0,8879,67,5044
2020-08-03,South Africa,58775020,Limpopo,5982584,NA,NA,NA,NA,160,0,12,9204,90,5524
2020-08-05,South Africa,58775020,Limpopo,5982584,NA,NA,NA,NA,236,0,96,9625,90,5620
2020-08-07,South Africa,58775020,Limpopo,5982584,NA,NA,NA,NA,265,0,0,10138,90,6876
2020-08-09,South Africa,58775020,Limpopo,5982584,NA,NA,NA,NA,201,0,0,10546,127,7813
2020-08-11,South Africa,58775020,Limpopo,5982584,NA,NA,NA,NA,96,0,0,10807,127,8207
2020-08-13,South Africa,58775020,Limpopo,5982584,NA,NA,NA,NA,144,14,881,11019,141,9782
2020-08-15,South Africa,58775020,Limpopo,5982584,NA,NA,NA,NA,231,18,102,11445,159,10039
2020-03-05,South Africa,58775020,Mpumalanga,4592187,NA,NA,NA,NA,NA,NA,NA,0,0,0
2020-03-08,South Africa,58775020,Mpumalanga,4592187,NA,NA,NA,NA,0,0,0,0,0,0
2020-03-11,South Africa,58775020,Mpumalanga,4592187,NA,NA,NA,NA,0,0,0,0,0,0
2020-03-13,South Africa,58775020,Mpumalanga,4592187,NA,NA,NA,NA,0,0,0,1,0,0
2020-03-15,South Africa,58775020,Mpumalanga,4592187,NA,NA,NA,NA,0,0,0,1,0,0
2020-03-17,South Africa,58775020,Mpumalanga,4592187,NA,NA,NA,NA,0,0,0,2,0,0
2020-03-19,South Africa,58775020,Mpumalanga,4592187,NA,NA,NA,NA,1,0,0,5,0,0
2020-03-21,South Africa,58775020,Mpumalanga,4592187,NA,NA,NA,NA,0,0,0,5,0,0
2020-03-23,South Africa,58775020,Mpumalanga,4592187,NA,NA,NA,NA,4,0,0,9,0,0
2020-03-25,South Africa,58775020,Mpumalanga,4592187,NA,NA,NA,NA,0,0,0,8,0,0
2020-03-27,South Africa,58775020,Mpumalanga,4592187,NA,NA,NA,NA,0,0,0,9,0,0
2020-03-29,South Africa,58775020,Mpumalanga,4592187,NA,NA,NA,NA,1,0,0,11,0,0
2020-03-31,South Africa,58775020,Mpumalanga,4592187,NA,NA,NA,NA,1,0,0,12,0,0
2020-04-02,South Africa,58775020,Mpumalanga,4592187,NA,NA,NA,NA,1,0,0,13,0,0
2020-04-04,South Africa,58775020,Mpumalanga,4592187,NA,NA,NA,NA,5,0,0,18,0,0
2020-04-06,South Africa,58775020,Mpumalanga,4592187,NA,NA,NA,NA,0,0,0,18,0,0
2020-04-08,South Africa,58775020,Mpumalanga,4592187,NA,NA,NA,NA,3,0,0,21,0,0
2020-04-10,South Africa,58775020,Mpumalanga,4592187,NA,NA,NA,NA,0,0,0,20,0,0
2020-04-12,South Africa,58775020,Mpumalanga,4592187,NA,NA,NA,NA,1,0,0,21,0,0
2020-04-14,South Africa,58775020,Mpumalanga,4592187,NA,NA,NA,NA,0,0,0,22,0,0
2020-04-16,South Africa,58775020,Mpumalanga,4592187,NA,NA,NA,NA,0,0,0,22,0,0
2020-04-18,South Africa,58775020,Mpumalanga,4592187,NA,NA,NA,NA,2,0,0,25,0,9
2020-04-20,South Africa,58775020,Mpumalanga,4592187,NA,NA,NA,NA,0,0,5,23,0,14
2020-04-22,South Africa,58775020,Mpumalanga,4592187,NA,NA,NA,NA,0,0,0,23,0,14
2020-04-24,South Africa,58775020,Mpumalanga,4592187,NA,NA,NA,NA,1,0,0,24,0,15
2020-04-26,South Africa,58775020,Mpumalanga,4592187,NA,NA,NA,NA,0,0,0,23,0,15
2020-04-28,South Africa,58775020,Mpumalanga,4592187,NA,NA,NA,NA,0,0,0,26,0,15
2020-04-30,South Africa,58775020,Mpumalanga,4592187,NA,NA,NA,NA,5,0,0,36,0,15
2020-05-02,South Africa,58775020,Mpumalanga,4592187,NA,NA,NA,NA,5,0,3,40,0,18
2020-05-04,South Africa,58775020,Mpumalanga,4592187,NA,NA,NA,NA,7,0,4,53,0,22
2020-05-06,South Africa,58775020,Mpumalanga,4592187,NA,NA,NA,NA,0,0,0,57,0,22
2020-05-08,South Africa,58775020,Mpumalanga,4592187,NA,NA,NA,NA,1,0,0,60,0,22
2020-05-10,South Africa,58775020,Mpumalanga,4592187,NA,NA,NA,NA,0,0,0,61,0,22
2020-05-12,South Africa,58775020,Mpumalanga,4592187,NA,NA,NA,NA,0,0,0,63,0,22
2020-05-14,South Africa,58775020,Mpumalanga,4592187,NA,NA,NA,NA,1,0,10,67,0,34
2020-05-16,South Africa,58775020,Mpumalanga,4592187,NA,NA,NA,NA,1,0,5,68,0,49
2020-05-18,South Africa,58775020,Mpumalanga,4592187,NA,NA,NA,NA,5,0,4,76,0,53
2020-05-20,South Africa,58775020,Mpumalanga,4592187,NA,NA,NA,NA,15,0,1,93,0,58
2020-05-22,South Africa,58775020,Mpumalanga,4592187,NA,NA,NA,NA,3,0,0,98,0,58
2020-05-24,South Africa,58775020,Mpumalanga,4592187,NA,NA,NA,NA,4,0,0,101,0,58
2020-05-26,South Africa,58775020,Mpumalanga,4592187,NA,NA,NA,NA,0,0,0,103,0,61
2020-05-28,South Africa,58775020,Mpumalanga,4592187,NA,NA,NA,NA,5,0,5,111,0,67
2020-05-30,South Africa,58775020,Mpumalanga,4592187,NA,NA,NA,NA,1,0,0,113,0,67
2020-06-01,South Africa,58775020,Mpumalanga,4592187,NA,NA,NA,NA,10,0,14,131,0,86
2020-06-03,South Africa,58775020,Mpumalanga,4592187,NA,NA,NA,NA,5,0,0,137,0,86
2020-06-05,South Africa,58775020,Mpumalanga,4592187,NA,NA,NA,NA,25,0,8,169,0,94
2020-06-07,South Africa,58775020,Mpumalanga,4592187,NA,NA,NA,NA,8,1,8,189,1,102
2020-06-09,South Africa,58775020,Mpumalanga,4592187,NA,NA,NA,NA,1,0,9,184,1,111
2020-06-11,South Africa,58775020,Mpumalanga,4592187,NA,NA,NA,NA,21,0,0,228,1,116
2020-06-13,South Africa,58775020,Mpumalanga,4592187,NA,NA,NA,NA,28,0,0,271,1,116
2020-06-15,South Africa,58775020,Mpumalanga,4592187,NA,NA,NA,NA,25,0,6,322,1,138
2020-06-17,South Africa,58775020,Mpumalanga,4592187,NA,NA,NA,NA,48,0,8,391,1,146
2020-06-19,South Africa,58775020,Mpumalanga,4592187,NA,NA,NA,NA,44,0,0,505,1,156
2020-06-21,South Africa,58775020,Mpumalanga,4592187,NA,NA,NA,NA,29,0,20,573,1,176
2020-06-23,South Africa,58775020,Mpumalanga,4592187,NA,NA,NA,NA,66,1,0,662,2,181
2020-06-25,South Africa,58775020,Mpumalanga,4592187,NA,NA,NA,NA,70,0,8,783,2,207
2020-06-27,South Africa,58775020,Mpumalanga,4592187,NA,NA,NA,NA,70,0,0,925,2,239
2020-06-29,South Africa,58775020,Mpumalanga,4592187,NA,NA,NA,NA,74,1,39,1089,3,376
2020-07-01,South Africa,58775020,Mpumalanga,4592187,NA,NA,NA,NA,116,0,23,1306,7,487
2020-07-03,South Africa,58775020,Mpumalanga,4592187,NA,NA,NA,NA,133,0,65,1611,7,585
2020-07-05,South Africa,58775020,Mpumalanga,4592187,NA,NA,NA,NA,147,0,0,1965,7,621
2020-07-07,South Africa,58775020,Mpumalanga,4592187,NA,NA,NA,NA,180,0,17,2353,7,668
2020-07-09,South Africa,58775020,Mpumalanga,4592187,NA,NA,NA,NA,374,0,111,2902,22,779
2020-07-11,South Africa,58775020,Mpumalanga,4592187,NA,NA,NA,NA,348,0,131,3621,22,910
2020-07-13,South Africa,58775020,Mpumalanga,4592187,NA,NA,NA,NA,322,11,0,4299,33,910
2020-07-15,South Africa,58775020,Mpumalanga,4592187,NA,NA,NA,NA,475,0,121,5051,33,1300
2020-07-17,South Africa,58775020,Mpumalanga,4592187,NA,NA,NA,NA,501,4,133,6073,44,1597
2020-07-19,South Africa,58775020,Mpumalanga,4592187,NA,NA,NA,NA,485,0,165,7129,44,1958
2020-07-21,South Africa,58775020,Mpumalanga,4592187,NA,NA,NA,NA,240,0,189,7664,52,2348
2020-07-23,South Africa,58775020,Mpumalanga,4592187,NA,NA,NA,NA,701,0,583,8987,52,4018
2020-07-25,South Africa,58775020,Mpumalanga,4592187,NA,NA,NA,NA,661,0,592,10417,52,4995
2020-07-27,South Africa,58775020,Mpumalanga,4592187,NA,NA,NA,NA,378,13,499,11386,65,5494
2020-07-29,South Africa,58775020,Mpumalanga,4592187,NA,NA,NA,NA,890,0,581,12442,65,6393
2020-07-31,South Africa,58775020,Mpumalanga,4592187,NA,NA,NA,NA,821,13,0,14101,78,6854
2020-08-02,South Africa,58775020,Mpumalanga,4592187,NA,NA,NA,NA,439,0,550,15120,78,8674
2020-08-04,South Africa,58775020,Mpumalanga,4592187,NA,NA,NA,NA,321,0,2062,15716,123,10736
2020-08-06,South Africa,58775020,Mpumalanga,4592187,NA,NA,NA,NA,668,0,658,17803,139,12290
2020-08-08,South Africa,58775020,Mpumalanga,4592187,NA,NA,NA,NA,468,0,935,18734,139,14257
2020-08-10,South Africa,58775020,Mpumalanga,4592187,NA,NA,NA,NA,216,10,1241,19455,149,15833
2020-08-12,South Africa,58775020,Mpumalanga,4592187,NA,NA,NA,NA,222,0,242,19755,149,16658
2020-08-14,South Africa,58775020,Mpumalanga,4592187,NA,NA,NA,NA,443,22,610,20554,189,17404
2020-08-16,South Africa,58775020,Mpumalanga,4592187,NA,NA,NA,NA,374,0,461,21289,189,18430
2020-03-07,South Africa,58775020,Northern Cape,1263875,NA,NA,NA,NA,0,0,0,0,0,0
2020-03-09,South Africa,58775020,Northern Cape,1263875,NA,NA,NA,NA,0,0,0,0,0,0
2020-03-12,South Africa,58775020,Northern Cape,1263875,NA,NA,NA,NA,0,0,0,0,0,0
2020-03-14,South Africa,58775020,Northern Cape,1263875,NA,NA,NA,NA,0,0,0,0,0,0
2020-03-16,South Africa,58775020,Northern Cape,1263875,NA,NA,NA,NA,0,0,0,0,0,0
2020-03-18,South Africa,58775020,Northern Cape,1263875,NA,NA,NA,NA,0,0,0,0,0,0
2020-03-20,South Africa,58775020,Northern Cape,1263875,NA,NA,NA,NA,0,0,0,0,0,0
2020-03-22,South Africa,58775020,Northern Cape,1263875,NA,NA,NA,NA,0,0,0,0,0,0
2020-03-24,South Africa,58775020,Northern Cape,1263875,NA,NA,NA,NA,0,0,0,2,0,0
2020-03-26,South Africa,58775020,Northern Cape,1263875,NA,NA,NA,NA,0,0,0,2,0,0
2020-03-28,South Africa,58775020,Northern Cape,1263875,NA,NA,NA,NA,3,0,0,5,0,0
2020-03-30,South Africa,58775020,Northern Cape,1263875,NA,NA,NA,NA,0,0,0,3,0,0
2020-04-01,South Africa,58775020,Northern Cape,1263875,NA,NA,NA,NA,1,0,0,7,0,0
2020-04-03,South Africa,58775020,Northern Cape,1263875,NA,NA,NA,NA,0,0,0,7,0,0
2020-04-05,South Africa,58775020,Northern Cape,1263875,NA,NA,NA,NA,1,0,0,8,0,0
2020-04-07,South Africa,58775020,Northern Cape,1263875,NA,NA,NA,NA,0,0,0,8,0,0
2020-04-09,South Africa,58775020,Northern Cape,1263875,NA,NA,NA,NA,2,0,0,15,0,0
2020-04-11,South Africa,58775020,Northern Cape,1263875,NA,NA,NA,NA,1,0,0,16,0,0
2020-04-13,South Africa,58775020,Northern Cape,1263875,NA,NA,NA,NA,0,0,0,16,0,0
2020-04-15,South Africa,58775020,Northern Cape,1263875,NA,NA,NA,NA,0,0,0,16,0,0
2020-04-17,South Africa,58775020,Northern Cape,1263875,NA,NA,NA,NA,0,0,10,16,0,10
2020-04-19,South Africa,58775020,Northern Cape,1263875,NA,NA,NA,NA,0,0,0,16,0,10
2020-04-21,South Africa,58775020,Northern Cape,1263875,NA,NA,NA,NA,0,0,0,16,0,13
2020-04-23,South Africa,58775020,Northern Cape,1263875,NA,NA,NA,NA,0,0,0,16,0,13
2020-04-25,South Africa,58775020,Northern Cape,1263875,NA,NA,NA,NA,0,0,0,16,0,13
2020-04-27,South Africa,58775020,Northern Cape,1263875,NA,NA,NA,NA,0,0,0,17,0,13
2020-04-29,South Africa,58775020,Northern Cape,1263875,NA,NA,NA,NA,0,0,0,17,0,13
2020-05-01,South Africa,58775020,Northern Cape,1263875,NA,NA,NA,NA,1,0,0,18,0,13
2020-05-03,South Africa,58775020,Northern Cape,1263875,NA,NA,NA,NA,1,0,0,24,0,20
2020-05-05,South Africa,58775020,Northern Cape,1263875,NA,NA,NA,NA,1,0,0,26,0,20
2020-05-07,South Africa,58775020,Northern Cape,1263875,NA,NA,NA,NA,1,0,0,27,0,20
2020-05-09,South Africa,58775020,Northern Cape,1263875,NA,NA,NA,NA,1,0,0,28,0,20
2020-05-11,South Africa,58775020,Northern Cape,1263875,NA,NA,NA,NA,1,0,0,30,0,23
2020-05-13,South Africa,58775020,Northern Cape,1263875,NA,NA,NA,NA,0,0,1,30,0,24
2020-05-15,South Africa,58775020,Northern Cape,1263875,NA,NA,NA,NA,3,0,0,34,0,20
2020-05-17,South Africa,58775020,Northern Cape,1263875,NA,NA,NA,NA,2,0,0,37,0,24
2020-05-19,South Africa,58775020,Northern Cape,1263875,NA,NA,NA,NA,0,1,0,37,1,27
2020-05-21,South Africa,58775020,Northern Cape,1263875,NA,NA,NA,NA,0,0,0,37,1,27
2020-05-23,South Africa,58775020,Northern Cape,1263875,NA,NA,NA,NA,1,0,0,40,1,27
2020-05-25,South Africa,58775020,Northern Cape,1263875,NA,NA,NA,NA,5,0,0,45,1,28
2020-05-27,South Africa,58775020,Northern Cape,1263875,NA,NA,NA,NA,3,0,1,48,1,30
2020-05-29,South Africa,58775020,Northern Cape,1263875,NA,NA,NA,NA,1,0,1,52,1,31
2020-05-31,South Africa,58775020,Northern Cape,1263875,NA,NA,NA,NA,12,0,0,69,1,31
2020-06-02,South Africa,58775020,Northern Cape,1263875,NA,NA,NA,NA,9,0,2,91,1,33
2020-06-04,South Africa,58775020,Northern Cape,1263875,NA,NA,NA,NA,2,0,0,95,1,33
2020-06-06,South Africa,58775020,Northern Cape,1263875,NA,NA,NA,NA,3,0,4,105,1,38
2020-06-08,South Africa,58775020,Northern Cape,1263875,NA,NA,NA,NA,4,0,0,118,1,41
2020-06-10,South Africa,58775020,Northern Cape,1263875,NA,NA,NA,NA,3,0,1,125,1,42
2020-06-12,South Africa,58775020,Northern Cape,1263875,NA,NA,NA,NA,6,0,10,138,1,52
2020-06-14,South Africa,58775020,Northern Cape,1263875,NA,NA,NA,NA,12,0,0,156,1,52
2020-06-16,South Africa,58775020,Northern Cape,1263875,NA,NA,NA,NA,6,0,0,211,1,52
2020-06-18,South Africa,58775020,Northern Cape,1263875,NA,NA,NA,NA,3,0,29,214,1,81
2020-06-20,South Africa,58775020,Northern Cape,1263875,NA,NA,NA,NA,14,0,0,232,1,97
2020-06-22,South Africa,58775020,Northern Cape,1263875,NA,NA,NA,NA,17,0,2,254,1,112
2020-06-24,South Africa,58775020,Northern Cape,1263875,NA,NA,NA,NA,29,0,0,299,1,112
2020-06-26,South Africa,58775020,Northern Cape,1263875,NA,NA,NA,NA,19,0,16,337,1,128
2020-06-28,South Africa,58775020,Northern Cape,1263875,NA,NA,NA,NA,30,0,0,385,1,186
2020-06-30,South Africa,58775020,Northern Cape,1263875,NA,NA,NA,NA,61,0,0,465,1,186
2020-07-02,South Africa,58775020,Northern Cape,1263875,NA,NA,NA,NA,79,0,28,573,1,232
2020-07-04,South Africa,58775020,Northern Cape,1263875,NA,NA,NA,NA,60,0,4,686,4,236
2020-07-06,South Africa,58775020,Northern Cape,1263875,NA,NA,NA,NA,86,0,0,820,6,237
2020-07-08,South Africa,58775020,Northern Cape,1263875,NA,NA,NA,NA,86,0,17,974,6,254
2020-07-10,South Africa,58775020,Northern Cape,1263875,NA,NA,NA,NA,129,0,10,1168,7,277
2020-07-12,South Africa,58775020,Northern Cape,1263875,NA,NA,NA,NA,135,0,2,1401,11,310
2020-07-14,South Africa,58775020,Northern Cape,1263875,NA,NA,NA,NA,57,4,149,1579,15,503
2020-07-16,South Africa,58775020,Northern Cape,1263875,NA,NA,NA,NA,164,0,93,1831,15,601
2020-07-18,South Africa,58775020,Northern Cape,1263875,NA,NA,NA,NA,153,0,96,2197,15,723
2020-07-20,South Africa,58775020,Northern Cape,1263875,NA,NA,NA,NA,85,0,198,2351,15,970
2020-07-22,South Africa,58775020,Northern Cape,1263875,NA,NA,NA,NA,188,0,13,2727,15,1100
2020-07-24,South Africa,58775020,Northern Cape,1263875,NA,NA,NA,NA,205,0,25,3175,23,1177
2020-07-26,South Africa,58775020,Northern Cape,1263875,NA,NA,NA,NA,211,2,33,3600,29,1223
2020-07-28,South Africa,58775020,Northern Cape,1263875,NA,NA,NA,NA,122,0,21,3997,29,1244
2020-07-30,South Africa,58775020,Northern Cape,1263875,NA,NA,NA,NA,267,0,66,4402,29,1341
2020-08-01,South Africa,58775020,Northern Cape,1263875,NA,NA,NA,NA,220,7,128,4961,36,1517
2020-08-03,South Africa,58775020,Northern Cape,1263875,NA,NA,NA,NA,171,0,507,5302,36,2381
2020-08-05,South Africa,58775020,Northern Cape,1263875,NA,NA,NA,NA,259,0,471,5638,36,2859
2020-08-07,South Africa,58775020,Northern Cape,1263875,NA,NA,NA,NA,253,7,20,6185,61,3089
2020-08-09,South Africa,58775020,Northern Cape,1263875,NA,NA,NA,NA,255,0,148,6621,66,3306
2020-08-11,South Africa,58775020,Northern Cape,1263875,NA,NA,NA,NA,59,0,84,6861,68,3391
2020-08-13,South Africa,58775020,Northern Cape,1263875,NA,NA,NA,NA,165,8,96,7122,76,3794
2020-08-15,South Africa,58775020,Northern Cape,1263875,NA,NA,NA,NA,292,0,47,7735,94,3984
2020-03-05,South Africa,58775020,North_West,4027160,NA,NA,NA,NA,NA,NA,NA,0,0,0
2020-03-08,South Africa,58775020,North_West,4027160,NA,NA,NA,NA,0,0,0,0,0,0
2020-03-11,South Africa,58775020,North_West,4027160,NA,NA,NA,NA,0,0,0,0,0,0
2020-03-13,South Africa,58775020,North_West,4027160,NA,NA,NA,NA,0,0,0,0,0,0
2020-03-15,South Africa,58775020,North_West,4027160,NA,NA,NA,NA,0,0,0,0,0,0
2020-03-17,South Africa,58775020,North_West,4027160,NA,NA,NA,NA,0,0,0,0,0,0
2020-03-19,South Africa,58775020,North_West,4027160,NA,NA,NA,NA,0,0,0,0,0,0
2020-03-21,South Africa,58775020,North_West,4027160,NA,NA,NA,NA,0,0,0,0,0,0
2020-03-23,South Africa,58775020,North_West,4027160,NA,NA,NA,NA,4,0,0,4,0,0
2020-03-25,South Africa,58775020,North_West,4027160,NA,NA,NA,NA,0,0,0,5,0,0
2020-03-27,South Africa,58775020,North_West,4027160,NA,NA,NA,NA,0,0,0,5,0,0
2020-03-29,South Africa,58775020,North_West,4027160,NA,NA,NA,NA,0,0,0,6,0,0
2020-03-31,South Africa,58775020,North_West,4027160,NA,NA,NA,NA,0,0,0,8,0,0
2020-04-02,South Africa,58775020,North_West,4027160,NA,NA,NA,NA,0,0,0,9,0,0
2020-04-04,South Africa,58775020,North_West,4027160,NA,NA,NA,NA,2,0,0,11,0,0
2020-04-06,South Africa,58775020,North_West,4027160,NA,NA,NA,NA,0,0,0,11,0,0
2020-04-08,South Africa,58775020,North_West,4027160,NA,NA,NA,NA,4,0,0,15,0,0
2020-04-10,South Africa,58775020,North_West,4027160,NA,NA,NA,NA,3,0,0,18,0,0
2020-04-12,South Africa,58775020,North_West,4027160,NA,NA,NA,NA,0,0,0,19,0,0
2020-04-14,South Africa,58775020,North_West,4027160,NA,NA,NA,NA,0,0,0,22,0,0
2020-04-16,South Africa,58775020,North_West,4027160,NA,NA,NA,NA,1,0,0,24,0,0
2020-04-18,South Africa,58775020,North_West,4027160,NA,NA,NA,NA,0,0,0,24,0,6
2020-04-20,South Africa,58775020,North_West,4027160,NA,NA,NA,NA,1,0,0,25,0,6
2020-04-22,South Africa,58775020,North_West,4027160,NA,NA,NA,NA,0,0,0,24,0,6
2020-04-24,South Africa,58775020,North_West,4027160,NA,NA,NA,NA,0,0,0,25,0,6
2020-04-26,South Africa,58775020,North_West,4027160,NA,NA,NA,NA,0,0,0,28,0,6
2020-04-28,South Africa,58775020,North_West,4027160,NA,NA,NA,NA,0,0,0,29,0,6
2020-04-30,South Africa,58775020,North_West,4027160,NA,NA,NA,NA,2,0,0,31,0,6
2020-05-02,South Africa,58775020,North_West,4027160,NA,NA,NA,NA,0,0,7,35,0,13
2020-05-04,South Africa,58775020,North_West,4027160,NA,NA,NA,NA,0,0,0,35,0,13
2020-05-06,South Africa,58775020,North_West,4027160,NA,NA,NA,NA,2,0,3,37,0,16
2020-05-08,South Africa,58775020,North_West,4027160,NA,NA,NA,NA,2,0,0,42,0,16
2020-05-10,South Africa,58775020,North_West,4027160,NA,NA,NA,NA,4,0,0,45,0,16
2020-05-12,South Africa,58775020,North_West,4027160,NA,NA,NA,NA,1,0,0,51,1,16
2020-05-14,South Africa,58775020,North_West,4027160,NA,NA,NA,NA,6,0,2,58,1,19
2020-05-16,South Africa,58775020,North_West,4027160,NA,NA,NA,NA,1,0,0,64,1,28
2020-05-18,South Africa,58775020,North_West,4027160,NA,NA,NA,NA,2,0,0,72,1,28
2020-05-20,South Africa,58775020,North_West,4027160,NA,NA,NA,NA,0,0,0,72,1,28
2020-05-22,South Africa,58775020,North_West,4027160,NA,NA,NA,NA,3,0,1,80,1,29
2020-05-24,South Africa,58775020,North_West,4027160,NA,NA,NA,NA,13,0,0,94,1,29
2020-05-26,South Africa,58775020,North_West,4027160,NA,NA,NA,NA,6,0,0,115,1,29
2020-05-28,South Africa,58775020,North_West,4027160,NA,NA,NA,NA,6,0,6,134,1,45
2020-05-30,South Africa,58775020,North_West,4027160,NA,NA,NA,NA,19,0,0,162,1,45
2020-06-01,South Africa,58775020,North_West,4027160,NA,NA,NA,NA,12,0,0,187,1,45
2020-06-03,South Africa,58775020,North_West,4027160,NA,NA,NA,NA,43,0,0,314,1,59
2020-06-05,South Africa,58775020,North_West,4027160,NA,NA,NA,NA,45,0,14,409,1,73
2020-06-07,South Africa,58775020,North_West,4027160,NA,NA,NA,NA,55,0,0,523,1,73
2020-06-09,South Africa,58775020,North_West,4027160,NA,NA,NA,NA,24,0,15,604,1,88
2020-06-11,South Africa,58775020,North_West,4027160,NA,NA,NA,NA,100,4,0,757,5,104
2020-06-13,South Africa,58775020,North_West,4027160,NA,NA,NA,NA,112,0,0,977,5,128
2020-06-15,South Africa,58775020,North_West,4027160,NA,NA,NA,NA,80,0,0,1177,5,152
2020-06-17,South Africa,58775020,North_West,4027160,NA,NA,NA,NA,121,0,23,1402,5,175
2020-06-19,South Africa,58775020,North_West,4027160,NA,NA,NA,NA,152,0,0,1758,5,175
2020-06-21,South Africa,58775020,North_West,4027160,NA,NA,NA,NA,191,0,73,2148,5,248
2020-06-23,South Africa,58775020,North_West,4027160,NA,NA,NA,NA,139,0,8,2454,5,256
2020-06-25,South Africa,58775020,North_West,4027160,NA,NA,NA,NA,347,0,0,2965,5,291
2020-06-27,South Africa,58775020,North_West,4027160,NA,NA,NA,NA,236,0,12,3454,5,433
2020-06-29,South Africa,58775020,North_West,4027160,NA,NA,NA,NA,284,2,0,3931,7,433
2020-07-01,South Africa,58775020,North_West,4027160,NA,NA,NA,NA,206,0,151,4393,7,802
2020-07-03,South Africa,58775020,North_West,4027160,NA,NA,NA,NA,380,29,0,5168,36,865
2020-07-05,South Africa,58775020,North_West,4027160,NA,NA,NA,NA,419,0,0,6063,36,865
2020-07-07,South Africa,58775020,North_West,4027160,NA,NA,NA,NA,432,0,231,6842,36,1335
2020-07-09,South Africa,58775020,North_West,4027160,NA,NA,NA,NA,723,0,118,7870,36,1574
2020-07-11,South Africa,58775020,North_West,4027160,NA,NA,NA,NA,742,0,27,9418,36,1715
2020-07-13,South Africa,58775020,North_West,4027160,NA,NA,NA,NA,601,0,283,10525,36,2474
2020-07-15,South Africa,58775020,North_West,4027160,NA,NA,NA,NA,441,12,3,11225,48,2578
2020-07-17,South Africa,58775020,North_West,4027160,NA,NA,NA,NA,831,0,0,12722,48,2694
2020-07-19,South Africa,58775020,North_West,4027160,NA,NA,NA,NA,606,0,51,14006,48,2890
2020-07-21,South Africa,58775020,North_West,4027160,NA,NA,NA,NA,297,0,0,14634,48,3241
2020-07-23,South Africa,58775020,North_West,4027160,NA,NA,NA,NA,828,0,105,15901,48,4019
2020-07-25,South Africa,58775020,North_West,4027160,NA,NA,NA,NA,394,0,652,16942,48,5447
2020-07-27,South Africa,58775020,North_West,4027160,NA,NA,NA,NA,266,11,365,17604,59,6441
2020-07-29,South Africa,58775020,North_West,4027160,NA,NA,NA,NA,440,0,543,18231,72,7181
2020-07-31,South Africa,58775020,North_West,4027160,NA,NA,NA,NA,514,0,96,19325,81,8256
2020-08-02,South Africa,58775020,North_West,4027160,NA,NA,NA,NA,247,0,307,19961,81,8751
2020-08-04,South Africa,58775020,North_West,4027160,NA,NA,NA,NA,121,0,334,20270,109,9206
2020-08-06,South Africa,58775020,North_West,4027160,NA,NA,NA,NA,358,0,284,21044,109,9527
2020-08-08,South Africa,58775020,North_West,4027160,NA,NA,NA,NA,327,21,1741,21642,130,11923
2020-08-10,South Africa,58775020,North_West,4027160,NA,NA,NA,NA,96,0,213,21933,130,12136
2020-08-12,South Africa,58775020,North_West,4027160,NA,NA,NA,NA,174,0,241,22205,150,12486
2020-08-14,South Africa,58775020,North_West,4027160,NA,NA,NA,NA,333,26,0,22816,176,12559
2020-08-16,South Africa,58775020,North_West,4027160,NA,NA,NA,NA,157,18,1907,23250,194,14980
2020-03-07,South Africa,58775020,Western Cape,6844272,NA,NA,NA,NA,0,0,0,0,0,0
2020-03-09,South Africa,58775020,Western Cape,6844272,NA,NA,NA,NA,0,0,0,0,0,0
2020-03-12,South Africa,58775020,Western Cape,6844272,NA,NA,NA,NA,0,0,0,1,0,0
2020-03-14,South Africa,58775020,Western Cape,6844272,NA,NA,NA,NA,6,0,0,9,0,0
2020-03-16,South Africa,58775020,Western Cape,6844272,NA,NA,NA,NA,2,0,0,16,0,0
2020-03-18,South Africa,58775020,Western Cape,6844272,NA,NA,NA,NA,10,0,0,31,0,0
2020-03-20,South Africa,58775020,Western Cape,6844272,NA,NA,NA,NA,11,0,0,57,0,0
2020-03-22,South Africa,58775020,Western Cape,6844272,NA,NA,NA,NA,14,0,0,89,0,0
2020-03-24,South Africa,58775020,Western Cape,6844272,NA,NA,NA,NA,13,0,0,113,0,0
2020-03-26,South Africa,58775020,Western Cape,6844272,NA,NA,NA,NA,46,0,0,229,0,0
2020-03-28,South Africa,58775020,Western Cape,6844272,NA,NA,NA,NA,42,0,0,271,1,0
2020-03-30,South Africa,58775020,Western Cape,6844272,NA,NA,NA,NA,14,0,0,324,1,0
2020-04-01,South Africa,58775020,Western Cape,6844272,NA,NA,NA,NA,1,0,0,326,1,0
2020-04-03,South Africa,58775020,Western Cape,6844272,NA,NA,NA,NA,21,0,0,374,1,0
2020-04-05,South Africa,58775020,Western Cape,6844272,NA,NA,NA,NA,21,1,0,454,2,0
2020-04-07,South Africa,58775020,Western Cape,6844272,NA,NA,NA,NA,0,0,0,462,3,0
2020-04-09,South Africa,58775020,Western Cape,6844272,NA,NA,NA,NA,20,0,0,515,3,0
2020-04-11,South Africa,58775020,Western Cape,6844272,NA,NA,NA,NA,5,1,0,546,7,0
2020-04-13,South Africa,58775020,Western Cape,6844272,NA,NA,NA,NA,30,1,0,617,8,0
2020-04-15,South Africa,58775020,Western Cape,6844272,NA,NA,NA,NA,14,0,0,657,8,0
2020-04-17,South Africa,58775020,Western Cape,6844272,NA,NA,NA,NA,42,2,205,717,15,205
2020-04-19,South Africa,58775020,Western Cape,6844272,NA,NA,NA,NA,32,1,0,868,17,205
2020-04-21,South Africa,58775020,Western Cape,6844272,NA,NA,NA,NA,70,0,0,1010,17,216
2020-04-23,South Africa,58775020,Western Cape,6844272,NA,NA,NA,NA,200,6,20,1279,28,236
2020-04-25,South Africa,58775020,Western Cape,6844272,NA,NA,NA,NA,101,2,0,1514,32,236
2020-04-27,South Africa,58775020,Western Cape,6844272,NA,NA,NA,NA,129,2,0,1737,35,236
2020-04-29,South Africa,58775020,Western Cape,6844272,NA,NA,NA,NA,265,4,0,2135,42,236
2020-05-01,South Africa,58775020,Western Cape,6844272,NA,NA,NA,NA,165,13,0,2507,55,236
2020-05-03,South Africa,58775020,Western Cape,6844272,NA,NA,NA,NA,344,2,0,3044,58,779
2020-05-05,South Africa,58775020,Western Cape,6844272,NA,NA,NA,NA,247,7,0,3609,71,833
2020-05-07,South Africa,58775020,Western Cape,6844272,NA,NA,NA,NA,234,6,0,3994,79,1122
2020-05-09,South Africa,58775020,Western Cape,6844272,NA,NA,NA,NA,312,7,0,4809,95,1122
2020-05-11,South Africa,58775020,Western Cape,6844272,NA,NA,NA,NA,453,8,0,5621,106,1607
2020-05-13,South Africa,58775020,Western Cape,6844272,NA,NA,NA,NA,608,11,343,6713,117,1950
2020-05-15,South Africa,58775020,Western Cape,6844272,NA,NA,NA,NA,563,8,284,7798,137,2857
2020-05-17,South Africa,58775020,Western Cape,6844272,NA,NA,NA,NA,890,0,424,9294,149,3521
2020-05-19,South Africa,58775020,Western Cape,6844272,NA,NA,NA,NA,604,21,632,10639,187,4363
2020-05-21,South Africa,58775020,Western Cape,6844272,NA,NA,NA,NA,891,25,0,12153,235,5105
2020-05-23,South Africa,58775020,Western Cape,6844272,NA,NA,NA,NA,938,4,0,13826,261,6126
2020-05-25,South Africa,58775020,Western Cape,6844272,NA,NA,NA,NA,656,49,696,15396,330,7221
2020-05-27,South Africa,58775020,Western Cape,6844272,NA,NA,NA,NA,1064,28,660,16893,391,8504
2020-05-29,South Africa,58775020,Western Cape,6844272,NA,NA,NA,NA,1152,31,673,18906,437,9830
2020-05-31,South Africa,58775020,Western Cape,6844272,NA,NA,NA,NA,1222,38,591,21382,503,11099
2020-06-02,South Africa,58775020,Western Cape,6844272,NA,NA,NA,NA,1016,43,1005,23583,568,12436
2020-06-04,South Africa,58775020,Western Cape,6844272,NA,NA,NA,NA,2349,54,1221,27006,651,14917
2020-06-06,South Africa,58775020,Western Cape,6844272,NA,NA,NA,NA,1572,25,922,30379,729,17355
2020-06-08,South Africa,58775020,Western Cape,6844272,NA,NA,NA,NA,1744,55,1735,33568,829,19101
2020-06-10,South Africa,58775020,Western Cape,6844272,NA,NA,NA,NA,1202,37,2071,36021,927,22862
2020-06-12,South Africa,58775020,Western Cape,6844272,NA,NA,NA,NA,1504,39,2573,38926,1005,25435
2020-06-14,South Africa,58775020,Western Cape,6844272,NA,NA,NA,NA,1934,42,791,42539,1083,27527
2020-06-16,South Africa,58775020,Western Cape,6844272,NA,NA,NA,NA,1214,44,1621,45357,1200,30236
2020-06-18,South Africa,58775020,Western Cape,6844272,NA,NA,NA,NA,967,57,0,47522,1300,31824
2020-06-20,South Africa,58775020,Western Cape,6844272,NA,NA,NA,NA,1467,32,1089,50173,1392,35156
2020-06-22,South Africa,58775020,Western Cape,6844272,NA,NA,NA,NA,1113,39,399,52554,1458,35958
2020-06-24,South Africa,58775020,Western Cape,6844272,NA,NA,NA,NA,1650,63,0,55162,1599,37234
2020-06-26,South Africa,58775020,Western Cape,6844272,NA,NA,NA,NA,1161,40,1504,57941,1692,40979
2020-06-28,South Africa,58775020,Western Cape,6844272,NA,NA,NA,NA,1130,32,464,60445,1764,42636
2020-06-30,South Africa,58775020,Western Cape,6844272,NA,NA,NA,NA,1106,52,484,62481,1859,43120
2020-07-02,South Africa,58775020,Western Cape,6844272,NA,NA,NA,NA,1464,29,1577,65841,1925,46515
2020-07-04,South Africa,58775020,Western Cape,6844272,NA,NA,NA,NA,1440,43,1433,68376,2026,49362
2020-07-06,South Africa,58775020,Western Cape,6844272,NA,NA,NA,NA,1407,35,343,70938,2101,50271
2020-07-08,South Africa,58775020,Western Cape,6844272,NA,NA,NA,NA,1136,47,1724,73292,2192,53881
2020-07-10,South Africa,58775020,Western Cape,6844272,NA,NA,NA,NA,1252,66,0,76067,2295,55534
2020-07-12,South Africa,58775020,Western Cape,6844272,NA,NA,NA,NA,1063,15,1936,78399,2348,59070
2020-07-14,South Africa,58775020,Western Cape,6844272,NA,NA,NA,NA,855,44,2264,80199,2429,61756
2020-07-16,South Africa,58775020,Western Cape,6844272,NA,NA,NA,NA,1430,47,1975,82986,2514,63731
2020-07-18,South Africa,58775020,Western Cape,6844272,NA,NA,NA,NA,1157,43,1229,85411,2593,68410
2020-07-20,South Africa,58775020,Western Cape,6844272,NA,NA,NA,NA,0,50,0,85772,2669,68410
2020-07-22,South Africa,58775020,Western Cape,6844272,NA,NA,NA,NA,1518,35,1430,87847,2752,71491
2020-07-24,South Africa,58775020,Western Cape,6844272,NA,NA,NA,NA,1083,47,1202,90011,2827,73897
2020-07-26,South Africa,58775020,Western Cape,6844272,NA,NA,NA,NA,1046,30,368,92079,2875,75355
2020-07-28,South Africa,58775020,Western Cape,6844272,NA,NA,NA,NA,383,49,1240,92983,2960,76835
2020-07-30,South Africa,58775020,Western Cape,6844272,NA,NA,NA,NA,703,34,2086,94440,3017,78921
2020-08-01,South Africa,58775020,Western Cape,6844272,NA,NA,NA,NA,966,24,909,96189,3074,80750
2020-08-03,South Africa,58775020,Western Cape,6844272,NA,NA,NA,NA,238,31,357,97076,3148,81313
2020-08-05,South Africa,58775020,Western Cape,6844272,NA,NA,NA,NA,770,34,1081,98031,3279,83528
2020-08-07,South Africa,58775020,Western Cape,6844272,NA,NA,NA,NA,428,29,999,99027,3354,85528
2020-08-09,South Africa,58775020,Western Cape,6844272,NA,NA,NA,NA,371,23,262,99959,3399,86677
2020-08-11,South Africa,58775020,Western Cape,6844272,NA,NA,NA,NA,103,25,1137,100316,3454,87998
2020-08-13,South Africa,58775020,Western Cape,6844272,NA,NA,NA,NA,440,21,793,100976,3506,89528
2020-08-15,South Africa,58775020,Western Cape,6844272,NA,NA,NA,NA,419,26,537,101989,3560,90652
2020-02-25,Mexico,127792286,Aguascalientes,1434635,NA,NA,NA,NA,NA,NA,NA,0,0,0
2020-02-27,Mexico,127792286,Aguascalientes,1434635,NA,NA,NA,NA,0,0,0,0,0,0
2020-02-29,Mexico,127792286,Aguascalientes,1434635,NA,NA,NA,NA,0,0,0,0,0,0
2020-03-02,Mexico,127792286,Aguascalientes,1434635,NA,NA,NA,NA,0,0,0,0,0,0
2020-03-04,Mexico,127792286,Aguascalientes,1434635,NA,NA,NA,NA,0,0,0,0,0,0
2020-03-06,Mexico,127792286,Aguascalientes,1434635,NA,NA,NA,NA,0,0,0,0,0,0
2020-03-08,Mexico,127792286,Aguascalientes,1434635,NA,NA,NA,NA,0,0,0,0,0,0
2020-03-10,Mexico,127792286,Aguascalientes,1434635,NA,NA,NA,NA,0,0,0,0,0,0
2020-03-12,Mexico,127792286,Aguascalientes,1434635,NA,NA,NA,NA,0,0,0,0,0,0
2020-03-14,Mexico,127792286,Aguascalientes,1434635,NA,NA,NA,NA,0,0,0,0,0,0
2020-03-16,Mexico,127792286,Aguascalientes,1434635,NA,NA,NA,NA,0,0,0,1,0,0
2020-03-18,Mexico,127792286,Aguascalientes,1434635,NA,NA,NA,NA,0,0,0,1,0,0
2020-03-20,Mexico,127792286,Aguascalientes,1434635,NA,NA,NA,NA,0,0,0,4,0,0
2020-03-22,Mexico,127792286,Aguascalientes,1434635,NA,NA,NA,NA,0,0,0,4,0,0
2020-03-24,Mexico,127792286,Aguascalientes,1434635,NA,NA,NA,NA,0,0,0,6,0,0
2020-03-26,Mexico,127792286,Aguascalientes,1434635,NA,NA,NA,NA,1,0,0,13,0,0
2020-03-28,Mexico,127792286,Aguascalientes,1434635,NA,NA,NA,NA,0,0,0,19,0,0
2020-03-30,Mexico,127792286,Aguascalientes,1434635,NA,NA,NA,NA,0,0,0,24,0,0
2020-04-01,Mexico,127792286,Aguascalientes,1434635,NA,NA,NA,NA,0,0,0,36,0,0
2020-04-03,Mexico,127792286,Aguascalientes,1434635,NA,NA,NA,NA,1,0,0,48,0,0
2020-04-05,Mexico,127792286,Aguascalientes,1434635,NA,NA,NA,NA,0,0,0,49,0,0
2020-04-07,Mexico,127792286,Aguascalientes,1434635,NA,NA,NA,NA,4,0,0,53,0,0
2020-04-09,Mexico,127792286,Aguascalientes,1434635,NA,NA,NA,NA,0,0,0,53,0,0
2020-04-11,Mexico,127792286,Aguascalientes,1434635,NA,NA,NA,NA,2,1,0,55,1,0
2020-04-13,Mexico,127792286,Aguascalientes,1434635,NA,NA,NA,NA,0,0,0,55,1,0
2020-04-15,Mexico,127792286,Aguascalientes,1434635,NA,NA,NA,NA,0,0,0,65,1,0
2020-04-17,Mexico,127792286,Aguascalientes,1434635,NA,NA,NA,NA,6,0,0,77,2,0
2020-04-19,Mexico,127792286,Aguascalientes,1434635,NA,NA,NA,NA,3,0,0,80,2,0
2020-04-21,Mexico,127792286,Aguascalientes,1434635,NA,NA,NA,NA,0,0,0,80,2,0
2020-04-23,Mexico,127792286,Aguascalientes,1434635,NA,NA,NA,NA,6,0,0,105,2,0
2020-04-25,Mexico,127792286,Aguascalientes,1434635,NA,NA,NA,NA,1,0,0,146,2,0
2020-04-27,Mexico,127792286,Aguascalientes,1434635,NA,NA,NA,NA,13,0,0,161,2,0
2020-04-29,Mexico,127792286,Aguascalientes,1434635,NA,NA,NA,NA,20,0,0,187,2,0
2020-05-01,Mexico,127792286,Aguascalientes,1434635,NA,NA,NA,NA,20,1,0,226,7,0
2020-05-03,Mexico,127792286,Aguascalientes,1434635,NA,NA,NA,NA,12,0,0,267,7,0
2020-05-05,Mexico,127792286,Aguascalientes,1434635,NA,NA,NA,NA,3,1,0,293,10,0
2020-05-07,Mexico,127792286,Aguascalientes,1434635,NA,NA,NA,NA,0,1,0,296,11,0
2020-05-09,Mexico,127792286,Aguascalientes,1434635,NA,NA,NA,NA,3,2,0,307,14,0
2020-05-11,Mexico,127792286,Aguascalientes,1434635,NA,NA,NA,NA,23,0,0,357,14,0
2020-05-13,Mexico,127792286,Aguascalientes,1434635,NA,NA,NA,NA,17,1,0,404,15,0
2020-05-15,Mexico,127792286,Aguascalientes,1434635,NA,NA,NA,NA,35,2,0,448,18,0
2020-05-17,Mexico,127792286,Aguascalientes,1434635,NA,NA,NA,NA,30,0,0,477,20,0
2020-05-19,Mexico,127792286,Aguascalientes,1434635,NA,NA,NA,NA,40,0,0,522,20,0
2020-05-21,Mexico,127792286,Aguascalientes,1434635,NA,NA,NA,NA,27,0,0,595,21,0
2020-05-23,Mexico,127792286,Aguascalientes,1434635,NA,NA,NA,NA,5,1,0,623,26,0
2020-05-25,Mexico,127792286,Aguascalientes,1434635,NA,NA,NA,NA,34,0,0,659,26,0
2020-05-27,Mexico,127792286,Aguascalientes,1434635,NA,NA,NA,NA,40,2,0,726,32,0
2020-05-29,Mexico,127792286,Aguascalientes,1434635,NA,NA,NA,NA,28,0,0,807,33,0
2020-05-31,Mexico,127792286,Aguascalientes,1434635,NA,NA,NA,NA,0,0,0,826,35,0
2020-06-02,Mexico,127792286,Aguascalientes,1434635,NA,NA,NA,NA,49,0,0,900,35,0
2020-06-04,Mexico,127792286,Aguascalientes,1434635,NA,NA,NA,NA,97,2,0,1047,38,0
2020-06-06,Mexico,127792286,Aguascalientes,1434635,NA,NA,NA,NA,31,3,0,1117,51,0
2020-06-08,Mexico,127792286,Aguascalientes,1434635,NA,NA,NA,NA,58,2,0,1175,53,0
2020-06-10,Mexico,127792286,Aguascalientes,1434635,NA,NA,NA,NA,29,3,0,1266,59,0
2020-06-12,Mexico,127792286,Aguascalientes,1434635,NA,NA,NA,NA,83,2,0,1421,69,0
2020-06-14,Mexico,127792286,Aguascalientes,1434635,NA,NA,NA,NA,0,0,0,1450,70,0
2020-06-16,Mexico,127792286,Aguascalientes,1434635,NA,NA,NA,NA,95,13,0,1582,84,0
2020-06-18,Mexico,127792286,Aguascalientes,1434635,NA,NA,NA,NA,66,5,0,1707,98,0
2020-06-20,Mexico,127792286,Aguascalientes,1434635,NA,NA,NA,NA,62,3,0,1845,109,0
2020-06-22,Mexico,127792286,Aguascalientes,1434635,NA,NA,NA,NA,32,2,0,1935,112,0
2020-06-24,Mexico,127792286,Aguascalientes,1434635,NA,NA,NA,NA,77,5,0,2066,119,0
2020-06-26,Mexico,127792286,Aguascalientes,1434635,NA,NA,NA,NA,60,7,0,2163,129,0
2020-06-28,Mexico,127792286,Aguascalientes,1434635,NA,NA,NA,NA,59,0,0,2251,134,0
2020-06-30,Mexico,127792286,Aguascalientes,1434635,NA,NA,NA,NA,85,6,0,2374,146,0
2020-07-02,Mexico,127792286,Aguascalientes,1434635,NA,NA,NA,NA,38,3,0,2434,154,0
2020-07-04,Mexico,127792286,Aguascalientes,1434635,NA,NA,NA,NA,23,2,0,2472,158,0
2020-07-06,Mexico,127792286,Aguascalientes,1434635,NA,NA,NA,NA,91,5,0,2564,163,0
2020-07-08,Mexico,127792286,Aguascalientes,1434635,NA,NA,NA,NA,111,4,0,2769,175,0
2020-07-10,Mexico,127792286,Aguascalientes,1434635,NA,NA,NA,NA,57,6,0,2869,185,0
2020-07-12,Mexico,127792286,Aguascalientes,1434635,NA,NA,NA,NA,31,0,0,2948,185,0
2020-07-14,Mexico,127792286,Aguascalientes,1434635,NA,NA,NA,NA,77,6,0,3097,193,0
2020-07-16,Mexico,127792286,Aguascalientes,1434635,NA,NA,NA,NA,140,8,0,3266,201,0
2020-07-18,Mexico,127792286,Aguascalientes,1434635,NA,NA,NA,NA,146,2,0,3441,207,0
2020-07-20,Mexico,127792286,Aguascalientes,1434635,NA,NA,NA,NA,71,2,0,3550,209,0
2020-07-22,Mexico,127792286,Aguascalientes,1434635,NA,NA,NA,NA,58,0,0,3668,220,0
2020-07-24,Mexico,127792286,Aguascalientes,1434635,NA,NA,NA,NA,73,7,0,3761,231,0
2020-07-26,Mexico,127792286,Aguascalientes,1434635,NA,NA,NA,NA,14,0,0,3847,243,0
2020-07-28,Mexico,127792286,Aguascalientes,1434635,NA,NA,NA,NA,113,4,0,3960,247,0
2020-07-30,Mexico,127792286,Aguascalientes,1434635,NA,NA,NA,NA,56,6,0,4060,253,0
2020-08-01,Mexico,127792286,Aguascalientes,1434635,NA,NA,NA,NA,93,3,0,4199,263,0
2020-08-03,Mexico,127792286,Aguascalientes,1434635,NA,NA,NA,NA,48,1,0,4247,264,0
2020-08-05,Mexico,127792286,Aguascalientes,1434635,NA,NA,NA,NA,30,4,0,4339,273,0
2020-08-07,Mexico,127792286,Aguascalientes,1434635,NA,NA,NA,NA,93,3,0,4466,279,0
2020-08-09,Mexico,127792286,Aguascalientes,1434635,NA,NA,NA,NA,2,0,0,4591,284,0
2020-08-11,Mexico,127792286,Aguascalientes,1434635,NA,NA,NA,NA,57,12,0,4663,303,0
2020-08-13,Mexico,127792286,Aguascalientes,1434635,NA,NA,NA,NA,44,4,0,4760,314,0
2020-08-15,Mexico,127792286,Aguascalientes,1434635,NA,NA,NA,NA,49,5,0,4866,324,0
2020-02-26,Mexico,127792286,Baja California,3634868,NA,NA,NA,NA,NA,NA,NA,0,0,0
2020-02-28,Mexico,127792286,Baja California,3634868,NA,NA,NA,NA,0,0,0,0,0,0
2020-03-01,Mexico,127792286,Baja California,3634868,NA,NA,NA,NA,0,0,0,0,0,0
2020-03-03,Mexico,127792286,Baja California,3634868,NA,NA,NA,NA,0,0,0,0,0,0
2020-03-05,Mexico,127792286,Baja California,3634868,NA,NA,NA,NA,0,0,0,0,0,0
2020-03-07,Mexico,127792286,Baja California,3634868,NA,NA,NA,NA,0,0,0,0,0,0
2020-03-09,Mexico,127792286,Baja California,3634868,NA,NA,NA,NA,0,0,0,0,0,0
2020-03-11,Mexico,127792286,Baja California,3634868,NA,NA,NA,NA,0,0,0,0,0,0
2020-03-13,Mexico,127792286,Baja California,3634868,NA,NA,NA,NA,0,0,0,0,0,0
2020-03-15,Mexico,127792286,Baja California,3634868,NA,NA,NA,NA,0,0,0,0,0,0
2020-03-17,Mexico,127792286,Baja California,3634868,NA,NA,NA,NA,0,0,0,0,0,0
2020-03-19,Mexico,127792286,Baja California,3634868,NA,NA,NA,NA,0,0,0,2,0,0
2020-03-21,Mexico,127792286,Baja California,3634868,NA,NA,NA,NA,4,0,0,8,0,0
2020-03-23,Mexico,127792286,Baja California,3634868,NA,NA,NA,NA,2,0,0,13,0,0
2020-03-25,Mexico,127792286,Baja California,3634868,NA,NA,NA,NA,1,0,0,14,0,0
2020-03-27,Mexico,127792286,Baja California,3634868,NA,NA,NA,NA,1,0,0,20,0,0
2020-03-29,Mexico,127792286,Baja California,3634868,NA,NA,NA,NA,3,0,0,23,0,0
2020-03-31,Mexico,127792286,Baja California,3634868,NA,NA,NA,NA,8,0,0,35,0,0
2020-04-02,Mexico,127792286,Baja California,3634868,NA,NA,NA,NA,3,3,0,40,3,0
2020-04-04,Mexico,127792286,Baja California,3634868,NA,NA,NA,NA,2,0,0,54,5,0
2020-04-06,Mexico,127792286,Baja California,3634868,NA,NA,NA,NA,42,1,0,111,7,0
2020-04-08,Mexico,127792286,Baja California,3634868,NA,NA,NA,NA,89,8,0,225,15,0
2020-04-10,Mexico,127792286,Baja California,3634868,NA,NA,NA,NA,19,1,0,258,17,0
2020-04-12,Mexico,127792286,Baja California,3634868,NA,NA,NA,NA,57,2,0,335,22,0
2020-04-14,Mexico,127792286,Baja California,3634868,NA,NA,NA,NA,44,3,0,412,28,0
2020-04-16,Mexico,127792286,Baja California,3634868,NA,NA,NA,NA,41,3,0,505,31,0
2020-04-18,Mexico,127792286,Baja California,3634868,NA,NA,NA,NA,74,35,0,610,68,0
2020-04-20,Mexico,127792286,Baja California,3634868,NA,NA,NA,NA,61,0,0,741,75,0
2020-04-22,Mexico,127792286,Baja California,3634868,NA,NA,NA,NA,77,18,0,992,118,0
2020-04-24,Mexico,127792286,Baja California,3634868,NA,NA,NA,NA,81,20,0,1164,146,0
2020-04-26,Mexico,127792286,Baja California,3634868,NA,NA,NA,NA,80,0,0,1286,162,0
2020-04-28,Mexico,127792286,Baja California,3634868,NA,NA,NA,NA,94,19,0,1410,186,0
2020-04-30,Mexico,127792286,Baja California,3634868,NA,NA,NA,NA,61,7,0,1577,222,0
2020-05-02,Mexico,127792286,Baja California,3634868,NA,NA,NA,NA,12,3,0,1598,235,0
2020-05-04,Mexico,127792286,Baja California,3634868,NA,NA,NA,NA,150,13,0,1826,251,0
2020-05-06,Mexico,127792286,Baja California,3634868,NA,NA,NA,NA,110,37,0,2126,326,0
2020-05-08,Mexico,127792286,Baja California,3634868,NA,NA,NA,NA,100,21,0,2304,365,0
2020-05-10,Mexico,127792286,Baja California,3634868,NA,NA,NA,NA,62,14,0,2454,416,0
2020-05-12,Mexico,127792286,Baja California,3634868,NA,NA,NA,NA,129,24,0,2600,443,0
2020-05-14,Mexico,127792286,Baja California,3634868,NA,NA,NA,NA,92,31,0,2885,495,0
2020-05-16,Mexico,127792286,Baja California,3634868,NA,NA,NA,NA,129,25,0,3205,543,0
2020-05-18,Mexico,127792286,Baja California,3634868,NA,NA,NA,NA,82,12,0,3376,566,0
2020-05-20,Mexico,127792286,Baja California,3634868,NA,NA,NA,NA,118,24,0,3649,606,0
2020-05-22,Mexico,127792286,Baja California,3634868,NA,NA,NA,NA,176,11,0,4005,648,0
2020-05-24,Mexico,127792286,Baja California,3634868,NA,NA,NA,NA,120,43,0,4282,696,0
2020-05-26,Mexico,127792286,Baja California,3634868,NA,NA,NA,NA,172,35,0,4484,740,0
2020-05-28,Mexico,127792286,Baja California,3634868,NA,NA,NA,NA,186,35,0,4845,808,0
2020-05-30,Mexico,127792286,Baja California,3634868,NA,NA,NA,NA,153,43,0,5106,864,0
2020-06-01,Mexico,127792286,Baja California,3634868,NA,NA,NA,NA,53,6,0,5207,871,0
2020-06-03,Mexico,127792286,Baja California,3634868,NA,NA,NA,NA,232,134,0,5545,1013,0
2020-06-05,Mexico,127792286,Baja California,3634868,NA,NA,NA,NA,178,63,0,5867,1200,0
2020-06-07,Mexico,127792286,Baja California,3634868,NA,NA,NA,NA,114,15,0,6173,1245,0
2020-06-09,Mexico,127792286,Baja California,3634868,NA,NA,NA,NA,162,45,0,6385,1302,0
2020-06-11,Mexico,127792286,Baja California,3634868,NA,NA,NA,NA,183,31,0,6708,1418,0
2020-06-13,Mexico,127792286,Baja California,3634868,NA,NA,NA,NA,89,32,0,6949,1471,0
2020-06-15,Mexico,127792286,Baja California,3634868,NA,NA,NA,NA,162,26,0,7153,1536,0
2020-06-17,Mexico,127792286,Baja California,3634868,NA,NA,NA,NA,123,23,0,7364,1617,0
2020-06-19,Mexico,127792286,Baja California,3634868,NA,NA,NA,NA,158,45,0,7686,1683,0
2020-06-21,Mexico,127792286,Baja California,3634868,NA,NA,NA,NA,78,7,0,7919,1741,0
2020-06-23,Mexico,127792286,Baja California,3634868,NA,NA,NA,NA,165,26,0,8191,1794,0
2020-06-25,Mexico,127792286,Baja California,3634868,NA,NA,NA,NA,107,11,0,8408,1824,0
2020-06-27,Mexico,127792286,Baja California,3634868,NA,NA,NA,NA,161,19,0,8789,1873,0
2020-06-29,Mexico,127792286,Baja California,3634868,NA,NA,NA,NA,33,16,0,8897,1899,0
2020-07-01,Mexico,127792286,Baja California,3634868,NA,NA,NA,NA,304,31,0,9368,1962,0
2020-07-03,Mexico,127792286,Baja California,3634868,NA,NA,NA,NA,215,26,0,9793,2033,0
2020-07-05,Mexico,127792286,Baja California,3634868,NA,NA,NA,NA,74,9,0,10012,2064,0
2020-07-07,Mexico,127792286,Baja California,3634868,NA,NA,NA,NA,260,64,0,10313,2138,0
2020-07-09,Mexico,127792286,Baja California,3634868,NA,NA,NA,NA,144,17,0,10611,2206,0
2020-07-11,Mexico,127792286,Baja California,3634868,NA,NA,NA,NA,129,26,0,10971,2250,0
2020-07-13,Mexico,127792286,Baja California,3634868,NA,NA,NA,NA,21,23,0,11105,2276,0
2020-07-15,Mexico,127792286,Baja California,3634868,NA,NA,NA,NA,235,40,0,11468,2336,0
2020-07-17,Mexico,127792286,Baja California,3634868,NA,NA,NA,NA,398,61,0,11994,2413,0
2020-07-19,Mexico,127792286,Baja California,3634868,NA,NA,NA,NA,0,0,0,11836,2344,0
2020-07-21,Mexico,127792286,Baja California,3634868,NA,NA,NA,NA,102,27,0,12057,2388,0
2020-07-23,Mexico,127792286,Baja California,3634868,NA,NA,NA,NA,265,28,0,12423,2445,0
2020-07-25,Mexico,127792286,Baja California,3634868,NA,NA,NA,NA,166,25,0,12709,2494,0
2020-07-27,Mexico,127792286,Baja California,3634868,NA,NA,NA,NA,123,22,0,12946,2537,0
2020-07-29,Mexico,127792286,Baja California,3634868,NA,NA,NA,NA,74,8,0,13113,2572,0
2020-07-31,Mexico,127792286,Baja California,3634868,NA,NA,NA,NA,86,23,0,13281,2604,0
2020-08-02,Mexico,127792286,Baja California,3634868,NA,NA,NA,NA,123,7,0,13606,2643,0
2020-08-04,Mexico,127792286,Baja California,3634868,NA,NA,NA,NA,32,13,0,13713,2668,0
2020-08-06,Mexico,127792286,Baja California,3634868,NA,NA,NA,NA,216,17,0,14016,2712,0
2020-08-08,Mexico,127792286,Baja California,3634868,NA,NA,NA,NA,249,30,0,14357,2765,0
2020-08-10,Mexico,127792286,Baja California,3634868,NA,NA,NA,NA,76,20,0,14461,2794,0
2020-08-12,Mexico,127792286,Baja California,3634868,NA,NA,NA,NA,196,20,0,14759,2833,0
2020-08-14,Mexico,127792286,Baja California,3634868,NA,NA,NA,NA,123,18,0,14991,2862,0
2020-02-25,Mexico,127792286,Baja California Sur,804708,NA,NA,NA,NA,NA,NA,NA,0,0,0
2020-02-27,Mexico,127792286,Baja California Sur,804708,NA,NA,NA,NA,0,0,0,0,0,0
2020-02-29,Mexico,127792286,Baja California Sur,804708,NA,NA,NA,NA,0,0,0,0,0,0
2020-03-02,Mexico,127792286,Baja California Sur,804708,NA,NA,NA,NA,0,0,0,0,0,0
2020-03-04,Mexico,127792286,Baja California Sur,804708,NA,NA,NA,NA,0,0,0,0,0,0
2020-03-06,Mexico,127792286,Baja California Sur,804708,NA,NA,NA,NA,0,0,0,0,0,0
2020-03-08,Mexico,127792286,Baja California Sur,804708,NA,NA,NA,NA,0,0,0,0,0,0
2020-03-10,Mexico,127792286,Baja California Sur,804708,NA,NA,NA,NA,0,0,0,0,0,0
2020-03-12,Mexico,127792286,Baja California Sur,804708,NA,NA,NA,NA,0,0,0,0,0,0
2020-03-14,Mexico,127792286,Baja California Sur,804708,NA,NA,NA,NA,0,0,0,0,0,0
2020-03-16,Mexico,127792286,Baja California Sur,804708,NA,NA,NA,NA,0,0,0,0,0,0
2020-03-18,Mexico,127792286,Baja California Sur,804708,NA,NA,NA,NA,0,0,0,0,0,0
2020-03-20,Mexico,127792286,Baja California Sur,804708,NA,NA,NA,NA,0,0,0,0,0,0
2020-03-22,Mexico,127792286,Baja California Sur,804708,NA,NA,NA,NA,0,0,0,1,0,0
2020-03-24,Mexico,127792286,Baja California Sur,804708,NA,NA,NA,NA,0,0,0,2,0,0
2020-03-26,Mexico,127792286,Baja California Sur,804708,NA,NA,NA,NA,2,0,0,7,0,0
2020-03-28,Mexico,127792286,Baja California Sur,804708,NA,NA,NA,NA,0,0,0,9,0,0
2020-03-30,Mexico,127792286,Baja California Sur,804708,NA,NA,NA,NA,2,0,0,13,0,0
2020-04-01,Mexico,127792286,Baja California Sur,804708,NA,NA,NA,NA,1,2,0,18,2,0
2020-04-03,Mexico,127792286,Baja California Sur,804708,NA,NA,NA,NA,2,0,0,21,2,0
2020-04-05,Mexico,127792286,Baja California Sur,804708,NA,NA,NA,NA,1,0,0,28,2,0
2020-04-07,Mexico,127792286,Baja California Sur,804708,NA,NA,NA,NA,2,0,0,56,2,0
2020-04-09,Mexico,127792286,Baja California Sur,804708,NA,NA,NA,NA,0,0,0,68,2,0
2020-04-11,Mexico,127792286,Baja California Sur,804708,NA,NA,NA,NA,17,0,0,102,2,0
2020-04-13,Mexico,127792286,Baja California Sur,804708,NA,NA,NA,NA,33,1,0,153,3,0
2020-04-15,Mexico,127792286,Baja California Sur,804708,NA,NA,NA,NA,1,1,0,165,6,0
2020-04-17,Mexico,127792286,Baja California Sur,804708,NA,NA,NA,NA,3,0,0,169,6,0
2020-04-19,Mexico,127792286,Baja California Sur,804708,NA,NA,NA,NA,20,1,0,193,7,0
2020-04-21,Mexico,127792286,Baja California Sur,804708,NA,NA,NA,NA,23,2,0,228,9,0
2020-04-23,Mexico,127792286,Baja California Sur,804708,NA,NA,NA,NA,1,1,0,241,11,0
2020-04-25,Mexico,127792286,Baja California Sur,804708,NA,NA,NA,NA,19,1,0,266,12,0
2020-04-27,Mexico,127792286,Baja California Sur,804708,NA,NA,NA,NA,1,1,0,286,13,0
2020-04-29,Mexico,127792286,Baja California Sur,804708,NA,NA,NA,NA,9,2,0,302,16,0
2020-05-01,Mexico,127792286,Baja California Sur,804708,NA,NA,NA,NA,14,2,0,323,18,0
2020-05-03,Mexico,127792286,Baja California Sur,804708,NA,NA,NA,NA,8,0,0,339,18,0
2020-05-05,Mexico,127792286,Baja California Sur,804708,NA,NA,NA,NA,7,0,0,351,18,0
2020-05-07,Mexico,127792286,Baja California Sur,804708,NA,NA,NA,NA,9,2,0,367,20,0
2020-05-09,Mexico,127792286,Baja California Sur,804708,NA,NA,NA,NA,5,0,0,377,22,0
2020-05-11,Mexico,127792286,Baja California Sur,804708,NA,NA,NA,NA,11,0,0,396,22,0
2020-05-13,Mexico,127792286,Baja California Sur,804708,NA,NA,NA,NA,8,0,0,407,24,0
2020-05-15,Mexico,127792286,Baja California Sur,804708,NA,NA,NA,NA,19,1,0,436,26,0
2020-05-17,Mexico,127792286,Baja California Sur,804708,NA,NA,NA,NA,14,0,0,455,26,0
2020-05-19,Mexico,127792286,Baja California Sur,804708,NA,NA,NA,NA,7,1,0,465,27,0
2020-05-21,Mexico,127792286,Baja California Sur,804708,NA,NA,NA,NA,17,1,0,488,29,0
2020-05-23,Mexico,127792286,Baja California Sur,804708,NA,NA,NA,NA,16,0,0,506,31,0
2020-05-25,Mexico,127792286,Baja California Sur,804708,NA,NA,NA,NA,9,1,0,526,32,0
2020-05-27,Mexico,127792286,Baja California Sur,804708,NA,NA,NA,NA,8,0,0,542,32,0
2020-05-29,Mexico,127792286,Baja California Sur,804708,NA,NA,NA,NA,26,1,0,578,34,0
2020-05-31,Mexico,127792286,Baja California Sur,804708,NA,NA,NA,NA,24,0,0,614,35,0
2020-06-02,Mexico,127792286,Baja California Sur,804708,NA,NA,NA,NA,17,0,0,643,35,0
2020-06-04,Mexico,127792286,Baja California Sur,804708,NA,NA,NA,NA,16,3,0,695,38,0
2020-06-06,Mexico,127792286,Baja California Sur,804708,NA,NA,NA,NA,19,2,0,735,43,0
2020-06-08,Mexico,127792286,Baja California Sur,804708,NA,NA,NA,NA,21,2,0,767,45,0
2020-06-10,Mexico,127792286,Baja California Sur,804708,NA,NA,NA,NA,58,0,0,851,47,0
2020-06-12,Mexico,127792286,Baja California Sur,804708,NA,NA,NA,NA,5,0,0,905,48,0
2020-06-14,Mexico,127792286,Baja California Sur,804708,NA,NA,NA,NA,31,1,0,974,50,0
2020-06-16,Mexico,127792286,Baja California Sur,804708,NA,NA,NA,NA,38,5,0,1022,56,0
2020-06-18,Mexico,127792286,Baja California Sur,804708,NA,NA,NA,NA,67,2,0,1104,63,0
2020-06-20,Mexico,127792286,Baja California Sur,804708,NA,NA,NA,NA,61,0,0,1171,64,0
2020-06-22,Mexico,127792286,Baja California Sur,804708,NA,NA,NA,NA,33,0,0,1238,65,0
2020-06-24,Mexico,127792286,Baja California Sur,804708,NA,NA,NA,NA,12,2,0,1271,69,0
2020-06-26,Mexico,127792286,Baja California Sur,804708,NA,NA,NA,NA,61,0,0,1369,69,0
2020-06-28,Mexico,127792286,Baja California Sur,804708,NA,NA,NA,NA,48,0,0,1422,70,0
2020-06-30,Mexico,127792286,Baja California Sur,804708,NA,NA,NA,NA,42,1,0,1514,71,0
2020-07-02,Mexico,127792286,Baja California Sur,804708,NA,NA,NA,NA,52,2,0,1615,79,0
2020-07-04,Mexico,127792286,Baja California Sur,804708,NA,NA,NA,NA,65,3,0,1729,86,0
2020-07-06,Mexico,127792286,Baja California Sur,804708,NA,NA,NA,NA,27,1,0,1796,88,0
2020-07-08,Mexico,127792286,Baja California Sur,804708,NA,NA,NA,NA,40,0,0,1921,93,0
2020-07-10,Mexico,127792286,Baja California Sur,804708,NA,NA,NA,NA,68,2,0,2161,97,0
2020-07-12,Mexico,127792286,Baja California Sur,804708,NA,NA,NA,NA,91,2,0,2400,101,0
2020-07-14,Mexico,127792286,Baja California Sur,804708,NA,NA,NA,NA,50,4,0,2542,107,0
2020-07-16,Mexico,127792286,Baja California Sur,804708,NA,NA,NA,NA,106,2,0,2693,110,0
2020-07-18,Mexico,127792286,Baja California Sur,804708,NA,NA,NA,NA,145,1,0,3004,117,0
2020-07-20,Mexico,127792286,Baja California Sur,804708,NA,NA,NA,NA,110,0,0,3202,117,0
2020-07-22,Mexico,127792286,Baja California Sur,804708,NA,NA,NA,NA,112,2,0,3328,123,0
2020-07-24,Mexico,127792286,Baja California Sur,804708,NA,NA,NA,NA,105,12,0,3573,136,0
2020-07-26,Mexico,127792286,Baja California Sur,804708,NA,NA,NA,NA,131,1,0,3754,147,0
2020-07-28,Mexico,127792286,Baja California Sur,804708,NA,NA,NA,NA,72,7,0,3966,154,0
2020-07-30,Mexico,127792286,Baja California Sur,804708,NA,NA,NA,NA,186,12,0,4223,169,0
2020-08-01,Mexico,127792286,Baja California Sur,804708,NA,NA,NA,NA,193,7,0,4484,181,0
2020-08-03,Mexico,127792286,Baja California Sur,804708,NA,NA,NA,NA,108,0,0,4656,181,0
2020-08-05,Mexico,127792286,Baja California Sur,804708,NA,NA,NA,NA,121,8,0,4853,200,0
2020-08-07,Mexico,127792286,Baja California Sur,804708,NA,NA,NA,NA,88,7,0,5130,208,0
2020-08-09,Mexico,127792286,Baja California Sur,804708,NA,NA,NA,NA,157,1,0,5451,214,0
2020-08-11,Mexico,127792286,Baja California Sur,804708,NA,NA,NA,NA,52,9,0,5676,224,0
2020-08-13,Mexico,127792286,Baja California Sur,804708,NA,NA,NA,NA,154,13,0,5938,241,0
2020-08-15,Mexico,127792286,Baja California Sur,804708,NA,NA,NA,NA,160,21,0,6192,263,0
2020-02-26,Mexico,127792286,Campeche,1000617,NA,NA,NA,NA,NA,NA,NA,0,0,0
2020-02-28,Mexico,127792286,Campeche,1000617,NA,NA,NA,NA,0,0,0,0,0,0
2020-03-01,Mexico,127792286,Campeche,1000617,NA,NA,NA,NA,0,0,0,0,0,0
2020-03-03,Mexico,127792286,Campeche,1000617,NA,NA,NA,NA,0,0,0,0,0,0
2020-03-05,Mexico,127792286,Campeche,1000617,NA,NA,NA,NA,0,0,0,0,0,0
2020-03-07,Mexico,127792286,Campeche,1000617,NA,NA,NA,NA,0,0,0,0,0,0
2020-03-09,Mexico,127792286,Campeche,1000617,NA,NA,NA,NA,0,0,0,0,0,0
2020-03-11,Mexico,127792286,Campeche,1000617,NA,NA,NA,NA,0,0,0,0,0,0
2020-03-13,Mexico,127792286,Campeche,1000617,NA,NA,NA,NA,0,0,0,0,0,0
2020-03-15,Mexico,127792286,Campeche,1000617,NA,NA,NA,NA,0,0,0,0,0,0
2020-03-17,Mexico,127792286,Campeche,1000617,NA,NA,NA,NA,0,0,0,0,0,0
2020-03-19,Mexico,127792286,Campeche,1000617,NA,NA,NA,NA,0,0,0,0,0,0
2020-03-21,Mexico,127792286,Campeche,1000617,NA,NA,NA,NA,0,0,0,0,0,0
2020-03-23,Mexico,127792286,Campeche,1000617,NA,NA,NA,NA,1,0,0,2,0,0
2020-03-25,Mexico,127792286,Campeche,1000617,NA,NA,NA,NA,0,0,0,2,0,0
2020-03-27,Mexico,127792286,Campeche,1000617,NA,NA,NA,NA,0,0,0,2,0,0
2020-03-29,Mexico,127792286,Campeche,1000617,NA,NA,NA,NA,0,0,0,3,0,0
2020-03-31,Mexico,127792286,Campeche,1000617,NA,NA,NA,NA,2,0,0,5,0,0
2020-04-02,Mexico,127792286,Campeche,1000617,NA,NA,NA,NA,0,0,0,5,0,0
2020-04-04,Mexico,127792286,Campeche,1000617,NA,NA,NA,NA,2,0,0,8,0,0
2020-04-06,Mexico,127792286,Campeche,1000617,NA,NA,NA,NA,1,0,0,9,0,0
2020-04-08,Mexico,127792286,Campeche,1000617,NA,NA,NA,NA,0,0,0,14,1,0
2020-04-10,Mexico,127792286,Campeche,1000617,NA,NA,NA,NA,1,0,0,15,1,0
2020-04-12,Mexico,127792286,Campeche,1000617,NA,NA,NA,NA,1,0,0,19,1,0
2020-04-14,Mexico,127792286,Campeche,1000617,NA,NA,NA,NA,4,0,0,33,2,0
2020-04-16,Mexico,127792286,Campeche,1000617,NA,NA,NA,NA,2,1,0,45,3,0
2020-04-18,Mexico,127792286,Campeche,1000617,NA,NA,NA,NA,9,0,0,56,3,0
2020-04-20,Mexico,127792286,Campeche,1000617,NA,NA,NA,NA,6,0,0,63,4,0
2020-04-22,Mexico,127792286,Campeche,1000617,NA,NA,NA,NA,3,1,0,70,5,0
2020-04-24,Mexico,127792286,Campeche,1000617,NA,NA,NA,NA,13,4,0,83,10,0
2020-04-26,Mexico,127792286,Campeche,1000617,NA,NA,NA,NA,7,3,0,94,14,0
2020-04-28,Mexico,127792286,Campeche,1000617,NA,NA,NA,NA,11,3,0,114,18,0
2020-04-30,Mexico,127792286,Campeche,1000617,NA,NA,NA,NA,8,0,0,129,19,0
2020-05-02,Mexico,127792286,Campeche,1000617,NA,NA,NA,NA,10,3,0,150,22,0
2020-05-04,Mexico,127792286,Campeche,1000617,NA,NA,NA,NA,8,1,0,169,23,0
2020-05-06,Mexico,127792286,Campeche,1000617,NA,NA,NA,NA,30,1,0,202,25,0
2020-05-08,Mexico,127792286,Campeche,1000617,NA,NA,NA,NA,11,1,0,230,27,0
2020-05-10,Mexico,127792286,Campeche,1000617,NA,NA,NA,NA,12,2,0,262,29,0
2020-05-12,Mexico,127792286,Campeche,1000617,NA,NA,NA,NA,0,0,0,281,31,0
2020-05-14,Mexico,127792286,Campeche,1000617,NA,NA,NA,NA,30,1,0,331,33,0
2020-05-16,Mexico,127792286,Campeche,1000617,NA,NA,NA,NA,8,1,0,374,36,0
2020-05-18,Mexico,127792286,Campeche,1000617,NA,NA,NA,NA,8,1,0,393,39,0
2020-05-20,Mexico,127792286,Campeche,1000617,NA,NA,NA,NA,10,3,0,417,48,0
2020-05-22,Mexico,127792286,Campeche,1000617,NA,NA,NA,NA,26,0,0,469,50,0
2020-05-24,Mexico,127792286,Campeche,1000617,NA,NA,NA,NA,26,0,0,526,54,0
2020-05-26,Mexico,127792286,Campeche,1000617,NA,NA,NA,NA,9,9,0,549,66,0
2020-05-28,Mexico,127792286,Campeche,1000617,NA,NA,NA,NA,38,6,0,621,76,0
2020-05-30,Mexico,127792286,Campeche,1000617,NA,NA,NA,NA,29,2,0,664,83,0
2020-06-01,Mexico,127792286,Campeche,1000617,NA,NA,NA,NA,25,1,0,709,91,0
2020-06-03,Mexico,127792286,Campeche,1000617,NA,NA,NA,NA,23,2,0,735,94,0
2020-06-05,Mexico,127792286,Campeche,1000617,NA,NA,NA,NA,8,0,0,787,103,0
2020-06-07,Mexico,127792286,Campeche,1000617,NA,NA,NA,NA,30,0,0,856,105,0
2020-06-09,Mexico,127792286,Campeche,1000617,NA,NA,NA,NA,21,5,0,912,111,0
2020-06-11,Mexico,127792286,Campeche,1000617,NA,NA,NA,NA,61,6,0,1008,122,0
2020-06-13,Mexico,127792286,Campeche,1000617,NA,NA,NA,NA,40,6,0,1071,133,0
2020-06-15,Mexico,127792286,Campeche,1000617,NA,NA,NA,NA,35,2,0,1144,137,0
2020-06-17,Mexico,127792286,Campeche,1000617,NA,NA,NA,NA,40,2,0,1209,142,0
2020-06-19,Mexico,127792286,Campeche,1000617,NA,NA,NA,NA,53,5,0,1321,155,0
2020-06-21,Mexico,127792286,Campeche,1000617,NA,NA,NA,NA,72,0,0,1440,157,0
2020-06-23,Mexico,127792286,Campeche,1000617,NA,NA,NA,NA,51,4,0,1551,166,0
2020-06-25,Mexico,127792286,Campeche,1000617,NA,NA,NA,NA,76,6,0,1694,175,0
2020-06-27,Mexico,127792286,Campeche,1000617,NA,NA,NA,NA,74,7,0,1838,188,0
2020-06-29,Mexico,127792286,Campeche,1000617,NA,NA,NA,NA,52,3,0,1984,196,0
2020-07-01,Mexico,127792286,Campeche,1000617,NA,NA,NA,NA,83,11,0,2122,216,0
2020-07-03,Mexico,127792286,Campeche,1000617,NA,NA,NA,NA,79,11,0,2292,234,0
2020-07-05,Mexico,127792286,Campeche,1000617,NA,NA,NA,NA,118,11,0,2500,250,0
2020-07-07,Mexico,127792286,Campeche,1000617,NA,NA,NA,NA,71,9,0,2644,263,0
2020-07-09,Mexico,127792286,Campeche,1000617,NA,NA,NA,NA,90,1,0,2817,271,0
2020-07-11,Mexico,127792286,Campeche,1000617,NA,NA,NA,NA,86,6,0,2972,282,0
2020-07-13,Mexico,127792286,Campeche,1000617,NA,NA,NA,NA,31,7,0,3088,296,0
2020-07-15,Mexico,127792286,Campeche,1000617,NA,NA,NA,NA,81,10,0,3305,320,0
2020-07-17,Mexico,127792286,Campeche,1000617,NA,NA,NA,NA,64,10,0,3447,339,0
2020-07-19,Mexico,127792286,Campeche,1000617,NA,NA,NA,NA,95,5,0,3676,357,0
2020-07-21,Mexico,127792286,Campeche,1000617,NA,NA,NA,NA,39,16,0,3787,386,0
2020-07-23,Mexico,127792286,Campeche,1000617,NA,NA,NA,NA,65,10,0,3962,406,0
2020-07-25,Mexico,127792286,Campeche,1000617,NA,NA,NA,NA,120,10,0,4278,429,0
2020-07-27,Mexico,127792286,Campeche,1000617,NA,NA,NA,NA,11,6,0,4376,442,0
2020-07-29,Mexico,127792286,Campeche,1000617,NA,NA,NA,NA,112,6,0,4495,463,0
2020-07-31,Mexico,127792286,Campeche,1000617,NA,NA,NA,NA,32,13,0,4598,482,0
2020-08-02,Mexico,127792286,Campeche,1000617,NA,NA,NA,NA,52,11,0,4756,523,0
2020-08-04,Mexico,127792286,Campeche,1000617,NA,NA,NA,NA,28,11,0,4821,534,0
2020-08-06,Mexico,127792286,Campeche,1000617,NA,NA,NA,NA,84,28,0,4960,569,0
2020-08-08,Mexico,127792286,Campeche,1000617,NA,NA,NA,NA,48,17,0,5061,600,0
2020-08-10,Mexico,127792286,Campeche,1000617,NA,NA,NA,NA,14,13,0,5126,616,0
2020-08-12,Mexico,127792286,Campeche,1000617,NA,NA,NA,NA,59,9,0,5197,646,0
2020-08-14,Mexico,127792286,Campeche,1000617,NA,NA,NA,NA,37,8,0,5255,663,0
2020-02-25,Mexico,127792286,Chiapas,5730367,NA,NA,NA,NA,NA,NA,NA,0,0,0
2020-02-27,Mexico,127792286,Chiapas,5730367,NA,NA,NA,NA,0,0,0,0,0,0
2020-02-29,Mexico,127792286,Chiapas,5730367,NA,NA,NA,NA,0,0,0,0,0,0
2020-03-02,Mexico,127792286,Chiapas,5730367,NA,NA,NA,NA,0,0,0,1,0,0
2020-03-04,Mexico,127792286,Chiapas,5730367,NA,NA,NA,NA,0,0,0,1,0,0
2020-03-06,Mexico,127792286,Chiapas,5730367,NA,NA,NA,NA,0,0,0,1,0,0
2020-03-08,Mexico,127792286,Chiapas,5730367,NA,NA,NA,NA,0,0,0,1,0,0
2020-03-10,Mexico,127792286,Chiapas,5730367,NA,NA,NA,NA,0,0,0,1,0,0
2020-03-12,Mexico,127792286,Chiapas,5730367,NA,NA,NA,NA,0,0,0,1,0,0
2020-03-14,Mexico,127792286,Chiapas,5730367,NA,NA,NA,NA,0,0,0,1,0,0
2020-03-16,Mexico,127792286,Chiapas,5730367,NA,NA,NA,NA,0,0,0,1,0,0
2020-03-18,Mexico,127792286,Chiapas,5730367,NA,NA,NA,NA,0,0,0,1,0,0
2020-03-20,Mexico,127792286,Chiapas,5730367,NA,NA,NA,NA,0,0,0,2,0,0
2020-03-22,Mexico,127792286,Chiapas,5730367,NA,NA,NA,NA,0,0,0,2,0,0
2020-03-24,Mexico,127792286,Chiapas,5730367,NA,NA,NA,NA,0,0,0,2,0,0
2020-03-26,Mexico,127792286,Chiapas,5730367,NA,NA,NA,NA,0,0,0,4,0,0
2020-03-28,Mexico,127792286,Chiapas,5730367,NA,NA,NA,NA,0,0,0,6,0,0
2020-03-30,Mexico,127792286,Chiapas,5730367,NA,NA,NA,NA,1,0,0,11,0,0
2020-04-01,Mexico,127792286,Chiapas,5730367,NA,NA,NA,NA,1,0,0,14,0,0
2020-04-03,Mexico,127792286,Chiapas,5730367,NA,NA,NA,NA,3,0,0,18,0,0
2020-04-05,Mexico,127792286,Chiapas,5730367,NA,NA,NA,NA,6,0,0,25,0,0
2020-04-07,Mexico,127792286,Chiapas,5730367,NA,NA,NA,NA,2,0,0,28,0,0
2020-04-09,Mexico,127792286,Chiapas,5730367,NA,NA,NA,NA,2,0,0,34,0,0
2020-04-11,Mexico,127792286,Chiapas,5730367,NA,NA,NA,NA,1,0,0,39,1,0
2020-04-13,Mexico,127792286,Chiapas,5730367,NA,NA,NA,NA,0,0,0,43,3,0
2020-04-15,Mexico,127792286,Chiapas,5730367,NA,NA,NA,NA,3,0,0,48,3,0
2020-04-17,Mexico,127792286,Chiapas,5730367,NA,NA,NA,NA,4,0,0,58,3,0
2020-04-19,Mexico,127792286,Chiapas,5730367,NA,NA,NA,NA,5,0,0,67,3,0
2020-04-21,Mexico,127792286,Chiapas,5730367,NA,NA,NA,NA,7,1,0,75,4,0
2020-04-23,Mexico,127792286,Chiapas,5730367,NA,NA,NA,NA,12,1,0,95,5,0
2020-04-25,Mexico,127792286,Chiapas,5730367,NA,NA,NA,NA,14,0,0,114,6,0
2020-04-27,Mexico,127792286,Chiapas,5730367,NA,NA,NA,NA,10,0,0,128,6,0
2020-04-29,Mexico,127792286,Chiapas,5730367,NA,NA,NA,NA,24,1,0,161,7,0
2020-05-01,Mexico,127792286,Chiapas,5730367,NA,NA,NA,NA,14,0,0,187,7,0
2020-05-03,Mexico,127792286,Chiapas,5730367,NA,NA,NA,NA,12,0,0,222,9,0
2020-05-05,Mexico,127792286,Chiapas,5730367,NA,NA,NA,NA,10,1,0,237,12,0
2020-05-07,Mexico,127792286,Chiapas,5730367,NA,NA,NA,NA,25,0,0,284,12,0
2020-05-09,Mexico,127792286,Chiapas,5730367,NA,NA,NA,NA,35,2,0,355,19,0
2020-05-11,Mexico,127792286,Chiapas,5730367,NA,NA,NA,NA,24,1,0,406,20,0
2020-05-13,Mexico,127792286,Chiapas,5730367,NA,NA,NA,NA,17,6,0,436,31,0
2020-05-15,Mexico,127792286,Chiapas,5730367,NA,NA,NA,NA,32,4,0,520,39,0
2020-05-17,Mexico,127792286,Chiapas,5730367,NA,NA,NA,NA,48,0,0,637,44,0
2020-05-19,Mexico,127792286,Chiapas,5730367,NA,NA,NA,NA,45,1,0,714,45,0
2020-05-21,Mexico,127792286,Chiapas,5730367,NA,NA,NA,NA,81,11,0,865,64,0
2020-05-23,Mexico,127792286,Chiapas,5730367,NA,NA,NA,NA,79,1,0,1021,68,0
2020-05-25,Mexico,127792286,Chiapas,5730367,NA,NA,NA,NA,59,3,0,1192,72,0
2020-05-27,Mexico,127792286,Chiapas,5730367,NA,NA,NA,NA,108,17,0,1362,101,0
2020-05-29,Mexico,127792286,Chiapas,5730367,NA,NA,NA,NA,96,11,0,1523,125,0
2020-05-31,Mexico,127792286,Chiapas,5730367,NA,NA,NA,NA,155,4,0,1821,135,0
2020-06-02,Mexico,127792286,Chiapas,5730367,NA,NA,NA,NA,78,10,0,1957,146,0
2020-06-04,Mexico,127792286,Chiapas,5730367,NA,NA,NA,NA,114,8,0,2096,170,0
2020-06-06,Mexico,127792286,Chiapas,5730367,NA,NA,NA,NA,203,16,0,2422,192,0
2020-06-08,Mexico,127792286,Chiapas,5730367,NA,NA,NA,NA,0,10,0,2544,208,0
2020-06-10,Mexico,127792286,Chiapas,5730367,NA,NA,NA,NA,88,22,0,2798,243,0
2020-06-12,Mexico,127792286,Chiapas,5730367,NA,NA,NA,NA,141,10,0,3031,264,0
2020-06-14,Mexico,127792286,Chiapas,5730367,NA,NA,NA,NA,94,2,0,3165,291,0
2020-06-16,Mexico,127792286,Chiapas,5730367,NA,NA,NA,NA,89,7,0,3316,307,0
2020-06-18,Mexico,127792286,Chiapas,5730367,NA,NA,NA,NA,96,8,0,3454,329,0
2020-06-20,Mexico,127792286,Chiapas,5730367,NA,NA,NA,NA,51,7,0,3570,364,0
2020-06-22,Mexico,127792286,Chiapas,5730367,NA,NA,NA,NA,70,15,0,3746,389,0
2020-06-24,Mexico,127792286,Chiapas,5730367,NA,NA,NA,NA,106,19,0,3924,420,0
2020-06-26,Mexico,127792286,Chiapas,5730367,NA,NA,NA,NA,76,29,0,4110,464,0
2020-06-28,Mexico,127792286,Chiapas,5730367,NA,NA,NA,NA,62,13,0,4216,503,0
2020-06-30,Mexico,127792286,Chiapas,5730367,NA,NA,NA,NA,105,24,0,4365,543,0
2020-07-02,Mexico,127792286,Chiapas,5730367,NA,NA,NA,NA,32,27,0,4519,584,0
2020-07-04,Mexico,127792286,Chiapas,5730367,NA,NA,NA,NA,110,12,0,4655,611,0
2020-07-06,Mexico,127792286,Chiapas,5730367,NA,NA,NA,NA,74,8,0,4811,636,0
2020-07-08,Mexico,127792286,Chiapas,5730367,NA,NA,NA,NA,25,26,0,4895,685,0
2020-07-10,Mexico,127792286,Chiapas,5730367,NA,NA,NA,NA,32,7,0,4954,704,0
2020-07-12,Mexico,127792286,Chiapas,5730367,NA,NA,NA,NA,34,13,0,5019,742,0
2020-07-14,Mexico,127792286,Chiapas,5730367,NA,NA,NA,NA,27,18,0,5071,780,0
2020-07-16,Mexico,127792286,Chiapas,5730367,NA,NA,NA,NA,22,6,0,5130,792,0
2020-07-18,Mexico,127792286,Chiapas,5730367,NA,NA,NA,NA,20,7,0,5190,813,0
2020-07-20,Mexico,127792286,Chiapas,5730367,NA,NA,NA,NA,33,7,0,5252,824,0
2020-07-22,Mexico,127792286,Chiapas,5730367,NA,NA,NA,NA,29,8,0,5304,842,0
2020-07-24,Mexico,127792286,Chiapas,5730367,NA,NA,NA,NA,38,8,0,5368,859,0
2020-07-26,Mexico,127792286,Chiapas,5730367,NA,NA,NA,NA,30,0,0,5420,867,0
2020-07-28,Mexico,127792286,Chiapas,5730367,NA,NA,NA,NA,20,15,0,5466,887,0
2020-07-30,Mexico,127792286,Chiapas,5730367,NA,NA,NA,NA,8,3,0,5489,893,0
2020-08-01,Mexico,127792286,Chiapas,5730367,NA,NA,NA,NA,25,14,0,5538,912,0
2020-08-03,Mexico,127792286,Chiapas,5730367,NA,NA,NA,NA,20,3,0,5580,922,0
2020-08-05,Mexico,127792286,Chiapas,5730367,NA,NA,NA,NA,17,5,0,5622,933,0
2020-08-07,Mexico,127792286,Chiapas,5730367,NA,NA,NA,NA,38,4,0,5678,942,0
2020-08-09,Mexico,127792286,Chiapas,5730367,NA,NA,NA,NA,11,1,0,5713,946,0
2020-08-11,Mexico,127792286,Chiapas,5730367,NA,NA,NA,NA,0,6,0,5717,959,0
2020-08-13,Mexico,127792286,Chiapas,5730367,NA,NA,NA,NA,21,4,0,5759,966,0
2020-08-15,Mexico,127792286,Chiapas,5730367,NA,NA,NA,NA,31,5,0,5802,977,0
2020-02-26,Mexico,127792286,Chihuahua,3801487,NA,NA,NA,NA,NA,NA,NA,0,0,0
2020-02-28,Mexico,127792286,Chihuahua,3801487,NA,NA,NA,NA,0,0,0,0,0,0
2020-03-01,Mexico,127792286,Chihuahua,3801487,NA,NA,NA,NA,0,0,0,0,0,0
2020-03-03,Mexico,127792286,Chihuahua,3801487,NA,NA,NA,NA,0,0,0,0,0,0
2020-03-05,Mexico,127792286,Chihuahua,3801487,NA,NA,NA,NA,0,0,0,0,0,0
2020-03-07,Mexico,127792286,Chihuahua,3801487,NA,NA,NA,NA,0,0,0,0,0,0
2020-03-09,Mexico,127792286,Chihuahua,3801487,NA,NA,NA,NA,0,0,0,0,0,0
2020-03-11,Mexico,127792286,Chihuahua,3801487,NA,NA,NA,NA,0,0,0,0,0,0
2020-03-13,Mexico,127792286,Chihuahua,3801487,NA,NA,NA,NA,0,0,0,0,0,0
2020-03-15,Mexico,127792286,Chihuahua,3801487,NA,NA,NA,NA,0,0,0,0,0,0
2020-03-17,Mexico,127792286,Chihuahua,3801487,NA,NA,NA,NA,1,0,0,1,0,0
2020-03-19,Mexico,127792286,Chihuahua,3801487,NA,NA,NA,NA,0,0,0,1,0,0
2020-03-21,Mexico,127792286,Chihuahua,3801487,NA,NA,NA,NA,0,0,0,2,0,0
2020-03-23,Mexico,127792286,Chihuahua,3801487,NA,NA,NA,NA,0,0,0,5,0,0
2020-03-25,Mexico,127792286,Chihuahua,3801487,NA,NA,NA,NA,0,0,0,6,0,0
2020-03-27,Mexico,127792286,Chihuahua,3801487,NA,NA,NA,NA,0,0,0,6,0,0
2020-03-29,Mexico,127792286,Chihuahua,3801487,NA,NA,NA,NA,0,0,0,6,0,0
2020-03-31,Mexico,127792286,Chihuahua,3801487,NA,NA,NA,NA,1,0,0,7,0,0
2020-04-02,Mexico,127792286,Chihuahua,3801487,NA,NA,NA,NA,0,0,0,11,0,0
2020-04-04,Mexico,127792286,Chihuahua,3801487,NA,NA,NA,NA,1,0,0,13,0,0
2020-04-06,Mexico,127792286,Chihuahua,3801487,NA,NA,NA,NA,7,0,0,22,0,0
2020-04-08,Mexico,127792286,Chihuahua,3801487,NA,NA,NA,NA,7,0,0,29,0,0
2020-04-10,Mexico,127792286,Chihuahua,3801487,NA,NA,NA,NA,12,11,0,54,12,0
2020-04-12,Mexico,127792286,Chihuahua,3801487,NA,NA,NA,NA,7,0,0,61,12,0
2020-04-14,Mexico,127792286,Chihuahua,3801487,NA,NA,NA,NA,2,3,0,69,16,0
2020-04-16,Mexico,127792286,Chihuahua,3801487,NA,NA,NA,NA,25,3,0,108,23,0
2020-04-18,Mexico,127792286,Chihuahua,3801487,NA,NA,NA,NA,16,5,0,131,31,0
2020-04-20,Mexico,127792286,Chihuahua,3801487,NA,NA,NA,NA,4,0,0,152,32,0
2020-04-22,Mexico,127792286,Chihuahua,3801487,NA,NA,NA,NA,21,3,0,176,39,0
2020-04-24,Mexico,127792286,Chihuahua,3801487,NA,NA,NA,NA,19,4,0,213,46,0
2020-04-26,Mexico,127792286,Chihuahua,3801487,NA,NA,NA,NA,18,1,0,259,58,0
2020-04-28,Mexico,127792286,Chihuahua,3801487,NA,NA,NA,NA,43,9,0,315,68,0
2020-04-30,Mexico,127792286,Chihuahua,3801487,NA,NA,NA,NA,26,6,0,352,76,0
2020-05-02,Mexico,127792286,Chihuahua,3801487,NA,NA,NA,NA,52,6,0,453,89,0
2020-05-04,Mexico,127792286,Chihuahua,3801487,NA,NA,NA,NA,20,1,0,533,93,0
2020-05-06,Mexico,127792286,Chihuahua,3801487,NA,NA,NA,NA,19,6,0,600,117,0
2020-05-08,Mexico,127792286,Chihuahua,3801487,NA,NA,NA,NA,15,9,0,632,126,0
2020-05-10,Mexico,127792286,Chihuahua,3801487,NA,NA,NA,NA,16,0,0,673,135,0
2020-05-12,Mexico,127792286,Chihuahua,3801487,NA,NA,NA,NA,38,5,0,730,146,0
2020-05-14,Mexico,127792286,Chihuahua,3801487,NA,NA,NA,NA,31,10,0,798,161,0
2020-05-16,Mexico,127792286,Chihuahua,3801487,NA,NA,NA,NA,25,9,0,898,192,0
2020-05-18,Mexico,127792286,Chihuahua,3801487,NA,NA,NA,NA,1,1,0,918,193,0
2020-05-20,Mexico,127792286,Chihuahua,3801487,NA,NA,NA,NA,54,6,0,1013,208,0
2020-05-22,Mexico,127792286,Chihuahua,3801487,NA,NA,NA,NA,28,21,0,1123,245,0
2020-05-24,Mexico,127792286,Chihuahua,3801487,NA,NA,NA,NA,16,3,0,1188,249,0
2020-05-26,Mexico,127792286,Chihuahua,3801487,NA,NA,NA,NA,86,17,0,1280,272,0
2020-05-28,Mexico,127792286,Chihuahua,3801487,NA,NA,NA,NA,44,7,0,1402,293,0
2020-05-30,Mexico,127792286,Chihuahua,3801487,NA,NA,NA,NA,63,9,0,1568,314,0
2020-06-01,Mexico,127792286,Chihuahua,3801487,NA,NA,NA,NA,11,10,0,1627,328,0
2020-06-03,Mexico,127792286,Chihuahua,3801487,NA,NA,NA,NA,33,18,0,1730,358,0
2020-06-05,Mexico,127792286,Chihuahua,3801487,NA,NA,NA,NA,35,4,0,1804,376,0
2020-06-07,Mexico,127792286,Chihuahua,3801487,NA,NA,NA,NA,81,2,0,1907,385,0
2020-06-09,Mexico,127792286,Chihuahua,3801487,NA,NA,NA,NA,46,17,0,1962,403,0
2020-06-11,Mexico,127792286,Chihuahua,3801487,NA,NA,NA,NA,30,14,0,2101,430,0
2020-06-13,Mexico,127792286,Chihuahua,3801487,NA,NA,NA,NA,73,6,0,2221,455,0
2020-06-15,Mexico,127792286,Chihuahua,3801487,NA,NA,NA,NA,9,8,0,2279,466,0
2020-06-17,Mexico,127792286,Chihuahua,3801487,NA,NA,NA,NA,58,11,0,2401,503,0
2020-06-19,Mexico,127792286,Chihuahua,3801487,NA,NA,NA,NA,36,11,0,2479,537,0
2020-06-21,Mexico,127792286,Chihuahua,3801487,NA,NA,NA,NA,81,4,0,2619,557,0
2020-06-23,Mexico,127792286,Chihuahua,3801487,NA,NA,NA,NA,27,14,0,2662,577,0
2020-06-25,Mexico,127792286,Chihuahua,3801487,NA,NA,NA,NA,112,19,0,2839,610,0
2020-06-27,Mexico,127792286,Chihuahua,3801487,NA,NA,NA,NA,36,10,0,2947,626,0
2020-06-29,Mexico,127792286,Chihuahua,3801487,NA,NA,NA,NA,52,8,0,3009,635,0
2020-07-01,Mexico,127792286,Chihuahua,3801487,NA,NA,NA,NA,51,8,0,3115,648,0
2020-07-03,Mexico,127792286,Chihuahua,3801487,NA,NA,NA,NA,54,6,0,3268,659,0
2020-07-05,Mexico,127792286,Chihuahua,3801487,NA,NA,NA,NA,37,1,0,3387,672,0
2020-07-07,Mexico,127792286,Chihuahua,3801487,NA,NA,NA,NA,58,14,0,3485,688,0
2020-07-09,Mexico,127792286,Chihuahua,3801487,NA,NA,NA,NA,100,8,0,3653,705,0
2020-07-11,Mexico,127792286,Chihuahua,3801487,NA,NA,NA,NA,52,14,0,3784,725,0
2020-07-13,Mexico,127792286,Chihuahua,3801487,NA,NA,NA,NA,35,3,0,3835,728,0
2020-07-15,Mexico,127792286,Chihuahua,3801487,NA,NA,NA,NA,115,25,0,4089,774,0
2020-07-17,Mexico,127792286,Chihuahua,3801487,NA,NA,NA,NA,86,4,0,4265,785,0
2020-07-19,Mexico,127792286,Chihuahua,3801487,NA,NA,NA,NA,27,4,0,4355,803,0
2020-07-21,Mexico,127792286,Chihuahua,3801487,NA,NA,NA,NA,90,3,0,4473,808,0
2020-07-23,Mexico,127792286,Chihuahua,3801487,NA,NA,NA,NA,96,6,0,4631,822,0
2020-07-25,Mexico,127792286,Chihuahua,3801487,NA,NA,NA,NA,110,11,0,4823,850,0
2020-07-27,Mexico,127792286,Chihuahua,3801487,NA,NA,NA,NA,0,2,0,4850,852,0
2020-07-29,Mexico,127792286,Chihuahua,3801487,NA,NA,NA,NA,42,7,0,5052,872,0
2020-07-31,Mexico,127792286,Chihuahua,3801487,NA,NA,NA,NA,99,8,0,5226,888,0
2020-08-02,Mexico,127792286,Chihuahua,3801487,NA,NA,NA,NA,26,0,0,5333,897,0
2020-08-04,Mexico,127792286,Chihuahua,3801487,NA,NA,NA,NA,110,14,0,5456,913,0
2020-08-06,Mexico,127792286,Chihuahua,3801487,NA,NA,NA,NA,38,10,0,5612,941,0
2020-08-08,Mexico,127792286,Chihuahua,3801487,NA,NA,NA,NA,177,11,0,5876,963,0
2020-08-10,Mexico,127792286,Chihuahua,3801487,NA,NA,NA,NA,91,4,0,6087,968,0
2020-08-12,Mexico,127792286,Chihuahua,3801487,NA,NA,NA,NA,130,8,0,6264,994,0
2020-08-14,Mexico,127792286,Chihuahua,3801487,NA,NA,NA,NA,67,8,0,6396,1010,0
2020-02-25,Mexico,127792286,Ciudad de Mexico,9018645,NA,NA,NA,NA,NA,NA,NA,0,0,0
2020-02-27,Mexico,127792286,Ciudad de Mexico,9018645,NA,NA,NA,NA,0,0,0,0,0,0
2020-02-29,Mexico,127792286,Ciudad de Mexico,9018645,NA,NA,NA,NA,0,0,0,2,0,0
2020-03-02,Mexico,127792286,Ciudad de Mexico,9018645,NA,NA,NA,NA,0,0,0,2,0,0
2020-03-04,Mexico,127792286,Ciudad de Mexico,9018645,NA,NA,NA,NA,0,0,0,2,0,0
2020-03-06,Mexico,127792286,Ciudad de Mexico,9018645,NA,NA,NA,NA,0,0,0,2,0,0
2020-03-08,Mexico,127792286,Ciudad de Mexico,9018645,NA,NA,NA,NA,0,0,0,3,0,0
2020-03-10,Mexico,127792286,Ciudad de Mexico,9018645,NA,NA,NA,NA,0,0,0,3,0,0
2020-03-12,Mexico,127792286,Ciudad de Mexico,9018645,NA,NA,NA,NA,0,0,0,5,0,0
2020-03-14,Mexico,127792286,Ciudad de Mexico,9018645,NA,NA,NA,NA,6,0,0,17,0,0
2020-03-16,Mexico,127792286,Ciudad de Mexico,9018645,NA,NA,NA,NA,3,0,0,21,0,0
2020-03-18,Mexico,127792286,Ciudad de Mexico,9018645,NA,NA,NA,NA,3,0,0,24,0,0
2020-03-20,Mexico,127792286,Ciudad de Mexico,9018645,NA,NA,NA,NA,0,0,0,31,1,0
2020-03-22,Mexico,127792286,Ciudad de Mexico,9018645,NA,NA,NA,NA,11,0,0,56,1,0
2020-03-24,Mexico,127792286,Ciudad de Mexico,9018645,NA,NA,NA,NA,6,1,0,66,3,0
2020-03-26,Mexico,127792286,Ciudad de Mexico,9018645,NA,NA,NA,NA,1,0,0,83,3,0
2020-03-28,Mexico,127792286,Ciudad de Mexico,9018645,NA,NA,NA,NA,70,2,0,177,7,0
2020-03-30,Mexico,127792286,Ciudad de Mexico,9018645,NA,NA,NA,NA,9,1,0,205,8,0
2020-04-01,Mexico,127792286,Ciudad de Mexico,9018645,NA,NA,NA,NA,62,0,0,296,8,0
2020-04-03,Mexico,127792286,Ciudad de Mexico,9018645,NA,NA,NA,NA,57,2,0,384,15,0
2020-04-05,Mexico,127792286,Ciudad de Mexico,9018645,NA,NA,NA,NA,91,2,0,560,19,0
2020-04-07,Mexico,127792286,Ciudad de Mexico,9018645,NA,NA,NA,NA,114,3,0,723,32,0
2020-04-09,Mexico,127792286,Ciudad de Mexico,9018645,NA,NA,NA,NA,54,4,0,909,43,0
2020-04-11,Mexico,127792286,Ciudad de Mexico,9018645,NA,NA,NA,NA,77,3,0,1117,49,0
2020-04-13,Mexico,127792286,Ciudad de Mexico,9018645,NA,NA,NA,NA,109,8,0,1437,64,0
2020-04-15,Mexico,127792286,Ciudad de Mexico,9018645,NA,NA,NA,NA,130,7,0,1686,99,0
2020-04-17,Mexico,127792286,Ciudad de Mexico,9018645,NA,NA,NA,NA,252,26,0,2080,136,0
2020-04-19,Mexico,127792286,Ciudad de Mexico,9018645,NA,NA,NA,NA,292,5,0,2591,183,0
2020-04-21,Mexico,127792286,Ciudad de Mexico,9018645,NA,NA,NA,NA,147,36,0,2857,224,0
2020-04-23,Mexico,127792286,Ciudad de Mexico,9018645,NA,NA,NA,NA,398,17,0,3685,268,0
2020-04-25,Mexico,127792286,Ciudad de Mexico,9018645,NA,NA,NA,NA,313,10,0,4431,307,0
2020-04-27,Mexico,127792286,Ciudad de Mexico,9018645,NA,NA,NA,NA,227,19,0,4887,328,0
2020-04-29,Mexico,127792286,Ciudad de Mexico,9018645,NA,NA,NA,NA,365,41,0,5626,389,0
2020-05-01,Mexico,127792286,Ciudad de Mexico,9018645,NA,NA,NA,NA,378,9,0,6491,418,0
2020-05-03,Mexico,127792286,Ciudad de Mexico,9018645,NA,NA,NA,NA,451,21,0,7486,472,0
2020-05-05,Mexico,127792286,Ciudad de Mexico,9018645,NA,NA,NA,NA,242,44,0,8158,543,0
2020-05-07,Mexico,127792286,Ciudad de Mexico,9018645,NA,NA,NA,NA,719,92,0,9533,696,0
2020-05-09,Mexico,127792286,Ciudad de Mexico,9018645,NA,NA,NA,NA,635,45,0,10911,774,0
2020-05-11,Mexico,127792286,Ciudad de Mexico,9018645,NA,NA,NA,NA,306,23,0,11905,819,0
2020-05-13,Mexico,127792286,Ciudad de Mexico,9018645,NA,NA,NA,NA,523,120,0,13095,1057,0
2020-05-15,Mexico,127792286,Ciudad de Mexico,9018645,NA,NA,NA,NA,940,74,0,14878,1197,0
2020-05-17,Mexico,127792286,Ciudad de Mexico,9018645,NA,NA,NA,NA,689,46,0,16298,1332,0
2020-05-19,Mexico,127792286,Ciudad de Mexico,9018645,NA,NA,NA,NA,894,71,0,18279,1452,0
2020-05-21,Mexico,127792286,Ciudad de Mexico,9018645,NA,NA,NA,NA,1083,136,0,20076,1754,0
2020-05-23,Mexico,127792286,Ciudad de Mexico,9018645,NA,NA,NA,NA,1493,45,0,22675,1899,0
2020-05-25,Mexico,127792286,Ciudad de Mexico,9018645,NA,NA,NA,NA,668,61,0,24286,2024,0
2020-05-27,Mexico,127792286,Ciudad de Mexico,9018645,NA,NA,NA,NA,966,147,0,26137,2313,0
2020-05-29,Mexico,127792286,Ciudad de Mexico,9018645,NA,NA,NA,NA,1078,109,0,28397,2536,0
2020-05-31,Mexico,127792286,Ciudad de Mexico,9018645,NA,NA,NA,NA,898,37,0,30103,2658,0
2020-06-02,Mexico,127792286,Ciudad de Mexico,9018645,NA,NA,NA,NA,863,137,0,31850,2850,0
2020-06-04,Mexico,127792286,Ciudad de Mexico,9018645,NA,NA,NA,NA,1337,242,0,34243,3456,0
2020-06-06,Mexico,127792286,Ciudad de Mexico,9018645,NA,NA,NA,NA,849,65,0,36534,3696,0
2020-06-08,Mexico,127792286,Ciudad de Mexico,9018645,NA,NA,NA,NA,782,75,0,38060,3804,0
2020-06-10,Mexico,127792286,Ciudad de Mexico,9018645,NA,NA,NA,NA,1124,165,0,40117,4106,0
2020-06-12,Mexico,127792286,Ciudad de Mexico,9018645,NA,NA,NA,NA,1485,135,0,42746,4401,0
2020-06-14,Mexico,127792286,Ciudad de Mexico,9018645,NA,NA,NA,NA,1124,50,0,44683,4553,0
2020-06-16,Mexico,127792286,Ciudad de Mexico,9018645,NA,NA,NA,NA,739,157,0,46178,4821,0
2020-06-18,Mexico,127792286,Ciudad de Mexico,9018645,NA,NA,NA,NA,1516,142,0,48614,5184,0
2020-06-20,Mexico,127792286,Ciudad de Mexico,9018645,NA,NA,NA,NA,1030,64,0,50881,5378,0
2020-06-22,Mexico,127792286,Ciudad de Mexico,9018645,NA,NA,NA,NA,479,64,0,52175,5515,0
2020-06-24,Mexico,127792286,Ciudad de Mexico,9018645,NA,NA,NA,NA,782,282,0,53757,5938,0
2020-06-26,Mexico,127792286,Ciudad de Mexico,9018645,NA,NA,NA,NA,1055,129,0,55909,6245,0
2020-06-28,Mexico,127792286,Ciudad de Mexico,9018645,NA,NA,NA,NA,528,36,0,57280,6360,0
2020-06-30,Mexico,127792286,Ciudad de Mexico,9018645,NA,NA,NA,NA,644,104,0,58394,6560,0
2020-07-02,Mexico,127792286,Ciudad de Mexico,9018645,NA,NA,NA,NA,1202,108,0,60225,6750,0
2020-07-04,Mexico,127792286,Ciudad de Mexico,9018645,NA,NA,NA,NA,1280,73,0,62886,6921,0
2020-07-06,Mexico,127792286,Ciudad de Mexico,9018645,NA,NA,NA,NA,562,90,0,64092,7053,0
2020-07-08,Mexico,127792286,Ciudad de Mexico,9018645,NA,NA,NA,NA,1379,112,0,66339,7303,0
2020-07-10,Mexico,127792286,Ciudad de Mexico,9018645,NA,NA,NA,NA,1538,129,0,68948,7579,0
2020-07-12,Mexico,127792286,Ciudad de Mexico,9018645,NA,NA,NA,NA,453,32,0,70344,7657,0
2020-07-14,Mexico,127792286,Ciudad de Mexico,9018645,NA,NA,NA,NA,941,95,0,71775,7817,0
2020-07-16,Mexico,127792286,Ciudad de Mexico,9018645,NA,NA,NA,NA,976,98,0,73752,8008,0
2020-07-18,Mexico,127792286,Ciudad de Mexico,9018645,NA,NA,NA,NA,907,59,0,75828,8160,0
2020-07-20,Mexico,127792286,Ciudad de Mexico,9018645,NA,NA,NA,NA,832,48,0,77503,8253,0
2020-07-22,Mexico,127792286,Ciudad de Mexico,9018645,NA,NA,NA,NA,935,86,0,79625,8440,0
2020-07-24,Mexico,127792286,Ciudad de Mexico,9018645,NA,NA,NA,NA,1399,72,0,82581,8601,0
2020-07-26,Mexico,127792286,Ciudad de Mexico,9018645,NA,NA,NA,NA,766,46,0,84090,8693,0
2020-07-28,Mexico,127792286,Ciudad de Mexico,9018645,NA,NA,NA,NA,1466,58,0,86022,8789,0
2020-07-30,Mexico,127792286,Ciudad de Mexico,9018645,NA,NA,NA,NA,1215,42,0,88004,8870,0
2020-08-01,Mexico,127792286,Ciudad de Mexico,9018645,NA,NA,NA,NA,1013,49,0,90334,8969,0
2020-08-03,Mexico,127792286,Ciudad de Mexico,9018645,NA,NA,NA,NA,570,39,0,91535,9032,0
2020-08-05,Mexico,127792286,Ciudad de Mexico,9018645,NA,NA,NA,NA,911,67,0,93369,9181,0
2020-08-07,Mexico,127792286,Ciudad de Mexico,9018645,NA,NA,NA,NA,1247,63,0,95612,9309,0
2020-08-09,Mexico,127792286,Ciudad de Mexico,9018645,NA,NA,NA,NA,530,42,0,97308,9407,0
2020-08-11,Mexico,127792286,Ciudad de Mexico,9018645,NA,NA,NA,NA,842,67,0,98758,9539,0
2020-08-13,Mexico,127792286,Ciudad de Mexico,9018645,NA,NA,NA,NA,1384,70,0,101140,9668,0
2020-08-15,Mexico,127792286,Ciudad de Mexico,9018645,NA,NA,NA,NA,1335,47,0,103533,9773,0
2020-02-26,Mexico,127792286,Coahuila,3218720,NA,NA,NA,NA,NA,NA,NA,0,0,0
2020-02-28,Mexico,127792286,Coahuila,3218720,NA,NA,NA,NA,0,0,0,0,0,0
2020-03-01,Mexico,127792286,Coahuila,3218720,NA,NA,NA,NA,0,0,0,1,0,0
2020-03-03,Mexico,127792286,Coahuila,3218720,NA,NA,NA,NA,0,0,0,1,0,0
2020-03-05,Mexico,127792286,Coahuila,3218720,NA,NA,NA,NA,0,0,0,1,0,0
2020-03-07,Mexico,127792286,Coahuila,3218720,NA,NA,NA,NA,0,0,0,1,0,0
2020-03-09,Mexico,127792286,Coahuila,3218720,NA,NA,NA,NA,0,0,0,1,0,0
2020-03-11,Mexico,127792286,Coahuila,3218720,NA,NA,NA,NA,0,0,0,1,0,0
2020-03-13,Mexico,127792286,Coahuila,3218720,NA,NA,NA,NA,0,0,0,1,0,0
2020-03-15,Mexico,127792286,Coahuila,3218720,NA,NA,NA,NA,0,0,1,1,0,1
2020-03-17,Mexico,127792286,Coahuila,3218720,NA,NA,NA,NA,0,0,0,1,0,1
2020-03-19,Mexico,127792286,Coahuila,3218720,NA,NA,NA,NA,0,0,0,1,0,1
2020-03-21,Mexico,127792286,Coahuila,3218720,NA,NA,NA,NA,2,0,0,3,0,1
2020-03-23,Mexico,127792286,Coahuila,3218720,NA,NA,NA,NA,2,0,0,12,0,1
2020-03-25,Mexico,127792286,Coahuila,3218720,NA,NA,NA,NA,0,0,0,12,0,1
2020-03-27,Mexico,127792286,Coahuila,3218720,NA,NA,NA,NA,1,0,0,14,0,1
2020-03-29,Mexico,127792286,Coahuila,3218720,NA,NA,NA,NA,17,1,0,32,1,1
2020-03-31,Mexico,127792286,Coahuila,3218720,NA,NA,NA,NA,5,0,0,44,1,1
2020-04-02,Mexico,127792286,Coahuila,3218720,NA,NA,NA,NA,5,0,0,62,2,1
2020-04-04,Mexico,127792286,Coahuila,3218720,NA,NA,NA,NA,2,1,0,72,4,1
2020-04-06,Mexico,127792286,Coahuila,3218720,NA,NA,NA,NA,20,1,0,102,5,1
2020-04-08,Mexico,127792286,Coahuila,3218720,NA,NA,NA,NA,13,2,0,122,7,1
2020-04-10,Mexico,127792286,Coahuila,3218720,NA,NA,NA,NA,14,0,0,143,7,1
2020-04-12,Mexico,127792286,Coahuila,3218720,NA,NA,NA,NA,1,0,0,157,11,1
2020-04-14,Mexico,127792286,Coahuila,3218720,NA,NA,NA,NA,18,0,0,194,12,1
2020-04-16,Mexico,127792286,Coahuila,3218720,NA,NA,NA,NA,19,3,0,214,15,1
2020-04-18,Mexico,127792286,Coahuila,3218720,NA,NA,NA,NA,15,3,0,232,18,1
2020-04-20,Mexico,127792286,Coahuila,3218720,NA,NA,NA,NA,17,0,0,254,18,1
2020-04-22,Mexico,127792286,Coahuila,3218720,NA,NA,NA,NA,13,4,0,279,27,1
2020-04-24,Mexico,127792286,Coahuila,3218720,NA,NA,NA,NA,22,3,0,312,32,1
2020-04-26,Mexico,127792286,Coahuila,3218720,NA,NA,NA,NA,8,0,0,344,33,1
2020-04-28,Mexico,127792286,Coahuila,3218720,NA,NA,NA,NA,10,4,0,364,38,1
2020-04-30,Mexico,127792286,Coahuila,3218720,NA,NA,NA,NA,38,1,0,403,41,1
2020-05-02,Mexico,127792286,Coahuila,3218720,NA,NA,NA,NA,20,0,0,437,41,1
2020-05-04,Mexico,127792286,Coahuila,3218720,NA,NA,NA,NA,23,4,0,473,46,1
2020-05-06,Mexico,127792286,Coahuila,3218720,NA,NA,NA,NA,3,0,0,489,48,1
2020-05-08,Mexico,127792286,Coahuila,3218720,NA,NA,NA,NA,36,1,0,537,51,1
2020-05-10,Mexico,127792286,Coahuila,3218720,NA,NA,NA,NA,10,1,0,563,53,1
2020-05-12,Mexico,127792286,Coahuila,3218720,NA,NA,NA,NA,12,0,0,586,53,1
2020-05-14,Mexico,127792286,Coahuila,3218720,NA,NA,NA,NA,9,1,0,627,54,1
2020-05-16,Mexico,127792286,Coahuila,3218720,NA,NA,NA,NA,26,1,0,671,55,1
2020-05-18,Mexico,127792286,Coahuila,3218720,NA,NA,NA,NA,2,1,0,685,58,1
2020-05-20,Mexico,127792286,Coahuila,3218720,NA,NA,NA,NA,46,0,0,756,59,1
2020-05-22,Mexico,127792286,Coahuila,3218720,NA,NA,NA,NA,40,2,0,819,64,1
2020-05-24,Mexico,127792286,Coahuila,3218720,NA,NA,NA,NA,8,1,0,829,65,1
2020-05-26,Mexico,127792286,Coahuila,3218720,NA,NA,NA,NA,41,0,0,922,67,1
2020-05-28,Mexico,127792286,Coahuila,3218720,NA,NA,NA,NA,14,1,0,984,73,1
2020-05-30,Mexico,127792286,Coahuila,3218720,NA,NA,NA,NA,69,2,0,1090,77,1
2020-06-01,Mexico,127792286,Coahuila,3218720,NA,NA,NA,NA,3,0,0,1093,81,1
2020-06-03,Mexico,127792286,Coahuila,3218720,NA,NA,NA,NA,82,7,0,1260,88,1
2020-06-05,Mexico,127792286,Coahuila,3218720,NA,NA,NA,NA,44,3,0,1357,91,1
2020-06-07,Mexico,127792286,Coahuila,3218720,NA,NA,NA,NA,92,3,0,1524,95,1
2020-06-09,Mexico,127792286,Coahuila,3218720,NA,NA,NA,NA,49,4,0,1622,104,1
2020-06-11,Mexico,127792286,Coahuila,3218720,NA,NA,NA,NA,195,10,0,1866,115,1
2020-06-13,Mexico,127792286,Coahuila,3218720,NA,NA,NA,NA,24,7,0,1921,130,1
2020-06-15,Mexico,127792286,Coahuila,3218720,NA,NA,NA,NA,85,3,0,2064,135,1
2020-06-17,Mexico,127792286,Coahuila,3218720,NA,NA,NA,NA,74,4,0,2374,141,1
2020-06-19,Mexico,127792286,Coahuila,3218720,NA,NA,NA,NA,124,7,0,2623,152,1
2020-06-21,Mexico,127792286,Coahuila,3218720,NA,NA,NA,NA,122,2,0,2868,157,1
2020-06-23,Mexico,127792286,Coahuila,3218720,NA,NA,NA,NA,217,5,0,3130,168,1
2020-06-25,Mexico,127792286,Coahuila,3218720,NA,NA,NA,NA,243,13,0,3479,190,1
2020-06-27,Mexico,127792286,Coahuila,3218720,NA,NA,NA,NA,105,4,0,3791,201,1
2020-06-29,Mexico,127792286,Coahuila,3218720,NA,NA,NA,NA,283,4,0,4288,214,1
2020-07-01,Mexico,127792286,Coahuila,3218720,NA,NA,NA,NA,349,4,0,4958,233,1
2020-07-03,Mexico,127792286,Coahuila,3218720,NA,NA,NA,NA,147,3,0,5439,243,1
2020-07-05,Mexico,127792286,Coahuila,3218720,NA,NA,NA,NA,266,11,0,5852,268,1
2020-07-07,Mexico,127792286,Coahuila,3218720,NA,NA,NA,NA,252,28,0,6334,300,1
2020-07-09,Mexico,127792286,Coahuila,3218720,NA,NA,NA,NA,175,11,0,6752,329,1
2020-07-11,Mexico,127792286,Coahuila,3218720,NA,NA,NA,NA,167,15,0,7102,354,1
2020-07-13,Mexico,127792286,Coahuila,3218720,NA,NA,NA,NA,234,16,0,7433,376,1
2020-07-15,Mexico,127792286,Coahuila,3218720,NA,NA,NA,NA,357,18,0,8094,401,1
2020-07-17,Mexico,127792286,Coahuila,3218720,NA,NA,NA,NA,262,27,0,8535,439,1
2020-07-19,Mexico,127792286,Coahuila,3218720,NA,NA,NA,NA,160,5,0,9110,459,1
2020-07-21,Mexico,127792286,Coahuila,3218720,NA,NA,NA,NA,611,24,0,10032,491,1
2020-07-23,Mexico,127792286,Coahuila,3218720,NA,NA,NA,NA,200,13,0,10510,530,1
2020-07-25,Mexico,127792286,Coahuila,3218720,NA,NA,NA,NA,266,16,0,11062,564,1
2020-07-27,Mexico,127792286,Coahuila,3218720,NA,NA,NA,NA,160,9,0,11584,582,1
2020-07-29,Mexico,127792286,Coahuila,3218720,NA,NA,NA,NA,248,1,0,12187,595,1
2020-07-31,Mexico,127792286,Coahuila,3218720,NA,NA,NA,NA,430,20,0,12845,623,1
2020-08-02,Mexico,127792286,Coahuila,3218720,NA,NA,NA,NA,261,18,0,13464,667,1
2020-08-04,Mexico,127792286,Coahuila,3218720,NA,NA,NA,NA,167,18,0,13827,695,1
2020-08-06,Mexico,127792286,Coahuila,3218720,NA,NA,NA,NA,517,46,0,14778,783,1
2020-08-08,Mexico,127792286,Coahuila,3218720,NA,NA,NA,NA,347,39,0,15350,859,1
2020-08-10,Mexico,127792286,Coahuila,3218720,NA,NA,NA,NA,271,43,0,15851,916,1
2020-08-12,Mexico,127792286,Coahuila,3218720,NA,NA,NA,NA,289,41,0,16672,1000,1
2020-08-14,Mexico,127792286,Coahuila,3218720,NA,NA,NA,NA,332,28,0,17281,1066,1
2020-02-25,Mexico,127792286,Colima,785153,NA,NA,NA,NA,NA,NA,NA,0,0,0
2020-02-27,Mexico,127792286,Colima,785153,NA,NA,NA,NA,0,0,0,0,0,0
2020-02-29,Mexico,127792286,Colima,785153,NA,NA,NA,NA,0,0,0,0,0,0
2020-03-02,Mexico,127792286,Colima,785153,NA,NA,NA,NA,0,0,0,0,0,0
2020-03-04,Mexico,127792286,Colima,785153,NA,NA,NA,NA,0,0,0,0,0,0
2020-03-06,Mexico,127792286,Colima,785153,NA,NA,NA,NA,0,0,0,0,0,0
2020-03-08,Mexico,127792286,Colima,785153,NA,NA,NA,NA,0,0,0,0,0,0
2020-03-10,Mexico,127792286,Colima,785153,NA,NA,NA,NA,0,0,0,0,0,0
2020-03-12,Mexico,127792286,Colima,785153,NA,NA,NA,NA,0,0,0,0,0,0
2020-03-14,Mexico,127792286,Colima,785153,NA,NA,NA,NA,0,0,0,0,0,0
2020-03-16,Mexico,127792286,Colima,785153,NA,NA,NA,NA,0,0,0,0,0,0
2020-03-18,Mexico,127792286,Colima,785153,NA,NA,NA,NA,1,0,0,1,0,0
2020-03-20,Mexico,127792286,Colima,785153,NA,NA,NA,NA,0,0,0,1,0,0
2020-03-22,Mexico,127792286,Colima,785153,NA,NA,NA,NA,0,0,0,2,0,0
2020-03-24,Mexico,127792286,Colima,785153,NA,NA,NA,NA,0,0,0,2,0,0
2020-03-26,Mexico,127792286,Colima,785153,NA,NA,NA,NA,0,0,0,2,0,0
2020-03-28,Mexico,127792286,Colima,785153,NA,NA,NA,NA,0,0,0,2,0,0
2020-03-30,Mexico,127792286,Colima,785153,NA,NA,NA,NA,0,0,0,2,0,0
2020-04-01,Mexico,127792286,Colima,785153,NA,NA,NA,NA,1,0,0,3,0,0
2020-04-03,Mexico,127792286,Colima,785153,NA,NA,NA,NA,1,0,0,4,0,0
2020-04-05,Mexico,127792286,Colima,785153,NA,NA,NA,NA,0,0,0,4,0,0
2020-04-07,Mexico,127792286,Colima,785153,NA,NA,NA,NA,1,0,0,5,0,0
2020-04-09,Mexico,127792286,Colima,785153,NA,NA,NA,NA,0,0,0,7,0,0
2020-04-11,Mexico,127792286,Colima,785153,NA,NA,NA,NA,0,0,0,7,0,0
2020-04-13,Mexico,127792286,Colima,785153,NA,NA,NA,NA,0,0,0,7,0,0
2020-04-15,Mexico,127792286,Colima,785153,NA,NA,NA,NA,0,0,0,7,0,0
2020-04-17,Mexico,127792286,Colima,785153,NA,NA,NA,NA,2,2,0,9,2,0
2020-04-19,Mexico,127792286,Colima,785153,NA,NA,NA,NA,1,0,0,11,2,0
2020-04-21,Mexico,127792286,Colima,785153,NA,NA,NA,NA,3,0,0,14,2,0
2020-04-23,Mexico,127792286,Colima,785153,NA,NA,NA,NA,1,0,0,15,2,0
2020-04-25,Mexico,127792286,Colima,785153,NA,NA,NA,NA,1,0,0,16,2,0
2020-04-27,Mexico,127792286,Colima,785153,NA,NA,NA,NA,5,0,0,23,2,0
2020-04-29,Mexico,127792286,Colima,785153,NA,NA,NA,NA,0,1,0,25,3,0
2020-05-01,Mexico,127792286,Colima,785153,NA,NA,NA,NA,1,0,0,27,3,0
2020-05-03,Mexico,127792286,Colima,785153,NA,NA,NA,NA,0,1,0,28,4,0
2020-05-05,Mexico,127792286,Colima,785153,NA,NA,NA,NA,1,1,0,29,5,0
2020-05-07,Mexico,127792286,Colima,785153,NA,NA,NA,NA,4,0,0,33,6,0
2020-05-09,Mexico,127792286,Colima,785153,NA,NA,NA,NA,0,0,0,36,6,0
2020-05-11,Mexico,127792286,Colima,785153,NA,NA,NA,NA,1,0,0,40,6,0
2020-05-13,Mexico,127792286,Colima,785153,NA,NA,NA,NA,0,0,0,41,7,0
2020-05-15,Mexico,127792286,Colima,785153,NA,NA,NA,NA,4,0,0,54,7,0
2020-05-17,Mexico,127792286,Colima,785153,NA,NA,NA,NA,8,0,0,67,8,0
2020-05-19,Mexico,127792286,Colima,785153,NA,NA,NA,NA,2,1,0,74,10,0
2020-05-21,Mexico,127792286,Colima,785153,NA,NA,NA,NA,8,2,0,86,12,0
2020-05-23,Mexico,127792286,Colima,785153,NA,NA,NA,NA,3,0,0,95,14,0
2020-05-25,Mexico,127792286,Colima,785153,NA,NA,NA,NA,3,4,0,111,18,0
2020-05-27,Mexico,127792286,Colima,785153,NA,NA,NA,NA,11,2,0,125,21,0
2020-05-29,Mexico,127792286,Colima,785153,NA,NA,NA,NA,1,0,0,133,21,0
2020-05-31,Mexico,127792286,Colima,785153,NA,NA,NA,NA,9,0,0,146,21,0
2020-06-02,Mexico,127792286,Colima,785153,NA,NA,NA,NA,5,5,0,154,26,0
2020-06-04,Mexico,127792286,Colima,785153,NA,NA,NA,NA,11,2,0,178,29,0
2020-06-06,Mexico,127792286,Colima,785153,NA,NA,NA,NA,9,1,0,202,30,0
2020-06-08,Mexico,127792286,Colima,785153,NA,NA,NA,NA,3,1,0,214,32,0
2020-06-10,Mexico,127792286,Colima,785153,NA,NA,NA,NA,16,1,0,238,34,0
2020-06-12,Mexico,127792286,Colima,785153,NA,NA,NA,NA,12,0,0,262,36,0
2020-06-14,Mexico,127792286,Colima,785153,NA,NA,NA,NA,17,0,0,291,39,0
2020-06-16,Mexico,127792286,Colima,785153,NA,NA,NA,NA,10,1,0,309,41,0
2020-06-18,Mexico,127792286,Colima,785153,NA,NA,NA,NA,16,0,0,342,42,0
2020-06-20,Mexico,127792286,Colima,785153,NA,NA,NA,NA,11,0,0,367,43,0
2020-06-22,Mexico,127792286,Colima,785153,NA,NA,NA,NA,17,3,0,406,47,0
2020-06-24,Mexico,127792286,Colima,785153,NA,NA,NA,NA,11,5,0,445,57,0
2020-06-26,Mexico,127792286,Colima,785153,NA,NA,NA,NA,26,4,0,492,62,0
2020-06-28,Mexico,127792286,Colima,785153,NA,NA,NA,NA,29,2,0,540,65,0
2020-06-30,Mexico,127792286,Colima,785153,NA,NA,NA,NA,10,2,0,563,71,0
2020-07-02,Mexico,127792286,Colima,785153,NA,NA,NA,NA,28,5,0,619,78,0
2020-07-04,Mexico,127792286,Colima,785153,NA,NA,NA,NA,22,3,0,681,85,0
2020-07-06,Mexico,127792286,Colima,785153,NA,NA,NA,NA,23,3,0,732,89,0
2020-07-08,Mexico,127792286,Colima,785153,NA,NA,NA,NA,31,2,0,774,94,0
2020-07-10,Mexico,127792286,Colima,785153,NA,NA,NA,NA,47,2,0,840,96,0
2020-07-12,Mexico,127792286,Colima,785153,NA,NA,NA,NA,41,7,0,917,106,0
2020-07-14,Mexico,127792286,Colima,785153,NA,NA,NA,NA,9,4,0,957,115,0
2020-07-16,Mexico,127792286,Colima,785153,NA,NA,NA,NA,71,11,0,1071,129,0
2020-07-18,Mexico,127792286,Colima,785153,NA,NA,NA,NA,68,6,0,1192,139,0
2020-07-20,Mexico,127792286,Colima,785153,NA,NA,NA,NA,24,0,0,1256,144,0
2020-07-22,Mexico,127792286,Colima,785153,NA,NA,NA,NA,39,7,0,1314,152,0
2020-07-24,Mexico,127792286,Colima,785153,NA,NA,NA,NA,117,9,0,1460,170,0
2020-07-26,Mexico,127792286,Colima,785153,NA,NA,NA,NA,47,6,0,1607,181,0
2020-07-28,Mexico,127792286,Colima,785153,NA,NA,NA,NA,45,11,0,1686,194,0
2020-07-30,Mexico,127792286,Colima,785153,NA,NA,NA,NA,68,5,0,1788,200,0
2020-08-01,Mexico,127792286,Colima,785153,NA,NA,NA,NA,79,6,0,1924,212,0
2020-08-03,Mexico,127792286,Colima,785153,NA,NA,NA,NA,64,8,0,2044,228,0
2020-08-05,Mexico,127792286,Colima,785153,NA,NA,NA,NA,60,1,0,2115,241,0
2020-08-07,Mexico,127792286,Colima,785153,NA,NA,NA,NA,70,10,0,2232,261,0
2020-08-09,Mexico,127792286,Colima,785153,NA,NA,NA,NA,38,7,0,2337,272,0
2020-08-11,Mexico,127792286,Colima,785153,NA,NA,NA,NA,29,13,0,2484,292,0
2020-08-13,Mexico,127792286,Colima,785153,NA,NA,NA,NA,51,6,0,2592,305,0
2020-08-15,Mexico,127792286,Colima,785153,NA,NA,NA,NA,81,6,0,2728,314,0
2020-02-26,Mexico,127792286,Durango,1868996,NA,NA,NA,NA,NA,NA,NA,0,0,0
2020-02-28,Mexico,127792286,Durango,1868996,NA,NA,NA,NA,0,0,0,0,0,0
2020-03-01,Mexico,127792286,Durango,1868996,NA,NA,NA,NA,0,0,0,0,0,0
2020-03-03,Mexico,127792286,Durango,1868996,NA,NA,NA,NA,0,0,0,0,0,0
2020-03-05,Mexico,127792286,Durango,1868996,NA,NA,NA,NA,0,0,0,0,0,0
2020-03-07,Mexico,127792286,Durango,1868996,NA,NA,NA,NA,0,0,0,0,0,0
2020-03-09,Mexico,127792286,Durango,1868996,NA,NA,NA,NA,0,0,0,0,0,0
2020-03-11,Mexico,127792286,Durango,1868996,NA,NA,NA,NA,0,0,0,0,0,0
2020-03-13,Mexico,127792286,Durango,1868996,NA,NA,NA,NA,0,0,0,1,0,0
2020-03-15,Mexico,127792286,Durango,1868996,NA,NA,NA,NA,0,0,0,1,0,0
2020-03-17,Mexico,127792286,Durango,1868996,NA,NA,NA,NA,0,0,0,3,0,0
2020-03-19,Mexico,127792286,Durango,1868996,NA,NA,NA,NA,0,0,0,3,0,0
2020-03-21,Mexico,127792286,Durango,1868996,NA,NA,NA,NA,1,0,0,5,1,0
2020-03-23,Mexico,127792286,Durango,1868996,NA,NA,NA,NA,0,0,0,5,1,0
2020-03-25,Mexico,127792286,Durango,1868996,NA,NA,NA,NA,0,0,0,5,1,0
2020-03-27,Mexico,127792286,Durango,1868996,NA,NA,NA,NA,2,0,0,7,1,0
2020-03-29,Mexico,127792286,Durango,1868996,NA,NA,NA,NA,0,0,0,7,1,0
2020-03-31,Mexico,127792286,Durango,1868996,NA,NA,NA,NA,0,0,0,7,1,0
2020-04-02,Mexico,127792286,Durango,1868996,NA,NA,NA,NA,1,0,0,8,1,0
2020-04-04,Mexico,127792286,Durango,1868996,NA,NA,NA,NA,2,1,0,10,2,0
2020-04-06,Mexico,127792286,Durango,1868996,NA,NA,NA,NA,0,1,0,12,4,0
2020-04-08,Mexico,127792286,Durango,1868996,NA,NA,NA,NA,0,0,0,15,4,0
2020-04-10,Mexico,127792286,Durango,1868996,NA,NA,NA,NA,0,0,0,16,4,0
2020-04-12,Mexico,127792286,Durango,1868996,NA,NA,NA,NA,0,0,0,16,4,0
2020-04-14,Mexico,127792286,Durango,1868996,NA,NA,NA,NA,0,0,0,15,3,0
2020-04-16,Mexico,127792286,Durango,1868996,NA,NA,NA,NA,1,0,0,17,4,0
2020-04-18,Mexico,127792286,Durango,1868996,NA,NA,NA,NA,0,0,0,19,4,0
2020-04-20,Mexico,127792286,Durango,1868996,NA,NA,NA,NA,1,0,0,22,4,0
2020-04-22,Mexico,127792286,Durango,1868996,NA,NA,NA,NA,3,1,0,33,5,0
2020-04-24,Mexico,127792286,Durango,1868996,NA,NA,NA,NA,2,0,0,41,5,0
2020-04-26,Mexico,127792286,Durango,1868996,NA,NA,NA,NA,2,0,0,45,6,0
2020-04-28,Mexico,127792286,Durango,1868996,NA,NA,NA,NA,11,0,0,57,6,0
2020-04-30,Mexico,127792286,Durango,1868996,NA,NA,NA,NA,8,1,0,67,7,0
2020-05-02,Mexico,127792286,Durango,1868996,NA,NA,NA,NA,2,0,0,71,7,0
2020-05-04,Mexico,127792286,Durango,1868996,NA,NA,NA,NA,5,0,0,79,7,0
2020-05-06,Mexico,127792286,Durango,1868996,NA,NA,NA,NA,11,0,0,90,8,0
2020-05-08,Mexico,127792286,Durango,1868996,NA,NA,NA,NA,10,0,0,105,11,0
2020-05-10,Mexico,127792286,Durango,1868996,NA,NA,NA,NA,6,1,0,113,12,0
2020-05-12,Mexico,127792286,Durango,1868996,NA,NA,NA,NA,8,1,0,122,13,0
2020-05-14,Mexico,127792286,Durango,1868996,NA,NA,NA,NA,17,0,0,144,14,0
2020-05-16,Mexico,127792286,Durango,1868996,NA,NA,NA,NA,5,1,0,155,16,0
2020-05-18,Mexico,127792286,Durango,1868996,NA,NA,NA,NA,12,1,0,169,17,0
2020-05-20,Mexico,127792286,Durango,1868996,NA,NA,NA,NA,9,2,0,185,20,0
2020-05-22,Mexico,127792286,Durango,1868996,NA,NA,NA,NA,18,3,0,208,26,0
2020-05-24,Mexico,127792286,Durango,1868996,NA,NA,NA,NA,16,0,0,230,26,0
2020-05-26,Mexico,127792286,Durango,1868996,NA,NA,NA,NA,2,1,0,243,27,0
2020-05-28,Mexico,127792286,Durango,1868996,NA,NA,NA,NA,25,1,0,297,33,0
2020-05-30,Mexico,127792286,Durango,1868996,NA,NA,NA,NA,41,3,0,354,37,0
2020-06-01,Mexico,127792286,Durango,1868996,NA,NA,NA,NA,17,0,0,390,37,0
2020-06-03,Mexico,127792286,Durango,1868996,NA,NA,NA,NA,64,2,0,461,44,0
2020-06-05,Mexico,127792286,Durango,1868996,NA,NA,NA,NA,38,2,0,529,49,0
2020-06-07,Mexico,127792286,Durango,1868996,NA,NA,NA,NA,63,0,0,619,53,0
2020-06-09,Mexico,127792286,Durango,1868996,NA,NA,NA,NA,26,1,0,674,54,0
2020-06-11,Mexico,127792286,Durango,1868996,NA,NA,NA,NA,47,3,0,759,59,0
2020-06-13,Mexico,127792286,Durango,1868996,NA,NA,NA,NA,67,8,0,912,73,0
2020-06-15,Mexico,127792286,Durango,1868996,NA,NA,NA,NA,10,2,0,975,75,0
2020-06-17,Mexico,127792286,Durango,1868996,NA,NA,NA,NA,96,18,0,1088,93,0
2020-06-19,Mexico,127792286,Durango,1868996,NA,NA,NA,NA,67,4,0,1242,100,0
2020-06-21,Mexico,127792286,Durango,1868996,NA,NA,NA,NA,43,3,0,1373,106,0
2020-06-23,Mexico,127792286,Durango,1868996,NA,NA,NA,NA,20,8,0,1403,114,0
2020-06-25,Mexico,127792286,Durango,1868996,NA,NA,NA,NA,144,7,0,1587,132,0
2020-06-27,Mexico,127792286,Durango,1868996,NA,NA,NA,NA,32,2,0,1707,136,0
2020-06-29,Mexico,127792286,Durango,1868996,NA,NA,NA,NA,39,3,0,1790,139,0
2020-07-01,Mexico,127792286,Durango,1868996,NA,NA,NA,NA,65,5,0,1956,147,0
2020-07-03,Mexico,127792286,Durango,1868996,NA,NA,NA,NA,79,7,0,2111,156,0
2020-07-05,Mexico,127792286,Durango,1868996,NA,NA,NA,NA,94,0,0,2306,157,0
2020-07-07,Mexico,127792286,Durango,1868996,NA,NA,NA,NA,27,5,0,2358,162,0
2020-07-09,Mexico,127792286,Durango,1868996,NA,NA,NA,NA,89,6,0,2481,172,0
2020-07-11,Mexico,127792286,Durango,1868996,NA,NA,NA,NA,64,3,0,2638,180,0
2020-07-13,Mexico,127792286,Durango,1868996,NA,NA,NA,NA,75,1,0,2798,183,0
2020-07-15,Mexico,127792286,Durango,1868996,NA,NA,NA,NA,34,17,0,2860,215,0
2020-07-17,Mexico,127792286,Durango,1868996,NA,NA,NA,NA,88,6,0,3024,221,0
2020-07-19,Mexico,127792286,Durango,1868996,NA,NA,NA,NA,88,2,0,3203,226,0
2020-07-21,Mexico,127792286,Durango,1868996,NA,NA,NA,NA,33,14,0,3276,240,0
2020-07-23,Mexico,127792286,Durango,1868996,NA,NA,NA,NA,151,1,0,3473,252,0
2020-07-25,Mexico,127792286,Durango,1868996,NA,NA,NA,NA,106,4,0,3634,260,0
2020-07-27,Mexico,127792286,Durango,1868996,NA,NA,NA,NA,21,0,0,3745,264,0
2020-07-29,Mexico,127792286,Durango,1868996,NA,NA,NA,NA,28,6,0,3812,272,0
2020-07-31,Mexico,127792286,Durango,1868996,NA,NA,NA,NA,83,3,0,3984,276,0
2020-08-02,Mexico,127792286,Durango,1868996,NA,NA,NA,NA,86,0,0,4205,282,0
2020-08-04,Mexico,127792286,Durango,1868996,NA,NA,NA,NA,62,9,0,4348,291,0
2020-08-06,Mexico,127792286,Durango,1868996,NA,NA,NA,NA,119,13,0,4525,314,0
2020-08-08,Mexico,127792286,Durango,1868996,NA,NA,NA,NA,90,8,0,4661,334,0
2020-08-10,Mexico,127792286,Durango,1868996,NA,NA,NA,NA,32,7,0,4801,341,0
2020-08-12,Mexico,127792286,Durango,1868996,NA,NA,NA,NA,48,16,0,4912,361,0
2020-08-14,Mexico,127792286,Durango,1868996,NA,NA,NA,NA,92,4,0,5085,366,0
2020-02-25,Mexico,127792286,Guanajuato,6228175,NA,NA,NA,NA,NA,NA,NA,0,0,0
2020-02-27,Mexico,127792286,Guanajuato,6228175,NA,NA,NA,NA,0,0,0,0,0,0
2020-02-29,Mexico,127792286,Guanajuato,6228175,NA,NA,NA,NA,0,0,0,0,0,0
2020-03-02,Mexico,127792286,Guanajuato,6228175,NA,NA,NA,NA,0,0,0,0,0,0
2020-03-04,Mexico,127792286,Guanajuato,6228175,NA,NA,NA,NA,0,0,0,0,0,0
2020-03-06,Mexico,127792286,Guanajuato,6228175,NA,NA,NA,NA,0,0,0,0,0,0
2020-03-08,Mexico,127792286,Guanajuato,6228175,NA,NA,NA,NA,0,0,0,0,0,0
2020-03-10,Mexico,127792286,Guanajuato,6228175,NA,NA,NA,NA,0,0,0,0,0,0
2020-03-12,Mexico,127792286,Guanajuato,6228175,NA,NA,NA,NA,0,0,0,0,0,0
2020-03-14,Mexico,127792286,Guanajuato,6228175,NA,NA,NA,NA,0,0,0,0,0,0
2020-03-16,Mexico,127792286,Guanajuato,6228175,NA,NA,NA,NA,0,0,0,0,0,0
2020-03-18,Mexico,127792286,Guanajuato,6228175,NA,NA,NA,NA,3,0,0,4,0,0
2020-03-20,Mexico,127792286,Guanajuato,6228175,NA,NA,NA,NA,0,0,0,4,0,0
2020-03-22,Mexico,127792286,Guanajuato,6228175,NA,NA,NA,NA,0,0,0,4,0,0
2020-03-24,Mexico,127792286,Guanajuato,6228175,NA,NA,NA,NA,5,0,0,12,0,0
2020-03-26,Mexico,127792286,Guanajuato,6228175,NA,NA,NA,NA,4,0,0,23,0,0
2020-03-28,Mexico,127792286,Guanajuato,6228175,NA,NA,NA,NA,6,0,0,37,0,0
2020-03-30,Mexico,127792286,Guanajuato,6228175,NA,NA,NA,NA,6,0,0,43,0,0
2020-04-01,Mexico,127792286,Guanajuato,6228175,NA,NA,NA,NA,3,0,0,49,0,0
2020-04-03,Mexico,127792286,Guanajuato,6228175,NA,NA,NA,NA,2,0,0,52,0,0
2020-04-05,Mexico,127792286,Guanajuato,6228175,NA,NA,NA,NA,0,0,0,53,0,0
2020-04-07,Mexico,127792286,Guanajuato,6228175,NA,NA,NA,NA,3,1,0,61,1,0
2020-04-09,Mexico,127792286,Guanajuato,6228175,NA,NA,NA,NA,4,0,0,71,1,0
2020-04-11,Mexico,127792286,Guanajuato,6228175,NA,NA,NA,NA,3,4,0,81,5,0
2020-04-13,Mexico,127792286,Guanajuato,6228175,NA,NA,NA,NA,6,0,0,88,5,0
2020-04-15,Mexico,127792286,Guanajuato,6228175,NA,NA,NA,NA,1,0,0,91,5,0
2020-04-17,Mexico,127792286,Guanajuato,6228175,NA,NA,NA,NA,17,1,0,113,7,0
2020-04-19,Mexico,127792286,Guanajuato,6228175,NA,NA,NA,NA,17,0,0,133,9,0
2020-04-21,Mexico,127792286,Guanajuato,6228175,NA,NA,NA,NA,8,0,0,158,9,0
2020-04-23,Mexico,127792286,Guanajuato,6228175,NA,NA,NA,NA,9,5,0,182,14,0
2020-04-25,Mexico,127792286,Guanajuato,6228175,NA,NA,NA,NA,6,2,0,198,19,0
2020-04-27,Mexico,127792286,Guanajuato,6228175,NA,NA,NA,NA,9,1,0,215,21,0
2020-04-29,Mexico,127792286,Guanajuato,6228175,NA,NA,NA,NA,19,1,0,238,22,0
2020-05-01,Mexico,127792286,Guanajuato,6228175,NA,NA,NA,NA,21,2,0,283,26,0
2020-05-03,Mexico,127792286,Guanajuato,6228175,NA,NA,NA,NA,18,4,0,308,31,0
2020-05-05,Mexico,127792286,Guanajuato,6228175,NA,NA,NA,NA,14,5,0,328,38,0
2020-05-07,Mexico,127792286,Guanajuato,6228175,NA,NA,NA,NA,48,2,0,390,42,0
2020-05-09,Mexico,127792286,Guanajuato,6228175,NA,NA,NA,NA,30,0,0,445,46,0
2020-05-11,Mexico,127792286,Guanajuato,6228175,NA,NA,NA,NA,31,0,0,504,46,0
2020-05-13,Mexico,127792286,Guanajuato,6228175,NA,NA,NA,NA,39,2,0,586,57,0
2020-05-15,Mexico,127792286,Guanajuato,6228175,NA,NA,NA,NA,40,2,0,665,63,0
2020-05-17,Mexico,127792286,Guanajuato,6228175,NA,NA,NA,NA,47,0,0,739,69,0
2020-05-19,Mexico,127792286,Guanajuato,6228175,NA,NA,NA,NA,39,5,0,804,78,0
2020-05-21,Mexico,127792286,Guanajuato,6228175,NA,NA,NA,NA,76,4,0,906,84,0
2020-05-23,Mexico,127792286,Guanajuato,6228175,NA,NA,NA,NA,79,0,0,1035,85,0
2020-05-25,Mexico,127792286,Guanajuato,6228175,NA,NA,NA,NA,74,3,0,1138,91,0
2020-05-27,Mexico,127792286,Guanajuato,6228175,NA,NA,NA,NA,52,5,0,1248,101,0
2020-05-29,Mexico,127792286,Guanajuato,6228175,NA,NA,NA,NA,66,4,0,1396,105,0
2020-05-31,Mexico,127792286,Guanajuato,6228175,NA,NA,NA,NA,171,0,0,1650,107,0
2020-06-02,Mexico,127792286,Guanajuato,6228175,NA,NA,NA,NA,203,4,0,1900,116,0
2020-06-04,Mexico,127792286,Guanajuato,6228175,NA,NA,NA,NA,124,3,0,2161,125,0
2020-06-06,Mexico,127792286,Guanajuato,6228175,NA,NA,NA,NA,113,2,0,2422,136,0
2020-06-08,Mexico,127792286,Guanajuato,6228175,NA,NA,NA,NA,55,3,0,2587,141,0
2020-06-10,Mexico,127792286,Guanajuato,6228175,NA,NA,NA,NA,218,14,0,2970,159,0
2020-06-12,Mexico,127792286,Guanajuato,6228175,NA,NA,NA,NA,169,7,0,3260,178,0
2020-06-14,Mexico,127792286,Guanajuato,6228175,NA,NA,NA,NA,103,5,0,3513,189,0
2020-06-16,Mexico,127792286,Guanajuato,6228175,NA,NA,NA,NA,340,8,0,3923,204,0
2020-06-18,Mexico,127792286,Guanajuato,6228175,NA,NA,NA,NA,263,6,0,4371,221,0
2020-06-20,Mexico,127792286,Guanajuato,6228175,NA,NA,NA,NA,233,15,0,4844,247,0
2020-06-22,Mexico,127792286,Guanajuato,6228175,NA,NA,NA,NA,80,7,0,5058,257,0
2020-06-24,Mexico,127792286,Guanajuato,6228175,NA,NA,NA,NA,254,2,0,5749,282,0
2020-06-26,Mexico,127792286,Guanajuato,6228175,NA,NA,NA,NA,274,26,0,6450,327,0
2020-06-28,Mexico,127792286,Guanajuato,6228175,NA,NA,NA,NA,175,8,0,6833,342,0
2020-06-30,Mexico,127792286,Guanajuato,6228175,NA,NA,NA,NA,336,9,0,7375,357,0
2020-07-02,Mexico,127792286,Guanajuato,6228175,NA,NA,NA,NA,317,20,0,8102,390,0
2020-07-04,Mexico,127792286,Guanajuato,6228175,NA,NA,NA,NA,447,14,0,8953,413,0
2020-07-06,Mexico,127792286,Guanajuato,6228175,NA,NA,NA,NA,325,16,0,9636,435,0
2020-07-08,Mexico,127792286,Guanajuato,6228175,NA,NA,NA,NA,403,22,0,10336,473,0
2020-07-10,Mexico,127792286,Guanajuato,6228175,NA,NA,NA,NA,528,27,0,11276,533,0
2020-07-12,Mexico,127792286,Guanajuato,6228175,NA,NA,NA,NA,477,29,0,12317,582,0
2020-07-14,Mexico,127792286,Guanajuato,6228175,NA,NA,NA,NA,402,28,0,12978,649,0
2020-07-16,Mexico,127792286,Guanajuato,6228175,NA,NA,NA,NA,197,15,0,13560,683,0
2020-07-18,Mexico,127792286,Guanajuato,6228175,NA,NA,NA,NA,405,8,0,14454,713,0
2020-07-20,Mexico,127792286,Guanajuato,6228175,NA,NA,NA,NA,446,9,0,15222,725,0
2020-07-22,Mexico,127792286,Guanajuato,6228175,NA,NA,NA,NA,293,25,0,15878,786,0
2020-07-24,Mexico,127792286,Guanajuato,6228175,NA,NA,NA,NA,630,21,0,16899,835,0
2020-07-26,Mexico,127792286,Guanajuato,6228175,NA,NA,NA,NA,513,6,0,18052,857,0
2020-07-28,Mexico,127792286,Guanajuato,6228175,NA,NA,NA,NA,646,52,0,19098,915,0
2020-07-30,Mexico,127792286,Guanajuato,6228175,NA,NA,NA,NA,508,25,0,20145,948,0
2020-08-01,Mexico,127792286,Guanajuato,6228175,NA,NA,NA,NA,602,28,0,21368,999,0
2020-08-03,Mexico,127792286,Guanajuato,6228175,NA,NA,NA,NA,286,6,0,21999,1009,0
2020-08-05,Mexico,127792286,Guanajuato,6228175,NA,NA,NA,NA,299,41,0,22554,1111,0
2020-08-07,Mexico,127792286,Guanajuato,6228175,NA,NA,NA,NA,669,27,0,23516,1168,0
2020-08-09,Mexico,127792286,Guanajuato,6228175,NA,NA,NA,NA,323,10,0,24224,1199,0
2020-08-11,Mexico,127792286,Guanajuato,6228175,NA,NA,NA,NA,410,58,0,24958,1310,0
2020-08-13,Mexico,127792286,Guanajuato,6228175,NA,NA,NA,NA,276,7,0,25504,1335,0
2020-08-15,Mexico,127792286,Guanajuato,6228175,NA,NA,NA,NA,332,9,0,26294,1358,0
2020-02-26,Mexico,127792286,Guerrero,3657048,NA,NA,NA,NA,NA,NA,NA,0,0,0
2020-02-28,Mexico,127792286,Guerrero,3657048,NA,NA,NA,NA,0,0,0,0,0,0
2020-03-01,Mexico,127792286,Guerrero,3657048,NA,NA,NA,NA,0,0,0,0,0,0
2020-03-03,Mexico,127792286,Guerrero,3657048,NA,NA,NA,NA,0,0,0,0,0,0
2020-03-05,Mexico,127792286,Guerrero,3657048,NA,NA,NA,NA,0,0,0,0,0,0
2020-03-07,Mexico,127792286,Guerrero,3657048,NA,NA,NA,NA,0,0,0,0,0,0
2020-03-09,Mexico,127792286,Guerrero,3657048,NA,NA,NA,NA,0,0,0,0,0,0
2020-03-11,Mexico,127792286,Guerrero,3657048,NA,NA,NA,NA,0,0,0,0,0,0
2020-03-13,Mexico,127792286,Guerrero,3657048,NA,NA,NA,NA,0,0,0,0,0,0
2020-03-15,Mexico,127792286,Guerrero,3657048,NA,NA,NA,NA,0,0,0,0,0,0
2020-03-17,Mexico,127792286,Guerrero,3657048,NA,NA,NA,NA,0,0,0,2,0,0
2020-03-19,Mexico,127792286,Guerrero,3657048,NA,NA,NA,NA,2,0,0,4,0,0
2020-03-21,Mexico,127792286,Guerrero,3657048,NA,NA,NA,NA,0,0,0,4,0,0
2020-03-23,Mexico,127792286,Guerrero,3657048,NA,NA,NA,NA,1,0,0,5,0,0
2020-03-25,Mexico,127792286,Guerrero,3657048,NA,NA,NA,NA,1,0,0,7,0,0
2020-03-27,Mexico,127792286,Guerrero,3657048,NA,NA,NA,NA,0,0,0,7,0,0
2020-03-29,Mexico,127792286,Guerrero,3657048,NA,NA,NA,NA,3,0,0,13,0,0
2020-03-31,Mexico,127792286,Guerrero,3657048,NA,NA,NA,NA,2,0,0,15,0,0
2020-04-02,Mexico,127792286,Guerrero,3657048,NA,NA,NA,NA,5,0,0,22,1,0
2020-04-04,Mexico,127792286,Guerrero,3657048,NA,NA,NA,NA,1,0,0,25,1,0
2020-04-06,Mexico,127792286,Guerrero,3657048,NA,NA,NA,NA,2,1,0,32,3,0
2020-04-08,Mexico,127792286,Guerrero,3657048,NA,NA,NA,NA,10,1,0,47,4,0
2020-04-10,Mexico,127792286,Guerrero,3657048,NA,NA,NA,NA,5,1,0,54,6,0
2020-04-12,Mexico,127792286,Guerrero,3657048,NA,NA,NA,NA,14,0,0,70,6,0
2020-04-14,Mexico,127792286,Guerrero,3657048,NA,NA,NA,NA,11,0,0,88,6,0
2020-04-16,Mexico,127792286,Guerrero,3657048,NA,NA,NA,NA,3,1,0,100,9,0
2020-04-18,Mexico,127792286,Guerrero,3657048,NA,NA,NA,NA,0,0,0,110,11,0
2020-04-20,Mexico,127792286,Guerrero,3657048,NA,NA,NA,NA,5,2,0,126,14,0
2020-04-22,Mexico,127792286,Guerrero,3657048,NA,NA,NA,NA,11,1,0,137,17,0
2020-04-24,Mexico,127792286,Guerrero,3657048,NA,NA,NA,NA,8,6,0,165,28,0
2020-04-26,Mexico,127792286,Guerrero,3657048,NA,NA,NA,NA,22,0,0,193,29,0
2020-04-28,Mexico,127792286,Guerrero,3657048,NA,NA,NA,NA,25,6,0,232,36,0
2020-04-30,Mexico,127792286,Guerrero,3657048,NA,NA,NA,NA,13,1,0,273,47,0
2020-05-02,Mexico,127792286,Guerrero,3657048,NA,NA,NA,NA,1,0,0,307,49,0
2020-05-04,Mexico,127792286,Guerrero,3657048,NA,NA,NA,NA,22,2,0,354,50,0
2020-05-06,Mexico,127792286,Guerrero,3657048,NA,NA,NA,NA,24,3,0,398,57,0
2020-05-08,Mexico,127792286,Guerrero,3657048,NA,NA,NA,NA,9,2,0,432,61,0
2020-05-10,Mexico,127792286,Guerrero,3657048,NA,NA,NA,NA,57,6,0,510,70,0
2020-05-12,Mexico,127792286,Guerrero,3657048,NA,NA,NA,NA,30,5,0,591,76,0
2020-05-14,Mexico,127792286,Guerrero,3657048,NA,NA,NA,NA,25,1,0,668,82,0
2020-05-16,Mexico,127792286,Guerrero,3657048,NA,NA,NA,NA,38,7,0,754,108,0
2020-05-18,Mexico,127792286,Guerrero,3657048,NA,NA,NA,NA,53,4,0,819,112,0
2020-05-20,Mexico,127792286,Guerrero,3657048,NA,NA,NA,NA,26,8,0,887,136,0
2020-05-22,Mexico,127792286,Guerrero,3657048,NA,NA,NA,NA,33,7,0,973,154,0
2020-05-24,Mexico,127792286,Guerrero,3657048,NA,NA,NA,NA,112,5,0,1148,168,0
2020-05-26,Mexico,127792286,Guerrero,3657048,NA,NA,NA,NA,61,15,0,1305,189,0
2020-05-28,Mexico,127792286,Guerrero,3657048,NA,NA,NA,NA,163,22,0,1523,232,0
2020-05-30,Mexico,127792286,Guerrero,3657048,NA,NA,NA,NA,180,19,0,1762,261,0
2020-06-01,Mexico,127792286,Guerrero,3657048,NA,NA,NA,NA,56,6,0,1882,272,0
2020-06-03,Mexico,127792286,Guerrero,3657048,NA,NA,NA,NA,81,19,0,2062,305,0
2020-06-05,Mexico,127792286,Guerrero,3657048,NA,NA,NA,NA,164,15,0,2245,347,0
2020-06-07,Mexico,127792286,Guerrero,3657048,NA,NA,NA,NA,131,11,0,2467,371,0
2020-06-09,Mexico,127792286,Guerrero,3657048,NA,NA,NA,NA,102,39,0,2578,418,0
2020-06-11,Mexico,127792286,Guerrero,3657048,NA,NA,NA,NA,126,19,0,2924,496,0
2020-06-13,Mexico,127792286,Guerrero,3657048,NA,NA,NA,NA,99,22,0,3164,534,0
2020-06-15,Mexico,127792286,Guerrero,3657048,NA,NA,NA,NA,154,30,0,3401,574,0
2020-06-17,Mexico,127792286,Guerrero,3657048,NA,NA,NA,NA,142,50,0,3678,649,0
2020-06-19,Mexico,127792286,Guerrero,3657048,NA,NA,NA,NA,125,17,0,3917,689,0
2020-06-21,Mexico,127792286,Guerrero,3657048,NA,NA,NA,NA,107,11,0,4168,721,0
2020-06-23,Mexico,127792286,Guerrero,3657048,NA,NA,NA,NA,185,47,0,4488,790,0
2020-06-25,Mexico,127792286,Guerrero,3657048,NA,NA,NA,NA,45,10,0,4685,820,0
2020-06-27,Mexico,127792286,Guerrero,3657048,NA,NA,NA,NA,115,10,0,4898,846,0
2020-06-29,Mexico,127792286,Guerrero,3657048,NA,NA,NA,NA,126,9,0,5153,865,0
2020-07-01,Mexico,127792286,Guerrero,3657048,NA,NA,NA,NA,155,20,0,5408,900,0
2020-07-03,Mexico,127792286,Guerrero,3657048,NA,NA,NA,NA,112,34,0,5602,947,0
2020-07-05,Mexico,127792286,Guerrero,3657048,NA,NA,NA,NA,141,7,0,5931,980,0
2020-07-07,Mexico,127792286,Guerrero,3657048,NA,NA,NA,NA,287,20,0,6320,1007,0
2020-07-09,Mexico,127792286,Guerrero,3657048,NA,NA,NA,NA,212,17,0,6776,1039,0
2020-07-11,Mexico,127792286,Guerrero,3657048,NA,NA,NA,NA,176,7,0,7177,1067,0
2020-07-13,Mexico,127792286,Guerrero,3657048,NA,NA,NA,NA,162,16,0,7455,1085,0
2020-07-15,Mexico,127792286,Guerrero,3657048,NA,NA,NA,NA,228,20,0,7969,1128,0
2020-07-17,Mexico,127792286,Guerrero,3657048,NA,NA,NA,NA,207,15,0,8447,1157,0
2020-07-19,Mexico,127792286,Guerrero,3657048,NA,NA,NA,NA,141,4,0,8785,1192,0
2020-07-21,Mexico,127792286,Guerrero,3657048,NA,NA,NA,NA,143,19,0,9074,1217,0
2020-07-23,Mexico,127792286,Guerrero,3657048,NA,NA,NA,NA,130,26,0,9373,1279,0
2020-07-25,Mexico,127792286,Guerrero,3657048,NA,NA,NA,NA,157,17,0,9670,1306,0
2020-07-27,Mexico,127792286,Guerrero,3657048,NA,NA,NA,NA,122,16,0,9863,1330,0
2020-07-29,Mexico,127792286,Guerrero,3657048,NA,NA,NA,NA,94,8,0,10188,1361,0
2020-07-31,Mexico,127792286,Guerrero,3657048,NA,NA,NA,NA,229,10,0,10670,1380,0
2020-08-02,Mexico,127792286,Guerrero,3657048,NA,NA,NA,NA,144,7,0,10958,1389,0
2020-08-04,Mexico,127792286,Guerrero,3657048,NA,NA,NA,NA,131,10,0,11282,1404,0
2020-08-06,Mexico,127792286,Guerrero,3657048,NA,NA,NA,NA,143,10,0,11618,1422,0
2020-08-08,Mexico,127792286,Guerrero,3657048,NA,NA,NA,NA,178,19,0,11916,1449,0
2020-08-10,Mexico,127792286,Guerrero,3657048,NA,NA,NA,NA,174,7,0,12249,1459,0
2020-08-12,Mexico,127792286,Guerrero,3657048,NA,NA,NA,NA,115,11,0,12529,1489,0
2020-08-14,Mexico,127792286,Guerrero,3657048,NA,NA,NA,NA,139,11,0,12791,1503,0
2020-02-25,Mexico,127792286,Hidalgo,3086414,NA,NA,NA,NA,NA,NA,NA,0,0,0
2020-02-27,Mexico,127792286,Hidalgo,3086414,NA,NA,NA,NA,0,0,0,0,0,0
2020-02-29,Mexico,127792286,Hidalgo,3086414,NA,NA,NA,NA,0,0,0,0,0,0
2020-03-02,Mexico,127792286,Hidalgo,3086414,NA,NA,NA,NA,0,0,0,0,0,0
2020-03-04,Mexico,127792286,Hidalgo,3086414,NA,NA,NA,NA,0,0,0,0,0,0
2020-03-06,Mexico,127792286,Hidalgo,3086414,NA,NA,NA,NA,0,0,0,0,0,0
2020-03-08,Mexico,127792286,Hidalgo,3086414,NA,NA,NA,NA,0,0,0,0,0,0
2020-03-10,Mexico,127792286,Hidalgo,3086414,NA,NA,NA,NA,0,0,0,0,0,0
2020-03-12,Mexico,127792286,Hidalgo,3086414,NA,NA,NA,NA,0,0,0,0,0,0
2020-03-14,Mexico,127792286,Hidalgo,3086414,NA,NA,NA,NA,0,0,0,0,0,0
2020-03-16,Mexico,127792286,Hidalgo,3086414,NA,NA,NA,NA,0,0,0,0,0,0
2020-03-18,Mexico,127792286,Hidalgo,3086414,NA,NA,NA,NA,0,0,0,0,0,0
2020-03-20,Mexico,127792286,Hidalgo,3086414,NA,NA,NA,NA,0,0,0,2,0,0
2020-03-22,Mexico,127792286,Hidalgo,3086414,NA,NA,NA,NA,2,0,0,5,0,0
2020-03-24,Mexico,127792286,Hidalgo,3086414,NA,NA,NA,NA,0,0,0,7,0,0
2020-03-26,Mexico,127792286,Hidalgo,3086414,NA,NA,NA,NA,5,0,0,12,0,0
2020-03-28,Mexico,127792286,Hidalgo,3086414,NA,NA,NA,NA,0,1,0,12,1,0
2020-03-30,Mexico,127792286,Hidalgo,3086414,NA,NA,NA,NA,0,0,0,17,2,0
2020-04-01,Mexico,127792286,Hidalgo,3086414,NA,NA,NA,NA,2,0,0,21,3,0
2020-04-03,Mexico,127792286,Hidalgo,3086414,NA,NA,NA,NA,4,0,0,30,3,0
2020-04-05,Mexico,127792286,Hidalgo,3086414,NA,NA,NA,NA,2,0,0,34,5,0
2020-04-07,Mexico,127792286,Hidalgo,3086414,NA,NA,NA,NA,6,1,0,41,6,0
2020-04-09,Mexico,127792286,Hidalgo,3086414,NA,NA,NA,NA,1,0,0,47,7,0
2020-04-11,Mexico,127792286,Hidalgo,3086414,NA,NA,NA,NA,2,1,0,53,8,0
2020-04-13,Mexico,127792286,Hidalgo,3086414,NA,NA,NA,NA,0,0,0,58,9,0
2020-04-15,Mexico,127792286,Hidalgo,3086414,NA,NA,NA,NA,0,2,0,64,12,0
2020-04-17,Mexico,127792286,Hidalgo,3086414,NA,NA,NA,NA,3,1,0,70,13,0
2020-04-19,Mexico,127792286,Hidalgo,3086414,NA,NA,NA,NA,12,1,0,87,14,0
2020-04-21,Mexico,127792286,Hidalgo,3086414,NA,NA,NA,NA,14,1,0,106,16,0
2020-04-23,Mexico,127792286,Hidalgo,3086414,NA,NA,NA,NA,2,0,0,115,15,0
2020-04-25,Mexico,127792286,Hidalgo,3086414,NA,NA,NA,NA,11,0,0,155,17,0
2020-04-27,Mexico,127792286,Hidalgo,3086414,NA,NA,NA,NA,8,3,0,182,21,0
2020-04-29,Mexico,127792286,Hidalgo,3086414,NA,NA,NA,NA,17,2,0,235,29,0
2020-05-01,Mexico,127792286,Hidalgo,3086414,NA,NA,NA,NA,23,4,0,277,34,0
2020-05-03,Mexico,127792286,Hidalgo,3086414,NA,NA,NA,NA,6,6,0,307,42,0
2020-05-05,Mexico,127792286,Hidalgo,3086414,NA,NA,NA,NA,40,4,0,367,52,0
2020-05-07,Mexico,127792286,Hidalgo,3086414,NA,NA,NA,NA,32,8,0,425,66,0
2020-05-09,Mexico,127792286,Hidalgo,3086414,NA,NA,NA,NA,19,3,0,489,75,0
2020-05-11,Mexico,127792286,Hidalgo,3086414,NA,NA,NA,NA,34,7,0,567,90,0
2020-05-13,Mexico,127792286,Hidalgo,3086414,NA,NA,NA,NA,33,10,0,628,112,0
2020-05-15,Mexico,127792286,Hidalgo,3086414,NA,NA,NA,NA,67,16,0,736,141,0
2020-05-17,Mexico,127792286,Hidalgo,3086414,NA,NA,NA,NA,31,5,0,833,156,0
2020-05-19,Mexico,127792286,Hidalgo,3086414,NA,NA,NA,NA,48,4,0,960,167,0
2020-05-21,Mexico,127792286,Hidalgo,3086414,NA,NA,NA,NA,60,13,0,1086,193,0
2020-05-23,Mexico,127792286,Hidalgo,3086414,NA,NA,NA,NA,59,11,0,1186,212,0
2020-05-25,Mexico,127792286,Hidalgo,3086414,NA,NA,NA,NA,73,3,0,1305,215,0
2020-05-27,Mexico,127792286,Hidalgo,3086414,NA,NA,NA,NA,34,7,0,1459,247,0
2020-05-29,Mexico,127792286,Hidalgo,3086414,NA,NA,NA,NA,56,23,0,1582,287,0
2020-05-31,Mexico,127792286,Hidalgo,3086414,NA,NA,NA,NA,31,5,0,1688,304,0
2020-06-02,Mexico,127792286,Hidalgo,3086414,NA,NA,NA,NA,133,11,0,1876,329,0
2020-06-04,Mexico,127792286,Hidalgo,3086414,NA,NA,NA,NA,63,9,0,2052,374,0
2020-06-06,Mexico,127792286,Hidalgo,3086414,NA,NA,NA,NA,70,8,0,2171,394,0
2020-06-08,Mexico,127792286,Hidalgo,3086414,NA,NA,NA,NA,17,3,0,2266,405,0
2020-06-10,Mexico,127792286,Hidalgo,3086414,NA,NA,NA,NA,121,17,0,2439,430,0
2020-06-12,Mexico,127792286,Hidalgo,3086414,NA,NA,NA,NA,89,16,0,2581,449,0
2020-06-14,Mexico,127792286,Hidalgo,3086414,NA,NA,NA,NA,60,8,0,2691,464,0
2020-06-16,Mexico,127792286,Hidalgo,3086414,NA,NA,NA,NA,70,9,0,2819,481,0
2020-06-18,Mexico,127792286,Hidalgo,3086414,NA,NA,NA,NA,48,8,0,2987,505,0
2020-06-20,Mexico,127792286,Hidalgo,3086414,NA,NA,NA,NA,55,11,0,3130,533,0
2020-06-22,Mexico,127792286,Hidalgo,3086414,NA,NA,NA,NA,47,6,0,3235,557,0
2020-06-24,Mexico,127792286,Hidalgo,3086414,NA,NA,NA,NA,56,18,0,3413,585,0
2020-06-26,Mexico,127792286,Hidalgo,3086414,NA,NA,NA,NA,67,10,0,3568,610,0
2020-06-28,Mexico,127792286,Hidalgo,3086414,NA,NA,NA,NA,39,5,0,3679,629,0
2020-06-30,Mexico,127792286,Hidalgo,3086414,NA,NA,NA,NA,90,23,0,3788,666,0
2020-07-02,Mexico,127792286,Hidalgo,3086414,NA,NA,NA,NA,100,19,0,4002,698,0
2020-07-04,Mexico,127792286,Hidalgo,3086414,NA,NA,NA,NA,55,3,0,4142,714,0
2020-07-06,Mexico,127792286,Hidalgo,3086414,NA,NA,NA,NA,22,6,0,4257,728,0
2020-07-08,Mexico,127792286,Hidalgo,3086414,NA,NA,NA,NA,63,10,0,4417,754,0
2020-07-10,Mexico,127792286,Hidalgo,3086414,NA,NA,NA,NA,98,9,0,4578,773,0
2020-07-12,Mexico,127792286,Hidalgo,3086414,NA,NA,NA,NA,85,15,0,4711,797,0
2020-07-14,Mexico,127792286,Hidalgo,3086414,NA,NA,NA,NA,92,12,0,4849,817,0
2020-07-16,Mexico,127792286,Hidalgo,3086414,NA,NA,NA,NA,96,19,0,5012,841,0
2020-07-18,Mexico,127792286,Hidalgo,3086414,NA,NA,NA,NA,145,13,0,5207,873,0
2020-07-20,Mexico,127792286,Hidalgo,3086414,NA,NA,NA,NA,35,6,0,5352,885,0
2020-07-22,Mexico,127792286,Hidalgo,3086414,NA,NA,NA,NA,73,21,0,5531,924,0
2020-07-24,Mexico,127792286,Hidalgo,3086414,NA,NA,NA,NA,76,9,0,5830,945,0
2020-07-26,Mexico,127792286,Hidalgo,3086414,NA,NA,NA,NA,120,15,0,6080,974,0
2020-07-28,Mexico,127792286,Hidalgo,3086414,NA,NA,NA,NA,171,19,0,6313,1003,0
2020-07-30,Mexico,127792286,Hidalgo,3086414,NA,NA,NA,NA,141,25,0,6532,1033,0
2020-08-01,Mexico,127792286,Hidalgo,3086414,NA,NA,NA,NA,142,16,0,6732,1075,0
2020-08-03,Mexico,127792286,Hidalgo,3086414,NA,NA,NA,NA,125,8,0,6946,1094,0
2020-08-05,Mexico,127792286,Hidalgo,3086414,NA,NA,NA,NA,85,20,0,7094,1129,0
2020-08-07,Mexico,127792286,Hidalgo,3086414,NA,NA,NA,NA,173,19,0,7431,1177,0
2020-08-09,Mexico,127792286,Hidalgo,3086414,NA,NA,NA,NA,56,9,0,7645,1203,0
2020-08-11,Mexico,127792286,Hidalgo,3086414,NA,NA,NA,NA,153,18,0,7916,1236,0
2020-08-13,Mexico,127792286,Hidalgo,3086414,NA,NA,NA,NA,154,27,0,8105,1285,0
2020-08-15,Mexico,127792286,Hidalgo,3086414,NA,NA,NA,NA,178,26,0,8385,1341,0
2020-02-26,Mexico,127792286,Jalisco,8409693,NA,NA,NA,NA,NA,NA,NA,0,0,0
2020-02-28,Mexico,127792286,Jalisco,8409693,NA,NA,NA,NA,0,0,0,0,0,0
2020-03-01,Mexico,127792286,Jalisco,8409693,NA,NA,NA,NA,0,0,0,0,0,0
2020-03-03,Mexico,127792286,Jalisco,8409693,NA,NA,NA,NA,0,0,0,0,0,0
2020-03-05,Mexico,127792286,Jalisco,8409693,NA,NA,NA,NA,0,0,0,0,0,0
2020-03-07,Mexico,127792286,Jalisco,8409693,NA,NA,NA,NA,0,0,0,0,0,0
2020-03-09,Mexico,127792286,Jalisco,8409693,NA,NA,NA,NA,0,0,0,0,0,0
2020-03-11,Mexico,127792286,Jalisco,8409693,NA,NA,NA,NA,0,0,0,0,0,0
2020-03-13,Mexico,127792286,Jalisco,8409693,NA,NA,NA,NA,0,0,0,0,0,0
2020-03-15,Mexico,127792286,Jalisco,8409693,NA,NA,NA,NA,0,0,0,2,0,0
2020-03-17,Mexico,127792286,Jalisco,8409693,NA,NA,NA,NA,3,0,0,5,0,0
2020-03-19,Mexico,127792286,Jalisco,8409693,NA,NA,NA,NA,16,0,0,22,0,0
2020-03-21,Mexico,127792286,Jalisco,8409693,NA,NA,NA,NA,4,0,0,32,0,0
2020-03-23,Mexico,127792286,Jalisco,8409693,NA,NA,NA,NA,5,1,0,46,1,0
2020-03-25,Mexico,127792286,Jalisco,8409693,NA,NA,NA,NA,0,0,0,46,1,0
2020-03-27,Mexico,127792286,Jalisco,8409693,NA,NA,NA,NA,13,1,0,77,3,0
2020-03-29,Mexico,127792286,Jalisco,8409693,NA,NA,NA,NA,1,0,0,83,3,0
2020-03-31,Mexico,127792286,Jalisco,8409693,NA,NA,NA,NA,4,0,0,94,3,0
2020-04-02,Mexico,127792286,Jalisco,8409693,NA,NA,NA,NA,5,1,0,104,4,0
2020-04-04,Mexico,127792286,Jalisco,8409693,NA,NA,NA,NA,4,0,0,120,6,0
2020-04-06,Mexico,127792286,Jalisco,8409693,NA,NA,NA,NA,3,1,0,126,7,0
2020-04-08,Mexico,127792286,Jalisco,8409693,NA,NA,NA,NA,4,1,0,139,8,0
2020-04-10,Mexico,127792286,Jalisco,8409693,NA,NA,NA,NA,5,1,0,144,9,0
2020-04-12,Mexico,127792286,Jalisco,8409693,NA,NA,NA,NA,6,0,0,156,11,0
2020-04-14,Mexico,127792286,Jalisco,8409693,NA,NA,NA,NA,6,0,0,165,11,0
2020-04-16,Mexico,127792286,Jalisco,8409693,NA,NA,NA,NA,2,0,0,178,11,0
2020-04-18,Mexico,127792286,Jalisco,8409693,NA,NA,NA,NA,6,0,0,196,13,0
2020-04-20,Mexico,127792286,Jalisco,8409693,NA,NA,NA,NA,18,1,0,216,14,0
2020-04-22,Mexico,127792286,Jalisco,8409693,NA,NA,NA,NA,10,0,0,236,15,0
2020-04-24,Mexico,127792286,Jalisco,8409693,NA,NA,NA,NA,7,1,0,263,20,0
2020-04-26,Mexico,127792286,Jalisco,8409693,NA,NA,NA,NA,11,2,0,282,25,0
2020-04-28,Mexico,127792286,Jalisco,8409693,NA,NA,NA,NA,13,0,0,316,25,0
2020-04-30,Mexico,127792286,Jalisco,8409693,NA,NA,NA,NA,23,3,0,348,28,0
2020-05-02,Mexico,127792286,Jalisco,8409693,NA,NA,NA,NA,11,2,0,388,32,0
2020-05-04,Mexico,127792286,Jalisco,8409693,NA,NA,NA,NA,29,1,0,448,34,0
2020-05-06,Mexico,127792286,Jalisco,8409693,NA,NA,NA,NA,22,2,0,494,37,0
2020-05-08,Mexico,127792286,Jalisco,8409693,NA,NA,NA,NA,49,6,0,559,47,0
2020-05-10,Mexico,127792286,Jalisco,8409693,NA,NA,NA,NA,2,4,0,597,52,0
2020-05-12,Mexico,127792286,Jalisco,8409693,NA,NA,NA,NA,31,0,0,671,55,0
2020-05-14,Mexico,127792286,Jalisco,8409693,NA,NA,NA,NA,48,5,0,751,64,0
2020-05-16,Mexico,127792286,Jalisco,8409693,NA,NA,NA,NA,31,7,0,802,76,0
2020-05-18,Mexico,127792286,Jalisco,8409693,NA,NA,NA,NA,41,3,0,893,84,0
2020-05-20,Mexico,127792286,Jalisco,8409693,NA,NA,NA,NA,46,5,0,973,95,0
2020-05-22,Mexico,127792286,Jalisco,8409693,NA,NA,NA,NA,74,6,0,1108,102,0
2020-05-24,Mexico,127792286,Jalisco,8409693,NA,NA,NA,NA,50,5,0,1195,107,0
2020-05-26,Mexico,127792286,Jalisco,8409693,NA,NA,NA,NA,59,9,0,1312,125,0
2020-05-28,Mexico,127792286,Jalisco,8409693,NA,NA,NA,NA,82,5,0,1452,133,0
2020-05-30,Mexico,127792286,Jalisco,8409693,NA,NA,NA,NA,140,3,0,1686,139,0
2020-06-01,Mexico,127792286,Jalisco,8409693,NA,NA,NA,NA,39,8,0,1826,151,0
2020-06-03,Mexico,127792286,Jalisco,8409693,NA,NA,NA,NA,114,16,0,2166,183,0
2020-06-05,Mexico,127792286,Jalisco,8409693,NA,NA,NA,NA,154,21,0,2474,213,0
2020-06-07,Mexico,127792286,Jalisco,8409693,NA,NA,NA,NA,170,12,0,2849,241,0
2020-06-09,Mexico,127792286,Jalisco,8409693,NA,NA,NA,NA,230,15,0,3253,272,0
2020-06-11,Mexico,127792286,Jalisco,8409693,NA,NA,NA,NA,205,26,0,3547,310,0
2020-06-13,Mexico,127792286,Jalisco,8409693,NA,NA,NA,NA,174,8,0,3916,327,0
2020-06-15,Mexico,127792286,Jalisco,8409693,NA,NA,NA,NA,94,13,0,4173,348,0
2020-06-17,Mexico,127792286,Jalisco,8409693,NA,NA,NA,NA,209,41,0,4535,404,0
2020-06-19,Mexico,127792286,Jalisco,8409693,NA,NA,NA,NA,136,6,0,4830,432,0
2020-06-21,Mexico,127792286,Jalisco,8409693,NA,NA,NA,NA,172,20,0,5130,461,0
2020-06-23,Mexico,127792286,Jalisco,8409693,NA,NA,NA,NA,310,20,0,5570,492,0
2020-06-25,Mexico,127792286,Jalisco,8409693,NA,NA,NA,NA,163,35,0,5923,563,0
2020-06-27,Mexico,127792286,Jalisco,8409693,NA,NA,NA,NA,131,17,0,6237,620,0
2020-06-29,Mexico,127792286,Jalisco,8409693,NA,NA,NA,NA,105,26,0,6540,662,0
2020-07-01,Mexico,127792286,Jalisco,8409693,NA,NA,NA,NA,189,37,0,6918,729,0
2020-07-03,Mexico,127792286,Jalisco,8409693,NA,NA,NA,NA,231,25,0,7303,787,0
2020-07-05,Mexico,127792286,Jalisco,8409693,NA,NA,NA,NA,179,41,0,7726,848,0
2020-07-07,Mexico,127792286,Jalisco,8409693,NA,NA,NA,NA,167,22,0,8121,889,0
2020-07-09,Mexico,127792286,Jalisco,8409693,NA,NA,NA,NA,307,34,0,8619,951,0
2020-07-11,Mexico,127792286,Jalisco,8409693,NA,NA,NA,NA,193,27,0,9027,1001,0
2020-07-13,Mexico,127792286,Jalisco,8409693,NA,NA,NA,NA,130,26,0,9368,1045,0
2020-07-15,Mexico,127792286,Jalisco,8409693,NA,NA,NA,NA,250,21,0,9796,1105,0
2020-07-17,Mexico,127792286,Jalisco,8409693,NA,NA,NA,NA,151,30,0,10109,1177,0
2020-07-19,Mexico,127792286,Jalisco,8409693,NA,NA,NA,NA,170,17,0,10543,1233,0
2020-07-21,Mexico,127792286,Jalisco,8409693,NA,NA,NA,NA,185,37,0,10862,1289,0
2020-07-23,Mexico,127792286,Jalisco,8409693,NA,NA,NA,NA,433,30,0,11507,1340,0
2020-07-25,Mexico,127792286,Jalisco,8409693,NA,NA,NA,NA,145,33,0,11932,1394,0
2020-07-27,Mexico,127792286,Jalisco,8409693,NA,NA,NA,NA,113,18,0,12264,1429,0
2020-07-29,Mexico,127792286,Jalisco,8409693,NA,NA,NA,NA,95,13,0,12593,1478,0
2020-07-31,Mexico,127792286,Jalisco,8409693,NA,NA,NA,NA,240,22,0,13089,1524,0
2020-08-02,Mexico,127792286,Jalisco,8409693,NA,NA,NA,NA,193,25,0,13531,1584,0
2020-08-04,Mexico,127792286,Jalisco,8409693,NA,NA,NA,NA,216,26,0,13903,1627,0
2020-08-06,Mexico,127792286,Jalisco,8409693,NA,NA,NA,NA,255,30,0,14379,1685,0
2020-08-08,Mexico,127792286,Jalisco,8409693,NA,NA,NA,NA,293,34,0,14866,1754,0
2020-08-10,Mexico,127792286,Jalisco,8409693,NA,NA,NA,NA,370,58,0,15421,1830,0
2020-08-12,Mexico,127792286,Jalisco,8409693,NA,NA,NA,NA,168,24,0,15866,1904,0
2020-08-14,Mexico,127792286,Jalisco,8409693,NA,NA,NA,NA,94,16,0,16041,1955,0
2020-02-25,Mexico,127792286,Michoacan,4825401,NA,NA,NA,NA,NA,NA,NA,0,0,0
2020-02-27,Mexico,127792286,Michoacan,4825401,NA,NA,NA,NA,0,0,0,0,0,0
2020-02-29,Mexico,127792286,Michoacan,4825401,NA,NA,NA,NA,0,0,0,0,0,0
2020-03-02,Mexico,127792286,Michoacan,4825401,NA,NA,NA,NA,0,0,0,0,0,0
2020-03-04,Mexico,127792286,Michoacan,4825401,NA,NA,NA,NA,0,0,0,0,0,0
2020-03-06,Mexico,127792286,Michoacan,4825401,NA,NA,NA,NA,1,0,0,1,0,0
2020-03-08,Mexico,127792286,Michoacan,4825401,NA,NA,NA,NA,0,0,0,1,0,0
2020-03-10,Mexico,127792286,Michoacan,4825401,NA,NA,NA,NA,0,0,0,1,0,0
2020-03-12,Mexico,127792286,Michoacan,4825401,NA,NA,NA,NA,1,0,0,3,0,0
2020-03-14,Mexico,127792286,Michoacan,4825401,NA,NA,NA,NA,0,0,1,3,0,1
2020-03-16,Mexico,127792286,Michoacan,4825401,NA,NA,NA,NA,5,0,0,9,0,1
2020-03-18,Mexico,127792286,Michoacan,4825401,NA,NA,NA,NA,0,0,0,10,0,1
2020-03-20,Mexico,127792286,Michoacan,4825401,NA,NA,NA,NA,4,0,0,14,0,1
2020-03-22,Mexico,127792286,Michoacan,4825401,NA,NA,NA,NA,8,0,0,22,0,1
2020-03-24,Mexico,127792286,Michoacan,4825401,NA,NA,NA,NA,0,0,0,22,0,1
2020-03-26,Mexico,127792286,Michoacan,4825401,NA,NA,NA,NA,20,0,0,46,0,1
2020-03-28,Mexico,127792286,Michoacan,4825401,NA,NA,NA,NA,15,0,0,85,0,1
2020-03-30,Mexico,127792286,Michoacan,4825401,NA,NA,NA,NA,17,1,0,136,1,1
2020-04-01,Mexico,127792286,Michoacan,4825401,NA,NA,NA,NA,8,0,0,157,1,1
2020-04-03,Mexico,127792286,Michoacan,4825401,NA,NA,NA,NA,6,0,0,177,1,1
2020-04-05,Mexico,127792286,Michoacan,4825401,NA,NA,NA,NA,24,0,0,204,3,1
2020-04-07,Mexico,127792286,Michoacan,4825401,NA,NA,NA,NA,59,1,0,320,9,1
2020-04-09,Mexico,127792286,Michoacan,4825401,NA,NA,NA,NA,45,0,0,399,11,1
2020-04-11,Mexico,127792286,Michoacan,4825401,NA,NA,NA,NA,28,3,0,498,19,1
2020-04-13,Mexico,127792286,Michoacan,4825401,NA,NA,NA,NA,35,5,0,558,27,1
2020-04-15,Mexico,127792286,Michoacan,4825401,NA,NA,NA,NA,57,8,0,659,43,1
2020-04-17,Mexico,127792286,Michoacan,4825401,NA,NA,NA,NA,59,3,0,754,49,1
2020-04-19,Mexico,127792286,Michoacan,4825401,NA,NA,NA,NA,91,3,0,877,55,1
2020-04-21,Mexico,127792286,Michoacan,4825401,NA,NA,NA,NA,112,13,0,1013,71,1
2020-04-23,Mexico,127792286,Michoacan,4825401,NA,NA,NA,NA,88,13,0,1245,95,1
2020-04-25,Mexico,127792286,Michoacan,4825401,NA,NA,NA,NA,163,6,0,1608,110,1
2020-04-27,Mexico,127792286,Michoacan,4825401,NA,NA,NA,NA,0,0,0,219,34,1
2020-04-29,Mexico,127792286,Michoacan,4825401,NA,NA,NA,NA,29,1,0,287,38,1
2020-05-01,Mexico,127792286,Michoacan,4825401,NA,NA,NA,NA,32,3,0,355,45,1
2020-05-03,Mexico,127792286,Michoacan,4825401,NA,NA,NA,NA,3,3,0,381,51,1
2020-05-05,Mexico,127792286,Michoacan,4825401,NA,NA,NA,NA,19,2,0,407,56,1
2020-05-07,Mexico,127792286,Michoacan,4825401,NA,NA,NA,NA,51,1,0,487,58,1
2020-05-09,Mexico,127792286,Michoacan,4825401,NA,NA,NA,NA,55,3,0,574,62,1
2020-05-11,Mexico,127792286,Michoacan,4825401,NA,NA,NA,NA,8,4,0,596,71,1
2020-05-13,Mexico,127792286,Michoacan,4825401,NA,NA,NA,NA,67,4,0,699,77,1
2020-05-15,Mexico,127792286,Michoacan,4825401,NA,NA,NA,NA,48,2,0,789,81,1
2020-05-17,Mexico,127792286,Michoacan,4825401,NA,NA,NA,NA,57,1,0,940,88,1
2020-05-19,Mexico,127792286,Michoacan,4825401,NA,NA,NA,NA,107,3,0,1063,94,1
2020-05-21,Mexico,127792286,Michoacan,4825401,NA,NA,NA,NA,69,10,0,1184,107,1
2020-05-23,Mexico,127792286,Michoacan,4825401,NA,NA,NA,NA,82,5,0,1354,115,1
2020-05-25,Mexico,127792286,Michoacan,4825401,NA,NA,NA,NA,35,3,0,1430,119,1
2020-05-27,Mexico,127792286,Michoacan,4825401,NA,NA,NA,NA,119,11,0,1641,143,1
2020-05-29,Mexico,127792286,Michoacan,4825401,NA,NA,NA,NA,103,3,0,1846,153,1
2020-05-31,Mexico,127792286,Michoacan,4825401,NA,NA,NA,NA,44,2,0,1951,165,1
2020-06-02,Mexico,127792286,Michoacan,4825401,NA,NA,NA,NA,77,6,0,2064,175,1
2020-06-04,Mexico,127792286,Michoacan,4825401,NA,NA,NA,NA,96,12,0,2257,206,1
2020-06-06,Mexico,127792286,Michoacan,4825401,NA,NA,NA,NA,12,3,0,2368,223,1
2020-06-08,Mexico,127792286,Michoacan,4825401,NA,NA,NA,NA,80,7,0,2608,235,1
2020-06-10,Mexico,127792286,Michoacan,4825401,NA,NA,NA,NA,114,12,0,3018,257,1
2020-06-12,Mexico,127792286,Michoacan,4825401,NA,NA,NA,NA,153,6,0,3385,268,1
2020-06-14,Mexico,127792286,Michoacan,4825401,NA,NA,NA,NA,78,5,0,3546,277,1
2020-06-16,Mexico,127792286,Michoacan,4825401,NA,NA,NA,NA,61,20,0,3719,307,1
2020-06-18,Mexico,127792286,Michoacan,4825401,NA,NA,NA,NA,192,17,0,4232,341,1
2020-06-20,Mexico,127792286,Michoacan,4825401,NA,NA,NA,NA,196,8,0,4536,361,1
2020-06-22,Mexico,127792286,Michoacan,4825401,NA,NA,NA,NA,160,12,0,4710,376,1
2020-06-24,Mexico,127792286,Michoacan,4825401,NA,NA,NA,NA,233,13,0,5070,401,1
2020-06-26,Mexico,127792286,Michoacan,4825401,NA,NA,NA,NA,106,5,0,5450,420,1
2020-06-28,Mexico,127792286,Michoacan,4825401,NA,NA,NA,NA,27,2,0,5563,431,1
2020-06-30,Mexico,127792286,Michoacan,4825401,NA,NA,NA,NA,99,9,0,5724,450,1
2020-07-02,Mexico,127792286,Michoacan,4825401,NA,NA,NA,NA,185,13,0,6052,479,1
2020-07-04,Mexico,127792286,Michoacan,4825401,NA,NA,NA,NA,70,4,0,6213,491,1
2020-07-06,Mexico,127792286,Michoacan,4825401,NA,NA,NA,NA,111,11,0,6527,506,1
2020-07-08,Mexico,127792286,Michoacan,4825401,NA,NA,NA,NA,72,12,0,6700,529,1
2020-07-10,Mexico,127792286,Michoacan,4825401,NA,NA,NA,NA,114,8,0,7064,552,1
2020-07-12,Mexico,127792286,Michoacan,4825401,NA,NA,NA,NA,0,2,0,7168,555,1
2020-07-14,Mexico,127792286,Michoacan,4825401,NA,NA,NA,NA,105,22,0,7444,585,1
2020-07-16,Mexico,127792286,Michoacan,4825401,NA,NA,NA,NA,204,12,0,7686,603,1
2020-07-18,Mexico,127792286,Michoacan,4825401,NA,NA,NA,NA,194,17,0,8020,636,1
2020-07-20,Mexico,127792286,Michoacan,4825401,NA,NA,NA,NA,122,2,0,8212,640,1
2020-07-22,Mexico,127792286,Michoacan,4825401,NA,NA,NA,NA,121,6,0,8417,650,1
2020-07-24,Mexico,127792286,Michoacan,4825401,NA,NA,NA,NA,65,5,0,8741,659,1
2020-07-26,Mexico,127792286,Michoacan,4825401,NA,NA,NA,NA,109,3,0,9054,675,1
2020-07-28,Mexico,127792286,Michoacan,4825401,NA,NA,NA,NA,103,10,0,9276,695,1
2020-07-30,Mexico,127792286,Michoacan,4825401,NA,NA,NA,NA,189,13,0,9590,723,1
2020-08-01,Mexico,127792286,Michoacan,4825401,NA,NA,NA,NA,146,9,0,9969,764,1
2020-08-03,Mexico,127792286,Michoacan,4825401,NA,NA,NA,NA,201,10,0,10339,778,1
2020-08-05,Mexico,127792286,Michoacan,4825401,NA,NA,NA,NA,57,17,0,10535,800,1
2020-08-07,Mexico,127792286,Michoacan,4825401,NA,NA,NA,NA,175,13,0,10871,829,1
2020-08-09,Mexico,127792286,Michoacan,4825401,NA,NA,NA,NA,210,11,0,11259,848,1
2020-08-11,Mexico,127792286,Michoacan,4825401,NA,NA,NA,NA,105,17,0,11556,884,1
2020-08-13,Mexico,127792286,Michoacan,4825401,NA,NA,NA,NA,143,23,0,11878,927,1
2020-08-15,Mexico,127792286,Michoacan,4825401,NA,NA,NA,NA,207,10,0,12207,962,1
2020-02-26,Mexico,127792286,Morelos,2044058,NA,NA,NA,NA,NA,NA,NA,0,0,0
2020-02-28,Mexico,127792286,Morelos,2044058,NA,NA,NA,NA,0,0,0,0,0,0
2020-03-01,Mexico,127792286,Morelos,2044058,NA,NA,NA,NA,0,0,0,0,0,0
2020-03-03,Mexico,127792286,Morelos,2044058,NA,NA,NA,NA,0,0,0,0,0,0
2020-03-05,Mexico,127792286,Morelos,2044058,NA,NA,NA,NA,0,0,0,0,0,0
2020-03-07,Mexico,127792286,Morelos,2044058,NA,NA,NA,NA,0,0,0,0,0,0
2020-03-09,Mexico,127792286,Morelos,2044058,NA,NA,NA,NA,0,0,0,0,0,0
2020-03-11,Mexico,127792286,Morelos,2044058,NA,NA,NA,NA,0,0,0,0,0,0
2020-03-13,Mexico,127792286,Morelos,2044058,NA,NA,NA,NA,0,0,0,0,0,0
2020-03-15,Mexico,127792286,Morelos,2044058,NA,NA,NA,NA,0,0,0,0,0,0
2020-03-17,Mexico,127792286,Morelos,2044058,NA,NA,NA,NA,0,0,0,0,0,0
2020-03-19,Mexico,127792286,Morelos,2044058,NA,NA,NA,NA,0,0,0,0,0,0
2020-03-21,Mexico,127792286,Morelos,2044058,NA,NA,NA,NA,0,0,0,0,0,0
2020-03-23,Mexico,127792286,Morelos,2044058,NA,NA,NA,NA,4,0,0,7,0,0
2020-03-25,Mexico,127792286,Morelos,2044058,NA,NA,NA,NA,2,0,0,10,0,0
2020-03-27,Mexico,127792286,Morelos,2044058,NA,NA,NA,NA,5,1,0,16,1,0
2020-03-29,Mexico,127792286,Morelos,2044058,NA,NA,NA,NA,0,0,0,17,1,0
2020-03-31,Mexico,127792286,Morelos,2044058,NA,NA,NA,NA,4,0,0,21,1,0
2020-04-02,Mexico,127792286,Morelos,2044058,NA,NA,NA,NA,0,0,0,24,1,0
2020-04-04,Mexico,127792286,Morelos,2044058,NA,NA,NA,NA,5,0,0,29,1,0
2020-04-06,Mexico,127792286,Morelos,2044058,NA,NA,NA,NA,3,0,0,33,3,0
2020-04-08,Mexico,127792286,Morelos,2044058,NA,NA,NA,NA,2,1,0,36,5,0
2020-04-10,Mexico,127792286,Morelos,2044058,NA,NA,NA,NA,0,2,0,46,7,0
2020-04-12,Mexico,127792286,Morelos,2044058,NA,NA,NA,NA,11,1,0,61,9,0
2020-04-14,Mexico,127792286,Morelos,2044058,NA,NA,NA,NA,5,2,0,67,11,0
2020-04-16,Mexico,127792286,Morelos,2044058,NA,NA,NA,NA,14,1,0,84,13,0
2020-04-18,Mexico,127792286,Morelos,2044058,NA,NA,NA,NA,8,2,0,107,16,0
2020-04-20,Mexico,127792286,Morelos,2044058,NA,NA,NA,NA,12,0,0,127,17,0
2020-04-22,Mexico,127792286,Morelos,2044058,NA,NA,NA,NA,7,2,0,146,21,0
2020-04-24,Mexico,127792286,Morelos,2044058,NA,NA,NA,NA,11,2,0,179,26,0
2020-04-26,Mexico,127792286,Morelos,2044058,NA,NA,NA,NA,15,3,0,210,31,0
2020-04-28,Mexico,127792286,Morelos,2044058,NA,NA,NA,NA,48,1,0,229,28,0
2020-04-30,Mexico,127792286,Morelos,2044058,NA,NA,NA,NA,46,6,0,307,36,0
2020-05-02,Mexico,127792286,Morelos,2044058,NA,NA,NA,NA,51,3,0,400,46,0
2020-05-04,Mexico,127792286,Morelos,2044058,NA,NA,NA,NA,74,8,0,487,57,0
2020-05-06,Mexico,127792286,Morelos,2044058,NA,NA,NA,NA,58,5,0,597,74,0
2020-05-08,Mexico,127792286,Morelos,2044058,NA,NA,NA,NA,55,9,0,697,93,0
2020-05-10,Mexico,127792286,Morelos,2044058,NA,NA,NA,NA,26,0,0,786,99,0
2020-05-12,Mexico,127792286,Morelos,2044058,NA,NA,NA,NA,55,26,0,856,125,0
2020-05-14,Mexico,127792286,Morelos,2044058,NA,NA,NA,NA,65,5,0,960,139,0
2020-05-16,Mexico,127792286,Morelos,2044058,NA,NA,NA,NA,13,2,0,1012,144,0
2020-05-18,Mexico,127792286,Morelos,2044058,NA,NA,NA,NA,4,0,0,1074,150,0
2020-05-20,Mexico,127792286,Morelos,2044058,NA,NA,NA,NA,14,23,0,1087,205,0
2020-05-22,Mexico,127792286,Morelos,2044058,NA,NA,NA,NA,0,18,0,1102,228,0
2020-05-24,Mexico,127792286,Morelos,2044058,NA,NA,NA,NA,44,0,0,1178,236,0
2020-05-26,Mexico,127792286,Morelos,2044058,NA,NA,NA,NA,0,9,0,1181,248,0
2020-05-28,Mexico,127792286,Morelos,2044058,NA,NA,NA,NA,36,9,0,1254,259,0
2020-05-30,Mexico,127792286,Morelos,2044058,NA,NA,NA,NA,61,0,0,1341,262,0
2020-06-01,Mexico,127792286,Morelos,2044058,NA,NA,NA,NA,6,5,0,1347,270,0
2020-06-03,Mexico,127792286,Morelos,2044058,NA,NA,NA,NA,25,8,0,1405,281,0
2020-06-05,Mexico,127792286,Morelos,2044058,NA,NA,NA,NA,52,7,0,1475,295,0
2020-06-07,Mexico,127792286,Morelos,2044058,NA,NA,NA,NA,36,2,0,1544,298,0
2020-06-09,Mexico,127792286,Morelos,2044058,NA,NA,NA,NA,27,14,0,1571,312,0
2020-06-11,Mexico,127792286,Morelos,2044058,NA,NA,NA,NA,40,7,0,1677,326,0
2020-06-13,Mexico,127792286,Morelos,2044058,NA,NA,NA,NA,30,0,0,1755,334,0
2020-06-15,Mexico,127792286,Morelos,2044058,NA,NA,NA,NA,18,1,0,1807,336,0
2020-06-17,Mexico,127792286,Morelos,2044058,NA,NA,NA,NA,58,6,0,1896,355,0
2020-06-19,Mexico,127792286,Morelos,2044058,NA,NA,NA,NA,37,5,0,1982,366,0
2020-06-21,Mexico,127792286,Morelos,2044058,NA,NA,NA,NA,186,160,0,2203,532,0
2020-06-23,Mexico,127792286,Morelos,2044058,NA,NA,NA,NA,75,8,0,2409,633,0
2020-06-25,Mexico,127792286,Morelos,2044058,NA,NA,NA,NA,49,1,0,2590,640,0
2020-06-27,Mexico,127792286,Morelos,2044058,NA,NA,NA,NA,79,4,0,2715,648,0
2020-06-29,Mexico,127792286,Morelos,2044058,NA,NA,NA,NA,16,2,0,2745,653,0
2020-07-01,Mexico,127792286,Morelos,2044058,NA,NA,NA,NA,87,13,0,2877,678,0
2020-07-03,Mexico,127792286,Morelos,2044058,NA,NA,NA,NA,63,9,0,2984,692,0
2020-07-05,Mexico,127792286,Morelos,2044058,NA,NA,NA,NA,2,2,0,3023,695,0
2020-07-07,Mexico,127792286,Morelos,2044058,NA,NA,NA,NA,19,2,0,3066,706,0
2020-07-09,Mexico,127792286,Morelos,2044058,NA,NA,NA,NA,47,14,0,3145,729,0
2020-07-11,Mexico,127792286,Morelos,2044058,NA,NA,NA,NA,8,4,0,3187,739,0
2020-07-13,Mexico,127792286,Morelos,2044058,NA,NA,NA,NA,14,2,0,3230,746,0
2020-07-15,Mexico,127792286,Morelos,2044058,NA,NA,NA,NA,65,7,0,3311,757,0
2020-07-17,Mexico,127792286,Morelos,2044058,NA,NA,NA,NA,50,11,0,3395,771,0
2020-07-19,Mexico,127792286,Morelos,2044058,NA,NA,NA,NA,9,1,0,3451,775,0
2020-07-21,Mexico,127792286,Morelos,2044058,NA,NA,NA,NA,51,11,0,3524,788,0
2020-07-23,Mexico,127792286,Morelos,2044058,NA,NA,NA,NA,38,5,0,3587,800,0
2020-07-25,Mexico,127792286,Morelos,2044058,NA,NA,NA,NA,55,10,0,3657,812,0
2020-07-27,Mexico,127792286,Morelos,2044058,NA,NA,NA,NA,17,1,0,3697,819,0
2020-07-29,Mexico,127792286,Morelos,2044058,NA,NA,NA,NA,23,7,0,3767,835,0
2020-07-31,Mexico,127792286,Morelos,2044058,NA,NA,NA,NA,25,4,0,3832,839,0
2020-08-02,Mexico,127792286,Morelos,2044058,NA,NA,NA,NA,28,2,0,3936,842,0
2020-08-04,Mexico,127792286,Morelos,2044058,NA,NA,NA,NA,26,5,0,3990,848,0
2020-08-06,Mexico,127792286,Morelos,2044058,NA,NA,NA,NA,52,7,0,4079,861,0
2020-08-08,Mexico,127792286,Morelos,2044058,NA,NA,NA,NA,38,4,0,4180,872,0
2020-08-10,Mexico,127792286,Morelos,2044058,NA,NA,NA,NA,12,2,0,4225,874,0
2020-08-12,Mexico,127792286,Morelos,2044058,NA,NA,NA,NA,41,5,0,4279,882,0
2020-08-14,Mexico,127792286,Morelos,2044058,NA,NA,NA,NA,55,15,0,4381,900,0
2020-02-25,Mexico,127792286,Mexico,17427790,NA,NA,NA,NA,NA,NA,NA,0,0,0
2020-02-27,Mexico,127792286,Mexico,17427790,NA,NA,NA,NA,0,0,0,0,0,0
2020-02-29,Mexico,127792286,Mexico,17427790,NA,NA,NA,NA,0,0,0,0,0,0
2020-03-02,Mexico,127792286,Mexico,17427790,NA,NA,NA,NA,0,0,0,0,0,0
2020-03-04,Mexico,127792286,Mexico,17427790,NA,NA,NA,NA,0,0,0,0,0,0
2020-03-06,Mexico,127792286,Mexico,17427790,NA,NA,NA,NA,0,0,0,0,0,0
2020-03-08,Mexico,127792286,Mexico,17427790,NA,NA,NA,NA,0,0,0,0,0,0
2020-03-10,Mexico,127792286,Mexico,17427790,NA,NA,NA,NA,0,0,0,0,0,0
2020-03-12,Mexico,127792286,Mexico,17427790,NA,NA,NA,NA,0,0,0,0,0,0
2020-03-14,Mexico,127792286,Mexico,17427790,NA,NA,NA,NA,0,0,0,0,0,0
2020-03-16,Mexico,127792286,Mexico,17427790,NA,NA,NA,NA,0,0,0,0,0,0
2020-03-18,Mexico,127792286,Mexico,17427790,NA,NA,NA,NA,0,0,0,0,0,0
2020-03-20,Mexico,127792286,Mexico,17427790,NA,NA,NA,NA,2,0,0,2,0,0
2020-03-22,Mexico,127792286,Mexico,17427790,NA,NA,NA,NA,0,0,0,2,0,0
2020-03-24,Mexico,127792286,Mexico,17427790,NA,NA,NA,NA,0,0,0,2,0,0
2020-03-26,Mexico,127792286,Mexico,17427790,NA,NA,NA,NA,2,0,0,4,0,0
2020-03-28,Mexico,127792286,Mexico,17427790,NA,NA,NA,NA,0,0,0,4,0,0
2020-03-30,Mexico,127792286,Mexico,17427790,NA,NA,NA,NA,0,0,0,6,1,0
2020-04-01,Mexico,127792286,Mexico,17427790,NA,NA,NA,NA,2,0,0,9,1,0
2020-04-03,Mexico,127792286,Mexico,17427790,NA,NA,NA,NA,3,0,0,12,3,0
2020-04-05,Mexico,127792286,Mexico,17427790,NA,NA,NA,NA,1,0,0,15,3,0
2020-04-07,Mexico,127792286,Mexico,17427790,NA,NA,NA,NA,7,1,0,24,4,0
2020-04-09,Mexico,127792286,Mexico,17427790,NA,NA,NA,NA,9,2,0,35,7,0
2020-04-11,Mexico,127792286,Mexico,17427790,NA,NA,NA,NA,5,0,0,40,7,0
2020-04-13,Mexico,127792286,Mexico,17427790,NA,NA,NA,NA,5,0,0,49,7,0
2020-04-15,Mexico,127792286,Mexico,17427790,NA,NA,NA,NA,3,1,0,56,10,0
2020-04-17,Mexico,127792286,Mexico,17427790,NA,NA,NA,NA,15,0,0,73,10,0
2020-04-19,Mexico,127792286,Mexico,17427790,NA,NA,NA,NA,5,1,0,82,12,0
2020-04-21,Mexico,127792286,Mexico,17427790,NA,NA,NA,NA,4,2,0,89,14,0
2020-04-23,Mexico,127792286,Mexico,17427790,NA,NA,NA,NA,16,2,0,112,20,0
2020-04-25,Mexico,127792286,Mexico,17427790,NA,NA,NA,NA,23,1,0,158,25,0
2020-04-27,Mexico,127792286,Mexico,17427790,NA,NA,NA,NA,1575,95,0,1753,122,0
2020-04-29,Mexico,127792286,Mexico,17427790,NA,NA,NA,NA,87,15,0,2053,143,0
2020-05-01,Mexico,127792286,Mexico,17427790,NA,NA,NA,NA,246,16,0,2504,185,0
2020-05-03,Mexico,127792286,Mexico,17427790,NA,NA,NA,NA,227,8,0,2842,199,0
2020-05-05,Mexico,127792286,Mexico,17427790,NA,NA,NA,NA,124,20,0,3210,227,0
2020-05-07,Mexico,127792286,Mexico,17427790,NA,NA,NA,NA,307,31,0,3681,275,0
2020-05-09,Mexico,127792286,Mexico,17427790,NA,NA,NA,NA,162,21,0,4025,321,0
2020-05-11,Mexico,127792286,Mexico,17427790,NA,NA,NA,NA,111,3,0,4257,343,0
2020-05-13,Mexico,127792286,Mexico,17427790,NA,NA,NA,NA,168,27,0,4689,405,0
2020-05-15,Mexico,127792286,Mexico,17427790,NA,NA,NA,NA,170,20,0,5168,453,0
2020-05-17,Mexico,127792286,Mexico,17427790,NA,NA,NA,NA,200,8,0,5569,478,0
2020-05-19,Mexico,127792286,Mexico,17427790,NA,NA,NA,NA,276,19,0,6034,503,0
2020-05-21,Mexico,127792286,Mexico,17427790,NA,NA,NA,NA,148,59,0,6369,622,0
2020-05-23,Mexico,127792286,Mexico,17427790,NA,NA,NA,NA,184,33,0,6881,842,0
2020-05-25,Mexico,127792286,Mexico,17427790,NA,NA,NA,NA,351,26,0,7514,872,0
2020-05-27,Mexico,127792286,Mexico,17427790,NA,NA,NA,NA,661,59,0,8906,1002,0
2020-05-29,Mexico,127792286,Mexico,17427790,NA,NA,NA,NA,231,41,0,9365,1087,0
2020-05-31,Mexico,127792286,Mexico,17427790,NA,NA,NA,NA,391,11,0,9855,1159,0
2020-06-02,Mexico,127792286,Mexico,17427790,NA,NA,NA,NA,359,37,0,10454,1205,0
2020-06-04,Mexico,127792286,Mexico,17427790,NA,NA,NA,NA,564,170,0,11388,1475,0
2020-06-06,Mexico,127792286,Mexico,17427790,NA,NA,NA,NA,156,17,0,11957,1548,0
2020-06-08,Mexico,127792286,Mexico,17427790,NA,NA,NA,NA,327,58,0,12513,1621,0
2020-06-10,Mexico,127792286,Mexico,17427790,NA,NA,NA,NA,826,110,0,13879,1761,0
2020-06-12,Mexico,127792286,Mexico,17427790,NA,NA,NA,NA,525,72,0,15071,1885,0
2020-06-14,Mexico,127792286,Mexico,17427790,NA,NA,NA,NA,390,21,0,15675,1952,0
2020-06-16,Mexico,127792286,Mexico,17427790,NA,NA,NA,NA,715,104,0,16621,2109,0
2020-06-18,Mexico,127792286,Mexico,17427790,NA,NA,NA,NA,500,121,0,17630,2343,0
2020-06-20,Mexico,127792286,Mexico,17427790,NA,NA,NA,NA,266,45,0,18295,2502,0
2020-06-22,Mexico,127792286,Mexico,17427790,NA,NA,NA,NA,871,323,0,20330,3415,0
2020-06-24,Mexico,127792286,Mexico,17427790,NA,NA,NA,NA,955,196,0,21759,3711,0
2020-06-26,Mexico,127792286,Mexico,17427790,NA,NA,NA,NA,457,148,0,22957,4021,0
2020-06-28,Mexico,127792286,Mexico,17427790,NA,NA,NA,NA,236,8,0,23483,4164,0
2020-06-30,Mexico,127792286,Mexico,17427790,NA,NA,NA,NA,493,112,0,24118,4312,0
2020-07-02,Mexico,127792286,Mexico,17427790,NA,NA,NA,NA,483,64,0,25224,4514,0
2020-07-04,Mexico,127792286,Mexico,17427790,NA,NA,NA,NA,576,55,0,26418,4670,0
2020-07-06,Mexico,127792286,Mexico,17427790,NA,NA,NA,NA,387,73,0,27070,4754,0
2020-07-08,Mexico,127792286,Mexico,17427790,NA,NA,NA,NA,597,91,0,28472,4985,0
2020-07-10,Mexico,127792286,Mexico,17427790,NA,NA,NA,NA,303,47,0,29529,5109,0
2020-07-12,Mexico,127792286,Mexico,17427790,NA,NA,NA,NA,237,24,0,30072,5184,0
2020-07-14,Mexico,127792286,Mexico,17427790,NA,NA,NA,NA,612,141,0,31019,5378,0
2020-07-16,Mexico,127792286,Mexico,17427790,NA,NA,NA,NA,500,85,0,31926,5524,0
2020-07-18,Mexico,127792286,Mexico,17427790,NA,NA,NA,NA,499,55,0,32734,5651,0
2020-07-20,Mexico,127792286,Mexico,17427790,NA,NA,NA,NA,79,23,0,32955,5688,0
2020-07-22,Mexico,127792286,Mexico,17427790,NA,NA,NA,NA,596,85,0,34117,5899,0
2020-07-24,Mexico,127792286,Mexico,17427790,NA,NA,NA,NA,255,56,0,34688,6035,0
2020-07-26,Mexico,127792286,Mexico,17427790,NA,NA,NA,NA,266,21,0,35322,6129,0
2020-07-28,Mexico,127792286,Mexico,17427790,NA,NA,NA,NA,650,77,0,36130,6222,0
2020-07-30,Mexico,127792286,Mexico,17427790,NA,NA,NA,NA,481,52,0,37177,6316,0
2020-08-01,Mexico,127792286,Mexico,17427790,NA,NA,NA,NA,677,121,0,38170,6500,0
2020-08-03,Mexico,127792286,Mexico,17427790,NA,NA,NA,NA,287,25,0,38627,6536,0
2020-08-05,Mexico,127792286,Mexico,17427790,NA,NA,NA,NA,402,66,0,39705,6695,0
2020-08-07,Mexico,127792286,Mexico,17427790,NA,NA,NA,NA,361,101,0,40583,6869,0
2020-08-09,Mexico,127792286,Mexico,17427790,NA,NA,NA,NA,216,13,0,41133,6928,0
2020-08-11,Mexico,127792286,Mexico,17427790,NA,NA,NA,NA,518,85,0,41992,7052,0
2020-08-13,Mexico,127792286,Mexico,17427790,NA,NA,NA,NA,454,46,0,43165,7162,0
2020-08-15,Mexico,127792286,Mexico,17427790,NA,NA,NA,NA,439,61,0,44011,7286,0
2020-02-26,Mexico,127792286,Nayarit,1288571,NA,NA,NA,NA,NA,NA,NA,0,0,0
2020-02-28,Mexico,127792286,Nayarit,1288571,NA,NA,NA,NA,0,0,0,0,0,0
2020-03-01,Mexico,127792286,Nayarit,1288571,NA,NA,NA,NA,0,0,0,0,0,0
2020-03-03,Mexico,127792286,Nayarit,1288571,NA,NA,NA,NA,0,0,0,0,0,0
2020-03-05,Mexico,127792286,Nayarit,1288571,NA,NA,NA,NA,0,0,0,0,0,0
2020-03-07,Mexico,127792286,Nayarit,1288571,NA,NA,NA,NA,0,0,0,0,0,0
2020-03-09,Mexico,127792286,Nayarit,1288571,NA,NA,NA,NA,0,0,0,0,0,0
2020-03-11,Mexico,127792286,Nayarit,1288571,NA,NA,NA,NA,0,0,0,0,0,0
2020-03-13,Mexico,127792286,Nayarit,1288571,NA,NA,NA,NA,0,0,0,0,0,0
2020-03-15,Mexico,127792286,Nayarit,1288571,NA,NA,NA,NA,0,0,0,0,0,0
2020-03-17,Mexico,127792286,Nayarit,1288571,NA,NA,NA,NA,0,0,0,0,0,0
2020-03-19,Mexico,127792286,Nayarit,1288571,NA,NA,NA,NA,0,0,0,0,0,0
2020-03-21,Mexico,127792286,Nayarit,1288571,NA,NA,NA,NA,1,0,0,1,0,0
2020-03-23,Mexico,127792286,Nayarit,1288571,NA,NA,NA,NA,0,0,0,1,0,0
2020-03-25,Mexico,127792286,Nayarit,1288571,NA,NA,NA,NA,3,0,0,4,0,0
2020-03-27,Mexico,127792286,Nayarit,1288571,NA,NA,NA,NA,1,0,0,5,0,0
2020-03-29,Mexico,127792286,Nayarit,1288571,NA,NA,NA,NA,0,0,0,5,0,0
2020-03-31,Mexico,127792286,Nayarit,1288571,NA,NA,NA,NA,0,0,0,6,0,0
2020-04-02,Mexico,127792286,Nayarit,1288571,NA,NA,NA,NA,0,0,0,8,1,0
2020-04-04,Mexico,127792286,Nayarit,1288571,NA,NA,NA,NA,1,0,0,9,1,0
2020-04-06,Mexico,127792286,Nayarit,1288571,NA,NA,NA,NA,1,0,0,10,1,0
2020-04-08,Mexico,127792286,Nayarit,1288571,NA,NA,NA,NA,2,0,0,12,1,0
2020-04-10,Mexico,127792286,Nayarit,1288571,NA,NA,NA,NA,3,0,0,19,3,0
2020-04-12,Mexico,127792286,Nayarit,1288571,NA,NA,NA,NA,1,0,0,22,4,0
2020-04-14,Mexico,127792286,Nayarit,1288571,NA,NA,NA,NA,0,0,0,25,4,0
2020-04-16,Mexico,127792286,Nayarit,1288571,NA,NA,NA,NA,2,0,0,29,5,0
2020-04-18,Mexico,127792286,Nayarit,1288571,NA,NA,NA,NA,2,0,0,33,5,0
2020-04-20,Mexico,127792286,Nayarit,1288571,NA,NA,NA,NA,2,0,0,37,5,0
2020-04-22,Mexico,127792286,Nayarit,1288571,NA,NA,NA,NA,2,1,0,43,6,0
2020-04-24,Mexico,127792286,Nayarit,1288571,NA,NA,NA,NA,2,0,0,51,7,0
2020-04-26,Mexico,127792286,Nayarit,1288571,NA,NA,NA,NA,4,0,0,57,7,0
2020-04-28,Mexico,127792286,Nayarit,1288571,NA,NA,NA,NA,3,4,0,61,11,0
2020-04-30,Mexico,127792286,Nayarit,1288571,NA,NA,NA,NA,20,0,0,86,12,0
2020-05-02,Mexico,127792286,Nayarit,1288571,NA,NA,NA,NA,10,0,0,99,12,0
2020-05-04,Mexico,127792286,Nayarit,1288571,NA,NA,NA,NA,9,1,0,116,13,0
2020-05-06,Mexico,127792286,Nayarit,1288571,NA,NA,NA,NA,18,3,0,142,20,0
2020-05-08,Mexico,127792286,Nayarit,1288571,NA,NA,NA,NA,23,1,0,193,21,0
2020-05-10,Mexico,127792286,Nayarit,1288571,NA,NA,NA,NA,9,1,0,208,23,0
2020-05-12,Mexico,127792286,Nayarit,1288571,NA,NA,NA,NA,9,2,0,233,25,0
2020-05-14,Mexico,127792286,Nayarit,1288571,NA,NA,NA,NA,23,0,0,260,26,0
2020-05-16,Mexico,127792286,Nayarit,1288571,NA,NA,NA,NA,18,3,0,291,29,0
2020-05-18,Mexico,127792286,Nayarit,1288571,NA,NA,NA,NA,8,1,0,308,31,0
2020-05-20,Mexico,127792286,Nayarit,1288571,NA,NA,NA,NA,15,2,0,335,37,0
2020-05-22,Mexico,127792286,Nayarit,1288571,NA,NA,NA,NA,16,2,0,364,40,0
2020-05-24,Mexico,127792286,Nayarit,1288571,NA,NA,NA,NA,15,1,0,401,42,0
2020-05-26,Mexico,127792286,Nayarit,1288571,NA,NA,NA,NA,17,3,0,437,45,0
2020-05-28,Mexico,127792286,Nayarit,1288571,NA,NA,NA,NA,22,3,0,479,49,0
2020-05-30,Mexico,127792286,Nayarit,1288571,NA,NA,NA,NA,26,1,0,526,52,0
2020-06-01,Mexico,127792286,Nayarit,1288571,NA,NA,NA,NA,42,6,0,597,59,0
2020-06-03,Mexico,127792286,Nayarit,1288571,NA,NA,NA,NA,14,7,0,624,75,0
2020-06-05,Mexico,127792286,Nayarit,1288571,NA,NA,NA,NA,27,3,0,692,81,0
2020-06-07,Mexico,127792286,Nayarit,1288571,NA,NA,NA,NA,35,1,0,756,86,0
2020-06-09,Mexico,127792286,Nayarit,1288571,NA,NA,NA,NA,23,3,0,804,90,0
2020-06-11,Mexico,127792286,Nayarit,1288571,NA,NA,NA,NA,36,5,0,871,101,0
2020-06-13,Mexico,127792286,Nayarit,1288571,NA,NA,NA,NA,34,2,0,947,110,0
2020-06-15,Mexico,127792286,Nayarit,1288571,NA,NA,NA,NA,16,2,0,1000,113,0
2020-06-17,Mexico,127792286,Nayarit,1288571,NA,NA,NA,NA,43,1,0,1088,126,0
2020-06-19,Mexico,127792286,Nayarit,1288571,NA,NA,NA,NA,43,3,0,1170,140,0
2020-06-21,Mexico,127792286,Nayarit,1288571,NA,NA,NA,NA,68,7,0,1289,151,0
2020-06-23,Mexico,127792286,Nayarit,1288571,NA,NA,NA,NA,37,7,0,1336,160,0
2020-06-25,Mexico,127792286,Nayarit,1288571,NA,NA,NA,NA,50,6,0,1438,168,0
2020-06-27,Mexico,127792286,Nayarit,1288571,NA,NA,NA,NA,57,6,0,1543,183,0
2020-06-29,Mexico,127792286,Nayarit,1288571,NA,NA,NA,NA,22,10,0,1631,195,0
2020-07-01,Mexico,127792286,Nayarit,1288571,NA,NA,NA,NA,51,7,0,1728,208,0
2020-07-03,Mexico,127792286,Nayarit,1288571,NA,NA,NA,NA,64,3,0,1856,212,0
2020-07-05,Mexico,127792286,Nayarit,1288571,NA,NA,NA,NA,64,1,0,1974,214,0
2020-07-07,Mexico,127792286,Nayarit,1288571,NA,NA,NA,NA,37,9,0,2024,225,0
2020-07-09,Mexico,127792286,Nayarit,1288571,NA,NA,NA,NA,57,7,0,2151,236,0
2020-07-11,Mexico,127792286,Nayarit,1288571,NA,NA,NA,NA,52,7,0,2248,249,0
2020-07-13,Mexico,127792286,Nayarit,1288571,NA,NA,NA,NA,22,2,0,2362,251,0
2020-07-15,Mexico,127792286,Nayarit,1288571,NA,NA,NA,NA,70,0,0,2476,264,0
2020-07-17,Mexico,127792286,Nayarit,1288571,NA,NA,NA,NA,45,0,0,2588,271,0
2020-07-19,Mexico,127792286,Nayarit,1288571,NA,NA,NA,NA,53,1,0,2721,285,0
2020-07-21,Mexico,127792286,Nayarit,1288571,NA,NA,NA,NA,68,4,0,2814,291,0
2020-07-23,Mexico,127792286,Nayarit,1288571,NA,NA,NA,NA,62,6,0,2947,309,0
2020-07-25,Mexico,127792286,Nayarit,1288571,NA,NA,NA,NA,67,15,0,3085,340,0
2020-07-27,Mexico,127792286,Nayarit,1288571,NA,NA,NA,NA,28,6,0,3161,347,0
2020-07-29,Mexico,127792286,Nayarit,1288571,NA,NA,NA,NA,34,15,0,3269,371,0
2020-07-31,Mexico,127792286,Nayarit,1288571,NA,NA,NA,NA,77,4,0,3380,387,0
2020-08-02,Mexico,127792286,Nayarit,1288571,NA,NA,NA,NA,38,4,0,3492,396,0
2020-08-04,Mexico,127792286,Nayarit,1288571,NA,NA,NA,NA,44,10,0,3577,410,0
2020-08-06,Mexico,127792286,Nayarit,1288571,NA,NA,NA,NA,62,5,0,3671,425,0
2020-08-08,Mexico,127792286,Nayarit,1288571,NA,NA,NA,NA,83,7,0,3822,443,0
2020-08-10,Mexico,127792286,Nayarit,1288571,NA,NA,NA,NA,46,4,0,3932,448,0
2020-08-12,Mexico,127792286,Nayarit,1288571,NA,NA,NA,NA,74,5,0,4025,468,0
2020-08-14,Mexico,127792286,Nayarit,1288571,NA,NA,NA,NA,59,4,0,4129,476,0
2020-02-25,Mexico,127792286,Nuevo Leon,5610153,NA,NA,NA,NA,NA,NA,NA,0,0,0
2020-02-27,Mexico,127792286,Nuevo Leon,5610153,NA,NA,NA,NA,0,0,0,0,0,0
2020-02-29,Mexico,127792286,Nuevo Leon,5610153,NA,NA,NA,NA,0,0,0,0,0,0
2020-03-02,Mexico,127792286,Nuevo Leon,5610153,NA,NA,NA,NA,0,0,0,0,0,0
2020-03-04,Mexico,127792286,Nuevo Leon,5610153,NA,NA,NA,NA,0,0,0,0,0,0
2020-03-06,Mexico,127792286,Nuevo Leon,5610153,NA,NA,NA,NA,0,0,0,0,0,0
2020-03-08,Mexico,127792286,Nuevo Leon,5610153,NA,NA,NA,NA,0,0,0,0,0,0
2020-03-10,Mexico,127792286,Nuevo Leon,5610153,NA,NA,NA,NA,0,0,0,0,0,0
2020-03-12,Mexico,127792286,Nuevo Leon,5610153,NA,NA,NA,NA,1,0,0,1,0,0
2020-03-14,Mexico,127792286,Nuevo Leon,5610153,NA,NA,NA,NA,2,0,0,3,0,0
2020-03-16,Mexico,127792286,Nuevo Leon,5610153,NA,NA,NA,NA,8,0,0,13,0,0
2020-03-18,Mexico,127792286,Nuevo Leon,5610153,NA,NA,NA,NA,5,0,0,19,0,0
2020-03-20,Mexico,127792286,Nuevo Leon,5610153,NA,NA,NA,NA,10,0,0,29,0,0
2020-03-22,Mexico,127792286,Nuevo Leon,5610153,NA,NA,NA,NA,3,0,0,35,0,0
2020-03-24,Mexico,127792286,Nuevo Leon,5610153,NA,NA,NA,NA,12,0,0,52,0,0
2020-03-26,Mexico,127792286,Nuevo Leon,5610153,NA,NA,NA,NA,5,0,0,57,0,0
2020-03-28,Mexico,127792286,Nuevo Leon,5610153,NA,NA,NA,NA,0,0,0,64,0,0
2020-03-30,Mexico,127792286,Nuevo Leon,5610153,NA,NA,NA,NA,8,0,0,75,0,0
2020-04-01,Mexico,127792286,Nuevo Leon,5610153,NA,NA,NA,NA,2,0,0,78,0,0
2020-04-03,Mexico,127792286,Nuevo Leon,5610153,NA,NA,NA,NA,1,0,0,85,0,0
2020-04-05,Mexico,127792286,Nuevo Leon,5610153,NA,NA,NA,NA,3,1,0,91,2,0
2020-04-07,Mexico,127792286,Nuevo Leon,5610153,NA,NA,NA,NA,0,1,0,93,4,0
2020-04-09,Mexico,127792286,Nuevo Leon,5610153,NA,NA,NA,NA,9,1,0,107,5,0
2020-04-11,Mexico,127792286,Nuevo Leon,5610153,NA,NA,NA,NA,9,0,0,119,5,0
2020-04-13,Mexico,127792286,Nuevo Leon,5610153,NA,NA,NA,NA,8,0,0,132,5,0
2020-04-15,Mexico,127792286,Nuevo Leon,5610153,NA,NA,NA,NA,14,0,0,150,5,0
2020-04-17,Mexico,127792286,Nuevo Leon,5610153,NA,NA,NA,NA,0,0,0,159,5,0
2020-04-19,Mexico,127792286,Nuevo Leon,5610153,NA,NA,NA,NA,12,0,0,184,6,0
2020-04-21,Mexico,127792286,Nuevo Leon,5610153,NA,NA,NA,NA,1,0,0,203,6,0
2020-04-23,Mexico,127792286,Nuevo Leon,5610153,NA,NA,NA,NA,38,1,0,259,7,0
2020-04-25,Mexico,127792286,Nuevo Leon,5610153,NA,NA,NA,NA,12,0,0,282,9,0
2020-04-27,Mexico,127792286,Nuevo Leon,5610153,NA,NA,NA,NA,8,1,0,295,10,0
2020-04-29,Mexico,127792286,Nuevo Leon,5610153,NA,NA,NA,NA,14,1,0,324,13,0
2020-05-01,Mexico,127792286,Nuevo Leon,5610153,NA,NA,NA,NA,30,1,0,376,17,0
2020-05-03,Mexico,127792286,Nuevo Leon,5610153,NA,NA,NA,NA,13,1,0,428,20,0
2020-05-05,Mexico,127792286,Nuevo Leon,5610153,NA,NA,NA,NA,27,2,0,478,25,0
2020-05-07,Mexico,127792286,Nuevo Leon,5610153,NA,NA,NA,NA,54,4,0,574,32,0
2020-05-09,Mexico,127792286,Nuevo Leon,5610153,NA,NA,NA,NA,7,0,0,616,33,0
2020-05-11,Mexico,127792286,Nuevo Leon,5610153,NA,NA,NA,NA,22,0,0,672,33,0
2020-05-13,Mexico,127792286,Nuevo Leon,5610153,NA,NA,NA,NA,30,3,0,724,39,0
2020-05-15,Mexico,127792286,Nuevo Leon,5610153,NA,NA,NA,NA,22,7,0,784,49,0
2020-05-17,Mexico,127792286,Nuevo Leon,5610153,NA,NA,NA,NA,68,0,0,868,49,0
2020-05-19,Mexico,127792286,Nuevo Leon,5610153,NA,NA,NA,NA,79,5,0,963,54,0
2020-05-21,Mexico,127792286,Nuevo Leon,5610153,NA,NA,NA,NA,20,2,0,1043,58,0
2020-05-23,Mexico,127792286,Nuevo Leon,5610153,NA,NA,NA,NA,30,0,0,1125,62,0
2020-05-25,Mexico,127792286,Nuevo Leon,5610153,NA,NA,NA,NA,20,5,0,1174,67,0
2020-05-27,Mexico,127792286,Nuevo Leon,5610153,NA,NA,NA,NA,66,5,0,1293,76,0
2020-05-29,Mexico,127792286,Nuevo Leon,5610153,NA,NA,NA,NA,37,5,0,1366,85,0
2020-05-31,Mexico,127792286,Nuevo Leon,5610153,NA,NA,NA,NA,46,1,0,1423,88,0
2020-06-02,Mexico,127792286,Nuevo Leon,5610153,NA,NA,NA,NA,42,3,0,1530,99,0
2020-06-04,Mexico,127792286,Nuevo Leon,5610153,NA,NA,NA,NA,100,2,0,1734,105,0
2020-06-06,Mexico,127792286,Nuevo Leon,5610153,NA,NA,NA,NA,41,17,0,1807,126,0
2020-06-08,Mexico,127792286,Nuevo Leon,5610153,NA,NA,NA,NA,52,0,0,1978,130,0
2020-06-10,Mexico,127792286,Nuevo Leon,5610153,NA,NA,NA,NA,109,5,0,2128,136,0
2020-06-12,Mexico,127792286,Nuevo Leon,5610153,NA,NA,NA,NA,111,4,0,2340,156,0
2020-06-14,Mexico,127792286,Nuevo Leon,5610153,NA,NA,NA,NA,90,0,0,2552,165,0
2020-06-16,Mexico,127792286,Nuevo Leon,5610153,NA,NA,NA,NA,108,8,0,3003,188,0
2020-06-18,Mexico,127792286,Nuevo Leon,5610153,NA,NA,NA,NA,157,19,0,3414,215,0
2020-06-20,Mexico,127792286,Nuevo Leon,5610153,NA,NA,NA,NA,156,7,0,3647,235,0
2020-06-22,Mexico,127792286,Nuevo Leon,5610153,NA,NA,NA,NA,159,8,0,3924,247,0
2020-06-24,Mexico,127792286,Nuevo Leon,5610153,NA,NA,NA,NA,98,13,0,4213,267,0
2020-06-26,Mexico,127792286,Nuevo Leon,5610153,NA,NA,NA,NA,110,17,0,4724,294,0
2020-06-28,Mexico,127792286,Nuevo Leon,5610153,NA,NA,NA,NA,145,0,0,5126,298,0
2020-06-30,Mexico,127792286,Nuevo Leon,5610153,NA,NA,NA,NA,654,23,0,5973,332,0
2020-07-02,Mexico,127792286,Nuevo Leon,5610153,NA,NA,NA,NA,430,17,0,6705,361,0
2020-07-04,Mexico,127792286,Nuevo Leon,5610153,NA,NA,NA,NA,390,15,0,7286,399,0
2020-07-06,Mexico,127792286,Nuevo Leon,5610153,NA,NA,NA,NA,356,16,0,7912,419,0
2020-07-08,Mexico,127792286,Nuevo Leon,5610153,NA,NA,NA,NA,337,20,0,8499,466,0
2020-07-10,Mexico,127792286,Nuevo Leon,5610153,NA,NA,NA,NA,195,21,0,9220,508,0
2020-07-12,Mexico,127792286,Nuevo Leon,5610153,NA,NA,NA,NA,297,1,0,9835,525,0
2020-07-14,Mexico,127792286,Nuevo Leon,5610153,NA,NA,NA,NA,371,39,0,10677,583,0
2020-07-16,Mexico,127792286,Nuevo Leon,5610153,NA,NA,NA,NA,278,33,0,11215,623,0
2020-07-18,Mexico,127792286,Nuevo Leon,5610153,NA,NA,NA,NA,232,30,0,11746,668,0
2020-07-20,Mexico,127792286,Nuevo Leon,5610153,NA,NA,NA,NA,530,0,0,12697,669,0
2020-07-22,Mexico,127792286,Nuevo Leon,5610153,NA,NA,NA,NA,196,45,0,13340,794,0
2020-07-24,Mexico,127792286,Nuevo Leon,5610153,NA,NA,NA,NA,647,57,0,14493,877,0
2020-07-26,Mexico,127792286,Nuevo Leon,5610153,NA,NA,NA,NA,505,11,0,15290,924,0
2020-07-28,Mexico,127792286,Nuevo Leon,5610153,NA,NA,NA,NA,140,39,0,15805,966,0
2020-07-30,Mexico,127792286,Nuevo Leon,5610153,NA,NA,NA,NA,384,46,0,16603,1028,0
2020-08-01,Mexico,127792286,Nuevo Leon,5610153,NA,NA,NA,NA,899,54,0,18205,1120,0
2020-08-03,Mexico,127792286,Nuevo Leon,5610153,NA,NA,NA,NA,397,7,0,19438,1145,0
2020-08-05,Mexico,127792286,Nuevo Leon,5610153,NA,NA,NA,NA,461,106,0,20515,1292,0
2020-08-07,Mexico,127792286,Nuevo Leon,5610153,NA,NA,NA,NA,453,65,0,21188,1393,0
2020-08-09,Mexico,127792286,Nuevo Leon,5610153,NA,NA,NA,NA,201,7,0,21734,1434,0
2020-08-11,Mexico,127792286,Nuevo Leon,5610153,NA,NA,NA,NA,350,85,0,22536,1584,0
2020-08-13,Mexico,127792286,Nuevo Leon,5610153,NA,NA,NA,NA,488,37,0,23274,1668,0
2020-08-15,Mexico,127792286,Nuevo Leon,5610153,NA,NA,NA,NA,313,44,0,23940,1770,0
2020-02-26,Mexico,127792286,Oaxaca,4143593,NA,NA,NA,NA,NA,NA,NA,0,0,0
2020-02-28,Mexico,127792286,Oaxaca,4143593,NA,NA,NA,NA,0,0,0,0,0,0
2020-03-01,Mexico,127792286,Oaxaca,4143593,NA,NA,NA,NA,0,0,0,0,0,0
2020-03-03,Mexico,127792286,Oaxaca,4143593,NA,NA,NA,NA,0,0,0,0,0,0
2020-03-05,Mexico,127792286,Oaxaca,4143593,NA,NA,NA,NA,0,0,0,0,0,0
2020-03-07,Mexico,127792286,Oaxaca,4143593,NA,NA,NA,NA,0,0,0,0,0,0
2020-03-09,Mexico,127792286,Oaxaca,4143593,NA,NA,NA,NA,0,0,0,0,0,0
2020-03-11,Mexico,127792286,Oaxaca,4143593,NA,NA,NA,NA,0,0,0,0,0,0
2020-03-13,Mexico,127792286,Oaxaca,4143593,NA,NA,NA,NA,0,0,0,0,0,0
2020-03-15,Mexico,127792286,Oaxaca,4143593,NA,NA,NA,NA,0,0,0,2,0,0
2020-03-17,Mexico,127792286,Oaxaca,4143593,NA,NA,NA,NA,0,0,0,2,0,0
2020-03-19,Mexico,127792286,Oaxaca,4143593,NA,NA,NA,NA,0,0,0,2,0,0
2020-03-21,Mexico,127792286,Oaxaca,4143593,NA,NA,NA,NA,0,0,0,2,0,0
2020-03-23,Mexico,127792286,Oaxaca,4143593,NA,NA,NA,NA,1,0,0,4,0,0
2020-03-25,Mexico,127792286,Oaxaca,4143593,NA,NA,NA,NA,3,0,0,7,0,0
2020-03-27,Mexico,127792286,Oaxaca,4143593,NA,NA,NA,NA,3,0,0,11,0,0
2020-03-29,Mexico,127792286,Oaxaca,4143593,NA,NA,NA,NA,2,0,0,14,0,0
2020-03-31,Mexico,127792286,Oaxaca,4143593,NA,NA,NA,NA,0,0,0,14,1,0
2020-04-02,Mexico,127792286,Oaxaca,4143593,NA,NA,NA,NA,0,0,0,22,1,0
2020-04-04,Mexico,127792286,Oaxaca,4143593,NA,NA,NA,NA,0,0,0,22,1,0
2020-04-06,Mexico,127792286,Oaxaca,4143593,NA,NA,NA,NA,2,0,0,27,1,0
2020-04-08,Mexico,127792286,Oaxaca,4143593,NA,NA,NA,NA,2,0,0,37,1,0
2020-04-10,Mexico,127792286,Oaxaca,4143593,NA,NA,NA,NA,1,1,0,41,2,0
2020-04-12,Mexico,127792286,Oaxaca,4143593,NA,NA,NA,NA,0,1,0,43,3,0
2020-04-14,Mexico,127792286,Oaxaca,4143593,NA,NA,NA,NA,2,1,0,46,5,0
2020-04-16,Mexico,127792286,Oaxaca,4143593,NA,NA,NA,NA,3,0,0,53,5,0
2020-04-18,Mexico,127792286,Oaxaca,4143593,NA,NA,NA,NA,6,1,0,62,6,0
2020-04-20,Mexico,127792286,Oaxaca,4143593,NA,NA,NA,NA,6,0,0,69,6,0
2020-04-22,Mexico,127792286,Oaxaca,4143593,NA,NA,NA,NA,8,1,0,80,8,0
2020-04-24,Mexico,127792286,Oaxaca,4143593,NA,NA,NA,NA,1,2,0,87,11,0
2020-04-26,Mexico,127792286,Oaxaca,4143593,NA,NA,NA,NA,3,2,0,105,15,0
2020-04-28,Mexico,127792286,Oaxaca,4143593,NA,NA,NA,NA,3,2,0,119,17,0
2020-04-30,Mexico,127792286,Oaxaca,4143593,NA,NA,NA,NA,8,1,0,136,19,0
2020-05-02,Mexico,127792286,Oaxaca,4143593,NA,NA,NA,NA,17,2,0,162,22,0
2020-05-04,Mexico,127792286,Oaxaca,4143593,NA,NA,NA,NA,6,1,0,170,24,0
2020-05-06,Mexico,127792286,Oaxaca,4143593,NA,NA,NA,NA,15,3,0,197,30,0
2020-05-08,Mexico,127792286,Oaxaca,4143593,NA,NA,NA,NA,6,5,0,213,37,0
2020-05-10,Mexico,127792286,Oaxaca,4143593,NA,NA,NA,NA,23,5,0,244,45,0
2020-05-12,Mexico,127792286,Oaxaca,4143593,NA,NA,NA,NA,13,6,0,265,51,0
2020-05-14,Mexico,127792286,Oaxaca,4143593,NA,NA,NA,NA,35,4,0,320,58,0
2020-05-16,Mexico,127792286,Oaxaca,4143593,NA,NA,NA,NA,48,4,0,411,67,0
2020-05-18,Mexico,127792286,Oaxaca,4143593,NA,NA,NA,NA,159,6,0,598,75,0
2020-05-20,Mexico,127792286,Oaxaca,4143593,NA,NA,NA,NA,51,6,0,733,84,0
2020-05-22,Mexico,127792286,Oaxaca,4143593,NA,NA,NA,NA,92,4,0,889,93,0
2020-05-24,Mexico,127792286,Oaxaca,4143593,NA,NA,NA,NA,37,7,0,988,100,0
2020-05-26,Mexico,127792286,Oaxaca,4143593,NA,NA,NA,NA,38,8,0,1092,114,0
2020-05-28,Mexico,127792286,Oaxaca,4143593,NA,NA,NA,NA,42,9,0,1169,130,0
2020-05-30,Mexico,127792286,Oaxaca,4143593,NA,NA,NA,NA,82,7,0,1315,148,0
2020-06-01,Mexico,127792286,Oaxaca,4143593,NA,NA,NA,NA,93,10,0,1490,162,0
2020-06-03,Mexico,127792286,Oaxaca,4143593,NA,NA,NA,NA,147,32,0,1746,198,0
2020-06-05,Mexico,127792286,Oaxaca,4143593,NA,NA,NA,NA,114,10,0,1970,215,0
2020-06-07,Mexico,127792286,Oaxaca,4143593,NA,NA,NA,NA,119,8,0,2181,232,0
2020-06-09,Mexico,127792286,Oaxaca,4143593,NA,NA,NA,NA,70,14,0,2363,250,0
2020-06-11,Mexico,127792286,Oaxaca,4143593,NA,NA,NA,NA,78,23,0,2498,289,0
2020-06-13,Mexico,127792286,Oaxaca,4143593,NA,NA,NA,NA,140,11,0,2888,331,0
2020-06-15,Mexico,127792286,Oaxaca,4143593,NA,NA,NA,NA,118,22,0,3142,362,0
2020-06-17,Mexico,127792286,Oaxaca,4143593,NA,NA,NA,NA,128,12,0,3391,397,0
2020-06-19,Mexico,127792286,Oaxaca,4143593,NA,NA,NA,NA,204,11,0,3710,428,0
2020-06-21,Mexico,127792286,Oaxaca,4143593,NA,NA,NA,NA,141,11,0,3981,449,0
2020-06-23,Mexico,127792286,Oaxaca,4143593,NA,NA,NA,NA,79,19,0,4149,487,0
2020-06-25,Mexico,127792286,Oaxaca,4143593,NA,NA,NA,NA,116,12,0,4462,513,0
2020-06-27,Mexico,127792286,Oaxaca,4143593,NA,NA,NA,NA,123,19,0,4858,554,0
2020-06-29,Mexico,127792286,Oaxaca,4143593,NA,NA,NA,NA,93,13,0,5083,572,0
2020-07-01,Mexico,127792286,Oaxaca,4143593,NA,NA,NA,NA,57,7,0,5311,588,0
2020-07-03,Mexico,127792286,Oaxaca,4143593,NA,NA,NA,NA,256,7,0,5830,608,0
2020-07-05,Mexico,127792286,Oaxaca,4143593,NA,NA,NA,NA,323,7,0,6347,624,0
2020-07-07,Mexico,127792286,Oaxaca,4143593,NA,NA,NA,NA,89,8,0,6527,657,0
2020-07-09,Mexico,127792286,Oaxaca,4143593,NA,NA,NA,NA,304,17,0,7118,685,0
2020-07-11,Mexico,127792286,Oaxaca,4143593,NA,NA,NA,NA,167,15,0,7494,714,0
2020-07-13,Mexico,127792286,Oaxaca,4143593,NA,NA,NA,NA,37,9,0,7659,730,0
2020-07-15,Mexico,127792286,Oaxaca,4143593,NA,NA,NA,NA,63,11,0,7906,760,0
2020-07-17,Mexico,127792286,Oaxaca,4143593,NA,NA,NA,NA,216,24,0,8244,790,0
2020-07-19,Mexico,127792286,Oaxaca,4143593,NA,NA,NA,NA,189,7,0,8575,805,0
2020-07-21,Mexico,127792286,Oaxaca,4143593,NA,NA,NA,NA,156,7,0,8817,818,0
2020-07-23,Mexico,127792286,Oaxaca,4143593,NA,NA,NA,NA,238,11,0,9190,839,0
2020-07-25,Mexico,127792286,Oaxaca,4143593,NA,NA,NA,NA,138,6,0,9504,853,0
2020-07-27,Mexico,127792286,Oaxaca,4143593,NA,NA,NA,NA,159,3,0,9768,862,0
2020-07-29,Mexico,127792286,Oaxaca,4143593,NA,NA,NA,NA,95,5,0,9995,899,0
2020-07-31,Mexico,127792286,Oaxaca,4143593,NA,NA,NA,NA,178,18,0,10350,934,0
2020-08-02,Mexico,127792286,Oaxaca,4143593,NA,NA,NA,NA,63,1,0,10566,944,0
2020-08-04,Mexico,127792286,Oaxaca,4143593,NA,NA,NA,NA,124,27,0,10869,980,0
2020-08-06,Mexico,127792286,Oaxaca,4143593,NA,NA,NA,NA,95,10,0,11148,1001,0
2020-08-08,Mexico,127792286,Oaxaca,4143593,NA,NA,NA,NA,63,21,0,11367,1032,0
2020-08-10,Mexico,127792286,Oaxaca,4143593,NA,NA,NA,NA,79,7,0,11577,1043,0
2020-08-12,Mexico,127792286,Oaxaca,4143593,NA,NA,NA,NA,96,30,0,11787,1089,0
2020-08-14,Mexico,127792286,Oaxaca,4143593,NA,NA,NA,NA,157,12,0,12025,1109,0
2020-02-25,Mexico,127792286,Puebla,6604451,NA,NA,NA,NA,NA,NA,NA,0,0,0
2020-02-27,Mexico,127792286,Puebla,6604451,NA,NA,NA,NA,0,0,0,0,0,0
2020-02-29,Mexico,127792286,Puebla,6604451,NA,NA,NA,NA,0,0,0,0,0,0
2020-03-02,Mexico,127792286,Puebla,6604451,NA,NA,NA,NA,0,0,0,0,0,0
2020-03-04,Mexico,127792286,Puebla,6604451,NA,NA,NA,NA,0,0,0,0,0,0
2020-03-06,Mexico,127792286,Puebla,6604451,NA,NA,NA,NA,0,0,0,0,0,0
2020-03-08,Mexico,127792286,Puebla,6604451,NA,NA,NA,NA,0,0,0,0,0,0
2020-03-10,Mexico,127792286,Puebla,6604451,NA,NA,NA,NA,0,0,0,0,0,0
2020-03-12,Mexico,127792286,Puebla,6604451,NA,NA,NA,NA,0,0,0,1,0,0
2020-03-14,Mexico,127792286,Puebla,6604451,NA,NA,NA,NA,1,0,0,3,0,0
2020-03-16,Mexico,127792286,Puebla,6604451,NA,NA,NA,NA,2,0,0,8,0,0
2020-03-18,Mexico,127792286,Puebla,6604451,NA,NA,NA,NA,0,0,0,9,0,0
2020-03-20,Mexico,127792286,Puebla,6604451,NA,NA,NA,NA,3,0,0,14,0,0
2020-03-22,Mexico,127792286,Puebla,6604451,NA,NA,NA,NA,0,0,0,16,0,0
2020-03-24,Mexico,127792286,Puebla,6604451,NA,NA,NA,NA,6,0,0,22,0,0
2020-03-26,Mexico,127792286,Puebla,6604451,NA,NA,NA,NA,11,0,0,45,0,0
2020-03-28,Mexico,127792286,Puebla,6604451,NA,NA,NA,NA,1,0,0,52,0,0
2020-03-30,Mexico,127792286,Puebla,6604451,NA,NA,NA,NA,10,0,0,76,1,0
2020-04-01,Mexico,127792286,Puebla,6604451,NA,NA,NA,NA,16,0,0,97,1,0
2020-04-03,Mexico,127792286,Puebla,6604451,NA,NA,NA,NA,9,0,0,109,1,0
2020-04-05,Mexico,127792286,Puebla,6604451,NA,NA,NA,NA,22,0,0,147,1,0
2020-04-07,Mexico,127792286,Puebla,6604451,NA,NA,NA,NA,23,2,0,179,4,0
2020-04-09,Mexico,127792286,Puebla,6604451,NA,NA,NA,NA,15,1,0,198,10,0
2020-04-11,Mexico,127792286,Puebla,6604451,NA,NA,NA,NA,29,3,0,243,18,0
2020-04-13,Mexico,127792286,Puebla,6604451,NA,NA,NA,NA,13,2,0,269,22,0
2020-04-15,Mexico,127792286,Puebla,6604451,NA,NA,NA,NA,15,4,0,291,31,0
2020-04-17,Mexico,127792286,Puebla,6604451,NA,NA,NA,NA,9,5,0,314,37,0
2020-04-19,Mexico,127792286,Puebla,6604451,NA,NA,NA,NA,22,1,0,352,41,0
2020-04-21,Mexico,127792286,Puebla,6604451,NA,NA,NA,NA,22,8,0,382,53,0
2020-04-23,Mexico,127792286,Puebla,6604451,NA,NA,NA,NA,29,5,0,415,61,0
2020-04-25,Mexico,127792286,Puebla,6604451,NA,NA,NA,NA,30,3,0,486,65,0
2020-04-27,Mexico,127792286,Puebla,6604451,NA,NA,NA,NA,42,0,0,556,65,0
2020-04-29,Mexico,127792286,Puebla,6604451,NA,NA,NA,NA,39,6,0,625,81,0
2020-05-01,Mexico,127792286,Puebla,6604451,NA,NA,NA,NA,75,2,0,717,88,0
2020-05-03,Mexico,127792286,Puebla,6604451,NA,NA,NA,NA,50,10,0,815,102,0
2020-05-05,Mexico,127792286,Puebla,6604451,NA,NA,NA,NA,41,7,0,893,113,0
2020-05-07,Mexico,127792286,Puebla,6604451,NA,NA,NA,NA,50,8,0,977,124,0
2020-05-09,Mexico,127792286,Puebla,6604451,NA,NA,NA,NA,46,16,0,1076,145,0
2020-05-11,Mexico,127792286,Puebla,6604451,NA,NA,NA,NA,51,1,0,1134,146,0
2020-05-13,Mexico,127792286,Puebla,6604451,NA,NA,NA,NA,40,5,0,1226,165,0
2020-05-15,Mexico,127792286,Puebla,6604451,NA,NA,NA,NA,65,13,0,1353,180,0
2020-05-17,Mexico,127792286,Puebla,6604451,NA,NA,NA,NA,42,4,0,1461,188,0
2020-05-19,Mexico,127792286,Puebla,6604451,NA,NA,NA,NA,113,29,0,1624,220,0
2020-05-21,Mexico,127792286,Puebla,6604451,NA,NA,NA,NA,107,13,0,1828,244,0
2020-05-23,Mexico,127792286,Puebla,6604451,NA,NA,NA,NA,155,7,0,2036,251,0
2020-05-25,Mexico,127792286,Puebla,6604451,NA,NA,NA,NA,82,3,0,2185,260,0
2020-05-27,Mexico,127792286,Puebla,6604451,NA,NA,NA,NA,132,39,0,2475,307,0
2020-05-29,Mexico,127792286,Puebla,6604451,NA,NA,NA,NA,188,11,0,2866,346,0
2020-05-31,Mexico,127792286,Puebla,6604451,NA,NA,NA,NA,136,1,0,3076,350,0
2020-06-02,Mexico,127792286,Puebla,6604451,NA,NA,NA,NA,132,33,0,3280,392,0
2020-06-04,Mexico,127792286,Puebla,6604451,NA,NA,NA,NA,169,30,0,3658,463,0
2020-06-06,Mexico,127792286,Puebla,6604451,NA,NA,NA,NA,210,28,0,4068,553,0
2020-06-08,Mexico,127792286,Puebla,6604451,NA,NA,NA,NA,139,49,0,4436,613,0
2020-06-10,Mexico,127792286,Puebla,6604451,NA,NA,NA,NA,251,15,0,4818,667,0
2020-06-12,Mexico,127792286,Puebla,6604451,NA,NA,NA,NA,176,24,0,5241,717,0
2020-06-14,Mexico,127792286,Puebla,6604451,NA,NA,NA,NA,193,5,0,5662,733,0
2020-06-16,Mexico,127792286,Puebla,6604451,NA,NA,NA,NA,235,44,0,5984,779,0
2020-06-18,Mexico,127792286,Puebla,6604451,NA,NA,NA,NA,314,54,0,6688,879,0
2020-06-20,Mexico,127792286,Puebla,6604451,NA,NA,NA,NA,287,14,0,7455,930,0
2020-06-22,Mexico,127792286,Puebla,6604451,NA,NA,NA,NA,228,25,0,7991,966,0
2020-06-24,Mexico,127792286,Puebla,6604451,NA,NA,NA,NA,313,32,0,8876,1024,0
2020-06-26,Mexico,127792286,Puebla,6604451,NA,NA,NA,NA,289,54,0,9440,1155,0
2020-06-28,Mexico,127792286,Puebla,6604451,NA,NA,NA,NA,411,32,0,10083,1213,0
2020-06-30,Mexico,127792286,Puebla,6604451,NA,NA,NA,NA,313,33,0,10702,1274,0
2020-07-02,Mexico,127792286,Puebla,6604451,NA,NA,NA,NA,450,68,0,11348,1406,0
2020-07-04,Mexico,127792286,Puebla,6604451,NA,NA,NA,NA,314,23,0,12063,1481,0
2020-07-06,Mexico,127792286,Puebla,6604451,NA,NA,NA,NA,211,27,0,12444,1516,0
2020-07-08,Mexico,127792286,Puebla,6604451,NA,NA,NA,NA,376,52,0,13055,1612,0
2020-07-10,Mexico,127792286,Puebla,6604451,NA,NA,NA,NA,462,79,0,13990,1742,0
2020-07-12,Mexico,127792286,Puebla,6604451,NA,NA,NA,NA,213,10,0,14488,1778,0
2020-07-14,Mexico,127792286,Puebla,6604451,NA,NA,NA,NA,371,38,0,14967,1837,0
2020-07-16,Mexico,127792286,Puebla,6604451,NA,NA,NA,NA,305,32,0,15454,1896,0
2020-07-18,Mexico,127792286,Puebla,6604451,NA,NA,NA,NA,331,36,0,16106,1965,0
2020-07-20,Mexico,127792286,Puebla,6604451,NA,NA,NA,NA,259,12,0,16673,1998,0
2020-07-22,Mexico,127792286,Puebla,6604451,NA,NA,NA,NA,368,45,0,17258,2071,0
2020-07-24,Mexico,127792286,Puebla,6604451,NA,NA,NA,NA,225,31,0,18340,2147,0
2020-07-26,Mexico,127792286,Puebla,6604451,NA,NA,NA,NA,169,8,0,18912,2205,0
2020-07-28,Mexico,127792286,Puebla,6604451,NA,NA,NA,NA,180,45,0,19339,2294,0
2020-07-30,Mexico,127792286,Puebla,6604451,NA,NA,NA,NA,355,41,0,19911,2377,0
2020-08-01,Mexico,127792286,Puebla,6604451,NA,NA,NA,NA,328,28,0,20706,2471,0
2020-08-03,Mexico,127792286,Puebla,6604451,NA,NA,NA,NA,18,10,0,20793,2503,0
2020-08-05,Mexico,127792286,Puebla,6604451,NA,NA,NA,NA,325,38,0,21701,2596,0
2020-08-07,Mexico,127792286,Puebla,6604451,NA,NA,NA,NA,341,48,0,22349,2732,0
2020-08-09,Mexico,127792286,Puebla,6604451,NA,NA,NA,NA,286,9,0,22732,2806,0
2020-08-11,Mexico,127792286,Puebla,6604451,NA,NA,NA,NA,324,43,0,23361,2880,0
2020-08-13,Mexico,127792286,Puebla,6604451,NA,NA,NA,NA,381,52,0,24124,2985,0
2020-08-15,Mexico,127792286,Puebla,6604451,NA,NA,NA,NA,236,27,0,24663,3045,0
2020-02-26,Mexico,127792286,Queretaro,2279637,NA,NA,NA,NA,NA,NA,NA,0,0,0
2020-02-28,Mexico,127792286,Queretaro,2279637,NA,NA,NA,NA,0,0,0,0,0,0
2020-03-01,Mexico,127792286,Queretaro,2279637,NA,NA,NA,NA,0,0,0,0,0,0
2020-03-03,Mexico,127792286,Queretaro,2279637,NA,NA,NA,NA,0,0,0,0,0,0
2020-03-05,Mexico,127792286,Queretaro,2279637,NA,NA,NA,NA,0,0,0,0,0,0
2020-03-07,Mexico,127792286,Queretaro,2279637,NA,NA,NA,NA,0,0,0,0,0,0
2020-03-09,Mexico,127792286,Queretaro,2279637,NA,NA,NA,NA,0,0,0,0,0,0
2020-03-11,Mexico,127792286,Queretaro,2279637,NA,NA,NA,NA,1,0,0,1,0,0
2020-03-13,Mexico,127792286,Queretaro,2279637,NA,NA,NA,NA,3,0,0,4,0,0
2020-03-15,Mexico,127792286,Queretaro,2279637,NA,NA,NA,NA,2,0,0,6,0,0
2020-03-17,Mexico,127792286,Queretaro,2279637,NA,NA,NA,NA,0,0,0,7,0,0
2020-03-19,Mexico,127792286,Queretaro,2279637,NA,NA,NA,NA,2,0,0,9,0,0
2020-03-21,Mexico,127792286,Queretaro,2279637,NA,NA,NA,NA,3,0,0,14,0,0
2020-03-23,Mexico,127792286,Queretaro,2279637,NA,NA,NA,NA,2,0,0,16,0,0
2020-03-25,Mexico,127792286,Queretaro,2279637,NA,NA,NA,NA,2,0,0,18,0,0
2020-03-27,Mexico,127792286,Queretaro,2279637,NA,NA,NA,NA,2,0,0,23,0,0
2020-03-29,Mexico,127792286,Queretaro,2279637,NA,NA,NA,NA,1,0,0,26,0,0
2020-03-31,Mexico,127792286,Queretaro,2279637,NA,NA,NA,NA,2,0,0,29,1,0
2020-04-02,Mexico,127792286,Queretaro,2279637,NA,NA,NA,NA,3,0,0,32,1,0
2020-04-04,Mexico,127792286,Queretaro,2279637,NA,NA,NA,NA,1,0,0,36,2,0
2020-04-06,Mexico,127792286,Queretaro,2279637,NA,NA,NA,NA,2,0,0,40,2,0
2020-04-08,Mexico,127792286,Queretaro,2279637,NA,NA,NA,NA,2,0,0,47,2,0
2020-04-10,Mexico,127792286,Queretaro,2279637,NA,NA,NA,NA,5,1,0,55,3,0
2020-04-12,Mexico,127792286,Queretaro,2279637,NA,NA,NA,NA,4,0,0,61,3,0
2020-04-14,Mexico,127792286,Queretaro,2279637,NA,NA,NA,NA,4,1,0,65,4,0
2020-04-16,Mexico,127792286,Queretaro,2279637,NA,NA,NA,NA,7,0,0,76,5,0
2020-04-18,Mexico,127792286,Queretaro,2279637,NA,NA,NA,NA,1,0,0,79,6,0
2020-04-20,Mexico,127792286,Queretaro,2279637,NA,NA,NA,NA,4,0,0,85,6,0
2020-04-22,Mexico,127792286,Queretaro,2279637,NA,NA,NA,NA,3,1,0,91,7,0
2020-04-24,Mexico,127792286,Queretaro,2279637,NA,NA,NA,NA,10,0,0,104,7,0
2020-04-26,Mexico,127792286,Queretaro,2279637,NA,NA,NA,NA,2,2,0,112,9,0
2020-04-28,Mexico,127792286,Queretaro,2279637,NA,NA,NA,NA,2,2,0,125,12,0
2020-04-30,Mexico,127792286,Queretaro,2279637,NA,NA,NA,NA,6,1,0,136,13,0
2020-05-02,Mexico,127792286,Queretaro,2279637,NA,NA,NA,NA,8,2,0,158,15,0
2020-05-04,Mexico,127792286,Queretaro,2279637,NA,NA,NA,NA,12,1,0,177,17,0
2020-05-06,Mexico,127792286,Queretaro,2279637,NA,NA,NA,NA,12,0,0,189,19,0
2020-05-08,Mexico,127792286,Queretaro,2279637,NA,NA,NA,NA,15,1,0,220,21,0
2020-05-10,Mexico,127792286,Queretaro,2279637,NA,NA,NA,NA,18,1,0,248,22,0
2020-05-12,Mexico,127792286,Queretaro,2279637,NA,NA,NA,NA,21,1,0,291,26,0
2020-05-14,Mexico,127792286,Queretaro,2279637,NA,NA,NA,NA,27,3,0,359,30,0
2020-05-16,Mexico,127792286,Queretaro,2279637,NA,NA,NA,NA,42,4,0,421,35,0
2020-05-18,Mexico,127792286,Queretaro,2279637,NA,NA,NA,NA,38,2,0,480,45,0
2020-05-20,Mexico,127792286,Queretaro,2279637,NA,NA,NA,NA,41,6,0,578,58,0
2020-05-22,Mexico,127792286,Queretaro,2279637,NA,NA,NA,NA,43,8,0,675,69,0
2020-05-24,Mexico,127792286,Queretaro,2279637,NA,NA,NA,NA,20,6,0,732,75,0
2020-05-26,Mexico,127792286,Queretaro,2279637,NA,NA,NA,NA,33,6,0,788,84,0
2020-05-28,Mexico,127792286,Queretaro,2279637,NA,NA,NA,NA,32,6,0,867,95,0
2020-05-30,Mexico,127792286,Queretaro,2279637,NA,NA,NA,NA,48,4,0,937,104,0
2020-06-01,Mexico,127792286,Queretaro,2279637,NA,NA,NA,NA,16,3,0,998,108,0
2020-06-03,Mexico,127792286,Queretaro,2279637,NA,NA,NA,NA,58,10,0,1084,124,0
2020-06-05,Mexico,127792286,Queretaro,2279637,NA,NA,NA,NA,58,12,0,1181,139,0
2020-06-07,Mexico,127792286,Queretaro,2279637,NA,NA,NA,NA,21,3,0,1253,148,0
2020-06-09,Mexico,127792286,Queretaro,2279637,NA,NA,NA,NA,37,10,0,1330,168,0
2020-06-11,Mexico,127792286,Queretaro,2279637,NA,NA,NA,NA,40,4,0,1425,174,0
2020-06-13,Mexico,127792286,Queretaro,2279637,NA,NA,NA,NA,29,6,0,1485,188,0
2020-06-15,Mexico,127792286,Queretaro,2279637,NA,NA,NA,NA,32,8,0,1573,203,0
2020-06-17,Mexico,127792286,Queretaro,2279637,NA,NA,NA,NA,40,3,0,1662,215,0
2020-06-19,Mexico,127792286,Queretaro,2279637,NA,NA,NA,NA,32,2,0,1734,223,0
2020-06-21,Mexico,127792286,Queretaro,2279637,NA,NA,NA,NA,22,2,0,1805,227,0
2020-06-23,Mexico,127792286,Queretaro,2279637,NA,NA,NA,NA,22,12,0,1858,250,0
2020-06-25,Mexico,127792286,Queretaro,2279637,NA,NA,NA,NA,27,3,0,1925,257,0
2020-06-27,Mexico,127792286,Queretaro,2279637,NA,NA,NA,NA,0,6,0,1965,266,0
2020-06-29,Mexico,127792286,Queretaro,2279637,NA,NA,NA,NA,49,8,0,2044,278,0
2020-07-01,Mexico,127792286,Queretaro,2279637,NA,NA,NA,NA,51,10,0,2125,293,0
2020-07-03,Mexico,127792286,Queretaro,2279637,NA,NA,NA,NA,32,16,0,2200,312,0
2020-07-05,Mexico,127792286,Queretaro,2279637,NA,NA,NA,NA,37,2,0,2290,325,0
2020-07-07,Mexico,127792286,Queretaro,2279637,NA,NA,NA,NA,44,9,0,2381,341,0
2020-07-09,Mexico,127792286,Queretaro,2279637,NA,NA,NA,NA,53,10,0,2461,359,0
2020-07-11,Mexico,127792286,Queretaro,2279637,NA,NA,NA,NA,68,3,0,2598,369,0
2020-07-13,Mexico,127792286,Queretaro,2279637,NA,NA,NA,NA,49,4,0,2670,375,0
2020-07-15,Mexico,127792286,Queretaro,2279637,NA,NA,NA,NA,67,4,0,2798,389,0
2020-07-17,Mexico,127792286,Queretaro,2279637,NA,NA,NA,NA,49,8,0,2919,398,0
2020-07-19,Mexico,127792286,Queretaro,2279637,NA,NA,NA,NA,37,0,0,3035,403,0
2020-07-21,Mexico,127792286,Queretaro,2279637,NA,NA,NA,NA,53,10,0,3153,419,0
2020-07-23,Mexico,127792286,Queretaro,2279637,NA,NA,NA,NA,71,10,0,3306,440,0
2020-07-25,Mexico,127792286,Queretaro,2279637,NA,NA,NA,NA,47,3,0,3426,451,0
2020-07-27,Mexico,127792286,Queretaro,2279637,NA,NA,NA,NA,55,4,0,3526,456,0
2020-07-29,Mexico,127792286,Queretaro,2279637,NA,NA,NA,NA,49,0,0,3617,463,0
2020-07-31,Mexico,127792286,Queretaro,2279637,NA,NA,NA,NA,40,5,0,3769,477,0
2020-08-02,Mexico,127792286,Queretaro,2279637,NA,NA,NA,NA,34,6,0,3930,496,0
2020-08-04,Mexico,127792286,Queretaro,2279637,NA,NA,NA,NA,93,8,0,4062,513,0
2020-08-06,Mexico,127792286,Queretaro,2279637,NA,NA,NA,NA,63,9,0,4195,526,0
2020-08-08,Mexico,127792286,Queretaro,2279637,NA,NA,NA,NA,145,6,0,4487,541,0
2020-08-10,Mexico,127792286,Queretaro,2279637,NA,NA,NA,NA,29,7,0,4555,552,0
2020-08-12,Mexico,127792286,Queretaro,2279637,NA,NA,NA,NA,82,11,0,4750,578,0
2020-08-14,Mexico,127792286,Queretaro,2279637,NA,NA,NA,NA,44,3,0,4910,584,0
2020-02-25,Mexico,127792286,Quintana Roo,1723259,NA,NA,NA,NA,NA,NA,NA,0,0,0
2020-02-27,Mexico,127792286,Quintana Roo,1723259,NA,NA,NA,NA,0,0,0,0,0,0
2020-02-29,Mexico,127792286,Quintana Roo,1723259,NA,NA,NA,NA,0,0,0,0,0,0
2020-03-02,Mexico,127792286,Quintana Roo,1723259,NA,NA,NA,NA,0,0,0,0,0,0
2020-03-04,Mexico,127792286,Quintana Roo,1723259,NA,NA,NA,NA,0,0,0,0,0,0
2020-03-06,Mexico,127792286,Quintana Roo,1723259,NA,NA,NA,NA,0,0,0,0,0,0
2020-03-08,Mexico,127792286,Quintana Roo,1723259,NA,NA,NA,NA,0,0,0,0,0,0
2020-03-10,Mexico,127792286,Quintana Roo,1723259,NA,NA,NA,NA,0,0,0,0,0,0
2020-03-12,Mexico,127792286,Quintana Roo,1723259,NA,NA,NA,NA,0,0,0,0,0,0
2020-03-14,Mexico,127792286,Quintana Roo,1723259,NA,NA,NA,NA,0,0,0,1,0,0
2020-03-16,Mexico,127792286,Quintana Roo,1723259,NA,NA,NA,NA,3,0,0,4,0,0
2020-03-18,Mexico,127792286,Quintana Roo,1723259,NA,NA,NA,NA,2,0,0,6,0,0
2020-03-20,Mexico,127792286,Quintana Roo,1723259,NA,NA,NA,NA,5,0,0,11,0,0
2020-03-22,Mexico,127792286,Quintana Roo,1723259,NA,NA,NA,NA,0,0,0,12,0,0
2020-03-24,Mexico,127792286,Quintana Roo,1723259,NA,NA,NA,NA,1,0,0,22,0,0
2020-03-26,Mexico,127792286,Quintana Roo,1723259,NA,NA,NA,NA,7,0,0,29,0,0
2020-03-28,Mexico,127792286,Quintana Roo,1723259,NA,NA,NA,NA,4,1,0,33,1,0
2020-03-30,Mexico,127792286,Quintana Roo,1723259,NA,NA,NA,NA,5,0,0,43,1,0
2020-04-01,Mexico,127792286,Quintana Roo,1723259,NA,NA,NA,NA,4,0,0,51,1,0
2020-04-03,Mexico,127792286,Quintana Roo,1723259,NA,NA,NA,NA,9,0,0,65,1,0
2020-04-05,Mexico,127792286,Quintana Roo,1723259,NA,NA,NA,NA,11,2,0,86,4,0
2020-04-07,Mexico,127792286,Quintana Roo,1723259,NA,NA,NA,NA,20,1,0,135,9,0
2020-04-09,Mexico,127792286,Quintana Roo,1723259,NA,NA,NA,NA,16,2,0,159,12,0
2020-04-11,Mexico,127792286,Quintana Roo,1723259,NA,NA,NA,NA,53,5,0,216,18,0
2020-04-13,Mexico,127792286,Quintana Roo,1723259,NA,NA,NA,NA,16,3,0,239,22,0
2020-04-15,Mexico,127792286,Quintana Roo,1723259,NA,NA,NA,NA,24,2,0,269,27,0
2020-04-17,Mexico,127792286,Quintana Roo,1723259,NA,NA,NA,NA,4,3,0,280,31,0
2020-04-19,Mexico,127792286,Quintana Roo,1723259,NA,NA,NA,NA,7,0,0,322,31,0
2020-04-21,Mexico,127792286,Quintana Roo,1723259,NA,NA,NA,NA,33,13,0,393,47,0
2020-04-23,Mexico,127792286,Quintana Roo,1723259,NA,NA,NA,NA,35,5,0,461,61,0
2020-04-25,Mexico,127792286,Quintana Roo,1723259,NA,NA,NA,NA,29,5,0,540,76,0
2020-04-27,Mexico,127792286,Quintana Roo,1723259,NA,NA,NA,NA,50,6,0,643,85,0
2020-04-29,Mexico,127792286,Quintana Roo,1723259,NA,NA,NA,NA,13,18,0,701,108,0
2020-05-01,Mexico,127792286,Quintana Roo,1723259,NA,NA,NA,NA,42,2,0,820,116,0
2020-05-03,Mexico,127792286,Quintana Roo,1723259,NA,NA,NA,NA,22,2,0,900,118,0
2020-05-05,Mexico,127792286,Quintana Roo,1723259,NA,NA,NA,NA,32,23,0,944,142,0
2020-05-07,Mexico,127792286,Quintana Roo,1723259,NA,NA,NA,NA,19,10,0,989,168,0
2020-05-09,Mexico,127792286,Quintana Roo,1723259,NA,NA,NA,NA,40,7,0,1062,182,0
2020-05-11,Mexico,127792286,Quintana Roo,1723259,NA,NA,NA,NA,37,9,0,1109,192,0
2020-05-13,Mexico,127792286,Quintana Roo,1723259,NA,NA,NA,NA,33,11,0,1168,222,0
2020-05-15,Mexico,127792286,Quintana Roo,1723259,NA,NA,NA,NA,30,5,0,1247,234,0
2020-05-17,Mexico,127792286,Quintana Roo,1723259,NA,NA,NA,NA,27,4,0,1305,246,0
2020-05-19,Mexico,127792286,Quintana Roo,1723259,NA,NA,NA,NA,19,9,0,1355,262,0
2020-05-21,Mexico,127792286,Quintana Roo,1723259,NA,NA,NA,NA,58,9,0,1440,280,0
2020-05-23,Mexico,127792286,Quintana Roo,1723259,NA,NA,NA,NA,48,5,0,1568,288,0
2020-05-25,Mexico,127792286,Quintana Roo,1723259,NA,NA,NA,NA,32,3,0,1629,294,0
2020-05-27,Mexico,127792286,Quintana Roo,1723259,NA,NA,NA,NA,46,19,0,1717,323,0
2020-05-29,Mexico,127792286,Quintana Roo,1723259,NA,NA,NA,NA,39,4,0,1804,341,0
2020-05-31,Mexico,127792286,Quintana Roo,1723259,NA,NA,NA,NA,32,5,0,1871,352,0
2020-06-02,Mexico,127792286,Quintana Roo,1723259,NA,NA,NA,NA,30,8,0,1945,363,0
2020-06-04,Mexico,127792286,Quintana Roo,1723259,NA,NA,NA,NA,62,8,0,2061,401,0
2020-06-06,Mexico,127792286,Quintana Roo,1723259,NA,NA,NA,NA,46,7,0,2151,418,0
2020-06-08,Mexico,127792286,Quintana Roo,1723259,NA,NA,NA,NA,18,4,0,2186,422,0
2020-06-10,Mexico,127792286,Quintana Roo,1723259,NA,NA,NA,NA,48,6,0,2272,448,0
2020-06-12,Mexico,127792286,Quintana Roo,1723259,NA,NA,NA,NA,55,3,0,2372,459,0
2020-06-14,Mexico,127792286,Quintana Roo,1723259,NA,NA,NA,NA,62,3,0,2491,467,0
2020-06-16,Mexico,127792286,Quintana Roo,1723259,NA,NA,NA,NA,50,13,0,2547,487,0
2020-06-18,Mexico,127792286,Quintana Roo,1723259,NA,NA,NA,NA,76,2,0,2719,500,0
2020-06-20,Mexico,127792286,Quintana Roo,1723259,NA,NA,NA,NA,60,3,0,2838,510,0
2020-06-22,Mexico,127792286,Quintana Roo,1723259,NA,NA,NA,NA,23,3,0,2953,517,0
2020-06-24,Mexico,127792286,Quintana Roo,1723259,NA,NA,NA,NA,133,11,0,3125,534,0
2020-06-26,Mexico,127792286,Quintana Roo,1723259,NA,NA,NA,NA,71,8,0,3284,551,0
2020-06-28,Mexico,127792286,Quintana Roo,1723259,NA,NA,NA,NA,37,6,0,3416,562,0
2020-06-30,Mexico,127792286,Quintana Roo,1723259,NA,NA,NA,NA,80,10,0,3598,575,0
2020-07-02,Mexico,127792286,Quintana Roo,1723259,NA,NA,NA,NA,164,10,0,3926,605,0
2020-07-04,Mexico,127792286,Quintana Roo,1723259,NA,NA,NA,NA,122,7,0,4175,615,0
2020-07-06,Mexico,127792286,Quintana Roo,1723259,NA,NA,NA,NA,86,4,0,4310,628,0
2020-07-08,Mexico,127792286,Quintana Roo,1723259,NA,NA,NA,NA,122,14,0,4546,657,0
2020-07-10,Mexico,127792286,Quintana Roo,1723259,NA,NA,NA,NA,61,18,0,4797,686,0
2020-07-12,Mexico,127792286,Quintana Roo,1723259,NA,NA,NA,NA,190,6,0,5204,696,0
2020-07-14,Mexico,127792286,Quintana Roo,1723259,NA,NA,NA,NA,69,27,0,5395,730,0
2020-07-16,Mexico,127792286,Quintana Roo,1723259,NA,NA,NA,NA,93,17,0,5586,761,0
2020-07-18,Mexico,127792286,Quintana Roo,1723259,NA,NA,NA,NA,314,19,0,6047,786,0
2020-07-20,Mexico,127792286,Quintana Roo,1723259,NA,NA,NA,NA,124,3,0,6235,795,0
2020-07-22,Mexico,127792286,Quintana Roo,1723259,NA,NA,NA,NA,132,22,0,6450,844,0
2020-07-24,Mexico,127792286,Quintana Roo,1723259,NA,NA,NA,NA,242,19,0,6748,883,0
2020-07-26,Mexico,127792286,Quintana Roo,1723259,NA,NA,NA,NA,92,8,0,7060,913,0
2020-07-28,Mexico,127792286,Quintana Roo,1723259,NA,NA,NA,NA,52,16,0,7216,939,0
2020-07-30,Mexico,127792286,Quintana Roo,1723259,NA,NA,NA,NA,138,20,0,7488,976,0
2020-08-01,Mexico,127792286,Quintana Roo,1723259,NA,NA,NA,NA,147,18,0,7780,1007,0
2020-08-03,Mexico,127792286,Quintana Roo,1723259,NA,NA,NA,NA,54,7,0,7966,1018,0
2020-08-05,Mexico,127792286,Quintana Roo,1723259,NA,NA,NA,NA,132,32,0,8168,1058,0
2020-08-07,Mexico,127792286,Quintana Roo,1723259,NA,NA,NA,NA,133,17,0,8424,1091,0
2020-08-09,Mexico,127792286,Quintana Roo,1723259,NA,NA,NA,NA,86,2,0,8627,1107,0
2020-08-11,Mexico,127792286,Quintana Roo,1723259,NA,NA,NA,NA,54,16,0,8747,1136,0
2020-08-13,Mexico,127792286,Quintana Roo,1723259,NA,NA,NA,NA,97,19,0,8981,1176,0
2020-08-15,Mexico,127792286,Quintana Roo,1723259,NA,NA,NA,NA,86,6,0,9160,1206,0
2020-02-26,Mexico,127792286,San Luis Potosi,2866142,NA,NA,NA,NA,NA,NA,NA,0,0,0
2020-02-28,Mexico,127792286,San Luis Potosi,2866142,NA,NA,NA,NA,0,0,0,0,0,0
2020-03-01,Mexico,127792286,San Luis Potosi,2866142,NA,NA,NA,NA,0,0,0,0,0,0
2020-03-03,Mexico,127792286,San Luis Potosi,2866142,NA,NA,NA,NA,0,0,0,0,0,0
2020-03-05,Mexico,127792286,San Luis Potosi,2866142,NA,NA,NA,NA,0,0,0,0,0,0
2020-03-07,Mexico,127792286,San Luis Potosi,2866142,NA,NA,NA,NA,0,0,0,0,0,0
2020-03-09,Mexico,127792286,San Luis Potosi,2866142,NA,NA,NA,NA,0,0,0,0,0,0
2020-03-11,Mexico,127792286,San Luis Potosi,2866142,NA,NA,NA,NA,0,0,0,0,0,0
2020-03-13,Mexico,127792286,San Luis Potosi,2866142,NA,NA,NA,NA,0,0,0,0,0,0
2020-03-15,Mexico,127792286,San Luis Potosi,2866142,NA,NA,NA,NA,1,0,0,2,0,0
2020-03-17,Mexico,127792286,San Luis Potosi,2866142,NA,NA,NA,NA,0,0,0,2,0,0
2020-03-19,Mexico,127792286,San Luis Potosi,2866142,NA,NA,NA,NA,4,0,0,7,0,0
2020-03-21,Mexico,127792286,San Luis Potosi,2866142,NA,NA,NA,NA,2,0,0,9,0,0
2020-03-23,Mexico,127792286,San Luis Potosi,2866142,NA,NA,NA,NA,4,0,0,16,0,0
2020-03-25,Mexico,127792286,San Luis Potosi,2866142,NA,NA,NA,NA,1,1,0,17,1,0
2020-03-27,Mexico,127792286,San Luis Potosi,2866142,NA,NA,NA,NA,1,0,0,19,2,0
2020-03-29,Mexico,127792286,San Luis Potosi,2866142,NA,NA,NA,NA,4,0,0,24,2,0
2020-03-31,Mexico,127792286,San Luis Potosi,2866142,NA,NA,NA,NA,0,0,0,25,2,0
2020-04-02,Mexico,127792286,San Luis Potosi,2866142,NA,NA,NA,NA,2,0,0,33,2,0
2020-04-04,Mexico,127792286,San Luis Potosi,2866142,NA,NA,NA,NA,0,0,0,35,2,0
2020-04-06,Mexico,127792286,San Luis Potosi,2866142,NA,NA,NA,NA,0,1,0,37,3,0
2020-04-08,Mexico,127792286,San Luis Potosi,2866142,NA,NA,NA,NA,2,1,0,43,4,0
2020-04-10,Mexico,127792286,San Luis Potosi,2866142,NA,NA,NA,NA,1,0,0,48,4,0
2020-04-12,Mexico,127792286,San Luis Potosi,2866142,NA,NA,NA,NA,2,0,0,53,4,0
2020-04-14,Mexico,127792286,San Luis Potosi,2866142,NA,NA,NA,NA,0,0,0,55,4,0
2020-04-16,Mexico,127792286,San Luis Potosi,2866142,NA,NA,NA,NA,0,0,0,56,4,0
2020-04-18,Mexico,127792286,San Luis Potosi,2866142,NA,NA,NA,NA,1,0,0,59,4,0
2020-04-20,Mexico,127792286,San Luis Potosi,2866142,NA,NA,NA,NA,3,0,0,66,4,0
2020-04-22,Mexico,127792286,San Luis Potosi,2866142,NA,NA,NA,NA,1,0,0,68,5,0
2020-04-24,Mexico,127792286,San Luis Potosi,2866142,NA,NA,NA,NA,0,0,0,73,6,0
2020-04-26,Mexico,127792286,San Luis Potosi,2866142,NA,NA,NA,NA,3,0,0,79,6,0
2020-04-28,Mexico,127792286,San Luis Potosi,2866142,NA,NA,NA,NA,1,1,0,85,7,0
2020-04-30,Mexico,127792286,San Luis Potosi,2866142,NA,NA,NA,NA,10,0,0,108,7,0
2020-05-02,Mexico,127792286,San Luis Potosi,2866142,NA,NA,NA,NA,9,0,0,129,8,0
2020-05-04,Mexico,127792286,San Luis Potosi,2866142,NA,NA,NA,NA,10,0,0,155,8,0
2020-05-06,Mexico,127792286,San Luis Potosi,2866142,NA,NA,NA,NA,20,1,0,185,9,0
2020-05-08,Mexico,127792286,San Luis Potosi,2866142,NA,NA,NA,NA,24,1,0,227,11,0
2020-05-10,Mexico,127792286,San Luis Potosi,2866142,NA,NA,NA,NA,28,0,0,265,12,0
2020-05-12,Mexico,127792286,San Luis Potosi,2866142,NA,NA,NA,NA,34,2,0,313,14,0
2020-05-14,Mexico,127792286,San Luis Potosi,2866142,NA,NA,NA,NA,25,2,0,368,19,0
2020-05-16,Mexico,127792286,San Luis Potosi,2866142,NA,NA,NA,NA,25,1,0,430,20,0
2020-05-18,Mexico,127792286,San Luis Potosi,2866142,NA,NA,NA,NA,26,1,0,484,23,0
2020-05-20,Mexico,127792286,San Luis Potosi,2866142,NA,NA,NA,NA,32,1,0,530,24,0
2020-05-22,Mexico,127792286,San Luis Potosi,2866142,NA,NA,NA,NA,39,1,0,602,26,0
2020-05-24,Mexico,127792286,San Luis Potosi,2866142,NA,NA,NA,NA,52,10,0,698,36,0
2020-05-26,Mexico,127792286,San Luis Potosi,2866142,NA,NA,NA,NA,43,1,0,742,41,0
2020-05-28,Mexico,127792286,San Luis Potosi,2866142,NA,NA,NA,NA,29,3,0,823,49,0
2020-05-30,Mexico,127792286,San Luis Potosi,2866142,NA,NA,NA,NA,32,1,0,888,50,0
2020-06-01,Mexico,127792286,San Luis Potosi,2866142,NA,NA,NA,NA,26,3,0,963,54,0
2020-06-03,Mexico,127792286,San Luis Potosi,2866142,NA,NA,NA,NA,41,0,0,1030,57,0
2020-06-05,Mexico,127792286,San Luis Potosi,2866142,NA,NA,NA,NA,38,2,0,1131,62,0
2020-06-07,Mexico,127792286,San Luis Potosi,2866142,NA,NA,NA,NA,39,0,0,1237,65,0
2020-06-09,Mexico,127792286,San Luis Potosi,2866142,NA,NA,NA,NA,76,10,0,1384,79,0
2020-06-11,Mexico,127792286,San Luis Potosi,2866142,NA,NA,NA,NA,104,1,0,1536,84,0
2020-06-13,Mexico,127792286,San Luis Potosi,2866142,NA,NA,NA,NA,83,3,0,1667,89,0
2020-06-15,Mexico,127792286,San Luis Potosi,2866142,NA,NA,NA,NA,2,1,0,1728,91,0
2020-06-17,Mexico,127792286,San Luis Potosi,2866142,NA,NA,NA,NA,83,6,0,1942,98,0
2020-06-19,Mexico,127792286,San Luis Potosi,2866142,NA,NA,NA,NA,40,1,0,2084,102,0
2020-06-21,Mexico,127792286,San Luis Potosi,2866142,NA,NA,NA,NA,71,0,0,2257,101,0
2020-06-23,Mexico,127792286,San Luis Potosi,2866142,NA,NA,NA,NA,65,7,0,2483,114,0
2020-06-25,Mexico,127792286,San Luis Potosi,2866142,NA,NA,NA,NA,2,5,0,2538,123,0
2020-06-27,Mexico,127792286,San Luis Potosi,2866142,NA,NA,NA,NA,230,10,0,2875,142,0
2020-06-29,Mexico,127792286,San Luis Potosi,2866142,NA,NA,NA,NA,38,4,0,3050,148,0
2020-07-01,Mexico,127792286,San Luis Potosi,2866142,NA,NA,NA,NA,102,3,0,3249,157,0
2020-07-03,Mexico,127792286,San Luis Potosi,2866142,NA,NA,NA,NA,82,2,0,3441,163,0
2020-07-05,Mexico,127792286,San Luis Potosi,2866142,NA,NA,NA,NA,102,8,0,3679,180,0
2020-07-07,Mexico,127792286,San Luis Potosi,2866142,NA,NA,NA,NA,87,20,0,3918,207,0
2020-07-09,Mexico,127792286,San Luis Potosi,2866142,NA,NA,NA,NA,75,5,0,4092,240,0
2020-07-11,Mexico,127792286,San Luis Potosi,2866142,NA,NA,NA,NA,216,13,0,4426,260,0
2020-07-13,Mexico,127792286,San Luis Potosi,2866142,NA,NA,NA,NA,160,6,0,4695,267,0
2020-07-15,Mexico,127792286,San Luis Potosi,2866142,NA,NA,NA,NA,228,8,0,5044,285,0
2020-07-17,Mexico,127792286,San Luis Potosi,2866142,NA,NA,NA,NA,201,7,0,5443,301,0
2020-07-19,Mexico,127792286,San Luis Potosi,2866142,NA,NA,NA,NA,176,6,0,5842,317,0
2020-07-21,Mexico,127792286,San Luis Potosi,2866142,NA,NA,NA,NA,176,10,0,6277,334,0
2020-07-23,Mexico,127792286,San Luis Potosi,2866142,NA,NA,NA,NA,263,13,0,6778,354,0
2020-07-25,Mexico,127792286,San Luis Potosi,2866142,NA,NA,NA,NA,292,11,0,7334,387,0
2020-07-27,Mexico,127792286,San Luis Potosi,2866142,NA,NA,NA,NA,338,5,0,7980,406,0
2020-07-29,Mexico,127792286,San Luis Potosi,2866142,NA,NA,NA,NA,360,9,0,8709,429,0
2020-07-31,Mexico,127792286,San Luis Potosi,2866142,NA,NA,NA,NA,362,14,0,9363,466,0
2020-08-02,Mexico,127792286,San Luis Potosi,2866142,NA,NA,NA,NA,221,7,0,10192,532,0
2020-08-04,Mexico,127792286,San Luis Potosi,2866142,NA,NA,NA,NA,234,20,0,10833,567,0
2020-08-06,Mexico,127792286,San Luis Potosi,2866142,NA,NA,NA,NA,359,5,0,11468,597,0
2020-08-08,Mexico,127792286,San Luis Potosi,2866142,NA,NA,NA,NA,156,55,0,11888,654,0
2020-08-10,Mexico,127792286,San Luis Potosi,2866142,NA,NA,NA,NA,538,19,0,12689,694,0
2020-08-12,Mexico,127792286,San Luis Potosi,2866142,NA,NA,NA,NA,300,52,0,13190,790,0
2020-08-14,Mexico,127792286,San Luis Potosi,2866142,NA,NA,NA,NA,264,21,0,13779,823,0
2020-02-25,Mexico,127792286,Sinaloa,3156674,NA,NA,NA,NA,NA,NA,NA,0,0,0
2020-02-27,Mexico,127792286,Sinaloa,3156674,NA,NA,NA,NA,0,0,0,0,0,0
2020-02-29,Mexico,127792286,Sinaloa,3156674,NA,NA,NA,NA,0,0,0,1,0,0
2020-03-02,Mexico,127792286,Sinaloa,3156674,NA,NA,NA,NA,0,0,0,1,0,0
2020-03-04,Mexico,127792286,Sinaloa,3156674,NA,NA,NA,NA,0,0,0,1,0,0
2020-03-06,Mexico,127792286,Sinaloa,3156674,NA,NA,NA,NA,0,0,0,1,0,0
2020-03-08,Mexico,127792286,Sinaloa,3156674,NA,NA,NA,NA,0,0,0,1,0,0
2020-03-10,Mexico,127792286,Sinaloa,3156674,NA,NA,NA,NA,0,0,0,1,0,0
2020-03-12,Mexico,127792286,Sinaloa,3156674,NA,NA,NA,NA,0,0,0,1,0,1
2020-03-14,Mexico,127792286,Sinaloa,3156674,NA,NA,NA,NA,0,0,0,1,0,1
2020-03-16,Mexico,127792286,Sinaloa,3156674,NA,NA,NA,NA,0,0,0,2,0,1
2020-03-18,Mexico,127792286,Sinaloa,3156674,NA,NA,NA,NA,0,0,0,2,0,1
2020-03-20,Mexico,127792286,Sinaloa,3156674,NA,NA,NA,NA,0,0,0,3,0,1
2020-03-22,Mexico,127792286,Sinaloa,3156674,NA,NA,NA,NA,1,0,0,4,0,1
2020-03-24,Mexico,127792286,Sinaloa,3156674,NA,NA,NA,NA,0,0,0,4,0,1
2020-03-26,Mexico,127792286,Sinaloa,3156674,NA,NA,NA,NA,4,0,0,8,0,1
2020-03-28,Mexico,127792286,Sinaloa,3156674,NA,NA,NA,NA,5,0,0,14,0,1
2020-03-30,Mexico,127792286,Sinaloa,3156674,NA,NA,NA,NA,5,3,0,24,3,1
2020-04-01,Mexico,127792286,Sinaloa,3156674,NA,NA,NA,NA,5,1,0,32,4,1
2020-04-03,Mexico,127792286,Sinaloa,3156674,NA,NA,NA,NA,9,1,0,51,5,1
2020-04-05,Mexico,127792286,Sinaloa,3156674,NA,NA,NA,NA,16,2,0,90,12,1
2020-04-07,Mexico,127792286,Sinaloa,3156674,NA,NA,NA,NA,14,1,0,111,13,1
2020-04-09,Mexico,127792286,Sinaloa,3156674,NA,NA,NA,NA,13,2,0,138,15,1
2020-04-11,Mexico,127792286,Sinaloa,3156674,NA,NA,NA,NA,43,6,0,214,24,1
2020-04-13,Mexico,127792286,Sinaloa,3156674,NA,NA,NA,NA,16,4,0,245,28,1
2020-04-15,Mexico,127792286,Sinaloa,3156674,NA,NA,NA,NA,31,4,0,292,38,1
2020-04-17,Mexico,127792286,Sinaloa,3156674,NA,NA,NA,NA,47,3,0,374,43,1
2020-04-19,Mexico,127792286,Sinaloa,3156674,NA,NA,NA,NA,46,0,0,459,45,1
2020-04-21,Mexico,127792286,Sinaloa,3156674,NA,NA,NA,NA,24,7,0,510,52,1
2020-04-23,Mexico,127792286,Sinaloa,3156674,NA,NA,NA,NA,46,3,0,616,62,1
2020-04-25,Mexico,127792286,Sinaloa,3156674,NA,NA,NA,NA,19,6,0,711,98,1
2020-04-27,Mexico,127792286,Sinaloa,3156674,NA,NA,NA,NA,48,17,0,798,122,1
2020-04-29,Mexico,127792286,Sinaloa,3156674,NA,NA,NA,NA,18,3,0,824,133,1
2020-05-01,Mexico,127792286,Sinaloa,3156674,NA,NA,NA,NA,143,20,0,1012,159,1
2020-05-03,Mexico,127792286,Sinaloa,3156674,NA,NA,NA,NA,44,7,0,1125,170,1
2020-05-05,Mexico,127792286,Sinaloa,3156674,NA,NA,NA,NA,34,0,0,1202,173,1
2020-05-07,Mexico,127792286,Sinaloa,3156674,NA,NA,NA,NA,62,17,0,1319,197,1
2020-05-09,Mexico,127792286,Sinaloa,3156674,NA,NA,NA,NA,21,3,0,1401,207,1
2020-05-11,Mexico,127792286,Sinaloa,3156674,NA,NA,NA,NA,47,3,0,1526,216,1
2020-05-13,Mexico,127792286,Sinaloa,3156674,NA,NA,NA,NA,41,18,0,1629,248,1
2020-05-15,Mexico,127792286,Sinaloa,3156674,NA,NA,NA,NA,98,8,0,1823,261,1
2020-05-17,Mexico,127792286,Sinaloa,3156674,NA,NA,NA,NA,65,3,0,1936,285,1
2020-05-19,Mexico,127792286,Sinaloa,3156674,NA,NA,NA,NA,60,21,0,2088,320,1
2020-05-21,Mexico,127792286,Sinaloa,3156674,NA,NA,NA,NA,82,28,0,2252,354,1
2020-05-23,Mexico,127792286,Sinaloa,3156674,NA,NA,NA,NA,110,14,0,2448,380,1
2020-05-25,Mexico,127792286,Sinaloa,3156674,NA,NA,NA,NA,210,16,0,2808,406,1
2020-05-27,Mexico,127792286,Sinaloa,3156674,NA,NA,NA,NA,90,4,0,2917,431,1
2020-05-29,Mexico,127792286,Sinaloa,3156674,NA,NA,NA,NA,109,12,0,3139,460,1
2020-05-31,Mexico,127792286,Sinaloa,3156674,NA,NA,NA,NA,162,13,0,3437,501,1
2020-06-02,Mexico,127792286,Sinaloa,3156674,NA,NA,NA,NA,118,26,0,3713,548,1
2020-06-04,Mexico,127792286,Sinaloa,3156674,NA,NA,NA,NA,133,22,0,4050,646,1
2020-06-06,Mexico,127792286,Sinaloa,3156674,NA,NA,NA,NA,168,11,0,4421,684,1
2020-06-08,Mexico,127792286,Sinaloa,3156674,NA,NA,NA,NA,210,24,0,4779,732,1
2020-06-10,Mexico,127792286,Sinaloa,3156674,NA,NA,NA,NA,197,26,0,5080,800,1
2020-06-12,Mexico,127792286,Sinaloa,3156674,NA,NA,NA,NA,123,17,0,5333,852,1
2020-06-14,Mexico,127792286,Sinaloa,3156674,NA,NA,NA,NA,269,12,0,5651,879,1
2020-06-16,Mexico,127792286,Sinaloa,3156674,NA,NA,NA,NA,92,26,0,5962,933,1
2020-06-18,Mexico,127792286,Sinaloa,3156674,NA,NA,NA,NA,134,14,0,6170,967,1
2020-06-20,Mexico,127792286,Sinaloa,3156674,NA,NA,NA,NA,148,15,0,6495,1005,1
2020-06-22,Mexico,127792286,Sinaloa,3156674,NA,NA,NA,NA,88,12,0,6789,1032,1
2020-06-24,Mexico,127792286,Sinaloa,3156674,NA,NA,NA,NA,160,28,0,7490,1126,1
2020-06-26,Mexico,127792286,Sinaloa,3156674,NA,NA,NA,NA,195,22,0,7782,1169,1
2020-06-28,Mexico,127792286,Sinaloa,3156674,NA,NA,NA,NA,94,18,0,7913,1236,1
2020-06-30,Mexico,127792286,Sinaloa,3156674,NA,NA,NA,NA,185,41,0,8313,1298,1
2020-07-02,Mexico,127792286,Sinaloa,3156674,NA,NA,NA,NA,155,25,0,8627,1356,1
2020-07-04,Mexico,127792286,Sinaloa,3156674,NA,NA,NA,NA,156,21,0,8918,1404,1
2020-07-06,Mexico,127792286,Sinaloa,3156674,NA,NA,NA,NA,202,21,0,9179,1434,1
2020-07-08,Mexico,127792286,Sinaloa,3156674,NA,NA,NA,NA,194,31,0,9542,1508,1
2020-07-10,Mexico,127792286,Sinaloa,3156674,NA,NA,NA,NA,144,33,0,9789,1578,1
2020-07-12,Mexico,127792286,Sinaloa,3156674,NA,NA,NA,NA,209,32,0,10119,1640,1
2020-07-14,Mexico,127792286,Sinaloa,3156674,NA,NA,NA,NA,251,34,0,10579,1689,1
2020-07-16,Mexico,127792286,Sinaloa,3156674,NA,NA,NA,NA,112,25,0,10876,1739,1
2020-07-18,Mexico,127792286,Sinaloa,3156674,NA,NA,NA,NA,266,30,0,11318,1821,1
2020-07-20,Mexico,127792286,Sinaloa,3156674,NA,NA,NA,NA,36,13,0,11363,1843,1
2020-07-22,Mexico,127792286,Sinaloa,3156674,NA,NA,NA,NA,127,47,0,11823,1941,1
2020-07-24,Mexico,127792286,Sinaloa,3156674,NA,NA,NA,NA,101,21,0,12030,1991,1
2020-07-26,Mexico,127792286,Sinaloa,3156674,NA,NA,NA,NA,115,14,0,12293,2030,1
2020-07-28,Mexico,127792286,Sinaloa,3156674,NA,NA,NA,NA,103,29,0,12449,2077,1
2020-07-30,Mexico,127792286,Sinaloa,3156674,NA,NA,NA,NA,56,56,0,12526,2159,1
2020-08-01,Mexico,127792286,Sinaloa,3156674,NA,NA,NA,NA,88,42,0,12781,2233,1
2020-08-03,Mexico,127792286,Sinaloa,3156674,NA,NA,NA,NA,61,6,0,12878,2248,1
2020-08-05,Mexico,127792286,Sinaloa,3156674,NA,NA,NA,NA,149,35,0,13224,2307,1
2020-08-07,Mexico,127792286,Sinaloa,3156674,NA,NA,NA,NA,196,14,0,13590,2348,1
2020-08-09,Mexico,127792286,Sinaloa,3156674,NA,NA,NA,NA,21,10,0,13758,2390,1
2020-08-11,Mexico,127792286,Sinaloa,3156674,NA,NA,NA,NA,289,44,0,14114,2465,1
2020-08-13,Mexico,127792286,Sinaloa,3156674,NA,NA,NA,NA,44,10,0,14227,2512,1
2020-08-15,Mexico,127792286,Sinaloa,3156674,NA,NA,NA,NA,125,19,0,14475,2545,1
2020-02-26,Mexico,127792286,Sonora,3074745,NA,NA,NA,NA,NA,NA,NA,0,0,0
2020-02-28,Mexico,127792286,Sonora,3074745,NA,NA,NA,NA,0,0,0,0,0,0
2020-03-01,Mexico,127792286,Sonora,3074745,NA,NA,NA,NA,0,0,0,0,0,0
2020-03-03,Mexico,127792286,Sonora,3074745,NA,NA,NA,NA,0,0,0,0,0,0
2020-03-05,Mexico,127792286,Sonora,3074745,NA,NA,NA,NA,0,0,0,0,0,0
2020-03-07,Mexico,127792286,Sonora,3074745,NA,NA,NA,NA,0,0,0,0,0,0
2020-03-09,Mexico,127792286,Sonora,3074745,NA,NA,NA,NA,0,0,0,0,0,0
2020-03-11,Mexico,127792286,Sonora,3074745,NA,NA,NA,NA,0,0,0,0,0,0
2020-03-13,Mexico,127792286,Sonora,3074745,NA,NA,NA,NA,0,0,0,0,0,0
2020-03-15,Mexico,127792286,Sonora,3074745,NA,NA,NA,NA,0,0,0,0,0,0
2020-03-17,Mexico,127792286,Sonora,3074745,NA,NA,NA,NA,1,0,0,1,0,0
2020-03-19,Mexico,127792286,Sonora,3074745,NA,NA,NA,NA,1,0,0,2,0,0
2020-03-21,Mexico,127792286,Sonora,3074745,NA,NA,NA,NA,0,0,0,2,0,0
2020-03-23,Mexico,127792286,Sonora,3074745,NA,NA,NA,NA,0,0,0,4,0,0
2020-03-25,Mexico,127792286,Sonora,3074745,NA,NA,NA,NA,0,0,0,4,0,0
2020-03-27,Mexico,127792286,Sonora,3074745,NA,NA,NA,NA,1,0,0,8,0,0
2020-03-29,Mexico,127792286,Sonora,3074745,NA,NA,NA,NA,4,0,0,14,0,0
2020-03-31,Mexico,127792286,Sonora,3074745,NA,NA,NA,NA,0,0,0,17,0,0
2020-04-02,Mexico,127792286,Sonora,3074745,NA,NA,NA,NA,3,0,0,21,0,0
2020-04-04,Mexico,127792286,Sonora,3074745,NA,NA,NA,NA,5,1,0,27,1,0
2020-04-06,Mexico,127792286,Sonora,3074745,NA,NA,NA,NA,2,0,0,30,1,0
2020-04-08,Mexico,127792286,Sonora,3074745,NA,NA,NA,NA,11,1,0,46,2,0
2020-04-10,Mexico,127792286,Sonora,3074745,NA,NA,NA,NA,7,1,0,55,5,0
2020-04-12,Mexico,127792286,Sonora,3074745,NA,NA,NA,NA,4,0,0,69,5,0
2020-04-14,Mexico,127792286,Sonora,3074745,NA,NA,NA,NA,1,0,0,73,9,0
2020-04-16,Mexico,127792286,Sonora,3074745,NA,NA,NA,NA,11,1,0,89,10,0
2020-04-18,Mexico,127792286,Sonora,3074745,NA,NA,NA,NA,11,0,0,108,10,0
2020-04-20,Mexico,127792286,Sonora,3074745,NA,NA,NA,NA,0,0,0,117,12,0
2020-04-22,Mexico,127792286,Sonora,3074745,NA,NA,NA,NA,8,0,0,122,13,0
2020-04-24,Mexico,127792286,Sonora,3074745,NA,NA,NA,NA,11,0,0,138,16,0
2020-04-26,Mexico,127792286,Sonora,3074745,NA,NA,NA,NA,9,0,0,144,18,0
2020-04-28,Mexico,127792286,Sonora,3074745,NA,NA,NA,NA,4,1,0,163,19,0
2020-04-30,Mexico,127792286,Sonora,3074745,NA,NA,NA,NA,13,0,0,186,20,0
2020-05-02,Mexico,127792286,Sonora,3074745,NA,NA,NA,NA,9,0,0,223,23,0
2020-05-04,Mexico,127792286,Sonora,3074745,NA,NA,NA,NA,13,0,0,252,23,0
2020-05-06,Mexico,127792286,Sonora,3074745,NA,NA,NA,NA,33,1,0,304,24,0
2020-05-08,Mexico,127792286,Sonora,3074745,NA,NA,NA,NA,28,0,0,378,25,0
2020-05-10,Mexico,127792286,Sonora,3074745,NA,NA,NA,NA,26,1,0,466,27,0
2020-05-12,Mexico,127792286,Sonora,3074745,NA,NA,NA,NA,25,1,0,530,29,0
2020-05-14,Mexico,127792286,Sonora,3074745,NA,NA,NA,NA,46,1,0,645,31,0
2020-05-16,Mexico,127792286,Sonora,3074745,NA,NA,NA,NA,42,1,0,751,35,0
2020-05-18,Mexico,127792286,Sonora,3074745,NA,NA,NA,NA,21,1,0,852,38,0
2020-05-20,Mexico,127792286,Sonora,3074745,NA,NA,NA,NA,31,4,0,958,49,0
2020-05-22,Mexico,127792286,Sonora,3074745,NA,NA,NA,NA,56,3,0,1122,56,0
2020-05-24,Mexico,127792286,Sonora,3074745,NA,NA,NA,NA,175,6,0,1364,69,0
2020-05-26,Mexico,127792286,Sonora,3074745,NA,NA,NA,NA,124,12,0,1496,84,0
2020-05-28,Mexico,127792286,Sonora,3074745,NA,NA,NA,NA,36,3,0,1562,91,0
2020-05-30,Mexico,127792286,Sonora,3074745,NA,NA,NA,NA,49,7,0,1765,109,0
2020-06-01,Mexico,127792286,Sonora,3074745,NA,NA,NA,NA,50,5,0,2040,116,0
2020-06-03,Mexico,127792286,Sonora,3074745,NA,NA,NA,NA,129,10,0,2358,142,0
2020-06-05,Mexico,127792286,Sonora,3074745,NA,NA,NA,NA,50,9,0,2616,165,0
2020-06-07,Mexico,127792286,Sonora,3074745,NA,NA,NA,NA,116,1,0,2871,177,0
2020-06-09,Mexico,127792286,Sonora,3074745,NA,NA,NA,NA,258,23,0,3195,203,0
2020-06-11,Mexico,127792286,Sonora,3074745,NA,NA,NA,NA,172,14,0,3433,230,0
2020-06-13,Mexico,127792286,Sonora,3074745,NA,NA,NA,NA,121,12,0,3714,256,0
2020-06-15,Mexico,127792286,Sonora,3074745,NA,NA,NA,NA,96,9,0,3956,282,0
2020-06-17,Mexico,127792286,Sonora,3074745,NA,NA,NA,NA,58,6,0,4042,312,0
2020-06-19,Mexico,127792286,Sonora,3074745,NA,NA,NA,NA,244,25,0,4620,356,0
2020-06-21,Mexico,127792286,Sonora,3074745,NA,NA,NA,NA,139,7,0,4937,372,0
2020-06-23,Mexico,127792286,Sonora,3074745,NA,NA,NA,NA,659,96,0,6019,484,0
2020-06-25,Mexico,127792286,Sonora,3074745,NA,NA,NA,NA,189,18,0,6319,572,0
2020-06-27,Mexico,127792286,Sonora,3074745,NA,NA,NA,NA,266,52,0,6764,648,0
2020-06-29,Mexico,127792286,Sonora,3074745,NA,NA,NA,NA,341,25,0,7225,689,0
2020-07-01,Mexico,127792286,Sonora,3074745,NA,NA,NA,NA,284,29,0,7683,737,0
2020-07-03,Mexico,127792286,Sonora,3074745,NA,NA,NA,NA,521,37,0,8660,810,0
2020-07-05,Mexico,127792286,Sonora,3074745,NA,NA,NA,NA,177,26,0,9069,856,0
2020-07-07,Mexico,127792286,Sonora,3074745,NA,NA,NA,NA,573,53,0,9888,937,0
2020-07-09,Mexico,127792286,Sonora,3074745,NA,NA,NA,NA,364,38,0,10562,998,0
2020-07-11,Mexico,127792286,Sonora,3074745,NA,NA,NA,NA,265,53,0,11254,1080,0
2020-07-13,Mexico,127792286,Sonora,3074745,NA,NA,NA,NA,230,26,0,11565,1113,0
2020-07-15,Mexico,127792286,Sonora,3074745,NA,NA,NA,NA,346,28,0,12454,1198,0
2020-07-17,Mexico,127792286,Sonora,3074745,NA,NA,NA,NA,404,36,0,13459,1271,0
2020-07-19,Mexico,127792286,Sonora,3074745,NA,NA,NA,NA,549,167,0,14548,1468,0
2020-07-21,Mexico,127792286,Sonora,3074745,NA,NA,NA,NA,341,40,0,15012,1539,0
2020-07-23,Mexico,127792286,Sonora,3074745,NA,NA,NA,NA,515,40,0,15687,1621,0
2020-07-25,Mexico,127792286,Sonora,3074745,NA,NA,NA,NA,336,48,0,16447,1733,0
2020-07-27,Mexico,127792286,Sonora,3074745,NA,NA,NA,NA,96,14,0,16698,1759,0
2020-07-29,Mexico,127792286,Sonora,3074745,NA,NA,NA,NA,367,59,0,17342,1879,0
2020-07-31,Mexico,127792286,Sonora,3074745,NA,NA,NA,NA,81,40,0,17627,1951,0
2020-08-02,Mexico,127792286,Sonora,3074745,NA,NA,NA,NA,61,14,0,18035,1988,0
2020-08-04,Mexico,127792286,Sonora,3074745,NA,NA,NA,NA,284,64,0,18322,2065,0
2020-08-06,Mexico,127792286,Sonora,3074745,NA,NA,NA,NA,148,62,0,18679,2186,0
2020-08-08,Mexico,127792286,Sonora,3074745,NA,NA,NA,NA,152,29,0,19067,2277,0
2020-08-10,Mexico,127792286,Sonora,3074745,NA,NA,NA,NA,85,21,0,19204,2316,0
2020-08-12,Mexico,127792286,Sonora,3074745,NA,NA,NA,NA,126,17,0,19609,2361,0
2020-08-14,Mexico,127792286,Sonora,3074745,NA,NA,NA,NA,117,9,0,19823,2390,0
2020-02-25,Mexico,127792286,Tabasco,2572287,NA,NA,NA,NA,NA,NA,NA,0,0,0
2020-02-27,Mexico,127792286,Tabasco,2572287,NA,NA,NA,NA,0,0,0,0,0,0
2020-02-29,Mexico,127792286,Tabasco,2572287,NA,NA,NA,NA,0,0,0,0,0,0
2020-03-02,Mexico,127792286,Tabasco,2572287,NA,NA,NA,NA,0,0,0,0,0,0
2020-03-04,Mexico,127792286,Tabasco,2572287,NA,NA,NA,NA,0,0,0,0,0,0
2020-03-06,Mexico,127792286,Tabasco,2572287,NA,NA,NA,NA,0,0,0,0,0,0
2020-03-08,Mexico,127792286,Tabasco,2572287,NA,NA,NA,NA,0,0,0,0,0,0
2020-03-10,Mexico,127792286,Tabasco,2572287,NA,NA,NA,NA,0,0,0,0,0,0
2020-03-12,Mexico,127792286,Tabasco,2572287,NA,NA,NA,NA,0,0,0,0,0,0
2020-03-14,Mexico,127792286,Tabasco,2572287,NA,NA,NA,NA,0,0,0,0,0,0
2020-03-16,Mexico,127792286,Tabasco,2572287,NA,NA,NA,NA,0,0,0,0,0,0
2020-03-18,Mexico,127792286,Tabasco,2572287,NA,NA,NA,NA,1,0,0,1,0,0
2020-03-20,Mexico,127792286,Tabasco,2572287,NA,NA,NA,NA,1,0,0,2,0,0
2020-03-22,Mexico,127792286,Tabasco,2572287,NA,NA,NA,NA,1,0,0,5,0,0
2020-03-24,Mexico,127792286,Tabasco,2572287,NA,NA,NA,NA,0,0,0,6,0,0
2020-03-26,Mexico,127792286,Tabasco,2572287,NA,NA,NA,NA,11,0,0,17,0,0
2020-03-28,Mexico,127792286,Tabasco,2572287,NA,NA,NA,NA,6,0,0,27,0,0
2020-03-30,Mexico,127792286,Tabasco,2572287,NA,NA,NA,NA,5,0,0,38,0,0
2020-04-01,Mexico,127792286,Tabasco,2572287,NA,NA,NA,NA,4,1,0,52,1,0
2020-04-03,Mexico,127792286,Tabasco,2572287,NA,NA,NA,NA,11,0,0,73,3,0
2020-04-05,Mexico,127792286,Tabasco,2572287,NA,NA,NA,NA,14,1,0,97,4,0
2020-04-07,Mexico,127792286,Tabasco,2572287,NA,NA,NA,NA,1,0,0,108,8,0
2020-04-09,Mexico,127792286,Tabasco,2572287,NA,NA,NA,NA,1,1,0,113,9,0
2020-04-11,Mexico,127792286,Tabasco,2572287,NA,NA,NA,NA,9,3,0,143,12,0
2020-04-13,Mexico,127792286,Tabasco,2572287,NA,NA,NA,NA,3,2,0,156,14,0
2020-04-15,Mexico,127792286,Tabasco,2572287,NA,NA,NA,NA,15,2,0,210,21,0
2020-04-17,Mexico,127792286,Tabasco,2572287,NA,NA,NA,NA,17,2,0,250,27,0
2020-04-19,Mexico,127792286,Tabasco,2572287,NA,NA,NA,NA,57,10,0,335,38,0
2020-04-21,Mexico,127792286,Tabasco,2572287,NA,NA,NA,NA,70,13,0,467,55,0
2020-04-23,Mexico,127792286,Tabasco,2572287,NA,NA,NA,NA,88,7,0,592,67,0
2020-04-25,Mexico,127792286,Tabasco,2572287,NA,NA,NA,NA,56,7,0,700,86,0
2020-04-27,Mexico,127792286,Tabasco,2572287,NA,NA,NA,NA,91,4,0,812,99,0
2020-04-29,Mexico,127792286,Tabasco,2572287,NA,NA,NA,NA,50,10,0,935,116,0
2020-05-01,Mexico,127792286,Tabasco,2572287,NA,NA,NA,NA,83,7,0,1060,131,0
2020-05-03,Mexico,127792286,Tabasco,2572287,NA,NA,NA,NA,115,8,0,1185,145,0
2020-05-05,Mexico,127792286,Tabasco,2572287,NA,NA,NA,NA,29,20,0,1264,176,0
2020-05-07,Mexico,127792286,Tabasco,2572287,NA,NA,NA,NA,86,9,0,1391,188,0
2020-05-09,Mexico,127792286,Tabasco,2572287,NA,NA,NA,NA,68,10,0,1584,211,0
2020-05-11,Mexico,127792286,Tabasco,2572287,NA,NA,NA,NA,103,12,0,1741,232,0
2020-05-13,Mexico,127792286,Tabasco,2572287,NA,NA,NA,NA,99,11,0,1960,253,0
2020-05-15,Mexico,127792286,Tabasco,2572287,NA,NA,NA,NA,105,12,0,2154,275,0
2020-05-17,Mexico,127792286,Tabasco,2572287,NA,NA,NA,NA,122,13,0,2360,303,0
2020-05-19,Mexico,127792286,Tabasco,2572287,NA,NA,NA,NA,75,19,0,2543,329,0
2020-05-21,Mexico,127792286,Tabasco,2572287,NA,NA,NA,NA,112,15,0,2811,361,0
2020-05-23,Mexico,127792286,Tabasco,2572287,NA,NA,NA,NA,113,16,0,3030,387,0
2020-05-25,Mexico,127792286,Tabasco,2572287,NA,NA,NA,NA,90,23,0,3225,416,0
2020-05-27,Mexico,127792286,Tabasco,2572287,NA,NA,NA,NA,129,12,0,3484,436,0
2020-05-29,Mexico,127792286,Tabasco,2572287,NA,NA,NA,NA,202,15,0,3876,485,0
2020-05-31,Mexico,127792286,Tabasco,2572287,NA,NA,NA,NA,134,12,0,4149,520,0
2020-06-02,Mexico,127792286,Tabasco,2572287,NA,NA,NA,NA,296,29,0,4630,562,0
2020-06-04,Mexico,127792286,Tabasco,2572287,NA,NA,NA,NA,192,18,0,5021,610,0
2020-06-06,Mexico,127792286,Tabasco,2572287,NA,NA,NA,NA,226,14,0,5317,640,0
2020-06-08,Mexico,127792286,Tabasco,2572287,NA,NA,NA,NA,198,15,0,5695,665,0
2020-06-10,Mexico,127792286,Tabasco,2572287,NA,NA,NA,NA,201,8,0,5979,693,0
2020-06-12,Mexico,127792286,Tabasco,2572287,NA,NA,NA,NA,191,5,0,6311,716,0
2020-06-14,Mexico,127792286,Tabasco,2572287,NA,NA,NA,NA,204,9,0,6709,736,0
2020-06-16,Mexico,127792286,Tabasco,2572287,NA,NA,NA,NA,209,11,0,7148,758,0
2020-06-18,Mexico,127792286,Tabasco,2572287,NA,NA,NA,NA,267,41,0,7641,815,0
2020-06-20,Mexico,127792286,Tabasco,2572287,NA,NA,NA,NA,319,18,0,8185,859,0
2020-06-22,Mexico,127792286,Tabasco,2572287,NA,NA,NA,NA,327,12,0,8771,909,0
2020-06-24,Mexico,127792286,Tabasco,2572287,NA,NA,NA,NA,265,33,0,9280,958,0
2020-06-26,Mexico,127792286,Tabasco,2572287,NA,NA,NA,NA,269,20,0,9817,990,0
2020-06-28,Mexico,127792286,Tabasco,2572287,NA,NA,NA,NA,234,18,0,10293,1016,0
2020-06-30,Mexico,127792286,Tabasco,2572287,NA,NA,NA,NA,208,16,0,10742,1048,0
2020-07-02,Mexico,127792286,Tabasco,2572287,NA,NA,NA,NA,246,19,0,11232,1097,0
2020-07-04,Mexico,127792286,Tabasco,2572287,NA,NA,NA,NA,418,33,0,11931,1151,0
2020-07-06,Mexico,127792286,Tabasco,2572287,NA,NA,NA,NA,346,24,0,12662,1190,0
2020-07-08,Mexico,127792286,Tabasco,2572287,NA,NA,NA,NA,380,45,0,13343,1271,0
2020-07-10,Mexico,127792286,Tabasco,2572287,NA,NA,NA,NA,381,27,0,14097,1332,0
2020-07-12,Mexico,127792286,Tabasco,2572287,NA,NA,NA,NA,504,13,0,15066,1405,0
2020-07-14,Mexico,127792286,Tabasco,2572287,NA,NA,NA,NA,201,24,0,15647,1455,0
2020-07-16,Mexico,127792286,Tabasco,2572287,NA,NA,NA,NA,301,28,0,16331,1513,0
2020-07-18,Mexico,127792286,Tabasco,2572287,NA,NA,NA,NA,419,31,0,17112,1577,0
2020-07-20,Mexico,127792286,Tabasco,2572287,NA,NA,NA,NA,422,13,0,17924,1624,0
2020-07-22,Mexico,127792286,Tabasco,2572287,NA,NA,NA,NA,286,40,0,18487,1692,0
2020-07-24,Mexico,127792286,Tabasco,2572287,NA,NA,NA,NA,294,40,0,19180,1779,0
2020-07-26,Mexico,127792286,Tabasco,2572287,NA,NA,NA,NA,222,16,0,19707,1833,0
2020-07-28,Mexico,127792286,Tabasco,2572287,NA,NA,NA,NA,315,22,0,20448,1885,0
2020-07-30,Mexico,127792286,Tabasco,2572287,NA,NA,NA,NA,314,28,0,21081,1956,0
2020-08-01,Mexico,127792286,Tabasco,2572287,NA,NA,NA,NA,450,34,0,21906,2022,0
2020-08-03,Mexico,127792286,Tabasco,2572287,NA,NA,NA,NA,359,12,0,22688,2048,0
2020-08-05,Mexico,127792286,Tabasco,2572287,NA,NA,NA,NA,376,28,0,23454,2111,0
2020-08-07,Mexico,127792286,Tabasco,2572287,NA,NA,NA,NA,196,27,0,23960,2171,0
2020-08-09,Mexico,127792286,Tabasco,2572287,NA,NA,NA,NA,254,19,0,24523,2200,0
2020-08-11,Mexico,127792286,Tabasco,2572287,NA,NA,NA,NA,204,26,0,24940,2245,0
2020-08-13,Mexico,127792286,Tabasco,2572287,NA,NA,NA,NA,234,15,0,25371,2287,0
2020-08-15,Mexico,127792286,Tabasco,2572287,NA,NA,NA,NA,199,28,0,25790,2350,0
2020-02-26,Mexico,127792286,Tamaulipas,3650602,NA,NA,NA,NA,NA,NA,NA,0,0,0
2020-02-28,Mexico,127792286,Tamaulipas,3650602,NA,NA,NA,NA,0,0,0,0,0,0
2020-03-01,Mexico,127792286,Tamaulipas,3650602,NA,NA,NA,NA,0,0,0,0,0,0
2020-03-03,Mexico,127792286,Tamaulipas,3650602,NA,NA,NA,NA,0,0,0,0,0,0
2020-03-05,Mexico,127792286,Tamaulipas,3650602,NA,NA,NA,NA,0,0,0,0,0,0
2020-03-07,Mexico,127792286,Tamaulipas,3650602,NA,NA,NA,NA,0,0,0,0,0,0
2020-03-09,Mexico,127792286,Tamaulipas,3650602,NA,NA,NA,NA,0,0,0,0,0,0
2020-03-11,Mexico,127792286,Tamaulipas,3650602,NA,NA,NA,NA,0,0,0,0,0,0
2020-03-13,Mexico,127792286,Tamaulipas,3650602,NA,NA,NA,NA,0,0,0,0,0,0
2020-03-15,Mexico,127792286,Tamaulipas,3650602,NA,NA,NA,NA,0,0,0,0,0,0
2020-03-17,Mexico,127792286,Tamaulipas,3650602,NA,NA,NA,NA,1,0,0,1,0,0
2020-03-19,Mexico,127792286,Tamaulipas,3650602,NA,NA,NA,NA,0,0,0,2,0,0
2020-03-21,Mexico,127792286,Tamaulipas,3650602,NA,NA,NA,NA,1,0,0,3,0,0
2020-03-23,Mexico,127792286,Tamaulipas,3650602,NA,NA,NA,NA,1,0,0,5,0,0
2020-03-25,Mexico,127792286,Tamaulipas,3650602,NA,NA,NA,NA,1,0,0,6,0,0
2020-03-27,Mexico,127792286,Tamaulipas,3650602,NA,NA,NA,NA,0,0,0,6,0,0
2020-03-29,Mexico,127792286,Tamaulipas,3650602,NA,NA,NA,NA,1,0,0,7,0,0
2020-03-31,Mexico,127792286,Tamaulipas,3650602,NA,NA,NA,NA,0,0,0,8,0,0
2020-04-02,Mexico,127792286,Tamaulipas,3650602,NA,NA,NA,NA,4,0,0,13,0,0
2020-04-04,Mexico,127792286,Tamaulipas,3650602,NA,NA,NA,NA,4,1,0,20,1,0
2020-04-06,Mexico,127792286,Tamaulipas,3650602,NA,NA,NA,NA,5,0,0,31,1,0
2020-04-08,Mexico,127792286,Tamaulipas,3650602,NA,NA,NA,NA,11,0,0,43,3,0
2020-04-10,Mexico,127792286,Tamaulipas,3650602,NA,NA,NA,NA,2,0,0,48,3,0
2020-04-12,Mexico,127792286,Tamaulipas,3650602,NA,NA,NA,NA,4,0,0,53,3,0
2020-04-14,Mexico,127792286,Tamaulipas,3650602,NA,NA,NA,NA,2,0,0,55,3,0
2020-04-16,Mexico,127792286,Tamaulipas,3650602,NA,NA,NA,NA,18,0,0,78,4,0
2020-04-18,Mexico,127792286,Tamaulipas,3650602,NA,NA,NA,NA,26,0,0,117,5,0
2020-04-20,Mexico,127792286,Tamaulipas,3650602,NA,NA,NA,NA,7,0,0,134,5,0
2020-04-22,Mexico,127792286,Tamaulipas,3650602,NA,NA,NA,NA,21,1,0,166,8,0
2020-04-24,Mexico,127792286,Tamaulipas,3650602,NA,NA,NA,NA,14,1,0,205,10,0
2020-04-26,Mexico,127792286,Tamaulipas,3650602,NA,NA,NA,NA,45,0,0,262,11,0
2020-04-28,Mexico,127792286,Tamaulipas,3650602,NA,NA,NA,NA,8,3,0,296,15,0
2020-04-30,Mexico,127792286,Tamaulipas,3650602,NA,NA,NA,NA,7,0,0,316,18,0
2020-05-02,Mexico,127792286,Tamaulipas,3650602,NA,NA,NA,NA,24,1,0,364,21,0
2020-05-04,Mexico,127792286,Tamaulipas,3650602,NA,NA,NA,NA,8,1,0,389,23,0
2020-05-06,Mexico,127792286,Tamaulipas,3650602,NA,NA,NA,NA,19,1,0,416,27,0
2020-05-08,Mexico,127792286,Tamaulipas,3650602,NA,NA,NA,NA,1,3,0,441,31,0
2020-05-10,Mexico,127792286,Tamaulipas,3650602,NA,NA,NA,NA,28,1,0,738,38,0
2020-05-12,Mexico,127792286,Tamaulipas,3650602,NA,NA,NA,NA,32,2,0,789,48,0
2020-05-14,Mexico,127792286,Tamaulipas,3650602,NA,NA,NA,NA,64,2,0,865,52,0
2020-05-16,Mexico,127792286,Tamaulipas,3650602,NA,NA,NA,NA,29,4,0,920,59,0
2020-05-18,Mexico,127792286,Tamaulipas,3650602,NA,NA,NA,NA,53,0,0,994,59,0
2020-05-20,Mexico,127792286,Tamaulipas,3650602,NA,NA,NA,NA,20,5,0,1084,74,0
2020-05-22,Mexico,127792286,Tamaulipas,3650602,NA,NA,NA,NA,21,4,0,1135,80,0
2020-05-24,Mexico,127792286,Tamaulipas,3650602,NA,NA,NA,NA,29,1,0,1224,83,0
2020-05-26,Mexico,127792286,Tamaulipas,3650602,NA,NA,NA,NA,11,3,0,1313,89,0
2020-05-28,Mexico,127792286,Tamaulipas,3650602,NA,NA,NA,NA,81,2,0,1454,97,0
2020-05-30,Mexico,127792286,Tamaulipas,3650602,NA,NA,NA,NA,50,5,0,1567,107,0
2020-06-01,Mexico,127792286,Tamaulipas,3650602,NA,NA,NA,NA,91,1,0,1660,109,0
2020-06-03,Mexico,127792286,Tamaulipas,3650602,NA,NA,NA,NA,63,10,0,1811,126,0
2020-06-05,Mexico,127792286,Tamaulipas,3650602,NA,NA,NA,NA,105,11,0,1974,140,0
2020-06-07,Mexico,127792286,Tamaulipas,3650602,NA,NA,NA,NA,101,8,0,2204,156,0
2020-06-09,Mexico,127792286,Tamaulipas,3650602,NA,NA,NA,NA,97,8,0,2428,166,0
2020-06-11,Mexico,127792286,Tamaulipas,3650602,NA,NA,NA,NA,75,6,0,2615,180,0
2020-06-13,Mexico,127792286,Tamaulipas,3650602,NA,NA,NA,NA,157,11,0,3003,199,0
2020-06-15,Mexico,127792286,Tamaulipas,3650602,NA,NA,NA,NA,39,6,0,3151,207,0
2020-06-17,Mexico,127792286,Tamaulipas,3650602,NA,NA,NA,NA,134,14,0,3558,232,0
2020-06-19,Mexico,127792286,Tamaulipas,3650602,NA,NA,NA,NA,114,18,0,3888,261,0
2020-06-21,Mexico,127792286,Tamaulipas,3650602,NA,NA,NA,NA,155,5,0,4161,275,0
2020-06-23,Mexico,127792286,Tamaulipas,3650602,NA,NA,NA,NA,176,10,0,4566,288,0
2020-06-25,Mexico,127792286,Tamaulipas,3650602,NA,NA,NA,NA,245,12,0,5109,315,0
2020-06-27,Mexico,127792286,Tamaulipas,3650602,NA,NA,NA,NA,162,11,0,5411,335,0
2020-06-29,Mexico,127792286,Tamaulipas,3650602,NA,NA,NA,NA,107,13,0,5853,359,0
2020-07-01,Mexico,127792286,Tamaulipas,3650602,NA,NA,NA,NA,120,10,0,6068,373,0
2020-07-03,Mexico,127792286,Tamaulipas,3650602,NA,NA,NA,NA,406,44,0,6989,443,0
2020-07-05,Mexico,127792286,Tamaulipas,3650602,NA,NA,NA,NA,49,0,0,7296,464,0
2020-07-07,Mexico,127792286,Tamaulipas,3650602,NA,NA,NA,NA,210,10,0,7676,481,0
2020-07-09,Mexico,127792286,Tamaulipas,3650602,NA,NA,NA,NA,260,23,0,8297,548,0
2020-07-11,Mexico,127792286,Tamaulipas,3650602,NA,NA,NA,NA,205,25,0,8796,584,0
2020-07-13,Mexico,127792286,Tamaulipas,3650602,NA,NA,NA,NA,261,14,0,9113,604,0
2020-07-15,Mexico,127792286,Tamaulipas,3650602,NA,NA,NA,NA,174,9,0,9698,639,0
2020-07-17,Mexico,127792286,Tamaulipas,3650602,NA,NA,NA,NA,477,32,0,10514,681,0
2020-07-19,Mexico,127792286,Tamaulipas,3650602,NA,NA,NA,NA,188,6,0,11205,700,0
2020-07-21,Mexico,127792286,Tamaulipas,3650602,NA,NA,NA,NA,543,39,0,11843,743,0
2020-07-23,Mexico,127792286,Tamaulipas,3650602,NA,NA,NA,NA,109,20,0,12421,814,0
2020-07-25,Mexico,127792286,Tamaulipas,3650602,NA,NA,NA,NA,417,42,0,13229,884,0
2020-07-27,Mexico,127792286,Tamaulipas,3650602,NA,NA,NA,NA,338,9,0,13685,901,0
2020-07-29,Mexico,127792286,Tamaulipas,3650602,NA,NA,NA,NA,331,17,0,14333,953,0
2020-07-31,Mexico,127792286,Tamaulipas,3650602,NA,NA,NA,NA,1352,33,0,16469,1013,0
2020-08-02,Mexico,127792286,Tamaulipas,3650602,NA,NA,NA,NA,111,4,0,17224,1039,0
2020-08-04,Mexico,127792286,Tamaulipas,3650602,NA,NA,NA,NA,73,69,0,17362,1109,0
2020-08-06,Mexico,127792286,Tamaulipas,3650602,NA,NA,NA,NA,80,60,0,17502,1206,0
2020-08-08,Mexico,127792286,Tamaulipas,3650602,NA,NA,NA,NA,140,32,0,17868,1286,0
2020-08-10,Mexico,127792286,Tamaulipas,3650602,NA,NA,NA,NA,91,29,0,18040,1341,0
2020-08-12,Mexico,127792286,Tamaulipas,3650602,NA,NA,NA,NA,193,17,0,18889,1415,0
2020-08-14,Mexico,127792286,Tamaulipas,3650602,NA,NA,NA,NA,204,22,0,20453,1475,0
2020-02-25,Mexico,127792286,Tlaxcala,1380011,NA,NA,NA,NA,NA,NA,NA,0,0,0
2020-02-27,Mexico,127792286,Tlaxcala,1380011,NA,NA,NA,NA,0,0,0,0,0,0
2020-02-29,Mexico,127792286,Tlaxcala,1380011,NA,NA,NA,NA,0,0,0,0,0,0
2020-03-02,Mexico,127792286,Tlaxcala,1380011,NA,NA,NA,NA,0,0,0,0,0,0
2020-03-04,Mexico,127792286,Tlaxcala,1380011,NA,NA,NA,NA,0,0,0,0,0,0
2020-03-06,Mexico,127792286,Tlaxcala,1380011,NA,NA,NA,NA,0,0,0,0,0,0
2020-03-08,Mexico,127792286,Tlaxcala,1380011,NA,NA,NA,NA,0,0,0,0,0,0
2020-03-10,Mexico,127792286,Tlaxcala,1380011,NA,NA,NA,NA,0,0,0,0,0,0
2020-03-12,Mexico,127792286,Tlaxcala,1380011,NA,NA,NA,NA,0,0,0,0,0,0
2020-03-14,Mexico,127792286,Tlaxcala,1380011,NA,NA,NA,NA,0,0,0,0,0,0
2020-03-16,Mexico,127792286,Tlaxcala,1380011,NA,NA,NA,NA,0,0,0,0,0,0
2020-03-18,Mexico,127792286,Tlaxcala,1380011,NA,NA,NA,NA,0,0,0,0,0,0
2020-03-20,Mexico,127792286,Tlaxcala,1380011,NA,NA,NA,NA,0,0,0,0,0,0
2020-03-22,Mexico,127792286,Tlaxcala,1380011,NA,NA,NA,NA,0,0,0,0,0,0
2020-03-24,Mexico,127792286,Tlaxcala,1380011,NA,NA,NA,NA,0,0,0,0,0,0
2020-03-26,Mexico,127792286,Tlaxcala,1380011,NA,NA,NA,NA,0,0,0,1,0,0
2020-03-28,Mexico,127792286,Tlaxcala,1380011,NA,NA,NA,NA,0,0,0,4,0,0
2020-03-30,Mexico,127792286,Tlaxcala,1380011,NA,NA,NA,NA,0,0,0,4,0,0
2020-04-01,Mexico,127792286,Tlaxcala,1380011,NA,NA,NA,NA,1,0,0,5,0,0
2020-04-03,Mexico,127792286,Tlaxcala,1380011,NA,NA,NA,NA,3,0,0,8,0,0
2020-04-05,Mexico,127792286,Tlaxcala,1380011,NA,NA,NA,NA,2,0,0,11,0,0
2020-04-07,Mexico,127792286,Tlaxcala,1380011,NA,NA,NA,NA,4,0,0,18,0,0
2020-04-09,Mexico,127792286,Tlaxcala,1380011,NA,NA,NA,NA,6,0,0,29,0,0
2020-04-11,Mexico,127792286,Tlaxcala,1380011,NA,NA,NA,NA,4,0,0,38,1,0
2020-04-13,Mexico,127792286,Tlaxcala,1380011,NA,NA,NA,NA,9,0,0,49,2,0
2020-04-15,Mexico,127792286,Tlaxcala,1380011,NA,NA,NA,NA,7,0,0,58,4,0
2020-04-17,Mexico,127792286,Tlaxcala,1380011,NA,NA,NA,NA,5,0,0,67,4,0
2020-04-19,Mexico,127792286,Tlaxcala,1380011,NA,NA,NA,NA,4,0,0,76,4,0
2020-04-21,Mexico,127792286,Tlaxcala,1380011,NA,NA,NA,NA,6,1,0,84,5,0
2020-04-23,Mexico,127792286,Tlaxcala,1380011,NA,NA,NA,NA,8,1,0,107,10,0
2020-04-25,Mexico,127792286,Tlaxcala,1380011,NA,NA,NA,NA,15,0,0,133,13,0
2020-04-27,Mexico,127792286,Tlaxcala,1380011,NA,NA,NA,NA,5,2,0,145,15,0
2020-04-29,Mexico,127792286,Tlaxcala,1380011,NA,NA,NA,NA,17,2,0,185,19,0
2020-05-01,Mexico,127792286,Tlaxcala,1380011,NA,NA,NA,NA,25,0,0,224,23,0
2020-05-03,Mexico,127792286,Tlaxcala,1380011,NA,NA,NA,NA,11,0,0,246,23,0
2020-05-05,Mexico,127792286,Tlaxcala,1380011,NA,NA,NA,NA,12,4,0,269,30,0
2020-05-07,Mexico,127792286,Tlaxcala,1380011,NA,NA,NA,NA,26,7,0,313,43,0
2020-05-09,Mexico,127792286,Tlaxcala,1380011,NA,NA,NA,NA,33,3,0,364,53,0
2020-05-11,Mexico,127792286,Tlaxcala,1380011,NA,NA,NA,NA,29,3,0,397,58,0
2020-05-13,Mexico,127792286,Tlaxcala,1380011,NA,NA,NA,NA,41,7,0,452,75,0
2020-05-15,Mexico,127792286,Tlaxcala,1380011,NA,NA,NA,NA,35,4,0,526,86,0
2020-05-17,Mexico,127792286,Tlaxcala,1380011,NA,NA,NA,NA,25,2,0,571,91,0
2020-05-19,Mexico,127792286,Tlaxcala,1380011,NA,NA,NA,NA,49,5,0,636,106,0
2020-05-21,Mexico,127792286,Tlaxcala,1380011,NA,NA,NA,NA,26,8,0,690,117,0
2020-05-23,Mexico,127792286,Tlaxcala,1380011,NA,NA,NA,NA,56,2,0,758,121,0
2020-05-25,Mexico,127792286,Tlaxcala,1380011,NA,NA,NA,NA,45,12,0,836,134,0
2020-05-27,Mexico,127792286,Tlaxcala,1380011,NA,NA,NA,NA,90,1,0,953,135,0
2020-05-29,Mexico,127792286,Tlaxcala,1380011,NA,NA,NA,NA,24,10,0,979,147,0
2020-05-31,Mexico,127792286,Tlaxcala,1380011,NA,NA,NA,NA,39,0,0,1043,148,0
2020-06-02,Mexico,127792286,Tlaxcala,1380011,NA,NA,NA,NA,40,1,0,1103,151,0
2020-06-04,Mexico,127792286,Tlaxcala,1380011,NA,NA,NA,NA,54,15,0,1189,170,0
2020-06-06,Mexico,127792286,Tlaxcala,1380011,NA,NA,NA,NA,58,3,0,1290,186,0
2020-06-08,Mexico,127792286,Tlaxcala,1380011,NA,NA,NA,NA,71,5,0,1375,192,0
2020-06-10,Mexico,127792286,Tlaxcala,1380011,NA,NA,NA,NA,37,7,0,1444,204,0
2020-06-12,Mexico,127792286,Tlaxcala,1380011,NA,NA,NA,NA,68,7,0,1569,222,0
2020-06-14,Mexico,127792286,Tlaxcala,1380011,NA,NA,NA,NA,8,6,0,1644,228,0
2020-06-16,Mexico,127792286,Tlaxcala,1380011,NA,NA,NA,NA,34,7,0,1725,240,0
2020-06-18,Mexico,127792286,Tlaxcala,1380011,NA,NA,NA,NA,25,4,0,1801,247,0
2020-06-20,Mexico,127792286,Tlaxcala,1380011,NA,NA,NA,NA,63,3,0,1901,258,0
2020-06-22,Mexico,127792286,Tlaxcala,1380011,NA,NA,NA,NA,3,14,0,1958,273,0
2020-06-24,Mexico,127792286,Tlaxcala,1380011,NA,NA,NA,NA,39,7,0,2049,281,0
2020-06-26,Mexico,127792286,Tlaxcala,1380011,NA,NA,NA,NA,33,10,0,2171,293,0
2020-06-28,Mexico,127792286,Tlaxcala,1380011,NA,NA,NA,NA,48,2,0,2221,307,0
2020-06-30,Mexico,127792286,Tlaxcala,1380011,NA,NA,NA,NA,57,21,0,2339,335,0
2020-07-02,Mexico,127792286,Tlaxcala,1380011,NA,NA,NA,NA,45,14,0,2414,367,0
2020-07-04,Mexico,127792286,Tlaxcala,1380011,NA,NA,NA,NA,139,13,0,2625,387,0
2020-07-06,Mexico,127792286,Tlaxcala,1380011,NA,NA,NA,NA,16,3,0,2764,394,0
2020-07-08,Mexico,127792286,Tlaxcala,1380011,NA,NA,NA,NA,41,14,0,2883,420,0
2020-07-10,Mexico,127792286,Tlaxcala,1380011,NA,NA,NA,NA,71,24,0,2998,446,0
2020-07-12,Mexico,127792286,Tlaxcala,1380011,NA,NA,NA,NA,20,1,0,3091,451,0
2020-07-14,Mexico,127792286,Tlaxcala,1380011,NA,NA,NA,NA,25,7,0,3132,464,0
2020-07-16,Mexico,127792286,Tlaxcala,1380011,NA,NA,NA,NA,28,11,0,3238,497,0
2020-07-18,Mexico,127792286,Tlaxcala,1380011,NA,NA,NA,NA,38,8,0,3385,514,0
2020-07-20,Mexico,127792286,Tlaxcala,1380011,NA,NA,NA,NA,40,7,0,3541,522,0
2020-07-22,Mexico,127792286,Tlaxcala,1380011,NA,NA,NA,NA,31,7,0,3605,548,0
2020-07-24,Mexico,127792286,Tlaxcala,1380011,NA,NA,NA,NA,70,7,0,3743,584,0
2020-07-26,Mexico,127792286,Tlaxcala,1380011,NA,NA,NA,NA,28,3,0,3841,613,0
2020-07-28,Mexico,127792286,Tlaxcala,1380011,NA,NA,NA,NA,60,25,0,3964,646,0
2020-07-30,Mexico,127792286,Tlaxcala,1380011,NA,NA,NA,NA,113,17,0,4077,671,0
2020-08-01,Mexico,127792286,Tlaxcala,1380011,NA,NA,NA,NA,73,12,0,4210,685,0
2020-08-03,Mexico,127792286,Tlaxcala,1380011,NA,NA,NA,NA,91,1,0,4315,687,0
2020-08-05,Mexico,127792286,Tlaxcala,1380011,NA,NA,NA,NA,96,6,0,4455,712,0
2020-08-07,Mexico,127792286,Tlaxcala,1380011,NA,NA,NA,NA,68,13,0,4554,732,0
2020-08-09,Mexico,127792286,Tlaxcala,1380011,NA,NA,NA,NA,63,3,0,4661,740,0
2020-08-11,Mexico,127792286,Tlaxcala,1380011,NA,NA,NA,NA,43,5,0,4727,766,0
2020-08-13,Mexico,127792286,Tlaxcala,1380011,NA,NA,NA,NA,59,15,0,4823,797,0
2020-08-15,Mexico,127792286,Tlaxcala,1380011,NA,NA,NA,NA,35,4,0,4890,812,0
2020-02-26,Mexico,127792286,Veracruz,8539862,NA,NA,NA,NA,NA,NA,NA,0,0,0
2020-02-28,Mexico,127792286,Veracruz,8539862,NA,NA,NA,NA,0,0,0,0,0,0
2020-03-01,Mexico,127792286,Veracruz,8539862,NA,NA,NA,NA,0,0,0,0,0,0
2020-03-03,Mexico,127792286,Veracruz,8539862,NA,NA,NA,NA,0,0,0,0,0,0
2020-03-05,Mexico,127792286,Veracruz,8539862,NA,NA,NA,NA,0,0,0,0,0,0
2020-03-07,Mexico,127792286,Veracruz,8539862,NA,NA,NA,NA,0,0,0,0,0,0
2020-03-09,Mexico,127792286,Veracruz,8539862,NA,NA,NA,NA,0,0,0,0,0,0
2020-03-11,Mexico,127792286,Veracruz,8539862,NA,NA,NA,NA,0,0,0,0,0,0
2020-03-13,Mexico,127792286,Veracruz,8539862,NA,NA,NA,NA,0,0,0,0,0,0
2020-03-15,Mexico,127792286,Veracruz,8539862,NA,NA,NA,NA,0,0,0,0,0,0
2020-03-17,Mexico,127792286,Veracruz,8539862,NA,NA,NA,NA,0,0,0,0,0,0
2020-03-19,Mexico,127792286,Veracruz,8539862,NA,NA,NA,NA,0,0,0,2,0,0
2020-03-21,Mexico,127792286,Veracruz,8539862,NA,NA,NA,NA,3,0,0,7,0,0
2020-03-23,Mexico,127792286,Veracruz,8539862,NA,NA,NA,NA,0,0,0,7,0,0
2020-03-25,Mexico,127792286,Veracruz,8539862,NA,NA,NA,NA,0,0,0,7,0,0
2020-03-27,Mexico,127792286,Veracruz,8539862,NA,NA,NA,NA,10,0,0,17,0,0
2020-03-29,Mexico,127792286,Veracruz,8539862,NA,NA,NA,NA,1,0,0,24,0,0
2020-03-31,Mexico,127792286,Veracruz,8539862,NA,NA,NA,NA,1,0,0,27,1,0
2020-04-02,Mexico,127792286,Veracruz,8539862,NA,NA,NA,NA,1,0,0,29,1,0
2020-04-04,Mexico,127792286,Veracruz,8539862,NA,NA,NA,NA,2,1,0,37,3,0
2020-04-06,Mexico,127792286,Veracruz,8539862,NA,NA,NA,NA,1,0,0,41,3,0
2020-04-08,Mexico,127792286,Veracruz,8539862,NA,NA,NA,NA,3,0,0,49,3,0
2020-04-10,Mexico,127792286,Veracruz,8539862,NA,NA,NA,NA,9,0,0,63,3,0
2020-04-12,Mexico,127792286,Veracruz,8539862,NA,NA,NA,NA,5,0,0,78,3,0
2020-04-14,Mexico,127792286,Veracruz,8539862,NA,NA,NA,NA,12,2,0,94,5,0
2020-04-16,Mexico,127792286,Veracruz,8539862,NA,NA,NA,NA,6,0,0,112,6,0
2020-04-18,Mexico,127792286,Veracruz,8539862,NA,NA,NA,NA,3,1,0,124,8,0
2020-04-20,Mexico,127792286,Veracruz,8539862,NA,NA,NA,NA,10,3,0,156,12,0
2020-04-22,Mexico,127792286,Veracruz,8539862,NA,NA,NA,NA,30,5,0,195,18,0
2020-04-24,Mexico,127792286,Veracruz,8539862,NA,NA,NA,NA,38,1,0,268,22,0
2020-04-26,Mexico,127792286,Veracruz,8539862,NA,NA,NA,NA,35,2,0,334,25,0
2020-04-28,Mexico,127792286,Veracruz,8539862,NA,NA,NA,NA,36,7,0,438,38,0
2020-04-30,Mexico,127792286,Veracruz,8539862,NA,NA,NA,NA,60,10,0,546,52,0
2020-05-02,Mexico,127792286,Veracruz,8539862,NA,NA,NA,NA,55,3,0,641,59,0
2020-05-04,Mexico,127792286,Veracruz,8539862,NA,NA,NA,NA,99,4,0,772,68,0
2020-05-06,Mexico,127792286,Veracruz,8539862,NA,NA,NA,NA,33,4,0,839,83,0
2020-05-08,Mexico,127792286,Veracruz,8539862,NA,NA,NA,NA,87,13,0,1013,112,0
2020-05-10,Mexico,127792286,Veracruz,8539862,NA,NA,NA,NA,44,2,0,1158,123,0
2020-05-12,Mexico,127792286,Veracruz,8539862,NA,NA,NA,NA,142,20,0,1448,155,0
2020-05-14,Mexico,127792286,Veracruz,8539862,NA,NA,NA,NA,92,29,0,1612,195,0
2020-05-16,Mexico,127792286,Veracruz,8539862,NA,NA,NA,NA,103,12,0,1747,234,0
2020-05-18,Mexico,127792286,Veracruz,8539862,NA,NA,NA,NA,110,5,0,1978,243,0
2020-05-20,Mexico,127792286,Veracruz,8539862,NA,NA,NA,NA,68,13,0,2222,274,0
2020-05-22,Mexico,127792286,Veracruz,8539862,NA,NA,NA,NA,166,39,0,2529,331,0
2020-05-24,Mexico,127792286,Veracruz,8539862,NA,NA,NA,NA,77,24,0,2692,365,0
2020-05-26,Mexico,127792286,Veracruz,8539862,NA,NA,NA,NA,305,44,0,3173,416,0
2020-05-28,Mexico,127792286,Veracruz,8539862,NA,NA,NA,NA,89,30,0,3370,460,0
2020-05-30,Mexico,127792286,Veracruz,8539862,NA,NA,NA,NA,57,11,0,3515,506,0
2020-06-01,Mexico,127792286,Veracruz,8539862,NA,NA,NA,NA,290,19,0,3894,537,0
2020-06-03,Mexico,127792286,Veracruz,8539862,NA,NA,NA,NA,55,68,0,4250,649,0
2020-06-05,Mexico,127792286,Veracruz,8539862,NA,NA,NA,NA,287,39,0,4755,721,0
2020-06-07,Mexico,127792286,Veracruz,8539862,NA,NA,NA,NA,125,2,0,5009,750,0
2020-06-09,Mexico,127792286,Veracruz,8539862,NA,NA,NA,NA,236,41,0,5389,815,0
2020-06-11,Mexico,127792286,Veracruz,8539862,NA,NA,NA,NA,166,41,0,5779,911,0
2020-06-13,Mexico,127792286,Veracruz,8539862,NA,NA,NA,NA,108,36,0,6113,973,0
2020-06-15,Mexico,127792286,Veracruz,8539862,NA,NA,NA,NA,200,28,0,6621,1039,0
2020-06-17,Mexico,127792286,Veracruz,8539862,NA,NA,NA,NA,261,32,0,7084,1123,0
2020-06-19,Mexico,127792286,Veracruz,8539862,NA,NA,NA,NA,182,36,0,7422,1196,0
2020-06-21,Mexico,127792286,Veracruz,8539862,NA,NA,NA,NA,344,28,0,7958,1248,0
2020-06-23,Mexico,127792286,Veracruz,8539862,NA,NA,NA,NA,244,68,0,8495,1335,0
2020-06-25,Mexico,127792286,Veracruz,8539862,NA,NA,NA,NA,318,22,0,8991,1395,0
2020-06-27,Mexico,127792286,Veracruz,8539862,NA,NA,NA,NA,167,27,0,9512,1455,0
2020-06-29,Mexico,127792286,Veracruz,8539862,NA,NA,NA,NA,155,48,0,9779,1522,0
2020-07-01,Mexico,127792286,Veracruz,8539862,NA,NA,NA,NA,350,48,0,10324,1595,0
2020-07-03,Mexico,127792286,Veracruz,8539862,NA,NA,NA,NA,211,21,0,10683,1656,0
2020-07-05,Mexico,127792286,Veracruz,8539862,NA,NA,NA,NA,88,5,0,11348,1724,0
2020-07-07,Mexico,127792286,Veracruz,8539862,NA,NA,NA,NA,361,57,0,12112,1802,0
2020-07-09,Mexico,127792286,Veracruz,8539862,NA,NA,NA,NA,286,46,0,12792,1890,0
2020-07-11,Mexico,127792286,Veracruz,8539862,NA,NA,NA,NA,311,16,0,13361,1944,0
2020-07-13,Mexico,127792286,Veracruz,8539862,NA,NA,NA,NA,252,24,0,13782,1987,0
2020-07-15,Mexico,127792286,Veracruz,8539862,NA,NA,NA,NA,481,32,0,14805,2058,0
2020-07-17,Mexico,127792286,Veracruz,8539862,NA,NA,NA,NA,515,36,0,15614,2137,0
2020-07-19,Mexico,127792286,Veracruz,8539862,NA,NA,NA,NA,450,5,0,16484,2164,0
2020-07-21,Mexico,127792286,Veracruz,8539862,NA,NA,NA,NA,226,81,0,17090,2269,0
2020-07-23,Mexico,127792286,Veracruz,8539862,NA,NA,NA,NA,450,42,0,17739,2350,0
2020-07-25,Mexico,127792286,Veracruz,8539862,NA,NA,NA,NA,215,57,0,18339,2489,0
2020-07-27,Mexico,127792286,Veracruz,8539862,NA,NA,NA,NA,561,13,0,19189,2525,0
2020-07-29,Mexico,127792286,Veracruz,8539862,NA,NA,NA,NA,257,40,0,19919,2665,0
2020-07-31,Mexico,127792286,Veracruz,8539862,NA,NA,NA,NA,235,49,0,20484,2755,0
2020-08-02,Mexico,127792286,Veracruz,8539862,NA,NA,NA,NA,81,15,0,21289,2821,0
2020-08-04,Mexico,127792286,Veracruz,8539862,NA,NA,NA,NA,171,42,0,21797,2873,0
2020-08-06,Mexico,127792286,Veracruz,8539862,NA,NA,NA,NA,441,41,0,22572,2946,0
2020-08-08,Mexico,127792286,Veracruz,8539862,NA,NA,NA,NA,359,27,0,23111,3017,0
2020-08-10,Mexico,127792286,Veracruz,8539862,NA,NA,NA,NA,342,39,0,23655,3060,0
2020-08-12,Mexico,127792286,Veracruz,8539862,NA,NA,NA,NA,238,41,0,24292,3138,0
2020-08-14,Mexico,127792286,Veracruz,8539862,NA,NA,NA,NA,99,31,0,24610,3232,0
2020-02-25,Mexico,127792286,Yucatan,2259098,NA,NA,NA,NA,NA,NA,NA,0,0,0
2020-02-27,Mexico,127792286,Yucatan,2259098,NA,NA,NA,NA,0,0,0,0,0,0
2020-02-29,Mexico,127792286,Yucatan,2259098,NA,NA,NA,NA,0,0,0,0,0,0
2020-03-02,Mexico,127792286,Yucatan,2259098,NA,NA,NA,NA,0,0,0,0,0,0
2020-03-04,Mexico,127792286,Yucatan,2259098,NA,NA,NA,NA,0,0,0,0,0,0
2020-03-06,Mexico,127792286,Yucatan,2259098,NA,NA,NA,NA,0,0,0,0,0,0
2020-03-08,Mexico,127792286,Yucatan,2259098,NA,NA,NA,NA,0,0,0,0,0,0
2020-03-10,Mexico,127792286,Yucatan,2259098,NA,NA,NA,NA,0,0,0,0,0,0
2020-03-12,Mexico,127792286,Yucatan,2259098,NA,NA,NA,NA,0,0,0,0,0,0
2020-03-14,Mexico,127792286,Yucatan,2259098,NA,NA,NA,NA,0,0,0,1,0,0
2020-03-16,Mexico,127792286,Yucatan,2259098,NA,NA,NA,NA,3,0,0,4,0,0
2020-03-18,Mexico,127792286,Yucatan,2259098,NA,NA,NA,NA,3,0,0,8,0,0
2020-03-20,Mexico,127792286,Yucatan,2259098,NA,NA,NA,NA,0,0,0,13,0,0
2020-03-22,Mexico,127792286,Yucatan,2259098,NA,NA,NA,NA,5,0,0,19,0,0
2020-03-24,Mexico,127792286,Yucatan,2259098,NA,NA,NA,NA,5,0,0,24,0,0
2020-03-26,Mexico,127792286,Yucatan,2259098,NA,NA,NA,NA,3,0,0,32,0,0
2020-03-28,Mexico,127792286,Yucatan,2259098,NA,NA,NA,NA,2,0,0,38,0,0
2020-03-30,Mexico,127792286,Yucatan,2259098,NA,NA,NA,NA,5,0,0,46,0,0
2020-04-01,Mexico,127792286,Yucatan,2259098,NA,NA,NA,NA,3,0,0,52,0,0
2020-04-03,Mexico,127792286,Yucatan,2259098,NA,NA,NA,NA,6,0,0,59,0,0
2020-04-05,Mexico,127792286,Yucatan,2259098,NA,NA,NA,NA,5,2,0,67,2,0
2020-04-07,Mexico,127792286,Yucatan,2259098,NA,NA,NA,NA,2,0,0,74,2,0
2020-04-09,Mexico,127792286,Yucatan,2259098,NA,NA,NA,NA,14,0,0,88,3,0
2020-04-11,Mexico,127792286,Yucatan,2259098,NA,NA,NA,NA,15,0,0,103,4,0
2020-04-13,Mexico,127792286,Yucatan,2259098,NA,NA,NA,NA,7,0,0,114,6,0
2020-04-15,Mexico,127792286,Yucatan,2259098,NA,NA,NA,NA,12,0,0,128,7,0
2020-04-17,Mexico,127792286,Yucatan,2259098,NA,NA,NA,NA,9,1,0,140,8,0
2020-04-19,Mexico,127792286,Yucatan,2259098,NA,NA,NA,NA,4,0,0,176,10,0
2020-04-21,Mexico,127792286,Yucatan,2259098,NA,NA,NA,NA,3,2,0,194,12,0
2020-04-23,Mexico,127792286,Yucatan,2259098,NA,NA,NA,NA,35,3,0,234,18,0
2020-04-25,Mexico,127792286,Yucatan,2259098,NA,NA,NA,NA,55,1,0,299,20,0
2020-04-27,Mexico,127792286,Yucatan,2259098,NA,NA,NA,NA,29,3,0,350,23,0
2020-04-29,Mexico,127792286,Yucatan,2259098,NA,NA,NA,NA,26,3,0,401,26,0
2020-05-01,Mexico,127792286,Yucatan,2259098,NA,NA,NA,NA,40,4,0,485,30,0
2020-05-03,Mexico,127792286,Yucatan,2259098,NA,NA,NA,NA,54,1,0,584,31,0
2020-05-05,Mexico,127792286,Yucatan,2259098,NA,NA,NA,NA,41,2,0,645,33,0
2020-05-07,Mexico,127792286,Yucatan,2259098,NA,NA,NA,NA,37,3,0,721,39,0
2020-05-09,Mexico,127792286,Yucatan,2259098,NA,NA,NA,NA,37,0,0,784,48,0
2020-05-11,Mexico,127792286,Yucatan,2259098,NA,NA,NA,NA,19,3,0,842,51,0
2020-05-13,Mexico,127792286,Yucatan,2259098,NA,NA,NA,NA,41,0,0,918,54,0
2020-05-15,Mexico,127792286,Yucatan,2259098,NA,NA,NA,NA,51,6,0,1018,68,0
2020-05-17,Mexico,127792286,Yucatan,2259098,NA,NA,NA,NA,31,1,0,1108,77,0
2020-05-19,Mexico,127792286,Yucatan,2259098,NA,NA,NA,NA,53,4,0,1199,84,0
2020-05-21,Mexico,127792286,Yucatan,2259098,NA,NA,NA,NA,79,3,0,1318,100,0
2020-05-23,Mexico,127792286,Yucatan,2259098,NA,NA,NA,NA,55,1,0,1415,110,0
2020-05-25,Mexico,127792286,Yucatan,2259098,NA,NA,NA,NA,36,7,0,1519,123,0
2020-05-27,Mexico,127792286,Yucatan,2259098,NA,NA,NA,NA,35,4,0,1599,132,0
2020-05-29,Mexico,127792286,Yucatan,2259098,NA,NA,NA,NA,35,3,0,1693,142,0
2020-05-31,Mexico,127792286,Yucatan,2259098,NA,NA,NA,NA,51,9,0,1819,155,0
2020-06-02,Mexico,127792286,Yucatan,2259098,NA,NA,NA,NA,56,9,0,1915,173,0
2020-06-04,Mexico,127792286,Yucatan,2259098,NA,NA,NA,NA,53,10,0,2010,202,0
2020-06-06,Mexico,127792286,Yucatan,2259098,NA,NA,NA,NA,40,1,0,2097,208,0
2020-06-08,Mexico,127792286,Yucatan,2259098,NA,NA,NA,NA,20,3,0,2147,211,0
2020-06-10,Mexico,127792286,Yucatan,2259098,NA,NA,NA,NA,87,6,0,2280,225,0
2020-06-12,Mexico,127792286,Yucatan,2259098,NA,NA,NA,NA,83,8,0,2417,240,0
2020-06-14,Mexico,127792286,Yucatan,2259098,NA,NA,NA,NA,39,2,0,2521,248,0
2020-06-16,Mexico,127792286,Yucatan,2259098,NA,NA,NA,NA,106,19,0,2684,275,0
2020-06-18,Mexico,127792286,Yucatan,2259098,NA,NA,NA,NA,95,4,0,2864,305,0
2020-06-20,Mexico,127792286,Yucatan,2259098,NA,NA,NA,NA,92,5,0,3073,323,0
2020-06-22,Mexico,127792286,Yucatan,2259098,NA,NA,NA,NA,82,4,0,3235,331,0
2020-06-24,Mexico,127792286,Yucatan,2259098,NA,NA,NA,NA,121,16,0,3530,355,0
2020-06-26,Mexico,127792286,Yucatan,2259098,NA,NA,NA,NA,137,9,0,3813,377,0
2020-06-28,Mexico,127792286,Yucatan,2259098,NA,NA,NA,NA,152,2,0,4147,393,0
2020-06-30,Mexico,127792286,Yucatan,2259098,NA,NA,NA,NA,172,16,0,4405,414,0
2020-07-02,Mexico,127792286,Yucatan,2259098,NA,NA,NA,NA,93,23,0,4612,466,0
2020-07-04,Mexico,127792286,Yucatan,2259098,NA,NA,NA,NA,132,3,0,4987,480,0
2020-07-06,Mexico,127792286,Yucatan,2259098,NA,NA,NA,NA,144,18,0,5247,501,0
2020-07-08,Mexico,127792286,Yucatan,2259098,NA,NA,NA,NA,183,18,0,5558,539,0
2020-07-10,Mexico,127792286,Yucatan,2259098,NA,NA,NA,NA,193,15,0,5909,572,0
2020-07-12,Mexico,127792286,Yucatan,2259098,NA,NA,NA,NA,146,4,0,6237,582,0
2020-07-14,Mexico,127792286,Yucatan,2259098,NA,NA,NA,NA,271,16,0,6617,604,0
2020-07-16,Mexico,127792286,Yucatan,2259098,NA,NA,NA,NA,205,46,0,6910,658,0
2020-07-18,Mexico,127792286,Yucatan,2259098,NA,NA,NA,NA,138,8,0,7110,692,0
2020-07-20,Mexico,127792286,Yucatan,2259098,NA,NA,NA,NA,77,8,0,7345,707,0
2020-07-22,Mexico,127792286,Yucatan,2259098,NA,NA,NA,NA,180,16,0,7707,743,0
2020-07-24,Mexico,127792286,Yucatan,2259098,NA,NA,NA,NA,179,17,0,8187,780,0
2020-07-26,Mexico,127792286,Yucatan,2259098,NA,NA,NA,NA,225,11,0,8674,812,0
2020-07-28,Mexico,127792286,Yucatan,2259098,NA,NA,NA,NA,187,13,0,8990,838,0
2020-07-30,Mexico,127792286,Yucatan,2259098,NA,NA,NA,NA,350,17,0,9491,858,0
2020-08-01,Mexico,127792286,Yucatan,2259098,NA,NA,NA,NA,470,16,0,10155,890,0
2020-08-03,Mexico,127792286,Yucatan,2259098,NA,NA,NA,NA,172,14,0,10513,916,0
2020-08-05,Mexico,127792286,Yucatan,2259098,NA,NA,NA,NA,177,22,0,10858,957,0
2020-08-07,Mexico,127792286,Yucatan,2259098,NA,NA,NA,NA,167,18,0,11273,992,0
2020-08-09,Mexico,127792286,Yucatan,2259098,NA,NA,NA,NA,101,12,0,11578,1025,0
2020-08-11,Mexico,127792286,Yucatan,2259098,NA,NA,NA,NA,209,24,0,11966,1072,0
2020-08-13,Mexico,127792286,Yucatan,2259098,NA,NA,NA,NA,157,13,0,12218,1107,0
2020-08-15,Mexico,127792286,Yucatan,2259098,NA,NA,NA,NA,99,10,0,12468,1135,0
2020-02-26,Mexico,127792286,Zacatecas,1666426,NA,NA,NA,NA,NA,NA,NA,0,0,0
2020-02-28,Mexico,127792286,Zacatecas,1666426,NA,NA,NA,NA,0,0,0,0,0,0
2020-03-01,Mexico,127792286,Zacatecas,1666426,NA,NA,NA,NA,0,0,0,0,0,0
2020-03-03,Mexico,127792286,Zacatecas,1666426,NA,NA,NA,NA,0,0,0,0,0,0
2020-03-05,Mexico,127792286,Zacatecas,1666426,NA,NA,NA,NA,0,0,0,0,0,0
2020-03-07,Mexico,127792286,Zacatecas,1666426,NA,NA,NA,NA,0,0,0,0,0,0
2020-03-09,Mexico,127792286,Zacatecas,1666426,NA,NA,NA,NA,0,0,0,0,0,0
2020-03-11,Mexico,127792286,Zacatecas,1666426,NA,NA,NA,NA,0,0,0,0,0,0
2020-03-13,Mexico,127792286,Zacatecas,1666426,NA,NA,NA,NA,0,0,0,0,0,0
2020-03-15,Mexico,127792286,Zacatecas,1666426,NA,NA,NA,NA,0,0,0,0,0,0
2020-03-17,Mexico,127792286,Zacatecas,1666426,NA,NA,NA,NA,0,0,0,0,0,0
2020-03-19,Mexico,127792286,Zacatecas,1666426,NA,NA,NA,NA,0,0,0,0,0,0
2020-03-21,Mexico,127792286,Zacatecas,1666426,NA,NA,NA,NA,1,0,0,1,0,0
2020-03-23,Mexico,127792286,Zacatecas,1666426,NA,NA,NA,NA,1,0,0,3,0,0
2020-03-25,Mexico,127792286,Zacatecas,1666426,NA,NA,NA,NA,0,0,0,3,0,0
2020-03-27,Mexico,127792286,Zacatecas,1666426,NA,NA,NA,NA,0,0,0,4,0,0
2020-03-29,Mexico,127792286,Zacatecas,1666426,NA,NA,NA,NA,1,0,0,5,0,0
2020-03-31,Mexico,127792286,Zacatecas,1666426,NA,NA,NA,NA,0,0,0,6,0,0
2020-04-02,Mexico,127792286,Zacatecas,1666426,NA,NA,NA,NA,1,0,0,7,1,0
2020-04-04,Mexico,127792286,Zacatecas,1666426,NA,NA,NA,NA,3,1,0,10,2,0
2020-04-06,Mexico,127792286,Zacatecas,1666426,NA,NA,NA,NA,0,0,0,9,2,0
2020-04-08,Mexico,127792286,Zacatecas,1666426,NA,NA,NA,NA,1,0,0,11,2,0
2020-04-10,Mexico,127792286,Zacatecas,1666426,NA,NA,NA,NA,3,0,0,14,2,0
2020-04-12,Mexico,127792286,Zacatecas,1666426,NA,NA,NA,NA,1,0,0,15,2,0
2020-04-14,Mexico,127792286,Zacatecas,1666426,NA,NA,NA,NA,1,0,0,17,2,0
2020-04-16,Mexico,127792286,Zacatecas,1666426,NA,NA,NA,NA,0,0,0,18,2,0
2020-04-18,Mexico,127792286,Zacatecas,1666426,NA,NA,NA,NA,4,0,0,27,2,0
2020-04-20,Mexico,127792286,Zacatecas,1666426,NA,NA,NA,NA,4,0,0,31,2,0
2020-04-22,Mexico,127792286,Zacatecas,1666426,NA,NA,NA,NA,11,0,0,43,3,0
2020-04-24,Mexico,127792286,Zacatecas,1666426,NA,NA,NA,NA,3,1,0,50,4,0
2020-04-26,Mexico,127792286,Zacatecas,1666426,NA,NA,NA,NA,7,0,0,64,4,0
2020-04-28,Mexico,127792286,Zacatecas,1666426,NA,NA,NA,NA,2,3,0,66,7,0
2020-04-30,Mexico,127792286,Zacatecas,1666426,NA,NA,NA,NA,7,1,0,74,8,0
2020-05-02,Mexico,127792286,Zacatecas,1666426,NA,NA,NA,NA,8,2,0,91,10,0
2020-05-04,Mexico,127792286,Zacatecas,1666426,NA,NA,NA,NA,10,3,0,106,16,0
2020-05-06,Mexico,127792286,Zacatecas,1666426,NA,NA,NA,NA,6,1,0,115,18,0
2020-05-08,Mexico,127792286,Zacatecas,1666426,NA,NA,NA,NA,7,0,0,131,18,0
2020-05-10,Mexico,127792286,Zacatecas,1666426,NA,NA,NA,NA,9,1,0,145,19,0
2020-05-12,Mexico,127792286,Zacatecas,1666426,NA,NA,NA,NA,2,1,0,153,20,0
2020-05-14,Mexico,127792286,Zacatecas,1666426,NA,NA,NA,NA,4,1,0,164,22,0
2020-05-16,Mexico,127792286,Zacatecas,1666426,NA,NA,NA,NA,9,1,0,182,23,0
2020-05-18,Mexico,127792286,Zacatecas,1666426,NA,NA,NA,NA,3,2,0,195,25,0
2020-05-20,Mexico,127792286,Zacatecas,1666426,NA,NA,NA,NA,6,1,0,203,27,0
2020-05-22,Mexico,127792286,Zacatecas,1666426,NA,NA,NA,NA,10,0,0,215,27,0
2020-05-24,Mexico,127792286,Zacatecas,1666426,NA,NA,NA,NA,7,0,0,229,27,0
2020-05-26,Mexico,127792286,Zacatecas,1666426,NA,NA,NA,NA,9,1,0,246,29,0
2020-05-28,Mexico,127792286,Zacatecas,1666426,NA,NA,NA,NA,11,2,0,267,31,0
2020-05-30,Mexico,127792286,Zacatecas,1666426,NA,NA,NA,NA,6,1,0,279,33,0
2020-06-01,Mexico,127792286,Zacatecas,1666426,NA,NA,NA,NA,9,1,0,296,35,0
2020-06-03,Mexico,127792286,Zacatecas,1666426,NA,NA,NA,NA,10,1,0,316,39,0
2020-06-05,Mexico,127792286,Zacatecas,1666426,NA,NA,NA,NA,6,2,0,341,43,0
2020-06-07,Mexico,127792286,Zacatecas,1666426,NA,NA,NA,NA,10,0,0,373,44,0
2020-06-09,Mexico,127792286,Zacatecas,1666426,NA,NA,NA,NA,16,4,0,398,50,0
2020-06-11,Mexico,127792286,Zacatecas,1666426,NA,NA,NA,NA,33,2,0,451,55,0
2020-06-13,Mexico,127792286,Zacatecas,1666426,NA,NA,NA,NA,15,2,0,508,57,0
2020-06-15,Mexico,127792286,Zacatecas,1666426,NA,NA,NA,NA,24,1,0,546,58,0
2020-06-17,Mexico,127792286,Zacatecas,1666426,NA,NA,NA,NA,19,4,0,575,66,0
2020-06-19,Mexico,127792286,Zacatecas,1666426,NA,NA,NA,NA,30,2,0,634,71,0
2020-06-21,Mexico,127792286,Zacatecas,1666426,NA,NA,NA,NA,20,0,0,682,72,0
2020-06-23,Mexico,127792286,Zacatecas,1666426,NA,NA,NA,NA,8,5,0,698,80,0
2020-06-25,Mexico,127792286,Zacatecas,1666426,NA,NA,NA,NA,22,5,0,751,85,0
2020-06-27,Mexico,127792286,Zacatecas,1666426,NA,NA,NA,NA,32,3,0,810,89,0
2020-06-29,Mexico,127792286,Zacatecas,1666426,NA,NA,NA,NA,46,2,0,872,93,0
2020-07-01,Mexico,127792286,Zacatecas,1666426,NA,NA,NA,NA,34,3,0,924,99,0
2020-07-03,Mexico,127792286,Zacatecas,1666426,NA,NA,NA,NA,29,5,0,985,106,0
2020-07-05,Mexico,127792286,Zacatecas,1666426,NA,NA,NA,NA,46,0,0,1088,110,0
2020-07-07,Mexico,127792286,Zacatecas,1666426,NA,NA,NA,NA,24,8,0,1146,120,0
2020-07-09,Mexico,127792286,Zacatecas,1666426,NA,NA,NA,NA,39,2,0,1229,130,0
2020-07-11,Mexico,127792286,Zacatecas,1666426,NA,NA,NA,NA,45,2,0,1324,137,0
2020-07-13,Mexico,127792286,Zacatecas,1666426,NA,NA,NA,NA,36,4,0,1405,141,0
2020-07-15,Mexico,127792286,Zacatecas,1666426,NA,NA,NA,NA,29,2,0,1490,147,0
2020-07-17,Mexico,127792286,Zacatecas,1666426,NA,NA,NA,NA,123,5,0,1674,157,0
2020-07-19,Mexico,127792286,Zacatecas,1666426,NA,NA,NA,NA,53,2,0,1813,163,0
2020-07-21,Mexico,127792286,Zacatecas,1666426,NA,NA,NA,NA,48,9,0,1888,173,0
2020-07-23,Mexico,127792286,Zacatecas,1666426,NA,NA,NA,NA,98,5,0,2072,186,0
2020-07-25,Mexico,127792286,Zacatecas,1666426,NA,NA,NA,NA,85,6,0,2256,201,0
2020-07-27,Mexico,127792286,Zacatecas,1666426,NA,NA,NA,NA,29,1,0,2352,202,0
2020-07-29,Mexico,127792286,Zacatecas,1666426,NA,NA,NA,NA,48,14,0,2435,232,0
2020-07-31,Mexico,127792286,Zacatecas,1666426,NA,NA,NA,NA,58,6,0,2634,243,0
2020-08-02,Mexico,127792286,Zacatecas,1666426,NA,NA,NA,NA,89,4,0,2826,251,0
2020-08-04,Mexico,127792286,Zacatecas,1666426,NA,NA,NA,NA,54,20,0,2936,272,0
2020-08-06,Mexico,127792286,Zacatecas,1666426,NA,NA,NA,NA,90,10,0,3099,291,0
2020-08-08,Mexico,127792286,Zacatecas,1666426,NA,NA,NA,NA,115,10,0,3306,313,0
2020-08-10,Mexico,127792286,Zacatecas,1666426,NA,NA,NA,NA,105,9,0,3486,332,0
2020-08-12,Mexico,127792286,Zacatecas,1666426,NA,NA,NA,NA,96,3,0,3642,344,0
2020-08-14,Mexico,127792286,Zacatecas,1666426,NA,NA,NA,NA,95,7,0,3920,361,0
2020-03-05,South Africa,58775020,Eastern Cape,6712276,NA,NA,NA,NA,NA,NA,NA,0,0,0
2020-03-08,South Africa,58775020,Eastern Cape,6712276,NA,NA,NA,NA,0,0,0,0,0,0
2020-03-11,South Africa,58775020,Eastern Cape,6712276,NA,NA,NA,NA,0,0,0,0,0,0
2020-03-13,South Africa,58775020,Eastern Cape,6712276,NA,NA,NA,NA,0,0,0,0,0,0
2020-03-15,South Africa,58775020,Eastern Cape,6712276,NA,NA,NA,NA,0,0,0,0,0,0
2020-03-17,South Africa,58775020,Eastern Cape,6712276,NA,NA,NA,NA,0,0,0,0,0,0
2020-03-19,South Africa,58775020,Eastern Cape,6712276,NA,NA,NA,NA,0,0,0,0,0,0
2020-03-21,South Africa,58775020,Eastern Cape,6712276,NA,NA,NA,NA,1,0,0,1,0,0
2020-03-23,South Africa,58775020,Eastern Cape,6712276,NA,NA,NA,NA,0,0,0,2,0,0
2020-03-25,South Africa,58775020,Eastern Cape,6712276,NA,NA,NA,NA,0,0,0,2,0,0
2020-03-27,South Africa,58775020,Eastern Cape,6712276,NA,NA,NA,NA,0,0,0,5,0,0
2020-03-29,South Africa,58775020,Eastern Cape,6712276,NA,NA,NA,NA,2,0,0,12,0,0
2020-03-31,South Africa,58775020,Eastern Cape,6712276,NA,NA,NA,NA,0,0,0,12,0,0
2020-04-02,South Africa,58775020,Eastern Cape,6712276,NA,NA,NA,NA,2,0,0,17,0,0
2020-04-04,South Africa,58775020,Eastern Cape,6712276,NA,NA,NA,NA,4,0,0,25,0,0
2020-04-06,South Africa,58775020,Eastern Cape,6712276,NA,NA,NA,NA,1,0,0,32,0,0
2020-04-08,South Africa,58775020,Eastern Cape,6712276,NA,NA,NA,NA,13,0,0,45,0,0
2020-04-10,South Africa,58775020,Eastern Cape,6712276,NA,NA,NA,NA,7,0,0,68,0,0
2020-04-12,South Africa,58775020,Eastern Cape,6712276,NA,NA,NA,NA,19,0,0,88,0,0
2020-04-14,South Africa,58775020,Eastern Cape,6712276,NA,NA,NA,NA,70,0,0,174,0,0
2020-04-16,South Africa,58775020,Eastern Cape,6712276,NA,NA,NA,NA,21,4,0,220,4,0
2020-04-18,South Africa,58775020,Eastern Cape,6712276,NA,NA,NA,NA,24,0,0,270,4,9
2020-04-20,South Africa,58775020,Eastern Cape,6712276,NA,NA,NA,NA,17,1,6,310,5,15
2020-04-22,South Africa,58775020,Eastern Cape,6712276,NA,NA,NA,NA,32,0,0,377,5,15
2020-04-24,South Africa,58775020,Eastern Cape,6712276,NA,NA,NA,NA,63,0,0,480,6,19
2020-04-26,South Africa,58775020,Eastern Cape,6712276,NA,NA,NA,NA,47,0,0,535,10,19
2020-04-28,South Africa,58775020,Eastern Cape,6712276,NA,NA,NA,NA,28,0,0,616,10,19
2020-04-30,South Africa,58775020,Eastern Cape,6712276,NA,NA,NA,NA,17,0,0,647,11,19
2020-05-02,South Africa,58775020,Eastern Cape,6712276,NA,NA,NA,NA,41,2,256,732,13,275
2020-05-04,South Africa,58775020,Eastern Cape,6712276,NA,NA,NA,NA,40,0,66,814,17,341
2020-05-06,South Africa,58775020,Eastern Cape,6712276,NA,NA,NA,NA,11,0,47,849,18,388
2020-05-08,South Africa,58775020,Eastern Cape,6712276,NA,NA,NA,NA,60,3,0,989,21,388
2020-05-10,South Africa,58775020,Eastern Cape,6712276,NA,NA,NA,NA,140,1,131,1218,22,519
2020-05-12,South Africa,58775020,Eastern Cape,6712276,NA,NA,NA,NA,148,0,0,1504,24,519
2020-05-14,South Africa,58775020,Eastern Cape,6712276,NA,NA,NA,NA,35,7,11,1569,31,643
2020-05-16,South Africa,58775020,Eastern Cape,6712276,NA,NA,NA,NA,150,1,103,1812,32,746
2020-05-18,South Africa,58775020,Eastern Cape,6712276,NA,NA,NA,NA,116,4,0,2052,39,839
2020-05-20,South Africa,58775020,Eastern Cape,6712276,NA,NA,NA,NA,80,4,197,2215,45,1036
2020-05-22,South Africa,58775020,Eastern Cape,6712276,NA,NA,NA,NA,135,3,0,2459,53,1036
2020-05-24,South Africa,58775020,Eastern Cape,6712276,NA,NA,NA,NA,121,1,299,2690,59,1335
2020-05-26,South Africa,58775020,Eastern Cape,6712276,NA,NA,NA,NA,116,9,156,2864,70,1491
2020-05-28,South Africa,58775020,Eastern Cape,6712276,NA,NA,NA,NA,259,7,209,3306,77,1700
2020-05-30,South Africa,58775020,Eastern Cape,6712276,NA,NA,NA,NA,176,2,287,3759,82,1987
2020-06-01,South Africa,58775020,Eastern Cape,6712276,NA,NA,NA,NA,184,0,136,4111,82,2123
2020-06-03,South Africa,58775020,Eastern Cape,6712276,NA,NA,NA,NA,202,7,0,4526,95,2123
2020-06-05,South Africa,58775020,Eastern Cape,6712276,NA,NA,NA,NA,304,0,0,5240,95,2460
2020-06-07,South Africa,58775020,Eastern Cape,6712276,NA,NA,NA,NA,345,0,0,5974,101,2666
2020-06-09,South Africa,58775020,Eastern Cape,6712276,NA,NA,NA,NA,419,11,848,6760,138,3514
2020-06-11,South Africa,58775020,Eastern Cape,6712276,NA,NA,NA,NA,714,31,0,7868,178,3647
2020-06-13,South Africa,58775020,Eastern Cape,6712276,NA,NA,NA,NA,635,9,166,9250,217,4559
2020-06-15,South Africa,58775020,Eastern Cape,6712276,NA,NA,NA,NA,570,9,87,10597,236,5331
2020-06-17,South Africa,58775020,Eastern Cape,6712276,NA,NA,NA,NA,880,6,370,11919,251,5845
2020-06-19,South Africa,58775020,Eastern Cape,6712276,NA,NA,NA,NA,867,0,0,13506,257,6331
2020-06-21,South Africa,58775020,Eastern Cape,6712276,NA,NA,NA,NA,1030,17,268,15751,285,7738
2020-06-23,South Africa,58775020,Eastern Cape,6712276,NA,NA,NA,NA,1213,28,224,18108,331,8259
2020-06-25,South Africa,58775020,Eastern Cape,6712276,NA,NA,NA,NA,1273,17,771,20487,363,10439
2020-06-27,South Africa,58775020,Eastern Cape,6712276,NA,NA,NA,NA,1720,13,843,23658,384,12192
2020-06-29,South Africa,58775020,Eastern Cape,6712276,NA,NA,NA,NA,1096,10,257,26195,397,12824
2020-07-01,South Africa,58775020,Eastern Cape,6712276,NA,NA,NA,NA,1654,17,303,29340,439,14384
2020-07-03,South Africa,58775020,Eastern Cape,6712276,NA,NA,NA,NA,1554,8,1560,32157,459,17403
2020-07-05,South Africa,58775020,Eastern Cape,6712276,NA,NA,NA,NA,1487,29,510,35648,519,19490
2020-07-07,South Africa,58775020,Eastern Cape,6712276,NA,NA,NA,NA,2320,36,2159,40401,564,22022
2020-07-09,South Africa,58775020,Eastern Cape,6712276,NA,NA,NA,NA,2075,28,0,44432,610,24304
2020-07-11,South Africa,58775020,Eastern Cape,6712276,NA,NA,NA,NA,1948,30,2014,48232,664,30917
2020-07-13,South Africa,58775020,Eastern Cape,6712276,NA,NA,NA,NA,1758,23,497,52058,709,32083
2020-07-15,South Africa,58775020,Eastern Cape,6712276,NA,NA,NA,NA,1625,12,2674,55584,738,37380
2020-07-17,South Africa,58775020,Eastern Cape,6712276,NA,NA,NA,NA,1674,9,1842,58860,772,41707
2020-07-19,South Africa,58775020,Eastern Cape,6712276,NA,NA,NA,NA,2205,14,632,63181,825,44317
2020-07-21,South Africa,58775020,Eastern Cape,6712276,NA,NA,NA,NA,1443,74,2456,66759,945,47263
2020-07-23,South Africa,58775020,Eastern Cape,6712276,NA,NA,NA,NA,1627,48,3653,69445,1393,53591
2020-07-25,South Africa,58775020,Eastern Cape,6712276,NA,NA,NA,NA,1434,44,1839,72772,1450,57531
2020-07-27,South Africa,58775020,Eastern Cape,6712276,NA,NA,NA,NA,646,77,395,74231,1534,58685
2020-07-29,South Africa,58775020,Eastern Cape,6712276,NA,NA,NA,NA,805,34,1626,75872,1579,62371
2020-07-31,South Africa,58775020,Eastern Cape,6712276,NA,NA,NA,NA,883,8,1609,77938,1708,65512
2020-08-02,South Africa,58775020,Eastern Cape,6712276,NA,NA,NA,NA,628,25,2109,79410,1769,68652
2020-08-04,South Africa,58775020,Eastern Cape,6712276,NA,NA,NA,NA,170,43,1346,79844,1832,71420
2020-08-06,South Africa,58775020,Eastern Cape,6712276,NA,NA,NA,NA,614,66,1434,81014,2033,74004
2020-08-08,South Africa,58775020,Eastern Cape,6712276,NA,NA,NA,NA,459,39,5,82074,2129,74941
2020-08-10,South Africa,58775020,Eastern Cape,6712276,NA,NA,NA,NA,186,57,825,82587,2266,76886
2020-08-12,South Africa,58775020,Eastern Cape,6712276,NA,NA,NA,NA,64,46,660,82779,2332,78210
2020-08-14,South Africa,58775020,Eastern Cape,6712276,NA,NA,NA,NA,370,42,477,83372,2442,78862
2020-08-16,South Africa,58775020,Eastern Cape,6712276,NA,NA,NA,NA,335,70,0,84006,2517,78862
2020-03-07,South Africa,58775020,Free State,2887465,NA,NA,NA,NA,0,0,0,0,0,0
2020-03-09,South Africa,58775020,Free State,2887465,NA,NA,NA,NA,0,0,0,0,0,0
2020-03-12,South Africa,58775020,Free State,2887465,NA,NA,NA,NA,0,0,0,0,0,0
2020-03-14,South Africa,58775020,Free State,2887465,NA,NA,NA,NA,0,0,0,0,0,0
2020-03-16,South Africa,58775020,Free State,2887465,NA,NA,NA,NA,0,0,0,0,0,0
2020-03-18,South Africa,58775020,Free State,2887465,NA,NA,NA,NA,0,0,0,0,0,0
2020-03-20,South Africa,58775020,Free State,2887465,NA,NA,NA,NA,7,0,0,7,0,0
2020-03-22,South Africa,58775020,Free State,2887465,NA,NA,NA,NA,2,0,0,9,0,0
2020-03-24,South Africa,58775020,Free State,2887465,NA,NA,NA,NA,5,0,0,18,0,0
2020-03-26,South Africa,58775020,Free State,2887465,NA,NA,NA,NA,19,0,0,49,0,0
2020-03-28,South Africa,58775020,Free State,2887465,NA,NA,NA,NA,19,0,0,68,0,0
2020-03-30,South Africa,58775020,Free State,2887465,NA,NA,NA,NA,0,1,0,72,1,0
2020-04-01,South Africa,58775020,Free State,2887465,NA,NA,NA,NA,2,0,0,76,1,0
2020-04-03,South Africa,58775020,Free State,2887465,NA,NA,NA,NA,0,0,0,84,1,0
2020-04-05,South Africa,58775020,Free State,2887465,NA,NA,NA,NA,2,0,0,87,1,0
2020-04-07,South Africa,58775020,Free State,2887465,NA,NA,NA,NA,0,0,0,89,1,0
2020-04-09,South Africa,58775020,Free State,2887465,NA,NA,NA,NA,5,0,0,93,3,0
2020-04-11,South Africa,58775020,Free State,2887465,NA,NA,NA,NA,0,0,0,94,3,0
2020-04-13,South Africa,58775020,Free State,2887465,NA,NA,NA,NA,0,0,0,96,3,0
2020-04-15,South Africa,58775020,Free State,2887465,NA,NA,NA,NA,0,0,0,97,3,0
2020-04-17,South Africa,58775020,Free State,2887465,NA,NA,NA,NA,2,0,71,100,4,71
2020-04-19,South Africa,58775020,Free State,2887465,NA,NA,NA,NA,0,0,0,100,4,71
2020-04-21,South Africa,58775020,Free State,2887465,NA,NA,NA,NA,1,0,0,106,5,74
2020-04-23,South Africa,58775020,Free State,2887465,NA,NA,NA,NA,0,0,2,106,5,76
2020-04-25,South Africa,58775020,Free State,2887465,NA,NA,NA,NA,0,0,0,111,5,76
2020-04-27,South Africa,58775020,Free State,2887465,NA,NA,NA,NA,1,0,0,111,5,76
2020-04-29,South Africa,58775020,Free State,2887465,NA,NA,NA,NA,0,0,0,113,5,76
2020-05-01,South Africa,58775020,Free State,2887465,NA,NA,NA,NA,2,0,0,118,5,76
2020-05-03,South Africa,58775020,Free State,2887465,NA,NA,NA,NA,1,0,0,122,6,96
2020-05-05,South Africa,58775020,Free State,2887465,NA,NA,NA,NA,3,0,0,128,6,96
2020-05-07,South Africa,58775020,Free State,2887465,NA,NA,NA,NA,4,0,0,134,6,102
2020-05-09,South Africa,58775020,Free State,2887465,NA,NA,NA,NA,1,0,0,134,6,102
2020-05-11,South Africa,58775020,Free State,2887465,NA,NA,NA,NA,0,0,0,135,6,105
2020-05-13,South Africa,58775020,Free State,2887465,NA,NA,NA,NA,3,0,2,138,6,107
2020-05-15,South Africa,58775020,Free State,2887465,NA,NA,NA,NA,6,0,0,151,6,108
2020-05-17,South Africa,58775020,Free State,2887465,NA,NA,NA,NA,5,0,0,158,6,108
2020-05-19,South Africa,58775020,Free State,2887465,NA,NA,NA,NA,5,0,10,168,6,118
2020-05-21,South Africa,58775020,Free State,2887465,NA,NA,NA,NA,4,0,0,184,6,118
2020-05-23,South Africa,58775020,Free State,2887465,NA,NA,NA,NA,11,0,0,196,6,121
2020-05-25,South Africa,58775020,Free State,2887465,NA,NA,NA,NA,6,0,0,208,6,121
2020-05-27,South Africa,58775020,Free State,2887465,NA,NA,NA,NA,15,0,0,221,6,123
2020-05-29,South Africa,58775020,Free State,2887465,NA,NA,NA,NA,6,0,1,231,8,124
2020-05-31,South Africa,58775020,Free State,2887465,NA,NA,NA,NA,17,0,1,278,8,124
2020-06-02,South Africa,58775020,Free State,2887465,NA,NA,NA,NA,14,0,0,299,8,123
2020-06-04,South Africa,58775020,Free State,2887465,NA,NA,NA,NA,3,1,5,322,9,128
2020-06-06,South Africa,58775020,Free State,2887465,NA,NA,NA,NA,12,0,29,348,9,152
2020-06-08,South Africa,58775020,Free State,2887465,NA,NA,NA,NA,12,0,0,373,9,152
2020-06-10,South Africa,58775020,Free State,2887465,NA,NA,NA,NA,10,0,0,401,9,162
2020-06-12,South Africa,58775020,Free State,2887465,NA,NA,NA,NA,29,0,27,435,9,189
2020-06-14,South Africa,58775020,Free State,2887465,NA,NA,NA,NA,38,0,33,495,9,222
2020-06-16,South Africa,58775020,Free State,2887465,NA,NA,NA,NA,66,0,0,578,9,222
2020-06-18,South Africa,58775020,Free State,2887465,NA,NA,NA,NA,41,0,13,649,9,235
2020-06-20,South Africa,58775020,Free State,2887465,NA,NA,NA,NA,42,0,1,700,9,236
2020-06-22,South Africa,58775020,Free State,2887465,NA,NA,NA,NA,39,0,0,772,9,264
2020-06-24,South Africa,58775020,Free State,2887465,NA,NA,NA,NA,75,0,0,889,9,264
2020-06-26,South Africa,58775020,Free State,2887465,NA,NA,NA,NA,93,0,0,1069,9,318
2020-06-28,South Africa,58775020,Free State,2887465,NA,NA,NA,NA,119,0,0,1279,9,356
2020-06-30,South Africa,58775020,Free State,2887465,NA,NA,NA,NA,137,0,0,1514,9,385
2020-07-02,South Africa,58775020,Free State,2887465,NA,NA,NA,NA,214,0,0,1886,9,386
2020-07-04,South Africa,58775020,Free State,2887465,NA,NA,NA,NA,246,0,41,2376,9,437
2020-07-06,South Africa,58775020,Free State,2887465,NA,NA,NA,NA,251,0,24,2804,19,479
2020-07-08,South Africa,58775020,Free State,2887465,NA,NA,NA,NA,225,0,0,3259,19,528
2020-07-10,South Africa,58775020,Free State,2887465,NA,NA,NA,NA,497,0,0,4221,19,629
2020-07-12,South Africa,58775020,Free State,2887465,NA,NA,NA,NA,545,0,0,5224,19,681
2020-07-14,South Africa,58775020,Free State,2887465,NA,NA,NA,NA,341,0,0,5973,35,746
2020-07-16,South Africa,58775020,Free State,2887465,NA,NA,NA,NA,751,10,65,7312,45,1033
2020-07-18,South Africa,58775020,Free State,2887465,NA,NA,NA,NA,714,0,0,9004,47,1033
2020-07-20,South Africa,58775020,Free State,2887465,NA,NA,NA,NA,734,10,95,10727,57,1128
2020-07-22,South Africa,58775020,Free State,2887465,NA,NA,NA,NA,980,5,43,12332,62,1315
2020-07-24,South Africa,58775020,Free State,2887465,NA,NA,NA,NA,1099,1,52,14542,63,1873
2020-07-26,South Africa,58775020,Free State,2887465,NA,NA,NA,NA,970,0,11,16482,63,2075
2020-07-28,South Africa,58775020,Free State,2887465,NA,NA,NA,NA,912,0,91,18134,154,2178
2020-07-30,South Africa,58775020,Free State,2887465,NA,NA,NA,NA,1191,0,0,20398,154,2178
2020-08-01,South Africa,58775020,Free State,2887465,NA,NA,NA,NA,1046,0,1834,22308,154,8897
2020-08-03,South Africa,58775020,Free State,2887465,NA,NA,NA,NA,606,0,1252,23705,205,10149
2020-08-05,South Africa,58775020,Free State,2887465,NA,NA,NA,NA,899,122,0,25232,327,10582
2020-08-07,South Africa,58775020,Free State,2887465,NA,NA,NA,NA,754,0,257,26877,350,11832
2020-08-09,South Africa,58775020,Free State,2887465,NA,NA,NA,NA,628,0,487,28370,350,12642
2020-08-11,South Africa,58775020,Free State,2887465,NA,NA,NA,NA,300,0,439,29209,414,13478
2020-08-13,South Africa,58775020,Free State,2887465,NA,NA,NA,NA,471,62,389,30049,476,14911
2020-08-15,South Africa,58775020,Free State,2887465,NA,NA,NA,NA,628,17,602,31465,513,15819
2020-03-05,South Africa,58775020,Gauteng,15176115,NA,NA,NA,NA,NA,NA,NA,0,0,0
2020-03-08,South Africa,58775020,Gauteng,15176115,NA,NA,NA,NA,0,0,0,1,0,0
2020-03-11,South Africa,58775020,Gauteng,15176115,NA,NA,NA,NA,4,0,0,5,0,0
2020-03-13,South Africa,58775020,Gauteng,15176115,NA,NA,NA,NA,4,0,0,10,0,0
2020-03-15,South Africa,58775020,Gauteng,15176115,NA,NA,NA,NA,7,0,0,24,0,0
2020-03-17,South Africa,58775020,Gauteng,15176115,NA,NA,NA,NA,14,0,0,45,0,0
2020-03-19,South Africa,58775020,Gauteng,15176115,NA,NA,NA,NA,15,0,0,76,0,0
2020-03-21,South Africa,58775020,Gauteng,15176115,NA,NA,NA,NA,16,0,0,125,0,0
2020-03-23,South Africa,58775020,Gauteng,15176115,NA,NA,NA,NA,75,0,0,207,0,0
2020-03-25,South Africa,58775020,Gauteng,15176115,NA,NA,NA,NA,17,0,0,319,0,0
2020-03-27,South Africa,58775020,Gauteng,15176115,NA,NA,NA,NA,0,0,0,409,0,0
2020-03-29,South Africa,58775020,Gauteng,15176115,NA,NA,NA,NA,51,0,0,584,0,0
2020-03-31,South Africa,58775020,Gauteng,15176115,NA,NA,NA,NA,15,1,0,633,1,0
2020-04-02,South Africa,58775020,Gauteng,15176115,NA,NA,NA,NA,18,0,0,663,1,0
2020-04-04,South Africa,58775020,Gauteng,15176115,NA,NA,NA,NA,21,0,0,693,1,0
2020-04-06,South Africa,58775020,Gauteng,15176115,NA,NA,NA,NA,9,0,0,713,1,0
2020-04-08,South Africa,58775020,Gauteng,15176115,NA,NA,NA,NA,69,2,0,782,3,0
2020-04-10,South Africa,58775020,Gauteng,15176115,NA,NA,NA,NA,6,0,0,801,3,0
2020-04-12,South Africa,58775020,Gauteng,15176115,NA,NA,NA,NA,52,0,0,865,3,0
2020-04-14,South Africa,58775020,Gauteng,15176115,NA,NA,NA,NA,19,0,0,909,4,0
2020-04-16,South Africa,58775020,Gauteng,15176115,NA,NA,NA,NA,39,1,0,969,6,0
2020-04-18,South Africa,58775020,Gauteng,15176115,NA,NA,NA,NA,83,0,0,1101,6,479
2020-04-20,South Africa,58775020,Gauteng,15176115,NA,NA,NA,NA,22,1,66,1170,7,545
2020-04-22,South Africa,58775020,Gauteng,15176115,NA,NA,NA,NA,25,0,0,1224,7,545
2020-04-24,South Africa,58775020,Gauteng,15176115,NA,NA,NA,NA,29,0,0,1281,8,843
2020-04-26,South Africa,58775020,Gauteng,15176115,NA,NA,NA,NA,27,0,0,1331,8,843
2020-04-28,South Africa,58775020,Gauteng,15176115,NA,NA,NA,NA,24,0,0,1377,8,843
2020-04-30,South Africa,58775020,Gauteng,15176115,NA,NA,NA,NA,38,0,0,1446,11,843
2020-05-02,South Africa,58775020,Gauteng,15176115,NA,NA,NA,NA,91,1,105,1598,12,948
2020-05-04,South Africa,58775020,Gauteng,15176115,NA,NA,NA,NA,27,0,31,1651,14,979
2020-05-06,South Africa,58775020,Gauteng,15176115,NA,NA,NA,NA,23,0,57,1720,15,1036
2020-05-08,South Africa,58775020,Gauteng,15176115,NA,NA,NA,NA,47,3,0,1851,18,1036
2020-05-10,South Africa,58775020,Gauteng,15176115,NA,NA,NA,NA,42,3,211,1952,22,1247
2020-05-12,South Africa,58775020,Gauteng,15176115,NA,NA,NA,NA,43,0,0,2014,22,1247
2020-05-14,South Africa,58775020,Gauteng,15176115,NA,NA,NA,NA,61,0,204,2135,24,1547
2020-05-16,South Africa,58775020,Gauteng,15176115,NA,NA,NA,NA,52,1,31,2262,25,1583
2020-05-18,South Africa,58775020,Gauteng,15176115,NA,NA,NA,NA,14,1,74,2343,26,1657
2020-05-20,South Africa,58775020,Gauteng,15176115,NA,NA,NA,NA,39,0,23,2400,27,1694
2020-05-22,South Africa,58775020,Gauteng,15176115,NA,NA,NA,NA,68,2,82,2521,29,1776
2020-05-24,South Africa,58775020,Gauteng,15176115,NA,NA,NA,NA,140,0,64,2773,29,1840
2020-05-26,South Africa,58775020,Gauteng,15176115,NA,NA,NA,NA,50,1,20,3043,31,1919
2020-05-28,South Africa,58775020,Gauteng,15176115,NA,NA,NA,NA,162,0,38,3329,31,1993
2020-05-30,South Africa,58775020,Gauteng,15176115,NA,NA,NA,NA,190,0,16,3773,31,2035
2020-06-01,South Africa,58775020,Gauteng,15176115,NA,NA,NA,NA,228,0,0,4231,33,2060
2020-06-03,South Africa,58775020,Gauteng,15176115,NA,NA,NA,NA,291,0,109,4567,33,2169
2020-06-05,South Africa,58775020,Gauteng,15176115,NA,NA,NA,NA,370,7,122,5215,40,2344
2020-06-07,South Africa,58775020,Gauteng,15176115,NA,NA,NA,NA,320,0,84,5946,47,2428
2020-06-09,South Africa,58775020,Gauteng,15176115,NA,NA,NA,NA,288,10,147,6546,57,2575
2020-06-11,South Africa,58775020,Gauteng,15176115,NA,NA,NA,NA,758,0,0,7953,57,2825
2020-06-13,South Africa,58775020,Gauteng,15176115,NA,NA,NA,NA,1116,24,127,9897,81,3075
2020-06-15,South Africa,58775020,Gauteng,15176115,NA,NA,NA,NA,1029,6,141,12193,87,3348
2020-06-17,South Africa,58775020,Gauteng,15176115,NA,NA,NA,NA,1597,0,274,14620,87,3716
2020-06-19,South Africa,58775020,Gauteng,15176115,NA,NA,NA,NA,1363,27,245,17261,114,4001
2020-06-21,South Africa,58775020,Gauteng,15176115,NA,NA,NA,NA,1844,8,400,20822,122,4673
2020-06-23,South Africa,58775020,Gauteng,15176115,NA,NA,NA,NA,1700,0,0,24041,122,5620
2020-06-25,South Africa,58775020,Gauteng,15176115,NA,NA,NA,NA,2590,2,0,28746,149,5856
2020-06-27,South Africa,58775020,Gauteng,15176115,NA,NA,NA,NA,2941,17,580,34285,166,7712
2020-06-29,South Africa,58775020,Gauteng,15176115,NA,NA,NA,NA,2946,6,1158,39841,180,9738
2020-07-01,South Africa,58775020,Gauteng,15176115,NA,NA,NA,NA,3063,28,0,45944,244,10534
2020-07-03,South Africa,58775020,Gauteng,15176115,NA,NA,NA,NA,4394,0,1140,54331,282,14097
2020-07-05,South Africa,58775020,Gauteng,15176115,NA,NA,NA,NA,4031,71,952,63404,353,16887
2020-07-07,South Africa,58775020,Gauteng,15176115,NA,NA,NA,NA,4597,75,0,71488,478,19779
2020-07-09,South Africa,58775020,Gauteng,15176115,NA,NA,NA,NA,6531,37,4025,81546,515,23804
2020-07-11,South Africa,58775020,Gauteng,15176115,NA,NA,NA,NA,6011,26,5234,93044,580,29038
2020-07-13,South Africa,58775020,Gauteng,15176115,NA,NA,NA,NA,5282,0,556,103713,644,33514
2020-07-15,South Africa,58775020,Gauteng,15176115,NA,NA,NA,NA,5644,41,9597,112714,767,45743
2020-07-17,South Africa,58775020,Gauteng,15176115,NA,NA,NA,NA,5513,64,5513,123408,917,51256
2020-07-19,South Africa,58775020,Gauteng,15176115,NA,NA,NA,NA,5013,30,7256,133617,986,58512
2020-07-21,South Africa,58775020,Gauteng,15176115,NA,NA,NA,NA,2556,43,7922,139435,1042,66434
2020-07-23,South Africa,58775020,Gauteng,15176115,NA,NA,NA,NA,4272,31,0,148854,1187,77397
2020-07-25,South Africa,58775020,Gauteng,15176115,NA,NA,NA,NA,3801,209,10220,156821,1535,92346
2020-07-27,South Africa,58775020,Gauteng,15176115,NA,NA,NA,NA,2165,61,5139,162319,1625,97485
2020-07-29,South Africa,58775020,Gauteng,15176115,NA,NA,NA,NA,3785,156,3000,168369,1836,105614
2020-07-31,South Africa,58775020,Gauteng,15176115,NA,NA,NA,NA,3698,103,6038,175272,2035,117099
2020-08-02,South Africa,58775020,Gauteng,15176115,NA,NA,NA,NA,2413,40,0,180532,2115,126784
2020-08-04,South Africa,58775020,Gauteng,15176115,NA,NA,NA,NA,1144,116,0,183090,2268,126784
2020-08-06,South Africa,58775020,Gauteng,15176115,NA,NA,NA,NA,2349,75,2627,187631,2388,132002
2020-08-08,South Africa,58775020,Gauteng,15176115,NA,NA,NA,NA,1840,23,4260,190999,2547,139745
2020-08-10,South Africa,58775020,Gauteng,15176115,NA,NA,NA,NA,794,39,2708,193561,2618,145776
2020-08-12,South Africa,58775020,Gauteng,15176115,NA,NA,NA,NA,592,108,1979,194685,2761,152061
2020-08-14,South Africa,58775020,Gauteng,15176115,NA,NA,NA,NA,1711,76,2010,197531,2867,156402
2020-08-16,South Africa,58775020,Gauteng,15176115,NA,NA,NA,NA,964,27,1007,199635,2915,159712
2020-03-07,South Africa,58775020,KwaZulu_Natal,11289086,NA,NA,NA,NA,0,0,0,1,0,0
2020-03-09,South Africa,58775020,KwaZulu_Natal,11289086,NA,NA,NA,NA,4,0,0,6,0,0
2020-03-12,South Africa,58775020,KwaZulu_Natal,11289086,NA,NA,NA,NA,1,0,0,8,0,0
2020-03-14,South Africa,58775020,KwaZulu_Natal,11289086,NA,NA,NA,NA,1,0,0,11,0,0
2020-03-16,South Africa,58775020,KwaZulu_Natal,11289086,NA,NA,NA,NA,0,0,0,12,0,0
2020-03-18,South Africa,58775020,KwaZulu_Natal,11289086,NA,NA,NA,NA,3,0,0,19,0,0
2020-03-20,South Africa,58775020,KwaZulu_Natal,11289086,NA,NA,NA,NA,1,0,0,23,0,0
2020-03-22,South Africa,58775020,KwaZulu_Natal,11289086,NA,NA,NA,NA,9,0,0,35,0,0
2020-03-24,South Africa,58775020,KwaZulu_Natal,11289086,NA,NA,NA,NA,20,0,0,80,0,0
2020-03-26,South Africa,58775020,KwaZulu_Natal,11289086,NA,NA,NA,NA,43,0,0,134,0,0
2020-03-28,South Africa,58775020,KwaZulu_Natal,11289086,NA,NA,NA,NA,22,1,0,156,1,0
2020-03-30,South Africa,58775020,KwaZulu_Natal,11289086,NA,NA,NA,NA,4,0,0,171,1,0
2020-04-01,South Africa,58775020,KwaZulu_Natal,11289086,NA,NA,NA,NA,7,0,0,186,2,0
2020-04-03,South Africa,58775020,KwaZulu_Natal,11289086,NA,NA,NA,NA,9,4,0,215,6,0
2020-04-05,South Africa,58775020,KwaZulu_Natal,11289086,NA,NA,NA,NA,14,1,0,246,7,0
2020-04-07,South Africa,58775020,KwaZulu_Natal,11289086,NA,NA,NA,NA,0,1,0,257,8,0
2020-04-09,South Africa,58775020,KwaZulu_Natal,11289086,NA,NA,NA,NA,33,0,0,387,9,0
2020-04-11,South Africa,58775020,KwaZulu_Natal,11289086,NA,NA,NA,NA,6,0,0,418,12,0
2020-04-13,South Africa,58775020,KwaZulu_Natal,11289086,NA,NA,NA,NA,22,0,0,465,12,0
2020-04-15,South Africa,58775020,KwaZulu_Natal,11289086,NA,NA,NA,NA,30,6,0,519,18,0
2020-04-17,South Africa,58775020,KwaZulu_Natal,11289086,NA,NA,NA,NA,52,0,96,591,20,96
2020-04-19,South Africa,58775020,KwaZulu_Natal,11289086,NA,NA,NA,NA,13,1,0,617,22,96
2020-04-21,South Africa,58775020,KwaZulu_Natal,11289086,NA,NA,NA,NA,32,0,0,671,23,151
2020-04-23,South Africa,58775020,KwaZulu_Natal,11289086,NA,NA,NA,NA,49,2,90,807,27,241
2020-04-25,South Africa,58775020,KwaZulu_Natal,11289086,NA,NA,NA,NA,0,0,0,841,29,241
2020-04-27,South Africa,58775020,KwaZulu_Natal,11289086,NA,NA,NA,NA,39,1,0,902,30,241
2020-04-29,South Africa,58775020,KwaZulu_Natal,11289086,NA,NA,NA,NA,37,2,0,956,32,241
2020-05-01,South Africa,58775020,KwaZulu_Natal,11289086,NA,NA,NA,NA,26,0,0,1006,32,241
2020-05-03,South Africa,58775020,KwaZulu_Natal,11289086,NA,NA,NA,NA,25,0,0,1076,34,375
2020-05-05,South Africa,58775020,KwaZulu_Natal,11289086,NA,NA,NA,NA,36,1,0,1142,36,415
2020-05-07,South Africa,58775020,KwaZulu_Natal,11289086,NA,NA,NA,NA,55,2,0,1204,40,420
2020-05-09,South Africa,58775020,KwaZulu_Natal,11289086,NA,NA,NA,NA,55,0,0,1308,42,420
2020-05-11,South Africa,58775020,KwaZulu_Natal,11289086,NA,NA,NA,NA,19,1,0,1372,44,606
2020-05-13,South Africa,58775020,KwaZulu_Natal,11289086,NA,NA,NA,NA,19,0,12,1413,44,618
2020-05-15,South Africa,58775020,KwaZulu_Natal,11289086,NA,NA,NA,NA,38,1,106,1482,45,795
2020-05-17,South Africa,58775020,KwaZulu_Natal,11289086,NA,NA,NA,NA,45,0,11,1543,45,817
2020-05-19,South Africa,58775020,KwaZulu_Natal,11289086,NA,NA,NA,NA,49,1,0,1616,46,818
2020-05-21,South Africa,58775020,KwaZulu_Natal,11289086,NA,NA,NA,NA,43,0,0,1693,46,842
2020-05-23,South Africa,58775020,KwaZulu_Natal,11289086,NA,NA,NA,NA,42,1,0,1777,48,880
2020-05-25,South Africa,58775020,KwaZulu_Natal,11289086,NA,NA,NA,NA,67,0,57,1882,49,1168
2020-05-27,South Africa,58775020,KwaZulu_Natal,11289086,NA,NA,NA,NA,259,0,0,2186,49,1180
2020-05-29,South Africa,58775020,KwaZulu_Natal,11289086,NA,NA,NA,NA,79,0,0,2428,50,1180
2020-05-31,South Africa,58775020,KwaZulu_Natal,11289086,NA,NA,NA,NA,69,0,68,2545,52,1248
2020-06-02,South Africa,58775020,KwaZulu_Natal,11289086,NA,NA,NA,NA,72,1,0,2637,53,1248
2020-06-04,South Africa,58775020,KwaZulu_Natal,11289086,NA,NA,NA,NA,162,1,12,2869,55,1260
2020-06-06,South Africa,58775020,KwaZulu_Natal,11289086,NA,NA,NA,NA,80,6,0,3016,61,1378
2020-06-08,South Africa,58775020,KwaZulu_Natal,11289086,NA,NA,NA,NA,67,1,0,3175,62,1378
2020-06-10,South Africa,58775020,KwaZulu_Natal,11289086,NA,NA,NA,NA,92,2,6,3347,64,1572
2020-06-12,South Africa,58775020,KwaZulu_Natal,11289086,NA,NA,NA,NA,101,0,0,3573,64,1572
2020-06-14,South Africa,58775020,KwaZulu_Natal,11289086,NA,NA,NA,NA,111,5,0,3874,69,1810
2020-06-16,South Africa,58775020,KwaZulu_Natal,11289086,NA,NA,NA,NA,89,4,323,4048,73,2133
2020-06-18,South Africa,58775020,KwaZulu_Natal,11289086,NA,NA,NA,NA,122,0,0,4360,73,2133
2020-06-20,South Africa,58775020,KwaZulu_Natal,11289086,NA,NA,NA,NA,258,3,0,4806,83,2527
2020-06-22,South Africa,58775020,KwaZulu_Natal,11289086,NA,NA,NA,NA,248,3,175,5278,87,2769
2020-06-24,South Africa,58775020,KwaZulu_Natal,11289086,NA,NA,NA,NA,450,0,98,6075,91,2947
2020-06-26,South Africa,58775020,KwaZulu_Natal,11289086,NA,NA,NA,NA,500,0,250,7090,106,3197
2020-06-28,South Africa,58775020,KwaZulu_Natal,11289086,NA,NA,NA,NA,647,0,0,8433,109,3417
2020-06-30,South Africa,58775020,KwaZulu_Natal,11289086,NA,NA,NA,NA,633,11,0,9674,126,3602
2020-07-02,South Africa,58775020,KwaZulu_Natal,11289086,NA,NA,NA,NA,1037,16,341,11669,152,4111
2020-07-04,South Africa,58775020,KwaZulu_Natal,11289086,NA,NA,NA,NA,1227,0,0,13984,162,4197
2020-07-06,South Africa,58775020,KwaZulu_Natal,11289086,NA,NA,NA,NA,673,0,614,15819,183,4811
2020-07-08,South Africa,58775020,KwaZulu_Natal,11289086,NA,NA,NA,NA,1219,18,417,17962,223,5307
2020-07-10,South Africa,58775020,KwaZulu_Natal,11289086,NA,NA,NA,NA,1756,11,448,21386,260,5953
2020-07-12,South Africa,58775020,KwaZulu_Natal,11289086,NA,NA,NA,NA,1819,7,0,25572,280,6021
2020-07-14,South Africa,58775020,KwaZulu_Natal,11289086,NA,NA,NA,NA,3200,27,0,30587,313,7521
2020-07-16,South Africa,58775020,KwaZulu_Natal,11289086,NA,NA,NA,NA,2665,41,0,35604,358,8968
2020-07-18,South Africa,58775020,KwaZulu_Natal,11289086,NA,NA,NA,NA,2364,23,221,40086,401,10624
2020-07-20,South Africa,58775020,KwaZulu_Natal,11289086,NA,NA,NA,NA,2399,13,2439,45614,429,13494
2020-07-22,South Africa,58775020,KwaZulu_Natal,11289086,NA,NA,NA,NA,2836,18,4147,50521,477,18067
2020-07-24,South Africa,58775020,KwaZulu_Natal,11289086,NA,NA,NA,NA,3756,50,0,57162,565,18786
2020-07-26,South Africa,58775020,KwaZulu_Natal,11289086,NA,NA,NA,NA,3529,12,0,64061,614,21251
2020-07-28,South Africa,58775020,KwaZulu_Natal,11289086,NA,NA,NA,NA,2119,62,3332,68101,685,27682
2020-07-30,South Africa,58775020,KwaZulu_Natal,11289086,NA,NA,NA,NA,2679,55,0,73919,767,32483
2020-08-01,South Africa,58775020,KwaZulu_Natal,11289086,NA,NA,NA,NA,2901,41,1245,79607,844,36358
2020-08-03,South Africa,58775020,KwaZulu_Natal,11289086,NA,NA,NA,NA,2061,12,7139,84361,887,44266
2020-08-05,South Africa,58775020,KwaZulu_Natal,11289086,NA,NA,NA,NA,1812,62,7193,87798,1038,51857
2020-08-07,South Africa,58775020,KwaZulu_Natal,11289086,NA,NA,NA,NA,2329,76,65,92444,1192,53509
2020-08-09,South Africa,58775020,KwaZulu_Natal,11289086,NA,NA,NA,NA,2420,63,904,98068,1409,55065
2020-08-11,South Africa,58775020,KwaZulu_Natal,11289086,NA,NA,NA,NA,1108,30,1603,100494,1450,56758
2020-08-13,South Africa,58775020,KwaZulu_Natal,11289086,NA,NA,NA,NA,734,39,767,102233,1563,57525
2020-08-15,South Africa,58775020,KwaZulu_Natal,11289086,NA,NA,NA,NA,875,34,537,104619,1651,77838
2020-03-05,South Africa,58775020,Limpopo,5982584,NA,NA,NA,NA,NA,NA,NA,0,0,0
2020-03-08,South Africa,58775020,Limpopo,5982584,NA,NA,NA,NA,0,0,0,0,0,0
2020-03-11,South Africa,58775020,Limpopo,5982584,NA,NA,NA,NA,0,0,0,0,0,0
2020-03-13,South Africa,58775020,Limpopo,5982584,NA,NA,NA,NA,0,0,0,0,0,0
2020-03-15,South Africa,58775020,Limpopo,5982584,NA,NA,NA,NA,0,0,0,0,0,0
2020-03-17,South Africa,58775020,Limpopo,5982584,NA,NA,NA,NA,0,0,0,1,0,0
2020-03-19,South Africa,58775020,Limpopo,5982584,NA,NA,NA,NA,0,0,0,1,0,0
2020-03-21,South Africa,58775020,Limpopo,5982584,NA,NA,NA,NA,0,0,0,1,0,0
2020-03-23,South Africa,58775020,Limpopo,5982584,NA,NA,NA,NA,2,0,0,4,0,0
2020-03-25,South Africa,58775020,Limpopo,5982584,NA,NA,NA,NA,0,0,0,4,0,0
2020-03-27,South Africa,58775020,Limpopo,5982584,NA,NA,NA,NA,0,0,0,6,0,0
2020-03-29,South Africa,58775020,Limpopo,5982584,NA,NA,NA,NA,1,0,0,12,0,0
2020-03-31,South Africa,58775020,Limpopo,5982584,NA,NA,NA,NA,3,0,0,14,0,0
2020-04-02,South Africa,58775020,Limpopo,5982584,NA,NA,NA,NA,2,0,0,16,0,0
2020-04-04,South Africa,58775020,Limpopo,5982584,NA,NA,NA,NA,2,0,0,18,0,0
2020-04-06,South Africa,58775020,Limpopo,5982584,NA,NA,NA,NA,0,0,0,19,0,0
2020-04-08,South Africa,58775020,Limpopo,5982584,NA,NA,NA,NA,2,0,0,21,0,0
2020-04-10,South Africa,58775020,Limpopo,5982584,NA,NA,NA,NA,2,0,0,24,0,0
2020-04-12,South Africa,58775020,Limpopo,5982584,NA,NA,NA,NA,0,0,0,23,0,0
2020-04-14,South Africa,58775020,Limpopo,5982584,NA,NA,NA,NA,1,0,0,24,0,0
2020-04-16,South Africa,58775020,Limpopo,5982584,NA,NA,NA,NA,1,1,0,26,1,0
2020-04-18,South Africa,58775020,Limpopo,5982584,NA,NA,NA,NA,0,0,0,26,1,18
2020-04-20,South Africa,58775020,Limpopo,5982584,NA,NA,NA,NA,0,0,3,27,1,21
2020-04-22,South Africa,58775020,Limpopo,5982584,NA,NA,NA,NA,0,0,0,27,1,21
2020-04-24,South Africa,58775020,Limpopo,5982584,NA,NA,NA,NA,2,0,0,29,1,24
2020-04-26,South Africa,58775020,Limpopo,5982584,NA,NA,NA,NA,1,0,0,31,2,24
2020-04-28,South Africa,58775020,Limpopo,5982584,NA,NA,NA,NA,0,0,0,31,2,24
2020-04-30,South Africa,58775020,Limpopo,5982584,NA,NA,NA,NA,1,0,0,32,2,24
2020-05-02,South Africa,58775020,Limpopo,5982584,NA,NA,NA,NA,2,0,1,36,2,25
2020-05-04,South Africa,58775020,Limpopo,5982584,NA,NA,NA,NA,2,0,2,39,2,27
2020-05-06,South Africa,58775020,Limpopo,5982584,NA,NA,NA,NA,0,1,0,40,3,27
2020-05-08,South Africa,58775020,Limpopo,5982584,NA,NA,NA,NA,2,0,0,43,3,27
2020-05-10,South Africa,58775020,Limpopo,5982584,NA,NA,NA,NA,3,0,1,54,3,28
2020-05-12,South Africa,58775020,Limpopo,5982584,NA,NA,NA,NA,0,0,0,54,3,28
2020-05-14,South Africa,58775020,Limpopo,5982584,NA,NA,NA,NA,1,0,5,55,3,35
2020-05-16,South Africa,58775020,Limpopo,5982584,NA,NA,NA,NA,2,0,1,59,3,37
2020-05-18,South Africa,58775020,Limpopo,5982584,NA,NA,NA,NA,11,0,0,88,3,37
2020-05-20,South Africa,58775020,Limpopo,5982584,NA,NA,NA,NA,0,0,3,93,3,42
2020-05-22,South Africa,58775020,Limpopo,5982584,NA,NA,NA,NA,0,0,9,120,3,51
2020-05-24,South Africa,58775020,Limpopo,5982584,NA,NA,NA,NA,4,0,2,128,3,53
2020-05-26,South Africa,58775020,Limpopo,5982584,NA,NA,NA,NA,0,0,10,132,3,65
2020-05-28,South Africa,58775020,Limpopo,5982584,NA,NA,NA,NA,3,0,8,144,3,75
2020-05-30,South Africa,58775020,Limpopo,5982584,NA,NA,NA,NA,3,0,43,173,3,140
2020-06-01,South Africa,58775020,Limpopo,5982584,NA,NA,NA,NA,15,0,1,192,3,144
2020-06-03,South Africa,58775020,Limpopo,5982584,NA,NA,NA,NA,7,0,0,200,3,145
2020-06-05,South Africa,58775020,Limpopo,5982584,NA,NA,NA,NA,9,0,3,215,3,149
2020-06-07,South Africa,58775020,Limpopo,5982584,NA,NA,NA,NA,11,0,0,227,3,158
2020-06-09,South Africa,58775020,Limpopo,5982584,NA,NA,NA,NA,9,0,0,253,3,158
2020-06-11,South Africa,58775020,Limpopo,5982584,NA,NA,NA,NA,10,0,0,267,3,175
2020-06-13,South Africa,58775020,Limpopo,5982584,NA,NA,NA,NA,21,0,10,309,4,185
2020-06-15,South Africa,58775020,Limpopo,5982584,NA,NA,NA,NA,36,0,14,362,4,199
2020-06-17,South Africa,58775020,Limpopo,5982584,NA,NA,NA,NA,25,0,5,416,4,218
2020-06-19,South Africa,58775020,Limpopo,5982584,NA,NA,NA,NA,14,0,7,503,4,236
2020-06-21,South Africa,58775020,Limpopo,5982584,NA,NA,NA,NA,43,0,10,564,4,246
2020-06-23,South Africa,58775020,Limpopo,5982584,NA,NA,NA,NA,40,0,13,622,5,270
2020-06-25,South Africa,58775020,Limpopo,5982584,NA,NA,NA,NA,60,0,26,730,5,329
2020-06-27,South Africa,58775020,Limpopo,5982584,NA,NA,NA,NA,64,0,39,862,5,387
2020-06-29,South Africa,58775020,Limpopo,5982584,NA,NA,NA,NA,76,5,21,1011,10,434
2020-07-01,South Africa,58775020,Limpopo,5982584,NA,NA,NA,NA,44,0,0,1175,10,520
2020-07-03,South Africa,58775020,Limpopo,5982584,NA,NA,NA,NA,122,0,24,1408,10,594
2020-07-05,South Africa,58775020,Limpopo,5982584,NA,NA,NA,NA,147,0,41,1706,10,635
2020-07-07,South Africa,58775020,Limpopo,5982584,NA,NA,NA,NA,165,6,12,1950,33,665
2020-07-09,South Africa,58775020,Limpopo,5982584,NA,NA,NA,NA,250,0,0,2381,33,665
2020-07-11,South Africa,58775020,Limpopo,5982584,NA,NA,NA,NA,256,0,326,2835,33,991
2020-07-13,South Africa,58775020,Limpopo,5982584,NA,NA,NA,NA,302,0,0,3316,33,1147
2020-07-15,South Africa,58775020,Limpopo,5982584,NA,NA,NA,NA,187,0,345,3645,33,1492
2020-07-17,South Africa,58775020,Limpopo,5982584,NA,NA,NA,NA,277,0,193,4160,33,1685
2020-07-19,South Africa,58775020,Limpopo,5982584,NA,NA,NA,NA,438,0,175,4928,33,2042
2020-07-21,South Africa,58775020,Limpopo,5982584,NA,NA,NA,NA,199,0,374,5355,33,2518
2020-07-23,South Africa,58775020,Limpopo,5982584,NA,NA,NA,NA,356,0,263,6068,33,2781
2020-07-25,South Africa,58775020,Limpopo,5982584,NA,NA,NA,NA,338,0,221,6732,33,3243
2020-07-27,South Africa,58775020,Limpopo,5982584,NA,NA,NA,NA,184,0,99,7260,67,3565
2020-07-29,South Africa,58775020,Limpopo,5982584,NA,NA,NA,NA,338,0,72,7840,67,3637
2020-07-31,South Africa,58775020,Limpopo,5982584,NA,NA,NA,NA,325,0,344,8565,67,5044
2020-08-02,South Africa,58775020,Limpopo,5982584,NA,NA,NA,NA,165,23,468,9044,90,5512
2020-08-04,South Africa,58775020,Limpopo,5982584,NA,NA,NA,NA,185,0,0,9389,90,5524
2020-08-06,South Africa,58775020,Limpopo,5982584,NA,NA,NA,NA,248,0,1256,9873,90,6876
2020-08-08,South Africa,58775020,Limpopo,5982584,NA,NA,NA,NA,207,37,937,10345,127,7813
2020-08-10,South Africa,58775020,Limpopo,5982584,NA,NA,NA,NA,165,0,394,10711,127,8207
2020-08-12,South Africa,58775020,Limpopo,5982584,NA,NA,NA,NA,68,0,694,10875,127,8901
2020-08-14,South Africa,58775020,Limpopo,5982584,NA,NA,NA,NA,195,0,155,11214,141,9937
2020-08-16,South Africa,58775020,Limpopo,5982584,NA,NA,NA,NA,128,0,242,11573,159,10281
2020-03-07,South Africa,58775020,Mpumalanga,4592187,NA,NA,NA,NA,0,0,0,0,0,0
2020-03-09,South Africa,58775020,Mpumalanga,4592187,NA,NA,NA,NA,0,0,0,0,0,0
2020-03-12,South Africa,58775020,Mpumalanga,4592187,NA,NA,NA,NA,1,0,0,1,0,0
2020-03-14,South Africa,58775020,Mpumalanga,4592187,NA,NA,NA,NA,0,0,0,1,0,0
2020-03-16,South Africa,58775020,Mpumalanga,4592187,NA,NA,NA,NA,1,0,0,2,0,0
2020-03-18,South Africa,58775020,Mpumalanga,4592187,NA,NA,NA,NA,2,0,0,4,0,0
2020-03-20,South Africa,58775020,Mpumalanga,4592187,NA,NA,NA,NA,0,0,0,5,0,0
2020-03-22,South Africa,58775020,Mpumalanga,4592187,NA,NA,NA,NA,0,0,0,5,0,0
2020-03-24,South Africa,58775020,Mpumalanga,4592187,NA,NA,NA,NA,0,0,0,9,0,0
2020-03-26,South Africa,58775020,Mpumalanga,4592187,NA,NA,NA,NA,1,0,0,9,0,0
2020-03-28,South Africa,58775020,Mpumalanga,4592187,NA,NA,NA,NA,1,0,0,10,0,0
2020-03-30,South Africa,58775020,Mpumalanga,4592187,NA,NA,NA,NA,0,0,0,11,0,0
2020-04-01,South Africa,58775020,Mpumalanga,4592187,NA,NA,NA,NA,0,0,0,12,0,0
2020-04-03,South Africa,58775020,Mpumalanga,4592187,NA,NA,NA,NA,0,0,0,13,0,0
2020-04-05,South Africa,58775020,Mpumalanga,4592187,NA,NA,NA,NA,0,0,0,18,0,0
2020-04-07,South Africa,58775020,Mpumalanga,4592187,NA,NA,NA,NA,0,0,0,18,0,0
2020-04-09,South Africa,58775020,Mpumalanga,4592187,NA,NA,NA,NA,0,0,0,20,0,0
2020-04-11,South Africa,58775020,Mpumalanga,4592187,NA,NA,NA,NA,0,0,0,20,0,0
2020-04-13,South Africa,58775020,Mpumalanga,4592187,NA,NA,NA,NA,1,0,0,22,0,0
2020-04-15,South Africa,58775020,Mpumalanga,4592187,NA,NA,NA,NA,0,0,0,22,0,0
2020-04-17,South Africa,58775020,Mpumalanga,4592187,NA,NA,NA,NA,1,0,9,23,0,9
2020-04-19,South Africa,58775020,Mpumalanga,4592187,NA,NA,NA,NA,0,0,0,23,0,9
2020-04-21,South Africa,58775020,Mpumalanga,4592187,NA,NA,NA,NA,1,0,0,24,0,14
2020-04-23,South Africa,58775020,Mpumalanga,4592187,NA,NA,NA,NA,0,0,1,23,0,15
2020-04-25,South Africa,58775020,Mpumalanga,4592187,NA,NA,NA,NA,0,0,0,23,0,15
2020-04-27,South Africa,58775020,Mpumalanga,4592187,NA,NA,NA,NA,3,0,0,26,0,15
2020-04-29,South Africa,58775020,Mpumalanga,4592187,NA,NA,NA,NA,5,0,0,31,0,15
2020-05-01,South Africa,58775020,Mpumalanga,4592187,NA,NA,NA,NA,0,0,0,35,0,15
2020-05-03,South Africa,58775020,Mpumalanga,4592187,NA,NA,NA,NA,6,0,0,46,0,18
2020-05-05,South Africa,58775020,Mpumalanga,4592187,NA,NA,NA,NA,4,0,0,57,0,22
2020-05-07,South Africa,58775020,Mpumalanga,4592187,NA,NA,NA,NA,2,0,0,59,0,22
2020-05-09,South Africa,58775020,Mpumalanga,4592187,NA,NA,NA,NA,1,0,0,61,0,22
2020-05-11,South Africa,58775020,Mpumalanga,4592187,NA,NA,NA,NA,2,0,0,63,0,22
2020-05-13,South Africa,58775020,Mpumalanga,4592187,NA,NA,NA,NA,3,0,2,66,0,24
2020-05-15,South Africa,58775020,Mpumalanga,4592187,NA,NA,NA,NA,0,0,10,67,0,44
2020-05-17,South Africa,58775020,Mpumalanga,4592187,NA,NA,NA,NA,3,0,0,71,0,49
2020-05-19,South Africa,58775020,Mpumalanga,4592187,NA,NA,NA,NA,2,0,4,78,0,57
2020-05-21,South Africa,58775020,Mpumalanga,4592187,NA,NA,NA,NA,2,0,0,95,0,58
2020-05-23,South Africa,58775020,Mpumalanga,4592187,NA,NA,NA,NA,0,0,0,97,0,58
2020-05-25,South Africa,58775020,Mpumalanga,4592187,NA,NA,NA,NA,2,0,3,103,0,61
2020-05-27,South Africa,58775020,Mpumalanga,4592187,NA,NA,NA,NA,3,0,1,106,0,62
2020-05-29,South Africa,58775020,Mpumalanga,4592187,NA,NA,NA,NA,1,0,0,112,0,67
2020-05-31,South Africa,58775020,Mpumalanga,4592187,NA,NA,NA,NA,8,0,5,121,0,72
2020-06-02,South Africa,58775020,Mpumalanga,4592187,NA,NA,NA,NA,1,0,0,132,0,86
2020-06-04,South Africa,58775020,Mpumalanga,4592187,NA,NA,NA,NA,7,0,0,144,0,86
2020-06-06,South Africa,58775020,Mpumalanga,4592187,NA,NA,NA,NA,12,0,0,181,0,94
2020-06-08,South Africa,58775020,Mpumalanga,4592187,NA,NA,NA,NA,0,0,0,183,1,102
2020-06-10,South Africa,58775020,Mpumalanga,4592187,NA,NA,NA,NA,23,0,5,207,1,116
2020-06-12,South Africa,58775020,Mpumalanga,4592187,NA,NA,NA,NA,15,0,0,243,1,116
2020-06-14,South Africa,58775020,Mpumalanga,4592187,NA,NA,NA,NA,26,0,16,297,1,132
2020-06-16,South Africa,58775020,Mpumalanga,4592187,NA,NA,NA,NA,21,0,0,343,1,138
2020-06-18,South Africa,58775020,Mpumalanga,4592187,NA,NA,NA,NA,70,0,10,461,1,156
2020-06-20,South Africa,58775020,Mpumalanga,4592187,NA,NA,NA,NA,39,0,0,544,1,156
2020-06-22,South Africa,58775020,Mpumalanga,4592187,NA,NA,NA,NA,23,0,5,596,1,181
2020-06-24,South Africa,58775020,Mpumalanga,4592187,NA,NA,NA,NA,51,0,18,713,2,199
2020-06-26,South Africa,58775020,Mpumalanga,4592187,NA,NA,NA,NA,72,0,32,855,2,239
2020-06-28,South Africa,58775020,Mpumalanga,4592187,NA,NA,NA,NA,90,0,98,1015,2,337
2020-06-30,South Africa,58775020,Mpumalanga,4592187,NA,NA,NA,NA,101,4,88,1190,7,464
2020-07-02,South Africa,58775020,Mpumalanga,4592187,NA,NA,NA,NA,172,0,33,1478,7,520
2020-07-04,South Africa,58775020,Mpumalanga,4592187,NA,NA,NA,NA,207,0,36,1818,7,621
2020-07-06,South Africa,58775020,Mpumalanga,4592187,NA,NA,NA,NA,208,0,30,2173,7,651
2020-07-08,South Africa,58775020,Mpumalanga,4592187,NA,NA,NA,NA,175,15,0,2528,22,668
2020-07-10,South Africa,58775020,Mpumalanga,4592187,NA,NA,NA,NA,371,0,0,3273,22,779
2020-07-12,South Africa,58775020,Mpumalanga,4592187,NA,NA,NA,NA,356,0,0,3977,22,910
2020-07-14,South Africa,58775020,Mpumalanga,4592187,NA,NA,NA,NA,277,0,269,4576,33,1179
2020-07-16,South Africa,58775020,Mpumalanga,4592187,NA,NA,NA,NA,521,7,164,5572,40,1464
2020-07-18,South Africa,58775020,Mpumalanga,4592187,NA,NA,NA,NA,571,0,196,6644,44,1793
2020-07-20,South Africa,58775020,Mpumalanga,4592187,NA,NA,NA,NA,295,8,201,7424,52,2159
2020-07-22,South Africa,58775020,Mpumalanga,4592187,NA,NA,NA,NA,622,0,1087,8286,52,3435
2020-07-24,South Africa,58775020,Mpumalanga,4592187,NA,NA,NA,NA,769,0,385,9756,52,4403
2020-07-26,South Africa,58775020,Mpumalanga,4592187,NA,NA,NA,NA,591,0,0,11008,52,4995
2020-07-28,South Africa,58775020,Mpumalanga,4592187,NA,NA,NA,NA,166,0,318,11552,65,5812
2020-07-30,South Africa,58775020,Mpumalanga,4592187,NA,NA,NA,NA,838,0,461,13280,65,6854
2020-08-01,South Africa,58775020,Mpumalanga,4592187,NA,NA,NA,NA,580,0,1270,14681,78,8124
2020-08-03,South Africa,58775020,Mpumalanga,4592187,NA,NA,NA,NA,275,45,0,15395,123,8674
2020-08-05,South Africa,58775020,Mpumalanga,4592187,NA,NA,NA,NA,1419,16,896,17135,139,11632
2020-08-07,South Africa,58775020,Mpumalanga,4592187,NA,NA,NA,NA,463,0,1032,18266,139,13322
2020-08-09,South Africa,58775020,Mpumalanga,4592187,NA,NA,NA,NA,505,0,335,19239,139,14592
2020-08-11,South Africa,58775020,Mpumalanga,4592187,NA,NA,NA,NA,78,0,583,19533,149,16416
2020-08-13,South Africa,58775020,Mpumalanga,4592187,NA,NA,NA,NA,356,18,136,20111,167,16794
2020-08-15,South Africa,58775020,Mpumalanga,4592187,NA,NA,NA,NA,361,0,565,20915,189,17969
2020-03-05,South Africa,58775020,Northern Cape,1263875,NA,NA,NA,NA,NA,NA,NA,0,0,0
2020-03-08,South Africa,58775020,Northern Cape,1263875,NA,NA,NA,NA,0,0,0,0,0,0
2020-03-11,South Africa,58775020,Northern Cape,1263875,NA,NA,NA,NA,0,0,0,0,0,0
2020-03-13,South Africa,58775020,Northern Cape,1263875,NA,NA,NA,NA,0,0,0,0,0,0
2020-03-15,South Africa,58775020,Northern Cape,1263875,NA,NA,NA,NA,0,0,0,0,0,0
2020-03-17,South Africa,58775020,Northern Cape,1263875,NA,NA,NA,NA,0,0,0,0,0,0
2020-03-19,South Africa,58775020,Northern Cape,1263875,NA,NA,NA,NA,0,0,0,0,0,0
2020-03-21,South Africa,58775020,Northern Cape,1263875,NA,NA,NA,NA,0,0,0,0,0,0
2020-03-23,South Africa,58775020,Northern Cape,1263875,NA,NA,NA,NA,2,0,0,2,0,0
2020-03-25,South Africa,58775020,Northern Cape,1263875,NA,NA,NA,NA,0,0,0,2,0,0
2020-03-27,South Africa,58775020,Northern Cape,1263875,NA,NA,NA,NA,0,0,0,2,0,0
2020-03-29,South Africa,58775020,Northern Cape,1263875,NA,NA,NA,NA,1,0,0,6,0,0
2020-03-31,South Africa,58775020,Northern Cape,1263875,NA,NA,NA,NA,3,0,0,6,0,0
2020-04-02,South Africa,58775020,Northern Cape,1263875,NA,NA,NA,NA,0,0,0,7,0,0
2020-04-04,South Africa,58775020,Northern Cape,1263875,NA,NA,NA,NA,0,0,0,7,0,0
2020-04-06,South Africa,58775020,Northern Cape,1263875,NA,NA,NA,NA,0,0,0,8,0,0
2020-04-08,South Africa,58775020,Northern Cape,1263875,NA,NA,NA,NA,5,0,0,13,0,0
2020-04-10,South Africa,58775020,Northern Cape,1263875,NA,NA,NA,NA,0,0,0,15,0,0
2020-04-12,South Africa,58775020,Northern Cape,1263875,NA,NA,NA,NA,0,0,0,16,0,0
2020-04-14,South Africa,58775020,Northern Cape,1263875,NA,NA,NA,NA,0,0,0,16,0,0
2020-04-16,South Africa,58775020,Northern Cape,1263875,NA,NA,NA,NA,0,0,0,16,0,0
2020-04-18,South Africa,58775020,Northern Cape,1263875,NA,NA,NA,NA,0,0,0,16,0,10
2020-04-20,South Africa,58775020,Northern Cape,1263875,NA,NA,NA,NA,2,0,3,18,0,13
2020-04-22,South Africa,58775020,Northern Cape,1263875,NA,NA,NA,NA,0,0,0,16,0,13
2020-04-24,South Africa,58775020,Northern Cape,1263875,NA,NA,NA,NA,0,0,0,16,0,13
2020-04-26,South Africa,58775020,Northern Cape,1263875,NA,NA,NA,NA,1,0,0,17,0,13
2020-04-28,South Africa,58775020,Northern Cape,1263875,NA,NA,NA,NA,0,0,0,17,0,13
2020-04-30,South Africa,58775020,Northern Cape,1263875,NA,NA,NA,NA,0,0,0,17,0,13
2020-05-02,South Africa,58775020,Northern Cape,1263875,NA,NA,NA,NA,5,0,7,23,0,20
2020-05-04,South Africa,58775020,Northern Cape,1263875,NA,NA,NA,NA,1,0,0,25,0,20
2020-05-06,South Africa,58775020,Northern Cape,1263875,NA,NA,NA,NA,0,0,0,26,0,20
2020-05-08,South Africa,58775020,Northern Cape,1263875,NA,NA,NA,NA,0,0,0,27,0,20
2020-05-10,South Africa,58775020,Northern Cape,1263875,NA,NA,NA,NA,1,0,3,29,0,23
2020-05-12,South Africa,58775020,Northern Cape,1263875,NA,NA,NA,NA,0,0,0,30,0,23
2020-05-14,South Africa,58775020,Northern Cape,1263875,NA,NA,NA,NA,1,0,4,31,0,28
2020-05-16,South Africa,58775020,Northern Cape,1263875,NA,NA,NA,NA,1,0,4,35,0,24
2020-05-18,South Africa,58775020,Northern Cape,1263875,NA,NA,NA,NA,0,0,3,37,0,27
2020-05-20,South Africa,58775020,Northern Cape,1263875,NA,NA,NA,NA,1,0,0,38,1,27
2020-05-22,South Africa,58775020,Northern Cape,1263875,NA,NA,NA,NA,2,0,0,39,1,27
2020-05-24,South Africa,58775020,Northern Cape,1263875,NA,NA,NA,NA,0,0,1,40,1,28
2020-05-26,South Africa,58775020,Northern Cape,1263875,NA,NA,NA,NA,0,0,1,45,1,29
2020-05-28,South Africa,58775020,Northern Cape,1263875,NA,NA,NA,NA,3,0,0,51,1,30
2020-05-30,South Africa,58775020,Northern Cape,1263875,NA,NA,NA,NA,5,0,0,57,1,31
2020-06-01,South Africa,58775020,Northern Cape,1263875,NA,NA,NA,NA,13,0,0,82,1,31
2020-06-03,South Africa,58775020,Northern Cape,1263875,NA,NA,NA,NA,2,0,0,93,1,33
2020-06-05,South Africa,58775020,Northern Cape,1263875,NA,NA,NA,NA,7,0,1,102,1,34
2020-06-07,South Africa,58775020,Northern Cape,1263875,NA,NA,NA,NA,9,0,3,114,1,41
2020-06-09,South Africa,58775020,Northern Cape,1263875,NA,NA,NA,NA,4,0,0,122,1,41
2020-06-11,South Africa,58775020,Northern Cape,1263875,NA,NA,NA,NA,7,0,0,132,1,42
2020-06-13,South Africa,58775020,Northern Cape,1263875,NA,NA,NA,NA,6,0,0,144,1,52
2020-06-15,South Africa,58775020,Northern Cape,1263875,NA,NA,NA,NA,49,0,0,205,1,52
2020-06-17,South Africa,58775020,Northern Cape,1263875,NA,NA,NA,NA,0,0,0,211,1,52
2020-06-19,South Africa,58775020,Northern Cape,1263875,NA,NA,NA,NA,4,0,16,218,1,97
2020-06-21,South Africa,58775020,Northern Cape,1263875,NA,NA,NA,NA,5,0,13,237,1,110
2020-06-23,South Africa,58775020,Northern Cape,1263875,NA,NA,NA,NA,16,0,0,270,1,112
2020-06-25,South Africa,58775020,Northern Cape,1263875,NA,NA,NA,NA,19,0,0,318,1,112
2020-06-27,South Africa,58775020,Northern Cape,1263875,NA,NA,NA,NA,18,0,58,355,1,186
2020-06-29,South Africa,58775020,Northern Cape,1263875,NA,NA,NA,NA,19,0,0,404,1,186
2020-07-01,South Africa,58775020,Northern Cape,1263875,NA,NA,NA,NA,29,0,18,494,1,204
2020-07-03,South Africa,58775020,Northern Cape,1263875,NA,NA,NA,NA,53,3,0,626,4,232
2020-07-05,South Africa,58775020,Northern Cape,1263875,NA,NA,NA,NA,48,2,1,734,6,237
2020-07-07,South Africa,58775020,Northern Cape,1263875,NA,NA,NA,NA,68,0,0,888,6,237
2020-07-09,South Africa,58775020,Northern Cape,1263875,NA,NA,NA,NA,65,1,13,1039,7,267
2020-07-11,South Africa,58775020,Northern Cape,1263875,NA,NA,NA,NA,98,4,31,1266,11,308
2020-07-13,South Africa,58775020,Northern Cape,1263875,NA,NA,NA,NA,121,0,44,1522,11,354
2020-07-15,South Africa,58775020,Northern Cape,1263875,NA,NA,NA,NA,88,0,5,1667,15,508
2020-07-17,South Africa,58775020,Northern Cape,1263875,NA,NA,NA,NA,213,0,26,2044,15,627
2020-07-19,South Africa,58775020,Northern Cape,1263875,NA,NA,NA,NA,69,0,49,2266,15,772
2020-07-21,South Africa,58775020,Northern Cape,1263875,NA,NA,NA,NA,188,0,117,2539,15,1087
2020-07-23,South Africa,58775020,Northern Cape,1263875,NA,NA,NA,NA,243,8,52,2970,23,1152
2020-07-25,South Africa,58775020,Northern Cape,1263875,NA,NA,NA,NA,214,4,13,3389,27,1190
2020-07-27,South Africa,58775020,Northern Cape,1263875,NA,NA,NA,NA,275,0,0,3875,29,1223
2020-07-29,South Africa,58775020,Northern Cape,1263875,NA,NA,NA,NA,138,0,31,4135,29,1275
2020-07-31,South Africa,58775020,Northern Cape,1263875,NA,NA,NA,NA,339,0,48,4741,29,1389
2020-08-02,South Africa,58775020,Northern Cape,1263875,NA,NA,NA,NA,170,0,357,5131,36,1874
2020-08-04,South Africa,58775020,Northern Cape,1263875,NA,NA,NA,NA,77,0,7,5379,36,2388
2020-08-06,South Africa,58775020,Northern Cape,1263875,NA,NA,NA,NA,294,18,210,5932,54,3069
2020-08-08,South Africa,58775020,Northern Cape,1263875,NA,NA,NA,NA,181,5,69,6366,66,3158
2020-08-10,South Africa,58775020,Northern Cape,1263875,NA,NA,NA,NA,181,2,1,6802,68,3307
2020-08-12,South Africa,58775020,Northern Cape,1263875,NA,NA,NA,NA,96,0,307,6957,68,3698
2020-08-14,South Africa,58775020,Northern Cape,1263875,NA,NA,NA,NA,321,18,143,7443,94,3937
2020-08-16,South Africa,58775020,Northern Cape,1263875,NA,NA,NA,NA,105,0,531,7840,94,4515
2020-03-07,South Africa,58775020,North_West,4027160,NA,NA,NA,NA,0,0,0,0,0,0
2020-03-09,South Africa,58775020,North_West,4027160,NA,NA,NA,NA,0,0,0,0,0,0
2020-03-12,South Africa,58775020,North_West,4027160,NA,NA,NA,NA,0,0,0,0,0,0
2020-03-14,South Africa,58775020,North_West,4027160,NA,NA,NA,NA,0,0,0,0,0,0
2020-03-16,South Africa,58775020,North_West,4027160,NA,NA,NA,NA,0,0,0,0,0,0
2020-03-18,South Africa,58775020,North_West,4027160,NA,NA,NA,NA,0,0,0,0,0,0
2020-03-20,South Africa,58775020,North_West,4027160,NA,NA,NA,NA,0,0,0,0,0,0
2020-03-22,South Africa,58775020,North_West,4027160,NA,NA,NA,NA,0,0,0,0,0,0
2020-03-24,South Africa,58775020,North_West,4027160,NA,NA,NA,NA,1,0,0,5,0,0
2020-03-26,South Africa,58775020,North_West,4027160,NA,NA,NA,NA,0,0,0,5,0,0
2020-03-28,South Africa,58775020,North_West,4027160,NA,NA,NA,NA,1,0,0,6,0,0
2020-03-30,South Africa,58775020,North_West,4027160,NA,NA,NA,NA,2,0,0,8,0,0
2020-04-01,South Africa,58775020,North_West,4027160,NA,NA,NA,NA,1,0,0,9,0,0
2020-04-03,South Africa,58775020,North_West,4027160,NA,NA,NA,NA,0,0,0,9,0,0
2020-04-05,South Africa,58775020,North_West,4027160,NA,NA,NA,NA,0,0,0,11,0,0
2020-04-07,South Africa,58775020,North_West,4027160,NA,NA,NA,NA,0,0,0,11,0,0
2020-04-09,South Africa,58775020,North_West,4027160,NA,NA,NA,NA,0,0,0,15,0,0
2020-04-11,South Africa,58775020,North_West,4027160,NA,NA,NA,NA,1,0,0,19,0,0
2020-04-13,South Africa,58775020,North_West,4027160,NA,NA,NA,NA,3,0,0,22,0,0
2020-04-15,South Africa,58775020,North_West,4027160,NA,NA,NA,NA,1,0,0,23,0,0
2020-04-17,South Africa,58775020,North_West,4027160,NA,NA,NA,NA,0,0,6,24,0,6
2020-04-19,South Africa,58775020,North_West,4027160,NA,NA,NA,NA,0,0,0,24,0,6
2020-04-21,South Africa,58775020,North_West,4027160,NA,NA,NA,NA,0,0,0,24,0,6
2020-04-23,South Africa,58775020,North_West,4027160,NA,NA,NA,NA,1,0,0,25,0,6
2020-04-25,South Africa,58775020,North_West,4027160,NA,NA,NA,NA,3,0,0,28,0,6
2020-04-27,South Africa,58775020,North_West,4027160,NA,NA,NA,NA,3,0,0,31,0,6
2020-04-29,South Africa,58775020,North_West,4027160,NA,NA,NA,NA,0,0,0,29,0,6
2020-05-01,South Africa,58775020,North_West,4027160,NA,NA,NA,NA,4,0,0,35,0,6
2020-05-03,South Africa,58775020,North_West,4027160,NA,NA,NA,NA,1,0,0,36,0,13
2020-05-05,South Africa,58775020,North_West,4027160,NA,NA,NA,NA,0,0,0,35,0,13
2020-05-07,South Africa,58775020,North_West,4027160,NA,NA,NA,NA,3,0,0,40,0,16
2020-05-09,South Africa,58775020,North_West,4027160,NA,NA,NA,NA,0,0,0,41,0,16
2020-05-11,South Africa,58775020,North_West,4027160,NA,NA,NA,NA,5,1,0,50,1,16
2020-05-13,South Africa,58775020,North_West,4027160,NA,NA,NA,NA,1,0,1,52,1,17
2020-05-15,South Africa,58775020,North_West,4027160,NA,NA,NA,NA,5,0,9,63,1,28
2020-05-17,South Africa,58775020,North_West,4027160,NA,NA,NA,NA,6,0,0,70,1,28
2020-05-19,South Africa,58775020,North_West,4027160,NA,NA,NA,NA,0,0,0,72,1,28
2020-05-21,South Africa,58775020,North_West,4027160,NA,NA,NA,NA,5,0,0,77,1,28
2020-05-23,South Africa,58775020,North_West,4027160,NA,NA,NA,NA,1,0,0,81,1,29
2020-05-25,South Africa,58775020,North_West,4027160,NA,NA,NA,NA,15,0,0,109,1,29
2020-05-27,South Africa,58775020,North_West,4027160,NA,NA,NA,NA,13,0,10,128,1,39
2020-05-29,South Africa,58775020,North_West,4027160,NA,NA,NA,NA,9,0,0,143,1,45
2020-05-31,South Africa,58775020,North_West,4027160,NA,NA,NA,NA,13,0,0,175,1,45
2020-06-02,South Africa,58775020,North_West,4027160,NA,NA,NA,NA,84,0,14,271,1,59
2020-06-04,South Africa,58775020,North_West,4027160,NA,NA,NA,NA,50,0,0,364,1,59
2020-06-06,South Africa,58775020,North_West,4027160,NA,NA,NA,NA,59,0,0,468,1,73
2020-06-08,South Africa,58775020,North_West,4027160,NA,NA,NA,NA,57,0,0,580,1,73
2020-06-10,South Africa,58775020,North_West,4027160,NA,NA,NA,NA,53,0,16,657,1,104
2020-06-12,South Africa,58775020,North_West,4027160,NA,NA,NA,NA,108,0,24,865,5,128
2020-06-14,South Africa,58775020,North_West,4027160,NA,NA,NA,NA,120,0,24,1097,5,152
2020-06-16,South Africa,58775020,North_West,4027160,NA,NA,NA,NA,104,0,0,1281,5,152
2020-06-18,South Africa,58775020,North_West,4027160,NA,NA,NA,NA,204,0,0,1606,5,175
2020-06-20,South Africa,58775020,North_West,4027160,NA,NA,NA,NA,199,0,0,1957,5,175
2020-06-22,South Africa,58775020,North_West,4027160,NA,NA,NA,NA,167,0,0,2315,5,248
2020-06-24,South Africa,58775020,North_West,4027160,NA,NA,NA,NA,164,0,35,2618,5,291
2020-06-26,South Africa,58775020,North_West,4027160,NA,NA,NA,NA,253,0,130,3218,5,421
2020-06-28,South Africa,58775020,North_West,4027160,NA,NA,NA,NA,193,0,0,3647,5,433
2020-06-30,South Africa,58775020,North_West,4027160,NA,NA,NA,NA,256,0,218,4187,7,651
2020-07-02,South Africa,58775020,North_West,4027160,NA,NA,NA,NA,395,0,63,4788,7,865
2020-07-04,South Africa,58775020,North_West,4027160,NA,NA,NA,NA,476,0,0,5644,36,865
2020-07-06,South Africa,58775020,North_West,4027160,NA,NA,NA,NA,347,0,239,6410,36,1104
2020-07-08,South Africa,58775020,North_West,4027160,NA,NA,NA,NA,305,0,121,7147,36,1456
2020-07-10,South Africa,58775020,North_West,4027160,NA,NA,NA,NA,806,0,114,8676,36,1688
2020-07-12,South Africa,58775020,North_West,4027160,NA,NA,NA,NA,506,0,476,9924,36,2191
2020-07-14,South Africa,58775020,North_West,4027160,NA,NA,NA,NA,259,0,101,10784,36,2575
2020-07-16,South Africa,58775020,North_West,4027160,NA,NA,NA,NA,666,0,116,11891,48,2694
2020-07-18,South Africa,58775020,North_West,4027160,NA,NA,NA,NA,678,0,145,13400,48,2839
2020-07-20,South Africa,58775020,North_West,4027160,NA,NA,NA,NA,331,0,351,14337,48,3241
2020-07-22,South Africa,58775020,North_West,4027160,NA,NA,NA,NA,439,0,673,15073,48,3914
2020-07-24,South Africa,58775020,North_West,4027160,NA,NA,NA,NA,647,0,776,16548,48,4795
2020-07-26,South Africa,58775020,North_West,4027160,NA,NA,NA,NA,396,0,629,17338,48,6076
2020-07-28,South Africa,58775020,North_West,4027160,NA,NA,NA,NA,187,13,197,17791,72,6638
2020-07-30,South Africa,58775020,North_West,4027160,NA,NA,NA,NA,580,9,979,18811,81,8160
2020-08-01,South Africa,58775020,North_West,4027160,NA,NA,NA,NA,389,0,188,19714,81,8444
2020-08-03,South Africa,58775020,North_West,4027160,NA,NA,NA,NA,188,28,121,20149,109,8872
2020-08-05,South Africa,58775020,North_West,4027160,NA,NA,NA,NA,416,0,37,20686,109,9243
2020-08-07,South Africa,58775020,North_West,4027160,NA,NA,NA,NA,271,0,655,21315,109,10182
2020-08-09,South Africa,58775020,North_West,4027160,NA,NA,NA,NA,195,0,0,21837,130,11923
2020-08-11,South Africa,58775020,North_West,4027160,NA,NA,NA,NA,98,20,109,22031,150,12245
2020-08-13,South Africa,58775020,North_West,4027160,NA,NA,NA,NA,278,0,73,22483,150,12559
2020-08-15,South Africa,58775020,North_West,4027160,NA,NA,NA,NA,277,0,514,23093,176,13073
2020-03-05,South Africa,58775020,Western Cape,6844272,NA,NA,NA,NA,NA,NA,NA,0,0,0
2020-03-08,South Africa,58775020,Western Cape,6844272,NA,NA,NA,NA,0,0,0,0,0,0
2020-03-11,South Africa,58775020,Western Cape,6844272,NA,NA,NA,NA,1,0,0,1,0,0
2020-03-13,South Africa,58775020,Western Cape,6844272,NA,NA,NA,NA,2,0,0,3,0,0
2020-03-15,South Africa,58775020,Western Cape,6844272,NA,NA,NA,NA,5,0,0,14,0,0
2020-03-17,South Africa,58775020,Western Cape,6844272,NA,NA,NA,NA,5,0,0,21,0,0
2020-03-19,South Africa,58775020,Western Cape,6844272,NA,NA,NA,NA,15,0,0,46,0,0
2020-03-21,South Africa,58775020,Western Cape,6844272,NA,NA,NA,NA,18,0,0,75,0,0
2020-03-23,South Africa,58775020,Western Cape,6844272,NA,NA,NA,NA,11,0,0,100,0,0
2020-03-25,South Africa,58775020,Western Cape,6844272,NA,NA,NA,NA,70,0,0,183,0,0
2020-03-27,South Africa,58775020,Western Cape,6844272,NA,NA,NA,NA,0,1,0,229,1,0
2020-03-29,South Africa,58775020,Western Cape,6844272,NA,NA,NA,NA,39,0,0,310,1,0
2020-03-31,South Africa,58775020,Western Cape,6844272,NA,NA,NA,NA,1,0,0,325,1,0
2020-04-02,South Africa,58775020,Western Cape,6844272,NA,NA,NA,NA,27,0,0,353,1,0
2020-04-04,South Africa,58775020,Western Cape,6844272,NA,NA,NA,NA,59,0,0,433,1,0
2020-04-06,South Africa,58775020,Western Cape,6844272,NA,NA,NA,NA,8,1,0,462,3,0
2020-04-08,South Africa,58775020,Western Cape,6844272,NA,NA,NA,NA,33,0,0,495,3,0
2020-04-10,South Africa,58775020,Western Cape,6844272,NA,NA,NA,NA,26,3,0,541,6,0
2020-04-12,South Africa,58775020,Western Cape,6844272,NA,NA,NA,NA,41,0,0,587,7,0
2020-04-14,South Africa,58775020,Western Cape,6844272,NA,NA,NA,NA,26,0,0,643,8,0
2020-04-16,South Africa,58775020,Western Cape,6844272,NA,NA,NA,NA,18,5,0,675,13,0
2020-04-18,South Africa,58775020,Western Cape,6844272,NA,NA,NA,NA,119,1,0,836,16,205
2020-04-20,South Africa,58775020,Western Cape,6844272,NA,NA,NA,NA,72,0,11,940,17,216
2020-04-22,South Africa,58775020,Western Cape,6844272,NA,NA,NA,NA,69,5,0,1079,22,216
2020-04-24,South Africa,58775020,Western Cape,6844272,NA,NA,NA,NA,134,2,0,1413,30,236
2020-04-26,South Africa,58775020,Western Cape,6844272,NA,NA,NA,NA,94,1,0,1608,33,236
2020-04-28,South Africa,58775020,Western Cape,6844272,NA,NA,NA,NA,133,3,0,1870,38,236
2020-04-30,South Africa,58775020,Western Cape,6844272,NA,NA,NA,NA,207,0,0,2342,42,236
2020-05-02,South Africa,58775020,Western Cape,6844272,NA,NA,NA,NA,193,1,543,2700,56,779
2020-05-04,South Africa,58775020,Western Cape,6844272,NA,NA,NA,NA,318,6,54,3362,64,833
2020-05-06,South Africa,58775020,Western Cape,6844272,NA,NA,NA,NA,151,2,289,3760,73,1122
2020-05-08,South Africa,58775020,Western Cape,6844272,NA,NA,NA,NA,503,9,0,4497,88,1122
2020-05-10,South Africa,58775020,Western Cape,6844272,NA,NA,NA,NA,359,3,485,5168,98,1607
2020-05-12,South Africa,58775020,Western Cape,6844272,NA,NA,NA,NA,484,0,0,6105,106,1607
2020-05-14,South Africa,58775020,Western Cape,6844272,NA,NA,NA,NA,522,12,623,7235,129,2573
2020-05-16,South Africa,58775020,Western Cape,6844272,NA,NA,NA,NA,606,12,240,8404,149,3097
2020-05-18,South Africa,58775020,Western Cape,6844272,NA,NA,NA,NA,741,17,210,10035,166,3731
2020-05-20,South Africa,58775020,Western Cape,6844272,NA,NA,NA,NA,623,23,742,11262,210,5105
2020-05-22,South Africa,58775020,Western Cape,6844272,NA,NA,NA,NA,735,22,1021,12888,257,6126
2020-05-24,South Africa,58775020,Western Cape,6844272,NA,NA,NA,NA,914,20,399,14740,281,6525
2020-05-26,South Africa,58775020,Western Cape,6844272,NA,NA,NA,NA,433,33,623,15829,363,7844
2020-05-28,South Africa,58775020,Western Cape,6844272,NA,NA,NA,NA,861,15,653,17754,406,9157
2020-05-30,South Africa,58775020,Western Cape,6844272,NA,NA,NA,NA,1254,28,678,20160,465,10508
2020-06-01,South Africa,58775020,Western Cape,6844272,NA,NA,NA,NA,1185,22,332,22567,525,11431
2020-06-03,South Africa,58775020,Western Cape,6844272,NA,NA,NA,NA,1074,29,1260,24657,597,13696
2020-06-05,South Africa,58775020,Western Cape,6844272,NA,NA,NA,NA,1801,53,1516,28807,704,16433
2020-06-07,South Africa,58775020,Western Cape,6844272,NA,NA,NA,NA,1445,45,11,31824,774,17366
2020-06-09,South Africa,58775020,Western Cape,6844272,NA,NA,NA,NA,1251,61,1690,34819,890,20791
2020-06-11,South Africa,58775020,Western Cape,6844272,NA,NA,NA,NA,1401,39,0,37422,966,22862
2020-06-13,South Africa,58775020,Western Cape,6844272,NA,NA,NA,NA,1679,36,1301,40605,1041,26736
2020-06-15,South Africa,58775020,Western Cape,6844272,NA,NA,NA,NA,1604,73,1088,44143,1156,28615
2020-06-17,South Africa,58775020,Western Cape,6844272,NA,NA,NA,NA,1198,43,1588,46555,1243,31824
2020-06-19,South Africa,58775020,Western Cape,6844272,NA,NA,NA,NA,1184,60,2243,48706,1360,34067
2020-06-21,South Africa,58775020,Western Cape,6844272,NA,NA,NA,NA,1268,27,403,51441,1419,35559
2020-06-23,South Africa,58775020,Western Cape,6844272,NA,NA,NA,NA,958,78,1276,53512,1536,37234
2020-06-25,South Africa,58775020,Western Cape,6844272,NA,NA,NA,NA,1618,53,2241,56780,1652,39475
2020-06-27,South Africa,58775020,Western Cape,6844272,NA,NA,NA,NA,1374,40,1193,59315,1732,42172
2020-06-29,South Africa,58775020,Western Cape,6844272,NA,NA,NA,NA,930,43,0,61375,1807,42636
2020-07-01,South Africa,58775020,Western Cape,6844272,NA,NA,NA,NA,1896,37,1818,64377,1896,44938
2020-07-03,South Africa,58775020,Western Cape,6844272,NA,NA,NA,NA,1095,58,1414,66936,1983,47929
2020-07-05,South Africa,58775020,Western Cape,6844272,NA,NA,NA,NA,1155,40,566,69531,2066,49928
2020-07-07,South Africa,58775020,Western Cape,6844272,NA,NA,NA,NA,1218,44,1886,72156,2145,52157
2020-07-09,South Africa,58775020,Western Cape,6844272,NA,NA,NA,NA,1523,37,1653,74815,2229,55534
2020-07-11,South Africa,58775020,Western Cape,6844272,NA,NA,NA,NA,1269,38,1600,77336,2333,57134
2020-07-13,South Africa,58775020,Western Cape,6844272,NA,NA,NA,NA,945,37,422,79344,2385,59492
2020-07-15,South Africa,58775020,Western Cape,6844272,NA,NA,NA,NA,1357,38,0,81556,2467,61756
2020-07-17,South Africa,58775020,Western Cape,6844272,NA,NA,NA,NA,1268,36,3450,84254,2550,67181
2020-07-19,South Africa,58775020,Western Cape,6844272,NA,NA,NA,NA,515,26,0,85926,2619,68410
2020-07-21,South Africa,58775020,Western Cape,6844272,NA,NA,NA,NA,557,48,1651,86329,2717,70061
2020-07-23,South Africa,58775020,Western Cape,6844272,NA,NA,NA,NA,1081,28,1204,88928,2780,72695
2020-07-25,South Africa,58775020,Western Cape,6844272,NA,NA,NA,NA,1022,18,1090,91033,2845,74987
2020-07-27,South Africa,58775020,Western Cape,6844272,NA,NA,NA,NA,521,36,240,92600,2911,75595
2020-07-29,South Africa,58775020,Western Cape,6844272,NA,NA,NA,NA,754,23,0,93737,2983,76835
2020-07-31,South Africa,58775020,Western Cape,6844272,NA,NA,NA,NA,783,33,920,95223,3050,79841
2020-08-02,South Africa,58775020,Western Cape,6844272,NA,NA,NA,NA,649,43,206,96838,3117,80956
2020-08-04,South Africa,58775020,Western Cape,6844272,NA,NA,NA,NA,185,97,1134,97261,3245,82447
2020-08-06,South Africa,58775020,Western Cape,6844272,NA,NA,NA,NA,568,46,1001,98599,3325,84529
2020-08-08,South Africa,58775020,Western Cape,6844272,NA,NA,NA,NA,561,22,887,99588,3376,86415
2020-08-10,South Africa,58775020,Western Cape,6844272,NA,NA,NA,NA,254,30,184,100213,3429,86861
2020-08-12,South Africa,58775020,Western Cape,6844272,NA,NA,NA,NA,220,31,737,100536,3485,88735
2020-08-14,South Africa,58775020,Western Cape,6844272,NA,NA,NA,NA,594,28,587,101570,3534,90115
2020-08-16,South Africa,58775020,Western Cape,6844272,NA,NA,NA,NA,460,20,217,102449,3580,90869
2020-02-26,Mexico,127792286,Aguascalientes,1434635,NA,NA,NA,NA,NA,NA,NA,0,0,0
2020-02-28,Mexico,127792286,Aguascalientes,1434635,NA,NA,NA,NA,0,0,0,0,0,0
2020-03-01,Mexico,127792286,Aguascalientes,1434635,NA,NA,NA,NA,0,0,0,0,0,0
2020-03-03,Mexico,127792286,Aguascalientes,1434635,NA,NA,NA,NA,0,0,0,0,0,0
2020-03-05,Mexico,127792286,Aguascalientes,1434635,NA,NA,NA,NA,0,0,0,0,0,0
2020-03-07,Mexico,127792286,Aguascalientes,1434635,NA,NA,NA,NA,0,0,0,0,0,0
2020-03-09,Mexico,127792286,Aguascalientes,1434635,NA,NA,NA,NA,0,0,0,0,0,0
2020-03-11,Mexico,127792286,Aguascalientes,1434635,NA,NA,NA,NA,0,0,0,0,0,0
2020-03-13,Mexico,127792286,Aguascalientes,1434635,NA,NA,NA,NA,0,0,0,0,0,0
2020-03-15,Mexico,127792286,Aguascalientes,1434635,NA,NA,NA,NA,1,0,0,1,0,0
2020-03-17,Mexico,127792286,Aguascalientes,1434635,NA,NA,NA,NA,0,0,0,1,0,0
2020-03-19,Mexico,127792286,Aguascalientes,1434635,NA,NA,NA,NA,3,0,0,4,0,0
2020-03-21,Mexico,127792286,Aguascalientes,1434635,NA,NA,NA,NA,0,0,0,4,0,0
2020-03-23,Mexico,127792286,Aguascalientes,1434635,NA,NA,NA,NA,2,0,0,6,0,0
2020-03-25,Mexico,127792286,Aguascalientes,1434635,NA,NA,NA,NA,6,0,0,12,0,0
2020-03-27,Mexico,127792286,Aguascalientes,1434635,NA,NA,NA,NA,6,0,0,19,0,0
2020-03-29,Mexico,127792286,Aguascalientes,1434635,NA,NA,NA,NA,5,0,0,24,0,0
2020-03-31,Mexico,127792286,Aguascalientes,1434635,NA,NA,NA,NA,12,0,0,36,0,0
2020-04-02,Mexico,127792286,Aguascalientes,1434635,NA,NA,NA,NA,11,0,0,47,0,0
2020-04-04,Mexico,127792286,Aguascalientes,1434635,NA,NA,NA,NA,1,0,0,49,0,0
2020-04-06,Mexico,127792286,Aguascalientes,1434635,NA,NA,NA,NA,0,0,0,49,0,0
2020-04-08,Mexico,127792286,Aguascalientes,1434635,NA,NA,NA,NA,0,0,0,53,0,0
2020-04-10,Mexico,127792286,Aguascalientes,1434635,NA,NA,NA,NA,0,0,0,53,0,0
2020-04-12,Mexico,127792286,Aguascalientes,1434635,NA,NA,NA,NA,0,0,0,55,1,0
2020-04-14,Mexico,127792286,Aguascalientes,1434635,NA,NA,NA,NA,10,0,0,65,1,0
2020-04-16,Mexico,127792286,Aguascalientes,1434635,NA,NA,NA,NA,6,1,0,71,2,0
2020-04-18,Mexico,127792286,Aguascalientes,1434635,NA,NA,NA,NA,0,0,0,77,2,0
2020-04-20,Mexico,127792286,Aguascalientes,1434635,NA,NA,NA,NA,0,0,0,80,2,0
2020-04-22,Mexico,127792286,Aguascalientes,1434635,NA,NA,NA,NA,19,0,0,99,2,0
2020-04-24,Mexico,127792286,Aguascalientes,1434635,NA,NA,NA,NA,40,0,0,145,2,0
2020-04-26,Mexico,127792286,Aguascalientes,1434635,NA,NA,NA,NA,2,0,0,148,2,0
2020-04-28,Mexico,127792286,Aguascalientes,1434635,NA,NA,NA,NA,6,0,0,167,2,0
2020-04-30,Mexico,127792286,Aguascalientes,1434635,NA,NA,NA,NA,19,4,0,206,6,0
2020-05-02,Mexico,127792286,Aguascalientes,1434635,NA,NA,NA,NA,29,0,0,255,7,0
2020-05-04,Mexico,127792286,Aguascalientes,1434635,NA,NA,NA,NA,23,2,0,290,9,0
2020-05-06,Mexico,127792286,Aguascalientes,1434635,NA,NA,NA,NA,3,0,0,296,10,0
2020-05-08,Mexico,127792286,Aguascalientes,1434635,NA,NA,NA,NA,8,1,0,304,12,0
2020-05-10,Mexico,127792286,Aguascalientes,1434635,NA,NA,NA,NA,27,0,0,334,14,0
2020-05-12,Mexico,127792286,Aguascalientes,1434635,NA,NA,NA,NA,30,0,0,387,14,0
2020-05-14,Mexico,127792286,Aguascalientes,1434635,NA,NA,NA,NA,9,1,0,413,16,0
2020-05-16,Mexico,127792286,Aguascalientes,1434635,NA,NA,NA,NA,0,2,0,447,20,0
2020-05-18,Mexico,127792286,Aguascalientes,1434635,NA,NA,NA,NA,5,0,0,482,20,0
2020-05-20,Mexico,127792286,Aguascalientes,1434635,NA,NA,NA,NA,46,1,0,568,21,0
2020-05-22,Mexico,127792286,Aguascalientes,1434635,NA,NA,NA,NA,23,4,0,618,25,0
2020-05-24,Mexico,127792286,Aguascalientes,1434635,NA,NA,NA,NA,2,0,0,625,26,0
2020-05-26,Mexico,127792286,Aguascalientes,1434635,NA,NA,NA,NA,27,4,0,686,30,0
2020-05-28,Mexico,127792286,Aguascalientes,1434635,NA,NA,NA,NA,53,1,0,779,33,0
2020-05-30,Mexico,127792286,Aguascalientes,1434635,NA,NA,NA,NA,19,2,0,826,35,0
2020-06-01,Mexico,127792286,Aguascalientes,1434635,NA,NA,NA,NA,25,0,0,851,35,0
2020-06-03,Mexico,127792286,Aguascalientes,1434635,NA,NA,NA,NA,50,1,0,950,36,0
2020-06-05,Mexico,127792286,Aguascalientes,1434635,NA,NA,NA,NA,39,10,0,1086,48,0
2020-06-07,Mexico,127792286,Aguascalientes,1434635,NA,NA,NA,NA,0,0,0,1117,51,0
2020-06-09,Mexico,127792286,Aguascalientes,1434635,NA,NA,NA,NA,62,3,0,1237,56,0
2020-06-11,Mexico,127792286,Aguascalientes,1434635,NA,NA,NA,NA,72,8,0,1338,67,0
2020-06-13,Mexico,127792286,Aguascalientes,1434635,NA,NA,NA,NA,29,1,0,1450,70,0
2020-06-15,Mexico,127792286,Aguascalientes,1434635,NA,NA,NA,NA,37,1,0,1487,71,0
2020-06-17,Mexico,127792286,Aguascalientes,1434635,NA,NA,NA,NA,59,9,0,1641,93,0
2020-06-19,Mexico,127792286,Aguascalientes,1434635,NA,NA,NA,NA,76,8,0,1783,106,0
2020-06-21,Mexico,127792286,Aguascalientes,1434635,NA,NA,NA,NA,58,1,0,1903,110,0
2020-06-23,Mexico,127792286,Aguascalientes,1434635,NA,NA,NA,NA,54,2,0,1989,114,0
2020-06-25,Mexico,127792286,Aguascalientes,1434635,NA,NA,NA,NA,37,3,0,2103,122,0
2020-06-27,Mexico,127792286,Aguascalientes,1434635,NA,NA,NA,NA,29,5,0,2192,134,0
2020-06-29,Mexico,127792286,Aguascalientes,1434635,NA,NA,NA,NA,38,6,0,2289,140,0
2020-07-01,Mexico,127792286,Aguascalientes,1434635,NA,NA,NA,NA,22,5,0,2396,151,0
2020-07-03,Mexico,127792286,Aguascalientes,1434635,NA,NA,NA,NA,15,2,0,2449,156,0
2020-07-05,Mexico,127792286,Aguascalientes,1434635,NA,NA,NA,NA,1,0,0,2473,158,0
2020-07-07,Mexico,127792286,Aguascalientes,1434635,NA,NA,NA,NA,94,8,0,2658,171,0
2020-07-09,Mexico,127792286,Aguascalientes,1434635,NA,NA,NA,NA,43,4,0,2812,179,0
2020-07-11,Mexico,127792286,Aguascalientes,1434635,NA,NA,NA,NA,48,0,0,2917,185,0
2020-07-13,Mexico,127792286,Aguascalientes,1434635,NA,NA,NA,NA,72,2,0,3020,187,0
2020-07-15,Mexico,127792286,Aguascalientes,1434635,NA,NA,NA,NA,29,0,0,3126,193,0
2020-07-17,Mexico,127792286,Aguascalientes,1434635,NA,NA,NA,NA,29,4,0,3295,205,0
2020-07-19,Mexico,127792286,Aguascalientes,1434635,NA,NA,NA,NA,38,0,0,3479,207,0
2020-07-21,Mexico,127792286,Aguascalientes,1434635,NA,NA,NA,NA,60,11,0,3610,220,0
2020-07-23,Mexico,127792286,Aguascalientes,1434635,NA,NA,NA,NA,20,4,0,3688,224,0
2020-07-25,Mexico,127792286,Aguascalientes,1434635,NA,NA,NA,NA,72,12,0,3833,243,0
2020-07-27,Mexico,127792286,Aguascalientes,1434635,NA,NA,NA,NA,0,0,0,3847,243,0
2020-07-29,Mexico,127792286,Aguascalientes,1434635,NA,NA,NA,NA,44,0,0,4004,247,0
2020-07-31,Mexico,127792286,Aguascalientes,1434635,NA,NA,NA,NA,46,7,0,4106,260,0
2020-08-02,Mexico,127792286,Aguascalientes,1434635,NA,NA,NA,NA,0,0,0,4199,263,0
2020-08-04,Mexico,127792286,Aguascalientes,1434635,NA,NA,NA,NA,62,5,0,4309,269,0
2020-08-06,Mexico,127792286,Aguascalientes,1434635,NA,NA,NA,NA,34,3,0,4373,276,0
2020-08-08,Mexico,127792286,Aguascalientes,1434635,NA,NA,NA,NA,123,5,0,4589,284,0
2020-08-10,Mexico,127792286,Aguascalientes,1434635,NA,NA,NA,NA,15,7,0,4606,291,0
2020-08-12,Mexico,127792286,Aguascalientes,1434635,NA,NA,NA,NA,53,7,0,4716,310,0
2020-08-14,Mexico,127792286,Aguascalientes,1434635,NA,NA,NA,NA,57,5,0,4817,319,0
2020-02-25,Mexico,127792286,Baja California,3634868,NA,NA,NA,NA,NA,NA,NA,0,0,0
2020-02-27,Mexico,127792286,Baja California,3634868,NA,NA,NA,NA,0,0,0,0,0,0
2020-02-29,Mexico,127792286,Baja California,3634868,NA,NA,NA,NA,0,0,0,0,0,0
2020-03-02,Mexico,127792286,Baja California,3634868,NA,NA,NA,NA,0,0,0,0,0,0
2020-03-04,Mexico,127792286,Baja California,3634868,NA,NA,NA,NA,0,0,0,0,0,0
2020-03-06,Mexico,127792286,Baja California,3634868,NA,NA,NA,NA,0,0,0,0,0,0
2020-03-08,Mexico,127792286,Baja California,3634868,NA,NA,NA,NA,0,0,0,0,0,0
2020-03-10,Mexico,127792286,Baja California,3634868,NA,NA,NA,NA,0,0,0,0,0,0
2020-03-12,Mexico,127792286,Baja California,3634868,NA,NA,NA,NA,0,0,0,0,0,0
2020-03-14,Mexico,127792286,Baja California,3634868,NA,NA,NA,NA,0,0,0,0,0,0
2020-03-16,Mexico,127792286,Baja California,3634868,NA,NA,NA,NA,0,0,0,0,0,0
2020-03-18,Mexico,127792286,Baja California,3634868,NA,NA,NA,NA,2,0,0,2,0,0
2020-03-20,Mexico,127792286,Baja California,3634868,NA,NA,NA,NA,2,0,0,4,0,0
2020-03-22,Mexico,127792286,Baja California,3634868,NA,NA,NA,NA,3,0,0,11,0,0
2020-03-24,Mexico,127792286,Baja California,3634868,NA,NA,NA,NA,0,0,0,13,0,0
2020-03-26,Mexico,127792286,Baja California,3634868,NA,NA,NA,NA,5,0,0,19,0,0
2020-03-28,Mexico,127792286,Baja California,3634868,NA,NA,NA,NA,0,0,0,20,0,0
2020-03-30,Mexico,127792286,Baja California,3634868,NA,NA,NA,NA,4,0,0,27,0,0
2020-04-01,Mexico,127792286,Baja California,3634868,NA,NA,NA,NA,2,0,0,37,0,0
2020-04-03,Mexico,127792286,Baja California,3634868,NA,NA,NA,NA,12,2,0,52,5,0
2020-04-05,Mexico,127792286,Baja California,3634868,NA,NA,NA,NA,15,1,0,69,6,0
2020-04-07,Mexico,127792286,Baja California,3634868,NA,NA,NA,NA,25,0,0,136,7,0
2020-04-09,Mexico,127792286,Baja California,3634868,NA,NA,NA,NA,14,1,0,239,16,0
2020-04-11,Mexico,127792286,Baja California,3634868,NA,NA,NA,NA,20,3,0,278,20,0
2020-04-13,Mexico,127792286,Baja California,3634868,NA,NA,NA,NA,33,3,0,368,25,0
2020-04-15,Mexico,127792286,Baja California,3634868,NA,NA,NA,NA,52,0,0,464,28,0
2020-04-17,Mexico,127792286,Baja California,3634868,NA,NA,NA,NA,31,2,0,536,33,0
2020-04-19,Mexico,127792286,Baja California,3634868,NA,NA,NA,NA,70,7,0,680,75,0
2020-04-21,Mexico,127792286,Baja California,3634868,NA,NA,NA,NA,174,25,0,915,100,0
2020-04-23,Mexico,127792286,Baja California,3634868,NA,NA,NA,NA,91,8,0,1083,126,0
2020-04-25,Mexico,127792286,Baja California,3634868,NA,NA,NA,NA,42,16,0,1206,162,0
2020-04-27,Mexico,127792286,Baja California,3634868,NA,NA,NA,NA,30,5,0,1316,167,0
2020-04-29,Mexico,127792286,Baja California,3634868,NA,NA,NA,NA,106,29,0,1516,215,0
2020-05-01,Mexico,127792286,Baja California,3634868,NA,NA,NA,NA,9,10,0,1586,232,0
2020-05-03,Mexico,127792286,Baja California,3634868,NA,NA,NA,NA,78,3,0,1676,238,0
2020-05-05,Mexico,127792286,Baja California,3634868,NA,NA,NA,NA,190,38,0,2016,289,0
2020-05-07,Mexico,127792286,Baja California,3634868,NA,NA,NA,NA,78,18,0,2204,344,0
2020-05-09,Mexico,127792286,Baja California,3634868,NA,NA,NA,NA,88,37,0,2392,402,0
2020-05-11,Mexico,127792286,Baja California,3634868,NA,NA,NA,NA,17,3,0,2471,419,0
2020-05-13,Mexico,127792286,Baja California,3634868,NA,NA,NA,NA,193,21,0,2793,464,0
2020-05-15,Mexico,127792286,Baja California,3634868,NA,NA,NA,NA,191,23,0,3076,518,0
2020-05-17,Mexico,127792286,Baja California,3634868,NA,NA,NA,NA,89,11,0,3294,554,0
2020-05-19,Mexico,127792286,Baja California,3634868,NA,NA,NA,NA,155,16,0,3531,582,0
2020-05-21,Mexico,127792286,Baja California,3634868,NA,NA,NA,NA,180,31,0,3829,637,0
2020-05-23,Mexico,127792286,Baja California,3634868,NA,NA,NA,NA,157,5,0,4162,653,0
2020-05-25,Mexico,127792286,Baja California,3634868,NA,NA,NA,NA,30,9,0,4312,705,0
2020-05-27,Mexico,127792286,Baja California,3634868,NA,NA,NA,NA,175,33,0,4659,773,0
2020-05-29,Mexico,127792286,Baja California,3634868,NA,NA,NA,NA,108,13,0,4953,821,0
2020-05-31,Mexico,127792286,Baja California,3634868,NA,NA,NA,NA,48,1,0,5154,865,0
2020-06-02,Mexico,127792286,Baja California,3634868,NA,NA,NA,NA,106,8,0,5313,879,0
2020-06-04,Mexico,127792286,Baja California,3634868,NA,NA,NA,NA,144,124,0,5689,1137,0
2020-06-06,Mexico,127792286,Baja California,3634868,NA,NA,NA,NA,192,30,0,6059,1230,0
2020-06-08,Mexico,127792286,Baja California,3634868,NA,NA,NA,NA,50,12,0,6223,1257,0
2020-06-10,Mexico,127792286,Baja California,3634868,NA,NA,NA,NA,140,85,0,6525,1387,0
2020-06-12,Mexico,127792286,Baja California,3634868,NA,NA,NA,NA,152,21,0,6860,1439,0
2020-06-14,Mexico,127792286,Baja California,3634868,NA,NA,NA,NA,42,39,0,6991,1510,0
2020-06-16,Mexico,127792286,Baja California,3634868,NA,NA,NA,NA,88,58,0,7241,1594,0
2020-06-18,Mexico,127792286,Baja California,3634868,NA,NA,NA,NA,164,21,0,7528,1638,0
2020-06-20,Mexico,127792286,Baja California,3634868,NA,NA,NA,NA,155,51,0,7841,1734,0
2020-06-22,Mexico,127792286,Baja California,3634868,NA,NA,NA,NA,107,27,0,8026,1768,0
2020-06-24,Mexico,127792286,Baja California,3634868,NA,NA,NA,NA,110,19,0,8301,1813,0
2020-06-26,Mexico,127792286,Baja California,3634868,NA,NA,NA,NA,220,30,0,8628,1854,0
2020-06-28,Mexico,127792286,Baja California,3634868,NA,NA,NA,NA,75,10,0,8864,1883,0
2020-06-30,Mexico,127792286,Baja California,3634868,NA,NA,NA,NA,167,32,0,9064,1931,0
2020-07-02,Mexico,127792286,Baja California,3634868,NA,NA,NA,NA,210,45,0,9578,2007,0
2020-07-04,Mexico,127792286,Baja California,3634868,NA,NA,NA,NA,145,22,0,9938,2055,0
2020-07-06,Mexico,127792286,Baja California,3634868,NA,NA,NA,NA,41,10,0,10053,2074,0
2020-07-08,Mexico,127792286,Baja California,3634868,NA,NA,NA,NA,154,51,0,10467,2189,0
2020-07-10,Mexico,127792286,Baja California,3634868,NA,NA,NA,NA,231,18,0,10842,2224,0
2020-07-12,Mexico,127792286,Baja California,3634868,NA,NA,NA,NA,113,3,0,11084,2253,0
2020-07-14,Mexico,127792286,Baja California,3634868,NA,NA,NA,NA,128,20,0,11233,2296,0
2020-07-16,Mexico,127792286,Baja California,3634868,NA,NA,NA,NA,128,16,0,11596,2352,0
2020-07-18,Mexico,127792286,Baja California,3634868,NA,NA,NA,NA,64,25,0,12058,2438,0
2020-07-20,Mexico,127792286,Baja California,3634868,NA,NA,NA,NA,119,17,0,11955,2361,0
2020-07-22,Mexico,127792286,Baja California,3634868,NA,NA,NA,NA,101,29,0,12158,2417,0
2020-07-24,Mexico,127792286,Baja California,3634868,NA,NA,NA,NA,120,24,0,12543,2469,0
2020-07-26,Mexico,127792286,Baja California,3634868,NA,NA,NA,NA,114,21,0,12823,2515,0
2020-07-28,Mexico,127792286,Baja California,3634868,NA,NA,NA,NA,93,27,0,13039,2564,0
2020-07-30,Mexico,127792286,Baja California,3634868,NA,NA,NA,NA,82,9,0,13195,2581,0
2020-08-01,Mexico,127792286,Baja California,3634868,NA,NA,NA,NA,202,32,0,13483,2636,0
2020-08-03,Mexico,127792286,Baja California,3634868,NA,NA,NA,NA,75,12,0,13681,2655,0
2020-08-05,Mexico,127792286,Baja California,3634868,NA,NA,NA,NA,87,27,0,13800,2695,0
2020-08-07,Mexico,127792286,Baja California,3634868,NA,NA,NA,NA,92,23,0,14108,2735,0
2020-08-09,Mexico,127792286,Baja California,3634868,NA,NA,NA,NA,28,9,0,14385,2774,0
2020-08-11,Mexico,127792286,Baja California,3634868,NA,NA,NA,NA,102,19,0,14563,2813,0
2020-08-13,Mexico,127792286,Baja California,3634868,NA,NA,NA,NA,109,11,0,14868,2844,0
2020-08-15,Mexico,127792286,Baja California,3634868,NA,NA,NA,NA,175,13,0,15166,2875,0
2020-02-26,Mexico,127792286,Baja California Sur,804708,NA,NA,NA,NA,NA,NA,NA,0,0,0
2020-02-28,Mexico,127792286,Baja California Sur,804708,NA,NA,NA,NA,0,0,0,0,0,0
2020-03-01,Mexico,127792286,Baja California Sur,804708,NA,NA,NA,NA,0,0,0,0,0,0
2020-03-03,Mexico,127792286,Baja California Sur,804708,NA,NA,NA,NA,0,0,0,0,0,0
2020-03-05,Mexico,127792286,Baja California Sur,804708,NA,NA,NA,NA,0,0,0,0,0,0
2020-03-07,Mexico,127792286,Baja California Sur,804708,NA,NA,NA,NA,0,0,0,0,0,0
2020-03-09,Mexico,127792286,Baja California Sur,804708,NA,NA,NA,NA,0,0,0,0,0,0
2020-03-11,Mexico,127792286,Baja California Sur,804708,NA,NA,NA,NA,0,0,0,0,0,0
2020-03-13,Mexico,127792286,Baja California Sur,804708,NA,NA,NA,NA,0,0,0,0,0,0
2020-03-15,Mexico,127792286,Baja California Sur,804708,NA,NA,NA,NA,0,0,0,0,0,0
2020-03-17,Mexico,127792286,Baja California Sur,804708,NA,NA,NA,NA,0,0,0,0,0,0
2020-03-19,Mexico,127792286,Baja California Sur,804708,NA,NA,NA,NA,0,0,0,0,0,0
2020-03-21,Mexico,127792286,Baja California Sur,804708,NA,NA,NA,NA,1,0,0,1,0,0
2020-03-23,Mexico,127792286,Baja California Sur,804708,NA,NA,NA,NA,1,0,0,2,0,0
2020-03-25,Mexico,127792286,Baja California Sur,804708,NA,NA,NA,NA,3,0,0,5,0,0
2020-03-27,Mexico,127792286,Baja California Sur,804708,NA,NA,NA,NA,2,0,0,9,0,0
2020-03-29,Mexico,127792286,Baja California Sur,804708,NA,NA,NA,NA,2,0,0,11,0,0
2020-03-31,Mexico,127792286,Baja California Sur,804708,NA,NA,NA,NA,4,0,0,17,0,0
2020-04-02,Mexico,127792286,Baja California Sur,804708,NA,NA,NA,NA,1,0,0,19,2,0
2020-04-04,Mexico,127792286,Baja California Sur,804708,NA,NA,NA,NA,6,0,0,27,2,0
2020-04-06,Mexico,127792286,Baja California Sur,804708,NA,NA,NA,NA,26,0,0,54,2,0
2020-04-08,Mexico,127792286,Baja California Sur,804708,NA,NA,NA,NA,12,0,0,68,2,0
2020-04-10,Mexico,127792286,Baja California Sur,804708,NA,NA,NA,NA,17,0,0,85,2,0
2020-04-12,Mexico,127792286,Baja California Sur,804708,NA,NA,NA,NA,18,0,0,120,2,0
2020-04-14,Mexico,127792286,Baja California Sur,804708,NA,NA,NA,NA,11,2,0,164,5,0
2020-04-16,Mexico,127792286,Baja California Sur,804708,NA,NA,NA,NA,1,0,0,166,6,0
2020-04-18,Mexico,127792286,Baja California Sur,804708,NA,NA,NA,NA,4,0,0,173,6,0
2020-04-20,Mexico,127792286,Baja California Sur,804708,NA,NA,NA,NA,12,0,0,205,7,0
2020-04-22,Mexico,127792286,Baja California Sur,804708,NA,NA,NA,NA,12,1,0,240,10,0
2020-04-24,Mexico,127792286,Baja California Sur,804708,NA,NA,NA,NA,6,0,0,247,11,0
2020-04-26,Mexico,127792286,Baja California Sur,804708,NA,NA,NA,NA,19,0,0,285,12,0
2020-04-28,Mexico,127792286,Baja California Sur,804708,NA,NA,NA,NA,7,1,0,293,14,0
2020-04-30,Mexico,127792286,Baja California Sur,804708,NA,NA,NA,NA,7,0,0,309,16,0
2020-05-02,Mexico,127792286,Baja California Sur,804708,NA,NA,NA,NA,8,0,0,331,18,0
2020-05-04,Mexico,127792286,Baja California Sur,804708,NA,NA,NA,NA,5,0,0,344,18,0
2020-05-06,Mexico,127792286,Baja California Sur,804708,NA,NA,NA,NA,7,0,0,358,18,0
2020-05-08,Mexico,127792286,Baja California Sur,804708,NA,NA,NA,NA,5,2,0,372,22,0
2020-05-10,Mexico,127792286,Baja California Sur,804708,NA,NA,NA,NA,8,0,0,385,22,0
2020-05-12,Mexico,127792286,Baja California Sur,804708,NA,NA,NA,NA,3,2,0,399,24,0
2020-05-14,Mexico,127792286,Baja California Sur,804708,NA,NA,NA,NA,10,1,0,417,25,0
2020-05-16,Mexico,127792286,Baja California Sur,804708,NA,NA,NA,NA,5,0,0,441,26,0
2020-05-18,Mexico,127792286,Baja California Sur,804708,NA,NA,NA,NA,3,0,0,458,26,0
2020-05-20,Mexico,127792286,Baja California Sur,804708,NA,NA,NA,NA,6,1,0,471,28,0
2020-05-22,Mexico,127792286,Baja California Sur,804708,NA,NA,NA,NA,2,2,0,490,31,0
2020-05-24,Mexico,127792286,Baja California Sur,804708,NA,NA,NA,NA,11,0,0,517,31,0
2020-05-26,Mexico,127792286,Baja California Sur,804708,NA,NA,NA,NA,8,0,0,534,32,0
2020-05-28,Mexico,127792286,Baja California Sur,804708,NA,NA,NA,NA,10,1,0,552,33,0
2020-05-30,Mexico,127792286,Baja California Sur,804708,NA,NA,NA,NA,12,1,0,590,35,0
2020-06-01,Mexico,127792286,Baja California Sur,804708,NA,NA,NA,NA,12,0,0,626,35,0
2020-06-03,Mexico,127792286,Baja California Sur,804708,NA,NA,NA,NA,36,0,0,679,35,0
2020-06-05,Mexico,127792286,Baja California Sur,804708,NA,NA,NA,NA,21,3,0,716,41,0
2020-06-07,Mexico,127792286,Baja California Sur,804708,NA,NA,NA,NA,11,0,0,746,43,0
2020-06-09,Mexico,127792286,Baja California Sur,804708,NA,NA,NA,NA,26,2,0,793,47,0
2020-06-11,Mexico,127792286,Baja California Sur,804708,NA,NA,NA,NA,49,1,0,900,48,0
2020-06-13,Mexico,127792286,Baja California Sur,804708,NA,NA,NA,NA,38,1,0,943,49,0
2020-06-15,Mexico,127792286,Baja California Sur,804708,NA,NA,NA,NA,10,1,0,984,51,0
2020-06-17,Mexico,127792286,Baja California Sur,804708,NA,NA,NA,NA,15,5,0,1037,61,0
2020-06-19,Mexico,127792286,Baja California Sur,804708,NA,NA,NA,NA,6,1,0,1110,64,0
2020-06-21,Mexico,127792286,Baja California Sur,804708,NA,NA,NA,NA,34,1,0,1205,65,0
2020-06-23,Mexico,127792286,Baja California Sur,804708,NA,NA,NA,NA,21,2,0,1259,67,0
2020-06-25,Mexico,127792286,Baja California Sur,804708,NA,NA,NA,NA,37,0,0,1308,69,0
2020-06-27,Mexico,127792286,Baja California Sur,804708,NA,NA,NA,NA,5,1,0,1374,70,0
2020-06-29,Mexico,127792286,Baja California Sur,804708,NA,NA,NA,NA,50,0,0,1472,70,0
2020-07-01,Mexico,127792286,Baja California Sur,804708,NA,NA,NA,NA,49,6,0,1563,77,0
2020-07-03,Mexico,127792286,Baja California Sur,804708,NA,NA,NA,NA,49,4,0,1664,83,0
2020-07-05,Mexico,127792286,Baja California Sur,804708,NA,NA,NA,NA,40,1,0,1769,87,0
2020-07-07,Mexico,127792286,Baja California Sur,804708,NA,NA,NA,NA,85,5,0,1881,93,0
2020-07-09,Mexico,127792286,Baja California Sur,804708,NA,NA,NA,NA,172,2,0,2093,95,0
2020-07-11,Mexico,127792286,Baja California Sur,804708,NA,NA,NA,NA,148,2,0,2309,99,0
2020-07-13,Mexico,127792286,Baja California Sur,804708,NA,NA,NA,NA,92,2,0,2492,103,0
2020-07-15,Mexico,127792286,Baja California Sur,804708,NA,NA,NA,NA,45,1,0,2587,108,0
2020-07-17,Mexico,127792286,Baja California Sur,804708,NA,NA,NA,NA,166,6,0,2859,116,0
2020-07-19,Mexico,127792286,Baja California Sur,804708,NA,NA,NA,NA,88,0,0,3092,117,0
2020-07-21,Mexico,127792286,Baja California Sur,804708,NA,NA,NA,NA,14,4,0,3216,121,0
2020-07-23,Mexico,127792286,Baja California Sur,804708,NA,NA,NA,NA,140,1,0,3468,124,0
2020-07-25,Mexico,127792286,Baja California Sur,804708,NA,NA,NA,NA,50,10,0,3623,146,0
2020-07-27,Mexico,127792286,Baja California Sur,804708,NA,NA,NA,NA,140,0,0,3894,147,0
2020-07-29,Mexico,127792286,Baja California Sur,804708,NA,NA,NA,NA,71,3,0,4037,157,0
2020-07-31,Mexico,127792286,Baja California Sur,804708,NA,NA,NA,NA,68,5,0,4291,174,0
2020-08-02,Mexico,127792286,Baja California Sur,804708,NA,NA,NA,NA,64,0,0,4548,181,0
2020-08-04,Mexico,127792286,Baja California Sur,804708,NA,NA,NA,NA,76,11,0,4732,192,0
2020-08-06,Mexico,127792286,Baja California Sur,804708,NA,NA,NA,NA,189,1,0,5042,201,0
2020-08-08,Mexico,127792286,Baja California Sur,804708,NA,NA,NA,NA,164,5,0,5294,213,0
2020-08-10,Mexico,127792286,Baja California Sur,804708,NA,NA,NA,NA,173,1,0,5624,215,0
2020-08-12,Mexico,127792286,Baja California Sur,804708,NA,NA,NA,NA,108,4,0,5784,228,0
2020-08-14,Mexico,127792286,Baja California Sur,804708,NA,NA,NA,NA,94,1,0,6032,242,0
2020-02-25,Mexico,127792286,Campeche,1000617,NA,NA,NA,NA,NA,NA,NA,0,0,0
2020-02-27,Mexico,127792286,Campeche,1000617,NA,NA,NA,NA,0,0,0,0,0,0
2020-02-29,Mexico,127792286,Campeche,1000617,NA,NA,NA,NA,0,0,0,0,0,0
2020-03-02,Mexico,127792286,Campeche,1000617,NA,NA,NA,NA,0,0,0,0,0,0
2020-03-04,Mexico,127792286,Campeche,1000617,NA,NA,NA,NA,0,0,0,0,0,0
2020-03-06,Mexico,127792286,Campeche,1000617,NA,NA,NA,NA,0,0,0,0,0,0
2020-03-08,Mexico,127792286,Campeche,1000617,NA,NA,NA,NA,0,0,0,0,0,0
2020-03-10,Mexico,127792286,Campeche,1000617,NA,NA,NA,NA,0,0,0,0,0,0
2020-03-12,Mexico,127792286,Campeche,1000617,NA,NA,NA,NA,0,0,0,0,0,0
2020-03-14,Mexico,127792286,Campeche,1000617,NA,NA,NA,NA,0,0,0,0,0,0
2020-03-16,Mexico,127792286,Campeche,1000617,NA,NA,NA,NA,0,0,0,0,0,0
2020-03-18,Mexico,127792286,Campeche,1000617,NA,NA,NA,NA,0,0,0,0,0,0
2020-03-20,Mexico,127792286,Campeche,1000617,NA,NA,NA,NA,0,0,0,0,0,0
2020-03-22,Mexico,127792286,Campeche,1000617,NA,NA,NA,NA,1,0,0,1,0,0
2020-03-24,Mexico,127792286,Campeche,1000617,NA,NA,NA,NA,0,0,0,2,0,0
2020-03-26,Mexico,127792286,Campeche,1000617,NA,NA,NA,NA,0,0,0,2,0,0
2020-03-28,Mexico,127792286,Campeche,1000617,NA,NA,NA,NA,1,0,0,3,0,0
2020-03-30,Mexico,127792286,Campeche,1000617,NA,NA,NA,NA,0,0,0,3,0,0
2020-04-01,Mexico,127792286,Campeche,1000617,NA,NA,NA,NA,0,0,0,5,0,0
2020-04-03,Mexico,127792286,Campeche,1000617,NA,NA,NA,NA,1,0,0,6,0,0
2020-04-05,Mexico,127792286,Campeche,1000617,NA,NA,NA,NA,0,0,0,8,0,0
2020-04-07,Mexico,127792286,Campeche,1000617,NA,NA,NA,NA,5,1,0,14,1,0
2020-04-09,Mexico,127792286,Campeche,1000617,NA,NA,NA,NA,0,0,0,14,1,0
2020-04-11,Mexico,127792286,Campeche,1000617,NA,NA,NA,NA,3,0,0,18,1,0
2020-04-13,Mexico,127792286,Campeche,1000617,NA,NA,NA,NA,10,1,0,29,2,0
2020-04-15,Mexico,127792286,Campeche,1000617,NA,NA,NA,NA,10,0,0,43,2,0
2020-04-17,Mexico,127792286,Campeche,1000617,NA,NA,NA,NA,2,0,0,47,3,0
2020-04-19,Mexico,127792286,Campeche,1000617,NA,NA,NA,NA,1,1,0,57,4,0
2020-04-21,Mexico,127792286,Campeche,1000617,NA,NA,NA,NA,4,0,0,67,4,0
2020-04-23,Mexico,127792286,Campeche,1000617,NA,NA,NA,NA,0,1,0,70,6,0
2020-04-25,Mexico,127792286,Campeche,1000617,NA,NA,NA,NA,4,1,0,87,11,0
2020-04-27,Mexico,127792286,Campeche,1000617,NA,NA,NA,NA,9,1,0,103,15,0
2020-04-29,Mexico,127792286,Campeche,1000617,NA,NA,NA,NA,7,1,0,121,19,0
2020-05-01,Mexico,127792286,Campeche,1000617,NA,NA,NA,NA,11,0,0,140,19,0
2020-05-03,Mexico,127792286,Campeche,1000617,NA,NA,NA,NA,11,0,0,161,22,0
2020-05-05,Mexico,127792286,Campeche,1000617,NA,NA,NA,NA,3,1,0,172,24,0
2020-05-07,Mexico,127792286,Campeche,1000617,NA,NA,NA,NA,17,1,0,219,26,0
2020-05-09,Mexico,127792286,Campeche,1000617,NA,NA,NA,NA,20,0,0,250,27,0
2020-05-11,Mexico,127792286,Campeche,1000617,NA,NA,NA,NA,19,2,0,281,31,0
2020-05-13,Mexico,127792286,Campeche,1000617,NA,NA,NA,NA,20,1,0,301,32,0
2020-05-15,Mexico,127792286,Campeche,1000617,NA,NA,NA,NA,35,2,0,366,35,0
2020-05-17,Mexico,127792286,Campeche,1000617,NA,NA,NA,NA,11,2,0,385,38,0
2020-05-19,Mexico,127792286,Campeche,1000617,NA,NA,NA,NA,14,6,0,407,45,0
2020-05-21,Mexico,127792286,Campeche,1000617,NA,NA,NA,NA,26,2,0,443,50,0
2020-05-23,Mexico,127792286,Campeche,1000617,NA,NA,NA,NA,31,4,0,500,54,0
2020-05-25,Mexico,127792286,Campeche,1000617,NA,NA,NA,NA,14,3,0,540,57,0
2020-05-27,Mexico,127792286,Campeche,1000617,NA,NA,NA,NA,34,4,0,583,70,0
2020-05-29,Mexico,127792286,Campeche,1000617,NA,NA,NA,NA,14,5,0,635,81,0
2020-05-31,Mexico,127792286,Campeche,1000617,NA,NA,NA,NA,20,7,0,684,90,0
2020-06-02,Mexico,127792286,Campeche,1000617,NA,NA,NA,NA,3,1,0,712,92,0
2020-06-04,Mexico,127792286,Campeche,1000617,NA,NA,NA,NA,44,9,0,779,103,0
2020-06-06,Mexico,127792286,Campeche,1000617,NA,NA,NA,NA,39,2,0,826,105,0
2020-06-08,Mexico,127792286,Campeche,1000617,NA,NA,NA,NA,35,1,0,891,106,0
2020-06-10,Mexico,127792286,Campeche,1000617,NA,NA,NA,NA,35,5,0,947,116,0
2020-06-12,Mexico,127792286,Campeche,1000617,NA,NA,NA,NA,23,5,0,1031,127,0
2020-06-14,Mexico,127792286,Campeche,1000617,NA,NA,NA,NA,38,2,0,1109,135,0
2020-06-16,Mexico,127792286,Campeche,1000617,NA,NA,NA,NA,25,3,0,1169,140,0
2020-06-18,Mexico,127792286,Campeche,1000617,NA,NA,NA,NA,59,8,0,1268,150,0
2020-06-20,Mexico,127792286,Campeche,1000617,NA,NA,NA,NA,47,2,0,1368,157,0
2020-06-22,Mexico,127792286,Campeche,1000617,NA,NA,NA,NA,60,5,0,1500,162,0
2020-06-24,Mexico,127792286,Campeche,1000617,NA,NA,NA,NA,67,3,0,1618,169,0
2020-06-26,Mexico,127792286,Campeche,1000617,NA,NA,NA,NA,70,6,0,1764,181,0
2020-06-28,Mexico,127792286,Campeche,1000617,NA,NA,NA,NA,94,5,0,1932,193,0
2020-06-30,Mexico,127792286,Campeche,1000617,NA,NA,NA,NA,55,9,0,2039,205,0
2020-07-02,Mexico,127792286,Campeche,1000617,NA,NA,NA,NA,91,7,0,2213,223,0
2020-07-04,Mexico,127792286,Campeche,1000617,NA,NA,NA,NA,90,5,0,2382,239,0
2020-07-06,Mexico,127792286,Campeche,1000617,NA,NA,NA,NA,73,4,0,2573,254,0
2020-07-08,Mexico,127792286,Campeche,1000617,NA,NA,NA,NA,83,7,0,2727,270,0
2020-07-10,Mexico,127792286,Campeche,1000617,NA,NA,NA,NA,69,5,0,2886,276,0
2020-07-12,Mexico,127792286,Campeche,1000617,NA,NA,NA,NA,85,7,0,3057,289,0
2020-07-14,Mexico,127792286,Campeche,1000617,NA,NA,NA,NA,136,14,0,3224,310,0
2020-07-16,Mexico,127792286,Campeche,1000617,NA,NA,NA,NA,78,9,0,3383,329,0
2020-07-18,Mexico,127792286,Campeche,1000617,NA,NA,NA,NA,134,13,0,3581,352,0
2020-07-20,Mexico,127792286,Campeche,1000617,NA,NA,NA,NA,72,13,0,3748,370,0
2020-07-22,Mexico,127792286,Campeche,1000617,NA,NA,NA,NA,110,10,0,3897,396,0
2020-07-24,Mexico,127792286,Campeche,1000617,NA,NA,NA,NA,196,13,0,4158,419,0
2020-07-26,Mexico,127792286,Campeche,1000617,NA,NA,NA,NA,87,7,0,4365,436,0
2020-07-28,Mexico,127792286,Campeche,1000617,NA,NA,NA,NA,7,15,0,4383,457,0
2020-07-30,Mexico,127792286,Campeche,1000617,NA,NA,NA,NA,71,6,0,4566,469,0
2020-08-01,Mexico,127792286,Campeche,1000617,NA,NA,NA,NA,106,30,0,4704,512,0
2020-08-03,Mexico,127792286,Campeche,1000617,NA,NA,NA,NA,37,0,0,4793,523,0
2020-08-05,Mexico,127792286,Campeche,1000617,NA,NA,NA,NA,55,7,0,4876,541,0
2020-08-07,Mexico,127792286,Campeche,1000617,NA,NA,NA,NA,53,14,0,5013,583,0
2020-08-09,Mexico,127792286,Campeche,1000617,NA,NA,NA,NA,51,3,0,5112,603,0
2020-08-11,Mexico,127792286,Campeche,1000617,NA,NA,NA,NA,12,21,0,5138,637,0
2020-08-13,Mexico,127792286,Campeche,1000617,NA,NA,NA,NA,21,9,0,5218,655,0
2020-08-15,Mexico,127792286,Campeche,1000617,NA,NA,NA,NA,55,16,0,5310,679,0
2020-02-26,Mexico,127792286,Chiapas,5730367,NA,NA,NA,NA,NA,NA,NA,0,0,0
2020-02-28,Mexico,127792286,Chiapas,5730367,NA,NA,NA,NA,0,0,0,0,0,0
2020-03-01,Mexico,127792286,Chiapas,5730367,NA,NA,NA,NA,1,0,0,1,0,0
2020-03-03,Mexico,127792286,Chiapas,5730367,NA,NA,NA,NA,0,0,0,1,0,0
2020-03-05,Mexico,127792286,Chiapas,5730367,NA,NA,NA,NA,0,0,0,1,0,0
2020-03-07,Mexico,127792286,Chiapas,5730367,NA,NA,NA,NA,0,0,0,1,0,0
2020-03-09,Mexico,127792286,Chiapas,5730367,NA,NA,NA,NA,0,0,0,1,0,0
2020-03-11,Mexico,127792286,Chiapas,5730367,NA,NA,NA,NA,0,0,0,1,0,0
2020-03-13,Mexico,127792286,Chiapas,5730367,NA,NA,NA,NA,0,0,0,1,0,0
2020-03-15,Mexico,127792286,Chiapas,5730367,NA,NA,NA,NA,0,0,0,1,0,0
2020-03-17,Mexico,127792286,Chiapas,5730367,NA,NA,NA,NA,0,0,0,1,0,0
2020-03-19,Mexico,127792286,Chiapas,5730367,NA,NA,NA,NA,1,0,0,2,0,0
2020-03-21,Mexico,127792286,Chiapas,5730367,NA,NA,NA,NA,0,0,0,2,0,0
2020-03-23,Mexico,127792286,Chiapas,5730367,NA,NA,NA,NA,0,0,0,2,0,0
2020-03-25,Mexico,127792286,Chiapas,5730367,NA,NA,NA,NA,2,0,0,4,0,0
2020-03-27,Mexico,127792286,Chiapas,5730367,NA,NA,NA,NA,3,0,0,7,0,0
2020-03-29,Mexico,127792286,Chiapas,5730367,NA,NA,NA,NA,4,0,0,10,0,0
2020-03-31,Mexico,127792286,Chiapas,5730367,NA,NA,NA,NA,2,0,0,13,0,0
2020-04-02,Mexico,127792286,Chiapas,5730367,NA,NA,NA,NA,1,0,0,15,0,0
2020-04-04,Mexico,127792286,Chiapas,5730367,NA,NA,NA,NA,1,0,0,19,0,0
2020-04-06,Mexico,127792286,Chiapas,5730367,NA,NA,NA,NA,1,0,0,26,0,0
2020-04-08,Mexico,127792286,Chiapas,5730367,NA,NA,NA,NA,4,0,0,32,0,0
2020-04-10,Mexico,127792286,Chiapas,5730367,NA,NA,NA,NA,4,1,0,38,1,0
2020-04-12,Mexico,127792286,Chiapas,5730367,NA,NA,NA,NA,4,2,0,43,3,0
2020-04-14,Mexico,127792286,Chiapas,5730367,NA,NA,NA,NA,2,0,0,45,3,0
2020-04-16,Mexico,127792286,Chiapas,5730367,NA,NA,NA,NA,6,0,0,54,3,0
2020-04-18,Mexico,127792286,Chiapas,5730367,NA,NA,NA,NA,4,0,0,62,3,0
2020-04-20,Mexico,127792286,Chiapas,5730367,NA,NA,NA,NA,1,0,0,68,3,0
2020-04-22,Mexico,127792286,Chiapas,5730367,NA,NA,NA,NA,8,0,0,83,4,0
2020-04-24,Mexico,127792286,Chiapas,5730367,NA,NA,NA,NA,5,1,0,100,6,0
2020-04-26,Mexico,127792286,Chiapas,5730367,NA,NA,NA,NA,4,0,0,118,6,0
2020-04-28,Mexico,127792286,Chiapas,5730367,NA,NA,NA,NA,9,0,0,137,6,0
2020-04-30,Mexico,127792286,Chiapas,5730367,NA,NA,NA,NA,12,0,0,173,7,0
2020-05-02,Mexico,127792286,Chiapas,5730367,NA,NA,NA,NA,23,2,0,210,9,0
2020-05-04,Mexico,127792286,Chiapas,5730367,NA,NA,NA,NA,5,2,0,227,11,0
2020-05-06,Mexico,127792286,Chiapas,5730367,NA,NA,NA,NA,22,0,0,259,12,0
2020-05-08,Mexico,127792286,Chiapas,5730367,NA,NA,NA,NA,36,5,0,320,17,0
2020-05-10,Mexico,127792286,Chiapas,5730367,NA,NA,NA,NA,27,0,0,382,19,0
2020-05-12,Mexico,127792286,Chiapas,5730367,NA,NA,NA,NA,13,5,0,419,25,0
2020-05-14,Mexico,127792286,Chiapas,5730367,NA,NA,NA,NA,52,4,0,488,35,0
2020-05-16,Mexico,127792286,Chiapas,5730367,NA,NA,NA,NA,69,5,0,589,44,0
2020-05-18,Mexico,127792286,Chiapas,5730367,NA,NA,NA,NA,32,0,0,669,44,0
2020-05-20,Mexico,127792286,Chiapas,5730367,NA,NA,NA,NA,70,8,0,784,53,0
2020-05-22,Mexico,127792286,Chiapas,5730367,NA,NA,NA,NA,77,3,0,942,67,0
2020-05-24,Mexico,127792286,Chiapas,5730367,NA,NA,NA,NA,112,1,0,1133,69,0
2020-05-26,Mexico,127792286,Chiapas,5730367,NA,NA,NA,NA,62,12,0,1254,84,0
2020-05-28,Mexico,127792286,Chiapas,5730367,NA,NA,NA,NA,65,13,0,1427,114,0
2020-05-30,Mexico,127792286,Chiapas,5730367,NA,NA,NA,NA,143,6,0,1666,131,0
2020-06-01,Mexico,127792286,Chiapas,5730367,NA,NA,NA,NA,58,1,0,1879,136,0
2020-06-03,Mexico,127792286,Chiapas,5730367,NA,NA,NA,NA,25,16,0,1982,162,0
2020-06-05,Mexico,127792286,Chiapas,5730367,NA,NA,NA,NA,123,6,0,2219,176,0
2020-06-07,Mexico,127792286,Chiapas,5730367,NA,NA,NA,NA,123,6,0,2545,198,0
2020-06-09,Mexico,127792286,Chiapas,5730367,NA,NA,NA,NA,166,13,0,2710,221,0
2020-06-11,Mexico,127792286,Chiapas,5730367,NA,NA,NA,NA,92,11,0,2890,254,0
2020-06-13,Mexico,127792286,Chiapas,5730367,NA,NA,NA,NA,40,25,0,3071,289,0
2020-06-15,Mexico,127792286,Chiapas,5730367,NA,NA,NA,NA,62,9,0,3227,300,0
2020-06-17,Mexico,127792286,Chiapas,5730367,NA,NA,NA,NA,42,14,0,3358,321,0
2020-06-19,Mexico,127792286,Chiapas,5730367,NA,NA,NA,NA,65,28,0,3519,357,0
2020-06-21,Mexico,127792286,Chiapas,5730367,NA,NA,NA,NA,106,10,0,3676,374,0
2020-06-23,Mexico,127792286,Chiapas,5730367,NA,NA,NA,NA,72,12,0,3818,401,0
2020-06-25,Mexico,127792286,Chiapas,5730367,NA,NA,NA,NA,110,15,0,4034,435,0
2020-06-27,Mexico,127792286,Chiapas,5730367,NA,NA,NA,NA,44,26,0,4154,490,0
2020-06-29,Mexico,127792286,Chiapas,5730367,NA,NA,NA,NA,44,16,0,4260,519,0
2020-07-01,Mexico,127792286,Chiapas,5730367,NA,NA,NA,NA,122,14,0,4487,557,0
2020-07-03,Mexico,127792286,Chiapas,5730367,NA,NA,NA,NA,26,15,0,4545,599,0
2020-07-05,Mexico,127792286,Chiapas,5730367,NA,NA,NA,NA,82,17,0,4737,628,0
2020-07-07,Mexico,127792286,Chiapas,5730367,NA,NA,NA,NA,59,23,0,4870,659,0
2020-07-09,Mexico,127792286,Chiapas,5730367,NA,NA,NA,NA,27,12,0,4922,697,0
2020-07-11,Mexico,127792286,Chiapas,5730367,NA,NA,NA,NA,31,25,0,4985,729,0
2020-07-13,Mexico,127792286,Chiapas,5730367,NA,NA,NA,NA,25,20,0,5044,762,0
2020-07-15,Mexico,127792286,Chiapas,5730367,NA,NA,NA,NA,37,6,0,5108,786,0
2020-07-17,Mexico,127792286,Chiapas,5730367,NA,NA,NA,NA,40,14,0,5170,806,0
2020-07-19,Mexico,127792286,Chiapas,5730367,NA,NA,NA,NA,29,4,0,5219,817,0
2020-07-21,Mexico,127792286,Chiapas,5730367,NA,NA,NA,NA,23,10,0,5275,834,0
2020-07-23,Mexico,127792286,Chiapas,5730367,NA,NA,NA,NA,26,9,0,5330,851,0
2020-07-25,Mexico,127792286,Chiapas,5730367,NA,NA,NA,NA,22,8,0,5390,867,0
2020-07-27,Mexico,127792286,Chiapas,5730367,NA,NA,NA,NA,26,5,0,5446,872,0
2020-07-29,Mexico,127792286,Chiapas,5730367,NA,NA,NA,NA,15,3,0,5481,890,0
2020-07-31,Mexico,127792286,Chiapas,5730367,NA,NA,NA,NA,24,5,0,5513,898,0
2020-08-02,Mexico,127792286,Chiapas,5730367,NA,NA,NA,NA,22,7,0,5560,919,0
2020-08-04,Mexico,127792286,Chiapas,5730367,NA,NA,NA,NA,25,6,0,5605,928,0
2020-08-06,Mexico,127792286,Chiapas,5730367,NA,NA,NA,NA,18,5,0,5640,938,0
2020-08-08,Mexico,127792286,Chiapas,5730367,NA,NA,NA,NA,24,3,0,5702,945,0
2020-08-10,Mexico,127792286,Chiapas,5730367,NA,NA,NA,NA,9,7,0,5722,953,0
2020-08-12,Mexico,127792286,Chiapas,5730367,NA,NA,NA,NA,21,3,0,5738,962,0
2020-08-14,Mexico,127792286,Chiapas,5730367,NA,NA,NA,NA,12,6,0,5771,972,0
2020-02-25,Mexico,127792286,Chihuahua,3801487,NA,NA,NA,NA,NA,NA,NA,0,0,0
2020-02-27,Mexico,127792286,Chihuahua,3801487,NA,NA,NA,NA,0,0,0,0,0,0
2020-02-29,Mexico,127792286,Chihuahua,3801487,NA,NA,NA,NA,0,0,0,0,0,0
2020-03-02,Mexico,127792286,Chihuahua,3801487,NA,NA,NA,NA,0,0,0,0,0,0
2020-03-04,Mexico,127792286,Chihuahua,3801487,NA,NA,NA,NA,0,0,0,0,0,0
2020-03-06,Mexico,127792286,Chihuahua,3801487,NA,NA,NA,NA,0,0,0,0,0,0
2020-03-08,Mexico,127792286,Chihuahua,3801487,NA,NA,NA,NA,0,0,0,0,0,0
2020-03-10,Mexico,127792286,Chihuahua,3801487,NA,NA,NA,NA,0,0,0,0,0,0
2020-03-12,Mexico,127792286,Chihuahua,3801487,NA,NA,NA,NA,0,0,0,0,0,0
2020-03-14,Mexico,127792286,Chihuahua,3801487,NA,NA,NA,NA,0,0,0,0,0,0
2020-03-16,Mexico,127792286,Chihuahua,3801487,NA,NA,NA,NA,0,0,0,0,0,0
2020-03-18,Mexico,127792286,Chihuahua,3801487,NA,NA,NA,NA,0,0,0,1,0,0
2020-03-20,Mexico,127792286,Chihuahua,3801487,NA,NA,NA,NA,1,0,0,2,0,0
2020-03-22,Mexico,127792286,Chihuahua,3801487,NA,NA,NA,NA,3,0,0,5,0,0
2020-03-24,Mexico,127792286,Chihuahua,3801487,NA,NA,NA,NA,1,0,0,6,0,0
2020-03-26,Mexico,127792286,Chihuahua,3801487,NA,NA,NA,NA,0,0,0,6,0,0
2020-03-28,Mexico,127792286,Chihuahua,3801487,NA,NA,NA,NA,0,0,0,6,0,0
2020-03-30,Mexico,127792286,Chihuahua,3801487,NA,NA,NA,NA,0,0,0,6,0,0
2020-04-01,Mexico,127792286,Chihuahua,3801487,NA,NA,NA,NA,4,0,0,11,0,0
2020-04-03,Mexico,127792286,Chihuahua,3801487,NA,NA,NA,NA,1,0,0,12,0,0
2020-04-05,Mexico,127792286,Chihuahua,3801487,NA,NA,NA,NA,2,0,0,15,0,0
2020-04-07,Mexico,127792286,Chihuahua,3801487,NA,NA,NA,NA,0,0,0,22,0,0
2020-04-09,Mexico,127792286,Chihuahua,3801487,NA,NA,NA,NA,13,1,0,42,1,0
2020-04-11,Mexico,127792286,Chihuahua,3801487,NA,NA,NA,NA,0,0,0,54,12,0
2020-04-13,Mexico,127792286,Chihuahua,3801487,NA,NA,NA,NA,6,1,0,67,13,0
2020-04-15,Mexico,127792286,Chihuahua,3801487,NA,NA,NA,NA,14,4,0,83,20,0
2020-04-17,Mexico,127792286,Chihuahua,3801487,NA,NA,NA,NA,7,3,0,115,26,0
2020-04-19,Mexico,127792286,Chihuahua,3801487,NA,NA,NA,NA,17,1,0,148,32,0
2020-04-21,Mexico,127792286,Chihuahua,3801487,NA,NA,NA,NA,3,4,0,155,36,0
2020-04-23,Mexico,127792286,Chihuahua,3801487,NA,NA,NA,NA,18,3,0,194,42,0
2020-04-25,Mexico,127792286,Chihuahua,3801487,NA,NA,NA,NA,28,11,0,241,57,0
2020-04-27,Mexico,127792286,Chihuahua,3801487,NA,NA,NA,NA,13,1,0,272,59,0
2020-04-29,Mexico,127792286,Chihuahua,3801487,NA,NA,NA,NA,11,2,0,326,70,0
2020-05-01,Mexico,127792286,Chihuahua,3801487,NA,NA,NA,NA,49,7,0,401,83,0
2020-05-03,Mexico,127792286,Chihuahua,3801487,NA,NA,NA,NA,60,3,0,513,92,0
2020-05-05,Mexico,127792286,Chihuahua,3801487,NA,NA,NA,NA,48,18,0,581,111,0
2020-05-07,Mexico,127792286,Chihuahua,3801487,NA,NA,NA,NA,17,0,0,617,117,0
2020-05-09,Mexico,127792286,Chihuahua,3801487,NA,NA,NA,NA,25,9,0,657,135,0
2020-05-11,Mexico,127792286,Chihuahua,3801487,NA,NA,NA,NA,19,6,0,692,141,0
2020-05-13,Mexico,127792286,Chihuahua,3801487,NA,NA,NA,NA,37,5,0,767,151,0
2020-05-15,Mexico,127792286,Chihuahua,3801487,NA,NA,NA,NA,75,22,0,873,183,0
2020-05-17,Mexico,127792286,Chihuahua,3801487,NA,NA,NA,NA,19,0,0,917,192,0
2020-05-19,Mexico,127792286,Chihuahua,3801487,NA,NA,NA,NA,41,9,0,959,202,0
2020-05-21,Mexico,127792286,Chihuahua,3801487,NA,NA,NA,NA,82,16,0,1095,224,0
2020-05-23,Mexico,127792286,Chihuahua,3801487,NA,NA,NA,NA,49,1,0,1172,246,0
2020-05-25,Mexico,127792286,Chihuahua,3801487,NA,NA,NA,NA,6,6,0,1194,255,0
2020-05-27,Mexico,127792286,Chihuahua,3801487,NA,NA,NA,NA,78,14,0,1358,286,0
2020-05-29,Mexico,127792286,Chihuahua,3801487,NA,NA,NA,NA,103,12,0,1505,305,0
2020-05-31,Mexico,127792286,Chihuahua,3801487,NA,NA,NA,NA,48,4,0,1616,318,0
2020-06-02,Mexico,127792286,Chihuahua,3801487,NA,NA,NA,NA,70,12,0,1697,340,0
2020-06-04,Mexico,127792286,Chihuahua,3801487,NA,NA,NA,NA,39,14,0,1769,372,0
2020-06-06,Mexico,127792286,Chihuahua,3801487,NA,NA,NA,NA,22,7,0,1826,383,0
2020-06-08,Mexico,127792286,Chihuahua,3801487,NA,NA,NA,NA,9,1,0,1916,386,0
2020-06-10,Mexico,127792286,Chihuahua,3801487,NA,NA,NA,NA,109,13,0,2071,416,0
2020-06-12,Mexico,127792286,Chihuahua,3801487,NA,NA,NA,NA,47,19,0,2148,449,0
2020-06-14,Mexico,127792286,Chihuahua,3801487,NA,NA,NA,NA,49,3,0,2270,458,0
2020-06-16,Mexico,127792286,Chihuahua,3801487,NA,NA,NA,NA,64,26,0,2343,492,0
2020-06-18,Mexico,127792286,Chihuahua,3801487,NA,NA,NA,NA,42,23,0,2443,526,0
2020-06-20,Mexico,127792286,Chihuahua,3801487,NA,NA,NA,NA,59,16,0,2538,553,0
2020-06-22,Mexico,127792286,Chihuahua,3801487,NA,NA,NA,NA,16,6,0,2635,563,0
2020-06-24,Mexico,127792286,Chihuahua,3801487,NA,NA,NA,NA,65,14,0,2727,591,0
2020-06-26,Mexico,127792286,Chihuahua,3801487,NA,NA,NA,NA,72,6,0,2911,616,0
2020-06-28,Mexico,127792286,Chihuahua,3801487,NA,NA,NA,NA,10,1,0,2957,627,0
2020-06-30,Mexico,127792286,Chihuahua,3801487,NA,NA,NA,NA,55,5,0,3064,640,0
2020-07-02,Mexico,127792286,Chihuahua,3801487,NA,NA,NA,NA,99,5,0,3214,653,0
2020-07-04,Mexico,127792286,Chihuahua,3801487,NA,NA,NA,NA,82,12,0,3350,671,0
2020-07-06,Mexico,127792286,Chihuahua,3801487,NA,NA,NA,NA,40,2,0,3427,674,0
2020-07-08,Mexico,127792286,Chihuahua,3801487,NA,NA,NA,NA,68,9,0,3553,697,0
2020-07-10,Mexico,127792286,Chihuahua,3801487,NA,NA,NA,NA,79,6,0,3732,711,0
2020-07-12,Mexico,127792286,Chihuahua,3801487,NA,NA,NA,NA,16,0,0,3800,725,0
2020-07-14,Mexico,127792286,Chihuahua,3801487,NA,NA,NA,NA,139,21,0,3974,749,0
2020-07-16,Mexico,127792286,Chihuahua,3801487,NA,NA,NA,NA,90,7,0,4179,781,0
2020-07-18,Mexico,127792286,Chihuahua,3801487,NA,NA,NA,NA,63,14,0,4328,799,0
2020-07-20,Mexico,127792286,Chihuahua,3801487,NA,NA,NA,NA,28,2,0,4383,805,0
2020-07-22,Mexico,127792286,Chihuahua,3801487,NA,NA,NA,NA,62,8,0,4535,816,0
2020-07-24,Mexico,127792286,Chihuahua,3801487,NA,NA,NA,NA,82,17,0,4713,839,0
2020-07-26,Mexico,127792286,Chihuahua,3801487,NA,NA,NA,NA,27,0,0,4850,850,0
2020-07-28,Mexico,127792286,Chihuahua,3801487,NA,NA,NA,NA,160,13,0,5010,865,0
2020-07-30,Mexico,127792286,Chihuahua,3801487,NA,NA,NA,NA,75,8,0,5127,880,0
2020-08-01,Mexico,127792286,Chihuahua,3801487,NA,NA,NA,NA,81,9,0,5307,897,0
2020-08-03,Mexico,127792286,Chihuahua,3801487,NA,NA,NA,NA,13,2,0,5346,899,0
2020-08-05,Mexico,127792286,Chihuahua,3801487,NA,NA,NA,NA,118,18,0,5574,931,0
2020-08-07,Mexico,127792286,Chihuahua,3801487,NA,NA,NA,NA,87,11,0,5699,952,0
2020-08-09,Mexico,127792286,Chihuahua,3801487,NA,NA,NA,NA,120,1,0,5996,964,0
2020-08-11,Mexico,127792286,Chihuahua,3801487,NA,NA,NA,NA,47,18,0,6134,986,0
2020-08-13,Mexico,127792286,Chihuahua,3801487,NA,NA,NA,NA,65,8,0,6329,1002,0
2020-08-15,Mexico,127792286,Chihuahua,3801487,NA,NA,NA,NA,120,11,0,6516,1021,0
2020-02-26,Mexico,127792286,Ciudad de Mexico,9018645,NA,NA,NA,NA,NA,NA,NA,0,0,0
2020-02-28,Mexico,127792286,Ciudad de Mexico,9018645,NA,NA,NA,NA,2,0,0,2,0,0
2020-03-01,Mexico,127792286,Ciudad de Mexico,9018645,NA,NA,NA,NA,0,0,0,2,0,0
2020-03-03,Mexico,127792286,Ciudad de Mexico,9018645,NA,NA,NA,NA,0,0,0,2,0,0
2020-03-05,Mexico,127792286,Ciudad de Mexico,9018645,NA,NA,NA,NA,0,0,0,2,0,0
2020-03-07,Mexico,127792286,Ciudad de Mexico,9018645,NA,NA,NA,NA,1,0,0,3,0,0
2020-03-09,Mexico,127792286,Ciudad de Mexico,9018645,NA,NA,NA,NA,0,0,0,3,0,0
2020-03-11,Mexico,127792286,Ciudad de Mexico,9018645,NA,NA,NA,NA,2,0,0,5,0,0
2020-03-13,Mexico,127792286,Ciudad de Mexico,9018645,NA,NA,NA,NA,6,0,0,11,0,0
2020-03-15,Mexico,127792286,Ciudad de Mexico,9018645,NA,NA,NA,NA,1,0,0,18,0,0
2020-03-17,Mexico,127792286,Ciudad de Mexico,9018645,NA,NA,NA,NA,0,0,0,21,0,0
2020-03-19,Mexico,127792286,Ciudad de Mexico,9018645,NA,NA,NA,NA,7,1,0,31,1,0
2020-03-21,Mexico,127792286,Ciudad de Mexico,9018645,NA,NA,NA,NA,14,0,0,45,1,0
2020-03-23,Mexico,127792286,Ciudad de Mexico,9018645,NA,NA,NA,NA,4,1,0,60,2,0
2020-03-25,Mexico,127792286,Ciudad de Mexico,9018645,NA,NA,NA,NA,16,0,0,82,3,0
2020-03-27,Mexico,127792286,Ciudad de Mexico,9018645,NA,NA,NA,NA,24,2,0,107,5,0
2020-03-29,Mexico,127792286,Ciudad de Mexico,9018645,NA,NA,NA,NA,19,0,0,196,7,0
2020-03-31,Mexico,127792286,Ciudad de Mexico,9018645,NA,NA,NA,NA,29,0,0,234,8,0
2020-04-02,Mexico,127792286,Ciudad de Mexico,9018645,NA,NA,NA,NA,31,5,0,327,13,0
2020-04-04,Mexico,127792286,Ciudad de Mexico,9018645,NA,NA,NA,NA,85,2,0,469,17,0
2020-04-06,Mexico,127792286,Ciudad de Mexico,9018645,NA,NA,NA,NA,49,10,0,609,29,0
2020-04-08,Mexico,127792286,Ciudad de Mexico,9018645,NA,NA,NA,NA,132,7,0,855,39,0
2020-04-10,Mexico,127792286,Ciudad de Mexico,9018645,NA,NA,NA,NA,131,3,0,1040,46,0
2020-04-12,Mexico,127792286,Ciudad de Mexico,9018645,NA,NA,NA,NA,211,7,0,1328,56,0
2020-04-14,Mexico,127792286,Ciudad de Mexico,9018645,NA,NA,NA,NA,119,28,0,1556,92,0
2020-04-16,Mexico,127792286,Ciudad de Mexico,9018645,NA,NA,NA,NA,142,11,0,1828,110,0
2020-04-18,Mexico,127792286,Ciudad de Mexico,9018645,NA,NA,NA,NA,219,42,0,2299,178,0
2020-04-20,Mexico,127792286,Ciudad de Mexico,9018645,NA,NA,NA,NA,119,5,0,2710,188,0
2020-04-22,Mexico,127792286,Ciudad de Mexico,9018645,NA,NA,NA,NA,430,27,0,3287,251,0
2020-04-24,Mexico,127792286,Ciudad de Mexico,9018645,NA,NA,NA,NA,433,29,0,4118,297,0
2020-04-26,Mexico,127792286,Ciudad de Mexico,9018645,NA,NA,NA,NA,229,2,0,4660,309,0
2020-04-28,Mexico,127792286,Ciudad de Mexico,9018645,NA,NA,NA,NA,374,20,0,5261,348,0
2020-04-30,Mexico,127792286,Ciudad de Mexico,9018645,NA,NA,NA,NA,487,20,0,6113,409,0
2020-05-02,Mexico,127792286,Ciudad de Mexico,9018645,NA,NA,NA,NA,544,33,0,7035,451,0
2020-05-04,Mexico,127792286,Ciudad de Mexico,9018645,NA,NA,NA,NA,430,27,0,7916,499,0
2020-05-06,Mexico,127792286,Ciudad de Mexico,9018645,NA,NA,NA,NA,656,61,0,8814,604,0
2020-05-08,Mexico,127792286,Ciudad de Mexico,9018645,NA,NA,NA,NA,743,33,0,10276,729,0
2020-05-10,Mexico,127792286,Ciudad de Mexico,9018645,NA,NA,NA,NA,688,22,0,11599,796,0
2020-05-12,Mexico,127792286,Ciudad de Mexico,9018645,NA,NA,NA,NA,667,118,0,12572,937,0
2020-05-14,Mexico,127792286,Ciudad de Mexico,9018645,NA,NA,NA,NA,843,66,0,13938,1123,0
2020-05-16,Mexico,127792286,Ciudad de Mexico,9018645,NA,NA,NA,NA,731,89,0,15609,1286,0
2020-05-18,Mexico,127792286,Ciudad de Mexico,9018645,NA,NA,NA,NA,1087,49,0,17385,1381,0
2020-05-20,Mexico,127792286,Ciudad de Mexico,9018645,NA,NA,NA,NA,714,166,0,18993,1618,0
2020-05-22,Mexico,127792286,Ciudad de Mexico,9018645,NA,NA,NA,NA,1106,100,0,21182,1854,0
2020-05-24,Mexico,127792286,Ciudad de Mexico,9018645,NA,NA,NA,NA,943,64,0,23618,1963,0
2020-05-26,Mexico,127792286,Ciudad de Mexico,9018645,NA,NA,NA,NA,885,142,0,25171,2166,0
2020-05-28,Mexico,127792286,Ciudad de Mexico,9018645,NA,NA,NA,NA,1182,114,0,27319,2427,0
2020-05-30,Mexico,127792286,Ciudad de Mexico,9018645,NA,NA,NA,NA,808,85,0,29205,2621,0
2020-06-01,Mexico,127792286,Ciudad de Mexico,9018645,NA,NA,NA,NA,884,55,0,30987,2713,0
2020-06-03,Mexico,127792286,Ciudad de Mexico,9018645,NA,NA,NA,NA,1056,364,0,32906,3214,0
2020-06-05,Mexico,127792286,Ciudad de Mexico,9018645,NA,NA,NA,NA,1442,175,0,35685,3631,0
2020-06-07,Mexico,127792286,Ciudad de Mexico,9018645,NA,NA,NA,NA,744,33,0,37278,3729,0
2020-06-09,Mexico,127792286,Ciudad de Mexico,9018645,NA,NA,NA,NA,933,137,0,38993,3941,0
2020-06-11,Mexico,127792286,Ciudad de Mexico,9018645,NA,NA,NA,NA,1144,160,0,41261,4266,0
2020-06-13,Mexico,127792286,Ciudad de Mexico,9018645,NA,NA,NA,NA,813,102,0,43559,4503,0
2020-06-15,Mexico,127792286,Ciudad de Mexico,9018645,NA,NA,NA,NA,756,111,0,45439,4664,0
2020-06-17,Mexico,127792286,Ciudad de Mexico,9018645,NA,NA,NA,NA,920,221,0,47098,5042,0
2020-06-19,Mexico,127792286,Ciudad de Mexico,9018645,NA,NA,NA,NA,1237,130,0,49851,5314,0
2020-06-21,Mexico,127792286,Ciudad de Mexico,9018645,NA,NA,NA,NA,815,73,0,51696,5451,0
2020-06-23,Mexico,127792286,Ciudad de Mexico,9018645,NA,NA,NA,NA,800,141,0,52975,5656,0
2020-06-25,Mexico,127792286,Ciudad de Mexico,9018645,NA,NA,NA,NA,1097,178,0,54854,6116,0
2020-06-27,Mexico,127792286,Ciudad de Mexico,9018645,NA,NA,NA,NA,843,79,0,56752,6324,0
2020-06-29,Mexico,127792286,Ciudad de Mexico,9018645,NA,NA,NA,NA,470,96,0,57750,6456,0
2020-07-01,Mexico,127792286,Ciudad de Mexico,9018645,NA,NA,NA,NA,629,82,0,59023,6642,0
2020-07-03,Mexico,127792286,Ciudad de Mexico,9018645,NA,NA,NA,NA,1381,98,0,61606,6848,0
2020-07-05,Mexico,127792286,Ciudad de Mexico,9018645,NA,NA,NA,NA,644,42,0,63530,6963,0
2020-07-07,Mexico,127792286,Ciudad de Mexico,9018645,NA,NA,NA,NA,868,138,0,64960,7191,0
2020-07-09,Mexico,127792286,Ciudad de Mexico,9018645,NA,NA,NA,NA,1071,147,0,67410,7450,0
2020-07-11,Mexico,127792286,Ciudad de Mexico,9018645,NA,NA,NA,NA,943,46,0,69891,7625,0
2020-07-13,Mexico,127792286,Ciudad de Mexico,9018645,NA,NA,NA,NA,490,65,0,70834,7722,0
2020-07-15,Mexico,127792286,Ciudad de Mexico,9018645,NA,NA,NA,NA,1001,93,0,72776,7910,0
2020-07-17,Mexico,127792286,Ciudad de Mexico,9018645,NA,NA,NA,NA,1169,93,0,74921,8101,0
2020-07-19,Mexico,127792286,Ciudad de Mexico,9018645,NA,NA,NA,NA,843,45,0,76671,8205,0
2020-07-21,Mexico,127792286,Ciudad de Mexico,9018645,NA,NA,NA,NA,1187,101,0,78690,8354,0
2020-07-23,Mexico,127792286,Ciudad de Mexico,9018645,NA,NA,NA,NA,1557,89,0,81182,8529,0
2020-07-25,Mexico,127792286,Ciudad de Mexico,9018645,NA,NA,NA,NA,743,46,0,83324,8647,0
2020-07-27,Mexico,127792286,Ciudad de Mexico,9018645,NA,NA,NA,NA,466,38,0,84556,8731,0
2020-07-29,Mexico,127792286,Ciudad de Mexico,9018645,NA,NA,NA,NA,767,39,0,86789,8828,0
2020-07-31,Mexico,127792286,Ciudad de Mexico,9018645,NA,NA,NA,NA,1317,50,0,89321,8920,0
2020-08-02,Mexico,127792286,Ciudad de Mexico,9018645,NA,NA,NA,NA,631,24,0,90965,8993,0
2020-08-04,Mexico,127792286,Ciudad de Mexico,9018645,NA,NA,NA,NA,923,82,0,92458,9114,0
2020-08-06,Mexico,127792286,Ciudad de Mexico,9018645,NA,NA,NA,NA,996,65,0,94365,9246,0
2020-08-08,Mexico,127792286,Ciudad de Mexico,9018645,NA,NA,NA,NA,1166,56,0,96778,9365,0
2020-08-10,Mexico,127792286,Ciudad de Mexico,9018645,NA,NA,NA,NA,608,65,0,97916,9472,0
2020-08-12,Mexico,127792286,Ciudad de Mexico,9018645,NA,NA,NA,NA,998,59,0,99756,9598,0
2020-08-14,Mexico,127792286,Ciudad de Mexico,9018645,NA,NA,NA,NA,1058,58,0,102198,9726,0
2020-02-25,Mexico,127792286,Coahuila,3218720,NA,NA,NA,NA,NA,NA,NA,0,0,0
2020-02-27,Mexico,127792286,Coahuila,3218720,NA,NA,NA,NA,0,0,0,0,0,0
2020-02-29,Mexico,127792286,Coahuila,3218720,NA,NA,NA,NA,1,0,0,1,0,0
2020-03-02,Mexico,127792286,Coahuila,3218720,NA,NA,NA,NA,0,0,0,1,0,0
2020-03-04,Mexico,127792286,Coahuila,3218720,NA,NA,NA,NA,0,0,0,1,0,0
2020-03-06,Mexico,127792286,Coahuila,3218720,NA,NA,NA,NA,0,0,0,1,0,0
2020-03-08,Mexico,127792286,Coahuila,3218720,NA,NA,NA,NA,0,0,0,1,0,0
2020-03-10,Mexico,127792286,Coahuila,3218720,NA,NA,NA,NA,0,0,0,1,0,0
2020-03-12,Mexico,127792286,Coahuila,3218720,NA,NA,NA,NA,0,0,0,1,0,0
2020-03-14,Mexico,127792286,Coahuila,3218720,NA,NA,NA,NA,0,0,0,1,0,0
2020-03-16,Mexico,127792286,Coahuila,3218720,NA,NA,NA,NA,0,0,0,1,0,1
2020-03-18,Mexico,127792286,Coahuila,3218720,NA,NA,NA,NA,0,0,0,1,0,1
2020-03-20,Mexico,127792286,Coahuila,3218720,NA,NA,NA,NA,0,0,0,1,0,1
2020-03-22,Mexico,127792286,Coahuila,3218720,NA,NA,NA,NA,7,0,0,10,0,1
2020-03-24,Mexico,127792286,Coahuila,3218720,NA,NA,NA,NA,0,0,0,12,0,1
2020-03-26,Mexico,127792286,Coahuila,3218720,NA,NA,NA,NA,1,0,0,13,0,1
2020-03-28,Mexico,127792286,Coahuila,3218720,NA,NA,NA,NA,1,0,0,15,0,1
2020-03-30,Mexico,127792286,Coahuila,3218720,NA,NA,NA,NA,7,0,0,39,1,1
2020-04-01,Mexico,127792286,Coahuila,3218720,NA,NA,NA,NA,13,1,0,57,2,1
2020-04-03,Mexico,127792286,Coahuila,3218720,NA,NA,NA,NA,8,1,0,70,3,1
2020-04-05,Mexico,127792286,Coahuila,3218720,NA,NA,NA,NA,10,0,0,82,4,1
2020-04-07,Mexico,127792286,Coahuila,3218720,NA,NA,NA,NA,7,0,0,109,5,1
2020-04-09,Mexico,127792286,Coahuila,3218720,NA,NA,NA,NA,7,0,0,129,7,1
2020-04-11,Mexico,127792286,Coahuila,3218720,NA,NA,NA,NA,13,4,0,156,11,1
2020-04-13,Mexico,127792286,Coahuila,3218720,NA,NA,NA,NA,19,1,0,176,12,1
2020-04-15,Mexico,127792286,Coahuila,3218720,NA,NA,NA,NA,1,0,0,195,12,1
2020-04-17,Mexico,127792286,Coahuila,3218720,NA,NA,NA,NA,3,0,0,217,15,1
2020-04-19,Mexico,127792286,Coahuila,3218720,NA,NA,NA,NA,5,0,0,237,18,1
2020-04-21,Mexico,127792286,Coahuila,3218720,NA,NA,NA,NA,12,5,0,266,23,1
2020-04-23,Mexico,127792286,Coahuila,3218720,NA,NA,NA,NA,11,2,0,290,29,1
2020-04-25,Mexico,127792286,Coahuila,3218720,NA,NA,NA,NA,24,1,0,336,33,1
2020-04-27,Mexico,127792286,Coahuila,3218720,NA,NA,NA,NA,10,1,0,354,34,1
2020-04-29,Mexico,127792286,Coahuila,3218720,NA,NA,NA,NA,1,2,0,365,40,1
2020-05-01,Mexico,127792286,Coahuila,3218720,NA,NA,NA,NA,14,1,0,417,42,1
2020-05-03,Mexico,127792286,Coahuila,3218720,NA,NA,NA,NA,13,1,0,450,42,1
2020-05-05,Mexico,127792286,Coahuila,3218720,NA,NA,NA,NA,13,2,0,486,48,1
2020-05-07,Mexico,127792286,Coahuila,3218720,NA,NA,NA,NA,12,2,0,501,50,1
2020-05-09,Mexico,127792286,Coahuila,3218720,NA,NA,NA,NA,16,1,0,553,52,1
2020-05-11,Mexico,127792286,Coahuila,3218720,NA,NA,NA,NA,11,0,0,574,53,1
2020-05-13,Mexico,127792286,Coahuila,3218720,NA,NA,NA,NA,32,0,0,618,53,1
2020-05-15,Mexico,127792286,Coahuila,3218720,NA,NA,NA,NA,18,0,0,645,54,1
2020-05-17,Mexico,127792286,Coahuila,3218720,NA,NA,NA,NA,12,2,0,683,57,1
2020-05-19,Mexico,127792286,Coahuila,3218720,NA,NA,NA,NA,25,1,0,710,59,1
2020-05-21,Mexico,127792286,Coahuila,3218720,NA,NA,NA,NA,23,3,0,779,62,1
2020-05-23,Mexico,127792286,Coahuila,3218720,NA,NA,NA,NA,2,0,0,821,64,1
2020-05-25,Mexico,127792286,Coahuila,3218720,NA,NA,NA,NA,52,3,0,881,68,1
2020-05-27,Mexico,127792286,Coahuila,3218720,NA,NA,NA,NA,48,5,0,970,72,1
2020-05-29,Mexico,127792286,Coahuila,3218720,NA,NA,NA,NA,37,2,0,1021,75,1
2020-05-31,Mexico,127792286,Coahuila,3218720,NA,NA,NA,NA,0,4,0,1090,81,1
2020-06-02,Mexico,127792286,Coahuila,3218720,NA,NA,NA,NA,85,0,0,1178,81,1
2020-06-04,Mexico,127792286,Coahuila,3218720,NA,NA,NA,NA,53,0,0,1313,88,1
2020-06-06,Mexico,127792286,Coahuila,3218720,NA,NA,NA,NA,75,1,0,1432,92,1
2020-06-08,Mexico,127792286,Coahuila,3218720,NA,NA,NA,NA,49,5,0,1573,100,1
2020-06-10,Mexico,127792286,Coahuila,3218720,NA,NA,NA,NA,49,1,0,1671,105,1
2020-06-12,Mexico,127792286,Coahuila,3218720,NA,NA,NA,NA,31,8,0,1897,123,1
2020-06-14,Mexico,127792286,Coahuila,3218720,NA,NA,NA,NA,58,2,0,1979,132,1
2020-06-16,Mexico,127792286,Coahuila,3218720,NA,NA,NA,NA,236,2,0,2300,137,1
2020-06-18,Mexico,127792286,Coahuila,3218720,NA,NA,NA,NA,125,4,0,2499,145,1
2020-06-20,Mexico,127792286,Coahuila,3218720,NA,NA,NA,NA,123,3,0,2746,155,1
2020-06-22,Mexico,127792286,Coahuila,3218720,NA,NA,NA,NA,45,6,0,2913,163,1
2020-06-24,Mexico,127792286,Coahuila,3218720,NA,NA,NA,NA,106,9,0,3236,177,1
2020-06-26,Mexico,127792286,Coahuila,3218720,NA,NA,NA,NA,207,7,0,3686,197,1
2020-06-28,Mexico,127792286,Coahuila,3218720,NA,NA,NA,NA,214,9,0,4005,210,1
2020-06-30,Mexico,127792286,Coahuila,3218720,NA,NA,NA,NA,321,15,0,4609,229,1
2020-07-02,Mexico,127792286,Coahuila,3218720,NA,NA,NA,NA,334,7,0,5292,240,1
2020-07-04,Mexico,127792286,Coahuila,3218720,NA,NA,NA,NA,147,14,0,5586,257,1
2020-07-06,Mexico,127792286,Coahuila,3218720,NA,NA,NA,NA,230,4,0,6082,272,1
2020-07-08,Mexico,127792286,Coahuila,3218720,NA,NA,NA,NA,243,18,0,6577,318,1
2020-07-10,Mexico,127792286,Coahuila,3218720,NA,NA,NA,NA,183,10,0,6935,339,1
2020-07-12,Mexico,127792286,Coahuila,3218720,NA,NA,NA,NA,97,6,0,7199,360,1
2020-07-14,Mexico,127792286,Coahuila,3218720,NA,NA,NA,NA,304,7,0,7737,383,1
2020-07-16,Mexico,127792286,Coahuila,3218720,NA,NA,NA,NA,179,11,0,8273,412,1
2020-07-18,Mexico,127792286,Coahuila,3218720,NA,NA,NA,NA,415,15,0,8950,454,1
2020-07-20,Mexico,127792286,Coahuila,3218720,NA,NA,NA,NA,311,8,0,9421,467,1
2020-07-22,Mexico,127792286,Coahuila,3218720,NA,NA,NA,NA,278,26,0,10310,517,1
2020-07-24,Mexico,127792286,Coahuila,3218720,NA,NA,NA,NA,286,18,0,10796,548,1
2020-07-26,Mexico,127792286,Coahuila,3218720,NA,NA,NA,NA,362,9,0,11424,573,1
2020-07-28,Mexico,127792286,Coahuila,3218720,NA,NA,NA,NA,355,12,0,11939,594,1
2020-07-30,Mexico,127792286,Coahuila,3218720,NA,NA,NA,NA,228,8,0,12415,603,1
2020-08-01,Mexico,127792286,Coahuila,3218720,NA,NA,NA,NA,358,26,0,13203,649,1
2020-08-03,Mexico,127792286,Coahuila,3218720,NA,NA,NA,NA,196,10,0,13660,677,1
2020-08-05,Mexico,127792286,Coahuila,3218720,NA,NA,NA,NA,434,42,0,14261,737,1
2020-08-07,Mexico,127792286,Coahuila,3218720,NA,NA,NA,NA,225,37,0,15003,820,1
2020-08-09,Mexico,127792286,Coahuila,3218720,NA,NA,NA,NA,230,14,0,15580,873,1
2020-08-11,Mexico,127792286,Coahuila,3218720,NA,NA,NA,NA,532,43,0,16383,959,1
2020-08-13,Mexico,127792286,Coahuila,3218720,NA,NA,NA,NA,277,38,0,16949,1038,1
2020-08-15,Mexico,127792286,Coahuila,3218720,NA,NA,NA,NA,267,24,0,17548,1090,1
2020-02-26,Mexico,127792286,Colima,785153,NA,NA,NA,NA,NA,NA,NA,0,0,0
2020-02-28,Mexico,127792286,Colima,785153,NA,NA,NA,NA,0,0,0,0,0,0
2020-03-01,Mexico,127792286,Colima,785153,NA,NA,NA,NA,0,0,0,0,0,0
2020-03-03,Mexico,127792286,Colima,785153,NA,NA,NA,NA,0,0,0,0,0,0
2020-03-05,Mexico,127792286,Colima,785153,NA,NA,NA,NA,0,0,0,0,0,0
2020-03-07,Mexico,127792286,Colima,785153,NA,NA,NA,NA,0,0,0,0,0,0
2020-03-09,Mexico,127792286,Colima,785153,NA,NA,NA,NA,0,0,0,0,0,0
2020-03-11,Mexico,127792286,Colima,785153,NA,NA,NA,NA,0,0,0,0,0,0
2020-03-13,Mexico,127792286,Colima,785153,NA,NA,NA,NA,0,0,0,0,0,0
2020-03-15,Mexico,127792286,Colima,785153,NA,NA,NA,NA,0,0,0,0,0,0
2020-03-17,Mexico,127792286,Colima,785153,NA,NA,NA,NA,0,0,0,0,0,0
2020-03-19,Mexico,127792286,Colima,785153,NA,NA,NA,NA,0,0,0,1,0,0
2020-03-21,Mexico,127792286,Colima,785153,NA,NA,NA,NA,1,0,0,2,0,0
2020-03-23,Mexico,127792286,Colima,785153,NA,NA,NA,NA,0,0,0,2,0,0
2020-03-25,Mexico,127792286,Colima,785153,NA,NA,NA,NA,0,0,0,2,0,0
2020-03-27,Mexico,127792286,Colima,785153,NA,NA,NA,NA,0,0,0,2,0,0
2020-03-29,Mexico,127792286,Colima,785153,NA,NA,NA,NA,0,0,0,2,0,0
2020-03-31,Mexico,127792286,Colima,785153,NA,NA,NA,NA,0,0,0,2,0,0
2020-04-02,Mexico,127792286,Colima,785153,NA,NA,NA,NA,0,0,0,3,0,0
2020-04-04,Mexico,127792286,Colima,785153,NA,NA,NA,NA,0,0,0,4,0,0
2020-04-06,Mexico,127792286,Colima,785153,NA,NA,NA,NA,0,0,0,4,0,0
2020-04-08,Mexico,127792286,Colima,785153,NA,NA,NA,NA,2,0,0,7,0,0
2020-04-10,Mexico,127792286,Colima,785153,NA,NA,NA,NA,0,0,0,7,0,0
2020-04-12,Mexico,127792286,Colima,785153,NA,NA,NA,NA,0,0,0,7,0,0
2020-04-14,Mexico,127792286,Colima,785153,NA,NA,NA,NA,0,0,0,7,0,0
2020-04-16,Mexico,127792286,Colima,785153,NA,NA,NA,NA,0,0,0,7,0,0
2020-04-18,Mexico,127792286,Colima,785153,NA,NA,NA,NA,1,0,0,10,2,0
2020-04-20,Mexico,127792286,Colima,785153,NA,NA,NA,NA,0,0,0,11,2,0
2020-04-22,Mexico,127792286,Colima,785153,NA,NA,NA,NA,0,0,0,14,2,0
2020-04-24,Mexico,127792286,Colima,785153,NA,NA,NA,NA,0,0,0,15,2,0
2020-04-26,Mexico,127792286,Colima,785153,NA,NA,NA,NA,2,0,0,18,2,0
2020-04-28,Mexico,127792286,Colima,785153,NA,NA,NA,NA,2,0,0,25,2,0
2020-04-30,Mexico,127792286,Colima,785153,NA,NA,NA,NA,1,0,0,26,3,0
2020-05-02,Mexico,127792286,Colima,785153,NA,NA,NA,NA,1,0,0,28,3,0
2020-05-04,Mexico,127792286,Colima,785153,NA,NA,NA,NA,0,0,0,28,4,0
2020-05-06,Mexico,127792286,Colima,785153,NA,NA,NA,NA,0,1,0,29,6,0
2020-05-08,Mexico,127792286,Colima,785153,NA,NA,NA,NA,3,0,0,36,6,0
2020-05-10,Mexico,127792286,Colima,785153,NA,NA,NA,NA,3,0,0,39,6,0
2020-05-12,Mexico,127792286,Colima,785153,NA,NA,NA,NA,1,1,0,41,7,0
2020-05-14,Mexico,127792286,Colima,785153,NA,NA,NA,NA,9,0,0,50,7,0
2020-05-16,Mexico,127792286,Colima,785153,NA,NA,NA,NA,5,1,0,59,8,0
2020-05-18,Mexico,127792286,Colima,785153,NA,NA,NA,NA,5,1,0,72,9,0
2020-05-20,Mexico,127792286,Colima,785153,NA,NA,NA,NA,4,0,0,78,10,0
2020-05-22,Mexico,127792286,Colima,785153,NA,NA,NA,NA,6,2,0,92,14,0
2020-05-24,Mexico,127792286,Colima,785153,NA,NA,NA,NA,13,0,0,108,14,0
2020-05-26,Mexico,127792286,Colima,785153,NA,NA,NA,NA,3,1,0,114,19,0
2020-05-28,Mexico,127792286,Colima,785153,NA,NA,NA,NA,7,0,0,132,21,0
2020-05-30,Mexico,127792286,Colima,785153,NA,NA,NA,NA,4,0,0,137,21,0
2020-06-01,Mexico,127792286,Colima,785153,NA,NA,NA,NA,3,0,0,149,21,0
2020-06-03,Mexico,127792286,Colima,785153,NA,NA,NA,NA,13,1,0,167,27,0
2020-06-05,Mexico,127792286,Colima,785153,NA,NA,NA,NA,15,0,0,193,29,0
2020-06-07,Mexico,127792286,Colima,785153,NA,NA,NA,NA,9,1,0,211,31,0
2020-06-09,Mexico,127792286,Colima,785153,NA,NA,NA,NA,8,1,0,222,33,0
2020-06-11,Mexico,127792286,Colima,785153,NA,NA,NA,NA,12,2,0,250,36,0
2020-06-13,Mexico,127792286,Colima,785153,NA,NA,NA,NA,12,3,0,274,39,0
2020-06-15,Mexico,127792286,Colima,785153,NA,NA,NA,NA,8,1,0,299,40,0
2020-06-17,Mexico,127792286,Colima,785153,NA,NA,NA,NA,17,1,0,326,42,0
2020-06-19,Mexico,127792286,Colima,785153,NA,NA,NA,NA,14,1,0,356,43,0
2020-06-21,Mexico,127792286,Colima,785153,NA,NA,NA,NA,22,1,0,389,44,0
2020-06-23,Mexico,127792286,Colima,785153,NA,NA,NA,NA,28,5,0,434,52,0
2020-06-25,Mexico,127792286,Colima,785153,NA,NA,NA,NA,21,1,0,466,58,0
2020-06-27,Mexico,127792286,Colima,785153,NA,NA,NA,NA,19,1,0,511,63,0
2020-06-29,Mexico,127792286,Colima,785153,NA,NA,NA,NA,13,4,0,553,69,0
2020-07-01,Mexico,127792286,Colima,785153,NA,NA,NA,NA,28,2,0,591,73,0
2020-07-03,Mexico,127792286,Colima,785153,NA,NA,NA,NA,40,4,0,659,82,0
2020-07-05,Mexico,127792286,Colima,785153,NA,NA,NA,NA,28,1,0,709,86,0
2020-07-07,Mexico,127792286,Colima,785153,NA,NA,NA,NA,11,3,0,743,92,0
2020-07-09,Mexico,127792286,Colima,785153,NA,NA,NA,NA,19,0,0,793,94,0
2020-07-11,Mexico,127792286,Colima,785153,NA,NA,NA,NA,36,3,0,876,99,0
2020-07-13,Mexico,127792286,Colima,785153,NA,NA,NA,NA,31,5,0,948,111,0
2020-07-15,Mexico,127792286,Colima,785153,NA,NA,NA,NA,43,3,0,1000,118,0
2020-07-17,Mexico,127792286,Colima,785153,NA,NA,NA,NA,53,4,0,1124,133,0
2020-07-19,Mexico,127792286,Colima,785153,NA,NA,NA,NA,40,5,0,1232,144,0
2020-07-21,Mexico,127792286,Colima,785153,NA,NA,NA,NA,19,1,0,1275,145,0
2020-07-23,Mexico,127792286,Colima,785153,NA,NA,NA,NA,29,9,0,1343,161,0
2020-07-25,Mexico,127792286,Colima,785153,NA,NA,NA,NA,100,5,0,1560,175,0
2020-07-27,Mexico,127792286,Colima,785153,NA,NA,NA,NA,34,2,0,1641,183,0
2020-07-29,Mexico,127792286,Colima,785153,NA,NA,NA,NA,34,1,0,1720,195,0
2020-07-31,Mexico,127792286,Colima,785153,NA,NA,NA,NA,57,6,0,1845,206,0
2020-08-02,Mexico,127792286,Colima,785153,NA,NA,NA,NA,56,8,0,1980,220,0
2020-08-04,Mexico,127792286,Colima,785153,NA,NA,NA,NA,11,12,0,2055,240,0
2020-08-06,Mexico,127792286,Colima,785153,NA,NA,NA,NA,47,10,0,2162,251,0
2020-08-08,Mexico,127792286,Colima,785153,NA,NA,NA,NA,67,4,0,2299,265,0
2020-08-10,Mexico,127792286,Colima,785153,NA,NA,NA,NA,118,7,0,2455,279,0
2020-08-12,Mexico,127792286,Colima,785153,NA,NA,NA,NA,57,7,0,2541,299,0
2020-08-14,Mexico,127792286,Colima,785153,NA,NA,NA,NA,55,3,0,2647,308,0
2020-02-25,Mexico,127792286,Durango,1868996,NA,NA,NA,NA,NA,NA,NA,0,0,0
2020-02-27,Mexico,127792286,Durango,1868996,NA,NA,NA,NA,0,0,0,0,0,0
2020-02-29,Mexico,127792286,Durango,1868996,NA,NA,NA,NA,0,0,0,0,0,0
2020-03-02,Mexico,127792286,Durango,1868996,NA,NA,NA,NA,0,0,0,0,0,0
2020-03-04,Mexico,127792286,Durango,1868996,NA,NA,NA,NA,0,0,0,0,0,0
2020-03-06,Mexico,127792286,Durango,1868996,NA,NA,NA,NA,0,0,0,0,0,0
2020-03-08,Mexico,127792286,Durango,1868996,NA,NA,NA,NA,0,0,0,0,0,0
2020-03-10,Mexico,127792286,Durango,1868996,NA,NA,NA,NA,0,0,0,0,0,0
2020-03-12,Mexico,127792286,Durango,1868996,NA,NA,NA,NA,1,0,0,1,0,0
2020-03-14,Mexico,127792286,Durango,1868996,NA,NA,NA,NA,0,0,0,1,0,0
2020-03-16,Mexico,127792286,Durango,1868996,NA,NA,NA,NA,2,0,0,3,0,0
2020-03-18,Mexico,127792286,Durango,1868996,NA,NA,NA,NA,0,0,0,3,0,0
2020-03-20,Mexico,127792286,Durango,1868996,NA,NA,NA,NA,1,1,0,4,1,0
2020-03-22,Mexico,127792286,Durango,1868996,NA,NA,NA,NA,0,0,0,5,1,0
2020-03-24,Mexico,127792286,Durango,1868996,NA,NA,NA,NA,0,0,0,5,1,0
2020-03-26,Mexico,127792286,Durango,1868996,NA,NA,NA,NA,0,0,0,5,1,0
2020-03-28,Mexico,127792286,Durango,1868996,NA,NA,NA,NA,0,0,0,7,1,0
2020-03-30,Mexico,127792286,Durango,1868996,NA,NA,NA,NA,0,0,0,7,1,0
2020-04-01,Mexico,127792286,Durango,1868996,NA,NA,NA,NA,0,0,0,7,1,0
2020-04-03,Mexico,127792286,Durango,1868996,NA,NA,NA,NA,0,0,0,8,1,0
2020-04-05,Mexico,127792286,Durango,1868996,NA,NA,NA,NA,2,1,0,12,3,0
2020-04-07,Mexico,127792286,Durango,1868996,NA,NA,NA,NA,3,0,0,15,4,0
2020-04-09,Mexico,127792286,Durango,1868996,NA,NA,NA,NA,1,0,0,16,4,0
2020-04-11,Mexico,127792286,Durango,1868996,NA,NA,NA,NA,0,0,0,16,4,0
2020-04-13,Mexico,127792286,Durango,1868996,NA,NA,NA,NA,0,0,0,16,4,0
2020-04-15,Mexico,127792286,Durango,1868996,NA,NA,NA,NA,1,1,0,16,4,0
2020-04-17,Mexico,127792286,Durango,1868996,NA,NA,NA,NA,2,0,0,19,4,0
2020-04-19,Mexico,127792286,Durango,1868996,NA,NA,NA,NA,2,0,0,21,4,0
2020-04-21,Mexico,127792286,Durango,1868996,NA,NA,NA,NA,8,0,0,30,4,0
2020-04-23,Mexico,127792286,Durango,1868996,NA,NA,NA,NA,6,0,0,39,5,0
2020-04-25,Mexico,127792286,Durango,1868996,NA,NA,NA,NA,2,1,0,43,6,0
2020-04-27,Mexico,127792286,Durango,1868996,NA,NA,NA,NA,1,0,0,46,6,0
2020-04-29,Mexico,127792286,Durango,1868996,NA,NA,NA,NA,2,0,0,59,6,0
2020-05-01,Mexico,127792286,Durango,1868996,NA,NA,NA,NA,2,0,0,69,7,0
2020-05-03,Mexico,127792286,Durango,1868996,NA,NA,NA,NA,3,0,0,74,7,0
2020-05-05,Mexico,127792286,Durango,1868996,NA,NA,NA,NA,0,1,0,79,8,0
2020-05-07,Mexico,127792286,Durango,1868996,NA,NA,NA,NA,5,3,0,95,11,0
2020-05-09,Mexico,127792286,Durango,1868996,NA,NA,NA,NA,2,0,0,107,11,0
2020-05-11,Mexico,127792286,Durango,1868996,NA,NA,NA,NA,1,0,0,114,12,0
2020-05-13,Mexico,127792286,Durango,1868996,NA,NA,NA,NA,5,1,0,127,14,0
2020-05-15,Mexico,127792286,Durango,1868996,NA,NA,NA,NA,6,1,0,150,15,0
2020-05-17,Mexico,127792286,Durango,1868996,NA,NA,NA,NA,2,0,0,157,16,0
2020-05-19,Mexico,127792286,Durango,1868996,NA,NA,NA,NA,7,1,0,176,18,0
2020-05-21,Mexico,127792286,Durango,1868996,NA,NA,NA,NA,5,3,0,190,23,0
2020-05-23,Mexico,127792286,Durango,1868996,NA,NA,NA,NA,6,0,0,214,26,0
2020-05-25,Mexico,127792286,Durango,1868996,NA,NA,NA,NA,11,0,0,241,26,0
2020-05-27,Mexico,127792286,Durango,1868996,NA,NA,NA,NA,29,5,0,272,32,0
2020-05-29,Mexico,127792286,Durango,1868996,NA,NA,NA,NA,16,1,0,313,34,0
2020-05-31,Mexico,127792286,Durango,1868996,NA,NA,NA,NA,19,0,0,373,37,0
2020-06-02,Mexico,127792286,Durango,1868996,NA,NA,NA,NA,7,5,0,397,42,0
2020-06-04,Mexico,127792286,Durango,1868996,NA,NA,NA,NA,30,3,0,491,47,0
2020-06-06,Mexico,127792286,Durango,1868996,NA,NA,NA,NA,27,4,0,556,53,0
2020-06-08,Mexico,127792286,Durango,1868996,NA,NA,NA,NA,29,0,0,648,53,0
2020-06-10,Mexico,127792286,Durango,1868996,NA,NA,NA,NA,38,2,0,712,56,0
2020-06-12,Mexico,127792286,Durango,1868996,NA,NA,NA,NA,86,6,0,845,65,0
2020-06-14,Mexico,127792286,Durango,1868996,NA,NA,NA,NA,53,0,0,965,73,0
2020-06-16,Mexico,127792286,Durango,1868996,NA,NA,NA,NA,17,0,0,992,75,0
2020-06-18,Mexico,127792286,Durango,1868996,NA,NA,NA,NA,87,3,0,1175,96,0
2020-06-20,Mexico,127792286,Durango,1868996,NA,NA,NA,NA,88,3,0,1330,103,0
2020-06-22,Mexico,127792286,Durango,1868996,NA,NA,NA,NA,10,0,0,1383,106,0
2020-06-24,Mexico,127792286,Durango,1868996,NA,NA,NA,NA,40,11,0,1443,125,0
2020-06-26,Mexico,127792286,Durango,1868996,NA,NA,NA,NA,88,2,0,1675,134,0
2020-06-28,Mexico,127792286,Durango,1868996,NA,NA,NA,NA,44,0,0,1751,136,0
2020-06-30,Mexico,127792286,Durango,1868996,NA,NA,NA,NA,101,3,0,1891,142,0
2020-07-02,Mexico,127792286,Durango,1868996,NA,NA,NA,NA,76,2,0,2032,149,0
2020-07-04,Mexico,127792286,Durango,1868996,NA,NA,NA,NA,101,1,0,2212,157,0
2020-07-06,Mexico,127792286,Durango,1868996,NA,NA,NA,NA,25,0,0,2331,157,0
2020-07-08,Mexico,127792286,Durango,1868996,NA,NA,NA,NA,34,4,0,2392,166,0
2020-07-10,Mexico,127792286,Durango,1868996,NA,NA,NA,NA,93,5,0,2574,177,0
2020-07-12,Mexico,127792286,Durango,1868996,NA,NA,NA,NA,85,2,0,2723,182,0
2020-07-14,Mexico,127792286,Durango,1868996,NA,NA,NA,NA,28,15,0,2826,198,0
2020-07-16,Mexico,127792286,Durango,1868996,NA,NA,NA,NA,76,0,0,2936,215,0
2020-07-18,Mexico,127792286,Durango,1868996,NA,NA,NA,NA,91,3,0,3115,224,0
2020-07-20,Mexico,127792286,Durango,1868996,NA,NA,NA,NA,40,0,0,3243,226,0
2020-07-22,Mexico,127792286,Durango,1868996,NA,NA,NA,NA,46,11,0,3322,251,0
2020-07-24,Mexico,127792286,Durango,1868996,NA,NA,NA,NA,55,4,0,3528,256,0
2020-07-26,Mexico,127792286,Durango,1868996,NA,NA,NA,NA,90,4,0,3724,264,0
2020-07-28,Mexico,127792286,Durango,1868996,NA,NA,NA,NA,39,2,0,3784,266,0
2020-07-30,Mexico,127792286,Durango,1868996,NA,NA,NA,NA,89,1,0,3901,273,0
2020-08-01,Mexico,127792286,Durango,1868996,NA,NA,NA,NA,135,6,0,4119,282,0
2020-08-03,Mexico,127792286,Durango,1868996,NA,NA,NA,NA,81,0,0,4286,282,0
2020-08-05,Mexico,127792286,Durango,1868996,NA,NA,NA,NA,58,10,0,4406,301,0
2020-08-07,Mexico,127792286,Durango,1868996,NA,NA,NA,NA,46,12,0,4571,326,0
2020-08-09,Mexico,127792286,Durango,1868996,NA,NA,NA,NA,108,0,0,4769,334,0
2020-08-11,Mexico,127792286,Durango,1868996,NA,NA,NA,NA,63,4,0,4864,345,0
2020-08-13,Mexico,127792286,Durango,1868996,NA,NA,NA,NA,81,1,0,4993,362,0
2020-08-15,Mexico,127792286,Durango,1868996,NA,NA,NA,NA,117,2,0,5202,368,0
2020-02-26,Mexico,127792286,Guanajuato,6228175,NA,NA,NA,NA,NA,NA,NA,0,0,0
2020-02-28,Mexico,127792286,Guanajuato,6228175,NA,NA,NA,NA,0,0,0,0,0,0
2020-03-01,Mexico,127792286,Guanajuato,6228175,NA,NA,NA,NA,0,0,0,0,0,0
2020-03-03,Mexico,127792286,Guanajuato,6228175,NA,NA,NA,NA,0,0,0,0,0,0
2020-03-05,Mexico,127792286,Guanajuato,6228175,NA,NA,NA,NA,0,0,0,0,0,0
2020-03-07,Mexico,127792286,Guanajuato,6228175,NA,NA,NA,NA,0,0,0,0,0,0
2020-03-09,Mexico,127792286,Guanajuato,6228175,NA,NA,NA,NA,0,0,0,0,0,0
2020-03-11,Mexico,127792286,Guanajuato,6228175,NA,NA,NA,NA,0,0,0,0,0,0
2020-03-13,Mexico,127792286,Guanajuato,6228175,NA,NA,NA,NA,0,0,0,0,0,0
2020-03-15,Mexico,127792286,Guanajuato,6228175,NA,NA,NA,NA,0,0,0,0,0,0
2020-03-17,Mexico,127792286,Guanajuato,6228175,NA,NA,NA,NA,1,0,0,1,0,0
2020-03-19,Mexico,127792286,Guanajuato,6228175,NA,NA,NA,NA,0,0,0,4,0,0
2020-03-21,Mexico,127792286,Guanajuato,6228175,NA,NA,NA,NA,0,0,0,4,0,0
2020-03-23,Mexico,127792286,Guanajuato,6228175,NA,NA,NA,NA,3,0,0,7,0,0
2020-03-25,Mexico,127792286,Guanajuato,6228175,NA,NA,NA,NA,7,0,0,19,0,0
2020-03-27,Mexico,127792286,Guanajuato,6228175,NA,NA,NA,NA,8,0,0,31,0,0
2020-03-29,Mexico,127792286,Guanajuato,6228175,NA,NA,NA,NA,0,0,0,37,0,0
2020-03-31,Mexico,127792286,Guanajuato,6228175,NA,NA,NA,NA,3,0,0,46,0,0
2020-04-02,Mexico,127792286,Guanajuato,6228175,NA,NA,NA,NA,1,0,0,50,0,0
2020-04-04,Mexico,127792286,Guanajuato,6228175,NA,NA,NA,NA,1,0,0,53,0,0
2020-04-06,Mexico,127792286,Guanajuato,6228175,NA,NA,NA,NA,5,0,0,58,0,0
2020-04-08,Mexico,127792286,Guanajuato,6228175,NA,NA,NA,NA,6,0,0,67,1,0
2020-04-10,Mexico,127792286,Guanajuato,6228175,NA,NA,NA,NA,7,0,0,78,1,0
2020-04-12,Mexico,127792286,Guanajuato,6228175,NA,NA,NA,NA,1,0,0,82,5,0
2020-04-14,Mexico,127792286,Guanajuato,6228175,NA,NA,NA,NA,2,0,0,90,5,0
2020-04-16,Mexico,127792286,Guanajuato,6228175,NA,NA,NA,NA,5,1,0,96,6,0
2020-04-18,Mexico,127792286,Guanajuato,6228175,NA,NA,NA,NA,3,2,0,116,9,0
2020-04-20,Mexico,127792286,Guanajuato,6228175,NA,NA,NA,NA,17,0,0,150,9,0
2020-04-22,Mexico,127792286,Guanajuato,6228175,NA,NA,NA,NA,15,0,0,173,9,0
2020-04-24,Mexico,127792286,Guanajuato,6228175,NA,NA,NA,NA,10,3,0,192,17,0
2020-04-26,Mexico,127792286,Guanajuato,6228175,NA,NA,NA,NA,8,1,0,206,20,0
2020-04-28,Mexico,127792286,Guanajuato,6228175,NA,NA,NA,NA,4,0,0,219,21,0
2020-04-30,Mexico,127792286,Guanajuato,6228175,NA,NA,NA,NA,24,2,0,262,24,0
2020-05-02,Mexico,127792286,Guanajuato,6228175,NA,NA,NA,NA,7,1,0,290,27,0
2020-05-04,Mexico,127792286,Guanajuato,6228175,NA,NA,NA,NA,6,2,0,314,33,0
2020-05-06,Mexico,127792286,Guanajuato,6228175,NA,NA,NA,NA,14,2,0,342,40,0
2020-05-08,Mexico,127792286,Guanajuato,6228175,NA,NA,NA,NA,25,4,0,415,46,0
2020-05-10,Mexico,127792286,Guanajuato,6228175,NA,NA,NA,NA,28,0,0,473,46,0
2020-05-12,Mexico,127792286,Guanajuato,6228175,NA,NA,NA,NA,43,9,0,547,55,0
2020-05-14,Mexico,127792286,Guanajuato,6228175,NA,NA,NA,NA,39,4,0,625,61,0
2020-05-16,Mexico,127792286,Guanajuato,6228175,NA,NA,NA,NA,27,6,0,692,69,0
2020-05-18,Mexico,127792286,Guanajuato,6228175,NA,NA,NA,NA,26,4,0,765,73,0
2020-05-20,Mexico,127792286,Guanajuato,6228175,NA,NA,NA,NA,26,2,0,830,80,0
2020-05-22,Mexico,127792286,Guanajuato,6228175,NA,NA,NA,NA,50,1,0,956,85,0
2020-05-24,Mexico,127792286,Guanajuato,6228175,NA,NA,NA,NA,29,3,0,1064,88,0
2020-05-26,Mexico,127792286,Guanajuato,6228175,NA,NA,NA,NA,58,5,0,1196,96,0
2020-05-28,Mexico,127792286,Guanajuato,6228175,NA,NA,NA,NA,82,0,0,1330,101,0
2020-05-30,Mexico,127792286,Guanajuato,6228175,NA,NA,NA,NA,83,2,0,1479,107,0
2020-06-01,Mexico,127792286,Guanajuato,6228175,NA,NA,NA,NA,47,5,0,1697,112,0
2020-06-03,Mexico,127792286,Guanajuato,6228175,NA,NA,NA,NA,137,6,0,2037,122,0
2020-06-05,Mexico,127792286,Guanajuato,6228175,NA,NA,NA,NA,148,9,0,2309,134,0
2020-06-07,Mexico,127792286,Guanajuato,6228175,NA,NA,NA,NA,110,2,0,2532,138,0
2020-06-09,Mexico,127792286,Guanajuato,6228175,NA,NA,NA,NA,165,4,0,2752,145,0
2020-06-11,Mexico,127792286,Guanajuato,6228175,NA,NA,NA,NA,121,12,0,3091,171,0
2020-06-13,Mexico,127792286,Guanajuato,6228175,NA,NA,NA,NA,150,6,0,3410,184,0
2020-06-15,Mexico,127792286,Guanajuato,6228175,NA,NA,NA,NA,70,7,0,3583,196,0
2020-06-17,Mexico,127792286,Guanajuato,6228175,NA,NA,NA,NA,185,11,0,4108,215,0
2020-06-19,Mexico,127792286,Guanajuato,6228175,NA,NA,NA,NA,240,11,0,4611,232,0
2020-06-21,Mexico,127792286,Guanajuato,6228175,NA,NA,NA,NA,134,3,0,4978,250,0
2020-06-23,Mexico,127792286,Guanajuato,6228175,NA,NA,NA,NA,437,23,0,5495,280,0
2020-06-25,Mexico,127792286,Guanajuato,6228175,NA,NA,NA,NA,427,19,0,6176,301,0
2020-06-27,Mexico,127792286,Guanajuato,6228175,NA,NA,NA,NA,208,7,0,6658,334,0
2020-06-29,Mexico,127792286,Guanajuato,6228175,NA,NA,NA,NA,206,6,0,7039,348,0
2020-07-01,Mexico,127792286,Guanajuato,6228175,NA,NA,NA,NA,410,13,0,7785,370,0
2020-07-03,Mexico,127792286,Guanajuato,6228175,NA,NA,NA,NA,404,9,0,8506,399,0
2020-07-05,Mexico,127792286,Guanajuato,6228175,NA,NA,NA,NA,358,6,0,9311,419,0
2020-07-07,Mexico,127792286,Guanajuato,6228175,NA,NA,NA,NA,297,16,0,9933,451,0
2020-07-09,Mexico,127792286,Guanajuato,6228175,NA,NA,NA,NA,412,33,0,10748,506,0
2020-07-11,Mexico,127792286,Guanajuato,6228175,NA,NA,NA,NA,564,20,0,11840,553,0
2020-07-13,Mexico,127792286,Guanajuato,6228175,NA,NA,NA,NA,259,39,0,12576,621,0
2020-07-15,Mexico,127792286,Guanajuato,6228175,NA,NA,NA,NA,385,19,0,13363,668,0
2020-07-17,Mexico,127792286,Guanajuato,6228175,NA,NA,NA,NA,489,22,0,14049,705,0
2020-07-19,Mexico,127792286,Guanajuato,6228175,NA,NA,NA,NA,322,3,0,14776,716,0
2020-07-21,Mexico,127792286,Guanajuato,6228175,NA,NA,NA,NA,363,36,0,15585,761,0
2020-07-23,Mexico,127792286,Guanajuato,6228175,NA,NA,NA,NA,391,28,0,16269,814,0
2020-07-25,Mexico,127792286,Guanajuato,6228175,NA,NA,NA,NA,640,16,0,17539,851,0
2020-07-27,Mexico,127792286,Guanajuato,6228175,NA,NA,NA,NA,400,6,0,18452,863,0
2020-07-29,Mexico,127792286,Guanajuato,6228175,NA,NA,NA,NA,539,8,0,19637,923,0
2020-07-31,Mexico,127792286,Guanajuato,6228175,NA,NA,NA,NA,621,23,0,20766,971,0
2020-08-02,Mexico,127792286,Guanajuato,6228175,NA,NA,NA,NA,345,4,0,21713,1003,0
2020-08-04,Mexico,127792286,Guanajuato,6228175,NA,NA,NA,NA,256,61,0,22255,1070,0
2020-08-06,Mexico,127792286,Guanajuato,6228175,NA,NA,NA,NA,293,30,0,22847,1141,0
2020-08-08,Mexico,127792286,Guanajuato,6228175,NA,NA,NA,NA,385,21,0,23901,1189,0
2020-08-10,Mexico,127792286,Guanajuato,6228175,NA,NA,NA,NA,324,53,0,24548,1252,0
2020-08-12,Mexico,127792286,Guanajuato,6228175,NA,NA,NA,NA,270,18,0,25228,1328,0
2020-08-14,Mexico,127792286,Guanajuato,6228175,NA,NA,NA,NA,458,14,0,25962,1349,0
2020-02-25,Mexico,127792286,Guerrero,3657048,NA,NA,NA,NA,NA,NA,NA,0,0,0
2020-02-27,Mexico,127792286,Guerrero,3657048,NA,NA,NA,NA,0,0,0,0,0,0
2020-02-29,Mexico,127792286,Guerrero,3657048,NA,NA,NA,NA,0,0,0,0,0,0
2020-03-02,Mexico,127792286,Guerrero,3657048,NA,NA,NA,NA,0,0,0,0,0,0
2020-03-04,Mexico,127792286,Guerrero,3657048,NA,NA,NA,NA,0,0,0,0,0,0
2020-03-06,Mexico,127792286,Guerrero,3657048,NA,NA,NA,NA,0,0,0,0,0,0
2020-03-08,Mexico,127792286,Guerrero,3657048,NA,NA,NA,NA,0,0,0,0,0,0
2020-03-10,Mexico,127792286,Guerrero,3657048,NA,NA,NA,NA,0,0,0,0,0,0
2020-03-12,Mexico,127792286,Guerrero,3657048,NA,NA,NA,NA,0,0,0,0,0,0
2020-03-14,Mexico,127792286,Guerrero,3657048,NA,NA,NA,NA,0,0,0,0,0,0
2020-03-16,Mexico,127792286,Guerrero,3657048,NA,NA,NA,NA,2,0,0,2,0,0
2020-03-18,Mexico,127792286,Guerrero,3657048,NA,NA,NA,NA,0,0,0,2,0,0
2020-03-20,Mexico,127792286,Guerrero,3657048,NA,NA,NA,NA,0,0,0,4,0,0
2020-03-22,Mexico,127792286,Guerrero,3657048,NA,NA,NA,NA,0,0,0,4,0,0
2020-03-24,Mexico,127792286,Guerrero,3657048,NA,NA,NA,NA,1,0,0,6,0,0
2020-03-26,Mexico,127792286,Guerrero,3657048,NA,NA,NA,NA,0,0,0,7,0,0
2020-03-28,Mexico,127792286,Guerrero,3657048,NA,NA,NA,NA,3,0,0,10,0,0
2020-03-30,Mexico,127792286,Guerrero,3657048,NA,NA,NA,NA,0,0,0,13,0,0
2020-04-01,Mexico,127792286,Guerrero,3657048,NA,NA,NA,NA,2,1,0,17,1,0
2020-04-03,Mexico,127792286,Guerrero,3657048,NA,NA,NA,NA,2,0,0,24,1,0
2020-04-05,Mexico,127792286,Guerrero,3657048,NA,NA,NA,NA,5,1,0,30,2,0
2020-04-07,Mexico,127792286,Guerrero,3657048,NA,NA,NA,NA,5,0,0,37,3,0
2020-04-09,Mexico,127792286,Guerrero,3657048,NA,NA,NA,NA,2,1,0,49,5,0
2020-04-11,Mexico,127792286,Guerrero,3657048,NA,NA,NA,NA,2,0,0,56,6,0
2020-04-13,Mexico,127792286,Guerrero,3657048,NA,NA,NA,NA,7,0,0,77,6,0
2020-04-15,Mexico,127792286,Guerrero,3657048,NA,NA,NA,NA,9,2,0,97,8,0
2020-04-17,Mexico,127792286,Guerrero,3657048,NA,NA,NA,NA,10,2,0,110,11,0
2020-04-19,Mexico,127792286,Guerrero,3657048,NA,NA,NA,NA,11,1,0,121,12,0
2020-04-21,Mexico,127792286,Guerrero,3657048,NA,NA,NA,NA,0,2,0,126,16,0
2020-04-23,Mexico,127792286,Guerrero,3657048,NA,NA,NA,NA,20,5,0,157,22,0
2020-04-25,Mexico,127792286,Guerrero,3657048,NA,NA,NA,NA,6,1,0,171,29,0
2020-04-27,Mexico,127792286,Guerrero,3657048,NA,NA,NA,NA,14,1,0,207,30,0
2020-04-29,Mexico,127792286,Guerrero,3657048,NA,NA,NA,NA,28,10,0,260,46,0
2020-05-01,Mexico,127792286,Guerrero,3657048,NA,NA,NA,NA,33,2,0,306,49,0
2020-05-03,Mexico,127792286,Guerrero,3657048,NA,NA,NA,NA,25,0,0,332,48,0
2020-05-05,Mexico,127792286,Guerrero,3657048,NA,NA,NA,NA,20,4,0,374,54,0
2020-05-07,Mexico,127792286,Guerrero,3657048,NA,NA,NA,NA,25,2,0,423,59,0
2020-05-09,Mexico,127792286,Guerrero,3657048,NA,NA,NA,NA,21,3,0,453,64,0
2020-05-11,Mexico,127792286,Guerrero,3657048,NA,NA,NA,NA,51,1,0,561,71,0
2020-05-13,Mexico,127792286,Guerrero,3657048,NA,NA,NA,NA,52,5,0,643,81,0
2020-05-15,Mexico,127792286,Guerrero,3657048,NA,NA,NA,NA,48,19,0,716,101,0
2020-05-17,Mexico,127792286,Guerrero,3657048,NA,NA,NA,NA,12,0,0,766,108,0
2020-05-19,Mexico,127792286,Guerrero,3657048,NA,NA,NA,NA,42,16,0,861,128,0
2020-05-21,Mexico,127792286,Guerrero,3657048,NA,NA,NA,NA,53,11,0,940,147,0
2020-05-23,Mexico,127792286,Guerrero,3657048,NA,NA,NA,NA,63,9,0,1036,163,0
2020-05-25,Mexico,127792286,Guerrero,3657048,NA,NA,NA,NA,96,6,0,1244,174,0
2020-05-27,Mexico,127792286,Guerrero,3657048,NA,NA,NA,NA,55,21,0,1360,210,0
2020-05-29,Mexico,127792286,Guerrero,3657048,NA,NA,NA,NA,59,10,0,1582,242,0
2020-05-31,Mexico,127792286,Guerrero,3657048,NA,NA,NA,NA,64,5,0,1826,266,0
2020-06-02,Mexico,127792286,Guerrero,3657048,NA,NA,NA,NA,99,14,0,1981,286,0
2020-06-04,Mexico,127792286,Guerrero,3657048,NA,NA,NA,NA,19,27,0,2081,332,0
2020-06-06,Mexico,127792286,Guerrero,3657048,NA,NA,NA,NA,91,13,0,2336,360,0
2020-06-08,Mexico,127792286,Guerrero,3657048,NA,NA,NA,NA,9,8,0,2476,379,0
2020-06-10,Mexico,127792286,Guerrero,3657048,NA,NA,NA,NA,220,59,0,2798,477,0
2020-06-12,Mexico,127792286,Guerrero,3657048,NA,NA,NA,NA,141,16,0,3065,512,0
2020-06-14,Mexico,127792286,Guerrero,3657048,NA,NA,NA,NA,83,10,0,3247,544,0
2020-06-16,Mexico,127792286,Guerrero,3657048,NA,NA,NA,NA,135,25,0,3536,599,0
2020-06-18,Mexico,127792286,Guerrero,3657048,NA,NA,NA,NA,114,23,0,3792,672,0
2020-06-20,Mexico,127792286,Guerrero,3657048,NA,NA,NA,NA,144,21,0,4061,710,0
2020-06-22,Mexico,127792286,Guerrero,3657048,NA,NA,NA,NA,135,22,0,4303,743,0
2020-06-24,Mexico,127792286,Guerrero,3657048,NA,NA,NA,NA,152,20,0,4640,810,0
2020-06-26,Mexico,127792286,Guerrero,3657048,NA,NA,NA,NA,98,16,0,4783,836,0
2020-06-28,Mexico,127792286,Guerrero,3657048,NA,NA,NA,NA,129,10,0,5027,856,0
2020-06-30,Mexico,127792286,Guerrero,3657048,NA,NA,NA,NA,100,15,0,5253,880,0
2020-07-02,Mexico,127792286,Guerrero,3657048,NA,NA,NA,NA,82,13,0,5490,913,0
2020-07-04,Mexico,127792286,Guerrero,3657048,NA,NA,NA,NA,188,26,0,5790,973,0
2020-07-06,Mexico,127792286,Guerrero,3657048,NA,NA,NA,NA,102,7,0,6033,987,0
2020-07-08,Mexico,127792286,Guerrero,3657048,NA,NA,NA,NA,244,15,0,6564,1022,0
2020-07-10,Mexico,127792286,Guerrero,3657048,NA,NA,NA,NA,225,21,0,7001,1060,0
2020-07-12,Mexico,127792286,Guerrero,3657048,NA,NA,NA,NA,116,2,0,7293,1069,0
2020-07-14,Mexico,127792286,Guerrero,3657048,NA,NA,NA,NA,286,23,0,7741,1108,0
2020-07-16,Mexico,127792286,Guerrero,3657048,NA,NA,NA,NA,271,14,0,8240,1142,0
2020-07-18,Mexico,127792286,Guerrero,3657048,NA,NA,NA,NA,197,31,0,8644,1188,0
2020-07-20,Mexico,127792286,Guerrero,3657048,NA,NA,NA,NA,146,6,0,8931,1198,0
2020-07-22,Mexico,127792286,Guerrero,3657048,NA,NA,NA,NA,169,36,0,9243,1253,0
2020-07-24,Mexico,127792286,Guerrero,3657048,NA,NA,NA,NA,140,10,0,9513,1289,0
2020-07-26,Mexico,127792286,Guerrero,3657048,NA,NA,NA,NA,71,8,0,9741,1314,0
2020-07-28,Mexico,127792286,Guerrero,3657048,NA,NA,NA,NA,231,23,0,10094,1353,0
2020-07-30,Mexico,127792286,Guerrero,3657048,NA,NA,NA,NA,253,9,0,10441,1370,0
2020-08-01,Mexico,127792286,Guerrero,3657048,NA,NA,NA,NA,144,2,0,10814,1382,0
2020-08-03,Mexico,127792286,Guerrero,3657048,NA,NA,NA,NA,193,5,0,11151,1394,0
2020-08-05,Mexico,127792286,Guerrero,3657048,NA,NA,NA,NA,193,8,0,11475,1412,0
2020-08-07,Mexico,127792286,Guerrero,3657048,NA,NA,NA,NA,120,8,0,11738,1430,0
2020-08-09,Mexico,127792286,Guerrero,3657048,NA,NA,NA,NA,159,3,0,12075,1452,0
2020-08-11,Mexico,127792286,Guerrero,3657048,NA,NA,NA,NA,165,19,0,12414,1478,0
2020-08-13,Mexico,127792286,Guerrero,3657048,NA,NA,NA,NA,123,3,0,12652,1492,0
2020-08-15,Mexico,127792286,Guerrero,3657048,NA,NA,NA,NA,113,8,0,12904,1511,0
2020-02-26,Mexico,127792286,Hidalgo,3086414,NA,NA,NA,NA,NA,NA,NA,0,0,0
2020-02-28,Mexico,127792286,Hidalgo,3086414,NA,NA,NA,NA,0,0,0,0,0,0
2020-03-01,Mexico,127792286,Hidalgo,3086414,NA,NA,NA,NA,0,0,0,0,0,0
2020-03-03,Mexico,127792286,Hidalgo,3086414,NA,NA,NA,NA,0,0,0,0,0,0
2020-03-05,Mexico,127792286,Hidalgo,3086414,NA,NA,NA,NA,0,0,0,0,0,0
2020-03-07,Mexico,127792286,Hidalgo,3086414,NA,NA,NA,NA,0,0,0,0,0,0
2020-03-09,Mexico,127792286,Hidalgo,3086414,NA,NA,NA,NA,0,0,0,0,0,0
2020-03-11,Mexico,127792286,Hidalgo,3086414,NA,NA,NA,NA,0,0,0,0,0,0
2020-03-13,Mexico,127792286,Hidalgo,3086414,NA,NA,NA,NA,0,0,0,0,0,0
2020-03-15,Mexico,127792286,Hidalgo,3086414,NA,NA,NA,NA,0,0,0,0,0,0
2020-03-17,Mexico,127792286,Hidalgo,3086414,NA,NA,NA,NA,0,0,0,0,0,0
2020-03-19,Mexico,127792286,Hidalgo,3086414,NA,NA,NA,NA,2,0,0,2,0,0
2020-03-21,Mexico,127792286,Hidalgo,3086414,NA,NA,NA,NA,1,0,0,3,0,0
2020-03-23,Mexico,127792286,Hidalgo,3086414,NA,NA,NA,NA,2,0,0,7,0,0
2020-03-25,Mexico,127792286,Hidalgo,3086414,NA,NA,NA,NA,0,0,0,7,0,0
2020-03-27,Mexico,127792286,Hidalgo,3086414,NA,NA,NA,NA,0,0,0,12,0,0
2020-03-29,Mexico,127792286,Hidalgo,3086414,NA,NA,NA,NA,5,1,0,17,2,0
2020-03-31,Mexico,127792286,Hidalgo,3086414,NA,NA,NA,NA,2,1,0,19,3,0
2020-04-02,Mexico,127792286,Hidalgo,3086414,NA,NA,NA,NA,5,0,0,26,3,0
2020-04-04,Mexico,127792286,Hidalgo,3086414,NA,NA,NA,NA,2,2,0,32,5,0
2020-04-06,Mexico,127792286,Hidalgo,3086414,NA,NA,NA,NA,1,0,0,35,5,0
2020-04-08,Mexico,127792286,Hidalgo,3086414,NA,NA,NA,NA,5,1,0,46,7,0
2020-04-10,Mexico,127792286,Hidalgo,3086414,NA,NA,NA,NA,4,0,0,51,7,0
2020-04-12,Mexico,127792286,Hidalgo,3086414,NA,NA,NA,NA,5,1,0,58,9,0
2020-04-14,Mexico,127792286,Hidalgo,3086414,NA,NA,NA,NA,6,1,0,64,10,0
2020-04-16,Mexico,127792286,Hidalgo,3086414,NA,NA,NA,NA,3,0,0,67,12,0
2020-04-18,Mexico,127792286,Hidalgo,3086414,NA,NA,NA,NA,5,0,0,75,13,0
2020-04-20,Mexico,127792286,Hidalgo,3086414,NA,NA,NA,NA,5,1,0,92,15,0
2020-04-22,Mexico,127792286,Hidalgo,3086414,NA,NA,NA,NA,7,0,0,113,16,0
2020-04-24,Mexico,127792286,Hidalgo,3086414,NA,NA,NA,NA,29,2,0,144,17,0
2020-04-26,Mexico,127792286,Hidalgo,3086414,NA,NA,NA,NA,19,1,0,174,18,0
2020-04-28,Mexico,127792286,Hidalgo,3086414,NA,NA,NA,NA,36,6,0,218,27,0
2020-04-30,Mexico,127792286,Hidalgo,3086414,NA,NA,NA,NA,19,1,0,254,30,0
2020-05-02,Mexico,127792286,Hidalgo,3086414,NA,NA,NA,NA,24,2,0,301,36,0
2020-05-04,Mexico,127792286,Hidalgo,3086414,NA,NA,NA,NA,20,6,0,327,48,0
2020-05-06,Mexico,127792286,Hidalgo,3086414,NA,NA,NA,NA,26,6,0,393,58,0
2020-05-08,Mexico,127792286,Hidalgo,3086414,NA,NA,NA,NA,45,6,0,470,72,0
2020-05-10,Mexico,127792286,Hidalgo,3086414,NA,NA,NA,NA,44,8,0,533,83,0
2020-05-12,Mexico,127792286,Hidalgo,3086414,NA,NA,NA,NA,28,12,0,595,102,0
2020-05-14,Mexico,127792286,Hidalgo,3086414,NA,NA,NA,NA,41,13,0,669,125,0
2020-05-16,Mexico,127792286,Hidalgo,3086414,NA,NA,NA,NA,66,10,0,802,151,0
2020-05-18,Mexico,127792286,Hidalgo,3086414,NA,NA,NA,NA,79,7,0,912,163,0
2020-05-20,Mexico,127792286,Hidalgo,3086414,NA,NA,NA,NA,66,13,0,1026,180,0
2020-05-22,Mexico,127792286,Hidalgo,3086414,NA,NA,NA,NA,41,8,0,1127,201,0
2020-05-24,Mexico,127792286,Hidalgo,3086414,NA,NA,NA,NA,46,0,0,1232,212,0
2020-05-26,Mexico,127792286,Hidalgo,3086414,NA,NA,NA,NA,120,25,0,1425,240,0
2020-05-28,Mexico,127792286,Hidalgo,3086414,NA,NA,NA,NA,67,17,0,1526,264,0
2020-05-30,Mexico,127792286,Hidalgo,3086414,NA,NA,NA,NA,75,12,0,1657,299,0
2020-06-01,Mexico,127792286,Hidalgo,3086414,NA,NA,NA,NA,55,14,0,1743,318,0
2020-06-03,Mexico,127792286,Hidalgo,3086414,NA,NA,NA,NA,113,36,0,1989,365,0
2020-06-05,Mexico,127792286,Hidalgo,3086414,NA,NA,NA,NA,49,12,0,2101,386,0
2020-06-07,Mexico,127792286,Hidalgo,3086414,NA,NA,NA,NA,78,8,0,2249,402,0
2020-06-09,Mexico,127792286,Hidalgo,3086414,NA,NA,NA,NA,52,8,0,2318,413,0
2020-06-11,Mexico,127792286,Hidalgo,3086414,NA,NA,NA,NA,53,3,0,2492,433,0
2020-06-13,Mexico,127792286,Hidalgo,3086414,NA,NA,NA,NA,50,7,0,2631,456,0
2020-06-15,Mexico,127792286,Hidalgo,3086414,NA,NA,NA,NA,58,8,0,2749,472,0
2020-06-17,Mexico,127792286,Hidalgo,3086414,NA,NA,NA,NA,120,16,0,2939,497,0
2020-06-19,Mexico,127792286,Hidalgo,3086414,NA,NA,NA,NA,88,17,0,3075,522,0
2020-06-21,Mexico,127792286,Hidalgo,3086414,NA,NA,NA,NA,58,18,0,3188,551,0
2020-06-23,Mexico,127792286,Hidalgo,3086414,NA,NA,NA,NA,122,10,0,3357,567,0
2020-06-25,Mexico,127792286,Hidalgo,3086414,NA,NA,NA,NA,88,15,0,3501,600,0
2020-06-27,Mexico,127792286,Hidalgo,3086414,NA,NA,NA,NA,72,14,0,3640,624,0
2020-06-29,Mexico,127792286,Hidalgo,3086414,NA,NA,NA,NA,19,14,0,3698,643,0
2020-07-01,Mexico,127792286,Hidalgo,3086414,NA,NA,NA,NA,114,13,0,3902,679,0
2020-07-03,Mexico,127792286,Hidalgo,3086414,NA,NA,NA,NA,85,13,0,4087,711,0
2020-07-05,Mexico,127792286,Hidalgo,3086414,NA,NA,NA,NA,93,8,0,4235,722,0
2020-07-07,Mexico,127792286,Hidalgo,3086414,NA,NA,NA,NA,97,16,0,4354,744,0
2020-07-09,Mexico,127792286,Hidalgo,3086414,NA,NA,NA,NA,63,10,0,4480,764,0
2020-07-11,Mexico,127792286,Hidalgo,3086414,NA,NA,NA,NA,48,9,0,4626,782,0
2020-07-13,Mexico,127792286,Hidalgo,3086414,NA,NA,NA,NA,46,8,0,4757,805,0
2020-07-15,Mexico,127792286,Hidalgo,3086414,NA,NA,NA,NA,67,5,0,4916,822,0
2020-07-17,Mexico,127792286,Hidalgo,3086414,NA,NA,NA,NA,50,19,0,5062,860,0
2020-07-19,Mexico,127792286,Hidalgo,3086414,NA,NA,NA,NA,110,6,0,5317,879,0
2020-07-21,Mexico,127792286,Hidalgo,3086414,NA,NA,NA,NA,106,18,0,5458,903,0
2020-07-23,Mexico,127792286,Hidalgo,3086414,NA,NA,NA,NA,223,12,0,5754,936,0
2020-07-25,Mexico,127792286,Hidalgo,3086414,NA,NA,NA,NA,130,14,0,5960,959,0
2020-07-27,Mexico,127792286,Hidalgo,3086414,NA,NA,NA,NA,62,10,0,6142,984,0
2020-07-29,Mexico,127792286,Hidalgo,3086414,NA,NA,NA,NA,78,5,0,6391,1008,0
2020-07-31,Mexico,127792286,Hidalgo,3086414,NA,NA,NA,NA,58,26,0,6590,1059,0
2020-08-02,Mexico,127792286,Hidalgo,3086414,NA,NA,NA,NA,89,11,0,6821,1086,0
2020-08-04,Mexico,127792286,Hidalgo,3086414,NA,NA,NA,NA,63,15,0,7009,1109,0
2020-08-06,Mexico,127792286,Hidalgo,3086414,NA,NA,NA,NA,164,29,0,7258,1158,0
2020-08-08,Mexico,127792286,Hidalgo,3086414,NA,NA,NA,NA,158,17,0,7589,1194,0
2020-08-10,Mexico,127792286,Hidalgo,3086414,NA,NA,NA,NA,118,15,0,7763,1218,0
2020-08-12,Mexico,127792286,Hidalgo,3086414,NA,NA,NA,NA,35,22,0,7951,1258,0
2020-08-14,Mexico,127792286,Hidalgo,3086414,NA,NA,NA,NA,102,30,0,8207,1315,0
2020-02-25,Mexico,127792286,Jalisco,8409693,NA,NA,NA,NA,NA,NA,NA,0,0,0
2020-02-27,Mexico,127792286,Jalisco,8409693,NA,NA,NA,NA,0,0,0,0,0,0
2020-02-29,Mexico,127792286,Jalisco,8409693,NA,NA,NA,NA,0,0,0,0,0,0
2020-03-02,Mexico,127792286,Jalisco,8409693,NA,NA,NA,NA,0,0,0,0,0,0
2020-03-04,Mexico,127792286,Jalisco,8409693,NA,NA,NA,NA,0,0,0,0,0,0
2020-03-06,Mexico,127792286,Jalisco,8409693,NA,NA,NA,NA,0,0,0,0,0,0
2020-03-08,Mexico,127792286,Jalisco,8409693,NA,NA,NA,NA,0,0,0,0,0,0
2020-03-10,Mexico,127792286,Jalisco,8409693,NA,NA,NA,NA,0,0,0,0,0,0
2020-03-12,Mexico,127792286,Jalisco,8409693,NA,NA,NA,NA,0,0,0,0,0,0
2020-03-14,Mexico,127792286,Jalisco,8409693,NA,NA,NA,NA,2,0,0,2,0,0
2020-03-16,Mexico,127792286,Jalisco,8409693,NA,NA,NA,NA,0,0,0,2,0,0
2020-03-18,Mexico,127792286,Jalisco,8409693,NA,NA,NA,NA,1,0,0,6,0,0
2020-03-20,Mexico,127792286,Jalisco,8409693,NA,NA,NA,NA,6,0,0,28,0,0
2020-03-22,Mexico,127792286,Jalisco,8409693,NA,NA,NA,NA,9,0,0,41,0,0
2020-03-24,Mexico,127792286,Jalisco,8409693,NA,NA,NA,NA,0,0,0,46,1,0
2020-03-26,Mexico,127792286,Jalisco,8409693,NA,NA,NA,NA,18,1,0,64,2,0
2020-03-28,Mexico,127792286,Jalisco,8409693,NA,NA,NA,NA,5,0,0,82,3,0
2020-03-30,Mexico,127792286,Jalisco,8409693,NA,NA,NA,NA,7,0,0,90,3,0
2020-04-01,Mexico,127792286,Jalisco,8409693,NA,NA,NA,NA,5,0,0,99,3,0
2020-04-03,Mexico,127792286,Jalisco,8409693,NA,NA,NA,NA,12,2,0,116,6,0
2020-04-05,Mexico,127792286,Jalisco,8409693,NA,NA,NA,NA,3,0,0,123,6,0
2020-04-07,Mexico,127792286,Jalisco,8409693,NA,NA,NA,NA,9,0,0,135,7,0
2020-04-09,Mexico,127792286,Jalisco,8409693,NA,NA,NA,NA,0,0,0,139,8,0
2020-04-11,Mexico,127792286,Jalisco,8409693,NA,NA,NA,NA,6,2,0,150,11,0
2020-04-13,Mexico,127792286,Jalisco,8409693,NA,NA,NA,NA,3,0,0,159,11,0
2020-04-15,Mexico,127792286,Jalisco,8409693,NA,NA,NA,NA,11,0,0,176,11,0
2020-04-17,Mexico,127792286,Jalisco,8409693,NA,NA,NA,NA,12,2,0,190,13,0
2020-04-19,Mexico,127792286,Jalisco,8409693,NA,NA,NA,NA,2,0,0,198,13,0
2020-04-21,Mexico,127792286,Jalisco,8409693,NA,NA,NA,NA,10,1,0,226,15,0
2020-04-23,Mexico,127792286,Jalisco,8409693,NA,NA,NA,NA,20,4,0,256,19,0
2020-04-25,Mexico,127792286,Jalisco,8409693,NA,NA,NA,NA,8,3,0,271,23,0
2020-04-27,Mexico,127792286,Jalisco,8409693,NA,NA,NA,NA,21,0,0,303,25,0
2020-04-29,Mexico,127792286,Jalisco,8409693,NA,NA,NA,NA,9,0,0,325,25,0
2020-05-01,Mexico,127792286,Jalisco,8409693,NA,NA,NA,NA,29,2,0,377,30,0
2020-05-03,Mexico,127792286,Jalisco,8409693,NA,NA,NA,NA,31,1,0,419,33,0
2020-05-05,Mexico,127792286,Jalisco,8409693,NA,NA,NA,NA,24,1,0,472,35,0
2020-05-07,Mexico,127792286,Jalisco,8409693,NA,NA,NA,NA,16,4,0,510,41,0
2020-05-09,Mexico,127792286,Jalisco,8409693,NA,NA,NA,NA,36,1,0,595,48,0
2020-05-11,Mexico,127792286,Jalisco,8409693,NA,NA,NA,NA,43,3,0,640,55,0
2020-05-13,Mexico,127792286,Jalisco,8409693,NA,NA,NA,NA,32,4,0,703,59,0
2020-05-15,Mexico,127792286,Jalisco,8409693,NA,NA,NA,NA,20,5,0,771,69,0
2020-05-17,Mexico,127792286,Jalisco,8409693,NA,NA,NA,NA,50,5,0,852,81,0
2020-05-19,Mexico,127792286,Jalisco,8409693,NA,NA,NA,NA,34,6,0,927,90,0
2020-05-21,Mexico,127792286,Jalisco,8409693,NA,NA,NA,NA,61,1,0,1034,96,0
2020-05-23,Mexico,127792286,Jalisco,8409693,NA,NA,NA,NA,37,0,0,1145,102,0
2020-05-25,Mexico,127792286,Jalisco,8409693,NA,NA,NA,NA,58,9,0,1253,116,0
2020-05-27,Mexico,127792286,Jalisco,8409693,NA,NA,NA,NA,58,3,0,1370,128,0
2020-05-29,Mexico,127792286,Jalisco,8409693,NA,NA,NA,NA,94,3,0,1546,136,0
2020-05-31,Mexico,127792286,Jalisco,8409693,NA,NA,NA,NA,101,4,0,1787,143,0
2020-06-02,Mexico,127792286,Jalisco,8409693,NA,NA,NA,NA,226,16,0,2052,167,0
2020-06-04,Mexico,127792286,Jalisco,8409693,NA,NA,NA,NA,154,9,0,2320,192,0
2020-06-06,Mexico,127792286,Jalisco,8409693,NA,NA,NA,NA,205,16,0,2679,229,0
2020-06-08,Mexico,127792286,Jalisco,8409693,NA,NA,NA,NA,174,16,0,3023,257,0
2020-06-10,Mexico,127792286,Jalisco,8409693,NA,NA,NA,NA,89,12,0,3342,284,0
2020-06-12,Mexico,127792286,Jalisco,8409693,NA,NA,NA,NA,195,9,0,3742,319,0
2020-06-14,Mexico,127792286,Jalisco,8409693,NA,NA,NA,NA,163,8,0,4079,335,0
2020-06-16,Mexico,127792286,Jalisco,8409693,NA,NA,NA,NA,153,15,0,4326,363,0
2020-06-18,Mexico,127792286,Jalisco,8409693,NA,NA,NA,NA,159,22,0,4694,426,0
2020-06-20,Mexico,127792286,Jalisco,8409693,NA,NA,NA,NA,128,9,0,4958,441,0
2020-06-22,Mexico,127792286,Jalisco,8409693,NA,NA,NA,NA,130,11,0,5260,472,0
2020-06-24,Mexico,127792286,Jalisco,8409693,NA,NA,NA,NA,190,36,0,5760,528,0
2020-06-26,Mexico,127792286,Jalisco,8409693,NA,NA,NA,NA,183,40,0,6106,603,0
2020-06-28,Mexico,127792286,Jalisco,8409693,NA,NA,NA,NA,198,16,0,6435,636,0
2020-06-30,Mexico,127792286,Jalisco,8409693,NA,NA,NA,NA,189,30,0,6729,692,0
2020-07-02,Mexico,127792286,Jalisco,8409693,NA,NA,NA,NA,154,33,0,7072,762,0
2020-07-04,Mexico,127792286,Jalisco,8409693,NA,NA,NA,NA,244,20,0,7547,807,0
2020-07-06,Mexico,127792286,Jalisco,8409693,NA,NA,NA,NA,228,19,0,7954,867,0
2020-07-08,Mexico,127792286,Jalisco,8409693,NA,NA,NA,NA,191,28,0,8312,917,0
2020-07-10,Mexico,127792286,Jalisco,8409693,NA,NA,NA,NA,215,23,0,8834,974,0
2020-07-12,Mexico,127792286,Jalisco,8409693,NA,NA,NA,NA,211,18,0,9238,1019,0
2020-07-14,Mexico,127792286,Jalisco,8409693,NA,NA,NA,NA,178,39,0,9546,1084,0
2020-07-16,Mexico,127792286,Jalisco,8409693,NA,NA,NA,NA,162,42,0,9958,1147,0
2020-07-18,Mexico,127792286,Jalisco,8409693,NA,NA,NA,NA,264,39,0,10373,1216,0
2020-07-20,Mexico,127792286,Jalisco,8409693,NA,NA,NA,NA,134,19,0,10677,1252,0
2020-07-22,Mexico,127792286,Jalisco,8409693,NA,NA,NA,NA,212,21,0,11074,1310,0
2020-07-24,Mexico,127792286,Jalisco,8409693,NA,NA,NA,NA,280,21,0,11787,1361,0
2020-07-26,Mexico,127792286,Jalisco,8409693,NA,NA,NA,NA,219,17,0,12151,1411,0
2020-07-28,Mexico,127792286,Jalisco,8409693,NA,NA,NA,NA,234,36,0,12498,1465,0
2020-07-30,Mexico,127792286,Jalisco,8409693,NA,NA,NA,NA,256,24,0,12849,1502,0
2020-08-01,Mexico,127792286,Jalisco,8409693,NA,NA,NA,NA,249,35,0,13338,1559,0
2020-08-03,Mexico,127792286,Jalisco,8409693,NA,NA,NA,NA,156,17,0,13687,1601,0
2020-08-05,Mexico,127792286,Jalisco,8409693,NA,NA,NA,NA,221,28,0,14124,1655,0
2020-08-07,Mexico,127792286,Jalisco,8409693,NA,NA,NA,NA,194,35,0,14573,1720,0
2020-08-09,Mexico,127792286,Jalisco,8409693,NA,NA,NA,NA,185,18,0,15051,1772,0
2020-08-11,Mexico,127792286,Jalisco,8409693,NA,NA,NA,NA,277,50,0,15698,1880,0
2020-08-13,Mexico,127792286,Jalisco,8409693,NA,NA,NA,NA,81,35,0,15947,1939,0
2020-08-15,Mexico,127792286,Jalisco,8409693,NA,NA,NA,NA,202,49,0,16243,2004,0
2020-02-26,Mexico,127792286,Michoacan,4825401,NA,NA,NA,NA,NA,NA,NA,0,0,0
2020-02-28,Mexico,127792286,Michoacan,4825401,NA,NA,NA,NA,0,0,0,0,0,0
2020-03-01,Mexico,127792286,Michoacan,4825401,NA,NA,NA,NA,0,0,0,0,0,0
2020-03-03,Mexico,127792286,Michoacan,4825401,NA,NA,NA,NA,0,0,0,0,0,0
2020-03-05,Mexico,127792286,Michoacan,4825401,NA,NA,NA,NA,0,0,0,0,0,0
2020-03-07,Mexico,127792286,Michoacan,4825401,NA,NA,NA,NA,0,0,0,1,0,0
2020-03-09,Mexico,127792286,Michoacan,4825401,NA,NA,NA,NA,0,0,0,1,0,0
2020-03-11,Mexico,127792286,Michoacan,4825401,NA,NA,NA,NA,1,0,0,2,0,0
2020-03-13,Mexico,127792286,Michoacan,4825401,NA,NA,NA,NA,0,0,0,3,0,0
2020-03-15,Mexico,127792286,Michoacan,4825401,NA,NA,NA,NA,1,0,0,4,0,1
2020-03-17,Mexico,127792286,Michoacan,4825401,NA,NA,NA,NA,1,0,0,10,0,1
2020-03-19,Mexico,127792286,Michoacan,4825401,NA,NA,NA,NA,0,0,0,10,0,1
2020-03-21,Mexico,127792286,Michoacan,4825401,NA,NA,NA,NA,0,0,0,14,0,1
2020-03-23,Mexico,127792286,Michoacan,4825401,NA,NA,NA,NA,0,0,0,22,0,1
2020-03-25,Mexico,127792286,Michoacan,4825401,NA,NA,NA,NA,4,0,0,26,0,1
2020-03-27,Mexico,127792286,Michoacan,4825401,NA,NA,NA,NA,24,0,0,70,0,1
2020-03-29,Mexico,127792286,Michoacan,4825401,NA,NA,NA,NA,34,0,0,119,0,1
2020-03-31,Mexico,127792286,Michoacan,4825401,NA,NA,NA,NA,13,0,0,149,1,1
2020-04-02,Mexico,127792286,Michoacan,4825401,NA,NA,NA,NA,14,0,0,171,1,1
2020-04-04,Mexico,127792286,Michoacan,4825401,NA,NA,NA,NA,3,2,0,180,3,1
2020-04-06,Mexico,127792286,Michoacan,4825401,NA,NA,NA,NA,57,5,0,261,8,1
2020-04-08,Mexico,127792286,Michoacan,4825401,NA,NA,NA,NA,34,2,0,354,11,1
2020-04-10,Mexico,127792286,Michoacan,4825401,NA,NA,NA,NA,71,5,0,470,16,1
2020-04-12,Mexico,127792286,Michoacan,4825401,NA,NA,NA,NA,25,3,0,523,22,1
2020-04-14,Mexico,127792286,Michoacan,4825401,NA,NA,NA,NA,44,8,0,602,35,1
2020-04-16,Mexico,127792286,Michoacan,4825401,NA,NA,NA,NA,36,3,0,695,46,1
2020-04-18,Mexico,127792286,Michoacan,4825401,NA,NA,NA,NA,32,3,0,786,52,1
2020-04-20,Mexico,127792286,Michoacan,4825401,NA,NA,NA,NA,24,3,0,901,58,1
2020-04-22,Mexico,127792286,Michoacan,4825401,NA,NA,NA,NA,144,11,0,1157,82,1
2020-04-24,Mexico,127792286,Michoacan,4825401,NA,NA,NA,NA,200,9,0,1445,104,1
2020-04-26,Mexico,127792286,Michoacan,4825401,NA,NA,NA,NA,86,6,0,1694,116,1
2020-04-28,Mexico,127792286,Michoacan,4825401,NA,NA,NA,NA,39,3,0,258,37,1
2020-04-30,Mexico,127792286,Michoacan,4825401,NA,NA,NA,NA,36,4,0,323,42,1
2020-05-02,Mexico,127792286,Michoacan,4825401,NA,NA,NA,NA,23,3,0,378,48,1
2020-05-04,Mexico,127792286,Michoacan,4825401,NA,NA,NA,NA,7,3,0,388,54,1
2020-05-06,Mexico,127792286,Michoacan,4825401,NA,NA,NA,NA,29,1,0,436,57,1
2020-05-08,Mexico,127792286,Michoacan,4825401,NA,NA,NA,NA,32,1,0,519,59,1
2020-05-10,Mexico,127792286,Michoacan,4825401,NA,NA,NA,NA,14,5,0,588,67,1
2020-05-12,Mexico,127792286,Michoacan,4825401,NA,NA,NA,NA,36,2,0,632,73,1
2020-05-14,Mexico,127792286,Michoacan,4825401,NA,NA,NA,NA,42,2,0,741,79,1
2020-05-16,Mexico,127792286,Michoacan,4825401,NA,NA,NA,NA,94,6,0,883,87,1
2020-05-18,Mexico,127792286,Michoacan,4825401,NA,NA,NA,NA,16,3,0,956,91,1
2020-05-20,Mexico,127792286,Michoacan,4825401,NA,NA,NA,NA,52,3,0,1115,97,1
2020-05-22,Mexico,127792286,Michoacan,4825401,NA,NA,NA,NA,88,3,0,1272,110,1
2020-05-24,Mexico,127792286,Michoacan,4825401,NA,NA,NA,NA,41,1,0,1395,116,1
2020-05-26,Mexico,127792286,Michoacan,4825401,NA,NA,NA,NA,92,13,0,1522,132,1
2020-05-28,Mexico,127792286,Michoacan,4825401,NA,NA,NA,NA,102,7,0,1743,150,1
2020-05-30,Mexico,127792286,Michoacan,4825401,NA,NA,NA,NA,61,10,0,1907,163,1
2020-06-01,Mexico,127792286,Michoacan,4825401,NA,NA,NA,NA,36,4,0,1987,169,1
2020-06-03,Mexico,127792286,Michoacan,4825401,NA,NA,NA,NA,97,19,0,2161,194,1
2020-06-05,Mexico,127792286,Michoacan,4825401,NA,NA,NA,NA,99,14,0,2356,220,1
2020-06-07,Mexico,127792286,Michoacan,4825401,NA,NA,NA,NA,160,5,0,2528,228,1
2020-06-09,Mexico,127792286,Michoacan,4825401,NA,NA,NA,NA,296,10,0,2904,245,1
2020-06-11,Mexico,127792286,Michoacan,4825401,NA,NA,NA,NA,214,5,0,3232,262,1
2020-06-13,Mexico,127792286,Michoacan,4825401,NA,NA,NA,NA,83,4,0,3468,272,1
2020-06-15,Mexico,127792286,Michoacan,4825401,NA,NA,NA,NA,112,10,0,3658,287,1
2020-06-17,Mexico,127792286,Michoacan,4825401,NA,NA,NA,NA,321,17,0,4040,324,1
2020-06-19,Mexico,127792286,Michoacan,4825401,NA,NA,NA,NA,108,12,0,4340,353,1
2020-06-21,Mexico,127792286,Michoacan,4825401,NA,NA,NA,NA,14,3,0,4550,364,1
2020-06-23,Mexico,127792286,Michoacan,4825401,NA,NA,NA,NA,127,12,0,4837,388,1
2020-06-25,Mexico,127792286,Michoacan,4825401,NA,NA,NA,NA,274,14,0,5344,415,1
2020-06-27,Mexico,127792286,Michoacan,4825401,NA,NA,NA,NA,86,9,0,5536,429,1
2020-06-29,Mexico,127792286,Michoacan,4825401,NA,NA,NA,NA,62,10,0,5625,441,1
2020-07-01,Mexico,127792286,Michoacan,4825401,NA,NA,NA,NA,143,16,0,5867,466,1
2020-07-03,Mexico,127792286,Michoacan,4825401,NA,NA,NA,NA,91,8,0,6143,487,1
2020-07-05,Mexico,127792286,Michoacan,4825401,NA,NA,NA,NA,203,4,0,6416,495,1
2020-07-07,Mexico,127792286,Michoacan,4825401,NA,NA,NA,NA,101,11,0,6628,517,1
2020-07-09,Mexico,127792286,Michoacan,4825401,NA,NA,NA,NA,250,15,0,6950,544,1
2020-07-11,Mexico,127792286,Michoacan,4825401,NA,NA,NA,NA,105,1,0,7169,553,1
2020-07-13,Mexico,127792286,Michoacan,4825401,NA,NA,NA,NA,171,8,0,7339,563,1
2020-07-15,Mexico,127792286,Michoacan,4825401,NA,NA,NA,NA,38,6,0,7482,591,1
2020-07-17,Mexico,127792286,Michoacan,4825401,NA,NA,NA,NA,140,16,0,7826,619,1
2020-07-19,Mexico,127792286,Michoacan,4825401,NA,NA,NA,NA,70,2,0,8090,638,1
2020-07-21,Mexico,127792286,Michoacan,4825401,NA,NA,NA,NA,84,4,0,8296,644,1
2020-07-23,Mexico,127792286,Michoacan,4825401,NA,NA,NA,NA,259,4,0,8676,654,1
2020-07-25,Mexico,127792286,Michoacan,4825401,NA,NA,NA,NA,204,13,0,8945,672,1
2020-07-27,Mexico,127792286,Michoacan,4825401,NA,NA,NA,NA,119,10,0,9173,685,1
2020-07-29,Mexico,127792286,Michoacan,4825401,NA,NA,NA,NA,125,15,0,9401,710,1
2020-07-31,Mexico,127792286,Michoacan,4825401,NA,NA,NA,NA,233,32,0,9823,755,1
2020-08-02,Mexico,127792286,Michoacan,4825401,NA,NA,NA,NA,169,4,0,10138,768,1
2020-08-04,Mexico,127792286,Michoacan,4825401,NA,NA,NA,NA,139,5,0,10478,783,1
2020-08-06,Mexico,127792286,Michoacan,4825401,NA,NA,NA,NA,161,16,0,10696,816,1
2020-08-08,Mexico,127792286,Michoacan,4825401,NA,NA,NA,NA,178,8,0,11049,837,1
2020-08-10,Mexico,127792286,Michoacan,4825401,NA,NA,NA,NA,192,19,0,11451,867,1
2020-08-12,Mexico,127792286,Michoacan,4825401,NA,NA,NA,NA,179,20,0,11735,904,1
2020-08-14,Mexico,127792286,Michoacan,4825401,NA,NA,NA,NA,122,25,0,12000,952,1
2020-02-25,Mexico,127792286,Morelos,2044058,NA,NA,NA,NA,NA,NA,NA,0,0,0
2020-02-27,Mexico,127792286,Morelos,2044058,NA,NA,NA,NA,0,0,0,0,0,0
2020-02-29,Mexico,127792286,Morelos,2044058,NA,NA,NA,NA,0,0,0,0,0,0
2020-03-02,Mexico,127792286,Morelos,2044058,NA,NA,NA,NA,0,0,0,0,0,0
2020-03-04,Mexico,127792286,Morelos,2044058,NA,NA,NA,NA,0,0,0,0,0,0
2020-03-06,Mexico,127792286,Morelos,2044058,NA,NA,NA,NA,0,0,0,0,0,0
2020-03-08,Mexico,127792286,Morelos,2044058,NA,NA,NA,NA,0,0,0,0,0,0
2020-03-10,Mexico,127792286,Morelos,2044058,NA,NA,NA,NA,0,0,0,0,0,0
2020-03-12,Mexico,127792286,Morelos,2044058,NA,NA,NA,NA,0,0,0,0,0,0
2020-03-14,Mexico,127792286,Morelos,2044058,NA,NA,NA,NA,0,0,0,0,0,0
2020-03-16,Mexico,127792286,Morelos,2044058,NA,NA,NA,NA,0,0,0,0,0,0
2020-03-18,Mexico,127792286,Morelos,2044058,NA,NA,NA,NA,0,0,0,0,0,0
2020-03-20,Mexico,127792286,Morelos,2044058,NA,NA,NA,NA,0,0,0,0,0,0
2020-03-22,Mexico,127792286,Morelos,2044058,NA,NA,NA,NA,3,0,0,3,0,0
2020-03-24,Mexico,127792286,Morelos,2044058,NA,NA,NA,NA,1,0,0,8,0,0
2020-03-26,Mexico,127792286,Morelos,2044058,NA,NA,NA,NA,1,0,0,11,0,0
2020-03-28,Mexico,127792286,Morelos,2044058,NA,NA,NA,NA,1,0,0,17,1,0
2020-03-30,Mexico,127792286,Morelos,2044058,NA,NA,NA,NA,0,0,0,17,1,0
2020-04-01,Mexico,127792286,Morelos,2044058,NA,NA,NA,NA,3,0,0,24,1,0
2020-04-03,Mexico,127792286,Morelos,2044058,NA,NA,NA,NA,0,0,0,24,1,0
2020-04-05,Mexico,127792286,Morelos,2044058,NA,NA,NA,NA,1,2,0,30,3,0
2020-04-07,Mexico,127792286,Morelos,2044058,NA,NA,NA,NA,1,1,0,34,4,0
2020-04-09,Mexico,127792286,Morelos,2044058,NA,NA,NA,NA,10,0,0,46,5,0
2020-04-11,Mexico,127792286,Morelos,2044058,NA,NA,NA,NA,4,1,0,50,8,0
2020-04-13,Mexico,127792286,Morelos,2044058,NA,NA,NA,NA,1,0,0,62,9,0
2020-04-15,Mexico,127792286,Morelos,2044058,NA,NA,NA,NA,3,1,0,70,12,0
2020-04-17,Mexico,127792286,Morelos,2044058,NA,NA,NA,NA,15,1,0,99,14,0
2020-04-19,Mexico,127792286,Morelos,2044058,NA,NA,NA,NA,8,1,0,115,17,0
2020-04-21,Mexico,127792286,Morelos,2044058,NA,NA,NA,NA,12,2,0,139,19,0
2020-04-23,Mexico,127792286,Morelos,2044058,NA,NA,NA,NA,22,3,0,168,24,0
2020-04-25,Mexico,127792286,Morelos,2044058,NA,NA,NA,NA,16,2,0,195,28,0
2020-04-27,Mexico,127792286,Morelos,2044058,NA,NA,NA,NA,0,0,0,181,27,0
2020-04-29,Mexico,127792286,Morelos,2044058,NA,NA,NA,NA,32,2,0,261,30,0
2020-05-01,Mexico,127792286,Morelos,2044058,NA,NA,NA,NA,42,7,0,349,43,0
2020-05-03,Mexico,127792286,Morelos,2044058,NA,NA,NA,NA,13,3,0,413,49,0
2020-05-05,Mexico,127792286,Morelos,2044058,NA,NA,NA,NA,52,12,0,539,69,0
2020-05-07,Mexico,127792286,Morelos,2044058,NA,NA,NA,NA,45,10,0,642,84,0
2020-05-09,Mexico,127792286,Morelos,2044058,NA,NA,NA,NA,63,6,0,760,99,0
2020-05-11,Mexico,127792286,Morelos,2044058,NA,NA,NA,NA,15,0,0,801,99,0
2020-05-13,Mexico,127792286,Morelos,2044058,NA,NA,NA,NA,39,9,0,895,134,0
2020-05-15,Mexico,127792286,Morelos,2044058,NA,NA,NA,NA,39,3,0,999,142,0
2020-05-17,Mexico,127792286,Morelos,2044058,NA,NA,NA,NA,58,6,0,1070,150,0
2020-05-19,Mexico,127792286,Morelos,2044058,NA,NA,NA,NA,0,32,0,1073,182,0
2020-05-21,Mexico,127792286,Morelos,2044058,NA,NA,NA,NA,45,5,0,1132,210,0
2020-05-23,Mexico,127792286,Morelos,2044058,NA,NA,NA,NA,32,10,0,1134,238,0
2020-05-25,Mexico,127792286,Morelos,2044058,NA,NA,NA,NA,18,3,0,1196,239,0
2020-05-27,Mexico,127792286,Morelos,2044058,NA,NA,NA,NA,37,2,0,1218,250,0
2020-05-29,Mexico,127792286,Morelos,2044058,NA,NA,NA,NA,26,3,0,1280,262,0
2020-05-31,Mexico,127792286,Morelos,2044058,NA,NA,NA,NA,0,3,0,1341,265,0
2020-06-02,Mexico,127792286,Morelos,2044058,NA,NA,NA,NA,33,3,0,1380,273,0
2020-06-04,Mexico,127792286,Morelos,2044058,NA,NA,NA,NA,18,7,0,1423,288,0
2020-06-06,Mexico,127792286,Morelos,2044058,NA,NA,NA,NA,33,1,0,1508,296,0
2020-06-08,Mexico,127792286,Morelos,2044058,NA,NA,NA,NA,0,0,0,1544,298,0
2020-06-10,Mexico,127792286,Morelos,2044058,NA,NA,NA,NA,66,7,0,1637,319,0
2020-06-12,Mexico,127792286,Morelos,2044058,NA,NA,NA,NA,48,8,0,1725,334,0
2020-06-14,Mexico,127792286,Morelos,2044058,NA,NA,NA,NA,34,1,0,1789,335,0
2020-06-16,Mexico,127792286,Morelos,2044058,NA,NA,NA,NA,31,13,0,1838,349,0
2020-06-18,Mexico,127792286,Morelos,2044058,NA,NA,NA,NA,49,6,0,1945,361,0
2020-06-20,Mexico,127792286,Morelos,2044058,NA,NA,NA,NA,35,6,0,2017,372,0
2020-06-22,Mexico,127792286,Morelos,2044058,NA,NA,NA,NA,131,93,0,2334,625,0
2020-06-24,Mexico,127792286,Morelos,2044058,NA,NA,NA,NA,132,6,0,2541,639,0
2020-06-26,Mexico,127792286,Morelos,2044058,NA,NA,NA,NA,46,4,0,2636,644,0
2020-06-28,Mexico,127792286,Morelos,2044058,NA,NA,NA,NA,14,3,0,2729,651,0
2020-06-30,Mexico,127792286,Morelos,2044058,NA,NA,NA,NA,45,12,0,2790,665,0
2020-07-02,Mexico,127792286,Morelos,2044058,NA,NA,NA,NA,44,5,0,2921,683,0
2020-07-04,Mexico,127792286,Morelos,2044058,NA,NA,NA,NA,37,1,0,3021,693,0
2020-07-06,Mexico,127792286,Morelos,2044058,NA,NA,NA,NA,24,9,0,3047,704,0
2020-07-08,Mexico,127792286,Morelos,2044058,NA,NA,NA,NA,32,9,0,3098,715,0
2020-07-10,Mexico,127792286,Morelos,2044058,NA,NA,NA,NA,34,6,0,3179,735,0
2020-07-12,Mexico,127792286,Morelos,2044058,NA,NA,NA,NA,29,5,0,3216,744,0
2020-07-14,Mexico,127792286,Morelos,2044058,NA,NA,NA,NA,16,4,0,3246,750,0
2020-07-16,Mexico,127792286,Morelos,2044058,NA,NA,NA,NA,34,3,0,3345,760,0
2020-07-18,Mexico,127792286,Morelos,2044058,NA,NA,NA,NA,47,3,0,3442,774,0
2020-07-20,Mexico,127792286,Morelos,2044058,NA,NA,NA,NA,22,2,0,3473,777,0
2020-07-22,Mexico,127792286,Morelos,2044058,NA,NA,NA,NA,25,7,0,3549,795,0
2020-07-24,Mexico,127792286,Morelos,2044058,NA,NA,NA,NA,15,2,0,3602,802,0
2020-07-26,Mexico,127792286,Morelos,2044058,NA,NA,NA,NA,23,6,0,3680,818,0
2020-07-28,Mexico,127792286,Morelos,2044058,NA,NA,NA,NA,47,9,0,3744,828,0
2020-07-30,Mexico,127792286,Morelos,2044058,NA,NA,NA,NA,40,0,0,3807,835,0
2020-08-01,Mexico,127792286,Morelos,2044058,NA,NA,NA,NA,76,1,0,3908,840,0
2020-08-03,Mexico,127792286,Morelos,2044058,NA,NA,NA,NA,28,1,0,3964,843,0
2020-08-05,Mexico,127792286,Morelos,2044058,NA,NA,NA,NA,37,6,0,4027,854,0
2020-08-07,Mexico,127792286,Morelos,2044058,NA,NA,NA,NA,63,7,0,4142,868,0
2020-08-09,Mexico,127792286,Morelos,2044058,NA,NA,NA,NA,33,0,0,4213,872,0
2020-08-11,Mexico,127792286,Morelos,2044058,NA,NA,NA,NA,13,3,0,4238,877,0
2020-08-13,Mexico,127792286,Morelos,2044058,NA,NA,NA,NA,47,3,0,4326,885,0
2020-08-15,Mexico,127792286,Morelos,2044058,NA,NA,NA,NA,33,3,0,4414,903,0
2020-02-26,Mexico,127792286,Mexico,17427790,NA,NA,NA,NA,NA,NA,NA,0,0,0
2020-02-28,Mexico,127792286,Mexico,17427790,NA,NA,NA,NA,0,0,0,0,0,0
2020-03-01,Mexico,127792286,Mexico,17427790,NA,NA,NA,NA,0,0,0,0,0,0
2020-03-03,Mexico,127792286,Mexico,17427790,NA,NA,NA,NA,0,0,0,0,0,0
2020-03-05,Mexico,127792286,Mexico,17427790,NA,NA,NA,NA,0,0,0,0,0,0
2020-03-07,Mexico,127792286,Mexico,17427790,NA,NA,NA,NA,0,0,0,0,0,0
2020-03-09,Mexico,127792286,Mexico,17427790,NA,NA,NA,NA,0,0,0,0,0,0
2020-03-11,Mexico,127792286,Mexico,17427790,NA,NA,NA,NA,0,0,0,0,0,0
2020-03-13,Mexico,127792286,Mexico,17427790,NA,NA,NA,NA,0,0,0,0,0,0
2020-03-15,Mexico,127792286,Mexico,17427790,NA,NA,NA,NA,0,0,0,0,0,0
2020-03-17,Mexico,127792286,Mexico,17427790,NA,NA,NA,NA,0,0,0,0,0,0
2020-03-19,Mexico,127792286,Mexico,17427790,NA,NA,NA,NA,0,0,0,0,0,0
2020-03-21,Mexico,127792286,Mexico,17427790,NA,NA,NA,NA,0,0,0,2,0,0
2020-03-23,Mexico,127792286,Mexico,17427790,NA,NA,NA,NA,0,0,0,2,0,0
2020-03-25,Mexico,127792286,Mexico,17427790,NA,NA,NA,NA,0,0,0,2,0,0
2020-03-27,Mexico,127792286,Mexico,17427790,NA,NA,NA,NA,0,0,0,4,0,0
2020-03-29,Mexico,127792286,Mexico,17427790,NA,NA,NA,NA,2,1,0,6,1,0
2020-03-31,Mexico,127792286,Mexico,17427790,NA,NA,NA,NA,1,0,0,7,1,0
2020-04-02,Mexico,127792286,Mexico,17427790,NA,NA,NA,NA,0,2,0,9,3,0
2020-04-04,Mexico,127792286,Mexico,17427790,NA,NA,NA,NA,2,0,0,14,3,0
2020-04-06,Mexico,127792286,Mexico,17427790,NA,NA,NA,NA,2,0,0,17,3,0
2020-04-08,Mexico,127792286,Mexico,17427790,NA,NA,NA,NA,2,1,0,26,5,0
2020-04-10,Mexico,127792286,Mexico,17427790,NA,NA,NA,NA,0,0,0,35,7,0
2020-04-12,Mexico,127792286,Mexico,17427790,NA,NA,NA,NA,4,0,0,44,7,0
2020-04-14,Mexico,127792286,Mexico,17427790,NA,NA,NA,NA,4,2,0,53,9,0
2020-04-16,Mexico,127792286,Mexico,17427790,NA,NA,NA,NA,2,0,0,58,10,0
2020-04-18,Mexico,127792286,Mexico,17427790,NA,NA,NA,NA,4,1,0,77,11,0
2020-04-20,Mexico,127792286,Mexico,17427790,NA,NA,NA,NA,3,0,0,85,12,0
2020-04-22,Mexico,127792286,Mexico,17427790,NA,NA,NA,NA,7,4,0,96,18,0
2020-04-24,Mexico,127792286,Mexico,17427790,NA,NA,NA,NA,23,4,0,135,24,0
2020-04-26,Mexico,127792286,Mexico,17427790,NA,NA,NA,NA,20,2,0,178,27,0
2020-04-28,Mexico,127792286,Mexico,17427790,NA,NA,NA,NA,213,6,0,1966,128,0
2020-04-30,Mexico,127792286,Mexico,17427790,NA,NA,NA,NA,205,26,0,2258,169,0
2020-05-02,Mexico,127792286,Mexico,17427790,NA,NA,NA,NA,111,6,0,2615,191,0
2020-05-04,Mexico,127792286,Mexico,17427790,NA,NA,NA,NA,244,8,0,3086,207,0
2020-05-06,Mexico,127792286,Mexico,17427790,NA,NA,NA,NA,164,17,0,3374,244,0
2020-05-08,Mexico,127792286,Mexico,17427790,NA,NA,NA,NA,182,25,0,3863,300,0
2020-05-10,Mexico,127792286,Mexico,17427790,NA,NA,NA,NA,121,19,0,4146,340,0
2020-05-12,Mexico,127792286,Mexico,17427790,NA,NA,NA,NA,264,35,0,4521,378,0
2020-05-14,Mexico,127792286,Mexico,17427790,NA,NA,NA,NA,309,28,0,4998,433,0
2020-05-16,Mexico,127792286,Mexico,17427790,NA,NA,NA,NA,201,17,0,5369,470,0
2020-05-18,Mexico,127792286,Mexico,17427790,NA,NA,NA,NA,189,6,0,5758,484,0
2020-05-20,Mexico,127792286,Mexico,17427790,NA,NA,NA,NA,187,60,0,6221,563,0
2020-05-22,Mexico,127792286,Mexico,17427790,NA,NA,NA,NA,328,187,0,6697,809,0
2020-05-24,Mexico,127792286,Mexico,17427790,NA,NA,NA,NA,282,4,0,7163,846,0
2020-05-26,Mexico,127792286,Mexico,17427790,NA,NA,NA,NA,731,71,0,8245,943,0
2020-05-28,Mexico,127792286,Mexico,17427790,NA,NA,NA,NA,228,44,0,9134,1046,0
2020-05-30,Mexico,127792286,Mexico,17427790,NA,NA,NA,NA,99,61,0,9464,1148,0
2020-06-01,Mexico,127792286,Mexico,17427790,NA,NA,NA,NA,240,9,0,10095,1168,0
2020-06-03,Mexico,127792286,Mexico,17427790,NA,NA,NA,NA,370,100,0,10824,1305,0
2020-06-05,Mexico,127792286,Mexico,17427790,NA,NA,NA,NA,413,56,0,11801,1531,0
2020-06-07,Mexico,127792286,Mexico,17427790,NA,NA,NA,NA,229,15,0,12186,1563,0
2020-06-09,Mexico,127792286,Mexico,17427790,NA,NA,NA,NA,540,30,0,13053,1651,0
2020-06-11,Mexico,127792286,Mexico,17427790,NA,NA,NA,NA,667,52,0,14546,1813,0
2020-06-13,Mexico,127792286,Mexico,17427790,NA,NA,NA,NA,214,46,0,15285,1931,0
2020-06-15,Mexico,127792286,Mexico,17427790,NA,NA,NA,NA,231,53,0,15906,2005,0
2020-06-17,Mexico,127792286,Mexico,17427790,NA,NA,NA,NA,509,113,0,17130,2222,0
2020-06-19,Mexico,127792286,Mexico,17427790,NA,NA,NA,NA,399,114,0,18029,2457,0
2020-06-21,Mexico,127792286,Mexico,17427790,NA,NA,NA,NA,1164,590,0,19459,3092,0
2020-06-23,Mexico,127792286,Mexico,17427790,NA,NA,NA,NA,474,100,0,20804,3515,0
2020-06-25,Mexico,127792286,Mexico,17427790,NA,NA,NA,NA,741,162,0,22500,3873,0
2020-06-27,Mexico,127792286,Mexico,17427790,NA,NA,NA,NA,290,135,0,23247,4156,0
2020-06-29,Mexico,127792286,Mexico,17427790,NA,NA,NA,NA,142,36,0,23625,4200,0
2020-07-01,Mexico,127792286,Mexico,17427790,NA,NA,NA,NA,623,138,0,24741,4450,0
2020-07-03,Mexico,127792286,Mexico,17427790,NA,NA,NA,NA,618,101,0,25842,4615,0
2020-07-05,Mexico,127792286,Mexico,17427790,NA,NA,NA,NA,265,11,0,26683,4681,0
2020-07-07,Mexico,127792286,Mexico,17427790,NA,NA,NA,NA,805,140,0,27875,4894,0
2020-07-09,Mexico,127792286,Mexico,17427790,NA,NA,NA,NA,754,77,0,29226,5062,0
2020-07-11,Mexico,127792286,Mexico,17427790,NA,NA,NA,NA,306,51,0,29835,5160,0
2020-07-13,Mexico,127792286,Mexico,17427790,NA,NA,NA,NA,335,53,0,30407,5237,0
2020-07-15,Mexico,127792286,Mexico,17427790,NA,NA,NA,NA,407,61,0,31426,5439,0
2020-07-17,Mexico,127792286,Mexico,17427790,NA,NA,NA,NA,309,72,0,32235,5596,0
2020-07-19,Mexico,127792286,Mexico,17427790,NA,NA,NA,NA,142,14,0,32876,5665,0
2020-07-21,Mexico,127792286,Mexico,17427790,NA,NA,NA,NA,566,126,0,33521,5814,0
2020-07-23,Mexico,127792286,Mexico,17427790,NA,NA,NA,NA,316,80,0,34433,5979,0
2020-07-25,Mexico,127792286,Mexico,17427790,NA,NA,NA,NA,368,73,0,35056,6108,0
2020-07-27,Mexico,127792286,Mexico,17427790,NA,NA,NA,NA,158,16,0,35480,6145,0
2020-07-29,Mexico,127792286,Mexico,17427790,NA,NA,NA,NA,566,42,0,36696,6264,0
2020-07-31,Mexico,127792286,Mexico,17427790,NA,NA,NA,NA,316,63,0,37493,6379,0
2020-08-02,Mexico,127792286,Mexico,17427790,NA,NA,NA,NA,170,11,0,38340,6511,0
2020-08-04,Mexico,127792286,Mexico,17427790,NA,NA,NA,NA,676,93,0,39303,6629,0
2020-08-06,Mexico,127792286,Mexico,17427790,NA,NA,NA,NA,517,73,0,40222,6768,0
2020-08-08,Mexico,127792286,Mexico,17427790,NA,NA,NA,NA,334,46,0,40917,6915,0
2020-08-10,Mexico,127792286,Mexico,17427790,NA,NA,NA,NA,341,39,0,41474,6967,0
2020-08-12,Mexico,127792286,Mexico,17427790,NA,NA,NA,NA,719,64,0,42711,7116,0
2020-08-14,Mexico,127792286,Mexico,17427790,NA,NA,NA,NA,407,63,0,43572,7225,0
2020-02-25,Mexico,127792286,Nayarit,1288571,NA,NA,NA,NA,NA,NA,NA,0,0,0
2020-02-27,Mexico,127792286,Nayarit,1288571,NA,NA,NA,NA,0,0,0,0,0,0
2020-02-29,Mexico,127792286,Nayarit,1288571,NA,NA,NA,NA,0,0,0,0,0,0
2020-03-02,Mexico,127792286,Nayarit,1288571,NA,NA,NA,NA,0,0,0,0,0,0
2020-03-04,Mexico,127792286,Nayarit,1288571,NA,NA,NA,NA,0,0,0,0,0,0
2020-03-06,Mexico,127792286,Nayarit,1288571,NA,NA,NA,NA,0,0,0,0,0,0
2020-03-08,Mexico,127792286,Nayarit,1288571,NA,NA,NA,NA,0,0,0,0,0,0
2020-03-10,Mexico,127792286,Nayarit,1288571,NA,NA,NA,NA,0,0,0,0,0,0
2020-03-12,Mexico,127792286,Nayarit,1288571,NA,NA,NA,NA,0,0,0,0,0,0
2020-03-14,Mexico,127792286,Nayarit,1288571,NA,NA,NA,NA,0,0,0,0,0,0
2020-03-16,Mexico,127792286,Nayarit,1288571,NA,NA,NA,NA,0,0,0,0,0,0
2020-03-18,Mexico,127792286,Nayarit,1288571,NA,NA,NA,NA,0,0,0,0,0,0
2020-03-20,Mexico,127792286,Nayarit,1288571,NA,NA,NA,NA,0,0,0,0,0,0
2020-03-22,Mexico,127792286,Nayarit,1288571,NA,NA,NA,NA,0,0,0,1,0,0
2020-03-24,Mexico,127792286,Nayarit,1288571,NA,NA,NA,NA,0,0,0,1,0,0
2020-03-26,Mexico,127792286,Nayarit,1288571,NA,NA,NA,NA,0,0,0,4,0,0
2020-03-28,Mexico,127792286,Nayarit,1288571,NA,NA,NA,NA,0,0,0,5,0,0
2020-03-30,Mexico,127792286,Nayarit,1288571,NA,NA,NA,NA,1,0,0,6,0,0
2020-04-01,Mexico,127792286,Nayarit,1288571,NA,NA,NA,NA,2,1,0,8,1,0
2020-04-03,Mexico,127792286,Nayarit,1288571,NA,NA,NA,NA,0,0,0,8,1,0
2020-04-05,Mexico,127792286,Nayarit,1288571,NA,NA,NA,NA,0,0,0,9,1,0
2020-04-07,Mexico,127792286,Nayarit,1288571,NA,NA,NA,NA,0,0,0,10,1,0
2020-04-09,Mexico,127792286,Nayarit,1288571,NA,NA,NA,NA,4,2,0,16,3,0
2020-04-11,Mexico,127792286,Nayarit,1288571,NA,NA,NA,NA,2,1,0,21,4,0
2020-04-13,Mexico,127792286,Nayarit,1288571,NA,NA,NA,NA,3,0,0,25,4,0
2020-04-15,Mexico,127792286,Nayarit,1288571,NA,NA,NA,NA,2,1,0,27,5,0
2020-04-17,Mexico,127792286,Nayarit,1288571,NA,NA,NA,NA,2,0,0,31,5,0
2020-04-19,Mexico,127792286,Nayarit,1288571,NA,NA,NA,NA,2,0,0,35,5,0
2020-04-21,Mexico,127792286,Nayarit,1288571,NA,NA,NA,NA,4,0,0,41,5,0
2020-04-23,Mexico,127792286,Nayarit,1288571,NA,NA,NA,NA,6,1,0,49,7,0
2020-04-25,Mexico,127792286,Nayarit,1288571,NA,NA,NA,NA,2,0,0,53,7,0
2020-04-27,Mexico,127792286,Nayarit,1288571,NA,NA,NA,NA,1,0,0,58,7,0
2020-04-29,Mexico,127792286,Nayarit,1288571,NA,NA,NA,NA,5,1,0,66,12,0
2020-05-01,Mexico,127792286,Nayarit,1288571,NA,NA,NA,NA,3,0,0,89,12,0
2020-05-03,Mexico,127792286,Nayarit,1288571,NA,NA,NA,NA,8,0,0,107,12,0
2020-05-05,Mexico,127792286,Nayarit,1288571,NA,NA,NA,NA,8,4,0,124,17,0
2020-05-07,Mexico,127792286,Nayarit,1288571,NA,NA,NA,NA,28,0,0,170,20,0
2020-05-09,Mexico,127792286,Nayarit,1288571,NA,NA,NA,NA,6,1,0,199,22,0
2020-05-11,Mexico,127792286,Nayarit,1288571,NA,NA,NA,NA,16,0,0,224,23,0
2020-05-13,Mexico,127792286,Nayarit,1288571,NA,NA,NA,NA,4,1,0,237,26,0
2020-05-15,Mexico,127792286,Nayarit,1288571,NA,NA,NA,NA,13,0,0,273,26,0
2020-05-17,Mexico,127792286,Nayarit,1288571,NA,NA,NA,NA,9,1,0,300,30,0
2020-05-19,Mexico,127792286,Nayarit,1288571,NA,NA,NA,NA,12,4,0,320,35,0
2020-05-21,Mexico,127792286,Nayarit,1288571,NA,NA,NA,NA,13,1,0,348,38,0
2020-05-23,Mexico,127792286,Nayarit,1288571,NA,NA,NA,NA,22,1,0,386,41,0
2020-05-25,Mexico,127792286,Nayarit,1288571,NA,NA,NA,NA,19,0,0,420,42,0
2020-05-27,Mexico,127792286,Nayarit,1288571,NA,NA,NA,NA,20,1,0,457,46,0
2020-05-29,Mexico,127792286,Nayarit,1288571,NA,NA,NA,NA,21,2,0,500,51,0
2020-05-31,Mexico,127792286,Nayarit,1288571,NA,NA,NA,NA,29,1,0,555,53,0
2020-06-02,Mexico,127792286,Nayarit,1288571,NA,NA,NA,NA,13,9,0,610,68,0
2020-06-04,Mexico,127792286,Nayarit,1288571,NA,NA,NA,NA,41,3,0,665,78,0
2020-06-06,Mexico,127792286,Nayarit,1288571,NA,NA,NA,NA,29,4,0,721,85,0
2020-06-08,Mexico,127792286,Nayarit,1288571,NA,NA,NA,NA,25,1,0,781,87,0
2020-06-10,Mexico,127792286,Nayarit,1288571,NA,NA,NA,NA,31,6,0,835,96,0
2020-06-12,Mexico,127792286,Nayarit,1288571,NA,NA,NA,NA,42,7,0,913,108,0
2020-06-14,Mexico,127792286,Nayarit,1288571,NA,NA,NA,NA,37,1,0,984,111,0
2020-06-16,Mexico,127792286,Nayarit,1288571,NA,NA,NA,NA,45,12,0,1045,125,0
2020-06-18,Mexico,127792286,Nayarit,1288571,NA,NA,NA,NA,39,11,0,1127,137,0
2020-06-20,Mexico,127792286,Nayarit,1288571,NA,NA,NA,NA,51,4,0,1221,144,0
2020-06-22,Mexico,127792286,Nayarit,1288571,NA,NA,NA,NA,10,2,0,1299,153,0
2020-06-24,Mexico,127792286,Nayarit,1288571,NA,NA,NA,NA,52,2,0,1388,162,0
2020-06-26,Mexico,127792286,Nayarit,1288571,NA,NA,NA,NA,48,9,0,1486,177,0
2020-06-28,Mexico,127792286,Nayarit,1288571,NA,NA,NA,NA,66,2,0,1609,185,0
2020-06-30,Mexico,127792286,Nayarit,1288571,NA,NA,NA,NA,46,6,0,1677,201,0
2020-07-02,Mexico,127792286,Nayarit,1288571,NA,NA,NA,NA,64,1,0,1792,209,0
2020-07-04,Mexico,127792286,Nayarit,1288571,NA,NA,NA,NA,54,1,0,1910,213,0
2020-07-06,Mexico,127792286,Nayarit,1288571,NA,NA,NA,NA,13,2,0,1987,216,0
2020-07-08,Mexico,127792286,Nayarit,1288571,NA,NA,NA,NA,70,4,0,2094,229,0
2020-07-10,Mexico,127792286,Nayarit,1288571,NA,NA,NA,NA,45,6,0,2196,242,0
2020-07-12,Mexico,127792286,Nayarit,1288571,NA,NA,NA,NA,92,0,0,2340,249,0
2020-07-14,Mexico,127792286,Nayarit,1288571,NA,NA,NA,NA,44,13,0,2406,264,0
2020-07-16,Mexico,127792286,Nayarit,1288571,NA,NA,NA,NA,67,7,0,2543,271,0
2020-07-18,Mexico,127792286,Nayarit,1288571,NA,NA,NA,NA,80,13,0,2668,284,0
2020-07-20,Mexico,127792286,Nayarit,1288571,NA,NA,NA,NA,25,2,0,2746,287,0
2020-07-22,Mexico,127792286,Nayarit,1288571,NA,NA,NA,NA,71,12,0,2885,303,0
2020-07-24,Mexico,127792286,Nayarit,1288571,NA,NA,NA,NA,71,16,0,3018,325,0
2020-07-26,Mexico,127792286,Nayarit,1288571,NA,NA,NA,NA,48,1,0,3133,341,0
2020-07-28,Mexico,127792286,Nayarit,1288571,NA,NA,NA,NA,74,9,0,3235,356,0
2020-07-30,Mexico,127792286,Nayarit,1288571,NA,NA,NA,NA,34,12,0,3303,383,0
2020-08-01,Mexico,127792286,Nayarit,1288571,NA,NA,NA,NA,74,5,0,3454,392,0
2020-08-03,Mexico,127792286,Nayarit,1288571,NA,NA,NA,NA,41,4,0,3533,400,0
2020-08-05,Mexico,127792286,Nayarit,1288571,NA,NA,NA,NA,32,10,0,3609,420,0
2020-08-07,Mexico,127792286,Nayarit,1288571,NA,NA,NA,NA,68,11,0,3739,436,0
2020-08-09,Mexico,127792286,Nayarit,1288571,NA,NA,NA,NA,64,1,0,3886,444,0
2020-08-11,Mexico,127792286,Nayarit,1288571,NA,NA,NA,NA,19,15,0,3951,463,0
2020-08-13,Mexico,127792286,Nayarit,1288571,NA,NA,NA,NA,45,4,0,4070,472,0
2020-08-15,Mexico,127792286,Nayarit,1288571,NA,NA,NA,NA,81,8,0,4210,484,0
2020-02-26,Mexico,127792286,Nuevo Leon,5610153,NA,NA,NA,NA,NA,NA,NA,0,0,0
2020-02-28,Mexico,127792286,Nuevo Leon,5610153,NA,NA,NA,NA,0,0,0,0,0,0
2020-03-01,Mexico,127792286,Nuevo Leon,5610153,NA,NA,NA,NA,0,0,0,0,0,0
2020-03-03,Mexico,127792286,Nuevo Leon,5610153,NA,NA,NA,NA,0,0,0,0,0,0
2020-03-05,Mexico,127792286,Nuevo Leon,5610153,NA,NA,NA,NA,0,0,0,0,0,0
2020-03-07,Mexico,127792286,Nuevo Leon,5610153,NA,NA,NA,NA,0,0,0,0,0,0
2020-03-09,Mexico,127792286,Nuevo Leon,5610153,NA,NA,NA,NA,0,0,0,0,0,0
2020-03-11,Mexico,127792286,Nuevo Leon,5610153,NA,NA,NA,NA,0,0,0,0,0,0
2020-03-13,Mexico,127792286,Nuevo Leon,5610153,NA,NA,NA,NA,0,0,0,1,0,0
2020-03-15,Mexico,127792286,Nuevo Leon,5610153,NA,NA,NA,NA,2,0,0,5,0,0
2020-03-17,Mexico,127792286,Nuevo Leon,5610153,NA,NA,NA,NA,1,0,0,14,0,0
2020-03-19,Mexico,127792286,Nuevo Leon,5610153,NA,NA,NA,NA,0,0,0,19,0,0
2020-03-21,Mexico,127792286,Nuevo Leon,5610153,NA,NA,NA,NA,3,0,0,32,0,0
2020-03-23,Mexico,127792286,Nuevo Leon,5610153,NA,NA,NA,NA,5,0,0,40,0,0
2020-03-25,Mexico,127792286,Nuevo Leon,5610153,NA,NA,NA,NA,0,0,0,52,0,0
2020-03-27,Mexico,127792286,Nuevo Leon,5610153,NA,NA,NA,NA,7,0,0,64,0,0
2020-03-29,Mexico,127792286,Nuevo Leon,5610153,NA,NA,NA,NA,3,0,0,67,0,0
2020-03-31,Mexico,127792286,Nuevo Leon,5610153,NA,NA,NA,NA,1,0,0,76,0,0
2020-04-02,Mexico,127792286,Nuevo Leon,5610153,NA,NA,NA,NA,6,0,0,84,0,0
2020-04-04,Mexico,127792286,Nuevo Leon,5610153,NA,NA,NA,NA,3,1,0,88,1,0
2020-04-06,Mexico,127792286,Nuevo Leon,5610153,NA,NA,NA,NA,2,1,0,93,3,0
2020-04-08,Mexico,127792286,Nuevo Leon,5610153,NA,NA,NA,NA,5,0,0,98,4,0
2020-04-10,Mexico,127792286,Nuevo Leon,5610153,NA,NA,NA,NA,3,0,0,110,5,0
2020-04-12,Mexico,127792286,Nuevo Leon,5610153,NA,NA,NA,NA,5,0,0,124,5,0
2020-04-14,Mexico,127792286,Nuevo Leon,5610153,NA,NA,NA,NA,4,0,0,136,5,0
2020-04-16,Mexico,127792286,Nuevo Leon,5610153,NA,NA,NA,NA,9,0,0,159,5,0
2020-04-18,Mexico,127792286,Nuevo Leon,5610153,NA,NA,NA,NA,13,1,0,172,6,0
2020-04-20,Mexico,127792286,Nuevo Leon,5610153,NA,NA,NA,NA,18,0,0,202,6,0
2020-04-22,Mexico,127792286,Nuevo Leon,5610153,NA,NA,NA,NA,18,0,0,221,6,0
2020-04-24,Mexico,127792286,Nuevo Leon,5610153,NA,NA,NA,NA,11,2,0,270,9,0
2020-04-26,Mexico,127792286,Nuevo Leon,5610153,NA,NA,NA,NA,5,0,0,287,9,0
2020-04-28,Mexico,127792286,Nuevo Leon,5610153,NA,NA,NA,NA,15,2,0,310,12,0
2020-04-30,Mexico,127792286,Nuevo Leon,5610153,NA,NA,NA,NA,22,3,0,346,16,0
2020-05-02,Mexico,127792286,Nuevo Leon,5610153,NA,NA,NA,NA,39,2,0,415,19,0
2020-05-04,Mexico,127792286,Nuevo Leon,5610153,NA,NA,NA,NA,23,3,0,451,23,0
2020-05-06,Mexico,127792286,Nuevo Leon,5610153,NA,NA,NA,NA,42,3,0,520,28,0
2020-05-08,Mexico,127792286,Nuevo Leon,5610153,NA,NA,NA,NA,35,1,0,609,33,0
2020-05-10,Mexico,127792286,Nuevo Leon,5610153,NA,NA,NA,NA,34,0,0,650,33,0
2020-05-12,Mexico,127792286,Nuevo Leon,5610153,NA,NA,NA,NA,22,3,0,694,36,0
2020-05-14,Mexico,127792286,Nuevo Leon,5610153,NA,NA,NA,NA,38,3,0,762,42,0
2020-05-16,Mexico,127792286,Nuevo Leon,5610153,NA,NA,NA,NA,16,0,0,800,49,0
2020-05-18,Mexico,127792286,Nuevo Leon,5610153,NA,NA,NA,NA,16,0,0,884,49,0
2020-05-20,Mexico,127792286,Nuevo Leon,5610153,NA,NA,NA,NA,60,2,0,1023,56,0
2020-05-22,Mexico,127792286,Nuevo Leon,5610153,NA,NA,NA,NA,52,4,0,1095,62,0
2020-05-24,Mexico,127792286,Nuevo Leon,5610153,NA,NA,NA,NA,29,0,0,1154,62,0
2020-05-26,Mexico,127792286,Nuevo Leon,5610153,NA,NA,NA,NA,53,4,0,1227,71,0
2020-05-28,Mexico,127792286,Nuevo Leon,5610153,NA,NA,NA,NA,36,4,0,1329,80,0
2020-05-30,Mexico,127792286,Nuevo Leon,5610153,NA,NA,NA,NA,11,2,0,1377,87,0
2020-06-01,Mexico,127792286,Nuevo Leon,5610153,NA,NA,NA,NA,65,8,0,1488,96,0
2020-06-03,Mexico,127792286,Nuevo Leon,5610153,NA,NA,NA,NA,104,4,0,1634,103,0
2020-06-05,Mexico,127792286,Nuevo Leon,5610153,NA,NA,NA,NA,32,4,0,1766,109,0
2020-06-07,Mexico,127792286,Nuevo Leon,5610153,NA,NA,NA,NA,119,4,0,1926,130,0
2020-06-09,Mexico,127792286,Nuevo Leon,5610153,NA,NA,NA,NA,41,1,0,2019,131,0
2020-06-11,Mexico,127792286,Nuevo Leon,5610153,NA,NA,NA,NA,101,16,0,2229,152,0
2020-06-13,Mexico,127792286,Nuevo Leon,5610153,NA,NA,NA,NA,122,9,0,2462,165,0
2020-06-15,Mexico,127792286,Nuevo Leon,5610153,NA,NA,NA,NA,343,15,0,2895,180,0
2020-06-17,Mexico,127792286,Nuevo Leon,5610153,NA,NA,NA,NA,254,8,0,3257,196,0
2020-06-19,Mexico,127792286,Nuevo Leon,5610153,NA,NA,NA,NA,77,13,0,3491,228,0
2020-06-21,Mexico,127792286,Nuevo Leon,5610153,NA,NA,NA,NA,118,4,0,3765,239,0
2020-06-23,Mexico,127792286,Nuevo Leon,5610153,NA,NA,NA,NA,191,7,0,4115,254,0
2020-06-25,Mexico,127792286,Nuevo Leon,5610153,NA,NA,NA,NA,401,10,0,4614,277,0
2020-06-27,Mexico,127792286,Nuevo Leon,5610153,NA,NA,NA,NA,257,4,0,4981,298,0
2020-06-29,Mexico,127792286,Nuevo Leon,5610153,NA,NA,NA,NA,193,11,0,5319,309,0
2020-07-01,Mexico,127792286,Nuevo Leon,5610153,NA,NA,NA,NA,302,12,0,6275,344,0
2020-07-03,Mexico,127792286,Nuevo Leon,5610153,NA,NA,NA,NA,191,23,0,6896,384,0
2020-07-05,Mexico,127792286,Nuevo Leon,5610153,NA,NA,NA,NA,270,4,0,7556,403,0
2020-07-07,Mexico,127792286,Nuevo Leon,5610153,NA,NA,NA,NA,250,27,0,8162,446,0
2020-07-09,Mexico,127792286,Nuevo Leon,5610153,NA,NA,NA,NA,526,21,0,9025,487,0
2020-07-11,Mexico,127792286,Nuevo Leon,5610153,NA,NA,NA,NA,318,16,0,9538,524,0
2020-07-13,Mexico,127792286,Nuevo Leon,5610153,NA,NA,NA,NA,471,19,0,10306,544,0
2020-07-15,Mexico,127792286,Nuevo Leon,5610153,NA,NA,NA,NA,260,7,0,10937,590,0
2020-07-17,Mexico,127792286,Nuevo Leon,5610153,NA,NA,NA,NA,299,15,0,11514,638,0
2020-07-19,Mexico,127792286,Nuevo Leon,5610153,NA,NA,NA,NA,421,1,0,12167,669,0
2020-07-21,Mexico,127792286,Nuevo Leon,5610153,NA,NA,NA,NA,447,80,0,13144,749,0
2020-07-23,Mexico,127792286,Nuevo Leon,5610153,NA,NA,NA,NA,506,26,0,13846,820,0
2020-07-25,Mexico,127792286,Nuevo Leon,5610153,NA,NA,NA,NA,292,36,0,14785,913,0
2020-07-27,Mexico,127792286,Nuevo Leon,5610153,NA,NA,NA,NA,375,3,0,15665,927,0
2020-07-29,Mexico,127792286,Nuevo Leon,5610153,NA,NA,NA,NA,414,16,0,16219,982,0
2020-07-31,Mexico,127792286,Nuevo Leon,5610153,NA,NA,NA,NA,703,38,0,17306,1066,0
2020-08-02,Mexico,127792286,Nuevo Leon,5610153,NA,NA,NA,NA,836,18,0,19041,1138,0
2020-08-04,Mexico,127792286,Nuevo Leon,5610153,NA,NA,NA,NA,616,41,0,20054,1186,0
2020-08-06,Mexico,127792286,Nuevo Leon,5610153,NA,NA,NA,NA,220,36,0,20735,1328,0
2020-08-08,Mexico,127792286,Nuevo Leon,5610153,NA,NA,NA,NA,345,34,0,21533,1427,0
2020-08-10,Mexico,127792286,Nuevo Leon,5610153,NA,NA,NA,NA,452,65,0,22186,1499,0
2020-08-12,Mexico,127792286,Nuevo Leon,5610153,NA,NA,NA,NA,250,47,0,22786,1631,0
2020-08-14,Mexico,127792286,Nuevo Leon,5610153,NA,NA,NA,NA,353,58,0,23627,1726,0
2020-02-25,Mexico,127792286,Oaxaca,4143593,NA,NA,NA,NA,NA,NA,NA,0,0,0
2020-02-27,Mexico,127792286,Oaxaca,4143593,NA,NA,NA,NA,0,0,0,0,0,0
2020-02-29,Mexico,127792286,Oaxaca,4143593,NA,NA,NA,NA,0,0,0,0,0,0
2020-03-02,Mexico,127792286,Oaxaca,4143593,NA,NA,NA,NA,0,0,0,0,0,0
2020-03-04,Mexico,127792286,Oaxaca,4143593,NA,NA,NA,NA,0,0,0,0,0,0
2020-03-06,Mexico,127792286,Oaxaca,4143593,NA,NA,NA,NA,0,0,0,0,0,0
2020-03-08,Mexico,127792286,Oaxaca,4143593,NA,NA,NA,NA,0,0,0,0,0,0
2020-03-10,Mexico,127792286,Oaxaca,4143593,NA,NA,NA,NA,0,0,0,0,0,0
2020-03-12,Mexico,127792286,Oaxaca,4143593,NA,NA,NA,NA,0,0,0,0,0,0
2020-03-14,Mexico,127792286,Oaxaca,4143593,NA,NA,NA,NA,2,0,0,2,0,0
2020-03-16,Mexico,127792286,Oaxaca,4143593,NA,NA,NA,NA,0,0,0,2,0,0
2020-03-18,Mexico,127792286,Oaxaca,4143593,NA,NA,NA,NA,0,0,0,2,0,0
2020-03-20,Mexico,127792286,Oaxaca,4143593,NA,NA,NA,NA,0,0,0,2,0,0
2020-03-22,Mexico,127792286,Oaxaca,4143593,NA,NA,NA,NA,1,0,0,3,0,0
2020-03-24,Mexico,127792286,Oaxaca,4143593,NA,NA,NA,NA,0,0,0,4,0,0
2020-03-26,Mexico,127792286,Oaxaca,4143593,NA,NA,NA,NA,1,0,0,8,0,0
2020-03-28,Mexico,127792286,Oaxaca,4143593,NA,NA,NA,NA,1,0,0,12,0,0
2020-03-30,Mexico,127792286,Oaxaca,4143593,NA,NA,NA,NA,0,1,0,14,1,0
2020-04-01,Mexico,127792286,Oaxaca,4143593,NA,NA,NA,NA,8,0,0,22,1,0
2020-04-03,Mexico,127792286,Oaxaca,4143593,NA,NA,NA,NA,0,0,0,22,1,0
2020-04-05,Mexico,127792286,Oaxaca,4143593,NA,NA,NA,NA,3,0,0,25,1,0
2020-04-07,Mexico,127792286,Oaxaca,4143593,NA,NA,NA,NA,8,0,0,35,1,0
2020-04-09,Mexico,127792286,Oaxaca,4143593,NA,NA,NA,NA,3,0,0,40,1,0
2020-04-11,Mexico,127792286,Oaxaca,4143593,NA,NA,NA,NA,2,0,0,43,2,0
2020-04-13,Mexico,127792286,Oaxaca,4143593,NA,NA,NA,NA,1,1,0,44,4,0
2020-04-15,Mexico,127792286,Oaxaca,4143593,NA,NA,NA,NA,4,0,0,50,5,0
2020-04-17,Mexico,127792286,Oaxaca,4143593,NA,NA,NA,NA,3,0,0,56,5,0
2020-04-19,Mexico,127792286,Oaxaca,4143593,NA,NA,NA,NA,1,0,0,63,6,0
2020-04-21,Mexico,127792286,Oaxaca,4143593,NA,NA,NA,NA,3,1,0,72,7,0
2020-04-23,Mexico,127792286,Oaxaca,4143593,NA,NA,NA,NA,6,1,0,86,9,0
2020-04-25,Mexico,127792286,Oaxaca,4143593,NA,NA,NA,NA,15,2,0,102,13,0
2020-04-27,Mexico,127792286,Oaxaca,4143593,NA,NA,NA,NA,11,0,0,116,15,0
2020-04-29,Mexico,127792286,Oaxaca,4143593,NA,NA,NA,NA,9,1,0,128,18,0
2020-05-01,Mexico,127792286,Oaxaca,4143593,NA,NA,NA,NA,9,1,0,145,20,0
2020-05-03,Mexico,127792286,Oaxaca,4143593,NA,NA,NA,NA,2,1,0,164,23,0
2020-05-05,Mexico,127792286,Oaxaca,4143593,NA,NA,NA,NA,12,3,0,182,27,0
2020-05-07,Mexico,127792286,Oaxaca,4143593,NA,NA,NA,NA,10,2,0,207,32,0
2020-05-09,Mexico,127792286,Oaxaca,4143593,NA,NA,NA,NA,8,3,0,221,40,0
2020-05-11,Mexico,127792286,Oaxaca,4143593,NA,NA,NA,NA,8,0,0,252,45,0
2020-05-13,Mexico,127792286,Oaxaca,4143593,NA,NA,NA,NA,20,3,0,285,54,0
2020-05-15,Mexico,127792286,Oaxaca,4143593,NA,NA,NA,NA,43,5,0,363,63,0
2020-05-17,Mexico,127792286,Oaxaca,4143593,NA,NA,NA,NA,28,2,0,439,69,0
2020-05-19,Mexico,127792286,Oaxaca,4143593,NA,NA,NA,NA,84,3,0,682,78,0
2020-05-21,Mexico,127792286,Oaxaca,4143593,NA,NA,NA,NA,64,5,0,797,89,0
2020-05-23,Mexico,127792286,Oaxaca,4143593,NA,NA,NA,NA,62,0,0,951,93,0
2020-05-25,Mexico,127792286,Oaxaca,4143593,NA,NA,NA,NA,66,6,0,1054,106,0
2020-05-27,Mexico,127792286,Oaxaca,4143593,NA,NA,NA,NA,35,7,0,1127,121,0
2020-05-29,Mexico,127792286,Oaxaca,4143593,NA,NA,NA,NA,64,11,0,1233,141,0
2020-05-31,Mexico,127792286,Oaxaca,4143593,NA,NA,NA,NA,82,4,0,1397,152,0
2020-06-02,Mexico,127792286,Oaxaca,4143593,NA,NA,NA,NA,109,4,0,1599,166,0
2020-06-04,Mexico,127792286,Oaxaca,4143593,NA,NA,NA,NA,110,7,0,1856,205,0
2020-06-06,Mexico,127792286,Oaxaca,4143593,NA,NA,NA,NA,92,9,0,2062,224,0
2020-06-08,Mexico,127792286,Oaxaca,4143593,NA,NA,NA,NA,112,4,0,2293,236,0
2020-06-10,Mexico,127792286,Oaxaca,4143593,NA,NA,NA,NA,57,16,0,2420,266,0
2020-06-12,Mexico,127792286,Oaxaca,4143593,NA,NA,NA,NA,250,31,0,2748,320,0
2020-06-14,Mexico,127792286,Oaxaca,4143593,NA,NA,NA,NA,136,9,0,3024,340,0
2020-06-16,Mexico,127792286,Oaxaca,4143593,NA,NA,NA,NA,121,23,0,3263,385,0
2020-06-18,Mexico,127792286,Oaxaca,4143593,NA,NA,NA,NA,115,20,0,3506,417,0
2020-06-20,Mexico,127792286,Oaxaca,4143593,NA,NA,NA,NA,130,10,0,3840,438,0
2020-06-22,Mexico,127792286,Oaxaca,4143593,NA,NA,NA,NA,89,19,0,4070,468,0
2020-06-24,Mexico,127792286,Oaxaca,4143593,NA,NA,NA,NA,197,14,0,4346,501,0
2020-06-26,Mexico,127792286,Oaxaca,4143593,NA,NA,NA,NA,273,22,0,4735,535,0
2020-06-28,Mexico,127792286,Oaxaca,4143593,NA,NA,NA,NA,132,5,0,4990,559,0
2020-06-30,Mexico,127792286,Oaxaca,4143593,NA,NA,NA,NA,171,9,0,5254,581,0
2020-07-02,Mexico,127792286,Oaxaca,4143593,NA,NA,NA,NA,263,13,0,5574,601,0
2020-07-04,Mexico,127792286,Oaxaca,4143593,NA,NA,NA,NA,194,9,0,6024,617,0
2020-07-06,Mexico,127792286,Oaxaca,4143593,NA,NA,NA,NA,91,25,0,6438,649,0
2020-07-08,Mexico,127792286,Oaxaca,4143593,NA,NA,NA,NA,287,11,0,6814,668,0
2020-07-10,Mexico,127792286,Oaxaca,4143593,NA,NA,NA,NA,209,14,0,7327,699,0
2020-07-12,Mexico,127792286,Oaxaca,4143593,NA,NA,NA,NA,128,7,0,7622,721,0
2020-07-14,Mexico,127792286,Oaxaca,4143593,NA,NA,NA,NA,184,19,0,7843,749,0
2020-07-16,Mexico,127792286,Oaxaca,4143593,NA,NA,NA,NA,122,6,0,8028,766,0
2020-07-18,Mexico,127792286,Oaxaca,4143593,NA,NA,NA,NA,142,8,0,8386,798,0
2020-07-20,Mexico,127792286,Oaxaca,4143593,NA,NA,NA,NA,86,6,0,8661,811,0
2020-07-22,Mexico,127792286,Oaxaca,4143593,NA,NA,NA,NA,135,10,0,8952,828,0
2020-07-24,Mexico,127792286,Oaxaca,4143593,NA,NA,NA,NA,176,8,0,9366,847,0
2020-07-26,Mexico,127792286,Oaxaca,4143593,NA,NA,NA,NA,105,6,0,9609,859,0
2020-07-28,Mexico,127792286,Oaxaca,4143593,NA,NA,NA,NA,132,32,0,9900,894,0
2020-07-30,Mexico,127792286,Oaxaca,4143593,NA,NA,NA,NA,177,17,0,10172,916,0
2020-08-01,Mexico,127792286,Oaxaca,4143593,NA,NA,NA,NA,153,9,0,10503,943,0
2020-08-03,Mexico,127792286,Oaxaca,4143593,NA,NA,NA,NA,179,9,0,10745,953,0
2020-08-05,Mexico,127792286,Oaxaca,4143593,NA,NA,NA,NA,184,11,0,11053,991,0
2020-08-07,Mexico,127792286,Oaxaca,4143593,NA,NA,NA,NA,156,10,0,11304,1011,0
2020-08-09,Mexico,127792286,Oaxaca,4143593,NA,NA,NA,NA,131,4,0,11498,1036,0
2020-08-11,Mexico,127792286,Oaxaca,4143593,NA,NA,NA,NA,114,16,0,11691,1059,0
2020-08-13,Mexico,127792286,Oaxaca,4143593,NA,NA,NA,NA,81,8,0,11868,1097,0
2020-08-15,Mexico,127792286,Oaxaca,4143593,NA,NA,NA,NA,85,9,0,12110,1118,0
2020-02-26,Mexico,127792286,Puebla,6604451,NA,NA,NA,NA,NA,NA,NA,0,0,0
2020-02-28,Mexico,127792286,Puebla,6604451,NA,NA,NA,NA,0,0,0,0,0,0
2020-03-01,Mexico,127792286,Puebla,6604451,NA,NA,NA,NA,0,0,0,0,0,0
2020-03-03,Mexico,127792286,Puebla,6604451,NA,NA,NA,NA,0,0,0,0,0,0
2020-03-05,Mexico,127792286,Puebla,6604451,NA,NA,NA,NA,0,0,0,0,0,0
2020-03-07,Mexico,127792286,Puebla,6604451,NA,NA,NA,NA,0,0,0,0,0,0
2020-03-09,Mexico,127792286,Puebla,6604451,NA,NA,NA,NA,0,0,0,0,0,0
2020-03-11,Mexico,127792286,Puebla,6604451,NA,NA,NA,NA,1,0,0,1,0,0
2020-03-13,Mexico,127792286,Puebla,6604451,NA,NA,NA,NA,1,0,0,2,0,0
2020-03-15,Mexico,127792286,Puebla,6604451,NA,NA,NA,NA,3,0,0,6,0,0
2020-03-17,Mexico,127792286,Puebla,6604451,NA,NA,NA,NA,1,0,0,9,0,0
2020-03-19,Mexico,127792286,Puebla,6604451,NA,NA,NA,NA,2,0,0,11,0,0
2020-03-21,Mexico,127792286,Puebla,6604451,NA,NA,NA,NA,2,0,0,16,0,0
2020-03-23,Mexico,127792286,Puebla,6604451,NA,NA,NA,NA,0,0,0,16,0,0
2020-03-25,Mexico,127792286,Puebla,6604451,NA,NA,NA,NA,12,0,0,34,0,0
2020-03-27,Mexico,127792286,Puebla,6604451,NA,NA,NA,NA,6,0,0,51,0,0
2020-03-29,Mexico,127792286,Puebla,6604451,NA,NA,NA,NA,14,1,0,66,1,0
2020-03-31,Mexico,127792286,Puebla,6604451,NA,NA,NA,NA,5,0,0,81,1,0
2020-04-02,Mexico,127792286,Puebla,6604451,NA,NA,NA,NA,3,0,0,100,1,0
2020-04-04,Mexico,127792286,Puebla,6604451,NA,NA,NA,NA,16,0,0,125,1,0
2020-04-06,Mexico,127792286,Puebla,6604451,NA,NA,NA,NA,9,1,0,156,2,0
2020-04-08,Mexico,127792286,Puebla,6604451,NA,NA,NA,NA,4,5,0,183,9,0
2020-04-10,Mexico,127792286,Puebla,6604451,NA,NA,NA,NA,16,5,0,214,15,0
2020-04-12,Mexico,127792286,Puebla,6604451,NA,NA,NA,NA,13,2,0,256,20,0
2020-04-14,Mexico,127792286,Puebla,6604451,NA,NA,NA,NA,7,5,0,276,27,0
2020-04-16,Mexico,127792286,Puebla,6604451,NA,NA,NA,NA,14,1,0,305,32,0
2020-04-18,Mexico,127792286,Puebla,6604451,NA,NA,NA,NA,16,3,0,330,40,0
2020-04-20,Mexico,127792286,Puebla,6604451,NA,NA,NA,NA,8,4,0,360,45,0
2020-04-22,Mexico,127792286,Puebla,6604451,NA,NA,NA,NA,4,3,0,386,56,0
2020-04-24,Mexico,127792286,Puebla,6604451,NA,NA,NA,NA,41,1,0,456,62,0
2020-04-26,Mexico,127792286,Puebla,6604451,NA,NA,NA,NA,28,0,0,514,65,0
2020-04-28,Mexico,127792286,Puebla,6604451,NA,NA,NA,NA,30,10,0,586,75,0
2020-04-30,Mexico,127792286,Puebla,6604451,NA,NA,NA,NA,17,5,0,642,86,0
2020-05-02,Mexico,127792286,Puebla,6604451,NA,NA,NA,NA,48,4,0,765,92,0
2020-05-04,Mexico,127792286,Puebla,6604451,NA,NA,NA,NA,37,4,0,852,106,0
2020-05-06,Mexico,127792286,Puebla,6604451,NA,NA,NA,NA,34,3,0,927,116,0
2020-05-08,Mexico,127792286,Puebla,6604451,NA,NA,NA,NA,53,5,0,1030,129,0
2020-05-10,Mexico,127792286,Puebla,6604451,NA,NA,NA,NA,7,0,0,1083,145,0
2020-05-12,Mexico,127792286,Puebla,6604451,NA,NA,NA,NA,52,14,0,1186,160,0
2020-05-14,Mexico,127792286,Puebla,6604451,NA,NA,NA,NA,62,2,0,1288,167,0
2020-05-16,Mexico,127792286,Puebla,6604451,NA,NA,NA,NA,66,4,0,1419,184,0
2020-05-18,Mexico,127792286,Puebla,6604451,NA,NA,NA,NA,50,3,0,1511,191,0
2020-05-20,Mexico,127792286,Puebla,6604451,NA,NA,NA,NA,97,11,0,1721,231,0
2020-05-22,Mexico,127792286,Puebla,6604451,NA,NA,NA,NA,53,0,0,1881,244,0
2020-05-24,Mexico,127792286,Puebla,6604451,NA,NA,NA,NA,67,6,0,2103,257,0
2020-05-26,Mexico,127792286,Puebla,6604451,NA,NA,NA,NA,158,8,0,2343,268,0
2020-05-28,Mexico,127792286,Puebla,6604451,NA,NA,NA,NA,203,28,0,2678,335,0
2020-05-30,Mexico,127792286,Puebla,6604451,NA,NA,NA,NA,74,3,0,2940,349,0
2020-06-01,Mexico,127792286,Puebla,6604451,NA,NA,NA,NA,72,9,0,3148,359,0
2020-06-03,Mexico,127792286,Puebla,6604451,NA,NA,NA,NA,209,41,0,3489,433,0
2020-06-05,Mexico,127792286,Puebla,6604451,NA,NA,NA,NA,200,62,0,3858,525,0
2020-06-07,Mexico,127792286,Puebla,6604451,NA,NA,NA,NA,229,11,0,4297,564,0
2020-06-09,Mexico,127792286,Puebla,6604451,NA,NA,NA,NA,131,39,0,4567,652,0
2020-06-11,Mexico,127792286,Puebla,6604451,NA,NA,NA,NA,247,26,0,5065,693,0
2020-06-13,Mexico,127792286,Puebla,6604451,NA,NA,NA,NA,228,11,0,5469,728,0
2020-06-15,Mexico,127792286,Puebla,6604451,NA,NA,NA,NA,87,2,0,5749,735,0
2020-06-17,Mexico,127792286,Puebla,6604451,NA,NA,NA,NA,390,46,0,6374,825,0
2020-06-19,Mexico,127792286,Puebla,6604451,NA,NA,NA,NA,480,37,0,7168,916,0
2020-06-21,Mexico,127792286,Puebla,6604451,NA,NA,NA,NA,308,11,0,7763,941,0
2020-06-23,Mexico,127792286,Puebla,6604451,NA,NA,NA,NA,572,26,0,8563,992,0
2020-06-25,Mexico,127792286,Puebla,6604451,NA,NA,NA,NA,275,77,0,9151,1101,0
2020-06-27,Mexico,127792286,Puebla,6604451,NA,NA,NA,NA,232,26,0,9672,1181,0
2020-06-29,Mexico,127792286,Puebla,6604451,NA,NA,NA,NA,306,28,0,10389,1241,0
2020-07-01,Mexico,127792286,Puebla,6604451,NA,NA,NA,NA,196,64,0,10898,1338,0
2020-07-03,Mexico,127792286,Puebla,6604451,NA,NA,NA,NA,401,52,0,11749,1458,0
2020-07-05,Mexico,127792286,Puebla,6604451,NA,NA,NA,NA,170,8,0,12233,1489,0
2020-07-07,Mexico,127792286,Puebla,6604451,NA,NA,NA,NA,235,44,0,12679,1560,0
2020-07-09,Mexico,127792286,Puebla,6604451,NA,NA,NA,NA,473,51,0,13528,1663,0
2020-07-11,Mexico,127792286,Puebla,6604451,NA,NA,NA,NA,285,26,0,14275,1768,0
2020-07-13,Mexico,127792286,Puebla,6604451,NA,NA,NA,NA,108,21,0,14596,1799,0
2020-07-15,Mexico,127792286,Puebla,6604451,NA,NA,NA,NA,182,27,0,15149,1864,0
2020-07-17,Mexico,127792286,Puebla,6604451,NA,NA,NA,NA,321,33,0,15775,1929,0
2020-07-19,Mexico,127792286,Puebla,6604451,NA,NA,NA,NA,308,21,0,16414,1986,0
2020-07-21,Mexico,127792286,Puebla,6604451,NA,NA,NA,NA,217,28,0,16890,2026,0
2020-07-23,Mexico,127792286,Puebla,6604451,NA,NA,NA,NA,857,45,0,18115,2116,0
2020-07-25,Mexico,127792286,Puebla,6604451,NA,NA,NA,NA,403,50,0,18743,2197,0
2020-07-27,Mexico,127792286,Puebla,6604451,NA,NA,NA,NA,247,44,0,19159,2249,0
2020-07-29,Mexico,127792286,Puebla,6604451,NA,NA,NA,NA,217,42,0,19556,2336,0
2020-07-31,Mexico,127792286,Puebla,6604451,NA,NA,NA,NA,467,66,0,20378,2443,0
2020-08-02,Mexico,127792286,Puebla,6604451,NA,NA,NA,NA,69,22,0,20775,2493,0
2020-08-04,Mexico,127792286,Puebla,6604451,NA,NA,NA,NA,583,55,0,21376,2558,0
2020-08-06,Mexico,127792286,Puebla,6604451,NA,NA,NA,NA,307,88,0,22008,2684,0
2020-08-08,Mexico,127792286,Puebla,6604451,NA,NA,NA,NA,97,65,0,22446,2797,0
2020-08-10,Mexico,127792286,Puebla,6604451,NA,NA,NA,NA,305,31,0,23037,2837,0
2020-08-12,Mexico,127792286,Puebla,6604451,NA,NA,NA,NA,382,53,0,23743,2933,0
2020-08-14,Mexico,127792286,Puebla,6604451,NA,NA,NA,NA,303,33,0,24427,3018,0
2020-02-25,Mexico,127792286,Queretaro,2279637,NA,NA,NA,NA,NA,NA,NA,0,0,0
2020-02-27,Mexico,127792286,Queretaro,2279637,NA,NA,NA,NA,0,0,0,0,0,0
2020-02-29,Mexico,127792286,Queretaro,2279637,NA,NA,NA,NA,0,0,0,0,0,0
2020-03-02,Mexico,127792286,Queretaro,2279637,NA,NA,NA,NA,0,0,0,0,0,0
2020-03-04,Mexico,127792286,Queretaro,2279637,NA,NA,NA,NA,0,0,0,0,0,0
2020-03-06,Mexico,127792286,Queretaro,2279637,NA,NA,NA,NA,0,0,0,0,0,0
2020-03-08,Mexico,127792286,Queretaro,2279637,NA,NA,NA,NA,0,0,0,0,0,0
2020-03-10,Mexico,127792286,Queretaro,2279637,NA,NA,NA,NA,0,0,0,0,0,0
2020-03-12,Mexico,127792286,Queretaro,2279637,NA,NA,NA,NA,0,0,0,1,0,0
2020-03-14,Mexico,127792286,Queretaro,2279637,NA,NA,NA,NA,0,0,0,4,0,0
2020-03-16,Mexico,127792286,Queretaro,2279637,NA,NA,NA,NA,1,0,0,7,0,0
2020-03-18,Mexico,127792286,Queretaro,2279637,NA,NA,NA,NA,0,0,0,7,0,0
2020-03-20,Mexico,127792286,Queretaro,2279637,NA,NA,NA,NA,2,0,0,11,0,0
2020-03-22,Mexico,127792286,Queretaro,2279637,NA,NA,NA,NA,0,0,0,14,0,0
2020-03-24,Mexico,127792286,Queretaro,2279637,NA,NA,NA,NA,0,0,0,16,0,0
2020-03-26,Mexico,127792286,Queretaro,2279637,NA,NA,NA,NA,3,0,0,21,0,0
2020-03-28,Mexico,127792286,Queretaro,2279637,NA,NA,NA,NA,2,0,0,25,0,0
2020-03-30,Mexico,127792286,Queretaro,2279637,NA,NA,NA,NA,1,1,0,27,1,0
2020-04-01,Mexico,127792286,Queretaro,2279637,NA,NA,NA,NA,0,0,0,29,1,0
2020-04-03,Mexico,127792286,Queretaro,2279637,NA,NA,NA,NA,3,1,0,35,2,0
2020-04-05,Mexico,127792286,Queretaro,2279637,NA,NA,NA,NA,2,0,0,38,2,0
2020-04-07,Mexico,127792286,Queretaro,2279637,NA,NA,NA,NA,5,0,0,45,2,0
2020-04-09,Mexico,127792286,Queretaro,2279637,NA,NA,NA,NA,3,0,0,50,2,0
2020-04-11,Mexico,127792286,Queretaro,2279637,NA,NA,NA,NA,2,0,0,57,3,0
2020-04-13,Mexico,127792286,Queretaro,2279637,NA,NA,NA,NA,0,0,0,61,3,0
2020-04-15,Mexico,127792286,Queretaro,2279637,NA,NA,NA,NA,4,1,0,69,5,0
2020-04-17,Mexico,127792286,Queretaro,2279637,NA,NA,NA,NA,2,1,0,78,6,0
2020-04-19,Mexico,127792286,Queretaro,2279637,NA,NA,NA,NA,2,0,0,81,6,0
2020-04-21,Mexico,127792286,Queretaro,2279637,NA,NA,NA,NA,3,0,0,88,6,0
2020-04-23,Mexico,127792286,Queretaro,2279637,NA,NA,NA,NA,3,0,0,94,7,0
2020-04-25,Mexico,127792286,Queretaro,2279637,NA,NA,NA,NA,6,0,0,110,7,0
2020-04-27,Mexico,127792286,Queretaro,2279637,NA,NA,NA,NA,11,1,0,123,10,0
2020-04-29,Mexico,127792286,Queretaro,2279637,NA,NA,NA,NA,5,0,0,130,12,0
2020-05-01,Mexico,127792286,Queretaro,2279637,NA,NA,NA,NA,14,0,0,150,13,0
2020-05-03,Mexico,127792286,Queretaro,2279637,NA,NA,NA,NA,7,1,0,165,16,0
2020-05-05,Mexico,127792286,Queretaro,2279637,NA,NA,NA,NA,0,2,0,177,19,0
2020-05-07,Mexico,127792286,Queretaro,2279637,NA,NA,NA,NA,16,1,0,205,20,0
2020-05-09,Mexico,127792286,Queretaro,2279637,NA,NA,NA,NA,10,0,0,230,21,0
2020-05-11,Mexico,127792286,Queretaro,2279637,NA,NA,NA,NA,22,3,0,270,25,0
2020-05-13,Mexico,127792286,Queretaro,2279637,NA,NA,NA,NA,41,1,0,332,27,0
2020-05-15,Mexico,127792286,Queretaro,2279637,NA,NA,NA,NA,20,1,0,379,31,0
2020-05-17,Mexico,127792286,Queretaro,2279637,NA,NA,NA,NA,21,8,0,442,43,0
2020-05-19,Mexico,127792286,Queretaro,2279637,NA,NA,NA,NA,57,7,0,537,52,0
2020-05-21,Mexico,127792286,Queretaro,2279637,NA,NA,NA,NA,54,3,0,632,61,0
2020-05-23,Mexico,127792286,Queretaro,2279637,NA,NA,NA,NA,37,0,0,712,69,0
2020-05-25,Mexico,127792286,Queretaro,2279637,NA,NA,NA,NA,23,3,0,755,78,0
2020-05-27,Mexico,127792286,Queretaro,2279637,NA,NA,NA,NA,47,5,0,835,89,0
2020-05-29,Mexico,127792286,Queretaro,2279637,NA,NA,NA,NA,22,5,0,889,100,0
2020-05-31,Mexico,127792286,Queretaro,2279637,NA,NA,NA,NA,45,1,0,982,105,0
2020-06-02,Mexico,127792286,Queretaro,2279637,NA,NA,NA,NA,28,6,0,1026,114,0
2020-06-04,Mexico,127792286,Queretaro,2279637,NA,NA,NA,NA,39,3,0,1123,127,0
2020-06-06,Mexico,127792286,Queretaro,2279637,NA,NA,NA,NA,51,6,0,1232,145,0
2020-06-08,Mexico,127792286,Queretaro,2279637,NA,NA,NA,NA,40,10,0,1293,158,0
2020-06-10,Mexico,127792286,Queretaro,2279637,NA,NA,NA,NA,55,2,0,1385,170,0
2020-06-12,Mexico,127792286,Queretaro,2279637,NA,NA,NA,NA,31,8,0,1456,182,0
2020-06-14,Mexico,127792286,Queretaro,2279637,NA,NA,NA,NA,56,7,0,1541,195,0
2020-06-16,Mexico,127792286,Queretaro,2279637,NA,NA,NA,NA,49,9,0,1622,212,0
2020-06-18,Mexico,127792286,Queretaro,2279637,NA,NA,NA,NA,40,6,0,1702,221,0
2020-06-20,Mexico,127792286,Queretaro,2279637,NA,NA,NA,NA,49,2,0,1783,225,0
2020-06-22,Mexico,127792286,Queretaro,2279637,NA,NA,NA,NA,31,11,0,1836,238,0
2020-06-24,Mexico,127792286,Queretaro,2279637,NA,NA,NA,NA,40,4,0,1898,254,0
2020-06-26,Mexico,127792286,Queretaro,2279637,NA,NA,NA,NA,43,3,0,1968,260,0
2020-06-28,Mexico,127792286,Queretaro,2279637,NA,NA,NA,NA,30,4,0,1995,270,0
2020-06-30,Mexico,127792286,Queretaro,2279637,NA,NA,NA,NA,30,5,0,2074,283,0
2020-07-02,Mexico,127792286,Queretaro,2279637,NA,NA,NA,NA,43,3,0,2168,296,0
2020-07-04,Mexico,127792286,Queretaro,2279637,NA,NA,NA,NA,53,11,0,2253,323,0
2020-07-06,Mexico,127792286,Queretaro,2279637,NA,NA,NA,NA,47,7,0,2337,332,0
2020-07-08,Mexico,127792286,Queretaro,2279637,NA,NA,NA,NA,27,8,0,2408,349,0
2020-07-10,Mexico,127792286,Queretaro,2279637,NA,NA,NA,NA,69,7,0,2530,366,0
2020-07-12,Mexico,127792286,Queretaro,2279637,NA,NA,NA,NA,23,2,0,2621,371,0
2020-07-14,Mexico,127792286,Queretaro,2279637,NA,NA,NA,NA,61,10,0,2731,385,0
2020-07-16,Mexico,127792286,Queretaro,2279637,NA,NA,NA,NA,72,1,0,2870,390,0
2020-07-18,Mexico,127792286,Queretaro,2279637,NA,NA,NA,NA,79,5,0,2998,403,0
2020-07-20,Mexico,127792286,Queretaro,2279637,NA,NA,NA,NA,65,6,0,3100,409,0
2020-07-22,Mexico,127792286,Queretaro,2279637,NA,NA,NA,NA,82,11,0,3235,430,0
2020-07-24,Mexico,127792286,Queretaro,2279637,NA,NA,NA,NA,73,8,0,3379,448,0
2020-07-26,Mexico,127792286,Queretaro,2279637,NA,NA,NA,NA,45,1,0,3471,452,0
2020-07-28,Mexico,127792286,Queretaro,2279637,NA,NA,NA,NA,42,8,0,3568,464,0
2020-07-30,Mexico,127792286,Queretaro,2279637,NA,NA,NA,NA,112,9,0,3729,472,0
2020-08-01,Mexico,127792286,Queretaro,2279637,NA,NA,NA,NA,127,13,0,3896,490,0
2020-08-03,Mexico,127792286,Queretaro,2279637,NA,NA,NA,NA,39,9,0,3969,505,0
2020-08-05,Mexico,127792286,Queretaro,2279637,NA,NA,NA,NA,70,4,0,4132,517,0
2020-08-07,Mexico,127792286,Queretaro,2279637,NA,NA,NA,NA,147,9,0,4342,535,0
2020-08-09,Mexico,127792286,Queretaro,2279637,NA,NA,NA,NA,39,4,0,4526,545,0
2020-08-11,Mexico,127792286,Queretaro,2279637,NA,NA,NA,NA,113,15,0,4668,567,0
2020-08-13,Mexico,127792286,Queretaro,2279637,NA,NA,NA,NA,116,3,0,4866,581,0
2020-08-15,Mexico,127792286,Queretaro,2279637,NA,NA,NA,NA,96,7,0,5006,591,0
2020-02-26,Mexico,127792286,Quintana Roo,1723259,NA,NA,NA,NA,NA,NA,NA,0,0,0
2020-02-28,Mexico,127792286,Quintana Roo,1723259,NA,NA,NA,NA,0,0,0,0,0,0
2020-03-01,Mexico,127792286,Quintana Roo,1723259,NA,NA,NA,NA,0,0,0,0,0,0
2020-03-03,Mexico,127792286,Quintana Roo,1723259,NA,NA,NA,NA,0,0,0,0,0,0
2020-03-05,Mexico,127792286,Quintana Roo,1723259,NA,NA,NA,NA,0,0,0,0,0,0
2020-03-07,Mexico,127792286,Quintana Roo,1723259,NA,NA,NA,NA,0,0,0,0,0,0
2020-03-09,Mexico,127792286,Quintana Roo,1723259,NA,NA,NA,NA,0,0,0,0,0,0
2020-03-11,Mexico,127792286,Quintana Roo,1723259,NA,NA,NA,NA,0,0,0,0,0,0
2020-03-13,Mexico,127792286,Quintana Roo,1723259,NA,NA,NA,NA,1,0,0,1,0,0
2020-03-15,Mexico,127792286,Quintana Roo,1723259,NA,NA,NA,NA,0,0,0,1,0,0
2020-03-17,Mexico,127792286,Quintana Roo,1723259,NA,NA,NA,NA,0,0,0,4,0,0
2020-03-19,Mexico,127792286,Quintana Roo,1723259,NA,NA,NA,NA,0,0,0,6,0,0
2020-03-21,Mexico,127792286,Quintana Roo,1723259,NA,NA,NA,NA,1,0,0,12,0,0
2020-03-23,Mexico,127792286,Quintana Roo,1723259,NA,NA,NA,NA,9,0,0,21,0,0
2020-03-25,Mexico,127792286,Quintana Roo,1723259,NA,NA,NA,NA,0,0,0,22,0,0
2020-03-27,Mexico,127792286,Quintana Roo,1723259,NA,NA,NA,NA,0,0,0,29,0,0
2020-03-29,Mexico,127792286,Quintana Roo,1723259,NA,NA,NA,NA,5,0,0,38,1,0
2020-03-31,Mexico,127792286,Quintana Roo,1723259,NA,NA,NA,NA,4,0,0,47,1,0
2020-04-02,Mexico,127792286,Quintana Roo,1723259,NA,NA,NA,NA,5,0,0,56,1,0
2020-04-04,Mexico,127792286,Quintana Roo,1723259,NA,NA,NA,NA,10,1,0,75,2,0
2020-04-06,Mexico,127792286,Quintana Roo,1723259,NA,NA,NA,NA,29,4,0,115,8,0
2020-04-08,Mexico,127792286,Quintana Roo,1723259,NA,NA,NA,NA,8,1,0,143,10,0
2020-04-10,Mexico,127792286,Quintana Roo,1723259,NA,NA,NA,NA,4,1,0,163,13,0
2020-04-12,Mexico,127792286,Quintana Roo,1723259,NA,NA,NA,NA,7,1,0,223,19,0
2020-04-14,Mexico,127792286,Quintana Roo,1723259,NA,NA,NA,NA,6,3,0,245,25,0
2020-04-16,Mexico,127792286,Quintana Roo,1723259,NA,NA,NA,NA,7,1,0,276,28,0
2020-04-18,Mexico,127792286,Quintana Roo,1723259,NA,NA,NA,NA,35,0,0,315,31,0
2020-04-20,Mexico,127792286,Quintana Roo,1723259,NA,NA,NA,NA,38,3,0,360,34,0
2020-04-22,Mexico,127792286,Quintana Roo,1723259,NA,NA,NA,NA,33,9,0,426,56,0
2020-04-24,Mexico,127792286,Quintana Roo,1723259,NA,NA,NA,NA,50,10,0,511,71,0
2020-04-26,Mexico,127792286,Quintana Roo,1723259,NA,NA,NA,NA,53,3,0,593,79,0
2020-04-28,Mexico,127792286,Quintana Roo,1723259,NA,NA,NA,NA,45,5,0,688,90,0
2020-04-30,Mexico,127792286,Quintana Roo,1723259,NA,NA,NA,NA,77,6,0,778,114,0
2020-05-02,Mexico,127792286,Quintana Roo,1723259,NA,NA,NA,NA,58,0,0,878,116,0
2020-05-04,Mexico,127792286,Quintana Roo,1723259,NA,NA,NA,NA,12,1,0,912,119,0
2020-05-06,Mexico,127792286,Quintana Roo,1723259,NA,NA,NA,NA,26,16,0,970,158,0
2020-05-08,Mexico,127792286,Quintana Roo,1723259,NA,NA,NA,NA,33,7,0,1022,175,0
2020-05-10,Mexico,127792286,Quintana Roo,1723259,NA,NA,NA,NA,10,1,0,1072,183,0
2020-05-12,Mexico,127792286,Quintana Roo,1723259,NA,NA,NA,NA,26,19,0,1135,211,0
2020-05-14,Mexico,127792286,Quintana Roo,1723259,NA,NA,NA,NA,49,7,0,1217,229,0
2020-05-16,Mexico,127792286,Quintana Roo,1723259,NA,NA,NA,NA,31,8,0,1278,242,0
2020-05-18,Mexico,127792286,Quintana Roo,1723259,NA,NA,NA,NA,31,7,0,1336,253,0
2020-05-20,Mexico,127792286,Quintana Roo,1723259,NA,NA,NA,NA,27,9,0,1382,271,0
2020-05-22,Mexico,127792286,Quintana Roo,1723259,NA,NA,NA,NA,80,3,0,1520,283,0
2020-05-24,Mexico,127792286,Quintana Roo,1723259,NA,NA,NA,NA,29,3,0,1597,291,0
2020-05-26,Mexico,127792286,Quintana Roo,1723259,NA,NA,NA,NA,42,10,0,1671,304,0
2020-05-28,Mexico,127792286,Quintana Roo,1723259,NA,NA,NA,NA,48,14,0,1765,337,0
2020-05-30,Mexico,127792286,Quintana Roo,1723259,NA,NA,NA,NA,35,6,0,1839,347,0
2020-06-01,Mexico,127792286,Quintana Roo,1723259,NA,NA,NA,NA,44,3,0,1915,355,0
2020-06-03,Mexico,127792286,Quintana Roo,1723259,NA,NA,NA,NA,54,30,0,1999,393,0
2020-06-05,Mexico,127792286,Quintana Roo,1723259,NA,NA,NA,NA,44,10,0,2105,411,0
2020-06-07,Mexico,127792286,Quintana Roo,1723259,NA,NA,NA,NA,17,0,0,2168,418,0
2020-06-09,Mexico,127792286,Quintana Roo,1723259,NA,NA,NA,NA,38,20,0,2224,442,0
2020-06-11,Mexico,127792286,Quintana Roo,1723259,NA,NA,NA,NA,45,8,0,2317,456,0
2020-06-13,Mexico,127792286,Quintana Roo,1723259,NA,NA,NA,NA,57,5,0,2429,464,0
2020-06-15,Mexico,127792286,Quintana Roo,1723259,NA,NA,NA,NA,6,7,0,2497,474,0
2020-06-17,Mexico,127792286,Quintana Roo,1723259,NA,NA,NA,NA,96,11,0,2643,498,0
2020-06-19,Mexico,127792286,Quintana Roo,1723259,NA,NA,NA,NA,59,7,0,2778,507,0
2020-06-21,Mexico,127792286,Quintana Roo,1723259,NA,NA,NA,NA,92,4,0,2930,514,0
2020-06-23,Mexico,127792286,Quintana Roo,1723259,NA,NA,NA,NA,39,6,0,2992,523,0
2020-06-25,Mexico,127792286,Quintana Roo,1723259,NA,NA,NA,NA,88,9,0,3213,543,0
2020-06-27,Mexico,127792286,Quintana Roo,1723259,NA,NA,NA,NA,95,5,0,3379,556,0
2020-06-29,Mexico,127792286,Quintana Roo,1723259,NA,NA,NA,NA,102,3,0,3518,565,0
2020-07-01,Mexico,127792286,Quintana Roo,1723259,NA,NA,NA,NA,164,20,0,3762,595,0
2020-07-03,Mexico,127792286,Quintana Roo,1723259,NA,NA,NA,NA,127,3,0,4053,608,0
2020-07-05,Mexico,127792286,Quintana Roo,1723259,NA,NA,NA,NA,49,9,0,4224,624,0
2020-07-07,Mexico,127792286,Quintana Roo,1723259,NA,NA,NA,NA,114,15,0,4424,643,0
2020-07-09,Mexico,127792286,Quintana Roo,1723259,NA,NA,NA,NA,190,11,0,4736,668,0
2020-07-11,Mexico,127792286,Quintana Roo,1723259,NA,NA,NA,NA,217,4,0,5014,690,0
2020-07-13,Mexico,127792286,Quintana Roo,1723259,NA,NA,NA,NA,122,7,0,5326,703,0
2020-07-15,Mexico,127792286,Quintana Roo,1723259,NA,NA,NA,NA,98,14,0,5493,744,0
2020-07-17,Mexico,127792286,Quintana Roo,1723259,NA,NA,NA,NA,147,6,0,5733,767,0
2020-07-19,Mexico,127792286,Quintana Roo,1723259,NA,NA,NA,NA,64,6,0,6111,792,0
2020-07-21,Mexico,127792286,Quintana Roo,1723259,NA,NA,NA,NA,83,27,0,6318,822,0
2020-07-23,Mexico,127792286,Quintana Roo,1723259,NA,NA,NA,NA,56,20,0,6506,864,0
2020-07-25,Mexico,127792286,Quintana Roo,1723259,NA,NA,NA,NA,220,22,0,6968,905,0
2020-07-27,Mexico,127792286,Quintana Roo,1723259,NA,NA,NA,NA,104,10,0,7164,923,0
2020-07-29,Mexico,127792286,Quintana Roo,1723259,NA,NA,NA,NA,134,17,0,7350,956,0
2020-07-31,Mexico,127792286,Quintana Roo,1723259,NA,NA,NA,NA,145,13,0,7633,989,0
2020-08-02,Mexico,127792286,Quintana Roo,1723259,NA,NA,NA,NA,132,4,0,7912,1011,0
2020-08-04,Mexico,127792286,Quintana Roo,1723259,NA,NA,NA,NA,70,8,0,8036,1026,0
2020-08-06,Mexico,127792286,Quintana Roo,1723259,NA,NA,NA,NA,123,16,0,8291,1074,0
2020-08-08,Mexico,127792286,Quintana Roo,1723259,NA,NA,NA,NA,117,14,0,8541,1105,0
2020-08-10,Mexico,127792286,Quintana Roo,1723259,NA,NA,NA,NA,66,13,0,8693,1120,0
2020-08-12,Mexico,127792286,Quintana Roo,1723259,NA,NA,NA,NA,137,21,0,8884,1157,0
2020-08-14,Mexico,127792286,Quintana Roo,1723259,NA,NA,NA,NA,93,24,0,9074,1200,0
2020-02-25,Mexico,127792286,San Luis Potosi,2866142,NA,NA,NA,NA,NA,NA,NA,0,0,0
2020-02-27,Mexico,127792286,San Luis Potosi,2866142,NA,NA,NA,NA,0,0,0,0,0,0
2020-02-29,Mexico,127792286,San Luis Potosi,2866142,NA,NA,NA,NA,0,0,0,0,0,0
2020-03-02,Mexico,127792286,San Luis Potosi,2866142,NA,NA,NA,NA,0,0,0,0,0,0
2020-03-04,Mexico,127792286,San Luis Potosi,2866142,NA,NA,NA,NA,0,0,0,0,0,0
2020-03-06,Mexico,127792286,San Luis Potosi,2866142,NA,NA,NA,NA,0,0,0,0,0,0
2020-03-08,Mexico,127792286,San Luis Potosi,2866142,NA,NA,NA,NA,0,0,0,0,0,0
2020-03-10,Mexico,127792286,San Luis Potosi,2866142,NA,NA,NA,NA,0,0,0,0,0,0
2020-03-12,Mexico,127792286,San Luis Potosi,2866142,NA,NA,NA,NA,0,0,0,0,0,0
2020-03-14,Mexico,127792286,San Luis Potosi,2866142,NA,NA,NA,NA,1,0,0,1,0,0
2020-03-16,Mexico,127792286,San Luis Potosi,2866142,NA,NA,NA,NA,0,0,0,2,0,0
2020-03-18,Mexico,127792286,San Luis Potosi,2866142,NA,NA,NA,NA,1,0,0,3,0,0
2020-03-20,Mexico,127792286,San Luis Potosi,2866142,NA,NA,NA,NA,0,0,0,7,0,0
2020-03-22,Mexico,127792286,San Luis Potosi,2866142,NA,NA,NA,NA,3,0,0,12,0,0
2020-03-24,Mexico,127792286,San Luis Potosi,2866142,NA,NA,NA,NA,0,0,0,16,0,0
2020-03-26,Mexico,127792286,San Luis Potosi,2866142,NA,NA,NA,NA,1,1,0,18,2,0
2020-03-28,Mexico,127792286,San Luis Potosi,2866142,NA,NA,NA,NA,1,0,0,20,2,0
2020-03-30,Mexico,127792286,San Luis Potosi,2866142,NA,NA,NA,NA,1,0,0,25,2,0
2020-04-01,Mexico,127792286,San Luis Potosi,2866142,NA,NA,NA,NA,6,0,0,31,2,0
2020-04-03,Mexico,127792286,San Luis Potosi,2866142,NA,NA,NA,NA,2,0,0,35,2,0
2020-04-05,Mexico,127792286,San Luis Potosi,2866142,NA,NA,NA,NA,2,0,0,37,2,0
2020-04-07,Mexico,127792286,San Luis Potosi,2866142,NA,NA,NA,NA,4,0,0,41,3,0
2020-04-09,Mexico,127792286,San Luis Potosi,2866142,NA,NA,NA,NA,4,0,0,47,4,0
2020-04-11,Mexico,127792286,San Luis Potosi,2866142,NA,NA,NA,NA,3,0,0,51,4,0
2020-04-13,Mexico,127792286,San Luis Potosi,2866142,NA,NA,NA,NA,2,0,0,55,4,0
2020-04-15,Mexico,127792286,San Luis Potosi,2866142,NA,NA,NA,NA,1,0,0,56,4,0
2020-04-17,Mexico,127792286,San Luis Potosi,2866142,NA,NA,NA,NA,2,0,0,58,4,0
2020-04-19,Mexico,127792286,San Luis Potosi,2866142,NA,NA,NA,NA,4,0,0,63,4,0
2020-04-21,Mexico,127792286,San Luis Potosi,2866142,NA,NA,NA,NA,1,1,0,67,5,0
2020-04-23,Mexico,127792286,San Luis Potosi,2866142,NA,NA,NA,NA,5,1,0,73,6,0
2020-04-25,Mexico,127792286,San Luis Potosi,2866142,NA,NA,NA,NA,3,0,0,76,6,0
2020-04-27,Mexico,127792286,San Luis Potosi,2866142,NA,NA,NA,NA,5,0,0,84,6,0
2020-04-29,Mexico,127792286,San Luis Potosi,2866142,NA,NA,NA,NA,13,0,0,98,7,0
2020-05-01,Mexico,127792286,San Luis Potosi,2866142,NA,NA,NA,NA,12,1,0,120,8,0
2020-05-03,Mexico,127792286,San Luis Potosi,2866142,NA,NA,NA,NA,16,0,0,145,8,0
2020-05-05,Mexico,127792286,San Luis Potosi,2866142,NA,NA,NA,NA,10,0,0,165,8,0
2020-05-07,Mexico,127792286,San Luis Potosi,2866142,NA,NA,NA,NA,18,1,0,203,10,0
2020-05-09,Mexico,127792286,San Luis Potosi,2866142,NA,NA,NA,NA,10,1,0,237,12,0
2020-05-11,Mexico,127792286,San Luis Potosi,2866142,NA,NA,NA,NA,14,0,0,279,12,0
2020-05-13,Mexico,127792286,San Luis Potosi,2866142,NA,NA,NA,NA,30,3,0,343,17,0
2020-05-15,Mexico,127792286,San Luis Potosi,2866142,NA,NA,NA,NA,37,0,0,405,19,0
2020-05-17,Mexico,127792286,San Luis Potosi,2866142,NA,NA,NA,NA,28,2,0,458,22,0
2020-05-19,Mexico,127792286,San Luis Potosi,2866142,NA,NA,NA,NA,14,0,0,498,23,0
2020-05-21,Mexico,127792286,San Luis Potosi,2866142,NA,NA,NA,NA,33,1,0,563,25,0
2020-05-23,Mexico,127792286,San Luis Potosi,2866142,NA,NA,NA,NA,44,0,0,646,26,0
2020-05-25,Mexico,127792286,San Luis Potosi,2866142,NA,NA,NA,NA,1,4,0,699,40,0
2020-05-27,Mexico,127792286,San Luis Potosi,2866142,NA,NA,NA,NA,52,5,0,794,46,0
2020-05-29,Mexico,127792286,San Luis Potosi,2866142,NA,NA,NA,NA,33,0,0,856,49,0
2020-05-31,Mexico,127792286,San Luis Potosi,2866142,NA,NA,NA,NA,49,1,0,937,51,0
2020-06-02,Mexico,127792286,San Luis Potosi,2866142,NA,NA,NA,NA,26,3,0,989,57,0
2020-06-04,Mexico,127792286,San Luis Potosi,2866142,NA,NA,NA,NA,63,3,0,1093,60,0
2020-06-06,Mexico,127792286,San Luis Potosi,2866142,NA,NA,NA,NA,67,3,0,1198,65,0
2020-06-08,Mexico,127792286,San Luis Potosi,2866142,NA,NA,NA,NA,71,4,0,1308,69,0
2020-06-10,Mexico,127792286,San Luis Potosi,2866142,NA,NA,NA,NA,48,4,0,1432,83,0
2020-06-12,Mexico,127792286,San Luis Potosi,2866142,NA,NA,NA,NA,48,2,0,1584,86,0
2020-06-14,Mexico,127792286,San Luis Potosi,2866142,NA,NA,NA,NA,59,1,0,1726,90,0
2020-06-16,Mexico,127792286,San Luis Potosi,2866142,NA,NA,NA,NA,131,1,0,1859,92,0
2020-06-18,Mexico,127792286,San Luis Potosi,2866142,NA,NA,NA,NA,102,3,0,2044,101,0
2020-06-20,Mexico,127792286,San Luis Potosi,2866142,NA,NA,NA,NA,102,0,0,2186,101,0
2020-06-22,Mexico,127792286,San Luis Potosi,2866142,NA,NA,NA,NA,161,6,0,2418,107,0
2020-06-24,Mexico,127792286,San Luis Potosi,2866142,NA,NA,NA,NA,53,4,0,2536,118,0
2020-06-26,Mexico,127792286,San Luis Potosi,2866142,NA,NA,NA,NA,107,9,0,2645,132,0
2020-06-28,Mexico,127792286,San Luis Potosi,2866142,NA,NA,NA,NA,137,2,0,3012,144,0
2020-06-30,Mexico,127792286,San Luis Potosi,2866142,NA,NA,NA,NA,97,6,0,3147,154,0
2020-07-02,Mexico,127792286,San Luis Potosi,2866142,NA,NA,NA,NA,110,4,0,3359,161,0
2020-07-04,Mexico,127792286,San Luis Potosi,2866142,NA,NA,NA,NA,136,9,0,3577,172,0
2020-07-06,Mexico,127792286,San Luis Potosi,2866142,NA,NA,NA,NA,152,7,0,3831,187,0
2020-07-08,Mexico,127792286,San Luis Potosi,2866142,NA,NA,NA,NA,99,28,0,4017,235,0
2020-07-10,Mexico,127792286,San Luis Potosi,2866142,NA,NA,NA,NA,118,7,0,4210,247,0
2020-07-12,Mexico,127792286,San Luis Potosi,2866142,NA,NA,NA,NA,109,1,0,4535,261,0
2020-07-14,Mexico,127792286,San Luis Potosi,2866142,NA,NA,NA,NA,121,10,0,4816,277,0
2020-07-16,Mexico,127792286,San Luis Potosi,2866142,NA,NA,NA,NA,198,9,0,5242,294,0
2020-07-18,Mexico,127792286,San Luis Potosi,2866142,NA,NA,NA,NA,223,10,0,5666,311,0
2020-07-20,Mexico,127792286,San Luis Potosi,2866142,NA,NA,NA,NA,259,7,0,6101,324,0
2020-07-22,Mexico,127792286,San Luis Potosi,2866142,NA,NA,NA,NA,238,7,0,6515,341,0
2020-07-24,Mexico,127792286,San Luis Potosi,2866142,NA,NA,NA,NA,264,22,0,7042,376,0
2020-07-26,Mexico,127792286,San Luis Potosi,2866142,NA,NA,NA,NA,308,14,0,7642,401,0
2020-07-28,Mexico,127792286,San Luis Potosi,2866142,NA,NA,NA,NA,369,14,0,8349,420,0
2020-07-30,Mexico,127792286,San Luis Potosi,2866142,NA,NA,NA,NA,292,23,0,9001,452,0
2020-08-01,Mexico,127792286,San Luis Potosi,2866142,NA,NA,NA,NA,608,59,0,9971,525,0
2020-08-03,Mexico,127792286,San Luis Potosi,2866142,NA,NA,NA,NA,407,15,0,10599,547,0
2020-08-05,Mexico,127792286,San Luis Potosi,2866142,NA,NA,NA,NA,276,25,0,11109,592,0
2020-08-07,Mexico,127792286,San Luis Potosi,2866142,NA,NA,NA,NA,264,2,0,11732,599,0
2020-08-09,Mexico,127792286,San Luis Potosi,2866142,NA,NA,NA,NA,263,21,0,12151,675,0
2020-08-11,Mexico,127792286,San Luis Potosi,2866142,NA,NA,NA,NA,201,44,0,12890,738,0
2020-08-13,Mexico,127792286,San Luis Potosi,2866142,NA,NA,NA,NA,325,12,0,13515,802,0
2020-08-15,Mexico,127792286,San Luis Potosi,2866142,NA,NA,NA,NA,373,27,0,14152,850,0
2020-02-26,Mexico,127792286,Sinaloa,3156674,NA,NA,NA,NA,NA,NA,NA,0,0,0
2020-02-28,Mexico,127792286,Sinaloa,3156674,NA,NA,NA,NA,1,0,0,1,0,0
2020-03-01,Mexico,127792286,Sinaloa,3156674,NA,NA,NA,NA,0,0,0,1,0,0
2020-03-03,Mexico,127792286,Sinaloa,3156674,NA,NA,NA,NA,0,0,0,1,0,0
2020-03-05,Mexico,127792286,Sinaloa,3156674,NA,NA,NA,NA,0,0,0,1,0,0
2020-03-07,Mexico,127792286,Sinaloa,3156674,NA,NA,NA,NA,0,0,0,1,0,0
2020-03-09,Mexico,127792286,Sinaloa,3156674,NA,NA,NA,NA,0,0,0,1,0,0
2020-03-11,Mexico,127792286,Sinaloa,3156674,NA,NA,NA,NA,0,0,1,1,0,1
2020-03-13,Mexico,127792286,Sinaloa,3156674,NA,NA,NA,NA,0,0,0,1,0,1
2020-03-15,Mexico,127792286,Sinaloa,3156674,NA,NA,NA,NA,1,0,0,2,0,1
2020-03-17,Mexico,127792286,Sinaloa,3156674,NA,NA,NA,NA,0,0,0,2,0,1
2020-03-19,Mexico,127792286,Sinaloa,3156674,NA,NA,NA,NA,1,0,0,3,0,1
2020-03-21,Mexico,127792286,Sinaloa,3156674,NA,NA,NA,NA,0,0,0,3,0,1
2020-03-23,Mexico,127792286,Sinaloa,3156674,NA,NA,NA,NA,0,0,0,4,0,1
2020-03-25,Mexico,127792286,Sinaloa,3156674,NA,NA,NA,NA,0,0,0,4,0,1
2020-03-27,Mexico,127792286,Sinaloa,3156674,NA,NA,NA,NA,1,0,0,9,0,1
2020-03-29,Mexico,127792286,Sinaloa,3156674,NA,NA,NA,NA,5,0,0,19,0,1
2020-03-31,Mexico,127792286,Sinaloa,3156674,NA,NA,NA,NA,3,0,0,27,3,1
2020-04-02,Mexico,127792286,Sinaloa,3156674,NA,NA,NA,NA,10,0,0,42,4,1
2020-04-04,Mexico,127792286,Sinaloa,3156674,NA,NA,NA,NA,23,5,0,74,10,1
2020-04-06,Mexico,127792286,Sinaloa,3156674,NA,NA,NA,NA,7,0,0,97,12,1
2020-04-08,Mexico,127792286,Sinaloa,3156674,NA,NA,NA,NA,14,0,0,125,13,1
2020-04-10,Mexico,127792286,Sinaloa,3156674,NA,NA,NA,NA,33,3,0,171,18,1
2020-04-12,Mexico,127792286,Sinaloa,3156674,NA,NA,NA,NA,15,0,0,229,24,1
2020-04-14,Mexico,127792286,Sinaloa,3156674,NA,NA,NA,NA,16,6,0,261,34,1
2020-04-16,Mexico,127792286,Sinaloa,3156674,NA,NA,NA,NA,35,2,0,327,40,1
2020-04-18,Mexico,127792286,Sinaloa,3156674,NA,NA,NA,NA,39,2,0,413,45,1
2020-04-20,Mexico,127792286,Sinaloa,3156674,NA,NA,NA,NA,27,0,0,486,45,1
2020-04-22,Mexico,127792286,Sinaloa,3156674,NA,NA,NA,NA,60,7,0,570,59,1
2020-04-24,Mexico,127792286,Sinaloa,3156674,NA,NA,NA,NA,76,30,0,692,92,1
2020-04-26,Mexico,127792286,Sinaloa,3156674,NA,NA,NA,NA,39,7,0,750,105,1
2020-04-28,Mexico,127792286,Sinaloa,3156674,NA,NA,NA,NA,8,8,0,806,130,1
2020-04-30,Mexico,127792286,Sinaloa,3156674,NA,NA,NA,NA,45,6,0,869,139,1
2020-05-02,Mexico,127792286,Sinaloa,3156674,NA,NA,NA,NA,69,4,0,1081,163,1
2020-05-04,Mexico,127792286,Sinaloa,3156674,NA,NA,NA,NA,43,3,0,1168,173,1
2020-05-06,Mexico,127792286,Sinaloa,3156674,NA,NA,NA,NA,55,7,0,1257,180,1
2020-05-08,Mexico,127792286,Sinaloa,3156674,NA,NA,NA,NA,61,7,0,1380,204,1
2020-05-10,Mexico,127792286,Sinaloa,3156674,NA,NA,NA,NA,78,6,0,1479,213,1
2020-05-12,Mexico,127792286,Sinaloa,3156674,NA,NA,NA,NA,62,14,0,1588,230,1
2020-05-14,Mexico,127792286,Sinaloa,3156674,NA,NA,NA,NA,96,5,0,1725,253,1
2020-05-16,Mexico,127792286,Sinaloa,3156674,NA,NA,NA,NA,48,21,0,1871,282,1
2020-05-18,Mexico,127792286,Sinaloa,3156674,NA,NA,NA,NA,92,14,0,2028,299,1
2020-05-20,Mexico,127792286,Sinaloa,3156674,NA,NA,NA,NA,82,6,0,2170,326,1
2020-05-22,Mexico,127792286,Sinaloa,3156674,NA,NA,NA,NA,86,12,0,2338,366,1
2020-05-24,Mexico,127792286,Sinaloa,3156674,NA,NA,NA,NA,150,10,0,2598,390,1
2020-05-26,Mexico,127792286,Sinaloa,3156674,NA,NA,NA,NA,19,21,0,2827,427,1
2020-05-28,Mexico,127792286,Sinaloa,3156674,NA,NA,NA,NA,113,17,0,3030,448,1
2020-05-30,Mexico,127792286,Sinaloa,3156674,NA,NA,NA,NA,136,28,0,3275,488,1
2020-06-01,Mexico,127792286,Sinaloa,3156674,NA,NA,NA,NA,158,21,0,3595,522,1
2020-06-03,Mexico,127792286,Sinaloa,3156674,NA,NA,NA,NA,204,76,0,3917,624,1
2020-06-05,Mexico,127792286,Sinaloa,3156674,NA,NA,NA,NA,203,27,0,4253,673,1
2020-06-07,Mexico,127792286,Sinaloa,3156674,NA,NA,NA,NA,148,24,0,4569,708,1
2020-06-09,Mexico,127792286,Sinaloa,3156674,NA,NA,NA,NA,104,42,0,4883,774,1
2020-06-11,Mexico,127792286,Sinaloa,3156674,NA,NA,NA,NA,130,35,0,5210,835,1
2020-06-13,Mexico,127792286,Sinaloa,3156674,NA,NA,NA,NA,49,15,0,5382,867,1
2020-06-15,Mexico,127792286,Sinaloa,3156674,NA,NA,NA,NA,219,28,0,5870,907,1
2020-06-17,Mexico,127792286,Sinaloa,3156674,NA,NA,NA,NA,74,20,0,6036,953,1
2020-06-19,Mexico,127792286,Sinaloa,3156674,NA,NA,NA,NA,177,23,0,6347,990,1
2020-06-21,Mexico,127792286,Sinaloa,3156674,NA,NA,NA,NA,206,15,0,6701,1020,1
2020-06-23,Mexico,127792286,Sinaloa,3156674,NA,NA,NA,NA,541,66,0,7330,1098,1
2020-06-25,Mexico,127792286,Sinaloa,3156674,NA,NA,NA,NA,97,21,0,7587,1147,1
2020-06-27,Mexico,127792286,Sinaloa,3156674,NA,NA,NA,NA,37,49,0,7819,1218,1
2020-06-29,Mexico,127792286,Sinaloa,3156674,NA,NA,NA,NA,215,21,0,8128,1257,1
2020-07-01,Mexico,127792286,Sinaloa,3156674,NA,NA,NA,NA,159,33,0,8472,1331,1
2020-07-03,Mexico,127792286,Sinaloa,3156674,NA,NA,NA,NA,135,27,0,8762,1383,1
2020-07-05,Mexico,127792286,Sinaloa,3156674,NA,NA,NA,NA,59,9,0,8977,1413,1
2020-07-07,Mexico,127792286,Sinaloa,3156674,NA,NA,NA,NA,169,43,0,9348,1477,1
2020-07-09,Mexico,127792286,Sinaloa,3156674,NA,NA,NA,NA,103,37,0,9645,1545,1
2020-07-11,Mexico,127792286,Sinaloa,3156674,NA,NA,NA,NA,121,30,0,9910,1608,1
2020-07-13,Mexico,127792286,Sinaloa,3156674,NA,NA,NA,NA,209,15,0,10328,1655,1
2020-07-15,Mexico,127792286,Sinaloa,3156674,NA,NA,NA,NA,185,25,0,10764,1714,1
2020-07-17,Mexico,127792286,Sinaloa,3156674,NA,NA,NA,NA,176,52,0,11052,1791,1
2020-07-19,Mexico,127792286,Sinaloa,3156674,NA,NA,NA,NA,9,9,0,11327,1830,1
2020-07-21,Mexico,127792286,Sinaloa,3156674,NA,NA,NA,NA,333,51,0,11696,1894,1
2020-07-23,Mexico,127792286,Sinaloa,3156674,NA,NA,NA,NA,106,29,0,11929,1970,1
2020-07-25,Mexico,127792286,Sinaloa,3156674,NA,NA,NA,NA,148,25,0,12178,2016,1
2020-07-27,Mexico,127792286,Sinaloa,3156674,NA,NA,NA,NA,53,18,0,12346,2048,1
2020-07-29,Mexico,127792286,Sinaloa,3156674,NA,NA,NA,NA,21,26,0,12470,2103,1
2020-07-31,Mexico,127792286,Sinaloa,3156674,NA,NA,NA,NA,167,32,0,12693,2191,1
2020-08-02,Mexico,127792286,Sinaloa,3156674,NA,NA,NA,NA,36,9,0,12817,2242,1
2020-08-04,Mexico,127792286,Sinaloa,3156674,NA,NA,NA,NA,197,24,0,13075,2272,1
2020-08-06,Mexico,127792286,Sinaloa,3156674,NA,NA,NA,NA,170,27,0,13394,2334,1
2020-08-08,Mexico,127792286,Sinaloa,3156674,NA,NA,NA,NA,147,32,0,13737,2380,1
2020-08-10,Mexico,127792286,Sinaloa,3156674,NA,NA,NA,NA,67,31,0,13825,2421,1
2020-08-12,Mexico,127792286,Sinaloa,3156674,NA,NA,NA,NA,69,37,0,14183,2502,1
2020-08-14,Mexico,127792286,Sinaloa,3156674,NA,NA,NA,NA,123,14,0,14350,2526,1
2020-02-25,Mexico,127792286,Sonora,3074745,NA,NA,NA,NA,NA,NA,NA,0,0,0
2020-02-27,Mexico,127792286,Sonora,3074745,NA,NA,NA,NA,0,0,0,0,0,0
2020-02-29,Mexico,127792286,Sonora,3074745,NA,NA,NA,NA,0,0,0,0,0,0
2020-03-02,Mexico,127792286,Sonora,3074745,NA,NA,NA,NA,0,0,0,0,0,0
2020-03-04,Mexico,127792286,Sonora,3074745,NA,NA,NA,NA,0,0,0,0,0,0
2020-03-06,Mexico,127792286,Sonora,3074745,NA,NA,NA,NA,0,0,0,0,0,0
2020-03-08,Mexico,127792286,Sonora,3074745,NA,NA,NA,NA,0,0,0,0,0,0
2020-03-10,Mexico,127792286,Sonora,3074745,NA,NA,NA,NA,0,0,0,0,0,0
2020-03-12,Mexico,127792286,Sonora,3074745,NA,NA,NA,NA,0,0,0,0,0,0
2020-03-14,Mexico,127792286,Sonora,3074745,NA,NA,NA,NA,0,0,0,0,0,0
2020-03-16,Mexico,127792286,Sonora,3074745,NA,NA,NA,NA,0,0,0,0,0,0
2020-03-18,Mexico,127792286,Sonora,3074745,NA,NA,NA,NA,0,0,0,1,0,0
2020-03-20,Mexico,127792286,Sonora,3074745,NA,NA,NA,NA,0,0,0,2,0,0
2020-03-22,Mexico,127792286,Sonora,3074745,NA,NA,NA,NA,2,0,0,4,0,0
2020-03-24,Mexico,127792286,Sonora,3074745,NA,NA,NA,NA,0,0,0,4,0,0
2020-03-26,Mexico,127792286,Sonora,3074745,NA,NA,NA,NA,3,0,0,7,0,0
2020-03-28,Mexico,127792286,Sonora,3074745,NA,NA,NA,NA,2,0,0,10,0,0
2020-03-30,Mexico,127792286,Sonora,3074745,NA,NA,NA,NA,3,0,0,17,0,0
2020-04-01,Mexico,127792286,Sonora,3074745,NA,NA,NA,NA,1,0,0,18,0,0
2020-04-03,Mexico,127792286,Sonora,3074745,NA,NA,NA,NA,1,0,0,22,0,0
2020-04-05,Mexico,127792286,Sonora,3074745,NA,NA,NA,NA,1,0,0,28,1,0
2020-04-07,Mexico,127792286,Sonora,3074745,NA,NA,NA,NA,5,0,0,35,1,0
2020-04-09,Mexico,127792286,Sonora,3074745,NA,NA,NA,NA,2,2,0,48,4,0
2020-04-11,Mexico,127792286,Sonora,3074745,NA,NA,NA,NA,10,0,0,65,5,0
2020-04-13,Mexico,127792286,Sonora,3074745,NA,NA,NA,NA,3,4,0,72,9,0
2020-04-15,Mexico,127792286,Sonora,3074745,NA,NA,NA,NA,5,0,0,78,9,0
2020-04-17,Mexico,127792286,Sonora,3074745,NA,NA,NA,NA,8,0,0,97,10,0
2020-04-19,Mexico,127792286,Sonora,3074745,NA,NA,NA,NA,9,2,0,117,12,0
2020-04-21,Mexico,127792286,Sonora,3074745,NA,NA,NA,NA,0,1,0,114,13,0
2020-04-23,Mexico,127792286,Sonora,3074745,NA,NA,NA,NA,5,3,0,127,16,0
2020-04-25,Mexico,127792286,Sonora,3074745,NA,NA,NA,NA,0,2,0,135,18,0
2020-04-27,Mexico,127792286,Sonora,3074745,NA,NA,NA,NA,15,0,0,159,18,0
2020-04-29,Mexico,127792286,Sonora,3074745,NA,NA,NA,NA,10,1,0,173,20,0
2020-05-01,Mexico,127792286,Sonora,3074745,NA,NA,NA,NA,28,3,0,214,23,0
2020-05-03,Mexico,127792286,Sonora,3074745,NA,NA,NA,NA,16,0,0,239,23,0
2020-05-05,Mexico,127792286,Sonora,3074745,NA,NA,NA,NA,19,0,0,271,23,0
2020-05-07,Mexico,127792286,Sonora,3074745,NA,NA,NA,NA,46,1,0,350,25,0
2020-05-09,Mexico,127792286,Sonora,3074745,NA,NA,NA,NA,62,1,0,440,26,0
2020-05-11,Mexico,127792286,Sonora,3074745,NA,NA,NA,NA,39,1,0,505,28,0
2020-05-13,Mexico,127792286,Sonora,3074745,NA,NA,NA,NA,69,1,0,599,30,0
2020-05-15,Mexico,127792286,Sonora,3074745,NA,NA,NA,NA,64,3,0,709,34,0
2020-05-17,Mexico,127792286,Sonora,3074745,NA,NA,NA,NA,80,2,0,831,37,0
2020-05-19,Mexico,127792286,Sonora,3074745,NA,NA,NA,NA,75,7,0,927,45,0
2020-05-21,Mexico,127792286,Sonora,3074745,NA,NA,NA,NA,108,4,0,1066,53,0
2020-05-23,Mexico,127792286,Sonora,3074745,NA,NA,NA,NA,67,7,0,1189,63,0
2020-05-25,Mexico,127792286,Sonora,3074745,NA,NA,NA,NA,8,3,0,1372,72,0
2020-05-27,Mexico,127792286,Sonora,3074745,NA,NA,NA,NA,30,4,0,1526,88,0
2020-05-29,Mexico,127792286,Sonora,3074745,NA,NA,NA,NA,154,11,0,1716,102,0
2020-05-31,Mexico,127792286,Sonora,3074745,NA,NA,NA,NA,225,2,0,1990,111,0
2020-06-02,Mexico,127792286,Sonora,3074745,NA,NA,NA,NA,189,16,0,2229,132,0
2020-06-04,Mexico,127792286,Sonora,3074745,NA,NA,NA,NA,208,14,0,2566,156,0
2020-06-06,Mexico,127792286,Sonora,3074745,NA,NA,NA,NA,139,11,0,2755,176,0
2020-06-08,Mexico,127792286,Sonora,3074745,NA,NA,NA,NA,66,3,0,2937,180,0
2020-06-10,Mexico,127792286,Sonora,3074745,NA,NA,NA,NA,66,13,0,3261,216,0
2020-06-12,Mexico,127792286,Sonora,3074745,NA,NA,NA,NA,160,14,0,3593,244,0
2020-06-14,Mexico,127792286,Sonora,3074745,NA,NA,NA,NA,146,17,0,3860,273,0
2020-06-16,Mexico,127792286,Sonora,3074745,NA,NA,NA,NA,28,24,0,3984,306,0
2020-06-18,Mexico,127792286,Sonora,3074745,NA,NA,NA,NA,334,19,0,4376,331,0
2020-06-20,Mexico,127792286,Sonora,3074745,NA,NA,NA,NA,178,9,0,4798,365,0
2020-06-22,Mexico,127792286,Sonora,3074745,NA,NA,NA,NA,423,16,0,5360,388,0
2020-06-24,Mexico,127792286,Sonora,3074745,NA,NA,NA,NA,111,70,0,6130,554,0
2020-06-26,Mexico,127792286,Sonora,3074745,NA,NA,NA,NA,179,24,0,6498,596,0
2020-06-28,Mexico,127792286,Sonora,3074745,NA,NA,NA,NA,120,16,0,6884,664,0
2020-06-30,Mexico,127792286,Sonora,3074745,NA,NA,NA,NA,174,19,0,7399,708,0
2020-07-02,Mexico,127792286,Sonora,3074745,NA,NA,NA,NA,456,36,0,8139,773,0
2020-07-04,Mexico,127792286,Sonora,3074745,NA,NA,NA,NA,232,20,0,8892,830,0
2020-07-06,Mexico,127792286,Sonora,3074745,NA,NA,NA,NA,246,28,0,9315,884,0
2020-07-08,Mexico,127792286,Sonora,3074745,NA,NA,NA,NA,310,23,0,10198,960,0
2020-07-10,Mexico,127792286,Sonora,3074745,NA,NA,NA,NA,427,29,0,10989,1027,0
2020-07-12,Mexico,127792286,Sonora,3074745,NA,NA,NA,NA,81,7,0,11335,1087,0
2020-07-14,Mexico,127792286,Sonora,3074745,NA,NA,NA,NA,543,57,0,12108,1170,0
2020-07-16,Mexico,127792286,Sonora,3074745,NA,NA,NA,NA,601,37,0,13055,1235,0
2020-07-18,Mexico,127792286,Sonora,3074745,NA,NA,NA,NA,540,30,0,13999,1301,0
2020-07-20,Mexico,127792286,Sonora,3074745,NA,NA,NA,NA,123,31,0,14671,1499,0
2020-07-22,Mexico,127792286,Sonora,3074745,NA,NA,NA,NA,160,42,0,15172,1581,0
2020-07-24,Mexico,127792286,Sonora,3074745,NA,NA,NA,NA,424,64,0,16111,1685,0
2020-07-26,Mexico,127792286,Sonora,3074745,NA,NA,NA,NA,155,12,0,16602,1745,0
2020-07-28,Mexico,127792286,Sonora,3074745,NA,NA,NA,NA,277,61,0,16975,1820,0
2020-07-30,Mexico,127792286,Sonora,3074745,NA,NA,NA,NA,204,32,0,17546,1911,0
2020-08-01,Mexico,127792286,Sonora,3074745,NA,NA,NA,NA,347,23,0,17974,1974,0
2020-08-03,Mexico,127792286,Sonora,3074745,NA,NA,NA,NA,3,13,0,18038,2001,0
2020-08-05,Mexico,127792286,Sonora,3074745,NA,NA,NA,NA,209,59,0,18531,2124,0
2020-08-07,Mexico,127792286,Sonora,3074745,NA,NA,NA,NA,236,62,0,18915,2248,0
2020-08-09,Mexico,127792286,Sonora,3074745,NA,NA,NA,NA,52,18,0,19119,2295,0
2020-08-11,Mexico,127792286,Sonora,3074745,NA,NA,NA,NA,279,28,0,19483,2344,0
2020-08-13,Mexico,127792286,Sonora,3074745,NA,NA,NA,NA,97,20,0,19706,2381,0
2020-08-15,Mexico,127792286,Sonora,3074745,NA,NA,NA,NA,187,12,0,20010,2402,0
2020-02-26,Mexico,127792286,Tabasco,2572287,NA,NA,NA,NA,NA,NA,NA,0,0,0
2020-02-28,Mexico,127792286,Tabasco,2572287,NA,NA,NA,NA,0,0,0,0,0,0
2020-03-01,Mexico,127792286,Tabasco,2572287,NA,NA,NA,NA,0,0,0,0,0,0
2020-03-03,Mexico,127792286,Tabasco,2572287,NA,NA,NA,NA,0,0,0,0,0,0
2020-03-05,Mexico,127792286,Tabasco,2572287,NA,NA,NA,NA,0,0,0,0,0,0
2020-03-07,Mexico,127792286,Tabasco,2572287,NA,NA,NA,NA,0,0,0,0,0,0
2020-03-09,Mexico,127792286,Tabasco,2572287,NA,NA,NA,NA,0,0,0,0,0,0
2020-03-11,Mexico,127792286,Tabasco,2572287,NA,NA,NA,NA,0,0,0,0,0,0
2020-03-13,Mexico,127792286,Tabasco,2572287,NA,NA,NA,NA,0,0,0,0,0,0
2020-03-15,Mexico,127792286,Tabasco,2572287,NA,NA,NA,NA,0,0,0,0,0,0
2020-03-17,Mexico,127792286,Tabasco,2572287,NA,NA,NA,NA,0,0,0,0,0,0
2020-03-19,Mexico,127792286,Tabasco,2572287,NA,NA,NA,NA,0,0,0,1,0,0
2020-03-21,Mexico,127792286,Tabasco,2572287,NA,NA,NA,NA,2,0,0,4,0,0
2020-03-23,Mexico,127792286,Tabasco,2572287,NA,NA,NA,NA,1,0,0,6,0,0
2020-03-25,Mexico,127792286,Tabasco,2572287,NA,NA,NA,NA,0,0,0,6,0,0
2020-03-27,Mexico,127792286,Tabasco,2572287,NA,NA,NA,NA,4,0,0,21,0,0
2020-03-29,Mexico,127792286,Tabasco,2572287,NA,NA,NA,NA,6,0,0,33,0,0
2020-03-31,Mexico,127792286,Tabasco,2572287,NA,NA,NA,NA,10,0,0,48,0,0
2020-04-02,Mexico,127792286,Tabasco,2572287,NA,NA,NA,NA,10,2,0,62,3,0
2020-04-04,Mexico,127792286,Tabasco,2572287,NA,NA,NA,NA,10,0,0,83,3,0
2020-04-06,Mexico,127792286,Tabasco,2572287,NA,NA,NA,NA,10,4,0,107,8,0
2020-04-08,Mexico,127792286,Tabasco,2572287,NA,NA,NA,NA,4,0,0,112,8,0
2020-04-10,Mexico,127792286,Tabasco,2572287,NA,NA,NA,NA,21,0,0,134,9,0
2020-04-12,Mexico,127792286,Tabasco,2572287,NA,NA,NA,NA,10,0,0,153,12,0
2020-04-14,Mexico,127792286,Tabasco,2572287,NA,NA,NA,NA,39,5,0,195,19,0
2020-04-16,Mexico,127792286,Tabasco,2572287,NA,NA,NA,NA,23,4,0,233,25,0
2020-04-18,Mexico,127792286,Tabasco,2572287,NA,NA,NA,NA,28,1,0,278,28,0
2020-04-20,Mexico,127792286,Tabasco,2572287,NA,NA,NA,NA,62,4,0,397,42,0
2020-04-22,Mexico,127792286,Tabasco,2572287,NA,NA,NA,NA,37,5,0,504,60,0
2020-04-24,Mexico,127792286,Tabasco,2572287,NA,NA,NA,NA,52,12,0,644,79,0
2020-04-26,Mexico,127792286,Tabasco,2572287,NA,NA,NA,NA,21,9,0,721,95,0
2020-04-28,Mexico,127792286,Tabasco,2572287,NA,NA,NA,NA,73,7,0,885,106,0
2020-04-30,Mexico,127792286,Tabasco,2572287,NA,NA,NA,NA,42,8,0,977,124,0
2020-05-02,Mexico,127792286,Tabasco,2572287,NA,NA,NA,NA,10,6,0,1070,137,0
2020-05-04,Mexico,127792286,Tabasco,2572287,NA,NA,NA,NA,50,11,0,1235,156,0
2020-05-06,Mexico,127792286,Tabasco,2572287,NA,NA,NA,NA,41,3,0,1305,179,0
2020-05-08,Mexico,127792286,Tabasco,2572287,NA,NA,NA,NA,125,13,0,1516,201,0
2020-05-10,Mexico,127792286,Tabasco,2572287,NA,NA,NA,NA,54,9,0,1638,220,0
2020-05-12,Mexico,127792286,Tabasco,2572287,NA,NA,NA,NA,120,10,0,1861,242,0
2020-05-14,Mexico,127792286,Tabasco,2572287,NA,NA,NA,NA,89,10,0,2049,263,0
2020-05-16,Mexico,127792286,Tabasco,2572287,NA,NA,NA,NA,84,15,0,2238,290,0
2020-05-18,Mexico,127792286,Tabasco,2572287,NA,NA,NA,NA,108,7,0,2468,310,0
2020-05-20,Mexico,127792286,Tabasco,2572287,NA,NA,NA,NA,156,17,0,2699,346,0
2020-05-22,Mexico,127792286,Tabasco,2572287,NA,NA,NA,NA,106,10,0,2917,371,0
2020-05-24,Mexico,127792286,Tabasco,2572287,NA,NA,NA,NA,105,6,0,3135,393,0
2020-05-26,Mexico,127792286,Tabasco,2572287,NA,NA,NA,NA,130,8,0,3355,424,0
2020-05-28,Mexico,127792286,Tabasco,2572287,NA,NA,NA,NA,190,34,0,3674,470,0
2020-05-30,Mexico,127792286,Tabasco,2572287,NA,NA,NA,NA,139,23,0,4015,508,0
2020-06-01,Mexico,127792286,Tabasco,2572287,NA,NA,NA,NA,185,13,0,4334,533,0
2020-06-03,Mexico,127792286,Tabasco,2572287,NA,NA,NA,NA,199,30,0,4829,592,0
2020-06-05,Mexico,127792286,Tabasco,2572287,NA,NA,NA,NA,70,16,0,5091,626,0
2020-06-07,Mexico,127792286,Tabasco,2572287,NA,NA,NA,NA,180,10,0,5497,650,0
2020-06-09,Mexico,127792286,Tabasco,2572287,NA,NA,NA,NA,83,20,0,5778,685,0
2020-06-11,Mexico,127792286,Tabasco,2572287,NA,NA,NA,NA,141,18,0,6120,711,0
2020-06-13,Mexico,127792286,Tabasco,2572287,NA,NA,NA,NA,194,11,0,6505,727,0
2020-06-15,Mexico,127792286,Tabasco,2572287,NA,NA,NA,NA,230,11,0,6939,747,0
2020-06-17,Mexico,127792286,Tabasco,2572287,NA,NA,NA,NA,226,16,0,7374,774,0
2020-06-19,Mexico,127792286,Tabasco,2572287,NA,NA,NA,NA,225,26,0,7866,841,0
2020-06-21,Mexico,127792286,Tabasco,2572287,NA,NA,NA,NA,259,38,0,8444,897,0
2020-06-23,Mexico,127792286,Tabasco,2572287,NA,NA,NA,NA,244,16,0,9015,925,0
2020-06-25,Mexico,127792286,Tabasco,2572287,NA,NA,NA,NA,268,12,0,9548,970,0
2020-06-27,Mexico,127792286,Tabasco,2572287,NA,NA,NA,NA,242,8,0,10059,998,0
2020-06-29,Mexico,127792286,Tabasco,2572287,NA,NA,NA,NA,241,16,0,10534,1032,0
2020-07-01,Mexico,127792286,Tabasco,2572287,NA,NA,NA,NA,244,30,0,10986,1078,0
2020-07-03,Mexico,127792286,Tabasco,2572287,NA,NA,NA,NA,281,21,0,11513,1118,0
2020-07-05,Mexico,127792286,Tabasco,2572287,NA,NA,NA,NA,385,15,0,12316,1166,0
2020-07-07,Mexico,127792286,Tabasco,2572287,NA,NA,NA,NA,301,36,0,12963,1226,0
2020-07-09,Mexico,127792286,Tabasco,2572287,NA,NA,NA,NA,373,34,0,13716,1305,0
2020-07-11,Mexico,127792286,Tabasco,2572287,NA,NA,NA,NA,465,60,0,14562,1392,0
2020-07-13,Mexico,127792286,Tabasco,2572287,NA,NA,NA,NA,380,26,0,15446,1431,0
2020-07-15,Mexico,127792286,Tabasco,2572287,NA,NA,NA,NA,383,30,0,16030,1485,0
2020-07-17,Mexico,127792286,Tabasco,2572287,NA,NA,NA,NA,362,33,0,16693,1546,0
2020-07-19,Mexico,127792286,Tabasco,2572287,NA,NA,NA,NA,390,34,0,17502,1611,0
2020-07-21,Mexico,127792286,Tabasco,2572287,NA,NA,NA,NA,277,28,0,18201,1652,0
2020-07-23,Mexico,127792286,Tabasco,2572287,NA,NA,NA,NA,399,47,0,18886,1739,0
2020-07-25,Mexico,127792286,Tabasco,2572287,NA,NA,NA,NA,305,38,0,19485,1817,0
2020-07-27,Mexico,127792286,Tabasco,2572287,NA,NA,NA,NA,426,30,0,20133,1863,0
2020-07-29,Mexico,127792286,Tabasco,2572287,NA,NA,NA,NA,319,43,0,20767,1928,0
2020-07-31,Mexico,127792286,Tabasco,2572287,NA,NA,NA,NA,375,32,0,21456,1988,0
2020-08-02,Mexico,127792286,Tabasco,2572287,NA,NA,NA,NA,423,14,0,22329,2036,0
2020-08-04,Mexico,127792286,Tabasco,2572287,NA,NA,NA,NA,390,35,0,23078,2083,0
2020-08-06,Mexico,127792286,Tabasco,2572287,NA,NA,NA,NA,310,33,0,23764,2144,0
2020-08-08,Mexico,127792286,Tabasco,2572287,NA,NA,NA,NA,309,10,0,24269,2181,0
2020-08-10,Mexico,127792286,Tabasco,2572287,NA,NA,NA,NA,213,19,0,24736,2219,0
2020-08-12,Mexico,127792286,Tabasco,2572287,NA,NA,NA,NA,197,27,0,25137,2272,0
2020-08-14,Mexico,127792286,Tabasco,2572287,NA,NA,NA,NA,220,35,0,25591,2322,0
2020-02-25,Mexico,127792286,Tamaulipas,3650602,NA,NA,NA,NA,NA,NA,NA,0,0,0
2020-02-27,Mexico,127792286,Tamaulipas,3650602,NA,NA,NA,NA,0,0,0,0,0,0
2020-02-29,Mexico,127792286,Tamaulipas,3650602,NA,NA,NA,NA,0,0,0,0,0,0
2020-03-02,Mexico,127792286,Tamaulipas,3650602,NA,NA,NA,NA,0,0,0,0,0,0
2020-03-04,Mexico,127792286,Tamaulipas,3650602,NA,NA,NA,NA,0,0,0,0,0,0
2020-03-06,Mexico,127792286,Tamaulipas,3650602,NA,NA,NA,NA,0,0,0,0,0,0
2020-03-08,Mexico,127792286,Tamaulipas,3650602,NA,NA,NA,NA,0,0,0,0,0,0
2020-03-10,Mexico,127792286,Tamaulipas,3650602,NA,NA,NA,NA,0,0,0,0,0,0
2020-03-12,Mexico,127792286,Tamaulipas,3650602,NA,NA,NA,NA,0,0,0,0,0,0
2020-03-14,Mexico,127792286,Tamaulipas,3650602,NA,NA,NA,NA,0,0,0,0,0,0
2020-03-16,Mexico,127792286,Tamaulipas,3650602,NA,NA,NA,NA,0,0,0,0,0,0
2020-03-18,Mexico,127792286,Tamaulipas,3650602,NA,NA,NA,NA,1,0,0,2,0,0
2020-03-20,Mexico,127792286,Tamaulipas,3650602,NA,NA,NA,NA,0,0,0,2,0,0
2020-03-22,Mexico,127792286,Tamaulipas,3650602,NA,NA,NA,NA,1,0,0,4,0,0
2020-03-24,Mexico,127792286,Tamaulipas,3650602,NA,NA,NA,NA,0,0,0,5,0,0
2020-03-26,Mexico,127792286,Tamaulipas,3650602,NA,NA,NA,NA,0,0,0,6,0,0
2020-03-28,Mexico,127792286,Tamaulipas,3650602,NA,NA,NA,NA,0,0,0,6,0,0
2020-03-30,Mexico,127792286,Tamaulipas,3650602,NA,NA,NA,NA,1,0,0,8,0,0
2020-04-01,Mexico,127792286,Tamaulipas,3650602,NA,NA,NA,NA,1,0,0,9,0,0
2020-04-03,Mexico,127792286,Tamaulipas,3650602,NA,NA,NA,NA,3,0,0,16,0,0
2020-04-05,Mexico,127792286,Tamaulipas,3650602,NA,NA,NA,NA,6,0,0,26,1,0
2020-04-07,Mexico,127792286,Tamaulipas,3650602,NA,NA,NA,NA,1,2,0,32,3,0
2020-04-09,Mexico,127792286,Tamaulipas,3650602,NA,NA,NA,NA,3,0,0,46,3,0
2020-04-11,Mexico,127792286,Tamaulipas,3650602,NA,NA,NA,NA,1,0,0,49,3,0
2020-04-13,Mexico,127792286,Tamaulipas,3650602,NA,NA,NA,NA,0,0,0,53,3,0
2020-04-15,Mexico,127792286,Tamaulipas,3650602,NA,NA,NA,NA,5,1,0,60,4,0
2020-04-17,Mexico,127792286,Tamaulipas,3650602,NA,NA,NA,NA,13,1,0,91,5,0
2020-04-19,Mexico,127792286,Tamaulipas,3650602,NA,NA,NA,NA,10,0,0,127,5,0
2020-04-21,Mexico,127792286,Tamaulipas,3650602,NA,NA,NA,NA,11,2,0,145,7,0
2020-04-23,Mexico,127792286,Tamaulipas,3650602,NA,NA,NA,NA,25,1,0,191,9,0
2020-04-25,Mexico,127792286,Tamaulipas,3650602,NA,NA,NA,NA,12,1,0,217,11,0
2020-04-27,Mexico,127792286,Tamaulipas,3650602,NA,NA,NA,NA,26,1,0,288,12,0
2020-04-29,Mexico,127792286,Tamaulipas,3650602,NA,NA,NA,NA,13,3,0,309,18,0
2020-05-01,Mexico,127792286,Tamaulipas,3650602,NA,NA,NA,NA,24,2,0,340,20,0
2020-05-03,Mexico,127792286,Tamaulipas,3650602,NA,NA,NA,NA,17,1,0,381,22,0
2020-05-05,Mexico,127792286,Tamaulipas,3650602,NA,NA,NA,NA,8,3,0,397,26,0
2020-05-07,Mexico,127792286,Tamaulipas,3650602,NA,NA,NA,NA,24,1,0,440,28,0
2020-05-09,Mexico,127792286,Tamaulipas,3650602,NA,NA,NA,NA,269,6,0,710,37,0
2020-05-11,Mexico,127792286,Tamaulipas,3650602,NA,NA,NA,NA,19,8,0,757,46,0
2020-05-13,Mexico,127792286,Tamaulipas,3650602,NA,NA,NA,NA,12,2,0,801,50,0
2020-05-15,Mexico,127792286,Tamaulipas,3650602,NA,NA,NA,NA,26,3,0,891,55,0
2020-05-17,Mexico,127792286,Tamaulipas,3650602,NA,NA,NA,NA,21,0,0,941,59,0
2020-05-19,Mexico,127792286,Tamaulipas,3650602,NA,NA,NA,NA,70,10,0,1064,69,0
2020-05-21,Mexico,127792286,Tamaulipas,3650602,NA,NA,NA,NA,30,2,0,1114,76,0
2020-05-23,Mexico,127792286,Tamaulipas,3650602,NA,NA,NA,NA,60,2,0,1195,82,0
2020-05-25,Mexico,127792286,Tamaulipas,3650602,NA,NA,NA,NA,78,3,0,1302,86,0
2020-05-27,Mexico,127792286,Tamaulipas,3650602,NA,NA,NA,NA,60,6,0,1373,95,0
2020-05-29,Mexico,127792286,Tamaulipas,3650602,NA,NA,NA,NA,63,5,0,1517,102,0
2020-05-31,Mexico,127792286,Tamaulipas,3650602,NA,NA,NA,NA,2,1,0,1569,108,0
2020-06-02,Mexico,127792286,Tamaulipas,3650602,NA,NA,NA,NA,88,7,0,1748,116,0
2020-06-04,Mexico,127792286,Tamaulipas,3650602,NA,NA,NA,NA,58,3,0,1869,129,0
2020-06-06,Mexico,127792286,Tamaulipas,3650602,NA,NA,NA,NA,129,8,0,2103,148,0
2020-06-08,Mexico,127792286,Tamaulipas,3650602,NA,NA,NA,NA,127,2,0,2331,158,0
2020-06-10,Mexico,127792286,Tamaulipas,3650602,NA,NA,NA,NA,112,8,0,2540,174,0
2020-06-12,Mexico,127792286,Tamaulipas,3650602,NA,NA,NA,NA,231,8,0,2846,188,0
2020-06-14,Mexico,127792286,Tamaulipas,3650602,NA,NA,NA,NA,109,2,0,3112,201,0
2020-06-16,Mexico,127792286,Tamaulipas,3650602,NA,NA,NA,NA,273,11,0,3424,218,0
2020-06-18,Mexico,127792286,Tamaulipas,3650602,NA,NA,NA,NA,216,11,0,3774,243,0
2020-06-20,Mexico,127792286,Tamaulipas,3650602,NA,NA,NA,NA,118,9,0,4006,270,0
2020-06-22,Mexico,127792286,Tamaulipas,3650602,NA,NA,NA,NA,229,3,0,4390,278,0
2020-06-24,Mexico,127792286,Tamaulipas,3650602,NA,NA,NA,NA,298,15,0,4864,303,0
2020-06-26,Mexico,127792286,Tamaulipas,3650602,NA,NA,NA,NA,140,9,0,5249,324,0
2020-06-28,Mexico,127792286,Tamaulipas,3650602,NA,NA,NA,NA,335,11,0,5746,346,0
2020-06-30,Mexico,127792286,Tamaulipas,3650602,NA,NA,NA,NA,95,4,0,5948,363,0
2020-07-02,Mexico,127792286,Tamaulipas,3650602,NA,NA,NA,NA,515,26,0,6583,399,0
2020-07-04,Mexico,127792286,Tamaulipas,3650602,NA,NA,NA,NA,258,21,0,7247,464,0
2020-07-06,Mexico,127792286,Tamaulipas,3650602,NA,NA,NA,NA,170,7,0,7466,471,0
2020-07-08,Mexico,127792286,Tamaulipas,3650602,NA,NA,NA,NA,361,44,0,8037,525,0
2020-07-10,Mexico,127792286,Tamaulipas,3650602,NA,NA,NA,NA,294,11,0,8591,559,0
2020-07-12,Mexico,127792286,Tamaulipas,3650602,NA,NA,NA,NA,56,6,0,8852,590,0
2020-07-14,Mexico,127792286,Tamaulipas,3650602,NA,NA,NA,NA,411,26,0,9524,630,0
2020-07-16,Mexico,127792286,Tamaulipas,3650602,NA,NA,NA,NA,339,10,0,10037,649,0
2020-07-18,Mexico,127792286,Tamaulipas,3650602,NA,NA,NA,NA,503,13,0,11017,694,0
2020-07-20,Mexico,127792286,Tamaulipas,3650602,NA,NA,NA,NA,95,4,0,11300,704,0
2020-07-22,Mexico,127792286,Tamaulipas,3650602,NA,NA,NA,NA,469,51,0,12312,794,0
2020-07-24,Mexico,127792286,Tamaulipas,3650602,NA,NA,NA,NA,391,28,0,12812,842,0
2020-07-26,Mexico,127792286,Tamaulipas,3650602,NA,NA,NA,NA,118,8,0,13347,892,0
2020-07-28,Mexico,127792286,Tamaulipas,3650602,NA,NA,NA,NA,317,35,0,14002,936,0
2020-07-30,Mexico,127792286,Tamaulipas,3650602,NA,NA,NA,NA,784,27,0,15117,980,0
2020-08-01,Mexico,127792286,Tamaulipas,3650602,NA,NA,NA,NA,644,22,0,17113,1035,0
2020-08-03,Mexico,127792286,Tamaulipas,3650602,NA,NA,NA,NA,65,1,0,17289,1040,0
2020-08-05,Mexico,127792286,Tamaulipas,3650602,NA,NA,NA,NA,60,37,0,17422,1146,0
2020-08-07,Mexico,127792286,Tamaulipas,3650602,NA,NA,NA,NA,226,48,0,17728,1254,0
2020-08-09,Mexico,127792286,Tamaulipas,3650602,NA,NA,NA,NA,81,26,0,17949,1312,0
2020-08-11,Mexico,127792286,Tamaulipas,3650602,NA,NA,NA,NA,656,57,0,18696,1398,0
2020-08-13,Mexico,127792286,Tamaulipas,3650602,NA,NA,NA,NA,1360,38,0,20249,1453,0
2020-08-15,Mexico,127792286,Tamaulipas,3650602,NA,NA,NA,NA,157,82,0,20610,1557,0
2020-02-26,Mexico,127792286,Tlaxcala,1380011,NA,NA,NA,NA,NA,NA,NA,0,0,0
2020-02-28,Mexico,127792286,Tlaxcala,1380011,NA,NA,NA,NA,0,0,0,0,0,0
2020-03-01,Mexico,127792286,Tlaxcala,1380011,NA,NA,NA,NA,0,0,0,0,0,0
2020-03-03,Mexico,127792286,Tlaxcala,1380011,NA,NA,NA,NA,0,0,0,0,0,0
2020-03-05,Mexico,127792286,Tlaxcala,1380011,NA,NA,NA,NA,0,0,0,0,0,0
2020-03-07,Mexico,127792286,Tlaxcala,1380011,NA,NA,NA,NA,0,0,0,0,0,0
2020-03-09,Mexico,127792286,Tlaxcala,1380011,NA,NA,NA,NA,0,0,0,0,0,0
2020-03-11,Mexico,127792286,Tlaxcala,1380011,NA,NA,NA,NA,0,0,0,0,0,0
2020-03-13,Mexico,127792286,Tlaxcala,1380011,NA,NA,NA,NA,0,0,0,0,0,0
2020-03-15,Mexico,127792286,Tlaxcala,1380011,NA,NA,NA,NA,0,0,0,0,0,0
2020-03-17,Mexico,127792286,Tlaxcala,1380011,NA,NA,NA,NA,0,0,0,0,0,0
2020-03-19,Mexico,127792286,Tlaxcala,1380011,NA,NA,NA,NA,0,0,0,0,0,0
2020-03-21,Mexico,127792286,Tlaxcala,1380011,NA,NA,NA,NA,0,0,0,0,0,0
2020-03-23,Mexico,127792286,Tlaxcala,1380011,NA,NA,NA,NA,0,0,0,0,0,0
2020-03-25,Mexico,127792286,Tlaxcala,1380011,NA,NA,NA,NA,1,0,0,1,0,0
2020-03-27,Mexico,127792286,Tlaxcala,1380011,NA,NA,NA,NA,3,0,0,4,0,0
2020-03-29,Mexico,127792286,Tlaxcala,1380011,NA,NA,NA,NA,0,0,0,4,0,0
2020-03-31,Mexico,127792286,Tlaxcala,1380011,NA,NA,NA,NA,0,0,0,4,0,0
2020-04-02,Mexico,127792286,Tlaxcala,1380011,NA,NA,NA,NA,0,0,0,5,0,0
2020-04-04,Mexico,127792286,Tlaxcala,1380011,NA,NA,NA,NA,1,0,0,9,0,0
2020-04-06,Mexico,127792286,Tlaxcala,1380011,NA,NA,NA,NA,3,0,0,14,0,0
2020-04-08,Mexico,127792286,Tlaxcala,1380011,NA,NA,NA,NA,5,0,0,23,0,0
2020-04-10,Mexico,127792286,Tlaxcala,1380011,NA,NA,NA,NA,5,1,0,34,1,0
2020-04-12,Mexico,127792286,Tlaxcala,1380011,NA,NA,NA,NA,2,1,0,40,2,0
2020-04-14,Mexico,127792286,Tlaxcala,1380011,NA,NA,NA,NA,2,2,0,51,4,0
2020-04-16,Mexico,127792286,Tlaxcala,1380011,NA,NA,NA,NA,4,0,0,62,4,0
2020-04-18,Mexico,127792286,Tlaxcala,1380011,NA,NA,NA,NA,5,0,0,72,4,0
2020-04-20,Mexico,127792286,Tlaxcala,1380011,NA,NA,NA,NA,2,0,0,78,4,0
2020-04-22,Mexico,127792286,Tlaxcala,1380011,NA,NA,NA,NA,15,4,0,99,9,0
2020-04-24,Mexico,127792286,Tlaxcala,1380011,NA,NA,NA,NA,11,3,0,118,13,0
2020-04-26,Mexico,127792286,Tlaxcala,1380011,NA,NA,NA,NA,7,0,0,140,13,0
2020-04-28,Mexico,127792286,Tlaxcala,1380011,NA,NA,NA,NA,23,2,0,168,17,0
2020-04-30,Mexico,127792286,Tlaxcala,1380011,NA,NA,NA,NA,14,4,0,199,23,0
2020-05-02,Mexico,127792286,Tlaxcala,1380011,NA,NA,NA,NA,11,0,0,235,23,0
2020-05-04,Mexico,127792286,Tlaxcala,1380011,NA,NA,NA,NA,11,3,0,257,26,0
2020-05-06,Mexico,127792286,Tlaxcala,1380011,NA,NA,NA,NA,18,6,0,287,36,0
2020-05-08,Mexico,127792286,Tlaxcala,1380011,NA,NA,NA,NA,18,7,0,331,50,0
2020-05-10,Mexico,127792286,Tlaxcala,1380011,NA,NA,NA,NA,4,2,0,368,55,0
2020-05-12,Mexico,127792286,Tlaxcala,1380011,NA,NA,NA,NA,14,10,0,411,68,0
2020-05-14,Mexico,127792286,Tlaxcala,1380011,NA,NA,NA,NA,39,7,0,491,82,0
2020-05-16,Mexico,127792286,Tlaxcala,1380011,NA,NA,NA,NA,20,3,0,546,89,0
2020-05-18,Mexico,127792286,Tlaxcala,1380011,NA,NA,NA,NA,16,10,0,587,101,0
2020-05-20,Mexico,127792286,Tlaxcala,1380011,NA,NA,NA,NA,28,3,0,664,109,0
2020-05-22,Mexico,127792286,Tlaxcala,1380011,NA,NA,NA,NA,12,2,0,702,119,0
2020-05-24,Mexico,127792286,Tlaxcala,1380011,NA,NA,NA,NA,33,1,0,791,122,0
2020-05-26,Mexico,127792286,Tlaxcala,1380011,NA,NA,NA,NA,27,0,0,863,134,0
2020-05-28,Mexico,127792286,Tlaxcala,1380011,NA,NA,NA,NA,2,2,0,955,137,0
2020-05-30,Mexico,127792286,Tlaxcala,1380011,NA,NA,NA,NA,25,1,0,1004,148,0
2020-06-01,Mexico,127792286,Tlaxcala,1380011,NA,NA,NA,NA,20,2,0,1063,150,0
2020-06-03,Mexico,127792286,Tlaxcala,1380011,NA,NA,NA,NA,32,4,0,1135,155,0
2020-06-05,Mexico,127792286,Tlaxcala,1380011,NA,NA,NA,NA,43,13,0,1232,183,0
2020-06-07,Mexico,127792286,Tlaxcala,1380011,NA,NA,NA,NA,14,1,0,1304,187,0
2020-06-09,Mexico,127792286,Tlaxcala,1380011,NA,NA,NA,NA,32,5,0,1407,197,0
2020-06-11,Mexico,127792286,Tlaxcala,1380011,NA,NA,NA,NA,57,11,0,1501,215,0
2020-06-13,Mexico,127792286,Tlaxcala,1380011,NA,NA,NA,NA,67,0,0,1636,222,0
2020-06-15,Mexico,127792286,Tlaxcala,1380011,NA,NA,NA,NA,47,5,0,1691,233,0
2020-06-17,Mexico,127792286,Tlaxcala,1380011,NA,NA,NA,NA,51,3,0,1776,243,0
2020-06-19,Mexico,127792286,Tlaxcala,1380011,NA,NA,NA,NA,37,8,0,1838,255,0
2020-06-21,Mexico,127792286,Tlaxcala,1380011,NA,NA,NA,NA,54,1,0,1955,259,0
2020-06-23,Mexico,127792286,Tlaxcala,1380011,NA,NA,NA,NA,52,1,0,2010,274,0
2020-06-25,Mexico,127792286,Tlaxcala,1380011,NA,NA,NA,NA,89,2,0,2138,283,0
2020-06-27,Mexico,127792286,Tlaxcala,1380011,NA,NA,NA,NA,2,12,0,2173,305,0
2020-06-29,Mexico,127792286,Tlaxcala,1380011,NA,NA,NA,NA,61,7,0,2282,314,0
2020-07-01,Mexico,127792286,Tlaxcala,1380011,NA,NA,NA,NA,30,18,0,2369,353,0
2020-07-03,Mexico,127792286,Tlaxcala,1380011,NA,NA,NA,NA,72,7,0,2486,374,0
2020-07-05,Mexico,127792286,Tlaxcala,1380011,NA,NA,NA,NA,123,4,0,2748,391,0
2020-07-07,Mexico,127792286,Tlaxcala,1380011,NA,NA,NA,NA,78,12,0,2842,406,0
2020-07-09,Mexico,127792286,Tlaxcala,1380011,NA,NA,NA,NA,44,2,0,2927,422,0
2020-07-11,Mexico,127792286,Tlaxcala,1380011,NA,NA,NA,NA,73,4,0,3071,450,0
2020-07-13,Mexico,127792286,Tlaxcala,1380011,NA,NA,NA,NA,16,6,0,3107,457,0
2020-07-15,Mexico,127792286,Tlaxcala,1380011,NA,NA,NA,NA,78,22,0,3210,486,0
2020-07-17,Mexico,127792286,Tlaxcala,1380011,NA,NA,NA,NA,109,9,0,3347,506,0
2020-07-19,Mexico,127792286,Tlaxcala,1380011,NA,NA,NA,NA,116,1,0,3501,515,0
2020-07-21,Mexico,127792286,Tlaxcala,1380011,NA,NA,NA,NA,33,19,0,3574,541,0
2020-07-23,Mexico,127792286,Tlaxcala,1380011,NA,NA,NA,NA,68,29,0,3673,577,0
2020-07-25,Mexico,127792286,Tlaxcala,1380011,NA,NA,NA,NA,70,26,0,3813,610,0
2020-07-27,Mexico,127792286,Tlaxcala,1380011,NA,NA,NA,NA,63,8,0,3904,621,0
2020-07-29,Mexico,127792286,Tlaxcala,1380011,NA,NA,NA,NA,0,8,0,3964,654,0
2020-07-31,Mexico,127792286,Tlaxcala,1380011,NA,NA,NA,NA,60,2,0,4137,673,0
2020-08-02,Mexico,127792286,Tlaxcala,1380011,NA,NA,NA,NA,14,1,0,4224,686,0
2020-08-04,Mexico,127792286,Tlaxcala,1380011,NA,NA,NA,NA,44,19,0,4359,706,0
2020-08-06,Mexico,127792286,Tlaxcala,1380011,NA,NA,NA,NA,31,7,0,4486,719,0
2020-08-08,Mexico,127792286,Tlaxcala,1380011,NA,NA,NA,NA,44,5,0,4598,737,0
2020-08-10,Mexico,127792286,Tlaxcala,1380011,NA,NA,NA,NA,23,21,0,4684,761,0
2020-08-12,Mexico,127792286,Tlaxcala,1380011,NA,NA,NA,NA,37,16,0,4764,782,0
2020-08-14,Mexico,127792286,Tlaxcala,1380011,NA,NA,NA,NA,32,11,0,4855,808,0
2020-02-25,Mexico,127792286,Veracruz,8539862,NA,NA,NA,NA,NA,NA,NA,0,0,0
2020-02-27,Mexico,127792286,Veracruz,8539862,NA,NA,NA,NA,0,0,0,0,0,0
2020-02-29,Mexico,127792286,Veracruz,8539862,NA,NA,NA,NA,0,0,0,0,0,0
2020-03-02,Mexico,127792286,Veracruz,8539862,NA,NA,NA,NA,0,0,0,0,0,0
2020-03-04,Mexico,127792286,Veracruz,8539862,NA,NA,NA,NA,0,0,0,0,0,0
2020-03-06,Mexico,127792286,Veracruz,8539862,NA,NA,NA,NA,0,0,0,0,0,0
2020-03-08,Mexico,127792286,Veracruz,8539862,NA,NA,NA,NA,0,0,0,0,0,0
2020-03-10,Mexico,127792286,Veracruz,8539862,NA,NA,NA,NA,0,0,0,0,0,0
2020-03-12,Mexico,127792286,Veracruz,8539862,NA,NA,NA,NA,0,0,0,0,0,0
2020-03-14,Mexico,127792286,Veracruz,8539862,NA,NA,NA,NA,0,0,0,0,0,0
2020-03-16,Mexico,127792286,Veracruz,8539862,NA,NA,NA,NA,0,0,0,0,0,0
2020-03-18,Mexico,127792286,Veracruz,8539862,NA,NA,NA,NA,2,0,0,2,0,0
2020-03-20,Mexico,127792286,Veracruz,8539862,NA,NA,NA,NA,2,0,0,4,0,0
2020-03-22,Mexico,127792286,Veracruz,8539862,NA,NA,NA,NA,0,0,0,7,0,0
2020-03-24,Mexico,127792286,Veracruz,8539862,NA,NA,NA,NA,0,0,0,7,0,0
2020-03-26,Mexico,127792286,Veracruz,8539862,NA,NA,NA,NA,0,0,0,7,0,0
2020-03-28,Mexico,127792286,Veracruz,8539862,NA,NA,NA,NA,6,0,0,23,0,0
2020-03-30,Mexico,127792286,Veracruz,8539862,NA,NA,NA,NA,2,1,0,26,1,0
2020-04-01,Mexico,127792286,Veracruz,8539862,NA,NA,NA,NA,1,0,0,28,1,0
2020-04-03,Mexico,127792286,Veracruz,8539862,NA,NA,NA,NA,6,1,0,35,2,0
2020-04-05,Mexico,127792286,Veracruz,8539862,NA,NA,NA,NA,3,0,0,40,3,0
2020-04-07,Mexico,127792286,Veracruz,8539862,NA,NA,NA,NA,5,0,0,46,3,0
2020-04-09,Mexico,127792286,Veracruz,8539862,NA,NA,NA,NA,5,0,0,54,3,0
2020-04-11,Mexico,127792286,Veracruz,8539862,NA,NA,NA,NA,10,0,0,73,3,0
2020-04-13,Mexico,127792286,Veracruz,8539862,NA,NA,NA,NA,4,0,0,82,3,0
2020-04-15,Mexico,127792286,Veracruz,8539862,NA,NA,NA,NA,12,1,0,106,6,0
2020-04-17,Mexico,127792286,Veracruz,8539862,NA,NA,NA,NA,9,1,0,121,7,0
2020-04-19,Mexico,127792286,Veracruz,8539862,NA,NA,NA,NA,22,1,0,146,9,0
2020-04-21,Mexico,127792286,Veracruz,8539862,NA,NA,NA,NA,9,1,0,165,13,0
2020-04-23,Mexico,127792286,Veracruz,8539862,NA,NA,NA,NA,35,3,0,230,21,0
2020-04-25,Mexico,127792286,Veracruz,8539862,NA,NA,NA,NA,31,1,0,299,23,0
2020-04-27,Mexico,127792286,Veracruz,8539862,NA,NA,NA,NA,68,6,0,402,31,0
2020-04-29,Mexico,127792286,Veracruz,8539862,NA,NA,NA,NA,48,4,0,486,42,0
2020-05-01,Mexico,127792286,Veracruz,8539862,NA,NA,NA,NA,40,4,0,586,56,0
2020-05-03,Mexico,127792286,Veracruz,8539862,NA,NA,NA,NA,32,5,0,673,64,0
2020-05-05,Mexico,127792286,Veracruz,8539862,NA,NA,NA,NA,34,11,0,806,79,0
2020-05-07,Mexico,127792286,Veracruz,8539862,NA,NA,NA,NA,87,16,0,926,99,0
2020-05-09,Mexico,127792286,Veracruz,8539862,NA,NA,NA,NA,101,9,0,1114,121,0
2020-05-11,Mexico,127792286,Veracruz,8539862,NA,NA,NA,NA,148,12,0,1306,135,0
2020-05-13,Mexico,127792286,Veracruz,8539862,NA,NA,NA,NA,72,11,0,1520,166,0
2020-05-15,Mexico,127792286,Veracruz,8539862,NA,NA,NA,NA,32,27,0,1644,222,0
2020-05-17,Mexico,127792286,Veracruz,8539862,NA,NA,NA,NA,121,4,0,1868,238,0
2020-05-19,Mexico,127792286,Veracruz,8539862,NA,NA,NA,NA,176,18,0,2154,261,0
2020-05-21,Mexico,127792286,Veracruz,8539862,NA,NA,NA,NA,141,18,0,2363,292,0
2020-05-23,Mexico,127792286,Veracruz,8539862,NA,NA,NA,NA,86,10,0,2615,341,0
2020-05-25,Mexico,127792286,Veracruz,8539862,NA,NA,NA,NA,176,7,0,2868,372,0
2020-05-27,Mexico,127792286,Veracruz,8539862,NA,NA,NA,NA,108,14,0,3281,430,0
2020-05-29,Mexico,127792286,Veracruz,8539862,NA,NA,NA,NA,88,35,0,3458,495,0
2020-05-31,Mexico,127792286,Veracruz,8539862,NA,NA,NA,NA,89,12,0,3604,518,0
2020-06-02,Mexico,127792286,Veracruz,8539862,NA,NA,NA,NA,301,44,0,4195,581,0
2020-06-04,Mexico,127792286,Veracruz,8539862,NA,NA,NA,NA,218,33,0,4468,682,0
2020-06-06,Mexico,127792286,Veracruz,8539862,NA,NA,NA,NA,129,27,0,4884,748,0
2020-06-08,Mexico,127792286,Veracruz,8539862,NA,NA,NA,NA,144,24,0,5153,774,0
2020-06-10,Mexico,127792286,Veracruz,8539862,NA,NA,NA,NA,224,55,0,5613,870,0
2020-06-12,Mexico,127792286,Veracruz,8539862,NA,NA,NA,NA,226,26,0,6005,937,0
2020-06-14,Mexico,127792286,Veracruz,8539862,NA,NA,NA,NA,308,38,0,6421,1011,0
2020-06-16,Mexico,127792286,Veracruz,8539862,NA,NA,NA,NA,202,52,0,6823,1091,0
2020-06-18,Mexico,127792286,Veracruz,8539862,NA,NA,NA,NA,156,37,0,7240,1160,0
2020-06-20,Mexico,127792286,Veracruz,8539862,NA,NA,NA,NA,192,24,0,7614,1220,0
2020-06-22,Mexico,127792286,Veracruz,8539862,NA,NA,NA,NA,293,19,0,8251,1267,0
2020-06-24,Mexico,127792286,Veracruz,8539862,NA,NA,NA,NA,178,38,0,8673,1373,0
2020-06-26,Mexico,127792286,Veracruz,8539862,NA,NA,NA,NA,354,33,0,9345,1428,0
2020-06-28,Mexico,127792286,Veracruz,8539862,NA,NA,NA,NA,112,19,0,9624,1474,0
2020-06-30,Mexico,127792286,Veracruz,8539862,NA,NA,NA,NA,195,25,0,9974,1547,0
2020-07-02,Mexico,127792286,Veracruz,8539862,NA,NA,NA,NA,148,40,0,10472,1635,0
2020-07-04,Mexico,127792286,Veracruz,8539862,NA,NA,NA,NA,577,63,0,11260,1719,0
2020-07-06,Mexico,127792286,Veracruz,8539862,NA,NA,NA,NA,403,21,0,11751,1745,0
2020-07-08,Mexico,127792286,Veracruz,8539862,NA,NA,NA,NA,394,42,0,12506,1844,0
2020-07-10,Mexico,127792286,Veracruz,8539862,NA,NA,NA,NA,258,38,0,13050,1928,0
2020-07-12,Mexico,127792286,Veracruz,8539862,NA,NA,NA,NA,169,19,0,13530,1963,0
2020-07-14,Mexico,127792286,Veracruz,8539862,NA,NA,NA,NA,542,39,0,14324,2026,0
2020-07-16,Mexico,127792286,Veracruz,8539862,NA,NA,NA,NA,294,43,0,15099,2101,0
2020-07-18,Mexico,127792286,Veracruz,8539862,NA,NA,NA,NA,420,22,0,16034,2159,0
2020-07-20,Mexico,127792286,Veracruz,8539862,NA,NA,NA,NA,380,24,0,16864,2188,0
2020-07-22,Mexico,127792286,Veracruz,8539862,NA,NA,NA,NA,199,39,0,17289,2308,0
2020-07-24,Mexico,127792286,Veracruz,8539862,NA,NA,NA,NA,385,82,0,18124,2432,0
2020-07-26,Mexico,127792286,Veracruz,8539862,NA,NA,NA,NA,289,23,0,18628,2512,0
2020-07-28,Mexico,127792286,Veracruz,8539862,NA,NA,NA,NA,473,100,0,19662,2625,0
2020-07-30,Mexico,127792286,Veracruz,8539862,NA,NA,NA,NA,330,41,0,20249,2706,0
2020-08-01,Mexico,127792286,Veracruz,8539862,NA,NA,NA,NA,724,51,0,21208,2806,0
2020-08-03,Mexico,127792286,Veracruz,8539862,NA,NA,NA,NA,337,10,0,21626,2831,0
2020-08-05,Mexico,127792286,Veracruz,8539862,NA,NA,NA,NA,334,32,0,22131,2905,0
2020-08-07,Mexico,127792286,Veracruz,8539862,NA,NA,NA,NA,180,44,0,22752,2990,0
2020-08-09,Mexico,127792286,Veracruz,8539862,NA,NA,NA,NA,202,4,0,23313,3021,0
2020-08-11,Mexico,127792286,Veracruz,8539862,NA,NA,NA,NA,399,37,0,24054,3097,0
2020-08-13,Mexico,127792286,Veracruz,8539862,NA,NA,NA,NA,219,63,0,24511,3201,0
2020-08-15,Mexico,127792286,Veracruz,8539862,NA,NA,NA,NA,287,28,0,24897,3260,0
2020-02-26,Mexico,127792286,Yucatan,2259098,NA,NA,NA,NA,NA,NA,NA,0,0,0
2020-02-28,Mexico,127792286,Yucatan,2259098,NA,NA,NA,NA,0,0,0,0,0,0
2020-03-01,Mexico,127792286,Yucatan,2259098,NA,NA,NA,NA,0,0,0,0,0,0
2020-03-03,Mexico,127792286,Yucatan,2259098,NA,NA,NA,NA,0,0,0,0,0,0
2020-03-05,Mexico,127792286,Yucatan,2259098,NA,NA,NA,NA,0,0,0,0,0,0
2020-03-07,Mexico,127792286,Yucatan,2259098,NA,NA,NA,NA,0,0,0,0,0,0
2020-03-09,Mexico,127792286,Yucatan,2259098,NA,NA,NA,NA,0,0,0,0,0,0
2020-03-11,Mexico,127792286,Yucatan,2259098,NA,NA,NA,NA,0,0,0,0,0,0
2020-03-13,Mexico,127792286,Yucatan,2259098,NA,NA,NA,NA,1,0,0,1,0,0
2020-03-15,Mexico,127792286,Yucatan,2259098,NA,NA,NA,NA,0,0,0,1,0,0
2020-03-17,Mexico,127792286,Yucatan,2259098,NA,NA,NA,NA,1,0,0,5,0,0
2020-03-19,Mexico,127792286,Yucatan,2259098,NA,NA,NA,NA,5,0,0,13,0,0
2020-03-21,Mexico,127792286,Yucatan,2259098,NA,NA,NA,NA,1,0,0,14,0,0
2020-03-23,Mexico,127792286,Yucatan,2259098,NA,NA,NA,NA,0,0,0,19,0,0
2020-03-25,Mexico,127792286,Yucatan,2259098,NA,NA,NA,NA,5,0,0,29,0,0
2020-03-27,Mexico,127792286,Yucatan,2259098,NA,NA,NA,NA,4,0,0,36,0,0
2020-03-29,Mexico,127792286,Yucatan,2259098,NA,NA,NA,NA,3,0,0,41,0,0
2020-03-31,Mexico,127792286,Yucatan,2259098,NA,NA,NA,NA,3,0,0,49,0,0
2020-04-02,Mexico,127792286,Yucatan,2259098,NA,NA,NA,NA,1,0,0,53,0,0
2020-04-04,Mexico,127792286,Yucatan,2259098,NA,NA,NA,NA,3,0,0,62,0,0
2020-04-06,Mexico,127792286,Yucatan,2259098,NA,NA,NA,NA,5,0,0,72,2,0
2020-04-08,Mexico,127792286,Yucatan,2259098,NA,NA,NA,NA,0,1,0,74,3,0
2020-04-10,Mexico,127792286,Yucatan,2259098,NA,NA,NA,NA,0,1,0,88,4,0
2020-04-12,Mexico,127792286,Yucatan,2259098,NA,NA,NA,NA,4,2,0,107,6,0
2020-04-14,Mexico,127792286,Yucatan,2259098,NA,NA,NA,NA,2,1,0,116,7,0
2020-04-16,Mexico,127792286,Yucatan,2259098,NA,NA,NA,NA,3,0,0,131,7,0
2020-04-18,Mexico,127792286,Yucatan,2259098,NA,NA,NA,NA,32,2,0,172,10,0
2020-04-20,Mexico,127792286,Yucatan,2259098,NA,NA,NA,NA,15,0,0,191,10,0
2020-04-22,Mexico,127792286,Yucatan,2259098,NA,NA,NA,NA,5,3,0,199,15,0
2020-04-24,Mexico,127792286,Yucatan,2259098,NA,NA,NA,NA,10,1,0,244,19,0
2020-04-26,Mexico,127792286,Yucatan,2259098,NA,NA,NA,NA,22,0,0,321,20,0
2020-04-28,Mexico,127792286,Yucatan,2259098,NA,NA,NA,NA,25,0,0,375,23,0
2020-04-30,Mexico,127792286,Yucatan,2259098,NA,NA,NA,NA,44,0,0,445,26,0
2020-05-02,Mexico,127792286,Yucatan,2259098,NA,NA,NA,NA,45,0,0,530,30,0
2020-05-04,Mexico,127792286,Yucatan,2259098,NA,NA,NA,NA,20,0,0,604,31,0
2020-05-06,Mexico,127792286,Yucatan,2259098,NA,NA,NA,NA,39,3,0,684,36,0
2020-05-08,Mexico,127792286,Yucatan,2259098,NA,NA,NA,NA,26,9,0,747,48,0
2020-05-10,Mexico,127792286,Yucatan,2259098,NA,NA,NA,NA,39,0,0,823,48,0
2020-05-12,Mexico,127792286,Yucatan,2259098,NA,NA,NA,NA,35,3,0,877,54,0
2020-05-14,Mexico,127792286,Yucatan,2259098,NA,NA,NA,NA,49,8,0,967,62,0
2020-05-16,Mexico,127792286,Yucatan,2259098,NA,NA,NA,NA,59,8,0,1077,76,0
2020-05-18,Mexico,127792286,Yucatan,2259098,NA,NA,NA,NA,38,3,0,1146,80,0
2020-05-20,Mexico,127792286,Yucatan,2259098,NA,NA,NA,NA,40,13,0,1239,97,0
2020-05-22,Mexico,127792286,Yucatan,2259098,NA,NA,NA,NA,42,9,0,1360,109,0
2020-05-24,Mexico,127792286,Yucatan,2259098,NA,NA,NA,NA,68,6,0,1483,116,0
2020-05-26,Mexico,127792286,Yucatan,2259098,NA,NA,NA,NA,45,5,0,1564,128,0
2020-05-28,Mexico,127792286,Yucatan,2259098,NA,NA,NA,NA,59,7,0,1658,139,0
2020-05-30,Mexico,127792286,Yucatan,2259098,NA,NA,NA,NA,75,4,0,1768,146,0
2020-06-01,Mexico,127792286,Yucatan,2259098,NA,NA,NA,NA,40,9,0,1859,164,0
2020-06-03,Mexico,127792286,Yucatan,2259098,NA,NA,NA,NA,42,19,0,1957,192,0
2020-06-05,Mexico,127792286,Yucatan,2259098,NA,NA,NA,NA,47,5,0,2057,207,0
2020-06-07,Mexico,127792286,Yucatan,2259098,NA,NA,NA,NA,30,0,0,2127,208,0
2020-06-09,Mexico,127792286,Yucatan,2259098,NA,NA,NA,NA,46,8,0,2193,219,0
2020-06-11,Mexico,127792286,Yucatan,2259098,NA,NA,NA,NA,54,7,0,2334,232,0
2020-06-13,Mexico,127792286,Yucatan,2259098,NA,NA,NA,NA,65,6,0,2482,246,0
2020-06-15,Mexico,127792286,Yucatan,2259098,NA,NA,NA,NA,57,8,0,2578,256,0
2020-06-17,Mexico,127792286,Yucatan,2259098,NA,NA,NA,NA,85,26,0,2769,301,0
2020-06-19,Mexico,127792286,Yucatan,2259098,NA,NA,NA,NA,117,13,0,2981,318,0
2020-06-21,Mexico,127792286,Yucatan,2259098,NA,NA,NA,NA,80,4,0,3153,327,0
2020-06-23,Mexico,127792286,Yucatan,2259098,NA,NA,NA,NA,174,8,0,3409,339,0
2020-06-25,Mexico,127792286,Yucatan,2259098,NA,NA,NA,NA,146,13,0,3676,368,0
2020-06-27,Mexico,127792286,Yucatan,2259098,NA,NA,NA,NA,182,14,0,3995,391,0
2020-06-29,Mexico,127792286,Yucatan,2259098,NA,NA,NA,NA,86,5,0,4233,398,0
2020-07-01,Mexico,127792286,Yucatan,2259098,NA,NA,NA,NA,114,29,0,4519,443,0
2020-07-03,Mexico,127792286,Yucatan,2259098,NA,NA,NA,NA,243,11,0,4855,477,0
2020-07-05,Mexico,127792286,Yucatan,2259098,NA,NA,NA,NA,116,3,0,5103,483,0
2020-07-07,Mexico,127792286,Yucatan,2259098,NA,NA,NA,NA,128,20,0,5375,521,0
2020-07-09,Mexico,127792286,Yucatan,2259098,NA,NA,NA,NA,158,18,0,5716,557,0
2020-07-11,Mexico,127792286,Yucatan,2259098,NA,NA,NA,NA,182,6,0,6091,578,0
2020-07-13,Mexico,127792286,Yucatan,2259098,NA,NA,NA,NA,109,6,0,6346,588,0
2020-07-15,Mexico,127792286,Yucatan,2259098,NA,NA,NA,NA,88,8,0,6705,612,0
2020-07-17,Mexico,127792286,Yucatan,2259098,NA,NA,NA,NA,62,26,0,6972,684,0
2020-07-19,Mexico,127792286,Yucatan,2259098,NA,NA,NA,NA,158,7,0,7268,699,0
2020-07-21,Mexico,127792286,Yucatan,2259098,NA,NA,NA,NA,182,20,0,7527,727,0
2020-07-23,Mexico,127792286,Yucatan,2259098,NA,NA,NA,NA,301,20,0,8008,763,0
2020-07-25,Mexico,127792286,Yucatan,2259098,NA,NA,NA,NA,262,21,0,8449,801,0
2020-07-27,Mexico,127792286,Yucatan,2259098,NA,NA,NA,NA,129,13,0,8803,825,0
2020-07-29,Mexico,127792286,Yucatan,2259098,NA,NA,NA,NA,151,3,0,9141,841,0
2020-07-31,Mexico,127792286,Yucatan,2259098,NA,NA,NA,NA,194,16,0,9685,874,0
2020-08-02,Mexico,127792286,Yucatan,2259098,NA,NA,NA,NA,186,12,0,10341,902,0
2020-08-04,Mexico,127792286,Yucatan,2259098,NA,NA,NA,NA,168,19,0,10681,935,0
2020-08-06,Mexico,127792286,Yucatan,2259098,NA,NA,NA,NA,248,17,0,11106,974,0
2020-08-08,Mexico,127792286,Yucatan,2259098,NA,NA,NA,NA,204,21,0,11477,1013,0
2020-08-10,Mexico,127792286,Yucatan,2259098,NA,NA,NA,NA,179,23,0,11757,1048,0
2020-08-12,Mexico,127792286,Yucatan,2259098,NA,NA,NA,NA,95,22,0,12061,1094,0
2020-08-14,Mexico,127792286,Yucatan,2259098,NA,NA,NA,NA,151,18,0,12369,1125,0
2020-02-25,Mexico,127792286,Zacatecas,1666426,NA,NA,NA,NA,NA,NA,NA,0,0,0
2020-02-27,Mexico,127792286,Zacatecas,1666426,NA,NA,NA,NA,0,0,0,0,0,0
2020-02-29,Mexico,127792286,Zacatecas,1666426,NA,NA,NA,NA,0,0,0,0,0,0
2020-03-02,Mexico,127792286,Zacatecas,1666426,NA,NA,NA,NA,0,0,0,0,0,0
2020-03-04,Mexico,127792286,Zacatecas,1666426,NA,NA,NA,NA,0,0,0,0,0,0
2020-03-06,Mexico,127792286,Zacatecas,1666426,NA,NA,NA,NA,0,0,0,0,0,0
2020-03-08,Mexico,127792286,Zacatecas,1666426,NA,NA,NA,NA,0,0,0,0,0,0
2020-03-10,Mexico,127792286,Zacatecas,1666426,NA,NA,NA,NA,0,0,0,0,0,0
2020-03-12,Mexico,127792286,Zacatecas,1666426,NA,NA,NA,NA,0,0,0,0,0,0
2020-03-14,Mexico,127792286,Zacatecas,1666426,NA,NA,NA,NA,0,0,0,0,0,0
2020-03-16,Mexico,127792286,Zacatecas,1666426,NA,NA,NA,NA,0,0,0,0,0,0
2020-03-18,Mexico,127792286,Zacatecas,1666426,NA,NA,NA,NA,0,0,0,0,0,0
2020-03-20,Mexico,127792286,Zacatecas,1666426,NA,NA,NA,NA,0,0,0,0,0,0
2020-03-22,Mexico,127792286,Zacatecas,1666426,NA,NA,NA,NA,1,0,0,2,0,0
2020-03-24,Mexico,127792286,Zacatecas,1666426,NA,NA,NA,NA,0,0,0,3,0,0
2020-03-26,Mexico,127792286,Zacatecas,1666426,NA,NA,NA,NA,1,0,0,4,0,0
2020-03-28,Mexico,127792286,Zacatecas,1666426,NA,NA,NA,NA,0,0,0,4,0,0
2020-03-30,Mexico,127792286,Zacatecas,1666426,NA,NA,NA,NA,1,0,0,6,0,0
2020-04-01,Mexico,127792286,Zacatecas,1666426,NA,NA,NA,NA,0,1,0,6,1,0
2020-04-03,Mexico,127792286,Zacatecas,1666426,NA,NA,NA,NA,0,0,0,7,1,0
2020-04-05,Mexico,127792286,Zacatecas,1666426,NA,NA,NA,NA,0,0,0,10,2,0
2020-04-07,Mexico,127792286,Zacatecas,1666426,NA,NA,NA,NA,1,0,0,10,2,0
2020-04-09,Mexico,127792286,Zacatecas,1666426,NA,NA,NA,NA,0,0,0,11,2,0
2020-04-11,Mexico,127792286,Zacatecas,1666426,NA,NA,NA,NA,0,0,0,14,2,0
2020-04-13,Mexico,127792286,Zacatecas,1666426,NA,NA,NA,NA,1,0,0,16,2,0
2020-04-15,Mexico,127792286,Zacatecas,1666426,NA,NA,NA,NA,1,0,0,18,2,0
2020-04-17,Mexico,127792286,Zacatecas,1666426,NA,NA,NA,NA,5,0,0,23,2,0
2020-04-19,Mexico,127792286,Zacatecas,1666426,NA,NA,NA,NA,0,0,0,27,2,0
2020-04-21,Mexico,127792286,Zacatecas,1666426,NA,NA,NA,NA,1,1,0,32,3,0
2020-04-23,Mexico,127792286,Zacatecas,1666426,NA,NA,NA,NA,4,0,0,47,3,0
2020-04-25,Mexico,127792286,Zacatecas,1666426,NA,NA,NA,NA,7,0,0,57,4,0
2020-04-27,Mexico,127792286,Zacatecas,1666426,NA,NA,NA,NA,0,0,0,64,4,0
2020-04-29,Mexico,127792286,Zacatecas,1666426,NA,NA,NA,NA,1,0,0,67,7,0
2020-05-01,Mexico,127792286,Zacatecas,1666426,NA,NA,NA,NA,9,0,0,83,8,0
2020-05-03,Mexico,127792286,Zacatecas,1666426,NA,NA,NA,NA,5,3,0,96,13,0
2020-05-05,Mexico,127792286,Zacatecas,1666426,NA,NA,NA,NA,3,1,0,109,17,0
2020-05-07,Mexico,127792286,Zacatecas,1666426,NA,NA,NA,NA,9,0,0,124,18,0
2020-05-09,Mexico,127792286,Zacatecas,1666426,NA,NA,NA,NA,5,0,0,136,18,0
2020-05-11,Mexico,127792286,Zacatecas,1666426,NA,NA,NA,NA,6,0,0,151,19,0
2020-05-13,Mexico,127792286,Zacatecas,1666426,NA,NA,NA,NA,7,1,0,160,21,0
2020-05-15,Mexico,127792286,Zacatecas,1666426,NA,NA,NA,NA,9,0,0,173,22,0
2020-05-17,Mexico,127792286,Zacatecas,1666426,NA,NA,NA,NA,10,0,0,192,23,0
2020-05-19,Mexico,127792286,Zacatecas,1666426,NA,NA,NA,NA,2,1,0,197,26,0
2020-05-21,Mexico,127792286,Zacatecas,1666426,NA,NA,NA,NA,2,0,0,205,27,0
2020-05-23,Mexico,127792286,Zacatecas,1666426,NA,NA,NA,NA,7,0,0,222,27,0
2020-05-25,Mexico,127792286,Zacatecas,1666426,NA,NA,NA,NA,8,1,0,237,28,0
2020-05-27,Mexico,127792286,Zacatecas,1666426,NA,NA,NA,NA,10,0,0,256,29,0
2020-05-29,Mexico,127792286,Zacatecas,1666426,NA,NA,NA,NA,6,1,0,273,32,0
2020-05-31,Mexico,127792286,Zacatecas,1666426,NA,NA,NA,NA,8,1,0,287,34,0
2020-06-02,Mexico,127792286,Zacatecas,1666426,NA,NA,NA,NA,10,3,0,306,38,0
2020-06-04,Mexico,127792286,Zacatecas,1666426,NA,NA,NA,NA,19,2,0,335,41,0
2020-06-06,Mexico,127792286,Zacatecas,1666426,NA,NA,NA,NA,22,1,0,363,44,0
2020-06-08,Mexico,127792286,Zacatecas,1666426,NA,NA,NA,NA,9,2,0,382,46,0
2020-06-10,Mexico,127792286,Zacatecas,1666426,NA,NA,NA,NA,20,3,0,418,53,0
2020-06-12,Mexico,127792286,Zacatecas,1666426,NA,NA,NA,NA,42,0,0,493,55,0
2020-06-14,Mexico,127792286,Zacatecas,1666426,NA,NA,NA,NA,14,0,0,522,57,0
2020-06-16,Mexico,127792286,Zacatecas,1666426,NA,NA,NA,NA,10,4,0,556,62,0
2020-06-18,Mexico,127792286,Zacatecas,1666426,NA,NA,NA,NA,29,3,0,604,69,0
2020-06-20,Mexico,127792286,Zacatecas,1666426,NA,NA,NA,NA,28,1,0,662,72,0
2020-06-22,Mexico,127792286,Zacatecas,1666426,NA,NA,NA,NA,8,3,0,690,75,0
2020-06-24,Mexico,127792286,Zacatecas,1666426,NA,NA,NA,NA,31,0,0,729,80,0
2020-06-26,Mexico,127792286,Zacatecas,1666426,NA,NA,NA,NA,27,1,0,778,86,0
2020-06-28,Mexico,127792286,Zacatecas,1666426,NA,NA,NA,NA,16,2,0,826,91,0
2020-06-30,Mexico,127792286,Zacatecas,1666426,NA,NA,NA,NA,18,3,0,890,96,0
2020-07-02,Mexico,127792286,Zacatecas,1666426,NA,NA,NA,NA,32,2,0,956,101,0
2020-07-04,Mexico,127792286,Zacatecas,1666426,NA,NA,NA,NA,57,4,0,1042,110,0
2020-07-06,Mexico,127792286,Zacatecas,1666426,NA,NA,NA,NA,34,2,0,1122,112,0
2020-07-08,Mexico,127792286,Zacatecas,1666426,NA,NA,NA,NA,44,8,0,1190,128,0
2020-07-10,Mexico,127792286,Zacatecas,1666426,NA,NA,NA,NA,50,5,0,1279,135,0
2020-07-12,Mexico,127792286,Zacatecas,1666426,NA,NA,NA,NA,45,0,0,1369,137,0
2020-07-14,Mexico,127792286,Zacatecas,1666426,NA,NA,NA,NA,56,4,0,1461,145,0
2020-07-16,Mexico,127792286,Zacatecas,1666426,NA,NA,NA,NA,61,5,0,1551,152,0
2020-07-18,Mexico,127792286,Zacatecas,1666426,NA,NA,NA,NA,86,4,0,1760,161,0
2020-07-20,Mexico,127792286,Zacatecas,1666426,NA,NA,NA,NA,27,1,0,1840,164,0
2020-07-22,Mexico,127792286,Zacatecas,1666426,NA,NA,NA,NA,86,8,0,1974,181,0
2020-07-24,Mexico,127792286,Zacatecas,1666426,NA,NA,NA,NA,99,9,0,2171,195,0
2020-07-26,Mexico,127792286,Zacatecas,1666426,NA,NA,NA,NA,67,0,0,2323,201,0
2020-07-28,Mexico,127792286,Zacatecas,1666426,NA,NA,NA,NA,35,16,0,2387,218,0
2020-07-30,Mexico,127792286,Zacatecas,1666426,NA,NA,NA,NA,141,5,0,2576,237,0
2020-08-01,Mexico,127792286,Zacatecas,1666426,NA,NA,NA,NA,103,4,0,2737,247,0
2020-08-03,Mexico,127792286,Zacatecas,1666426,NA,NA,NA,NA,56,1,0,2882,252,0
2020-08-05,Mexico,127792286,Zacatecas,1666426,NA,NA,NA,NA,73,9,0,3009,281,0
2020-08-07,Mexico,127792286,Zacatecas,1666426,NA,NA,NA,NA,92,12,0,3191,303,0
2020-08-09,Mexico,127792286,Zacatecas,1666426,NA,NA,NA,NA,75,10,0,3381,323,0
2020-08-11,Mexico,127792286,Zacatecas,1666426,NA,NA,NA,NA,60,9,0,3546,341,0
2020-08-13,Mexico,127792286,Zacatecas,1666426,NA,NA,NA,NA,183,10,0,3825,354,0
2020-08-15,Mexico,127792286,Zacatecas,1666426,NA,NA,NA,NA,92,8,0,4012,369,0
2020-02-25,Chile,17576779,Antofagasta,607534,NA,NA,NA,NA,NA,NA,NA,0,0,0
2020-02-27,Chile,17576779,Antofagasta,607534,NA,NA,NA,NA,0,0,0,0,0,0
2020-02-29,Chile,17576779,Antofagasta,607534,NA,NA,NA,NA,0,0,0,0,0,0
2020-03-02,Chile,17576779,Antofagasta,607534,NA,NA,NA,NA,0,0,0,0,0,0
2020-03-04,Chile,17576779,Antofagasta,607534,NA,NA,NA,NA,0,0,0,0,0,0
2020-03-06,Chile,17576779,Antofagasta,607534,NA,NA,NA,NA,0,0,0,0,0,0
2020-03-08,Chile,17576779,Antofagasta,607534,NA,NA,NA,NA,0,0,0,0,0,0
2020-03-10,Chile,17576779,Antofagasta,607534,NA,NA,NA,NA,0,0,0,0,0,0
2020-03-12,Chile,17576779,Antofagasta,607534,NA,NA,NA,NA,0,0,0,0,0,0
2020-03-14,Chile,17576779,Antofagasta,607534,NA,NA,NA,NA,2,0,0,2,0,0
2020-03-16,Chile,17576779,Antofagasta,607534,NA,NA,NA,NA,0,0,0,2,0,0
2020-03-18,Chile,17576779,Antofagasta,607534,NA,NA,NA,NA,0,0,0,2,0,0
2020-03-20,Chile,17576779,Antofagasta,607534,NA,NA,NA,NA,4,0,0,6,0,0
2020-03-22,Chile,17576779,Antofagasta,607534,NA,NA,NA,NA,1,0,0,11,0,0
2020-03-24,Chile,17576779,Antofagasta,607534,NA,NA,NA,NA,2,0,0,13,0,0
2020-03-26,Chile,17576779,Antofagasta,607534,NA,NA,NA,NA,1,0,0,20,0,0
2020-03-28,Chile,17576779,Antofagasta,607534,NA,NA,NA,NA,4,0,0,25,0,0
2020-03-30,Chile,17576779,Antofagasta,607534,NA,NA,NA,NA,8,0,0,35,0,0
2020-04-01,Chile,17576779,Antofagasta,607534,NA,NA,NA,NA,4,0,0,39,0,0
2020-04-03,Chile,17576779,Antofagasta,607534,NA,NA,NA,NA,7,0,0,54,0,0
2020-04-05,Chile,17576779,Antofagasta,607534,NA,NA,NA,NA,5,0,0,60,0,0
2020-04-07,Chile,17576779,Antofagasta,607534,NA,NA,NA,NA,1,1,0,69,1,0
2020-04-09,Chile,17576779,Antofagasta,607534,NA,NA,NA,NA,15,0,0,92,1,0
2020-04-11,Chile,17576779,Antofagasta,607534,NA,NA,NA,NA,7,0,0,117,1,0
2020-04-13,Chile,17576779,Antofagasta,607534,NA,NA,NA,NA,11,0,0,149,1,0
2020-04-15,Chile,17576779,Antofagasta,607534,NA,NA,NA,NA,21,0,0,176,1,0
2020-04-17,Chile,17576779,Antofagasta,607534,NA,NA,NA,NA,19,0,0,211,1,0
2020-04-19,Chile,17576779,Antofagasta,607534,NA,NA,NA,NA,23,0,0,249,1,0
2020-04-21,Chile,17576779,Antofagasta,607534,NA,NA,NA,NA,28,0,0,291,1,0
2020-04-23,Chile,17576779,Antofagasta,607534,NA,NA,NA,NA,14,0,0,340,2,0
2020-04-25,Chile,17576779,Antofagasta,607534,NA,NA,NA,NA,25,1,0,391,3,0
2020-04-27,Chile,17576779,Antofagasta,607534,NA,NA,NA,NA,14,0,0,457,4,0
2020-04-29,Chile,17576779,Antofagasta,607534,NA,NA,NA,NA,33,0,0,514,4,0
2020-05-01,Chile,17576779,Antofagasta,607534,NA,NA,NA,NA,43,2,17,589,7,204
2020-05-03,Chile,17576779,Antofagasta,607534,NA,NA,NA,NA,61,0,23,740,7,242
2020-05-05,Chile,17576779,Antofagasta,607534,NA,NA,NA,NA,51,0,0,811,7,242
2020-05-07,Chile,17576779,Antofagasta,607534,NA,NA,NA,NA,40,0,0,895,7,242
2020-05-09,Chile,17576779,Antofagasta,607534,NA,NA,NA,NA,24,1,0,947,10,242
2020-05-11,Chile,17576779,Antofagasta,607534,NA,NA,NA,NA,36,0,0,1014,10,242
2020-05-13,Chile,17576779,Antofagasta,607534,NA,NA,NA,NA,107,1,0,1216,11,242
2020-05-15,Chile,17576779,Antofagasta,607534,NA,NA,NA,NA,54,1,0,1331,12,242
2020-05-17,Chile,17576779,Antofagasta,607534,NA,NA,NA,NA,76,1,0,1505,13,242
2020-05-19,Chile,17576779,Antofagasta,607534,NA,NA,NA,NA,59,2,0,1648,16,242
2020-05-21,Chile,17576779,Antofagasta,607534,NA,NA,NA,NA,47,0,0,1778,17,242
2020-05-23,Chile,17576779,Antofagasta,607534,NA,NA,NA,NA,56,4,0,1897,21,242
2020-05-25,Chile,17576779,Antofagasta,607534,NA,NA,NA,NA,68,0,0,2015,21,242
2020-05-27,Chile,17576779,Antofagasta,607534,NA,NA,NA,NA,74,2,0,2137,25,242
2020-05-29,Chile,17576779,Antofagasta,607534,NA,NA,NA,NA,70,0,0,2318,28,242
2020-05-31,Chile,17576779,Antofagasta,607534,NA,NA,NA,NA,81,2,0,2510,31,242
2020-06-02,Chile,17576779,Antofagasta,607534,NA,NA,NA,NA,64,2,0,2649,34,242
2020-06-04,Chile,17576779,Antofagasta,607534,NA,NA,NA,NA,146,2,0,2862,38,242
2020-06-06,Chile,17576779,Antofagasta,607534,NA,NA,NA,NA,109,5,0,3033,47,242
2020-06-08,Chile,17576779,Antofagasta,607534,NA,NA,NA,NA,91,0,0,3245,45,242
2020-06-10,Chile,17576779,Antofagasta,607534,NA,NA,NA,NA,157,11,0,3559,56,242
2020-06-12,Chile,17576779,Antofagasta,607534,NA,NA,NA,NA,132,8,0,3885,65,242
2020-06-14,Chile,17576779,Antofagasta,607534,NA,NA,NA,NA,248,5,0,4286,72,242
2020-06-16,Chile,17576779,Antofagasta,607534,NA,NA,NA,NA,87,0,0,4643,72,242
2020-06-18,Chile,17576779,Antofagasta,607534,NA,NA,NA,NA,287,6,0,5528,87,242
2020-06-20,Chile,17576779,Antofagasta,607534,NA,NA,NA,NA,387,1,0,6215,94,242
2020-06-22,Chile,17576779,Antofagasta,607534,NA,NA,NA,NA,247,0,172,6708,100,5020
2020-06-24,Chile,17576779,Antofagasta,607534,NA,NA,NA,NA,236,13,212,7227,113,5444
2020-06-26,Chile,17576779,Antofagasta,607534,NA,NA,NA,NA,227,6,271,7742,128,5956
2020-06-28,Chile,17576779,Antofagasta,607534,NA,NA,NA,NA,281,5,217,8308,147,6469
2020-06-30,Chile,17576779,Antofagasta,607534,NA,NA,NA,NA,204,0,291,8829,147,6995
2020-07-02,Chile,17576779,Antofagasta,607534,NA,NA,NA,NA,202,16,182,9285,163,7446
2020-07-04,Chile,17576779,Antofagasta,607534,NA,NA,NA,NA,253,3,242,9823,174,7945
2020-07-06,Chile,17576779,Antofagasta,607534,NA,NA,NA,NA,236,0,183,10355,183,8379
2020-07-08,Chile,17576779,Antofagasta,607534,NA,NA,NA,NA,231,14,0,10825,197,8632
2020-07-10,Chile,17576779,Antofagasta,607534,NA,NA,NA,NA,190,13,0,11267,216,8632
2020-07-12,Chile,17576779,Antofagasta,607534,NA,NA,NA,NA,219,6,219,11799,224,9798
2020-07-14,Chile,17576779,Antofagasta,607534,NA,NA,NA,NA,190,3,234,12224,228,10247
2020-07-16,Chile,17576779,Antofagasta,607534,NA,NA,NA,NA,111,4,170,12500,236,10664
2020-07-18,Chile,17576779,Antofagasta,607534,NA,NA,NA,NA,191,8,0,12907,279,10664
2020-07-20,Chile,17576779,Antofagasta,607534,NA,NA,NA,NA,117,13,0,13226,293,10664
2020-07-22,Chile,17576779,Antofagasta,607534,NA,NA,NA,NA,173,5,0,13482,298,10664
2020-07-24,Chile,17576779,Antofagasta,607534,NA,NA,NA,NA,159,5,0,13807,310,10664
2020-07-26,Chile,17576779,Antofagasta,607534,NA,NA,NA,NA,154,12,0,14093,328,10664
2020-07-28,Chile,17576779,Antofagasta,607534,NA,NA,NA,NA,127,2,0,14371,334,10664
2020-07-30,Chile,17576779,Antofagasta,607534,NA,NA,NA,NA,76,6,128,14586,341,13145
2020-08-01,Chile,17576779,Antofagasta,607534,NA,NA,NA,NA,130,5,143,14884,352,13402
2020-08-03,Chile,17576779,Antofagasta,607534,NA,NA,NA,NA,156,5,132,15184,358,13674
2020-08-05,Chile,17576779,Antofagasta,607534,NA,NA,NA,NA,262,3,291,15446,361,13965
2020-08-07,Chile,17576779,Antofagasta,607534,NA,NA,NA,NA,133,5,115,15711,372,14194
2020-08-09,Chile,17576779,Antofagasta,607534,NA,NA,NA,NA,134,2,113,16005,378,14431
2020-08-11,Chile,17576779,Antofagasta,607534,NA,NA,NA,NA,84,6,147,16239,387,14681
2020-08-13,Chile,17576779,Antofagasta,607534,NA,NA,NA,NA,111,4,120,16434,392,14938
2020-08-15,Chile,17576779,Antofagasta,607534,NA,NA,NA,NA,104,5,161,16669,399,15221
2020-02-26,Chile,17576779,Araucania,957224,NA,NA,NA,NA,NA,NA,NA,0,0,0
2020-02-28,Chile,17576779,Araucania,957224,NA,NA,NA,NA,0,0,0,0,0,0
2020-03-01,Chile,17576779,Araucania,957224,NA,NA,NA,NA,0,0,0,0,0,0
2020-03-03,Chile,17576779,Araucania,957224,NA,NA,NA,NA,0,0,0,0,0,0
2020-03-05,Chile,17576779,Araucania,957224,NA,NA,NA,NA,0,0,0,0,0,0
2020-03-07,Chile,17576779,Araucania,957224,NA,NA,NA,NA,0,0,0,0,0,0
2020-03-09,Chile,17576779,Araucania,957224,NA,NA,NA,NA,0,0,0,0,0,0
2020-03-11,Chile,17576779,Araucania,957224,NA,NA,NA,NA,0,0,0,0,0,0
2020-03-13,Chile,17576779,Araucania,957224,NA,NA,NA,NA,0,0,0,0,0,0
2020-03-15,Chile,17576779,Araucania,957224,NA,NA,NA,NA,0,0,0,0,0,0
2020-03-17,Chile,17576779,Araucania,957224,NA,NA,NA,NA,0,0,0,1,0,0
2020-03-19,Chile,17576779,Araucania,957224,NA,NA,NA,NA,3,0,0,7,0,0
2020-03-21,Chile,17576779,Araucania,957224,NA,NA,NA,NA,6,0,0,15,0,0
2020-03-23,Chile,17576779,Araucania,957224,NA,NA,NA,NA,13,0,0,40,0,0
2020-03-25,Chile,17576779,Araucania,957224,NA,NA,NA,NA,15,0,0,74,0,0
2020-03-27,Chile,17576779,Araucania,957224,NA,NA,NA,NA,32,0,0,143,0,0
2020-03-29,Chile,17576779,Araucania,957224,NA,NA,NA,NA,28,1,0,205,2,0
2020-03-31,Chile,17576779,Araucania,957224,NA,NA,NA,NA,55,2,0,302,4,0
2020-04-02,Chile,17576779,Araucania,957224,NA,NA,NA,NA,46,1,0,389,7,0
2020-04-04,Chile,17576779,Araucania,957224,NA,NA,NA,NA,45,2,0,477,9,0
2020-04-06,Chile,17576779,Araucania,957224,NA,NA,NA,NA,53,1,0,562,14,0
2020-04-08,Chile,17576779,Araucania,957224,NA,NA,NA,NA,57,1,0,669,15,0
2020-04-10,Chile,17576779,Araucania,957224,NA,NA,NA,NA,23,0,0,712,16,0
2020-04-12,Chile,17576779,Araucania,957224,NA,NA,NA,NA,36,0,0,775,17,0
2020-04-14,Chile,17576779,Araucania,957224,NA,NA,NA,NA,21,3,0,816,20,0
2020-04-16,Chile,17576779,Araucania,957224,NA,NA,NA,NA,56,0,0,882,21,0
2020-04-18,Chile,17576779,Araucania,957224,NA,NA,NA,NA,37,1,0,944,23,0
2020-04-20,Chile,17576779,Araucania,957224,NA,NA,NA,NA,73,0,0,1045,23,0
2020-04-22,Chile,17576779,Araucania,957224,NA,NA,NA,NA,21,1,0,1113,26,0
2020-04-24,Chile,17576779,Araucania,957224,NA,NA,NA,NA,42,0,0,1184,26,0
2020-04-26,Chile,17576779,Araucania,957224,NA,NA,NA,NA,13,2,0,1216,29,0
2020-04-28,Chile,17576779,Araucania,957224,NA,NA,NA,NA,15,0,0,1251,32,0
2020-04-30,Chile,17576779,Araucania,957224,NA,NA,NA,NA,20,3,847,1293,35,847
2020-05-02,Chile,17576779,Araucania,957224,NA,NA,NA,NA,19,0,37,1314,36,908
2020-05-04,Chile,17576779,Araucania,957224,NA,NA,NA,NA,3,0,0,1331,36,936
2020-05-06,Chile,17576779,Araucania,957224,NA,NA,NA,NA,10,0,0,1362,36,936
2020-05-08,Chile,17576779,Araucania,957224,NA,NA,NA,NA,18,0,0,1403,36,936
2020-05-10,Chile,17576779,Araucania,957224,NA,NA,NA,NA,36,1,0,1454,37,936
2020-05-12,Chile,17576779,Araucania,957224,NA,NA,NA,NA,16,1,0,1482,39,936
2020-05-14,Chile,17576779,Araucania,957224,NA,NA,NA,NA,41,2,0,1536,41,936
2020-05-16,Chile,17576779,Araucania,957224,NA,NA,NA,NA,23,0,0,1587,43,936
2020-05-18,Chile,17576779,Araucania,957224,NA,NA,NA,NA,33,0,0,1639,44,936
2020-05-20,Chile,17576779,Araucania,957224,NA,NA,NA,NA,14,0,0,1680,44,936
2020-05-22,Chile,17576779,Araucania,957224,NA,NA,NA,NA,22,1,0,1737,45,936
2020-05-24,Chile,17576779,Araucania,957224,NA,NA,NA,NA,34,0,0,1808,45,936
2020-05-26,Chile,17576779,Araucania,957224,NA,NA,NA,NA,26,0,0,1883,45,936
2020-05-28,Chile,17576779,Araucania,957224,NA,NA,NA,NA,38,0,0,1954,45,936
2020-05-30,Chile,17576779,Araucania,957224,NA,NA,NA,NA,71,0,0,2060,47,936
2020-06-01,Chile,17576779,Araucania,957224,NA,NA,NA,NA,40,0,0,2111,47,936
2020-06-03,Chile,17576779,Araucania,957224,NA,NA,NA,NA,32,0,0,2173,47,936
2020-06-05,Chile,17576779,Araucania,957224,NA,NA,NA,NA,106,1,0,2288,48,936
2020-06-07,Chile,17576779,Araucania,957224,NA,NA,NA,NA,56,1,0,2377,50,936
2020-06-09,Chile,17576779,Araucania,957224,NA,NA,NA,NA,35,0,0,2445,32,936
2020-06-11,Chile,17576779,Araucania,957224,NA,NA,NA,NA,47,1,0,2535,34,936
2020-06-13,Chile,17576779,Araucania,957224,NA,NA,NA,NA,66,1,0,2645,36,936
2020-06-15,Chile,17576779,Araucania,957224,NA,NA,NA,NA,53,0,0,2728,36,936
2020-06-17,Chile,17576779,Araucania,957224,NA,NA,NA,NA,40,0,0,2815,36,936
2020-06-19,Chile,17576779,Araucania,957224,NA,NA,NA,NA,33,1,0,2897,38,936
2020-06-21,Chile,17576779,Araucania,957224,NA,NA,NA,NA,49,0,1659,2969,39,2595
2020-06-23,Chile,17576779,Araucania,957224,NA,NA,NA,NA,18,0,59,3027,39,2686
2020-06-25,Chile,17576779,Araucania,957224,NA,NA,NA,NA,27,0,51,3064,40,2769
2020-06-27,Chile,17576779,Araucania,957224,NA,NA,NA,NA,23,0,38,3128,40,2844
2020-06-29,Chile,17576779,Araucania,957224,NA,NA,NA,NA,40,0,22,3212,41,2893
2020-07-01,Chile,17576779,Araucania,957224,NA,NA,NA,NA,15,0,34,3246,41,2969
2020-07-03,Chile,17576779,Araucania,957224,NA,NA,NA,NA,57,3,27,3324,44,3022
2020-07-05,Chile,17576779,Araucania,957224,NA,NA,NA,NA,30,1,25,3399,45,3077
2020-07-07,Chile,17576779,Araucania,957224,NA,NA,NA,NA,19,0,34,3472,45,3130
2020-07-09,Chile,17576779,Araucania,957224,NA,NA,NA,NA,23,1,0,3505,47,3130
2020-07-11,Chile,17576779,Araucania,957224,NA,NA,NA,NA,19,0,133,3557,47,3263
2020-07-13,Chile,17576779,Araucania,957224,NA,NA,NA,NA,9,0,37,3604,48,3320
2020-07-15,Chile,17576779,Araucania,957224,NA,NA,NA,NA,36,1,30,3651,49,3381
2020-07-17,Chile,17576779,Araucania,957224,NA,NA,NA,NA,21,22,0,3687,71,3405
2020-07-19,Chile,17576779,Araucania,957224,NA,NA,NA,NA,22,0,0,3724,71,3405
2020-07-21,Chile,17576779,Araucania,957224,NA,NA,NA,NA,27,0,0,3774,71,3405
2020-07-23,Chile,17576779,Araucania,957224,NA,NA,NA,NA,24,3,0,3806,74,3405
2020-07-25,Chile,17576779,Araucania,957224,NA,NA,NA,NA,26,2,0,3878,76,3405
2020-07-27,Chile,17576779,Araucania,957224,NA,NA,NA,NA,45,0,0,3947,77,3405
2020-07-29,Chile,17576779,Araucania,957224,NA,NA,NA,NA,45,0,267,4023,77,3672
2020-07-31,Chile,17576779,Araucania,957224,NA,NA,NA,NA,48,1,19,4097,78,3721
2020-08-02,Chile,17576779,Araucania,957224,NA,NA,NA,NA,41,1,29,4164,79,3776
2020-08-04,Chile,17576779,Araucania,957224,NA,NA,NA,NA,0,0,0,4208,79,3806
2020-08-06,Chile,17576779,Araucania,957224,NA,NA,NA,NA,60,2,33,4314,81,3919
2020-08-08,Chile,17576779,Araucania,957224,NA,NA,NA,NA,21,1,24,4365,83,3998
2020-08-10,Chile,17576779,Araucania,957224,NA,NA,NA,NA,40,0,21,4437,83,4051
2020-08-12,Chile,17576779,Araucania,957224,NA,NA,NA,NA,35,0,34,4490,83,4133
2020-08-14,Chile,17576779,Araucania,957224,NA,NA,NA,NA,36,1,44,4564,84,4210
2020-02-25,Chile,17576779,Arica y Parinacota,226068,NA,NA,NA,NA,NA,NA,NA,0,0,0
2020-02-27,Chile,17576779,Arica y Parinacota,226068,NA,NA,NA,NA,0,0,0,0,0,0
2020-02-29,Chile,17576779,Arica y Parinacota,226068,NA,NA,NA,NA,0,0,0,0,0,0
2020-03-02,Chile,17576779,Arica y Parinacota,226068,NA,NA,NA,NA,0,0,0,0,0,0
2020-03-04,Chile,17576779,Arica y Parinacota,226068,NA,NA,NA,NA,0,0,0,0,0,0
2020-03-06,Chile,17576779,Arica y Parinacota,226068,NA,NA,NA,NA,0,0,0,0,0,0
2020-03-08,Chile,17576779,Arica y Parinacota,226068,NA,NA,NA,NA,0,0,0,0,0,0
2020-03-10,Chile,17576779,Arica y Parinacota,226068,NA,NA,NA,NA,0,0,0,0,0,0
2020-03-12,Chile,17576779,Arica y Parinacota,226068,NA,NA,NA,NA,0,0,0,0,0,0
2020-03-14,Chile,17576779,Arica y Parinacota,226068,NA,NA,NA,NA,0,0,0,0,0,0
2020-03-16,Chile,17576779,Arica y Parinacota,226068,NA,NA,NA,NA,0,0,0,0,0,0
2020-03-18,Chile,17576779,Arica y Parinacota,226068,NA,NA,NA,NA,0,0,0,0,0,0
2020-03-20,Chile,17576779,Arica y Parinacota,226068,NA,NA,NA,NA,0,0,0,1,0,0
2020-03-22,Chile,17576779,Arica y Parinacota,226068,NA,NA,NA,NA,1,0,0,2,0,0
2020-03-24,Chile,17576779,Arica y Parinacota,226068,NA,NA,NA,NA,0,0,0,2,0,0
2020-03-26,Chile,17576779,Arica y Parinacota,226068,NA,NA,NA,NA,1,0,0,3,0,0
2020-03-28,Chile,17576779,Arica y Parinacota,226068,NA,NA,NA,NA,0,0,0,3,0,0
2020-03-30,Chile,17576779,Arica y Parinacota,226068,NA,NA,NA,NA,2,0,0,6,0,0
2020-04-01,Chile,17576779,Arica y Parinacota,226068,NA,NA,NA,NA,0,0,0,6,0,0
2020-04-03,Chile,17576779,Arica y Parinacota,226068,NA,NA,NA,NA,5,0,0,12,0,0
2020-04-05,Chile,17576779,Arica y Parinacota,226068,NA,NA,NA,NA,16,0,0,28,0,0
2020-04-07,Chile,17576779,Arica y Parinacota,226068,NA,NA,NA,NA,12,0,0,53,0,0
2020-04-09,Chile,17576779,Arica y Parinacota,226068,NA,NA,NA,NA,12,0,0,75,0,0
2020-04-11,Chile,17576779,Arica y Parinacota,226068,NA,NA,NA,NA,20,0,0,107,0,0
2020-04-13,Chile,17576779,Arica y Parinacota,226068,NA,NA,NA,NA,0,0,0,115,1,0
2020-04-15,Chile,17576779,Arica y Parinacota,226068,NA,NA,NA,NA,4,0,0,124,1,0
2020-04-17,Chile,17576779,Arica y Parinacota,226068,NA,NA,NA,NA,5,1,0,134,2,0
2020-04-19,Chile,17576779,Arica y Parinacota,226068,NA,NA,NA,NA,3,0,0,145,2,0
2020-04-21,Chile,17576779,Arica y Parinacota,226068,NA,NA,NA,NA,9,0,0,170,2,0
2020-04-23,Chile,17576779,Arica y Parinacota,226068,NA,NA,NA,NA,30,0,0,210,2,0
2020-04-25,Chile,17576779,Arica y Parinacota,226068,NA,NA,NA,NA,6,0,0,245,3,0
2020-04-27,Chile,17576779,Arica y Parinacota,226068,NA,NA,NA,NA,13,0,0,265,3,0
2020-04-29,Chile,17576779,Arica y Parinacota,226068,NA,NA,NA,NA,4,1,0,272,4,0
2020-05-01,Chile,17576779,Arica y Parinacota,226068,NA,NA,NA,NA,18,0,5,297,4,130
2020-05-03,Chile,17576779,Arica y Parinacota,226068,NA,NA,NA,NA,1,0,3,308,4,141
2020-05-05,Chile,17576779,Arica y Parinacota,226068,NA,NA,NA,NA,7,0,0,315,4,141
2020-05-07,Chile,17576779,Arica y Parinacota,226068,NA,NA,NA,NA,7,1,0,325,6,141
2020-05-09,Chile,17576779,Arica y Parinacota,226068,NA,NA,NA,NA,10,0,0,337,6,141
2020-05-11,Chile,17576779,Arica y Parinacota,226068,NA,NA,NA,NA,11,1,0,351,7,141
2020-05-13,Chile,17576779,Arica y Parinacota,226068,NA,NA,NA,NA,8,0,0,359,7,141
2020-05-15,Chile,17576779,Arica y Parinacota,226068,NA,NA,NA,NA,5,0,0,368,7,141
2020-05-17,Chile,17576779,Arica y Parinacota,226068,NA,NA,NA,NA,1,0,0,378,7,141
2020-05-19,Chile,17576779,Arica y Parinacota,226068,NA,NA,NA,NA,24,0,0,422,7,141
2020-05-21,Chile,17576779,Arica y Parinacota,226068,NA,NA,NA,NA,29,0,0,453,7,141
2020-05-23,Chile,17576779,Arica y Parinacota,226068,NA,NA,NA,NA,11,0,0,482,7,141
2020-05-25,Chile,17576779,Arica y Parinacota,226068,NA,NA,NA,NA,15,0,0,513,7,141
2020-05-27,Chile,17576779,Arica y Parinacota,226068,NA,NA,NA,NA,19,0,0,541,7,141
2020-05-29,Chile,17576779,Arica y Parinacota,226068,NA,NA,NA,NA,20,0,0,582,7,141
2020-05-31,Chile,17576779,Arica y Parinacota,226068,NA,NA,NA,NA,31,0,0,619,7,141
2020-06-02,Chile,17576779,Arica y Parinacota,226068,NA,NA,NA,NA,18,0,0,654,8,141
2020-06-04,Chile,17576779,Arica y Parinacota,226068,NA,NA,NA,NA,35,0,0,736,8,141
2020-06-06,Chile,17576779,Arica y Parinacota,226068,NA,NA,NA,NA,37,0,0,819,9,141
2020-06-08,Chile,17576779,Arica y Parinacota,226068,NA,NA,NA,NA,24,0,0,874,8,141
2020-06-10,Chile,17576779,Arica y Parinacota,226068,NA,NA,NA,NA,16,2,0,930,10,141
2020-06-12,Chile,17576779,Arica y Parinacota,226068,NA,NA,NA,NA,44,0,0,1011,10,141
2020-06-14,Chile,17576779,Arica y Parinacota,226068,NA,NA,NA,NA,47,1,0,1109,11,141
2020-06-16,Chile,17576779,Arica y Parinacota,226068,NA,NA,NA,NA,17,0,0,1156,11,141
2020-06-18,Chile,17576779,Arica y Parinacota,226068,NA,NA,NA,NA,21,1,0,1239,12,141
2020-06-20,Chile,17576779,Arica y Parinacota,226068,NA,NA,NA,NA,30,0,0,1325,12,141
2020-06-22,Chile,17576779,Arica y Parinacota,226068,NA,NA,NA,NA,49,0,28,1420,12,1033
2020-06-24,Chile,17576779,Arica y Parinacota,226068,NA,NA,NA,NA,30,3,30,1473,15,1102
2020-06-26,Chile,17576779,Arica y Parinacota,226068,NA,NA,NA,NA,38,3,28,1549,19,1179
2020-06-28,Chile,17576779,Arica y Parinacota,226068,NA,NA,NA,NA,38,0,48,1649,20,1258
2020-06-30,Chile,17576779,Arica y Parinacota,226068,NA,NA,NA,NA,28,0,42,1713,20,1342
2020-07-02,Chile,17576779,Arica y Parinacota,226068,NA,NA,NA,NA,56,1,32,1832,21,1410
2020-07-04,Chile,17576779,Arica y Parinacota,226068,NA,NA,NA,NA,60,0,49,1949,22,1497
2020-07-06,Chile,17576779,Arica y Parinacota,226068,NA,NA,NA,NA,81,0,42,2087,22,1571
2020-07-08,Chile,17576779,Arica y Parinacota,226068,NA,NA,NA,NA,60,2,0,2179,24,1621
2020-07-10,Chile,17576779,Arica y Parinacota,226068,NA,NA,NA,NA,49,2,0,2322,26,1621
2020-07-12,Chile,17576779,Arica y Parinacota,226068,NA,NA,NA,NA,72,2,61,2467,28,1861
2020-07-14,Chile,17576779,Arica y Parinacota,226068,NA,NA,NA,NA,76,0,45,2638,28,1964
2020-07-16,Chile,17576779,Arica y Parinacota,226068,NA,NA,NA,NA,105,1,320,2840,32,2343
2020-07-18,Chile,17576779,Arica y Parinacota,226068,NA,NA,NA,NA,76,1,0,3012,35,2343
2020-07-20,Chile,17576779,Arica y Parinacota,226068,NA,NA,NA,NA,132,4,0,3188,40,2343
2020-07-22,Chile,17576779,Arica y Parinacota,226068,NA,NA,NA,NA,59,0,0,3350,40,2343
2020-07-24,Chile,17576779,Arica y Parinacota,226068,NA,NA,NA,NA,145,2,0,3627,43,2343
2020-07-26,Chile,17576779,Arica y Parinacota,226068,NA,NA,NA,NA,135,1,0,3862,47,2343
2020-07-28,Chile,17576779,Arica y Parinacota,226068,NA,NA,NA,NA,121,0,0,4060,51,2343
2020-07-30,Chile,17576779,Arica y Parinacota,226068,NA,NA,NA,NA,98,5,110,4257,56,3268
2020-08-01,Chile,17576779,Arica y Parinacota,226068,NA,NA,NA,NA,107,2,125,4450,60,3494
2020-08-03,Chile,17576779,Arica y Parinacota,226068,NA,NA,NA,NA,59,5,81,4584,68,3685
2020-08-05,Chile,17576779,Arica y Parinacota,226068,NA,NA,NA,NA,143,0,243,4727,68,3928
2020-08-07,Chile,17576779,Arica y Parinacota,226068,NA,NA,NA,NA,86,1,90,4911,74,4151
2020-08-09,Chile,17576779,Arica y Parinacota,226068,NA,NA,NA,NA,150,1,81,5138,77,4317
2020-08-11,Chile,17576779,Arica y Parinacota,226068,NA,NA,NA,NA,93,0,126,5334,78,4518
2020-08-13,Chile,17576779,Arica y Parinacota,226068,NA,NA,NA,NA,61,2,53,5512,80,4665
2020-08-15,Chile,17576779,Arica y Parinacota,226068,NA,NA,NA,NA,97,1,76,5692,82,4829
2020-02-26,Chile,17576779,Atacama,288944,NA,NA,NA,NA,NA,NA,NA,0,0,0
2020-02-28,Chile,17576779,Atacama,288944,NA,NA,NA,NA,0,0,0,0,0,0
2020-03-01,Chile,17576779,Atacama,288944,NA,NA,NA,NA,0,0,0,0,0,0
2020-03-03,Chile,17576779,Atacama,288944,NA,NA,NA,NA,0,0,0,0,0,0
2020-03-05,Chile,17576779,Atacama,288944,NA,NA,NA,NA,0,0,0,0,0,0
2020-03-07,Chile,17576779,Atacama,288944,NA,NA,NA,NA,0,0,0,0,0,0
2020-03-09,Chile,17576779,Atacama,288944,NA,NA,NA,NA,0,0,0,0,0,0
2020-03-11,Chile,17576779,Atacama,288944,NA,NA,NA,NA,0,0,0,0,0,0
2020-03-13,Chile,17576779,Atacama,288944,NA,NA,NA,NA,0,0,0,0,0,0
2020-03-15,Chile,17576779,Atacama,288944,NA,NA,NA,NA,0,0,0,1,0,0
2020-03-17,Chile,17576779,Atacama,288944,NA,NA,NA,NA,0,0,0,1,0,0
2020-03-19,Chile,17576779,Atacama,288944,NA,NA,NA,NA,0,0,0,1,0,0
2020-03-21,Chile,17576779,Atacama,288944,NA,NA,NA,NA,0,0,0,1,0,0
2020-03-23,Chile,17576779,Atacama,288944,NA,NA,NA,NA,0,0,0,1,0,0
2020-03-25,Chile,17576779,Atacama,288944,NA,NA,NA,NA,0,0,0,1,0,0
2020-03-27,Chile,17576779,Atacama,288944,NA,NA,NA,NA,0,0,0,1,0,0
2020-03-29,Chile,17576779,Atacama,288944,NA,NA,NA,NA,1,0,0,2,0,0
2020-03-31,Chile,17576779,Atacama,288944,NA,NA,NA,NA,0,0,0,2,0,0
2020-04-02,Chile,17576779,Atacama,288944,NA,NA,NA,NA,0,0,0,3,0,0
2020-04-04,Chile,17576779,Atacama,288944,NA,NA,NA,NA,0,0,0,5,0,0
2020-04-06,Chile,17576779,Atacama,288944,NA,NA,NA,NA,0,0,0,5,0,0
2020-04-08,Chile,17576779,Atacama,288944,NA,NA,NA,NA,2,0,0,8,0,0
2020-04-10,Chile,17576779,Atacama,288944,NA,NA,NA,NA,3,0,0,13,0,0
2020-04-12,Chile,17576779,Atacama,288944,NA,NA,NA,NA,0,0,0,13,0,0
2020-04-14,Chile,17576779,Atacama,288944,NA,NA,NA,NA,0,0,0,13,0,0
2020-04-16,Chile,17576779,Atacama,288944,NA,NA,NA,NA,0,0,0,13,0,0
2020-04-18,Chile,17576779,Atacama,288944,NA,NA,NA,NA,0,0,0,13,0,0
2020-04-20,Chile,17576779,Atacama,288944,NA,NA,NA,NA,0,0,0,13,0,0
2020-04-22,Chile,17576779,Atacama,288944,NA,NA,NA,NA,0,0,0,13,0,0
2020-04-24,Chile,17576779,Atacama,288944,NA,NA,NA,NA,3,0,0,21,0,0
2020-04-26,Chile,17576779,Atacama,288944,NA,NA,NA,NA,5,0,0,29,0,0
2020-04-28,Chile,17576779,Atacama,288944,NA,NA,NA,NA,0,0,0,35,0,0
2020-04-30,Chile,17576779,Atacama,288944,NA,NA,NA,NA,1,0,13,43,0,13
2020-05-02,Chile,17576779,Atacama,288944,NA,NA,NA,NA,16,0,0,59,0,13
2020-05-04,Chile,17576779,Atacama,288944,NA,NA,NA,NA,3,0,0,70,0,13
2020-05-06,Chile,17576779,Atacama,288944,NA,NA,NA,NA,2,0,0,80,0,13
2020-05-08,Chile,17576779,Atacama,288944,NA,NA,NA,NA,1,0,0,88,0,13
2020-05-10,Chile,17576779,Atacama,288944,NA,NA,NA,NA,7,0,0,124,0,13
2020-05-12,Chile,17576779,Atacama,288944,NA,NA,NA,NA,1,0,0,134,0,13
2020-05-14,Chile,17576779,Atacama,288944,NA,NA,NA,NA,1,0,0,140,0,13
2020-05-16,Chile,17576779,Atacama,288944,NA,NA,NA,NA,3,0,0,146,0,13
2020-05-18,Chile,17576779,Atacama,288944,NA,NA,NA,NA,8,0,0,157,0,13
2020-05-20,Chile,17576779,Atacama,288944,NA,NA,NA,NA,5,0,0,163,0,13
2020-05-22,Chile,17576779,Atacama,288944,NA,NA,NA,NA,7,0,0,175,0,13
2020-05-24,Chile,17576779,Atacama,288944,NA,NA,NA,NA,0,0,0,182,0,13
2020-05-26,Chile,17576779,Atacama,288944,NA,NA,NA,NA,3,0,0,188,0,13
2020-05-28,Chile,17576779,Atacama,288944,NA,NA,NA,NA,5,0,0,202,0,13
2020-05-30,Chile,17576779,Atacama,288944,NA,NA,NA,NA,8,0,0,215,0,13
2020-06-01,Chile,17576779,Atacama,288944,NA,NA,NA,NA,14,0,0,232,0,13
2020-06-03,Chile,17576779,Atacama,288944,NA,NA,NA,NA,6,0,0,242,0,13
2020-06-05,Chile,17576779,Atacama,288944,NA,NA,NA,NA,11,0,0,269,0,13
2020-06-07,Chile,17576779,Atacama,288944,NA,NA,NA,NA,25,0,0,306,0,13
2020-06-09,Chile,17576779,Atacama,288944,NA,NA,NA,NA,9,0,0,348,0,13
2020-06-11,Chile,17576779,Atacama,288944,NA,NA,NA,NA,24,0,0,389,0,13
2020-06-13,Chile,17576779,Atacama,288944,NA,NA,NA,NA,23,0,0,436,0,13
2020-06-15,Chile,17576779,Atacama,288944,NA,NA,NA,NA,36,0,0,484,0,13
2020-06-17,Chile,17576779,Atacama,288944,NA,NA,NA,NA,59,0,0,561,0,13
2020-06-19,Chile,17576779,Atacama,288944,NA,NA,NA,NA,37,0,0,623,0,13
2020-06-21,Chile,17576779,Atacama,288944,NA,NA,NA,NA,33,1,436,683,2,449
2020-06-23,Chile,17576779,Atacama,288944,NA,NA,NA,NA,29,0,24,747,2,494
2020-06-25,Chile,17576779,Atacama,288944,NA,NA,NA,NA,52,0,26,837,2,550
2020-06-27,Chile,17576779,Atacama,288944,NA,NA,NA,NA,38,0,42,925,2,629
2020-06-29,Chile,17576779,Atacama,288944,NA,NA,NA,NA,50,0,30,1006,2,691
2020-07-01,Chile,17576779,Atacama,288944,NA,NA,NA,NA,71,0,36,1114,2,770
2020-07-03,Chile,17576779,Atacama,288944,NA,NA,NA,NA,31,1,34,1166,3,826
2020-07-05,Chile,17576779,Atacama,288944,NA,NA,NA,NA,45,0,47,1253,5,930
2020-07-07,Chile,17576779,Atacama,288944,NA,NA,NA,NA,22,0,33,1323,5,1002
2020-07-09,Chile,17576779,Atacama,288944,NA,NA,NA,NA,72,0,0,1429,7,1002
2020-07-11,Chile,17576779,Atacama,288944,NA,NA,NA,NA,55,0,134,1522,9,1136
2020-07-13,Chile,17576779,Atacama,288944,NA,NA,NA,NA,57,0,28,1633,9,1185
2020-07-15,Chile,17576779,Atacama,288944,NA,NA,NA,NA,48,1,55,1722,10,1273
2020-07-17,Chile,17576779,Atacama,288944,NA,NA,NA,NA,2,0,0,1736,9,1301
2020-07-19,Chile,17576779,Atacama,288944,NA,NA,NA,NA,40,0,0,1857,9,1301
2020-07-21,Chile,17576779,Atacama,288944,NA,NA,NA,NA,63,0,0,1958,9,1301
2020-07-23,Chile,17576779,Atacama,288944,NA,NA,NA,NA,59,0,0,2048,9,1301
2020-07-25,Chile,17576779,Atacama,288944,NA,NA,NA,NA,74,0,0,2183,10,1301
2020-07-27,Chile,17576779,Atacama,288944,NA,NA,NA,NA,14,0,0,2353,12,1301
2020-07-29,Chile,17576779,Atacama,288944,NA,NA,NA,NA,62,0,571,2463,12,1872
2020-07-31,Chile,17576779,Atacama,288944,NA,NA,NA,NA,117,0,58,2697,12,1972
2020-08-02,Chile,17576779,Atacama,288944,NA,NA,NA,NA,99,1,72,2891,13,2124
2020-08-04,Chile,17576779,Atacama,288944,NA,NA,NA,NA,0,0,0,3024,13,2190
2020-08-06,Chile,17576779,Atacama,288944,NA,NA,NA,NA,60,2,80,3285,16,2461
2020-08-08,Chile,17576779,Atacama,288944,NA,NA,NA,NA,138,0,109,3551,19,2678
2020-08-10,Chile,17576779,Atacama,288944,NA,NA,NA,NA,304,2,107,3868,21,2841
2020-08-12,Chile,17576779,Atacama,288944,NA,NA,NA,NA,110,0,115,4108,21,3075
2020-08-14,Chile,17576779,Atacama,288944,NA,NA,NA,NA,117,1,118,4312,24,3311
2020-02-25,Chile,17576779,Aysen,103158,NA,NA,NA,NA,NA,NA,NA,0,0,0
2020-02-27,Chile,17576779,Aysen,103158,NA,NA,NA,NA,0,0,0,0,0,0
2020-02-29,Chile,17576779,Aysen,103158,NA,NA,NA,NA,0,0,0,0,0,0
2020-03-02,Chile,17576779,Aysen,103158,NA,NA,NA,NA,0,0,0,0,0,0
2020-03-04,Chile,17576779,Aysen,103158,NA,NA,NA,NA,0,0,0,0,0,0
2020-03-06,Chile,17576779,Aysen,103158,NA,NA,NA,NA,0,0,0,0,0,0
2020-03-08,Chile,17576779,Aysen,103158,NA,NA,NA,NA,0,0,0,0,0,0
2020-03-10,Chile,17576779,Aysen,103158,NA,NA,NA,NA,0,0,0,0,0,0
2020-03-12,Chile,17576779,Aysen,103158,NA,NA,NA,NA,0,0,0,0,0,0
2020-03-14,Chile,17576779,Aysen,103158,NA,NA,NA,NA,1,0,0,1,0,0
2020-03-16,Chile,17576779,Aysen,103158,NA,NA,NA,NA,0,0,0,1,0,0
2020-03-18,Chile,17576779,Aysen,103158,NA,NA,NA,NA,0,0,0,1,0,0
2020-03-20,Chile,17576779,Aysen,103158,NA,NA,NA,NA,0,0,0,1,0,0
2020-03-22,Chile,17576779,Aysen,103158,NA,NA,NA,NA,0,0,0,1,0,0
2020-03-24,Chile,17576779,Aysen,103158,NA,NA,NA,NA,0,0,0,1,0,0
2020-03-26,Chile,17576779,Aysen,103158,NA,NA,NA,NA,1,0,0,2,0,0
2020-03-28,Chile,17576779,Aysen,103158,NA,NA,NA,NA,0,0,0,2,0,0
2020-03-30,Chile,17576779,Aysen,103158,NA,NA,NA,NA,0,0,0,2,0,0
2020-04-01,Chile,17576779,Aysen,103158,NA,NA,NA,NA,1,0,0,3,0,0
2020-04-03,Chile,17576779,Aysen,103158,NA,NA,NA,NA,1,0,0,6,0,0
2020-04-05,Chile,17576779,Aysen,103158,NA,NA,NA,NA,1,0,0,7,0,0
2020-04-07,Chile,17576779,Aysen,103158,NA,NA,NA,NA,0,0,0,7,0,0
2020-04-09,Chile,17576779,Aysen,103158,NA,NA,NA,NA,0,0,0,7,0,0
2020-04-11,Chile,17576779,Aysen,103158,NA,NA,NA,NA,0,0,0,7,0,0
2020-04-13,Chile,17576779,Aysen,103158,NA,NA,NA,NA,0,0,0,7,0,0
2020-04-15,Chile,17576779,Aysen,103158,NA,NA,NA,NA,0,0,0,7,0,0
2020-04-17,Chile,17576779,Aysen,103158,NA,NA,NA,NA,0,0,0,7,0,0
2020-04-19,Chile,17576779,Aysen,103158,NA,NA,NA,NA,0,0,0,7,0,0
2020-04-21,Chile,17576779,Aysen,103158,NA,NA,NA,NA,0,0,0,7,0,0
2020-04-23,Chile,17576779,Aysen,103158,NA,NA,NA,NA,0,0,0,7,0,0
2020-04-25,Chile,17576779,Aysen,103158,NA,NA,NA,NA,0,0,0,7,0,0
2020-04-27,Chile,17576779,Aysen,103158,NA,NA,NA,NA,0,0,0,7,0,0
2020-04-29,Chile,17576779,Aysen,103158,NA,NA,NA,NA,0,0,0,7,0,0
2020-05-01,Chile,17576779,Aysen,103158,NA,NA,NA,NA,0,0,0,7,0,7
2020-05-03,Chile,17576779,Aysen,103158,NA,NA,NA,NA,0,0,0,7,0,7
2020-05-05,Chile,17576779,Aysen,103158,NA,NA,NA,NA,0,0,0,7,0,7
2020-05-07,Chile,17576779,Aysen,103158,NA,NA,NA,NA,1,0,0,8,0,7
2020-05-09,Chile,17576779,Aysen,103158,NA,NA,NA,NA,0,0,0,8,0,7
2020-05-11,Chile,17576779,Aysen,103158,NA,NA,NA,NA,0,0,0,8,0,7
2020-05-13,Chile,17576779,Aysen,103158,NA,NA,NA,NA,0,0,0,8,0,7
2020-05-15,Chile,17576779,Aysen,103158,NA,NA,NA,NA,0,0,0,8,0,7
2020-05-17,Chile,17576779,Aysen,103158,NA,NA,NA,NA,0,0,0,8,0,7
2020-05-19,Chile,17576779,Aysen,103158,NA,NA,NA,NA,0,0,0,8,0,7
2020-05-21,Chile,17576779,Aysen,103158,NA,NA,NA,NA,0,0,0,8,0,7
2020-05-23,Chile,17576779,Aysen,103158,NA,NA,NA,NA,0,0,0,8,0,7
2020-05-25,Chile,17576779,Aysen,103158,NA,NA,NA,NA,2,0,0,10,0,7
2020-05-27,Chile,17576779,Aysen,103158,NA,NA,NA,NA,0,0,0,12,0,7
2020-05-29,Chile,17576779,Aysen,103158,NA,NA,NA,NA,2,0,0,16,0,7
2020-05-31,Chile,17576779,Aysen,103158,NA,NA,NA,NA,1,0,0,17,0,7
2020-06-02,Chile,17576779,Aysen,103158,NA,NA,NA,NA,1,0,0,18,0,7
2020-06-04,Chile,17576779,Aysen,103158,NA,NA,NA,NA,1,0,0,19,0,7
2020-06-06,Chile,17576779,Aysen,103158,NA,NA,NA,NA,0,0,0,19,0,7
2020-06-08,Chile,17576779,Aysen,103158,NA,NA,NA,NA,1,0,0,21,0,7
2020-06-10,Chile,17576779,Aysen,103158,NA,NA,NA,NA,0,0,0,21,0,7
2020-06-12,Chile,17576779,Aysen,103158,NA,NA,NA,NA,0,0,0,22,0,7
2020-06-14,Chile,17576779,Aysen,103158,NA,NA,NA,NA,0,0,0,24,0,7
2020-06-16,Chile,17576779,Aysen,103158,NA,NA,NA,NA,0,0,0,26,0,7
2020-06-18,Chile,17576779,Aysen,103158,NA,NA,NA,NA,0,0,0,26,0,7
2020-06-20,Chile,17576779,Aysen,103158,NA,NA,NA,NA,1,0,0,28,0,7
2020-06-22,Chile,17576779,Aysen,103158,NA,NA,NA,NA,0,0,0,28,0,22
2020-06-24,Chile,17576779,Aysen,103158,NA,NA,NA,NA,0,0,1,28,0,24
2020-06-26,Chile,17576779,Aysen,103158,NA,NA,NA,NA,1,0,1,30,0,27
2020-06-28,Chile,17576779,Aysen,103158,NA,NA,NA,NA,6,0,1,41,0,27
2020-06-30,Chile,17576779,Aysen,103158,NA,NA,NA,NA,0,0,0,42,0,28
2020-07-02,Chile,17576779,Aysen,103158,NA,NA,NA,NA,4,0,1,46,0,29
2020-07-04,Chile,17576779,Aysen,103158,NA,NA,NA,NA,0,0,2,46,0,32
2020-07-06,Chile,17576779,Aysen,103158,NA,NA,NA,NA,0,0,0,48,0,35
2020-07-08,Chile,17576779,Aysen,103158,NA,NA,NA,NA,1,0,0,49,0,37
2020-07-10,Chile,17576779,Aysen,103158,NA,NA,NA,NA,1,0,0,50,0,37
2020-07-12,Chile,17576779,Aysen,103158,NA,NA,NA,NA,5,0,2,56,0,46
2020-07-14,Chile,17576779,Aysen,103158,NA,NA,NA,NA,0,0,0,58,0,46
2020-07-16,Chile,17576779,Aysen,103158,NA,NA,NA,NA,1,0,0,61,0,46
2020-07-18,Chile,17576779,Aysen,103158,NA,NA,NA,NA,0,0,0,69,1,46
2020-07-20,Chile,17576779,Aysen,103158,NA,NA,NA,NA,0,0,0,69,1,46
2020-07-22,Chile,17576779,Aysen,103158,NA,NA,NA,NA,0,0,0,69,1,46
2020-07-24,Chile,17576779,Aysen,103158,NA,NA,NA,NA,1,0,0,70,1,46
2020-07-26,Chile,17576779,Aysen,103158,NA,NA,NA,NA,0,0,0,72,1,46
2020-07-28,Chile,17576779,Aysen,103158,NA,NA,NA,NA,0,0,0,75,1,46
2020-07-30,Chile,17576779,Aysen,103158,NA,NA,NA,NA,0,0,0,77,1,69
2020-08-01,Chile,17576779,Aysen,103158,NA,NA,NA,NA,0,0,0,80,1,69
2020-08-03,Chile,17576779,Aysen,103158,NA,NA,NA,NA,0,0,0,83,1,70
2020-08-05,Chile,17576779,Aysen,103158,NA,NA,NA,NA,0,0,0,83,1,70
2020-08-07,Chile,17576779,Aysen,103158,NA,NA,NA,NA,2,0,0,86,1,73
2020-08-09,Chile,17576779,Aysen,103158,NA,NA,NA,NA,8,0,2,94,1,76
2020-08-11,Chile,17576779,Aysen,103158,NA,NA,NA,NA,0,0,3,95,1,79
2020-08-13,Chile,17576779,Aysen,103158,NA,NA,NA,NA,0,0,0,95,1,81
2020-08-15,Chile,17576779,Aysen,103158,NA,NA,NA,NA,1,0,1,96,1,84
2020-02-26,Chile,17576779,Biobio,1556805,NA,NA,NA,NA,NA,NA,NA,0,0,0
2020-02-28,Chile,17576779,Biobio,1556805,NA,NA,NA,NA,0,0,0,0,0,0
2020-03-01,Chile,17576779,Biobio,1556805,NA,NA,NA,NA,0,0,0,0,0,0
2020-03-03,Chile,17576779,Biobio,1556805,NA,NA,NA,NA,0,0,0,0,0,0
2020-03-05,Chile,17576779,Biobio,1556805,NA,NA,NA,NA,0,0,0,0,0,0
2020-03-07,Chile,17576779,Biobio,1556805,NA,NA,NA,NA,0,0,0,0,0,0
2020-03-09,Chile,17576779,Biobio,1556805,NA,NA,NA,NA,1,0,0,1,0,0
2020-03-11,Chile,17576779,Biobio,1556805,NA,NA,NA,NA,0,0,0,1,0,0
2020-03-13,Chile,17576779,Biobio,1556805,NA,NA,NA,NA,2,0,0,3,0,0
2020-03-15,Chile,17576779,Biobio,1556805,NA,NA,NA,NA,0,0,0,3,0,0
2020-03-17,Chile,17576779,Biobio,1556805,NA,NA,NA,NA,0,0,0,4,0,0
2020-03-19,Chile,17576779,Biobio,1556805,NA,NA,NA,NA,7,0,0,14,0,0
2020-03-21,Chile,17576779,Biobio,1556805,NA,NA,NA,NA,11,0,0,30,0,0
2020-03-23,Chile,17576779,Biobio,1556805,NA,NA,NA,NA,11,0,0,46,0,0
2020-03-25,Chile,17576779,Biobio,1556805,NA,NA,NA,NA,22,1,0,95,1,0
2020-03-27,Chile,17576779,Biobio,1556805,NA,NA,NA,NA,26,0,0,135,2,0
2020-03-29,Chile,17576779,Biobio,1556805,NA,NA,NA,NA,34,0,0,185,2,0
2020-03-31,Chile,17576779,Biobio,1556805,NA,NA,NA,NA,15,0,0,216,2,0
2020-04-02,Chile,17576779,Biobio,1556805,NA,NA,NA,NA,35,0,0,275,2,0
2020-04-04,Chile,17576779,Biobio,1556805,NA,NA,NA,NA,45,0,0,347,2,0
2020-04-06,Chile,17576779,Biobio,1556805,NA,NA,NA,NA,18,0,0,383,2,0
2020-04-08,Chile,17576779,Biobio,1556805,NA,NA,NA,NA,29,0,0,439,2,0
2020-04-10,Chile,17576779,Biobio,1556805,NA,NA,NA,NA,14,0,0,474,2,0
2020-04-12,Chile,17576779,Biobio,1556805,NA,NA,NA,NA,10,0,0,500,2,0
2020-04-14,Chile,17576779,Biobio,1556805,NA,NA,NA,NA,16,0,0,528,2,0
2020-04-16,Chile,17576779,Biobio,1556805,NA,NA,NA,NA,17,0,0,559,2,0
2020-04-18,Chile,17576779,Biobio,1556805,NA,NA,NA,NA,28,0,0,606,3,0
2020-04-20,Chile,17576779,Biobio,1556805,NA,NA,NA,NA,10,0,0,626,3,0
2020-04-22,Chile,17576779,Biobio,1556805,NA,NA,NA,NA,22,1,0,658,5,0
2020-04-24,Chile,17576779,Biobio,1556805,NA,NA,NA,NA,8,0,0,683,5,0
2020-04-26,Chile,17576779,Biobio,1556805,NA,NA,NA,NA,7,1,0,703,6,0
2020-04-28,Chile,17576779,Biobio,1556805,NA,NA,NA,NA,3,1,0,709,7,0
2020-04-30,Chile,17576779,Biobio,1556805,NA,NA,NA,NA,8,0,552,727,7,552
2020-05-02,Chile,17576779,Biobio,1556805,NA,NA,NA,NA,22,0,28,751,7,599
2020-05-04,Chile,17576779,Biobio,1556805,NA,NA,NA,NA,3,1,0,762,8,609
2020-05-06,Chile,17576779,Biobio,1556805,NA,NA,NA,NA,15,0,0,789,8,609
2020-05-08,Chile,17576779,Biobio,1556805,NA,NA,NA,NA,28,0,0,842,8,609
2020-05-10,Chile,17576779,Biobio,1556805,NA,NA,NA,NA,17,0,0,899,8,609
2020-05-12,Chile,17576779,Biobio,1556805,NA,NA,NA,NA,10,1,0,942,9,609
2020-05-14,Chile,17576779,Biobio,1556805,NA,NA,NA,NA,20,0,0,995,9,609
2020-05-16,Chile,17576779,Biobio,1556805,NA,NA,NA,NA,38,0,0,1074,9,609
2020-05-18,Chile,17576779,Biobio,1556805,NA,NA,NA,NA,45,0,0,1144,9,609
2020-05-20,Chile,17576779,Biobio,1556805,NA,NA,NA,NA,52,0,0,1224,9,609
2020-05-22,Chile,17576779,Biobio,1556805,NA,NA,NA,NA,48,1,0,1311,10,609
2020-05-24,Chile,17576779,Biobio,1556805,NA,NA,NA,NA,60,0,0,1414,10,609
2020-05-26,Chile,17576779,Biobio,1556805,NA,NA,NA,NA,44,0,0,1502,10,609
2020-05-28,Chile,17576779,Biobio,1556805,NA,NA,NA,NA,112,0,0,1677,10,609
2020-05-30,Chile,17576779,Biobio,1556805,NA,NA,NA,NA,110,0,0,1888,11,609
2020-06-01,Chile,17576779,Biobio,1556805,NA,NA,NA,NA,91,0,0,2070,11,609
2020-06-03,Chile,17576779,Biobio,1556805,NA,NA,NA,NA,133,0,0,2215,11,609
2020-06-05,Chile,17576779,Biobio,1556805,NA,NA,NA,NA,78,0,0,2379,13,609
2020-06-07,Chile,17576779,Biobio,1556805,NA,NA,NA,NA,105,0,0,2595,13,609
2020-06-09,Chile,17576779,Biobio,1556805,NA,NA,NA,NA,43,0,0,2694,11,609
2020-06-11,Chile,17576779,Biobio,1556805,NA,NA,NA,NA,128,1,0,2974,12,609
2020-06-13,Chile,17576779,Biobio,1556805,NA,NA,NA,NA,166,2,0,3269,16,609
2020-06-15,Chile,17576779,Biobio,1556805,NA,NA,NA,NA,59,1,0,3460,19,609
2020-06-17,Chile,17576779,Biobio,1556805,NA,NA,NA,NA,500,6,0,4015,25,609
2020-06-19,Chile,17576779,Biobio,1556805,NA,NA,NA,NA,218,3,0,4401,31,609
2020-06-21,Chile,17576779,Biobio,1556805,NA,NA,NA,NA,253,2,2580,4911,34,3189
2020-06-23,Chile,17576779,Biobio,1556805,NA,NA,NA,NA,170,0,143,5328,35,3473
2020-06-25,Chile,17576779,Biobio,1556805,NA,NA,NA,NA,238,2,153,5702,42,3789
2020-06-27,Chile,17576779,Biobio,1556805,NA,NA,NA,NA,181,1,190,6139,46,4140
2020-06-29,Chile,17576779,Biobio,1556805,NA,NA,NA,NA,197,0,179,6595,50,4502
2020-07-01,Chile,17576779,Biobio,1556805,NA,NA,NA,NA,148,0,213,6845,50,4951
2020-07-03,Chile,17576779,Biobio,1556805,NA,NA,NA,NA,180,1,200,7131,59,5370
2020-07-05,Chile,17576779,Biobio,1556805,NA,NA,NA,NA,194,3,234,7456,64,5812
2020-07-07,Chile,17576779,Biobio,1556805,NA,NA,NA,NA,102,0,194,7713,64,6149
2020-07-09,Chile,17576779,Biobio,1556805,NA,NA,NA,NA,164,2,0,7980,67,6149
2020-07-11,Chile,17576779,Biobio,1556805,NA,NA,NA,NA,144,4,757,8295,72,6906
2020-07-13,Chile,17576779,Biobio,1556805,NA,NA,NA,NA,130,0,126,8589,73,7159
2020-07-15,Chile,17576779,Biobio,1556805,NA,NA,NA,NA,112,5,155,8792,80,7456
2020-07-17,Chile,17576779,Biobio,1556805,NA,NA,NA,NA,156,13,0,9150,95,7621
2020-07-19,Chile,17576779,Biobio,1556805,NA,NA,NA,NA,141,1,0,9441,96,7621
2020-07-21,Chile,17576779,Biobio,1556805,NA,NA,NA,NA,105,1,0,9696,100,7621
2020-07-23,Chile,17576779,Biobio,1556805,NA,NA,NA,NA,169,1,0,9982,103,7621
2020-07-25,Chile,17576779,Biobio,1556805,NA,NA,NA,NA,206,1,0,10371,104,7621
2020-07-27,Chile,17576779,Biobio,1556805,NA,NA,NA,NA,144,1,0,10697,106,7621
2020-07-29,Chile,17576779,Biobio,1556805,NA,NA,NA,NA,144,4,1789,10980,111,9410
2020-07-31,Chile,17576779,Biobio,1556805,NA,NA,NA,NA,182,5,149,11317,119,9738
2020-08-02,Chile,17576779,Biobio,1556805,NA,NA,NA,NA,182,0,156,11675,120,10047
2020-08-04,Chile,17576779,Biobio,1556805,NA,NA,NA,NA,0,0,0,11820,124,10176
2020-08-06,Chile,17576779,Biobio,1556805,NA,NA,NA,NA,179,4,163,12271,131,10715
2020-08-08,Chile,17576779,Biobio,1556805,NA,NA,NA,NA,181,3,183,12679,135,11070
2020-08-10,Chile,17576779,Biobio,1556805,NA,NA,NA,NA,130,1,130,13021,140,11331
2020-08-12,Chile,17576779,Biobio,1556805,NA,NA,NA,NA,86,2,141,13260,145,11638
2020-08-14,Chile,17576779,Biobio,1556805,NA,NA,NA,NA,200,2,142,13684,154,11920
2020-02-25,Chile,17576779,Coquimbo,757586,NA,NA,NA,NA,NA,NA,NA,0,0,0
2020-02-27,Chile,17576779,Coquimbo,757586,NA,NA,NA,NA,0,0,0,0,0,0
2020-02-29,Chile,17576779,Coquimbo,757586,NA,NA,NA,NA,0,0,0,0,0,0
2020-03-02,Chile,17576779,Coquimbo,757586,NA,NA,NA,NA,0,0,0,0,0,0
2020-03-04,Chile,17576779,Coquimbo,757586,NA,NA,NA,NA,0,0,0,0,0,0
2020-03-06,Chile,17576779,Coquimbo,757586,NA,NA,NA,NA,0,0,0,0,0,0
2020-03-08,Chile,17576779,Coquimbo,757586,NA,NA,NA,NA,0,0,0,0,0,0
2020-03-10,Chile,17576779,Coquimbo,757586,NA,NA,NA,NA,0,0,0,0,0,0
2020-03-12,Chile,17576779,Coquimbo,757586,NA,NA,NA,NA,0,0,0,0,0,0
2020-03-14,Chile,17576779,Coquimbo,757586,NA,NA,NA,NA,0,0,0,0,0,0
2020-03-16,Chile,17576779,Coquimbo,757586,NA,NA,NA,NA,0,0,0,0,0,0
2020-03-18,Chile,17576779,Coquimbo,757586,NA,NA,NA,NA,0,0,0,0,0,0
2020-03-20,Chile,17576779,Coquimbo,757586,NA,NA,NA,NA,1,0,0,3,0,0
2020-03-22,Chile,17576779,Coquimbo,757586,NA,NA,NA,NA,2,0,0,5,0,0
2020-03-24,Chile,17576779,Coquimbo,757586,NA,NA,NA,NA,5,0,0,11,0,0
2020-03-26,Chile,17576779,Coquimbo,757586,NA,NA,NA,NA,1,0,0,13,0,0
2020-03-28,Chile,17576779,Coquimbo,757586,NA,NA,NA,NA,1,0,0,15,0,0
2020-03-30,Chile,17576779,Coquimbo,757586,NA,NA,NA,NA,9,0,0,27,0,0
2020-04-01,Chile,17576779,Coquimbo,757586,NA,NA,NA,NA,2,0,0,30,0,0
2020-04-03,Chile,17576779,Coquimbo,757586,NA,NA,NA,NA,1,0,0,35,0,0
2020-04-05,Chile,17576779,Coquimbo,757586,NA,NA,NA,NA,6,0,0,50,0,0
2020-04-07,Chile,17576779,Coquimbo,757586,NA,NA,NA,NA,1,0,0,52,0,0
2020-04-09,Chile,17576779,Coquimbo,757586,NA,NA,NA,NA,5,0,0,61,0,0
2020-04-11,Chile,17576779,Coquimbo,757586,NA,NA,NA,NA,3,0,0,64,0,0
2020-04-13,Chile,17576779,Coquimbo,757586,NA,NA,NA,NA,0,0,0,66,0,0
2020-04-15,Chile,17576779,Coquimbo,757586,NA,NA,NA,NA,0,0,0,66,0,0
2020-04-17,Chile,17576779,Coquimbo,757586,NA,NA,NA,NA,0,0,0,68,0,0
2020-04-19,Chile,17576779,Coquimbo,757586,NA,NA,NA,NA,0,0,0,68,0,0
2020-04-21,Chile,17576779,Coquimbo,757586,NA,NA,NA,NA,0,0,0,69,0,0
2020-04-23,Chile,17576779,Coquimbo,757586,NA,NA,NA,NA,0,0,0,70,0,0
2020-04-25,Chile,17576779,Coquimbo,757586,NA,NA,NA,NA,1,0,0,73,0,0
2020-04-27,Chile,17576779,Coquimbo,757586,NA,NA,NA,NA,1,0,0,74,0,0
2020-04-29,Chile,17576779,Coquimbo,757586,NA,NA,NA,NA,2,0,0,76,0,0
2020-05-01,Chile,17576779,Coquimbo,757586,NA,NA,NA,NA,1,0,0,77,0,68
2020-05-03,Chile,17576779,Coquimbo,757586,NA,NA,NA,NA,10,0,0,88,0,68
2020-05-05,Chile,17576779,Coquimbo,757586,NA,NA,NA,NA,6,0,0,97,0,68
2020-05-07,Chile,17576779,Coquimbo,757586,NA,NA,NA,NA,3,0,0,100,0,68
2020-05-09,Chile,17576779,Coquimbo,757586,NA,NA,NA,NA,18,0,0,129,0,68
2020-05-11,Chile,17576779,Coquimbo,757586,NA,NA,NA,NA,5,0,0,140,1,68
2020-05-13,Chile,17576779,Coquimbo,757586,NA,NA,NA,NA,5,0,0,153,1,68
2020-05-15,Chile,17576779,Coquimbo,757586,NA,NA,NA,NA,15,0,0,180,1,68
2020-05-17,Chile,17576779,Coquimbo,757586,NA,NA,NA,NA,7,0,0,194,2,68
2020-05-19,Chile,17576779,Coquimbo,757586,NA,NA,NA,NA,27,0,0,239,2,68
2020-05-21,Chile,17576779,Coquimbo,757586,NA,NA,NA,NA,5,0,0,268,2,68
2020-05-23,Chile,17576779,Coquimbo,757586,NA,NA,NA,NA,13,0,0,294,2,68
2020-05-25,Chile,17576779,Coquimbo,757586,NA,NA,NA,NA,15,0,0,338,2,68
2020-05-27,Chile,17576779,Coquimbo,757586,NA,NA,NA,NA,71,0,0,455,2,68
2020-05-29,Chile,17576779,Coquimbo,757586,NA,NA,NA,NA,55,0,0,537,2,68
2020-05-31,Chile,17576779,Coquimbo,757586,NA,NA,NA,NA,31,0,0,628,2,68
2020-06-02,Chile,17576779,Coquimbo,757586,NA,NA,NA,NA,19,0,0,687,2,68
2020-06-04,Chile,17576779,Coquimbo,757586,NA,NA,NA,NA,54,0,0,772,4,68
2020-06-06,Chile,17576779,Coquimbo,757586,NA,NA,NA,NA,66,0,0,898,5,68
2020-06-08,Chile,17576779,Coquimbo,757586,NA,NA,NA,NA,133,0,0,1123,5,68
2020-06-10,Chile,17576779,Coquimbo,757586,NA,NA,NA,NA,81,1,0,1256,6,68
2020-06-12,Chile,17576779,Coquimbo,757586,NA,NA,NA,NA,93,0,0,1438,7,68
2020-06-14,Chile,17576779,Coquimbo,757586,NA,NA,NA,NA,44,2,0,1556,10,68
2020-06-16,Chile,17576779,Coquimbo,757586,NA,NA,NA,NA,44,0,0,1720,10,68
2020-06-18,Chile,17576779,Coquimbo,757586,NA,NA,NA,NA,96,3,0,2076,15,68
2020-06-20,Chile,17576779,Coquimbo,757586,NA,NA,NA,NA,78,0,0,2273,16,68
2020-06-22,Chile,17576779,Coquimbo,757586,NA,NA,NA,NA,69,0,59,2428,17,1720
2020-06-24,Chile,17576779,Coquimbo,757586,NA,NA,NA,NA,54,1,97,2539,18,1891
2020-06-26,Chile,17576779,Coquimbo,757586,NA,NA,NA,NA,68,1,43,2705,23,2022
2020-06-28,Chile,17576779,Coquimbo,757586,NA,NA,NA,NA,76,0,72,2857,23,2166
2020-06-30,Chile,17576779,Coquimbo,757586,NA,NA,NA,NA,89,0,82,3050,23,2328
2020-07-02,Chile,17576779,Coquimbo,757586,NA,NA,NA,NA,51,1,75,3170,24,2503
2020-07-04,Chile,17576779,Coquimbo,757586,NA,NA,NA,NA,109,2,87,3333,26,2657
2020-07-06,Chile,17576779,Coquimbo,757586,NA,NA,NA,NA,111,0,48,3545,26,2787
2020-07-08,Chile,17576779,Coquimbo,757586,NA,NA,NA,NA,67,1,0,3688,27,2881
2020-07-10,Chile,17576779,Coquimbo,757586,NA,NA,NA,NA,139,0,0,3918,29,2881
2020-07-12,Chile,17576779,Coquimbo,757586,NA,NA,NA,NA,77,2,72,4103,33,3311
2020-07-14,Chile,17576779,Coquimbo,757586,NA,NA,NA,NA,13,0,58,4179,33,3428
2020-07-16,Chile,17576779,Coquimbo,757586,NA,NA,NA,NA,84,0,116,4361,42,3608
2020-07-18,Chile,17576779,Coquimbo,757586,NA,NA,NA,NA,148,3,0,4634,52,3608
2020-07-20,Chile,17576779,Coquimbo,757586,NA,NA,NA,NA,126,1,0,4918,54,3608
2020-07-22,Chile,17576779,Coquimbo,757586,NA,NA,NA,NA,73,0,0,5061,54,3608
2020-07-24,Chile,17576779,Coquimbo,757586,NA,NA,NA,NA,152,1,0,5360,60,3608
2020-07-26,Chile,17576779,Coquimbo,757586,NA,NA,NA,NA,163,0,0,5685,62,3608
2020-07-28,Chile,17576779,Coquimbo,757586,NA,NA,NA,NA,102,0,0,5913,63,3608
2020-07-30,Chile,17576779,Coquimbo,757586,NA,NA,NA,NA,104,3,125,6160,66,5114
2020-08-01,Chile,17576779,Coquimbo,757586,NA,NA,NA,NA,90,5,114,6423,74,5331
2020-08-03,Chile,17576779,Coquimbo,757586,NA,NA,NA,NA,82,1,91,6633,75,5524
2020-08-05,Chile,17576779,Coquimbo,757586,NA,NA,NA,NA,188,1,275,6821,76,5799
2020-08-07,Chile,17576779,Coquimbo,757586,NA,NA,NA,NA,121,1,125,7072,81,6023
2020-08-09,Chile,17576779,Coquimbo,757586,NA,NA,NA,NA,145,1,137,7312,84,6285
2020-08-11,Chile,17576779,Coquimbo,757586,NA,NA,NA,NA,102,3,164,7549,89,6525
2020-08-13,Chile,17576779,Coquimbo,757586,NA,NA,NA,NA,146,4,114,7777,93,6743
2020-08-15,Chile,17576779,Coquimbo,757586,NA,NA,NA,NA,176,1,111,8064,95,6968
2020-02-26,Chile,17576779,Los Lagos,828708,NA,NA,NA,NA,NA,NA,NA,0,0,0
2020-02-28,Chile,17576779,Los Lagos,828708,NA,NA,NA,NA,0,0,0,0,0,0
2020-03-01,Chile,17576779,Los Lagos,828708,NA,NA,NA,NA,0,0,0,0,0,0
2020-03-03,Chile,17576779,Los Lagos,828708,NA,NA,NA,NA,0,0,0,0,0,0
2020-03-05,Chile,17576779,Los Lagos,828708,NA,NA,NA,NA,0,0,0,0,0,0
2020-03-07,Chile,17576779,Los Lagos,828708,NA,NA,NA,NA,1,0,0,1,0,0
2020-03-09,Chile,17576779,Los Lagos,828708,NA,NA,NA,NA,0,0,0,1,0,0
2020-03-11,Chile,17576779,Los Lagos,828708,NA,NA,NA,NA,0,0,0,1,0,0
2020-03-13,Chile,17576779,Los Lagos,828708,NA,NA,NA,NA,0,0,0,1,0,0
2020-03-15,Chile,17576779,Los Lagos,828708,NA,NA,NA,NA,0,0,0,1,0,0
2020-03-17,Chile,17576779,Los Lagos,828708,NA,NA,NA,NA,0,0,0,1,0,0
2020-03-19,Chile,17576779,Los Lagos,828708,NA,NA,NA,NA,8,0,0,16,0,0
2020-03-21,Chile,17576779,Los Lagos,828708,NA,NA,NA,NA,2,0,0,20,0,0
2020-03-23,Chile,17576779,Los Lagos,828708,NA,NA,NA,NA,10,0,0,33,0,0
2020-03-25,Chile,17576779,Los Lagos,828708,NA,NA,NA,NA,8,0,0,44,0,0
2020-03-27,Chile,17576779,Los Lagos,828708,NA,NA,NA,NA,3,0,0,63,0,0
2020-03-29,Chile,17576779,Los Lagos,828708,NA,NA,NA,NA,11,0,0,104,0,0
2020-03-31,Chile,17576779,Los Lagos,828708,NA,NA,NA,NA,23,0,0,151,0,0
2020-04-02,Chile,17576779,Los Lagos,828708,NA,NA,NA,NA,22,0,0,203,0,0
2020-04-04,Chile,17576779,Los Lagos,828708,NA,NA,NA,NA,25,0,0,259,0,0
2020-04-06,Chile,17576779,Los Lagos,828708,NA,NA,NA,NA,10,1,0,286,2,0
2020-04-08,Chile,17576779,Los Lagos,828708,NA,NA,NA,NA,26,0,0,325,2,0
2020-04-10,Chile,17576779,Los Lagos,828708,NA,NA,NA,NA,9,0,0,349,2,0
2020-04-12,Chile,17576779,Los Lagos,828708,NA,NA,NA,NA,8,0,0,372,5,0
2020-04-14,Chile,17576779,Los Lagos,828708,NA,NA,NA,NA,5,0,0,385,5,0
2020-04-16,Chile,17576779,Los Lagos,828708,NA,NA,NA,NA,9,0,0,399,5,0
2020-04-18,Chile,17576779,Los Lagos,828708,NA,NA,NA,NA,4,0,0,416,6,0
2020-04-20,Chile,17576779,Los Lagos,828708,NA,NA,NA,NA,3,0,0,424,6,0
2020-04-22,Chile,17576779,Los Lagos,828708,NA,NA,NA,NA,13,0,0,445,6,0
2020-04-24,Chile,17576779,Los Lagos,828708,NA,NA,NA,NA,6,1,0,460,8,0
2020-04-26,Chile,17576779,Los Lagos,828708,NA,NA,NA,NA,8,0,0,473,8,0
2020-04-28,Chile,17576779,Los Lagos,828708,NA,NA,NA,NA,0,1,0,477,9,0
2020-04-30,Chile,17576779,Los Lagos,828708,NA,NA,NA,NA,6,1,389,487,10,389
2020-05-02,Chile,17576779,Los Lagos,828708,NA,NA,NA,NA,12,0,4,513,10,406
2020-05-04,Chile,17576779,Los Lagos,828708,NA,NA,NA,NA,7,0,0,524,10,411
2020-05-06,Chile,17576779,Los Lagos,828708,NA,NA,NA,NA,16,0,0,541,10,411
2020-05-08,Chile,17576779,Los Lagos,828708,NA,NA,NA,NA,3,0,0,548,10,411
2020-05-10,Chile,17576779,Los Lagos,828708,NA,NA,NA,NA,16,0,0,575,10,411
2020-05-12,Chile,17576779,Los Lagos,828708,NA,NA,NA,NA,2,1,0,594,11,411
2020-05-14,Chile,17576779,Los Lagos,828708,NA,NA,NA,NA,5,0,0,633,11,411
2020-05-16,Chile,17576779,Los Lagos,828708,NA,NA,NA,NA,3,0,0,644,11,411
2020-05-18,Chile,17576779,Los Lagos,828708,NA,NA,NA,NA,5,0,0,652,11,411
2020-05-20,Chile,17576779,Los Lagos,828708,NA,NA,NA,NA,10,0,0,666,12,411
2020-05-22,Chile,17576779,Los Lagos,828708,NA,NA,NA,NA,24,0,0,717,13,411
2020-05-24,Chile,17576779,Los Lagos,828708,NA,NA,NA,NA,9,0,0,736,13,411
2020-05-26,Chile,17576779,Los Lagos,828708,NA,NA,NA,NA,18,0,0,781,13,411
2020-05-28,Chile,17576779,Los Lagos,828708,NA,NA,NA,NA,23,0,0,814,13,411
2020-05-30,Chile,17576779,Los Lagos,828708,NA,NA,NA,NA,38,0,0,860,13,411
2020-06-01,Chile,17576779,Los Lagos,828708,NA,NA,NA,NA,0,0,0,863,13,411
2020-06-03,Chile,17576779,Los Lagos,828708,NA,NA,NA,NA,19,0,0,913,13,411
2020-06-05,Chile,17576779,Los Lagos,828708,NA,NA,NA,NA,42,0,0,968,13,411
2020-06-07,Chile,17576779,Los Lagos,828708,NA,NA,NA,NA,18,0,0,1003,13,411
2020-06-09,Chile,17576779,Los Lagos,828708,NA,NA,NA,NA,18,0,0,1028,12,411
2020-06-11,Chile,17576779,Los Lagos,828708,NA,NA,NA,NA,21,0,0,1062,12,411
2020-06-13,Chile,17576779,Los Lagos,828708,NA,NA,NA,NA,25,1,0,1108,13,411
2020-06-15,Chile,17576779,Los Lagos,828708,NA,NA,NA,NA,27,0,0,1168,13,411
2020-06-17,Chile,17576779,Los Lagos,828708,NA,NA,NA,NA,71,1,0,1249,14,411
2020-06-19,Chile,17576779,Los Lagos,828708,NA,NA,NA,NA,35,0,0,1298,14,411
2020-06-21,Chile,17576779,Los Lagos,828708,NA,NA,NA,NA,50,2,696,1385,17,1107
2020-06-23,Chile,17576779,Los Lagos,828708,NA,NA,NA,NA,29,0,35,1466,17,1164
2020-06-25,Chile,17576779,Los Lagos,828708,NA,NA,NA,NA,22,1,28,1505,19,1207
2020-06-27,Chile,17576779,Los Lagos,828708,NA,NA,NA,NA,32,0,27,1573,20,1269
2020-06-29,Chile,17576779,Los Lagos,828708,NA,NA,NA,NA,33,0,27,1642,21,1320
2020-07-01,Chile,17576779,Los Lagos,828708,NA,NA,NA,NA,28,0,35,1684,21,1384
2020-07-03,Chile,17576779,Los Lagos,828708,NA,NA,NA,NA,72,0,47,1806,21,1474
2020-07-05,Chile,17576779,Los Lagos,828708,NA,NA,NA,NA,74,0,23,1930,21,1528
2020-07-07,Chile,17576779,Los Lagos,828708,NA,NA,NA,NA,22,0,34,1978,21,1591
2020-07-09,Chile,17576779,Los Lagos,828708,NA,NA,NA,NA,52,1,0,2099,22,1591
2020-07-11,Chile,17576779,Los Lagos,828708,NA,NA,NA,NA,76,0,149,2222,22,1740
2020-07-13,Chile,17576779,Los Lagos,828708,NA,NA,NA,NA,45,0,47,2331,23,1833
2020-07-15,Chile,17576779,Los Lagos,828708,NA,NA,NA,NA,54,1,52,2456,24,1923
2020-07-17,Chile,17576779,Los Lagos,828708,NA,NA,NA,NA,65,5,0,2629,30,2028
2020-07-19,Chile,17576779,Los Lagos,828708,NA,NA,NA,NA,99,0,0,2761,32,2028
2020-07-21,Chile,17576779,Los Lagos,828708,NA,NA,NA,NA,75,0,0,2860,32,2028
2020-07-23,Chile,17576779,Los Lagos,828708,NA,NA,NA,NA,75,1,0,3008,33,2028
2020-07-25,Chile,17576779,Los Lagos,828708,NA,NA,NA,NA,132,0,0,3261,33,2028
2020-07-27,Chile,17576779,Los Lagos,828708,NA,NA,NA,NA,122,0,0,3524,34,2028
2020-07-29,Chile,17576779,Los Lagos,828708,NA,NA,NA,NA,67,0,816,3702,34,2844
2020-07-31,Chile,17576779,Los Lagos,828708,NA,NA,NA,NA,122,3,54,3907,39,2973
2020-08-02,Chile,17576779,Los Lagos,828708,NA,NA,NA,NA,132,1,99,4179,42,3141
2020-08-04,Chile,17576779,Los Lagos,828708,NA,NA,NA,NA,0,0,0,4241,42,3216
2020-08-06,Chile,17576779,Los Lagos,828708,NA,NA,NA,NA,96,6,86,4552,49,3476
2020-08-08,Chile,17576779,Los Lagos,828708,NA,NA,NA,NA,114,1,107,4804,52,3749
2020-08-10,Chile,17576779,Los Lagos,828708,NA,NA,NA,NA,72,0,64,5004,54,3903
2020-08-12,Chile,17576779,Los Lagos,828708,NA,NA,NA,NA,96,0,123,5149,54,4150
2020-08-14,Chile,17576779,Los Lagos,828708,NA,NA,NA,NA,102,2,126,5326,56,4366
2020-02-25,Chile,17576779,Los Rios,384837,NA,NA,NA,NA,NA,NA,NA,0,0,0
2020-02-27,Chile,17576779,Los Rios,384837,NA,NA,NA,NA,0,0,0,0,0,0
2020-02-29,Chile,17576779,Los Rios,384837,NA,NA,NA,NA,0,0,0,0,0,0
2020-03-02,Chile,17576779,Los Rios,384837,NA,NA,NA,NA,0,0,0,0,0,0
2020-03-04,Chile,17576779,Los Rios,384837,NA,NA,NA,NA,0,0,0,0,0,0
2020-03-06,Chile,17576779,Los Rios,384837,NA,NA,NA,NA,0,0,0,0,0,0
2020-03-08,Chile,17576779,Los Rios,384837,NA,NA,NA,NA,0,0,0,0,0,0
2020-03-10,Chile,17576779,Los Rios,384837,NA,NA,NA,NA,0,0,0,0,0,0
2020-03-12,Chile,17576779,Los Rios,384837,NA,NA,NA,NA,0,0,0,0,0,0
2020-03-14,Chile,17576779,Los Rios,384837,NA,NA,NA,NA,0,0,0,0,0,0
2020-03-16,Chile,17576779,Los Rios,384837,NA,NA,NA,NA,1,0,0,1,0,0
2020-03-18,Chile,17576779,Los Rios,384837,NA,NA,NA,NA,0,0,0,1,0,0
2020-03-20,Chile,17576779,Los Rios,384837,NA,NA,NA,NA,0,0,0,1,0,0
2020-03-22,Chile,17576779,Los Rios,384837,NA,NA,NA,NA,0,0,0,1,0,0
2020-03-24,Chile,17576779,Los Rios,384837,NA,NA,NA,NA,2,0,0,6,0,0
2020-03-26,Chile,17576779,Los Rios,384837,NA,NA,NA,NA,3,0,0,14,0,0
2020-03-28,Chile,17576779,Los Rios,384837,NA,NA,NA,NA,5,0,0,27,0,0
2020-03-30,Chile,17576779,Los Rios,384837,NA,NA,NA,NA,7,0,0,47,0,0
2020-04-01,Chile,17576779,Los Rios,384837,NA,NA,NA,NA,6,1,0,64,1,0
2020-04-03,Chile,17576779,Los Rios,384837,NA,NA,NA,NA,10,0,0,78,1,0
2020-04-05,Chile,17576779,Los Rios,384837,NA,NA,NA,NA,10,0,0,99,1,0
2020-04-07,Chile,17576779,Los Rios,384837,NA,NA,NA,NA,5,1,0,109,2,0
2020-04-09,Chile,17576779,Los Rios,384837,NA,NA,NA,NA,4,0,0,118,2,0
2020-04-11,Chile,17576779,Los Rios,384837,NA,NA,NA,NA,6,0,0,130,2,0
2020-04-13,Chile,17576779,Los Rios,384837,NA,NA,NA,NA,3,0,0,138,3,0
2020-04-15,Chile,17576779,Los Rios,384837,NA,NA,NA,NA,2,0,0,150,3,0
2020-04-17,Chile,17576779,Los Rios,384837,NA,NA,NA,NA,1,0,0,154,3,0
2020-04-19,Chile,17576779,Los Rios,384837,NA,NA,NA,NA,1,0,0,157,3,0
2020-04-21,Chile,17576779,Los Rios,384837,NA,NA,NA,NA,5,0,0,167,3,0
2020-04-23,Chile,17576779,Los Rios,384837,NA,NA,NA,NA,2,0,0,173,3,0
2020-04-25,Chile,17576779,Los Rios,384837,NA,NA,NA,NA,3,0,0,177,3,0
2020-04-27,Chile,17576779,Los Rios,384837,NA,NA,NA,NA,2,0,0,180,3,0
2020-04-29,Chile,17576779,Los Rios,384837,NA,NA,NA,NA,2,0,0,182,4,0
2020-05-01,Chile,17576779,Los Rios,384837,NA,NA,NA,NA,0,0,1,189,4,150
2020-05-03,Chile,17576779,Los Rios,384837,NA,NA,NA,NA,2,0,1,198,4,153
2020-05-05,Chile,17576779,Los Rios,384837,NA,NA,NA,NA,0,0,0,199,4,153
2020-05-07,Chile,17576779,Los Rios,384837,NA,NA,NA,NA,2,0,0,202,4,153
2020-05-09,Chile,17576779,Los Rios,384837,NA,NA,NA,NA,3,1,0,206,5,153
2020-05-11,Chile,17576779,Los Rios,384837,NA,NA,NA,NA,2,0,0,208,5,153
2020-05-13,Chile,17576779,Los Rios,384837,NA,NA,NA,NA,1,1,0,212,6,153
2020-05-15,Chile,17576779,Los Rios,384837,NA,NA,NA,NA,5,0,0,219,6,153
2020-05-17,Chile,17576779,Los Rios,384837,NA,NA,NA,NA,1,0,0,220,6,153
2020-05-19,Chile,17576779,Los Rios,384837,NA,NA,NA,NA,5,0,0,229,6,153
2020-05-21,Chile,17576779,Los Rios,384837,NA,NA,NA,NA,11,0,0,258,6,153
2020-05-23,Chile,17576779,Los Rios,384837,NA,NA,NA,NA,12,0,0,274,6,153
2020-05-25,Chile,17576779,Los Rios,384837,NA,NA,NA,NA,7,0,0,297,6,153
2020-05-27,Chile,17576779,Los Rios,384837,NA,NA,NA,NA,5,0,0,309,6,153
2020-05-29,Chile,17576779,Los Rios,384837,NA,NA,NA,NA,12,0,0,330,6,153
2020-05-31,Chile,17576779,Los Rios,384837,NA,NA,NA,NA,11,0,0,356,6,153
2020-06-02,Chile,17576779,Los Rios,384837,NA,NA,NA,NA,5,0,0,368,7,153
2020-06-04,Chile,17576779,Los Rios,384837,NA,NA,NA,NA,7,0,0,379,8,153
2020-06-06,Chile,17576779,Los Rios,384837,NA,NA,NA,NA,10,0,0,400,8,153
2020-06-08,Chile,17576779,Los Rios,384837,NA,NA,NA,NA,8,0,0,425,8,153
2020-06-10,Chile,17576779,Los Rios,384837,NA,NA,NA,NA,6,0,0,452,8,153
2020-06-12,Chile,17576779,Los Rios,384837,NA,NA,NA,NA,17,1,0,479,9,153
2020-06-14,Chile,17576779,Los Rios,384837,NA,NA,NA,NA,10,0,0,497,9,153
2020-06-16,Chile,17576779,Los Rios,384837,NA,NA,NA,NA,4,0,0,533,9,153
2020-06-18,Chile,17576779,Los Rios,384837,NA,NA,NA,NA,12,0,0,567,10,153
2020-06-20,Chile,17576779,Los Rios,384837,NA,NA,NA,NA,10,0,0,589,10,153
2020-06-22,Chile,17576779,Los Rios,384837,NA,NA,NA,NA,11,0,7,621,10,482
2020-06-24,Chile,17576779,Los Rios,384837,NA,NA,NA,NA,4,0,9,629,10,507
2020-06-26,Chile,17576779,Los Rios,384837,NA,NA,NA,NA,11,0,21,652,10,547
2020-06-28,Chile,17576779,Los Rios,384837,NA,NA,NA,NA,19,0,9,678,10,574
2020-06-30,Chile,17576779,Los Rios,384837,NA,NA,NA,NA,12,0,9,701,10,593
2020-07-02,Chile,17576779,Los Rios,384837,NA,NA,NA,NA,2,0,8,708,10,613
2020-07-04,Chile,17576779,Los Rios,384837,NA,NA,NA,NA,7,0,15,720,10,632
2020-07-06,Chile,17576779,Los Rios,384837,NA,NA,NA,NA,7,0,5,731,10,649
2020-07-08,Chile,17576779,Los Rios,384837,NA,NA,NA,NA,5,1,0,740,11,658
2020-07-10,Chile,17576779,Los Rios,384837,NA,NA,NA,NA,5,0,0,758,11,658
2020-07-12,Chile,17576779,Los Rios,384837,NA,NA,NA,NA,1,0,8,766,11,701
2020-07-14,Chile,17576779,Los Rios,384837,NA,NA,NA,NA,8,0,8,777,11,716
2020-07-16,Chile,17576779,Los Rios,384837,NA,NA,NA,NA,15,0,0,796,11,716
2020-07-18,Chile,17576779,Los Rios,384837,NA,NA,NA,NA,5,0,0,825,13,716
2020-07-20,Chile,17576779,Los Rios,384837,NA,NA,NA,NA,10,0,0,843,13,716
2020-07-22,Chile,17576779,Los Rios,384837,NA,NA,NA,NA,1,0,0,848,13,716
2020-07-24,Chile,17576779,Los Rios,384837,NA,NA,NA,NA,4,0,0,859,13,716
2020-07-26,Chile,17576779,Los Rios,384837,NA,NA,NA,NA,8,0,0,875,13,716
2020-07-28,Chile,17576779,Los Rios,384837,NA,NA,NA,NA,5,0,0,887,13,716
2020-07-30,Chile,17576779,Los Rios,384837,NA,NA,NA,NA,7,0,5,898,13,828
2020-08-01,Chile,17576779,Los Rios,384837,NA,NA,NA,NA,1,0,10,905,14,837
2020-08-03,Chile,17576779,Los Rios,384837,NA,NA,NA,NA,8,0,6,919,14,847
2020-08-05,Chile,17576779,Los Rios,384837,NA,NA,NA,NA,9,0,7,928,14,854
2020-08-07,Chile,17576779,Los Rios,384837,NA,NA,NA,NA,4,1,8,937,15,867
2020-08-09,Chile,17576779,Los Rios,384837,NA,NA,NA,NA,4,0,2,955,15,883
2020-08-11,Chile,17576779,Los Rios,384837,NA,NA,NA,NA,13,0,5,981,15,891
2020-08-13,Chile,17576779,Los Rios,384837,NA,NA,NA,NA,9,0,3,996,15,905
2020-08-15,Chile,17576779,Los Rios,384837,NA,NA,NA,NA,3,0,10,1005,15,920
2020-02-26,Chile,17576779,Magallanes,166533,NA,NA,NA,NA,NA,NA,NA,0,0,0
2020-02-28,Chile,17576779,Magallanes,166533,NA,NA,NA,NA,0,0,0,0,0,0
2020-03-01,Chile,17576779,Magallanes,166533,NA,NA,NA,NA,0,0,0,0,0,0
2020-03-03,Chile,17576779,Magallanes,166533,NA,NA,NA,NA,0,0,0,0,0,0
2020-03-05,Chile,17576779,Magallanes,166533,NA,NA,NA,NA,0,0,0,0,0,0
2020-03-07,Chile,17576779,Magallanes,166533,NA,NA,NA,NA,0,0,0,0,0,0
2020-03-09,Chile,17576779,Magallanes,166533,NA,NA,NA,NA,0,0,0,0,0,0
2020-03-11,Chile,17576779,Magallanes,166533,NA,NA,NA,NA,0,0,0,0,0,0
2020-03-13,Chile,17576779,Magallanes,166533,NA,NA,NA,NA,0,0,0,0,0,0
2020-03-15,Chile,17576779,Magallanes,166533,NA,NA,NA,NA,0,0,0,0,0,0
2020-03-17,Chile,17576779,Magallanes,166533,NA,NA,NA,NA,2,0,0,2,0,0
2020-03-19,Chile,17576779,Magallanes,166533,NA,NA,NA,NA,0,0,0,2,0,0
2020-03-21,Chile,17576779,Magallanes,166533,NA,NA,NA,NA,1,0,0,3,0,0
2020-03-23,Chile,17576779,Magallanes,166533,NA,NA,NA,NA,2,0,0,6,0,0
2020-03-25,Chile,17576779,Magallanes,166533,NA,NA,NA,NA,5,0,0,13,0,0
2020-03-27,Chile,17576779,Magallanes,166533,NA,NA,NA,NA,3,0,0,22,0,0
2020-03-29,Chile,17576779,Magallanes,166533,NA,NA,NA,NA,13,0,0,39,0,0
2020-03-31,Chile,17576779,Magallanes,166533,NA,NA,NA,NA,24,0,0,63,0,0
2020-04-02,Chile,17576779,Magallanes,166533,NA,NA,NA,NA,15,0,0,114,0,0
2020-04-04,Chile,17576779,Magallanes,166533,NA,NA,NA,NA,16,1,0,172,2,0
2020-04-06,Chile,17576779,Magallanes,166533,NA,NA,NA,NA,31,0,0,221,2,0
2020-04-08,Chile,17576779,Magallanes,166533,NA,NA,NA,NA,26,1,0,266,3,0
2020-04-10,Chile,17576779,Magallanes,166533,NA,NA,NA,NA,45,0,0,331,3,0
2020-04-12,Chile,17576779,Magallanes,166533,NA,NA,NA,NA,19,1,0,396,4,0
2020-04-14,Chile,17576779,Magallanes,166533,NA,NA,NA,NA,14,1,0,429,6,0
2020-04-16,Chile,17576779,Magallanes,166533,NA,NA,NA,NA,23,0,0,467,6,0
2020-04-18,Chile,17576779,Magallanes,166533,NA,NA,NA,NA,21,0,0,522,6,0
2020-04-20,Chile,17576779,Magallanes,166533,NA,NA,NA,NA,13,0,0,566,6,0
2020-04-22,Chile,17576779,Magallanes,166533,NA,NA,NA,NA,12,0,0,605,7,0
2020-04-24,Chile,17576779,Magallanes,166533,NA,NA,NA,NA,9,1,0,624,8,0
2020-04-26,Chile,17576779,Magallanes,166533,NA,NA,NA,NA,13,1,0,668,9,0
2020-04-28,Chile,17576779,Magallanes,166533,NA,NA,NA,NA,22,0,0,693,10,0
2020-04-30,Chile,17576779,Magallanes,166533,NA,NA,NA,NA,11,0,456,725,11,456
2020-05-02,Chile,17576779,Magallanes,166533,NA,NA,NA,NA,26,0,21,752,11,511
2020-05-04,Chile,17576779,Magallanes,166533,NA,NA,NA,NA,18,0,0,795,11,542
2020-05-06,Chile,17576779,Magallanes,166533,NA,NA,NA,NA,9,0,0,818,11,542
2020-05-08,Chile,17576779,Magallanes,166533,NA,NA,NA,NA,31,0,0,867,11,542
2020-05-10,Chile,17576779,Magallanes,166533,NA,NA,NA,NA,12,2,0,893,13,542
2020-05-12,Chile,17576779,Magallanes,166533,NA,NA,NA,NA,9,0,0,910,14,542
2020-05-14,Chile,17576779,Magallanes,166533,NA,NA,NA,NA,14,0,0,935,16,542
2020-05-16,Chile,17576779,Magallanes,166533,NA,NA,NA,NA,15,0,0,952,16,542
2020-05-18,Chile,17576779,Magallanes,166533,NA,NA,NA,NA,10,0,0,971,16,542
2020-05-20,Chile,17576779,Magallanes,166533,NA,NA,NA,NA,5,1,0,977,18,542
2020-05-22,Chile,17576779,Magallanes,166533,NA,NA,NA,NA,5,0,0,992,18,542
2020-05-24,Chile,17576779,Magallanes,166533,NA,NA,NA,NA,13,0,0,1010,18,542
2020-05-26,Chile,17576779,Magallanes,166533,NA,NA,NA,NA,15,0,0,1031,18,542
2020-05-28,Chile,17576779,Magallanes,166533,NA,NA,NA,NA,3,0,0,1040,18,542
2020-05-30,Chile,17576779,Magallanes,166533,NA,NA,NA,NA,7,0,0,1054,19,542
2020-06-01,Chile,17576779,Magallanes,166533,NA,NA,NA,NA,1,0,0,1057,19,542
2020-06-03,Chile,17576779,Magallanes,166533,NA,NA,NA,NA,3,0,0,1063,19,542
2020-06-05,Chile,17576779,Magallanes,166533,NA,NA,NA,NA,3,0,0,1072,19,542
2020-06-07,Chile,17576779,Magallanes,166533,NA,NA,NA,NA,1,0,0,1082,19,542
2020-06-09,Chile,17576779,Magallanes,166533,NA,NA,NA,NA,0,0,0,1088,15,542
2020-06-11,Chile,17576779,Magallanes,166533,NA,NA,NA,NA,13,0,0,1102,15,542
2020-06-13,Chile,17576779,Magallanes,166533,NA,NA,NA,NA,16,0,0,1123,15,542
2020-06-15,Chile,17576779,Magallanes,166533,NA,NA,NA,NA,32,0,0,1185,15,542
2020-06-17,Chile,17576779,Magallanes,166533,NA,NA,NA,NA,74,0,0,1284,15,542
2020-06-19,Chile,17576779,Magallanes,166533,NA,NA,NA,NA,9,0,0,1302,15,542
2020-06-21,Chile,17576779,Magallanes,166533,NA,NA,NA,NA,20,0,620,1335,15,1162
2020-06-23,Chile,17576779,Magallanes,166533,NA,NA,NA,NA,11,0,9,1363,15,1176
2020-06-25,Chile,17576779,Magallanes,166533,NA,NA,NA,NA,22,0,8,1385,15,1191
2020-06-27,Chile,17576779,Magallanes,166533,NA,NA,NA,NA,26,0,43,1423,15,1253
2020-06-29,Chile,17576779,Magallanes,166533,NA,NA,NA,NA,5,0,8,1440,15,1293
2020-07-01,Chile,17576779,Magallanes,166533,NA,NA,NA,NA,9,0,13,1461,15,1310
2020-07-03,Chile,17576779,Magallanes,166533,NA,NA,NA,NA,11,0,14,1476,15,1342
2020-07-05,Chile,17576779,Magallanes,166533,NA,NA,NA,NA,7,0,16,1486,15,1373
2020-07-07,Chile,17576779,Magallanes,166533,NA,NA,NA,NA,3,0,20,1504,15,1398
2020-07-09,Chile,17576779,Magallanes,166533,NA,NA,NA,NA,13,0,0,1520,17,1398
2020-07-11,Chile,17576779,Magallanes,166533,NA,NA,NA,NA,12,0,41,1545,17,1439
2020-07-13,Chile,17576779,Magallanes,166533,NA,NA,NA,NA,8,0,3,1563,17,1453
2020-07-15,Chile,17576779,Magallanes,166533,NA,NA,NA,NA,9,1,8,1587,18,1468
2020-07-17,Chile,17576779,Magallanes,166533,NA,NA,NA,NA,3,10,0,1592,28,1469
2020-07-19,Chile,17576779,Magallanes,166533,NA,NA,NA,NA,6,0,0,1606,28,1469
2020-07-21,Chile,17576779,Magallanes,166533,NA,NA,NA,NA,3,0,0,1612,28,1469
2020-07-23,Chile,17576779,Magallanes,166533,NA,NA,NA,NA,7,0,0,1627,28,1469
2020-07-25,Chile,17576779,Magallanes,166533,NA,NA,NA,NA,3,0,0,1634,28,1469
2020-07-27,Chile,17576779,Magallanes,166533,NA,NA,NA,NA,14,0,0,1657,28,1469
2020-07-29,Chile,17576779,Magallanes,166533,NA,NA,NA,NA,4,0,100,1687,28,1569
2020-07-31,Chile,17576779,Magallanes,166533,NA,NA,NA,NA,19,0,9,1762,28,1607
2020-08-02,Chile,17576779,Magallanes,166533,NA,NA,NA,NA,24,0,6,1806,28,1622
2020-08-04,Chile,17576779,Magallanes,166533,NA,NA,NA,NA,0,0,0,1829,29,1627
2020-08-06,Chile,17576779,Magallanes,166533,NA,NA,NA,NA,43,0,9,1934,29,1672
2020-08-08,Chile,17576779,Magallanes,166533,NA,NA,NA,NA,50,0,18,1992,30,1702
2020-08-10,Chile,17576779,Magallanes,166533,NA,NA,NA,NA,55,0,18,2073,30,1751
2020-08-12,Chile,17576779,Magallanes,166533,NA,NA,NA,NA,19,0,17,2128,30,1787
2020-08-14,Chile,17576779,Magallanes,166533,NA,NA,NA,NA,50,0,25,2196,30,1839
2020-02-25,Chile,17576779,Maule,1044950,NA,NA,NA,NA,NA,NA,NA,0,0,0
2020-02-27,Chile,17576779,Maule,1044950,NA,NA,NA,NA,0,0,0,0,0,0
2020-02-29,Chile,17576779,Maule,1044950,NA,NA,NA,NA,0,0,0,0,0,0
2020-03-02,Chile,17576779,Maule,1044950,NA,NA,NA,NA,0,0,0,0,0,0
2020-03-04,Chile,17576779,Maule,1044950,NA,NA,NA,NA,0,0,0,0,0,0
2020-03-06,Chile,17576779,Maule,1044950,NA,NA,NA,NA,2,0,0,2,0,0
2020-03-08,Chile,17576779,Maule,1044950,NA,NA,NA,NA,1,0,0,3,0,0
2020-03-10,Chile,17576779,Maule,1044950,NA,NA,NA,NA,1,0,0,5,0,0
2020-03-12,Chile,17576779,Maule,1044950,NA,NA,NA,NA,1,0,0,7,0,0
2020-03-14,Chile,17576779,Maule,1044950,NA,NA,NA,NA,1,0,0,9,0,0
2020-03-16,Chile,17576779,Maule,1044950,NA,NA,NA,NA,0,0,0,9,0,0
2020-03-18,Chile,17576779,Maule,1044950,NA,NA,NA,NA,2,0,0,11,0,0
2020-03-20,Chile,17576779,Maule,1044950,NA,NA,NA,NA,0,0,0,14,0,0
2020-03-22,Chile,17576779,Maule,1044950,NA,NA,NA,NA,10,0,0,25,0,0
2020-03-24,Chile,17576779,Maule,1044950,NA,NA,NA,NA,1,0,0,29,0,0
2020-03-26,Chile,17576779,Maule,1044950,NA,NA,NA,NA,1,0,0,31,0,0
2020-03-28,Chile,17576779,Maule,1044950,NA,NA,NA,NA,5,0,0,37,0,0
2020-03-30,Chile,17576779,Maule,1044950,NA,NA,NA,NA,12,1,0,54,1,0
2020-04-01,Chile,17576779,Maule,1044950,NA,NA,NA,NA,9,0,0,71,1,0
2020-04-03,Chile,17576779,Maule,1044950,NA,NA,NA,NA,7,0,0,89,1,0
2020-04-05,Chile,17576779,Maule,1044950,NA,NA,NA,NA,6,0,0,103,1,0
2020-04-07,Chile,17576779,Maule,1044950,NA,NA,NA,NA,0,1,0,108,2,0
2020-04-09,Chile,17576779,Maule,1044950,NA,NA,NA,NA,9,0,0,128,2,0
2020-04-11,Chile,17576779,Maule,1044950,NA,NA,NA,NA,3,1,0,134,3,0
2020-04-13,Chile,17576779,Maule,1044950,NA,NA,NA,NA,3,0,0,141,3,0
2020-04-15,Chile,17576779,Maule,1044950,NA,NA,NA,NA,10,0,0,152,4,0
2020-04-17,Chile,17576779,Maule,1044950,NA,NA,NA,NA,56,3,0,223,7,0
2020-04-19,Chile,17576779,Maule,1044950,NA,NA,NA,NA,26,0,0,302,8,0
2020-04-21,Chile,17576779,Maule,1044950,NA,NA,NA,NA,12,0,0,316,10,0
2020-04-23,Chile,17576779,Maule,1044950,NA,NA,NA,NA,5,0,0,333,10,0
2020-04-25,Chile,17576779,Maule,1044950,NA,NA,NA,NA,1,0,0,350,10,0
2020-04-27,Chile,17576779,Maule,1044950,NA,NA,NA,NA,9,1,0,363,12,0
2020-04-29,Chile,17576779,Maule,1044950,NA,NA,NA,NA,8,1,0,392,13,0
2020-05-01,Chile,17576779,Maule,1044950,NA,NA,NA,NA,1,0,56,394,13,210
2020-05-03,Chile,17576779,Maule,1044950,NA,NA,NA,NA,1,0,26,397,13,289
2020-05-05,Chile,17576779,Maule,1044950,NA,NA,NA,NA,9,0,0,408,13,289
2020-05-07,Chile,17576779,Maule,1044950,NA,NA,NA,NA,6,0,0,414,13,289
2020-05-09,Chile,17576779,Maule,1044950,NA,NA,NA,NA,7,1,0,432,14,289
2020-05-11,Chile,17576779,Maule,1044950,NA,NA,NA,NA,13,0,0,454,14,289
2020-05-13,Chile,17576779,Maule,1044950,NA,NA,NA,NA,19,0,0,485,14,289
2020-05-15,Chile,17576779,Maule,1044950,NA,NA,NA,NA,21,0,0,540,14,289
2020-05-17,Chile,17576779,Maule,1044950,NA,NA,NA,NA,22,0,0,573,14,289
2020-05-19,Chile,17576779,Maule,1044950,NA,NA,NA,NA,38,0,0,640,14,289
2020-05-21,Chile,17576779,Maule,1044950,NA,NA,NA,NA,51,1,0,731,15,289
2020-05-23,Chile,17576779,Maule,1044950,NA,NA,NA,NA,41,0,0,823,15,289
2020-05-25,Chile,17576779,Maule,1044950,NA,NA,NA,NA,61,0,0,953,15,289
2020-05-27,Chile,17576779,Maule,1044950,NA,NA,NA,NA,53,0,0,1066,15,289
2020-05-29,Chile,17576779,Maule,1044950,NA,NA,NA,NA,60,0,0,1180,15,289
2020-05-31,Chile,17576779,Maule,1044950,NA,NA,NA,NA,41,0,0,1297,15,289
2020-06-02,Chile,17576779,Maule,1044950,NA,NA,NA,NA,40,0,0,1381,17,289
2020-06-04,Chile,17576779,Maule,1044950,NA,NA,NA,NA,137,2,0,1732,21,289
2020-06-06,Chile,17576779,Maule,1044950,NA,NA,NA,NA,135,0,0,1969,24,289
2020-06-08,Chile,17576779,Maule,1044950,NA,NA,NA,NA,67,0,0,2176,18,289
2020-06-10,Chile,17576779,Maule,1044950,NA,NA,NA,NA,151,0,0,2440,18,289
2020-06-12,Chile,17576779,Maule,1044950,NA,NA,NA,NA,131,0,0,2691,19,289
2020-06-14,Chile,17576779,Maule,1044950,NA,NA,NA,NA,153,3,0,2997,23,289
2020-06-16,Chile,17576779,Maule,1044950,NA,NA,NA,NA,98,0,0,3189,23,289
2020-06-18,Chile,17576779,Maule,1044950,NA,NA,NA,NA,206,1,0,3592,25,289
2020-06-20,Chile,17576779,Maule,1044950,NA,NA,NA,NA,151,5,0,3958,32,289
2020-06-22,Chile,17576779,Maule,1044950,NA,NA,NA,NA,145,0,130,4355,33,3035
2020-06-24,Chile,17576779,Maule,1044950,NA,NA,NA,NA,153,3,137,4657,36,3359
2020-06-26,Chile,17576779,Maule,1044950,NA,NA,NA,NA,181,3,114,5013,39,3638
2020-06-28,Chile,17576779,Maule,1044950,NA,NA,NA,NA,140,7,126,5322,48,3897
2020-06-30,Chile,17576779,Maule,1044950,NA,NA,NA,NA,86,0,177,5549,48,4205
2020-07-02,Chile,17576779,Maule,1044950,NA,NA,NA,NA,103,5,141,5820,53,4526
2020-07-04,Chile,17576779,Maule,1044950,NA,NA,NA,NA,170,6,157,6144,65,4838
2020-07-06,Chile,17576779,Maule,1044950,NA,NA,NA,NA,113,3,110,6378,73,5100
2020-07-08,Chile,17576779,Maule,1044950,NA,NA,NA,NA,86,5,0,6581,78,5251
2020-07-10,Chile,17576779,Maule,1044950,NA,NA,NA,NA,133,5,0,6833,86,5251
2020-07-12,Chile,17576779,Maule,1044950,NA,NA,NA,NA,107,3,136,7053,94,5900
2020-07-14,Chile,17576779,Maule,1044950,NA,NA,NA,NA,85,0,96,7241,94,6104
2020-07-16,Chile,17576779,Maule,1044950,NA,NA,NA,NA,121,3,124,7462,99,6363
2020-07-18,Chile,17576779,Maule,1044950,NA,NA,NA,NA,80,2,0,7683,127,6363
2020-07-20,Chile,17576779,Maule,1044950,NA,NA,NA,NA,67,4,0,7884,131,6363
2020-07-22,Chile,17576779,Maule,1044950,NA,NA,NA,NA,76,0,0,8085,131,6363
2020-07-24,Chile,17576779,Maule,1044950,NA,NA,NA,NA,112,1,0,8312,136,6363
2020-07-26,Chile,17576779,Maule,1044950,NA,NA,NA,NA,122,9,0,8574,154,6363
2020-07-28,Chile,17576779,Maule,1044950,NA,NA,NA,NA,45,4,0,8718,164,6363
2020-07-30,Chile,17576779,Maule,1044950,NA,NA,NA,NA,113,10,89,8943,174,7804
2020-08-01,Chile,17576779,Maule,1044950,NA,NA,NA,NA,61,2,102,9103,178,7994
2020-08-03,Chile,17576779,Maule,1044950,NA,NA,NA,NA,73,11,89,9278,193,8182
2020-08-05,Chile,17576779,Maule,1044950,NA,NA,NA,NA,150,0,220,9428,193,8402
2020-08-07,Chile,17576779,Maule,1044950,NA,NA,NA,NA,115,2,82,9639,197,8624
2020-08-09,Chile,17576779,Maule,1044950,NA,NA,NA,NA,97,0,96,9852,203,8808
2020-08-11,Chile,17576779,Maule,1044950,NA,NA,NA,NA,64,0,93,9983,203,8959
2020-08-13,Chile,17576779,Maule,1044950,NA,NA,NA,NA,37,12,15,10095,215,9054
2020-08-15,Chile,17576779,Maule,1044950,NA,NA,NA,NA,98,2,92,10292,218,9230
2020-02-26,Chile,17576779,Nuble,480609,NA,NA,NA,NA,NA,NA,NA,0,0,0
2020-02-28,Chile,17576779,Nuble,480609,NA,NA,NA,NA,0,0,0,0,0,0
2020-03-01,Chile,17576779,Nuble,480609,NA,NA,NA,NA,0,0,0,0,0,0
2020-03-03,Chile,17576779,Nuble,480609,NA,NA,NA,NA,0,0,0,0,0,0
2020-03-05,Chile,17576779,Nuble,480609,NA,NA,NA,NA,0,0,0,0,0,0
2020-03-07,Chile,17576779,Nuble,480609,NA,NA,NA,NA,0,0,0,0,0,0
2020-03-09,Chile,17576779,Nuble,480609,NA,NA,NA,NA,0,0,0,0,0,0
2020-03-11,Chile,17576779,Nuble,480609,NA,NA,NA,NA,0,0,0,0,0,0
2020-03-13,Chile,17576779,Nuble,480609,NA,NA,NA,NA,1,0,0,2,0,0
2020-03-15,Chile,17576779,Nuble,480609,NA,NA,NA,NA,0,0,0,4,0,0
2020-03-17,Chile,17576779,Nuble,480609,NA,NA,NA,NA,14,0,0,26,0,0
2020-03-19,Chile,17576779,Nuble,480609,NA,NA,NA,NA,2,0,0,28,0,0
2020-03-21,Chile,17576779,Nuble,480609,NA,NA,NA,NA,14,0,0,58,0,0
2020-03-23,Chile,17576779,Nuble,480609,NA,NA,NA,NA,17,0,0,81,0,0
2020-03-25,Chile,17576779,Nuble,480609,NA,NA,NA,NA,6,0,0,111,0,0
2020-03-27,Chile,17576779,Nuble,480609,NA,NA,NA,NA,30,0,0,144,0,0
2020-03-29,Chile,17576779,Nuble,480609,NA,NA,NA,NA,25,0,0,197,0,0
2020-03-31,Chile,17576779,Nuble,480609,NA,NA,NA,NA,16,0,0,245,0,0
2020-04-02,Chile,17576779,Nuble,480609,NA,NA,NA,NA,82,0,0,341,0,0
2020-04-04,Chile,17576779,Nuble,480609,NA,NA,NA,NA,31,1,0,401,2,0
2020-04-06,Chile,17576779,Nuble,480609,NA,NA,NA,NA,49,1,0,474,4,0
2020-04-08,Chile,17576779,Nuble,480609,NA,NA,NA,NA,39,0,0,561,5,0
2020-04-10,Chile,17576779,Nuble,480609,NA,NA,NA,NA,18,0,0,589,6,0
2020-04-12,Chile,17576779,Nuble,480609,NA,NA,NA,NA,7,1,0,613,7,0
2020-04-14,Chile,17576779,Nuble,480609,NA,NA,NA,NA,4,1,0,622,8,0
2020-04-16,Chile,17576779,Nuble,480609,NA,NA,NA,NA,5,2,0,639,10,0
2020-04-18,Chile,17576779,Nuble,480609,NA,NA,NA,NA,11,1,0,667,12,0
2020-04-20,Chile,17576779,Nuble,480609,NA,NA,NA,NA,9,0,0,687,13,0
2020-04-22,Chile,17576779,Nuble,480609,NA,NA,NA,NA,9,0,0,703,13,0
2020-04-24,Chile,17576779,Nuble,480609,NA,NA,NA,NA,7,1,0,715,14,0
2020-04-26,Chile,17576779,Nuble,480609,NA,NA,NA,NA,6,0,0,731,14,0
2020-04-28,Chile,17576779,Nuble,480609,NA,NA,NA,NA,6,0,0,747,14,0
2020-04-30,Chile,17576779,Nuble,480609,NA,NA,NA,NA,7,0,625,768,14,625
2020-05-02,Chile,17576779,Nuble,480609,NA,NA,NA,NA,8,2,9,776,16,651
2020-05-04,Chile,17576779,Nuble,480609,NA,NA,NA,NA,1,1,0,787,17,662
2020-05-06,Chile,17576779,Nuble,480609,NA,NA,NA,NA,2,0,0,791,17,662
2020-05-08,Chile,17576779,Nuble,480609,NA,NA,NA,NA,1,1,0,794,18,662
2020-05-10,Chile,17576779,Nuble,480609,NA,NA,NA,NA,11,0,0,812,18,662
2020-05-12,Chile,17576779,Nuble,480609,NA,NA,NA,NA,12,1,0,826,19,662
2020-05-14,Chile,17576779,Nuble,480609,NA,NA,NA,NA,10,1,0,849,20,662
2020-05-16,Chile,17576779,Nuble,480609,NA,NA,NA,NA,36,0,0,921,20,662
2020-05-18,Chile,17576779,Nuble,480609,NA,NA,NA,NA,43,1,0,985,21,662
2020-05-20,Chile,17576779,Nuble,480609,NA,NA,NA,NA,23,0,0,1011,21,662
2020-05-22,Chile,17576779,Nuble,480609,NA,NA,NA,NA,5,0,0,1025,21,662
2020-05-24,Chile,17576779,Nuble,480609,NA,NA,NA,NA,25,0,0,1102,21,662
2020-05-26,Chile,17576779,Nuble,480609,NA,NA,NA,NA,8,0,0,1147,22,662
2020-05-28,Chile,17576779,Nuble,480609,NA,NA,NA,NA,31,0,0,1205,22,662
2020-05-30,Chile,17576779,Nuble,480609,NA,NA,NA,NA,14,1,0,1256,23,662
2020-06-01,Chile,17576779,Nuble,480609,NA,NA,NA,NA,33,0,0,1290,23,662
2020-06-03,Chile,17576779,Nuble,480609,NA,NA,NA,NA,39,1,0,1329,24,662
2020-06-05,Chile,17576779,Nuble,480609,NA,NA,NA,NA,57,0,0,1429,24,662
2020-06-07,Chile,17576779,Nuble,480609,NA,NA,NA,NA,20,1,0,1490,25,662
2020-06-09,Chile,17576779,Nuble,480609,NA,NA,NA,NA,32,0,0,1584,18,662
2020-06-11,Chile,17576779,Nuble,480609,NA,NA,NA,NA,57,0,0,1673,20,662
2020-06-13,Chile,17576779,Nuble,480609,NA,NA,NA,NA,19,2,0,1737,22,662
2020-06-15,Chile,17576779,Nuble,480609,NA,NA,NA,NA,54,0,0,1832,22,662
2020-06-17,Chile,17576779,Nuble,480609,NA,NA,NA,NA,77,2,0,1929,24,662
2020-06-19,Chile,17576779,Nuble,480609,NA,NA,NA,NA,129,1,0,2103,25,662
2020-06-21,Chile,17576779,Nuble,480609,NA,NA,NA,NA,24,1,1010,2159,28,1672
2020-06-23,Chile,17576779,Nuble,480609,NA,NA,NA,NA,14,0,43,2195,28,1759
2020-06-25,Chile,17576779,Nuble,480609,NA,NA,NA,NA,14,1,43,2233,30,1833
2020-06-27,Chile,17576779,Nuble,480609,NA,NA,NA,NA,43,0,38,2317,31,1906
2020-06-29,Chile,17576779,Nuble,480609,NA,NA,NA,NA,21,0,34,2384,32,1984
2020-07-01,Chile,17576779,Nuble,480609,NA,NA,NA,NA,17,0,57,2414,32,2092
2020-07-03,Chile,17576779,Nuble,480609,NA,NA,NA,NA,43,0,29,2490,33,2179
2020-07-05,Chile,17576779,Nuble,480609,NA,NA,NA,NA,44,0,32,2577,33,2245
2020-07-07,Chile,17576779,Nuble,480609,NA,NA,NA,NA,23,0,30,2640,33,2289
2020-07-09,Chile,17576779,Nuble,480609,NA,NA,NA,NA,82,1,0,2782,36,2289
2020-07-11,Chile,17576779,Nuble,480609,NA,NA,NA,NA,71,1,128,2909,38,2417
2020-07-13,Chile,17576779,Nuble,480609,NA,NA,NA,NA,24,0,28,2989,40,2477
2020-07-15,Chile,17576779,Nuble,480609,NA,NA,NA,NA,19,0,31,3032,40,2546
2020-07-17,Chile,17576779,Nuble,480609,NA,NA,NA,NA,15,12,0,3095,52,2323
2020-07-19,Chile,17576779,Nuble,480609,NA,NA,NA,NA,29,0,0,3222,53,2323
2020-07-21,Chile,17576779,Nuble,480609,NA,NA,NA,NA,23,0,0,3273,54,2323
2020-07-23,Chile,17576779,Nuble,480609,NA,NA,NA,NA,37,2,0,3323,56,2323
2020-07-25,Chile,17576779,Nuble,480609,NA,NA,NA,NA,21,1,0,3370,60,2323
2020-07-27,Chile,17576779,Nuble,480609,NA,NA,NA,NA,59,0,0,3436,60,2323
2020-07-29,Chile,17576779,Nuble,480609,NA,NA,NA,NA,30,0,822,3479,60,3145
2020-07-31,Chile,17576779,Nuble,480609,NA,NA,NA,NA,25,1,34,3529,62,3212
2020-08-02,Chile,17576779,Nuble,480609,NA,NA,NA,NA,27,0,19,3583,62,3262
2020-08-04,Chile,17576779,Nuble,480609,NA,NA,NA,NA,0,0,0,3603,63,3282
2020-08-06,Chile,17576779,Nuble,480609,NA,NA,NA,NA,12,2,17,3656,65,3373
2020-08-08,Chile,17576779,Nuble,480609,NA,NA,NA,NA,49,1,39,3752,69,3428
2020-08-10,Chile,17576779,Nuble,480609,NA,NA,NA,NA,39,0,16,3823,69,3471
2020-08-12,Chile,17576779,Nuble,480609,NA,NA,NA,NA,36,0,33,3879,69,3533
2020-08-14,Chile,17576779,Nuble,480609,NA,NA,NA,NA,32,1,18,3942,71,3578
2020-02-25,Chile,17576779,O'Higgins,914555,NA,NA,NA,NA,NA,NA,NA,0,0,0
2020-02-27,Chile,17576779,O'Higgins,914555,NA,NA,NA,NA,0,0,0,0,0,0
2020-02-29,Chile,17576779,O'Higgins,914555,NA,NA,NA,NA,0,0,0,0,0,0
2020-03-02,Chile,17576779,O'Higgins,914555,NA,NA,NA,NA,0,0,0,0,0,0
2020-03-04,Chile,17576779,O'Higgins,914555,NA,NA,NA,NA,0,0,0,0,0,0
2020-03-06,Chile,17576779,O'Higgins,914555,NA,NA,NA,NA,0,0,0,0,0,0
2020-03-08,Chile,17576779,O'Higgins,914555,NA,NA,NA,NA,0,0,0,0,0,0
2020-03-10,Chile,17576779,O'Higgins,914555,NA,NA,NA,NA,0,0,0,0,0,0
2020-03-12,Chile,17576779,O'Higgins,914555,NA,NA,NA,NA,0,0,0,0,0,0
2020-03-14,Chile,17576779,O'Higgins,914555,NA,NA,NA,NA,0,0,0,0,0,0
2020-03-16,Chile,17576779,O'Higgins,914555,NA,NA,NA,NA,0,0,0,0,0,0
2020-03-18,Chile,17576779,O'Higgins,914555,NA,NA,NA,NA,0,0,0,0,0,0
2020-03-20,Chile,17576779,O'Higgins,914555,NA,NA,NA,NA,4,0,0,6,0,0
2020-03-22,Chile,17576779,O'Higgins,914555,NA,NA,NA,NA,1,0,0,8,0,0
2020-03-24,Chile,17576779,O'Higgins,914555,NA,NA,NA,NA,1,0,0,9,0,0
2020-03-26,Chile,17576779,O'Higgins,914555,NA,NA,NA,NA,3,0,0,14,0,0
2020-03-28,Chile,17576779,O'Higgins,914555,NA,NA,NA,NA,4,0,0,20,0,0
2020-03-30,Chile,17576779,O'Higgins,914555,NA,NA,NA,NA,0,0,0,21,0,0
2020-04-01,Chile,17576779,O'Higgins,914555,NA,NA,NA,NA,3,0,0,26,0,0
2020-04-03,Chile,17576779,O'Higgins,914555,NA,NA,NA,NA,1,0,0,33,0,0
2020-04-05,Chile,17576779,O'Higgins,914555,NA,NA,NA,NA,3,0,0,41,0,0
2020-04-07,Chile,17576779,O'Higgins,914555,NA,NA,NA,NA,0,0,0,42,0,0
2020-04-09,Chile,17576779,O'Higgins,914555,NA,NA,NA,NA,1,0,0,44,0,0
2020-04-11,Chile,17576779,O'Higgins,914555,NA,NA,NA,NA,1,0,0,45,0,0
2020-04-13,Chile,17576779,O'Higgins,914555,NA,NA,NA,NA,2,0,0,48,0,0
2020-04-15,Chile,17576779,O'Higgins,914555,NA,NA,NA,NA,1,0,0,54,0,0
2020-04-17,Chile,17576779,O'Higgins,914555,NA,NA,NA,NA,1,0,0,55,0,0
2020-04-19,Chile,17576779,O'Higgins,914555,NA,NA,NA,NA,0,0,0,55,0,0
2020-04-21,Chile,17576779,O'Higgins,914555,NA,NA,NA,NA,1,1,0,57,1,0
2020-04-23,Chile,17576779,O'Higgins,914555,NA,NA,NA,NA,17,0,0,76,1,0
2020-04-25,Chile,17576779,O'Higgins,914555,NA,NA,NA,NA,4,0,0,85,1,0
2020-04-27,Chile,17576779,O'Higgins,914555,NA,NA,NA,NA,2,0,0,94,1,0
2020-04-29,Chile,17576779,O'Higgins,914555,NA,NA,NA,NA,7,0,0,104,1,0
2020-05-01,Chile,17576779,O'Higgins,914555,NA,NA,NA,NA,1,0,1,109,1,54
2020-05-03,Chile,17576779,O'Higgins,914555,NA,NA,NA,NA,5,0,0,125,3,52
2020-05-05,Chile,17576779,O'Higgins,914555,NA,NA,NA,NA,5,0,0,136,3,52
2020-05-07,Chile,17576779,O'Higgins,914555,NA,NA,NA,NA,6,0,0,151,3,52
2020-05-09,Chile,17576779,O'Higgins,914555,NA,NA,NA,NA,15,0,0,182,3,52
2020-05-11,Chile,17576779,O'Higgins,914555,NA,NA,NA,NA,21,1,0,216,4,52
2020-05-13,Chile,17576779,O'Higgins,914555,NA,NA,NA,NA,24,0,0,248,4,52
2020-05-15,Chile,17576779,O'Higgins,914555,NA,NA,NA,NA,28,1,0,323,5,52
2020-05-17,Chile,17576779,O'Higgins,914555,NA,NA,NA,NA,37,0,0,366,5,52
2020-05-19,Chile,17576779,O'Higgins,914555,NA,NA,NA,NA,24,1,0,442,7,52
2020-05-21,Chile,17576779,O'Higgins,914555,NA,NA,NA,NA,10,0,0,465,7,52
2020-05-23,Chile,17576779,O'Higgins,914555,NA,NA,NA,NA,26,3,0,518,11,52
2020-05-25,Chile,17576779,O'Higgins,914555,NA,NA,NA,NA,34,2,0,588,13,52
2020-05-27,Chile,17576779,O'Higgins,914555,NA,NA,NA,NA,37,1,0,691,14,52
2020-05-29,Chile,17576779,O'Higgins,914555,NA,NA,NA,NA,40,0,0,745,14,52
2020-05-31,Chile,17576779,O'Higgins,914555,NA,NA,NA,NA,29,2,0,785,18,52
2020-06-02,Chile,17576779,O'Higgins,914555,NA,NA,NA,NA,30,0,0,843,18,52
2020-06-04,Chile,17576779,O'Higgins,914555,NA,NA,NA,NA,36,1,0,967,21,52
2020-06-06,Chile,17576779,O'Higgins,914555,NA,NA,NA,NA,95,3,0,1111,25,52
2020-06-08,Chile,17576779,O'Higgins,914555,NA,NA,NA,NA,72,0,0,1255,22,52
2020-06-10,Chile,17576779,O'Higgins,914555,NA,NA,NA,NA,125,3,0,1442,26,52
2020-06-12,Chile,17576779,O'Higgins,914555,NA,NA,NA,NA,77,2,0,1629,30,52
2020-06-14,Chile,17576779,O'Higgins,914555,NA,NA,NA,NA,139,1,0,1927,33,52
2020-06-16,Chile,17576779,O'Higgins,914555,NA,NA,NA,NA,209,0,0,2221,35,52
2020-06-18,Chile,17576779,O'Higgins,914555,NA,NA,NA,NA,220,3,0,3017,44,52
2020-06-20,Chile,17576779,O'Higgins,914555,NA,NA,NA,NA,302,4,0,3613,50,52
2020-06-22,Chile,17576779,O'Higgins,914555,NA,NA,NA,NA,234,0,126,4186,52,2493
2020-06-24,Chile,17576779,O'Higgins,914555,NA,NA,NA,NA,249,7,109,4610,59,2769
2020-06-26,Chile,17576779,O'Higgins,914555,NA,NA,NA,NA,268,2,162,5136,65,3077
2020-06-28,Chile,17576779,O'Higgins,914555,NA,NA,NA,NA,284,1,203,5606,69,3460
2020-06-30,Chile,17576779,O'Higgins,914555,NA,NA,NA,NA,237,0,257,6081,69,3926
2020-07-02,Chile,17576779,O'Higgins,914555,NA,NA,NA,NA,200,8,241,6445,77,4390
2020-07-04,Chile,17576779,O'Higgins,914555,NA,NA,NA,NA,234,6,244,6859,89,4854
2020-07-06,Chile,17576779,O'Higgins,914555,NA,NA,NA,NA,187,0,229,7255,92,5339
2020-07-08,Chile,17576779,O'Higgins,914555,NA,NA,NA,NA,99,12,0,7567,104,5605
2020-07-10,Chile,17576779,O'Higgins,914555,NA,NA,NA,NA,308,4,0,8069,113,5605
2020-07-12,Chile,17576779,O'Higgins,914555,NA,NA,NA,NA,128,4,175,8338,123,6620
2020-07-14,Chile,17576779,O'Higgins,914555,NA,NA,NA,NA,152,0,170,8639,123,6970
2020-07-16,Chile,17576779,O'Higgins,914555,NA,NA,NA,NA,232,5,284,8987,139,7453
2020-07-18,Chile,17576779,O'Higgins,914555,NA,NA,NA,NA,86,8,0,9249,172,7453
2020-07-20,Chile,17576779,O'Higgins,914555,NA,NA,NA,NA,106,10,0,9472,183,7453
2020-07-22,Chile,17576779,O'Higgins,914555,NA,NA,NA,NA,129,0,0,9688,183,7453
2020-07-24,Chile,17576779,O'Higgins,914555,NA,NA,NA,NA,162,4,0,9979,201,7453
2020-07-26,Chile,17576779,O'Higgins,914555,NA,NA,NA,NA,111,9,0,10194,218,7453
2020-07-28,Chile,17576779,O'Higgins,914555,NA,NA,NA,NA,39,0,0,10328,220,7453
2020-07-30,Chile,17576779,O'Higgins,914555,NA,NA,NA,NA,104,8,112,10519,228,9411
2020-08-01,Chile,17576779,O'Higgins,914555,NA,NA,NA,NA,88,2,128,10699,238,9634
2020-08-03,Chile,17576779,O'Higgins,914555,NA,NA,NA,NA,86,8,79,10877,252,9829
2020-08-05,Chile,17576779,O'Higgins,914555,NA,NA,NA,NA,108,0,204,10985,252,10033
2020-08-07,Chile,17576779,O'Higgins,914555,NA,NA,NA,NA,132,3,84,11220,263,10190
2020-08-09,Chile,17576779,O'Higgins,914555,NA,NA,NA,NA,100,5,75,11540,270,10350
2020-08-11,Chile,17576779,O'Higgins,914555,NA,NA,NA,NA,107,1,103,11728,281,10508
2020-08-13,Chile,17576779,O'Higgins,914555,NA,NA,NA,NA,107,9,86,11950,290,10690
2020-08-15,Chile,17576779,O'Higgins,914555,NA,NA,NA,NA,62,4,95,12097,299,10879
2020-02-26,Chile,17576779,Santiago,7112808,NA,NA,NA,NA,NA,NA,NA,0,0,0
2020-02-28,Chile,17576779,Santiago,7112808,NA,NA,NA,NA,0,0,0,0,0,0
2020-03-01,Chile,17576779,Santiago,7112808,NA,NA,NA,NA,0,0,0,0,0,0
2020-03-03,Chile,17576779,Santiago,7112808,NA,NA,NA,NA,0,0,0,0,0,0
2020-03-05,Chile,17576779,Santiago,7112808,NA,NA,NA,NA,0,0,0,0,0,0
2020-03-07,Chile,17576779,Santiago,7112808,NA,NA,NA,NA,1,0,0,4,0,0
2020-03-09,Chile,17576779,Santiago,7112808,NA,NA,NA,NA,1,0,0,7,0,0
2020-03-11,Chile,17576779,Santiago,7112808,NA,NA,NA,NA,3,0,0,13,0,0
2020-03-13,Chile,17576779,Santiago,7112808,NA,NA,NA,NA,6,0,0,29,0,0
2020-03-15,Chile,17576779,Santiago,7112808,NA,NA,NA,NA,14,0,0,54,0,0
2020-03-17,Chile,17576779,Santiago,7112808,NA,NA,NA,NA,29,0,0,152,0,0
2020-03-19,Chile,17576779,Santiago,7112808,NA,NA,NA,NA,73,0,0,247,0,0
2020-03-21,Chile,17576779,Santiago,7112808,NA,NA,NA,NA,55,1,0,359,1,0
2020-03-23,Chile,17576779,Santiago,7112808,NA,NA,NA,NA,50,0,0,459,1,0
2020-03-25,Chile,17576779,Santiago,7112808,NA,NA,NA,NA,142,0,0,682,2,0
2020-03-27,Chile,17576779,Santiago,7112808,NA,NA,NA,NA,192,1,0,938,3,0
2020-03-29,Chile,17576779,Santiago,7112808,NA,NA,NA,NA,83,0,0,1167,3,0
2020-03-31,Chile,17576779,Santiago,7112808,NA,NA,NA,NA,125,1,0,1420,4,0
2020-04-02,Chile,17576779,Santiago,7112808,NA,NA,NA,NA,115,1,0,1636,6,0
2020-04-04,Chile,17576779,Santiago,7112808,NA,NA,NA,NA,215,1,0,1957,9,0
2020-04-06,Chile,17576779,Santiago,7112808,NA,NA,NA,NA,142,0,0,2244,10,0
2020-04-08,Chile,17576779,Santiago,7112808,NA,NA,NA,NA,198,2,0,2548,14,0
2020-04-10,Chile,17576779,Santiago,7112808,NA,NA,NA,NA,361,8,0,3193,29,0
2020-04-12,Chile,17576779,Santiago,7112808,NA,NA,NA,NA,151,3,0,3599,35,0
2020-04-14,Chile,17576779,Santiago,7112808,NA,NA,NA,NA,283,4,0,4086,40,0
2020-04-16,Chile,17576779,Santiago,7112808,NA,NA,NA,NA,348,7,0,4682,48,0
2020-04-18,Chile,17576779,Santiago,7112808,NA,NA,NA,NA,277,7,0,5192,58,0
2020-04-20,Chile,17576779,Santiago,7112808,NA,NA,NA,NA,262,4,0,5643,67,0
2020-04-22,Chile,17576779,Santiago,7112808,NA,NA,NA,NA,295,9,0,6083,78,0
2020-04-24,Chile,17576779,Santiago,7112808,NA,NA,NA,NA,327,1,0,6761,86,0
2020-04-26,Chile,17576779,Santiago,7112808,NA,NA,NA,NA,331,2,0,7496,91,0
2020-04-28,Chile,17576779,Santiago,7112808,NA,NA,NA,NA,442,5,0,8300,100,0
2020-04-30,Chile,17576779,Santiago,7112808,NA,NA,NA,NA,736,6,4572,9625,110,4572
2020-05-02,Chile,17576779,Santiago,7112808,NA,NA,NA,NA,1145,8,269,11661,122,5070
2020-05-04,Chile,17576779,Santiago,7112808,NA,NA,NA,NA,872,8,0,13528,143,5246
2020-05-06,Chile,17576779,Santiago,7112808,NA,NA,NA,NA,875,4,0,15582,150,5246
2020-05-08,Chile,17576779,Santiago,7112808,NA,NA,NA,NA,1151,5,0,17979,157,5246
2020-05-10,Chile,17576779,Santiago,7112808,NA,NA,NA,NA,1396,3,0,20353,166,5246
2020-05-12,Chile,17576779,Santiago,7112808,NA,NA,NA,NA,1392,6,0,22709,178,5246
2020-05-14,Chile,17576779,Santiago,7112808,NA,NA,NA,NA,2251,18,0,27216,202,5246
2020-05-16,Chile,17576779,Santiago,7112808,NA,NA,NA,NA,1518,25,0,30794,246,5246
2020-05-18,Chile,17576779,Santiago,7112808,NA,NA,NA,NA,1767,24,0,34451,294,5246
2020-05-20,Chile,17576779,Santiago,7112808,NA,NA,NA,NA,3588,30,0,41179,348,5246
2020-05-22,Chile,17576779,Santiago,7112808,NA,NA,NA,NA,3709,35,0,48350,423,5246
2020-05-24,Chile,17576779,Santiago,7112808,NA,NA,NA,NA,3145,39,0,54544,494,5246
2020-05-26,Chile,17576779,Santiago,7112808,NA,NA,NA,NA,3355,38,0,62285,567,5246
2020-05-28,Chile,17576779,Santiago,7112808,NA,NA,NA,NA,3904,43,0,69915,638,5246
2020-05-30,Chile,17576779,Santiago,7112808,NA,NA,NA,NA,3341,43,0,76251,728,5246
2020-06-01,Chile,17576779,Santiago,7112808,NA,NA,NA,NA,4735,49,0,85239,824,5246
2020-06-03,Chile,17576779,Santiago,7112808,NA,NA,NA,NA,3997,67,0,92191,961,5246
2020-06-05,Chile,17576779,Santiago,7112808,NA,NA,NA,NA,3176,71,0,99066,1105,5246
2020-06-07,Chile,17576779,Santiago,7112808,NA,NA,NA,NA,5268,89,0,108462,1273,5246
2020-06-09,Chile,17576779,Santiago,7112808,NA,NA,NA,NA,2990,18,0,115126,1968,5246
2020-06-11,Chile,17576779,Santiago,7112808,NA,NA,NA,NA,4389,158,0,124135,2273,5246
2020-06-13,Chile,17576779,Santiago,7112808,NA,NA,NA,NA,5057,213,0,134751,2681,5246
2020-06-15,Chile,17576779,Santiago,7112808,NA,NA,NA,NA,3882,35,0,144280,2913,5246
2020-06-17,Chile,17576779,Santiago,7112808,NA,NA,NA,NA,32230,180,0,180532,3114,5246
2020-06-19,Chile,17576779,Santiago,7112808,NA,NA,NA,NA,4421,226,0,187974,3545,5246
2020-06-21,Chile,17576779,Santiago,7112808,NA,NA,NA,NA,3789,155,160453,195366,3870,165699
2020-06-23,Chile,17576779,Santiago,7112808,NA,NA,NA,NA,2469,3,3700,200861,3895,173099
2020-06-25,Chile,17576779,Santiago,7112808,NA,NA,NA,NA,3035,141,2883,206246,4206,179297
2020-06-27,Chile,17576779,Santiago,7112808,NA,NA,NA,NA,2957,242,3159,211819,4584,185252
2020-06-29,Chile,17576779,Santiago,7112808,NA,NA,NA,NA,2508,66,2633,216896,4777,190643
2020-07-01,Chile,17576779,Santiago,7112808,NA,NA,NA,NA,1316,65,2639,220467,4954,196637
2020-07-03,Chile,17576779,Santiago,7112808,NA,NA,NA,NA,2072,90,2682,223892,5145,201731
2020-07-05,Chile,17576779,Santiago,7112808,NA,NA,NA,NA,2080,77,2082,228208,5328,206383
2020-07-07,Chile,17576779,Santiago,7112808,NA,NA,NA,NA,1315,50,2315,231171,5451,210879
2020-07-09,Chile,17576779,Santiago,7112808,NA,NA,NA,NA,1687,77,0,233845,5610,210879
2020-07-11,Chile,17576779,Santiago,7112808,NA,NA,NA,NA,1329,73,7453,236699,5746,218332
2020-07-13,Chile,17576779,Santiago,7112808,NA,NA,NA,NA,1431,44,1512,239791,5858,221396
2020-07-15,Chile,17576779,Santiago,7112808,NA,NA,NA,NA,690,59,1542,241345,5957,224417
2020-07-17,Chile,17576779,Santiago,7112808,NA,NA,NA,NA,1501,831,0,244073,6858,226198
2020-07-19,Chile,17576779,Santiago,7112808,NA,NA,NA,NA,822,51,0,245983,6975,226198
2020-07-21,Chile,17576779,Santiago,7112808,NA,NA,NA,NA,676,43,0,247622,7096,226198
2020-07-23,Chile,17576779,Santiago,7112808,NA,NA,NA,NA,1003,59,0,249355,7192,226198
2020-07-25,Chile,17576779,Santiago,7112808,NA,NA,NA,NA,897,62,0,251317,7303,226198
2020-07-27,Chile,17576779,Santiago,7112808,NA,NA,NA,NA,906,47,0,253028,7400,226198
2020-07-29,Chile,17576779,Santiago,7112808,NA,NA,NA,NA,666,33,13727,254354,7477,239925
2020-07-31,Chile,17576779,Santiago,7112808,NA,NA,NA,NA,821,39,663,255841,7554,241434
2020-08-02,Chile,17576779,Santiago,7112808,NA,NA,NA,NA,766,50,687,257394,7649,243047
2020-08-04,Chile,17576779,Santiago,7112808,NA,NA,NA,NA,0,0,0,258080,7700,243639
2020-08-06,Chile,17576779,Santiago,7112808,NA,NA,NA,NA,698,34,671,259922,7808,245947
2020-08-08,Chile,17576779,Santiago,7112808,NA,NA,NA,NA,704,24,738,261361,7871,247423
2020-08-10,Chile,17576779,Santiago,7112808,NA,NA,NA,NA,591,37,545,262647,7946,248572
2020-08-12,Chile,17576779,Santiago,7112808,NA,NA,NA,NA,472,20,683,263567,7992,250007
2020-08-14,Chile,17576779,Santiago,7112808,NA,NA,NA,NA,767,21,697,264989,8044,251365
2020-02-25,Chile,17576779,Tarapaca,330558,NA,NA,NA,NA,NA,NA,NA,0,0,0
2020-02-27,Chile,17576779,Tarapaca,330558,NA,NA,NA,NA,0,0,0,0,0,0
2020-02-29,Chile,17576779,Tarapaca,330558,NA,NA,NA,NA,0,0,0,0,0,0
2020-03-02,Chile,17576779,Tarapaca,330558,NA,NA,NA,NA,0,0,0,0,0,0
2020-03-04,Chile,17576779,Tarapaca,330558,NA,NA,NA,NA,0,0,0,0,0,0
2020-03-06,Chile,17576779,Tarapaca,330558,NA,NA,NA,NA,0,0,0,0,0,0
2020-03-08,Chile,17576779,Tarapaca,330558,NA,NA,NA,NA,0,0,0,0,0,0
2020-03-10,Chile,17576779,Tarapaca,330558,NA,NA,NA,NA,0,0,0,0,0,0
2020-03-12,Chile,17576779,Tarapaca,330558,NA,NA,NA,NA,0,0,0,0,0,0
2020-03-14,Chile,17576779,Tarapaca,330558,NA,NA,NA,NA,0,0,0,0,0,0
2020-03-16,Chile,17576779,Tarapaca,330558,NA,NA,NA,NA,0,0,0,0,0,0
2020-03-18,Chile,17576779,Tarapaca,330558,NA,NA,NA,NA,0,0,0,0,0,0
2020-03-20,Chile,17576779,Tarapaca,330558,NA,NA,NA,NA,0,0,0,0,0,0
2020-03-22,Chile,17576779,Tarapaca,330558,NA,NA,NA,NA,0,0,0,0,0,0
2020-03-24,Chile,17576779,Tarapaca,330558,NA,NA,NA,NA,3,0,0,4,0,0
2020-03-26,Chile,17576779,Tarapaca,330558,NA,NA,NA,NA,1,0,0,5,0,0
2020-03-28,Chile,17576779,Tarapaca,330558,NA,NA,NA,NA,0,0,0,5,0,0
2020-03-30,Chile,17576779,Tarapaca,330558,NA,NA,NA,NA,2,0,0,8,0,0
2020-04-01,Chile,17576779,Tarapaca,330558,NA,NA,NA,NA,0,0,0,10,0,0
2020-04-03,Chile,17576779,Tarapaca,330558,NA,NA,NA,NA,1,0,0,13,0,0
2020-04-05,Chile,17576779,Tarapaca,330558,NA,NA,NA,NA,3,0,0,20,0,0
2020-04-07,Chile,17576779,Tarapaca,330558,NA,NA,NA,NA,2,0,0,23,0,0
2020-04-09,Chile,17576779,Tarapaca,330558,NA,NA,NA,NA,3,0,0,29,0,0
2020-04-11,Chile,17576779,Tarapaca,330558,NA,NA,NA,NA,3,0,0,38,0,0
2020-04-13,Chile,17576779,Tarapaca,330558,NA,NA,NA,NA,6,0,0,52,0,0
2020-04-15,Chile,17576779,Tarapaca,330558,NA,NA,NA,NA,0,0,0,62,0,0
2020-04-17,Chile,17576779,Tarapaca,330558,NA,NA,NA,NA,7,0,0,73,0,0
2020-04-19,Chile,17576779,Tarapaca,330558,NA,NA,NA,NA,9,0,0,90,0,0
2020-04-21,Chile,17576779,Tarapaca,330558,NA,NA,NA,NA,11,0,0,104,0,0
2020-04-23,Chile,17576779,Tarapaca,330558,NA,NA,NA,NA,14,0,0,128,0,0
2020-04-25,Chile,17576779,Tarapaca,330558,NA,NA,NA,NA,9,1,0,143,1,0
2020-04-27,Chile,17576779,Tarapaca,330558,NA,NA,NA,NA,8,0,0,164,1,0
2020-04-29,Chile,17576779,Tarapaca,330558,NA,NA,NA,NA,14,0,0,183,1,0
2020-05-01,Chile,17576779,Tarapaca,330558,NA,NA,NA,NA,2,0,7,200,1,72
2020-05-03,Chile,17576779,Tarapaca,330558,NA,NA,NA,NA,60,0,9,272,1,89
2020-05-05,Chile,17576779,Tarapaca,330558,NA,NA,NA,NA,27,0,0,322,1,89
2020-05-07,Chile,17576779,Tarapaca,330558,NA,NA,NA,NA,78,0,0,417,1,89
2020-05-09,Chile,17576779,Tarapaca,330558,NA,NA,NA,NA,26,0,0,485,1,89
2020-05-11,Chile,17576779,Tarapaca,330558,NA,NA,NA,NA,27,0,0,547,1,89
2020-05-13,Chile,17576779,Tarapaca,330558,NA,NA,NA,NA,37,0,0,615,1,89
2020-05-15,Chile,17576779,Tarapaca,330558,NA,NA,NA,NA,97,1,0,779,2,89
2020-05-17,Chile,17576779,Tarapaca,330558,NA,NA,NA,NA,130,2,0,975,4,89
2020-05-19,Chile,17576779,Tarapaca,330558,NA,NA,NA,NA,53,0,0,1109,4,89
2020-05-21,Chile,17576779,Tarapaca,330558,NA,NA,NA,NA,107,0,0,1246,4,89
2020-05-23,Chile,17576779,Tarapaca,330558,NA,NA,NA,NA,78,0,0,1471,5,89
2020-05-25,Chile,17576779,Tarapaca,330558,NA,NA,NA,NA,66,0,0,1630,7,89
2020-05-27,Chile,17576779,Tarapaca,330558,NA,NA,NA,NA,74,3,0,1811,11,89
2020-05-29,Chile,17576779,Tarapaca,330558,NA,NA,NA,NA,136,2,0,2093,14,89
2020-05-31,Chile,17576779,Tarapaca,330558,NA,NA,NA,NA,111,3,0,2361,21,89
2020-06-02,Chile,17576779,Tarapaca,330558,NA,NA,NA,NA,68,1,0,2594,23,89
2020-06-04,Chile,17576779,Tarapaca,330558,NA,NA,NA,NA,128,0,0,2810,28,89
2020-06-06,Chile,17576779,Tarapaca,330558,NA,NA,NA,NA,129,2,0,3094,30,89
2020-06-08,Chile,17576779,Tarapaca,330558,NA,NA,NA,NA,142,3,0,3392,35,89
2020-06-10,Chile,17576779,Tarapaca,330558,NA,NA,NA,NA,100,11,0,3591,46,89
2020-06-12,Chile,17576779,Tarapaca,330558,NA,NA,NA,NA,127,2,0,3823,48,89
2020-06-14,Chile,17576779,Tarapaca,330558,NA,NA,NA,NA,141,6,0,4145,58,89
2020-06-16,Chile,17576779,Tarapaca,330558,NA,NA,NA,NA,107,0,0,4365,58,89
2020-06-18,Chile,17576779,Tarapaca,330558,NA,NA,NA,NA,82,1,0,4869,68,89
2020-06-20,Chile,17576779,Tarapaca,330558,NA,NA,NA,NA,148,8,0,5143,79,89
2020-06-22,Chile,17576779,Tarapaca,330558,NA,NA,NA,NA,97,0,87,5355,80,4283
2020-06-24,Chile,17576779,Tarapaca,330558,NA,NA,NA,NA,62,4,123,5504,84,4558
2020-06-26,Chile,17576779,Tarapaca,330558,NA,NA,NA,NA,135,0,118,5712,85,4788
2020-06-28,Chile,17576779,Tarapaca,330558,NA,NA,NA,NA,122,3,91,5893,91,4981
2020-06-30,Chile,17576779,Tarapaca,330558,NA,NA,NA,NA,75,0,123,6049,91,5187
2020-07-02,Chile,17576779,Tarapaca,330558,NA,NA,NA,NA,99,4,98,6215,95,5377
2020-07-04,Chile,17576779,Tarapaca,330558,NA,NA,NA,NA,74,2,85,6372,98,5556
2020-07-06,Chile,17576779,Tarapaca,330558,NA,NA,NA,NA,124,0,65,6632,102,5702
2020-07-08,Chile,17576779,Tarapaca,330558,NA,NA,NA,NA,84,3,0,6789,105,5811
2020-07-10,Chile,17576779,Tarapaca,330558,NA,NA,NA,NA,94,0,0,6961,107,5811
2020-07-12,Chile,17576779,Tarapaca,330558,NA,NA,NA,NA,97,3,82,7147,111,6212
2020-07-14,Chile,17576779,Tarapaca,330558,NA,NA,NA,NA,26,0,75,7217,111,6358
2020-07-16,Chile,17576779,Tarapaca,330558,NA,NA,NA,NA,87,2,146,7353,117,6604
2020-07-18,Chile,17576779,Tarapaca,330558,NA,NA,NA,NA,106,1,0,7557,140,6604
2020-07-20,Chile,17576779,Tarapaca,330558,NA,NA,NA,NA,134,3,0,7761,144,6604
2020-07-22,Chile,17576779,Tarapaca,330558,NA,NA,NA,NA,49,0,0,7869,144,6604
2020-07-24,Chile,17576779,Tarapaca,330558,NA,NA,NA,NA,126,0,0,8079,150,6604
2020-07-26,Chile,17576779,Tarapaca,330558,NA,NA,NA,NA,41,2,0,8188,155,6604
2020-07-28,Chile,17576779,Tarapaca,330558,NA,NA,NA,NA,277,1,0,8585,160,6604
2020-07-30,Chile,17576779,Tarapaca,330558,NA,NA,NA,NA,116,2,68,8764,162,7660
2020-08-01,Chile,17576779,Tarapaca,330558,NA,NA,NA,NA,66,2,106,8863,168,7830
2020-08-03,Chile,17576779,Tarapaca,330558,NA,NA,NA,NA,63,3,57,8985,173,7977
2020-08-05,Chile,17576779,Tarapaca,330558,NA,NA,NA,NA,143,0,180,9128,173,8157
2020-08-07,Chile,17576779,Tarapaca,330558,NA,NA,NA,NA,85,1,89,9252,178,8341
2020-08-09,Chile,17576779,Tarapaca,330558,NA,NA,NA,NA,89,1,86,9367,181,8495
2020-08-11,Chile,17576779,Tarapaca,330558,NA,NA,NA,NA,124,0,92,9543,182,8711
2020-08-13,Chile,17576779,Tarapaca,330558,NA,NA,NA,NA,85,3,80,9702,185,8864
2020-08-15,Chile,17576779,Tarapaca,330558,NA,NA,NA,NA,52,0,65,9825,185,9015
2020-02-26,Chile,17576779,Valparaiso,1815902,NA,NA,NA,NA,NA,NA,NA,0,0,0
2020-02-28,Chile,17576779,Valparaiso,1815902,NA,NA,NA,NA,0,0,0,0,0,0
2020-03-01,Chile,17576779,Valparaiso,1815902,NA,NA,NA,NA,0,0,0,0,0,0
2020-03-03,Chile,17576779,Valparaiso,1815902,NA,NA,NA,NA,0,0,0,0,0,0
2020-03-05,Chile,17576779,Valparaiso,1815902,NA,NA,NA,NA,0,0,0,0,0,0
2020-03-07,Chile,17576779,Valparaiso,1815902,NA,NA,NA,NA,0,0,0,0,0,0
2020-03-09,Chile,17576779,Valparaiso,1815902,NA,NA,NA,NA,0,0,0,0,0,0
2020-03-11,Chile,17576779,Valparaiso,1815902,NA,NA,NA,NA,0,0,0,0,0,0
2020-03-13,Chile,17576779,Valparaiso,1815902,NA,NA,NA,NA,0,0,0,0,0,0
2020-03-15,Chile,17576779,Valparaiso,1815902,NA,NA,NA,NA,0,0,0,0,0,0
2020-03-17,Chile,17576779,Valparaiso,1815902,NA,NA,NA,NA,0,0,0,1,0,0
2020-03-19,Chile,17576779,Valparaiso,1815902,NA,NA,NA,NA,3,0,0,4,0,0
2020-03-21,Chile,17576779,Valparaiso,1815902,NA,NA,NA,NA,8,0,0,13,0,0
2020-03-23,Chile,17576779,Valparaiso,1815902,NA,NA,NA,NA,3,0,0,19,0,0
2020-03-25,Chile,17576779,Valparaiso,1815902,NA,NA,NA,NA,7,0,0,32,0,0
2020-03-27,Chile,17576779,Valparaiso,1815902,NA,NA,NA,NA,5,0,0,49,0,0
2020-03-29,Chile,17576779,Valparaiso,1815902,NA,NA,NA,NA,9,0,0,80,0,0
2020-03-31,Chile,17576779,Valparaiso,1815902,NA,NA,NA,NA,7,1,0,115,1,0
2020-04-02,Chile,17576779,Valparaiso,1815902,NA,NA,NA,NA,20,0,0,156,1,0
2020-04-04,Chile,17576779,Valparaiso,1815902,NA,NA,NA,NA,9,0,0,185,1,0
2020-04-06,Chile,17576779,Valparaiso,1815902,NA,NA,NA,NA,7,0,0,198,1,0
2020-04-08,Chile,17576779,Valparaiso,1815902,NA,NA,NA,NA,11,1,0,225,2,0
2020-04-10,Chile,17576779,Valparaiso,1815902,NA,NA,NA,NA,11,0,0,241,2,0
2020-04-12,Chile,17576779,Valparaiso,1815902,NA,NA,NA,NA,6,0,0,254,2,0
2020-04-14,Chile,17576779,Valparaiso,1815902,NA,NA,NA,NA,12,0,0,285,2,0
2020-04-16,Chile,17576779,Valparaiso,1815902,NA,NA,NA,NA,31,2,0,330,4,0
2020-04-18,Chile,17576779,Valparaiso,1815902,NA,NA,NA,NA,14,0,0,359,4,0
2020-04-20,Chile,17576779,Valparaiso,1815902,NA,NA,NA,NA,7,0,0,388,5,0
2020-04-22,Chile,17576779,Valparaiso,1815902,NA,NA,NA,NA,18,1,0,421,7,0
2020-04-24,Chile,17576779,Valparaiso,1815902,NA,NA,NA,NA,7,1,0,436,8,0
2020-04-26,Chile,17576779,Valparaiso,1815902,NA,NA,NA,NA,6,0,0,460,9,0
2020-04-28,Chile,17576779,Valparaiso,1815902,NA,NA,NA,NA,8,1,0,493,10,0
2020-04-30,Chile,17576779,Valparaiso,1815902,NA,NA,NA,NA,33,0,318,559,12,318
2020-05-02,Chile,17576779,Valparaiso,1815902,NA,NA,NA,NA,46,1,13,614,13,346
2020-05-04,Chile,17576779,Valparaiso,1815902,NA,NA,NA,NA,18,0,0,656,13,368
2020-05-06,Chile,17576779,Valparaiso,1815902,NA,NA,NA,NA,29,1,0,716,16,368
2020-05-08,Chile,17576779,Valparaiso,1815902,NA,NA,NA,NA,47,1,0,828,18,368
2020-05-10,Chile,17576779,Valparaiso,1815902,NA,NA,NA,NA,55,1,0,933,20,368
2020-05-12,Chile,17576779,Valparaiso,1815902,NA,NA,NA,NA,59,2,0,1029,23,368
2020-05-14,Chile,17576779,Valparaiso,1815902,NA,NA,NA,NA,90,1,0,1213,25,368
2020-05-16,Chile,17576779,Valparaiso,1815902,NA,NA,NA,NA,53,1,0,1365,28,368
2020-05-18,Chile,17576779,Valparaiso,1815902,NA,NA,NA,NA,79,1,0,1553,30,368
2020-05-20,Chile,17576779,Valparaiso,1815902,NA,NA,NA,NA,131,3,0,1770,35,368
2020-05-22,Chile,17576779,Valparaiso,1815902,NA,NA,NA,NA,133,2,0,2020,40,368
2020-05-24,Chile,17576779,Valparaiso,1815902,NA,NA,NA,NA,114,4,0,2230,48,368
2020-05-26,Chile,17576779,Valparaiso,1815902,NA,NA,NA,NA,150,4,0,2455,57,368
2020-05-28,Chile,17576779,Valparaiso,1815902,NA,NA,NA,NA,154,2,0,2730,60,368
2020-05-30,Chile,17576779,Valparaiso,1815902,NA,NA,NA,NA,195,2,0,3037,63,368
2020-06-01,Chile,17576779,Valparaiso,1815902,NA,NA,NA,NA,181,4,0,3348,70,368
2020-06-03,Chile,17576779,Valparaiso,1815902,NA,NA,NA,NA,174,5,0,3769,77,368
2020-06-05,Chile,17576779,Valparaiso,1815902,NA,NA,NA,NA,249,10,0,4266,88,368
2020-06-07,Chile,17576779,Valparaiso,1815902,NA,NA,NA,NA,282,2,0,4862,93,368
2020-06-09,Chile,17576779,Valparaiso,1815902,NA,NA,NA,NA,242,0,0,5391,85,368
2020-06-11,Chile,17576779,Valparaiso,1815902,NA,NA,NA,NA,251,8,0,5865,107,368
2020-06-13,Chile,17576779,Valparaiso,1815902,NA,NA,NA,NA,356,2,0,6527,120,368
2020-06-15,Chile,17576779,Valparaiso,1815902,NA,NA,NA,NA,254,1,0,7012,126,368
2020-06-17,Chile,17576779,Valparaiso,1815902,NA,NA,NA,NA,991,15,0,8253,141,368
2020-06-19,Chile,17576779,Valparaiso,1815902,NA,NA,NA,NA,285,7,0,8758,150,368
2020-06-21,Chile,17576779,Valparaiso,1815902,NA,NA,NA,NA,284,12,6849,9298,170,7217
2020-06-23,Chile,17576779,Valparaiso,1815902,NA,NA,NA,NA,286,0,312,9901,170,7783
2020-06-25,Chile,17576779,Valparaiso,1815902,NA,NA,NA,NA,295,8,220,10482,195,8215
2020-06-27,Chile,17576779,Valparaiso,1815902,NA,NA,NA,NA,257,13,256,11054,217,8697
2020-06-29,Chile,17576779,Valparaiso,1815902,NA,NA,NA,NA,234,0,238,11541,229,9223
2020-07-01,Chile,17576779,Valparaiso,1815902,NA,NA,NA,NA,256,0,264,12008,230,9818
2020-07-03,Chile,17576779,Valparaiso,1815902,NA,NA,NA,NA,264,14,227,12465,266,10272
2020-07-05,Chile,17576779,Valparaiso,1815902,NA,NA,NA,NA,285,14,270,13051,292,10817
2020-07-07,Chile,17576779,Valparaiso,1815902,NA,NA,NA,NA,202,0,283,13433,292,11314
2020-07-09,Chile,17576779,Valparaiso,1815902,NA,NA,NA,NA,199,9,0,13797,312,11314
2020-07-11,Chile,17576779,Valparaiso,1815902,NA,NA,NA,NA,204,6,900,14257,326,12214
2020-07-13,Chile,17576779,Valparaiso,1815902,NA,NA,NA,NA,218,0,181,14734,331,12586
2020-07-15,Chile,17576779,Valparaiso,1815902,NA,NA,NA,NA,113,16,189,15016,347,12984
2020-07-17,Chile,17576779,Valparaiso,1815902,NA,NA,NA,NA,193,44,0,15261,407,13088
2020-07-19,Chile,17576779,Valparaiso,1815902,NA,NA,NA,NA,183,1,0,15589,414,13088
2020-07-21,Chile,17576779,Valparaiso,1815902,NA,NA,NA,NA,143,0,0,15914,427,13088
2020-07-23,Chile,17576779,Valparaiso,1815902,NA,NA,NA,NA,198,13,0,16316,441,13088
2020-07-25,Chile,17576779,Valparaiso,1815902,NA,NA,NA,NA,249,9,0,16724,460,13088
2020-07-27,Chile,17576779,Valparaiso,1815902,NA,NA,NA,NA,151,6,0,17014,470,13088
2020-07-29,Chile,17576779,Valparaiso,1815902,NA,NA,NA,NA,110,0,2327,17256,471,15415
2020-07-31,Chile,17576779,Valparaiso,1815902,NA,NA,NA,NA,151,5,151,17580,497,15736
2020-08-02,Chile,17576779,Valparaiso,1815902,NA,NA,NA,NA,193,6,177,17960,513,16078
2020-08-04,Chile,17576779,Valparaiso,1815902,NA,NA,NA,NA,0,0,0,18083,522,16192
2020-08-06,Chile,17576779,Valparaiso,1815902,NA,NA,NA,NA,191,18,156,18519,542,16674
2020-08-08,Chile,17576779,Valparaiso,1815902,NA,NA,NA,NA,238,4,156,18920,551,16970
2020-08-10,Chile,17576779,Valparaiso,1815902,NA,NA,NA,NA,153,5,121,19243,569,17223
2020-08-12,Chile,17576779,Valparaiso,1815902,NA,NA,NA,NA,147,4,136,19518,573,17567
2020-08-14,Chile,17576779,Valparaiso,1815902,NA,NA,NA,NA,187,3,140,19887,595,17852
2020-01-01,Argentina,45649750,Salta,1406584,NA,NA,NA,NA,0,0,NA,0,0,NA
2020-01-03,Argentina,45649750,Salta,1406584,NA,NA,NA,NA,0,0,NA,0,0,NA
2020-01-05,Argentina,45649750,Salta,1406584,NA,NA,NA,NA,0,0,NA,0,0,NA
2020-01-07,Argentina,45649750,Salta,1406584,NA,NA,NA,NA,0,0,NA,0,0,NA
2020-01-09,Argentina,45649750,Salta,1406584,NA,NA,NA,NA,0,0,NA,0,0,NA
2020-01-11,Argentina,45649750,Salta,1406584,NA,NA,NA,NA,0,0,NA,0,0,NA
2020-01-13,Argentina,45649750,Salta,1406584,NA,NA,NA,NA,0,0,NA,0,0,NA
2020-01-15,Argentina,45649750,Salta,1406584,NA,NA,NA,NA,0,0,NA,0,0,NA
2020-01-17,Argentina,45649750,Salta,1406584,NA,NA,NA,NA,0,0,NA,0,0,NA
2020-01-19,Argentina,45649750,Salta,1406584,NA,NA,NA,NA,0,0,NA,0,0,NA
2020-01-21,Argentina,45649750,Salta,1406584,NA,NA,NA,NA,0,0,NA,0,0,NA
2020-01-23,Argentina,45649750,Salta,1406584,NA,NA,NA,NA,0,0,NA,0,0,NA
2020-01-25,Argentina,45649750,Salta,1406584,NA,NA,NA,NA,0,0,NA,0,0,NA
2020-01-27,Argentina,45649750,Salta,1406584,NA,NA,NA,NA,0,0,NA,0,0,NA
2020-01-29,Argentina,45649750,Salta,1406584,NA,NA,NA,NA,0,0,NA,0,0,NA
2020-01-31,Argentina,45649750,Salta,1406584,NA,NA,NA,NA,0,0,NA,0,0,NA
2020-02-02,Argentina,45649750,Salta,1406584,NA,NA,NA,NA,0,0,NA,0,0,NA
2020-02-04,Argentina,45649750,Salta,1406584,NA,NA,NA,NA,0,0,NA,0,0,NA
2020-02-06,Argentina,45649750,Salta,1406584,NA,NA,NA,NA,0,0,NA,0,0,NA
2020-02-08,Argentina,45649750,Salta,1406584,NA,NA,NA,NA,0,0,NA,0,0,NA
2020-02-10,Argentina,45649750,Salta,1406584,NA,NA,NA,NA,0,0,NA,0,0,NA
2020-02-12,Argentina,45649750,Salta,1406584,NA,NA,NA,NA,0,0,NA,0,0,NA
2020-02-14,Argentina,45649750,Salta,1406584,NA,NA,NA,NA,0,0,NA,0,0,NA
2020-02-16,Argentina,45649750,Salta,1406584,NA,NA,NA,NA,0,0,NA,0,0,NA
2020-02-18,Argentina,45649750,Salta,1406584,NA,NA,NA,NA,0,0,NA,0,0,NA
2020-02-20,Argentina,45649750,Salta,1406584,NA,NA,NA,NA,0,0,NA,0,0,NA
2020-02-22,Argentina,45649750,Salta,1406584,NA,NA,NA,NA,0,0,NA,0,0,NA
2020-02-24,Argentina,45649750,Salta,1406584,NA,NA,NA,NA,0,0,NA,0,0,NA
2020-02-26,Argentina,45649750,Salta,1406584,NA,NA,NA,NA,0,0,NA,0,0,NA
2020-02-28,Argentina,45649750,Salta,1406584,NA,NA,NA,NA,0,0,NA,0,0,NA
2020-03-01,Argentina,45649750,Salta,1406584,NA,NA,NA,NA,0,0,NA,0,0,NA
2020-03-03,Argentina,45649750,Salta,1406584,NA,NA,NA,NA,0,0,NA,0,0,NA
2020-03-05,Argentina,45649750,Salta,1406584,NA,NA,NA,NA,0,0,NA,0,0,NA
2020-03-07,Argentina,45649750,Salta,1406584,NA,NA,NA,NA,0,0,NA,0,0,NA
2020-03-09,Argentina,45649750,Salta,1406584,NA,NA,NA,NA,0,0,NA,0,0,NA
2020-03-11,Argentina,45649750,Salta,1406584,NA,NA,NA,NA,0,0,NA,0,0,NA
2020-03-13,Argentina,45649750,Salta,1406584,NA,NA,NA,NA,0,0,NA,0,0,NA
2020-03-15,Argentina,45649750,Salta,1406584,NA,NA,NA,NA,0,0,NA,0,0,NA
2020-03-17,Argentina,45649750,Salta,1406584,NA,NA,NA,NA,1,0,NA,1,0,NA
2020-03-19,Argentina,45649750,Salta,1406584,NA,NA,NA,NA,0,0,NA,1,0,NA
2020-03-21,Argentina,45649750,Salta,1406584,NA,NA,NA,NA,0,0,NA,1,0,NA
2020-03-23,Argentina,45649750,Salta,1406584,NA,NA,NA,NA,0,0,NA,1,0,NA
2020-03-25,Argentina,45649750,Salta,1406584,NA,NA,NA,NA,0,0,NA,1,0,NA
2020-03-27,Argentina,45649750,Salta,1406584,NA,NA,NA,NA,0,0,NA,1,0,NA
2020-03-29,Argentina,45649750,Salta,1406584,NA,NA,NA,NA,0,0,NA,1,0,NA
2020-03-31,Argentina,45649750,Salta,1406584,NA,NA,NA,NA,0,0,NA,1,0,NA
2020-04-02,Argentina,45649750,Salta,1406584,NA,NA,NA,NA,0,0,NA,3,0,NA
2020-04-04,Argentina,45649750,Salta,1406584,NA,NA,NA,NA,0,0,NA,3,0,NA
2020-04-06,Argentina,45649750,Salta,1406584,NA,NA,NA,NA,0,0,NA,3,0,NA
2020-04-08,Argentina,45649750,Salta,1406584,NA,NA,NA,NA,0,0,NA,3,0,NA
2020-04-10,Argentina,45649750,Salta,1406584,NA,NA,NA,NA,0,0,NA,3,0,NA
2020-04-12,Argentina,45649750,Salta,1406584,NA,NA,NA,NA,0,0,NA,3,2,NA
2020-04-14,Argentina,45649750,Salta,1406584,NA,NA,NA,NA,0,1,NA,3,3,NA
2020-04-16,Argentina,45649750,Salta,1406584,NA,NA,NA,NA,0,0,NA,3,3,NA
2020-04-18,Argentina,45649750,Salta,1406584,NA,NA,NA,NA,0,0,NA,3,3,NA
2020-04-20,Argentina,45649750,Salta,1406584,NA,NA,NA,NA,0,0,NA,3,3,NA
2020-04-22,Argentina,45649750,Salta,1406584,NA,NA,NA,NA,0,0,NA,3,3,NA
2020-04-24,Argentina,45649750,Salta,1406584,NA,NA,NA,NA,0,0,NA,3,3,NA
2020-04-26,Argentina,45649750,Salta,1406584,NA,NA,NA,NA,1,0,NA,4,3,NA
2020-04-28,Argentina,45649750,Salta,1406584,NA,NA,NA,NA,0,0,NA,4,3,NA
2020-04-30,Argentina,45649750,Salta,1406584,NA,NA,NA,NA,0,0,NA,4,3,NA
2020-05-02,Argentina,45649750,Salta,1406584,NA,NA,NA,NA,0,0,NA,4,3,NA
2020-05-04,Argentina,45649750,Salta,1406584,NA,NA,NA,NA,0,0,NA,4,5,NA
2020-05-06,Argentina,45649750,Salta,1406584,NA,NA,NA,NA,0,0,NA,4,5,NA
2020-05-08,Argentina,45649750,Salta,1406584,NA,NA,NA,NA,0,0,NA,4,5,NA
2020-05-10,Argentina,45649750,Salta,1406584,NA,NA,NA,NA,0,0,NA,4,5,NA
2020-05-12,Argentina,45649750,Salta,1406584,NA,NA,NA,NA,1,0,NA,5,5,NA
2020-05-14,Argentina,45649750,Salta,1406584,NA,NA,NA,NA,0,0,NA,5,5,NA
2020-05-16,Argentina,45649750,Salta,1406584,NA,NA,NA,NA,0,0,NA,5,5,NA
2020-05-18,Argentina,45649750,Salta,1406584,NA,NA,NA,NA,0,0,NA,5,5,NA
2020-05-20,Argentina,45649750,Salta,1406584,NA,NA,NA,NA,0,0,NA,5,6,NA
2020-05-22,Argentina,45649750,Salta,1406584,NA,NA,NA,NA,1,0,NA,7,6,NA
2020-05-24,Argentina,45649750,Salta,1406584,NA,NA,NA,NA,0,0,NA,7,6,NA
2020-05-26,Argentina,45649750,Salta,1406584,NA,NA,NA,NA,0,0,NA,7,6,NA
2020-05-28,Argentina,45649750,Salta,1406584,NA,NA,NA,NA,0,1,NA,7,7,NA
2020-05-30,Argentina,45649750,Salta,1406584,NA,NA,NA,NA,0,0,NA,8,7,NA
2020-06-01,Argentina,45649750,Salta,1406584,NA,NA,NA,NA,1,0,NA,12,7,NA
2020-06-03,Argentina,45649750,Salta,1406584,NA,NA,NA,NA,0,0,NA,16,7,NA
2020-06-05,Argentina,45649750,Salta,1406584,NA,NA,NA,NA,0,1,NA,16,8,NA
2020-06-07,Argentina,45649750,Salta,1406584,NA,NA,NA,NA,0,1,NA,16,9,NA
2020-06-09,Argentina,45649750,Salta,1406584,NA,NA,NA,NA,1,0,NA,17,9,NA
2020-06-11,Argentina,45649750,Salta,1406584,NA,NA,NA,NA,0,0,NA,17,9,NA
2020-06-13,Argentina,45649750,Salta,1406584,NA,NA,NA,NA,2,0,NA,19,9,NA
2020-06-15,Argentina,45649750,Salta,1406584,NA,NA,NA,NA,0,0,NA,20,9,NA
2020-06-17,Argentina,45649750,Salta,1406584,NA,NA,NA,NA,0,0,NA,20,9,NA
2020-06-19,Argentina,45649750,Salta,1406584,NA,NA,NA,NA,0,0,NA,20,9,NA
2020-06-21,Argentina,45649750,Salta,1406584,NA,NA,NA,NA,0,0,NA,20,9,NA
2020-06-23,Argentina,45649750,Salta,1406584,NA,NA,NA,NA,3,0,NA,24,9,NA
2020-06-25,Argentina,45649750,Salta,1406584,NA,NA,NA,NA,0,0,NA,24,9,NA
2020-06-27,Argentina,45649750,Salta,1406584,NA,NA,NA,NA,0,0,NA,26,9,NA
2020-06-29,Argentina,45649750,Salta,1406584,NA,NA,NA,NA,4,0,NA,30,9,NA
2020-07-01,Argentina,45649750,Salta,1406584,NA,NA,NA,NA,0,0,NA,32,9,NA
2020-07-03,Argentina,45649750,Salta,1406584,NA,NA,NA,NA,7,1,NA,40,11,NA
2020-07-05,Argentina,45649750,Salta,1406584,NA,NA,NA,NA,2,0,NA,52,11,NA
2020-07-07,Argentina,45649750,Salta,1406584,NA,NA,NA,NA,10,0,NA,63,11,NA
2020-07-09,Argentina,45649750,Salta,1406584,NA,NA,NA,NA,2,1,NA,67,12,NA
2020-07-11,Argentina,45649750,Salta,1406584,NA,NA,NA,NA,8,0,NA,80,12,NA
2020-07-13,Argentina,45649750,Salta,1406584,NA,NA,NA,NA,6,0,NA,91,12,NA
2020-07-15,Argentina,45649750,Salta,1406584,NA,NA,NA,NA,8,1,NA,110,13,NA
2020-07-17,Argentina,45649750,Salta,1406584,NA,NA,NA,NA,6,0,NA,120,14,NA
2020-07-19,Argentina,45649750,Salta,1406584,NA,NA,NA,NA,2,1,NA,136,15,NA
2020-07-21,Argentina,45649750,Salta,1406584,NA,NA,NA,NA,17,1,NA,157,16,NA
2020-07-23,Argentina,45649750,Salta,1406584,NA,NA,NA,NA,14,0,NA,183,17,NA
2020-07-25,Argentina,45649750,Salta,1406584,NA,NA,NA,NA,12,0,NA,209,17,NA
2020-07-27,Argentina,45649750,Salta,1406584,NA,NA,NA,NA,3,1,NA,212,20,NA
2020-07-29,Argentina,45649750,Salta,1406584,NA,NA,NA,NA,23,0,NA,239,20,NA
2020-07-31,Argentina,45649750,Salta,1406584,NA,NA,NA,NA,20,1,NA,266,21,NA
2020-08-02,Argentina,45649750,Salta,1406584,NA,NA,NA,NA,4,2,NA,290,23,NA
2020-08-04,Argentina,45649750,Salta,1406584,NA,NA,NA,NA,29,0,NA,349,24,NA
2020-08-06,Argentina,45649750,Salta,1406584,NA,NA,NA,NA,62,2,NA,448,27,NA
2020-08-08,Argentina,45649750,Salta,1406584,NA,NA,NA,NA,78,0,NA,568,28,NA
2020-08-10,Argentina,45649750,Salta,1406584,NA,NA,NA,NA,50,0,NA,649,28,NA
2020-08-12,Argentina,45649750,Salta,1406584,NA,NA,NA,NA,85,1,NA,796,29,NA
2020-08-14,Argentina,45649750,Salta,1406584,NA,NA,NA,NA,87,3,NA,952,33,NA
2020-08-16,Argentina,45649750,Salta,1406584,NA,NA,NA,NA,38,0,NA,1082,33,NA
2020-08-18,Argentina,45649750,Salta,1406584,NA,NA,NA,NA,0,0,NA,1082,33,NA
2020-01-02,Argentina,45649750,Buenos Aires Province,17963200,NA,NA,NA,NA,0,0,NA,0,0,NA
2020-01-04,Argentina,45649750,Buenos Aires Province,17963200,NA,NA,NA,NA,0,0,NA,0,0,NA
2020-01-06,Argentina,45649750,Buenos Aires Province,17963200,NA,NA,NA,NA,0,0,NA,0,0,NA
2020-01-08,Argentina,45649750,Buenos Aires Province,17963200,NA,NA,NA,NA,0,0,NA,0,0,NA
2020-01-10,Argentina,45649750,Buenos Aires Province,17963200,NA,NA,NA,NA,0,0,NA,0,0,NA
2020-01-12,Argentina,45649750,Buenos Aires Province,17963200,NA,NA,NA,NA,0,0,NA,0,0,NA
2020-01-14,Argentina,45649750,Buenos Aires Province,17963200,NA,NA,NA,NA,0,0,NA,0,0,NA
2020-01-16,Argentina,45649750,Buenos Aires Province,17963200,NA,NA,NA,NA,0,0,NA,0,0,NA
2020-01-18,Argentina,45649750,Buenos Aires Province,17963200,NA,NA,NA,NA,0,0,NA,0,0,NA
2020-01-20,Argentina,45649750,Buenos Aires Province,17963200,NA,NA,NA,NA,0,0,NA,0,0,NA
2020-01-22,Argentina,45649750,Buenos Aires Province,17963200,NA,NA,NA,NA,0,0,NA,0,0,NA
2020-01-24,Argentina,45649750,Buenos Aires Province,17963200,NA,NA,NA,NA,0,0,NA,0,0,NA
2020-01-26,Argentina,45649750,Buenos Aires Province,17963200,NA,NA,NA,NA,0,0,NA,0,0,NA
2020-01-28,Argentina,45649750,Buenos Aires Province,17963200,NA,NA,NA,NA,0,0,NA,0,0,NA
2020-01-30,Argentina,45649750,Buenos Aires Province,17963200,NA,NA,NA,NA,0,0,NA,0,0,NA
2020-02-01,Argentina,45649750,Buenos Aires Province,17963200,NA,NA,NA,NA,0,0,NA,0,0,NA
2020-02-03,Argentina,45649750,Buenos Aires Province,17963200,NA,NA,NA,NA,0,0,NA,0,0,NA
2020-02-05,Argentina,45649750,Buenos Aires Province,17963200,NA,NA,NA,NA,0,0,NA,0,0,NA
2020-02-07,Argentina,45649750,Buenos Aires Province,17963200,NA,NA,NA,NA,0,0,NA,0,0,NA
2020-02-09,Argentina,45649750,Buenos Aires Province,17963200,NA,NA,NA,NA,0,0,NA,0,0,NA
2020-02-11,Argentina,45649750,Buenos Aires Province,17963200,NA,NA,NA,NA,0,0,NA,0,0,NA
2020-02-13,Argentina,45649750,Buenos Aires Province,17963200,NA,NA,NA,NA,0,0,NA,0,0,NA
2020-02-15,Argentina,45649750,Buenos Aires Province,17963200,NA,NA,NA,NA,0,0,NA,0,0,NA
2020-02-17,Argentina,45649750,Buenos Aires Province,17963200,NA,NA,NA,NA,0,0,NA,0,0,NA
2020-02-19,Argentina,45649750,Buenos Aires Province,17963200,NA,NA,NA,NA,0,0,NA,0,0,NA
2020-02-21,Argentina,45649750,Buenos Aires Province,17963200,NA,NA,NA,NA,0,0,NA,0,0,NA
2020-02-23,Argentina,45649750,Buenos Aires Province,17963200,NA,NA,NA,NA,0,0,NA,0,0,NA
2020-02-25,Argentina,45649750,Buenos Aires Province,17963200,NA,NA,NA,NA,0,0,NA,0,0,NA
2020-02-27,Argentina,45649750,Buenos Aires Province,17963200,NA,NA,NA,NA,0,0,NA,0,0,NA
2020-02-29,Argentina,45649750,Buenos Aires Province,17963200,NA,NA,NA,NA,0,0,NA,0,0,NA
2020-03-02,Argentina,45649750,Buenos Aires Province,17963200,NA,NA,NA,NA,0,0,NA,0,0,NA
2020-03-04,Argentina,45649750,Buenos Aires Province,17963200,NA,NA,NA,NA,0,0,NA,0,0,NA
2020-03-06,Argentina,45649750,Buenos Aires Province,17963200,NA,NA,NA,NA,1,0,NA,1,0,NA
2020-03-08,Argentina,45649750,Buenos Aires Province,17963200,NA,NA,NA,NA,0,0,NA,1,0,NA
2020-03-10,Argentina,45649750,Buenos Aires Province,17963200,NA,NA,NA,NA,1,0,NA,3,0,NA
2020-03-12,Argentina,45649750,Buenos Aires Province,17963200,NA,NA,NA,NA,5,2,NA,9,2,NA
2020-03-14,Argentina,45649750,Buenos Aires Province,17963200,NA,NA,NA,NA,2,0,NA,12,3,NA
2020-03-16,Argentina,45649750,Buenos Aires Province,17963200,NA,NA,NA,NA,3,0,NA,15,3,NA
2020-03-18,Argentina,45649750,Buenos Aires Province,17963200,NA,NA,NA,NA,10,0,NA,28,6,NA
2020-03-20,Argentina,45649750,Buenos Aires Province,17963200,NA,NA,NA,NA,8,0,NA,47,7,NA
2020-03-22,Argentina,45649750,Buenos Aires Province,17963200,NA,NA,NA,NA,10,1,NA,71,10,NA
2020-03-24,Argentina,45649750,Buenos Aires Province,17963200,NA,NA,NA,NA,31,4,NA,110,15,NA
2020-03-26,Argentina,45649750,Buenos Aires Province,17963200,NA,NA,NA,NA,35,8,NA,187,24,NA
2020-03-28,Argentina,45649750,Buenos Aires Province,17963200,NA,NA,NA,NA,12,10,NA,224,39,NA
2020-03-30,Argentina,45649750,Buenos Aires Province,17963200,NA,NA,NA,NA,22,6,NA,266,54,NA
2020-04-01,Argentina,45649750,Buenos Aires Province,17963200,NA,NA,NA,NA,29,5,NA,316,67,NA
2020-04-03,Argentina,45649750,Buenos Aires Province,17963200,NA,NA,NA,NA,32,9,NA,379,87,NA
2020-04-05,Argentina,45649750,Buenos Aires Province,17963200,NA,NA,NA,NA,13,18,NA,421,113,NA
2020-04-07,Argentina,45649750,Buenos Aires Province,17963200,NA,NA,NA,NA,16,12,NA,468,141,NA
2020-04-09,Argentina,45649750,Buenos Aires Province,17963200,NA,NA,NA,NA,20,12,NA,511,167,NA
2020-04-11,Argentina,45649750,Buenos Aires Province,17963200,NA,NA,NA,NA,18,9,NA,573,185,NA
2020-04-13,Argentina,45649750,Buenos Aires Province,17963200,NA,NA,NA,NA,23,16,NA,631,213,NA
2020-04-15,Argentina,45649750,Buenos Aires Province,17963200,NA,NA,NA,NA,50,18,NA,744,242,NA
2020-04-17,Argentina,45649750,Buenos Aires Province,17963200,NA,NA,NA,NA,35,15,NA,820,272,NA
2020-04-19,Argentina,45649750,Buenos Aires Province,17963200,NA,NA,NA,NA,26,14,NA,905,304,NA
2020-04-21,Argentina,45649750,Buenos Aires Province,17963200,NA,NA,NA,NA,62,16,NA,1015,333,NA
2020-04-23,Argentina,45649750,Buenos Aires Province,17963200,NA,NA,NA,NA,69,18,NA,1143,368,NA
2020-04-25,Argentina,45649750,Buenos Aires Province,17963200,NA,NA,NA,NA,79,13,NA,1300,395,NA
2020-04-27,Argentina,45649750,Buenos Aires Province,17963200,NA,NA,NA,NA,67,31,NA,1397,443,NA
2020-04-29,Argentina,45649750,Buenos Aires Province,17963200,NA,NA,NA,NA,89,11,NA,1548,470,NA
2020-05-01,Argentina,45649750,Buenos Aires Province,17963200,NA,NA,NA,NA,48,17,NA,1643,503,NA
2020-05-03,Argentina,45649750,Buenos Aires Province,17963200,NA,NA,NA,NA,31,17,NA,1713,528,NA
2020-05-05,Argentina,45649750,Buenos Aires Province,17963200,NA,NA,NA,NA,77,9,NA,1836,551,NA
2020-05-07,Argentina,45649750,Buenos Aires Province,17963200,NA,NA,NA,NA,58,21,NA,1952,584,NA
2020-05-09,Argentina,45649750,Buenos Aires Province,17963200,NA,NA,NA,NA,57,18,NA,2084,613,NA
2020-05-11,Argentina,45649750,Buenos Aires Province,17963200,NA,NA,NA,NA,57,14,NA,2180,644,NA
2020-05-13,Argentina,45649750,Buenos Aires Province,17963200,NA,NA,NA,NA,95,13,NA,2364,674,NA
2020-05-15,Argentina,45649750,Buenos Aires Province,17963200,NA,NA,NA,NA,97,17,NA,2553,706,NA
2020-05-17,Argentina,45649750,Buenos Aires Province,17963200,NA,NA,NA,NA,52,13,NA,2723,739,NA
2020-05-19,Argentina,45649750,Buenos Aires Province,17963200,NA,NA,NA,NA,154,15,NA,3033,771,NA
2020-05-21,Argentina,45649750,Buenos Aires Province,17963200,NA,NA,NA,NA,266,17,NA,3492,812,NA
2020-05-23,Argentina,45649750,Buenos Aires Province,17963200,NA,NA,NA,NA,224,14,NA,4012,851,NA
2020-05-25,Argentina,45649750,Buenos Aires Province,17963200,NA,NA,NA,NA,245,23,NA,4410,886,NA
2020-05-27,Argentina,45649750,Buenos Aires Province,17963200,NA,NA,NA,NA,269,17,NA,4949,918,NA
2020-05-29,Argentina,45649750,Buenos Aires Province,17963200,NA,NA,NA,NA,331,14,NA,5540,949,NA
2020-05-31,Argentina,45649750,Buenos Aires Province,17963200,NA,NA,NA,NA,201,23,NA,6053,994,NA
2020-06-02,Argentina,45649750,Buenos Aires Province,17963200,NA,NA,NA,NA,475,24,NA,6942,1043,NA
2020-06-04,Argentina,45649750,Buenos Aires Province,17963200,NA,NA,NA,NA,385,21,NA,7725,1089,NA
2020-06-06,Argentina,45649750,Buenos Aires Province,17963200,NA,NA,NA,NA,552,27,NA,8717,1137,NA
2020-06-08,Argentina,45649750,Buenos Aires Province,17963200,NA,NA,NA,NA,458,32,NA,9411,1197,NA
2020-06-10,Argentina,45649750,Buenos Aires Province,17963200,NA,NA,NA,NA,688,26,NA,10779,1250,NA
2020-06-12,Argentina,45649750,Buenos Aires Province,17963200,NA,NA,NA,NA,808,22,NA,12402,1295,NA
2020-06-14,Argentina,45649750,Buenos Aires Province,17963200,NA,NA,NA,NA,479,31,NA,13715,1354,NA
2020-06-16,Argentina,45649750,Buenos Aires Province,17963200,NA,NA,NA,NA,879,34,NA,15293,1419,NA
2020-06-18,Argentina,45649750,Buenos Aires Province,17963200,NA,NA,NA,NA,1102,33,NA,17467,1485,NA
2020-06-20,Argentina,45649750,Buenos Aires Province,17963200,NA,NA,NA,NA,1415,23,NA,20036,1536,NA
2020-06-22,Argentina,45649750,Buenos Aires Province,17963200,NA,NA,NA,NA,1144,35,NA,21808,1608,NA
2020-06-24,Argentina,45649750,Buenos Aires Province,17963200,NA,NA,NA,NA,1413,41,NA,24674,1682,NA
2020-06-26,Argentina,45649750,Buenos Aires Province,17963200,NA,NA,NA,NA,1829,55,NA,28236,1771,NA
2020-06-28,Argentina,45649750,Buenos Aires Province,17963200,NA,NA,NA,NA,961,47,NA,30680,1870,NA
2020-06-30,Argentina,45649750,Buenos Aires Province,17963200,NA,NA,NA,NA,1739,52,NA,33766,1956,NA
2020-07-02,Argentina,45649750,Buenos Aires Province,17963200,NA,NA,NA,NA,1734,48,NA,37274,2070,NA
2020-07-04,Argentina,45649750,Buenos Aires Province,17963200,NA,NA,NA,NA,2199,72,NA,41612,2194,NA
2020-07-06,Argentina,45649750,Buenos Aires Province,17963200,NA,NA,NA,NA,1751,63,NA,44419,2330,NA
2020-07-08,Argentina,45649750,Buenos Aires Province,17963200,NA,NA,NA,NA,2669,81,NA,49214,2473,NA
2020-07-10,Argentina,45649750,Buenos Aires Province,17963200,NA,NA,NA,NA,2335,80,NA,53913,2610,NA
2020-07-12,Argentina,45649750,Buenos Aires Province,17963200,NA,NA,NA,NA,1251,60,NA,57340,2745,NA
2020-07-14,Argentina,45649750,Buenos Aires Province,17963200,NA,NA,NA,NA,2698,77,NA,62216,2894,NA
2020-07-16,Argentina,45649750,Buenos Aires Province,17963200,NA,NA,NA,NA,3011,63,NA,67917,3052,NA
2020-07-18,Argentina,45649750,Buenos Aires Province,17963200,NA,NA,NA,NA,2960,93,NA,74019,3225,NA
2020-07-20,Argentina,45649750,Buenos Aires Province,17963200,NA,NA,NA,NA,3044,75,NA,78913,3377,NA
2020-07-22,Argentina,45649750,Buenos Aires Province,17963200,NA,NA,NA,NA,4040,98,NA,86580,3561,NA
2020-07-24,Argentina,45649750,Buenos Aires Province,17963200,NA,NA,NA,NA,4266,78,NA,94866,3719,NA
2020-07-26,Argentina,45649750,Buenos Aires Province,17963200,NA,NA,NA,NA,1936,82,NA,100135,3878,NA
2020-07-28,Argentina,45649750,Buenos Aires Province,17963200,NA,NA,NA,NA,4051,67,NA,107693,4024,NA
2020-07-30,Argentina,45649750,Buenos Aires Province,17963200,NA,NA,NA,NA,4183,72,NA,116260,4154,NA
2020-08-01,Argentina,45649750,Buenos Aires Province,17963200,NA,NA,NA,NA,3359,62,NA,124498,4279,NA
2020-08-03,Argentina,45649750,Buenos Aires Province,17963200,NA,NA,NA,NA,4037,84,NA,131366,4429,NA
2020-08-05,Argentina,45649750,Buenos Aires Province,17963200,NA,NA,NA,NA,5219,59,NA,141194,4548,NA
2020-08-07,Argentina,45649750,Buenos Aires Province,17963200,NA,NA,NA,NA,5406,71,NA,151667,4693,NA
2020-08-09,Argentina,45649750,Buenos Aires Province,17963200,NA,NA,NA,NA,2444,66,NA,158161,4815,NA
2020-08-11,Argentina,45649750,Buenos Aires Province,17963200,NA,NA,NA,NA,4237,41,NA,166367,4919,NA
2020-08-13,Argentina,45649750,Buenos Aires Province,17963200,NA,NA,NA,NA,3796,36,NA,174280,5000,NA
2020-08-15,Argentina,45649750,Buenos Aires Province,17963200,NA,NA,NA,NA,2522,13,NA,180207,5042,NA
2020-08-17,Argentina,45649750,Buenos Aires Province,17963200,NA,NA,NA,NA,0,0,NA,180590,5043,NA
2020-01-01,Argentina,45649750,City of Buenos Aires,3063728,NA,NA,NA,NA,0,0,NA,0,0,NA
2020-01-03,Argentina,45649750,City of Buenos Aires,3063728,NA,NA,NA,NA,0,0,NA,0,0,NA
2020-01-05,Argentina,45649750,City of Buenos Aires,3063728,NA,NA,NA,NA,0,0,NA,0,0,NA
2020-01-07,Argentina,45649750,City of Buenos Aires,3063728,NA,NA,NA,NA,0,0,NA,0,0,NA
2020-01-09,Argentina,45649750,City of Buenos Aires,3063728,NA,NA,NA,NA,0,0,NA,0,0,NA
2020-01-11,Argentina,45649750,City of Buenos Aires,3063728,NA,NA,NA,NA,0,0,NA,0,0,NA
2020-01-13,Argentina,45649750,City of Buenos Aires,3063728,NA,NA,NA,NA,0,0,NA,0,0,NA
2020-01-15,Argentina,45649750,City of Buenos Aires,3063728,NA,NA,NA,NA,0,0,NA,0,0,NA
2020-01-17,Argentina,45649750,City of Buenos Aires,3063728,NA,NA,NA,NA,0,0,NA,0,0,NA
2020-01-19,Argentina,45649750,City of Buenos Aires,3063728,NA,NA,NA,NA,0,0,NA,0,0,NA
2020-01-21,Argentina,45649750,City of Buenos Aires,3063728,NA,NA,NA,NA,0,0,NA,0,0,NA
2020-01-23,Argentina,45649750,City of Buenos Aires,3063728,NA,NA,NA,NA,0,0,NA,0,0,NA
2020-01-25,Argentina,45649750,City of Buenos Aires,3063728,NA,NA,NA,NA,0,0,NA,0,0,NA
2020-01-27,Argentina,45649750,City of Buenos Aires,3063728,NA,NA,NA,NA,0,0,NA,0,0,NA
2020-01-29,Argentina,45649750,City of Buenos Aires,3063728,NA,NA,NA,NA,0,0,NA,0,0,NA
2020-01-31,Argentina,45649750,City of Buenos Aires,3063728,NA,NA,NA,NA,0,0,NA,0,0,NA
2020-02-02,Argentina,45649750,City of Buenos Aires,3063728,NA,NA,NA,NA,0,0,NA,0,0,NA
2020-02-04,Argentina,45649750,City of Buenos Aires,3063728,NA,NA,NA,NA,0,0,NA,0,0,NA
2020-02-06,Argentina,45649750,City of Buenos Aires,3063728,NA,NA,NA,NA,0,0,NA,0,0,NA
2020-02-08,Argentina,45649750,City of Buenos Aires,3063728,NA,NA,NA,NA,0,0,NA,0,0,NA
2020-02-10,Argentina,45649750,City of Buenos Aires,3063728,NA,NA,NA,NA,0,0,NA,0,0,NA
2020-02-12,Argentina,45649750,City of Buenos Aires,3063728,NA,NA,NA,NA,0,0,NA,0,0,NA
2020-02-14,Argentina,45649750,City of Buenos Aires,3063728,NA,NA,NA,NA,0,0,NA,0,0,NA
2020-02-16,Argentina,45649750,City of Buenos Aires,3063728,NA,NA,NA,NA,0,0,NA,0,0,NA
2020-02-18,Argentina,45649750,City of Buenos Aires,3063728,NA,NA,NA,NA,0,0,NA,0,0,NA
2020-02-20,Argentina,45649750,City of Buenos Aires,3063728,NA,NA,NA,NA,0,0,NA,0,0,NA
2020-02-22,Argentina,45649750,City of Buenos Aires,3063728,NA,NA,NA,NA,0,0,NA,0,0,NA
2020-02-24,Argentina,45649750,City of Buenos Aires,3063728,NA,NA,NA,NA,0,0,NA,0,0,NA
2020-02-26,Argentina,45649750,City of Buenos Aires,3063728,NA,NA,NA,NA,0,0,NA,0,0,NA
2020-02-28,Argentina,45649750,City of Buenos Aires,3063728,NA,NA,NA,NA,0,0,NA,0,0,NA
2020-03-01,Argentina,45649750,City of Buenos Aires,3063728,NA,NA,NA,NA,0,0,NA,0,0,NA
2020-03-03,Argentina,45649750,City of Buenos Aires,3063728,NA,NA,NA,NA,1,0,NA,1,0,NA
2020-03-05,Argentina,45649750,City of Buenos Aires,3063728,NA,NA,NA,NA,0,0,NA,1,0,NA
2020-03-07,Argentina,45649750,City of Buenos Aires,3063728,NA,NA,NA,NA,1,1,NA,6,1,NA
2020-03-09,Argentina,45649750,City of Buenos Aires,3063728,NA,NA,NA,NA,1,0,NA,9,1,NA
2020-03-11,Argentina,45649750,City of Buenos Aires,3063728,NA,NA,NA,NA,2,0,NA,12,2,NA
2020-03-13,Argentina,45649750,City of Buenos Aires,3063728,NA,NA,NA,NA,3,0,NA,16,2,NA
2020-03-15,Argentina,45649750,City of Buenos Aires,3063728,NA,NA,NA,NA,7,1,NA,28,3,NA
2020-03-17,Argentina,45649750,City of Buenos Aires,3063728,NA,NA,NA,NA,6,1,NA,37,4,NA
2020-03-19,Argentina,45649750,City of Buenos Aires,3063728,NA,NA,NA,NA,3,3,NA,57,8,NA
2020-03-21,Argentina,45649750,City of Buenos Aires,3063728,NA,NA,NA,NA,27,0,NA,94,9,NA
2020-03-23,Argentina,45649750,City of Buenos Aires,3063728,NA,NA,NA,NA,13,0,NA,119,10,NA
2020-03-25,Argentina,45649750,City of Buenos Aires,3063728,NA,NA,NA,NA,31,3,NA,177,16,NA
2020-03-27,Argentina,45649750,City of Buenos Aires,3063728,NA,NA,NA,NA,23,4,NA,245,21,NA
2020-03-29,Argentina,45649750,City of Buenos Aires,3063728,NA,NA,NA,NA,21,3,NA,289,29,NA
2020-03-31,Argentina,45649750,City of Buenos Aires,3063728,NA,NA,NA,NA,26,2,NA,331,35,NA
2020-04-02,Argentina,45649750,City of Buenos Aires,3063728,NA,NA,NA,NA,34,0,NA,385,40,NA
2020-04-04,Argentina,45649750,City of Buenos Aires,3063728,NA,NA,NA,NA,36,8,NA,454,52,NA
2020-04-06,Argentina,45649750,City of Buenos Aires,3063728,NA,NA,NA,NA,37,7,NA,511,65,NA
2020-04-08,Argentina,45649750,City of Buenos Aires,3063728,NA,NA,NA,NA,28,8,NA,552,76,NA
2020-04-10,Argentina,45649750,City of Buenos Aires,3063728,NA,NA,NA,NA,24,6,NA,600,98,NA
2020-04-12,Argentina,45649750,City of Buenos Aires,3063728,NA,NA,NA,NA,8,6,NA,616,110,NA
2020-04-14,Argentina,45649750,City of Buenos Aires,3063728,NA,NA,NA,NA,16,9,NA,641,123,NA
2020-04-16,Argentina,45649750,City of Buenos Aires,3063728,NA,NA,NA,NA,18,9,NA,691,143,NA
2020-04-18,Argentina,45649750,City of Buenos Aires,3063728,NA,NA,NA,NA,25,2,NA,731,155,NA
2020-04-20,Argentina,45649750,City of Buenos Aires,3063728,NA,NA,NA,NA,15,6,NA,765,167,NA
2020-04-22,Argentina,45649750,City of Buenos Aires,3063728,NA,NA,NA,NA,24,9,NA,842,183,NA
2020-04-24,Argentina,45649750,City of Buenos Aires,3063728,NA,NA,NA,NA,74,12,NA,965,202,NA
2020-04-26,Argentina,45649750,City of Buenos Aires,3063728,NA,NA,NA,NA,33,6,NA,1053,217,NA
2020-04-28,Argentina,45649750,City of Buenos Aires,3063728,NA,NA,NA,NA,42,11,NA,1134,236,NA
2020-04-30,Argentina,45649750,City of Buenos Aires,3063728,NA,NA,NA,NA,26,8,NA,1187,255,NA
2020-05-02,Argentina,45649750,City of Buenos Aires,3063728,NA,NA,NA,NA,47,4,NA,1291,273,NA
2020-05-04,Argentina,45649750,City of Buenos Aires,3063728,NA,NA,NA,NA,53,7,NA,1385,287,NA
2020-05-06,Argentina,45649750,City of Buenos Aires,3063728,NA,NA,NA,NA,103,6,NA,1565,298,NA
2020-05-08,Argentina,45649750,City of Buenos Aires,3063728,NA,NA,NA,NA,104,6,NA,1803,312,NA
2020-05-10,Argentina,45649750,City of Buenos Aires,3063728,NA,NA,NA,NA,121,12,NA,2070,334,NA
2020-05-12,Argentina,45649750,City of Buenos Aires,3063728,NA,NA,NA,NA,168,6,NA,2407,349,NA
2020-05-14,Argentina,45649750,City of Buenos Aires,3063728,NA,NA,NA,NA,169,2,NA,2768,361,NA
2020-05-16,Argentina,45649750,City of Buenos Aires,3063728,NA,NA,NA,NA,168,7,NA,3200,375,NA
2020-05-18,Argentina,45649750,City of Buenos Aires,3063728,NA,NA,NA,NA,178,8,NA,3528,393,NA
2020-05-20,Argentina,45649750,City of Buenos Aires,3063728,NA,NA,NA,NA,370,8,NA,4232,405,NA
2020-05-22,Argentina,45649750,City of Buenos Aires,3063728,NA,NA,NA,NA,474,6,NA,5141,419,NA
2020-05-24,Argentina,45649750,City of Buenos Aires,3063728,NA,NA,NA,NA,334,15,NA,5830,438,NA
2020-05-26,Argentina,45649750,City of Buenos Aires,3063728,NA,NA,NA,NA,347,12,NA,6455,460,NA
2020-05-28,Argentina,45649750,City of Buenos Aires,3063728,NA,NA,NA,NA,465,10,NA,7317,476,NA
2020-05-30,Argentina,45649750,City of Buenos Aires,3063728,NA,NA,NA,NA,349,12,NA,8113,496,NA
2020-06-01,Argentina,45649750,City of Buenos Aires,3063728,NA,NA,NA,NA,370,10,NA,8800,512,NA
2020-06-03,Argentina,45649750,City of Buenos Aires,3063728,NA,NA,NA,NA,461,14,NA,9672,535,NA
2020-06-05,Argentina,45649750,City of Buenos Aires,3063728,NA,NA,NA,NA,476,11,NA,10568,567,NA
2020-06-07,Argentina,45649750,City of Buenos Aires,3063728,NA,NA,NA,NA,292,7,NA,11350,590,NA
2020-06-09,Argentina,45649750,City of Buenos Aires,3063728,NA,NA,NA,NA,603,11,NA,12458,616,NA
2020-06-11,Argentina,45649750,City of Buenos Aires,3063728,NA,NA,NA,NA,652,20,NA,13649,653,NA
2020-06-13,Argentina,45649750,City of Buenos Aires,3063728,NA,NA,NA,NA,549,12,NA,14879,678,NA
2020-06-15,Argentina,45649750,City of Buenos Aires,3063728,NA,NA,NA,NA,508,13,NA,15861,712,NA
2020-06-17,Argentina,45649750,City of Buenos Aires,3063728,NA,NA,NA,NA,722,15,NA,17271,748,NA
2020-06-19,Argentina,45649750,City of Buenos Aires,3063728,NA,NA,NA,NA,797,12,NA,18867,773,NA
2020-06-21,Argentina,45649750,City of Buenos Aires,3063728,NA,NA,NA,NA,742,16,NA,20417,806,NA
2020-06-23,Argentina,45649750,City of Buenos Aires,3063728,NA,NA,NA,NA,973,20,NA,22341,841,NA
2020-06-25,Argentina,45649750,City of Buenos Aires,3063728,NA,NA,NA,NA,1013,18,NA,24303,874,NA
2020-06-27,Argentina,45649750,City of Buenos Aires,3063728,NA,NA,NA,NA,706,20,NA,25983,910,NA
2020-06-29,Argentina,45649750,City of Buenos Aires,3063728,NA,NA,NA,NA,803,12,NA,27523,937,NA
2020-07-01,Argentina,45649750,City of Buenos Aires,3063728,NA,NA,NA,NA,810,23,NA,29253,979,NA
2020-07-03,Argentina,45649750,City of Buenos Aires,3063728,NA,NA,NA,NA,1053,24,NA,31261,1028,NA
2020-07-05,Argentina,45649750,City of Buenos Aires,3063728,NA,NA,NA,NA,767,25,NA,32939,1074,NA
2020-07-07,Argentina,45649750,City of Buenos Aires,3063728,NA,NA,NA,NA,1011,26,NA,34905,1113,NA
2020-07-09,Argentina,45649750,City of Buenos Aires,3063728,NA,NA,NA,NA,1007,22,NA,37109,1164,NA
2020-07-11,Argentina,45649750,City of Buenos Aires,3063728,NA,NA,NA,NA,865,33,NA,38938,1218,NA
2020-07-13,Argentina,45649750,City of Buenos Aires,3063728,NA,NA,NA,NA,969,35,NA,40549,1283,NA
2020-07-15,Argentina,45649750,City of Buenos Aires,3063728,NA,NA,NA,NA,1178,30,NA,42846,1352,NA
2020-07-17,Argentina,45649750,City of Buenos Aires,3063728,NA,NA,NA,NA,1271,24,NA,45223,1420,NA
2020-07-19,Argentina,45649750,City of Buenos Aires,3063728,NA,NA,NA,NA,858,38,NA,47210,1487,NA
2020-07-21,Argentina,45649750,City of Buenos Aires,3063728,NA,NA,NA,NA,1412,34,NA,49899,1564,NA
2020-07-23,Argentina,45649750,City of Buenos Aires,3063728,NA,NA,NA,NA,1237,25,NA,52342,1620,NA
2020-07-25,Argentina,45649750,City of Buenos Aires,3063728,NA,NA,NA,NA,934,26,NA,54575,1682,NA
2020-07-27,Argentina,45649750,City of Buenos Aires,3063728,NA,NA,NA,NA,984,37,NA,56490,1749,NA
2020-07-29,Argentina,45649750,City of Buenos Aires,3063728,NA,NA,NA,NA,1129,28,NA,58863,1806,NA
2020-07-31,Argentina,45649750,City of Buenos Aires,3063728,NA,NA,NA,NA,1128,23,NA,61119,1862,NA
2020-08-02,Argentina,45649750,City of Buenos Aires,3063728,NA,NA,NA,NA,1011,44,NA,63171,1935,NA
2020-08-04,Argentina,45649750,City of Buenos Aires,3063728,NA,NA,NA,NA,1430,24,NA,65946,1987,NA
2020-08-06,Argentina,45649750,City of Buenos Aires,3063728,NA,NA,NA,NA,1159,35,NA,68539,2053,NA
2020-08-08,Argentina,45649750,City of Buenos Aires,3063728,NA,NA,NA,NA,955,28,NA,70586,2114,NA
2020-08-10,Argentina,45649750,City of Buenos Aires,3063728,NA,NA,NA,NA,995,25,NA,72363,2170,NA
2020-08-12,Argentina,45649750,City of Buenos Aires,3063728,NA,NA,NA,NA,931,27,NA,74261,2223,NA
2020-08-14,Argentina,45649750,City of Buenos Aires,3063728,NA,NA,NA,NA,917,10,NA,76187,2258,NA
2020-08-16,Argentina,45649750,City of Buenos Aires,3063728,NA,NA,NA,NA,69,3,NA,76857,2270,NA
2020-08-18,Argentina,45649750,City of Buenos Aires,3063728,NA,NA,NA,NA,0,0,NA,76857,2270,NA
2020-01-02,Argentina,45649750,San Luis,502000,NA,NA,NA,NA,0,0,NA,0,0,NA
2020-01-04,Argentina,45649750,San Luis,502000,NA,NA,NA,NA,0,0,NA,0,0,NA
2020-01-06,Argentina,45649750,San Luis,502000,NA,NA,NA,NA,0,0,NA,0,0,NA
2020-01-08,Argentina,45649750,San Luis,502000,NA,NA,NA,NA,0,0,NA,0,0,NA
2020-01-10,Argentina,45649750,San Luis,502000,NA,NA,NA,NA,0,0,NA,0,0,NA
2020-01-12,Argentina,45649750,San Luis,502000,NA,NA,NA,NA,0,0,NA,0,0,NA
2020-01-14,Argentina,45649750,San Luis,502000,NA,NA,NA,NA,0,0,NA,0,0,NA
2020-01-16,Argentina,45649750,San Luis,502000,NA,NA,NA,NA,0,0,NA,0,0,NA
2020-01-18,Argentina,45649750,San Luis,502000,NA,NA,NA,NA,0,0,NA,0,0,NA
2020-01-20,Argentina,45649750,San Luis,502000,NA,NA,NA,NA,0,0,NA,0,0,NA
2020-01-22,Argentina,45649750,San Luis,502000,NA,NA,NA,NA,0,0,NA,0,0,NA
2020-01-24,Argentina,45649750,San Luis,502000,NA,NA,NA,NA,0,0,NA,0,0,NA
2020-01-26,Argentina,45649750,San Luis,502000,NA,NA,NA,NA,0,0,NA,0,0,NA
2020-01-28,Argentina,45649750,San Luis,502000,NA,NA,NA,NA,0,0,NA,0,0,NA
2020-01-30,Argentina,45649750,San Luis,502000,NA,NA,NA,NA,0,0,NA,0,0,NA
2020-02-01,Argentina,45649750,San Luis,502000,NA,NA,NA,NA,0,0,NA,0,0,NA
2020-02-03,Argentina,45649750,San Luis,502000,NA,NA,NA,NA,0,0,NA,0,0,NA
2020-02-05,Argentina,45649750,San Luis,502000,NA,NA,NA,NA,0,0,NA,0,0,NA
2020-02-07,Argentina,45649750,San Luis,502000,NA,NA,NA,NA,0,0,NA,0,0,NA
2020-02-09,Argentina,45649750,San Luis,502000,NA,NA,NA,NA,0,0,NA,0,0,NA
2020-02-11,Argentina,45649750,San Luis,502000,NA,NA,NA,NA,0,0,NA,0,0,NA
2020-02-13,Argentina,45649750,San Luis,502000,NA,NA,NA,NA,0,0,NA,0,0,NA
2020-02-15,Argentina,45649750,San Luis,502000,NA,NA,NA,NA,0,0,NA,0,0,NA
2020-02-17,Argentina,45649750,San Luis,502000,NA,NA,NA,NA,0,0,NA,0,0,NA
2020-02-19,Argentina,45649750,San Luis,502000,NA,NA,NA,NA,0,0,NA,0,0,NA
2020-02-21,Argentina,45649750,San Luis,502000,NA,NA,NA,NA,0,0,NA,0,0,NA
2020-02-23,Argentina,45649750,San Luis,502000,NA,NA,NA,NA,0,0,NA,0,0,NA
2020-02-25,Argentina,45649750,San Luis,502000,NA,NA,NA,NA,0,0,NA,0,0,NA
2020-02-27,Argentina,45649750,San Luis,502000,NA,NA,NA,NA,0,0,NA,0,0,NA
2020-02-29,Argentina,45649750,San Luis,502000,NA,NA,NA,NA,0,0,NA,0,0,NA
2020-03-02,Argentina,45649750,San Luis,502000,NA,NA,NA,NA,0,0,NA,0,0,NA
2020-03-04,Argentina,45649750,San Luis,502000,NA,NA,NA,NA,0,0,NA,0,0,NA
2020-03-06,Argentina,45649750,San Luis,502000,NA,NA,NA,NA,0,0,NA,0,0,NA
2020-03-08,Argentina,45649750,San Luis,502000,NA,NA,NA,NA,0,0,NA,0,0,NA
2020-03-10,Argentina,45649750,San Luis,502000,NA,NA,NA,NA,0,0,NA,1,0,NA
2020-03-12,Argentina,45649750,San Luis,502000,NA,NA,NA,NA,0,0,NA,1,0,NA
2020-03-14,Argentina,45649750,San Luis,502000,NA,NA,NA,NA,0,0,NA,1,0,NA
2020-03-16,Argentina,45649750,San Luis,502000,NA,NA,NA,NA,0,0,NA,1,0,NA
2020-03-18,Argentina,45649750,San Luis,502000,NA,NA,NA,NA,0,0,NA,1,0,NA
2020-03-20,Argentina,45649750,San Luis,502000,NA,NA,NA,NA,1,0,NA,2,0,NA
2020-03-22,Argentina,45649750,San Luis,502000,NA,NA,NA,NA,0,0,NA,2,0,NA
2020-03-24,Argentina,45649750,San Luis,502000,NA,NA,NA,NA,0,0,NA,2,0,NA
2020-03-26,Argentina,45649750,San Luis,502000,NA,NA,NA,NA,1,0,NA,7,0,NA
2020-03-28,Argentina,45649750,San Luis,502000,NA,NA,NA,NA,0,0,NA,7,0,NA
2020-03-30,Argentina,45649750,San Luis,502000,NA,NA,NA,NA,0,0,NA,7,0,NA
2020-04-01,Argentina,45649750,San Luis,502000,NA,NA,NA,NA,1,0,NA,9,0,NA
2020-04-03,Argentina,45649750,San Luis,502000,NA,NA,NA,NA,0,0,NA,10,0,NA
2020-04-05,Argentina,45649750,San Luis,502000,NA,NA,NA,NA,1,0,NA,11,0,NA
2020-04-07,Argentina,45649750,San Luis,502000,NA,NA,NA,NA,0,0,NA,11,0,NA
2020-04-09,Argentina,45649750,San Luis,502000,NA,NA,NA,NA,0,0,NA,11,0,NA
2020-04-11,Argentina,45649750,San Luis,502000,NA,NA,NA,NA,0,0,NA,11,0,NA
2020-04-13,Argentina,45649750,San Luis,502000,NA,NA,NA,NA,0,0,NA,11,0,NA
2020-04-15,Argentina,45649750,San Luis,502000,NA,NA,NA,NA,0,0,NA,11,0,NA
2020-04-17,Argentina,45649750,San Luis,502000,NA,NA,NA,NA,0,0,NA,11,0,NA
2020-04-19,Argentina,45649750,San Luis,502000,NA,NA,NA,NA,0,0,NA,11,0,NA
2020-04-21,Argentina,45649750,San Luis,502000,NA,NA,NA,NA,0,0,NA,11,0,NA
2020-04-23,Argentina,45649750,San Luis,502000,NA,NA,NA,NA,0,0,NA,11,0,NA
2020-04-25,Argentina,45649750,San Luis,502000,NA,NA,NA,NA,0,0,NA,11,0,NA
2020-04-27,Argentina,45649750,San Luis,502000,NA,NA,NA,NA,0,0,NA,11,0,NA
2020-04-29,Argentina,45649750,San Luis,502000,NA,NA,NA,NA,0,0,NA,11,0,NA
2020-05-01,Argentina,45649750,San Luis,502000,NA,NA,NA,NA,0,0,NA,11,0,NA
2020-05-03,Argentina,45649750,San Luis,502000,NA,NA,NA,NA,0,0,NA,11,0,NA
2020-05-05,Argentina,45649750,San Luis,502000,NA,NA,NA,NA,0,0,NA,11,0,NA
2020-05-07,Argentina,45649750,San Luis,502000,NA,NA,NA,NA,0,0,NA,11,0,NA
2020-05-09,Argentina,45649750,San Luis,502000,NA,NA,NA,NA,0,0,NA,11,0,NA
2020-05-11,Argentina,45649750,San Luis,502000,NA,NA,NA,NA,0,0,NA,11,0,NA
2020-05-13,Argentina,45649750,San Luis,502000,NA,NA,NA,NA,0,0,NA,11,0,NA
2020-05-15,Argentina,45649750,San Luis,502000,NA,NA,NA,NA,0,0,NA,11,0,NA
2020-05-17,Argentina,45649750,San Luis,502000,NA,NA,NA,NA,0,0,NA,11,0,NA
2020-05-19,Argentina,45649750,San Luis,502000,NA,NA,NA,NA,0,0,NA,11,0,NA
2020-05-21,Argentina,45649750,San Luis,502000,NA,NA,NA,NA,0,0,NA,11,0,NA
2020-05-23,Argentina,45649750,San Luis,502000,NA,NA,NA,NA,0,0,NA,11,0,NA
2020-05-25,Argentina,45649750,San Luis,502000,NA,NA,NA,NA,0,0,NA,11,0,NA
2020-05-27,Argentina,45649750,San Luis,502000,NA,NA,NA,NA,0,0,NA,11,0,NA
2020-05-29,Argentina,45649750,San Luis,502000,NA,NA,NA,NA,0,0,NA,11,1,NA
2020-05-31,Argentina,45649750,San Luis,502000,NA,NA,NA,NA,0,0,NA,11,1,NA
2020-06-02,Argentina,45649750,San Luis,502000,NA,NA,NA,NA,0,0,NA,11,1,NA
2020-06-04,Argentina,45649750,San Luis,502000,NA,NA,NA,NA,0,0,NA,11,1,NA
2020-06-06,Argentina,45649750,San Luis,502000,NA,NA,NA,NA,0,0,NA,11,1,NA
2020-06-08,Argentina,45649750,San Luis,502000,NA,NA,NA,NA,0,2,NA,11,3,NA
2020-06-10,Argentina,45649750,San Luis,502000,NA,NA,NA,NA,0,0,NA,11,3,NA
2020-06-12,Argentina,45649750,San Luis,502000,NA,NA,NA,NA,0,0,NA,11,3,NA
2020-06-14,Argentina,45649750,San Luis,502000,NA,NA,NA,NA,0,0,NA,11,3,NA
2020-06-16,Argentina,45649750,San Luis,502000,NA,NA,NA,NA,0,0,NA,11,3,NA
2020-06-18,Argentina,45649750,San Luis,502000,NA,NA,NA,NA,0,0,NA,11,3,NA
2020-06-20,Argentina,45649750,San Luis,502000,NA,NA,NA,NA,0,0,NA,11,3,NA
2020-06-22,Argentina,45649750,San Luis,502000,NA,NA,NA,NA,0,0,NA,11,3,NA
2020-06-24,Argentina,45649750,San Luis,502000,NA,NA,NA,NA,0,0,NA,11,3,NA
2020-06-26,Argentina,45649750,San Luis,502000,NA,NA,NA,NA,0,0,NA,11,3,NA
2020-06-28,Argentina,45649750,San Luis,502000,NA,NA,NA,NA,0,0,NA,11,3,NA
2020-06-30,Argentina,45649750,San Luis,502000,NA,NA,NA,NA,0,0,NA,11,3,NA
2020-07-02,Argentina,45649750,San Luis,502000,NA,NA,NA,NA,0,0,NA,11,3,NA
2020-07-04,Argentina,45649750,San Luis,502000,NA,NA,NA,NA,0,0,NA,12,3,NA
2020-07-06,Argentina,45649750,San Luis,502000,NA,NA,NA,NA,0,0,NA,12,3,NA
2020-07-08,Argentina,45649750,San Luis,502000,NA,NA,NA,NA,0,0,NA,12,3,NA
2020-07-10,Argentina,45649750,San Luis,502000,NA,NA,NA,NA,0,0,NA,12,3,NA
2020-07-12,Argentina,45649750,San Luis,502000,NA,NA,NA,NA,1,0,NA,13,3,NA
2020-07-14,Argentina,45649750,San Luis,502000,NA,NA,NA,NA,0,0,NA,13,3,NA
2020-07-16,Argentina,45649750,San Luis,502000,NA,NA,NA,NA,0,0,NA,13,3,NA
2020-07-18,Argentina,45649750,San Luis,502000,NA,NA,NA,NA,0,0,NA,14,3,NA
2020-07-20,Argentina,45649750,San Luis,502000,NA,NA,NA,NA,1,0,NA,15,3,NA
2020-07-22,Argentina,45649750,San Luis,502000,NA,NA,NA,NA,2,0,NA,18,3,NA
2020-07-24,Argentina,45649750,San Luis,502000,NA,NA,NA,NA,1,0,NA,19,3,NA
2020-07-26,Argentina,45649750,San Luis,502000,NA,NA,NA,NA,0,0,NA,19,3,NA
2020-07-28,Argentina,45649750,San Luis,502000,NA,NA,NA,NA,2,0,NA,21,3,NA
2020-07-30,Argentina,45649750,San Luis,502000,NA,NA,NA,NA,3,0,NA,25,3,NA
2020-08-01,Argentina,45649750,San Luis,502000,NA,NA,NA,NA,1,0,NA,26,3,NA
2020-08-03,Argentina,45649750,San Luis,502000,NA,NA,NA,NA,0,0,NA,26,3,NA
2020-08-05,Argentina,45649750,San Luis,502000,NA,NA,NA,NA,0,0,NA,30,3,NA
2020-08-07,Argentina,45649750,San Luis,502000,NA,NA,NA,NA,0,0,NA,30,3,NA
2020-08-09,Argentina,45649750,San Luis,502000,NA,NA,NA,NA,0,0,NA,30,3,NA
2020-08-11,Argentina,45649750,San Luis,502000,NA,NA,NA,NA,0,0,NA,31,3,NA
2020-08-13,Argentina,45649750,San Luis,502000,NA,NA,NA,NA,2,0,NA,33,3,NA
2020-08-15,Argentina,45649750,San Luis,502000,NA,NA,NA,NA,1,0,NA,34,3,NA
2020-08-17,Argentina,45649750,San Luis,502000,NA,NA,NA,NA,0,0,NA,34,3,NA
2020-01-01,Argentina,45649750,Entre Ríos,1373270,NA,NA,NA,NA,0,0,NA,0,0,NA
2020-01-03,Argentina,45649750,Entre Ríos,1373270,NA,NA,NA,NA,0,0,NA,0,0,NA
2020-01-05,Argentina,45649750,Entre Ríos,1373270,NA,NA,NA,NA,0,0,NA,0,0,NA
2020-01-07,Argentina,45649750,Entre Ríos,1373270,NA,NA,NA,NA,0,0,NA,0,0,NA
2020-01-09,Argentina,45649750,Entre Ríos,1373270,NA,NA,NA,NA,0,0,NA,0,0,NA
2020-01-11,Argentina,45649750,Entre Ríos,1373270,NA,NA,NA,NA,0,0,NA,0,0,NA
2020-01-13,Argentina,45649750,Entre Ríos,1373270,NA,NA,NA,NA,0,0,NA,0,0,NA
2020-01-15,Argentina,45649750,Entre Ríos,1373270,NA,NA,NA,NA,0,0,NA,0,0,NA
2020-01-17,Argentina,45649750,Entre Ríos,1373270,NA,NA,NA,NA,0,0,NA,0,0,NA
2020-01-19,Argentina,45649750,Entre Ríos,1373270,NA,NA,NA,NA,0,0,NA,0,0,NA
2020-01-21,Argentina,45649750,Entre Ríos,1373270,NA,NA,NA,NA,0,0,NA,0,0,NA
2020-01-23,Argentina,45649750,Entre Ríos,1373270,NA,NA,NA,NA,0,0,NA,0,0,NA
2020-01-25,Argentina,45649750,Entre Ríos,1373270,NA,NA,NA,NA,0,0,NA,0,0,NA
2020-01-27,Argentina,45649750,Entre Ríos,1373270,NA,NA,NA,NA,0,0,NA,0,0,NA
2020-01-29,Argentina,45649750,Entre Ríos,1373270,NA,NA,NA,NA,0,0,NA,0,0,NA
2020-01-31,Argentina,45649750,Entre Ríos,1373270,NA,NA,NA,NA,0,0,NA,0,0,NA
2020-02-02,Argentina,45649750,Entre Ríos,1373270,NA,NA,NA,NA,0,0,NA,0,0,NA
2020-02-04,Argentina,45649750,Entre Ríos,1373270,NA,NA,NA,NA,0,0,NA,0,0,NA
2020-02-06,Argentina,45649750,Entre Ríos,1373270,NA,NA,NA,NA,0,0,NA,0,0,NA
2020-02-08,Argentina,45649750,Entre Ríos,1373270,NA,NA,NA,NA,0,0,NA,0,0,NA
2020-02-10,Argentina,45649750,Entre Ríos,1373270,NA,NA,NA,NA,0,0,NA,0,0,NA
2020-02-12,Argentina,45649750,Entre Ríos,1373270,NA,NA,NA,NA,0,0,NA,0,0,NA
2020-02-14,Argentina,45649750,Entre Ríos,1373270,NA,NA,NA,NA,0,0,NA,0,0,NA
2020-02-16,Argentina,45649750,Entre Ríos,1373270,NA,NA,NA,NA,0,0,NA,0,0,NA
2020-02-18,Argentina,45649750,Entre Ríos,1373270,NA,NA,NA,NA,0,0,NA,0,0,NA
2020-02-20,Argentina,45649750,Entre Ríos,1373270,NA,NA,NA,NA,0,0,NA,0,0,NA
2020-02-22,Argentina,45649750,Entre Ríos,1373270,NA,NA,NA,NA,0,0,NA,0,0,NA
2020-02-24,Argentina,45649750,Entre Ríos,1373270,NA,NA,NA,NA,0,0,NA,0,0,NA
2020-02-26,Argentina,45649750,Entre Ríos,1373270,NA,NA,NA,NA,0,0,NA,0,0,NA
2020-02-28,Argentina,45649750,Entre Ríos,1373270,NA,NA,NA,NA,0,0,NA,0,0,NA
2020-03-01,Argentina,45649750,Entre Ríos,1373270,NA,NA,NA,NA,0,0,NA,0,0,NA
2020-03-03,Argentina,45649750,Entre Ríos,1373270,NA,NA,NA,NA,0,0,NA,0,0,NA
2020-03-05,Argentina,45649750,Entre Ríos,1373270,NA,NA,NA,NA,0,0,NA,0,0,NA
2020-03-07,Argentina,45649750,Entre Ríos,1373270,NA,NA,NA,NA,0,0,NA,0,0,NA
2020-03-09,Argentina,45649750,Entre Ríos,1373270,NA,NA,NA,NA,0,0,NA,0,0,NA
2020-03-11,Argentina,45649750,Entre Ríos,1373270,NA,NA,NA,NA,1,0,NA,1,0,NA
2020-03-13,Argentina,45649750,Entre Ríos,1373270,NA,NA,NA,NA,0,0,NA,1,0,NA
2020-03-15,Argentina,45649750,Entre Ríos,1373270,NA,NA,NA,NA,0,0,NA,1,0,NA
2020-03-17,Argentina,45649750,Entre Ríos,1373270,NA,NA,NA,NA,2,0,NA,3,0,NA
2020-03-19,Argentina,45649750,Entre Ríos,1373270,NA,NA,NA,NA,0,0,NA,3,0,NA
2020-03-21,Argentina,45649750,Entre Ríos,1373270,NA,NA,NA,NA,0,0,NA,4,0,NA
2020-03-23,Argentina,45649750,Entre Ríos,1373270,NA,NA,NA,NA,0,0,NA,4,0,NA
2020-03-25,Argentina,45649750,Entre Ríos,1373270,NA,NA,NA,NA,2,0,NA,6,0,NA
2020-03-27,Argentina,45649750,Entre Ríos,1373270,NA,NA,NA,NA,0,1,NA,9,1,NA
2020-03-29,Argentina,45649750,Entre Ríos,1373270,NA,NA,NA,NA,0,0,NA,9,1,NA
2020-03-31,Argentina,45649750,Entre Ríos,1373270,NA,NA,NA,NA,0,0,NA,12,3,NA
2020-04-02,Argentina,45649750,Entre Ríos,1373270,NA,NA,NA,NA,1,0,NA,15,3,NA
2020-04-04,Argentina,45649750,Entre Ríos,1373270,NA,NA,NA,NA,1,0,NA,18,3,NA
2020-04-06,Argentina,45649750,Entre Ríos,1373270,NA,NA,NA,NA,1,1,NA,19,4,NA
2020-04-08,Argentina,45649750,Entre Ríos,1373270,NA,NA,NA,NA,0,2,NA,19,7,NA
2020-04-10,Argentina,45649750,Entre Ríos,1373270,NA,NA,NA,NA,0,5,NA,20,13,NA
2020-04-12,Argentina,45649750,Entre Ríos,1373270,NA,NA,NA,NA,0,0,NA,20,14,NA
2020-04-14,Argentina,45649750,Entre Ríos,1373270,NA,NA,NA,NA,0,2,NA,20,16,NA
2020-04-16,Argentina,45649750,Entre Ríos,1373270,NA,NA,NA,NA,0,1,NA,21,18,NA
2020-04-18,Argentina,45649750,Entre Ríos,1373270,NA,NA,NA,NA,0,3,NA,21,21,NA
2020-04-20,Argentina,45649750,Entre Ríos,1373270,NA,NA,NA,NA,0,4,NA,21,26,NA
2020-04-22,Argentina,45649750,Entre Ríos,1373270,NA,NA,NA,NA,0,1,NA,21,30,NA
2020-04-24,Argentina,45649750,Entre Ríos,1373270,NA,NA,NA,NA,0,1,NA,21,32,NA
2020-04-26,Argentina,45649750,Entre Ríos,1373270,NA,NA,NA,NA,0,0,NA,21,32,NA
2020-04-28,Argentina,45649750,Entre Ríos,1373270,NA,NA,NA,NA,0,1,NA,22,34,NA
2020-04-30,Argentina,45649750,Entre Ríos,1373270,NA,NA,NA,NA,2,2,NA,24,36,NA
2020-05-02,Argentina,45649750,Entre Ríos,1373270,NA,NA,NA,NA,2,2,NA,26,38,NA
2020-05-04,Argentina,45649750,Entre Ríos,1373270,NA,NA,NA,NA,1,0,NA,27,38,NA
2020-05-06,Argentina,45649750,Entre Ríos,1373270,NA,NA,NA,NA,0,0,NA,28,40,NA
2020-05-08,Argentina,45649750,Entre Ríos,1373270,NA,NA,NA,NA,0,1,NA,28,42,NA
2020-05-10,Argentina,45649750,Entre Ríos,1373270,NA,NA,NA,NA,0,0,NA,28,44,NA
2020-05-12,Argentina,45649750,Entre Ríos,1373270,NA,NA,NA,NA,1,0,NA,29,45,NA
2020-05-14,Argentina,45649750,Entre Ríos,1373270,NA,NA,NA,NA,0,0,NA,29,46,NA
2020-05-16,Argentina,45649750,Entre Ríos,1373270,NA,NA,NA,NA,0,1,NA,29,48,NA
2020-05-18,Argentina,45649750,Entre Ríos,1373270,NA,NA,NA,NA,0,1,NA,29,50,NA
2020-05-20,Argentina,45649750,Entre Ríos,1373270,NA,NA,NA,NA,0,2,NA,29,52,NA
2020-05-22,Argentina,45649750,Entre Ríos,1373270,NA,NA,NA,NA,0,1,NA,29,53,NA
2020-05-24,Argentina,45649750,Entre Ríos,1373270,NA,NA,NA,NA,0,1,NA,29,54,NA
2020-05-26,Argentina,45649750,Entre Ríos,1373270,NA,NA,NA,NA,0,2,NA,29,57,NA
2020-05-28,Argentina,45649750,Entre Ríos,1373270,NA,NA,NA,NA,1,0,NA,30,58,NA
2020-05-30,Argentina,45649750,Entre Ríos,1373270,NA,NA,NA,NA,1,2,NA,31,60,NA
2020-06-01,Argentina,45649750,Entre Ríos,1373270,NA,NA,NA,NA,2,1,NA,33,62,NA
2020-06-03,Argentina,45649750,Entre Ríos,1373270,NA,NA,NA,NA,2,0,NA,35,64,NA
2020-06-05,Argentina,45649750,Entre Ríos,1373270,NA,NA,NA,NA,7,3,NA,46,70,NA
2020-06-07,Argentina,45649750,Entre Ríos,1373270,NA,NA,NA,NA,2,1,NA,52,73,NA
2020-06-09,Argentina,45649750,Entre Ríos,1373270,NA,NA,NA,NA,3,1,NA,57,74,NA
2020-06-11,Argentina,45649750,Entre Ríos,1373270,NA,NA,NA,NA,5,1,NA,68,76,NA
2020-06-13,Argentina,45649750,Entre Ríos,1373270,NA,NA,NA,NA,17,1,NA,87,78,NA
2020-06-15,Argentina,45649750,Entre Ríos,1373270,NA,NA,NA,NA,9,3,NA,97,81,NA
2020-06-17,Argentina,45649750,Entre Ríos,1373270,NA,NA,NA,NA,5,0,NA,109,82,NA
2020-06-19,Argentina,45649750,Entre Ríos,1373270,NA,NA,NA,NA,0,0,NA,113,84,NA
2020-06-21,Argentina,45649750,Entre Ríos,1373270,NA,NA,NA,NA,8,3,NA,140,87,NA
2020-06-23,Argentina,45649750,Entre Ríos,1373270,NA,NA,NA,NA,17,2,NA,174,89,NA
2020-06-25,Argentina,45649750,Entre Ríos,1373270,NA,NA,NA,NA,16,0,NA,214,91,NA
2020-06-27,Argentina,45649750,Entre Ríos,1373270,NA,NA,NA,NA,10,1,NA,245,93,NA
2020-06-29,Argentina,45649750,Entre Ríos,1373270,NA,NA,NA,NA,5,3,NA,274,96,NA
2020-07-01,Argentina,45649750,Entre Ríos,1373270,NA,NA,NA,NA,9,2,NA,288,100,NA
2020-07-03,Argentina,45649750,Entre Ríos,1373270,NA,NA,NA,NA,10,1,NA,313,101,NA
2020-07-05,Argentina,45649750,Entre Ríos,1373270,NA,NA,NA,NA,6,5,NA,325,107,NA
2020-07-07,Argentina,45649750,Entre Ríos,1373270,NA,NA,NA,NA,9,3,NA,339,111,NA
2020-07-09,Argentina,45649750,Entre Ríos,1373270,NA,NA,NA,NA,20,4,NA,370,117,NA
2020-07-11,Argentina,45649750,Entre Ríos,1373270,NA,NA,NA,NA,31,0,NA,426,117,NA
2020-07-13,Argentina,45649750,Entre Ríos,1373270,NA,NA,NA,NA,43,3,NA,529,123,NA
2020-07-15,Argentina,45649750,Entre Ríos,1373270,NA,NA,NA,NA,9,3,NA,558,128,NA
2020-07-17,Argentina,45649750,Entre Ríos,1373270,NA,NA,NA,NA,24,1,NA,596,129,NA
2020-07-19,Argentina,45649750,Entre Ríos,1373270,NA,NA,NA,NA,14,1,NA,625,130,NA
2020-07-21,Argentina,45649750,Entre Ríos,1373270,NA,NA,NA,NA,11,3,NA,655,135,NA
2020-07-23,Argentina,45649750,Entre Ríos,1373270,NA,NA,NA,NA,28,0,NA,711,136,NA
2020-07-25,Argentina,45649750,Entre Ríos,1373270,NA,NA,NA,NA,17,2,NA,738,139,NA
2020-07-27,Argentina,45649750,Entre Ríos,1373270,NA,NA,NA,NA,4,3,NA,764,142,NA
2020-07-29,Argentina,45649750,Entre Ríos,1373270,NA,NA,NA,NA,14,0,NA,786,145,NA
2020-07-31,Argentina,45649750,Entre Ríos,1373270,NA,NA,NA,NA,12,0,NA,820,145,NA
2020-08-02,Argentina,45649750,Entre Ríos,1373270,NA,NA,NA,NA,22,3,NA,854,149,NA
2020-08-04,Argentina,45649750,Entre Ríos,1373270,NA,NA,NA,NA,23,0,NA,908,150,NA
2020-08-06,Argentina,45649750,Entre Ríos,1373270,NA,NA,NA,NA,66,0,NA,1015,154,NA
2020-08-08,Argentina,45649750,Entre Ríos,1373270,NA,NA,NA,NA,32,0,NA,1094,154,NA
2020-08-10,Argentina,45649750,Entre Ríos,1373270,NA,NA,NA,NA,48,2,NA,1214,156,NA
2020-08-12,Argentina,45649750,Entre Ríos,1373270,NA,NA,NA,NA,67,2,NA,1315,159,NA
2020-08-14,Argentina,45649750,Entre Ríos,1373270,NA,NA,NA,NA,111,3,NA,1488,164,NA
2020-08-16,Argentina,45649750,Entre Ríos,1373270,NA,NA,NA,NA,70,0,NA,1630,166,NA
2020-08-18,Argentina,45649750,Entre Ríos,1373270,NA,NA,NA,NA,0,0,NA,1630,166,NA
2020-01-02,Argentina,45649750,La Rioja,388386,NA,NA,NA,NA,0,0,NA,0,0,NA
2020-01-04,Argentina,45649750,La Rioja,388386,NA,NA,NA,NA,0,0,NA,0,0,NA
2020-01-06,Argentina,45649750,La Rioja,388386,NA,NA,NA,NA,0,0,NA,0,0,NA
2020-01-08,Argentina,45649750,La Rioja,388386,NA,NA,NA,NA,0,0,NA,0,0,NA
2020-01-10,Argentina,45649750,La Rioja,388386,NA,NA,NA,NA,0,0,NA,0,0,NA
2020-01-12,Argentina,45649750,La Rioja,388386,NA,NA,NA,NA,0,0,NA,0,0,NA
2020-01-14,Argentina,45649750,La Rioja,388386,NA,NA,NA,NA,0,0,NA,0,0,NA
2020-01-16,Argentina,45649750,La Rioja,388386,NA,NA,NA,NA,0,0,NA,0,0,NA
2020-01-18,Argentina,45649750,La Rioja,388386,NA,NA,NA,NA,0,0,NA,0,0,NA
2020-01-20,Argentina,45649750,La Rioja,388386,NA,NA,NA,NA,0,0,NA,0,0,NA
2020-01-22,Argentina,45649750,La Rioja,388386,NA,NA,NA,NA,0,0,NA,0,0,NA
2020-01-24,Argentina,45649750,La Rioja,388386,NA,NA,NA,NA,0,0,NA,0,0,NA
2020-01-26,Argentina,45649750,La Rioja,388386,NA,NA,NA,NA,0,0,NA,0,0,NA
2020-01-28,Argentina,45649750,La Rioja,388386,NA,NA,NA,NA,0,0,NA,0,0,NA
2020-01-30,Argentina,45649750,La Rioja,388386,NA,NA,NA,NA,0,0,NA,0,0,NA
2020-02-01,Argentina,45649750,La Rioja,388386,NA,NA,NA,NA,0,0,NA,0,0,NA
2020-02-03,Argentina,45649750,La Rioja,388386,NA,NA,NA,NA,0,0,NA,0,0,NA
2020-02-05,Argentina,45649750,La Rioja,388386,NA,NA,NA,NA,0,0,NA,0,0,NA
2020-02-07,Argentina,45649750,La Rioja,388386,NA,NA,NA,NA,0,0,NA,0,0,NA
2020-02-09,Argentina,45649750,La Rioja,388386,NA,NA,NA,NA,0,0,NA,0,0,NA
2020-02-11,Argentina,45649750,La Rioja,388386,NA,NA,NA,NA,0,0,NA,0,0,NA
2020-02-13,Argentina,45649750,La Rioja,388386,NA,NA,NA,NA,0,0,NA,0,0,NA
2020-02-15,Argentina,45649750,La Rioja,388386,NA,NA,NA,NA,0,0,NA,0,0,NA
2020-02-17,Argentina,45649750,La Rioja,388386,NA,NA,NA,NA,0,0,NA,0,0,NA
2020-02-19,Argentina,45649750,La Rioja,388386,NA,NA,NA,NA,0,0,NA,0,0,NA
2020-02-21,Argentina,45649750,La Rioja,388386,NA,NA,NA,NA,0,0,NA,0,0,NA
2020-02-23,Argentina,45649750,La Rioja,388386,NA,NA,NA,NA,0,0,NA,0,0,NA
2020-02-25,Argentina,45649750,La Rioja,388386,NA,NA,NA,NA,0,0,NA,0,0,NA
2020-02-27,Argentina,45649750,La Rioja,388386,NA,NA,NA,NA,0,0,NA,0,0,NA
2020-02-29,Argentina,45649750,La Rioja,388386,NA,NA,NA,NA,0,0,NA,0,0,NA
2020-03-02,Argentina,45649750,La Rioja,388386,NA,NA,NA,NA,0,0,NA,0,0,NA
2020-03-04,Argentina,45649750,La Rioja,388386,NA,NA,NA,NA,0,0,NA,0,0,NA
2020-03-06,Argentina,45649750,La Rioja,388386,NA,NA,NA,NA,0,0,NA,0,0,NA
2020-03-08,Argentina,45649750,La Rioja,388386,NA,NA,NA,NA,0,0,NA,0,0,NA
2020-03-10,Argentina,45649750,La Rioja,388386,NA,NA,NA,NA,0,0,NA,0,0,NA
2020-03-12,Argentina,45649750,La Rioja,388386,NA,NA,NA,NA,0,0,NA,0,0,NA
2020-03-14,Argentina,45649750,La Rioja,388386,NA,NA,NA,NA,0,2,NA,0,2,NA
2020-03-16,Argentina,45649750,La Rioja,388386,NA,NA,NA,NA,0,0,NA,0,2,NA
2020-03-18,Argentina,45649750,La Rioja,388386,NA,NA,NA,NA,0,0,NA,0,2,NA
2020-03-20,Argentina,45649750,La Rioja,388386,NA,NA,NA,NA,0,0,NA,0,2,NA
2020-03-22,Argentina,45649750,La Rioja,388386,NA,NA,NA,NA,0,0,NA,0,2,NA
2020-03-24,Argentina,45649750,La Rioja,388386,NA,NA,NA,NA,0,1,NA,0,3,NA
2020-03-26,Argentina,45649750,La Rioja,388386,NA,NA,NA,NA,0,0,NA,0,3,NA
2020-03-28,Argentina,45649750,La Rioja,388386,NA,NA,NA,NA,0,0,NA,0,3,NA
2020-03-30,Argentina,45649750,La Rioja,388386,NA,NA,NA,NA,0,0,NA,1,3,NA
2020-04-01,Argentina,45649750,La Rioja,388386,NA,NA,NA,NA,3,0,NA,4,4,NA
2020-04-03,Argentina,45649750,La Rioja,388386,NA,NA,NA,NA,2,0,NA,6,4,NA
2020-04-05,Argentina,45649750,La Rioja,388386,NA,NA,NA,NA,1,0,NA,8,4,NA
2020-04-07,Argentina,45649750,La Rioja,388386,NA,NA,NA,NA,0,0,NA,9,4,NA
2020-04-09,Argentina,45649750,La Rioja,388386,NA,NA,NA,NA,1,0,NA,14,4,NA
2020-04-11,Argentina,45649750,La Rioja,388386,NA,NA,NA,NA,2,1,NA,18,5,NA
2020-04-13,Argentina,45649750,La Rioja,388386,NA,NA,NA,NA,6,2,NA,28,7,NA
2020-04-15,Argentina,45649750,La Rioja,388386,NA,NA,NA,NA,5,0,NA,34,7,NA
2020-04-17,Argentina,45649750,La Rioja,388386,NA,NA,NA,NA,0,1,NA,35,8,NA
2020-04-19,Argentina,45649750,La Rioja,388386,NA,NA,NA,NA,3,0,NA,39,8,NA
2020-04-21,Argentina,45649750,La Rioja,388386,NA,NA,NA,NA,5,2,NA,45,10,NA
2020-04-23,Argentina,45649750,La Rioja,388386,NA,NA,NA,NA,0,0,NA,45,11,NA
2020-04-25,Argentina,45649750,La Rioja,388386,NA,NA,NA,NA,1,0,NA,51,11,NA
2020-04-27,Argentina,45649750,La Rioja,388386,NA,NA,NA,NA,1,0,NA,52,11,NA
2020-04-29,Argentina,45649750,La Rioja,388386,NA,NA,NA,NA,0,0,NA,53,11,NA
2020-05-01,Argentina,45649750,La Rioja,388386,NA,NA,NA,NA,0,0,NA,56,11,NA
2020-05-03,Argentina,45649750,La Rioja,388386,NA,NA,NA,NA,0,0,NA,56,11,NA
2020-05-05,Argentina,45649750,La Rioja,388386,NA,NA,NA,NA,1,0,NA,57,11,NA
2020-05-07,Argentina,45649750,La Rioja,388386,NA,NA,NA,NA,1,1,NA,59,12,NA
2020-05-09,Argentina,45649750,La Rioja,388386,NA,NA,NA,NA,0,0,NA,59,13,NA
2020-05-11,Argentina,45649750,La Rioja,388386,NA,NA,NA,NA,0,0,NA,60,13,NA
2020-05-13,Argentina,45649750,La Rioja,388386,NA,NA,NA,NA,0,0,NA,60,13,NA
2020-05-15,Argentina,45649750,La Rioja,388386,NA,NA,NA,NA,0,0,NA,60,13,NA
2020-05-17,Argentina,45649750,La Rioja,388386,NA,NA,NA,NA,2,1,NA,63,14,NA
2020-05-19,Argentina,45649750,La Rioja,388386,NA,NA,NA,NA,0,0,NA,63,14,NA
2020-05-21,Argentina,45649750,La Rioja,388386,NA,NA,NA,NA,0,0,NA,63,15,NA
2020-05-23,Argentina,45649750,La Rioja,388386,NA,NA,NA,NA,0,0,NA,63,15,NA
2020-05-25,Argentina,45649750,La Rioja,388386,NA,NA,NA,NA,0,0,NA,63,15,NA
2020-05-27,Argentina,45649750,La Rioja,388386,NA,NA,NA,NA,0,0,NA,63,15,NA
2020-05-29,Argentina,45649750,La Rioja,388386,NA,NA,NA,NA,0,2,NA,63,18,NA
2020-05-31,Argentina,45649750,La Rioja,388386,NA,NA,NA,NA,0,0,NA,63,18,NA
2020-06-02,Argentina,45649750,La Rioja,388386,NA,NA,NA,NA,0,0,NA,63,18,NA
2020-06-04,Argentina,45649750,La Rioja,388386,NA,NA,NA,NA,0,0,NA,63,18,NA
2020-06-06,Argentina,45649750,La Rioja,388386,NA,NA,NA,NA,1,2,NA,64,20,NA
2020-06-08,Argentina,45649750,La Rioja,388386,NA,NA,NA,NA,0,0,NA,64,20,NA
2020-06-10,Argentina,45649750,La Rioja,388386,NA,NA,NA,NA,0,0,NA,64,20,NA
2020-06-12,Argentina,45649750,La Rioja,388386,NA,NA,NA,NA,0,0,NA,64,20,NA
2020-06-14,Argentina,45649750,La Rioja,388386,NA,NA,NA,NA,0,0,NA,64,20,NA
2020-06-16,Argentina,45649750,La Rioja,388386,NA,NA,NA,NA,0,0,NA,64,20,NA
2020-06-18,Argentina,45649750,La Rioja,388386,NA,NA,NA,NA,0,1,NA,64,21,NA
2020-06-20,Argentina,45649750,La Rioja,388386,NA,NA,NA,NA,0,0,NA,64,21,NA
2020-06-22,Argentina,45649750,La Rioja,388386,NA,NA,NA,NA,1,0,NA,65,21,NA
2020-06-24,Argentina,45649750,La Rioja,388386,NA,NA,NA,NA,2,0,NA,73,21,NA
2020-06-26,Argentina,45649750,La Rioja,388386,NA,NA,NA,NA,0,0,NA,74,21,NA
2020-06-28,Argentina,45649750,La Rioja,388386,NA,NA,NA,NA,5,0,NA,80,22,NA
2020-06-30,Argentina,45649750,La Rioja,388386,NA,NA,NA,NA,1,0,NA,85,23,NA
2020-07-02,Argentina,45649750,La Rioja,388386,NA,NA,NA,NA,3,0,NA,91,23,NA
2020-07-04,Argentina,45649750,La Rioja,388386,NA,NA,NA,NA,5,0,NA,101,23,NA
2020-07-06,Argentina,45649750,La Rioja,388386,NA,NA,NA,NA,14,1,NA,119,24,NA
2020-07-08,Argentina,45649750,La Rioja,388386,NA,NA,NA,NA,1,0,NA,126,24,NA
2020-07-10,Argentina,45649750,La Rioja,388386,NA,NA,NA,NA,5,1,NA,137,26,NA
2020-07-12,Argentina,45649750,La Rioja,388386,NA,NA,NA,NA,6,0,NA,148,26,NA
2020-07-14,Argentina,45649750,La Rioja,388386,NA,NA,NA,NA,2,2,NA,158,28,NA
2020-07-16,Argentina,45649750,La Rioja,388386,NA,NA,NA,NA,5,0,NA,168,28,NA
2020-07-18,Argentina,45649750,La Rioja,388386,NA,NA,NA,NA,5,0,NA,190,30,NA
2020-07-20,Argentina,45649750,La Rioja,388386,NA,NA,NA,NA,1,0,NA,191,30,NA
2020-07-22,Argentina,45649750,La Rioja,388386,NA,NA,NA,NA,9,0,NA,210,30,NA
2020-07-24,Argentina,45649750,La Rioja,388386,NA,NA,NA,NA,16,0,NA,236,30,NA
2020-07-26,Argentina,45649750,La Rioja,388386,NA,NA,NA,NA,10,1,NA,252,31,NA
2020-07-28,Argentina,45649750,La Rioja,388386,NA,NA,NA,NA,32,0,NA,295,31,NA
2020-07-30,Argentina,45649750,La Rioja,388386,NA,NA,NA,NA,36,0,NA,342,31,NA
2020-08-01,Argentina,45649750,La Rioja,388386,NA,NA,NA,NA,5,0,NA,358,33,NA
2020-08-03,Argentina,45649750,La Rioja,388386,NA,NA,NA,NA,20,1,NA,386,34,NA
2020-08-05,Argentina,45649750,La Rioja,388386,NA,NA,NA,NA,39,0,NA,451,34,NA
2020-08-07,Argentina,45649750,La Rioja,388386,NA,NA,NA,NA,36,1,NA,517,36,NA
2020-08-09,Argentina,45649750,La Rioja,388386,NA,NA,NA,NA,26,0,NA,548,36,NA
2020-08-11,Argentina,45649750,La Rioja,388386,NA,NA,NA,NA,19,0,NA,587,36,NA
2020-08-13,Argentina,45649750,La Rioja,388386,NA,NA,NA,NA,48,0,NA,690,36,NA
2020-08-15,Argentina,45649750,La Rioja,388386,NA,NA,NA,NA,6,0,NA,749,36,NA
2020-08-17,Argentina,45649750,La Rioja,388386,NA,NA,NA,NA,0,0,NA,749,36,NA
2020-01-01,Argentina,45649750,Santiago del Estero,968309,NA,NA,NA,NA,0,0,NA,0,0,NA
2020-01-03,Argentina,45649750,Santiago del Estero,968309,NA,NA,NA,NA,0,0,NA,0,0,NA
2020-01-05,Argentina,45649750,Santiago del Estero,968309,NA,NA,NA,NA,0,0,NA,0,0,NA
2020-01-07,Argentina,45649750,Santiago del Estero,968309,NA,NA,NA,NA,0,0,NA,0,0,NA
2020-01-09,Argentina,45649750,Santiago del Estero,968309,NA,NA,NA,NA,0,0,NA,0,0,NA
2020-01-11,Argentina,45649750,Santiago del Estero,968309,NA,NA,NA,NA,0,0,NA,0,0,NA
2020-01-13,Argentina,45649750,Santiago del Estero,968309,NA,NA,NA,NA,0,0,NA,0,0,NA
2020-01-15,Argentina,45649750,Santiago del Estero,968309,NA,NA,NA,NA,0,0,NA,0,0,NA
2020-01-17,Argentina,45649750,Santiago del Estero,968309,NA,NA,NA,NA,0,0,NA,0,0,NA
2020-01-19,Argentina,45649750,Santiago del Estero,968309,NA,NA,NA,NA,0,0,NA,0,0,NA
2020-01-21,Argentina,45649750,Santiago del Estero,968309,NA,NA,NA,NA,0,0,NA,0,0,NA
2020-01-23,Argentina,45649750,Santiago del Estero,968309,NA,NA,NA,NA,0,0,NA,0,0,NA
2020-01-25,Argentina,45649750,Santiago del Estero,968309,NA,NA,NA,NA,0,0,NA,0,0,NA
2020-01-27,Argentina,45649750,Santiago del Estero,968309,NA,NA,NA,NA,0,0,NA,0,0,NA
2020-01-29,Argentina,45649750,Santiago del Estero,968309,NA,NA,NA,NA,0,0,NA,0,0,NA
2020-01-31,Argentina,45649750,Santiago del Estero,968309,NA,NA,NA,NA,0,0,NA,0,0,NA
2020-02-02,Argentina,45649750,Santiago del Estero,968309,NA,NA,NA,NA,0,0,NA,0,0,NA
2020-02-04,Argentina,45649750,Santiago del Estero,968309,NA,NA,NA,NA,0,0,NA,0,0,NA
2020-02-06,Argentina,45649750,Santiago del Estero,968309,NA,NA,NA,NA,0,0,NA,0,0,NA
2020-02-08,Argentina,45649750,Santiago del Estero,968309,NA,NA,NA,NA,0,0,NA,0,0,NA
2020-02-10,Argentina,45649750,Santiago del Estero,968309,NA,NA,NA,NA,0,0,NA,0,0,NA
2020-02-12,Argentina,45649750,Santiago del Estero,968309,NA,NA,NA,NA,0,0,NA,0,0,NA
2020-02-14,Argentina,45649750,Santiago del Estero,968309,NA,NA,NA,NA,0,0,NA,0,0,NA
2020-02-16,Argentina,45649750,Santiago del Estero,968309,NA,NA,NA,NA,0,0,NA,0,0,NA
2020-02-18,Argentina,45649750,Santiago del Estero,968309,NA,NA,NA,NA,0,0,NA,0,0,NA
2020-02-20,Argentina,45649750,Santiago del Estero,968309,NA,NA,NA,NA,0,0,NA,0,0,NA
2020-02-22,Argentina,45649750,Santiago del Estero,968309,NA,NA,NA,NA,0,0,NA,0,0,NA
2020-02-24,Argentina,45649750,Santiago del Estero,968309,NA,NA,NA,NA,0,0,NA,0,0,NA
2020-02-26,Argentina,45649750,Santiago del Estero,968309,NA,NA,NA,NA,0,0,NA,0,0,NA
2020-02-28,Argentina,45649750,Santiago del Estero,968309,NA,NA,NA,NA,0,0,NA,0,0,NA
2020-03-01,Argentina,45649750,Santiago del Estero,968309,NA,NA,NA,NA,0,0,NA,0,0,NA
2020-03-03,Argentina,45649750,Santiago del Estero,968309,NA,NA,NA,NA,0,0,NA,0,0,NA
2020-03-05,Argentina,45649750,Santiago del Estero,968309,NA,NA,NA,NA,0,0,NA,0,0,NA
2020-03-07,Argentina,45649750,Santiago del Estero,968309,NA,NA,NA,NA,0,0,NA,0,0,NA
2020-03-09,Argentina,45649750,Santiago del Estero,968309,NA,NA,NA,NA,0,0,NA,0,0,NA
2020-03-11,Argentina,45649750,Santiago del Estero,968309,NA,NA,NA,NA,0,0,NA,0,0,NA
2020-03-13,Argentina,45649750,Santiago del Estero,968309,NA,NA,NA,NA,0,0,NA,0,0,NA
2020-03-15,Argentina,45649750,Santiago del Estero,968309,NA,NA,NA,NA,0,0,NA,0,0,NA
2020-03-17,Argentina,45649750,Santiago del Estero,968309,NA,NA,NA,NA,0,0,NA,0,0,NA
2020-03-19,Argentina,45649750,Santiago del Estero,968309,NA,NA,NA,NA,0,0,NA,0,0,NA
2020-03-21,Argentina,45649750,Santiago del Estero,968309,NA,NA,NA,NA,0,0,NA,1,0,NA
2020-03-23,Argentina,45649750,Santiago del Estero,968309,NA,NA,NA,NA,0,0,NA,2,0,NA
2020-03-25,Argentina,45649750,Santiago del Estero,968309,NA,NA,NA,NA,0,0,NA,2,0,NA
2020-03-27,Argentina,45649750,Santiago del Estero,968309,NA,NA,NA,NA,1,0,NA,3,0,NA
2020-03-29,Argentina,45649750,Santiago del Estero,968309,NA,NA,NA,NA,0,0,NA,3,1,NA
2020-03-31,Argentina,45649750,Santiago del Estero,968309,NA,NA,NA,NA,0,0,NA,3,1,NA
2020-04-02,Argentina,45649750,Santiago del Estero,968309,NA,NA,NA,NA,1,1,NA,4,3,NA
2020-04-04,Argentina,45649750,Santiago del Estero,968309,NA,NA,NA,NA,0,0,NA,4,3,NA
2020-04-06,Argentina,45649750,Santiago del Estero,968309,NA,NA,NA,NA,5,0,NA,9,3,NA
2020-04-08,Argentina,45649750,Santiago del Estero,968309,NA,NA,NA,NA,0,0,NA,9,3,NA
2020-04-10,Argentina,45649750,Santiago del Estero,968309,NA,NA,NA,NA,0,0,NA,9,4,NA
2020-04-12,Argentina,45649750,Santiago del Estero,968309,NA,NA,NA,NA,0,0,NA,11,4,NA
2020-04-14,Argentina,45649750,Santiago del Estero,968309,NA,NA,NA,NA,0,0,NA,11,4,NA
2020-04-16,Argentina,45649750,Santiago del Estero,968309,NA,NA,NA,NA,0,0,NA,11,4,NA
2020-04-18,Argentina,45649750,Santiago del Estero,968309,NA,NA,NA,NA,0,0,NA,11,4,NA
2020-04-20,Argentina,45649750,Santiago del Estero,968309,NA,NA,NA,NA,0,0,NA,11,4,NA
2020-04-22,Argentina,45649750,Santiago del Estero,968309,NA,NA,NA,NA,0,0,NA,11,4,NA
2020-04-24,Argentina,45649750,Santiago del Estero,968309,NA,NA,NA,NA,0,0,NA,11,4,NA
2020-04-26,Argentina,45649750,Santiago del Estero,968309,NA,NA,NA,NA,2,0,NA,14,4,NA
2020-04-28,Argentina,45649750,Santiago del Estero,968309,NA,NA,NA,NA,0,0,NA,14,4,NA
2020-04-30,Argentina,45649750,Santiago del Estero,968309,NA,NA,NA,NA,0,0,NA,14,4,NA
2020-05-02,Argentina,45649750,Santiago del Estero,968309,NA,NA,NA,NA,0,0,NA,14,4,NA
2020-05-04,Argentina,45649750,Santiago del Estero,968309,NA,NA,NA,NA,0,0,NA,14,4,NA
2020-05-06,Argentina,45649750,Santiago del Estero,968309,NA,NA,NA,NA,0,0,NA,14,5,NA
2020-05-08,Argentina,45649750,Santiago del Estero,968309,NA,NA,NA,NA,0,0,NA,14,5,NA
2020-05-10,Argentina,45649750,Santiago del Estero,968309,NA,NA,NA,NA,0,0,NA,15,5,NA
2020-05-12,Argentina,45649750,Santiago del Estero,968309,NA,NA,NA,NA,0,0,NA,15,5,NA
2020-05-14,Argentina,45649750,Santiago del Estero,968309,NA,NA,NA,NA,0,0,NA,15,5,NA
2020-05-16,Argentina,45649750,Santiago del Estero,968309,NA,NA,NA,NA,0,0,NA,15,5,NA
2020-05-18,Argentina,45649750,Santiago del Estero,968309,NA,NA,NA,NA,6,0,NA,21,5,NA
2020-05-20,Argentina,45649750,Santiago del Estero,968309,NA,NA,NA,NA,0,0,NA,21,5,NA
2020-05-22,Argentina,45649750,Santiago del Estero,968309,NA,NA,NA,NA,0,0,NA,21,5,NA
2020-05-24,Argentina,45649750,Santiago del Estero,968309,NA,NA,NA,NA,0,0,NA,21,5,NA
2020-05-26,Argentina,45649750,Santiago del Estero,968309,NA,NA,NA,NA,0,0,NA,21,6,NA
2020-05-28,Argentina,45649750,Santiago del Estero,968309,NA,NA,NA,NA,0,0,NA,21,6,NA
2020-05-30,Argentina,45649750,Santiago del Estero,968309,NA,NA,NA,NA,0,0,NA,21,6,NA
2020-06-01,Argentina,45649750,Santiago del Estero,968309,NA,NA,NA,NA,0,0,NA,21,6,NA
2020-06-03,Argentina,45649750,Santiago del Estero,968309,NA,NA,NA,NA,0,0,NA,22,7,NA
2020-06-05,Argentina,45649750,Santiago del Estero,968309,NA,NA,NA,NA,0,0,NA,22,7,NA
2020-06-07,Argentina,45649750,Santiago del Estero,968309,NA,NA,NA,NA,0,0,NA,22,7,NA
2020-06-09,Argentina,45649750,Santiago del Estero,968309,NA,NA,NA,NA,0,0,NA,22,8,NA
2020-06-11,Argentina,45649750,Santiago del Estero,968309,NA,NA,NA,NA,0,0,NA,22,8,NA
2020-06-13,Argentina,45649750,Santiago del Estero,968309,NA,NA,NA,NA,0,0,NA,22,8,NA
2020-06-15,Argentina,45649750,Santiago del Estero,968309,NA,NA,NA,NA,0,0,NA,22,8,NA
2020-06-17,Argentina,45649750,Santiago del Estero,968309,NA,NA,NA,NA,0,0,NA,22,8,NA
2020-06-19,Argentina,45649750,Santiago del Estero,968309,NA,NA,NA,NA,0,0,NA,22,8,NA
2020-06-21,Argentina,45649750,Santiago del Estero,968309,NA,NA,NA,NA,0,0,NA,22,8,NA
2020-06-23,Argentina,45649750,Santiago del Estero,968309,NA,NA,NA,NA,0,0,NA,22,8,NA
2020-06-25,Argentina,45649750,Santiago del Estero,968309,NA,NA,NA,NA,0,0,NA,22,8,NA
2020-06-27,Argentina,45649750,Santiago del Estero,968309,NA,NA,NA,NA,2,0,NA,24,8,NA
2020-06-29,Argentina,45649750,Santiago del Estero,968309,NA,NA,NA,NA,0,0,NA,24,8,NA
2020-07-01,Argentina,45649750,Santiago del Estero,968309,NA,NA,NA,NA,1,0,NA,25,8,NA
2020-07-03,Argentina,45649750,Santiago del Estero,968309,NA,NA,NA,NA,0,0,NA,25,8,NA
2020-07-05,Argentina,45649750,Santiago del Estero,968309,NA,NA,NA,NA,0,0,NA,25,8,NA
2020-07-07,Argentina,45649750,Santiago del Estero,968309,NA,NA,NA,NA,8,0,NA,34,8,NA
2020-07-09,Argentina,45649750,Santiago del Estero,968309,NA,NA,NA,NA,0,0,NA,35,8,NA
2020-07-11,Argentina,45649750,Santiago del Estero,968309,NA,NA,NA,NA,0,0,NA,36,8,NA
2020-07-13,Argentina,45649750,Santiago del Estero,968309,NA,NA,NA,NA,1,0,NA,37,8,NA
2020-07-15,Argentina,45649750,Santiago del Estero,968309,NA,NA,NA,NA,0,0,NA,37,8,NA
2020-07-17,Argentina,45649750,Santiago del Estero,968309,NA,NA,NA,NA,0,0,NA,37,9,NA
2020-07-19,Argentina,45649750,Santiago del Estero,968309,NA,NA,NA,NA,1,0,NA,38,9,NA
2020-07-21,Argentina,45649750,Santiago del Estero,968309,NA,NA,NA,NA,0,0,NA,38,9,NA
2020-07-23,Argentina,45649750,Santiago del Estero,968309,NA,NA,NA,NA,0,0,NA,38,9,NA
2020-07-25,Argentina,45649750,Santiago del Estero,968309,NA,NA,NA,NA,1,0,NA,40,9,NA
2020-07-27,Argentina,45649750,Santiago del Estero,968309,NA,NA,NA,NA,0,0,NA,41,9,NA
2020-07-29,Argentina,45649750,Santiago del Estero,968309,NA,NA,NA,NA,1,0,NA,43,9,NA
2020-07-31,Argentina,45649750,Santiago del Estero,968309,NA,NA,NA,NA,0,0,NA,45,9,NA
2020-08-02,Argentina,45649750,Santiago del Estero,968309,NA,NA,NA,NA,0,0,NA,45,9,NA
2020-08-04,Argentina,45649750,Santiago del Estero,968309,NA,NA,NA,NA,19,0,NA,65,9,NA
2020-08-06,Argentina,45649750,Santiago del Estero,968309,NA,NA,NA,NA,25,0,NA,99,9,NA
2020-08-08,Argentina,45649750,Santiago del Estero,968309,NA,NA,NA,NA,12,0,NA,130,9,NA
2020-08-10,Argentina,45649750,Santiago del Estero,968309,NA,NA,NA,NA,16,0,NA,155,9,NA
2020-08-12,Argentina,45649750,Santiago del Estero,968309,NA,NA,NA,NA,25,0,NA,201,9,NA
2020-08-14,Argentina,45649750,Santiago del Estero,968309,NA,NA,NA,NA,28,0,NA,252,9,NA
2020-08-16,Argentina,45649750,Santiago del Estero,968309,NA,NA,NA,NA,2,0,NA,284,9,NA
2020-08-18,Argentina,45649750,Santiago del Estero,968309,NA,NA,NA,NA,0,0,NA,284,9,NA
2020-01-02,Argentina,45649750,Chaco,1192616,NA,NA,NA,NA,0,0,NA,0,0,NA
2020-01-04,Argentina,45649750,Chaco,1192616,NA,NA,NA,NA,0,0,NA,0,0,NA
2020-01-06,Argentina,45649750,Chaco,1192616,NA,NA,NA,NA,0,0,NA,0,0,NA
2020-01-08,Argentina,45649750,Chaco,1192616,NA,NA,NA,NA,0,0,NA,0,0,NA
2020-01-10,Argentina,45649750,Chaco,1192616,NA,NA,NA,NA,0,0,NA,0,0,NA
2020-01-12,Argentina,45649750,Chaco,1192616,NA,NA,NA,NA,0,0,NA,0,0,NA
2020-01-14,Argentina,45649750,Chaco,1192616,NA,NA,NA,NA,0,0,NA,0,0,NA
2020-01-16,Argentina,45649750,Chaco,1192616,NA,NA,NA,NA,0,0,NA,0,0,NA
2020-01-18,Argentina,45649750,Chaco,1192616,NA,NA,NA,NA,0,0,NA,0,0,NA
2020-01-20,Argentina,45649750,Chaco,1192616,NA,NA,NA,NA,0,0,NA,0,0,NA
2020-01-22,Argentina,45649750,Chaco,1192616,NA,NA,NA,NA,0,0,NA,0,0,NA
2020-01-24,Argentina,45649750,Chaco,1192616,NA,NA,NA,NA,0,0,NA,0,0,NA
2020-01-26,Argentina,45649750,Chaco,1192616,NA,NA,NA,NA,0,0,NA,0,0,NA
2020-01-28,Argentina,45649750,Chaco,1192616,NA,NA,NA,NA,0,0,NA,0,0,NA
2020-01-30,Argentina,45649750,Chaco,1192616,NA,NA,NA,NA,0,0,NA,0,0,NA
2020-02-01,Argentina,45649750,Chaco,1192616,NA,NA,NA,NA,0,0,NA,0,0,NA
2020-02-03,Argentina,45649750,Chaco,1192616,NA,NA,NA,NA,0,0,NA,0,0,NA
2020-02-05,Argentina,45649750,Chaco,1192616,NA,NA,NA,NA,0,0,NA,0,0,NA
2020-02-07,Argentina,45649750,Chaco,1192616,NA,NA,NA,NA,0,0,NA,0,0,NA
2020-02-09,Argentina,45649750,Chaco,1192616,NA,NA,NA,NA,0,0,NA,0,0,NA
2020-02-11,Argentina,45649750,Chaco,1192616,NA,NA,NA,NA,0,0,NA,0,0,NA
2020-02-13,Argentina,45649750,Chaco,1192616,NA,NA,NA,NA,0,0,NA,0,0,NA
2020-02-15,Argentina,45649750,Chaco,1192616,NA,NA,NA,NA,0,0,NA,0,0,NA
2020-02-17,Argentina,45649750,Chaco,1192616,NA,NA,NA,NA,0,0,NA,0,0,NA
2020-02-19,Argentina,45649750,Chaco,1192616,NA,NA,NA,NA,0,0,NA,0,0,NA
2020-02-21,Argentina,45649750,Chaco,1192616,NA,NA,NA,NA,0,0,NA,0,0,NA
2020-02-23,Argentina,45649750,Chaco,1192616,NA,NA,NA,NA,0,0,NA,0,0,NA
2020-02-25,Argentina,45649750,Chaco,1192616,NA,NA,NA,NA,0,0,NA,0,0,NA
2020-02-27,Argentina,45649750,Chaco,1192616,NA,NA,NA,NA,0,0,NA,0,0,NA
2020-02-29,Argentina,45649750,Chaco,1192616,NA,NA,NA,NA,0,0,NA,0,0,NA
2020-03-02,Argentina,45649750,Chaco,1192616,NA,NA,NA,NA,0,0,NA,0,0,NA
2020-03-04,Argentina,45649750,Chaco,1192616,NA,NA,NA,NA,0,0,NA,0,0,NA
2020-03-06,Argentina,45649750,Chaco,1192616,NA,NA,NA,NA,0,0,NA,0,0,NA
2020-03-08,Argentina,45649750,Chaco,1192616,NA,NA,NA,NA,0,0,NA,0,0,NA
2020-03-10,Argentina,45649750,Chaco,1192616,NA,NA,NA,NA,0,0,NA,2,0,NA
2020-03-12,Argentina,45649750,Chaco,1192616,NA,NA,NA,NA,2,0,NA,4,0,NA
2020-03-14,Argentina,45649750,Chaco,1192616,NA,NA,NA,NA,0,0,NA,5,1,NA
2020-03-16,Argentina,45649750,Chaco,1192616,NA,NA,NA,NA,4,0,NA,11,1,NA
2020-03-18,Argentina,45649750,Chaco,1192616,NA,NA,NA,NA,1,0,NA,13,1,NA
2020-03-20,Argentina,45649750,Chaco,1192616,NA,NA,NA,NA,1,0,NA,16,1,NA
2020-03-22,Argentina,45649750,Chaco,1192616,NA,NA,NA,NA,7,0,NA,28,1,NA
2020-03-24,Argentina,45649750,Chaco,1192616,NA,NA,NA,NA,13,1,NA,45,2,NA
2020-03-26,Argentina,45649750,Chaco,1192616,NA,NA,NA,NA,7,1,NA,54,7,NA
2020-03-28,Argentina,45649750,Chaco,1192616,NA,NA,NA,NA,5,1,NA,63,8,NA
2020-03-30,Argentina,45649750,Chaco,1192616,NA,NA,NA,NA,3,1,NA,79,9,NA
2020-04-01,Argentina,45649750,Chaco,1192616,NA,NA,NA,NA,8,2,NA,91,12,NA
2020-04-03,Argentina,45649750,Chaco,1192616,NA,NA,NA,NA,5,0,NA,105,13,NA
2020-04-05,Argentina,45649750,Chaco,1192616,NA,NA,NA,NA,0,0,NA,107,13,NA
2020-04-07,Argentina,45649750,Chaco,1192616,NA,NA,NA,NA,12,0,NA,129,15,NA
2020-04-09,Argentina,45649750,Chaco,1192616,NA,NA,NA,NA,6,0,NA,138,16,NA
2020-04-11,Argentina,45649750,Chaco,1192616,NA,NA,NA,NA,1,1,NA,139,17,NA
2020-04-13,Argentina,45649750,Chaco,1192616,NA,NA,NA,NA,26,1,NA,166,18,NA
2020-04-15,Argentina,45649750,Chaco,1192616,NA,NA,NA,NA,14,4,NA,182,24,NA
2020-04-17,Argentina,45649750,Chaco,1192616,NA,NA,NA,NA,16,0,NA,220,25,NA
2020-04-19,Argentina,45649750,Chaco,1192616,NA,NA,NA,NA,3,3,NA,232,28,NA
2020-04-21,Argentina,45649750,Chaco,1192616,NA,NA,NA,NA,7,3,NA,243,32,NA
2020-04-23,Argentina,45649750,Chaco,1192616,NA,NA,NA,NA,7,1,NA,256,34,NA
2020-04-25,Argentina,45649750,Chaco,1192616,NA,NA,NA,NA,6,1,NA,276,37,NA
2020-04-27,Argentina,45649750,Chaco,1192616,NA,NA,NA,NA,3,1,NA,287,38,NA
2020-04-29,Argentina,45649750,Chaco,1192616,NA,NA,NA,NA,3,1,NA,294,41,NA
2020-05-01,Argentina,45649750,Chaco,1192616,NA,NA,NA,NA,17,4,NA,325,45,NA
2020-05-03,Argentina,45649750,Chaco,1192616,NA,NA,NA,NA,4,3,NA,333,52,NA
2020-05-05,Argentina,45649750,Chaco,1192616,NA,NA,NA,NA,7,1,NA,352,56,NA
2020-05-07,Argentina,45649750,Chaco,1192616,NA,NA,NA,NA,33,1,NA,409,60,NA
2020-05-09,Argentina,45649750,Chaco,1192616,NA,NA,NA,NA,33,1,NA,453,63,NA
2020-05-11,Argentina,45649750,Chaco,1192616,NA,NA,NA,NA,0,4,NA,475,69,NA
2020-05-13,Argentina,45649750,Chaco,1192616,NA,NA,NA,NA,19,2,NA,512,73,NA
2020-05-15,Argentina,45649750,Chaco,1192616,NA,NA,NA,NA,16,5,NA,555,79,NA
2020-05-17,Argentina,45649750,Chaco,1192616,NA,NA,NA,NA,14,2,NA,594,84,NA
2020-05-19,Argentina,45649750,Chaco,1192616,NA,NA,NA,NA,31,1,NA,650,90,NA
2020-05-21,Argentina,45649750,Chaco,1192616,NA,NA,NA,NA,25,0,NA,700,92,NA
2020-05-23,Argentina,45649750,Chaco,1192616,NA,NA,NA,NA,23,1,NA,749,97,NA
2020-05-25,Argentina,45649750,Chaco,1192616,NA,NA,NA,NA,18,2,NA,772,100,NA
2020-05-27,Argentina,45649750,Chaco,1192616,NA,NA,NA,NA,33,2,NA,819,104,NA
2020-05-29,Argentina,45649750,Chaco,1192616,NA,NA,NA,NA,28,2,NA,871,112,NA
2020-05-31,Argentina,45649750,Chaco,1192616,NA,NA,NA,NA,2,3,NA,890,117,NA
2020-06-02,Argentina,45649750,Chaco,1192616,NA,NA,NA,NA,8,1,NA,930,122,NA
2020-06-04,Argentina,45649750,Chaco,1192616,NA,NA,NA,NA,40,2,NA,1019,127,NA
2020-06-06,Argentina,45649750,Chaco,1192616,NA,NA,NA,NA,19,1,NA,1057,131,NA
2020-06-08,Argentina,45649750,Chaco,1192616,NA,NA,NA,NA,38,3,NA,1132,135,NA
2020-06-10,Argentina,45649750,Chaco,1192616,NA,NA,NA,NA,67,5,NA,1235,140,NA
2020-06-12,Argentina,45649750,Chaco,1192616,NA,NA,NA,NA,52,4,NA,1304,145,NA
2020-06-14,Argentina,45649750,Chaco,1192616,NA,NA,NA,NA,34,6,NA,1388,151,NA
2020-06-16,Argentina,45649750,Chaco,1192616,NA,NA,NA,NA,25,0,NA,1436,151,NA
2020-06-18,Argentina,45649750,Chaco,1192616,NA,NA,NA,NA,45,2,NA,1540,156,NA
2020-06-20,Argentina,45649750,Chaco,1192616,NA,NA,NA,NA,55,1,NA,1633,165,NA
2020-06-22,Argentina,45649750,Chaco,1192616,NA,NA,NA,NA,45,4,NA,1704,170,NA
2020-06-24,Argentina,45649750,Chaco,1192616,NA,NA,NA,NA,40,1,NA,1798,174,NA
2020-06-26,Argentina,45649750,Chaco,1192616,NA,NA,NA,NA,89,3,NA,1928,180,NA
2020-06-28,Argentina,45649750,Chaco,1192616,NA,NA,NA,NA,29,3,NA,2027,185,NA
2020-06-30,Argentina,45649750,Chaco,1192616,NA,NA,NA,NA,48,2,NA,2118,190,NA
2020-07-02,Argentina,45649750,Chaco,1192616,NA,NA,NA,NA,42,2,NA,2241,197,NA
2020-07-04,Argentina,45649750,Chaco,1192616,NA,NA,NA,NA,46,3,NA,2343,206,NA
2020-07-06,Argentina,45649750,Chaco,1192616,NA,NA,NA,NA,25,1,NA,2393,208,NA
2020-07-08,Argentina,45649750,Chaco,1192616,NA,NA,NA,NA,32,5,NA,2483,213,NA
2020-07-10,Argentina,45649750,Chaco,1192616,NA,NA,NA,NA,57,4,NA,2589,219,NA
2020-07-12,Argentina,45649750,Chaco,1192616,NA,NA,NA,NA,22,3,NA,2636,227,NA
2020-07-14,Argentina,45649750,Chaco,1192616,NA,NA,NA,NA,67,3,NA,2780,236,NA
2020-07-16,Argentina,45649750,Chaco,1192616,NA,NA,NA,NA,59,2,NA,2876,240,NA
2020-07-18,Argentina,45649750,Chaco,1192616,NA,NA,NA,NA,49,3,NA,2974,245,NA
2020-07-20,Argentina,45649750,Chaco,1192616,NA,NA,NA,NA,42,2,NA,3045,249,NA
2020-07-22,Argentina,45649750,Chaco,1192616,NA,NA,NA,NA,49,2,NA,3168,253,NA
2020-07-24,Argentina,45649750,Chaco,1192616,NA,NA,NA,NA,39,1,NA,3265,259,NA
2020-07-26,Argentina,45649750,Chaco,1192616,NA,NA,NA,NA,27,3,NA,3360,264,NA
2020-07-28,Argentina,45649750,Chaco,1192616,NA,NA,NA,NA,82,4,NA,3464,270,NA
2020-07-30,Argentina,45649750,Chaco,1192616,NA,NA,NA,NA,57,3,NA,3586,275,NA
2020-08-01,Argentina,45649750,Chaco,1192616,NA,NA,NA,NA,43,2,NA,3680,279,NA
2020-08-03,Argentina,45649750,Chaco,1192616,NA,NA,NA,NA,55,5,NA,3764,289,NA
2020-08-05,Argentina,45649750,Chaco,1192616,NA,NA,NA,NA,47,2,NA,3879,293,NA
2020-08-07,Argentina,45649750,Chaco,1192616,NA,NA,NA,NA,53,1,NA,4007,299,NA
2020-08-09,Argentina,45649750,Chaco,1192616,NA,NA,NA,NA,13,2,NA,4083,302,NA
2020-08-11,Argentina,45649750,Chaco,1192616,NA,NA,NA,NA,70,1,NA,4218,306,NA
2020-08-13,Argentina,45649750,Chaco,1192616,NA,NA,NA,NA,54,1,NA,4330,312,NA
2020-08-15,Argentina,45649750,Chaco,1192616,NA,NA,NA,NA,67,0,NA,4436,318,NA
2020-08-17,Argentina,45649750,Chaco,1192616,NA,NA,NA,NA,0,0,NA,4436,318,NA
2020-01-01,Argentina,45649750,San Juan,772876,NA,NA,NA,NA,0,0,NA,0,0,NA
2020-01-03,Argentina,45649750,San Juan,772876,NA,NA,NA,NA,0,0,NA,0,0,NA
2020-01-05,Argentina,45649750,San Juan,772876,NA,NA,NA,NA,0,0,NA,0,0,NA
2020-01-07,Argentina,45649750,San Juan,772876,NA,NA,NA,NA,0,0,NA,0,0,NA
2020-01-09,Argentina,45649750,San Juan,772876,NA,NA,NA,NA,0,0,NA,0,0,NA
2020-01-11,Argentina,45649750,San Juan,772876,NA,NA,NA,NA,0,0,NA,0,0,NA
2020-01-13,Argentina,45649750,San Juan,772876,NA,NA,NA,NA,0,0,NA,0,0,NA
2020-01-15,Argentina,45649750,San Juan,772876,NA,NA,NA,NA,0,0,NA,0,0,NA
2020-01-17,Argentina,45649750,San Juan,772876,NA,NA,NA,NA,0,0,NA,0,0,NA
2020-01-19,Argentina,45649750,San Juan,772876,NA,NA,NA,NA,0,0,NA,0,0,NA
2020-01-21,Argentina,45649750,San Juan,772876,NA,NA,NA,NA,0,0,NA,0,0,NA
2020-01-23,Argentina,45649750,San Juan,772876,NA,NA,NA,NA,0,0,NA,0,0,NA
2020-01-25,Argentina,45649750,San Juan,772876,NA,NA,NA,NA,0,0,NA,0,0,NA
2020-01-27,Argentina,45649750,San Juan,772876,NA,NA,NA,NA,0,0,NA,0,0,NA
2020-01-29,Argentina,45649750,San Juan,772876,NA,NA,NA,NA,0,0,NA,0,0,NA
2020-01-31,Argentina,45649750,San Juan,772876,NA,NA,NA,NA,0,0,NA,0,0,NA
2020-02-02,Argentina,45649750,San Juan,772876,NA,NA,NA,NA,0,0,NA,0,0,NA
2020-02-04,Argentina,45649750,San Juan,772876,NA,NA,NA,NA,0,0,NA,0,0,NA
2020-02-06,Argentina,45649750,San Juan,772876,NA,NA,NA,NA,0,0,NA,0,0,NA
2020-02-08,Argentina,45649750,San Juan,772876,NA,NA,NA,NA,0,0,NA,0,0,NA
2020-02-10,Argentina,45649750,San Juan,772876,NA,NA,NA,NA,0,0,NA,0,0,NA
2020-02-12,Argentina,45649750,San Juan,772876,NA,NA,NA,NA,0,0,NA,0,0,NA
2020-02-14,Argentina,45649750,San Juan,772876,NA,NA,NA,NA,0,0,NA,0,0,NA
2020-02-16,Argentina,45649750,San Juan,772876,NA,NA,NA,NA,0,0,NA,0,0,NA
2020-02-18,Argentina,45649750,San Juan,772876,NA,NA,NA,NA,0,0,NA,0,0,NA
2020-02-20,Argentina,45649750,San Juan,772876,NA,NA,NA,NA,0,0,NA,0,0,NA
2020-02-22,Argentina,45649750,San Juan,772876,NA,NA,NA,NA,0,0,NA,0,0,NA
2020-02-24,Argentina,45649750,San Juan,772876,NA,NA,NA,NA,0,0,NA,0,0,NA
2020-02-26,Argentina,45649750,San Juan,772876,NA,NA,NA,NA,0,0,NA,0,0,NA
2020-02-28,Argentina,45649750,San Juan,772876,NA,NA,NA,NA,0,0,NA,0,0,NA
2020-03-01,Argentina,45649750,San Juan,772876,NA,NA,NA,NA,0,0,NA,0,0,NA
2020-03-03,Argentina,45649750,San Juan,772876,NA,NA,NA,NA,0,0,NA,0,0,NA
2020-03-05,Argentina,45649750,San Juan,772876,NA,NA,NA,NA,0,0,NA,0,0,NA
2020-03-07,Argentina,45649750,San Juan,772876,NA,NA,NA,NA,0,0,NA,0,0,NA
2020-03-09,Argentina,45649750,San Juan,772876,NA,NA,NA,NA,0,0,NA,0,0,NA
2020-03-11,Argentina,45649750,San Juan,772876,NA,NA,NA,NA,0,0,NA,0,0,NA
2020-03-13,Argentina,45649750,San Juan,772876,NA,NA,NA,NA,0,0,NA,0,0,NA
2020-03-15,Argentina,45649750,San Juan,772876,NA,NA,NA,NA,0,0,NA,0,0,NA
2020-03-17,Argentina,45649750,San Juan,772876,NA,NA,NA,NA,0,0,NA,0,0,NA
2020-03-19,Argentina,45649750,San Juan,772876,NA,NA,NA,NA,0,0,NA,0,0,NA
2020-03-21,Argentina,45649750,San Juan,772876,NA,NA,NA,NA,0,0,NA,0,0,NA
2020-03-23,Argentina,45649750,San Juan,772876,NA,NA,NA,NA,0,0,NA,0,0,NA
2020-03-25,Argentina,45649750,San Juan,772876,NA,NA,NA,NA,0,0,NA,0,0,NA
2020-03-27,Argentina,45649750,San Juan,772876,NA,NA,NA,NA,0,0,NA,0,0,NA
2020-03-29,Argentina,45649750,San Juan,772876,NA,NA,NA,NA,0,0,NA,1,0,NA
2020-03-31,Argentina,45649750,San Juan,772876,NA,NA,NA,NA,0,0,NA,1,0,NA
2020-04-02,Argentina,45649750,San Juan,772876,NA,NA,NA,NA,0,0,NA,1,0,NA
2020-04-04,Argentina,45649750,San Juan,772876,NA,NA,NA,NA,0,0,NA,1,0,NA
2020-04-06,Argentina,45649750,San Juan,772876,NA,NA,NA,NA,0,0,NA,1,0,NA
2020-04-08,Argentina,45649750,San Juan,772876,NA,NA,NA,NA,0,0,NA,1,0,NA
2020-04-10,Argentina,45649750,San Juan,772876,NA,NA,NA,NA,1,0,NA,2,0,NA
2020-04-12,Argentina,45649750,San Juan,772876,NA,NA,NA,NA,0,0,NA,2,0,NA
2020-04-14,Argentina,45649750,San Juan,772876,NA,NA,NA,NA,0,0,NA,2,0,NA
2020-04-16,Argentina,45649750,San Juan,772876,NA,NA,NA,NA,0,0,NA,2,0,NA
2020-04-18,Argentina,45649750,San Juan,772876,NA,NA,NA,NA,0,0,NA,2,0,NA
2020-04-20,Argentina,45649750,San Juan,772876,NA,NA,NA,NA,0,0,NA,2,0,NA
2020-04-22,Argentina,45649750,San Juan,772876,NA,NA,NA,NA,0,0,NA,2,0,NA
2020-04-24,Argentina,45649750,San Juan,772876,NA,NA,NA,NA,0,0,NA,2,0,NA
2020-04-26,Argentina,45649750,San Juan,772876,NA,NA,NA,NA,0,0,NA,2,0,NA
2020-04-28,Argentina,45649750,San Juan,772876,NA,NA,NA,NA,0,0,NA,2,0,NA
2020-04-30,Argentina,45649750,San Juan,772876,NA,NA,NA,NA,0,0,NA,2,0,NA
2020-05-02,Argentina,45649750,San Juan,772876,NA,NA,NA,NA,0,0,NA,2,0,NA
2020-05-04,Argentina,45649750,San Juan,772876,NA,NA,NA,NA,0,0,NA,2,0,NA
2020-05-06,Argentina,45649750,San Juan,772876,NA,NA,NA,NA,0,0,NA,3,0,NA
2020-05-08,Argentina,45649750,San Juan,772876,NA,NA,NA,NA,0,0,NA,3,0,NA
2020-05-10,Argentina,45649750,San Juan,772876,NA,NA,NA,NA,0,0,NA,3,0,NA
2020-05-12,Argentina,45649750,San Juan,772876,NA,NA,NA,NA,0,0,NA,3,0,NA
2020-05-14,Argentina,45649750,San Juan,772876,NA,NA,NA,NA,0,0,NA,3,0,NA
2020-05-16,Argentina,45649750,San Juan,772876,NA,NA,NA,NA,0,0,NA,3,0,NA
2020-05-18,Argentina,45649750,San Juan,772876,NA,NA,NA,NA,1,0,NA,4,0,NA
2020-05-20,Argentina,45649750,San Juan,772876,NA,NA,NA,NA,0,0,NA,4,0,NA
2020-05-22,Argentina,45649750,San Juan,772876,NA,NA,NA,NA,0,0,NA,4,0,NA
2020-05-24,Argentina,45649750,San Juan,772876,NA,NA,NA,NA,0,0,NA,4,0,NA
2020-05-26,Argentina,45649750,San Juan,772876,NA,NA,NA,NA,0,0,NA,4,0,NA
2020-05-28,Argentina,45649750,San Juan,772876,NA,NA,NA,NA,0,0,NA,5,0,NA
2020-05-30,Argentina,45649750,San Juan,772876,NA,NA,NA,NA,0,0,NA,5,0,NA
2020-06-01,Argentina,45649750,San Juan,772876,NA,NA,NA,NA,0,0,NA,5,0,NA
2020-06-03,Argentina,45649750,San Juan,772876,NA,NA,NA,NA,0,0,NA,5,0,NA
2020-06-05,Argentina,45649750,San Juan,772876,NA,NA,NA,NA,0,0,NA,5,0,NA
2020-06-07,Argentina,45649750,San Juan,772876,NA,NA,NA,NA,0,0,NA,5,0,NA
2020-06-09,Argentina,45649750,San Juan,772876,NA,NA,NA,NA,1,0,NA,6,0,NA
2020-06-11,Argentina,45649750,San Juan,772876,NA,NA,NA,NA,0,0,NA,6,0,NA
2020-06-13,Argentina,45649750,San Juan,772876,NA,NA,NA,NA,0,0,NA,7,0,NA
2020-06-15,Argentina,45649750,San Juan,772876,NA,NA,NA,NA,0,0,NA,7,0,NA
2020-06-17,Argentina,45649750,San Juan,772876,NA,NA,NA,NA,0,0,NA,7,0,NA
2020-06-19,Argentina,45649750,San Juan,772876,NA,NA,NA,NA,0,0,NA,7,0,NA
2020-06-21,Argentina,45649750,San Juan,772876,NA,NA,NA,NA,0,0,NA,8,0,NA
2020-06-23,Argentina,45649750,San Juan,772876,NA,NA,NA,NA,0,0,NA,8,0,NA
2020-06-25,Argentina,45649750,San Juan,772876,NA,NA,NA,NA,0,0,NA,8,0,NA
2020-06-27,Argentina,45649750,San Juan,772876,NA,NA,NA,NA,0,0,NA,8,0,NA
2020-06-29,Argentina,45649750,San Juan,772876,NA,NA,NA,NA,0,0,NA,8,0,NA
2020-07-01,Argentina,45649750,San Juan,772876,NA,NA,NA,NA,0,0,NA,8,0,NA
2020-07-03,Argentina,45649750,San Juan,772876,NA,NA,NA,NA,0,0,NA,8,0,NA
2020-07-05,Argentina,45649750,San Juan,772876,NA,NA,NA,NA,0,0,NA,8,0,NA
2020-07-07,Argentina,45649750,San Juan,772876,NA,NA,NA,NA,0,0,NA,8,0,NA
2020-07-09,Argentina,45649750,San Juan,772876,NA,NA,NA,NA,1,0,NA,9,0,NA
2020-07-11,Argentina,45649750,San Juan,772876,NA,NA,NA,NA,0,0,NA,9,0,NA
2020-07-13,Argentina,45649750,San Juan,772876,NA,NA,NA,NA,4,0,NA,13,0,NA
2020-07-15,Argentina,45649750,San Juan,772876,NA,NA,NA,NA,0,0,NA,13,0,NA
2020-07-17,Argentina,45649750,San Juan,772876,NA,NA,NA,NA,0,0,NA,13,0,NA
2020-07-19,Argentina,45649750,San Juan,772876,NA,NA,NA,NA,2,0,NA,15,0,NA
2020-07-21,Argentina,45649750,San Juan,772876,NA,NA,NA,NA,3,0,NA,18,0,NA
2020-07-23,Argentina,45649750,San Juan,772876,NA,NA,NA,NA,0,0,NA,18,0,NA
2020-07-25,Argentina,45649750,San Juan,772876,NA,NA,NA,NA,0,0,NA,18,0,NA
2020-07-27,Argentina,45649750,San Juan,772876,NA,NA,NA,NA,0,0,NA,19,0,NA
2020-07-29,Argentina,45649750,San Juan,772876,NA,NA,NA,NA,0,0,NA,19,0,NA
2020-07-31,Argentina,45649750,San Juan,772876,NA,NA,NA,NA,0,0,NA,19,0,NA
2020-08-02,Argentina,45649750,San Juan,772876,NA,NA,NA,NA,0,0,NA,19,0,NA
2020-08-04,Argentina,45649750,San Juan,772876,NA,NA,NA,NA,0,0,NA,21,0,NA
2020-08-06,Argentina,45649750,San Juan,772876,NA,NA,NA,NA,0,0,NA,21,0,NA
2020-08-08,Argentina,45649750,San Juan,772876,NA,NA,NA,NA,0,0,NA,21,0,NA
2020-08-10,Argentina,45649750,San Juan,772876,NA,NA,NA,NA,0,0,NA,21,0,NA
2020-08-12,Argentina,45649750,San Juan,772876,NA,NA,NA,NA,0,0,NA,21,0,NA
2020-08-14,Argentina,45649750,San Juan,772876,NA,NA,NA,NA,0,0,NA,21,0,NA
2020-08-16,Argentina,45649750,San Juan,772876,NA,NA,NA,NA,0,0,NA,21,0,NA
2020-08-18,Argentina,45649750,San Juan,772876,NA,NA,NA,NA,0,0,NA,21,0,NA
2020-01-02,Argentina,45649750,Catamarca,411824,NA,NA,NA,NA,0,0,NA,0,0,NA
2020-01-04,Argentina,45649750,Catamarca,411824,NA,NA,NA,NA,0,0,NA,0,0,NA
2020-01-06,Argentina,45649750,Catamarca,411824,NA,NA,NA,NA,0,0,NA,0,0,NA
2020-01-08,Argentina,45649750,Catamarca,411824,NA,NA,NA,NA,0,0,NA,0,0,NA
2020-01-10,Argentina,45649750,Catamarca,411824,NA,NA,NA,NA,0,0,NA,0,0,NA
2020-01-12,Argentina,45649750,Catamarca,411824,NA,NA,NA,NA,0,0,NA,0,0,NA
2020-01-14,Argentina,45649750,Catamarca,411824,NA,NA,NA,NA,0,0,NA,0,0,NA
2020-01-16,Argentina,45649750,Catamarca,411824,NA,NA,NA,NA,0,0,NA,0,0,NA
2020-01-18,Argentina,45649750,Catamarca,411824,NA,NA,NA,NA,0,0,NA,0,0,NA
2020-01-20,Argentina,45649750,Catamarca,411824,NA,NA,NA,NA,0,0,NA,0,0,NA
2020-01-22,Argentina,45649750,Catamarca,411824,NA,NA,NA,NA,0,0,NA,0,0,NA
2020-01-24,Argentina,45649750,Catamarca,411824,NA,NA,NA,NA,0,0,NA,0,0,NA
2020-01-26,Argentina,45649750,Catamarca,411824,NA,NA,NA,NA,0,0,NA,0,0,NA
2020-01-28,Argentina,45649750,Catamarca,411824,NA,NA,NA,NA,0,0,NA,0,0,NA
2020-01-30,Argentina,45649750,Catamarca,411824,NA,NA,NA,NA,0,0,NA,0,0,NA
2020-02-01,Argentina,45649750,Catamarca,411824,NA,NA,NA,NA,0,0,NA,0,0,NA
2020-02-03,Argentina,45649750,Catamarca,411824,NA,NA,NA,NA,0,0,NA,0,0,NA
2020-02-05,Argentina,45649750,Catamarca,411824,NA,NA,NA,NA,0,0,NA,0,0,NA
2020-02-07,Argentina,45649750,Catamarca,411824,NA,NA,NA,NA,0,0,NA,0,0,NA
2020-02-09,Argentina,45649750,Catamarca,411824,NA,NA,NA,NA,0,0,NA,0,0,NA
2020-02-11,Argentina,45649750,Catamarca,411824,NA,NA,NA,NA,0,0,NA,0,0,NA
2020-02-13,Argentina,45649750,Catamarca,411824,NA,NA,NA,NA,0,0,NA,0,0,NA
2020-02-15,Argentina,45649750,Catamarca,411824,NA,NA,NA,NA,0,0,NA,0,0,NA
2020-02-17,Argentina,45649750,Catamarca,411824,NA,NA,NA,NA,0,0,NA,0,0,NA
2020-02-19,Argentina,45649750,Catamarca,411824,NA,NA,NA,NA,0,0,NA,0,0,NA
2020-02-21,Argentina,45649750,Catamarca,411824,NA,NA,NA,NA,0,0,NA,0,0,NA
2020-02-23,Argentina,45649750,Catamarca,411824,NA,NA,NA,NA,0,0,NA,0,0,NA
2020-02-25,Argentina,45649750,Catamarca,411824,NA,NA,NA,NA,0,0,NA,0,0,NA
2020-02-27,Argentina,45649750,Catamarca,411824,NA,NA,NA,NA,0,0,NA,0,0,NA
2020-02-29,Argentina,45649750,Catamarca,411824,NA,NA,NA,NA,0,0,NA,0,0,NA
2020-03-02,Argentina,45649750,Catamarca,411824,NA,NA,NA,NA,0,0,NA,0,0,NA
2020-03-04,Argentina,45649750,Catamarca,411824,NA,NA,NA,NA,0,0,NA,0,0,NA
2020-03-06,Argentina,45649750,Catamarca,411824,NA,NA,NA,NA,0,0,NA,0,0,NA
2020-03-08,Argentina,45649750,Catamarca,411824,NA,NA,NA,NA,0,0,NA,0,0,NA
2020-03-10,Argentina,45649750,Catamarca,411824,NA,NA,NA,NA,0,0,NA,0,0,NA
2020-03-12,Argentina,45649750,Catamarca,411824,NA,NA,NA,NA,0,0,NA,0,0,NA
2020-03-14,Argentina,45649750,Catamarca,411824,NA,NA,NA,NA,0,0,NA,0,0,NA
2020-03-16,Argentina,45649750,Catamarca,411824,NA,NA,NA,NA,0,0,NA,0,0,NA
2020-03-18,Argentina,45649750,Catamarca,411824,NA,NA,NA,NA,0,0,NA,0,0,NA
2020-03-20,Argentina,45649750,Catamarca,411824,NA,NA,NA,NA,0,0,NA,0,0,NA
2020-03-22,Argentina,45649750,Catamarca,411824,NA,NA,NA,NA,0,0,NA,0,0,NA
2020-03-24,Argentina,45649750,Catamarca,411824,NA,NA,NA,NA,0,0,NA,0,0,NA
2020-03-26,Argentina,45649750,Catamarca,411824,NA,NA,NA,NA,0,0,NA,0,0,NA
2020-03-28,Argentina,45649750,Catamarca,411824,NA,NA,NA,NA,0,0,NA,0,0,NA
2020-03-30,Argentina,45649750,Catamarca,411824,NA,NA,NA,NA,0,0,NA,0,0,NA
2020-04-01,Argentina,45649750,Catamarca,411824,NA,NA,NA,NA,0,0,NA,0,0,NA
2020-04-03,Argentina,45649750,Catamarca,411824,NA,NA,NA,NA,0,0,NA,0,0,NA
2020-04-05,Argentina,45649750,Catamarca,411824,NA,NA,NA,NA,0,0,NA,0,0,NA
2020-04-07,Argentina,45649750,Catamarca,411824,NA,NA,NA,NA,0,0,NA,0,0,NA
2020-04-09,Argentina,45649750,Catamarca,411824,NA,NA,NA,NA,0,0,NA,0,0,NA
2020-04-11,Argentina,45649750,Catamarca,411824,NA,NA,NA,NA,0,0,NA,0,0,NA
2020-04-13,Argentina,45649750,Catamarca,411824,NA,NA,NA,NA,0,0,NA,0,0,NA
2020-04-15,Argentina,45649750,Catamarca,411824,NA,NA,NA,NA,0,0,NA,0,0,NA
2020-04-17,Argentina,45649750,Catamarca,411824,NA,NA,NA,NA,0,0,NA,0,0,NA
2020-04-19,Argentina,45649750,Catamarca,411824,NA,NA,NA,NA,0,0,NA,0,0,NA
2020-04-21,Argentina,45649750,Catamarca,411824,NA,NA,NA,NA,0,0,NA,0,0,NA
2020-04-23,Argentina,45649750,Catamarca,411824,NA,NA,NA,NA,0,0,NA,0,0,NA
2020-04-25,Argentina,45649750,Catamarca,411824,NA,NA,NA,NA,0,0,NA,0,0,NA
2020-04-27,Argentina,45649750,Catamarca,411824,NA,NA,NA,NA,0,0,NA,0,0,NA
2020-04-29,Argentina,45649750,Catamarca,411824,NA,NA,NA,NA,0,0,NA,0,0,NA
2020-05-01,Argentina,45649750,Catamarca,411824,NA,NA,NA,NA,0,0,NA,0,0,NA
2020-05-03,Argentina,45649750,Catamarca,411824,NA,NA,NA,NA,0,0,NA,0,0,NA
2020-05-05,Argentina,45649750,Catamarca,411824,NA,NA,NA,NA,0,0,NA,0,0,NA
2020-05-07,Argentina,45649750,Catamarca,411824,NA,NA,NA,NA,0,0,NA,0,0,NA
2020-05-09,Argentina,45649750,Catamarca,411824,NA,NA,NA,NA,0,0,NA,0,0,NA
2020-05-11,Argentina,45649750,Catamarca,411824,NA,NA,NA,NA,0,0,NA,0,0,NA
2020-05-13,Argentina,45649750,Catamarca,411824,NA,NA,NA,NA,0,0,NA,0,0,NA
2020-05-15,Argentina,45649750,Catamarca,411824,NA,NA,NA,NA,0,0,NA,0,0,NA
2020-05-17,Argentina,45649750,Catamarca,411824,NA,NA,NA,NA,0,0,NA,0,0,NA
2020-05-19,Argentina,45649750,Catamarca,411824,NA,NA,NA,NA,0,0,NA,0,0,NA
2020-05-21,Argentina,45649750,Catamarca,411824,NA,NA,NA,NA,0,0,NA,0,0,NA
2020-05-23,Argentina,45649750,Catamarca,411824,NA,NA,NA,NA,0,0,NA,0,0,NA
2020-05-25,Argentina,45649750,Catamarca,411824,NA,NA,NA,NA,0,0,NA,0,0,NA
2020-05-27,Argentina,45649750,Catamarca,411824,NA,NA,NA,NA,0,0,NA,0,0,NA
2020-05-29,Argentina,45649750,Catamarca,411824,NA,NA,NA,NA,0,0,NA,0,0,NA
2020-05-31,Argentina,45649750,Catamarca,411824,NA,NA,NA,NA,0,0,NA,0,0,NA
2020-06-02,Argentina,45649750,Catamarca,411824,NA,NA,NA,NA,0,0,NA,0,0,NA
2020-06-04,Argentina,45649750,Catamarca,411824,NA,NA,NA,NA,0,0,NA,0,0,NA
2020-06-06,Argentina,45649750,Catamarca,411824,NA,NA,NA,NA,0,0,NA,0,0,NA
2020-06-08,Argentina,45649750,Catamarca,411824,NA,NA,NA,NA,0,0,NA,0,0,NA
2020-06-10,Argentina,45649750,Catamarca,411824,NA,NA,NA,NA,0,0,NA,0,0,NA
2020-06-12,Argentina,45649750,Catamarca,411824,NA,NA,NA,NA,0,0,NA,0,0,NA
2020-06-14,Argentina,45649750,Catamarca,411824,NA,NA,NA,NA,0,0,NA,0,0,NA
2020-06-16,Argentina,45649750,Catamarca,411824,NA,NA,NA,NA,0,0,NA,0,0,NA
2020-06-18,Argentina,45649750,Catamarca,411824,NA,NA,NA,NA,0,0,NA,0,0,NA
2020-06-20,Argentina,45649750,Catamarca,411824,NA,NA,NA,NA,0,0,NA,0,0,NA
2020-06-22,Argentina,45649750,Catamarca,411824,NA,NA,NA,NA,0,0,NA,0,0,NA
2020-06-24,Argentina,45649750,Catamarca,411824,NA,NA,NA,NA,0,0,NA,0,0,NA
2020-06-26,Argentina,45649750,Catamarca,411824,NA,NA,NA,NA,0,0,NA,0,0,NA
2020-06-28,Argentina,45649750,Catamarca,411824,NA,NA,NA,NA,0,0,NA,0,0,NA
2020-06-30,Argentina,45649750,Catamarca,411824,NA,NA,NA,NA,0,0,NA,0,0,NA
2020-07-02,Argentina,45649750,Catamarca,411824,NA,NA,NA,NA,0,0,NA,0,0,NA
2020-07-04,Argentina,45649750,Catamarca,411824,NA,NA,NA,NA,5,0,NA,6,0,NA
2020-07-06,Argentina,45649750,Catamarca,411824,NA,NA,NA,NA,0,0,NA,7,0,NA
2020-07-08,Argentina,45649750,Catamarca,411824,NA,NA,NA,NA,10,0,NA,38,0,NA
2020-07-10,Argentina,45649750,Catamarca,411824,NA,NA,NA,NA,1,0,NA,39,0,NA
2020-07-12,Argentina,45649750,Catamarca,411824,NA,NA,NA,NA,0,0,NA,39,0,NA
2020-07-14,Argentina,45649750,Catamarca,411824,NA,NA,NA,NA,2,0,NA,41,0,NA
2020-07-16,Argentina,45649750,Catamarca,411824,NA,NA,NA,NA,14,0,NA,55,0,NA
2020-07-18,Argentina,45649750,Catamarca,411824,NA,NA,NA,NA,1,0,NA,57,0,NA
2020-07-20,Argentina,45649750,Catamarca,411824,NA,NA,NA,NA,2,0,NA,59,0,NA
2020-07-22,Argentina,45649750,Catamarca,411824,NA,NA,NA,NA,0,0,NA,59,0,NA
2020-07-24,Argentina,45649750,Catamarca,411824,NA,NA,NA,NA,0,0,NA,59,0,NA
2020-07-26,Argentina,45649750,Catamarca,411824,NA,NA,NA,NA,0,0,NA,59,0,NA
2020-07-28,Argentina,45649750,Catamarca,411824,NA,NA,NA,NA,1,0,NA,60,0,NA
2020-07-30,Argentina,45649750,Catamarca,411824,NA,NA,NA,NA,0,0,NA,60,0,NA
2020-08-01,Argentina,45649750,Catamarca,411824,NA,NA,NA,NA,0,0,NA,60,0,NA
2020-08-03,Argentina,45649750,Catamarca,411824,NA,NA,NA,NA,0,0,NA,60,0,NA
2020-08-05,Argentina,45649750,Catamarca,411824,NA,NA,NA,NA,0,0,NA,60,0,NA
2020-08-07,Argentina,45649750,Catamarca,411824,NA,NA,NA,NA,0,0,NA,60,0,NA
2020-08-09,Argentina,45649750,Catamarca,411824,NA,NA,NA,NA,0,0,NA,60,0,NA
2020-08-11,Argentina,45649750,Catamarca,411824,NA,NA,NA,NA,2,0,NA,62,0,NA
2020-08-13,Argentina,45649750,Catamarca,411824,NA,NA,NA,NA,0,0,NA,62,0,NA
2020-08-15,Argentina,45649750,Catamarca,411824,NA,NA,NA,NA,0,0,NA,62,0,NA
2020-08-17,Argentina,45649750,Catamarca,411824,NA,NA,NA,NA,0,0,NA,62,0,NA
2020-01-01,Argentina,45649750,La Pampa,355422,NA,NA,NA,NA,0,0,NA,0,0,NA
2020-01-03,Argentina,45649750,La Pampa,355422,NA,NA,NA,NA,0,0,NA,0,0,NA
2020-01-05,Argentina,45649750,La Pampa,355422,NA,NA,NA,NA,0,0,NA,0,0,NA
2020-01-07,Argentina,45649750,La Pampa,355422,NA,NA,NA,NA,0,0,NA,0,0,NA
2020-01-09,Argentina,45649750,La Pampa,355422,NA,NA,NA,NA,0,0,NA,0,0,NA
2020-01-11,Argentina,45649750,La Pampa,355422,NA,NA,NA,NA,0,0,NA,0,0,NA
2020-01-13,Argentina,45649750,La Pampa,355422,NA,NA,NA,NA,0,0,NA,0,0,NA
2020-01-15,Argentina,45649750,La Pampa,355422,NA,NA,NA,NA,0,0,NA,0,0,NA
2020-01-17,Argentina,45649750,La Pampa,355422,NA,NA,NA,NA,0,0,NA,0,0,NA
2020-01-19,Argentina,45649750,La Pampa,355422,NA,NA,NA,NA,0,0,NA,0,0,NA
2020-01-21,Argentina,45649750,La Pampa,355422,NA,NA,NA,NA,0,0,NA,0,0,NA
2020-01-23,Argentina,45649750,La Pampa,355422,NA,NA,NA,NA,0,0,NA,0,0,NA
2020-01-25,Argentina,45649750,La Pampa,355422,NA,NA,NA,NA,0,0,NA,0,0,NA
2020-01-27,Argentina,45649750,La Pampa,355422,NA,NA,NA,NA,0,0,NA,0,0,NA
2020-01-29,Argentina,45649750,La Pampa,355422,NA,NA,NA,NA,0,0,NA,0,0,NA
2020-01-31,Argentina,45649750,La Pampa,355422,NA,NA,NA,NA,0,0,NA,0,0,NA
2020-02-02,Argentina,45649750,La Pampa,355422,NA,NA,NA,NA,0,0,NA,0,0,NA
2020-02-04,Argentina,45649750,La Pampa,355422,NA,NA,NA,NA,0,0,NA,0,0,NA
2020-02-06,Argentina,45649750,La Pampa,355422,NA,NA,NA,NA,0,0,NA,0,0,NA
2020-02-08,Argentina,45649750,La Pampa,355422,NA,NA,NA,NA,0,0,NA,0,0,NA
2020-02-10,Argentina,45649750,La Pampa,355422,NA,NA,NA,NA,0,0,NA,0,0,NA
2020-02-12,Argentina,45649750,La Pampa,355422,NA,NA,NA,NA,0,0,NA,0,0,NA
2020-02-14,Argentina,45649750,La Pampa,355422,NA,NA,NA,NA,0,0,NA,0,0,NA
2020-02-16,Argentina,45649750,La Pampa,355422,NA,NA,NA,NA,0,0,NA,0,0,NA
2020-02-18,Argentina,45649750,La Pampa,355422,NA,NA,NA,NA,0,0,NA,0,0,NA
2020-02-20,Argentina,45649750,La Pampa,355422,NA,NA,NA,NA,0,0,NA,0,0,NA
2020-02-22,Argentina,45649750,La Pampa,355422,NA,NA,NA,NA,0,0,NA,0,0,NA
2020-02-24,Argentina,45649750,La Pampa,355422,NA,NA,NA,NA,0,0,NA,0,0,NA
2020-02-26,Argentina,45649750,La Pampa,355422,NA,NA,NA,NA,0,0,NA,0,0,NA
2020-02-28,Argentina,45649750,La Pampa,355422,NA,NA,NA,NA,0,0,NA,0,0,NA
2020-03-01,Argentina,45649750,La Pampa,355422,NA,NA,NA,NA,0,0,NA,0,0,NA
2020-03-03,Argentina,45649750,La Pampa,355422,NA,NA,NA,NA,0,0,NA,0,0,NA
2020-03-05,Argentina,45649750,La Pampa,355422,NA,NA,NA,NA,0,0,NA,0,0,NA
2020-03-07,Argentina,45649750,La Pampa,355422,NA,NA,NA,NA,0,0,NA,0,0,NA
2020-03-09,Argentina,45649750,La Pampa,355422,NA,NA,NA,NA,0,0,NA,0,0,NA
2020-03-11,Argentina,45649750,La Pampa,355422,NA,NA,NA,NA,0,0,NA,0,0,NA
2020-03-13,Argentina,45649750,La Pampa,355422,NA,NA,NA,NA,0,0,NA,0,0,NA
2020-03-15,Argentina,45649750,La Pampa,355422,NA,NA,NA,NA,0,0,NA,0,0,NA
2020-03-17,Argentina,45649750,La Pampa,355422,NA,NA,NA,NA,0,0,NA,0,0,NA
2020-03-19,Argentina,45649750,La Pampa,355422,NA,NA,NA,NA,0,0,NA,0,0,NA
2020-03-21,Argentina,45649750,La Pampa,355422,NA,NA,NA,NA,0,0,NA,0,0,NA
2020-03-23,Argentina,45649750,La Pampa,355422,NA,NA,NA,NA,0,0,NA,0,0,NA
2020-03-25,Argentina,45649750,La Pampa,355422,NA,NA,NA,NA,0,0,NA,1,0,NA
2020-03-27,Argentina,45649750,La Pampa,355422,NA,NA,NA,NA,0,0,NA,1,0,NA
2020-03-29,Argentina,45649750,La Pampa,355422,NA,NA,NA,NA,2,1,NA,3,1,NA
2020-03-31,Argentina,45649750,La Pampa,355422,NA,NA,NA,NA,0,1,NA,3,2,NA
2020-04-02,Argentina,45649750,La Pampa,355422,NA,NA,NA,NA,0,0,NA,3,2,NA
2020-04-04,Argentina,45649750,La Pampa,355422,NA,NA,NA,NA,0,1,NA,3,3,NA
2020-04-06,Argentina,45649750,La Pampa,355422,NA,NA,NA,NA,0,0,NA,3,3,NA
2020-04-08,Argentina,45649750,La Pampa,355422,NA,NA,NA,NA,1,0,NA,5,3,NA
2020-04-10,Argentina,45649750,La Pampa,355422,NA,NA,NA,NA,0,0,NA,5,3,NA
2020-04-12,Argentina,45649750,La Pampa,355422,NA,NA,NA,NA,0,0,NA,5,3,NA
2020-04-14,Argentina,45649750,La Pampa,355422,NA,NA,NA,NA,0,0,NA,5,3,NA
2020-04-16,Argentina,45649750,La Pampa,355422,NA,NA,NA,NA,0,1,NA,5,5,NA
2020-04-18,Argentina,45649750,La Pampa,355422,NA,NA,NA,NA,0,0,NA,5,5,NA
2020-04-20,Argentina,45649750,La Pampa,355422,NA,NA,NA,NA,0,1,NA,5,6,NA
2020-04-22,Argentina,45649750,La Pampa,355422,NA,NA,NA,NA,0,0,NA,5,6,NA
2020-04-24,Argentina,45649750,La Pampa,355422,NA,NA,NA,NA,0,0,NA,5,6,NA
2020-04-26,Argentina,45649750,La Pampa,355422,NA,NA,NA,NA,0,0,NA,5,7,NA
2020-04-28,Argentina,45649750,La Pampa,355422,NA,NA,NA,NA,0,0,NA,5,7,NA
2020-04-30,Argentina,45649750,La Pampa,355422,NA,NA,NA,NA,0,0,NA,5,7,NA
2020-05-02,Argentina,45649750,La Pampa,355422,NA,NA,NA,NA,0,0,NA,5,8,NA
2020-05-04,Argentina,45649750,La Pampa,355422,NA,NA,NA,NA,0,0,NA,5,8,NA
2020-05-06,Argentina,45649750,La Pampa,355422,NA,NA,NA,NA,0,0,NA,5,8,NA
2020-05-08,Argentina,45649750,La Pampa,355422,NA,NA,NA,NA,0,0,NA,5,9,NA
2020-05-10,Argentina,45649750,La Pampa,355422,NA,NA,NA,NA,0,0,NA,5,9,NA
2020-05-12,Argentina,45649750,La Pampa,355422,NA,NA,NA,NA,0,0,NA,5,9,NA
2020-05-14,Argentina,45649750,La Pampa,355422,NA,NA,NA,NA,0,0,NA,5,9,NA
2020-05-16,Argentina,45649750,La Pampa,355422,NA,NA,NA,NA,0,1,NA,5,10,NA
2020-05-18,Argentina,45649750,La Pampa,355422,NA,NA,NA,NA,0,0,NA,5,10,NA
2020-05-20,Argentina,45649750,La Pampa,355422,NA,NA,NA,NA,0,0,NA,5,10,NA
2020-05-22,Argentina,45649750,La Pampa,355422,NA,NA,NA,NA,0,0,NA,5,10,NA
2020-05-24,Argentina,45649750,La Pampa,355422,NA,NA,NA,NA,0,0,NA,5,10,NA
2020-05-26,Argentina,45649750,La Pampa,355422,NA,NA,NA,NA,0,0,NA,5,10,NA
2020-05-28,Argentina,45649750,La Pampa,355422,NA,NA,NA,NA,0,0,NA,5,10,NA
2020-05-30,Argentina,45649750,La Pampa,355422,NA,NA,NA,NA,0,0,NA,5,10,NA
2020-06-01,Argentina,45649750,La Pampa,355422,NA,NA,NA,NA,0,0,NA,5,11,NA
2020-06-03,Argentina,45649750,La Pampa,355422,NA,NA,NA,NA,0,0,NA,5,11,NA
2020-06-05,Argentina,45649750,La Pampa,355422,NA,NA,NA,NA,0,0,NA,5,11,NA
2020-06-07,Argentina,45649750,La Pampa,355422,NA,NA,NA,NA,0,0,NA,5,11,NA
2020-06-09,Argentina,45649750,La Pampa,355422,NA,NA,NA,NA,0,0,NA,5,11,NA
2020-06-11,Argentina,45649750,La Pampa,355422,NA,NA,NA,NA,0,0,NA,5,11,NA
2020-06-13,Argentina,45649750,La Pampa,355422,NA,NA,NA,NA,0,0,NA,5,11,NA
2020-06-15,Argentina,45649750,La Pampa,355422,NA,NA,NA,NA,0,1,NA,6,12,NA
2020-06-17,Argentina,45649750,La Pampa,355422,NA,NA,NA,NA,0,0,NA,6,12,NA
2020-06-19,Argentina,45649750,La Pampa,355422,NA,NA,NA,NA,0,0,NA,6,12,NA
2020-06-21,Argentina,45649750,La Pampa,355422,NA,NA,NA,NA,0,0,NA,6,12,NA
2020-06-23,Argentina,45649750,La Pampa,355422,NA,NA,NA,NA,1,0,NA,7,12,NA
2020-06-25,Argentina,45649750,La Pampa,355422,NA,NA,NA,NA,0,0,NA,7,12,NA
2020-06-27,Argentina,45649750,La Pampa,355422,NA,NA,NA,NA,0,0,NA,7,12,NA
2020-06-29,Argentina,45649750,La Pampa,355422,NA,NA,NA,NA,0,0,NA,7,12,NA
2020-07-01,Argentina,45649750,La Pampa,355422,NA,NA,NA,NA,0,0,NA,7,12,NA
2020-07-03,Argentina,45649750,La Pampa,355422,NA,NA,NA,NA,0,0,NA,7,12,NA
2020-07-05,Argentina,45649750,La Pampa,355422,NA,NA,NA,NA,0,0,NA,7,12,NA
2020-07-07,Argentina,45649750,La Pampa,355422,NA,NA,NA,NA,0,0,NA,7,12,NA
2020-07-09,Argentina,45649750,La Pampa,355422,NA,NA,NA,NA,0,0,NA,7,12,NA
2020-07-11,Argentina,45649750,La Pampa,355422,NA,NA,NA,NA,0,0,NA,7,12,NA
2020-07-13,Argentina,45649750,La Pampa,355422,NA,NA,NA,NA,0,0,NA,7,12,NA
2020-07-15,Argentina,45649750,La Pampa,355422,NA,NA,NA,NA,0,0,NA,8,12,NA
2020-07-17,Argentina,45649750,La Pampa,355422,NA,NA,NA,NA,0,0,NA,8,12,NA
2020-07-19,Argentina,45649750,La Pampa,355422,NA,NA,NA,NA,0,0,NA,8,12,NA
2020-07-21,Argentina,45649750,La Pampa,355422,NA,NA,NA,NA,0,1,NA,8,13,NA
2020-07-23,Argentina,45649750,La Pampa,355422,NA,NA,NA,NA,2,0,NA,10,13,NA
2020-07-25,Argentina,45649750,La Pampa,355422,NA,NA,NA,NA,9,0,NA,33,13,NA
2020-07-27,Argentina,45649750,La Pampa,355422,NA,NA,NA,NA,12,0,NA,58,13,NA
2020-07-29,Argentina,45649750,La Pampa,355422,NA,NA,NA,NA,7,0,NA,77,13,NA
2020-07-31,Argentina,45649750,La Pampa,355422,NA,NA,NA,NA,28,0,NA,131,13,NA
2020-08-02,Argentina,45649750,La Pampa,355422,NA,NA,NA,NA,1,0,NA,167,13,NA
2020-08-04,Argentina,45649750,La Pampa,355422,NA,NA,NA,NA,1,0,NA,168,13,NA
2020-08-06,Argentina,45649750,La Pampa,355422,NA,NA,NA,NA,3,0,NA,171,13,NA
2020-08-08,Argentina,45649750,La Pampa,355422,NA,NA,NA,NA,1,0,NA,176,13,NA
2020-08-10,Argentina,45649750,La Pampa,355422,NA,NA,NA,NA,1,0,NA,177,13,NA
2020-08-12,Argentina,45649750,La Pampa,355422,NA,NA,NA,NA,0,0,NA,178,13,NA
2020-08-14,Argentina,45649750,La Pampa,355422,NA,NA,NA,NA,0,0,NA,180,13,NA
2020-08-16,Argentina,45649750,La Pampa,355422,NA,NA,NA,NA,0,0,NA,183,13,NA
2020-08-18,Argentina,45649750,La Pampa,355422,NA,NA,NA,NA,0,0,NA,183,13,NA
2020-01-02,Argentina,45649750,Mendoza,2086000,NA,NA,NA,NA,0,0,NA,0,0,NA
2020-01-04,Argentina,45649750,Mendoza,2086000,NA,NA,NA,NA,0,0,NA,0,0,NA
2020-01-06,Argentina,45649750,Mendoza,2086000,NA,NA,NA,NA,0,0,NA,0,0,NA
2020-01-08,Argentina,45649750,Mendoza,2086000,NA,NA,NA,NA,0,0,NA,0,0,NA
2020-01-10,Argentina,45649750,Mendoza,2086000,NA,NA,NA,NA,0,0,NA,0,0,NA
2020-01-12,Argentina,45649750,Mendoza,2086000,NA,NA,NA,NA,0,0,NA,0,0,NA
2020-01-14,Argentina,45649750,Mendoza,2086000,NA,NA,NA,NA,0,0,NA,0,0,NA
2020-01-16,Argentina,45649750,Mendoza,2086000,NA,NA,NA,NA,0,0,NA,0,0,NA
2020-01-18,Argentina,45649750,Mendoza,2086000,NA,NA,NA,NA,0,0,NA,0,0,NA
2020-01-20,Argentina,45649750,Mendoza,2086000,NA,NA,NA,NA,0,0,NA,0,0,NA
2020-01-22,Argentina,45649750,Mendoza,2086000,NA,NA,NA,NA,0,0,NA,0,0,NA
2020-01-24,Argentina,45649750,Mendoza,2086000,NA,NA,NA,NA,0,0,NA,0,0,NA
2020-01-26,Argentina,45649750,Mendoza,2086000,NA,NA,NA,NA,0,0,NA,0,0,NA
2020-01-28,Argentina,45649750,Mendoza,2086000,NA,NA,NA,NA,0,0,NA,0,0,NA
2020-01-30,Argentina,45649750,Mendoza,2086000,NA,NA,NA,NA,0,0,NA,0,0,NA
2020-02-01,Argentina,45649750,Mendoza,2086000,NA,NA,NA,NA,0,0,NA,0,0,NA
2020-02-03,Argentina,45649750,Mendoza,2086000,NA,NA,NA,NA,0,0,NA,0,0,NA
2020-02-05,Argentina,45649750,Mendoza,2086000,NA,NA,NA,NA,0,0,NA,0,0,NA
2020-02-07,Argentina,45649750,Mendoza,2086000,NA,NA,NA,NA,0,0,NA,0,0,NA
2020-02-09,Argentina,45649750,Mendoza,2086000,NA,NA,NA,NA,0,0,NA,0,0,NA
2020-02-11,Argentina,45649750,Mendoza,2086000,NA,NA,NA,NA,0,0,NA,0,0,NA
2020-02-13,Argentina,45649750,Mendoza,2086000,NA,NA,NA,NA,0,0,NA,0,0,NA
2020-02-15,Argentina,45649750,Mendoza,2086000,NA,NA,NA,NA,0,0,NA,0,0,NA
2020-02-17,Argentina,45649750,Mendoza,2086000,NA,NA,NA,NA,0,0,NA,0,0,NA
2020-02-19,Argentina,45649750,Mendoza,2086000,NA,NA,NA,NA,0,0,NA,0,0,NA
2020-02-21,Argentina,45649750,Mendoza,2086000,NA,NA,NA,NA,0,0,NA,0,0,NA
2020-02-23,Argentina,45649750,Mendoza,2086000,NA,NA,NA,NA,0,0,NA,0,0,NA
2020-02-25,Argentina,45649750,Mendoza,2086000,NA,NA,NA,NA,0,0,NA,0,0,NA
2020-02-27,Argentina,45649750,Mendoza,2086000,NA,NA,NA,NA,0,0,NA,0,0,NA
2020-02-29,Argentina,45649750,Mendoza,2086000,NA,NA,NA,NA,0,0,NA,0,0,NA
2020-03-02,Argentina,45649750,Mendoza,2086000,NA,NA,NA,NA,0,0,NA,0,0,NA
2020-03-04,Argentina,45649750,Mendoza,2086000,NA,NA,NA,NA,0,0,NA,0,0,NA
2020-03-06,Argentina,45649750,Mendoza,2086000,NA,NA,NA,NA,0,0,NA,0,0,NA
2020-03-08,Argentina,45649750,Mendoza,2086000,NA,NA,NA,NA,0,0,NA,0,0,NA
2020-03-10,Argentina,45649750,Mendoza,2086000,NA,NA,NA,NA,0,0,NA,0,0,NA
2020-03-12,Argentina,45649750,Mendoza,2086000,NA,NA,NA,NA,0,0,NA,0,0,NA
2020-03-14,Argentina,45649750,Mendoza,2086000,NA,NA,NA,NA,0,0,NA,0,0,NA
2020-03-16,Argentina,45649750,Mendoza,2086000,NA,NA,NA,NA,0,0,NA,0,0,NA
2020-03-18,Argentina,45649750,Mendoza,2086000,NA,NA,NA,NA,0,0,NA,0,0,NA
2020-03-20,Argentina,45649750,Mendoza,2086000,NA,NA,NA,NA,0,0,NA,0,0,NA
2020-03-22,Argentina,45649750,Mendoza,2086000,NA,NA,NA,NA,0,0,NA,5,0,NA
2020-03-24,Argentina,45649750,Mendoza,2086000,NA,NA,NA,NA,0,0,NA,5,0,NA
2020-03-26,Argentina,45649750,Mendoza,2086000,NA,NA,NA,NA,1,1,NA,8,1,NA
2020-03-28,Argentina,45649750,Mendoza,2086000,NA,NA,NA,NA,1,0,NA,10,2,NA
2020-03-30,Argentina,45649750,Mendoza,2086000,NA,NA,NA,NA,0,0,NA,11,2,NA
2020-04-01,Argentina,45649750,Mendoza,2086000,NA,NA,NA,NA,9,2,NA,22,4,NA
2020-04-03,Argentina,45649750,Mendoza,2086000,NA,NA,NA,NA,3,0,NA,27,6,NA
2020-04-05,Argentina,45649750,Mendoza,2086000,NA,NA,NA,NA,1,1,NA,30,9,NA
2020-04-07,Argentina,45649750,Mendoza,2086000,NA,NA,NA,NA,5,2,NA,35,11,NA
2020-04-09,Argentina,45649750,Mendoza,2086000,NA,NA,NA,NA,7,0,NA,47,11,NA
2020-04-11,Argentina,45649750,Mendoza,2086000,NA,NA,NA,NA,5,0,NA,54,11,NA
2020-04-13,Argentina,45649750,Mendoza,2086000,NA,NA,NA,NA,1,1,NA,57,13,NA
2020-04-15,Argentina,45649750,Mendoza,2086000,NA,NA,NA,NA,1,1,NA,62,16,NA
2020-04-17,Argentina,45649750,Mendoza,2086000,NA,NA,NA,NA,1,0,NA,67,18,NA
2020-04-19,Argentina,45649750,Mendoza,2086000,NA,NA,NA,NA,1,3,NA,69,22,NA
2020-04-21,Argentina,45649750,Mendoza,2086000,NA,NA,NA,NA,2,1,NA,72,23,NA
2020-04-23,Argentina,45649750,Mendoza,2086000,NA,NA,NA,NA,0,3,NA,73,26,NA
2020-04-25,Argentina,45649750,Mendoza,2086000,NA,NA,NA,NA,1,0,NA,74,26,NA
2020-04-27,Argentina,45649750,Mendoza,2086000,NA,NA,NA,NA,0,2,NA,74,28,NA
2020-04-29,Argentina,45649750,Mendoza,2086000,NA,NA,NA,NA,3,0,NA,78,32,NA
2020-05-01,Argentina,45649750,Mendoza,2086000,NA,NA,NA,NA,0,1,NA,83,34,NA
2020-05-03,Argentina,45649750,Mendoza,2086000,NA,NA,NA,NA,0,1,NA,83,35,NA
2020-05-05,Argentina,45649750,Mendoza,2086000,NA,NA,NA,NA,0,0,NA,84,35,NA
2020-05-07,Argentina,45649750,Mendoza,2086000,NA,NA,NA,NA,0,0,NA,84,36,NA
2020-05-09,Argentina,45649750,Mendoza,2086000,NA,NA,NA,NA,0,0,NA,85,37,NA
2020-05-11,Argentina,45649750,Mendoza,2086000,NA,NA,NA,NA,0,0,NA,85,41,NA
2020-05-13,Argentina,45649750,Mendoza,2086000,NA,NA,NA,NA,0,0,NA,86,41,NA
2020-05-15,Argentina,45649750,Mendoza,2086000,NA,NA,NA,NA,0,0,NA,86,42,NA
2020-05-17,Argentina,45649750,Mendoza,2086000,NA,NA,NA,NA,0,0,NA,86,42,NA
2020-05-19,Argentina,45649750,Mendoza,2086000,NA,NA,NA,NA,1,0,NA,88,43,NA
2020-05-21,Argentina,45649750,Mendoza,2086000,NA,NA,NA,NA,1,0,NA,89,44,NA
2020-05-23,Argentina,45649750,Mendoza,2086000,NA,NA,NA,NA,0,0,NA,89,44,NA
2020-05-25,Argentina,45649750,Mendoza,2086000,NA,NA,NA,NA,0,2,NA,89,47,NA
2020-05-27,Argentina,45649750,Mendoza,2086000,NA,NA,NA,NA,0,0,NA,89,50,NA
2020-05-29,Argentina,45649750,Mendoza,2086000,NA,NA,NA,NA,3,1,NA,92,53,NA
2020-05-31,Argentina,45649750,Mendoza,2086000,NA,NA,NA,NA,8,0,NA,100,53,NA
2020-06-02,Argentina,45649750,Mendoza,2086000,NA,NA,NA,NA,0,1,NA,100,54,NA
2020-06-04,Argentina,45649750,Mendoza,2086000,NA,NA,NA,NA,0,0,NA,100,54,NA
2020-06-06,Argentina,45649750,Mendoza,2086000,NA,NA,NA,NA,0,0,NA,100,54,NA
2020-06-08,Argentina,45649750,Mendoza,2086000,NA,NA,NA,NA,1,0,NA,101,55,NA
2020-06-10,Argentina,45649750,Mendoza,2086000,NA,NA,NA,NA,1,0,NA,103,55,NA
2020-06-12,Argentina,45649750,Mendoza,2086000,NA,NA,NA,NA,1,0,NA,105,56,NA
2020-06-14,Argentina,45649750,Mendoza,2086000,NA,NA,NA,NA,6,0,NA,112,56,NA
2020-06-16,Argentina,45649750,Mendoza,2086000,NA,NA,NA,NA,1,1,NA,116,58,NA
2020-06-18,Argentina,45649750,Mendoza,2086000,NA,NA,NA,NA,3,0,NA,120,60,NA
2020-06-20,Argentina,45649750,Mendoza,2086000,NA,NA,NA,NA,7,0,NA,131,60,NA
2020-06-22,Argentina,45649750,Mendoza,2086000,NA,NA,NA,NA,4,1,NA,136,61,NA
2020-06-24,Argentina,45649750,Mendoza,2086000,NA,NA,NA,NA,5,0,NA,149,63,NA
2020-06-26,Argentina,45649750,Mendoza,2086000,NA,NA,NA,NA,6,0,NA,157,63,NA
2020-06-28,Argentina,45649750,Mendoza,2086000,NA,NA,NA,NA,3,1,NA,164,66,NA
2020-06-30,Argentina,45649750,Mendoza,2086000,NA,NA,NA,NA,6,0,NA,170,66,NA
2020-07-02,Argentina,45649750,Mendoza,2086000,NA,NA,NA,NA,4,0,NA,180,66,NA
2020-07-04,Argentina,45649750,Mendoza,2086000,NA,NA,NA,NA,7,0,NA,191,66,NA
2020-07-06,Argentina,45649750,Mendoza,2086000,NA,NA,NA,NA,22,1,NA,219,68,NA
2020-07-08,Argentina,45649750,Mendoza,2086000,NA,NA,NA,NA,14,1,NA,254,69,NA
2020-07-10,Argentina,45649750,Mendoza,2086000,NA,NA,NA,NA,17,0,NA,280,69,NA
2020-07-12,Argentina,45649750,Mendoza,2086000,NA,NA,NA,NA,16,0,NA,306,69,NA
2020-07-14,Argentina,45649750,Mendoza,2086000,NA,NA,NA,NA,40,0,NA,361,70,NA
2020-07-16,Argentina,45649750,Mendoza,2086000,NA,NA,NA,NA,18,3,NA,402,75,NA
2020-07-18,Argentina,45649750,Mendoza,2086000,NA,NA,NA,NA,42,2,NA,488,79,NA
2020-07-20,Argentina,45649750,Mendoza,2086000,NA,NA,NA,NA,38,1,NA,556,81,NA
2020-07-22,Argentina,45649750,Mendoza,2086000,NA,NA,NA,NA,42,2,NA,661,83,NA
2020-07-24,Argentina,45649750,Mendoza,2086000,NA,NA,NA,NA,75,1,NA,789,87,NA
2020-07-26,Argentina,45649750,Mendoza,2086000,NA,NA,NA,NA,47,2,NA,867,93,NA
2020-07-28,Argentina,45649750,Mendoza,2086000,NA,NA,NA,NA,66,3,NA,1010,98,NA
2020-07-30,Argentina,45649750,Mendoza,2086000,NA,NA,NA,NA,109,2,NA,1187,104,NA
2020-08-01,Argentina,45649750,Mendoza,2086000,NA,NA,NA,NA,69,4,NA,1382,109,NA
2020-08-03,Argentina,45649750,Mendoza,2086000,NA,NA,NA,NA,96,3,NA,1589,117,NA
2020-08-05,Argentina,45649750,Mendoza,2086000,NA,NA,NA,NA,83,2,NA,1767,122,NA
2020-08-07,Argentina,45649750,Mendoza,2086000,NA,NA,NA,NA,120,2,NA,2033,126,NA
2020-08-09,Argentina,45649750,Mendoza,2086000,NA,NA,NA,NA,79,3,NA,2229,131,NA
2020-08-11,Argentina,45649750,Mendoza,2086000,NA,NA,NA,NA,178,5,NA,2551,140,NA
2020-08-13,Argentina,45649750,Mendoza,2086000,NA,NA,NA,NA,204,3,NA,2901,146,NA
2020-08-15,Argentina,45649750,Mendoza,2086000,NA,NA,NA,NA,189,3,NA,3323,154,NA
2020-08-17,Argentina,45649750,Mendoza,2086000,NA,NA,NA,NA,0,0,NA,3327,154,NA
2020-01-01,Argentina,45649750,Misiones,1247362,NA,NA,NA,NA,0,0,NA,0,0,NA
2020-01-03,Argentina,45649750,Misiones,1247362,NA,NA,NA,NA,0,0,NA,0,0,NA
2020-01-05,Argentina,45649750,Misiones,1247362,NA,NA,NA,NA,0,0,NA,0,0,NA
2020-01-07,Argentina,45649750,Misiones,1247362,NA,NA,NA,NA,0,0,NA,0,0,NA
2020-01-09,Argentina,45649750,Misiones,1247362,NA,NA,NA,NA,0,0,NA,0,0,NA
2020-01-11,Argentina,45649750,Misiones,1247362,NA,NA,NA,NA,0,0,NA,0,0,NA
2020-01-13,Argentina,45649750,Misiones,1247362,NA,NA,NA,NA,0,0,NA,0,0,NA
2020-01-15,Argentina,45649750,Misiones,1247362,NA,NA,NA,NA,0,0,NA,0,0,NA
2020-01-17,Argentina,45649750,Misiones,1247362,NA,NA,NA,NA,0,0,NA,0,0,NA
2020-01-19,Argentina,45649750,Misiones,1247362,NA,NA,NA,NA,0,0,NA,0,0,NA
2020-01-21,Argentina,45649750,Misiones,1247362,NA,NA,NA,NA,0,0,NA,0,0,NA
2020-01-23,Argentina,45649750,Misiones,1247362,NA,NA,NA,NA,0,0,NA,0,0,NA
2020-01-25,Argentina,45649750,Misiones,1247362,NA,NA,NA,NA,0,0,NA,0,0,NA
2020-01-27,Argentina,45649750,Misiones,1247362,NA,NA,NA,NA,0,0,NA,0,0,NA
2020-01-29,Argentina,45649750,Misiones,1247362,NA,NA,NA,NA,0,0,NA,0,0,NA
2020-01-31,Argentina,45649750,Misiones,1247362,NA,NA,NA,NA,0,0,NA,0,0,NA
2020-02-02,Argentina,45649750,Misiones,1247362,NA,NA,NA,NA,0,0,NA,0,0,NA
2020-02-04,Argentina,45649750,Misiones,1247362,NA,NA,NA,NA,0,0,NA,0,0,NA
2020-02-06,Argentina,45649750,Misiones,1247362,NA,NA,NA,NA,0,0,NA,0,0,NA
2020-02-08,Argentina,45649750,Misiones,1247362,NA,NA,NA,NA,0,0,NA,0,0,NA
2020-02-10,Argentina,45649750,Misiones,1247362,NA,NA,NA,NA,0,0,NA,0,0,NA
2020-02-12,Argentina,45649750,Misiones,1247362,NA,NA,NA,NA,0,0,NA,0,0,NA
2020-02-14,Argentina,45649750,Misiones,1247362,NA,NA,NA,NA,0,0,NA,0,0,NA
2020-02-16,Argentina,45649750,Misiones,1247362,NA,NA,NA,NA,0,0,NA,0,0,NA
2020-02-18,Argentina,45649750,Misiones,1247362,NA,NA,NA,NA,0,0,NA,0,0,NA
2020-02-20,Argentina,45649750,Misiones,1247362,NA,NA,NA,NA,0,0,NA,0,0,NA
2020-02-22,Argentina,45649750,Misiones,1247362,NA,NA,NA,NA,0,0,NA,0,0,NA
2020-02-24,Argentina,45649750,Misiones,1247362,NA,NA,NA,NA,0,0,NA,0,0,NA
2020-02-26,Argentina,45649750,Misiones,1247362,NA,NA,NA,NA,0,0,NA,0,0,NA
2020-02-28,Argentina,45649750,Misiones,1247362,NA,NA,NA,NA,0,0,NA,0,0,NA
2020-03-01,Argentina,45649750,Misiones,1247362,NA,NA,NA,NA,0,0,NA,0,0,NA
2020-03-03,Argentina,45649750,Misiones,1247362,NA,NA,NA,NA,0,0,NA,0,0,NA
2020-03-05,Argentina,45649750,Misiones,1247362,NA,NA,NA,NA,0,0,NA,0,0,NA
2020-03-07,Argentina,45649750,Misiones,1247362,NA,NA,NA,NA,0,0,NA,0,0,NA
2020-03-09,Argentina,45649750,Misiones,1247362,NA,NA,NA,NA,0,0,NA,0,0,NA
2020-03-11,Argentina,45649750,Misiones,1247362,NA,NA,NA,NA,0,0,NA,0,0,NA
2020-03-13,Argentina,45649750,Misiones,1247362,NA,NA,NA,NA,0,0,NA,0,0,NA
2020-03-15,Argentina,45649750,Misiones,1247362,NA,NA,NA,NA,0,0,NA,0,0,NA
2020-03-17,Argentina,45649750,Misiones,1247362,NA,NA,NA,NA,0,0,NA,0,0,NA
2020-03-19,Argentina,45649750,Misiones,1247362,NA,NA,NA,NA,0,0,NA,0,0,NA
2020-03-21,Argentina,45649750,Misiones,1247362,NA,NA,NA,NA,0,0,NA,0,0,NA
2020-03-23,Argentina,45649750,Misiones,1247362,NA,NA,NA,NA,0,0,NA,0,0,NA
2020-03-25,Argentina,45649750,Misiones,1247362,NA,NA,NA,NA,0,0,NA,0,0,NA
2020-03-27,Argentina,45649750,Misiones,1247362,NA,NA,NA,NA,1,0,NA,1,0,NA
2020-03-29,Argentina,45649750,Misiones,1247362,NA,NA,NA,NA,1,0,NA,2,0,NA
2020-03-31,Argentina,45649750,Misiones,1247362,NA,NA,NA,NA,1,0,NA,3,0,NA
2020-04-02,Argentina,45649750,Misiones,1247362,NA,NA,NA,NA,0,0,NA,3,0,NA
2020-04-04,Argentina,45649750,Misiones,1247362,NA,NA,NA,NA,0,0,NA,3,0,NA
2020-04-06,Argentina,45649750,Misiones,1247362,NA,NA,NA,NA,0,0,NA,3,0,NA
2020-04-08,Argentina,45649750,Misiones,1247362,NA,NA,NA,NA,0,0,NA,3,0,NA
2020-04-10,Argentina,45649750,Misiones,1247362,NA,NA,NA,NA,0,3,NA,3,4,NA
2020-04-12,Argentina,45649750,Misiones,1247362,NA,NA,NA,NA,0,1,NA,3,5,NA
2020-04-14,Argentina,45649750,Misiones,1247362,NA,NA,NA,NA,0,0,NA,3,5,NA
2020-04-16,Argentina,45649750,Misiones,1247362,NA,NA,NA,NA,0,1,NA,3,6,NA
2020-04-18,Argentina,45649750,Misiones,1247362,NA,NA,NA,NA,1,1,NA,5,7,NA
2020-04-20,Argentina,45649750,Misiones,1247362,NA,NA,NA,NA,0,0,NA,5,7,NA
2020-04-22,Argentina,45649750,Misiones,1247362,NA,NA,NA,NA,0,0,NA,5,7,NA
2020-04-24,Argentina,45649750,Misiones,1247362,NA,NA,NA,NA,1,0,NA,6,8,NA
2020-04-26,Argentina,45649750,Misiones,1247362,NA,NA,NA,NA,0,0,NA,6,8,NA
2020-04-28,Argentina,45649750,Misiones,1247362,NA,NA,NA,NA,0,0,NA,8,8,NA
2020-04-30,Argentina,45649750,Misiones,1247362,NA,NA,NA,NA,0,1,NA,12,9,NA
2020-05-02,Argentina,45649750,Misiones,1247362,NA,NA,NA,NA,0,0,NA,12,9,NA
2020-05-04,Argentina,45649750,Misiones,1247362,NA,NA,NA,NA,0,0,NA,25,9,NA
2020-05-06,Argentina,45649750,Misiones,1247362,NA,NA,NA,NA,0,0,NA,25,10,NA
2020-05-08,Argentina,45649750,Misiones,1247362,NA,NA,NA,NA,0,0,NA,25,10,NA
2020-05-10,Argentina,45649750,Misiones,1247362,NA,NA,NA,NA,0,0,NA,25,10,NA
2020-05-12,Argentina,45649750,Misiones,1247362,NA,NA,NA,NA,0,0,NA,25,10,NA
2020-05-14,Argentina,45649750,Misiones,1247362,NA,NA,NA,NA,0,0,NA,25,11,NA
2020-05-16,Argentina,45649750,Misiones,1247362,NA,NA,NA,NA,0,0,NA,25,12,NA
2020-05-18,Argentina,45649750,Misiones,1247362,NA,NA,NA,NA,0,0,NA,25,12,NA
2020-05-20,Argentina,45649750,Misiones,1247362,NA,NA,NA,NA,0,0,NA,25,12,NA
2020-05-22,Argentina,45649750,Misiones,1247362,NA,NA,NA,NA,0,0,NA,25,13,NA
2020-05-24,Argentina,45649750,Misiones,1247362,NA,NA,NA,NA,0,1,NA,25,14,NA
2020-05-26,Argentina,45649750,Misiones,1247362,NA,NA,NA,NA,0,0,NA,25,14,NA
2020-05-28,Argentina,45649750,Misiones,1247362,NA,NA,NA,NA,1,1,NA,26,16,NA
2020-05-30,Argentina,45649750,Misiones,1247362,NA,NA,NA,NA,1,1,NA,28,17,NA
2020-06-01,Argentina,45649750,Misiones,1247362,NA,NA,NA,NA,0,0,NA,28,18,NA
2020-06-03,Argentina,45649750,Misiones,1247362,NA,NA,NA,NA,2,0,NA,30,18,NA
2020-06-05,Argentina,45649750,Misiones,1247362,NA,NA,NA,NA,0,2,NA,30,20,NA
2020-06-07,Argentina,45649750,Misiones,1247362,NA,NA,NA,NA,0,1,NA,36,22,NA
2020-06-09,Argentina,45649750,Misiones,1247362,NA,NA,NA,NA,0,0,NA,36,24,NA
2020-06-11,Argentina,45649750,Misiones,1247362,NA,NA,NA,NA,0,1,NA,37,26,NA
2020-06-13,Argentina,45649750,Misiones,1247362,NA,NA,NA,NA,0,0,NA,37,26,NA
2020-06-15,Argentina,45649750,Misiones,1247362,NA,NA,NA,NA,0,0,NA,38,28,NA
2020-06-17,Argentina,45649750,Misiones,1247362,NA,NA,NA,NA,0,0,NA,38,28,NA
2020-06-19,Argentina,45649750,Misiones,1247362,NA,NA,NA,NA,0,1,NA,38,29,NA
2020-06-21,Argentina,45649750,Misiones,1247362,NA,NA,NA,NA,0,0,NA,38,29,NA
2020-06-23,Argentina,45649750,Misiones,1247362,NA,NA,NA,NA,0,0,NA,38,30,NA
2020-06-25,Argentina,45649750,Misiones,1247362,NA,NA,NA,NA,0,0,NA,39,31,NA
2020-06-27,Argentina,45649750,Misiones,1247362,NA,NA,NA,NA,0,2,NA,39,33,NA
2020-06-29,Argentina,45649750,Misiones,1247362,NA,NA,NA,NA,1,0,NA,40,34,NA
2020-07-01,Argentina,45649750,Misiones,1247362,NA,NA,NA,NA,0,3,NA,40,38,NA
2020-07-03,Argentina,45649750,Misiones,1247362,NA,NA,NA,NA,0,0,NA,40,38,NA
2020-07-05,Argentina,45649750,Misiones,1247362,NA,NA,NA,NA,0,0,NA,40,38,NA
2020-07-07,Argentina,45649750,Misiones,1247362,NA,NA,NA,NA,0,0,NA,40,38,NA
2020-07-09,Argentina,45649750,Misiones,1247362,NA,NA,NA,NA,0,1,NA,40,39,NA
2020-07-11,Argentina,45649750,Misiones,1247362,NA,NA,NA,NA,0,1,NA,40,42,NA
2020-07-13,Argentina,45649750,Misiones,1247362,NA,NA,NA,NA,0,1,NA,40,45,NA
2020-07-15,Argentina,45649750,Misiones,1247362,NA,NA,NA,NA,0,3,NA,40,48,NA
2020-07-17,Argentina,45649750,Misiones,1247362,NA,NA,NA,NA,0,1,NA,40,49,NA
2020-07-19,Argentina,45649750,Misiones,1247362,NA,NA,NA,NA,0,1,NA,41,50,NA
2020-07-21,Argentina,45649750,Misiones,1247362,NA,NA,NA,NA,1,0,NA,42,51,NA
2020-07-23,Argentina,45649750,Misiones,1247362,NA,NA,NA,NA,0,0,NA,42,51,NA
2020-07-25,Argentina,45649750,Misiones,1247362,NA,NA,NA,NA,0,0,NA,42,51,NA
2020-07-27,Argentina,45649750,Misiones,1247362,NA,NA,NA,NA,0,1,NA,42,53,NA
2020-07-29,Argentina,45649750,Misiones,1247362,NA,NA,NA,NA,0,1,NA,42,55,NA
2020-07-31,Argentina,45649750,Misiones,1247362,NA,NA,NA,NA,0,0,NA,45,55,NA
2020-08-02,Argentina,45649750,Misiones,1247362,NA,NA,NA,NA,0,0,NA,45,55,NA
2020-08-04,Argentina,45649750,Misiones,1247362,NA,NA,NA,NA,0,1,NA,47,56,NA
2020-08-06,Argentina,45649750,Misiones,1247362,NA,NA,NA,NA,1,0,NA,48,56,NA
2020-08-08,Argentina,45649750,Misiones,1247362,NA,NA,NA,NA,0,0,NA,49,56,NA
2020-08-10,Argentina,45649750,Misiones,1247362,NA,NA,NA,NA,0,0,NA,49,56,NA
2020-08-12,Argentina,45649750,Misiones,1247362,NA,NA,NA,NA,0,0,NA,50,56,NA
2020-08-14,Argentina,45649750,Misiones,1247362,NA,NA,NA,NA,6,0,NA,58,56,NA
2020-08-16,Argentina,45649750,Misiones,1247362,NA,NA,NA,NA,0,0,NA,59,56,NA
2020-08-18,Argentina,45649750,Misiones,1247362,NA,NA,NA,NA,0,0,NA,59,56,NA
2020-01-02,Argentina,45649750,Formosa,600229,NA,NA,NA,NA,0,0,NA,0,0,NA
2020-01-04,Argentina,45649750,Formosa,600229,NA,NA,NA,NA,0,0,NA,0,0,NA
2020-01-06,Argentina,45649750,Formosa,600229,NA,NA,NA,NA,0,0,NA,0,0,NA
2020-01-08,Argentina,45649750,Formosa,600229,NA,NA,NA,NA,0,0,NA,0,0,NA
2020-01-10,Argentina,45649750,Formosa,600229,NA,NA,NA,NA,0,0,NA,0,0,NA
2020-01-12,Argentina,45649750,Formosa,600229,NA,NA,NA,NA,0,0,NA,0,0,NA
2020-01-14,Argentina,45649750,Formosa,600229,NA,NA,NA,NA,0,0,NA,0,0,NA
2020-01-16,Argentina,45649750,Formosa,600229,NA,NA,NA,NA,0,0,NA,0,0,NA
2020-01-18,Argentina,45649750,Formosa,600229,NA,NA,NA,NA,0,0,NA,0,0,NA
2020-01-20,Argentina,45649750,Formosa,600229,NA,NA,NA,NA,0,0,NA,0,0,NA
2020-01-22,Argentina,45649750,Formosa,600229,NA,NA,NA,NA,0,0,NA,0,0,NA
2020-01-24,Argentina,45649750,Formosa,600229,NA,NA,NA,NA,0,0,NA,0,0,NA
2020-01-26,Argentina,45649750,Formosa,600229,NA,NA,NA,NA,0,0,NA,0,0,NA
2020-01-28,Argentina,45649750,Formosa,600229,NA,NA,NA,NA,0,0,NA,0,0,NA
2020-01-30,Argentina,45649750,Formosa,600229,NA,NA,NA,NA,0,0,NA,0,0,NA
2020-02-01,Argentina,45649750,Formosa,600229,NA,NA,NA,NA,0,0,NA,0,0,NA
2020-02-03,Argentina,45649750,Formosa,600229,NA,NA,NA,NA,0,0,NA,0,0,NA
2020-02-05,Argentina,45649750,Formosa,600229,NA,NA,NA,NA,0,0,NA,0,0,NA
2020-02-07,Argentina,45649750,Formosa,600229,NA,NA,NA,NA,0,0,NA,0,0,NA
2020-02-09,Argentina,45649750,Formosa,600229,NA,NA,NA,NA,0,0,NA,0,0,NA
2020-02-11,Argentina,45649750,Formosa,600229,NA,NA,NA,NA,0,0,NA,0,0,NA
2020-02-13,Argentina,45649750,Formosa,600229,NA,NA,NA,NA,0,0,NA,0,0,NA
2020-02-15,Argentina,45649750,Formosa,600229,NA,NA,NA,NA,0,0,NA,0,0,NA
2020-02-17,Argentina,45649750,Formosa,600229,NA,NA,NA,NA,0,0,NA,0,0,NA
2020-02-19,Argentina,45649750,Formosa,600229,NA,NA,NA,NA,0,0,NA,0,0,NA
2020-02-21,Argentina,45649750,Formosa,600229,NA,NA,NA,NA,0,0,NA,0,0,NA
2020-02-23,Argentina,45649750,Formosa,600229,NA,NA,NA,NA,0,0,NA,0,0,NA
2020-02-25,Argentina,45649750,Formosa,600229,NA,NA,NA,NA,0,0,NA,0,0,NA
2020-02-27,Argentina,45649750,Formosa,600229,NA,NA,NA,NA,0,0,NA,0,0,NA
2020-02-29,Argentina,45649750,Formosa,600229,NA,NA,NA,NA,0,0,NA,0,0,NA
2020-03-02,Argentina,45649750,Formosa,600229,NA,NA,NA,NA,0,0,NA,0,0,NA
2020-03-04,Argentina,45649750,Formosa,600229,NA,NA,NA,NA,0,0,NA,0,0,NA
2020-03-06,Argentina,45649750,Formosa,600229,NA,NA,NA,NA,0,0,NA,0,0,NA
2020-03-08,Argentina,45649750,Formosa,600229,NA,NA,NA,NA,0,0,NA,0,0,NA
2020-03-10,Argentina,45649750,Formosa,600229,NA,NA,NA,NA,0,0,NA,0,0,NA
2020-03-12,Argentina,45649750,Formosa,600229,NA,NA,NA,NA,0,0,NA,0,0,NA
2020-03-14,Argentina,45649750,Formosa,600229,NA,NA,NA,NA,0,0,NA,0,0,NA
2020-03-16,Argentina,45649750,Formosa,600229,NA,NA,NA,NA,0,0,NA,0,0,NA
2020-03-18,Argentina,45649750,Formosa,600229,NA,NA,NA,NA,0,0,NA,0,0,NA
2020-03-20,Argentina,45649750,Formosa,600229,NA,NA,NA,NA,0,0,NA,0,0,NA
2020-03-22,Argentina,45649750,Formosa,600229,NA,NA,NA,NA,0,0,NA,0,0,NA
2020-03-24,Argentina,45649750,Formosa,600229,NA,NA,NA,NA,0,0,NA,0,0,NA
2020-03-26,Argentina,45649750,Formosa,600229,NA,NA,NA,NA,0,0,NA,0,0,NA
2020-03-28,Argentina,45649750,Formosa,600229,NA,NA,NA,NA,0,0,NA,0,0,NA
2020-03-30,Argentina,45649750,Formosa,600229,NA,NA,NA,NA,0,0,NA,0,0,NA
2020-04-01,Argentina,45649750,Formosa,600229,NA,NA,NA,NA,0,0,NA,0,0,NA
2020-04-03,Argentina,45649750,Formosa,600229,NA,NA,NA,NA,0,0,NA,0,0,NA
2020-04-05,Argentina,45649750,Formosa,600229,NA,NA,NA,NA,0,0,NA,0,0,NA
2020-04-07,Argentina,45649750,Formosa,600229,NA,NA,NA,NA,0,0,NA,0,0,NA
2020-04-09,Argentina,45649750,Formosa,600229,NA,NA,NA,NA,0,0,NA,0,0,NA
2020-04-11,Argentina,45649750,Formosa,600229,NA,NA,NA,NA,0,0,NA,0,0,NA
2020-04-13,Argentina,45649750,Formosa,600229,NA,NA,NA,NA,0,0,NA,0,0,NA
2020-04-15,Argentina,45649750,Formosa,600229,NA,NA,NA,NA,0,0,NA,0,0,NA
2020-04-17,Argentina,45649750,Formosa,600229,NA,NA,NA,NA,0,0,NA,0,0,NA
2020-04-19,Argentina,45649750,Formosa,600229,NA,NA,NA,NA,0,0,NA,0,0,NA
2020-04-21,Argentina,45649750,Formosa,600229,NA,NA,NA,NA,0,0,NA,0,0,NA
2020-04-23,Argentina,45649750,Formosa,600229,NA,NA,NA,NA,0,0,NA,0,0,NA
2020-04-25,Argentina,45649750,Formosa,600229,NA,NA,NA,NA,0,0,NA,0,0,NA
2020-04-27,Argentina,45649750,Formosa,600229,NA,NA,NA,NA,0,0,NA,0,0,NA
2020-04-29,Argentina,45649750,Formosa,600229,NA,NA,NA,NA,0,0,NA,0,0,NA
2020-05-01,Argentina,45649750,Formosa,600229,NA,NA,NA,NA,0,0,NA,0,0,NA
2020-05-03,Argentina,45649750,Formosa,600229,NA,NA,NA,NA,0,0,NA,0,0,NA
2020-05-05,Argentina,45649750,Formosa,600229,NA,NA,NA,NA,0,0,NA,0,0,NA
2020-05-07,Argentina,45649750,Formosa,600229,NA,NA,NA,NA,0,0,NA,0,0,NA
2020-05-09,Argentina,45649750,Formosa,600229,NA,NA,NA,NA,0,0,NA,0,0,NA
2020-05-11,Argentina,45649750,Formosa,600229,NA,NA,NA,NA,0,0,NA,0,0,NA
2020-05-13,Argentina,45649750,Formosa,600229,NA,NA,NA,NA,0,0,NA,0,0,NA
2020-05-15,Argentina,45649750,Formosa,600229,NA,NA,NA,NA,0,0,NA,0,0,NA
2020-05-17,Argentina,45649750,Formosa,600229,NA,NA,NA,NA,0,0,NA,0,0,NA
2020-05-19,Argentina,45649750,Formosa,600229,NA,NA,NA,NA,0,0,NA,0,0,NA
2020-05-21,Argentina,45649750,Formosa,600229,NA,NA,NA,NA,0,0,NA,0,0,NA
2020-05-23,Argentina,45649750,Formosa,600229,NA,NA,NA,NA,0,0,NA,0,0,NA
2020-05-25,Argentina,45649750,Formosa,600229,NA,NA,NA,NA,0,0,NA,0,0,NA
2020-05-27,Argentina,45649750,Formosa,600229,NA,NA,NA,NA,0,0,NA,0,0,NA
2020-05-29,Argentina,45649750,Formosa,600229,NA,NA,NA,NA,0,0,NA,0,0,NA
2020-05-31,Argentina,45649750,Formosa,600229,NA,NA,NA,NA,0,0,NA,0,0,NA
2020-06-02,Argentina,45649750,Formosa,600229,NA,NA,NA,NA,0,0,NA,0,0,NA
2020-06-04,Argentina,45649750,Formosa,600229,NA,NA,NA,NA,0,0,NA,0,0,NA
2020-06-06,Argentina,45649750,Formosa,600229,NA,NA,NA,NA,0,0,NA,0,0,NA
2020-06-08,Argentina,45649750,Formosa,600229,NA,NA,NA,NA,0,0,NA,0,0,NA
2020-06-10,Argentina,45649750,Formosa,600229,NA,NA,NA,NA,0,0,NA,0,0,NA
2020-06-12,Argentina,45649750,Formosa,600229,NA,NA,NA,NA,35,0,NA,36,0,NA
2020-06-14,Argentina,45649750,Formosa,600229,NA,NA,NA,NA,1,0,NA,37,0,NA
2020-06-16,Argentina,45649750,Formosa,600229,NA,NA,NA,NA,1,0,NA,38,0,NA
2020-06-18,Argentina,45649750,Formosa,600229,NA,NA,NA,NA,1,0,NA,39,0,NA
2020-06-20,Argentina,45649750,Formosa,600229,NA,NA,NA,NA,2,0,NA,41,0,NA
2020-06-22,Argentina,45649750,Formosa,600229,NA,NA,NA,NA,0,0,NA,45,0,NA
2020-06-24,Argentina,45649750,Formosa,600229,NA,NA,NA,NA,0,0,NA,45,0,NA
2020-06-26,Argentina,45649750,Formosa,600229,NA,NA,NA,NA,8,0,NA,67,0,NA
2020-06-28,Argentina,45649750,Formosa,600229,NA,NA,NA,NA,0,0,NA,67,0,NA
2020-06-30,Argentina,45649750,Formosa,600229,NA,NA,NA,NA,4,0,NA,71,0,NA
2020-07-02,Argentina,45649750,Formosa,600229,NA,NA,NA,NA,0,0,NA,71,0,NA
2020-07-04,Argentina,45649750,Formosa,600229,NA,NA,NA,NA,0,0,NA,71,1,NA
2020-07-06,Argentina,45649750,Formosa,600229,NA,NA,NA,NA,0,0,NA,71,1,NA
2020-07-08,Argentina,45649750,Formosa,600229,NA,NA,NA,NA,4,0,NA,75,1,NA
2020-07-10,Argentina,45649750,Formosa,600229,NA,NA,NA,NA,0,0,NA,75,1,NA
2020-07-12,Argentina,45649750,Formosa,600229,NA,NA,NA,NA,0,0,NA,75,1,NA
2020-07-14,Argentina,45649750,Formosa,600229,NA,NA,NA,NA,0,0,NA,75,1,NA
2020-07-16,Argentina,45649750,Formosa,600229,NA,NA,NA,NA,0,0,NA,75,1,NA
2020-07-18,Argentina,45649750,Formosa,600229,NA,NA,NA,NA,0,0,NA,75,1,NA
2020-07-20,Argentina,45649750,Formosa,600229,NA,NA,NA,NA,0,0,NA,75,1,NA
2020-07-22,Argentina,45649750,Formosa,600229,NA,NA,NA,NA,1,0,NA,76,1,NA
2020-07-24,Argentina,45649750,Formosa,600229,NA,NA,NA,NA,0,0,NA,77,1,NA
2020-07-26,Argentina,45649750,Formosa,600229,NA,NA,NA,NA,0,0,NA,77,1,NA
2020-07-28,Argentina,45649750,Formosa,600229,NA,NA,NA,NA,0,0,NA,77,1,NA
2020-07-30,Argentina,45649750,Formosa,600229,NA,NA,NA,NA,0,0,NA,77,1,NA
2020-08-01,Argentina,45649750,Formosa,600229,NA,NA,NA,NA,1,0,NA,78,1,NA
2020-08-03,Argentina,45649750,Formosa,600229,NA,NA,NA,NA,0,0,NA,78,1,NA
2020-08-05,Argentina,45649750,Formosa,600229,NA,NA,NA,NA,0,0,NA,78,1,NA
2020-08-07,Argentina,45649750,Formosa,600229,NA,NA,NA,NA,0,0,NA,78,1,NA
2020-08-09,Argentina,45649750,Formosa,600229,NA,NA,NA,NA,0,0,NA,78,1,NA
2020-08-11,Argentina,45649750,Formosa,600229,NA,NA,NA,NA,0,0,NA,78,1,NA
2020-08-13,Argentina,45649750,Formosa,600229,NA,NA,NA,NA,0,0,NA,78,1,NA
2020-08-15,Argentina,45649750,Formosa,600229,NA,NA,NA,NA,0,0,NA,80,1,NA
2020-08-17,Argentina,45649750,Formosa,600229,NA,NA,NA,NA,0,0,NA,80,1,NA
2020-01-01,Argentina,45649750,Neuquén,655501,NA,NA,NA,NA,0,0,NA,0,0,NA
2020-01-03,Argentina,45649750,Neuquén,655501,NA,NA,NA,NA,0,0,NA,0,0,NA
2020-01-05,Argentina,45649750,Neuquén,655501,NA,NA,NA,NA,0,0,NA,0,0,NA
2020-01-07,Argentina,45649750,Neuquén,655501,NA,NA,NA,NA,0,0,NA,0,0,NA
2020-01-09,Argentina,45649750,Neuquén,655501,NA,NA,NA,NA,0,0,NA,0,0,NA
2020-01-11,Argentina,45649750,Neuquén,655501,NA,NA,NA,NA,0,0,NA,0,0,NA
2020-01-13,Argentina,45649750,Neuquén,655501,NA,NA,NA,NA,0,0,NA,0,0,NA
2020-01-15,Argentina,45649750,Neuquén,655501,NA,NA,NA,NA,0,0,NA,0,0,NA
2020-01-17,Argentina,45649750,Neuquén,655501,NA,NA,NA,NA,0,0,NA,0,0,NA
2020-01-19,Argentina,45649750,Neuquén,655501,NA,NA,NA,NA,0,0,NA,0,0,NA
2020-01-21,Argentina,45649750,Neuquén,655501,NA,NA,NA,NA,0,0,NA,0,0,NA
2020-01-23,Argentina,45649750,Neuquén,655501,NA,NA,NA,NA,0,0,NA,0,0,NA
2020-01-25,Argentina,45649750,Neuquén,655501,NA,NA,NA,NA,0,0,NA,0,0,NA
2020-01-27,Argentina,45649750,Neuquén,655501,NA,NA,NA,NA,0,0,NA,0,0,NA
2020-01-29,Argentina,45649750,Neuquén,655501,NA,NA,NA,NA,0,0,NA,0,0,NA
2020-01-31,Argentina,45649750,Neuquén,655501,NA,NA,NA,NA,0,0,NA,0,0,NA
2020-02-02,Argentina,45649750,Neuquén,655501,NA,NA,NA,NA,0,0,NA,0,0,NA
2020-02-04,Argentina,45649750,Neuquén,655501,NA,NA,NA,NA,0,0,NA,0,0,NA
2020-02-06,Argentina,45649750,Neuquén,655501,NA,NA,NA,NA,0,0,NA,0,0,NA
2020-02-08,Argentina,45649750,Neuquén,655501,NA,NA,NA,NA,0,0,NA,0,0,NA
2020-02-10,Argentina,45649750,Neuquén,655501,NA,NA,NA,NA,0,0,NA,0,0,NA
2020-02-12,Argentina,45649750,Neuquén,655501,NA,NA,NA,NA,0,0,NA,0,0,NA
2020-02-14,Argentina,45649750,Neuquén,655501,NA,NA,NA,NA,0,0,NA,0,0,NA
2020-02-16,Argentina,45649750,Neuquén,655501,NA,NA,NA,NA,0,0,NA,0,0,NA
2020-02-18,Argentina,45649750,Neuquén,655501,NA,NA,NA,NA,0,0,NA,0,0,NA
2020-02-20,Argentina,45649750,Neuquén,655501,NA,NA,NA,NA,0,0,NA,0,0,NA
2020-02-22,Argentina,45649750,Neuquén,655501,NA,NA,NA,NA,0,0,NA,0,0,NA
2020-02-24,Argentina,45649750,Neuquén,655501,NA,NA,NA,NA,0,0,NA,0,0,NA
2020-02-26,Argentina,45649750,Neuquén,655501,NA,NA,NA,NA,0,0,NA,0,0,NA
2020-02-28,Argentina,45649750,Neuquén,655501,NA,NA,NA,NA,0,0,NA,0,0,NA
2020-03-01,Argentina,45649750,Neuquén,655501,NA,NA,NA,NA,0,0,NA,0,0,NA
2020-03-03,Argentina,45649750,Neuquén,655501,NA,NA,NA,NA,0,0,NA,0,0,NA
2020-03-05,Argentina,45649750,Neuquén,655501,NA,NA,NA,NA,0,0,NA,0,0,NA
2020-03-07,Argentina,45649750,Neuquén,655501,NA,NA,NA,NA,0,0,NA,0,0,NA
2020-03-09,Argentina,45649750,Neuquén,655501,NA,NA,NA,NA,0,0,NA,0,0,NA
2020-03-11,Argentina,45649750,Neuquén,655501,NA,NA,NA,NA,0,0,NA,0,0,NA
2020-03-13,Argentina,45649750,Neuquén,655501,NA,NA,NA,NA,0,0,NA,0,0,NA
2020-03-15,Argentina,45649750,Neuquén,655501,NA,NA,NA,NA,0,0,NA,0,0,NA
2020-03-17,Argentina,45649750,Neuquén,655501,NA,NA,NA,NA,0,0,NA,0,0,NA
2020-03-19,Argentina,45649750,Neuquén,655501,NA,NA,NA,NA,1,0,NA,1,0,NA
2020-03-21,Argentina,45649750,Neuquén,655501,NA,NA,NA,NA,1,0,NA,3,0,NA
2020-03-23,Argentina,45649750,Neuquén,655501,NA,NA,NA,NA,0,0,NA,3,0,NA
2020-03-25,Argentina,45649750,Neuquén,655501,NA,NA,NA,NA,1,0,NA,5,0,NA
2020-03-27,Argentina,45649750,Neuquén,655501,NA,NA,NA,NA,2,0,NA,9,1,NA
2020-03-29,Argentina,45649750,Neuquén,655501,NA,NA,NA,NA,5,0,NA,16,1,NA
2020-03-31,Argentina,45649750,Neuquén,655501,NA,NA,NA,NA,4,1,NA,24,3,NA
2020-04-02,Argentina,45649750,Neuquén,655501,NA,NA,NA,NA,3,0,NA,30,3,NA
2020-04-04,Argentina,45649750,Neuquén,655501,NA,NA,NA,NA,8,0,NA,39,3,NA
2020-04-06,Argentina,45649750,Neuquén,655501,NA,NA,NA,NA,1,1,NA,51,4,NA
2020-04-08,Argentina,45649750,Neuquén,655501,NA,NA,NA,NA,12,1,NA,67,5,NA
2020-04-10,Argentina,45649750,Neuquén,655501,NA,NA,NA,NA,1,0,NA,72,5,NA
2020-04-12,Argentina,45649750,Neuquén,655501,NA,NA,NA,NA,4,0,NA,77,5,NA
2020-04-14,Argentina,45649750,Neuquén,655501,NA,NA,NA,NA,2,0,NA,80,5,NA
2020-04-16,Argentina,45649750,Neuquén,655501,NA,NA,NA,NA,0,0,NA,81,5,NA
2020-04-18,Argentina,45649750,Neuquén,655501,NA,NA,NA,NA,2,0,NA,86,5,NA
2020-04-20,Argentina,45649750,Neuquén,655501,NA,NA,NA,NA,4,1,NA,91,6,NA
2020-04-22,Argentina,45649750,Neuquén,655501,NA,NA,NA,NA,3,0,NA,101,6,NA
2020-04-24,Argentina,45649750,Neuquén,655501,NA,NA,NA,NA,0,1,NA,101,7,NA
2020-04-26,Argentina,45649750,Neuquén,655501,NA,NA,NA,NA,3,0,NA,105,7,NA
2020-04-28,Argentina,45649750,Neuquén,655501,NA,NA,NA,NA,0,1,NA,105,9,NA
2020-04-30,Argentina,45649750,Neuquén,655501,NA,NA,NA,NA,0,0,NA,107,9,NA
2020-05-02,Argentina,45649750,Neuquén,655501,NA,NA,NA,NA,0,1,NA,107,10,NA
2020-05-04,Argentina,45649750,Neuquén,655501,NA,NA,NA,NA,0,0,NA,107,10,NA
2020-05-06,Argentina,45649750,Neuquén,655501,NA,NA,NA,NA,2,0,NA,110,10,NA
2020-05-08,Argentina,45649750,Neuquén,655501,NA,NA,NA,NA,0,0,NA,110,10,NA
2020-05-10,Argentina,45649750,Neuquén,655501,NA,NA,NA,NA,0,0,NA,111,10,NA
2020-05-12,Argentina,45649750,Neuquén,655501,NA,NA,NA,NA,0,0,NA,111,10,NA
2020-05-14,Argentina,45649750,Neuquén,655501,NA,NA,NA,NA,1,0,NA,114,10,NA
2020-05-16,Argentina,45649750,Neuquén,655501,NA,NA,NA,NA,0,0,NA,114,10,NA
2020-05-18,Argentina,45649750,Neuquén,655501,NA,NA,NA,NA,0,0,NA,114,10,NA
2020-05-20,Argentina,45649750,Neuquén,655501,NA,NA,NA,NA,0,0,NA,114,10,NA
2020-05-22,Argentina,45649750,Neuquén,655501,NA,NA,NA,NA,1,0,NA,115,10,NA
2020-05-24,Argentina,45649750,Neuquén,655501,NA,NA,NA,NA,0,0,NA,115,10,NA
2020-05-26,Argentina,45649750,Neuquén,655501,NA,NA,NA,NA,1,1,NA,117,11,NA
2020-05-28,Argentina,45649750,Neuquén,655501,NA,NA,NA,NA,2,0,NA,121,11,NA
2020-05-30,Argentina,45649750,Neuquén,655501,NA,NA,NA,NA,0,0,NA,125,11,NA
2020-06-01,Argentina,45649750,Neuquén,655501,NA,NA,NA,NA,4,0,NA,132,11,NA
2020-06-03,Argentina,45649750,Neuquén,655501,NA,NA,NA,NA,0,1,NA,144,13,NA
2020-06-05,Argentina,45649750,Neuquén,655501,NA,NA,NA,NA,1,0,NA,146,13,NA
2020-06-07,Argentina,45649750,Neuquén,655501,NA,NA,NA,NA,0,0,NA,146,13,NA
2020-06-09,Argentina,45649750,Neuquén,655501,NA,NA,NA,NA,8,0,NA,157,13,NA
2020-06-11,Argentina,45649750,Neuquén,655501,NA,NA,NA,NA,18,0,NA,189,13,NA
2020-06-13,Argentina,45649750,Neuquén,655501,NA,NA,NA,NA,10,0,NA,210,14,NA
2020-06-15,Argentina,45649750,Neuquén,655501,NA,NA,NA,NA,18,1,NA,235,15,NA
2020-06-17,Argentina,45649750,Neuquén,655501,NA,NA,NA,NA,8,1,NA,255,16,NA
2020-06-19,Argentina,45649750,Neuquén,655501,NA,NA,NA,NA,16,2,NA,290,18,NA
2020-06-21,Argentina,45649750,Neuquén,655501,NA,NA,NA,NA,13,0,NA,316,19,NA
2020-06-23,Argentina,45649750,Neuquén,655501,NA,NA,NA,NA,23,2,NA,363,21,NA
2020-06-25,Argentina,45649750,Neuquén,655501,NA,NA,NA,NA,28,0,NA,407,22,NA
2020-06-27,Argentina,45649750,Neuquén,655501,NA,NA,NA,NA,15,1,NA,441,23,NA
2020-06-29,Argentina,45649750,Neuquén,655501,NA,NA,NA,NA,10,0,NA,467,24,NA
2020-07-01,Argentina,45649750,Neuquén,655501,NA,NA,NA,NA,18,0,NA,499,24,NA
2020-07-03,Argentina,45649750,Neuquén,655501,NA,NA,NA,NA,10,2,NA,536,27,NA
2020-07-05,Argentina,45649750,Neuquén,655501,NA,NA,NA,NA,21,1,NA,571,30,NA
2020-07-07,Argentina,45649750,Neuquén,655501,NA,NA,NA,NA,22,0,NA,627,30,NA
2020-07-09,Argentina,45649750,Neuquén,655501,NA,NA,NA,NA,15,0,NA,662,30,NA
2020-07-11,Argentina,45649750,Neuquén,655501,NA,NA,NA,NA,4,0,NA,679,31,NA
2020-07-13,Argentina,45649750,Neuquén,655501,NA,NA,NA,NA,41,0,NA,741,31,NA
2020-07-15,Argentina,45649750,Neuquén,655501,NA,NA,NA,NA,22,0,NA,798,32,NA
2020-07-17,Argentina,45649750,Neuquén,655501,NA,NA,NA,NA,40,0,NA,853,32,NA
2020-07-19,Argentina,45649750,Neuquén,655501,NA,NA,NA,NA,17,0,NA,887,32,NA
2020-07-21,Argentina,45649750,Neuquén,655501,NA,NA,NA,NA,30,0,NA,934,32,NA
2020-07-23,Argentina,45649750,Neuquén,655501,NA,NA,NA,NA,33,1,NA,984,33,NA
2020-07-25,Argentina,45649750,Neuquén,655501,NA,NA,NA,NA,23,0,NA,1020,33,NA
2020-07-27,Argentina,45649750,Neuquén,655501,NA,NA,NA,NA,44,0,NA,1080,33,NA
2020-07-29,Argentina,45649750,Neuquén,655501,NA,NA,NA,NA,17,1,NA,1127,34,NA
2020-07-31,Argentina,45649750,Neuquén,655501,NA,NA,NA,NA,25,0,NA,1185,34,NA
2020-08-02,Argentina,45649750,Neuquén,655501,NA,NA,NA,NA,23,2,NA,1227,36,NA
2020-08-04,Argentina,45649750,Neuquén,655501,NA,NA,NA,NA,75,0,NA,1317,37,NA
2020-08-06,Argentina,45649750,Neuquén,655501,NA,NA,NA,NA,40,1,NA,1386,40,NA
2020-08-08,Argentina,45649750,Neuquén,655501,NA,NA,NA,NA,27,0,NA,1461,40,NA
2020-08-10,Argentina,45649750,Neuquén,655501,NA,NA,NA,NA,83,1,NA,1573,41,NA
2020-08-12,Argentina,45649750,Neuquén,655501,NA,NA,NA,NA,34,0,NA,1693,41,NA
2020-08-14,Argentina,45649750,Neuquén,655501,NA,NA,NA,NA,41,0,NA,1779,42,NA
2020-08-16,Argentina,45649750,Neuquén,655501,NA,NA,NA,NA,16,0,NA,1830,42,NA
2020-08-18,Argentina,45649750,Neuquén,655501,NA,NA,NA,NA,0,0,NA,1830,42,NA
2020-01-02,Argentina,45649750,Río Negro,738060,NA,NA,NA,NA,0,0,NA,0,0,NA
2020-01-04,Argentina,45649750,Río Negro,738060,NA,NA,NA,NA,0,0,NA,0,0,NA
2020-01-06,Argentina,45649750,Río Negro,738060,NA,NA,NA,NA,0,0,NA,0,0,NA
2020-01-08,Argentina,45649750,Río Negro,738060,NA,NA,NA,NA,0,0,NA,0,0,NA
2020-01-10,Argentina,45649750,Río Negro,738060,NA,NA,NA,NA,0,0,NA,0,0,NA
2020-01-12,Argentina,45649750,Río Negro,738060,NA,NA,NA,NA,0,0,NA,0,0,NA
2020-01-14,Argentina,45649750,Río Negro,738060,NA,NA,NA,NA,0,0,NA,0,0,NA
2020-01-16,Argentina,45649750,Río Negro,738060,NA,NA,NA,NA,0,0,NA,0,0,NA
2020-01-18,Argentina,45649750,Río Negro,738060,NA,NA,NA,NA,0,0,NA,0,0,NA
2020-01-20,Argentina,45649750,Río Negro,738060,NA,NA,NA,NA,0,0,NA,0,0,NA
2020-01-22,Argentina,45649750,Río Negro,738060,NA,NA,NA,NA,0,0,NA,0,0,NA
2020-01-24,Argentina,45649750,Río Negro,738060,NA,NA,NA,NA,0,0,NA,0,0,NA
2020-01-26,Argentina,45649750,Río Negro,738060,NA,NA,NA,NA,0,0,NA,0,0,NA
2020-01-28,Argentina,45649750,Río Negro,738060,NA,NA,NA,NA,0,0,NA,0,0,NA
2020-01-30,Argentina,45649750,Río Negro,738060,NA,NA,NA,NA,0,0,NA,0,0,NA
2020-02-01,Argentina,45649750,Río Negro,738060,NA,NA,NA,NA,0,0,NA,0,0,NA
2020-02-03,Argentina,45649750,Río Negro,738060,NA,NA,NA,NA,0,0,NA,0,0,NA
2020-02-05,Argentina,45649750,Río Negro,738060,NA,NA,NA,NA,0,0,NA,0,0,NA
2020-02-07,Argentina,45649750,Río Negro,738060,NA,NA,NA,NA,0,0,NA,0,0,NA
2020-02-09,Argentina,45649750,Río Negro,738060,NA,NA,NA,NA,0,0,NA,0,0,NA
2020-02-11,Argentina,45649750,Río Negro,738060,NA,NA,NA,NA,0,0,NA,0,0,NA
2020-02-13,Argentina,45649750,Río Negro,738060,NA,NA,NA,NA,0,0,NA,0,0,NA
2020-02-15,Argentina,45649750,Río Negro,738060,NA,NA,NA,NA,0,0,NA,0,0,NA
2020-02-17,Argentina,45649750,Río Negro,738060,NA,NA,NA,NA,0,0,NA,0,0,NA
2020-02-19,Argentina,45649750,Río Negro,738060,NA,NA,NA,NA,0,0,NA,0,0,NA
2020-02-21,Argentina,45649750,Río Negro,738060,NA,NA,NA,NA,0,0,NA,0,0,NA
2020-02-23,Argentina,45649750,Río Negro,738060,NA,NA,NA,NA,0,0,NA,0,0,NA
2020-02-25,Argentina,45649750,Río Negro,738060,NA,NA,NA,NA,0,0,NA,0,0,NA
2020-02-27,Argentina,45649750,Río Negro,738060,NA,NA,NA,NA,0,0,NA,0,0,NA
2020-02-29,Argentina,45649750,Río Negro,738060,NA,NA,NA,NA,0,0,NA,0,0,NA
2020-03-02,Argentina,45649750,Río Negro,738060,NA,NA,NA,NA,0,0,NA,0,0,NA
2020-03-04,Argentina,45649750,Río Negro,738060,NA,NA,NA,NA,0,0,NA,0,0,NA
2020-03-06,Argentina,45649750,Río Negro,738060,NA,NA,NA,NA,0,0,NA,0,0,NA
2020-03-08,Argentina,45649750,Río Negro,738060,NA,NA,NA,NA,0,0,NA,0,0,NA
2020-03-10,Argentina,45649750,Río Negro,738060,NA,NA,NA,NA,0,0,NA,1,0,NA
2020-03-12,Argentina,45649750,Río Negro,738060,NA,NA,NA,NA,0,0,NA,1,0,NA
2020-03-14,Argentina,45649750,Río Negro,738060,NA,NA,NA,NA,0,0,NA,1,0,NA
2020-03-16,Argentina,45649750,Río Negro,738060,NA,NA,NA,NA,0,0,NA,1,0,NA
2020-03-18,Argentina,45649750,Río Negro,738060,NA,NA,NA,NA,0,0,NA,2,0,NA
2020-03-20,Argentina,45649750,Río Negro,738060,NA,NA,NA,NA,1,0,NA,4,0,NA
2020-03-22,Argentina,45649750,Río Negro,738060,NA,NA,NA,NA,0,0,NA,6,0,NA
2020-03-24,Argentina,45649750,Río Negro,738060,NA,NA,NA,NA,0,0,NA,6,0,NA
2020-03-26,Argentina,45649750,Río Negro,738060,NA,NA,NA,NA,2,1,NA,8,1,NA
2020-03-28,Argentina,45649750,Río Negro,738060,NA,NA,NA,NA,0,0,NA,8,1,NA
2020-03-30,Argentina,45649750,Río Negro,738060,NA,NA,NA,NA,0,0,NA,8,1,NA
2020-04-01,Argentina,45649750,Río Negro,738060,NA,NA,NA,NA,0,1,NA,9,3,NA
2020-04-03,Argentina,45649750,Río Negro,738060,NA,NA,NA,NA,4,0,NA,13,3,NA
2020-04-05,Argentina,45649750,Río Negro,738060,NA,NA,NA,NA,2,0,NA,18,3,NA
2020-04-07,Argentina,45649750,Río Negro,738060,NA,NA,NA,NA,6,1,NA,27,4,NA
2020-04-09,Argentina,45649750,Río Negro,738060,NA,NA,NA,NA,7,2,NA,41,6,NA
2020-04-11,Argentina,45649750,Río Negro,738060,NA,NA,NA,NA,18,0,NA,69,6,NA
2020-04-13,Argentina,45649750,Río Negro,738060,NA,NA,NA,NA,7,1,NA,76,7,NA
2020-04-15,Argentina,45649750,Río Negro,738060,NA,NA,NA,NA,12,0,NA,104,7,NA
2020-04-17,Argentina,45649750,Río Negro,738060,NA,NA,NA,NA,4,0,NA,116,7,NA
2020-04-19,Argentina,45649750,Río Negro,738060,NA,NA,NA,NA,5,1,NA,127,8,NA
2020-04-21,Argentina,45649750,Río Negro,738060,NA,NA,NA,NA,13,0,NA,156,10,NA
2020-04-23,Argentina,45649750,Río Negro,738060,NA,NA,NA,NA,6,0,NA,175,10,NA
2020-04-25,Argentina,45649750,Río Negro,738060,NA,NA,NA,NA,10,1,NA,188,12,NA
2020-04-27,Argentina,45649750,Río Negro,738060,NA,NA,NA,NA,6,1,NA,194,13,NA
2020-04-29,Argentina,45649750,Río Negro,738060,NA,NA,NA,NA,10,1,NA,213,14,NA
2020-05-01,Argentina,45649750,Río Negro,738060,NA,NA,NA,NA,2,0,NA,236,14,NA
2020-05-03,Argentina,45649750,Río Negro,738060,NA,NA,NA,NA,3,1,NA,247,15,NA
2020-05-05,Argentina,45649750,Río Negro,738060,NA,NA,NA,NA,9,0,NA,261,17,NA
2020-05-07,Argentina,45649750,Río Negro,738060,NA,NA,NA,NA,3,0,NA,267,18,NA
2020-05-09,Argentina,45649750,Río Negro,738060,NA,NA,NA,NA,1,1,NA,272,19,NA
2020-05-11,Argentina,45649750,Río Negro,738060,NA,NA,NA,NA,14,0,NA,288,20,NA
2020-05-13,Argentina,45649750,Río Negro,738060,NA,NA,NA,NA,4,1,NA,293,21,NA
2020-05-15,Argentina,45649750,Río Negro,738060,NA,NA,NA,NA,10,1,NA,315,22,NA
2020-05-17,Argentina,45649750,Río Negro,738060,NA,NA,NA,NA,2,0,NA,323,23,NA
2020-05-19,Argentina,45649750,Río Negro,738060,NA,NA,NA,NA,2,1,NA,330,24,NA
2020-05-21,Argentina,45649750,Río Negro,738060,NA,NA,NA,NA,6,1,NA,338,25,NA
2020-05-23,Argentina,45649750,Río Negro,738060,NA,NA,NA,NA,5,0,NA,348,28,NA
2020-05-25,Argentina,45649750,Río Negro,738060,NA,NA,NA,NA,3,1,NA,353,29,NA
2020-05-27,Argentina,45649750,Río Negro,738060,NA,NA,NA,NA,4,0,NA,366,29,NA
2020-05-29,Argentina,45649750,Río Negro,738060,NA,NA,NA,NA,15,0,NA,388,29,NA
2020-05-31,Argentina,45649750,Río Negro,738060,NA,NA,NA,NA,1,1,NA,391,30,NA
2020-06-02,Argentina,45649750,Río Negro,738060,NA,NA,NA,NA,5,0,NA,409,30,NA
2020-06-04,Argentina,45649750,Río Negro,738060,NA,NA,NA,NA,12,0,NA,434,32,NA
2020-06-06,Argentina,45649750,Río Negro,738060,NA,NA,NA,NA,14,1,NA,462,33,NA
2020-06-08,Argentina,45649750,Río Negro,738060,NA,NA,NA,NA,13,3,NA,480,37,NA
2020-06-10,Argentina,45649750,Río Negro,738060,NA,NA,NA,NA,15,1,NA,511,39,NA
2020-06-12,Argentina,45649750,Río Negro,738060,NA,NA,NA,NA,18,1,NA,538,43,NA
2020-06-14,Argentina,45649750,Río Negro,738060,NA,NA,NA,NA,0,0,NA,552,44,NA
2020-06-16,Argentina,45649750,Río Negro,738060,NA,NA,NA,NA,24,0,NA,588,45,NA
2020-06-18,Argentina,45649750,Río Negro,738060,NA,NA,NA,NA,43,1,NA,646,49,NA
2020-06-20,Argentina,45649750,Río Negro,738060,NA,NA,NA,NA,28,2,NA,690,52,NA
2020-06-22,Argentina,45649750,Río Negro,738060,NA,NA,NA,NA,15,2,NA,707,56,NA
2020-06-24,Argentina,45649750,Río Negro,738060,NA,NA,NA,NA,38,1,NA,766,58,NA
2020-06-26,Argentina,45649750,Río Negro,738060,NA,NA,NA,NA,20,1,NA,815,59,NA
2020-06-28,Argentina,45649750,Río Negro,738060,NA,NA,NA,NA,1,0,NA,826,59,NA
2020-06-30,Argentina,45649750,Río Negro,738060,NA,NA,NA,NA,18,0,NA,867,59,NA
2020-07-02,Argentina,45649750,Río Negro,738060,NA,NA,NA,NA,19,0,NA,910,59,NA
2020-07-04,Argentina,45649750,Río Negro,738060,NA,NA,NA,NA,17,0,NA,961,59,NA
2020-07-06,Argentina,45649750,Río Negro,738060,NA,NA,NA,NA,16,2,NA,978,64,NA
2020-07-08,Argentina,45649750,Río Negro,738060,NA,NA,NA,NA,16,2,NA,1012,66,NA
2020-07-10,Argentina,45649750,Río Negro,738060,NA,NA,NA,NA,26,3,NA,1061,70,NA
2020-07-12,Argentina,45649750,Río Negro,738060,NA,NA,NA,NA,2,0,NA,1097,70,NA
2020-07-14,Argentina,45649750,Río Negro,738060,NA,NA,NA,NA,22,2,NA,1171,73,NA
2020-07-16,Argentina,45649750,Río Negro,738060,NA,NA,NA,NA,52,1,NA,1246,74,NA
2020-07-18,Argentina,45649750,Río Negro,738060,NA,NA,NA,NA,29,0,NA,1313,77,NA
2020-07-20,Argentina,45649750,Río Negro,738060,NA,NA,NA,NA,35,3,NA,1355,84,NA
2020-07-22,Argentina,45649750,Río Negro,738060,NA,NA,NA,NA,60,1,NA,1460,86,NA
2020-07-24,Argentina,45649750,Río Negro,738060,NA,NA,NA,NA,52,3,NA,1544,89,NA
2020-07-26,Argentina,45649750,Río Negro,738060,NA,NA,NA,NA,6,1,NA,1597,91,NA
2020-07-28,Argentina,45649750,Río Negro,738060,NA,NA,NA,NA,65,3,NA,1724,95,NA
2020-07-30,Argentina,45649750,Río Negro,738060,NA,NA,NA,NA,106,3,NA,1899,100,NA
2020-08-01,Argentina,45649750,Río Negro,738060,NA,NA,NA,NA,74,1,NA,2076,103,NA
2020-08-03,Argentina,45649750,Río Negro,738060,NA,NA,NA,NA,182,2,NA,2281,107,NA
2020-08-05,Argentina,45649750,Río Negro,738060,NA,NA,NA,NA,177,2,NA,2573,112,NA
2020-08-07,Argentina,45649750,Río Negro,738060,NA,NA,NA,NA,103,0,NA,2819,114,NA
2020-08-09,Argentina,45649750,Río Negro,738060,NA,NA,NA,NA,32,4,NA,2932,125,NA
2020-08-11,Argentina,45649750,Río Negro,738060,NA,NA,NA,NA,153,3,NA,3290,132,NA
2020-08-13,Argentina,45649750,Río Negro,738060,NA,NA,NA,NA,103,3,NA,3542,138,NA
2020-08-15,Argentina,45649750,Río Negro,738060,NA,NA,NA,NA,69,1,NA,3710,139,NA
2020-08-17,Argentina,45649750,Río Negro,738060,NA,NA,NA,NA,0,0,NA,3756,139,NA
2020-01-01,Argentina,45649750,Santa Fe,3509113,NA,NA,NA,NA,0,0,NA,0,0,NA
2020-01-03,Argentina,45649750,Santa Fe,3509113,NA,NA,NA,NA,0,0,NA,0,0,NA
2020-01-05,Argentina,45649750,Santa Fe,3509113,NA,NA,NA,NA,0,0,NA,0,0,NA
2020-01-07,Argentina,45649750,Santa Fe,3509113,NA,NA,NA,NA,0,0,NA,0,0,NA
2020-01-09,Argentina,45649750,Santa Fe,3509113,NA,NA,NA,NA,0,0,NA,0,0,NA
2020-01-11,Argentina,45649750,Santa Fe,3509113,NA,NA,NA,NA,0,0,NA,0,0,NA
2020-01-13,Argentina,45649750,Santa Fe,3509113,NA,NA,NA,NA,0,0,NA,0,0,NA
2020-01-15,Argentina,45649750,Santa Fe,3509113,NA,NA,NA,NA,0,0,NA,0,0,NA
2020-01-17,Argentina,45649750,Santa Fe,3509113,NA,NA,NA,NA,0,0,NA,0,0,NA
2020-01-19,Argentina,45649750,Santa Fe,3509113,NA,NA,NA,NA,0,0,NA,0,0,NA
2020-01-21,Argentina,45649750,Santa Fe,3509113,NA,NA,NA,NA,0,0,NA,0,0,NA
2020-01-23,Argentina,45649750,Santa Fe,3509113,NA,NA,NA,NA,0,0,NA,0,0,NA
2020-01-25,Argentina,45649750,Santa Fe,3509113,NA,NA,NA,NA,0,0,NA,0,0,NA
2020-01-27,Argentina,45649750,Santa Fe,3509113,NA,NA,NA,NA,0,0,NA,0,0,NA
2020-01-29,Argentina,45649750,Santa Fe,3509113,NA,NA,NA,NA,0,0,NA,0,0,NA
2020-01-31,Argentina,45649750,Santa Fe,3509113,NA,NA,NA,NA,0,0,NA,0,0,NA
2020-02-02,Argentina,45649750,Santa Fe,3509113,NA,NA,NA,NA,0,0,NA,0,0,NA
2020-02-04,Argentina,45649750,Santa Fe,3509113,NA,NA,NA,NA,0,0,NA,0,0,NA
2020-02-06,Argentina,45649750,Santa Fe,3509113,NA,NA,NA,NA,0,0,NA,0,0,NA
2020-02-08,Argentina,45649750,Santa Fe,3509113,NA,NA,NA,NA,0,0,NA,0,0,NA
2020-02-10,Argentina,45649750,Santa Fe,3509113,NA,NA,NA,NA,0,0,NA,0,0,NA
2020-02-12,Argentina,45649750,Santa Fe,3509113,NA,NA,NA,NA,0,0,NA,0,0,NA
2020-02-14,Argentina,45649750,Santa Fe,3509113,NA,NA,NA,NA,0,0,NA,0,0,NA
2020-02-16,Argentina,45649750,Santa Fe,3509113,NA,NA,NA,NA,0,0,NA,0,0,NA
2020-02-18,Argentina,45649750,Santa Fe,3509113,NA,NA,NA,NA,0,0,NA,0,0,NA
2020-02-20,Argentina,45649750,Santa Fe,3509113,NA,NA,NA,NA,0,0,NA,0,0,NA
2020-02-22,Argentina,45649750,Santa Fe,3509113,NA,NA,NA,NA,0,0,NA,0,0,NA
2020-02-24,Argentina,45649750,Santa Fe,3509113,NA,NA,NA,NA,0,0,NA,0,0,NA
2020-02-26,Argentina,45649750,Santa Fe,3509113,NA,NA,NA,NA,0,0,NA,0,0,NA
2020-02-28,Argentina,45649750,Santa Fe,3509113,NA,NA,NA,NA,0,0,NA,0,0,NA
2020-03-01,Argentina,45649750,Santa Fe,3509113,NA,NA,NA,NA,0,0,NA,0,0,NA
2020-03-03,Argentina,45649750,Santa Fe,3509113,NA,NA,NA,NA,0,0,NA,0,0,NA
2020-03-05,Argentina,45649750,Santa Fe,3509113,NA,NA,NA,NA,0,0,NA,0,0,NA
2020-03-07,Argentina,45649750,Santa Fe,3509113,NA,NA,NA,NA,0,0,NA,0,0,NA
2020-03-09,Argentina,45649750,Santa Fe,3509113,NA,NA,NA,NA,0,0,NA,0,0,NA
2020-03-11,Argentina,45649750,Santa Fe,3509113,NA,NA,NA,NA,0,0,NA,0,0,NA
2020-03-13,Argentina,45649750,Santa Fe,3509113,NA,NA,NA,NA,1,0,NA,1,0,NA
2020-03-15,Argentina,45649750,Santa Fe,3509113,NA,NA,NA,NA,0,1,NA,1,1,NA
2020-03-17,Argentina,45649750,Santa Fe,3509113,NA,NA,NA,NA,0,0,NA,1,2,NA
2020-03-19,Argentina,45649750,Santa Fe,3509113,NA,NA,NA,NA,1,0,NA,2,2,NA
2020-03-21,Argentina,45649750,Santa Fe,3509113,NA,NA,NA,NA,2,0,NA,4,2,NA
2020-03-23,Argentina,45649750,Santa Fe,3509113,NA,NA,NA,NA,2,1,NA,17,3,NA
2020-03-25,Argentina,45649750,Santa Fe,3509113,NA,NA,NA,NA,9,0,NA,47,3,NA
2020-03-27,Argentina,45649750,Santa Fe,3509113,NA,NA,NA,NA,8,0,NA,62,4,NA
2020-03-29,Argentina,45649750,Santa Fe,3509113,NA,NA,NA,NA,25,0,NA,101,4,NA
2020-03-31,Argentina,45649750,Santa Fe,3509113,NA,NA,NA,NA,22,0,NA,134,4,NA
2020-04-02,Argentina,45649750,Santa Fe,3509113,NA,NA,NA,NA,10,1,NA,154,7,NA
2020-04-04,Argentina,45649750,Santa Fe,3509113,NA,NA,NA,NA,11,1,NA,172,9,NA
2020-04-06,Argentina,45649750,Santa Fe,3509113,NA,NA,NA,NA,5,0,NA,182,9,NA
2020-04-08,Argentina,45649750,Santa Fe,3509113,NA,NA,NA,NA,7,1,NA,192,11,NA
2020-04-10,Argentina,45649750,Santa Fe,3509113,NA,NA,NA,NA,2,0,NA,196,14,NA
2020-04-12,Argentina,45649750,Santa Fe,3509113,NA,NA,NA,NA,2,0,NA,202,14,NA
2020-04-14,Argentina,45649750,Santa Fe,3509113,NA,NA,NA,NA,3,0,NA,206,14,NA
2020-04-16,Argentina,45649750,Santa Fe,3509113,NA,NA,NA,NA,3,1,NA,212,16,NA
2020-04-18,Argentina,45649750,Santa Fe,3509113,NA,NA,NA,NA,1,0,NA,220,16,NA
2020-04-20,Argentina,45649750,Santa Fe,3509113,NA,NA,NA,NA,2,0,NA,223,19,NA
2020-04-22,Argentina,45649750,Santa Fe,3509113,NA,NA,NA,NA,5,0,NA,234,19,NA
2020-04-24,Argentina,45649750,Santa Fe,3509113,NA,NA,NA,NA,2,0,NA,238,20,NA
2020-04-26,Argentina,45649750,Santa Fe,3509113,NA,NA,NA,NA,0,0,NA,241,23,NA
2020-04-28,Argentina,45649750,Santa Fe,3509113,NA,NA,NA,NA,1,0,NA,242,24,NA
2020-04-30,Argentina,45649750,Santa Fe,3509113,NA,NA,NA,NA,0,0,NA,242,26,NA
2020-05-02,Argentina,45649750,Santa Fe,3509113,NA,NA,NA,NA,0,0,NA,242,26,NA
2020-05-04,Argentina,45649750,Santa Fe,3509113,NA,NA,NA,NA,0,0,NA,242,26,NA
2020-05-06,Argentina,45649750,Santa Fe,3509113,NA,NA,NA,NA,0,0,NA,243,27,NA
2020-05-08,Argentina,45649750,Santa Fe,3509113,NA,NA,NA,NA,0,1,NA,243,29,NA
2020-05-10,Argentina,45649750,Santa Fe,3509113,NA,NA,NA,NA,0,0,NA,243,29,NA
2020-05-12,Argentina,45649750,Santa Fe,3509113,NA,NA,NA,NA,0,0,NA,243,30,NA
2020-05-14,Argentina,45649750,Santa Fe,3509113,NA,NA,NA,NA,0,0,NA,243,31,NA
2020-05-16,Argentina,45649750,Santa Fe,3509113,NA,NA,NA,NA,1,0,NA,244,31,NA
2020-05-18,Argentina,45649750,Santa Fe,3509113,NA,NA,NA,NA,0,0,NA,248,31,NA
2020-05-20,Argentina,45649750,Santa Fe,3509113,NA,NA,NA,NA,4,0,NA,252,31,NA
2020-05-22,Argentina,45649750,Santa Fe,3509113,NA,NA,NA,NA,4,0,NA,257,31,NA
2020-05-24,Argentina,45649750,Santa Fe,3509113,NA,NA,NA,NA,0,0,NA,258,31,NA
2020-05-26,Argentina,45649750,Santa Fe,3509113,NA,NA,NA,NA,0,0,NA,259,31,NA
2020-05-28,Argentina,45649750,Santa Fe,3509113,NA,NA,NA,NA,0,0,NA,259,33,NA
2020-05-30,Argentina,45649750,Santa Fe,3509113,NA,NA,NA,NA,1,0,NA,261,33,NA
2020-06-01,Argentina,45649750,Santa Fe,3509113,NA,NA,NA,NA,3,0,NA,264,33,NA
2020-06-03,Argentina,45649750,Santa Fe,3509113,NA,NA,NA,NA,3,0,NA,267,34,NA
2020-06-05,Argentina,45649750,Santa Fe,3509113,NA,NA,NA,NA,0,0,NA,273,34,NA
2020-06-07,Argentina,45649750,Santa Fe,3509113,NA,NA,NA,NA,0,0,NA,275,34,NA
2020-06-09,Argentina,45649750,Santa Fe,3509113,NA,NA,NA,NA,4,0,NA,280,34,NA
2020-06-11,Argentina,45649750,Santa Fe,3509113,NA,NA,NA,NA,1,0,NA,283,34,NA
2020-06-13,Argentina,45649750,Santa Fe,3509113,NA,NA,NA,NA,1,0,NA,284,34,NA
2020-06-15,Argentina,45649750,Santa Fe,3509113,NA,NA,NA,NA,0,1,NA,284,35,NA
2020-06-17,Argentina,45649750,Santa Fe,3509113,NA,NA,NA,NA,7,0,NA,294,35,NA
2020-06-19,Argentina,45649750,Santa Fe,3509113,NA,NA,NA,NA,24,0,NA,326,36,NA
2020-06-21,Argentina,45649750,Santa Fe,3509113,NA,NA,NA,NA,4,0,NA,336,36,NA
2020-06-23,Argentina,45649750,Santa Fe,3509113,NA,NA,NA,NA,24,0,NA,367,36,NA
2020-06-25,Argentina,45649750,Santa Fe,3509113,NA,NA,NA,NA,23,0,NA,396,36,NA
2020-06-27,Argentina,45649750,Santa Fe,3509113,NA,NA,NA,NA,5,0,NA,411,36,NA
2020-06-29,Argentina,45649750,Santa Fe,3509113,NA,NA,NA,NA,1,0,NA,416,36,NA
2020-07-01,Argentina,45649750,Santa Fe,3509113,NA,NA,NA,NA,3,1,NA,421,37,NA
2020-07-03,Argentina,45649750,Santa Fe,3509113,NA,NA,NA,NA,2,2,NA,428,39,NA
2020-07-05,Argentina,45649750,Santa Fe,3509113,NA,NA,NA,NA,4,0,NA,439,40,NA
2020-07-07,Argentina,45649750,Santa Fe,3509113,NA,NA,NA,NA,14,0,NA,457,40,NA
2020-07-09,Argentina,45649750,Santa Fe,3509113,NA,NA,NA,NA,8,1,NA,483,42,NA
2020-07-11,Argentina,45649750,Santa Fe,3509113,NA,NA,NA,NA,24,0,NA,515,42,NA
2020-07-13,Argentina,45649750,Santa Fe,3509113,NA,NA,NA,NA,19,0,NA,546,42,NA
2020-07-15,Argentina,45649750,Santa Fe,3509113,NA,NA,NA,NA,20,1,NA,593,43,NA
2020-07-17,Argentina,45649750,Santa Fe,3509113,NA,NA,NA,NA,39,1,NA,657,44,NA
2020-07-19,Argentina,45649750,Santa Fe,3509113,NA,NA,NA,NA,19,0,NA,701,45,NA
2020-07-21,Argentina,45649750,Santa Fe,3509113,NA,NA,NA,NA,36,2,NA,777,47,NA
2020-07-23,Argentina,45649750,Santa Fe,3509113,NA,NA,NA,NA,25,0,NA,850,48,NA
2020-07-25,Argentina,45649750,Santa Fe,3509113,NA,NA,NA,NA,42,2,NA,922,50,NA
2020-07-27,Argentina,45649750,Santa Fe,3509113,NA,NA,NA,NA,60,2,NA,1012,52,NA
2020-07-29,Argentina,45649750,Santa Fe,3509113,NA,NA,NA,NA,60,1,NA,1138,53,NA
2020-07-31,Argentina,45649750,Santa Fe,3509113,NA,NA,NA,NA,80,2,NA,1260,55,NA
2020-08-02,Argentina,45649750,Santa Fe,3509113,NA,NA,NA,NA,62,1,NA,1410,56,NA
2020-08-04,Argentina,45649750,Santa Fe,3509113,NA,NA,NA,NA,115,1,NA,1607,57,NA
2020-08-06,Argentina,45649750,Santa Fe,3509113,NA,NA,NA,NA,188,4,NA,1862,61,NA
2020-08-08,Argentina,45649750,Santa Fe,3509113,NA,NA,NA,NA,70,0,NA,2104,61,NA
2020-08-10,Argentina,45649750,Santa Fe,3509113,NA,NA,NA,NA,197,1,NA,2375,63,NA
2020-08-12,Argentina,45649750,Santa Fe,3509113,NA,NA,NA,NA,164,3,NA,2699,69,NA
2020-08-14,Argentina,45649750,Santa Fe,3509113,NA,NA,NA,NA,182,0,NA,3072,70,NA
2020-08-16,Argentina,45649750,Santa Fe,3509113,NA,NA,NA,NA,83,1,NA,3293,72,NA
2020-08-18,Argentina,45649750,Santa Fe,3509113,NA,NA,NA,NA,0,0,NA,3293,72,NA
2020-01-02,Argentina,45649750,Tucumán,1674622,NA,NA,NA,NA,0,0,NA,0,0,NA
2020-01-04,Argentina,45649750,Tucumán,1674622,NA,NA,NA,NA,0,0,NA,0,0,NA
2020-01-06,Argentina,45649750,Tucumán,1674622,NA,NA,NA,NA,0,0,NA,0,0,NA
2020-01-08,Argentina,45649750,Tucumán,1674622,NA,NA,NA,NA,0,0,NA,0,0,NA
2020-01-10,Argentina,45649750,Tucumán,1674622,NA,NA,NA,NA,0,0,NA,0,0,NA
2020-01-12,Argentina,45649750,Tucumán,1674622,NA,NA,NA,NA,0,0,NA,0,0,NA
2020-01-14,Argentina,45649750,Tucumán,1674622,NA,NA,NA,NA,0,0,NA,0,0,NA
2020-01-16,Argentina,45649750,Tucumán,1674622,NA,NA,NA,NA,0,0,NA,0,0,NA
2020-01-18,Argentina,45649750,Tucumán,1674622,NA,NA,NA,NA,0,0,NA,0,0,NA
2020-01-20,Argentina,45649750,Tucumán,1674622,NA,NA,NA,NA,0,0,NA,0,0,NA
2020-01-22,Argentina,45649750,Tucumán,1674622,NA,NA,NA,NA,0,0,NA,0,0,NA
2020-01-24,Argentina,45649750,Tucumán,1674622,NA,NA,NA,NA,0,0,NA,0,0,NA
2020-01-26,Argentina,45649750,Tucumán,1674622,NA,NA,NA,NA,0,0,NA,0,0,NA
2020-01-28,Argentina,45649750,Tucumán,1674622,NA,NA,NA,NA,0,0,NA,0,0,NA
2020-01-30,Argentina,45649750,Tucumán,1674622,NA,NA,NA,NA,0,0,NA,0,0,NA
2020-02-01,Argentina,45649750,Tucumán,1674622,NA,NA,NA,NA,0,0,NA,0,0,NA
2020-02-03,Argentina,45649750,Tucumán,1674622,NA,NA,NA,NA,0,0,NA,0,0,NA
2020-02-05,Argentina,45649750,Tucumán,1674622,NA,NA,NA,NA,0,0,NA,0,0,NA
2020-02-07,Argentina,45649750,Tucumán,1674622,NA,NA,NA,NA,0,0,NA,0,0,NA
2020-02-09,Argentina,45649750,Tucumán,1674622,NA,NA,NA,NA,0,0,NA,0,0,NA
2020-02-11,Argentina,45649750,Tucumán,1674622,NA,NA,NA,NA,0,0,NA,0,0,NA
2020-02-13,Argentina,45649750,Tucumán,1674622,NA,NA,NA,NA,0,0,NA,0,0,NA
2020-02-15,Argentina,45649750,Tucumán,1674622,NA,NA,NA,NA,0,0,NA,0,0,NA
2020-02-17,Argentina,45649750,Tucumán,1674622,NA,NA,NA,NA,0,0,NA,0,0,NA
2020-02-19,Argentina,45649750,Tucumán,1674622,NA,NA,NA,NA,0,0,NA,0,0,NA
2020-02-21,Argentina,45649750,Tucumán,1674622,NA,NA,NA,NA,0,0,NA,0,0,NA
2020-02-23,Argentina,45649750,Tucumán,1674622,NA,NA,NA,NA,0,0,NA,0,0,NA
2020-02-25,Argentina,45649750,Tucumán,1674622,NA,NA,NA,NA,0,0,NA,0,0,NA
2020-02-27,Argentina,45649750,Tucumán,1674622,NA,NA,NA,NA,0,0,NA,0,0,NA
2020-02-29,Argentina,45649750,Tucumán,1674622,NA,NA,NA,NA,0,0,NA,0,0,NA
2020-03-02,Argentina,45649750,Tucumán,1674622,NA,NA,NA,NA,0,0,NA,0,0,NA
2020-03-04,Argentina,45649750,Tucumán,1674622,NA,NA,NA,NA,0,0,NA,0,0,NA
2020-03-06,Argentina,45649750,Tucumán,1674622,NA,NA,NA,NA,0,0,NA,0,0,NA
2020-03-08,Argentina,45649750,Tucumán,1674622,NA,NA,NA,NA,0,0,NA,0,0,NA
2020-03-10,Argentina,45649750,Tucumán,1674622,NA,NA,NA,NA,0,0,NA,0,0,NA
2020-03-12,Argentina,45649750,Tucumán,1674622,NA,NA,NA,NA,0,0,NA,0,0,NA
2020-03-14,Argentina,45649750,Tucumán,1674622,NA,NA,NA,NA,0,0,NA,0,0,NA
2020-03-16,Argentina,45649750,Tucumán,1674622,NA,NA,NA,NA,0,0,NA,0,0,NA
2020-03-18,Argentina,45649750,Tucumán,1674622,NA,NA,NA,NA,1,0,NA,1,0,NA
2020-03-20,Argentina,45649750,Tucumán,1674622,NA,NA,NA,NA,0,0,NA,1,0,NA
2020-03-22,Argentina,45649750,Tucumán,1674622,NA,NA,NA,NA,5,0,NA,7,0,NA
2020-03-24,Argentina,45649750,Tucumán,1674622,NA,NA,NA,NA,0,0,NA,7,0,NA
2020-03-26,Argentina,45649750,Tucumán,1674622,NA,NA,NA,NA,4,0,NA,13,0,NA
2020-03-28,Argentina,45649750,Tucumán,1674622,NA,NA,NA,NA,1,0,NA,15,0,NA
2020-03-30,Argentina,45649750,Tucumán,1674622,NA,NA,NA,NA,0,1,NA,15,2,NA
2020-04-01,Argentina,45649750,Tucumán,1674622,NA,NA,NA,NA,1,1,NA,18,3,NA
2020-04-03,Argentina,45649750,Tucumán,1674622,NA,NA,NA,NA,1,0,NA,21,3,NA
2020-04-05,Argentina,45649750,Tucumán,1674622,NA,NA,NA,NA,5,0,NA,26,3,NA
2020-04-07,Argentina,45649750,Tucumán,1674622,NA,NA,NA,NA,0,0,NA,27,3,NA
2020-04-09,Argentina,45649750,Tucumán,1674622,NA,NA,NA,NA,0,0,NA,28,4,NA
2020-04-11,Argentina,45649750,Tucumán,1674622,NA,NA,NA,NA,0,2,NA,29,6,NA
2020-04-13,Argentina,45649750,Tucumán,1674622,NA,NA,NA,NA,1,0,NA,30,6,NA
2020-04-15,Argentina,45649750,Tucumán,1674622,NA,NA,NA,NA,0,0,NA,30,6,NA
2020-04-17,Argentina,45649750,Tucumán,1674622,NA,NA,NA,NA,0,1,NA,30,7,NA
2020-04-19,Argentina,45649750,Tucumán,1674622,NA,NA,NA,NA,1,0,NA,31,7,NA
2020-04-21,Argentina,45649750,Tucumán,1674622,NA,NA,NA,NA,3,1,NA,34,8,NA
2020-04-23,Argentina,45649750,Tucumán,1674622,NA,NA,NA,NA,0,0,NA,34,8,NA
2020-04-25,Argentina,45649750,Tucumán,1674622,NA,NA,NA,NA,1,0,NA,35,8,NA
2020-04-27,Argentina,45649750,Tucumán,1674622,NA,NA,NA,NA,1,1,NA,36,9,NA
2020-04-29,Argentina,45649750,Tucumán,1674622,NA,NA,NA,NA,2,0,NA,38,9,NA
2020-05-01,Argentina,45649750,Tucumán,1674622,NA,NA,NA,NA,0,0,NA,38,9,NA
2020-05-03,Argentina,45649750,Tucumán,1674622,NA,NA,NA,NA,3,0,NA,41,9,NA
2020-05-05,Argentina,45649750,Tucumán,1674622,NA,NA,NA,NA,0,0,NA,41,9,NA
2020-05-07,Argentina,45649750,Tucumán,1674622,NA,NA,NA,NA,0,0,NA,41,9,NA
2020-05-09,Argentina,45649750,Tucumán,1674622,NA,NA,NA,NA,0,0,NA,41,10,NA
2020-05-11,Argentina,45649750,Tucumán,1674622,NA,NA,NA,NA,1,0,NA,42,10,NA
2020-05-13,Argentina,45649750,Tucumán,1674622,NA,NA,NA,NA,0,1,NA,42,11,NA
2020-05-15,Argentina,45649750,Tucumán,1674622,NA,NA,NA,NA,0,0,NA,42,11,NA
2020-05-17,Argentina,45649750,Tucumán,1674622,NA,NA,NA,NA,0,0,NA,42,11,NA
2020-05-19,Argentina,45649750,Tucumán,1674622,NA,NA,NA,NA,0,0,NA,42,11,NA
2020-05-21,Argentina,45649750,Tucumán,1674622,NA,NA,NA,NA,0,0,NA,43,11,NA
2020-05-23,Argentina,45649750,Tucumán,1674622,NA,NA,NA,NA,1,0,NA,44,11,NA
2020-05-25,Argentina,45649750,Tucumán,1674622,NA,NA,NA,NA,0,2,NA,46,13,NA
2020-05-27,Argentina,45649750,Tucumán,1674622,NA,NA,NA,NA,0,0,NA,46,13,NA
2020-05-29,Argentina,45649750,Tucumán,1674622,NA,NA,NA,NA,0,0,NA,46,13,NA
2020-05-31,Argentina,45649750,Tucumán,1674622,NA,NA,NA,NA,0,0,NA,46,15,NA
2020-06-02,Argentina,45649750,Tucumán,1674622,NA,NA,NA,NA,0,0,NA,46,15,NA
2020-06-04,Argentina,45649750,Tucumán,1674622,NA,NA,NA,NA,1,0,NA,47,15,NA
2020-06-06,Argentina,45649750,Tucumán,1674622,NA,NA,NA,NA,0,0,NA,47,16,NA
2020-06-08,Argentina,45649750,Tucumán,1674622,NA,NA,NA,NA,0,0,NA,47,16,NA
2020-06-10,Argentina,45649750,Tucumán,1674622,NA,NA,NA,NA,0,0,NA,47,16,NA
2020-06-12,Argentina,45649750,Tucumán,1674622,NA,NA,NA,NA,1,0,NA,49,16,NA
2020-06-14,Argentina,45649750,Tucumán,1674622,NA,NA,NA,NA,4,0,NA,55,16,NA
2020-06-16,Argentina,45649750,Tucumán,1674622,NA,NA,NA,NA,1,0,NA,56,16,NA
2020-06-18,Argentina,45649750,Tucumán,1674622,NA,NA,NA,NA,0,0,NA,57,17,NA
2020-06-20,Argentina,45649750,Tucumán,1674622,NA,NA,NA,NA,0,0,NA,57,17,NA
2020-06-22,Argentina,45649750,Tucumán,1674622,NA,NA,NA,NA,1,0,NA,58,17,NA
2020-06-24,Argentina,45649750,Tucumán,1674622,NA,NA,NA,NA,7,0,NA,69,17,NA
2020-06-26,Argentina,45649750,Tucumán,1674622,NA,NA,NA,NA,0,0,NA,70,17,NA
2020-06-28,Argentina,45649750,Tucumán,1674622,NA,NA,NA,NA,0,0,NA,71,17,NA
2020-06-30,Argentina,45649750,Tucumán,1674622,NA,NA,NA,NA,0,0,NA,71,17,NA
2020-07-02,Argentina,45649750,Tucumán,1674622,NA,NA,NA,NA,0,0,NA,78,17,NA
2020-07-04,Argentina,45649750,Tucumán,1674622,NA,NA,NA,NA,3,0,NA,84,17,NA
2020-07-06,Argentina,45649750,Tucumán,1674622,NA,NA,NA,NA,0,0,NA,84,17,NA
2020-07-08,Argentina,45649750,Tucumán,1674622,NA,NA,NA,NA,1,0,NA,85,17,NA
2020-07-10,Argentina,45649750,Tucumán,1674622,NA,NA,NA,NA,1,0,NA,88,17,NA
2020-07-12,Argentina,45649750,Tucumán,1674622,NA,NA,NA,NA,1,0,NA,91,17,NA
2020-07-14,Argentina,45649750,Tucumán,1674622,NA,NA,NA,NA,0,0,NA,91,17,NA
2020-07-16,Argentina,45649750,Tucumán,1674622,NA,NA,NA,NA,1,0,NA,94,17,NA
2020-07-18,Argentina,45649750,Tucumán,1674622,NA,NA,NA,NA,0,0,NA,94,17,NA
2020-07-20,Argentina,45649750,Tucumán,1674622,NA,NA,NA,NA,0,0,NA,95,17,NA
2020-07-22,Argentina,45649750,Tucumán,1674622,NA,NA,NA,NA,4,0,NA,99,17,NA
2020-07-24,Argentina,45649750,Tucumán,1674622,NA,NA,NA,NA,10,0,NA,110,17,NA
2020-07-26,Argentina,45649750,Tucumán,1674622,NA,NA,NA,NA,12,0,NA,124,17,NA
2020-07-28,Argentina,45649750,Tucumán,1674622,NA,NA,NA,NA,11,0,NA,158,17,NA
2020-07-30,Argentina,45649750,Tucumán,1674622,NA,NA,NA,NA,14,0,NA,204,17,NA
2020-08-01,Argentina,45649750,Tucumán,1674622,NA,NA,NA,NA,28,0,NA,247,18,NA
2020-08-03,Argentina,45649750,Tucumán,1674622,NA,NA,NA,NA,27,0,NA,292,18,NA
2020-08-05,Argentina,45649750,Tucumán,1674622,NA,NA,NA,NA,33,0,NA,349,19,NA
2020-08-07,Argentina,45649750,Tucumán,1674622,NA,NA,NA,NA,7,0,NA,364,19,NA
2020-08-09,Argentina,45649750,Tucumán,1674622,NA,NA,NA,NA,44,0,NA,418,19,NA
2020-08-11,Argentina,45649750,Tucumán,1674622,NA,NA,NA,NA,33,1,NA,473,20,NA
2020-08-13,Argentina,45649750,Tucumán,1674622,NA,NA,NA,NA,31,0,NA,529,20,NA
2020-08-15,Argentina,45649750,Tucumán,1674622,NA,NA,NA,NA,39,0,NA,596,20,NA
2020-08-17,Argentina,45649750,Tucumán,1674622,NA,NA,NA,NA,0,0,NA,603,20,NA
2020-01-01,Argentina,45649750,Chubut,618994,NA,NA,NA,NA,0,0,NA,0,0,NA
2020-01-03,Argentina,45649750,Chubut,618994,NA,NA,NA,NA,0,0,NA,0,0,NA
2020-01-05,Argentina,45649750,Chubut,618994,NA,NA,NA,NA,0,0,NA,0,0,NA
2020-01-07,Argentina,45649750,Chubut,618994,NA,NA,NA,NA,0,0,NA,0,0,NA
2020-01-09,Argentina,45649750,Chubut,618994,NA,NA,NA,NA,0,0,NA,0,0,NA
2020-01-11,Argentina,45649750,Chubut,618994,NA,NA,NA,NA,0,0,NA,0,0,NA
2020-01-13,Argentina,45649750,Chubut,618994,NA,NA,NA,NA,0,0,NA,0,0,NA
2020-01-15,Argentina,45649750,Chubut,618994,NA,NA,NA,NA,0,0,NA,0,0,NA
2020-01-17,Argentina,45649750,Chubut,618994,NA,NA,NA,NA,0,0,NA,0,0,NA
2020-01-19,Argentina,45649750,Chubut,618994,NA,NA,NA,NA,0,0,NA,0,0,NA
2020-01-21,Argentina,45649750,Chubut,618994,NA,NA,NA,NA,0,0,NA,0,0,NA
2020-01-23,Argentina,45649750,Chubut,618994,NA,NA,NA,NA,0,0,NA,0,0,NA
2020-01-25,Argentina,45649750,Chubut,618994,NA,NA,NA,NA,0,0,NA,0,0,NA
2020-01-27,Argentina,45649750,Chubut,618994,NA,NA,NA,NA,0,0,NA,0,0,NA
2020-01-29,Argentina,45649750,Chubut,618994,NA,NA,NA,NA,0,0,NA,0,0,NA
2020-01-31,Argentina,45649750,Chubut,618994,NA,NA,NA,NA,0,0,NA,0,0,NA
2020-02-02,Argentina,45649750,Chubut,618994,NA,NA,NA,NA,0,0,NA,0,0,NA
2020-02-04,Argentina,45649750,Chubut,618994,NA,NA,NA,NA,0,0,NA,0,0,NA
2020-02-06,Argentina,45649750,Chubut,618994,NA,NA,NA,NA,0,0,NA,0,0,NA
2020-02-08,Argentina,45649750,Chubut,618994,NA,NA,NA,NA,0,0,NA,0,0,NA
2020-02-10,Argentina,45649750,Chubut,618994,NA,NA,NA,NA,0,0,NA,0,0,NA
2020-02-12,Argentina,45649750,Chubut,618994,NA,NA,NA,NA,0,0,NA,0,0,NA
2020-02-14,Argentina,45649750,Chubut,618994,NA,NA,NA,NA,0,0,NA,0,0,NA
2020-02-16,Argentina,45649750,Chubut,618994,NA,NA,NA,NA,0,0,NA,0,0,NA
2020-02-18,Argentina,45649750,Chubut,618994,NA,NA,NA,NA,0,0,NA,0,0,NA
2020-02-20,Argentina,45649750,Chubut,618994,NA,NA,NA,NA,0,0,NA,0,0,NA
2020-02-22,Argentina,45649750,Chubut,618994,NA,NA,NA,NA,0,0,NA,0,0,NA
2020-02-24,Argentina,45649750,Chubut,618994,NA,NA,NA,NA,0,0,NA,0,0,NA
2020-02-26,Argentina,45649750,Chubut,618994,NA,NA,NA,NA,0,0,NA,0,0,NA
2020-02-28,Argentina,45649750,Chubut,618994,NA,NA,NA,NA,0,0,NA,0,0,NA
2020-03-01,Argentina,45649750,Chubut,618994,NA,NA,NA,NA,0,0,NA,0,0,NA
2020-03-03,Argentina,45649750,Chubut,618994,NA,NA,NA,NA,0,0,NA,0,0,NA
2020-03-05,Argentina,45649750,Chubut,618994,NA,NA,NA,NA,0,0,NA,0,0,NA
2020-03-07,Argentina,45649750,Chubut,618994,NA,NA,NA,NA,0,0,NA,0,0,NA
2020-03-09,Argentina,45649750,Chubut,618994,NA,NA,NA,NA,0,0,NA,0,0,NA
2020-03-11,Argentina,45649750,Chubut,618994,NA,NA,NA,NA,0,0,NA,0,0,NA
2020-03-13,Argentina,45649750,Chubut,618994,NA,NA,NA,NA,0,0,NA,0,0,NA
2020-03-15,Argentina,45649750,Chubut,618994,NA,NA,NA,NA,0,0,NA,0,0,NA
2020-03-17,Argentina,45649750,Chubut,618994,NA,NA,NA,NA,0,0,NA,0,0,NA
2020-03-19,Argentina,45649750,Chubut,618994,NA,NA,NA,NA,0,0,NA,0,0,NA
2020-03-21,Argentina,45649750,Chubut,618994,NA,NA,NA,NA,0,0,NA,0,0,NA
2020-03-23,Argentina,45649750,Chubut,618994,NA,NA,NA,NA,0,0,NA,0,0,NA
2020-03-25,Argentina,45649750,Chubut,618994,NA,NA,NA,NA,0,1,NA,0,1,NA
2020-03-27,Argentina,45649750,Chubut,618994,NA,NA,NA,NA,0,0,NA,0,2,NA
2020-03-29,Argentina,45649750,Chubut,618994,NA,NA,NA,NA,0,0,NA,0,2,NA
2020-03-31,Argentina,45649750,Chubut,618994,NA,NA,NA,NA,0,0,NA,0,2,NA
2020-04-02,Argentina,45649750,Chubut,618994,NA,NA,NA,NA,0,0,NA,0,2,NA
2020-04-04,Argentina,45649750,Chubut,618994,NA,NA,NA,NA,0,0,NA,0,2,NA
2020-04-06,Argentina,45649750,Chubut,618994,NA,NA,NA,NA,0,0,NA,0,2,NA
2020-04-08,Argentina,45649750,Chubut,618994,NA,NA,NA,NA,0,0,NA,0,2,NA
2020-04-10,Argentina,45649750,Chubut,618994,NA,NA,NA,NA,0,0,NA,0,3,NA
2020-04-12,Argentina,45649750,Chubut,618994,NA,NA,NA,NA,0,0,NA,0,3,NA
2020-04-14,Argentina,45649750,Chubut,618994,NA,NA,NA,NA,1,0,NA,1,3,NA
2020-04-16,Argentina,45649750,Chubut,618994,NA,NA,NA,NA,0,0,NA,1,4,NA
2020-04-18,Argentina,45649750,Chubut,618994,NA,NA,NA,NA,1,0,NA,2,4,NA
2020-04-20,Argentina,45649750,Chubut,618994,NA,NA,NA,NA,0,0,NA,2,5,NA
2020-04-22,Argentina,45649750,Chubut,618994,NA,NA,NA,NA,0,0,NA,2,6,NA
2020-04-24,Argentina,45649750,Chubut,618994,NA,NA,NA,NA,0,0,NA,2,6,NA
2020-04-26,Argentina,45649750,Chubut,618994,NA,NA,NA,NA,0,0,NA,2,6,NA
2020-04-28,Argentina,45649750,Chubut,618994,NA,NA,NA,NA,0,0,NA,2,6,NA
2020-04-30,Argentina,45649750,Chubut,618994,NA,NA,NA,NA,1,0,NA,3,6,NA
2020-05-02,Argentina,45649750,Chubut,618994,NA,NA,NA,NA,0,0,NA,4,6,NA
2020-05-04,Argentina,45649750,Chubut,618994,NA,NA,NA,NA,0,0,NA,4,6,NA
2020-05-06,Argentina,45649750,Chubut,618994,NA,NA,NA,NA,0,0,NA,4,7,NA
2020-05-08,Argentina,45649750,Chubut,618994,NA,NA,NA,NA,0,0,NA,4,7,NA
2020-05-10,Argentina,45649750,Chubut,618994,NA,NA,NA,NA,0,0,NA,4,7,NA
2020-05-12,Argentina,45649750,Chubut,618994,NA,NA,NA,NA,0,0,NA,4,7,NA
2020-05-14,Argentina,45649750,Chubut,618994,NA,NA,NA,NA,0,0,NA,4,7,NA
2020-05-16,Argentina,45649750,Chubut,618994,NA,NA,NA,NA,0,1,NA,4,9,NA
2020-05-18,Argentina,45649750,Chubut,618994,NA,NA,NA,NA,0,1,NA,4,11,NA
2020-05-20,Argentina,45649750,Chubut,618994,NA,NA,NA,NA,0,1,NA,4,12,NA
2020-05-22,Argentina,45649750,Chubut,618994,NA,NA,NA,NA,0,0,NA,4,12,NA
2020-05-24,Argentina,45649750,Chubut,618994,NA,NA,NA,NA,0,0,NA,4,12,NA
2020-05-26,Argentina,45649750,Chubut,618994,NA,NA,NA,NA,1,0,NA,5,12,NA
2020-05-28,Argentina,45649750,Chubut,618994,NA,NA,NA,NA,3,0,NA,8,12,NA
2020-05-30,Argentina,45649750,Chubut,618994,NA,NA,NA,NA,2,0,NA,10,12,NA
2020-06-01,Argentina,45649750,Chubut,618994,NA,NA,NA,NA,0,0,NA,10,12,NA
2020-06-03,Argentina,45649750,Chubut,618994,NA,NA,NA,NA,0,0,NA,11,12,NA
2020-06-05,Argentina,45649750,Chubut,618994,NA,NA,NA,NA,1,0,NA,15,12,NA
2020-06-07,Argentina,45649750,Chubut,618994,NA,NA,NA,NA,0,0,NA,21,12,NA
2020-06-09,Argentina,45649750,Chubut,618994,NA,NA,NA,NA,1,0,NA,27,12,NA
2020-06-11,Argentina,45649750,Chubut,618994,NA,NA,NA,NA,3,0,NA,30,13,NA
2020-06-13,Argentina,45649750,Chubut,618994,NA,NA,NA,NA,2,0,NA,40,13,NA
2020-06-15,Argentina,45649750,Chubut,618994,NA,NA,NA,NA,9,0,NA,72,13,NA
2020-06-17,Argentina,45649750,Chubut,618994,NA,NA,NA,NA,11,0,NA,83,13,NA
2020-06-19,Argentina,45649750,Chubut,618994,NA,NA,NA,NA,2,0,NA,88,13,NA
2020-06-21,Argentina,45649750,Chubut,618994,NA,NA,NA,NA,4,0,NA,98,13,NA
2020-06-23,Argentina,45649750,Chubut,618994,NA,NA,NA,NA,3,0,NA,102,13,NA
2020-06-25,Argentina,45649750,Chubut,618994,NA,NA,NA,NA,9,2,NA,112,15,NA
2020-06-27,Argentina,45649750,Chubut,618994,NA,NA,NA,NA,5,0,NA,118,15,NA
2020-06-29,Argentina,45649750,Chubut,618994,NA,NA,NA,NA,7,0,NA,126,15,NA
2020-07-01,Argentina,45649750,Chubut,618994,NA,NA,NA,NA,5,0,NA,135,15,NA
2020-07-03,Argentina,45649750,Chubut,618994,NA,NA,NA,NA,5,0,NA,147,15,NA
2020-07-05,Argentina,45649750,Chubut,618994,NA,NA,NA,NA,3,0,NA,159,15,NA
2020-07-07,Argentina,45649750,Chubut,618994,NA,NA,NA,NA,10,0,NA,174,15,NA
2020-07-09,Argentina,45649750,Chubut,618994,NA,NA,NA,NA,4,1,NA,196,16,NA
2020-07-11,Argentina,45649750,Chubut,618994,NA,NA,NA,NA,1,0,NA,203,16,NA
2020-07-13,Argentina,45649750,Chubut,618994,NA,NA,NA,NA,1,0,NA,211,16,NA
2020-07-15,Argentina,45649750,Chubut,618994,NA,NA,NA,NA,1,0,NA,217,16,NA
2020-07-17,Argentina,45649750,Chubut,618994,NA,NA,NA,NA,7,1,NA,231,17,NA
2020-07-19,Argentina,45649750,Chubut,618994,NA,NA,NA,NA,6,0,NA,240,17,NA
2020-07-21,Argentina,45649750,Chubut,618994,NA,NA,NA,NA,1,0,NA,252,17,NA
2020-07-23,Argentina,45649750,Chubut,618994,NA,NA,NA,NA,4,0,NA,258,17,NA
2020-07-25,Argentina,45649750,Chubut,618994,NA,NA,NA,NA,1,0,NA,262,17,NA
2020-07-27,Argentina,45649750,Chubut,618994,NA,NA,NA,NA,4,0,NA,267,17,NA
2020-07-29,Argentina,45649750,Chubut,618994,NA,NA,NA,NA,3,1,NA,272,18,NA
2020-07-31,Argentina,45649750,Chubut,618994,NA,NA,NA,NA,11,0,NA,285,18,NA
2020-08-02,Argentina,45649750,Chubut,618994,NA,NA,NA,NA,4,0,NA,291,18,NA
2020-08-04,Argentina,45649750,Chubut,618994,NA,NA,NA,NA,7,0,NA,299,18,NA
2020-08-06,Argentina,45649750,Chubut,618994,NA,NA,NA,NA,11,0,NA,315,18,NA
2020-08-08,Argentina,45649750,Chubut,618994,NA,NA,NA,NA,20,0,NA,341,18,NA
2020-08-10,Argentina,45649750,Chubut,618994,NA,NA,NA,NA,5,0,NA,351,18,NA
2020-08-12,Argentina,45649750,Chubut,618994,NA,NA,NA,NA,21,0,NA,379,19,NA
2020-08-14,Argentina,45649750,Chubut,618994,NA,NA,NA,NA,4,0,NA,393,19,NA
2020-08-16,Argentina,45649750,Chubut,618994,NA,NA,NA,NA,0,0,NA,400,19,NA
2020-08-18,Argentina,45649750,Chubut,618994,NA,NA,NA,NA,0,0,NA,400,19,NA
2020-01-02,Argentina,45649750,Tierra del Fuego,169183,NA,NA,NA,NA,0,0,NA,0,0,NA
2020-01-04,Argentina,45649750,Tierra del Fuego,169183,NA,NA,NA,NA,0,0,NA,0,0,NA
2020-01-06,Argentina,45649750,Tierra del Fuego,169183,NA,NA,NA,NA,0,0,NA,0,0,NA
2020-01-08,Argentina,45649750,Tierra del Fuego,169183,NA,NA,NA,NA,0,0,NA,0,0,NA
2020-01-10,Argentina,45649750,Tierra del Fuego,169183,NA,NA,NA,NA,0,0,NA,0,0,NA
2020-01-12,Argentina,45649750,Tierra del Fuego,169183,NA,NA,NA,NA,0,0,NA,0,0,NA
2020-01-14,Argentina,45649750,Tierra del Fuego,169183,NA,NA,NA,NA,0,0,NA,0,0,NA
2020-01-16,Argentina,45649750,Tierra del Fuego,169183,NA,NA,NA,NA,0,0,NA,0,0,NA
2020-01-18,Argentina,45649750,Tierra del Fuego,169183,NA,NA,NA,NA,0,0,NA,0,0,NA
2020-01-20,Argentina,45649750,Tierra del Fuego,169183,NA,NA,NA,NA,0,0,NA,0,0,NA
2020-01-22,Argentina,45649750,Tierra del Fuego,169183,NA,NA,NA,NA,0,0,NA,0,0,NA
2020-01-24,Argentina,45649750,Tierra del Fuego,169183,NA,NA,NA,NA,0,0,NA,0,0,NA
2020-01-26,Argentina,45649750,Tierra del Fuego,169183,NA,NA,NA,NA,0,0,NA,0,0,NA
2020-01-28,Argentina,45649750,Tierra del Fuego,169183,NA,NA,NA,NA,0,0,NA,0,0,NA
2020-01-30,Argentina,45649750,Tierra del Fuego,169183,NA,NA,NA,NA,0,0,NA,0,0,NA
2020-02-01,Argentina,45649750,Tierra del Fuego,169183,NA,NA,NA,NA,0,0,NA,0,0,NA
2020-02-03,Argentina,45649750,Tierra del Fuego,169183,NA,NA,NA,NA,0,0,NA,0,0,NA
2020-02-05,Argentina,45649750,Tierra del Fuego,169183,NA,NA,NA,NA,0,0,NA,0,0,NA
2020-02-07,Argentina,45649750,Tierra del Fuego,169183,NA,NA,NA,NA,0,0,NA,0,0,NA
2020-02-09,Argentina,45649750,Tierra del Fuego,169183,NA,NA,NA,NA,0,0,NA,0,0,NA
2020-02-11,Argentina,45649750,Tierra del Fuego,169183,NA,NA,NA,NA,0,0,NA,0,0,NA
2020-02-13,Argentina,45649750,Tierra del Fuego,169183,NA,NA,NA,NA,0,0,NA,0,0,NA
2020-02-15,Argentina,45649750,Tierra del Fuego,169183,NA,NA,NA,NA,0,0,NA,0,0,NA
2020-02-17,Argentina,45649750,Tierra del Fuego,169183,NA,NA,NA,NA,0,0,NA,0,0,NA
2020-02-19,Argentina,45649750,Tierra del Fuego,169183,NA,NA,NA,NA,0,0,NA,0,0,NA
2020-02-21,Argentina,45649750,Tierra del Fuego,169183,NA,NA,NA,NA,0,0,NA,0,0,NA
2020-02-23,Argentina,45649750,Tierra del Fuego,169183,NA,NA,NA,NA,0,0,NA,0,0,NA
2020-02-25,Argentina,45649750,Tierra del Fuego,169183,NA,NA,NA,NA,0,0,NA,0,0,NA
2020-02-27,Argentina,45649750,Tierra del Fuego,169183,NA,NA,NA,NA,0,0,NA,0,0,NA
2020-02-29,Argentina,45649750,Tierra del Fuego,169183,NA,NA,NA,NA,0,0,NA,0,0,NA
2020-03-02,Argentina,45649750,Tierra del Fuego,169183,NA,NA,NA,NA,0,0,NA,0,0,NA
2020-03-04,Argentina,45649750,Tierra del Fuego,169183,NA,NA,NA,NA,0,0,NA,0,0,NA
2020-03-06,Argentina,45649750,Tierra del Fuego,169183,NA,NA,NA,NA,0,0,NA,0,0,NA
2020-03-08,Argentina,45649750,Tierra del Fuego,169183,NA,NA,NA,NA,0,0,NA,0,0,NA
2020-03-10,Argentina,45649750,Tierra del Fuego,169183,NA,NA,NA,NA,0,0,NA,0,0,NA
2020-03-12,Argentina,45649750,Tierra del Fuego,169183,NA,NA,NA,NA,0,0,NA,0,0,NA
2020-03-14,Argentina,45649750,Tierra del Fuego,169183,NA,NA,NA,NA,0,0,NA,0,0,NA
2020-03-16,Argentina,45649750,Tierra del Fuego,169183,NA,NA,NA,NA,0,0,NA,2,0,NA
2020-03-18,Argentina,45649750,Tierra del Fuego,169183,NA,NA,NA,NA,0,0,NA,2,0,NA
2020-03-20,Argentina,45649750,Tierra del Fuego,169183,NA,NA,NA,NA,1,0,NA,3,0,NA
2020-03-22,Argentina,45649750,Tierra del Fuego,169183,NA,NA,NA,NA,0,0,NA,6,0,NA
2020-03-24,Argentina,45649750,Tierra del Fuego,169183,NA,NA,NA,NA,4,0,NA,11,0,NA
2020-03-26,Argentina,45649750,Tierra del Fuego,169183,NA,NA,NA,NA,0,0,NA,15,0,NA
2020-03-28,Argentina,45649750,Tierra del Fuego,169183,NA,NA,NA,NA,4,0,NA,23,1,NA
2020-03-30,Argentina,45649750,Tierra del Fuego,169183,NA,NA,NA,NA,12,0,NA,40,1,NA
2020-04-01,Argentina,45649750,Tierra del Fuego,169183,NA,NA,NA,NA,0,0,NA,41,1,NA
2020-04-03,Argentina,45649750,Tierra del Fuego,169183,NA,NA,NA,NA,7,0,NA,72,1,NA
2020-04-05,Argentina,45649750,Tierra del Fuego,169183,NA,NA,NA,NA,3,0,NA,77,1,NA
2020-04-07,Argentina,45649750,Tierra del Fuego,169183,NA,NA,NA,NA,2,0,NA,80,1,NA
2020-04-09,Argentina,45649750,Tierra del Fuego,169183,NA,NA,NA,NA,2,0,NA,82,2,NA
2020-04-11,Argentina,45649750,Tierra del Fuego,169183,NA,NA,NA,NA,4,0,NA,89,2,NA
2020-04-13,Argentina,45649750,Tierra del Fuego,169183,NA,NA,NA,NA,2,0,NA,96,2,NA
2020-04-15,Argentina,45649750,Tierra del Fuego,169183,NA,NA,NA,NA,7,0,NA,106,2,NA
2020-04-17,Argentina,45649750,Tierra del Fuego,169183,NA,NA,NA,NA,3,0,NA,109,2,NA
2020-04-19,Argentina,45649750,Tierra del Fuego,169183,NA,NA,NA,NA,0,0,NA,112,2,NA
2020-04-21,Argentina,45649750,Tierra del Fuego,169183,NA,NA,NA,NA,0,1,NA,113,3,NA
2020-04-23,Argentina,45649750,Tierra del Fuego,169183,NA,NA,NA,NA,0,0,NA,114,3,NA
2020-04-25,Argentina,45649750,Tierra del Fuego,169183,NA,NA,NA,NA,0,0,NA,117,3,NA
2020-04-27,Argentina,45649750,Tierra del Fuego,169183,NA,NA,NA,NA,3,0,NA,121,3,NA
2020-04-29,Argentina,45649750,Tierra del Fuego,169183,NA,NA,NA,NA,2,0,NA,126,3,NA
2020-05-01,Argentina,45649750,Tierra del Fuego,169183,NA,NA,NA,NA,2,0,NA,130,3,NA
2020-05-03,Argentina,45649750,Tierra del Fuego,169183,NA,NA,NA,NA,1,0,NA,132,3,NA
2020-05-05,Argentina,45649750,Tierra del Fuego,169183,NA,NA,NA,NA,0,0,NA,132,3,NA
2020-05-07,Argentina,45649750,Tierra del Fuego,169183,NA,NA,NA,NA,0,0,NA,132,4,NA
2020-05-09,Argentina,45649750,Tierra del Fuego,169183,NA,NA,NA,NA,2,0,NA,135,4,NA
2020-05-11,Argentina,45649750,Tierra del Fuego,169183,NA,NA,NA,NA,0,1,NA,135,5,NA
2020-05-13,Argentina,45649750,Tierra del Fuego,169183,NA,NA,NA,NA,0,0,NA,135,5,NA
2020-05-15,Argentina,45649750,Tierra del Fuego,169183,NA,NA,NA,NA,0,0,NA,135,5,NA
2020-05-17,Argentina,45649750,Tierra del Fuego,169183,NA,NA,NA,NA,0,0,NA,135,5,NA
2020-05-19,Argentina,45649750,Tierra del Fuego,169183,NA,NA,NA,NA,0,0,NA,135,5,NA
2020-05-21,Argentina,45649750,Tierra del Fuego,169183,NA,NA,NA,NA,2,1,NA,137,6,NA
2020-05-23,Argentina,45649750,Tierra del Fuego,169183,NA,NA,NA,NA,0,0,NA,137,6,NA
2020-05-25,Argentina,45649750,Tierra del Fuego,169183,NA,NA,NA,NA,0,1,NA,137,7,NA
2020-05-27,Argentina,45649750,Tierra del Fuego,169183,NA,NA,NA,NA,0,0,NA,138,7,NA
2020-05-29,Argentina,45649750,Tierra del Fuego,169183,NA,NA,NA,NA,0,0,NA,138,7,NA
2020-05-31,Argentina,45649750,Tierra del Fuego,169183,NA,NA,NA,NA,0,0,NA,138,7,NA
2020-06-02,Argentina,45649750,Tierra del Fuego,169183,NA,NA,NA,NA,0,0,NA,138,7,NA
2020-06-04,Argentina,45649750,Tierra del Fuego,169183,NA,NA,NA,NA,0,0,NA,138,7,NA
2020-06-06,Argentina,45649750,Tierra del Fuego,169183,NA,NA,NA,NA,0,0,NA,138,7,NA
2020-06-08,Argentina,45649750,Tierra del Fuego,169183,NA,NA,NA,NA,0,0,NA,138,7,NA
2020-06-10,Argentina,45649750,Tierra del Fuego,169183,NA,NA,NA,NA,0,0,NA,138,7,NA
2020-06-12,Argentina,45649750,Tierra del Fuego,169183,NA,NA,NA,NA,0,0,NA,138,7,NA
2020-06-14,Argentina,45649750,Tierra del Fuego,169183,NA,NA,NA,NA,0,0,NA,138,7,NA
2020-06-16,Argentina,45649750,Tierra del Fuego,169183,NA,NA,NA,NA,0,0,NA,138,7,NA
2020-06-18,Argentina,45649750,Tierra del Fuego,169183,NA,NA,NA,NA,0,0,NA,138,8,NA
2020-06-20,Argentina,45649750,Tierra del Fuego,169183,NA,NA,NA,NA,0,0,NA,138,8,NA
2020-06-22,Argentina,45649750,Tierra del Fuego,169183,NA,NA,NA,NA,0,0,NA,138,8,NA
2020-06-24,Argentina,45649750,Tierra del Fuego,169183,NA,NA,NA,NA,0,0,NA,138,8,NA
2020-06-26,Argentina,45649750,Tierra del Fuego,169183,NA,NA,NA,NA,0,0,NA,138,8,NA
2020-06-28,Argentina,45649750,Tierra del Fuego,169183,NA,NA,NA,NA,0,0,NA,138,8,NA
2020-06-30,Argentina,45649750,Tierra del Fuego,169183,NA,NA,NA,NA,0,0,NA,138,8,NA
2020-07-02,Argentina,45649750,Tierra del Fuego,169183,NA,NA,NA,NA,0,0,NA,139,8,NA
2020-07-04,Argentina,45649750,Tierra del Fuego,169183,NA,NA,NA,NA,1,0,NA,143,8,NA
2020-07-06,Argentina,45649750,Tierra del Fuego,169183,NA,NA,NA,NA,0,0,NA,143,8,NA
2020-07-08,Argentina,45649750,Tierra del Fuego,169183,NA,NA,NA,NA,1,0,NA,144,8,NA
2020-07-10,Argentina,45649750,Tierra del Fuego,169183,NA,NA,NA,NA,0,1,NA,144,9,NA
2020-07-12,Argentina,45649750,Tierra del Fuego,169183,NA,NA,NA,NA,8,0,NA,152,9,NA
2020-07-14,Argentina,45649750,Tierra del Fuego,169183,NA,NA,NA,NA,1,0,NA,201,9,NA
2020-07-16,Argentina,45649750,Tierra del Fuego,169183,NA,NA,NA,NA,0,0,NA,202,9,NA
2020-07-18,Argentina,45649750,Tierra del Fuego,169183,NA,NA,NA,NA,3,0,NA,228,9,NA
2020-07-20,Argentina,45649750,Tierra del Fuego,169183,NA,NA,NA,NA,8,0,NA,236,9,NA
2020-07-22,Argentina,45649750,Tierra del Fuego,169183,NA,NA,NA,NA,8,0,NA,255,9,NA
2020-07-24,Argentina,45649750,Tierra del Fuego,169183,NA,NA,NA,NA,24,0,NA,295,9,NA
2020-07-26,Argentina,45649750,Tierra del Fuego,169183,NA,NA,NA,NA,35,1,NA,368,10,NA
2020-07-28,Argentina,45649750,Tierra del Fuego,169183,NA,NA,NA,NA,21,0,NA,396,11,NA
2020-07-30,Argentina,45649750,Tierra del Fuego,169183,NA,NA,NA,NA,32,0,NA,456,11,NA
2020-08-01,Argentina,45649750,Tierra del Fuego,169183,NA,NA,NA,NA,53,1,NA,530,13,NA
2020-08-03,Argentina,45649750,Tierra del Fuego,169183,NA,NA,NA,NA,38,0,NA,684,13,NA
2020-08-05,Argentina,45649750,Tierra del Fuego,169183,NA,NA,NA,NA,50,1,NA,781,15,NA
2020-08-07,Argentina,45649750,Tierra del Fuego,169183,NA,NA,NA,NA,44,2,NA,923,17,NA
2020-08-09,Argentina,45649750,Tierra del Fuego,169183,NA,NA,NA,NA,49,1,NA,997,18,NA
2020-08-11,Argentina,45649750,Tierra del Fuego,169183,NA,NA,NA,NA,47,2,NA,1111,21,NA
2020-08-13,Argentina,45649750,Tierra del Fuego,169183,NA,NA,NA,NA,40,2,NA,1218,23,NA
2020-08-15,Argentina,45649750,Tierra del Fuego,169183,NA,NA,NA,NA,66,0,NA,1324,26,NA
2020-08-17,Argentina,45649750,Tierra del Fuego,169183,NA,NA,NA,NA,0,0,NA,1334,26,NA
2020-01-01,Argentina,45649750,Corrientes,1111052,NA,NA,NA,NA,0,0,NA,0,0,NA
2020-01-03,Argentina,45649750,Corrientes,1111052,NA,NA,NA,NA,0,0,NA,0,0,NA
2020-01-05,Argentina,45649750,Corrientes,1111052,NA,NA,NA,NA,0,0,NA,0,0,NA
2020-01-07,Argentina,45649750,Corrientes,1111052,NA,NA,NA,NA,0,0,NA,0,0,NA
2020-01-09,Argentina,45649750,Corrientes,1111052,NA,NA,NA,NA,0,0,NA,0,0,NA
2020-01-11,Argentina,45649750,Corrientes,1111052,NA,NA,NA,NA,0,0,NA,0,0,NA
2020-01-13,Argentina,45649750,Corrientes,1111052,NA,NA,NA,NA,0,0,NA,0,0,NA
2020-01-15,Argentina,45649750,Corrientes,1111052,NA,NA,NA,NA,0,0,NA,0,0,NA
2020-01-17,Argentina,45649750,Corrientes,1111052,NA,NA,NA,NA,0,0,NA,0,0,NA
2020-01-19,Argentina,45649750,Corrientes,1111052,NA,NA,NA,NA,0,0,NA,0,0,NA
2020-01-21,Argentina,45649750,Corrientes,1111052,NA,NA,NA,NA,0,0,NA,0,0,NA
2020-01-23,Argentina,45649750,Corrientes,1111052,NA,NA,NA,NA,0,0,NA,0,0,NA
2020-01-25,Argentina,45649750,Corrientes,1111052,NA,NA,NA,NA,0,0,NA,0,0,NA
2020-01-27,Argentina,45649750,Corrientes,1111052,NA,NA,NA,NA,0,0,NA,0,0,NA
2020-01-29,Argentina,45649750,Corrientes,1111052,NA,NA,NA,NA,0,0,NA,0,0,NA
2020-01-31,Argentina,45649750,Corrientes,1111052,NA,NA,NA,NA,0,0,NA,0,0,NA
2020-02-02,Argentina,45649750,Corrientes,1111052,NA,NA,NA,NA,0,0,NA,0,0,NA
2020-02-04,Argentina,45649750,Corrientes,1111052,NA,NA,NA,NA,0,0,NA,0,0,NA
2020-02-06,Argentina,45649750,Corrientes,1111052,NA,NA,NA,NA,0,0,NA,0,0,NA
2020-02-08,Argentina,45649750,Corrientes,1111052,NA,NA,NA,NA,0,0,NA,0,0,NA
2020-02-10,Argentina,45649750,Corrientes,1111052,NA,NA,NA,NA,0,0,NA,0,0,NA
2020-02-12,Argentina,45649750,Corrientes,1111052,NA,NA,NA,NA,0,0,NA,0,0,NA
2020-02-14,Argentina,45649750,Corrientes,1111052,NA,NA,NA,NA,0,0,NA,0,0,NA
2020-02-16,Argentina,45649750,Corrientes,1111052,NA,NA,NA,NA,0,0,NA,0,0,NA
2020-02-18,Argentina,45649750,Corrientes,1111052,NA,NA,NA,NA,0,0,NA,0,0,NA
2020-02-20,Argentina,45649750,Corrientes,1111052,NA,NA,NA,NA,0,0,NA,0,0,NA
2020-02-22,Argentina,45649750,Corrientes,1111052,NA,NA,NA,NA,0,0,NA,0,0,NA
2020-02-24,Argentina,45649750,Corrientes,1111052,NA,NA,NA,NA,0,0,NA,0,0,NA
2020-02-26,Argentina,45649750,Corrientes,1111052,NA,NA,NA,NA,0,0,NA,0,0,NA
2020-02-28,Argentina,45649750,Corrientes,1111052,NA,NA,NA,NA,0,0,NA,0,0,NA
2020-03-01,Argentina,45649750,Corrientes,1111052,NA,NA,NA,NA,0,0,NA,0,0,NA
2020-03-03,Argentina,45649750,Corrientes,1111052,NA,NA,NA,NA,0,0,NA,0,0,NA
2020-03-05,Argentina,45649750,Corrientes,1111052,NA,NA,NA,NA,0,0,NA,0,0,NA
2020-03-07,Argentina,45649750,Corrientes,1111052,NA,NA,NA,NA,0,0,NA,0,0,NA
2020-03-09,Argentina,45649750,Corrientes,1111052,NA,NA,NA,NA,0,0,NA,0,0,NA
2020-03-11,Argentina,45649750,Corrientes,1111052,NA,NA,NA,NA,0,0,NA,0,0,NA
2020-03-13,Argentina,45649750,Corrientes,1111052,NA,NA,NA,NA,0,0,NA,0,0,NA
2020-03-15,Argentina,45649750,Corrientes,1111052,NA,NA,NA,NA,0,0,NA,0,0,NA
2020-03-17,Argentina,45649750,Corrientes,1111052,NA,NA,NA,NA,0,0,NA,0,0,NA
2020-03-19,Argentina,45649750,Corrientes,1111052,NA,NA,NA,NA,0,0,NA,0,0,NA
2020-03-21,Argentina,45649750,Corrientes,1111052,NA,NA,NA,NA,2,0,NA,3,0,NA
2020-03-23,Argentina,45649750,Corrientes,1111052,NA,NA,NA,NA,0,0,NA,3,0,NA
2020-03-25,Argentina,45649750,Corrientes,1111052,NA,NA,NA,NA,0,0,NA,4,0,NA
2020-03-27,Argentina,45649750,Corrientes,1111052,NA,NA,NA,NA,10,0,NA,14,0,NA
2020-03-29,Argentina,45649750,Corrientes,1111052,NA,NA,NA,NA,0,0,NA,16,0,NA
2020-03-31,Argentina,45649750,Corrientes,1111052,NA,NA,NA,NA,0,0,NA,20,0,NA
2020-04-02,Argentina,45649750,Corrientes,1111052,NA,NA,NA,NA,2,0,NA,25,0,NA
2020-04-04,Argentina,45649750,Corrientes,1111052,NA,NA,NA,NA,0,0,NA,25,0,NA
2020-04-06,Argentina,45649750,Corrientes,1111052,NA,NA,NA,NA,1,0,NA,26,0,NA
2020-04-08,Argentina,45649750,Corrientes,1111052,NA,NA,NA,NA,4,0,NA,30,0,NA
2020-04-10,Argentina,45649750,Corrientes,1111052,NA,NA,NA,NA,0,0,NA,30,0,NA
2020-04-12,Argentina,45649750,Corrientes,1111052,NA,NA,NA,NA,0,0,NA,30,0,NA
2020-04-14,Argentina,45649750,Corrientes,1111052,NA,NA,NA,NA,0,0,NA,31,0,NA
2020-04-16,Argentina,45649750,Corrientes,1111052,NA,NA,NA,NA,1,0,NA,32,0,NA
2020-04-18,Argentina,45649750,Corrientes,1111052,NA,NA,NA,NA,2,0,NA,35,0,NA
2020-04-20,Argentina,45649750,Corrientes,1111052,NA,NA,NA,NA,0,0,NA,35,0,NA
2020-04-22,Argentina,45649750,Corrientes,1111052,NA,NA,NA,NA,1,0,NA,36,0,NA
2020-04-24,Argentina,45649750,Corrientes,1111052,NA,NA,NA,NA,2,0,NA,40,0,NA
2020-04-26,Argentina,45649750,Corrientes,1111052,NA,NA,NA,NA,2,0,NA,47,0,NA
2020-04-28,Argentina,45649750,Corrientes,1111052,NA,NA,NA,NA,1,0,NA,48,0,NA
2020-04-30,Argentina,45649750,Corrientes,1111052,NA,NA,NA,NA,1,0,NA,50,0,NA
2020-05-02,Argentina,45649750,Corrientes,1111052,NA,NA,NA,NA,0,0,NA,50,0,NA
2020-05-04,Argentina,45649750,Corrientes,1111052,NA,NA,NA,NA,0,0,NA,50,0,NA
2020-05-06,Argentina,45649750,Corrientes,1111052,NA,NA,NA,NA,4,0,NA,54,0,NA
2020-05-08,Argentina,45649750,Corrientes,1111052,NA,NA,NA,NA,0,0,NA,55,0,NA
2020-05-10,Argentina,45649750,Corrientes,1111052,NA,NA,NA,NA,0,0,NA,55,0,NA
2020-05-12,Argentina,45649750,Corrientes,1111052,NA,NA,NA,NA,2,0,NA,74,0,NA
2020-05-14,Argentina,45649750,Corrientes,1111052,NA,NA,NA,NA,0,0,NA,78,0,NA
2020-05-16,Argentina,45649750,Corrientes,1111052,NA,NA,NA,NA,0,0,NA,78,0,NA
2020-05-18,Argentina,45649750,Corrientes,1111052,NA,NA,NA,NA,0,0,NA,78,0,NA
2020-05-20,Argentina,45649750,Corrientes,1111052,NA,NA,NA,NA,0,0,NA,78,0,NA
2020-05-22,Argentina,45649750,Corrientes,1111052,NA,NA,NA,NA,0,0,NA,78,0,NA
2020-05-24,Argentina,45649750,Corrientes,1111052,NA,NA,NA,NA,0,1,NA,78,1,NA
2020-05-26,Argentina,45649750,Corrientes,1111052,NA,NA,NA,NA,2,0,NA,80,1,NA
2020-05-28,Argentina,45649750,Corrientes,1111052,NA,NA,NA,NA,0,0,NA,81,1,NA
2020-05-30,Argentina,45649750,Corrientes,1111052,NA,NA,NA,NA,0,0,NA,87,1,NA
2020-06-01,Argentina,45649750,Corrientes,1111052,NA,NA,NA,NA,0,0,NA,93,1,NA
2020-06-03,Argentina,45649750,Corrientes,1111052,NA,NA,NA,NA,0,0,NA,95,1,NA
2020-06-05,Argentina,45649750,Corrientes,1111052,NA,NA,NA,NA,0,0,NA,95,2,NA
2020-06-07,Argentina,45649750,Corrientes,1111052,NA,NA,NA,NA,0,0,NA,95,2,NA
2020-06-09,Argentina,45649750,Corrientes,1111052,NA,NA,NA,NA,0,0,NA,96,2,NA
2020-06-11,Argentina,45649750,Corrientes,1111052,NA,NA,NA,NA,2,0,NA,99,2,NA
2020-06-13,Argentina,45649750,Corrientes,1111052,NA,NA,NA,NA,1,0,NA,101,2,NA
2020-06-15,Argentina,45649750,Corrientes,1111052,NA,NA,NA,NA,0,0,NA,104,2,NA
2020-06-17,Argentina,45649750,Corrientes,1111052,NA,NA,NA,NA,2,0,NA,107,2,NA
2020-06-19,Argentina,45649750,Corrientes,1111052,NA,NA,NA,NA,3,0,NA,111,2,NA
2020-06-21,Argentina,45649750,Corrientes,1111052,NA,NA,NA,NA,0,0,NA,112,2,NA
2020-06-23,Argentina,45649750,Corrientes,1111052,NA,NA,NA,NA,0,0,NA,114,2,NA
2020-06-25,Argentina,45649750,Corrientes,1111052,NA,NA,NA,NA,0,0,NA,115,2,NA
2020-06-27,Argentina,45649750,Corrientes,1111052,NA,NA,NA,NA,0,0,NA,115,2,NA
2020-06-29,Argentina,45649750,Corrientes,1111052,NA,NA,NA,NA,1,0,NA,116,2,NA
2020-07-01,Argentina,45649750,Corrientes,1111052,NA,NA,NA,NA,0,0,NA,117,2,NA
2020-07-03,Argentina,45649750,Corrientes,1111052,NA,NA,NA,NA,0,0,NA,117,2,NA
2020-07-05,Argentina,45649750,Corrientes,1111052,NA,NA,NA,NA,0,0,NA,118,2,NA
2020-07-07,Argentina,45649750,Corrientes,1111052,NA,NA,NA,NA,3,0,NA,123,2,NA
2020-07-09,Argentina,45649750,Corrientes,1111052,NA,NA,NA,NA,0,0,NA,123,2,NA
2020-07-11,Argentina,45649750,Corrientes,1111052,NA,NA,NA,NA,0,0,NA,124,2,NA
2020-07-13,Argentina,45649750,Corrientes,1111052,NA,NA,NA,NA,1,0,NA,125,2,NA
2020-07-15,Argentina,45649750,Corrientes,1111052,NA,NA,NA,NA,3,0,NA,128,2,NA
2020-07-17,Argentina,45649750,Corrientes,1111052,NA,NA,NA,NA,0,0,NA,128,2,NA
2020-07-19,Argentina,45649750,Corrientes,1111052,NA,NA,NA,NA,0,0,NA,128,3,NA
2020-07-21,Argentina,45649750,Corrientes,1111052,NA,NA,NA,NA,1,0,NA,129,3,NA
2020-07-23,Argentina,45649750,Corrientes,1111052,NA,NA,NA,NA,0,0,NA,130,3,NA
2020-07-25,Argentina,45649750,Corrientes,1111052,NA,NA,NA,NA,4,0,NA,136,3,NA
2020-07-27,Argentina,45649750,Corrientes,1111052,NA,NA,NA,NA,0,0,NA,149,3,NA
2020-07-29,Argentina,45649750,Corrientes,1111052,NA,NA,NA,NA,1,0,NA,163,3,NA
2020-07-31,Argentina,45649750,Corrientes,1111052,NA,NA,NA,NA,21,1,NA,185,4,NA
2020-08-02,Argentina,45649750,Corrientes,1111052,NA,NA,NA,NA,2,0,NA,192,4,NA
2020-08-04,Argentina,45649750,Corrientes,1111052,NA,NA,NA,NA,3,0,NA,196,4,NA
2020-08-06,Argentina,45649750,Corrientes,1111052,NA,NA,NA,NA,3,0,NA,205,4,NA
2020-08-08,Argentina,45649750,Corrientes,1111052,NA,NA,NA,NA,4,0,NA,209,4,NA
2020-08-10,Argentina,45649750,Corrientes,1111052,NA,NA,NA,NA,1,0,NA,217,4,NA
2020-08-12,Argentina,45649750,Corrientes,1111052,NA,NA,NA,NA,1,0,NA,220,4,NA
2020-08-14,Argentina,45649750,Corrientes,1111052,NA,NA,NA,NA,4,0,NA,225,4,NA
2020-08-16,Argentina,45649750,Corrientes,1111052,NA,NA,NA,NA,1,0,NA,228,4,NA
2020-08-18,Argentina,45649750,Corrientes,1111052,NA,NA,NA,NA,0,0,NA,228,4,NA
2020-01-02,Argentina,45649750,Córdoba,3722332,NA,NA,NA,NA,0,0,NA,0,0,NA
2020-01-04,Argentina,45649750,Córdoba,3722332,NA,NA,NA,NA,0,0,NA,0,0,NA
2020-01-06,Argentina,45649750,Córdoba,3722332,NA,NA,NA,NA,0,0,NA,0,0,NA
2020-01-08,Argentina,45649750,Córdoba,3722332,NA,NA,NA,NA,0,0,NA,0,0,NA
2020-01-10,Argentina,45649750,Córdoba,3722332,NA,NA,NA,NA,0,0,NA,0,0,NA
2020-01-12,Argentina,45649750,Córdoba,3722332,NA,NA,NA,NA,0,0,NA,0,0,NA
2020-01-14,Argentina,45649750,Córdoba,3722332,NA,NA,NA,NA,0,0,NA,0,0,NA
2020-01-16,Argentina,45649750,Córdoba,3722332,NA,NA,NA,NA,0,0,NA,0,0,NA
2020-01-18,Argentina,45649750,Córdoba,3722332,NA,NA,NA,NA,0,0,NA,0,0,NA
2020-01-20,Argentina,45649750,Córdoba,3722332,NA,NA,NA,NA,0,0,NA,0,0,NA
2020-01-22,Argentina,45649750,Córdoba,3722332,NA,NA,NA,NA,0,0,NA,0,0,NA
2020-01-24,Argentina,45649750,Córdoba,3722332,NA,NA,NA,NA,0,0,NA,0,0,NA
2020-01-26,Argentina,45649750,Córdoba,3722332,NA,NA,NA,NA,0,0,NA,0,0,NA
2020-01-28,Argentina,45649750,Córdoba,3722332,NA,NA,NA,NA,0,0,NA,0,0,NA
2020-01-30,Argentina,45649750,Córdoba,3722332,NA,NA,NA,NA,0,0,NA,0,0,NA
2020-02-01,Argentina,45649750,Córdoba,3722332,NA,NA,NA,NA,0,0,NA,0,0,NA
2020-02-03,Argentina,45649750,Córdoba,3722332,NA,NA,NA,NA,0,0,NA,0,0,NA
2020-02-05,Argentina,45649750,Córdoba,3722332,NA,NA,NA,NA,0,0,NA,0,0,NA
2020-02-07,Argentina,45649750,Córdoba,3722332,NA,NA,NA,NA,0,0,NA,0,0,NA
2020-02-09,Argentina,45649750,Córdoba,3722332,NA,NA,NA,NA,0,0,NA,0,0,NA
2020-02-11,Argentina,45649750,Córdoba,3722332,NA,NA,NA,NA,0,0,NA,0,0,NA
2020-02-13,Argentina,45649750,Córdoba,3722332,NA,NA,NA,NA,0,0,NA,0,0,NA
2020-02-15,Argentina,45649750,Córdoba,3722332,NA,NA,NA,NA,0,0,NA,0,0,NA
2020-02-17,Argentina,45649750,Córdoba,3722332,NA,NA,NA,NA,0,0,NA,0,0,NA
2020-02-19,Argentina,45649750,Córdoba,3722332,NA,NA,NA,NA,0,0,NA,0,0,NA
2020-02-21,Argentina,45649750,Córdoba,3722332,NA,NA,NA,NA,0,0,NA,0,0,NA
2020-02-23,Argentina,45649750,Córdoba,3722332,NA,NA,NA,NA,0,0,NA,0,0,NA
2020-02-25,Argentina,45649750,Córdoba,3722332,NA,NA,NA,NA,0,0,NA,0,0,NA
2020-02-27,Argentina,45649750,Córdoba,3722332,NA,NA,NA,NA,0,0,NA,0,0,NA
2020-02-29,Argentina,45649750,Córdoba,3722332,NA,NA,NA,NA,0,0,NA,0,0,NA
2020-03-02,Argentina,45649750,Córdoba,3722332,NA,NA,NA,NA,0,0,NA,0,0,NA
2020-03-04,Argentina,45649750,Córdoba,3722332,NA,NA,NA,NA,0,0,NA,0,0,NA
2020-03-06,Argentina,45649750,Córdoba,3722332,NA,NA,NA,NA,1,0,NA,1,0,NA
2020-03-08,Argentina,45649750,Córdoba,3722332,NA,NA,NA,NA,0,0,NA,1,0,NA
2020-03-10,Argentina,45649750,Córdoba,3722332,NA,NA,NA,NA,0,0,NA,1,0,NA
2020-03-12,Argentina,45649750,Córdoba,3722332,NA,NA,NA,NA,2,0,NA,3,0,NA
2020-03-14,Argentina,45649750,Córdoba,3722332,NA,NA,NA,NA,0,0,NA,3,0,NA
2020-03-16,Argentina,45649750,Córdoba,3722332,NA,NA,NA,NA,0,0,NA,3,0,NA
2020-03-18,Argentina,45649750,Córdoba,3722332,NA,NA,NA,NA,0,0,NA,5,0,NA
2020-03-20,Argentina,45649750,Córdoba,3722332,NA,NA,NA,NA,4,0,NA,12,0,NA
2020-03-22,Argentina,45649750,Córdoba,3722332,NA,NA,NA,NA,8,0,NA,20,0,NA
2020-03-24,Argentina,45649750,Córdoba,3722332,NA,NA,NA,NA,6,0,NA,29,0,NA
2020-03-26,Argentina,45649750,Córdoba,3722332,NA,NA,NA,NA,1,0,NA,38,2,NA
2020-03-28,Argentina,45649750,Córdoba,3722332,NA,NA,NA,NA,3,0,NA,42,2,NA
2020-03-30,Argentina,45649750,Córdoba,3722332,NA,NA,NA,NA,9,1,NA,68,4,NA
2020-04-01,Argentina,45649750,Córdoba,3722332,NA,NA,NA,NA,16,0,NA,89,4,NA
2020-04-03,Argentina,45649750,Córdoba,3722332,NA,NA,NA,NA,4,0,NA,113,4,NA
2020-04-05,Argentina,45649750,Córdoba,3722332,NA,NA,NA,NA,8,1,NA,126,5,NA
2020-04-07,Argentina,45649750,Córdoba,3722332,NA,NA,NA,NA,5,0,NA,138,7,NA
2020-04-09,Argentina,45649750,Córdoba,3722332,NA,NA,NA,NA,20,0,NA,164,7,NA
2020-04-11,Argentina,45649750,Córdoba,3722332,NA,NA,NA,NA,6,1,NA,203,8,NA
2020-04-13,Argentina,45649750,Córdoba,3722332,NA,NA,NA,NA,14,2,NA,223,10,NA
2020-04-15,Argentina,45649750,Córdoba,3722332,NA,NA,NA,NA,2,2,NA,239,12,NA
2020-04-17,Argentina,45649750,Córdoba,3722332,NA,NA,NA,NA,2,0,NA,247,15,NA
2020-04-19,Argentina,45649750,Córdoba,3722332,NA,NA,NA,NA,0,1,NA,258,16,NA
2020-04-21,Argentina,45649750,Córdoba,3722332,NA,NA,NA,NA,2,1,NA,261,19,NA
2020-04-23,Argentina,45649750,Córdoba,3722332,NA,NA,NA,NA,2,1,NA,267,21,NA
2020-04-25,Argentina,45649750,Córdoba,3722332,NA,NA,NA,NA,1,1,NA,269,23,NA
2020-04-27,Argentina,45649750,Córdoba,3722332,NA,NA,NA,NA,2,3,NA,273,26,NA
2020-04-29,Argentina,45649750,Córdoba,3722332,NA,NA,NA,NA,3,0,NA,276,28,NA
2020-05-01,Argentina,45649750,Córdoba,3722332,NA,NA,NA,NA,13,2,NA,302,30,NA
2020-05-03,Argentina,45649750,Córdoba,3722332,NA,NA,NA,NA,7,0,NA,309,33,NA
2020-05-05,Argentina,45649750,Córdoba,3722332,NA,NA,NA,NA,6,1,NA,316,37,NA
2020-05-07,Argentina,45649750,Córdoba,3722332,NA,NA,NA,NA,3,0,NA,321,37,NA
2020-05-09,Argentina,45649750,Córdoba,3722332,NA,NA,NA,NA,8,0,NA,332,37,NA
2020-05-11,Argentina,45649750,Córdoba,3722332,NA,NA,NA,NA,3,1,NA,349,38,NA
2020-05-13,Argentina,45649750,Córdoba,3722332,NA,NA,NA,NA,8,0,NA,364,38,NA
2020-05-15,Argentina,45649750,Córdoba,3722332,NA,NA,NA,NA,7,0,NA,374,40,NA
2020-05-17,Argentina,45649750,Córdoba,3722332,NA,NA,NA,NA,16,1,NA,408,41,NA
2020-05-19,Argentina,45649750,Córdoba,3722332,NA,NA,NA,NA,3,1,NA,427,43,NA
2020-05-21,Argentina,45649750,Córdoba,3722332,NA,NA,NA,NA,8,1,NA,447,45,NA
2020-05-23,Argentina,45649750,Córdoba,3722332,NA,NA,NA,NA,0,0,NA,447,46,NA
2020-05-25,Argentina,45649750,Córdoba,3722332,NA,NA,NA,NA,1,0,NA,454,47,NA
2020-05-27,Argentina,45649750,Córdoba,3722332,NA,NA,NA,NA,1,0,NA,455,49,NA
2020-05-29,Argentina,45649750,Córdoba,3722332,NA,NA,NA,NA,0,0,NA,455,49,NA
2020-05-31,Argentina,45649750,Córdoba,3722332,NA,NA,NA,NA,0,1,NA,456,50,NA
2020-06-02,Argentina,45649750,Córdoba,3722332,NA,NA,NA,NA,2,1,NA,458,51,NA
2020-06-04,Argentina,45649750,Córdoba,3722332,NA,NA,NA,NA,4,0,NA,462,52,NA
2020-06-06,Argentina,45649750,Córdoba,3722332,NA,NA,NA,NA,0,0,NA,463,53,NA
2020-06-08,Argentina,45649750,Córdoba,3722332,NA,NA,NA,NA,1,0,NA,464,53,NA
2020-06-10,Argentina,45649750,Córdoba,3722332,NA,NA,NA,NA,2,0,NA,470,53,NA
2020-06-12,Argentina,45649750,Córdoba,3722332,NA,NA,NA,NA,2,3,NA,483,56,NA
2020-06-14,Argentina,45649750,Córdoba,3722332,NA,NA,NA,NA,5,2,NA,496,58,NA
2020-06-16,Argentina,45649750,Córdoba,3722332,NA,NA,NA,NA,3,0,NA,501,58,NA
2020-06-18,Argentina,45649750,Córdoba,3722332,NA,NA,NA,NA,15,0,NA,523,58,NA
2020-06-20,Argentina,45649750,Córdoba,3722332,NA,NA,NA,NA,17,0,NA,558,58,NA
2020-06-22,Argentina,45649750,Córdoba,3722332,NA,NA,NA,NA,3,1,NA,580,59,NA
2020-06-24,Argentina,45649750,Córdoba,3722332,NA,NA,NA,NA,3,0,NA,602,59,NA
2020-06-26,Argentina,45649750,Córdoba,3722332,NA,NA,NA,NA,20,0,NA,630,59,NA
2020-06-28,Argentina,45649750,Córdoba,3722332,NA,NA,NA,NA,4,0,NA,637,60,NA
2020-06-30,Argentina,45649750,Córdoba,3722332,NA,NA,NA,NA,11,0,NA,652,60,NA
2020-07-02,Argentina,45649750,Córdoba,3722332,NA,NA,NA,NA,10,1,NA,671,61,NA
2020-07-04,Argentina,45649750,Córdoba,3722332,NA,NA,NA,NA,14,0,NA,693,62,NA
2020-07-06,Argentina,45649750,Córdoba,3722332,NA,NA,NA,NA,40,0,NA,751,62,NA
2020-07-08,Argentina,45649750,Córdoba,3722332,NA,NA,NA,NA,36,0,NA,823,62,NA
2020-07-10,Argentina,45649750,Córdoba,3722332,NA,NA,NA,NA,35,0,NA,869,62,NA
2020-07-12,Argentina,45649750,Córdoba,3722332,NA,NA,NA,NA,47,0,NA,947,63,NA
2020-07-14,Argentina,45649750,Córdoba,3722332,NA,NA,NA,NA,32,0,NA,1008,64,NA
2020-07-16,Argentina,45649750,Córdoba,3722332,NA,NA,NA,NA,47,1,NA,1087,65,NA
2020-07-18,Argentina,45649750,Córdoba,3722332,NA,NA,NA,NA,42,1,NA,1211,66,NA
2020-07-20,Argentina,45649750,Córdoba,3722332,NA,NA,NA,NA,71,3,NA,1383,69,NA
2020-07-22,Argentina,45649750,Córdoba,3722332,NA,NA,NA,NA,66,0,NA,1548,70,NA
2020-07-24,Argentina,45649750,Córdoba,3722332,NA,NA,NA,NA,71,1,NA,1698,71,NA
2020-07-26,Argentina,45649750,Córdoba,3722332,NA,NA,NA,NA,117,1,NA,1860,72,NA
2020-07-28,Argentina,45649750,Córdoba,3722332,NA,NA,NA,NA,85,3,NA,2056,75,NA
2020-07-30,Argentina,45649750,Córdoba,3722332,NA,NA,NA,NA,71,1,NA,2231,78,NA
2020-08-01,Argentina,45649750,Córdoba,3722332,NA,NA,NA,NA,92,1,NA,2463,79,NA
2020-08-03,Argentina,45649750,Córdoba,3722332,NA,NA,NA,NA,113,3,NA,2658,83,NA
2020-08-05,Argentina,45649750,Córdoba,3722332,NA,NA,NA,NA,108,3,NA,2966,87,NA
2020-08-07,Argentina,45649750,Córdoba,3722332,NA,NA,NA,NA,186,1,NA,3307,95,NA
2020-08-09,Argentina,45649750,Córdoba,3722332,NA,NA,NA,NA,159,4,NA,3618,101,NA
2020-08-11,Argentina,45649750,Córdoba,3722332,NA,NA,NA,NA,133,3,NA,3924,106,NA
2020-08-13,Argentina,45649750,Córdoba,3722332,NA,NA,NA,NA,183,0,NA,4295,107,NA
2020-08-15,Argentina,45649750,Córdoba,3722332,NA,NA,NA,NA,106,4,NA,4533,111,NA
2020-08-17,Argentina,45649750,Córdoba,3722332,NA,NA,NA,NA,0,0,NA,4591,111,NA
2020-01-01,Argentina,45649750,Jujuy,762440,NA,NA,NA,NA,0,0,NA,0,0,NA
2020-01-03,Argentina,45649750,Jujuy,762440,NA,NA,NA,NA,0,0,NA,0,0,NA
2020-01-05,Argentina,45649750,Jujuy,762440,NA,NA,NA,NA,0,0,NA,0,0,NA
2020-01-07,Argentina,45649750,Jujuy,762440,NA,NA,NA,NA,0,0,NA,0,0,NA
2020-01-09,Argentina,45649750,Jujuy,762440,NA,NA,NA,NA,0,0,NA,0,0,NA
2020-01-11,Argentina,45649750,Jujuy,762440,NA,NA,NA,NA,0,0,NA,0,0,NA
2020-01-13,Argentina,45649750,Jujuy,762440,NA,NA,NA,NA,0,0,NA,0,0,NA
2020-01-15,Argentina,45649750,Jujuy,762440,NA,NA,NA,NA,0,0,NA,0,0,NA
2020-01-17,Argentina,45649750,Jujuy,762440,NA,NA,NA,NA,0,0,NA,0,0,NA
2020-01-19,Argentina,45649750,Jujuy,762440,NA,NA,NA,NA,0,0,NA,0,0,NA
2020-01-21,Argentina,45649750,Jujuy,762440,NA,NA,NA,NA,0,0,NA,0,0,NA
2020-01-23,Argentina,45649750,Jujuy,762440,NA,NA,NA,NA,0,0,NA,0,0,NA
2020-01-25,Argentina,45649750,Jujuy,762440,NA,NA,NA,NA,0,0,NA,0,0,NA
2020-01-27,Argentina,45649750,Jujuy,762440,NA,NA,NA,NA,0,0,NA,0,0,NA
2020-01-29,Argentina,45649750,Jujuy,762440,NA,NA,NA,NA,0,0,NA,0,0,NA
2020-01-31,Argentina,45649750,Jujuy,762440,NA,NA,NA,NA,0,0,NA,0,0,NA
2020-02-02,Argentina,45649750,Jujuy,762440,NA,NA,NA,NA,0,0,NA,0,0,NA
2020-02-04,Argentina,45649750,Jujuy,762440,NA,NA,NA,NA,0,0,NA,0,0,NA
2020-02-06,Argentina,45649750,Jujuy,762440,NA,NA,NA,NA,0,0,NA,0,0,NA
2020-02-08,Argentina,45649750,Jujuy,762440,NA,NA,NA,NA,0,0,NA,0,0,NA
2020-02-10,Argentina,45649750,Jujuy,762440,NA,NA,NA,NA,0,0,NA,0,0,NA
2020-02-12,Argentina,45649750,Jujuy,762440,NA,NA,NA,NA,0,0,NA,0,0,NA
2020-02-14,Argentina,45649750,Jujuy,762440,NA,NA,NA,NA,0,0,NA,0,0,NA
2020-02-16,Argentina,45649750,Jujuy,762440,NA,NA,NA,NA,0,0,NA,0,0,NA
2020-02-18,Argentina,45649750,Jujuy,762440,NA,NA,NA,NA,0,0,NA,0,0,NA
2020-02-20,Argentina,45649750,Jujuy,762440,NA,NA,NA,NA,0,0,NA,0,0,NA
2020-02-22,Argentina,45649750,Jujuy,762440,NA,NA,NA,NA,0,0,NA,0,0,NA
2020-02-24,Argentina,45649750,Jujuy,762440,NA,NA,NA,NA,0,0,NA,0,0,NA
2020-02-26,Argentina,45649750,Jujuy,762440,NA,NA,NA,NA,0,0,NA,0,0,NA
2020-02-28,Argentina,45649750,Jujuy,762440,NA,NA,NA,NA,0,0,NA,0,0,NA
2020-03-01,Argentina,45649750,Jujuy,762440,NA,NA,NA,NA,0,0,NA,0,0,NA
2020-03-03,Argentina,45649750,Jujuy,762440,NA,NA,NA,NA,0,0,NA,0,0,NA
2020-03-05,Argentina,45649750,Jujuy,762440,NA,NA,NA,NA,0,0,NA,0,0,NA
2020-03-07,Argentina,45649750,Jujuy,762440,NA,NA,NA,NA,0,0,NA,0,0,NA
2020-03-09,Argentina,45649750,Jujuy,762440,NA,NA,NA,NA,0,0,NA,0,0,NA
2020-03-11,Argentina,45649750,Jujuy,762440,NA,NA,NA,NA,0,0,NA,0,0,NA
2020-03-13,Argentina,45649750,Jujuy,762440,NA,NA,NA,NA,0,0,NA,0,0,NA
2020-03-15,Argentina,45649750,Jujuy,762440,NA,NA,NA,NA,0,0,NA,0,0,NA
2020-03-17,Argentina,45649750,Jujuy,762440,NA,NA,NA,NA,1,0,NA,1,0,NA
2020-03-19,Argentina,45649750,Jujuy,762440,NA,NA,NA,NA,0,0,NA,1,0,NA
2020-03-21,Argentina,45649750,Jujuy,762440,NA,NA,NA,NA,0,0,NA,1,0,NA
2020-03-23,Argentina,45649750,Jujuy,762440,NA,NA,NA,NA,0,0,NA,1,0,NA
2020-03-25,Argentina,45649750,Jujuy,762440,NA,NA,NA,NA,0,0,NA,1,0,NA
2020-03-27,Argentina,45649750,Jujuy,762440,NA,NA,NA,NA,0,0,NA,3,0,NA
2020-03-29,Argentina,45649750,Jujuy,762440,NA,NA,NA,NA,0,0,NA,3,0,NA
2020-03-31,Argentina,45649750,Jujuy,762440,NA,NA,NA,NA,0,0,NA,3,0,NA
2020-04-02,Argentina,45649750,Jujuy,762440,NA,NA,NA,NA,2,0,NA,5,0,NA
2020-04-04,Argentina,45649750,Jujuy,762440,NA,NA,NA,NA,0,0,NA,5,0,NA
2020-04-06,Argentina,45649750,Jujuy,762440,NA,NA,NA,NA,0,0,NA,5,0,NA
2020-04-08,Argentina,45649750,Jujuy,762440,NA,NA,NA,NA,0,0,NA,5,0,NA
2020-04-10,Argentina,45649750,Jujuy,762440,NA,NA,NA,NA,0,0,NA,5,0,NA
2020-04-12,Argentina,45649750,Jujuy,762440,NA,NA,NA,NA,0,0,NA,5,0,NA
2020-04-14,Argentina,45649750,Jujuy,762440,NA,NA,NA,NA,0,0,NA,5,0,NA
2020-04-16,Argentina,45649750,Jujuy,762440,NA,NA,NA,NA,0,0,NA,5,0,NA
2020-04-18,Argentina,45649750,Jujuy,762440,NA,NA,NA,NA,0,0,NA,5,0,NA
2020-04-20,Argentina,45649750,Jujuy,762440,NA,NA,NA,NA,0,0,NA,5,0,NA
2020-04-22,Argentina,45649750,Jujuy,762440,NA,NA,NA,NA,0,0,NA,5,0,NA
2020-04-24,Argentina,45649750,Jujuy,762440,NA,NA,NA,NA,0,0,NA,5,0,NA
2020-04-26,Argentina,45649750,Jujuy,762440,NA,NA,NA,NA,0,0,NA,5,0,NA
2020-04-28,Argentina,45649750,Jujuy,762440,NA,NA,NA,NA,0,0,NA,5,0,NA
2020-04-30,Argentina,45649750,Jujuy,762440,NA,NA,NA,NA,0,0,NA,5,0,NA
2020-05-02,Argentina,45649750,Jujuy,762440,NA,NA,NA,NA,0,0,NA,5,0,NA
2020-05-04,Argentina,45649750,Jujuy,762440,NA,NA,NA,NA,0,0,NA,5,0,NA
2020-05-06,Argentina,45649750,Jujuy,762440,NA,NA,NA,NA,0,0,NA,5,0,NA
2020-05-08,Argentina,45649750,Jujuy,762440,NA,NA,NA,NA,0,0,NA,5,0,NA
2020-05-10,Argentina,45649750,Jujuy,762440,NA,NA,NA,NA,0,0,NA,5,0,NA
2020-05-12,Argentina,45649750,Jujuy,762440,NA,NA,NA,NA,0,0,NA,5,0,NA
2020-05-14,Argentina,45649750,Jujuy,762440,NA,NA,NA,NA,0,0,NA,5,0,NA
2020-05-16,Argentina,45649750,Jujuy,762440,NA,NA,NA,NA,0,0,NA,5,0,NA
2020-05-18,Argentina,45649750,Jujuy,762440,NA,NA,NA,NA,0,0,NA,5,0,NA
2020-05-20,Argentina,45649750,Jujuy,762440,NA,NA,NA,NA,0,0,NA,5,0,NA
2020-05-22,Argentina,45649750,Jujuy,762440,NA,NA,NA,NA,0,0,NA,5,0,NA
2020-05-24,Argentina,45649750,Jujuy,762440,NA,NA,NA,NA,0,0,NA,5,0,NA
2020-05-26,Argentina,45649750,Jujuy,762440,NA,NA,NA,NA,0,0,NA,5,0,NA
2020-05-28,Argentina,45649750,Jujuy,762440,NA,NA,NA,NA,0,0,NA,6,0,NA
2020-05-30,Argentina,45649750,Jujuy,762440,NA,NA,NA,NA,0,0,NA,6,0,NA
2020-06-01,Argentina,45649750,Jujuy,762440,NA,NA,NA,NA,0,0,NA,6,0,NA
2020-06-03,Argentina,45649750,Jujuy,762440,NA,NA,NA,NA,0,0,NA,6,0,NA
2020-06-05,Argentina,45649750,Jujuy,762440,NA,NA,NA,NA,0,0,NA,6,0,NA
2020-06-07,Argentina,45649750,Jujuy,762440,NA,NA,NA,NA,0,0,NA,6,0,NA
2020-06-09,Argentina,45649750,Jujuy,762440,NA,NA,NA,NA,0,0,NA,6,0,NA
2020-06-11,Argentina,45649750,Jujuy,762440,NA,NA,NA,NA,1,0,NA,7,0,NA
2020-06-13,Argentina,45649750,Jujuy,762440,NA,NA,NA,NA,0,0,NA,7,1,NA
2020-06-15,Argentina,45649750,Jujuy,762440,NA,NA,NA,NA,0,0,NA,7,1,NA
2020-06-17,Argentina,45649750,Jujuy,762440,NA,NA,NA,NA,4,0,NA,15,1,NA
2020-06-19,Argentina,45649750,Jujuy,762440,NA,NA,NA,NA,5,0,NA,24,1,NA
2020-06-21,Argentina,45649750,Jujuy,762440,NA,NA,NA,NA,5,0,NA,42,1,NA
2020-06-23,Argentina,45649750,Jujuy,762440,NA,NA,NA,NA,3,0,NA,51,2,NA
2020-06-25,Argentina,45649750,Jujuy,762440,NA,NA,NA,NA,10,0,NA,66,2,NA
2020-06-27,Argentina,45649750,Jujuy,762440,NA,NA,NA,NA,10,0,NA,86,2,NA
2020-06-29,Argentina,45649750,Jujuy,762440,NA,NA,NA,NA,4,0,NA,94,3,NA
2020-07-01,Argentina,45649750,Jujuy,762440,NA,NA,NA,NA,18,2,NA,130,5,NA
2020-07-03,Argentina,45649750,Jujuy,762440,NA,NA,NA,NA,17,1,NA,180,6,NA
2020-07-05,Argentina,45649750,Jujuy,762440,NA,NA,NA,NA,23,2,NA,240,9,NA
2020-07-07,Argentina,45649750,Jujuy,762440,NA,NA,NA,NA,28,1,NA,315,11,NA
2020-07-09,Argentina,45649750,Jujuy,762440,NA,NA,NA,NA,45,1,NA,394,14,NA
2020-07-11,Argentina,45649750,Jujuy,762440,NA,NA,NA,NA,65,2,NA,498,16,NA
2020-07-13,Argentina,45649750,Jujuy,762440,NA,NA,NA,NA,41,2,NA,553,22,NA
2020-07-15,Argentina,45649750,Jujuy,762440,NA,NA,NA,NA,74,2,NA,660,26,NA
2020-07-17,Argentina,45649750,Jujuy,762440,NA,NA,NA,NA,104,3,NA,825,34,NA
2020-07-19,Argentina,45649750,Jujuy,762440,NA,NA,NA,NA,47,1,NA,948,36,NA
2020-07-21,Argentina,45649750,Jujuy,762440,NA,NA,NA,NA,187,4,NA,1235,40,NA
2020-07-23,Argentina,45649750,Jujuy,762440,NA,NA,NA,NA,158,1,NA,1594,43,NA
2020-07-25,Argentina,45649750,Jujuy,762440,NA,NA,NA,NA,93,3,NA,1838,49,NA
2020-07-27,Argentina,45649750,Jujuy,762440,NA,NA,NA,NA,195,2,NA,2131,52,NA
2020-07-29,Argentina,45649750,Jujuy,762440,NA,NA,NA,NA,153,3,NA,2391,57,NA
2020-07-31,Argentina,45649750,Jujuy,762440,NA,NA,NA,NA,191,3,NA,2689,62,NA
2020-08-02,Argentina,45649750,Jujuy,762440,NA,NA,NA,NA,59,3,NA,2872,66,NA
2020-08-04,Argentina,45649750,Jujuy,762440,NA,NA,NA,NA,143,6,NA,3139,73,NA
2020-08-06,Argentina,45649750,Jujuy,762440,NA,NA,NA,NA,113,3,NA,3413,77,NA
2020-08-08,Argentina,45649750,Jujuy,762440,NA,NA,NA,NA,115,0,NA,3746,78,NA
2020-08-10,Argentina,45649750,Jujuy,762440,NA,NA,NA,NA,101,5,NA,3926,85,NA
2020-08-12,Argentina,45649750,Jujuy,762440,NA,NA,NA,NA,148,1,NA,4301,90,NA
2020-08-14,Argentina,45649750,Jujuy,762440,NA,NA,NA,NA,191,0,NA,4649,90,NA
2020-08-16,Argentina,45649750,Jujuy,762440,NA,NA,NA,NA,3,0,NA,4762,90,NA
2020-08-18,Argentina,45649750,Jujuy,762440,NA,NA,NA,NA,0,0,NA,4762,90,NA
2020-01-02,Argentina,45649750,Santa Cruz,356647,NA,NA,NA,NA,0,0,NA,0,0,NA
2020-01-04,Argentina,45649750,Santa Cruz,356647,NA,NA,NA,NA,0,0,NA,0,0,NA
2020-01-06,Argentina,45649750,Santa Cruz,356647,NA,NA,NA,NA,0,0,NA,0,0,NA
2020-01-08,Argentina,45649750,Santa Cruz,356647,NA,NA,NA,NA,0,0,NA,0,0,NA
2020-01-10,Argentina,45649750,Santa Cruz,356647,NA,NA,NA,NA,0,0,NA,0,0,NA
2020-01-12,Argentina,45649750,Santa Cruz,356647,NA,NA,NA,NA,0,0,NA,0,0,NA
2020-01-14,Argentina,45649750,Santa Cruz,356647,NA,NA,NA,NA,0,0,NA,0,0,NA
2020-01-16,Argentina,45649750,Santa Cruz,356647,NA,NA,NA,NA,0,0,NA,0,0,NA
2020-01-18,Argentina,45649750,Santa Cruz,356647,NA,NA,NA,NA,0,0,NA,0,0,NA
2020-01-20,Argentina,45649750,Santa Cruz,356647,NA,NA,NA,NA,0,0,NA,0,0,NA
2020-01-22,Argentina,45649750,Santa Cruz,356647,NA,NA,NA,NA,0,0,NA,0,0,NA
2020-01-24,Argentina,45649750,Santa Cruz,356647,NA,NA,NA,NA,0,0,NA,0,0,NA
2020-01-26,Argentina,45649750,Santa Cruz,356647,NA,NA,NA,NA,0,0,NA,0,0,NA
2020-01-28,Argentina,45649750,Santa Cruz,356647,NA,NA,NA,NA,0,0,NA,0,0,NA
2020-01-30,Argentina,45649750,Santa Cruz,356647,NA,NA,NA,NA,0,0,NA,0,0,NA
2020-02-01,Argentina,45649750,Santa Cruz,356647,NA,NA,NA,NA,0,0,NA,0,0,NA
2020-02-03,Argentina,45649750,Santa Cruz,356647,NA,NA,NA,NA,0,0,NA,0,0,NA
2020-02-05,Argentina,45649750,Santa Cruz,356647,NA,NA,NA,NA,0,0,NA,0,0,NA
2020-02-07,Argentina,45649750,Santa Cruz,356647,NA,NA,NA,NA,0,0,NA,0,0,NA
2020-02-09,Argentina,45649750,Santa Cruz,356647,NA,NA,NA,NA,0,0,NA,0,0,NA
2020-02-11,Argentina,45649750,Santa Cruz,356647,NA,NA,NA,NA,0,0,NA,0,0,NA
2020-02-13,Argentina,45649750,Santa Cruz,356647,NA,NA,NA,NA,0,0,NA,0,0,NA
2020-02-15,Argentina,45649750,Santa Cruz,356647,NA,NA,NA,NA,0,0,NA,0,0,NA
2020-02-17,Argentina,45649750,Santa Cruz,356647,NA,NA,NA,NA,0,0,NA,0,0,NA
2020-02-19,Argentina,45649750,Santa Cruz,356647,NA,NA,NA,NA,0,0,NA,0,0,NA
2020-02-21,Argentina,45649750,Santa Cruz,356647,NA,NA,NA,NA,0,0,NA,0,0,NA
2020-02-23,Argentina,45649750,Santa Cruz,356647,NA,NA,NA,NA,0,0,NA,0,0,NA
2020-02-25,Argentina,45649750,Santa Cruz,356647,NA,NA,NA,NA,0,0,NA,0,0,NA
2020-02-27,Argentina,45649750,Santa Cruz,356647,NA,NA,NA,NA,0,0,NA,0,0,NA
2020-02-29,Argentina,45649750,Santa Cruz,356647,NA,NA,NA,NA,0,0,NA,0,0,NA
2020-03-02,Argentina,45649750,Santa Cruz,356647,NA,NA,NA,NA,0,0,NA,0,0,NA
2020-03-04,Argentina,45649750,Santa Cruz,356647,NA,NA,NA,NA,0,0,NA,0,0,NA
2020-03-06,Argentina,45649750,Santa Cruz,356647,NA,NA,NA,NA,0,0,NA,0,0,NA
2020-03-08,Argentina,45649750,Santa Cruz,356647,NA,NA,NA,NA,0,0,NA,0,0,NA
2020-03-10,Argentina,45649750,Santa Cruz,356647,NA,NA,NA,NA,0,0,NA,0,0,NA
2020-03-12,Argentina,45649750,Santa Cruz,356647,NA,NA,NA,NA,0,0,NA,0,0,NA
2020-03-14,Argentina,45649750,Santa Cruz,356647,NA,NA,NA,NA,0,0,NA,0,0,NA
2020-03-16,Argentina,45649750,Santa Cruz,356647,NA,NA,NA,NA,0,0,NA,0,0,NA
2020-03-18,Argentina,45649750,Santa Cruz,356647,NA,NA,NA,NA,0,0,NA,1,0,NA
2020-03-20,Argentina,45649750,Santa Cruz,356647,NA,NA,NA,NA,0,0,NA,1,0,NA
2020-03-22,Argentina,45649750,Santa Cruz,356647,NA,NA,NA,NA,0,0,NA,1,0,NA
2020-03-24,Argentina,45649750,Santa Cruz,356647,NA,NA,NA,NA,1,0,NA,2,0,NA
2020-03-26,Argentina,45649750,Santa Cruz,356647,NA,NA,NA,NA,0,0,NA,9,0,NA
2020-03-28,Argentina,45649750,Santa Cruz,356647,NA,NA,NA,NA,0,0,NA,9,0,NA
2020-03-30,Argentina,45649750,Santa Cruz,356647,NA,NA,NA,NA,0,0,NA,9,0,NA
2020-04-01,Argentina,45649750,Santa Cruz,356647,NA,NA,NA,NA,11,0,NA,20,0,NA
2020-04-03,Argentina,45649750,Santa Cruz,356647,NA,NA,NA,NA,1,0,NA,21,0,NA
2020-04-05,Argentina,45649750,Santa Cruz,356647,NA,NA,NA,NA,0,0,NA,22,0,NA
2020-04-07,Argentina,45649750,Santa Cruz,356647,NA,NA,NA,NA,7,0,NA,29,0,NA
2020-04-09,Argentina,45649750,Santa Cruz,356647,NA,NA,NA,NA,2,0,NA,31,0,NA
2020-04-11,Argentina,45649750,Santa Cruz,356647,NA,NA,NA,NA,1,0,NA,38,0,NA
2020-04-13,Argentina,45649750,Santa Cruz,356647,NA,NA,NA,NA,0,0,NA,38,0,NA
2020-04-15,Argentina,45649750,Santa Cruz,356647,NA,NA,NA,NA,0,0,NA,38,0,NA
2020-04-17,Argentina,45649750,Santa Cruz,356647,NA,NA,NA,NA,0,0,NA,38,0,NA
2020-04-19,Argentina,45649750,Santa Cruz,356647,NA,NA,NA,NA,0,0,NA,38,0,NA
2020-04-21,Argentina,45649750,Santa Cruz,356647,NA,NA,NA,NA,0,0,NA,39,0,NA
2020-04-23,Argentina,45649750,Santa Cruz,356647,NA,NA,NA,NA,0,0,NA,39,0,NA
2020-04-25,Argentina,45649750,Santa Cruz,356647,NA,NA,NA,NA,0,0,NA,40,0,NA
2020-04-27,Argentina,45649750,Santa Cruz,356647,NA,NA,NA,NA,1,1,NA,46,1,NA
2020-04-29,Argentina,45649750,Santa Cruz,356647,NA,NA,NA,NA,1,1,NA,47,2,NA
2020-05-01,Argentina,45649750,Santa Cruz,356647,NA,NA,NA,NA,0,0,NA,47,2,NA
2020-05-03,Argentina,45649750,Santa Cruz,356647,NA,NA,NA,NA,0,0,NA,47,2,NA
2020-05-05,Argentina,45649750,Santa Cruz,356647,NA,NA,NA,NA,0,0,NA,47,2,NA
2020-05-07,Argentina,45649750,Santa Cruz,356647,NA,NA,NA,NA,0,0,NA,47,2,NA
2020-05-09,Argentina,45649750,Santa Cruz,356647,NA,NA,NA,NA,0,0,NA,47,2,NA
2020-05-11,Argentina,45649750,Santa Cruz,356647,NA,NA,NA,NA,0,0,NA,47,2,NA
2020-05-13,Argentina,45649750,Santa Cruz,356647,NA,NA,NA,NA,0,0,NA,47,2,NA
2020-05-15,Argentina,45649750,Santa Cruz,356647,NA,NA,NA,NA,0,0,NA,47,2,NA
2020-05-17,Argentina,45649750,Santa Cruz,356647,NA,NA,NA,NA,0,0,NA,47,2,NA
2020-05-19,Argentina,45649750,Santa Cruz,356647,NA,NA,NA,NA,0,0,NA,47,2,NA
2020-05-21,Argentina,45649750,Santa Cruz,356647,NA,NA,NA,NA,0,0,NA,47,3,NA
2020-05-23,Argentina,45649750,Santa Cruz,356647,NA,NA,NA,NA,0,0,NA,47,3,NA
2020-05-25,Argentina,45649750,Santa Cruz,356647,NA,NA,NA,NA,0,0,NA,47,3,NA
2020-05-27,Argentina,45649750,Santa Cruz,356647,NA,NA,NA,NA,0,0,NA,47,3,NA
2020-05-29,Argentina,45649750,Santa Cruz,356647,NA,NA,NA,NA,0,0,NA,47,3,NA
2020-05-31,Argentina,45649750,Santa Cruz,356647,NA,NA,NA,NA,0,0,NA,48,3,NA
2020-06-02,Argentina,45649750,Santa Cruz,356647,NA,NA,NA,NA,0,0,NA,49,4,NA
2020-06-04,Argentina,45649750,Santa Cruz,356647,NA,NA,NA,NA,0,1,NA,49,5,NA
2020-06-06,Argentina,45649750,Santa Cruz,356647,NA,NA,NA,NA,0,0,NA,49,6,NA
2020-06-08,Argentina,45649750,Santa Cruz,356647,NA,NA,NA,NA,0,0,NA,49,6,NA
2020-06-10,Argentina,45649750,Santa Cruz,356647,NA,NA,NA,NA,0,0,NA,49,6,NA
2020-06-12,Argentina,45649750,Santa Cruz,356647,NA,NA,NA,NA,0,0,NA,49,6,NA
2020-06-14,Argentina,45649750,Santa Cruz,356647,NA,NA,NA,NA,0,0,NA,49,6,NA
2020-06-16,Argentina,45649750,Santa Cruz,356647,NA,NA,NA,NA,0,0,NA,49,6,NA
2020-06-18,Argentina,45649750,Santa Cruz,356647,NA,NA,NA,NA,0,1,NA,49,7,NA
2020-06-20,Argentina,45649750,Santa Cruz,356647,NA,NA,NA,NA,0,0,NA,49,7,NA
2020-06-22,Argentina,45649750,Santa Cruz,356647,NA,NA,NA,NA,0,0,NA,49,7,NA
2020-06-24,Argentina,45649750,Santa Cruz,356647,NA,NA,NA,NA,0,0,NA,49,7,NA
2020-06-26,Argentina,45649750,Santa Cruz,356647,NA,NA,NA,NA,0,0,NA,50,7,NA
2020-06-28,Argentina,45649750,Santa Cruz,356647,NA,NA,NA,NA,0,0,NA,50,8,NA
2020-06-30,Argentina,45649750,Santa Cruz,356647,NA,NA,NA,NA,0,0,NA,50,8,NA
2020-07-02,Argentina,45649750,Santa Cruz,356647,NA,NA,NA,NA,0,0,NA,50,8,NA
2020-07-04,Argentina,45649750,Santa Cruz,356647,NA,NA,NA,NA,5,0,NA,55,8,NA
2020-07-06,Argentina,45649750,Santa Cruz,356647,NA,NA,NA,NA,1,0,NA,56,8,NA
2020-07-08,Argentina,45649750,Santa Cruz,356647,NA,NA,NA,NA,0,0,NA,56,8,NA
2020-07-10,Argentina,45649750,Santa Cruz,356647,NA,NA,NA,NA,0,0,NA,61,8,NA
2020-07-12,Argentina,45649750,Santa Cruz,356647,NA,NA,NA,NA,1,0,NA,62,8,NA
2020-07-14,Argentina,45649750,Santa Cruz,356647,NA,NA,NA,NA,1,0,NA,64,8,NA
2020-07-16,Argentina,45649750,Santa Cruz,356647,NA,NA,NA,NA,21,0,NA,97,8,NA
2020-07-18,Argentina,45649750,Santa Cruz,356647,NA,NA,NA,NA,49,0,NA,170,8,NA
2020-07-20,Argentina,45649750,Santa Cruz,356647,NA,NA,NA,NA,17,0,NA,233,8,NA
2020-07-22,Argentina,45649750,Santa Cruz,356647,NA,NA,NA,NA,41,0,NA,282,8,NA
2020-07-24,Argentina,45649750,Santa Cruz,356647,NA,NA,NA,NA,33,1,NA,325,9,NA
2020-07-26,Argentina,45649750,Santa Cruz,356647,NA,NA,NA,NA,26,1,NA,378,10,NA
2020-07-28,Argentina,45649750,Santa Cruz,356647,NA,NA,NA,NA,9,1,NA,402,11,NA
2020-07-30,Argentina,45649750,Santa Cruz,356647,NA,NA,NA,NA,19,1,NA,463,12,NA
2020-08-01,Argentina,45649750,Santa Cruz,356647,NA,NA,NA,NA,37,0,NA,521,13,NA
2020-08-03,Argentina,45649750,Santa Cruz,356647,NA,NA,NA,NA,17,0,NA,560,14,NA
2020-08-05,Argentina,45649750,Santa Cruz,356647,NA,NA,NA,NA,44,0,NA,656,14,NA
2020-08-07,Argentina,45649750,Santa Cruz,356647,NA,NA,NA,NA,23,0,NA,734,14,NA
2020-08-09,Argentina,45649750,Santa Cruz,356647,NA,NA,NA,NA,24,0,NA,798,14,NA
2020-08-11,Argentina,45649750,Santa Cruz,356647,NA,NA,NA,NA,44,0,NA,866,14,NA
2020-08-13,Argentina,45649750,Santa Cruz,356647,NA,NA,NA,NA,50,0,NA,962,14,NA
2020-08-15,Argentina,45649750,Santa Cruz,356647,NA,NA,NA,NA,25,0,NA,1015,14,NA
2020-08-17,Argentina,45649750,Santa Cruz,356647,NA,NA,NA,NA,0,0,NA,1033,14,NA
2020-02-26,Chile,17576779,Antofagasta,607534,NA,NA,NA,NA,NA,NA,NA,0,0,0
2020-02-28,Chile,17576779,Antofagasta,607534,NA,NA,NA,NA,0,0,0,0,0,0
2020-03-01,Chile,17576779,Antofagasta,607534,NA,NA,NA,NA,0,0,0,0,0,0
2020-03-03,Chile,17576779,Antofagasta,607534,NA,NA,NA,NA,0,0,0,0,0,0
2020-03-05,Chile,17576779,Antofagasta,607534,NA,NA,NA,NA,0,0,0,0,0,0
2020-03-07,Chile,17576779,Antofagasta,607534,NA,NA,NA,NA,0,0,0,0,0,0
2020-03-09,Chile,17576779,Antofagasta,607534,NA,NA,NA,NA,0,0,0,0,0,0
2020-03-11,Chile,17576779,Antofagasta,607534,NA,NA,NA,NA,0,0,0,0,0,0
2020-03-13,Chile,17576779,Antofagasta,607534,NA,NA,NA,NA,0,0,0,0,0,0
2020-03-15,Chile,17576779,Antofagasta,607534,NA,NA,NA,NA,0,0,0,2,0,0
2020-03-17,Chile,17576779,Antofagasta,607534,NA,NA,NA,NA,0,0,0,2,0,0
2020-03-19,Chile,17576779,Antofagasta,607534,NA,NA,NA,NA,0,0,0,2,0,0
2020-03-21,Chile,17576779,Antofagasta,607534,NA,NA,NA,NA,4,0,0,10,0,0
2020-03-23,Chile,17576779,Antofagasta,607534,NA,NA,NA,NA,0,0,0,11,0,0
2020-03-25,Chile,17576779,Antofagasta,607534,NA,NA,NA,NA,6,0,0,19,0,0
2020-03-27,Chile,17576779,Antofagasta,607534,NA,NA,NA,NA,1,0,0,21,0,0
2020-03-29,Chile,17576779,Antofagasta,607534,NA,NA,NA,NA,2,0,0,27,0,0
2020-03-31,Chile,17576779,Antofagasta,607534,NA,NA,NA,NA,0,0,0,35,0,0
2020-04-02,Chile,17576779,Antofagasta,607534,NA,NA,NA,NA,8,0,0,47,0,0
2020-04-04,Chile,17576779,Antofagasta,607534,NA,NA,NA,NA,1,0,0,55,0,0
2020-04-06,Chile,17576779,Antofagasta,607534,NA,NA,NA,NA,8,0,0,68,0,0
2020-04-08,Chile,17576779,Antofagasta,607534,NA,NA,NA,NA,8,0,0,77,1,0
2020-04-10,Chile,17576779,Antofagasta,607534,NA,NA,NA,NA,18,0,0,110,1,0
2020-04-12,Chile,17576779,Antofagasta,607534,NA,NA,NA,NA,21,0,0,138,1,0
2020-04-14,Chile,17576779,Antofagasta,607534,NA,NA,NA,NA,6,0,0,155,1,0
2020-04-16,Chile,17576779,Antofagasta,607534,NA,NA,NA,NA,16,0,0,192,1,0
2020-04-18,Chile,17576779,Antofagasta,607534,NA,NA,NA,NA,15,0,0,226,1,0
2020-04-20,Chile,17576779,Antofagasta,607534,NA,NA,NA,NA,14,0,0,263,1,0
2020-04-22,Chile,17576779,Antofagasta,607534,NA,NA,NA,NA,35,1,0,326,2,0
2020-04-24,Chile,17576779,Antofagasta,607534,NA,NA,NA,NA,26,0,0,366,2,0
2020-04-26,Chile,17576779,Antofagasta,607534,NA,NA,NA,NA,52,1,0,443,4,0
2020-04-28,Chile,17576779,Antofagasta,607534,NA,NA,NA,NA,24,0,0,481,4,0
2020-04-30,Chile,17576779,Antofagasta,607534,NA,NA,NA,NA,32,1,187,546,5,187
2020-05-02,Chile,17576779,Antofagasta,607534,NA,NA,NA,NA,90,0,15,679,7,219
2020-05-04,Chile,17576779,Antofagasta,607534,NA,NA,NA,NA,20,0,0,760,7,242
2020-05-06,Chile,17576779,Antofagasta,607534,NA,NA,NA,NA,44,0,0,855,7,242
2020-05-08,Chile,17576779,Antofagasta,607534,NA,NA,NA,NA,28,2,0,923,9,242
2020-05-10,Chile,17576779,Antofagasta,607534,NA,NA,NA,NA,31,0,0,978,10,242
2020-05-12,Chile,17576779,Antofagasta,607534,NA,NA,NA,NA,95,0,0,1109,10,242
2020-05-14,Chile,17576779,Antofagasta,607534,NA,NA,NA,NA,61,0,0,1277,11,242
2020-05-16,Chile,17576779,Antofagasta,607534,NA,NA,NA,NA,98,0,0,1429,12,242
2020-05-18,Chile,17576779,Antofagasta,607534,NA,NA,NA,NA,84,1,0,1589,14,242
2020-05-20,Chile,17576779,Antofagasta,607534,NA,NA,NA,NA,83,1,0,1731,17,242
2020-05-22,Chile,17576779,Antofagasta,607534,NA,NA,NA,NA,63,0,0,1841,17,242
2020-05-24,Chile,17576779,Antofagasta,607534,NA,NA,NA,NA,50,0,0,1947,21,242
2020-05-26,Chile,17576779,Antofagasta,607534,NA,NA,NA,NA,48,2,0,2063,23,242
2020-05-28,Chile,17576779,Antofagasta,607534,NA,NA,NA,NA,111,3,0,2248,28,242
2020-05-30,Chile,17576779,Antofagasta,607534,NA,NA,NA,NA,111,1,0,2429,29,242
2020-06-01,Chile,17576779,Antofagasta,607534,NA,NA,NA,NA,75,1,0,2585,32,242
2020-06-03,Chile,17576779,Antofagasta,607534,NA,NA,NA,NA,67,2,0,2716,36,242
2020-06-05,Chile,17576779,Antofagasta,607534,NA,NA,NA,NA,62,4,0,2924,42,242
2020-06-07,Chile,17576779,Antofagasta,607534,NA,NA,NA,NA,121,0,0,3154,47,242
2020-06-09,Chile,17576779,Antofagasta,607534,NA,NA,NA,NA,157,0,0,3402,45,242
2020-06-11,Chile,17576779,Antofagasta,607534,NA,NA,NA,NA,194,1,0,3753,57,242
2020-06-13,Chile,17576779,Antofagasta,607534,NA,NA,NA,NA,153,2,0,4038,67,242
2020-06-15,Chile,17576779,Antofagasta,607534,NA,NA,NA,NA,270,0,0,4556,72,242
2020-06-17,Chile,17576779,Antofagasta,607534,NA,NA,NA,NA,598,9,0,5241,81,242
2020-06-19,Chile,17576779,Antofagasta,607534,NA,NA,NA,NA,300,6,0,5828,93,242
2020-06-21,Chile,17576779,Antofagasta,607534,NA,NA,NA,NA,246,6,4606,6461,100,4848
2020-06-23,Chile,17576779,Antofagasta,607534,NA,NA,NA,NA,283,0,212,6991,100,5232
2020-06-25,Chile,17576779,Antofagasta,607534,NA,NA,NA,NA,288,9,241,7515,122,5685
2020-06-27,Chile,17576779,Antofagasta,607534,NA,NA,NA,NA,285,14,296,8027,142,6252
2020-06-29,Chile,17576779,Antofagasta,607534,NA,NA,NA,NA,317,0,235,8625,147,6704
2020-07-01,Chile,17576779,Antofagasta,607534,NA,NA,NA,NA,254,0,269,9083,147,7264
2020-07-03,Chile,17576779,Antofagasta,607534,NA,NA,NA,NA,285,8,257,9570,171,7703
2020-07-05,Chile,17576779,Antofagasta,607534,NA,NA,NA,NA,296,9,251,10119,183,8196
2020-07-07,Chile,17576779,Antofagasta,607534,NA,NA,NA,NA,239,0,253,10594,183,8632
2020-07-09,Chile,17576779,Antofagasta,607534,NA,NA,NA,NA,252,6,0,11077,203,8632
2020-07-11,Chile,17576779,Antofagasta,607534,NA,NA,NA,NA,313,2,947,11580,218,9579
2020-07-13,Chile,17576779,Antofagasta,607534,NA,NA,NA,NA,235,1,215,12034,225,10013
2020-07-15,Chile,17576779,Antofagasta,607534,NA,NA,NA,NA,165,4,247,12389,232,10494
2020-07-17,Chile,17576779,Antofagasta,607534,NA,NA,NA,NA,216,35,0,12716,271,10664
2020-07-19,Chile,17576779,Antofagasta,607534,NA,NA,NA,NA,202,1,0,13109,280,10664
2020-07-21,Chile,17576779,Antofagasta,607534,NA,NA,NA,NA,83,0,0,13309,293,10664
2020-07-23,Chile,17576779,Antofagasta,607534,NA,NA,NA,NA,166,7,0,13648,305,10664
2020-07-25,Chile,17576779,Antofagasta,607534,NA,NA,NA,NA,132,6,0,13939,316,10664
2020-07-27,Chile,17576779,Antofagasta,607534,NA,NA,NA,NA,151,4,0,14244,332,10664
2020-07-29,Chile,17576779,Antofagasta,607534,NA,NA,NA,NA,139,1,2353,14510,335,13017
2020-07-31,Chile,17576779,Antofagasta,607534,NA,NA,NA,NA,168,6,114,14754,347,13259
2020-08-02,Chile,17576779,Antofagasta,607534,NA,NA,NA,NA,144,1,140,15028,353,13542
2020-08-04,Chile,17576779,Antofagasta,607534,NA,NA,NA,NA,0,0,0,15184,358,13674
2020-08-06,Chile,17576779,Antofagasta,607534,NA,NA,NA,NA,132,6,114,15578,367,14079
2020-08-08,Chile,17576779,Antofagasta,607534,NA,NA,NA,NA,160,4,124,15871,376,14318
2020-08-10,Chile,17576779,Antofagasta,607534,NA,NA,NA,NA,150,3,103,16155,381,14534
2020-08-12,Chile,17576779,Antofagasta,607534,NA,NA,NA,NA,84,1,137,16323,388,14818
2020-08-14,Chile,17576779,Antofagasta,607534,NA,NA,NA,NA,131,2,122,16565,394,15060
2020-02-25,Chile,17576779,Araucania,957224,NA,NA,NA,NA,NA,NA,NA,0,0,0
2020-02-27,Chile,17576779,Araucania,957224,NA,NA,NA,NA,0,0,0,0,0,0
2020-02-29,Chile,17576779,Araucania,957224,NA,NA,NA,NA,0,0,0,0,0,0
2020-03-02,Chile,17576779,Araucania,957224,NA,NA,NA,NA,0,0,0,0,0,0
2020-03-04,Chile,17576779,Araucania,957224,NA,NA,NA,NA,0,0,0,0,0,0
2020-03-06,Chile,17576779,Araucania,957224,NA,NA,NA,NA,0,0,0,0,0,0
2020-03-08,Chile,17576779,Araucania,957224,NA,NA,NA,NA,0,0,0,0,0,0
2020-03-10,Chile,17576779,Araucania,957224,NA,NA,NA,NA,0,0,0,0,0,0
2020-03-12,Chile,17576779,Araucania,957224,NA,NA,NA,NA,0,0,0,0,0,0
2020-03-14,Chile,17576779,Araucania,957224,NA,NA,NA,NA,0,0,0,0,0,0
2020-03-16,Chile,17576779,Araucania,957224,NA,NA,NA,NA,1,0,0,1,0,0
2020-03-18,Chile,17576779,Araucania,957224,NA,NA,NA,NA,3,0,0,4,0,0
2020-03-20,Chile,17576779,Araucania,957224,NA,NA,NA,NA,2,0,0,9,0,0
2020-03-22,Chile,17576779,Araucania,957224,NA,NA,NA,NA,12,0,0,27,0,0
2020-03-24,Chile,17576779,Araucania,957224,NA,NA,NA,NA,19,0,0,59,0,0
2020-03-26,Chile,17576779,Araucania,957224,NA,NA,NA,NA,37,0,0,111,0,0
2020-03-28,Chile,17576779,Araucania,957224,NA,NA,NA,NA,34,1,0,177,1,0
2020-03-30,Chile,17576779,Araucania,957224,NA,NA,NA,NA,42,0,0,247,2,0
2020-04-01,Chile,17576779,Araucania,957224,NA,NA,NA,NA,41,2,0,343,6,0
2020-04-03,Chile,17576779,Araucania,957224,NA,NA,NA,NA,43,0,0,432,7,0
2020-04-05,Chile,17576779,Araucania,957224,NA,NA,NA,NA,32,4,0,509,13,0
2020-04-07,Chile,17576779,Araucania,957224,NA,NA,NA,NA,50,0,0,612,14,0
2020-04-09,Chile,17576779,Araucania,957224,NA,NA,NA,NA,20,1,0,689,16,0
2020-04-11,Chile,17576779,Araucania,957224,NA,NA,NA,NA,27,1,0,739,17,0
2020-04-13,Chile,17576779,Araucania,957224,NA,NA,NA,NA,20,0,0,795,17,0
2020-04-15,Chile,17576779,Araucania,957224,NA,NA,NA,NA,10,1,0,826,21,0
2020-04-17,Chile,17576779,Araucania,957224,NA,NA,NA,NA,25,1,0,907,22,0
2020-04-19,Chile,17576779,Araucania,957224,NA,NA,NA,NA,28,0,0,972,23,0
2020-04-21,Chile,17576779,Araucania,957224,NA,NA,NA,NA,47,2,0,1092,25,0
2020-04-23,Chile,17576779,Araucania,957224,NA,NA,NA,NA,29,0,0,1142,26,0
2020-04-25,Chile,17576779,Araucania,957224,NA,NA,NA,NA,19,1,0,1203,27,0
2020-04-27,Chile,17576779,Araucania,957224,NA,NA,NA,NA,20,3,0,1236,32,0
2020-04-29,Chile,17576779,Araucania,957224,NA,NA,NA,NA,22,0,0,1273,32,0
2020-05-01,Chile,17576779,Araucania,957224,NA,NA,NA,NA,2,1,24,1295,36,871
2020-05-03,Chile,17576779,Araucania,957224,NA,NA,NA,NA,14,0,28,1328,36,936
2020-05-05,Chile,17576779,Araucania,957224,NA,NA,NA,NA,21,0,0,1352,36,936
2020-05-07,Chile,17576779,Araucania,957224,NA,NA,NA,NA,23,0,0,1385,36,936
2020-05-09,Chile,17576779,Araucania,957224,NA,NA,NA,NA,15,0,0,1418,36,936
2020-05-11,Chile,17576779,Araucania,957224,NA,NA,NA,NA,12,1,0,1466,38,936
2020-05-13,Chile,17576779,Araucania,957224,NA,NA,NA,NA,13,0,0,1495,39,936
2020-05-15,Chile,17576779,Araucania,957224,NA,NA,NA,NA,28,2,0,1564,43,936
2020-05-17,Chile,17576779,Araucania,957224,NA,NA,NA,NA,19,1,0,1606,44,936
2020-05-19,Chile,17576779,Araucania,957224,NA,NA,NA,NA,27,0,0,1666,44,936
2020-05-21,Chile,17576779,Araucania,957224,NA,NA,NA,NA,35,0,0,1715,44,936
2020-05-23,Chile,17576779,Araucania,957224,NA,NA,NA,NA,37,0,0,1774,45,936
2020-05-25,Chile,17576779,Araucania,957224,NA,NA,NA,NA,49,0,0,1857,45,936
2020-05-27,Chile,17576779,Araucania,957224,NA,NA,NA,NA,33,0,0,1916,45,936
2020-05-29,Chile,17576779,Araucania,957224,NA,NA,NA,NA,35,2,0,1989,47,936
2020-05-31,Chile,17576779,Araucania,957224,NA,NA,NA,NA,11,0,0,2071,47,936
2020-06-02,Chile,17576779,Araucania,957224,NA,NA,NA,NA,30,0,0,2141,47,936
2020-06-04,Chile,17576779,Araucania,957224,NA,NA,NA,NA,9,0,0,2182,47,936
2020-06-06,Chile,17576779,Araucania,957224,NA,NA,NA,NA,33,1,0,2321,49,936
2020-06-08,Chile,17576779,Araucania,957224,NA,NA,NA,NA,33,0,0,2410,32,936
2020-06-10,Chile,17576779,Araucania,957224,NA,NA,NA,NA,43,1,0,2488,33,936
2020-06-12,Chile,17576779,Araucania,957224,NA,NA,NA,NA,44,1,0,2579,35,936
2020-06-14,Chile,17576779,Araucania,957224,NA,NA,NA,NA,30,0,0,2675,36,936
2020-06-16,Chile,17576779,Araucania,957224,NA,NA,NA,NA,47,0,0,2775,36,936
2020-06-18,Chile,17576779,Araucania,957224,NA,NA,NA,NA,49,1,0,2864,37,936
2020-06-20,Chile,17576779,Araucania,957224,NA,NA,NA,NA,23,1,0,2920,39,936
2020-06-22,Chile,17576779,Araucania,957224,NA,NA,NA,NA,40,0,32,3009,39,2627
2020-06-24,Chile,17576779,Araucania,957224,NA,NA,NA,NA,10,1,32,3037,40,2718
2020-06-26,Chile,17576779,Araucania,957224,NA,NA,NA,NA,41,0,37,3105,40,2806
2020-06-28,Chile,17576779,Araucania,957224,NA,NA,NA,NA,44,1,27,3172,41,2871
2020-06-30,Chile,17576779,Araucania,957224,NA,NA,NA,NA,19,0,42,3231,41,2935
2020-07-02,Chile,17576779,Araucania,957224,NA,NA,NA,NA,21,0,26,3267,41,2995
2020-07-04,Chile,17576779,Araucania,957224,NA,NA,NA,NA,45,0,30,3369,44,3052
2020-07-06,Chile,17576779,Araucania,957224,NA,NA,NA,NA,54,0,19,3453,45,3096
2020-07-08,Chile,17576779,Araucania,957224,NA,NA,NA,NA,10,1,0,3482,46,3130
2020-07-10,Chile,17576779,Araucania,957224,NA,NA,NA,NA,33,0,0,3538,47,3130
2020-07-12,Chile,17576779,Araucania,957224,NA,NA,NA,NA,38,1,20,3595,48,3283
2020-07-14,Chile,17576779,Araucania,957224,NA,NA,NA,NA,11,0,31,3615,48,3351
2020-07-16,Chile,17576779,Araucania,957224,NA,NA,NA,NA,15,0,24,3666,49,3405
2020-07-18,Chile,17576779,Araucania,957224,NA,NA,NA,NA,15,0,0,3702,71,3405
2020-07-20,Chile,17576779,Araucania,957224,NA,NA,NA,NA,23,0,0,3747,71,3405
2020-07-22,Chile,17576779,Araucania,957224,NA,NA,NA,NA,8,0,0,3782,71,3405
2020-07-24,Chile,17576779,Araucania,957224,NA,NA,NA,NA,46,0,0,3852,74,3405
2020-07-26,Chile,17576779,Araucania,957224,NA,NA,NA,NA,24,1,0,3902,77,3405
2020-07-28,Chile,17576779,Araucania,957224,NA,NA,NA,NA,31,0,0,3978,77,3405
2020-07-30,Chile,17576779,Araucania,957224,NA,NA,NA,NA,26,0,30,4049,77,3702
2020-08-01,Chile,17576779,Araucania,957224,NA,NA,NA,NA,26,0,26,4123,78,3747
2020-08-03,Chile,17576779,Araucania,957224,NA,NA,NA,NA,44,0,30,4208,79,3806
2020-08-05,Chile,17576779,Araucania,957224,NA,NA,NA,NA,46,0,80,4254,79,3886
2020-08-07,Chile,17576779,Araucania,957224,NA,NA,NA,NA,30,1,55,4344,82,3974
2020-08-09,Chile,17576779,Araucania,957224,NA,NA,NA,NA,32,0,32,4397,83,4030
2020-08-11,Chile,17576779,Araucania,957224,NA,NA,NA,NA,18,0,48,4455,83,4099
2020-08-13,Chile,17576779,Araucania,957224,NA,NA,NA,NA,38,0,33,4528,83,4166
2020-08-15,Chile,17576779,Araucania,957224,NA,NA,NA,NA,46,1,33,4610,85,4243
2020-02-26,Chile,17576779,Arica y Parinacota,226068,NA,NA,NA,NA,NA,NA,NA,0,0,0
2020-02-28,Chile,17576779,Arica y Parinacota,226068,NA,NA,NA,NA,0,0,0,0,0,0
2020-03-01,Chile,17576779,Arica y Parinacota,226068,NA,NA,NA,NA,0,0,0,0,0,0
2020-03-03,Chile,17576779,Arica y Parinacota,226068,NA,NA,NA,NA,0,0,0,0,0,0
2020-03-05,Chile,17576779,Arica y Parinacota,226068,NA,NA,NA,NA,0,0,0,0,0,0
2020-03-07,Chile,17576779,Arica y Parinacota,226068,NA,NA,NA,NA,0,0,0,0,0,0
2020-03-09,Chile,17576779,Arica y Parinacota,226068,NA,NA,NA,NA,0,0,0,0,0,0
2020-03-11,Chile,17576779,Arica y Parinacota,226068,NA,NA,NA,NA,0,0,0,0,0,0
2020-03-13,Chile,17576779,Arica y Parinacota,226068,NA,NA,NA,NA,0,0,0,0,0,0
2020-03-15,Chile,17576779,Arica y Parinacota,226068,NA,NA,NA,NA,0,0,0,0,0,0
2020-03-17,Chile,17576779,Arica y Parinacota,226068,NA,NA,NA,NA,0,0,0,0,0,0
2020-03-19,Chile,17576779,Arica y Parinacota,226068,NA,NA,NA,NA,1,0,0,1,0,0
2020-03-21,Chile,17576779,Arica y Parinacota,226068,NA,NA,NA,NA,0,0,0,1,0,0
2020-03-23,Chile,17576779,Arica y Parinacota,226068,NA,NA,NA,NA,0,0,0,2,0,0
2020-03-25,Chile,17576779,Arica y Parinacota,226068,NA,NA,NA,NA,0,0,0,2,0,0
2020-03-27,Chile,17576779,Arica y Parinacota,226068,NA,NA,NA,NA,0,0,0,3,0,0
2020-03-29,Chile,17576779,Arica y Parinacota,226068,NA,NA,NA,NA,1,0,0,4,0,0
2020-03-31,Chile,17576779,Arica y Parinacota,226068,NA,NA,NA,NA,0,0,0,6,0,0
2020-04-02,Chile,17576779,Arica y Parinacota,226068,NA,NA,NA,NA,1,0,0,7,0,0
2020-04-04,Chile,17576779,Arica y Parinacota,226068,NA,NA,NA,NA,0,0,0,12,0,0
2020-04-06,Chile,17576779,Arica y Parinacota,226068,NA,NA,NA,NA,13,0,0,41,0,0
2020-04-08,Chile,17576779,Arica y Parinacota,226068,NA,NA,NA,NA,10,0,0,63,0,0
2020-04-10,Chile,17576779,Arica y Parinacota,226068,NA,NA,NA,NA,12,0,0,87,0,0
2020-04-12,Chile,17576779,Arica y Parinacota,226068,NA,NA,NA,NA,8,1,0,115,1,0
2020-04-14,Chile,17576779,Arica y Parinacota,226068,NA,NA,NA,NA,5,0,0,120,1,0
2020-04-16,Chile,17576779,Arica y Parinacota,226068,NA,NA,NA,NA,5,0,0,129,1,0
2020-04-18,Chile,17576779,Arica y Parinacota,226068,NA,NA,NA,NA,8,0,0,142,2,0
2020-04-20,Chile,17576779,Arica y Parinacota,226068,NA,NA,NA,NA,16,0,0,161,2,0
2020-04-22,Chile,17576779,Arica y Parinacota,226068,NA,NA,NA,NA,10,0,0,180,2,0
2020-04-24,Chile,17576779,Arica y Parinacota,226068,NA,NA,NA,NA,29,1,0,239,3,0
2020-04-26,Chile,17576779,Arica y Parinacota,226068,NA,NA,NA,NA,7,0,0,252,3,0
2020-04-28,Chile,17576779,Arica y Parinacota,226068,NA,NA,NA,NA,3,0,0,268,3,0
2020-04-30,Chile,17576779,Arica y Parinacota,226068,NA,NA,NA,NA,7,0,125,279,4,125
2020-05-02,Chile,17576779,Arica y Parinacota,226068,NA,NA,NA,NA,10,0,8,307,4,138
2020-05-04,Chile,17576779,Arica y Parinacota,226068,NA,NA,NA,NA,0,0,0,308,4,141
2020-05-06,Chile,17576779,Arica y Parinacota,226068,NA,NA,NA,NA,3,1,0,318,5,141
2020-05-08,Chile,17576779,Arica y Parinacota,226068,NA,NA,NA,NA,2,0,0,327,6,141
2020-05-10,Chile,17576779,Arica y Parinacota,226068,NA,NA,NA,NA,3,0,0,340,6,141
2020-05-12,Chile,17576779,Arica y Parinacota,226068,NA,NA,NA,NA,0,0,0,351,7,141
2020-05-14,Chile,17576779,Arica y Parinacota,226068,NA,NA,NA,NA,4,0,0,363,7,141
2020-05-16,Chile,17576779,Arica y Parinacota,226068,NA,NA,NA,NA,9,0,0,377,7,141
2020-05-18,Chile,17576779,Arica y Parinacota,226068,NA,NA,NA,NA,20,0,0,398,7,141
2020-05-20,Chile,17576779,Arica y Parinacota,226068,NA,NA,NA,NA,2,0,0,424,7,141
2020-05-22,Chile,17576779,Arica y Parinacota,226068,NA,NA,NA,NA,18,0,0,471,7,141
2020-05-24,Chile,17576779,Arica y Parinacota,226068,NA,NA,NA,NA,16,0,0,498,7,141
2020-05-26,Chile,17576779,Arica y Parinacota,226068,NA,NA,NA,NA,9,0,0,522,7,141
2020-05-28,Chile,17576779,Arica y Parinacota,226068,NA,NA,NA,NA,21,0,0,562,7,141
2020-05-30,Chile,17576779,Arica y Parinacota,226068,NA,NA,NA,NA,6,0,0,588,7,141
2020-06-01,Chile,17576779,Arica y Parinacota,226068,NA,NA,NA,NA,17,1,0,636,8,141
2020-06-03,Chile,17576779,Arica y Parinacota,226068,NA,NA,NA,NA,47,0,0,701,8,141
2020-06-05,Chile,17576779,Arica y Parinacota,226068,NA,NA,NA,NA,46,1,0,782,9,141
2020-06-07,Chile,17576779,Arica y Parinacota,226068,NA,NA,NA,NA,31,1,0,850,10,141
2020-06-09,Chile,17576779,Arica y Parinacota,226068,NA,NA,NA,NA,40,0,0,914,8,141
2020-06-11,Chile,17576779,Arica y Parinacota,226068,NA,NA,NA,NA,37,0,0,967,10,141
2020-06-13,Chile,17576779,Arica y Parinacota,226068,NA,NA,NA,NA,51,0,0,1062,10,141
2020-06-15,Chile,17576779,Arica y Parinacota,226068,NA,NA,NA,NA,30,0,0,1139,11,141
2020-06-17,Chile,17576779,Arica y Parinacota,226068,NA,NA,NA,NA,62,0,0,1218,11,141
2020-06-19,Chile,17576779,Arica y Parinacota,226068,NA,NA,NA,NA,56,0,0,1295,12,141
2020-06-21,Chile,17576779,Arica y Parinacota,226068,NA,NA,NA,NA,46,0,864,1371,12,1005
2020-06-23,Chile,17576779,Arica y Parinacota,226068,NA,NA,NA,NA,23,0,39,1443,12,1072
2020-06-25,Chile,17576779,Arica y Parinacota,226068,NA,NA,NA,NA,38,1,49,1511,16,1151
2020-06-27,Chile,17576779,Arica y Parinacota,226068,NA,NA,NA,NA,62,1,31,1611,20,1210
2020-06-29,Chile,17576779,Arica y Parinacota,226068,NA,NA,NA,NA,36,0,42,1685,20,1300
2020-07-01,Chile,17576779,Arica y Parinacota,226068,NA,NA,NA,NA,63,0,36,1776,20,1378
2020-07-03,Chile,17576779,Arica y Parinacota,226068,NA,NA,NA,NA,57,1,38,1889,22,1448
2020-07-05,Chile,17576779,Arica y Parinacota,226068,NA,NA,NA,NA,57,0,32,2006,22,1529
2020-07-07,Chile,17576779,Arica y Parinacota,226068,NA,NA,NA,NA,32,0,50,2119,22,1621
2020-07-09,Chile,17576779,Arica y Parinacota,226068,NA,NA,NA,NA,94,0,0,2273,24,1621
2020-07-11,Chile,17576779,Arica y Parinacota,226068,NA,NA,NA,NA,73,0,179,2395,26,1800
2020-07-13,Chile,17576779,Arica y Parinacota,226068,NA,NA,NA,NA,95,0,58,2562,28,1919
2020-07-15,Chile,17576779,Arica y Parinacota,226068,NA,NA,NA,NA,97,3,59,2735,31,2023
2020-07-17,Chile,17576779,Arica y Parinacota,226068,NA,NA,NA,NA,96,2,0,2936,34,2343
2020-07-19,Chile,17576779,Arica y Parinacota,226068,NA,NA,NA,NA,44,1,0,3056,36,2343
2020-07-21,Chile,17576779,Arica y Parinacota,226068,NA,NA,NA,NA,103,0,0,3291,40,2343
2020-07-23,Chile,17576779,Arica y Parinacota,226068,NA,NA,NA,NA,132,1,0,3482,41,2343
2020-07-25,Chile,17576779,Arica y Parinacota,226068,NA,NA,NA,NA,100,3,0,3727,46,2343
2020-07-27,Chile,17576779,Arica y Parinacota,226068,NA,NA,NA,NA,77,4,0,3939,51,2343
2020-07-29,Chile,17576779,Arica y Parinacota,226068,NA,NA,NA,NA,99,0,815,4159,51,3158
2020-07-31,Chile,17576779,Arica y Parinacota,226068,NA,NA,NA,NA,86,2,101,4343,58,3369
2020-08-02,Chile,17576779,Arica y Parinacota,226068,NA,NA,NA,NA,75,3,110,4525,63,3604
2020-08-04,Chile,17576779,Arica y Parinacota,226068,NA,NA,NA,NA,0,0,0,4584,68,3685
2020-08-06,Chile,17576779,Arica y Parinacota,226068,NA,NA,NA,NA,98,5,133,4825,73,4061
2020-08-08,Chile,17576779,Arica y Parinacota,226068,NA,NA,NA,NA,77,2,85,4988,76,4236
2020-08-10,Chile,17576779,Arica y Parinacota,226068,NA,NA,NA,NA,103,1,75,5241,78,4392
2020-08-12,Chile,17576779,Arica y Parinacota,226068,NA,NA,NA,NA,117,0,94,5451,78,4612
2020-08-14,Chile,17576779,Arica y Parinacota,226068,NA,NA,NA,NA,83,1,88,5595,81,4753
2020-02-25,Chile,17576779,Atacama,288944,NA,NA,NA,NA,NA,NA,NA,0,0,0
2020-02-27,Chile,17576779,Atacama,288944,NA,NA,NA,NA,0,0,0,0,0,0
2020-02-29,Chile,17576779,Atacama,288944,NA,NA,NA,NA,0,0,0,0,0,0
2020-03-02,Chile,17576779,Atacama,288944,NA,NA,NA,NA,0,0,0,0,0,0
2020-03-04,Chile,17576779,Atacama,288944,NA,NA,NA,NA,0,0,0,0,0,0
2020-03-06,Chile,17576779,Atacama,288944,NA,NA,NA,NA,0,0,0,0,0,0
2020-03-08,Chile,17576779,Atacama,288944,NA,NA,NA,NA,0,0,0,0,0,0
2020-03-10,Chile,17576779,Atacama,288944,NA,NA,NA,NA,0,0,0,0,0,0
2020-03-12,Chile,17576779,Atacama,288944,NA,NA,NA,NA,0,0,0,0,0,0
2020-03-14,Chile,17576779,Atacama,288944,NA,NA,NA,NA,1,0,0,1,0,0
2020-03-16,Chile,17576779,Atacama,288944,NA,NA,NA,NA,0,0,0,1,0,0
2020-03-18,Chile,17576779,Atacama,288944,NA,NA,NA,NA,0,0,0,1,0,0
2020-03-20,Chile,17576779,Atacama,288944,NA,NA,NA,NA,0,0,0,1,0,0
2020-03-22,Chile,17576779,Atacama,288944,NA,NA,NA,NA,0,0,0,1,0,0
2020-03-24,Chile,17576779,Atacama,288944,NA,NA,NA,NA,0,0,0,1,0,0
2020-03-26,Chile,17576779,Atacama,288944,NA,NA,NA,NA,0,0,0,1,0,0
2020-03-28,Chile,17576779,Atacama,288944,NA,NA,NA,NA,0,0,0,1,0,0
2020-03-30,Chile,17576779,Atacama,288944,NA,NA,NA,NA,0,0,0,2,0,0
2020-04-01,Chile,17576779,Atacama,288944,NA,NA,NA,NA,1,0,0,3,0,0
2020-04-03,Chile,17576779,Atacama,288944,NA,NA,NA,NA,2,0,0,5,0,0
2020-04-05,Chile,17576779,Atacama,288944,NA,NA,NA,NA,0,0,0,5,0,0
2020-04-07,Chile,17576779,Atacama,288944,NA,NA,NA,NA,1,0,0,6,0,0
2020-04-09,Chile,17576779,Atacama,288944,NA,NA,NA,NA,2,0,0,10,0,0
2020-04-11,Chile,17576779,Atacama,288944,NA,NA,NA,NA,0,0,0,13,0,0
2020-04-13,Chile,17576779,Atacama,288944,NA,NA,NA,NA,0,0,0,13,0,0
2020-04-15,Chile,17576779,Atacama,288944,NA,NA,NA,NA,0,0,0,13,0,0
2020-04-17,Chile,17576779,Atacama,288944,NA,NA,NA,NA,0,0,0,13,0,0
2020-04-19,Chile,17576779,Atacama,288944,NA,NA,NA,NA,0,0,0,13,0,0
2020-04-21,Chile,17576779,Atacama,288944,NA,NA,NA,NA,0,0,0,13,0,0
2020-04-23,Chile,17576779,Atacama,288944,NA,NA,NA,NA,5,0,0,18,0,0
2020-04-25,Chile,17576779,Atacama,288944,NA,NA,NA,NA,3,0,0,24,0,0
2020-04-27,Chile,17576779,Atacama,288944,NA,NA,NA,NA,6,0,0,35,0,0
2020-04-29,Chile,17576779,Atacama,288944,NA,NA,NA,NA,7,0,0,42,0,0
2020-05-01,Chile,17576779,Atacama,288944,NA,NA,NA,NA,0,0,0,43,0,13
2020-05-03,Chile,17576779,Atacama,288944,NA,NA,NA,NA,8,0,0,67,0,13
2020-05-05,Chile,17576779,Atacama,288944,NA,NA,NA,NA,8,0,0,78,0,13
2020-05-07,Chile,17576779,Atacama,288944,NA,NA,NA,NA,7,0,0,87,0,13
2020-05-09,Chile,17576779,Atacama,288944,NA,NA,NA,NA,29,0,0,117,0,13
2020-05-11,Chile,17576779,Atacama,288944,NA,NA,NA,NA,9,0,0,133,0,13
2020-05-13,Chile,17576779,Atacama,288944,NA,NA,NA,NA,5,0,0,139,0,13
2020-05-15,Chile,17576779,Atacama,288944,NA,NA,NA,NA,3,0,0,143,0,13
2020-05-17,Chile,17576779,Atacama,288944,NA,NA,NA,NA,3,0,0,149,0,13
2020-05-19,Chile,17576779,Atacama,288944,NA,NA,NA,NA,1,0,0,158,0,13
2020-05-21,Chile,17576779,Atacama,288944,NA,NA,NA,NA,5,0,0,168,0,13
2020-05-23,Chile,17576779,Atacama,288944,NA,NA,NA,NA,7,0,0,182,0,13
2020-05-25,Chile,17576779,Atacama,288944,NA,NA,NA,NA,3,0,0,185,0,13
2020-05-27,Chile,17576779,Atacama,288944,NA,NA,NA,NA,9,0,0,197,0,13
2020-05-29,Chile,17576779,Atacama,288944,NA,NA,NA,NA,5,0,0,207,0,13
2020-05-31,Chile,17576779,Atacama,288944,NA,NA,NA,NA,3,0,0,218,0,13
2020-06-02,Chile,17576779,Atacama,288944,NA,NA,NA,NA,4,0,0,236,0,13
2020-06-04,Chile,17576779,Atacama,288944,NA,NA,NA,NA,16,0,0,258,0,13
2020-06-06,Chile,17576779,Atacama,288944,NA,NA,NA,NA,12,0,0,281,0,13
2020-06-08,Chile,17576779,Atacama,288944,NA,NA,NA,NA,33,0,0,339,0,13
2020-06-10,Chile,17576779,Atacama,288944,NA,NA,NA,NA,17,0,0,365,0,13
2020-06-12,Chile,17576779,Atacama,288944,NA,NA,NA,NA,24,0,0,413,0,13
2020-06-14,Chile,17576779,Atacama,288944,NA,NA,NA,NA,12,0,0,448,0,13
2020-06-16,Chile,17576779,Atacama,288944,NA,NA,NA,NA,18,0,0,502,0,13
2020-06-18,Chile,17576779,Atacama,288944,NA,NA,NA,NA,25,0,0,586,0,13
2020-06-20,Chile,17576779,Atacama,288944,NA,NA,NA,NA,27,1,0,650,1,13
2020-06-22,Chile,17576779,Atacama,288944,NA,NA,NA,NA,35,0,21,718,2,470
2020-06-24,Chile,17576779,Atacama,288944,NA,NA,NA,NA,38,0,30,785,2,524
2020-06-26,Chile,17576779,Atacama,288944,NA,NA,NA,NA,50,0,37,887,2,587
2020-06-28,Chile,17576779,Atacama,288944,NA,NA,NA,NA,31,0,32,956,2,661
2020-06-30,Chile,17576779,Atacama,288944,NA,NA,NA,NA,37,0,43,1043,2,734
2020-07-02,Chile,17576779,Atacama,288944,NA,NA,NA,NA,21,0,22,1135,2,792
2020-07-04,Chile,17576779,Atacama,288944,NA,NA,NA,NA,42,2,57,1208,5,883
2020-07-06,Chile,17576779,Atacama,288944,NA,NA,NA,NA,48,0,39,1301,5,969
2020-07-08,Chile,17576779,Atacama,288944,NA,NA,NA,NA,34,2,0,1357,7,1002
2020-07-10,Chile,17576779,Atacama,288944,NA,NA,NA,NA,38,2,0,1467,9,1002
2020-07-12,Chile,17576779,Atacama,288944,NA,NA,NA,NA,54,0,21,1576,9,1157
2020-07-14,Chile,17576779,Atacama,288944,NA,NA,NA,NA,41,0,33,1674,9,1218
2020-07-16,Chile,17576779,Atacama,288944,NA,NA,NA,NA,12,0,28,1734,10,1301
2020-07-18,Chile,17576779,Atacama,288944,NA,NA,NA,NA,81,0,0,1817,9,1301
2020-07-20,Chile,17576779,Atacama,288944,NA,NA,NA,NA,38,0,0,1895,9,1301
2020-07-22,Chile,17576779,Atacama,288944,NA,NA,NA,NA,31,0,0,1989,9,1301
2020-07-24,Chile,17576779,Atacama,288944,NA,NA,NA,NA,61,1,0,2109,10,1301
2020-07-26,Chile,17576779,Atacama,288944,NA,NA,NA,NA,156,2,0,2339,12,1301
2020-07-28,Chile,17576779,Atacama,288944,NA,NA,NA,NA,48,0,0,2401,12,1301
2020-07-30,Chile,17576779,Atacama,288944,NA,NA,NA,NA,117,0,42,2580,12,1914
2020-08-01,Chile,17576779,Atacama,288944,NA,NA,NA,NA,95,0,80,2792,12,2052
2020-08-03,Chile,17576779,Atacama,288944,NA,NA,NA,NA,133,0,66,3024,13,2190
2020-08-05,Chile,17576779,Atacama,288944,NA,NA,NA,NA,201,1,191,3225,14,2381
2020-08-07,Chile,17576779,Atacama,288944,NA,NA,NA,NA,128,3,108,3413,19,2569
2020-08-09,Chile,17576779,Atacama,288944,NA,NA,NA,NA,13,0,56,3564,19,2734
2020-08-11,Chile,17576779,Atacama,288944,NA,NA,NA,NA,130,0,119,3998,21,2960
2020-08-13,Chile,17576779,Atacama,288944,NA,NA,NA,NA,87,2,118,4195,23,3193
2020-08-15,Chile,17576779,Atacama,288944,NA,NA,NA,NA,135,2,111,4447,26,3422
2020-02-26,Chile,17576779,Aysen,103158,NA,NA,NA,NA,NA,NA,NA,0,0,0
2020-02-28,Chile,17576779,Aysen,103158,NA,NA,NA,NA,0,0,0,0,0,0
2020-03-01,Chile,17576779,Aysen,103158,NA,NA,NA,NA,0,0,0,0,0,0
2020-03-03,Chile,17576779,Aysen,103158,NA,NA,NA,NA,0,0,0,0,0,0
2020-03-05,Chile,17576779,Aysen,103158,NA,NA,NA,NA,0,0,0,0,0,0
2020-03-07,Chile,17576779,Aysen,103158,NA,NA,NA,NA,0,0,0,0,0,0
2020-03-09,Chile,17576779,Aysen,103158,NA,NA,NA,NA,0,0,0,0,0,0
2020-03-11,Chile,17576779,Aysen,103158,NA,NA,NA,NA,0,0,0,0,0,0
2020-03-13,Chile,17576779,Aysen,103158,NA,NA,NA,NA,0,0,0,0,0,0
2020-03-15,Chile,17576779,Aysen,103158,NA,NA,NA,NA,0,0,0,1,0,0
2020-03-17,Chile,17576779,Aysen,103158,NA,NA,NA,NA,0,0,0,1,0,0
2020-03-19,Chile,17576779,Aysen,103158,NA,NA,NA,NA,0,0,0,1,0,0
2020-03-21,Chile,17576779,Aysen,103158,NA,NA,NA,NA,0,0,0,1,0,0
2020-03-23,Chile,17576779,Aysen,103158,NA,NA,NA,NA,0,0,0,1,0,0
2020-03-25,Chile,17576779,Aysen,103158,NA,NA,NA,NA,0,0,0,1,0,0
2020-03-27,Chile,17576779,Aysen,103158,NA,NA,NA,NA,0,0,0,2,0,0
2020-03-29,Chile,17576779,Aysen,103158,NA,NA,NA,NA,0,0,0,2,0,0
2020-03-31,Chile,17576779,Aysen,103158,NA,NA,NA,NA,0,0,0,2,0,0
2020-04-02,Chile,17576779,Aysen,103158,NA,NA,NA,NA,2,0,0,5,0,0
2020-04-04,Chile,17576779,Aysen,103158,NA,NA,NA,NA,0,0,0,6,0,0
2020-04-06,Chile,17576779,Aysen,103158,NA,NA,NA,NA,0,0,0,7,0,0
2020-04-08,Chile,17576779,Aysen,103158,NA,NA,NA,NA,0,0,0,7,0,0
2020-04-10,Chile,17576779,Aysen,103158,NA,NA,NA,NA,0,0,0,7,0,0
2020-04-12,Chile,17576779,Aysen,103158,NA,NA,NA,NA,0,0,0,7,0,0
2020-04-14,Chile,17576779,Aysen,103158,NA,NA,NA,NA,0,0,0,7,0,0
2020-04-16,Chile,17576779,Aysen,103158,NA,NA,NA,NA,0,0,0,7,0,0
2020-04-18,Chile,17576779,Aysen,103158,NA,NA,NA,NA,0,0,0,7,0,0
2020-04-20,Chile,17576779,Aysen,103158,NA,NA,NA,NA,0,0,0,7,0,0
2020-04-22,Chile,17576779,Aysen,103158,NA,NA,NA,NA,0,0,0,7,0,0
2020-04-24,Chile,17576779,Aysen,103158,NA,NA,NA,NA,0,0,0,7,0,0
2020-04-26,Chile,17576779,Aysen,103158,NA,NA,NA,NA,0,0,0,7,0,0
2020-04-28,Chile,17576779,Aysen,103158,NA,NA,NA,NA,0,0,0,7,0,0
2020-04-30,Chile,17576779,Aysen,103158,NA,NA,NA,NA,0,0,7,7,0,7
2020-05-02,Chile,17576779,Aysen,103158,NA,NA,NA,NA,0,0,0,7,0,7
2020-05-04,Chile,17576779,Aysen,103158,NA,NA,NA,NA,0,0,0,7,0,7
2020-05-06,Chile,17576779,Aysen,103158,NA,NA,NA,NA,0,0,0,7,0,7
2020-05-08,Chile,17576779,Aysen,103158,NA,NA,NA,NA,0,0,0,8,0,7
2020-05-10,Chile,17576779,Aysen,103158,NA,NA,NA,NA,0,0,0,8,0,7
2020-05-12,Chile,17576779,Aysen,103158,NA,NA,NA,NA,0,0,0,8,0,7
2020-05-14,Chile,17576779,Aysen,103158,NA,NA,NA,NA,0,0,0,8,0,7
2020-05-16,Chile,17576779,Aysen,103158,NA,NA,NA,NA,0,0,0,8,0,7
2020-05-18,Chile,17576779,Aysen,103158,NA,NA,NA,NA,0,0,0,8,0,7
2020-05-20,Chile,17576779,Aysen,103158,NA,NA,NA,NA,0,0,0,8,0,7
2020-05-22,Chile,17576779,Aysen,103158,NA,NA,NA,NA,0,0,0,8,0,7
2020-05-24,Chile,17576779,Aysen,103158,NA,NA,NA,NA,0,0,0,8,0,7
2020-05-26,Chile,17576779,Aysen,103158,NA,NA,NA,NA,2,0,0,12,0,7
2020-05-28,Chile,17576779,Aysen,103158,NA,NA,NA,NA,2,0,0,14,0,7
2020-05-30,Chile,17576779,Aysen,103158,NA,NA,NA,NA,0,0,0,16,0,7
2020-06-01,Chile,17576779,Aysen,103158,NA,NA,NA,NA,0,0,0,17,0,7
2020-06-03,Chile,17576779,Aysen,103158,NA,NA,NA,NA,0,0,0,18,0,7
2020-06-05,Chile,17576779,Aysen,103158,NA,NA,NA,NA,0,0,0,19,0,7
2020-06-07,Chile,17576779,Aysen,103158,NA,NA,NA,NA,1,0,0,20,0,7
2020-06-09,Chile,17576779,Aysen,103158,NA,NA,NA,NA,0,0,0,21,0,7
2020-06-11,Chile,17576779,Aysen,103158,NA,NA,NA,NA,1,0,0,22,0,7
2020-06-13,Chile,17576779,Aysen,103158,NA,NA,NA,NA,2,0,0,24,0,7
2020-06-15,Chile,17576779,Aysen,103158,NA,NA,NA,NA,2,0,0,26,0,7
2020-06-17,Chile,17576779,Aysen,103158,NA,NA,NA,NA,0,0,0,26,0,7
2020-06-19,Chile,17576779,Aysen,103158,NA,NA,NA,NA,1,0,0,27,0,7
2020-06-21,Chile,17576779,Aysen,103158,NA,NA,NA,NA,0,0,15,28,0,22
2020-06-23,Chile,17576779,Aysen,103158,NA,NA,NA,NA,0,0,1,28,0,23
2020-06-25,Chile,17576779,Aysen,103158,NA,NA,NA,NA,1,0,2,29,0,26
2020-06-27,Chile,17576779,Aysen,103158,NA,NA,NA,NA,5,0,0,35,0,26
2020-06-29,Chile,17576779,Aysen,103158,NA,NA,NA,NA,1,0,1,42,0,28
2020-07-01,Chile,17576779,Aysen,103158,NA,NA,NA,NA,0,0,0,42,0,28
2020-07-03,Chile,17576779,Aysen,103158,NA,NA,NA,NA,0,0,1,46,0,30
2020-07-05,Chile,17576779,Aysen,103158,NA,NA,NA,NA,2,0,3,48,0,35
2020-07-07,Chile,17576779,Aysen,103158,NA,NA,NA,NA,0,0,2,48,0,37
2020-07-09,Chile,17576779,Aysen,103158,NA,NA,NA,NA,0,0,0,49,0,37
2020-07-11,Chile,17576779,Aysen,103158,NA,NA,NA,NA,1,0,7,51,0,44
2020-07-13,Chile,17576779,Aysen,103158,NA,NA,NA,NA,2,0,0,58,0,46
2020-07-15,Chile,17576779,Aysen,103158,NA,NA,NA,NA,2,0,0,60,0,46
2020-07-17,Chile,17576779,Aysen,103158,NA,NA,NA,NA,8,1,0,69,1,46
2020-07-19,Chile,17576779,Aysen,103158,NA,NA,NA,NA,0,0,0,69,1,46
2020-07-21,Chile,17576779,Aysen,103158,NA,NA,NA,NA,0,0,0,69,1,46
2020-07-23,Chile,17576779,Aysen,103158,NA,NA,NA,NA,0,0,0,69,1,46
2020-07-25,Chile,17576779,Aysen,103158,NA,NA,NA,NA,2,0,0,72,1,46
2020-07-27,Chile,17576779,Aysen,103158,NA,NA,NA,NA,3,0,0,75,1,46
2020-07-29,Chile,17576779,Aysen,103158,NA,NA,NA,NA,2,0,23,77,1,69
2020-07-31,Chile,17576779,Aysen,103158,NA,NA,NA,NA,3,0,0,80,1,69
2020-08-02,Chile,17576779,Aysen,103158,NA,NA,NA,NA,3,0,1,83,1,70
2020-08-04,Chile,17576779,Aysen,103158,NA,NA,NA,NA,0,0,0,83,1,70
2020-08-06,Chile,17576779,Aysen,103158,NA,NA,NA,NA,1,0,3,84,1,73
2020-08-08,Chile,17576779,Aysen,103158,NA,NA,NA,NA,0,0,1,86,1,74
2020-08-10,Chile,17576779,Aysen,103158,NA,NA,NA,NA,1,0,0,95,1,76
2020-08-12,Chile,17576779,Aysen,103158,NA,NA,NA,NA,0,0,2,95,1,81
2020-08-14,Chile,17576779,Aysen,103158,NA,NA,NA,NA,0,0,2,95,1,83
2020-02-25,Chile,17576779,Biobio,1556805,NA,NA,NA,NA,NA,NA,NA,0,0,0
2020-02-27,Chile,17576779,Biobio,1556805,NA,NA,NA,NA,0,0,0,0,0,0
2020-02-29,Chile,17576779,Biobio,1556805,NA,NA,NA,NA,0,0,0,0,0,0
2020-03-02,Chile,17576779,Biobio,1556805,NA,NA,NA,NA,0,0,0,0,0,0
2020-03-04,Chile,17576779,Biobio,1556805,NA,NA,NA,NA,0,0,0,0,0,0
2020-03-06,Chile,17576779,Biobio,1556805,NA,NA,NA,NA,0,0,0,0,0,0
2020-03-08,Chile,17576779,Biobio,1556805,NA,NA,NA,NA,0,0,0,0,0,0
2020-03-10,Chile,17576779,Biobio,1556805,NA,NA,NA,NA,0,0,0,1,0,0
2020-03-12,Chile,17576779,Biobio,1556805,NA,NA,NA,NA,0,0,0,1,0,0
2020-03-14,Chile,17576779,Biobio,1556805,NA,NA,NA,NA,0,0,0,3,0,0
2020-03-16,Chile,17576779,Biobio,1556805,NA,NA,NA,NA,1,0,0,4,0,0
2020-03-18,Chile,17576779,Biobio,1556805,NA,NA,NA,NA,3,0,0,7,0,0
2020-03-20,Chile,17576779,Biobio,1556805,NA,NA,NA,NA,5,0,0,19,0,0
2020-03-22,Chile,17576779,Biobio,1556805,NA,NA,NA,NA,5,0,0,35,0,0
2020-03-24,Chile,17576779,Biobio,1556805,NA,NA,NA,NA,27,0,0,73,0,0
2020-03-26,Chile,17576779,Biobio,1556805,NA,NA,NA,NA,14,1,0,109,2,0
2020-03-28,Chile,17576779,Biobio,1556805,NA,NA,NA,NA,16,0,0,151,2,0
2020-03-30,Chile,17576779,Biobio,1556805,NA,NA,NA,NA,16,0,0,201,2,0
2020-04-01,Chile,17576779,Biobio,1556805,NA,NA,NA,NA,24,0,0,240,2,0
2020-04-03,Chile,17576779,Biobio,1556805,NA,NA,NA,NA,27,0,0,302,2,0
2020-04-05,Chile,17576779,Biobio,1556805,NA,NA,NA,NA,18,0,0,365,2,0
2020-04-07,Chile,17576779,Biobio,1556805,NA,NA,NA,NA,27,0,0,410,2,0
2020-04-09,Chile,17576779,Biobio,1556805,NA,NA,NA,NA,21,0,0,460,2,0
2020-04-11,Chile,17576779,Biobio,1556805,NA,NA,NA,NA,16,0,0,490,2,0
2020-04-13,Chile,17576779,Biobio,1556805,NA,NA,NA,NA,12,0,0,512,2,0
2020-04-15,Chile,17576779,Biobio,1556805,NA,NA,NA,NA,14,0,0,542,2,0
2020-04-17,Chile,17576779,Biobio,1556805,NA,NA,NA,NA,19,1,0,578,3,0
2020-04-19,Chile,17576779,Biobio,1556805,NA,NA,NA,NA,10,0,0,616,3,0
2020-04-21,Chile,17576779,Biobio,1556805,NA,NA,NA,NA,10,1,0,636,4,0
2020-04-23,Chile,17576779,Biobio,1556805,NA,NA,NA,NA,17,0,0,675,5,0
2020-04-25,Chile,17576779,Biobio,1556805,NA,NA,NA,NA,13,0,0,696,5,0
2020-04-27,Chile,17576779,Biobio,1556805,NA,NA,NA,NA,3,0,0,706,6,0
2020-04-29,Chile,17576779,Biobio,1556805,NA,NA,NA,NA,10,0,0,719,7,0
2020-05-01,Chile,17576779,Biobio,1556805,NA,NA,NA,NA,2,0,19,729,7,571
2020-05-03,Chile,17576779,Biobio,1556805,NA,NA,NA,NA,8,0,10,759,7,609
2020-05-05,Chile,17576779,Biobio,1556805,NA,NA,NA,NA,12,0,0,774,8,609
2020-05-07,Chile,17576779,Biobio,1556805,NA,NA,NA,NA,25,0,0,814,8,609
2020-05-09,Chile,17576779,Biobio,1556805,NA,NA,NA,NA,40,0,0,882,8,609
2020-05-11,Chile,17576779,Biobio,1556805,NA,NA,NA,NA,33,0,0,932,8,609
2020-05-13,Chile,17576779,Biobio,1556805,NA,NA,NA,NA,33,0,0,975,9,609
2020-05-15,Chile,17576779,Biobio,1556805,NA,NA,NA,NA,41,0,0,1036,9,609
2020-05-17,Chile,17576779,Biobio,1556805,NA,NA,NA,NA,25,0,0,1099,9,609
2020-05-19,Chile,17576779,Biobio,1556805,NA,NA,NA,NA,28,0,0,1172,9,609
2020-05-21,Chile,17576779,Biobio,1556805,NA,NA,NA,NA,39,0,0,1263,9,609
2020-05-23,Chile,17576779,Biobio,1556805,NA,NA,NA,NA,43,0,0,1354,10,609
2020-05-25,Chile,17576779,Biobio,1556805,NA,NA,NA,NA,44,0,0,1458,10,609
2020-05-27,Chile,17576779,Biobio,1556805,NA,NA,NA,NA,63,0,0,1565,10,609
2020-05-29,Chile,17576779,Biobio,1556805,NA,NA,NA,NA,101,1,0,1778,11,609
2020-05-31,Chile,17576779,Biobio,1556805,NA,NA,NA,NA,91,0,0,1979,11,609
2020-06-02,Chile,17576779,Biobio,1556805,NA,NA,NA,NA,12,0,0,2082,11,609
2020-06-04,Chile,17576779,Biobio,1556805,NA,NA,NA,NA,86,2,0,2301,13,609
2020-06-06,Chile,17576779,Biobio,1556805,NA,NA,NA,NA,111,0,0,2490,13,609
2020-06-08,Chile,17576779,Biobio,1556805,NA,NA,NA,NA,56,0,0,2651,11,609
2020-06-10,Chile,17576779,Biobio,1556805,NA,NA,NA,NA,152,0,0,2846,11,609
2020-06-12,Chile,17576779,Biobio,1556805,NA,NA,NA,NA,129,2,0,3103,14,609
2020-06-14,Chile,17576779,Biobio,1556805,NA,NA,NA,NA,132,2,0,3401,18,609
2020-06-16,Chile,17576779,Biobio,1556805,NA,NA,NA,NA,55,0,0,3515,19,609
2020-06-18,Chile,17576779,Biobio,1556805,NA,NA,NA,NA,168,3,0,4183,28,609
2020-06-20,Chile,17576779,Biobio,1556805,NA,NA,NA,NA,257,1,0,4658,32,609
2020-06-22,Chile,17576779,Biobio,1556805,NA,NA,NA,NA,247,1,141,5158,35,3330
2020-06-24,Chile,17576779,Biobio,1556805,NA,NA,NA,NA,136,5,163,5464,40,3636
2020-06-26,Chile,17576779,Biobio,1556805,NA,NA,NA,NA,256,3,161,5958,45,3950
2020-06-28,Chile,17576779,Biobio,1556805,NA,NA,NA,NA,259,4,183,6398,50,4323
2020-06-30,Chile,17576779,Biobio,1556805,NA,NA,NA,NA,102,0,236,6697,50,4738
2020-07-02,Chile,17576779,Biobio,1556805,NA,NA,NA,NA,106,8,219,6951,58,5170
2020-07-04,Chile,17576779,Biobio,1556805,NA,NA,NA,NA,131,2,208,7262,61,5578
2020-07-06,Chile,17576779,Biobio,1556805,NA,NA,NA,NA,155,0,143,7611,64,5955
2020-07-08,Chile,17576779,Biobio,1556805,NA,NA,NA,NA,103,1,0,7816,65,6149
2020-07-10,Chile,17576779,Biobio,1556805,NA,NA,NA,NA,171,1,0,8151,68,6149
2020-07-12,Chile,17576779,Biobio,1556805,NA,NA,NA,NA,164,1,127,8459,73,7033
2020-07-14,Chile,17576779,Biobio,1556805,NA,NA,NA,NA,91,2,142,8680,75,7301
2020-07-16,Chile,17576779,Biobio,1556805,NA,NA,NA,NA,202,2,165,8994,82,7621
2020-07-18,Chile,17576779,Biobio,1556805,NA,NA,NA,NA,150,0,0,9300,95,7621
2020-07-20,Chile,17576779,Biobio,1556805,NA,NA,NA,NA,150,3,0,9591,99,7621
2020-07-22,Chile,17576779,Biobio,1556805,NA,NA,NA,NA,117,2,0,9813,102,7621
2020-07-24,Chile,17576779,Biobio,1556805,NA,NA,NA,NA,183,0,0,10165,103,7621
2020-07-26,Chile,17576779,Biobio,1556805,NA,NA,NA,NA,182,1,0,10553,105,7621
2020-07-28,Chile,17576779,Biobio,1556805,NA,NA,NA,NA,139,1,0,10836,107,7621
2020-07-30,Chile,17576779,Biobio,1556805,NA,NA,NA,NA,155,3,179,11135,114,9589
2020-08-01,Chile,17576779,Biobio,1556805,NA,NA,NA,NA,176,1,153,11493,120,9891
2020-08-03,Chile,17576779,Biobio,1556805,NA,NA,NA,NA,145,4,129,11820,124,10176
2020-08-05,Chile,17576779,Biobio,1556805,NA,NA,NA,NA,272,3,376,12092,127,10552
2020-08-07,Chile,17576779,Biobio,1556805,NA,NA,NA,NA,227,1,172,12498,132,10887
2020-08-09,Chile,17576779,Biobio,1556805,NA,NA,NA,NA,212,4,131,12891,139,11201
2020-08-11,Chile,17576779,Biobio,1556805,NA,NA,NA,NA,153,3,166,13174,143,11497
2020-08-13,Chile,17576779,Biobio,1556805,NA,NA,NA,NA,224,7,140,13484,152,11778
2020-08-15,Chile,17576779,Biobio,1556805,NA,NA,NA,NA,157,2,131,13841,156,12051
2020-02-26,Chile,17576779,Coquimbo,757586,NA,NA,NA,NA,NA,NA,NA,0,0,0
2020-02-28,Chile,17576779,Coquimbo,757586,NA,NA,NA,NA,0,0,0,0,0,0
2020-03-01,Chile,17576779,Coquimbo,757586,NA,NA,NA,NA,0,0,0,0,0,0
2020-03-03,Chile,17576779,Coquimbo,757586,NA,NA,NA,NA,0,0,0,0,0,0
2020-03-05,Chile,17576779,Coquimbo,757586,NA,NA,NA,NA,0,0,0,0,0,0
2020-03-07,Chile,17576779,Coquimbo,757586,NA,NA,NA,NA,0,0,0,0,0,0
2020-03-09,Chile,17576779,Coquimbo,757586,NA,NA,NA,NA,0,0,0,0,0,0
2020-03-11,Chile,17576779,Coquimbo,757586,NA,NA,NA,NA,0,0,0,0,0,0
2020-03-13,Chile,17576779,Coquimbo,757586,NA,NA,NA,NA,0,0,0,0,0,0
2020-03-15,Chile,17576779,Coquimbo,757586,NA,NA,NA,NA,0,0,0,0,0,0
2020-03-17,Chile,17576779,Coquimbo,757586,NA,NA,NA,NA,0,0,0,0,0,0
2020-03-19,Chile,17576779,Coquimbo,757586,NA,NA,NA,NA,2,0,0,2,0,0
2020-03-21,Chile,17576779,Coquimbo,757586,NA,NA,NA,NA,0,0,0,3,0,0
2020-03-23,Chile,17576779,Coquimbo,757586,NA,NA,NA,NA,1,0,0,6,0,0
2020-03-25,Chile,17576779,Coquimbo,757586,NA,NA,NA,NA,1,0,0,12,0,0
2020-03-27,Chile,17576779,Coquimbo,757586,NA,NA,NA,NA,1,0,0,14,0,0
2020-03-29,Chile,17576779,Coquimbo,757586,NA,NA,NA,NA,3,0,0,18,0,0
2020-03-31,Chile,17576779,Coquimbo,757586,NA,NA,NA,NA,1,0,0,28,0,0
2020-04-02,Chile,17576779,Coquimbo,757586,NA,NA,NA,NA,4,0,0,34,0,0
2020-04-04,Chile,17576779,Coquimbo,757586,NA,NA,NA,NA,9,0,0,44,0,0
2020-04-06,Chile,17576779,Coquimbo,757586,NA,NA,NA,NA,1,0,0,51,0,0
2020-04-08,Chile,17576779,Coquimbo,757586,NA,NA,NA,NA,4,0,0,56,0,0
2020-04-10,Chile,17576779,Coquimbo,757586,NA,NA,NA,NA,0,0,0,61,0,0
2020-04-12,Chile,17576779,Coquimbo,757586,NA,NA,NA,NA,2,0,0,66,0,0
2020-04-14,Chile,17576779,Coquimbo,757586,NA,NA,NA,NA,0,0,0,66,0,0
2020-04-16,Chile,17576779,Coquimbo,757586,NA,NA,NA,NA,2,0,0,68,0,0
2020-04-18,Chile,17576779,Coquimbo,757586,NA,NA,NA,NA,0,0,0,68,0,0
2020-04-20,Chile,17576779,Coquimbo,757586,NA,NA,NA,NA,1,0,0,69,0,0
2020-04-22,Chile,17576779,Coquimbo,757586,NA,NA,NA,NA,1,0,0,70,0,0
2020-04-24,Chile,17576779,Coquimbo,757586,NA,NA,NA,NA,2,0,0,72,0,0
2020-04-26,Chile,17576779,Coquimbo,757586,NA,NA,NA,NA,0,0,0,73,0,0
2020-04-28,Chile,17576779,Coquimbo,757586,NA,NA,NA,NA,0,0,0,74,0,0
2020-04-30,Chile,17576779,Coquimbo,757586,NA,NA,NA,NA,0,0,68,76,0,68
2020-05-02,Chile,17576779,Coquimbo,757586,NA,NA,NA,NA,1,0,0,78,0,68
2020-05-04,Chile,17576779,Coquimbo,757586,NA,NA,NA,NA,3,0,0,91,0,68
2020-05-06,Chile,17576779,Coquimbo,757586,NA,NA,NA,NA,0,0,0,97,0,68
2020-05-08,Chile,17576779,Coquimbo,757586,NA,NA,NA,NA,11,0,0,111,0,68
2020-05-10,Chile,17576779,Coquimbo,757586,NA,NA,NA,NA,6,1,0,135,1,68
2020-05-12,Chile,17576779,Coquimbo,757586,NA,NA,NA,NA,8,0,0,148,1,68
2020-05-14,Chile,17576779,Coquimbo,757586,NA,NA,NA,NA,12,0,0,165,1,68
2020-05-16,Chile,17576779,Coquimbo,757586,NA,NA,NA,NA,7,1,0,187,2,68
2020-05-18,Chile,17576779,Coquimbo,757586,NA,NA,NA,NA,18,0,0,212,2,68
2020-05-20,Chile,17576779,Coquimbo,757586,NA,NA,NA,NA,24,0,0,263,2,68
2020-05-22,Chile,17576779,Coquimbo,757586,NA,NA,NA,NA,13,0,0,281,2,68
2020-05-24,Chile,17576779,Coquimbo,757586,NA,NA,NA,NA,29,0,0,323,2,68
2020-05-26,Chile,17576779,Coquimbo,757586,NA,NA,NA,NA,46,0,0,384,2,68
2020-05-28,Chile,17576779,Coquimbo,757586,NA,NA,NA,NA,27,0,0,482,2,68
2020-05-30,Chile,17576779,Coquimbo,757586,NA,NA,NA,NA,60,0,0,597,2,68
2020-06-01,Chile,17576779,Coquimbo,757586,NA,NA,NA,NA,40,0,0,668,2,68
2020-06-03,Chile,17576779,Coquimbo,757586,NA,NA,NA,NA,31,2,0,718,4,68
2020-06-05,Chile,17576779,Coquimbo,757586,NA,NA,NA,NA,60,1,0,832,5,68
2020-06-07,Chile,17576779,Coquimbo,757586,NA,NA,NA,NA,92,0,0,990,5,68
2020-06-09,Chile,17576779,Coquimbo,757586,NA,NA,NA,NA,52,0,0,1175,5,68
2020-06-11,Chile,17576779,Coquimbo,757586,NA,NA,NA,NA,89,1,0,1345,7,68
2020-06-13,Chile,17576779,Coquimbo,757586,NA,NA,NA,NA,74,1,0,1512,8,68
2020-06-15,Chile,17576779,Coquimbo,757586,NA,NA,NA,NA,120,0,0,1676,10,68
2020-06-17,Chile,17576779,Coquimbo,757586,NA,NA,NA,NA,260,2,0,1980,12,68
2020-06-19,Chile,17576779,Coquimbo,757586,NA,NA,NA,NA,119,1,0,2195,16,68
2020-06-21,Chile,17576779,Coquimbo,757586,NA,NA,NA,NA,86,1,1593,2359,17,1661
2020-06-23,Chile,17576779,Coquimbo,757586,NA,NA,NA,NA,57,0,74,2485,17,1794
2020-06-25,Chile,17576779,Coquimbo,757586,NA,NA,NA,NA,98,4,88,2637,22,1979
2020-06-27,Chile,17576779,Coquimbo,757586,NA,NA,NA,NA,76,0,72,2781,23,2094
2020-06-29,Chile,17576779,Coquimbo,757586,NA,NA,NA,NA,104,0,80,2961,23,2246
2020-07-01,Chile,17576779,Coquimbo,757586,NA,NA,NA,NA,69,0,100,3119,23,2428
2020-07-03,Chile,17576779,Coquimbo,757586,NA,NA,NA,NA,54,0,67,3224,24,2570
2020-07-05,Chile,17576779,Coquimbo,757586,NA,NA,NA,NA,101,0,82,3434,26,2739
2020-07-07,Chile,17576779,Coquimbo,757586,NA,NA,NA,NA,76,0,94,3621,26,2881
2020-07-09,Chile,17576779,Coquimbo,757586,NA,NA,NA,NA,91,2,0,3779,29,2881
2020-07-11,Chile,17576779,Coquimbo,757586,NA,NA,NA,NA,108,2,358,4026,31,3239
2020-07-13,Chile,17576779,Coquimbo,757586,NA,NA,NA,NA,63,0,59,4166,33,3370
2020-07-15,Chile,17576779,Coquimbo,757586,NA,NA,NA,NA,98,9,64,4277,42,3492
2020-07-17,Chile,17576779,Coquimbo,757586,NA,NA,NA,NA,125,7,0,4486,49,3608
2020-07-19,Chile,17576779,Coquimbo,757586,NA,NA,NA,NA,158,1,0,4792,53,3608
2020-07-21,Chile,17576779,Coquimbo,757586,NA,NA,NA,NA,70,0,0,4988,54,3608
2020-07-23,Chile,17576779,Coquimbo,757586,NA,NA,NA,NA,147,5,0,5208,59,3608
2020-07-25,Chile,17576779,Coquimbo,757586,NA,NA,NA,NA,162,2,0,5522,62,3608
2020-07-27,Chile,17576779,Coquimbo,757586,NA,NA,NA,NA,126,1,0,5811,63,3608
2020-07-29,Chile,17576779,Coquimbo,757586,NA,NA,NA,NA,143,0,1381,6056,63,4989
2020-07-31,Chile,17576779,Coquimbo,757586,NA,NA,NA,NA,173,3,103,6333,69,5217
2020-08-02,Chile,17576779,Coquimbo,757586,NA,NA,NA,NA,128,0,102,6551,74,5433
2020-08-04,Chile,17576779,Coquimbo,757586,NA,NA,NA,NA,0,0,0,6633,75,5524
2020-08-06,Chile,17576779,Coquimbo,757586,NA,NA,NA,NA,130,4,99,6951,80,5898
2020-08-08,Chile,17576779,Coquimbo,757586,NA,NA,NA,NA,95,2,125,7167,83,6148
2020-08-10,Chile,17576779,Coquimbo,757586,NA,NA,NA,NA,135,2,76,7447,86,6361
2020-08-12,Chile,17576779,Coquimbo,757586,NA,NA,NA,NA,82,0,104,7631,89,6629
2020-08-14,Chile,17576779,Coquimbo,757586,NA,NA,NA,NA,111,1,114,7888,94,6857
2020-02-25,Chile,17576779,Los Lagos,828708,NA,NA,NA,NA,NA,NA,NA,0,0,0
2020-02-27,Chile,17576779,Los Lagos,828708,NA,NA,NA,NA,0,0,0,0,0,0
2020-02-29,Chile,17576779,Los Lagos,828708,NA,NA,NA,NA,0,0,0,0,0,0
2020-03-02,Chile,17576779,Los Lagos,828708,NA,NA,NA,NA,0,0,0,0,0,0
2020-03-04,Chile,17576779,Los Lagos,828708,NA,NA,NA,NA,0,0,0,0,0,0
2020-03-06,Chile,17576779,Los Lagos,828708,NA,NA,NA,NA,0,0,0,0,0,0
2020-03-08,Chile,17576779,Los Lagos,828708,NA,NA,NA,NA,0,0,0,1,0,0
2020-03-10,Chile,17576779,Los Lagos,828708,NA,NA,NA,NA,0,0,0,1,0,0
2020-03-12,Chile,17576779,Los Lagos,828708,NA,NA,NA,NA,0,0,0,1,0,0
2020-03-14,Chile,17576779,Los Lagos,828708,NA,NA,NA,NA,0,0,0,1,0,0
2020-03-16,Chile,17576779,Los Lagos,828708,NA,NA,NA,NA,0,0,0,1,0,0
2020-03-18,Chile,17576779,Los Lagos,828708,NA,NA,NA,NA,7,0,0,8,0,0
2020-03-20,Chile,17576779,Los Lagos,828708,NA,NA,NA,NA,2,0,0,18,0,0
2020-03-22,Chile,17576779,Los Lagos,828708,NA,NA,NA,NA,3,0,0,23,0,0
2020-03-24,Chile,17576779,Los Lagos,828708,NA,NA,NA,NA,3,0,0,36,0,0
2020-03-26,Chile,17576779,Los Lagos,828708,NA,NA,NA,NA,16,0,0,60,0,0
2020-03-28,Chile,17576779,Los Lagos,828708,NA,NA,NA,NA,30,0,0,93,0,0
2020-03-30,Chile,17576779,Los Lagos,828708,NA,NA,NA,NA,24,0,0,128,0,0
2020-04-01,Chile,17576779,Los Lagos,828708,NA,NA,NA,NA,30,0,0,181,0,0
2020-04-03,Chile,17576779,Los Lagos,828708,NA,NA,NA,NA,31,0,0,234,0,0
2020-04-05,Chile,17576779,Los Lagos,828708,NA,NA,NA,NA,17,1,0,276,1,0
2020-04-07,Chile,17576779,Los Lagos,828708,NA,NA,NA,NA,13,0,0,299,2,0
2020-04-09,Chile,17576779,Los Lagos,828708,NA,NA,NA,NA,15,0,0,340,2,0
2020-04-11,Chile,17576779,Los Lagos,828708,NA,NA,NA,NA,15,3,0,364,5,0
2020-04-13,Chile,17576779,Los Lagos,828708,NA,NA,NA,NA,8,0,0,380,5,0
2020-04-15,Chile,17576779,Los Lagos,828708,NA,NA,NA,NA,5,0,0,390,5,0
2020-04-17,Chile,17576779,Los Lagos,828708,NA,NA,NA,NA,13,1,0,412,6,0
2020-04-19,Chile,17576779,Los Lagos,828708,NA,NA,NA,NA,5,0,0,421,6,0
2020-04-21,Chile,17576779,Los Lagos,828708,NA,NA,NA,NA,8,0,0,432,6,0
2020-04-23,Chile,17576779,Los Lagos,828708,NA,NA,NA,NA,9,1,0,454,7,0
2020-04-25,Chile,17576779,Los Lagos,828708,NA,NA,NA,NA,5,0,0,465,8,0
2020-04-27,Chile,17576779,Los Lagos,828708,NA,NA,NA,NA,4,0,0,477,8,0
2020-04-29,Chile,17576779,Los Lagos,828708,NA,NA,NA,NA,4,0,0,481,9,0
2020-05-01,Chile,17576779,Los Lagos,828708,NA,NA,NA,NA,14,0,13,501,10,402
2020-05-03,Chile,17576779,Los Lagos,828708,NA,NA,NA,NA,4,0,5,517,10,411
2020-05-05,Chile,17576779,Los Lagos,828708,NA,NA,NA,NA,1,0,0,525,10,411
2020-05-07,Chile,17576779,Los Lagos,828708,NA,NA,NA,NA,4,0,0,545,10,411
2020-05-09,Chile,17576779,Los Lagos,828708,NA,NA,NA,NA,11,0,0,559,10,411
2020-05-11,Chile,17576779,Los Lagos,828708,NA,NA,NA,NA,17,0,0,592,10,411
2020-05-13,Chile,17576779,Los Lagos,828708,NA,NA,NA,NA,34,0,0,628,11,411
2020-05-15,Chile,17576779,Los Lagos,828708,NA,NA,NA,NA,8,0,0,641,11,411
2020-05-17,Chile,17576779,Los Lagos,828708,NA,NA,NA,NA,3,0,0,647,11,411
2020-05-19,Chile,17576779,Los Lagos,828708,NA,NA,NA,NA,4,1,0,656,12,411
2020-05-21,Chile,17576779,Los Lagos,828708,NA,NA,NA,NA,27,1,0,693,13,411
2020-05-23,Chile,17576779,Los Lagos,828708,NA,NA,NA,NA,10,0,0,727,13,411
2020-05-25,Chile,17576779,Los Lagos,828708,NA,NA,NA,NA,27,0,0,763,13,411
2020-05-27,Chile,17576779,Los Lagos,828708,NA,NA,NA,NA,10,0,0,791,13,411
2020-05-29,Chile,17576779,Los Lagos,828708,NA,NA,NA,NA,8,0,0,822,13,411
2020-05-31,Chile,17576779,Los Lagos,828708,NA,NA,NA,NA,3,0,0,863,13,411
2020-06-02,Chile,17576779,Los Lagos,828708,NA,NA,NA,NA,31,0,0,894,13,411
2020-06-04,Chile,17576779,Los Lagos,828708,NA,NA,NA,NA,13,0,0,926,13,411
2020-06-06,Chile,17576779,Los Lagos,828708,NA,NA,NA,NA,17,0,0,985,13,411
2020-06-08,Chile,17576779,Los Lagos,828708,NA,NA,NA,NA,7,0,0,1010,12,411
2020-06-10,Chile,17576779,Los Lagos,828708,NA,NA,NA,NA,13,0,0,1041,12,411
2020-06-12,Chile,17576779,Los Lagos,828708,NA,NA,NA,NA,21,0,0,1083,12,411
2020-06-14,Chile,17576779,Los Lagos,828708,NA,NA,NA,NA,33,0,0,1141,13,411
2020-06-16,Chile,17576779,Los Lagos,828708,NA,NA,NA,NA,10,0,0,1178,13,411
2020-06-18,Chile,17576779,Los Lagos,828708,NA,NA,NA,NA,14,0,0,1263,14,411
2020-06-20,Chile,17576779,Los Lagos,828708,NA,NA,NA,NA,37,1,0,1335,15,411
2020-06-22,Chile,17576779,Los Lagos,828708,NA,NA,NA,NA,52,0,22,1437,17,1129
2020-06-24,Chile,17576779,Los Lagos,828708,NA,NA,NA,NA,17,1,15,1483,18,1179
2020-06-26,Chile,17576779,Los Lagos,828708,NA,NA,NA,NA,36,1,35,1541,20,1242
2020-06-28,Chile,17576779,Los Lagos,828708,NA,NA,NA,NA,36,1,24,1609,21,1293
2020-06-30,Chile,17576779,Los Lagos,828708,NA,NA,NA,NA,14,0,29,1656,21,1349
2020-07-02,Chile,17576779,Los Lagos,828708,NA,NA,NA,NA,50,0,43,1734,21,1427
2020-07-04,Chile,17576779,Los Lagos,828708,NA,NA,NA,NA,50,0,31,1856,21,1505
2020-07-06,Chile,17576779,Los Lagos,828708,NA,NA,NA,NA,26,0,29,1956,21,1557
2020-07-08,Chile,17576779,Los Lagos,828708,NA,NA,NA,NA,69,0,0,2047,21,1591
2020-07-10,Chile,17576779,Los Lagos,828708,NA,NA,NA,NA,47,0,0,2146,22,1591
2020-07-12,Chile,17576779,Los Lagos,828708,NA,NA,NA,NA,64,1,46,2286,23,1786
2020-07-14,Chile,17576779,Los Lagos,828708,NA,NA,NA,NA,71,0,38,2402,23,1871
2020-07-16,Chile,17576779,Los Lagos,828708,NA,NA,NA,NA,108,1,105,2564,25,2028
2020-07-18,Chile,17576779,Los Lagos,828708,NA,NA,NA,NA,33,2,0,2662,32,2028
2020-07-20,Chile,17576779,Los Lagos,828708,NA,NA,NA,NA,24,0,0,2785,32,2028
2020-07-22,Chile,17576779,Los Lagos,828708,NA,NA,NA,NA,73,0,0,2933,32,2028
2020-07-24,Chile,17576779,Los Lagos,828708,NA,NA,NA,NA,121,0,0,3129,33,2028
2020-07-26,Chile,17576779,Los Lagos,828708,NA,NA,NA,NA,141,1,0,3402,34,2028
2020-07-28,Chile,17576779,Los Lagos,828708,NA,NA,NA,NA,111,0,0,3635,34,2028
2020-07-30,Chile,17576779,Los Lagos,828708,NA,NA,NA,NA,83,2,75,3785,36,2919
2020-08-01,Chile,17576779,Los Lagos,828708,NA,NA,NA,NA,140,2,69,4047,41,3042
2020-08-03,Chile,17576779,Los Lagos,828708,NA,NA,NA,NA,62,0,75,4241,42,3216
2020-08-05,Chile,17576779,Los Lagos,828708,NA,NA,NA,NA,215,1,174,4456,43,3390
2020-08-07,Chile,17576779,Los Lagos,828708,NA,NA,NA,NA,138,2,166,4690,51,3642
2020-08-09,Chile,17576779,Los Lagos,828708,NA,NA,NA,NA,128,2,90,4932,54,3839
2020-08-11,Chile,17576779,Los Lagos,828708,NA,NA,NA,NA,49,0,124,5053,54,4027
2020-08-13,Chile,17576779,Los Lagos,828708,NA,NA,NA,NA,75,0,90,5224,54,4240
2020-08-15,Chile,17576779,Los Lagos,828708,NA,NA,NA,NA,92,0,136,5418,56,4502
2020-02-26,Chile,17576779,Los Rios,384837,NA,NA,NA,NA,NA,NA,NA,0,0,0
2020-02-28,Chile,17576779,Los Rios,384837,NA,NA,NA,NA,0,0,0,0,0,0
2020-03-01,Chile,17576779,Los Rios,384837,NA,NA,NA,NA,0,0,0,0,0,0
2020-03-03,Chile,17576779,Los Rios,384837,NA,NA,NA,NA,0,0,0,0,0,0
2020-03-05,Chile,17576779,Los Rios,384837,NA,NA,NA,NA,0,0,0,0,0,0
2020-03-07,Chile,17576779,Los Rios,384837,NA,NA,NA,NA,0,0,0,0,0,0
2020-03-09,Chile,17576779,Los Rios,384837,NA,NA,NA,NA,0,0,0,0,0,0
2020-03-11,Chile,17576779,Los Rios,384837,NA,NA,NA,NA,0,0,0,0,0,0
2020-03-13,Chile,17576779,Los Rios,384837,NA,NA,NA,NA,0,0,0,0,0,0
2020-03-15,Chile,17576779,Los Rios,384837,NA,NA,NA,NA,0,0,0,0,0,0
2020-03-17,Chile,17576779,Los Rios,384837,NA,NA,NA,NA,0,0,0,1,0,0
2020-03-19,Chile,17576779,Los Rios,384837,NA,NA,NA,NA,0,0,0,1,0,0
2020-03-21,Chile,17576779,Los Rios,384837,NA,NA,NA,NA,0,0,0,1,0,0
2020-03-23,Chile,17576779,Los Rios,384837,NA,NA,NA,NA,3,0,0,4,0,0
2020-03-25,Chile,17576779,Los Rios,384837,NA,NA,NA,NA,5,0,0,11,0,0
2020-03-27,Chile,17576779,Los Rios,384837,NA,NA,NA,NA,8,0,0,22,0,0
2020-03-29,Chile,17576779,Los Rios,384837,NA,NA,NA,NA,13,0,0,40,0,0
2020-03-31,Chile,17576779,Los Rios,384837,NA,NA,NA,NA,11,0,0,58,0,0
2020-04-02,Chile,17576779,Los Rios,384837,NA,NA,NA,NA,4,0,0,68,1,0
2020-04-04,Chile,17576779,Los Rios,384837,NA,NA,NA,NA,11,0,0,89,1,0
2020-04-06,Chile,17576779,Los Rios,384837,NA,NA,NA,NA,5,0,0,104,1,0
2020-04-08,Chile,17576779,Los Rios,384837,NA,NA,NA,NA,5,0,0,114,2,0
2020-04-10,Chile,17576779,Los Rios,384837,NA,NA,NA,NA,6,0,0,124,2,0
2020-04-12,Chile,17576779,Los Rios,384837,NA,NA,NA,NA,5,1,0,135,3,0
2020-04-14,Chile,17576779,Los Rios,384837,NA,NA,NA,NA,10,0,0,148,3,0
2020-04-16,Chile,17576779,Los Rios,384837,NA,NA,NA,NA,3,0,0,153,3,0
2020-04-18,Chile,17576779,Los Rios,384837,NA,NA,NA,NA,2,0,0,156,3,0
2020-04-20,Chile,17576779,Los Rios,384837,NA,NA,NA,NA,5,0,0,162,3,0
2020-04-22,Chile,17576779,Los Rios,384837,NA,NA,NA,NA,4,0,0,171,3,0
2020-04-24,Chile,17576779,Los Rios,384837,NA,NA,NA,NA,1,0,0,174,3,0
2020-04-26,Chile,17576779,Los Rios,384837,NA,NA,NA,NA,1,0,0,178,3,0
2020-04-28,Chile,17576779,Los Rios,384837,NA,NA,NA,NA,0,1,0,180,4,0
2020-04-30,Chile,17576779,Los Rios,384837,NA,NA,NA,NA,7,0,149,189,4,149
2020-05-02,Chile,17576779,Los Rios,384837,NA,NA,NA,NA,7,0,2,196,4,152
2020-05-04,Chile,17576779,Los Rios,384837,NA,NA,NA,NA,1,0,0,199,4,153
2020-05-06,Chile,17576779,Los Rios,384837,NA,NA,NA,NA,1,0,0,200,4,153
2020-05-08,Chile,17576779,Los Rios,384837,NA,NA,NA,NA,1,0,0,203,4,153
2020-05-10,Chile,17576779,Los Rios,384837,NA,NA,NA,NA,0,0,0,206,5,153
2020-05-12,Chile,17576779,Los Rios,384837,NA,NA,NA,NA,3,0,0,211,5,153
2020-05-14,Chile,17576779,Los Rios,384837,NA,NA,NA,NA,2,0,0,214,6,153
2020-05-16,Chile,17576779,Los Rios,384837,NA,NA,NA,NA,0,0,0,219,6,153
2020-05-18,Chile,17576779,Los Rios,384837,NA,NA,NA,NA,4,0,0,224,6,153
2020-05-20,Chile,17576779,Los Rios,384837,NA,NA,NA,NA,18,0,0,247,6,153
2020-05-22,Chile,17576779,Los Rios,384837,NA,NA,NA,NA,4,0,0,262,6,153
2020-05-24,Chile,17576779,Los Rios,384837,NA,NA,NA,NA,16,0,0,290,6,153
2020-05-26,Chile,17576779,Los Rios,384837,NA,NA,NA,NA,7,0,0,304,6,153
2020-05-28,Chile,17576779,Los Rios,384837,NA,NA,NA,NA,9,0,0,318,6,153
2020-05-30,Chile,17576779,Los Rios,384837,NA,NA,NA,NA,15,0,0,345,6,153
2020-06-01,Chile,17576779,Los Rios,384837,NA,NA,NA,NA,7,1,0,363,7,153
2020-06-03,Chile,17576779,Los Rios,384837,NA,NA,NA,NA,4,1,0,372,8,153
2020-06-05,Chile,17576779,Los Rios,384837,NA,NA,NA,NA,11,0,0,390,8,153
2020-06-07,Chile,17576779,Los Rios,384837,NA,NA,NA,NA,17,0,0,417,8,153
2020-06-09,Chile,17576779,Los Rios,384837,NA,NA,NA,NA,21,0,0,446,8,153
2020-06-11,Chile,17576779,Los Rios,384837,NA,NA,NA,NA,10,0,0,462,8,153
2020-06-13,Chile,17576779,Los Rios,384837,NA,NA,NA,NA,8,0,0,487,9,153
2020-06-15,Chile,17576779,Los Rios,384837,NA,NA,NA,NA,32,0,0,529,9,153
2020-06-17,Chile,17576779,Los Rios,384837,NA,NA,NA,NA,22,1,0,555,10,153
2020-06-19,Chile,17576779,Los Rios,384837,NA,NA,NA,NA,12,0,0,579,10,153
2020-06-21,Chile,17576779,Los Rios,384837,NA,NA,NA,NA,21,0,322,610,10,475
2020-06-23,Chile,17576779,Los Rios,384837,NA,NA,NA,NA,4,0,16,625,10,498
2020-06-25,Chile,17576779,Los Rios,384837,NA,NA,NA,NA,12,0,19,641,10,526
2020-06-27,Chile,17576779,Los Rios,384837,NA,NA,NA,NA,7,0,18,659,10,565
2020-06-29,Chile,17576779,Los Rios,384837,NA,NA,NA,NA,11,0,10,689,10,584
2020-07-01,Chile,17576779,Los Rios,384837,NA,NA,NA,NA,5,0,12,706,10,605
2020-07-03,Chile,17576779,Los Rios,384837,NA,NA,NA,NA,5,0,4,713,10,617
2020-07-05,Chile,17576779,Los Rios,384837,NA,NA,NA,NA,4,0,12,724,10,644
2020-07-07,Chile,17576779,Los Rios,384837,NA,NA,NA,NA,4,0,9,735,10,658
2020-07-09,Chile,17576779,Los Rios,384837,NA,NA,NA,NA,13,0,0,753,11,658
2020-07-11,Chile,17576779,Los Rios,384837,NA,NA,NA,NA,7,0,35,765,11,693
2020-07-13,Chile,17576779,Los Rios,384837,NA,NA,NA,NA,3,0,7,769,11,708
2020-07-15,Chile,17576779,Los Rios,384837,NA,NA,NA,NA,4,0,1,781,11,717
2020-07-17,Chile,17576779,Los Rios,384837,NA,NA,NA,NA,24,2,0,820,13,716
2020-07-19,Chile,17576779,Los Rios,384837,NA,NA,NA,NA,8,0,0,833,13,716
2020-07-21,Chile,17576779,Los Rios,384837,NA,NA,NA,NA,4,0,0,847,13,716
2020-07-23,Chile,17576779,Los Rios,384837,NA,NA,NA,NA,7,0,0,855,13,716
2020-07-25,Chile,17576779,Los Rios,384837,NA,NA,NA,NA,8,0,0,867,13,716
2020-07-27,Chile,17576779,Los Rios,384837,NA,NA,NA,NA,7,0,0,882,13,716
2020-07-29,Chile,17576779,Los Rios,384837,NA,NA,NA,NA,4,0,107,891,13,823
2020-07-31,Chile,17576779,Los Rios,384837,NA,NA,NA,NA,6,1,0,904,14,827
2020-08-02,Chile,17576779,Los Rios,384837,NA,NA,NA,NA,6,0,4,911,14,841
2020-08-04,Chile,17576779,Los Rios,384837,NA,NA,NA,NA,0,0,0,919,14,847
2020-08-06,Chile,17576779,Los Rios,384837,NA,NA,NA,NA,5,0,5,933,14,859
2020-08-08,Chile,17576779,Los Rios,384837,NA,NA,NA,NA,14,0,14,951,15,881
2020-08-10,Chile,17576779,Los Rios,384837,NA,NA,NA,NA,13,0,3,968,15,886
2020-08-12,Chile,17576779,Los Rios,384837,NA,NA,NA,NA,6,0,11,987,15,902
2020-08-14,Chile,17576779,Los Rios,384837,NA,NA,NA,NA,6,0,5,1002,15,910
2020-02-25,Chile,17576779,Magallanes,166533,NA,NA,NA,NA,NA,NA,NA,0,0,0
2020-02-27,Chile,17576779,Magallanes,166533,NA,NA,NA,NA,0,0,0,0,0,0
2020-02-29,Chile,17576779,Magallanes,166533,NA,NA,NA,NA,0,0,0,0,0,0
2020-03-02,Chile,17576779,Magallanes,166533,NA,NA,NA,NA,0,0,0,0,0,0
2020-03-04,Chile,17576779,Magallanes,166533,NA,NA,NA,NA,0,0,0,0,0,0
2020-03-06,Chile,17576779,Magallanes,166533,NA,NA,NA,NA,0,0,0,0,0,0
2020-03-08,Chile,17576779,Magallanes,166533,NA,NA,NA,NA,0,0,0,0,0,0
2020-03-10,Chile,17576779,Magallanes,166533,NA,NA,NA,NA,0,0,0,0,0,0
2020-03-12,Chile,17576779,Magallanes,166533,NA,NA,NA,NA,0,0,0,0,0,0
2020-03-14,Chile,17576779,Magallanes,166533,NA,NA,NA,NA,0,0,0,0,0,0
2020-03-16,Chile,17576779,Magallanes,166533,NA,NA,NA,NA,0,0,0,0,0,0
2020-03-18,Chile,17576779,Magallanes,166533,NA,NA,NA,NA,0,0,0,2,0,0
2020-03-20,Chile,17576779,Magallanes,166533,NA,NA,NA,NA,0,0,0,2,0,0
2020-03-22,Chile,17576779,Magallanes,166533,NA,NA,NA,NA,1,0,0,4,0,0
2020-03-24,Chile,17576779,Magallanes,166533,NA,NA,NA,NA,2,0,0,8,0,0
2020-03-26,Chile,17576779,Magallanes,166533,NA,NA,NA,NA,6,0,0,19,0,0
2020-03-28,Chile,17576779,Magallanes,166533,NA,NA,NA,NA,4,0,0,26,0,0
2020-03-30,Chile,17576779,Magallanes,166533,NA,NA,NA,NA,0,0,0,39,0,0
2020-04-01,Chile,17576779,Magallanes,166533,NA,NA,NA,NA,36,0,0,99,0,0
2020-04-03,Chile,17576779,Magallanes,166533,NA,NA,NA,NA,42,1,0,156,1,0
2020-04-05,Chile,17576779,Magallanes,166533,NA,NA,NA,NA,18,0,0,190,2,0
2020-04-07,Chile,17576779,Magallanes,166533,NA,NA,NA,NA,19,0,0,240,2,0
2020-04-09,Chile,17576779,Magallanes,166533,NA,NA,NA,NA,20,0,0,286,3,0
2020-04-11,Chile,17576779,Magallanes,166533,NA,NA,NA,NA,46,0,0,377,3,0
2020-04-13,Chile,17576779,Magallanes,166533,NA,NA,NA,NA,19,1,0,415,5,0
2020-04-15,Chile,17576779,Magallanes,166533,NA,NA,NA,NA,15,0,0,444,6,0
2020-04-17,Chile,17576779,Magallanes,166533,NA,NA,NA,NA,34,0,0,501,6,0
2020-04-19,Chile,17576779,Magallanes,166533,NA,NA,NA,NA,31,0,0,553,6,0
2020-04-21,Chile,17576779,Magallanes,166533,NA,NA,NA,NA,27,1,0,593,7,0
2020-04-23,Chile,17576779,Magallanes,166533,NA,NA,NA,NA,10,0,0,615,7,0
2020-04-25,Chile,17576779,Magallanes,166533,NA,NA,NA,NA,31,0,0,655,8,0
2020-04-27,Chile,17576779,Magallanes,166533,NA,NA,NA,NA,3,1,0,671,10,0
2020-04-29,Chile,17576779,Magallanes,166533,NA,NA,NA,NA,21,1,0,714,11,0
2020-05-01,Chile,17576779,Magallanes,166533,NA,NA,NA,NA,1,0,34,726,11,490
2020-05-03,Chile,17576779,Magallanes,166533,NA,NA,NA,NA,25,0,31,777,11,542
2020-05-05,Chile,17576779,Magallanes,166533,NA,NA,NA,NA,14,0,0,809,11,542
2020-05-07,Chile,17576779,Magallanes,166533,NA,NA,NA,NA,18,0,0,836,11,542
2020-05-09,Chile,17576779,Magallanes,166533,NA,NA,NA,NA,14,0,0,881,11,542
2020-05-11,Chile,17576779,Magallanes,166533,NA,NA,NA,NA,8,1,0,901,14,542
2020-05-13,Chile,17576779,Magallanes,166533,NA,NA,NA,NA,11,2,0,921,16,542
2020-05-15,Chile,17576779,Magallanes,166533,NA,NA,NA,NA,2,0,0,937,16,542
2020-05-17,Chile,17576779,Magallanes,166533,NA,NA,NA,NA,9,0,0,961,16,542
2020-05-19,Chile,17576779,Magallanes,166533,NA,NA,NA,NA,1,1,0,972,17,542
2020-05-21,Chile,17576779,Magallanes,166533,NA,NA,NA,NA,10,0,0,987,18,542
2020-05-23,Chile,17576779,Magallanes,166533,NA,NA,NA,NA,5,0,0,997,18,542
2020-05-25,Chile,17576779,Magallanes,166533,NA,NA,NA,NA,6,0,0,1016,18,542
2020-05-27,Chile,17576779,Magallanes,166533,NA,NA,NA,NA,6,0,0,1037,18,542
2020-05-29,Chile,17576779,Magallanes,166533,NA,NA,NA,NA,7,1,0,1047,19,542
2020-05-31,Chile,17576779,Magallanes,166533,NA,NA,NA,NA,2,0,0,1056,19,542
2020-06-02,Chile,17576779,Magallanes,166533,NA,NA,NA,NA,3,0,0,1060,19,542
2020-06-04,Chile,17576779,Magallanes,166533,NA,NA,NA,NA,6,0,0,1069,19,542
2020-06-06,Chile,17576779,Magallanes,166533,NA,NA,NA,NA,9,0,0,1081,19,542
2020-06-08,Chile,17576779,Magallanes,166533,NA,NA,NA,NA,6,0,0,1088,15,542
2020-06-10,Chile,17576779,Magallanes,166533,NA,NA,NA,NA,1,0,0,1089,15,542
2020-06-12,Chile,17576779,Magallanes,166533,NA,NA,NA,NA,5,0,0,1107,15,542
2020-06-14,Chile,17576779,Magallanes,166533,NA,NA,NA,NA,30,0,0,1153,15,542
2020-06-16,Chile,17576779,Magallanes,166533,NA,NA,NA,NA,25,0,0,1210,15,542
2020-06-18,Chile,17576779,Magallanes,166533,NA,NA,NA,NA,9,0,0,1293,15,542
2020-06-20,Chile,17576779,Magallanes,166533,NA,NA,NA,NA,13,0,0,1315,15,542
2020-06-22,Chile,17576779,Magallanes,166533,NA,NA,NA,NA,17,0,5,1352,15,1167
2020-06-24,Chile,17576779,Magallanes,166533,NA,NA,NA,NA,0,0,7,1363,15,1183
2020-06-26,Chile,17576779,Magallanes,166533,NA,NA,NA,NA,12,0,19,1397,15,1210
2020-06-28,Chile,17576779,Magallanes,166533,NA,NA,NA,NA,12,0,32,1435,15,1285
2020-06-30,Chile,17576779,Magallanes,166533,NA,NA,NA,NA,12,0,4,1452,15,1297
2020-07-02,Chile,17576779,Magallanes,166533,NA,NA,NA,NA,4,0,18,1465,15,1328
2020-07-04,Chile,17576779,Magallanes,166533,NA,NA,NA,NA,3,0,15,1479,15,1357
2020-07-06,Chile,17576779,Magallanes,166533,NA,NA,NA,NA,15,0,5,1501,15,1378
2020-07-08,Chile,17576779,Magallanes,166533,NA,NA,NA,NA,3,2,0,1507,17,1398
2020-07-10,Chile,17576779,Magallanes,166533,NA,NA,NA,NA,13,0,0,1533,17,1398
2020-07-12,Chile,17576779,Magallanes,166533,NA,NA,NA,NA,10,0,11,1555,17,1450
2020-07-14,Chile,17576779,Magallanes,166533,NA,NA,NA,NA,15,0,7,1578,17,1460
2020-07-16,Chile,17576779,Magallanes,166533,NA,NA,NA,NA,2,0,1,1589,18,1469
2020-07-18,Chile,17576779,Magallanes,166533,NA,NA,NA,NA,8,0,0,1600,28,1469
2020-07-20,Chile,17576779,Magallanes,166533,NA,NA,NA,NA,3,0,0,1609,28,1469
2020-07-22,Chile,17576779,Magallanes,166533,NA,NA,NA,NA,8,0,0,1620,28,1469
2020-07-24,Chile,17576779,Magallanes,166533,NA,NA,NA,NA,4,0,0,1631,28,1469
2020-07-26,Chile,17576779,Magallanes,166533,NA,NA,NA,NA,9,0,0,1643,28,1469
2020-07-28,Chile,17576779,Magallanes,166533,NA,NA,NA,NA,26,0,0,1683,28,1469
2020-07-30,Chile,17576779,Magallanes,166533,NA,NA,NA,NA,56,0,29,1743,28,1598
2020-08-01,Chile,17576779,Magallanes,166533,NA,NA,NA,NA,20,0,9,1782,28,1616
2020-08-03,Chile,17576779,Magallanes,166533,NA,NA,NA,NA,23,1,5,1829,29,1627
2020-08-05,Chile,17576779,Magallanes,166533,NA,NA,NA,NA,62,0,36,1891,29,1663
2020-08-07,Chile,17576779,Magallanes,166533,NA,NA,NA,NA,8,1,12,1942,30,1684
2020-08-09,Chile,17576779,Magallanes,166533,NA,NA,NA,NA,26,0,31,2018,30,1733
2020-08-11,Chile,17576779,Magallanes,166533,NA,NA,NA,NA,36,0,19,2109,30,1770
2020-08-13,Chile,17576779,Magallanes,166533,NA,NA,NA,NA,18,0,27,2146,30,1814
2020-08-15,Chile,17576779,Magallanes,166533,NA,NA,NA,NA,54,0,25,2250,30,1864
2020-02-26,Chile,17576779,Maule,1044950,NA,NA,NA,NA,NA,NA,NA,0,0,0
2020-02-28,Chile,17576779,Maule,1044950,NA,NA,NA,NA,0,0,0,0,0,0
2020-03-01,Chile,17576779,Maule,1044950,NA,NA,NA,NA,0,0,0,0,0,0
2020-03-03,Chile,17576779,Maule,1044950,NA,NA,NA,NA,0,0,0,0,0,0
2020-03-05,Chile,17576779,Maule,1044950,NA,NA,NA,NA,0,0,0,0,0,0
2020-03-07,Chile,17576779,Maule,1044950,NA,NA,NA,NA,0,0,0,2,0,0
2020-03-09,Chile,17576779,Maule,1044950,NA,NA,NA,NA,1,0,0,4,0,0
2020-03-11,Chile,17576779,Maule,1044950,NA,NA,NA,NA,1,0,0,6,0,0
2020-03-13,Chile,17576779,Maule,1044950,NA,NA,NA,NA,1,0,0,8,0,0
2020-03-15,Chile,17576779,Maule,1044950,NA,NA,NA,NA,0,0,0,9,0,0
2020-03-17,Chile,17576779,Maule,1044950,NA,NA,NA,NA,0,0,0,9,0,0
2020-03-19,Chile,17576779,Maule,1044950,NA,NA,NA,NA,3,0,0,14,0,0
2020-03-21,Chile,17576779,Maule,1044950,NA,NA,NA,NA,1,0,0,15,0,0
2020-03-23,Chile,17576779,Maule,1044950,NA,NA,NA,NA,3,0,0,28,0,0
2020-03-25,Chile,17576779,Maule,1044950,NA,NA,NA,NA,1,0,0,30,0,0
2020-03-27,Chile,17576779,Maule,1044950,NA,NA,NA,NA,1,0,0,32,0,0
2020-03-29,Chile,17576779,Maule,1044950,NA,NA,NA,NA,5,0,0,42,0,0
2020-03-31,Chile,17576779,Maule,1044950,NA,NA,NA,NA,8,0,0,62,1,0
2020-04-02,Chile,17576779,Maule,1044950,NA,NA,NA,NA,11,0,0,82,1,0
2020-04-04,Chile,17576779,Maule,1044950,NA,NA,NA,NA,8,0,0,97,1,0
2020-04-06,Chile,17576779,Maule,1044950,NA,NA,NA,NA,5,0,0,108,1,0
2020-04-08,Chile,17576779,Maule,1044950,NA,NA,NA,NA,11,0,0,119,2,0
2020-04-10,Chile,17576779,Maule,1044950,NA,NA,NA,NA,3,0,0,131,2,0
2020-04-12,Chile,17576779,Maule,1044950,NA,NA,NA,NA,4,0,0,138,3,0
2020-04-14,Chile,17576779,Maule,1044950,NA,NA,NA,NA,1,1,0,142,4,0
2020-04-16,Chile,17576779,Maule,1044950,NA,NA,NA,NA,15,0,0,167,4,0
2020-04-18,Chile,17576779,Maule,1044950,NA,NA,NA,NA,53,1,0,276,8,0
2020-04-20,Chile,17576779,Maule,1044950,NA,NA,NA,NA,2,2,0,304,10,0
2020-04-22,Chile,17576779,Maule,1044950,NA,NA,NA,NA,12,0,0,328,10,0
2020-04-24,Chile,17576779,Maule,1044950,NA,NA,NA,NA,16,0,0,349,10,0
2020-04-26,Chile,17576779,Maule,1044950,NA,NA,NA,NA,4,1,0,354,11,0
2020-04-28,Chile,17576779,Maule,1044950,NA,NA,NA,NA,21,0,0,384,12,0
2020-04-30,Chile,17576779,Maule,1044950,NA,NA,NA,NA,1,0,154,393,13,154
2020-05-02,Chile,17576779,Maule,1044950,NA,NA,NA,NA,2,0,53,396,13,263
2020-05-04,Chile,17576779,Maule,1044950,NA,NA,NA,NA,2,0,0,399,13,289
2020-05-06,Chile,17576779,Maule,1044950,NA,NA,NA,NA,0,0,0,408,13,289
2020-05-08,Chile,17576779,Maule,1044950,NA,NA,NA,NA,11,0,0,425,13,289
2020-05-10,Chile,17576779,Maule,1044950,NA,NA,NA,NA,9,0,0,441,14,289
2020-05-12,Chile,17576779,Maule,1044950,NA,NA,NA,NA,12,0,0,466,14,289
2020-05-14,Chile,17576779,Maule,1044950,NA,NA,NA,NA,34,0,0,519,14,289
2020-05-16,Chile,17576779,Maule,1044950,NA,NA,NA,NA,11,0,0,551,14,289
2020-05-18,Chile,17576779,Maule,1044950,NA,NA,NA,NA,29,0,0,602,14,289
2020-05-20,Chile,17576779,Maule,1044950,NA,NA,NA,NA,40,0,0,680,14,289
2020-05-22,Chile,17576779,Maule,1044950,NA,NA,NA,NA,51,0,0,782,15,289
2020-05-24,Chile,17576779,Maule,1044950,NA,NA,NA,NA,69,0,0,892,15,289
2020-05-26,Chile,17576779,Maule,1044950,NA,NA,NA,NA,60,0,0,1013,15,289
2020-05-28,Chile,17576779,Maule,1044950,NA,NA,NA,NA,54,0,0,1120,15,289
2020-05-30,Chile,17576779,Maule,1044950,NA,NA,NA,NA,76,0,0,1256,15,289
2020-06-01,Chile,17576779,Maule,1044950,NA,NA,NA,NA,44,2,0,1341,17,289
2020-06-03,Chile,17576779,Maule,1044950,NA,NA,NA,NA,214,2,0,1595,19,289
2020-06-05,Chile,17576779,Maule,1044950,NA,NA,NA,NA,102,3,0,1834,24,289
2020-06-07,Chile,17576779,Maule,1044950,NA,NA,NA,NA,140,0,0,2109,24,289
2020-06-09,Chile,17576779,Maule,1044950,NA,NA,NA,NA,113,0,0,2289,18,289
2020-06-11,Chile,17576779,Maule,1044950,NA,NA,NA,NA,120,1,0,2560,19,289
2020-06-13,Chile,17576779,Maule,1044950,NA,NA,NA,NA,153,1,0,2844,20,289
2020-06-15,Chile,17576779,Maule,1044950,NA,NA,NA,NA,94,0,0,3091,23,289
2020-06-17,Chile,17576779,Maule,1044950,NA,NA,NA,NA,197,1,0,3386,24,289
2020-06-19,Chile,17576779,Maule,1044950,NA,NA,NA,NA,215,2,0,3807,27,289
2020-06-21,Chile,17576779,Maule,1044950,NA,NA,NA,NA,252,1,2616,4210,33,2905
2020-06-23,Chile,17576779,Maule,1044950,NA,NA,NA,NA,149,0,187,4504,33,3222
2020-06-25,Chile,17576779,Maule,1044950,NA,NA,NA,NA,175,0,165,4832,36,3524
2020-06-27,Chile,17576779,Maule,1044950,NA,NA,NA,NA,169,2,133,5182,41,3771
2020-06-29,Chile,17576779,Maule,1044950,NA,NA,NA,NA,141,0,131,5463,48,4028
2020-07-01,Chile,17576779,Maule,1044950,NA,NA,NA,NA,168,0,180,5717,48,4385
2020-07-03,Chile,17576779,Maule,1044950,NA,NA,NA,NA,154,6,155,5974,59,4681
2020-07-05,Chile,17576779,Maule,1044950,NA,NA,NA,NA,121,5,152,6265,70,4990
2020-07-07,Chile,17576779,Maule,1044950,NA,NA,NA,NA,117,0,151,6495,73,5251
2020-07-09,Chile,17576779,Maule,1044950,NA,NA,NA,NA,119,3,0,6700,81,5251
2020-07-11,Chile,17576779,Maule,1044950,NA,NA,NA,NA,113,5,513,6946,91,5764
2020-07-13,Chile,17576779,Maule,1044950,NA,NA,NA,NA,103,0,108,7156,94,6008
2020-07-15,Chile,17576779,Maule,1044950,NA,NA,NA,NA,100,2,135,7341,96,6239
2020-07-17,Chile,17576779,Maule,1044950,NA,NA,NA,NA,141,26,0,7603,125,6363
2020-07-19,Chile,17576779,Maule,1044950,NA,NA,NA,NA,134,0,0,7817,127,6363
2020-07-21,Chile,17576779,Maule,1044950,NA,NA,NA,NA,125,0,0,8009,131,6363
2020-07-23,Chile,17576779,Maule,1044950,NA,NA,NA,NA,115,4,0,8200,135,6363
2020-07-25,Chile,17576779,Maule,1044950,NA,NA,NA,NA,140,9,0,8452,145,6363
2020-07-27,Chile,17576779,Maule,1044950,NA,NA,NA,NA,99,6,0,8673,160,6363
2020-07-29,Chile,17576779,Maule,1044950,NA,NA,NA,NA,112,0,1352,8830,164,7715
2020-07-31,Chile,17576779,Maule,1044950,NA,NA,NA,NA,99,2,88,9042,176,7892
2020-08-02,Chile,17576779,Maule,1044950,NA,NA,NA,NA,102,4,99,9205,182,8093
2020-08-04,Chile,17576779,Maule,1044950,NA,NA,NA,NA,0,0,0,9278,193,8182
2020-08-06,Chile,17576779,Maule,1044950,NA,NA,NA,NA,96,2,140,9524,195,8542
2020-08-08,Chile,17576779,Maule,1044950,NA,NA,NA,NA,116,7,88,9755,204,8712
2020-08-10,Chile,17576779,Maule,1044950,NA,NA,NA,NA,67,0,58,9919,203,8866
2020-08-12,Chile,17576779,Maule,1044950,NA,NA,NA,NA,75,0,80,10058,203,9039
2020-08-14,Chile,17576779,Maule,1044950,NA,NA,NA,NA,99,1,84,10194,216,9138
2020-02-25,Chile,17576779,Nuble,480609,NA,NA,NA,NA,NA,NA,NA,0,0,0
2020-02-27,Chile,17576779,Nuble,480609,NA,NA,NA,NA,0,0,0,0,0,0
2020-02-29,Chile,17576779,Nuble,480609,NA,NA,NA,NA,0,0,0,0,0,0
2020-03-02,Chile,17576779,Nuble,480609,NA,NA,NA,NA,0,0,0,0,0,0
2020-03-04,Chile,17576779,Nuble,480609,NA,NA,NA,NA,0,0,0,0,0,0
2020-03-06,Chile,17576779,Nuble,480609,NA,NA,NA,NA,0,0,0,0,0,0
2020-03-08,Chile,17576779,Nuble,480609,NA,NA,NA,NA,0,0,0,0,0,0
2020-03-10,Chile,17576779,Nuble,480609,NA,NA,NA,NA,0,0,0,0,0,0
2020-03-12,Chile,17576779,Nuble,480609,NA,NA,NA,NA,1,0,0,1,0,0
2020-03-14,Chile,17576779,Nuble,480609,NA,NA,NA,NA,2,0,0,4,0,0
2020-03-16,Chile,17576779,Nuble,480609,NA,NA,NA,NA,8,0,0,12,0,0
2020-03-18,Chile,17576779,Nuble,480609,NA,NA,NA,NA,0,0,0,26,0,0
2020-03-20,Chile,17576779,Nuble,480609,NA,NA,NA,NA,16,0,0,44,0,0
2020-03-22,Chile,17576779,Nuble,480609,NA,NA,NA,NA,6,0,0,64,0,0
2020-03-24,Chile,17576779,Nuble,480609,NA,NA,NA,NA,24,0,0,105,0,0
2020-03-26,Chile,17576779,Nuble,480609,NA,NA,NA,NA,3,0,0,114,0,0
2020-03-28,Chile,17576779,Nuble,480609,NA,NA,NA,NA,28,0,0,172,0,0
2020-03-30,Chile,17576779,Nuble,480609,NA,NA,NA,NA,32,0,0,229,0,0
2020-04-01,Chile,17576779,Nuble,480609,NA,NA,NA,NA,14,0,0,259,0,0
2020-04-03,Chile,17576779,Nuble,480609,NA,NA,NA,NA,29,1,0,370,1,0
2020-04-05,Chile,17576779,Nuble,480609,NA,NA,NA,NA,24,1,0,425,3,0
2020-04-07,Chile,17576779,Nuble,480609,NA,NA,NA,NA,48,1,0,522,5,0
2020-04-09,Chile,17576779,Nuble,480609,NA,NA,NA,NA,10,1,0,571,6,0
2020-04-11,Chile,17576779,Nuble,480609,NA,NA,NA,NA,17,0,0,606,6,0
2020-04-13,Chile,17576779,Nuble,480609,NA,NA,NA,NA,5,0,0,618,7,0
2020-04-15,Chile,17576779,Nuble,480609,NA,NA,NA,NA,12,0,0,634,8,0
2020-04-17,Chile,17576779,Nuble,480609,NA,NA,NA,NA,17,1,0,656,11,0
2020-04-19,Chile,17576779,Nuble,480609,NA,NA,NA,NA,11,1,0,678,13,0
2020-04-21,Chile,17576779,Nuble,480609,NA,NA,NA,NA,7,0,0,694,13,0
2020-04-23,Chile,17576779,Nuble,480609,NA,NA,NA,NA,5,0,0,708,13,0
2020-04-25,Chile,17576779,Nuble,480609,NA,NA,NA,NA,10,0,0,725,14,0
2020-04-27,Chile,17576779,Nuble,480609,NA,NA,NA,NA,10,0,0,741,14,0
2020-04-29,Chile,17576779,Nuble,480609,NA,NA,NA,NA,14,0,0,761,14,0
2020-05-01,Chile,17576779,Nuble,480609,NA,NA,NA,NA,0,0,17,768,14,642
2020-05-03,Chile,17576779,Nuble,480609,NA,NA,NA,NA,10,0,11,786,16,662
2020-05-05,Chile,17576779,Nuble,480609,NA,NA,NA,NA,2,0,0,789,17,662
2020-05-07,Chile,17576779,Nuble,480609,NA,NA,NA,NA,2,0,0,793,17,662
2020-05-09,Chile,17576779,Nuble,480609,NA,NA,NA,NA,7,0,0,801,18,662
2020-05-11,Chile,17576779,Nuble,480609,NA,NA,NA,NA,2,0,0,814,18,662
2020-05-13,Chile,17576779,Nuble,480609,NA,NA,NA,NA,13,0,0,839,19,662
2020-05-15,Chile,17576779,Nuble,480609,NA,NA,NA,NA,36,0,0,885,20,662
2020-05-17,Chile,17576779,Nuble,480609,NA,NA,NA,NA,21,0,0,942,20,662
2020-05-19,Chile,17576779,Nuble,480609,NA,NA,NA,NA,3,0,0,988,21,662
2020-05-21,Chile,17576779,Nuble,480609,NA,NA,NA,NA,9,0,0,1020,21,662
2020-05-23,Chile,17576779,Nuble,480609,NA,NA,NA,NA,52,0,0,1077,21,662
2020-05-25,Chile,17576779,Nuble,480609,NA,NA,NA,NA,37,1,0,1139,22,662
2020-05-27,Chile,17576779,Nuble,480609,NA,NA,NA,NA,27,0,0,1174,22,662
2020-05-29,Chile,17576779,Nuble,480609,NA,NA,NA,NA,37,0,0,1242,22,662
2020-05-31,Chile,17576779,Nuble,480609,NA,NA,NA,NA,1,0,0,1257,23,662
2020-06-02,Chile,17576779,Nuble,480609,NA,NA,NA,NA,0,0,0,1290,23,662
2020-06-04,Chile,17576779,Nuble,480609,NA,NA,NA,NA,43,0,0,1372,24,662
2020-06-06,Chile,17576779,Nuble,480609,NA,NA,NA,NA,41,0,0,1470,24,662
2020-06-08,Chile,17576779,Nuble,480609,NA,NA,NA,NA,62,0,0,1552,18,662
2020-06-10,Chile,17576779,Nuble,480609,NA,NA,NA,NA,32,2,0,1616,20,662
2020-06-12,Chile,17576779,Nuble,480609,NA,NA,NA,NA,45,0,0,1718,20,662
2020-06-14,Chile,17576779,Nuble,480609,NA,NA,NA,NA,41,0,0,1778,22,662
2020-06-16,Chile,17576779,Nuble,480609,NA,NA,NA,NA,20,0,0,1852,22,662
2020-06-18,Chile,17576779,Nuble,480609,NA,NA,NA,NA,45,0,0,1974,24,662
2020-06-20,Chile,17576779,Nuble,480609,NA,NA,NA,NA,32,2,0,2135,27,662
2020-06-22,Chile,17576779,Nuble,480609,NA,NA,NA,NA,22,0,44,2181,28,1716
2020-06-24,Chile,17576779,Nuble,480609,NA,NA,NA,NA,24,1,31,2219,29,1790
2020-06-26,Chile,17576779,Nuble,480609,NA,NA,NA,NA,41,1,35,2274,31,1868
2020-06-28,Chile,17576779,Nuble,480609,NA,NA,NA,NA,46,1,44,2363,32,1950
2020-06-30,Chile,17576779,Nuble,480609,NA,NA,NA,NA,13,0,51,2397,32,2035
2020-07-02,Chile,17576779,Nuble,480609,NA,NA,NA,NA,33,1,58,2447,33,2150
2020-07-04,Chile,17576779,Nuble,480609,NA,NA,NA,NA,43,0,34,2533,33,2213
2020-07-06,Chile,17576779,Nuble,480609,NA,NA,NA,NA,40,0,14,2617,33,2259
2020-07-08,Chile,17576779,Nuble,480609,NA,NA,NA,NA,60,2,0,2700,35,2289
2020-07-10,Chile,17576779,Nuble,480609,NA,NA,NA,NA,56,1,0,2838,37,2289
2020-07-12,Chile,17576779,Nuble,480609,NA,NA,NA,NA,56,2,32,2965,40,2449
2020-07-14,Chile,17576779,Nuble,480609,NA,NA,NA,NA,24,0,38,3013,40,2515
2020-07-16,Chile,17576779,Nuble,480609,NA,NA,NA,NA,48,0,0,3080,40,2323
2020-07-18,Chile,17576779,Nuble,480609,NA,NA,NA,NA,98,1,0,3193,53,2323
2020-07-20,Chile,17576779,Nuble,480609,NA,NA,NA,NA,28,1,0,3250,54,2323
2020-07-22,Chile,17576779,Nuble,480609,NA,NA,NA,NA,13,0,0,3286,54,2323
2020-07-24,Chile,17576779,Nuble,480609,NA,NA,NA,NA,26,3,0,3349,59,2323
2020-07-26,Chile,17576779,Nuble,480609,NA,NA,NA,NA,7,0,0,3377,60,2323
2020-07-28,Chile,17576779,Nuble,480609,NA,NA,NA,NA,13,0,0,3449,60,2323
2020-07-30,Chile,17576779,Nuble,480609,NA,NA,NA,NA,25,1,33,3504,61,3178
2020-08-01,Chile,17576779,Nuble,480609,NA,NA,NA,NA,27,0,31,3556,62,3243
2020-08-03,Chile,17576779,Nuble,480609,NA,NA,NA,NA,20,1,20,3603,63,3282
2020-08-05,Chile,17576779,Nuble,480609,NA,NA,NA,NA,41,0,74,3644,63,3356
2020-08-07,Chile,17576779,Nuble,480609,NA,NA,NA,NA,47,3,16,3703,68,3389
2020-08-09,Chile,17576779,Nuble,480609,NA,NA,NA,NA,32,0,27,3784,69,3455
2020-08-11,Chile,17576779,Nuble,480609,NA,NA,NA,NA,20,0,29,3843,69,3500
2020-08-13,Chile,17576779,Nuble,480609,NA,NA,NA,NA,31,1,27,3910,70,3560
2020-08-15,Chile,17576779,Nuble,480609,NA,NA,NA,NA,8,2,20,3950,73,3598
2020-02-26,Chile,17576779,O'Higgins,914555,NA,NA,NA,NA,NA,NA,NA,0,0,0
2020-02-28,Chile,17576779,O'Higgins,914555,NA,NA,NA,NA,0,0,0,0,0,0
2020-03-01,Chile,17576779,O'Higgins,914555,NA,NA,NA,NA,0,0,0,0,0,0
2020-03-03,Chile,17576779,O'Higgins,914555,NA,NA,NA,NA,0,0,0,0,0,0
2020-03-05,Chile,17576779,O'Higgins,914555,NA,NA,NA,NA,0,0,0,0,0,0
2020-03-07,Chile,17576779,O'Higgins,914555,NA,NA,NA,NA,0,0,0,0,0,0
2020-03-09,Chile,17576779,O'Higgins,914555,NA,NA,NA,NA,0,0,0,0,0,0
2020-03-11,Chile,17576779,O'Higgins,914555,NA,NA,NA,NA,0,0,0,0,0,0
2020-03-13,Chile,17576779,O'Higgins,914555,NA,NA,NA,NA,0,0,0,0,0,0
2020-03-15,Chile,17576779,O'Higgins,914555,NA,NA,NA,NA,0,0,0,0,0,0
2020-03-17,Chile,17576779,O'Higgins,914555,NA,NA,NA,NA,0,0,0,0,0,0
2020-03-19,Chile,17576779,O'Higgins,914555,NA,NA,NA,NA,2,0,0,2,0,0
2020-03-21,Chile,17576779,O'Higgins,914555,NA,NA,NA,NA,1,0,0,7,0,0
2020-03-23,Chile,17576779,O'Higgins,914555,NA,NA,NA,NA,0,0,0,8,0,0
2020-03-25,Chile,17576779,O'Higgins,914555,NA,NA,NA,NA,2,0,0,11,0,0
2020-03-27,Chile,17576779,O'Higgins,914555,NA,NA,NA,NA,2,0,0,16,0,0
2020-03-29,Chile,17576779,O'Higgins,914555,NA,NA,NA,NA,1,0,0,21,0,0
2020-03-31,Chile,17576779,O'Higgins,914555,NA,NA,NA,NA,2,0,0,23,0,0
2020-04-02,Chile,17576779,O'Higgins,914555,NA,NA,NA,NA,6,0,0,32,0,0
2020-04-04,Chile,17576779,O'Higgins,914555,NA,NA,NA,NA,5,0,0,38,0,0
2020-04-06,Chile,17576779,O'Higgins,914555,NA,NA,NA,NA,1,0,0,42,0,0
2020-04-08,Chile,17576779,O'Higgins,914555,NA,NA,NA,NA,1,0,0,43,0,0
2020-04-10,Chile,17576779,O'Higgins,914555,NA,NA,NA,NA,0,0,0,44,0,0
2020-04-12,Chile,17576779,O'Higgins,914555,NA,NA,NA,NA,1,0,0,46,0,0
2020-04-14,Chile,17576779,O'Higgins,914555,NA,NA,NA,NA,5,0,0,53,0,0
2020-04-16,Chile,17576779,O'Higgins,914555,NA,NA,NA,NA,0,0,0,54,0,0
2020-04-18,Chile,17576779,O'Higgins,914555,NA,NA,NA,NA,0,0,0,55,0,0
2020-04-20,Chile,17576779,O'Higgins,914555,NA,NA,NA,NA,1,0,0,56,0,0
2020-04-22,Chile,17576779,O'Higgins,914555,NA,NA,NA,NA,2,0,0,59,1,0
2020-04-24,Chile,17576779,O'Higgins,914555,NA,NA,NA,NA,5,0,0,81,1,0
2020-04-26,Chile,17576779,O'Higgins,914555,NA,NA,NA,NA,7,0,0,92,1,0
2020-04-28,Chile,17576779,O'Higgins,914555,NA,NA,NA,NA,3,0,0,97,1,0
2020-04-30,Chile,17576779,O'Higgins,914555,NA,NA,NA,NA,4,0,53,108,1,53
2020-05-02,Chile,17576779,O'Higgins,914555,NA,NA,NA,NA,11,2,0,120,3,52
2020-05-04,Chile,17576779,O'Higgins,914555,NA,NA,NA,NA,6,0,0,131,3,52
2020-05-06,Chile,17576779,O'Higgins,914555,NA,NA,NA,NA,9,0,0,145,3,52
2020-05-08,Chile,17576779,O'Higgins,914555,NA,NA,NA,NA,16,0,0,167,3,52
2020-05-10,Chile,17576779,O'Higgins,914555,NA,NA,NA,NA,13,0,0,195,3,52
2020-05-12,Chile,17576779,O'Higgins,914555,NA,NA,NA,NA,8,0,0,224,4,52
2020-05-14,Chile,17576779,O'Higgins,914555,NA,NA,NA,NA,47,0,0,295,4,52
2020-05-16,Chile,17576779,O'Higgins,914555,NA,NA,NA,NA,6,0,0,329,5,52
2020-05-18,Chile,17576779,O'Higgins,914555,NA,NA,NA,NA,52,1,0,418,6,52
2020-05-20,Chile,17576779,O'Higgins,914555,NA,NA,NA,NA,13,0,0,455,7,52
2020-05-22,Chile,17576779,O'Higgins,914555,NA,NA,NA,NA,27,1,0,492,8,52
2020-05-24,Chile,17576779,O'Higgins,914555,NA,NA,NA,NA,36,0,0,554,11,52
2020-05-26,Chile,17576779,O'Higgins,914555,NA,NA,NA,NA,66,0,0,654,13,52
2020-05-28,Chile,17576779,O'Higgins,914555,NA,NA,NA,NA,14,0,0,705,14,52
2020-05-30,Chile,17576779,O'Higgins,914555,NA,NA,NA,NA,11,2,0,756,16,52
2020-06-01,Chile,17576779,O'Higgins,914555,NA,NA,NA,NA,28,0,0,813,18,52
2020-06-03,Chile,17576779,O'Higgins,914555,NA,NA,NA,NA,88,2,0,931,20,52
2020-06-05,Chile,17576779,O'Higgins,914555,NA,NA,NA,NA,49,1,0,1016,22,52
2020-06-07,Chile,17576779,O'Higgins,914555,NA,NA,NA,NA,72,0,0,1183,25,52
2020-06-09,Chile,17576779,O'Higgins,914555,NA,NA,NA,NA,62,1,0,1317,23,52
2020-06-11,Chile,17576779,O'Higgins,914555,NA,NA,NA,NA,110,2,0,1552,28,52
2020-06-13,Chile,17576779,O'Higgins,914555,NA,NA,NA,NA,159,2,0,1788,32,52
2020-06-15,Chile,17576779,O'Higgins,914555,NA,NA,NA,NA,85,2,0,2012,35,52
2020-06-17,Chile,17576779,O'Higgins,914555,NA,NA,NA,NA,576,6,0,2797,41,52
2020-06-19,Chile,17576779,O'Higgins,914555,NA,NA,NA,NA,294,2,0,3311,46,52
2020-06-21,Chile,17576779,O'Higgins,914555,NA,NA,NA,NA,339,2,2315,3952,52,2367
2020-06-23,Chile,17576779,O'Higgins,914555,NA,NA,NA,NA,175,0,167,4361,52,2660
2020-06-25,Chile,17576779,O'Higgins,914555,NA,NA,NA,NA,258,4,146,4868,63,2915
2020-06-27,Chile,17576779,O'Higgins,914555,NA,NA,NA,NA,186,3,180,5322,68,3257
2020-06-29,Chile,17576779,O'Higgins,914555,NA,NA,NA,NA,238,0,209,5844,69,3669
2020-07-01,Chile,17576779,O'Higgins,914555,NA,NA,NA,NA,164,0,223,6245,69,4149
2020-07-03,Chile,17576779,O'Higgins,914555,NA,NA,NA,NA,180,6,220,6625,83,4610
2020-07-05,Chile,17576779,O'Higgins,914555,NA,NA,NA,NA,209,3,256,7068,92,5110
2020-07-07,Chile,17576779,O'Higgins,914555,NA,NA,NA,NA,213,0,266,7468,92,5605
2020-07-09,Chile,17576779,O'Higgins,914555,NA,NA,NA,NA,194,5,0,7761,109,5605
2020-07-11,Chile,17576779,O'Higgins,914555,NA,NA,NA,NA,141,6,840,8210,119,6445
2020-07-13,Chile,17576779,O'Higgins,914555,NA,NA,NA,NA,149,0,180,8487,123,6800
2020-07-15,Chile,17576779,O'Higgins,914555,NA,NA,NA,NA,116,11,199,8755,134,7169
2020-07-17,Chile,17576779,O'Higgins,914555,NA,NA,NA,NA,176,25,0,9163,164,7453
2020-07-19,Chile,17576779,O'Higgins,914555,NA,NA,NA,NA,117,1,0,9366,173,7453
2020-07-21,Chile,17576779,O'Higgins,914555,NA,NA,NA,NA,87,0,0,9559,183,7453
2020-07-23,Chile,17576779,O'Higgins,914555,NA,NA,NA,NA,129,14,0,9817,197,7453
2020-07-25,Chile,17576779,O'Higgins,914555,NA,NA,NA,NA,104,8,0,10083,209,7453
2020-07-27,Chile,17576779,O'Higgins,914555,NA,NA,NA,NA,95,2,0,10289,220,7453
2020-07-29,Chile,17576779,O'Higgins,914555,NA,NA,NA,NA,87,0,1846,10415,220,9299
2020-07-31,Chile,17576779,O'Higgins,914555,NA,NA,NA,NA,92,8,95,10611,236,9506
2020-08-02,Chile,17576779,O'Higgins,914555,NA,NA,NA,NA,92,6,116,10791,244,9750
2020-08-04,Chile,17576779,O'Higgins,914555,NA,NA,NA,NA,0,0,0,10877,252,9829
2020-08-06,Chile,17576779,O'Higgins,914555,NA,NA,NA,NA,103,8,73,11088,260,10106
2020-08-08,Chile,17576779,O'Higgins,914555,NA,NA,NA,NA,220,2,85,11440,265,10275
2020-08-10,Chile,17576779,O'Higgins,914555,NA,NA,NA,NA,81,10,55,11621,280,10405
2020-08-12,Chile,17576779,O'Higgins,914555,NA,NA,NA,NA,115,0,96,11843,281,10604
2020-08-14,Chile,17576779,O'Higgins,914555,NA,NA,NA,NA,85,5,94,12035,295,10784
2020-02-25,Chile,17576779,Santiago,7112808,NA,NA,NA,NA,NA,NA,NA,0,0,0
2020-02-27,Chile,17576779,Santiago,7112808,NA,NA,NA,NA,0,0,0,0,0,0
2020-02-29,Chile,17576779,Santiago,7112808,NA,NA,NA,NA,0,0,0,0,0,0
2020-03-02,Chile,17576779,Santiago,7112808,NA,NA,NA,NA,0,0,0,0,0,0
2020-03-04,Chile,17576779,Santiago,7112808,NA,NA,NA,NA,0,0,0,0,0,0
2020-03-06,Chile,17576779,Santiago,7112808,NA,NA,NA,NA,3,0,0,3,0,0
2020-03-08,Chile,17576779,Santiago,7112808,NA,NA,NA,NA,2,0,0,6,0,0
2020-03-10,Chile,17576779,Santiago,7112808,NA,NA,NA,NA,3,0,0,10,0,0
2020-03-12,Chile,17576779,Santiago,7112808,NA,NA,NA,NA,10,0,0,23,0,0
2020-03-14,Chile,17576779,Santiago,7112808,NA,NA,NA,NA,11,0,0,40,0,0
2020-03-16,Chile,17576779,Santiago,7112808,NA,NA,NA,NA,69,0,0,123,0,0
2020-03-18,Chile,17576779,Santiago,7112808,NA,NA,NA,NA,22,0,0,174,0,0
2020-03-20,Chile,17576779,Santiago,7112808,NA,NA,NA,NA,57,0,0,304,0,0
2020-03-22,Chile,17576779,Santiago,7112808,NA,NA,NA,NA,50,0,0,409,1,0
2020-03-24,Chile,17576779,Santiago,7112808,NA,NA,NA,NA,81,1,0,540,2,0
2020-03-26,Chile,17576779,Santiago,7112808,NA,NA,NA,NA,64,0,0,746,2,0
2020-03-28,Chile,17576779,Santiago,7112808,NA,NA,NA,NA,146,0,0,1084,3,0
2020-03-30,Chile,17576779,Santiago,7112808,NA,NA,NA,NA,128,0,0,1295,3,0
2020-04-01,Chile,17576779,Santiago,7112808,NA,NA,NA,NA,101,1,0,1521,5,0
2020-04-03,Chile,17576779,Santiago,7112808,NA,NA,NA,NA,106,2,0,1742,8,0
2020-04-05,Chile,17576779,Santiago,7112808,NA,NA,NA,NA,145,1,0,2102,10,0
2020-04-07,Chile,17576779,Santiago,7112808,NA,NA,NA,NA,106,2,0,2350,12,0
2020-04-09,Chile,17576779,Santiago,7112808,NA,NA,NA,NA,284,7,0,2832,21,0
2020-04-11,Chile,17576779,Santiago,7112808,NA,NA,NA,NA,255,3,0,3448,32,0
2020-04-13,Chile,17576779,Santiago,7112808,NA,NA,NA,NA,204,1,0,3803,36,0
2020-04-15,Chile,17576779,Santiago,7112808,NA,NA,NA,NA,248,1,0,4334,41,0
2020-04-17,Chile,17576779,Santiago,7112808,NA,NA,NA,NA,233,3,0,4915,51,0
2020-04-19,Chile,17576779,Santiago,7112808,NA,NA,NA,NA,189,5,0,5381,63,0
2020-04-21,Chile,17576779,Santiago,7112808,NA,NA,NA,NA,145,2,0,5788,69,0
2020-04-23,Chile,17576779,Santiago,7112808,NA,NA,NA,NA,351,7,0,6434,85,0
2020-04-25,Chile,17576779,Santiago,7112808,NA,NA,NA,NA,404,3,0,7165,89,0
2020-04-27,Chile,17576779,Santiago,7112808,NA,NA,NA,NA,362,4,0,7858,95,0
2020-04-29,Chile,17576779,Santiago,7112808,NA,NA,NA,NA,589,4,0,8889,104,0
2020-05-01,Chile,17576779,Santiago,7112808,NA,NA,NA,NA,891,4,229,10516,114,4801
2020-05-03,Chile,17576779,Santiago,7112808,NA,NA,NA,NA,995,13,176,12656,135,5246
2020-05-05,Chile,17576779,Santiago,7112808,NA,NA,NA,NA,1179,3,0,14707,146,5246
2020-05-07,Chile,17576779,Santiago,7112808,NA,NA,NA,NA,1246,2,0,16828,152,5246
2020-05-09,Chile,17576779,Santiago,7112808,NA,NA,NA,NA,978,6,0,18957,163,5246
2020-05-11,Chile,17576779,Santiago,7112808,NA,NA,NA,NA,964,6,0,21317,172,5246
2020-05-13,Chile,17576779,Santiago,7112808,NA,NA,NA,NA,2256,6,0,24965,184,5246
2020-05-15,Chile,17576779,Santiago,7112808,NA,NA,NA,NA,2060,19,0,29276,221,5246
2020-05-17,Chile,17576779,Santiago,7112808,NA,NA,NA,NA,1890,24,0,32684,270,5246
2020-05-19,Chile,17576779,Santiago,7112808,NA,NA,NA,NA,3140,24,0,37591,318,5246
2020-05-21,Chile,17576779,Santiago,7112808,NA,NA,NA,NA,3462,40,0,44641,388,5246
2020-05-23,Chile,17576779,Santiago,7112808,NA,NA,NA,NA,3049,32,0,51399,455,5246
2020-05-25,Chile,17576779,Santiago,7112808,NA,NA,NA,NA,4386,35,0,58930,529,5246
2020-05-27,Chile,17576779,Santiago,7112808,NA,NA,NA,NA,3726,28,0,66011,595,5246
2020-05-29,Chile,17576779,Santiago,7112808,NA,NA,NA,NA,2995,47,0,72910,685,5246
2020-05-31,Chile,17576779,Santiago,7112808,NA,NA,NA,NA,4253,47,0,80504,775,5246
2020-06-02,Chile,17576779,Santiago,7112808,NA,NA,NA,NA,2955,70,0,88194,894,5246
2020-06-04,Chile,17576779,Santiago,7112808,NA,NA,NA,NA,3699,73,0,95890,1034,5246
2020-06-06,Chile,17576779,Santiago,7112808,NA,NA,NA,NA,4128,79,0,103194,1184,5246
2020-06-08,Chile,17576779,Santiago,7112808,NA,NA,NA,NA,3674,677,0,112136,1950,5246
2020-06-10,Chile,17576779,Santiago,7112808,NA,NA,NA,NA,4620,147,0,119746,2115,5246
2020-06-12,Chile,17576779,Santiago,7112808,NA,NA,NA,NA,5559,195,0,129694,2468,5246
2020-06-14,Chile,17576779,Santiago,7112808,NA,NA,NA,NA,5647,197,0,140398,2878,5246
2020-06-16,Chile,17576779,Santiago,7112808,NA,NA,NA,NA,4022,21,0,148302,2934,5246
2020-06-18,Chile,17576779,Santiago,7112808,NA,NA,NA,NA,3021,205,0,183553,3319,5246
2020-06-20,Chile,17576779,Santiago,7112808,NA,NA,NA,NA,3603,170,0,191577,3715,5246
2020-06-22,Chile,17576779,Santiago,7112808,NA,NA,NA,NA,3026,22,3700,198392,3892,169399
2020-06-24,Chile,17576779,Santiago,7112808,NA,NA,NA,NA,2350,170,3315,203211,4065,176414
2020-06-26,Chile,17576779,Santiago,7112808,NA,NA,NA,NA,2616,136,2796,208862,4342,182093
2020-06-28,Chile,17576779,Santiago,7112808,NA,NA,NA,NA,2569,127,2758,214388,4711,188010
2020-06-30,Chile,17576779,Santiago,7112808,NA,NA,NA,NA,2255,112,3355,219151,4889,193998
2020-07-02,Chile,17576779,Santiago,7112808,NA,NA,NA,NA,1353,101,2412,221820,5055,199049
2020-07-04,Chile,17576779,Santiago,7112808,NA,NA,NA,NA,2236,106,2570,226128,5251,204301
2020-07-06,Chile,17576779,Santiago,7112808,NA,NA,NA,NA,1648,73,2181,229856,5401,208564
2020-07-08,Chile,17576779,Santiago,7112808,NA,NA,NA,NA,987,82,0,232158,5533,210879
2020-07-10,Chile,17576779,Santiago,7112808,NA,NA,NA,NA,1525,63,0,235370,5673,210879
2020-07-12,Chile,17576779,Santiago,7112808,NA,NA,NA,NA,1661,68,1552,238360,5814,219884
2020-07-14,Chile,17576779,Santiago,7112808,NA,NA,NA,NA,864,40,1479,240655,5898,222875
2020-07-16,Chile,17576779,Santiago,7112808,NA,NA,NA,NA,1227,70,1781,242572,6027,226198
2020-07-18,Chile,17576779,Santiago,7112808,NA,NA,NA,NA,1088,66,0,245161,6924,226198
2020-07-20,Chile,17576779,Santiago,7112808,NA,NA,NA,NA,963,78,0,246946,7053,226198
2020-07-22,Chile,17576779,Santiago,7112808,NA,NA,NA,NA,730,37,0,248352,7133,226198
2020-07-24,Chile,17576779,Santiago,7112808,NA,NA,NA,NA,1065,49,0,250420,7241,226198
2020-07-26,Chile,17576779,Santiago,7112808,NA,NA,NA,NA,805,50,0,252122,7353,226198
2020-07-28,Chile,17576779,Santiago,7112808,NA,NA,NA,NA,660,44,0,253688,7444,226198
2020-07-30,Chile,17576779,Santiago,7112808,NA,NA,NA,NA,666,38,846,255020,7515,240771
2020-08-01,Chile,17576779,Santiago,7112808,NA,NA,NA,NA,787,45,926,256628,7599,242360
2020-08-03,Chile,17576779,Santiago,7112808,NA,NA,NA,NA,686,51,592,258080,7700,243639
2020-08-05,Chile,17576779,Santiago,7112808,NA,NA,NA,NA,1144,74,1637,259224,7774,245276
2020-08-07,Chile,17576779,Santiago,7112808,NA,NA,NA,NA,735,39,738,260657,7847,246685
2020-08-09,Chile,17576779,Santiago,7112808,NA,NA,NA,NA,695,38,604,262056,7909,248027
2020-08-11,Chile,17576779,Santiago,7112808,NA,NA,NA,NA,448,26,752,263095,7972,249324
2020-08-13,Chile,17576779,Santiago,7112808,NA,NA,NA,NA,655,31,661,264222,8023,250668
2020-08-15,Chile,17576779,Santiago,7112808,NA,NA,NA,NA,526,30,690,265515,8074,252055
2020-02-26,Chile,17576779,Tarapaca,330558,NA,NA,NA,NA,NA,NA,NA,0,0,0
2020-02-28,Chile,17576779,Tarapaca,330558,NA,NA,NA,NA,0,0,0,0,0,0
2020-03-01,Chile,17576779,Tarapaca,330558,NA,NA,NA,NA,0,0,0,0,0,0
2020-03-03,Chile,17576779,Tarapaca,330558,NA,NA,NA,NA,0,0,0,0,0,0
2020-03-05,Chile,17576779,Tarapaca,330558,NA,NA,NA,NA,0,0,0,0,0,0
2020-03-07,Chile,17576779,Tarapaca,330558,NA,NA,NA,NA,0,0,0,0,0,0
2020-03-09,Chile,17576779,Tarapaca,330558,NA,NA,NA,NA,0,0,0,0,0,0
2020-03-11,Chile,17576779,Tarapaca,330558,NA,NA,NA,NA,0,0,0,0,0,0
2020-03-13,Chile,17576779,Tarapaca,330558,NA,NA,NA,NA,0,0,0,0,0,0
2020-03-15,Chile,17576779,Tarapaca,330558,NA,NA,NA,NA,0,0,0,0,0,0
2020-03-17,Chile,17576779,Tarapaca,330558,NA,NA,NA,NA,0,0,0,0,0,0
2020-03-19,Chile,17576779,Tarapaca,330558,NA,NA,NA,NA,0,0,0,0,0,0
2020-03-21,Chile,17576779,Tarapaca,330558,NA,NA,NA,NA,0,0,0,0,0,0
2020-03-23,Chile,17576779,Tarapaca,330558,NA,NA,NA,NA,1,0,0,1,0,0
2020-03-25,Chile,17576779,Tarapaca,330558,NA,NA,NA,NA,0,0,0,4,0,0
2020-03-27,Chile,17576779,Tarapaca,330558,NA,NA,NA,NA,0,0,0,5,0,0
2020-03-29,Chile,17576779,Tarapaca,330558,NA,NA,NA,NA,1,0,0,6,0,0
2020-03-31,Chile,17576779,Tarapaca,330558,NA,NA,NA,NA,2,0,0,10,0,0
2020-04-02,Chile,17576779,Tarapaca,330558,NA,NA,NA,NA,2,0,0,12,0,0
2020-04-04,Chile,17576779,Tarapaca,330558,NA,NA,NA,NA,4,0,0,17,0,0
2020-04-06,Chile,17576779,Tarapaca,330558,NA,NA,NA,NA,1,0,0,21,0,0
2020-04-08,Chile,17576779,Tarapaca,330558,NA,NA,NA,NA,3,0,0,26,0,0
2020-04-10,Chile,17576779,Tarapaca,330558,NA,NA,NA,NA,6,0,0,35,0,0
2020-04-12,Chile,17576779,Tarapaca,330558,NA,NA,NA,NA,8,0,0,46,0,0
2020-04-14,Chile,17576779,Tarapaca,330558,NA,NA,NA,NA,10,0,0,62,0,0
2020-04-16,Chile,17576779,Tarapaca,330558,NA,NA,NA,NA,4,0,0,66,0,0
2020-04-18,Chile,17576779,Tarapaca,330558,NA,NA,NA,NA,8,0,0,81,0,0
2020-04-20,Chile,17576779,Tarapaca,330558,NA,NA,NA,NA,3,0,0,93,0,0
2020-04-22,Chile,17576779,Tarapaca,330558,NA,NA,NA,NA,10,0,0,114,0,0
2020-04-24,Chile,17576779,Tarapaca,330558,NA,NA,NA,NA,6,0,0,134,0,0
2020-04-26,Chile,17576779,Tarapaca,330558,NA,NA,NA,NA,13,0,0,156,1,0
2020-04-28,Chile,17576779,Tarapaca,330558,NA,NA,NA,NA,5,0,0,169,1,0
2020-04-30,Chile,17576779,Tarapaca,330558,NA,NA,NA,NA,15,0,65,198,1,65
2020-05-02,Chile,17576779,Tarapaca,330558,NA,NA,NA,NA,12,0,8,212,1,80
2020-05-04,Chile,17576779,Tarapaca,330558,NA,NA,NA,NA,23,0,0,295,1,89
2020-05-06,Chile,17576779,Tarapaca,330558,NA,NA,NA,NA,17,0,0,339,1,89
2020-05-08,Chile,17576779,Tarapaca,330558,NA,NA,NA,NA,42,0,0,459,1,89
2020-05-10,Chile,17576779,Tarapaca,330558,NA,NA,NA,NA,35,0,0,520,1,89
2020-05-12,Chile,17576779,Tarapaca,330558,NA,NA,NA,NA,31,0,0,578,1,89
2020-05-14,Chile,17576779,Tarapaca,330558,NA,NA,NA,NA,67,0,0,682,1,89
2020-05-16,Chile,17576779,Tarapaca,330558,NA,NA,NA,NA,66,0,0,845,2,89
2020-05-18,Chile,17576779,Tarapaca,330558,NA,NA,NA,NA,81,0,0,1056,4,89
2020-05-20,Chile,17576779,Tarapaca,330558,NA,NA,NA,NA,30,0,0,1139,4,89
2020-05-22,Chile,17576779,Tarapaca,330558,NA,NA,NA,NA,147,1,0,1393,5,89
2020-05-24,Chile,17576779,Tarapaca,330558,NA,NA,NA,NA,93,2,0,1564,7,89
2020-05-26,Chile,17576779,Tarapaca,330558,NA,NA,NA,NA,107,1,0,1737,8,89
2020-05-28,Chile,17576779,Tarapaca,330558,NA,NA,NA,NA,146,1,0,1957,12,89
2020-05-30,Chile,17576779,Tarapaca,330558,NA,NA,NA,NA,157,4,0,2250,18,89
2020-06-01,Chile,17576779,Tarapaca,330558,NA,NA,NA,NA,165,1,0,2526,22,89
2020-06-03,Chile,17576779,Tarapaca,330558,NA,NA,NA,NA,88,5,0,2682,28,89
2020-06-05,Chile,17576779,Tarapaca,330558,NA,NA,NA,NA,155,0,0,2965,28,89
2020-06-07,Chile,17576779,Tarapaca,330558,NA,NA,NA,NA,156,2,0,3250,32,89
2020-06-09,Chile,17576779,Tarapaca,330558,NA,NA,NA,NA,99,0,0,3491,35,89
2020-06-11,Chile,17576779,Tarapaca,330558,NA,NA,NA,NA,105,0,0,3696,46,89
2020-06-13,Chile,17576779,Tarapaca,330558,NA,NA,NA,NA,181,4,0,4004,52,89
2020-06-15,Chile,17576779,Tarapaca,330558,NA,NA,NA,NA,113,0,0,4258,58,89
2020-06-17,Chile,17576779,Tarapaca,330558,NA,NA,NA,NA,422,9,0,4787,67,89
2020-06-19,Chile,17576779,Tarapaca,330558,NA,NA,NA,NA,126,3,0,4995,71,89
2020-06-21,Chile,17576779,Tarapaca,330558,NA,NA,NA,NA,115,1,4107,5258,80,4196
2020-06-23,Chile,17576779,Tarapaca,330558,NA,NA,NA,NA,87,0,152,5442,80,4435
2020-06-25,Chile,17576779,Tarapaca,330558,NA,NA,NA,NA,73,1,112,5577,85,4670
2020-06-27,Chile,17576779,Tarapaca,330558,NA,NA,NA,NA,59,3,102,5771,88,4890
2020-06-29,Chile,17576779,Tarapaca,330558,NA,NA,NA,NA,81,0,83,5974,91,5064
2020-07-01,Chile,17576779,Tarapaca,330558,NA,NA,NA,NA,67,0,92,6116,91,5279
2020-07-03,Chile,17576779,Tarapaca,330558,NA,NA,NA,NA,83,1,94,6298,96,5471
2020-07-05,Chile,17576779,Tarapaca,330558,NA,NA,NA,NA,136,4,81,6508,102,5637
2020-07-07,Chile,17576779,Tarapaca,330558,NA,NA,NA,NA,73,0,109,6705,102,5811
2020-07-09,Chile,17576779,Tarapaca,330558,NA,NA,NA,NA,78,2,0,6867,107,5811
2020-07-11,Chile,17576779,Tarapaca,330558,NA,NA,NA,NA,89,1,319,7050,108,6130
2020-07-13,Chile,17576779,Tarapaca,330558,NA,NA,NA,NA,44,0,71,7191,111,6283
2020-07-15,Chile,17576779,Tarapaca,330558,NA,NA,NA,NA,49,4,100,7266,115,6458
2020-07-17,Chile,17576779,Tarapaca,330558,NA,NA,NA,NA,98,22,0,7451,139,6604
2020-07-19,Chile,17576779,Tarapaca,330558,NA,NA,NA,NA,70,1,0,7627,141,6604
2020-07-21,Chile,17576779,Tarapaca,330558,NA,NA,NA,NA,59,0,0,7820,144,6604
2020-07-23,Chile,17576779,Tarapaca,330558,NA,NA,NA,NA,84,6,0,7953,150,6604
2020-07-25,Chile,17576779,Tarapaca,330558,NA,NA,NA,NA,68,3,0,8147,153,6604
2020-07-27,Chile,17576779,Tarapaca,330558,NA,NA,NA,NA,120,4,0,8308,159,6604
2020-07-29,Chile,17576779,Tarapaca,330558,NA,NA,NA,NA,63,0,988,8648,160,7592
2020-07-31,Chile,17576779,Tarapaca,330558,NA,NA,NA,NA,33,4,64,8797,166,7724
2020-08-02,Chile,17576779,Tarapaca,330558,NA,NA,NA,NA,59,2,90,8922,170,7920
2020-08-04,Chile,17576779,Tarapaca,330558,NA,NA,NA,NA,0,0,0,8985,173,7977
2020-08-06,Chile,17576779,Tarapaca,330558,NA,NA,NA,NA,39,4,95,9167,177,8252
2020-08-08,Chile,17576779,Tarapaca,330558,NA,NA,NA,NA,26,2,68,9278,180,8409
2020-08-10,Chile,17576779,Tarapaca,330558,NA,NA,NA,NA,52,1,124,9419,182,8619
2020-08-12,Chile,17576779,Tarapaca,330558,NA,NA,NA,NA,74,0,73,9617,182,8784
2020-08-14,Chile,17576779,Tarapaca,330558,NA,NA,NA,NA,71,0,86,9773,185,8950
2020-02-25,Chile,17576779,Valparaiso,1815902,NA,NA,NA,NA,NA,NA,NA,0,0,0
2020-02-27,Chile,17576779,Valparaiso,1815902,NA,NA,NA,NA,0,0,0,0,0,0
2020-02-29,Chile,17576779,Valparaiso,1815902,NA,NA,NA,NA,0,0,0,0,0,0
2020-03-02,Chile,17576779,Valparaiso,1815902,NA,NA,NA,NA,0,0,0,0,0,0
2020-03-04,Chile,17576779,Valparaiso,1815902,NA,NA,NA,NA,0,0,0,0,0,0
2020-03-06,Chile,17576779,Valparaiso,1815902,NA,NA,NA,NA,0,0,0,0,0,0
2020-03-08,Chile,17576779,Valparaiso,1815902,NA,NA,NA,NA,0,0,0,0,0,0
2020-03-10,Chile,17576779,Valparaiso,1815902,NA,NA,NA,NA,0,0,0,0,0,0
2020-03-12,Chile,17576779,Valparaiso,1815902,NA,NA,NA,NA,0,0,0,0,0,0
2020-03-14,Chile,17576779,Valparaiso,1815902,NA,NA,NA,NA,0,0,0,0,0,0
2020-03-16,Chile,17576779,Valparaiso,1815902,NA,NA,NA,NA,1,0,0,1,0,0
2020-03-18,Chile,17576779,Valparaiso,1815902,NA,NA,NA,NA,0,0,0,1,0,0
2020-03-20,Chile,17576779,Valparaiso,1815902,NA,NA,NA,NA,1,0,0,5,0,0
2020-03-22,Chile,17576779,Valparaiso,1815902,NA,NA,NA,NA,3,0,0,16,0,0
2020-03-24,Chile,17576779,Valparaiso,1815902,NA,NA,NA,NA,6,0,0,25,0,0
2020-03-26,Chile,17576779,Valparaiso,1815902,NA,NA,NA,NA,12,0,0,44,0,0
2020-03-28,Chile,17576779,Valparaiso,1815902,NA,NA,NA,NA,22,0,0,71,0,0
2020-03-30,Chile,17576779,Valparaiso,1815902,NA,NA,NA,NA,28,0,0,108,0,0
2020-04-01,Chile,17576779,Valparaiso,1815902,NA,NA,NA,NA,21,0,0,136,1,0
2020-04-03,Chile,17576779,Valparaiso,1815902,NA,NA,NA,NA,20,0,0,176,1,0
2020-04-05,Chile,17576779,Valparaiso,1815902,NA,NA,NA,NA,6,0,0,191,1,0
2020-04-07,Chile,17576779,Valparaiso,1815902,NA,NA,NA,NA,16,0,0,214,1,0
2020-04-09,Chile,17576779,Valparaiso,1815902,NA,NA,NA,NA,5,0,0,230,2,0
2020-04-11,Chile,17576779,Valparaiso,1815902,NA,NA,NA,NA,7,0,0,248,2,0
2020-04-13,Chile,17576779,Valparaiso,1815902,NA,NA,NA,NA,19,0,0,273,2,0
2020-04-15,Chile,17576779,Valparaiso,1815902,NA,NA,NA,NA,14,0,0,299,2,0
2020-04-17,Chile,17576779,Valparaiso,1815902,NA,NA,NA,NA,15,0,0,345,4,0
2020-04-19,Chile,17576779,Valparaiso,1815902,NA,NA,NA,NA,22,1,0,381,5,0
2020-04-21,Chile,17576779,Valparaiso,1815902,NA,NA,NA,NA,15,1,0,403,6,0
2020-04-23,Chile,17576779,Valparaiso,1815902,NA,NA,NA,NA,8,0,0,429,7,0
2020-04-25,Chile,17576779,Valparaiso,1815902,NA,NA,NA,NA,18,1,0,454,9,0
2020-04-27,Chile,17576779,Valparaiso,1815902,NA,NA,NA,NA,25,0,0,485,9,0
2020-04-29,Chile,17576779,Valparaiso,1815902,NA,NA,NA,NA,33,2,0,526,12,0
2020-05-01,Chile,17576779,Valparaiso,1815902,NA,NA,NA,NA,9,0,15,568,12,333
2020-05-03,Chile,17576779,Valparaiso,1815902,NA,NA,NA,NA,24,0,22,638,13,368
2020-05-05,Chile,17576779,Valparaiso,1815902,NA,NA,NA,NA,31,2,0,687,15,368
2020-05-07,Chile,17576779,Valparaiso,1815902,NA,NA,NA,NA,65,1,0,781,17,368
2020-05-09,Chile,17576779,Valparaiso,1815902,NA,NA,NA,NA,50,1,0,878,19,368
2020-05-11,Chile,17576779,Valparaiso,1815902,NA,NA,NA,NA,37,1,0,970,21,368
2020-05-13,Chile,17576779,Valparaiso,1815902,NA,NA,NA,NA,94,1,0,1123,24,368
2020-05-15,Chile,17576779,Valparaiso,1815902,NA,NA,NA,NA,99,2,0,1312,27,368
2020-05-17,Chile,17576779,Valparaiso,1815902,NA,NA,NA,NA,109,1,0,1474,29,368
2020-05-19,Chile,17576779,Valparaiso,1815902,NA,NA,NA,NA,86,2,0,1639,32,368
2020-05-21,Chile,17576779,Valparaiso,1815902,NA,NA,NA,NA,117,3,0,1887,38,368
2020-05-23,Chile,17576779,Valparaiso,1815902,NA,NA,NA,NA,96,4,0,2116,44,368
2020-05-25,Chile,17576779,Valparaiso,1815902,NA,NA,NA,NA,75,5,0,2305,53,368
2020-05-27,Chile,17576779,Valparaiso,1815902,NA,NA,NA,NA,121,1,0,2576,58,368
2020-05-29,Chile,17576779,Valparaiso,1815902,NA,NA,NA,NA,112,1,0,2842,61,368
2020-05-31,Chile,17576779,Valparaiso,1815902,NA,NA,NA,NA,130,3,0,3167,66,368
2020-06-02,Chile,17576779,Valparaiso,1815902,NA,NA,NA,NA,247,2,0,3595,72,368
2020-06-04,Chile,17576779,Valparaiso,1815902,NA,NA,NA,NA,248,1,0,4017,78,368
2020-06-06,Chile,17576779,Valparaiso,1815902,NA,NA,NA,NA,314,3,0,4580,91,368
2020-06-08,Chile,17576779,Valparaiso,1815902,NA,NA,NA,NA,287,0,0,5149,85,368
2020-06-10,Chile,17576779,Valparaiso,1815902,NA,NA,NA,NA,223,14,0,5614,99,368
2020-06-12,Chile,17576779,Valparaiso,1815902,NA,NA,NA,NA,306,11,0,6171,118,368
2020-06-14,Chile,17576779,Valparaiso,1815902,NA,NA,NA,NA,231,5,0,6758,125,368
2020-06-16,Chile,17576779,Valparaiso,1815902,NA,NA,NA,NA,250,0,0,7262,126,368
2020-06-18,Chile,17576779,Valparaiso,1815902,NA,NA,NA,NA,220,2,0,8473,143,368
2020-06-20,Chile,17576779,Valparaiso,1815902,NA,NA,NA,NA,256,8,0,9014,158,368
2020-06-22,Chile,17576779,Valparaiso,1815902,NA,NA,NA,NA,317,0,254,9615,170,7471
2020-06-24,Chile,17576779,Valparaiso,1815902,NA,NA,NA,NA,286,17,212,10187,187,7995
2020-06-26,Chile,17576779,Valparaiso,1815902,NA,NA,NA,NA,315,9,226,10797,204,8441
2020-06-28,Chile,17576779,Valparaiso,1815902,NA,NA,NA,NA,253,12,288,11307,229,8985
2020-06-30,Chile,17576779,Valparaiso,1815902,NA,NA,NA,NA,211,1,331,11752,230,9554
2020-07-02,Chile,17576779,Valparaiso,1815902,NA,NA,NA,NA,193,22,227,12201,252,10045
2020-07-04,Chile,17576779,Valparaiso,1815902,NA,NA,NA,NA,301,12,275,12766,278,10547
2020-07-06,Chile,17576779,Valparaiso,1815902,NA,NA,NA,NA,180,0,214,13231,292,11031
2020-07-08,Chile,17576779,Valparaiso,1815902,NA,NA,NA,NA,165,11,0,13598,303,11314
2020-07-10,Chile,17576779,Valparaiso,1815902,NA,NA,NA,NA,256,8,0,14053,320,11314
2020-07-12,Chile,17576779,Valparaiso,1815902,NA,NA,NA,NA,259,5,191,14516,331,12405
2020-07-14,Chile,17576779,Valparaiso,1815902,NA,NA,NA,NA,169,0,209,14903,331,12795
2020-07-16,Chile,17576779,Valparaiso,1815902,NA,NA,NA,NA,52,16,104,15068,363,13088
2020-07-18,Chile,17576779,Valparaiso,1815902,NA,NA,NA,NA,145,6,0,15406,413,13088
2020-07-20,Chile,17576779,Valparaiso,1815902,NA,NA,NA,NA,182,13,0,15771,427,13088
2020-07-22,Chile,17576779,Valparaiso,1815902,NA,NA,NA,NA,204,1,0,16118,428,13088
2020-07-24,Chile,17576779,Valparaiso,1815902,NA,NA,NA,NA,159,10,0,16475,451,13088
2020-07-26,Chile,17576779,Valparaiso,1815902,NA,NA,NA,NA,139,4,0,16863,464,13088
2020-07-28,Chile,17576779,Valparaiso,1815902,NA,NA,NA,NA,132,1,0,17146,471,13088
2020-07-30,Chile,17576779,Valparaiso,1815902,NA,NA,NA,NA,173,21,170,17429,492,15585
2020-08-01,Chile,17576779,Valparaiso,1815902,NA,NA,NA,NA,187,10,165,17767,507,15901
2020-08-03,Chile,17576779,Valparaiso,1815902,NA,NA,NA,NA,123,9,114,18083,522,16192
2020-08-05,Chile,17576779,Valparaiso,1815902,NA,NA,NA,NA,245,2,326,18328,524,16518
2020-08-07,Chile,17576779,Valparaiso,1815902,NA,NA,NA,NA,163,5,140,18682,547,16814
2020-08-09,Chile,17576779,Valparaiso,1815902,NA,NA,NA,NA,170,13,132,19090,564,17102
2020-08-11,Chile,17576779,Valparaiso,1815902,NA,NA,NA,NA,128,0,208,19371,569,17431
2020-08-13,Chile,17576779,Valparaiso,1815902,NA,NA,NA,NA,182,19,145,19700,592,17712
2020-08-15,Chile,17576779,Valparaiso,1815902,NA,NA,NA,NA,182,5,158,20069,600,18010
2020-01-02,Argentina,45649750,Salta,1406584,NA,NA,NA,NA,0,0,NA,0,0,NA
2020-01-04,Argentina,45649750,Salta,1406584,NA,NA,NA,NA,0,0,NA,0,0,NA
2020-01-06,Argentina,45649750,Salta,1406584,NA,NA,NA,NA,0,0,NA,0,0,NA
2020-01-08,Argentina,45649750,Salta,1406584,NA,NA,NA,NA,0,0,NA,0,0,NA
2020-01-10,Argentina,45649750,Salta,1406584,NA,NA,NA,NA,0,0,NA,0,0,NA
2020-01-12,Argentina,45649750,Salta,1406584,NA,NA,NA,NA,0,0,NA,0,0,NA
2020-01-14,Argentina,45649750,Salta,1406584,NA,NA,NA,NA,0,0,NA,0,0,NA
2020-01-16,Argentina,45649750,Salta,1406584,NA,NA,NA,NA,0,0,NA,0,0,NA
2020-01-18,Argentina,45649750,Salta,1406584,NA,NA,NA,NA,0,0,NA,0,0,NA
2020-01-20,Argentina,45649750,Salta,1406584,NA,NA,NA,NA,0,0,NA,0,0,NA
2020-01-22,Argentina,45649750,Salta,1406584,NA,NA,NA,NA,0,0,NA,0,0,NA
2020-01-24,Argentina,45649750,Salta,1406584,NA,NA,NA,NA,0,0,NA,0,0,NA
2020-01-26,Argentina,45649750,Salta,1406584,NA,NA,NA,NA,0,0,NA,0,0,NA
2020-01-28,Argentina,45649750,Salta,1406584,NA,NA,NA,NA,0,0,NA,0,0,NA
2020-01-30,Argentina,45649750,Salta,1406584,NA,NA,NA,NA,0,0,NA,0,0,NA
2020-02-01,Argentina,45649750,Salta,1406584,NA,NA,NA,NA,0,0,NA,0,0,NA
2020-02-03,Argentina,45649750,Salta,1406584,NA,NA,NA,NA,0,0,NA,0,0,NA
2020-02-05,Argentina,45649750,Salta,1406584,NA,NA,NA,NA,0,0,NA,0,0,NA
2020-02-07,Argentina,45649750,Salta,1406584,NA,NA,NA,NA,0,0,NA,0,0,NA
2020-02-09,Argentina,45649750,Salta,1406584,NA,NA,NA,NA,0,0,NA,0,0,NA
2020-02-11,Argentina,45649750,Salta,1406584,NA,NA,NA,NA,0,0,NA,0,0,NA
2020-02-13,Argentina,45649750,Salta,1406584,NA,NA,NA,NA,0,0,NA,0,0,NA
2020-02-15,Argentina,45649750,Salta,1406584,NA,NA,NA,NA,0,0,NA,0,0,NA
2020-02-17,Argentina,45649750,Salta,1406584,NA,NA,NA,NA,0,0,NA,0,0,NA
2020-02-19,Argentina,45649750,Salta,1406584,NA,NA,NA,NA,0,0,NA,0,0,NA
2020-02-21,Argentina,45649750,Salta,1406584,NA,NA,NA,NA,0,0,NA,0,0,NA
2020-02-23,Argentina,45649750,Salta,1406584,NA,NA,NA,NA,0,0,NA,0,0,NA
2020-02-25,Argentina,45649750,Salta,1406584,NA,NA,NA,NA,0,0,NA,0,0,NA
2020-02-27,Argentina,45649750,Salta,1406584,NA,NA,NA,NA,0,0,NA,0,0,NA
2020-02-29,Argentina,45649750,Salta,1406584,NA,NA,NA,NA,0,0,NA,0,0,NA
2020-03-02,Argentina,45649750,Salta,1406584,NA,NA,NA,NA,0,0,NA,0,0,NA
2020-03-04,Argentina,45649750,Salta,1406584,NA,NA,NA,NA,0,0,NA,0,0,NA
2020-03-06,Argentina,45649750,Salta,1406584,NA,NA,NA,NA,0,0,NA,0,0,NA
2020-03-08,Argentina,45649750,Salta,1406584,NA,NA,NA,NA,0,0,NA,0,0,NA
2020-03-10,Argentina,45649750,Salta,1406584,NA,NA,NA,NA,0,0,NA,0,0,NA
2020-03-12,Argentina,45649750,Salta,1406584,NA,NA,NA,NA,0,0,NA,0,0,NA
2020-03-14,Argentina,45649750,Salta,1406584,NA,NA,NA,NA,0,0,NA,0,0,NA
2020-03-16,Argentina,45649750,Salta,1406584,NA,NA,NA,NA,0,0,NA,0,0,NA
2020-03-18,Argentina,45649750,Salta,1406584,NA,NA,NA,NA,0,0,NA,1,0,NA
2020-03-20,Argentina,45649750,Salta,1406584,NA,NA,NA,NA,0,0,NA,1,0,NA
2020-03-22,Argentina,45649750,Salta,1406584,NA,NA,NA,NA,0,0,NA,1,0,NA
2020-03-24,Argentina,45649750,Salta,1406584,NA,NA,NA,NA,0,0,NA,1,0,NA
2020-03-26,Argentina,45649750,Salta,1406584,NA,NA,NA,NA,0,0,NA,1,0,NA
2020-03-28,Argentina,45649750,Salta,1406584,NA,NA,NA,NA,0,0,NA,1,0,NA
2020-03-30,Argentina,45649750,Salta,1406584,NA,NA,NA,NA,0,0,NA,1,0,NA
2020-04-01,Argentina,45649750,Salta,1406584,NA,NA,NA,NA,2,0,NA,3,0,NA
2020-04-03,Argentina,45649750,Salta,1406584,NA,NA,NA,NA,0,0,NA,3,0,NA
2020-04-05,Argentina,45649750,Salta,1406584,NA,NA,NA,NA,0,0,NA,3,0,NA
2020-04-07,Argentina,45649750,Salta,1406584,NA,NA,NA,NA,0,0,NA,3,0,NA
2020-04-09,Argentina,45649750,Salta,1406584,NA,NA,NA,NA,0,0,NA,3,0,NA
2020-04-11,Argentina,45649750,Salta,1406584,NA,NA,NA,NA,0,2,NA,3,2,NA
2020-04-13,Argentina,45649750,Salta,1406584,NA,NA,NA,NA,0,0,NA,3,2,NA
2020-04-15,Argentina,45649750,Salta,1406584,NA,NA,NA,NA,0,0,NA,3,3,NA
2020-04-17,Argentina,45649750,Salta,1406584,NA,NA,NA,NA,0,0,NA,3,3,NA
2020-04-19,Argentina,45649750,Salta,1406584,NA,NA,NA,NA,0,0,NA,3,3,NA
2020-04-21,Argentina,45649750,Salta,1406584,NA,NA,NA,NA,0,0,NA,3,3,NA
2020-04-23,Argentina,45649750,Salta,1406584,NA,NA,NA,NA,0,0,NA,3,3,NA
2020-04-25,Argentina,45649750,Salta,1406584,NA,NA,NA,NA,0,0,NA,3,3,NA
2020-04-27,Argentina,45649750,Salta,1406584,NA,NA,NA,NA,0,0,NA,4,3,NA
2020-04-29,Argentina,45649750,Salta,1406584,NA,NA,NA,NA,0,0,NA,4,3,NA
2020-05-01,Argentina,45649750,Salta,1406584,NA,NA,NA,NA,0,0,NA,4,3,NA
2020-05-03,Argentina,45649750,Salta,1406584,NA,NA,NA,NA,0,2,NA,4,5,NA
2020-05-05,Argentina,45649750,Salta,1406584,NA,NA,NA,NA,0,0,NA,4,5,NA
2020-05-07,Argentina,45649750,Salta,1406584,NA,NA,NA,NA,0,0,NA,4,5,NA
2020-05-09,Argentina,45649750,Salta,1406584,NA,NA,NA,NA,0,0,NA,4,5,NA
2020-05-11,Argentina,45649750,Salta,1406584,NA,NA,NA,NA,0,0,NA,4,5,NA
2020-05-13,Argentina,45649750,Salta,1406584,NA,NA,NA,NA,0,0,NA,5,5,NA
2020-05-15,Argentina,45649750,Salta,1406584,NA,NA,NA,NA,0,0,NA,5,5,NA
2020-05-17,Argentina,45649750,Salta,1406584,NA,NA,NA,NA,0,0,NA,5,5,NA
2020-05-19,Argentina,45649750,Salta,1406584,NA,NA,NA,NA,0,1,NA,5,6,NA
2020-05-21,Argentina,45649750,Salta,1406584,NA,NA,NA,NA,1,0,NA,6,6,NA
2020-05-23,Argentina,45649750,Salta,1406584,NA,NA,NA,NA,0,0,NA,7,6,NA
2020-05-25,Argentina,45649750,Salta,1406584,NA,NA,NA,NA,0,0,NA,7,6,NA
2020-05-27,Argentina,45649750,Salta,1406584,NA,NA,NA,NA,0,0,NA,7,6,NA
2020-05-29,Argentina,45649750,Salta,1406584,NA,NA,NA,NA,1,0,NA,8,7,NA
2020-05-31,Argentina,45649750,Salta,1406584,NA,NA,NA,NA,3,0,NA,11,7,NA
2020-06-02,Argentina,45649750,Salta,1406584,NA,NA,NA,NA,4,0,NA,16,7,NA
2020-06-04,Argentina,45649750,Salta,1406584,NA,NA,NA,NA,0,0,NA,16,7,NA
2020-06-06,Argentina,45649750,Salta,1406584,NA,NA,NA,NA,0,0,NA,16,8,NA
2020-06-08,Argentina,45649750,Salta,1406584,NA,NA,NA,NA,0,0,NA,16,9,NA
2020-06-10,Argentina,45649750,Salta,1406584,NA,NA,NA,NA,0,0,NA,17,9,NA
2020-06-12,Argentina,45649750,Salta,1406584,NA,NA,NA,NA,0,0,NA,17,9,NA
2020-06-14,Argentina,45649750,Salta,1406584,NA,NA,NA,NA,1,0,NA,20,9,NA
2020-06-16,Argentina,45649750,Salta,1406584,NA,NA,NA,NA,0,0,NA,20,9,NA
2020-06-18,Argentina,45649750,Salta,1406584,NA,NA,NA,NA,0,0,NA,20,9,NA
2020-06-20,Argentina,45649750,Salta,1406584,NA,NA,NA,NA,0,0,NA,20,9,NA
2020-06-22,Argentina,45649750,Salta,1406584,NA,NA,NA,NA,1,0,NA,21,9,NA
2020-06-24,Argentina,45649750,Salta,1406584,NA,NA,NA,NA,0,0,NA,24,9,NA
2020-06-26,Argentina,45649750,Salta,1406584,NA,NA,NA,NA,2,0,NA,26,9,NA
2020-06-28,Argentina,45649750,Salta,1406584,NA,NA,NA,NA,0,0,NA,26,9,NA
2020-06-30,Argentina,45649750,Salta,1406584,NA,NA,NA,NA,2,0,NA,32,9,NA
2020-07-02,Argentina,45649750,Salta,1406584,NA,NA,NA,NA,1,1,NA,33,10,NA
2020-07-04,Argentina,45649750,Salta,1406584,NA,NA,NA,NA,10,0,NA,50,11,NA
2020-07-06,Argentina,45649750,Salta,1406584,NA,NA,NA,NA,1,0,NA,53,11,NA
2020-07-08,Argentina,45649750,Salta,1406584,NA,NA,NA,NA,2,0,NA,65,11,NA
2020-07-10,Argentina,45649750,Salta,1406584,NA,NA,NA,NA,5,0,NA,72,12,NA
2020-07-12,Argentina,45649750,Salta,1406584,NA,NA,NA,NA,5,0,NA,85,12,NA
2020-07-14,Argentina,45649750,Salta,1406584,NA,NA,NA,NA,11,0,NA,102,12,NA
2020-07-16,Argentina,45649750,Salta,1406584,NA,NA,NA,NA,4,1,NA,114,14,NA
2020-07-18,Argentina,45649750,Salta,1406584,NA,NA,NA,NA,14,0,NA,134,14,NA
2020-07-20,Argentina,45649750,Salta,1406584,NA,NA,NA,NA,4,0,NA,140,15,NA
2020-07-22,Argentina,45649750,Salta,1406584,NA,NA,NA,NA,12,1,NA,169,17,NA
2020-07-24,Argentina,45649750,Salta,1406584,NA,NA,NA,NA,14,0,NA,197,17,NA
2020-07-26,Argentina,45649750,Salta,1406584,NA,NA,NA,NA,0,2,NA,209,19,NA
2020-07-28,Argentina,45649750,Salta,1406584,NA,NA,NA,NA,4,0,NA,216,20,NA
2020-07-30,Argentina,45649750,Salta,1406584,NA,NA,NA,NA,7,0,NA,246,20,NA
2020-08-01,Argentina,45649750,Salta,1406584,NA,NA,NA,NA,20,0,NA,286,21,NA
2020-08-03,Argentina,45649750,Salta,1406584,NA,NA,NA,NA,30,1,NA,320,24,NA
2020-08-05,Argentina,45649750,Salta,1406584,NA,NA,NA,NA,37,1,NA,386,25,NA
2020-08-07,Argentina,45649750,Salta,1406584,NA,NA,NA,NA,42,1,NA,490,28,NA
2020-08-09,Argentina,45649750,Salta,1406584,NA,NA,NA,NA,31,0,NA,599,28,NA
2020-08-11,Argentina,45649750,Salta,1406584,NA,NA,NA,NA,62,0,NA,711,28,NA
2020-08-13,Argentina,45649750,Salta,1406584,NA,NA,NA,NA,69,1,NA,865,30,NA
2020-08-15,Argentina,45649750,Salta,1406584,NA,NA,NA,NA,92,0,NA,1044,33,NA
2020-08-17,Argentina,45649750,Salta,1406584,NA,NA,NA,NA,0,0,NA,1082,33,NA
2020-01-01,Argentina,45649750,Buenos Aires Province,17963200,NA,NA,NA,NA,0,0,NA,0,0,NA
2020-01-03,Argentina,45649750,Buenos Aires Province,17963200,NA,NA,NA,NA,0,0,NA,0,0,NA
2020-01-05,Argentina,45649750,Buenos Aires Province,17963200,NA,NA,NA,NA,0,0,NA,0,0,NA
2020-01-07,Argentina,45649750,Buenos Aires Province,17963200,NA,NA,NA,NA,0,0,NA,0,0,NA
2020-01-09,Argentina,45649750,Buenos Aires Province,17963200,NA,NA,NA,NA,0,0,NA,0,0,NA
2020-01-11,Argentina,45649750,Buenos Aires Province,17963200,NA,NA,NA,NA,0,0,NA,0,0,NA
2020-01-13,Argentina,45649750,Buenos Aires Province,17963200,NA,NA,NA,NA,0,0,NA,0,0,NA
2020-01-15,Argentina,45649750,Buenos Aires Province,17963200,NA,NA,NA,NA,0,0,NA,0,0,NA
2020-01-17,Argentina,45649750,Buenos Aires Province,17963200,NA,NA,NA,NA,0,0,NA,0,0,NA
2020-01-19,Argentina,45649750,Buenos Aires Province,17963200,NA,NA,NA,NA,0,0,NA,0,0,NA
2020-01-21,Argentina,45649750,Buenos Aires Province,17963200,NA,NA,NA,NA,0,0,NA,0,0,NA
2020-01-23,Argentina,45649750,Buenos Aires Province,17963200,NA,NA,NA,NA,0,0,NA,0,0,NA
2020-01-25,Argentina,45649750,Buenos Aires Province,17963200,NA,NA,NA,NA,0,0,NA,0,0,NA
2020-01-27,Argentina,45649750,Buenos Aires Province,17963200,NA,NA,NA,NA,0,0,NA,0,0,NA
2020-01-29,Argentina,45649750,Buenos Aires Province,17963200,NA,NA,NA,NA,0,0,NA,0,0,NA
2020-01-31,Argentina,45649750,Buenos Aires Province,17963200,NA,NA,NA,NA,0,0,NA,0,0,NA
2020-02-02,Argentina,45649750,Buenos Aires Province,17963200,NA,NA,NA,NA,0,0,NA,0,0,NA
2020-02-04,Argentina,45649750,Buenos Aires Province,17963200,NA,NA,NA,NA,0,0,NA,0,0,NA
2020-02-06,Argentina,45649750,Buenos Aires Province,17963200,NA,NA,NA,NA,0,0,NA,0,0,NA
2020-02-08,Argentina,45649750,Buenos Aires Province,17963200,NA,NA,NA,NA,0,0,NA,0,0,NA
2020-02-10,Argentina,45649750,Buenos Aires Province,17963200,NA,NA,NA,NA,0,0,NA,0,0,NA
2020-02-12,Argentina,45649750,Buenos Aires Province,17963200,NA,NA,NA,NA,0,0,NA,0,0,NA
2020-02-14,Argentina,45649750,Buenos Aires Province,17963200,NA,NA,NA,NA,0,0,NA,0,0,NA
2020-02-16,Argentina,45649750,Buenos Aires Province,17963200,NA,NA,NA,NA,0,0,NA,0,0,NA
2020-02-18,Argentina,45649750,Buenos Aires Province,17963200,NA,NA,NA,NA,0,0,NA,0,0,NA
2020-02-20,Argentina,45649750,Buenos Aires Province,17963200,NA,NA,NA,NA,0,0,NA,0,0,NA
2020-02-22,Argentina,45649750,Buenos Aires Province,17963200,NA,NA,NA,NA,0,0,NA,0,0,NA
2020-02-24,Argentina,45649750,Buenos Aires Province,17963200,NA,NA,NA,NA,0,0,NA,0,0,NA
2020-02-26,Argentina,45649750,Buenos Aires Province,17963200,NA,NA,NA,NA,0,0,NA,0,0,NA
2020-02-28,Argentina,45649750,Buenos Aires Province,17963200,NA,NA,NA,NA,0,0,NA,0,0,NA
2020-03-01,Argentina,45649750,Buenos Aires Province,17963200,NA,NA,NA,NA,0,0,NA,0,0,NA
2020-03-03,Argentina,45649750,Buenos Aires Province,17963200,NA,NA,NA,NA,0,0,NA,0,0,NA
2020-03-05,Argentina,45649750,Buenos Aires Province,17963200,NA,NA,NA,NA,0,0,NA,0,0,NA
2020-03-07,Argentina,45649750,Buenos Aires Province,17963200,NA,NA,NA,NA,0,0,NA,1,0,NA
2020-03-09,Argentina,45649750,Buenos Aires Province,17963200,NA,NA,NA,NA,1,0,NA,2,0,NA
2020-03-11,Argentina,45649750,Buenos Aires Province,17963200,NA,NA,NA,NA,1,0,NA,4,0,NA
2020-03-13,Argentina,45649750,Buenos Aires Province,17963200,NA,NA,NA,NA,1,1,NA,10,3,NA
2020-03-15,Argentina,45649750,Buenos Aires Province,17963200,NA,NA,NA,NA,0,0,NA,12,3,NA
2020-03-17,Argentina,45649750,Buenos Aires Province,17963200,NA,NA,NA,NA,3,3,NA,18,6,NA
2020-03-19,Argentina,45649750,Buenos Aires Province,17963200,NA,NA,NA,NA,11,1,NA,39,7,NA
2020-03-21,Argentina,45649750,Buenos Aires Province,17963200,NA,NA,NA,NA,14,2,NA,61,9,NA
2020-03-23,Argentina,45649750,Buenos Aires Province,17963200,NA,NA,NA,NA,8,1,NA,79,11,NA
2020-03-25,Argentina,45649750,Buenos Aires Province,17963200,NA,NA,NA,NA,42,1,NA,152,16,NA
2020-03-27,Argentina,45649750,Buenos Aires Province,17963200,NA,NA,NA,NA,25,5,NA,212,29,NA
2020-03-29,Argentina,45649750,Buenos Aires Province,17963200,NA,NA,NA,NA,20,9,NA,244,48,NA
2020-03-31,Argentina,45649750,Buenos Aires Province,17963200,NA,NA,NA,NA,21,8,NA,287,62,NA
2020-04-02,Argentina,45649750,Buenos Aires Province,17963200,NA,NA,NA,NA,31,11,NA,347,78,NA
2020-04-04,Argentina,45649750,Buenos Aires Province,17963200,NA,NA,NA,NA,29,8,NA,408,95,NA
2020-04-06,Argentina,45649750,Buenos Aires Province,17963200,NA,NA,NA,NA,31,16,NA,452,129,NA
2020-04-08,Argentina,45649750,Buenos Aires Province,17963200,NA,NA,NA,NA,23,14,NA,491,155,NA
2020-04-10,Argentina,45649750,Buenos Aires Province,17963200,NA,NA,NA,NA,44,9,NA,555,176,NA
2020-04-12,Argentina,45649750,Buenos Aires Province,17963200,NA,NA,NA,NA,35,12,NA,608,197,NA
2020-04-14,Argentina,45649750,Buenos Aires Province,17963200,NA,NA,NA,NA,63,11,NA,694,224,NA
2020-04-16,Argentina,45649750,Buenos Aires Province,17963200,NA,NA,NA,NA,41,15,NA,785,257,NA
2020-04-18,Argentina,45649750,Buenos Aires Province,17963200,NA,NA,NA,NA,59,18,NA,879,290,NA
2020-04-20,Argentina,45649750,Buenos Aires Province,17963200,NA,NA,NA,NA,48,13,NA,953,317,NA
2020-04-22,Argentina,45649750,Buenos Aires Province,17963200,NA,NA,NA,NA,59,17,NA,1074,350,NA
2020-04-24,Argentina,45649750,Buenos Aires Province,17963200,NA,NA,NA,NA,78,14,NA,1221,382,NA
2020-04-26,Argentina,45649750,Buenos Aires Province,17963200,NA,NA,NA,NA,30,17,NA,1330,412,NA
2020-04-28,Argentina,45649750,Buenos Aires Province,17963200,NA,NA,NA,NA,62,16,NA,1459,459,NA
2020-04-30,Argentina,45649750,Buenos Aires Province,17963200,NA,NA,NA,NA,47,16,NA,1595,486,NA
2020-05-02,Argentina,45649750,Buenos Aires Province,17963200,NA,NA,NA,NA,39,8,NA,1682,511,NA
2020-05-04,Argentina,45649750,Buenos Aires Province,17963200,NA,NA,NA,NA,46,14,NA,1759,542,NA
2020-05-06,Argentina,45649750,Buenos Aires Province,17963200,NA,NA,NA,NA,58,12,NA,1894,563,NA
2020-05-08,Argentina,45649750,Buenos Aires Province,17963200,NA,NA,NA,NA,75,11,NA,2027,595,NA
2020-05-10,Argentina,45649750,Buenos Aires Province,17963200,NA,NA,NA,NA,39,17,NA,2123,630,NA
2020-05-12,Argentina,45649750,Buenos Aires Province,17963200,NA,NA,NA,NA,89,17,NA,2269,661,NA
2020-05-14,Argentina,45649750,Buenos Aires Province,17963200,NA,NA,NA,NA,92,15,NA,2456,689,NA
2020-05-16,Argentina,45649750,Buenos Aires Province,17963200,NA,NA,NA,NA,118,20,NA,2671,726,NA
2020-05-18,Argentina,45649750,Buenos Aires Province,17963200,NA,NA,NA,NA,156,17,NA,2879,756,NA
2020-05-20,Argentina,45649750,Buenos Aires Province,17963200,NA,NA,NA,NA,193,24,NA,3226,795,NA
2020-05-22,Argentina,45649750,Buenos Aires Province,17963200,NA,NA,NA,NA,296,25,NA,3788,837,NA
2020-05-24,Argentina,45649750,Buenos Aires Province,17963200,NA,NA,NA,NA,153,12,NA,4165,863,NA
2020-05-26,Argentina,45649750,Buenos Aires Province,17963200,NA,NA,NA,NA,270,15,NA,4680,901,NA
2020-05-28,Argentina,45649750,Buenos Aires Province,17963200,NA,NA,NA,NA,260,17,NA,5209,935,NA
2020-05-30,Argentina,45649750,Buenos Aires Province,17963200,NA,NA,NA,NA,312,22,NA,5852,971,NA
2020-06-01,Argentina,45649750,Buenos Aires Province,17963200,NA,NA,NA,NA,414,25,NA,6467,1019,NA
2020-06-03,Argentina,45649750,Buenos Aires Province,17963200,NA,NA,NA,NA,398,25,NA,7340,1068,NA
2020-06-05,Argentina,45649750,Buenos Aires Province,17963200,NA,NA,NA,NA,440,21,NA,8165,1110,NA
2020-06-07,Argentina,45649750,Buenos Aires Province,17963200,NA,NA,NA,NA,236,28,NA,8953,1165,NA
2020-06-09,Argentina,45649750,Buenos Aires Province,17963200,NA,NA,NA,NA,680,27,NA,10091,1224,NA
2020-06-11,Argentina,45649750,Buenos Aires Province,17963200,NA,NA,NA,NA,815,23,NA,11594,1273,NA
2020-06-13,Argentina,45649750,Buenos Aires Province,17963200,NA,NA,NA,NA,834,28,NA,13236,1323,NA
2020-06-15,Argentina,45649750,Buenos Aires Province,17963200,NA,NA,NA,NA,699,31,NA,14414,1385,NA
2020-06-17,Argentina,45649750,Buenos Aires Province,17963200,NA,NA,NA,NA,1072,33,NA,16365,1452,NA
2020-06-19,Argentina,45649750,Buenos Aires Province,17963200,NA,NA,NA,NA,1154,28,NA,18621,1513,NA
2020-06-21,Argentina,45649750,Buenos Aires Province,17963200,NA,NA,NA,NA,628,37,NA,20664,1573,NA
2020-06-23,Argentina,45649750,Buenos Aires Province,17963200,NA,NA,NA,NA,1453,33,NA,23261,1641,NA
2020-06-25,Argentina,45649750,Buenos Aires Province,17963200,NA,NA,NA,NA,1733,34,NA,26407,1716,NA
2020-06-27,Argentina,45649750,Buenos Aires Province,17963200,NA,NA,NA,NA,1483,52,NA,29719,1823,NA
2020-06-29,Argentina,45649750,Buenos Aires Province,17963200,NA,NA,NA,NA,1347,34,NA,32027,1904,NA
2020-07-01,Argentina,45649750,Buenos Aires Province,17963200,NA,NA,NA,NA,1774,66,NA,35540,2022,NA
2020-07-03,Argentina,45649750,Buenos Aires Province,17963200,NA,NA,NA,NA,2139,52,NA,39413,2122,NA
2020-07-05,Argentina,45649750,Buenos Aires Province,17963200,NA,NA,NA,NA,1056,73,NA,42668,2267,NA
2020-07-07,Argentina,45649750,Buenos Aires Province,17963200,NA,NA,NA,NA,2126,62,NA,46545,2392,NA
2020-07-09,Argentina,45649750,Buenos Aires Province,17963200,NA,NA,NA,NA,2364,57,NA,51578,2530,NA
2020-07-11,Argentina,45649750,Buenos Aires Province,17963200,NA,NA,NA,NA,2176,75,NA,56089,2685,NA
2020-07-13,Argentina,45649750,Buenos Aires Province,17963200,NA,NA,NA,NA,2178,72,NA,59518,2817,NA
2020-07-15,Argentina,45649750,Buenos Aires Province,17963200,NA,NA,NA,NA,2690,95,NA,64906,2989,NA
2020-07-17,Argentina,45649750,Buenos Aires Province,17963200,NA,NA,NA,NA,3142,80,NA,71059,3132,NA
2020-07-19,Argentina,45649750,Buenos Aires Province,17963200,NA,NA,NA,NA,1850,77,NA,75869,3302,NA
2020-07-21,Argentina,45649750,Buenos Aires Province,17963200,NA,NA,NA,NA,3627,86,NA,82540,3463,NA
2020-07-23,Argentina,45649750,Buenos Aires Province,17963200,NA,NA,NA,NA,4020,80,NA,90600,3641,NA
2020-07-25,Argentina,45649750,Buenos Aires Province,17963200,NA,NA,NA,NA,3333,77,NA,98199,3796,NA
2020-07-27,Argentina,45649750,Buenos Aires Province,17963200,NA,NA,NA,NA,3507,79,NA,103642,3957,NA
2020-07-29,Argentina,45649750,Buenos Aires Province,17963200,NA,NA,NA,NA,4384,58,NA,112077,4082,NA
2020-07-31,Argentina,45649750,Buenos Aires Province,17963200,NA,NA,NA,NA,4879,63,NA,121139,4217,NA
2020-08-02,Argentina,45649750,Buenos Aires Province,17963200,NA,NA,NA,NA,2831,66,NA,127329,4345,NA
2020-08-04,Argentina,45649750,Buenos Aires Province,17963200,NA,NA,NA,NA,4609,60,NA,135975,4489,NA
2020-08-06,Argentina,45649750,Buenos Aires Province,17963200,NA,NA,NA,NA,5067,74,NA,146261,4622,NA
2020-08-08,Argentina,45649750,Buenos Aires Province,17963200,NA,NA,NA,NA,4050,56,NA,155717,4749,NA
2020-08-10,Argentina,45649750,Buenos Aires Province,17963200,NA,NA,NA,NA,3969,63,NA,162130,4878,NA
2020-08-12,Argentina,45649750,Buenos Aires Province,17963200,NA,NA,NA,NA,4117,45,NA,170484,4964,NA
2020-08-14,Argentina,45649750,Buenos Aires Province,17963200,NA,NA,NA,NA,3405,29,NA,177685,5029,NA
2020-08-16,Argentina,45649750,Buenos Aires Province,17963200,NA,NA,NA,NA,383,1,NA,180590,5043,NA
2020-08-18,Argentina,45649750,Buenos Aires Province,17963200,NA,NA,NA,NA,0,0,NA,180590,5043,NA
2020-01-02,Argentina,45649750,City of Buenos Aires,3063728,NA,NA,NA,NA,0,0,NA,0,0,NA
2020-01-04,Argentina,45649750,City of Buenos Aires,3063728,NA,NA,NA,NA,0,0,NA,0,0,NA
2020-01-06,Argentina,45649750,City of Buenos Aires,3063728,NA,NA,NA,NA,0,0,NA,0,0,NA
2020-01-08,Argentina,45649750,City of Buenos Aires,3063728,NA,NA,NA,NA,0,0,NA,0,0,NA
2020-01-10,Argentina,45649750,City of Buenos Aires,3063728,NA,NA,NA,NA,0,0,NA,0,0,NA
2020-01-12,Argentina,45649750,City of Buenos Aires,3063728,NA,NA,NA,NA,0,0,NA,0,0,NA
2020-01-14,Argentina,45649750,City of Buenos Aires,3063728,NA,NA,NA,NA,0,0,NA,0,0,NA
2020-01-16,Argentina,45649750,City of Buenos Aires,3063728,NA,NA,NA,NA,0,0,NA,0,0,NA
2020-01-18,Argentina,45649750,City of Buenos Aires,3063728,NA,NA,NA,NA,0,0,NA,0,0,NA
2020-01-20,Argentina,45649750,City of Buenos Aires,3063728,NA,NA,NA,NA,0,0,NA,0,0,NA
2020-01-22,Argentina,45649750,City of Buenos Aires,3063728,NA,NA,NA,NA,0,0,NA,0,0,NA
2020-01-24,Argentina,45649750,City of Buenos Aires,3063728,NA,NA,NA,NA,0,0,NA,0,0,NA
2020-01-26,Argentina,45649750,City of Buenos Aires,3063728,NA,NA,NA,NA,0,0,NA,0,0,NA
2020-01-28,Argentina,45649750,City of Buenos Aires,3063728,NA,NA,NA,NA,0,0,NA,0,0,NA
2020-01-30,Argentina,45649750,City of Buenos Aires,3063728,NA,NA,NA,NA,0,0,NA,0,0,NA
2020-02-01,Argentina,45649750,City of Buenos Aires,3063728,NA,NA,NA,NA,0,0,NA,0,0,NA
2020-02-03,Argentina,45649750,City of Buenos Aires,3063728,NA,NA,NA,NA,0,0,NA,0,0,NA
2020-02-05,Argentina,45649750,City of Buenos Aires,3063728,NA,NA,NA,NA,0,0,NA,0,0,NA
2020-02-07,Argentina,45649750,City of Buenos Aires,3063728,NA,NA,NA,NA,0,0,NA,0,0,NA
2020-02-09,Argentina,45649750,City of Buenos Aires,3063728,NA,NA,NA,NA,0,0,NA,0,0,NA
2020-02-11,Argentina,45649750,City of Buenos Aires,3063728,NA,NA,NA,NA,0,0,NA,0,0,NA
2020-02-13,Argentina,45649750,City of Buenos Aires,3063728,NA,NA,NA,NA,0,0,NA,0,0,NA
2020-02-15,Argentina,45649750,City of Buenos Aires,3063728,NA,NA,NA,NA,0,0,NA,0,0,NA
2020-02-17,Argentina,45649750,City of Buenos Aires,3063728,NA,NA,NA,NA,0,0,NA,0,0,NA
2020-02-19,Argentina,45649750,City of Buenos Aires,3063728,NA,NA,NA,NA,0,0,NA,0,0,NA
2020-02-21,Argentina,45649750,City of Buenos Aires,3063728,NA,NA,NA,NA,0,0,NA,0,0,NA
2020-02-23,Argentina,45649750,City of Buenos Aires,3063728,NA,NA,NA,NA,0,0,NA,0,0,NA
2020-02-25,Argentina,45649750,City of Buenos Aires,3063728,NA,NA,NA,NA,0,0,NA,0,0,NA
2020-02-27,Argentina,45649750,City of Buenos Aires,3063728,NA,NA,NA,NA,0,0,NA,0,0,NA
2020-02-29,Argentina,45649750,City of Buenos Aires,3063728,NA,NA,NA,NA,0,0,NA,0,0,NA
2020-03-02,Argentina,45649750,City of Buenos Aires,3063728,NA,NA,NA,NA,0,0,NA,0,0,NA
2020-03-04,Argentina,45649750,City of Buenos Aires,3063728,NA,NA,NA,NA,0,0,NA,1,0,NA
2020-03-06,Argentina,45649750,City of Buenos Aires,3063728,NA,NA,NA,NA,4,0,NA,5,0,NA
2020-03-08,Argentina,45649750,City of Buenos Aires,3063728,NA,NA,NA,NA,2,0,NA,8,1,NA
2020-03-10,Argentina,45649750,City of Buenos Aires,3063728,NA,NA,NA,NA,1,1,NA,10,2,NA
2020-03-12,Argentina,45649750,City of Buenos Aires,3063728,NA,NA,NA,NA,1,0,NA,13,2,NA
2020-03-14,Argentina,45649750,City of Buenos Aires,3063728,NA,NA,NA,NA,5,0,NA,21,2,NA
2020-03-16,Argentina,45649750,City of Buenos Aires,3063728,NA,NA,NA,NA,3,0,NA,31,3,NA
2020-03-18,Argentina,45649750,City of Buenos Aires,3063728,NA,NA,NA,NA,17,1,NA,54,5,NA
2020-03-20,Argentina,45649750,City of Buenos Aires,3063728,NA,NA,NA,NA,10,1,NA,67,9,NA
2020-03-22,Argentina,45649750,City of Buenos Aires,3063728,NA,NA,NA,NA,12,1,NA,106,10,NA
2020-03-24,Argentina,45649750,City of Buenos Aires,3063728,NA,NA,NA,NA,27,3,NA,146,13,NA
2020-03-26,Argentina,45649750,City of Buenos Aires,3063728,NA,NA,NA,NA,45,1,NA,222,17,NA
2020-03-28,Argentina,45649750,City of Buenos Aires,3063728,NA,NA,NA,NA,23,5,NA,268,26,NA
2020-03-30,Argentina,45649750,City of Buenos Aires,3063728,NA,NA,NA,NA,16,4,NA,305,33,NA
2020-04-01,Argentina,45649750,City of Buenos Aires,3063728,NA,NA,NA,NA,20,5,NA,351,40,NA
2020-04-03,Argentina,45649750,City of Buenos Aires,3063728,NA,NA,NA,NA,33,4,NA,418,44,NA
2020-04-05,Argentina,45649750,City of Buenos Aires,3063728,NA,NA,NA,NA,20,6,NA,474,58,NA
2020-04-07,Argentina,45649750,City of Buenos Aires,3063728,NA,NA,NA,NA,13,3,NA,524,68,NA
2020-04-09,Argentina,45649750,City of Buenos Aires,3063728,NA,NA,NA,NA,24,16,NA,576,92,NA
2020-04-11,Argentina,45649750,City of Buenos Aires,3063728,NA,NA,NA,NA,8,6,NA,608,104,NA
2020-04-13,Argentina,45649750,City of Buenos Aires,3063728,NA,NA,NA,NA,9,4,NA,625,114,NA
2020-04-15,Argentina,45649750,City of Buenos Aires,3063728,NA,NA,NA,NA,32,11,NA,673,134,NA
2020-04-17,Argentina,45649750,City of Buenos Aires,3063728,NA,NA,NA,NA,15,10,NA,706,153,NA
2020-04-19,Argentina,45649750,City of Buenos Aires,3063728,NA,NA,NA,NA,19,6,NA,750,161,NA
2020-04-21,Argentina,45649750,City of Buenos Aires,3063728,NA,NA,NA,NA,53,7,NA,818,174,NA
2020-04-23,Argentina,45649750,City of Buenos Aires,3063728,NA,NA,NA,NA,49,7,NA,891,190,NA
2020-04-25,Argentina,45649750,City of Buenos Aires,3063728,NA,NA,NA,NA,55,9,NA,1020,211,NA
2020-04-27,Argentina,45649750,City of Buenos Aires,3063728,NA,NA,NA,NA,39,8,NA,1092,225,NA
2020-04-29,Argentina,45649750,City of Buenos Aires,3063728,NA,NA,NA,NA,27,11,NA,1161,247,NA
2020-05-01,Argentina,45649750,City of Buenos Aires,3063728,NA,NA,NA,NA,57,14,NA,1244,269,NA
2020-05-03,Argentina,45649750,City of Buenos Aires,3063728,NA,NA,NA,NA,41,7,NA,1332,280,NA
2020-05-05,Argentina,45649750,City of Buenos Aires,3063728,NA,NA,NA,NA,77,5,NA,1462,292,NA
2020-05-07,Argentina,45649750,City of Buenos Aires,3063728,NA,NA,NA,NA,134,8,NA,1699,306,NA
2020-05-09,Argentina,45649750,City of Buenos Aires,3063728,NA,NA,NA,NA,146,10,NA,1949,322,NA
2020-05-11,Argentina,45649750,City of Buenos Aires,3063728,NA,NA,NA,NA,169,9,NA,2239,343,NA
2020-05-13,Argentina,45649750,City of Buenos Aires,3063728,NA,NA,NA,NA,192,10,NA,2599,359,NA
2020-05-15,Argentina,45649750,City of Buenos Aires,3063728,NA,NA,NA,NA,264,7,NA,3032,368,NA
2020-05-17,Argentina,45649750,City of Buenos Aires,3063728,NA,NA,NA,NA,150,10,NA,3350,385,NA
2020-05-19,Argentina,45649750,City of Buenos Aires,3063728,NA,NA,NA,NA,334,4,NA,3862,397,NA
2020-05-21,Argentina,45649750,City of Buenos Aires,3063728,NA,NA,NA,NA,435,8,NA,4667,413,NA
2020-05-23,Argentina,45649750,City of Buenos Aires,3063728,NA,NA,NA,NA,355,4,NA,5496,423,NA
2020-05-25,Argentina,45649750,City of Buenos Aires,3063728,NA,NA,NA,NA,278,10,NA,6108,448,NA
2020-05-27,Argentina,45649750,City of Buenos Aires,3063728,NA,NA,NA,NA,397,6,NA,6852,466,NA
2020-05-29,Argentina,45649750,City of Buenos Aires,3063728,NA,NA,NA,NA,447,8,NA,7764,484,NA
2020-05-31,Argentina,45649750,City of Buenos Aires,3063728,NA,NA,NA,NA,317,6,NA,8430,502,NA
2020-06-02,Argentina,45649750,City of Buenos Aires,3063728,NA,NA,NA,NA,411,9,NA,9211,521,NA
2020-06-04,Argentina,45649750,City of Buenos Aires,3063728,NA,NA,NA,NA,420,21,NA,10092,556,NA
2020-06-06,Argentina,45649750,City of Buenos Aires,3063728,NA,NA,NA,NA,490,16,NA,11058,583,NA
2020-06-08,Argentina,45649750,City of Buenos Aires,3063728,NA,NA,NA,NA,505,15,NA,11855,605,NA
2020-06-10,Argentina,45649750,City of Buenos Aires,3063728,NA,NA,NA,NA,539,17,NA,12997,633,NA
2020-06-12,Argentina,45649750,City of Buenos Aires,3063728,NA,NA,NA,NA,681,13,NA,14330,666,NA
2020-06-14,Argentina,45649750,City of Buenos Aires,3063728,NA,NA,NA,NA,474,21,NA,15353,699,NA
2020-06-16,Argentina,45649750,City of Buenos Aires,3063728,NA,NA,NA,NA,688,21,NA,16549,733,NA
2020-06-18,Argentina,45649750,City of Buenos Aires,3063728,NA,NA,NA,NA,799,13,NA,18070,761,NA
2020-06-20,Argentina,45649750,City of Buenos Aires,3063728,NA,NA,NA,NA,808,17,NA,19675,790,NA
2020-06-22,Argentina,45649750,City of Buenos Aires,3063728,NA,NA,NA,NA,951,15,NA,21368,821,NA
2020-06-24,Argentina,45649750,City of Buenos Aires,3063728,NA,NA,NA,NA,949,15,NA,23290,856,NA
2020-06-26,Argentina,45649750,City of Buenos Aires,3063728,NA,NA,NA,NA,974,16,NA,25277,890,NA
2020-06-28,Argentina,45649750,City of Buenos Aires,3063728,NA,NA,NA,NA,737,15,NA,26720,925,NA
2020-06-30,Argentina,45649750,City of Buenos Aires,3063728,NA,NA,NA,NA,920,19,NA,28443,956,NA
2020-07-02,Argentina,45649750,City of Buenos Aires,3063728,NA,NA,NA,NA,955,25,NA,30208,1004,NA
2020-07-04,Argentina,45649750,City of Buenos Aires,3063728,NA,NA,NA,NA,911,21,NA,32172,1049,NA
2020-07-06,Argentina,45649750,City of Buenos Aires,3063728,NA,NA,NA,NA,955,13,NA,33894,1087,NA
2020-07-08,Argentina,45649750,City of Buenos Aires,3063728,NA,NA,NA,NA,1197,29,NA,36102,1142,NA
2020-07-10,Argentina,45649750,City of Buenos Aires,3063728,NA,NA,NA,NA,964,21,NA,38073,1185,NA
2020-07-12,Argentina,45649750,City of Buenos Aires,3063728,NA,NA,NA,NA,642,30,NA,39580,1248,NA
2020-07-14,Argentina,45649750,City of Buenos Aires,3063728,NA,NA,NA,NA,1119,39,NA,41668,1322,NA
2020-07-16,Argentina,45649750,City of Buenos Aires,3063728,NA,NA,NA,NA,1106,44,NA,43952,1396,NA
2020-07-18,Argentina,45649750,City of Buenos Aires,3063728,NA,NA,NA,NA,1129,29,NA,46352,1449,NA
2020-07-20,Argentina,45649750,City of Buenos Aires,3063728,NA,NA,NA,NA,1277,43,NA,48487,1530,NA
2020-07-22,Argentina,45649750,City of Buenos Aires,3063728,NA,NA,NA,NA,1206,31,NA,51105,1595,NA
2020-07-24,Argentina,45649750,City of Buenos Aires,3063728,NA,NA,NA,NA,1299,36,NA,53641,1656,NA
2020-07-26,Argentina,45649750,City of Buenos Aires,3063728,NA,NA,NA,NA,931,30,NA,55506,1712,NA
2020-07-28,Argentina,45649750,City of Buenos Aires,3063728,NA,NA,NA,NA,1244,29,NA,57734,1778,NA
2020-07-30,Argentina,45649750,City of Buenos Aires,3063728,NA,NA,NA,NA,1128,33,NA,59991,1839,NA
2020-08-01,Argentina,45649750,City of Buenos Aires,3063728,NA,NA,NA,NA,1041,29,NA,62160,1891,NA
2020-08-03,Argentina,45649750,City of Buenos Aires,3063728,NA,NA,NA,NA,1345,28,NA,64516,1963,NA
2020-08-05,Argentina,45649750,City of Buenos Aires,3063728,NA,NA,NA,NA,1434,31,NA,67380,2018,NA
2020-08-07,Argentina,45649750,City of Buenos Aires,3063728,NA,NA,NA,NA,1092,33,NA,69631,2086,NA
2020-08-09,Argentina,45649750,City of Buenos Aires,3063728,NA,NA,NA,NA,782,31,NA,71368,2145,NA
2020-08-11,Argentina,45649750,City of Buenos Aires,3063728,NA,NA,NA,NA,967,26,NA,73330,2196,NA
2020-08-13,Argentina,45649750,City of Buenos Aires,3063728,NA,NA,NA,NA,1009,25,NA,75270,2248,NA
2020-08-15,Argentina,45649750,City of Buenos Aires,3063728,NA,NA,NA,NA,601,9,NA,76788,2267,NA
2020-08-17,Argentina,45649750,City of Buenos Aires,3063728,NA,NA,NA,NA,0,0,NA,76857,2270,NA
2020-01-01,Argentina,45649750,San Luis,502000,NA,NA,NA,NA,0,0,NA,0,0,NA
2020-01-03,Argentina,45649750,San Luis,502000,NA,NA,NA,NA,0,0,NA,0,0,NA
2020-01-05,Argentina,45649750,San Luis,502000,NA,NA,NA,NA,0,0,NA,0,0,NA
2020-01-07,Argentina,45649750,San Luis,502000,NA,NA,NA,NA,0,0,NA,0,0,NA
2020-01-09,Argentina,45649750,San Luis,502000,NA,NA,NA,NA,0,0,NA,0,0,NA
2020-01-11,Argentina,45649750,San Luis,502000,NA,NA,NA,NA,0,0,NA,0,0,NA
2020-01-13,Argentina,45649750,San Luis,502000,NA,NA,NA,NA,0,0,NA,0,0,NA
2020-01-15,Argentina,45649750,San Luis,502000,NA,NA,NA,NA,0,0,NA,0,0,NA
2020-01-17,Argentina,45649750,San Luis,502000,NA,NA,NA,NA,0,0,NA,0,0,NA
2020-01-19,Argentina,45649750,San Luis,502000,NA,NA,NA,NA,0,0,NA,0,0,NA
2020-01-21,Argentina,45649750,San Luis,502000,NA,NA,NA,NA,0,0,NA,0,0,NA
2020-01-23,Argentina,45649750,San Luis,502000,NA,NA,NA,NA,0,0,NA,0,0,NA
2020-01-25,Argentina,45649750,San Luis,502000,NA,NA,NA,NA,0,0,NA,0,0,NA
2020-01-27,Argentina,45649750,San Luis,502000,NA,NA,NA,NA,0,0,NA,0,0,NA
2020-01-29,Argentina,45649750,San Luis,502000,NA,NA,NA,NA,0,0,NA,0,0,NA
2020-01-31,Argentina,45649750,San Luis,502000,NA,NA,NA,NA,0,0,NA,0,0,NA
2020-02-02,Argentina,45649750,San Luis,502000,NA,NA,NA,NA,0,0,NA,0,0,NA
2020-02-04,Argentina,45649750,San Luis,502000,NA,NA,NA,NA,0,0,NA,0,0,NA
2020-02-06,Argentina,45649750,San Luis,502000,NA,NA,NA,NA,0,0,NA,0,0,NA
2020-02-08,Argentina,45649750,San Luis,502000,NA,NA,NA,NA,0,0,NA,0,0,NA
2020-02-10,Argentina,45649750,San Luis,502000,NA,NA,NA,NA,0,0,NA,0,0,NA
2020-02-12,Argentina,45649750,San Luis,502000,NA,NA,NA,NA,0,0,NA,0,0,NA
2020-02-14,Argentina,45649750,San Luis,502000,NA,NA,NA,NA,0,0,NA,0,0,NA
2020-02-16,Argentina,45649750,San Luis,502000,NA,NA,NA,NA,0,0,NA,0,0,NA
2020-02-18,Argentina,45649750,San Luis,502000,NA,NA,NA,NA,0,0,NA,0,0,NA
2020-02-20,Argentina,45649750,San Luis,502000,NA,NA,NA,NA,0,0,NA,0,0,NA
2020-02-22,Argentina,45649750,San Luis,502000,NA,NA,NA,NA,0,0,NA,0,0,NA
2020-02-24,Argentina,45649750,San Luis,502000,NA,NA,NA,NA,0,0,NA,0,0,NA
2020-02-26,Argentina,45649750,San Luis,502000,NA,NA,NA,NA,0,0,NA,0,0,NA
2020-02-28,Argentina,45649750,San Luis,502000,NA,NA,NA,NA,0,0,NA,0,0,NA
2020-03-01,Argentina,45649750,San Luis,502000,NA,NA,NA,NA,0,0,NA,0,0,NA
2020-03-03,Argentina,45649750,San Luis,502000,NA,NA,NA,NA,0,0,NA,0,0,NA
2020-03-05,Argentina,45649750,San Luis,502000,NA,NA,NA,NA,0,0,NA,0,0,NA
2020-03-07,Argentina,45649750,San Luis,502000,NA,NA,NA,NA,0,0,NA,0,0,NA
2020-03-09,Argentina,45649750,San Luis,502000,NA,NA,NA,NA,1,0,NA,1,0,NA
2020-03-11,Argentina,45649750,San Luis,502000,NA,NA,NA,NA,0,0,NA,1,0,NA
2020-03-13,Argentina,45649750,San Luis,502000,NA,NA,NA,NA,0,0,NA,1,0,NA
2020-03-15,Argentina,45649750,San Luis,502000,NA,NA,NA,NA,0,0,NA,1,0,NA
2020-03-17,Argentina,45649750,San Luis,502000,NA,NA,NA,NA,0,0,NA,1,0,NA
2020-03-19,Argentina,45649750,San Luis,502000,NA,NA,NA,NA,0,0,NA,1,0,NA
2020-03-21,Argentina,45649750,San Luis,502000,NA,NA,NA,NA,0,0,NA,2,0,NA
2020-03-23,Argentina,45649750,San Luis,502000,NA,NA,NA,NA,0,0,NA,2,0,NA
2020-03-25,Argentina,45649750,San Luis,502000,NA,NA,NA,NA,4,0,NA,6,0,NA
2020-03-27,Argentina,45649750,San Luis,502000,NA,NA,NA,NA,0,0,NA,7,0,NA
2020-03-29,Argentina,45649750,San Luis,502000,NA,NA,NA,NA,0,0,NA,7,0,NA
2020-03-31,Argentina,45649750,San Luis,502000,NA,NA,NA,NA,1,0,NA,8,0,NA
2020-04-02,Argentina,45649750,San Luis,502000,NA,NA,NA,NA,1,0,NA,10,0,NA
2020-04-04,Argentina,45649750,San Luis,502000,NA,NA,NA,NA,0,0,NA,10,0,NA
2020-04-06,Argentina,45649750,San Luis,502000,NA,NA,NA,NA,0,0,NA,11,0,NA
2020-04-08,Argentina,45649750,San Luis,502000,NA,NA,NA,NA,0,0,NA,11,0,NA
2020-04-10,Argentina,45649750,San Luis,502000,NA,NA,NA,NA,0,0,NA,11,0,NA
2020-04-12,Argentina,45649750,San Luis,502000,NA,NA,NA,NA,0,0,NA,11,0,NA
2020-04-14,Argentina,45649750,San Luis,502000,NA,NA,NA,NA,0,0,NA,11,0,NA
2020-04-16,Argentina,45649750,San Luis,502000,NA,NA,NA,NA,0,0,NA,11,0,NA
2020-04-18,Argentina,45649750,San Luis,502000,NA,NA,NA,NA,0,0,NA,11,0,NA
2020-04-20,Argentina,45649750,San Luis,502000,NA,NA,NA,NA,0,0,NA,11,0,NA
2020-04-22,Argentina,45649750,San Luis,502000,NA,NA,NA,NA,0,0,NA,11,0,NA
2020-04-24,Argentina,45649750,San Luis,502000,NA,NA,NA,NA,0,0,NA,11,0,NA
2020-04-26,Argentina,45649750,San Luis,502000,NA,NA,NA,NA,0,0,NA,11,0,NA
2020-04-28,Argentina,45649750,San Luis,502000,NA,NA,NA,NA,0,0,NA,11,0,NA
2020-04-30,Argentina,45649750,San Luis,502000,NA,NA,NA,NA,0,0,NA,11,0,NA
2020-05-02,Argentina,45649750,San Luis,502000,NA,NA,NA,NA,0,0,NA,11,0,NA
2020-05-04,Argentina,45649750,San Luis,502000,NA,NA,NA,NA,0,0,NA,11,0,NA
2020-05-06,Argentina,45649750,San Luis,502000,NA,NA,NA,NA,0,0,NA,11,0,NA
2020-05-08,Argentina,45649750,San Luis,502000,NA,NA,NA,NA,0,0,NA,11,0,NA
2020-05-10,Argentina,45649750,San Luis,502000,NA,NA,NA,NA,0,0,NA,11,0,NA
2020-05-12,Argentina,45649750,San Luis,502000,NA,NA,NA,NA,0,0,NA,11,0,NA
2020-05-14,Argentina,45649750,San Luis,502000,NA,NA,NA,NA,0,0,NA,11,0,NA
2020-05-16,Argentina,45649750,San Luis,502000,NA,NA,NA,NA,0,0,NA,11,0,NA
2020-05-18,Argentina,45649750,San Luis,502000,NA,NA,NA,NA,0,0,NA,11,0,NA
2020-05-20,Argentina,45649750,San Luis,502000,NA,NA,NA,NA,0,0,NA,11,0,NA
2020-05-22,Argentina,45649750,San Luis,502000,NA,NA,NA,NA,0,0,NA,11,0,NA
2020-05-24,Argentina,45649750,San Luis,502000,NA,NA,NA,NA,0,0,NA,11,0,NA
2020-05-26,Argentina,45649750,San Luis,502000,NA,NA,NA,NA,0,0,NA,11,0,NA
2020-05-28,Argentina,45649750,San Luis,502000,NA,NA,NA,NA,0,1,NA,11,1,NA
2020-05-30,Argentina,45649750,San Luis,502000,NA,NA,NA,NA,0,0,NA,11,1,NA
2020-06-01,Argentina,45649750,San Luis,502000,NA,NA,NA,NA,0,0,NA,11,1,NA
2020-06-03,Argentina,45649750,San Luis,502000,NA,NA,NA,NA,0,0,NA,11,1,NA
2020-06-05,Argentina,45649750,San Luis,502000,NA,NA,NA,NA,0,0,NA,11,1,NA
2020-06-07,Argentina,45649750,San Luis,502000,NA,NA,NA,NA,0,0,NA,11,1,NA
2020-06-09,Argentina,45649750,San Luis,502000,NA,NA,NA,NA,0,0,NA,11,3,NA
2020-06-11,Argentina,45649750,San Luis,502000,NA,NA,NA,NA,0,0,NA,11,3,NA
2020-06-13,Argentina,45649750,San Luis,502000,NA,NA,NA,NA,0,0,NA,11,3,NA
2020-06-15,Argentina,45649750,San Luis,502000,NA,NA,NA,NA,0,0,NA,11,3,NA
2020-06-17,Argentina,45649750,San Luis,502000,NA,NA,NA,NA,0,0,NA,11,3,NA
2020-06-19,Argentina,45649750,San Luis,502000,NA,NA,NA,NA,0,0,NA,11,3,NA
2020-06-21,Argentina,45649750,San Luis,502000,NA,NA,NA,NA,0,0,NA,11,3,NA
2020-06-23,Argentina,45649750,San Luis,502000,NA,NA,NA,NA,0,0,NA,11,3,NA
2020-06-25,Argentina,45649750,San Luis,502000,NA,NA,NA,NA,0,0,NA,11,3,NA
2020-06-27,Argentina,45649750,San Luis,502000,NA,NA,NA,NA,0,0,NA,11,3,NA
2020-06-29,Argentina,45649750,San Luis,502000,NA,NA,NA,NA,0,0,NA,11,3,NA
2020-07-01,Argentina,45649750,San Luis,502000,NA,NA,NA,NA,0,0,NA,11,3,NA
2020-07-03,Argentina,45649750,San Luis,502000,NA,NA,NA,NA,1,0,NA,12,3,NA
2020-07-05,Argentina,45649750,San Luis,502000,NA,NA,NA,NA,0,0,NA,12,3,NA
2020-07-07,Argentina,45649750,San Luis,502000,NA,NA,NA,NA,0,0,NA,12,3,NA
2020-07-09,Argentina,45649750,San Luis,502000,NA,NA,NA,NA,0,0,NA,12,3,NA
2020-07-11,Argentina,45649750,San Luis,502000,NA,NA,NA,NA,0,0,NA,12,3,NA
2020-07-13,Argentina,45649750,San Luis,502000,NA,NA,NA,NA,0,0,NA,13,3,NA
2020-07-15,Argentina,45649750,San Luis,502000,NA,NA,NA,NA,0,0,NA,13,3,NA
2020-07-17,Argentina,45649750,San Luis,502000,NA,NA,NA,NA,1,0,NA,14,3,NA
2020-07-19,Argentina,45649750,San Luis,502000,NA,NA,NA,NA,0,0,NA,14,3,NA
2020-07-21,Argentina,45649750,San Luis,502000,NA,NA,NA,NA,1,0,NA,16,3,NA
2020-07-23,Argentina,45649750,San Luis,502000,NA,NA,NA,NA,0,0,NA,18,3,NA
2020-07-25,Argentina,45649750,San Luis,502000,NA,NA,NA,NA,0,0,NA,19,3,NA
2020-07-27,Argentina,45649750,San Luis,502000,NA,NA,NA,NA,0,0,NA,19,3,NA
2020-07-29,Argentina,45649750,San Luis,502000,NA,NA,NA,NA,1,0,NA,22,3,NA
2020-07-31,Argentina,45649750,San Luis,502000,NA,NA,NA,NA,0,0,NA,25,3,NA
2020-08-02,Argentina,45649750,San Luis,502000,NA,NA,NA,NA,0,0,NA,26,3,NA
2020-08-04,Argentina,45649750,San Luis,502000,NA,NA,NA,NA,4,0,NA,30,3,NA
2020-08-06,Argentina,45649750,San Luis,502000,NA,NA,NA,NA,0,0,NA,30,3,NA
2020-08-08,Argentina,45649750,San Luis,502000,NA,NA,NA,NA,0,0,NA,30,3,NA
2020-08-10,Argentina,45649750,San Luis,502000,NA,NA,NA,NA,1,0,NA,31,3,NA
2020-08-12,Argentina,45649750,San Luis,502000,NA,NA,NA,NA,0,0,NA,31,3,NA
2020-08-14,Argentina,45649750,San Luis,502000,NA,NA,NA,NA,0,0,NA,33,3,NA
2020-08-16,Argentina,45649750,San Luis,502000,NA,NA,NA,NA,0,0,NA,34,3,NA
2020-08-18,Argentina,45649750,San Luis,502000,NA,NA,NA,NA,0,0,NA,34,3,NA
2020-01-02,Argentina,45649750,Entre Ríos,1373270,NA,NA,NA,NA,0,0,NA,0,0,NA
2020-01-04,Argentina,45649750,Entre Ríos,1373270,NA,NA,NA,NA,0,0,NA,0,0,NA
2020-01-06,Argentina,45649750,Entre Ríos,1373270,NA,NA,NA,NA,0,0,NA,0,0,NA
2020-01-08,Argentina,45649750,Entre Ríos,1373270,NA,NA,NA,NA,0,0,NA,0,0,NA
2020-01-10,Argentina,45649750,Entre Ríos,1373270,NA,NA,NA,NA,0,0,NA,0,0,NA
2020-01-12,Argentina,45649750,Entre Ríos,1373270,NA,NA,NA,NA,0,0,NA,0,0,NA
2020-01-14,Argentina,45649750,Entre Ríos,1373270,NA,NA,NA,NA,0,0,NA,0,0,NA
2020-01-16,Argentina,45649750,Entre Ríos,1373270,NA,NA,NA,NA,0,0,NA,0,0,NA
2020-01-18,Argentina,45649750,Entre Ríos,1373270,NA,NA,NA,NA,0,0,NA,0,0,NA
2020-01-20,Argentina,45649750,Entre Ríos,1373270,NA,NA,NA,NA,0,0,NA,0,0,NA
2020-01-22,Argentina,45649750,Entre Ríos,1373270,NA,NA,NA,NA,0,0,NA,0,0,NA
2020-01-24,Argentina,45649750,Entre Ríos,1373270,NA,NA,NA,NA,0,0,NA,0,0,NA
2020-01-26,Argentina,45649750,Entre Ríos,1373270,NA,NA,NA,NA,0,0,NA,0,0,NA
2020-01-28,Argentina,45649750,Entre Ríos,1373270,NA,NA,NA,NA,0,0,NA,0,0,NA
2020-01-30,Argentina,45649750,Entre Ríos,1373270,NA,NA,NA,NA,0,0,NA,0,0,NA
2020-02-01,Argentina,45649750,Entre Ríos,1373270,NA,NA,NA,NA,0,0,NA,0,0,NA
2020-02-03,Argentina,45649750,Entre Ríos,1373270,NA,NA,NA,NA,0,0,NA,0,0,NA
2020-02-05,Argentina,45649750,Entre Ríos,1373270,NA,NA,NA,NA,0,0,NA,0,0,NA
2020-02-07,Argentina,45649750,Entre Ríos,1373270,NA,NA,NA,NA,0,0,NA,0,0,NA
2020-02-09,Argentina,45649750,Entre Ríos,1373270,NA,NA,NA,NA,0,0,NA,0,0,NA
2020-02-11,Argentina,45649750,Entre Ríos,1373270,NA,NA,NA,NA,0,0,NA,0,0,NA
2020-02-13,Argentina,45649750,Entre Ríos,1373270,NA,NA,NA,NA,0,0,NA,0,0,NA
2020-02-15,Argentina,45649750,Entre Ríos,1373270,NA,NA,NA,NA,0,0,NA,0,0,NA
2020-02-17,Argentina,45649750,Entre Ríos,1373270,NA,NA,NA,NA,0,0,NA,0,0,NA
2020-02-19,Argentina,45649750,Entre Ríos,1373270,NA,NA,NA,NA,0,0,NA,0,0,NA
2020-02-21,Argentina,45649750,Entre Ríos,1373270,NA,NA,NA,NA,0,0,NA,0,0,NA
2020-02-23,Argentina,45649750,Entre Ríos,1373270,NA,NA,NA,NA,0,0,NA,0,0,NA
2020-02-25,Argentina,45649750,Entre Ríos,1373270,NA,NA,NA,NA,0,0,NA,0,0,NA
2020-02-27,Argentina,45649750,Entre Ríos,1373270,NA,NA,NA,NA,0,0,NA,0,0,NA
2020-02-29,Argentina,45649750,Entre Ríos,1373270,NA,NA,NA,NA,0,0,NA,0,0,NA
2020-03-02,Argentina,45649750,Entre Ríos,1373270,NA,NA,NA,NA,0,0,NA,0,0,NA
2020-03-04,Argentina,45649750,Entre Ríos,1373270,NA,NA,NA,NA,0,0,NA,0,0,NA
2020-03-06,Argentina,45649750,Entre Ríos,1373270,NA,NA,NA,NA,0,0,NA,0,0,NA
2020-03-08,Argentina,45649750,Entre Ríos,1373270,NA,NA,NA,NA,0,0,NA,0,0,NA
2020-03-10,Argentina,45649750,Entre Ríos,1373270,NA,NA,NA,NA,0,0,NA,0,0,NA
2020-03-12,Argentina,45649750,Entre Ríos,1373270,NA,NA,NA,NA,0,0,NA,1,0,NA
2020-03-14,Argentina,45649750,Entre Ríos,1373270,NA,NA,NA,NA,0,0,NA,1,0,NA
2020-03-16,Argentina,45649750,Entre Ríos,1373270,NA,NA,NA,NA,0,0,NA,1,0,NA
2020-03-18,Argentina,45649750,Entre Ríos,1373270,NA,NA,NA,NA,0,0,NA,3,0,NA
2020-03-20,Argentina,45649750,Entre Ríos,1373270,NA,NA,NA,NA,1,0,NA,4,0,NA
2020-03-22,Argentina,45649750,Entre Ríos,1373270,NA,NA,NA,NA,0,0,NA,4,0,NA
2020-03-24,Argentina,45649750,Entre Ríos,1373270,NA,NA,NA,NA,0,0,NA,4,0,NA
2020-03-26,Argentina,45649750,Entre Ríos,1373270,NA,NA,NA,NA,3,0,NA,9,0,NA
2020-03-28,Argentina,45649750,Entre Ríos,1373270,NA,NA,NA,NA,0,0,NA,9,1,NA
2020-03-30,Argentina,45649750,Entre Ríos,1373270,NA,NA,NA,NA,3,2,NA,12,3,NA
2020-04-01,Argentina,45649750,Entre Ríos,1373270,NA,NA,NA,NA,2,0,NA,14,3,NA
2020-04-03,Argentina,45649750,Entre Ríos,1373270,NA,NA,NA,NA,2,0,NA,17,3,NA
2020-04-05,Argentina,45649750,Entre Ríos,1373270,NA,NA,NA,NA,0,0,NA,18,3,NA
2020-04-07,Argentina,45649750,Entre Ríos,1373270,NA,NA,NA,NA,0,1,NA,19,5,NA
2020-04-09,Argentina,45649750,Entre Ríos,1373270,NA,NA,NA,NA,1,1,NA,20,8,NA
2020-04-11,Argentina,45649750,Entre Ríos,1373270,NA,NA,NA,NA,0,1,NA,20,14,NA
2020-04-13,Argentina,45649750,Entre Ríos,1373270,NA,NA,NA,NA,0,0,NA,20,14,NA
2020-04-15,Argentina,45649750,Entre Ríos,1373270,NA,NA,NA,NA,1,1,NA,21,17,NA
2020-04-17,Argentina,45649750,Entre Ríos,1373270,NA,NA,NA,NA,0,0,NA,21,18,NA
2020-04-19,Argentina,45649750,Entre Ríos,1373270,NA,NA,NA,NA,0,1,NA,21,22,NA
2020-04-21,Argentina,45649750,Entre Ríos,1373270,NA,NA,NA,NA,0,3,NA,21,29,NA
2020-04-23,Argentina,45649750,Entre Ríos,1373270,NA,NA,NA,NA,0,1,NA,21,31,NA
2020-04-25,Argentina,45649750,Entre Ríos,1373270,NA,NA,NA,NA,0,0,NA,21,32,NA
2020-04-27,Argentina,45649750,Entre Ríos,1373270,NA,NA,NA,NA,1,1,NA,22,33,NA
2020-04-29,Argentina,45649750,Entre Ríos,1373270,NA,NA,NA,NA,0,0,NA,22,34,NA
2020-05-01,Argentina,45649750,Entre Ríos,1373270,NA,NA,NA,NA,0,0,NA,24,36,NA
2020-05-03,Argentina,45649750,Entre Ríos,1373270,NA,NA,NA,NA,0,0,NA,26,38,NA
2020-05-05,Argentina,45649750,Entre Ríos,1373270,NA,NA,NA,NA,1,2,NA,28,40,NA
2020-05-07,Argentina,45649750,Entre Ríos,1373270,NA,NA,NA,NA,0,1,NA,28,41,NA
2020-05-09,Argentina,45649750,Entre Ríos,1373270,NA,NA,NA,NA,0,2,NA,28,44,NA
2020-05-11,Argentina,45649750,Entre Ríos,1373270,NA,NA,NA,NA,0,1,NA,28,45,NA
2020-05-13,Argentina,45649750,Entre Ríos,1373270,NA,NA,NA,NA,0,1,NA,29,46,NA
2020-05-15,Argentina,45649750,Entre Ríos,1373270,NA,NA,NA,NA,0,1,NA,29,47,NA
2020-05-17,Argentina,45649750,Entre Ríos,1373270,NA,NA,NA,NA,0,1,NA,29,49,NA
2020-05-19,Argentina,45649750,Entre Ríos,1373270,NA,NA,NA,NA,0,0,NA,29,50,NA
2020-05-21,Argentina,45649750,Entre Ríos,1373270,NA,NA,NA,NA,0,0,NA,29,52,NA
2020-05-23,Argentina,45649750,Entre Ríos,1373270,NA,NA,NA,NA,0,0,NA,29,53,NA
2020-05-25,Argentina,45649750,Entre Ríos,1373270,NA,NA,NA,NA,0,1,NA,29,55,NA
2020-05-27,Argentina,45649750,Entre Ríos,1373270,NA,NA,NA,NA,0,1,NA,29,58,NA
2020-05-29,Argentina,45649750,Entre Ríos,1373270,NA,NA,NA,NA,0,0,NA,30,58,NA
2020-05-31,Argentina,45649750,Entre Ríos,1373270,NA,NA,NA,NA,0,1,NA,31,61,NA
2020-06-02,Argentina,45649750,Entre Ríos,1373270,NA,NA,NA,NA,0,2,NA,33,64,NA
2020-06-04,Argentina,45649750,Entre Ríos,1373270,NA,NA,NA,NA,4,3,NA,39,67,NA
2020-06-06,Argentina,45649750,Entre Ríos,1373270,NA,NA,NA,NA,4,2,NA,50,72,NA
2020-06-08,Argentina,45649750,Entre Ríos,1373270,NA,NA,NA,NA,2,0,NA,54,73,NA
2020-06-10,Argentina,45649750,Entre Ríos,1373270,NA,NA,NA,NA,6,1,NA,63,75,NA
2020-06-12,Argentina,45649750,Entre Ríos,1373270,NA,NA,NA,NA,2,1,NA,70,77,NA
2020-06-14,Argentina,45649750,Entre Ríos,1373270,NA,NA,NA,NA,1,0,NA,88,78,NA
2020-06-16,Argentina,45649750,Entre Ríos,1373270,NA,NA,NA,NA,7,1,NA,104,82,NA
2020-06-18,Argentina,45649750,Entre Ríos,1373270,NA,NA,NA,NA,4,2,NA,113,84,NA
2020-06-20,Argentina,45649750,Entre Ríos,1373270,NA,NA,NA,NA,19,0,NA,132,84,NA
2020-06-22,Argentina,45649750,Entre Ríos,1373270,NA,NA,NA,NA,17,0,NA,157,87,NA
2020-06-24,Argentina,45649750,Entre Ríos,1373270,NA,NA,NA,NA,24,2,NA,198,91,NA
2020-06-26,Argentina,45649750,Entre Ríos,1373270,NA,NA,NA,NA,21,1,NA,235,92,NA
2020-06-28,Argentina,45649750,Entre Ríos,1373270,NA,NA,NA,NA,24,0,NA,269,93,NA
2020-06-30,Argentina,45649750,Entre Ríos,1373270,NA,NA,NA,NA,5,2,NA,279,98,NA
2020-07-02,Argentina,45649750,Entre Ríos,1373270,NA,NA,NA,NA,15,0,NA,303,100,NA
2020-07-04,Argentina,45649750,Entre Ríos,1373270,NA,NA,NA,NA,6,1,NA,319,102,NA
2020-07-06,Argentina,45649750,Entre Ríos,1373270,NA,NA,NA,NA,5,1,NA,330,108,NA
2020-07-08,Argentina,45649750,Entre Ríos,1373270,NA,NA,NA,NA,11,2,NA,350,113,NA
2020-07-10,Argentina,45649750,Entre Ríos,1373270,NA,NA,NA,NA,25,0,NA,395,117,NA
2020-07-12,Argentina,45649750,Entre Ríos,1373270,NA,NA,NA,NA,60,3,NA,486,120,NA
2020-07-14,Argentina,45649750,Entre Ríos,1373270,NA,NA,NA,NA,20,2,NA,549,125,NA
2020-07-16,Argentina,45649750,Entre Ríos,1373270,NA,NA,NA,NA,14,0,NA,572,128,NA
2020-07-18,Argentina,45649750,Entre Ríos,1373270,NA,NA,NA,NA,15,0,NA,611,129,NA
2020-07-20,Argentina,45649750,Entre Ríos,1373270,NA,NA,NA,NA,19,2,NA,644,132,NA
2020-07-22,Argentina,45649750,Entre Ríos,1373270,NA,NA,NA,NA,28,1,NA,683,136,NA
2020-07-24,Argentina,45649750,Entre Ríos,1373270,NA,NA,NA,NA,10,1,NA,721,137,NA
2020-07-26,Argentina,45649750,Entre Ríos,1373270,NA,NA,NA,NA,22,0,NA,760,139,NA
2020-07-28,Argentina,45649750,Entre Ríos,1373270,NA,NA,NA,NA,8,3,NA,772,145,NA
2020-07-30,Argentina,45649750,Entre Ríos,1373270,NA,NA,NA,NA,22,0,NA,808,145,NA
2020-08-01,Argentina,45649750,Entre Ríos,1373270,NA,NA,NA,NA,12,1,NA,832,146,NA
2020-08-03,Argentina,45649750,Entre Ríos,1373270,NA,NA,NA,NA,31,1,NA,885,150,NA
2020-08-05,Argentina,45649750,Entre Ríos,1373270,NA,NA,NA,NA,41,4,NA,949,154,NA
2020-08-07,Argentina,45649750,Entre Ríos,1373270,NA,NA,NA,NA,47,0,NA,1062,154,NA
2020-08-09,Argentina,45649750,Entre Ríos,1373270,NA,NA,NA,NA,72,0,NA,1166,154,NA
2020-08-11,Argentina,45649750,Entre Ríos,1373270,NA,NA,NA,NA,34,1,NA,1248,157,NA
2020-08-13,Argentina,45649750,Entre Ríos,1373270,NA,NA,NA,NA,62,2,NA,1377,161,NA
2020-08-15,Argentina,45649750,Entre Ríos,1373270,NA,NA,NA,NA,72,2,NA,1560,166,NA
2020-08-17,Argentina,45649750,Entre Ríos,1373270,NA,NA,NA,NA,0,0,NA,1630,166,NA
2020-01-01,Argentina,45649750,La Rioja,388386,NA,NA,NA,NA,0,0,NA,0,0,NA
2020-01-03,Argentina,45649750,La Rioja,388386,NA,NA,NA,NA,0,0,NA,0,0,NA
2020-01-05,Argentina,45649750,La Rioja,388386,NA,NA,NA,NA,0,0,NA,0,0,NA
2020-01-07,Argentina,45649750,La Rioja,388386,NA,NA,NA,NA,0,0,NA,0,0,NA
2020-01-09,Argentina,45649750,La Rioja,388386,NA,NA,NA,NA,0,0,NA,0,0,NA
2020-01-11,Argentina,45649750,La Rioja,388386,NA,NA,NA,NA,0,0,NA,0,0,NA
2020-01-13,Argentina,45649750,La Rioja,388386,NA,NA,NA,NA,0,0,NA,0,0,NA
2020-01-15,Argentina,45649750,La Rioja,388386,NA,NA,NA,NA,0,0,NA,0,0,NA
2020-01-17,Argentina,45649750,La Rioja,388386,NA,NA,NA,NA,0,0,NA,0,0,NA
2020-01-19,Argentina,45649750,La Rioja,388386,NA,NA,NA,NA,0,0,NA,0,0,NA
2020-01-21,Argentina,45649750,La Rioja,388386,NA,NA,NA,NA,0,0,NA,0,0,NA
2020-01-23,Argentina,45649750,La Rioja,388386,NA,NA,NA,NA,0,0,NA,0,0,NA
2020-01-25,Argentina,45649750,La Rioja,388386,NA,NA,NA,NA,0,0,NA,0,0,NA
2020-01-27,Argentina,45649750,La Rioja,388386,NA,NA,NA,NA,0,0,NA,0,0,NA
2020-01-29,Argentina,45649750,La Rioja,388386,NA,NA,NA,NA,0,0,NA,0,0,NA
2020-01-31,Argentina,45649750,La Rioja,388386,NA,NA,NA,NA,0,0,NA,0,0,NA
2020-02-02,Argentina,45649750,La Rioja,388386,NA,NA,NA,NA,0,0,NA,0,0,NA
2020-02-04,Argentina,45649750,La Rioja,388386,NA,NA,NA,NA,0,0,NA,0,0,NA
2020-02-06,Argentina,45649750,La Rioja,388386,NA,NA,NA,NA,0,0,NA,0,0,NA
2020-02-08,Argentina,45649750,La Rioja,388386,NA,NA,NA,NA,0,0,NA,0,0,NA
2020-02-10,Argentina,45649750,La Rioja,388386,NA,NA,NA,NA,0,0,NA,0,0,NA
2020-02-12,Argentina,45649750,La Rioja,388386,NA,NA,NA,NA,0,0,NA,0,0,NA
2020-02-14,Argentina,45649750,La Rioja,388386,NA,NA,NA,NA,0,0,NA,0,0,NA
2020-02-16,Argentina,45649750,La Rioja,388386,NA,NA,NA,NA,0,0,NA,0,0,NA
2020-02-18,Argentina,45649750,La Rioja,388386,NA,NA,NA,NA,0,0,NA,0,0,NA
2020-02-20,Argentina,45649750,La Rioja,388386,NA,NA,NA,NA,0,0,NA,0,0,NA
2020-02-22,Argentina,45649750,La Rioja,388386,NA,NA,NA,NA,0,0,NA,0,0,NA
2020-02-24,Argentina,45649750,La Rioja,388386,NA,NA,NA,NA,0,0,NA,0,0,NA
2020-02-26,Argentina,45649750,La Rioja,388386,NA,NA,NA,NA,0,0,NA,0,0,NA
2020-02-28,Argentina,45649750,La Rioja,388386,NA,NA,NA,NA,0,0,NA,0,0,NA
2020-03-01,Argentina,45649750,La Rioja,388386,NA,NA,NA,NA,0,0,NA,0,0,NA
2020-03-03,Argentina,45649750,La Rioja,388386,NA,NA,NA,NA,0,0,NA,0,0,NA
2020-03-05,Argentina,45649750,La Rioja,388386,NA,NA,NA,NA,0,0,NA,0,0,NA
2020-03-07,Argentina,45649750,La Rioja,388386,NA,NA,NA,NA,0,0,NA,0,0,NA
2020-03-09,Argentina,45649750,La Rioja,388386,NA,NA,NA,NA,0,0,NA,0,0,NA
2020-03-11,Argentina,45649750,La Rioja,388386,NA,NA,NA,NA,0,0,NA,0,0,NA
2020-03-13,Argentina,45649750,La Rioja,388386,NA,NA,NA,NA,0,0,NA,0,0,NA
2020-03-15,Argentina,45649750,La Rioja,388386,NA,NA,NA,NA,0,0,NA,0,2,NA
2020-03-17,Argentina,45649750,La Rioja,388386,NA,NA,NA,NA,0,0,NA,0,2,NA
2020-03-19,Argentina,45649750,La Rioja,388386,NA,NA,NA,NA,0,0,NA,0,2,NA
2020-03-21,Argentina,45649750,La Rioja,388386,NA,NA,NA,NA,0,0,NA,0,2,NA
2020-03-23,Argentina,45649750,La Rioja,388386,NA,NA,NA,NA,0,0,NA,0,2,NA
2020-03-25,Argentina,45649750,La Rioja,388386,NA,NA,NA,NA,0,0,NA,0,3,NA
2020-03-27,Argentina,45649750,La Rioja,388386,NA,NA,NA,NA,0,0,NA,0,3,NA
2020-03-29,Argentina,45649750,La Rioja,388386,NA,NA,NA,NA,1,0,NA,1,3,NA
2020-03-31,Argentina,45649750,La Rioja,388386,NA,NA,NA,NA,0,1,NA,1,4,NA
2020-04-02,Argentina,45649750,La Rioja,388386,NA,NA,NA,NA,0,0,NA,4,4,NA
2020-04-04,Argentina,45649750,La Rioja,388386,NA,NA,NA,NA,1,0,NA,7,4,NA
2020-04-06,Argentina,45649750,La Rioja,388386,NA,NA,NA,NA,1,0,NA,9,4,NA
2020-04-08,Argentina,45649750,La Rioja,388386,NA,NA,NA,NA,4,0,NA,13,4,NA
2020-04-10,Argentina,45649750,La Rioja,388386,NA,NA,NA,NA,2,0,NA,16,4,NA
2020-04-12,Argentina,45649750,La Rioja,388386,NA,NA,NA,NA,4,0,NA,22,5,NA
2020-04-14,Argentina,45649750,La Rioja,388386,NA,NA,NA,NA,1,0,NA,29,7,NA
2020-04-16,Argentina,45649750,La Rioja,388386,NA,NA,NA,NA,1,0,NA,35,7,NA
2020-04-18,Argentina,45649750,La Rioja,388386,NA,NA,NA,NA,1,0,NA,36,8,NA
2020-04-20,Argentina,45649750,La Rioja,388386,NA,NA,NA,NA,1,0,NA,40,8,NA
2020-04-22,Argentina,45649750,La Rioja,388386,NA,NA,NA,NA,0,1,NA,45,11,NA
2020-04-24,Argentina,45649750,La Rioja,388386,NA,NA,NA,NA,5,0,NA,50,11,NA
2020-04-26,Argentina,45649750,La Rioja,388386,NA,NA,NA,NA,0,0,NA,51,11,NA
2020-04-28,Argentina,45649750,La Rioja,388386,NA,NA,NA,NA,1,0,NA,53,11,NA
2020-04-30,Argentina,45649750,La Rioja,388386,NA,NA,NA,NA,3,0,NA,56,11,NA
2020-05-02,Argentina,45649750,La Rioja,388386,NA,NA,NA,NA,0,0,NA,56,11,NA
2020-05-04,Argentina,45649750,La Rioja,388386,NA,NA,NA,NA,0,0,NA,56,11,NA
2020-05-06,Argentina,45649750,La Rioja,388386,NA,NA,NA,NA,1,0,NA,58,11,NA
2020-05-08,Argentina,45649750,La Rioja,388386,NA,NA,NA,NA,0,1,NA,59,13,NA
2020-05-10,Argentina,45649750,La Rioja,388386,NA,NA,NA,NA,1,0,NA,60,13,NA
2020-05-12,Argentina,45649750,La Rioja,388386,NA,NA,NA,NA,0,0,NA,60,13,NA
2020-05-14,Argentina,45649750,La Rioja,388386,NA,NA,NA,NA,0,0,NA,60,13,NA
2020-05-16,Argentina,45649750,La Rioja,388386,NA,NA,NA,NA,1,0,NA,61,13,NA
2020-05-18,Argentina,45649750,La Rioja,388386,NA,NA,NA,NA,0,0,NA,63,14,NA
2020-05-20,Argentina,45649750,La Rioja,388386,NA,NA,NA,NA,0,1,NA,63,15,NA
2020-05-22,Argentina,45649750,La Rioja,388386,NA,NA,NA,NA,0,0,NA,63,15,NA
2020-05-24,Argentina,45649750,La Rioja,388386,NA,NA,NA,NA,0,0,NA,63,15,NA
2020-05-26,Argentina,45649750,La Rioja,388386,NA,NA,NA,NA,0,0,NA,63,15,NA
2020-05-28,Argentina,45649750,La Rioja,388386,NA,NA,NA,NA,0,1,NA,63,16,NA
2020-05-30,Argentina,45649750,La Rioja,388386,NA,NA,NA,NA,0,0,NA,63,18,NA
2020-06-01,Argentina,45649750,La Rioja,388386,NA,NA,NA,NA,0,0,NA,63,18,NA
2020-06-03,Argentina,45649750,La Rioja,388386,NA,NA,NA,NA,0,0,NA,63,18,NA
2020-06-05,Argentina,45649750,La Rioja,388386,NA,NA,NA,NA,0,0,NA,63,18,NA
2020-06-07,Argentina,45649750,La Rioja,388386,NA,NA,NA,NA,0,0,NA,64,20,NA
2020-06-09,Argentina,45649750,La Rioja,388386,NA,NA,NA,NA,0,0,NA,64,20,NA
2020-06-11,Argentina,45649750,La Rioja,388386,NA,NA,NA,NA,0,0,NA,64,20,NA
2020-06-13,Argentina,45649750,La Rioja,388386,NA,NA,NA,NA,0,0,NA,64,20,NA
2020-06-15,Argentina,45649750,La Rioja,388386,NA,NA,NA,NA,0,0,NA,64,20,NA
2020-06-17,Argentina,45649750,La Rioja,388386,NA,NA,NA,NA,0,0,NA,64,20,NA
2020-06-19,Argentina,45649750,La Rioja,388386,NA,NA,NA,NA,0,0,NA,64,21,NA
2020-06-21,Argentina,45649750,La Rioja,388386,NA,NA,NA,NA,0,0,NA,64,21,NA
2020-06-23,Argentina,45649750,La Rioja,388386,NA,NA,NA,NA,6,0,NA,71,21,NA
2020-06-25,Argentina,45649750,La Rioja,388386,NA,NA,NA,NA,1,0,NA,74,21,NA
2020-06-27,Argentina,45649750,La Rioja,388386,NA,NA,NA,NA,1,1,NA,75,22,NA
2020-06-29,Argentina,45649750,La Rioja,388386,NA,NA,NA,NA,4,1,NA,84,23,NA
2020-07-01,Argentina,45649750,La Rioja,388386,NA,NA,NA,NA,3,0,NA,88,23,NA
2020-07-03,Argentina,45649750,La Rioja,388386,NA,NA,NA,NA,5,0,NA,96,23,NA
2020-07-05,Argentina,45649750,La Rioja,388386,NA,NA,NA,NA,4,0,NA,105,23,NA
2020-07-07,Argentina,45649750,La Rioja,388386,NA,NA,NA,NA,6,0,NA,125,24,NA
2020-07-09,Argentina,45649750,La Rioja,388386,NA,NA,NA,NA,6,1,NA,132,25,NA
2020-07-11,Argentina,45649750,La Rioja,388386,NA,NA,NA,NA,5,0,NA,142,26,NA
2020-07-13,Argentina,45649750,La Rioja,388386,NA,NA,NA,NA,8,0,NA,156,26,NA
2020-07-15,Argentina,45649750,La Rioja,388386,NA,NA,NA,NA,5,0,NA,163,28,NA
2020-07-17,Argentina,45649750,La Rioja,388386,NA,NA,NA,NA,17,2,NA,185,30,NA
2020-07-19,Argentina,45649750,La Rioja,388386,NA,NA,NA,NA,0,0,NA,190,30,NA
2020-07-21,Argentina,45649750,La Rioja,388386,NA,NA,NA,NA,10,0,NA,201,30,NA
2020-07-23,Argentina,45649750,La Rioja,388386,NA,NA,NA,NA,10,0,NA,220,30,NA
2020-07-25,Argentina,45649750,La Rioja,388386,NA,NA,NA,NA,6,0,NA,242,30,NA
2020-07-27,Argentina,45649750,La Rioja,388386,NA,NA,NA,NA,11,0,NA,263,31,NA
2020-07-29,Argentina,45649750,La Rioja,388386,NA,NA,NA,NA,11,0,NA,306,31,NA
2020-07-31,Argentina,45649750,La Rioja,388386,NA,NA,NA,NA,11,2,NA,353,33,NA
2020-08-02,Argentina,45649750,La Rioja,388386,NA,NA,NA,NA,8,0,NA,366,33,NA
2020-08-04,Argentina,45649750,La Rioja,388386,NA,NA,NA,NA,26,0,NA,412,34,NA
2020-08-06,Argentina,45649750,La Rioja,388386,NA,NA,NA,NA,30,1,NA,481,35,NA
2020-08-08,Argentina,45649750,La Rioja,388386,NA,NA,NA,NA,5,0,NA,522,36,NA
2020-08-10,Argentina,45649750,La Rioja,388386,NA,NA,NA,NA,20,0,NA,568,36,NA
2020-08-12,Argentina,45649750,La Rioja,388386,NA,NA,NA,NA,55,0,NA,642,36,NA
2020-08-14,Argentina,45649750,La Rioja,388386,NA,NA,NA,NA,53,0,NA,743,36,NA
2020-08-16,Argentina,45649750,La Rioja,388386,NA,NA,NA,NA,0,0,NA,749,36,NA
2020-08-18,Argentina,45649750,La Rioja,388386,NA,NA,NA,NA,0,0,NA,749,36,NA
2020-01-02,Argentina,45649750,Santiago del Estero,968309,NA,NA,NA,NA,0,0,NA,0,0,NA
2020-01-04,Argentina,45649750,Santiago del Estero,968309,NA,NA,NA,NA,0,0,NA,0,0,NA
2020-01-06,Argentina,45649750,Santiago del Estero,968309,NA,NA,NA,NA,0,0,NA,0,0,NA
2020-01-08,Argentina,45649750,Santiago del Estero,968309,NA,NA,NA,NA,0,0,NA,0,0,NA
2020-01-10,Argentina,45649750,Santiago del Estero,968309,NA,NA,NA,NA,0,0,NA,0,0,NA
2020-01-12,Argentina,45649750,Santiago del Estero,968309,NA,NA,NA,NA,0,0,NA,0,0,NA
2020-01-14,Argentina,45649750,Santiago del Estero,968309,NA,NA,NA,NA,0,0,NA,0,0,NA
2020-01-16,Argentina,45649750,Santiago del Estero,968309,NA,NA,NA,NA,0,0,NA,0,0,NA
2020-01-18,Argentina,45649750,Santiago del Estero,968309,NA,NA,NA,NA,0,0,NA,0,0,NA
2020-01-20,Argentina,45649750,Santiago del Estero,968309,NA,NA,NA,NA,0,0,NA,0,0,NA
2020-01-22,Argentina,45649750,Santiago del Estero,968309,NA,NA,NA,NA,0,0,NA,0,0,NA
2020-01-24,Argentina,45649750,Santiago del Estero,968309,NA,NA,NA,NA,0,0,NA,0,0,NA
2020-01-26,Argentina,45649750,Santiago del Estero,968309,NA,NA,NA,NA,0,0,NA,0,0,NA
2020-01-28,Argentina,45649750,Santiago del Estero,968309,NA,NA,NA,NA,0,0,NA,0,0,NA
2020-01-30,Argentina,45649750,Santiago del Estero,968309,NA,NA,NA,NA,0,0,NA,0,0,NA
2020-02-01,Argentina,45649750,Santiago del Estero,968309,NA,NA,NA,NA,0,0,NA,0,0,NA
2020-02-03,Argentina,45649750,Santiago del Estero,968309,NA,NA,NA,NA,0,0,NA,0,0,NA
2020-02-05,Argentina,45649750,Santiago del Estero,968309,NA,NA,NA,NA,0,0,NA,0,0,NA
2020-02-07,Argentina,45649750,Santiago del Estero,968309,NA,NA,NA,NA,0,0,NA,0,0,NA
2020-02-09,Argentina,45649750,Santiago del Estero,968309,NA,NA,NA,NA,0,0,NA,0,0,NA
2020-02-11,Argentina,45649750,Santiago del Estero,968309,NA,NA,NA,NA,0,0,NA,0,0,NA
2020-02-13,Argentina,45649750,Santiago del Estero,968309,NA,NA,NA,NA,0,0,NA,0,0,NA
2020-02-15,Argentina,45649750,Santiago del Estero,968309,NA,NA,NA,NA,0,0,NA,0,0,NA
2020-02-17,Argentina,45649750,Santiago del Estero,968309,NA,NA,NA,NA,0,0,NA,0,0,NA
2020-02-19,Argentina,45649750,Santiago del Estero,968309,NA,NA,NA,NA,0,0,NA,0,0,NA
2020-02-21,Argentina,45649750,Santiago del Estero,968309,NA,NA,NA,NA,0,0,NA,0,0,NA
2020-02-23,Argentina,45649750,Santiago del Estero,968309,NA,NA,NA,NA,0,0,NA,0,0,NA
2020-02-25,Argentina,45649750,Santiago del Estero,968309,NA,NA,NA,NA,0,0,NA,0,0,NA
2020-02-27,Argentina,45649750,Santiago del Estero,968309,NA,NA,NA,NA,0,0,NA,0,0,NA
2020-02-29,Argentina,45649750,Santiago del Estero,968309,NA,NA,NA,NA,0,0,NA,0,0,NA
2020-03-02,Argentina,45649750,Santiago del Estero,968309,NA,NA,NA,NA,0,0,NA,0,0,NA
2020-03-04,Argentina,45649750,Santiago del Estero,968309,NA,NA,NA,NA,0,0,NA,0,0,NA
2020-03-06,Argentina,45649750,Santiago del Estero,968309,NA,NA,NA,NA,0,0,NA,0,0,NA
2020-03-08,Argentina,45649750,Santiago del Estero,968309,NA,NA,NA,NA,0,0,NA,0,0,NA
2020-03-10,Argentina,45649750,Santiago del Estero,968309,NA,NA,NA,NA,0,0,NA,0,0,NA
2020-03-12,Argentina,45649750,Santiago del Estero,968309,NA,NA,NA,NA,0,0,NA,0,0,NA
2020-03-14,Argentina,45649750,Santiago del Estero,968309,NA,NA,NA,NA,0,0,NA,0,0,NA
2020-03-16,Argentina,45649750,Santiago del Estero,968309,NA,NA,NA,NA,0,0,NA,0,0,NA
2020-03-18,Argentina,45649750,Santiago del Estero,968309,NA,NA,NA,NA,0,0,NA,0,0,NA
2020-03-20,Argentina,45649750,Santiago del Estero,968309,NA,NA,NA,NA,1,0,NA,1,0,NA
2020-03-22,Argentina,45649750,Santiago del Estero,968309,NA,NA,NA,NA,1,0,NA,2,0,NA
2020-03-24,Argentina,45649750,Santiago del Estero,968309,NA,NA,NA,NA,0,0,NA,2,0,NA
2020-03-26,Argentina,45649750,Santiago del Estero,968309,NA,NA,NA,NA,0,0,NA,2,0,NA
2020-03-28,Argentina,45649750,Santiago del Estero,968309,NA,NA,NA,NA,0,1,NA,3,1,NA
2020-03-30,Argentina,45649750,Santiago del Estero,968309,NA,NA,NA,NA,0,0,NA,3,1,NA
2020-04-01,Argentina,45649750,Santiago del Estero,968309,NA,NA,NA,NA,0,1,NA,3,2,NA
2020-04-03,Argentina,45649750,Santiago del Estero,968309,NA,NA,NA,NA,0,0,NA,4,3,NA
2020-04-05,Argentina,45649750,Santiago del Estero,968309,NA,NA,NA,NA,0,0,NA,4,3,NA
2020-04-07,Argentina,45649750,Santiago del Estero,968309,NA,NA,NA,NA,0,0,NA,9,3,NA
2020-04-09,Argentina,45649750,Santiago del Estero,968309,NA,NA,NA,NA,0,1,NA,9,4,NA
2020-04-11,Argentina,45649750,Santiago del Estero,968309,NA,NA,NA,NA,2,0,NA,11,4,NA
2020-04-13,Argentina,45649750,Santiago del Estero,968309,NA,NA,NA,NA,0,0,NA,11,4,NA
2020-04-15,Argentina,45649750,Santiago del Estero,968309,NA,NA,NA,NA,0,0,NA,11,4,NA
2020-04-17,Argentina,45649750,Santiago del Estero,968309,NA,NA,NA,NA,0,0,NA,11,4,NA
2020-04-19,Argentina,45649750,Santiago del Estero,968309,NA,NA,NA,NA,0,0,NA,11,4,NA
2020-04-21,Argentina,45649750,Santiago del Estero,968309,NA,NA,NA,NA,0,0,NA,11,4,NA
2020-04-23,Argentina,45649750,Santiago del Estero,968309,NA,NA,NA,NA,0,0,NA,11,4,NA
2020-04-25,Argentina,45649750,Santiago del Estero,968309,NA,NA,NA,NA,1,0,NA,12,4,NA
2020-04-27,Argentina,45649750,Santiago del Estero,968309,NA,NA,NA,NA,0,0,NA,14,4,NA
2020-04-29,Argentina,45649750,Santiago del Estero,968309,NA,NA,NA,NA,0,0,NA,14,4,NA
2020-05-01,Argentina,45649750,Santiago del Estero,968309,NA,NA,NA,NA,0,0,NA,14,4,NA
2020-05-03,Argentina,45649750,Santiago del Estero,968309,NA,NA,NA,NA,0,0,NA,14,4,NA
2020-05-05,Argentina,45649750,Santiago del Estero,968309,NA,NA,NA,NA,0,1,NA,14,5,NA
2020-05-07,Argentina,45649750,Santiago del Estero,968309,NA,NA,NA,NA,0,0,NA,14,5,NA
2020-05-09,Argentina,45649750,Santiago del Estero,968309,NA,NA,NA,NA,1,0,NA,15,5,NA
2020-05-11,Argentina,45649750,Santiago del Estero,968309,NA,NA,NA,NA,0,0,NA,15,5,NA
2020-05-13,Argentina,45649750,Santiago del Estero,968309,NA,NA,NA,NA,0,0,NA,15,5,NA
2020-05-15,Argentina,45649750,Santiago del Estero,968309,NA,NA,NA,NA,0,0,NA,15,5,NA
2020-05-17,Argentina,45649750,Santiago del Estero,968309,NA,NA,NA,NA,0,0,NA,15,5,NA
2020-05-19,Argentina,45649750,Santiago del Estero,968309,NA,NA,NA,NA,0,0,NA,21,5,NA
2020-05-21,Argentina,45649750,Santiago del Estero,968309,NA,NA,NA,NA,0,0,NA,21,5,NA
2020-05-23,Argentina,45649750,Santiago del Estero,968309,NA,NA,NA,NA,0,0,NA,21,5,NA
2020-05-25,Argentina,45649750,Santiago del Estero,968309,NA,NA,NA,NA,0,1,NA,21,6,NA
2020-05-27,Argentina,45649750,Santiago del Estero,968309,NA,NA,NA,NA,0,0,NA,21,6,NA
2020-05-29,Argentina,45649750,Santiago del Estero,968309,NA,NA,NA,NA,0,0,NA,21,6,NA
2020-05-31,Argentina,45649750,Santiago del Estero,968309,NA,NA,NA,NA,0,0,NA,21,6,NA
2020-06-02,Argentina,45649750,Santiago del Estero,968309,NA,NA,NA,NA,1,1,NA,22,7,NA
2020-06-04,Argentina,45649750,Santiago del Estero,968309,NA,NA,NA,NA,0,0,NA,22,7,NA
2020-06-06,Argentina,45649750,Santiago del Estero,968309,NA,NA,NA,NA,0,0,NA,22,7,NA
2020-06-08,Argentina,45649750,Santiago del Estero,968309,NA,NA,NA,NA,0,1,NA,22,8,NA
2020-06-10,Argentina,45649750,Santiago del Estero,968309,NA,NA,NA,NA,0,0,NA,22,8,NA
2020-06-12,Argentina,45649750,Santiago del Estero,968309,NA,NA,NA,NA,0,0,NA,22,8,NA
2020-06-14,Argentina,45649750,Santiago del Estero,968309,NA,NA,NA,NA,0,0,NA,22,8,NA
2020-06-16,Argentina,45649750,Santiago del Estero,968309,NA,NA,NA,NA,0,0,NA,22,8,NA
2020-06-18,Argentina,45649750,Santiago del Estero,968309,NA,NA,NA,NA,0,0,NA,22,8,NA
2020-06-20,Argentina,45649750,Santiago del Estero,968309,NA,NA,NA,NA,0,0,NA,22,8,NA
2020-06-22,Argentina,45649750,Santiago del Estero,968309,NA,NA,NA,NA,0,0,NA,22,8,NA
2020-06-24,Argentina,45649750,Santiago del Estero,968309,NA,NA,NA,NA,0,0,NA,22,8,NA
2020-06-26,Argentina,45649750,Santiago del Estero,968309,NA,NA,NA,NA,0,0,NA,22,8,NA
2020-06-28,Argentina,45649750,Santiago del Estero,968309,NA,NA,NA,NA,0,0,NA,24,8,NA
2020-06-30,Argentina,45649750,Santiago del Estero,968309,NA,NA,NA,NA,0,0,NA,24,8,NA
2020-07-02,Argentina,45649750,Santiago del Estero,968309,NA,NA,NA,NA,0,0,NA,25,8,NA
2020-07-04,Argentina,45649750,Santiago del Estero,968309,NA,NA,NA,NA,0,0,NA,25,8,NA
2020-07-06,Argentina,45649750,Santiago del Estero,968309,NA,NA,NA,NA,1,0,NA,26,8,NA
2020-07-08,Argentina,45649750,Santiago del Estero,968309,NA,NA,NA,NA,1,0,NA,35,8,NA
2020-07-10,Argentina,45649750,Santiago del Estero,968309,NA,NA,NA,NA,1,0,NA,36,8,NA
2020-07-12,Argentina,45649750,Santiago del Estero,968309,NA,NA,NA,NA,0,0,NA,36,8,NA
2020-07-14,Argentina,45649750,Santiago del Estero,968309,NA,NA,NA,NA,0,0,NA,37,8,NA
2020-07-16,Argentina,45649750,Santiago del Estero,968309,NA,NA,NA,NA,0,1,NA,37,9,NA
2020-07-18,Argentina,45649750,Santiago del Estero,968309,NA,NA,NA,NA,0,0,NA,37,9,NA
2020-07-20,Argentina,45649750,Santiago del Estero,968309,NA,NA,NA,NA,0,0,NA,38,9,NA
2020-07-22,Argentina,45649750,Santiago del Estero,968309,NA,NA,NA,NA,0,0,NA,38,9,NA
2020-07-24,Argentina,45649750,Santiago del Estero,968309,NA,NA,NA,NA,1,0,NA,39,9,NA
2020-07-26,Argentina,45649750,Santiago del Estero,968309,NA,NA,NA,NA,1,0,NA,41,9,NA
2020-07-28,Argentina,45649750,Santiago del Estero,968309,NA,NA,NA,NA,1,0,NA,42,9,NA
2020-07-30,Argentina,45649750,Santiago del Estero,968309,NA,NA,NA,NA,2,0,NA,45,9,NA
2020-08-01,Argentina,45649750,Santiago del Estero,968309,NA,NA,NA,NA,0,0,NA,45,9,NA
2020-08-03,Argentina,45649750,Santiago del Estero,968309,NA,NA,NA,NA,1,0,NA,46,9,NA
2020-08-05,Argentina,45649750,Santiago del Estero,968309,NA,NA,NA,NA,9,0,NA,74,9,NA
2020-08-07,Argentina,45649750,Santiago del Estero,968309,NA,NA,NA,NA,19,0,NA,118,9,NA
2020-08-09,Argentina,45649750,Santiago del Estero,968309,NA,NA,NA,NA,9,0,NA,139,9,NA
2020-08-11,Argentina,45649750,Santiago del Estero,968309,NA,NA,NA,NA,21,0,NA,176,9,NA
2020-08-13,Argentina,45649750,Santiago del Estero,968309,NA,NA,NA,NA,23,0,NA,224,9,NA
2020-08-15,Argentina,45649750,Santiago del Estero,968309,NA,NA,NA,NA,30,0,NA,282,9,NA
2020-08-17,Argentina,45649750,Santiago del Estero,968309,NA,NA,NA,NA,0,0,NA,284,9,NA
2020-01-01,Argentina,45649750,Chaco,1192616,NA,NA,NA,NA,0,0,NA,0,0,NA
2020-01-03,Argentina,45649750,Chaco,1192616,NA,NA,NA,NA,0,0,NA,0,0,NA
2020-01-05,Argentina,45649750,Chaco,1192616,NA,NA,NA,NA,0,0,NA,0,0,NA
2020-01-07,Argentina,45649750,Chaco,1192616,NA,NA,NA,NA,0,0,NA,0,0,NA
2020-01-09,Argentina,45649750,Chaco,1192616,NA,NA,NA,NA,0,0,NA,0,0,NA
2020-01-11,Argentina,45649750,Chaco,1192616,NA,NA,NA,NA,0,0,NA,0,0,NA
2020-01-13,Argentina,45649750,Chaco,1192616,NA,NA,NA,NA,0,0,NA,0,0,NA
2020-01-15,Argentina,45649750,Chaco,1192616,NA,NA,NA,NA,0,0,NA,0,0,NA
2020-01-17,Argentina,45649750,Chaco,1192616,NA,NA,NA,NA,0,0,NA,0,0,NA
2020-01-19,Argentina,45649750,Chaco,1192616,NA,NA,NA,NA,0,0,NA,0,0,NA
2020-01-21,Argentina,45649750,Chaco,1192616,NA,NA,NA,NA,0,0,NA,0,0,NA
2020-01-23,Argentina,45649750,Chaco,1192616,NA,NA,NA,NA,0,0,NA,0,0,NA
2020-01-25,Argentina,45649750,Chaco,1192616,NA,NA,NA,NA,0,0,NA,0,0,NA
2020-01-27,Argentina,45649750,Chaco,1192616,NA,NA,NA,NA,0,0,NA,0,0,NA
2020-01-29,Argentina,45649750,Chaco,1192616,NA,NA,NA,NA,0,0,NA,0,0,NA
2020-01-31,Argentina,45649750,Chaco,1192616,NA,NA,NA,NA,0,0,NA,0,0,NA
2020-02-02,Argentina,45649750,Chaco,1192616,NA,NA,NA,NA,0,0,NA,0,0,NA
2020-02-04,Argentina,45649750,Chaco,1192616,NA,NA,NA,NA,0,0,NA,0,0,NA
2020-02-06,Argentina,45649750,Chaco,1192616,NA,NA,NA,NA,0,0,NA,0,0,NA
2020-02-08,Argentina,45649750,Chaco,1192616,NA,NA,NA,NA,0,0,NA,0,0,NA
2020-02-10,Argentina,45649750,Chaco,1192616,NA,NA,NA,NA,0,0,NA,0,0,NA
2020-02-12,Argentina,45649750,Chaco,1192616,NA,NA,NA,NA,0,0,NA,0,0,NA
2020-02-14,Argentina,45649750,Chaco,1192616,NA,NA,NA,NA,0,0,NA,0,0,NA
2020-02-16,Argentina,45649750,Chaco,1192616,NA,NA,NA,NA,0,0,NA,0,0,NA
2020-02-18,Argentina,45649750,Chaco,1192616,NA,NA,NA,NA,0,0,NA,0,0,NA
2020-02-20,Argentina,45649750,Chaco,1192616,NA,NA,NA,NA,0,0,NA,0,0,NA
2020-02-22,Argentina,45649750,Chaco,1192616,NA,NA,NA,NA,0,0,NA,0,0,NA
2020-02-24,Argentina,45649750,Chaco,1192616,NA,NA,NA,NA,0,0,NA,0,0,NA
2020-02-26,Argentina,45649750,Chaco,1192616,NA,NA,NA,NA,0,0,NA,0,0,NA
2020-02-28,Argentina,45649750,Chaco,1192616,NA,NA,NA,NA,0,0,NA,0,0,NA
2020-03-01,Argentina,45649750,Chaco,1192616,NA,NA,NA,NA,0,0,NA,0,0,NA
2020-03-03,Argentina,45649750,Chaco,1192616,NA,NA,NA,NA,0,0,NA,0,0,NA
2020-03-05,Argentina,45649750,Chaco,1192616,NA,NA,NA,NA,0,0,NA,0,0,NA
2020-03-07,Argentina,45649750,Chaco,1192616,NA,NA,NA,NA,0,0,NA,0,0,NA
2020-03-09,Argentina,45649750,Chaco,1192616,NA,NA,NA,NA,2,0,NA,2,0,NA
2020-03-11,Argentina,45649750,Chaco,1192616,NA,NA,NA,NA,0,0,NA,2,0,NA
2020-03-13,Argentina,45649750,Chaco,1192616,NA,NA,NA,NA,1,1,NA,5,1,NA
2020-03-15,Argentina,45649750,Chaco,1192616,NA,NA,NA,NA,2,0,NA,7,1,NA
2020-03-17,Argentina,45649750,Chaco,1192616,NA,NA,NA,NA,1,0,NA,12,1,NA
2020-03-19,Argentina,45649750,Chaco,1192616,NA,NA,NA,NA,2,0,NA,15,1,NA
2020-03-21,Argentina,45649750,Chaco,1192616,NA,NA,NA,NA,5,0,NA,21,1,NA
2020-03-23,Argentina,45649750,Chaco,1192616,NA,NA,NA,NA,4,0,NA,32,1,NA
2020-03-25,Argentina,45649750,Chaco,1192616,NA,NA,NA,NA,2,4,NA,47,6,NA
2020-03-27,Argentina,45649750,Chaco,1192616,NA,NA,NA,NA,4,0,NA,58,7,NA
2020-03-29,Argentina,45649750,Chaco,1192616,NA,NA,NA,NA,13,0,NA,76,8,NA
2020-03-31,Argentina,45649750,Chaco,1192616,NA,NA,NA,NA,4,1,NA,83,10,NA
2020-04-02,Argentina,45649750,Chaco,1192616,NA,NA,NA,NA,9,1,NA,100,13,NA
2020-04-04,Argentina,45649750,Chaco,1192616,NA,NA,NA,NA,2,0,NA,107,13,NA
2020-04-06,Argentina,45649750,Chaco,1192616,NA,NA,NA,NA,10,2,NA,117,15,NA
2020-04-08,Argentina,45649750,Chaco,1192616,NA,NA,NA,NA,3,1,NA,132,16,NA
2020-04-10,Argentina,45649750,Chaco,1192616,NA,NA,NA,NA,0,0,NA,138,16,NA
2020-04-12,Argentina,45649750,Chaco,1192616,NA,NA,NA,NA,1,0,NA,140,17,NA
2020-04-14,Argentina,45649750,Chaco,1192616,NA,NA,NA,NA,2,2,NA,168,20,NA
2020-04-16,Argentina,45649750,Chaco,1192616,NA,NA,NA,NA,22,1,NA,204,25,NA
2020-04-18,Argentina,45649750,Chaco,1192616,NA,NA,NA,NA,9,0,NA,229,25,NA
2020-04-20,Argentina,45649750,Chaco,1192616,NA,NA,NA,NA,4,1,NA,236,29,NA
2020-04-22,Argentina,45649750,Chaco,1192616,NA,NA,NA,NA,6,1,NA,249,33,NA
2020-04-24,Argentina,45649750,Chaco,1192616,NA,NA,NA,NA,14,2,NA,270,36,NA
2020-04-26,Argentina,45649750,Chaco,1192616,NA,NA,NA,NA,8,0,NA,284,37,NA
2020-04-28,Argentina,45649750,Chaco,1192616,NA,NA,NA,NA,4,2,NA,291,40,NA
2020-04-30,Argentina,45649750,Chaco,1192616,NA,NA,NA,NA,14,0,NA,308,41,NA
2020-05-02,Argentina,45649750,Chaco,1192616,NA,NA,NA,NA,4,4,NA,329,49,NA
2020-05-04,Argentina,45649750,Chaco,1192616,NA,NA,NA,NA,12,3,NA,345,55,NA
2020-05-06,Argentina,45649750,Chaco,1192616,NA,NA,NA,NA,24,3,NA,376,59,NA
2020-05-08,Argentina,45649750,Chaco,1192616,NA,NA,NA,NA,11,2,NA,420,62,NA
2020-05-10,Argentina,45649750,Chaco,1192616,NA,NA,NA,NA,22,2,NA,475,65,NA
2020-05-12,Argentina,45649750,Chaco,1192616,NA,NA,NA,NA,18,2,NA,493,71,NA
2020-05-14,Argentina,45649750,Chaco,1192616,NA,NA,NA,NA,27,1,NA,539,74,NA
2020-05-16,Argentina,45649750,Chaco,1192616,NA,NA,NA,NA,25,3,NA,580,82,NA
2020-05-18,Argentina,45649750,Chaco,1192616,NA,NA,NA,NA,25,5,NA,619,89,NA
2020-05-20,Argentina,45649750,Chaco,1192616,NA,NA,NA,NA,25,2,NA,675,92,NA
2020-05-22,Argentina,45649750,Chaco,1192616,NA,NA,NA,NA,26,4,NA,726,96,NA
2020-05-24,Argentina,45649750,Chaco,1192616,NA,NA,NA,NA,5,1,NA,754,98,NA
2020-05-26,Argentina,45649750,Chaco,1192616,NA,NA,NA,NA,14,2,NA,786,102,NA
2020-05-28,Argentina,45649750,Chaco,1192616,NA,NA,NA,NA,24,6,NA,843,110,NA
2020-05-30,Argentina,45649750,Chaco,1192616,NA,NA,NA,NA,17,2,NA,888,114,NA
2020-06-01,Argentina,45649750,Chaco,1192616,NA,NA,NA,NA,32,4,NA,922,121,NA
2020-06-03,Argentina,45649750,Chaco,1192616,NA,NA,NA,NA,49,3,NA,979,125,NA
2020-06-05,Argentina,45649750,Chaco,1192616,NA,NA,NA,NA,19,3,NA,1038,130,NA
2020-06-07,Argentina,45649750,Chaco,1192616,NA,NA,NA,NA,37,1,NA,1094,132,NA
2020-06-09,Argentina,45649750,Chaco,1192616,NA,NA,NA,NA,36,0,NA,1168,135,NA
2020-06-11,Argentina,45649750,Chaco,1192616,NA,NA,NA,NA,17,1,NA,1252,141,NA
2020-06-13,Argentina,45649750,Chaco,1192616,NA,NA,NA,NA,50,0,NA,1354,145,NA
2020-06-15,Argentina,45649750,Chaco,1192616,NA,NA,NA,NA,23,0,NA,1411,151,NA
2020-06-17,Argentina,45649750,Chaco,1192616,NA,NA,NA,NA,59,3,NA,1495,154,NA
2020-06-19,Argentina,45649750,Chaco,1192616,NA,NA,NA,NA,38,8,NA,1578,164,NA
2020-06-21,Argentina,45649750,Chaco,1192616,NA,NA,NA,NA,26,1,NA,1659,166,NA
2020-06-23,Argentina,45649750,Chaco,1192616,NA,NA,NA,NA,54,3,NA,1758,173,NA
2020-06-25,Argentina,45649750,Chaco,1192616,NA,NA,NA,NA,41,3,NA,1839,177,NA
2020-06-27,Argentina,45649750,Chaco,1192616,NA,NA,NA,NA,70,2,NA,1998,182,NA
2020-06-29,Argentina,45649750,Chaco,1192616,NA,NA,NA,NA,43,3,NA,2070,188,NA
2020-07-01,Argentina,45649750,Chaco,1192616,NA,NA,NA,NA,81,5,NA,2199,195,NA
2020-07-03,Argentina,45649750,Chaco,1192616,NA,NA,NA,NA,56,6,NA,2297,203,NA
2020-07-05,Argentina,45649750,Chaco,1192616,NA,NA,NA,NA,25,1,NA,2368,207,NA
2020-07-07,Argentina,45649750,Chaco,1192616,NA,NA,NA,NA,58,0,NA,2451,208,NA
2020-07-09,Argentina,45649750,Chaco,1192616,NA,NA,NA,NA,49,2,NA,2532,215,NA
2020-07-11,Argentina,45649750,Chaco,1192616,NA,NA,NA,NA,25,5,NA,2614,224,NA
2020-07-13,Argentina,45649750,Chaco,1192616,NA,NA,NA,NA,77,6,NA,2713,233,NA
2020-07-15,Argentina,45649750,Chaco,1192616,NA,NA,NA,NA,37,2,NA,2817,238,NA
2020-07-17,Argentina,45649750,Chaco,1192616,NA,NA,NA,NA,49,2,NA,2925,242,NA
2020-07-19,Argentina,45649750,Chaco,1192616,NA,NA,NA,NA,29,2,NA,3003,247,NA
2020-07-21,Argentina,45649750,Chaco,1192616,NA,NA,NA,NA,74,2,NA,3119,251,NA
2020-07-23,Argentina,45649750,Chaco,1192616,NA,NA,NA,NA,58,5,NA,3226,258,NA
2020-07-25,Argentina,45649750,Chaco,1192616,NA,NA,NA,NA,68,2,NA,3333,261,NA
2020-07-27,Argentina,45649750,Chaco,1192616,NA,NA,NA,NA,22,2,NA,3382,266,NA
2020-07-29,Argentina,45649750,Chaco,1192616,NA,NA,NA,NA,65,2,NA,3529,272,NA
2020-07-31,Argentina,45649750,Chaco,1192616,NA,NA,NA,NA,51,2,NA,3637,277,NA
2020-08-02,Argentina,45649750,Chaco,1192616,NA,NA,NA,NA,29,5,NA,3709,284,NA
2020-08-04,Argentina,45649750,Chaco,1192616,NA,NA,NA,NA,68,2,NA,3832,291,NA
2020-08-06,Argentina,45649750,Chaco,1192616,NA,NA,NA,NA,75,5,NA,3954,298,NA
2020-08-08,Argentina,45649750,Chaco,1192616,NA,NA,NA,NA,63,1,NA,4070,300,NA
2020-08-10,Argentina,45649750,Chaco,1192616,NA,NA,NA,NA,65,3,NA,4148,305,NA
2020-08-12,Argentina,45649750,Chaco,1192616,NA,NA,NA,NA,58,5,NA,4276,311,NA
2020-08-14,Argentina,45649750,Chaco,1192616,NA,NA,NA,NA,39,6,NA,4369,318,NA
2020-08-16,Argentina,45649750,Chaco,1192616,NA,NA,NA,NA,0,0,NA,4436,318,NA
2020-08-18,Argentina,45649750,Chaco,1192616,NA,NA,NA,NA,0,0,NA,4436,318,NA
2020-01-02,Argentina,45649750,San Juan,772876,NA,NA,NA,NA,0,0,NA,0,0,NA
2020-01-04,Argentina,45649750,San Juan,772876,NA,NA,NA,NA,0,0,NA,0,0,NA
2020-01-06,Argentina,45649750,San Juan,772876,NA,NA,NA,NA,0,0,NA,0,0,NA
2020-01-08,Argentina,45649750,San Juan,772876,NA,NA,NA,NA,0,0,NA,0,0,NA
2020-01-10,Argentina,45649750,San Juan,772876,NA,NA,NA,NA,0,0,NA,0,0,NA
2020-01-12,Argentina,45649750,San Juan,772876,NA,NA,NA,NA,0,0,NA,0,0,NA
2020-01-14,Argentina,45649750,San Juan,772876,NA,NA,NA,NA,0,0,NA,0,0,NA
2020-01-16,Argentina,45649750,San Juan,772876,NA,NA,NA,NA,0,0,NA,0,0,NA
2020-01-18,Argentina,45649750,San Juan,772876,NA,NA,NA,NA,0,0,NA,0,0,NA
2020-01-20,Argentina,45649750,San Juan,772876,NA,NA,NA,NA,0,0,NA,0,0,NA
2020-01-22,Argentina,45649750,San Juan,772876,NA,NA,NA,NA,0,0,NA,0,0,NA
2020-01-24,Argentina,45649750,San Juan,772876,NA,NA,NA,NA,0,0,NA,0,0,NA
2020-01-26,Argentina,45649750,San Juan,772876,NA,NA,NA,NA,0,0,NA,0,0,NA
2020-01-28,Argentina,45649750,San Juan,772876,NA,NA,NA,NA,0,0,NA,0,0,NA
2020-01-30,Argentina,45649750,San Juan,772876,NA,NA,NA,NA,0,0,NA,0,0,NA
2020-02-01,Argentina,45649750,San Juan,772876,NA,NA,NA,NA,0,0,NA,0,0,NA
2020-02-03,Argentina,45649750,San Juan,772876,NA,NA,NA,NA,0,0,NA,0,0,NA
2020-02-05,Argentina,45649750,San Juan,772876,NA,NA,NA,NA,0,0,NA,0,0,NA
2020-02-07,Argentina,45649750,San Juan,772876,NA,NA,NA,NA,0,0,NA,0,0,NA
2020-02-09,Argentina,45649750,San Juan,772876,NA,NA,NA,NA,0,0,NA,0,0,NA
2020-02-11,Argentina,45649750,San Juan,772876,NA,NA,NA,NA,0,0,NA,0,0,NA
2020-02-13,Argentina,45649750,San Juan,772876,NA,NA,NA,NA,0,0,NA,0,0,NA
2020-02-15,Argentina,45649750,San Juan,772876,NA,NA,NA,NA,0,0,NA,0,0,NA
2020-02-17,Argentina,45649750,San Juan,772876,NA,NA,NA,NA,0,0,NA,0,0,NA
2020-02-19,Argentina,45649750,San Juan,772876,NA,NA,NA,NA,0,0,NA,0,0,NA
2020-02-21,Argentina,45649750,San Juan,772876,NA,NA,NA,NA,0,0,NA,0,0,NA
2020-02-23,Argentina,45649750,San Juan,772876,NA,NA,NA,NA,0,0,NA,0,0,NA
2020-02-25,Argentina,45649750,San Juan,772876,NA,NA,NA,NA,0,0,NA,0,0,NA
2020-02-27,Argentina,45649750,San Juan,772876,NA,NA,NA,NA,0,0,NA,0,0,NA
2020-02-29,Argentina,45649750,San Juan,772876,NA,NA,NA,NA,0,0,NA,0,0,NA
2020-03-02,Argentina,45649750,San Juan,772876,NA,NA,NA,NA,0,0,NA,0,0,NA
2020-03-04,Argentina,45649750,San Juan,772876,NA,NA,NA,NA,0,0,NA,0,0,NA
2020-03-06,Argentina,45649750,San Juan,772876,NA,NA,NA,NA,0,0,NA,0,0,NA
2020-03-08,Argentina,45649750,San Juan,772876,NA,NA,NA,NA,0,0,NA,0,0,NA
2020-03-10,Argentina,45649750,San Juan,772876,NA,NA,NA,NA,0,0,NA,0,0,NA
2020-03-12,Argentina,45649750,San Juan,772876,NA,NA,NA,NA,0,0,NA,0,0,NA
2020-03-14,Argentina,45649750,San Juan,772876,NA,NA,NA,NA,0,0,NA,0,0,NA
2020-03-16,Argentina,45649750,San Juan,772876,NA,NA,NA,NA,0,0,NA,0,0,NA
2020-03-18,Argentina,45649750,San Juan,772876,NA,NA,NA,NA,0,0,NA,0,0,NA
2020-03-20,Argentina,45649750,San Juan,772876,NA,NA,NA,NA,0,0,NA,0,0,NA
2020-03-22,Argentina,45649750,San Juan,772876,NA,NA,NA,NA,0,0,NA,0,0,NA
2020-03-24,Argentina,45649750,San Juan,772876,NA,NA,NA,NA,0,0,NA,0,0,NA
2020-03-26,Argentina,45649750,San Juan,772876,NA,NA,NA,NA,0,0,NA,0,0,NA
2020-03-28,Argentina,45649750,San Juan,772876,NA,NA,NA,NA,1,0,NA,1,0,NA
2020-03-30,Argentina,45649750,San Juan,772876,NA,NA,NA,NA,0,0,NA,1,0,NA
2020-04-01,Argentina,45649750,San Juan,772876,NA,NA,NA,NA,0,0,NA,1,0,NA
2020-04-03,Argentina,45649750,San Juan,772876,NA,NA,NA,NA,0,0,NA,1,0,NA
2020-04-05,Argentina,45649750,San Juan,772876,NA,NA,NA,NA,0,0,NA,1,0,NA
2020-04-07,Argentina,45649750,San Juan,772876,NA,NA,NA,NA,0,0,NA,1,0,NA
2020-04-09,Argentina,45649750,San Juan,772876,NA,NA,NA,NA,0,0,NA,1,0,NA
2020-04-11,Argentina,45649750,San Juan,772876,NA,NA,NA,NA,0,0,NA,2,0,NA
2020-04-13,Argentina,45649750,San Juan,772876,NA,NA,NA,NA,0,0,NA,2,0,NA
2020-04-15,Argentina,45649750,San Juan,772876,NA,NA,NA,NA,0,0,NA,2,0,NA
2020-04-17,Argentina,45649750,San Juan,772876,NA,NA,NA,NA,0,0,NA,2,0,NA
2020-04-19,Argentina,45649750,San Juan,772876,NA,NA,NA,NA,0,0,NA,2,0,NA
2020-04-21,Argentina,45649750,San Juan,772876,NA,NA,NA,NA,0,0,NA,2,0,NA
2020-04-23,Argentina,45649750,San Juan,772876,NA,NA,NA,NA,0,0,NA,2,0,NA
2020-04-25,Argentina,45649750,San Juan,772876,NA,NA,NA,NA,0,0,NA,2,0,NA
2020-04-27,Argentina,45649750,San Juan,772876,NA,NA,NA,NA,0,0,NA,2,0,NA
2020-04-29,Argentina,45649750,San Juan,772876,NA,NA,NA,NA,0,0,NA,2,0,NA
2020-05-01,Argentina,45649750,San Juan,772876,NA,NA,NA,NA,0,0,NA,2,0,NA
2020-05-03,Argentina,45649750,San Juan,772876,NA,NA,NA,NA,0,0,NA,2,0,NA
2020-05-05,Argentina,45649750,San Juan,772876,NA,NA,NA,NA,1,0,NA,3,0,NA
2020-05-07,Argentina,45649750,San Juan,772876,NA,NA,NA,NA,0,0,NA,3,0,NA
2020-05-09,Argentina,45649750,San Juan,772876,NA,NA,NA,NA,0,0,NA,3,0,NA
2020-05-11,Argentina,45649750,San Juan,772876,NA,NA,NA,NA,0,0,NA,3,0,NA
2020-05-13,Argentina,45649750,San Juan,772876,NA,NA,NA,NA,0,0,NA,3,0,NA
2020-05-15,Argentina,45649750,San Juan,772876,NA,NA,NA,NA,0,0,NA,3,0,NA
2020-05-17,Argentina,45649750,San Juan,772876,NA,NA,NA,NA,0,0,NA,3,0,NA
2020-05-19,Argentina,45649750,San Juan,772876,NA,NA,NA,NA,0,0,NA,4,0,NA
2020-05-21,Argentina,45649750,San Juan,772876,NA,NA,NA,NA,0,0,NA,4,0,NA
2020-05-23,Argentina,45649750,San Juan,772876,NA,NA,NA,NA,0,0,NA,4,0,NA
2020-05-25,Argentina,45649750,San Juan,772876,NA,NA,NA,NA,0,0,NA,4,0,NA
2020-05-27,Argentina,45649750,San Juan,772876,NA,NA,NA,NA,1,0,NA,5,0,NA
2020-05-29,Argentina,45649750,San Juan,772876,NA,NA,NA,NA,0,0,NA,5,0,NA
2020-05-31,Argentina,45649750,San Juan,772876,NA,NA,NA,NA,0,0,NA,5,0,NA
2020-06-02,Argentina,45649750,San Juan,772876,NA,NA,NA,NA,0,0,NA,5,0,NA
2020-06-04,Argentina,45649750,San Juan,772876,NA,NA,NA,NA,0,0,NA,5,0,NA
2020-06-06,Argentina,45649750,San Juan,772876,NA,NA,NA,NA,0,0,NA,5,0,NA
2020-06-08,Argentina,45649750,San Juan,772876,NA,NA,NA,NA,0,0,NA,5,0,NA
2020-06-10,Argentina,45649750,San Juan,772876,NA,NA,NA,NA,0,0,NA,6,0,NA
2020-06-12,Argentina,45649750,San Juan,772876,NA,NA,NA,NA,1,0,NA,7,0,NA
2020-06-14,Argentina,45649750,San Juan,772876,NA,NA,NA,NA,0,0,NA,7,0,NA
2020-06-16,Argentina,45649750,San Juan,772876,NA,NA,NA,NA,0,0,NA,7,0,NA
2020-06-18,Argentina,45649750,San Juan,772876,NA,NA,NA,NA,0,0,NA,7,0,NA
2020-06-20,Argentina,45649750,San Juan,772876,NA,NA,NA,NA,1,0,NA,8,0,NA
2020-06-22,Argentina,45649750,San Juan,772876,NA,NA,NA,NA,0,0,NA,8,0,NA
2020-06-24,Argentina,45649750,San Juan,772876,NA,NA,NA,NA,0,0,NA,8,0,NA
2020-06-26,Argentina,45649750,San Juan,772876,NA,NA,NA,NA,0,0,NA,8,0,NA
2020-06-28,Argentina,45649750,San Juan,772876,NA,NA,NA,NA,0,0,NA,8,0,NA
2020-06-30,Argentina,45649750,San Juan,772876,NA,NA,NA,NA,0,0,NA,8,0,NA
2020-07-02,Argentina,45649750,San Juan,772876,NA,NA,NA,NA,0,0,NA,8,0,NA
2020-07-04,Argentina,45649750,San Juan,772876,NA,NA,NA,NA,0,0,NA,8,0,NA
2020-07-06,Argentina,45649750,San Juan,772876,NA,NA,NA,NA,0,0,NA,8,0,NA
2020-07-08,Argentina,45649750,San Juan,772876,NA,NA,NA,NA,0,0,NA,8,0,NA
2020-07-10,Argentina,45649750,San Juan,772876,NA,NA,NA,NA,0,0,NA,9,0,NA
2020-07-12,Argentina,45649750,San Juan,772876,NA,NA,NA,NA,0,0,NA,9,0,NA
2020-07-14,Argentina,45649750,San Juan,772876,NA,NA,NA,NA,0,0,NA,13,0,NA
2020-07-16,Argentina,45649750,San Juan,772876,NA,NA,NA,NA,0,0,NA,13,0,NA
2020-07-18,Argentina,45649750,San Juan,772876,NA,NA,NA,NA,0,0,NA,13,0,NA
2020-07-20,Argentina,45649750,San Juan,772876,NA,NA,NA,NA,0,0,NA,15,0,NA
2020-07-22,Argentina,45649750,San Juan,772876,NA,NA,NA,NA,0,0,NA,18,0,NA
2020-07-24,Argentina,45649750,San Juan,772876,NA,NA,NA,NA,0,0,NA,18,0,NA
2020-07-26,Argentina,45649750,San Juan,772876,NA,NA,NA,NA,1,0,NA,19,0,NA
2020-07-28,Argentina,45649750,San Juan,772876,NA,NA,NA,NA,0,0,NA,19,0,NA
2020-07-30,Argentina,45649750,San Juan,772876,NA,NA,NA,NA,0,0,NA,19,0,NA
2020-08-01,Argentina,45649750,San Juan,772876,NA,NA,NA,NA,0,0,NA,19,0,NA
2020-08-03,Argentina,45649750,San Juan,772876,NA,NA,NA,NA,2,0,NA,21,0,NA
2020-08-05,Argentina,45649750,San Juan,772876,NA,NA,NA,NA,0,0,NA,21,0,NA
2020-08-07,Argentina,45649750,San Juan,772876,NA,NA,NA,NA,0,0,NA,21,0,NA
2020-08-09,Argentina,45649750,San Juan,772876,NA,NA,NA,NA,0,0,NA,21,0,NA
2020-08-11,Argentina,45649750,San Juan,772876,NA,NA,NA,NA,0,0,NA,21,0,NA
2020-08-13,Argentina,45649750,San Juan,772876,NA,NA,NA,NA,0,0,NA,21,0,NA
2020-08-15,Argentina,45649750,San Juan,772876,NA,NA,NA,NA,0,0,NA,21,0,NA
2020-08-17,Argentina,45649750,San Juan,772876,NA,NA,NA,NA,0,0,NA,21,0,NA
2020-01-01,Argentina,45649750,Catamarca,411824,NA,NA,NA,NA,0,0,NA,0,0,NA
2020-01-03,Argentina,45649750,Catamarca,411824,NA,NA,NA,NA,0,0,NA,0,0,NA
2020-01-05,Argentina,45649750,Catamarca,411824,NA,NA,NA,NA,0,0,NA,0,0,NA
2020-01-07,Argentina,45649750,Catamarca,411824,NA,NA,NA,NA,0,0,NA,0,0,NA
2020-01-09,Argentina,45649750,Catamarca,411824,NA,NA,NA,NA,0,0,NA,0,0,NA
2020-01-11,Argentina,45649750,Catamarca,411824,NA,NA,NA,NA,0,0,NA,0,0,NA
2020-01-13,Argentina,45649750,Catamarca,411824,NA,NA,NA,NA,0,0,NA,0,0,NA
2020-01-15,Argentina,45649750,Catamarca,411824,NA,NA,NA,NA,0,0,NA,0,0,NA
2020-01-17,Argentina,45649750,Catamarca,411824,NA,NA,NA,NA,0,0,NA,0,0,NA
2020-01-19,Argentina,45649750,Catamarca,411824,NA,NA,NA,NA,0,0,NA,0,0,NA
2020-01-21,Argentina,45649750,Catamarca,411824,NA,NA,NA,NA,0,0,NA,0,0,NA
2020-01-23,Argentina,45649750,Catamarca,411824,NA,NA,NA,NA,0,0,NA,0,0,NA
2020-01-25,Argentina,45649750,Catamarca,411824,NA,NA,NA,NA,0,0,NA,0,0,NA
2020-01-27,Argentina,45649750,Catamarca,411824,NA,NA,NA,NA,0,0,NA,0,0,NA
2020-01-29,Argentina,45649750,Catamarca,411824,NA,NA,NA,NA,0,0,NA,0,0,NA
2020-01-31,Argentina,45649750,Catamarca,411824,NA,NA,NA,NA,0,0,NA,0,0,NA
2020-02-02,Argentina,45649750,Catamarca,411824,NA,NA,NA,NA,0,0,NA,0,0,NA
2020-02-04,Argentina,45649750,Catamarca,411824,NA,NA,NA,NA,0,0,NA,0,0,NA
2020-02-06,Argentina,45649750,Catamarca,411824,NA,NA,NA,NA,0,0,NA,0,0,NA
2020-02-08,Argentina,45649750,Catamarca,411824,NA,NA,NA,NA,0,0,NA,0,0,NA
2020-02-10,Argentina,45649750,Catamarca,411824,NA,NA,NA,NA,0,0,NA,0,0,NA
2020-02-12,Argentina,45649750,Catamarca,411824,NA,NA,NA,NA,0,0,NA,0,0,NA
2020-02-14,Argentina,45649750,Catamarca,411824,NA,NA,NA,NA,0,0,NA,0,0,NA
2020-02-16,Argentina,45649750,Catamarca,411824,NA,NA,NA,NA,0,0,NA,0,0,NA
2020-02-18,Argentina,45649750,Catamarca,411824,NA,NA,NA,NA,0,0,NA,0,0,NA
2020-02-20,Argentina,45649750,Catamarca,411824,NA,NA,NA,NA,0,0,NA,0,0,NA
2020-02-22,Argentina,45649750,Catamarca,411824,NA,NA,NA,NA,0,0,NA,0,0,NA
2020-02-24,Argentina,45649750,Catamarca,411824,NA,NA,NA,NA,0,0,NA,0,0,NA
2020-02-26,Argentina,45649750,Catamarca,411824,NA,NA,NA,NA,0,0,NA,0,0,NA
2020-02-28,Argentina,45649750,Catamarca,411824,NA,NA,NA,NA,0,0,NA,0,0,NA
2020-03-01,Argentina,45649750,Catamarca,411824,NA,NA,NA,NA,0,0,NA,0,0,NA
2020-03-03,Argentina,45649750,Catamarca,411824,NA,NA,NA,NA,0,0,NA,0,0,NA
2020-03-05,Argentina,45649750,Catamarca,411824,NA,NA,NA,NA,0,0,NA,0,0,NA
2020-03-07,Argentina,45649750,Catamarca,411824,NA,NA,NA,NA,0,0,NA,0,0,NA
2020-03-09,Argentina,45649750,Catamarca,411824,NA,NA,NA,NA,0,0,NA,0,0,NA
2020-03-11,Argentina,45649750,Catamarca,411824,NA,NA,NA,NA,0,0,NA,0,0,NA
2020-03-13,Argentina,45649750,Catamarca,411824,NA,NA,NA,NA,0,0,NA,0,0,NA
2020-03-15,Argentina,45649750,Catamarca,411824,NA,NA,NA,NA,0,0,NA,0,0,NA
2020-03-17,Argentina,45649750,Catamarca,411824,NA,NA,NA,NA,0,0,NA,0,0,NA
2020-03-19,Argentina,45649750,Catamarca,411824,NA,NA,NA,NA,0,0,NA,0,0,NA
2020-03-21,Argentina,45649750,Catamarca,411824,NA,NA,NA,NA,0,0,NA,0,0,NA
2020-03-23,Argentina,45649750,Catamarca,411824,NA,NA,NA,NA,0,0,NA,0,0,NA
2020-03-25,Argentina,45649750,Catamarca,411824,NA,NA,NA,NA,0,0,NA,0,0,NA
2020-03-27,Argentina,45649750,Catamarca,411824,NA,NA,NA,NA,0,0,NA,0,0,NA
2020-03-29,Argentina,45649750,Catamarca,411824,NA,NA,NA,NA,0,0,NA,0,0,NA
2020-03-31,Argentina,45649750,Catamarca,411824,NA,NA,NA,NA,0,0,NA,0,0,NA
2020-04-02,Argentina,45649750,Catamarca,411824,NA,NA,NA,NA,0,0,NA,0,0,NA
2020-04-04,Argentina,45649750,Catamarca,411824,NA,NA,NA,NA,0,0,NA,0,0,NA
2020-04-06,Argentina,45649750,Catamarca,411824,NA,NA,NA,NA,0,0,NA,0,0,NA
2020-04-08,Argentina,45649750,Catamarca,411824,NA,NA,NA,NA,0,0,NA,0,0,NA
2020-04-10,Argentina,45649750,Catamarca,411824,NA,NA,NA,NA,0,0,NA,0,0,NA
2020-04-12,Argentina,45649750,Catamarca,411824,NA,NA,NA,NA,0,0,NA,0,0,NA
2020-04-14,Argentina,45649750,Catamarca,411824,NA,NA,NA,NA,0,0,NA,0,0,NA
2020-04-16,Argentina,45649750,Catamarca,411824,NA,NA,NA,NA,0,0,NA,0,0,NA
2020-04-18,Argentina,45649750,Catamarca,411824,NA,NA,NA,NA,0,0,NA,0,0,NA
2020-04-20,Argentina,45649750,Catamarca,411824,NA,NA,NA,NA,0,0,NA,0,0,NA
2020-04-22,Argentina,45649750,Catamarca,411824,NA,NA,NA,NA,0,0,NA,0,0,NA
2020-04-24,Argentina,45649750,Catamarca,411824,NA,NA,NA,NA,0,0,NA,0,0,NA
2020-04-26,Argentina,45649750,Catamarca,411824,NA,NA,NA,NA,0,0,NA,0,0,NA
2020-04-28,Argentina,45649750,Catamarca,411824,NA,NA,NA,NA,0,0,NA,0,0,NA
2020-04-30,Argentina,45649750,Catamarca,411824,NA,NA,NA,NA,0,0,NA,0,0,NA
2020-05-02,Argentina,45649750,Catamarca,411824,NA,NA,NA,NA,0,0,NA,0,0,NA
2020-05-04,Argentina,45649750,Catamarca,411824,NA,NA,NA,NA,0,0,NA,0,0,NA
2020-05-06,Argentina,45649750,Catamarca,411824,NA,NA,NA,NA,0,0,NA,0,0,NA
2020-05-08,Argentina,45649750,Catamarca,411824,NA,NA,NA,NA,0,0,NA,0,0,NA
2020-05-10,Argentina,45649750,Catamarca,411824,NA,NA,NA,NA,0,0,NA,0,0,NA
2020-05-12,Argentina,45649750,Catamarca,411824,NA,NA,NA,NA,0,0,NA,0,0,NA
2020-05-14,Argentina,45649750,Catamarca,411824,NA,NA,NA,NA,0,0,NA,0,0,NA
2020-05-16,Argentina,45649750,Catamarca,411824,NA,NA,NA,NA,0,0,NA,0,0,NA
2020-05-18,Argentina,45649750,Catamarca,411824,NA,NA,NA,NA,0,0,NA,0,0,NA
2020-05-20,Argentina,45649750,Catamarca,411824,NA,NA,NA,NA,0,0,NA,0,0,NA
2020-05-22,Argentina,45649750,Catamarca,411824,NA,NA,NA,NA,0,0,NA,0,0,NA
2020-05-24,Argentina,45649750,Catamarca,411824,NA,NA,NA,NA,0,0,NA,0,0,NA
2020-05-26,Argentina,45649750,Catamarca,411824,NA,NA,NA,NA,0,0,NA,0,0,NA
2020-05-28,Argentina,45649750,Catamarca,411824,NA,NA,NA,NA,0,0,NA,0,0,NA
2020-05-30,Argentina,45649750,Catamarca,411824,NA,NA,NA,NA,0,0,NA,0,0,NA
2020-06-01,Argentina,45649750,Catamarca,411824,NA,NA,NA,NA,0,0,NA,0,0,NA
2020-06-03,Argentina,45649750,Catamarca,411824,NA,NA,NA,NA,0,0,NA,0,0,NA
2020-06-05,Argentina,45649750,Catamarca,411824,NA,NA,NA,NA,0,0,NA,0,0,NA
2020-06-07,Argentina,45649750,Catamarca,411824,NA,NA,NA,NA,0,0,NA,0,0,NA
2020-06-09,Argentina,45649750,Catamarca,411824,NA,NA,NA,NA,0,0,NA,0,0,NA
2020-06-11,Argentina,45649750,Catamarca,411824,NA,NA,NA,NA,0,0,NA,0,0,NA
2020-06-13,Argentina,45649750,Catamarca,411824,NA,NA,NA,NA,0,0,NA,0,0,NA
2020-06-15,Argentina,45649750,Catamarca,411824,NA,NA,NA,NA,0,0,NA,0,0,NA
2020-06-17,Argentina,45649750,Catamarca,411824,NA,NA,NA,NA,0,0,NA,0,0,NA
2020-06-19,Argentina,45649750,Catamarca,411824,NA,NA,NA,NA,0,0,NA,0,0,NA
2020-06-21,Argentina,45649750,Catamarca,411824,NA,NA,NA,NA,0,0,NA,0,0,NA
2020-06-23,Argentina,45649750,Catamarca,411824,NA,NA,NA,NA,0,0,NA,0,0,NA
2020-06-25,Argentina,45649750,Catamarca,411824,NA,NA,NA,NA,0,0,NA,0,0,NA
2020-06-27,Argentina,45649750,Catamarca,411824,NA,NA,NA,NA,0,0,NA,0,0,NA
2020-06-29,Argentina,45649750,Catamarca,411824,NA,NA,NA,NA,0,0,NA,0,0,NA
2020-07-01,Argentina,45649750,Catamarca,411824,NA,NA,NA,NA,0,0,NA,0,0,NA
2020-07-03,Argentina,45649750,Catamarca,411824,NA,NA,NA,NA,1,0,NA,1,0,NA
2020-07-05,Argentina,45649750,Catamarca,411824,NA,NA,NA,NA,1,0,NA,7,0,NA
2020-07-07,Argentina,45649750,Catamarca,411824,NA,NA,NA,NA,21,0,NA,28,0,NA
2020-07-09,Argentina,45649750,Catamarca,411824,NA,NA,NA,NA,0,0,NA,38,0,NA
2020-07-11,Argentina,45649750,Catamarca,411824,NA,NA,NA,NA,0,0,NA,39,0,NA
2020-07-13,Argentina,45649750,Catamarca,411824,NA,NA,NA,NA,0,0,NA,39,0,NA
2020-07-15,Argentina,45649750,Catamarca,411824,NA,NA,NA,NA,0,0,NA,41,0,NA
2020-07-17,Argentina,45649750,Catamarca,411824,NA,NA,NA,NA,1,0,NA,56,0,NA
2020-07-19,Argentina,45649750,Catamarca,411824,NA,NA,NA,NA,0,0,NA,57,0,NA
2020-07-21,Argentina,45649750,Catamarca,411824,NA,NA,NA,NA,0,0,NA,59,0,NA
2020-07-23,Argentina,45649750,Catamarca,411824,NA,NA,NA,NA,0,0,NA,59,0,NA
2020-07-25,Argentina,45649750,Catamarca,411824,NA,NA,NA,NA,0,0,NA,59,0,NA
2020-07-27,Argentina,45649750,Catamarca,411824,NA,NA,NA,NA,0,0,NA,59,0,NA
2020-07-29,Argentina,45649750,Catamarca,411824,NA,NA,NA,NA,0,0,NA,60,0,NA
2020-07-31,Argentina,45649750,Catamarca,411824,NA,NA,NA,NA,0,0,NA,60,0,NA
2020-08-02,Argentina,45649750,Catamarca,411824,NA,NA,NA,NA,0,0,NA,60,0,NA
2020-08-04,Argentina,45649750,Catamarca,411824,NA,NA,NA,NA,0,0,NA,60,0,NA
2020-08-06,Argentina,45649750,Catamarca,411824,NA,NA,NA,NA,0,0,NA,60,0,NA
2020-08-08,Argentina,45649750,Catamarca,411824,NA,NA,NA,NA,0,0,NA,60,0,NA
2020-08-10,Argentina,45649750,Catamarca,411824,NA,NA,NA,NA,0,0,NA,60,0,NA
2020-08-12,Argentina,45649750,Catamarca,411824,NA,NA,NA,NA,0,0,NA,62,0,NA
2020-08-14,Argentina,45649750,Catamarca,411824,NA,NA,NA,NA,0,0,NA,62,0,NA
2020-08-16,Argentina,45649750,Catamarca,411824,NA,NA,NA,NA,0,0,NA,62,0,NA
2020-08-18,Argentina,45649750,Catamarca,411824,NA,NA,NA,NA,0,0,NA,62,0,NA
2020-01-02,Argentina,45649750,La Pampa,355422,NA,NA,NA,NA,0,0,NA,0,0,NA
2020-01-04,Argentina,45649750,La Pampa,355422,NA,NA,NA,NA,0,0,NA,0,0,NA
2020-01-06,Argentina,45649750,La Pampa,355422,NA,NA,NA,NA,0,0,NA,0,0,NA
2020-01-08,Argentina,45649750,La Pampa,355422,NA,NA,NA,NA,0,0,NA,0,0,NA
2020-01-10,Argentina,45649750,La Pampa,355422,NA,NA,NA,NA,0,0,NA,0,0,NA
2020-01-12,Argentina,45649750,La Pampa,355422,NA,NA,NA,NA,0,0,NA,0,0,NA
2020-01-14,Argentina,45649750,La Pampa,355422,NA,NA,NA,NA,0,0,NA,0,0,NA
2020-01-16,Argentina,45649750,La Pampa,355422,NA,NA,NA,NA,0,0,NA,0,0,NA
2020-01-18,Argentina,45649750,La Pampa,355422,NA,NA,NA,NA,0,0,NA,0,0,NA
2020-01-20,Argentina,45649750,La Pampa,355422,NA,NA,NA,NA,0,0,NA,0,0,NA
2020-01-22,Argentina,45649750,La Pampa,355422,NA,NA,NA,NA,0,0,NA,0,0,NA
2020-01-24,Argentina,45649750,La Pampa,355422,NA,NA,NA,NA,0,0,NA,0,0,NA
2020-01-26,Argentina,45649750,La Pampa,355422,NA,NA,NA,NA,0,0,NA,0,0,NA
2020-01-28,Argentina,45649750,La Pampa,355422,NA,NA,NA,NA,0,0,NA,0,0,NA
2020-01-30,Argentina,45649750,La Pampa,355422,NA,NA,NA,NA,0,0,NA,0,0,NA
2020-02-01,Argentina,45649750,La Pampa,355422,NA,NA,NA,NA,0,0,NA,0,0,NA
2020-02-03,Argentina,45649750,La Pampa,355422,NA,NA,NA,NA,0,0,NA,0,0,NA
2020-02-05,Argentina,45649750,La Pampa,355422,NA,NA,NA,NA,0,0,NA,0,0,NA
2020-02-07,Argentina,45649750,La Pampa,355422,NA,NA,NA,NA,0,0,NA,0,0,NA
2020-02-09,Argentina,45649750,La Pampa,355422,NA,NA,NA,NA,0,0,NA,0,0,NA
2020-02-11,Argentina,45649750,La Pampa,355422,NA,NA,NA,NA,0,0,NA,0,0,NA
2020-02-13,Argentina,45649750,La Pampa,355422,NA,NA,NA,NA,0,0,NA,0,0,NA
2020-02-15,Argentina,45649750,La Pampa,355422,NA,NA,NA,NA,0,0,NA,0,0,NA
2020-02-17,Argentina,45649750,La Pampa,355422,NA,NA,NA,NA,0,0,NA,0,0,NA
2020-02-19,Argentina,45649750,La Pampa,355422,NA,NA,NA,NA,0,0,NA,0,0,NA
2020-02-21,Argentina,45649750,La Pampa,355422,NA,NA,NA,NA,0,0,NA,0,0,NA
2020-02-23,Argentina,45649750,La Pampa,355422,NA,NA,NA,NA,0,0,NA,0,0,NA
2020-02-25,Argentina,45649750,La Pampa,355422,NA,NA,NA,NA,0,0,NA,0,0,NA
2020-02-27,Argentina,45649750,La Pampa,355422,NA,NA,NA,NA,0,0,NA,0,0,NA
2020-02-29,Argentina,45649750,La Pampa,355422,NA,NA,NA,NA,0,0,NA,0,0,NA
2020-03-02,Argentina,45649750,La Pampa,355422,NA,NA,NA,NA,0,0,NA,0,0,NA
2020-03-04,Argentina,45649750,La Pampa,355422,NA,NA,NA,NA,0,0,NA,0,0,NA
2020-03-06,Argentina,45649750,La Pampa,355422,NA,NA,NA,NA,0,0,NA,0,0,NA
2020-03-08,Argentina,45649750,La Pampa,355422,NA,NA,NA,NA,0,0,NA,0,0,NA
2020-03-10,Argentina,45649750,La Pampa,355422,NA,NA,NA,NA,0,0,NA,0,0,NA
2020-03-12,Argentina,45649750,La Pampa,355422,NA,NA,NA,NA,0,0,NA,0,0,NA
2020-03-14,Argentina,45649750,La Pampa,355422,NA,NA,NA,NA,0,0,NA,0,0,NA
2020-03-16,Argentina,45649750,La Pampa,355422,NA,NA,NA,NA,0,0,NA,0,0,NA
2020-03-18,Argentina,45649750,La Pampa,355422,NA,NA,NA,NA,0,0,NA,0,0,NA
2020-03-20,Argentina,45649750,La Pampa,355422,NA,NA,NA,NA,0,0,NA,0,0,NA
2020-03-22,Argentina,45649750,La Pampa,355422,NA,NA,NA,NA,0,0,NA,0,0,NA
2020-03-24,Argentina,45649750,La Pampa,355422,NA,NA,NA,NA,1,0,NA,1,0,NA
2020-03-26,Argentina,45649750,La Pampa,355422,NA,NA,NA,NA,0,0,NA,1,0,NA
2020-03-28,Argentina,45649750,La Pampa,355422,NA,NA,NA,NA,0,0,NA,1,0,NA
2020-03-30,Argentina,45649750,La Pampa,355422,NA,NA,NA,NA,0,0,NA,3,1,NA
2020-04-01,Argentina,45649750,La Pampa,355422,NA,NA,NA,NA,0,0,NA,3,2,NA
2020-04-03,Argentina,45649750,La Pampa,355422,NA,NA,NA,NA,0,0,NA,3,2,NA
2020-04-05,Argentina,45649750,La Pampa,355422,NA,NA,NA,NA,0,0,NA,3,3,NA
2020-04-07,Argentina,45649750,La Pampa,355422,NA,NA,NA,NA,1,0,NA,4,3,NA
2020-04-09,Argentina,45649750,La Pampa,355422,NA,NA,NA,NA,0,0,NA,5,3,NA
2020-04-11,Argentina,45649750,La Pampa,355422,NA,NA,NA,NA,0,0,NA,5,3,NA
2020-04-13,Argentina,45649750,La Pampa,355422,NA,NA,NA,NA,0,0,NA,5,3,NA
2020-04-15,Argentina,45649750,La Pampa,355422,NA,NA,NA,NA,0,1,NA,5,4,NA
2020-04-17,Argentina,45649750,La Pampa,355422,NA,NA,NA,NA,0,0,NA,5,5,NA
2020-04-19,Argentina,45649750,La Pampa,355422,NA,NA,NA,NA,0,0,NA,5,5,NA
2020-04-21,Argentina,45649750,La Pampa,355422,NA,NA,NA,NA,0,0,NA,5,6,NA
2020-04-23,Argentina,45649750,La Pampa,355422,NA,NA,NA,NA,0,0,NA,5,6,NA
2020-04-25,Argentina,45649750,La Pampa,355422,NA,NA,NA,NA,0,1,NA,5,7,NA
2020-04-27,Argentina,45649750,La Pampa,355422,NA,NA,NA,NA,0,0,NA,5,7,NA
2020-04-29,Argentina,45649750,La Pampa,355422,NA,NA,NA,NA,0,0,NA,5,7,NA
2020-05-01,Argentina,45649750,La Pampa,355422,NA,NA,NA,NA,0,1,NA,5,8,NA
2020-05-03,Argentina,45649750,La Pampa,355422,NA,NA,NA,NA,0,0,NA,5,8,NA
2020-05-05,Argentina,45649750,La Pampa,355422,NA,NA,NA,NA,0,0,NA,5,8,NA
2020-05-07,Argentina,45649750,La Pampa,355422,NA,NA,NA,NA,0,1,NA,5,9,NA
2020-05-09,Argentina,45649750,La Pampa,355422,NA,NA,NA,NA,0,0,NA,5,9,NA
2020-05-11,Argentina,45649750,La Pampa,355422,NA,NA,NA,NA,0,0,NA,5,9,NA
2020-05-13,Argentina,45649750,La Pampa,355422,NA,NA,NA,NA,0,0,NA,5,9,NA
2020-05-15,Argentina,45649750,La Pampa,355422,NA,NA,NA,NA,0,0,NA,5,9,NA
2020-05-17,Argentina,45649750,La Pampa,355422,NA,NA,NA,NA,0,0,NA,5,10,NA
2020-05-19,Argentina,45649750,La Pampa,355422,NA,NA,NA,NA,0,0,NA,5,10,NA
2020-05-21,Argentina,45649750,La Pampa,355422,NA,NA,NA,NA,0,0,NA,5,10,NA
2020-05-23,Argentina,45649750,La Pampa,355422,NA,NA,NA,NA,0,0,NA,5,10,NA
2020-05-25,Argentina,45649750,La Pampa,355422,NA,NA,NA,NA,0,0,NA,5,10,NA
2020-05-27,Argentina,45649750,La Pampa,355422,NA,NA,NA,NA,0,0,NA,5,10,NA
2020-05-29,Argentina,45649750,La Pampa,355422,NA,NA,NA,NA,0,0,NA,5,10,NA
2020-05-31,Argentina,45649750,La Pampa,355422,NA,NA,NA,NA,0,1,NA,5,11,NA
2020-06-02,Argentina,45649750,La Pampa,355422,NA,NA,NA,NA,0,0,NA,5,11,NA
2020-06-04,Argentina,45649750,La Pampa,355422,NA,NA,NA,NA,0,0,NA,5,11,NA
2020-06-06,Argentina,45649750,La Pampa,355422,NA,NA,NA,NA,0,0,NA,5,11,NA
2020-06-08,Argentina,45649750,La Pampa,355422,NA,NA,NA,NA,0,0,NA,5,11,NA
2020-06-10,Argentina,45649750,La Pampa,355422,NA,NA,NA,NA,0,0,NA,5,11,NA
2020-06-12,Argentina,45649750,La Pampa,355422,NA,NA,NA,NA,0,0,NA,5,11,NA
2020-06-14,Argentina,45649750,La Pampa,355422,NA,NA,NA,NA,1,0,NA,6,11,NA
2020-06-16,Argentina,45649750,La Pampa,355422,NA,NA,NA,NA,0,0,NA,6,12,NA
2020-06-18,Argentina,45649750,La Pampa,355422,NA,NA,NA,NA,0,0,NA,6,12,NA
2020-06-20,Argentina,45649750,La Pampa,355422,NA,NA,NA,NA,0,0,NA,6,12,NA
2020-06-22,Argentina,45649750,La Pampa,355422,NA,NA,NA,NA,0,0,NA,6,12,NA
2020-06-24,Argentina,45649750,La Pampa,355422,NA,NA,NA,NA,0,0,NA,7,12,NA
2020-06-26,Argentina,45649750,La Pampa,355422,NA,NA,NA,NA,0,0,NA,7,12,NA
2020-06-28,Argentina,45649750,La Pampa,355422,NA,NA,NA,NA,0,0,NA,7,12,NA
2020-06-30,Argentina,45649750,La Pampa,355422,NA,NA,NA,NA,0,0,NA,7,12,NA
2020-07-02,Argentina,45649750,La Pampa,355422,NA,NA,NA,NA,0,0,NA,7,12,NA
2020-07-04,Argentina,45649750,La Pampa,355422,NA,NA,NA,NA,0,0,NA,7,12,NA
2020-07-06,Argentina,45649750,La Pampa,355422,NA,NA,NA,NA,0,0,NA,7,12,NA
2020-07-08,Argentina,45649750,La Pampa,355422,NA,NA,NA,NA,0,0,NA,7,12,NA
2020-07-10,Argentina,45649750,La Pampa,355422,NA,NA,NA,NA,0,0,NA,7,12,NA
2020-07-12,Argentina,45649750,La Pampa,355422,NA,NA,NA,NA,0,0,NA,7,12,NA
2020-07-14,Argentina,45649750,La Pampa,355422,NA,NA,NA,NA,1,0,NA,8,12,NA
2020-07-16,Argentina,45649750,La Pampa,355422,NA,NA,NA,NA,0,0,NA,8,12,NA
2020-07-18,Argentina,45649750,La Pampa,355422,NA,NA,NA,NA,0,0,NA,8,12,NA
2020-07-20,Argentina,45649750,La Pampa,355422,NA,NA,NA,NA,0,0,NA,8,12,NA
2020-07-22,Argentina,45649750,La Pampa,355422,NA,NA,NA,NA,0,0,NA,8,13,NA
2020-07-24,Argentina,45649750,La Pampa,355422,NA,NA,NA,NA,14,0,NA,24,13,NA
2020-07-26,Argentina,45649750,La Pampa,355422,NA,NA,NA,NA,13,0,NA,46,13,NA
2020-07-28,Argentina,45649750,La Pampa,355422,NA,NA,NA,NA,12,0,NA,70,13,NA
2020-07-30,Argentina,45649750,La Pampa,355422,NA,NA,NA,NA,26,0,NA,103,13,NA
2020-08-01,Argentina,45649750,La Pampa,355422,NA,NA,NA,NA,35,0,NA,166,13,NA
2020-08-03,Argentina,45649750,La Pampa,355422,NA,NA,NA,NA,0,0,NA,167,13,NA
2020-08-05,Argentina,45649750,La Pampa,355422,NA,NA,NA,NA,0,0,NA,168,13,NA
2020-08-07,Argentina,45649750,La Pampa,355422,NA,NA,NA,NA,4,0,NA,175,13,NA
2020-08-09,Argentina,45649750,La Pampa,355422,NA,NA,NA,NA,0,0,NA,176,13,NA
2020-08-11,Argentina,45649750,La Pampa,355422,NA,NA,NA,NA,1,0,NA,178,13,NA
2020-08-13,Argentina,45649750,La Pampa,355422,NA,NA,NA,NA,2,0,NA,180,13,NA
2020-08-15,Argentina,45649750,La Pampa,355422,NA,NA,NA,NA,3,0,NA,183,13,NA
2020-08-17,Argentina,45649750,La Pampa,355422,NA,NA,NA,NA,0,0,NA,183,13,NA
2020-01-01,Argentina,45649750,Mendoza,2086000,NA,NA,NA,NA,0,0,NA,0,0,NA
2020-01-03,Argentina,45649750,Mendoza,2086000,NA,NA,NA,NA,0,0,NA,0,0,NA
2020-01-05,Argentina,45649750,Mendoza,2086000,NA,NA,NA,NA,0,0,NA,0,0,NA
2020-01-07,Argentina,45649750,Mendoza,2086000,NA,NA,NA,NA,0,0,NA,0,0,NA
2020-01-09,Argentina,45649750,Mendoza,2086000,NA,NA,NA,NA,0,0,NA,0,0,NA
2020-01-11,Argentina,45649750,Mendoza,2086000,NA,NA,NA,NA,0,0,NA,0,0,NA
2020-01-13,Argentina,45649750,Mendoza,2086000,NA,NA,NA,NA,0,0,NA,0,0,NA
2020-01-15,Argentina,45649750,Mendoza,2086000,NA,NA,NA,NA,0,0,NA,0,0,NA
2020-01-17,Argentina,45649750,Mendoza,2086000,NA,NA,NA,NA,0,0,NA,0,0,NA
2020-01-19,Argentina,45649750,Mendoza,2086000,NA,NA,NA,NA,0,0,NA,0,0,NA
2020-01-21,Argentina,45649750,Mendoza,2086000,NA,NA,NA,NA,0,0,NA,0,0,NA
2020-01-23,Argentina,45649750,Mendoza,2086000,NA,NA,NA,NA,0,0,NA,0,0,NA
2020-01-25,Argentina,45649750,Mendoza,2086000,NA,NA,NA,NA,0,0,NA,0,0,NA
2020-01-27,Argentina,45649750,Mendoza,2086000,NA,NA,NA,NA,0,0,NA,0,0,NA
2020-01-29,Argentina,45649750,Mendoza,2086000,NA,NA,NA,NA,0,0,NA,0,0,NA
2020-01-31,Argentina,45649750,Mendoza,2086000,NA,NA,NA,NA,0,0,NA,0,0,NA
2020-02-02,Argentina,45649750,Mendoza,2086000,NA,NA,NA,NA,0,0,NA,0,0,NA
2020-02-04,Argentina,45649750,Mendoza,2086000,NA,NA,NA,NA,0,0,NA,0,0,NA
2020-02-06,Argentina,45649750,Mendoza,2086000,NA,NA,NA,NA,0,0,NA,0,0,NA
2020-02-08,Argentina,45649750,Mendoza,2086000,NA,NA,NA,NA,0,0,NA,0,0,NA
2020-02-10,Argentina,45649750,Mendoza,2086000,NA,NA,NA,NA,0,0,NA,0,0,NA
2020-02-12,Argentina,45649750,Mendoza,2086000,NA,NA,NA,NA,0,0,NA,0,0,NA
2020-02-14,Argentina,45649750,Mendoza,2086000,NA,NA,NA,NA,0,0,NA,0,0,NA
2020-02-16,Argentina,45649750,Mendoza,2086000,NA,NA,NA,NA,0,0,NA,0,0,NA
2020-02-18,Argentina,45649750,Mendoza,2086000,NA,NA,NA,NA,0,0,NA,0,0,NA
2020-02-20,Argentina,45649750,Mendoza,2086000,NA,NA,NA,NA,0,0,NA,0,0,NA
2020-02-22,Argentina,45649750,Mendoza,2086000,NA,NA,NA,NA,0,0,NA,0,0,NA
2020-02-24,Argentina,45649750,Mendoza,2086000,NA,NA,NA,NA,0,0,NA,0,0,NA
2020-02-26,Argentina,45649750,Mendoza,2086000,NA,NA,NA,NA,0,0,NA,0,0,NA
2020-02-28,Argentina,45649750,Mendoza,2086000,NA,NA,NA,NA,0,0,NA,0,0,NA
2020-03-01,Argentina,45649750,Mendoza,2086000,NA,NA,NA,NA,0,0,NA,0,0,NA
2020-03-03,Argentina,45649750,Mendoza,2086000,NA,NA,NA,NA,0,0,NA,0,0,NA
2020-03-05,Argentina,45649750,Mendoza,2086000,NA,NA,NA,NA,0,0,NA,0,0,NA
2020-03-07,Argentina,45649750,Mendoza,2086000,NA,NA,NA,NA,0,0,NA,0,0,NA
2020-03-09,Argentina,45649750,Mendoza,2086000,NA,NA,NA,NA,0,0,NA,0,0,NA
2020-03-11,Argentina,45649750,Mendoza,2086000,NA,NA,NA,NA,0,0,NA,0,0,NA
2020-03-13,Argentina,45649750,Mendoza,2086000,NA,NA,NA,NA,0,0,NA,0,0,NA
2020-03-15,Argentina,45649750,Mendoza,2086000,NA,NA,NA,NA,0,0,NA,0,0,NA
2020-03-17,Argentina,45649750,Mendoza,2086000,NA,NA,NA,NA,0,0,NA,0,0,NA
2020-03-19,Argentina,45649750,Mendoza,2086000,NA,NA,NA,NA,0,0,NA,0,0,NA
2020-03-21,Argentina,45649750,Mendoza,2086000,NA,NA,NA,NA,5,0,NA,5,0,NA
2020-03-23,Argentina,45649750,Mendoza,2086000,NA,NA,NA,NA,0,0,NA,5,0,NA
2020-03-25,Argentina,45649750,Mendoza,2086000,NA,NA,NA,NA,2,0,NA,7,0,NA
2020-03-27,Argentina,45649750,Mendoza,2086000,NA,NA,NA,NA,1,1,NA,9,2,NA
2020-03-29,Argentina,45649750,Mendoza,2086000,NA,NA,NA,NA,1,0,NA,11,2,NA
2020-03-31,Argentina,45649750,Mendoza,2086000,NA,NA,NA,NA,2,0,NA,13,2,NA
2020-04-02,Argentina,45649750,Mendoza,2086000,NA,NA,NA,NA,2,2,NA,24,6,NA
2020-04-04,Argentina,45649750,Mendoza,2086000,NA,NA,NA,NA,2,2,NA,29,8,NA
2020-04-06,Argentina,45649750,Mendoza,2086000,NA,NA,NA,NA,0,0,NA,30,9,NA
2020-04-08,Argentina,45649750,Mendoza,2086000,NA,NA,NA,NA,5,0,NA,40,11,NA
2020-04-10,Argentina,45649750,Mendoza,2086000,NA,NA,NA,NA,2,0,NA,49,11,NA
2020-04-12,Argentina,45649750,Mendoza,2086000,NA,NA,NA,NA,2,1,NA,56,12,NA
2020-04-14,Argentina,45649750,Mendoza,2086000,NA,NA,NA,NA,4,2,NA,61,15,NA
2020-04-16,Argentina,45649750,Mendoza,2086000,NA,NA,NA,NA,4,2,NA,66,18,NA
2020-04-18,Argentina,45649750,Mendoza,2086000,NA,NA,NA,NA,1,1,NA,68,19,NA
2020-04-20,Argentina,45649750,Mendoza,2086000,NA,NA,NA,NA,1,0,NA,70,22,NA
2020-04-22,Argentina,45649750,Mendoza,2086000,NA,NA,NA,NA,1,0,NA,73,23,NA
2020-04-24,Argentina,45649750,Mendoza,2086000,NA,NA,NA,NA,0,0,NA,73,26,NA
2020-04-26,Argentina,45649750,Mendoza,2086000,NA,NA,NA,NA,0,0,NA,74,26,NA
2020-04-28,Argentina,45649750,Mendoza,2086000,NA,NA,NA,NA,1,4,NA,75,32,NA
2020-04-30,Argentina,45649750,Mendoza,2086000,NA,NA,NA,NA,5,1,NA,83,33,NA
2020-05-02,Argentina,45649750,Mendoza,2086000,NA,NA,NA,NA,0,0,NA,83,34,NA
2020-05-04,Argentina,45649750,Mendoza,2086000,NA,NA,NA,NA,1,0,NA,84,35,NA
2020-05-06,Argentina,45649750,Mendoza,2086000,NA,NA,NA,NA,0,1,NA,84,36,NA
2020-05-08,Argentina,45649750,Mendoza,2086000,NA,NA,NA,NA,1,1,NA,85,37,NA
2020-05-10,Argentina,45649750,Mendoza,2086000,NA,NA,NA,NA,0,4,NA,85,41,NA
2020-05-12,Argentina,45649750,Mendoza,2086000,NA,NA,NA,NA,1,0,NA,86,41,NA
2020-05-14,Argentina,45649750,Mendoza,2086000,NA,NA,NA,NA,0,1,NA,86,42,NA
2020-05-16,Argentina,45649750,Mendoza,2086000,NA,NA,NA,NA,0,0,NA,86,42,NA
2020-05-18,Argentina,45649750,Mendoza,2086000,NA,NA,NA,NA,1,1,NA,87,43,NA
2020-05-20,Argentina,45649750,Mendoza,2086000,NA,NA,NA,NA,0,1,NA,88,44,NA
2020-05-22,Argentina,45649750,Mendoza,2086000,NA,NA,NA,NA,0,0,NA,89,44,NA
2020-05-24,Argentina,45649750,Mendoza,2086000,NA,NA,NA,NA,0,1,NA,89,45,NA
2020-05-26,Argentina,45649750,Mendoza,2086000,NA,NA,NA,NA,0,3,NA,89,50,NA
2020-05-28,Argentina,45649750,Mendoza,2086000,NA,NA,NA,NA,0,2,NA,89,52,NA
2020-05-30,Argentina,45649750,Mendoza,2086000,NA,NA,NA,NA,0,0,NA,92,53,NA
2020-06-01,Argentina,45649750,Mendoza,2086000,NA,NA,NA,NA,0,0,NA,100,53,NA
2020-06-03,Argentina,45649750,Mendoza,2086000,NA,NA,NA,NA,0,0,NA,100,54,NA
2020-06-05,Argentina,45649750,Mendoza,2086000,NA,NA,NA,NA,0,0,NA,100,54,NA
2020-06-07,Argentina,45649750,Mendoza,2086000,NA,NA,NA,NA,0,1,NA,100,55,NA
2020-06-09,Argentina,45649750,Mendoza,2086000,NA,NA,NA,NA,1,0,NA,102,55,NA
2020-06-11,Argentina,45649750,Mendoza,2086000,NA,NA,NA,NA,1,1,NA,104,56,NA
2020-06-13,Argentina,45649750,Mendoza,2086000,NA,NA,NA,NA,1,0,NA,106,56,NA
2020-06-15,Argentina,45649750,Mendoza,2086000,NA,NA,NA,NA,3,1,NA,115,57,NA
2020-06-17,Argentina,45649750,Mendoza,2086000,NA,NA,NA,NA,1,2,NA,117,60,NA
2020-06-19,Argentina,45649750,Mendoza,2086000,NA,NA,NA,NA,4,0,NA,124,60,NA
2020-06-21,Argentina,45649750,Mendoza,2086000,NA,NA,NA,NA,1,0,NA,132,60,NA
2020-06-23,Argentina,45649750,Mendoza,2086000,NA,NA,NA,NA,8,2,NA,144,63,NA
2020-06-25,Argentina,45649750,Mendoza,2086000,NA,NA,NA,NA,2,0,NA,151,63,NA
2020-06-27,Argentina,45649750,Mendoza,2086000,NA,NA,NA,NA,4,2,NA,161,65,NA
2020-06-29,Argentina,45649750,Mendoza,2086000,NA,NA,NA,NA,0,0,NA,164,66,NA
2020-07-01,Argentina,45649750,Mendoza,2086000,NA,NA,NA,NA,6,0,NA,176,66,NA
2020-07-03,Argentina,45649750,Mendoza,2086000,NA,NA,NA,NA,4,0,NA,184,66,NA
2020-07-05,Argentina,45649750,Mendoza,2086000,NA,NA,NA,NA,6,1,NA,197,67,NA
2020-07-07,Argentina,45649750,Mendoza,2086000,NA,NA,NA,NA,21,0,NA,240,68,NA
2020-07-09,Argentina,45649750,Mendoza,2086000,NA,NA,NA,NA,9,0,NA,263,69,NA
2020-07-11,Argentina,45649750,Mendoza,2086000,NA,NA,NA,NA,10,0,NA,290,69,NA
2020-07-13,Argentina,45649750,Mendoza,2086000,NA,NA,NA,NA,15,1,NA,321,70,NA
2020-07-15,Argentina,45649750,Mendoza,2086000,NA,NA,NA,NA,23,2,NA,384,72,NA
2020-07-17,Argentina,45649750,Mendoza,2086000,NA,NA,NA,NA,44,2,NA,446,77,NA
2020-07-19,Argentina,45649750,Mendoza,2086000,NA,NA,NA,NA,30,1,NA,518,80,NA
2020-07-21,Argentina,45649750,Mendoza,2086000,NA,NA,NA,NA,63,0,NA,619,81,NA
2020-07-23,Argentina,45649750,Mendoza,2086000,NA,NA,NA,NA,53,3,NA,714,86,NA
2020-07-25,Argentina,45649750,Mendoza,2086000,NA,NA,NA,NA,31,4,NA,820,91,NA
2020-07-27,Argentina,45649750,Mendoza,2086000,NA,NA,NA,NA,77,2,NA,944,95,NA
2020-07-29,Argentina,45649750,Mendoza,2086000,NA,NA,NA,NA,68,4,NA,1078,102,NA
2020-07-31,Argentina,45649750,Mendoza,2086000,NA,NA,NA,NA,126,1,NA,1313,105,NA
2020-08-02,Argentina,45649750,Mendoza,2086000,NA,NA,NA,NA,111,5,NA,1493,114,NA
2020-08-04,Argentina,45649750,Mendoza,2086000,NA,NA,NA,NA,95,3,NA,1684,120,NA
2020-08-06,Argentina,45649750,Mendoza,2086000,NA,NA,NA,NA,146,2,NA,1913,124,NA
2020-08-08,Argentina,45649750,Mendoza,2086000,NA,NA,NA,NA,117,2,NA,2150,128,NA
2020-08-10,Argentina,45649750,Mendoza,2086000,NA,NA,NA,NA,144,4,NA,2373,135,NA
2020-08-12,Argentina,45649750,Mendoza,2086000,NA,NA,NA,NA,146,3,NA,2697,143,NA
2020-08-14,Argentina,45649750,Mendoza,2086000,NA,NA,NA,NA,233,5,NA,3134,151,NA
2020-08-16,Argentina,45649750,Mendoza,2086000,NA,NA,NA,NA,4,0,NA,3327,154,NA
2020-08-18,Argentina,45649750,Mendoza,2086000,NA,NA,NA,NA,0,0,NA,3327,154,NA
2020-01-02,Argentina,45649750,Misiones,1247362,NA,NA,NA,NA,0,0,NA,0,0,NA
2020-01-04,Argentina,45649750,Misiones,1247362,NA,NA,NA,NA,0,0,NA,0,0,NA
2020-01-06,Argentina,45649750,Misiones,1247362,NA,NA,NA,NA,0,0,NA,0,0,NA
2020-01-08,Argentina,45649750,Misiones,1247362,NA,NA,NA,NA,0,0,NA,0,0,NA
2020-01-10,Argentina,45649750,Misiones,1247362,NA,NA,NA,NA,0,0,NA,0,0,NA
2020-01-12,Argentina,45649750,Misiones,1247362,NA,NA,NA,NA,0,0,NA,0,0,NA
2020-01-14,Argentina,45649750,Misiones,1247362,NA,NA,NA,NA,0,0,NA,0,0,NA
2020-01-16,Argentina,45649750,Misiones,1247362,NA,NA,NA,NA,0,0,NA,0,0,NA
2020-01-18,Argentina,45649750,Misiones,1247362,NA,NA,NA,NA,0,0,NA,0,0,NA
2020-01-20,Argentina,45649750,Misiones,1247362,NA,NA,NA,NA,0,0,NA,0,0,NA
2020-01-22,Argentina,45649750,Misiones,1247362,NA,NA,NA,NA,0,0,NA,0,0,NA
2020-01-24,Argentina,45649750,Misiones,1247362,NA,NA,NA,NA,0,0,NA,0,0,NA
2020-01-26,Argentina,45649750,Misiones,1247362,NA,NA,NA,NA,0,0,NA,0,0,NA
2020-01-28,Argentina,45649750,Misiones,1247362,NA,NA,NA,NA,0,0,NA,0,0,NA
2020-01-30,Argentina,45649750,Misiones,1247362,NA,NA,NA,NA,0,0,NA,0,0,NA
2020-02-01,Argentina,45649750,Misiones,1247362,NA,NA,NA,NA,0,0,NA,0,0,NA
2020-02-03,Argentina,45649750,Misiones,1247362,NA,NA,NA,NA,0,0,NA,0,0,NA
2020-02-05,Argentina,45649750,Misiones,1247362,NA,NA,NA,NA,0,0,NA,0,0,NA
2020-02-07,Argentina,45649750,Misiones,1247362,NA,NA,NA,NA,0,0,NA,0,0,NA
2020-02-09,Argentina,45649750,Misiones,1247362,NA,NA,NA,NA,0,0,NA,0,0,NA
2020-02-11,Argentina,45649750,Misiones,1247362,NA,NA,NA,NA,0,0,NA,0,0,NA
2020-02-13,Argentina,45649750,Misiones,1247362,NA,NA,NA,NA,0,0,NA,0,0,NA
2020-02-15,Argentina,45649750,Misiones,1247362,NA,NA,NA,NA,0,0,NA,0,0,NA
2020-02-17,Argentina,45649750,Misiones,1247362,NA,NA,NA,NA,0,0,NA,0,0,NA
2020-02-19,Argentina,45649750,Misiones,1247362,NA,NA,NA,NA,0,0,NA,0,0,NA
2020-02-21,Argentina,45649750,Misiones,1247362,NA,NA,NA,NA,0,0,NA,0,0,NA
2020-02-23,Argentina,45649750,Misiones,1247362,NA,NA,NA,NA,0,0,NA,0,0,NA
2020-02-25,Argentina,45649750,Misiones,1247362,NA,NA,NA,NA,0,0,NA,0,0,NA
2020-02-27,Argentina,45649750,Misiones,1247362,NA,NA,NA,NA,0,0,NA,0,0,NA
2020-02-29,Argentina,45649750,Misiones,1247362,NA,NA,NA,NA,0,0,NA,0,0,NA
2020-03-02,Argentina,45649750,Misiones,1247362,NA,NA,NA,NA,0,0,NA,0,0,NA
2020-03-04,Argentina,45649750,Misiones,1247362,NA,NA,NA,NA,0,0,NA,0,0,NA
2020-03-06,Argentina,45649750,Misiones,1247362,NA,NA,NA,NA,0,0,NA,0,0,NA
2020-03-08,Argentina,45649750,Misiones,1247362,NA,NA,NA,NA,0,0,NA,0,0,NA
2020-03-10,Argentina,45649750,Misiones,1247362,NA,NA,NA,NA,0,0,NA,0,0,NA
2020-03-12,Argentina,45649750,Misiones,1247362,NA,NA,NA,NA,0,0,NA,0,0,NA
2020-03-14,Argentina,45649750,Misiones,1247362,NA,NA,NA,NA,0,0,NA,0,0,NA
2020-03-16,Argentina,45649750,Misiones,1247362,NA,NA,NA,NA,0,0,NA,0,0,NA
2020-03-18,Argentina,45649750,Misiones,1247362,NA,NA,NA,NA,0,0,NA,0,0,NA
2020-03-20,Argentina,45649750,Misiones,1247362,NA,NA,NA,NA,0,0,NA,0,0,NA
2020-03-22,Argentina,45649750,Misiones,1247362,NA,NA,NA,NA,0,0,NA,0,0,NA
2020-03-24,Argentina,45649750,Misiones,1247362,NA,NA,NA,NA,0,0,NA,0,0,NA
2020-03-26,Argentina,45649750,Misiones,1247362,NA,NA,NA,NA,0,0,NA,0,0,NA
2020-03-28,Argentina,45649750,Misiones,1247362,NA,NA,NA,NA,0,0,NA,1,0,NA
2020-03-30,Argentina,45649750,Misiones,1247362,NA,NA,NA,NA,0,0,NA,2,0,NA
2020-04-01,Argentina,45649750,Misiones,1247362,NA,NA,NA,NA,0,0,NA,3,0,NA
2020-04-03,Argentina,45649750,Misiones,1247362,NA,NA,NA,NA,0,0,NA,3,0,NA
2020-04-05,Argentina,45649750,Misiones,1247362,NA,NA,NA,NA,0,0,NA,3,0,NA
2020-04-07,Argentina,45649750,Misiones,1247362,NA,NA,NA,NA,0,0,NA,3,0,NA
2020-04-09,Argentina,45649750,Misiones,1247362,NA,NA,NA,NA,0,1,NA,3,1,NA
2020-04-11,Argentina,45649750,Misiones,1247362,NA,NA,NA,NA,0,0,NA,3,4,NA
2020-04-13,Argentina,45649750,Misiones,1247362,NA,NA,NA,NA,0,0,NA,3,5,NA
2020-04-15,Argentina,45649750,Misiones,1247362,NA,NA,NA,NA,0,0,NA,3,5,NA
2020-04-17,Argentina,45649750,Misiones,1247362,NA,NA,NA,NA,1,0,NA,4,6,NA
2020-04-19,Argentina,45649750,Misiones,1247362,NA,NA,NA,NA,0,0,NA,5,7,NA
2020-04-21,Argentina,45649750,Misiones,1247362,NA,NA,NA,NA,0,0,NA,5,7,NA
2020-04-23,Argentina,45649750,Misiones,1247362,NA,NA,NA,NA,0,1,NA,5,8,NA
2020-04-25,Argentina,45649750,Misiones,1247362,NA,NA,NA,NA,0,0,NA,6,8,NA
2020-04-27,Argentina,45649750,Misiones,1247362,NA,NA,NA,NA,2,0,NA,8,8,NA
2020-04-29,Argentina,45649750,Misiones,1247362,NA,NA,NA,NA,4,0,NA,12,8,NA
2020-05-01,Argentina,45649750,Misiones,1247362,NA,NA,NA,NA,0,0,NA,12,9,NA
2020-05-03,Argentina,45649750,Misiones,1247362,NA,NA,NA,NA,13,0,NA,25,9,NA
2020-05-05,Argentina,45649750,Misiones,1247362,NA,NA,NA,NA,0,1,NA,25,10,NA
2020-05-07,Argentina,45649750,Misiones,1247362,NA,NA,NA,NA,0,0,NA,25,10,NA
2020-05-09,Argentina,45649750,Misiones,1247362,NA,NA,NA,NA,0,0,NA,25,10,NA
2020-05-11,Argentina,45649750,Misiones,1247362,NA,NA,NA,NA,0,0,NA,25,10,NA
2020-05-13,Argentina,45649750,Misiones,1247362,NA,NA,NA,NA,0,1,NA,25,11,NA
2020-05-15,Argentina,45649750,Misiones,1247362,NA,NA,NA,NA,0,1,NA,25,12,NA
2020-05-17,Argentina,45649750,Misiones,1247362,NA,NA,NA,NA,0,0,NA,25,12,NA
2020-05-19,Argentina,45649750,Misiones,1247362,NA,NA,NA,NA,0,0,NA,25,12,NA
2020-05-21,Argentina,45649750,Misiones,1247362,NA,NA,NA,NA,0,1,NA,25,13,NA
2020-05-23,Argentina,45649750,Misiones,1247362,NA,NA,NA,NA,0,0,NA,25,13,NA
2020-05-25,Argentina,45649750,Misiones,1247362,NA,NA,NA,NA,0,0,NA,25,14,NA
2020-05-27,Argentina,45649750,Misiones,1247362,NA,NA,NA,NA,0,1,NA,25,15,NA
2020-05-29,Argentina,45649750,Misiones,1247362,NA,NA,NA,NA,1,0,NA,27,16,NA
2020-05-31,Argentina,45649750,Misiones,1247362,NA,NA,NA,NA,0,1,NA,28,18,NA
2020-06-02,Argentina,45649750,Misiones,1247362,NA,NA,NA,NA,0,0,NA,28,18,NA
2020-06-04,Argentina,45649750,Misiones,1247362,NA,NA,NA,NA,0,0,NA,30,18,NA
2020-06-06,Argentina,45649750,Misiones,1247362,NA,NA,NA,NA,6,1,NA,36,21,NA
2020-06-08,Argentina,45649750,Misiones,1247362,NA,NA,NA,NA,0,2,NA,36,24,NA
2020-06-10,Argentina,45649750,Misiones,1247362,NA,NA,NA,NA,1,1,NA,37,25,NA
2020-06-12,Argentina,45649750,Misiones,1247362,NA,NA,NA,NA,0,0,NA,37,26,NA
2020-06-14,Argentina,45649750,Misiones,1247362,NA,NA,NA,NA,1,2,NA,38,28,NA
2020-06-16,Argentina,45649750,Misiones,1247362,NA,NA,NA,NA,0,0,NA,38,28,NA
2020-06-18,Argentina,45649750,Misiones,1247362,NA,NA,NA,NA,0,0,NA,38,28,NA
2020-06-20,Argentina,45649750,Misiones,1247362,NA,NA,NA,NA,0,0,NA,38,29,NA
2020-06-22,Argentina,45649750,Misiones,1247362,NA,NA,NA,NA,0,1,NA,38,30,NA
2020-06-24,Argentina,45649750,Misiones,1247362,NA,NA,NA,NA,1,1,NA,39,31,NA
2020-06-26,Argentina,45649750,Misiones,1247362,NA,NA,NA,NA,0,0,NA,39,31,NA
2020-06-28,Argentina,45649750,Misiones,1247362,NA,NA,NA,NA,0,1,NA,39,34,NA
2020-06-30,Argentina,45649750,Misiones,1247362,NA,NA,NA,NA,0,1,NA,40,35,NA
2020-07-02,Argentina,45649750,Misiones,1247362,NA,NA,NA,NA,0,0,NA,40,38,NA
2020-07-04,Argentina,45649750,Misiones,1247362,NA,NA,NA,NA,0,0,NA,40,38,NA
2020-07-06,Argentina,45649750,Misiones,1247362,NA,NA,NA,NA,0,0,NA,40,38,NA
2020-07-08,Argentina,45649750,Misiones,1247362,NA,NA,NA,NA,0,0,NA,40,38,NA
2020-07-10,Argentina,45649750,Misiones,1247362,NA,NA,NA,NA,0,2,NA,40,41,NA
2020-07-12,Argentina,45649750,Misiones,1247362,NA,NA,NA,NA,0,2,NA,40,44,NA
2020-07-14,Argentina,45649750,Misiones,1247362,NA,NA,NA,NA,0,0,NA,40,45,NA
2020-07-16,Argentina,45649750,Misiones,1247362,NA,NA,NA,NA,0,0,NA,40,48,NA
2020-07-18,Argentina,45649750,Misiones,1247362,NA,NA,NA,NA,1,0,NA,41,49,NA
2020-07-20,Argentina,45649750,Misiones,1247362,NA,NA,NA,NA,0,1,NA,41,51,NA
2020-07-22,Argentina,45649750,Misiones,1247362,NA,NA,NA,NA,0,0,NA,42,51,NA
2020-07-24,Argentina,45649750,Misiones,1247362,NA,NA,NA,NA,0,0,NA,42,51,NA
2020-07-26,Argentina,45649750,Misiones,1247362,NA,NA,NA,NA,0,1,NA,42,52,NA
2020-07-28,Argentina,45649750,Misiones,1247362,NA,NA,NA,NA,0,1,NA,42,54,NA
2020-07-30,Argentina,45649750,Misiones,1247362,NA,NA,NA,NA,3,0,NA,45,55,NA
2020-08-01,Argentina,45649750,Misiones,1247362,NA,NA,NA,NA,0,0,NA,45,55,NA
2020-08-03,Argentina,45649750,Misiones,1247362,NA,NA,NA,NA,2,0,NA,47,55,NA
2020-08-05,Argentina,45649750,Misiones,1247362,NA,NA,NA,NA,0,0,NA,47,56,NA
2020-08-07,Argentina,45649750,Misiones,1247362,NA,NA,NA,NA,1,0,NA,49,56,NA
2020-08-09,Argentina,45649750,Misiones,1247362,NA,NA,NA,NA,0,0,NA,49,56,NA
2020-08-11,Argentina,45649750,Misiones,1247362,NA,NA,NA,NA,1,0,NA,50,56,NA
2020-08-13,Argentina,45649750,Misiones,1247362,NA,NA,NA,NA,2,0,NA,52,56,NA
2020-08-15,Argentina,45649750,Misiones,1247362,NA,NA,NA,NA,1,0,NA,59,56,NA
2020-08-17,Argentina,45649750,Misiones,1247362,NA,NA,NA,NA,0,0,NA,59,56,NA
2020-01-01,Argentina,45649750,Formosa,600229,NA,NA,NA,NA,0,0,NA,0,0,NA
2020-01-03,Argentina,45649750,Formosa,600229,NA,NA,NA,NA,0,0,NA,0,0,NA
2020-01-05,Argentina,45649750,Formosa,600229,NA,NA,NA,NA,0,0,NA,0,0,NA
2020-01-07,Argentina,45649750,Formosa,600229,NA,NA,NA,NA,0,0,NA,0,0,NA
2020-01-09,Argentina,45649750,Formosa,600229,NA,NA,NA,NA,0,0,NA,0,0,NA
2020-01-11,Argentina,45649750,Formosa,600229,NA,NA,NA,NA,0,0,NA,0,0,NA
2020-01-13,Argentina,45649750,Formosa,600229,NA,NA,NA,NA,0,0,NA,0,0,NA
2020-01-15,Argentina,45649750,Formosa,600229,NA,NA,NA,NA,0,0,NA,0,0,NA
2020-01-17,Argentina,45649750,Formosa,600229,NA,NA,NA,NA,0,0,NA,0,0,NA
2020-01-19,Argentina,45649750,Formosa,600229,NA,NA,NA,NA,0,0,NA,0,0,NA
2020-01-21,Argentina,45649750,Formosa,600229,NA,NA,NA,NA,0,0,NA,0,0,NA
2020-01-23,Argentina,45649750,Formosa,600229,NA,NA,NA,NA,0,0,NA,0,0,NA
2020-01-25,Argentina,45649750,Formosa,600229,NA,NA,NA,NA,0,0,NA,0,0,NA
2020-01-27,Argentina,45649750,Formosa,600229,NA,NA,NA,NA,0,0,NA,0,0,NA
2020-01-29,Argentina,45649750,Formosa,600229,NA,NA,NA,NA,0,0,NA,0,0,NA
2020-01-31,Argentina,45649750,Formosa,600229,NA,NA,NA,NA,0,0,NA,0,0,NA
2020-02-02,Argentina,45649750,Formosa,600229,NA,NA,NA,NA,0,0,NA,0,0,NA
2020-02-04,Argentina,45649750,Formosa,600229,NA,NA,NA,NA,0,0,NA,0,0,NA
2020-02-06,Argentina,45649750,Formosa,600229,NA,NA,NA,NA,0,0,NA,0,0,NA
2020-02-08,Argentina,45649750,Formosa,600229,NA,NA,NA,NA,0,0,NA,0,0,NA
2020-02-10,Argentina,45649750,Formosa,600229,NA,NA,NA,NA,0,0,NA,0,0,NA
2020-02-12,Argentina,45649750,Formosa,600229,NA,NA,NA,NA,0,0,NA,0,0,NA
2020-02-14,Argentina,45649750,Formosa,600229,NA,NA,NA,NA,0,0,NA,0,0,NA
2020-02-16,Argentina,45649750,Formosa,600229,NA,NA,NA,NA,0,0,NA,0,0,NA
2020-02-18,Argentina,45649750,Formosa,600229,NA,NA,NA,NA,0,0,NA,0,0,NA
2020-02-20,Argentina,45649750,Formosa,600229,NA,NA,NA,NA,0,0,NA,0,0,NA
2020-02-22,Argentina,45649750,Formosa,600229,NA,NA,NA,NA,0,0,NA,0,0,NA
2020-02-24,Argentina,45649750,Formosa,600229,NA,NA,NA,NA,0,0,NA,0,0,NA
2020-02-26,Argentina,45649750,Formosa,600229,NA,NA,NA,NA,0,0,NA,0,0,NA
2020-02-28,Argentina,45649750,Formosa,600229,NA,NA,NA,NA,0,0,NA,0,0,NA
2020-03-01,Argentina,45649750,Formosa,600229,NA,NA,NA,NA,0,0,NA,0,0,NA
2020-03-03,Argentina,45649750,Formosa,600229,NA,NA,NA,NA,0,0,NA,0,0,NA
2020-03-05,Argentina,45649750,Formosa,600229,NA,NA,NA,NA,0,0,NA,0,0,NA
2020-03-07,Argentina,45649750,Formosa,600229,NA,NA,NA,NA,0,0,NA,0,0,NA
2020-03-09,Argentina,45649750,Formosa,600229,NA,NA,NA,NA,0,0,NA,0,0,NA
2020-03-11,Argentina,45649750,Formosa,600229,NA,NA,NA,NA,0,0,NA,0,0,NA
2020-03-13,Argentina,45649750,Formosa,600229,NA,NA,NA,NA,0,0,NA,0,0,NA
2020-03-15,Argentina,45649750,Formosa,600229,NA,NA,NA,NA,0,0,NA,0,0,NA
2020-03-17,Argentina,45649750,Formosa,600229,NA,NA,NA,NA,0,0,NA,0,0,NA
2020-03-19,Argentina,45649750,Formosa,600229,NA,NA,NA,NA,0,0,NA,0,0,NA
2020-03-21,Argentina,45649750,Formosa,600229,NA,NA,NA,NA,0,0,NA,0,0,NA
2020-03-23,Argentina,45649750,Formosa,600229,NA,NA,NA,NA,0,0,NA,0,0,NA
2020-03-25,Argentina,45649750,Formosa,600229,NA,NA,NA,NA,0,0,NA,0,0,NA
2020-03-27,Argentina,45649750,Formosa,600229,NA,NA,NA,NA,0,0,NA,0,0,NA
2020-03-29,Argentina,45649750,Formosa,600229,NA,NA,NA,NA,0,0,NA,0,0,NA
2020-03-31,Argentina,45649750,Formosa,600229,NA,NA,NA,NA,0,0,NA,0,0,NA
2020-04-02,Argentina,45649750,Formosa,600229,NA,NA,NA,NA,0,0,NA,0,0,NA
2020-04-04,Argentina,45649750,Formosa,600229,NA,NA,NA,NA,0,0,NA,0,0,NA
2020-04-06,Argentina,45649750,Formosa,600229,NA,NA,NA,NA,0,0,NA,0,0,NA
2020-04-08,Argentina,45649750,Formosa,600229,NA,NA,NA,NA,0,0,NA,0,0,NA
2020-04-10,Argentina,45649750,Formosa,600229,NA,NA,NA,NA,0,0,NA,0,0,NA
2020-04-12,Argentina,45649750,Formosa,600229,NA,NA,NA,NA,0,0,NA,0,0,NA
2020-04-14,Argentina,45649750,Formosa,600229,NA,NA,NA,NA,0,0,NA,0,0,NA
2020-04-16,Argentina,45649750,Formosa,600229,NA,NA,NA,NA,0,0,NA,0,0,NA
2020-04-18,Argentina,45649750,Formosa,600229,NA,NA,NA,NA,0,0,NA,0,0,NA
2020-04-20,Argentina,45649750,Formosa,600229,NA,NA,NA,NA,0,0,NA,0,0,NA
2020-04-22,Argentina,45649750,Formosa,600229,NA,NA,NA,NA,0,0,NA,0,0,NA
2020-04-24,Argentina,45649750,Formosa,600229,NA,NA,NA,NA,0,0,NA,0,0,NA
2020-04-26,Argentina,45649750,Formosa,600229,NA,NA,NA,NA,0,0,NA,0,0,NA
2020-04-28,Argentina,45649750,Formosa,600229,NA,NA,NA,NA,0,0,NA,0,0,NA
2020-04-30,Argentina,45649750,Formosa,600229,NA,NA,NA,NA,0,0,NA,0,0,NA
2020-05-02,Argentina,45649750,Formosa,600229,NA,NA,NA,NA,0,0,NA,0,0,NA
2020-05-04,Argentina,45649750,Formosa,600229,NA,NA,NA,NA,0,0,NA,0,0,NA
2020-05-06,Argentina,45649750,Formosa,600229,NA,NA,NA,NA,0,0,NA,0,0,NA
2020-05-08,Argentina,45649750,Formosa,600229,NA,NA,NA,NA,0,0,NA,0,0,NA
2020-05-10,Argentina,45649750,Formosa,600229,NA,NA,NA,NA,0,0,NA,0,0,NA
2020-05-12,Argentina,45649750,Formosa,600229,NA,NA,NA,NA,0,0,NA,0,0,NA
2020-05-14,Argentina,45649750,Formosa,600229,NA,NA,NA,NA,0,0,NA,0,0,NA
2020-05-16,Argentina,45649750,Formosa,600229,NA,NA,NA,NA,0,0,NA,0,0,NA
2020-05-18,Argentina,45649750,Formosa,600229,NA,NA,NA,NA,0,0,NA,0,0,NA
2020-05-20,Argentina,45649750,Formosa,600229,NA,NA,NA,NA,0,0,NA,0,0,NA
2020-05-22,Argentina,45649750,Formosa,600229,NA,NA,NA,NA,0,0,NA,0,0,NA
2020-05-24,Argentina,45649750,Formosa,600229,NA,NA,NA,NA,0,0,NA,0,0,NA
2020-05-26,Argentina,45649750,Formosa,600229,NA,NA,NA,NA,0,0,NA,0,0,NA
2020-05-28,Argentina,45649750,Formosa,600229,NA,NA,NA,NA,0,0,NA,0,0,NA
2020-05-30,Argentina,45649750,Formosa,600229,NA,NA,NA,NA,0,0,NA,0,0,NA
2020-06-01,Argentina,45649750,Formosa,600229,NA,NA,NA,NA,0,0,NA,0,0,NA
2020-06-03,Argentina,45649750,Formosa,600229,NA,NA,NA,NA,0,0,NA,0,0,NA
2020-06-05,Argentina,45649750,Formosa,600229,NA,NA,NA,NA,0,0,NA,0,0,NA
2020-06-07,Argentina,45649750,Formosa,600229,NA,NA,NA,NA,0,0,NA,0,0,NA
2020-06-09,Argentina,45649750,Formosa,600229,NA,NA,NA,NA,0,0,NA,0,0,NA
2020-06-11,Argentina,45649750,Formosa,600229,NA,NA,NA,NA,1,0,NA,1,0,NA
2020-06-13,Argentina,45649750,Formosa,600229,NA,NA,NA,NA,0,0,NA,36,0,NA
2020-06-15,Argentina,45649750,Formosa,600229,NA,NA,NA,NA,0,0,NA,37,0,NA
2020-06-17,Argentina,45649750,Formosa,600229,NA,NA,NA,NA,0,0,NA,38,0,NA
2020-06-19,Argentina,45649750,Formosa,600229,NA,NA,NA,NA,0,0,NA,39,0,NA
2020-06-21,Argentina,45649750,Formosa,600229,NA,NA,NA,NA,4,0,NA,45,0,NA
2020-06-23,Argentina,45649750,Formosa,600229,NA,NA,NA,NA,0,0,NA,45,0,NA
2020-06-25,Argentina,45649750,Formosa,600229,NA,NA,NA,NA,14,0,NA,59,0,NA
2020-06-27,Argentina,45649750,Formosa,600229,NA,NA,NA,NA,0,0,NA,67,0,NA
2020-06-29,Argentina,45649750,Formosa,600229,NA,NA,NA,NA,0,0,NA,67,0,NA
2020-07-01,Argentina,45649750,Formosa,600229,NA,NA,NA,NA,0,0,NA,71,0,NA
2020-07-03,Argentina,45649750,Formosa,600229,NA,NA,NA,NA,0,1,NA,71,1,NA
2020-07-05,Argentina,45649750,Formosa,600229,NA,NA,NA,NA,0,0,NA,71,1,NA
2020-07-07,Argentina,45649750,Formosa,600229,NA,NA,NA,NA,0,0,NA,71,1,NA
2020-07-09,Argentina,45649750,Formosa,600229,NA,NA,NA,NA,0,0,NA,75,1,NA
2020-07-11,Argentina,45649750,Formosa,600229,NA,NA,NA,NA,0,0,NA,75,1,NA
2020-07-13,Argentina,45649750,Formosa,600229,NA,NA,NA,NA,0,0,NA,75,1,NA
2020-07-15,Argentina,45649750,Formosa,600229,NA,NA,NA,NA,0,0,NA,75,1,NA
2020-07-17,Argentina,45649750,Formosa,600229,NA,NA,NA,NA,0,0,NA,75,1,NA
2020-07-19,Argentina,45649750,Formosa,600229,NA,NA,NA,NA,0,0,NA,75,1,NA
2020-07-21,Argentina,45649750,Formosa,600229,NA,NA,NA,NA,0,0,NA,75,1,NA
2020-07-23,Argentina,45649750,Formosa,600229,NA,NA,NA,NA,1,0,NA,77,1,NA
2020-07-25,Argentina,45649750,Formosa,600229,NA,NA,NA,NA,0,0,NA,77,1,NA
2020-07-27,Argentina,45649750,Formosa,600229,NA,NA,NA,NA,0,0,NA,77,1,NA
2020-07-29,Argentina,45649750,Formosa,600229,NA,NA,NA,NA,0,0,NA,77,1,NA
2020-07-31,Argentina,45649750,Formosa,600229,NA,NA,NA,NA,0,0,NA,77,1,NA
2020-08-02,Argentina,45649750,Formosa,600229,NA,NA,NA,NA,0,0,NA,78,1,NA
2020-08-04,Argentina,45649750,Formosa,600229,NA,NA,NA,NA,0,0,NA,78,1,NA
2020-08-06,Argentina,45649750,Formosa,600229,NA,NA,NA,NA,0,0,NA,78,1,NA
2020-08-08,Argentina,45649750,Formosa,600229,NA,NA,NA,NA,0,0,NA,78,1,NA
2020-08-10,Argentina,45649750,Formosa,600229,NA,NA,NA,NA,0,0,NA,78,1,NA
2020-08-12,Argentina,45649750,Formosa,600229,NA,NA,NA,NA,0,0,NA,78,1,NA
2020-08-14,Argentina,45649750,Formosa,600229,NA,NA,NA,NA,2,0,NA,80,1,NA
2020-08-16,Argentina,45649750,Formosa,600229,NA,NA,NA,NA,0,0,NA,80,1,NA
2020-08-18,Argentina,45649750,Formosa,600229,NA,NA,NA,NA,0,0,NA,80,1,NA
2020-01-02,Argentina,45649750,Neuquén,655501,NA,NA,NA,NA,0,0,NA,0,0,NA
2020-01-04,Argentina,45649750,Neuquén,655501,NA,NA,NA,NA,0,0,NA,0,0,NA
2020-01-06,Argentina,45649750,Neuquén,655501,NA,NA,NA,NA,0,0,NA,0,0,NA
2020-01-08,Argentina,45649750,Neuquén,655501,NA,NA,NA,NA,0,0,NA,0,0,NA
2020-01-10,Argentina,45649750,Neuquén,655501,NA,NA,NA,NA,0,0,NA,0,0,NA
2020-01-12,Argentina,45649750,Neuquén,655501,NA,NA,NA,NA,0,0,NA,0,0,NA
2020-01-14,Argentina,45649750,Neuquén,655501,NA,NA,NA,NA,0,0,NA,0,0,NA
2020-01-16,Argentina,45649750,Neuquén,655501,NA,NA,NA,NA,0,0,NA,0,0,NA
2020-01-18,Argentina,45649750,Neuquén,655501,NA,NA,NA,NA,0,0,NA,0,0,NA
2020-01-20,Argentina,45649750,Neuquén,655501,NA,NA,NA,NA,0,0,NA,0,0,NA
2020-01-22,Argentina,45649750,Neuquén,655501,NA,NA,NA,NA,0,0,NA,0,0,NA
2020-01-24,Argentina,45649750,Neuquén,655501,NA,NA,NA,NA,0,0,NA,0,0,NA
2020-01-26,Argentina,45649750,Neuquén,655501,NA,NA,NA,NA,0,0,NA,0,0,NA
2020-01-28,Argentina,45649750,Neuquén,655501,NA,NA,NA,NA,0,0,NA,0,0,NA
2020-01-30,Argentina,45649750,Neuquén,655501,NA,NA,NA,NA,0,0,NA,0,0,NA
2020-02-01,Argentina,45649750,Neuquén,655501,NA,NA,NA,NA,0,0,NA,0,0,NA
2020-02-03,Argentina,45649750,Neuquén,655501,NA,NA,NA,NA,0,0,NA,0,0,NA
2020-02-05,Argentina,45649750,Neuquén,655501,NA,NA,NA,NA,0,0,NA,0,0,NA
2020-02-07,Argentina,45649750,Neuquén,655501,NA,NA,NA,NA,0,0,NA,0,0,NA
2020-02-09,Argentina,45649750,Neuquén,655501,NA,NA,NA,NA,0,0,NA,0,0,NA
2020-02-11,Argentina,45649750,Neuquén,655501,NA,NA,NA,NA,0,0,NA,0,0,NA
2020-02-13,Argentina,45649750,Neuquén,655501,NA,NA,NA,NA,0,0,NA,0,0,NA
2020-02-15,Argentina,45649750,Neuquén,655501,NA,NA,NA,NA,0,0,NA,0,0,NA
2020-02-17,Argentina,45649750,Neuquén,655501,NA,NA,NA,NA,0,0,NA,0,0,NA
2020-02-19,Argentina,45649750,Neuquén,655501,NA,NA,NA,NA,0,0,NA,0,0,NA
2020-02-21,Argentina,45649750,Neuquén,655501,NA,NA,NA,NA,0,0,NA,0,0,NA
2020-02-23,Argentina,45649750,Neuquén,655501,NA,NA,NA,NA,0,0,NA,0,0,NA
2020-02-25,Argentina,45649750,Neuquén,655501,NA,NA,NA,NA,0,0,NA,0,0,NA
2020-02-27,Argentina,45649750,Neuquén,655501,NA,NA,NA,NA,0,0,NA,0,0,NA
2020-02-29,Argentina,45649750,Neuquén,655501,NA,NA,NA,NA,0,0,NA,0,0,NA
2020-03-02,Argentina,45649750,Neuquén,655501,NA,NA,NA,NA,0,0,NA,0,0,NA
2020-03-04,Argentina,45649750,Neuquén,655501,NA,NA,NA,NA,0,0,NA,0,0,NA
2020-03-06,Argentina,45649750,Neuquén,655501,NA,NA,NA,NA,0,0,NA,0,0,NA
2020-03-08,Argentina,45649750,Neuquén,655501,NA,NA,NA,NA,0,0,NA,0,0,NA
2020-03-10,Argentina,45649750,Neuquén,655501,NA,NA,NA,NA,0,0,NA,0,0,NA
2020-03-12,Argentina,45649750,Neuquén,655501,NA,NA,NA,NA,0,0,NA,0,0,NA
2020-03-14,Argentina,45649750,Neuquén,655501,NA,NA,NA,NA,0,0,NA,0,0,NA
2020-03-16,Argentina,45649750,Neuquén,655501,NA,NA,NA,NA,0,0,NA,0,0,NA
2020-03-18,Argentina,45649750,Neuquén,655501,NA,NA,NA,NA,0,0,NA,0,0,NA
2020-03-20,Argentina,45649750,Neuquén,655501,NA,NA,NA,NA,1,0,NA,2,0,NA
2020-03-22,Argentina,45649750,Neuquén,655501,NA,NA,NA,NA,0,0,NA,3,0,NA
2020-03-24,Argentina,45649750,Neuquén,655501,NA,NA,NA,NA,1,0,NA,4,0,NA
2020-03-26,Argentina,45649750,Neuquén,655501,NA,NA,NA,NA,2,1,NA,7,1,NA
2020-03-28,Argentina,45649750,Neuquén,655501,NA,NA,NA,NA,2,0,NA,11,1,NA
2020-03-30,Argentina,45649750,Neuquén,655501,NA,NA,NA,NA,4,1,NA,20,2,NA
2020-04-01,Argentina,45649750,Neuquén,655501,NA,NA,NA,NA,3,0,NA,27,3,NA
2020-04-03,Argentina,45649750,Neuquén,655501,NA,NA,NA,NA,1,0,NA,31,3,NA
2020-04-05,Argentina,45649750,Neuquén,655501,NA,NA,NA,NA,11,0,NA,50,3,NA
2020-04-07,Argentina,45649750,Neuquén,655501,NA,NA,NA,NA,4,0,NA,55,4,NA
2020-04-09,Argentina,45649750,Neuquén,655501,NA,NA,NA,NA,4,0,NA,71,5,NA
2020-04-11,Argentina,45649750,Neuquén,655501,NA,NA,NA,NA,1,0,NA,73,5,NA
2020-04-13,Argentina,45649750,Neuquén,655501,NA,NA,NA,NA,1,0,NA,78,5,NA
2020-04-15,Argentina,45649750,Neuquén,655501,NA,NA,NA,NA,1,0,NA,81,5,NA
2020-04-17,Argentina,45649750,Neuquén,655501,NA,NA,NA,NA,3,0,NA,84,5,NA
2020-04-19,Argentina,45649750,Neuquén,655501,NA,NA,NA,NA,1,0,NA,87,5,NA
2020-04-21,Argentina,45649750,Neuquén,655501,NA,NA,NA,NA,7,0,NA,98,6,NA
2020-04-23,Argentina,45649750,Neuquén,655501,NA,NA,NA,NA,0,0,NA,101,6,NA
2020-04-25,Argentina,45649750,Neuquén,655501,NA,NA,NA,NA,1,0,NA,102,7,NA
2020-04-27,Argentina,45649750,Neuquén,655501,NA,NA,NA,NA,0,1,NA,105,8,NA
2020-04-29,Argentina,45649750,Neuquén,655501,NA,NA,NA,NA,2,0,NA,107,9,NA
2020-05-01,Argentina,45649750,Neuquén,655501,NA,NA,NA,NA,0,0,NA,107,9,NA
2020-05-03,Argentina,45649750,Neuquén,655501,NA,NA,NA,NA,0,0,NA,107,10,NA
2020-05-05,Argentina,45649750,Neuquén,655501,NA,NA,NA,NA,1,0,NA,108,10,NA
2020-05-07,Argentina,45649750,Neuquén,655501,NA,NA,NA,NA,0,0,NA,110,10,NA
2020-05-09,Argentina,45649750,Neuquén,655501,NA,NA,NA,NA,1,0,NA,111,10,NA
2020-05-11,Argentina,45649750,Neuquén,655501,NA,NA,NA,NA,0,0,NA,111,10,NA
2020-05-13,Argentina,45649750,Neuquén,655501,NA,NA,NA,NA,2,0,NA,113,10,NA
2020-05-15,Argentina,45649750,Neuquén,655501,NA,NA,NA,NA,0,0,NA,114,10,NA
2020-05-17,Argentina,45649750,Neuquén,655501,NA,NA,NA,NA,0,0,NA,114,10,NA
2020-05-19,Argentina,45649750,Neuquén,655501,NA,NA,NA,NA,0,0,NA,114,10,NA
2020-05-21,Argentina,45649750,Neuquén,655501,NA,NA,NA,NA,0,0,NA,114,10,NA
2020-05-23,Argentina,45649750,Neuquén,655501,NA,NA,NA,NA,0,0,NA,115,10,NA
2020-05-25,Argentina,45649750,Neuquén,655501,NA,NA,NA,NA,1,0,NA,116,10,NA
2020-05-27,Argentina,45649750,Neuquén,655501,NA,NA,NA,NA,2,0,NA,119,11,NA
2020-05-29,Argentina,45649750,Neuquén,655501,NA,NA,NA,NA,4,0,NA,125,11,NA
2020-05-31,Argentina,45649750,Neuquén,655501,NA,NA,NA,NA,3,0,NA,128,11,NA
2020-06-02,Argentina,45649750,Neuquén,655501,NA,NA,NA,NA,12,1,NA,144,12,NA
2020-06-04,Argentina,45649750,Neuquén,655501,NA,NA,NA,NA,1,0,NA,145,13,NA
2020-06-06,Argentina,45649750,Neuquén,655501,NA,NA,NA,NA,0,0,NA,146,13,NA
2020-06-08,Argentina,45649750,Neuquén,655501,NA,NA,NA,NA,3,0,NA,149,13,NA
2020-06-10,Argentina,45649750,Neuquén,655501,NA,NA,NA,NA,14,0,NA,171,13,NA
2020-06-12,Argentina,45649750,Neuquén,655501,NA,NA,NA,NA,11,1,NA,200,14,NA
2020-06-14,Argentina,45649750,Neuquén,655501,NA,NA,NA,NA,7,0,NA,217,14,NA
2020-06-16,Argentina,45649750,Neuquén,655501,NA,NA,NA,NA,12,0,NA,247,15,NA
2020-06-18,Argentina,45649750,Neuquén,655501,NA,NA,NA,NA,19,0,NA,274,16,NA
2020-06-20,Argentina,45649750,Neuquén,655501,NA,NA,NA,NA,13,1,NA,303,19,NA
2020-06-22,Argentina,45649750,Neuquén,655501,NA,NA,NA,NA,24,0,NA,340,19,NA
2020-06-24,Argentina,45649750,Neuquén,655501,NA,NA,NA,NA,16,1,NA,379,22,NA
2020-06-26,Argentina,45649750,Neuquén,655501,NA,NA,NA,NA,19,0,NA,426,22,NA
2020-06-28,Argentina,45649750,Neuquén,655501,NA,NA,NA,NA,16,1,NA,457,24,NA
2020-06-30,Argentina,45649750,Neuquén,655501,NA,NA,NA,NA,14,0,NA,481,24,NA
2020-07-02,Argentina,45649750,Neuquén,655501,NA,NA,NA,NA,27,1,NA,526,25,NA
2020-07-04,Argentina,45649750,Neuquén,655501,NA,NA,NA,NA,14,2,NA,550,29,NA
2020-07-06,Argentina,45649750,Neuquén,655501,NA,NA,NA,NA,34,0,NA,605,30,NA
2020-07-08,Argentina,45649750,Neuquén,655501,NA,NA,NA,NA,20,0,NA,647,30,NA
2020-07-10,Argentina,45649750,Neuquén,655501,NA,NA,NA,NA,13,1,NA,675,31,NA
2020-07-12,Argentina,45649750,Neuquén,655501,NA,NA,NA,NA,21,0,NA,700,31,NA
2020-07-14,Argentina,45649750,Neuquén,655501,NA,NA,NA,NA,35,1,NA,776,32,NA
2020-07-16,Argentina,45649750,Neuquén,655501,NA,NA,NA,NA,15,0,NA,813,32,NA
2020-07-18,Argentina,45649750,Neuquén,655501,NA,NA,NA,NA,17,0,NA,870,32,NA
2020-07-20,Argentina,45649750,Neuquén,655501,NA,NA,NA,NA,17,0,NA,904,32,NA
2020-07-22,Argentina,45649750,Neuquén,655501,NA,NA,NA,NA,17,0,NA,951,32,NA
2020-07-24,Argentina,45649750,Neuquén,655501,NA,NA,NA,NA,13,0,NA,997,33,NA
2020-07-26,Argentina,45649750,Neuquén,655501,NA,NA,NA,NA,16,0,NA,1036,33,NA
2020-07-28,Argentina,45649750,Neuquén,655501,NA,NA,NA,NA,30,0,NA,1110,33,NA
2020-07-30,Argentina,45649750,Neuquén,655501,NA,NA,NA,NA,33,0,NA,1160,34,NA
2020-08-01,Argentina,45649750,Neuquén,655501,NA,NA,NA,NA,19,0,NA,1204,34,NA
2020-08-03,Argentina,45649750,Neuquén,655501,NA,NA,NA,NA,15,1,NA,1242,37,NA
2020-08-05,Argentina,45649750,Neuquén,655501,NA,NA,NA,NA,29,2,NA,1346,39,NA
2020-08-07,Argentina,45649750,Neuquén,655501,NA,NA,NA,NA,48,0,NA,1434,40,NA
2020-08-09,Argentina,45649750,Neuquén,655501,NA,NA,NA,NA,29,0,NA,1490,40,NA
2020-08-11,Argentina,45649750,Neuquén,655501,NA,NA,NA,NA,86,0,NA,1659,41,NA
2020-08-13,Argentina,45649750,Neuquén,655501,NA,NA,NA,NA,45,1,NA,1738,42,NA
2020-08-15,Argentina,45649750,Neuquén,655501,NA,NA,NA,NA,35,0,NA,1814,42,NA
2020-08-17,Argentina,45649750,Neuquén,655501,NA,NA,NA,NA,0,0,NA,1830,42,NA
2020-01-01,Argentina,45649750,Río Negro,738060,NA,NA,NA,NA,0,0,NA,0,0,NA
2020-01-03,Argentina,45649750,Río Negro,738060,NA,NA,NA,NA,0,0,NA,0,0,NA
2020-01-05,Argentina,45649750,Río Negro,738060,NA,NA,NA,NA,0,0,NA,0,0,NA
2020-01-07,Argentina,45649750,Río Negro,738060,NA,NA,NA,NA,0,0,NA,0,0,NA
2020-01-09,Argentina,45649750,Río Negro,738060,NA,NA,NA,NA,0,0,NA,0,0,NA
2020-01-11,Argentina,45649750,Río Negro,738060,NA,NA,NA,NA,0,0,NA,0,0,NA
2020-01-13,Argentina,45649750,Río Negro,738060,NA,NA,NA,NA,0,0,NA,0,0,NA
2020-01-15,Argentina,45649750,Río Negro,738060,NA,NA,NA,NA,0,0,NA,0,0,NA
2020-01-17,Argentina,45649750,Río Negro,738060,NA,NA,NA,NA,0,0,NA,0,0,NA
2020-01-19,Argentina,45649750,Río Negro,738060,NA,NA,NA,NA,0,0,NA,0,0,NA
2020-01-21,Argentina,45649750,Río Negro,738060,NA,NA,NA,NA,0,0,NA,0,0,NA
2020-01-23,Argentina,45649750,Río Negro,738060,NA,NA,NA,NA,0,0,NA,0,0,NA
2020-01-25,Argentina,45649750,Río Negro,738060,NA,NA,NA,NA,0,0,NA,0,0,NA
2020-01-27,Argentina,45649750,Río Negro,738060,NA,NA,NA,NA,0,0,NA,0,0,NA
2020-01-29,Argentina,45649750,Río Negro,738060,NA,NA,NA,NA,0,0,NA,0,0,NA
2020-01-31,Argentina,45649750,Río Negro,738060,NA,NA,NA,NA,0,0,NA,0,0,NA
2020-02-02,Argentina,45649750,Río Negro,738060,NA,NA,NA,NA,0,0,NA,0,0,NA
2020-02-04,Argentina,45649750,Río Negro,738060,NA,NA,NA,NA,0,0,NA,0,0,NA
2020-02-06,Argentina,45649750,Río Negro,738060,NA,NA,NA,NA,0,0,NA,0,0,NA
2020-02-08,Argentina,45649750,Río Negro,738060,NA,NA,NA,NA,0,0,NA,0,0,NA
2020-02-10,Argentina,45649750,Río Negro,738060,NA,NA,NA,NA,0,0,NA,0,0,NA
2020-02-12,Argentina,45649750,Río Negro,738060,NA,NA,NA,NA,0,0,NA,0,0,NA
2020-02-14,Argentina,45649750,Río Negro,738060,NA,NA,NA,NA,0,0,NA,0,0,NA
2020-02-16,Argentina,45649750,Río Negro,738060,NA,NA,NA,NA,0,0,NA,0,0,NA
2020-02-18,Argentina,45649750,Río Negro,738060,NA,NA,NA,NA,0,0,NA,0,0,NA
2020-02-20,Argentina,45649750,Río Negro,738060,NA,NA,NA,NA,0,0,NA,0,0,NA
2020-02-22,Argentina,45649750,Río Negro,738060,NA,NA,NA,NA,0,0,NA,0,0,NA
2020-02-24,Argentina,45649750,Río Negro,738060,NA,NA,NA,NA,0,0,NA,0,0,NA
2020-02-26,Argentina,45649750,Río Negro,738060,NA,NA,NA,NA,0,0,NA,0,0,NA
2020-02-28,Argentina,45649750,Río Negro,738060,NA,NA,NA,NA,0,0,NA,0,0,NA
2020-03-01,Argentina,45649750,Río Negro,738060,NA,NA,NA,NA,0,0,NA,0,0,NA
2020-03-03,Argentina,45649750,Río Negro,738060,NA,NA,NA,NA,0,0,NA,0,0,NA
2020-03-05,Argentina,45649750,Río Negro,738060,NA,NA,NA,NA,0,0,NA,0,0,NA
2020-03-07,Argentina,45649750,Río Negro,738060,NA,NA,NA,NA,0,0,NA,0,0,NA
2020-03-09,Argentina,45649750,Río Negro,738060,NA,NA,NA,NA,1,0,NA,1,0,NA
2020-03-11,Argentina,45649750,Río Negro,738060,NA,NA,NA,NA,0,0,NA,1,0,NA
2020-03-13,Argentina,45649750,Río Negro,738060,NA,NA,NA,NA,0,0,NA,1,0,NA
2020-03-15,Argentina,45649750,Río Negro,738060,NA,NA,NA,NA,0,0,NA,1,0,NA
2020-03-17,Argentina,45649750,Río Negro,738060,NA,NA,NA,NA,1,0,NA,2,0,NA
2020-03-19,Argentina,45649750,Río Negro,738060,NA,NA,NA,NA,1,0,NA,3,0,NA
2020-03-21,Argentina,45649750,Río Negro,738060,NA,NA,NA,NA,2,0,NA,6,0,NA
2020-03-23,Argentina,45649750,Río Negro,738060,NA,NA,NA,NA,0,0,NA,6,0,NA
2020-03-25,Argentina,45649750,Río Negro,738060,NA,NA,NA,NA,0,0,NA,6,0,NA
2020-03-27,Argentina,45649750,Río Negro,738060,NA,NA,NA,NA,0,0,NA,8,1,NA
2020-03-29,Argentina,45649750,Río Negro,738060,NA,NA,NA,NA,0,0,NA,8,1,NA
2020-03-31,Argentina,45649750,Río Negro,738060,NA,NA,NA,NA,1,1,NA,9,2,NA
2020-04-02,Argentina,45649750,Río Negro,738060,NA,NA,NA,NA,0,0,NA,9,3,NA
2020-04-04,Argentina,45649750,Río Negro,738060,NA,NA,NA,NA,3,0,NA,16,3,NA
2020-04-06,Argentina,45649750,Río Negro,738060,NA,NA,NA,NA,3,0,NA,21,3,NA
2020-04-08,Argentina,45649750,Río Negro,738060,NA,NA,NA,NA,7,0,NA,34,4,NA
2020-04-10,Argentina,45649750,Río Negro,738060,NA,NA,NA,NA,10,0,NA,51,6,NA
2020-04-12,Argentina,45649750,Río Negro,738060,NA,NA,NA,NA,0,0,NA,69,6,NA
2020-04-14,Argentina,45649750,Río Negro,738060,NA,NA,NA,NA,16,0,NA,92,7,NA
2020-04-16,Argentina,45649750,Río Negro,738060,NA,NA,NA,NA,8,0,NA,112,7,NA
2020-04-18,Argentina,45649750,Río Negro,738060,NA,NA,NA,NA,6,0,NA,122,7,NA
2020-04-20,Argentina,45649750,Río Negro,738060,NA,NA,NA,NA,16,2,NA,143,10,NA
2020-04-22,Argentina,45649750,Río Negro,738060,NA,NA,NA,NA,13,0,NA,169,10,NA
2020-04-24,Argentina,45649750,Río Negro,738060,NA,NA,NA,NA,3,1,NA,178,11,NA
2020-04-26,Argentina,45649750,Río Negro,738060,NA,NA,NA,NA,0,0,NA,188,12,NA
2020-04-28,Argentina,45649750,Río Negro,738060,NA,NA,NA,NA,9,0,NA,203,13,NA
2020-04-30,Argentina,45649750,Río Negro,738060,NA,NA,NA,NA,21,0,NA,234,14,NA
2020-05-02,Argentina,45649750,Río Negro,738060,NA,NA,NA,NA,8,0,NA,244,14,NA
2020-05-04,Argentina,45649750,Río Negro,738060,NA,NA,NA,NA,5,2,NA,252,17,NA
2020-05-06,Argentina,45649750,Río Negro,738060,NA,NA,NA,NA,3,1,NA,264,18,NA
2020-05-08,Argentina,45649750,Río Negro,738060,NA,NA,NA,NA,4,0,NA,271,18,NA
2020-05-10,Argentina,45649750,Río Negro,738060,NA,NA,NA,NA,2,1,NA,274,20,NA
2020-05-12,Argentina,45649750,Río Negro,738060,NA,NA,NA,NA,1,0,NA,289,20,NA
2020-05-14,Argentina,45649750,Río Negro,738060,NA,NA,NA,NA,12,0,NA,305,21,NA
2020-05-16,Argentina,45649750,Río Negro,738060,NA,NA,NA,NA,6,1,NA,321,23,NA
2020-05-18,Argentina,45649750,Río Negro,738060,NA,NA,NA,NA,5,0,NA,328,23,NA
2020-05-20,Argentina,45649750,Río Negro,738060,NA,NA,NA,NA,2,0,NA,332,24,NA
2020-05-22,Argentina,45649750,Río Negro,738060,NA,NA,NA,NA,5,3,NA,343,28,NA
2020-05-24,Argentina,45649750,Río Negro,738060,NA,NA,NA,NA,2,0,NA,350,28,NA
2020-05-26,Argentina,45649750,Río Negro,738060,NA,NA,NA,NA,9,0,NA,362,29,NA
2020-05-28,Argentina,45649750,Río Negro,738060,NA,NA,NA,NA,7,0,NA,373,29,NA
2020-05-30,Argentina,45649750,Río Negro,738060,NA,NA,NA,NA,2,0,NA,390,29,NA
2020-06-01,Argentina,45649750,Río Negro,738060,NA,NA,NA,NA,13,0,NA,404,30,NA
2020-06-03,Argentina,45649750,Río Negro,738060,NA,NA,NA,NA,13,2,NA,422,32,NA
2020-06-05,Argentina,45649750,Río Negro,738060,NA,NA,NA,NA,14,0,NA,448,32,NA
2020-06-07,Argentina,45649750,Río Negro,738060,NA,NA,NA,NA,5,1,NA,467,34,NA
2020-06-09,Argentina,45649750,Río Negro,738060,NA,NA,NA,NA,16,1,NA,496,38,NA
2020-06-11,Argentina,45649750,Río Negro,738060,NA,NA,NA,NA,9,3,NA,520,42,NA
2020-06-13,Argentina,45649750,Río Negro,738060,NA,NA,NA,NA,14,1,NA,552,44,NA
2020-06-15,Argentina,45649750,Río Negro,738060,NA,NA,NA,NA,12,1,NA,564,45,NA
2020-06-17,Argentina,45649750,Río Negro,738060,NA,NA,NA,NA,15,3,NA,603,48,NA
2020-06-19,Argentina,45649750,Río Negro,738060,NA,NA,NA,NA,16,1,NA,662,50,NA
2020-06-21,Argentina,45649750,Río Negro,738060,NA,NA,NA,NA,2,2,NA,692,54,NA
2020-06-23,Argentina,45649750,Río Negro,738060,NA,NA,NA,NA,21,1,NA,728,57,NA
2020-06-25,Argentina,45649750,Río Negro,738060,NA,NA,NA,NA,29,0,NA,795,58,NA
2020-06-27,Argentina,45649750,Río Negro,738060,NA,NA,NA,NA,10,0,NA,825,59,NA
2020-06-29,Argentina,45649750,Río Negro,738060,NA,NA,NA,NA,23,0,NA,849,59,NA
2020-07-01,Argentina,45649750,Río Negro,738060,NA,NA,NA,NA,24,0,NA,891,59,NA
2020-07-03,Argentina,45649750,Río Negro,738060,NA,NA,NA,NA,34,0,NA,944,59,NA
2020-07-05,Argentina,45649750,Río Negro,738060,NA,NA,NA,NA,1,3,NA,962,62,NA
2020-07-07,Argentina,45649750,Río Negro,738060,NA,NA,NA,NA,18,0,NA,996,64,NA
2020-07-09,Argentina,45649750,Río Negro,738060,NA,NA,NA,NA,23,1,NA,1035,67,NA
2020-07-11,Argentina,45649750,Río Negro,738060,NA,NA,NA,NA,34,0,NA,1095,70,NA
2020-07-13,Argentina,45649750,Río Negro,738060,NA,NA,NA,NA,52,1,NA,1149,71,NA
2020-07-15,Argentina,45649750,Río Negro,738060,NA,NA,NA,NA,23,0,NA,1194,73,NA
2020-07-17,Argentina,45649750,Río Negro,738060,NA,NA,NA,NA,38,3,NA,1284,77,NA
2020-07-19,Argentina,45649750,Río Negro,738060,NA,NA,NA,NA,7,4,NA,1320,81,NA
2020-07-21,Argentina,45649750,Río Negro,738060,NA,NA,NA,NA,45,1,NA,1400,85,NA
2020-07-23,Argentina,45649750,Río Negro,738060,NA,NA,NA,NA,32,0,NA,1492,86,NA
2020-07-25,Argentina,45649750,Río Negro,738060,NA,NA,NA,NA,47,1,NA,1591,90,NA
2020-07-27,Argentina,45649750,Río Negro,738060,NA,NA,NA,NA,62,1,NA,1659,92,NA
2020-07-29,Argentina,45649750,Río Negro,738060,NA,NA,NA,NA,69,2,NA,1793,97,NA
2020-07-31,Argentina,45649750,Río Negro,738060,NA,NA,NA,NA,103,2,NA,2002,102,NA
2020-08-02,Argentina,45649750,Río Negro,738060,NA,NA,NA,NA,23,2,NA,2099,105,NA
2020-08-04,Argentina,45649750,Río Negro,738060,NA,NA,NA,NA,115,3,NA,2396,110,NA
2020-08-06,Argentina,45649750,Río Negro,738060,NA,NA,NA,NA,143,2,NA,2716,114,NA
2020-08-08,Argentina,45649750,Río Negro,738060,NA,NA,NA,NA,81,7,NA,2900,121,NA
2020-08-10,Argentina,45649750,Río Negro,738060,NA,NA,NA,NA,205,4,NA,3137,129,NA
2020-08-12,Argentina,45649750,Río Negro,738060,NA,NA,NA,NA,149,3,NA,3439,135,NA
2020-08-14,Argentina,45649750,Río Negro,738060,NA,NA,NA,NA,99,0,NA,3641,138,NA
2020-08-16,Argentina,45649750,Río Negro,738060,NA,NA,NA,NA,46,0,NA,3756,139,NA
2020-08-18,Argentina,45649750,Río Negro,738060,NA,NA,NA,NA,0,0,NA,3756,139,NA
2020-01-02,Argentina,45649750,Santa Fe,3509113,NA,NA,NA,NA,0,0,NA,0,0,NA
2020-01-04,Argentina,45649750,Santa Fe,3509113,NA,NA,NA,NA,0,0,NA,0,0,NA
2020-01-06,Argentina,45649750,Santa Fe,3509113,NA,NA,NA,NA,0,0,NA,0,0,NA
2020-01-08,Argentina,45649750,Santa Fe,3509113,NA,NA,NA,NA,0,0,NA,0,0,NA
2020-01-10,Argentina,45649750,Santa Fe,3509113,NA,NA,NA,NA,0,0,NA,0,0,NA
2020-01-12,Argentina,45649750,Santa Fe,3509113,NA,NA,NA,NA,0,0,NA,0,0,NA
2020-01-14,Argentina,45649750,Santa Fe,3509113,NA,NA,NA,NA,0,0,NA,0,0,NA
2020-01-16,Argentina,45649750,Santa Fe,3509113,NA,NA,NA,NA,0,0,NA,0,0,NA
2020-01-18,Argentina,45649750,Santa Fe,3509113,NA,NA,NA,NA,0,0,NA,0,0,NA
2020-01-20,Argentina,45649750,Santa Fe,3509113,NA,NA,NA,NA,0,0,NA,0,0,NA
2020-01-22,Argentina,45649750,Santa Fe,3509113,NA,NA,NA,NA,0,0,NA,0,0,NA
2020-01-24,Argentina,45649750,Santa Fe,3509113,NA,NA,NA,NA,0,0,NA,0,0,NA
2020-01-26,Argentina,45649750,Santa Fe,3509113,NA,NA,NA,NA,0,0,NA,0,0,NA
2020-01-28,Argentina,45649750,Santa Fe,3509113,NA,NA,NA,NA,0,0,NA,0,0,NA
2020-01-30,Argentina,45649750,Santa Fe,3509113,NA,NA,NA,NA,0,0,NA,0,0,NA
2020-02-01,Argentina,45649750,Santa Fe,3509113,NA,NA,NA,NA,0,0,NA,0,0,NA
2020-02-03,Argentina,45649750,Santa Fe,3509113,NA,NA,NA,NA,0,0,NA,0,0,NA
2020-02-05,Argentina,45649750,Santa Fe,3509113,NA,NA,NA,NA,0,0,NA,0,0,NA
2020-02-07,Argentina,45649750,Santa Fe,3509113,NA,NA,NA,NA,0,0,NA,0,0,NA
2020-02-09,Argentina,45649750,Santa Fe,3509113,NA,NA,NA,NA,0,0,NA,0,0,NA
2020-02-11,Argentina,45649750,Santa Fe,3509113,NA,NA,NA,NA,0,0,NA,0,0,NA
2020-02-13,Argentina,45649750,Santa Fe,3509113,NA,NA,NA,NA,0,0,NA,0,0,NA
2020-02-15,Argentina,45649750,Santa Fe,3509113,NA,NA,NA,NA,0,0,NA,0,0,NA
2020-02-17,Argentina,45649750,Santa Fe,3509113,NA,NA,NA,NA,0,0,NA,0,0,NA
2020-02-19,Argentina,45649750,Santa Fe,3509113,NA,NA,NA,NA,0,0,NA,0,0,NA
2020-02-21,Argentina,45649750,Santa Fe,3509113,NA,NA,NA,NA,0,0,NA,0,0,NA
2020-02-23,Argentina,45649750,Santa Fe,3509113,NA,NA,NA,NA,0,0,NA,0,0,NA
2020-02-25,Argentina,45649750,Santa Fe,3509113,NA,NA,NA,NA,0,0,NA,0,0,NA
2020-02-27,Argentina,45649750,Santa Fe,3509113,NA,NA,NA,NA,0,0,NA,0,0,NA
2020-02-29,Argentina,45649750,Santa Fe,3509113,NA,NA,NA,NA,0,0,NA,0,0,NA
2020-03-02,Argentina,45649750,Santa Fe,3509113,NA,NA,NA,NA,0,0,NA,0,0,NA
2020-03-04,Argentina,45649750,Santa Fe,3509113,NA,NA,NA,NA,0,0,NA,0,0,NA
2020-03-06,Argentina,45649750,Santa Fe,3509113,NA,NA,NA,NA,0,0,NA,0,0,NA
2020-03-08,Argentina,45649750,Santa Fe,3509113,NA,NA,NA,NA,0,0,NA,0,0,NA
2020-03-10,Argentina,45649750,Santa Fe,3509113,NA,NA,NA,NA,0,0,NA,0,0,NA
2020-03-12,Argentina,45649750,Santa Fe,3509113,NA,NA,NA,NA,0,0,NA,0,0,NA
2020-03-14,Argentina,45649750,Santa Fe,3509113,NA,NA,NA,NA,0,0,NA,1,0,NA
2020-03-16,Argentina,45649750,Santa Fe,3509113,NA,NA,NA,NA,0,1,NA,1,2,NA
2020-03-18,Argentina,45649750,Santa Fe,3509113,NA,NA,NA,NA,0,0,NA,1,2,NA
2020-03-20,Argentina,45649750,Santa Fe,3509113,NA,NA,NA,NA,0,0,NA,2,2,NA
2020-03-22,Argentina,45649750,Santa Fe,3509113,NA,NA,NA,NA,11,0,NA,15,2,NA
2020-03-24,Argentina,45649750,Santa Fe,3509113,NA,NA,NA,NA,21,0,NA,38,3,NA
2020-03-26,Argentina,45649750,Santa Fe,3509113,NA,NA,NA,NA,7,1,NA,54,4,NA
2020-03-28,Argentina,45649750,Santa Fe,3509113,NA,NA,NA,NA,14,0,NA,76,4,NA
2020-03-30,Argentina,45649750,Santa Fe,3509113,NA,NA,NA,NA,11,0,NA,112,4,NA
2020-04-01,Argentina,45649750,Santa Fe,3509113,NA,NA,NA,NA,10,2,NA,144,6,NA
2020-04-03,Argentina,45649750,Santa Fe,3509113,NA,NA,NA,NA,7,1,NA,161,8,NA
2020-04-05,Argentina,45649750,Santa Fe,3509113,NA,NA,NA,NA,5,0,NA,177,9,NA
2020-04-07,Argentina,45649750,Santa Fe,3509113,NA,NA,NA,NA,3,1,NA,185,10,NA
2020-04-09,Argentina,45649750,Santa Fe,3509113,NA,NA,NA,NA,2,3,NA,194,14,NA
2020-04-11,Argentina,45649750,Santa Fe,3509113,NA,NA,NA,NA,4,0,NA,200,14,NA
2020-04-13,Argentina,45649750,Santa Fe,3509113,NA,NA,NA,NA,1,0,NA,203,14,NA
2020-04-15,Argentina,45649750,Santa Fe,3509113,NA,NA,NA,NA,3,1,NA,209,15,NA
2020-04-17,Argentina,45649750,Santa Fe,3509113,NA,NA,NA,NA,7,0,NA,219,16,NA
2020-04-19,Argentina,45649750,Santa Fe,3509113,NA,NA,NA,NA,1,3,NA,221,19,NA
2020-04-21,Argentina,45649750,Santa Fe,3509113,NA,NA,NA,NA,6,0,NA,229,19,NA
2020-04-23,Argentina,45649750,Santa Fe,3509113,NA,NA,NA,NA,2,1,NA,236,20,NA
2020-04-25,Argentina,45649750,Santa Fe,3509113,NA,NA,NA,NA,3,3,NA,241,23,NA
2020-04-27,Argentina,45649750,Santa Fe,3509113,NA,NA,NA,NA,0,1,NA,241,24,NA
2020-04-29,Argentina,45649750,Santa Fe,3509113,NA,NA,NA,NA,0,2,NA,242,26,NA
2020-05-01,Argentina,45649750,Santa Fe,3509113,NA,NA,NA,NA,0,0,NA,242,26,NA
2020-05-03,Argentina,45649750,Santa Fe,3509113,NA,NA,NA,NA,0,0,NA,242,26,NA
2020-05-05,Argentina,45649750,Santa Fe,3509113,NA,NA,NA,NA,1,1,NA,243,27,NA
2020-05-07,Argentina,45649750,Santa Fe,3509113,NA,NA,NA,NA,0,1,NA,243,28,NA
2020-05-09,Argentina,45649750,Santa Fe,3509113,NA,NA,NA,NA,0,0,NA,243,29,NA
2020-05-11,Argentina,45649750,Santa Fe,3509113,NA,NA,NA,NA,0,1,NA,243,30,NA
2020-05-13,Argentina,45649750,Santa Fe,3509113,NA,NA,NA,NA,0,1,NA,243,31,NA
2020-05-15,Argentina,45649750,Santa Fe,3509113,NA,NA,NA,NA,0,0,NA,243,31,NA
2020-05-17,Argentina,45649750,Santa Fe,3509113,NA,NA,NA,NA,4,0,NA,248,31,NA
2020-05-19,Argentina,45649750,Santa Fe,3509113,NA,NA,NA,NA,0,0,NA,248,31,NA
2020-05-21,Argentina,45649750,Santa Fe,3509113,NA,NA,NA,NA,1,0,NA,253,31,NA
2020-05-23,Argentina,45649750,Santa Fe,3509113,NA,NA,NA,NA,1,0,NA,258,31,NA
2020-05-25,Argentina,45649750,Santa Fe,3509113,NA,NA,NA,NA,1,0,NA,259,31,NA
2020-05-27,Argentina,45649750,Santa Fe,3509113,NA,NA,NA,NA,0,2,NA,259,33,NA
2020-05-29,Argentina,45649750,Santa Fe,3509113,NA,NA,NA,NA,1,0,NA,260,33,NA
2020-05-31,Argentina,45649750,Santa Fe,3509113,NA,NA,NA,NA,0,0,NA,261,33,NA
2020-06-02,Argentina,45649750,Santa Fe,3509113,NA,NA,NA,NA,0,1,NA,264,34,NA
2020-06-04,Argentina,45649750,Santa Fe,3509113,NA,NA,NA,NA,6,0,NA,273,34,NA
2020-06-06,Argentina,45649750,Santa Fe,3509113,NA,NA,NA,NA,2,0,NA,275,34,NA
2020-06-08,Argentina,45649750,Santa Fe,3509113,NA,NA,NA,NA,1,0,NA,276,34,NA
2020-06-10,Argentina,45649750,Santa Fe,3509113,NA,NA,NA,NA,2,0,NA,282,34,NA
2020-06-12,Argentina,45649750,Santa Fe,3509113,NA,NA,NA,NA,0,0,NA,283,34,NA
2020-06-14,Argentina,45649750,Santa Fe,3509113,NA,NA,NA,NA,0,0,NA,284,34,NA
2020-06-16,Argentina,45649750,Santa Fe,3509113,NA,NA,NA,NA,3,0,NA,287,35,NA
2020-06-18,Argentina,45649750,Santa Fe,3509113,NA,NA,NA,NA,8,1,NA,302,36,NA
2020-06-20,Argentina,45649750,Santa Fe,3509113,NA,NA,NA,NA,6,0,NA,332,36,NA
2020-06-22,Argentina,45649750,Santa Fe,3509113,NA,NA,NA,NA,7,0,NA,343,36,NA
2020-06-24,Argentina,45649750,Santa Fe,3509113,NA,NA,NA,NA,6,0,NA,373,36,NA
2020-06-26,Argentina,45649750,Santa Fe,3509113,NA,NA,NA,NA,10,0,NA,406,36,NA
2020-06-28,Argentina,45649750,Santa Fe,3509113,NA,NA,NA,NA,4,0,NA,415,36,NA
2020-06-30,Argentina,45649750,Santa Fe,3509113,NA,NA,NA,NA,2,0,NA,418,36,NA
2020-07-02,Argentina,45649750,Santa Fe,3509113,NA,NA,NA,NA,5,0,NA,426,37,NA
2020-07-04,Argentina,45649750,Santa Fe,3509113,NA,NA,NA,NA,7,1,NA,435,40,NA
2020-07-06,Argentina,45649750,Santa Fe,3509113,NA,NA,NA,NA,4,0,NA,443,40,NA
2020-07-08,Argentina,45649750,Santa Fe,3509113,NA,NA,NA,NA,18,1,NA,475,41,NA
2020-07-10,Argentina,45649750,Santa Fe,3509113,NA,NA,NA,NA,8,0,NA,491,42,NA
2020-07-12,Argentina,45649750,Santa Fe,3509113,NA,NA,NA,NA,12,0,NA,527,42,NA
2020-07-14,Argentina,45649750,Santa Fe,3509113,NA,NA,NA,NA,27,0,NA,573,42,NA
2020-07-16,Argentina,45649750,Santa Fe,3509113,NA,NA,NA,NA,25,0,NA,618,43,NA
2020-07-18,Argentina,45649750,Santa Fe,3509113,NA,NA,NA,NA,25,1,NA,682,45,NA
2020-07-20,Argentina,45649750,Santa Fe,3509113,NA,NA,NA,NA,40,0,NA,741,45,NA
2020-07-22,Argentina,45649750,Santa Fe,3509113,NA,NA,NA,NA,48,1,NA,825,48,NA
2020-07-24,Argentina,45649750,Santa Fe,3509113,NA,NA,NA,NA,30,0,NA,880,48,NA
2020-07-26,Argentina,45649750,Santa Fe,3509113,NA,NA,NA,NA,30,0,NA,952,50,NA
2020-07-28,Argentina,45649750,Santa Fe,3509113,NA,NA,NA,NA,66,0,NA,1078,52,NA
2020-07-30,Argentina,45649750,Santa Fe,3509113,NA,NA,NA,NA,42,0,NA,1180,53,NA
2020-08-01,Argentina,45649750,Santa Fe,3509113,NA,NA,NA,NA,88,0,NA,1348,55,NA
2020-08-03,Argentina,45649750,Santa Fe,3509113,NA,NA,NA,NA,82,0,NA,1492,56,NA
2020-08-05,Argentina,45649750,Santa Fe,3509113,NA,NA,NA,NA,67,0,NA,1674,57,NA
2020-08-07,Argentina,45649750,Santa Fe,3509113,NA,NA,NA,NA,172,0,NA,2034,61,NA
2020-08-09,Argentina,45649750,Santa Fe,3509113,NA,NA,NA,NA,74,1,NA,2178,62,NA
2020-08-11,Argentina,45649750,Santa Fe,3509113,NA,NA,NA,NA,160,3,NA,2535,66,NA
2020-08-13,Argentina,45649750,Santa Fe,3509113,NA,NA,NA,NA,191,1,NA,2890,70,NA
2020-08-15,Argentina,45649750,Santa Fe,3509113,NA,NA,NA,NA,138,1,NA,3210,71,NA
2020-08-17,Argentina,45649750,Santa Fe,3509113,NA,NA,NA,NA,0,0,NA,3293,72,NA
2020-01-01,Argentina,45649750,Tucumán,1674622,NA,NA,NA,NA,0,0,NA,0,0,NA
2020-01-03,Argentina,45649750,Tucumán,1674622,NA,NA,NA,NA,0,0,NA,0,0,NA
2020-01-05,Argentina,45649750,Tucumán,1674622,NA,NA,NA,NA,0,0,NA,0,0,NA
2020-01-07,Argentina,45649750,Tucumán,1674622,NA,NA,NA,NA,0,0,NA,0,0,NA
2020-01-09,Argentina,45649750,Tucumán,1674622,NA,NA,NA,NA,0,0,NA,0,0,NA
2020-01-11,Argentina,45649750,Tucumán,1674622,NA,NA,NA,NA,0,0,NA,0,0,NA
2020-01-13,Argentina,45649750,Tucumán,1674622,NA,NA,NA,NA,0,0,NA,0,0,NA
2020-01-15,Argentina,45649750,Tucumán,1674622,NA,NA,NA,NA,0,0,NA,0,0,NA
2020-01-17,Argentina,45649750,Tucumán,1674622,NA,NA,NA,NA,0,0,NA,0,0,NA
2020-01-19,Argentina,45649750,Tucumán,1674622,NA,NA,NA,NA,0,0,NA,0,0,NA
2020-01-21,Argentina,45649750,Tucumán,1674622,NA,NA,NA,NA,0,0,NA,0,0,NA
2020-01-23,Argentina,45649750,Tucumán,1674622,NA,NA,NA,NA,0,0,NA,0,0,NA
2020-01-25,Argentina,45649750,Tucumán,1674622,NA,NA,NA,NA,0,0,NA,0,0,NA
2020-01-27,Argentina,45649750,Tucumán,1674622,NA,NA,NA,NA,0,0,NA,0,0,NA
2020-01-29,Argentina,45649750,Tucumán,1674622,NA,NA,NA,NA,0,0,NA,0,0,NA
2020-01-31,Argentina,45649750,Tucumán,1674622,NA,NA,NA,NA,0,0,NA,0,0,NA
2020-02-02,Argentina,45649750,Tucumán,1674622,NA,NA,NA,NA,0,0,NA,0,0,NA
2020-02-04,Argentina,45649750,Tucumán,1674622,NA,NA,NA,NA,0,0,NA,0,0,NA
2020-02-06,Argentina,45649750,Tucumán,1674622,NA,NA,NA,NA,0,0,NA,0,0,NA
2020-02-08,Argentina,45649750,Tucumán,1674622,NA,NA,NA,NA,0,0,NA,0,0,NA
2020-02-10,Argentina,45649750,Tucumán,1674622,NA,NA,NA,NA,0,0,NA,0,0,NA
2020-02-12,Argentina,45649750,Tucumán,1674622,NA,NA,NA,NA,0,0,NA,0,0,NA
2020-02-14,Argentina,45649750,Tucumán,1674622,NA,NA,NA,NA,0,0,NA,0,0,NA
2020-02-16,Argentina,45649750,Tucumán,1674622,NA,NA,NA,NA,0,0,NA,0,0,NA
2020-02-18,Argentina,45649750,Tucumán,1674622,NA,NA,NA,NA,0,0,NA,0,0,NA
2020-02-20,Argentina,45649750,Tucumán,1674622,NA,NA,NA,NA,0,0,NA,0,0,NA
2020-02-22,Argentina,45649750,Tucumán,1674622,NA,NA,NA,NA,0,0,NA,0,0,NA
2020-02-24,Argentina,45649750,Tucumán,1674622,NA,NA,NA,NA,0,0,NA,0,0,NA
2020-02-26,Argentina,45649750,Tucumán,1674622,NA,NA,NA,NA,0,0,NA,0,0,NA
2020-02-28,Argentina,45649750,Tucumán,1674622,NA,NA,NA,NA,0,0,NA,0,0,NA
2020-03-01,Argentina,45649750,Tucumán,1674622,NA,NA,NA,NA,0,0,NA,0,0,NA
2020-03-03,Argentina,45649750,Tucumán,1674622,NA,NA,NA,NA,0,0,NA,0,0,NA
2020-03-05,Argentina,45649750,Tucumán,1674622,NA,NA,NA,NA,0,0,NA,0,0,NA
2020-03-07,Argentina,45649750,Tucumán,1674622,NA,NA,NA,NA,0,0,NA,0,0,NA
2020-03-09,Argentina,45649750,Tucumán,1674622,NA,NA,NA,NA,0,0,NA,0,0,NA
2020-03-11,Argentina,45649750,Tucumán,1674622,NA,NA,NA,NA,0,0,NA,0,0,NA
2020-03-13,Argentina,45649750,Tucumán,1674622,NA,NA,NA,NA,0,0,NA,0,0,NA
2020-03-15,Argentina,45649750,Tucumán,1674622,NA,NA,NA,NA,0,0,NA,0,0,NA
2020-03-17,Argentina,45649750,Tucumán,1674622,NA,NA,NA,NA,0,0,NA,0,0,NA
2020-03-19,Argentina,45649750,Tucumán,1674622,NA,NA,NA,NA,0,0,NA,1,0,NA
2020-03-21,Argentina,45649750,Tucumán,1674622,NA,NA,NA,NA,1,0,NA,2,0,NA
2020-03-23,Argentina,45649750,Tucumán,1674622,NA,NA,NA,NA,0,0,NA,7,0,NA
2020-03-25,Argentina,45649750,Tucumán,1674622,NA,NA,NA,NA,2,0,NA,9,0,NA
2020-03-27,Argentina,45649750,Tucumán,1674622,NA,NA,NA,NA,1,0,NA,14,0,NA
2020-03-29,Argentina,45649750,Tucumán,1674622,NA,NA,NA,NA,0,1,NA,15,1,NA
2020-03-31,Argentina,45649750,Tucumán,1674622,NA,NA,NA,NA,2,0,NA,17,2,NA
2020-04-02,Argentina,45649750,Tucumán,1674622,NA,NA,NA,NA,2,0,NA,20,3,NA
2020-04-04,Argentina,45649750,Tucumán,1674622,NA,NA,NA,NA,0,0,NA,21,3,NA
2020-04-06,Argentina,45649750,Tucumán,1674622,NA,NA,NA,NA,1,0,NA,27,3,NA
2020-04-08,Argentina,45649750,Tucumán,1674622,NA,NA,NA,NA,1,1,NA,28,4,NA
2020-04-10,Argentina,45649750,Tucumán,1674622,NA,NA,NA,NA,1,0,NA,29,4,NA
2020-04-12,Argentina,45649750,Tucumán,1674622,NA,NA,NA,NA,0,0,NA,29,6,NA
2020-04-14,Argentina,45649750,Tucumán,1674622,NA,NA,NA,NA,0,0,NA,30,6,NA
2020-04-16,Argentina,45649750,Tucumán,1674622,NA,NA,NA,NA,0,0,NA,30,6,NA
2020-04-18,Argentina,45649750,Tucumán,1674622,NA,NA,NA,NA,0,0,NA,30,7,NA
2020-04-20,Argentina,45649750,Tucumán,1674622,NA,NA,NA,NA,0,0,NA,31,7,NA
2020-04-22,Argentina,45649750,Tucumán,1674622,NA,NA,NA,NA,0,0,NA,34,8,NA
2020-04-24,Argentina,45649750,Tucumán,1674622,NA,NA,NA,NA,0,0,NA,34,8,NA
2020-04-26,Argentina,45649750,Tucumán,1674622,NA,NA,NA,NA,0,0,NA,35,8,NA
2020-04-28,Argentina,45649750,Tucumán,1674622,NA,NA,NA,NA,0,0,NA,36,9,NA
2020-04-30,Argentina,45649750,Tucumán,1674622,NA,NA,NA,NA,0,0,NA,38,9,NA
2020-05-02,Argentina,45649750,Tucumán,1674622,NA,NA,NA,NA,0,0,NA,38,9,NA
2020-05-04,Argentina,45649750,Tucumán,1674622,NA,NA,NA,NA,0,0,NA,41,9,NA
2020-05-06,Argentina,45649750,Tucumán,1674622,NA,NA,NA,NA,0,0,NA,41,9,NA
2020-05-08,Argentina,45649750,Tucumán,1674622,NA,NA,NA,NA,0,1,NA,41,10,NA
2020-05-10,Argentina,45649750,Tucumán,1674622,NA,NA,NA,NA,0,0,NA,41,10,NA
2020-05-12,Argentina,45649750,Tucumán,1674622,NA,NA,NA,NA,0,0,NA,42,10,NA
2020-05-14,Argentina,45649750,Tucumán,1674622,NA,NA,NA,NA,0,0,NA,42,11,NA
2020-05-16,Argentina,45649750,Tucumán,1674622,NA,NA,NA,NA,0,0,NA,42,11,NA
2020-05-18,Argentina,45649750,Tucumán,1674622,NA,NA,NA,NA,0,0,NA,42,11,NA
2020-05-20,Argentina,45649750,Tucumán,1674622,NA,NA,NA,NA,1,0,NA,43,11,NA
2020-05-22,Argentina,45649750,Tucumán,1674622,NA,NA,NA,NA,0,0,NA,43,11,NA
2020-05-24,Argentina,45649750,Tucumán,1674622,NA,NA,NA,NA,2,0,NA,46,11,NA
2020-05-26,Argentina,45649750,Tucumán,1674622,NA,NA,NA,NA,0,0,NA,46,13,NA
2020-05-28,Argentina,45649750,Tucumán,1674622,NA,NA,NA,NA,0,0,NA,46,13,NA
2020-05-30,Argentina,45649750,Tucumán,1674622,NA,NA,NA,NA,0,2,NA,46,15,NA
2020-06-01,Argentina,45649750,Tucumán,1674622,NA,NA,NA,NA,0,0,NA,46,15,NA
2020-06-03,Argentina,45649750,Tucumán,1674622,NA,NA,NA,NA,0,0,NA,46,15,NA
2020-06-05,Argentina,45649750,Tucumán,1674622,NA,NA,NA,NA,0,1,NA,47,16,NA
2020-06-07,Argentina,45649750,Tucumán,1674622,NA,NA,NA,NA,0,0,NA,47,16,NA
2020-06-09,Argentina,45649750,Tucumán,1674622,NA,NA,NA,NA,0,0,NA,47,16,NA
2020-06-11,Argentina,45649750,Tucumán,1674622,NA,NA,NA,NA,1,0,NA,48,16,NA
2020-06-13,Argentina,45649750,Tucumán,1674622,NA,NA,NA,NA,2,0,NA,51,16,NA
2020-06-15,Argentina,45649750,Tucumán,1674622,NA,NA,NA,NA,0,0,NA,55,16,NA
2020-06-17,Argentina,45649750,Tucumán,1674622,NA,NA,NA,NA,1,1,NA,57,17,NA
2020-06-19,Argentina,45649750,Tucumán,1674622,NA,NA,NA,NA,0,0,NA,57,17,NA
2020-06-21,Argentina,45649750,Tucumán,1674622,NA,NA,NA,NA,0,0,NA,57,17,NA
2020-06-23,Argentina,45649750,Tucumán,1674622,NA,NA,NA,NA,4,0,NA,62,17,NA
2020-06-25,Argentina,45649750,Tucumán,1674622,NA,NA,NA,NA,1,0,NA,70,17,NA
2020-06-27,Argentina,45649750,Tucumán,1674622,NA,NA,NA,NA,1,0,NA,71,17,NA
2020-06-29,Argentina,45649750,Tucumán,1674622,NA,NA,NA,NA,0,0,NA,71,17,NA
2020-07-01,Argentina,45649750,Tucumán,1674622,NA,NA,NA,NA,7,0,NA,78,17,NA
2020-07-03,Argentina,45649750,Tucumán,1674622,NA,NA,NA,NA,3,0,NA,81,17,NA
2020-07-05,Argentina,45649750,Tucumán,1674622,NA,NA,NA,NA,0,0,NA,84,17,NA
2020-07-07,Argentina,45649750,Tucumán,1674622,NA,NA,NA,NA,0,0,NA,84,17,NA
2020-07-09,Argentina,45649750,Tucumán,1674622,NA,NA,NA,NA,2,0,NA,87,17,NA
2020-07-11,Argentina,45649750,Tucumán,1674622,NA,NA,NA,NA,2,0,NA,90,17,NA
2020-07-13,Argentina,45649750,Tucumán,1674622,NA,NA,NA,NA,0,0,NA,91,17,NA
2020-07-15,Argentina,45649750,Tucumán,1674622,NA,NA,NA,NA,2,0,NA,93,17,NA
2020-07-17,Argentina,45649750,Tucumán,1674622,NA,NA,NA,NA,0,0,NA,94,17,NA
2020-07-19,Argentina,45649750,Tucumán,1674622,NA,NA,NA,NA,1,0,NA,95,17,NA
2020-07-21,Argentina,45649750,Tucumán,1674622,NA,NA,NA,NA,0,0,NA,95,17,NA
2020-07-23,Argentina,45649750,Tucumán,1674622,NA,NA,NA,NA,1,0,NA,100,17,NA
2020-07-25,Argentina,45649750,Tucumán,1674622,NA,NA,NA,NA,2,0,NA,112,17,NA
2020-07-27,Argentina,45649750,Tucumán,1674622,NA,NA,NA,NA,23,0,NA,147,17,NA
2020-07-29,Argentina,45649750,Tucumán,1674622,NA,NA,NA,NA,32,0,NA,190,17,NA
2020-07-31,Argentina,45649750,Tucumán,1674622,NA,NA,NA,NA,15,1,NA,219,18,NA
2020-08-02,Argentina,45649750,Tucumán,1674622,NA,NA,NA,NA,18,0,NA,265,18,NA
2020-08-04,Argentina,45649750,Tucumán,1674622,NA,NA,NA,NA,24,1,NA,316,19,NA
2020-08-06,Argentina,45649750,Tucumán,1674622,NA,NA,NA,NA,8,0,NA,357,19,NA
2020-08-08,Argentina,45649750,Tucumán,1674622,NA,NA,NA,NA,10,0,NA,374,19,NA
2020-08-10,Argentina,45649750,Tucumán,1674622,NA,NA,NA,NA,22,0,NA,440,19,NA
2020-08-12,Argentina,45649750,Tucumán,1674622,NA,NA,NA,NA,25,0,NA,498,20,NA
2020-08-14,Argentina,45649750,Tucumán,1674622,NA,NA,NA,NA,28,0,NA,557,20,NA
2020-08-16,Argentina,45649750,Tucumán,1674622,NA,NA,NA,NA,7,0,NA,603,20,NA
2020-08-18,Argentina,45649750,Tucumán,1674622,NA,NA,NA,NA,0,0,NA,603,20,NA
2020-01-02,Argentina,45649750,Chubut,618994,NA,NA,NA,NA,0,0,NA,0,0,NA
2020-01-04,Argentina,45649750,Chubut,618994,NA,NA,NA,NA,0,0,NA,0,0,NA
2020-01-06,Argentina,45649750,Chubut,618994,NA,NA,NA,NA,0,0,NA,0,0,NA
2020-01-08,Argentina,45649750,Chubut,618994,NA,NA,NA,NA,0,0,NA,0,0,NA
2020-01-10,Argentina,45649750,Chubut,618994,NA,NA,NA,NA,0,0,NA,0,0,NA
2020-01-12,Argentina,45649750,Chubut,618994,NA,NA,NA,NA,0,0,NA,0,0,NA
2020-01-14,Argentina,45649750,Chubut,618994,NA,NA,NA,NA,0,0,NA,0,0,NA
2020-01-16,Argentina,45649750,Chubut,618994,NA,NA,NA,NA,0,0,NA,0,0,NA
2020-01-18,Argentina,45649750,Chubut,618994,NA,NA,NA,NA,0,0,NA,0,0,NA
2020-01-20,Argentina,45649750,Chubut,618994,NA,NA,NA,NA,0,0,NA,0,0,NA
2020-01-22,Argentina,45649750,Chubut,618994,NA,NA,NA,NA,0,0,NA,0,0,NA
2020-01-24,Argentina,45649750,Chubut,618994,NA,NA,NA,NA,0,0,NA,0,0,NA
2020-01-26,Argentina,45649750,Chubut,618994,NA,NA,NA,NA,0,0,NA,0,0,NA
2020-01-28,Argentina,45649750,Chubut,618994,NA,NA,NA,NA,0,0,NA,0,0,NA
2020-01-30,Argentina,45649750,Chubut,618994,NA,NA,NA,NA,0,0,NA,0,0,NA
2020-02-01,Argentina,45649750,Chubut,618994,NA,NA,NA,NA,0,0,NA,0,0,NA
2020-02-03,Argentina,45649750,Chubut,618994,NA,NA,NA,NA,0,0,NA,0,0,NA
2020-02-05,Argentina,45649750,Chubut,618994,NA,NA,NA,NA,0,0,NA,0,0,NA
2020-02-07,Argentina,45649750,Chubut,618994,NA,NA,NA,NA,0,0,NA,0,0,NA
2020-02-09,Argentina,45649750,Chubut,618994,NA,NA,NA,NA,0,0,NA,0,0,NA
2020-02-11,Argentina,45649750,Chubut,618994,NA,NA,NA,NA,0,0,NA,0,0,NA
2020-02-13,Argentina,45649750,Chubut,618994,NA,NA,NA,NA,0,0,NA,0,0,NA
2020-02-15,Argentina,45649750,Chubut,618994,NA,NA,NA,NA,0,0,NA,0,0,NA
2020-02-17,Argentina,45649750,Chubut,618994,NA,NA,NA,NA,0,0,NA,0,0,NA
2020-02-19,Argentina,45649750,Chubut,618994,NA,NA,NA,NA,0,0,NA,0,0,NA
2020-02-21,Argentina,45649750,Chubut,618994,NA,NA,NA,NA,0,0,NA,0,0,NA
2020-02-23,Argentina,45649750,Chubut,618994,NA,NA,NA,NA,0,0,NA,0,0,NA
2020-02-25,Argentina,45649750,Chubut,618994,NA,NA,NA,NA,0,0,NA,0,0,NA
2020-02-27,Argentina,45649750,Chubut,618994,NA,NA,NA,NA,0,0,NA,0,0,NA
2020-02-29,Argentina,45649750,Chubut,618994,NA,NA,NA,NA,0,0,NA,0,0,NA
2020-03-02,Argentina,45649750,Chubut,618994,NA,NA,NA,NA,0,0,NA,0,0,NA
2020-03-04,Argentina,45649750,Chubut,618994,NA,NA,NA,NA,0,0,NA,0,0,NA
2020-03-06,Argentina,45649750,Chubut,618994,NA,NA,NA,NA,0,0,NA,0,0,NA
2020-03-08,Argentina,45649750,Chubut,618994,NA,NA,NA,NA,0,0,NA,0,0,NA
2020-03-10,Argentina,45649750,Chubut,618994,NA,NA,NA,NA,0,0,NA,0,0,NA
2020-03-12,Argentina,45649750,Chubut,618994,NA,NA,NA,NA,0,0,NA,0,0,NA
2020-03-14,Argentina,45649750,Chubut,618994,NA,NA,NA,NA,0,0,NA,0,0,NA
2020-03-16,Argentina,45649750,Chubut,618994,NA,NA,NA,NA,0,0,NA,0,0,NA
2020-03-18,Argentina,45649750,Chubut,618994,NA,NA,NA,NA,0,0,NA,0,0,NA
2020-03-20,Argentina,45649750,Chubut,618994,NA,NA,NA,NA,0,0,NA,0,0,NA
2020-03-22,Argentina,45649750,Chubut,618994,NA,NA,NA,NA,0,0,NA,0,0,NA
2020-03-24,Argentina,45649750,Chubut,618994,NA,NA,NA,NA,0,0,NA,0,0,NA
2020-03-26,Argentina,45649750,Chubut,618994,NA,NA,NA,NA,0,1,NA,0,2,NA
2020-03-28,Argentina,45649750,Chubut,618994,NA,NA,NA,NA,0,0,NA,0,2,NA
2020-03-30,Argentina,45649750,Chubut,618994,NA,NA,NA,NA,0,0,NA,0,2,NA
2020-04-01,Argentina,45649750,Chubut,618994,NA,NA,NA,NA,0,0,NA,0,2,NA
2020-04-03,Argentina,45649750,Chubut,618994,NA,NA,NA,NA,0,0,NA,0,2,NA
2020-04-05,Argentina,45649750,Chubut,618994,NA,NA,NA,NA,0,0,NA,0,2,NA
2020-04-07,Argentina,45649750,Chubut,618994,NA,NA,NA,NA,0,0,NA,0,2,NA
2020-04-09,Argentina,45649750,Chubut,618994,NA,NA,NA,NA,0,1,NA,0,3,NA
2020-04-11,Argentina,45649750,Chubut,618994,NA,NA,NA,NA,0,0,NA,0,3,NA
2020-04-13,Argentina,45649750,Chubut,618994,NA,NA,NA,NA,0,0,NA,0,3,NA
2020-04-15,Argentina,45649750,Chubut,618994,NA,NA,NA,NA,0,1,NA,1,4,NA
2020-04-17,Argentina,45649750,Chubut,618994,NA,NA,NA,NA,0,0,NA,1,4,NA
2020-04-19,Argentina,45649750,Chubut,618994,NA,NA,NA,NA,0,1,NA,2,5,NA
2020-04-21,Argentina,45649750,Chubut,618994,NA,NA,NA,NA,0,1,NA,2,6,NA
2020-04-23,Argentina,45649750,Chubut,618994,NA,NA,NA,NA,0,0,NA,2,6,NA
2020-04-25,Argentina,45649750,Chubut,618994,NA,NA,NA,NA,0,0,NA,2,6,NA
2020-04-27,Argentina,45649750,Chubut,618994,NA,NA,NA,NA,0,0,NA,2,6,NA
2020-04-29,Argentina,45649750,Chubut,618994,NA,NA,NA,NA,0,0,NA,2,6,NA
2020-05-01,Argentina,45649750,Chubut,618994,NA,NA,NA,NA,1,0,NA,4,6,NA
2020-05-03,Argentina,45649750,Chubut,618994,NA,NA,NA,NA,0,0,NA,4,6,NA
2020-05-05,Argentina,45649750,Chubut,618994,NA,NA,NA,NA,0,1,NA,4,7,NA
2020-05-07,Argentina,45649750,Chubut,618994,NA,NA,NA,NA,0,0,NA,4,7,NA
2020-05-09,Argentina,45649750,Chubut,618994,NA,NA,NA,NA,0,0,NA,4,7,NA
2020-05-11,Argentina,45649750,Chubut,618994,NA,NA,NA,NA,0,0,NA,4,7,NA
2020-05-13,Argentina,45649750,Chubut,618994,NA,NA,NA,NA,0,0,NA,4,7,NA
2020-05-15,Argentina,45649750,Chubut,618994,NA,NA,NA,NA,0,1,NA,4,8,NA
2020-05-17,Argentina,45649750,Chubut,618994,NA,NA,NA,NA,0,1,NA,4,10,NA
2020-05-19,Argentina,45649750,Chubut,618994,NA,NA,NA,NA,0,0,NA,4,11,NA
2020-05-21,Argentina,45649750,Chubut,618994,NA,NA,NA,NA,0,0,NA,4,12,NA
2020-05-23,Argentina,45649750,Chubut,618994,NA,NA,NA,NA,0,0,NA,4,12,NA
2020-05-25,Argentina,45649750,Chubut,618994,NA,NA,NA,NA,0,0,NA,4,12,NA
2020-05-27,Argentina,45649750,Chubut,618994,NA,NA,NA,NA,0,0,NA,5,12,NA
2020-05-29,Argentina,45649750,Chubut,618994,NA,NA,NA,NA,0,0,NA,8,12,NA
2020-05-31,Argentina,45649750,Chubut,618994,NA,NA,NA,NA,0,0,NA,10,12,NA
2020-06-02,Argentina,45649750,Chubut,618994,NA,NA,NA,NA,1,0,NA,11,12,NA
2020-06-04,Argentina,45649750,Chubut,618994,NA,NA,NA,NA,3,0,NA,14,12,NA
2020-06-06,Argentina,45649750,Chubut,618994,NA,NA,NA,NA,6,0,NA,21,12,NA
2020-06-08,Argentina,45649750,Chubut,618994,NA,NA,NA,NA,5,0,NA,26,12,NA
2020-06-10,Argentina,45649750,Chubut,618994,NA,NA,NA,NA,0,1,NA,27,13,NA
2020-06-12,Argentina,45649750,Chubut,618994,NA,NA,NA,NA,8,0,NA,38,13,NA
2020-06-14,Argentina,45649750,Chubut,618994,NA,NA,NA,NA,23,0,NA,63,13,NA
2020-06-16,Argentina,45649750,Chubut,618994,NA,NA,NA,NA,0,0,NA,72,13,NA
2020-06-18,Argentina,45649750,Chubut,618994,NA,NA,NA,NA,3,0,NA,86,13,NA
2020-06-20,Argentina,45649750,Chubut,618994,NA,NA,NA,NA,6,0,NA,94,13,NA
2020-06-22,Argentina,45649750,Chubut,618994,NA,NA,NA,NA,1,0,NA,99,13,NA
2020-06-24,Argentina,45649750,Chubut,618994,NA,NA,NA,NA,1,0,NA,103,13,NA
2020-06-26,Argentina,45649750,Chubut,618994,NA,NA,NA,NA,1,0,NA,113,15,NA
2020-06-28,Argentina,45649750,Chubut,618994,NA,NA,NA,NA,1,0,NA,119,15,NA
2020-06-30,Argentina,45649750,Chubut,618994,NA,NA,NA,NA,4,0,NA,130,15,NA
2020-07-02,Argentina,45649750,Chubut,618994,NA,NA,NA,NA,7,0,NA,142,15,NA
2020-07-04,Argentina,45649750,Chubut,618994,NA,NA,NA,NA,9,0,NA,156,15,NA
2020-07-06,Argentina,45649750,Chubut,618994,NA,NA,NA,NA,5,0,NA,164,15,NA
2020-07-08,Argentina,45649750,Chubut,618994,NA,NA,NA,NA,18,0,NA,192,15,NA
2020-07-10,Argentina,45649750,Chubut,618994,NA,NA,NA,NA,6,0,NA,202,16,NA
2020-07-12,Argentina,45649750,Chubut,618994,NA,NA,NA,NA,7,0,NA,210,16,NA
2020-07-14,Argentina,45649750,Chubut,618994,NA,NA,NA,NA,5,0,NA,216,16,NA
2020-07-16,Argentina,45649750,Chubut,618994,NA,NA,NA,NA,7,0,NA,224,16,NA
2020-07-18,Argentina,45649750,Chubut,618994,NA,NA,NA,NA,3,0,NA,234,17,NA
2020-07-20,Argentina,45649750,Chubut,618994,NA,NA,NA,NA,11,0,NA,251,17,NA
2020-07-22,Argentina,45649750,Chubut,618994,NA,NA,NA,NA,2,0,NA,254,17,NA
2020-07-24,Argentina,45649750,Chubut,618994,NA,NA,NA,NA,3,0,NA,261,17,NA
2020-07-26,Argentina,45649750,Chubut,618994,NA,NA,NA,NA,1,0,NA,263,17,NA
2020-07-28,Argentina,45649750,Chubut,618994,NA,NA,NA,NA,2,0,NA,269,17,NA
2020-07-30,Argentina,45649750,Chubut,618994,NA,NA,NA,NA,2,0,NA,274,18,NA
2020-08-01,Argentina,45649750,Chubut,618994,NA,NA,NA,NA,2,0,NA,287,18,NA
2020-08-03,Argentina,45649750,Chubut,618994,NA,NA,NA,NA,1,0,NA,292,18,NA
2020-08-05,Argentina,45649750,Chubut,618994,NA,NA,NA,NA,5,0,NA,304,18,NA
2020-08-07,Argentina,45649750,Chubut,618994,NA,NA,NA,NA,6,0,NA,321,18,NA
2020-08-09,Argentina,45649750,Chubut,618994,NA,NA,NA,NA,5,0,NA,346,18,NA
2020-08-11,Argentina,45649750,Chubut,618994,NA,NA,NA,NA,7,1,NA,358,19,NA
2020-08-13,Argentina,45649750,Chubut,618994,NA,NA,NA,NA,10,0,NA,389,19,NA
2020-08-15,Argentina,45649750,Chubut,618994,NA,NA,NA,NA,7,0,NA,400,19,NA
2020-08-17,Argentina,45649750,Chubut,618994,NA,NA,NA,NA,0,0,NA,400,19,NA
2020-01-01,Argentina,45649750,Tierra del Fuego,169183,NA,NA,NA,NA,0,0,NA,0,0,NA
2020-01-03,Argentina,45649750,Tierra del Fuego,169183,NA,NA,NA,NA,0,0,NA,0,0,NA
2020-01-05,Argentina,45649750,Tierra del Fuego,169183,NA,NA,NA,NA,0,0,NA,0,0,NA
2020-01-07,Argentina,45649750,Tierra del Fuego,169183,NA,NA,NA,NA,0,0,NA,0,0,NA
2020-01-09,Argentina,45649750,Tierra del Fuego,169183,NA,NA,NA,NA,0,0,NA,0,0,NA
2020-01-11,Argentina,45649750,Tierra del Fuego,169183,NA,NA,NA,NA,0,0,NA,0,0,NA
2020-01-13,Argentina,45649750,Tierra del Fuego,169183,NA,NA,NA,NA,0,0,NA,0,0,NA
2020-01-15,Argentina,45649750,Tierra del Fuego,169183,NA,NA,NA,NA,0,0,NA,0,0,NA
2020-01-17,Argentina,45649750,Tierra del Fuego,169183,NA,NA,NA,NA,0,0,NA,0,0,NA
2020-01-19,Argentina,45649750,Tierra del Fuego,169183,NA,NA,NA,NA,0,0,NA,0,0,NA
2020-01-21,Argentina,45649750,Tierra del Fuego,169183,NA,NA,NA,NA,0,0,NA,0,0,NA
2020-01-23,Argentina,45649750,Tierra del Fuego,169183,NA,NA,NA,NA,0,0,NA,0,0,NA
2020-01-25,Argentina,45649750,Tierra del Fuego,169183,NA,NA,NA,NA,0,0,NA,0,0,NA
2020-01-27,Argentina,45649750,Tierra del Fuego,169183,NA,NA,NA,NA,0,0,NA,0,0,NA
2020-01-29,Argentina,45649750,Tierra del Fuego,169183,NA,NA,NA,NA,0,0,NA,0,0,NA
2020-01-31,Argentina,45649750,Tierra del Fuego,169183,NA,NA,NA,NA,0,0,NA,0,0,NA
2020-02-02,Argentina,45649750,Tierra del Fuego,169183,NA,NA,NA,NA,0,0,NA,0,0,NA
2020-02-04,Argentina,45649750,Tierra del Fuego,169183,NA,NA,NA,NA,0,0,NA,0,0,NA
2020-02-06,Argentina,45649750,Tierra del Fuego,169183,NA,NA,NA,NA,0,0,NA,0,0,NA
2020-02-08,Argentina,45649750,Tierra del Fuego,169183,NA,NA,NA,NA,0,0,NA,0,0,NA
2020-02-10,Argentina,45649750,Tierra del Fuego,169183,NA,NA,NA,NA,0,0,NA,0,0,NA
2020-02-12,Argentina,45649750,Tierra del Fuego,169183,NA,NA,NA,NA,0,0,NA,0,0,NA
2020-02-14,Argentina,45649750,Tierra del Fuego,169183,NA,NA,NA,NA,0,0,NA,0,0,NA
2020-02-16,Argentina,45649750,Tierra del Fuego,169183,NA,NA,NA,NA,0,0,NA,0,0,NA
2020-02-18,Argentina,45649750,Tierra del Fuego,169183,NA,NA,NA,NA,0,0,NA,0,0,NA
2020-02-20,Argentina,45649750,Tierra del Fuego,169183,NA,NA,NA,NA,0,0,NA,0,0,NA
2020-02-22,Argentina,45649750,Tierra del Fuego,169183,NA,NA,NA,NA,0,0,NA,0,0,NA
2020-02-24,Argentina,45649750,Tierra del Fuego,169183,NA,NA,NA,NA,0,0,NA,0,0,NA
2020-02-26,Argentina,45649750,Tierra del Fuego,169183,NA,NA,NA,NA,0,0,NA,0,0,NA
2020-02-28,Argentina,45649750,Tierra del Fuego,169183,NA,NA,NA,NA,0,0,NA,0,0,NA
2020-03-01,Argentina,45649750,Tierra del Fuego,169183,NA,NA,NA,NA,0,0,NA,0,0,NA
2020-03-03,Argentina,45649750,Tierra del Fuego,169183,NA,NA,NA,NA,0,0,NA,0,0,NA
2020-03-05,Argentina,45649750,Tierra del Fuego,169183,NA,NA,NA,NA,0,0,NA,0,0,NA
2020-03-07,Argentina,45649750,Tierra del Fuego,169183,NA,NA,NA,NA,0,0,NA,0,0,NA
2020-03-09,Argentina,45649750,Tierra del Fuego,169183,NA,NA,NA,NA,0,0,NA,0,0,NA
2020-03-11,Argentina,45649750,Tierra del Fuego,169183,NA,NA,NA,NA,0,0,NA,0,0,NA
2020-03-13,Argentina,45649750,Tierra del Fuego,169183,NA,NA,NA,NA,0,0,NA,0,0,NA
2020-03-15,Argentina,45649750,Tierra del Fuego,169183,NA,NA,NA,NA,2,0,NA,2,0,NA
2020-03-17,Argentina,45649750,Tierra del Fuego,169183,NA,NA,NA,NA,0,0,NA,2,0,NA
2020-03-19,Argentina,45649750,Tierra del Fuego,169183,NA,NA,NA,NA,0,0,NA,2,0,NA
2020-03-21,Argentina,45649750,Tierra del Fuego,169183,NA,NA,NA,NA,3,0,NA,6,0,NA
2020-03-23,Argentina,45649750,Tierra del Fuego,169183,NA,NA,NA,NA,1,0,NA,7,0,NA
2020-03-25,Argentina,45649750,Tierra del Fuego,169183,NA,NA,NA,NA,4,0,NA,15,0,NA
2020-03-27,Argentina,45649750,Tierra del Fuego,169183,NA,NA,NA,NA,4,1,NA,19,1,NA
2020-03-29,Argentina,45649750,Tierra del Fuego,169183,NA,NA,NA,NA,5,0,NA,28,1,NA
2020-03-31,Argentina,45649750,Tierra del Fuego,169183,NA,NA,NA,NA,1,0,NA,41,1,NA
2020-04-02,Argentina,45649750,Tierra del Fuego,169183,NA,NA,NA,NA,24,0,NA,65,1,NA
2020-04-04,Argentina,45649750,Tierra del Fuego,169183,NA,NA,NA,NA,2,0,NA,74,1,NA
2020-04-06,Argentina,45649750,Tierra del Fuego,169183,NA,NA,NA,NA,1,0,NA,78,1,NA
2020-04-08,Argentina,45649750,Tierra del Fuego,169183,NA,NA,NA,NA,0,1,NA,80,2,NA
2020-04-10,Argentina,45649750,Tierra del Fuego,169183,NA,NA,NA,NA,3,0,NA,85,2,NA
2020-04-12,Argentina,45649750,Tierra del Fuego,169183,NA,NA,NA,NA,5,0,NA,94,2,NA
2020-04-14,Argentina,45649750,Tierra del Fuego,169183,NA,NA,NA,NA,3,0,NA,99,2,NA
2020-04-16,Argentina,45649750,Tierra del Fuego,169183,NA,NA,NA,NA,0,0,NA,106,2,NA
2020-04-18,Argentina,45649750,Tierra del Fuego,169183,NA,NA,NA,NA,3,0,NA,112,2,NA
2020-04-20,Argentina,45649750,Tierra del Fuego,169183,NA,NA,NA,NA,1,0,NA,113,2,NA
2020-04-22,Argentina,45649750,Tierra del Fuego,169183,NA,NA,NA,NA,1,0,NA,114,3,NA
2020-04-24,Argentina,45649750,Tierra del Fuego,169183,NA,NA,NA,NA,3,0,NA,117,3,NA
2020-04-26,Argentina,45649750,Tierra del Fuego,169183,NA,NA,NA,NA,1,0,NA,118,3,NA
2020-04-28,Argentina,45649750,Tierra del Fuego,169183,NA,NA,NA,NA,3,0,NA,124,3,NA
2020-04-30,Argentina,45649750,Tierra del Fuego,169183,NA,NA,NA,NA,2,0,NA,128,3,NA
2020-05-02,Argentina,45649750,Tierra del Fuego,169183,NA,NA,NA,NA,1,0,NA,131,3,NA
2020-05-04,Argentina,45649750,Tierra del Fuego,169183,NA,NA,NA,NA,0,0,NA,132,3,NA
2020-05-06,Argentina,45649750,Tierra del Fuego,169183,NA,NA,NA,NA,0,1,NA,132,4,NA
2020-05-08,Argentina,45649750,Tierra del Fuego,169183,NA,NA,NA,NA,1,0,NA,133,4,NA
2020-05-10,Argentina,45649750,Tierra del Fuego,169183,NA,NA,NA,NA,0,0,NA,135,4,NA
2020-05-12,Argentina,45649750,Tierra del Fuego,169183,NA,NA,NA,NA,0,0,NA,135,5,NA
2020-05-14,Argentina,45649750,Tierra del Fuego,169183,NA,NA,NA,NA,0,0,NA,135,5,NA
2020-05-16,Argentina,45649750,Tierra del Fuego,169183,NA,NA,NA,NA,0,0,NA,135,5,NA
2020-05-18,Argentina,45649750,Tierra del Fuego,169183,NA,NA,NA,NA,0,0,NA,135,5,NA
2020-05-20,Argentina,45649750,Tierra del Fuego,169183,NA,NA,NA,NA,0,0,NA,135,5,NA
2020-05-22,Argentina,45649750,Tierra del Fuego,169183,NA,NA,NA,NA,0,0,NA,137,6,NA
2020-05-24,Argentina,45649750,Tierra del Fuego,169183,NA,NA,NA,NA,0,0,NA,137,6,NA
2020-05-26,Argentina,45649750,Tierra del Fuego,169183,NA,NA,NA,NA,1,0,NA,138,7,NA
2020-05-28,Argentina,45649750,Tierra del Fuego,169183,NA,NA,NA,NA,0,0,NA,138,7,NA
2020-05-30,Argentina,45649750,Tierra del Fuego,169183,NA,NA,NA,NA,0,0,NA,138,7,NA
2020-06-01,Argentina,45649750,Tierra del Fuego,169183,NA,NA,NA,NA,0,0,NA,138,7,NA
2020-06-03,Argentina,45649750,Tierra del Fuego,169183,NA,NA,NA,NA,0,0,NA,138,7,NA
2020-06-05,Argentina,45649750,Tierra del Fuego,169183,NA,NA,NA,NA,0,0,NA,138,7,NA
2020-06-07,Argentina,45649750,Tierra del Fuego,169183,NA,NA,NA,NA,0,0,NA,138,7,NA
2020-06-09,Argentina,45649750,Tierra del Fuego,169183,NA,NA,NA,NA,0,0,NA,138,7,NA
2020-06-11,Argentina,45649750,Tierra del Fuego,169183,NA,NA,NA,NA,0,0,NA,138,7,NA
2020-06-13,Argentina,45649750,Tierra del Fuego,169183,NA,NA,NA,NA,0,0,NA,138,7,NA
2020-06-15,Argentina,45649750,Tierra del Fuego,169183,NA,NA,NA,NA,0,0,NA,138,7,NA
2020-06-17,Argentina,45649750,Tierra del Fuego,169183,NA,NA,NA,NA,0,1,NA,138,8,NA
2020-06-19,Argentina,45649750,Tierra del Fuego,169183,NA,NA,NA,NA,0,0,NA,138,8,NA
2020-06-21,Argentina,45649750,Tierra del Fuego,169183,NA,NA,NA,NA,0,0,NA,138,8,NA
2020-06-23,Argentina,45649750,Tierra del Fuego,169183,NA,NA,NA,NA,0,0,NA,138,8,NA
2020-06-25,Argentina,45649750,Tierra del Fuego,169183,NA,NA,NA,NA,0,0,NA,138,8,NA
2020-06-27,Argentina,45649750,Tierra del Fuego,169183,NA,NA,NA,NA,0,0,NA,138,8,NA
2020-06-29,Argentina,45649750,Tierra del Fuego,169183,NA,NA,NA,NA,0,0,NA,138,8,NA
2020-07-01,Argentina,45649750,Tierra del Fuego,169183,NA,NA,NA,NA,1,0,NA,139,8,NA
2020-07-03,Argentina,45649750,Tierra del Fuego,169183,NA,NA,NA,NA,3,0,NA,142,8,NA
2020-07-05,Argentina,45649750,Tierra del Fuego,169183,NA,NA,NA,NA,0,0,NA,143,8,NA
2020-07-07,Argentina,45649750,Tierra del Fuego,169183,NA,NA,NA,NA,0,0,NA,143,8,NA
2020-07-09,Argentina,45649750,Tierra del Fuego,169183,NA,NA,NA,NA,0,0,NA,144,8,NA
2020-07-11,Argentina,45649750,Tierra del Fuego,169183,NA,NA,NA,NA,0,0,NA,144,9,NA
2020-07-13,Argentina,45649750,Tierra del Fuego,169183,NA,NA,NA,NA,48,0,NA,200,9,NA
2020-07-15,Argentina,45649750,Tierra del Fuego,169183,NA,NA,NA,NA,1,0,NA,202,9,NA
2020-07-17,Argentina,45649750,Tierra del Fuego,169183,NA,NA,NA,NA,23,0,NA,225,9,NA
2020-07-19,Argentina,45649750,Tierra del Fuego,169183,NA,NA,NA,NA,0,0,NA,228,9,NA
2020-07-21,Argentina,45649750,Tierra del Fuego,169183,NA,NA,NA,NA,11,0,NA,247,9,NA
2020-07-23,Argentina,45649750,Tierra del Fuego,169183,NA,NA,NA,NA,16,0,NA,271,9,NA
2020-07-25,Argentina,45649750,Tierra del Fuego,169183,NA,NA,NA,NA,38,0,NA,333,9,NA
2020-07-27,Argentina,45649750,Tierra del Fuego,169183,NA,NA,NA,NA,7,1,NA,375,11,NA
2020-07-29,Argentina,45649750,Tierra del Fuego,169183,NA,NA,NA,NA,28,0,NA,424,11,NA
2020-07-31,Argentina,45649750,Tierra del Fuego,169183,NA,NA,NA,NA,21,1,NA,477,12,NA
2020-08-02,Argentina,45649750,Tierra del Fuego,169183,NA,NA,NA,NA,116,0,NA,646,13,NA
2020-08-04,Argentina,45649750,Tierra del Fuego,169183,NA,NA,NA,NA,47,1,NA,731,14,NA
2020-08-06,Argentina,45649750,Tierra del Fuego,169183,NA,NA,NA,NA,98,0,NA,879,15,NA
2020-08-08,Argentina,45649750,Tierra del Fuego,169183,NA,NA,NA,NA,25,0,NA,948,17,NA
2020-08-10,Argentina,45649750,Tierra del Fuego,169183,NA,NA,NA,NA,67,1,NA,1064,19,NA
2020-08-12,Argentina,45649750,Tierra del Fuego,169183,NA,NA,NA,NA,67,0,NA,1178,21,NA
2020-08-14,Argentina,45649750,Tierra del Fuego,169183,NA,NA,NA,NA,40,3,NA,1258,26,NA
2020-08-16,Argentina,45649750,Tierra del Fuego,169183,NA,NA,NA,NA,10,0,NA,1334,26,NA
2020-08-18,Argentina,45649750,Tierra del Fuego,169183,NA,NA,NA,NA,0,0,NA,1334,26,NA
2020-01-02,Argentina,45649750,Corrientes,1111052,NA,NA,NA,NA,0,0,NA,0,0,NA
2020-01-04,Argentina,45649750,Corrientes,1111052,NA,NA,NA,NA,0,0,NA,0,0,NA
2020-01-06,Argentina,45649750,Corrientes,1111052,NA,NA,NA,NA,0,0,NA,0,0,NA
2020-01-08,Argentina,45649750,Corrientes,1111052,NA,NA,NA,NA,0,0,NA,0,0,NA
2020-01-10,Argentina,45649750,Corrientes,1111052,NA,NA,NA,NA,0,0,NA,0,0,NA
2020-01-12,Argentina,45649750,Corrientes,1111052,NA,NA,NA,NA,0,0,NA,0,0,NA
2020-01-14,Argentina,45649750,Corrientes,1111052,NA,NA,NA,NA,0,0,NA,0,0,NA
2020-01-16,Argentina,45649750,Corrientes,1111052,NA,NA,NA,NA,0,0,NA,0,0,NA
2020-01-18,Argentina,45649750,Corrientes,1111052,NA,NA,NA,NA,0,0,NA,0,0,NA
2020-01-20,Argentina,45649750,Corrientes,1111052,NA,NA,NA,NA,0,0,NA,0,0,NA
2020-01-22,Argentina,45649750,Corrientes,1111052,NA,NA,NA,NA,0,0,NA,0,0,NA
2020-01-24,Argentina,45649750,Corrientes,1111052,NA,NA,NA,NA,0,0,NA,0,0,NA
2020-01-26,Argentina,45649750,Corrientes,1111052,NA,NA,NA,NA,0,0,NA,0,0,NA
2020-01-28,Argentina,45649750,Corrientes,1111052,NA,NA,NA,NA,0,0,NA,0,0,NA
2020-01-30,Argentina,45649750,Corrientes,1111052,NA,NA,NA,NA,0,0,NA,0,0,NA
2020-02-01,Argentina,45649750,Corrientes,1111052,NA,NA,NA,NA,0,0,NA,0,0,NA
2020-02-03,Argentina,45649750,Corrientes,1111052,NA,NA,NA,NA,0,0,NA,0,0,NA
2020-02-05,Argentina,45649750,Corrientes,1111052,NA,NA,NA,NA,0,0,NA,0,0,NA
2020-02-07,Argentina,45649750,Corrientes,1111052,NA,NA,NA,NA,0,0,NA,0,0,NA
2020-02-09,Argentina,45649750,Corrientes,1111052,NA,NA,NA,NA,0,0,NA,0,0,NA
2020-02-11,Argentina,45649750,Corrientes,1111052,NA,NA,NA,NA,0,0,NA,0,0,NA
2020-02-13,Argentina,45649750,Corrientes,1111052,NA,NA,NA,NA,0,0,NA,0,0,NA
2020-02-15,Argentina,45649750,Corrientes,1111052,NA,NA,NA,NA,0,0,NA,0,0,NA
2020-02-17,Argentina,45649750,Corrientes,1111052,NA,NA,NA,NA,0,0,NA,0,0,NA
2020-02-19,Argentina,45649750,Corrientes,1111052,NA,NA,NA,NA,0,0,NA,0,0,NA
2020-02-21,Argentina,45649750,Corrientes,1111052,NA,NA,NA,NA,0,0,NA,0,0,NA
2020-02-23,Argentina,45649750,Corrientes,1111052,NA,NA,NA,NA,0,0,NA,0,0,NA
2020-02-25,Argentina,45649750,Corrientes,1111052,NA,NA,NA,NA,0,0,NA,0,0,NA
2020-02-27,Argentina,45649750,Corrientes,1111052,NA,NA,NA,NA,0,0,NA,0,0,NA
2020-02-29,Argentina,45649750,Corrientes,1111052,NA,NA,NA,NA,0,0,NA,0,0,NA
2020-03-02,Argentina,45649750,Corrientes,1111052,NA,NA,NA,NA,0,0,NA,0,0,NA
2020-03-04,Argentina,45649750,Corrientes,1111052,NA,NA,NA,NA,0,0,NA,0,0,NA
2020-03-06,Argentina,45649750,Corrientes,1111052,NA,NA,NA,NA,0,0,NA,0,0,NA
2020-03-08,Argentina,45649750,Corrientes,1111052,NA,NA,NA,NA,0,0,NA,0,0,NA
2020-03-10,Argentina,45649750,Corrientes,1111052,NA,NA,NA,NA,0,0,NA,0,0,NA
2020-03-12,Argentina,45649750,Corrientes,1111052,NA,NA,NA,NA,0,0,NA,0,0,NA
2020-03-14,Argentina,45649750,Corrientes,1111052,NA,NA,NA,NA,0,0,NA,0,0,NA
2020-03-16,Argentina,45649750,Corrientes,1111052,NA,NA,NA,NA,0,0,NA,0,0,NA
2020-03-18,Argentina,45649750,Corrientes,1111052,NA,NA,NA,NA,0,0,NA,0,0,NA
2020-03-20,Argentina,45649750,Corrientes,1111052,NA,NA,NA,NA,1,0,NA,1,0,NA
2020-03-22,Argentina,45649750,Corrientes,1111052,NA,NA,NA,NA,0,0,NA,3,0,NA
2020-03-24,Argentina,45649750,Corrientes,1111052,NA,NA,NA,NA,1,0,NA,4,0,NA
2020-03-26,Argentina,45649750,Corrientes,1111052,NA,NA,NA,NA,0,0,NA,4,0,NA
2020-03-28,Argentina,45649750,Corrientes,1111052,NA,NA,NA,NA,2,0,NA,16,0,NA
2020-03-30,Argentina,45649750,Corrientes,1111052,NA,NA,NA,NA,4,0,NA,20,0,NA
2020-04-01,Argentina,45649750,Corrientes,1111052,NA,NA,NA,NA,3,0,NA,23,0,NA
2020-04-03,Argentina,45649750,Corrientes,1111052,NA,NA,NA,NA,0,0,NA,25,0,NA
2020-04-05,Argentina,45649750,Corrientes,1111052,NA,NA,NA,NA,0,0,NA,25,0,NA
2020-04-07,Argentina,45649750,Corrientes,1111052,NA,NA,NA,NA,0,0,NA,26,0,NA
2020-04-09,Argentina,45649750,Corrientes,1111052,NA,NA,NA,NA,0,0,NA,30,0,NA
2020-04-11,Argentina,45649750,Corrientes,1111052,NA,NA,NA,NA,0,0,NA,30,0,NA
2020-04-13,Argentina,45649750,Corrientes,1111052,NA,NA,NA,NA,1,0,NA,31,0,NA
2020-04-15,Argentina,45649750,Corrientes,1111052,NA,NA,NA,NA,0,0,NA,31,0,NA
2020-04-17,Argentina,45649750,Corrientes,1111052,NA,NA,NA,NA,1,0,NA,33,0,NA
2020-04-19,Argentina,45649750,Corrientes,1111052,NA,NA,NA,NA,0,0,NA,35,0,NA
2020-04-21,Argentina,45649750,Corrientes,1111052,NA,NA,NA,NA,0,0,NA,35,0,NA
2020-04-23,Argentina,45649750,Corrientes,1111052,NA,NA,NA,NA,2,0,NA,38,0,NA
2020-04-25,Argentina,45649750,Corrientes,1111052,NA,NA,NA,NA,5,0,NA,45,0,NA
2020-04-27,Argentina,45649750,Corrientes,1111052,NA,NA,NA,NA,0,0,NA,47,0,NA
2020-04-29,Argentina,45649750,Corrientes,1111052,NA,NA,NA,NA,1,0,NA,49,0,NA
2020-05-01,Argentina,45649750,Corrientes,1111052,NA,NA,NA,NA,0,0,NA,50,0,NA
2020-05-03,Argentina,45649750,Corrientes,1111052,NA,NA,NA,NA,0,0,NA,50,0,NA
2020-05-05,Argentina,45649750,Corrientes,1111052,NA,NA,NA,NA,0,0,NA,50,0,NA
2020-05-07,Argentina,45649750,Corrientes,1111052,NA,NA,NA,NA,1,0,NA,55,0,NA
2020-05-09,Argentina,45649750,Corrientes,1111052,NA,NA,NA,NA,0,0,NA,55,0,NA
2020-05-11,Argentina,45649750,Corrientes,1111052,NA,NA,NA,NA,17,0,NA,72,0,NA
2020-05-13,Argentina,45649750,Corrientes,1111052,NA,NA,NA,NA,4,0,NA,78,0,NA
2020-05-15,Argentina,45649750,Corrientes,1111052,NA,NA,NA,NA,0,0,NA,78,0,NA
2020-05-17,Argentina,45649750,Corrientes,1111052,NA,NA,NA,NA,0,0,NA,78,0,NA
2020-05-19,Argentina,45649750,Corrientes,1111052,NA,NA,NA,NA,0,0,NA,78,0,NA
2020-05-21,Argentina,45649750,Corrientes,1111052,NA,NA,NA,NA,0,0,NA,78,0,NA
2020-05-23,Argentina,45649750,Corrientes,1111052,NA,NA,NA,NA,0,0,NA,78,0,NA
2020-05-25,Argentina,45649750,Corrientes,1111052,NA,NA,NA,NA,0,0,NA,78,1,NA
2020-05-27,Argentina,45649750,Corrientes,1111052,NA,NA,NA,NA,1,0,NA,81,1,NA
2020-05-29,Argentina,45649750,Corrientes,1111052,NA,NA,NA,NA,6,0,NA,87,1,NA
2020-05-31,Argentina,45649750,Corrientes,1111052,NA,NA,NA,NA,6,0,NA,93,1,NA
2020-06-02,Argentina,45649750,Corrientes,1111052,NA,NA,NA,NA,2,0,NA,95,1,NA
2020-06-04,Argentina,45649750,Corrientes,1111052,NA,NA,NA,NA,0,1,NA,95,2,NA
2020-06-06,Argentina,45649750,Corrientes,1111052,NA,NA,NA,NA,0,0,NA,95,2,NA
2020-06-08,Argentina,45649750,Corrientes,1111052,NA,NA,NA,NA,1,0,NA,96,2,NA
2020-06-10,Argentina,45649750,Corrientes,1111052,NA,NA,NA,NA,1,0,NA,97,2,NA
2020-06-12,Argentina,45649750,Corrientes,1111052,NA,NA,NA,NA,1,0,NA,100,2,NA
2020-06-14,Argentina,45649750,Corrientes,1111052,NA,NA,NA,NA,3,0,NA,104,2,NA
2020-06-16,Argentina,45649750,Corrientes,1111052,NA,NA,NA,NA,1,0,NA,105,2,NA
2020-06-18,Argentina,45649750,Corrientes,1111052,NA,NA,NA,NA,1,0,NA,108,2,NA
2020-06-20,Argentina,45649750,Corrientes,1111052,NA,NA,NA,NA,1,0,NA,112,2,NA
2020-06-22,Argentina,45649750,Corrientes,1111052,NA,NA,NA,NA,2,0,NA,114,2,NA
2020-06-24,Argentina,45649750,Corrientes,1111052,NA,NA,NA,NA,1,0,NA,115,2,NA
2020-06-26,Argentina,45649750,Corrientes,1111052,NA,NA,NA,NA,0,0,NA,115,2,NA
2020-06-28,Argentina,45649750,Corrientes,1111052,NA,NA,NA,NA,0,0,NA,115,2,NA
2020-06-30,Argentina,45649750,Corrientes,1111052,NA,NA,NA,NA,1,0,NA,117,2,NA
2020-07-02,Argentina,45649750,Corrientes,1111052,NA,NA,NA,NA,0,0,NA,117,2,NA
2020-07-04,Argentina,45649750,Corrientes,1111052,NA,NA,NA,NA,1,0,NA,118,2,NA
2020-07-06,Argentina,45649750,Corrientes,1111052,NA,NA,NA,NA,2,0,NA,120,2,NA
2020-07-08,Argentina,45649750,Corrientes,1111052,NA,NA,NA,NA,0,0,NA,123,2,NA
2020-07-10,Argentina,45649750,Corrientes,1111052,NA,NA,NA,NA,1,0,NA,124,2,NA
2020-07-12,Argentina,45649750,Corrientes,1111052,NA,NA,NA,NA,0,0,NA,124,2,NA
2020-07-14,Argentina,45649750,Corrientes,1111052,NA,NA,NA,NA,0,0,NA,125,2,NA
2020-07-16,Argentina,45649750,Corrientes,1111052,NA,NA,NA,NA,0,0,NA,128,2,NA
2020-07-18,Argentina,45649750,Corrientes,1111052,NA,NA,NA,NA,0,1,NA,128,3,NA
2020-07-20,Argentina,45649750,Corrientes,1111052,NA,NA,NA,NA,0,0,NA,128,3,NA
2020-07-22,Argentina,45649750,Corrientes,1111052,NA,NA,NA,NA,1,0,NA,130,3,NA
2020-07-24,Argentina,45649750,Corrientes,1111052,NA,NA,NA,NA,2,0,NA,132,3,NA
2020-07-26,Argentina,45649750,Corrientes,1111052,NA,NA,NA,NA,13,0,NA,149,3,NA
2020-07-28,Argentina,45649750,Corrientes,1111052,NA,NA,NA,NA,13,0,NA,162,3,NA
2020-07-30,Argentina,45649750,Corrientes,1111052,NA,NA,NA,NA,1,0,NA,164,3,NA
2020-08-01,Argentina,45649750,Corrientes,1111052,NA,NA,NA,NA,5,0,NA,190,4,NA
2020-08-03,Argentina,45649750,Corrientes,1111052,NA,NA,NA,NA,1,0,NA,193,4,NA
2020-08-05,Argentina,45649750,Corrientes,1111052,NA,NA,NA,NA,6,0,NA,202,4,NA
2020-08-07,Argentina,45649750,Corrientes,1111052,NA,NA,NA,NA,0,0,NA,205,4,NA
2020-08-09,Argentina,45649750,Corrientes,1111052,NA,NA,NA,NA,7,0,NA,216,4,NA
2020-08-11,Argentina,45649750,Corrientes,1111052,NA,NA,NA,NA,2,0,NA,219,4,NA
2020-08-13,Argentina,45649750,Corrientes,1111052,NA,NA,NA,NA,1,0,NA,221,4,NA
2020-08-15,Argentina,45649750,Corrientes,1111052,NA,NA,NA,NA,2,0,NA,227,4,NA
2020-08-17,Argentina,45649750,Corrientes,1111052,NA,NA,NA,NA,0,0,NA,228,4,NA
2020-01-01,Argentina,45649750,Córdoba,3722332,NA,NA,NA,NA,0,0,NA,0,0,NA
2020-01-03,Argentina,45649750,Córdoba,3722332,NA,NA,NA,NA,0,0,NA,0,0,NA
2020-01-05,Argentina,45649750,Córdoba,3722332,NA,NA,NA,NA,0,0,NA,0,0,NA
2020-01-07,Argentina,45649750,Córdoba,3722332,NA,NA,NA,NA,0,0,NA,0,0,NA
2020-01-09,Argentina,45649750,Córdoba,3722332,NA,NA,NA,NA,0,0,NA,0,0,NA
2020-01-11,Argentina,45649750,Córdoba,3722332,NA,NA,NA,NA,0,0,NA,0,0,NA
2020-01-13,Argentina,45649750,Córdoba,3722332,NA,NA,NA,NA,0,0,NA,0,0,NA
2020-01-15,Argentina,45649750,Córdoba,3722332,NA,NA,NA,NA,0,0,NA,0,0,NA
2020-01-17,Argentina,45649750,Córdoba,3722332,NA,NA,NA,NA,0,0,NA,0,0,NA
2020-01-19,Argentina,45649750,Córdoba,3722332,NA,NA,NA,NA,0,0,NA,0,0,NA
2020-01-21,Argentina,45649750,Córdoba,3722332,NA,NA,NA,NA,0,0,NA,0,0,NA
2020-01-23,Argentina,45649750,Córdoba,3722332,NA,NA,NA,NA,0,0,NA,0,0,NA
2020-01-25,Argentina,45649750,Córdoba,3722332,NA,NA,NA,NA,0,0,NA,0,0,NA
2020-01-27,Argentina,45649750,Córdoba,3722332,NA,NA,NA,NA,0,0,NA,0,0,NA
2020-01-29,Argentina,45649750,Córdoba,3722332,NA,NA,NA,NA,0,0,NA,0,0,NA
2020-01-31,Argentina,45649750,Córdoba,3722332,NA,NA,NA,NA,0,0,NA,0,0,NA
2020-02-02,Argentina,45649750,Córdoba,3722332,NA,NA,NA,NA,0,0,NA,0,0,NA
2020-02-04,Argentina,45649750,Córdoba,3722332,NA,NA,NA,NA,0,0,NA,0,0,NA
2020-02-06,Argentina,45649750,Córdoba,3722332,NA,NA,NA,NA,0,0,NA,0,0,NA
2020-02-08,Argentina,45649750,Córdoba,3722332,NA,NA,NA,NA,0,0,NA,0,0,NA
2020-02-10,Argentina,45649750,Córdoba,3722332,NA,NA,NA,NA,0,0,NA,0,0,NA
2020-02-12,Argentina,45649750,Córdoba,3722332,NA,NA,NA,NA,0,0,NA,0,0,NA
2020-02-14,Argentina,45649750,Córdoba,3722332,NA,NA,NA,NA,0,0,NA,0,0,NA
2020-02-16,Argentina,45649750,Córdoba,3722332,NA,NA,NA,NA,0,0,NA,0,0,NA
2020-02-18,Argentina,45649750,Córdoba,3722332,NA,NA,NA,NA,0,0,NA,0,0,NA
2020-02-20,Argentina,45649750,Córdoba,3722332,NA,NA,NA,NA,0,0,NA,0,0,NA
2020-02-22,Argentina,45649750,Córdoba,3722332,NA,NA,NA,NA,0,0,NA,0,0,NA
2020-02-24,Argentina,45649750,Córdoba,3722332,NA,NA,NA,NA,0,0,NA,0,0,NA
2020-02-26,Argentina,45649750,Córdoba,3722332,NA,NA,NA,NA,0,0,NA,0,0,NA
2020-02-28,Argentina,45649750,Córdoba,3722332,NA,NA,NA,NA,0,0,NA,0,0,NA
2020-03-01,Argentina,45649750,Córdoba,3722332,NA,NA,NA,NA,0,0,NA,0,0,NA
2020-03-03,Argentina,45649750,Córdoba,3722332,NA,NA,NA,NA,0,0,NA,0,0,NA
2020-03-05,Argentina,45649750,Córdoba,3722332,NA,NA,NA,NA,0,0,NA,0,0,NA
2020-03-07,Argentina,45649750,Córdoba,3722332,NA,NA,NA,NA,0,0,NA,1,0,NA
2020-03-09,Argentina,45649750,Córdoba,3722332,NA,NA,NA,NA,0,0,NA,1,0,NA
2020-03-11,Argentina,45649750,Córdoba,3722332,NA,NA,NA,NA,0,0,NA,1,0,NA
2020-03-13,Argentina,45649750,Córdoba,3722332,NA,NA,NA,NA,0,0,NA,3,0,NA
2020-03-15,Argentina,45649750,Córdoba,3722332,NA,NA,NA,NA,0,0,NA,3,0,NA
2020-03-17,Argentina,45649750,Córdoba,3722332,NA,NA,NA,NA,2,0,NA,5,0,NA
2020-03-19,Argentina,45649750,Córdoba,3722332,NA,NA,NA,NA,3,0,NA,8,0,NA
2020-03-21,Argentina,45649750,Córdoba,3722332,NA,NA,NA,NA,0,0,NA,12,0,NA
2020-03-23,Argentina,45649750,Córdoba,3722332,NA,NA,NA,NA,3,0,NA,23,0,NA
2020-03-25,Argentina,45649750,Córdoba,3722332,NA,NA,NA,NA,8,2,NA,37,2,NA
2020-03-27,Argentina,45649750,Córdoba,3722332,NA,NA,NA,NA,1,0,NA,39,2,NA
2020-03-29,Argentina,45649750,Córdoba,3722332,NA,NA,NA,NA,17,1,NA,59,3,NA
2020-03-31,Argentina,45649750,Córdoba,3722332,NA,NA,NA,NA,5,0,NA,73,4,NA
2020-04-02,Argentina,45649750,Córdoba,3722332,NA,NA,NA,NA,20,0,NA,109,4,NA
2020-04-04,Argentina,45649750,Córdoba,3722332,NA,NA,NA,NA,5,0,NA,118,4,NA
2020-04-06,Argentina,45649750,Córdoba,3722332,NA,NA,NA,NA,7,2,NA,133,7,NA
2020-04-08,Argentina,45649750,Córdoba,3722332,NA,NA,NA,NA,6,0,NA,144,7,NA
2020-04-10,Argentina,45649750,Córdoba,3722332,NA,NA,NA,NA,33,0,NA,197,7,NA
2020-04-12,Argentina,45649750,Córdoba,3722332,NA,NA,NA,NA,6,0,NA,209,8,NA
2020-04-14,Argentina,45649750,Córdoba,3722332,NA,NA,NA,NA,14,0,NA,237,10,NA
2020-04-16,Argentina,45649750,Córdoba,3722332,NA,NA,NA,NA,6,3,NA,245,15,NA
2020-04-18,Argentina,45649750,Córdoba,3722332,NA,NA,NA,NA,11,0,NA,258,15,NA
2020-04-20,Argentina,45649750,Córdoba,3722332,NA,NA,NA,NA,1,2,NA,259,18,NA
2020-04-22,Argentina,45649750,Córdoba,3722332,NA,NA,NA,NA,4,1,NA,265,20,NA
2020-04-24,Argentina,45649750,Córdoba,3722332,NA,NA,NA,NA,1,1,NA,268,22,NA
2020-04-26,Argentina,45649750,Córdoba,3722332,NA,NA,NA,NA,2,0,NA,271,23,NA
2020-04-28,Argentina,45649750,Córdoba,3722332,NA,NA,NA,NA,0,2,NA,273,28,NA
2020-04-30,Argentina,45649750,Córdoba,3722332,NA,NA,NA,NA,13,0,NA,289,28,NA
2020-05-02,Argentina,45649750,Córdoba,3722332,NA,NA,NA,NA,0,3,NA,302,33,NA
2020-05-04,Argentina,45649750,Córdoba,3722332,NA,NA,NA,NA,1,3,NA,310,36,NA
2020-05-06,Argentina,45649750,Córdoba,3722332,NA,NA,NA,NA,2,0,NA,318,37,NA
2020-05-08,Argentina,45649750,Córdoba,3722332,NA,NA,NA,NA,3,0,NA,324,37,NA
2020-05-10,Argentina,45649750,Córdoba,3722332,NA,NA,NA,NA,14,0,NA,346,37,NA
2020-05-12,Argentina,45649750,Córdoba,3722332,NA,NA,NA,NA,7,0,NA,356,38,NA
2020-05-14,Argentina,45649750,Córdoba,3722332,NA,NA,NA,NA,3,2,NA,367,40,NA
2020-05-16,Argentina,45649750,Córdoba,3722332,NA,NA,NA,NA,18,0,NA,392,40,NA
2020-05-18,Argentina,45649750,Córdoba,3722332,NA,NA,NA,NA,16,1,NA,424,42,NA
2020-05-20,Argentina,45649750,Córdoba,3722332,NA,NA,NA,NA,12,1,NA,439,44,NA
2020-05-22,Argentina,45649750,Córdoba,3722332,NA,NA,NA,NA,0,1,NA,447,46,NA
2020-05-24,Argentina,45649750,Córdoba,3722332,NA,NA,NA,NA,6,1,NA,453,47,NA
2020-05-26,Argentina,45649750,Córdoba,3722332,NA,NA,NA,NA,0,2,NA,454,49,NA
2020-05-28,Argentina,45649750,Córdoba,3722332,NA,NA,NA,NA,0,0,NA,455,49,NA
2020-05-30,Argentina,45649750,Córdoba,3722332,NA,NA,NA,NA,1,0,NA,456,49,NA
2020-06-01,Argentina,45649750,Córdoba,3722332,NA,NA,NA,NA,0,0,NA,456,50,NA
2020-06-03,Argentina,45649750,Córdoba,3722332,NA,NA,NA,NA,0,1,NA,458,52,NA
2020-06-05,Argentina,45649750,Córdoba,3722332,NA,NA,NA,NA,1,1,NA,463,53,NA
2020-06-07,Argentina,45649750,Córdoba,3722332,NA,NA,NA,NA,0,0,NA,463,53,NA
2020-06-09,Argentina,45649750,Córdoba,3722332,NA,NA,NA,NA,4,0,NA,468,53,NA
2020-06-11,Argentina,45649750,Córdoba,3722332,NA,NA,NA,NA,11,0,NA,481,53,NA
2020-06-13,Argentina,45649750,Córdoba,3722332,NA,NA,NA,NA,8,0,NA,491,56,NA
2020-06-15,Argentina,45649750,Córdoba,3722332,NA,NA,NA,NA,2,0,NA,498,58,NA
2020-06-17,Argentina,45649750,Córdoba,3722332,NA,NA,NA,NA,7,0,NA,508,58,NA
2020-06-19,Argentina,45649750,Córdoba,3722332,NA,NA,NA,NA,18,0,NA,541,58,NA
2020-06-21,Argentina,45649750,Córdoba,3722332,NA,NA,NA,NA,19,0,NA,577,58,NA
2020-06-23,Argentina,45649750,Córdoba,3722332,NA,NA,NA,NA,19,0,NA,599,59,NA
2020-06-25,Argentina,45649750,Córdoba,3722332,NA,NA,NA,NA,8,0,NA,610,59,NA
2020-06-27,Argentina,45649750,Córdoba,3722332,NA,NA,NA,NA,3,1,NA,633,60,NA
2020-06-29,Argentina,45649750,Córdoba,3722332,NA,NA,NA,NA,4,0,NA,641,60,NA
2020-07-01,Argentina,45649750,Córdoba,3722332,NA,NA,NA,NA,9,0,NA,661,60,NA
2020-07-03,Argentina,45649750,Córdoba,3722332,NA,NA,NA,NA,8,1,NA,679,62,NA
2020-07-05,Argentina,45649750,Córdoba,3722332,NA,NA,NA,NA,18,0,NA,711,62,NA
2020-07-07,Argentina,45649750,Córdoba,3722332,NA,NA,NA,NA,36,0,NA,787,62,NA
2020-07-09,Argentina,45649750,Córdoba,3722332,NA,NA,NA,NA,11,0,NA,834,62,NA
2020-07-11,Argentina,45649750,Córdoba,3722332,NA,NA,NA,NA,31,1,NA,900,63,NA
2020-07-13,Argentina,45649750,Córdoba,3722332,NA,NA,NA,NA,29,1,NA,976,64,NA
2020-07-15,Argentina,45649750,Córdoba,3722332,NA,NA,NA,NA,32,0,NA,1040,64,NA
2020-07-17,Argentina,45649750,Córdoba,3722332,NA,NA,NA,NA,82,0,NA,1169,65,NA
2020-07-19,Argentina,45649750,Córdoba,3722332,NA,NA,NA,NA,101,0,NA,1312,66,NA
2020-07-21,Argentina,45649750,Córdoba,3722332,NA,NA,NA,NA,99,1,NA,1482,70,NA
2020-07-23,Argentina,45649750,Córdoba,3722332,NA,NA,NA,NA,79,0,NA,1627,70,NA
2020-07-25,Argentina,45649750,Córdoba,3722332,NA,NA,NA,NA,45,0,NA,1743,71,NA
2020-07-27,Argentina,45649750,Córdoba,3722332,NA,NA,NA,NA,111,0,NA,1971,72,NA
2020-07-29,Argentina,45649750,Córdoba,3722332,NA,NA,NA,NA,104,2,NA,2160,77,NA
2020-07-31,Argentina,45649750,Córdoba,3722332,NA,NA,NA,NA,140,0,NA,2371,78,NA
2020-08-02,Argentina,45649750,Córdoba,3722332,NA,NA,NA,NA,82,1,NA,2545,80,NA
2020-08-04,Argentina,45649750,Córdoba,3722332,NA,NA,NA,NA,200,1,NA,2858,84,NA
2020-08-06,Argentina,45649750,Córdoba,3722332,NA,NA,NA,NA,155,7,NA,3121,94,NA
2020-08-08,Argentina,45649750,Córdoba,3722332,NA,NA,NA,NA,152,2,NA,3459,97,NA
2020-08-10,Argentina,45649750,Córdoba,3722332,NA,NA,NA,NA,173,2,NA,3791,103,NA
2020-08-12,Argentina,45649750,Córdoba,3722332,NA,NA,NA,NA,188,1,NA,4112,107,NA
2020-08-14,Argentina,45649750,Córdoba,3722332,NA,NA,NA,NA,132,0,NA,4427,107,NA
2020-08-16,Argentina,45649750,Córdoba,3722332,NA,NA,NA,NA,58,0,NA,4591,111,NA
2020-08-18,Argentina,45649750,Córdoba,3722332,NA,NA,NA,NA,0,0,NA,4591,111,NA
2020-01-02,Argentina,45649750,Jujuy,762440,NA,NA,NA,NA,0,0,NA,0,0,NA
2020-01-04,Argentina,45649750,Jujuy,762440,NA,NA,NA,NA,0,0,NA,0,0,NA
2020-01-06,Argentina,45649750,Jujuy,762440,NA,NA,NA,NA,0,0,NA,0,0,NA
2020-01-08,Argentina,45649750,Jujuy,762440,NA,NA,NA,NA,0,0,NA,0,0,NA
2020-01-10,Argentina,45649750,Jujuy,762440,NA,NA,NA,NA,0,0,NA,0,0,NA
2020-01-12,Argentina,45649750,Jujuy,762440,NA,NA,NA,NA,0,0,NA,0,0,NA
2020-01-14,Argentina,45649750,Jujuy,762440,NA,NA,NA,NA,0,0,NA,0,0,NA
2020-01-16,Argentina,45649750,Jujuy,762440,NA,NA,NA,NA,0,0,NA,0,0,NA
2020-01-18,Argentina,45649750,Jujuy,762440,NA,NA,NA,NA,0,0,NA,0,0,NA
2020-01-20,Argentina,45649750,Jujuy,762440,NA,NA,NA,NA,0,0,NA,0,0,NA
2020-01-22,Argentina,45649750,Jujuy,762440,NA,NA,NA,NA,0,0,NA,0,0,NA
2020-01-24,Argentina,45649750,Jujuy,762440,NA,NA,NA,NA,0,0,NA,0,0,NA
2020-01-26,Argentina,45649750,Jujuy,762440,NA,NA,NA,NA,0,0,NA,0,0,NA
2020-01-28,Argentina,45649750,Jujuy,762440,NA,NA,NA,NA,0,0,NA,0,0,NA
2020-01-30,Argentina,45649750,Jujuy,762440,NA,NA,NA,NA,0,0,NA,0,0,NA
2020-02-01,Argentina,45649750,Jujuy,762440,NA,NA,NA,NA,0,0,NA,0,0,NA
2020-02-03,Argentina,45649750,Jujuy,762440,NA,NA,NA,NA,0,0,NA,0,0,NA
2020-02-05,Argentina,45649750,Jujuy,762440,NA,NA,NA,NA,0,0,NA,0,0,NA
2020-02-07,Argentina,45649750,Jujuy,762440,NA,NA,NA,NA,0,0,NA,0,0,NA
2020-02-09,Argentina,45649750,Jujuy,762440,NA,NA,NA,NA,0,0,NA,0,0,NA
2020-02-11,Argentina,45649750,Jujuy,762440,NA,NA,NA,NA,0,0,NA,0,0,NA
2020-02-13,Argentina,45649750,Jujuy,762440,NA,NA,NA,NA,0,0,NA,0,0,NA
2020-02-15,Argentina,45649750,Jujuy,762440,NA,NA,NA,NA,0,0,NA,0,0,NA
2020-02-17,Argentina,45649750,Jujuy,762440,NA,NA,NA,NA,0,0,NA,0,0,NA
2020-02-19,Argentina,45649750,Jujuy,762440,NA,NA,NA,NA,0,0,NA,0,0,NA
2020-02-21,Argentina,45649750,Jujuy,762440,NA,NA,NA,NA,0,0,NA,0,0,NA
2020-02-23,Argentina,45649750,Jujuy,762440,NA,NA,NA,NA,0,0,NA,0,0,NA
2020-02-25,Argentina,45649750,Jujuy,762440,NA,NA,NA,NA,0,0,NA,0,0,NA
2020-02-27,Argentina,45649750,Jujuy,762440,NA,NA,NA,NA,0,0,NA,0,0,NA
2020-02-29,Argentina,45649750,Jujuy,762440,NA,NA,NA,NA,0,0,NA,0,0,NA
2020-03-02,Argentina,45649750,Jujuy,762440,NA,NA,NA,NA,0,0,NA,0,0,NA
2020-03-04,Argentina,45649750,Jujuy,762440,NA,NA,NA,NA,0,0,NA,0,0,NA
2020-03-06,Argentina,45649750,Jujuy,762440,NA,NA,NA,NA,0,0,NA,0,0,NA
2020-03-08,Argentina,45649750,Jujuy,762440,NA,NA,NA,NA,0,0,NA,0,0,NA
2020-03-10,Argentina,45649750,Jujuy,762440,NA,NA,NA,NA,0,0,NA,0,0,NA
2020-03-12,Argentina,45649750,Jujuy,762440,NA,NA,NA,NA,0,0,NA,0,0,NA
2020-03-14,Argentina,45649750,Jujuy,762440,NA,NA,NA,NA,0,0,NA,0,0,NA
2020-03-16,Argentina,45649750,Jujuy,762440,NA,NA,NA,NA,0,0,NA,0,0,NA
2020-03-18,Argentina,45649750,Jujuy,762440,NA,NA,NA,NA,0,0,NA,1,0,NA
2020-03-20,Argentina,45649750,Jujuy,762440,NA,NA,NA,NA,0,0,NA,1,0,NA
2020-03-22,Argentina,45649750,Jujuy,762440,NA,NA,NA,NA,0,0,NA,1,0,NA
2020-03-24,Argentina,45649750,Jujuy,762440,NA,NA,NA,NA,0,0,NA,1,0,NA
2020-03-26,Argentina,45649750,Jujuy,762440,NA,NA,NA,NA,2,0,NA,3,0,NA
2020-03-28,Argentina,45649750,Jujuy,762440,NA,NA,NA,NA,0,0,NA,3,0,NA
2020-03-30,Argentina,45649750,Jujuy,762440,NA,NA,NA,NA,0,0,NA,3,0,NA
2020-04-01,Argentina,45649750,Jujuy,762440,NA,NA,NA,NA,0,0,NA,3,0,NA
2020-04-03,Argentina,45649750,Jujuy,762440,NA,NA,NA,NA,0,0,NA,5,0,NA
2020-04-05,Argentina,45649750,Jujuy,762440,NA,NA,NA,NA,0,0,NA,5,0,NA
2020-04-07,Argentina,45649750,Jujuy,762440,NA,NA,NA,NA,0,0,NA,5,0,NA
2020-04-09,Argentina,45649750,Jujuy,762440,NA,NA,NA,NA,0,0,NA,5,0,NA
2020-04-11,Argentina,45649750,Jujuy,762440,NA,NA,NA,NA,0,0,NA,5,0,NA
2020-04-13,Argentina,45649750,Jujuy,762440,NA,NA,NA,NA,0,0,NA,5,0,NA
2020-04-15,Argentina,45649750,Jujuy,762440,NA,NA,NA,NA,0,0,NA,5,0,NA
2020-04-17,Argentina,45649750,Jujuy,762440,NA,NA,NA,NA,0,0,NA,5,0,NA
2020-04-19,Argentina,45649750,Jujuy,762440,NA,NA,NA,NA,0,0,NA,5,0,NA
2020-04-21,Argentina,45649750,Jujuy,762440,NA,NA,NA,NA,0,0,NA,5,0,NA
2020-04-23,Argentina,45649750,Jujuy,762440,NA,NA,NA,NA,0,0,NA,5,0,NA
2020-04-25,Argentina,45649750,Jujuy,762440,NA,NA,NA,NA,0,0,NA,5,0,NA
2020-04-27,Argentina,45649750,Jujuy,762440,NA,NA,NA,NA,0,0,NA,5,0,NA
2020-04-29,Argentina,45649750,Jujuy,762440,NA,NA,NA,NA,0,0,NA,5,0,NA
2020-05-01,Argentina,45649750,Jujuy,762440,NA,NA,NA,NA,0,0,NA,5,0,NA
2020-05-03,Argentina,45649750,Jujuy,762440,NA,NA,NA,NA,0,0,NA,5,0,NA
2020-05-05,Argentina,45649750,Jujuy,762440,NA,NA,NA,NA,0,0,NA,5,0,NA
2020-05-07,Argentina,45649750,Jujuy,762440,NA,NA,NA,NA,0,0,NA,5,0,NA
2020-05-09,Argentina,45649750,Jujuy,762440,NA,NA,NA,NA,0,0,NA,5,0,NA
2020-05-11,Argentina,45649750,Jujuy,762440,NA,NA,NA,NA,0,0,NA,5,0,NA
2020-05-13,Argentina,45649750,Jujuy,762440,NA,NA,NA,NA,0,0,NA,5,0,NA
2020-05-15,Argentina,45649750,Jujuy,762440,NA,NA,NA,NA,0,0,NA,5,0,NA
2020-05-17,Argentina,45649750,Jujuy,762440,NA,NA,NA,NA,0,0,NA,5,0,NA
2020-05-19,Argentina,45649750,Jujuy,762440,NA,NA,NA,NA,0,0,NA,5,0,NA
2020-05-21,Argentina,45649750,Jujuy,762440,NA,NA,NA,NA,0,0,NA,5,0,NA
2020-05-23,Argentina,45649750,Jujuy,762440,NA,NA,NA,NA,0,0,NA,5,0,NA
2020-05-25,Argentina,45649750,Jujuy,762440,NA,NA,NA,NA,0,0,NA,5,0,NA
2020-05-27,Argentina,45649750,Jujuy,762440,NA,NA,NA,NA,1,0,NA,6,0,NA
2020-05-29,Argentina,45649750,Jujuy,762440,NA,NA,NA,NA,0,0,NA,6,0,NA
2020-05-31,Argentina,45649750,Jujuy,762440,NA,NA,NA,NA,0,0,NA,6,0,NA
2020-06-02,Argentina,45649750,Jujuy,762440,NA,NA,NA,NA,0,0,NA,6,0,NA
2020-06-04,Argentina,45649750,Jujuy,762440,NA,NA,NA,NA,0,0,NA,6,0,NA
2020-06-06,Argentina,45649750,Jujuy,762440,NA,NA,NA,NA,0,0,NA,6,0,NA
2020-06-08,Argentina,45649750,Jujuy,762440,NA,NA,NA,NA,0,0,NA,6,0,NA
2020-06-10,Argentina,45649750,Jujuy,762440,NA,NA,NA,NA,0,0,NA,6,0,NA
2020-06-12,Argentina,45649750,Jujuy,762440,NA,NA,NA,NA,0,1,NA,7,1,NA
2020-06-14,Argentina,45649750,Jujuy,762440,NA,NA,NA,NA,0,0,NA,7,1,NA
2020-06-16,Argentina,45649750,Jujuy,762440,NA,NA,NA,NA,4,0,NA,11,1,NA
2020-06-18,Argentina,45649750,Jujuy,762440,NA,NA,NA,NA,4,0,NA,19,1,NA
2020-06-20,Argentina,45649750,Jujuy,762440,NA,NA,NA,NA,13,0,NA,37,1,NA
2020-06-22,Argentina,45649750,Jujuy,762440,NA,NA,NA,NA,6,1,NA,48,2,NA
2020-06-24,Argentina,45649750,Jujuy,762440,NA,NA,NA,NA,5,0,NA,56,2,NA
2020-06-26,Argentina,45649750,Jujuy,762440,NA,NA,NA,NA,10,0,NA,76,2,NA
2020-06-28,Argentina,45649750,Jujuy,762440,NA,NA,NA,NA,4,1,NA,90,3,NA
2020-06-30,Argentina,45649750,Jujuy,762440,NA,NA,NA,NA,18,0,NA,112,3,NA
2020-07-02,Argentina,45649750,Jujuy,762440,NA,NA,NA,NA,33,0,NA,163,5,NA
2020-07-04,Argentina,45649750,Jujuy,762440,NA,NA,NA,NA,37,1,NA,217,7,NA
2020-07-06,Argentina,45649750,Jujuy,762440,NA,NA,NA,NA,47,1,NA,287,10,NA
2020-07-08,Argentina,45649750,Jujuy,762440,NA,NA,NA,NA,34,2,NA,349,13,NA
2020-07-10,Argentina,45649750,Jujuy,762440,NA,NA,NA,NA,39,0,NA,433,14,NA
2020-07-12,Argentina,45649750,Jujuy,762440,NA,NA,NA,NA,14,4,NA,512,20,NA
2020-07-14,Argentina,45649750,Jujuy,762440,NA,NA,NA,NA,33,2,NA,586,24,NA
2020-07-16,Argentina,45649750,Jujuy,762440,NA,NA,NA,NA,61,5,NA,721,31,NA
2020-07-18,Argentina,45649750,Jujuy,762440,NA,NA,NA,NA,76,1,NA,901,35,NA
2020-07-20,Argentina,45649750,Jujuy,762440,NA,NA,NA,NA,100,0,NA,1048,36,NA
2020-07-22,Argentina,45649750,Jujuy,762440,NA,NA,NA,NA,201,2,NA,1436,42,NA
2020-07-24,Argentina,45649750,Jujuy,762440,NA,NA,NA,NA,151,3,NA,1745,46,NA
2020-07-26,Argentina,45649750,Jujuy,762440,NA,NA,NA,NA,98,1,NA,1936,50,NA
2020-07-28,Argentina,45649750,Jujuy,762440,NA,NA,NA,NA,107,2,NA,2238,54,NA
2020-07-30,Argentina,45649750,Jujuy,762440,NA,NA,NA,NA,107,2,NA,2498,59,NA
2020-08-01,Argentina,45649750,Jujuy,762440,NA,NA,NA,NA,124,1,NA,2813,63,NA
2020-08-03,Argentina,45649750,Jujuy,762440,NA,NA,NA,NA,124,1,NA,2996,67,NA
2020-08-05,Argentina,45649750,Jujuy,762440,NA,NA,NA,NA,161,1,NA,3300,74,NA
2020-08-07,Argentina,45649750,Jujuy,762440,NA,NA,NA,NA,218,1,NA,3631,78,NA
2020-08-09,Argentina,45649750,Jujuy,762440,NA,NA,NA,NA,79,2,NA,3825,80,NA
2020-08-11,Argentina,45649750,Jujuy,762440,NA,NA,NA,NA,227,4,NA,4153,89,NA
2020-08-13,Argentina,45649750,Jujuy,762440,NA,NA,NA,NA,157,0,NA,4458,90,NA
2020-08-15,Argentina,45649750,Jujuy,762440,NA,NA,NA,NA,110,0,NA,4759,90,NA
2020-08-17,Argentina,45649750,Jujuy,762440,NA,NA,NA,NA,0,0,NA,4762,90,NA
2020-01-01,Argentina,45649750,Santa Cruz,356647,NA,NA,NA,NA,0,0,NA,0,0,NA
2020-01-03,Argentina,45649750,Santa Cruz,356647,NA,NA,NA,NA,0,0,NA,0,0,NA
2020-01-05,Argentina,45649750,Santa Cruz,356647,NA,NA,NA,NA,0,0,NA,0,0,NA
2020-01-07,Argentina,45649750,Santa Cruz,356647,NA,NA,NA,NA,0,0,NA,0,0,NA
2020-01-09,Argentina,45649750,Santa Cruz,356647,NA,NA,NA,NA,0,0,NA,0,0,NA
2020-01-11,Argentina,45649750,Santa Cruz,356647,NA,NA,NA,NA,0,0,NA,0,0,NA
2020-01-13,Argentina,45649750,Santa Cruz,356647,NA,NA,NA,NA,0,0,NA,0,0,NA
2020-01-15,Argentina,45649750,Santa Cruz,356647,NA,NA,NA,NA,0,0,NA,0,0,NA
2020-01-17,Argentina,45649750,Santa Cruz,356647,NA,NA,NA,NA,0,0,NA,0,0,NA
2020-01-19,Argentina,45649750,Santa Cruz,356647,NA,NA,NA,NA,0,0,NA,0,0,NA
2020-01-21,Argentina,45649750,Santa Cruz,356647,NA,NA,NA,NA,0,0,NA,0,0,NA
2020-01-23,Argentina,45649750,Santa Cruz,356647,NA,NA,NA,NA,0,0,NA,0,0,NA
2020-01-25,Argentina,45649750,Santa Cruz,356647,NA,NA,NA,NA,0,0,NA,0,0,NA
2020-01-27,Argentina,45649750,Santa Cruz,356647,NA,NA,NA,NA,0,0,NA,0,0,NA
2020-01-29,Argentina,45649750,Santa Cruz,356647,NA,NA,NA,NA,0,0,NA,0,0,NA
2020-01-31,Argentina,45649750,Santa Cruz,356647,NA,NA,NA,NA,0,0,NA,0,0,NA
2020-02-02,Argentina,45649750,Santa Cruz,356647,NA,NA,NA,NA,0,0,NA,0,0,NA
2020-02-04,Argentina,45649750,Santa Cruz,356647,NA,NA,NA,NA,0,0,NA,0,0,NA
2020-02-06,Argentina,45649750,Santa Cruz,356647,NA,NA,NA,NA,0,0,NA,0,0,NA
2020-02-08,Argentina,45649750,Santa Cruz,356647,NA,NA,NA,NA,0,0,NA,0,0,NA
2020-02-10,Argentina,45649750,Santa Cruz,356647,NA,NA,NA,NA,0,0,NA,0,0,NA
2020-02-12,Argentina,45649750,Santa Cruz,356647,NA,NA,NA,NA,0,0,NA,0,0,NA
2020-02-14,Argentina,45649750,Santa Cruz,356647,NA,NA,NA,NA,0,0,NA,0,0,NA
2020-02-16,Argentina,45649750,Santa Cruz,356647,NA,NA,NA,NA,0,0,NA,0,0,NA
2020-02-18,Argentina,45649750,Santa Cruz,356647,NA,NA,NA,NA,0,0,NA,0,0,NA
2020-02-20,Argentina,45649750,Santa Cruz,356647,NA,NA,NA,NA,0,0,NA,0,0,NA
2020-02-22,Argentina,45649750,Santa Cruz,356647,NA,NA,NA,NA,0,0,NA,0,0,NA
2020-02-24,Argentina,45649750,Santa Cruz,356647,NA,NA,NA,NA,0,0,NA,0,0,NA
2020-02-26,Argentina,45649750,Santa Cruz,356647,NA,NA,NA,NA,0,0,NA,0,0,NA
2020-02-28,Argentina,45649750,Santa Cruz,356647,NA,NA,NA,NA,0,0,NA,0,0,NA
2020-03-01,Argentina,45649750,Santa Cruz,356647,NA,NA,NA,NA,0,0,NA,0,0,NA
2020-03-03,Argentina,45649750,Santa Cruz,356647,NA,NA,NA,NA,0,0,NA,0,0,NA
2020-03-05,Argentina,45649750,Santa Cruz,356647,NA,NA,NA,NA,0,0,NA,0,0,NA
2020-03-07,Argentina,45649750,Santa Cruz,356647,NA,NA,NA,NA,0,0,NA,0,0,NA
2020-03-09,Argentina,45649750,Santa Cruz,356647,NA,NA,NA,NA,0,0,NA,0,0,NA
2020-03-11,Argentina,45649750,Santa Cruz,356647,NA,NA,NA,NA,0,0,NA,0,0,NA
2020-03-13,Argentina,45649750,Santa Cruz,356647,NA,NA,NA,NA,0,0,NA,0,0,NA
2020-03-15,Argentina,45649750,Santa Cruz,356647,NA,NA,NA,NA,0,0,NA,0,0,NA
2020-03-17,Argentina,45649750,Santa Cruz,356647,NA,NA,NA,NA,1,0,NA,1,0,NA
2020-03-19,Argentina,45649750,Santa Cruz,356647,NA,NA,NA,NA,0,0,NA,1,0,NA
2020-03-21,Argentina,45649750,Santa Cruz,356647,NA,NA,NA,NA,0,0,NA,1,0,NA
2020-03-23,Argentina,45649750,Santa Cruz,356647,NA,NA,NA,NA,0,0,NA,1,0,NA
2020-03-25,Argentina,45649750,Santa Cruz,356647,NA,NA,NA,NA,7,0,NA,9,0,NA
2020-03-27,Argentina,45649750,Santa Cruz,356647,NA,NA,NA,NA,0,0,NA,9,0,NA
2020-03-29,Argentina,45649750,Santa Cruz,356647,NA,NA,NA,NA,0,0,NA,9,0,NA
2020-03-31,Argentina,45649750,Santa Cruz,356647,NA,NA,NA,NA,0,0,NA,9,0,NA
2020-04-02,Argentina,45649750,Santa Cruz,356647,NA,NA,NA,NA,0,0,NA,20,0,NA
2020-04-04,Argentina,45649750,Santa Cruz,356647,NA,NA,NA,NA,1,0,NA,22,0,NA
2020-04-06,Argentina,45649750,Santa Cruz,356647,NA,NA,NA,NA,0,0,NA,22,0,NA
2020-04-08,Argentina,45649750,Santa Cruz,356647,NA,NA,NA,NA,0,0,NA,29,0,NA
2020-04-10,Argentina,45649750,Santa Cruz,356647,NA,NA,NA,NA,6,0,NA,37,0,NA
2020-04-12,Argentina,45649750,Santa Cruz,356647,NA,NA,NA,NA,0,0,NA,38,0,NA
2020-04-14,Argentina,45649750,Santa Cruz,356647,NA,NA,NA,NA,0,0,NA,38,0,NA
2020-04-16,Argentina,45649750,Santa Cruz,356647,NA,NA,NA,NA,0,0,NA,38,0,NA
2020-04-18,Argentina,45649750,Santa Cruz,356647,NA,NA,NA,NA,0,0,NA,38,0,NA
2020-04-20,Argentina,45649750,Santa Cruz,356647,NA,NA,NA,NA,1,0,NA,39,0,NA
2020-04-22,Argentina,45649750,Santa Cruz,356647,NA,NA,NA,NA,0,0,NA,39,0,NA
2020-04-24,Argentina,45649750,Santa Cruz,356647,NA,NA,NA,NA,1,0,NA,40,0,NA
2020-04-26,Argentina,45649750,Santa Cruz,356647,NA,NA,NA,NA,5,0,NA,45,0,NA
2020-04-28,Argentina,45649750,Santa Cruz,356647,NA,NA,NA,NA,0,0,NA,46,1,NA
2020-04-30,Argentina,45649750,Santa Cruz,356647,NA,NA,NA,NA,0,0,NA,47,2,NA
2020-05-02,Argentina,45649750,Santa Cruz,356647,NA,NA,NA,NA,0,0,NA,47,2,NA
2020-05-04,Argentina,45649750,Santa Cruz,356647,NA,NA,NA,NA,0,0,NA,47,2,NA
2020-05-06,Argentina,45649750,Santa Cruz,356647,NA,NA,NA,NA,0,0,NA,47,2,NA
2020-05-08,Argentina,45649750,Santa Cruz,356647,NA,NA,NA,NA,0,0,NA,47,2,NA
2020-05-10,Argentina,45649750,Santa Cruz,356647,NA,NA,NA,NA,0,0,NA,47,2,NA
2020-05-12,Argentina,45649750,Santa Cruz,356647,NA,NA,NA,NA,0,0,NA,47,2,NA
2020-05-14,Argentina,45649750,Santa Cruz,356647,NA,NA,NA,NA,0,0,NA,47,2,NA
2020-05-16,Argentina,45649750,Santa Cruz,356647,NA,NA,NA,NA,0,0,NA,47,2,NA
2020-05-18,Argentina,45649750,Santa Cruz,356647,NA,NA,NA,NA,0,0,NA,47,2,NA
2020-05-20,Argentina,45649750,Santa Cruz,356647,NA,NA,NA,NA,0,1,NA,47,3,NA
2020-05-22,Argentina,45649750,Santa Cruz,356647,NA,NA,NA,NA,0,0,NA,47,3,NA
2020-05-24,Argentina,45649750,Santa Cruz,356647,NA,NA,NA,NA,0,0,NA,47,3,NA
2020-05-26,Argentina,45649750,Santa Cruz,356647,NA,NA,NA,NA,0,0,NA,47,3,NA
2020-05-28,Argentina,45649750,Santa Cruz,356647,NA,NA,NA,NA,0,0,NA,47,3,NA
2020-05-30,Argentina,45649750,Santa Cruz,356647,NA,NA,NA,NA,1,0,NA,48,3,NA
2020-06-01,Argentina,45649750,Santa Cruz,356647,NA,NA,NA,NA,1,1,NA,49,4,NA
2020-06-03,Argentina,45649750,Santa Cruz,356647,NA,NA,NA,NA,0,0,NA,49,4,NA
2020-06-05,Argentina,45649750,Santa Cruz,356647,NA,NA,NA,NA,0,1,NA,49,6,NA
2020-06-07,Argentina,45649750,Santa Cruz,356647,NA,NA,NA,NA,0,0,NA,49,6,NA
2020-06-09,Argentina,45649750,Santa Cruz,356647,NA,NA,NA,NA,0,0,NA,49,6,NA
2020-06-11,Argentina,45649750,Santa Cruz,356647,NA,NA,NA,NA,0,0,NA,49,6,NA
2020-06-13,Argentina,45649750,Santa Cruz,356647,NA,NA,NA,NA,0,0,NA,49,6,NA
2020-06-15,Argentina,45649750,Santa Cruz,356647,NA,NA,NA,NA,0,0,NA,49,6,NA
2020-06-17,Argentina,45649750,Santa Cruz,356647,NA,NA,NA,NA,0,0,NA,49,6,NA
2020-06-19,Argentina,45649750,Santa Cruz,356647,NA,NA,NA,NA,0,0,NA,49,7,NA
2020-06-21,Argentina,45649750,Santa Cruz,356647,NA,NA,NA,NA,0,0,NA,49,7,NA
2020-06-23,Argentina,45649750,Santa Cruz,356647,NA,NA,NA,NA,0,0,NA,49,7,NA
2020-06-25,Argentina,45649750,Santa Cruz,356647,NA,NA,NA,NA,1,0,NA,50,7,NA
2020-06-27,Argentina,45649750,Santa Cruz,356647,NA,NA,NA,NA,0,1,NA,50,8,NA
2020-06-29,Argentina,45649750,Santa Cruz,356647,NA,NA,NA,NA,0,0,NA,50,8,NA
2020-07-01,Argentina,45649750,Santa Cruz,356647,NA,NA,NA,NA,0,0,NA,50,8,NA
2020-07-03,Argentina,45649750,Santa Cruz,356647,NA,NA,NA,NA,0,0,NA,50,8,NA
2020-07-05,Argentina,45649750,Santa Cruz,356647,NA,NA,NA,NA,0,0,NA,55,8,NA
2020-07-07,Argentina,45649750,Santa Cruz,356647,NA,NA,NA,NA,0,0,NA,56,8,NA
2020-07-09,Argentina,45649750,Santa Cruz,356647,NA,NA,NA,NA,5,0,NA,61,8,NA
2020-07-11,Argentina,45649750,Santa Cruz,356647,NA,NA,NA,NA,0,0,NA,61,8,NA
2020-07-13,Argentina,45649750,Santa Cruz,356647,NA,NA,NA,NA,1,0,NA,63,8,NA
2020-07-15,Argentina,45649750,Santa Cruz,356647,NA,NA,NA,NA,12,0,NA,76,8,NA
2020-07-17,Argentina,45649750,Santa Cruz,356647,NA,NA,NA,NA,24,0,NA,121,8,NA
2020-07-19,Argentina,45649750,Santa Cruz,356647,NA,NA,NA,NA,46,0,NA,216,8,NA
2020-07-21,Argentina,45649750,Santa Cruz,356647,NA,NA,NA,NA,8,0,NA,241,8,NA
2020-07-23,Argentina,45649750,Santa Cruz,356647,NA,NA,NA,NA,10,0,NA,292,8,NA
2020-07-25,Argentina,45649750,Santa Cruz,356647,NA,NA,NA,NA,27,0,NA,352,9,NA
2020-07-27,Argentina,45649750,Santa Cruz,356647,NA,NA,NA,NA,15,0,NA,393,10,NA
2020-07-29,Argentina,45649750,Santa Cruz,356647,NA,NA,NA,NA,42,0,NA,444,11,NA
2020-07-31,Argentina,45649750,Santa Cruz,356647,NA,NA,NA,NA,21,1,NA,484,13,NA
2020-08-02,Argentina,45649750,Santa Cruz,356647,NA,NA,NA,NA,22,1,NA,543,14,NA
2020-08-04,Argentina,45649750,Santa Cruz,356647,NA,NA,NA,NA,52,0,NA,612,14,NA
2020-08-06,Argentina,45649750,Santa Cruz,356647,NA,NA,NA,NA,55,0,NA,711,14,NA
2020-08-08,Argentina,45649750,Santa Cruz,356647,NA,NA,NA,NA,40,0,NA,774,14,NA
2020-08-10,Argentina,45649750,Santa Cruz,356647,NA,NA,NA,NA,24,0,NA,822,14,NA
2020-08-12,Argentina,45649750,Santa Cruz,356647,NA,NA,NA,NA,46,0,NA,912,14,NA
2020-08-14,Argentina,45649750,Santa Cruz,356647,NA,NA,NA,NA,28,0,NA,990,14,NA
2020-08-16,Argentina,45649750,Santa Cruz,356647,NA,NA,NA,NA,18,0,NA,1033,14,NA
2020-08-18,Argentina,45649750,Santa Cruz,356647,NA,NA,NA,NA,0,0,NA,1033,14,NA
