date,country,country_population,state_province,state_province_population,new_cases,new_deaths,cumulative_cases,cumulative_deaths
2020-03-24,Argentina,NA,Buenos Aires Province,17370144,31,4,110,16
2020-03-25,Argentina,NA,Buenos Aires Province,17370144,42,1,152,17
2020-03-26,Argentina,NA,Buenos Aires Province,17370144,35,8,187,25
2020-03-27,Argentina,NA,Buenos Aires Province,17370144,25,5,212,30
2020-03-28,Argentina,NA,Buenos Aires Province,17370144,12,10,224,40
2020-03-29,Argentina,NA,Buenos Aires Province,17370144,20,9,244,49
2020-03-30,Argentina,NA,Buenos Aires Province,17370144,22,6,266,55
2020-03-31,Argentina,NA,Buenos Aires Province,17370144,21,8,287,63
2020-04-01,Argentina,NA,Buenos Aires Province,17370144,29,5,316,68
2020-04-02,Argentina,NA,Buenos Aires Province,17370144,31,11,347,79
2020-04-03,Argentina,NA,Buenos Aires Province,17370144,32,9,379,88
2020-04-04,Argentina,NA,Buenos Aires Province,17370144,30,8,409,96
2020-04-05,Argentina,NA,Buenos Aires Province,17370144,13,18,422,114
2020-04-06,Argentina,NA,Buenos Aires Province,17370144,31,16,453,130
2020-04-07,Argentina,NA,Buenos Aires Province,17370144,16,12,469,142
2020-04-08,Argentina,NA,Buenos Aires Province,17370144,23,14,492,156
2020-04-09,Argentina,NA,Buenos Aires Province,17370144,20,12,512,168
2020-04-10,Argentina,NA,Buenos Aires Province,17370144,44,9,556,177
2020-04-11,Argentina,NA,Buenos Aires Province,17370144,18,9,574,186
2020-04-12,Argentina,NA,Buenos Aires Province,17370144,35,12,609,198
2020-04-13,Argentina,NA,Buenos Aires Province,17370144,23,16,632,214
2020-04-14,Argentina,NA,Buenos Aires Province,17370144,63,11,695,225
2020-04-15,Argentina,NA,Buenos Aires Province,17370144,50,18,745,243
2020-04-16,Argentina,NA,Buenos Aires Province,17370144,41,15,786,258
2020-04-17,Argentina,NA,Buenos Aires Province,17370144,35,15,821,273
2020-04-18,Argentina,NA,Buenos Aires Province,17370144,59,18,880,291
2020-04-19,Argentina,NA,Buenos Aires Province,17370144,26,14,906,305
2020-04-20,Argentina,NA,Buenos Aires Province,17370144,48,13,954,318
2020-04-21,Argentina,NA,Buenos Aires Province,17370144,62,16,1016,334
2020-04-22,Argentina,NA,Buenos Aires Province,17370144,59,18,1075,352
2020-04-23,Argentina,NA,Buenos Aires Province,17370144,69,18,1144,370
2020-04-24,Argentina,NA,Buenos Aires Province,17370144,78,14,1222,384
2020-04-25,Argentina,NA,Buenos Aires Province,17370144,79,13,1301,397
2020-04-26,Argentina,NA,Buenos Aires Province,17370144,30,17,1331,414
2020-04-27,Argentina,NA,Buenos Aires Province,17370144,67,31,1398,445
2020-04-28,Argentina,NA,Buenos Aires Province,17370144,62,16,1460,461
2020-04-29,Argentina,NA,Buenos Aires Province,17370144,89,11,1549,472
2020-04-30,Argentina,NA,Buenos Aires Province,17370144,47,16,1596,488
2020-05-01,Argentina,NA,Buenos Aires Province,17370144,48,17,1644,505
2020-05-02,Argentina,NA,Buenos Aires Province,17370144,39,8,1683,513
2020-05-03,Argentina,NA,Buenos Aires Province,17370144,31,17,1714,530
2020-05-04,Argentina,NA,Buenos Aires Province,17370144,46,14,1760,544
2020-05-05,Argentina,NA,Buenos Aires Province,17370144,77,9,1837,553
2020-05-06,Argentina,NA,Buenos Aires Province,17370144,58,12,1895,565
2020-05-07,Argentina,NA,Buenos Aires Province,17370144,58,21,1953,586
2020-05-08,Argentina,NA,Buenos Aires Province,17370144,74,11,2027,597
2020-05-09,Argentina,NA,Buenos Aires Province,17370144,57,18,2084,615
2020-05-10,Argentina,NA,Buenos Aires Province,17370144,39,17,2123,632
2020-05-11,Argentina,NA,Buenos Aires Province,17370144,57,14,2180,646
2020-05-12,Argentina,NA,Buenos Aires Province,17370144,89,17,2269,663
2020-05-13,Argentina,NA,Buenos Aires Province,17370144,95,13,2364,676
2020-05-14,Argentina,NA,Buenos Aires Province,17370144,92,15,2456,691
2020-05-15,Argentina,NA,Buenos Aires Province,17370144,97,16,2553,707
2020-05-16,Argentina,NA,Buenos Aires Province,17370144,118,20,2671,727
2020-05-17,Argentina,NA,Buenos Aires Province,17370144,52,13,2723,740
2020-05-18,Argentina,NA,Buenos Aires Province,17370144,156,17,2879,757
2020-05-19,Argentina,NA,Buenos Aires Province,17370144,154,15,3033,772
2020-05-20,Argentina,NA,Buenos Aires Province,17370144,194,24,3227,796
2020-05-21,Argentina,NA,Buenos Aires Province,17370144,266,17,3493,813
2020-05-22,Argentina,NA,Buenos Aires Province,17370144,296,25,3789,838
2020-05-23,Argentina,NA,Buenos Aires Province,17370144,224,14,4013,852
2020-05-24,Argentina,NA,Buenos Aires Province,17370144,153,12,4166,864
2020-05-25,Argentina,NA,Buenos Aires Province,17370144,245,23,4411,887
2020-05-26,Argentina,NA,Buenos Aires Province,17370144,270,16,4681,903
2020-05-27,Argentina,NA,Buenos Aires Province,17370144,268,17,4949,920
2020-05-28,Argentina,NA,Buenos Aires Province,17370144,260,17,5209,937
2020-05-29,Argentina,NA,Buenos Aires Province,17370144,331,15,5540,952
2020-05-30,Argentina,NA,Buenos Aires Province,17370144,313,22,5853,974
2020-05-31,Argentina,NA,Buenos Aires Province,17370144,201,23,6054,997
2020-06-01,Argentina,NA,Buenos Aires Province,17370144,414,27,6468,1024
2020-06-02,Argentina,NA,Buenos Aires Province,17370144,475,24,6943,1048
2020-06-03,Argentina,NA,Buenos Aires Province,17370144,398,26,7341,1074
2020-06-04,Argentina,NA,Buenos Aires Province,17370144,385,22,7726,1096
2020-06-05,Argentina,NA,Buenos Aires Province,17370144,441,22,8167,1118
2020-06-06,Argentina,NA,Buenos Aires Province,17370144,551,27,8718,1145
2020-06-07,Argentina,NA,Buenos Aires Province,17370144,236,29,8954,1174
2020-06-08,Argentina,NA,Buenos Aires Province,17370144,457,32,9411,1206
2020-06-09,Argentina,NA,Buenos Aires Province,17370144,680,29,10091,1235
2020-06-10,Argentina,NA,Buenos Aires Province,17370144,690,27,10781,1262
2020-06-11,Argentina,NA,Buenos Aires Province,17370144,815,23,11596,1285
2020-06-12,Argentina,NA,Buenos Aires Province,17370144,809,24,12405,1309
2020-06-13,Argentina,NA,Buenos Aires Province,17370144,834,28,13239,1337
2020-06-14,Argentina,NA,Buenos Aires Province,17370144,479,32,13718,1369
2020-06-15,Argentina,NA,Buenos Aires Province,17370144,699,32,14417,1401
2020-06-16,Argentina,NA,Buenos Aires Province,17370144,881,37,15298,1438
2020-06-17,Argentina,NA,Buenos Aires Province,17370144,1072,33,16370,1471
2020-06-18,Argentina,NA,Buenos Aires Province,17370144,1103,34,17473,1505
2020-06-19,Argentina,NA,Buenos Aires Province,17370144,1155,28,18628,1533
2020-06-20,Argentina,NA,Buenos Aires Province,17370144,1424,25,20052,1558
2020-06-21,Argentina,NA,Buenos Aires Province,17370144,628,38,20680,1596
2020-06-22,Argentina,NA,Buenos Aires Province,17370144,1144,38,21824,1634
2020-06-23,Argentina,NA,Buenos Aires Province,17370144,1452,35,23276,1669
2020-06-24,Argentina,NA,Buenos Aires Province,17370144,1415,45,24691,1714
2020-06-25,Argentina,NA,Buenos Aires Province,17370144,1736,36,26427,1750
2020-06-26,Argentina,NA,Buenos Aires Province,17370144,1835,56,28262,1806
2020-06-27,Argentina,NA,Buenos Aires Province,17370144,1486,52,29748,1858
2020-06-28,Argentina,NA,Buenos Aires Province,17370144,962,48,30710,1906
2020-06-29,Argentina,NA,Buenos Aires Province,17370144,1348,39,32058,1945
2020-06-30,Argentina,NA,Buenos Aires Province,17370144,1743,54,33801,1999
2020-07-01,Argentina,NA,Buenos Aires Province,17370144,1776,71,35577,2070
2020-07-02,Argentina,NA,Buenos Aires Province,17370144,1737,53,37314,2123
2020-07-03,Argentina,NA,Buenos Aires Province,17370144,2141,52,39455,2175
2020-07-04,Argentina,NA,Buenos Aires Province,17370144,2204,72,41659,2247
2020-07-05,Argentina,NA,Buenos Aires Province,17370144,1059,77,42718,2324
2020-07-06,Argentina,NA,Buenos Aires Province,17370144,1754,65,44472,2389
2020-07-07,Argentina,NA,Buenos Aires Province,17370144,2125,68,46597,2457
2020-07-08,Argentina,NA,Buenos Aires Province,17370144,2670,86,49267,2543
2020-07-09,Argentina,NA,Buenos Aires Province,17370144,2365,64,51632,2607
2020-07-10,Argentina,NA,Buenos Aires Province,17370144,2337,90,53969,2697
2020-07-11,Argentina,NA,Buenos Aires Province,17370144,2187,83,56156,2780
2020-07-12,Argentina,NA,Buenos Aires Province,17370144,1251,63,57407,2843
2020-07-13,Argentina,NA,Buenos Aires Province,17370144,2184,78,59591,2921
2020-07-14,Argentina,NA,Buenos Aires Province,17370144,2715,86,62306,3007
2020-07-15,Argentina,NA,Buenos Aires Province,17370144,2702,108,65008,3115
2020-07-16,Argentina,NA,Buenos Aires Province,17370144,3014,70,68022,3185
2020-07-17,Argentina,NA,Buenos Aires Province,17370144,3147,89,71169,3274
2020-07-18,Argentina,NA,Buenos Aires Province,17370144,3025,101,74194,3375
2020-07-19,Argentina,NA,Buenos Aires Province,17370144,1857,86,76051,3461
2020-07-20,Argentina,NA,Buenos Aires Province,17370144,3065,95,79116,3556
2020-07-21,Argentina,NA,Buenos Aires Province,17370144,3630,105,82746,3661
2020-07-22,Argentina,NA,Buenos Aires Province,17370144,4045,111,86791,3772
2020-07-23,Argentina,NA,Buenos Aires Province,17370144,4105,93,90896,3865
2020-07-24,Argentina,NA,Buenos Aires Province,17370144,4389,93,95285,3958
2020-07-25,Argentina,NA,Buenos Aires Province,17370144,3397,90,98682,4048
2020-07-26,Argentina,NA,Buenos Aires Province,17370144,2123,104,100805,4152
2020-07-27,Argentina,NA,Buenos Aires Province,17370144,3578,111,104383,4263
2020-07-28,Argentina,NA,Buenos Aires Province,17370144,4071,94,108454,4357
2020-07-29,Argentina,NA,Buenos Aires Province,17370144,4418,101,112872,4458
2020-07-30,Argentina,NA,Buenos Aires Province,17370144,4207,102,117079,4560
2020-07-31,Argentina,NA,Buenos Aires Province,17370144,4905,107,121984,4667
2020-08-01,Argentina,NA,Buenos Aires Province,17370144,3415,81,125399,4748
2020-08-02,Argentina,NA,Buenos Aires Province,17370144,2887,103,128286,4851
2020-08-03,Argentina,NA,Buenos Aires Province,17370144,4081,117,132367,4968
2020-08-04,Argentina,NA,Buenos Aires Province,17370144,4763,95,137130,5063
2020-08-05,Argentina,NA,Buenos Aires Province,17370144,5507,104,142637,5167
2020-08-06,Argentina,NA,Buenos Aires Province,17370144,5260,111,147897,5278
2020-08-07,Argentina,NA,Buenos Aires Province,17370144,5672,108,153569,5386
2020-08-08,Argentina,NA,Buenos Aires Province,17370144,4402,98,157971,5484
2020-08-09,Argentina,NA,Buenos Aires Province,17370144,2700,101,160671,5585
2020-08-10,Argentina,NA,Buenos Aires Province,17370144,4244,114,164915,5699
2020-08-11,Argentina,NA,Buenos Aires Province,17370144,4587,87,169502,5786
2020-08-12,Argentina,NA,Buenos Aires Province,17370144,4707,109,174209,5895
2020-08-13,Argentina,NA,Buenos Aires Province,17370144,4600,97,178809,5992
2020-08-14,Argentina,NA,Buenos Aires Province,17370144,4341,116,183150,6108
2020-08-15,Argentina,NA,Buenos Aires Province,17370144,3998,97,187148,6205
2020-08-16,Argentina,NA,Buenos Aires Province,17370144,1740,86,188888,6291
2020-08-17,Argentina,NA,Buenos Aires Province,17370144,3200,109,192088,6400
2020-08-18,Argentina,NA,Buenos Aires Province,17370144,3937,83,196025,6483
2020-08-19,Argentina,NA,Buenos Aires Province,17370144,4950,81,200975,6564
2020-08-20,Argentina,NA,Buenos Aires Province,17370144,5422,72,206397,6636
2020-08-21,Argentina,NA,Buenos Aires Province,17370144,4800,77,211197,6713
2020-08-22,Argentina,NA,Buenos Aires Province,17370144,4341,72,215538,6785
2020-08-23,Argentina,NA,Buenos Aires Province,17370144,2246,68,217784,6853
2020-08-24,Argentina,NA,Buenos Aires Province,17370144,4606,107,222390,6960
2020-08-25,Argentina,NA,Buenos Aires Province,17370144,5204,60,227594,7020
2020-08-26,Argentina,NA,Buenos Aires Province,17370144,5697,46,233291,7066
2020-08-27,Argentina,NA,Buenos Aires Province,17370144,6069,55,239360,7121
2020-08-28,Argentina,NA,Buenos Aires Province,17370144,5126,45,244486,7166
2020-08-29,Argentina,NA,Buenos Aires Province,17370144,4054,41,248540,7207
2020-08-30,Argentina,NA,Buenos Aires Province,17370144,2316,35,250856,7242
2020-08-31,Argentina,NA,Buenos Aires Province,17370144,1371,13,252227,7255
2020-04-03,Argentina,NA,Chaco,1192616,5,0,105,13
2020-04-04,Argentina,NA,Chaco,1192616,2,0,107,13
2020-04-06,Argentina,NA,Chaco,1192616,10,2,117,15
2020-04-07,Argentina,NA,Chaco,1192616,12,0,129,15
2020-04-08,Argentina,NA,Chaco,1192616,3,1,132,16
2020-04-09,Argentina,NA,Chaco,1192616,6,0,138,16
2020-04-10,Argentina,NA,Chaco,1192616,0,0,138,16
2020-04-11,Argentina,NA,Chaco,1192616,1,1,139,17
2020-04-12,Argentina,NA,Chaco,1192616,1,0,140,17
2020-04-13,Argentina,NA,Chaco,1192616,26,1,166,18
2020-04-14,Argentina,NA,Chaco,1192616,2,2,168,20
2020-04-15,Argentina,NA,Chaco,1192616,14,4,182,24
2020-04-16,Argentina,NA,Chaco,1192616,22,1,204,25
2020-04-17,Argentina,NA,Chaco,1192616,16,0,220,25
2020-04-18,Argentina,NA,Chaco,1192616,9,0,229,25
2020-04-19,Argentina,NA,Chaco,1192616,3,3,232,28
2020-04-20,Argentina,NA,Chaco,1192616,4,1,236,29
2020-04-21,Argentina,NA,Chaco,1192616,7,3,243,32
2020-04-22,Argentina,NA,Chaco,1192616,6,1,249,33
2020-04-23,Argentina,NA,Chaco,1192616,7,1,256,34
2020-04-24,Argentina,NA,Chaco,1192616,14,2,270,36
2020-04-25,Argentina,NA,Chaco,1192616,6,1,276,37
2020-04-26,Argentina,NA,Chaco,1192616,8,0,284,37
2020-04-27,Argentina,NA,Chaco,1192616,3,1,287,38
2020-04-28,Argentina,NA,Chaco,1192616,4,2,291,40
2020-04-29,Argentina,NA,Chaco,1192616,3,1,294,41
2020-04-30,Argentina,NA,Chaco,1192616,14,0,308,41
2020-05-01,Argentina,NA,Chaco,1192616,17,4,325,45
2020-05-02,Argentina,NA,Chaco,1192616,4,4,329,49
2020-05-03,Argentina,NA,Chaco,1192616,4,3,333,52
2020-05-04,Argentina,NA,Chaco,1192616,12,3,345,55
2020-05-05,Argentina,NA,Chaco,1192616,7,1,352,56
2020-05-06,Argentina,NA,Chaco,1192616,24,3,376,59
2020-05-07,Argentina,NA,Chaco,1192616,33,1,409,60
2020-05-08,Argentina,NA,Chaco,1192616,11,2,420,62
2020-05-09,Argentina,NA,Chaco,1192616,33,1,453,63
2020-05-10,Argentina,NA,Chaco,1192616,22,2,475,65
2020-05-11,Argentina,NA,Chaco,1192616,0,4,475,69
2020-05-12,Argentina,NA,Chaco,1192616,18,2,493,71
2020-05-13,Argentina,NA,Chaco,1192616,19,2,512,73
2020-05-14,Argentina,NA,Chaco,1192616,27,1,539,74
2020-05-15,Argentina,NA,Chaco,1192616,16,5,555,79
2020-05-16,Argentina,NA,Chaco,1192616,25,3,580,82
2020-05-17,Argentina,NA,Chaco,1192616,14,2,594,84
2020-05-18,Argentina,NA,Chaco,1192616,25,5,619,89
2020-05-19,Argentina,NA,Chaco,1192616,31,1,650,90
2020-05-20,Argentina,NA,Chaco,1192616,25,2,675,92
2020-05-21,Argentina,NA,Chaco,1192616,25,0,700,92
2020-05-22,Argentina,NA,Chaco,1192616,26,4,726,96
2020-05-23,Argentina,NA,Chaco,1192616,23,1,749,97
2020-05-24,Argentina,NA,Chaco,1192616,5,1,754,98
2020-05-25,Argentina,NA,Chaco,1192616,18,2,772,100
2020-05-26,Argentina,NA,Chaco,1192616,14,2,786,102
2020-05-27,Argentina,NA,Chaco,1192616,33,2,819,104
2020-05-28,Argentina,NA,Chaco,1192616,24,6,843,110
2020-05-29,Argentina,NA,Chaco,1192616,28,2,871,112
2020-05-30,Argentina,NA,Chaco,1192616,17,2,888,114
2020-05-31,Argentina,NA,Chaco,1192616,2,3,890,117
2020-06-01,Argentina,NA,Chaco,1192616,32,4,922,121
2020-06-02,Argentina,NA,Chaco,1192616,8,1,930,122
2020-06-03,Argentina,NA,Chaco,1192616,49,3,979,125
2020-06-04,Argentina,NA,Chaco,1192616,40,2,1019,127
2020-06-05,Argentina,NA,Chaco,1192616,19,3,1038,130
2020-06-06,Argentina,NA,Chaco,1192616,19,1,1057,131
2020-06-07,Argentina,NA,Chaco,1192616,37,1,1094,132
2020-06-08,Argentina,NA,Chaco,1192616,37,3,1131,135
2020-06-09,Argentina,NA,Chaco,1192616,36,0,1167,135
2020-06-10,Argentina,NA,Chaco,1192616,67,5,1234,140
2020-06-11,Argentina,NA,Chaco,1192616,17,1,1251,141
2020-06-12,Argentina,NA,Chaco,1192616,52,4,1303,145
2020-06-13,Argentina,NA,Chaco,1192616,50,0,1353,145
2020-06-14,Argentina,NA,Chaco,1192616,34,6,1387,151
2020-06-15,Argentina,NA,Chaco,1192616,23,0,1410,151
2020-06-16,Argentina,NA,Chaco,1192616,25,0,1435,151
2020-06-17,Argentina,NA,Chaco,1192616,59,3,1494,154
2020-06-18,Argentina,NA,Chaco,1192616,45,2,1539,156
2020-06-19,Argentina,NA,Chaco,1192616,38,8,1577,164
2020-06-20,Argentina,NA,Chaco,1192616,55,1,1632,165
2020-06-21,Argentina,NA,Chaco,1192616,26,1,1658,166
2020-06-22,Argentina,NA,Chaco,1192616,45,4,1703,170
2020-06-23,Argentina,NA,Chaco,1192616,54,3,1757,173
2020-06-24,Argentina,NA,Chaco,1192616,40,1,1797,174
2020-06-25,Argentina,NA,Chaco,1192616,41,3,1838,177
2020-06-26,Argentina,NA,Chaco,1192616,89,3,1927,180
2020-06-27,Argentina,NA,Chaco,1192616,70,2,1997,182
2020-06-28,Argentina,NA,Chaco,1192616,29,3,2026,185
2020-06-29,Argentina,NA,Chaco,1192616,43,3,2069,188
2020-06-30,Argentina,NA,Chaco,1192616,48,2,2117,190
2020-07-01,Argentina,NA,Chaco,1192616,81,5,2198,195
2020-07-02,Argentina,NA,Chaco,1192616,42,2,2240,197
2020-07-03,Argentina,NA,Chaco,1192616,58,6,2298,203
2020-07-04,Argentina,NA,Chaco,1192616,46,3,2344,206
2020-07-05,Argentina,NA,Chaco,1192616,26,1,2370,207
2020-07-06,Argentina,NA,Chaco,1192616,25,1,2395,208
2020-07-07,Argentina,NA,Chaco,1192616,58,0,2453,208
2020-07-08,Argentina,NA,Chaco,1192616,32,5,2485,213
2020-07-09,Argentina,NA,Chaco,1192616,49,2,2534,215
2020-07-10,Argentina,NA,Chaco,1192616,57,4,2591,219
2020-07-11,Argentina,NA,Chaco,1192616,25,5,2616,224
2020-07-12,Argentina,NA,Chaco,1192616,22,3,2638,227
2020-07-13,Argentina,NA,Chaco,1192616,77,6,2715,233
2020-07-14,Argentina,NA,Chaco,1192616,67,3,2782,236
2020-07-15,Argentina,NA,Chaco,1192616,37,2,2819,238
2020-07-16,Argentina,NA,Chaco,1192616,59,2,2878,240
2020-07-17,Argentina,NA,Chaco,1192616,50,2,2928,242
2020-07-18,Argentina,NA,Chaco,1192616,50,3,2978,245
2020-07-19,Argentina,NA,Chaco,1192616,29,2,3007,247
2020-07-20,Argentina,NA,Chaco,1192616,42,2,3049,249
2020-07-21,Argentina,NA,Chaco,1192616,74,2,3123,251
2020-07-22,Argentina,NA,Chaco,1192616,49,2,3172,253
2020-07-23,Argentina,NA,Chaco,1192616,58,5,3230,258
2020-07-24,Argentina,NA,Chaco,1192616,39,1,3269,259
2020-07-25,Argentina,NA,Chaco,1192616,71,2,3340,261
2020-07-26,Argentina,NA,Chaco,1192616,27,3,3367,264
2020-07-27,Argentina,NA,Chaco,1192616,22,2,3389,266
2020-07-28,Argentina,NA,Chaco,1192616,82,4,3471,270
2020-07-29,Argentina,NA,Chaco,1192616,65,2,3536,272
2020-07-30,Argentina,NA,Chaco,1192616,57,3,3593,275
2020-07-31,Argentina,NA,Chaco,1192616,51,2,3644,277
2020-08-01,Argentina,NA,Chaco,1192616,44,2,3688,279
2020-08-02,Argentina,NA,Chaco,1192616,29,5,3717,284
2020-08-03,Argentina,NA,Chaco,1192616,55,5,3772,289
2020-08-04,Argentina,NA,Chaco,1192616,69,2,3841,291
2020-08-05,Argentina,NA,Chaco,1192616,47,2,3888,293
2020-08-06,Argentina,NA,Chaco,1192616,75,5,3963,298
2020-08-07,Argentina,NA,Chaco,1192616,54,1,4017,299
2020-08-08,Argentina,NA,Chaco,1192616,72,1,4089,300
2020-08-09,Argentina,NA,Chaco,1192616,14,2,4103,302
2020-08-10,Argentina,NA,Chaco,1192616,64,3,4167,305
2020-08-11,Argentina,NA,Chaco,1192616,70,1,4237,306
2020-08-12,Argentina,NA,Chaco,1192616,58,5,4295,311
2020-08-13,Argentina,NA,Chaco,1192616,54,2,4349,313
2020-08-14,Argentina,NA,Chaco,1192616,38,6,4387,319
2020-08-15,Argentina,NA,Chaco,1192616,74,1,4461,320
2020-08-16,Argentina,NA,Chaco,1192616,69,3,4530,323
2020-08-17,Argentina,NA,Chaco,1192616,54,2,4584,325
2020-08-18,Argentina,NA,Chaco,1192616,51,2,4635,327
2020-08-19,Argentina,NA,Chaco,1192616,79,2,4714,329
2020-08-20,Argentina,NA,Chaco,1192616,60,2,4774,331
2020-08-21,Argentina,NA,Chaco,1192616,53,1,4827,332
2020-08-22,Argentina,NA,Chaco,1192616,52,5,4879,337
2020-08-23,Argentina,NA,Chaco,1192616,40,3,4919,340
2020-08-24,Argentina,NA,Chaco,1192616,49,5,4968,345
2020-08-25,Argentina,NA,Chaco,1192616,82,6,5050,351
2020-08-26,Argentina,NA,Chaco,1192616,53,2,5103,353
2020-08-27,Argentina,NA,Chaco,1192616,76,3,5179,356
2020-08-28,Argentina,NA,Chaco,1192616,92,3,5271,359
2020-08-29,Argentina,NA,Chaco,1192616,71,1,5342,360
2020-08-30,Argentina,NA,Chaco,1192616,61,3,5403,363
2020-08-31,Argentina,NA,Chaco,1192616,14,2,5417,365
2020-06-23,Argentina,NA,Chubut,618994,3,0,102,13
2020-06-24,Argentina,NA,Chubut,618994,1,0,103,13
2020-06-25,Argentina,NA,Chubut,618994,9,2,112,15
2020-06-26,Argentina,NA,Chubut,618994,1,0,113,15
2020-06-27,Argentina,NA,Chubut,618994,5,0,118,15
2020-06-28,Argentina,NA,Chubut,618994,1,0,119,15
2020-06-29,Argentina,NA,Chubut,618994,7,0,126,15
2020-06-30,Argentina,NA,Chubut,618994,4,0,130,15
2020-07-01,Argentina,NA,Chubut,618994,5,0,135,15
2020-07-02,Argentina,NA,Chubut,618994,7,0,142,15
2020-07-03,Argentina,NA,Chubut,618994,5,0,147,15
2020-07-04,Argentina,NA,Chubut,618994,9,0,156,15
2020-07-05,Argentina,NA,Chubut,618994,3,0,159,15
2020-07-06,Argentina,NA,Chubut,618994,5,0,164,15
2020-07-07,Argentina,NA,Chubut,618994,10,0,174,15
2020-07-08,Argentina,NA,Chubut,618994,18,0,192,15
2020-07-09,Argentina,NA,Chubut,618994,4,1,196,16
2020-07-10,Argentina,NA,Chubut,618994,7,0,203,16
2020-07-11,Argentina,NA,Chubut,618994,1,0,204,16
2020-07-12,Argentina,NA,Chubut,618994,7,0,211,16
2020-07-13,Argentina,NA,Chubut,618994,1,0,212,16
2020-07-14,Argentina,NA,Chubut,618994,5,0,217,16
2020-07-15,Argentina,NA,Chubut,618994,1,0,218,16
2020-07-16,Argentina,NA,Chubut,618994,7,0,225,16
2020-07-17,Argentina,NA,Chubut,618994,7,1,232,17
2020-07-18,Argentina,NA,Chubut,618994,3,0,235,17
2020-07-19,Argentina,NA,Chubut,618994,6,0,241,17
2020-07-20,Argentina,NA,Chubut,618994,11,0,252,17
2020-07-21,Argentina,NA,Chubut,618994,1,0,253,17
2020-07-22,Argentina,NA,Chubut,618994,2,0,255,17
2020-07-23,Argentina,NA,Chubut,618994,3,0,258,17
2020-07-24,Argentina,NA,Chubut,618994,3,0,261,17
2020-07-25,Argentina,NA,Chubut,618994,1,0,262,17
2020-07-26,Argentina,NA,Chubut,618994,1,0,263,17
2020-07-27,Argentina,NA,Chubut,618994,4,0,267,17
2020-07-28,Argentina,NA,Chubut,618994,2,0,269,17
2020-07-29,Argentina,NA,Chubut,618994,3,1,272,18
2020-07-30,Argentina,NA,Chubut,618994,2,0,274,18
2020-07-31,Argentina,NA,Chubut,618994,11,0,285,18
2020-08-01,Argentina,NA,Chubut,618994,2,0,287,18
2020-08-02,Argentina,NA,Chubut,618994,4,0,291,18
2020-08-03,Argentina,NA,Chubut,618994,1,0,292,18
2020-08-04,Argentina,NA,Chubut,618994,7,0,299,18
2020-08-05,Argentina,NA,Chubut,618994,5,0,304,18
2020-08-06,Argentina,NA,Chubut,618994,11,0,315,18
2020-08-07,Argentina,NA,Chubut,618994,6,0,321,18
2020-08-08,Argentina,NA,Chubut,618994,20,0,341,18
2020-08-09,Argentina,NA,Chubut,618994,5,0,346,18
2020-08-10,Argentina,NA,Chubut,618994,5,0,351,18
2020-08-11,Argentina,NA,Chubut,618994,7,1,358,19
2020-08-12,Argentina,NA,Chubut,618994,21,0,379,19
2020-08-13,Argentina,NA,Chubut,618994,9,0,388,19
2020-08-14,Argentina,NA,Chubut,618994,2,0,390,19
2020-08-15,Argentina,NA,Chubut,618994,9,0,399,19
2020-08-16,Argentina,NA,Chubut,618994,14,0,413,19
2020-08-17,Argentina,NA,Chubut,618994,9,0,422,19
2020-08-18,Argentina,NA,Chubut,618994,12,1,434,20
2020-08-19,Argentina,NA,Chubut,618994,19,0,453,20
2020-08-20,Argentina,NA,Chubut,618994,11,1,464,21
2020-08-21,Argentina,NA,Chubut,618994,36,0,500,21
2020-08-22,Argentina,NA,Chubut,618994,26,0,526,21
2020-08-23,Argentina,NA,Chubut,618994,17,0,543,21
2020-08-24,Argentina,NA,Chubut,618994,32,0,575,21
2020-08-25,Argentina,NA,Chubut,618994,70,0,645,21
2020-08-26,Argentina,NA,Chubut,618994,43,0,688,21
2020-08-27,Argentina,NA,Chubut,618994,56,0,744,21
2020-08-28,Argentina,NA,Chubut,618994,48,0,792,21
2020-08-29,Argentina,NA,Chubut,618994,29,0,821,21
2020-08-30,Argentina,NA,Chubut,618994,33,0,854,21
2020-08-31,Argentina,NA,Chubut,618994,16,0,870,21
2020-03-22,Argentina,NA,City of Buenos Aires,3063728,12,1,106,11
2020-03-23,Argentina,NA,City of Buenos Aires,3063728,13,0,119,11
2020-03-24,Argentina,NA,City of Buenos Aires,3063728,27,3,146,14
2020-03-25,Argentina,NA,City of Buenos Aires,3063728,31,3,177,17
2020-03-26,Argentina,NA,City of Buenos Aires,3063728,45,1,222,18
2020-03-27,Argentina,NA,City of Buenos Aires,3063728,23,5,245,23
2020-03-28,Argentina,NA,City of Buenos Aires,3063728,23,6,268,29
2020-03-29,Argentina,NA,City of Buenos Aires,3063728,21,4,289,33
2020-03-30,Argentina,NA,City of Buenos Aires,3063728,16,4,305,37
2020-03-31,Argentina,NA,City of Buenos Aires,3063728,26,3,331,40
2020-04-01,Argentina,NA,City of Buenos Aires,3063728,20,5,351,45
2020-04-02,Argentina,NA,City of Buenos Aires,3063728,34,0,385,45
2020-04-03,Argentina,NA,City of Buenos Aires,3063728,33,4,418,49
2020-04-04,Argentina,NA,City of Buenos Aires,3063728,36,9,454,58
2020-04-05,Argentina,NA,City of Buenos Aires,3063728,20,6,474,64
2020-04-06,Argentina,NA,City of Buenos Aires,3063728,37,8,511,72
2020-04-07,Argentina,NA,City of Buenos Aires,3063728,13,3,524,75
2020-04-08,Argentina,NA,City of Buenos Aires,3063728,28,8,552,83
2020-04-09,Argentina,NA,City of Buenos Aires,3063728,24,16,576,99
2020-04-10,Argentina,NA,City of Buenos Aires,3063728,24,6,600,105
2020-04-11,Argentina,NA,City of Buenos Aires,3063728,8,6,608,111
2020-04-12,Argentina,NA,City of Buenos Aires,3063728,8,6,616,117
2020-04-13,Argentina,NA,City of Buenos Aires,3063728,9,4,625,121
2020-04-14,Argentina,NA,City of Buenos Aires,3063728,16,9,641,130
2020-04-15,Argentina,NA,City of Buenos Aires,3063728,32,11,673,141
2020-04-16,Argentina,NA,City of Buenos Aires,3063728,18,9,691,150
2020-04-17,Argentina,NA,City of Buenos Aires,3063728,15,11,706,161
2020-04-18,Argentina,NA,City of Buenos Aires,3063728,25,2,731,163
2020-04-19,Argentina,NA,City of Buenos Aires,3063728,19,7,750,170
2020-04-20,Argentina,NA,City of Buenos Aires,3063728,15,8,765,178
2020-04-21,Argentina,NA,City of Buenos Aires,3063728,53,8,818,186
2020-04-22,Argentina,NA,City of Buenos Aires,3063728,24,9,842,195
2020-04-23,Argentina,NA,City of Buenos Aires,3063728,49,7,891,202
2020-04-24,Argentina,NA,City of Buenos Aires,3063728,75,12,966,214
2020-04-25,Argentina,NA,City of Buenos Aires,3063728,55,9,1021,223
2020-04-26,Argentina,NA,City of Buenos Aires,3063728,33,6,1054,229
2020-04-27,Argentina,NA,City of Buenos Aires,3063728,39,8,1093,237
2020-04-28,Argentina,NA,City of Buenos Aires,3063728,42,11,1135,248
2020-04-29,Argentina,NA,City of Buenos Aires,3063728,27,12,1162,260
2020-04-30,Argentina,NA,City of Buenos Aires,3063728,26,8,1188,268
2020-05-01,Argentina,NA,City of Buenos Aires,3063728,57,14,1245,282
2020-05-02,Argentina,NA,City of Buenos Aires,3063728,47,4,1292,286
2020-05-03,Argentina,NA,City of Buenos Aires,3063728,41,7,1333,293
2020-05-04,Argentina,NA,City of Buenos Aires,3063728,53,7,1386,300
2020-05-05,Argentina,NA,City of Buenos Aires,3063728,77,5,1463,305
2020-05-06,Argentina,NA,City of Buenos Aires,3063728,103,6,1566,311
2020-05-07,Argentina,NA,City of Buenos Aires,3063728,134,9,1700,320
2020-05-08,Argentina,NA,City of Buenos Aires,3063728,104,6,1804,326
2020-05-09,Argentina,NA,City of Buenos Aires,3063728,146,10,1950,336
2020-05-10,Argentina,NA,City of Buenos Aires,3063728,121,13,2071,349
2020-05-11,Argentina,NA,City of Buenos Aires,3063728,169,9,2240,358
2020-05-12,Argentina,NA,City of Buenos Aires,3063728,168,6,2408,364
2020-05-13,Argentina,NA,City of Buenos Aires,3063728,192,11,2600,375
2020-05-14,Argentina,NA,City of Buenos Aires,3063728,169,2,2769,377
2020-05-15,Argentina,NA,City of Buenos Aires,3063728,264,8,3033,385
2020-05-16,Argentina,NA,City of Buenos Aires,3063728,168,10,3201,395
2020-05-17,Argentina,NA,City of Buenos Aires,3063728,150,11,3351,406
2020-05-18,Argentina,NA,City of Buenos Aires,3063728,178,8,3529,414
2020-05-19,Argentina,NA,City of Buenos Aires,3063728,333,5,3862,419
2020-05-20,Argentina,NA,City of Buenos Aires,3063728,370,9,4232,428
2020-05-21,Argentina,NA,City of Buenos Aires,3063728,435,10,4667,438
2020-05-22,Argentina,NA,City of Buenos Aires,3063728,474,7,5141,445
2020-05-23,Argentina,NA,City of Buenos Aires,3063728,356,7,5497,452
2020-05-24,Argentina,NA,City of Buenos Aires,3063728,334,18,5831,470
2020-05-25,Argentina,NA,City of Buenos Aires,3063728,278,10,6109,480
2020-05-26,Argentina,NA,City of Buenos Aires,3063728,347,13,6456,493
2020-05-27,Argentina,NA,City of Buenos Aires,3063728,397,9,6853,502
2020-05-28,Argentina,NA,City of Buenos Aires,3063728,465,14,7318,516
2020-05-29,Argentina,NA,City of Buenos Aires,3063728,447,15,7765,531
2020-05-30,Argentina,NA,City of Buenos Aires,3063728,349,14,8114,545
2020-05-31,Argentina,NA,City of Buenos Aires,3063728,317,8,8431,553
2020-06-01,Argentina,NA,City of Buenos Aires,3063728,370,10,8801,563
2020-06-02,Argentina,NA,City of Buenos Aires,3063728,411,10,9212,573
2020-06-03,Argentina,NA,City of Buenos Aires,3063728,461,14,9673,587
2020-06-04,Argentina,NA,City of Buenos Aires,3063728,420,22,10093,609
2020-06-05,Argentina,NA,City of Buenos Aires,3063728,476,12,10569,621
2020-06-06,Argentina,NA,City of Buenos Aires,3063728,490,16,11059,637
2020-06-07,Argentina,NA,City of Buenos Aires,3063728,292,8,11351,645
2020-06-08,Argentina,NA,City of Buenos Aires,3063728,505,17,11856,662
2020-06-09,Argentina,NA,City of Buenos Aires,3063728,603,12,12459,674
2020-06-10,Argentina,NA,City of Buenos Aires,3063728,539,17,12998,691
2020-06-11,Argentina,NA,City of Buenos Aires,3063728,652,21,13650,712
2020-06-12,Argentina,NA,City of Buenos Aires,3063728,681,13,14331,725
2020-06-13,Argentina,NA,City of Buenos Aires,3063728,549,15,14880,740
2020-06-14,Argentina,NA,City of Buenos Aires,3063728,474,22,15354,762
2020-06-15,Argentina,NA,City of Buenos Aires,3063728,508,15,15862,777
2020-06-16,Argentina,NA,City of Buenos Aires,3063728,687,23,16549,800
2020-06-17,Argentina,NA,City of Buenos Aires,3063728,722,20,17271,820
2020-06-18,Argentina,NA,City of Buenos Aires,3063728,799,17,18070,837
2020-06-19,Argentina,NA,City of Buenos Aires,3063728,798,15,18868,852
2020-06-20,Argentina,NA,City of Buenos Aires,3063728,808,19,19676,871
2020-06-21,Argentina,NA,City of Buenos Aires,3063728,742,17,20418,888
2020-06-22,Argentina,NA,City of Buenos Aires,3063728,951,20,21369,908
2020-06-23,Argentina,NA,City of Buenos Aires,3063728,974,25,22343,933
2020-06-24,Argentina,NA,City of Buenos Aires,3063728,950,16,23293,949
2020-06-25,Argentina,NA,City of Buenos Aires,3063728,1016,19,24309,968
2020-06-26,Argentina,NA,City of Buenos Aires,3063728,975,16,25284,984
2020-06-27,Argentina,NA,City of Buenos Aires,3063728,705,22,25989,1006
2020-06-28,Argentina,NA,City of Buenos Aires,3063728,737,18,26726,1024
2020-06-29,Argentina,NA,City of Buenos Aires,3063728,804,14,27530,1038
2020-06-30,Argentina,NA,City of Buenos Aires,3063728,922,19,28452,1057
2020-07-01,Argentina,NA,City of Buenos Aires,3063728,813,25,29265,1082
2020-07-02,Argentina,NA,City of Buenos Aires,3063728,955,25,30220,1107
2020-07-03,Argentina,NA,City of Buenos Aires,3063728,1053,26,31273,1133
2020-07-04,Argentina,NA,City of Buenos Aires,3063728,912,24,32185,1157
2020-07-05,Argentina,NA,City of Buenos Aires,3063728,768,29,32953,1186
2020-07-06,Argentina,NA,City of Buenos Aires,3063728,956,14,33909,1200
2020-07-07,Argentina,NA,City of Buenos Aires,3063728,1013,30,34922,1230
2020-07-08,Argentina,NA,City of Buenos Aires,3063728,1198,31,36120,1261
2020-07-09,Argentina,NA,City of Buenos Aires,3063728,1006,22,37126,1283
2020-07-10,Argentina,NA,City of Buenos Aires,3063728,964,22,38090,1305
2020-07-11,Argentina,NA,City of Buenos Aires,3063728,866,34,38956,1339
2020-07-12,Argentina,NA,City of Buenos Aires,3063728,642,34,39598,1373
2020-07-13,Argentina,NA,City of Buenos Aires,3063728,970,35,40568,1408
2020-07-14,Argentina,NA,City of Buenos Aires,3063728,1121,40,41689,1448
2020-07-15,Argentina,NA,City of Buenos Aires,3063728,1182,32,42871,1480
2020-07-16,Argentina,NA,City of Buenos Aires,3063728,1107,45,43978,1525
2020-07-17,Argentina,NA,City of Buenos Aires,3063728,1271,27,45249,1552
2020-07-18,Argentina,NA,City of Buenos Aires,3063728,1130,30,46379,1582
2020-07-19,Argentina,NA,City of Buenos Aires,3063728,860,39,47239,1621
2020-07-20,Argentina,NA,City of Buenos Aires,3063728,1279,43,48518,1664
2020-07-21,Argentina,NA,City of Buenos Aires,3063728,1412,35,49930,1699
2020-07-22,Argentina,NA,City of Buenos Aires,3063728,1208,31,51138,1730
2020-07-23,Argentina,NA,City of Buenos Aires,3063728,1244,25,52382,1755
2020-07-24,Argentina,NA,City of Buenos Aires,3063728,1300,39,53682,1794
2020-07-25,Argentina,NA,City of Buenos Aires,3063728,939,26,54621,1820
2020-07-26,Argentina,NA,City of Buenos Aires,3063728,940,32,55561,1852
2020-07-27,Argentina,NA,City of Buenos Aires,3063728,991,40,56552,1892
2020-07-28,Argentina,NA,City of Buenos Aires,3063728,1248,31,57800,1923
2020-07-29,Argentina,NA,City of Buenos Aires,3063728,1152,33,58952,1956
2020-07-30,Argentina,NA,City of Buenos Aires,3063728,1144,35,60096,1991
2020-07-31,Argentina,NA,City of Buenos Aires,3063728,1145,26,61241,2017
2020-08-01,Argentina,NA,City of Buenos Aires,3063728,1046,31,62287,2048
2020-08-02,Argentina,NA,City of Buenos Aires,3063728,1015,48,63302,2096
2020-08-03,Argentina,NA,City of Buenos Aires,3063728,1363,37,64665,2133
2020-08-04,Argentina,NA,City of Buenos Aires,3063728,1452,32,66117,2165
2020-08-05,Argentina,NA,City of Buenos Aires,3063728,1456,36,67573,2201
2020-08-06,Argentina,NA,City of Buenos Aires,3063728,1205,37,68778,2238
2020-08-07,Argentina,NA,City of Buenos Aires,3063728,1208,38,69986,2276
2020-08-08,Argentina,NA,City of Buenos Aires,3063728,1015,31,71001,2307
2020-08-09,Argentina,NA,City of Buenos Aires,3063728,905,38,71906,2345
2020-08-10,Argentina,NA,City of Buenos Aires,3063728,1134,31,73040,2376
2020-08-11,Argentina,NA,City of Buenos Aires,3063728,1099,33,74139,2409
2020-08-12,Argentina,NA,City of Buenos Aires,3063728,1128,39,75267,2448
2020-08-13,Argentina,NA,City of Buenos Aires,3063728,1180,39,76447,2487
2020-08-14,Argentina,NA,City of Buenos Aires,3063728,1159,30,77606,2517
2020-08-15,Argentina,NA,City of Buenos Aires,3063728,993,34,78599,2551
2020-08-16,Argentina,NA,City of Buenos Aires,3063728,733,35,79332,2586
2020-08-17,Argentina,NA,City of Buenos Aires,3063728,880,30,80212,2616
2020-08-18,Argentina,NA,City of Buenos Aires,3063728,1155,38,81367,2654
2020-08-19,Argentina,NA,City of Buenos Aires,3063728,1332,34,82699,2688
2020-08-20,Argentina,NA,City of Buenos Aires,3063728,1177,19,83876,2707
2020-08-21,Argentina,NA,City of Buenos Aires,3063728,1089,21,84965,2728
2020-08-22,Argentina,NA,City of Buenos Aires,3063728,968,25,85933,2753
2020-08-23,Argentina,NA,City of Buenos Aires,3063728,733,27,86666,2780
2020-08-24,Argentina,NA,City of Buenos Aires,3063728,1247,22,87913,2802
2020-08-25,Argentina,NA,City of Buenos Aires,3063728,1322,26,89235,2828
2020-08-26,Argentina,NA,City of Buenos Aires,3063728,1378,30,90613,2858
2020-08-27,Argentina,NA,City of Buenos Aires,3063728,1436,22,92049,2880
2020-08-28,Argentina,NA,City of Buenos Aires,3063728,1133,21,93182,2901
2020-08-29,Argentina,NA,City of Buenos Aires,3063728,800,16,93982,2917
2020-08-30,Argentina,NA,City of Buenos Aires,3063728,622,18,94604,2935
2020-08-31,Argentina,NA,City of Buenos Aires,3063728,233,8,94837,2943
2020-06-12,Argentina,NA,Corrientes,1111052,1,0,101,2
2020-06-13,Argentina,NA,Corrientes,1111052,1,0,102,2
2020-06-14,Argentina,NA,Corrientes,1111052,3,0,105,2
2020-06-16,Argentina,NA,Corrientes,1111052,1,0,106,2
2020-06-17,Argentina,NA,Corrientes,1111052,2,0,108,2
2020-06-18,Argentina,NA,Corrientes,1111052,1,0,109,2
2020-06-19,Argentina,NA,Corrientes,1111052,3,0,112,2
2020-06-20,Argentina,NA,Corrientes,1111052,1,0,113,2
2020-06-22,Argentina,NA,Corrientes,1111052,2,0,115,2
2020-06-23,Argentina,NA,Corrientes,1111052,0,0,115,2
2020-06-24,Argentina,NA,Corrientes,1111052,1,0,116,2
2020-06-26,Argentina,NA,Corrientes,1111052,0,0,116,2
2020-06-29,Argentina,NA,Corrientes,1111052,1,0,117,2
2020-06-30,Argentina,NA,Corrientes,1111052,1,0,118,2
2020-07-01,Argentina,NA,Corrientes,1111052,0,0,118,2
2020-07-04,Argentina,NA,Corrientes,1111052,1,0,119,2
2020-07-06,Argentina,NA,Corrientes,1111052,2,0,121,2
2020-07-07,Argentina,NA,Corrientes,1111052,3,0,124,2
2020-07-09,Argentina,NA,Corrientes,1111052,0,0,124,2
2020-07-10,Argentina,NA,Corrientes,1111052,1,0,125,2
2020-07-12,Argentina,NA,Corrientes,1111052,0,0,125,2
2020-07-13,Argentina,NA,Corrientes,1111052,1,0,126,2
2020-07-15,Argentina,NA,Corrientes,1111052,3,0,129,2
2020-07-18,Argentina,NA,Corrientes,1111052,0,1,129,3
2020-07-19,Argentina,NA,Corrientes,1111052,0,0,129,3
2020-07-20,Argentina,NA,Corrientes,1111052,0,0,129,3
2020-07-21,Argentina,NA,Corrientes,1111052,1,0,130,3
2020-07-22,Argentina,NA,Corrientes,1111052,1,0,131,3
2020-07-23,Argentina,NA,Corrientes,1111052,0,0,131,3
2020-07-24,Argentina,NA,Corrientes,1111052,2,0,133,3
2020-07-25,Argentina,NA,Corrientes,1111052,4,0,137,3
2020-07-26,Argentina,NA,Corrientes,1111052,12,0,149,3
2020-07-27,Argentina,NA,Corrientes,1111052,0,0,149,3
2020-07-28,Argentina,NA,Corrientes,1111052,13,0,162,3
2020-07-29,Argentina,NA,Corrientes,1111052,1,0,163,3
2020-07-30,Argentina,NA,Corrientes,1111052,1,0,164,3
2020-07-31,Argentina,NA,Corrientes,1111052,22,1,186,4
2020-08-01,Argentina,NA,Corrientes,1111052,4,0,190,4
2020-08-02,Argentina,NA,Corrientes,1111052,2,0,192,4
2020-08-03,Argentina,NA,Corrientes,1111052,1,0,193,4
2020-08-04,Argentina,NA,Corrientes,1111052,3,0,196,4
2020-08-05,Argentina,NA,Corrientes,1111052,6,0,202,4
2020-08-06,Argentina,NA,Corrientes,1111052,2,0,204,4
2020-08-07,Argentina,NA,Corrientes,1111052,1,0,205,4
2020-08-08,Argentina,NA,Corrientes,1111052,1,0,206,4
2020-08-09,Argentina,NA,Corrientes,1111052,7,0,213,4
2020-08-10,Argentina,NA,Corrientes,1111052,1,0,214,4
2020-08-11,Argentina,NA,Corrientes,1111052,2,0,216,4
2020-08-12,Argentina,NA,Corrientes,1111052,4,0,220,4
2020-08-13,Argentina,NA,Corrientes,1111052,4,0,224,4
2020-08-14,Argentina,NA,Corrientes,1111052,6,0,230,4
2020-08-15,Argentina,NA,Corrientes,1111052,2,0,232,4
2020-08-16,Argentina,NA,Corrientes,1111052,2,0,234,4
2020-08-17,Argentina,NA,Corrientes,1111052,3,0,237,4
2020-08-18,Argentina,NA,Corrientes,1111052,2,0,239,4
2020-08-19,Argentina,NA,Corrientes,1111052,3,0,242,4
2020-08-20,Argentina,NA,Corrientes,1111052,6,0,248,4
2020-08-21,Argentina,NA,Corrientes,1111052,2,0,250,4
2020-08-22,Argentina,NA,Corrientes,1111052,3,0,253,4
2020-08-23,Argentina,NA,Corrientes,1111052,2,0,255,4
2020-08-24,Argentina,NA,Corrientes,1111052,12,0,267,4
2020-08-25,Argentina,NA,Corrientes,1111052,5,0,272,4
2020-08-26,Argentina,NA,Corrientes,1111052,3,0,275,4
2020-08-27,Argentina,NA,Corrientes,1111052,3,0,278,4
2020-08-28,Argentina,NA,Corrientes,1111052,27,0,305,4
2020-08-29,Argentina,NA,Corrientes,1111052,4,0,309,4
2020-08-30,Argentina,NA,Corrientes,1111052,1,0,310,4
2020-08-31,Argentina,NA,Corrientes,1111052,1,0,311,4
2020-04-02,Argentina,NA,Cordoba,3722332,20,0,109,4
2020-04-03,Argentina,NA,Cordoba,3722332,4,0,113,4
2020-04-04,Argentina,NA,Cordoba,3722332,5,0,118,4
2020-04-05,Argentina,NA,Cordoba,3722332,8,1,126,5
2020-04-06,Argentina,NA,Cordoba,3722332,7,2,133,7
2020-04-07,Argentina,NA,Cordoba,3722332,5,0,138,7
2020-04-08,Argentina,NA,Cordoba,3722332,6,0,144,7
2020-04-09,Argentina,NA,Cordoba,3722332,20,0,164,7
2020-04-10,Argentina,NA,Cordoba,3722332,33,0,197,7
2020-04-11,Argentina,NA,Cordoba,3722332,6,1,203,8
2020-04-12,Argentina,NA,Cordoba,3722332,6,0,209,8
2020-04-13,Argentina,NA,Cordoba,3722332,14,2,223,10
2020-04-14,Argentina,NA,Cordoba,3722332,14,0,237,10
2020-04-15,Argentina,NA,Cordoba,3722332,2,2,239,12
2020-04-16,Argentina,NA,Cordoba,3722332,6,3,245,15
2020-04-17,Argentina,NA,Cordoba,3722332,2,0,247,15
2020-04-18,Argentina,NA,Cordoba,3722332,11,0,258,15
2020-04-19,Argentina,NA,Cordoba,3722332,0,1,258,16
2020-04-20,Argentina,NA,Cordoba,3722332,1,2,259,18
2020-04-21,Argentina,NA,Cordoba,3722332,2,1,261,19
2020-04-22,Argentina,NA,Cordoba,3722332,4,1,265,20
2020-04-23,Argentina,NA,Cordoba,3722332,2,1,267,21
2020-04-24,Argentina,NA,Cordoba,3722332,1,1,268,22
2020-04-25,Argentina,NA,Cordoba,3722332,1,1,269,23
2020-04-26,Argentina,NA,Cordoba,3722332,2,0,271,23
2020-04-27,Argentina,NA,Cordoba,3722332,2,3,273,26
2020-04-28,Argentina,NA,Cordoba,3722332,0,2,273,28
2020-04-29,Argentina,NA,Cordoba,3722332,3,0,276,28
2020-04-30,Argentina,NA,Cordoba,3722332,13,0,289,28
2020-05-01,Argentina,NA,Cordoba,3722332,13,2,302,30
2020-05-02,Argentina,NA,Cordoba,3722332,0,3,302,33
2020-05-03,Argentina,NA,Cordoba,3722332,7,0,309,33
2020-05-04,Argentina,NA,Cordoba,3722332,1,3,310,36
2020-05-05,Argentina,NA,Cordoba,3722332,6,1,316,37
2020-05-06,Argentina,NA,Cordoba,3722332,2,0,318,37
2020-05-07,Argentina,NA,Cordoba,3722332,3,0,321,37
2020-05-08,Argentina,NA,Cordoba,3722332,3,0,324,37
2020-05-09,Argentina,NA,Cordoba,3722332,8,0,332,37
2020-05-10,Argentina,NA,Cordoba,3722332,14,0,346,37
2020-05-11,Argentina,NA,Cordoba,3722332,3,1,349,38
2020-05-12,Argentina,NA,Cordoba,3722332,7,0,356,38
2020-05-13,Argentina,NA,Cordoba,3722332,8,0,364,38
2020-05-14,Argentina,NA,Cordoba,3722332,3,2,367,40
2020-05-15,Argentina,NA,Cordoba,3722332,7,0,374,40
2020-05-16,Argentina,NA,Cordoba,3722332,18,0,392,40
2020-05-17,Argentina,NA,Cordoba,3722332,16,1,408,41
2020-05-18,Argentina,NA,Cordoba,3722332,16,1,424,42
2020-05-19,Argentina,NA,Cordoba,3722332,3,1,427,43
2020-05-20,Argentina,NA,Cordoba,3722332,12,1,439,44
2020-05-21,Argentina,NA,Cordoba,3722332,8,1,447,45
2020-05-22,Argentina,NA,Cordoba,3722332,0,1,447,46
2020-05-23,Argentina,NA,Cordoba,3722332,0,0,447,46
2020-05-24,Argentina,NA,Cordoba,3722332,6,1,453,47
2020-05-25,Argentina,NA,Cordoba,3722332,1,0,454,47
2020-05-26,Argentina,NA,Cordoba,3722332,0,2,454,49
2020-05-27,Argentina,NA,Cordoba,3722332,1,0,455,49
2020-05-28,Argentina,NA,Cordoba,3722332,0,0,455,49
2020-05-29,Argentina,NA,Cordoba,3722332,0,0,455,49
2020-05-30,Argentina,NA,Cordoba,3722332,1,0,456,49
2020-05-31,Argentina,NA,Cordoba,3722332,0,1,456,50
2020-06-01,Argentina,NA,Cordoba,3722332,0,0,456,50
2020-06-02,Argentina,NA,Cordoba,3722332,2,1,458,51
2020-06-03,Argentina,NA,Cordoba,3722332,0,1,458,52
2020-06-04,Argentina,NA,Cordoba,3722332,4,0,462,52
2020-06-05,Argentina,NA,Cordoba,3722332,1,1,463,53
2020-06-06,Argentina,NA,Cordoba,3722332,0,0,463,53
2020-06-07,Argentina,NA,Cordoba,3722332,0,0,463,53
2020-06-08,Argentina,NA,Cordoba,3722332,1,0,464,53
2020-06-09,Argentina,NA,Cordoba,3722332,4,0,468,53
2020-06-10,Argentina,NA,Cordoba,3722332,2,0,470,53
2020-06-11,Argentina,NA,Cordoba,3722332,11,0,481,53
2020-06-12,Argentina,NA,Cordoba,3722332,2,3,483,56
2020-06-13,Argentina,NA,Cordoba,3722332,8,0,491,56
2020-06-14,Argentina,NA,Cordoba,3722332,5,2,496,58
2020-06-15,Argentina,NA,Cordoba,3722332,2,0,498,58
2020-06-16,Argentina,NA,Cordoba,3722332,3,0,501,58
2020-06-17,Argentina,NA,Cordoba,3722332,7,0,508,58
2020-06-18,Argentina,NA,Cordoba,3722332,15,0,523,58
2020-06-19,Argentina,NA,Cordoba,3722332,18,0,541,58
2020-06-20,Argentina,NA,Cordoba,3722332,17,0,558,58
2020-06-21,Argentina,NA,Cordoba,3722332,19,0,577,58
2020-06-22,Argentina,NA,Cordoba,3722332,3,1,580,59
2020-06-23,Argentina,NA,Cordoba,3722332,19,0,599,59
2020-06-24,Argentina,NA,Cordoba,3722332,3,0,602,59
2020-06-25,Argentina,NA,Cordoba,3722332,8,0,610,59
2020-06-26,Argentina,NA,Cordoba,3722332,20,0,630,59
2020-06-27,Argentina,NA,Cordoba,3722332,3,1,633,60
2020-06-28,Argentina,NA,Cordoba,3722332,4,0,637,60
2020-06-29,Argentina,NA,Cordoba,3722332,4,0,641,60
2020-06-30,Argentina,NA,Cordoba,3722332,11,0,652,60
2020-07-01,Argentina,NA,Cordoba,3722332,9,0,661,60
2020-07-02,Argentina,NA,Cordoba,3722332,10,1,671,61
2020-07-03,Argentina,NA,Cordoba,3722332,8,1,679,62
2020-07-04,Argentina,NA,Cordoba,3722332,14,0,693,62
2020-07-05,Argentina,NA,Cordoba,3722332,18,0,711,62
2020-07-06,Argentina,NA,Cordoba,3722332,40,0,751,62
2020-07-07,Argentina,NA,Cordoba,3722332,36,0,787,62
2020-07-08,Argentina,NA,Cordoba,3722332,36,0,823,62
2020-07-09,Argentina,NA,Cordoba,3722332,11,0,834,62
2020-07-10,Argentina,NA,Cordoba,3722332,35,0,869,62
2020-07-11,Argentina,NA,Cordoba,3722332,31,1,900,63
2020-07-12,Argentina,NA,Cordoba,3722332,47,0,947,63
2020-07-13,Argentina,NA,Cordoba,3722332,29,1,976,64
2020-07-14,Argentina,NA,Cordoba,3722332,32,0,1008,64
2020-07-15,Argentina,NA,Cordoba,3722332,32,0,1040,64
2020-07-16,Argentina,NA,Cordoba,3722332,47,1,1087,65
2020-07-17,Argentina,NA,Cordoba,3722332,82,0,1169,65
2020-07-18,Argentina,NA,Cordoba,3722332,42,1,1211,66
2020-07-19,Argentina,NA,Cordoba,3722332,100,0,1311,66
2020-07-20,Argentina,NA,Cordoba,3722332,71,3,1382,69
2020-07-21,Argentina,NA,Cordoba,3722332,100,1,1482,70
2020-07-22,Argentina,NA,Cordoba,3722332,66,0,1548,70
2020-07-23,Argentina,NA,Cordoba,3722332,79,0,1627,70
2020-07-24,Argentina,NA,Cordoba,3722332,71,1,1698,71
2020-07-25,Argentina,NA,Cordoba,3722332,45,0,1743,71
2020-07-26,Argentina,NA,Cordoba,3722332,117,1,1860,72
2020-07-27,Argentina,NA,Cordoba,3722332,110,0,1970,72
2020-07-28,Argentina,NA,Cordoba,3722332,84,3,2054,75
2020-07-29,Argentina,NA,Cordoba,3722332,104,2,2158,77
2020-07-30,Argentina,NA,Cordoba,3722332,71,1,2229,78
2020-07-31,Argentina,NA,Cordoba,3722332,139,0,2368,78
2020-08-01,Argentina,NA,Cordoba,3722332,92,1,2460,79
2020-08-02,Argentina,NA,Cordoba,3722332,85,1,2545,80
2020-08-03,Argentina,NA,Cordoba,3722332,118,3,2663,83
2020-08-04,Argentina,NA,Cordoba,3722332,206,1,2869,84
2020-08-05,Argentina,NA,Cordoba,3722332,114,3,2983,87
2020-08-06,Argentina,NA,Cordoba,3722332,159,7,3142,94
2020-08-07,Argentina,NA,Cordoba,3722332,188,1,3330,95
2020-08-08,Argentina,NA,Cordoba,3722332,152,2,3482,97
2020-08-09,Argentina,NA,Cordoba,3722332,163,4,3645,101
2020-08-10,Argentina,NA,Cordoba,3722332,173,2,3818,103
2020-08-11,Argentina,NA,Cordoba,3722332,133,3,3951,106
2020-08-12,Argentina,NA,Cordoba,3722332,189,1,4140,107
2020-08-13,Argentina,NA,Cordoba,3722332,182,0,4322,107
2020-08-14,Argentina,NA,Cordoba,3722332,132,0,4454,107
2020-08-15,Argentina,NA,Cordoba,3722332,142,5,4596,112
2020-08-16,Argentina,NA,Cordoba,3722332,118,2,4714,114
2020-08-17,Argentina,NA,Cordoba,3722332,265,3,4979,117
2020-08-18,Argentina,NA,Cordoba,3722332,88,4,5067,121
2020-08-19,Argentina,NA,Cordoba,3722332,259,4,5326,125
2020-08-20,Argentina,NA,Cordoba,3722332,143,2,5469,127
2020-08-21,Argentina,NA,Cordoba,3722332,258,3,5727,130
2020-08-22,Argentina,NA,Cordoba,3722332,173,2,5900,132
2020-08-23,Argentina,NA,Cordoba,3722332,303,3,6203,135
2020-08-24,Argentina,NA,Cordoba,3722332,249,3,6452,138
2020-08-25,Argentina,NA,Cordoba,3722332,382,5,6834,143
2020-08-26,Argentina,NA,Cordoba,3722332,272,1,7106,144
2020-08-27,Argentina,NA,Cordoba,3722332,343,2,7449,146
2020-08-28,Argentina,NA,Cordoba,3722332,390,8,7839,154
2020-08-29,Argentina,NA,Cordoba,3722332,306,2,8145,156
2020-08-30,Argentina,NA,Cordoba,3722332,282,0,8427,156
2020-08-31,Argentina,NA,Cordoba,3722332,88,2,8515,158
2020-06-16,Argentina,NA,Entre Rios,1373270,7,1,104,82
2020-06-17,Argentina,NA,Entre Rios,1373270,5,0,109,82
2020-06-18,Argentina,NA,Entre Rios,1373270,4,2,113,84
2020-06-19,Argentina,NA,Entre Rios,1373270,0,0,113,84
2020-06-20,Argentina,NA,Entre Rios,1373270,19,0,132,84
2020-06-21,Argentina,NA,Entre Rios,1373270,8,3,140,87
2020-06-22,Argentina,NA,Entre Rios,1373270,17,0,157,87
2020-06-23,Argentina,NA,Entre Rios,1373270,17,2,174,89
2020-06-24,Argentina,NA,Entre Rios,1373270,24,2,198,91
2020-06-25,Argentina,NA,Entre Rios,1373270,16,0,214,91
2020-06-26,Argentina,NA,Entre Rios,1373270,20,1,234,92
2020-06-27,Argentina,NA,Entre Rios,1373270,10,1,244,93
2020-06-28,Argentina,NA,Entre Rios,1373270,24,0,268,93
2020-06-29,Argentina,NA,Entre Rios,1373270,5,3,273,96
2020-06-30,Argentina,NA,Entre Rios,1373270,5,2,278,98
2020-07-01,Argentina,NA,Entre Rios,1373270,9,2,287,100
2020-07-02,Argentina,NA,Entre Rios,1373270,15,0,302,100
2020-07-03,Argentina,NA,Entre Rios,1373270,10,1,312,101
2020-07-04,Argentina,NA,Entre Rios,1373270,6,1,318,102
2020-07-05,Argentina,NA,Entre Rios,1373270,6,5,324,107
2020-07-06,Argentina,NA,Entre Rios,1373270,5,1,329,108
2020-07-07,Argentina,NA,Entre Rios,1373270,9,3,338,111
2020-07-08,Argentina,NA,Entre Rios,1373270,11,2,349,113
2020-07-09,Argentina,NA,Entre Rios,1373270,20,4,369,117
2020-07-10,Argentina,NA,Entre Rios,1373270,25,0,394,117
2020-07-11,Argentina,NA,Entre Rios,1373270,31,0,425,117
2020-07-12,Argentina,NA,Entre Rios,1373270,60,3,485,120
2020-07-13,Argentina,NA,Entre Rios,1373270,43,3,528,123
2020-07-14,Argentina,NA,Entre Rios,1373270,20,2,548,125
2020-07-15,Argentina,NA,Entre Rios,1373270,9,3,557,128
2020-07-16,Argentina,NA,Entre Rios,1373270,14,0,571,128
2020-07-17,Argentina,NA,Entre Rios,1373270,24,1,595,129
2020-07-18,Argentina,NA,Entre Rios,1373270,15,0,610,129
2020-07-19,Argentina,NA,Entre Rios,1373270,14,1,624,130
2020-07-20,Argentina,NA,Entre Rios,1373270,19,2,643,132
2020-07-21,Argentina,NA,Entre Rios,1373270,11,3,654,135
2020-07-22,Argentina,NA,Entre Rios,1373270,28,1,682,136
2020-07-23,Argentina,NA,Entre Rios,1373270,28,0,710,136
2020-07-24,Argentina,NA,Entre Rios,1373270,10,1,720,137
2020-07-25,Argentina,NA,Entre Rios,1373270,17,2,737,139
2020-07-26,Argentina,NA,Entre Rios,1373270,22,0,759,139
2020-07-27,Argentina,NA,Entre Rios,1373270,4,3,763,142
2020-07-28,Argentina,NA,Entre Rios,1373270,8,3,771,145
2020-07-29,Argentina,NA,Entre Rios,1373270,14,0,785,145
2020-07-30,Argentina,NA,Entre Rios,1373270,22,0,807,145
2020-07-31,Argentina,NA,Entre Rios,1373270,12,0,819,145
2020-08-01,Argentina,NA,Entre Rios,1373270,12,1,831,146
2020-08-02,Argentina,NA,Entre Rios,1373270,22,3,853,149
2020-08-03,Argentina,NA,Entre Rios,1373270,31,1,884,150
2020-08-04,Argentina,NA,Entre Rios,1373270,23,0,907,150
2020-08-05,Argentina,NA,Entre Rios,1373270,42,4,949,154
2020-08-06,Argentina,NA,Entre Rios,1373270,67,0,1016,154
2020-08-07,Argentina,NA,Entre Rios,1373270,48,0,1064,154
2020-08-08,Argentina,NA,Entre Rios,1373270,32,0,1096,154
2020-08-09,Argentina,NA,Entre Rios,1373270,72,0,1168,154
2020-08-10,Argentina,NA,Entre Rios,1373270,48,2,1216,156
2020-08-11,Argentina,NA,Entre Rios,1373270,35,1,1251,157
2020-08-12,Argentina,NA,Entre Rios,1373270,67,2,1318,159
2020-08-13,Argentina,NA,Entre Rios,1373270,61,2,1379,161
2020-08-14,Argentina,NA,Entre Rios,1373270,110,3,1489,164
2020-08-15,Argentina,NA,Entre Rios,1373270,89,2,1578,166
2020-08-16,Argentina,NA,Entre Rios,1373270,75,3,1653,169
2020-08-17,Argentina,NA,Entre Rios,1373270,60,1,1713,170
2020-08-18,Argentina,NA,Entre Rios,1373270,56,2,1769,172
2020-08-19,Argentina,NA,Entre Rios,1373270,42,0,1811,172
2020-08-20,Argentina,NA,Entre Rios,1373270,59,3,1870,175
2020-08-21,Argentina,NA,Entre Rios,1373270,125,0,1995,175
2020-08-22,Argentina,NA,Entre Rios,1373270,146,2,2141,177
2020-08-23,Argentina,NA,Entre Rios,1373270,91,0,2232,177
2020-08-24,Argentina,NA,Entre Rios,1373270,123,3,2355,180
2020-08-25,Argentina,NA,Entre Rios,1373270,104,3,2459,183
2020-08-26,Argentina,NA,Entre Rios,1373270,98,3,2557,186
2020-08-27,Argentina,NA,Entre Rios,1373270,154,3,2711,189
2020-08-28,Argentina,NA,Entre Rios,1373270,178,3,2889,192
2020-08-29,Argentina,NA,Entre Rios,1373270,94,2,2983,194
2020-08-30,Argentina,NA,Entre Rios,1373270,93,2,3076,196
2020-08-31,Argentina,NA,Entre Rios,1373270,121,1,3197,197
2020-06-30,Argentina,NA,Jujuy,762440,18,0,112,3
2020-07-01,Argentina,NA,Jujuy,762440,18,2,130,5
2020-07-02,Argentina,NA,Jujuy,762440,33,0,163,5
2020-07-03,Argentina,NA,Jujuy,762440,17,1,180,6
2020-07-04,Argentina,NA,Jujuy,762440,36,1,216,7
2020-07-05,Argentina,NA,Jujuy,762440,23,2,239,9
2020-07-06,Argentina,NA,Jujuy,762440,48,1,287,10
2020-07-07,Argentina,NA,Jujuy,762440,28,1,315,11
2020-07-08,Argentina,NA,Jujuy,762440,34,2,349,13
2020-07-09,Argentina,NA,Jujuy,762440,45,1,394,14
2020-07-10,Argentina,NA,Jujuy,762440,39,0,433,14
2020-07-11,Argentina,NA,Jujuy,762440,65,2,498,16
2020-07-12,Argentina,NA,Jujuy,762440,14,4,512,20
2020-07-13,Argentina,NA,Jujuy,762440,41,2,553,22
2020-07-14,Argentina,NA,Jujuy,762440,34,2,587,24
2020-07-15,Argentina,NA,Jujuy,762440,75,4,662,28
2020-07-16,Argentina,NA,Jujuy,762440,67,5,729,33
2020-07-17,Argentina,NA,Jujuy,762440,104,3,833,36
2020-07-18,Argentina,NA,Jujuy,762440,76,1,909,37
2020-07-19,Argentina,NA,Jujuy,762440,47,1,956,38
2020-07-20,Argentina,NA,Jujuy,762440,102,1,1058,39
2020-07-21,Argentina,NA,Jujuy,762440,189,7,1247,46
2020-07-22,Argentina,NA,Jujuy,762440,202,2,1449,48
2020-07-23,Argentina,NA,Jujuy,762440,160,1,1609,49
2020-07-24,Argentina,NA,Jujuy,762440,149,3,1758,52
2020-07-25,Argentina,NA,Jujuy,762440,93,3,1851,55
2020-07-26,Argentina,NA,Jujuy,762440,98,1,1949,56
2020-07-27,Argentina,NA,Jujuy,762440,195,3,2144,59
2020-07-28,Argentina,NA,Jujuy,762440,110,3,2254,62
2020-07-29,Argentina,NA,Jujuy,762440,154,8,2408,70
2020-07-30,Argentina,NA,Jujuy,762440,109,6,2517,76
2020-07-31,Argentina,NA,Jujuy,762440,192,4,2709,80
2020-08-01,Argentina,NA,Jujuy,762440,128,6,2837,86
2020-08-02,Argentina,NA,Jujuy,762440,61,5,2898,91
2020-08-03,Argentina,NA,Jujuy,762440,124,6,3022,97
2020-08-04,Argentina,NA,Jujuy,762440,146,10,3168,107
2020-08-05,Argentina,NA,Jujuy,762440,164,4,3332,111
2020-08-06,Argentina,NA,Jujuy,762440,115,4,3447,115
2020-08-07,Argentina,NA,Jujuy,762440,219,4,3666,119
2020-08-08,Argentina,NA,Jujuy,762440,120,6,3786,125
2020-08-09,Argentina,NA,Jujuy,762440,84,7,3870,132
2020-08-10,Argentina,NA,Jujuy,762440,111,5,3981,137
2020-08-11,Argentina,NA,Jujuy,762440,236,5,4217,142
2020-08-12,Argentina,NA,Jujuy,762440,155,3,4372,145
2020-08-13,Argentina,NA,Jujuy,762440,172,12,4544,157
2020-08-14,Argentina,NA,Jujuy,762440,198,7,4742,164
2020-08-15,Argentina,NA,Jujuy,762440,290,4,5032,168
2020-08-16,Argentina,NA,Jujuy,762440,139,8,5171,176
2020-08-17,Argentina,NA,Jujuy,762440,149,9,5320,185
2020-08-18,Argentina,NA,Jujuy,762440,218,11,5538,196
2020-08-19,Argentina,NA,Jujuy,762440,255,6,5793,202
2020-08-20,Argentina,NA,Jujuy,762440,167,4,5960,206
2020-08-21,Argentina,NA,Jujuy,762440,234,4,6194,210
2020-08-22,Argentina,NA,Jujuy,762440,250,4,6444,214
2020-08-23,Argentina,NA,Jujuy,762440,235,3,6679,217
2020-08-24,Argentina,NA,Jujuy,762440,224,9,6903,226
2020-08-25,Argentina,NA,Jujuy,762440,303,5,7206,231
2020-08-26,Argentina,NA,Jujuy,762440,284,0,7490,231
2020-08-27,Argentina,NA,Jujuy,762440,333,0,7823,231
2020-08-28,Argentina,NA,Jujuy,762440,245,0,8068,231
2020-08-29,Argentina,NA,Jujuy,762440,275,0,8343,231
2020-08-30,Argentina,NA,Jujuy,762440,29,0,8372,231
2020-08-31,Argentina,NA,Jujuy,762440,44,0,8416,231
2020-07-30,Argentina,NA,La Pampa,355422,26,0,103,13
2020-07-31,Argentina,NA,La Pampa,355422,28,0,131,13
2020-08-01,Argentina,NA,La Pampa,355422,35,0,166,13
2020-08-02,Argentina,NA,La Pampa,355422,1,0,167,13
2020-08-03,Argentina,NA,La Pampa,355422,0,0,167,13
2020-08-04,Argentina,NA,La Pampa,355422,1,0,168,13
2020-08-05,Argentina,NA,La Pampa,355422,0,0,168,13
2020-08-06,Argentina,NA,La Pampa,355422,3,0,171,13
2020-08-07,Argentina,NA,La Pampa,355422,4,0,175,13
2020-08-08,Argentina,NA,La Pampa,355422,1,0,176,13
2020-08-09,Argentina,NA,La Pampa,355422,0,0,176,13
2020-08-10,Argentina,NA,La Pampa,355422,1,0,177,13
2020-08-11,Argentina,NA,La Pampa,355422,1,0,178,13
2020-08-12,Argentina,NA,La Pampa,355422,0,0,178,13
2020-08-13,Argentina,NA,La Pampa,355422,2,0,180,13
2020-08-14,Argentina,NA,La Pampa,355422,0,0,180,13
2020-08-15,Argentina,NA,La Pampa,355422,1,0,181,13
2020-08-16,Argentina,NA,La Pampa,355422,1,1,182,14
2020-08-17,Argentina,NA,La Pampa,355422,1,1,183,15
2020-08-18,Argentina,NA,La Pampa,355422,1,0,184,15
2020-08-19,Argentina,NA,La Pampa,355422,0,0,184,15
2020-08-20,Argentina,NA,La Pampa,355422,1,0,185,15
2020-08-21,Argentina,NA,La Pampa,355422,2,0,187,15
2020-08-22,Argentina,NA,La Pampa,355422,0,0,187,15
2020-08-23,Argentina,NA,La Pampa,355422,0,0,187,15
2020-08-24,Argentina,NA,La Pampa,355422,1,0,188,15
2020-08-25,Argentina,NA,La Pampa,355422,1,1,189,16
2020-08-26,Argentina,NA,La Pampa,355422,1,0,190,16
2020-08-27,Argentina,NA,La Pampa,355422,1,0,191,16
2020-08-28,Argentina,NA,La Pampa,355422,4,0,195,16
2020-08-29,Argentina,NA,La Pampa,355422,2,0,197,16
2020-08-30,Argentina,NA,La Pampa,355422,0,0,197,16
2020-08-31,Argentina,NA,La Pampa,355422,4,0,201,16
2020-07-04,Argentina,NA,La Rioja,388386,5,0,101,23
2020-07-05,Argentina,NA,La Rioja,388386,4,0,105,23
2020-07-06,Argentina,NA,La Rioja,388386,14,1,119,24
2020-07-07,Argentina,NA,La Rioja,388386,6,0,125,24
2020-07-08,Argentina,NA,La Rioja,388386,1,0,126,24
2020-07-09,Argentina,NA,La Rioja,388386,6,1,132,25
2020-07-10,Argentina,NA,La Rioja,388386,5,1,137,26
2020-07-11,Argentina,NA,La Rioja,388386,5,0,142,26
2020-07-12,Argentina,NA,La Rioja,388386,6,0,148,26
2020-07-13,Argentina,NA,La Rioja,388386,8,0,156,26
2020-07-14,Argentina,NA,La Rioja,388386,2,2,158,28
2020-07-15,Argentina,NA,La Rioja,388386,5,0,163,28
2020-07-16,Argentina,NA,La Rioja,388386,5,0,168,28
2020-07-17,Argentina,NA,La Rioja,388386,17,2,185,30
2020-07-18,Argentina,NA,La Rioja,388386,5,1,190,31
2020-07-20,Argentina,NA,La Rioja,388386,1,0,191,31
2020-07-21,Argentina,NA,La Rioja,388386,10,1,201,32
2020-07-22,Argentina,NA,La Rioja,388386,9,1,210,33
2020-07-23,Argentina,NA,La Rioja,388386,10,0,220,33
2020-07-24,Argentina,NA,La Rioja,388386,16,0,236,33
2020-07-25,Argentina,NA,La Rioja,388386,6,0,242,33
2020-07-26,Argentina,NA,La Rioja,388386,10,1,252,34
2020-07-27,Argentina,NA,La Rioja,388386,12,1,264,35
2020-07-28,Argentina,NA,La Rioja,388386,32,1,296,36
2020-07-29,Argentina,NA,La Rioja,388386,11,0,307,36
2020-07-30,Argentina,NA,La Rioja,388386,36,0,343,36
2020-07-31,Argentina,NA,La Rioja,388386,11,2,354,38
2020-08-01,Argentina,NA,La Rioja,388386,6,0,360,38
2020-08-02,Argentina,NA,La Rioja,388386,8,0,368,38
2020-08-03,Argentina,NA,La Rioja,388386,20,2,388,40
2020-08-04,Argentina,NA,La Rioja,388386,26,1,414,41
2020-08-05,Argentina,NA,La Rioja,388386,39,0,453,41
2020-08-06,Argentina,NA,La Rioja,388386,30,1,483,42
2020-08-07,Argentina,NA,La Rioja,388386,36,2,519,44
2020-08-08,Argentina,NA,La Rioja,388386,7,0,526,44
2020-08-09,Argentina,NA,La Rioja,388386,26,0,552,44
2020-08-10,Argentina,NA,La Rioja,388386,25,1,577,45
2020-08-11,Argentina,NA,La Rioja,388386,32,0,609,45
2020-08-12,Argentina,NA,La Rioja,388386,57,2,666,47
2020-08-13,Argentina,NA,La Rioja,388386,48,0,714,47
2020-08-14,Argentina,NA,La Rioja,388386,84,0,798,47
2020-08-15,Argentina,NA,La Rioja,388386,43,2,841,49
2020-08-16,Argentina,NA,La Rioja,388386,27,0,868,49
2020-08-17,Argentina,NA,La Rioja,388386,21,3,889,52
2020-08-18,Argentina,NA,La Rioja,388386,53,3,942,55
2020-08-19,Argentina,NA,La Rioja,388386,45,1,987,56
2020-08-20,Argentina,NA,La Rioja,388386,59,0,1046,56
2020-08-21,Argentina,NA,La Rioja,388386,30,0,1076,56
2020-08-22,Argentina,NA,La Rioja,388386,30,2,1106,58
2020-08-23,Argentina,NA,La Rioja,388386,58,3,1164,61
2020-08-24,Argentina,NA,La Rioja,388386,36,2,1200,63
2020-08-25,Argentina,NA,La Rioja,388386,82,4,1282,67
2020-08-26,Argentina,NA,La Rioja,388386,104,1,1386,68
2020-08-27,Argentina,NA,La Rioja,388386,87,1,1473,69
2020-08-28,Argentina,NA,La Rioja,388386,93,0,1566,69
2020-08-29,Argentina,NA,La Rioja,388386,14,0,1580,69
2020-08-30,Argentina,NA,La Rioja,388386,5,0,1585,69
2020-06-08,Argentina,NA,Mendoza,1969982,1,0,101,55
2020-06-09,Argentina,NA,Mendoza,1969982,1,0,102,55
2020-06-10,Argentina,NA,Mendoza,1969982,1,0,103,55
2020-06-11,Argentina,NA,Mendoza,1969982,1,1,104,56
2020-06-12,Argentina,NA,Mendoza,1969982,1,0,105,56
2020-06-13,Argentina,NA,Mendoza,1969982,1,0,106,56
2020-06-14,Argentina,NA,Mendoza,1969982,6,0,112,56
2020-06-15,Argentina,NA,Mendoza,1969982,3,1,115,57
2020-06-16,Argentina,NA,Mendoza,1969982,1,1,116,58
2020-06-17,Argentina,NA,Mendoza,1969982,1,2,117,60
2020-06-18,Argentina,NA,Mendoza,1969982,3,0,120,60
2020-06-19,Argentina,NA,Mendoza,1969982,4,0,124,60
2020-06-20,Argentina,NA,Mendoza,1969982,7,0,131,60
2020-06-21,Argentina,NA,Mendoza,1969982,1,0,132,60
2020-06-22,Argentina,NA,Mendoza,1969982,4,1,136,61
2020-06-23,Argentina,NA,Mendoza,1969982,8,2,144,63
2020-06-24,Argentina,NA,Mendoza,1969982,5,0,149,63
2020-06-25,Argentina,NA,Mendoza,1969982,2,0,151,63
2020-06-26,Argentina,NA,Mendoza,1969982,6,0,157,63
2020-06-27,Argentina,NA,Mendoza,1969982,4,2,161,65
2020-06-28,Argentina,NA,Mendoza,1969982,3,1,164,66
2020-06-29,Argentina,NA,Mendoza,1969982,0,0,164,66
2020-06-30,Argentina,NA,Mendoza,1969982,6,0,170,66
2020-07-01,Argentina,NA,Mendoza,1969982,6,0,176,66
2020-07-02,Argentina,NA,Mendoza,1969982,4,0,180,66
2020-07-03,Argentina,NA,Mendoza,1969982,4,0,184,66
2020-07-04,Argentina,NA,Mendoza,1969982,7,0,191,66
2020-07-05,Argentina,NA,Mendoza,1969982,6,1,197,67
2020-07-06,Argentina,NA,Mendoza,1969982,22,1,219,68
2020-07-07,Argentina,NA,Mendoza,1969982,21,0,240,68
2020-07-08,Argentina,NA,Mendoza,1969982,14,1,254,69
2020-07-09,Argentina,NA,Mendoza,1969982,9,0,263,69
2020-07-10,Argentina,NA,Mendoza,1969982,17,0,280,69
2020-07-11,Argentina,NA,Mendoza,1969982,10,0,290,69
2020-07-12,Argentina,NA,Mendoza,1969982,16,0,306,69
2020-07-13,Argentina,NA,Mendoza,1969982,15,1,321,70
2020-07-14,Argentina,NA,Mendoza,1969982,40,0,361,70
2020-07-15,Argentina,NA,Mendoza,1969982,23,2,384,72
2020-07-16,Argentina,NA,Mendoza,1969982,18,3,402,75
2020-07-17,Argentina,NA,Mendoza,1969982,44,2,446,77
2020-07-18,Argentina,NA,Mendoza,1969982,42,2,488,79
2020-07-19,Argentina,NA,Mendoza,1969982,30,1,518,80
2020-07-20,Argentina,NA,Mendoza,1969982,38,1,556,81
2020-07-21,Argentina,NA,Mendoza,1969982,63,0,619,81
2020-07-22,Argentina,NA,Mendoza,1969982,42,2,661,83
2020-07-23,Argentina,NA,Mendoza,1969982,53,3,714,86
2020-07-24,Argentina,NA,Mendoza,1969982,75,1,789,87
2020-07-25,Argentina,NA,Mendoza,1969982,31,4,820,91
2020-07-26,Argentina,NA,Mendoza,1969982,47,2,867,93
2020-07-27,Argentina,NA,Mendoza,1969982,78,2,945,95
2020-07-28,Argentina,NA,Mendoza,1969982,68,3,1013,98
2020-07-29,Argentina,NA,Mendoza,1969982,68,5,1081,103
2020-07-30,Argentina,NA,Mendoza,1969982,109,2,1190,105
2020-07-31,Argentina,NA,Mendoza,1969982,127,1,1317,106
2020-08-01,Argentina,NA,Mendoza,1969982,69,4,1386,110
2020-08-02,Argentina,NA,Mendoza,1969982,111,5,1497,115
2020-08-03,Argentina,NA,Mendoza,1969982,96,3,1593,118
2020-08-04,Argentina,NA,Mendoza,1969982,96,3,1689,121
2020-08-05,Argentina,NA,Mendoza,1969982,83,2,1772,123
2020-08-06,Argentina,NA,Mendoza,1969982,147,2,1919,125
2020-08-07,Argentina,NA,Mendoza,1969982,126,2,2045,127
2020-08-08,Argentina,NA,Mendoza,1969982,117,2,2162,129
2020-08-09,Argentina,NA,Mendoza,1969982,79,3,2241,132
2020-08-10,Argentina,NA,Mendoza,1969982,145,4,2386,136
2020-08-11,Argentina,NA,Mendoza,1969982,178,5,2564,141
2020-08-12,Argentina,NA,Mendoza,1969982,147,3,2711,144
2020-08-13,Argentina,NA,Mendoza,1969982,207,3,2918,147
2020-08-14,Argentina,NA,Mendoza,1969982,237,6,3155,153
2020-08-15,Argentina,NA,Mendoza,1969982,203,3,3358,156
2020-08-16,Argentina,NA,Mendoza,1969982,161,2,3519,158
2020-08-17,Argentina,NA,Mendoza,1969982,144,11,3663,169
2020-08-18,Argentina,NA,Mendoza,1969982,138,5,3801,174
2020-08-19,Argentina,NA,Mendoza,1969982,241,1,4042,175
2020-08-20,Argentina,NA,Mendoza,1969982,262,7,4304,182
2020-08-21,Argentina,NA,Mendoza,1969982,196,4,4500,186
2020-08-22,Argentina,NA,Mendoza,1969982,203,4,4703,190
2020-08-23,Argentina,NA,Mendoza,1969982,137,4,4840,194
2020-08-24,Argentina,NA,Mendoza,1969982,196,6,5036,200
2020-08-25,Argentina,NA,Mendoza,1969982,307,5,5343,205
2020-08-26,Argentina,NA,Mendoza,1969982,224,1,5567,206
2020-08-27,Argentina,NA,Mendoza,1969982,283,4,5850,210
2020-08-28,Argentina,NA,Mendoza,1969982,296,2,6146,212
2020-08-29,Argentina,NA,Mendoza,1969982,291,2,6437,214
2020-08-30,Argentina,NA,Mendoza,1969982,218,3,6655,217
2020-08-31,Argentina,NA,Mendoza,1969982,56,1,6711,218
2020-04-22,Argentina,NA,Neuquen,655501,3,0,101,6
2020-04-23,Argentina,NA,Neuquen,655501,0,0,101,6
2020-04-24,Argentina,NA,Neuquen,655501,0,1,101,7
2020-04-25,Argentina,NA,Neuquen,655501,1,0,102,7
2020-04-26,Argentina,NA,Neuquen,655501,3,0,105,7
2020-04-27,Argentina,NA,Neuquen,655501,0,1,105,8
2020-04-28,Argentina,NA,Neuquen,655501,0,1,105,9
2020-04-29,Argentina,NA,Neuquen,655501,2,0,107,9
2020-04-30,Argentina,NA,Neuquen,655501,0,0,107,9
2020-05-01,Argentina,NA,Neuquen,655501,0,0,107,9
2020-05-02,Argentina,NA,Neuquen,655501,0,1,107,10
2020-05-03,Argentina,NA,Neuquen,655501,0,0,107,10
2020-05-04,Argentina,NA,Neuquen,655501,0,0,107,10
2020-05-05,Argentina,NA,Neuquen,655501,1,0,108,10
2020-05-06,Argentina,NA,Neuquen,655501,2,0,110,10
2020-05-07,Argentina,NA,Neuquen,655501,0,0,110,10
2020-05-08,Argentina,NA,Neuquen,655501,0,0,110,10
2020-05-09,Argentina,NA,Neuquen,655501,1,0,111,10
2020-05-10,Argentina,NA,Neuquen,655501,0,0,111,10
2020-05-11,Argentina,NA,Neuquen,655501,0,0,111,10
2020-05-12,Argentina,NA,Neuquen,655501,0,0,111,10
2020-05-13,Argentina,NA,Neuquen,655501,2,0,113,10
2020-05-14,Argentina,NA,Neuquen,655501,1,0,114,10
2020-05-15,Argentina,NA,Neuquen,655501,0,0,114,10
2020-05-16,Argentina,NA,Neuquen,655501,0,0,114,10
2020-05-17,Argentina,NA,Neuquen,655501,0,0,114,10
2020-05-18,Argentina,NA,Neuquen,655501,0,0,114,10
2020-05-19,Argentina,NA,Neuquen,655501,0,0,114,10
2020-05-20,Argentina,NA,Neuquen,655501,0,0,114,10
2020-05-21,Argentina,NA,Neuquen,655501,0,0,114,10
2020-05-22,Argentina,NA,Neuquen,655501,1,0,115,10
2020-05-23,Argentina,NA,Neuquen,655501,0,0,115,10
2020-05-24,Argentina,NA,Neuquen,655501,0,0,115,10
2020-05-25,Argentina,NA,Neuquen,655501,1,0,116,10
2020-05-26,Argentina,NA,Neuquen,655501,1,1,117,11
2020-05-27,Argentina,NA,Neuquen,655501,2,0,119,11
2020-05-28,Argentina,NA,Neuquen,655501,2,0,121,11
2020-05-29,Argentina,NA,Neuquen,655501,4,0,125,11
2020-05-30,Argentina,NA,Neuquen,655501,0,0,125,11
2020-05-31,Argentina,NA,Neuquen,655501,3,0,128,11
2020-06-01,Argentina,NA,Neuquen,655501,4,0,132,11
2020-06-02,Argentina,NA,Neuquen,655501,12,1,144,12
2020-06-03,Argentina,NA,Neuquen,655501,0,1,144,13
2020-06-04,Argentina,NA,Neuquen,655501,1,0,145,13
2020-06-05,Argentina,NA,Neuquen,655501,1,0,146,13
2020-06-06,Argentina,NA,Neuquen,655501,0,0,146,13
2020-06-07,Argentina,NA,Neuquen,655501,0,0,146,13
2020-06-08,Argentina,NA,Neuquen,655501,3,0,149,13
2020-06-09,Argentina,NA,Neuquen,655501,8,0,157,13
2020-06-10,Argentina,NA,Neuquen,655501,14,0,171,13
2020-06-11,Argentina,NA,Neuquen,655501,18,0,189,13
2020-06-12,Argentina,NA,Neuquen,655501,11,1,200,14
2020-06-13,Argentina,NA,Neuquen,655501,10,0,210,14
2020-06-14,Argentina,NA,Neuquen,655501,7,0,217,14
2020-06-15,Argentina,NA,Neuquen,655501,18,1,235,15
2020-06-16,Argentina,NA,Neuquen,655501,12,0,247,15
2020-06-17,Argentina,NA,Neuquen,655501,8,1,255,16
2020-06-18,Argentina,NA,Neuquen,655501,19,0,274,16
2020-06-19,Argentina,NA,Neuquen,655501,16,2,290,18
2020-06-20,Argentina,NA,Neuquen,655501,13,1,303,19
2020-06-21,Argentina,NA,Neuquen,655501,13,0,316,19
2020-06-22,Argentina,NA,Neuquen,655501,24,0,340,19
2020-06-23,Argentina,NA,Neuquen,655501,23,2,363,21
2020-06-24,Argentina,NA,Neuquen,655501,16,1,379,22
2020-06-25,Argentina,NA,Neuquen,655501,28,0,407,22
2020-06-26,Argentina,NA,Neuquen,655501,19,0,426,22
2020-06-27,Argentina,NA,Neuquen,655501,15,1,441,23
2020-06-28,Argentina,NA,Neuquen,655501,16,1,457,24
2020-06-29,Argentina,NA,Neuquen,655501,10,0,467,24
2020-06-30,Argentina,NA,Neuquen,655501,14,0,481,24
2020-07-01,Argentina,NA,Neuquen,655501,18,0,499,24
2020-07-02,Argentina,NA,Neuquen,655501,27,1,526,25
2020-07-03,Argentina,NA,Neuquen,655501,10,2,536,27
2020-07-04,Argentina,NA,Neuquen,655501,14,2,550,29
2020-07-05,Argentina,NA,Neuquen,655501,21,1,571,30
2020-07-06,Argentina,NA,Neuquen,655501,34,0,605,30
2020-07-07,Argentina,NA,Neuquen,655501,22,0,627,30
2020-07-08,Argentina,NA,Neuquen,655501,20,0,647,30
2020-07-09,Argentina,NA,Neuquen,655501,15,0,662,30
2020-07-10,Argentina,NA,Neuquen,655501,13,1,675,31
2020-07-11,Argentina,NA,Neuquen,655501,4,0,679,31
2020-07-12,Argentina,NA,Neuquen,655501,21,0,700,31
2020-07-13,Argentina,NA,Neuquen,655501,41,0,741,31
2020-07-14,Argentina,NA,Neuquen,655501,35,1,776,32
2020-07-15,Argentina,NA,Neuquen,655501,22,0,798,32
2020-07-16,Argentina,NA,Neuquen,655501,16,0,814,32
2020-07-17,Argentina,NA,Neuquen,655501,40,0,854,32
2020-07-18,Argentina,NA,Neuquen,655501,17,0,871,32
2020-07-19,Argentina,NA,Neuquen,655501,17,0,888,32
2020-07-20,Argentina,NA,Neuquen,655501,17,0,905,32
2020-07-21,Argentina,NA,Neuquen,655501,30,0,935,32
2020-07-22,Argentina,NA,Neuquen,655501,17,0,952,32
2020-07-23,Argentina,NA,Neuquen,655501,33,1,985,33
2020-07-24,Argentina,NA,Neuquen,655501,13,0,998,33
2020-07-25,Argentina,NA,Neuquen,655501,23,0,1021,33
2020-07-26,Argentina,NA,Neuquen,655501,16,0,1037,33
2020-07-27,Argentina,NA,Neuquen,655501,44,0,1081,33
2020-07-28,Argentina,NA,Neuquen,655501,30,0,1111,33
2020-07-29,Argentina,NA,Neuquen,655501,17,1,1128,34
2020-07-30,Argentina,NA,Neuquen,655501,33,0,1161,34
2020-07-31,Argentina,NA,Neuquen,655501,25,0,1186,34
2020-08-01,Argentina,NA,Neuquen,655501,19,0,1205,34
2020-08-02,Argentina,NA,Neuquen,655501,23,2,1228,36
2020-08-03,Argentina,NA,Neuquen,655501,15,1,1243,37
2020-08-04,Argentina,NA,Neuquen,655501,75,0,1318,37
2020-08-05,Argentina,NA,Neuquen,655501,27,2,1345,39
2020-08-06,Argentina,NA,Neuquen,655501,40,1,1385,40
2020-08-07,Argentina,NA,Neuquen,655501,48,0,1433,40
2020-08-08,Argentina,NA,Neuquen,655501,27,0,1460,40
2020-08-09,Argentina,NA,Neuquen,655501,29,0,1489,40
2020-08-10,Argentina,NA,Neuquen,655501,83,1,1572,41
2020-08-11,Argentina,NA,Neuquen,655501,86,0,1658,41
2020-08-12,Argentina,NA,Neuquen,655501,35,0,1693,41
2020-08-13,Argentina,NA,Neuquen,655501,46,1,1739,42
2020-08-14,Argentina,NA,Neuquen,655501,40,0,1779,42
2020-08-15,Argentina,NA,Neuquen,655501,43,0,1822,42
2020-08-16,Argentina,NA,Neuquen,655501,50,1,1872,43
2020-08-17,Argentina,NA,Neuquen,655501,56,1,1928,44
2020-08-18,Argentina,NA,Neuquen,655501,33,2,1961,46
2020-08-19,Argentina,NA,Neuquen,655501,50,1,2011,47
2020-08-20,Argentina,NA,Neuquen,655501,64,2,2075,49
2020-08-21,Argentina,NA,Neuquen,655501,88,0,2163,49
2020-08-22,Argentina,NA,Neuquen,655501,83,2,2246,51
2020-08-23,Argentina,NA,Neuquen,655501,70,0,2316,51
2020-08-24,Argentina,NA,Neuquen,655501,104,1,2420,52
2020-08-25,Argentina,NA,Neuquen,655501,85,2,2505,54
2020-08-26,Argentina,NA,Neuquen,655501,123,0,2628,54
2020-08-27,Argentina,NA,Neuquen,655501,87,4,2715,58
2020-08-28,Argentina,NA,Neuquen,655501,85,0,2800,58
2020-08-29,Argentina,NA,Neuquen,655501,81,1,2881,59
2020-08-30,Argentina,NA,Neuquen,655501,68,2,2949,61
2020-08-31,Argentina,NA,Neuquen,655501,51,0,3000,61
2020-04-15,Argentina,NA,Rio Negro,738060,12,0,104,7
2020-04-16,Argentina,NA,Rio Negro,738060,8,0,112,7
2020-04-17,Argentina,NA,Rio Negro,738060,4,0,116,7
2020-04-18,Argentina,NA,Rio Negro,738060,6,0,122,7
2020-04-19,Argentina,NA,Rio Negro,738060,5,1,127,8
2020-04-20,Argentina,NA,Rio Negro,738060,16,2,143,10
2020-04-21,Argentina,NA,Rio Negro,738060,13,0,156,10
2020-04-22,Argentina,NA,Rio Negro,738060,13,0,169,10
2020-04-23,Argentina,NA,Rio Negro,738060,6,0,175,10
2020-04-24,Argentina,NA,Rio Negro,738060,3,1,178,11
2020-04-25,Argentina,NA,Rio Negro,738060,10,1,188,12
2020-04-26,Argentina,NA,Rio Negro,738060,0,0,188,12
2020-04-27,Argentina,NA,Rio Negro,738060,6,1,194,13
2020-04-28,Argentina,NA,Rio Negro,738060,9,0,203,13
2020-04-29,Argentina,NA,Rio Negro,738060,10,1,213,14
2020-04-30,Argentina,NA,Rio Negro,738060,21,0,234,14
2020-05-01,Argentina,NA,Rio Negro,738060,2,0,236,14
2020-05-02,Argentina,NA,Rio Negro,738060,8,0,244,14
2020-05-03,Argentina,NA,Rio Negro,738060,3,1,247,15
2020-05-04,Argentina,NA,Rio Negro,738060,5,2,252,17
2020-05-05,Argentina,NA,Rio Negro,738060,9,0,261,17
2020-05-06,Argentina,NA,Rio Negro,738060,3,1,264,18
2020-05-07,Argentina,NA,Rio Negro,738060,3,0,267,18
2020-05-08,Argentina,NA,Rio Negro,738060,4,0,271,18
2020-05-09,Argentina,NA,Rio Negro,738060,1,1,272,19
2020-05-10,Argentina,NA,Rio Negro,738060,2,1,274,20
2020-05-11,Argentina,NA,Rio Negro,738060,14,0,288,20
2020-05-12,Argentina,NA,Rio Negro,738060,1,0,289,20
2020-05-13,Argentina,NA,Rio Negro,738060,4,1,293,21
2020-05-14,Argentina,NA,Rio Negro,738060,12,0,305,21
2020-05-15,Argentina,NA,Rio Negro,738060,10,1,315,22
2020-05-16,Argentina,NA,Rio Negro,738060,6,1,321,23
2020-05-17,Argentina,NA,Rio Negro,738060,2,0,323,23
2020-05-18,Argentina,NA,Rio Negro,738060,5,0,328,23
2020-05-19,Argentina,NA,Rio Negro,738060,2,1,330,24
2020-05-20,Argentina,NA,Rio Negro,738060,2,0,332,24
2020-05-21,Argentina,NA,Rio Negro,738060,6,1,338,25
2020-05-22,Argentina,NA,Rio Negro,738060,5,3,343,28
2020-05-23,Argentina,NA,Rio Negro,738060,5,0,348,28
2020-05-24,Argentina,NA,Rio Negro,738060,2,0,350,28
2020-05-25,Argentina,NA,Rio Negro,738060,3,1,353,29
2020-05-26,Argentina,NA,Rio Negro,738060,9,0,362,29
2020-05-27,Argentina,NA,Rio Negro,738060,4,0,366,29
2020-05-28,Argentina,NA,Rio Negro,738060,7,0,373,29
2020-05-29,Argentina,NA,Rio Negro,738060,15,0,388,29
2020-05-30,Argentina,NA,Rio Negro,738060,2,0,390,29
2020-05-31,Argentina,NA,Rio Negro,738060,1,1,391,30
2020-06-01,Argentina,NA,Rio Negro,738060,13,0,404,30
2020-06-02,Argentina,NA,Rio Negro,738060,5,0,409,30
2020-06-03,Argentina,NA,Rio Negro,738060,13,2,422,32
2020-06-04,Argentina,NA,Rio Negro,738060,12,0,434,32
2020-06-05,Argentina,NA,Rio Negro,738060,14,0,448,32
2020-06-06,Argentina,NA,Rio Negro,738060,14,1,462,33
2020-06-07,Argentina,NA,Rio Negro,738060,5,1,467,34
2020-06-08,Argentina,NA,Rio Negro,738060,13,3,480,37
2020-06-09,Argentina,NA,Rio Negro,738060,16,1,496,38
2020-06-10,Argentina,NA,Rio Negro,738060,15,1,511,39
2020-06-11,Argentina,NA,Rio Negro,738060,9,3,520,42
2020-06-12,Argentina,NA,Rio Negro,738060,18,1,538,43
2020-06-13,Argentina,NA,Rio Negro,738060,14,1,552,44
2020-06-14,Argentina,NA,Rio Negro,738060,0,0,552,44
2020-06-15,Argentina,NA,Rio Negro,738060,12,1,564,45
2020-06-16,Argentina,NA,Rio Negro,738060,23,0,587,45
2020-06-17,Argentina,NA,Rio Negro,738060,15,3,602,48
2020-06-18,Argentina,NA,Rio Negro,738060,43,1,645,49
2020-06-19,Argentina,NA,Rio Negro,738060,16,1,661,50
2020-06-20,Argentina,NA,Rio Negro,738060,28,2,689,52
2020-06-21,Argentina,NA,Rio Negro,738060,2,2,691,54
2020-06-22,Argentina,NA,Rio Negro,738060,15,2,706,56
2020-06-23,Argentina,NA,Rio Negro,738060,21,1,727,57
2020-06-24,Argentina,NA,Rio Negro,738060,38,1,765,58
2020-06-25,Argentina,NA,Rio Negro,738060,29,0,794,58
2020-06-26,Argentina,NA,Rio Negro,738060,20,1,814,59
2020-06-27,Argentina,NA,Rio Negro,738060,10,0,824,59
2020-06-28,Argentina,NA,Rio Negro,738060,1,0,825,59
2020-06-29,Argentina,NA,Rio Negro,738060,23,0,848,59
2020-06-30,Argentina,NA,Rio Negro,738060,18,0,866,59
2020-07-01,Argentina,NA,Rio Negro,738060,24,0,890,59
2020-07-02,Argentina,NA,Rio Negro,738060,19,0,909,59
2020-07-03,Argentina,NA,Rio Negro,738060,34,0,943,59
2020-07-04,Argentina,NA,Rio Negro,738060,17,0,960,59
2020-07-05,Argentina,NA,Rio Negro,738060,1,3,961,62
2020-07-06,Argentina,NA,Rio Negro,738060,16,2,977,64
2020-07-07,Argentina,NA,Rio Negro,738060,18,0,995,64
2020-07-08,Argentina,NA,Rio Negro,738060,16,2,1011,66
2020-07-09,Argentina,NA,Rio Negro,738060,23,1,1034,67
2020-07-10,Argentina,NA,Rio Negro,738060,26,3,1060,70
2020-07-11,Argentina,NA,Rio Negro,738060,34,0,1094,70
2020-07-12,Argentina,NA,Rio Negro,738060,2,0,1096,70
2020-07-13,Argentina,NA,Rio Negro,738060,52,1,1148,71
2020-07-14,Argentina,NA,Rio Negro,738060,22,2,1170,73
2020-07-15,Argentina,NA,Rio Negro,738060,23,0,1193,73
2020-07-16,Argentina,NA,Rio Negro,738060,52,1,1245,74
2020-07-17,Argentina,NA,Rio Negro,738060,38,3,1283,77
2020-07-18,Argentina,NA,Rio Negro,738060,29,0,1312,77
2020-07-19,Argentina,NA,Rio Negro,738060,7,4,1319,81
2020-07-20,Argentina,NA,Rio Negro,738060,35,3,1354,84
2020-07-21,Argentina,NA,Rio Negro,738060,45,1,1399,85
2020-07-22,Argentina,NA,Rio Negro,738060,60,1,1459,86
2020-07-23,Argentina,NA,Rio Negro,738060,33,0,1492,86
2020-07-24,Argentina,NA,Rio Negro,738060,51,3,1543,89
2020-07-25,Argentina,NA,Rio Negro,738060,47,1,1590,90
2020-07-26,Argentina,NA,Rio Negro,738060,6,1,1596,91
2020-07-27,Argentina,NA,Rio Negro,738060,62,1,1658,92
2020-07-28,Argentina,NA,Rio Negro,738060,66,3,1724,95
2020-07-29,Argentina,NA,Rio Negro,738060,69,2,1793,97
2020-07-30,Argentina,NA,Rio Negro,738060,106,3,1899,100
2020-07-31,Argentina,NA,Rio Negro,738060,103,2,2002,102
2020-08-01,Argentina,NA,Rio Negro,738060,74,1,2076,103
2020-08-02,Argentina,NA,Rio Negro,738060,22,2,2098,105
2020-08-03,Argentina,NA,Rio Negro,738060,182,2,2280,107
2020-08-04,Argentina,NA,Rio Negro,738060,115,3,2395,110
2020-08-05,Argentina,NA,Rio Negro,738060,180,2,2575,112
2020-08-06,Argentina,NA,Rio Negro,738060,145,2,2720,114
2020-08-07,Argentina,NA,Rio Negro,738060,109,0,2829,114
2020-08-08,Argentina,NA,Rio Negro,738060,82,7,2911,121
2020-08-09,Argentina,NA,Rio Negro,738060,32,4,2943,125
2020-08-10,Argentina,NA,Rio Negro,738060,208,5,3151,130
2020-08-11,Argentina,NA,Rio Negro,738060,154,3,3305,133
2020-08-12,Argentina,NA,Rio Negro,738060,151,3,3456,136
2020-08-13,Argentina,NA,Rio Negro,738060,104,3,3560,139
2020-08-14,Argentina,NA,Rio Negro,738060,104,0,3664,139
2020-08-15,Argentina,NA,Rio Negro,738060,102,6,3766,145
2020-08-16,Argentina,NA,Rio Negro,738060,61,3,3827,148
2020-08-17,Argentina,NA,Rio Negro,738060,75,1,3902,149
2020-08-18,Argentina,NA,Rio Negro,738060,122,3,4024,152
2020-08-19,Argentina,NA,Rio Negro,738060,96,5,4120,157
2020-08-20,Argentina,NA,Rio Negro,738060,133,1,4253,158
2020-08-21,Argentina,NA,Rio Negro,738060,168,1,4421,159
2020-08-22,Argentina,NA,Rio Negro,738060,181,4,4602,163
2020-08-23,Argentina,NA,Rio Negro,738060,51,5,4653,168
2020-08-24,Argentina,NA,Rio Negro,738060,159,8,4812,176
2020-08-25,Argentina,NA,Rio Negro,738060,134,6,4946,182
2020-08-26,Argentina,NA,Rio Negro,738060,212,6,5158,188
2020-08-27,Argentina,NA,Rio Negro,738060,130,6,5288,194
2020-08-28,Argentina,NA,Rio Negro,738060,146,3,5434,197
2020-08-29,Argentina,NA,Rio Negro,738060,151,8,5585,205
2020-08-30,Argentina,NA,Rio Negro,738060,52,3,5637,208
2020-08-31,Argentina,NA,Rio Negro,738060,74,1,5711,209
2020-07-14,Argentina,NA,Salta,1406584,11,0,102,12
2020-07-15,Argentina,NA,Salta,1406584,8,1,110,13
2020-07-16,Argentina,NA,Salta,1406584,4,1,114,14
2020-07-17,Argentina,NA,Salta,1406584,6,0,120,14
2020-07-18,Argentina,NA,Salta,1406584,14,0,134,14
2020-07-19,Argentina,NA,Salta,1406584,2,1,136,15
2020-07-20,Argentina,NA,Salta,1406584,4,0,140,15
2020-07-21,Argentina,NA,Salta,1406584,17,1,157,16
2020-07-22,Argentina,NA,Salta,1406584,12,1,169,17
2020-07-23,Argentina,NA,Salta,1406584,14,0,183,17
2020-07-24,Argentina,NA,Salta,1406584,14,0,197,17
2020-07-25,Argentina,NA,Salta,1406584,12,0,209,17
2020-07-26,Argentina,NA,Salta,1406584,0,2,209,19
2020-07-27,Argentina,NA,Salta,1406584,3,1,212,20
2020-07-28,Argentina,NA,Salta,1406584,4,0,216,20
2020-07-29,Argentina,NA,Salta,1406584,23,0,239,20
2020-07-30,Argentina,NA,Salta,1406584,7,0,246,20
2020-07-31,Argentina,NA,Salta,1406584,20,1,266,21
2020-08-01,Argentina,NA,Salta,1406584,20,0,286,21
2020-08-02,Argentina,NA,Salta,1406584,4,2,290,23
2020-08-03,Argentina,NA,Salta,1406584,31,1,321,24
2020-08-04,Argentina,NA,Salta,1406584,29,0,350,24
2020-08-05,Argentina,NA,Salta,1406584,35,2,385,26
2020-08-06,Argentina,NA,Salta,1406584,64,2,449,28
2020-08-07,Argentina,NA,Salta,1406584,45,1,494,29
2020-08-08,Argentina,NA,Salta,1406584,80,0,574,29
2020-08-09,Argentina,NA,Salta,1406584,31,0,605,29
2020-08-10,Argentina,NA,Salta,1406584,51,0,656,29
2020-08-11,Argentina,NA,Salta,1406584,63,0,719,29
2020-08-12,Argentina,NA,Salta,1406584,91,1,810,30
2020-08-13,Argentina,NA,Salta,1406584,71,1,881,31
2020-08-14,Argentina,NA,Salta,1406584,91,3,972,34
2020-08-15,Argentina,NA,Salta,1406584,102,3,1074,37
2020-08-16,Argentina,NA,Salta,1406584,67,3,1141,40
2020-08-17,Argentina,NA,Salta,1406584,128,2,1269,42
2020-08-18,Argentina,NA,Salta,1406584,86,2,1355,44
2020-08-19,Argentina,NA,Salta,1406584,133,2,1488,46
2020-08-20,Argentina,NA,Salta,1406584,102,4,1590,50
2020-08-21,Argentina,NA,Salta,1406584,136,3,1726,53
2020-08-22,Argentina,NA,Salta,1406584,107,3,1833,56
2020-08-23,Argentina,NA,Salta,1406584,77,2,1910,58
2020-08-24,Argentina,NA,Salta,1406584,149,4,2059,62
2020-08-25,Argentina,NA,Salta,1406584,121,3,2180,65
2020-08-26,Argentina,NA,Salta,1406584,230,1,2410,66
2020-08-27,Argentina,NA,Salta,1406584,269,0,2679,66
2020-08-28,Argentina,NA,Salta,1406584,225,1,2904,67
2020-08-29,Argentina,NA,Salta,1406584,248,0,3152,67
2020-08-30,Argentina,NA,Salta,1406584,115,1,3267,68
2020-08-31,Argentina,NA,Salta,1406584,47,0,3314,68
2020-08-25,Argentina,NA,San Juan,772876,15,0,111,0
2020-08-26,Argentina,NA,San Juan,772876,52,0,163,0
2020-08-27,Argentina,NA,San Juan,772876,24,1,187,1
2020-08-28,Argentina,NA,San Juan,772876,14,0,201,1
2020-08-29,Argentina,NA,San Juan,772876,19,0,220,1
2020-08-30,Argentina,NA,San Juan,772876,1,0,221,1
2020-08-30,Argentina,NA,San Luis,502000,39,0,124,3
2020-08-31,Argentina,NA,San Luis,502000,23,0,147,3
2020-07-17,Argentina,NA,Santa Cruz,356647,24,0,121,9
2020-07-18,Argentina,NA,Santa Cruz,356647,49,0,170,9
2020-07-19,Argentina,NA,Santa Cruz,356647,46,0,216,9
2020-07-20,Argentina,NA,Santa Cruz,356647,17,0,233,9
2020-07-21,Argentina,NA,Santa Cruz,356647,8,0,241,9
2020-07-22,Argentina,NA,Santa Cruz,356647,41,0,282,9
2020-07-23,Argentina,NA,Santa Cruz,356647,10,0,292,9
2020-07-24,Argentina,NA,Santa Cruz,356647,33,1,325,10
2020-07-25,Argentina,NA,Santa Cruz,356647,27,0,352,10
2020-07-26,Argentina,NA,Santa Cruz,356647,26,1,378,11
2020-07-27,Argentina,NA,Santa Cruz,356647,15,0,393,11
2020-07-28,Argentina,NA,Santa Cruz,356647,9,1,402,12
2020-07-29,Argentina,NA,Santa Cruz,356647,42,0,444,12
2020-07-30,Argentina,NA,Santa Cruz,356647,19,1,463,13
2020-07-31,Argentina,NA,Santa Cruz,356647,22,1,485,14
2020-08-01,Argentina,NA,Santa Cruz,356647,37,0,522,14
2020-08-02,Argentina,NA,Santa Cruz,356647,23,1,545,15
2020-08-03,Argentina,NA,Santa Cruz,356647,18,0,563,15
2020-08-04,Argentina,NA,Santa Cruz,356647,52,0,615,15
2020-08-05,Argentina,NA,Santa Cruz,356647,43,0,658,15
2020-08-06,Argentina,NA,Santa Cruz,356647,55,0,713,15
2020-08-07,Argentina,NA,Santa Cruz,356647,24,0,737,15
2020-08-08,Argentina,NA,Santa Cruz,356647,41,0,778,15
2020-08-09,Argentina,NA,Santa Cruz,356647,25,0,803,15
2020-08-10,Argentina,NA,Santa Cruz,356647,24,0,827,15
2020-08-11,Argentina,NA,Santa Cruz,356647,44,0,871,15
2020-08-12,Argentina,NA,Santa Cruz,356647,46,1,917,16
2020-08-13,Argentina,NA,Santa Cruz,356647,50,0,967,16
2020-08-14,Argentina,NA,Santa Cruz,356647,29,0,996,16
2020-08-15,Argentina,NA,Santa Cruz,356647,25,2,1021,18
2020-08-16,Argentina,NA,Santa Cruz,356647,51,0,1072,18
2020-08-17,Argentina,NA,Santa Cruz,356647,11,1,1083,19
2020-08-18,Argentina,NA,Santa Cruz,356647,46,1,1129,20
2020-08-19,Argentina,NA,Santa Cruz,356647,50,0,1179,20
2020-08-20,Argentina,NA,Santa Cruz,356647,49,2,1228,22
2020-08-21,Argentina,NA,Santa Cruz,356647,85,1,1313,23
2020-08-22,Argentina,NA,Santa Cruz,356647,41,0,1354,23
2020-08-23,Argentina,NA,Santa Cruz,356647,41,0,1395,23
2020-08-24,Argentina,NA,Santa Cruz,356647,38,1,1433,24
2020-08-25,Argentina,NA,Santa Cruz,356647,60,1,1493,25
2020-08-26,Argentina,NA,Santa Cruz,356647,37,0,1530,25
2020-08-27,Argentina,NA,Santa Cruz,356647,82,0,1612,25
2020-08-28,Argentina,NA,Santa Cruz,356647,51,0,1663,25
2020-08-29,Argentina,NA,Santa Cruz,356647,64,0,1727,25
2020-08-30,Argentina,NA,Santa Cruz,356647,31,0,1758,25
2020-08-31,Argentina,NA,Santa Cruz,356647,6,0,1764,25
2020-03-29,Argentina,NA,Santa Fe,3509113,25,0,101,4
2020-03-30,Argentina,NA,Santa Fe,3509113,11,0,112,4
2020-03-31,Argentina,NA,Santa Fe,3509113,22,0,134,4
2020-04-01,Argentina,NA,Santa Fe,3509113,10,2,144,6
2020-04-02,Argentina,NA,Santa Fe,3509113,10,1,154,7
2020-04-03,Argentina,NA,Santa Fe,3509113,7,1,161,8
2020-04-04,Argentina,NA,Santa Fe,3509113,11,1,172,9
2020-04-05,Argentina,NA,Santa Fe,3509113,5,0,177,9
2020-04-06,Argentina,NA,Santa Fe,3509113,5,0,182,9
2020-04-07,Argentina,NA,Santa Fe,3509113,3,1,185,10
2020-04-08,Argentina,NA,Santa Fe,3509113,7,1,192,11
2020-04-09,Argentina,NA,Santa Fe,3509113,2,3,194,14
2020-04-10,Argentina,NA,Santa Fe,3509113,2,0,196,14
2020-04-11,Argentina,NA,Santa Fe,3509113,4,0,200,14
2020-04-12,Argentina,NA,Santa Fe,3509113,2,0,202,14
2020-04-13,Argentina,NA,Santa Fe,3509113,1,0,203,14
2020-04-14,Argentina,NA,Santa Fe,3509113,3,0,206,14
2020-04-15,Argentina,NA,Santa Fe,3509113,3,1,209,15
2020-04-16,Argentina,NA,Santa Fe,3509113,3,1,212,16
2020-04-17,Argentina,NA,Santa Fe,3509113,7,0,219,16
2020-04-18,Argentina,NA,Santa Fe,3509113,1,0,220,16
2020-04-19,Argentina,NA,Santa Fe,3509113,1,3,221,19
2020-04-20,Argentina,NA,Santa Fe,3509113,2,0,223,19
2020-04-21,Argentina,NA,Santa Fe,3509113,6,0,229,19
2020-04-22,Argentina,NA,Santa Fe,3509113,5,0,234,19
2020-04-23,Argentina,NA,Santa Fe,3509113,2,1,236,20
2020-04-24,Argentina,NA,Santa Fe,3509113,2,0,238,20
2020-04-25,Argentina,NA,Santa Fe,3509113,3,3,241,23
2020-04-26,Argentina,NA,Santa Fe,3509113,0,0,241,23
2020-04-27,Argentina,NA,Santa Fe,3509113,0,1,241,24
2020-04-28,Argentina,NA,Santa Fe,3509113,1,0,242,24
2020-04-29,Argentina,NA,Santa Fe,3509113,0,2,242,26
2020-04-30,Argentina,NA,Santa Fe,3509113,0,0,242,26
2020-05-01,Argentina,NA,Santa Fe,3509113,0,0,242,26
2020-05-02,Argentina,NA,Santa Fe,3509113,0,0,242,26
2020-05-03,Argentina,NA,Santa Fe,3509113,0,0,242,26
2020-05-04,Argentina,NA,Santa Fe,3509113,0,0,242,26
2020-05-05,Argentina,NA,Santa Fe,3509113,1,1,243,27
2020-05-06,Argentina,NA,Santa Fe,3509113,0,0,243,27
2020-05-07,Argentina,NA,Santa Fe,3509113,0,1,243,28
2020-05-08,Argentina,NA,Santa Fe,3509113,0,1,243,29
2020-05-09,Argentina,NA,Santa Fe,3509113,0,0,243,29
2020-05-10,Argentina,NA,Santa Fe,3509113,0,0,243,29
2020-05-11,Argentina,NA,Santa Fe,3509113,0,1,243,30
2020-05-12,Argentina,NA,Santa Fe,3509113,0,0,243,30
2020-05-13,Argentina,NA,Santa Fe,3509113,0,1,243,31
2020-05-14,Argentina,NA,Santa Fe,3509113,0,0,243,31
2020-05-15,Argentina,NA,Santa Fe,3509113,0,0,243,31
2020-05-16,Argentina,NA,Santa Fe,3509113,1,0,244,31
2020-05-17,Argentina,NA,Santa Fe,3509113,4,0,248,31
2020-05-18,Argentina,NA,Santa Fe,3509113,0,0,248,31
2020-05-19,Argentina,NA,Santa Fe,3509113,0,0,248,31
2020-05-20,Argentina,NA,Santa Fe,3509113,4,0,252,31
2020-05-21,Argentina,NA,Santa Fe,3509113,1,0,253,31
2020-05-22,Argentina,NA,Santa Fe,3509113,4,0,257,31
2020-05-23,Argentina,NA,Santa Fe,3509113,1,0,258,31
2020-05-24,Argentina,NA,Santa Fe,3509113,0,0,258,31
2020-05-25,Argentina,NA,Santa Fe,3509113,1,0,259,31
2020-05-26,Argentina,NA,Santa Fe,3509113,0,0,259,31
2020-05-27,Argentina,NA,Santa Fe,3509113,0,2,259,33
2020-05-28,Argentina,NA,Santa Fe,3509113,0,0,259,33
2020-05-29,Argentina,NA,Santa Fe,3509113,1,0,260,33
2020-05-30,Argentina,NA,Santa Fe,3509113,1,0,261,33
2020-05-31,Argentina,NA,Santa Fe,3509113,0,0,261,33
2020-06-01,Argentina,NA,Santa Fe,3509113,3,0,264,33
2020-06-02,Argentina,NA,Santa Fe,3509113,0,1,264,34
2020-06-03,Argentina,NA,Santa Fe,3509113,3,0,267,34
2020-06-04,Argentina,NA,Santa Fe,3509113,6,0,273,34
2020-06-05,Argentina,NA,Santa Fe,3509113,0,0,273,34
2020-06-06,Argentina,NA,Santa Fe,3509113,2,0,275,34
2020-06-07,Argentina,NA,Santa Fe,3509113,0,0,275,34
2020-06-08,Argentina,NA,Santa Fe,3509113,1,0,276,34
2020-06-09,Argentina,NA,Santa Fe,3509113,4,0,280,34
2020-06-10,Argentina,NA,Santa Fe,3509113,2,0,282,34
2020-06-11,Argentina,NA,Santa Fe,3509113,1,0,283,34
2020-06-12,Argentina,NA,Santa Fe,3509113,0,0,283,34
2020-06-13,Argentina,NA,Santa Fe,3509113,1,0,284,34
2020-06-14,Argentina,NA,Santa Fe,3509113,0,0,284,34
2020-06-15,Argentina,NA,Santa Fe,3509113,0,1,284,35
2020-06-16,Argentina,NA,Santa Fe,3509113,3,0,287,35
2020-06-17,Argentina,NA,Santa Fe,3509113,7,0,294,35
2020-06-18,Argentina,NA,Santa Fe,3509113,8,1,302,36
2020-06-19,Argentina,NA,Santa Fe,3509113,24,0,326,36
2020-06-20,Argentina,NA,Santa Fe,3509113,6,0,332,36
2020-06-21,Argentina,NA,Santa Fe,3509113,4,0,336,36
2020-06-22,Argentina,NA,Santa Fe,3509113,7,0,343,36
2020-06-23,Argentina,NA,Santa Fe,3509113,24,0,367,36
2020-06-24,Argentina,NA,Santa Fe,3509113,6,0,373,36
2020-06-25,Argentina,NA,Santa Fe,3509113,23,0,396,36
2020-06-26,Argentina,NA,Santa Fe,3509113,10,0,406,36
2020-06-27,Argentina,NA,Santa Fe,3509113,5,0,411,36
2020-06-28,Argentina,NA,Santa Fe,3509113,4,0,415,36
2020-06-29,Argentina,NA,Santa Fe,3509113,1,0,416,36
2020-06-30,Argentina,NA,Santa Fe,3509113,2,0,418,36
2020-07-01,Argentina,NA,Santa Fe,3509113,3,1,421,37
2020-07-02,Argentina,NA,Santa Fe,3509113,5,0,426,37
2020-07-03,Argentina,NA,Santa Fe,3509113,2,2,428,39
2020-07-04,Argentina,NA,Santa Fe,3509113,7,1,435,40
2020-07-05,Argentina,NA,Santa Fe,3509113,4,0,439,40
2020-07-06,Argentina,NA,Santa Fe,3509113,4,0,443,40
2020-07-07,Argentina,NA,Santa Fe,3509113,14,0,457,40
2020-07-08,Argentina,NA,Santa Fe,3509113,18,1,475,41
2020-07-09,Argentina,NA,Santa Fe,3509113,8,1,483,42
2020-07-10,Argentina,NA,Santa Fe,3509113,8,0,491,42
2020-07-11,Argentina,NA,Santa Fe,3509113,24,0,515,42
2020-07-12,Argentina,NA,Santa Fe,3509113,12,0,527,42
2020-07-13,Argentina,NA,Santa Fe,3509113,19,0,546,42
2020-07-14,Argentina,NA,Santa Fe,3509113,27,0,573,42
2020-07-15,Argentina,NA,Santa Fe,3509113,20,1,593,43
2020-07-16,Argentina,NA,Santa Fe,3509113,25,0,618,43
2020-07-17,Argentina,NA,Santa Fe,3509113,39,1,657,44
2020-07-18,Argentina,NA,Santa Fe,3509113,25,1,682,45
2020-07-19,Argentina,NA,Santa Fe,3509113,19,0,701,45
2020-07-20,Argentina,NA,Santa Fe,3509113,40,0,741,45
2020-07-21,Argentina,NA,Santa Fe,3509113,37,2,778,47
2020-07-22,Argentina,NA,Santa Fe,3509113,48,1,826,48
2020-07-23,Argentina,NA,Santa Fe,3509113,24,0,850,48
2020-07-24,Argentina,NA,Santa Fe,3509113,30,0,880,48
2020-07-25,Argentina,NA,Santa Fe,3509113,42,2,922,50
2020-07-26,Argentina,NA,Santa Fe,3509113,30,0,952,50
2020-07-27,Argentina,NA,Santa Fe,3509113,60,2,1012,52
2020-07-28,Argentina,NA,Santa Fe,3509113,66,0,1078,52
2020-07-29,Argentina,NA,Santa Fe,3509113,60,1,1138,53
2020-07-30,Argentina,NA,Santa Fe,3509113,42,1,1180,54
2020-07-31,Argentina,NA,Santa Fe,3509113,80,3,1260,57
2020-08-01,Argentina,NA,Santa Fe,3509113,88,0,1348,57
2020-08-02,Argentina,NA,Santa Fe,3509113,63,1,1411,58
2020-08-03,Argentina,NA,Santa Fe,3509113,82,0,1493,58
2020-08-04,Argentina,NA,Santa Fe,3509113,115,1,1608,59
2020-08-05,Argentina,NA,Santa Fe,3509113,67,0,1675,59
2020-08-06,Argentina,NA,Santa Fe,3509113,189,4,1864,63
2020-08-07,Argentina,NA,Santa Fe,3509113,172,0,2036,63
2020-08-08,Argentina,NA,Santa Fe,3509113,71,0,2107,63
2020-08-09,Argentina,NA,Santa Fe,3509113,74,1,2181,64
2020-08-10,Argentina,NA,Santa Fe,3509113,197,2,2378,66
2020-08-11,Argentina,NA,Santa Fe,3509113,162,3,2540,69
2020-08-12,Argentina,NA,Santa Fe,3509113,163,4,2703,73
2020-08-13,Argentina,NA,Santa Fe,3509113,193,1,2896,74
2020-08-14,Argentina,NA,Santa Fe,3509113,186,0,3082,74
2020-08-15,Argentina,NA,Santa Fe,3509113,144,1,3226,75
2020-08-16,Argentina,NA,Santa Fe,3509113,131,3,3357,78
2020-08-17,Argentina,NA,Santa Fe,3509113,162,1,3519,79
2020-08-18,Argentina,NA,Santa Fe,3509113,223,3,3742,82
2020-08-19,Argentina,NA,Santa Fe,3509113,214,4,3956,86
2020-08-20,Argentina,NA,Santa Fe,3509113,309,3,4265,89
2020-08-21,Argentina,NA,Santa Fe,3509113,274,6,4539,95
2020-08-22,Argentina,NA,Santa Fe,3509113,253,5,4792,100
2020-08-23,Argentina,NA,Santa Fe,3509113,138,6,4930,106
2020-08-24,Argentina,NA,Santa Fe,3509113,387,6,5317,112
2020-08-25,Argentina,NA,Santa Fe,3509113,406,3,5723,115
2020-08-26,Argentina,NA,Santa Fe,3509113,487,3,6210,118
2020-08-27,Argentina,NA,Santa Fe,3509113,469,3,6679,121
2020-08-28,Argentina,NA,Santa Fe,3509113,568,4,7247,125
2020-08-29,Argentina,NA,Santa Fe,3509113,282,2,7529,127
2020-08-30,Argentina,NA,Santa Fe,3509113,244,5,7773,132
2020-08-31,Argentina,NA,Santa Fe,3509113,132,3,7905,135
2020-08-07,Argentina,NA,Santiago del Estero,968309,20,0,118,9
2020-08-08,Argentina,NA,Santiago del Estero,968309,12,0,130,9
2020-08-09,Argentina,NA,Santiago del Estero,968309,9,0,139,9
2020-08-10,Argentina,NA,Santiago del Estero,968309,17,0,156,9
2020-08-11,Argentina,NA,Santiago del Estero,968309,21,0,177,9
2020-08-12,Argentina,NA,Santiago del Estero,968309,26,0,203,9
2020-08-13,Argentina,NA,Santiago del Estero,968309,24,0,227,9
2020-08-14,Argentina,NA,Santiago del Estero,968309,27,0,254,9
2020-08-15,Argentina,NA,Santiago del Estero,968309,32,0,286,9
2020-08-16,Argentina,NA,Santiago del Estero,968309,61,0,347,9
2020-08-17,Argentina,NA,Santiago del Estero,968309,1,0,348,9
2020-08-18,Argentina,NA,Santiago del Estero,968309,39,0,387,9
2020-08-19,Argentina,NA,Santiago del Estero,968309,35,0,422,9
2020-08-20,Argentina,NA,Santiago del Estero,968309,38,0,460,9
2020-08-21,Argentina,NA,Santiago del Estero,968309,38,0,498,9
2020-08-22,Argentina,NA,Santiago del Estero,968309,33,0,531,9
2020-08-23,Argentina,NA,Santiago del Estero,968309,55,2,586,11
2020-08-24,Argentina,NA,Santiago del Estero,968309,72,2,658,13
2020-08-25,Argentina,NA,Santiago del Estero,968309,38,0,696,13
2020-08-26,Argentina,NA,Santiago del Estero,968309,57,2,753,15
2020-08-27,Argentina,NA,Santiago del Estero,968309,44,1,797,16
2020-08-28,Argentina,NA,Santiago del Estero,968309,28,1,825,17
2020-08-29,Argentina,NA,Santiago del Estero,968309,52,1,877,18
2020-08-30,Argentina,NA,Santiago del Estero,968309,59,1,936,19
2020-08-31,Argentina,NA,Santiago del Estero,968309,1,0,937,19
2020-04-15,Argentina,NA,Tierra del Fuego,169183,7,0,106,2
2020-04-17,Argentina,NA,Tierra del Fuego,169183,3,0,109,2
2020-04-18,Argentina,NA,Tierra del Fuego,169183,3,0,112,2
2020-04-19,Argentina,NA,Tierra del Fuego,169183,0,0,112,2
2020-04-20,Argentina,NA,Tierra del Fuego,169183,1,0,113,2
2020-04-21,Argentina,NA,Tierra del Fuego,169183,0,1,113,3
2020-04-22,Argentina,NA,Tierra del Fuego,169183,1,0,114,3
2020-04-24,Argentina,NA,Tierra del Fuego,169183,3,0,117,3
2020-04-25,Argentina,NA,Tierra del Fuego,169183,0,0,117,3
2020-04-26,Argentina,NA,Tierra del Fuego,169183,1,0,118,3
2020-04-27,Argentina,NA,Tierra del Fuego,169183,3,0,121,3
2020-04-28,Argentina,NA,Tierra del Fuego,169183,3,0,124,3
2020-04-29,Argentina,NA,Tierra del Fuego,169183,2,0,126,3
2020-04-30,Argentina,NA,Tierra del Fuego,169183,2,0,128,3
2020-05-01,Argentina,NA,Tierra del Fuego,169183,2,0,130,3
2020-05-02,Argentina,NA,Tierra del Fuego,169183,1,0,131,3
2020-05-03,Argentina,NA,Tierra del Fuego,169183,1,0,132,3
2020-05-05,Argentina,NA,Tierra del Fuego,169183,0,0,132,3
2020-05-06,Argentina,NA,Tierra del Fuego,169183,0,1,132,4
2020-05-08,Argentina,NA,Tierra del Fuego,169183,1,0,133,4
2020-05-09,Argentina,NA,Tierra del Fuego,169183,2,0,135,4
2020-05-11,Argentina,NA,Tierra del Fuego,169183,0,1,135,5
2020-05-12,Argentina,NA,Tierra del Fuego,169183,0,0,135,5
2020-05-14,Argentina,NA,Tierra del Fuego,169183,0,0,135,5
2020-05-18,Argentina,NA,Tierra del Fuego,169183,0,0,135,5
2020-05-21,Argentina,NA,Tierra del Fuego,169183,2,1,137,6
2020-05-25,Argentina,NA,Tierra del Fuego,169183,0,1,137,7
2020-05-26,Argentina,NA,Tierra del Fuego,169183,1,0,138,7
2020-05-29,Argentina,NA,Tierra del Fuego,169183,0,0,138,7
2020-06-01,Argentina,NA,Tierra del Fuego,169183,0,0,138,7
2020-06-02,Argentina,NA,Tierra del Fuego,169183,0,0,138,7
2020-06-04,Argentina,NA,Tierra del Fuego,169183,0,0,138,7
2020-06-06,Argentina,NA,Tierra del Fuego,169183,0,0,138,7
2020-06-10,Argentina,NA,Tierra del Fuego,169183,0,0,138,7
2020-06-12,Argentina,NA,Tierra del Fuego,169183,0,0,138,7
2020-06-13,Argentina,NA,Tierra del Fuego,169183,0,0,138,7
2020-06-14,Argentina,NA,Tierra del Fuego,169183,0,0,138,7
2020-06-15,Argentina,NA,Tierra del Fuego,169183,0,0,138,7
2020-06-17,Argentina,NA,Tierra del Fuego,169183,0,1,138,8
2020-06-22,Argentina,NA,Tierra del Fuego,169183,0,0,138,8
2020-06-25,Argentina,NA,Tierra del Fuego,169183,0,0,138,8
2020-07-01,Argentina,NA,Tierra del Fuego,169183,1,0,139,8
2020-07-02,Argentina,NA,Tierra del Fuego,169183,0,0,139,8
2020-07-03,Argentina,NA,Tierra del Fuego,169183,3,0,142,8
2020-07-04,Argentina,NA,Tierra del Fuego,169183,1,0,143,8
2020-07-06,Argentina,NA,Tierra del Fuego,169183,0,0,143,8
2020-07-08,Argentina,NA,Tierra del Fuego,169183,1,0,144,8
2020-07-10,Argentina,NA,Tierra del Fuego,169183,0,1,144,9
2020-07-12,Argentina,NA,Tierra del Fuego,169183,8,0,152,9
2020-07-13,Argentina,NA,Tierra del Fuego,169183,48,0,200,9
2020-07-14,Argentina,NA,Tierra del Fuego,169183,1,0,201,9
2020-07-15,Argentina,NA,Tierra del Fuego,169183,1,0,202,9
2020-07-17,Argentina,NA,Tierra del Fuego,169183,23,0,225,9
2020-07-18,Argentina,NA,Tierra del Fuego,169183,3,0,228,9
2020-07-19,Argentina,NA,Tierra del Fuego,169183,0,0,228,9
2020-07-20,Argentina,NA,Tierra del Fuego,169183,8,0,236,9
2020-07-21,Argentina,NA,Tierra del Fuego,169183,11,0,247,9
2020-07-22,Argentina,NA,Tierra del Fuego,169183,8,0,255,9
2020-07-23,Argentina,NA,Tierra del Fuego,169183,16,0,271,9
2020-07-24,Argentina,NA,Tierra del Fuego,169183,24,0,295,9
2020-07-25,Argentina,NA,Tierra del Fuego,169183,38,0,333,9
2020-07-26,Argentina,NA,Tierra del Fuego,169183,35,1,368,10
2020-07-27,Argentina,NA,Tierra del Fuego,169183,7,1,375,11
2020-07-28,Argentina,NA,Tierra del Fuego,169183,21,0,396,11
2020-07-29,Argentina,NA,Tierra del Fuego,169183,28,0,424,11
2020-07-30,Argentina,NA,Tierra del Fuego,169183,32,0,456,11
2020-07-31,Argentina,NA,Tierra del Fuego,169183,21,1,477,12
2020-08-01,Argentina,NA,Tierra del Fuego,169183,53,1,530,13
2020-08-02,Argentina,NA,Tierra del Fuego,169183,116,0,646,13
2020-08-03,Argentina,NA,Tierra del Fuego,169183,38,0,684,13
2020-08-04,Argentina,NA,Tierra del Fuego,169183,47,1,731,14
2020-08-05,Argentina,NA,Tierra del Fuego,169183,51,1,782,15
2020-08-06,Argentina,NA,Tierra del Fuego,169183,100,0,882,15
2020-08-07,Argentina,NA,Tierra del Fuego,169183,45,2,927,17
2020-08-08,Argentina,NA,Tierra del Fuego,169183,25,0,952,17
2020-08-09,Argentina,NA,Tierra del Fuego,169183,49,1,1001,18
2020-08-10,Argentina,NA,Tierra del Fuego,169183,68,1,1069,19
2020-08-11,Argentina,NA,Tierra del Fuego,169183,47,2,1116,21
2020-08-12,Argentina,NA,Tierra del Fuego,169183,68,0,1184,21
2020-08-13,Argentina,NA,Tierra del Fuego,169183,42,2,1226,23
2020-08-14,Argentina,NA,Tierra del Fuego,169183,39,3,1265,26
2020-08-15,Argentina,NA,Tierra del Fuego,169183,70,2,1335,28
2020-08-16,Argentina,NA,Tierra del Fuego,169183,31,2,1366,30
2020-08-17,Argentina,NA,Tierra del Fuego,169183,26,0,1392,30
2020-08-18,Argentina,NA,Tierra del Fuego,169183,48,1,1440,31
2020-08-19,Argentina,NA,Tierra del Fuego,169183,35,0,1475,31
2020-08-20,Argentina,NA,Tierra del Fuego,169183,30,0,1505,31
2020-08-21,Argentina,NA,Tierra del Fuego,169183,26,0,1531,31
2020-08-22,Argentina,NA,Tierra del Fuego,169183,24,1,1555,32
2020-08-23,Argentina,NA,Tierra del Fuego,169183,28,0,1583,32
2020-08-24,Argentina,NA,Tierra del Fuego,169183,21,1,1604,33
2020-08-25,Argentina,NA,Tierra del Fuego,169183,22,2,1626,35
2020-08-26,Argentina,NA,Tierra del Fuego,169183,33,1,1659,36
2020-08-27,Argentina,NA,Tierra del Fuego,169183,34,1,1693,37
2020-08-28,Argentina,NA,Tierra del Fuego,169183,37,1,1730,38
2020-08-29,Argentina,NA,Tierra del Fuego,169183,15,3,1745,41
2020-08-30,Argentina,NA,Tierra del Fuego,169183,18,0,1763,41
2020-08-31,Argentina,NA,Tierra del Fuego,169183,3,0,1766,41
2020-07-24,Argentina,NA,Tucuman,1674622,11,0,110,17
2020-07-25,Argentina,NA,Tucuman,1674622,2,0,112,17
2020-07-26,Argentina,NA,Tucuman,1674622,12,0,124,17
2020-07-27,Argentina,NA,Tucuman,1674622,23,0,147,17
2020-07-28,Argentina,NA,Tucuman,1674622,11,0,158,17
2020-07-29,Argentina,NA,Tucuman,1674622,32,0,190,17
2020-07-30,Argentina,NA,Tucuman,1674622,14,0,204,17
2020-07-31,Argentina,NA,Tucuman,1674622,15,1,219,18
2020-08-01,Argentina,NA,Tucuman,1674622,28,0,247,18
2020-08-02,Argentina,NA,Tucuman,1674622,18,0,265,18
2020-08-03,Argentina,NA,Tucuman,1674622,28,0,293,18
2020-08-04,Argentina,NA,Tucuman,1674622,23,1,316,19
2020-08-05,Argentina,NA,Tucuman,1674622,33,0,349,19
2020-08-06,Argentina,NA,Tucuman,1674622,8,0,357,19
2020-08-07,Argentina,NA,Tucuman,1674622,6,0,363,19
2020-08-08,Argentina,NA,Tucuman,1674622,10,0,373,19
2020-08-09,Argentina,NA,Tucuman,1674622,44,0,417,19
2020-08-10,Argentina,NA,Tucuman,1674622,22,0,439,19
2020-08-11,Argentina,NA,Tucuman,1674622,33,2,472,21
2020-08-12,Argentina,NA,Tucuman,1674622,24,0,496,21
2020-08-13,Argentina,NA,Tucuman,1674622,32,0,528,21
2020-08-14,Argentina,NA,Tucuman,1674622,29,0,557,21
2020-08-15,Argentina,NA,Tucuman,1674622,39,0,596,21
2020-08-16,Argentina,NA,Tucuman,1674622,18,0,614,21
2020-08-17,Argentina,NA,Tucuman,1674622,58,0,672,21
2020-08-18,Argentina,NA,Tucuman,1674622,93,1,765,22
2020-08-19,Argentina,NA,Tucuman,1674622,56,0,821,22
2020-08-20,Argentina,NA,Tucuman,1674622,65,1,886,23
2020-08-21,Argentina,NA,Tucuman,1674622,78,0,964,23
2020-08-22,Argentina,NA,Tucuman,1674622,79,0,1043,23
2020-08-23,Argentina,NA,Tucuman,1674622,82,0,1125,23
2020-08-24,Argentina,NA,Tucuman,1674622,115,0,1240,23
2020-08-25,Argentina,NA,Tucuman,1674622,99,3,1339,26
2020-08-26,Argentina,NA,Tucuman,1674622,99,1,1438,27
2020-08-27,Argentina,NA,Tucuman,1674622,148,2,1586,29
2020-08-28,Argentina,NA,Tucuman,1674622,227,0,1813,29
2020-08-29,Argentina,NA,Tucuman,1674622,136,0,1949,29
2020-08-30,Argentina,NA,Tucuman,1674622,270,0,2219,29
2020-08-31,Argentina,NA,Tucuman,1674622,19,0,2238,29
2020-04-10,Australia,NA,Australian Capital Territory,396857,3,0,103,2
2020-04-11,Australia,NA,Australian Capital Territory,396857,0,0,103,2
2020-04-12,Australia,NA,Australian Capital Territory,396857,0,0,102,2
2020-04-13,Australia,NA,Australian Capital Territory,396857,1,0,103,2
2020-04-14,Australia,NA,Australian Capital Territory,396857,0,0,103,2
2020-04-15,Australia,NA,Australian Capital Territory,396857,0,1,103,3
2020-04-16,Australia,NA,Australian Capital Territory,396857,0,0,103,3
2020-04-17,Australia,NA,Australian Capital Territory,396857,0,0,103,3
2020-04-18,Australia,NA,Australian Capital Territory,396857,0,0,103,3
2020-04-19,Australia,NA,Australian Capital Territory,396857,0,0,103,3
2020-04-20,Australia,NA,Australian Capital Territory,396857,1,0,104,3
2020-04-21,Australia,NA,Australian Capital Territory,396857,0,0,104,3
2020-04-22,Australia,NA,Australian Capital Territory,396857,0,0,104,3
2020-04-23,Australia,NA,Australian Capital Territory,396857,0,0,104,3
2020-04-24,Australia,NA,Australian Capital Territory,396857,0,0,104,3
2020-04-25,Australia,NA,Australian Capital Territory,396857,2,0,106,3
2020-04-26,Australia,NA,Australian Capital Territory,396857,0,0,106,3
2020-04-27,Australia,NA,Australian Capital Territory,396857,0,0,106,3
2020-04-28,Australia,NA,Australian Capital Territory,396857,0,0,106,3
2020-04-29,Australia,NA,Australian Capital Territory,396857,0,0,106,3
2020-04-30,Australia,NA,Australian Capital Territory,396857,0,0,106,3
2020-05-01,Australia,NA,Australian Capital Territory,396857,0,0,106,3
2020-05-02,Australia,NA,Australian Capital Territory,396857,0,0,106,3
2020-05-03,Australia,NA,Australian Capital Territory,396857,0,0,106,3
2020-05-04,Australia,NA,Australian Capital Territory,396857,1,0,107,3
2020-05-05,Australia,NA,Australian Capital Territory,396857,0,0,107,3
2020-05-06,Australia,NA,Australian Capital Territory,396857,0,0,107,3
2020-05-07,Australia,NA,Australian Capital Territory,396857,0,0,107,3
2020-05-08,Australia,NA,Australian Capital Territory,396857,0,0,107,3
2020-05-09,Australia,NA,Australian Capital Territory,396857,0,0,107,3
2020-05-10,Australia,NA,Australian Capital Territory,396857,0,0,107,3
2020-05-11,Australia,NA,Australian Capital Territory,396857,0,0,107,3
2020-05-12,Australia,NA,Australian Capital Territory,396857,0,0,107,3
2020-05-13,Australia,NA,Australian Capital Territory,396857,0,0,107,3
2020-05-14,Australia,NA,Australian Capital Territory,396857,0,0,107,3
2020-05-15,Australia,NA,Australian Capital Territory,396857,0,0,107,3
2020-05-16,Australia,NA,Australian Capital Territory,396857,0,0,107,3
2020-05-17,Australia,NA,Australian Capital Territory,396857,0,0,107,3
2020-05-18,Australia,NA,Australian Capital Territory,396857,0,0,107,3
2020-05-19,Australia,NA,Australian Capital Territory,396857,0,0,107,3
2020-05-20,Australia,NA,Australian Capital Territory,396857,0,0,107,3
2020-05-21,Australia,NA,Australian Capital Territory,396857,0,0,107,3
2020-05-22,Australia,NA,Australian Capital Territory,396857,0,0,107,3
2020-05-23,Australia,NA,Australian Capital Territory,396857,0,0,107,3
2020-05-24,Australia,NA,Australian Capital Territory,396857,0,0,107,3
2020-05-25,Australia,NA,Australian Capital Territory,396857,0,0,107,3
2020-05-26,Australia,NA,Australian Capital Territory,396857,0,0,107,3
2020-05-27,Australia,NA,Australian Capital Territory,396857,0,0,107,3
2020-05-28,Australia,NA,Australian Capital Territory,396857,0,0,107,3
2020-05-29,Australia,NA,Australian Capital Territory,396857,0,0,107,3
2020-05-30,Australia,NA,Australian Capital Territory,396857,0,0,107,3
2020-05-31,Australia,NA,Australian Capital Territory,396857,0,0,107,3
2020-06-01,Australia,NA,Australian Capital Territory,396857,0,0,107,3
2020-06-02,Australia,NA,Australian Capital Territory,396857,0,0,107,3
2020-06-03,Australia,NA,Australian Capital Territory,396857,0,0,107,3
2020-06-04,Australia,NA,Australian Capital Territory,396857,0,0,107,3
2020-06-05,Australia,NA,Australian Capital Territory,396857,0,0,107,3
2020-06-06,Australia,NA,Australian Capital Territory,396857,0,0,107,3
2020-06-07,Australia,NA,Australian Capital Territory,396857,1,0,108,3
2020-06-08,Australia,NA,Australian Capital Territory,396857,0,0,108,3
2020-06-09,Australia,NA,Australian Capital Territory,396857,0,0,108,3
2020-06-10,Australia,NA,Australian Capital Territory,396857,0,0,108,3
2020-06-11,Australia,NA,Australian Capital Territory,396857,0,0,108,3
2020-06-12,Australia,NA,Australian Capital Territory,396857,0,0,108,3
2020-06-13,Australia,NA,Australian Capital Territory,396857,0,0,108,3
2020-06-14,Australia,NA,Australian Capital Territory,396857,0,0,108,3
2020-06-15,Australia,NA,Australian Capital Territory,396857,0,0,108,3
2020-06-16,Australia,NA,Australian Capital Territory,396857,0,0,108,3
2020-06-17,Australia,NA,Australian Capital Territory,396857,0,0,108,3
2020-06-18,Australia,NA,Australian Capital Territory,396857,0,0,108,3
2020-06-19,Australia,NA,Australian Capital Territory,396857,0,0,108,3
2020-06-20,Australia,NA,Australian Capital Territory,396857,0,0,108,3
2020-06-21,Australia,NA,Australian Capital Territory,396857,0,0,108,3
2020-06-22,Australia,NA,Australian Capital Territory,396857,0,0,108,3
2020-06-23,Australia,NA,Australian Capital Territory,396857,0,0,108,3
2020-06-24,Australia,NA,Australian Capital Territory,396857,0,0,108,3
2020-06-25,Australia,NA,Australian Capital Territory,396857,0,0,108,3
2020-06-26,Australia,NA,Australian Capital Territory,396857,0,0,108,3
2020-06-27,Australia,NA,Australian Capital Territory,396857,0,0,108,3
2020-06-28,Australia,NA,Australian Capital Territory,396857,0,0,108,3
2020-06-29,Australia,NA,Australian Capital Territory,396857,0,0,108,3
2020-06-30,Australia,NA,Australian Capital Territory,396857,0,0,108,3
2020-07-01,Australia,NA,Australian Capital Territory,396857,0,0,108,3
2020-07-02,Australia,NA,Australian Capital Territory,396857,0,0,108,3
2020-07-03,Australia,NA,Australian Capital Territory,396857,0,0,108,3
2020-07-04,Australia,NA,Australian Capital Territory,396857,0,0,108,3
2020-07-05,Australia,NA,Australian Capital Territory,396857,0,0,108,3
2020-07-06,Australia,NA,Australian Capital Territory,396857,0,0,108,3
2020-07-07,Australia,NA,Australian Capital Territory,396857,0,0,108,3
2020-07-08,Australia,NA,Australian Capital Territory,396857,3,0,111,3
2020-07-09,Australia,NA,Australian Capital Territory,396857,1,0,112,3
2020-07-10,Australia,NA,Australian Capital Territory,396857,1,0,113,3
2020-03-14,Australia,NA,New South Wales,7480228,20,0,111,0
2020-03-15,Australia,NA,New South Wales,7480228,22,0,133,0
2020-03-16,Australia,NA,New South Wales,7480228,37,0,170,0
2020-03-17,Australia,NA,New South Wales,7480228,39,0,209,0
2020-03-18,Australia,NA,New South Wales,7480228,57,0,266,0
2020-03-19,Australia,NA,New South Wales,7480228,40,0,306,0
2020-03-20,Australia,NA,New South Wales,7480228,75,0,381,0
2020-03-21,Australia,NA,New South Wales,7480228,54,0,435,0
2020-03-22,Australia,NA,New South Wales,7480228,97,6,532,6
2020-03-23,Australia,NA,New South Wales,7480228,172,0,704,6
2020-03-24,Australia,NA,New South Wales,7480228,209,1,913,7
2020-03-25,Australia,NA,New South Wales,7480228,116,0,1029,7
2020-03-26,Australia,NA,New South Wales,7480228,190,0,1219,7
2020-03-27,Australia,NA,New South Wales,7480228,186,0,1405,7
2020-03-28,Australia,NA,New South Wales,7480228,212,1,1617,8
2020-03-29,Australia,NA,New South Wales,7480228,174,0,1791,8
2020-03-30,Australia,NA,New South Wales,7480228,127,0,1918,8
2020-03-31,Australia,NA,New South Wales,7480228,114,0,2032,8
2020-04-01,Australia,NA,New South Wales,7480228,150,2,2182,10
2020-04-02,Australia,NA,New South Wales,7480228,116,0,2298,10
2020-04-03,Australia,NA,New South Wales,7480228,91,2,2389,12
2020-04-04,Australia,NA,New South Wales,7480228,104,0,2493,12
2020-04-05,Australia,NA,New South Wales,7480228,87,4,2580,16
2020-04-06,Australia,NA,New South Wales,7480228,57,3,2637,19
2020-04-07,Australia,NA,New South Wales,7480228,49,2,2686,21
2020-04-08,Australia,NA,New South Wales,7480228,48,0,2734,21
2020-04-09,Australia,NA,New South Wales,7480228,39,0,2773,21
2020-04-10,Australia,NA,New South Wales,7480228,49,1,2822,22
2020-04-11,Australia,NA,New South Wales,7480228,35,1,2857,23
2020-04-12,Australia,NA,New South Wales,7480228,0,0,2854,23
2020-04-13,Australia,NA,New South Wales,7480228,9,2,2863,25
2020-04-14,Australia,NA,New South Wales,7480228,7,0,2870,25
2020-04-15,Australia,NA,New South Wales,7480228,16,0,2886,25
2020-04-16,Australia,NA,New South Wales,7480228,11,0,2897,25
2020-04-17,Australia,NA,New South Wales,7480228,29,0,2926,25
2020-04-18,Australia,NA,New South Wales,7480228,10,2,2936,27
2020-04-19,Australia,NA,New South Wales,7480228,21,1,2957,28
2020-04-20,Australia,NA,New South Wales,7480228,6,0,2963,28
2020-04-21,Australia,NA,New South Wales,7480228,6,1,2969,29
2020-04-22,Australia,NA,New South Wales,7480228,2,2,2971,31
2020-04-23,Australia,NA,New South Wales,7480228,5,1,2976,32
2020-04-24,Australia,NA,New South Wales,7480228,6,1,2982,33
2020-04-25,Australia,NA,New South Wales,7480228,12,1,2994,34
2020-04-26,Australia,NA,New South Wales,7480228,8,0,3002,34
2020-04-27,Australia,NA,New South Wales,7480228,2,0,3004,34
2020-04-28,Australia,NA,New South Wales,7480228,5,5,3009,39
2020-04-29,Australia,NA,New South Wales,7480228,7,1,3016,40
2020-04-30,Australia,NA,New South Wales,7480228,0,0,3016,40
2020-05-01,Australia,NA,New South Wales,7480228,9,1,3025,41
2020-05-02,Australia,NA,New South Wales,7480228,6,0,3031,41
2020-05-03,Australia,NA,New South Wales,7480228,4,1,3035,42
2020-05-04,Australia,NA,New South Wales,7480228,0,0,3033,42
2020-05-05,Australia,NA,New South Wales,7480228,2,2,3035,44
2020-05-06,Australia,NA,New South Wales,7480228,7,0,3042,44
2020-05-07,Australia,NA,New South Wales,7480228,2,0,3044,44
2020-05-08,Australia,NA,New South Wales,7480228,3,0,3047,44
2020-05-09,Australia,NA,New South Wales,7480228,4,0,3051,44
2020-05-10,Australia,NA,New South Wales,7480228,2,0,3053,44
2020-05-11,Australia,NA,New South Wales,7480228,0,0,3053,44
2020-05-12,Australia,NA,New South Wales,7480228,0,0,3053,44
2020-05-13,Australia,NA,New South Wales,7480228,6,1,3059,45
2020-05-14,Australia,NA,New South Wales,7480228,4,0,3063,45
2020-05-15,Australia,NA,New South Wales,7480228,8,0,3071,45
2020-05-16,Australia,NA,New South Wales,7480228,3,0,3074,45
2020-05-17,Australia,NA,New South Wales,7480228,1,0,3075,45
2020-05-18,Australia,NA,New South Wales,7480228,1,1,3076,46
2020-05-19,Australia,NA,New South Wales,7480228,2,1,3078,47
2020-05-20,Australia,NA,New South Wales,7480228,3,0,3081,47
2020-05-21,Australia,NA,New South Wales,7480228,1,0,3082,47
2020-05-22,Australia,NA,New South Wales,7480228,2,1,3084,48
2020-05-23,Australia,NA,New South Wales,7480228,2,0,3086,48
2020-05-24,Australia,NA,New South Wales,7480228,1,0,3087,48
2020-05-25,Australia,NA,New South Wales,7480228,3,0,3090,48
2020-05-26,Australia,NA,New South Wales,7480228,2,0,3092,48
2020-05-27,Australia,NA,New South Wales,7480228,0,0,3089,48
2020-05-28,Australia,NA,New South Wales,7480228,1,0,3090,48
2020-05-29,Australia,NA,New South Wales,7480228,2,0,3092,48
2020-05-30,Australia,NA,New South Wales,7480228,0,0,3092,48
2020-05-31,Australia,NA,New South Wales,7480228,3,0,3095,48
2020-06-01,Australia,NA,New South Wales,7480228,3,0,3098,48
2020-06-02,Australia,NA,New South Wales,7480228,6,0,3104,48
2020-06-03,Australia,NA,New South Wales,7480228,0,0,3104,48
2020-06-04,Australia,NA,New South Wales,7480228,2,0,3106,48
2020-06-05,Australia,NA,New South Wales,7480228,4,0,3110,48
2020-06-06,Australia,NA,New South Wales,7480228,0,0,3110,48
2020-06-07,Australia,NA,New South Wales,7480228,0,0,3109,48
2020-06-08,Australia,NA,New South Wales,7480228,3,0,3112,48
2020-06-09,Australia,NA,New South Wales,7480228,2,0,3114,48
2020-06-10,Australia,NA,New South Wales,7480228,3,0,3117,48
2020-06-11,Australia,NA,New South Wales,7480228,0,0,3117,48
2020-06-12,Australia,NA,New South Wales,7480228,0,0,3116,48
2020-06-13,Australia,NA,New South Wales,7480228,3,0,3119,48
2020-06-14,Australia,NA,New South Wales,7480228,9,0,3128,48
2020-06-15,Australia,NA,New South Wales,7480228,3,0,3131,48
2020-06-16,Australia,NA,New South Wales,7480228,3,0,3134,48
2020-06-17,Australia,NA,New South Wales,7480228,1,0,3135,48
2020-06-18,Australia,NA,New South Wales,7480228,2,0,3137,48
2020-06-19,Australia,NA,New South Wales,7480228,6,0,3143,48
2020-06-20,Australia,NA,New South Wales,7480228,1,0,3144,48
2020-06-21,Australia,NA,New South Wales,7480228,5,0,3149,48
2020-06-22,Australia,NA,New South Wales,7480228,2,0,3151,48
2020-06-23,Australia,NA,New South Wales,7480228,0,0,3150,48
2020-06-24,Australia,NA,New South Wales,7480228,9,0,3159,48
2020-06-25,Australia,NA,New South Wales,7480228,3,1,3162,49
2020-06-26,Australia,NA,New South Wales,7480228,6,0,3168,49
2020-06-27,Australia,NA,New South Wales,7480228,6,0,3174,49
2020-06-28,Australia,NA,New South Wales,7480228,3,0,3177,49
2020-06-29,Australia,NA,New South Wales,7480228,7,0,3184,49
2020-06-30,Australia,NA,New South Wales,7480228,5,0,3189,49
2020-07-01,Australia,NA,New South Wales,7480228,14,0,3203,49
2020-07-02,Australia,NA,New South Wales,7480228,8,0,3211,49
2020-07-03,Australia,NA,New South Wales,7480228,189,0,3400,49
2020-07-04,Australia,NA,New South Wales,7480228,5,0,3405,49
2020-07-05,Australia,NA,New South Wales,7480228,14,0,3419,49
2020-07-06,Australia,NA,New South Wales,7480228,10,0,3429,49
2020-07-07,Australia,NA,New South Wales,7480228,4,0,3433,49
2020-07-08,Australia,NA,New South Wales,7480228,7,0,3440,49
2020-07-09,Australia,NA,New South Wales,7480228,13,0,3453,49
2020-07-10,Australia,NA,New South Wales,7480228,14,0,3467,49
2020-07-11,Australia,NA,New South Wales,7480228,7,0,3474,49
2020-07-12,Australia,NA,New South Wales,7480228,4,0,3478,49
2020-07-13,Australia,NA,New South Wales,7480228,14,0,3492,49
2020-07-14,Australia,NA,New South Wales,7480228,13,0,3505,49
2020-07-15,Australia,NA,New South Wales,7480228,12,0,3517,49
2020-07-16,Australia,NA,New South Wales,7480228,10,0,3527,49
2020-07-17,Australia,NA,New South Wales,7480228,8,0,3535,49
2020-07-18,Australia,NA,New South Wales,7480228,15,0,3550,49
2020-07-19,Australia,NA,New South Wales,7480228,18,0,3568,49
2020-07-20,Australia,NA,New South Wales,7480228,20,0,3588,49
2020-07-21,Australia,NA,New South Wales,7480228,11,0,3599,49
2020-07-22,Australia,NA,New South Wales,7480228,15,0,3614,49
2020-07-23,Australia,NA,New South Wales,7480228,19,0,3633,49
2020-07-24,Australia,NA,New South Wales,7480228,7,0,3640,49
2020-07-25,Australia,NA,New South Wales,7480228,14,0,3654,49
2020-07-26,Australia,NA,New South Wales,7480228,14,0,3668,49
2020-07-27,Australia,NA,New South Wales,7480228,17,0,3685,49
2020-07-28,Australia,NA,New South Wales,7480228,14,0,3699,49
2020-07-29,Australia,NA,New South Wales,7480228,19,0,3718,49
2020-07-30,Australia,NA,New South Wales,7480228,18,0,3736,49
2020-07-31,Australia,NA,New South Wales,7480228,20,0,3756,49
2020-08-01,Australia,NA,New South Wales,7480228,17,0,3773,49
2020-08-02,Australia,NA,New South Wales,7480228,11,1,3784,50
2020-08-03,Australia,NA,New South Wales,7480228,13,0,3797,50
2020-08-04,Australia,NA,New South Wales,7480228,12,0,3809,50
2020-08-05,Australia,NA,New South Wales,7480228,11,0,3820,50
2020-08-06,Australia,NA,New South Wales,7480228,12,0,3832,50
2020-08-07,Australia,NA,New South Wales,7480228,10,0,3842,50
2020-08-08,Australia,NA,New South Wales,7480228,9,0,3851,50
2020-08-09,Australia,NA,New South Wales,7480228,10,0,3861,50
2020-08-10,Australia,NA,New South Wales,7480228,14,0,3875,50
2020-08-11,Australia,NA,New South Wales,7480228,22,0,3897,50
2020-08-12,Australia,NA,New South Wales,7480228,18,0,3915,50
2020-08-13,Australia,NA,New South Wales,7480228,12,1,3927,51
2020-08-14,Australia,NA,New South Wales,7480228,9,0,3936,51
2020-08-15,Australia,NA,New South Wales,7480228,9,0,3945,51
2020-08-16,Australia,NA,New South Wales,7480228,5,1,3950,52
2020-08-17,Australia,NA,New South Wales,7480228,7,0,3957,52
2020-08-18,Australia,NA,New South Wales,7480228,2,0,3959,52
2020-08-19,Australia,NA,New South Wales,7480228,7,0,3966,52
2020-08-20,Australia,NA,New South Wales,7480228,5,0,3971,52
2020-08-21,Australia,NA,New South Wales,7480228,1,0,3972,52
2020-08-22,Australia,NA,New South Wales,7480228,9,0,3981,52
2020-08-23,Australia,NA,New South Wales,7480228,4,0,3985,52
2020-08-24,Australia,NA,New South Wales,7480228,3,0,3988,52
2020-08-25,Australia,NA,New South Wales,7480228,3,0,3991,52
2020-08-26,Australia,NA,New South Wales,7480228,6,0,3997,52
2020-08-27,Australia,NA,New South Wales,7480228,9,0,4006,52
2020-08-28,Australia,NA,New South Wales,7480228,13,0,4019,52
2020-08-29,Australia,NA,New South Wales,7480228,14,0,4033,52
2020-08-30,Australia,NA,New South Wales,7480228,7,0,4040,52
2020-08-31,Australia,NA,New South Wales,7480228,10,0,4050,52
2020-03-19,Australia,NA,Queensland,4703193,50,0,144,0
2020-03-20,Australia,NA,Queensland,4703193,40,0,184,0
2020-03-21,Australia,NA,Queensland,4703193,37,0,221,0
2020-03-22,Australia,NA,Queensland,4703193,38,0,259,0
2020-03-23,Australia,NA,Queensland,4703193,60,0,319,0
2020-03-24,Australia,NA,Queensland,4703193,78,0,397,0
2020-03-25,Australia,NA,Queensland,4703193,46,1,443,1
2020-03-26,Australia,NA,Queensland,4703193,50,0,493,1
2020-03-27,Australia,NA,Queensland,4703193,62,0,555,1
2020-03-28,Australia,NA,Queensland,4703193,70,0,625,1
2020-03-29,Australia,NA,Queensland,4703193,31,1,656,2
2020-03-30,Australia,NA,Queensland,4703193,33,0,689,2
2020-03-31,Australia,NA,Queensland,4703193,54,0,743,2
2020-04-01,Australia,NA,Queensland,4703193,38,0,781,2
2020-04-02,Australia,NA,Queensland,4703193,54,1,835,3
2020-04-03,Australia,NA,Queensland,4703193,38,0,873,3
2020-04-04,Australia,NA,Queensland,4703193,27,0,900,3
2020-04-05,Australia,NA,Queensland,4703193,7,1,907,4
2020-04-06,Australia,NA,Queensland,4703193,14,0,921,4
2020-04-07,Australia,NA,Queensland,4703193,13,0,934,4
2020-04-08,Australia,NA,Queensland,4703193,9,0,943,4
2020-04-09,Australia,NA,Queensland,4703193,10,0,953,4
2020-04-10,Australia,NA,Queensland,4703193,12,0,965,4
2020-04-11,Australia,NA,Queensland,4703193,9,1,974,5
2020-04-12,Australia,NA,Queensland,4703193,9,0,983,5
2020-04-13,Australia,NA,Queensland,4703193,4,0,987,5
2020-04-14,Australia,NA,Queensland,4703193,11,0,998,5
2020-04-15,Australia,NA,Queensland,4703193,1,0,999,5
2020-04-16,Australia,NA,Queensland,4703193,2,0,1001,5
2020-04-17,Australia,NA,Queensland,4703193,6,0,1007,5
2020-04-18,Australia,NA,Queensland,4703193,7,1,1014,6
2020-04-19,Australia,NA,Queensland,4703193,5,0,1019,6
2020-04-20,Australia,NA,Queensland,4703193,0,0,1019,6
2020-04-21,Australia,NA,Queensland,4703193,5,0,1024,6
2020-04-22,Australia,NA,Queensland,4703193,0,0,1024,6
2020-04-23,Australia,NA,Queensland,4703193,2,0,1026,6
2020-04-24,Australia,NA,Queensland,4703193,0,0,1026,6
2020-04-25,Australia,NA,Queensland,4703193,0,0,1026,6
2020-04-26,Australia,NA,Queensland,4703193,4,0,1030,6
2020-04-27,Australia,NA,Queensland,4703193,3,0,1033,6
2020-04-28,Australia,NA,Queensland,4703193,0,0,1033,6
2020-04-29,Australia,NA,Queensland,4703193,1,0,1034,6
2020-04-30,Australia,NA,Queensland,4703193,0,0,1033,6
2020-05-01,Australia,NA,Queensland,4703193,0,0,1033,6
2020-05-02,Australia,NA,Queensland,4703193,1,0,1034,6
2020-05-03,Australia,NA,Queensland,4703193,1,0,1035,6
2020-05-04,Australia,NA,Queensland,4703193,3,0,1038,6
2020-05-05,Australia,NA,Queensland,4703193,5,0,1043,6
2020-05-06,Australia,NA,Queensland,4703193,0,0,1043,6
2020-05-07,Australia,NA,Queensland,4703193,2,0,1045,6
2020-05-08,Australia,NA,Queensland,4703193,0,0,1045,6
2020-05-09,Australia,NA,Queensland,4703193,0,0,1045,6
2020-05-10,Australia,NA,Queensland,4703193,0,0,1045,6
2020-05-11,Australia,NA,Queensland,4703193,0,0,1045,6
2020-05-12,Australia,NA,Queensland,4703193,6,0,1051,6
2020-05-13,Australia,NA,Queensland,4703193,0,0,1051,6
2020-05-14,Australia,NA,Queensland,4703193,1,0,1052,6
2020-05-15,Australia,NA,Queensland,4703193,2,0,1054,6
2020-05-16,Australia,NA,Queensland,4703193,1,0,1055,6
2020-05-17,Australia,NA,Queensland,4703193,0,0,1055,6
2020-05-18,Australia,NA,Queensland,4703193,2,0,1057,6
2020-05-19,Australia,NA,Queensland,4703193,0,0,1057,6
2020-05-20,Australia,NA,Queensland,4703193,1,0,1058,6
2020-05-21,Australia,NA,Queensland,4703193,0,0,1058,6
2020-05-22,Australia,NA,Queensland,4703193,0,0,1058,6
2020-05-23,Australia,NA,Queensland,4703193,0,0,1058,6
2020-05-24,Australia,NA,Queensland,4703193,1,0,1059,6
2020-05-25,Australia,NA,Queensland,4703193,0,0,1056,6
2020-05-26,Australia,NA,Queensland,4703193,1,0,1057,6
2020-05-27,Australia,NA,Queensland,4703193,1,1,1058,7
2020-05-28,Australia,NA,Queensland,4703193,0,0,1058,7
2020-05-29,Australia,NA,Queensland,4703193,0,0,1058,7
2020-05-30,Australia,NA,Queensland,4703193,0,0,1058,7
2020-05-31,Australia,NA,Queensland,4703193,0,0,1058,7
2020-06-01,Australia,NA,Queensland,4703193,0,0,1058,7
2020-06-02,Australia,NA,Queensland,4703193,1,0,1059,7
2020-06-03,Australia,NA,Queensland,4703193,0,0,1059,7
2020-06-04,Australia,NA,Queensland,4703193,1,0,1060,7
2020-06-05,Australia,NA,Queensland,4703193,0,0,1060,7
2020-06-06,Australia,NA,Queensland,4703193,1,0,1061,7
2020-06-07,Australia,NA,Queensland,4703193,1,0,1062,7
2020-06-08,Australia,NA,Queensland,4703193,0,0,1062,7
2020-06-09,Australia,NA,Queensland,4703193,0,0,1062,7
2020-06-10,Australia,NA,Queensland,4703193,0,0,1062,7
2020-06-11,Australia,NA,Queensland,4703193,1,0,1063,7
2020-06-12,Australia,NA,Queensland,4703193,1,0,1064,6
2020-06-13,Australia,NA,Queensland,4703193,1,0,1065,6
2020-06-14,Australia,NA,Queensland,4703193,0,0,1065,6
2020-06-15,Australia,NA,Queensland,4703193,0,0,1065,6
2020-06-16,Australia,NA,Queensland,4703193,0,0,1065,6
2020-06-17,Australia,NA,Queensland,4703193,1,0,1066,6
2020-06-18,Australia,NA,Queensland,4703193,0,0,1066,6
2020-06-19,Australia,NA,Queensland,4703193,0,0,1066,6
2020-06-20,Australia,NA,Queensland,4703193,0,0,1066,6
2020-06-21,Australia,NA,Queensland,4703193,0,0,1066,6
2020-06-22,Australia,NA,Queensland,4703193,0,0,1066,6
2020-06-23,Australia,NA,Queensland,4703193,0,0,1066,6
2020-06-24,Australia,NA,Queensland,4703193,0,0,1066,6
2020-06-25,Australia,NA,Queensland,4703193,0,0,1066,6
2020-06-26,Australia,NA,Queensland,4703193,1,0,1067,6
2020-06-27,Australia,NA,Queensland,4703193,0,0,1067,6
2020-06-28,Australia,NA,Queensland,4703193,0,0,1067,6
2020-06-29,Australia,NA,Queensland,4703193,0,0,1067,6
2020-06-30,Australia,NA,Queensland,4703193,0,0,1067,6
2020-07-01,Australia,NA,Queensland,4703193,0,0,1067,6
2020-07-02,Australia,NA,Queensland,4703193,0,0,1067,6
2020-07-03,Australia,NA,Queensland,4703193,0,0,1067,6
2020-07-04,Australia,NA,Queensland,4703193,0,0,1067,6
2020-07-05,Australia,NA,Queensland,4703193,0,0,1067,6
2020-07-06,Australia,NA,Queensland,4703193,0,0,1067,6
2020-07-07,Australia,NA,Queensland,4703193,1,0,1068,6
2020-07-08,Australia,NA,Queensland,4703193,0,0,1068,6
2020-07-09,Australia,NA,Queensland,4703193,0,0,1068,6
2020-07-10,Australia,NA,Queensland,4703193,0,0,1068,6
2020-07-11,Australia,NA,Queensland,4703193,2,0,1070,6
2020-07-12,Australia,NA,Queensland,4703193,0,0,1070,6
2020-07-13,Australia,NA,Queensland,4703193,1,0,1071,6
2020-07-14,Australia,NA,Queensland,4703193,0,0,1071,6
2020-07-15,Australia,NA,Queensland,4703193,0,0,1071,6
2020-07-16,Australia,NA,Queensland,4703193,0,0,1071,6
2020-07-17,Australia,NA,Queensland,4703193,0,0,1071,6
2020-07-18,Australia,NA,Queensland,4703193,0,0,1071,6
2020-07-19,Australia,NA,Queensland,4703193,0,0,1071,6
2020-07-20,Australia,NA,Queensland,4703193,1,0,1072,6
2020-07-21,Australia,NA,Queensland,4703193,0,0,1072,6
2020-07-22,Australia,NA,Queensland,4703193,1,0,1073,6
2020-07-23,Australia,NA,Queensland,4703193,1,0,1074,6
2020-07-24,Australia,NA,Queensland,4703193,2,0,1076,6
2020-07-25,Australia,NA,Queensland,4703193,0,0,1076,6
2020-07-26,Australia,NA,Queensland,4703193,0,0,1076,6
2020-07-27,Australia,NA,Queensland,4703193,0,0,1076,6
2020-07-28,Australia,NA,Queensland,4703193,0,0,1076,6
2020-07-29,Australia,NA,Queensland,4703193,2,0,1078,6
2020-07-30,Australia,NA,Queensland,4703193,4,0,1082,6
2020-07-31,Australia,NA,Queensland,4703193,1,0,1083,6
2020-08-01,Australia,NA,Queensland,4703193,1,0,1084,6
2020-08-02,Australia,NA,Queensland,4703193,1,0,1085,6
2020-08-03,Australia,NA,Queensland,4703193,0,0,1085,6
2020-08-04,Australia,NA,Queensland,4703193,0,0,1085,6
2020-08-05,Australia,NA,Queensland,4703193,3,0,1088,6
2020-08-06,Australia,NA,Queensland,4703193,0,0,1088,6
2020-08-07,Australia,NA,Queensland,4703193,0,0,1087,6
2020-08-08,Australia,NA,Queensland,4703193,1,0,1088,6
2020-08-09,Australia,NA,Queensland,4703193,0,0,1088,6
2020-08-10,Australia,NA,Queensland,4703193,1,0,1089,6
2020-08-11,Australia,NA,Queensland,4703193,0,0,1089,6
2020-08-12,Australia,NA,Queensland,4703193,0,0,1089,6
2020-08-13,Australia,NA,Queensland,4703193,0,0,1089,6
2020-08-14,Australia,NA,Queensland,4703193,3,0,1092,6
2020-08-15,Australia,NA,Queensland,4703193,0,0,1091,6
2020-08-16,Australia,NA,Queensland,4703193,0,0,1091,6
2020-08-17,Australia,NA,Queensland,4703193,0,0,1091,6
2020-08-18,Australia,NA,Queensland,4703193,0,0,1091,6
2020-08-19,Australia,NA,Queensland,4703193,1,0,1092,6
2020-08-20,Australia,NA,Queensland,4703193,1,0,1093,6
2020-08-21,Australia,NA,Queensland,4703193,1,0,1094,6
2020-08-22,Australia,NA,Queensland,4703193,9,0,1103,6
2020-08-23,Australia,NA,Queensland,4703193,2,0,1105,6
2020-08-24,Australia,NA,Queensland,4703193,1,0,1106,6
2020-08-25,Australia,NA,Queensland,4703193,0,0,1106,6
2020-08-26,Australia,NA,Queensland,4703193,2,0,1108,6
2020-08-27,Australia,NA,Queensland,4703193,2,0,1110,6
2020-08-28,Australia,NA,Queensland,4703193,3,0,1113,6
2020-08-29,Australia,NA,Queensland,4703193,4,0,1117,6
2020-08-30,Australia,NA,Queensland,4703193,4,0,1121,6
2020-08-31,Australia,NA,Queensland,4703193,1,0,1122,6
2020-03-23,Australia,NA,South Australia,1676653,34,0,134,0
2020-03-24,Australia,NA,South Australia,1676653,36,0,170,0
2020-03-25,Australia,NA,South Australia,1676653,27,0,197,0
2020-03-26,Australia,NA,South Australia,1676653,38,0,235,0
2020-03-27,Australia,NA,South Australia,1676653,22,0,257,0
2020-03-28,Australia,NA,South Australia,1676653,30,0,287,0
2020-03-29,Australia,NA,South Australia,1676653,12,0,299,0
2020-03-30,Australia,NA,South Australia,1676653,6,0,305,0
2020-03-31,Australia,NA,South Australia,1676653,32,0,337,0
2020-04-01,Australia,NA,South Australia,1676653,30,0,367,0
2020-04-02,Australia,NA,South Australia,1676653,18,0,385,0
2020-04-03,Australia,NA,South Australia,1676653,11,0,396,0
2020-04-04,Australia,NA,South Australia,1676653,11,0,407,0
2020-04-05,Australia,NA,South Australia,1676653,2,0,409,0
2020-04-06,Australia,NA,South Australia,1676653,2,0,411,0
2020-04-07,Australia,NA,South Australia,1676653,4,1,415,1
2020-04-08,Australia,NA,South Australia,1676653,5,1,420,2
2020-04-09,Australia,NA,South Australia,1676653,1,1,421,3
2020-04-10,Australia,NA,South Australia,1676653,7,0,428,3
2020-04-11,Australia,NA,South Australia,1676653,1,0,429,3
2020-04-12,Australia,NA,South Australia,1676653,0,1,429,4
2020-04-13,Australia,NA,South Australia,1676653,2,0,431,4
2020-04-14,Australia,NA,South Australia,1676653,2,0,433,4
2020-04-15,Australia,NA,South Australia,1676653,0,0,433,4
2020-04-16,Australia,NA,South Australia,1676653,1,0,434,4
2020-04-17,Australia,NA,South Australia,1676653,1,0,435,4
2020-04-18,Australia,NA,South Australia,1676653,0,0,435,4
2020-04-19,Australia,NA,South Australia,1676653,0,0,435,4
2020-04-20,Australia,NA,South Australia,1676653,0,0,435,4
2020-04-21,Australia,NA,South Australia,1676653,2,0,437,4
2020-04-22,Australia,NA,South Australia,1676653,1,0,438,4
2020-04-23,Australia,NA,South Australia,1676653,0,0,438,4
2020-04-24,Australia,NA,South Australia,1676653,0,0,438,4
2020-04-25,Australia,NA,South Australia,1676653,0,0,438,4
2020-04-26,Australia,NA,South Australia,1676653,0,0,438,4
2020-04-27,Australia,NA,South Australia,1676653,0,0,438,4
2020-04-28,Australia,NA,South Australia,1676653,0,0,438,4
2020-04-29,Australia,NA,South Australia,1676653,0,0,438,4
2020-04-30,Australia,NA,South Australia,1676653,0,0,438,4
2020-05-01,Australia,NA,South Australia,1676653,0,0,438,4
2020-05-02,Australia,NA,South Australia,1676653,0,0,438,4
2020-05-03,Australia,NA,South Australia,1676653,0,0,438,4
2020-05-04,Australia,NA,South Australia,1676653,0,0,438,4
2020-05-05,Australia,NA,South Australia,1676653,0,0,438,4
2020-05-06,Australia,NA,South Australia,1676653,0,0,438,4
2020-05-07,Australia,NA,South Australia,1676653,1,0,439,4
2020-05-08,Australia,NA,South Australia,1676653,0,0,439,4
2020-05-09,Australia,NA,South Australia,1676653,0,0,439,4
2020-05-10,Australia,NA,South Australia,1676653,0,0,439,4
2020-05-11,Australia,NA,South Australia,1676653,0,0,439,4
2020-05-12,Australia,NA,South Australia,1676653,0,0,439,4
2020-05-13,Australia,NA,South Australia,1676653,0,0,439,4
2020-05-14,Australia,NA,South Australia,1676653,0,0,439,4
2020-05-15,Australia,NA,South Australia,1676653,0,0,439,4
2020-05-16,Australia,NA,South Australia,1676653,0,0,439,4
2020-05-17,Australia,NA,South Australia,1676653,0,0,439,4
2020-05-18,Australia,NA,South Australia,1676653,0,0,439,4
2020-05-19,Australia,NA,South Australia,1676653,0,0,439,4
2020-05-20,Australia,NA,South Australia,1676653,0,0,439,4
2020-05-21,Australia,NA,South Australia,1676653,0,0,439,4
2020-05-22,Australia,NA,South Australia,1676653,0,0,439,4
2020-05-23,Australia,NA,South Australia,1676653,0,0,439,4
2020-05-24,Australia,NA,South Australia,1676653,0,0,439,4
2020-05-25,Australia,NA,South Australia,1676653,0,0,439,4
2020-05-26,Australia,NA,South Australia,1676653,1,0,440,4
2020-05-27,Australia,NA,South Australia,1676653,0,0,440,4
2020-05-28,Australia,NA,South Australia,1676653,0,0,440,4
2020-05-29,Australia,NA,South Australia,1676653,0,0,440,4
2020-05-30,Australia,NA,South Australia,1676653,0,0,440,4
2020-05-31,Australia,NA,South Australia,1676653,0,0,440,4
2020-06-01,Australia,NA,South Australia,1676653,0,0,440,4
2020-06-02,Australia,NA,South Australia,1676653,0,0,440,4
2020-06-03,Australia,NA,South Australia,1676653,0,0,440,4
2020-06-04,Australia,NA,South Australia,1676653,0,0,440,4
2020-06-05,Australia,NA,South Australia,1676653,0,0,440,4
2020-06-06,Australia,NA,South Australia,1676653,0,0,440,4
2020-06-07,Australia,NA,South Australia,1676653,0,0,440,4
2020-06-08,Australia,NA,South Australia,1676653,0,0,440,4
2020-06-09,Australia,NA,South Australia,1676653,0,0,440,4
2020-06-10,Australia,NA,South Australia,1676653,0,0,440,4
2020-06-11,Australia,NA,South Australia,1676653,0,0,440,4
2020-06-12,Australia,NA,South Australia,1676653,0,0,440,4
2020-06-13,Australia,NA,South Australia,1676653,0,0,440,4
2020-06-14,Australia,NA,South Australia,1676653,0,0,440,4
2020-06-15,Australia,NA,South Australia,1676653,0,0,440,4
2020-06-16,Australia,NA,South Australia,1676653,0,0,440,4
2020-06-17,Australia,NA,South Australia,1676653,0,0,440,4
2020-06-18,Australia,NA,South Australia,1676653,0,0,440,4
2020-06-19,Australia,NA,South Australia,1676653,0,0,440,4
2020-06-20,Australia,NA,South Australia,1676653,0,0,440,4
2020-06-21,Australia,NA,South Australia,1676653,0,0,440,4
2020-06-22,Australia,NA,South Australia,1676653,0,0,440,4
2020-06-23,Australia,NA,South Australia,1676653,0,0,440,4
2020-06-24,Australia,NA,South Australia,1676653,0,0,440,4
2020-06-25,Australia,NA,South Australia,1676653,0,0,440,4
2020-06-26,Australia,NA,South Australia,1676653,0,0,440,4
2020-06-27,Australia,NA,South Australia,1676653,0,0,440,4
2020-06-28,Australia,NA,South Australia,1676653,0,0,440,4
2020-06-29,Australia,NA,South Australia,1676653,3,0,443,4
2020-06-30,Australia,NA,South Australia,1676653,0,0,443,4
2020-07-01,Australia,NA,South Australia,1676653,0,0,443,4
2020-07-02,Australia,NA,South Australia,1676653,0,0,443,4
2020-07-03,Australia,NA,South Australia,1676653,0,0,443,4
2020-07-04,Australia,NA,South Australia,1676653,0,0,443,4
2020-07-05,Australia,NA,South Australia,1676653,0,0,443,4
2020-07-06,Australia,NA,South Australia,1676653,0,0,443,4
2020-07-07,Australia,NA,South Australia,1676653,0,0,443,4
2020-07-08,Australia,NA,South Australia,1676653,0,0,443,4
2020-07-09,Australia,NA,South Australia,1676653,0,0,443,4
2020-07-10,Australia,NA,South Australia,1676653,0,0,443,4
2020-07-11,Australia,NA,South Australia,1676653,0,0,443,4
2020-07-12,Australia,NA,South Australia,1676653,0,0,443,4
2020-07-13,Australia,NA,South Australia,1676653,0,0,443,4
2020-07-14,Australia,NA,South Australia,1676653,0,0,443,4
2020-07-15,Australia,NA,South Australia,1676653,0,0,443,4
2020-07-16,Australia,NA,South Australia,1676653,1,0,444,4
2020-07-17,Australia,NA,South Australia,1676653,0,0,444,4
2020-07-18,Australia,NA,South Australia,1676653,0,0,444,4
2020-07-19,Australia,NA,South Australia,1676653,0,0,444,4
2020-07-20,Australia,NA,South Australia,1676653,0,0,444,4
2020-07-21,Australia,NA,South Australia,1676653,0,0,444,4
2020-07-22,Australia,NA,South Australia,1676653,2,0,446,4
2020-07-23,Australia,NA,South Australia,1676653,1,0,447,4
2020-07-24,Australia,NA,South Australia,1676653,0,0,447,4
2020-07-25,Australia,NA,South Australia,1676653,0,0,447,4
2020-07-26,Australia,NA,South Australia,1676653,0,0,447,4
2020-07-27,Australia,NA,South Australia,1676653,0,0,447,4
2020-07-28,Australia,NA,South Australia,1676653,1,0,448,4
2020-07-29,Australia,NA,South Australia,1676653,0,0,448,4
2020-07-30,Australia,NA,South Australia,1676653,1,0,449,4
2020-07-31,Australia,NA,South Australia,1676653,1,0,450,4
2020-08-01,Australia,NA,South Australia,1676653,1,0,451,4
2020-08-02,Australia,NA,South Australia,1676653,2,0,453,4
2020-08-03,Australia,NA,South Australia,1676653,2,0,455,4
2020-08-04,Australia,NA,South Australia,1676653,1,0,456,4
2020-08-05,Australia,NA,South Australia,1676653,0,0,456,4
2020-08-06,Australia,NA,South Australia,1676653,0,0,456,4
2020-08-07,Australia,NA,South Australia,1676653,3,0,459,4
2020-08-08,Australia,NA,South Australia,1676653,0,0,459,4
2020-08-09,Australia,NA,South Australia,1676653,0,0,459,4
2020-08-10,Australia,NA,South Australia,1676653,0,0,459,4
2020-08-11,Australia,NA,South Australia,1676653,0,0,459,4
2020-08-12,Australia,NA,South Australia,1676653,0,0,459,4
2020-08-13,Australia,NA,South Australia,1676653,0,0,459,4
2020-08-14,Australia,NA,South Australia,1676653,1,0,460,4
2020-08-15,Australia,NA,South Australia,1676653,0,0,460,4
2020-08-16,Australia,NA,South Australia,1676653,1,0,461,4
2020-08-17,Australia,NA,South Australia,1676653,1,0,462,4
2020-08-18,Australia,NA,South Australia,1676653,0,0,462,4
2020-08-19,Australia,NA,South Australia,1676653,0,0,462,4
2020-08-20,Australia,NA,South Australia,1676653,0,0,462,4
2020-08-21,Australia,NA,South Australia,1676653,0,0,462,4
2020-08-22,Australia,NA,South Australia,1676653,0,0,462,4
2020-08-23,Australia,NA,South Australia,1676653,1,0,463,4
2020-04-09,Australia,NA,Tasmania,509965,9,0,106,3
2020-04-10,Australia,NA,Tasmania,509965,5,1,111,4
2020-04-11,Australia,NA,Tasmania,509965,12,0,123,4
2020-04-12,Australia,NA,Tasmania,509965,10,1,133,5
2020-04-13,Australia,NA,Tasmania,509965,11,0,144,5
2020-04-14,Australia,NA,Tasmania,509965,7,1,151,6
2020-04-15,Australia,NA,Tasmania,509965,17,0,168,6
2020-04-16,Australia,NA,Tasmania,509965,2,0,170,6
2020-04-17,Australia,NA,Tasmania,509965,12,1,182,7
2020-04-18,Australia,NA,Tasmania,509965,5,1,187,8
2020-04-19,Australia,NA,Tasmania,509965,5,0,192,8
2020-04-20,Australia,NA,Tasmania,509965,5,0,197,8
2020-04-21,Australia,NA,Tasmania,509965,5,0,202,8
2020-04-22,Australia,NA,Tasmania,509965,1,0,203,8
2020-04-23,Australia,NA,Tasmania,509965,4,0,207,8
2020-04-24,Australia,NA,Tasmania,509965,0,1,207,9
2020-04-25,Australia,NA,Tasmania,509965,2,1,209,10
2020-04-26,Australia,NA,Tasmania,509965,1,1,210,11
2020-04-27,Australia,NA,Tasmania,509965,4,0,214,11
2020-04-28,Australia,NA,Tasmania,509965,3,0,217,11
2020-04-29,Australia,NA,Tasmania,509965,3,0,220,11
2020-04-30,Australia,NA,Tasmania,509965,1,2,221,13
2020-05-01,Australia,NA,Tasmania,509965,2,0,223,13
2020-05-02,Australia,NA,Tasmania,509965,0,0,223,13
2020-05-03,Australia,NA,Tasmania,509965,0,0,223,13
2020-05-04,Australia,NA,Tasmania,509965,0,0,223,13
2020-05-05,Australia,NA,Tasmania,509965,0,0,223,13
2020-05-06,Australia,NA,Tasmania,509965,2,0,225,13
2020-05-07,Australia,NA,Tasmania,509965,1,0,226,13
2020-05-08,Australia,NA,Tasmania,509965,1,0,227,13
2020-05-09,Australia,NA,Tasmania,509965,0,0,227,13
2020-05-10,Australia,NA,Tasmania,509965,0,0,227,13
2020-05-11,Australia,NA,Tasmania,509965,0,0,227,13
2020-05-12,Australia,NA,Tasmania,509965,0,0,227,13
2020-05-13,Australia,NA,Tasmania,509965,0,0,227,13
2020-05-14,Australia,NA,Tasmania,509965,0,0,227,13
2020-05-15,Australia,NA,Tasmania,509965,0,0,227,13
2020-05-16,Australia,NA,Tasmania,509965,1,0,228,13
2020-05-17,Australia,NA,Tasmania,509965,0,0,228,13
2020-05-18,Australia,NA,Tasmania,509965,0,0,228,13
2020-05-19,Australia,NA,Tasmania,509965,0,0,228,13
2020-05-20,Australia,NA,Tasmania,509965,0,0,228,13
2020-05-21,Australia,NA,Tasmania,509965,0,0,228,13
2020-05-22,Australia,NA,Tasmania,509965,0,0,228,13
2020-05-23,Australia,NA,Tasmania,509965,0,0,228,13
2020-05-24,Australia,NA,Tasmania,509965,0,0,228,13
2020-05-25,Australia,NA,Tasmania,509965,0,0,228,13
2020-05-26,Australia,NA,Tasmania,509965,0,0,228,13
2020-05-27,Australia,NA,Tasmania,509965,0,0,228,13
2020-05-28,Australia,NA,Tasmania,509965,0,0,228,13
2020-05-29,Australia,NA,Tasmania,509965,0,0,228,13
2020-05-30,Australia,NA,Tasmania,509965,0,0,228,13
2020-05-31,Australia,NA,Tasmania,509965,0,0,228,13
2020-06-01,Australia,NA,Tasmania,509965,0,0,228,13
2020-06-02,Australia,NA,Tasmania,509965,0,0,228,13
2020-06-03,Australia,NA,Tasmania,509965,0,0,228,13
2020-06-04,Australia,NA,Tasmania,509965,0,0,228,13
2020-06-05,Australia,NA,Tasmania,509965,0,0,228,13
2020-06-06,Australia,NA,Tasmania,509965,0,0,228,13
2020-06-07,Australia,NA,Tasmania,509965,0,0,228,13
2020-06-08,Australia,NA,Tasmania,509965,0,0,228,13
2020-06-09,Australia,NA,Tasmania,509965,0,0,228,13
2020-06-10,Australia,NA,Tasmania,509965,0,0,228,13
2020-06-11,Australia,NA,Tasmania,509965,0,0,228,13
2020-06-12,Australia,NA,Tasmania,509965,0,0,228,13
2020-06-13,Australia,NA,Tasmania,509965,0,0,228,13
2020-06-14,Australia,NA,Tasmania,509965,0,0,228,13
2020-06-15,Australia,NA,Tasmania,509965,0,0,228,13
2020-06-16,Australia,NA,Tasmania,509965,0,0,228,13
2020-06-17,Australia,NA,Tasmania,509965,0,0,228,13
2020-06-18,Australia,NA,Tasmania,509965,0,0,228,13
2020-06-19,Australia,NA,Tasmania,509965,0,0,228,13
2020-06-20,Australia,NA,Tasmania,509965,0,0,228,13
2020-06-21,Australia,NA,Tasmania,509965,0,0,228,13
2020-06-22,Australia,NA,Tasmania,509965,0,0,228,13
2020-06-23,Australia,NA,Tasmania,509965,0,0,228,13
2020-06-24,Australia,NA,Tasmania,509965,0,0,228,13
2020-06-25,Australia,NA,Tasmania,509965,0,0,228,13
2020-06-26,Australia,NA,Tasmania,509965,0,0,228,13
2020-06-27,Australia,NA,Tasmania,509965,0,0,228,13
2020-06-28,Australia,NA,Tasmania,509965,0,0,228,13
2020-06-29,Australia,NA,Tasmania,509965,0,0,228,13
2020-06-30,Australia,NA,Tasmania,509965,0,0,228,13
2020-07-01,Australia,NA,Tasmania,509965,0,0,228,13
2020-07-02,Australia,NA,Tasmania,509965,0,0,228,13
2020-07-03,Australia,NA,Tasmania,509965,0,0,228,13
2020-07-04,Australia,NA,Tasmania,509965,0,0,228,13
2020-07-05,Australia,NA,Tasmania,509965,0,0,228,13
2020-07-06,Australia,NA,Tasmania,509965,0,0,228,13
2020-07-07,Australia,NA,Tasmania,509965,0,0,228,13
2020-07-08,Australia,NA,Tasmania,509965,0,0,228,13
2020-07-09,Australia,NA,Tasmania,509965,0,0,228,13
2020-07-10,Australia,NA,Tasmania,509965,0,0,228,13
2020-07-11,Australia,NA,Tasmania,509965,0,0,228,13
2020-07-12,Australia,NA,Tasmania,509965,0,0,228,13
2020-07-13,Australia,NA,Tasmania,509965,0,0,228,13
2020-07-14,Australia,NA,Tasmania,509965,0,0,228,13
2020-07-15,Australia,NA,Tasmania,509965,0,0,228,13
2020-07-16,Australia,NA,Tasmania,509965,0,0,228,13
2020-07-17,Australia,NA,Tasmania,509965,0,0,228,13
2020-07-18,Australia,NA,Tasmania,509965,0,0,228,13
2020-07-19,Australia,NA,Tasmania,509965,0,0,228,13
2020-07-20,Australia,NA,Tasmania,509965,0,0,228,13
2020-07-21,Australia,NA,Tasmania,509965,1,0,229,13
2020-07-22,Australia,NA,Tasmania,509965,0,0,229,13
2020-07-23,Australia,NA,Tasmania,509965,0,0,229,13
2020-07-24,Australia,NA,Tasmania,509965,0,0,229,13
2020-07-25,Australia,NA,Tasmania,509965,0,0,229,13
2020-07-26,Australia,NA,Tasmania,509965,0,0,229,13
2020-07-27,Australia,NA,Tasmania,509965,0,0,229,13
2020-07-28,Australia,NA,Tasmania,509965,0,0,229,13
2020-07-29,Australia,NA,Tasmania,509965,0,0,229,13
2020-07-30,Australia,NA,Tasmania,509965,0,0,229,13
2020-07-31,Australia,NA,Tasmania,509965,0,0,229,13
2020-08-01,Australia,NA,Tasmania,509965,0,0,229,13
2020-08-02,Australia,NA,Tasmania,509965,0,0,229,13
2020-08-03,Australia,NA,Tasmania,509965,0,0,229,13
2020-08-04,Australia,NA,Tasmania,509965,0,0,229,13
2020-08-05,Australia,NA,Tasmania,509965,0,0,229,13
2020-08-06,Australia,NA,Tasmania,509965,0,0,229,13
2020-08-07,Australia,NA,Tasmania,509965,0,0,229,13
2020-08-08,Australia,NA,Tasmania,509965,0,0,229,13
2020-08-09,Australia,NA,Tasmania,509965,0,0,229,13
2020-08-10,Australia,NA,Tasmania,509965,0,0,229,13
2020-08-11,Australia,NA,Tasmania,509965,0,0,229,13
2020-08-12,Australia,NA,Tasmania,509965,1,0,230,13
2020-03-18,Australia,NA,Victoria,5926624,27,0,121,0
2020-03-19,Australia,NA,Victoria,5926624,29,0,150,0
2020-03-20,Australia,NA,Victoria,5926624,28,0,178,0
2020-03-21,Australia,NA,Victoria,5926624,51,0,229,0
2020-03-22,Australia,NA,Victoria,5926624,67,0,296,0
2020-03-23,Australia,NA,Victoria,5926624,59,0,355,0
2020-03-24,Australia,NA,Victoria,5926624,56,0,411,0
2020-03-25,Australia,NA,Victoria,5926624,55,0,466,0
2020-03-26,Australia,NA,Victoria,5926624,54,3,520,3
2020-03-27,Australia,NA,Victoria,5926624,54,0,574,3
2020-03-28,Australia,NA,Victoria,5926624,111,0,685,3
2020-03-29,Australia,NA,Victoria,5926624,84,1,769,4
2020-03-30,Australia,NA,Victoria,5926624,52,0,821,4
2020-03-31,Australia,NA,Victoria,5926624,96,0,917,4
2020-04-01,Australia,NA,Victoria,5926624,51,0,968,4
2020-04-02,Australia,NA,Victoria,5926624,68,2,1036,6
2020-04-03,Australia,NA,Victoria,5926624,49,1,1085,7
2020-04-04,Australia,NA,Victoria,5926624,30,1,1115,8
2020-04-05,Australia,NA,Victoria,5926624,20,0,1135,8
2020-04-06,Australia,NA,Victoria,5926624,23,2,1158,10
2020-04-07,Australia,NA,Victoria,5926624,33,1,1191,11
2020-04-08,Australia,NA,Victoria,5926624,21,1,1212,12
2020-04-09,Australia,NA,Victoria,5926624,16,0,1228,12
2020-04-10,Australia,NA,Victoria,5926624,13,1,1241,13
2020-04-11,Australia,NA,Victoria,5926624,24,1,1265,14
2020-04-12,Australia,NA,Victoria,5926624,3,0,1268,14
2020-04-13,Australia,NA,Victoria,5926624,13,0,1281,14
2020-04-14,Australia,NA,Victoria,5926624,10,0,1291,14
2020-04-15,Australia,NA,Victoria,5926624,8,0,1299,14
2020-04-16,Australia,NA,Victoria,5926624,2,0,1301,14
2020-04-17,Australia,NA,Victoria,5926624,1,0,1302,14
2020-04-18,Australia,NA,Victoria,5926624,17,0,1319,14
2020-04-19,Australia,NA,Victoria,5926624,9,1,1328,15
2020-04-20,Australia,NA,Victoria,5926624,1,0,1329,15
2020-04-21,Australia,NA,Victoria,5926624,7,0,1336,15
2020-04-22,Australia,NA,Victoria,5926624,0,0,1336,15
2020-04-23,Australia,NA,Victoria,5926624,1,1,1337,16
2020-04-24,Australia,NA,Victoria,5926624,6,0,1343,16
2020-04-25,Australia,NA,Victoria,5926624,3,0,1346,16
2020-04-26,Australia,NA,Victoria,5926624,3,1,1349,17
2020-04-27,Australia,NA,Victoria,5926624,0,0,1349,17
2020-04-28,Australia,NA,Victoria,5926624,2,0,1351,17
2020-04-29,Australia,NA,Victoria,5926624,3,1,1354,18
2020-04-30,Australia,NA,Victoria,5926624,7,0,1361,18
2020-05-01,Australia,NA,Victoria,5926624,3,0,1364,18
2020-05-02,Australia,NA,Victoria,5926624,7,0,1371,18
2020-05-03,Australia,NA,Victoria,5926624,13,0,1384,18
2020-05-04,Australia,NA,Victoria,5926624,22,0,1406,18
2020-05-05,Australia,NA,Victoria,5926624,17,0,1423,18
2020-05-06,Australia,NA,Victoria,5926624,17,0,1440,18
2020-05-07,Australia,NA,Victoria,5926624,15,0,1455,18
2020-05-08,Australia,NA,Victoria,5926624,13,0,1468,18
2020-05-09,Australia,NA,Victoria,5926624,11,0,1479,18
2020-05-10,Australia,NA,Victoria,5926624,10,0,1489,18
2020-05-11,Australia,NA,Victoria,5926624,7,0,1496,18
2020-05-12,Australia,NA,Victoria,5926624,11,0,1507,18
2020-05-13,Australia,NA,Victoria,5926624,5,0,1512,18
2020-05-14,Australia,NA,Victoria,5926624,8,0,1520,18
2020-05-15,Australia,NA,Victoria,5926624,20,0,1540,18
2020-05-16,Australia,NA,Victoria,5926624,11,0,1551,18
2020-05-17,Australia,NA,Victoria,5926624,7,0,1558,18
2020-05-18,Australia,NA,Victoria,5926624,9,0,1567,18
2020-05-19,Australia,NA,Victoria,5926624,6,0,1573,18
2020-05-20,Australia,NA,Victoria,5926624,7,0,1580,18
2020-05-21,Australia,NA,Victoria,5926624,1,0,1581,18
2020-05-22,Australia,NA,Victoria,5926624,12,0,1593,18
2020-05-23,Australia,NA,Victoria,5926624,9,1,1602,19
2020-05-24,Australia,NA,Victoria,5926624,1,0,1603,19
2020-05-25,Australia,NA,Victoria,5926624,2,0,1605,19
2020-05-26,Australia,NA,Victoria,5926624,5,0,1610,19
2020-05-27,Australia,NA,Victoria,5926624,8,0,1618,19
2020-05-28,Australia,NA,Victoria,5926624,10,0,1628,19
2020-05-29,Australia,NA,Victoria,5926624,6,0,1634,19
2020-05-30,Australia,NA,Victoria,5926624,11,0,1645,19
2020-05-31,Australia,NA,Victoria,5926624,4,0,1649,19
2020-06-01,Australia,NA,Victoria,5926624,4,0,1653,19
2020-06-02,Australia,NA,Victoria,5926624,10,0,1663,19
2020-06-03,Australia,NA,Victoria,5926624,7,0,1670,19
2020-06-04,Australia,NA,Victoria,5926624,8,0,1678,19
2020-06-05,Australia,NA,Victoria,5926624,3,0,1681,19
2020-06-06,Australia,NA,Victoria,5926624,0,0,1681,19
2020-06-07,Australia,NA,Victoria,5926624,4,0,1685,19
2020-06-08,Australia,NA,Victoria,5926624,2,0,1687,19
2020-06-09,Australia,NA,Victoria,5926624,0,0,1687,19
2020-06-10,Australia,NA,Victoria,5926624,4,0,1691,19
2020-06-11,Australia,NA,Victoria,5926624,8,0,1699,19
2020-06-12,Australia,NA,Victoria,5926624,4,0,1703,19
2020-06-13,Australia,NA,Victoria,5926624,8,0,1711,19
2020-06-14,Australia,NA,Victoria,5926624,9,0,1720,19
2020-06-15,Australia,NA,Victoria,5926624,12,0,1732,19
2020-06-16,Australia,NA,Victoria,5926624,9,0,1741,19
2020-06-17,Australia,NA,Victoria,5926624,21,0,1762,19
2020-06-18,Australia,NA,Victoria,5926624,18,0,1780,19
2020-06-19,Australia,NA,Victoria,5926624,12,0,1792,19
2020-06-20,Australia,NA,Victoria,5926624,25,0,1817,19
2020-06-21,Australia,NA,Victoria,5926624,19,0,1836,19
2020-06-22,Australia,NA,Victoria,5926624,11,0,1847,19
2020-06-23,Australia,NA,Victoria,5926624,17,0,1864,19
2020-06-24,Australia,NA,Victoria,5926624,20,1,1884,20
2020-06-25,Australia,NA,Victoria,5926624,33,0,1917,20
2020-06-26,Australia,NA,Victoria,5926624,30,0,1947,20
2020-06-27,Australia,NA,Victoria,5926624,40,0,1987,20
2020-06-28,Australia,NA,Victoria,5926624,41,0,2028,20
2020-06-29,Australia,NA,Victoria,5926624,71,0,2099,20
2020-06-30,Australia,NA,Victoria,5926624,60,0,2159,20
2020-07-01,Australia,NA,Victoria,5926624,72,0,2231,20
2020-07-02,Australia,NA,Victoria,5926624,72,0,2303,20
2020-07-03,Australia,NA,Victoria,5926624,65,0,2368,20
2020-07-04,Australia,NA,Victoria,5926624,101,0,2469,20
2020-07-05,Australia,NA,Victoria,5926624,67,0,2536,20
2020-07-06,Australia,NA,Victoria,5926624,124,2,2660,22
2020-07-07,Australia,NA,Victoria,5926624,164,0,2824,22
2020-07-08,Australia,NA,Victoria,5926624,118,0,2942,22
2020-07-09,Australia,NA,Victoria,5926624,156,0,3098,22
2020-07-10,Australia,NA,Victoria,5926624,281,0,3379,22
2020-07-11,Australia,NA,Victoria,5926624,181,1,3560,23
2020-07-12,Australia,NA,Victoria,5926624,239,1,3799,24
2020-07-13,Australia,NA,Victoria,5926624,168,0,3967,24
2020-07-14,Australia,NA,Victoria,5926624,257,2,4224,26
2020-07-15,Australia,NA,Victoria,5926624,224,1,4448,27
2020-07-16,Australia,NA,Victoria,5926624,302,2,4750,29
2020-07-17,Australia,NA,Victoria,5926624,415,3,5165,32
2020-07-18,Australia,NA,Victoria,5926624,188,3,5353,35
2020-07-19,Australia,NA,Victoria,5926624,343,3,5696,38
2020-07-20,Australia,NA,Victoria,5926624,246,1,5942,39
2020-07-21,Australia,NA,Victoria,5926624,347,3,6289,42
2020-07-22,Australia,NA,Victoria,5926624,450,2,6739,44
2020-07-23,Australia,NA,Victoria,5926624,386,5,7125,49
2020-07-24,Australia,NA,Victoria,5926624,280,7,7405,56
2020-07-25,Australia,NA,Victoria,5926624,339,5,7744,61
2020-07-26,Australia,NA,Victoria,5926624,437,10,8181,71
2020-07-27,Australia,NA,Victoria,5926624,515,6,8696,77
2020-07-28,Australia,NA,Victoria,5926624,353,6,9049,83
2020-07-29,Australia,NA,Victoria,5926624,255,9,9304,92
2020-07-30,Australia,NA,Victoria,5926624,694,14,9998,106
2020-07-31,Australia,NA,Victoria,5926624,579,7,10577,113
2020-08-01,Australia,NA,Victoria,5926624,354,3,10931,116
2020-08-02,Australia,NA,Victoria,5926624,626,7,11557,123
2020-08-03,Australia,NA,Victoria,5926624,380,13,11937,136
2020-08-04,Australia,NA,Victoria,5926624,398,11,12335,147
2020-08-05,Australia,NA,Victoria,5926624,700,15,13035,162
2020-08-06,Australia,NA,Victoria,5926624,434,8,13469,170
2020-08-07,Australia,NA,Victoria,5926624,398,11,13867,181
2020-08-08,Australia,NA,Victoria,5926624,416,12,14283,193
2020-08-09,Australia,NA,Victoria,5926624,376,17,14659,210
2020-08-10,Australia,NA,Victoria,5926624,298,18,14957,228
2020-08-11,Australia,NA,Victoria,5926624,294,18,15251,246
2020-08-12,Australia,NA,Victoria,5926624,395,21,15646,267
2020-08-13,Australia,NA,Victoria,5926624,217,8,15863,275
2020-08-14,Australia,NA,Victoria,5926624,371,14,16234,289
2020-08-15,Australia,NA,Victoria,5926624,283,4,16517,293
2020-08-16,Australia,NA,Victoria,5926624,247,16,16764,309
2020-08-17,Australia,NA,Victoria,5926624,263,25,17027,334
2020-08-18,Australia,NA,Victoria,5926624,211,17,17238,351
2020-08-19,Australia,NA,Victoria,5926624,208,12,17446,363
2020-08-20,Australia,NA,Victoria,5926624,237,13,17683,376
2020-08-21,Australia,NA,Victoria,5926624,169,9,17852,385
2020-08-22,Australia,NA,Victoria,5926624,177,3,18029,388
2020-08-23,Australia,NA,Victoria,5926624,202,27,18231,415
2020-08-24,Australia,NA,Victoria,5926624,99,15,18330,430
2020-08-25,Australia,NA,Victoria,5926624,134,8,18464,438
2020-08-26,Australia,NA,Victoria,5926624,144,24,18608,462
2020-08-27,Australia,NA,Victoria,5926624,106,23,18714,485
2020-08-28,Australia,NA,Victoria,5926624,108,12,18822,497
2020-08-29,Australia,NA,Victoria,5926624,81,16,18903,513
2020-08-30,Australia,NA,Victoria,5926624,112,11,19015,524
2020-08-31,Australia,NA,Victoria,5926624,65,41,19080,565
2020-03-22,Australia,NA,Western Australia,2474410,30,1,120,1
2020-03-23,Australia,NA,Western Australia,2474410,20,0,140,1
2020-03-24,Australia,NA,Western Australia,2474410,35,0,175,1
2020-03-25,Australia,NA,Western Australia,2474410,30,0,205,1
2020-03-26,Australia,NA,Western Australia,2474410,26,1,231,2
2020-03-27,Australia,NA,Western Australia,2474410,24,0,255,2
2020-03-28,Australia,NA,Western Australia,2474410,23,0,278,2
2020-03-29,Australia,NA,Western Australia,2474410,34,0,312,2
2020-03-30,Australia,NA,Western Australia,2474410,43,0,355,2
2020-03-31,Australia,NA,Western Australia,2474410,9,0,364,2
2020-04-01,Australia,NA,Western Australia,2474410,28,0,392,2
2020-04-02,Australia,NA,Western Australia,2474410,8,0,400,2
2020-04-03,Australia,NA,Western Australia,2474410,22,1,422,3
2020-04-04,Australia,NA,Western Australia,2474410,14,0,436,3
2020-04-05,Australia,NA,Western Australia,2474410,17,0,453,3
2020-04-06,Australia,NA,Western Australia,2474410,7,1,460,4
2020-04-07,Australia,NA,Western Australia,2474410,10,2,470,6
2020-04-08,Australia,NA,Western Australia,2474410,11,0,481,6
2020-04-09,Australia,NA,Western Australia,2474410,14,0,495,6
2020-04-10,Australia,NA,Western Australia,2474410,11,0,506,6
2020-04-11,Australia,NA,Western Australia,2474410,8,0,514,6
2020-04-12,Australia,NA,Western Australia,2474410,3,0,517,6
2020-04-13,Australia,NA,Western Australia,2474410,6,0,523,6
2020-04-14,Australia,NA,Western Australia,2474410,4,0,527,6
2020-04-15,Australia,NA,Western Australia,2474410,5,0,532,6
2020-04-16,Australia,NA,Western Australia,2474410,3,0,535,6
2020-04-17,Australia,NA,Western Australia,2474410,6,1,541,7
2020-04-18,Australia,NA,Western Australia,2474410,3,0,544,7
2020-04-19,Australia,NA,Western Australia,2474410,1,0,545,7
2020-04-20,Australia,NA,Western Australia,2474410,0,0,545,7
2020-04-21,Australia,NA,Western Australia,2474410,1,0,546,7
2020-04-22,Australia,NA,Western Australia,2474410,0,0,546,7
2020-04-23,Australia,NA,Western Australia,2474410,0,0,546,7
2020-04-24,Australia,NA,Western Australia,2474410,2,1,548,8
2020-04-25,Australia,NA,Western Australia,2474410,1,0,549,8
2020-04-26,Australia,NA,Western Australia,2474410,0,0,549,8
2020-04-27,Australia,NA,Western Australia,2474410,0,0,549,8
2020-04-28,Australia,NA,Western Australia,2474410,1,0,550,8
2020-04-29,Australia,NA,Western Australia,2474410,1,0,551,8
2020-04-30,Australia,NA,Western Australia,2474410,0,0,551,8
2020-05-01,Australia,NA,Western Australia,2474410,0,0,551,8
2020-05-02,Australia,NA,Western Australia,2474410,0,0,551,8
2020-05-03,Australia,NA,Western Australia,2474410,0,1,551,9
2020-05-04,Australia,NA,Western Australia,2474410,0,0,551,9
2020-05-05,Australia,NA,Western Australia,2474410,0,0,551,9
2020-05-06,Australia,NA,Western Australia,2474410,0,0,551,9
2020-05-07,Australia,NA,Western Australia,2474410,0,0,551,9
2020-05-08,Australia,NA,Western Australia,2474410,1,0,552,9
2020-05-09,Australia,NA,Western Australia,2474410,0,0,552,9
2020-05-10,Australia,NA,Western Australia,2474410,0,0,552,9
2020-05-11,Australia,NA,Western Australia,2474410,0,0,552,9
2020-05-12,Australia,NA,Western Australia,2474410,0,0,551,9
2020-05-13,Australia,NA,Western Australia,2474410,0,0,551,9
2020-05-14,Australia,NA,Western Australia,2474410,1,0,552,9
2020-05-15,Australia,NA,Western Australia,2474410,0,0,552,9
2020-05-16,Australia,NA,Western Australia,2474410,1,0,553,9
2020-05-17,Australia,NA,Western Australia,2474410,1,0,554,9
2020-05-18,Australia,NA,Western Australia,2474410,3,0,557,9
2020-05-19,Australia,NA,Western Australia,2474410,0,0,557,9
2020-05-20,Australia,NA,Western Australia,2474410,0,0,557,9
2020-05-21,Australia,NA,Western Australia,2474410,0,0,557,9
2020-05-22,Australia,NA,Western Australia,2474410,0,0,557,9
2020-05-23,Australia,NA,Western Australia,2474410,0,0,557,9
2020-05-24,Australia,NA,Western Australia,2474410,0,0,557,9
2020-05-25,Australia,NA,Western Australia,2474410,7,0,564,9
2020-05-26,Australia,NA,Western Australia,2474410,6,0,570,9
2020-05-27,Australia,NA,Western Australia,2474410,0,0,570,9
2020-05-28,Australia,NA,Western Australia,2474410,0,0,570,9
2020-05-29,Australia,NA,Western Australia,2474410,15,0,585,9
2020-05-30,Australia,NA,Western Australia,2474410,1,0,586,9
2020-05-31,Australia,NA,Western Australia,2474410,3,0,589,9
2020-06-01,Australia,NA,Western Australia,2474410,2,0,591,9
2020-06-02,Australia,NA,Western Australia,2474410,0,0,591,9
2020-06-03,Australia,NA,Western Australia,2474410,1,0,592,9
2020-06-04,Australia,NA,Western Australia,2474410,0,0,592,9
2020-06-05,Australia,NA,Western Australia,2474410,4,0,596,9
2020-06-06,Australia,NA,Western Australia,2474410,3,0,599,9
2020-06-07,Australia,NA,Western Australia,2474410,0,0,599,9
2020-06-08,Australia,NA,Western Australia,2474410,0,0,599,9
2020-06-09,Australia,NA,Western Australia,2474410,0,0,599,9
2020-06-10,Australia,NA,Western Australia,2474410,2,0,601,9
2020-06-11,Australia,NA,Western Australia,2474410,0,0,601,9
2020-06-12,Australia,NA,Western Australia,2474410,1,0,602,9
2020-06-13,Australia,NA,Western Australia,2474410,0,0,602,9
2020-06-14,Australia,NA,Western Australia,2474410,0,0,602,9
2020-06-15,Australia,NA,Western Australia,2474410,0,0,602,9
2020-06-16,Australia,NA,Western Australia,2474410,0,0,602,9
2020-06-17,Australia,NA,Western Australia,2474410,0,0,602,9
2020-06-18,Australia,NA,Western Australia,2474410,1,0,603,9
2020-06-19,Australia,NA,Western Australia,2474410,0,0,603,9
2020-06-20,Australia,NA,Western Australia,2474410,1,0,604,9
2020-06-21,Australia,NA,Western Australia,2474410,1,0,605,9
2020-06-22,Australia,NA,Western Australia,2474410,0,0,605,9
2020-06-23,Australia,NA,Western Australia,2474410,2,0,607,9
2020-06-24,Australia,NA,Western Australia,2474410,0,0,607,9
2020-06-25,Australia,NA,Western Australia,2474410,1,0,608,9
2020-06-26,Australia,NA,Western Australia,2474410,0,0,608,9
2020-06-27,Australia,NA,Western Australia,2474410,0,0,608,9
2020-06-28,Australia,NA,Western Australia,2474410,1,0,609,9
2020-06-29,Australia,NA,Western Australia,2474410,0,0,609,9
2020-06-30,Australia,NA,Western Australia,2474410,2,0,611,9
2020-07-01,Australia,NA,Western Australia,2474410,0,0,611,9
2020-07-02,Australia,NA,Western Australia,2474410,0,0,611,9
2020-07-03,Australia,NA,Western Australia,2474410,0,0,611,9
2020-07-04,Australia,NA,Western Australia,2474410,1,0,612,9
2020-07-05,Australia,NA,Western Australia,2474410,6,0,618,9
2020-07-06,Australia,NA,Western Australia,2474410,3,0,621,9
2020-07-07,Australia,NA,Western Australia,2474410,0,0,621,9
2020-07-08,Australia,NA,Western Australia,2474410,3,0,624,9
2020-07-09,Australia,NA,Western Australia,2474410,3,0,627,9
2020-07-10,Australia,NA,Western Australia,2474410,3,0,630,9
2020-07-11,Australia,NA,Western Australia,2474410,4,0,634,9
2020-07-12,Australia,NA,Western Australia,2474410,1,0,635,9
2020-07-13,Australia,NA,Western Australia,2474410,0,0,635,9
2020-07-14,Australia,NA,Western Australia,2474410,1,0,636,9
2020-07-15,Australia,NA,Western Australia,2474410,8,0,644,9
2020-07-16,Australia,NA,Western Australia,2474410,2,0,646,9
2020-07-17,Australia,NA,Western Australia,2474410,2,0,648,9
2020-07-18,Australia,NA,Western Australia,2474410,3,0,651,9
2020-07-19,Australia,NA,Western Australia,2474410,0,0,651,9
2020-07-20,Australia,NA,Western Australia,2474410,0,0,651,9
2020-07-21,Australia,NA,Western Australia,2474410,0,0,651,9
2020-07-22,Australia,NA,Western Australia,2474410,0,0,651,9
2020-07-23,Australia,NA,Western Australia,2474410,3,0,654,9
2020-07-24,Australia,NA,Western Australia,2474410,0,0,654,9
2020-07-25,Australia,NA,Western Australia,2474410,2,0,656,9
2020-07-26,Australia,NA,Western Australia,2474410,2,0,658,9
2020-07-27,Australia,NA,Western Australia,2474410,0,0,658,9
2020-07-28,Australia,NA,Western Australia,2474410,1,0,659,9
2020-07-29,Australia,NA,Western Australia,2474410,2,0,661,9
2020-07-30,Australia,NA,Western Australia,2474410,4,0,665,9
2020-07-31,Australia,NA,Western Australia,2474410,1,0,666,9
2020-08-01,Australia,NA,Western Australia,2474410,2,0,668,9
2020-08-02,Australia,NA,Western Australia,2474410,1,0,669,9
2020-08-03,Australia,NA,Western Australia,2474410,0,0,669,9
2020-08-04,Australia,NA,Western Australia,2474410,0,0,669,9
2020-08-05,Australia,NA,Western Australia,2474410,1,0,670,9
2020-08-06,Australia,NA,Western Australia,2474410,0,0,642,9
2020-08-07,Australia,NA,Western Australia,2474410,0,0,642,9
2020-08-08,Australia,NA,Western Australia,2474410,0,0,642,9
2020-08-09,Australia,NA,Western Australia,2474410,0,0,642,9
2020-08-10,Australia,NA,Western Australia,2474410,0,0,642,9
2020-08-11,Australia,NA,Western Australia,2474410,0,0,642,9
2020-08-12,Australia,NA,Western Australia,2474410,0,0,642,9
2020-08-13,Australia,NA,Western Australia,2474410,2,0,644,9
2020-08-14,Australia,NA,Western Australia,2474410,1,0,645,9
2020-08-15,Australia,NA,Western Australia,2474410,1,0,646,9
2020-08-16,Australia,NA,Western Australia,2474410,0,0,646,9
2020-08-17,Australia,NA,Western Australia,2474410,0,0,646,9
2020-08-18,Australia,NA,Western Australia,2474410,1,0,647,9
2020-08-19,Australia,NA,Western Australia,2474410,4,0,651,9
2020-08-20,Australia,NA,Western Australia,2474410,0,0,651,9
2020-08-21,Australia,NA,Western Australia,2474410,0,0,651,9
2020-08-22,Australia,NA,Western Australia,2474410,0,0,651,9
2020-08-23,Australia,NA,Western Australia,2474410,1,0,652,9
2020-08-24,Australia,NA,Western Australia,2474410,1,0,653,9
2020-08-25,Australia,NA,Western Australia,2474410,0,0,653,9
2020-08-26,Australia,NA,Western Australia,2474410,0,0,653,9
2020-08-27,Australia,NA,Western Australia,2474410,0,0,653,9
2020-08-28,Australia,NA,Western Australia,2474410,2,0,655,9
2020-03-12,Belgium,NA,Antwerp,1847486,33,0,128,0
2020-03-13,Belgium,NA,Antwerp,1847486,47,0,175,0
2020-03-14,Belgium,NA,Antwerp,1847486,21,0,196,0
2020-03-15,Belgium,NA,Antwerp,1847486,24,0,220,0
2020-03-16,Belgium,NA,Antwerp,1847486,46,0,266,0
2020-03-17,Belgium,NA,Antwerp,1847486,54,0,320,0
2020-03-18,Belgium,NA,Antwerp,1847486,55,0,375,0
2020-03-19,Belgium,NA,Antwerp,1847486,82,0,457,0
2020-03-20,Belgium,NA,Antwerp,1847486,67,0,524,0
2020-03-21,Belgium,NA,Antwerp,1847486,63,0,587,0
2020-03-22,Belgium,NA,Antwerp,1847486,55,0,642,0
2020-03-23,Belgium,NA,Antwerp,1847486,194,0,836,0
2020-03-24,Belgium,NA,Antwerp,1847486,172,0,1008,0
2020-03-25,Belgium,NA,Antwerp,1847486,171,0,1179,0
2020-03-26,Belgium,NA,Antwerp,1847486,183,0,1362,0
2020-03-27,Belgium,NA,Antwerp,1847486,190,0,1552,0
2020-03-28,Belgium,NA,Antwerp,1847486,100,0,1652,0
2020-03-29,Belgium,NA,Antwerp,1847486,102,0,1754,0
2020-03-30,Belgium,NA,Antwerp,1847486,231,0,1985,0
2020-03-31,Belgium,NA,Antwerp,1847486,175,0,2160,0
2020-04-01,Belgium,NA,Antwerp,1847486,178,0,2338,0
2020-04-02,Belgium,NA,Antwerp,1847486,166,0,2504,0
2020-04-03,Belgium,NA,Antwerp,1847486,186,0,2690,0
2020-04-04,Belgium,NA,Antwerp,1847486,108,0,2798,0
2020-04-05,Belgium,NA,Antwerp,1847486,79,0,2877,0
2020-04-06,Belgium,NA,Antwerp,1847486,247,0,3124,0
2020-04-07,Belgium,NA,Antwerp,1847486,179,0,3303,0
2020-04-08,Belgium,NA,Antwerp,1847486,216,0,3519,0
2020-04-09,Belgium,NA,Antwerp,1847486,302,0,3821,0
2020-04-10,Belgium,NA,Antwerp,1847486,264,0,4085,0
2020-04-11,Belgium,NA,Antwerp,1847486,93,0,4178,0
2020-04-12,Belgium,NA,Antwerp,1847486,86,0,4264,0
2020-04-13,Belgium,NA,Antwerp,1847486,65,0,4329,0
2020-04-14,Belgium,NA,Antwerp,1847486,143,0,4472,0
2020-04-15,Belgium,NA,Antwerp,1847486,175,0,4647,0
2020-04-16,Belgium,NA,Antwerp,1847486,211,0,4858,0
2020-04-17,Belgium,NA,Antwerp,1847486,110,0,4968,0
2020-04-18,Belgium,NA,Antwerp,1847486,63,0,5031,0
2020-04-19,Belgium,NA,Antwerp,1847486,51,0,5082,0
2020-04-20,Belgium,NA,Antwerp,1847486,167,0,5249,0
2020-04-21,Belgium,NA,Antwerp,1847486,184,0,5433,0
2020-04-22,Belgium,NA,Antwerp,1847486,102,0,5535,0
2020-04-23,Belgium,NA,Antwerp,1847486,132,0,5667,0
2020-04-24,Belgium,NA,Antwerp,1847486,84,0,5751,0
2020-04-25,Belgium,NA,Antwerp,1847486,38,0,5789,0
2020-04-26,Belgium,NA,Antwerp,1847486,39,0,5828,0
2020-04-27,Belgium,NA,Antwerp,1847486,152,0,5980,0
2020-04-28,Belgium,NA,Antwerp,1847486,124,0,6104,0
2020-04-29,Belgium,NA,Antwerp,1847486,121,0,6225,0
2020-04-30,Belgium,NA,Antwerp,1847486,173,0,6398,0
2020-05-01,Belgium,NA,Antwerp,1847486,71,0,6469,0
2020-05-02,Belgium,NA,Antwerp,1847486,54,0,6523,0
2020-05-03,Belgium,NA,Antwerp,1847486,39,0,6562,0
2020-05-04,Belgium,NA,Antwerp,1847486,168,0,6730,0
2020-05-05,Belgium,NA,Antwerp,1847486,139,0,6869,0
2020-05-06,Belgium,NA,Antwerp,1847486,153,0,7022,0
2020-05-07,Belgium,NA,Antwerp,1847486,94,0,7116,0
2020-05-08,Belgium,NA,Antwerp,1847486,61,0,7177,0
2020-05-09,Belgium,NA,Antwerp,1847486,41,0,7218,0
2020-05-10,Belgium,NA,Antwerp,1847486,28,0,7246,0
2020-05-11,Belgium,NA,Antwerp,1847486,85,0,7331,0
2020-05-12,Belgium,NA,Antwerp,1847486,88,0,7419,0
2020-05-13,Belgium,NA,Antwerp,1847486,56,0,7475,0
2020-05-14,Belgium,NA,Antwerp,1847486,48,0,7523,0
2020-05-15,Belgium,NA,Antwerp,1847486,69,0,7592,0
2020-05-16,Belgium,NA,Antwerp,1847486,21,0,7613,0
2020-05-17,Belgium,NA,Antwerp,1847486,17,0,7630,0
2020-05-18,Belgium,NA,Antwerp,1847486,72,0,7702,0
2020-05-19,Belgium,NA,Antwerp,1847486,36,0,7738,0
2020-05-20,Belgium,NA,Antwerp,1847486,87,0,7825,0
2020-05-21,Belgium,NA,Antwerp,1847486,10,0,7835,0
2020-05-22,Belgium,NA,Antwerp,1847486,49,0,7884,0
2020-05-23,Belgium,NA,Antwerp,1847486,17,0,7901,0
2020-05-24,Belgium,NA,Antwerp,1847486,17,0,7918,0
2020-05-25,Belgium,NA,Antwerp,1847486,50,0,7968,0
2020-05-26,Belgium,NA,Antwerp,1847486,34,0,8002,0
2020-05-27,Belgium,NA,Antwerp,1847486,28,0,8030,0
2020-05-28,Belgium,NA,Antwerp,1847486,35,0,8065,0
2020-05-29,Belgium,NA,Antwerp,1847486,29,0,8094,0
2020-05-30,Belgium,NA,Antwerp,1847486,8,0,8102,0
2020-05-31,Belgium,NA,Antwerp,1847486,7,0,8109,0
2020-06-01,Belgium,NA,Antwerp,1847486,9,0,8118,0
2020-06-02,Belgium,NA,Antwerp,1847486,25,0,8143,0
2020-06-03,Belgium,NA,Antwerp,1847486,30,0,8173,0
2020-06-04,Belgium,NA,Antwerp,1847486,29,0,8202,0
2020-06-05,Belgium,NA,Antwerp,1847486,21,0,8223,0
2020-06-06,Belgium,NA,Antwerp,1847486,10,0,8233,0
2020-06-07,Belgium,NA,Antwerp,1847486,5,0,8238,0
2020-06-08,Belgium,NA,Antwerp,1847486,23,0,8261,0
2020-06-09,Belgium,NA,Antwerp,1847486,20,0,8281,0
2020-06-10,Belgium,NA,Antwerp,1847486,14,0,8295,0
2020-06-11,Belgium,NA,Antwerp,1847486,12,0,8307,0
2020-06-12,Belgium,NA,Antwerp,1847486,15,0,8322,0
2020-06-13,Belgium,NA,Antwerp,1847486,6,0,8328,0
2020-06-14,Belgium,NA,Antwerp,1847486,7,0,8335,0
2020-06-15,Belgium,NA,Antwerp,1847486,31,0,8366,0
2020-06-16,Belgium,NA,Antwerp,1847486,16,0,8382,0
2020-06-17,Belgium,NA,Antwerp,1847486,33,0,8415,0
2020-06-18,Belgium,NA,Antwerp,1847486,13,0,8428,0
2020-06-19,Belgium,NA,Antwerp,1847486,21,0,8449,0
2020-06-20,Belgium,NA,Antwerp,1847486,9,0,8458,0
2020-06-21,Belgium,NA,Antwerp,1847486,3,0,8461,0
2020-06-22,Belgium,NA,Antwerp,1847486,26,0,8487,0
2020-06-23,Belgium,NA,Antwerp,1847486,14,0,8501,0
2020-06-24,Belgium,NA,Antwerp,1847486,20,0,8521,0
2020-06-25,Belgium,NA,Antwerp,1847486,21,0,8542,0
2020-06-26,Belgium,NA,Antwerp,1847486,16,0,8558,0
2020-06-27,Belgium,NA,Antwerp,1847486,4,0,8562,0
2020-06-28,Belgium,NA,Antwerp,1847486,8,0,8570,0
2020-06-29,Belgium,NA,Antwerp,1847486,31,0,8601,0
2020-06-30,Belgium,NA,Antwerp,1847486,14,0,8615,0
2020-07-01,Belgium,NA,Antwerp,1847486,38,0,8653,0
2020-07-02,Belgium,NA,Antwerp,1847486,21,0,8674,0
2020-07-03,Belgium,NA,Antwerp,1847486,27,0,8701,0
2020-07-04,Belgium,NA,Antwerp,1847486,12,0,8713,0
2020-07-05,Belgium,NA,Antwerp,1847486,4,0,8717,0
2020-07-06,Belgium,NA,Antwerp,1847486,33,0,8750,0
2020-07-07,Belgium,NA,Antwerp,1847486,23,0,8773,0
2020-07-08,Belgium,NA,Antwerp,1847486,41,0,8814,0
2020-07-09,Belgium,NA,Antwerp,1847486,20,0,8834,0
2020-07-10,Belgium,NA,Antwerp,1847486,38,0,8872,0
2020-07-11,Belgium,NA,Antwerp,1847486,9,0,8881,0
2020-07-12,Belgium,NA,Antwerp,1847486,8,0,8889,0
2020-07-13,Belgium,NA,Antwerp,1847486,89,0,8978,0
2020-07-14,Belgium,NA,Antwerp,1847486,47,0,9025,0
2020-07-15,Belgium,NA,Antwerp,1847486,77,0,9102,0
2020-07-16,Belgium,NA,Antwerp,1847486,82,0,9184,0
2020-07-17,Belgium,NA,Antwerp,1847486,122,0,9306,0
2020-07-18,Belgium,NA,Antwerp,1847486,54,0,9360,0
2020-07-19,Belgium,NA,Antwerp,1847486,29,0,9389,0
2020-07-20,Belgium,NA,Antwerp,1847486,200,0,9589,0
2020-07-21,Belgium,NA,Antwerp,1847486,54,0,9643,0
2020-07-22,Belgium,NA,Antwerp,1847486,272,0,9915,0
2020-07-23,Belgium,NA,Antwerp,1847486,219,0,10134,0
2020-07-24,Belgium,NA,Antwerp,1847486,256,0,10390,0
2020-07-25,Belgium,NA,Antwerp,1847486,80,0,10470,0
2020-07-26,Belgium,NA,Antwerp,1847486,96,0,10566,0
2020-07-27,Belgium,NA,Antwerp,1847486,307,0,10873,0
2020-07-28,Belgium,NA,Antwerp,1847486,235,0,11108,0
2020-07-29,Belgium,NA,Antwerp,1847486,230,0,11338,0
2020-07-30,Belgium,NA,Antwerp,1847486,232,0,11570,0
2020-07-31,Belgium,NA,Antwerp,1847486,269,0,11839,0
2020-08-01,Belgium,NA,Antwerp,1847486,113,0,11952,0
2020-08-02,Belgium,NA,Antwerp,1847486,47,0,11999,0
2020-08-03,Belgium,NA,Antwerp,1847486,287,0,12286,0
2020-08-04,Belgium,NA,Antwerp,1847486,272,0,12558,0
2020-08-05,Belgium,NA,Antwerp,1847486,233,0,12791,0
2020-08-06,Belgium,NA,Antwerp,1847486,245,0,13036,0
2020-08-07,Belgium,NA,Antwerp,1847486,266,0,13302,0
2020-08-08,Belgium,NA,Antwerp,1847486,86,0,13388,0
2020-08-09,Belgium,NA,Antwerp,1847486,33,0,13421,0
2020-08-10,Belgium,NA,Antwerp,1847486,248,0,13669,0
2020-08-11,Belgium,NA,Antwerp,1847486,191,0,13860,0
2020-08-12,Belgium,NA,Antwerp,1847486,141,0,14001,0
2020-08-13,Belgium,NA,Antwerp,1847486,156,0,14157,0
2020-08-14,Belgium,NA,Antwerp,1847486,149,0,14306,0
2020-08-15,Belgium,NA,Antwerp,1847486,42,0,14348,0
2020-08-16,Belgium,NA,Antwerp,1847486,40,0,14388,0
2020-08-17,Belgium,NA,Antwerp,1847486,156,0,14544,0
2020-08-18,Belgium,NA,Antwerp,1847486,136,0,14680,0
2020-08-19,Belgium,NA,Antwerp,1847486,127,0,14807,0
2020-08-20,Belgium,NA,Antwerp,1847486,140,0,14947,0
2020-08-21,Belgium,NA,Antwerp,1847486,102,0,15049,0
2020-08-22,Belgium,NA,Antwerp,1847486,44,0,15093,0
2020-08-23,Belgium,NA,Antwerp,1847486,27,0,15120,0
2020-08-24,Belgium,NA,Antwerp,1847486,159,0,15279,0
2020-08-25,Belgium,NA,Antwerp,1847486,96,0,15375,0
2020-08-26,Belgium,NA,Antwerp,1847486,98,0,15473,0
2020-08-27,Belgium,NA,Antwerp,1847486,78,0,15551,0
2020-08-28,Belgium,NA,Antwerp,1847486,67,0,15618,0
2020-08-29,Belgium,NA,Antwerp,1847486,39,0,15657,0
2020-08-30,Belgium,NA,Antwerp,1847486,12,0,15669,0
2020-03-12,Belgium,NA,Brussels,1175173,35,0,118,0
2020-03-13,Belgium,NA,Brussels,1175173,40,0,158,0
2020-03-14,Belgium,NA,Brussels,1175173,30,0,188,0
2020-03-15,Belgium,NA,Brussels,1175173,28,0,216,0
2020-03-16,Belgium,NA,Brussels,1175173,62,0,278,0
2020-03-17,Belgium,NA,Brussels,1175173,29,0,307,0
2020-03-18,Belgium,NA,Brussels,1175173,58,0,365,0
2020-03-19,Belgium,NA,Brussels,1175173,55,0,420,0
2020-03-20,Belgium,NA,Brussels,1175173,70,0,490,0
2020-03-21,Belgium,NA,Brussels,1175173,44,0,534,0
2020-03-22,Belgium,NA,Brussels,1175173,63,0,597,0
2020-03-23,Belgium,NA,Brussels,1175173,116,0,713,0
2020-03-24,Belgium,NA,Brussels,1175173,122,0,835,0
2020-03-25,Belgium,NA,Brussels,1175173,142,0,977,0
2020-03-26,Belgium,NA,Brussels,1175173,149,0,1126,0
2020-03-27,Belgium,NA,Brussels,1175173,186,0,1312,0
2020-03-28,Belgium,NA,Brussels,1175173,147,0,1459,0
2020-03-29,Belgium,NA,Brussels,1175173,93,0,1552,0
2020-03-30,Belgium,NA,Brussels,1175173,138,0,1690,0
2020-03-31,Belgium,NA,Brussels,1175173,178,0,1868,0
2020-04-01,Belgium,NA,Brussels,1175173,146,0,2014,0
2020-04-02,Belgium,NA,Brussels,1175173,155,0,2169,0
2020-04-03,Belgium,NA,Brussels,1175173,167,0,2336,0
2020-04-04,Belgium,NA,Brussels,1175173,102,0,2438,0
2020-04-05,Belgium,NA,Brussels,1175173,82,0,2520,0
2020-04-06,Belgium,NA,Brussels,1175173,169,0,2689,0
2020-04-07,Belgium,NA,Brussels,1175173,140,0,2829,0
2020-04-08,Belgium,NA,Brussels,1175173,174,0,3003,0
2020-04-09,Belgium,NA,Brussels,1175173,162,0,3165,0
2020-04-10,Belgium,NA,Brussels,1175173,141,0,3306,0
2020-04-11,Belgium,NA,Brussels,1175173,74,0,3380,0
2020-04-12,Belgium,NA,Brussels,1175173,60,0,3440,0
2020-04-13,Belgium,NA,Brussels,1175173,73,0,3513,0
2020-04-14,Belgium,NA,Brussels,1175173,182,0,3695,0
2020-04-15,Belgium,NA,Brussels,1175173,138,0,3833,0
2020-04-16,Belgium,NA,Brussels,1175173,191,0,4024,0
2020-04-17,Belgium,NA,Brussels,1175173,192,0,4216,0
2020-04-18,Belgium,NA,Brussels,1175173,47,0,4263,0
2020-04-19,Belgium,NA,Brussels,1175173,36,0,4299,0
2020-04-20,Belgium,NA,Brussels,1175173,151,0,4450,0
2020-04-21,Belgium,NA,Brussels,1175173,115,0,4565,0
2020-04-22,Belgium,NA,Brussels,1175173,64,0,4629,0
2020-04-23,Belgium,NA,Brussels,1175173,91,0,4720,0
2020-04-24,Belgium,NA,Brussels,1175173,164,0,4884,0
2020-04-25,Belgium,NA,Brussels,1175173,32,0,4916,0
2020-04-26,Belgium,NA,Brussels,1175173,13,0,4929,0
2020-04-27,Belgium,NA,Brussels,1175173,88,0,5017,0
2020-04-28,Belgium,NA,Brussels,1175173,41,0,5058,0
2020-04-29,Belgium,NA,Brussels,1175173,67,0,5125,0
2020-04-30,Belgium,NA,Brussels,1175173,62,0,5187,0
2020-05-01,Belgium,NA,Brussels,1175173,11,0,5198,0
2020-05-02,Belgium,NA,Brussels,1175173,18,0,5216,0
2020-05-03,Belgium,NA,Brussels,1175173,15,0,5231,0
2020-05-04,Belgium,NA,Brussels,1175173,61,0,5292,0
2020-05-05,Belgium,NA,Brussels,1175173,62,0,5354,0
2020-05-06,Belgium,NA,Brussels,1175173,48,0,5402,0
2020-05-07,Belgium,NA,Brussels,1175173,43,0,5445,0
2020-05-08,Belgium,NA,Brussels,1175173,33,0,5478,0
2020-05-09,Belgium,NA,Brussels,1175173,28,0,5506,0
2020-05-10,Belgium,NA,Brussels,1175173,12,0,5518,0
2020-05-11,Belgium,NA,Brussels,1175173,31,0,5549,0
2020-05-12,Belgium,NA,Brussels,1175173,31,0,5580,0
2020-05-13,Belgium,NA,Brussels,1175173,33,0,5613,0
2020-05-14,Belgium,NA,Brussels,1175173,41,0,5654,0
2020-05-15,Belgium,NA,Brussels,1175173,25,0,5679,0
2020-05-16,Belgium,NA,Brussels,1175173,19,0,5698,0
2020-05-17,Belgium,NA,Brussels,1175173,7,0,5705,0
2020-05-18,Belgium,NA,Brussels,1175173,32,0,5737,0
2020-05-19,Belgium,NA,Brussels,1175173,35,0,5772,0
2020-05-20,Belgium,NA,Brussels,1175173,31,0,5803,0
2020-05-21,Belgium,NA,Brussels,1175173,12,0,5815,0
2020-05-22,Belgium,NA,Brussels,1175173,27,0,5842,0
2020-05-23,Belgium,NA,Brussels,1175173,11,0,5853,0
2020-05-24,Belgium,NA,Brussels,1175173,7,0,5860,0
2020-05-25,Belgium,NA,Brussels,1175173,31,0,5891,0
2020-05-26,Belgium,NA,Brussels,1175173,18,0,5909,0
2020-05-27,Belgium,NA,Brussels,1175173,23,0,5932,0
2020-05-28,Belgium,NA,Brussels,1175173,10,0,5942,0
2020-05-29,Belgium,NA,Brussels,1175173,30,0,5972,0
2020-05-30,Belgium,NA,Brussels,1175173,7,0,5979,0
2020-05-31,Belgium,NA,Brussels,1175173,5,0,5984,0
2020-06-01,Belgium,NA,Brussels,1175173,7,0,5991,0
2020-06-02,Belgium,NA,Brussels,1175173,23,0,6014,0
2020-06-03,Belgium,NA,Brussels,1175173,23,0,6037,0
2020-06-04,Belgium,NA,Brussels,1175173,23,0,6060,0
2020-06-05,Belgium,NA,Brussels,1175173,24,0,6084,0
2020-06-06,Belgium,NA,Brussels,1175173,4,0,6088,0
2020-06-07,Belgium,NA,Brussels,1175173,5,0,6093,0
2020-06-08,Belgium,NA,Brussels,1175173,22,0,6115,0
2020-06-09,Belgium,NA,Brussels,1175173,25,0,6140,0
2020-06-10,Belgium,NA,Brussels,1175173,20,0,6160,0
2020-06-11,Belgium,NA,Brussels,1175173,15,0,6175,0
2020-06-12,Belgium,NA,Brussels,1175173,19,0,6194,0
2020-06-13,Belgium,NA,Brussels,1175173,6,0,6200,0
2020-06-14,Belgium,NA,Brussels,1175173,2,0,6202,0
2020-06-15,Belgium,NA,Brussels,1175173,18,0,6220,0
2020-06-16,Belgium,NA,Brussels,1175173,11,0,6231,0
2020-06-17,Belgium,NA,Brussels,1175173,7,0,6238,0
2020-06-18,Belgium,NA,Brussels,1175173,18,0,6256,0
2020-06-19,Belgium,NA,Brussels,1175173,19,0,6275,0
2020-06-20,Belgium,NA,Brussels,1175173,3,0,6278,0
2020-06-22,Belgium,NA,Brussels,1175173,17,0,6295,0
2020-06-23,Belgium,NA,Brussels,1175173,14,0,6309,0
2020-06-24,Belgium,NA,Brussels,1175173,8,0,6317,0
2020-06-25,Belgium,NA,Brussels,1175173,9,0,6326,0
2020-06-26,Belgium,NA,Brussels,1175173,23,0,6349,0
2020-06-27,Belgium,NA,Brussels,1175173,7,0,6356,0
2020-06-29,Belgium,NA,Brussels,1175173,29,0,6385,0
2020-06-30,Belgium,NA,Brussels,1175173,23,0,6408,0
2020-07-01,Belgium,NA,Brussels,1175173,22,0,6430,0
2020-07-02,Belgium,NA,Brussels,1175173,22,0,6452,0
2020-07-03,Belgium,NA,Brussels,1175173,10,0,6462,0
2020-07-04,Belgium,NA,Brussels,1175173,3,0,6465,0
2020-07-05,Belgium,NA,Brussels,1175173,1,0,6466,0
2020-07-06,Belgium,NA,Brussels,1175173,24,0,6490,0
2020-07-07,Belgium,NA,Brussels,1175173,8,0,6498,0
2020-07-08,Belgium,NA,Brussels,1175173,13,0,6511,0
2020-07-09,Belgium,NA,Brussels,1175173,28,0,6539,0
2020-07-10,Belgium,NA,Brussels,1175173,19,0,6558,0
2020-07-11,Belgium,NA,Brussels,1175173,2,0,6560,0
2020-07-12,Belgium,NA,Brussels,1175173,4,0,6564,0
2020-07-13,Belgium,NA,Brussels,1175173,27,0,6591,0
2020-07-14,Belgium,NA,Brussels,1175173,30,0,6621,0
2020-07-15,Belgium,NA,Brussels,1175173,25,0,6646,0
2020-07-16,Belgium,NA,Brussels,1175173,23,0,6669,0
2020-07-17,Belgium,NA,Brussels,1175173,18,0,6687,0
2020-07-18,Belgium,NA,Brussels,1175173,9,0,6696,0
2020-07-19,Belgium,NA,Brussels,1175173,2,0,6698,0
2020-07-20,Belgium,NA,Brussels,1175173,27,0,6725,0
2020-07-21,Belgium,NA,Brussels,1175173,9,0,6734,0
2020-07-22,Belgium,NA,Brussels,1175173,42,0,6776,0
2020-07-23,Belgium,NA,Brussels,1175173,43,0,6819,0
2020-07-24,Belgium,NA,Brussels,1175173,29,0,6848,0
2020-07-25,Belgium,NA,Brussels,1175173,18,0,6866,0
2020-07-26,Belgium,NA,Brussels,1175173,4,0,6870,0
2020-07-27,Belgium,NA,Brussels,1175173,48,0,6918,0
2020-07-28,Belgium,NA,Brussels,1175173,86,0,7004,0
2020-07-29,Belgium,NA,Brussels,1175173,96,0,7100,0
2020-07-30,Belgium,NA,Brussels,1175173,90,0,7190,0
2020-07-31,Belgium,NA,Brussels,1175173,68,0,7258,0
2020-08-01,Belgium,NA,Brussels,1175173,31,0,7289,0
2020-08-02,Belgium,NA,Brussels,1175173,20,0,7309,0
2020-08-03,Belgium,NA,Brussels,1175173,99,0,7408,0
2020-08-04,Belgium,NA,Brussels,1175173,136,0,7544,0
2020-08-05,Belgium,NA,Brussels,1175173,142,0,7686,0
2020-08-06,Belgium,NA,Brussels,1175173,104,0,7790,0
2020-08-07,Belgium,NA,Brussels,1175173,144,0,7934,0
2020-08-08,Belgium,NA,Brussels,1175173,61,0,7995,0
2020-08-09,Belgium,NA,Brussels,1175173,32,0,8027,0
2020-08-10,Belgium,NA,Brussels,1175173,174,0,8201,0
2020-08-11,Belgium,NA,Brussels,1175173,150,0,8351,0
2020-08-12,Belgium,NA,Brussels,1175173,158,0,8509,0
2020-08-13,Belgium,NA,Brussels,1175173,161,0,8670,0
2020-08-14,Belgium,NA,Brussels,1175173,137,0,8807,0
2020-08-15,Belgium,NA,Brussels,1175173,23,0,8830,0
2020-08-16,Belgium,NA,Brussels,1175173,20,0,8850,0
2020-08-17,Belgium,NA,Brussels,1175173,172,0,9022,0
2020-08-18,Belgium,NA,Brussels,1175173,219,0,9241,0
2020-08-19,Belgium,NA,Brussels,1175173,185,0,9426,0
2020-08-20,Belgium,NA,Brussels,1175173,142,0,9568,0
2020-08-21,Belgium,NA,Brussels,1175173,144,0,9712,0
2020-08-22,Belgium,NA,Brussels,1175173,46,0,9758,0
2020-08-23,Belgium,NA,Brussels,1175173,21,0,9779,0
2020-08-24,Belgium,NA,Brussels,1175173,141,0,9920,0
2020-08-25,Belgium,NA,Brussels,1175173,159,0,10079,0
2020-08-26,Belgium,NA,Brussels,1175173,147,0,10226,0
2020-08-27,Belgium,NA,Brussels,1175173,132,0,10358,0
2020-08-28,Belgium,NA,Brussels,1175173,136,0,10494,0
2020-08-29,Belgium,NA,Brussels,1175173,24,0,10518,0
2020-08-30,Belgium,NA,Brussels,1175173,5,0,10523,0
2020-03-12,Belgium,NA,East Flanders,1505053,31,0,117,0
2020-03-13,Belgium,NA,East Flanders,1505053,29,0,146,0
2020-03-14,Belgium,NA,East Flanders,1505053,13,0,159,0
2020-03-15,Belgium,NA,East Flanders,1505053,19,0,178,0
2020-03-16,Belgium,NA,East Flanders,1505053,36,0,214,0
2020-03-17,Belgium,NA,East Flanders,1505053,39,0,253,0
2020-03-18,Belgium,NA,East Flanders,1505053,53,0,306,0
2020-03-19,Belgium,NA,East Flanders,1505053,59,0,365,0
2020-03-20,Belgium,NA,East Flanders,1505053,74,0,439,0
2020-03-21,Belgium,NA,East Flanders,1505053,39,0,478,0
2020-03-22,Belgium,NA,East Flanders,1505053,44,0,522,0
2020-03-23,Belgium,NA,East Flanders,1505053,144,0,666,0
2020-03-24,Belgium,NA,East Flanders,1505053,155,0,821,0
2020-03-25,Belgium,NA,East Flanders,1505053,145,0,966,0
2020-03-26,Belgium,NA,East Flanders,1505053,163,0,1129,0
2020-03-27,Belgium,NA,East Flanders,1505053,221,0,1350,0
2020-03-28,Belgium,NA,East Flanders,1505053,109,0,1459,0
2020-03-29,Belgium,NA,East Flanders,1505053,70,0,1529,0
2020-03-30,Belgium,NA,East Flanders,1505053,218,0,1747,0
2020-03-31,Belgium,NA,East Flanders,1505053,218,0,1965,0
2020-04-01,Belgium,NA,East Flanders,1505053,174,0,2139,0
2020-04-02,Belgium,NA,East Flanders,1505053,153,0,2292,0
2020-04-03,Belgium,NA,East Flanders,1505053,194,0,2486,0
2020-04-04,Belgium,NA,East Flanders,1505053,131,0,2617,0
2020-04-05,Belgium,NA,East Flanders,1505053,110,0,2727,0
2020-04-06,Belgium,NA,East Flanders,1505053,213,0,2940,0
2020-04-07,Belgium,NA,East Flanders,1505053,146,0,3086,0
2020-04-08,Belgium,NA,East Flanders,1505053,169,0,3255,0
2020-04-09,Belgium,NA,East Flanders,1505053,363,0,3618,0
2020-04-10,Belgium,NA,East Flanders,1505053,401,0,4019,0
2020-04-11,Belgium,NA,East Flanders,1505053,94,0,4113,0
2020-04-12,Belgium,NA,East Flanders,1505053,42,0,4155,0
2020-04-13,Belgium,NA,East Flanders,1505053,64,0,4219,0
2020-04-14,Belgium,NA,East Flanders,1505053,138,0,4357,0
2020-04-15,Belgium,NA,East Flanders,1505053,157,0,4514,0
2020-04-16,Belgium,NA,East Flanders,1505053,240,0,4754,0
2020-04-17,Belgium,NA,East Flanders,1505053,171,0,4925,0
2020-04-18,Belgium,NA,East Flanders,1505053,41,0,4966,0
2020-04-19,Belgium,NA,East Flanders,1505053,25,0,4991,0
2020-04-20,Belgium,NA,East Flanders,1505053,117,0,5108,0
2020-04-21,Belgium,NA,East Flanders,1505053,81,0,5189,0
2020-04-22,Belgium,NA,East Flanders,1505053,77,0,5266,0
2020-04-23,Belgium,NA,East Flanders,1505053,80,0,5346,0
2020-04-24,Belgium,NA,East Flanders,1505053,84,0,5430,0
2020-04-25,Belgium,NA,East Flanders,1505053,40,0,5470,0
2020-04-26,Belgium,NA,East Flanders,1505053,13,0,5483,0
2020-04-27,Belgium,NA,East Flanders,1505053,95,0,5578,0
2020-04-28,Belgium,NA,East Flanders,1505053,85,0,5663,0
2020-04-29,Belgium,NA,East Flanders,1505053,51,0,5714,0
2020-04-30,Belgium,NA,East Flanders,1505053,48,0,5762,0
2020-05-01,Belgium,NA,East Flanders,1505053,20,0,5782,0
2020-05-02,Belgium,NA,East Flanders,1505053,25,0,5807,0
2020-05-03,Belgium,NA,East Flanders,1505053,9,0,5816,0
2020-05-04,Belgium,NA,East Flanders,1505053,60,0,5876,0
2020-05-05,Belgium,NA,East Flanders,1505053,61,0,5937,0
2020-05-06,Belgium,NA,East Flanders,1505053,57,0,5994,0
2020-05-07,Belgium,NA,East Flanders,1505053,35,0,6029,0
2020-05-08,Belgium,NA,East Flanders,1505053,45,0,6074,0
2020-05-09,Belgium,NA,East Flanders,1505053,22,0,6096,0
2020-05-10,Belgium,NA,East Flanders,1505053,3,0,6099,0
2020-05-11,Belgium,NA,East Flanders,1505053,53,0,6152,0
2020-05-12,Belgium,NA,East Flanders,1505053,37,0,6189,0
2020-05-13,Belgium,NA,East Flanders,1505053,19,0,6208,0
2020-05-14,Belgium,NA,East Flanders,1505053,28,0,6236,0
2020-05-15,Belgium,NA,East Flanders,1505053,30,0,6266,0
2020-05-16,Belgium,NA,East Flanders,1505053,23,0,6289,0
2020-05-17,Belgium,NA,East Flanders,1505053,6,0,6295,0
2020-05-18,Belgium,NA,East Flanders,1505053,41,0,6336,0
2020-05-19,Belgium,NA,East Flanders,1505053,42,0,6378,0
2020-05-20,Belgium,NA,East Flanders,1505053,39,0,6417,0
2020-05-21,Belgium,NA,East Flanders,1505053,7,0,6424,0
2020-05-22,Belgium,NA,East Flanders,1505053,32,0,6456,0
2020-05-23,Belgium,NA,East Flanders,1505053,27,0,6483,0
2020-05-24,Belgium,NA,East Flanders,1505053,7,0,6490,0
2020-05-25,Belgium,NA,East Flanders,1505053,55,0,6545,0
2020-05-26,Belgium,NA,East Flanders,1505053,32,0,6577,0
2020-05-27,Belgium,NA,East Flanders,1505053,14,0,6591,0
2020-05-28,Belgium,NA,East Flanders,1505053,21,0,6612,0
2020-05-29,Belgium,NA,East Flanders,1505053,8,0,6620,0
2020-05-30,Belgium,NA,East Flanders,1505053,10,0,6630,0
2020-05-31,Belgium,NA,East Flanders,1505053,3,0,6633,0
2020-06-01,Belgium,NA,East Flanders,1505053,12,0,6645,0
2020-06-02,Belgium,NA,East Flanders,1505053,21,0,6666,0
2020-06-03,Belgium,NA,East Flanders,1505053,13,0,6679,0
2020-06-04,Belgium,NA,East Flanders,1505053,18,0,6697,0
2020-06-05,Belgium,NA,East Flanders,1505053,12,0,6709,0
2020-06-06,Belgium,NA,East Flanders,1505053,7,0,6716,0
2020-06-07,Belgium,NA,East Flanders,1505053,6,0,6722,0
2020-06-08,Belgium,NA,East Flanders,1505053,12,0,6734,0
2020-06-09,Belgium,NA,East Flanders,1505053,12,0,6746,0
2020-06-10,Belgium,NA,East Flanders,1505053,9,0,6755,0
2020-06-11,Belgium,NA,East Flanders,1505053,11,0,6766,0
2020-06-12,Belgium,NA,East Flanders,1505053,6,0,6772,0
2020-06-13,Belgium,NA,East Flanders,1505053,3,0,6775,0
2020-06-14,Belgium,NA,East Flanders,1505053,1,0,6776,0
2020-06-15,Belgium,NA,East Flanders,1505053,12,0,6788,0
2020-06-16,Belgium,NA,East Flanders,1505053,6,0,6794,0
2020-06-17,Belgium,NA,East Flanders,1505053,9,0,6803,0
2020-06-18,Belgium,NA,East Flanders,1505053,6,0,6809,0
2020-06-19,Belgium,NA,East Flanders,1505053,11,0,6820,0
2020-06-20,Belgium,NA,East Flanders,1505053,2,0,6822,0
2020-06-21,Belgium,NA,East Flanders,1505053,1,0,6823,0
2020-06-22,Belgium,NA,East Flanders,1505053,5,0,6828,0
2020-06-23,Belgium,NA,East Flanders,1505053,8,0,6836,0
2020-06-24,Belgium,NA,East Flanders,1505053,6,0,6842,0
2020-06-25,Belgium,NA,East Flanders,1505053,8,0,6850,0
2020-06-26,Belgium,NA,East Flanders,1505053,9,0,6859,0
2020-06-27,Belgium,NA,East Flanders,1505053,6,0,6865,0
2020-06-28,Belgium,NA,East Flanders,1505053,2,0,6867,0
2020-06-29,Belgium,NA,East Flanders,1505053,6,0,6873,0
2020-06-30,Belgium,NA,East Flanders,1505053,9,0,6882,0
2020-07-01,Belgium,NA,East Flanders,1505053,12,0,6894,0
2020-07-02,Belgium,NA,East Flanders,1505053,7,0,6901,0
2020-07-03,Belgium,NA,East Flanders,1505053,12,0,6913,0
2020-07-04,Belgium,NA,East Flanders,1505053,3,0,6916,0
2020-07-05,Belgium,NA,East Flanders,1505053,2,0,6918,0
2020-07-06,Belgium,NA,East Flanders,1505053,6,0,6924,0
2020-07-07,Belgium,NA,East Flanders,1505053,11,0,6935,0
2020-07-08,Belgium,NA,East Flanders,1505053,10,0,6945,0
2020-07-09,Belgium,NA,East Flanders,1505053,10,0,6955,0
2020-07-10,Belgium,NA,East Flanders,1505053,7,0,6962,0
2020-07-11,Belgium,NA,East Flanders,1505053,2,0,6964,0
2020-07-12,Belgium,NA,East Flanders,1505053,4,0,6968,0
2020-07-13,Belgium,NA,East Flanders,1505053,10,0,6978,0
2020-07-14,Belgium,NA,East Flanders,1505053,19,0,6997,0
2020-07-15,Belgium,NA,East Flanders,1505053,16,0,7013,0
2020-07-16,Belgium,NA,East Flanders,1505053,14,0,7027,0
2020-07-17,Belgium,NA,East Flanders,1505053,5,0,7032,0
2020-07-18,Belgium,NA,East Flanders,1505053,7,0,7039,0
2020-07-19,Belgium,NA,East Flanders,1505053,7,0,7046,0
2020-07-20,Belgium,NA,East Flanders,1505053,41,0,7087,0
2020-07-21,Belgium,NA,East Flanders,1505053,11,0,7098,0
2020-07-22,Belgium,NA,East Flanders,1505053,29,0,7127,0
2020-07-23,Belgium,NA,East Flanders,1505053,33,0,7160,0
2020-07-24,Belgium,NA,East Flanders,1505053,41,0,7201,0
2020-07-25,Belgium,NA,East Flanders,1505053,19,0,7220,0
2020-07-26,Belgium,NA,East Flanders,1505053,24,0,7244,0
2020-07-27,Belgium,NA,East Flanders,1505053,47,0,7291,0
2020-07-28,Belgium,NA,East Flanders,1505053,57,0,7348,0
2020-07-29,Belgium,NA,East Flanders,1505053,59,0,7407,0
2020-07-30,Belgium,NA,East Flanders,1505053,47,0,7454,0
2020-07-31,Belgium,NA,East Flanders,1505053,55,0,7509,0
2020-08-01,Belgium,NA,East Flanders,1505053,28,0,7537,0
2020-08-02,Belgium,NA,East Flanders,1505053,19,0,7556,0
2020-08-03,Belgium,NA,East Flanders,1505053,73,0,7629,0
2020-08-04,Belgium,NA,East Flanders,1505053,46,0,7675,0
2020-08-05,Belgium,NA,East Flanders,1505053,71,0,7746,0
2020-08-06,Belgium,NA,East Flanders,1505053,91,0,7837,0
2020-08-07,Belgium,NA,East Flanders,1505053,56,0,7893,0
2020-08-08,Belgium,NA,East Flanders,1505053,32,0,7925,0
2020-08-09,Belgium,NA,East Flanders,1505053,7,0,7932,0
2020-08-10,Belgium,NA,East Flanders,1505053,60,0,7992,0
2020-08-11,Belgium,NA,East Flanders,1505053,55,0,8047,0
2020-08-12,Belgium,NA,East Flanders,1505053,51,0,8098,0
2020-08-13,Belgium,NA,East Flanders,1505053,77,0,8175,0
2020-08-14,Belgium,NA,East Flanders,1505053,60,0,8235,0
2020-08-15,Belgium,NA,East Flanders,1505053,8,0,8243,0
2020-08-16,Belgium,NA,East Flanders,1505053,11,0,8254,0
2020-08-17,Belgium,NA,East Flanders,1505053,67,0,8321,0
2020-08-18,Belgium,NA,East Flanders,1505053,58,0,8379,0
2020-08-19,Belgium,NA,East Flanders,1505053,54,0,8433,0
2020-08-20,Belgium,NA,East Flanders,1505053,44,0,8477,0
2020-08-21,Belgium,NA,East Flanders,1505053,39,0,8516,0
2020-08-22,Belgium,NA,East Flanders,1505053,16,0,8532,0
2020-08-23,Belgium,NA,East Flanders,1505053,7,0,8539,0
2020-08-24,Belgium,NA,East Flanders,1505053,49,0,8588,0
2020-08-25,Belgium,NA,East Flanders,1505053,48,0,8636,0
2020-08-26,Belgium,NA,East Flanders,1505053,32,0,8668,0
2020-08-27,Belgium,NA,East Flanders,1505053,39,0,8707,0
2020-08-28,Belgium,NA,East Flanders,1505053,39,0,8746,0
2020-08-29,Belgium,NA,East Flanders,1505053,10,0,8756,0
2020-08-30,Belgium,NA,East Flanders,1505053,2,0,8758,0
2020-03-11,Belgium,NA,Flemish Brabant,1138489,27,0,125,0
2020-03-12,Belgium,NA,Flemish Brabant,1138489,31,0,156,0
2020-03-13,Belgium,NA,Flemish Brabant,1138489,37,0,193,0
2020-03-14,Belgium,NA,Flemish Brabant,1138489,12,0,205,0
2020-03-15,Belgium,NA,Flemish Brabant,1138489,27,0,232,0
2020-03-16,Belgium,NA,Flemish Brabant,1138489,43,0,275,0
2020-03-17,Belgium,NA,Flemish Brabant,1138489,41,0,316,0
2020-03-18,Belgium,NA,Flemish Brabant,1138489,61,0,377,0
2020-03-19,Belgium,NA,Flemish Brabant,1138489,70,0,447,0
2020-03-20,Belgium,NA,Flemish Brabant,1138489,77,0,524,0
2020-03-21,Belgium,NA,Flemish Brabant,1138489,47,0,571,0
2020-03-22,Belgium,NA,Flemish Brabant,1138489,43,0,614,0
2020-03-23,Belgium,NA,Flemish Brabant,1138489,132,0,746,0
2020-03-24,Belgium,NA,Flemish Brabant,1138489,105,0,851,0
2020-03-25,Belgium,NA,Flemish Brabant,1138489,128,0,979,0
2020-03-26,Belgium,NA,Flemish Brabant,1138489,140,0,1119,0
2020-03-27,Belgium,NA,Flemish Brabant,1138489,161,0,1280,0
2020-03-28,Belgium,NA,Flemish Brabant,1138489,96,0,1376,0
2020-03-29,Belgium,NA,Flemish Brabant,1138489,58,0,1434,0
2020-03-30,Belgium,NA,Flemish Brabant,1138489,149,0,1583,0
2020-03-31,Belgium,NA,Flemish Brabant,1138489,154,0,1737,0
2020-04-01,Belgium,NA,Flemish Brabant,1138489,152,0,1889,0
2020-04-02,Belgium,NA,Flemish Brabant,1138489,140,0,2029,0
2020-04-03,Belgium,NA,Flemish Brabant,1138489,170,0,2199,0
2020-04-04,Belgium,NA,Flemish Brabant,1138489,132,0,2331,0
2020-04-05,Belgium,NA,Flemish Brabant,1138489,45,0,2376,0
2020-04-06,Belgium,NA,Flemish Brabant,1138489,196,0,2572,0
2020-04-07,Belgium,NA,Flemish Brabant,1138489,131,0,2703,0
2020-04-08,Belgium,NA,Flemish Brabant,1138489,146,0,2849,0
2020-04-09,Belgium,NA,Flemish Brabant,1138489,173,0,3022,0
2020-04-10,Belgium,NA,Flemish Brabant,1138489,227,0,3249,0
2020-04-11,Belgium,NA,Flemish Brabant,1138489,192,0,3441,0
2020-04-12,Belgium,NA,Flemish Brabant,1138489,60,0,3501,0
2020-04-13,Belgium,NA,Flemish Brabant,1138489,86,0,3587,0
2020-04-14,Belgium,NA,Flemish Brabant,1138489,95,0,3682,0
2020-04-15,Belgium,NA,Flemish Brabant,1138489,110,0,3792,0
2020-04-16,Belgium,NA,Flemish Brabant,1138489,128,0,3920,0
2020-04-17,Belgium,NA,Flemish Brabant,1138489,116,0,4036,0
2020-04-18,Belgium,NA,Flemish Brabant,1138489,32,0,4068,0
2020-04-19,Belgium,NA,Flemish Brabant,1138489,23,0,4091,0
2020-04-20,Belgium,NA,Flemish Brabant,1138489,57,0,4148,0
2020-04-21,Belgium,NA,Flemish Brabant,1138489,105,0,4253,0
2020-04-22,Belgium,NA,Flemish Brabant,1138489,105,0,4358,0
2020-04-23,Belgium,NA,Flemish Brabant,1138489,61,0,4419,0
2020-04-24,Belgium,NA,Flemish Brabant,1138489,105,0,4524,0
2020-04-25,Belgium,NA,Flemish Brabant,1138489,20,0,4544,0
2020-04-26,Belgium,NA,Flemish Brabant,1138489,18,0,4562,0
2020-04-27,Belgium,NA,Flemish Brabant,1138489,73,0,4635,0
2020-04-28,Belgium,NA,Flemish Brabant,1138489,55,0,4690,0
2020-04-29,Belgium,NA,Flemish Brabant,1138489,30,0,4720,0
2020-04-30,Belgium,NA,Flemish Brabant,1138489,39,0,4759,0
2020-05-01,Belgium,NA,Flemish Brabant,1138489,20,0,4779,0
2020-05-02,Belgium,NA,Flemish Brabant,1138489,35,0,4814,0
2020-05-03,Belgium,NA,Flemish Brabant,1138489,13,0,4827,0
2020-05-04,Belgium,NA,Flemish Brabant,1138489,49,0,4876,0
2020-05-05,Belgium,NA,Flemish Brabant,1138489,37,0,4913,0
2020-05-06,Belgium,NA,Flemish Brabant,1138489,43,0,4956,0
2020-05-07,Belgium,NA,Flemish Brabant,1138489,19,0,4975,0
2020-05-08,Belgium,NA,Flemish Brabant,1138489,30,0,5005,0
2020-05-09,Belgium,NA,Flemish Brabant,1138489,11,0,5016,0
2020-05-10,Belgium,NA,Flemish Brabant,1138489,7,0,5023,0
2020-05-11,Belgium,NA,Flemish Brabant,1138489,34,0,5057,0
2020-05-12,Belgium,NA,Flemish Brabant,1138489,27,0,5084,0
2020-05-13,Belgium,NA,Flemish Brabant,1138489,25,0,5109,0
2020-05-14,Belgium,NA,Flemish Brabant,1138489,16,0,5125,0
2020-05-15,Belgium,NA,Flemish Brabant,1138489,12,0,5137,0
2020-05-16,Belgium,NA,Flemish Brabant,1138489,11,0,5148,0
2020-05-17,Belgium,NA,Flemish Brabant,1138489,7,0,5155,0
2020-05-18,Belgium,NA,Flemish Brabant,1138489,20,0,5175,0
2020-05-19,Belgium,NA,Flemish Brabant,1138489,16,0,5191,0
2020-05-20,Belgium,NA,Flemish Brabant,1138489,17,0,5208,0
2020-05-21,Belgium,NA,Flemish Brabant,1138489,3,0,5211,0
2020-05-22,Belgium,NA,Flemish Brabant,1138489,17,0,5228,0
2020-05-23,Belgium,NA,Flemish Brabant,1138489,5,0,5233,0
2020-05-24,Belgium,NA,Flemish Brabant,1138489,4,0,5237,0
2020-05-25,Belgium,NA,Flemish Brabant,1138489,14,0,5251,0
2020-05-26,Belgium,NA,Flemish Brabant,1138489,15,0,5266,0
2020-05-27,Belgium,NA,Flemish Brabant,1138489,15,0,5281,0
2020-05-28,Belgium,NA,Flemish Brabant,1138489,6,0,5287,0
2020-05-29,Belgium,NA,Flemish Brabant,1138489,11,0,5298,0
2020-05-30,Belgium,NA,Flemish Brabant,1138489,7,0,5305,0
2020-05-31,Belgium,NA,Flemish Brabant,1138489,2,0,5307,0
2020-06-01,Belgium,NA,Flemish Brabant,1138489,3,0,5310,0
2020-06-02,Belgium,NA,Flemish Brabant,1138489,12,0,5322,0
2020-06-03,Belgium,NA,Flemish Brabant,1138489,14,0,5336,0
2020-06-04,Belgium,NA,Flemish Brabant,1138489,15,0,5351,0
2020-06-05,Belgium,NA,Flemish Brabant,1138489,14,0,5365,0
2020-06-06,Belgium,NA,Flemish Brabant,1138489,6,0,5371,0
2020-06-07,Belgium,NA,Flemish Brabant,1138489,4,0,5375,0
2020-06-08,Belgium,NA,Flemish Brabant,1138489,20,0,5395,0
2020-06-09,Belgium,NA,Flemish Brabant,1138489,12,0,5407,0
2020-06-10,Belgium,NA,Flemish Brabant,1138489,14,0,5421,0
2020-06-11,Belgium,NA,Flemish Brabant,1138489,6,0,5427,0
2020-06-12,Belgium,NA,Flemish Brabant,1138489,7,0,5434,0
2020-06-13,Belgium,NA,Flemish Brabant,1138489,3,0,5437,0
2020-06-14,Belgium,NA,Flemish Brabant,1138489,2,0,5439,0
2020-06-15,Belgium,NA,Flemish Brabant,1138489,9,0,5448,0
2020-06-16,Belgium,NA,Flemish Brabant,1138489,8,0,5456,0
2020-06-17,Belgium,NA,Flemish Brabant,1138489,10,0,5466,0
2020-06-18,Belgium,NA,Flemish Brabant,1138489,8,0,5474,0
2020-06-19,Belgium,NA,Flemish Brabant,1138489,5,0,5479,0
2020-06-20,Belgium,NA,Flemish Brabant,1138489,1,0,5480,0
2020-06-21,Belgium,NA,Flemish Brabant,1138489,2,0,5482,0
2020-06-22,Belgium,NA,Flemish Brabant,1138489,6,0,5488,0
2020-06-23,Belgium,NA,Flemish Brabant,1138489,4,0,5492,0
2020-06-24,Belgium,NA,Flemish Brabant,1138489,5,0,5497,0
2020-06-25,Belgium,NA,Flemish Brabant,1138489,9,0,5506,0
2020-06-26,Belgium,NA,Flemish Brabant,1138489,5,0,5511,0
2020-06-27,Belgium,NA,Flemish Brabant,1138489,3,0,5514,0
2020-06-28,Belgium,NA,Flemish Brabant,1138489,1,0,5515,0
2020-06-29,Belgium,NA,Flemish Brabant,1138489,8,0,5523,0
2020-06-30,Belgium,NA,Flemish Brabant,1138489,5,0,5528,0
2020-07-01,Belgium,NA,Flemish Brabant,1138489,7,0,5535,0
2020-07-02,Belgium,NA,Flemish Brabant,1138489,13,0,5548,0
2020-07-03,Belgium,NA,Flemish Brabant,1138489,2,0,5550,0
2020-07-04,Belgium,NA,Flemish Brabant,1138489,3,0,5553,0
2020-07-06,Belgium,NA,Flemish Brabant,1138489,9,0,5562,0
2020-07-07,Belgium,NA,Flemish Brabant,1138489,8,0,5570,0
2020-07-08,Belgium,NA,Flemish Brabant,1138489,9,0,5579,0
2020-07-09,Belgium,NA,Flemish Brabant,1138489,7,0,5586,0
2020-07-10,Belgium,NA,Flemish Brabant,1138489,10,0,5596,0
2020-07-11,Belgium,NA,Flemish Brabant,1138489,5,0,5601,0
2020-07-12,Belgium,NA,Flemish Brabant,1138489,3,0,5604,0
2020-07-13,Belgium,NA,Flemish Brabant,1138489,9,0,5613,0
2020-07-14,Belgium,NA,Flemish Brabant,1138489,14,0,5627,0
2020-07-15,Belgium,NA,Flemish Brabant,1138489,17,0,5644,0
2020-07-16,Belgium,NA,Flemish Brabant,1138489,18,0,5662,0
2020-07-17,Belgium,NA,Flemish Brabant,1138489,10,0,5672,0
2020-07-18,Belgium,NA,Flemish Brabant,1138489,7,0,5679,0
2020-07-19,Belgium,NA,Flemish Brabant,1138489,1,0,5680,0
2020-07-20,Belgium,NA,Flemish Brabant,1138489,21,0,5701,0
2020-07-21,Belgium,NA,Flemish Brabant,1138489,1,0,5702,0
2020-07-22,Belgium,NA,Flemish Brabant,1138489,27,0,5729,0
2020-07-23,Belgium,NA,Flemish Brabant,1138489,18,0,5747,0
2020-07-24,Belgium,NA,Flemish Brabant,1138489,18,0,5765,0
2020-07-25,Belgium,NA,Flemish Brabant,1138489,7,0,5772,0
2020-07-26,Belgium,NA,Flemish Brabant,1138489,7,0,5779,0
2020-07-27,Belgium,NA,Flemish Brabant,1138489,24,0,5803,0
2020-07-28,Belgium,NA,Flemish Brabant,1138489,32,0,5835,0
2020-07-29,Belgium,NA,Flemish Brabant,1138489,37,0,5872,0
2020-07-30,Belgium,NA,Flemish Brabant,1138489,48,0,5920,0
2020-07-31,Belgium,NA,Flemish Brabant,1138489,30,0,5950,0
2020-08-01,Belgium,NA,Flemish Brabant,1138489,15,0,5965,0
2020-08-02,Belgium,NA,Flemish Brabant,1138489,3,0,5968,0
2020-08-03,Belgium,NA,Flemish Brabant,1138489,48,0,6016,0
2020-08-04,Belgium,NA,Flemish Brabant,1138489,49,0,6065,0
2020-08-05,Belgium,NA,Flemish Brabant,1138489,54,0,6119,0
2020-08-06,Belgium,NA,Flemish Brabant,1138489,36,0,6155,0
2020-08-07,Belgium,NA,Flemish Brabant,1138489,38,0,6193,0
2020-08-08,Belgium,NA,Flemish Brabant,1138489,11,0,6204,0
2020-08-09,Belgium,NA,Flemish Brabant,1138489,11,0,6215,0
2020-08-10,Belgium,NA,Flemish Brabant,1138489,56,0,6271,0
2020-08-11,Belgium,NA,Flemish Brabant,1138489,37,0,6308,0
2020-08-12,Belgium,NA,Flemish Brabant,1138489,29,0,6337,0
2020-08-13,Belgium,NA,Flemish Brabant,1138489,47,0,6384,0
2020-08-14,Belgium,NA,Flemish Brabant,1138489,44,0,6428,0
2020-08-15,Belgium,NA,Flemish Brabant,1138489,14,0,6442,0
2020-08-16,Belgium,NA,Flemish Brabant,1138489,6,0,6448,0
2020-08-17,Belgium,NA,Flemish Brabant,1138489,65,0,6513,0
2020-08-18,Belgium,NA,Flemish Brabant,1138489,58,0,6571,0
2020-08-19,Belgium,NA,Flemish Brabant,1138489,43,0,6614,0
2020-08-20,Belgium,NA,Flemish Brabant,1138489,42,0,6656,0
2020-08-21,Belgium,NA,Flemish Brabant,1138489,49,0,6705,0
2020-08-22,Belgium,NA,Flemish Brabant,1138489,13,0,6718,0
2020-08-23,Belgium,NA,Flemish Brabant,1138489,7,0,6725,0
2020-08-24,Belgium,NA,Flemish Brabant,1138489,65,0,6790,0
2020-08-25,Belgium,NA,Flemish Brabant,1138489,51,0,6841,0
2020-08-26,Belgium,NA,Flemish Brabant,1138489,51,0,6892,0
2020-08-27,Belgium,NA,Flemish Brabant,1138489,59,0,6951,0
2020-08-28,Belgium,NA,Flemish Brabant,1138489,45,0,6996,0
2020-08-29,Belgium,NA,Flemish Brabant,1138489,8,0,7004,0
2020-08-30,Belgium,NA,Flemish Brabant,1138489,1,0,7005,0
2020-03-13,Belgium,NA,Hainaut,1341645,55,0,141,0
2020-03-14,Belgium,NA,Hainaut,1341645,35,0,176,0
2020-03-15,Belgium,NA,Hainaut,1341645,30,0,206,0
2020-03-16,Belgium,NA,Hainaut,1341645,46,0,252,0
2020-03-17,Belgium,NA,Hainaut,1341645,52,0,304,0
2020-03-18,Belgium,NA,Hainaut,1341645,77,0,381,0
2020-03-19,Belgium,NA,Hainaut,1341645,72,0,453,0
2020-03-20,Belgium,NA,Hainaut,1341645,79,0,532,0
2020-03-21,Belgium,NA,Hainaut,1341645,58,0,590,0
2020-03-22,Belgium,NA,Hainaut,1341645,64,0,654,0
2020-03-23,Belgium,NA,Hainaut,1341645,121,0,775,0
2020-03-24,Belgium,NA,Hainaut,1341645,130,0,905,0
2020-03-25,Belgium,NA,Hainaut,1341645,114,0,1019,0
2020-03-26,Belgium,NA,Hainaut,1341645,112,0,1131,0
2020-03-27,Belgium,NA,Hainaut,1341645,151,0,1282,0
2020-03-28,Belgium,NA,Hainaut,1341645,104,0,1386,0
2020-03-29,Belgium,NA,Hainaut,1341645,108,0,1494,0
2020-03-30,Belgium,NA,Hainaut,1341645,154,0,1648,0
2020-03-31,Belgium,NA,Hainaut,1341645,233,0,1881,0
2020-04-01,Belgium,NA,Hainaut,1341645,134,0,2015,0
2020-04-02,Belgium,NA,Hainaut,1341645,133,0,2148,0
2020-04-03,Belgium,NA,Hainaut,1341645,198,0,2346,0
2020-04-04,Belgium,NA,Hainaut,1341645,72,0,2418,0
2020-04-05,Belgium,NA,Hainaut,1341645,78,0,2496,0
2020-04-06,Belgium,NA,Hainaut,1341645,224,0,2720,0
2020-04-07,Belgium,NA,Hainaut,1341645,153,0,2873,0
2020-04-08,Belgium,NA,Hainaut,1341645,166,0,3039,0
2020-04-09,Belgium,NA,Hainaut,1341645,272,0,3311,0
2020-04-10,Belgium,NA,Hainaut,1341645,247,0,3558,0
2020-04-11,Belgium,NA,Hainaut,1341645,59,0,3617,0
2020-04-12,Belgium,NA,Hainaut,1341645,44,0,3661,0
2020-04-13,Belgium,NA,Hainaut,1341645,55,0,3716,0
2020-04-14,Belgium,NA,Hainaut,1341645,182,0,3898,0
2020-04-15,Belgium,NA,Hainaut,1341645,145,0,4043,0
2020-04-16,Belgium,NA,Hainaut,1341645,222,0,4265,0
2020-04-17,Belgium,NA,Hainaut,1341645,174,0,4439,0
2020-04-18,Belgium,NA,Hainaut,1341645,221,0,4660,0
2020-04-19,Belgium,NA,Hainaut,1341645,62,0,4722,0
2020-04-20,Belgium,NA,Hainaut,1341645,170,0,4892,0
2020-04-21,Belgium,NA,Hainaut,1341645,307,0,5199,0
2020-04-22,Belgium,NA,Hainaut,1341645,100,0,5299,0
2020-04-23,Belgium,NA,Hainaut,1341645,163,0,5462,0
2020-04-24,Belgium,NA,Hainaut,1341645,72,0,5534,0
2020-04-25,Belgium,NA,Hainaut,1341645,43,0,5577,0
2020-04-26,Belgium,NA,Hainaut,1341645,38,0,5615,0
2020-04-27,Belgium,NA,Hainaut,1341645,90,0,5705,0
2020-04-28,Belgium,NA,Hainaut,1341645,48,0,5753,0
2020-04-29,Belgium,NA,Hainaut,1341645,36,0,5789,0
2020-04-30,Belgium,NA,Hainaut,1341645,66,0,5855,0
2020-05-01,Belgium,NA,Hainaut,1341645,16,0,5871,0
2020-05-02,Belgium,NA,Hainaut,1341645,47,0,5918,0
2020-05-03,Belgium,NA,Hainaut,1341645,8,0,5926,0
2020-05-04,Belgium,NA,Hainaut,1341645,44,0,5970,0
2020-05-05,Belgium,NA,Hainaut,1341645,49,0,6019,0
2020-05-06,Belgium,NA,Hainaut,1341645,63,0,6082,0
2020-05-07,Belgium,NA,Hainaut,1341645,36,0,6118,0
2020-05-08,Belgium,NA,Hainaut,1341645,63,0,6181,0
2020-05-09,Belgium,NA,Hainaut,1341645,28,0,6209,0
2020-05-10,Belgium,NA,Hainaut,1341645,10,0,6219,0
2020-05-11,Belgium,NA,Hainaut,1341645,40,0,6259,0
2020-05-12,Belgium,NA,Hainaut,1341645,54,0,6313,0
2020-05-13,Belgium,NA,Hainaut,1341645,32,0,6345,0
2020-05-14,Belgium,NA,Hainaut,1341645,34,0,6379,0
2020-05-15,Belgium,NA,Hainaut,1341645,47,0,6426,0
2020-05-16,Belgium,NA,Hainaut,1341645,10,0,6436,0
2020-05-17,Belgium,NA,Hainaut,1341645,6,0,6442,0
2020-05-18,Belgium,NA,Hainaut,1341645,30,0,6472,0
2020-05-19,Belgium,NA,Hainaut,1341645,19,0,6491,0
2020-05-20,Belgium,NA,Hainaut,1341645,54,0,6545,0
2020-05-21,Belgium,NA,Hainaut,1341645,7,0,6552,0
2020-05-22,Belgium,NA,Hainaut,1341645,20,0,6572,0
2020-05-23,Belgium,NA,Hainaut,1341645,13,0,6585,0
2020-05-24,Belgium,NA,Hainaut,1341645,8,0,6593,0
2020-05-25,Belgium,NA,Hainaut,1341645,65,0,6658,0
2020-05-26,Belgium,NA,Hainaut,1341645,15,0,6673,0
2020-05-27,Belgium,NA,Hainaut,1341645,24,0,6697,0
2020-05-28,Belgium,NA,Hainaut,1341645,25,0,6722,0
2020-05-29,Belgium,NA,Hainaut,1341645,6,0,6728,0
2020-05-30,Belgium,NA,Hainaut,1341645,3,0,6731,0
2020-05-31,Belgium,NA,Hainaut,1341645,4,0,6735,0
2020-06-01,Belgium,NA,Hainaut,1341645,6,0,6741,0
2020-06-02,Belgium,NA,Hainaut,1341645,21,0,6762,0
2020-06-03,Belgium,NA,Hainaut,1341645,15,0,6777,0
2020-06-04,Belgium,NA,Hainaut,1341645,11,0,6788,0
2020-06-05,Belgium,NA,Hainaut,1341645,19,0,6807,0
2020-06-06,Belgium,NA,Hainaut,1341645,5,0,6812,0
2020-06-07,Belgium,NA,Hainaut,1341645,7,0,6819,0
2020-06-08,Belgium,NA,Hainaut,1341645,13,0,6832,0
2020-06-09,Belgium,NA,Hainaut,1341645,18,0,6850,0
2020-06-10,Belgium,NA,Hainaut,1341645,21,0,6871,0
2020-06-11,Belgium,NA,Hainaut,1341645,18,0,6889,0
2020-06-12,Belgium,NA,Hainaut,1341645,11,0,6900,0
2020-06-13,Belgium,NA,Hainaut,1341645,4,0,6904,0
2020-06-14,Belgium,NA,Hainaut,1341645,1,0,6905,0
2020-06-15,Belgium,NA,Hainaut,1341645,20,0,6925,0
2020-06-16,Belgium,NA,Hainaut,1341645,10,0,6935,0
2020-06-17,Belgium,NA,Hainaut,1341645,13,0,6948,0
2020-06-18,Belgium,NA,Hainaut,1341645,5,0,6953,0
2020-06-19,Belgium,NA,Hainaut,1341645,8,0,6961,0
2020-06-20,Belgium,NA,Hainaut,1341645,9,0,6970,0
2020-06-21,Belgium,NA,Hainaut,1341645,1,0,6971,0
2020-06-22,Belgium,NA,Hainaut,1341645,33,0,7004,0
2020-06-23,Belgium,NA,Hainaut,1341645,11,0,7015,0
2020-06-24,Belgium,NA,Hainaut,1341645,12,0,7027,0
2020-06-25,Belgium,NA,Hainaut,1341645,12,0,7039,0
2020-06-26,Belgium,NA,Hainaut,1341645,15,0,7054,0
2020-06-27,Belgium,NA,Hainaut,1341645,5,0,7059,0
2020-06-28,Belgium,NA,Hainaut,1341645,5,0,7064,0
2020-06-29,Belgium,NA,Hainaut,1341645,5,0,7069,0
2020-06-30,Belgium,NA,Hainaut,1341645,13,0,7082,0
2020-07-01,Belgium,NA,Hainaut,1341645,15,0,7097,0
2020-07-02,Belgium,NA,Hainaut,1341645,11,0,7108,0
2020-07-03,Belgium,NA,Hainaut,1341645,13,0,7121,0
2020-07-04,Belgium,NA,Hainaut,1341645,12,0,7133,0
2020-07-06,Belgium,NA,Hainaut,1341645,6,0,7139,0
2020-07-07,Belgium,NA,Hainaut,1341645,4,0,7143,0
2020-07-08,Belgium,NA,Hainaut,1341645,7,0,7150,0
2020-07-09,Belgium,NA,Hainaut,1341645,8,0,7158,0
2020-07-10,Belgium,NA,Hainaut,1341645,10,0,7168,0
2020-07-11,Belgium,NA,Hainaut,1341645,6,0,7174,0
2020-07-12,Belgium,NA,Hainaut,1341645,3,0,7177,0
2020-07-13,Belgium,NA,Hainaut,1341645,19,0,7196,0
2020-07-14,Belgium,NA,Hainaut,1341645,18,0,7214,0
2020-07-15,Belgium,NA,Hainaut,1341645,16,0,7230,0
2020-07-16,Belgium,NA,Hainaut,1341645,26,0,7256,0
2020-07-17,Belgium,NA,Hainaut,1341645,18,0,7274,0
2020-07-18,Belgium,NA,Hainaut,1341645,9,0,7283,0
2020-07-19,Belgium,NA,Hainaut,1341645,5,0,7288,0
2020-07-20,Belgium,NA,Hainaut,1341645,25,0,7313,0
2020-07-21,Belgium,NA,Hainaut,1341645,10,0,7323,0
2020-07-22,Belgium,NA,Hainaut,1341645,33,0,7356,0
2020-07-23,Belgium,NA,Hainaut,1341645,9,0,7365,0
2020-07-24,Belgium,NA,Hainaut,1341645,40,0,7405,0
2020-07-25,Belgium,NA,Hainaut,1341645,20,0,7425,0
2020-07-26,Belgium,NA,Hainaut,1341645,8,0,7433,0
2020-07-27,Belgium,NA,Hainaut,1341645,30,0,7463,0
2020-07-28,Belgium,NA,Hainaut,1341645,38,0,7501,0
2020-07-29,Belgium,NA,Hainaut,1341645,58,0,7559,0
2020-07-30,Belgium,NA,Hainaut,1341645,37,0,7596,0
2020-07-31,Belgium,NA,Hainaut,1341645,36,0,7632,0
2020-08-01,Belgium,NA,Hainaut,1341645,28,0,7660,0
2020-08-02,Belgium,NA,Hainaut,1341645,14,0,7674,0
2020-08-03,Belgium,NA,Hainaut,1341645,62,0,7736,0
2020-08-04,Belgium,NA,Hainaut,1341645,52,0,7788,0
2020-08-05,Belgium,NA,Hainaut,1341645,59,0,7847,0
2020-08-06,Belgium,NA,Hainaut,1341645,55,0,7902,0
2020-08-07,Belgium,NA,Hainaut,1341645,44,0,7946,0
2020-08-08,Belgium,NA,Hainaut,1341645,13,0,7959,0
2020-08-09,Belgium,NA,Hainaut,1341645,8,0,7967,0
2020-08-10,Belgium,NA,Hainaut,1341645,53,0,8020,0
2020-08-11,Belgium,NA,Hainaut,1341645,58,0,8078,0
2020-08-12,Belgium,NA,Hainaut,1341645,30,0,8108,0
2020-08-13,Belgium,NA,Hainaut,1341645,47,0,8155,0
2020-08-14,Belgium,NA,Hainaut,1341645,41,0,8196,0
2020-08-15,Belgium,NA,Hainaut,1341645,6,0,8202,0
2020-08-16,Belgium,NA,Hainaut,1341645,10,0,8212,0
2020-08-17,Belgium,NA,Hainaut,1341645,70,0,8282,0
2020-08-18,Belgium,NA,Hainaut,1341645,54,0,8336,0
2020-08-19,Belgium,NA,Hainaut,1341645,65,0,8401,0
2020-08-20,Belgium,NA,Hainaut,1341645,61,0,8462,0
2020-08-21,Belgium,NA,Hainaut,1341645,55,0,8517,0
2020-08-22,Belgium,NA,Hainaut,1341645,15,0,8532,0
2020-08-23,Belgium,NA,Hainaut,1341645,6,0,8538,0
2020-08-24,Belgium,NA,Hainaut,1341645,40,0,8578,0
2020-08-25,Belgium,NA,Hainaut,1341645,37,0,8615,0
2020-08-26,Belgium,NA,Hainaut,1341645,37,0,8652,0
2020-08-27,Belgium,NA,Hainaut,1341645,61,0,8713,0
2020-08-28,Belgium,NA,Hainaut,1341645,61,0,8774,0
2020-08-29,Belgium,NA,Hainaut,1341645,14,0,8788,0
2020-03-12,Belgium,NA,Limburg,870880,25,0,113,0
2020-03-13,Belgium,NA,Limburg,870880,30,0,143,0
2020-03-14,Belgium,NA,Limburg,870880,11,0,154,0
2020-03-15,Belgium,NA,Limburg,870880,37,0,191,0
2020-03-16,Belgium,NA,Limburg,870880,35,0,226,0
2020-03-17,Belgium,NA,Limburg,870880,66,0,292,0
2020-03-18,Belgium,NA,Limburg,870880,58,0,350,0
2020-03-19,Belgium,NA,Limburg,870880,97,0,447,0
2020-03-20,Belgium,NA,Limburg,870880,111,0,558,0
2020-03-21,Belgium,NA,Limburg,870880,62,0,620,0
2020-03-22,Belgium,NA,Limburg,870880,45,0,665,0
2020-03-23,Belgium,NA,Limburg,870880,145,0,810,0
2020-03-24,Belgium,NA,Limburg,870880,135,0,945,0
2020-03-25,Belgium,NA,Limburg,870880,125,0,1070,0
2020-03-26,Belgium,NA,Limburg,870880,179,0,1249,0
2020-03-27,Belgium,NA,Limburg,870880,181,0,1430,0
2020-03-28,Belgium,NA,Limburg,870880,96,0,1526,0
2020-03-29,Belgium,NA,Limburg,870880,72,0,1598,0
2020-03-30,Belgium,NA,Limburg,870880,231,0,1829,0
2020-03-31,Belgium,NA,Limburg,870880,166,0,1995,0
2020-04-01,Belgium,NA,Limburg,870880,170,0,2165,0
2020-04-02,Belgium,NA,Limburg,870880,167,0,2332,0
2020-04-03,Belgium,NA,Limburg,870880,257,0,2589,0
2020-04-04,Belgium,NA,Limburg,870880,86,0,2675,0
2020-04-05,Belgium,NA,Limburg,870880,47,0,2722,0
2020-04-06,Belgium,NA,Limburg,870880,258,0,2980,0
2020-04-07,Belgium,NA,Limburg,870880,221,0,3201,0
2020-04-08,Belgium,NA,Limburg,870880,214,0,3415,0
2020-04-09,Belgium,NA,Limburg,870880,255,0,3670,0
2020-04-10,Belgium,NA,Limburg,870880,324,0,3994,0
2020-04-11,Belgium,NA,Limburg,870880,93,0,4087,0
2020-04-12,Belgium,NA,Limburg,870880,53,0,4140,0
2020-04-13,Belgium,NA,Limburg,870880,40,0,4180,0
2020-04-14,Belgium,NA,Limburg,870880,188,0,4368,0
2020-04-15,Belgium,NA,Limburg,870880,96,0,4464,0
2020-04-16,Belgium,NA,Limburg,870880,126,0,4590,0
2020-04-17,Belgium,NA,Limburg,870880,134,0,4724,0
2020-04-18,Belgium,NA,Limburg,870880,49,0,4773,0
2020-04-19,Belgium,NA,Limburg,870880,29,0,4802,0
2020-04-20,Belgium,NA,Limburg,870880,129,0,4931,0
2020-04-21,Belgium,NA,Limburg,870880,77,0,5008,0
2020-04-22,Belgium,NA,Limburg,870880,56,0,5064,0
2020-04-23,Belgium,NA,Limburg,870880,64,0,5128,0
2020-04-24,Belgium,NA,Limburg,870880,76,0,5204,0
2020-04-25,Belgium,NA,Limburg,870880,20,0,5224,0
2020-04-26,Belgium,NA,Limburg,870880,23,0,5247,0
2020-04-27,Belgium,NA,Limburg,870880,59,0,5306,0
2020-04-28,Belgium,NA,Limburg,870880,44,0,5350,0
2020-04-29,Belgium,NA,Limburg,870880,59,0,5409,0
2020-04-30,Belgium,NA,Limburg,870880,46,0,5455,0
2020-05-01,Belgium,NA,Limburg,870880,24,0,5479,0
2020-05-02,Belgium,NA,Limburg,870880,27,0,5506,0
2020-05-03,Belgium,NA,Limburg,870880,7,0,5513,0
2020-05-04,Belgium,NA,Limburg,870880,43,0,5556,0
2020-05-05,Belgium,NA,Limburg,870880,36,0,5592,0
2020-05-06,Belgium,NA,Limburg,870880,43,0,5635,0
2020-05-07,Belgium,NA,Limburg,870880,39,0,5674,0
2020-05-08,Belgium,NA,Limburg,870880,50,0,5724,0
2020-05-09,Belgium,NA,Limburg,870880,15,0,5739,0
2020-05-10,Belgium,NA,Limburg,870880,9,0,5748,0
2020-05-11,Belgium,NA,Limburg,870880,54,0,5802,0
2020-05-12,Belgium,NA,Limburg,870880,29,0,5831,0
2020-05-13,Belgium,NA,Limburg,870880,31,0,5862,0
2020-05-14,Belgium,NA,Limburg,870880,25,0,5887,0
2020-05-15,Belgium,NA,Limburg,870880,33,0,5920,0
2020-05-16,Belgium,NA,Limburg,870880,10,0,5930,0
2020-05-17,Belgium,NA,Limburg,870880,9,0,5939,0
2020-05-18,Belgium,NA,Limburg,870880,50,0,5989,0
2020-05-19,Belgium,NA,Limburg,870880,45,0,6034,0
2020-05-20,Belgium,NA,Limburg,870880,34,0,6068,0
2020-05-21,Belgium,NA,Limburg,870880,8,0,6076,0
2020-05-22,Belgium,NA,Limburg,870880,24,0,6100,0
2020-05-23,Belgium,NA,Limburg,870880,11,0,6111,0
2020-05-24,Belgium,NA,Limburg,870880,14,0,6125,0
2020-05-25,Belgium,NA,Limburg,870880,29,0,6154,0
2020-05-26,Belgium,NA,Limburg,870880,27,0,6181,0
2020-05-27,Belgium,NA,Limburg,870880,24,0,6205,0
2020-05-28,Belgium,NA,Limburg,870880,18,0,6223,0
2020-05-29,Belgium,NA,Limburg,870880,15,0,6238,0
2020-05-30,Belgium,NA,Limburg,870880,12,0,6250,0
2020-05-31,Belgium,NA,Limburg,870880,7,0,6257,0
2020-06-01,Belgium,NA,Limburg,870880,8,0,6265,0
2020-06-02,Belgium,NA,Limburg,870880,23,0,6288,0
2020-06-03,Belgium,NA,Limburg,870880,21,0,6309,0
2020-06-04,Belgium,NA,Limburg,870880,21,0,6330,0
2020-06-05,Belgium,NA,Limburg,870880,23,0,6353,0
2020-06-06,Belgium,NA,Limburg,870880,18,0,6371,0
2020-06-07,Belgium,NA,Limburg,870880,15,0,6386,0
2020-06-08,Belgium,NA,Limburg,870880,17,0,6403,0
2020-06-09,Belgium,NA,Limburg,870880,16,0,6419,0
2020-06-10,Belgium,NA,Limburg,870880,12,0,6431,0
2020-06-11,Belgium,NA,Limburg,870880,14,0,6445,0
2020-06-12,Belgium,NA,Limburg,870880,7,0,6452,0
2020-06-13,Belgium,NA,Limburg,870880,5,0,6457,0
2020-06-14,Belgium,NA,Limburg,870880,2,0,6459,0
2020-06-15,Belgium,NA,Limburg,870880,20,0,6479,0
2020-06-16,Belgium,NA,Limburg,870880,15,0,6494,0
2020-06-17,Belgium,NA,Limburg,870880,13,0,6507,0
2020-06-18,Belgium,NA,Limburg,870880,5,0,6512,0
2020-06-19,Belgium,NA,Limburg,870880,14,0,6526,0
2020-06-20,Belgium,NA,Limburg,870880,4,0,6530,0
2020-06-21,Belgium,NA,Limburg,870880,4,0,6534,0
2020-06-22,Belgium,NA,Limburg,870880,8,0,6542,0
2020-06-23,Belgium,NA,Limburg,870880,16,0,6558,0
2020-06-24,Belgium,NA,Limburg,870880,16,0,6574,0
2020-06-25,Belgium,NA,Limburg,870880,5,0,6579,0
2020-06-26,Belgium,NA,Limburg,870880,10,0,6589,0
2020-06-27,Belgium,NA,Limburg,870880,1,0,6590,0
2020-06-29,Belgium,NA,Limburg,870880,9,0,6599,0
2020-06-30,Belgium,NA,Limburg,870880,6,0,6605,0
2020-07-01,Belgium,NA,Limburg,870880,9,0,6614,0
2020-07-02,Belgium,NA,Limburg,870880,6,0,6620,0
2020-07-03,Belgium,NA,Limburg,870880,4,0,6624,0
2020-07-04,Belgium,NA,Limburg,870880,7,0,6631,0
2020-07-05,Belgium,NA,Limburg,870880,1,0,6632,0
2020-07-06,Belgium,NA,Limburg,870880,7,0,6639,0
2020-07-07,Belgium,NA,Limburg,870880,7,0,6646,0
2020-07-08,Belgium,NA,Limburg,870880,22,0,6668,0
2020-07-09,Belgium,NA,Limburg,870880,14,0,6682,0
2020-07-10,Belgium,NA,Limburg,870880,10,0,6692,0
2020-07-11,Belgium,NA,Limburg,870880,10,0,6702,0
2020-07-12,Belgium,NA,Limburg,870880,4,0,6706,0
2020-07-13,Belgium,NA,Limburg,870880,19,0,6725,0
2020-07-14,Belgium,NA,Limburg,870880,12,0,6737,0
2020-07-15,Belgium,NA,Limburg,870880,23,0,6760,0
2020-07-16,Belgium,NA,Limburg,870880,11,0,6771,0
2020-07-17,Belgium,NA,Limburg,870880,21,0,6792,0
2020-07-18,Belgium,NA,Limburg,870880,5,0,6797,0
2020-07-19,Belgium,NA,Limburg,870880,12,0,6809,0
2020-07-20,Belgium,NA,Limburg,870880,22,0,6831,0
2020-07-21,Belgium,NA,Limburg,870880,23,0,6854,0
2020-07-22,Belgium,NA,Limburg,870880,46,0,6900,0
2020-07-23,Belgium,NA,Limburg,870880,25,0,6925,0
2020-07-24,Belgium,NA,Limburg,870880,28,0,6953,0
2020-07-25,Belgium,NA,Limburg,870880,19,0,6972,0
2020-07-26,Belgium,NA,Limburg,870880,5,0,6977,0
2020-07-27,Belgium,NA,Limburg,870880,38,0,7015,0
2020-07-28,Belgium,NA,Limburg,870880,31,0,7046,0
2020-07-29,Belgium,NA,Limburg,870880,38,0,7084,0
2020-07-30,Belgium,NA,Limburg,870880,27,0,7111,0
2020-07-31,Belgium,NA,Limburg,870880,22,0,7133,0
2020-08-01,Belgium,NA,Limburg,870880,22,0,7155,0
2020-08-02,Belgium,NA,Limburg,870880,9,0,7164,0
2020-08-03,Belgium,NA,Limburg,870880,26,0,7190,0
2020-08-04,Belgium,NA,Limburg,870880,45,0,7235,0
2020-08-05,Belgium,NA,Limburg,870880,27,0,7262,0
2020-08-06,Belgium,NA,Limburg,870880,27,0,7289,0
2020-08-07,Belgium,NA,Limburg,870880,28,0,7317,0
2020-08-08,Belgium,NA,Limburg,870880,19,0,7336,0
2020-08-09,Belgium,NA,Limburg,870880,2,0,7338,0
2020-08-10,Belgium,NA,Limburg,870880,50,0,7388,0
2020-08-11,Belgium,NA,Limburg,870880,31,0,7419,0
2020-08-12,Belgium,NA,Limburg,870880,9,0,7428,0
2020-08-13,Belgium,NA,Limburg,870880,26,0,7454,0
2020-08-14,Belgium,NA,Limburg,870880,17,0,7471,0
2020-08-15,Belgium,NA,Limburg,870880,12,0,7483,0
2020-08-16,Belgium,NA,Limburg,870880,9,0,7492,0
2020-08-17,Belgium,NA,Limburg,870880,32,0,7524,0
2020-08-18,Belgium,NA,Limburg,870880,31,0,7555,0
2020-08-19,Belgium,NA,Limburg,870880,25,0,7580,0
2020-08-20,Belgium,NA,Limburg,870880,40,0,7620,0
2020-08-21,Belgium,NA,Limburg,870880,25,0,7645,0
2020-08-22,Belgium,NA,Limburg,870880,7,0,7652,0
2020-08-23,Belgium,NA,Limburg,870880,8,0,7660,0
2020-08-24,Belgium,NA,Limburg,870880,32,0,7692,0
2020-08-25,Belgium,NA,Limburg,870880,33,0,7725,0
2020-08-26,Belgium,NA,Limburg,870880,25,0,7750,0
2020-08-27,Belgium,NA,Limburg,870880,31,0,7781,0
2020-08-28,Belgium,NA,Limburg,870880,19,0,7800,0
2020-08-29,Belgium,NA,Limburg,870880,15,0,7815,0
2020-08-30,Belgium,NA,Limburg,870880,1,0,7816,0
2020-03-11,Belgium,NA,Liege,1105326,25,0,101,0
2020-03-12,Belgium,NA,Liege,1105326,29,0,130,0
2020-03-13,Belgium,NA,Liege,1105326,30,0,160,0
2020-03-14,Belgium,NA,Liege,1105326,22,0,182,0
2020-03-15,Belgium,NA,Liege,1105326,15,0,197,0
2020-03-16,Belgium,NA,Liege,1105326,48,0,245,0
2020-03-17,Belgium,NA,Liege,1105326,45,0,290,0
2020-03-18,Belgium,NA,Liege,1105326,47,0,337,0
2020-03-19,Belgium,NA,Liege,1105326,80,0,417,0
2020-03-20,Belgium,NA,Liege,1105326,73,0,490,0
2020-03-21,Belgium,NA,Liege,1105326,74,0,564,0
2020-03-22,Belgium,NA,Liege,1105326,60,0,624,0
2020-03-23,Belgium,NA,Liege,1105326,166,0,790,0
2020-03-24,Belgium,NA,Liege,1105326,163,0,953,0
2020-03-25,Belgium,NA,Liege,1105326,138,0,1091,0
2020-03-26,Belgium,NA,Liege,1105326,157,0,1248,0
2020-03-27,Belgium,NA,Liege,1105326,97,0,1345,0
2020-03-28,Belgium,NA,Liege,1105326,30,0,1375,0
2020-03-29,Belgium,NA,Liege,1105326,54,0,1429,0
2020-03-30,Belgium,NA,Liege,1105326,245,0,1674,0
2020-03-31,Belgium,NA,Liege,1105326,207,0,1881,0
2020-04-01,Belgium,NA,Liege,1105326,175,0,2056,0
2020-04-02,Belgium,NA,Liege,1105326,194,0,2250,0
2020-04-03,Belgium,NA,Liege,1105326,182,0,2432,0
2020-04-04,Belgium,NA,Liege,1105326,115,0,2547,0
2020-04-05,Belgium,NA,Liege,1105326,96,0,2643,0
2020-04-06,Belgium,NA,Liege,1105326,190,0,2833,0
2020-04-07,Belgium,NA,Liege,1105326,202,0,3035,0
2020-04-08,Belgium,NA,Liege,1105326,160,0,3195,0
2020-04-09,Belgium,NA,Liege,1105326,236,0,3431,0
2020-04-10,Belgium,NA,Liege,1105326,234,0,3665,0
2020-04-11,Belgium,NA,Liege,1105326,138,0,3803,0
2020-04-12,Belgium,NA,Liege,1105326,76,0,3879,0
2020-04-13,Belgium,NA,Liege,1105326,63,0,3942,0
2020-04-14,Belgium,NA,Liege,1105326,212,0,4154,0
2020-04-15,Belgium,NA,Liege,1105326,451,0,4605,0
2020-04-16,Belgium,NA,Liege,1105326,137,0,4742,0
2020-04-17,Belgium,NA,Liege,1105326,215,0,4957,0
2020-04-18,Belgium,NA,Liege,1105326,145,0,5102,0
2020-04-19,Belgium,NA,Liege,1105326,93,0,5195,0
2020-04-20,Belgium,NA,Liege,1105326,181,0,5376,0
2020-04-21,Belgium,NA,Liege,1105326,119,0,5495,0
2020-04-22,Belgium,NA,Liege,1105326,83,0,5578,0
2020-04-23,Belgium,NA,Liege,1105326,214,0,5792,0
2020-04-24,Belgium,NA,Liege,1105326,73,0,5865,0
2020-04-25,Belgium,NA,Liege,1105326,90,0,5955,0
2020-04-26,Belgium,NA,Liege,1105326,21,0,5976,0
2020-04-27,Belgium,NA,Liege,1105326,46,0,6022,0
2020-04-28,Belgium,NA,Liege,1105326,58,0,6080,0
2020-04-29,Belgium,NA,Liege,1105326,43,0,6123,0
2020-04-30,Belgium,NA,Liege,1105326,46,0,6169,0
2020-05-01,Belgium,NA,Liege,1105326,27,0,6196,0
2020-05-02,Belgium,NA,Liege,1105326,19,0,6215,0
2020-05-03,Belgium,NA,Liege,1105326,10,0,6225,0
2020-05-04,Belgium,NA,Liege,1105326,50,0,6275,0
2020-05-05,Belgium,NA,Liege,1105326,35,0,6310,0
2020-05-06,Belgium,NA,Liege,1105326,35,0,6345,0
2020-05-07,Belgium,NA,Liege,1105326,50,0,6395,0
2020-05-08,Belgium,NA,Liege,1105326,37,0,6432,0
2020-05-09,Belgium,NA,Liege,1105326,41,0,6473,0
2020-05-10,Belgium,NA,Liege,1105326,25,0,6498,0
2020-05-11,Belgium,NA,Liege,1105326,23,0,6521,0
2020-05-12,Belgium,NA,Liege,1105326,32,0,6553,0
2020-05-13,Belgium,NA,Liege,1105326,22,0,6575,0
2020-05-14,Belgium,NA,Liege,1105326,27,0,6602,0
2020-05-15,Belgium,NA,Liege,1105326,29,0,6631,0
2020-05-16,Belgium,NA,Liege,1105326,13,0,6644,0
2020-05-17,Belgium,NA,Liege,1105326,7,0,6651,0
2020-05-18,Belgium,NA,Liege,1105326,10,0,6661,0
2020-05-19,Belgium,NA,Liege,1105326,25,0,6686,0
2020-05-20,Belgium,NA,Liege,1105326,30,0,6716,0
2020-05-21,Belgium,NA,Liege,1105326,4,0,6720,0
2020-05-22,Belgium,NA,Liege,1105326,17,0,6737,0
2020-05-23,Belgium,NA,Liege,1105326,15,0,6752,0
2020-05-24,Belgium,NA,Liege,1105326,7,0,6759,0
2020-05-25,Belgium,NA,Liege,1105326,9,0,6768,0
2020-05-26,Belgium,NA,Liege,1105326,16,0,6784,0
2020-05-27,Belgium,NA,Liege,1105326,23,0,6807,0
2020-05-28,Belgium,NA,Liege,1105326,5,0,6812,0
2020-05-29,Belgium,NA,Liege,1105326,8,0,6820,0
2020-05-30,Belgium,NA,Liege,1105326,6,0,6826,0
2020-05-31,Belgium,NA,Liege,1105326,7,0,6833,0
2020-06-01,Belgium,NA,Liege,1105326,5,0,6838,0
2020-06-02,Belgium,NA,Liege,1105326,11,0,6849,0
2020-06-03,Belgium,NA,Liege,1105326,7,0,6856,0
2020-06-04,Belgium,NA,Liege,1105326,7,0,6863,0
2020-06-05,Belgium,NA,Liege,1105326,18,0,6881,0
2020-06-06,Belgium,NA,Liege,1105326,8,0,6889,0
2020-06-07,Belgium,NA,Liege,1105326,8,0,6897,0
2020-06-08,Belgium,NA,Liege,1105326,16,0,6913,0
2020-06-09,Belgium,NA,Liege,1105326,6,0,6919,0
2020-06-10,Belgium,NA,Liege,1105326,4,0,6923,0
2020-06-11,Belgium,NA,Liege,1105326,4,0,6927,0
2020-06-12,Belgium,NA,Liege,1105326,10,0,6937,0
2020-06-13,Belgium,NA,Liege,1105326,6,0,6943,0
2020-06-14,Belgium,NA,Liege,1105326,2,0,6945,0
2020-06-15,Belgium,NA,Liege,1105326,5,0,6950,0
2020-06-16,Belgium,NA,Liege,1105326,9,0,6959,0
2020-06-17,Belgium,NA,Liege,1105326,4,0,6963,0
2020-06-18,Belgium,NA,Liege,1105326,16,0,6979,0
2020-06-19,Belgium,NA,Liege,1105326,6,0,6985,0
2020-06-20,Belgium,NA,Liege,1105326,7,0,6992,0
2020-06-21,Belgium,NA,Liege,1105326,3,0,6995,0
2020-06-22,Belgium,NA,Liege,1105326,10,0,7005,0
2020-06-23,Belgium,NA,Liege,1105326,8,0,7013,0
2020-06-24,Belgium,NA,Liege,1105326,8,0,7021,0
2020-06-25,Belgium,NA,Liege,1105326,1,0,7022,0
2020-06-26,Belgium,NA,Liege,1105326,6,0,7028,0
2020-06-27,Belgium,NA,Liege,1105326,3,0,7031,0
2020-06-29,Belgium,NA,Liege,1105326,5,0,7036,0
2020-06-30,Belgium,NA,Liege,1105326,7,0,7043,0
2020-07-01,Belgium,NA,Liege,1105326,1,0,7044,0
2020-07-03,Belgium,NA,Liege,1105326,4,0,7048,0
2020-07-04,Belgium,NA,Liege,1105326,5,0,7053,0
2020-07-06,Belgium,NA,Liege,1105326,5,0,7058,0
2020-07-07,Belgium,NA,Liege,1105326,15,0,7073,0
2020-07-08,Belgium,NA,Liege,1105326,1,0,7074,0
2020-07-09,Belgium,NA,Liege,1105326,7,0,7081,0
2020-07-10,Belgium,NA,Liege,1105326,10,0,7091,0
2020-07-11,Belgium,NA,Liege,1105326,10,0,7101,0
2020-07-12,Belgium,NA,Liege,1105326,1,0,7102,0
2020-07-13,Belgium,NA,Liege,1105326,8,0,7110,0
2020-07-14,Belgium,NA,Liege,1105326,29,0,7139,0
2020-07-15,Belgium,NA,Liege,1105326,17,0,7156,0
2020-07-16,Belgium,NA,Liege,1105326,13,0,7169,0
2020-07-17,Belgium,NA,Liege,1105326,19,0,7188,0
2020-07-18,Belgium,NA,Liege,1105326,9,0,7197,0
2020-07-19,Belgium,NA,Liege,1105326,2,0,7199,0
2020-07-20,Belgium,NA,Liege,1105326,33,0,7232,0
2020-07-21,Belgium,NA,Liege,1105326,4,0,7236,0
2020-07-22,Belgium,NA,Liege,1105326,37,0,7273,0
2020-07-23,Belgium,NA,Liege,1105326,39,0,7312,0
2020-07-24,Belgium,NA,Liege,1105326,32,0,7344,0
2020-07-25,Belgium,NA,Liege,1105326,28,0,7372,0
2020-07-26,Belgium,NA,Liege,1105326,10,0,7382,0
2020-07-27,Belgium,NA,Liege,1105326,41,0,7423,0
2020-07-28,Belgium,NA,Liege,1105326,72,0,7495,0
2020-07-29,Belgium,NA,Liege,1105326,48,0,7543,0
2020-07-30,Belgium,NA,Liege,1105326,91,0,7634,0
2020-07-31,Belgium,NA,Liege,1105326,93,0,7727,0
2020-08-01,Belgium,NA,Liege,1105326,26,0,7753,0
2020-08-02,Belgium,NA,Liege,1105326,20,0,7773,0
2020-08-03,Belgium,NA,Liege,1105326,103,0,7876,0
2020-08-04,Belgium,NA,Liege,1105326,99,0,7975,0
2020-08-05,Belgium,NA,Liege,1105326,63,0,8038,0
2020-08-06,Belgium,NA,Liege,1105326,88,0,8126,0
2020-08-07,Belgium,NA,Liege,1105326,66,0,8192,0
2020-08-08,Belgium,NA,Liege,1105326,28,0,8220,0
2020-08-09,Belgium,NA,Liege,1105326,9,0,8229,0
2020-08-10,Belgium,NA,Liege,1105326,97,0,8326,0
2020-08-11,Belgium,NA,Liege,1105326,91,0,8417,0
2020-08-12,Belgium,NA,Liege,1105326,81,0,8498,0
2020-08-13,Belgium,NA,Liege,1105326,55,0,8553,0
2020-08-14,Belgium,NA,Liege,1105326,61,0,8614,0
2020-08-15,Belgium,NA,Liege,1105326,32,0,8646,0
2020-08-16,Belgium,NA,Liege,1105326,6,0,8652,0
2020-08-17,Belgium,NA,Liege,1105326,48,0,8700,0
2020-08-18,Belgium,NA,Liege,1105326,57,0,8757,0
2020-08-19,Belgium,NA,Liege,1105326,33,0,8790,0
2020-08-20,Belgium,NA,Liege,1105326,31,0,8821,0
2020-08-21,Belgium,NA,Liege,1105326,22,0,8843,0
2020-08-22,Belgium,NA,Liege,1105326,14,0,8857,0
2020-08-23,Belgium,NA,Liege,1105326,12,0,8869,0
2020-08-24,Belgium,NA,Liege,1105326,46,0,8915,0
2020-08-25,Belgium,NA,Liege,1105326,30,0,8945,0
2020-08-26,Belgium,NA,Liege,1105326,55,0,9000,0
2020-08-27,Belgium,NA,Liege,1105326,50,0,9050,0
2020-08-28,Belgium,NA,Liege,1105326,61,0,9111,0
2020-08-29,Belgium,NA,Liege,1105326,10,0,9121,0
2020-08-30,Belgium,NA,Liege,1105326,1,0,9122,0
2020-03-22,Belgium,NA,Luxembourg,283227,12,0,110,0
2020-03-23,Belgium,NA,Luxembourg,283227,44,0,154,0
2020-03-24,Belgium,NA,Luxembourg,283227,23,0,177,0
2020-03-25,Belgium,NA,Luxembourg,283227,17,0,194,0
2020-03-26,Belgium,NA,Luxembourg,283227,45,0,239,0
2020-03-27,Belgium,NA,Luxembourg,283227,34,0,273,0
2020-03-28,Belgium,NA,Luxembourg,283227,26,0,299,0
2020-03-29,Belgium,NA,Luxembourg,283227,14,0,313,0
2020-03-30,Belgium,NA,Luxembourg,283227,56,0,369,0
2020-03-31,Belgium,NA,Luxembourg,283227,89,0,458,0
2020-04-01,Belgium,NA,Luxembourg,283227,99,0,557,0
2020-04-02,Belgium,NA,Luxembourg,283227,62,0,619,0
2020-04-03,Belgium,NA,Luxembourg,283227,57,0,676,0
2020-04-04,Belgium,NA,Luxembourg,283227,14,0,690,0
2020-04-05,Belgium,NA,Luxembourg,283227,12,0,702,0
2020-04-06,Belgium,NA,Luxembourg,283227,51,0,753,0
2020-04-07,Belgium,NA,Luxembourg,283227,48,0,801,0
2020-04-08,Belgium,NA,Luxembourg,283227,37,0,838,0
2020-04-09,Belgium,NA,Luxembourg,283227,39,0,877,0
2020-04-10,Belgium,NA,Luxembourg,283227,25,0,902,0
2020-04-11,Belgium,NA,Luxembourg,283227,17,0,919,0
2020-04-12,Belgium,NA,Luxembourg,283227,5,0,924,0
2020-04-13,Belgium,NA,Luxembourg,283227,4,0,928,0
2020-04-14,Belgium,NA,Luxembourg,283227,58,0,986,0
2020-04-15,Belgium,NA,Luxembourg,283227,38,0,1024,0
2020-04-16,Belgium,NA,Luxembourg,283227,102,0,1126,0
2020-04-17,Belgium,NA,Luxembourg,283227,23,0,1149,0
2020-04-18,Belgium,NA,Luxembourg,283227,6,0,1155,0
2020-04-19,Belgium,NA,Luxembourg,283227,8,0,1163,0
2020-04-20,Belgium,NA,Luxembourg,283227,11,0,1174,0
2020-04-21,Belgium,NA,Luxembourg,283227,25,0,1199,0
2020-04-22,Belgium,NA,Luxembourg,283227,15,0,1214,0
2020-04-23,Belgium,NA,Luxembourg,283227,16,0,1230,0
2020-04-24,Belgium,NA,Luxembourg,283227,7,0,1237,0
2020-04-25,Belgium,NA,Luxembourg,283227,4,0,1241,0
2020-04-26,Belgium,NA,Luxembourg,283227,2,0,1243,0
2020-04-27,Belgium,NA,Luxembourg,283227,12,0,1255,0
2020-04-28,Belgium,NA,Luxembourg,283227,5,0,1260,0
2020-04-29,Belgium,NA,Luxembourg,283227,10,0,1270,0
2020-04-30,Belgium,NA,Luxembourg,283227,2,0,1272,0
2020-05-01,Belgium,NA,Luxembourg,283227,9,0,1281,0
2020-05-02,Belgium,NA,Luxembourg,283227,4,0,1285,0
2020-05-04,Belgium,NA,Luxembourg,283227,7,0,1292,0
2020-05-05,Belgium,NA,Luxembourg,283227,5,0,1297,0
2020-05-06,Belgium,NA,Luxembourg,283227,8,0,1305,0
2020-05-07,Belgium,NA,Luxembourg,283227,8,0,1313,0
2020-05-08,Belgium,NA,Luxembourg,283227,13,0,1326,0
2020-05-09,Belgium,NA,Luxembourg,283227,4,0,1330,0
2020-05-11,Belgium,NA,Luxembourg,283227,7,0,1337,0
2020-05-12,Belgium,NA,Luxembourg,283227,6,0,1343,0
2020-05-13,Belgium,NA,Luxembourg,283227,5,0,1348,0
2020-05-14,Belgium,NA,Luxembourg,283227,4,0,1352,0
2020-05-15,Belgium,NA,Luxembourg,283227,3,0,1355,0
2020-05-16,Belgium,NA,Luxembourg,283227,2,0,1357,0
2020-05-18,Belgium,NA,Luxembourg,283227,3,0,1360,0
2020-05-19,Belgium,NA,Luxembourg,283227,6,0,1366,0
2020-05-20,Belgium,NA,Luxembourg,283227,6,0,1372,0
2020-05-22,Belgium,NA,Luxembourg,283227,1,0,1373,0
2020-05-24,Belgium,NA,Luxembourg,283227,1,0,1374,0
2020-05-26,Belgium,NA,Luxembourg,283227,8,0,1382,0
2020-05-27,Belgium,NA,Luxembourg,283227,1,0,1383,0
2020-05-28,Belgium,NA,Luxembourg,283227,2,0,1385,0
2020-05-29,Belgium,NA,Luxembourg,283227,7,0,1392,0
2020-05-30,Belgium,NA,Luxembourg,283227,1,0,1393,0
2020-05-31,Belgium,NA,Luxembourg,283227,3,0,1396,0
2020-06-01,Belgium,NA,Luxembourg,283227,1,0,1397,0
2020-06-02,Belgium,NA,Luxembourg,283227,5,0,1402,0
2020-06-03,Belgium,NA,Luxembourg,283227,1,0,1403,0
2020-06-04,Belgium,NA,Luxembourg,283227,1,0,1404,0
2020-06-05,Belgium,NA,Luxembourg,283227,2,0,1406,0
2020-06-06,Belgium,NA,Luxembourg,283227,1,0,1407,0
2020-06-08,Belgium,NA,Luxembourg,283227,3,0,1410,0
2020-06-09,Belgium,NA,Luxembourg,283227,8,0,1418,0
2020-06-10,Belgium,NA,Luxembourg,283227,1,0,1419,0
2020-06-11,Belgium,NA,Luxembourg,283227,1,0,1420,0
2020-06-12,Belgium,NA,Luxembourg,283227,1,0,1421,0
2020-06-13,Belgium,NA,Luxembourg,283227,2,0,1423,0
2020-06-15,Belgium,NA,Luxembourg,283227,2,0,1425,0
2020-06-16,Belgium,NA,Luxembourg,283227,2,0,1427,0
2020-06-18,Belgium,NA,Luxembourg,283227,3,0,1430,0
2020-06-19,Belgium,NA,Luxembourg,283227,5,0,1435,0
2020-06-20,Belgium,NA,Luxembourg,283227,3,0,1438,0
2020-06-21,Belgium,NA,Luxembourg,283227,2,0,1440,0
2020-06-22,Belgium,NA,Luxembourg,283227,6,0,1446,0
2020-06-23,Belgium,NA,Luxembourg,283227,5,0,1451,0
2020-06-24,Belgium,NA,Luxembourg,283227,3,0,1454,0
2020-06-25,Belgium,NA,Luxembourg,283227,3,0,1457,0
2020-06-27,Belgium,NA,Luxembourg,283227,2,0,1459,0
2020-06-28,Belgium,NA,Luxembourg,283227,1,0,1460,0
2020-06-29,Belgium,NA,Luxembourg,283227,3,0,1463,0
2020-06-30,Belgium,NA,Luxembourg,283227,2,0,1465,0
2020-07-01,Belgium,NA,Luxembourg,283227,1,0,1466,0
2020-07-02,Belgium,NA,Luxembourg,283227,2,0,1468,0
2020-07-04,Belgium,NA,Luxembourg,283227,3,0,1471,0
2020-07-05,Belgium,NA,Luxembourg,283227,1,0,1472,0
2020-07-06,Belgium,NA,Luxembourg,283227,3,0,1475,0
2020-07-07,Belgium,NA,Luxembourg,283227,6,0,1481,0
2020-07-08,Belgium,NA,Luxembourg,283227,3,0,1484,0
2020-07-09,Belgium,NA,Luxembourg,283227,3,0,1487,0
2020-07-10,Belgium,NA,Luxembourg,283227,6,0,1493,0
2020-07-11,Belgium,NA,Luxembourg,283227,1,0,1494,0
2020-07-12,Belgium,NA,Luxembourg,283227,1,0,1495,0
2020-07-13,Belgium,NA,Luxembourg,283227,2,0,1497,0
2020-07-14,Belgium,NA,Luxembourg,283227,5,0,1502,0
2020-07-15,Belgium,NA,Luxembourg,283227,20,0,1522,0
2020-07-16,Belgium,NA,Luxembourg,283227,10,0,1532,0
2020-07-17,Belgium,NA,Luxembourg,283227,12,0,1544,0
2020-07-18,Belgium,NA,Luxembourg,283227,3,0,1547,0
2020-07-19,Belgium,NA,Luxembourg,283227,2,0,1549,0
2020-07-20,Belgium,NA,Luxembourg,283227,8,0,1557,0
2020-07-21,Belgium,NA,Luxembourg,283227,2,0,1559,0
2020-07-22,Belgium,NA,Luxembourg,283227,5,0,1564,0
2020-07-23,Belgium,NA,Luxembourg,283227,4,0,1568,0
2020-07-24,Belgium,NA,Luxembourg,283227,7,0,1575,0
2020-07-25,Belgium,NA,Luxembourg,283227,6,0,1581,0
2020-07-26,Belgium,NA,Luxembourg,283227,1,0,1582,0
2020-07-27,Belgium,NA,Luxembourg,283227,2,0,1584,0
2020-07-28,Belgium,NA,Luxembourg,283227,14,0,1598,0
2020-07-29,Belgium,NA,Luxembourg,283227,9,0,1607,0
2020-07-30,Belgium,NA,Luxembourg,283227,9,0,1616,0
2020-07-31,Belgium,NA,Luxembourg,283227,13,0,1629,0
2020-08-01,Belgium,NA,Luxembourg,283227,4,0,1633,0
2020-08-02,Belgium,NA,Luxembourg,283227,3,0,1636,0
2020-08-03,Belgium,NA,Luxembourg,283227,7,0,1643,0
2020-08-04,Belgium,NA,Luxembourg,283227,9,0,1652,0
2020-08-05,Belgium,NA,Luxembourg,283227,8,0,1660,0
2020-08-06,Belgium,NA,Luxembourg,283227,8,0,1668,0
2020-08-07,Belgium,NA,Luxembourg,283227,8,0,1676,0
2020-08-08,Belgium,NA,Luxembourg,283227,12,0,1688,0
2020-08-09,Belgium,NA,Luxembourg,283227,4,0,1692,0
2020-08-10,Belgium,NA,Luxembourg,283227,7,0,1699,0
2020-08-11,Belgium,NA,Luxembourg,283227,23,0,1722,0
2020-08-12,Belgium,NA,Luxembourg,283227,9,0,1731,0
2020-08-13,Belgium,NA,Luxembourg,283227,8,0,1739,0
2020-08-14,Belgium,NA,Luxembourg,283227,5,0,1744,0
2020-08-16,Belgium,NA,Luxembourg,283227,1,0,1745,0
2020-08-17,Belgium,NA,Luxembourg,283227,9,0,1754,0
2020-08-18,Belgium,NA,Luxembourg,283227,13,0,1767,0
2020-08-19,Belgium,NA,Luxembourg,283227,11,0,1778,0
2020-08-20,Belgium,NA,Luxembourg,283227,9,0,1787,0
2020-08-21,Belgium,NA,Luxembourg,283227,4,0,1791,0
2020-08-22,Belgium,NA,Luxembourg,283227,5,0,1796,0
2020-08-24,Belgium,NA,Luxembourg,283227,2,0,1798,0
2020-08-25,Belgium,NA,Luxembourg,283227,8,0,1806,0
2020-08-26,Belgium,NA,Luxembourg,283227,2,0,1808,0
2020-08-27,Belgium,NA,Luxembourg,283227,9,0,1817,0
2020-08-28,Belgium,NA,Luxembourg,283227,16,0,1833,0
2020-08-29,Belgium,NA,Luxembourg,283227,1,0,1834,0
2020-03-21,Belgium,NA,Namur,487145,10,0,108,0
2020-03-22,Belgium,NA,Namur,487145,16,0,124,0
2020-03-23,Belgium,NA,Namur,487145,32,0,156,0
2020-03-24,Belgium,NA,Namur,487145,29,0,185,0
2020-03-25,Belgium,NA,Namur,487145,38,0,223,0
2020-03-26,Belgium,NA,Namur,487145,33,0,256,0
2020-03-27,Belgium,NA,Namur,487145,46,0,302,0
2020-03-28,Belgium,NA,Namur,487145,31,0,333,0
2020-03-29,Belgium,NA,Namur,487145,23,0,356,0
2020-03-30,Belgium,NA,Namur,487145,48,0,404,0
2020-03-31,Belgium,NA,Namur,487145,49,0,453,0
2020-04-01,Belgium,NA,Namur,487145,58,0,511,0
2020-04-02,Belgium,NA,Namur,487145,78,0,589,0
2020-04-03,Belgium,NA,Namur,487145,68,0,657,0
2020-04-04,Belgium,NA,Namur,487145,38,0,695,0
2020-04-05,Belgium,NA,Namur,487145,37,0,732,0
2020-04-06,Belgium,NA,Namur,487145,76,0,808,0
2020-04-07,Belgium,NA,Namur,487145,77,0,885,0
2020-04-08,Belgium,NA,Namur,487145,70,0,955,0
2020-04-09,Belgium,NA,Namur,487145,55,0,1010,0
2020-04-10,Belgium,NA,Namur,487145,48,0,1058,0
2020-04-11,Belgium,NA,Namur,487145,41,0,1099,0
2020-04-12,Belgium,NA,Namur,487145,24,0,1123,0
2020-04-13,Belgium,NA,Namur,487145,19,0,1142,0
2020-04-14,Belgium,NA,Namur,487145,60,0,1202,0
2020-04-15,Belgium,NA,Namur,487145,120,0,1322,0
2020-04-16,Belgium,NA,Namur,487145,58,0,1380,0
2020-04-17,Belgium,NA,Namur,487145,43,0,1423,0
2020-04-18,Belgium,NA,Namur,487145,22,0,1445,0
2020-04-19,Belgium,NA,Namur,487145,59,0,1504,0
2020-04-20,Belgium,NA,Namur,487145,78,0,1582,0
2020-04-21,Belgium,NA,Namur,487145,53,0,1635,0
2020-04-22,Belgium,NA,Namur,487145,31,0,1666,0
2020-04-23,Belgium,NA,Namur,487145,26,0,1692,0
2020-04-24,Belgium,NA,Namur,487145,61,0,1753,0
2020-04-25,Belgium,NA,Namur,487145,42,0,1795,0
2020-04-26,Belgium,NA,Namur,487145,11,0,1806,0
2020-04-27,Belgium,NA,Namur,487145,45,0,1851,0
2020-04-28,Belgium,NA,Namur,487145,30,0,1881,0
2020-04-29,Belgium,NA,Namur,487145,35,0,1916,0
2020-04-30,Belgium,NA,Namur,487145,21,0,1937,0
2020-05-01,Belgium,NA,Namur,487145,8,0,1945,0
2020-05-02,Belgium,NA,Namur,487145,13,0,1958,0
2020-05-03,Belgium,NA,Namur,487145,14,0,1972,0
2020-05-04,Belgium,NA,Namur,487145,36,0,2008,0
2020-05-05,Belgium,NA,Namur,487145,35,0,2043,0
2020-05-06,Belgium,NA,Namur,487145,21,0,2064,0
2020-05-07,Belgium,NA,Namur,487145,32,0,2096,0
2020-05-08,Belgium,NA,Namur,487145,33,0,2129,0
2020-05-09,Belgium,NA,Namur,487145,11,0,2140,0
2020-05-10,Belgium,NA,Namur,487145,3,0,2143,0
2020-05-11,Belgium,NA,Namur,487145,27,0,2170,0
2020-05-12,Belgium,NA,Namur,487145,18,0,2188,0
2020-05-13,Belgium,NA,Namur,487145,20,0,2208,0
2020-05-14,Belgium,NA,Namur,487145,11,0,2219,0
2020-05-15,Belgium,NA,Namur,487145,9,0,2228,0
2020-05-16,Belgium,NA,Namur,487145,6,0,2234,0
2020-05-17,Belgium,NA,Namur,487145,1,0,2235,0
2020-05-18,Belgium,NA,Namur,487145,10,0,2245,0
2020-05-19,Belgium,NA,Namur,487145,7,0,2252,0
2020-05-20,Belgium,NA,Namur,487145,16,0,2268,0
2020-05-21,Belgium,NA,Namur,487145,2,0,2270,0
2020-05-22,Belgium,NA,Namur,487145,5,0,2275,0
2020-05-23,Belgium,NA,Namur,487145,1,0,2276,0
2020-05-24,Belgium,NA,Namur,487145,4,0,2280,0
2020-05-25,Belgium,NA,Namur,487145,11,0,2291,0
2020-05-26,Belgium,NA,Namur,487145,2,0,2293,0
2020-05-27,Belgium,NA,Namur,487145,5,0,2298,0
2020-05-28,Belgium,NA,Namur,487145,1,0,2299,0
2020-05-29,Belgium,NA,Namur,487145,13,0,2312,0
2020-05-30,Belgium,NA,Namur,487145,2,0,2314,0
2020-05-31,Belgium,NA,Namur,487145,4,0,2318,0
2020-06-01,Belgium,NA,Namur,487145,1,0,2319,0
2020-06-02,Belgium,NA,Namur,487145,6,0,2325,0
2020-06-03,Belgium,NA,Namur,487145,2,0,2327,0
2020-06-04,Belgium,NA,Namur,487145,7,0,2334,0
2020-06-05,Belgium,NA,Namur,487145,6,0,2340,0
2020-06-08,Belgium,NA,Namur,487145,3,0,2343,0
2020-06-09,Belgium,NA,Namur,487145,5,0,2348,0
2020-06-10,Belgium,NA,Namur,487145,3,0,2351,0
2020-06-11,Belgium,NA,Namur,487145,1,0,2352,0
2020-06-12,Belgium,NA,Namur,487145,1,0,2353,0
2020-06-13,Belgium,NA,Namur,487145,2,0,2355,0
2020-06-15,Belgium,NA,Namur,487145,3,0,2358,0
2020-06-16,Belgium,NA,Namur,487145,1,0,2359,0
2020-06-17,Belgium,NA,Namur,487145,2,0,2361,0
2020-06-18,Belgium,NA,Namur,487145,2,0,2363,0
2020-06-19,Belgium,NA,Namur,487145,2,0,2365,0
2020-06-20,Belgium,NA,Namur,487145,2,0,2367,0
2020-06-22,Belgium,NA,Namur,487145,2,0,2369,0
2020-06-23,Belgium,NA,Namur,487145,3,0,2372,0
2020-06-24,Belgium,NA,Namur,487145,2,0,2374,0
2020-06-25,Belgium,NA,Namur,487145,1,0,2375,0
2020-06-26,Belgium,NA,Namur,487145,1,0,2376,0
2020-06-27,Belgium,NA,Namur,487145,1,0,2377,0
2020-06-29,Belgium,NA,Namur,487145,3,0,2380,0
2020-06-30,Belgium,NA,Namur,487145,4,0,2384,0
2020-07-02,Belgium,NA,Namur,487145,1,0,2385,0
2020-07-03,Belgium,NA,Namur,487145,2,0,2387,0
2020-07-04,Belgium,NA,Namur,487145,1,0,2388,0
2020-07-06,Belgium,NA,Namur,487145,1,0,2389,0
2020-07-07,Belgium,NA,Namur,487145,2,0,2391,0
2020-07-11,Belgium,NA,Namur,487145,4,0,2395,0
2020-07-13,Belgium,NA,Namur,487145,1,0,2396,0
2020-07-14,Belgium,NA,Namur,487145,2,0,2398,0
2020-07-15,Belgium,NA,Namur,487145,5,0,2403,0
2020-07-16,Belgium,NA,Namur,487145,5,0,2408,0
2020-07-17,Belgium,NA,Namur,487145,4,0,2412,0
2020-07-18,Belgium,NA,Namur,487145,5,0,2417,0
2020-07-20,Belgium,NA,Namur,487145,9,0,2426,0
2020-07-21,Belgium,NA,Namur,487145,2,0,2428,0
2020-07-22,Belgium,NA,Namur,487145,12,0,2440,0
2020-07-23,Belgium,NA,Namur,487145,7,0,2447,0
2020-07-24,Belgium,NA,Namur,487145,9,0,2456,0
2020-07-25,Belgium,NA,Namur,487145,2,0,2458,0
2020-07-26,Belgium,NA,Namur,487145,6,0,2464,0
2020-07-27,Belgium,NA,Namur,487145,11,0,2475,0
2020-07-28,Belgium,NA,Namur,487145,25,0,2500,0
2020-07-29,Belgium,NA,Namur,487145,33,0,2533,0
2020-07-30,Belgium,NA,Namur,487145,10,0,2543,0
2020-07-31,Belgium,NA,Namur,487145,25,0,2568,0
2020-08-01,Belgium,NA,Namur,487145,5,0,2573,0
2020-08-02,Belgium,NA,Namur,487145,2,0,2575,0
2020-08-03,Belgium,NA,Namur,487145,24,0,2599,0
2020-08-04,Belgium,NA,Namur,487145,31,0,2630,0
2020-08-05,Belgium,NA,Namur,487145,23,0,2653,0
2020-08-06,Belgium,NA,Namur,487145,33,0,2686,0
2020-08-07,Belgium,NA,Namur,487145,26,0,2712,0
2020-08-08,Belgium,NA,Namur,487145,6,0,2718,0
2020-08-09,Belgium,NA,Namur,487145,2,0,2720,0
2020-08-10,Belgium,NA,Namur,487145,45,0,2765,0
2020-08-11,Belgium,NA,Namur,487145,25,0,2790,0
2020-08-12,Belgium,NA,Namur,487145,27,0,2817,0
2020-08-13,Belgium,NA,Namur,487145,16,0,2833,0
2020-08-14,Belgium,NA,Namur,487145,26,0,2859,0
2020-08-15,Belgium,NA,Namur,487145,5,0,2864,0
2020-08-16,Belgium,NA,Namur,487145,9,0,2873,0
2020-08-17,Belgium,NA,Namur,487145,25,0,2898,0
2020-08-18,Belgium,NA,Namur,487145,45,0,2943,0
2020-08-19,Belgium,NA,Namur,487145,13,0,2956,0
2020-08-20,Belgium,NA,Namur,487145,12,0,2968,0
2020-08-21,Belgium,NA,Namur,487145,19,0,2987,0
2020-08-22,Belgium,NA,Namur,487145,7,0,2994,0
2020-08-24,Belgium,NA,Namur,487145,13,0,3007,0
2020-08-25,Belgium,NA,Namur,487145,11,0,3018,0
2020-08-26,Belgium,NA,Namur,487145,22,0,3040,0
2020-08-27,Belgium,NA,Namur,487145,18,0,3058,0
2020-08-28,Belgium,NA,Namur,487145,22,0,3080,0
2020-08-29,Belgium,NA,Namur,487145,4,0,3084,0
2020-03-18,Belgium,NA,Walloon Brabant,401106,25,0,115,0
2020-03-19,Belgium,NA,Walloon Brabant,401106,26,0,141,0
2020-03-20,Belgium,NA,Walloon Brabant,401106,19,0,160,0
2020-03-21,Belgium,NA,Walloon Brabant,401106,14,0,174,0
2020-03-22,Belgium,NA,Walloon Brabant,401106,23,0,197,0
2020-03-23,Belgium,NA,Walloon Brabant,401106,31,0,228,0
2020-03-24,Belgium,NA,Walloon Brabant,401106,34,0,262,0
2020-03-25,Belgium,NA,Walloon Brabant,401106,21,0,283,0
2020-03-26,Belgium,NA,Walloon Brabant,401106,29,0,312,0
2020-03-27,Belgium,NA,Walloon Brabant,401106,43,0,355,0
2020-03-28,Belgium,NA,Walloon Brabant,401106,15,0,370,0
2020-03-29,Belgium,NA,Walloon Brabant,401106,14,0,384,0
2020-03-30,Belgium,NA,Walloon Brabant,401106,36,0,420,0
2020-03-31,Belgium,NA,Walloon Brabant,401106,28,0,448,0
2020-04-01,Belgium,NA,Walloon Brabant,401106,40,0,488,0
2020-04-02,Belgium,NA,Walloon Brabant,401106,29,0,517,0
2020-04-03,Belgium,NA,Walloon Brabant,401106,45,0,562,0
2020-04-04,Belgium,NA,Walloon Brabant,401106,14,0,576,0
2020-04-05,Belgium,NA,Walloon Brabant,401106,16,0,592,0
2020-04-06,Belgium,NA,Walloon Brabant,401106,48,0,640,0
2020-04-07,Belgium,NA,Walloon Brabant,401106,33,0,673,0
2020-04-08,Belgium,NA,Walloon Brabant,401106,40,0,713,0
2020-04-09,Belgium,NA,Walloon Brabant,401106,53,0,766,0
2020-04-10,Belgium,NA,Walloon Brabant,401106,34,0,800,0
2020-04-11,Belgium,NA,Walloon Brabant,401106,13,0,813,0
2020-04-12,Belgium,NA,Walloon Brabant,401106,5,0,818,0
2020-04-13,Belgium,NA,Walloon Brabant,401106,6,0,824,0
2020-04-14,Belgium,NA,Walloon Brabant,401106,63,0,887,0
2020-04-15,Belgium,NA,Walloon Brabant,401106,38,0,925,0
2020-04-16,Belgium,NA,Walloon Brabant,401106,42,0,967,0
2020-04-17,Belgium,NA,Walloon Brabant,401106,34,0,1001,0
2020-04-18,Belgium,NA,Walloon Brabant,401106,30,0,1031,0
2020-04-19,Belgium,NA,Walloon Brabant,401106,17,0,1048,0
2020-04-20,Belgium,NA,Walloon Brabant,401106,48,0,1096,0
2020-04-21,Belgium,NA,Walloon Brabant,401106,32,0,1128,0
2020-04-22,Belgium,NA,Walloon Brabant,401106,52,0,1180,0
2020-04-23,Belgium,NA,Walloon Brabant,401106,16,0,1196,0
2020-04-24,Belgium,NA,Walloon Brabant,401106,14,0,1210,0
2020-04-25,Belgium,NA,Walloon Brabant,401106,36,0,1246,0
2020-04-26,Belgium,NA,Walloon Brabant,401106,6,0,1252,0
2020-04-27,Belgium,NA,Walloon Brabant,401106,13,0,1265,0
2020-04-28,Belgium,NA,Walloon Brabant,401106,9,0,1274,0
2020-04-29,Belgium,NA,Walloon Brabant,401106,8,0,1282,0
2020-04-30,Belgium,NA,Walloon Brabant,401106,5,0,1287,0
2020-05-01,Belgium,NA,Walloon Brabant,401106,1,0,1288,0
2020-05-02,Belgium,NA,Walloon Brabant,401106,8,0,1296,0
2020-05-03,Belgium,NA,Walloon Brabant,401106,5,0,1301,0
2020-05-04,Belgium,NA,Walloon Brabant,401106,8,0,1309,0
2020-05-05,Belgium,NA,Walloon Brabant,401106,11,0,1320,0
2020-05-06,Belgium,NA,Walloon Brabant,401106,13,0,1333,0
2020-05-07,Belgium,NA,Walloon Brabant,401106,9,0,1342,0
2020-05-08,Belgium,NA,Walloon Brabant,401106,13,0,1355,0
2020-05-09,Belgium,NA,Walloon Brabant,401106,7,0,1362,0
2020-05-10,Belgium,NA,Walloon Brabant,401106,6,0,1368,0
2020-05-11,Belgium,NA,Walloon Brabant,401106,8,0,1376,0
2020-05-12,Belgium,NA,Walloon Brabant,401106,3,0,1379,0
2020-05-13,Belgium,NA,Walloon Brabant,401106,8,0,1387,0
2020-05-14,Belgium,NA,Walloon Brabant,401106,9,0,1396,0
2020-05-15,Belgium,NA,Walloon Brabant,401106,5,0,1401,0
2020-05-16,Belgium,NA,Walloon Brabant,401106,4,0,1405,0
2020-05-17,Belgium,NA,Walloon Brabant,401106,3,0,1408,0
2020-05-18,Belgium,NA,Walloon Brabant,401106,6,0,1414,0
2020-05-19,Belgium,NA,Walloon Brabant,401106,9,0,1423,0
2020-05-20,Belgium,NA,Walloon Brabant,401106,9,0,1432,0
2020-05-21,Belgium,NA,Walloon Brabant,401106,2,0,1434,0
2020-05-22,Belgium,NA,Walloon Brabant,401106,4,0,1438,0
2020-05-23,Belgium,NA,Walloon Brabant,401106,5,0,1443,0
2020-05-24,Belgium,NA,Walloon Brabant,401106,4,0,1447,0
2020-05-25,Belgium,NA,Walloon Brabant,401106,5,0,1452,0
2020-05-26,Belgium,NA,Walloon Brabant,401106,4,0,1456,0
2020-05-27,Belgium,NA,Walloon Brabant,401106,1,0,1457,0
2020-05-28,Belgium,NA,Walloon Brabant,401106,3,0,1460,0
2020-05-29,Belgium,NA,Walloon Brabant,401106,5,0,1465,0
2020-05-30,Belgium,NA,Walloon Brabant,401106,3,0,1468,0
2020-05-31,Belgium,NA,Walloon Brabant,401106,2,0,1470,0
2020-06-01,Belgium,NA,Walloon Brabant,401106,2,0,1472,0
2020-06-02,Belgium,NA,Walloon Brabant,401106,1,0,1473,0
2020-06-03,Belgium,NA,Walloon Brabant,401106,7,0,1480,0
2020-06-04,Belgium,NA,Walloon Brabant,401106,7,0,1487,0
2020-06-05,Belgium,NA,Walloon Brabant,401106,3,0,1490,0
2020-06-06,Belgium,NA,Walloon Brabant,401106,4,0,1494,0
2020-06-07,Belgium,NA,Walloon Brabant,401106,1,0,1495,0
2020-06-08,Belgium,NA,Walloon Brabant,401106,1,0,1496,0
2020-06-09,Belgium,NA,Walloon Brabant,401106,3,0,1499,0
2020-06-10,Belgium,NA,Walloon Brabant,401106,4,0,1503,0
2020-06-11,Belgium,NA,Walloon Brabant,401106,4,0,1507,0
2020-06-12,Belgium,NA,Walloon Brabant,401106,2,0,1509,0
2020-06-13,Belgium,NA,Walloon Brabant,401106,5,0,1514,0
2020-06-15,Belgium,NA,Walloon Brabant,401106,3,0,1517,0
2020-06-16,Belgium,NA,Walloon Brabant,401106,2,0,1519,0
2020-06-18,Belgium,NA,Walloon Brabant,401106,8,0,1527,0
2020-06-20,Belgium,NA,Walloon Brabant,401106,3,0,1530,0
2020-06-22,Belgium,NA,Walloon Brabant,401106,6,0,1536,0
2020-06-23,Belgium,NA,Walloon Brabant,401106,4,0,1540,0
2020-06-24,Belgium,NA,Walloon Brabant,401106,1,0,1541,0
2020-06-25,Belgium,NA,Walloon Brabant,401106,3,0,1544,0
2020-06-26,Belgium,NA,Walloon Brabant,401106,2,0,1546,0
2020-06-27,Belgium,NA,Walloon Brabant,401106,1,0,1547,0
2020-06-29,Belgium,NA,Walloon Brabant,401106,3,0,1550,0
2020-06-30,Belgium,NA,Walloon Brabant,401106,1,0,1551,0
2020-07-01,Belgium,NA,Walloon Brabant,401106,1,0,1552,0
2020-07-02,Belgium,NA,Walloon Brabant,401106,1,0,1553,0
2020-07-03,Belgium,NA,Walloon Brabant,401106,3,0,1556,0
2020-07-04,Belgium,NA,Walloon Brabant,401106,1,0,1557,0
2020-07-05,Belgium,NA,Walloon Brabant,401106,1,0,1558,0
2020-07-06,Belgium,NA,Walloon Brabant,401106,4,0,1562,0
2020-07-07,Belgium,NA,Walloon Brabant,401106,2,0,1564,0
2020-07-08,Belgium,NA,Walloon Brabant,401106,5,0,1569,0
2020-07-09,Belgium,NA,Walloon Brabant,401106,5,0,1574,0
2020-07-11,Belgium,NA,Walloon Brabant,401106,1,0,1575,0
2020-07-12,Belgium,NA,Walloon Brabant,401106,2,0,1577,0
2020-07-13,Belgium,NA,Walloon Brabant,401106,2,0,1579,0
2020-07-14,Belgium,NA,Walloon Brabant,401106,4,0,1583,0
2020-07-15,Belgium,NA,Walloon Brabant,401106,5,0,1588,0
2020-07-17,Belgium,NA,Walloon Brabant,401106,3,0,1591,0
2020-07-18,Belgium,NA,Walloon Brabant,401106,1,0,1592,0
2020-07-19,Belgium,NA,Walloon Brabant,401106,2,0,1594,0
2020-07-20,Belgium,NA,Walloon Brabant,401106,5,0,1599,0
2020-07-21,Belgium,NA,Walloon Brabant,401106,1,0,1600,0
2020-07-22,Belgium,NA,Walloon Brabant,401106,6,0,1606,0
2020-07-23,Belgium,NA,Walloon Brabant,401106,9,0,1615,0
2020-07-24,Belgium,NA,Walloon Brabant,401106,8,0,1623,0
2020-07-25,Belgium,NA,Walloon Brabant,401106,1,0,1624,0
2020-07-26,Belgium,NA,Walloon Brabant,401106,1,0,1625,0
2020-07-27,Belgium,NA,Walloon Brabant,401106,5,0,1630,0
2020-07-28,Belgium,NA,Walloon Brabant,401106,16,0,1646,0
2020-07-29,Belgium,NA,Walloon Brabant,401106,10,0,1656,0
2020-07-30,Belgium,NA,Walloon Brabant,401106,8,0,1664,0
2020-07-31,Belgium,NA,Walloon Brabant,401106,18,0,1682,0
2020-08-01,Belgium,NA,Walloon Brabant,401106,12,0,1694,0
2020-08-02,Belgium,NA,Walloon Brabant,401106,4,0,1698,0
2020-08-03,Belgium,NA,Walloon Brabant,401106,15,0,1713,0
2020-08-04,Belgium,NA,Walloon Brabant,401106,22,0,1735,0
2020-08-05,Belgium,NA,Walloon Brabant,401106,15,0,1750,0
2020-08-06,Belgium,NA,Walloon Brabant,401106,15,0,1765,0
2020-08-07,Belgium,NA,Walloon Brabant,401106,24,0,1789,0
2020-08-08,Belgium,NA,Walloon Brabant,401106,10,0,1799,0
2020-08-09,Belgium,NA,Walloon Brabant,401106,1,0,1800,0
2020-08-10,Belgium,NA,Walloon Brabant,401106,24,0,1824,0
2020-08-11,Belgium,NA,Walloon Brabant,401106,20,0,1844,0
2020-08-12,Belgium,NA,Walloon Brabant,401106,16,0,1860,0
2020-08-13,Belgium,NA,Walloon Brabant,401106,21,0,1881,0
2020-08-14,Belgium,NA,Walloon Brabant,401106,5,0,1886,0
2020-08-15,Belgium,NA,Walloon Brabant,401106,5,0,1891,0
2020-08-16,Belgium,NA,Walloon Brabant,401106,5,0,1896,0
2020-08-17,Belgium,NA,Walloon Brabant,401106,13,0,1909,0
2020-08-18,Belgium,NA,Walloon Brabant,401106,22,0,1931,0
2020-08-19,Belgium,NA,Walloon Brabant,401106,11,0,1942,0
2020-08-20,Belgium,NA,Walloon Brabant,401106,14,0,1956,0
2020-08-21,Belgium,NA,Walloon Brabant,401106,18,0,1974,0
2020-08-22,Belgium,NA,Walloon Brabant,401106,7,0,1981,0
2020-08-23,Belgium,NA,Walloon Brabant,401106,6,0,1987,0
2020-08-24,Belgium,NA,Walloon Brabant,401106,29,0,2016,0
2020-08-25,Belgium,NA,Walloon Brabant,401106,16,0,2032,0
2020-08-26,Belgium,NA,Walloon Brabant,401106,14,0,2046,0
2020-08-27,Belgium,NA,Walloon Brabant,401106,17,0,2063,0
2020-08-28,Belgium,NA,Walloon Brabant,401106,17,0,2080,0
2020-08-29,Belgium,NA,Walloon Brabant,401106,6,0,2086,0
2020-08-30,Belgium,NA,Walloon Brabant,401106,2,0,2088,0
2020-03-13,Belgium,NA,West Flanders,1195796,24,0,116,0
2020-03-14,Belgium,NA,West Flanders,1195796,19,0,135,0
2020-03-15,Belgium,NA,West Flanders,1195796,16,0,151,0
2020-03-16,Belgium,NA,West Flanders,1195796,40,0,191,0
2020-03-17,Belgium,NA,West Flanders,1195796,56,0,247,0
2020-03-18,Belgium,NA,West Flanders,1195796,58,0,305,0
2020-03-19,Belgium,NA,West Flanders,1195796,73,0,378,0
2020-03-20,Belgium,NA,West Flanders,1195796,64,0,442,0
2020-03-21,Belgium,NA,West Flanders,1195796,37,0,479,0
2020-03-22,Belgium,NA,West Flanders,1195796,46,0,525,0
2020-03-23,Belgium,NA,West Flanders,1195796,191,0,716,0
2020-03-24,Belgium,NA,West Flanders,1195796,119,0,835,0
2020-03-25,Belgium,NA,West Flanders,1195796,148,0,983,0
2020-03-26,Belgium,NA,West Flanders,1195796,156,0,1139,0
2020-03-27,Belgium,NA,West Flanders,1195796,185,0,1324,0
2020-03-28,Belgium,NA,West Flanders,1195796,77,0,1401,0
2020-03-29,Belgium,NA,West Flanders,1195796,62,0,1463,0
2020-03-30,Belgium,NA,West Flanders,1195796,204,0,1667,0
2020-03-31,Belgium,NA,West Flanders,1195796,166,0,1833,0
2020-04-01,Belgium,NA,West Flanders,1195796,166,0,1999,0
2020-04-02,Belgium,NA,West Flanders,1195796,173,0,2172,0
2020-04-03,Belgium,NA,West Flanders,1195796,144,0,2316,0
2020-04-04,Belgium,NA,West Flanders,1195796,86,0,2402,0
2020-04-05,Belgium,NA,West Flanders,1195796,40,0,2442,0
2020-04-06,Belgium,NA,West Flanders,1195796,223,0,2665,0
2020-04-07,Belgium,NA,West Flanders,1195796,153,0,2818,0
2020-04-08,Belgium,NA,West Flanders,1195796,172,0,2990,0
2020-04-09,Belgium,NA,West Flanders,1195796,286,0,3276,0
2020-04-10,Belgium,NA,West Flanders,1195796,343,0,3619,0
2020-04-11,Belgium,NA,West Flanders,1195796,197,0,3816,0
2020-04-12,Belgium,NA,West Flanders,1195796,51,0,3867,0
2020-04-13,Belgium,NA,West Flanders,1195796,53,0,3920,0
2020-04-14,Belgium,NA,West Flanders,1195796,140,0,4060,0
2020-04-15,Belgium,NA,West Flanders,1195796,113,0,4173,0
2020-04-16,Belgium,NA,West Flanders,1195796,183,0,4356,0
2020-04-17,Belgium,NA,West Flanders,1195796,151,0,4507,0
2020-04-18,Belgium,NA,West Flanders,1195796,56,0,4563,0
2020-04-19,Belgium,NA,West Flanders,1195796,33,0,4596,0
2020-04-20,Belgium,NA,West Flanders,1195796,132,0,4728,0
2020-04-21,Belgium,NA,West Flanders,1195796,150,0,4878,0
2020-04-22,Belgium,NA,West Flanders,1195796,79,0,4957,0
2020-04-23,Belgium,NA,West Flanders,1195796,101,0,5058,0
2020-04-24,Belgium,NA,West Flanders,1195796,55,0,5113,0
2020-04-25,Belgium,NA,West Flanders,1195796,18,0,5131,0
2020-04-26,Belgium,NA,West Flanders,1195796,18,0,5149,0
2020-04-27,Belgium,NA,West Flanders,1195796,71,0,5220,0
2020-04-28,Belgium,NA,West Flanders,1195796,55,0,5275,0
2020-04-29,Belgium,NA,West Flanders,1195796,55,0,5330,0
2020-04-30,Belgium,NA,West Flanders,1195796,55,0,5385,0
2020-05-01,Belgium,NA,West Flanders,1195796,25,0,5410,0
2020-05-02,Belgium,NA,West Flanders,1195796,31,0,5441,0
2020-05-03,Belgium,NA,West Flanders,1195796,15,0,5456,0
2020-05-04,Belgium,NA,West Flanders,1195796,134,0,5590,0
2020-05-05,Belgium,NA,West Flanders,1195796,71,0,5661,0
2020-05-06,Belgium,NA,West Flanders,1195796,49,0,5710,0
2020-05-07,Belgium,NA,West Flanders,1195796,69,0,5779,0
2020-05-08,Belgium,NA,West Flanders,1195796,63,0,5842,0
2020-05-09,Belgium,NA,West Flanders,1195796,27,0,5869,0
2020-05-10,Belgium,NA,West Flanders,1195796,10,0,5879,0
2020-05-11,Belgium,NA,West Flanders,1195796,97,0,5976,0
2020-05-12,Belgium,NA,West Flanders,1195796,66,0,6042,0
2020-05-13,Belgium,NA,West Flanders,1195796,56,0,6098,0
2020-05-14,Belgium,NA,West Flanders,1195796,53,0,6151,0
2020-05-15,Belgium,NA,West Flanders,1195796,65,0,6216,0
2020-05-16,Belgium,NA,West Flanders,1195796,28,0,6244,0
2020-05-17,Belgium,NA,West Flanders,1195796,18,0,6262,0
2020-05-18,Belgium,NA,West Flanders,1195796,32,0,6294,0
2020-05-19,Belgium,NA,West Flanders,1195796,44,0,6338,0
2020-05-20,Belgium,NA,West Flanders,1195796,43,0,6381,0
2020-05-21,Belgium,NA,West Flanders,1195796,13,0,6394,0
2020-05-22,Belgium,NA,West Flanders,1195796,44,0,6438,0
2020-05-23,Belgium,NA,West Flanders,1195796,18,0,6456,0
2020-05-24,Belgium,NA,West Flanders,1195796,2,0,6458,0
2020-05-25,Belgium,NA,West Flanders,1195796,36,0,6494,0
2020-05-26,Belgium,NA,West Flanders,1195796,29,0,6523,0
2020-05-27,Belgium,NA,West Flanders,1195796,20,0,6543,0
2020-05-28,Belgium,NA,West Flanders,1195796,27,0,6570,0
2020-05-29,Belgium,NA,West Flanders,1195796,25,0,6595,0
2020-05-30,Belgium,NA,West Flanders,1195796,2,0,6597,0
2020-05-31,Belgium,NA,West Flanders,1195796,4,0,6601,0
2020-06-01,Belgium,NA,West Flanders,1195796,5,0,6606,0
2020-06-02,Belgium,NA,West Flanders,1195796,14,0,6620,0
2020-06-03,Belgium,NA,West Flanders,1195796,16,0,6636,0
2020-06-04,Belgium,NA,West Flanders,1195796,24,0,6660,0
2020-06-05,Belgium,NA,West Flanders,1195796,8,0,6668,0
2020-06-06,Belgium,NA,West Flanders,1195796,6,0,6674,0
2020-06-07,Belgium,NA,West Flanders,1195796,2,0,6676,0
2020-06-08,Belgium,NA,West Flanders,1195796,17,0,6693,0
2020-06-09,Belgium,NA,West Flanders,1195796,16,0,6709,0
2020-06-10,Belgium,NA,West Flanders,1195796,8,0,6717,0
2020-06-11,Belgium,NA,West Flanders,1195796,8,0,6725,0
2020-06-12,Belgium,NA,West Flanders,1195796,5,0,6730,0
2020-06-13,Belgium,NA,West Flanders,1195796,5,0,6735,0
2020-06-14,Belgium,NA,West Flanders,1195796,4,0,6739,0
2020-06-15,Belgium,NA,West Flanders,1195796,23,0,6762,0
2020-06-16,Belgium,NA,West Flanders,1195796,18,0,6780,0
2020-06-17,Belgium,NA,West Flanders,1195796,29,0,6809,0
2020-06-18,Belgium,NA,West Flanders,1195796,20,0,6829,0
2020-06-19,Belgium,NA,West Flanders,1195796,25,0,6854,0
2020-06-20,Belgium,NA,West Flanders,1195796,6,0,6860,0
2020-06-21,Belgium,NA,West Flanders,1195796,4,0,6864,0
2020-06-22,Belgium,NA,West Flanders,1195796,20,0,6884,0
2020-06-23,Belgium,NA,West Flanders,1195796,16,0,6900,0
2020-06-24,Belgium,NA,West Flanders,1195796,17,0,6917,0
2020-06-25,Belgium,NA,West Flanders,1195796,3,0,6920,0
2020-06-26,Belgium,NA,West Flanders,1195796,19,0,6939,0
2020-06-27,Belgium,NA,West Flanders,1195796,7,0,6946,0
2020-06-28,Belgium,NA,West Flanders,1195796,6,0,6952,0
2020-06-29,Belgium,NA,West Flanders,1195796,23,0,6975,0
2020-06-30,Belgium,NA,West Flanders,1195796,12,0,6987,0
2020-07-01,Belgium,NA,West Flanders,1195796,20,0,7007,0
2020-07-02,Belgium,NA,West Flanders,1195796,9,0,7016,0
2020-07-03,Belgium,NA,West Flanders,1195796,14,0,7030,0
2020-07-04,Belgium,NA,West Flanders,1195796,6,0,7036,0
2020-07-05,Belgium,NA,West Flanders,1195796,13,0,7049,0
2020-07-06,Belgium,NA,West Flanders,1195796,13,0,7062,0
2020-07-07,Belgium,NA,West Flanders,1195796,12,0,7074,0
2020-07-08,Belgium,NA,West Flanders,1195796,25,0,7099,0
2020-07-09,Belgium,NA,West Flanders,1195796,20,0,7119,0
2020-07-10,Belgium,NA,West Flanders,1195796,13,0,7132,0
2020-07-11,Belgium,NA,West Flanders,1195796,11,0,7143,0
2020-07-12,Belgium,NA,West Flanders,1195796,13,0,7156,0
2020-07-13,Belgium,NA,West Flanders,1195796,36,0,7192,0
2020-07-14,Belgium,NA,West Flanders,1195796,20,0,7212,0
2020-07-15,Belgium,NA,West Flanders,1195796,35,0,7247,0
2020-07-16,Belgium,NA,West Flanders,1195796,21,0,7268,0
2020-07-17,Belgium,NA,West Flanders,1195796,40,0,7308,0
2020-07-18,Belgium,NA,West Flanders,1195796,14,0,7322,0
2020-07-19,Belgium,NA,West Flanders,1195796,3,0,7325,0
2020-07-20,Belgium,NA,West Flanders,1195796,47,0,7372,0
2020-07-21,Belgium,NA,West Flanders,1195796,25,0,7397,0
2020-07-22,Belgium,NA,West Flanders,1195796,34,0,7431,0
2020-07-23,Belgium,NA,West Flanders,1195796,26,0,7457,0
2020-07-24,Belgium,NA,West Flanders,1195796,19,0,7476,0
2020-07-25,Belgium,NA,West Flanders,1195796,24,0,7500,0
2020-07-26,Belgium,NA,West Flanders,1195796,19,0,7519,0
2020-07-27,Belgium,NA,West Flanders,1195796,33,0,7552,0
2020-07-28,Belgium,NA,West Flanders,1195796,19,0,7571,0
2020-07-29,Belgium,NA,West Flanders,1195796,24,0,7595,0
2020-07-30,Belgium,NA,West Flanders,1195796,27,0,7622,0
2020-07-31,Belgium,NA,West Flanders,1195796,32,0,7654,0
2020-08-01,Belgium,NA,West Flanders,1195796,12,0,7666,0
2020-08-02,Belgium,NA,West Flanders,1195796,5,0,7671,0
2020-08-03,Belgium,NA,West Flanders,1195796,41,0,7712,0
2020-08-04,Belgium,NA,West Flanders,1195796,33,0,7745,0
2020-08-05,Belgium,NA,West Flanders,1195796,56,0,7801,0
2020-08-06,Belgium,NA,West Flanders,1195796,51,0,7852,0
2020-08-07,Belgium,NA,West Flanders,1195796,53,0,7905,0
2020-08-08,Belgium,NA,West Flanders,1195796,7,0,7912,0
2020-08-09,Belgium,NA,West Flanders,1195796,9,0,7921,0
2020-08-10,Belgium,NA,West Flanders,1195796,32,0,7953,0
2020-08-11,Belgium,NA,West Flanders,1195796,23,0,7976,0
2020-08-12,Belgium,NA,West Flanders,1195796,32,0,8008,0
2020-08-13,Belgium,NA,West Flanders,1195796,36,0,8044,0
2020-08-14,Belgium,NA,West Flanders,1195796,24,0,8068,0
2020-08-15,Belgium,NA,West Flanders,1195796,2,0,8070,0
2020-08-16,Belgium,NA,West Flanders,1195796,13,0,8083,0
2020-08-17,Belgium,NA,West Flanders,1195796,32,0,8115,0
2020-08-18,Belgium,NA,West Flanders,1195796,18,0,8133,0
2020-08-19,Belgium,NA,West Flanders,1195796,15,0,8148,0
2020-08-20,Belgium,NA,West Flanders,1195796,26,0,8174,0
2020-08-21,Belgium,NA,West Flanders,1195796,20,0,8194,0
2020-08-22,Belgium,NA,West Flanders,1195796,13,0,8207,0
2020-08-23,Belgium,NA,West Flanders,1195796,1,0,8208,0
2020-08-24,Belgium,NA,West Flanders,1195796,19,0,8227,0
2020-08-25,Belgium,NA,West Flanders,1195796,26,0,8253,0
2020-08-26,Belgium,NA,West Flanders,1195796,20,0,8273,0
2020-08-27,Belgium,NA,West Flanders,1195796,19,0,8292,0
2020-08-28,Belgium,NA,West Flanders,1195796,30,0,8322,0
2020-08-29,Belgium,NA,West Flanders,1195796,6,0,8328,0
2020-04-15,Brazil,NA,Acre,881935,2,0,101,3
2020-04-16,Brazil,NA,Acre,881935,9,2,110,5
2020-04-17,Brazil,NA,Acre,881935,25,0,135,5
2020-04-18,Brazil,NA,Acre,881935,7,0,142,5
2020-04-19,Brazil,NA,Acre,881935,21,1,163,6
2020-04-20,Brazil,NA,Acre,881935,13,2,176,8
2020-04-21,Brazil,NA,Acre,881935,19,0,195,8
2020-04-22,Brazil,NA,Acre,881935,19,0,214,8
2020-04-23,Brazil,NA,Acre,881935,13,2,227,10
2020-04-24,Brazil,NA,Acre,881935,7,1,234,11
2020-04-25,Brazil,NA,Acre,881935,24,0,258,11
2020-04-26,Brazil,NA,Acre,881935,21,0,279,11
2020-04-27,Brazil,NA,Acre,881935,0,3,279,14
2020-04-28,Brazil,NA,Acre,881935,32,2,311,16
2020-04-29,Brazil,NA,Acre,881935,43,1,354,17
2020-04-30,Brazil,NA,Acre,881935,50,2,404,19
2020-05-01,Brazil,NA,Acre,881935,82,0,486,19
2020-05-02,Brazil,NA,Acre,881935,67,2,553,21
2020-05-03,Brazil,NA,Acre,881935,104,3,657,24
2020-05-04,Brazil,NA,Acre,881935,76,4,733,28
2020-05-05,Brazil,NA,Acre,881935,84,1,817,29
2020-05-06,Brazil,NA,Acre,881935,126,4,943,33
2020-05-07,Brazil,NA,Acre,881935,71,3,1014,36
2020-05-08,Brazil,NA,Acre,881935,163,2,1177,38
2020-05-09,Brazil,NA,Acre,881935,158,1,1335,39
2020-05-10,Brazil,NA,Acre,881935,112,2,1447,41
2020-05-11,Brazil,NA,Acre,881935,13,4,1460,45
2020-05-12,Brazil,NA,Acre,881935,130,6,1590,51
2020-05-13,Brazil,NA,Acre,881935,104,1,1694,52
2020-05-14,Brazil,NA,Acre,881935,46,3,1740,55
2020-05-15,Brazil,NA,Acre,881935,45,2,1785,57
2020-05-16,Brazil,NA,Acre,881935,82,2,1867,59
2020-05-17,Brazil,NA,Acre,881935,130,1,1997,60
2020-05-18,Brazil,NA,Acre,881935,237,7,2234,67
2020-05-19,Brazil,NA,Acre,881935,248,5,2482,72
2020-05-20,Brazil,NA,Acre,881935,335,4,2817,76
2020-05-21,Brazil,NA,Acre,881935,286,2,3103,78
2020-05-22,Brazil,NA,Acre,881935,240,2,3343,80
2020-05-23,Brazil,NA,Acre,881935,524,7,3867,87
2020-05-24,Brazil,NA,Acre,881935,293,5,4160,92
2020-05-25,Brazil,NA,Acre,881935,341,5,4501,97
2020-05-26,Brazil,NA,Acre,881935,280,8,4781,105
2020-05-27,Brazil,NA,Acre,881935,470,8,5251,113
2020-05-28,Brazil,NA,Acre,881935,349,9,5600,122
2020-05-29,Brazil,NA,Acre,881935,241,13,5841,135
2020-05-30,Brazil,NA,Acre,881935,231,7,6072,142
2020-05-31,Brazil,NA,Acre,881935,147,6,6219,148
2020-06-01,Brazil,NA,Acre,881935,107,13,6326,161
2020-06-02,Brazil,NA,Acre,881935,139,4,6465,165
2020-06-03,Brazil,NA,Acre,881935,214,6,6679,171
2020-06-04,Brazil,NA,Acre,881935,342,10,7021,181
2020-06-05,Brazil,NA,Acre,881935,263,9,7284,190
2020-06-06,Brazil,NA,Acre,881935,241,11,7525,201
2020-06-07,Brazil,NA,Acre,881935,458,6,7983,207
2020-06-08,Brazil,NA,Acre,881935,145,4,8128,211
2020-06-09,Brazil,NA,Acre,881935,329,12,8457,223
2020-06-10,Brazil,NA,Acre,881935,289,14,8746,237
2020-06-11,Brazil,NA,Acre,881935,345,8,9091,245
2020-06-12,Brazil,NA,Acre,881935,204,9,9295,254
2020-06-13,Brazil,NA,Acre,881935,239,2,9534,256
2020-06-14,Brazil,NA,Acre,881935,108,3,9642,259
2020-06-15,Brazil,NA,Acre,881935,129,6,9771,265
2020-06-16,Brazil,NA,Acre,881935,232,6,10003,271
2020-06-17,Brazil,NA,Acre,881935,336,10,10339,281
2020-06-18,Brazil,NA,Acre,881935,325,6,10664,287
2020-06-19,Brazil,NA,Acre,881935,323,5,10987,292
2020-06-20,Brazil,NA,Acre,881935,276,5,11263,297
2020-06-21,Brazil,NA,Acre,881935,118,3,11381,300
2020-06-22,Brazil,NA,Acre,881935,158,5,11539,305
2020-06-23,Brazil,NA,Acre,881935,271,16,11810,321
2020-06-24,Brazil,NA,Acre,881935,212,5,12022,326
2020-06-25,Brazil,NA,Acre,881935,282,9,12304,335
2020-06-26,Brazil,NA,Acre,881935,340,8,12644,343
2020-06-27,Brazil,NA,Acre,881935,269,8,12913,351
2020-06-28,Brazil,NA,Acre,881935,145,2,13058,353
2020-06-29,Brazil,NA,Acre,881935,88,8,13146,361
2020-06-30,Brazil,NA,Acre,881935,107,4,13253,365
2020-07-01,Brazil,NA,Acre,881935,462,5,13715,370
2020-07-02,Brazil,NA,Acre,881935,333,8,14048,378
2020-07-03,Brazil,NA,Acre,881935,64,9,14112,387
2020-07-04,Brazil,NA,Acre,881935,375,4,14487,391
2020-07-05,Brazil,NA,Acre,881935,135,0,14622,391
2020-07-06,Brazil,NA,Acre,881935,66,3,14688,394
2020-07-07,Brazil,NA,Acre,881935,253,5,14941,399
2020-07-08,Brazil,NA,Acre,881935,226,5,15167,404
2020-07-09,Brazil,NA,Acre,881935,298,7,15465,411
2020-07-10,Brazil,NA,Acre,881935,303,6,15768,417
2020-07-11,Brazil,NA,Acre,881935,312,2,16080,419
2020-07-12,Brazil,NA,Acre,881935,110,7,16190,426
2020-07-13,Brazil,NA,Acre,881935,70,4,16260,430
2020-07-14,Brazil,NA,Acre,881935,219,6,16479,436
2020-07-15,Brazil,NA,Acre,881935,193,10,16672,446
2020-07-16,Brazil,NA,Acre,881935,193,1,16865,447
2020-07-17,Brazil,NA,Acre,881935,100,5,16965,452
2020-07-18,Brazil,NA,Acre,881935,237,5,17202,457
2020-07-19,Brazil,NA,Acre,881935,93,3,17295,460
2020-07-20,Brazil,NA,Acre,881935,167,5,17462,465
2020-07-21,Brazil,NA,Acre,881935,238,4,17700,469
2020-07-22,Brazil,NA,Acre,881935,279,1,17979,470
2020-07-23,Brazil,NA,Acre,881935,178,4,18157,474
2020-07-24,Brazil,NA,Acre,881935,236,6,18393,480
2020-07-25,Brazil,NA,Acre,881935,264,3,18657,483
2020-07-26,Brazil,NA,Acre,881935,88,3,18745,486
2020-07-27,Brazil,NA,Acre,881935,38,7,18783,493
2020-07-28,Brazil,NA,Acre,881935,349,7,19132,500
2020-07-29,Brazil,NA,Acre,881935,234,10,19366,510
2020-07-30,Brazil,NA,Acre,881935,207,11,19573,521
2020-07-31,Brazil,NA,Acre,881935,52,10,19625,531
2020-08-01,Brazil,NA,Acre,881935,305,4,19930,535
2020-08-02,Brazil,NA,Acre,881935,36,2,19966,537
2020-08-03,Brazil,NA,Acre,881935,373,2,20339,539
2020-08-04,Brazil,NA,Acre,881935,369,6,20708,545
2020-08-05,Brazil,NA,Acre,881935,325,2,21033,547
2020-08-06,Brazil,NA,Acre,881935,230,5,21263,552
2020-08-07,Brazil,NA,Acre,881935,113,4,21376,556
2020-08-08,Brazil,NA,Acre,881935,122,3,21498,559
2020-08-09,Brazil,NA,Acre,881935,89,2,21587,561
2020-08-10,Brazil,NA,Acre,881935,32,1,21619,562
2020-08-11,Brazil,NA,Acre,881935,138,3,21757,565
2020-08-12,Brazil,NA,Acre,881935,236,4,21993,569
2020-08-13,Brazil,NA,Acre,881935,249,5,22242,574
2020-08-14,Brazil,NA,Acre,881935,193,2,22435,576
2020-08-15,Brazil,NA,Acre,881935,81,0,22516,576
2020-08-16,Brazil,NA,Acre,881935,32,0,22548,576
2020-08-17,Brazil,NA,Acre,881935,57,6,22605,582
2020-08-18,Brazil,NA,Acre,881935,328,8,22933,590
2020-08-19,Brazil,NA,Acre,881935,213,1,23146,591
2020-08-20,Brazil,NA,Acre,881935,176,4,23322,595
2020-08-21,Brazil,NA,Acre,881935,15,3,23337,598
2020-08-22,Brazil,NA,Acre,881935,328,0,23665,598
2020-08-23,Brazil,NA,Acre,881935,54,2,23719,600
2020-08-24,Brazil,NA,Acre,881935,10,4,23729,604
2020-08-25,Brazil,NA,Acre,881935,207,3,23936,607
2020-08-26,Brazil,NA,Acre,881935,183,0,24119,607
2020-08-27,Brazil,NA,Acre,881935,150,0,24269,607
2020-08-28,Brazil,NA,Acre,881935,193,1,24462,608
2020-08-29,Brazil,NA,Acre,881935,139,0,24601,608
2020-08-30,Brazil,NA,Acre,881935,37,1,24638,609
2020-08-31,Brazil,NA,Acre,881935,9,3,24647,612
2020-04-17,Brazil,NA,Alagoas,3375823,21,2,110,7
2020-04-18,Brazil,NA,Alagoas,3375823,22,0,132,7
2020-04-19,Brazil,NA,Alagoas,3375823,27,8,159,15
2020-04-20,Brazil,NA,Alagoas,3375823,12,3,171,18
2020-04-21,Brazil,NA,Alagoas,3375823,39,1,210,19
2020-04-22,Brazil,NA,Alagoas,3375823,33,1,243,20
2020-04-23,Brazil,NA,Alagoas,3375823,81,2,324,22
2020-04-24,Brazil,NA,Alagoas,3375823,89,5,413,27
2020-04-25,Brazil,NA,Alagoas,3375823,88,2,501,29
2020-04-26,Brazil,NA,Alagoas,3375823,53,3,554,32
2020-04-27,Brazil,NA,Alagoas,3375823,89,2,643,34
2020-04-28,Brazil,NA,Alagoas,3375823,134,2,777,36
2020-04-29,Brazil,NA,Alagoas,3375823,180,5,957,41
2020-04-30,Brazil,NA,Alagoas,3375823,87,6,1044,47
2020-05-01,Brazil,NA,Alagoas,3375823,182,6,1226,53
2020-05-02,Brazil,NA,Alagoas,3375823,146,5,1372,58
2020-05-03,Brazil,NA,Alagoas,3375823,69,6,1441,64
2020-05-04,Brazil,NA,Alagoas,3375823,97,8,1538,72
2020-05-05,Brazil,NA,Alagoas,3375823,68,8,1606,80
2020-05-06,Brazil,NA,Alagoas,3375823,97,9,1703,89
2020-05-07,Brazil,NA,Alagoas,3375823,164,9,1867,98
2020-05-08,Brazil,NA,Alagoas,3375823,166,10,2033,108
2020-05-09,Brazil,NA,Alagoas,3375823,139,6,2172,114
2020-05-10,Brazil,NA,Alagoas,3375823,86,12,2258,126
2020-05-11,Brazil,NA,Alagoas,3375823,85,12,2343,138
2020-05-12,Brazil,NA,Alagoas,3375823,237,12,2580,150
2020-05-13,Brazil,NA,Alagoas,3375823,181,14,2761,164
2020-05-14,Brazil,NA,Alagoas,3375823,211,13,2972,177
2020-05-15,Brazil,NA,Alagoas,3375823,240,10,3212,187
2020-05-16,Brazil,NA,Alagoas,3375823,381,12,3593,199
2020-05-17,Brazil,NA,Alagoas,3375823,223,11,3816,210
2020-05-18,Brazil,NA,Alagoas,3375823,215,11,4031,221
2020-05-19,Brazil,NA,Alagoas,3375823,285,10,4316,231
2020-05-20,Brazil,NA,Alagoas,3375823,121,20,4437,251
2020-05-21,Brazil,NA,Alagoas,3375823,479,11,4916,262
2020-05-22,Brazil,NA,Alagoas,3375823,386,18,5302,280
2020-05-23,Brazil,NA,Alagoas,3375823,328,21,5630,301
2020-05-24,Brazil,NA,Alagoas,3375823,584,15,6214,316
2020-05-25,Brazil,NA,Alagoas,3375823,468,21,6682,337
2020-05-26,Brazil,NA,Alagoas,3375823,376,17,7058,354
2020-05-27,Brazil,NA,Alagoas,3375823,522,14,7580,368
2020-05-28,Brazil,NA,Alagoas,3375823,475,17,8055,385
2020-05-29,Brazil,NA,Alagoas,3375823,563,21,8618,406
2020-05-30,Brazil,NA,Alagoas,3375823,605,18,9223,424
2020-05-31,Brazil,NA,Alagoas,3375823,1065,19,10288,443
2020-06-01,Brazil,NA,Alagoas,3375823,549,18,10837,461
2020-06-02,Brazil,NA,Alagoas,3375823,722,21,11559,482
2020-06-03,Brazil,NA,Alagoas,3375823,848,24,12407,506
2020-06-04,Brazil,NA,Alagoas,3375823,690,25,13097,531
2020-06-05,Brazil,NA,Alagoas,3375823,840,26,13937,557
2020-06-06,Brazil,NA,Alagoas,3375823,881,25,14818,582
2020-06-07,Brazil,NA,Alagoas,3375823,888,19,15706,601
2020-06-08,Brazil,NA,Alagoas,3375823,0,0,15706,601
2020-06-09,Brazil,NA,Alagoas,3375823,1487,39,17193,640
2020-06-10,Brazil,NA,Alagoas,3375823,983,20,18176,660
2020-06-11,Brazil,NA,Alagoas,3375823,1024,21,19200,681
2020-06-12,Brazil,NA,Alagoas,3375823,831,20,20031,701
2020-06-13,Brazil,NA,Alagoas,3375823,856,22,20887,723
2020-06-14,Brazil,NA,Alagoas,3375823,1312,21,22199,744
2020-06-15,Brazil,NA,Alagoas,3375823,763,24,22962,768
2020-06-16,Brazil,NA,Alagoas,3375823,670,25,23632,793
2020-06-17,Brazil,NA,Alagoas,3375823,1235,18,24867,811
2020-06-18,Brazil,NA,Alagoas,3375823,766,20,25633,831
2020-06-19,Brazil,NA,Alagoas,3375823,1273,17,26906,848
2020-06-20,Brazil,NA,Alagoas,3375823,792,18,27698,866
2020-06-21,Brazil,NA,Alagoas,3375823,959,18,28657,884
2020-06-22,Brazil,NA,Alagoas,3375823,738,19,29395,903
2020-06-23,Brazil,NA,Alagoas,3375823,853,17,30248,920
2020-06-24,Brazil,NA,Alagoas,3375823,982,18,31230,938
2020-06-25,Brazil,NA,Alagoas,3375823,835,20,32065,958
2020-06-26,Brazil,NA,Alagoas,3375823,799,17,32864,975
2020-06-27,Brazil,NA,Alagoas,3375823,657,18,33521,993
2020-06-28,Brazil,NA,Alagoas,3375823,791,19,34312,1012
2020-06-29,Brazil,NA,Alagoas,3375823,805,20,35117,1032
2020-06-30,Brazil,NA,Alagoas,3375823,845,20,35962,1052
2020-07-01,Brazil,NA,Alagoas,3375823,857,20,36819,1072
2020-07-02,Brazil,NA,Alagoas,3375823,509,19,37328,1091
2020-07-03,Brazil,NA,Alagoas,3375823,1076,22,38404,1113
2020-07-04,Brazil,NA,Alagoas,3375823,851,21,39255,1134
2020-07-05,Brazil,NA,Alagoas,3375823,680,19,39935,1153
2020-07-06,Brazil,NA,Alagoas,3375823,634,19,40569,1172
2020-07-07,Brazil,NA,Alagoas,3375823,955,20,41524,1192
2020-07-08,Brazil,NA,Alagoas,3375823,798,21,42322,1213
2020-07-09,Brazil,NA,Alagoas,3375823,869,17,43191,1230
2020-07-10,Brazil,NA,Alagoas,3375823,768,16,43959,1246
2020-07-11,Brazil,NA,Alagoas,3375823,674,18,44633,1264
2020-07-12,Brazil,NA,Alagoas,3375823,697,17,45330,1281
2020-07-13,Brazil,NA,Alagoas,3375823,966,16,46296,1297
2020-07-14,Brazil,NA,Alagoas,3375823,709,17,47005,1314
2020-07-15,Brazil,NA,Alagoas,3375823,859,17,47864,1331
2020-07-16,Brazil,NA,Alagoas,3375823,870,17,48734,1348
2020-07-17,Brazil,NA,Alagoas,3375823,519,17,49253,1365
2020-07-18,Brazil,NA,Alagoas,3375823,330,16,49583,1381
2020-07-19,Brazil,NA,Alagoas,3375823,495,16,50078,1397
2020-07-20,Brazil,NA,Alagoas,3375823,229,16,50307,1413
2020-07-21,Brazil,NA,Alagoas,3375823,644,15,50951,1428
2020-07-22,Brazil,NA,Alagoas,3375823,729,15,51680,1443
2020-07-23,Brazil,NA,Alagoas,3375823,849,14,52529,1457
2020-07-24,Brazil,NA,Alagoas,3375823,1184,14,53713,1471
2020-07-25,Brazil,NA,Alagoas,3375823,1017,15,54730,1486
2020-07-26,Brazil,NA,Alagoas,3375823,646,14,55376,1500
2020-07-27,Brazil,NA,Alagoas,3375823,828,14,56204,1514
2020-07-28,Brazil,NA,Alagoas,3375823,938,13,57142,1527
2020-07-29,Brazil,NA,Alagoas,3375823,982,13,58124,1540
2020-07-30,Brazil,NA,Alagoas,3375823,855,14,58979,1554
2020-07-31,Brazil,NA,Alagoas,3375823,746,13,59725,1567
2020-08-01,Brazil,NA,Alagoas,3375823,1267,14,60992,1581
2020-08-02,Brazil,NA,Alagoas,3375823,1248,13,62240,1594
2020-08-03,Brazil,NA,Alagoas,3375823,538,13,62778,1607
2020-08-04,Brazil,NA,Alagoas,3375823,573,14,63351,1621
2020-08-05,Brazil,NA,Alagoas,3375823,843,12,64194,1633
2020-08-06,Brazil,NA,Alagoas,3375823,899,10,65093,1643
2020-08-07,Brazil,NA,Alagoas,3375823,823,11,65916,1654
2020-08-08,Brazil,NA,Alagoas,3375823,832,11,66748,1665
2020-08-09,Brazil,NA,Alagoas,3375823,865,12,67613,1677
2020-08-10,Brazil,NA,Alagoas,3375823,624,11,68237,1688
2020-08-11,Brazil,NA,Alagoas,3375823,698,12,68935,1700
2020-08-12,Brazil,NA,Alagoas,3375823,816,11,69751,1711
2020-08-13,Brazil,NA,Alagoas,3375823,878,10,70629,1721
2020-08-14,Brazil,NA,Alagoas,3375823,603,11,71232,1732
2020-08-15,Brazil,NA,Alagoas,3375823,844,10,72076,1742
2020-08-16,Brazil,NA,Alagoas,3375823,658,11,72734,1753
2020-08-17,Brazil,NA,Alagoas,3375823,204,10,72938,1763
2020-08-18,Brazil,NA,Alagoas,3375823,763,11,73701,1774
2020-08-19,Brazil,NA,Alagoas,3375823,439,10,74140,1784
2020-08-20,Brazil,NA,Alagoas,3375823,482,9,74622,1793
2020-08-21,Brazil,NA,Alagoas,3375823,217,9,74839,1802
2020-08-22,Brazil,NA,Alagoas,3375823,631,8,75470,1810
2020-08-23,Brazil,NA,Alagoas,3375823,387,8,75857,1818
2020-08-24,Brazil,NA,Alagoas,3375823,638,9,76495,1827
2020-08-25,Brazil,NA,Alagoas,3375823,399,9,76894,1836
2020-08-26,Brazil,NA,Alagoas,3375823,423,8,77317,1844
2020-08-27,Brazil,NA,Alagoas,3375823,438,9,77755,1853
2020-08-28,Brazil,NA,Alagoas,3375823,419,8,78174,1861
2020-08-29,Brazil,NA,Alagoas,3375823,309,9,78483,1870
2020-08-30,Brazil,NA,Alagoas,3375823,154,8,78637,1878
2020-08-31,Brazil,NA,Alagoas,3375823,167,9,78804,1887
2020-04-08,Brazil,NA,Amapa,797722,59,0,107,2
2020-04-09,Brazil,NA,Amapa,797722,21,0,128,2
2020-04-10,Brazil,NA,Amapa,797722,38,0,166,2
2020-04-11,Brazil,NA,Amapa,797722,27,1,193,3
2020-04-12,Brazil,NA,Amapa,797722,37,2,230,5
2020-04-13,Brazil,NA,Amapa,797722,12,0,242,5
2020-04-14,Brazil,NA,Amapa,797722,65,1,307,6
2020-04-15,Brazil,NA,Amapa,797722,27,1,334,7
2020-04-16,Brazil,NA,Amapa,797722,28,2,362,9
2020-04-17,Brazil,NA,Amapa,797722,8,1,370,10
2020-04-18,Brazil,NA,Amapa,797722,23,0,393,10
2020-04-19,Brazil,NA,Amapa,797722,23,1,416,11
2020-04-20,Brazil,NA,Amapa,797722,17,2,433,13
2020-04-21,Brazil,NA,Amapa,797722,24,0,457,13
2020-04-22,Brazil,NA,Amapa,797722,22,1,479,14
2020-04-23,Brazil,NA,Amapa,797722,69,2,548,16
2020-04-24,Brazil,NA,Amapa,797722,85,2,633,18
2020-04-25,Brazil,NA,Amapa,797722,52,1,685,19
2020-04-26,Brazil,NA,Amapa,797722,113,2,798,21
2020-04-27,Brazil,NA,Amapa,797722,44,5,842,26
2020-04-28,Brazil,NA,Amapa,797722,76,2,918,28
2020-04-29,Brazil,NA,Amapa,797722,98,3,1016,31
2020-04-30,Brazil,NA,Amapa,797722,64,3,1080,34
2020-05-01,Brazil,NA,Amapa,797722,41,3,1121,37
2020-05-02,Brazil,NA,Amapa,797722,66,3,1187,40
2020-05-03,Brazil,NA,Amapa,797722,295,3,1482,43
2020-05-04,Brazil,NA,Amapa,797722,251,6,1733,49
2020-05-05,Brazil,NA,Amapa,797722,198,6,1931,55
2020-05-06,Brazil,NA,Amapa,797722,115,1,2046,56
2020-05-07,Brazil,NA,Amapa,797722,153,5,2199,61
2020-05-08,Brazil,NA,Amapa,797722,123,5,2322,66
2020-05-09,Brazil,NA,Amapa,797722,171,3,2493,69
2020-05-10,Brazil,NA,Amapa,797722,120,3,2613,72
2020-05-11,Brazil,NA,Amapa,797722,58,1,2671,73
2020-05-12,Brazil,NA,Amapa,797722,239,13,2910,86
2020-05-13,Brazil,NA,Amapa,797722,95,8,3005,94
2020-05-14,Brazil,NA,Amapa,797722,423,7,3428,101
2020-05-15,Brazil,NA,Amapa,797722,202,2,3630,103
2020-05-16,Brazil,NA,Amapa,797722,204,5,3834,108
2020-05-17,Brazil,NA,Amapa,797722,118,11,3952,119
2020-05-18,Brazil,NA,Amapa,797722,71,8,4023,127
2020-05-19,Brazil,NA,Amapa,797722,287,9,4310,136
2020-05-20,Brazil,NA,Amapa,797722,239,6,4549,142
2020-05-21,Brazil,NA,Amapa,797722,639,9,5188,151
2020-05-22,Brazil,NA,Amapa,797722,467,6,5655,157
2020-05-23,Brazil,NA,Amapa,797722,436,5,6091,162
2020-05-24,Brazil,NA,Amapa,797722,262,1,6353,163
2020-05-25,Brazil,NA,Amapa,797722,231,5,6584,168
2020-05-26,Brazil,NA,Amapa,797722,383,5,6967,173
2020-05-27,Brazil,NA,Amapa,797722,652,10,7619,183
2020-05-28,Brazil,NA,Amapa,797722,533,15,8152,198
2020-05-29,Brazil,NA,Amapa,797722,317,9,8469,207
2020-05-30,Brazil,NA,Amapa,797722,844,8,9313,215
2020-05-31,Brazil,NA,Amapa,797722,289,7,9602,222
2020-06-01,Brazil,NA,Amapa,797722,288,6,9890,228
2020-06-02,Brazil,NA,Amapa,797722,621,9,10511,237
2020-06-03,Brazil,NA,Amapa,797722,596,10,11107,247
2020-06-04,Brazil,NA,Amapa,797722,444,7,11551,254
2020-06-05,Brazil,NA,Amapa,797722,776,6,12327,260
2020-06-06,Brazil,NA,Amapa,797722,446,9,12773,269
2020-06-07,Brazil,NA,Amapa,797722,272,3,13045,272
2020-06-08,Brazil,NA,Amapa,797722,249,6,13294,278
2020-06-09,Brazil,NA,Amapa,797722,477,7,13771,285
2020-06-10,Brazil,NA,Amapa,797722,852,4,14623,289
2020-06-11,Brazil,NA,Amapa,797722,543,14,15166,303
2020-06-12,Brazil,NA,Amapa,797722,517,9,15683,312
2020-06-13,Brazil,NA,Amapa,797722,639,7,16322,319
2020-06-14,Brazil,NA,Amapa,797722,190,5,16512,324
2020-06-15,Brazil,NA,Amapa,797722,301,5,16813,329
2020-06-16,Brazil,NA,Amapa,797722,1211,8,18024,337
2020-06-17,Brazil,NA,Amapa,797722,594,1,18618,338
2020-06-18,Brazil,NA,Amapa,797722,769,4,19387,342
2020-06-19,Brazil,NA,Amapa,797722,535,6,19922,348
2020-06-20,Brazil,NA,Amapa,797722,1652,5,21574,353
2020-06-21,Brazil,NA,Amapa,797722,266,6,21840,359
2020-06-22,Brazil,NA,Amapa,797722,2842,13,24682,372
2020-06-23,Brazil,NA,Amapa,797722,1755,8,26437,380
2020-06-24,Brazil,NA,Amapa,797722,482,7,26919,387
2020-06-25,Brazil,NA,Amapa,797722,496,7,27415,394
2020-06-26,Brazil,NA,Amapa,797722,247,7,27662,401
2020-06-27,Brazil,NA,Amapa,797722,239,5,27901,406
2020-06-28,Brazil,NA,Amapa,797722,84,1,27985,407
2020-06-29,Brazil,NA,Amapa,797722,268,6,28253,413
2020-06-30,Brazil,NA,Amapa,797722,239,4,28492,417
2020-07-01,Brazil,NA,Amapa,797722,435,3,28927,420
2020-07-02,Brazil,NA,Amapa,797722,226,7,29153,427
2020-07-03,Brazil,NA,Amapa,797722,421,11,29574,438
2020-07-04,Brazil,NA,Amapa,797722,235,3,29809,441
2020-07-05,Brazil,NA,Amapa,797722,74,1,29883,442
2020-07-06,Brazil,NA,Amapa,797722,121,7,30004,449
2020-07-07,Brazil,NA,Amapa,797722,290,6,30294,455
2020-07-08,Brazil,NA,Amapa,797722,230,7,30524,462
2020-07-09,Brazil,NA,Amapa,797722,239,5,30763,467
2020-07-10,Brazil,NA,Amapa,797722,317,3,31080,470
2020-07-11,Brazil,NA,Amapa,797722,199,3,31279,473
2020-07-12,Brazil,NA,Amapa,797722,85,1,31364,474
2020-07-13,Brazil,NA,Amapa,797722,188,4,31552,478
2020-07-14,Brazil,NA,Amapa,797722,333,5,31885,483
2020-07-15,Brazil,NA,Amapa,797722,523,5,32408,488
2020-07-16,Brazil,NA,Amapa,797722,596,5,33004,493
2020-07-17,Brazil,NA,Amapa,797722,432,6,33436,499
2020-07-18,Brazil,NA,Amapa,797722,149,6,33585,505
2020-07-19,Brazil,NA,Amapa,797722,120,2,33705,507
2020-07-20,Brazil,NA,Amapa,797722,440,8,34145,515
2020-07-21,Brazil,NA,Amapa,797722,260,18,34405,533
2020-07-22,Brazil,NA,Amapa,797722,255,11,34660,544
2020-07-23,Brazil,NA,Amapa,797722,178,4,34838,548
2020-07-24,Brazil,NA,Amapa,797722,188,4,35026,552
2020-07-25,Brazil,NA,Amapa,797722,136,2,35162,554
2020-07-26,Brazil,NA,Amapa,797722,58,0,35220,554
2020-07-27,Brazil,NA,Amapa,797722,144,2,35364,556
2020-07-28,Brazil,NA,Amapa,797722,333,2,35697,558
2020-07-29,Brazil,NA,Amapa,797722,276,1,35973,559
2020-07-30,Brazil,NA,Amapa,797722,299,2,36272,561
2020-07-31,Brazil,NA,Amapa,797722,196,4,36468,565
2020-08-01,Brazil,NA,Amapa,797722,127,3,36595,568
2020-08-02,Brazil,NA,Amapa,797722,44,3,36639,571
2020-08-03,Brazil,NA,Amapa,797722,165,5,36804,576
2020-08-04,Brazil,NA,Amapa,797722,195,5,36999,581
2020-08-05,Brazil,NA,Amapa,797722,319,7,37318,588
2020-08-06,Brazil,NA,Amapa,797722,417,6,37735,594
2020-08-07,Brazil,NA,Amapa,797722,229,5,37964,599
2020-08-08,Brazil,NA,Amapa,797722,175,2,38139,601
2020-08-09,Brazil,NA,Amapa,797722,69,1,38208,602
2020-08-10,Brazil,NA,Amapa,797722,191,1,38399,603
2020-08-11,Brazil,NA,Amapa,797722,237,1,38636,604
2020-08-12,Brazil,NA,Amapa,797722,165,2,38801,606
2020-08-13,Brazil,NA,Amapa,797722,214,3,39015,609
2020-08-14,Brazil,NA,Amapa,797722,229,3,39244,612
2020-08-15,Brazil,NA,Amapa,797722,187,1,39431,613
2020-08-16,Brazil,NA,Amapa,797722,87,0,39518,613
2020-08-17,Brazil,NA,Amapa,797722,185,4,39703,617
2020-08-18,Brazil,NA,Amapa,797722,254,2,39957,619
2020-08-19,Brazil,NA,Amapa,797722,254,3,40211,622
2020-08-20,Brazil,NA,Amapa,797722,392,4,40603,626
2020-08-21,Brazil,NA,Amapa,797722,272,1,40875,627
2020-08-22,Brazil,NA,Amapa,797722,156,3,41031,630
2020-08-23,Brazil,NA,Amapa,797722,89,1,41120,631
2020-08-24,Brazil,NA,Amapa,797722,134,6,41254,637
2020-08-25,Brazil,NA,Amapa,797722,299,5,41553,642
2020-08-26,Brazil,NA,Amapa,797722,428,5,41981,647
2020-08-27,Brazil,NA,Amapa,797722,304,5,42285,652
2020-08-28,Brazil,NA,Amapa,797722,340,5,42625,657
2020-08-29,Brazil,NA,Amapa,797722,146,2,42771,659
2020-08-30,Brazil,NA,Amapa,797722,121,1,42892,660
2020-08-31,Brazil,NA,Amapa,797722,301,1,43193,661
2020-03-28,Brazil,NA,Amazonas,4063614,30,0,111,1
2020-03-29,Brazil,NA,Amazonas,4063614,29,0,140,1
2020-03-30,Brazil,NA,Amazonas,4063614,11,0,151,1
2020-03-31,Brazil,NA,Amazonas,4063614,24,2,175,3
2020-04-01,Brazil,NA,Amazonas,4063614,25,0,200,3
2020-04-02,Brazil,NA,Amazonas,4063614,29,0,229,3
2020-04-03,Brazil,NA,Amazonas,4063614,31,4,260,7
2020-04-04,Brazil,NA,Amazonas,4063614,51,5,311,12
2020-04-05,Brazil,NA,Amazonas,4063614,106,2,417,14
2020-04-06,Brazil,NA,Amazonas,4063614,115,5,532,19
2020-04-07,Brazil,NA,Amazonas,4063614,104,4,636,23
2020-04-08,Brazil,NA,Amazonas,4063614,168,7,804,30
2020-04-09,Brazil,NA,Amazonas,4063614,95,10,899,40
2020-04-10,Brazil,NA,Amazonas,4063614,82,10,981,50
2020-04-11,Brazil,NA,Amazonas,4063614,69,3,1050,53
2020-04-12,Brazil,NA,Amazonas,4063614,156,9,1206,62
2020-04-13,Brazil,NA,Amazonas,4063614,69,9,1275,71
2020-04-14,Brazil,NA,Amazonas,4063614,209,19,1484,90
2020-04-15,Brazil,NA,Amazonas,4063614,70,16,1554,106
2020-04-16,Brazil,NA,Amazonas,4063614,165,18,1719,124
2020-04-17,Brazil,NA,Amazonas,4063614,90,21,1809,145
2020-04-18,Brazil,NA,Amazonas,4063614,88,16,1897,161
2020-04-19,Brazil,NA,Amazonas,4063614,147,21,2044,182
2020-04-20,Brazil,NA,Amazonas,4063614,116,3,2160,185
2020-04-21,Brazil,NA,Amazonas,4063614,110,8,2270,193
2020-04-22,Brazil,NA,Amazonas,4063614,209,14,2479,207
2020-04-23,Brazil,NA,Amazonas,4063614,409,27,2888,234
2020-04-24,Brazil,NA,Amazonas,4063614,306,21,3194,255
2020-04-25,Brazil,NA,Amazonas,4063614,441,32,3635,287
2020-04-26,Brazil,NA,Amazonas,4063614,198,17,3833,304
2020-04-27,Brazil,NA,Amazonas,4063614,95,16,3928,320
2020-04-28,Brazil,NA,Amazonas,4063614,409,31,4337,351
2020-04-29,Brazil,NA,Amazonas,4063614,464,29,4801,380
2020-04-30,Brazil,NA,Amazonas,4063614,453,45,5254,425
2020-05-01,Brazil,NA,Amazonas,4063614,469,51,5723,476
2020-05-02,Brazil,NA,Amazonas,4063614,339,25,6062,501
2020-05-03,Brazil,NA,Amazonas,4063614,621,47,6683,548
2020-05-04,Brazil,NA,Amazonas,4063614,559,36,7242,584
2020-05-05,Brazil,NA,Amazonas,4063614,867,65,8109,649
2020-05-06,Brazil,NA,Amazonas,4063614,1134,102,9243,751
2020-05-07,Brazil,NA,Amazonas,4063614,856,55,10099,806
2020-05-08,Brazil,NA,Amazonas,4063614,628,68,10727,874
2020-05-09,Brazil,NA,Amazonas,4063614,1198,88,11925,962
2020-05-10,Brazil,NA,Amazonas,4063614,674,42,12599,1004
2020-05-11,Brazil,NA,Amazonas,4063614,320,31,12919,1035
2020-05-12,Brazil,NA,Amazonas,4063614,1249,63,14168,1098
2020-05-13,Brazil,NA,Amazonas,4063614,1648,62,15816,1160
2020-05-14,Brazil,NA,Amazonas,4063614,1365,75,17181,1235
2020-05-15,Brazil,NA,Amazonas,4063614,1211,96,18392,1331
2020-05-16,Brazil,NA,Amazonas,4063614,1285,44,19677,1375
2020-05-17,Brazil,NA,Amazonas,4063614,651,38,20328,1413
2020-05-18,Brazil,NA,Amazonas,4063614,585,20,20913,1433
2020-05-19,Brazil,NA,Amazonas,4063614,1219,58,22132,1491
2020-05-20,Brazil,NA,Amazonas,4063614,1572,70,23704,1561
2020-05-21,Brazil,NA,Amazonas,4063614,1663,59,25367,1620
2020-05-22,Brazil,NA,Amazonas,4063614,1671,49,27038,1669
2020-05-23,Brazil,NA,Amazonas,4063614,1764,75,28802,1744
2020-05-24,Brazil,NA,Amazonas,4063614,1065,14,29867,1758
2020-05-25,Brazil,NA,Amazonas,4063614,415,23,30282,1781
2020-05-26,Brazil,NA,Amazonas,4063614,1667,71,31949,1852
2020-05-27,Brazil,NA,Amazonas,4063614,1559,39,33508,1891
2020-05-28,Brazil,NA,Amazonas,4063614,2638,73,36146,1964
2020-05-29,Brazil,NA,Amazonas,4063614,2763,47,38909,2011
2020-05-30,Brazil,NA,Amazonas,4063614,1651,36,40560,2047
2020-05-31,Brazil,NA,Amazonas,4063614,818,5,41378,2052
2020-06-01,Brazil,NA,Amazonas,4063614,396,19,41774,2071
2020-06-02,Brazil,NA,Amazonas,4063614,1421,31,43195,2102
2020-06-03,Brazil,NA,Amazonas,4063614,1152,36,44347,2138
2020-06-04,Brazil,NA,Amazonas,4063614,2126,45,46473,2183
2020-06-05,Brazil,NA,Amazonas,4063614,1193,16,47666,2199
2020-06-06,Brazil,NA,Amazonas,4063614,1119,33,48785,2232
2020-06-07,Brazil,NA,Amazonas,4063614,484,18,49269,2250
2020-06-08,Brazil,NA,Amazonas,4063614,542,21,49811,2271
2020-06-09,Brazil,NA,Amazonas,4063614,1423,44,51234,2315
2020-06-10,Brazil,NA,Amazonas,4063614,1615,48,52849,2363
2020-06-11,Brazil,NA,Amazonas,4063614,1140,37,53989,2400
2020-06-12,Brazil,NA,Amazonas,4063614,1122,29,55111,2429
2020-06-13,Brazil,NA,Amazonas,4063614,915,36,56026,2465
2020-06-14,Brazil,NA,Amazonas,4063614,480,27,56506,2492
2020-06-15,Brazil,NA,Amazonas,4063614,271,20,56777,2512
2020-06-16,Brazil,NA,Amazonas,4063614,1241,37,58018,2549
2020-06-17,Brazil,NA,Amazonas,4063614,1529,30,59547,2579
2020-06-18,Brazil,NA,Amazonas,4063614,1189,26,60736,2605
2020-06-19,Brazil,NA,Amazonas,4063614,947,19,61683,2624
2020-06-20,Brazil,NA,Amazonas,4063614,1219,26,62902,2650
2020-06-21,Brazil,NA,Amazonas,4063614,508,7,63410,2657
2020-06-22,Brazil,NA,Amazonas,4063614,321,14,63731,2671
2020-06-23,Brazil,NA,Amazonas,4063614,1342,15,65073,2686
2020-06-24,Brazil,NA,Amazonas,4063614,1691,24,66764,2710
2020-06-25,Brazil,NA,Amazonas,4063614,503,21,67267,2731
2020-06-26,Brazil,NA,Amazonas,4063614,953,8,68220,2739
2020-06-27,Brazil,NA,Amazonas,4063614,802,33,69022,2772
2020-06-28,Brazil,NA,Amazonas,4063614,627,8,69649,2780
2020-06-29,Brazil,NA,Amazonas,4063614,244,12,69893,2792
2020-06-30,Brazil,NA,Amazonas,4063614,930,31,70823,2823
2020-07-01,Brazil,NA,Amazonas,4063614,1461,20,72284,2843
2020-07-02,Brazil,NA,Amazonas,4063614,1246,19,73530,2862
2020-07-03,Brazil,NA,Amazonas,4063614,1007,25,74537,2887
2020-07-04,Brazil,NA,Amazonas,4063614,1408,31,75945,2918
2020-07-05,Brazil,NA,Amazonas,4063614,69,11,76014,2929
2020-07-06,Brazil,NA,Amazonas,4063614,410,9,76424,2938
2020-07-07,Brazil,NA,Amazonas,4063614,2743,14,79167,2952
2020-07-08,Brazil,NA,Amazonas,4063614,915,15,80082,2967
2020-07-09,Brazil,NA,Amazonas,4063614,1236,18,81318,2985
2020-07-10,Brazil,NA,Amazonas,4063614,1189,23,82507,3008
2020-07-11,Brazil,NA,Amazonas,4063614,723,15,83230,3023
2020-07-12,Brazil,NA,Amazonas,4063614,296,16,83526,3039
2020-07-13,Brazil,NA,Amazonas,4063614,886,9,84412,3048
2020-07-14,Brazil,NA,Amazonas,4063614,1229,15,85641,3063
2020-07-15,Brazil,NA,Amazonas,4063614,1303,17,86944,3080
2020-07-16,Brazil,NA,Amazonas,4063614,1081,15,88025,3095
2020-07-17,Brazil,NA,Amazonas,4063614,797,23,88822,3118
2020-07-18,Brazil,NA,Amazonas,4063614,1712,11,90534,3129
2020-07-19,Brazil,NA,Amazonas,4063614,379,20,90913,3149
2020-07-20,Brazil,NA,Amazonas,4063614,476,0,91389,3146
2020-07-21,Brazil,NA,Amazonas,4063614,775,23,92164,3169
2020-07-22,Brazil,NA,Amazonas,4063614,557,14,92721,3183
2020-07-23,Brazil,NA,Amazonas,4063614,1498,10,94219,3193
2020-07-24,Brazil,NA,Amazonas,4063614,1205,6,95424,3199
2020-07-25,Brazil,NA,Amazonas,4063614,670,11,96094,3210
2020-07-26,Brazil,NA,Amazonas,4063614,369,7,96463,3217
2020-07-27,Brazil,NA,Amazonas,4063614,616,7,97079,3224
2020-07-28,Brazil,NA,Amazonas,4063614,1039,12,98118,3236
2020-07-29,Brazil,NA,Amazonas,4063614,975,10,99093,3246
2020-07-30,Brazil,NA,Amazonas,4063614,1047,6,100140,3252
2020-07-31,Brazil,NA,Amazonas,4063614,800,16,100940,3268
2020-08-01,Brazil,NA,Amazonas,4063614,837,10,101777,3278
2020-08-02,Brazil,NA,Amazonas,4063614,347,5,102124,3283
2020-08-03,Brazil,NA,Amazonas,4063614,262,5,102386,3288
2020-08-04,Brazil,NA,Amazonas,4063614,883,11,103269,3299
2020-08-05,Brazil,NA,Amazonas,4063614,981,18,104250,3317
2020-08-06,Brazil,NA,Amazonas,4063614,804,18,105054,3335
2020-08-07,Brazil,NA,Amazonas,4063614,803,10,105857,3345
2020-08-08,Brazil,NA,Amazonas,4063614,571,19,106428,3364
2020-08-09,Brazil,NA,Amazonas,4063614,522,0,106950,3359
2020-08-10,Brazil,NA,Amazonas,4063614,247,25,107197,3384
2020-08-11,Brazil,NA,Amazonas,4063614,908,21,108105,3405
2020-08-12,Brazil,NA,Amazonas,4063614,815,12,108920,3417
2020-08-13,Brazil,NA,Amazonas,4063614,882,18,109802,3435
2020-08-14,Brazil,NA,Amazonas,4063614,975,20,110777,3455
2020-08-15,Brazil,NA,Amazonas,4063614,464,8,111241,3463
2020-08-16,Brazil,NA,Amazonas,4063614,671,20,111912,3483
2020-08-17,Brazil,NA,Amazonas,4063614,351,22,112263,3505
2020-08-18,Brazil,NA,Amazonas,4063614,618,19,112881,3524
2020-08-19,Brazil,NA,Amazonas,4063614,711,13,113592,3537
2020-08-20,Brazil,NA,Amazonas,4063614,743,14,114335,3551
2020-08-21,Brazil,NA,Amazonas,4063614,457,5,114792,3556
2020-08-22,Brazil,NA,Amazonas,4063614,577,1,115369,3557
2020-08-23,Brazil,NA,Amazonas,4063614,246,6,115615,3563
2020-08-24,Brazil,NA,Amazonas,4063614,177,15,115792,3578
2020-08-25,Brazil,NA,Amazonas,4063614,787,10,116579,3588
2020-08-26,Brazil,NA,Amazonas,4063614,833,12,117412,3600
2020-08-27,Brazil,NA,Amazonas,4063614,671,16,118083,3616
2020-08-28,Brazil,NA,Amazonas,4063614,761,13,118844,3629
2020-08-29,Brazil,NA,Amazonas,4063614,1015,5,119859,3634
2020-08-30,Brazil,NA,Amazonas,4063614,201,5,120060,3639
2020-08-31,Brazil,NA,Amazonas,4063614,236,10,120296,3649
2020-03-26,Brazil,NA,Bahia,15344447,20,0,104,0
2020-03-27,Brazil,NA,Bahia,15344447,11,0,115,0
2020-03-28,Brazil,NA,Bahia,15344447,12,0,127,0
2020-03-29,Brazil,NA,Bahia,15344447,27,1,154,1
2020-03-30,Brazil,NA,Bahia,15344447,22,0,176,1
2020-03-31,Brazil,NA,Bahia,15344447,37,1,213,2
2020-04-01,Brazil,NA,Bahia,15344447,33,0,246,2
2020-04-02,Brazil,NA,Bahia,15344447,21,1,267,3
2020-04-03,Brazil,NA,Bahia,15344447,15,2,282,5
2020-04-04,Brazil,NA,Bahia,15344447,50,2,332,7
2020-04-05,Brazil,NA,Bahia,15344447,69,2,401,9
2020-04-06,Brazil,NA,Bahia,15344447,30,1,431,10
2020-04-07,Brazil,NA,Bahia,15344447,25,2,456,12
2020-04-08,Brazil,NA,Bahia,15344447,41,3,497,15
2020-04-09,Brazil,NA,Bahia,15344447,62,4,559,19
2020-04-10,Brazil,NA,Bahia,15344447,45,0,604,19
2020-04-11,Brazil,NA,Bahia,15344447,31,2,635,21
2020-04-12,Brazil,NA,Bahia,15344447,38,0,673,21
2020-04-13,Brazil,NA,Bahia,15344447,50,1,723,22
2020-04-14,Brazil,NA,Bahia,15344447,36,0,759,22
2020-04-15,Brazil,NA,Bahia,15344447,48,5,807,27
2020-04-16,Brazil,NA,Bahia,15344447,144,3,951,30
2020-04-17,Brazil,NA,Bahia,15344447,108,6,1059,36
2020-04-18,Brazil,NA,Bahia,15344447,134,1,1193,37
2020-04-19,Brazil,NA,Bahia,15344447,37,8,1230,45
2020-04-20,Brazil,NA,Bahia,15344447,111,1,1341,46
2020-04-21,Brazil,NA,Bahia,15344447,148,1,1489,47
2020-04-22,Brazil,NA,Bahia,15344447,155,3,1644,50
2020-04-23,Brazil,NA,Bahia,15344447,145,9,1789,59
2020-04-24,Brazil,NA,Bahia,15344447,173,5,1962,64
2020-04-25,Brazil,NA,Bahia,15344447,119,6,2081,70
2020-04-26,Brazil,NA,Bahia,15344447,128,3,2209,73
2020-04-27,Brazil,NA,Bahia,15344447,145,3,2354,76
2020-04-28,Brazil,NA,Bahia,15344447,186,10,2540,86
2020-04-29,Brazil,NA,Bahia,15344447,106,10,2646,96
2020-04-30,Brazil,NA,Bahia,15344447,205,8,2851,104
2020-05-01,Brazil,NA,Bahia,15344447,234,13,3085,117
2020-05-02,Brazil,NA,Bahia,15344447,182,6,3267,123
2020-05-03,Brazil,NA,Bahia,15344447,228,0,3495,123
2020-05-04,Brazil,NA,Bahia,15344447,239,18,3734,141
2020-05-05,Brazil,NA,Bahia,15344447,306,5,4040,146
2020-05-06,Brazil,NA,Bahia,15344447,261,14,4301,160
2020-05-07,Brazil,NA,Bahia,15344447,227,5,4528,165
2020-05-08,Brazil,NA,Bahia,15344447,290,18,4818,183
2020-05-09,Brazil,NA,Bahia,15344447,356,13,5174,196
2020-05-10,Brazil,NA,Bahia,15344447,384,6,5558,202
2020-05-11,Brazil,NA,Bahia,15344447,250,9,5808,211
2020-05-12,Brazil,NA,Bahia,15344447,396,14,6204,225
2020-05-13,Brazil,NA,Bahia,15344447,343,11,6547,236
2020-05-14,Brazil,NA,Bahia,15344447,408,26,6955,262
2020-05-15,Brazil,NA,Bahia,15344447,1173,19,8128,281
2020-05-16,Brazil,NA,Bahia,15344447,186,5,8314,286
2020-05-17,Brazil,NA,Bahia,15344447,129,9,8443,295
2020-05-18,Brazil,NA,Bahia,15344447,138,17,8581,312
2020-05-19,Brazil,NA,Bahia,15344447,2432,14,11013,326
2020-05-20,Brazil,NA,Bahia,15344447,184,36,11197,362
2020-05-21,Brazil,NA,Bahia,15344447,744,14,11941,376
2020-05-22,Brazil,NA,Bahia,15344447,616,23,12557,399
2020-05-23,Brazil,NA,Bahia,15344447,443,14,13000,413
2020-05-24,Brazil,NA,Bahia,15344447,899,47,13899,460
2020-05-25,Brazil,NA,Bahia,15344447,305,17,14204,477
2020-05-26,Brazil,NA,Bahia,15344447,362,18,14566,495
2020-05-27,Brazil,NA,Bahia,15344447,504,36,15070,531
2020-05-28,Brazil,NA,Bahia,15344447,893,39,15963,570
2020-05-29,Brazil,NA,Bahia,15344447,954,39,16917,609
2020-05-30,Brazil,NA,Bahia,15344447,709,29,17626,638
2020-05-31,Brazil,NA,Bahia,15344447,766,29,18392,667
2020-06-01,Brazil,NA,Bahia,15344447,506,34,18898,701
2020-06-02,Brazil,NA,Bahia,15344447,2532,35,21430,736
2020-06-03,Brazil,NA,Bahia,15344447,1021,26,22451,762
2020-06-04,Brazil,NA,Bahia,15344447,1012,28,23463,790
2020-06-05,Brazil,NA,Bahia,15344447,2956,29,26419,819
2020-06-06,Brazil,NA,Bahia,15344447,977,27,27396,846
2020-06-07,Brazil,NA,Bahia,15344447,854,33,28250,879
2020-06-08,Brazil,NA,Bahia,15344447,465,31,28715,910
2020-06-09,Brazil,NA,Bahia,15344447,1766,27,30481,937
2020-06-10,Brazil,NA,Bahia,15344447,2204,38,32685,975
2020-06-11,Brazil,NA,Bahia,15344447,1206,38,33891,1013
2020-06-12,Brazil,NA,Bahia,15344447,774,26,34665,1039
2020-06-13,Brazil,NA,Bahia,15344447,1123,30,35788,1069
2020-06-14,Brazil,NA,Bahia,15344447,613,36,36401,1105
2020-06-15,Brazil,NA,Bahia,15344447,1219,40,37620,1145
2020-06-16,Brazil,NA,Bahia,15344447,1586,36,39206,1181
2020-06-17,Brazil,NA,Bahia,15344447,1720,41,40926,1222
2020-06-18,Brazil,NA,Bahia,15344447,651,41,41577,1263
2020-06-19,Brazil,NA,Bahia,15344447,2345,42,43922,1305
2020-06-20,Brazil,NA,Bahia,15344447,1382,45,45304,1350
2020-06-21,Brazil,NA,Bahia,15344447,975,41,46279,1391
2020-06-22,Brazil,NA,Bahia,15344447,807,50,47086,1441
2020-06-23,Brazil,NA,Bahia,15344447,1998,50,49084,1491
2020-06-24,Brazil,NA,Bahia,15344447,2847,50,51931,1541
2020-06-25,Brazil,NA,Bahia,15344447,2360,60,54291,1601
2020-06-26,Brazil,NA,Bahia,15344447,2131,41,56422,1642
2020-06-27,Brazil,NA,Bahia,15344447,8822,55,65244,1697
2020-06-28,Brazil,NA,Bahia,15344447,3251,51,68495,1748
2020-06-29,Brazil,NA,Bahia,15344447,972,52,69467,1800
2020-06-30,Brazil,NA,Bahia,15344447,3840,53,73307,1853
2020-07-01,Brazil,NA,Bahia,15344447,3178,49,76485,1902
2020-07-02,Brazil,NA,Bahia,15344447,2864,45,79349,1947
2020-07-03,Brazil,NA,Bahia,15344447,2965,54,82314,2001
2020-07-04,Brazil,NA,Bahia,15344447,3171,49,85485,2050
2020-07-05,Brazil,NA,Bahia,15344447,1563,57,87048,2107
2020-07-06,Brazil,NA,Bahia,15344447,1231,61,88279,2168
2020-07-07,Brazil,NA,Bahia,15344447,3675,48,91954,2216
2020-07-08,Brazil,NA,Bahia,15344447,3582,61,95536,2277
2020-07-09,Brazil,NA,Bahia,15344447,2783,51,98319,2328
2020-07-10,Brazil,NA,Bahia,15344447,2867,55,101186,2383
2020-07-11,Brazil,NA,Bahia,15344447,3002,53,104188,2436
2020-07-12,Brazil,NA,Bahia,15344447,1575,47,105763,2483
2020-07-13,Brazil,NA,Bahia,15344447,1128,52,106891,2535
2020-07-14,Brazil,NA,Bahia,15344447,3138,49,110029,2584
2020-07-15,Brazil,NA,Bahia,15344447,2964,54,112993,2638
2020-07-16,Brazil,NA,Bahia,15344447,3380,55,116373,2693
2020-07-17,Brazil,NA,Bahia,15344447,2284,45,118657,2738
2020-07-18,Brazil,NA,Bahia,15344447,1581,55,120238,2793
2020-07-19,Brazil,NA,Bahia,15344447,1931,47,122169,2840
2020-07-20,Brazil,NA,Bahia,15344447,1123,51,123292,2891
2020-07-21,Brazil,NA,Bahia,15344447,3552,45,126844,2936
2020-07-22,Brazil,NA,Bahia,15344447,6401,52,133245,2988
2020-07-23,Brazil,NA,Bahia,15344447,5113,56,138358,3044
2020-07-24,Brazil,NA,Bahia,15344447,4409,52,142767,3096
2020-07-25,Brazil,NA,Bahia,15344447,3632,44,146399,3140
2020-07-26,Brazil,NA,Bahia,15344447,1780,42,148179,3182
2020-07-27,Brazil,NA,Bahia,15344447,930,45,149109,3227
2020-07-28,Brazil,NA,Bahia,15344447,4204,43,153313,3270
2020-07-29,Brazil,NA,Bahia,15344447,4021,51,157334,3321
2020-07-30,Brazil,NA,Bahia,15344447,4296,70,161630,3391
2020-07-31,Brazil,NA,Bahia,15344447,4524,72,166154,3463
2020-08-01,Brazil,NA,Bahia,15344447,2772,54,168926,3517
2020-08-02,Brazil,NA,Bahia,15344447,1550,55,170476,3572
2020-08-03,Brazil,NA,Bahia,15344447,915,52,171391,3624
2020-08-04,Brazil,NA,Bahia,15344447,3998,54,175389,3678
2020-08-05,Brazil,NA,Bahia,15344447,4348,58,179737,3736
2020-08-06,Brazil,NA,Bahia,15344447,3953,53,183690,3789
2020-08-07,Brazil,NA,Bahia,15344447,4202,54,187892,3843
2020-08-08,Brazil,NA,Bahia,15344447,3509,56,191401,3899
2020-08-09,Brazil,NA,Bahia,15344447,1628,54,193029,3953
2020-08-10,Brazil,NA,Bahia,15344447,1068,58,194097,4011
2020-08-11,Brazil,NA,Bahia,15344447,4670,56,198767,4067
2020-08-12,Brazil,NA,Bahia,15344447,4253,68,203020,4135
2020-08-13,Brazil,NA,Bahia,15344447,3935,67,206955,4202
2020-08-14,Brazil,NA,Bahia,15344447,4038,69,210993,4271
2020-08-15,Brazil,NA,Bahia,15344447,3386,67,214379,4338
2020-08-16,Brazil,NA,Bahia,15344447,1651,68,216030,4406
2020-08-17,Brazil,NA,Bahia,15344447,1085,69,217115,4475
2020-08-18,Brazil,NA,Bahia,15344447,3926,67,221041,4542
2020-08-19,Brazil,NA,Bahia,15344447,3618,69,224659,4611
2020-08-20,Brazil,NA,Bahia,15344447,3937,74,228596,4685
2020-08-21,Brazil,NA,Bahia,15344447,1147,72,229743,4757
2020-08-22,Brazil,NA,Bahia,15344447,4461,75,234204,4832
2020-08-23,Brazil,NA,Bahia,15344447,1846,73,236050,4905
2020-08-24,Brazil,NA,Bahia,15344447,1158,76,237208,4981
2020-08-25,Brazil,NA,Bahia,15344447,3731,70,240939,5051
2020-08-26,Brazil,NA,Bahia,15344447,4082,65,245021,5116
2020-08-27,Brazil,NA,Bahia,15344447,2832,62,247853,5178
2020-08-28,Brazil,NA,Bahia,15344447,3124,65,250977,5243
2020-08-29,Brazil,NA,Bahia,15344447,3813,59,254790,5302
2020-08-30,Brazil,NA,Bahia,15344447,1272,42,256062,5344
2020-08-31,Brazil,NA,Bahia,15344447,665,53,256727,5397
2020-03-22,Brazil,NA,Ceara,9020460,44,0,112,0
2020-03-23,Brazil,NA,Ceara,9020460,51,0,163,0
2020-03-24,Brazil,NA,Ceara,9020460,19,0,182,0
2020-03-25,Brazil,NA,Ceara,9020460,18,0,200,0
2020-03-26,Brazil,NA,Ceara,9020460,35,3,235,3
2020-03-27,Brazil,NA,Ceara,9020460,47,0,282,3
2020-03-28,Brazil,NA,Ceara,9020460,32,1,314,4
2020-03-29,Brazil,NA,Ceara,9020460,34,1,348,5
2020-03-30,Brazil,NA,Ceara,9020460,24,0,372,5
2020-03-31,Brazil,NA,Ceara,9020460,18,2,390,7
2020-04-01,Brazil,NA,Ceara,9020460,54,1,444,8
2020-04-02,Brazil,NA,Ceara,9020460,106,12,550,20
2020-04-03,Brazil,NA,Ceara,9020460,77,2,627,22
2020-04-04,Brazil,NA,Ceara,9020460,103,0,730,22
2020-04-05,Brazil,NA,Ceara,9020460,93,4,823,26
2020-04-06,Brazil,NA,Ceara,9020460,190,3,1013,29
2020-04-07,Brazil,NA,Ceara,9020460,38,2,1051,31
2020-04-08,Brazil,NA,Ceara,9020460,240,12,1291,43
2020-04-09,Brazil,NA,Ceara,9020460,134,12,1425,55
2020-04-10,Brazil,NA,Ceara,9020460,53,3,1478,58
2020-04-11,Brazil,NA,Ceara,9020460,104,9,1582,67
2020-04-12,Brazil,NA,Ceara,9020460,94,7,1676,74
2020-04-13,Brazil,NA,Ceara,9020460,124,17,1800,91
2020-04-14,Brazil,NA,Ceara,9020460,205,16,2005,107
2020-04-15,Brazil,NA,Ceara,9020460,152,9,2157,116
2020-04-16,Brazil,NA,Ceara,9020460,229,8,2386,124
2020-04-17,Brazil,NA,Ceara,9020460,298,25,2684,149
2020-04-18,Brazil,NA,Ceara,9020460,350,27,3034,176
2020-04-19,Brazil,NA,Ceara,9020460,218,10,3252,186
2020-04-20,Brazil,NA,Ceara,9020460,230,12,3482,198
2020-04-21,Brazil,NA,Ceara,9020460,234,17,3716,215
2020-04-22,Brazil,NA,Ceara,9020460,194,18,3910,233
2020-04-23,Brazil,NA,Ceara,9020460,688,33,4598,266
2020-04-24,Brazil,NA,Ceara,9020460,202,18,4800,284
2020-04-25,Brazil,NA,Ceara,9020460,621,26,5421,310
2020-04-26,Brazil,NA,Ceara,9020460,412,17,5833,327
2020-04-27,Brazil,NA,Ceara,9020460,893,63,6726,390
2020-04-28,Brazil,NA,Ceara,9020460,192,13,6918,403
2020-04-29,Brazil,NA,Ceara,9020460,349,38,7267,441
2020-04-30,Brazil,NA,Ceara,9020460,339,41,7606,482
2020-05-01,Brazil,NA,Ceara,9020460,273,23,7879,505
2020-05-02,Brazil,NA,Ceara,9020460,352,109,8231,614
2020-05-03,Brazil,NA,Ceara,9020460,139,49,8370,663
2020-05-04,Brazil,NA,Ceara,9020460,2670,49,11040,712
2020-05-05,Brazil,NA,Ceara,9020460,430,83,11470,795
2020-05-06,Brazil,NA,Ceara,9020460,834,53,12304,848
2020-05-07,Brazil,NA,Ceara,9020460,1584,55,13888,903
2020-05-08,Brazil,NA,Ceara,9020460,1068,63,14956,966
2020-05-09,Brazil,NA,Ceara,9020460,923,96,15879,1062
2020-05-10,Brazil,NA,Ceara,9020460,813,52,16692,1114
2020-05-11,Brazil,NA,Ceara,9020460,907,75,17599,1189
2020-05-12,Brazil,NA,Ceara,9020460,813,91,18412,1280
2020-05-13,Brazil,NA,Ceara,9020460,744,109,19156,1389
2020-05-14,Brazil,NA,Ceara,9020460,1921,24,21077,1413
2020-05-15,Brazil,NA,Ceara,9020460,1413,63,22490,1476
2020-05-16,Brazil,NA,Ceara,9020460,1305,138,23795,1614
2020-05-17,Brazil,NA,Ceara,9020460,460,27,24255,1641
2020-05-18,Brazil,NA,Ceara,9020460,2108,107,26363,1748
2020-05-19,Brazil,NA,Ceara,9020460,1749,108,28112,1856
2020-05-20,Brazil,NA,Ceara,9020460,2448,44,30560,1900
2020-05-21,Brazil,NA,Ceara,9020460,853,261,31413,2161
2020-05-22,Brazil,NA,Ceara,9020460,3160,90,34573,2251
2020-05-23,Brazil,NA,Ceara,9020460,549,57,35122,2308
2020-05-24,Brazil,NA,Ceara,9020460,473,16,35595,2324
2020-05-25,Brazil,NA,Ceara,9020460,590,169,36185,2493
2020-05-26,Brazil,NA,Ceara,9020460,836,110,37021,2603
2020-05-27,Brazil,NA,Ceara,9020460,254,68,37275,2671
2020-05-28,Brazil,NA,Ceara,9020460,546,62,37821,2733
2020-05-29,Brazil,NA,Ceara,9020460,574,126,38395,2859
2020-05-30,Brazil,NA,Ceara,9020460,8111,97,46506,2956
2020-05-31,Brazil,NA,Ceara,9020460,1983,54,48489,3010
2020-06-01,Brazil,NA,Ceara,9020460,2015,178,50504,3188
2020-06-02,Brazil,NA,Ceara,9020460,2569,233,53073,3421
2020-06-03,Brazil,NA,Ceara,9020460,2983,184,56056,3605
2020-06-04,Brazil,NA,Ceara,9020460,3739,208,59795,3813
2020-06-05,Brazil,NA,Ceara,9020460,1800,77,61595,3890
2020-06-06,Brazil,NA,Ceara,9020460,1980,75,63575,3965
2020-06-07,Brazil,NA,Ceara,9020460,696,17,64271,3982
2020-06-08,Brazil,NA,Ceara,9020460,1334,138,65605,4120
2020-06-09,Brazil,NA,Ceara,9020460,2779,189,68384,4309
2020-06-10,Brazil,NA,Ceara,9020460,3018,171,71402,4480
2020-06-11,Brazil,NA,Ceara,9020460,2477,183,73879,4663
2020-06-12,Brazil,NA,Ceara,9020460,1826,125,75705,4788
2020-06-13,Brazil,NA,Ceara,9020460,724,41,76429,4829
2020-06-14,Brazil,NA,Ceara,9020460,319,32,76748,4861
2020-06-15,Brazil,NA,Ceara,9020460,2714,138,79462,4999
2020-06-16,Brazil,NA,Ceara,9020460,1827,71,81289,5070
2020-06-17,Brazil,NA,Ceara,9020460,3678,212,84967,5282
2020-06-18,Brazil,NA,Ceara,9020460,2306,95,87273,5377
2020-06-19,Brazil,NA,Ceara,9020460,2590,83,89863,5460
2020-06-20,Brazil,NA,Ceara,9020460,2293,58,92156,5518
2020-06-21,Brazil,NA,Ceara,9020460,710,5,92866,5523
2020-06-22,Brazil,NA,Ceara,9020460,1292,81,94158,5604
2020-06-23,Brazil,NA,Ceara,9020460,3370,113,97528,5717
2020-06-24,Brazil,NA,Ceara,9020460,2050,98,99578,5815
2020-06-25,Brazil,NA,Ceara,9020460,2548,60,102126,5875
2020-06-26,Brazil,NA,Ceara,9020460,2296,45,104422,5920
2020-06-27,Brazil,NA,Ceara,9020460,2206,61,106628,5981
2020-06-28,Brazil,NA,Ceara,9020460,940,9,107568,5990
2020-06-29,Brazil,NA,Ceara,9020460,657,86,108225,6076
2020-06-30,Brazil,NA,Ceara,9020460,474,70,108699,6146
2020-07-01,Brazil,NA,Ceara,9020460,4318,34,113017,6180
2020-07-02,Brazil,NA,Ceara,9020460,2507,104,115524,6284
2020-07-03,Brazil,NA,Ceara,9020460,2517,67,118041,6351
2020-07-04,Brazil,NA,Ceara,9020460,2911,60,120952,6411
2020-07-05,Brazil,NA,Ceara,9020460,512,30,121464,6441
2020-07-06,Brazil,NA,Ceara,9020460,1013,40,122477,6481
2020-07-07,Brazil,NA,Ceara,9020460,2475,75,124952,6556
2020-07-08,Brazil,NA,Ceara,9020460,3519,109,128471,6665
2020-07-09,Brazil,NA,Ceara,9020460,2529,76,131000,6741
2020-07-10,Brazil,NA,Ceara,9020460,2546,36,133546,6777
2020-07-11,Brazil,NA,Ceara,9020460,2399,76,135945,6853
2020-07-12,Brazil,NA,Ceara,9020460,840,15,136785,6868
2020-07-13,Brazil,NA,Ceara,9020460,421,79,137206,6947
2020-07-14,Brazil,NA,Ceara,9020460,2231,30,139437,6977
2020-07-15,Brazil,NA,Ceara,9020460,1811,53,141248,7030
2020-07-16,Brazil,NA,Ceara,9020460,2752,97,144000,7127
2020-07-17,Brazil,NA,Ceara,9020460,1938,38,145938,7165
2020-07-18,Brazil,NA,Ceara,9020460,606,8,146544,7173
2020-07-19,Brazil,NA,Ceara,9020460,428,5,146972,7178
2020-07-20,Brazil,NA,Ceara,9020460,594,7,147566,7185
2020-07-21,Brazil,NA,Ceara,9020460,1420,99,148986,7284
2020-07-22,Brazil,NA,Ceara,9020460,4122,33,153108,7317
2020-07-23,Brazil,NA,Ceara,9020460,3134,57,156242,7374
2020-07-24,Brazil,NA,Ceara,9020460,2582,52,158824,7426
2020-07-25,Brazil,NA,Ceara,9020460,2773,50,161597,7476
2020-07-26,Brazil,NA,Ceara,9020460,488,17,162085,7493
2020-07-27,Brazil,NA,Ceara,9020460,344,16,162429,7509
2020-07-28,Brazil,NA,Ceara,9020460,3121,104,165550,7613
2020-07-29,Brazil,NA,Ceara,9020460,3522,30,169072,7643
2020-07-30,Brazil,NA,Ceara,9020460,2396,18,171468,7661
2020-07-31,Brazil,NA,Ceara,9020460,2414,7,173882,7668
2020-08-01,Brazil,NA,Ceara,9020460,2046,30,175928,7698
2020-08-02,Brazil,NA,Ceara,9020460,652,11,176580,7709
2020-08-03,Brazil,NA,Ceara,9020460,381,43,176961,7752
2020-08-04,Brazil,NA,Ceara,9020460,2380,54,179341,7806
2020-08-05,Brazil,NA,Ceara,9020460,2102,61,181443,7867
2020-08-06,Brazil,NA,Ceara,9020460,1858,26,183301,7893
2020-08-07,Brazil,NA,Ceara,9020460,2108,28,185409,7921
2020-08-08,Brazil,NA,Ceara,9020460,2835,30,188244,7951
2020-08-09,Brazil,NA,Ceara,9020460,298,3,188542,7954
2020-08-10,Brazil,NA,Ceara,9020460,115,25,188657,7979
2020-08-11,Brazil,NA,Ceara,9020460,1893,32,190550,8011
2020-08-12,Brazil,NA,Ceara,9020460,1872,41,192422,8052
2020-08-13,Brazil,NA,Ceara,9020460,1659,36,194081,8088
2020-08-14,Brazil,NA,Ceara,9020460,2063,35,196144,8123
2020-08-15,Brazil,NA,Ceara,9020460,1237,6,197381,8129
2020-08-16,Brazil,NA,Ceara,9020460,238,4,197619,8133
2020-08-17,Brazil,NA,Ceara,9020460,583,30,198202,8163
2020-08-18,Brazil,NA,Ceara,9020460,1056,33,199258,8196
2020-08-19,Brazil,NA,Ceara,9020460,1943,45,201201,8241
2020-08-20,Brazil,NA,Ceara,9020460,1221,4,202422,8245
2020-08-21,Brazil,NA,Ceara,9020460,577,23,202999,8268
2020-08-22,Brazil,NA,Ceara,9020460,1588,18,204587,8286
2020-08-23,Brazil,NA,Ceara,9020460,854,3,205441,8289
2020-08-24,Brazil,NA,Ceara,9020460,123,3,205564,8292
2020-08-25,Brazil,NA,Ceara,9020460,1822,47,207386,8339
2020-08-26,Brazil,NA,Ceara,9020460,1396,12,208782,8351
2020-08-27,Brazil,NA,Ceara,9020460,1945,14,210727,8365
2020-08-28,Brazil,NA,Ceara,9020460,1757,11,212484,8376
2020-08-29,Brazil,NA,Ceara,9020460,1610,6,214094,8382
2020-08-30,Brazil,NA,Ceara,9020460,363,2,214457,8384
2020-08-31,Brazil,NA,Ceara,9020460,496,25,214953,8409
2020-03-22,Brazil,NA,Distrito Federal,3039444,17,0,117,0
2020-03-23,Brazil,NA,Distrito Federal,3039444,16,0,133,0
2020-03-24,Brazil,NA,Distrito Federal,3039444,27,0,160,0
2020-03-25,Brazil,NA,Distrito Federal,3039444,0,0,160,0
2020-03-26,Brazil,NA,Distrito Federal,3039444,40,0,200,0
2020-03-27,Brazil,NA,Distrito Federal,3039444,30,0,230,0
2020-03-28,Brazil,NA,Distrito Federal,3039444,30,0,260,0
2020-03-29,Brazil,NA,Distrito Federal,3039444,29,1,289,1
2020-03-30,Brazil,NA,Distrito Federal,3039444,23,0,312,1
2020-03-31,Brazil,NA,Distrito Federal,3039444,20,2,332,3
2020-04-01,Brazil,NA,Distrito Federal,3039444,23,0,355,3
2020-04-02,Brazil,NA,Distrito Federal,3039444,15,1,370,4
2020-04-03,Brazil,NA,Distrito Federal,3039444,32,1,402,5
2020-04-04,Brazil,NA,Distrito Federal,3039444,52,2,454,7
2020-04-05,Brazil,NA,Distrito Federal,3039444,14,0,468,7
2020-04-06,Brazil,NA,Distrito Federal,3039444,5,3,473,10
2020-04-07,Brazil,NA,Distrito Federal,3039444,19,2,492,12
2020-04-08,Brazil,NA,Distrito Federal,3039444,17,0,509,12
2020-04-09,Brazil,NA,Distrito Federal,3039444,18,1,527,13
2020-04-10,Brazil,NA,Distrito Federal,3039444,28,1,555,14
2020-04-11,Brazil,NA,Distrito Federal,3039444,24,0,579,14
2020-04-12,Brazil,NA,Distrito Federal,3039444,35,0,614,14
2020-04-13,Brazil,NA,Distrito Federal,3039444,24,1,638,15
2020-04-14,Brazil,NA,Distrito Federal,3039444,13,2,651,17
2020-04-15,Brazil,NA,Distrito Federal,3039444,31,0,682,17
2020-04-16,Brazil,NA,Distrito Federal,3039444,34,3,716,20
2020-04-17,Brazil,NA,Distrito Federal,3039444,30,0,746,20
2020-04-18,Brazil,NA,Distrito Federal,3039444,16,4,762,24
2020-04-19,Brazil,NA,Distrito Federal,3039444,65,0,827,24
2020-04-20,Brazil,NA,Distrito Federal,3039444,45,0,872,24
2020-04-21,Brazil,NA,Distrito Federal,3039444,9,0,881,24
2020-04-22,Brazil,NA,Distrito Federal,3039444,65,1,946,25
2020-04-23,Brazil,NA,Distrito Federal,3039444,17,0,963,25
2020-04-24,Brazil,NA,Distrito Federal,3039444,26,1,989,26
2020-04-25,Brazil,NA,Distrito Federal,3039444,24,0,1013,26
2020-04-26,Brazil,NA,Distrito Federal,3039444,53,1,1066,27
2020-04-27,Brazil,NA,Distrito Federal,3039444,80,0,1146,27
2020-04-28,Brazil,NA,Distrito Federal,3039444,67,1,1213,28
2020-04-29,Brazil,NA,Distrito Federal,3039444,62,0,1275,28
2020-04-30,Brazil,NA,Distrito Federal,3039444,81,2,1356,30
2020-05-01,Brazil,NA,Distrito Federal,3039444,110,0,1466,30
2020-05-02,Brazil,NA,Distrito Federal,3039444,100,1,1566,31
2020-05-03,Brazil,NA,Distrito Federal,3039444,83,2,1649,33
2020-05-04,Brazil,NA,Distrito Federal,3039444,119,0,1768,33
2020-05-05,Brazil,NA,Distrito Federal,3039444,50,0,1818,33
2020-05-06,Brazil,NA,Distrito Federal,3039444,88,1,1906,34
2020-05-07,Brazil,NA,Distrito Federal,3039444,352,1,2258,35
2020-05-08,Brazil,NA,Distrito Federal,3039444,184,2,2442,37
2020-05-09,Brazil,NA,Distrito Federal,3039444,134,2,2576,39
2020-05-10,Brazil,NA,Distrito Federal,3039444,106,3,2682,42
2020-05-11,Brazil,NA,Distrito Federal,3039444,101,2,2783,44
2020-05-12,Brazil,NA,Distrito Federal,3039444,196,2,2979,46
2020-05-13,Brazil,NA,Distrito Federal,3039444,213,2,3192,48
2020-05-14,Brazil,NA,Distrito Federal,3039444,224,3,3416,51
2020-05-15,Brazil,NA,Distrito Federal,3039444,371,4,3787,55
2020-05-16,Brazil,NA,Distrito Federal,3039444,353,1,4140,56
2020-05-17,Brazil,NA,Distrito Federal,3039444,228,3,4368,59
2020-05-18,Brazil,NA,Distrito Federal,3039444,251,7,4619,66
2020-05-19,Brazil,NA,Distrito Federal,3039444,234,6,4853,72
2020-05-20,Brazil,NA,Distrito Federal,3039444,308,5,5161,77
2020-05-21,Brazil,NA,Distrito Federal,3039444,381,7,5542,84
2020-05-22,Brazil,NA,Distrito Federal,3039444,406,6,5948,90
2020-05-23,Brazil,NA,Distrito Federal,3039444,303,5,6251,95
2020-05-24,Brazil,NA,Distrito Federal,3039444,387,9,6638,104
2020-05-25,Brazil,NA,Distrito Federal,3039444,292,10,6930,114
2020-05-26,Brazil,NA,Distrito Federal,3039444,280,10,7210,124
2020-05-27,Brazil,NA,Distrito Federal,3039444,551,9,7761,133
2020-05-28,Brazil,NA,Distrito Federal,3039444,539,9,8300,142
2020-05-29,Brazil,NA,Distrito Federal,3039444,422,12,8722,154
2020-05-30,Brazil,NA,Distrito Federal,3039444,752,8,9474,162
2020-05-31,Brazil,NA,Distrito Federal,3039444,306,8,9780,170
2020-06-01,Brazil,NA,Distrito Federal,3039444,730,1,10510,171
2020-06-02,Brazil,NA,Distrito Federal,3039444,746,6,11256,177
2020-06-03,Brazil,NA,Distrito Federal,3039444,764,14,12020,191
2020-06-04,Brazil,NA,Distrito Federal,3039444,903,5,12923,196
2020-06-05,Brazil,NA,Distrito Federal,3039444,1285,6,14208,202
2020-06-06,Brazil,NA,Distrito Federal,3039444,1642,6,15850,208
2020-06-07,Brazil,NA,Distrito Federal,3039444,773,6,16623,214
2020-06-08,Brazil,NA,Distrito Federal,3039444,6,0,16629,214
2020-06-09,Brazil,NA,Distrito Federal,3039444,1461,22,18090,236
2020-06-10,Brazil,NA,Distrito Federal,3039444,1343,20,19433,256
2020-06-11,Brazil,NA,Distrito Federal,3039444,1074,18,20507,274
2020-06-12,Brazil,NA,Distrito Federal,3039444,889,8,21396,282
2020-06-13,Brazil,NA,Distrito Federal,3039444,563,11,21959,293
2020-06-14,Brazil,NA,Distrito Federal,3039444,912,11,22871,304
2020-06-15,Brazil,NA,Distrito Federal,3039444,813,15,23684,319
2020-06-16,Brazil,NA,Distrito Federal,3039444,1696,29,25380,348
2020-06-17,Brazil,NA,Distrito Federal,3039444,1760,17,27140,365
2020-06-18,Brazil,NA,Distrito Federal,3039444,1381,14,28521,379
2020-06-19,Brazil,NA,Distrito Federal,3039444,2381,17,30902,396
2020-06-20,Brazil,NA,Distrito Federal,3039444,1336,8,32238,404
2020-06-21,Brazil,NA,Distrito Federal,3039444,989,19,33227,423
2020-06-22,Brazil,NA,Distrito Federal,3039444,921,26,34148,449
2020-06-23,Brazil,NA,Distrito Federal,3039444,1220,26,35368,475
2020-06-24,Brazil,NA,Distrito Federal,3039444,1886,20,37254,495
2020-06-25,Brazil,NA,Distrito Federal,3039444,1617,14,38871,509
2020-06-26,Brazil,NA,Distrito Federal,3039444,2455,23,41326,532
2020-06-27,Brazil,NA,Distrito Federal,3039444,1440,5,42766,537
2020-06-28,Brazil,NA,Distrito Federal,3039444,2139,11,44905,548
2020-06-29,Brazil,NA,Distrito Federal,3039444,2166,11,47071,559
2020-06-30,Brazil,NA,Distrito Federal,3039444,2147,28,49218,587
2020-07-01,Brazil,NA,Distrito Federal,3039444,1458,33,50676,620
2020-07-02,Brazil,NA,Distrito Federal,3039444,1605,11,52281,631
2020-07-03,Brazil,NA,Distrito Federal,3039444,1715,12,53996,643
2020-07-04,Brazil,NA,Distrito Federal,3039444,1764,28,55760,671
2020-07-05,Brazil,NA,Distrito Federal,3039444,2094,28,57854,699
2020-07-06,Brazil,NA,Distrito Federal,3039444,2529,27,60383,726
2020-07-07,Brazil,NA,Distrito Federal,3039444,2311,41,62694,767
2020-07-08,Brazil,NA,Distrito Federal,3039444,1620,34,64314,801
2020-07-09,Brazil,NA,Distrito Federal,3039444,1363,22,65677,823
2020-07-10,Brazil,NA,Distrito Federal,3039444,1620,33,67297,856
2020-07-11,Brazil,NA,Distrito Federal,3039444,1109,15,68406,871
2020-07-12,Brazil,NA,Distrito Federal,3039444,2306,31,70712,902
2020-07-13,Brazil,NA,Distrito Federal,3039444,1572,28,72284,930
2020-07-14,Brazil,NA,Distrito Federal,3039444,1370,30,73654,960
2020-07-15,Brazil,NA,Distrito Federal,3039444,1725,41,75379,1001
2020-07-16,Brazil,NA,Distrito Federal,3039444,2242,36,77621,1037
2020-07-17,Brazil,NA,Distrito Federal,3039444,1779,23,79400,1060
2020-07-18,Brazil,NA,Distrito Federal,3039444,1763,15,81163,1075
2020-07-19,Brazil,NA,Distrito Federal,3039444,1249,10,82412,1085
2020-07-20,Brazil,NA,Distrito Federal,3039444,1875,27,84287,1112
2020-07-21,Brazil,NA,Distrito Federal,3039444,1789,46,86076,1158
2020-07-22,Brazil,NA,Distrito Federal,3039444,1725,18,87801,1176
2020-07-23,Brazil,NA,Distrito Federal,3039444,2222,42,90023,1218
2020-07-24,Brazil,NA,Distrito Federal,3039444,2391,26,92414,1244
2020-07-25,Brazil,NA,Distrito Federal,3039444,1773,31,94187,1275
2020-07-26,Brazil,NA,Distrito Federal,3039444,2145,33,96332,1308
2020-07-27,Brazil,NA,Distrito Federal,3039444,2148,31,98480,1339
2020-07-28,Brazil,NA,Distrito Federal,3039444,2246,52,100726,1391
2020-07-29,Brazil,NA,Distrito Federal,3039444,1616,28,102342,1419
2020-07-30,Brazil,NA,Distrito Federal,3039444,2100,25,104442,1444
2020-07-31,Brazil,NA,Distrito Federal,3039444,1850,25,106292,1469
2020-08-01,Brazil,NA,Distrito Federal,3039444,1630,21,107922,1490
2020-08-02,Brazil,NA,Distrito Federal,3039444,2106,33,110028,1523
2020-08-03,Brazil,NA,Distrito Federal,3039444,2016,23,112044,1546
2020-08-04,Brazil,NA,Distrito Federal,3039444,1880,26,113924,1572
2020-08-05,Brazil,NA,Distrito Federal,3039444,2042,0,115966,1572
2020-08-06,Brazil,NA,Distrito Federal,3039444,2034,79,118000,1651
2020-08-07,Brazil,NA,Distrito Federal,3039444,1903,31,119903,1682
2020-08-08,Brazil,NA,Distrito Federal,3039444,1921,30,121824,1712
2020-08-09,Brazil,NA,Distrito Federal,3039444,1233,19,123057,1731
2020-08-10,Brazil,NA,Distrito Federal,3039444,3012,31,126069,1762
2020-08-11,Brazil,NA,Distrito Federal,3039444,1415,53,127484,1815
2020-08-12,Brazil,NA,Distrito Federal,3039444,1700,55,129184,1870
2020-08-13,Brazil,NA,Distrito Federal,3039444,1986,35,131170,1905
2020-08-14,Brazil,NA,Distrito Federal,3039444,1996,30,133166,1935
2020-08-15,Brazil,NA,Distrito Federal,3039444,1848,23,135014,1958
2020-08-16,Brazil,NA,Distrito Federal,3039444,1453,18,136467,1976
2020-08-17,Brazil,NA,Distrito Federal,3039444,2268,66,138735,2042
2020-08-18,Brazil,NA,Distrito Federal,3039444,1435,55,140170,2097
2020-08-19,Brazil,NA,Distrito Federal,3039444,1592,51,141762,2148
2020-08-20,Brazil,NA,Distrito Federal,3039444,1997,52,143759,2200
2020-08-21,Brazil,NA,Distrito Federal,3039444,1693,42,145452,2242
2020-08-22,Brazil,NA,Distrito Federal,3039444,1675,15,147127,2257
2020-08-23,Brazil,NA,Distrito Federal,3039444,1871,17,148998,2274
2020-08-24,Brazil,NA,Distrito Federal,3039444,1521,42,150519,2316
2020-08-25,Brazil,NA,Distrito Federal,3039444,3171,28,153690,2344
2020-08-26,Brazil,NA,Distrito Federal,3039444,1563,55,155253,2399
2020-08-27,Brazil,NA,Distrito Federal,3039444,1610,26,156863,2425
2020-08-28,Brazil,NA,Distrito Federal,3039444,1317,15,158180,2440
2020-08-29,Brazil,NA,Distrito Federal,3039444,1346,10,159526,2450
2020-08-30,Brazil,NA,Distrito Federal,3039444,1270,19,160796,2469
2020-08-31,Brazil,NA,Distrito Federal,3039444,1246,52,162042,2521
2020-04-02,Brazil,NA,Espirito Santo,3885049,24,1,120,1
2020-04-03,Brazil,NA,Espirito Santo,3885049,19,3,139,4
2020-04-04,Brazil,NA,Espirito Santo,3885049,14,1,153,5
2020-04-05,Brazil,NA,Espirito Santo,3885049,13,1,166,6
2020-04-06,Brazil,NA,Espirito Santo,3885049,28,0,194,6
2020-04-07,Brazil,NA,Espirito Santo,3885049,15,0,209,6
2020-04-08,Brazil,NA,Espirito Santo,3885049,18,0,227,6
2020-04-09,Brazil,NA,Espirito Santo,3885049,46,0,273,6
2020-04-10,Brazil,NA,Espirito Santo,3885049,27,1,300,7
2020-04-11,Brazil,NA,Espirito Santo,3885049,49,2,349,9
2020-04-12,Brazil,NA,Espirito Santo,3885049,34,0,383,9
2020-04-13,Brazil,NA,Espirito Santo,3885049,47,5,430,14
2020-04-14,Brazil,NA,Espirito Santo,3885049,33,3,463,17
2020-04-15,Brazil,NA,Espirito Santo,3885049,94,1,557,18
2020-04-16,Brazil,NA,Espirito Santo,3885049,197,4,754,22
2020-04-17,Brazil,NA,Espirito Santo,3885049,102,3,856,25
2020-04-18,Brazil,NA,Espirito Santo,3885049,96,3,952,28
2020-04-19,Brazil,NA,Espirito Santo,3885049,147,2,1099,30
2020-04-20,Brazil,NA,Espirito Santo,3885049,69,3,1168,33
2020-04-21,Brazil,NA,Espirito Santo,3885049,44,1,1212,34
2020-04-22,Brazil,NA,Espirito Santo,3885049,101,0,1313,34
2020-04-23,Brazil,NA,Espirito Santo,3885049,50,8,1363,42
2020-04-24,Brazil,NA,Espirito Santo,3885049,18,0,1381,42
2020-04-25,Brazil,NA,Espirito Santo,3885049,214,5,1595,47
2020-04-26,Brazil,NA,Espirito Santo,3885049,108,4,1703,51
2020-04-27,Brazil,NA,Espirito Santo,3885049,93,6,1796,57
2020-04-28,Brazil,NA,Espirito Santo,3885049,78,7,1874,64
2020-04-29,Brazil,NA,Espirito Santo,3885049,233,12,2107,76
2020-04-30,Brazil,NA,Espirito Santo,3885049,358,7,2465,83
2020-05-01,Brazil,NA,Espirito Santo,3885049,197,13,2662,96
2020-05-02,Brazil,NA,Espirito Santo,3885049,286,6,2948,102
2020-05-03,Brazil,NA,Espirito Santo,3885049,138,12,3086,114
2020-05-04,Brazil,NA,Espirito Santo,3885049,140,8,3226,122
2020-05-05,Brazil,NA,Espirito Santo,3885049,176,11,3402,133
2020-05-06,Brazil,NA,Espirito Santo,3885049,166,12,3568,145
2020-05-07,Brazil,NA,Espirito Santo,3885049,270,10,3838,155
2020-05-08,Brazil,NA,Espirito Santo,3885049,404,10,4242,165
2020-05-09,Brazil,NA,Espirito Santo,3885049,170,7,4412,172
2020-05-10,Brazil,NA,Espirito Santo,3885049,187,9,4599,181
2020-05-11,Brazil,NA,Espirito Santo,3885049,220,15,4819,196
2020-05-12,Brazil,NA,Espirito Santo,3885049,268,16,5087,212
2020-05-13,Brazil,NA,Espirito Santo,3885049,314,21,5401,233
2020-05-14,Brazil,NA,Espirito Santo,3885049,412,16,5813,249
2020-05-15,Brazil,NA,Espirito Santo,3885049,385,11,6198,260
2020-05-16,Brazil,NA,Espirito Santo,3885049,397,11,6595,271
2020-05-17,Brazil,NA,Espirito Santo,3885049,149,14,6744,285
2020-05-18,Brazil,NA,Espirito Santo,3885049,413,17,7157,302
2020-05-19,Brazil,NA,Espirito Santo,3885049,536,23,7693,325
2020-05-20,Brazil,NA,Espirito Santo,3885049,399,16,8092,341
2020-05-21,Brazil,NA,Espirito Santo,3885049,786,22,8878,363
2020-05-22,Brazil,NA,Espirito Santo,3885049,642,34,9520,397
2020-05-23,Brazil,NA,Espirito Santo,3885049,398,20,9918,417
2020-05-24,Brazil,NA,Espirito Santo,3885049,89,29,10007,446
2020-05-25,Brazil,NA,Espirito Santo,3885049,358,19,10365,465
2020-05-26,Brazil,NA,Espirito Santo,3885049,524,22,10889,487
2020-05-27,Brazil,NA,Espirito Santo,3885049,595,24,11484,511
2020-05-28,Brazil,NA,Espirito Santo,3885049,719,27,12203,538
2020-05-29,Brazil,NA,Espirito Santo,3885049,700,22,12903,560
2020-05-30,Brazil,NA,Espirito Santo,3885049,534,23,13437,583
2020-05-31,Brazil,NA,Espirito Santo,3885049,253,21,13690,604
2020-06-01,Brazil,NA,Espirito Santo,3885049,379,10,14069,614
2020-06-02,Brazil,NA,Espirito Santo,3885049,1082,50,15151,664
2020-06-03,Brazil,NA,Espirito Santo,3885049,970,34,16121,698
2020-06-04,Brazil,NA,Espirito Santo,3885049,773,39,16894,737
2020-06-05,Brazil,NA,Espirito Santo,3885049,1215,43,18109,780
2020-06-06,Brazil,NA,Espirito Santo,3885049,841,26,18950,806
2020-06-07,Brazil,NA,Espirito Santo,3885049,669,26,19619,832
2020-06-08,Brazil,NA,Espirito Santo,3885049,1040,39,20659,871
2020-06-09,Brazil,NA,Espirito Santo,3885049,1305,33,21964,904
2020-06-10,Brazil,NA,Espirito Santo,3885049,1380,32,23344,936
2020-06-11,Brazil,NA,Espirito Santo,3885049,885,26,24229,962
2020-06-12,Brazil,NA,Espirito Santo,3885049,1028,24,25257,986
2020-06-13,Brazil,NA,Espirito Santo,3885049,675,36,25932,1022
2020-06-14,Brazil,NA,Espirito Santo,3885049,509,32,26441,1054
2020-06-15,Brazil,NA,Espirito Santo,3885049,1140,32,27581,1086
2020-06-16,Brazil,NA,Espirito Santo,3885049,1371,45,28952,1131
2020-06-17,Brazil,NA,Espirito Santo,3885049,1489,38,30441,1169
2020-06-18,Brazil,NA,Espirito Santo,3885049,1230,48,31671,1217
2020-06-19,Brazil,NA,Espirito Santo,3885049,1471,48,33142,1265
2020-06-20,Brazil,NA,Espirito Santo,3885049,1074,32,34216,1297
2020-06-21,Brazil,NA,Espirito Santo,3885049,642,29,34858,1326
2020-06-22,Brazil,NA,Espirito Santo,3885049,926,36,35784,1362
2020-06-23,Brazil,NA,Espirito Santo,3885049,1043,63,36827,1425
2020-06-24,Brazil,NA,Espirito Santo,3885049,1654,38,38481,1463
2020-06-25,Brazil,NA,Espirito Santo,3885049,1765,27,40246,1490
2020-06-26,Brazil,NA,Espirito Santo,3885049,1406,17,41652,1507
2020-06-27,Brazil,NA,Espirito Santo,3885049,0,0,41652,1507
2020-06-28,Brazil,NA,Espirito Santo,3885049,2031,61,43683,1568
2020-06-29,Brazil,NA,Espirito Santo,3885049,1414,53,45097,1621
2020-06-30,Brazil,NA,Espirito Santo,3885049,1796,27,46893,1648
2020-07-01,Brazil,NA,Espirito Santo,3885049,1928,45,48821,1693
2020-07-02,Brazil,NA,Espirito Santo,3885049,1419,35,50240,1728
2020-07-03,Brazil,NA,Espirito Santo,3885049,1449,30,51689,1758
2020-07-04,Brazil,NA,Espirito Santo,3885049,1134,23,52823,1781
2020-07-05,Brazil,NA,Espirito Santo,3885049,570,23,53393,1804
2020-07-06,Brazil,NA,Espirito Santo,3885049,1154,34,54547,1838
2020-07-07,Brazil,NA,Espirito Santo,3885049,2151,42,56698,1880
2020-07-08,Brazil,NA,Espirito Santo,3885049,1839,31,58537,1911
2020-07-09,Brazil,NA,Espirito Santo,3885049,1472,19,60009,1930
2020-07-10,Brazil,NA,Espirito Santo,3885049,1347,37,61356,1967
2020-07-11,Brazil,NA,Espirito Santo,3885049,880,17,62236,1984
2020-07-12,Brazil,NA,Espirito Santo,3885049,563,19,62799,2003
2020-07-13,Brazil,NA,Espirito Santo,3885049,1080,37,63879,2040
2020-07-14,Brazil,NA,Espirito Santo,3885049,1334,42,65213,2082
2020-07-15,Brazil,NA,Espirito Santo,3885049,1139,15,66352,2097
2020-07-16,Brazil,NA,Espirito Santo,3885049,1766,39,68118,2136
2020-07-17,Brazil,NA,Espirito Santo,3885049,1343,38,69461,2174
2020-07-18,Brazil,NA,Espirito Santo,3885049,670,28,70131,2202
2020-07-19,Brazil,NA,Espirito Santo,3885049,478,20,70609,2222
2020-07-20,Brazil,NA,Espirito Santo,3885049,1094,34,71703,2256
2020-07-21,Brazil,NA,Espirito Santo,3885049,898,24,72601,2280
2020-07-22,Brazil,NA,Espirito Santo,3885049,1087,25,73688,2305
2020-07-23,Brazil,NA,Espirito Santo,3885049,920,36,74608,2341
2020-07-24,Brazil,NA,Espirito Santo,3885049,1246,32,75854,2373
2020-07-25,Brazil,NA,Espirito Santo,3885049,744,13,76598,2386
2020-07-26,Brazil,NA,Espirito Santo,3885049,602,25,77200,2411
2020-07-27,Brazil,NA,Espirito Santo,3885049,837,25,78037,2436
2020-07-28,Brazil,NA,Espirito Santo,3885049,1427,27,79464,2463
2020-07-29,Brazil,NA,Espirito Santo,3885049,1105,23,80569,2486
2020-07-30,Brazil,NA,Espirito Santo,3885049,1316,28,81885,2514
2020-07-31,Brazil,NA,Espirito Santo,3885049,1407,31,83292,2545
2020-08-01,Brazil,NA,Espirito Santo,3885049,522,21,83814,2566
2020-08-02,Brazil,NA,Espirito Santo,3885049,424,12,84238,2578
2020-08-03,Brazil,NA,Espirito Santo,3885049,977,23,85215,2601
2020-08-04,Brazil,NA,Espirito Santo,3885049,994,27,86209,2628
2020-08-05,Brazil,NA,Espirito Santo,3885049,1033,18,87242,2646
2020-08-06,Brazil,NA,Espirito Santo,3885049,1301,21,88543,2667
2020-08-07,Brazil,NA,Espirito Santo,3885049,1380,31,89923,2698
2020-08-08,Brazil,NA,Espirito Santo,3885049,1223,22,91146,2720
2020-08-09,Brazil,NA,Espirito Santo,3885049,645,15,91791,2735
2020-08-10,Brazil,NA,Espirito Santo,3885049,1278,29,93069,2764
2020-08-11,Brazil,NA,Espirito Santo,3885049,1407,19,94476,2783
2020-08-12,Brazil,NA,Espirito Santo,3885049,1277,22,95753,2805
2020-08-13,Brazil,NA,Espirito Santo,3885049,1196,18,96949,2823
2020-08-14,Brazil,NA,Espirito Santo,3885049,1157,26,98106,2849
2020-08-15,Brazil,NA,Espirito Santo,3885049,659,15,98765,2864
2020-08-16,Brazil,NA,Espirito Santo,3885049,815,11,99580,2875
2020-08-17,Brazil,NA,Espirito Santo,3885049,1279,33,100859,2908
2020-08-18,Brazil,NA,Espirito Santo,3885049,1015,30,101874,2938
2020-08-19,Brazil,NA,Espirito Santo,3885049,1216,25,103090,2963
2020-08-20,Brazil,NA,Espirito Santo,3885049,947,17,104037,2980
2020-08-21,Brazil,NA,Espirito Santo,3885049,874,20,104911,3000
2020-08-22,Brazil,NA,Espirito Santo,3885049,702,16,105613,3016
2020-08-23,Brazil,NA,Espirito Santo,3885049,279,10,105892,3026
2020-08-24,Brazil,NA,Espirito Santo,3885049,601,19,106493,3045
2020-08-25,Brazil,NA,Espirito Santo,3885049,698,23,107191,3068
2020-08-26,Brazil,NA,Espirito Santo,3885049,718,18,107909,3086
2020-08-27,Brazil,NA,Espirito Santo,3885049,753,19,108662,3105
2020-08-28,Brazil,NA,Espirito Santo,3885049,831,12,109493,3117
2020-08-29,Brazil,NA,Espirito Santo,3885049,532,12,110025,3129
2020-08-30,Brazil,NA,Espirito Santo,3885049,326,6,110351,3135
2020-08-31,Brazil,NA,Espirito Santo,3885049,910,23,111261,3158
2020-04-04,Brazil,NA,Goias,6778772,15,0,103,2
2020-04-05,Brazil,NA,Goias,6778772,12,1,115,3
2020-04-06,Brazil,NA,Goias,6778772,4,2,119,5
2020-04-07,Brazil,NA,Goias,6778772,14,0,133,5
2020-04-08,Brazil,NA,Goias,6778772,25,2,158,7
2020-04-09,Brazil,NA,Goias,6778772,21,0,179,7
2020-04-10,Brazil,NA,Goias,6778772,12,1,191,8
2020-04-11,Brazil,NA,Goias,6778772,18,2,209,10
2020-04-12,Brazil,NA,Goias,6778772,20,4,229,14
2020-04-13,Brazil,NA,Goias,6778772,4,1,233,15
2020-04-14,Brazil,NA,Goias,6778772,51,0,284,15
2020-04-15,Brazil,NA,Goias,6778772,20,0,304,15
2020-04-16,Brazil,NA,Goias,6778772,14,1,318,16
2020-04-17,Brazil,NA,Goias,6778772,17,0,335,16
2020-04-18,Brazil,NA,Goias,6778772,43,2,378,18
2020-04-19,Brazil,NA,Goias,6778772,15,0,393,18
2020-04-20,Brazil,NA,Goias,6778772,10,1,403,19
2020-04-21,Brazil,NA,Goias,6778772,18,0,421,19
2020-04-22,Brazil,NA,Goias,6778772,17,2,438,21
2020-04-23,Brazil,NA,Goias,6778772,15,2,453,23
2020-04-24,Brazil,NA,Goias,6778772,33,1,486,24
2020-04-25,Brazil,NA,Goias,6778772,20,1,506,25
2020-04-26,Brazil,NA,Goias,6778772,67,0,573,25
2020-04-27,Brazil,NA,Goias,6778772,43,1,616,26
2020-04-28,Brazil,NA,Goias,6778772,45,1,661,27
2020-04-29,Brazil,NA,Goias,6778772,44,0,705,27
2020-04-30,Brazil,NA,Goias,6778772,76,2,781,29
2020-05-01,Brazil,NA,Goias,6778772,27,0,808,29
2020-05-02,Brazil,NA,Goias,6778772,17,1,825,30
2020-05-03,Brazil,NA,Goias,6778772,25,0,850,30
2020-05-04,Brazil,NA,Goias,6778772,11,0,861,30
2020-05-05,Brazil,NA,Goias,6778772,61,8,922,38
2020-05-06,Brazil,NA,Goias,6778772,102,6,1024,44
2020-05-07,Brazil,NA,Goias,6778772,3,0,1027,44
2020-05-08,Brazil,NA,Goias,6778772,26,3,1053,47
2020-05-09,Brazil,NA,Goias,6778772,16,0,1069,47
2020-05-10,Brazil,NA,Goias,6778772,24,0,1093,47
2020-05-11,Brazil,NA,Goias,6778772,7,2,1100,49
2020-05-12,Brazil,NA,Goias,6778772,15,3,1115,52
2020-05-13,Brazil,NA,Goias,6778772,19,9,1134,61
2020-05-14,Brazil,NA,Goias,6778772,289,3,1423,64
2020-05-15,Brazil,NA,Goias,6778772,149,3,1572,67
2020-05-16,Brazil,NA,Goias,6778772,68,2,1640,69
2020-05-17,Brazil,NA,Goias,6778772,52,1,1692,70
2020-05-18,Brazil,NA,Goias,6778772,57,3,1749,73
2020-05-19,Brazil,NA,Goias,6778772,97,0,1846,73
2020-05-20,Brazil,NA,Goias,6778772,132,5,1978,78
2020-05-21,Brazil,NA,Goias,6778772,136,7,2114,85
2020-05-22,Brazil,NA,Goias,6778772,190,8,2304,93
2020-05-23,Brazil,NA,Goias,6778772,73,2,2377,95
2020-05-24,Brazil,NA,Goias,6778772,66,0,2443,95
2020-05-25,Brazil,NA,Goias,6778772,69,1,2512,96
2020-05-26,Brazil,NA,Goias,6778772,159,8,2671,104
2020-05-27,Brazil,NA,Goias,6778772,172,4,2843,108
2020-05-28,Brazil,NA,Goias,6778772,247,7,3090,115
2020-05-29,Brazil,NA,Goias,6778772,229,4,3319,119
2020-05-30,Brazil,NA,Goias,6778772,266,3,3585,122
2020-05-31,Brazil,NA,Goias,6778772,117,2,3702,124
2020-06-01,Brazil,NA,Goias,6778772,204,3,3906,127
2020-06-02,Brazil,NA,Goias,6778772,471,24,4377,151
2020-06-03,Brazil,NA,Goias,6778772,193,4,4570,155
2020-06-04,Brazil,NA,Goias,6778772,374,9,4944,164
2020-06-05,Brazil,NA,Goias,6778772,429,3,5373,167
2020-06-06,Brazil,NA,Goias,6778772,296,5,5669,172
2020-06-07,Brazil,NA,Goias,6778772,144,1,5813,173
2020-06-08,Brazil,NA,Goias,6778772,311,0,6124,173
2020-06-09,Brazil,NA,Goias,6778772,397,7,6521,180
2020-06-10,Brazil,NA,Goias,6778772,638,8,7159,188
2020-06-11,Brazil,NA,Goias,6778772,498,1,7657,189
2020-06-12,Brazil,NA,Goias,6778772,189,5,7846,194
2020-06-13,Brazil,NA,Goias,6778772,94,14,7940,208
2020-06-14,Brazil,NA,Goias,6778772,4,3,7944,211
2020-06-15,Brazil,NA,Goias,6778772,2238,15,10182,226
2020-06-16,Brazil,NA,Goias,6778772,1082,20,11264,246
2020-06-17,Brazil,NA,Goias,6778772,972,6,12236,252
2020-06-18,Brazil,NA,Goias,6778772,1068,12,13304,264
2020-06-19,Brazil,NA,Goias,6778772,723,17,14027,281
2020-06-20,Brazil,NA,Goias,6778772,853,14,14880,295
2020-06-21,Brazil,NA,Goias,6778772,739,8,15619,303
2020-06-22,Brazil,NA,Goias,6778772,917,8,16536,311
2020-06-23,Brazil,NA,Goias,6778772,1032,18,17568,329
2020-06-24,Brazil,NA,Goias,6778772,1054,34,18622,363
2020-06-25,Brazil,NA,Goias,6778772,925,21,19547,384
2020-06-26,Brazil,NA,Goias,6778772,1316,25,20863,409
2020-06-27,Brazil,NA,Goias,6778772,757,20,21620,429
2020-06-28,Brazil,NA,Goias,6778772,364,6,21984,435
2020-06-29,Brazil,NA,Goias,6778772,1023,2,23007,437
2020-06-30,Brazil,NA,Goias,6778772,1374,37,24381,474
2020-07-01,Brazil,NA,Goias,6778772,1160,29,25541,503
2020-07-02,Brazil,NA,Goias,6778772,722,42,26263,545
2020-07-03,Brazil,NA,Goias,6778772,67,41,26330,586
2020-07-04,Brazil,NA,Goias,6778772,2164,25,28494,611
2020-07-05,Brazil,NA,Goias,6778772,32,10,28526,621
2020-07-06,Brazil,NA,Goias,6778772,770,33,29296,654
2020-07-07,Brazil,NA,Goias,6778772,2012,47,31308,701
2020-07-08,Brazil,NA,Goias,6778772,1356,32,32664,733
2020-07-09,Brazil,NA,Goias,6778772,1212,36,33876,769
2020-07-10,Brazil,NA,Goias,6778772,1262,38,35138,807
2020-07-11,Brazil,NA,Goias,6778772,655,37,35793,844
2020-07-12,Brazil,NA,Goias,6778772,451,5,36244,849
2020-07-13,Brazil,NA,Goias,6778772,452,3,36696,852
2020-07-14,Brazil,NA,Goias,6778772,1136,28,37832,880
2020-07-15,Brazil,NA,Goias,6778772,1063,47,38895,927
2020-07-16,Brazil,NA,Goias,6778772,1306,59,40201,986
2020-07-17,Brazil,NA,Goias,6778772,480,43,40681,1029
2020-07-18,Brazil,NA,Goias,6778772,114,50,40795,1079
2020-07-19,Brazil,NA,Goias,6778772,0,13,40769,1092
2020-07-20,Brazil,NA,Goias,6778772,3,14,40772,1106
2020-07-21,Brazil,NA,Goias,6778772,3022,48,43794,1154
2020-07-22,Brazil,NA,Goias,6778772,3490,39,47284,1193
2020-07-23,Brazil,NA,Goias,6778772,3174,69,50458,1262
2020-07-24,Brazil,NA,Goias,6778772,2389,70,52847,1332
2020-07-25,Brazil,NA,Goias,6778772,1954,46,54801,1378
2020-07-26,Brazil,NA,Goias,6778772,1113,14,55914,1392
2020-07-27,Brazil,NA,Goias,6778772,2071,8,57985,1400
2020-07-28,Brazil,NA,Goias,6778772,2652,73,60637,1473
2020-07-29,Brazil,NA,Goias,6778772,3021,81,63658,1554
2020-07-30,Brazil,NA,Goias,6778772,1611,10,65269,1564
2020-07-31,Brazil,NA,Goias,6778772,2672,92,67941,1656
2020-08-01,Brazil,NA,Goias,6778772,1546,30,69487,1686
2020-08-02,Brazil,NA,Goias,6778772,628,11,70115,1697
2020-08-03,Brazil,NA,Goias,6778772,137,19,70252,1716
2020-08-04,Brazil,NA,Goias,6778772,2979,75,73231,1791
2020-08-05,Brazil,NA,Goias,6778772,3374,39,76605,1830
2020-08-06,Brazil,NA,Goias,6778772,3292,58,79897,1888
2020-08-07,Brazil,NA,Goias,6778772,2910,58,82807,1946
2020-08-08,Brazil,NA,Goias,6778772,1724,62,84531,2008
2020-08-09,Brazil,NA,Goias,6778772,540,12,85071,2020
2020-08-10,Brazil,NA,Goias,6778772,1380,3,86451,2023
2020-08-11,Brazil,NA,Goias,6778772,3775,76,90226,2099
2020-08-12,Brazil,NA,Goias,6778772,3048,36,93274,2135
2020-08-13,Brazil,NA,Goias,6778772,3475,78,96749,2213
2020-08-14,Brazil,NA,Goias,6778772,2485,73,99234,2286
2020-08-15,Brazil,NA,Goias,6778772,1704,0,100938,2286
2020-08-16,Brazil,NA,Goias,6778772,654,36,101592,2322
2020-08-17,Brazil,NA,Goias,6778772,1073,14,102665,2336
2020-08-18,Brazil,NA,Goias,6778772,3297,78,105962,2414
2020-08-19,Brazil,NA,Goias,6778772,3291,61,109253,2475
2020-08-20,Brazil,NA,Goias,6778772,2583,83,111836,2558
2020-08-21,Brazil,NA,Goias,6778772,1215,89,113051,2647
2020-08-22,Brazil,NA,Goias,6778772,2479,66,115530,2713
2020-08-23,Brazil,NA,Goias,6778772,1134,30,116664,2743
2020-08-24,Brazil,NA,Goias,6778772,1905,15,118569,2758
2020-08-25,Brazil,NA,Goias,6778772,3561,81,122130,2839
2020-08-26,Brazil,NA,Goias,6778772,2463,49,124593,2888
2020-08-27,Brazil,NA,Goias,6778772,2768,74,127361,2962
2020-08-28,Brazil,NA,Goias,6778772,1604,41,128965,3003
2020-08-29,Brazil,NA,Goias,6778772,1351,57,130316,3060
2020-08-30,Brazil,NA,Goias,6778772,547,15,130863,3075
2020-08-31,Brazil,NA,Goias,6778772,1643,19,132506,3094
2020-04-06,Brazil,NA,Maranhao,7000229,37,0,133,2
2020-04-07,Brazil,NA,Maranhao,7000229,39,2,172,4
2020-04-08,Brazil,NA,Maranhao,7000229,58,7,230,11
2020-04-09,Brazil,NA,Maranhao,7000229,43,1,273,12
2020-04-10,Brazil,NA,Maranhao,7000229,20,4,293,16
2020-04-11,Brazil,NA,Maranhao,7000229,51,5,344,21
2020-04-12,Brazil,NA,Maranhao,7000229,54,3,398,24
2020-04-13,Brazil,NA,Maranhao,7000229,47,3,445,27
2020-04-14,Brazil,NA,Maranhao,7000229,33,5,478,32
2020-04-15,Brazil,NA,Maranhao,7000229,152,2,630,34
2020-04-16,Brazil,NA,Maranhao,7000229,65,3,695,37
2020-04-17,Brazil,NA,Maranhao,7000229,102,3,797,40
2020-04-18,Brazil,NA,Maranhao,7000229,243,4,1040,44
2020-04-19,Brazil,NA,Maranhao,7000229,165,4,1205,48
2020-04-20,Brazil,NA,Maranhao,7000229,115,6,1320,54
2020-04-21,Brazil,NA,Maranhao,7000229,76,6,1396,60
2020-04-22,Brazil,NA,Maranhao,7000229,208,6,1604,66
2020-04-23,Brazil,NA,Maranhao,7000229,153,10,1757,76
2020-04-24,Brazil,NA,Maranhao,7000229,194,12,1951,88
2020-04-25,Brazil,NA,Maranhao,7000229,154,12,2105,100
2020-04-26,Brazil,NA,Maranhao,7000229,118,12,2223,112
2020-04-27,Brazil,NA,Maranhao,7000229,187,13,2410,125
2020-04-28,Brazil,NA,Maranhao,7000229,118,20,2528,145
2020-04-29,Brazil,NA,Maranhao,7000229,276,21,2804,166
2020-04-30,Brazil,NA,Maranhao,7000229,386,18,3190,184
2020-05-01,Brazil,NA,Maranhao,7000229,316,20,3506,204
2020-05-02,Brazil,NA,Maranhao,7000229,299,20,3805,224
2020-05-03,Brazil,NA,Maranhao,7000229,235,13,4040,237
2020-05-04,Brazil,NA,Maranhao,7000229,187,12,4227,249
2020-05-05,Brazil,NA,Maranhao,7000229,303,22,4530,271
2020-05-06,Brazil,NA,Maranhao,7000229,498,20,5028,291
2020-05-07,Brazil,NA,Maranhao,7000229,361,14,5389,305
2020-05-08,Brazil,NA,Maranhao,7000229,520,25,5909,330
2020-05-09,Brazil,NA,Maranhao,7000229,856,25,6765,355
2020-05-10,Brazil,NA,Maranhao,7000229,834,24,7599,379
2020-05-11,Brazil,NA,Maranhao,7000229,545,20,8144,399
2020-05-12,Brazil,NA,Maranhao,7000229,382,24,8526,423
2020-05-13,Brazil,NA,Maranhao,7000229,586,21,9112,444
2020-05-14,Brazil,NA,Maranhao,7000229,689,26,9801,470
2020-05-15,Brazil,NA,Maranhao,7000229,938,26,10739,496
2020-05-16,Brazil,NA,Maranhao,7000229,853,28,11592,524
2020-05-17,Brazil,NA,Maranhao,7000229,900,25,12492,549
2020-05-18,Brazil,NA,Maranhao,7000229,746,27,13238,576
2020-05-19,Brazil,NA,Maranhao,7000229,960,28,14198,604
2020-05-20,Brazil,NA,Maranhao,7000229,916,30,15114,634
2020-05-21,Brazil,NA,Maranhao,7000229,944,29,16058,663
2020-05-22,Brazil,NA,Maranhao,7000229,1154,30,17212,693
2020-05-23,Brazil,NA,Maranhao,7000229,1555,29,18767,722
2020-05-24,Brazil,NA,Maranhao,7000229,2424,32,21191,754
2020-05-25,Brazil,NA,Maranhao,7000229,1595,30,22786,784
2020-05-26,Brazil,NA,Maranhao,7000229,1492,33,24278,817
2020-05-27,Brazil,NA,Maranhao,7000229,1867,36,26145,853
2020-05-28,Brazil,NA,Maranhao,7000229,1834,34,27979,887
2020-05-29,Brazil,NA,Maranhao,7000229,2503,24,30482,911
2020-05-30,Brazil,NA,Maranhao,7000229,2138,21,32620,932
2020-05-31,Brazil,NA,Maranhao,7000229,2019,23,34639,955
2020-06-01,Brazil,NA,Maranhao,7000229,658,21,35297,976
2020-06-02,Brazil,NA,Maranhao,7000229,1328,21,36625,997
2020-06-03,Brazil,NA,Maranhao,7000229,1549,31,38174,1028
2020-06-04,Brazil,NA,Maranhao,7000229,2455,34,40629,1062
2020-06-05,Brazil,NA,Maranhao,7000229,2684,33,43313,1095
2020-06-06,Brazil,NA,Maranhao,7000229,2157,37,45470,1132
2020-06-07,Brazil,NA,Maranhao,7000229,2123,38,47593,1170
2020-06-08,Brazil,NA,Maranhao,7000229,1778,77,49371,1247
2020-06-09,Brazil,NA,Maranhao,7000229,2698,38,52069,1285
2020-06-10,Brazil,NA,Maranhao,7000229,1439,37,53508,1322
2020-06-11,Brazil,NA,Maranhao,7000229,2172,38,55680,1360
2020-06-12,Brazil,NA,Maranhao,7000229,1925,39,57605,1399
2020-06-13,Brazil,NA,Maranhao,7000229,1254,37,58859,1436
2020-06-14,Brazil,NA,Maranhao,7000229,991,31,59850,1467
2020-06-15,Brazil,NA,Maranhao,7000229,742,32,60592,1499
2020-06-16,Brazil,NA,Maranhao,7000229,2119,38,62711,1537
2020-06-17,Brazil,NA,Maranhao,7000229,2024,33,64735,1570
2020-06-18,Brazil,NA,Maranhao,7000229,1356,37,66091,1607
2020-06-19,Brazil,NA,Maranhao,7000229,2409,38,68500,1645
2020-06-20,Brazil,NA,Maranhao,7000229,1173,39,69673,1684
2020-06-21,Brazil,NA,Maranhao,7000229,386,37,70059,1721
2020-06-22,Brazil,NA,Maranhao,7000229,630,39,70689,1760
2020-06-23,Brazil,NA,Maranhao,7000229,1332,37,72021,1797
2020-06-24,Brazil,NA,Maranhao,7000229,1293,39,73314,1836
2020-06-25,Brazil,NA,Maranhao,7000229,1611,35,74925,1871
2020-06-26,Brazil,NA,Maranhao,7000229,1773,35,76698,1906
2020-06-27,Brazil,NA,Maranhao,7000229,1417,37,78115,1943
2020-06-28,Brazil,NA,Maranhao,7000229,397,39,78512,1982
2020-06-29,Brazil,NA,Maranhao,7000229,457,30,78969,2012
2020-06-30,Brazil,NA,Maranhao,7000229,1482,36,80451,2048
2020-07-01,Brazil,NA,Maranhao,7000229,2805,33,83256,2081
2020-07-02,Brazil,NA,Maranhao,7000229,2769,38,86025,2119
2020-07-03,Brazil,NA,Maranhao,7000229,2189,34,88214,2153
2020-07-04,Brazil,NA,Maranhao,7000229,843,32,89057,2185
2020-07-05,Brazil,NA,Maranhao,7000229,657,34,89714,2219
2020-07-06,Brazil,NA,Maranhao,7000229,537,31,90251,2250
2020-07-07,Brazil,NA,Maranhao,7000229,1837,36,92088,2286
2020-07-08,Brazil,NA,Maranhao,7000229,851,38,92939,2324
2020-07-09,Brazil,NA,Maranhao,7000229,2384,33,95323,2357
2020-07-10,Brazil,NA,Maranhao,7000229,1395,35,96718,2392
2020-07-11,Brazil,NA,Maranhao,7000229,1680,34,98398,2426
2020-07-12,Brazil,NA,Maranhao,7000229,554,37,98952,2463
2020-07-13,Brazil,NA,Maranhao,7000229,878,38,99830,2501
2020-07-14,Brazil,NA,Maranhao,7000229,1637,35,101467,2536
2020-07-15,Brazil,NA,Maranhao,7000229,1002,36,102469,2572
2020-07-16,Brazil,NA,Maranhao,7000229,1657,36,104126,2608
2020-07-17,Brazil,NA,Maranhao,7000229,1057,32,105183,2640
2020-07-18,Brazil,NA,Maranhao,7000229,909,36,106092,2676
2020-07-19,Brazil,NA,Maranhao,7000229,233,32,106325,2708
2020-07-20,Brazil,NA,Maranhao,7000229,581,32,106906,2740
2020-07-21,Brazil,NA,Maranhao,7000229,1248,38,108154,2778
2020-07-22,Brazil,NA,Maranhao,7000229,1577,32,109731,2810
2020-07-23,Brazil,NA,Maranhao,7000229,1757,30,111488,2840
2020-07-24,Brazil,NA,Maranhao,7000229,1195,31,112683,2871
2020-07-25,Brazil,NA,Maranhao,7000229,880,27,113563,2898
2020-07-26,Brazil,NA,Maranhao,7000229,328,25,113891,2923
2020-07-27,Brazil,NA,Maranhao,7000229,694,20,114585,2943
2020-07-28,Brazil,NA,Maranhao,7000229,1403,16,115988,2959
2020-07-29,Brazil,NA,Maranhao,7000229,1706,19,117694,2978
2020-07-30,Brazil,NA,Maranhao,7000229,1568,18,119262,2996
2020-07-31,Brazil,NA,Maranhao,7000229,1399,17,120661,3013
2020-08-01,Brazil,NA,Maranhao,7000229,920,19,121581,3032
2020-08-02,Brazil,NA,Maranhao,7000229,372,18,121953,3050
2020-08-03,Brazil,NA,Maranhao,7000229,529,19,122482,3069
2020-08-04,Brazil,NA,Maranhao,7000229,1405,16,123887,3085
2020-08-05,Brazil,NA,Maranhao,7000229,1572,18,125459,3103
2020-08-06,Brazil,NA,Maranhao,7000229,1606,17,127065,3120
2020-08-07,Brazil,NA,Maranhao,7000229,1781,18,128846,3138
2020-08-08,Brazil,NA,Maranhao,7000229,854,16,129700,3154
2020-08-09,Brazil,NA,Maranhao,7000229,436,15,130136,3169
2020-08-10,Brazil,NA,Maranhao,7000229,430,18,130566,3187
2020-08-11,Brazil,NA,Maranhao,7000229,1494,17,132060,3204
2020-08-12,Brazil,NA,Maranhao,7000229,1205,11,133265,3215
2020-08-13,Brazil,NA,Maranhao,7000229,928,13,134193,3228
2020-08-14,Brazil,NA,Maranhao,7000229,1131,12,135324,3240
2020-08-15,Brazil,NA,Maranhao,7000229,956,13,136280,3253
2020-08-16,Brazil,NA,Maranhao,7000229,573,11,136853,3264
2020-08-17,Brazil,NA,Maranhao,7000229,555,13,137408,3277
2020-08-18,Brazil,NA,Maranhao,7000229,1777,12,139185,3289
2020-08-19,Brazil,NA,Maranhao,7000229,1386,13,140571,3302
2020-08-20,Brazil,NA,Maranhao,7000229,1289,13,141860,3315
2020-08-21,Brazil,NA,Maranhao,7000229,1243,13,143103,3328
2020-08-22,Brazil,NA,Maranhao,7000229,770,12,143873,3340
2020-08-23,Brazil,NA,Maranhao,7000229,527,12,144400,3352
2020-08-24,Brazil,NA,Maranhao,7000229,495,13,144895,3365
2020-08-25,Brazil,NA,Maranhao,7000229,1026,12,145921,3377
2020-08-26,Brazil,NA,Maranhao,7000229,1755,13,147676,3390
2020-08-27,Brazil,NA,Maranhao,7000229,1247,12,148923,3402
2020-08-28,Brazil,NA,Maranhao,7000229,1221,10,150144,3412
2020-08-29,Brazil,NA,Maranhao,7000229,751,12,150895,3424
2020-08-30,Brazil,NA,Maranhao,7000229,317,12,151212,3436
2020-08-31,Brazil,NA,Maranhao,7000229,403,10,151615,3446
2020-04-09,Brazil,NA,MatoGrosso,3344544,18,1,108,2
2020-04-10,Brazil,NA,MatoGrosso,3344544,4,0,112,2
2020-04-11,Brazil,NA,MatoGrosso,3344544,9,1,121,3
2020-04-12,Brazil,NA,MatoGrosso,3344544,2,0,123,3
2020-04-13,Brazil,NA,MatoGrosso,3344544,11,1,134,4
2020-04-14,Brazil,NA,MatoGrosso,3344544,4,0,138,4
2020-04-15,Brazil,NA,MatoGrosso,3344544,13,0,151,4
2020-04-16,Brazil,NA,MatoGrosso,3344544,5,1,156,5
2020-04-17,Brazil,NA,MatoGrosso,3344544,6,0,162,5
2020-04-18,Brazil,NA,MatoGrosso,3344544,9,0,171,5
2020-04-19,Brazil,NA,MatoGrosso,3344544,3,0,174,5
2020-04-20,Brazil,NA,MatoGrosso,3344544,7,1,181,6
2020-04-21,Brazil,NA,MatoGrosso,3344544,0,0,181,6
2020-04-22,Brazil,NA,MatoGrosso,3344544,2,0,183,6
2020-04-23,Brazil,NA,MatoGrosso,3344544,38,1,221,7
2020-04-24,Brazil,NA,MatoGrosso,3344544,19,1,240,8
2020-04-25,Brazil,NA,MatoGrosso,3344544,7,1,247,9
2020-04-26,Brazil,NA,MatoGrosso,3344544,3,0,250,9
2020-04-27,Brazil,NA,MatoGrosso,3344544,7,1,257,10
2020-04-28,Brazil,NA,MatoGrosso,3344544,4,1,261,11
2020-04-29,Brazil,NA,MatoGrosso,3344544,31,0,292,11
2020-04-30,Brazil,NA,MatoGrosso,3344544,5,0,297,11
2020-05-01,Brazil,NA,MatoGrosso,3344544,23,0,320,11
2020-05-02,Brazil,NA,MatoGrosso,3344544,11,1,331,12
2020-05-03,Brazil,NA,MatoGrosso,3344544,6,0,337,12
2020-05-04,Brazil,NA,MatoGrosso,3344544,7,1,344,13
2020-05-05,Brazil,NA,MatoGrosso,3344544,21,0,365,13
2020-05-06,Brazil,NA,MatoGrosso,3344544,14,0,379,13
2020-05-07,Brazil,NA,MatoGrosso,3344544,38,0,417,13
2020-05-08,Brazil,NA,MatoGrosso,3344544,40,1,457,14
2020-05-09,Brazil,NA,MatoGrosso,3344544,45,2,502,16
2020-05-10,Brazil,NA,MatoGrosso,3344544,17,2,519,18
2020-05-11,Brazil,NA,MatoGrosso,3344544,22,1,541,19
2020-05-12,Brazil,NA,MatoGrosso,3344544,50,0,591,19
2020-05-13,Brazil,NA,MatoGrosso,3344544,70,1,661,20
2020-05-14,Brazil,NA,MatoGrosso,3344544,58,3,719,23
2020-05-15,Brazil,NA,MatoGrosso,3344544,60,3,779,26
2020-05-16,Brazil,NA,MatoGrosso,3344544,72,1,851,27
2020-05-17,Brazil,NA,MatoGrosso,3344544,50,0,901,27
2020-05-18,Brazil,NA,MatoGrosso,3344544,36,2,937,29
2020-05-19,Brazil,NA,MatoGrosso,3344544,58,3,995,32
2020-05-20,Brazil,NA,MatoGrosso,3344544,59,0,1054,32
2020-05-21,Brazil,NA,MatoGrosso,3344544,118,2,1172,34
2020-05-22,Brazil,NA,MatoGrosso,3344544,48,3,1220,37
2020-05-23,Brazil,NA,MatoGrosso,3344544,132,0,1352,37
2020-05-24,Brazil,NA,MatoGrosso,3344544,110,3,1462,40
2020-05-25,Brazil,NA,MatoGrosso,3344544,38,1,1500,41
2020-05-26,Brazil,NA,MatoGrosso,3344544,128,2,1628,43
2020-05-27,Brazil,NA,MatoGrosso,3344544,211,3,1839,46
2020-05-28,Brazil,NA,MatoGrosso,3344544,112,5,1951,51
2020-05-29,Brazil,NA,MatoGrosso,3344544,152,5,2103,56
2020-05-30,Brazil,NA,MatoGrosso,3344544,258,1,2361,57
2020-05-31,Brazil,NA,MatoGrosso,3344544,68,4,2429,61
2020-06-01,Brazil,NA,MatoGrosso,3344544,112,5,2541,66
2020-06-02,Brazil,NA,MatoGrosso,3344544,168,4,2709,70
2020-06-03,Brazil,NA,MatoGrosso,3344544,139,6,2848,76
2020-06-04,Brazil,NA,MatoGrosso,3344544,346,6,3194,82
2020-06-05,Brazil,NA,MatoGrosso,3344544,287,6,3481,88
2020-06-06,Brazil,NA,MatoGrosso,3344544,181,8,3662,96
2020-06-07,Brazil,NA,MatoGrosso,3344544,216,13,3878,109
2020-06-08,Brazil,NA,MatoGrosso,3344544,222,7,4100,116
2020-06-09,Brazil,NA,MatoGrosso,3344544,239,19,4339,135
2020-06-10,Brazil,NA,MatoGrosso,3344544,263,11,4602,146
2020-06-11,Brazil,NA,MatoGrosso,3344544,490,14,5092,160
2020-06-12,Brazil,NA,MatoGrosso,3344544,271,15,5363,175
2020-06-13,Brazil,NA,MatoGrosso,3344544,161,17,5524,192
2020-06-14,Brazil,NA,MatoGrosso,3344544,337,17,5861,209
2020-06-15,Brazil,NA,MatoGrosso,3344544,324,7,6185,216
2020-06-16,Brazil,NA,MatoGrosso,3344544,203,10,6388,226
2020-06-17,Brazil,NA,MatoGrosso,3344544,736,40,7124,266
2020-06-18,Brazil,NA,MatoGrosso,3344544,388,15,7512,281
2020-06-19,Brazil,NA,MatoGrosso,3344544,841,28,8353,309
2020-06-20,Brazil,NA,MatoGrosso,3344544,609,26,8962,335
2020-06-21,Brazil,NA,MatoGrosso,3344544,508,25,9470,360
2020-06-22,Brazil,NA,MatoGrosso,3344544,551,24,10021,384
2020-06-23,Brazil,NA,MatoGrosso,3344544,638,17,10659,401
2020-06-24,Brazil,NA,MatoGrosso,3344544,784,42,11443,443
2020-06-25,Brazil,NA,MatoGrosso,3344544,714,19,12157,462
2020-06-26,Brazil,NA,MatoGrosso,3344544,869,18,13026,480
2020-06-27,Brazil,NA,MatoGrosso,3344544,779,47,13805,527
2020-06-28,Brazil,NA,MatoGrosso,3344544,882,36,14687,563
2020-06-29,Brazil,NA,MatoGrosso,3344544,399,19,15086,582
2020-06-30,Brazil,NA,MatoGrosso,3344544,550,11,15636,593
2020-07-01,Brazil,NA,MatoGrosso,3344544,985,41,16621,634
2020-07-02,Brazil,NA,MatoGrosso,3344544,1106,40,17727,674
2020-07-03,Brazil,NA,MatoGrosso,3344544,1127,35,18854,709
2020-07-04,Brazil,NA,MatoGrosso,3344544,1244,46,20098,755
2020-07-05,Brazil,NA,MatoGrosso,3344544,793,52,20891,807
2020-07-06,Brazil,NA,MatoGrosso,3344544,605,19,21496,826
2020-07-07,Brazil,NA,MatoGrosso,3344544,910,20,22406,846
2020-07-08,Brazil,NA,MatoGrosso,3344544,1429,36,23835,882
2020-07-09,Brazil,NA,MatoGrosso,3344544,1429,46,25264,928
2020-07-10,Brazil,NA,MatoGrosso,3344544,1132,58,26396,986
2020-07-11,Brazil,NA,MatoGrosso,3344544,1240,43,27636,1029
2020-07-12,Brazil,NA,MatoGrosso,3344544,775,18,28411,1047
2020-07-13,Brazil,NA,MatoGrosso,3344544,381,38,28792,1085
2020-07-14,Brazil,NA,MatoGrosso,3344544,487,20,29279,1105
2020-07-15,Brazil,NA,MatoGrosso,3344544,1040,69,30319,1174
2020-07-16,Brazil,NA,MatoGrosso,3344544,792,33,31111,1207
2020-07-17,Brazil,NA,MatoGrosso,3344544,1860,61,32971,1268
2020-07-18,Brazil,NA,MatoGrosso,3344544,0,37,32707,1305
2020-07-19,Brazil,NA,MatoGrosso,3344544,1429,27,34136,1332
2020-07-20,Brazil,NA,MatoGrosso,3344544,1503,52,35639,1384
2020-07-21,Brazil,NA,MatoGrosso,3344544,1438,16,37077,1400
2020-07-22,Brazil,NA,MatoGrosso,3344544,1695,53,38772,1453
2020-07-23,Brazil,NA,MatoGrosso,3344544,1983,38,40755,1491
2020-07-24,Brazil,NA,MatoGrosso,3344544,1451,10,42206,1501
2020-07-25,Brazil,NA,MatoGrosso,3344544,729,65,42935,1566
2020-07-26,Brazil,NA,MatoGrosso,3344544,396,14,43331,1580
2020-07-27,Brazil,NA,MatoGrosso,3344544,1507,45,44838,1625
2020-07-28,Brazil,NA,MatoGrosso,3344544,1707,44,46545,1669
2020-07-29,Brazil,NA,MatoGrosso,3344544,1772,33,48317,1702
2020-07-30,Brazil,NA,MatoGrosso,3344544,2130,61,50447,1763
2020-07-31,Brazil,NA,MatoGrosso,3344544,1418,56,51865,1819
2020-08-01,Brazil,NA,MatoGrosso,3344544,925,30,52790,1849
2020-08-02,Brazil,NA,MatoGrosso,3344544,573,37,53363,1886
2020-08-03,Brazil,NA,MatoGrosso,3344544,1348,21,54711,1907
2020-08-04,Brazil,NA,MatoGrosso,3344544,1458,14,56169,1921
2020-08-05,Brazil,NA,MatoGrosso,3344544,2337,24,58506,1945
2020-08-06,Brazil,NA,MatoGrosso,3344544,1335,29,59841,1974
2020-08-07,Brazil,NA,MatoGrosso,3344544,2944,63,62785,2037
2020-08-08,Brazil,NA,MatoGrosso,3344544,41,24,62826,2061
2020-08-09,Brazil,NA,MatoGrosso,3344544,590,29,63416,2090
2020-08-10,Brazil,NA,MatoGrosso,3344544,1782,32,65198,2122
2020-08-11,Brazil,NA,MatoGrosso,3344544,1863,67,67061,2189
2020-08-12,Brazil,NA,MatoGrosso,3344544,1863,32,68924,2221
2020-08-13,Brazil,NA,MatoGrosso,3344544,1734,24,70658,2245
2020-08-14,Brazil,NA,MatoGrosso,3344544,1611,40,72269,2285
2020-08-15,Brazil,NA,MatoGrosso,3344544,492,34,72761,2319
2020-08-16,Brazil,NA,MatoGrosso,3344544,508,21,73269,2340
2020-08-17,Brazil,NA,MatoGrosso,3344544,1240,28,74509,2368
2020-08-18,Brazil,NA,MatoGrosso,3344544,1368,16,75877,2384
2020-08-19,Brazil,NA,MatoGrosso,3344544,1399,37,77276,2421
2020-08-20,Brazil,NA,MatoGrosso,3344544,1457,36,78733,2457
2020-08-21,Brazil,NA,MatoGrosso,3344544,1401,35,80134,2492
2020-08-22,Brazil,NA,MatoGrosso,3344544,804,18,80938,2510
2020-08-23,Brazil,NA,MatoGrosso,3344544,315,15,81253,2525
2020-08-24,Brazil,NA,MatoGrosso,3344544,1279,26,82532,2551
2020-08-25,Brazil,NA,MatoGrosso,3344544,1745,40,84277,2591
2020-08-26,Brazil,NA,MatoGrosso,3344544,1432,20,85709,2611
2020-08-27,Brazil,NA,MatoGrosso,3344544,1775,38,87484,2649
2020-08-28,Brazil,NA,MatoGrosso,3344544,1656,28,89140,2677
2020-08-29,Brazil,NA,MatoGrosso,3344544,822,29,89962,2706
2020-08-30,Brazil,NA,MatoGrosso,3344544,375,19,90337,2725
2020-08-31,Brazil,NA,MatoGrosso,3344544,1009,26,91346,2751
2020-04-12,Brazil,NA,MatoGrosso do Sul,2713147,1,0,101,2
2020-04-13,Brazil,NA,MatoGrosso do Sul,2713147,12,2,113,4
2020-04-14,Brazil,NA,MatoGrosso do Sul,2713147,2,0,115,4
2020-04-15,Brazil,NA,MatoGrosso do Sul,2713147,6,0,121,4
2020-04-16,Brazil,NA,MatoGrosso do Sul,2713147,10,1,131,5
2020-04-17,Brazil,NA,MatoGrosso do Sul,2713147,12,0,143,5
2020-04-18,Brazil,NA,MatoGrosso do Sul,2713147,18,0,161,5
2020-04-19,Brazil,NA,MatoGrosso do Sul,2713147,7,0,168,5
2020-04-20,Brazil,NA,MatoGrosso do Sul,2713147,3,0,171,5
2020-04-21,Brazil,NA,MatoGrosso do Sul,2713147,2,1,173,6
2020-04-22,Brazil,NA,MatoGrosso do Sul,2713147,2,0,175,6
2020-04-23,Brazil,NA,MatoGrosso do Sul,2713147,11,1,186,7
2020-04-24,Brazil,NA,MatoGrosso do Sul,2713147,27,0,213,7
2020-04-25,Brazil,NA,MatoGrosso do Sul,2713147,4,0,217,7
2020-04-26,Brazil,NA,MatoGrosso do Sul,2713147,17,0,234,7
2020-04-27,Brazil,NA,MatoGrosso do Sul,2713147,4,2,238,9
2020-04-28,Brazil,NA,MatoGrosso do Sul,2713147,2,0,240,9
2020-04-29,Brazil,NA,MatoGrosso do Sul,2713147,9,0,249,9
2020-04-30,Brazil,NA,MatoGrosso do Sul,2713147,6,0,255,9
2020-05-01,Brazil,NA,MatoGrosso do Sul,2713147,6,0,261,9
2020-05-02,Brazil,NA,MatoGrosso do Sul,2713147,5,0,266,9
2020-05-03,Brazil,NA,MatoGrosso do Sul,2713147,6,1,272,10
2020-05-04,Brazil,NA,MatoGrosso do Sul,2713147,2,0,274,10
2020-05-05,Brazil,NA,MatoGrosso do Sul,2713147,9,0,283,10
2020-05-06,Brazil,NA,MatoGrosso do Sul,2713147,5,0,288,10
2020-05-07,Brazil,NA,MatoGrosso do Sul,2713147,23,0,311,10
2020-05-08,Brazil,NA,MatoGrosso do Sul,2713147,15,1,326,11
2020-05-09,Brazil,NA,MatoGrosso do Sul,2713147,20,0,346,11
2020-05-10,Brazil,NA,MatoGrosso do Sul,2713147,16,0,362,11
2020-05-11,Brazil,NA,MatoGrosso do Sul,2713147,23,0,385,11
2020-05-12,Brazil,NA,MatoGrosso do Sul,2713147,20,1,405,12
2020-05-13,Brazil,NA,MatoGrosso do Sul,2713147,25,1,430,13
2020-05-14,Brazil,NA,MatoGrosso do Sul,2713147,22,1,452,14
2020-05-15,Brazil,NA,MatoGrosso do Sul,2713147,27,0,479,14
2020-05-16,Brazil,NA,MatoGrosso do Sul,2713147,29,1,508,15
2020-05-17,Brazil,NA,MatoGrosso do Sul,2713147,62,0,570,15
2020-05-18,Brazil,NA,MatoGrosso do Sul,2713147,43,1,613,16
2020-05-19,Brazil,NA,MatoGrosso do Sul,2713147,29,0,642,16
2020-05-20,Brazil,NA,MatoGrosso do Sul,2713147,51,1,693,17
2020-05-21,Brazil,NA,MatoGrosso do Sul,2713147,53,0,746,17
2020-05-22,Brazil,NA,MatoGrosso do Sul,2713147,59,0,805,17
2020-05-23,Brazil,NA,MatoGrosso do Sul,2713147,53,0,858,17
2020-05-24,Brazil,NA,MatoGrosso do Sul,2713147,66,0,924,17
2020-05-25,Brazil,NA,MatoGrosso do Sul,2713147,99,0,1023,17
2020-05-26,Brazil,NA,MatoGrosso do Sul,2713147,77,0,1100,17
2020-05-27,Brazil,NA,MatoGrosso do Sul,2713147,86,1,1186,18
2020-05-28,Brazil,NA,MatoGrosso do Sul,2713147,76,0,1262,18
2020-05-29,Brazil,NA,MatoGrosso do Sul,2713147,94,0,1356,18
2020-05-30,Brazil,NA,MatoGrosso do Sul,2713147,62,1,1418,19
2020-05-31,Brazil,NA,MatoGrosso do Sul,2713147,71,1,1489,20
2020-06-01,Brazil,NA,MatoGrosso do Sul,2713147,79,0,1568,20
2020-06-02,Brazil,NA,MatoGrosso do Sul,2713147,78,0,1646,20
2020-06-03,Brazil,NA,MatoGrosso do Sul,2713147,156,0,1802,20
2020-06-04,Brazil,NA,MatoGrosso do Sul,2713147,123,0,1925,20
2020-06-05,Brazil,NA,MatoGrosso do Sul,2713147,72,1,1997,21
2020-06-06,Brazil,NA,MatoGrosso do Sul,2713147,135,0,2132,21
2020-06-07,Brazil,NA,MatoGrosso do Sul,2713147,121,0,2253,21
2020-06-08,Brazil,NA,MatoGrosso do Sul,2713147,71,1,2324,22
2020-06-09,Brazil,NA,MatoGrosso do Sul,2713147,131,0,2455,22
2020-06-10,Brazil,NA,MatoGrosso do Sul,2713147,142,2,2597,24
2020-06-11,Brazil,NA,MatoGrosso do Sul,2713147,256,1,2853,25
2020-06-12,Brazil,NA,MatoGrosso do Sul,2713147,148,3,3001,28
2020-06-13,Brazil,NA,MatoGrosso do Sul,2713147,234,0,3235,28
2020-06-14,Brazil,NA,MatoGrosso do Sul,2713147,198,3,3433,31
2020-06-15,Brazil,NA,MatoGrosso do Sul,2713147,118,2,3551,33
2020-06-16,Brazil,NA,MatoGrosso do Sul,2713147,234,3,3785,36
2020-06-17,Brazil,NA,MatoGrosso do Sul,2713147,379,0,4164,36
2020-06-18,Brazil,NA,MatoGrosso do Sul,2713147,110,3,4274,39
2020-06-19,Brazil,NA,MatoGrosso do Sul,2713147,392,1,4666,40
2020-06-20,Brazil,NA,MatoGrosso do Sul,2713147,324,3,4990,43
2020-06-21,Brazil,NA,MatoGrosso do Sul,2713147,247,2,5237,45
2020-06-22,Brazil,NA,MatoGrosso do Sul,2713147,154,2,5391,47
2020-06-23,Brazil,NA,MatoGrosso do Sul,2713147,393,8,5784,55
2020-06-24,Brazil,NA,MatoGrosso do Sul,2713147,417,1,6201,56
2020-06-25,Brazil,NA,MatoGrosso do Sul,2713147,322,5,6523,61
2020-06-26,Brazil,NA,MatoGrosso do Sul,2713147,390,4,6913,65
2020-06-27,Brazil,NA,MatoGrosso do Sul,2713147,394,3,7307,68
2020-06-28,Brazil,NA,MatoGrosso do Sul,2713147,220,4,7527,72
2020-06-29,Brazil,NA,MatoGrosso do Sul,2713147,149,3,7676,75
2020-06-30,Brazil,NA,MatoGrosso do Sul,2713147,289,1,7965,76
2020-07-01,Brazil,NA,MatoGrosso do Sul,2713147,711,9,8676,85
2020-07-02,Brazil,NA,MatoGrosso do Sul,2713147,386,6,9062,91
2020-07-03,Brazil,NA,MatoGrosso do Sul,2713147,326,16,9388,107
2020-07-04,Brazil,NA,MatoGrosso do Sul,2713147,522,7,9910,114
2020-07-05,Brazil,NA,MatoGrosso do Sul,2713147,179,3,10089,117
2020-07-06,Brazil,NA,MatoGrosso do Sul,2713147,164,5,10253,122
2020-07-07,Brazil,NA,MatoGrosso do Sul,2713147,434,6,10687,128
2020-07-08,Brazil,NA,MatoGrosso do Sul,2713147,376,6,11063,134
2020-07-09,Brazil,NA,MatoGrosso do Sul,2713147,608,2,11671,136
2020-07-10,Brazil,NA,MatoGrosso do Sul,2713147,590,10,12261,146
2020-07-11,Brazil,NA,MatoGrosso do Sul,2713147,708,7,12969,153
2020-07-12,Brazil,NA,MatoGrosso do Sul,2713147,228,8,13197,161
2020-07-13,Brazil,NA,MatoGrosso do Sul,2713147,264,6,13461,167
2020-07-14,Brazil,NA,MatoGrosso do Sul,2713147,473,10,13934,177
2020-07-15,Brazil,NA,MatoGrosso do Sul,2713147,697,6,14631,183
2020-07-16,Brazil,NA,MatoGrosso do Sul,2713147,699,8,15330,191
2020-07-17,Brazil,NA,MatoGrosso do Sul,2713147,475,12,15805,203
2020-07-18,Brazil,NA,MatoGrosso do Sul,2713147,201,13,16006,216
2020-07-19,Brazil,NA,MatoGrosso do Sul,2713147,397,6,16403,222
2020-07-20,Brazil,NA,MatoGrosso do Sul,2713147,234,6,16637,228
2020-07-21,Brazil,NA,MatoGrosso do Sul,2713147,749,20,17386,248
2020-07-22,Brazil,NA,MatoGrosso do Sul,2713147,1503,9,18889,257
2020-07-23,Brazil,NA,MatoGrosso do Sul,2713147,782,9,19671,266
2020-07-24,Brazil,NA,MatoGrosso do Sul,2713147,632,15,20303,281
2020-07-25,Brazil,NA,MatoGrosso do Sul,2713147,712,11,21015,292
2020-07-26,Brazil,NA,MatoGrosso do Sul,2713147,499,13,21514,305
2020-07-27,Brazil,NA,MatoGrosso do Sul,2713147,288,14,21802,319
2020-07-28,Brazil,NA,MatoGrosso do Sul,2713147,641,9,22443,328
2020-07-29,Brazil,NA,MatoGrosso do Sul,2713147,968,14,23411,342
2020-07-30,Brazil,NA,MatoGrosso do Sul,2713147,876,15,24287,357
2020-07-31,Brazil,NA,MatoGrosso do Sul,2713147,649,19,24936,376
2020-08-01,Brazil,NA,MatoGrosso do Sul,2713147,803,13,25739,389
2020-08-02,Brazil,NA,MatoGrosso do Sul,2713147,264,15,26003,404
2020-08-03,Brazil,NA,MatoGrosso do Sul,2713147,642,17,26645,421
2020-08-04,Brazil,NA,MatoGrosso do Sul,2713147,1033,11,27678,432
2020-08-05,Brazil,NA,MatoGrosso do Sul,2713147,637,10,28315,442
2020-08-06,Brazil,NA,MatoGrosso do Sul,2713147,786,16,29101,458
2020-08-07,Brazil,NA,MatoGrosso do Sul,2713147,887,23,29988,481
2020-08-08,Brazil,NA,MatoGrosso do Sul,2713147,719,11,30707,492
2020-08-09,Brazil,NA,MatoGrosso do Sul,2713147,637,17,31344,509
2020-08-10,Brazil,NA,MatoGrosso do Sul,2713147,395,14,31739,523
2020-08-11,Brazil,NA,MatoGrosso do Sul,2713147,823,21,32562,544
2020-08-12,Brazil,NA,MatoGrosso do Sul,2713147,947,14,33509,558
2020-08-13,Brazil,NA,MatoGrosso do Sul,2713147,1050,12,34559,570
2020-08-14,Brazil,NA,MatoGrosso do Sul,2713147,875,21,35434,591
2020-08-15,Brazil,NA,MatoGrosso do Sul,2713147,1108,7,36542,598
2020-08-16,Brazil,NA,MatoGrosso do Sul,2713147,294,28,36836,626
2020-08-17,Brazil,NA,MatoGrosso do Sul,2713147,589,14,37425,640
2020-08-18,Brazil,NA,MatoGrosso do Sul,2713147,968,17,38393,657
2020-08-19,Brazil,NA,MatoGrosso do Sul,2713147,988,11,39381,668
2020-08-20,Brazil,NA,MatoGrosso do Sul,2713147,820,18,40201,686
2020-08-21,Brazil,NA,MatoGrosso do Sul,2713147,510,10,40711,696
2020-08-22,Brazil,NA,MatoGrosso do Sul,2713147,1177,26,41888,722
2020-08-23,Brazil,NA,MatoGrosso do Sul,2713147,610,16,42498,738
2020-08-24,Brazil,NA,MatoGrosso do Sul,2713147,567,11,43065,749
2020-08-25,Brazil,NA,MatoGrosso do Sul,2713147,1259,18,44324,767
2020-08-26,Brazil,NA,MatoGrosso do Sul,2713147,1035,16,45359,783
2020-08-27,Brazil,NA,MatoGrosso do Sul,2713147,902,17,46261,800
2020-08-28,Brazil,NA,MatoGrosso do Sul,2713147,891,23,47152,823
2020-08-29,Brazil,NA,MatoGrosso do Sul,2713147,871,17,48023,840
2020-08-30,Brazil,NA,MatoGrosso do Sul,2713147,499,11,48522,851
2020-08-31,Brazil,NA,MatoGrosso do Sul,2713147,415,11,48937,862
2020-03-23,Brazil,NA,Minas Gerais,21119536,45,0,128,0
2020-03-24,Brazil,NA,Minas Gerais,21119536,2,0,130,0
2020-03-25,Brazil,NA,Minas Gerais,21119536,3,0,133,0
2020-03-26,Brazil,NA,Minas Gerais,21119536,20,0,153,0
2020-03-27,Brazil,NA,Minas Gerais,21119536,36,0,189,0
2020-03-28,Brazil,NA,Minas Gerais,21119536,16,0,205,0
2020-03-29,Brazil,NA,Minas Gerais,21119536,26,0,231,0
2020-03-30,Brazil,NA,Minas Gerais,21119536,30,1,261,1
2020-03-31,Brazil,NA,Minas Gerais,21119536,14,1,275,2
2020-04-01,Brazil,NA,Minas Gerais,21119536,39,1,314,3
2020-04-02,Brazil,NA,Minas Gerais,21119536,56,1,370,4
2020-04-03,Brazil,NA,Minas Gerais,21119536,27,2,397,6
2020-04-04,Brazil,NA,Minas Gerais,21119536,33,0,430,6
2020-04-05,Brazil,NA,Minas Gerais,21119536,68,0,498,6
2020-04-06,Brazil,NA,Minas Gerais,21119536,27,3,525,9
2020-04-07,Brazil,NA,Minas Gerais,21119536,34,2,559,11
2020-04-08,Brazil,NA,Minas Gerais,21119536,55,3,614,14
2020-04-09,Brazil,NA,Minas Gerais,21119536,41,1,655,15
2020-04-10,Brazil,NA,Minas Gerais,21119536,43,2,698,17
2020-04-11,Brazil,NA,Minas Gerais,21119536,52,0,750,17
2020-04-12,Brazil,NA,Minas Gerais,21119536,56,3,806,20
2020-04-13,Brazil,NA,Minas Gerais,21119536,9,3,815,23
2020-04-14,Brazil,NA,Minas Gerais,21119536,69,4,884,27
2020-04-15,Brazil,NA,Minas Gerais,21119536,19,3,903,30
2020-04-16,Brazil,NA,Minas Gerais,21119536,55,3,958,33
2020-04-17,Brazil,NA,Minas Gerais,21119536,63,2,1021,35
2020-04-18,Brazil,NA,Minas Gerais,21119536,56,4,1077,39
2020-04-19,Brazil,NA,Minas Gerais,21119536,77,0,1154,39
2020-04-20,Brazil,NA,Minas Gerais,21119536,35,2,1189,41
2020-04-21,Brazil,NA,Minas Gerais,21119536,41,3,1230,44
2020-04-22,Brazil,NA,Minas Gerais,21119536,53,3,1283,47
2020-04-23,Brazil,NA,Minas Gerais,21119536,25,4,1308,51
2020-04-24,Brazil,NA,Minas Gerais,21119536,111,3,1419,54
2020-04-25,Brazil,NA,Minas Gerais,21119536,62,4,1481,58
2020-04-26,Brazil,NA,Minas Gerais,21119536,67,3,1548,61
2020-04-27,Brazil,NA,Minas Gerais,21119536,38,1,1586,62
2020-04-28,Brazil,NA,Minas Gerais,21119536,63,9,1649,71
2020-04-29,Brazil,NA,Minas Gerais,21119536,109,9,1758,80
2020-04-30,Brazil,NA,Minas Gerais,21119536,69,2,1827,82
2020-05-01,Brazil,NA,Minas Gerais,21119536,108,6,1935,88
2020-05-02,Brazil,NA,Minas Gerais,21119536,88,0,2023,88
2020-05-03,Brazil,NA,Minas Gerais,21119536,95,1,2118,89
2020-05-04,Brazil,NA,Minas Gerais,21119536,229,1,2347,90
2020-05-05,Brazil,NA,Minas Gerais,21119536,105,4,2452,94
2020-05-06,Brazil,NA,Minas Gerais,21119536,153,3,2605,97
2020-05-07,Brazil,NA,Minas Gerais,21119536,165,9,2770,106
2020-05-08,Brazil,NA,Minas Gerais,21119536,173,5,2943,111
2020-05-09,Brazil,NA,Minas Gerais,21119536,180,7,3123,118
2020-05-10,Brazil,NA,Minas Gerais,21119536,114,1,3237,119
2020-05-11,Brazil,NA,Minas Gerais,21119536,83,2,3320,121
2020-05-12,Brazil,NA,Minas Gerais,21119536,115,6,3435,127
2020-05-13,Brazil,NA,Minas Gerais,21119536,298,8,3733,135
2020-05-14,Brazil,NA,Minas Gerais,21119536,217,4,3950,139
2020-05-15,Brazil,NA,Minas Gerais,21119536,246,7,4196,146
2020-05-16,Brazil,NA,Minas Gerais,21119536,278,4,4474,150
2020-05-17,Brazil,NA,Minas Gerais,21119536,137,6,4611,156
2020-05-18,Brazil,NA,Minas Gerais,21119536,84,5,4695,161
2020-05-19,Brazil,NA,Minas Gerais,21119536,282,6,4977,167
2020-05-20,Brazil,NA,Minas Gerais,21119536,309,10,5286,177
2020-05-21,Brazil,NA,Minas Gerais,21119536,310,14,5596,191
2020-05-22,Brazil,NA,Minas Gerais,21119536,399,10,5995,201
2020-05-23,Brazil,NA,Minas Gerais,21119536,343,16,6338,217
2020-05-24,Brazil,NA,Minas Gerais,21119536,330,9,6668,226
2020-05-25,Brazil,NA,Minas Gerais,21119536,294,4,6962,230
2020-05-26,Brazil,NA,Minas Gerais,21119536,554,4,7516,234
2020-05-27,Brazil,NA,Minas Gerais,21119536,495,6,8011,240
2020-05-28,Brazil,NA,Minas Gerais,21119536,675,15,8686,255
2020-05-29,Brazil,NA,Minas Gerais,21119536,546,2,9232,257
2020-05-30,Brazil,NA,Minas Gerais,21119536,398,6,9630,263
2020-05-31,Brazil,NA,Minas Gerais,21119536,834,8,10464,271
2020-06-01,Brazil,NA,Minas Gerais,21119536,206,7,10670,278
2020-06-02,Brazil,NA,Minas Gerais,21119536,269,11,10939,289
2020-06-03,Brazil,NA,Minas Gerais,21119536,1071,17,12010,306
2020-06-04,Brazil,NA,Minas Gerais,21119536,1024,17,13034,323
2020-06-05,Brazil,NA,Minas Gerais,21119536,961,21,13995,344
2020-06-06,Brazil,NA,Minas Gerais,21119536,944,24,14939,368
2020-06-07,Brazil,NA,Minas Gerais,21119536,764,8,15703,376
2020-06-08,Brazil,NA,Minas Gerais,21119536,180,4,15883,380
2020-06-09,Brazil,NA,Minas Gerais,21119536,219,19,16102,399
2020-06-10,Brazil,NA,Minas Gerais,21119536,1399,10,17501,409
2020-06-11,Brazil,NA,Minas Gerais,21119536,947,22,18448,431
2020-06-12,Brazil,NA,Minas Gerais,21119536,1658,15,20106,446
2020-06-13,Brazil,NA,Minas Gerais,21119536,508,8,20614,454
2020-06-14,Brazil,NA,Minas Gerais,21119536,767,21,21381,475
2020-06-15,Brazil,NA,Minas Gerais,21119536,347,6,21728,481
2020-06-16,Brazil,NA,Minas Gerais,21119536,296,21,22024,502
2020-06-17,Brazil,NA,Minas Gerais,21119536,1323,35,23347,537
2020-06-18,Brazil,NA,Minas Gerais,21119536,1559,33,24906,570
2020-06-19,Brazil,NA,Minas Gerais,21119536,1146,30,26052,600
2020-06-20,Brazil,NA,Minas Gerais,21119536,1253,36,27305,636
2020-06-21,Brazil,NA,Minas Gerais,21119536,336,25,27641,661
2020-06-22,Brazil,NA,Minas Gerais,21119536,1277,27,28918,688
2020-06-23,Brazil,NA,Minas Gerais,21119536,979,32,29897,720
2020-06-24,Brazil,NA,Minas Gerais,21119536,1446,51,31343,771
2020-06-25,Brazil,NA,Minas Gerais,21119536,1426,35,32769,806
2020-06-26,Brazil,NA,Minas Gerais,21119536,6122,27,38891,833
2020-06-27,Brazil,NA,Minas Gerais,21119536,2075,49,40966,882
2020-06-28,Brazil,NA,Minas Gerais,21119536,1775,17,42741,899
2020-06-29,Brazil,NA,Minas Gerais,21119536,1123,41,43864,940
2020-06-30,Brazil,NA,Minas Gerais,21119536,1137,25,45001,965
2020-07-01,Brazil,NA,Minas Gerais,21119536,2583,42,47584,1007
2020-07-02,Brazil,NA,Minas Gerais,21119536,3123,52,50707,1059
2020-07-03,Brazil,NA,Minas Gerais,21119536,2644,51,53351,1110
2020-07-04,Brazil,NA,Minas Gerais,21119536,2607,73,55958,1183
2020-07-05,Brazil,NA,Minas Gerais,21119536,2325,18,58283,1201
2020-07-06,Brazil,NA,Minas Gerais,21119536,1343,29,59626,1230
2020-07-07,Brazil,NA,Minas Gerais,21119536,1271,52,60897,1282
2020-07-08,Brazil,NA,Minas Gerais,21119536,3138,73,64035,1355
2020-07-09,Brazil,NA,Minas Gerais,21119536,2829,90,66864,1445
2020-07-10,Brazil,NA,Minas Gerais,21119536,3222,59,70086,1504
2020-07-11,Brazil,NA,Minas Gerais,21119536,3727,46,73813,1550
2020-07-12,Brazil,NA,Minas Gerais,21119536,2038,26,75851,1576
2020-07-13,Brazil,NA,Minas Gerais,21119536,971,39,76822,1615
2020-07-14,Brazil,NA,Minas Gerais,21119536,1821,73,78643,1688
2020-07-15,Brazil,NA,Minas Gerais,21119536,3367,64,82010,1752
2020-07-16,Brazil,NA,Minas Gerais,21119536,2460,82,84470,1834
2020-07-17,Brazil,NA,Minas Gerais,21119536,2801,70,87271,1904
2020-07-18,Brazil,NA,Minas Gerais,21119536,3604,60,90875,1964
2020-07-19,Brazil,NA,Minas Gerais,21119536,2097,18,92972,1982
2020-07-20,Brazil,NA,Minas Gerais,21119536,1160,22,94132,2004
2020-07-21,Brazil,NA,Minas Gerais,21119536,1434,67,95566,2071
2020-07-22,Brazil,NA,Minas Gerais,21119536,3175,95,98741,2166
2020-07-23,Brazil,NA,Minas Gerais,21119536,3827,72,102568,2238
2020-07-24,Brazil,NA,Minas Gerais,21119536,4244,77,106812,2315
2020-07-25,Brazil,NA,Minas Gerais,21119536,3281,89,110093,2404
2020-07-26,Brazil,NA,Minas Gerais,21119536,2478,25,112571,2429
2020-07-27,Brazil,NA,Minas Gerais,21119536,1147,32,113718,2461
2020-07-28,Brazil,NA,Minas Gerais,21119536,2927,90,116645,2551
2020-07-29,Brazil,NA,Minas Gerais,21119536,2749,57,119394,2608
2020-07-30,Brazil,NA,Minas Gerais,21119536,4021,84,123415,2692
2020-07-31,Brazil,NA,Minas Gerais,21119536,3691,77,127106,2769
2020-08-01,Brazil,NA,Minas Gerais,21119536,2879,92,129985,2861
2020-08-02,Brazil,NA,Minas Gerais,21119536,2816,30,132801,2891
2020-08-03,Brazil,NA,Minas Gerais,21119536,942,3,133743,2894
2020-08-04,Brazil,NA,Minas Gerais,21119536,1985,0,135728,2894
2020-08-05,Brazil,NA,Minas Gerais,21119536,3933,301,139661,3195
2020-08-06,Brazil,NA,Minas Gerais,21119536,3167,109,142828,3304
2020-08-07,Brazil,NA,Minas Gerais,21119536,4495,77,147323,3381
2020-08-08,Brazil,NA,Minas Gerais,21119536,3400,68,150723,3449
2020-08-09,Brazil,NA,Minas Gerais,21119536,3204,88,153927,3537
2020-08-10,Brazil,NA,Minas Gerais,21119536,1148,60,155075,3597
2020-08-11,Brazil,NA,Minas Gerais,21119536,1476,16,156551,3613
2020-08-12,Brazil,NA,Minas Gerais,21119536,3934,170,160485,3783
2020-08-13,Brazil,NA,Minas Gerais,21119536,4430,63,164915,3846
2020-08-14,Brazil,NA,Minas Gerais,21119536,3513,97,168428,3943
2020-08-15,Brazil,NA,Minas Gerais,21119536,3086,101,171514,4044
2020-08-16,Brazil,NA,Minas Gerais,21119536,2888,88,174402,4132
2020-08-17,Brazil,NA,Minas Gerais,21119536,1313,91,175715,4223
2020-08-18,Brazil,NA,Minas Gerais,21119536,2072,83,177787,4306
2020-08-19,Brazil,NA,Minas Gerais,21119536,3371,130,181158,4436
2020-08-20,Brazil,NA,Minas Gerais,21119536,3904,107,185062,4543
2020-08-21,Brazil,NA,Minas Gerais,21119536,3561,120,188623,4663
2020-08-22,Brazil,NA,Minas Gerais,21119536,2884,74,191507,4737
2020-08-23,Brazil,NA,Minas Gerais,21119536,3107,53,194614,4790
2020-08-24,Brazil,NA,Minas Gerais,21119536,1306,15,195920,4805
2020-08-25,Brazil,NA,Minas Gerais,21119536,2816,42,198736,4847
2020-08-26,Brazil,NA,Minas Gerais,21119536,3237,101,201973,4948
2020-08-27,Brazil,NA,Minas Gerais,21119536,3969,101,205942,5049
2020-08-28,Brazil,NA,Minas Gerais,21119536,3523,118,209465,5167
2020-08-29,Brazil,NA,Minas Gerais,21119536,3100,103,212565,5270
2020-08-30,Brazil,NA,Minas Gerais,21119536,2485,56,215050,5326
2020-08-31,Brazil,NA,Minas Gerais,21119536,1507,9,216557,5335
2020-03-26,Brazil,NA,Parana,11320892,21,0,102,0
2020-03-27,Brazil,NA,Parana,11320892,17,2,119,2
2020-03-28,Brazil,NA,Parana,11320892,14,0,133,2
2020-03-29,Brazil,NA,Parana,11320892,15,0,148,2
2020-03-30,Brazil,NA,Parana,11320892,7,1,155,3
2020-03-31,Brazil,NA,Parana,11320892,24,0,179,3
2020-04-01,Brazil,NA,Parana,11320892,45,0,224,3
2020-04-02,Brazil,NA,Parana,11320892,28,1,252,4
2020-04-03,Brazil,NA,Parana,11320892,49,0,301,4
2020-04-04,Brazil,NA,Parana,11320892,94,2,395,6
2020-04-05,Brazil,NA,Parana,11320892,43,3,438,9
2020-04-06,Brazil,NA,Parana,11320892,20,2,458,11
2020-04-07,Brazil,NA,Parana,11320892,45,4,503,15
2020-04-08,Brazil,NA,Parana,11320892,36,2,539,17
2020-04-09,Brazil,NA,Parana,11320892,70,5,609,22
2020-04-10,Brazil,NA,Parana,11320892,34,3,643,25
2020-04-11,Brazil,NA,Parana,11320892,33,1,676,26
2020-04-12,Brazil,NA,Parana,11320892,62,4,738,30
2020-04-13,Brazil,NA,Parana,11320892,18,1,756,31
2020-04-14,Brazil,NA,Parana,11320892,35,5,791,36
2020-04-15,Brazil,NA,Parana,11320892,12,2,803,38
2020-04-16,Brazil,NA,Parana,11320892,29,3,832,41
2020-04-17,Brazil,NA,Parana,11320892,42,1,874,42
2020-04-18,Brazil,NA,Parana,11320892,71,4,945,46
2020-04-19,Brazil,NA,Parana,11320892,42,2,987,48
2020-04-20,Brazil,NA,Parana,11320892,20,3,1007,51
2020-04-21,Brazil,NA,Parana,11320892,17,0,1024,51
2020-04-22,Brazil,NA,Parana,11320892,39,6,1063,57
2020-04-23,Brazil,NA,Parana,11320892,19,3,1082,60
2020-04-24,Brazil,NA,Parana,11320892,37,4,1119,64
2020-04-25,Brazil,NA,Parana,11320892,21,5,1140,69
2020-04-26,Brazil,NA,Parana,11320892,16,3,1156,72
2020-04-27,Brazil,NA,Parana,11320892,30,3,1186,75
2020-04-28,Brazil,NA,Parana,11320892,85,2,1271,77
2020-04-29,Brazil,NA,Parana,11320892,77,5,1348,82
2020-04-30,Brazil,NA,Parana,11320892,59,1,1407,83
2020-05-01,Brazil,NA,Parana,11320892,40,6,1447,89
2020-05-02,Brazil,NA,Parana,11320892,45,1,1492,90
2020-05-03,Brazil,NA,Parana,11320892,22,3,1514,93
2020-05-04,Brazil,NA,Parana,11320892,48,1,1562,94
2020-05-05,Brazil,NA,Parana,11320892,26,5,1588,99
2020-05-06,Brazil,NA,Parana,11320892,39,2,1627,101
2020-05-07,Brazil,NA,Parana,11320892,29,3,1656,104
2020-05-08,Brazil,NA,Parana,11320892,55,2,1711,106
2020-05-09,Brazil,NA,Parana,11320892,74,1,1785,107
2020-05-10,Brazil,NA,Parana,11320892,50,2,1835,109
2020-05-11,Brazil,NA,Parana,11320892,14,2,1849,111
2020-05-12,Brazil,NA,Parana,11320892,57,2,1906,113
2020-05-13,Brazil,NA,Parana,11320892,90,4,1996,117
2020-05-14,Brazil,NA,Parana,11320892,67,2,2063,119
2020-05-15,Brazil,NA,Parana,11320892,76,1,2139,120
2020-05-16,Brazil,NA,Parana,11320892,103,3,2242,123
2020-05-17,Brazil,NA,Parana,11320892,44,1,2286,124
2020-05-18,Brazil,NA,Parana,11320892,74,3,2360,127
2020-05-19,Brazil,NA,Parana,11320892,121,2,2481,129
2020-05-20,Brazil,NA,Parana,11320892,135,8,2616,137
2020-05-21,Brazil,NA,Parana,11320892,194,4,2810,141
2020-05-22,Brazil,NA,Parana,11320892,129,5,2939,146
2020-05-23,Brazil,NA,Parana,11320892,160,4,3099,150
2020-05-24,Brazil,NA,Parana,11320892,113,3,3212,153
2020-05-25,Brazil,NA,Parana,11320892,119,3,3331,156
2020-05-26,Brazil,NA,Parana,11320892,181,3,3512,159
2020-05-27,Brazil,NA,Parana,11320892,200,3,3712,162
2020-05-28,Brazil,NA,Parana,11320892,272,7,3984,169
2020-05-29,Brazil,NA,Parana,11320892,252,4,4236,173
2020-05-30,Brazil,NA,Parana,11320892,237,8,4473,181
2020-05-31,Brazil,NA,Parana,11320892,214,1,4687,182
2020-06-01,Brazil,NA,Parana,11320892,148,8,4835,190
2020-06-02,Brazil,NA,Parana,11320892,328,9,5163,199
2020-06-03,Brazil,NA,Parana,11320892,331,6,5494,205
2020-06-04,Brazil,NA,Parana,11320892,326,10,5820,215
2020-06-05,Brazil,NA,Parana,11320892,528,12,6348,227
2020-06-06,Brazil,NA,Parana,11320892,257,5,6605,232
2020-06-07,Brazil,NA,Parana,11320892,292,5,6897,237
2020-06-08,Brazil,NA,Parana,11320892,134,6,7031,243
2020-06-09,Brazil,NA,Parana,11320892,283,10,7314,253
2020-06-10,Brazil,NA,Parana,11320892,517,22,7831,275
2020-06-11,Brazil,NA,Parana,11320892,626,5,8457,280
2020-06-12,Brazil,NA,Parana,11320892,248,14,8705,294
2020-06-13,Brazil,NA,Parana,11320892,528,18,9233,312
2020-06-14,Brazil,NA,Parana,11320892,350,14,9583,326
2020-06-15,Brazil,NA,Parana,11320892,133,8,9716,334
2020-06-16,Brazil,NA,Parana,11320892,841,30,10557,364
2020-06-17,Brazil,NA,Parana,11320892,528,22,11085,386
2020-06-18,Brazil,NA,Parana,11320892,834,20,11919,406
2020-06-19,Brazil,NA,Parana,11320892,866,13,12785,419
2020-06-20,Brazil,NA,Parana,11320892,877,9,13662,428
2020-06-21,Brazil,NA,Parana,11320892,839,23,14501,451
2020-06-22,Brazil,NA,Parana,11320892,623,18,15124,469
2020-06-23,Brazil,NA,Parana,11320892,729,29,15853,498
2020-06-24,Brazil,NA,Parana,11320892,1110,23,16963,521
2020-06-25,Brazil,NA,Parana,11320892,858,18,17821,539
2020-06-26,Brazil,NA,Parana,11320892,851,25,18672,564
2020-06-27,Brazil,NA,Parana,11320892,1147,11,19819,575
2020-06-28,Brazil,NA,Parana,11320892,923,24,20742,599
2020-06-29,Brazil,NA,Parana,11320892,584,14,21326,613
2020-06-30,Brazil,NA,Parana,11320892,1551,36,22877,649
2020-07-01,Brazil,NA,Parana,11320892,1348,14,24225,663
2020-07-02,Brazil,NA,Parana,11320892,2079,43,26304,706
2020-07-03,Brazil,NA,Parana,11320892,1862,22,28166,728
2020-07-04,Brazil,NA,Parana,11320892,2404,35,30570,763
2020-07-05,Brazil,NA,Parana,11320892,889,32,31459,795
2020-07-06,Brazil,NA,Parana,11320892,1310,25,32769,820
2020-07-07,Brazil,NA,Parana,11320892,1539,31,34308,851
2020-07-08,Brazil,NA,Parana,11320892,1407,44,35715,895
2020-07-09,Brazil,NA,Parana,11320892,1709,36,37424,931
2020-07-10,Brazil,NA,Parana,11320892,2088,47,39512,978
2020-07-11,Brazil,NA,Parana,11320892,1285,38,40797,1016
2020-07-12,Brazil,NA,Parana,11320892,1740,29,42537,1045
2020-07-13,Brazil,NA,Parana,11320892,1045,44,43582,1089
2020-07-14,Brazil,NA,Parana,11320892,1781,57,45363,1146
2020-07-15,Brazil,NA,Parana,11320892,1761,54,47124,1200
2020-07-16,Brazil,NA,Parana,11320892,2281,46,49405,1246
2020-07-17,Brazil,NA,Parana,11320892,1916,46,51321,1292
2020-07-18,Brazil,NA,Parana,11320892,2232,16,53553,1308
2020-07-19,Brazil,NA,Parana,11320892,1076,19,54629,1327
2020-07-20,Brazil,NA,Parana,11320892,1280,30,55909,1357
2020-07-21,Brazil,NA,Parana,11320892,1629,58,57538,1415
2020-07-22,Brazil,NA,Parana,11320892,2389,71,59927,1486
2020-07-23,Brazil,NA,Parana,11320892,2077,59,62004,1545
2020-07-24,Brazil,NA,Parana,11320892,2255,53,64259,1598
2020-07-25,Brazil,NA,Parana,11320892,1334,55,65593,1653
2020-07-26,Brazil,NA,Parana,11320892,1627,18,67220,1671
2020-07-27,Brazil,NA,Parana,11320892,781,32,68001,1703
2020-07-28,Brazil,NA,Parana,11320892,1391,40,69392,1743
2020-07-29,Brazil,NA,Parana,11320892,1528,71,70920,1814
2020-07-30,Brazil,NA,Parana,11320892,2568,47,73488,1861
2020-07-31,Brazil,NA,Parana,11320892,2624,59,76112,1920
2020-08-01,Brazil,NA,Parana,11320892,1818,55,77930,1975
2020-08-02,Brazil,NA,Parana,11320892,1675,30,79605,2005
2020-08-03,Brazil,NA,Parana,11320892,1260,45,80865,2050
2020-08-04,Brazil,NA,Parana,11320892,1853,78,82718,2128
2020-08-05,Brazil,NA,Parana,11320892,2599,36,85317,2164
2020-08-06,Brazil,NA,Parana,11320892,1952,60,87269,2224
2020-08-07,Brazil,NA,Parana,11320892,1630,46,88899,2270
2020-08-08,Brazil,NA,Parana,11320892,0,0,88899,2270
2020-08-09,Brazil,NA,Parana,11320892,1067,75,89966,2345
2020-08-10,Brazil,NA,Parana,11320892,4158,53,94124,2398
2020-08-11,Brazil,NA,Parana,11320892,1819,47,95943,2445
2020-08-12,Brazil,NA,Parana,11320892,1842,71,97785,2516
2020-08-13,Brazil,NA,Parana,11320892,1882,60,99667,2576
2020-08-14,Brazil,NA,Parana,11320892,2177,36,101844,2612
2020-08-15,Brazil,NA,Parana,11320892,1927,53,103771,2665
2020-08-16,Brazil,NA,Parana,11320892,1333,26,105104,2691
2020-08-17,Brazil,NA,Parana,11320892,1275,42,106379,2733
2020-08-18,Brazil,NA,Parana,11320892,1858,48,108237,2781
2020-08-19,Brazil,NA,Parana,11320892,1659,27,109896,2808
2020-08-20,Brazil,NA,Parana,11320892,2349,83,112245,2891
2020-08-21,Brazil,NA,Parana,11320892,2343,37,114588,2928
2020-08-22,Brazil,NA,Parana,11320892,2260,33,116848,2961
2020-08-23,Brazil,NA,Parana,11320892,1111,16,117959,2977
2020-08-24,Brazil,NA,Parana,11320892,1045,33,119004,3010
2020-08-25,Brazil,NA,Parana,11320892,1533,52,120537,3062
2020-08-26,Brazil,NA,Parana,11320892,1704,40,122241,3102
2020-08-27,Brazil,NA,Parana,11320892,1833,51,124074,3153
2020-08-28,Brazil,NA,Parana,11320892,2890,41,126964,3194
2020-08-29,Brazil,NA,Parana,11320892,2003,40,128967,3234
2020-08-30,Brazil,NA,Parana,11320892,1636,17,130603,3251
2020-08-31,Brazil,NA,Parana,11320892,1303,39,131906,3290
2020-04-12,Brazil,NA,Paraiba,4025558,16,2,101,13
2020-04-13,Brazil,NA,Paraiba,4025558,10,0,111,13
2020-04-14,Brazil,NA,Paraiba,4025558,25,3,136,16
2020-04-15,Brazil,NA,Paraiba,4025558,15,5,151,21
2020-04-16,Brazil,NA,Paraiba,4025558,14,3,165,24
2020-04-17,Brazil,NA,Paraiba,4025558,30,2,195,26
2020-04-18,Brazil,NA,Paraiba,4025558,10,0,205,26
2020-04-19,Brazil,NA,Paraiba,4025558,31,3,236,29
2020-04-20,Brazil,NA,Paraiba,4025558,9,3,245,32
2020-04-21,Brazil,NA,Paraiba,4025558,18,1,263,33
2020-04-22,Brazil,NA,Paraiba,4025558,38,6,301,39
2020-04-23,Brazil,NA,Paraiba,4025558,44,1,345,40
2020-04-24,Brazil,NA,Paraiba,4025558,41,4,386,44
2020-04-25,Brazil,NA,Paraiba,4025558,61,2,447,46
2020-04-26,Brazil,NA,Paraiba,4025558,52,3,499,49
2020-04-27,Brazil,NA,Paraiba,4025558,44,1,543,50
2020-04-28,Brazil,NA,Paraiba,4025558,90,3,633,53
2020-04-29,Brazil,NA,Paraiba,4025558,66,5,699,58
2020-04-30,Brazil,NA,Paraiba,4025558,115,4,814,62
2020-05-01,Brazil,NA,Paraiba,4025558,112,5,926,67
2020-05-02,Brazil,NA,Paraiba,4025558,108,7,1034,74
2020-05-03,Brazil,NA,Paraiba,4025558,135,2,1169,76
2020-05-04,Brazil,NA,Paraiba,4025558,50,3,1219,79
2020-05-05,Brazil,NA,Paraiba,4025558,142,6,1361,85
2020-05-06,Brazil,NA,Paraiba,4025558,132,7,1493,92
2020-05-07,Brazil,NA,Paraiba,4025558,164,9,1657,101
2020-05-08,Brazil,NA,Paraiba,4025558,374,13,2031,114
2020-05-09,Brazil,NA,Paraiba,4025558,125,10,2156,124
2020-05-10,Brazil,NA,Paraiba,4025558,185,11,2341,135
2020-05-11,Brazil,NA,Paraiba,4025558,184,4,2525,139
2020-05-12,Brazil,NA,Paraiba,4025558,252,15,2777,154
2020-05-13,Brazil,NA,Paraiba,4025558,268,3,3045,157
2020-05-14,Brazil,NA,Paraiba,4025558,316,3,3361,160
2020-05-15,Brazil,NA,Paraiba,4025558,378,10,3739,170
2020-05-16,Brazil,NA,Paraiba,4025558,324,13,4063,183
2020-05-17,Brazil,NA,Paraiba,4025558,284,11,4347,194
2020-05-18,Brazil,NA,Paraiba,4025558,439,13,4786,207
2020-05-19,Brazil,NA,Paraiba,4025558,514,12,5300,219
2020-05-20,Brazil,NA,Paraiba,4025558,538,11,5838,230
2020-05-21,Brazil,NA,Paraiba,4025558,400,15,6238,245
2020-05-22,Brazil,NA,Paraiba,4025558,644,3,6882,248
2020-05-23,Brazil,NA,Paraiba,4025558,626,10,7508,258
2020-05-24,Brazil,NA,Paraiba,4025558,315,14,7823,272
2020-05-25,Brazil,NA,Paraiba,4025558,193,7,8016,279
2020-05-26,Brazil,NA,Paraiba,4025558,903,7,8919,286
2020-05-27,Brazil,NA,Paraiba,4025558,1290,12,10209,298
2020-05-28,Brazil,NA,Paraiba,4025558,923,20,11132,318
2020-05-29,Brazil,NA,Paraiba,4025558,879,9,12011,327
2020-05-30,Brazil,NA,Paraiba,4025558,851,20,12862,347
2020-05-31,Brazil,NA,Paraiba,4025558,300,13,13162,360
2020-06-01,Brazil,NA,Paraiba,4025558,533,10,13695,370
2020-06-02,Brazil,NA,Paraiba,4025558,1164,9,14859,379
2020-06-03,Brazil,NA,Paraiba,4025558,1159,35,16018,414
2020-06-04,Brazil,NA,Paraiba,4025558,1561,24,17579,438
2020-06-05,Brazil,NA,Paraiba,4025558,1000,13,18579,451
2020-06-06,Brazil,NA,Paraiba,4025558,1208,16,19787,467
2020-06-07,Brazil,NA,Paraiba,4025558,523,17,20310,484
2020-06-08,Brazil,NA,Paraiba,4025558,641,23,20951,507
2020-06-09,Brazil,NA,Paraiba,4025558,1501,27,22452,534
2020-06-10,Brazil,NA,Paraiba,4025558,1580,25,24032,559
2020-06-11,Brazil,NA,Paraiba,4025558,1338,11,25370,570
2020-06-12,Brazil,NA,Paraiba,4025558,1186,40,26556,610
2020-06-13,Brazil,NA,Paraiba,4025558,898,13,27454,623
2020-06-14,Brazil,NA,Paraiba,4025558,559,10,28013,633
2020-06-15,Brazil,NA,Paraiba,4025558,655,23,28668,656
2020-06-16,Brazil,NA,Paraiba,4025558,1460,15,30128,671
2020-06-17,Brazil,NA,Paraiba,4025558,1584,25,31712,696
2020-06-18,Brazil,NA,Paraiba,4025558,48,13,31760,709
2020-06-19,Brazil,NA,Paraiba,4025558,3333,15,35093,724
2020-06-20,Brazil,NA,Paraiba,4025558,1428,19,36521,743
2020-06-21,Brazil,NA,Paraiba,4025558,263,23,36784,766
2020-06-22,Brazil,NA,Paraiba,4025558,469,18,37253,784
2020-06-23,Brazil,NA,Paraiba,4025558,1746,23,38999,807
2020-06-24,Brazil,NA,Paraiba,4025558,913,21,39912,828
2020-06-25,Brazil,NA,Paraiba,4025558,912,14,40824,842
2020-06-26,Brazil,NA,Paraiba,4025558,2008,22,42832,864
2020-06-27,Brazil,NA,Paraiba,4025558,1410,32,44242,896
2020-06-28,Brazil,NA,Paraiba,4025558,437,15,44679,911
2020-06-29,Brazil,NA,Paraiba,4025558,378,20,45057,931
2020-06-30,Brazil,NA,Paraiba,4025558,1900,46,46957,977
2020-07-01,Brazil,NA,Paraiba,4025558,1218,25,48175,1002
2020-07-02,Brazil,NA,Paraiba,4025558,1361,42,49536,1044
2020-07-03,Brazil,NA,Paraiba,4025558,1229,18,50765,1062
2020-07-04,Brazil,NA,Paraiba,4025558,1541,20,52306,1082
2020-07-05,Brazil,NA,Paraiba,4025558,422,17,52728,1099
2020-07-06,Brazil,NA,Paraiba,4025558,423,19,53151,1118
2020-07-07,Brazil,NA,Paraiba,4025558,1651,27,54802,1145
2020-07-08,Brazil,NA,Paraiba,4025558,1542,26,56344,1171
2020-07-09,Brazil,NA,Paraiba,4025558,1270,25,57614,1196
2020-07-10,Brazil,NA,Paraiba,4025558,1504,33,59118,1229
2020-07-11,Brazil,NA,Paraiba,4025558,1303,21,60421,1250
2020-07-12,Brazil,NA,Paraiba,4025558,363,34,60784,1284
2020-07-13,Brazil,NA,Paraiba,4025558,324,18,61108,1302
2020-07-14,Brazil,NA,Paraiba,4025558,1354,40,62462,1342
2020-07-15,Brazil,NA,Paraiba,4025558,1477,41,63939,1383
2020-07-16,Brazil,NA,Paraiba,4025558,1484,35,65423,1418
2020-07-17,Brazil,NA,Paraiba,4025558,924,28,66347,1446
2020-07-18,Brazil,NA,Paraiba,4025558,624,31,66971,1477
2020-07-19,Brazil,NA,Paraiba,4025558,411,9,67382,1486
2020-07-20,Brazil,NA,Paraiba,4025558,298,31,67680,1517
2020-07-21,Brazil,NA,Paraiba,4025558,1164,41,68844,1558
2020-07-22,Brazil,NA,Paraiba,4025558,2128,23,70972,1581
2020-07-23,Brazil,NA,Paraiba,4025558,2132,37,73104,1618
2020-07-24,Brazil,NA,Paraiba,4025558,1446,35,74550,1653
2020-07-25,Brazil,NA,Paraiba,4025558,1173,22,75723,1675
2020-07-26,Brazil,NA,Paraiba,4025558,430,23,76153,1698
2020-07-27,Brazil,NA,Paraiba,4025558,540,29,76693,1727
2020-07-28,Brazil,NA,Paraiba,4025558,1482,18,78175,1745
2020-07-29,Brazil,NA,Paraiba,4025558,1723,21,79898,1766
2020-07-30,Brazil,NA,Paraiba,4025558,1210,19,81108,1785
2020-07-31,Brazil,NA,Paraiba,4025558,1686,26,82794,1811
2020-08-01,Brazil,NA,Paraiba,4025558,667,22,83461,1833
2020-08-02,Brazil,NA,Paraiba,4025558,547,17,84008,1850
2020-08-03,Brazil,NA,Paraiba,4025558,203,20,84211,1870
2020-08-04,Brazil,NA,Paraiba,4025558,1549,31,85760,1901
2020-08-05,Brazil,NA,Paraiba,4025558,1311,21,87071,1922
2020-08-06,Brazil,NA,Paraiba,4025558,796,23,87867,1945
2020-08-07,Brazil,NA,Paraiba,4025558,1250,20,89117,1965
2020-08-08,Brazil,NA,Paraiba,4025558,776,18,89893,1983
2020-08-09,Brazil,NA,Paraiba,4025558,189,17,90082,2000
2020-08-10,Brazil,NA,Paraiba,4025558,284,23,90366,2023
2020-08-11,Brazil,NA,Paraiba,4025558,1453,23,91819,2046
2020-08-12,Brazil,NA,Paraiba,4025558,1078,25,92897,2071
2020-08-13,Brazil,NA,Paraiba,4025558,897,21,93794,2092
2020-08-14,Brazil,NA,Paraiba,4025558,866,21,94660,2113
2020-08-15,Brazil,NA,Paraiba,4025558,928,25,95588,2138
2020-08-16,Brazil,NA,Paraiba,4025558,445,24,96033,2162
2020-08-17,Brazil,NA,Paraiba,4025558,190,21,96223,2183
2020-08-18,Brazil,NA,Paraiba,4025558,1274,20,97497,2203
2020-08-19,Brazil,NA,Paraiba,4025558,997,20,98494,2223
2020-08-20,Brazil,NA,Paraiba,4025558,951,21,99445,2244
2020-08-21,Brazil,NA,Paraiba,4025558,845,24,100290,2268
2020-08-22,Brazil,NA,Paraiba,4025558,680,20,100970,2288
2020-08-23,Brazil,NA,Paraiba,4025558,162,20,101132,2308
2020-08-24,Brazil,NA,Paraiba,4025558,171,22,101303,2330
2020-08-25,Brazil,NA,Paraiba,4025558,905,20,102208,2350
2020-08-26,Brazil,NA,Paraiba,4025558,1005,21,103213,2371
2020-08-27,Brazil,NA,Paraiba,4025558,883,17,104096,2388
2020-08-28,Brazil,NA,Paraiba,4025558,707,16,104803,2404
2020-08-29,Brazil,NA,Paraiba,4025558,728,16,105531,2420
2020-08-30,Brazil,NA,Paraiba,4025558,130,15,105661,2435
2020-08-31,Brazil,NA,Paraiba,4025558,117,15,105778,2450
2020-04-06,Brazil,NA,Para,8366628,16,2,102,3
2020-04-07,Brazil,NA,Para,8366628,36,2,138,5
2020-04-08,Brazil,NA,Para,8366628,29,1,167,6
2020-04-09,Brazil,NA,Para,8366628,1,1,168,7
2020-04-10,Brazil,NA,Para,8366628,2,2,170,9
2020-04-11,Brazil,NA,Para,8366628,47,1,217,10
2020-04-12,Brazil,NA,Para,8366628,29,3,246,13
2020-04-13,Brazil,NA,Para,8366628,24,2,270,15
2020-04-14,Brazil,NA,Para,8366628,53,4,323,19
2020-04-15,Brazil,NA,Para,8366628,61,2,384,21
2020-04-16,Brazil,NA,Para,8366628,54,3,438,24
2020-04-17,Brazil,NA,Para,8366628,119,2,557,26
2020-04-18,Brazil,NA,Para,8366628,83,7,640,33
2020-04-19,Brazil,NA,Para,8366628,45,1,685,34
2020-04-20,Brazil,NA,Para,8366628,217,1,902,35
2020-04-21,Brazil,NA,Para,8366628,124,3,1026,38
2020-04-22,Brazil,NA,Para,8366628,169,5,1195,43
2020-04-23,Brazil,NA,Para,8366628,72,10,1267,53
2020-04-24,Brazil,NA,Para,8366628,179,22,1446,75
2020-04-25,Brazil,NA,Para,8366628,133,11,1579,86
2020-04-26,Brazil,NA,Para,8366628,288,14,1867,100
2020-04-27,Brazil,NA,Para,8366628,261,14,2128,114
2020-04-28,Brazil,NA,Para,8366628,134,15,2262,129
2020-04-29,Brazil,NA,Para,8366628,160,8,2422,137
2020-04-30,Brazil,NA,Para,8366628,454,71,2876,208
2020-05-01,Brazil,NA,Para,8366628,300,27,3176,235
2020-05-02,Brazil,NA,Para,8366628,284,38,3460,273
2020-05-03,Brazil,NA,Para,8366628,403,36,3863,309
2020-05-04,Brazil,NA,Para,8366628,262,21,4125,330
2020-05-05,Brazil,NA,Para,8366628,347,39,4472,369
2020-05-06,Brazil,NA,Para,8366628,545,23,5017,392
2020-05-07,Brazil,NA,Para,8366628,507,18,5524,410
2020-05-08,Brazil,NA,Para,8366628,617,105,6141,515
2020-05-09,Brazil,NA,Para,8366628,634,63,6775,578
2020-05-10,Brazil,NA,Para,8366628,481,74,7256,652
2020-05-11,Brazil,NA,Para,8366628,307,56,7563,708
2020-05-12,Brazil,NA,Para,8366628,1053,156,8616,864
2020-05-13,Brazil,NA,Para,8366628,1002,82,9618,946
2020-05-14,Brazil,NA,Para,8366628,1249,117,10867,1063
2020-05-15,Brazil,NA,Para,8366628,1242,82,12109,1145
2020-05-16,Brazil,NA,Para,8366628,1075,54,13184,1199
2020-05-17,Brazil,NA,Para,8366628,680,40,13864,1239
2020-05-18,Brazil,NA,Para,8366628,870,90,14734,1329
2020-05-19,Brazil,NA,Para,8366628,1561,190,16295,1519
2020-05-20,Brazil,NA,Para,8366628,1840,114,18135,1633
2020-05-21,Brazil,NA,Para,8366628,1621,219,19756,1852
2020-05-22,Brazil,NA,Para,8366628,1713,85,21469,1937
2020-05-23,Brazil,NA,Para,8366628,1228,64,22697,2001
2020-05-24,Brazil,NA,Para,8366628,1428,147,24125,2148
2020-05-25,Brazil,NA,Para,8366628,1952,224,26077,2372
2020-05-26,Brazil,NA,Para,8366628,2523,97,28600,2469
2020-05-27,Brazil,NA,Para,8366628,2433,76,31033,2545
2020-05-28,Brazil,NA,Para,8366628,2666,159,33699,2704
2020-05-29,Brazil,NA,Para,8366628,2787,123,36486,2827
2020-05-30,Brazil,NA,Para,8366628,810,73,37296,2900
2020-05-31,Brazil,NA,Para,8366628,665,23,37961,2923
2020-06-01,Brazil,NA,Para,8366628,85,2,38046,2925
2020-06-02,Brazil,NA,Para,8366628,3161,115,41207,3040
2020-06-03,Brazil,NA,Para,8366628,3567,153,44774,3193
2020-06-04,Brazil,NA,Para,8366628,3275,223,48049,3416
2020-06-05,Brazil,NA,Para,8366628,2911,122,50960,3538
2020-06-06,Brazil,NA,Para,8366628,2216,74,53176,3612
2020-06-07,Brazil,NA,Para,8366628,1095,66,54271,3678
2020-06-08,Brazil,NA,Para,8366628,1761,94,56032,3772
2020-06-09,Brazil,NA,Para,8366628,3116,81,59148,3853
2020-06-10,Brazil,NA,Para,8366628,2947,74,62095,3927
2020-06-11,Brazil,NA,Para,8366628,2031,103,64126,4030
2020-06-12,Brazil,NA,Para,8366628,2202,102,66328,4132
2020-06-13,Brazil,NA,Para,8366628,2182,45,68510,4177
2020-06-14,Brazil,NA,Para,8366628,669,14,69179,4191
2020-06-15,Brazil,NA,Para,8366628,45,10,69224,4201
2020-06-16,Brazil,NA,Para,8366628,2019,90,71243,4291
2020-06-17,Brazil,NA,Para,8366628,2949,59,74192,4350
2020-06-18,Brazil,NA,Para,8366628,2431,45,76623,4395
2020-06-19,Brazil,NA,Para,8366628,3449,74,80072,4469
2020-06-20,Brazil,NA,Para,8366628,2809,50,82881,4519
2020-06-21,Brazil,NA,Para,8366628,1773,64,84654,4583
2020-06-22,Brazil,NA,Para,8366628,1366,22,86020,4605
2020-06-23,Brazil,NA,Para,8366628,2616,67,88636,4672
2020-06-24,Brazil,NA,Para,8366628,3072,54,91708,4726
2020-06-25,Brazil,NA,Para,8366628,2328,22,94036,4748
2020-06-26,Brazil,NA,Para,8366628,2436,55,96472,4803
2020-06-27,Brazil,NA,Para,8366628,2841,31,99313,4834
2020-06-28,Brazil,NA,Para,8366628,1130,11,100443,4845
2020-06-29,Brazil,NA,Para,8366628,764,25,101207,4870
2020-06-30,Brazil,NA,Para,8366628,1999,50,103206,4920
2020-07-01,Brazil,NA,Para,8366628,2647,40,105853,4960
2020-07-02,Brazil,NA,Para,8366628,2214,44,108067,5004
2020-07-03,Brazil,NA,Para,8366628,2344,46,110411,5050
2020-07-04,Brazil,NA,Para,8366628,2120,19,112531,5069
2020-07-05,Brazil,NA,Para,8366628,1280,27,113811,5096
2020-07-06,Brazil,NA,Para,8366628,724,9,114535,5105
2020-07-07,Brazil,NA,Para,8366628,1617,23,116152,5128
2020-07-08,Brazil,NA,Para,8366628,2592,41,118744,5169
2020-07-09,Brazil,NA,Para,8366628,1987,27,120731,5196
2020-07-10,Brazil,NA,Para,8366628,1943,28,122674,5224
2020-07-11,Brazil,NA,Para,8366628,2260,50,124934,5274
2020-07-12,Brazil,NA,Para,8366628,780,15,125714,5289
2020-07-13,Brazil,NA,Para,8366628,795,4,126509,5293
2020-07-14,Brazil,NA,Para,8366628,2061,25,128570,5318
2020-07-15,Brazil,NA,Para,8366628,2264,19,130834,5337
2020-07-16,Brazil,NA,Para,8366628,2205,48,133039,5385
2020-07-17,Brazil,NA,Para,8366628,2125,63,135164,5448
2020-07-18,Brazil,NA,Para,8366628,1783,30,136947,5478
2020-07-19,Brazil,NA,Para,8366628,537,45,137484,5523
2020-07-20,Brazil,NA,Para,8366628,912,15,138396,5538
2020-07-21,Brazil,NA,Para,8366628,1992,15,140388,5553
2020-07-22,Brazil,NA,Para,8366628,1970,28,142358,5581
2020-07-23,Brazil,NA,Para,8366628,2109,35,144467,5616
2020-07-24,Brazil,NA,Para,8366628,1785,30,146252,5646
2020-07-25,Brazil,NA,Para,8366628,1671,43,147923,5689
2020-07-26,Brazil,NA,Para,8366628,540,27,148463,5716
2020-07-27,Brazil,NA,Para,8366628,360,13,148823,5729
2020-07-28,Brazil,NA,Para,8366628,1362,0,150185,5716
2020-07-29,Brazil,NA,Para,8366628,1664,0,151849,5694
2020-07-30,Brazil,NA,Para,8366628,1501,5,153350,5699
2020-07-31,Brazil,NA,Para,8366628,1335,29,154685,5728
2020-08-01,Brazil,NA,Para,8366628,1368,22,156053,5750
2020-08-02,Brazil,NA,Para,8366628,232,23,156285,5773
2020-08-03,Brazil,NA,Para,8366628,220,11,156505,5784
2020-08-04,Brazil,NA,Para,8366628,1772,15,158277,5799
2020-08-05,Brazil,NA,Para,8366628,2418,19,160695,5818
2020-08-06,Brazil,NA,Para,8366628,2127,17,162822,5835
2020-08-07,Brazil,NA,Para,8366628,1937,19,164759,5854
2020-08-08,Brazil,NA,Para,8366628,2340,17,167099,5871
2020-08-09,Brazil,NA,Para,8366628,543,14,167642,5885
2020-08-10,Brazil,NA,Para,8366628,509,8,168151,5893
2020-08-11,Brazil,NA,Para,8366628,1462,8,169613,5901
2020-08-12,Brazil,NA,Para,8366628,2265,8,171878,5909
2020-08-13,Brazil,NA,Para,8366628,1747,8,173625,5917
2020-08-14,Brazil,NA,Para,8366628,1983,7,175608,5924
2020-08-15,Brazil,NA,Para,8366628,1402,8,177010,5932
2020-08-16,Brazil,NA,Para,8366628,959,8,177969,5940
2020-08-17,Brazil,NA,Para,8366628,406,5,178375,5945
2020-08-18,Brazil,NA,Para,8366628,1715,30,180090,5975
2020-08-19,Brazil,NA,Para,8366628,2141,40,182231,6015
2020-08-20,Brazil,NA,Para,8366628,2022,12,184253,6027
2020-08-21,Brazil,NA,Para,8366628,2393,10,186646,6037
2020-08-22,Brazil,NA,Para,8366628,1998,10,188644,6047
2020-08-23,Brazil,NA,Para,8366628,645,10,189289,6057
2020-08-24,Brazil,NA,Para,8366628,293,5,189582,6062
2020-08-25,Brazil,NA,Para,8366628,2027,16,191609,6078
2020-08-26,Brazil,NA,Para,8366628,1955,19,193564,6097
2020-08-27,Brazil,NA,Para,8366628,1733,5,195297,6102
2020-08-28,Brazil,NA,Para,8366628,1577,4,196874,6106
2020-08-29,Brazil,NA,Para,8366628,1372,3,198246,6109
2020-08-30,Brazil,NA,Para,8366628,925,6,199171,6115
2020-08-31,Brazil,NA,Para,8366628,385,31,199556,6146
2020-04-02,Brazil,NA,Pernambuco,9473266,11,1,106,9
2020-04-03,Brazil,NA,Pernambuco,9473266,30,1,136,10
2020-04-04,Brazil,NA,Pernambuco,9473266,40,4,176,14
2020-04-05,Brazil,NA,Pernambuco,9473266,25,7,201,21
2020-04-06,Brazil,NA,Pernambuco,9473266,22,9,223,30
2020-04-07,Brazil,NA,Pernambuco,9473266,129,4,352,34
2020-04-08,Brazil,NA,Pernambuco,9473266,49,12,401,46
2020-04-09,Brazil,NA,Pernambuco,9473266,154,10,555,56
2020-04-10,Brazil,NA,Pernambuco,9473266,129,9,684,65
2020-04-11,Brazil,NA,Pernambuco,9473266,132,7,816,72
2020-04-12,Brazil,NA,Pernambuco,9473266,144,13,960,85
2020-04-13,Brazil,NA,Pernambuco,9473266,194,17,1154,102
2020-04-14,Brazil,NA,Pernambuco,9473266,130,13,1284,115
2020-04-15,Brazil,NA,Pernambuco,9473266,200,28,1484,143
2020-04-16,Brazil,NA,Pernambuco,9473266,199,17,1683,160
2020-04-17,Brazil,NA,Pernambuco,9473266,323,26,2006,186
2020-04-18,Brazil,NA,Pernambuco,9473266,187,19,2193,205
2020-04-19,Brazil,NA,Pernambuco,9473266,266,11,2459,216
2020-04-20,Brazil,NA,Pernambuco,9473266,231,18,2690,234
2020-04-21,Brazil,NA,Pernambuco,9473266,218,26,2908,260
2020-04-22,Brazil,NA,Pernambuco,9473266,390,22,3298,282
2020-04-23,Brazil,NA,Pernambuco,9473266,221,30,3519,312
2020-04-24,Brazil,NA,Pernambuco,9473266,480,40,3999,352
2020-04-25,Brazil,NA,Pernambuco,9473266,508,29,4507,381
2020-04-26,Brazil,NA,Pernambuco,9473266,391,34,4898,415
2020-04-27,Brazil,NA,Pernambuco,9473266,460,35,5358,450
2020-04-28,Brazil,NA,Pernambuco,9473266,366,58,5724,508
2020-04-29,Brazil,NA,Pernambuco,9473266,470,30,6194,538
2020-04-30,Brazil,NA,Pernambuco,9473266,682,27,6876,565
2020-05-01,Brazil,NA,Pernambuco,9473266,458,38,7334,603
2020-05-02,Brazil,NA,Pernambuco,9473266,811,25,8145,628
2020-05-03,Brazil,NA,Pernambuco,9473266,498,24,8643,652
2020-05-04,Brazil,NA,Pernambuco,9473266,220,39,8863,691
2020-05-05,Brazil,NA,Pernambuco,9473266,462,58,9325,749
2020-05-06,Brazil,NA,Pernambuco,9473266,556,54,9881,803
2020-05-07,Brazil,NA,Pernambuco,9473266,943,42,10824,845
2020-05-08,Brazil,NA,Pernambuco,9473266,763,82,11587,927
2020-05-09,Brazil,NA,Pernambuco,9473266,883,45,12470,972
2020-05-10,Brazil,NA,Pernambuco,9473266,805,75,13275,1047
2020-05-11,Brazil,NA,Pernambuco,9473266,493,40,13768,1087
2020-05-12,Brazil,NA,Pernambuco,9473266,541,70,14309,1157
2020-05-13,Brazil,NA,Pernambuco,9473266,592,67,14901,1224
2020-05-14,Brazil,NA,Pernambuco,9473266,687,74,15588,1298
2020-05-15,Brazil,NA,Pernambuco,9473266,621,83,16209,1381
2020-05-16,Brazil,NA,Pernambuco,9473266,2279,80,18488,1461
2020-05-17,Brazil,NA,Pernambuco,9473266,964,55,19452,1516
2020-05-18,Brazil,NA,Pernambuco,9473266,642,124,20094,1640
2020-05-19,Brazil,NA,Pernambuco,9473266,1148,101,21242,1741
2020-05-20,Brazil,NA,Pernambuco,9473266,1318,93,22560,1834
2020-05-21,Brazil,NA,Pernambuco,9473266,1351,91,23911,1925
2020-05-22,Brazil,NA,Pernambuco,9473266,1849,132,25760,2057
2020-05-23,Brazil,NA,Pernambuco,9473266,1026,87,26786,2144
2020-05-24,Brazil,NA,Pernambuco,9473266,973,56,27759,2200
2020-05-25,Brazil,NA,Pernambuco,9473266,607,48,28366,2248
2020-05-26,Brazil,NA,Pernambuco,9473266,488,80,28854,2328
2020-05-27,Brazil,NA,Pernambuco,9473266,1065,140,29919,2468
2020-05-28,Brazil,NA,Pernambuco,9473266,794,98,30713,2566
2020-05-29,Brazil,NA,Pernambuco,9473266,1542,103,32255,2669
2020-05-30,Brazil,NA,Pernambuco,9473266,1172,71,33427,2740
2020-05-31,Brazil,NA,Pernambuco,9473266,1023,67,34450,2807
2020-06-01,Brazil,NA,Pernambuco,9473266,450,68,34900,2875
2020-06-02,Brazil,NA,Pernambuco,9473266,608,58,35508,2933
2020-06-03,Brazil,NA,Pernambuco,9473266,955,79,36463,3012
2020-06-04,Brazil,NA,Pernambuco,9473266,1044,122,37507,3134
2020-06-05,Brazil,NA,Pernambuco,9473266,1004,71,38511,3205
2020-06-06,Brazil,NA,Pernambuco,9473266,850,65,39361,3270
2020-06-07,Brazil,NA,Pernambuco,9473266,881,35,40242,3305
2020-06-08,Brazil,NA,Pernambuco,9473266,463,45,40705,3350
2020-06-09,Brazil,NA,Pernambuco,9473266,305,103,41010,3453
2020-06-10,Brazil,NA,Pernambuco,9473266,925,78,41935,3531
2020-06-11,Brazil,NA,Pernambuco,9473266,1059,102,42994,3633
2020-06-12,Brazil,NA,Pernambuco,9473266,878,61,43872,3694
2020-06-13,Brazil,NA,Pernambuco,9473266,799,90,44671,3784
2020-06-14,Brazil,NA,Pernambuco,9473266,590,71,45261,3855
2020-06-15,Brazil,NA,Pernambuco,9473266,246,31,45507,3886
2020-06-16,Brazil,NA,Pernambuco,9473266,920,73,46427,3959
2020-06-17,Brazil,NA,Pernambuco,9473266,1019,50,47446,4009
2020-06-18,Brazil,NA,Pernambuco,9473266,1180,48,48626,4057
2020-06-19,Brazil,NA,Pernambuco,9473266,1094,45,49720,4102
2020-06-20,Brazil,NA,Pernambuco,9473266,1398,46,51118,4148
2020-06-21,Brazil,NA,Pernambuco,9473266,995,86,52113,4234
2020-06-22,Brazil,NA,Pernambuco,9473266,381,18,52494,4252
2020-06-23,Brazil,NA,Pernambuco,9473266,337,87,52831,4339
2020-06-24,Brazil,NA,Pernambuco,9473266,1191,86,54022,4425
2020-06-25,Brazil,NA,Pernambuco,9473266,1114,63,55136,4488
2020-06-26,Brazil,NA,Pernambuco,9473266,668,122,55804,4610
2020-06-27,Brazil,NA,Pernambuco,9473266,1285,98,57089,4708
2020-06-28,Brazil,NA,Pernambuco,9473266,1018,43,58107,4751
2020-06-29,Brazil,NA,Pernambuco,9473266,369,31,58476,4782
2020-06-30,Brazil,NA,Pernambuco,9473266,382,47,58858,4829
2020-07-01,Brazil,NA,Pernambuco,9473266,847,65,59705,4894
2020-07-02,Brazil,NA,Pernambuco,9473266,1414,74,61119,4968
2020-07-03,Brazil,NA,Pernambuco,9473266,1243,100,62362,5068
2020-07-04,Brazil,NA,Pernambuco,9473266,1095,48,63457,5116
2020-07-05,Brazil,NA,Pernambuco,9473266,1672,27,65129,5143
2020-07-06,Brazil,NA,Pernambuco,9473266,513,20,65642,5163
2020-07-07,Brazil,NA,Pernambuco,9473266,509,71,66151,5234
2020-07-08,Brazil,NA,Pernambuco,9473266,1453,89,67604,5323
2020-07-09,Brazil,NA,Pernambuco,9473266,1163,86,68767,5409
2020-07-10,Brazil,NA,Pernambuco,9473266,1333,73,70100,5482
2020-07-11,Brazil,NA,Pernambuco,9473266,1270,74,71370,5556
2020-07-12,Brazil,NA,Pernambuco,9473266,1100,39,72470,5595
2020-07-13,Brazil,NA,Pernambuco,9473266,431,57,72901,5652
2020-07-14,Brazil,NA,Pernambuco,9473266,675,63,73576,5715
2020-07-15,Brazil,NA,Pernambuco,9473266,1384,57,74960,5772
2020-07-16,Brazil,NA,Pernambuco,9473266,1131,64,76091,5836
2020-07-17,Brazil,NA,Pernambuco,9473266,1332,33,77423,5869
2020-07-18,Brazil,NA,Pernambuco,9473266,1086,59,78509,5928
2020-07-19,Brazil,NA,Pernambuco,9473266,943,56,79452,5984
2020-07-20,Brazil,NA,Pernambuco,9473266,663,52,80115,6036
2020-07-21,Brazil,NA,Pernambuco,9473266,326,53,80441,6089
2020-07-22,Brazil,NA,Pernambuco,9473266,941,63,81382,6152
2020-07-23,Brazil,NA,Pernambuco,9473266,1858,59,83240,6211
2020-07-24,Brazil,NA,Pernambuco,9473266,1802,26,85042,6237
2020-07-25,Brazil,NA,Pernambuco,9473266,1710,62,86752,6299
2020-07-26,Brazil,NA,Pernambuco,9473266,1714,53,88466,6352
2020-07-27,Brazil,NA,Pernambuco,9473266,666,24,89132,6376
2020-07-28,Brazil,NA,Pernambuco,9473266,546,45,89678,6421
2020-07-29,Brazil,NA,Pernambuco,9473266,1858,63,91536,6484
2020-07-30,Brazil,NA,Pernambuco,9473266,1837,42,93373,6526
2020-07-31,Brazil,NA,Pernambuco,9473266,1632,31,95005,6557
2020-08-01,Brazil,NA,Pernambuco,9473266,1741,40,96746,6597
2020-08-02,Brazil,NA,Pernambuco,9473266,1224,37,97970,6634
2020-08-03,Brazil,NA,Pernambuco,9473266,431,35,98401,6669
2020-08-04,Brazil,NA,Pernambuco,9473266,432,48,98833,6717
2020-08-05,Brazil,NA,Pernambuco,9473266,1488,41,100321,6758
2020-08-06,Brazil,NA,Pernambuco,9473266,1074,70,101395,6828
2020-08-07,Brazil,NA,Pernambuco,9473266,1477,39,102872,6867
2020-08-08,Brazil,NA,Pernambuco,9473266,1241,53,104113,6920
2020-08-09,Brazil,NA,Pernambuco,9473266,1021,21,105134,6941
2020-08-10,Brazil,NA,Pernambuco,9473266,247,29,105381,6970
2020-08-11,Brazil,NA,Pernambuco,9473266,601,38,105982,7008
2020-08-12,Brazil,NA,Pernambuco,9473266,1393,41,107375,7049
2020-08-13,Brazil,NA,Pernambuco,9473266,1467,35,108842,7084
2020-08-14,Brazil,NA,Pernambuco,9473266,1567,27,110409,7111
2020-08-15,Brazil,NA,Pernambuco,9473266,1364,45,111773,7156
2020-08-16,Brazil,NA,Pernambuco,9473266,1185,32,112958,7188
2020-08-17,Brazil,NA,Pernambuco,9473266,225,22,113183,7210
2020-08-18,Brazil,NA,Pernambuco,9473266,605,42,113788,7252
2020-08-19,Brazil,NA,Pernambuco,9473266,1429,28,115217,7280
2020-08-20,Brazil,NA,Pernambuco,9473266,1142,23,116359,7303
2020-08-21,Brazil,NA,Pernambuco,9473266,1072,32,117431,7335
2020-08-22,Brazil,NA,Pernambuco,9473266,596,29,118027,7364
2020-08-23,Brazil,NA,Pernambuco,9473266,1113,26,119140,7390
2020-08-24,Brazil,NA,Pernambuco,9473266,217,9,119357,7399
2020-08-25,Brazil,NA,Pernambuco,9473266,601,26,119958,7425
2020-08-26,Brazil,NA,Pernambuco,9473266,1120,35,121078,7460
2020-08-27,Brazil,NA,Pernambuco,9473266,1069,20,122147,7480
2020-08-28,Brazil,NA,Pernambuco,9473266,999,32,123146,7512
2020-08-29,Brazil,NA,Pernambuco,9473266,1005,35,124151,7547
2020-08-30,Brazil,NA,Pernambuco,9473266,943,27,125094,7574
2020-08-31,Brazil,NA,Pernambuco,9473266,445,19,125539,7593
2020-04-17,Brazil,NA,Piaui,3219257,11,0,102,8
2020-04-18,Brazil,NA,Piaui,3219257,21,1,123,9
2020-04-19,Brazil,NA,Piaui,3219257,22,1,145,10
2020-04-20,Brazil,NA,Piaui,3219257,13,2,158,12
2020-04-21,Brazil,NA,Piaui,3219257,28,2,186,14
2020-04-22,Brazil,NA,Piaui,3219257,20,1,206,15
2020-04-23,Brazil,NA,Piaui,3219257,11,0,217,15
2020-04-24,Brazil,NA,Piaui,3219257,39,1,256,16
2020-04-25,Brazil,NA,Piaui,3219257,41,1,297,17
2020-04-26,Brazil,NA,Piaui,3219257,34,1,331,18
2020-04-27,Brazil,NA,Piaui,3219257,33,2,364,20
2020-04-28,Brazil,NA,Piaui,3219257,44,1,408,21
2020-04-29,Brazil,NA,Piaui,3219257,46,3,454,24
2020-04-30,Brazil,NA,Piaui,3219257,59,0,513,24
2020-05-01,Brazil,NA,Piaui,3219257,87,0,600,24
2020-05-02,Brazil,NA,Piaui,3219257,65,2,665,26
2020-05-03,Brazil,NA,Piaui,3219257,77,2,742,28
2020-05-04,Brazil,NA,Piaui,3219257,42,0,784,28
2020-05-05,Brazil,NA,Piaui,3219257,91,1,875,29
2020-05-06,Brazil,NA,Piaui,3219257,74,1,949,30
2020-05-07,Brazil,NA,Piaui,3219257,102,5,1051,35
2020-05-08,Brazil,NA,Piaui,3219257,80,2,1131,37
2020-05-09,Brazil,NA,Piaui,3219257,102,1,1233,38
2020-05-10,Brazil,NA,Piaui,3219257,45,4,1278,42
2020-05-11,Brazil,NA,Piaui,3219257,54,3,1332,45
2020-05-12,Brazil,NA,Piaui,3219257,111,4,1443,49
2020-05-13,Brazil,NA,Piaui,3219257,169,8,1612,57
2020-05-14,Brazil,NA,Piaui,3219257,172,3,1784,60
2020-05-15,Brazil,NA,Piaui,3219257,121,0,1905,60
2020-05-16,Brazil,NA,Piaui,3219257,180,5,2085,65
2020-05-17,Brazil,NA,Piaui,3219257,167,7,2252,72
2020-05-18,Brazil,NA,Piaui,3219257,35,8,2287,80
2020-05-19,Brazil,NA,Piaui,3219257,153,5,2440,85
2020-05-20,Brazil,NA,Piaui,3219257,197,2,2637,87
2020-05-21,Brazil,NA,Piaui,3219257,215,4,2852,91
2020-05-22,Brazil,NA,Piaui,3219257,222,2,3074,93
2020-05-23,Brazil,NA,Piaui,3219257,184,6,3258,99
2020-05-24,Brazil,NA,Piaui,3219257,132,8,3390,107
2020-05-25,Brazil,NA,Piaui,3219257,160,3,3550,110
2020-05-26,Brazil,NA,Piaui,3219257,170,9,3720,119
2020-05-27,Brazil,NA,Piaui,3219257,246,15,3966,134
2020-05-28,Brazil,NA,Piaui,3219257,277,4,4243,138
2020-05-29,Brazil,NA,Piaui,3219257,260,8,4503,146
2020-05-30,Brazil,NA,Piaui,3219257,242,11,4745,157
2020-05-31,Brazil,NA,Piaui,3219257,186,4,4931,161
2020-06-01,Brazil,NA,Piaui,3219257,188,7,5119,168
2020-06-02,Brazil,NA,Piaui,3219257,387,12,5506,180
2020-06-03,Brazil,NA,Piaui,3219257,322,12,5828,192
2020-06-04,Brazil,NA,Piaui,3219257,236,10,6064,202
2020-06-05,Brazil,NA,Piaui,3219257,653,15,6717,217
2020-06-06,Brazil,NA,Piaui,3219257,388,7,7105,224
2020-06-07,Brazil,NA,Piaui,3219257,373,15,7478,239
2020-06-08,Brazil,NA,Piaui,3219257,143,15,7621,254
2020-06-09,Brazil,NA,Piaui,3219257,306,11,7927,265
2020-06-10,Brazil,NA,Piaui,3219257,432,18,8359,283
2020-06-11,Brazil,NA,Piaui,3219257,464,16,8823,299
2020-06-12,Brazil,NA,Piaui,3219257,514,18,9337,317
2020-06-13,Brazil,NA,Piaui,3219257,488,18,9825,335
2020-06-14,Brazil,NA,Piaui,3219257,328,25,10153,360
2020-06-15,Brazil,NA,Piaui,3219257,204,14,10357,374
2020-06-16,Brazil,NA,Piaui,3219257,524,19,10881,393
2020-06-17,Brazil,NA,Piaui,3219257,678,5,11559,398
2020-06-18,Brazil,NA,Piaui,3219257,540,23,12099,421
2020-06-19,Brazil,NA,Piaui,3219257,468,14,12567,435
2020-06-20,Brazil,NA,Piaui,3219257,1246,24,13813,459
2020-06-21,Brazil,NA,Piaui,3219257,451,26,14264,485
2020-06-22,Brazil,NA,Piaui,3219257,212,17,14476,502
2020-06-23,Brazil,NA,Piaui,3219257,793,15,15269,517
2020-06-24,Brazil,NA,Piaui,3219257,958,17,16227,534
2020-06-25,Brazil,NA,Piaui,3219257,853,12,17080,546
2020-06-26,Brazil,NA,Piaui,3219257,943,28,18023,574
2020-06-27,Brazil,NA,Piaui,3219257,642,18,18665,592
2020-06-28,Brazil,NA,Piaui,3219257,493,23,19158,615
2020-06-29,Brazil,NA,Piaui,3219257,595,28,19753,643
2020-06-30,Brazil,NA,Piaui,3219257,669,20,20422,663
2020-07-01,Brazil,NA,Piaui,3219257,1637,23,22059,686
2020-07-02,Brazil,NA,Piaui,3219257,1248,11,23307,697
2020-07-03,Brazil,NA,Piaui,3219257,1069,29,24376,726
2020-07-04,Brazil,NA,Piaui,3219257,1185,36,25561,762
2020-07-05,Brazil,NA,Piaui,3219257,518,22,26079,784
2020-07-06,Brazil,NA,Piaui,3219257,432,25,26511,809
2020-07-07,Brazil,NA,Piaui,3219257,1003,25,27514,834
2020-07-08,Brazil,NA,Piaui,3219257,897,24,28411,858
2020-07-09,Brazil,NA,Piaui,3219257,1334,26,29745,884
2020-07-10,Brazil,NA,Piaui,3219257,1524,12,31269,896
2020-07-11,Brazil,NA,Piaui,3219257,1196,18,32465,914
2020-07-12,Brazil,NA,Piaui,3219257,498,22,32963,936
2020-07-13,Brazil,NA,Piaui,3219257,396,24,33359,960
2020-07-14,Brazil,NA,Piaui,3219257,797,32,34156,992
2020-07-15,Brazil,NA,Piaui,3219257,1289,27,35445,1019
2020-07-16,Brazil,NA,Piaui,3219257,1097,24,36542,1043
2020-07-17,Brazil,NA,Piaui,3219257,515,22,37057,1065
2020-07-18,Brazil,NA,Piaui,3219257,1511,18,38568,1083
2020-07-19,Brazil,NA,Piaui,3219257,728,17,39296,1100
2020-07-20,Brazil,NA,Piaui,3219257,310,18,39606,1118
2020-07-21,Brazil,NA,Piaui,3219257,670,22,40276,1140
2020-07-22,Brazil,NA,Piaui,3219257,1539,18,41815,1158
2020-07-23,Brazil,NA,Piaui,3219257,1364,26,43179,1184
2020-07-24,Brazil,NA,Piaui,3219257,1170,31,44349,1215
2020-07-25,Brazil,NA,Piaui,3219257,1040,13,45389,1228
2020-07-26,Brazil,NA,Piaui,3219257,655,15,46044,1243
2020-07-27,Brazil,NA,Piaui,3219257,540,16,46584,1259
2020-07-28,Brazil,NA,Piaui,3219257,967,19,47551,1278
2020-07-29,Brazil,NA,Piaui,3219257,1411,14,48962,1292
2020-07-30,Brazil,NA,Piaui,3219257,1236,12,50198,1304
2020-07-31,Brazil,NA,Piaui,3219257,1279,25,51477,1329
2020-08-01,Brazil,NA,Piaui,3219257,981,25,52458,1354
2020-08-02,Brazil,NA,Piaui,3219257,535,15,52993,1369
2020-08-03,Brazil,NA,Piaui,3219257,231,16,53224,1385
2020-08-04,Brazil,NA,Piaui,3219257,1219,16,54443,1401
2020-08-05,Brazil,NA,Piaui,3219257,0,0,54443,1401
2020-08-06,Brazil,NA,Piaui,3219257,2657,35,57100,1436
2020-08-07,Brazil,NA,Piaui,3219257,1290,16,58390,1452
2020-08-08,Brazil,NA,Piaui,3219257,1181,17,59571,1469
2020-08-09,Brazil,NA,Piaui,3219257,411,11,59982,1480
2020-08-10,Brazil,NA,Piaui,3219257,196,23,60178,1503
2020-08-11,Brazil,NA,Piaui,3219257,966,23,61144,1526
2020-08-12,Brazil,NA,Piaui,3219257,1321,22,62465,1548
2020-08-13,Brazil,NA,Piaui,3219257,1197,18,63662,1566
2020-08-14,Brazil,NA,Piaui,3219257,933,15,64595,1581
2020-08-15,Brazil,NA,Piaui,3219257,1043,13,65638,1594
2020-08-16,Brazil,NA,Piaui,3219257,440,14,66078,1608
2020-08-17,Brazil,NA,Piaui,3219257,237,11,66315,1619
2020-08-18,Brazil,NA,Piaui,3219257,911,18,67226,1637
2020-08-19,Brazil,NA,Piaui,3219257,1249,16,68475,1653
2020-08-20,Brazil,NA,Piaui,3219257,1364,7,69839,1660
2020-08-21,Brazil,NA,Piaui,3219257,697,12,70536,1672
2020-08-22,Brazil,NA,Piaui,3219257,974,29,71510,1701
2020-08-23,Brazil,NA,Piaui,3219257,389,13,71899,1714
2020-08-24,Brazil,NA,Piaui,3219257,266,10,72165,1724
2020-08-25,Brazil,NA,Piaui,3219257,791,17,72956,1741
2020-08-26,Brazil,NA,Piaui,3219257,1140,13,74096,1754
2020-08-27,Brazil,NA,Piaui,3219257,1064,11,75160,1765
2020-08-28,Brazil,NA,Piaui,3219257,873,20,76033,1785
2020-08-29,Brazil,NA,Piaui,3219257,883,19,76916,1804
2020-08-30,Brazil,NA,Piaui,3219257,349,11,77265,1815
2020-08-31,Brazil,NA,Piaui,3219257,140,10,77405,1825
2020-04-02,Brazil,NA,Rio Grande do Norte,3507003,13,0,105,2
2020-04-03,Brazil,NA,Rio Grande do Norte,3507003,71,2,176,4
2020-04-04,Brazil,NA,Rio Grande do Norte,3507003,36,1,212,5
2020-04-05,Brazil,NA,Rio Grande do Norte,3507003,30,2,242,7
2020-04-06,Brazil,NA,Rio Grande do Norte,3507003,4,0,246,7
2020-04-07,Brazil,NA,Rio Grande do Norte,3507003,8,1,254,8
2020-04-08,Brazil,NA,Rio Grande do Norte,3507003,7,3,261,11
2020-04-09,Brazil,NA,Rio Grande do Norte,3507003,0,0,261,11
2020-04-10,Brazil,NA,Rio Grande do Norte,3507003,2,0,263,11
2020-04-11,Brazil,NA,Rio Grande do Norte,3507003,26,2,289,13
2020-04-12,Brazil,NA,Rio Grande do Norte,3507003,13,2,302,15
2020-04-13,Brazil,NA,Rio Grande do Norte,3507003,37,2,339,17
2020-04-14,Brazil,NA,Rio Grande do Norte,3507003,37,1,376,18
2020-04-15,Brazil,NA,Rio Grande do Norte,3507003,23,1,399,19
2020-04-16,Brazil,NA,Rio Grande do Norte,3507003,1,1,400,20
2020-04-17,Brazil,NA,Rio Grande do Norte,3507003,63,3,463,23
2020-04-18,Brazil,NA,Rio Grande do Norte,3507003,53,1,516,24
2020-04-19,Brazil,NA,Rio Grande do Norte,3507003,15,1,531,25
2020-04-20,Brazil,NA,Rio Grande do Norte,3507003,64,2,595,27
2020-04-21,Brazil,NA,Rio Grande do Norte,3507003,13,1,608,28
2020-04-22,Brazil,NA,Rio Grande do Norte,3507003,38,1,646,29
2020-04-23,Brazil,NA,Rio Grande do Norte,3507003,62,5,708,34
2020-04-24,Brazil,NA,Rio Grande do Norte,3507003,46,4,754,38
2020-04-25,Brazil,NA,Rio Grande do Norte,3507003,27,2,781,40
2020-04-26,Brazil,NA,Rio Grande do Norte,3507003,44,4,825,44
2020-04-27,Brazil,NA,Rio Grande do Norte,3507003,7,1,832,45
2020-04-28,Brazil,NA,Rio Grande do Norte,3507003,25,3,857,48
2020-04-29,Brazil,NA,Rio Grande do Norte,3507003,229,5,1086,53
2020-04-30,Brazil,NA,Rio Grande do Norte,3507003,91,3,1177,56
2020-05-01,Brazil,NA,Rio Grande do Norte,3507003,120,0,1297,56
2020-05-02,Brazil,NA,Rio Grande do Norte,3507003,69,3,1366,59
2020-05-03,Brazil,NA,Rio Grande do Norte,3507003,26,2,1392,61
2020-05-04,Brazil,NA,Rio Grande do Norte,3507003,29,1,1421,62
2020-05-05,Brazil,NA,Rio Grande do Norte,3507003,115,6,1536,68
2020-05-06,Brazil,NA,Rio Grande do Norte,3507003,38,4,1574,72
2020-05-07,Brazil,NA,Rio Grande do Norte,3507003,165,4,1739,76
2020-05-08,Brazil,NA,Rio Grande do Norte,3507003,82,5,1821,81
2020-05-09,Brazil,NA,Rio Grande do Norte,3507003,98,6,1919,87
2020-05-10,Brazil,NA,Rio Grande do Norte,3507003,9,1,1928,88
2020-05-11,Brazil,NA,Rio Grande do Norte,3507003,61,4,1989,92
2020-05-12,Brazil,NA,Rio Grande do Norte,3507003,44,1,2033,93
2020-05-13,Brazil,NA,Rio Grande do Norte,3507003,334,12,2367,105
2020-05-14,Brazil,NA,Rio Grande do Norte,3507003,170,12,2537,117
2020-05-15,Brazil,NA,Rio Grande do Norte,3507003,249,5,2786,122
2020-05-16,Brazil,NA,Rio Grande do Norte,3507003,218,14,3004,136
2020-05-17,Brazil,NA,Rio Grande do Norte,3507003,133,3,3137,139
2020-05-18,Brazil,NA,Rio Grande do Norte,3507003,47,7,3184,146
2020-05-19,Brazil,NA,Rio Grande do Norte,3507003,299,14,3483,160
2020-05-20,Brazil,NA,Rio Grande do Norte,3507003,313,10,3796,170
2020-05-21,Brazil,NA,Rio Grande do Norte,3507003,264,8,4060,178
2020-05-22,Brazil,NA,Rio Grande do Norte,3507003,191,3,4251,181
2020-05-23,Brazil,NA,Rio Grande do Norte,3507003,348,3,4599,184
2020-05-24,Brazil,NA,Rio Grande do Norte,3507003,98,16,4697,200
2020-05-25,Brazil,NA,Rio Grande do Norte,3507003,62,9,4759,209
2020-05-26,Brazil,NA,Rio Grande do Norte,3507003,713,11,5472,220
2020-05-27,Brazil,NA,Rio Grande do Norte,3507003,158,22,5630,242
2020-05-28,Brazil,NA,Rio Grande do Norte,3507003,0,12,5630,254
2020-05-29,Brazil,NA,Rio Grande do Norte,3507003,833,14,6463,268
2020-05-30,Brazil,NA,Rio Grande do Norte,3507003,939,37,7402,305
2020-05-31,Brazil,NA,Rio Grande do Norte,3507003,0,0,7402,305
2020-06-01,Brazil,NA,Rio Grande do Norte,3507003,562,18,7964,323
2020-06-02,Brazil,NA,Rio Grande do Norte,3507003,269,18,8233,341
2020-06-03,Brazil,NA,Rio Grande do Norte,3507003,916,26,9149,367
2020-06-04,Brazil,NA,Rio Grande do Norte,3507003,133,11,9282,378
2020-06-05,Brazil,NA,Rio Grande do Norte,3507003,158,9,9440,387
2020-06-06,Brazil,NA,Rio Grande do Norte,3507003,9,23,9449,410
2020-06-07,Brazil,NA,Rio Grande do Norte,3507003,3,14,9452,424
2020-06-08,Brazil,NA,Rio Grande do Norte,3507003,1436,7,10888,431
2020-06-09,Brazil,NA,Rio Grande do Norte,3507003,139,28,11027,459
2020-06-10,Brazil,NA,Rio Grande do Norte,3507003,541,28,11568,487
2020-06-11,Brazil,NA,Rio Grande do Norte,3507003,1666,9,13234,496
2020-06-12,Brazil,NA,Rio Grande do Norte,3507003,267,18,13501,514
2020-06-13,Brazil,NA,Rio Grande do Norte,3507003,288,19,13789,533
2020-06-14,Brazil,NA,Rio Grande do Norte,3507003,382,1,14171,534
2020-06-15,Brazil,NA,Rio Grande do Norte,3507003,43,19,14214,553
2020-06-16,Brazil,NA,Rio Grande do Norte,3507003,998,32,15212,585
2020-06-17,Brazil,NA,Rio Grande do Norte,3507003,0,0,15212,585
2020-06-18,Brazil,NA,Rio Grande do Norte,3507003,677,70,15889,655
2020-06-19,Brazil,NA,Rio Grande do Norte,3507003,150,38,16039,693
2020-06-20,Brazil,NA,Rio Grande do Norte,3507003,3167,4,19206,697
2020-06-21,Brazil,NA,Rio Grande do Norte,3507003,84,0,19290,697
2020-06-22,Brazil,NA,Rio Grande do Norte,3507003,667,33,19957,730
2020-06-23,Brazil,NA,Rio Grande do Norte,3507003,118,20,20075,750
2020-06-24,Brazil,NA,Rio Grande do Norte,3507003,1699,57,21774,807
2020-06-25,Brazil,NA,Rio Grande do Norte,3507003,891,51,22665,858
2020-06-26,Brazil,NA,Rio Grande do Norte,3507003,1066,31,23731,889
2020-06-27,Brazil,NA,Rio Grande do Norte,3507003,522,20,24253,909
2020-06-28,Brazil,NA,Rio Grande do Norte,3507003,203,28,24456,937
2020-06-29,Brazil,NA,Rio Grande do Norte,3507003,5265,57,29721,994
2020-06-30,Brazil,NA,Rio Grande do Norte,3507003,566,40,30287,1034
2020-07-01,Brazil,NA,Rio Grande do Norte,3507003,1612,33,31899,1067
2020-07-02,Brazil,NA,Rio Grande do Norte,3507003,998,36,32897,1103
2020-07-03,Brazil,NA,Rio Grande do Norte,3507003,524,68,33421,1171
2020-07-04,Brazil,NA,Rio Grande do Norte,3507003,836,29,34257,1200
2020-07-05,Brazil,NA,Rio Grande do Norte,3507003,388,13,34645,1213
2020-07-06,Brazil,NA,Rio Grande do Norte,3507003,339,35,34984,1248
2020-07-07,Brazil,NA,Rio Grande do Norte,3507003,836,43,35820,1291
2020-07-08,Brazil,NA,Rio Grande do Norte,3507003,691,35,36511,1326
2020-07-09,Brazil,NA,Rio Grande do Norte,3507003,549,19,37060,1345
2020-07-10,Brazil,NA,Rio Grande do Norte,3507003,1205,11,38265,1356
2020-07-11,Brazil,NA,Rio Grande do Norte,3507003,351,24,38616,1380
2020-07-12,Brazil,NA,Rio Grande do Norte,3507003,805,14,39421,1394
2020-07-13,Brazil,NA,Rio Grande do Norte,3507003,379,10,39800,1404
2020-07-14,Brazil,NA,Rio Grande do Norte,3507003,541,28,40341,1432
2020-07-15,Brazil,NA,Rio Grande do Norte,3507003,313,41,40654,1473
2020-07-16,Brazil,NA,Rio Grande do Norte,3507003,324,28,40978,1501
2020-07-17,Brazil,NA,Rio Grande do Norte,3507003,325,25,41303,1526
2020-07-18,Brazil,NA,Rio Grande do Norte,3507003,2148,46,43451,1572
2020-07-19,Brazil,NA,Rio Grande do Norte,3507003,315,5,43766,1577
2020-07-20,Brazil,NA,Rio Grande do Norte,3507003,191,8,43957,1585
2020-07-21,Brazil,NA,Rio Grande do Norte,3507003,310,36,44267,1621
2020-07-22,Brazil,NA,Rio Grande do Norte,3507003,917,15,45184,1636
2020-07-23,Brazil,NA,Rio Grande do Norte,3507003,872,14,46056,1650
2020-07-24,Brazil,NA,Rio Grande do Norte,3507003,627,16,46683,1666
2020-07-25,Brazil,NA,Rio Grande do Norte,3507003,243,6,46926,1672
2020-07-26,Brazil,NA,Rio Grande do Norte,3507003,173,6,47099,1678
2020-07-27,Brazil,NA,Rio Grande do Norte,3507003,192,19,47291,1697
2020-07-28,Brazil,NA,Rio Grande do Norte,3507003,1083,17,48374,1714
2020-07-29,Brazil,NA,Rio Grande do Norte,3507003,677,21,49051,1735
2020-07-30,Brazil,NA,Rio Grande do Norte,3507003,616,16,49667,1751
2020-07-31,Brazil,NA,Rio Grande do Norte,3507003,749,26,50416,1777
2020-08-01,Brazil,NA,Rio Grande do Norte,3507003,1141,102,51557,1879
2020-08-02,Brazil,NA,Rio Grande do Norte,3507003,288,4,51845,1883
2020-08-03,Brazil,NA,Rio Grande do Norte,3507003,185,11,52030,1894
2020-08-04,Brazil,NA,Rio Grande do Norte,3507003,536,32,52566,1926
2020-08-05,Brazil,NA,Rio Grande do Norte,3507003,924,7,53490,1933
2020-08-06,Brazil,NA,Rio Grande do Norte,3507003,616,21,54106,1954
2020-08-07,Brazil,NA,Rio Grande do Norte,3507003,611,11,54717,1965
2020-08-08,Brazil,NA,Rio Grande do Norte,3507003,433,5,55150,1970
2020-08-09,Brazil,NA,Rio Grande do Norte,3507003,140,2,55290,1972
2020-08-10,Brazil,NA,Rio Grande do Norte,3507003,130,5,55420,1977
2020-08-11,Brazil,NA,Rio Grande do Norte,3507003,2501,26,57921,2003
2020-08-12,Brazil,NA,Rio Grande do Norte,3507003,0,16,56572,2019
2020-08-13,Brazil,NA,Rio Grande do Norte,3507003,500,17,57072,2036
2020-08-14,Brazil,NA,Rio Grande do Norte,3507003,395,5,57467,2041
2020-08-15,Brazil,NA,Rio Grande do Norte,3507003,193,21,57660,2062
2020-08-16,Brazil,NA,Rio Grande do Norte,3507003,60,5,57720,2067
2020-08-17,Brazil,NA,Rio Grande do Norte,3507003,178,14,57898,2081
2020-08-18,Brazil,NA,Rio Grande do Norte,3507003,409,21,58307,2102
2020-08-19,Brazil,NA,Rio Grande do Norte,3507003,360,24,58667,2126
2020-08-20,Brazil,NA,Rio Grande do Norte,3507003,471,7,59138,2133
2020-08-21,Brazil,NA,Rio Grande do Norte,3507003,53,21,59191,2154
2020-08-22,Brazil,NA,Rio Grande do Norte,3507003,202,11,59393,2165
2020-08-23,Brazil,NA,Rio Grande do Norte,3507003,189,5,59582,2170
2020-08-24,Brazil,NA,Rio Grande do Norte,3507003,67,3,59649,2173
2020-08-25,Brazil,NA,Rio Grande do Norte,3507003,512,19,60161,2192
2020-08-26,Brazil,NA,Rio Grande do Norte,3507003,281,23,60442,2215
2020-08-27,Brazil,NA,Rio Grande do Norte,3507003,451,4,60893,2219
2020-08-28,Brazil,NA,Rio Grande do Norte,3507003,326,15,61219,2234
2020-08-29,Brazil,NA,Rio Grande do Norte,3507003,288,8,61507,2242
2020-08-30,Brazil,NA,Rio Grande do Norte,3507003,142,6,61649,2248
2020-08-31,Brazil,NA,Rio Grande do Norte,3507003,99,8,61748,2256
2020-03-25,Brazil,NA,Rio Grande do Sul,11322895,25,1,123,1
2020-03-26,Brazil,NA,Rio Grande do Sul,11322895,45,0,168,1
2020-03-27,Brazil,NA,Rio Grande do Sul,11322895,27,1,195,2
2020-03-28,Brazil,NA,Rio Grande do Sul,11322895,2,0,197,2
2020-03-29,Brazil,NA,Rio Grande do Sul,11322895,29,0,226,2
2020-03-30,Brazil,NA,Rio Grande do Sul,11322895,15,1,241,3
2020-03-31,Brazil,NA,Rio Grande do Sul,11322895,33,1,274,4
2020-04-01,Brazil,NA,Rio Grande do Sul,11322895,32,0,306,4
2020-04-02,Brazil,NA,Rio Grande do Sul,11322895,28,1,334,5
2020-04-03,Brazil,NA,Rio Grande do Sul,11322895,62,0,396,5
2020-04-04,Brazil,NA,Rio Grande do Sul,11322895,14,1,410,6
2020-04-05,Brazil,NA,Rio Grande do Sul,11322895,8,1,418,7
2020-04-06,Brazil,NA,Rio Grande do Sul,11322895,63,0,481,7
2020-04-07,Brazil,NA,Rio Grande do Sul,11322895,27,1,508,8
2020-04-08,Brazil,NA,Rio Grande do Sul,11322895,47,1,555,9
2020-04-09,Brazil,NA,Rio Grande do Sul,11322895,63,3,618,12
2020-04-10,Brazil,NA,Rio Grande do Sul,11322895,18,2,636,14
2020-04-11,Brazil,NA,Rio Grande do Sul,11322895,4,1,640,15
2020-04-12,Brazil,NA,Rio Grande do Sul,11322895,13,1,653,16
2020-04-13,Brazil,NA,Rio Grande do Sul,11322895,11,0,664,16
2020-04-14,Brazil,NA,Rio Grande do Sul,11322895,36,2,700,18
2020-04-15,Brazil,NA,Rio Grande do Sul,11322895,47,1,747,19
2020-04-16,Brazil,NA,Rio Grande do Sul,11322895,33,0,780,19
2020-04-17,Brazil,NA,Rio Grande do Sul,11322895,22,3,802,22
2020-04-18,Brazil,NA,Rio Grande do Sul,11322895,29,2,831,24
2020-04-19,Brazil,NA,Rio Grande do Sul,11322895,23,0,854,24
2020-04-20,Brazil,NA,Rio Grande do Sul,11322895,35,3,889,27
2020-04-21,Brazil,NA,Rio Grande do Sul,11322895,15,0,904,27
2020-04-22,Brazil,NA,Rio Grande do Sul,11322895,19,0,923,27
2020-04-23,Brazil,NA,Rio Grande do Sul,11322895,71,2,994,29
2020-04-24,Brazil,NA,Rio Grande do Sul,11322895,67,2,1061,31
2020-04-25,Brazil,NA,Rio Grande do Sul,11322895,35,3,1096,34
2020-04-26,Brazil,NA,Rio Grande do Sul,11322895,70,1,1166,35
2020-04-27,Brazil,NA,Rio Grande do Sul,11322895,62,7,1228,42
2020-04-28,Brazil,NA,Rio Grande do Sul,11322895,58,3,1286,45
2020-04-29,Brazil,NA,Rio Grande do Sul,11322895,82,5,1368,50
2020-04-30,Brazil,NA,Rio Grande do Sul,11322895,98,1,1466,51
2020-05-01,Brazil,NA,Rio Grande do Sul,11322895,63,7,1529,58
2020-05-02,Brazil,NA,Rio Grande do Sul,11322895,90,4,1619,62
2020-05-03,Brazil,NA,Rio Grande do Sul,11322895,47,3,1666,65
2020-05-04,Brazil,NA,Rio Grande do Sul,11322895,45,9,1711,74
2020-05-05,Brazil,NA,Rio Grande do Sul,11322895,104,5,1815,79
2020-05-06,Brazil,NA,Rio Grande do Sul,11322895,235,8,2050,87
2020-05-07,Brazil,NA,Rio Grande do Sul,11322895,79,3,2129,90
2020-05-08,Brazil,NA,Rio Grande do Sul,11322895,318,1,2447,91
2020-05-09,Brazil,NA,Rio Grande do Sul,11322895,46,4,2493,95
2020-05-10,Brazil,NA,Rio Grande do Sul,11322895,49,2,2542,97
2020-05-11,Brazil,NA,Rio Grande do Sul,11322895,34,8,2576,105
2020-05-12,Brazil,NA,Rio Grande do Sul,11322895,341,6,2917,111
2020-05-13,Brazil,NA,Rio Grande do Sul,11322895,0,0,2917,111
2020-05-14,Brazil,NA,Rio Grande do Sul,11322895,80,9,2997,120
2020-05-15,Brazil,NA,Rio Grande do Sul,11322895,600,6,3597,126
2020-05-16,Brazil,NA,Rio Grande do Sul,11322895,98,6,3695,132
2020-05-17,Brazil,NA,Rio Grande do Sul,11322895,40,10,3735,142
2020-05-18,Brazil,NA,Rio Grande do Sul,11322895,0,2,3735,144
2020-05-19,Brazil,NA,Rio Grande do Sul,11322895,15,7,3750,151
2020-05-20,Brazil,NA,Rio Grande do Sul,11322895,1223,10,4973,161
2020-05-21,Brazil,NA,Rio Grande do Sul,11322895,500,5,5473,166
2020-05-22,Brazil,NA,Rio Grande do Sul,11322895,445,6,5918,172
2020-05-23,Brazil,NA,Rio Grande do Sul,11322895,418,4,6336,176
2020-05-24,Brazil,NA,Rio Grande do Sul,11322895,134,4,6470,180
2020-05-25,Brazil,NA,Rio Grande do Sul,11322895,89,17,6559,197
2020-05-26,Brazil,NA,Rio Grande do Sul,11322895,226,6,6785,203
2020-05-27,Brazil,NA,Rio Grande do Sul,11322895,263,6,7048,209
2020-05-28,Brazil,NA,Rio Grande do Sul,11322895,1186,4,8234,213
2020-05-29,Brazil,NA,Rio Grande do Sul,11322895,0,0,8234,213
2020-05-30,Brazil,NA,Rio Grande do Sul,11322895,1008,5,9242,218
2020-05-31,Brazil,NA,Rio Grande do Sul,11322895,90,6,9332,224
2020-06-01,Brazil,NA,Rio Grande do Sul,11322895,0,8,9332,232
2020-06-02,Brazil,NA,Rio Grande do Sul,11322895,587,13,9919,245
2020-06-03,Brazil,NA,Rio Grande do Sul,11322895,479,13,10398,258
2020-06-04,Brazil,NA,Rio Grande do Sul,11322895,612,7,11010,265
2020-06-05,Brazil,NA,Rio Grande do Sul,11322895,573,11,11583,276
2020-06-06,Brazil,NA,Rio Grande do Sul,11322895,454,7,12037,283
2020-06-07,Brazil,NA,Rio Grande do Sul,11322895,98,3,12135,286
2020-06-08,Brazil,NA,Rio Grande do Sul,11322895,115,5,12250,291
2020-06-09,Brazil,NA,Rio Grande do Sul,11322895,552,10,12802,301
2020-06-10,Brazil,NA,Rio Grande do Sul,11322895,817,15,13619,316
2020-06-11,Brazil,NA,Rio Grande do Sul,11322895,549,7,14168,323
2020-06-12,Brazil,NA,Rio Grande do Sul,11322895,216,14,14384,337
2020-06-13,Brazil,NA,Rio Grande do Sul,11322895,243,7,14627,344
2020-06-14,Brazil,NA,Rio Grande do Sul,11322895,34,6,14661,350
2020-06-15,Brazil,NA,Rio Grande do Sul,11322895,777,10,15438,360
2020-06-16,Brazil,NA,Rio Grande do Sul,11322895,1033,14,16471,374
2020-06-17,Brazil,NA,Rio Grande do Sul,11322895,657,13,17128,387
2020-06-18,Brazil,NA,Rio Grande do Sul,11322895,694,19,17822,406
2020-06-19,Brazil,NA,Rio Grande do Sul,11322895,765,17,18587,423
2020-06-20,Brazil,NA,Rio Grande do Sul,11322895,551,7,19138,430
2020-06-21,Brazil,NA,Rio Grande do Sul,11322895,210,4,19348,434
2020-06-22,Brazil,NA,Rio Grande do Sul,11322895,362,24,19710,458
2020-06-23,Brazil,NA,Rio Grande do Sul,11322895,1154,19,20864,477
2020-06-24,Brazil,NA,Rio Grande do Sul,11322895,1145,23,22009,500
2020-06-25,Brazil,NA,Rio Grande do Sul,11322895,1051,0,23060,500
2020-06-26,Brazil,NA,Rio Grande do Sul,11322895,1054,40,24114,540
2020-06-27,Brazil,NA,Rio Grande do Sul,11322895,886,14,25000,554
2020-06-28,Brazil,NA,Rio Grande do Sul,11322895,243,5,25243,559
2020-06-29,Brazil,NA,Rio Grande do Sul,11322895,416,23,25659,582
2020-06-30,Brazil,NA,Rio Grande do Sul,11322895,1282,32,26941,614
2020-07-01,Brazil,NA,Rio Grande do Sul,11322895,1230,22,28171,636
2020-07-02,Brazil,NA,Rio Grande do Sul,11322895,1024,27,29195,663
2020-07-03,Brazil,NA,Rio Grande do Sul,11322895,1176,27,30371,690
2020-07-04,Brazil,NA,Rio Grande do Sul,11322895,1248,25,31619,715
2020-07-05,Brazil,NA,Rio Grande do Sul,11322895,336,12,31955,727
2020-07-06,Brazil,NA,Rio Grande do Sul,11322895,446,32,32401,759
2020-07-07,Brazil,NA,Rio Grande do Sul,11322895,1399,32,33800,791
2020-07-08,Brazil,NA,Rio Grande do Sul,11322895,1757,34,35557,825
2020-07-09,Brazil,NA,Rio Grande do Sul,11322895,877,45,36434,870
2020-07-10,Brazil,NA,Rio Grande do Sul,11322895,1056,49,37490,919
2020-07-11,Brazil,NA,Rio Grande do Sul,11322895,1230,24,38720,943
2020-07-12,Brazil,NA,Rio Grande do Sul,11322895,520,19,39240,962
2020-07-13,Brazil,NA,Rio Grande do Sul,11322895,416,33,39656,995
2020-07-14,Brazil,NA,Rio Grande do Sul,11322895,1337,65,40993,1060
2020-07-15,Brazil,NA,Rio Grande do Sul,11322895,1246,41,42239,1101
2020-07-16,Brazil,NA,Rio Grande do Sul,11322895,3105,40,45344,1141
2020-07-17,Brazil,NA,Rio Grande do Sul,11322895,1366,25,46710,1166
2020-07-18,Brazil,NA,Rio Grande do Sul,11322895,137,63,46847,1229
2020-07-19,Brazil,NA,Rio Grande do Sul,11322895,266,23,47113,1252
2020-07-20,Brazil,NA,Rio Grande do Sul,11322895,336,33,47449,1285
2020-07-21,Brazil,NA,Rio Grande do Sul,11322895,2391,64,49840,1349
2020-07-22,Brazil,NA,Rio Grande do Sul,11322895,3233,48,53073,1397
2020-07-23,Brazil,NA,Rio Grande do Sul,11322895,1768,59,54841,1456
2020-07-24,Brazil,NA,Rio Grande do Sul,11322895,2166,38,57007,1494
2020-07-25,Brazil,NA,Rio Grande do Sul,11322895,2111,60,59118,1554
2020-07-26,Brazil,NA,Rio Grande do Sul,11322895,661,17,59779,1571
2020-07-27,Brazil,NA,Rio Grande do Sul,11322895,265,40,60044,1611
2020-07-28,Brazil,NA,Rio Grande do Sul,11322895,2303,69,62347,1680
2020-07-29,Brazil,NA,Rio Grande do Sul,11322895,2149,70,64496,1750
2020-07-30,Brazil,NA,Rio Grande do Sul,11322895,1977,75,66473,1825
2020-07-31,Brazil,NA,Rio Grande do Sul,11322895,219,51,66692,1876
2020-08-01,Brazil,NA,Rio Grande do Sul,11322895,3764,71,70456,1947
2020-08-02,Brazil,NA,Rio Grande do Sul,11322895,584,27,71040,1974
2020-08-03,Brazil,NA,Rio Grande do Sul,11322895,439,42,71479,2016
2020-08-04,Brazil,NA,Rio Grande do Sul,11322895,2139,83,73618,2099
2020-08-05,Brazil,NA,Rio Grande do Sul,11322895,2945,64,76563,2163
2020-08-06,Brazil,NA,Rio Grande do Sul,11322895,2274,68,78837,2231
2020-08-07,Brazil,NA,Rio Grande do Sul,11322895,189,51,79026,2282
2020-08-08,Brazil,NA,Rio Grande do Sul,11322895,4569,64,83595,2346
2020-08-09,Brazil,NA,Rio Grande do Sul,11322895,396,14,83991,2360
2020-08-10,Brazil,NA,Rio Grande do Sul,11322895,43,57,84034,2417
2020-08-11,Brazil,NA,Rio Grande do Sul,11322895,3381,55,87415,2472
2020-08-12,Brazil,NA,Rio Grande do Sul,11322895,2634,68,90049,2540
2020-08-13,Brazil,NA,Rio Grande do Sul,11322895,2511,44,92560,2584
2020-08-14,Brazil,NA,Rio Grande do Sul,11322895,2582,47,95142,2631
2020-08-15,Brazil,NA,Rio Grande do Sul,11322895,2303,16,97445,2647
2020-08-16,Brazil,NA,Rio Grande do Sul,11322895,432,42,97877,2689
2020-08-17,Brazil,NA,Rio Grande do Sul,11322895,130,55,98007,2744
2020-08-18,Brazil,NA,Rio Grande do Sul,11322895,3210,78,101217,2822
2020-08-19,Brazil,NA,Rio Grande do Sul,11322895,2674,59,103891,2881
2020-08-20,Brazil,NA,Rio Grande do Sul,11322895,177,67,104068,2948
2020-08-21,Brazil,NA,Rio Grande do Sul,11322895,267,45,104335,2993
2020-08-22,Brazil,NA,Rio Grande do Sul,11322895,4504,53,108839,3046
2020-08-23,Brazil,NA,Rio Grande do Sul,11322895,1034,16,109873,3062
2020-08-24,Brazil,NA,Rio Grande do Sul,11322895,80,40,109953,3102
2020-08-25,Brazil,NA,Rio Grande do Sul,11322895,2810,59,112763,3161
2020-08-26,Brazil,NA,Rio Grande do Sul,11322895,3221,74,115984,3235
2020-08-27,Brazil,NA,Rio Grande do Sul,11322895,2331,40,118315,3275
2020-08-28,Brazil,NA,Rio Grande do Sul,11322895,2424,48,120739,3323
2020-08-29,Brazil,NA,Rio Grande do Sul,11322895,3677,62,124416,3385
2020-08-30,Brazil,NA,Rio Grande do Sul,11322895,66,10,124482,3395
2020-08-31,Brazil,NA,Rio Grande do Sul,11322895,1331,40,125813,3435
2020-03-20,Brazil,NA,Rio de Janeiro,16718956,44,0,109,2
2020-03-21,Brazil,NA,Rio de Janeiro,16718956,10,1,119,3
2020-03-22,Brazil,NA,Rio de Janeiro,16718956,67,0,186,3
2020-03-23,Brazil,NA,Rio de Janeiro,16718956,47,1,233,4
2020-03-24,Brazil,NA,Rio de Janeiro,16718956,72,2,305,6
2020-03-25,Brazil,NA,Rio de Janeiro,16718956,65,0,370,6
2020-03-26,Brazil,NA,Rio de Janeiro,16718956,51,3,421,9
2020-03-27,Brazil,NA,Rio de Janeiro,16718956,72,1,493,10
2020-03-28,Brazil,NA,Rio de Janeiro,16718956,65,3,558,13
2020-03-29,Brazil,NA,Rio de Janeiro,16718956,42,4,600,17
2020-03-30,Brazil,NA,Rio de Janeiro,16718956,57,1,657,18
2020-03-31,Brazil,NA,Rio de Janeiro,16718956,51,5,708,23
2020-04-01,Brazil,NA,Rio de Janeiro,16718956,124,5,832,28
2020-04-02,Brazil,NA,Rio de Janeiro,16718956,160,13,992,41
2020-04-03,Brazil,NA,Rio de Janeiro,16718956,82,6,1074,47
2020-04-04,Brazil,NA,Rio de Janeiro,16718956,172,11,1246,58
2020-04-05,Brazil,NA,Rio de Janeiro,16718956,148,6,1394,64
2020-04-06,Brazil,NA,Rio de Janeiro,16718956,67,7,1461,71
2020-04-07,Brazil,NA,Rio de Janeiro,16718956,227,18,1688,89
2020-04-08,Brazil,NA,Rio de Janeiro,16718956,250,17,1938,106
2020-04-09,Brazil,NA,Rio de Janeiro,16718956,278,16,2216,122
2020-04-10,Brazil,NA,Rio de Janeiro,16718956,248,25,2464,147
2020-04-11,Brazil,NA,Rio de Janeiro,16718956,143,8,2607,155
2020-04-12,Brazil,NA,Rio de Janeiro,16718956,248,15,2855,170
2020-04-13,Brazil,NA,Rio de Janeiro,16718956,376,18,3231,188
2020-04-14,Brazil,NA,Rio de Janeiro,16718956,179,36,3410,224
2020-04-15,Brazil,NA,Rio de Janeiro,16718956,333,41,3743,265
2020-04-16,Brazil,NA,Rio de Janeiro,16718956,201,35,3944,300
2020-04-17,Brazil,NA,Rio de Janeiro,16718956,405,41,4349,341
2020-04-18,Brazil,NA,Rio de Janeiro,16718956,194,46,4543,387
2020-04-19,Brazil,NA,Rio de Janeiro,16718956,222,15,4765,402
2020-04-20,Brazil,NA,Rio de Janeiro,16718956,134,20,4899,422
2020-04-21,Brazil,NA,Rio de Janeiro,16718956,407,39,5306,461
2020-04-22,Brazil,NA,Rio de Janeiro,16718956,246,29,5552,490
2020-04-23,Brazil,NA,Rio de Janeiro,16718956,620,40,6172,530
2020-04-24,Brazil,NA,Rio de Janeiro,16718956,110,40,6282,570
2020-04-25,Brazil,NA,Rio de Janeiro,16718956,546,45,6828,615
2020-04-26,Brazil,NA,Rio de Janeiro,16718956,283,30,7111,645
2020-04-27,Brazil,NA,Rio de Janeiro,16718956,833,32,7944,677
2020-04-28,Brazil,NA,Rio de Janeiro,16718956,560,61,8504,738
2020-04-29,Brazil,NA,Rio de Janeiro,16718956,365,56,8869,794
2020-04-30,Brazil,NA,Rio de Janeiro,16718956,584,60,9453,854
2020-05-01,Brazil,NA,Rio de Janeiro,16718956,713,67,10166,921
2020-05-02,Brazil,NA,Rio de Janeiro,16718956,380,50,10546,971
2020-05-03,Brazil,NA,Rio de Janeiro,16718956,593,48,11139,1019
2020-05-04,Brazil,NA,Rio de Janeiro,16718956,582,46,11721,1065
2020-05-05,Brazil,NA,Rio de Janeiro,16718956,670,58,12391,1123
2020-05-06,Brazil,NA,Rio de Janeiro,16718956,904,82,13295,1205
2020-05-07,Brazil,NA,Rio de Janeiro,16718956,861,189,14156,1394
2020-05-08,Brazil,NA,Rio de Janeiro,16718956,1585,109,15741,1503
2020-05-09,Brazil,NA,Rio de Janeiro,16718956,1188,150,16929,1653
2020-05-10,Brazil,NA,Rio de Janeiro,16718956,133,61,17062,1714
2020-05-11,Brazil,NA,Rio de Janeiro,16718956,877,56,17939,1770
2020-05-12,Brazil,NA,Rio de Janeiro,16718956,547,158,18486,1928
2020-05-13,Brazil,NA,Rio de Janeiro,16718956,242,122,18728,2050
2020-05-14,Brazil,NA,Rio de Janeiro,16718956,739,197,19467,2247
2020-05-15,Brazil,NA,Rio de Janeiro,16718956,520,191,19987,2438
2020-05-16,Brazil,NA,Rio de Janeiro,16718956,1614,176,21601,2614
2020-05-17,Brazil,NA,Rio de Janeiro,16718956,637,101,22238,2715
2020-05-18,Brazil,NA,Rio de Janeiro,16718956,4427,137,26665,2852
2020-05-19,Brazil,NA,Rio de Janeiro,16718956,1140,227,27805,3079
2020-05-20,Brazil,NA,Rio de Janeiro,16718956,2567,158,30372,3237
2020-05-21,Brazil,NA,Rio de Janeiro,16718956,1717,175,32089,3412
2020-05-22,Brazil,NA,Rio de Janeiro,16718956,1500,245,33589,3657
2020-05-23,Brazil,NA,Rio de Janeiro,16718956,944,248,34533,3905
2020-05-24,Brazil,NA,Rio de Janeiro,16718956,3379,88,37912,3993
2020-05-25,Brazil,NA,Rio de Janeiro,16718956,1386,112,39298,4105
2020-05-26,Brazil,NA,Rio de Janeiro,16718956,726,256,40024,4361
2020-05-27,Brazil,NA,Rio de Janeiro,16718956,2374,244,42398,4605
2020-05-28,Brazil,NA,Rio de Janeiro,16718956,2488,251,44886,4856
2020-05-29,Brazil,NA,Rio de Janeiro,16718956,3067,223,47953,5079
2020-05-30,Brazil,NA,Rio de Janeiro,16718956,4467,198,52420,5277
2020-05-31,Brazil,NA,Rio de Janeiro,16718956,968,67,53388,5344
2020-06-01,Brazil,NA,Rio de Janeiro,16718956,1142,118,54530,5462
2020-06-02,Brazil,NA,Rio de Janeiro,16718956,2202,224,56732,5686
2020-06-03,Brazil,NA,Rio de Janeiro,16718956,2508,324,59240,6010
2020-06-04,Brazil,NA,Rio de Janeiro,16718956,1692,317,60932,6327
2020-06-05,Brazil,NA,Rio de Janeiro,16718956,2134,146,63066,6473
2020-06-06,Brazil,NA,Rio de Janeiro,16718956,1467,166,64533,6639
2020-06-07,Brazil,NA,Rio de Janeiro,16718956,3223,68,67756,6707
2020-06-08,Brazil,NA,Rio de Janeiro,16718956,1743,74,69499,6781
2020-06-09,Brazil,NA,Rio de Janeiro,16718956,3480,147,72979,6928
2020-06-10,Brazil,NA,Rio de Janeiro,16718956,1394,210,74373,7138
2020-06-11,Brazil,NA,Rio de Janeiro,16718956,1402,225,75775,7363
2020-06-12,Brazil,NA,Rio de Janeiro,16718956,2009,54,77784,7417
2020-06-13,Brazil,NA,Rio de Janeiro,16718956,1052,175,78836,7592
2020-06-14,Brazil,NA,Rio de Janeiro,16718956,736,80,79572,7672
2020-06-15,Brazil,NA,Rio de Janeiro,16718956,1374,56,80946,7728
2020-06-16,Brazil,NA,Rio de Janeiro,16718956,2397,239,83343,7967
2020-06-17,Brazil,NA,Rio de Janeiro,16718956,3620,171,86963,8138
2020-06-18,Brazil,NA,Rio de Janeiro,16718956,354,274,87317,8412
2020-06-19,Brazil,NA,Rio de Janeiro,16718956,6061,183,93378,8595
2020-06-20,Brazil,NA,Rio de Janeiro,16718956,2159,229,95537,8824
2020-06-21,Brazil,NA,Rio de Janeiro,16718956,596,51,96133,8875
2020-06-22,Brazil,NA,Rio de Janeiro,16718956,1439,58,97572,8933
2020-06-23,Brazil,NA,Rio de Janeiro,16718956,3297,220,100869,9153
2020-06-24,Brazil,NA,Rio de Janeiro,16718956,2624,142,103493,9295
2020-06-25,Brazil,NA,Rio de Janeiro,16718956,2404,155,105897,9450
2020-06-26,Brazil,NA,Rio de Janeiro,16718956,2600,137,108497,9587
2020-06-27,Brazil,NA,Rio de Janeiro,16718956,306,202,108803,9789
2020-06-28,Brazil,NA,Rio de Janeiro,16718956,2495,30,111298,9819
2020-06-29,Brazil,NA,Rio de Janeiro,16718956,585,29,111883,9848
2020-06-30,Brazil,NA,Rio de Janeiro,16718956,728,232,112611,10080
2020-07-01,Brazil,NA,Rio de Janeiro,16718956,2667,118,115278,10198
2020-07-02,Brazil,NA,Rio de Janeiro,16718956,1545,134,116823,10332
2020-07-03,Brazil,NA,Rio de Janeiro,16718956,2133,168,118956,10500
2020-07-04,Brazil,NA,Rio de Janeiro,16718956,1484,124,120440,10624
2020-07-05,Brazil,NA,Rio de Janeiro,16718956,852,43,121292,10667
2020-07-06,Brazil,NA,Rio de Janeiro,16718956,587,31,121879,10698
2020-07-07,Brazil,NA,Rio de Janeiro,16718956,2207,183,124086,10881
2020-07-08,Brazil,NA,Rio de Janeiro,16718956,2243,89,126329,10970
2020-07-09,Brazil,NA,Rio de Janeiro,16718956,1995,145,128324,11115
2020-07-10,Brazil,NA,Rio de Janeiro,16718956,1119,165,129443,11280
2020-07-11,Brazil,NA,Rio de Janeiro,16718956,232,126,129675,11406
2020-07-12,Brazil,NA,Rio de Janeiro,16718956,9,9,129684,11415
2020-07-13,Brazil,NA,Rio de Janeiro,16718956,2360,59,132044,11474
2020-07-14,Brazil,NA,Rio de Janeiro,16718956,778,150,132822,11624
2020-07-15,Brazil,NA,Rio de Janeiro,16718956,1627,133,134449,11757
2020-07-16,Brazil,NA,Rio de Janeiro,16718956,124,92,134573,11849
2020-07-17,Brazil,NA,Rio de Janeiro,16718956,657,70,135230,11919
2020-07-18,Brazil,NA,Rio de Janeiro,16718956,0,0,135230,11919
2020-07-19,Brazil,NA,Rio de Janeiro,16718956,3294,195,138524,12114
2020-07-20,Brazil,NA,Rio de Janeiro,16718956,2481,47,141005,12161
2020-07-21,Brazil,NA,Rio de Janeiro,16718956,4116,132,145121,12293
2020-07-22,Brazil,NA,Rio de Janeiro,16718956,3502,150,148623,12443
2020-07-23,Brazil,NA,Rio de Janeiro,16718956,2926,92,151549,12535
2020-07-24,Brazil,NA,Rio de Janeiro,16718956,3330,119,154879,12654
2020-07-25,Brazil,NA,Rio de Janeiro,16718956,1414,154,156293,12808
2020-07-26,Brazil,NA,Rio de Janeiro,16718956,32,27,156325,12835
2020-07-27,Brazil,NA,Rio de Janeiro,16718956,1509,41,157834,12876
2020-07-28,Brazil,NA,Rio de Janeiro,16718956,1805,157,159639,13033
2020-07-29,Brazil,NA,Rio de Janeiro,16718956,2008,165,161647,13198
2020-07-30,Brazil,NA,Rio de Janeiro,16718956,1995,150,163642,13348
2020-07-31,Brazil,NA,Rio de Janeiro,16718956,1853,129,165495,13477
2020-08-01,Brazil,NA,Rio de Janeiro,16718956,1718,79,167213,13556
2020-08-02,Brazil,NA,Rio de Janeiro,16718956,12,16,167225,13572
2020-08-03,Brazil,NA,Rio de Janeiro,16718956,839,32,168064,13604
2020-08-04,Brazil,NA,Rio de Janeiro,16718956,847,111,168911,13715
2020-08-05,Brazil,NA,Rio de Janeiro,16718956,3768,140,172679,13855
2020-08-06,Brazil,NA,Rio de Janeiro,16718956,1385,86,174064,13941
2020-08-07,Brazil,NA,Rio de Janeiro,16718956,1632,87,175696,14028
2020-08-08,Brazil,NA,Rio de Janeiro,16718956,2828,42,178524,14070
2020-08-09,Brazil,NA,Rio de Janeiro,16718956,326,10,178850,14080
2020-08-10,Brazil,NA,Rio de Janeiro,16718956,1166,28,180016,14108
2020-08-11,Brazil,NA,Rio de Janeiro,16718956,2547,104,182563,14212
2020-08-12,Brazil,NA,Rio de Janeiro,16718956,3047,83,185610,14295
2020-08-13,Brazil,NA,Rio de Janeiro,16718956,2475,117,188085,14412
2020-08-14,Brazil,NA,Rio de Janeiro,16718956,1806,95,189891,14507
2020-08-15,Brazil,NA,Rio de Janeiro,16718956,723,19,190614,14526
2020-08-16,Brazil,NA,Rio de Janeiro,16718956,3665,36,194279,14562
2020-08-17,Brazil,NA,Rio de Janeiro,16718956,372,4,194651,14566
2020-08-18,Brazil,NA,Rio de Janeiro,16718956,4829,162,199480,14728
2020-08-19,Brazil,NA,Rio de Janeiro,16718956,3513,185,202993,14913
2020-08-20,Brazil,NA,Rio de Janeiro,16718956,2923,161,205916,15074
2020-08-21,Brazil,NA,Rio de Janeiro,16718956,1120,128,207036,15202
2020-08-22,Brazil,NA,Rio de Janeiro,16718956,3428,65,210464,15267
2020-08-23,Brazil,NA,Rio de Janeiro,16718956,484,25,210948,15292
2020-08-24,Brazil,NA,Rio de Janeiro,16718956,412,100,211360,15392
2020-08-25,Brazil,NA,Rio de Janeiro,16718956,2643,168,214003,15560
2020-08-26,Brazil,NA,Rio de Janeiro,16718956,2672,140,216675,15700
2020-08-27,Brazil,NA,Rio de Janeiro,16718956,2523,159,219198,15859
2020-08-28,Brazil,NA,Rio de Janeiro,16718956,0,0,219198,15859
2020-08-29,Brazil,NA,Rio de Janeiro,16718956,3759,157,222957,16016
2020-08-30,Brazil,NA,Rio de Janeiro,16718956,345,11,223302,16027
2020-08-31,Brazil,NA,Rio de Janeiro,16718956,329,38,223631,16065
2020-04-18,Brazil,NA,Rondonia,1590011,18,0,110,3
2020-04-19,Brazil,NA,Rondonia,1590011,18,1,128,4
2020-04-20,Brazil,NA,Rondonia,1590011,32,0,160,4
2020-04-21,Brazil,NA,Rondonia,1590011,39,0,199,4
2020-04-22,Brazil,NA,Rondonia,1590011,24,1,223,5
2020-04-23,Brazil,NA,Rondonia,1590011,27,0,250,5
2020-04-24,Brazil,NA,Rondonia,1590011,40,0,290,5
2020-04-25,Brazil,NA,Rondonia,1590011,38,2,328,7
2020-04-26,Brazil,NA,Rondonia,1590011,36,3,364,10
2020-04-27,Brazil,NA,Rondonia,1590011,29,0,393,10
2020-04-28,Brazil,NA,Rondonia,1590011,20,1,413,11
2020-04-29,Brazil,NA,Rondonia,1590011,20,4,433,15
2020-04-30,Brazil,NA,Rondonia,1590011,69,1,502,16
2020-05-01,Brazil,NA,Rondonia,1590011,83,2,585,18
2020-05-02,Brazil,NA,Rondonia,1590011,68,5,653,23
2020-05-03,Brazil,NA,Rondonia,1590011,52,1,705,24
2020-05-04,Brazil,NA,Rondonia,1590011,51,1,756,25
2020-05-05,Brazil,NA,Rondonia,1590011,105,4,861,29
2020-05-06,Brazil,NA,Rondonia,1590011,82,4,943,33
2020-05-07,Brazil,NA,Rondonia,1590011,155,4,1098,37
2020-05-08,Brazil,NA,Rondonia,1590011,124,2,1222,39
2020-05-09,Brazil,NA,Rondonia,1590011,41,2,1263,41
2020-05-10,Brazil,NA,Rondonia,1590011,39,2,1302,43
2020-05-11,Brazil,NA,Rondonia,1590011,94,4,1396,47
2020-05-12,Brazil,NA,Rondonia,1590011,64,3,1460,50
2020-05-13,Brazil,NA,Rondonia,1590011,152,0,1612,50
2020-05-14,Brazil,NA,Rondonia,1590011,74,6,1686,56
2020-05-15,Brazil,NA,Rondonia,1590011,103,6,1789,62
2020-05-16,Brazil,NA,Rondonia,1590011,130,7,1919,69
2020-05-17,Brazil,NA,Rondonia,1590011,44,5,1963,74
2020-05-18,Brazil,NA,Rondonia,1590011,80,3,2043,77
2020-05-19,Brazil,NA,Rondonia,1590011,214,10,2257,87
2020-05-20,Brazil,NA,Rondonia,1590011,242,3,2499,90
2020-05-21,Brazil,NA,Rondonia,1590011,160,11,2659,101
2020-05-22,Brazil,NA,Rondonia,1590011,115,5,2774,106
2020-05-23,Brazil,NA,Rondonia,1590011,335,9,3109,115
2020-05-24,Brazil,NA,Rondonia,1590011,92,6,3201,121
2020-05-25,Brazil,NA,Rondonia,1590011,67,0,3268,121
2020-05-26,Brazil,NA,Rondonia,1590011,225,12,3493,133
2020-05-27,Brazil,NA,Rondonia,1590011,369,4,3862,137
2020-05-28,Brazil,NA,Rondonia,1590011,390,5,4252,142
2020-05-29,Brazil,NA,Rondonia,1590011,250,3,4502,145
2020-05-30,Brazil,NA,Rondonia,1590011,241,6,4743,151
2020-05-31,Brazil,NA,Rondonia,1590011,199,5,4942,156
2020-06-01,Brazil,NA,Rondonia,1590011,230,3,5172,159
2020-06-02,Brazil,NA,Rondonia,1590011,305,13,5477,172
2020-06-03,Brazil,NA,Rondonia,1590011,236,8,5713,180
2020-06-04,Brazil,NA,Rondonia,1590011,746,14,6459,194
2020-06-05,Brazil,NA,Rondonia,1590011,403,19,6862,213
2020-06-06,Brazil,NA,Rondonia,1590011,838,15,7700,228
2020-06-07,Brazil,NA,Rondonia,1590011,410,7,8110,235
2020-06-08,Brazil,NA,Rondonia,1590011,516,10,8626,245
2020-06-09,Brazil,NA,Rondonia,1590011,594,10,9220,255
2020-06-10,Brazil,NA,Rondonia,1590011,630,12,9850,267
2020-06-11,Brazil,NA,Rondonia,1590011,697,26,10547,293
2020-06-12,Brazil,NA,Rondonia,1590011,677,3,11224,296
2020-06-13,Brazil,NA,Rondonia,1590011,486,13,11710,309
2020-06-14,Brazil,NA,Rondonia,1590011,155,15,11865,324
2020-06-15,Brazil,NA,Rondonia,1590011,315,8,12180,332
2020-06-16,Brazil,NA,Rondonia,1590011,830,14,13010,346
2020-06-17,Brazil,NA,Rondonia,1590011,557,14,13567,360
2020-06-18,Brazil,NA,Rondonia,1590011,237,14,13804,374
2020-06-19,Brazil,NA,Rondonia,1590011,549,17,14353,391
2020-06-20,Brazil,NA,Rondonia,1590011,599,18,14952,409
2020-06-21,Brazil,NA,Rondonia,1590011,229,8,15181,417
2020-06-22,Brazil,NA,Rondonia,1590011,646,14,15827,431
2020-06-23,Brazil,NA,Rondonia,1590011,671,13,16498,444
2020-06-24,Brazil,NA,Rondonia,1590011,926,11,17424,455
2020-06-25,Brazil,NA,Rondonia,1590011,749,12,18173,467
2020-06-26,Brazil,NA,Rondonia,1590011,1098,9,19271,476
2020-06-27,Brazil,NA,Rondonia,1590011,0,0,19271,476
2020-06-28,Brazil,NA,Rondonia,1590011,549,10,19820,486
2020-06-29,Brazil,NA,Rondonia,1590011,586,14,20406,500
2020-06-30,Brazil,NA,Rondonia,1590011,845,18,21251,518
2020-07-01,Brazil,NA,Rondonia,1590011,211,2,21462,520
2020-07-02,Brazil,NA,Rondonia,1590011,508,10,21970,530
2020-07-03,Brazil,NA,Rondonia,1590011,271,3,22241,533
2020-07-04,Brazil,NA,Rondonia,1590011,716,15,22957,548
2020-07-05,Brazil,NA,Rondonia,1590011,522,7,23479,555
2020-07-06,Brazil,NA,Rondonia,1590011,442,3,23921,558
2020-07-07,Brazil,NA,Rondonia,1590011,643,19,24564,577
2020-07-08,Brazil,NA,Rondonia,1590011,503,8,25067,585
2020-07-09,Brazil,NA,Rondonia,1590011,335,4,25402,589
2020-07-10,Brazil,NA,Rondonia,1590011,598,16,26000,605
2020-07-11,Brazil,NA,Rondonia,1590011,496,12,26496,617
2020-07-12,Brazil,NA,Rondonia,1590011,232,11,26728,628
2020-07-13,Brazil,NA,Rondonia,1590011,322,19,27050,647
2020-07-14,Brazil,NA,Rondonia,1590011,478,16,27528,663
2020-07-15,Brazil,NA,Rondonia,1590011,389,5,27917,668
2020-07-16,Brazil,NA,Rondonia,1590011,737,9,28654,677
2020-07-17,Brazil,NA,Rondonia,1590011,463,9,29117,686
2020-07-18,Brazil,NA,Rondonia,1590011,0,0,29117,686
2020-07-19,Brazil,NA,Rondonia,1590011,0,0,29117,686
2020-07-20,Brazil,NA,Rondonia,1590011,684,24,29801,710
2020-07-21,Brazil,NA,Rondonia,1590011,841,17,30642,727
2020-07-22,Brazil,NA,Rondonia,1590011,2293,31,32935,758
2020-07-23,Brazil,NA,Rondonia,1590011,1145,26,34080,784
2020-07-24,Brazil,NA,Rondonia,1590011,793,17,34873,801
2020-07-25,Brazil,NA,Rondonia,1590011,700,9,35573,810
2020-07-26,Brazil,NA,Rondonia,1590011,237,4,35810,814
2020-07-27,Brazil,NA,Rondonia,1590011,338,16,36148,830
2020-07-28,Brazil,NA,Rondonia,1590011,701,10,36849,840
2020-07-29,Brazil,NA,Rondonia,1590011,785,15,37634,855
2020-07-30,Brazil,NA,Rondonia,1590011,773,9,38407,864
2020-07-31,Brazil,NA,Rondonia,1590011,585,8,38992,872
2020-08-01,Brazil,NA,Rondonia,1590011,512,9,39504,881
2020-08-02,Brazil,NA,Rondonia,1590011,389,3,39893,884
2020-08-03,Brazil,NA,Rondonia,1590011,123,4,40016,888
2020-08-04,Brazil,NA,Rondonia,1590011,1223,10,41239,898
2020-08-05,Brazil,NA,Rondonia,1590011,781,20,42020,918
2020-08-06,Brazil,NA,Rondonia,1590011,705,5,42725,923
2020-08-07,Brazil,NA,Rondonia,1590011,665,11,43390,934
2020-08-08,Brazil,NA,Rondonia,1590011,476,6,43866,940
2020-08-09,Brazil,NA,Rondonia,1590011,144,3,44010,943
2020-08-10,Brazil,NA,Rondonia,1590011,362,1,44372,944
2020-08-11,Brazil,NA,Rondonia,1590011,1096,22,45468,966
2020-08-12,Brazil,NA,Rondonia,1590011,593,15,46061,981
2020-08-13,Brazil,NA,Rondonia,1590011,615,12,46676,993
2020-08-14,Brazil,NA,Rondonia,1590011,612,8,47288,1001
2020-08-15,Brazil,NA,Rondonia,1590011,364,11,47652,1012
2020-08-16,Brazil,NA,Rondonia,1590011,185,1,47837,1013
2020-08-17,Brazil,NA,Rondonia,1590011,395,4,48232,1017
2020-08-18,Brazil,NA,Rondonia,1590011,691,9,48923,1026
2020-08-19,Brazil,NA,Rondonia,1590011,798,11,49721,1037
2020-08-20,Brazil,NA,Rondonia,1590011,426,8,50147,1045
2020-08-21,Brazil,NA,Rondonia,1590011,367,5,50514,1050
2020-08-22,Brazil,NA,Rondonia,1590011,481,11,50995,1061
2020-08-23,Brazil,NA,Rondonia,1590011,426,4,51421,1065
2020-08-24,Brazil,NA,Rondonia,1590011,370,8,51791,1073
2020-08-25,Brazil,NA,Rondonia,1590011,723,14,52514,1087
2020-08-26,Brazil,NA,Rondonia,1590011,605,13,53119,1100
2020-08-27,Brazil,NA,Rondonia,1590011,686,9,53805,1109
2020-08-28,Brazil,NA,Rondonia,1590011,400,5,54205,1114
2020-08-29,Brazil,NA,Rondonia,1590011,291,11,54496,1125
2020-08-30,Brazil,NA,Rondonia,1590011,183,4,54679,1129
2020-08-31,Brazil,NA,Rondonia,1590011,474,19,55153,1148
2020-04-14,Brazil,NA,Roraima,1805788,30,0,113,3
2020-04-15,Brazil,NA,Roraima,1805788,1,0,114,3
2020-04-16,Brazil,NA,Roraima,1805788,28,0,142,3
2020-04-17,Brazil,NA,Roraima,1805788,22,0,164,3
2020-04-18,Brazil,NA,Roraima,1805788,37,0,201,3
2020-04-19,Brazil,NA,Roraima,1805788,21,0,222,3
2020-04-20,Brazil,NA,Roraima,1805788,22,0,244,3
2020-04-21,Brazil,NA,Roraima,1805788,3,0,247,3
2020-04-22,Brazil,NA,Roraima,1805788,33,0,280,3
2020-04-23,Brazil,NA,Roraima,1805788,17,0,297,3
2020-04-24,Brazil,NA,Roraima,1805788,7,0,304,3
2020-04-25,Brazil,NA,Roraima,1805788,41,0,345,3
2020-04-26,Brazil,NA,Roraima,1805788,56,1,401,4
2020-04-27,Brazil,NA,Roraima,1805788,6,0,407,4
2020-04-28,Brazil,NA,Roraima,1805788,18,2,425,6
2020-04-29,Brazil,NA,Roraima,1805788,27,0,452,6
2020-04-30,Brazil,NA,Roraima,1805788,67,1,519,7
2020-05-01,Brazil,NA,Roraima,1805788,83,1,602,8
2020-05-02,Brazil,NA,Roraima,1805788,66,1,668,9
2020-05-03,Brazil,NA,Roraima,1805788,72,2,740,11
2020-05-04,Brazil,NA,Roraima,1805788,66,0,806,11
2020-05-05,Brazil,NA,Roraima,1805788,63,0,869,11
2020-05-06,Brazil,NA,Roraima,1805788,63,2,932,13
2020-05-07,Brazil,NA,Roraima,1805788,88,1,1020,14
2020-05-08,Brazil,NA,Roraima,1805788,104,2,1124,16
2020-05-09,Brazil,NA,Roraima,1805788,78,2,1202,18
2020-05-10,Brazil,NA,Roraima,1805788,88,3,1290,21
2020-05-11,Brazil,NA,Roraima,1805788,5,3,1295,24
2020-05-12,Brazil,NA,Roraima,1805788,33,3,1328,27
2020-05-13,Brazil,NA,Roraima,1805788,83,2,1411,29
2020-05-14,Brazil,NA,Roraima,1805788,89,8,1500,37
2020-05-15,Brazil,NA,Roraima,1805788,89,3,1589,40
2020-05-16,Brazil,NA,Roraima,1805788,117,9,1706,49
2020-05-17,Brazil,NA,Roraima,1805788,85,2,1791,51
2020-05-18,Brazil,NA,Roraima,1805788,85,9,1876,60
2020-05-19,Brazil,NA,Roraima,1805788,109,1,1985,61
2020-05-20,Brazil,NA,Roraima,1805788,82,3,2067,64
2020-05-21,Brazil,NA,Roraima,1805788,79,8,2146,72
2020-05-22,Brazil,NA,Roraima,1805788,160,9,2306,81
2020-05-23,Brazil,NA,Roraima,1805788,68,0,2374,81
2020-05-24,Brazil,NA,Roraima,1805788,65,3,2439,84
2020-05-25,Brazil,NA,Roraima,1805788,75,2,2514,86
2020-05-26,Brazil,NA,Roraima,1805788,69,16,2583,102
2020-05-27,Brazil,NA,Roraima,1805788,99,0,2682,102
2020-05-28,Brazil,NA,Roraima,1805788,277,0,2959,102
2020-05-29,Brazil,NA,Roraima,1805788,139,6,3098,108
2020-05-30,Brazil,NA,Roraima,1805788,201,2,3299,110
2020-05-31,Brazil,NA,Roraima,1805788,175,6,3474,116
2020-06-01,Brazil,NA,Roraima,1805788,218,0,3692,116
2020-06-02,Brazil,NA,Roraima,1805788,158,4,3850,120
2020-06-03,Brazil,NA,Roraima,1805788,293,4,4143,124
2020-06-04,Brazil,NA,Roraima,1805788,340,3,4483,127
2020-06-05,Brazil,NA,Roraima,1805788,348,12,4831,139
2020-06-06,Brazil,NA,Roraima,1805788,407,0,5238,139
2020-06-07,Brazil,NA,Roraima,1805788,291,3,5529,142
2020-06-08,Brazil,NA,Roraima,1805788,239,3,5768,145
2020-06-09,Brazil,NA,Roraima,1805788,288,23,6056,168
2020-06-10,Brazil,NA,Roraima,1805788,291,14,6347,182
2020-06-11,Brazil,NA,Roraima,1805788,247,6,6594,188
2020-06-12,Brazil,NA,Roraima,1805788,118,4,6712,192
2020-06-13,Brazil,NA,Roraima,1805788,130,5,6842,197
2020-06-14,Brazil,NA,Roraima,1805788,33,3,6875,200
2020-06-15,Brazil,NA,Roraima,1805788,6,3,6881,203
2020-06-16,Brazil,NA,Roraima,1805788,54,13,6935,216
2020-06-17,Brazil,NA,Roraima,1805788,215,8,7150,224
2020-06-18,Brazil,NA,Roraima,1805788,271,7,7421,231
2020-06-19,Brazil,NA,Roraima,1805788,229,8,7650,239
2020-06-20,Brazil,NA,Roraima,1805788,387,6,8037,245
2020-06-21,Brazil,NA,Roraima,1805788,83,6,8120,251
2020-06-22,Brazil,NA,Roraima,1805788,68,0,8188,251
2020-06-23,Brazil,NA,Roraima,1805788,2152,0,10340,250
2020-06-24,Brazil,NA,Roraima,1805788,463,9,10803,259
2020-06-25,Brazil,NA,Roraima,1805788,1069,12,11872,271
2020-06-26,Brazil,NA,Roraima,1805788,1039,2,12911,273
2020-06-27,Brazil,NA,Roraima,1805788,167,8,13078,281
2020-06-28,Brazil,NA,Roraima,1805788,1263,0,14341,281
2020-06-29,Brazil,NA,Roraima,1805788,118,0,14459,281
2020-06-30,Brazil,NA,Roraima,1805788,182,2,14641,283
2020-07-01,Brazil,NA,Roraima,1805788,512,31,15153,314
2020-07-02,Brazil,NA,Roraima,1805788,2430,40,17583,354
2020-07-03,Brazil,NA,Roraima,1805788,740,4,18323,358
2020-07-04,Brazil,NA,Roraima,1805788,446,6,18769,364
2020-07-05,Brazil,NA,Roraima,1805788,153,4,18922,368
2020-07-06,Brazil,NA,Roraima,1805788,26,3,18948,371
2020-07-07,Brazil,NA,Roraima,1805788,140,5,19088,376
2020-07-08,Brazil,NA,Roraima,1805788,196,10,19284,386
2020-07-09,Brazil,NA,Roraima,1805788,870,7,20154,393
2020-07-10,Brazil,NA,Roraima,1805788,1066,0,21220,393
2020-07-11,Brazil,NA,Roraima,1805788,629,3,21849,396
2020-07-12,Brazil,NA,Roraima,1805788,376,0,22225,396
2020-07-13,Brazil,NA,Roraima,1805788,402,1,22627,397
2020-07-14,Brazil,NA,Roraima,1805788,341,1,22968,398
2020-07-15,Brazil,NA,Roraima,1805788,713,5,23681,403
2020-07-16,Brazil,NA,Roraima,1805788,716,12,24397,415
2020-07-17,Brazil,NA,Roraima,1805788,610,10,25007,425
2020-07-18,Brazil,NA,Roraima,1805788,366,4,25373,429
2020-07-19,Brazil,NA,Roraima,1805788,94,0,25467,429
2020-07-20,Brazil,NA,Roraima,1805788,219,2,25686,431
2020-07-21,Brazil,NA,Roraima,1805788,299,4,25985,435
2020-07-22,Brazil,NA,Roraima,1805788,969,16,26954,451
2020-07-23,Brazil,NA,Roraima,1805788,978,7,27932,458
2020-07-24,Brazil,NA,Roraima,1805788,942,7,28874,465
2020-07-25,Brazil,NA,Roraima,1805788,520,8,29394,473
2020-07-26,Brazil,NA,Roraima,1805788,435,0,29829,473
2020-07-27,Brazil,NA,Roraima,1805788,73,1,29902,474
2020-07-28,Brazil,NA,Roraima,1805788,414,5,30316,479
2020-07-29,Brazil,NA,Roraima,1805788,680,14,30996,493
2020-07-30,Brazil,NA,Roraima,1805788,459,8,31455,501
2020-07-31,Brazil,NA,Roraima,1805788,561,4,32016,505
2020-08-01,Brazil,NA,Roraima,1805788,707,8,32723,513
2020-08-02,Brazil,NA,Roraima,1805788,428,0,33151,513
2020-08-03,Brazil,NA,Roraima,1805788,37,0,33188,513
2020-08-04,Brazil,NA,Roraima,1805788,6,15,33194,528
2020-08-05,Brazil,NA,Roraima,1805788,1102,4,34296,532
2020-08-06,Brazil,NA,Roraima,1805788,633,6,34929,538
2020-08-07,Brazil,NA,Roraima,1805788,611,6,35540,544
2020-08-08,Brazil,NA,Roraima,1805788,393,3,35933,547
2020-08-09,Brazil,NA,Roraima,1805788,454,0,36387,547
2020-08-10,Brazil,NA,Roraima,1805788,62,0,36449,547
2020-08-11,Brazil,NA,Roraima,1805788,557,4,37006,551
2020-08-12,Brazil,NA,Roraima,1805788,573,4,37579,555
2020-08-13,Brazil,NA,Roraima,1805788,691,6,38270,561
2020-08-14,Brazil,NA,Roraima,1805788,627,4,38897,565
2020-08-15,Brazil,NA,Roraima,1805788,500,3,39397,568
2020-08-16,Brazil,NA,Roraima,1805788,226,0,39623,568
2020-08-17,Brazil,NA,Roraima,1805788,42,0,39665,568
2020-08-18,Brazil,NA,Roraima,1805788,518,6,40183,574
2020-08-19,Brazil,NA,Roraima,1805788,318,1,40501,575
2020-08-20,Brazil,NA,Roraima,1805788,488,1,40989,576
2020-08-21,Brazil,NA,Roraima,1805788,202,0,41191,576
2020-08-22,Brazil,NA,Roraima,1805788,336,3,41527,579
2020-08-23,Brazil,NA,Roraima,1805788,203,0,41730,579
2020-08-24,Brazil,NA,Roraima,1805788,40,0,41770,579
2020-08-25,Brazil,NA,Roraima,1805788,274,3,42044,582
2020-08-26,Brazil,NA,Roraima,1805788,315,0,42359,582
2020-08-27,Brazil,NA,Roraima,1805788,331,4,42690,586
2020-08-28,Brazil,NA,Roraima,1805788,307,1,42997,587
2020-08-29,Brazil,NA,Roraima,1805788,302,0,43299,587
2020-08-30,Brazil,NA,Roraima,1805788,171,0,43470,587
2020-08-31,Brazil,NA,Roraima,1805788,48,0,43518,587
2020-03-24,Brazil,NA,Santa Catarina,7001161,39,0,107,0
2020-03-25,Brazil,NA,Santa Catarina,7001161,2,0,109,0
2020-03-26,Brazil,NA,Santa Catarina,7001161,13,1,122,1
2020-03-27,Brazil,NA,Santa Catarina,7001161,27,0,149,1
2020-03-28,Brazil,NA,Santa Catarina,7001161,35,0,184,1
2020-03-29,Brazil,NA,Santa Catarina,7001161,10,0,194,1
2020-03-30,Brazil,NA,Santa Catarina,7001161,3,0,197,1
2020-03-31,Brazil,NA,Santa Catarina,7001161,22,1,219,2
2020-04-01,Brazil,NA,Santa Catarina,7001161,16,0,235,2
2020-04-02,Brazil,NA,Santa Catarina,7001161,12,0,247,2
2020-04-03,Brazil,NA,Santa Catarina,7001161,34,3,281,5
2020-04-04,Brazil,NA,Santa Catarina,7001161,53,0,334,5
2020-04-05,Brazil,NA,Santa Catarina,7001161,23,5,357,10
2020-04-06,Brazil,NA,Santa Catarina,7001161,22,0,379,10
2020-04-07,Brazil,NA,Santa Catarina,7001161,38,1,417,11
2020-04-08,Brazil,NA,Santa Catarina,7001161,40,4,457,15
2020-04-09,Brazil,NA,Santa Catarina,7001161,44,2,501,17
2020-04-10,Brazil,NA,Santa Catarina,7001161,192,1,693,18
2020-04-11,Brazil,NA,Santa Catarina,7001161,39,3,732,21
2020-04-12,Brazil,NA,Santa Catarina,7001161,36,3,768,24
2020-04-13,Brazil,NA,Santa Catarina,7001161,9,0,777,24
2020-04-14,Brazil,NA,Santa Catarina,7001161,49,2,826,26
2020-04-15,Brazil,NA,Santa Catarina,7001161,27,2,853,28
2020-04-16,Brazil,NA,Santa Catarina,7001161,31,1,884,29
2020-04-17,Brazil,NA,Santa Catarina,7001161,42,1,926,30
2020-04-18,Brazil,NA,Santa Catarina,7001161,36,1,962,31
2020-04-19,Brazil,NA,Santa Catarina,7001161,13,1,975,32
2020-04-20,Brazil,NA,Santa Catarina,7001161,50,3,1025,35
2020-04-21,Brazil,NA,Santa Catarina,7001161,38,0,1063,35
2020-04-22,Brazil,NA,Santa Catarina,7001161,28,2,1091,37
2020-04-23,Brazil,NA,Santa Catarina,7001161,24,2,1115,39
2020-04-24,Brazil,NA,Santa Catarina,7001161,55,3,1170,42
2020-04-25,Brazil,NA,Santa Catarina,7001161,39,0,1209,42
2020-04-26,Brazil,NA,Santa Catarina,7001161,26,0,1235,42
2020-04-27,Brazil,NA,Santa Catarina,7001161,102,1,1337,43
2020-04-28,Brazil,NA,Santa Catarina,7001161,139,1,1476,44
2020-04-29,Brazil,NA,Santa Catarina,7001161,519,0,1995,44
2020-04-30,Brazil,NA,Santa Catarina,7001161,90,2,2085,46
2020-05-01,Brazil,NA,Santa Catarina,7001161,19,2,2104,48
2020-05-02,Brazil,NA,Santa Catarina,7001161,242,4,2346,52
2020-05-03,Brazil,NA,Santa Catarina,7001161,0,0,2346,52
2020-05-04,Brazil,NA,Santa Catarina,7001161,173,0,2519,52
2020-05-05,Brazil,NA,Santa Catarina,7001161,104,3,2623,55
2020-05-06,Brazil,NA,Santa Catarina,7001161,294,4,2917,59
2020-05-07,Brazil,NA,Santa Catarina,7001161,165,4,3082,63
2020-05-08,Brazil,NA,Santa Catarina,7001161,123,0,3205,63
2020-05-09,Brazil,NA,Santa Catarina,7001161,167,1,3372,64
2020-05-10,Brazil,NA,Santa Catarina,7001161,57,1,3429,65
2020-05-11,Brazil,NA,Santa Catarina,7001161,100,4,3529,69
2020-05-12,Brazil,NA,Santa Catarina,7001161,204,4,3733,73
2020-05-13,Brazil,NA,Santa Catarina,7001161,95,0,3828,73
2020-05-14,Brazil,NA,Santa Catarina,7001161,504,5,4332,78
2020-05-15,Brazil,NA,Santa Catarina,7001161,230,1,4562,79
2020-05-16,Brazil,NA,Santa Catarina,7001161,116,2,4678,81
2020-05-17,Brazil,NA,Santa Catarina,7001161,98,2,4776,83
2020-05-18,Brazil,NA,Santa Catarina,7001161,399,2,5175,85
2020-05-19,Brazil,NA,Santa Catarina,7001161,238,6,5413,91
2020-05-20,Brazil,NA,Santa Catarina,7001161,86,3,5499,94
2020-05-21,Brazil,NA,Santa Catarina,7001161,111,4,5610,98
2020-05-22,Brazil,NA,Santa Catarina,7001161,848,2,6458,100
2020-05-23,Brazil,NA,Santa Catarina,7001161,149,3,6607,103
2020-05-24,Brazil,NA,Santa Catarina,7001161,89,2,6696,105
2020-05-25,Brazil,NA,Santa Catarina,7001161,179,4,6875,109
2020-05-26,Brazil,NA,Santa Catarina,7001161,141,12,7016,121
2020-05-27,Brazil,NA,Santa Catarina,7001161,356,5,7372,126
2020-05-28,Brazil,NA,Santa Catarina,7001161,628,5,8000,131
2020-05-29,Brazil,NA,Santa Catarina,7001161,530,3,8530,134
2020-05-30,Brazil,NA,Santa Catarina,7001161,248,2,8778,136
2020-05-31,Brazil,NA,Santa Catarina,7001161,259,7,9037,143
2020-06-01,Brazil,NA,Santa Catarina,7001161,461,3,9498,146
2020-06-02,Brazil,NA,Santa Catarina,7001161,162,2,9660,148
2020-06-03,Brazil,NA,Santa Catarina,7001161,374,4,10034,152
2020-06-04,Brazil,NA,Santa Catarina,7001161,498,4,10532,156
2020-06-05,Brazil,NA,Santa Catarina,7001161,314,3,10846,159
2020-06-06,Brazil,NA,Santa Catarina,7001161,439,7,11285,166
2020-06-07,Brazil,NA,Santa Catarina,7001161,280,5,11565,171
2020-06-08,Brazil,NA,Santa Catarina,7001161,0,0,11565,171
2020-06-09,Brazil,NA,Santa Catarina,7001161,627,8,12192,179
2020-06-10,Brazil,NA,Santa Catarina,7001161,402,5,12594,184
2020-06-11,Brazil,NA,Santa Catarina,7001161,359,2,12953,186
2020-06-12,Brazil,NA,Santa Catarina,7001161,212,5,13165,191
2020-06-13,Brazil,NA,Santa Catarina,7001161,131,2,13296,193
2020-06-14,Brazil,NA,Santa Catarina,7001161,64,2,13360,195
2020-06-15,Brazil,NA,Santa Catarina,7001161,600,4,13960,199
2020-06-16,Brazil,NA,Santa Catarina,7001161,442,13,14402,212
2020-06-17,Brazil,NA,Santa Catarina,7001161,613,4,15015,216
2020-06-18,Brazil,NA,Santa Catarina,7001161,558,6,15573,222
2020-06-19,Brazil,NA,Santa Catarina,7001161,749,12,16322,234
2020-06-20,Brazil,NA,Santa Catarina,7001161,786,3,17108,237
2020-06-21,Brazil,NA,Santa Catarina,7001161,474,9,17582,246
2020-06-22,Brazil,NA,Santa Catarina,7001161,355,10,17937,256
2020-06-23,Brazil,NA,Santa Catarina,7001161,1307,7,19244,263
2020-06-24,Brazil,NA,Santa Catarina,7001161,1677,16,20921,279
2020-06-25,Brazil,NA,Santa Catarina,7001161,1030,10,21951,289
2020-06-26,Brazil,NA,Santa Catarina,7001161,996,9,22947,298
2020-06-27,Brazil,NA,Santa Catarina,7001161,861,6,23808,304
2020-06-28,Brazil,NA,Santa Catarina,7001161,556,8,24364,312
2020-06-29,Brazil,NA,Santa Catarina,7001161,692,12,25056,324
2020-06-30,Brazil,NA,Santa Catarina,7001161,1298,17,26354,341
2020-07-01,Brazil,NA,Santa Catarina,7001161,925,6,27279,347
2020-07-02,Brazil,NA,Santa Catarina,7001161,1296,15,28575,362
2020-07-03,Brazil,NA,Santa Catarina,7001161,1686,14,30261,376
2020-07-04,Brazil,NA,Santa Catarina,7001161,1670,7,31931,383
2020-07-05,Brazil,NA,Santa Catarina,7001161,1038,10,32969,393
2020-07-06,Brazil,NA,Santa Catarina,7001161,853,13,33822,406
2020-07-07,Brazil,NA,Santa Catarina,7001161,1520,13,35342,419
2020-07-08,Brazil,NA,Santa Catarina,7001161,1468,13,36810,432
2020-07-09,Brazil,NA,Santa Catarina,7001161,1598,15,38408,447
2020-07-10,Brazil,NA,Santa Catarina,7001161,1698,12,40106,459
2020-07-11,Brazil,NA,Santa Catarina,7001161,1920,26,42026,485
2020-07-12,Brazil,NA,Santa Catarina,7001161,1005,12,43031,497
2020-07-13,Brazil,NA,Santa Catarina,7001161,784,20,43815,517
2020-07-14,Brazil,NA,Santa Catarina,7001161,2235,17,46050,534
2020-07-15,Brazil,NA,Santa Catarina,7001161,1926,35,47976,569
2020-07-16,Brazil,NA,Santa Catarina,7001161,1805,19,49781,588
2020-07-17,Brazil,NA,Santa Catarina,7001161,1768,58,51549,646
2020-07-18,Brazil,NA,Santa Catarina,7001161,982,16,52531,662
2020-07-19,Brazil,NA,Santa Catarina,7001161,805,23,53336,685
2020-07-20,Brazil,NA,Santa Catarina,7001161,1078,9,54414,694
2020-07-21,Brazil,NA,Santa Catarina,7001161,2061,44,56475,738
2020-07-22,Brazil,NA,Santa Catarina,7001161,3081,27,59556,765
2020-07-23,Brazil,NA,Santa Catarina,7001161,2726,47,62282,812
2020-07-24,Brazil,NA,Santa Catarina,7001161,2735,32,65017,844
2020-07-25,Brazil,NA,Santa Catarina,7001161,2316,36,67333,880
2020-07-26,Brazil,NA,Santa Catarina,7001161,1397,27,68730,907
2020-07-27,Brazil,NA,Santa Catarina,7001161,1408,17,70138,924
2020-07-28,Brazil,NA,Santa Catarina,7001161,3633,36,73771,960
2020-07-29,Brazil,NA,Santa Catarina,7001161,3230,42,77001,1002
2020-07-30,Brazil,NA,Santa Catarina,7001161,3903,41,80904,1043
2020-07-31,Brazil,NA,Santa Catarina,7001161,3169,59,84073,1102
2020-08-01,Brazil,NA,Santa Catarina,7001161,2849,52,86922,1154
2020-08-02,Brazil,NA,Santa Catarina,7001161,1060,21,87982,1175
2020-08-03,Brazil,NA,Santa Catarina,7001161,907,21,88889,1196
2020-08-04,Brazil,NA,Santa Catarina,7001161,3268,39,92157,1235
2020-08-05,Brazil,NA,Santa Catarina,7001161,3253,71,95410,1306
2020-08-06,Brazil,NA,Santa Catarina,7001161,3224,51,98634,1357
2020-08-07,Brazil,NA,Santa Catarina,7001161,2948,43,101582,1400
2020-08-08,Brazil,NA,Santa Catarina,7001161,3167,19,104749,1419
2020-08-09,Brazil,NA,Santa Catarina,7001161,1186,26,105935,1445
2020-08-10,Brazil,NA,Santa Catarina,7001161,993,96,106928,1541
2020-08-11,Brazil,NA,Santa Catarina,7001161,2594,78,109522,1619
2020-08-12,Brazil,NA,Santa Catarina,7001161,2879,18,112401,1637
2020-08-13,Brazil,NA,Santa Catarina,7001161,2631,59,115032,1696
2020-08-14,Brazil,NA,Santa Catarina,7001161,3151,46,118183,1742
2020-08-15,Brazil,NA,Santa Catarina,7001161,1818,25,120001,1767
2020-08-16,Brazil,NA,Santa Catarina,7001161,879,30,120880,1797
2020-08-17,Brazil,NA,Santa Catarina,7001161,786,42,121666,1839
2020-08-18,Brazil,NA,Santa Catarina,7001161,2647,44,124313,1883
2020-08-19,Brazil,NA,Santa Catarina,7001161,2537,35,126850,1918
2020-08-20,Brazil,NA,Santa Catarina,7001161,2222,42,129072,1960
2020-08-21,Brazil,NA,Santa Catarina,7001161,1277,35,130349,1995
2020-08-22,Brazil,NA,Santa Catarina,7001161,1659,32,132008,2027
2020-08-23,Brazil,NA,Santa Catarina,7001161,484,15,132492,2042
2020-08-24,Brazil,NA,Santa Catarina,7001161,1041,24,133533,2066
2020-08-25,Brazil,NA,Santa Catarina,7001161,2157,50,135690,2116
2020-08-26,Brazil,NA,Santa Catarina,7001161,1870,26,137560,2142
2020-08-27,Brazil,NA,Santa Catarina,7001161,2078,28,139638,2170
2020-08-28,Brazil,NA,Santa Catarina,7001161,2054,23,141692,2193
2020-08-29,Brazil,NA,Santa Catarina,7001161,4712,25,146404,2218
2020-08-30,Brazil,NA,Santa Catarina,7001161,460,17,146864,2235
2020-08-31,Brazil,NA,Santa Catarina,7001161,30913,25,177777,2260
2020-04-22,Brazil,NA,Sergipe,2288116,25,2,117,7
2020-04-23,Brazil,NA,Sergipe,2288116,7,1,124,8
2020-04-24,Brazil,NA,Sergipe,2288116,20,0,144,8
2020-04-25,Brazil,NA,Sergipe,2288116,9,1,153,9
2020-04-26,Brazil,NA,Sergipe,2288116,6,0,159,9
2020-04-27,Brazil,NA,Sergipe,2288116,38,1,197,10
2020-04-28,Brazil,NA,Sergipe,2288116,83,1,280,11
2020-04-29,Brazil,NA,Sergipe,2288116,57,1,337,12
2020-04-30,Brazil,NA,Sergipe,2288116,110,0,447,12
2020-05-01,Brazil,NA,Sergipe,2288116,70,2,517,14
2020-05-02,Brazil,NA,Sergipe,2288116,84,0,601,14
2020-05-03,Brazil,NA,Sergipe,2288116,129,0,730,14
2020-05-04,Brazil,NA,Sergipe,2288116,42,3,772,17
2020-05-05,Brazil,NA,Sergipe,2288116,126,4,898,21
2020-05-06,Brazil,NA,Sergipe,2288116,100,2,998,23
2020-05-07,Brazil,NA,Sergipe,2288116,216,2,1214,25
2020-05-08,Brazil,NA,Sergipe,2288116,224,3,1438,28
2020-05-09,Brazil,NA,Sergipe,2288116,150,5,1588,33
2020-05-10,Brazil,NA,Sergipe,2288116,183,1,1771,34
2020-05-11,Brazil,NA,Sergipe,2288116,29,3,1800,37
2020-05-12,Brazil,NA,Sergipe,2288116,232,0,2032,37
2020-05-13,Brazil,NA,Sergipe,2288116,236,5,2268,42
2020-05-14,Brazil,NA,Sergipe,2288116,226,5,2494,47
2020-05-15,Brazil,NA,Sergipe,2288116,374,3,2868,50
2020-05-16,Brazil,NA,Sergipe,2288116,267,3,3135,53
2020-05-17,Brazil,NA,Sergipe,2288116,208,4,3343,57
2020-05-18,Brazil,NA,Sergipe,2288116,223,2,3566,59
2020-05-19,Brazil,NA,Sergipe,2288116,401,4,3967,63
2020-05-20,Brazil,NA,Sergipe,2288116,310,6,4277,69
2020-05-21,Brazil,NA,Sergipe,2288116,457,7,4734,76
2020-05-22,Brazil,NA,Sergipe,2288116,188,6,4922,82
2020-05-23,Brazil,NA,Sergipe,2288116,209,4,5131,86
2020-05-24,Brazil,NA,Sergipe,2288116,183,7,5314,93
2020-05-25,Brazil,NA,Sergipe,2288116,134,10,5448,103
2020-05-26,Brazil,NA,Sergipe,2288116,287,13,5735,116
2020-05-27,Brazil,NA,Sergipe,2288116,177,11,5912,127
2020-05-28,Brazil,NA,Sergipe,2288116,244,8,6156,135
2020-05-29,Brazil,NA,Sergipe,2288116,306,7,6462,142
2020-05-30,Brazil,NA,Sergipe,2288116,343,7,6805,149
2020-05-31,Brazil,NA,Sergipe,2288116,194,9,6999,158
2020-06-01,Brazil,NA,Sergipe,2288116,234,8,7233,166
2020-06-02,Brazil,NA,Sergipe,2288116,322,6,7555,172
2020-06-03,Brazil,NA,Sergipe,2288116,434,8,7989,180
2020-06-04,Brazil,NA,Sergipe,2288116,211,6,8200,186
2020-06-05,Brazil,NA,Sergipe,2288116,377,12,8577,198
2020-06-06,Brazil,NA,Sergipe,2288116,395,10,8972,208
2020-06-07,Brazil,NA,Sergipe,2288116,318,9,9290,217
2020-06-08,Brazil,NA,Sergipe,2288116,437,17,9727,234
2020-06-09,Brazil,NA,Sergipe,2288116,399,18,10126,252
2020-06-10,Brazil,NA,Sergipe,2288116,489,12,10615,264
2020-06-11,Brazil,NA,Sergipe,2288116,441,19,11056,283
2020-06-12,Brazil,NA,Sergipe,2288116,478,22,11534,305
2020-06-13,Brazil,NA,Sergipe,2288116,1332,11,12866,316
2020-06-14,Brazil,NA,Sergipe,2288116,1102,14,13968,330
2020-06-15,Brazil,NA,Sergipe,2288116,1707,22,15675,352
2020-06-16,Brazil,NA,Sergipe,2288116,635,12,16310,364
2020-06-17,Brazil,NA,Sergipe,2288116,497,19,16807,383
2020-06-18,Brazil,NA,Sergipe,2288116,531,17,17338,400
2020-06-19,Brazil,NA,Sergipe,2288116,470,26,17808,426
2020-06-20,Brazil,NA,Sergipe,2288116,641,22,18449,448
2020-06-21,Brazil,NA,Sergipe,2288116,536,14,18985,462
2020-06-22,Brazil,NA,Sergipe,2288116,399,29,19384,491
2020-06-23,Brazil,NA,Sergipe,2288116,499,20,19883,511
2020-06-24,Brazil,NA,Sergipe,2288116,470,13,20353,524
2020-06-25,Brazil,NA,Sergipe,2288116,728,30,21081,554
2020-06-26,Brazil,NA,Sergipe,2288116,827,25,21908,579
2020-06-27,Brazil,NA,Sergipe,2288116,1411,26,23319,605
2020-06-28,Brazil,NA,Sergipe,2288116,1102,15,24421,620
2020-06-29,Brazil,NA,Sergipe,2288116,396,33,24817,653
2020-06-30,Brazil,NA,Sergipe,2288116,594,23,25411,676
2020-07-01,Brazil,NA,Sergipe,2288116,504,25,25915,701
2020-07-02,Brazil,NA,Sergipe,2288116,697,24,26612,725
2020-07-03,Brazil,NA,Sergipe,2288116,1574,39,28186,764
2020-07-04,Brazil,NA,Sergipe,2288116,1575,19,29761,783
2020-07-05,Brazil,NA,Sergipe,2288116,456,15,30217,798
2020-07-06,Brazil,NA,Sergipe,2288116,501,28,30718,826
2020-07-07,Brazil,NA,Sergipe,2288116,922,25,31640,851
2020-07-08,Brazil,NA,Sergipe,2288116,850,24,32490,875
2020-07-09,Brazil,NA,Sergipe,2288116,926,26,33416,901
2020-07-10,Brazil,NA,Sergipe,2288116,1297,30,34713,931
2020-07-11,Brazil,NA,Sergipe,2288116,1333,23,36046,954
2020-07-12,Brazil,NA,Sergipe,2288116,1585,30,37631,984
2020-07-13,Brazil,NA,Sergipe,2288116,590,28,38221,1012
2020-07-14,Brazil,NA,Sergipe,2288116,946,21,39167,1033
2020-07-15,Brazil,NA,Sergipe,2288116,972,21,40139,1054
2020-07-16,Brazil,NA,Sergipe,2288116,1087,17,41226,1071
2020-07-17,Brazil,NA,Sergipe,2288116,662,17,41888,1088
2020-07-18,Brazil,NA,Sergipe,2288116,1184,23,43072,1111
2020-07-19,Brazil,NA,Sergipe,2288116,2171,14,45243,1125
2020-07-20,Brazil,NA,Sergipe,2288116,816,31,46059,1156
2020-07-21,Brazil,NA,Sergipe,2288116,1051,26,47110,1182
2020-07-22,Brazil,NA,Sergipe,2288116,1030,29,48140,1211
2020-07-23,Brazil,NA,Sergipe,2288116,1257,36,49397,1247
2020-07-24,Brazil,NA,Sergipe,2288116,1735,37,51132,1284
2020-07-25,Brazil,NA,Sergipe,2288116,1132,19,52264,1303
2020-07-26,Brazil,NA,Sergipe,2288116,339,11,52603,1314
2020-07-27,Brazil,NA,Sergipe,2288116,1009,26,53612,1340
2020-07-28,Brazil,NA,Sergipe,2288116,1397,19,55009,1359
2020-07-29,Brazil,NA,Sergipe,2288116,1205,31,56214,1390
2020-07-30,Brazil,NA,Sergipe,2288116,1470,18,57684,1408
2020-07-31,Brazil,NA,Sergipe,2288116,1029,26,58713,1434
2020-08-01,Brazil,NA,Sergipe,2288116,1011,14,59724,1448
2020-08-02,Brazil,NA,Sergipe,2288116,311,17,60035,1465
2020-08-03,Brazil,NA,Sergipe,2288116,444,24,60479,1489
2020-08-04,Brazil,NA,Sergipe,2288116,590,20,61069,1509
2020-08-05,Brazil,NA,Sergipe,2288116,917,16,61986,1525
2020-08-06,Brazil,NA,Sergipe,2288116,858,12,62844,1537
2020-08-07,Brazil,NA,Sergipe,2288116,884,21,63728,1558
2020-08-08,Brazil,NA,Sergipe,2288116,543,19,64271,1577
2020-08-09,Brazil,NA,Sergipe,2288116,422,12,64693,1589
2020-08-10,Brazil,NA,Sergipe,2288116,281,25,64974,1614
2020-08-11,Brazil,NA,Sergipe,2288116,481,19,65455,1633
2020-08-12,Brazil,NA,Sergipe,2288116,410,20,65865,1653
2020-08-13,Brazil,NA,Sergipe,2288116,945,17,66810,1670
2020-08-14,Brazil,NA,Sergipe,2288116,415,14,67225,1684
2020-08-15,Brazil,NA,Sergipe,2288116,476,12,67701,1696
2020-08-16,Brazil,NA,Sergipe,2288116,296,9,67997,1705
2020-08-17,Brazil,NA,Sergipe,2288116,316,12,68313,1717
2020-08-18,Brazil,NA,Sergipe,2288116,386,12,68699,1729
2020-08-19,Brazil,NA,Sergipe,2288116,368,16,69067,1745
2020-08-20,Brazil,NA,Sergipe,2288116,435,12,69502,1757
2020-08-21,Brazil,NA,Sergipe,2288116,343,4,69845,1761
2020-08-22,Brazil,NA,Sergipe,2288116,407,10,70252,1771
2020-08-23,Brazil,NA,Sergipe,2288116,220,11,70472,1782
2020-08-24,Brazil,NA,Sergipe,2288116,134,11,70606,1793
2020-08-25,Brazil,NA,Sergipe,2288116,320,15,70926,1808
2020-08-26,Brazil,NA,Sergipe,2288116,296,14,71222,1822
2020-08-27,Brazil,NA,Sergipe,2288116,377,8,71599,1830
2020-08-28,Brazil,NA,Sergipe,2288116,440,7,72039,1837
2020-08-29,Brazil,NA,Sergipe,2288116,241,2,72280,1839
2020-08-30,Brazil,NA,Sergipe,2288116,137,5,72417,1844
2020-08-31,Brazil,NA,Sergipe,2288116,111,13,72528,1857
2020-03-15,Brazil,NA,Sao Paulo,45094866,71,0,136,0
2020-03-16,Brazil,NA,Sao Paulo,45094866,16,0,152,0
2020-03-17,Brazil,NA,Sao Paulo,45094866,12,1,164,1
2020-03-18,Brazil,NA,Sao Paulo,45094866,76,3,240,4
2020-03-19,Brazil,NA,Sao Paulo,45094866,46,0,286,4
2020-03-20,Brazil,NA,Sao Paulo,45094866,110,5,396,9
2020-03-21,Brazil,NA,Sao Paulo,45094866,63,6,459,15
2020-03-22,Brazil,NA,Sao Paulo,45094866,172,7,631,22
2020-03-23,Brazil,NA,Sao Paulo,45094866,114,8,745,30
2020-03-24,Brazil,NA,Sao Paulo,45094866,65,10,810,40
2020-03-25,Brazil,NA,Sao Paulo,45094866,52,8,862,48
2020-03-26,Brazil,NA,Sao Paulo,45094866,190,10,1052,58
2020-03-27,Brazil,NA,Sao Paulo,45094866,171,10,1223,68
2020-03-28,Brazil,NA,Sao Paulo,45094866,183,16,1406,84
2020-03-29,Brazil,NA,Sao Paulo,45094866,45,14,1451,98
2020-03-30,Brazil,NA,Sao Paulo,45094866,66,15,1517,113
2020-03-31,Brazil,NA,Sao Paulo,45094866,822,23,2339,136
2020-04-01,Brazil,NA,Sao Paulo,45094866,642,28,2981,164
2020-04-02,Brazil,NA,Sao Paulo,45094866,525,24,3506,188
2020-04-03,Brazil,NA,Sao Paulo,45094866,542,31,4048,219
2020-04-04,Brazil,NA,Sao Paulo,45094866,418,41,4466,260
2020-04-05,Brazil,NA,Sao Paulo,45094866,154,15,4620,275
2020-04-06,Brazil,NA,Sao Paulo,45094866,246,29,4866,304
2020-04-07,Brazil,NA,Sao Paulo,45094866,816,67,5682,371
2020-04-08,Brazil,NA,Sao Paulo,45094866,1026,57,6708,428
2020-04-09,Brazil,NA,Sao Paulo,45094866,772,68,7480,496
2020-04-10,Brazil,NA,Sao Paulo,45094866,736,44,8216,540
2020-04-11,Brazil,NA,Sao Paulo,45094866,203,20,8419,560
2020-04-12,Brazil,NA,Sao Paulo,45094866,336,28,8755,588
2020-04-13,Brazil,NA,Sao Paulo,45094866,140,20,8895,608
2020-04-14,Brazil,NA,Sao Paulo,45094866,476,87,9371,695
2020-04-15,Brazil,NA,Sao Paulo,45094866,1672,83,11043,778
2020-04-16,Brazil,NA,Sao Paulo,45094866,525,75,11568,853
2020-04-17,Brazil,NA,Sao Paulo,45094866,1273,75,12841,928
2020-04-18,Brazil,NA,Sao Paulo,45094866,1053,63,13894,991
2020-04-19,Brazil,NA,Sao Paulo,45094866,373,24,14267,1015
2020-04-20,Brazil,NA,Sao Paulo,45094866,313,22,14580,1037
2020-04-21,Brazil,NA,Sao Paulo,45094866,805,56,15385,1093
2020-04-22,Brazil,NA,Sao Paulo,45094866,529,41,15914,1134
2020-04-23,Brazil,NA,Sao Paulo,45094866,826,211,16740,1345
2020-04-24,Brazil,NA,Sao Paulo,45094866,1086,167,17826,1512
2020-04-25,Brazil,NA,Sao Paulo,45094866,2178,155,20004,1667
2020-04-26,Brazil,NA,Sao Paulo,45094866,711,33,20715,1700
2020-04-27,Brazil,NA,Sao Paulo,45094866,981,125,21696,1825
2020-04-28,Brazil,NA,Sao Paulo,45094866,2345,224,24041,2049
2020-04-29,Brazil,NA,Sao Paulo,45094866,2117,198,26158,2247
2020-04-30,Brazil,NA,Sao Paulo,45094866,2540,128,28698,2375
2020-05-01,Brazil,NA,Sao Paulo,45094866,1676,136,30374,2511
2020-05-02,Brazil,NA,Sao Paulo,45094866,800,75,31174,2586
2020-05-03,Brazil,NA,Sao Paulo,45094866,598,41,31772,2627
2020-05-04,Brazil,NA,Sao Paulo,45094866,415,27,32187,2654
2020-05-05,Brazil,NA,Sao Paulo,45094866,1866,197,34053,2851
2020-05-06,Brazil,NA,Sao Paulo,45094866,3800,194,37853,3045
2020-05-07,Brazil,NA,Sao Paulo,45094866,2075,161,39928,3206
2020-05-08,Brazil,NA,Sao Paulo,45094866,1902,210,41830,3416
2020-05-09,Brazil,NA,Sao Paulo,45094866,2581,192,44411,3608
2020-05-10,Brazil,NA,Sao Paulo,45094866,1033,101,45444,3709
2020-05-11,Brazil,NA,Sao Paulo,45094866,687,34,46131,3743
2020-05-12,Brazil,NA,Sao Paulo,45094866,1588,206,47719,3949
2020-05-13,Brazil,NA,Sao Paulo,45094866,3378,169,51097,4118
2020-05-14,Brazil,NA,Sao Paulo,45094866,3189,197,54286,4315
2020-05-15,Brazil,NA,Sao Paulo,45094866,4092,186,58378,4501
2020-05-16,Brazil,NA,Sao Paulo,45094866,2805,187,61183,4688
2020-05-17,Brazil,NA,Sao Paulo,45094866,1162,94,62345,4782
2020-05-18,Brazil,NA,Sao Paulo,45094866,721,41,63066,4823
2020-05-19,Brazil,NA,Sao Paulo,45094866,2929,324,65995,5147
2020-05-20,Brazil,NA,Sao Paulo,45094866,3864,216,69859,5363
2020-05-21,Brazil,NA,Sao Paulo,45094866,3880,195,73739,5558
2020-05-22,Brazil,NA,Sao Paulo,45094866,3132,215,76871,5773
2020-05-23,Brazil,NA,Sao Paulo,45094866,3687,272,80558,6045
2020-05-24,Brazil,NA,Sao Paulo,45094866,1603,118,82161,6163
2020-05-25,Brazil,NA,Sao Paulo,45094866,1464,57,83625,6220
2020-05-26,Brazil,NA,Sao Paulo,45094866,2392,203,86017,6423
2020-05-27,Brazil,NA,Sao Paulo,45094866,3466,289,89483,6712
2020-05-28,Brazil,NA,Sao Paulo,45094866,6382,268,95865,6980
2020-05-29,Brazil,NA,Sao Paulo,45094866,5691,295,101556,7275
2020-05-30,Brazil,NA,Sao Paulo,45094866,5586,257,107142,7532
2020-05-31,Brazil,NA,Sao Paulo,45094866,2556,83,109698,7615
2020-06-01,Brazil,NA,Sao Paulo,45094866,1598,52,111296,7667
2020-06-02,Brazil,NA,Sao Paulo,45094866,6999,327,118295,7994
2020-06-03,Brazil,NA,Sao Paulo,45094866,5188,282,123483,8276
2020-06-04,Brazil,NA,Sao Paulo,45094866,5717,284,129200,8560
2020-06-05,Brazil,NA,Sao Paulo,45094866,5365,282,134565,8842
2020-06-06,Brazil,NA,Sao Paulo,45094866,5984,216,140549,9058
2020-06-07,Brazil,NA,Sao Paulo,45094866,2524,87,143073,9145
2020-06-08,Brazil,NA,Sao Paulo,45094866,1520,43,144593,9188
2020-06-09,Brazil,NA,Sao Paulo,45094866,5545,334,150138,9522
2020-06-10,Brazil,NA,Sao Paulo,45094866,6178,340,156316,9862
2020-06-11,Brazil,NA,Sao Paulo,45094866,6204,283,162520,10145
2020-06-12,Brazil,NA,Sao Paulo,45094866,5380,223,167900,10368
2020-06-13,Brazil,NA,Sao Paulo,45094866,4975,213,172875,10581
2020-06-14,Brazil,NA,Sao Paulo,45094866,5327,113,178202,10694
2020-06-15,Brazil,NA,Sao Paulo,45094866,3258,73,181460,10767
2020-06-16,Brazil,NA,Sao Paulo,45094866,8825,365,190285,11132
2020-06-17,Brazil,NA,Sao Paulo,45094866,1232,389,191517,11521
2020-06-18,Brazil,NA,Sao Paulo,45094866,1111,325,192628,11846
2020-06-19,Brazil,NA,Sao Paulo,45094866,19030,386,211658,12232
2020-06-20,Brazil,NA,Sao Paulo,45094866,4135,262,215793,12494
2020-06-21,Brazil,NA,Sao Paulo,45094866,3392,94,219185,12588
2020-06-22,Brazil,NA,Sao Paulo,45094866,2788,46,221973,12634
2020-06-23,Brazil,NA,Sao Paulo,45094866,7502,434,229475,13068
2020-06-24,Brazil,NA,Sao Paulo,45094866,9347,284,238822,13352
2020-06-25,Brazil,NA,Sao Paulo,45094866,9765,407,248587,13759
2020-06-26,Brazil,NA,Sao Paulo,45094866,9921,207,258508,13966
2020-06-27,Brazil,NA,Sao Paulo,45094866,7073,297,265581,14263
2020-06-28,Brazil,NA,Sao Paulo,45094866,6156,75,271737,14338
2020-06-29,Brazil,NA,Sao Paulo,45094866,3408,60,275145,14398
2020-06-30,Brazil,NA,Sao Paulo,45094866,6235,365,281380,14763
2020-07-01,Brazil,NA,Sao Paulo,45094866,8555,267,289935,15030
2020-07-02,Brazil,NA,Sao Paulo,45094866,12244,321,302179,15351
2020-07-03,Brazil,NA,Sao Paulo,45094866,8523,343,310702,15694
2020-07-04,Brazil,NA,Sao Paulo,45094866,1828,302,312530,15996
2020-07-05,Brazil,NA,Sao Paulo,45094866,7649,82,320179,16078
2020-07-06,Brazil,NA,Sao Paulo,45094866,2891,56,323070,16134
2020-07-07,Brazil,NA,Sao Paulo,45094866,9638,341,332708,16475
2020-07-08,Brazil,NA,Sao Paulo,45094866,8657,313,341365,16788
2020-07-09,Brazil,NA,Sao Paulo,45094866,8350,330,349715,17118
2020-07-10,Brazil,NA,Sao Paulo,45094866,9395,324,359110,17442
2020-07-11,Brazil,NA,Sao Paulo,45094866,7780,260,366890,17702
2020-07-12,Brazil,NA,Sao Paulo,45094866,5107,146,371997,17848
2020-07-13,Brazil,NA,Sao Paulo,45094866,2610,59,374607,17907
2020-07-14,Brazil,NA,Sao Paulo,45094866,12000,417,386607,18324
2020-07-15,Brazil,NA,Sao Paulo,45094866,6569,316,393176,18640
2020-07-16,Brazil,NA,Sao Paulo,45094866,8872,398,402048,19038
2020-07-17,Brazil,NA,Sao Paulo,45094866,5367,339,407415,19377
2020-07-18,Brazil,NA,Sao Paulo,45094866,4612,270,412027,19647
2020-07-19,Brazil,NA,Sao Paulo,45094866,3022,85,415049,19732
2020-07-20,Brazil,NA,Sao Paulo,45094866,1385,56,416434,19788
2020-07-21,Brazil,NA,Sao Paulo,45094866,6235,383,422669,20171
2020-07-22,Brazil,NA,Sao Paulo,45094866,16777,361,439446,20532
2020-07-23,Brazil,NA,Sao Paulo,45094866,12561,362,452007,20894
2020-07-24,Brazil,NA,Sao Paulo,45094866,11211,312,463218,21206
2020-07-25,Brazil,NA,Sao Paulo,45094866,16263,311,479481,21517
2020-07-26,Brazil,NA,Sao Paulo,45094866,4501,89,483982,21606
2020-07-27,Brazil,NA,Sao Paulo,45094866,3672,70,487654,21676
2020-07-28,Brazil,NA,Sao Paulo,45094866,0,0,487654,21676
2020-07-29,Brazil,NA,Sao Paulo,45094866,26543,713,514197,22389
2020-07-30,Brazil,NA,Sao Paulo,45094866,14809,321,529006,22710
2020-07-31,Brazil,NA,Sao Paulo,45094866,13298,287,542304,22997
2020-08-01,Brazil,NA,Sao Paulo,45094866,10014,239,552318,23236
2020-08-02,Brazil,NA,Sao Paulo,45094866,6367,81,558685,23317
2020-08-03,Brazil,NA,Sao Paulo,45094866,1533,48,560218,23365
2020-08-04,Brazil,NA,Sao Paulo,45094866,15371,337,575589,23702
2020-08-05,Brazil,NA,Sao Paulo,45094866,9676,407,585265,24109
2020-08-06,Brazil,NA,Sao Paulo,45094866,13405,339,598670,24448
2020-08-07,Brazil,NA,Sao Paulo,45094866,9709,287,608379,24735
2020-08-08,Brazil,NA,Sao Paulo,45094866,13352,281,621731,25016
2020-08-09,Brazil,NA,Sao Paulo,45094866,5395,98,627126,25114
2020-08-10,Brazil,NA,Sao Paulo,45094866,1289,37,628415,25151
2020-08-11,Brazil,NA,Sao Paulo,45094866,11147,420,639562,25571
2020-08-12,Brazil,NA,Sao Paulo,45094866,15619,298,655181,25869
2020-08-13,Brazil,NA,Sao Paulo,45094866,19274,455,674455,26324
2020-08-14,Brazil,NA,Sao Paulo,45094866,11667,289,686122,26613
2020-08-15,Brazil,NA,Sao Paulo,45094866,11408,167,697530,26780
2020-08-16,Brazil,NA,Sao Paulo,45094866,1963,72,699493,26852
2020-08-17,Brazil,NA,Sao Paulo,45094866,3172,47,702665,26899
2020-08-18,Brazil,NA,Sao Paulo,45094866,8865,416,711530,27315
2020-08-19,Brazil,NA,Sao Paulo,45094866,9847,276,721377,27591
2020-08-20,Brazil,NA,Sao Paulo,45094866,9451,314,730828,27905
2020-08-21,Brazil,NA,Sao Paulo,45094866,5132,250,735960,28155
2020-08-22,Brazil,NA,Sao Paulo,45094866,13284,237,749244,28392
2020-08-23,Brazil,NA,Sao Paulo,45094866,4885,75,754129,28467
2020-08-24,Brazil,NA,Sao Paulo,45094866,2351,38,756480,28505
2020-08-25,Brazil,NA,Sao Paulo,45094866,9190,407,765670,28912
2020-08-26,Brazil,NA,Sao Paulo,45094866,10465,282,776135,29194
2020-08-27,Brazil,NA,Sao Paulo,45094866,8318,221,784453,29415
2020-08-28,Brazil,NA,Sao Paulo,45094866,11756,279,796209,29694
2020-08-29,Brazil,NA,Sao Paulo,45094866,5213,250,801422,29944
2020-08-30,Brazil,NA,Sao Paulo,45094866,1982,34,803404,29978
2020-08-31,Brazil,NA,Sao Paulo,45094866,938,36,804342,30014
2020-04-29,Brazil,NA,Tocantins,1550194,37,1,116,3
2020-04-30,Brazil,NA,Tocantins,1550194,21,0,137,3
2020-05-01,Brazil,NA,Tocantins,1550194,27,0,164,3
2020-05-02,Brazil,NA,Tocantins,1550194,27,1,191,4
2020-05-03,Brazil,NA,Tocantins,1550194,55,0,246,4
2020-05-04,Brazil,NA,Tocantins,1550194,21,2,267,6
2020-05-05,Brazil,NA,Tocantins,1550194,36,1,303,7
2020-05-06,Brazil,NA,Tocantins,1550194,48,2,351,9
2020-05-07,Brazil,NA,Tocantins,1550194,72,0,423,9
2020-05-08,Brazil,NA,Tocantins,1550194,71,0,494,9
2020-05-09,Brazil,NA,Tocantins,1550194,78,0,572,9
2020-05-10,Brazil,NA,Tocantins,1550194,116,2,688,11
2020-05-11,Brazil,NA,Tocantins,1550194,59,1,747,12
2020-05-12,Brazil,NA,Tocantins,1550194,81,2,828,14
2020-05-13,Brazil,NA,Tocantins,1550194,104,7,932,21
2020-05-14,Brazil,NA,Tocantins,1550194,97,2,1029,23
2020-05-15,Brazil,NA,Tocantins,1550194,150,1,1179,24
2020-05-16,Brazil,NA,Tocantins,1550194,100,3,1279,27
2020-05-17,Brazil,NA,Tocantins,1550194,103,4,1382,31
2020-05-18,Brazil,NA,Tocantins,1550194,114,1,1496,32
2020-05-19,Brazil,NA,Tocantins,1550194,150,6,1646,38
2020-05-20,Brazil,NA,Tocantins,1550194,163,4,1809,42
2020-05-21,Brazil,NA,Tocantins,1550194,167,5,1976,47
2020-05-22,Brazil,NA,Tocantins,1550194,229,2,2205,49
2020-05-23,Brazil,NA,Tocantins,1550194,225,2,2430,51
2020-05-24,Brazil,NA,Tocantins,1550194,161,1,2591,52
2020-05-25,Brazil,NA,Tocantins,1550194,105,6,2696,58
2020-05-26,Brazil,NA,Tocantins,1550194,162,6,2858,64
2020-05-27,Brazil,NA,Tocantins,1550194,165,1,3023,65
2020-05-28,Brazil,NA,Tocantins,1550194,254,3,3277,68
2020-05-29,Brazil,NA,Tocantins,1550194,334,2,3611,70
2020-05-30,Brazil,NA,Tocantins,1550194,370,1,3981,71
2020-05-31,Brazil,NA,Tocantins,1550194,195,2,4176,73
2020-06-01,Brazil,NA,Tocantins,1550194,169,3,4345,76
2020-06-02,Brazil,NA,Tocantins,1550194,138,3,4483,79
2020-06-03,Brazil,NA,Tocantins,1550194,215,3,4698,82
2020-06-04,Brazil,NA,Tocantins,1550194,183,5,4881,87
2020-06-05,Brazil,NA,Tocantins,1550194,301,2,5182,89
2020-06-06,Brazil,NA,Tocantins,1550194,323,7,5505,96
2020-06-07,Brazil,NA,Tocantins,1550194,139,3,5644,99
2020-06-08,Brazil,NA,Tocantins,1550194,163,9,5807,108
2020-06-09,Brazil,NA,Tocantins,1550194,245,6,6052,114
2020-06-10,Brazil,NA,Tocantins,1550194,205,6,6257,120
2020-06-11,Brazil,NA,Tocantins,1550194,272,4,6529,124
2020-06-12,Brazil,NA,Tocantins,1550194,215,4,6744,128
2020-06-13,Brazil,NA,Tocantins,1550194,187,2,6931,130
2020-06-14,Brazil,NA,Tocantins,1550194,41,2,6972,132
2020-06-15,Brazil,NA,Tocantins,1550194,165,4,7137,136
2020-06-16,Brazil,NA,Tocantins,1550194,172,4,7309,140
2020-06-17,Brazil,NA,Tocantins,1550194,264,9,7573,149
2020-06-18,Brazil,NA,Tocantins,1550194,201,3,7774,152
2020-06-19,Brazil,NA,Tocantins,1550194,182,7,7956,159
2020-06-20,Brazil,NA,Tocantins,1550194,247,8,8203,167
2020-06-21,Brazil,NA,Tocantins,1550194,151,8,8354,175
2020-06-22,Brazil,NA,Tocantins,1550194,123,3,8477,178
2020-06-23,Brazil,NA,Tocantins,1550194,289,1,8766,179
2020-06-24,Brazil,NA,Tocantins,1550194,332,2,9098,181
2020-06-25,Brazil,NA,Tocantins,1550194,327,2,9425,183
2020-06-26,Brazil,NA,Tocantins,1550194,256,3,9681,186
2020-06-27,Brazil,NA,Tocantins,1550194,285,5,9966,191
2020-06-28,Brazil,NA,Tocantins,1550194,262,1,10228,192
2020-06-29,Brazil,NA,Tocantins,1550194,131,3,10359,195
2020-06-30,Brazil,NA,Tocantins,1550194,405,5,10764,200
2020-07-01,Brazil,NA,Tocantins,1550194,458,4,11222,204
2020-07-02,Brazil,NA,Tocantins,1550194,232,5,11454,209
2020-07-03,Brazil,NA,Tocantins,1550194,282,2,11736,211
2020-07-04,Brazil,NA,Tocantins,1550194,546,4,12282,215
2020-07-05,Brazil,NA,Tocantins,1550194,193,5,12475,220
2020-07-06,Brazil,NA,Tocantins,1550194,165,4,12640,224
2020-07-07,Brazil,NA,Tocantins,1550194,364,4,13004,228
2020-07-08,Brazil,NA,Tocantins,1550194,436,5,13440,233
2020-07-09,Brazil,NA,Tocantins,1550194,405,7,13845,240
2020-07-10,Brazil,NA,Tocantins,1550194,664,5,14509,245
2020-07-11,Brazil,NA,Tocantins,1550194,430,6,14939,251
2020-07-12,Brazil,NA,Tocantins,1550194,193,4,15132,255
2020-07-13,Brazil,NA,Tocantins,1550194,175,4,15307,259
2020-07-14,Brazil,NA,Tocantins,1550194,416,8,15723,267
2020-07-15,Brazil,NA,Tocantins,1550194,308,4,16031,271
2020-07-16,Brazil,NA,Tocantins,1550194,641,7,16672,278
2020-07-17,Brazil,NA,Tocantins,1550194,282,5,16954,283
2020-07-18,Brazil,NA,Tocantins,1550194,255,5,17209,288
2020-07-19,Brazil,NA,Tocantins,1550194,564,6,17773,294
2020-07-20,Brazil,NA,Tocantins,1550194,125,5,17898,299
2020-07-21,Brazil,NA,Tocantins,1550194,456,9,18354,308
2020-07-22,Brazil,NA,Tocantins,1550194,496,7,18850,315
2020-07-23,Brazil,NA,Tocantins,1550194,573,11,19423,326
2020-07-24,Brazil,NA,Tocantins,1550194,542,8,19965,334
2020-07-25,Brazil,NA,Tocantins,1550194,955,6,20920,340
2020-07-26,Brazil,NA,Tocantins,1550194,847,6,21767,346
2020-07-27,Brazil,NA,Tocantins,1550194,339,4,22106,350
2020-07-28,Brazil,NA,Tocantins,1550194,745,7,22851,357
2020-07-29,Brazil,NA,Tocantins,1550194,666,7,23517,364
2020-07-30,Brazil,NA,Tocantins,1550194,761,4,24278,368
2020-07-31,Brazil,NA,Tocantins,1550194,546,13,24824,381
2020-08-01,Brazil,NA,Tocantins,1550194,522,9,25346,390
2020-08-02,Brazil,NA,Tocantins,1550194,1088,5,26434,395
2020-08-03,Brazil,NA,Tocantins,1550194,564,7,26998,402
2020-08-04,Brazil,NA,Tocantins,1550194,666,6,27664,408
2020-08-05,Brazil,NA,Tocantins,1550194,648,7,28312,415
2020-08-06,Brazil,NA,Tocantins,1550194,1227,13,29539,428
2020-08-07,Brazil,NA,Tocantins,1550194,819,9,30358,437
2020-08-08,Brazil,NA,Tocantins,1550194,745,7,31103,444
2020-08-09,Brazil,NA,Tocantins,1550194,560,7,31663,451
2020-08-10,Brazil,NA,Tocantins,1550194,626,10,32289,461
2020-08-11,Brazil,NA,Tocantins,1550194,758,13,33047,474
2020-08-12,Brazil,NA,Tocantins,1550194,719,8,33766,482
2020-08-13,Brazil,NA,Tocantins,1550194,643,11,34409,493
2020-08-14,Brazil,NA,Tocantins,1550194,994,7,35403,500
2020-08-15,Brazil,NA,Tocantins,1550194,1075,6,36478,506
2020-08-16,Brazil,NA,Tocantins,1550194,511,5,36989,511
2020-08-17,Brazil,NA,Tocantins,1550194,867,5,37856,516
2020-08-18,Brazil,NA,Tocantins,1550194,989,15,38845,531
2020-08-19,Brazil,NA,Tocantins,1550194,987,5,39832,536
2020-08-20,Brazil,NA,Tocantins,1550194,954,11,40786,547
2020-08-21,Brazil,NA,Tocantins,1550194,1062,9,41848,556
2020-08-22,Brazil,NA,Tocantins,1550194,991,17,42839,573
2020-08-23,Brazil,NA,Tocantins,1550194,757,12,43596,585
2020-08-24,Brazil,NA,Tocantins,1550194,677,8,44273,593
2020-08-25,Brazil,NA,Tocantins,1550194,1127,17,45400,610
2020-08-26,Brazil,NA,Tocantins,1550194,964,11,46364,621
2020-08-27,Brazil,NA,Tocantins,1550194,1194,14,47558,635
2020-08-28,Brazil,NA,Tocantins,1550194,1022,14,48580,649
2020-08-29,Brazil,NA,Tocantins,1550194,1071,9,49651,658
2020-08-30,Brazil,NA,Tocantins,1550194,722,6,50373,664
2020-08-31,Brazil,NA,Tocantins,1550194,321,9,50694,673
2020-03-19,Canada,NA,Alberta,4067175,49,1,146,1
2020-03-20,Canada,NA,Alberta,4067175,49,0,195,1
2020-03-21,Canada,NA,Alberta,4067175,31,0,226,1
2020-03-22,Canada,NA,Alberta,4067175,33,0,259,1
2020-03-23,Canada,NA,Alberta,4067175,42,0,301,1
2020-03-24,Canada,NA,Alberta,4067175,57,1,358,2
2020-03-25,Canada,NA,Alberta,4067175,61,0,419,2
2020-03-26,Canada,NA,Alberta,4067175,67,0,486,2
2020-03-27,Canada,NA,Alberta,4067175,56,0,542,2
2020-03-28,Canada,NA,Alberta,4067175,0,0,542,2
2020-03-29,Canada,NA,Alberta,4067175,79,0,621,2
2020-03-30,Canada,NA,Alberta,4067175,69,6,690,8
2020-03-31,Canada,NA,Alberta,4067175,64,1,754,9
2020-04-01,Canada,NA,Alberta,4067175,0,0,754,9
2020-04-02,Canada,NA,Alberta,4067175,214,4,968,13
2020-04-03,Canada,NA,Alberta,4067175,107,5,1075,18
2020-04-04,Canada,NA,Alberta,4067175,0,0,1075,18
2020-04-05,Canada,NA,Alberta,4067175,175,5,1250,23
2020-04-06,Canada,NA,Alberta,4067175,98,1,1348,24
2020-04-07,Canada,NA,Alberta,4067175,25,2,1373,26
2020-04-08,Canada,NA,Alberta,4067175,50,3,1423,29
2020-04-09,Canada,NA,Alberta,4067175,28,3,1451,32
2020-04-10,Canada,NA,Alberta,4067175,49,7,1500,39
2020-04-11,Canada,NA,Alberta,4067175,69,1,1569,40
2020-04-12,Canada,NA,Alberta,4067175,82,4,1651,44
2020-04-13,Canada,NA,Alberta,4067175,81,2,1732,46
2020-04-14,Canada,NA,Alberta,4067175,138,2,1870,48
2020-04-15,Canada,NA,Alberta,4067175,126,0,1996,48
2020-04-16,Canada,NA,Alberta,4067175,162,2,2158,50
2020-04-17,Canada,NA,Alberta,4067175,239,0,2397,50
2020-04-18,Canada,NA,Alberta,4067175,165,1,2562,51
2020-04-19,Canada,NA,Alberta,4067175,0,0,2562,51
2020-04-20,Canada,NA,Alberta,4067175,346,8,2908,59
2020-04-21,Canada,NA,Alberta,4067175,187,2,3095,61
2020-04-22,Canada,NA,Alberta,4067175,306,5,3401,66
2020-04-23,Canada,NA,Alberta,4067175,319,1,3720,67
2020-04-24,Canada,NA,Alberta,4067175,297,5,4017,72
2020-04-25,Canada,NA,Alberta,4067175,216,1,4233,73
2020-04-26,Canada,NA,Alberta,4067175,247,0,4480,73
2020-04-27,Canada,NA,Alberta,4067175,216,2,4696,75
2020-04-28,Canada,NA,Alberta,4067175,154,5,4850,80
2020-04-29,Canada,NA,Alberta,4067175,315,7,5165,87
2020-04-30,Canada,NA,Alberta,4067175,190,2,5355,89
2020-05-01,Canada,NA,Alberta,4067175,218,3,5573,92
2020-05-02,Canada,NA,Alberta,4067175,97,2,5670,94
2020-05-03,Canada,NA,Alberta,4067175,96,1,5766,95
2020-05-04,Canada,NA,Alberta,4067175,70,9,5836,104
2020-05-05,Canada,NA,Alberta,4067175,57,2,5893,106
2020-05-06,Canada,NA,Alberta,4067175,70,6,5963,112
2020-05-07,Canada,NA,Alberta,4067175,54,2,6017,114
2020-05-08,Canada,NA,Alberta,4067175,81,1,6098,115
2020-05-09,Canada,NA,Alberta,4067175,59,1,6157,116
2020-05-10,Canada,NA,Alberta,4067175,96,1,6253,117
2020-05-11,Canada,NA,Alberta,4067175,47,0,6300,117
2020-05-12,Canada,NA,Alberta,4067175,45,1,6345,118
2020-05-13,Canada,NA,Alberta,4067175,62,2,6407,120
2020-05-14,Canada,NA,Alberta,4067175,50,1,6457,121
2020-05-15,Canada,NA,Alberta,4067175,58,4,6515,125
2020-05-16,Canada,NA,Alberta,4067175,72,1,6587,126
2020-05-17,Canada,NA,Alberta,4067175,57,1,6644,127
2020-05-18,Canada,NA,Alberta,4067175,39,1,6683,128
2020-05-19,Canada,NA,Alberta,4067175,33,0,6716,128
2020-05-20,Canada,NA,Alberta,4067175,0,0,6716,128
2020-05-21,Canada,NA,Alberta,4067175,52,4,6768,132
2020-05-22,Canada,NA,Alberta,4067175,32,2,6800,134
2020-05-23,Canada,NA,Alberta,4067175,18,1,6818,135
2020-05-24,Canada,NA,Alberta,4067175,42,0,6860,135
2020-05-25,Canada,NA,Alberta,4067175,19,3,6879,138
2020-05-26,Canada,NA,Alberta,4067175,22,1,6901,139
2020-05-27,Canada,NA,Alberta,4067175,25,2,6926,141
2020-05-28,Canada,NA,Alberta,4067175,29,2,6955,143
2020-05-29,Canada,NA,Alberta,4067175,24,0,6979,143
2020-05-30,Canada,NA,Alberta,4067175,13,0,6992,143
2020-05-31,Canada,NA,Alberta,4067175,18,0,7010,143
2020-06-01,Canada,NA,Alberta,4067175,34,0,7044,143
2020-06-02,Canada,NA,Alberta,4067175,13,0,7057,143
2020-06-03,Canada,NA,Alberta,4067175,19,2,7076,145
2020-06-04,Canada,NA,Alberta,4067175,15,1,7091,146
2020-06-05,Canada,NA,Alberta,4067175,7,0,7098,146
2020-06-06,Canada,NA,Alberta,4067175,40,0,7138,146
2020-06-07,Canada,NA,Alberta,4067175,0,0,7138,146
2020-06-08,Canada,NA,Alberta,4067175,64,3,7202,149
2020-06-09,Canada,NA,Alberta,4067175,27,2,7229,151
2020-06-10,Canada,NA,Alberta,4067175,47,0,7276,151
2020-06-11,Canada,NA,Alberta,4067175,40,0,7316,149
2020-06-12,Canada,NA,Alberta,4067175,30,0,7346,149
2020-06-13,Canada,NA,Alberta,4067175,37,1,7383,150
2020-06-14,Canada,NA,Alberta,4067175,50,0,7433,150
2020-06-15,Canada,NA,Alberta,4067175,20,1,7453,151
2020-06-16,Canada,NA,Alberta,4067175,29,0,7482,151
2020-06-17,Canada,NA,Alberta,4067175,48,0,7530,151
2020-06-18,Canada,NA,Alberta,4067175,49,1,7579,152
2020-06-19,Canada,NA,Alberta,4067175,46,0,7625,152
2020-06-20,Canada,NA,Alberta,4067175,48,0,7673,152
2020-06-21,Canada,NA,Alberta,4067175,31,0,7704,152
2020-06-22,Canada,NA,Alberta,4067175,32,1,7736,153
2020-06-23,Canada,NA,Alberta,4067175,45,0,7781,153
2020-06-24,Canada,NA,Alberta,4067175,44,0,7825,153
2020-06-25,Canada,NA,Alberta,4067175,26,1,7851,154
2020-06-26,Canada,NA,Alberta,4067175,37,0,7888,154
2020-06-27,Canada,NA,Alberta,4067175,69,0,7957,154
2020-06-28,Canada,NA,Alberta,4067175,39,0,7996,154
2020-06-29,Canada,NA,Alberta,4067175,71,0,8067,154
2020-06-30,Canada,NA,Alberta,4067175,41,0,8108,154
2020-07-01,Canada,NA,Alberta,4067175,0,0,8108,154
2020-07-02,Canada,NA,Alberta,4067175,94,1,8202,155
2020-07-03,Canada,NA,Alberta,4067175,57,0,8259,155
2020-07-04,Canada,NA,Alberta,4067175,0,0,8259,155
2020-07-05,Canada,NA,Alberta,4067175,0,0,8259,155
2020-07-06,Canada,NA,Alberta,4067175,130,0,8389,155
2020-07-07,Canada,NA,Alberta,4067175,47,2,8436,157
2020-07-08,Canada,NA,Alberta,4067175,46,1,8482,158
2020-07-09,Canada,NA,Alberta,4067175,37,3,8519,161
2020-07-10,Canada,NA,Alberta,4067175,77,0,8596,160
2020-07-11,Canada,NA,Alberta,4067175,0,0,8596,160
2020-07-12,Canada,NA,Alberta,4067175,0,0,8596,160
2020-07-13,Canada,NA,Alberta,4067175,230,1,8826,161
2020-07-14,Canada,NA,Alberta,4067175,86,2,8912,163
2020-07-15,Canada,NA,Alberta,4067175,82,0,8994,163
2020-07-16,Canada,NA,Alberta,4067175,120,2,9114,165
2020-07-17,Canada,NA,Alberta,4067175,105,2,9219,167
2020-07-18,Canada,NA,Alberta,4067175,0,0,9219,167
2020-07-19,Canada,NA,Alberta,4067175,0,0,9219,167
2020-07-20,Canada,NA,Alberta,4067175,368,3,9587,170
2020-07-21,Canada,NA,Alberta,4067175,141,2,9728,172
2020-07-22,Canada,NA,Alberta,4067175,133,2,9861,174
2020-07-23,Canada,NA,Alberta,4067175,114,2,9975,176
2020-07-24,Canada,NA,Alberta,4067175,111,2,10086,178
2020-07-25,Canada,NA,Alberta,4067175,0,0,10086,178
2020-07-26,Canada,NA,Alberta,4067175,0,0,10086,178
2020-07-27,Canada,NA,Alberta,4067175,304,8,10390,186
2020-07-28,Canada,NA,Alberta,4067175,80,1,10470,187
2020-07-29,Canada,NA,Alberta,4067175,133,3,10603,190
2020-07-30,Canada,NA,Alberta,4067175,113,5,10716,195
2020-07-31,Canada,NA,Alberta,4067175,127,1,10843,196
2020-08-01,Canada,NA,Alberta,4067175,0,0,10843,196
2020-08-02,Canada,NA,Alberta,4067175,0,0,10843,196
2020-08-03,Canada,NA,Alberta,4067175,0,0,10843,196
2020-08-04,Canada,NA,Alberta,4067175,303,5,11146,201
2020-08-05,Canada,NA,Alberta,4067175,94,2,11240,203
2020-08-06,Canada,NA,Alberta,4067175,56,2,11296,205
2020-08-07,Canada,NA,Alberta,4067175,134,3,11430,208
2020-08-08,Canada,NA,Alberta,4067175,0,0,11430,208
2020-08-09,Canada,NA,Alberta,4067175,0,0,11430,208
2020-08-10,Canada,NA,Alberta,4067175,257,5,11687,213
2020-08-11,Canada,NA,Alberta,4067175,85,3,11772,216
2020-08-12,Canada,NA,Alberta,4067175,121,1,11893,217
2020-08-13,Canada,NA,Alberta,4067175,76,3,11969,220
2020-08-14,Canada,NA,Alberta,4067175,84,1,12053,221
2020-08-15,Canada,NA,Alberta,4067175,0,0,12053,221
2020-08-16,Canada,NA,Alberta,4067175,0,0,12053,221
2020-08-17,Canada,NA,Alberta,4067175,359,3,12412,224
2020-08-18,Canada,NA,Alberta,4067175,7,1,12419,225
2020-08-19,Canada,NA,Alberta,4067175,82,2,12501,227
2020-08-20,Canada,NA,Alberta,4067175,103,1,12604,228
2020-08-21,Canada,NA,Alberta,4067175,144,2,12748,230
2020-08-22,Canada,NA,Alberta,4067175,0,0,12748,230
2020-08-23,Canada,NA,Alberta,4067175,0,0,12748,230
2020-08-24,Canada,NA,Alberta,4067175,258,4,13006,234
2020-08-25,Canada,NA,Alberta,4067175,77,1,13083,235
2020-08-26,Canada,NA,Alberta,4067175,127,0,13210,235
2020-08-27,Canada,NA,Alberta,4067175,108,2,13318,237
2020-08-28,Canada,NA,Alberta,4067175,158,0,13476,237
2020-08-29,Canada,NA,Alberta,4067175,0,0,13476,237
2020-08-30,Canada,NA,Alberta,4067175,0,0,13476,237
2020-08-31,Canada,NA,Alberta,4067175,426,2,13902,239
2020-03-17,Canada,NA,British Columbia,4841078,30,3,103,7
2020-03-18,Canada,NA,British Columbia,4841078,83,0,186,7
2020-03-19,Canada,NA,British Columbia,4841078,85,1,271,8
2020-03-20,Canada,NA,British Columbia,4841078,0,1,271,9
2020-03-21,Canada,NA,British Columbia,4841078,153,1,424,10
2020-03-22,Canada,NA,British Columbia,4841078,0,0,424,10
2020-03-23,Canada,NA,British Columbia,4841078,48,3,472,13
2020-03-24,Canada,NA,British Columbia,4841078,145,0,617,13
2020-03-25,Canada,NA,British Columbia,4841078,42,1,659,14
2020-03-26,Canada,NA,British Columbia,4841078,66,0,725,14
2020-03-27,Canada,NA,British Columbia,4841078,0,0,725,14
2020-03-28,Canada,NA,British Columbia,4841078,159,2,884,16
2020-03-29,Canada,NA,British Columbia,4841078,0,1,884,17
2020-03-30,Canada,NA,British Columbia,4841078,76,2,960,19
2020-03-31,Canada,NA,British Columbia,4841078,10,0,970,19
2020-04-01,Canada,NA,British Columbia,4841078,96,6,1066,25
2020-04-02,Canada,NA,British Columbia,4841078,55,6,1121,31
2020-04-03,Canada,NA,British Columbia,4841078,53,4,1174,35
2020-04-04,Canada,NA,British Columbia,4841078,29,3,1203,38
2020-04-05,Canada,NA,British Columbia,4841078,0,0,1203,38
2020-04-06,Canada,NA,British Columbia,4841078,63,1,1266,39
2020-04-07,Canada,NA,British Columbia,4841078,25,4,1291,43
2020-04-08,Canada,NA,British Columbia,4841078,45,5,1336,48
2020-04-09,Canada,NA,British Columbia,4841078,34,2,1370,50
2020-04-10,Canada,NA,British Columbia,4841078,40,5,1410,55
2020-04-11,Canada,NA,British Columbia,4841078,35,3,1445,58
2020-04-12,Canada,NA,British Columbia,4841078,0,0,1445,58
2020-04-13,Canada,NA,British Columbia,4841078,45,11,1490,69
2020-04-14,Canada,NA,British Columbia,4841078,27,3,1517,72
2020-04-15,Canada,NA,British Columbia,4841078,44,3,1561,75
2020-04-16,Canada,NA,British Columbia,4841078,0,0,1561,75
2020-04-17,Canada,NA,British Columbia,4841078,14,2,1575,77
2020-04-18,Canada,NA,British Columbia,4841078,43,1,1618,78
2020-04-19,Canada,NA,British Columbia,4841078,0,0,1618,78
2020-04-20,Canada,NA,British Columbia,4841078,81,8,1699,86
2020-04-21,Canada,NA,British Columbia,4841078,25,1,1724,87
2020-04-22,Canada,NA,British Columbia,4841078,71,3,1795,90
2020-04-23,Canada,NA,British Columbia,4841078,29,4,1824,94
2020-04-24,Canada,NA,British Columbia,4841078,29,4,1853,98
2020-04-25,Canada,NA,British Columbia,4841078,95,2,1948,100
2020-04-26,Canada,NA,British Columbia,4841078,0,0,1948,100
2020-04-27,Canada,NA,British Columbia,4841078,50,3,1998,103
2020-04-28,Canada,NA,British Columbia,4841078,55,2,2053,105
2020-04-29,Canada,NA,British Columbia,4841078,34,4,2087,109
2020-04-30,Canada,NA,British Columbia,4841078,25,2,2112,111
2020-05-01,Canada,NA,British Columbia,4841078,33,1,2145,112
2020-05-02,Canada,NA,British Columbia,4841078,26,2,2171,114
2020-05-03,Canada,NA,British Columbia,4841078,0,0,2171,114
2020-05-04,Canada,NA,British Columbia,4841078,53,3,2224,117
2020-05-05,Canada,NA,British Columbia,4841078,8,4,2232,121
2020-05-06,Canada,NA,British Columbia,4841078,23,3,2255,124
2020-05-07,Canada,NA,British Columbia,4841078,33,2,2288,126
2020-05-08,Canada,NA,British Columbia,4841078,27,1,2315,127
2020-05-09,Canada,NA,British Columbia,4841078,15,2,2330,129
2020-05-10,Canada,NA,British Columbia,4841078,0,0,2330,129
2020-05-11,Canada,NA,British Columbia,4841078,23,1,2353,130
2020-05-12,Canada,NA,British Columbia,4841078,7,1,2360,131
2020-05-13,Canada,NA,British Columbia,4841078,16,1,2376,132
2020-05-14,Canada,NA,British Columbia,4841078,16,3,2392,135
2020-05-15,Canada,NA,British Columbia,4841078,15,5,2407,140
2020-05-16,Canada,NA,British Columbia,4841078,21,1,2428,141
2020-05-17,Canada,NA,British Columbia,4841078,0,0,2428,141
2020-05-18,Canada,NA,British Columbia,4841078,16,2,2444,143
2020-05-19,Canada,NA,British Columbia,4841078,2,3,2446,146
2020-05-20,Canada,NA,British Columbia,4841078,21,3,2467,149
2020-05-21,Canada,NA,British Columbia,4841078,12,3,2479,152
2020-05-22,Canada,NA,British Columbia,4841078,28,3,2507,155
2020-05-23,Canada,NA,British Columbia,4841078,10,2,2517,157
2020-05-24,Canada,NA,British Columbia,4841078,0,0,2517,157
2020-05-25,Canada,NA,British Columbia,4841078,13,4,2530,161
2020-05-26,Canada,NA,British Columbia,4841078,11,0,2541,161
2020-05-27,Canada,NA,British Columbia,4841078,9,1,2550,162
2020-05-28,Canada,NA,British Columbia,4841078,8,2,2558,164
2020-05-29,Canada,NA,British Columbia,4841078,4,0,2562,164
2020-05-30,Canada,NA,British Columbia,4841078,11,0,2573,164
2020-05-31,Canada,NA,British Columbia,4841078,0,0,2573,164
2020-06-01,Canada,NA,British Columbia,4841078,24,1,2597,165
2020-06-02,Canada,NA,British Columbia,4841078,4,0,2601,165
2020-06-03,Canada,NA,British Columbia,4841078,22,1,2623,166
2020-06-04,Canada,NA,British Columbia,4841078,9,0,2632,166
2020-06-05,Canada,NA,British Columbia,4841078,0,1,2632,167
2020-06-06,Canada,NA,British Columbia,4841078,0,0,2632,167
2020-06-07,Canada,NA,British Columbia,4841078,0,0,2632,167
2020-06-08,Canada,NA,British Columbia,4841078,27,0,2659,167
2020-06-09,Canada,NA,British Columbia,4841078,10,0,2669,167
2020-06-10,Canada,NA,British Columbia,4841078,11,0,2680,167
2020-06-11,Canada,NA,British Columbia,4841078,14,0,2694,167
2020-06-12,Canada,NA,British Columbia,4841078,15,1,2709,168
2020-06-13,Canada,NA,British Columbia,4841078,0,0,2709,168
2020-06-14,Canada,NA,British Columbia,4841078,0,0,2709,168
2020-06-15,Canada,NA,British Columbia,4841078,36,0,2745,168
2020-06-16,Canada,NA,British Columbia,4841078,11,0,2756,168
2020-06-17,Canada,NA,British Columbia,4841078,19,0,2775,168
2020-06-18,Canada,NA,British Columbia,4841078,8,0,2783,168
2020-06-19,Canada,NA,British Columbia,4841078,7,0,2790,168
2020-06-20,Canada,NA,British Columbia,4841078,0,0,2790,168
2020-06-21,Canada,NA,British Columbia,4841078,0,0,2790,168
2020-06-22,Canada,NA,British Columbia,4841078,32,1,2822,169
2020-06-23,Canada,NA,British Columbia,4841078,13,1,2835,170
2020-06-24,Canada,NA,British Columbia,4841078,14,1,2849,171
2020-06-25,Canada,NA,British Columbia,4841078,20,2,2869,173
2020-06-26,Canada,NA,British Columbia,4841078,9,1,2878,174
2020-06-27,Canada,NA,British Columbia,4841078,0,0,2878,174
2020-06-28,Canada,NA,British Columbia,4841078,0,0,2878,174
2020-06-29,Canada,NA,British Columbia,4841078,26,0,2904,174
2020-06-30,Canada,NA,British Columbia,4841078,12,0,2916,174
2020-07-01,Canada,NA,British Columbia,4841078,0,0,2916,174
2020-07-02,Canada,NA,British Columbia,4841078,24,3,2940,177
2020-07-03,Canada,NA,British Columbia,4841078,7,0,2947,177
2020-07-04,Canada,NA,British Columbia,4841078,0,0,2947,177
2020-07-05,Canada,NA,British Columbia,4841078,0,0,2947,177
2020-07-06,Canada,NA,British Columbia,4841078,31,6,2978,183
2020-07-07,Canada,NA,British Columbia,4841078,12,0,2990,183
2020-07-08,Canada,NA,British Columbia,4841078,18,3,3008,186
2020-07-09,Canada,NA,British Columbia,4841078,20,0,3028,186
2020-07-10,Canada,NA,British Columbia,4841078,25,1,3053,187
2020-07-11,Canada,NA,British Columbia,4841078,0,0,3053,187
2020-07-12,Canada,NA,British Columbia,4841078,0,0,3053,187
2020-07-13,Canada,NA,British Columbia,4841078,62,2,3115,189
2020-07-14,Canada,NA,British Columbia,4841078,13,0,3128,189
2020-07-15,Canada,NA,British Columbia,4841078,21,0,3149,189
2020-07-16,Canada,NA,British Columbia,4841078,21,0,3170,189
2020-07-17,Canada,NA,British Columbia,4841078,28,0,3198,189
2020-07-18,Canada,NA,British Columbia,4841078,0,0,3198,189
2020-07-19,Canada,NA,British Columbia,4841078,0,0,3198,189
2020-07-20,Canada,NA,British Columbia,4841078,102,0,3300,189
2020-07-21,Canada,NA,British Columbia,4841078,28,0,3328,189
2020-07-22,Canada,NA,British Columbia,4841078,34,0,3362,189
2020-07-23,Canada,NA,British Columbia,4841078,30,1,3392,190
2020-07-24,Canada,NA,British Columbia,4841078,27,1,3419,191
2020-07-25,Canada,NA,British Columbia,4841078,0,0,3419,191
2020-07-26,Canada,NA,British Columbia,4841078,0,0,3419,191
2020-07-27,Canada,NA,British Columbia,4841078,81,2,3500,193
2020-07-28,Canada,NA,British Columbia,4841078,23,1,3523,194
2020-07-29,Canada,NA,British Columbia,4841078,39,0,3562,194
2020-07-30,Canada,NA,British Columbia,4841078,29,0,3591,194
2020-07-31,Canada,NA,British Columbia,4841078,50,1,3641,195
2020-08-01,Canada,NA,British Columbia,4841078,0,0,3641,195
2020-08-02,Canada,NA,British Columbia,4841078,0,0,3641,195
2020-08-03,Canada,NA,British Columbia,4841078,0,0,3641,195
2020-08-04,Canada,NA,British Columbia,4841078,146,0,3787,195
2020-08-05,Canada,NA,British Columbia,4841078,47,0,3834,195
2020-08-06,Canada,NA,British Columbia,4841078,47,0,3881,195
2020-08-07,Canada,NA,British Columbia,4841078,53,0,3934,195
2020-08-08,Canada,NA,British Columbia,4841078,0,0,3934,195
2020-08-09,Canada,NA,British Columbia,4841078,0,0,3934,195
2020-08-10,Canada,NA,British Columbia,4841078,131,0,4065,195
2020-08-11,Canada,NA,British Columbia,4841078,46,0,4111,195
2020-08-12,Canada,NA,British Columbia,4841078,85,1,4196,196
2020-08-13,Canada,NA,British Columbia,4841078,78,0,4274,196
2020-08-14,Canada,NA,British Columbia,4841078,84,0,4358,196
2020-08-15,Canada,NA,British Columbia,4841078,0,0,4358,196
2020-08-16,Canada,NA,British Columbia,4841078,0,0,4358,196
2020-08-17,Canada,NA,British Columbia,4841078,236,2,4594,198
2020-08-18,Canada,NA,British Columbia,4841078,83,0,4677,198
2020-08-19,Canada,NA,British Columbia,4841078,68,0,4745,198
2020-08-20,Canada,NA,British Columbia,4841078,80,2,4825,200
2020-08-21,Canada,NA,British Columbia,4841078,90,2,4915,202
2020-08-22,Canada,NA,British Columbia,4841078,0,0,4915,202
2020-08-23,Canada,NA,British Columbia,4841078,0,0,4915,202
2020-08-24,Canada,NA,British Columbia,4841078,269,1,5184,203
2020-08-25,Canada,NA,British Columbia,4841078,58,0,5242,203
2020-08-26,Canada,NA,British Columbia,4841078,62,0,5304,203
2020-08-27,Canada,NA,British Columbia,4841078,68,1,5372,204
2020-08-28,Canada,NA,British Columbia,4841078,124,0,5496,204
2020-08-29,Canada,NA,British Columbia,4841078,0,0,5496,204
2020-08-30,Canada,NA,British Columbia,4841078,0,0,5496,204
2020-08-31,Canada,NA,British Columbia,4841078,294,4,5790,208
2020-04-01,Canada,NA,Manitoba,1343371,24,0,109,1
2020-04-02,Canada,NA,Manitoba,1343371,40,0,152,1
2020-04-03,Canada,NA,Manitoba,1343371,15,1,164,2
2020-04-04,Canada,NA,Manitoba,1343371,12,0,172,2
2020-04-05,Canada,NA,Manitoba,1343371,9,0,187,2
2020-04-06,Canada,NA,Manitoba,1343371,1,0,190,2
2020-04-07,Canada,NA,Manitoba,1343371,13,1,203,3
2020-04-08,Canada,NA,Manitoba,1343371,4,0,206,3
2020-04-09,Canada,NA,Manitoba,1343371,3,0,207,3
2020-04-10,Canada,NA,Manitoba,1343371,6,1,215,4
2020-04-11,Canada,NA,Manitoba,1343371,13,0,226,4
2020-04-12,Canada,NA,Manitoba,1343371,0,0,226,4
2020-04-13,Canada,NA,Manitoba,1343371,4,0,229,4
2020-04-14,Canada,NA,Manitoba,1343371,0,0,229,4
2020-04-15,Canada,NA,Manitoba,1343371,0,1,231,5
2020-04-16,Canada,NA,Manitoba,1343371,4,0,239,5
2020-04-17,Canada,NA,Manitoba,1343371,0,0,239,5
2020-04-18,Canada,NA,Manitoba,1343371,3,0,243,5
2020-04-19,Canada,NA,Manitoba,1343371,0,0,245,5
2020-04-20,Canada,NA,Manitoba,1343371,1,1,246,6
2020-04-21,Canada,NA,Manitoba,1343371,1,0,246,6
2020-04-22,Canada,NA,Manitoba,1343371,2,0,246,6
2020-04-23,Canada,NA,Manitoba,1343371,5,0,251,6
2020-04-24,Canada,NA,Manitoba,1343371,1,0,252,6
2020-04-25,Canada,NA,Manitoba,1343371,4,0,256,6
2020-04-26,Canada,NA,Manitoba,1343371,4,0,260,6
2020-04-27,Canada,NA,Manitoba,1343371,1,0,261,6
2020-04-28,Canada,NA,Manitoba,1343371,0,0,261,6
2020-04-29,Canada,NA,Manitoba,1343371,1,0,263,6
2020-04-30,Canada,NA,Manitoba,1343371,2,0,264,6
2020-05-01,Canada,NA,Manitoba,1343371,4,0,268,6
2020-05-02,Canada,NA,Manitoba,1343371,1,0,269,6
2020-05-03,Canada,NA,Manitoba,1343371,1,0,270,6
2020-05-04,Canada,NA,Manitoba,1343371,0,0,270,6
2020-05-05,Canada,NA,Manitoba,1343371,1,1,271,7
2020-05-06,Canada,NA,Manitoba,1343371,2,0,273,7
2020-05-07,Canada,NA,Manitoba,1343371,0,0,272,7
2020-05-08,Canada,NA,Manitoba,1343371,1,0,273,7
2020-05-09,Canada,NA,Manitoba,1343371,0,0,273,7
2020-05-10,Canada,NA,Manitoba,1343371,3,0,276,7
2020-05-11,Canada,NA,Manitoba,1343371,2,0,278,7
2020-05-12,Canada,NA,Manitoba,1343371,1,0,279,7
2020-05-13,Canada,NA,Manitoba,1343371,0,0,279,7
2020-05-14,Canada,NA,Manitoba,1343371,0,0,278,7
2020-05-15,Canada,NA,Manitoba,1343371,0,0,278,7
2020-05-16,Canada,NA,Manitoba,1343371,0,0,278,7
2020-05-17,Canada,NA,Manitoba,1343371,0,0,278,7
2020-05-18,Canada,NA,Manitoba,1343371,1,0,279,7
2020-05-19,Canada,NA,Manitoba,1343371,0,0,279,7
2020-05-20,Canada,NA,Manitoba,1343371,0,0,279,7
2020-05-21,Canada,NA,Manitoba,1343371,0,0,279,7
2020-05-22,Canada,NA,Manitoba,1343371,2,0,281,7
2020-05-23,Canada,NA,Manitoba,1343371,0,0,281,7
2020-05-24,Canada,NA,Manitoba,1343371,0,0,281,7
2020-05-25,Canada,NA,Manitoba,1343371,0,0,281,7
2020-05-26,Canada,NA,Manitoba,1343371,0,0,281,7
2020-05-27,Canada,NA,Manitoba,1343371,0,0,281,7
2020-05-28,Canada,NA,Manitoba,1343371,2,0,283,7
2020-05-29,Canada,NA,Manitoba,1343371,0,0,283,7
2020-05-30,Canada,NA,Manitoba,1343371,0,0,283,7
2020-05-31,Canada,NA,Manitoba,1343371,1,0,284,7
2020-06-01,Canada,NA,Manitoba,1343371,0,0,284,7
2020-06-02,Canada,NA,Manitoba,1343371,2,0,286,7
2020-06-03,Canada,NA,Manitoba,1343371,1,0,287,7
2020-06-04,Canada,NA,Manitoba,1343371,0,0,287,7
2020-06-05,Canada,NA,Manitoba,1343371,2,0,289,7
2020-06-06,Canada,NA,Manitoba,1343371,0,0,289,7
2020-06-07,Canada,NA,Manitoba,1343371,0,0,289,7
2020-06-08,Canada,NA,Manitoba,1343371,0,0,289,7
2020-06-09,Canada,NA,Manitoba,1343371,0,0,289,7
2020-06-10,Canada,NA,Manitoba,1343371,0,0,289,7
2020-06-11,Canada,NA,Manitoba,1343371,0,0,289,7
2020-06-12,Canada,NA,Manitoba,1343371,1,0,290,7
2020-06-13,Canada,NA,Manitoba,1343371,2,0,292,7
2020-06-14,Canada,NA,Manitoba,1343371,1,0,293,7
2020-06-15,Canada,NA,Manitoba,1343371,0,0,293,7
2020-06-16,Canada,NA,Manitoba,1343371,0,0,293,7
2020-06-17,Canada,NA,Manitoba,1343371,2,0,295,7
2020-06-18,Canada,NA,Manitoba,1343371,2,0,297,7
2020-06-19,Canada,NA,Manitoba,1343371,3,0,300,7
2020-06-20,Canada,NA,Manitoba,1343371,2,0,302,7
2020-06-21,Canada,NA,Manitoba,1343371,0,0,302,7
2020-06-22,Canada,NA,Manitoba,1343371,1,0,303,7
2020-06-23,Canada,NA,Manitoba,1343371,0,0,303,7
2020-06-24,Canada,NA,Manitoba,1343371,1,0,304,7
2020-06-25,Canada,NA,Manitoba,1343371,1,0,305,7
2020-06-26,Canada,NA,Manitoba,1343371,2,0,307,7
2020-06-27,Canada,NA,Manitoba,1343371,4,0,311,7
2020-06-28,Canada,NA,Manitoba,1343371,0,0,311,7
2020-06-29,Canada,NA,Manitoba,1343371,2,0,313,7
2020-06-30,Canada,NA,Manitoba,1343371,1,0,314,7
2020-07-01,Canada,NA,Manitoba,1343371,0,0,314,7
2020-07-02,Canada,NA,Manitoba,1343371,0,0,314,7
2020-07-03,Canada,NA,Manitoba,1343371,0,0,314,7
2020-07-04,Canada,NA,Manitoba,1343371,0,0,314,7
2020-07-05,Canada,NA,Manitoba,1343371,0,0,314,7
2020-07-06,Canada,NA,Manitoba,1343371,0,0,314,7
2020-07-07,Canada,NA,Manitoba,1343371,0,0,314,7
2020-07-08,Canada,NA,Manitoba,1343371,0,0,314,7
2020-07-09,Canada,NA,Manitoba,1343371,0,0,314,7
2020-07-10,Canada,NA,Manitoba,1343371,0,0,314,7
2020-07-11,Canada,NA,Manitoba,1343371,0,0,314,7
2020-07-12,Canada,NA,Manitoba,1343371,0,0,314,7
2020-07-13,Canada,NA,Manitoba,1343371,0,0,314,7
2020-07-14,Canada,NA,Manitoba,1343371,5,0,319,7
2020-07-15,Canada,NA,Manitoba,1343371,0,0,319,7
2020-07-16,Canada,NA,Manitoba,1343371,1,0,320,7
2020-07-17,Canada,NA,Manitoba,1343371,5,0,325,7
2020-07-18,Canada,NA,Manitoba,1343371,1,0,326,7
2020-07-19,Canada,NA,Manitoba,1343371,6,0,332,7
2020-07-20,Canada,NA,Manitoba,1343371,11,0,343,7
2020-07-21,Canada,NA,Manitoba,1343371,12,0,353,7
2020-07-22,Canada,NA,Manitoba,1343371,8,0,361,7
2020-07-23,Canada,NA,Manitoba,1343371,1,0,362,7
2020-07-24,Canada,NA,Manitoba,1343371,9,0,371,7
2020-07-25,Canada,NA,Manitoba,1343371,4,0,375,7
2020-07-26,Canada,NA,Manitoba,1343371,6,0,381,7
2020-07-27,Canada,NA,Manitoba,1343371,6,0,387,7
2020-07-28,Canada,NA,Manitoba,1343371,5,1,391,8
2020-07-29,Canada,NA,Manitoba,1343371,2,0,393,8
2020-07-30,Canada,NA,Manitoba,1343371,2,0,395,8
2020-07-31,Canada,NA,Manitoba,1343371,6,0,401,8
2020-08-01,Canada,NA,Manitoba,1343371,2,0,403,8
2020-08-02,Canada,NA,Manitoba,1343371,18,0,421,8
2020-08-03,Canada,NA,Manitoba,1343371,7,0,428,8
2020-08-04,Canada,NA,Manitoba,1343371,1,0,428,8
2020-08-05,Canada,NA,Manitoba,1343371,1,0,429,8
2020-08-06,Canada,NA,Manitoba,1343371,30,0,459,8
2020-08-07,Canada,NA,Manitoba,1343371,17,0,476,8
2020-08-08,Canada,NA,Manitoba,1343371,16,0,492,8
2020-08-09,Canada,NA,Manitoba,1343371,35,0,527,8
2020-08-10,Canada,NA,Manitoba,1343371,16,0,543,8
2020-08-11,Canada,NA,Manitoba,1343371,4,0,547,8
2020-08-12,Canada,NA,Manitoba,1343371,16,0,563,8
2020-08-13,Canada,NA,Manitoba,1343371,25,0,603,8
2020-08-14,Canada,NA,Manitoba,1343371,40,0,643,8
2020-08-15,Canada,NA,Manitoba,1343371,20,1,663,9
2020-08-16,Canada,NA,Manitoba,1343371,34,0,697,9
2020-08-17,Canada,NA,Manitoba,1343371,34,0,731,9
2020-08-18,Canada,NA,Manitoba,1343371,17,2,748,11
2020-08-19,Canada,NA,Manitoba,1343371,15,1,763,12
2020-08-20,Canada,NA,Manitoba,1343371,33,0,796,12
2020-08-21,Canada,NA,Manitoba,1343371,34,0,830,12
2020-08-22,Canada,NA,Manitoba,1343371,42,0,872,12
2020-08-23,Canada,NA,Manitoba,1343371,72,0,944,12
2020-08-24,Canada,NA,Manitoba,1343371,49,0,993,12
2020-08-25,Canada,NA,Manitoba,1343371,25,1,1018,13
2020-08-26,Canada,NA,Manitoba,1343371,25,0,1043,13
2020-08-27,Canada,NA,Manitoba,1343371,21,1,1064,14
2020-08-28,Canada,NA,Manitoba,1343371,32,0,1096,14
2020-08-29,Canada,NA,Manitoba,1343371,55,0,1151,14
2020-08-30,Canada,NA,Manitoba,1343371,35,0,1186,14
2020-08-31,Canada,NA,Manitoba,1343371,28,0,1214,14
2020-04-05,Canada,NA,New Brunswick,760868,3,0,101,0
2020-04-06,Canada,NA,New Brunswick,760868,2,0,103,0
2020-04-07,Canada,NA,New Brunswick,760868,2,0,105,0
2020-04-08,Canada,NA,New Brunswick,760868,3,0,108,0
2020-04-09,Canada,NA,New Brunswick,760868,3,0,111,0
2020-04-10,Canada,NA,New Brunswick,760868,1,0,112,0
2020-04-11,Canada,NA,New Brunswick,760868,0,0,112,0
2020-04-12,Canada,NA,New Brunswick,760868,2,0,114,0
2020-04-13,Canada,NA,New Brunswick,760868,2,0,116,0
2020-04-14,Canada,NA,New Brunswick,760868,0,0,116,0
2020-04-15,Canada,NA,New Brunswick,760868,1,0,117,0
2020-04-16,Canada,NA,New Brunswick,760868,0,0,117,0
2020-04-17,Canada,NA,New Brunswick,760868,0,0,117,0
2020-04-18,Canada,NA,New Brunswick,760868,1,0,118,0
2020-04-19,Canada,NA,New Brunswick,760868,0,0,118,0
2020-04-20,Canada,NA,New Brunswick,760868,0,0,118,0
2020-04-21,Canada,NA,New Brunswick,760868,0,0,118,0
2020-04-22,Canada,NA,New Brunswick,760868,0,0,118,0
2020-04-23,Canada,NA,New Brunswick,760868,0,0,118,0
2020-04-24,Canada,NA,New Brunswick,760868,0,0,118,0
2020-04-25,Canada,NA,New Brunswick,760868,0,0,118,0
2020-04-26,Canada,NA,New Brunswick,760868,0,0,118,0
2020-04-27,Canada,NA,New Brunswick,760868,0,0,118,0
2020-04-28,Canada,NA,New Brunswick,760868,0,0,118,0
2020-04-29,Canada,NA,New Brunswick,760868,0,0,118,0
2020-04-30,Canada,NA,New Brunswick,760868,0,0,118,0
2020-05-01,Canada,NA,New Brunswick,760868,0,0,118,0
2020-05-02,Canada,NA,New Brunswick,760868,0,0,118,0
2020-05-03,Canada,NA,New Brunswick,760868,0,0,118,0
2020-05-04,Canada,NA,New Brunswick,760868,0,0,118,0
2020-05-05,Canada,NA,New Brunswick,760868,1,0,119,0
2020-05-06,Canada,NA,New Brunswick,760868,1,0,120,0
2020-05-07,Canada,NA,New Brunswick,760868,0,0,120,0
2020-05-08,Canada,NA,New Brunswick,760868,0,0,120,0
2020-05-09,Canada,NA,New Brunswick,760868,0,0,120,0
2020-05-10,Canada,NA,New Brunswick,760868,0,0,120,0
2020-05-11,Canada,NA,New Brunswick,760868,0,0,120,0
2020-05-12,Canada,NA,New Brunswick,760868,0,0,120,0
2020-05-13,Canada,NA,New Brunswick,760868,0,0,120,0
2020-05-14,Canada,NA,New Brunswick,760868,0,0,120,0
2020-05-15,Canada,NA,New Brunswick,760868,0,0,120,0
2020-05-16,Canada,NA,New Brunswick,760868,0,0,120,0
2020-05-17,Canada,NA,New Brunswick,760868,0,0,120,0
2020-05-18,Canada,NA,New Brunswick,760868,0,0,120,0
2020-05-19,Canada,NA,New Brunswick,760868,0,0,120,0
2020-05-20,Canada,NA,New Brunswick,760868,0,0,120,0
2020-05-21,Canada,NA,New Brunswick,760868,1,0,121,0
2020-05-22,Canada,NA,New Brunswick,760868,0,0,121,0
2020-05-23,Canada,NA,New Brunswick,760868,0,0,121,0
2020-05-24,Canada,NA,New Brunswick,760868,0,0,121,0
2020-05-25,Canada,NA,New Brunswick,760868,0,0,121,0
2020-05-26,Canada,NA,New Brunswick,760868,1,0,122,0
2020-05-27,Canada,NA,New Brunswick,760868,1,0,123,0
2020-05-28,Canada,NA,New Brunswick,760868,3,0,126,0
2020-05-29,Canada,NA,New Brunswick,760868,2,0,128,0
2020-05-30,Canada,NA,New Brunswick,760868,1,0,129,0
2020-05-31,Canada,NA,New Brunswick,760868,3,0,132,0
2020-06-01,Canada,NA,New Brunswick,760868,0,0,132,0
2020-06-02,Canada,NA,New Brunswick,760868,1,0,133,0
2020-06-03,Canada,NA,New Brunswick,760868,2,0,135,0
2020-06-04,Canada,NA,New Brunswick,760868,1,1,136,1
2020-06-05,Canada,NA,New Brunswick,760868,0,0,136,1
2020-06-06,Canada,NA,New Brunswick,760868,0,0,136,1
2020-06-07,Canada,NA,New Brunswick,760868,1,0,137,1
2020-06-08,Canada,NA,New Brunswick,760868,9,0,146,1
2020-06-09,Canada,NA,New Brunswick,760868,1,0,147,1
2020-06-10,Canada,NA,New Brunswick,760868,4,0,151,1
2020-06-11,Canada,NA,New Brunswick,760868,2,0,153,1
2020-06-12,Canada,NA,New Brunswick,760868,1,0,154,1
2020-06-13,Canada,NA,New Brunswick,760868,3,1,157,2
2020-06-14,Canada,NA,New Brunswick,760868,0,0,157,2
2020-06-15,Canada,NA,New Brunswick,760868,3,0,160,2
2020-06-16,Canada,NA,New Brunswick,760868,3,0,163,2
2020-06-17,Canada,NA,New Brunswick,760868,1,0,164,2
2020-06-18,Canada,NA,New Brunswick,760868,0,0,164,2
2020-06-19,Canada,NA,New Brunswick,760868,0,0,164,2
2020-06-20,Canada,NA,New Brunswick,760868,0,0,164,2
2020-06-21,Canada,NA,New Brunswick,760868,0,0,164,2
2020-06-22,Canada,NA,New Brunswick,760868,0,0,164,2
2020-06-23,Canada,NA,New Brunswick,760868,1,0,165,2
2020-06-24,Canada,NA,New Brunswick,760868,0,0,165,2
2020-06-25,Canada,NA,New Brunswick,760868,0,0,165,2
2020-06-26,Canada,NA,New Brunswick,760868,0,0,165,2
2020-06-27,Canada,NA,New Brunswick,760868,0,0,165,2
2020-06-28,Canada,NA,New Brunswick,760868,0,0,165,2
2020-06-29,Canada,NA,New Brunswick,760868,0,0,165,2
2020-06-30,Canada,NA,New Brunswick,760868,0,0,165,2
2020-07-01,Canada,NA,New Brunswick,760868,0,0,165,2
2020-07-02,Canada,NA,New Brunswick,760868,0,0,165,2
2020-07-03,Canada,NA,New Brunswick,760868,0,0,165,2
2020-07-04,Canada,NA,New Brunswick,760868,0,0,165,2
2020-07-05,Canada,NA,New Brunswick,760868,0,0,165,2
2020-07-06,Canada,NA,New Brunswick,760868,0,0,165,2
2020-07-07,Canada,NA,New Brunswick,760868,0,0,165,2
2020-07-08,Canada,NA,New Brunswick,760868,0,0,165,2
2020-07-09,Canada,NA,New Brunswick,760868,1,0,166,2
2020-07-10,Canada,NA,New Brunswick,760868,0,0,166,2
2020-07-11,Canada,NA,New Brunswick,760868,0,0,166,2
2020-07-12,Canada,NA,New Brunswick,760868,0,0,166,2
2020-07-13,Canada,NA,New Brunswick,760868,0,0,166,2
2020-07-14,Canada,NA,New Brunswick,760868,1,0,167,2
2020-07-15,Canada,NA,New Brunswick,760868,1,0,168,2
2020-07-16,Canada,NA,New Brunswick,760868,0,0,168,2
2020-07-17,Canada,NA,New Brunswick,760868,0,0,168,2
2020-07-18,Canada,NA,New Brunswick,760868,0,0,168,2
2020-07-19,Canada,NA,New Brunswick,760868,1,0,169,2
2020-07-20,Canada,NA,New Brunswick,760868,1,0,170,2
2020-07-21,Canada,NA,New Brunswick,760868,0,0,170,2
2020-07-22,Canada,NA,New Brunswick,760868,0,0,170,2
2020-07-23,Canada,NA,New Brunswick,760868,0,0,170,2
2020-07-24,Canada,NA,New Brunswick,760868,0,0,170,2
2020-07-25,Canada,NA,New Brunswick,760868,0,0,170,2
2020-07-26,Canada,NA,New Brunswick,760868,0,0,170,2
2020-07-27,Canada,NA,New Brunswick,760868,0,0,170,2
2020-07-28,Canada,NA,New Brunswick,760868,0,0,170,2
2020-07-29,Canada,NA,New Brunswick,760868,0,0,170,2
2020-07-30,Canada,NA,New Brunswick,760868,0,0,170,2
2020-07-31,Canada,NA,New Brunswick,760868,0,0,170,2
2020-08-01,Canada,NA,New Brunswick,760868,0,0,170,2
2020-08-02,Canada,NA,New Brunswick,760868,0,0,170,2
2020-08-03,Canada,NA,New Brunswick,760868,0,0,170,2
2020-08-04,Canada,NA,New Brunswick,760868,0,0,170,2
2020-08-05,Canada,NA,New Brunswick,760868,4,0,174,2
2020-08-06,Canada,NA,New Brunswick,760868,2,0,176,2
2020-08-07,Canada,NA,New Brunswick,760868,0,0,176,2
2020-08-08,Canada,NA,New Brunswick,760868,0,0,176,2
2020-08-09,Canada,NA,New Brunswick,760868,0,0,176,2
2020-08-10,Canada,NA,New Brunswick,760868,0,0,176,2
2020-08-11,Canada,NA,New Brunswick,760868,1,0,177,2
2020-08-12,Canada,NA,New Brunswick,760868,1,0,178,2
2020-08-13,Canada,NA,New Brunswick,760868,2,0,180,2
2020-08-14,Canada,NA,New Brunswick,760868,0,0,180,2
2020-08-15,Canada,NA,New Brunswick,760868,4,0,184,2
2020-08-16,Canada,NA,New Brunswick,760868,2,0,186,2
2020-08-17,Canada,NA,New Brunswick,760868,0,0,186,2
2020-08-18,Canada,NA,New Brunswick,760868,0,0,186,2
2020-08-19,Canada,NA,New Brunswick,760868,0,0,186,2
2020-08-20,Canada,NA,New Brunswick,760868,0,0,186,2
2020-08-21,Canada,NA,New Brunswick,760868,2,0,188,2
2020-08-22,Canada,NA,New Brunswick,760868,0,0,188,2
2020-08-23,Canada,NA,New Brunswick,760868,1,0,189,2
2020-08-24,Canada,NA,New Brunswick,760868,0,0,189,2
2020-08-25,Canada,NA,New Brunswick,760868,1,0,190,2
2020-08-26,Canada,NA,New Brunswick,760868,0,0,190,2
2020-08-27,Canada,NA,New Brunswick,760868,0,0,190,2
2020-08-28,Canada,NA,New Brunswick,760868,1,0,191,2
2020-03-27,Canada,NA,Newfoundland and Labrador,528430,20,0,102,0
2020-03-28,Canada,NA,Newfoundland and Labrador,528430,18,0,120,0
2020-03-29,Canada,NA,Newfoundland and Labrador,528430,15,0,135,0
2020-03-30,Canada,NA,Newfoundland and Labrador,528430,13,1,148,1
2020-03-31,Canada,NA,Newfoundland and Labrador,528430,4,0,152,1
2020-04-01,Canada,NA,Newfoundland and Labrador,528430,23,0,175,1
2020-04-02,Canada,NA,Newfoundland and Labrador,528430,8,0,183,1
2020-04-03,Canada,NA,Newfoundland and Labrador,528430,0,0,183,1
2020-04-04,Canada,NA,Newfoundland and Labrador,528430,12,0,195,1
2020-04-05,Canada,NA,Newfoundland and Labrador,528430,22,0,217,1
2020-04-06,Canada,NA,Newfoundland and Labrador,528430,9,1,226,2
2020-04-07,Canada,NA,Newfoundland and Labrador,528430,2,0,228,2
2020-04-08,Canada,NA,Newfoundland and Labrador,528430,4,0,232,2
2020-04-09,Canada,NA,Newfoundland and Labrador,528430,4,1,236,3
2020-04-10,Canada,NA,Newfoundland and Labrador,528430,3,0,239,3
2020-04-11,Canada,NA,Newfoundland and Labrador,528430,2,0,241,3
2020-04-12,Canada,NA,Newfoundland and Labrador,528430,1,0,242,3
2020-04-13,Canada,NA,Newfoundland and Labrador,528430,2,0,244,3
2020-04-14,Canada,NA,Newfoundland and Labrador,528430,0,0,244,3
2020-04-15,Canada,NA,Newfoundland and Labrador,528430,3,0,247,3
2020-04-16,Canada,NA,Newfoundland and Labrador,528430,5,0,252,3
2020-04-17,Canada,NA,Newfoundland and Labrador,528430,4,0,256,3
2020-04-18,Canada,NA,Newfoundland and Labrador,528430,1,0,257,3
2020-04-19,Canada,NA,Newfoundland and Labrador,528430,0,0,257,3
2020-04-20,Canada,NA,Newfoundland and Labrador,528430,0,0,257,3
2020-04-21,Canada,NA,Newfoundland and Labrador,528430,0,0,257,3
2020-04-22,Canada,NA,Newfoundland and Labrador,528430,0,0,256,3
2020-04-23,Canada,NA,Newfoundland and Labrador,528430,0,0,256,3
2020-04-24,Canada,NA,Newfoundland and Labrador,528430,0,0,256,3
2020-04-25,Canada,NA,Newfoundland and Labrador,528430,1,0,257,3
2020-04-26,Canada,NA,Newfoundland and Labrador,528430,1,0,258,3
2020-04-27,Canada,NA,Newfoundland and Labrador,528430,0,0,258,3
2020-04-28,Canada,NA,Newfoundland and Labrador,528430,0,0,258,3
2020-04-29,Canada,NA,Newfoundland and Labrador,528430,0,0,258,3
2020-04-30,Canada,NA,Newfoundland and Labrador,528430,0,0,258,3
2020-05-01,Canada,NA,Newfoundland and Labrador,528430,1,0,259,3
2020-05-02,Canada,NA,Newfoundland and Labrador,528430,0,0,259,3
2020-05-03,Canada,NA,Newfoundland and Labrador,528430,0,0,259,3
2020-05-04,Canada,NA,Newfoundland and Labrador,528430,0,0,259,3
2020-05-05,Canada,NA,Newfoundland and Labrador,528430,0,0,259,3
2020-05-06,Canada,NA,Newfoundland and Labrador,528430,0,0,259,3
2020-05-07,Canada,NA,Newfoundland and Labrador,528430,2,0,261,3
2020-05-08,Canada,NA,Newfoundland and Labrador,528430,0,0,261,3
2020-05-09,Canada,NA,Newfoundland and Labrador,528430,0,0,261,3
2020-05-10,Canada,NA,Newfoundland and Labrador,528430,0,0,261,3
2020-05-11,Canada,NA,Newfoundland and Labrador,528430,0,0,261,3
2020-05-12,Canada,NA,Newfoundland and Labrador,528430,0,0,261,3
2020-05-13,Canada,NA,Newfoundland and Labrador,528430,0,0,261,3
2020-05-14,Canada,NA,Newfoundland and Labrador,528430,0,0,261,3
2020-05-15,Canada,NA,Newfoundland and Labrador,528430,0,0,260,3
2020-05-16,Canada,NA,Newfoundland and Labrador,528430,0,0,260,3
2020-05-17,Canada,NA,Newfoundland and Labrador,528430,0,0,260,3
2020-05-18,Canada,NA,Newfoundland and Labrador,528430,0,0,260,3
2020-05-19,Canada,NA,Newfoundland and Labrador,528430,0,0,260,3
2020-05-20,Canada,NA,Newfoundland and Labrador,528430,0,0,260,3
2020-05-21,Canada,NA,Newfoundland and Labrador,528430,0,0,260,3
2020-05-22,Canada,NA,Newfoundland and Labrador,528430,0,0,260,3
2020-05-23,Canada,NA,Newfoundland and Labrador,528430,0,0,260,3
2020-05-24,Canada,NA,Newfoundland and Labrador,528430,0,0,260,3
2020-05-25,Canada,NA,Newfoundland and Labrador,528430,0,0,260,3
2020-05-26,Canada,NA,Newfoundland and Labrador,528430,0,0,260,3
2020-05-27,Canada,NA,Newfoundland and Labrador,528430,0,0,260,3
2020-05-28,Canada,NA,Newfoundland and Labrador,528430,1,0,261,3
2020-05-29,Canada,NA,Newfoundland and Labrador,528430,0,0,261,3
2020-05-30,Canada,NA,Newfoundland and Labrador,528430,0,0,261,3
2020-05-31,Canada,NA,Newfoundland and Labrador,528430,0,0,261,3
2020-06-01,Canada,NA,Newfoundland and Labrador,528430,0,0,261,3
2020-06-02,Canada,NA,Newfoundland and Labrador,528430,0,0,261,3
2020-06-03,Canada,NA,Newfoundland and Labrador,528430,0,0,261,3
2020-06-04,Canada,NA,Newfoundland and Labrador,528430,0,0,261,3
2020-06-05,Canada,NA,Newfoundland and Labrador,528430,0,0,261,3
2020-06-06,Canada,NA,Newfoundland and Labrador,528430,0,0,261,3
2020-06-07,Canada,NA,Newfoundland and Labrador,528430,0,0,261,3
2020-06-08,Canada,NA,Newfoundland and Labrador,528430,0,0,261,3
2020-06-09,Canada,NA,Newfoundland and Labrador,528430,0,0,261,3
2020-06-10,Canada,NA,Newfoundland and Labrador,528430,0,0,261,3
2020-06-11,Canada,NA,Newfoundland and Labrador,528430,0,0,261,3
2020-06-12,Canada,NA,Newfoundland and Labrador,528430,0,0,261,3
2020-06-13,Canada,NA,Newfoundland and Labrador,528430,0,0,261,3
2020-06-14,Canada,NA,Newfoundland and Labrador,528430,0,0,261,3
2020-06-15,Canada,NA,Newfoundland and Labrador,528430,0,0,261,3
2020-06-16,Canada,NA,Newfoundland and Labrador,528430,0,0,261,3
2020-06-17,Canada,NA,Newfoundland and Labrador,528430,0,0,261,3
2020-06-18,Canada,NA,Newfoundland and Labrador,528430,0,0,261,3
2020-06-19,Canada,NA,Newfoundland and Labrador,528430,0,0,261,3
2020-06-20,Canada,NA,Newfoundland and Labrador,528430,0,0,261,3
2020-06-21,Canada,NA,Newfoundland and Labrador,528430,0,0,261,3
2020-06-22,Canada,NA,Newfoundland and Labrador,528430,0,0,261,3
2020-06-23,Canada,NA,Newfoundland and Labrador,528430,0,0,261,3
2020-06-24,Canada,NA,Newfoundland and Labrador,528430,0,0,261,3
2020-06-25,Canada,NA,Newfoundland and Labrador,528430,0,0,261,3
2020-06-26,Canada,NA,Newfoundland and Labrador,528430,0,0,261,3
2020-06-27,Canada,NA,Newfoundland and Labrador,528430,0,0,261,3
2020-06-28,Canada,NA,Newfoundland and Labrador,528430,0,0,261,3
2020-06-29,Canada,NA,Newfoundland and Labrador,528430,0,0,261,3
2020-06-30,Canada,NA,Newfoundland and Labrador,528430,0,0,261,3
2020-07-01,Canada,NA,Newfoundland and Labrador,528430,0,0,261,3
2020-07-02,Canada,NA,Newfoundland and Labrador,528430,0,0,261,3
2020-07-03,Canada,NA,Newfoundland and Labrador,528430,0,0,261,3
2020-07-04,Canada,NA,Newfoundland and Labrador,528430,0,0,261,3
2020-07-05,Canada,NA,Newfoundland and Labrador,528430,0,0,261,3
2020-07-06,Canada,NA,Newfoundland and Labrador,528430,0,0,261,3
2020-07-07,Canada,NA,Newfoundland and Labrador,528430,0,0,261,3
2020-07-08,Canada,NA,Newfoundland and Labrador,528430,0,0,261,3
2020-07-09,Canada,NA,Newfoundland and Labrador,528430,0,0,261,3
2020-07-10,Canada,NA,Newfoundland and Labrador,528430,1,0,262,3
2020-07-11,Canada,NA,Newfoundland and Labrador,528430,0,0,262,3
2020-07-12,Canada,NA,Newfoundland and Labrador,528430,0,0,262,3
2020-07-13,Canada,NA,Newfoundland and Labrador,528430,0,0,262,3
2020-07-14,Canada,NA,Newfoundland and Labrador,528430,0,0,262,3
2020-07-15,Canada,NA,Newfoundland and Labrador,528430,0,0,262,3
2020-07-16,Canada,NA,Newfoundland and Labrador,528430,0,0,262,3
2020-07-17,Canada,NA,Newfoundland and Labrador,528430,0,0,262,3
2020-07-18,Canada,NA,Newfoundland and Labrador,528430,0,0,262,3
2020-07-19,Canada,NA,Newfoundland and Labrador,528430,0,0,262,3
2020-07-20,Canada,NA,Newfoundland and Labrador,528430,0,0,262,3
2020-07-21,Canada,NA,Newfoundland and Labrador,528430,1,0,263,3
2020-07-22,Canada,NA,Newfoundland and Labrador,528430,1,0,264,3
2020-07-23,Canada,NA,Newfoundland and Labrador,528430,0,0,264,3
2020-07-24,Canada,NA,Newfoundland and Labrador,528430,1,0,265,3
2020-07-25,Canada,NA,Newfoundland and Labrador,528430,0,0,265,3
2020-07-26,Canada,NA,Newfoundland and Labrador,528430,1,0,266,3
2020-07-27,Canada,NA,Newfoundland and Labrador,528430,0,0,266,3
2020-07-28,Canada,NA,Newfoundland and Labrador,528430,0,0,266,3
2020-07-29,Canada,NA,Newfoundland and Labrador,528430,0,0,266,3
2020-07-30,Canada,NA,Newfoundland and Labrador,528430,0,0,266,3
2020-07-31,Canada,NA,Newfoundland and Labrador,528430,0,0,266,3
2020-08-01,Canada,NA,Newfoundland and Labrador,528430,0,0,266,3
2020-08-02,Canada,NA,Newfoundland and Labrador,528430,0,0,266,3
2020-08-03,Canada,NA,Newfoundland and Labrador,528430,0,0,266,3
2020-08-04,Canada,NA,Newfoundland and Labrador,528430,0,0,266,3
2020-08-05,Canada,NA,Newfoundland and Labrador,528430,0,0,266,3
2020-08-06,Canada,NA,Newfoundland and Labrador,528430,0,0,266,3
2020-08-07,Canada,NA,Newfoundland and Labrador,528430,1,0,267,3
2020-08-08,Canada,NA,Newfoundland and Labrador,528430,0,0,267,3
2020-08-09,Canada,NA,Newfoundland and Labrador,528430,0,0,267,3
2020-08-10,Canada,NA,Newfoundland and Labrador,528430,1,0,268,3
2020-08-11,Canada,NA,Newfoundland and Labrador,528430,0,0,268,3
2020-08-12,Canada,NA,Newfoundland and Labrador,528430,0,0,268,3
2020-08-13,Canada,NA,Newfoundland and Labrador,528430,0,0,268,3
2020-08-14,Canada,NA,Newfoundland and Labrador,528430,0,0,268,3
2020-08-15,Canada,NA,Newfoundland and Labrador,528430,0,0,268,3
2020-08-16,Canada,NA,Newfoundland and Labrador,528430,0,0,268,3
2020-08-17,Canada,NA,Newfoundland and Labrador,528430,0,0,268,3
2020-08-18,Canada,NA,Newfoundland and Labrador,528430,0,0,268,3
2020-08-19,Canada,NA,Newfoundland and Labrador,528430,0,0,268,3
2020-08-20,Canada,NA,Newfoundland and Labrador,528430,0,0,268,3
2020-08-21,Canada,NA,Newfoundland and Labrador,528430,0,0,268,3
2020-08-22,Canada,NA,Newfoundland and Labrador,528430,0,0,268,3
2020-08-23,Canada,NA,Newfoundland and Labrador,528430,0,0,268,3
2020-08-24,Canada,NA,Newfoundland and Labrador,528430,0,0,268,3
2020-08-25,Canada,NA,Newfoundland and Labrador,528430,0,0,268,3
2020-08-26,Canada,NA,Newfoundland and Labrador,528430,0,0,268,3
2020-08-27,Canada,NA,Newfoundland and Labrador,528430,0,0,268,3
2020-08-28,Canada,NA,Newfoundland and Labrador,528430,1,0,269,3
2020-03-28,Canada,NA,Nova Scotia,957600,20,0,110,0
2020-03-29,Canada,NA,Nova Scotia,957600,12,0,122,0
2020-03-30,Canada,NA,Nova Scotia,957600,5,0,127,0
2020-03-31,Canada,NA,Nova Scotia,957600,20,0,147,0
2020-04-01,Canada,NA,Nova Scotia,957600,26,0,173,0
2020-04-02,Canada,NA,Nova Scotia,957600,20,0,193,0
2020-04-03,Canada,NA,Nova Scotia,957600,14,0,207,0
2020-04-04,Canada,NA,Nova Scotia,957600,29,0,236,0
2020-04-05,Canada,NA,Nova Scotia,957600,26,0,262,0
2020-04-06,Canada,NA,Nova Scotia,957600,31,0,293,0
2020-04-07,Canada,NA,Nova Scotia,957600,17,0,310,0
2020-04-08,Canada,NA,Nova Scotia,957600,32,1,342,1
2020-04-09,Canada,NA,Nova Scotia,957600,31,1,373,2
2020-04-10,Canada,NA,Nova Scotia,957600,34,0,407,2
2020-04-11,Canada,NA,Nova Scotia,957600,21,0,428,2
2020-04-12,Canada,NA,Nova Scotia,957600,17,0,445,2
2020-04-13,Canada,NA,Nova Scotia,957600,29,1,474,3
2020-04-14,Canada,NA,Nova Scotia,957600,43,0,517,3
2020-04-15,Canada,NA,Nova Scotia,957600,32,0,549,3
2020-04-16,Canada,NA,Nova Scotia,957600,30,0,579,3
2020-04-17,Canada,NA,Nova Scotia,957600,27,1,606,4
2020-04-18,Canada,NA,Nova Scotia,957600,43,3,649,7
2020-04-19,Canada,NA,Nova Scotia,957600,26,2,675,9
2020-04-20,Canada,NA,Nova Scotia,957600,46,0,721,9
2020-04-21,Canada,NA,Nova Scotia,957600,16,1,737,10
2020-04-22,Canada,NA,Nova Scotia,957600,35,2,772,12
2020-04-23,Canada,NA,Nova Scotia,957600,55,4,827,16
2020-04-24,Canada,NA,Nova Scotia,957600,23,0,850,16
2020-04-25,Canada,NA,Nova Scotia,957600,15,6,865,22
2020-04-26,Canada,NA,Nova Scotia,957600,8,2,873,24
2020-04-27,Canada,NA,Nova Scotia,957600,27,0,900,24
2020-04-28,Canada,NA,Nova Scotia,957600,15,3,915,27
2020-04-29,Canada,NA,Nova Scotia,957600,20,1,935,28
2020-04-30,Canada,NA,Nova Scotia,957600,12,0,947,28
2020-05-01,Canada,NA,Nova Scotia,957600,12,1,959,29
2020-05-02,Canada,NA,Nova Scotia,957600,4,2,963,31
2020-05-03,Canada,NA,Nova Scotia,957600,8,6,971,37
2020-05-04,Canada,NA,Nova Scotia,957600,14,1,985,38
2020-05-05,Canada,NA,Nova Scotia,957600,6,3,991,41
2020-05-06,Canada,NA,Nova Scotia,957600,7,0,998,41
2020-05-07,Canada,NA,Nova Scotia,957600,9,3,1007,44
2020-05-08,Canada,NA,Nova Scotia,957600,1,2,1008,46
2020-05-09,Canada,NA,Nova Scotia,957600,3,1,1011,47
2020-05-10,Canada,NA,Nova Scotia,957600,7,0,1018,47
2020-05-11,Canada,NA,Nova Scotia,957600,1,1,1019,48
2020-05-12,Canada,NA,Nova Scotia,957600,1,0,1020,48
2020-05-13,Canada,NA,Nova Scotia,957600,4,3,1024,51
2020-05-14,Canada,NA,Nova Scotia,957600,2,0,1026,51
2020-05-15,Canada,NA,Nova Scotia,957600,8,4,1034,55
2020-05-16,Canada,NA,Nova Scotia,957600,3,0,1037,55
2020-05-17,Canada,NA,Nova Scotia,957600,3,0,1040,55
2020-05-18,Canada,NA,Nova Scotia,957600,3,0,1043,55
2020-05-19,Canada,NA,Nova Scotia,957600,1,1,1044,56
2020-05-20,Canada,NA,Nova Scotia,957600,1,1,1045,57
2020-05-21,Canada,NA,Nova Scotia,957600,1,1,1046,58
2020-05-22,Canada,NA,Nova Scotia,957600,2,0,1048,58
2020-05-23,Canada,NA,Nova Scotia,957600,1,0,1049,58
2020-05-24,Canada,NA,Nova Scotia,957600,1,0,1050,58
2020-05-25,Canada,NA,Nova Scotia,957600,1,0,1051,58
2020-05-26,Canada,NA,Nova Scotia,957600,1,1,1052,59
2020-05-27,Canada,NA,Nova Scotia,957600,1,0,1053,59
2020-05-28,Canada,NA,Nova Scotia,957600,2,0,1055,59
2020-05-29,Canada,NA,Nova Scotia,957600,0,0,1055,59
2020-05-30,Canada,NA,Nova Scotia,957600,1,1,1056,60
2020-05-31,Canada,NA,Nova Scotia,957600,0,0,1056,60
2020-06-01,Canada,NA,Nova Scotia,957600,1,0,1057,60
2020-06-02,Canada,NA,Nova Scotia,957600,0,0,1057,60
2020-06-03,Canada,NA,Nova Scotia,957600,1,0,1058,60
2020-06-04,Canada,NA,Nova Scotia,957600,0,1,1058,61
2020-06-05,Canada,NA,Nova Scotia,957600,0,0,1058,61
2020-06-06,Canada,NA,Nova Scotia,957600,0,0,1058,61
2020-06-07,Canada,NA,Nova Scotia,957600,1,0,1059,61
2020-06-08,Canada,NA,Nova Scotia,957600,0,0,1059,61
2020-06-09,Canada,NA,Nova Scotia,957600,1,1,1060,62
2020-06-10,Canada,NA,Nova Scotia,957600,1,0,1061,62
2020-06-11,Canada,NA,Nova Scotia,957600,0,0,1061,62
2020-06-12,Canada,NA,Nova Scotia,957600,0,0,1061,62
2020-06-13,Canada,NA,Nova Scotia,957600,0,0,1061,62
2020-06-14,Canada,NA,Nova Scotia,957600,0,0,1061,62
2020-06-15,Canada,NA,Nova Scotia,957600,0,0,1061,62
2020-06-16,Canada,NA,Nova Scotia,957600,0,0,1061,62
2020-06-17,Canada,NA,Nova Scotia,957600,0,0,1061,62
2020-06-18,Canada,NA,Nova Scotia,957600,0,0,1061,62
2020-06-19,Canada,NA,Nova Scotia,957600,0,0,1061,62
2020-06-20,Canada,NA,Nova Scotia,957600,0,0,1061,62
2020-06-21,Canada,NA,Nova Scotia,957600,0,0,1061,62
2020-06-22,Canada,NA,Nova Scotia,957600,0,1,1061,63
2020-06-23,Canada,NA,Nova Scotia,957600,0,0,1061,63
2020-06-24,Canada,NA,Nova Scotia,957600,0,0,1061,63
2020-06-25,Canada,NA,Nova Scotia,957600,0,0,1061,63
2020-06-26,Canada,NA,Nova Scotia,957600,0,0,1061,63
2020-06-27,Canada,NA,Nova Scotia,957600,0,0,1061,63
2020-06-28,Canada,NA,Nova Scotia,957600,0,0,1061,63
2020-06-29,Canada,NA,Nova Scotia,957600,0,0,1061,63
2020-06-30,Canada,NA,Nova Scotia,957600,1,0,1062,63
2020-07-01,Canada,NA,Nova Scotia,957600,0,0,1062,63
2020-07-02,Canada,NA,Nova Scotia,957600,2,0,1064,63
2020-07-03,Canada,NA,Nova Scotia,957600,0,0,1064,63
2020-07-04,Canada,NA,Nova Scotia,957600,0,0,1064,63
2020-07-05,Canada,NA,Nova Scotia,957600,0,0,1064,63
2020-07-06,Canada,NA,Nova Scotia,957600,1,0,1065,63
2020-07-07,Canada,NA,Nova Scotia,957600,0,0,1065,63
2020-07-08,Canada,NA,Nova Scotia,957600,1,0,1066,63
2020-07-09,Canada,NA,Nova Scotia,957600,0,0,1066,63
2020-07-10,Canada,NA,Nova Scotia,957600,0,0,1066,63
2020-07-11,Canada,NA,Nova Scotia,957600,0,0,1066,63
2020-07-12,Canada,NA,Nova Scotia,957600,0,0,1066,63
2020-07-13,Canada,NA,Nova Scotia,957600,0,0,1066,63
2020-07-14,Canada,NA,Nova Scotia,957600,0,0,1066,63
2020-07-15,Canada,NA,Nova Scotia,957600,1,0,1067,63
2020-07-16,Canada,NA,Nova Scotia,957600,0,0,1067,63
2020-07-17,Canada,NA,Nova Scotia,957600,0,0,1067,63
2020-07-18,Canada,NA,Nova Scotia,957600,0,0,1067,63
2020-07-19,Canada,NA,Nova Scotia,957600,0,0,1067,63
2020-07-20,Canada,NA,Nova Scotia,957600,0,0,1067,63
2020-07-21,Canada,NA,Nova Scotia,957600,0,0,1067,63
2020-07-22,Canada,NA,Nova Scotia,957600,0,0,1067,63
2020-07-23,Canada,NA,Nova Scotia,957600,0,0,1067,63
2020-07-24,Canada,NA,Nova Scotia,957600,0,0,1067,63
2020-07-25,Canada,NA,Nova Scotia,957600,0,0,1067,63
2020-07-26,Canada,NA,Nova Scotia,957600,0,0,1067,63
2020-07-27,Canada,NA,Nova Scotia,957600,0,0,1067,63
2020-07-28,Canada,NA,Nova Scotia,957600,0,0,1067,63
2020-07-29,Canada,NA,Nova Scotia,957600,0,1,1067,64
2020-07-30,Canada,NA,Nova Scotia,957600,0,0,1067,64
2020-07-31,Canada,NA,Nova Scotia,957600,2,0,1069,64
2020-08-01,Canada,NA,Nova Scotia,957600,0,0,1069,64
2020-08-02,Canada,NA,Nova Scotia,957600,2,0,1071,64
2020-08-03,Canada,NA,Nova Scotia,957600,0,0,1071,64
2020-08-04,Canada,NA,Nova Scotia,957600,0,0,1071,64
2020-08-05,Canada,NA,Nova Scotia,957600,0,0,1071,64
2020-08-06,Canada,NA,Nova Scotia,957600,0,0,1071,64
2020-08-07,Canada,NA,Nova Scotia,957600,0,0,1071,64
2020-08-08,Canada,NA,Nova Scotia,957600,0,0,1071,64
2020-08-09,Canada,NA,Nova Scotia,957600,0,0,1071,64
2020-08-10,Canada,NA,Nova Scotia,957600,0,0,1071,64
2020-08-11,Canada,NA,Nova Scotia,957600,0,0,1071,64
2020-08-12,Canada,NA,Nova Scotia,957600,0,0,1071,64
2020-08-13,Canada,NA,Nova Scotia,957600,0,0,1071,64
2020-08-14,Canada,NA,Nova Scotia,957600,1,0,1072,64
2020-08-15,Canada,NA,Nova Scotia,957600,2,0,1074,64
2020-08-16,Canada,NA,Nova Scotia,957600,0,0,1074,64
2020-08-17,Canada,NA,Nova Scotia,957600,1,0,1075,64
2020-08-18,Canada,NA,Nova Scotia,957600,0,0,1075,64
2020-08-19,Canada,NA,Nova Scotia,957600,1,0,1076,64
2020-08-20,Canada,NA,Nova Scotia,957600,1,0,1077,64
2020-08-21,Canada,NA,Nova Scotia,957600,0,0,1077,64
2020-08-22,Canada,NA,Nova Scotia,957600,1,0,1078,64
2020-08-23,Canada,NA,Nova Scotia,957600,2,1,1080,65
2020-08-24,Canada,NA,Nova Scotia,957600,0,0,1080,65
2020-08-25,Canada,NA,Nova Scotia,957600,0,0,1080,65
2020-08-26,Canada,NA,Nova Scotia,957600,1,0,1081,65
2020-08-27,Canada,NA,Nova Scotia,957600,0,0,1081,65
2020-08-28,Canada,NA,Nova Scotia,957600,2,0,1083,65
2020-08-29,Canada,NA,Nova Scotia,957600,0,0,1083,65
2020-08-30,Canada,NA,Nova Scotia,957600,0,0,1083,65
2020-08-31,Canada,NA,Nova Scotia,957600,2,0,1085,65
2020-03-15,Canada,NA,Ontario,14279196,24,0,103,1
2020-03-16,Canada,NA,Ontario,14279196,42,0,145,1
2020-03-17,Canada,NA,Ontario,14279196,32,0,177,1
2020-03-18,Canada,NA,Ontario,14279196,12,0,189,1
2020-03-19,Canada,NA,Ontario,14279196,69,1,258,2
2020-03-20,Canada,NA,Ontario,14279196,53,0,311,2
2020-03-21,Canada,NA,Ontario,14279196,66,1,377,3
2020-03-22,Canada,NA,Ontario,14279196,48,2,425,5
2020-03-23,Canada,NA,Ontario,14279196,78,1,503,6
2020-03-24,Canada,NA,Ontario,14279196,85,2,588,8
2020-03-25,Canada,NA,Ontario,14279196,100,5,688,13
2020-03-26,Canada,NA,Ontario,14279196,170,2,858,15
2020-03-27,Canada,NA,Ontario,14279196,135,3,993,18
2020-03-28,Canada,NA,Ontario,14279196,0,0,993,18
2020-03-29,Canada,NA,Ontario,14279196,362,1,1355,19
2020-03-30,Canada,NA,Ontario,14279196,351,14,1706,33
2020-03-31,Canada,NA,Ontario,14279196,260,0,1966,33
2020-04-01,Canada,NA,Ontario,14279196,426,4,2392,37
2020-04-02,Canada,NA,Ontario,14279196,401,16,2793,53
2020-04-03,Canada,NA,Ontario,14279196,462,14,3255,67
2020-04-04,Canada,NA,Ontario,14279196,375,27,3630,94
2020-04-05,Canada,NA,Ontario,14279196,408,25,4038,119
2020-04-06,Canada,NA,Ontario,14279196,309,13,4347,132
2020-04-07,Canada,NA,Ontario,14279196,379,21,4726,153
2020-04-08,Canada,NA,Ontario,14279196,550,21,5276,174
2020-04-09,Canada,NA,Ontario,14279196,483,26,5759,200
2020-04-10,Canada,NA,Ontario,14279196,478,22,6237,222
2020-04-11,Canada,NA,Ontario,14279196,411,31,6648,253
2020-04-12,Canada,NA,Ontario,14279196,401,21,7049,274
2020-04-13,Canada,NA,Ontario,14279196,421,17,7470,291
2020-04-14,Canada,NA,Ontario,14279196,483,43,7953,334
2020-04-15,Canada,NA,Ontario,14279196,494,51,8447,385
2020-04-16,Canada,NA,Ontario,14279196,514,38,8961,423
2020-04-17,Canada,NA,Ontario,14279196,564,55,9525,478
2020-04-18,Canada,NA,Ontario,14279196,485,36,10010,514
2020-04-19,Canada,NA,Ontario,14279196,568,39,10578,553
2020-04-20,Canada,NA,Ontario,14279196,606,31,11184,584
2020-04-21,Canada,NA,Ontario,14279196,551,38,11735,622
2020-04-22,Canada,NA,Ontario,14279196,510,37,12245,659
2020-04-23,Canada,NA,Ontario,14279196,634,54,12879,713
2020-04-24,Canada,NA,Ontario,14279196,640,50,13519,763
2020-04-25,Canada,NA,Ontario,14279196,476,48,13995,811
2020-04-26,Canada,NA,Ontario,14279196,437,24,14432,835
2020-04-27,Canada,NA,Ontario,14279196,424,57,14856,892
2020-04-28,Canada,NA,Ontario,14279196,525,59,15381,951
2020-04-29,Canada,NA,Ontario,14279196,347,45,15728,996
2020-04-30,Canada,NA,Ontario,14279196,459,86,16187,1082
2020-05-01,Canada,NA,Ontario,14279196,421,39,16608,1121
2020-05-02,Canada,NA,Ontario,14279196,511,55,17119,1176
2020-05-03,Canada,NA,Ontario,14279196,434,40,17553,1216
2020-05-04,Canada,NA,Ontario,14279196,370,84,17923,1300
2020-05-05,Canada,NA,Ontario,14279196,387,61,18310,1361
2020-05-06,Canada,NA,Ontario,14279196,412,68,18722,1429
2020-05-07,Canada,NA,Ontario,14279196,399,48,19121,1477
2020-05-08,Canada,NA,Ontario,14279196,477,63,19598,1540
2020-05-09,Canada,NA,Ontario,14279196,346,59,19944,1599
2020-05-10,Canada,NA,Ontario,14279196,294,35,20238,1634
2020-05-11,Canada,NA,Ontario,14279196,308,35,20546,1669
2020-05-12,Canada,NA,Ontario,14279196,361,56,20907,1725
2020-05-13,Canada,NA,Ontario,14279196,329,40,21236,1765
2020-05-14,Canada,NA,Ontario,14279196,345,33,21581,1798
2020-05-15,Canada,NA,Ontario,14279196,341,27,21922,1825
2020-05-16,Canada,NA,Ontario,14279196,391,33,22313,1858
2020-05-17,Canada,NA,Ontario,14279196,340,23,22653,1881
2020-05-18,Canada,NA,Ontario,14279196,304,23,22957,1904
2020-05-19,Canada,NA,Ontario,14279196,427,15,23384,1919
2020-05-20,Canada,NA,Ontario,14279196,390,43,23774,1962
2020-05-21,Canada,NA,Ontario,14279196,413,31,24187,1993
2020-05-22,Canada,NA,Ontario,14279196,441,28,24628,2021
2020-05-23,Canada,NA,Ontario,14279196,412,27,25040,2048
2020-05-24,Canada,NA,Ontario,14279196,460,25,25500,2073
2020-05-25,Canada,NA,Ontario,14279196,404,29,25904,2102
2020-05-26,Canada,NA,Ontario,14279196,287,21,26191,2123
2020-05-27,Canada,NA,Ontario,14279196,292,32,26483,2155
2020-05-28,Canada,NA,Ontario,14279196,383,34,26866,2189
2020-05-29,Canada,NA,Ontario,14279196,344,41,27210,2230
2020-05-30,Canada,NA,Ontario,14279196,323,17,27533,2247
2020-05-31,Canada,NA,Ontario,14279196,326,19,27859,2266
2020-06-01,Canada,NA,Ontario,14279196,404,10,28263,2276
2020-06-02,Canada,NA,Ontario,14279196,446,17,28709,2293
2020-06-03,Canada,NA,Ontario,14279196,338,19,29047,2312
2020-06-04,Canada,NA,Ontario,14279196,356,45,29403,2357
2020-06-05,Canada,NA,Ontario,14279196,344,15,29747,2372
2020-06-06,Canada,NA,Ontario,14279196,455,35,30202,2407
2020-06-07,Canada,NA,Ontario,14279196,415,19,30617,2426
2020-06-08,Canada,NA,Ontario,14279196,243,24,30860,2450
2020-06-09,Canada,NA,Ontario,14279196,230,14,31090,2464
2020-06-10,Canada,NA,Ontario,14279196,251,11,31341,2475
2020-06-11,Canada,NA,Ontario,14279196,203,12,31544,2487
2020-06-12,Canada,NA,Ontario,14279196,182,11,31726,2498
2020-06-13,Canada,NA,Ontario,14279196,266,9,31992,2507
2020-06-14,Canada,NA,Ontario,14279196,197,12,32189,2519
2020-06-15,Canada,NA,Ontario,14279196,181,8,32370,2527
2020-06-16,Canada,NA,Ontario,14279196,184,11,32554,2538
2020-06-17,Canada,NA,Ontario,14279196,190,12,32744,2550
2020-06-18,Canada,NA,Ontario,14279196,173,3,32917,2553
2020-06-19,Canada,NA,Ontario,14279196,178,11,33095,2564
2020-06-20,Canada,NA,Ontario,14279196,206,31,33301,2595
2020-06-21,Canada,NA,Ontario,14279196,175,11,33476,2606
2020-06-22,Canada,NA,Ontario,14279196,161,3,33637,2609
2020-06-23,Canada,NA,Ontario,14279196,216,10,33853,2619
2020-06-24,Canada,NA,Ontario,14279196,163,12,34016,2631
2020-06-25,Canada,NA,Ontario,14279196,189,10,34205,2641
2020-06-26,Canada,NA,Ontario,14279196,111,3,34316,2644
2020-06-27,Canada,NA,Ontario,14279196,160,8,34476,2652
2020-06-28,Canada,NA,Ontario,14279196,178,6,34654,2658
2020-06-29,Canada,NA,Ontario,14279196,257,7,34911,2665
2020-06-30,Canada,NA,Ontario,14279196,157,7,35068,2672
2020-07-01,Canada,NA,Ontario,14279196,0,0,35068,2672
2020-07-02,Canada,NA,Ontario,14279196,302,8,35370,2680
2020-07-03,Canada,NA,Ontario,14279196,165,2,35535,2682
2020-07-04,Canada,NA,Ontario,14279196,121,5,35656,2687
2020-07-05,Canada,NA,Ontario,14279196,138,2,35794,2689
2020-07-06,Canada,NA,Ontario,14279196,154,0,35948,2689
2020-07-07,Canada,NA,Ontario,14279196,112,2,36060,2691
2020-07-08,Canada,NA,Ontario,14279196,118,9,36178,2700
2020-07-09,Canada,NA,Ontario,14279196,170,3,36348,2703
2020-07-10,Canada,NA,Ontario,14279196,116,7,36464,2710
2020-07-11,Canada,NA,Ontario,14279196,130,6,36594,2716
2020-07-12,Canada,NA,Ontario,14279196,129,3,36723,2719
2020-07-13,Canada,NA,Ontario,14279196,116,3,36839,2722
2020-07-14,Canada,NA,Ontario,14279196,111,1,36950,2723
2020-07-15,Canada,NA,Ontario,14279196,102,9,37052,2732
2020-07-16,Canada,NA,Ontario,14279196,111,5,37163,2737
2020-07-17,Canada,NA,Ontario,14279196,111,9,37274,2746
2020-07-18,Canada,NA,Ontario,14279196,166,2,37440,2748
2020-07-19,Canada,NA,Ontario,14279196,164,3,37604,2751
2020-07-20,Canada,NA,Ontario,14279196,135,1,37739,2752
2020-07-21,Canada,NA,Ontario,14279196,203,1,37942,2753
2020-07-22,Canada,NA,Ontario,14279196,165,2,38107,2755
2020-07-23,Canada,NA,Ontario,14279196,103,0,38210,2755
2020-07-24,Canada,NA,Ontario,14279196,195,3,38405,2758
2020-07-25,Canada,NA,Ontario,14279196,138,1,38543,2759
2020-07-26,Canada,NA,Ontario,14279196,137,4,38680,2763
2020-07-27,Canada,NA,Ontario,14279196,119,1,38799,2764
2020-07-28,Canada,NA,Ontario,14279196,111,4,38910,2768
2020-07-29,Canada,NA,Ontario,14279196,76,1,38986,2769
2020-07-30,Canada,NA,Ontario,14279196,89,3,39075,2772
2020-07-31,Canada,NA,Ontario,14279196,134,3,39209,2775
2020-08-01,Canada,NA,Ontario,14279196,124,2,39333,2777
2020-08-02,Canada,NA,Ontario,14279196,116,1,39449,2778
2020-08-03,Canada,NA,Ontario,14279196,0,0,39449,2778
2020-08-04,Canada,NA,Ontario,14279196,179,4,39628,2782
2020-08-05,Canada,NA,Ontario,14279196,86,0,39714,2782
2020-08-06,Canada,NA,Ontario,14279196,95,1,39809,2783
2020-08-07,Canada,NA,Ontario,14279196,88,0,39897,2783
2020-08-08,Canada,NA,Ontario,14279196,70,1,39967,2784
2020-08-09,Canada,NA,Ontario,14279196,79,2,40046,2786
2020-08-10,Canada,NA,Ontario,14279196,115,0,40161,2786
2020-08-11,Canada,NA,Ontario,14279196,33,0,40194,2786
2020-08-12,Canada,NA,Ontario,14279196,95,1,40289,2787
2020-08-13,Canada,NA,Ontario,14279196,78,0,40367,2787
2020-08-14,Canada,NA,Ontario,14279196,92,1,40459,2788
2020-08-15,Canada,NA,Ontario,14279196,106,1,40565,2789
2020-08-16,Canada,NA,Ontario,14279196,81,0,40646,2789
2020-08-17,Canada,NA,Ontario,14279196,99,0,40745,2789
2020-08-18,Canada,NA,Ontario,14279196,125,3,40870,2792
2020-08-19,Canada,NA,Ontario,14279196,102,0,40972,2792
2020-08-20,Canada,NA,Ontario,14279196,76,1,41048,2793
2020-08-21,Canada,NA,Ontario,14279196,131,3,41179,2796
2020-08-22,Canada,NA,Ontario,14279196,108,1,41287,2797
2020-08-23,Canada,NA,Ontario,14279196,115,0,41402,2797
2020-08-24,Canada,NA,Ontario,14279196,105,1,41507,2798
2020-08-25,Canada,NA,Ontario,14279196,100,2,41607,2800
2020-08-26,Canada,NA,Ontario,14279196,88,2,41695,2802
2020-08-27,Canada,NA,Ontario,14279196,118,1,41813,2803
2020-08-28,Canada,NA,Ontario,14279196,122,6,41935,2809
2020-08-29,Canada,NA,Ontario,14279196,148,0,42083,2809
2020-08-30,Canada,NA,Ontario,14279196,112,1,42195,2810
2020-08-31,Canada,NA,Ontario,14279196,114,1,42309,2811
2020-03-19,Canada,NA,Quebec,8484965,47,0,121,1
2020-03-20,Canada,NA,Quebec,8484965,18,0,139,1
2020-03-21,Canada,NA,Quebec,8484965,82,3,202,4
2020-03-22,Canada,NA,Quebec,8484965,0,0,221,4
2020-03-23,Canada,NA,Quebec,8484965,407,0,221,4
2020-03-24,Canada,NA,Quebec,8484965,385,0,221,4
2020-03-25,Canada,NA,Quebec,8484965,326,2,1339,6
2020-03-26,Canada,NA,Quebec,8484965,290,2,1629,8
2020-03-27,Canada,NA,Quebec,8484965,392,10,2021,18
2020-03-28,Canada,NA,Quebec,8484965,477,4,2498,22
2020-03-29,Canada,NA,Quebec,8484965,342,0,2840,22
2020-03-30,Canada,NA,Quebec,8484965,590,3,3430,25
2020-03-31,Canada,NA,Quebec,8484965,732,6,4162,31
2020-04-01,Canada,NA,Quebec,8484965,449,2,4611,33
2020-04-02,Canada,NA,Quebec,8484965,907,3,5518,36
2020-04-03,Canada,NA,Quebec,8484965,583,25,6101,61
2020-04-04,Canada,NA,Quebec,8484965,896,14,6997,75
2020-04-05,Canada,NA,Quebec,8484965,947,19,7944,94
2020-04-06,Canada,NA,Quebec,8484965,636,27,8580,121
2020-04-07,Canada,NA,Quebec,8484965,760,29,9340,150
2020-04-08,Canada,NA,Quebec,8484965,691,25,10031,175
2020-04-09,Canada,NA,Quebec,8484965,881,41,10912,216
2020-04-10,Canada,NA,Quebec,8484965,765,25,11677,241
2020-04-11,Canada,NA,Quebec,8484965,615,48,12292,289
2020-04-12,Canada,NA,Quebec,8484965,554,39,12846,328
2020-04-13,Canada,NA,Quebec,8484965,711,32,13557,360
2020-04-14,Canada,NA,Quebec,8484965,691,75,14248,435
2020-04-15,Canada,NA,Quebec,8484965,612,52,14860,487
2020-04-16,Canada,NA,Quebec,8484965,997,143,15857,630
2020-04-17,Canada,NA,Quebec,8484965,941,58,16798,688
2020-04-18,Canada,NA,Quebec,8484965,723,117,17521,805
2020-04-19,Canada,NA,Quebec,8484965,836,72,18357,877
2020-04-20,Canada,NA,Quebec,8484965,962,62,19319,939
2020-04-21,Canada,NA,Quebec,8484965,807,102,20126,1041
2020-04-22,Canada,NA,Quebec,8484965,839,93,20965,1134
2020-04-23,Canada,NA,Quebec,8484965,873,109,21838,1243
2020-04-24,Canada,NA,Quebec,8484965,778,97,22616,1340
2020-04-25,Canada,NA,Quebec,8484965,651,106,23267,1446
2020-04-26,Canada,NA,Quebec,8484965,840,69,24107,1515
2020-04-27,Canada,NA,Quebec,8484965,875,84,24982,1599
2020-04-28,Canada,NA,Quebec,8484965,775,83,25757,1682
2020-04-29,Canada,NA,Quebec,8484965,837,79,26594,1761
2020-04-30,Canada,NA,Quebec,8484965,944,98,27538,1859
2020-05-01,Canada,NA,Quebec,8484965,1110,163,28648,2022
2020-05-02,Canada,NA,Quebec,8484965,1008,114,29656,2136
2020-05-03,Canada,NA,Quebec,8484965,2209,69,31865,2205
2020-05-04,Canada,NA,Quebec,8484965,758,75,32623,2280
2020-05-05,Canada,NA,Quebec,8484965,794,118,33417,2398
2020-05-06,Canada,NA,Quebec,8484965,910,112,34327,2510
2020-05-07,Canada,NA,Quebec,8484965,911,121,35238,2631
2020-05-08,Canada,NA,Quebec,8484965,912,94,36150,2725
2020-05-09,Canada,NA,Quebec,8484965,836,61,36986,2786
2020-05-10,Canada,NA,Quebec,8484965,735,142,37721,2928
2020-05-11,Canada,NA,Quebec,8484965,748,85,38469,3013
2020-05-12,Canada,NA,Quebec,8484965,756,118,39225,3131
2020-05-13,Canada,NA,Quebec,8484965,706,89,39931,3220
2020-05-14,Canada,NA,Quebec,8484965,793,131,40724,3351
2020-05-15,Canada,NA,Quebec,8484965,696,50,41420,3401
2020-05-16,Canada,NA,Quebec,8484965,763,82,42183,3483
2020-05-17,Canada,NA,Quebec,8484965,737,79,42920,3562
2020-05-18,Canada,NA,Quebec,8484965,707,34,43627,3596
2020-05-19,Canada,NA,Quebec,8484965,570,51,44197,3647
2020-05-20,Canada,NA,Quebec,8484965,578,71,44775,3718
2020-05-21,Canada,NA,Quebec,8484965,720,82,45495,3800
2020-05-22,Canada,NA,Quebec,8484965,646,65,46141,3865
2020-05-23,Canada,NA,Quebec,8484965,697,75,46838,3940
2020-05-24,Canada,NA,Quebec,8484965,573,44,47411,3984
2020-05-25,Canada,NA,Quebec,8484965,573,85,47984,4069
2020-05-26,Canada,NA,Quebec,8484965,614,70,48598,4139
2020-05-27,Canada,NA,Quebec,8484965,541,89,49139,4228
2020-05-28,Canada,NA,Quebec,8484965,563,74,49702,4302
2020-05-29,Canada,NA,Quebec,8484965,530,61,50232,4363
2020-05-30,Canada,NA,Quebec,8484965,419,76,50651,4439
2020-05-31,Canada,NA,Quebec,8484965,408,202,51059,4641
2020-06-01,Canada,NA,Quebec,8484965,295,20,51354,4661
2020-06-02,Canada,NA,Quebec,8484965,239,52,51593,4713
2020-06-03,Canada,NA,Quebec,8484965,291,81,51884,4794
2020-06-04,Canada,NA,Quebec,8484965,259,91,52143,4885
2020-06-05,Canada,NA,Quebec,8484965,255,50,52398,4935
2020-06-06,Canada,NA,Quebec,8484965,226,35,52624,4970
2020-06-07,Canada,NA,Quebec,8484965,225,8,52849,4978
2020-06-08,Canada,NA,Quebec,8484965,198,6,53047,4984
2020-06-09,Canada,NA,Quebec,8484965,138,45,53185,5029
2020-06-10,Canada,NA,Quebec,8484965,156,52,53341,5081
2020-06-11,Canada,NA,Quebec,8484965,144,24,53485,5105
2020-06-12,Canada,NA,Quebec,8484965,181,43,53666,5148
2020-06-13,Canada,NA,Quebec,8484965,158,47,53824,5195
2020-06-14,Canada,NA,Quebec,8484965,128,27,53952,5222
2020-06-15,Canada,NA,Quebec,8484965,102,20,54054,5242
2020-06-16,Canada,NA,Quebec,8484965,92,27,54146,5269
2020-06-17,Canada,NA,Quebec,8484965,117,29,54263,5298
2020-06-18,Canada,NA,Quebec,8484965,120,42,54383,5340
2020-06-19,Canada,NA,Quebec,8484965,167,35,54550,5375
2020-06-20,Canada,NA,Quebec,8484965,124,33,54674,5408
2020-06-21,Canada,NA,Quebec,8484965,92,9,54766,5417
2020-06-22,Canada,NA,Quebec,8484965,69,0,54835,5417
2020-06-23,Canada,NA,Quebec,8484965,49,7,54884,5424
2020-06-24,Canada,NA,Quebec,8484965,53,17,54937,5441
2020-06-25,Canada,NA,Quebec,8484965,142,7,55079,5448
2020-06-26,Canada,NA,Quebec,8484965,0,0,55079,5448
2020-06-27,Canada,NA,Quebec,8484965,0,0,55079,5448
2020-06-28,Canada,NA,Quebec,8484965,0,0,55079,5448
2020-06-29,Canada,NA,Quebec,8484965,311,37,55390,5485
2020-06-30,Canada,NA,Quebec,8484965,68,18,55458,5503
2020-07-01,Canada,NA,Quebec,8484965,0,0,55458,5503
2020-07-02,Canada,NA,Quebec,8484965,135,38,55593,5541
2020-07-03,Canada,NA,Quebec,8484965,89,19,55682,5560
2020-07-04,Canada,NA,Quebec,8484965,102,6,55784,5566
2020-07-05,Canada,NA,Quebec,8484965,79,8,55863,5574
2020-07-06,Canada,NA,Quebec,8484965,74,3,55937,5577
2020-07-07,Canada,NA,Quebec,8484965,60,13,55997,5590
2020-07-08,Canada,NA,Quebec,8484965,82,13,56079,5603
2020-07-09,Canada,NA,Quebec,8484965,137,6,56216,5609
2020-07-10,Canada,NA,Quebec,8484965,100,3,56316,5612
2020-07-11,Canada,NA,Quebec,8484965,91,8,56407,5620
2020-07-12,Canada,NA,Quebec,8484965,114,7,56521,5627
2020-07-13,Canada,NA,Quebec,8484965,100,1,56621,5628
2020-07-14,Canada,NA,Quebec,8484965,109,5,56730,5633
2020-07-15,Canada,NA,Quebec,8484965,129,3,56859,5636
2020-07-16,Canada,NA,Quebec,8484965,142,10,57001,5646
2020-07-17,Canada,NA,Quebec,8484965,141,1,57142,5647
2020-07-18,Canada,NA,Quebec,8484965,158,7,57300,5654
2020-07-19,Canada,NA,Quebec,8484965,166,1,57466,5655
2020-07-20,Canada,NA,Quebec,8484965,150,2,57616,5657
2020-07-21,Canada,NA,Quebec,8484965,180,1,57796,5658
2020-07-22,Canada,NA,Quebec,8484965,142,4,57938,5662
2020-07-23,Canada,NA,Quebec,8484965,142,0,58080,5662
2020-07-24,Canada,NA,Quebec,8484965,163,1,58243,5663
2020-07-25,Canada,NA,Quebec,8484965,171,3,58414,5666
2020-07-26,Canada,NA,Quebec,8484965,169,1,58583,5667
2020-07-27,Canada,NA,Quebec,8484965,145,0,58728,5667
2020-07-28,Canada,NA,Quebec,8484965,169,3,58897,5670
2020-07-29,Canada,NA,Quebec,8484965,112,2,59009,5672
2020-07-30,Canada,NA,Quebec,8484965,122,1,59131,5673
2020-07-31,Canada,NA,Quebec,8484965,181,1,59312,5674
2020-08-01,Canada,NA,Quebec,8484965,146,4,59458,5678
2020-08-02,Canada,NA,Quebec,8484965,141,3,59599,5681
2020-08-03,Canada,NA,Quebec,8484965,123,2,59722,5683
2020-08-04,Canada,NA,Quebec,8484965,123,2,59845,5685
2020-08-05,Canada,NA,Quebec,8484965,155,2,60000,5687
2020-08-06,Canada,NA,Quebec,8484965,133,0,60133,5687
2020-08-07,Canada,NA,Quebec,8484965,108,0,60241,5687
2020-08-08,Canada,NA,Quebec,8484965,126,5,60367,5692
2020-08-09,Canada,NA,Quebec,8484965,104,3,60471,5695
2020-08-10,Canada,NA,Quebec,8484965,156,1,60627,5696
2020-08-11,Canada,NA,Quebec,8484965,91,1,60718,5697
2020-08-12,Canada,NA,Quebec,8484965,95,12,60813,5709
2020-08-13,Canada,NA,Quebec,8484965,104,6,60917,5715
2020-08-14,Canada,NA,Quebec,8484965,87,3,61004,5718
2020-08-15,Canada,NA,Quebec,8484965,80,1,61084,5719
2020-08-16,Canada,NA,Quebec,8484965,67,1,61151,5720
2020-08-17,Canada,NA,Quebec,8484965,55,1,61206,5721
2020-08-18,Canada,NA,Quebec,8484965,46,6,61252,5727
2020-08-19,Canada,NA,Quebec,8484965,64,2,61316,5729
2020-08-20,Canada,NA,Quebec,8484965,86,1,61402,5730
2020-08-21,Canada,NA,Quebec,8484965,93,3,61495,5733
2020-08-22,Canada,NA,Quebec,8484965,104,6,61599,5739
2020-08-23,Canada,NA,Quebec,8484965,74,1,61673,5740
2020-08-24,Canada,NA,Quebec,8484965,68,4,61741,5744
2020-08-25,Canada,NA,Quebec,8484965,62,2,61803,5746
2020-08-26,Canada,NA,Quebec,8484965,142,1,61945,5747
2020-08-27,Canada,NA,Quebec,8484965,81,3,62026,5750
2020-08-28,Canada,NA,Quebec,8484965,50,5,62076,5755
2020-08-29,Canada,NA,Quebec,8484965,156,0,62232,5755
2020-08-30,Canada,NA,Quebec,8484965,120,3,62352,5758
2020-08-31,Canada,NA,Quebec,8484965,140,2,62492,5760
2020-03-27,Canada,NA,Saskatchewan,1168057,9,0,104,0
2020-03-28,Canada,NA,Saskatchewan,1168057,30,0,134,0
2020-03-29,Canada,NA,Saskatchewan,1168057,0,0,134,0
2020-03-30,Canada,NA,Saskatchewan,1168057,41,2,175,2
2020-03-31,Canada,NA,Saskatchewan,1168057,9,0,184,2
2020-04-01,Canada,NA,Saskatchewan,1168057,9,1,193,3
2020-04-02,Canada,NA,Saskatchewan,1168057,13,0,206,3
2020-04-03,Canada,NA,Saskatchewan,1168057,14,0,220,3
2020-04-04,Canada,NA,Saskatchewan,1168057,11,0,231,3
2020-04-05,Canada,NA,Saskatchewan,1168057,18,0,249,3
2020-04-06,Canada,NA,Saskatchewan,1168057,4,0,253,3
2020-04-07,Canada,NA,Saskatchewan,1168057,7,0,260,3
2020-04-08,Canada,NA,Saskatchewan,1168057,11,0,271,3
2020-04-09,Canada,NA,Saskatchewan,1168057,7,0,278,3
2020-04-10,Canada,NA,Saskatchewan,1168057,7,0,285,3
2020-04-11,Canada,NA,Saskatchewan,1168057,4,1,289,4
2020-04-12,Canada,NA,Saskatchewan,1168057,9,0,296,4
2020-04-13,Canada,NA,Saskatchewan,1168057,2,0,300,4
2020-04-14,Canada,NA,Saskatchewan,1168057,1,0,301,4
2020-04-15,Canada,NA,Saskatchewan,1168057,3,0,304,4
2020-04-16,Canada,NA,Saskatchewan,1168057,1,0,305,4
2020-04-17,Canada,NA,Saskatchewan,1168057,2,0,306,4
2020-04-18,Canada,NA,Saskatchewan,1168057,6,0,310,4
2020-04-19,Canada,NA,Saskatchewan,1168057,2,0,314,4
2020-04-20,Canada,NA,Saskatchewan,1168057,1,0,316,4
2020-04-21,Canada,NA,Saskatchewan,1168057,4,0,320,4
2020-04-22,Canada,NA,Saskatchewan,1168057,6,0,326,4
2020-04-23,Canada,NA,Saskatchewan,1168057,5,0,331,4
2020-04-24,Canada,NA,Saskatchewan,1168057,10,0,341,4
2020-04-25,Canada,NA,Saskatchewan,1168057,8,0,347,4
2020-04-26,Canada,NA,Saskatchewan,1168057,4,0,353,4
2020-04-27,Canada,NA,Saskatchewan,1168057,12,1,365,5
2020-04-28,Canada,NA,Saskatchewan,1168057,1,0,366,5
2020-04-29,Canada,NA,Saskatchewan,1168057,17,1,383,6
2020-04-30,Canada,NA,Saskatchewan,1168057,6,0,389,6
2020-05-01,Canada,NA,Saskatchewan,1168057,26,0,415,6
2020-05-02,Canada,NA,Saskatchewan,1168057,6,0,421,6
2020-05-03,Canada,NA,Saskatchewan,1168057,12,0,433,6
2020-05-04,Canada,NA,Saskatchewan,1168057,34,0,467,6
2020-05-05,Canada,NA,Saskatchewan,1168057,20,0,487,6
2020-05-06,Canada,NA,Saskatchewan,1168057,25,0,512,6
2020-05-07,Canada,NA,Saskatchewan,1168057,19,0,531,6
2020-05-08,Canada,NA,Saskatchewan,1168057,13,0,544,6
2020-05-09,Canada,NA,Saskatchewan,1168057,9,0,553,6
2020-05-10,Canada,NA,Saskatchewan,1168057,11,0,564,6
2020-05-11,Canada,NA,Saskatchewan,1168057,4,0,568,6
2020-05-12,Canada,NA,Saskatchewan,1168057,5,0,573,6
2020-05-13,Canada,NA,Saskatchewan,1168057,4,0,577,6
2020-05-14,Canada,NA,Saskatchewan,1168057,5,0,582,6
2020-05-15,Canada,NA,Saskatchewan,1168057,8,0,590,6
2020-05-16,Canada,NA,Saskatchewan,1168057,1,0,591,6
2020-05-17,Canada,NA,Saskatchewan,1168057,1,0,592,6
2020-05-18,Canada,NA,Saskatchewan,1168057,0,0,592,6
2020-05-19,Canada,NA,Saskatchewan,1168057,7,0,599,6
2020-05-20,Canada,NA,Saskatchewan,1168057,21,0,620,6
2020-05-21,Canada,NA,Saskatchewan,1168057,2,1,622,7
2020-05-22,Canada,NA,Saskatchewan,1168057,5,0,627,7
2020-05-23,Canada,NA,Saskatchewan,1168057,3,0,630,7
2020-05-24,Canada,NA,Saskatchewan,1168057,2,0,632,7
2020-05-25,Canada,NA,Saskatchewan,1168057,2,0,634,7
2020-05-26,Canada,NA,Saskatchewan,1168057,0,1,634,8
2020-05-27,Canada,NA,Saskatchewan,1168057,3,2,637,10
2020-05-28,Canada,NA,Saskatchewan,1168057,2,0,639,10
2020-05-29,Canada,NA,Saskatchewan,1168057,2,0,641,10
2020-05-30,Canada,NA,Saskatchewan,1168057,4,0,645,10
2020-05-31,Canada,NA,Saskatchewan,1168057,1,1,646,11
2020-06-01,Canada,NA,Saskatchewan,1168057,0,0,646,11
2020-06-02,Canada,NA,Saskatchewan,1168057,0,0,646,11
2020-06-03,Canada,NA,Saskatchewan,1168057,1,0,647,11
2020-06-04,Canada,NA,Saskatchewan,1168057,1,0,648,11
2020-06-05,Canada,NA,Saskatchewan,1168057,1,0,649,11
2020-06-06,Canada,NA,Saskatchewan,1168057,1,0,650,11
2020-06-07,Canada,NA,Saskatchewan,1168057,0,0,650,11
2020-06-08,Canada,NA,Saskatchewan,1168057,4,2,654,13
2020-06-09,Canada,NA,Saskatchewan,1168057,2,0,656,13
2020-06-10,Canada,NA,Saskatchewan,1168057,2,0,658,13
2020-06-11,Canada,NA,Saskatchewan,1168057,2,0,660,13
2020-06-12,Canada,NA,Saskatchewan,1168057,3,0,663,13
2020-06-13,Canada,NA,Saskatchewan,1168057,1,0,664,13
2020-06-14,Canada,NA,Saskatchewan,1168057,1,0,665,13
2020-06-15,Canada,NA,Saskatchewan,1168057,18,0,683,13
2020-06-16,Canada,NA,Saskatchewan,1168057,1,0,684,13
2020-06-17,Canada,NA,Saskatchewan,1168057,9,0,693,13
2020-06-18,Canada,NA,Saskatchewan,1168057,15,0,708,13
2020-06-19,Canada,NA,Saskatchewan,1168057,8,0,716,13
2020-06-20,Canada,NA,Saskatchewan,1168057,10,0,726,13
2020-06-21,Canada,NA,Saskatchewan,1168057,20,0,746,13
2020-06-22,Canada,NA,Saskatchewan,1168057,5,0,751,13
2020-06-23,Canada,NA,Saskatchewan,1168057,2,0,753,13
2020-06-24,Canada,NA,Saskatchewan,1168057,4,0,757,13
2020-06-25,Canada,NA,Saskatchewan,1168057,2,0,759,13
2020-06-26,Canada,NA,Saskatchewan,1168057,13,0,772,13
2020-06-27,Canada,NA,Saskatchewan,1168057,5,0,777,13
2020-06-28,Canada,NA,Saskatchewan,1168057,1,0,778,13
2020-06-29,Canada,NA,Saskatchewan,1168057,1,0,779,13
2020-06-30,Canada,NA,Saskatchewan,1168057,6,0,785,13
2020-07-01,Canada,NA,Saskatchewan,1168057,0,0,785,13
2020-07-02,Canada,NA,Saskatchewan,1168057,10,1,795,14
2020-07-03,Canada,NA,Saskatchewan,1168057,1,0,796,14
2020-07-04,Canada,NA,Saskatchewan,1168057,0,0,796,14
2020-07-05,Canada,NA,Saskatchewan,1168057,0,0,796,14
2020-07-06,Canada,NA,Saskatchewan,1168057,9,0,805,14
2020-07-07,Canada,NA,Saskatchewan,1168057,1,1,806,15
2020-07-08,Canada,NA,Saskatchewan,1168057,2,0,808,15
2020-07-09,Canada,NA,Saskatchewan,1168057,5,0,813,15
2020-07-10,Canada,NA,Saskatchewan,1168057,2,0,815,15
2020-07-11,Canada,NA,Saskatchewan,1168057,0,0,815,15
2020-07-12,Canada,NA,Saskatchewan,1168057,0,0,815,15
2020-07-13,Canada,NA,Saskatchewan,1168057,56,0,871,15
2020-07-14,Canada,NA,Saskatchewan,1168057,5,0,876,15
2020-07-15,Canada,NA,Saskatchewan,1168057,5,0,881,15
2020-07-16,Canada,NA,Saskatchewan,1168057,42,0,923,15
2020-07-17,Canada,NA,Saskatchewan,1168057,13,0,936,15
2020-07-18,Canada,NA,Saskatchewan,1168057,5,0,941,15
2020-07-19,Canada,NA,Saskatchewan,1168057,2,0,943,15
2020-07-20,Canada,NA,Saskatchewan,1168057,19,0,962,15
2020-07-21,Canada,NA,Saskatchewan,1168057,8,0,970,15
2020-07-22,Canada,NA,Saskatchewan,1168057,60,0,1030,15
2020-07-23,Canada,NA,Saskatchewan,1168057,42,1,1072,16
2020-07-24,Canada,NA,Saskatchewan,1168057,27,0,1099,16
2020-07-25,Canada,NA,Saskatchewan,1168057,37,0,1136,16
2020-07-26,Canada,NA,Saskatchewan,1168057,42,0,1178,16
2020-07-27,Canada,NA,Saskatchewan,1168057,31,0,1209,16
2020-07-28,Canada,NA,Saskatchewan,1168057,9,1,1218,17
2020-07-29,Canada,NA,Saskatchewan,1168057,50,0,1268,17
2020-07-30,Canada,NA,Saskatchewan,1168057,38,1,1306,18
2020-07-31,Canada,NA,Saskatchewan,1168057,13,0,1319,18
2020-08-01,Canada,NA,Saskatchewan,1168057,15,0,1334,18
2020-08-02,Canada,NA,Saskatchewan,1168057,8,0,1342,18
2020-08-03,Canada,NA,Saskatchewan,1168057,17,0,1359,18
2020-08-04,Canada,NA,Saskatchewan,1168057,9,0,1368,18
2020-08-05,Canada,NA,Saskatchewan,1168057,8,0,1376,18
2020-08-06,Canada,NA,Saskatchewan,1168057,11,1,1387,19
2020-08-07,Canada,NA,Saskatchewan,1168057,22,1,1409,20
2020-08-08,Canada,NA,Saskatchewan,1168057,24,0,1433,20
2020-08-09,Canada,NA,Saskatchewan,1168057,12,0,1445,20
2020-08-10,Canada,NA,Saskatchewan,1168057,5,0,1450,20
2020-08-11,Canada,NA,Saskatchewan,1168057,29,0,1479,20
2020-08-12,Canada,NA,Saskatchewan,1168057,5,0,1484,20
2020-08-13,Canada,NA,Saskatchewan,1168057,27,0,1511,20
2020-08-14,Canada,NA,Saskatchewan,1168057,30,0,1541,20
2020-08-15,Canada,NA,Saskatchewan,1168057,25,1,1566,21
2020-08-16,Canada,NA,Saskatchewan,1168057,14,1,1580,22
2020-08-17,Canada,NA,Saskatchewan,1168057,1,0,1581,22
2020-08-18,Canada,NA,Saskatchewan,1168057,1,0,1582,22
2020-08-19,Canada,NA,Saskatchewan,1168057,4,0,1586,22
2020-08-20,Canada,NA,Saskatchewan,1168057,4,0,1590,22
2020-08-21,Canada,NA,Saskatchewan,1168057,5,0,1595,22
2020-08-22,Canada,NA,Saskatchewan,1168057,2,0,1597,22
2020-08-23,Canada,NA,Saskatchewan,1168057,3,0,1600,22
2020-08-24,Canada,NA,Saskatchewan,1168057,2,0,1602,22
2020-08-25,Canada,NA,Saskatchewan,1168057,0,1,1601,23
2020-08-26,Canada,NA,Saskatchewan,1168057,3,1,1604,24
2020-08-27,Canada,NA,Saskatchewan,1168057,5,0,1609,24
2020-08-28,Canada,NA,Saskatchewan,1168057,2,0,1611,24
2020-08-29,Canada,NA,Saskatchewan,1168057,4,0,1615,24
2020-08-30,Canada,NA,Saskatchewan,1168057,0,0,1615,24
2020-08-31,Canada,NA,Saskatchewan,1168057,4,0,1619,24
2020-04-10,Chile,NA,Antofagasta,607534,18,0,110,1
2020-04-11,Chile,NA,Antofagasta,607534,7,0,117,1
2020-04-12,Chile,NA,Antofagasta,607534,21,0,138,1
2020-04-13,Chile,NA,Antofagasta,607534,11,0,149,1
2020-04-14,Chile,NA,Antofagasta,607534,6,0,155,1
2020-04-15,Chile,NA,Antofagasta,607534,21,0,176,1
2020-04-16,Chile,NA,Antofagasta,607534,16,0,192,1
2020-04-17,Chile,NA,Antofagasta,607534,19,0,211,1
2020-04-18,Chile,NA,Antofagasta,607534,15,0,226,1
2020-04-19,Chile,NA,Antofagasta,607534,23,0,249,1
2020-04-20,Chile,NA,Antofagasta,607534,14,0,263,1
2020-04-21,Chile,NA,Antofagasta,607534,28,0,291,1
2020-04-22,Chile,NA,Antofagasta,607534,35,1,326,2
2020-04-23,Chile,NA,Antofagasta,607534,14,0,340,2
2020-04-24,Chile,NA,Antofagasta,607534,26,0,366,2
2020-04-25,Chile,NA,Antofagasta,607534,25,1,391,3
2020-04-26,Chile,NA,Antofagasta,607534,52,1,443,4
2020-04-27,Chile,NA,Antofagasta,607534,14,0,457,4
2020-04-28,Chile,NA,Antofagasta,607534,24,0,481,4
2020-04-29,Chile,NA,Antofagasta,607534,33,0,514,4
2020-04-30,Chile,NA,Antofagasta,607534,32,1,546,5
2020-05-01,Chile,NA,Antofagasta,607534,43,2,589,7
2020-05-02,Chile,NA,Antofagasta,607534,90,0,679,7
2020-05-03,Chile,NA,Antofagasta,607534,61,0,740,7
2020-05-04,Chile,NA,Antofagasta,607534,20,0,760,7
2020-05-05,Chile,NA,Antofagasta,607534,51,0,811,7
2020-05-06,Chile,NA,Antofagasta,607534,44,0,855,7
2020-05-07,Chile,NA,Antofagasta,607534,40,0,895,7
2020-05-08,Chile,NA,Antofagasta,607534,28,2,923,9
2020-05-09,Chile,NA,Antofagasta,607534,24,1,947,10
2020-05-10,Chile,NA,Antofagasta,607534,31,0,978,10
2020-05-11,Chile,NA,Antofagasta,607534,36,0,1014,10
2020-05-12,Chile,NA,Antofagasta,607534,95,0,1109,10
2020-05-13,Chile,NA,Antofagasta,607534,107,1,1216,11
2020-05-14,Chile,NA,Antofagasta,607534,61,0,1277,11
2020-05-15,Chile,NA,Antofagasta,607534,54,1,1331,12
2020-05-16,Chile,NA,Antofagasta,607534,98,0,1429,12
2020-05-17,Chile,NA,Antofagasta,607534,76,1,1505,13
2020-05-18,Chile,NA,Antofagasta,607534,84,1,1589,14
2020-05-19,Chile,NA,Antofagasta,607534,59,2,1648,16
2020-05-20,Chile,NA,Antofagasta,607534,83,1,1731,17
2020-05-21,Chile,NA,Antofagasta,607534,47,0,1778,17
2020-05-22,Chile,NA,Antofagasta,607534,63,0,1841,17
2020-05-23,Chile,NA,Antofagasta,607534,56,4,1897,21
2020-05-24,Chile,NA,Antofagasta,607534,50,0,1947,21
2020-05-25,Chile,NA,Antofagasta,607534,68,0,2015,21
2020-05-26,Chile,NA,Antofagasta,607534,48,2,2063,23
2020-05-27,Chile,NA,Antofagasta,607534,74,2,2137,25
2020-05-28,Chile,NA,Antofagasta,607534,111,3,2248,28
2020-05-29,Chile,NA,Antofagasta,607534,70,0,2318,28
2020-05-30,Chile,NA,Antofagasta,607534,111,1,2429,29
2020-05-31,Chile,NA,Antofagasta,607534,81,2,2510,31
2020-06-01,Chile,NA,Antofagasta,607534,75,1,2585,32
2020-06-02,Chile,NA,Antofagasta,607534,64,2,2649,34
2020-06-03,Chile,NA,Antofagasta,607534,67,2,2716,36
2020-06-04,Chile,NA,Antofagasta,607534,146,2,2862,38
2020-06-05,Chile,NA,Antofagasta,607534,62,4,2924,42
2020-06-06,Chile,NA,Antofagasta,607534,109,5,3033,47
2020-06-07,Chile,NA,Antofagasta,607534,121,0,3154,44
2020-06-08,Chile,NA,Antofagasta,607534,91,1,3245,45
2020-06-09,Chile,NA,Antofagasta,607534,157,0,3402,45
2020-06-10,Chile,NA,Antofagasta,607534,157,11,3559,56
2020-06-11,Chile,NA,Antofagasta,607534,194,1,3753,57
2020-06-12,Chile,NA,Antofagasta,607534,132,8,3885,65
2020-06-13,Chile,NA,Antofagasta,607534,153,2,4038,67
2020-06-14,Chile,NA,Antofagasta,607534,248,5,4286,72
2020-06-15,Chile,NA,Antofagasta,607534,270,0,4556,72
2020-06-16,Chile,NA,Antofagasta,607534,87,0,4643,72
2020-06-17,Chile,NA,Antofagasta,607534,126,9,4769,81
2020-06-18,Chile,NA,Antofagasta,607534,287,6,5056,87
2020-06-19,Chile,NA,Antofagasta,607534,300,6,5356,93
2020-06-20,Chile,NA,Antofagasta,607534,387,1,5743,94
2020-06-21,Chile,NA,Antofagasta,607534,246,6,5989,100
2020-06-22,Chile,NA,Antofagasta,607534,247,0,6236,100
2020-06-23,Chile,NA,Antofagasta,607534,283,0,6519,100
2020-06-24,Chile,NA,Antofagasta,607534,236,13,6755,113
2020-06-25,Chile,NA,Antofagasta,607534,288,9,7043,122
2020-06-26,Chile,NA,Antofagasta,607534,227,6,7270,128
2020-06-27,Chile,NA,Antofagasta,607534,285,14,7555,142
2020-06-28,Chile,NA,Antofagasta,607534,281,5,7836,147
2020-06-29,Chile,NA,Antofagasta,607534,317,0,8153,147
2020-06-30,Chile,NA,Antofagasta,607534,204,0,8357,147
2020-07-01,Chile,NA,Antofagasta,607534,254,0,8611,147
2020-07-02,Chile,NA,Antofagasta,607534,202,16,8813,163
2020-07-03,Chile,NA,Antofagasta,607534,285,8,9098,171
2020-07-04,Chile,NA,Antofagasta,607534,253,3,9351,174
2020-07-05,Chile,NA,Antofagasta,607534,296,9,9647,183
2020-07-06,Chile,NA,Antofagasta,607534,236,0,9883,183
2020-07-07,Chile,NA,Antofagasta,607534,239,0,10122,183
2020-07-08,Chile,NA,Antofagasta,607534,231,14,10353,197
2020-07-09,Chile,NA,Antofagasta,607534,252,6,10605,203
2020-07-10,Chile,NA,Antofagasta,607534,190,13,10795,216
2020-07-11,Chile,NA,Antofagasta,607534,313,2,11108,218
2020-07-12,Chile,NA,Antofagasta,607534,219,6,11327,224
2020-07-13,Chile,NA,Antofagasta,607534,235,1,11562,225
2020-07-14,Chile,NA,Antofagasta,607534,190,3,11752,228
2020-07-15,Chile,NA,Antofagasta,607534,165,4,11917,232
2020-07-16,Chile,NA,Antofagasta,607534,195,4,12112,236
2020-07-17,Chile,NA,Antofagasta,607534,216,35,12328,271
2020-07-18,Chile,NA,Antofagasta,607534,188,8,12516,279
2020-07-19,Chile,NA,Antofagasta,607534,199,1,12715,280
2020-07-20,Chile,NA,Antofagasta,607534,116,13,12831,293
2020-07-21,Chile,NA,Antofagasta,607534,80,0,12911,293
2020-07-22,Chile,NA,Antofagasta,607534,173,5,13084,298
2020-07-23,Chile,NA,Antofagasta,607534,165,7,13249,305
2020-07-24,Chile,NA,Antofagasta,607534,155,5,13404,310
2020-07-25,Chile,NA,Antofagasta,607534,131,6,13535,316
2020-07-26,Chile,NA,Antofagasta,607534,155,12,13690,328
2020-07-27,Chile,NA,Antofagasta,607534,151,4,13841,332
2020-07-28,Chile,NA,Antofagasta,607534,128,2,13969,334
2020-07-29,Chile,NA,Antofagasta,607534,140,1,14109,335
2020-07-30,Chile,NA,Antofagasta,607534,88,6,14197,341
2020-07-31,Chile,NA,Antofagasta,607534,151,6,14348,347
2020-08-01,Chile,NA,Antofagasta,607534,129,5,14477,352
2020-08-02,Chile,NA,Antofagasta,607534,140,1,14617,353
2020-08-03,Chile,NA,Antofagasta,607534,154,5,14771,358
2020-08-04,Chile,NA,Antofagasta,607534,85,0,14856,358
2020-08-05,Chile,NA,Antofagasta,607534,162,3,15018,361
2020-08-06,Chile,NA,Antofagasta,607534,132,6,15150,367
2020-08-07,Chile,NA,Antofagasta,607534,128,5,15278,372
2020-08-08,Chile,NA,Antofagasta,607534,161,4,15439,376
2020-08-09,Chile,NA,Antofagasta,607534,134,2,15573,378
2020-08-10,Chile,NA,Antofagasta,607534,150,3,15723,381
2020-08-11,Chile,NA,Antofagasta,607534,85,6,15808,387
2020-08-12,Chile,NA,Antofagasta,607534,83,1,15891,388
2020-08-13,Chile,NA,Antofagasta,607534,106,4,15997,392
2020-08-14,Chile,NA,Antofagasta,607534,134,2,16131,394
2020-08-15,Chile,NA,Antofagasta,607534,102,5,16233,399
2020-08-16,Chile,NA,Antofagasta,607534,125,4,16358,403
2020-08-17,Chile,NA,Antofagasta,607534,112,4,16470,407
2020-08-18,Chile,NA,Antofagasta,607534,63,3,16533,410
2020-08-19,Chile,NA,Antofagasta,607534,74,1,16607,411
2020-08-20,Chile,NA,Antofagasta,607534,71,4,16678,415
2020-08-21,Chile,NA,Antofagasta,607534,135,1,16813,416
2020-08-22,Chile,NA,Antofagasta,607534,85,1,16898,417
2020-08-23,Chile,NA,Antofagasta,607534,73,2,16971,419
2020-08-24,Chile,NA,Antofagasta,607534,135,3,17106,422
2020-08-25,Chile,NA,Antofagasta,607534,57,4,17163,426
2020-08-26,Chile,NA,Antofagasta,607534,86,2,17249,428
2020-08-27,Chile,NA,Antofagasta,607534,101,4,17350,432
2020-08-28,Chile,NA,Antofagasta,607534,72,5,17422,437
2020-08-29,Chile,NA,Antofagasta,607534,104,2,17526,439
2020-08-30,Chile,NA,Antofagasta,607534,108,3,17634,442
2020-08-31,Chile,NA,Antofagasta,607534,61,2,17695,444
2020-03-26,Chile,NA,Araucania,957224,37,0,111,0
2020-03-27,Chile,NA,Araucania,957224,32,0,143,0
2020-03-28,Chile,NA,Araucania,957224,34,1,177,1
2020-03-29,Chile,NA,Araucania,957224,28,1,205,2
2020-03-30,Chile,NA,Araucania,957224,42,0,247,2
2020-03-31,Chile,NA,Araucania,957224,55,2,302,4
2020-04-01,Chile,NA,Araucania,957224,41,2,343,6
2020-04-02,Chile,NA,Araucania,957224,46,1,389,7
2020-04-03,Chile,NA,Araucania,957224,43,0,432,7
2020-04-04,Chile,NA,Araucania,957224,45,2,477,9
2020-04-05,Chile,NA,Araucania,957224,32,4,509,13
2020-04-06,Chile,NA,Araucania,957224,53,1,562,14
2020-04-07,Chile,NA,Araucania,957224,50,0,612,14
2020-04-08,Chile,NA,Araucania,957224,57,1,669,15
2020-04-09,Chile,NA,Araucania,957224,20,1,689,16
2020-04-10,Chile,NA,Araucania,957224,23,0,712,16
2020-04-11,Chile,NA,Araucania,957224,27,1,739,17
2020-04-12,Chile,NA,Araucania,957224,36,0,775,17
2020-04-13,Chile,NA,Araucania,957224,20,0,795,17
2020-04-14,Chile,NA,Araucania,957224,21,3,816,20
2020-04-15,Chile,NA,Araucania,957224,10,1,826,21
2020-04-16,Chile,NA,Araucania,957224,56,0,882,21
2020-04-17,Chile,NA,Araucania,957224,25,1,907,22
2020-04-18,Chile,NA,Araucania,957224,37,1,944,23
2020-04-19,Chile,NA,Araucania,957224,28,0,972,23
2020-04-20,Chile,NA,Araucania,957224,73,0,1045,23
2020-04-21,Chile,NA,Araucania,957224,47,2,1092,25
2020-04-22,Chile,NA,Araucania,957224,21,1,1113,26
2020-04-23,Chile,NA,Araucania,957224,29,0,1142,26
2020-04-24,Chile,NA,Araucania,957224,42,0,1184,26
2020-04-25,Chile,NA,Araucania,957224,19,1,1203,27
2020-04-26,Chile,NA,Araucania,957224,13,2,1216,29
2020-04-27,Chile,NA,Araucania,957224,20,3,1236,32
2020-04-28,Chile,NA,Araucania,957224,15,0,1251,32
2020-04-29,Chile,NA,Araucania,957224,22,0,1273,32
2020-04-30,Chile,NA,Araucania,957224,20,3,1293,35
2020-05-01,Chile,NA,Araucania,957224,2,1,1295,36
2020-05-02,Chile,NA,Araucania,957224,19,0,1314,36
2020-05-03,Chile,NA,Araucania,957224,14,0,1328,36
2020-05-04,Chile,NA,Araucania,957224,3,0,1331,36
2020-05-05,Chile,NA,Araucania,957224,21,0,1352,36
2020-05-06,Chile,NA,Araucania,957224,10,0,1362,36
2020-05-07,Chile,NA,Araucania,957224,23,0,1385,36
2020-05-08,Chile,NA,Araucania,957224,18,0,1403,36
2020-05-09,Chile,NA,Araucania,957224,15,0,1418,36
2020-05-10,Chile,NA,Araucania,957224,36,1,1454,37
2020-05-11,Chile,NA,Araucania,957224,12,1,1466,38
2020-05-12,Chile,NA,Araucania,957224,16,1,1482,39
2020-05-13,Chile,NA,Araucania,957224,13,0,1495,39
2020-05-14,Chile,NA,Araucania,957224,41,2,1536,41
2020-05-15,Chile,NA,Araucania,957224,28,2,1564,43
2020-05-16,Chile,NA,Araucania,957224,23,0,1587,43
2020-05-17,Chile,NA,Araucania,957224,19,1,1606,44
2020-05-18,Chile,NA,Araucania,957224,33,0,1639,44
2020-05-19,Chile,NA,Araucania,957224,27,0,1666,44
2020-05-20,Chile,NA,Araucania,957224,14,0,1680,44
2020-05-21,Chile,NA,Araucania,957224,35,0,1715,44
2020-05-22,Chile,NA,Araucania,957224,22,1,1737,45
2020-05-23,Chile,NA,Araucania,957224,37,0,1774,45
2020-05-24,Chile,NA,Araucania,957224,34,0,1808,45
2020-05-25,Chile,NA,Araucania,957224,49,0,1857,45
2020-05-26,Chile,NA,Araucania,957224,26,0,1883,45
2020-05-27,Chile,NA,Araucania,957224,33,0,1916,45
2020-05-28,Chile,NA,Araucania,957224,38,0,1954,45
2020-05-29,Chile,NA,Araucania,957224,35,2,1989,47
2020-05-30,Chile,NA,Araucania,957224,71,0,2060,47
2020-05-31,Chile,NA,Araucania,957224,11,0,2071,47
2020-06-01,Chile,NA,Araucania,957224,40,0,2111,47
2020-06-02,Chile,NA,Araucania,957224,30,0,2141,47
2020-06-03,Chile,NA,Araucania,957224,32,0,2173,47
2020-06-04,Chile,NA,Araucania,957224,9,0,2182,47
2020-06-05,Chile,NA,Araucania,957224,106,1,2288,48
2020-06-06,Chile,NA,Araucania,957224,33,1,2321,49
2020-06-07,Chile,NA,Araucania,957224,56,0,2377,31
2020-06-08,Chile,NA,Araucania,957224,33,1,2410,32
2020-06-09,Chile,NA,Araucania,957224,35,0,2445,32
2020-06-10,Chile,NA,Araucania,957224,43,1,2488,33
2020-06-11,Chile,NA,Araucania,957224,47,1,2535,34
2020-06-12,Chile,NA,Araucania,957224,44,1,2579,35
2020-06-13,Chile,NA,Araucania,957224,66,1,2645,36
2020-06-14,Chile,NA,Araucania,957224,30,0,2675,36
2020-06-15,Chile,NA,Araucania,957224,53,0,2728,36
2020-06-16,Chile,NA,Araucania,957224,47,0,2775,36
2020-06-17,Chile,NA,Araucania,957224,19,0,2794,36
2020-06-18,Chile,NA,Araucania,957224,49,1,2843,37
2020-06-19,Chile,NA,Araucania,957224,33,1,2876,38
2020-06-20,Chile,NA,Araucania,957224,23,1,2899,39
2020-06-21,Chile,NA,Araucania,957224,49,0,2948,39
2020-06-22,Chile,NA,Araucania,957224,40,0,2988,39
2020-06-23,Chile,NA,Araucania,957224,18,0,3006,39
2020-06-24,Chile,NA,Araucania,957224,10,1,3016,40
2020-06-25,Chile,NA,Araucania,957224,27,0,3043,40
2020-06-26,Chile,NA,Araucania,957224,41,0,3084,40
2020-06-27,Chile,NA,Araucania,957224,23,0,3107,40
2020-06-28,Chile,NA,Araucania,957224,44,1,3151,41
2020-06-29,Chile,NA,Araucania,957224,40,0,3191,41
2020-06-30,Chile,NA,Araucania,957224,19,0,3210,41
2020-07-01,Chile,NA,Araucania,957224,15,0,3225,41
2020-07-02,Chile,NA,Araucania,957224,21,0,3246,41
2020-07-03,Chile,NA,Araucania,957224,57,3,3303,44
2020-07-04,Chile,NA,Araucania,957224,45,0,3348,44
2020-07-05,Chile,NA,Araucania,957224,30,1,3378,45
2020-07-06,Chile,NA,Araucania,957224,54,0,3432,45
2020-07-07,Chile,NA,Araucania,957224,19,0,3451,45
2020-07-08,Chile,NA,Araucania,957224,10,1,3461,46
2020-07-09,Chile,NA,Araucania,957224,23,1,3484,47
2020-07-10,Chile,NA,Araucania,957224,33,0,3517,47
2020-07-11,Chile,NA,Araucania,957224,19,0,3536,47
2020-07-12,Chile,NA,Araucania,957224,38,1,3574,48
2020-07-13,Chile,NA,Araucania,957224,9,0,3583,48
2020-07-14,Chile,NA,Araucania,957224,11,0,3594,48
2020-07-15,Chile,NA,Araucania,957224,36,1,3630,49
2020-07-16,Chile,NA,Araucania,957224,25,0,3655,49
2020-07-17,Chile,NA,Araucania,957224,21,22,3676,71
2020-07-18,Chile,NA,Araucania,957224,8,0,3684,71
2020-07-19,Chile,NA,Araucania,957224,22,0,3706,71
2020-07-20,Chile,NA,Araucania,957224,23,0,3729,71
2020-07-21,Chile,NA,Araucania,957224,27,0,3756,71
2020-07-22,Chile,NA,Araucania,957224,22,0,3778,71
2020-07-23,Chile,NA,Araucania,957224,24,3,3802,74
2020-07-24,Chile,NA,Araucania,957224,46,0,3848,74
2020-07-25,Chile,NA,Araucania,957224,26,2,3874,76
2020-07-26,Chile,NA,Araucania,957224,23,1,3897,77
2020-07-27,Chile,NA,Araucania,957224,45,0,3942,77
2020-07-28,Chile,NA,Araucania,957224,31,0,3973,77
2020-07-29,Chile,NA,Araucania,957224,45,0,4018,77
2020-07-30,Chile,NA,Araucania,957224,26,0,4044,77
2020-07-31,Chile,NA,Araucania,957224,46,1,4090,78
2020-08-01,Chile,NA,Araucania,957224,28,0,4118,78
2020-08-02,Chile,NA,Araucania,957224,42,1,4160,79
2020-08-03,Chile,NA,Araucania,957224,44,0,4204,79
2020-08-04,Chile,NA,Araucania,957224,27,0,4231,79
2020-08-05,Chile,NA,Araucania,957224,19,0,4250,79
2020-08-06,Chile,NA,Araucania,957224,57,2,4307,81
2020-08-07,Chile,NA,Araucania,957224,30,1,4337,82
2020-08-08,Chile,NA,Araucania,957224,21,1,4358,83
2020-08-09,Chile,NA,Araucania,957224,32,0,4390,83
2020-08-10,Chile,NA,Araucania,957224,40,0,4430,83
2020-08-11,Chile,NA,Araucania,957224,18,0,4448,83
2020-08-12,Chile,NA,Araucania,957224,35,0,4483,83
2020-08-13,Chile,NA,Araucania,957224,38,0,4521,83
2020-08-14,Chile,NA,Araucania,957224,36,1,4557,84
2020-08-15,Chile,NA,Araucania,957224,46,1,4603,85
2020-08-16,Chile,NA,Araucania,957224,29,1,4632,86
2020-08-17,Chile,NA,Araucania,957224,23,0,4655,86
2020-08-18,Chile,NA,Araucania,957224,41,0,4696,86
2020-08-19,Chile,NA,Araucania,957224,30,0,4726,86
2020-08-20,Chile,NA,Araucania,957224,37,1,4763,87
2020-08-21,Chile,NA,Araucania,957224,62,1,4825,88
2020-08-22,Chile,NA,Araucania,957224,48,1,4873,89
2020-08-23,Chile,NA,Araucania,957224,25,1,4898,90
2020-08-24,Chile,NA,Araucania,957224,16,2,4914,92
2020-08-25,Chile,NA,Araucania,957224,40,0,4954,92
2020-08-26,Chile,NA,Araucania,957224,27,0,4981,92
2020-08-27,Chile,NA,Araucania,957224,16,1,4997,93
2020-08-28,Chile,NA,Araucania,957224,43,1,5040,94
2020-08-29,Chile,NA,Araucania,957224,40,0,5080,94
2020-08-30,Chile,NA,Araucania,957224,33,0,5113,94
2020-08-31,Chile,NA,Araucania,957224,31,0,5144,94
2020-04-11,Chile,NA,Arica y Parinacota,226068,20,0,107,0
2020-04-12,Chile,NA,Arica y Parinacota,226068,8,1,115,1
2020-04-13,Chile,NA,Arica y Parinacota,226068,0,0,115,1
2020-04-14,Chile,NA,Arica y Parinacota,226068,5,0,120,1
2020-04-15,Chile,NA,Arica y Parinacota,226068,4,0,124,1
2020-04-16,Chile,NA,Arica y Parinacota,226068,5,0,129,1
2020-04-17,Chile,NA,Arica y Parinacota,226068,5,1,134,2
2020-04-18,Chile,NA,Arica y Parinacota,226068,8,0,142,2
2020-04-19,Chile,NA,Arica y Parinacota,226068,3,0,145,2
2020-04-20,Chile,NA,Arica y Parinacota,226068,16,0,161,2
2020-04-21,Chile,NA,Arica y Parinacota,226068,9,0,170,2
2020-04-22,Chile,NA,Arica y Parinacota,226068,10,0,180,2
2020-04-23,Chile,NA,Arica y Parinacota,226068,30,0,210,2
2020-04-24,Chile,NA,Arica y Parinacota,226068,29,1,239,3
2020-04-25,Chile,NA,Arica y Parinacota,226068,6,0,245,3
2020-04-26,Chile,NA,Arica y Parinacota,226068,7,0,252,3
2020-04-27,Chile,NA,Arica y Parinacota,226068,13,0,265,3
2020-04-28,Chile,NA,Arica y Parinacota,226068,3,0,268,3
2020-04-29,Chile,NA,Arica y Parinacota,226068,4,1,272,4
2020-04-30,Chile,NA,Arica y Parinacota,226068,7,0,279,4
2020-05-01,Chile,NA,Arica y Parinacota,226068,18,0,297,4
2020-05-02,Chile,NA,Arica y Parinacota,226068,10,0,307,4
2020-05-03,Chile,NA,Arica y Parinacota,226068,1,0,308,4
2020-05-04,Chile,NA,Arica y Parinacota,226068,0,0,308,4
2020-05-05,Chile,NA,Arica y Parinacota,226068,7,0,315,4
2020-05-06,Chile,NA,Arica y Parinacota,226068,3,1,318,5
2020-05-07,Chile,NA,Arica y Parinacota,226068,7,1,325,6
2020-05-08,Chile,NA,Arica y Parinacota,226068,2,0,327,6
2020-05-09,Chile,NA,Arica y Parinacota,226068,10,0,337,6
2020-05-10,Chile,NA,Arica y Parinacota,226068,3,0,340,6
2020-05-11,Chile,NA,Arica y Parinacota,226068,11,1,351,7
2020-05-12,Chile,NA,Arica y Parinacota,226068,0,0,351,7
2020-05-13,Chile,NA,Arica y Parinacota,226068,8,0,359,7
2020-05-14,Chile,NA,Arica y Parinacota,226068,4,0,363,7
2020-05-15,Chile,NA,Arica y Parinacota,226068,5,0,368,7
2020-05-16,Chile,NA,Arica y Parinacota,226068,9,0,377,7
2020-05-17,Chile,NA,Arica y Parinacota,226068,1,0,378,7
2020-05-18,Chile,NA,Arica y Parinacota,226068,20,0,398,7
2020-05-19,Chile,NA,Arica y Parinacota,226068,24,0,422,7
2020-05-20,Chile,NA,Arica y Parinacota,226068,2,0,424,7
2020-05-21,Chile,NA,Arica y Parinacota,226068,29,0,453,7
2020-05-22,Chile,NA,Arica y Parinacota,226068,18,0,471,7
2020-05-23,Chile,NA,Arica y Parinacota,226068,11,0,482,7
2020-05-24,Chile,NA,Arica y Parinacota,226068,16,0,498,7
2020-05-25,Chile,NA,Arica y Parinacota,226068,15,0,513,7
2020-05-26,Chile,NA,Arica y Parinacota,226068,9,0,522,7
2020-05-27,Chile,NA,Arica y Parinacota,226068,19,0,541,7
2020-05-28,Chile,NA,Arica y Parinacota,226068,21,0,562,7
2020-05-29,Chile,NA,Arica y Parinacota,226068,20,0,582,7
2020-05-30,Chile,NA,Arica y Parinacota,226068,6,0,588,7
2020-05-31,Chile,NA,Arica y Parinacota,226068,31,0,619,7
2020-06-01,Chile,NA,Arica y Parinacota,226068,17,1,636,8
2020-06-02,Chile,NA,Arica y Parinacota,226068,18,0,654,8
2020-06-03,Chile,NA,Arica y Parinacota,226068,47,0,701,8
2020-06-04,Chile,NA,Arica y Parinacota,226068,35,0,736,8
2020-06-05,Chile,NA,Arica y Parinacota,226068,46,1,782,9
2020-06-06,Chile,NA,Arica y Parinacota,226068,37,0,819,9
2020-06-07,Chile,NA,Arica y Parinacota,226068,31,0,850,8
2020-06-08,Chile,NA,Arica y Parinacota,226068,24,0,874,8
2020-06-09,Chile,NA,Arica y Parinacota,226068,40,0,914,8
2020-06-10,Chile,NA,Arica y Parinacota,226068,16,2,930,10
2020-06-11,Chile,NA,Arica y Parinacota,226068,37,0,967,10
2020-06-12,Chile,NA,Arica y Parinacota,226068,44,0,1011,10
2020-06-13,Chile,NA,Arica y Parinacota,226068,51,0,1062,10
2020-06-14,Chile,NA,Arica y Parinacota,226068,47,1,1109,11
2020-06-15,Chile,NA,Arica y Parinacota,226068,30,0,1139,11
2020-06-16,Chile,NA,Arica y Parinacota,226068,17,0,1156,11
2020-06-17,Chile,NA,Arica y Parinacota,226068,56,0,1212,11
2020-06-18,Chile,NA,Arica y Parinacota,226068,21,1,1233,12
2020-06-19,Chile,NA,Arica y Parinacota,226068,56,0,1289,12
2020-06-20,Chile,NA,Arica y Parinacota,226068,30,0,1319,12
2020-06-21,Chile,NA,Arica y Parinacota,226068,46,0,1365,12
2020-06-22,Chile,NA,Arica y Parinacota,226068,49,0,1414,12
2020-06-23,Chile,NA,Arica y Parinacota,226068,23,0,1437,12
2020-06-24,Chile,NA,Arica y Parinacota,226068,30,3,1467,15
2020-06-25,Chile,NA,Arica y Parinacota,226068,38,1,1505,16
2020-06-26,Chile,NA,Arica y Parinacota,226068,37,3,1542,19
2020-06-27,Chile,NA,Arica y Parinacota,226068,63,1,1605,20
2020-06-28,Chile,NA,Arica y Parinacota,226068,38,0,1643,20
2020-06-29,Chile,NA,Arica y Parinacota,226068,36,0,1679,20
2020-06-30,Chile,NA,Arica y Parinacota,226068,28,0,1707,20
2020-07-01,Chile,NA,Arica y Parinacota,226068,63,0,1770,20
2020-07-02,Chile,NA,Arica y Parinacota,226068,56,1,1826,21
2020-07-03,Chile,NA,Arica y Parinacota,226068,57,1,1883,22
2020-07-04,Chile,NA,Arica y Parinacota,226068,60,0,1943,22
2020-07-05,Chile,NA,Arica y Parinacota,226068,57,0,2000,22
2020-07-06,Chile,NA,Arica y Parinacota,226068,81,0,2081,22
2020-07-07,Chile,NA,Arica y Parinacota,226068,32,0,2113,22
2020-07-08,Chile,NA,Arica y Parinacota,226068,60,2,2173,24
2020-07-09,Chile,NA,Arica y Parinacota,226068,94,0,2267,24
2020-07-10,Chile,NA,Arica y Parinacota,226068,49,2,2316,26
2020-07-11,Chile,NA,Arica y Parinacota,226068,73,0,2389,26
2020-07-12,Chile,NA,Arica y Parinacota,226068,72,2,2461,28
2020-07-13,Chile,NA,Arica y Parinacota,226068,95,0,2556,28
2020-07-14,Chile,NA,Arica y Parinacota,226068,76,0,2632,28
2020-07-15,Chile,NA,Arica y Parinacota,226068,97,3,2729,31
2020-07-16,Chile,NA,Arica y Parinacota,226068,104,1,2833,32
2020-07-17,Chile,NA,Arica y Parinacota,226068,96,2,2929,34
2020-07-18,Chile,NA,Arica y Parinacota,226068,76,1,3005,35
2020-07-19,Chile,NA,Arica y Parinacota,226068,44,1,3049,36
2020-07-20,Chile,NA,Arica y Parinacota,226068,132,4,3181,40
2020-07-21,Chile,NA,Arica y Parinacota,226068,103,0,3284,40
2020-07-22,Chile,NA,Arica y Parinacota,226068,59,0,3343,40
2020-07-23,Chile,NA,Arica y Parinacota,226068,132,1,3475,41
2020-07-24,Chile,NA,Arica y Parinacota,226068,144,2,3619,43
2020-07-25,Chile,NA,Arica y Parinacota,226068,100,3,3719,46
2020-07-26,Chile,NA,Arica y Parinacota,226068,135,1,3854,47
2020-07-27,Chile,NA,Arica y Parinacota,226068,77,4,3931,51
2020-07-28,Chile,NA,Arica y Parinacota,226068,121,0,4052,51
2020-07-29,Chile,NA,Arica y Parinacota,226068,99,0,4151,51
2020-07-30,Chile,NA,Arica y Parinacota,226068,99,5,4250,56
2020-07-31,Chile,NA,Arica y Parinacota,226068,85,2,4335,58
2020-08-01,Chile,NA,Arica y Parinacota,226068,106,2,4441,60
2020-08-02,Chile,NA,Arica y Parinacota,226068,75,3,4516,63
2020-08-03,Chile,NA,Arica y Parinacota,226068,59,5,4575,68
2020-08-04,Chile,NA,Arica y Parinacota,226068,78,0,4653,68
2020-08-05,Chile,NA,Arica y Parinacota,226068,64,0,4717,68
2020-08-06,Chile,NA,Arica y Parinacota,226068,98,5,4815,73
2020-08-07,Chile,NA,Arica y Parinacota,226068,86,1,4901,74
2020-08-08,Chile,NA,Arica y Parinacota,226068,77,2,4978,76
2020-08-09,Chile,NA,Arica y Parinacota,226068,150,1,5128,77
2020-08-10,Chile,NA,Arica y Parinacota,226068,103,1,5231,78
2020-08-11,Chile,NA,Arica y Parinacota,226068,93,0,5324,78
2020-08-12,Chile,NA,Arica y Parinacota,226068,117,0,5441,78
2020-08-13,Chile,NA,Arica y Parinacota,226068,61,2,5502,80
2020-08-14,Chile,NA,Arica y Parinacota,226068,83,1,5585,81
2020-08-15,Chile,NA,Arica y Parinacota,226068,97,1,5682,82
2020-08-16,Chile,NA,Arica y Parinacota,226068,87,3,5769,85
2020-08-17,Chile,NA,Arica y Parinacota,226068,68,0,5837,85
2020-08-18,Chile,NA,Arica y Parinacota,226068,51,0,5888,85
2020-08-19,Chile,NA,Arica y Parinacota,226068,36,0,5924,85
2020-08-20,Chile,NA,Arica y Parinacota,226068,69,8,5993,93
2020-08-21,Chile,NA,Arica y Parinacota,226068,79,2,6072,95
2020-08-22,Chile,NA,Arica y Parinacota,226068,84,2,6156,97
2020-08-23,Chile,NA,Arica y Parinacota,226068,43,1,6199,98
2020-08-24,Chile,NA,Arica y Parinacota,226068,80,2,6279,100
2020-08-25,Chile,NA,Arica y Parinacota,226068,39,0,6318,100
2020-08-26,Chile,NA,Arica y Parinacota,226068,45,0,6363,100
2020-08-27,Chile,NA,Arica y Parinacota,226068,44,4,6407,104
2020-08-28,Chile,NA,Arica y Parinacota,226068,63,2,6470,106
2020-08-29,Chile,NA,Arica y Parinacota,226068,56,0,6526,106
2020-08-30,Chile,NA,Arica y Parinacota,226068,61,1,6587,107
2020-08-31,Chile,NA,Arica y Parinacota,226068,67,0,6654,107
2020-05-09,Chile,NA,Atacama,286168,29,0,117,0
2020-05-10,Chile,NA,Atacama,286168,7,0,124,0
2020-05-11,Chile,NA,Atacama,286168,9,0,133,0
2020-05-12,Chile,NA,Atacama,286168,1,0,134,0
2020-05-13,Chile,NA,Atacama,286168,5,0,139,0
2020-05-14,Chile,NA,Atacama,286168,1,0,140,0
2020-05-15,Chile,NA,Atacama,286168,3,0,143,0
2020-05-16,Chile,NA,Atacama,286168,3,0,146,0
2020-05-17,Chile,NA,Atacama,286168,3,0,149,0
2020-05-18,Chile,NA,Atacama,286168,8,0,157,0
2020-05-19,Chile,NA,Atacama,286168,1,0,158,0
2020-05-20,Chile,NA,Atacama,286168,5,0,163,0
2020-05-21,Chile,NA,Atacama,286168,5,0,168,0
2020-05-22,Chile,NA,Atacama,286168,7,0,175,0
2020-05-23,Chile,NA,Atacama,286168,7,0,182,0
2020-05-24,Chile,NA,Atacama,286168,0,0,182,0
2020-05-25,Chile,NA,Atacama,286168,3,0,185,0
2020-05-26,Chile,NA,Atacama,286168,3,0,188,0
2020-05-27,Chile,NA,Atacama,286168,9,0,197,0
2020-05-28,Chile,NA,Atacama,286168,5,0,202,0
2020-05-29,Chile,NA,Atacama,286168,5,0,207,0
2020-05-30,Chile,NA,Atacama,286168,8,0,215,0
2020-05-31,Chile,NA,Atacama,286168,3,0,218,0
2020-06-01,Chile,NA,Atacama,286168,14,0,232,0
2020-06-02,Chile,NA,Atacama,286168,4,0,236,0
2020-06-03,Chile,NA,Atacama,286168,6,0,242,0
2020-06-04,Chile,NA,Atacama,286168,16,0,258,0
2020-06-05,Chile,NA,Atacama,286168,11,0,269,0
2020-06-06,Chile,NA,Atacama,286168,12,0,281,0
2020-06-07,Chile,NA,Atacama,286168,25,0,306,0
2020-06-08,Chile,NA,Atacama,286168,33,0,339,0
2020-06-09,Chile,NA,Atacama,286168,9,0,348,0
2020-06-10,Chile,NA,Atacama,286168,17,0,365,0
2020-06-11,Chile,NA,Atacama,286168,24,0,389,0
2020-06-12,Chile,NA,Atacama,286168,24,0,413,0
2020-06-13,Chile,NA,Atacama,286168,23,0,436,0
2020-06-14,Chile,NA,Atacama,286168,12,0,448,0
2020-06-15,Chile,NA,Atacama,286168,36,0,484,0
2020-06-16,Chile,NA,Atacama,286168,18,0,502,0
2020-06-17,Chile,NA,Atacama,286168,49,0,551,0
2020-06-18,Chile,NA,Atacama,286168,25,0,576,0
2020-06-19,Chile,NA,Atacama,286168,37,0,613,0
2020-06-20,Chile,NA,Atacama,286168,27,1,640,1
2020-06-21,Chile,NA,Atacama,286168,33,1,673,2
2020-06-22,Chile,NA,Atacama,286168,35,0,708,2
2020-06-23,Chile,NA,Atacama,286168,29,0,737,2
2020-06-24,Chile,NA,Atacama,286168,38,0,775,2
2020-06-25,Chile,NA,Atacama,286168,52,0,827,2
2020-06-26,Chile,NA,Atacama,286168,50,0,877,2
2020-06-27,Chile,NA,Atacama,286168,38,0,915,2
2020-06-28,Chile,NA,Atacama,286168,31,0,946,2
2020-06-29,Chile,NA,Atacama,286168,50,0,996,2
2020-06-30,Chile,NA,Atacama,286168,37,0,1033,2
2020-07-01,Chile,NA,Atacama,286168,71,0,1104,2
2020-07-02,Chile,NA,Atacama,286168,21,0,1125,2
2020-07-03,Chile,NA,Atacama,286168,31,1,1156,3
2020-07-04,Chile,NA,Atacama,286168,42,2,1198,5
2020-07-05,Chile,NA,Atacama,286168,45,0,1243,5
2020-07-06,Chile,NA,Atacama,286168,48,0,1291,5
2020-07-07,Chile,NA,Atacama,286168,22,0,1313,5
2020-07-08,Chile,NA,Atacama,286168,34,2,1347,7
2020-07-09,Chile,NA,Atacama,286168,72,0,1419,7
2020-07-10,Chile,NA,Atacama,286168,38,2,1457,9
2020-07-11,Chile,NA,Atacama,286168,55,0,1512,9
2020-07-12,Chile,NA,Atacama,286168,54,0,1566,9
2020-07-13,Chile,NA,Atacama,286168,57,0,1623,9
2020-07-14,Chile,NA,Atacama,286168,41,0,1664,9
2020-07-15,Chile,NA,Atacama,286168,48,1,1712,10
2020-07-16,Chile,NA,Atacama,286168,23,0,1735,10
2020-07-17,Chile,NA,Atacama,286168,2,0,1737,9
2020-07-18,Chile,NA,Atacama,286168,43,0,1780,9
2020-07-19,Chile,NA,Atacama,286168,40,0,1820,9
2020-07-20,Chile,NA,Atacama,286168,38,0,1858,9
2020-07-21,Chile,NA,Atacama,286168,63,0,1921,9
2020-07-22,Chile,NA,Atacama,286168,31,0,1952,9
2020-07-23,Chile,NA,Atacama,286168,61,0,2013,9
2020-07-24,Chile,NA,Atacama,286168,61,1,2074,10
2020-07-25,Chile,NA,Atacama,286168,74,0,2148,10
2020-07-26,Chile,NA,Atacama,286168,156,2,2304,12
2020-07-27,Chile,NA,Atacama,286168,14,0,2318,12
2020-07-28,Chile,NA,Atacama,286168,48,0,2366,12
2020-07-29,Chile,NA,Atacama,286168,62,0,2428,12
2020-07-30,Chile,NA,Atacama,286168,114,0,2542,12
2020-07-31,Chile,NA,Atacama,286168,117,0,2659,12
2020-08-01,Chile,NA,Atacama,286168,95,0,2754,12
2020-08-02,Chile,NA,Atacama,286168,99,1,2853,13
2020-08-03,Chile,NA,Atacama,286168,133,0,2986,13
2020-08-04,Chile,NA,Atacama,286168,34,1,3020,14
2020-08-05,Chile,NA,Atacama,286168,167,0,3187,14
2020-08-06,Chile,NA,Atacama,286168,60,2,3247,16
2020-08-07,Chile,NA,Atacama,286168,129,3,3376,19
2020-08-08,Chile,NA,Atacama,286168,138,0,3514,19
2020-08-09,Chile,NA,Atacama,286168,13,0,3527,19
2020-08-10,Chile,NA,Atacama,286168,304,2,3831,21
2020-08-11,Chile,NA,Atacama,286168,130,0,3961,21
2020-08-12,Chile,NA,Atacama,286168,110,0,4071,21
2020-08-13,Chile,NA,Atacama,286168,87,2,4158,23
2020-08-14,Chile,NA,Atacama,286168,117,1,4275,24
2020-08-15,Chile,NA,Atacama,286168,125,2,4400,26
2020-08-16,Chile,NA,Atacama,286168,133,3,4533,29
2020-08-17,Chile,NA,Atacama,286168,111,0,4644,29
2020-08-18,Chile,NA,Atacama,286168,127,0,4771,29
2020-08-19,Chile,NA,Atacama,286168,63,0,4834,29
2020-08-20,Chile,NA,Atacama,286168,43,7,4877,36
2020-08-21,Chile,NA,Atacama,286168,70,1,4947,37
2020-08-22,Chile,NA,Atacama,286168,102,2,5049,39
2020-08-23,Chile,NA,Atacama,286168,67,1,5116,40
2020-08-24,Chile,NA,Atacama,286168,103,0,5219,40
2020-08-25,Chile,NA,Atacama,286168,89,0,5308,40
2020-08-26,Chile,NA,Atacama,286168,28,0,5336,40
2020-08-27,Chile,NA,Atacama,286168,38,6,5374,46
2020-08-28,Chile,NA,Atacama,286168,67,0,5441,46
2020-08-29,Chile,NA,Atacama,286168,76,0,5517,46
2020-08-30,Chile,NA,Atacama,286168,69,0,5586,46
2020-08-31,Chile,NA,Atacama,286168,45,1,5631,47
2020-08-22,Chile,NA,Aysen,103158,2,0,101,1
2020-08-23,Chile,NA,Aysen,103158,0,0,101,1
2020-08-24,Chile,NA,Aysen,103158,1,0,102,1
2020-08-25,Chile,NA,Aysen,103158,4,0,106,1
2020-08-26,Chile,NA,Aysen,103158,4,0,110,1
2020-08-27,Chile,NA,Aysen,103158,0,0,110,1
2020-08-28,Chile,NA,Aysen,103158,4,0,114,1
2020-08-29,Chile,NA,Aysen,103158,9,0,123,1
2020-08-30,Chile,NA,Aysen,103158,0,0,123,1
2020-08-31,Chile,NA,Aysen,103158,1,0,124,1
2020-03-26,Chile,NA,Biobio,1556805,14,0,109,1
2020-03-27,Chile,NA,Biobio,1556805,26,1,135,2
2020-03-28,Chile,NA,Biobio,1556805,16,0,151,2
2020-03-29,Chile,NA,Biobio,1556805,34,0,185,2
2020-03-30,Chile,NA,Biobio,1556805,16,0,201,2
2020-03-31,Chile,NA,Biobio,1556805,15,0,216,2
2020-04-01,Chile,NA,Biobio,1556805,24,0,240,2
2020-04-02,Chile,NA,Biobio,1556805,35,0,275,2
2020-04-03,Chile,NA,Biobio,1556805,27,0,302,2
2020-04-04,Chile,NA,Biobio,1556805,45,0,347,2
2020-04-05,Chile,NA,Biobio,1556805,18,0,365,2
2020-04-06,Chile,NA,Biobio,1556805,18,0,383,2
2020-04-07,Chile,NA,Biobio,1556805,27,0,410,2
2020-04-08,Chile,NA,Biobio,1556805,29,0,439,2
2020-04-09,Chile,NA,Biobio,1556805,21,0,460,2
2020-04-10,Chile,NA,Biobio,1556805,14,0,474,2
2020-04-11,Chile,NA,Biobio,1556805,16,0,490,2
2020-04-12,Chile,NA,Biobio,1556805,10,0,500,2
2020-04-13,Chile,NA,Biobio,1556805,12,0,512,2
2020-04-14,Chile,NA,Biobio,1556805,16,0,528,2
2020-04-15,Chile,NA,Biobio,1556805,14,0,542,2
2020-04-16,Chile,NA,Biobio,1556805,17,0,559,2
2020-04-17,Chile,NA,Biobio,1556805,19,1,578,3
2020-04-18,Chile,NA,Biobio,1556805,28,0,606,3
2020-04-19,Chile,NA,Biobio,1556805,10,0,616,3
2020-04-20,Chile,NA,Biobio,1556805,10,0,626,3
2020-04-21,Chile,NA,Biobio,1556805,10,1,636,4
2020-04-22,Chile,NA,Biobio,1556805,22,1,658,5
2020-04-23,Chile,NA,Biobio,1556805,17,0,675,5
2020-04-24,Chile,NA,Biobio,1556805,8,0,683,5
2020-04-25,Chile,NA,Biobio,1556805,13,0,696,5
2020-04-26,Chile,NA,Biobio,1556805,7,1,703,6
2020-04-27,Chile,NA,Biobio,1556805,3,0,706,6
2020-04-28,Chile,NA,Biobio,1556805,3,1,709,7
2020-04-29,Chile,NA,Biobio,1556805,10,0,719,7
2020-04-30,Chile,NA,Biobio,1556805,8,0,727,7
2020-05-01,Chile,NA,Biobio,1556805,2,0,729,7
2020-05-02,Chile,NA,Biobio,1556805,22,0,751,7
2020-05-03,Chile,NA,Biobio,1556805,8,0,759,7
2020-05-04,Chile,NA,Biobio,1556805,3,1,762,8
2020-05-05,Chile,NA,Biobio,1556805,12,0,774,8
2020-05-06,Chile,NA,Biobio,1556805,15,0,789,8
2020-05-07,Chile,NA,Biobio,1556805,25,0,814,8
2020-05-08,Chile,NA,Biobio,1556805,28,0,842,8
2020-05-09,Chile,NA,Biobio,1556805,40,0,882,8
2020-05-10,Chile,NA,Biobio,1556805,17,0,899,8
2020-05-11,Chile,NA,Biobio,1556805,33,0,932,8
2020-05-12,Chile,NA,Biobio,1556805,10,1,942,9
2020-05-13,Chile,NA,Biobio,1556805,33,0,975,9
2020-05-14,Chile,NA,Biobio,1556805,20,0,995,9
2020-05-15,Chile,NA,Biobio,1556805,41,0,1036,9
2020-05-16,Chile,NA,Biobio,1556805,38,0,1074,9
2020-05-17,Chile,NA,Biobio,1556805,25,0,1099,9
2020-05-18,Chile,NA,Biobio,1556805,45,0,1144,9
2020-05-19,Chile,NA,Biobio,1556805,28,0,1172,9
2020-05-20,Chile,NA,Biobio,1556805,52,0,1224,9
2020-05-21,Chile,NA,Biobio,1556805,39,0,1263,9
2020-05-22,Chile,NA,Biobio,1556805,48,1,1311,10
2020-05-23,Chile,NA,Biobio,1556805,43,0,1354,10
2020-05-24,Chile,NA,Biobio,1556805,60,0,1414,10
2020-05-25,Chile,NA,Biobio,1556805,44,0,1458,10
2020-05-26,Chile,NA,Biobio,1556805,44,0,1502,10
2020-05-27,Chile,NA,Biobio,1556805,63,0,1565,10
2020-05-28,Chile,NA,Biobio,1556805,112,0,1677,10
2020-05-29,Chile,NA,Biobio,1556805,101,1,1778,11
2020-05-30,Chile,NA,Biobio,1556805,110,0,1888,11
2020-05-31,Chile,NA,Biobio,1556805,91,0,1979,11
2020-06-01,Chile,NA,Biobio,1556805,91,0,2070,11
2020-06-02,Chile,NA,Biobio,1556805,12,0,2082,11
2020-06-03,Chile,NA,Biobio,1556805,133,0,2215,11
2020-06-04,Chile,NA,Biobio,1556805,86,2,2301,13
2020-06-05,Chile,NA,Biobio,1556805,78,0,2379,13
2020-06-06,Chile,NA,Biobio,1556805,111,0,2490,13
2020-06-07,Chile,NA,Biobio,1556805,105,0,2595,11
2020-06-08,Chile,NA,Biobio,1556805,56,0,2651,11
2020-06-09,Chile,NA,Biobio,1556805,43,0,2694,11
2020-06-10,Chile,NA,Biobio,1556805,152,0,2846,11
2020-06-11,Chile,NA,Biobio,1556805,128,1,2974,12
2020-06-12,Chile,NA,Biobio,1556805,129,2,3103,14
2020-06-13,Chile,NA,Biobio,1556805,166,2,3269,16
2020-06-14,Chile,NA,Biobio,1556805,132,2,3401,18
2020-06-15,Chile,NA,Biobio,1556805,59,1,3460,19
2020-06-16,Chile,NA,Biobio,1556805,55,0,3515,19
2020-06-17,Chile,NA,Biobio,1556805,171,6,3686,25
2020-06-18,Chile,NA,Biobio,1556805,168,3,3854,28
2020-06-19,Chile,NA,Biobio,1556805,218,3,4072,31
2020-06-20,Chile,NA,Biobio,1556805,257,1,4329,32
2020-06-21,Chile,NA,Biobio,1556805,253,2,4582,34
2020-06-22,Chile,NA,Biobio,1556805,247,1,4829,35
2020-06-23,Chile,NA,Biobio,1556805,170,0,4999,35
2020-06-24,Chile,NA,Biobio,1556805,136,5,5135,40
2020-06-25,Chile,NA,Biobio,1556805,238,2,5373,42
2020-06-26,Chile,NA,Biobio,1556805,256,3,5629,45
2020-06-27,Chile,NA,Biobio,1556805,181,1,5810,46
2020-06-28,Chile,NA,Biobio,1556805,259,4,6069,50
2020-06-29,Chile,NA,Biobio,1556805,197,0,6266,50
2020-06-30,Chile,NA,Biobio,1556805,102,0,6368,50
2020-07-01,Chile,NA,Biobio,1556805,148,0,6516,50
2020-07-02,Chile,NA,Biobio,1556805,106,8,6622,58
2020-07-03,Chile,NA,Biobio,1556805,180,1,6802,59
2020-07-04,Chile,NA,Biobio,1556805,131,2,6933,61
2020-07-05,Chile,NA,Biobio,1556805,194,3,7127,64
2020-07-06,Chile,NA,Biobio,1556805,155,0,7282,64
2020-07-07,Chile,NA,Biobio,1556805,102,0,7384,64
2020-07-08,Chile,NA,Biobio,1556805,103,1,7487,65
2020-07-09,Chile,NA,Biobio,1556805,164,2,7651,67
2020-07-10,Chile,NA,Biobio,1556805,171,1,7822,68
2020-07-11,Chile,NA,Biobio,1556805,144,4,7966,72
2020-07-12,Chile,NA,Biobio,1556805,164,1,8130,73
2020-07-13,Chile,NA,Biobio,1556805,130,0,8260,73
2020-07-14,Chile,NA,Biobio,1556805,91,2,8351,75
2020-07-15,Chile,NA,Biobio,1556805,112,5,8463,80
2020-07-16,Chile,NA,Biobio,1556805,188,2,8651,82
2020-07-17,Chile,NA,Biobio,1556805,156,13,8807,95
2020-07-18,Chile,NA,Biobio,1556805,150,0,8957,95
2020-07-19,Chile,NA,Biobio,1556805,141,1,9098,96
2020-07-20,Chile,NA,Biobio,1556805,148,3,9246,99
2020-07-21,Chile,NA,Biobio,1556805,105,1,9351,100
2020-07-22,Chile,NA,Biobio,1556805,116,2,9467,102
2020-07-23,Chile,NA,Biobio,1556805,170,1,9637,103
2020-07-24,Chile,NA,Biobio,1556805,181,0,9818,103
2020-07-25,Chile,NA,Biobio,1556805,183,1,10001,104
2020-07-26,Chile,NA,Biobio,1556805,182,1,10183,105
2020-07-27,Chile,NA,Biobio,1556805,145,1,10328,106
2020-07-28,Chile,NA,Biobio,1556805,139,1,10467,107
2020-07-29,Chile,NA,Biobio,1556805,143,4,10610,111
2020-07-30,Chile,NA,Biobio,1556805,153,3,10763,114
2020-07-31,Chile,NA,Biobio,1556805,177,5,10940,119
2020-08-01,Chile,NA,Biobio,1556805,174,1,11114,120
2020-08-02,Chile,NA,Biobio,1556805,182,0,11296,120
2020-08-03,Chile,NA,Biobio,1556805,145,4,11441,124
2020-08-04,Chile,NA,Biobio,1556805,121,1,11562,125
2020-08-05,Chile,NA,Biobio,1556805,152,2,11714,127
2020-08-06,Chile,NA,Biobio,1556805,179,4,11893,131
2020-08-07,Chile,NA,Biobio,1556805,227,1,12120,132
2020-08-08,Chile,NA,Biobio,1556805,175,3,12295,135
2020-08-09,Chile,NA,Biobio,1556805,211,4,12506,139
2020-08-10,Chile,NA,Biobio,1556805,130,1,12636,140
2020-08-11,Chile,NA,Biobio,1556805,153,3,12789,143
2020-08-12,Chile,NA,Biobio,1556805,87,2,12876,145
2020-08-13,Chile,NA,Biobio,1556805,222,7,13098,152
2020-08-14,Chile,NA,Biobio,1556805,200,2,13298,154
2020-08-15,Chile,NA,Biobio,1556805,158,2,13456,156
2020-08-16,Chile,NA,Biobio,1556805,209,1,13665,157
2020-08-17,Chile,NA,Biobio,1556805,197,3,13862,160
2020-08-18,Chile,NA,Biobio,1556805,115,1,13977,161
2020-08-19,Chile,NA,Biobio,1556805,136,3,14113,164
2020-08-20,Chile,NA,Biobio,1556805,249,4,14362,168
2020-08-21,Chile,NA,Biobio,1556805,246,2,14608,170
2020-08-22,Chile,NA,Biobio,1556805,218,2,14826,172
2020-08-23,Chile,NA,Biobio,1556805,282,8,15108,180
2020-08-24,Chile,NA,Biobio,1556805,260,8,15368,188
2020-08-25,Chile,NA,Biobio,1556805,148,2,15516,190
2020-08-26,Chile,NA,Biobio,1556805,140,1,15656,191
2020-08-27,Chile,NA,Biobio,1556805,335,8,15991,199
2020-08-28,Chile,NA,Biobio,1556805,253,2,16244,201
2020-08-29,Chile,NA,Biobio,1556805,359,3,16603,204
2020-08-30,Chile,NA,Biobio,1556805,225,2,16828,206
2020-08-31,Chile,NA,Biobio,1556805,260,5,17088,211
2020-05-08,Chile,NA,Coquimbo,757586,11,0,111,0
2020-05-09,Chile,NA,Coquimbo,757586,18,0,129,0
2020-05-10,Chile,NA,Coquimbo,757586,6,1,135,1
2020-05-11,Chile,NA,Coquimbo,757586,5,0,140,1
2020-05-12,Chile,NA,Coquimbo,757586,8,0,148,1
2020-05-13,Chile,NA,Coquimbo,757586,5,0,153,1
2020-05-14,Chile,NA,Coquimbo,757586,12,0,165,1
2020-05-15,Chile,NA,Coquimbo,757586,15,0,180,1
2020-05-16,Chile,NA,Coquimbo,757586,7,1,187,2
2020-05-17,Chile,NA,Coquimbo,757586,7,0,194,2
2020-05-18,Chile,NA,Coquimbo,757586,18,0,212,2
2020-05-19,Chile,NA,Coquimbo,757586,27,0,239,2
2020-05-20,Chile,NA,Coquimbo,757586,24,0,263,2
2020-05-21,Chile,NA,Coquimbo,757586,5,0,268,2
2020-05-22,Chile,NA,Coquimbo,757586,13,0,281,2
2020-05-23,Chile,NA,Coquimbo,757586,13,0,294,2
2020-05-24,Chile,NA,Coquimbo,757586,29,0,323,2
2020-05-25,Chile,NA,Coquimbo,757586,15,0,338,2
2020-05-26,Chile,NA,Coquimbo,757586,46,0,384,2
2020-05-27,Chile,NA,Coquimbo,757586,71,0,455,2
2020-05-28,Chile,NA,Coquimbo,757586,27,0,482,2
2020-05-29,Chile,NA,Coquimbo,757586,55,0,537,2
2020-05-30,Chile,NA,Coquimbo,757586,60,0,597,2
2020-05-31,Chile,NA,Coquimbo,757586,31,0,628,2
2020-06-01,Chile,NA,Coquimbo,757586,40,0,668,2
2020-06-02,Chile,NA,Coquimbo,757586,19,0,687,2
2020-06-03,Chile,NA,Coquimbo,757586,31,2,718,4
2020-06-04,Chile,NA,Coquimbo,757586,54,0,772,4
2020-06-05,Chile,NA,Coquimbo,757586,60,1,832,5
2020-06-06,Chile,NA,Coquimbo,757586,66,0,898,5
2020-06-07,Chile,NA,Coquimbo,757586,92,0,990,4
2020-06-08,Chile,NA,Coquimbo,757586,133,1,1123,5
2020-06-09,Chile,NA,Coquimbo,757586,52,0,1175,5
2020-06-10,Chile,NA,Coquimbo,757586,81,1,1256,6
2020-06-11,Chile,NA,Coquimbo,757586,89,1,1345,7
2020-06-12,Chile,NA,Coquimbo,757586,93,0,1438,7
2020-06-13,Chile,NA,Coquimbo,757586,74,1,1512,8
2020-06-14,Chile,NA,Coquimbo,757586,44,2,1556,10
2020-06-15,Chile,NA,Coquimbo,757586,120,0,1676,10
2020-06-16,Chile,NA,Coquimbo,757586,44,0,1720,10
2020-06-17,Chile,NA,Coquimbo,757586,87,2,1807,12
2020-06-18,Chile,NA,Coquimbo,757586,96,3,1903,15
2020-06-19,Chile,NA,Coquimbo,757586,119,1,2022,16
2020-06-20,Chile,NA,Coquimbo,757586,78,0,2100,16
2020-06-21,Chile,NA,Coquimbo,757586,86,1,2186,17
2020-06-22,Chile,NA,Coquimbo,757586,69,0,2255,17
2020-06-23,Chile,NA,Coquimbo,757586,57,0,2312,17
2020-06-24,Chile,NA,Coquimbo,757586,54,1,2366,18
2020-06-25,Chile,NA,Coquimbo,757586,98,4,2464,22
2020-06-26,Chile,NA,Coquimbo,757586,69,1,2533,23
2020-06-27,Chile,NA,Coquimbo,757586,75,0,2608,23
2020-06-28,Chile,NA,Coquimbo,757586,76,0,2684,23
2020-06-29,Chile,NA,Coquimbo,757586,104,0,2788,23
2020-06-30,Chile,NA,Coquimbo,757586,89,0,2877,23
2020-07-01,Chile,NA,Coquimbo,757586,69,0,2946,23
2020-07-02,Chile,NA,Coquimbo,757586,51,1,2997,24
2020-07-03,Chile,NA,Coquimbo,757586,54,0,3051,24
2020-07-04,Chile,NA,Coquimbo,757586,109,2,3160,26
2020-07-05,Chile,NA,Coquimbo,757586,101,0,3261,26
2020-07-06,Chile,NA,Coquimbo,757586,111,0,3372,26
2020-07-07,Chile,NA,Coquimbo,757586,76,0,3448,26
2020-07-08,Chile,NA,Coquimbo,757586,67,1,3515,27
2020-07-09,Chile,NA,Coquimbo,757586,91,2,3606,29
2020-07-10,Chile,NA,Coquimbo,757586,139,0,3745,29
2020-07-11,Chile,NA,Coquimbo,757586,108,2,3853,31
2020-07-12,Chile,NA,Coquimbo,757586,77,2,3930,33
2020-07-13,Chile,NA,Coquimbo,757586,63,0,3993,33
2020-07-14,Chile,NA,Coquimbo,757586,13,0,4006,33
2020-07-15,Chile,NA,Coquimbo,757586,98,9,4104,42
2020-07-16,Chile,NA,Coquimbo,757586,74,0,4178,42
2020-07-17,Chile,NA,Coquimbo,757586,125,7,4303,49
2020-07-18,Chile,NA,Coquimbo,757586,87,3,4390,52
2020-07-19,Chile,NA,Coquimbo,757586,158,1,4548,53
2020-07-20,Chile,NA,Coquimbo,757586,126,1,4674,54
2020-07-21,Chile,NA,Coquimbo,757586,71,0,4745,54
2020-07-22,Chile,NA,Coquimbo,757586,68,0,4813,54
2020-07-23,Chile,NA,Coquimbo,757586,145,5,4958,59
2020-07-24,Chile,NA,Coquimbo,757586,152,1,5110,60
2020-07-25,Chile,NA,Coquimbo,757586,161,2,5271,62
2020-07-26,Chile,NA,Coquimbo,757586,161,0,5432,62
2020-07-27,Chile,NA,Coquimbo,757586,124,1,5556,63
2020-07-28,Chile,NA,Coquimbo,757586,105,0,5661,63
2020-07-29,Chile,NA,Coquimbo,757586,141,0,5802,63
2020-07-30,Chile,NA,Coquimbo,757586,104,3,5906,66
2020-07-31,Chile,NA,Coquimbo,757586,173,3,6079,69
2020-08-01,Chile,NA,Coquimbo,757586,88,5,6167,74
2020-08-02,Chile,NA,Coquimbo,757586,128,0,6295,74
2020-08-03,Chile,NA,Coquimbo,757586,82,1,6377,75
2020-08-04,Chile,NA,Coquimbo,757586,108,0,6485,75
2020-08-05,Chile,NA,Coquimbo,757586,81,1,6566,76
2020-08-06,Chile,NA,Coquimbo,757586,129,4,6695,80
2020-08-07,Chile,NA,Coquimbo,757586,114,1,6809,81
2020-08-08,Chile,NA,Coquimbo,757586,95,2,6904,83
2020-08-09,Chile,NA,Coquimbo,757586,146,1,7050,84
2020-08-10,Chile,NA,Coquimbo,757586,134,2,7184,86
2020-08-11,Chile,NA,Coquimbo,757586,101,3,7285,89
2020-08-12,Chile,NA,Coquimbo,757586,81,0,7366,89
2020-08-13,Chile,NA,Coquimbo,757586,146,4,7512,93
2020-08-14,Chile,NA,Coquimbo,757586,111,1,7623,94
2020-08-15,Chile,NA,Coquimbo,757586,175,1,7798,95
2020-08-16,Chile,NA,Coquimbo,757586,148,3,7946,98
2020-08-17,Chile,NA,Coquimbo,757586,101,2,8047,100
2020-08-18,Chile,NA,Coquimbo,757586,119,1,8166,101
2020-08-19,Chile,NA,Coquimbo,757586,94,0,8260,101
2020-08-20,Chile,NA,Coquimbo,757586,109,5,8369,106
2020-08-21,Chile,NA,Coquimbo,757586,105,3,8474,109
2020-08-22,Chile,NA,Coquimbo,757586,157,3,8631,112
2020-08-23,Chile,NA,Coquimbo,757586,197,4,8828,116
2020-08-24,Chile,NA,Coquimbo,757586,132,3,8960,119
2020-08-25,Chile,NA,Coquimbo,757586,98,0,9058,119
2020-08-26,Chile,NA,Coquimbo,757586,121,0,9179,119
2020-08-27,Chile,NA,Coquimbo,757586,100,6,9279,125
2020-08-28,Chile,NA,Coquimbo,757586,129,1,9408,126
2020-08-29,Chile,NA,Coquimbo,757586,58,4,9466,130
2020-08-30,Chile,NA,Coquimbo,757586,80,3,9546,133
2020-08-31,Chile,NA,Coquimbo,757586,132,3,9678,136
2020-03-29,Chile,NA,Los Lagos,828708,11,0,104,0
2020-03-30,Chile,NA,Los Lagos,828708,24,0,128,0
2020-03-31,Chile,NA,Los Lagos,828708,23,0,151,0
2020-04-01,Chile,NA,Los Lagos,828708,30,0,181,0
2020-04-02,Chile,NA,Los Lagos,828708,22,0,203,0
2020-04-03,Chile,NA,Los Lagos,828708,31,0,234,0
2020-04-04,Chile,NA,Los Lagos,828708,25,0,259,0
2020-04-05,Chile,NA,Los Lagos,828708,17,1,276,1
2020-04-06,Chile,NA,Los Lagos,828708,10,1,286,2
2020-04-07,Chile,NA,Los Lagos,828708,13,0,299,2
2020-04-08,Chile,NA,Los Lagos,828708,26,0,325,2
2020-04-09,Chile,NA,Los Lagos,828708,15,0,340,2
2020-04-10,Chile,NA,Los Lagos,828708,9,0,349,2
2020-04-11,Chile,NA,Los Lagos,828708,15,3,364,5
2020-04-12,Chile,NA,Los Lagos,828708,8,0,372,5
2020-04-13,Chile,NA,Los Lagos,828708,8,0,380,5
2020-04-14,Chile,NA,Los Lagos,828708,5,0,385,5
2020-04-15,Chile,NA,Los Lagos,828708,5,0,390,5
2020-04-16,Chile,NA,Los Lagos,828708,9,0,399,5
2020-04-17,Chile,NA,Los Lagos,828708,13,1,412,6
2020-04-18,Chile,NA,Los Lagos,828708,4,0,416,6
2020-04-19,Chile,NA,Los Lagos,828708,5,0,421,6
2020-04-20,Chile,NA,Los Lagos,828708,3,0,424,6
2020-04-21,Chile,NA,Los Lagos,828708,8,0,432,6
2020-04-22,Chile,NA,Los Lagos,828708,13,0,445,6
2020-04-23,Chile,NA,Los Lagos,828708,9,1,454,7
2020-04-24,Chile,NA,Los Lagos,828708,6,1,460,8
2020-04-25,Chile,NA,Los Lagos,828708,5,0,465,8
2020-04-26,Chile,NA,Los Lagos,828708,8,0,473,8
2020-04-27,Chile,NA,Los Lagos,828708,4,0,477,8
2020-04-28,Chile,NA,Los Lagos,828708,0,1,477,9
2020-04-29,Chile,NA,Los Lagos,828708,4,0,481,9
2020-04-30,Chile,NA,Los Lagos,828708,6,1,487,10
2020-05-01,Chile,NA,Los Lagos,828708,14,0,501,10
2020-05-02,Chile,NA,Los Lagos,828708,12,0,513,10
2020-05-03,Chile,NA,Los Lagos,828708,4,0,517,10
2020-05-04,Chile,NA,Los Lagos,828708,7,0,524,10
2020-05-05,Chile,NA,Los Lagos,828708,1,0,525,10
2020-05-06,Chile,NA,Los Lagos,828708,16,0,541,10
2020-05-07,Chile,NA,Los Lagos,828708,4,0,545,10
2020-05-08,Chile,NA,Los Lagos,828708,3,0,548,10
2020-05-09,Chile,NA,Los Lagos,828708,11,0,559,10
2020-05-10,Chile,NA,Los Lagos,828708,16,0,575,10
2020-05-11,Chile,NA,Los Lagos,828708,17,0,592,10
2020-05-12,Chile,NA,Los Lagos,828708,2,1,594,11
2020-05-13,Chile,NA,Los Lagos,828708,34,0,628,11
2020-05-14,Chile,NA,Los Lagos,828708,5,0,633,11
2020-05-15,Chile,NA,Los Lagos,828708,8,0,641,11
2020-05-16,Chile,NA,Los Lagos,828708,3,0,644,11
2020-05-17,Chile,NA,Los Lagos,828708,3,0,647,11
2020-05-18,Chile,NA,Los Lagos,828708,5,0,652,11
2020-05-19,Chile,NA,Los Lagos,828708,4,1,656,12
2020-05-20,Chile,NA,Los Lagos,828708,10,0,666,12
2020-05-21,Chile,NA,Los Lagos,828708,27,1,693,13
2020-05-22,Chile,NA,Los Lagos,828708,24,0,717,13
2020-05-23,Chile,NA,Los Lagos,828708,10,0,727,13
2020-05-24,Chile,NA,Los Lagos,828708,9,0,736,13
2020-05-25,Chile,NA,Los Lagos,828708,27,0,763,13
2020-05-26,Chile,NA,Los Lagos,828708,18,0,781,13
2020-05-27,Chile,NA,Los Lagos,828708,10,0,791,13
2020-05-28,Chile,NA,Los Lagos,828708,23,0,814,13
2020-05-29,Chile,NA,Los Lagos,828708,8,0,822,13
2020-05-30,Chile,NA,Los Lagos,828708,38,0,860,13
2020-05-31,Chile,NA,Los Lagos,828708,3,0,863,13
2020-06-01,Chile,NA,Los Lagos,828708,0,0,863,13
2020-06-02,Chile,NA,Los Lagos,828708,31,0,894,13
2020-06-03,Chile,NA,Los Lagos,828708,19,0,913,13
2020-06-04,Chile,NA,Los Lagos,828708,13,0,926,13
2020-06-05,Chile,NA,Los Lagos,828708,42,0,968,13
2020-06-06,Chile,NA,Los Lagos,828708,17,0,985,13
2020-06-07,Chile,NA,Los Lagos,828708,18,0,1003,12
2020-06-08,Chile,NA,Los Lagos,828708,7,0,1010,12
2020-06-09,Chile,NA,Los Lagos,828708,18,0,1028,12
2020-06-10,Chile,NA,Los Lagos,828708,13,0,1041,12
2020-06-11,Chile,NA,Los Lagos,828708,21,0,1062,12
2020-06-12,Chile,NA,Los Lagos,828708,21,0,1083,12
2020-06-13,Chile,NA,Los Lagos,828708,25,1,1108,13
2020-06-14,Chile,NA,Los Lagos,828708,33,0,1141,13
2020-06-15,Chile,NA,Los Lagos,828708,27,0,1168,13
2020-06-16,Chile,NA,Los Lagos,828708,10,0,1178,13
2020-06-17,Chile,NA,Los Lagos,828708,39,1,1217,14
2020-06-18,Chile,NA,Los Lagos,828708,14,0,1231,14
2020-06-19,Chile,NA,Los Lagos,828708,35,0,1266,14
2020-06-20,Chile,NA,Los Lagos,828708,37,1,1303,15
2020-06-21,Chile,NA,Los Lagos,828708,50,2,1353,17
2020-06-22,Chile,NA,Los Lagos,828708,52,0,1405,17
2020-06-23,Chile,NA,Los Lagos,828708,29,0,1434,17
2020-06-24,Chile,NA,Los Lagos,828708,17,1,1451,18
2020-06-25,Chile,NA,Los Lagos,828708,22,1,1473,19
2020-06-26,Chile,NA,Los Lagos,828708,36,1,1509,20
2020-06-27,Chile,NA,Los Lagos,828708,32,0,1541,20
2020-06-28,Chile,NA,Los Lagos,828708,36,1,1577,21
2020-06-29,Chile,NA,Los Lagos,828708,33,0,1610,21
2020-06-30,Chile,NA,Los Lagos,828708,14,0,1624,21
2020-07-01,Chile,NA,Los Lagos,828708,28,0,1652,21
2020-07-02,Chile,NA,Los Lagos,828708,50,0,1702,21
2020-07-03,Chile,NA,Los Lagos,828708,72,0,1774,21
2020-07-04,Chile,NA,Los Lagos,828708,50,0,1824,21
2020-07-05,Chile,NA,Los Lagos,828708,74,0,1898,21
2020-07-06,Chile,NA,Los Lagos,828708,26,0,1924,21
2020-07-07,Chile,NA,Los Lagos,828708,22,0,1946,21
2020-07-08,Chile,NA,Los Lagos,828708,69,0,2015,21
2020-07-09,Chile,NA,Los Lagos,828708,52,1,2067,22
2020-07-10,Chile,NA,Los Lagos,828708,47,0,2114,22
2020-07-11,Chile,NA,Los Lagos,828708,76,0,2190,22
2020-07-12,Chile,NA,Los Lagos,828708,64,1,2254,23
2020-07-13,Chile,NA,Los Lagos,828708,45,0,2299,23
2020-07-14,Chile,NA,Los Lagos,828708,71,0,2370,23
2020-07-15,Chile,NA,Los Lagos,828708,54,1,2424,24
2020-07-16,Chile,NA,Los Lagos,828708,65,1,2489,25
2020-07-17,Chile,NA,Los Lagos,828708,65,5,2554,30
2020-07-18,Chile,NA,Los Lagos,828708,23,2,2577,32
2020-07-19,Chile,NA,Los Lagos,828708,100,0,2677,32
2020-07-20,Chile,NA,Los Lagos,828708,23,0,2700,32
2020-07-21,Chile,NA,Los Lagos,828708,74,0,2774,32
2020-07-22,Chile,NA,Los Lagos,828708,73,0,2847,32
2020-07-23,Chile,NA,Los Lagos,828708,75,1,2922,33
2020-07-24,Chile,NA,Los Lagos,828708,115,0,3037,33
2020-07-25,Chile,NA,Los Lagos,828708,131,0,3168,33
2020-07-26,Chile,NA,Los Lagos,828708,142,1,3310,34
2020-07-27,Chile,NA,Los Lagos,828708,122,0,3432,34
2020-07-28,Chile,NA,Los Lagos,828708,111,0,3543,34
2020-07-29,Chile,NA,Los Lagos,828708,67,0,3610,34
2020-07-30,Chile,NA,Los Lagos,828708,83,2,3693,36
2020-07-31,Chile,NA,Los Lagos,828708,122,3,3815,39
2020-08-01,Chile,NA,Los Lagos,828708,142,2,3957,41
2020-08-02,Chile,NA,Los Lagos,828708,132,1,4089,42
2020-08-03,Chile,NA,Los Lagos,828708,62,0,4151,42
2020-08-04,Chile,NA,Los Lagos,828708,123,1,4274,43
2020-08-05,Chile,NA,Los Lagos,828708,92,0,4366,43
2020-08-06,Chile,NA,Los Lagos,828708,96,6,4462,49
2020-08-07,Chile,NA,Los Lagos,828708,137,2,4599,51
2020-08-08,Chile,NA,Los Lagos,828708,114,1,4713,52
2020-08-09,Chile,NA,Los Lagos,828708,128,2,4841,54
2020-08-10,Chile,NA,Los Lagos,828708,72,0,4913,54
2020-08-11,Chile,NA,Los Lagos,828708,49,0,4962,54
2020-08-12,Chile,NA,Los Lagos,828708,95,0,5057,54
2020-08-13,Chile,NA,Los Lagos,828708,75,0,5132,54
2020-08-14,Chile,NA,Los Lagos,828708,102,2,5234,56
2020-08-15,Chile,NA,Los Lagos,828708,90,0,5324,56
2020-08-16,Chile,NA,Los Lagos,828708,123,0,5447,56
2020-08-17,Chile,NA,Los Lagos,828708,48,1,5495,57
2020-08-18,Chile,NA,Los Lagos,828708,64,0,5559,57
2020-08-19,Chile,NA,Los Lagos,828708,57,0,5616,57
2020-08-20,Chile,NA,Los Lagos,828708,98,3,5714,60
2020-08-21,Chile,NA,Los Lagos,828708,84,1,5798,61
2020-08-22,Chile,NA,Los Lagos,828708,70,2,5868,63
2020-08-23,Chile,NA,Los Lagos,828708,98,0,5966,63
2020-08-24,Chile,NA,Los Lagos,828708,56,3,6022,66
2020-08-25,Chile,NA,Los Lagos,828708,38,0,6060,66
2020-08-26,Chile,NA,Los Lagos,828708,64,0,6124,66
2020-08-27,Chile,NA,Los Lagos,828708,49,0,6173,66
2020-08-28,Chile,NA,Los Lagos,828708,108,0,6281,66
2020-08-29,Chile,NA,Los Lagos,828708,69,1,6350,67
2020-08-30,Chile,NA,Los Lagos,828708,109,0,6459,67
2020-08-31,Chile,NA,Los Lagos,828708,51,1,6510,68
2020-04-06,Chile,NA,Los Rios,384837,5,0,104,1
2020-04-07,Chile,NA,Los Rios,384837,5,1,109,2
2020-04-08,Chile,NA,Los Rios,384837,5,0,114,2
2020-04-09,Chile,NA,Los Rios,384837,4,0,118,2
2020-04-10,Chile,NA,Los Rios,384837,6,0,124,2
2020-04-11,Chile,NA,Los Rios,384837,6,0,130,2
2020-04-12,Chile,NA,Los Rios,384837,5,1,135,3
2020-04-13,Chile,NA,Los Rios,384837,3,0,138,3
2020-04-14,Chile,NA,Los Rios,384837,10,0,148,3
2020-04-15,Chile,NA,Los Rios,384837,2,0,150,3
2020-04-16,Chile,NA,Los Rios,384837,3,0,153,3
2020-04-17,Chile,NA,Los Rios,384837,1,0,154,3
2020-04-18,Chile,NA,Los Rios,384837,2,0,156,3
2020-04-19,Chile,NA,Los Rios,384837,1,0,157,3
2020-04-20,Chile,NA,Los Rios,384837,5,0,162,3
2020-04-21,Chile,NA,Los Rios,384837,5,0,167,3
2020-04-22,Chile,NA,Los Rios,384837,4,0,171,3
2020-04-23,Chile,NA,Los Rios,384837,2,0,173,3
2020-04-24,Chile,NA,Los Rios,384837,1,0,174,3
2020-04-25,Chile,NA,Los Rios,384837,3,0,177,3
2020-04-26,Chile,NA,Los Rios,384837,1,0,178,3
2020-04-27,Chile,NA,Los Rios,384837,2,0,180,3
2020-04-28,Chile,NA,Los Rios,384837,0,1,180,4
2020-04-29,Chile,NA,Los Rios,384837,2,0,182,4
2020-04-30,Chile,NA,Los Rios,384837,7,0,189,4
2020-05-01,Chile,NA,Los Rios,384837,0,0,189,4
2020-05-02,Chile,NA,Los Rios,384837,7,0,196,4
2020-05-03,Chile,NA,Los Rios,384837,2,0,198,4
2020-05-04,Chile,NA,Los Rios,384837,1,0,199,4
2020-05-05,Chile,NA,Los Rios,384837,0,0,199,4
2020-05-06,Chile,NA,Los Rios,384837,1,0,200,4
2020-05-07,Chile,NA,Los Rios,384837,2,0,202,4
2020-05-08,Chile,NA,Los Rios,384837,1,0,203,4
2020-05-09,Chile,NA,Los Rios,384837,3,1,206,5
2020-05-10,Chile,NA,Los Rios,384837,0,0,206,5
2020-05-11,Chile,NA,Los Rios,384837,2,0,208,5
2020-05-12,Chile,NA,Los Rios,384837,3,0,211,5
2020-05-13,Chile,NA,Los Rios,384837,1,1,212,6
2020-05-14,Chile,NA,Los Rios,384837,2,0,214,6
2020-05-15,Chile,NA,Los Rios,384837,5,0,219,6
2020-05-16,Chile,NA,Los Rios,384837,0,0,219,6
2020-05-17,Chile,NA,Los Rios,384837,1,0,220,6
2020-05-18,Chile,NA,Los Rios,384837,4,0,224,6
2020-05-19,Chile,NA,Los Rios,384837,5,0,229,6
2020-05-20,Chile,NA,Los Rios,384837,18,0,247,6
2020-05-21,Chile,NA,Los Rios,384837,11,0,258,6
2020-05-22,Chile,NA,Los Rios,384837,4,0,262,6
2020-05-23,Chile,NA,Los Rios,384837,12,0,274,6
2020-05-24,Chile,NA,Los Rios,384837,16,0,290,6
2020-05-25,Chile,NA,Los Rios,384837,7,0,297,6
2020-05-26,Chile,NA,Los Rios,384837,7,0,304,6
2020-05-27,Chile,NA,Los Rios,384837,5,0,309,6
2020-05-28,Chile,NA,Los Rios,384837,9,0,318,6
2020-05-29,Chile,NA,Los Rios,384837,12,0,330,6
2020-05-30,Chile,NA,Los Rios,384837,15,0,345,6
2020-05-31,Chile,NA,Los Rios,384837,11,0,356,6
2020-06-01,Chile,NA,Los Rios,384837,7,1,363,7
2020-06-02,Chile,NA,Los Rios,384837,5,0,368,7
2020-06-03,Chile,NA,Los Rios,384837,4,1,372,8
2020-06-04,Chile,NA,Los Rios,384837,7,0,379,8
2020-06-05,Chile,NA,Los Rios,384837,11,0,390,8
2020-06-06,Chile,NA,Los Rios,384837,10,0,400,8
2020-06-07,Chile,NA,Los Rios,384837,17,0,417,8
2020-06-08,Chile,NA,Los Rios,384837,8,0,425,8
2020-06-09,Chile,NA,Los Rios,384837,21,0,446,8
2020-06-10,Chile,NA,Los Rios,384837,6,0,452,8
2020-06-11,Chile,NA,Los Rios,384837,10,0,462,8
2020-06-12,Chile,NA,Los Rios,384837,17,1,479,9
2020-06-13,Chile,NA,Los Rios,384837,8,0,487,9
2020-06-14,Chile,NA,Los Rios,384837,10,0,497,9
2020-06-15,Chile,NA,Los Rios,384837,32,0,529,9
2020-06-16,Chile,NA,Los Rios,384837,4,0,533,9
2020-06-17,Chile,NA,Los Rios,384837,8,1,541,10
2020-06-18,Chile,NA,Los Rios,384837,12,0,553,10
2020-06-19,Chile,NA,Los Rios,384837,12,0,565,10
2020-06-20,Chile,NA,Los Rios,384837,10,0,575,10
2020-06-21,Chile,NA,Los Rios,384837,21,0,596,10
2020-06-22,Chile,NA,Los Rios,384837,11,0,607,10
2020-06-23,Chile,NA,Los Rios,384837,4,0,611,10
2020-06-24,Chile,NA,Los Rios,384837,4,0,615,10
2020-06-25,Chile,NA,Los Rios,384837,12,0,627,10
2020-06-26,Chile,NA,Los Rios,384837,11,0,638,10
2020-06-27,Chile,NA,Los Rios,384837,7,0,645,10
2020-06-28,Chile,NA,Los Rios,384837,19,0,664,10
2020-06-29,Chile,NA,Los Rios,384837,11,0,675,10
2020-06-30,Chile,NA,Los Rios,384837,12,0,687,10
2020-07-01,Chile,NA,Los Rios,384837,5,0,692,10
2020-07-02,Chile,NA,Los Rios,384837,2,0,694,10
2020-07-03,Chile,NA,Los Rios,384837,5,0,699,10
2020-07-04,Chile,NA,Los Rios,384837,7,0,706,10
2020-07-05,Chile,NA,Los Rios,384837,4,0,710,10
2020-07-06,Chile,NA,Los Rios,384837,7,0,717,10
2020-07-07,Chile,NA,Los Rios,384837,4,0,721,10
2020-07-08,Chile,NA,Los Rios,384837,5,1,726,11
2020-07-09,Chile,NA,Los Rios,384837,13,0,739,11
2020-07-10,Chile,NA,Los Rios,384837,5,0,744,11
2020-07-11,Chile,NA,Los Rios,384837,7,0,751,11
2020-07-12,Chile,NA,Los Rios,384837,1,0,752,11
2020-07-13,Chile,NA,Los Rios,384837,3,0,755,11
2020-07-14,Chile,NA,Los Rios,384837,8,0,763,11
2020-07-15,Chile,NA,Los Rios,384837,4,0,767,11
2020-07-16,Chile,NA,Los Rios,384837,17,0,784,11
2020-07-17,Chile,NA,Los Rios,384837,24,2,808,13
2020-07-18,Chile,NA,Los Rios,384837,5,0,813,13
2020-07-19,Chile,NA,Los Rios,384837,8,0,821,13
2020-07-20,Chile,NA,Los Rios,384837,10,0,831,13
2020-07-21,Chile,NA,Los Rios,384837,4,0,835,13
2020-07-22,Chile,NA,Los Rios,384837,1,0,836,13
2020-07-23,Chile,NA,Los Rios,384837,7,0,843,13
2020-07-24,Chile,NA,Los Rios,384837,4,0,847,13
2020-07-25,Chile,NA,Los Rios,384837,8,0,855,13
2020-07-26,Chile,NA,Los Rios,384837,8,0,863,13
2020-07-27,Chile,NA,Los Rios,384837,7,0,870,13
2020-07-28,Chile,NA,Los Rios,384837,5,0,875,13
2020-07-29,Chile,NA,Los Rios,384837,3,0,878,13
2020-07-30,Chile,NA,Los Rios,384837,7,0,885,13
2020-07-31,Chile,NA,Los Rios,384837,6,1,891,14
2020-08-01,Chile,NA,Los Rios,384837,1,0,892,14
2020-08-02,Chile,NA,Los Rios,384837,6,0,898,14
2020-08-03,Chile,NA,Los Rios,384837,8,0,906,14
2020-08-04,Chile,NA,Los Rios,384837,4,0,910,14
2020-08-05,Chile,NA,Los Rios,384837,5,0,915,14
2020-08-06,Chile,NA,Los Rios,384837,5,0,920,14
2020-08-07,Chile,NA,Los Rios,384837,4,1,924,15
2020-08-08,Chile,NA,Los Rios,384837,14,0,938,15
2020-08-09,Chile,NA,Los Rios,384837,4,0,942,15
2020-08-10,Chile,NA,Los Rios,384837,13,0,955,15
2020-08-11,Chile,NA,Los Rios,384837,13,0,968,15
2020-08-12,Chile,NA,Los Rios,384837,6,0,974,15
2020-08-13,Chile,NA,Los Rios,384837,9,0,983,15
2020-08-14,Chile,NA,Los Rios,384837,6,0,989,15
2020-08-15,Chile,NA,Los Rios,384837,3,0,992,15
2020-08-16,Chile,NA,Los Rios,384837,6,0,998,15
2020-08-17,Chile,NA,Los Rios,384837,2,0,1000,15
2020-08-18,Chile,NA,Los Rios,384837,2,0,1002,15
2020-08-19,Chile,NA,Los Rios,384837,2,0,1004,15
2020-08-20,Chile,NA,Los Rios,384837,4,0,1008,15
2020-08-21,Chile,NA,Los Rios,384837,8,0,1016,15
2020-08-22,Chile,NA,Los Rios,384837,10,0,1026,15
2020-08-23,Chile,NA,Los Rios,384837,17,0,1043,15
2020-08-24,Chile,NA,Los Rios,384837,5,0,1048,15
2020-08-25,Chile,NA,Los Rios,384837,4,0,1052,15
2020-08-26,Chile,NA,Los Rios,384837,3,0,1055,15
2020-08-27,Chile,NA,Los Rios,384837,11,0,1066,15
2020-08-28,Chile,NA,Los Rios,384837,6,0,1072,15
2020-08-29,Chile,NA,Los Rios,384837,5,0,1077,15
2020-08-30,Chile,NA,Los Rios,384837,7,0,1084,15
2020-08-31,Chile,NA,Los Rios,384837,17,0,1101,15
2020-04-02,Chile,NA,Magallanes,166533,15,0,114,0
2020-04-03,Chile,NA,Magallanes,166533,42,1,156,1
2020-04-04,Chile,NA,Magallanes,166533,16,1,172,2
2020-04-05,Chile,NA,Magallanes,166533,18,0,190,2
2020-04-06,Chile,NA,Magallanes,166533,31,0,221,2
2020-04-07,Chile,NA,Magallanes,166533,19,0,240,2
2020-04-08,Chile,NA,Magallanes,166533,26,1,266,3
2020-04-09,Chile,NA,Magallanes,166533,20,0,286,3
2020-04-10,Chile,NA,Magallanes,166533,45,0,331,3
2020-04-11,Chile,NA,Magallanes,166533,46,0,377,3
2020-04-12,Chile,NA,Magallanes,166533,19,1,396,4
2020-04-13,Chile,NA,Magallanes,166533,19,1,415,5
2020-04-14,Chile,NA,Magallanes,166533,14,1,429,6
2020-04-15,Chile,NA,Magallanes,166533,15,0,444,6
2020-04-16,Chile,NA,Magallanes,166533,23,0,467,6
2020-04-17,Chile,NA,Magallanes,166533,34,0,501,6
2020-04-18,Chile,NA,Magallanes,166533,21,0,522,6
2020-04-19,Chile,NA,Magallanes,166533,31,0,553,6
2020-04-20,Chile,NA,Magallanes,166533,13,0,566,6
2020-04-21,Chile,NA,Magallanes,166533,27,1,593,7
2020-04-22,Chile,NA,Magallanes,166533,12,0,605,7
2020-04-23,Chile,NA,Magallanes,166533,10,0,615,7
2020-04-24,Chile,NA,Magallanes,166533,9,1,624,8
2020-04-25,Chile,NA,Magallanes,166533,31,0,655,8
2020-04-26,Chile,NA,Magallanes,166533,13,1,668,9
2020-04-27,Chile,NA,Magallanes,166533,3,1,671,10
2020-04-28,Chile,NA,Magallanes,166533,22,0,693,10
2020-04-29,Chile,NA,Magallanes,166533,21,1,714,11
2020-04-30,Chile,NA,Magallanes,166533,11,0,725,11
2020-05-01,Chile,NA,Magallanes,166533,1,0,726,11
2020-05-02,Chile,NA,Magallanes,166533,26,0,752,11
2020-05-03,Chile,NA,Magallanes,166533,25,0,777,11
2020-05-04,Chile,NA,Magallanes,166533,18,0,795,11
2020-05-05,Chile,NA,Magallanes,166533,14,0,809,11
2020-05-06,Chile,NA,Magallanes,166533,9,0,818,11
2020-05-07,Chile,NA,Magallanes,166533,18,0,836,11
2020-05-08,Chile,NA,Magallanes,166533,31,0,867,11
2020-05-09,Chile,NA,Magallanes,166533,14,0,881,11
2020-05-10,Chile,NA,Magallanes,166533,12,2,893,13
2020-05-11,Chile,NA,Magallanes,166533,8,1,901,14
2020-05-12,Chile,NA,Magallanes,166533,9,0,910,14
2020-05-13,Chile,NA,Magallanes,166533,11,2,921,16
2020-05-14,Chile,NA,Magallanes,166533,14,0,935,16
2020-05-15,Chile,NA,Magallanes,166533,2,0,937,16
2020-05-16,Chile,NA,Magallanes,166533,15,0,952,16
2020-05-17,Chile,NA,Magallanes,166533,9,0,961,16
2020-05-18,Chile,NA,Magallanes,166533,10,0,971,16
2020-05-19,Chile,NA,Magallanes,166533,1,1,972,17
2020-05-20,Chile,NA,Magallanes,166533,5,1,977,18
2020-05-21,Chile,NA,Magallanes,166533,10,0,987,18
2020-05-22,Chile,NA,Magallanes,166533,5,0,992,18
2020-05-23,Chile,NA,Magallanes,166533,5,0,997,18
2020-05-24,Chile,NA,Magallanes,166533,13,0,1010,18
2020-05-25,Chile,NA,Magallanes,166533,6,0,1016,18
2020-05-26,Chile,NA,Magallanes,166533,15,0,1031,18
2020-05-27,Chile,NA,Magallanes,166533,6,0,1037,18
2020-05-28,Chile,NA,Magallanes,166533,3,0,1040,18
2020-05-29,Chile,NA,Magallanes,166533,7,1,1047,19
2020-05-30,Chile,NA,Magallanes,166533,7,0,1054,19
2020-05-31,Chile,NA,Magallanes,166533,2,0,1056,19
2020-06-01,Chile,NA,Magallanes,166533,1,0,1057,19
2020-06-02,Chile,NA,Magallanes,166533,3,0,1060,19
2020-06-03,Chile,NA,Magallanes,166533,3,0,1063,19
2020-06-04,Chile,NA,Magallanes,166533,6,0,1069,19
2020-06-05,Chile,NA,Magallanes,166533,3,0,1072,19
2020-06-06,Chile,NA,Magallanes,166533,9,0,1081,19
2020-06-07,Chile,NA,Magallanes,166533,1,0,1082,14
2020-06-08,Chile,NA,Magallanes,166533,6,1,1088,15
2020-06-09,Chile,NA,Magallanes,166533,0,0,1088,15
2020-06-10,Chile,NA,Magallanes,166533,1,0,1089,15
2020-06-11,Chile,NA,Magallanes,166533,13,0,1102,15
2020-06-12,Chile,NA,Magallanes,166533,5,0,1107,15
2020-06-13,Chile,NA,Magallanes,166533,16,0,1123,15
2020-06-14,Chile,NA,Magallanes,166533,30,0,1153,15
2020-06-15,Chile,NA,Magallanes,166533,32,0,1185,15
2020-06-16,Chile,NA,Magallanes,166533,25,0,1210,15
2020-06-17,Chile,NA,Magallanes,166533,0,0,1210,15
2020-06-18,Chile,NA,Magallanes,166533,9,0,1219,15
2020-06-19,Chile,NA,Magallanes,166533,9,0,1228,15
2020-06-20,Chile,NA,Magallanes,166533,13,0,1241,15
2020-06-21,Chile,NA,Magallanes,166533,20,0,1261,15
2020-06-22,Chile,NA,Magallanes,166533,17,0,1278,15
2020-06-23,Chile,NA,Magallanes,166533,11,0,1289,15
2020-06-24,Chile,NA,Magallanes,166533,0,0,1289,15
2020-06-25,Chile,NA,Magallanes,166533,22,0,1311,15
2020-06-26,Chile,NA,Magallanes,166533,12,0,1323,15
2020-06-27,Chile,NA,Magallanes,166533,26,0,1349,15
2020-06-28,Chile,NA,Magallanes,166533,12,0,1361,15
2020-06-29,Chile,NA,Magallanes,166533,5,0,1366,15
2020-06-30,Chile,NA,Magallanes,166533,12,0,1378,15
2020-07-01,Chile,NA,Magallanes,166533,9,0,1387,15
2020-07-02,Chile,NA,Magallanes,166533,4,0,1391,15
2020-07-03,Chile,NA,Magallanes,166533,11,0,1402,15
2020-07-04,Chile,NA,Magallanes,166533,3,0,1405,15
2020-07-05,Chile,NA,Magallanes,166533,7,0,1412,15
2020-07-06,Chile,NA,Magallanes,166533,15,0,1427,15
2020-07-07,Chile,NA,Magallanes,166533,3,0,1430,15
2020-07-08,Chile,NA,Magallanes,166533,3,2,1433,17
2020-07-09,Chile,NA,Magallanes,166533,13,0,1446,17
2020-07-10,Chile,NA,Magallanes,166533,13,0,1459,17
2020-07-11,Chile,NA,Magallanes,166533,12,0,1471,17
2020-07-12,Chile,NA,Magallanes,166533,10,0,1481,17
2020-07-13,Chile,NA,Magallanes,166533,8,0,1489,17
2020-07-14,Chile,NA,Magallanes,166533,15,0,1504,17
2020-07-15,Chile,NA,Magallanes,166533,9,1,1513,18
2020-07-16,Chile,NA,Magallanes,166533,0,0,1513,18
2020-07-17,Chile,NA,Magallanes,166533,3,10,1516,28
2020-07-18,Chile,NA,Magallanes,166533,8,0,1524,28
2020-07-19,Chile,NA,Magallanes,166533,6,0,1530,28
2020-07-20,Chile,NA,Magallanes,166533,3,0,1533,28
2020-07-21,Chile,NA,Magallanes,166533,3,0,1536,28
2020-07-22,Chile,NA,Magallanes,166533,8,0,1544,28
2020-07-23,Chile,NA,Magallanes,166533,7,0,1551,28
2020-07-24,Chile,NA,Magallanes,166533,4,0,1555,28
2020-07-25,Chile,NA,Magallanes,166533,3,0,1558,28
2020-07-26,Chile,NA,Magallanes,166533,9,0,1567,28
2020-07-27,Chile,NA,Magallanes,166533,14,0,1581,28
2020-07-28,Chile,NA,Magallanes,166533,26,0,1607,28
2020-07-29,Chile,NA,Magallanes,166533,4,0,1611,28
2020-07-30,Chile,NA,Magallanes,166533,56,0,1667,28
2020-07-31,Chile,NA,Magallanes,166533,19,0,1686,28
2020-08-01,Chile,NA,Magallanes,166533,20,0,1706,28
2020-08-02,Chile,NA,Magallanes,166533,24,0,1730,28
2020-08-03,Chile,NA,Magallanes,166533,23,1,1753,29
2020-08-04,Chile,NA,Magallanes,166533,36,0,1789,29
2020-08-05,Chile,NA,Magallanes,166533,27,0,1816,29
2020-08-06,Chile,NA,Magallanes,166533,43,0,1859,29
2020-08-07,Chile,NA,Magallanes,166533,8,1,1867,30
2020-08-08,Chile,NA,Magallanes,166533,49,0,1916,30
2020-08-09,Chile,NA,Magallanes,166533,27,0,1943,30
2020-08-10,Chile,NA,Magallanes,166533,55,0,1998,30
2020-08-11,Chile,NA,Magallanes,166533,36,0,2034,30
2020-08-12,Chile,NA,Magallanes,166533,19,0,2053,30
2020-08-13,Chile,NA,Magallanes,166533,18,0,2071,30
2020-08-14,Chile,NA,Magallanes,166533,50,0,2121,30
2020-08-15,Chile,NA,Magallanes,166533,54,0,2175,30
2020-08-16,Chile,NA,Magallanes,166533,67,0,2242,30
2020-08-17,Chile,NA,Magallanes,166533,22,0,2264,30
2020-08-18,Chile,NA,Magallanes,166533,68,0,2332,30
2020-08-19,Chile,NA,Magallanes,166533,36,0,2368,30
2020-08-20,Chile,NA,Magallanes,166533,65,2,2433,32
2020-08-21,Chile,NA,Magallanes,166533,92,0,2525,32
2020-08-22,Chile,NA,Magallanes,166533,80,0,2605,32
2020-08-23,Chile,NA,Magallanes,166533,115,0,2720,32
2020-08-24,Chile,NA,Magallanes,166533,120,2,2840,34
2020-08-25,Chile,NA,Magallanes,166533,95,0,2935,34
2020-08-26,Chile,NA,Magallanes,166533,59,0,2994,34
2020-08-27,Chile,NA,Magallanes,166533,147,1,3141,35
2020-08-28,Chile,NA,Magallanes,166533,58,0,3199,35
2020-08-29,Chile,NA,Magallanes,166533,106,3,3305,38
2020-08-30,Chile,NA,Magallanes,166533,104,0,3409,38
2020-08-31,Chile,NA,Magallanes,166533,113,1,3522,39
2020-04-05,Chile,NA,Maule,1044950,6,0,102,1
2020-04-06,Chile,NA,Maule,1044950,5,0,107,1
2020-04-07,Chile,NA,Maule,1044950,0,1,107,2
2020-04-08,Chile,NA,Maule,1044950,11,0,118,2
2020-04-09,Chile,NA,Maule,1044950,9,0,127,2
2020-04-10,Chile,NA,Maule,1044950,3,0,130,2
2020-04-11,Chile,NA,Maule,1044950,3,1,133,3
2020-04-12,Chile,NA,Maule,1044950,4,0,137,3
2020-04-13,Chile,NA,Maule,1044950,3,0,140,3
2020-04-14,Chile,NA,Maule,1044950,1,1,141,4
2020-04-15,Chile,NA,Maule,1044950,10,0,151,4
2020-04-16,Chile,NA,Maule,1044950,15,0,166,4
2020-04-17,Chile,NA,Maule,1044950,56,3,222,7
2020-04-18,Chile,NA,Maule,1044950,53,1,275,8
2020-04-19,Chile,NA,Maule,1044950,26,0,301,8
2020-04-20,Chile,NA,Maule,1044950,2,2,303,10
2020-04-21,Chile,NA,Maule,1044950,12,0,315,10
2020-04-22,Chile,NA,Maule,1044950,12,0,327,10
2020-04-23,Chile,NA,Maule,1044950,5,0,332,10
2020-04-24,Chile,NA,Maule,1044950,16,0,348,10
2020-04-25,Chile,NA,Maule,1044950,1,0,349,10
2020-04-26,Chile,NA,Maule,1044950,4,1,353,11
2020-04-27,Chile,NA,Maule,1044950,9,1,362,12
2020-04-28,Chile,NA,Maule,1044950,21,0,383,12
2020-04-29,Chile,NA,Maule,1044950,8,1,391,13
2020-04-30,Chile,NA,Maule,1044950,1,0,392,13
2020-05-01,Chile,NA,Maule,1044950,1,0,393,13
2020-05-02,Chile,NA,Maule,1044950,2,0,395,13
2020-05-03,Chile,NA,Maule,1044950,1,0,396,13
2020-05-04,Chile,NA,Maule,1044950,2,0,398,13
2020-05-05,Chile,NA,Maule,1044950,9,0,407,13
2020-05-06,Chile,NA,Maule,1044950,0,0,407,13
2020-05-07,Chile,NA,Maule,1044950,6,0,413,13
2020-05-08,Chile,NA,Maule,1044950,11,0,424,13
2020-05-09,Chile,NA,Maule,1044950,7,1,431,14
2020-05-10,Chile,NA,Maule,1044950,9,0,440,14
2020-05-11,Chile,NA,Maule,1044950,13,0,453,14
2020-05-12,Chile,NA,Maule,1044950,12,0,465,14
2020-05-13,Chile,NA,Maule,1044950,19,0,484,14
2020-05-14,Chile,NA,Maule,1044950,34,0,518,14
2020-05-15,Chile,NA,Maule,1044950,21,0,539,14
2020-05-16,Chile,NA,Maule,1044950,11,0,550,14
2020-05-17,Chile,NA,Maule,1044950,22,0,572,14
2020-05-18,Chile,NA,Maule,1044950,29,0,601,14
2020-05-19,Chile,NA,Maule,1044950,38,0,639,14
2020-05-20,Chile,NA,Maule,1044950,40,0,679,14
2020-05-21,Chile,NA,Maule,1044950,51,1,730,15
2020-05-22,Chile,NA,Maule,1044950,51,0,781,15
2020-05-23,Chile,NA,Maule,1044950,41,0,822,15
2020-05-24,Chile,NA,Maule,1044950,69,0,891,15
2020-05-25,Chile,NA,Maule,1044950,61,0,952,15
2020-05-26,Chile,NA,Maule,1044950,60,0,1012,15
2020-05-27,Chile,NA,Maule,1044950,53,0,1065,15
2020-05-28,Chile,NA,Maule,1044950,54,0,1119,15
2020-05-29,Chile,NA,Maule,1044950,60,0,1179,15
2020-05-30,Chile,NA,Maule,1044950,76,0,1255,15
2020-05-31,Chile,NA,Maule,1044950,41,0,1296,15
2020-06-01,Chile,NA,Maule,1044950,44,2,1340,17
2020-06-02,Chile,NA,Maule,1044950,40,0,1380,17
2020-06-03,Chile,NA,Maule,1044950,214,2,1594,19
2020-06-04,Chile,NA,Maule,1044950,137,2,1731,21
2020-06-05,Chile,NA,Maule,1044950,102,3,1833,24
2020-06-06,Chile,NA,Maule,1044950,135,0,1968,24
2020-06-07,Chile,NA,Maule,1044950,140,0,2108,18
2020-06-08,Chile,NA,Maule,1044950,67,0,2175,18
2020-06-09,Chile,NA,Maule,1044950,113,0,2288,18
2020-06-10,Chile,NA,Maule,1044950,151,0,2439,18
2020-06-11,Chile,NA,Maule,1044950,120,1,2559,19
2020-06-12,Chile,NA,Maule,1044950,131,0,2690,19
2020-06-13,Chile,NA,Maule,1044950,153,1,2843,20
2020-06-14,Chile,NA,Maule,1044950,153,3,2996,23
2020-06-15,Chile,NA,Maule,1044950,94,0,3090,23
2020-06-16,Chile,NA,Maule,1044950,98,0,3188,23
2020-06-17,Chile,NA,Maule,1044950,93,1,3281,24
2020-06-18,Chile,NA,Maule,1044950,206,1,3487,25
2020-06-19,Chile,NA,Maule,1044950,215,2,3702,27
2020-06-20,Chile,NA,Maule,1044950,151,5,3853,32
2020-06-21,Chile,NA,Maule,1044950,252,1,4105,33
2020-06-22,Chile,NA,Maule,1044950,145,0,4250,33
2020-06-23,Chile,NA,Maule,1044950,149,0,4399,33
2020-06-24,Chile,NA,Maule,1044950,153,3,4552,36
2020-06-25,Chile,NA,Maule,1044950,175,0,4727,36
2020-06-26,Chile,NA,Maule,1044950,181,3,4908,39
2020-06-27,Chile,NA,Maule,1044950,169,2,5077,41
2020-06-28,Chile,NA,Maule,1044950,140,7,5217,48
2020-06-29,Chile,NA,Maule,1044950,141,0,5358,48
2020-06-30,Chile,NA,Maule,1044950,86,0,5444,48
2020-07-01,Chile,NA,Maule,1044950,168,0,5612,48
2020-07-02,Chile,NA,Maule,1044950,103,5,5715,53
2020-07-03,Chile,NA,Maule,1044950,154,6,5869,59
2020-07-04,Chile,NA,Maule,1044950,170,6,6039,65
2020-07-05,Chile,NA,Maule,1044950,121,5,6160,70
2020-07-06,Chile,NA,Maule,1044950,113,3,6273,73
2020-07-07,Chile,NA,Maule,1044950,117,0,6390,73
2020-07-08,Chile,NA,Maule,1044950,86,5,6476,78
2020-07-09,Chile,NA,Maule,1044950,119,3,6595,81
2020-07-10,Chile,NA,Maule,1044950,133,5,6728,86
2020-07-11,Chile,NA,Maule,1044950,113,5,6841,91
2020-07-12,Chile,NA,Maule,1044950,107,3,6948,94
2020-07-13,Chile,NA,Maule,1044950,103,0,7051,94
2020-07-14,Chile,NA,Maule,1044950,85,0,7136,94
2020-07-15,Chile,NA,Maule,1044950,100,2,7236,96
2020-07-16,Chile,NA,Maule,1044950,144,3,7380,99
2020-07-17,Chile,NA,Maule,1044950,141,26,7521,125
2020-07-18,Chile,NA,Maule,1044950,79,2,7600,127
2020-07-19,Chile,NA,Maule,1044950,134,0,7734,127
2020-07-20,Chile,NA,Maule,1044950,67,4,7801,131
2020-07-21,Chile,NA,Maule,1044950,125,0,7926,131
2020-07-22,Chile,NA,Maule,1044950,77,0,8003,131
2020-07-23,Chile,NA,Maule,1044950,118,4,8121,135
2020-07-24,Chile,NA,Maule,1044950,112,1,8233,136
2020-07-25,Chile,NA,Maule,1044950,140,9,8373,145
2020-07-26,Chile,NA,Maule,1044950,122,9,8495,154
2020-07-27,Chile,NA,Maule,1044950,99,6,8594,160
2020-07-28,Chile,NA,Maule,1044950,44,4,8638,164
2020-07-29,Chile,NA,Maule,1044950,112,0,8750,164
2020-07-30,Chile,NA,Maule,1044950,113,10,8863,174
2020-07-31,Chile,NA,Maule,1044950,99,2,8962,176
2020-08-01,Chile,NA,Maule,1044950,60,2,9022,178
2020-08-02,Chile,NA,Maule,1044950,102,4,9124,182
2020-08-03,Chile,NA,Maule,1044950,73,11,9197,193
2020-08-04,Chile,NA,Maule,1044950,89,0,9286,193
2020-08-05,Chile,NA,Maule,1044950,61,0,9347,193
2020-08-06,Chile,NA,Maule,1044950,96,2,9443,195
2020-08-07,Chile,NA,Maule,1044950,122,2,9565,197
2020-08-08,Chile,NA,Maule,1044950,119,7,9684,204
2020-08-09,Chile,NA,Maule,1044950,97,0,9781,203
2020-08-10,Chile,NA,Maule,1044950,67,0,9848,203
2020-08-11,Chile,NA,Maule,1044950,64,0,9912,203
2020-08-12,Chile,NA,Maule,1044950,74,0,9986,203
2020-08-13,Chile,NA,Maule,1044950,84,12,10070,215
2020-08-14,Chile,NA,Maule,1044950,99,1,10169,216
2020-08-15,Chile,NA,Maule,1044950,98,2,10267,218
2020-08-16,Chile,NA,Maule,1044950,122,1,10389,219
2020-08-17,Chile,NA,Maule,1044950,70,6,10459,225
2020-08-18,Chile,NA,Maule,1044950,74,5,10533,230
2020-08-19,Chile,NA,Maule,1044950,77,0,10610,230
2020-08-20,Chile,NA,Maule,1044950,123,5,10733,235
2020-08-21,Chile,NA,Maule,1044950,107,0,10840,235
2020-08-22,Chile,NA,Maule,1044950,103,6,10943,241
2020-08-23,Chile,NA,Maule,1044950,99,5,11042,246
2020-08-24,Chile,NA,Maule,1044950,75,8,11117,254
2020-08-25,Chile,NA,Maule,1044950,71,0,11188,254
2020-08-26,Chile,NA,Maule,1044950,95,0,11283,254
2020-08-27,Chile,NA,Maule,1044950,86,2,11369,256
2020-08-28,Chile,NA,Maule,1044950,90,5,11459,261
2020-08-29,Chile,NA,Maule,1044950,101,0,11560,261
2020-08-30,Chile,NA,Maule,1044950,112,2,11672,263
2020-08-31,Chile,NA,Maule,1044950,79,0,11751,263
2020-04-29,Chile,NA,O'Higgins,914555,7,0,104,1
2020-04-30,Chile,NA,O'Higgins,914555,4,0,108,1
2020-05-01,Chile,NA,O'Higgins,914555,1,0,109,1
2020-05-02,Chile,NA,O'Higgins,914555,11,2,120,3
2020-05-03,Chile,NA,O'Higgins,914555,5,0,125,3
2020-05-04,Chile,NA,O'Higgins,914555,6,0,131,3
2020-05-05,Chile,NA,O'Higgins,914555,5,0,136,3
2020-05-06,Chile,NA,O'Higgins,914555,9,0,145,3
2020-05-07,Chile,NA,O'Higgins,914555,6,0,151,3
2020-05-08,Chile,NA,O'Higgins,914555,16,0,167,3
2020-05-09,Chile,NA,O'Higgins,914555,15,0,182,3
2020-05-10,Chile,NA,O'Higgins,914555,13,0,195,3
2020-05-11,Chile,NA,O'Higgins,914555,21,1,216,4
2020-05-12,Chile,NA,O'Higgins,914555,8,0,224,4
2020-05-13,Chile,NA,O'Higgins,914555,24,0,248,4
2020-05-14,Chile,NA,O'Higgins,914555,47,0,295,4
2020-05-15,Chile,NA,O'Higgins,914555,28,1,323,5
2020-05-16,Chile,NA,O'Higgins,914555,6,0,329,5
2020-05-17,Chile,NA,O'Higgins,914555,37,0,366,5
2020-05-18,Chile,NA,O'Higgins,914555,52,1,418,6
2020-05-19,Chile,NA,O'Higgins,914555,24,1,442,7
2020-05-20,Chile,NA,O'Higgins,914555,13,0,455,7
2020-05-21,Chile,NA,O'Higgins,914555,10,0,465,7
2020-05-22,Chile,NA,O'Higgins,914555,27,1,492,8
2020-05-23,Chile,NA,O'Higgins,914555,26,3,518,11
2020-05-24,Chile,NA,O'Higgins,914555,36,0,554,11
2020-05-25,Chile,NA,O'Higgins,914555,34,2,588,13
2020-05-26,Chile,NA,O'Higgins,914555,66,0,654,13
2020-05-27,Chile,NA,O'Higgins,914555,37,1,691,14
2020-05-28,Chile,NA,O'Higgins,914555,14,0,705,14
2020-05-29,Chile,NA,O'Higgins,914555,40,0,745,14
2020-05-30,Chile,NA,O'Higgins,914555,11,2,756,16
2020-05-31,Chile,NA,O'Higgins,914555,29,2,785,18
2020-06-01,Chile,NA,O'Higgins,914555,28,0,813,18
2020-06-02,Chile,NA,O'Higgins,914555,30,0,843,18
2020-06-03,Chile,NA,O'Higgins,914555,88,2,931,20
2020-06-04,Chile,NA,O'Higgins,914555,36,1,967,21
2020-06-05,Chile,NA,O'Higgins,914555,49,1,1016,22
2020-06-06,Chile,NA,O'Higgins,914555,95,3,1111,25
2020-06-07,Chile,NA,O'Higgins,914555,72,0,1183,20
2020-06-08,Chile,NA,O'Higgins,914555,72,2,1255,22
2020-06-09,Chile,NA,O'Higgins,914555,62,1,1317,23
2020-06-10,Chile,NA,O'Higgins,914555,125,3,1442,26
2020-06-11,Chile,NA,O'Higgins,914555,110,2,1552,28
2020-06-12,Chile,NA,O'Higgins,914555,77,2,1629,30
2020-06-13,Chile,NA,O'Higgins,914555,159,2,1788,32
2020-06-14,Chile,NA,O'Higgins,914555,139,1,1927,33
2020-06-15,Chile,NA,O'Higgins,914555,85,2,2012,35
2020-06-16,Chile,NA,O'Higgins,914555,209,0,2221,35
2020-06-17,Chile,NA,O'Higgins,914555,197,6,2418,41
2020-06-18,Chile,NA,O'Higgins,914555,220,3,2638,44
2020-06-19,Chile,NA,O'Higgins,914555,294,2,2932,46
2020-06-20,Chile,NA,O'Higgins,914555,302,4,3234,50
2020-06-21,Chile,NA,O'Higgins,914555,339,2,3573,52
2020-06-22,Chile,NA,O'Higgins,914555,234,0,3807,52
2020-06-23,Chile,NA,O'Higgins,914555,175,0,3982,52
2020-06-24,Chile,NA,O'Higgins,914555,249,7,4231,59
2020-06-25,Chile,NA,O'Higgins,914555,258,4,4489,63
2020-06-26,Chile,NA,O'Higgins,914555,268,2,4757,65
2020-06-27,Chile,NA,O'Higgins,914555,186,3,4943,68
2020-06-28,Chile,NA,O'Higgins,914555,284,1,5227,69
2020-06-29,Chile,NA,O'Higgins,914555,238,0,5465,69
2020-06-30,Chile,NA,O'Higgins,914555,237,0,5702,69
2020-07-01,Chile,NA,O'Higgins,914555,164,0,5866,69
2020-07-02,Chile,NA,O'Higgins,914555,200,8,6066,77
2020-07-03,Chile,NA,O'Higgins,914555,180,6,6246,83
2020-07-04,Chile,NA,O'Higgins,914555,234,6,6480,89
2020-07-05,Chile,NA,O'Higgins,914555,209,3,6689,92
2020-07-06,Chile,NA,O'Higgins,914555,187,0,6876,92
2020-07-07,Chile,NA,O'Higgins,914555,213,0,7089,92
2020-07-08,Chile,NA,O'Higgins,914555,99,12,7188,104
2020-07-09,Chile,NA,O'Higgins,914555,194,5,7382,109
2020-07-10,Chile,NA,O'Higgins,914555,308,4,7690,113
2020-07-11,Chile,NA,O'Higgins,914555,141,6,7831,119
2020-07-12,Chile,NA,O'Higgins,914555,128,4,7959,123
2020-07-13,Chile,NA,O'Higgins,914555,149,0,8108,123
2020-07-14,Chile,NA,O'Higgins,914555,152,0,8260,123
2020-07-15,Chile,NA,O'Higgins,914555,116,11,8376,134
2020-07-16,Chile,NA,O'Higgins,914555,149,5,8525,139
2020-07-17,Chile,NA,O'Higgins,914555,176,25,8701,164
2020-07-18,Chile,NA,O'Higgins,914555,86,8,8787,172
2020-07-19,Chile,NA,O'Higgins,914555,120,1,8907,173
2020-07-20,Chile,NA,O'Higgins,914555,103,10,9010,183
2020-07-21,Chile,NA,O'Higgins,914555,90,0,9100,183
2020-07-22,Chile,NA,O'Higgins,914555,125,0,9225,183
2020-07-23,Chile,NA,O'Higgins,914555,125,14,9350,197
2020-07-24,Chile,NA,O'Higgins,914555,162,4,9512,201
2020-07-25,Chile,NA,O'Higgins,914555,104,8,9616,209
2020-07-26,Chile,NA,O'Higgins,914555,111,9,9727,218
2020-07-27,Chile,NA,O'Higgins,914555,94,2,9821,220
2020-07-28,Chile,NA,O'Higgins,914555,39,0,9860,220
2020-07-29,Chile,NA,O'Higgins,914555,89,0,9949,220
2020-07-30,Chile,NA,O'Higgins,914555,104,8,10053,228
2020-07-31,Chile,NA,O'Higgins,914555,91,8,10144,236
2020-08-01,Chile,NA,O'Higgins,914555,89,2,10233,238
2020-08-02,Chile,NA,O'Higgins,914555,94,6,10327,244
2020-08-03,Chile,NA,O'Higgins,914555,86,8,10413,252
2020-08-04,Chile,NA,O'Higgins,914555,50,0,10463,252
2020-08-05,Chile,NA,O'Higgins,914555,67,0,10530,252
2020-08-06,Chile,NA,O'Higgins,914555,102,8,10632,260
2020-08-07,Chile,NA,O'Higgins,914555,132,3,10764,263
2020-08-08,Chile,NA,O'Higgins,914555,221,2,10985,265
2020-08-09,Chile,NA,O'Higgins,914555,100,5,11085,270
2020-08-10,Chile,NA,O'Higgins,914555,81,10,11166,280
2020-08-11,Chile,NA,O'Higgins,914555,105,1,11271,281
2020-08-12,Chile,NA,O'Higgins,914555,116,0,11387,281
2020-08-13,Chile,NA,O'Higgins,914555,106,9,11493,290
2020-08-14,Chile,NA,O'Higgins,914555,85,5,11578,295
2020-08-15,Chile,NA,O'Higgins,914555,62,4,11640,299
2020-08-16,Chile,NA,O'Higgins,914555,87,2,11727,301
2020-08-17,Chile,NA,O'Higgins,914555,47,3,11774,304
2020-08-18,Chile,NA,O'Higgins,914555,67,0,11841,304
2020-08-19,Chile,NA,O'Higgins,914555,65,0,11906,304
2020-08-20,Chile,NA,O'Higgins,914555,99,6,12005,310
2020-08-21,Chile,NA,O'Higgins,914555,82,3,12087,313
2020-08-22,Chile,NA,O'Higgins,914555,60,3,12147,316
2020-08-23,Chile,NA,O'Higgins,914555,73,4,12220,320
2020-08-24,Chile,NA,O'Higgins,914555,125,3,12345,323
2020-08-25,Chile,NA,O'Higgins,914555,76,1,12421,324
2020-08-26,Chile,NA,O'Higgins,914555,93,0,12514,324
2020-08-27,Chile,NA,O'Higgins,914555,69,5,12583,329
2020-08-28,Chile,NA,O'Higgins,914555,93,2,12676,331
2020-08-29,Chile,NA,O'Higgins,914555,102,4,12778,335
2020-08-30,Chile,NA,O'Higgins,914555,83,3,12861,338
2020-08-31,Chile,NA,O'Higgins,914555,88,2,12949,340
2020-03-16,Chile,NA,Santiago Metropolitan Region,7112808,69,0,123,0
2020-03-17,Chile,NA,Santiago Metropolitan Region,7112808,29,0,152,0
2020-03-18,Chile,NA,Santiago Metropolitan Region,7112808,22,0,174,0
2020-03-19,Chile,NA,Santiago Metropolitan Region,7112808,73,0,247,0
2020-03-20,Chile,NA,Santiago Metropolitan Region,7112808,57,0,304,0
2020-03-21,Chile,NA,Santiago Metropolitan Region,7112808,55,0,359,0
2020-03-22,Chile,NA,Santiago Metropolitan Region,7112808,50,0,409,1
2020-03-23,Chile,NA,Santiago Metropolitan Region,7112808,50,0,459,1
2020-03-24,Chile,NA,Santiago Metropolitan Region,7112808,81,1,540,2
2020-03-25,Chile,NA,Santiago Metropolitan Region,7112808,142,0,682,2
2020-03-26,Chile,NA,Santiago Metropolitan Region,7112808,64,1,746,3
2020-03-27,Chile,NA,Santiago Metropolitan Region,7112808,192,0,938,3
2020-03-28,Chile,NA,Santiago Metropolitan Region,7112808,146,0,1084,3
2020-03-29,Chile,NA,Santiago Metropolitan Region,7112808,83,0,1167,3
2020-03-30,Chile,NA,Santiago Metropolitan Region,7112808,128,0,1295,3
2020-03-31,Chile,NA,Santiago Metropolitan Region,7112808,125,1,1420,4
2020-04-01,Chile,NA,Santiago Metropolitan Region,7112808,101,1,1521,5
2020-04-02,Chile,NA,Santiago Metropolitan Region,7112808,115,1,1636,6
2020-04-03,Chile,NA,Santiago Metropolitan Region,7112808,106,2,1742,8
2020-04-04,Chile,NA,Santiago Metropolitan Region,7112808,215,1,1957,9
2020-04-05,Chile,NA,Santiago Metropolitan Region,7112808,145,1,2102,10
2020-04-06,Chile,NA,Santiago Metropolitan Region,7112808,142,0,2244,10
2020-04-07,Chile,NA,Santiago Metropolitan Region,7112808,106,2,2350,12
2020-04-08,Chile,NA,Santiago Metropolitan Region,7112808,198,2,2548,14
2020-04-09,Chile,NA,Santiago Metropolitan Region,7112808,284,7,2832,21
2020-04-10,Chile,NA,Santiago Metropolitan Region,7112808,361,8,3193,29
2020-04-11,Chile,NA,Santiago Metropolitan Region,7112808,255,3,3448,32
2020-04-12,Chile,NA,Santiago Metropolitan Region,7112808,151,3,3599,35
2020-04-13,Chile,NA,Santiago Metropolitan Region,7112808,204,1,3803,36
2020-04-14,Chile,NA,Santiago Metropolitan Region,7112808,283,4,4086,40
2020-04-15,Chile,NA,Santiago Metropolitan Region,7112808,248,1,4334,41
2020-04-16,Chile,NA,Santiago Metropolitan Region,7112808,348,7,4682,48
2020-04-17,Chile,NA,Santiago Metropolitan Region,7112808,233,3,4915,51
2020-04-18,Chile,NA,Santiago Metropolitan Region,7112808,277,7,5192,58
2020-04-19,Chile,NA,Santiago Metropolitan Region,7112808,189,5,5381,63
2020-04-20,Chile,NA,Santiago Metropolitan Region,7112808,262,4,5643,67
2020-04-21,Chile,NA,Santiago Metropolitan Region,7112808,145,2,5788,69
2020-04-22,Chile,NA,Santiago Metropolitan Region,7112808,295,9,6083,78
2020-04-23,Chile,NA,Santiago Metropolitan Region,7112808,351,7,6434,85
2020-04-24,Chile,NA,Santiago Metropolitan Region,7112808,327,1,6761,86
2020-04-25,Chile,NA,Santiago Metropolitan Region,7112808,404,3,7165,89
2020-04-26,Chile,NA,Santiago Metropolitan Region,7112808,331,2,7496,91
2020-04-27,Chile,NA,Santiago Metropolitan Region,7112808,362,4,7858,95
2020-04-28,Chile,NA,Santiago Metropolitan Region,7112808,442,5,8300,100
2020-04-29,Chile,NA,Santiago Metropolitan Region,7112808,589,4,8889,104
2020-04-30,Chile,NA,Santiago Metropolitan Region,7112808,736,6,9625,110
2020-05-01,Chile,NA,Santiago Metropolitan Region,7112808,891,4,10516,114
2020-05-02,Chile,NA,Santiago Metropolitan Region,7112808,1145,8,11661,122
2020-05-03,Chile,NA,Santiago Metropolitan Region,7112808,995,13,12656,135
2020-05-04,Chile,NA,Santiago Metropolitan Region,7112808,872,8,13528,143
2020-05-05,Chile,NA,Santiago Metropolitan Region,7112808,1179,3,14707,146
2020-05-06,Chile,NA,Santiago Metropolitan Region,7112808,875,4,15582,150
2020-05-07,Chile,NA,Santiago Metropolitan Region,7112808,1246,2,16828,152
2020-05-08,Chile,NA,Santiago Metropolitan Region,7112808,1151,5,17979,157
2020-05-09,Chile,NA,Santiago Metropolitan Region,7112808,978,6,18957,163
2020-05-10,Chile,NA,Santiago Metropolitan Region,7112808,1396,3,20353,166
2020-05-11,Chile,NA,Santiago Metropolitan Region,7112808,964,6,21317,172
2020-05-12,Chile,NA,Santiago Metropolitan Region,7112808,1392,6,22709,178
2020-05-13,Chile,NA,Santiago Metropolitan Region,7112808,2256,6,24965,184
2020-05-14,Chile,NA,Santiago Metropolitan Region,7112808,2251,18,27216,202
2020-05-15,Chile,NA,Santiago Metropolitan Region,7112808,2060,19,29276,221
2020-05-16,Chile,NA,Santiago Metropolitan Region,7112808,1518,25,30794,246
2020-05-17,Chile,NA,Santiago Metropolitan Region,7112808,1890,24,32684,270
2020-05-18,Chile,NA,Santiago Metropolitan Region,7112808,1767,24,34451,294
2020-05-19,Chile,NA,Santiago Metropolitan Region,7112808,3140,24,37591,318
2020-05-20,Chile,NA,Santiago Metropolitan Region,7112808,3588,30,41179,348
2020-05-21,Chile,NA,Santiago Metropolitan Region,7112808,3462,40,44641,388
2020-05-22,Chile,NA,Santiago Metropolitan Region,7112808,3709,35,48350,423
2020-05-23,Chile,NA,Santiago Metropolitan Region,7112808,3049,32,51399,455
2020-05-24,Chile,NA,Santiago Metropolitan Region,7112808,3145,39,54544,494
2020-05-25,Chile,NA,Santiago Metropolitan Region,7112808,4386,35,58930,529
2020-05-26,Chile,NA,Santiago Metropolitan Region,7112808,3355,38,62285,567
2020-05-27,Chile,NA,Santiago Metropolitan Region,7112808,3726,28,66011,595
2020-05-28,Chile,NA,Santiago Metropolitan Region,7112808,3904,43,69915,638
2020-05-29,Chile,NA,Santiago Metropolitan Region,7112808,2995,47,72910,685
2020-05-30,Chile,NA,Santiago Metropolitan Region,7112808,3341,43,76251,728
2020-05-31,Chile,NA,Santiago Metropolitan Region,7112808,4253,47,80504,775
2020-06-01,Chile,NA,Santiago Metropolitan Region,7112808,4735,49,85239,824
2020-06-02,Chile,NA,Santiago Metropolitan Region,7112808,2955,70,88194,894
2020-06-03,Chile,NA,Santiago Metropolitan Region,7112808,3997,67,92191,961
2020-06-04,Chile,NA,Santiago Metropolitan Region,7112808,3699,73,95890,1034
2020-06-05,Chile,NA,Santiago Metropolitan Region,7112808,3176,71,99066,1105
2020-06-06,Chile,NA,Santiago Metropolitan Region,7112808,4128,79,103194,1184
2020-06-07,Chile,NA,Santiago Metropolitan Region,7112808,5268,700,108462,1884
2020-06-08,Chile,NA,Santiago Metropolitan Region,7112808,3674,66,112136,1950
2020-06-09,Chile,NA,Santiago Metropolitan Region,7112808,2990,18,115126,1968
2020-06-10,Chile,NA,Santiago Metropolitan Region,7112808,4620,147,119746,2115
2020-06-11,Chile,NA,Santiago Metropolitan Region,7112808,4389,158,124135,2273
2020-06-12,Chile,NA,Santiago Metropolitan Region,7112808,5559,195,129694,2468
2020-06-13,Chile,NA,Santiago Metropolitan Region,7112808,5057,213,134751,2681
2020-06-14,Chile,NA,Santiago Metropolitan Region,7112808,5647,197,140398,2878
2020-06-15,Chile,NA,Santiago Metropolitan Region,7112808,3882,35,144280,2913
2020-06-16,Chile,NA,Santiago Metropolitan Region,7112808,4022,21,148302,2934
2020-06-17,Chile,NA,Santiago Metropolitan Region,7112808,3539,180,151841,3114
2020-06-18,Chile,NA,Santiago Metropolitan Region,7112808,3021,205,154862,3319
2020-06-19,Chile,NA,Santiago Metropolitan Region,7112808,4421,226,159283,3545
2020-06-20,Chile,NA,Santiago Metropolitan Region,7112808,3603,170,162886,3715
2020-06-21,Chile,NA,Santiago Metropolitan Region,7112808,3789,155,166675,3870
2020-06-22,Chile,NA,Santiago Metropolitan Region,7112808,3026,22,169701,3892
2020-06-23,Chile,NA,Santiago Metropolitan Region,7112808,2469,3,172170,3895
2020-06-24,Chile,NA,Santiago Metropolitan Region,7112808,2350,170,174520,4065
2020-06-25,Chile,NA,Santiago Metropolitan Region,7112808,3035,141,177555,4206
2020-06-26,Chile,NA,Santiago Metropolitan Region,7112808,2616,136,180171,4342
2020-06-27,Chile,NA,Santiago Metropolitan Region,7112808,2957,242,183128,4584
2020-06-28,Chile,NA,Santiago Metropolitan Region,7112808,2569,127,185697,4711
2020-06-29,Chile,NA,Santiago Metropolitan Region,7112808,2508,66,188205,4777
2020-06-30,Chile,NA,Santiago Metropolitan Region,7112808,2255,112,190460,4889
2020-07-01,Chile,NA,Santiago Metropolitan Region,7112808,1316,65,191776,4954
2020-07-02,Chile,NA,Santiago Metropolitan Region,7112808,1353,101,193129,5055
2020-07-03,Chile,NA,Santiago Metropolitan Region,7112808,2072,90,195201,5145
2020-07-04,Chile,NA,Santiago Metropolitan Region,7112808,2236,106,197437,5251
2020-07-05,Chile,NA,Santiago Metropolitan Region,7112808,2080,77,199517,5328
2020-07-06,Chile,NA,Santiago Metropolitan Region,7112808,1648,73,201165,5401
2020-07-07,Chile,NA,Santiago Metropolitan Region,7112808,1315,50,202480,5451
2020-07-08,Chile,NA,Santiago Metropolitan Region,7112808,987,82,203467,5533
2020-07-09,Chile,NA,Santiago Metropolitan Region,7112808,1687,77,205154,5610
2020-07-10,Chile,NA,Santiago Metropolitan Region,7112808,1525,63,206679,5673
2020-07-11,Chile,NA,Santiago Metropolitan Region,7112808,1329,73,208008,5746
2020-07-12,Chile,NA,Santiago Metropolitan Region,7112808,1661,68,209669,5814
2020-07-13,Chile,NA,Santiago Metropolitan Region,7112808,1431,44,211100,5858
2020-07-14,Chile,NA,Santiago Metropolitan Region,7112808,864,40,211964,5898
2020-07-15,Chile,NA,Santiago Metropolitan Region,7112808,690,59,212654,5957
2020-07-16,Chile,NA,Santiago Metropolitan Region,7112808,1193,70,213847,6027
2020-07-17,Chile,NA,Santiago Metropolitan Region,7112808,1501,831,215348,6858
2020-07-18,Chile,NA,Santiago Metropolitan Region,7112808,1086,66,216434,6924
2020-07-19,Chile,NA,Santiago Metropolitan Region,7112808,828,51,217262,6975
2020-07-20,Chile,NA,Santiago Metropolitan Region,7112808,965,78,218227,7053
2020-07-21,Chile,NA,Santiago Metropolitan Region,7112808,685,43,218912,7096
2020-07-22,Chile,NA,Santiago Metropolitan Region,7112808,714,37,219626,7133
2020-07-23,Chile,NA,Santiago Metropolitan Region,7112808,1013,59,220639,7192
2020-07-24,Chile,NA,Santiago Metropolitan Region,7112808,1066,49,221705,7241
2020-07-25,Chile,NA,Santiago Metropolitan Region,7112808,886,62,222591,7303
2020-07-26,Chile,NA,Santiago Metropolitan Region,7112808,802,50,223393,7353
2020-07-27,Chile,NA,Santiago Metropolitan Region,7112808,912,47,224305,7400
2020-07-28,Chile,NA,Santiago Metropolitan Region,7112808,658,44,224963,7444
2020-07-29,Chile,NA,Santiago Metropolitan Region,7112808,661,33,225624,7477
2020-07-30,Chile,NA,Santiago Metropolitan Region,7112808,684,38,226308,7515
2020-07-31,Chile,NA,Santiago Metropolitan Region,7112808,825,39,227133,7554
2020-08-01,Chile,NA,Santiago Metropolitan Region,7112808,771,45,227904,7599
2020-08-02,Chile,NA,Santiago Metropolitan Region,7112808,773,50,228677,7649
2020-08-03,Chile,NA,Santiago Metropolitan Region,7112808,687,51,229364,7700
2020-08-04,Chile,NA,Santiago Metropolitan Region,7112808,497,35,229861,7735
2020-08-05,Chile,NA,Santiago Metropolitan Region,7112808,664,39,230525,7774
2020-08-06,Chile,NA,Santiago Metropolitan Region,7112808,702,34,231227,7808
2020-08-07,Chile,NA,Santiago Metropolitan Region,7112808,728,39,231955,7847
2020-08-08,Chile,NA,Santiago Metropolitan Region,7112808,700,24,232655,7871
2020-08-09,Chile,NA,Santiago Metropolitan Region,7112808,695,38,233350,7909
2020-08-10,Chile,NA,Santiago Metropolitan Region,7112808,591,37,233941,7946
2020-08-11,Chile,NA,Santiago Metropolitan Region,7112808,446,26,234387,7972
2020-08-12,Chile,NA,Santiago Metropolitan Region,7112808,463,20,234850,7992
2020-08-13,Chile,NA,Santiago Metropolitan Region,7112808,603,31,235453,8023
2020-08-14,Chile,NA,Santiago Metropolitan Region,7112808,764,21,236217,8044
2020-08-15,Chile,NA,Santiago Metropolitan Region,7112808,524,30,236741,8074
2020-08-16,Chile,NA,Santiago Metropolitan Region,7112808,649,31,237390,8105
2020-08-17,Chile,NA,Santiago Metropolitan Region,7112808,494,33,237884,8138
2020-08-18,Chile,NA,Santiago Metropolitan Region,7112808,339,22,238223,8160
2020-08-19,Chile,NA,Santiago Metropolitan Region,7112808,322,27,238545,8187
2020-08-20,Chile,NA,Santiago Metropolitan Region,7112808,595,32,239140,8219
2020-08-21,Chile,NA,Santiago Metropolitan Region,7112808,544,31,239684,8250
2020-08-22,Chile,NA,Santiago Metropolitan Region,7112808,627,38,240311,8288
2020-08-23,Chile,NA,Santiago Metropolitan Region,7112808,553,30,240864,8318
2020-08-24,Chile,NA,Santiago Metropolitan Region,7112808,509,21,241373,8339
2020-08-25,Chile,NA,Santiago Metropolitan Region,7112808,453,34,241826,8373
2020-08-26,Chile,NA,Santiago Metropolitan Region,7112808,357,29,242183,8402
2020-08-27,Chile,NA,Santiago Metropolitan Region,7112808,468,29,242651,8431
2020-08-28,Chile,NA,Santiago Metropolitan Region,7112808,541,31,243192,8462
2020-08-29,Chile,NA,Santiago Metropolitan Region,7112808,559,21,243751,8483
2020-08-30,Chile,NA,Santiago Metropolitan Region,7112808,641,34,244392,8517
2020-08-31,Chile,NA,Santiago Metropolitan Region,7112808,482,21,244874,8538
2020-04-21,Chile,NA,Tarapaca,330558,11,0,104,0
2020-04-22,Chile,NA,Tarapaca,330558,10,0,114,0
2020-04-23,Chile,NA,Tarapaca,330558,14,0,128,0
2020-04-24,Chile,NA,Tarapaca,330558,6,0,134,0
2020-04-25,Chile,NA,Tarapaca,330558,9,1,143,1
2020-04-26,Chile,NA,Tarapaca,330558,13,0,156,1
2020-04-27,Chile,NA,Tarapaca,330558,8,0,164,1
2020-04-28,Chile,NA,Tarapaca,330558,5,0,169,1
2020-04-29,Chile,NA,Tarapaca,330558,14,0,183,1
2020-04-30,Chile,NA,Tarapaca,330558,15,0,198,1
2020-05-01,Chile,NA,Tarapaca,330558,2,0,200,1
2020-05-02,Chile,NA,Tarapaca,330558,12,0,212,1
2020-05-03,Chile,NA,Tarapaca,330558,60,0,272,1
2020-05-04,Chile,NA,Tarapaca,330558,23,0,295,1
2020-05-05,Chile,NA,Tarapaca,330558,27,0,322,1
2020-05-06,Chile,NA,Tarapaca,330558,17,0,339,1
2020-05-07,Chile,NA,Tarapaca,330558,78,0,417,1
2020-05-08,Chile,NA,Tarapaca,330558,42,0,459,1
2020-05-09,Chile,NA,Tarapaca,330558,26,0,485,1
2020-05-10,Chile,NA,Tarapaca,330558,35,0,520,1
2020-05-11,Chile,NA,Tarapaca,330558,27,0,547,1
2020-05-12,Chile,NA,Tarapaca,330558,31,0,578,1
2020-05-13,Chile,NA,Tarapaca,330558,37,0,615,1
2020-05-14,Chile,NA,Tarapaca,330558,67,0,682,1
2020-05-15,Chile,NA,Tarapaca,330558,97,1,779,2
2020-05-16,Chile,NA,Tarapaca,330558,66,0,845,2
2020-05-17,Chile,NA,Tarapaca,330558,130,2,975,4
2020-05-18,Chile,NA,Tarapaca,330558,81,0,1056,4
2020-05-19,Chile,NA,Tarapaca,330558,53,0,1109,4
2020-05-20,Chile,NA,Tarapaca,330558,30,0,1139,4
2020-05-21,Chile,NA,Tarapaca,330558,107,0,1246,4
2020-05-22,Chile,NA,Tarapaca,330558,147,1,1393,5
2020-05-23,Chile,NA,Tarapaca,330558,78,0,1471,5
2020-05-24,Chile,NA,Tarapaca,330558,93,2,1564,7
2020-05-25,Chile,NA,Tarapaca,330558,66,0,1630,7
2020-05-26,Chile,NA,Tarapaca,330558,107,1,1737,8
2020-05-27,Chile,NA,Tarapaca,330558,74,3,1811,11
2020-05-28,Chile,NA,Tarapaca,330558,146,1,1957,12
2020-05-29,Chile,NA,Tarapaca,330558,136,2,2093,14
2020-05-30,Chile,NA,Tarapaca,330558,157,4,2250,18
2020-05-31,Chile,NA,Tarapaca,330558,111,3,2361,21
2020-06-01,Chile,NA,Tarapaca,330558,165,1,2526,22
2020-06-02,Chile,NA,Tarapaca,330558,68,1,2594,23
2020-06-03,Chile,NA,Tarapaca,330558,88,5,2682,28
2020-06-04,Chile,NA,Tarapaca,330558,128,0,2810,28
2020-06-05,Chile,NA,Tarapaca,330558,155,0,2965,28
2020-06-06,Chile,NA,Tarapaca,330558,129,2,3094,30
2020-06-07,Chile,NA,Tarapaca,330558,156,5,3250,35
2020-06-08,Chile,NA,Tarapaca,330558,142,0,3392,35
2020-06-09,Chile,NA,Tarapaca,330558,99,0,3491,35
2020-06-10,Chile,NA,Tarapaca,330558,100,11,3591,46
2020-06-11,Chile,NA,Tarapaca,330558,105,0,3696,46
2020-06-12,Chile,NA,Tarapaca,330558,127,2,3823,48
2020-06-13,Chile,NA,Tarapaca,330558,181,4,4004,52
2020-06-14,Chile,NA,Tarapaca,330558,141,6,4145,58
2020-06-15,Chile,NA,Tarapaca,330558,113,0,4258,58
2020-06-16,Chile,NA,Tarapaca,330558,107,0,4365,58
2020-06-17,Chile,NA,Tarapaca,330558,114,9,4479,67
2020-06-18,Chile,NA,Tarapaca,330558,82,1,4561,68
2020-06-19,Chile,NA,Tarapaca,330558,126,3,4687,71
2020-06-20,Chile,NA,Tarapaca,330558,148,8,4835,79
2020-06-21,Chile,NA,Tarapaca,330558,115,1,4950,80
2020-06-22,Chile,NA,Tarapaca,330558,97,0,5047,80
2020-06-23,Chile,NA,Tarapaca,330558,87,0,5134,80
2020-06-24,Chile,NA,Tarapaca,330558,62,4,5196,84
2020-06-25,Chile,NA,Tarapaca,330558,73,1,5269,85
2020-06-26,Chile,NA,Tarapaca,330558,135,0,5404,85
2020-06-27,Chile,NA,Tarapaca,330558,59,3,5463,88
2020-06-28,Chile,NA,Tarapaca,330558,122,3,5585,91
2020-06-29,Chile,NA,Tarapaca,330558,81,0,5666,91
2020-06-30,Chile,NA,Tarapaca,330558,75,0,5741,91
2020-07-01,Chile,NA,Tarapaca,330558,67,0,5808,91
2020-07-02,Chile,NA,Tarapaca,330558,99,4,5907,95
2020-07-03,Chile,NA,Tarapaca,330558,83,1,5990,96
2020-07-04,Chile,NA,Tarapaca,330558,74,2,6064,98
2020-07-05,Chile,NA,Tarapaca,330558,136,4,6200,102
2020-07-06,Chile,NA,Tarapaca,330558,124,0,6324,102
2020-07-07,Chile,NA,Tarapaca,330558,73,0,6397,102
2020-07-08,Chile,NA,Tarapaca,330558,84,3,6481,105
2020-07-09,Chile,NA,Tarapaca,330558,78,2,6559,107
2020-07-10,Chile,NA,Tarapaca,330558,94,0,6653,107
2020-07-11,Chile,NA,Tarapaca,330558,89,1,6742,108
2020-07-12,Chile,NA,Tarapaca,330558,97,3,6839,111
2020-07-13,Chile,NA,Tarapaca,330558,44,0,6883,111
2020-07-14,Chile,NA,Tarapaca,330558,26,0,6909,111
2020-07-15,Chile,NA,Tarapaca,330558,49,4,6958,115
2020-07-16,Chile,NA,Tarapaca,330558,43,2,7001,117
2020-07-17,Chile,NA,Tarapaca,330558,98,22,7099,139
2020-07-18,Chile,NA,Tarapaca,330558,105,1,7204,140
2020-07-19,Chile,NA,Tarapaca,330558,70,1,7274,141
2020-07-20,Chile,NA,Tarapaca,330558,134,3,7408,144
2020-07-21,Chile,NA,Tarapaca,330558,54,0,7462,144
2020-07-22,Chile,NA,Tarapaca,330558,50,0,7512,144
2020-07-23,Chile,NA,Tarapaca,330558,84,6,7596,150
2020-07-24,Chile,NA,Tarapaca,330558,125,0,7721,150
2020-07-25,Chile,NA,Tarapaca,330558,70,3,7791,153
2020-07-26,Chile,NA,Tarapaca,330558,41,2,7832,155
2020-07-27,Chile,NA,Tarapaca,330558,120,4,7952,159
2020-07-28,Chile,NA,Tarapaca,330558,276,1,8228,160
2020-07-29,Chile,NA,Tarapaca,330558,63,0,8291,160
2020-07-30,Chile,NA,Tarapaca,330558,116,2,8407,162
2020-07-31,Chile,NA,Tarapaca,330558,35,4,8442,166
2020-08-01,Chile,NA,Tarapaca,330558,64,2,8506,168
2020-08-02,Chile,NA,Tarapaca,330558,61,2,8567,170
2020-08-03,Chile,NA,Tarapaca,330558,63,3,8630,173
2020-08-04,Chile,NA,Tarapaca,330558,60,0,8690,173
2020-08-05,Chile,NA,Tarapaca,330558,83,0,8773,173
2020-08-06,Chile,NA,Tarapaca,330558,39,4,8812,177
2020-08-07,Chile,NA,Tarapaca,330558,85,1,8897,178
2020-08-08,Chile,NA,Tarapaca,330558,27,2,8924,180
2020-08-09,Chile,NA,Tarapaca,330558,89,1,9013,181
2020-08-10,Chile,NA,Tarapaca,330558,52,1,9065,182
2020-08-11,Chile,NA,Tarapaca,330558,124,0,9189,182
2020-08-12,Chile,NA,Tarapaca,330558,72,0,9261,182
2020-08-13,Chile,NA,Tarapaca,330558,85,3,9346,185
2020-08-14,Chile,NA,Tarapaca,330558,72,0,9418,185
2020-08-15,Chile,NA,Tarapaca,330558,51,0,9469,185
2020-08-16,Chile,NA,Tarapaca,330558,54,1,9523,186
2020-08-17,Chile,NA,Tarapaca,330558,93,0,9616,186
2020-08-18,Chile,NA,Tarapaca,330558,63,0,9679,186
2020-08-19,Chile,NA,Tarapaca,330558,52,0,9731,186
2020-08-20,Chile,NA,Tarapaca,330558,52,5,9783,191
2020-08-21,Chile,NA,Tarapaca,330558,76,0,9859,191
2020-08-22,Chile,NA,Tarapaca,330558,49,2,9908,193
2020-08-23,Chile,NA,Tarapaca,330558,69,0,9977,193
2020-08-24,Chile,NA,Tarapaca,330558,54,3,10031,196
2020-08-25,Chile,NA,Tarapaca,330558,44,0,10075,196
2020-08-26,Chile,NA,Tarapaca,330558,38,0,10113,196
2020-08-27,Chile,NA,Tarapaca,330558,39,2,10152,198
2020-08-28,Chile,NA,Tarapaca,330558,35,1,10187,199
2020-08-29,Chile,NA,Tarapaca,330558,64,0,10251,199
2020-08-30,Chile,NA,Tarapaca,330558,43,4,10294,203
2020-08-31,Chile,NA,Tarapaca,330558,39,1,10333,204
2020-03-30,Chile,NA,Valparaiso,1815902,28,0,108,0
2020-03-31,Chile,NA,Valparaiso,1815902,7,1,115,1
2020-04-01,Chile,NA,Valparaiso,1815902,21,0,136,1
2020-04-02,Chile,NA,Valparaiso,1815902,20,0,156,1
2020-04-03,Chile,NA,Valparaiso,1815902,20,0,176,1
2020-04-04,Chile,NA,Valparaiso,1815902,9,0,185,1
2020-04-05,Chile,NA,Valparaiso,1815902,6,0,191,1
2020-04-06,Chile,NA,Valparaiso,1815902,7,0,198,1
2020-04-07,Chile,NA,Valparaiso,1815902,16,0,214,1
2020-04-08,Chile,NA,Valparaiso,1815902,11,1,225,2
2020-04-09,Chile,NA,Valparaiso,1815902,5,0,230,2
2020-04-10,Chile,NA,Valparaiso,1815902,11,0,241,2
2020-04-11,Chile,NA,Valparaiso,1815902,7,0,248,2
2020-04-12,Chile,NA,Valparaiso,1815902,6,0,254,2
2020-04-13,Chile,NA,Valparaiso,1815902,19,0,273,2
2020-04-14,Chile,NA,Valparaiso,1815902,12,0,285,2
2020-04-15,Chile,NA,Valparaiso,1815902,14,0,299,2
2020-04-16,Chile,NA,Valparaiso,1815902,31,2,330,4
2020-04-17,Chile,NA,Valparaiso,1815902,15,0,345,4
2020-04-18,Chile,NA,Valparaiso,1815902,14,0,359,4
2020-04-19,Chile,NA,Valparaiso,1815902,22,1,381,5
2020-04-20,Chile,NA,Valparaiso,1815902,7,0,388,5
2020-04-21,Chile,NA,Valparaiso,1815902,15,1,403,6
2020-04-22,Chile,NA,Valparaiso,1815902,18,1,421,7
2020-04-23,Chile,NA,Valparaiso,1815902,8,0,429,7
2020-04-24,Chile,NA,Valparaiso,1815902,7,1,436,8
2020-04-25,Chile,NA,Valparaiso,1815902,18,1,454,9
2020-04-26,Chile,NA,Valparaiso,1815902,6,0,460,9
2020-04-27,Chile,NA,Valparaiso,1815902,25,0,485,9
2020-04-28,Chile,NA,Valparaiso,1815902,8,1,493,10
2020-04-29,Chile,NA,Valparaiso,1815902,33,2,526,12
2020-04-30,Chile,NA,Valparaiso,1815902,33,0,559,12
2020-05-01,Chile,NA,Valparaiso,1815902,9,0,568,12
2020-05-02,Chile,NA,Valparaiso,1815902,46,1,614,13
2020-05-03,Chile,NA,Valparaiso,1815902,24,0,638,13
2020-05-04,Chile,NA,Valparaiso,1815902,18,0,656,13
2020-05-05,Chile,NA,Valparaiso,1815902,31,2,687,15
2020-05-06,Chile,NA,Valparaiso,1815902,29,1,716,16
2020-05-07,Chile,NA,Valparaiso,1815902,65,1,781,17
2020-05-08,Chile,NA,Valparaiso,1815902,47,1,828,18
2020-05-09,Chile,NA,Valparaiso,1815902,50,1,878,19
2020-05-10,Chile,NA,Valparaiso,1815902,55,1,933,20
2020-05-11,Chile,NA,Valparaiso,1815902,37,1,970,21
2020-05-12,Chile,NA,Valparaiso,1815902,59,2,1029,23
2020-05-13,Chile,NA,Valparaiso,1815902,94,1,1123,24
2020-05-14,Chile,NA,Valparaiso,1815902,90,1,1213,25
2020-05-15,Chile,NA,Valparaiso,1815902,99,2,1312,27
2020-05-16,Chile,NA,Valparaiso,1815902,53,1,1365,28
2020-05-17,Chile,NA,Valparaiso,1815902,109,1,1474,29
2020-05-18,Chile,NA,Valparaiso,1815902,79,1,1553,30
2020-05-19,Chile,NA,Valparaiso,1815902,86,2,1639,32
2020-05-20,Chile,NA,Valparaiso,1815902,131,3,1770,35
2020-05-21,Chile,NA,Valparaiso,1815902,117,3,1887,38
2020-05-22,Chile,NA,Valparaiso,1815902,133,2,2020,40
2020-05-23,Chile,NA,Valparaiso,1815902,96,4,2116,44
2020-05-24,Chile,NA,Valparaiso,1815902,114,4,2230,48
2020-05-25,Chile,NA,Valparaiso,1815902,75,5,2305,53
2020-05-26,Chile,NA,Valparaiso,1815902,150,4,2455,57
2020-05-27,Chile,NA,Valparaiso,1815902,121,1,2576,58
2020-05-28,Chile,NA,Valparaiso,1815902,154,2,2730,60
2020-05-29,Chile,NA,Valparaiso,1815902,112,1,2842,61
2020-05-30,Chile,NA,Valparaiso,1815902,195,2,3037,63
2020-05-31,Chile,NA,Valparaiso,1815902,130,3,3167,66
2020-06-01,Chile,NA,Valparaiso,1815902,181,4,3348,70
2020-06-02,Chile,NA,Valparaiso,1815902,247,2,3595,72
2020-06-03,Chile,NA,Valparaiso,1815902,174,5,3769,77
2020-06-04,Chile,NA,Valparaiso,1815902,248,1,4017,78
2020-06-05,Chile,NA,Valparaiso,1815902,249,10,4266,88
2020-06-06,Chile,NA,Valparaiso,1815902,314,3,4580,91
2020-06-07,Chile,NA,Valparaiso,1815902,282,0,4862,83
2020-06-08,Chile,NA,Valparaiso,1815902,287,2,5149,85
2020-06-09,Chile,NA,Valparaiso,1815902,242,0,5391,85
2020-06-10,Chile,NA,Valparaiso,1815902,223,14,5614,99
2020-06-11,Chile,NA,Valparaiso,1815902,251,8,5865,107
2020-06-12,Chile,NA,Valparaiso,1815902,306,11,6171,118
2020-06-13,Chile,NA,Valparaiso,1815902,356,2,6527,120
2020-06-14,Chile,NA,Valparaiso,1815902,231,5,6758,125
2020-06-15,Chile,NA,Valparaiso,1815902,254,1,7012,126
2020-06-16,Chile,NA,Valparaiso,1815902,250,0,7262,126
2020-06-17,Chile,NA,Valparaiso,1815902,206,15,7468,141
2020-06-18,Chile,NA,Valparaiso,1815902,220,2,7688,143
2020-06-19,Chile,NA,Valparaiso,1815902,285,7,7973,150
2020-06-20,Chile,NA,Valparaiso,1815902,256,8,8229,158
2020-06-21,Chile,NA,Valparaiso,1815902,284,12,8513,170
2020-06-22,Chile,NA,Valparaiso,1815902,317,0,8830,170
2020-06-23,Chile,NA,Valparaiso,1815902,286,0,9116,170
2020-06-24,Chile,NA,Valparaiso,1815902,286,17,9402,187
2020-06-25,Chile,NA,Valparaiso,1815902,295,8,9697,195
2020-06-26,Chile,NA,Valparaiso,1815902,315,9,10012,204
2020-06-27,Chile,NA,Valparaiso,1815902,257,13,10269,217
2020-06-28,Chile,NA,Valparaiso,1815902,253,12,10522,229
2020-06-29,Chile,NA,Valparaiso,1815902,234,0,10756,229
2020-06-30,Chile,NA,Valparaiso,1815902,211,1,10967,230
2020-07-01,Chile,NA,Valparaiso,1815902,256,0,11223,230
2020-07-02,Chile,NA,Valparaiso,1815902,193,22,11416,252
2020-07-03,Chile,NA,Valparaiso,1815902,264,14,11680,266
2020-07-04,Chile,NA,Valparaiso,1815902,301,12,11981,278
2020-07-05,Chile,NA,Valparaiso,1815902,285,14,12266,292
2020-07-06,Chile,NA,Valparaiso,1815902,180,0,12446,292
2020-07-07,Chile,NA,Valparaiso,1815902,202,0,12648,292
2020-07-08,Chile,NA,Valparaiso,1815902,165,11,12813,303
2020-07-09,Chile,NA,Valparaiso,1815902,199,9,13012,312
2020-07-10,Chile,NA,Valparaiso,1815902,256,8,13268,320
2020-07-11,Chile,NA,Valparaiso,1815902,204,6,13472,326
2020-07-12,Chile,NA,Valparaiso,1815902,259,5,13731,331
2020-07-13,Chile,NA,Valparaiso,1815902,218,0,13949,331
2020-07-14,Chile,NA,Valparaiso,1815902,169,0,14118,331
2020-07-15,Chile,NA,Valparaiso,1815902,113,16,14231,347
2020-07-16,Chile,NA,Valparaiso,1815902,196,16,14427,363
2020-07-17,Chile,NA,Valparaiso,1815902,193,44,14620,407
2020-07-18,Chile,NA,Valparaiso,1815902,142,6,14762,413
2020-07-19,Chile,NA,Valparaiso,1815902,180,1,14942,414
2020-07-20,Chile,NA,Valparaiso,1815902,181,13,15123,427
2020-07-21,Chile,NA,Valparaiso,1815902,146,0,15269,427
2020-07-22,Chile,NA,Valparaiso,1815902,207,1,15476,428
2020-07-23,Chile,NA,Valparaiso,1815902,197,13,15673,441
2020-07-24,Chile,NA,Valparaiso,1815902,160,10,15833,451
2020-07-25,Chile,NA,Valparaiso,1815902,247,9,16080,460
2020-07-26,Chile,NA,Valparaiso,1815902,143,4,16223,464
2020-07-27,Chile,NA,Valparaiso,1815902,147,6,16370,470
2020-07-28,Chile,NA,Valparaiso,1815902,131,1,16501,471
2020-07-29,Chile,NA,Valparaiso,1815902,111,0,16612,471
2020-07-30,Chile,NA,Valparaiso,1815902,176,21,16788,492
2020-07-31,Chile,NA,Valparaiso,1815902,149,5,16937,497
2020-08-01,Chile,NA,Valparaiso,1815902,185,10,17122,507
2020-08-02,Chile,NA,Valparaiso,1815902,193,6,17315,513
2020-08-03,Chile,NA,Valparaiso,1815902,123,9,17438,522
2020-08-04,Chile,NA,Valparaiso,1815902,137,0,17575,522
2020-08-05,Chile,NA,Valparaiso,1815902,109,2,17684,524
2020-08-06,Chile,NA,Valparaiso,1815902,190,18,17874,542
2020-08-07,Chile,NA,Valparaiso,1815902,166,5,18040,547
2020-08-08,Chile,NA,Valparaiso,1815902,240,4,18280,551
2020-08-09,Chile,NA,Valparaiso,1815902,170,13,18450,564
2020-08-10,Chile,NA,Valparaiso,1815902,155,5,18605,569
2020-08-11,Chile,NA,Valparaiso,1815902,127,0,18732,569
2020-08-12,Chile,NA,Valparaiso,1815902,145,4,18877,573
2020-08-13,Chile,NA,Valparaiso,1815902,181,19,19058,592
2020-08-14,Chile,NA,Valparaiso,1815902,186,3,19244,595
2020-08-15,Chile,NA,Valparaiso,1815902,183,5,19427,600
2020-08-16,Chile,NA,Valparaiso,1815902,234,7,19661,607
2020-08-17,Chile,NA,Valparaiso,1815902,130,9,19791,616
2020-08-18,Chile,NA,Valparaiso,1815902,111,1,19902,617
2020-08-19,Chile,NA,Valparaiso,1815902,160,1,20062,618
2020-08-20,Chile,NA,Valparaiso,1815902,154,10,20216,628
2020-08-21,Chile,NA,Valparaiso,1815902,190,6,20406,634
2020-08-22,Chile,NA,Valparaiso,1815902,165,7,20571,641
2020-08-23,Chile,NA,Valparaiso,1815902,193,4,20764,645
2020-08-24,Chile,NA,Valparaiso,1815902,172,6,20936,651
2020-08-25,Chile,NA,Valparaiso,1815902,111,1,21047,652
2020-08-26,Chile,NA,Valparaiso,1815902,141,0,21188,652
2020-08-27,Chile,NA,Valparaiso,1815902,179,13,21367,665
2020-08-28,Chile,NA,Valparaiso,1815902,218,9,21585,674
2020-08-29,Chile,NA,Valparaiso,1815902,233,8,21818,682
2020-08-30,Chile,NA,Valparaiso,1815902,233,11,22051,693
2020-08-31,Chile,NA,Valparaiso,1815902,206,8,22257,701
2020-03-24,Chile,NA,Nuble,480609,24,0,105,0
2020-03-25,Chile,NA,Nuble,480609,6,0,111,0
2020-03-26,Chile,NA,Nuble,480609,3,0,114,0
2020-03-27,Chile,NA,Nuble,480609,30,0,144,0
2020-03-28,Chile,NA,Nuble,480609,28,0,172,0
2020-03-29,Chile,NA,Nuble,480609,25,0,197,0
2020-03-30,Chile,NA,Nuble,480609,32,0,229,0
2020-03-31,Chile,NA,Nuble,480609,16,0,245,0
2020-04-01,Chile,NA,Nuble,480609,14,0,259,0
2020-04-02,Chile,NA,Nuble,480609,82,0,341,0
2020-04-03,Chile,NA,Nuble,480609,29,1,370,1
2020-04-04,Chile,NA,Nuble,480609,31,1,401,2
2020-04-05,Chile,NA,Nuble,480609,24,1,425,3
2020-04-06,Chile,NA,Nuble,480609,49,1,474,4
2020-04-07,Chile,NA,Nuble,480609,48,1,522,5
2020-04-08,Chile,NA,Nuble,480609,39,0,561,5
2020-04-09,Chile,NA,Nuble,480609,10,1,571,6
2020-04-10,Chile,NA,Nuble,480609,18,0,589,6
2020-04-11,Chile,NA,Nuble,480609,17,0,606,6
2020-04-12,Chile,NA,Nuble,480609,7,1,613,7
2020-04-13,Chile,NA,Nuble,480609,5,0,618,7
2020-04-14,Chile,NA,Nuble,480609,4,1,622,8
2020-04-15,Chile,NA,Nuble,480609,12,0,634,8
2020-04-16,Chile,NA,Nuble,480609,5,2,639,10
2020-04-17,Chile,NA,Nuble,480609,17,1,656,11
2020-04-18,Chile,NA,Nuble,480609,11,1,667,12
2020-04-19,Chile,NA,Nuble,480609,11,1,678,13
2020-04-20,Chile,NA,Nuble,480609,9,0,687,13
2020-04-21,Chile,NA,Nuble,480609,7,0,694,13
2020-04-22,Chile,NA,Nuble,480609,9,0,703,13
2020-04-23,Chile,NA,Nuble,480609,5,0,708,13
2020-04-24,Chile,NA,Nuble,480609,7,1,715,14
2020-04-25,Chile,NA,Nuble,480609,10,0,725,14
2020-04-26,Chile,NA,Nuble,480609,6,0,731,14
2020-04-27,Chile,NA,Nuble,480609,10,0,741,14
2020-04-28,Chile,NA,Nuble,480609,6,0,747,14
2020-04-29,Chile,NA,Nuble,480609,14,0,761,14
2020-04-30,Chile,NA,Nuble,480609,7,0,768,14
2020-05-01,Chile,NA,Nuble,480609,0,0,768,14
2020-05-02,Chile,NA,Nuble,480609,8,2,776,16
2020-05-03,Chile,NA,Nuble,480609,10,0,786,16
2020-05-04,Chile,NA,Nuble,480609,1,1,787,17
2020-05-05,Chile,NA,Nuble,480609,2,0,789,17
2020-05-06,Chile,NA,Nuble,480609,2,0,791,17
2020-05-07,Chile,NA,Nuble,480609,2,0,793,17
2020-05-08,Chile,NA,Nuble,480609,1,1,794,18
2020-05-09,Chile,NA,Nuble,480609,7,0,801,18
2020-05-10,Chile,NA,Nuble,480609,11,0,812,18
2020-05-11,Chile,NA,Nuble,480609,2,0,814,18
2020-05-12,Chile,NA,Nuble,480609,12,1,826,19
2020-05-13,Chile,NA,Nuble,480609,13,0,839,19
2020-05-14,Chile,NA,Nuble,480609,10,1,849,20
2020-05-15,Chile,NA,Nuble,480609,36,0,885,20
2020-05-16,Chile,NA,Nuble,480609,36,0,921,20
2020-05-17,Chile,NA,Nuble,480609,21,0,942,20
2020-05-18,Chile,NA,Nuble,480609,43,1,985,21
2020-05-19,Chile,NA,Nuble,480609,3,0,988,21
2020-05-20,Chile,NA,Nuble,480609,23,0,1011,21
2020-05-21,Chile,NA,Nuble,480609,9,0,1020,21
2020-05-22,Chile,NA,Nuble,480609,5,0,1025,21
2020-05-23,Chile,NA,Nuble,480609,52,0,1077,21
2020-05-24,Chile,NA,Nuble,480609,25,0,1102,21
2020-05-25,Chile,NA,Nuble,480609,37,1,1139,22
2020-05-26,Chile,NA,Nuble,480609,8,0,1147,22
2020-05-27,Chile,NA,Nuble,480609,27,0,1174,22
2020-05-28,Chile,NA,Nuble,480609,31,0,1205,22
2020-05-29,Chile,NA,Nuble,480609,37,0,1242,22
2020-05-30,Chile,NA,Nuble,480609,14,1,1256,23
2020-05-31,Chile,NA,Nuble,480609,1,0,1257,23
2020-06-01,Chile,NA,Nuble,480609,33,0,1290,23
2020-06-02,Chile,NA,Nuble,480609,0,0,1290,23
2020-06-03,Chile,NA,Nuble,480609,39,1,1329,24
2020-06-04,Chile,NA,Nuble,480609,43,0,1372,24
2020-06-05,Chile,NA,Nuble,480609,57,0,1429,24
2020-06-06,Chile,NA,Nuble,480609,41,0,1470,24
2020-06-07,Chile,NA,Nuble,480609,20,0,1490,18
2020-06-08,Chile,NA,Nuble,480609,62,0,1552,18
2020-06-09,Chile,NA,Nuble,480609,32,0,1584,18
2020-06-10,Chile,NA,Nuble,480609,32,2,1616,20
2020-06-11,Chile,NA,Nuble,480609,57,0,1673,20
2020-06-12,Chile,NA,Nuble,480609,45,0,1718,20
2020-06-13,Chile,NA,Nuble,480609,19,2,1737,22
2020-06-14,Chile,NA,Nuble,480609,41,0,1778,22
2020-06-15,Chile,NA,Nuble,480609,54,0,1832,22
2020-06-16,Chile,NA,Nuble,480609,20,0,1852,22
2020-06-17,Chile,NA,Nuble,480609,53,2,1905,24
2020-06-18,Chile,NA,Nuble,480609,45,0,1950,24
2020-06-19,Chile,NA,Nuble,480609,129,1,2079,25
2020-06-20,Chile,NA,Nuble,480609,32,2,2111,27
2020-06-21,Chile,NA,Nuble,480609,24,1,2135,28
2020-06-22,Chile,NA,Nuble,480609,22,0,2157,28
2020-06-23,Chile,NA,Nuble,480609,14,0,2171,28
2020-06-24,Chile,NA,Nuble,480609,24,1,2195,29
2020-06-25,Chile,NA,Nuble,480609,14,1,2209,30
2020-06-26,Chile,NA,Nuble,480609,41,1,2250,31
2020-06-27,Chile,NA,Nuble,480609,43,0,2293,31
2020-06-28,Chile,NA,Nuble,480609,46,1,2339,32
2020-06-29,Chile,NA,Nuble,480609,21,0,2360,32
2020-06-30,Chile,NA,Nuble,480609,13,0,2373,32
2020-07-01,Chile,NA,Nuble,480609,17,0,2390,32
2020-07-02,Chile,NA,Nuble,480609,33,1,2423,33
2020-07-03,Chile,NA,Nuble,480609,43,0,2466,33
2020-07-04,Chile,NA,Nuble,480609,43,0,2509,33
2020-07-05,Chile,NA,Nuble,480609,44,0,2553,33
2020-07-06,Chile,NA,Nuble,480609,40,0,2593,33
2020-07-07,Chile,NA,Nuble,480609,23,0,2616,33
2020-07-08,Chile,NA,Nuble,480609,60,2,2676,35
2020-07-09,Chile,NA,Nuble,480609,82,1,2758,36
2020-07-10,Chile,NA,Nuble,480609,56,1,2814,37
2020-07-11,Chile,NA,Nuble,480609,71,1,2885,38
2020-07-12,Chile,NA,Nuble,480609,56,2,2941,40
2020-07-13,Chile,NA,Nuble,480609,24,0,2965,40
2020-07-14,Chile,NA,Nuble,480609,24,0,2989,40
2020-07-15,Chile,NA,Nuble,480609,19,0,3008,40
2020-07-16,Chile,NA,Nuble,480609,58,0,3066,40
2020-07-17,Chile,NA,Nuble,480609,15,12,3081,52
2020-07-18,Chile,NA,Nuble,480609,98,1,3179,53
2020-07-19,Chile,NA,Nuble,480609,29,0,3208,53
2020-07-20,Chile,NA,Nuble,480609,28,1,3236,54
2020-07-21,Chile,NA,Nuble,480609,23,0,3259,54
2020-07-22,Chile,NA,Nuble,480609,13,0,3272,54
2020-07-23,Chile,NA,Nuble,480609,37,2,3309,56
2020-07-24,Chile,NA,Nuble,480609,27,3,3336,59
2020-07-25,Chile,NA,Nuble,480609,21,1,3357,60
2020-07-26,Chile,NA,Nuble,480609,7,0,3364,60
2020-07-27,Chile,NA,Nuble,480609,59,0,3423,60
2020-07-28,Chile,NA,Nuble,480609,13,0,3436,60
2020-07-29,Chile,NA,Nuble,480609,30,0,3466,60
2020-07-30,Chile,NA,Nuble,480609,25,1,3491,61
2020-07-31,Chile,NA,Nuble,480609,25,1,3516,62
2020-08-01,Chile,NA,Nuble,480609,27,0,3543,62
2020-08-02,Chile,NA,Nuble,480609,27,0,3570,62
2020-08-03,Chile,NA,Nuble,480609,20,1,3590,63
2020-08-04,Chile,NA,Nuble,480609,13,0,3603,63
2020-08-05,Chile,NA,Nuble,480609,28,0,3631,63
2020-08-06,Chile,NA,Nuble,480609,13,2,3644,65
2020-08-07,Chile,NA,Nuble,480609,46,3,3690,68
2020-08-08,Chile,NA,Nuble,480609,49,1,3739,69
2020-08-09,Chile,NA,Nuble,480609,32,0,3771,69
2020-08-10,Chile,NA,Nuble,480609,38,0,3809,69
2020-08-11,Chile,NA,Nuble,480609,20,0,3829,69
2020-08-12,Chile,NA,Nuble,480609,36,0,3865,69
2020-08-13,Chile,NA,Nuble,480609,31,1,3896,70
2020-08-14,Chile,NA,Nuble,480609,32,1,3928,71
2020-08-15,Chile,NA,Nuble,480609,8,2,3936,73
2020-08-16,Chile,NA,Nuble,480609,11,0,3947,73
2020-08-17,Chile,NA,Nuble,480609,37,0,3984,73
2020-08-18,Chile,NA,Nuble,480609,30,0,4014,73
2020-08-19,Chile,NA,Nuble,480609,29,0,4043,73
2020-08-20,Chile,NA,Nuble,480609,44,1,4087,74
2020-08-21,Chile,NA,Nuble,480609,40,1,4127,75
2020-08-22,Chile,NA,Nuble,480609,66,0,4193,75
2020-08-23,Chile,NA,Nuble,480609,38,0,4231,75
2020-08-24,Chile,NA,Nuble,480609,60,0,4291,75
2020-08-25,Chile,NA,Nuble,480609,39,0,4330,75
2020-08-26,Chile,NA,Nuble,480609,70,0,4400,75
2020-08-27,Chile,NA,Nuble,480609,54,1,4454,76
2020-08-28,Chile,NA,Nuble,480609,88,1,4542,77
2020-08-29,Chile,NA,Nuble,480609,92,3,4634,80
2020-08-30,Chile,NA,Nuble,480609,57,0,4691,80
2020-08-31,Chile,NA,Nuble,480609,80,0,4771,80
2020-04-29,Colombia,NA,Amazonas,79020,27,3,105,12
2020-04-30,Colombia,NA,Amazonas,79020,0,5,105,17
2020-05-01,Colombia,NA,Amazonas,79020,1,2,106,19
2020-05-02,Colombia,NA,Amazonas,79020,32,1,138,20
2020-05-03,Colombia,NA,Amazonas,79020,46,0,184,20
2020-05-04,Colombia,NA,Amazonas,79020,47,1,231,21
2020-05-05,Colombia,NA,Amazonas,79020,1,3,232,24
2020-05-06,Colombia,NA,Amazonas,79020,1,5,233,29
2020-05-07,Colombia,NA,Amazonas,79020,188,8,421,37
2020-05-08,Colombia,NA,Amazonas,79020,12,2,433,39
2020-05-09,Colombia,NA,Amazonas,79020,3,0,436,39
2020-05-10,Colombia,NA,Amazonas,79020,95,0,531,39
2020-05-11,Colombia,NA,Amazonas,79020,190,2,721,41
2020-05-12,Colombia,NA,Amazonas,79020,25,2,746,43
2020-05-13,Colombia,NA,Amazonas,79020,128,4,874,47
2020-05-14,Colombia,NA,Amazonas,79020,53,2,927,49
2020-05-15,Colombia,NA,Amazonas,79020,79,2,1006,51
2020-05-16,Colombia,NA,Amazonas,79020,1,1,1007,52
2020-05-17,Colombia,NA,Amazonas,79020,4,2,1011,54
2020-05-18,Colombia,NA,Amazonas,79020,176,4,1187,58
2020-05-19,Colombia,NA,Amazonas,79020,38,3,1225,61
2020-05-20,Colombia,NA,Amazonas,79020,91,0,1316,61
2020-05-21,Colombia,NA,Amazonas,79020,74,1,1390,62
2020-05-22,Colombia,NA,Amazonas,79020,1,2,1391,64
2020-05-23,Colombia,NA,Amazonas,79020,2,2,1393,66
2020-05-24,Colombia,NA,Amazonas,79020,62,2,1455,68
2020-05-25,Colombia,NA,Amazonas,79020,55,0,1510,68
2020-05-26,Colombia,NA,Amazonas,79020,29,2,1539,70
2020-05-27,Colombia,NA,Amazonas,79020,190,6,1729,76
2020-05-28,Colombia,NA,Amazonas,79020,39,0,1768,76
2020-05-29,Colombia,NA,Amazonas,79020,38,1,1806,77
2020-05-30,Colombia,NA,Amazonas,79020,34,1,1840,78
2020-05-31,Colombia,NA,Amazonas,79020,13,0,1853,78
2020-06-01,Colombia,NA,Amazonas,79020,0,1,1853,79
2020-06-02,Colombia,NA,Amazonas,79020,4,3,1857,82
2020-06-03,Colombia,NA,Amazonas,79020,43,4,1900,86
2020-06-04,Colombia,NA,Amazonas,79020,0,1,1900,87
2020-06-05,Colombia,NA,Amazonas,79020,30,4,1930,91
2020-06-06,Colombia,NA,Amazonas,79020,6,1,1936,92
2020-06-07,Colombia,NA,Amazonas,79020,12,1,1948,93
2020-06-08,Colombia,NA,Amazonas,79020,37,1,1985,94
2020-06-09,Colombia,NA,Amazonas,79020,4,0,1989,94
2020-06-10,Colombia,NA,Amazonas,79020,33,1,2022,95
2020-06-11,Colombia,NA,Amazonas,79020,22,0,2044,95
2020-06-12,Colombia,NA,Amazonas,79020,1,1,2045,96
2020-06-13,Colombia,NA,Amazonas,79020,19,0,2064,96
2020-06-14,Colombia,NA,Amazonas,79020,15,1,2079,97
2020-06-15,Colombia,NA,Amazonas,79020,5,0,2084,97
2020-06-16,Colombia,NA,Amazonas,79020,40,0,2124,97
2020-06-17,Colombia,NA,Amazonas,79020,8,0,2132,97
2020-06-18,Colombia,NA,Amazonas,79020,5,1,2137,98
2020-06-19,Colombia,NA,Amazonas,79020,7,0,2144,98
2020-06-20,Colombia,NA,Amazonas,79020,1,0,2145,98
2020-06-21,Colombia,NA,Amazonas,79020,10,0,2155,98
2020-06-22,Colombia,NA,Amazonas,79020,5,0,2160,98
2020-06-23,Colombia,NA,Amazonas,79020,17,1,2177,99
2020-06-24,Colombia,NA,Amazonas,79020,4,0,2181,99
2020-06-25,Colombia,NA,Amazonas,79020,3,0,2184,99
2020-06-26,Colombia,NA,Amazonas,79020,16,0,2200,99
2020-06-27,Colombia,NA,Amazonas,79020,7,0,2207,99
2020-06-28,Colombia,NA,Amazonas,79020,15,2,2222,101
2020-06-29,Colombia,NA,Amazonas,79020,20,0,2242,101
2020-06-30,Colombia,NA,Amazonas,79020,2,0,2244,101
2020-07-01,Colombia,NA,Amazonas,79020,18,0,2262,101
2020-07-02,Colombia,NA,Amazonas,79020,6,0,2268,101
2020-07-03,Colombia,NA,Amazonas,79020,3,0,2271,101
2020-07-04,Colombia,NA,Amazonas,79020,3,0,2274,101
2020-07-05,Colombia,NA,Amazonas,79020,12,1,2286,102
2020-07-06,Colombia,NA,Amazonas,79020,8,2,2294,104
2020-07-07,Colombia,NA,Amazonas,79020,5,1,2299,105
2020-07-08,Colombia,NA,Amazonas,79020,9,0,2308,105
2020-07-09,Colombia,NA,Amazonas,79020,9,0,2317,105
2020-07-10,Colombia,NA,Amazonas,79020,6,0,2323,105
2020-07-11,Colombia,NA,Amazonas,79020,6,0,2329,105
2020-07-12,Colombia,NA,Amazonas,79020,3,0,2332,105
2020-07-13,Colombia,NA,Amazonas,79020,6,0,2338,105
2020-07-14,Colombia,NA,Amazonas,79020,4,0,2342,105
2020-07-15,Colombia,NA,Amazonas,79020,9,0,2351,105
2020-07-16,Colombia,NA,Amazonas,79020,4,0,2355,105
2020-07-17,Colombia,NA,Amazonas,79020,1,0,2356,105
2020-07-18,Colombia,NA,Amazonas,79020,4,0,2360,105
2020-07-19,Colombia,NA,Amazonas,79020,0,0,2360,105
2020-07-20,Colombia,NA,Amazonas,79020,1,0,2361,105
2020-07-21,Colombia,NA,Amazonas,79020,1,1,2362,106
2020-07-22,Colombia,NA,Amazonas,79020,29,0,2391,106
2020-07-23,Colombia,NA,Amazonas,79020,5,0,2396,106
2020-07-24,Colombia,NA,Amazonas,79020,5,0,2401,106
2020-07-25,Colombia,NA,Amazonas,79020,0,0,2401,106
2020-07-26,Colombia,NA,Amazonas,79020,3,1,2404,107
2020-07-27,Colombia,NA,Amazonas,79020,0,0,2404,107
2020-07-28,Colombia,NA,Amazonas,79020,0,0,2404,107
2020-07-29,Colombia,NA,Amazonas,79020,2,0,2406,107
2020-07-30,Colombia,NA,Amazonas,79020,1,0,2407,107
2020-07-31,Colombia,NA,Amazonas,79020,2,1,2409,108
2020-08-01,Colombia,NA,Amazonas,79020,1,0,2410,108
2020-08-02,Colombia,NA,Amazonas,79020,6,0,2416,108
2020-08-03,Colombia,NA,Amazonas,79020,0,0,2416,108
2020-08-04,Colombia,NA,Amazonas,79020,36,0,2452,108
2020-08-05,Colombia,NA,Amazonas,79020,39,0,2491,108
2020-08-06,Colombia,NA,Amazonas,79020,0,2,2491,110
2020-08-07,Colombia,NA,Amazonas,79020,4,0,2495,110
2020-08-09,Colombia,NA,Amazonas,79020,32,0,2527,110
2020-08-10,Colombia,NA,Amazonas,79020,5,0,2532,110
2020-08-11,Colombia,NA,Amazonas,79020,7,1,2539,111
2020-08-12,Colombia,NA,Amazonas,79020,3,0,2542,111
2020-08-13,Colombia,NA,Amazonas,79020,6,0,2548,111
2020-08-14,Colombia,NA,Amazonas,79020,1,1,2549,112
2020-08-15,Colombia,NA,Amazonas,79020,7,0,2556,112
2020-08-16,Colombia,NA,Amazonas,79020,0,0,2556,112
2020-08-17,Colombia,NA,Amazonas,79020,5,0,2561,112
2020-08-18,Colombia,NA,Amazonas,79020,3,0,2564,112
2020-08-19,Colombia,NA,Amazonas,79020,3,0,2567,112
2020-08-20,Colombia,NA,Amazonas,79020,1,0,2568,112
2020-08-21,Colombia,NA,Amazonas,79020,2,0,2570,112
2020-08-22,Colombia,NA,Amazonas,79020,6,0,2576,112
2020-08-23,Colombia,NA,Amazonas,79020,1,0,2577,112
2020-08-24,Colombia,NA,Amazonas,79020,0,0,2577,112
2020-08-25,Colombia,NA,Amazonas,79020,3,0,2580,112
2020-08-26,Colombia,NA,Amazonas,79020,0,0,2580,112
2020-08-27,Colombia,NA,Amazonas,79020,3,1,2583,113
2020-08-28,Colombia,NA,Amazonas,79020,0,0,2583,113
2020-08-29,Colombia,NA,Amazonas,79020,4,0,2587,113
2020-08-30,Colombia,NA,Amazonas,79020,1,1,2588,114
2020-03-31,Colombia,NA,Antioquia,6677930,5,0,101,0
2020-04-01,Colombia,NA,Antioquia,6677930,6,0,107,0
2020-04-02,Colombia,NA,Antioquia,6677930,20,0,127,0
2020-04-03,Colombia,NA,Antioquia,6677930,18,1,145,1
2020-04-04,Colombia,NA,Antioquia,6677930,5,0,150,1
2020-04-05,Colombia,NA,Antioquia,6677930,22,0,172,1
2020-04-06,Colombia,NA,Antioquia,6677930,11,0,183,1
2020-04-07,Colombia,NA,Antioquia,6677930,15,0,198,1
2020-04-08,Colombia,NA,Antioquia,6677930,37,0,235,1
2020-04-09,Colombia,NA,Antioquia,6677930,4,0,239,1
2020-04-10,Colombia,NA,Antioquia,6677930,7,0,246,1
2020-04-11,Colombia,NA,Antioquia,6677930,6,0,252,1
2020-04-12,Colombia,NA,Antioquia,6677930,8,0,260,1
2020-04-13,Colombia,NA,Antioquia,6677930,13,0,273,1
2020-04-14,Colombia,NA,Antioquia,6677930,17,0,290,1
2020-04-15,Colombia,NA,Antioquia,6677930,12,0,302,1
2020-04-16,Colombia,NA,Antioquia,6677930,7,0,309,1
2020-04-17,Colombia,NA,Antioquia,6677930,16,0,325,1
2020-04-18,Colombia,NA,Antioquia,6677930,9,2,334,3
2020-04-19,Colombia,NA,Antioquia,6677930,18,0,352,3
2020-04-20,Colombia,NA,Antioquia,6677930,11,0,363,3
2020-04-21,Colombia,NA,Antioquia,6677930,3,0,366,3
2020-04-22,Colombia,NA,Antioquia,6677930,12,0,378,3
2020-04-23,Colombia,NA,Antioquia,6677930,23,0,401,3
2020-04-24,Colombia,NA,Antioquia,6677930,6,1,407,4
2020-04-25,Colombia,NA,Antioquia,6677930,2,0,409,4
2020-04-26,Colombia,NA,Antioquia,6677930,3,0,412,4
2020-04-27,Colombia,NA,Antioquia,6677930,8,1,420,5
2020-04-28,Colombia,NA,Antioquia,6677930,3,0,423,5
2020-04-29,Colombia,NA,Antioquia,6677930,5,0,428,5
2020-04-30,Colombia,NA,Antioquia,6677930,4,0,432,5
2020-05-01,Colombia,NA,Antioquia,6677930,3,0,435,5
2020-05-02,Colombia,NA,Antioquia,6677930,1,1,436,6
2020-05-03,Colombia,NA,Antioquia,6677930,7,0,443,6
2020-05-04,Colombia,NA,Antioquia,6677930,5,0,448,6
2020-05-05,Colombia,NA,Antioquia,6677930,3,0,451,6
2020-05-06,Colombia,NA,Antioquia,6677930,5,0,456,6
2020-05-07,Colombia,NA,Antioquia,6677930,4,0,460,6
2020-05-08,Colombia,NA,Antioquia,6677930,4,0,464,6
2020-05-09,Colombia,NA,Antioquia,6677930,2,0,466,6
2020-05-10,Colombia,NA,Antioquia,6677930,2,0,468,6
2020-05-11,Colombia,NA,Antioquia,6677930,6,0,474,6
2020-05-12,Colombia,NA,Antioquia,6677930,7,0,481,6
2020-05-13,Colombia,NA,Antioquia,6677930,10,0,491,6
2020-05-14,Colombia,NA,Antioquia,6677930,11,0,502,6
2020-05-15,Colombia,NA,Antioquia,6677930,8,0,510,6
2020-05-16,Colombia,NA,Antioquia,6677930,9,0,519,6
2020-05-17,Colombia,NA,Antioquia,6677930,16,0,535,6
2020-05-18,Colombia,NA,Antioquia,6677930,9,0,544,6
2020-05-19,Colombia,NA,Antioquia,6677930,18,0,562,6
2020-05-20,Colombia,NA,Antioquia,6677930,12,0,574,6
2020-05-21,Colombia,NA,Antioquia,6677930,14,0,588,6
2020-05-22,Colombia,NA,Antioquia,6677930,29,0,617,6
2020-05-23,Colombia,NA,Antioquia,6677930,61,0,678,6
2020-05-24,Colombia,NA,Antioquia,6677930,43,0,721,6
2020-05-25,Colombia,NA,Antioquia,6677930,141,0,862,6
2020-05-26,Colombia,NA,Antioquia,6677930,68,0,930,6
2020-05-27,Colombia,NA,Antioquia,6677930,25,0,955,6
2020-05-28,Colombia,NA,Antioquia,6677930,48,0,1003,6
2020-05-29,Colombia,NA,Antioquia,6677930,22,0,1025,6
2020-05-30,Colombia,NA,Antioquia,6677930,35,0,1060,6
2020-05-31,Colombia,NA,Antioquia,6677930,45,0,1105,6
2020-06-01,Colombia,NA,Antioquia,6677930,67,0,1172,6
2020-06-02,Colombia,NA,Antioquia,6677930,28,0,1200,6
2020-06-03,Colombia,NA,Antioquia,6677930,61,0,1261,6
2020-06-04,Colombia,NA,Antioquia,6677930,68,0,1329,6
2020-06-05,Colombia,NA,Antioquia,6677930,32,1,1361,7
2020-06-06,Colombia,NA,Antioquia,6677930,91,1,1452,8
2020-06-07,Colombia,NA,Antioquia,6677930,67,1,1519,9
2020-06-08,Colombia,NA,Antioquia,6677930,55,0,1574,9
2020-06-09,Colombia,NA,Antioquia,6677930,74,0,1648,9
2020-06-10,Colombia,NA,Antioquia,6677930,56,0,1704,9
2020-06-11,Colombia,NA,Antioquia,6677930,57,1,1761,10
2020-06-12,Colombia,NA,Antioquia,6677930,60,0,1821,10
2020-06-13,Colombia,NA,Antioquia,6677930,78,0,1899,10
2020-06-14,Colombia,NA,Antioquia,6677930,124,1,2023,11
2020-06-15,Colombia,NA,Antioquia,6677930,114,2,2137,13
2020-06-16,Colombia,NA,Antioquia,6677930,126,0,2263,13
2020-06-17,Colombia,NA,Antioquia,6677930,89,1,2352,14
2020-06-18,Colombia,NA,Antioquia,6677930,126,0,2478,14
2020-06-19,Colombia,NA,Antioquia,6677930,163,0,2641,14
2020-06-20,Colombia,NA,Antioquia,6677930,95,2,2736,16
2020-06-21,Colombia,NA,Antioquia,6677930,165,2,2901,18
2020-06-22,Colombia,NA,Antioquia,6677930,89,2,2990,20
2020-06-23,Colombia,NA,Antioquia,6677930,90,1,3080,21
2020-06-24,Colombia,NA,Antioquia,6677930,148,6,3228,27
2020-06-25,Colombia,NA,Antioquia,6677930,162,1,3390,28
2020-06-26,Colombia,NA,Antioquia,6677930,265,1,3655,29
2020-06-27,Colombia,NA,Antioquia,6677930,142,1,3797,30
2020-06-28,Colombia,NA,Antioquia,6677930,248,2,4045,32
2020-06-29,Colombia,NA,Antioquia,6677930,145,2,4190,34
2020-06-30,Colombia,NA,Antioquia,6677930,212,6,4402,40
2020-07-01,Colombia,NA,Antioquia,6677930,270,5,4672,45
2020-07-02,Colombia,NA,Antioquia,6677930,339,6,5011,51
2020-07-03,Colombia,NA,Antioquia,6677930,319,6,5330,57
2020-07-04,Colombia,NA,Antioquia,6677930,461,4,5791,61
2020-07-05,Colombia,NA,Antioquia,6677930,356,6,6147,67
2020-07-06,Colombia,NA,Antioquia,6677930,437,7,6584,74
2020-07-07,Colombia,NA,Antioquia,6677930,452,3,7036,77
2020-07-08,Colombia,NA,Antioquia,6677930,517,8,7553,85
2020-07-09,Colombia,NA,Antioquia,6677930,803,18,8356,103
2020-07-10,Colombia,NA,Antioquia,6677930,677,16,9033,119
2020-07-11,Colombia,NA,Antioquia,6677930,669,20,9702,139
2020-07-12,Colombia,NA,Antioquia,6677930,461,14,10163,153
2020-07-13,Colombia,NA,Antioquia,6677930,1062,26,11225,179
2020-07-14,Colombia,NA,Antioquia,6677930,1379,18,12604,197
2020-07-15,Colombia,NA,Antioquia,6677930,993,15,13597,212
2020-07-16,Colombia,NA,Antioquia,6677930,1197,27,14794,239
2020-07-17,Colombia,NA,Antioquia,6677930,664,22,15458,261
2020-07-18,Colombia,NA,Antioquia,6677930,850,17,16308,278
2020-07-19,Colombia,NA,Antioquia,6677930,1306,28,17614,306
2020-07-20,Colombia,NA,Antioquia,6677930,533,22,18147,328
2020-07-21,Colombia,NA,Antioquia,6677930,1665,35,19812,363
2020-07-22,Colombia,NA,Antioquia,6677930,1909,29,21721,392
2020-07-23,Colombia,NA,Antioquia,6677930,1530,28,23251,420
2020-07-24,Colombia,NA,Antioquia,6677930,1827,36,25078,456
2020-07-25,Colombia,NA,Antioquia,6677930,1636,29,26714,485
2020-07-26,Colombia,NA,Antioquia,6677930,1944,37,28658,522
2020-07-27,Colombia,NA,Antioquia,6677930,1811,33,30469,555
2020-07-28,Colombia,NA,Antioquia,6677930,1871,44,32340,599
2020-07-29,Colombia,NA,Antioquia,6677930,1835,44,34175,643
2020-07-30,Colombia,NA,Antioquia,6677930,1846,46,36021,689
2020-07-31,Colombia,NA,Antioquia,6677930,2403,38,38424,727
2020-08-01,Colombia,NA,Antioquia,6677930,2293,44,40717,771
2020-08-02,Colombia,NA,Antioquia,6677930,1018,35,41735,806
2020-08-03,Colombia,NA,Antioquia,6677930,1760,44,43495,850
2020-08-04,Colombia,NA,Antioquia,6677930,1504,44,44999,894
2020-08-05,Colombia,NA,Antioquia,6677930,2032,31,47031,925
2020-08-06,Colombia,NA,Antioquia,6677930,2307,47,49338,972
2020-08-07,Colombia,NA,Antioquia,6677930,1714,40,51052,1012
2020-08-08,Colombia,NA,Antioquia,6677930,2000,49,53052,1061
2020-08-09,Colombia,NA,Antioquia,6677930,1224,42,54276,1103
2020-08-10,Colombia,NA,Antioquia,6677930,1518,34,55794,1137
2020-08-11,Colombia,NA,Antioquia,6677930,1942,39,57736,1176
2020-08-12,Colombia,NA,Antioquia,6677930,1986,42,59722,1218
2020-08-13,Colombia,NA,Antioquia,6677930,1472,34,61194,1252
2020-08-14,Colombia,NA,Antioquia,6677930,1763,32,62957,1284
2020-08-15,Colombia,NA,Antioquia,6677930,1285,42,64242,1326
2020-08-16,Colombia,NA,Antioquia,6677930,1104,34,65346,1360
2020-08-17,Colombia,NA,Antioquia,6677930,981,30,66327,1390
2020-08-18,Colombia,NA,Antioquia,6677930,949,42,67276,1432
2020-08-19,Colombia,NA,Antioquia,6677930,1371,37,68647,1469
2020-08-20,Colombia,NA,Antioquia,6677930,1497,33,70144,1502
2020-08-21,Colombia,NA,Antioquia,6677930,1348,42,71492,1544
2020-08-22,Colombia,NA,Antioquia,6677930,1270,32,72762,1576
2020-08-23,Colombia,NA,Antioquia,6677930,952,43,73714,1619
2020-08-24,Colombia,NA,Antioquia,6677930,1097,32,74811,1651
2020-08-25,Colombia,NA,Antioquia,6677930,1524,40,76335,1691
2020-08-26,Colombia,NA,Antioquia,6677930,1212,18,77547,1709
2020-08-27,Colombia,NA,Antioquia,6677930,1123,39,78670,1748
2020-08-28,Colombia,NA,Antioquia,6677930,1054,33,79724,1781
2020-08-29,Colombia,NA,Antioquia,6677930,743,28,80467,1809
2020-08-30,Colombia,NA,Antioquia,6677930,225,8,80692,1817
2020-08-31,Colombia,NA,Antioquia,6677930,49,0,80741,1817
2020-07-07,Colombia,NA,Arauca,294206,33,0,130,0
2020-07-08,Colombia,NA,Arauca,294206,1,0,131,0
2020-07-09,Colombia,NA,Arauca,294206,8,0,139,0
2020-07-10,Colombia,NA,Arauca,294206,3,0,142,0
2020-07-11,Colombia,NA,Arauca,294206,1,0,143,0
2020-07-13,Colombia,NA,Arauca,294206,6,0,149,0
2020-07-14,Colombia,NA,Arauca,294206,12,0,161,0
2020-07-15,Colombia,NA,Arauca,294206,1,0,162,0
2020-07-16,Colombia,NA,Arauca,294206,0,0,162,0
2020-07-17,Colombia,NA,Arauca,294206,7,0,169,0
2020-07-18,Colombia,NA,Arauca,294206,2,0,171,0
2020-07-19,Colombia,NA,Arauca,294206,9,0,180,0
2020-07-20,Colombia,NA,Arauca,294206,5,1,185,1
2020-07-21,Colombia,NA,Arauca,294206,1,1,186,2
2020-07-22,Colombia,NA,Arauca,294206,2,0,188,2
2020-07-23,Colombia,NA,Arauca,294206,0,1,188,3
2020-07-24,Colombia,NA,Arauca,294206,4,1,192,4
2020-07-25,Colombia,NA,Arauca,294206,2,0,194,4
2020-07-26,Colombia,NA,Arauca,294206,0,0,194,4
2020-07-27,Colombia,NA,Arauca,294206,3,1,197,5
2020-07-28,Colombia,NA,Arauca,294206,20,0,217,5
2020-07-29,Colombia,NA,Arauca,294206,3,0,220,5
2020-07-30,Colombia,NA,Arauca,294206,11,0,231,5
2020-07-31,Colombia,NA,Arauca,294206,6,1,237,6
2020-08-01,Colombia,NA,Arauca,294206,65,0,302,6
2020-08-02,Colombia,NA,Arauca,294206,1,1,303,7
2020-08-03,Colombia,NA,Arauca,294206,0,1,303,8
2020-08-04,Colombia,NA,Arauca,294206,5,0,308,8
2020-08-05,Colombia,NA,Arauca,294206,59,0,367,8
2020-08-06,Colombia,NA,Arauca,294206,19,0,386,8
2020-08-07,Colombia,NA,Arauca,294206,9,1,395,9
2020-08-08,Colombia,NA,Arauca,294206,111,0,506,9
2020-08-09,Colombia,NA,Arauca,294206,4,0,510,9
2020-08-10,Colombia,NA,Arauca,294206,7,0,517,9
2020-08-11,Colombia,NA,Arauca,294206,0,0,517,9
2020-08-12,Colombia,NA,Arauca,294206,42,0,559,9
2020-08-13,Colombia,NA,Arauca,294206,6,2,565,11
2020-08-14,Colombia,NA,Arauca,294206,36,0,601,11
2020-08-15,Colombia,NA,Arauca,294206,15,1,616,12
2020-08-16,Colombia,NA,Arauca,294206,1,2,617,14
2020-08-17,Colombia,NA,Arauca,294206,72,1,689,15
2020-08-18,Colombia,NA,Arauca,294206,17,1,706,16
2020-08-19,Colombia,NA,Arauca,294206,39,0,745,16
2020-08-20,Colombia,NA,Arauca,294206,7,0,752,16
2020-08-21,Colombia,NA,Arauca,294206,1,0,753,16
2020-08-22,Colombia,NA,Arauca,294206,13,1,766,17
2020-08-23,Colombia,NA,Arauca,294206,6,1,772,18
2020-08-24,Colombia,NA,Arauca,294206,13,0,785,18
2020-08-25,Colombia,NA,Arauca,294206,5,1,790,19
2020-08-26,Colombia,NA,Arauca,294206,18,1,808,20
2020-08-27,Colombia,NA,Arauca,294206,99,0,907,20
2020-08-28,Colombia,NA,Arauca,294206,17,0,924,20
2020-08-29,Colombia,NA,Arauca,294206,1,0,925,20
2020-04-18,Colombia,NA,Atlantico,2722128,6,0,106,6
2020-04-19,Colombia,NA,Atlantico,2722128,3,0,109,6
2020-04-20,Colombia,NA,Atlantico,2722128,3,1,112,7
2020-04-21,Colombia,NA,Atlantico,2722128,4,0,116,7
2020-04-22,Colombia,NA,Atlantico,2722128,3,1,119,8
2020-04-23,Colombia,NA,Atlantico,2722128,7,0,126,8
2020-04-24,Colombia,NA,Atlantico,2722128,9,1,135,9
2020-04-25,Colombia,NA,Atlantico,2722128,22,3,157,12
2020-04-26,Colombia,NA,Atlantico,2722128,19,1,176,13
2020-04-27,Colombia,NA,Atlantico,2722128,42,1,218,14
2020-04-28,Colombia,NA,Atlantico,2722128,18,0,236,14
2020-04-29,Colombia,NA,Atlantico,2722128,17,2,253,16
2020-04-30,Colombia,NA,Atlantico,2722128,56,4,309,20
2020-05-01,Colombia,NA,Atlantico,2722128,54,3,363,23
2020-05-02,Colombia,NA,Atlantico,2722128,51,7,414,30
2020-05-03,Colombia,NA,Atlantico,2722128,77,3,491,33
2020-05-04,Colombia,NA,Atlantico,2722128,39,1,530,34
2020-05-05,Colombia,NA,Atlantico,2722128,110,5,640,39
2020-05-06,Colombia,NA,Atlantico,2722128,38,4,678,43
2020-05-07,Colombia,NA,Atlantico,2722128,82,2,760,45
2020-05-08,Colombia,NA,Atlantico,2722128,108,4,868,49
2020-05-09,Colombia,NA,Atlantico,2722128,42,2,910,51
2020-05-10,Colombia,NA,Atlantico,2722128,64,3,974,54
2020-05-11,Colombia,NA,Atlantico,2722128,54,2,1028,56
2020-05-12,Colombia,NA,Atlantico,2722128,103,2,1131,58
2020-05-13,Colombia,NA,Atlantico,2722128,144,1,1275,59
2020-05-14,Colombia,NA,Atlantico,2722128,116,2,1391,61
2020-05-15,Colombia,NA,Atlantico,2722128,110,5,1501,66
2020-05-16,Colombia,NA,Atlantico,2722128,66,2,1567,68
2020-05-17,Colombia,NA,Atlantico,2722128,193,3,1760,71
2020-05-18,Colombia,NA,Atlantico,2722128,81,3,1841,74
2020-05-19,Colombia,NA,Atlantico,2722128,96,9,1937,83
2020-05-20,Colombia,NA,Atlantico,2722128,123,4,2060,87
2020-05-21,Colombia,NA,Atlantico,2722128,145,4,2205,91
2020-05-22,Colombia,NA,Atlantico,2722128,189,9,2394,100
2020-05-23,Colombia,NA,Atlantico,2722128,231,10,2625,110
2020-05-24,Colombia,NA,Atlantico,2722128,173,8,2798,118
2020-05-25,Colombia,NA,Atlantico,2722128,84,8,2882,126
2020-05-26,Colombia,NA,Atlantico,2722128,172,18,3054,144
2020-05-27,Colombia,NA,Atlantico,2722128,96,7,3150,151
2020-05-28,Colombia,NA,Atlantico,2722128,162,13,3312,164
2020-05-29,Colombia,NA,Atlantico,2722128,147,12,3459,176
2020-05-30,Colombia,NA,Atlantico,2722128,312,20,3771,196
2020-05-31,Colombia,NA,Atlantico,2722128,205,14,3976,210
2020-06-01,Colombia,NA,Atlantico,2722128,212,23,4188,233
2020-06-02,Colombia,NA,Atlantico,2722128,397,29,4585,262
2020-06-03,Colombia,NA,Atlantico,2722128,210,41,4795,303
2020-06-04,Colombia,NA,Atlantico,2722128,605,29,5400,332
2020-06-05,Colombia,NA,Atlantico,2722128,391,26,5791,358
2020-06-06,Colombia,NA,Atlantico,2722128,330,26,6121,384
2020-06-07,Colombia,NA,Atlantico,2722128,365,32,6486,416
2020-06-08,Colombia,NA,Atlantico,2722128,260,30,6746,446
2020-06-09,Colombia,NA,Atlantico,2722128,343,47,7089,493
2020-06-10,Colombia,NA,Atlantico,2722128,416,34,7505,527
2020-06-11,Colombia,NA,Atlantico,2722128,601,45,8106,572
2020-06-12,Colombia,NA,Atlantico,2722128,482,41,8588,613
2020-06-13,Colombia,NA,Atlantico,2722128,631,43,9219,656
2020-06-14,Colombia,NA,Atlantico,2722128,1023,55,10242,711
2020-06-15,Colombia,NA,Atlantico,2722128,624,53,10866,764
2020-06-16,Colombia,NA,Atlantico,2722128,576,68,11442,832
2020-06-17,Colombia,NA,Atlantico,2722128,720,50,12162,882
2020-06-18,Colombia,NA,Atlantico,2722128,825,71,12987,953
2020-06-19,Colombia,NA,Atlantico,2722128,726,53,13713,1006
2020-06-20,Colombia,NA,Atlantico,2722128,841,61,14554,1067
2020-06-21,Colombia,NA,Atlantico,2722128,740,61,15294,1128
2020-06-22,Colombia,NA,Atlantico,2722128,872,64,16166,1192
2020-06-23,Colombia,NA,Atlantico,2722128,850,60,17016,1252
2020-06-24,Colombia,NA,Atlantico,2722128,1176,63,18192,1315
2020-06-25,Colombia,NA,Atlantico,2722128,718,64,18910,1379
2020-06-26,Colombia,NA,Atlantico,2722128,1579,59,20489,1438
2020-06-27,Colombia,NA,Atlantico,2722128,926,58,21415,1496
2020-06-28,Colombia,NA,Atlantico,2722128,836,44,22251,1540
2020-06-29,Colombia,NA,Atlantico,2722128,756,59,23007,1599
2020-06-30,Colombia,NA,Atlantico,2722128,512,45,23519,1644
2020-07-01,Colombia,NA,Atlantico,2722128,1049,54,24568,1698
2020-07-02,Colombia,NA,Atlantico,2722128,1010,58,25578,1756
2020-07-03,Colombia,NA,Atlantico,2722128,880,61,26458,1817
2020-07-04,Colombia,NA,Atlantico,2722128,983,49,27441,1866
2020-07-05,Colombia,NA,Atlantico,2722128,861,45,28302,1911
2020-07-06,Colombia,NA,Atlantico,2722128,839,51,29141,1962
2020-07-07,Colombia,NA,Atlantico,2722128,1325,60,30466,2022
2020-07-08,Colombia,NA,Atlantico,2722128,999,52,31465,2074
2020-07-09,Colombia,NA,Atlantico,2722128,1459,42,32924,2116
2020-07-10,Colombia,NA,Atlantico,2722128,1648,42,34572,2158
2020-07-11,Colombia,NA,Atlantico,2722128,1613,32,36185,2190
2020-07-12,Colombia,NA,Atlantico,2722128,1147,32,37332,2222
2020-07-13,Colombia,NA,Atlantico,2722128,1825,41,39157,2263
2020-07-14,Colombia,NA,Atlantico,2722128,1435,34,40592,2297
2020-07-15,Colombia,NA,Atlantico,2722128,1316,31,41908,2328
2020-07-16,Colombia,NA,Atlantico,2722128,891,42,42799,2370
2020-07-17,Colombia,NA,Atlantico,2722128,629,37,43428,2407
2020-07-18,Colombia,NA,Atlantico,2722128,597,52,44025,2459
2020-07-19,Colombia,NA,Atlantico,2722128,790,37,44815,2496
2020-07-20,Colombia,NA,Atlantico,2722128,317,17,45132,2513
2020-07-21,Colombia,NA,Atlantico,2722128,891,25,46023,2538
2020-07-22,Colombia,NA,Atlantico,2722128,868,25,46891,2563
2020-07-23,Colombia,NA,Atlantico,2722128,782,31,47673,2594
2020-07-24,Colombia,NA,Atlantico,2722128,811,18,48484,2612
2020-07-25,Colombia,NA,Atlantico,2722128,661,26,49145,2638
2020-07-26,Colombia,NA,Atlantico,2722128,712,17,49857,2655
2020-07-27,Colombia,NA,Atlantico,2722128,818,19,50675,2674
2020-07-28,Colombia,NA,Atlantico,2722128,703,27,51378,2701
2020-07-29,Colombia,NA,Atlantico,2722128,1063,21,52441,2722
2020-07-30,Colombia,NA,Atlantico,2722128,549,21,52990,2743
2020-07-31,Colombia,NA,Atlantico,2722128,374,12,53364,2755
2020-08-01,Colombia,NA,Atlantico,2722128,413,21,53777,2776
2020-08-02,Colombia,NA,Atlantico,2722128,355,24,54132,2800
2020-08-03,Colombia,NA,Atlantico,2722128,464,11,54596,2811
2020-08-04,Colombia,NA,Atlantico,2722128,415,16,55011,2827
2020-08-05,Colombia,NA,Atlantico,2722128,566,15,55577,2842
2020-08-06,Colombia,NA,Atlantico,2722128,538,9,56115,2851
2020-08-07,Colombia,NA,Atlantico,2722128,608,12,56723,2863
2020-08-08,Colombia,NA,Atlantico,2722128,398,12,57121,2875
2020-08-09,Colombia,NA,Atlantico,2722128,149,10,57270,2885
2020-08-10,Colombia,NA,Atlantico,2722128,602,8,57872,2893
2020-08-11,Colombia,NA,Atlantico,2722128,291,9,58163,2902
2020-08-12,Colombia,NA,Atlantico,2722128,385,12,58548,2914
2020-08-13,Colombia,NA,Atlantico,2722128,394,11,58942,2925
2020-08-14,Colombia,NA,Atlantico,2722128,361,9,59303,2934
2020-08-15,Colombia,NA,Atlantico,2722128,225,8,59528,2942
2020-08-16,Colombia,NA,Atlantico,2722128,218,11,59746,2953
2020-08-17,Colombia,NA,Atlantico,2722128,524,9,60270,2962
2020-08-18,Colombia,NA,Atlantico,2722128,177,6,60447,2968
2020-08-19,Colombia,NA,Atlantico,2722128,215,12,60662,2980
2020-08-20,Colombia,NA,Atlantico,2722128,240,12,60902,2992
2020-08-21,Colombia,NA,Atlantico,2722128,168,10,61070,3002
2020-08-22,Colombia,NA,Atlantico,2722128,193,6,61263,3008
2020-08-23,Colombia,NA,Atlantico,2722128,123,6,61386,3014
2020-08-24,Colombia,NA,Atlantico,2722128,116,10,61502,3024
2020-08-25,Colombia,NA,Atlantico,2722128,261,5,61763,3029
2020-08-26,Colombia,NA,Atlantico,2722128,110,4,61873,3033
2020-08-27,Colombia,NA,Atlantico,2722128,184,8,62057,3041
2020-08-28,Colombia,NA,Atlantico,2722128,97,6,62154,3047
2020-08-29,Colombia,NA,Atlantico,2722128,110,3,62264,3050
2020-08-30,Colombia,NA,Atlantico,2722128,59,1,62323,3051
2020-08-31,Colombia,NA,Atlantico,2722128,11,0,62334,3051
2020-03-23,Colombia,NA,Bogota D.C.,7743955,29,0,117,0
2020-03-24,Colombia,NA,Bogota D.C.,7743955,41,0,158,0
2020-03-25,Colombia,NA,Bogota D.C.,7743955,14,1,172,1
2020-03-26,Colombia,NA,Bogota D.C.,7743955,7,2,179,3
2020-03-27,Colombia,NA,Bogota D.C.,7743955,38,0,217,3
2020-03-28,Colombia,NA,Bogota D.C.,7743955,38,3,255,6
2020-03-29,Colombia,NA,Bogota D.C.,7743955,33,1,288,7
2020-03-30,Colombia,NA,Bogota D.C.,7743955,55,1,343,8
2020-03-31,Colombia,NA,Bogota D.C.,7743955,40,2,383,10
2020-04-01,Colombia,NA,Bogota D.C.,7743955,81,1,464,11
2020-04-02,Colombia,NA,Bogota D.C.,7743955,68,4,532,15
2020-04-03,Colombia,NA,Bogota D.C.,7743955,44,5,576,20
2020-04-04,Colombia,NA,Bogota D.C.,7743955,104,10,680,30
2020-04-05,Colombia,NA,Bogota D.C.,7743955,30,4,710,34
2020-04-06,Colombia,NA,Bogota D.C.,7743955,53,6,763,40
2020-04-07,Colombia,NA,Bogota D.C.,7743955,84,5,847,45
2020-04-08,Colombia,NA,Bogota D.C.,7743955,130,2,977,47
2020-04-09,Colombia,NA,Bogota D.C.,7743955,36,4,1013,51
2020-04-10,Colombia,NA,Bogota D.C.,7743955,88,3,1101,54
2020-04-11,Colombia,NA,Bogota D.C.,7743955,44,5,1145,59
2020-04-12,Colombia,NA,Bogota D.C.,7743955,19,1,1164,60
2020-04-13,Colombia,NA,Bogota D.C.,7743955,24,4,1188,64
2020-04-14,Colombia,NA,Bogota D.C.,7743955,36,6,1224,70
2020-04-15,Colombia,NA,Bogota D.C.,7743955,48,3,1272,73
2020-04-16,Colombia,NA,Bogota D.C.,7743955,43,4,1315,77
2020-04-17,Colombia,NA,Bogota D.C.,7743955,59,1,1374,78
2020-04-18,Colombia,NA,Bogota D.C.,7743955,86,2,1460,80
2020-04-19,Colombia,NA,Bogota D.C.,7743955,119,4,1579,84
2020-04-20,Colombia,NA,Bogota D.C.,7743955,79,4,1658,88
2020-04-21,Colombia,NA,Bogota D.C.,7743955,74,6,1732,94
2020-04-22,Colombia,NA,Bogota D.C.,7743955,84,1,1816,95
2020-04-23,Colombia,NA,Bogota D.C.,7743955,47,2,1863,97
2020-04-24,Colombia,NA,Bogota D.C.,7743955,179,4,2042,101
2020-04-25,Colombia,NA,Bogota D.C.,7743955,89,1,2131,102
2020-04-26,Colombia,NA,Bogota D.C.,7743955,92,6,2223,108
2020-04-27,Colombia,NA,Bogota D.C.,7743955,105,3,2328,111
2020-04-28,Colombia,NA,Bogota D.C.,7743955,64,6,2392,117
2020-04-29,Colombia,NA,Bogota D.C.,7743955,133,6,2525,123
2020-04-30,Colombia,NA,Bogota D.C.,7743955,89,8,2614,131
2020-05-01,Colombia,NA,Bogota D.C.,7743955,147,3,2761,134
2020-05-02,Colombia,NA,Bogota D.C.,7743955,71,3,2832,137
2020-05-03,Colombia,NA,Bogota D.C.,7743955,111,3,2943,140
2020-05-04,Colombia,NA,Bogota D.C.,7743955,127,5,3070,145
2020-05-05,Colombia,NA,Bogota D.C.,7743955,193,2,3263,147
2020-05-06,Colombia,NA,Bogota D.C.,7743955,200,7,3463,154
2020-05-07,Colombia,NA,Bogota D.C.,7743955,130,3,3593,157
2020-05-08,Colombia,NA,Bogota D.C.,7743955,226,4,3819,161
2020-05-09,Colombia,NA,Bogota D.C.,7743955,209,6,4028,167
2020-05-10,Colombia,NA,Bogota D.C.,7743955,128,7,4156,174
2020-05-11,Colombia,NA,Bogota D.C.,7743955,150,7,4306,181
2020-05-12,Colombia,NA,Bogota D.C.,7743955,258,0,4564,181
2020-05-13,Colombia,NA,Bogota D.C.,7743955,123,3,4687,184
2020-05-14,Colombia,NA,Bogota D.C.,7743955,208,2,4895,186
2020-05-15,Colombia,NA,Bogota D.C.,7743955,115,7,5010,193
2020-05-16,Colombia,NA,Bogota D.C.,7743955,277,4,5287,197
2020-05-17,Colombia,NA,Bogota D.C.,7743955,241,3,5528,200
2020-05-18,Colombia,NA,Bogota D.C.,7743955,197,6,5725,206
2020-05-19,Colombia,NA,Bogota D.C.,7743955,216,5,5941,211
2020-05-20,Colombia,NA,Bogota D.C.,7743955,253,6,6194,217
2020-05-21,Colombia,NA,Bogota D.C.,7743955,122,10,6316,227
2020-05-22,Colombia,NA,Bogota D.C.,7743955,280,9,6596,236
2020-05-23,Colombia,NA,Bogota D.C.,7743955,383,9,6979,245
2020-05-24,Colombia,NA,Bogota D.C.,7743955,238,5,7217,250
2020-05-25,Colombia,NA,Bogota D.C.,7743955,177,4,7394,254
2020-05-26,Colombia,NA,Bogota D.C.,7743955,357,8,7751,262
2020-05-27,Colombia,NA,Bogota D.C.,7743955,305,6,8056,268
2020-05-28,Colombia,NA,Bogota D.C.,7743955,490,4,8546,272
2020-05-29,Colombia,NA,Bogota D.C.,7743955,627,11,9173,283
2020-05-30,Colombia,NA,Bogota D.C.,7743955,478,7,9651,290
2020-05-31,Colombia,NA,Bogota D.C.,7743955,347,11,9998,301
2020-06-01,Colombia,NA,Bogota D.C.,7743955,384,8,10382,309
2020-06-02,Colombia,NA,Bogota D.C.,7743955,374,6,10756,315
2020-06-03,Colombia,NA,Bogota D.C.,7743955,505,9,11261,324
2020-06-04,Colombia,NA,Bogota D.C.,7743955,537,11,11798,335
2020-06-05,Colombia,NA,Bogota D.C.,7743955,404,14,12202,349
2020-06-06,Colombia,NA,Bogota D.C.,7743955,378,9,12580,358
2020-06-07,Colombia,NA,Bogota D.C.,7743955,319,10,12899,368
2020-06-08,Colombia,NA,Bogota D.C.,7743955,443,13,13342,381
2020-06-09,Colombia,NA,Bogota D.C.,7743955,391,14,13733,395
2020-06-10,Colombia,NA,Bogota D.C.,7743955,425,11,14158,406
2020-06-11,Colombia,NA,Bogota D.C.,7743955,410,14,14568,420
2020-06-12,Colombia,NA,Bogota D.C.,7743955,416,8,14984,428
2020-06-13,Colombia,NA,Bogota D.C.,7743955,564,10,15548,438
2020-06-14,Colombia,NA,Bogota D.C.,7743955,627,19,16175,457
2020-06-15,Colombia,NA,Bogota D.C.,7743955,415,18,16590,475
2020-06-16,Colombia,NA,Bogota D.C.,7743955,808,14,17398,489
2020-06-17,Colombia,NA,Bogota D.C.,7743955,79,24,17477,513
2020-06-18,Colombia,NA,Bogota D.C.,7743955,806,9,18283,522
2020-06-19,Colombia,NA,Bogota D.C.,7743955,1081,17,19364,539
2020-06-20,Colombia,NA,Bogota D.C.,7743955,693,12,20057,551
2020-06-21,Colombia,NA,Bogota D.C.,7743955,876,22,20933,573
2020-06-22,Colombia,NA,Bogota D.C.,7743955,1183,20,22116,593
2020-06-23,Colombia,NA,Bogota D.C.,7743955,1333,25,23449,618
2020-06-24,Colombia,NA,Bogota D.C.,7743955,110,24,23559,642
2020-06-25,Colombia,NA,Bogota D.C.,7743955,1275,21,24834,663
2020-06-26,Colombia,NA,Bogota D.C.,7743955,1012,25,25846,688
2020-06-27,Colombia,NA,Bogota D.C.,7743955,2156,31,28002,719
2020-06-28,Colombia,NA,Bogota D.C.,7743955,1466,33,29468,752
2020-06-29,Colombia,NA,Bogota D.C.,7743955,23,25,29491,777
2020-06-30,Colombia,NA,Bogota D.C.,7743955,708,32,30199,809
2020-07-01,Colombia,NA,Bogota D.C.,7743955,1412,29,31611,838
2020-07-02,Colombia,NA,Bogota D.C.,7743955,1335,38,32946,876
2020-07-03,Colombia,NA,Bogota D.C.,7743955,1442,46,34388,922
2020-07-04,Colombia,NA,Bogota D.C.,7743955,1173,34,35561,956
2020-07-05,Colombia,NA,Bogota D.C.,7743955,1286,39,36847,995
2020-07-06,Colombia,NA,Bogota D.C.,7743955,1097,43,37944,1038
2020-07-07,Colombia,NA,Bogota D.C.,7743955,1625,50,39569,1088
2020-07-08,Colombia,NA,Bogota D.C.,7743955,1496,46,41065,1134
2020-07-09,Colombia,NA,Bogota D.C.,7743955,1639,69,42704,1203
2020-07-10,Colombia,NA,Bogota D.C.,7743955,2683,63,45387,1266
2020-07-11,Colombia,NA,Bogota D.C.,7743955,2509,73,47896,1339
2020-07-12,Colombia,NA,Bogota D.C.,7743955,2176,60,50072,1399
2020-07-13,Colombia,NA,Bogota D.C.,7743955,1718,74,51790,1473
2020-07-14,Colombia,NA,Bogota D.C.,7743955,1893,72,53683,1545
2020-07-15,Colombia,NA,Bogota D.C.,7743955,2453,87,56136,1632
2020-07-16,Colombia,NA,Bogota D.C.,7743955,3126,77,59262,1709
2020-07-17,Colombia,NA,Bogota D.C.,7743955,139,100,59401,1809
2020-07-18,Colombia,NA,Bogota D.C.,7743955,1861,83,61262,1892
2020-07-19,Colombia,NA,Bogota D.C.,7743955,3781,66,65043,1958
2020-07-20,Colombia,NA,Bogota D.C.,7743955,4087,95,69130,2053
2020-07-21,Colombia,NA,Bogota D.C.,7743955,3563,114,72693,2167
2020-07-22,Colombia,NA,Bogota D.C.,7743955,3946,96,76639,2263
2020-07-23,Colombia,NA,Bogota D.C.,7743955,2324,112,78963,2375
2020-07-24,Colombia,NA,Bogota D.C.,7743955,3255,108,82218,2483
2020-07-25,Colombia,NA,Bogota D.C.,7743955,2463,104,84681,2587
2020-07-26,Colombia,NA,Bogota D.C.,7743955,87,111,84768,2698
2020-07-27,Colombia,NA,Bogota D.C.,7743955,3203,103,87971,2801
2020-07-28,Colombia,NA,Bogota D.C.,7743955,8554,97,96525,2898
2020-07-29,Colombia,NA,Bogota D.C.,7743955,3228,112,99753,3010
2020-07-30,Colombia,NA,Bogota D.C.,7743955,3173,126,102926,3136
2020-07-31,Colombia,NA,Bogota D.C.,7743955,542,127,103468,3263
2020-08-01,Colombia,NA,Bogota D.C.,7743955,3926,88,107394,3351
2020-08-02,Colombia,NA,Bogota D.C.,7743955,6898,107,114292,3458
2020-08-03,Colombia,NA,Bogota D.C.,7743955,3038,118,117330,3576
2020-08-04,Colombia,NA,Bogota D.C.,7743955,4930,104,122260,3680
2020-08-05,Colombia,NA,Bogota D.C.,7743955,3606,113,125866,3793
2020-08-06,Colombia,NA,Bogota D.C.,7743955,2732,98,128598,3891
2020-08-07,Colombia,NA,Bogota D.C.,7743955,3377,112,131975,4003
2020-08-08,Colombia,NA,Bogota D.C.,7743955,3418,118,135393,4121
2020-08-09,Colombia,NA,Bogota D.C.,7743955,2158,98,137551,4219
2020-08-10,Colombia,NA,Bogota D.C.,7743955,651,87,138202,4306
2020-08-11,Colombia,NA,Bogota D.C.,7743955,8464,102,146666,4408
2020-08-12,Colombia,NA,Bogota D.C.,7743955,1163,84,147829,4492
2020-08-13,Colombia,NA,Bogota D.C.,7743955,7060,86,154889,4578
2020-08-14,Colombia,NA,Bogota D.C.,7743955,92,76,154981,4654
2020-08-15,Colombia,NA,Bogota D.C.,7743955,5052,75,160033,4729
2020-08-16,Colombia,NA,Bogota D.C.,7743955,8421,82,168454,4811
2020-08-17,Colombia,NA,Bogota D.C.,7743955,3556,74,172010,4885
2020-08-18,Colombia,NA,Bogota D.C.,7743955,743,100,172753,4985
2020-08-19,Colombia,NA,Bogota D.C.,7743955,7889,88,180642,5073
2020-08-20,Colombia,NA,Bogota D.C.,7743955,3609,78,184251,5151
2020-08-21,Colombia,NA,Bogota D.C.,7743955,3653,78,187904,5229
2020-08-22,Colombia,NA,Bogota D.C.,7743955,2889,79,190793,5308
2020-08-23,Colombia,NA,Bogota D.C.,7743955,3473,61,194266,5369
2020-08-24,Colombia,NA,Bogota D.C.,7743955,3145,71,197411,5440
2020-08-25,Colombia,NA,Bogota D.C.,7743955,3247,91,200658,5531
2020-08-26,Colombia,NA,Bogota D.C.,7743955,2452,66,203110,5597
2020-08-27,Colombia,NA,Bogota D.C.,7743955,2032,82,205142,5679
2020-08-28,Colombia,NA,Bogota D.C.,7743955,2712,48,207854,5727
2020-08-29,Colombia,NA,Bogota D.C.,7743955,1851,48,209705,5775
2020-08-30,Colombia,NA,Bogota D.C.,7743955,1531,9,211236,5784
2020-04-10,Colombia,NA,Bolivar,2180976,21,1,110,9
2020-04-11,Colombia,NA,Bolivar,2180976,8,1,118,10
2020-04-12,Colombia,NA,Bolivar,2180976,6,1,124,11
2020-04-13,Colombia,NA,Bolivar,2180976,11,1,135,12
2020-04-14,Colombia,NA,Bolivar,2180976,11,0,146,12
2020-04-15,Colombia,NA,Bolivar,2180976,14,0,160,12
2020-04-16,Colombia,NA,Bolivar,2180976,8,3,168,15
2020-04-17,Colombia,NA,Bolivar,2180976,6,1,174,16
2020-04-18,Colombia,NA,Bolivar,2180976,10,1,184,17
2020-04-19,Colombia,NA,Bolivar,2180976,1,0,185,17
2020-04-20,Colombia,NA,Bolivar,2180976,11,1,196,18
2020-04-21,Colombia,NA,Bolivar,2180976,4,0,200,18
2020-04-22,Colombia,NA,Bolivar,2180976,0,1,200,19
2020-04-23,Colombia,NA,Bolivar,2180976,5,2,205,21
2020-04-24,Colombia,NA,Bolivar,2180976,16,2,221,23
2020-04-25,Colombia,NA,Bolivar,2180976,6,1,227,24
2020-04-26,Colombia,NA,Bolivar,2180976,14,0,241,24
2020-04-27,Colombia,NA,Bolivar,2180976,4,2,245,26
2020-04-28,Colombia,NA,Bolivar,2180976,13,1,258,27
2020-04-29,Colombia,NA,Bolivar,2180976,11,1,269,28
2020-04-30,Colombia,NA,Bolivar,2180976,26,3,295,31
2020-05-01,Colombia,NA,Bolivar,2180976,14,2,309,33
2020-05-02,Colombia,NA,Bolivar,2180976,26,1,335,34
2020-05-03,Colombia,NA,Bolivar,2180976,19,4,354,38
2020-05-04,Colombia,NA,Bolivar,2180976,20,3,374,41
2020-05-05,Colombia,NA,Bolivar,2180976,33,5,407,46
2020-05-06,Colombia,NA,Bolivar,2180976,25,4,432,50
2020-05-07,Colombia,NA,Bolivar,2180976,5,5,437,55
2020-05-08,Colombia,NA,Bolivar,2180976,101,3,538,58
2020-05-09,Colombia,NA,Bolivar,2180976,45,3,583,61
2020-05-10,Colombia,NA,Bolivar,2180976,98,4,681,65
2020-05-11,Colombia,NA,Bolivar,2180976,65,6,746,71
2020-05-12,Colombia,NA,Bolivar,2180976,88,5,834,76
2020-05-13,Colombia,NA,Bolivar,2180976,113,2,947,78
2020-05-14,Colombia,NA,Bolivar,2180976,115,7,1062,85
2020-05-15,Colombia,NA,Bolivar,2180976,95,6,1157,91
2020-05-16,Colombia,NA,Bolivar,2180976,130,5,1287,96
2020-05-17,Colombia,NA,Bolivar,2180976,71,6,1358,102
2020-05-18,Colombia,NA,Bolivar,2180976,148,7,1506,109
2020-05-19,Colombia,NA,Bolivar,2180976,85,5,1591,114
2020-05-20,Colombia,NA,Bolivar,2180976,116,8,1707,122
2020-05-21,Colombia,NA,Bolivar,2180976,130,5,1837,127
2020-05-22,Colombia,NA,Bolivar,2180976,46,5,1883,132
2020-05-23,Colombia,NA,Bolivar,2180976,150,7,2033,139
2020-05-24,Colombia,NA,Bolivar,2180976,242,9,2275,148
2020-05-25,Colombia,NA,Bolivar,2180976,39,8,2314,156
2020-05-26,Colombia,NA,Bolivar,2180976,77,5,2391,161
2020-05-27,Colombia,NA,Bolivar,2180976,137,5,2528,166
2020-05-28,Colombia,NA,Bolivar,2180976,151,9,2679,175
2020-05-29,Colombia,NA,Bolivar,2180976,182,2,2861,177
2020-05-30,Colombia,NA,Bolivar,2180976,197,5,3058,182
2020-05-31,Colombia,NA,Bolivar,2180976,150,5,3208,187
2020-06-01,Colombia,NA,Bolivar,2180976,78,6,3286,193
2020-06-02,Colombia,NA,Bolivar,2180976,95,4,3381,197
2020-06-03,Colombia,NA,Bolivar,2180976,205,7,3586,204
2020-06-04,Colombia,NA,Bolivar,2180976,152,6,3738,210
2020-06-05,Colombia,NA,Bolivar,2180976,140,7,3878,217
2020-06-06,Colombia,NA,Bolivar,2180976,118,9,3996,226
2020-06-07,Colombia,NA,Bolivar,2180976,158,3,4154,229
2020-06-08,Colombia,NA,Bolivar,2180976,90,5,4244,234
2020-06-09,Colombia,NA,Bolivar,2180976,144,5,4388,239
2020-06-10,Colombia,NA,Bolivar,2180976,121,3,4509,242
2020-06-11,Colombia,NA,Bolivar,2180976,196,4,4705,246
2020-06-12,Colombia,NA,Bolivar,2180976,64,10,4769,256
2020-06-13,Colombia,NA,Bolivar,2180976,170,9,4939,265
2020-06-14,Colombia,NA,Bolivar,2180976,183,8,5122,273
2020-06-15,Colombia,NA,Bolivar,2180976,101,7,5223,280
2020-06-16,Colombia,NA,Bolivar,2180976,168,4,5391,284
2020-06-17,Colombia,NA,Bolivar,2180976,131,8,5522,292
2020-06-18,Colombia,NA,Bolivar,2180976,271,18,5793,310
2020-06-19,Colombia,NA,Bolivar,2180976,414,8,6207,318
2020-06-20,Colombia,NA,Bolivar,2180976,222,6,6429,324
2020-06-21,Colombia,NA,Bolivar,2180976,261,16,6690,340
2020-06-22,Colombia,NA,Bolivar,2180976,309,8,6999,348
2020-06-23,Colombia,NA,Bolivar,2180976,205,9,7204,357
2020-06-24,Colombia,NA,Bolivar,2180976,273,12,7477,369
2020-06-25,Colombia,NA,Bolivar,2180976,419,8,7896,377
2020-06-26,Colombia,NA,Bolivar,2180976,483,8,8379,385
2020-06-27,Colombia,NA,Bolivar,2180976,256,14,8635,399
2020-06-28,Colombia,NA,Bolivar,2180976,253,12,8888,411
2020-06-29,Colombia,NA,Bolivar,2180976,219,7,9107,418
2020-06-30,Colombia,NA,Bolivar,2180976,127,7,9234,425
2020-07-01,Colombia,NA,Bolivar,2180976,307,3,9541,428
2020-07-02,Colombia,NA,Bolivar,2180976,253,7,9794,435
2020-07-03,Colombia,NA,Bolivar,2180976,252,13,10046,448
2020-07-04,Colombia,NA,Bolivar,2180976,304,6,10350,454
2020-07-05,Colombia,NA,Bolivar,2180976,393,9,10743,463
2020-07-06,Colombia,NA,Bolivar,2180976,298,4,11041,467
2020-07-07,Colombia,NA,Bolivar,2180976,295,7,11336,474
2020-07-08,Colombia,NA,Bolivar,2180976,403,10,11739,484
2020-07-09,Colombia,NA,Bolivar,2180976,247,6,11986,490
2020-07-10,Colombia,NA,Bolivar,2180976,385,6,12371,496
2020-07-11,Colombia,NA,Bolivar,2180976,416,11,12787,507
2020-07-12,Colombia,NA,Bolivar,2180976,426,9,13213,516
2020-07-13,Colombia,NA,Bolivar,2180976,397,7,13610,523
2020-07-14,Colombia,NA,Bolivar,2180976,445,6,14055,529
2020-07-15,Colombia,NA,Bolivar,2180976,320,6,14375,535
2020-07-16,Colombia,NA,Bolivar,2180976,361,5,14736,540
2020-07-17,Colombia,NA,Bolivar,2180976,134,8,14870,548
2020-07-18,Colombia,NA,Bolivar,2180976,107,4,14977,552
2020-07-19,Colombia,NA,Bolivar,2180976,241,7,15218,559
2020-07-20,Colombia,NA,Bolivar,2180976,149,12,15367,571
2020-07-21,Colombia,NA,Bolivar,2180976,320,3,15687,574
2020-07-22,Colombia,NA,Bolivar,2180976,424,6,16111,580
2020-07-23,Colombia,NA,Bolivar,2180976,277,8,16388,588
2020-07-24,Colombia,NA,Bolivar,2180976,351,9,16739,597
2020-07-25,Colombia,NA,Bolivar,2180976,340,8,17079,605
2020-07-26,Colombia,NA,Bolivar,2180976,138,7,17217,612
2020-07-27,Colombia,NA,Bolivar,2180976,436,5,17653,617
2020-07-28,Colombia,NA,Bolivar,2180976,334,8,17987,625
2020-07-29,Colombia,NA,Bolivar,2180976,360,4,18347,629
2020-07-30,Colombia,NA,Bolivar,2180976,560,6,18907,635
2020-07-31,Colombia,NA,Bolivar,2180976,220,8,19127,643
2020-08-01,Colombia,NA,Bolivar,2180976,138,3,19265,646
2020-08-02,Colombia,NA,Bolivar,2180976,167,9,19432,655
2020-08-03,Colombia,NA,Bolivar,2180976,145,7,19577,662
2020-08-04,Colombia,NA,Bolivar,2180976,233,3,19810,665
2020-08-05,Colombia,NA,Bolivar,2180976,180,5,19990,670
2020-08-06,Colombia,NA,Bolivar,2180976,221,5,20211,675
2020-08-07,Colombia,NA,Bolivar,2180976,227,0,20438,675
2020-08-08,Colombia,NA,Bolivar,2180976,241,2,20679,677
2020-08-09,Colombia,NA,Bolivar,2180976,135,7,20814,684
2020-08-10,Colombia,NA,Bolivar,2180976,195,5,21009,689
2020-08-11,Colombia,NA,Bolivar,2180976,246,2,21255,691
2020-08-12,Colombia,NA,Bolivar,2180976,137,1,21392,692
2020-08-13,Colombia,NA,Bolivar,2180976,296,7,21688,699
2020-08-14,Colombia,NA,Bolivar,2180976,230,2,21918,701
2020-08-15,Colombia,NA,Bolivar,2180976,116,2,22034,703
2020-08-16,Colombia,NA,Bolivar,2180976,183,2,22217,705
2020-08-17,Colombia,NA,Bolivar,2180976,317,2,22534,707
2020-08-18,Colombia,NA,Bolivar,2180976,152,5,22686,712
2020-08-19,Colombia,NA,Bolivar,2180976,62,10,22748,722
2020-08-20,Colombia,NA,Bolivar,2180976,207,2,22955,724
2020-08-21,Colombia,NA,Bolivar,2180976,213,4,23168,728
2020-08-22,Colombia,NA,Bolivar,2180976,133,3,23301,731
2020-08-23,Colombia,NA,Bolivar,2180976,107,3,23408,734
2020-08-24,Colombia,NA,Bolivar,2180976,345,2,23753,736
2020-08-25,Colombia,NA,Bolivar,2180976,307,1,24060,737
2020-08-26,Colombia,NA,Bolivar,2180976,336,3,24396,740
2020-08-27,Colombia,NA,Bolivar,2180976,87,1,24483,741
2020-08-28,Colombia,NA,Bolivar,2180976,167,2,24650,743
2020-08-29,Colombia,NA,Bolivar,2180976,82,0,24732,743
2020-08-30,Colombia,NA,Bolivar,2180976,36,1,24768,744
2020-08-31,Colombia,NA,Bolivar,2180976,8,0,24776,744
2020-05-16,Colombia,NA,Boyaca,1242731,17,3,106,7
2020-05-18,Colombia,NA,Boyaca,1242731,3,1,109,8
2020-05-19,Colombia,NA,Boyaca,1242731,12,0,121,8
2020-05-20,Colombia,NA,Boyaca,1242731,6,0,127,8
2020-05-21,Colombia,NA,Boyaca,1242731,10,1,137,9
2020-05-22,Colombia,NA,Boyaca,1242731,8,1,145,10
2020-05-23,Colombia,NA,Boyaca,1242731,8,0,153,10
2020-05-24,Colombia,NA,Boyaca,1242731,7,0,160,10
2020-05-25,Colombia,NA,Boyaca,1242731,3,0,163,10
2020-05-26,Colombia,NA,Boyaca,1242731,4,0,167,10
2020-05-27,Colombia,NA,Boyaca,1242731,11,0,178,10
2020-05-28,Colombia,NA,Boyaca,1242731,4,0,182,10
2020-05-29,Colombia,NA,Boyaca,1242731,8,1,190,11
2020-05-30,Colombia,NA,Boyaca,1242731,1,0,191,11
2020-05-31,Colombia,NA,Boyaca,1242731,21,1,212,12
2020-06-01,Colombia,NA,Boyaca,1242731,0,0,212,12
2020-06-02,Colombia,NA,Boyaca,1242731,0,0,212,12
2020-06-03,Colombia,NA,Boyaca,1242731,2,0,214,12
2020-06-04,Colombia,NA,Boyaca,1242731,6,0,220,12
2020-06-05,Colombia,NA,Boyaca,1242731,2,0,222,12
2020-06-06,Colombia,NA,Boyaca,1242731,2,0,224,12
2020-06-07,Colombia,NA,Boyaca,1242731,0,0,224,12
2020-06-08,Colombia,NA,Boyaca,1242731,2,0,226,12
2020-06-09,Colombia,NA,Boyaca,1242731,2,0,228,12
2020-06-10,Colombia,NA,Boyaca,1242731,4,1,232,13
2020-06-11,Colombia,NA,Boyaca,1242731,4,0,236,13
2020-06-12,Colombia,NA,Boyaca,1242731,0,0,236,13
2020-06-13,Colombia,NA,Boyaca,1242731,5,0,241,13
2020-06-14,Colombia,NA,Boyaca,1242731,5,0,246,13
2020-06-15,Colombia,NA,Boyaca,1242731,5,0,251,13
2020-06-16,Colombia,NA,Boyaca,1242731,5,0,256,13
2020-06-17,Colombia,NA,Boyaca,1242731,6,2,262,15
2020-06-18,Colombia,NA,Boyaca,1242731,4,0,266,15
2020-06-19,Colombia,NA,Boyaca,1242731,24,0,290,15
2020-06-20,Colombia,NA,Boyaca,1242731,7,0,297,15
2020-06-21,Colombia,NA,Boyaca,1242731,8,0,305,15
2020-06-22,Colombia,NA,Boyaca,1242731,4,0,309,15
2020-06-23,Colombia,NA,Boyaca,1242731,5,0,314,15
2020-06-24,Colombia,NA,Boyaca,1242731,18,0,332,15
2020-06-25,Colombia,NA,Boyaca,1242731,5,0,337,15
2020-06-26,Colombia,NA,Boyaca,1242731,5,0,342,15
2020-06-27,Colombia,NA,Boyaca,1242731,9,0,351,15
2020-06-28,Colombia,NA,Boyaca,1242731,4,1,355,16
2020-06-29,Colombia,NA,Boyaca,1242731,3,0,358,16
2020-06-30,Colombia,NA,Boyaca,1242731,8,0,366,16
2020-07-01,Colombia,NA,Boyaca,1242731,14,0,380,16
2020-07-02,Colombia,NA,Boyaca,1242731,18,1,398,17
2020-07-03,Colombia,NA,Boyaca,1242731,7,1,405,18
2020-07-04,Colombia,NA,Boyaca,1242731,10,0,415,18
2020-07-05,Colombia,NA,Boyaca,1242731,16,0,431,18
2020-07-06,Colombia,NA,Boyaca,1242731,6,0,437,18
2020-07-07,Colombia,NA,Boyaca,1242731,12,0,449,18
2020-07-08,Colombia,NA,Boyaca,1242731,3,0,452,18
2020-07-09,Colombia,NA,Boyaca,1242731,15,2,467,20
2020-07-10,Colombia,NA,Boyaca,1242731,21,1,488,21
2020-07-11,Colombia,NA,Boyaca,1242731,10,0,498,21
2020-07-12,Colombia,NA,Boyaca,1242731,13,1,511,22
2020-07-13,Colombia,NA,Boyaca,1242731,18,2,529,24
2020-07-14,Colombia,NA,Boyaca,1242731,7,0,536,24
2020-07-15,Colombia,NA,Boyaca,1242731,10,1,546,25
2020-07-16,Colombia,NA,Boyaca,1242731,73,0,619,25
2020-07-17,Colombia,NA,Boyaca,1242731,7,2,626,27
2020-07-18,Colombia,NA,Boyaca,1242731,21,2,647,29
2020-07-19,Colombia,NA,Boyaca,1242731,14,0,661,29
2020-07-20,Colombia,NA,Boyaca,1242731,0,1,661,30
2020-07-21,Colombia,NA,Boyaca,1242731,8,2,669,32
2020-07-22,Colombia,NA,Boyaca,1242731,48,0,717,32
2020-07-23,Colombia,NA,Boyaca,1242731,26,1,743,33
2020-07-24,Colombia,NA,Boyaca,1242731,28,1,771,34
2020-07-25,Colombia,NA,Boyaca,1242731,29,0,800,34
2020-07-26,Colombia,NA,Boyaca,1242731,27,0,827,34
2020-07-27,Colombia,NA,Boyaca,1242731,33,1,860,35
2020-07-28,Colombia,NA,Boyaca,1242731,83,3,943,38
2020-07-29,Colombia,NA,Boyaca,1242731,62,0,1005,38
2020-07-30,Colombia,NA,Boyaca,1242731,53,1,1058,39
2020-07-31,Colombia,NA,Boyaca,1242731,47,2,1105,41
2020-08-01,Colombia,NA,Boyaca,1242731,57,2,1162,43
2020-08-02,Colombia,NA,Boyaca,1242731,55,0,1217,43
2020-08-03,Colombia,NA,Boyaca,1242731,29,2,1246,45
2020-08-04,Colombia,NA,Boyaca,1242731,72,1,1318,46
2020-08-05,Colombia,NA,Boyaca,1242731,65,3,1383,49
2020-08-06,Colombia,NA,Boyaca,1242731,68,1,1451,50
2020-08-07,Colombia,NA,Boyaca,1242731,76,0,1527,50
2020-08-08,Colombia,NA,Boyaca,1242731,28,4,1555,54
2020-08-09,Colombia,NA,Boyaca,1242731,112,1,1667,55
2020-08-10,Colombia,NA,Boyaca,1242731,70,2,1737,57
2020-08-11,Colombia,NA,Boyaca,1242731,48,3,1785,60
2020-08-12,Colombia,NA,Boyaca,1242731,108,2,1893,62
2020-08-13,Colombia,NA,Boyaca,1242731,95,3,1988,65
2020-08-14,Colombia,NA,Boyaca,1242731,121,3,2109,68
2020-08-15,Colombia,NA,Boyaca,1242731,101,0,2210,68
2020-08-16,Colombia,NA,Boyaca,1242731,90,1,2300,69
2020-08-17,Colombia,NA,Boyaca,1242731,68,2,2368,71
2020-08-18,Colombia,NA,Boyaca,1242731,86,1,2454,72
2020-08-19,Colombia,NA,Boyaca,1242731,65,0,2519,72
2020-08-20,Colombia,NA,Boyaca,1242731,283,4,2802,76
2020-08-21,Colombia,NA,Boyaca,1242731,198,1,3000,77
2020-08-22,Colombia,NA,Boyaca,1242731,129,0,3129,77
2020-08-23,Colombia,NA,Boyaca,1242731,86,2,3215,79
2020-08-24,Colombia,NA,Boyaca,1242731,115,1,3330,80
2020-08-25,Colombia,NA,Boyaca,1242731,68,0,3398,80
2020-08-26,Colombia,NA,Boyaca,1242731,74,4,3472,84
2020-08-27,Colombia,NA,Boyaca,1242731,133,3,3605,87
2020-08-28,Colombia,NA,Boyaca,1242731,97,2,3702,89
2020-08-29,Colombia,NA,Boyaca,1242731,73,2,3775,91
2020-08-30,Colombia,NA,Boyaca,1242731,41,3,3816,94
2020-05-12,Colombia,NA,Caldas,1018453,4,0,104,5
2020-05-13,Colombia,NA,Caldas,1018453,0,0,104,5
2020-05-14,Colombia,NA,Caldas,1018453,4,0,108,5
2020-05-15,Colombia,NA,Caldas,1018453,1,0,109,5
2020-05-16,Colombia,NA,Caldas,1018453,10,0,119,5
2020-05-17,Colombia,NA,Caldas,1018453,1,0,120,5
2020-05-18,Colombia,NA,Caldas,1018453,0,0,120,5
2020-05-19,Colombia,NA,Caldas,1018453,0,0,120,5
2020-05-20,Colombia,NA,Caldas,1018453,6,0,126,5
2020-05-21,Colombia,NA,Caldas,1018453,0,0,126,5
2020-05-22,Colombia,NA,Caldas,1018453,0,0,126,5
2020-05-23,Colombia,NA,Caldas,1018453,1,0,127,5
2020-05-24,Colombia,NA,Caldas,1018453,1,1,128,6
2020-05-25,Colombia,NA,Caldas,1018453,0,0,128,6
2020-05-26,Colombia,NA,Caldas,1018453,2,0,130,6
2020-05-27,Colombia,NA,Caldas,1018453,4,0,134,6
2020-05-28,Colombia,NA,Caldas,1018453,1,0,135,6
2020-05-29,Colombia,NA,Caldas,1018453,0,0,135,6
2020-05-30,Colombia,NA,Caldas,1018453,0,0,135,6
2020-05-31,Colombia,NA,Caldas,1018453,0,0,135,6
2020-06-01,Colombia,NA,Caldas,1018453,3,0,138,6
2020-06-02,Colombia,NA,Caldas,1018453,8,0,146,6
2020-06-03,Colombia,NA,Caldas,1018453,11,1,157,7
2020-06-04,Colombia,NA,Caldas,1018453,5,0,162,7
2020-06-05,Colombia,NA,Caldas,1018453,2,0,164,7
2020-06-06,Colombia,NA,Caldas,1018453,9,0,173,7
2020-06-07,Colombia,NA,Caldas,1018453,3,0,176,7
2020-06-09,Colombia,NA,Caldas,1018453,4,0,180,7
2020-06-10,Colombia,NA,Caldas,1018453,5,0,185,7
2020-06-11,Colombia,NA,Caldas,1018453,3,0,188,7
2020-06-12,Colombia,NA,Caldas,1018453,3,0,191,7
2020-06-13,Colombia,NA,Caldas,1018453,1,0,192,7
2020-06-14,Colombia,NA,Caldas,1018453,5,0,197,7
2020-06-15,Colombia,NA,Caldas,1018453,4,0,201,7
2020-06-16,Colombia,NA,Caldas,1018453,5,0,206,7
2020-06-17,Colombia,NA,Caldas,1018453,0,0,206,7
2020-06-18,Colombia,NA,Caldas,1018453,2,0,208,7
2020-06-19,Colombia,NA,Caldas,1018453,4,0,212,7
2020-06-20,Colombia,NA,Caldas,1018453,5,0,217,7
2020-06-21,Colombia,NA,Caldas,1018453,2,0,219,7
2020-06-22,Colombia,NA,Caldas,1018453,13,0,232,7
2020-06-23,Colombia,NA,Caldas,1018453,6,0,238,7
2020-06-24,Colombia,NA,Caldas,1018453,1,0,239,7
2020-06-25,Colombia,NA,Caldas,1018453,2,0,241,7
2020-06-26,Colombia,NA,Caldas,1018453,3,0,244,7
2020-06-27,Colombia,NA,Caldas,1018453,1,0,245,7
2020-06-28,Colombia,NA,Caldas,1018453,12,0,257,7
2020-06-29,Colombia,NA,Caldas,1018453,2,0,259,7
2020-06-30,Colombia,NA,Caldas,1018453,1,0,260,7
2020-07-01,Colombia,NA,Caldas,1018453,4,1,264,8
2020-07-02,Colombia,NA,Caldas,1018453,3,0,267,8
2020-07-03,Colombia,NA,Caldas,1018453,1,0,268,8
2020-07-04,Colombia,NA,Caldas,1018453,3,0,271,8
2020-07-05,Colombia,NA,Caldas,1018453,0,0,271,8
2020-07-06,Colombia,NA,Caldas,1018453,2,0,273,8
2020-07-07,Colombia,NA,Caldas,1018453,5,0,278,8
2020-07-08,Colombia,NA,Caldas,1018453,1,0,279,8
2020-07-09,Colombia,NA,Caldas,1018453,8,0,287,8
2020-07-10,Colombia,NA,Caldas,1018453,7,0,294,8
2020-07-11,Colombia,NA,Caldas,1018453,0,0,294,8
2020-07-12,Colombia,NA,Caldas,1018453,8,0,302,8
2020-07-13,Colombia,NA,Caldas,1018453,0,0,302,8
2020-07-14,Colombia,NA,Caldas,1018453,10,2,312,10
2020-07-15,Colombia,NA,Caldas,1018453,10,0,322,10
2020-07-16,Colombia,NA,Caldas,1018453,10,0,332,10
2020-07-17,Colombia,NA,Caldas,1018453,35,0,367,10
2020-07-18,Colombia,NA,Caldas,1018453,28,0,395,10
2020-07-19,Colombia,NA,Caldas,1018453,1,1,396,11
2020-07-20,Colombia,NA,Caldas,1018453,9,1,405,12
2020-07-21,Colombia,NA,Caldas,1018453,71,1,476,13
2020-07-22,Colombia,NA,Caldas,1018453,83,0,559,13
2020-07-23,Colombia,NA,Caldas,1018453,29,1,588,14
2020-07-24,Colombia,NA,Caldas,1018453,59,0,647,14
2020-07-25,Colombia,NA,Caldas,1018453,67,0,714,14
2020-07-26,Colombia,NA,Caldas,1018453,7,1,721,15
2020-07-27,Colombia,NA,Caldas,1018453,7,0,728,15
2020-07-28,Colombia,NA,Caldas,1018453,66,1,794,16
2020-07-29,Colombia,NA,Caldas,1018453,59,3,853,19
2020-07-30,Colombia,NA,Caldas,1018453,90,1,943,20
2020-07-31,Colombia,NA,Caldas,1018453,49,1,992,21
2020-08-01,Colombia,NA,Caldas,1018453,29,2,1021,23
2020-08-02,Colombia,NA,Caldas,1018453,12,1,1033,24
2020-08-03,Colombia,NA,Caldas,1018453,25,0,1058,24
2020-08-04,Colombia,NA,Caldas,1018453,89,0,1147,24
2020-08-05,Colombia,NA,Caldas,1018453,17,1,1164,25
2020-08-06,Colombia,NA,Caldas,1018453,19,2,1183,27
2020-08-07,Colombia,NA,Caldas,1018453,35,1,1218,28
2020-08-08,Colombia,NA,Caldas,1018453,93,2,1311,30
2020-08-09,Colombia,NA,Caldas,1018453,77,2,1388,32
2020-08-10,Colombia,NA,Caldas,1018453,31,2,1419,34
2020-08-11,Colombia,NA,Caldas,1018453,40,1,1459,35
2020-08-12,Colombia,NA,Caldas,1018453,32,0,1491,35
2020-08-13,Colombia,NA,Caldas,1018453,61,2,1552,37
2020-08-14,Colombia,NA,Caldas,1018453,47,2,1599,39
2020-08-15,Colombia,NA,Caldas,1018453,70,0,1669,39
2020-08-16,Colombia,NA,Caldas,1018453,20,1,1689,40
2020-08-17,Colombia,NA,Caldas,1018453,70,3,1759,43
2020-08-18,Colombia,NA,Caldas,1018453,77,3,1836,46
2020-08-19,Colombia,NA,Caldas,1018453,126,0,1962,46
2020-08-20,Colombia,NA,Caldas,1018453,178,1,2140,47
2020-08-21,Colombia,NA,Caldas,1018453,90,4,2230,51
2020-08-22,Colombia,NA,Caldas,1018453,82,1,2312,52
2020-08-23,Colombia,NA,Caldas,1018453,55,3,2367,55
2020-08-24,Colombia,NA,Caldas,1018453,99,2,2466,57
2020-08-25,Colombia,NA,Caldas,1018453,85,2,2551,59
2020-08-26,Colombia,NA,Caldas,1018453,65,3,2616,62
2020-08-27,Colombia,NA,Caldas,1018453,88,2,2704,64
2020-08-28,Colombia,NA,Caldas,1018453,118,1,2822,65
2020-08-29,Colombia,NA,Caldas,1018453,62,4,2884,69
2020-08-30,Colombia,NA,Caldas,1018453,68,0,2952,69
2020-08-31,Colombia,NA,Caldas,1018453,1,0,2953,69
2020-07-11,Colombia,NA,Caqueta,410521,14,1,102,5
2020-07-12,Colombia,NA,Caqueta,410521,17,0,119,5
2020-07-13,Colombia,NA,Caqueta,410521,13,1,132,6
2020-07-14,Colombia,NA,Caqueta,410521,3,1,135,7
2020-07-15,Colombia,NA,Caqueta,410521,54,0,189,7
2020-07-16,Colombia,NA,Caqueta,410521,87,0,276,7
2020-07-17,Colombia,NA,Caqueta,410521,36,1,312,8
2020-07-18,Colombia,NA,Caqueta,410521,113,2,425,10
2020-07-19,Colombia,NA,Caqueta,410521,93,1,518,11
2020-07-20,Colombia,NA,Caqueta,410521,44,1,562,12
2020-07-21,Colombia,NA,Caqueta,410521,13,0,575,12
2020-07-22,Colombia,NA,Caqueta,410521,17,2,592,14
2020-07-23,Colombia,NA,Caqueta,410521,17,1,609,15
2020-07-24,Colombia,NA,Caqueta,410521,122,2,731,17
2020-07-25,Colombia,NA,Caqueta,410521,71,3,802,20
2020-07-26,Colombia,NA,Caqueta,410521,108,2,910,22
2020-07-27,Colombia,NA,Caqueta,410521,94,2,1004,24
2020-07-28,Colombia,NA,Caqueta,410521,106,1,1110,25
2020-07-29,Colombia,NA,Caqueta,410521,98,6,1208,31
2020-07-30,Colombia,NA,Caqueta,410521,109,6,1317,37
2020-07-31,Colombia,NA,Caqueta,410521,180,7,1497,44
2020-08-01,Colombia,NA,Caqueta,410521,139,4,1636,48
2020-08-02,Colombia,NA,Caqueta,410521,145,1,1781,49
2020-08-03,Colombia,NA,Caqueta,410521,111,3,1892,52
2020-08-04,Colombia,NA,Caqueta,410521,203,3,2095,55
2020-08-05,Colombia,NA,Caqueta,410521,106,6,2201,61
2020-08-06,Colombia,NA,Caqueta,410521,133,5,2334,66
2020-08-07,Colombia,NA,Caqueta,410521,166,7,2500,73
2020-08-08,Colombia,NA,Caqueta,410521,227,7,2727,80
2020-08-09,Colombia,NA,Caqueta,410521,155,10,2882,90
2020-08-10,Colombia,NA,Caqueta,410521,145,9,3027,99
2020-08-11,Colombia,NA,Caqueta,410521,226,6,3253,105
2020-08-12,Colombia,NA,Caqueta,410521,198,5,3451,110
2020-08-13,Colombia,NA,Caqueta,410521,196,11,3647,121
2020-08-14,Colombia,NA,Caqueta,410521,215,13,3862,134
2020-08-15,Colombia,NA,Caqueta,410521,207,3,4069,137
2020-08-16,Colombia,NA,Caqueta,410521,256,7,4325,144
2020-08-17,Colombia,NA,Caqueta,410521,111,5,4436,149
2020-08-18,Colombia,NA,Caqueta,410521,101,14,4537,163
2020-08-19,Colombia,NA,Caqueta,410521,69,11,4606,174
2020-08-20,Colombia,NA,Caqueta,410521,155,8,4761,182
2020-08-21,Colombia,NA,Caqueta,410521,154,6,4915,188
2020-08-22,Colombia,NA,Caqueta,410521,77,4,4992,192
2020-08-23,Colombia,NA,Caqueta,410521,227,4,5219,196
2020-08-24,Colombia,NA,Caqueta,410521,69,2,5288,198
2020-08-25,Colombia,NA,Caqueta,410521,176,4,5464,202
2020-08-26,Colombia,NA,Caqueta,410521,176,0,5640,202
2020-08-27,Colombia,NA,Caqueta,410521,190,2,5830,204
2020-08-28,Colombia,NA,Caqueta,410521,142,4,5972,208
2020-08-29,Colombia,NA,Caqueta,410521,34,2,6006,210
2020-08-30,Colombia,NA,Caqueta,410521,58,0,6064,210
2020-07-10,Colombia,NA,Casanare,435195,15,0,113,1
2020-07-11,Colombia,NA,Casanare,435195,5,0,118,1
2020-07-12,Colombia,NA,Casanare,435195,2,1,120,2
2020-07-13,Colombia,NA,Casanare,435195,13,0,133,2
2020-07-14,Colombia,NA,Casanare,435195,10,0,143,2
2020-07-15,Colombia,NA,Casanare,435195,4,0,147,2
2020-07-16,Colombia,NA,Casanare,435195,3,0,150,2
2020-07-17,Colombia,NA,Casanare,435195,3,0,153,2
2020-07-18,Colombia,NA,Casanare,435195,9,0,162,2
2020-07-19,Colombia,NA,Casanare,435195,23,1,185,3
2020-07-20,Colombia,NA,Casanare,435195,6,0,191,3
2020-07-21,Colombia,NA,Casanare,435195,7,1,198,4
2020-07-22,Colombia,NA,Casanare,435195,10,1,208,5
2020-07-23,Colombia,NA,Casanare,435195,6,0,214,5
2020-07-24,Colombia,NA,Casanare,435195,12,1,226,6
2020-07-25,Colombia,NA,Casanare,435195,11,0,237,6
2020-07-26,Colombia,NA,Casanare,435195,27,1,264,7
2020-07-27,Colombia,NA,Casanare,435195,17,0,281,7
2020-07-28,Colombia,NA,Casanare,435195,10,0,291,7
2020-07-29,Colombia,NA,Casanare,435195,25,2,316,9
2020-07-30,Colombia,NA,Casanare,435195,9,0,325,9
2020-07-31,Colombia,NA,Casanare,435195,8,1,333,10
2020-08-01,Colombia,NA,Casanare,435195,19,0,352,10
2020-08-02,Colombia,NA,Casanare,435195,14,2,366,12
2020-08-03,Colombia,NA,Casanare,435195,12,0,378,12
2020-08-04,Colombia,NA,Casanare,435195,32,0,410,12
2020-08-05,Colombia,NA,Casanare,435195,13,0,423,12
2020-08-06,Colombia,NA,Casanare,435195,15,2,438,14
2020-08-07,Colombia,NA,Casanare,435195,17,0,455,14
2020-08-08,Colombia,NA,Casanare,435195,15,0,470,14
2020-08-09,Colombia,NA,Casanare,435195,49,1,519,15
2020-08-10,Colombia,NA,Casanare,435195,13,0,532,15
2020-08-11,Colombia,NA,Casanare,435195,15,1,547,16
2020-08-12,Colombia,NA,Casanare,435195,47,1,594,17
2020-08-13,Colombia,NA,Casanare,435195,22,0,616,17
2020-08-14,Colombia,NA,Casanare,435195,28,0,644,17
2020-08-15,Colombia,NA,Casanare,435195,29,3,673,20
2020-08-16,Colombia,NA,Casanare,435195,23,1,696,21
2020-08-17,Colombia,NA,Casanare,435195,15,1,711,22
2020-08-18,Colombia,NA,Casanare,435195,51,0,762,22
2020-08-19,Colombia,NA,Casanare,435195,17,0,779,22
2020-08-20,Colombia,NA,Casanare,435195,30,2,809,24
2020-08-21,Colombia,NA,Casanare,435195,38,0,847,24
2020-08-22,Colombia,NA,Casanare,435195,26,0,873,24
2020-08-23,Colombia,NA,Casanare,435195,18,1,891,25
2020-08-24,Colombia,NA,Casanare,435195,22,0,913,25
2020-08-25,Colombia,NA,Casanare,435195,27,1,940,26
2020-08-26,Colombia,NA,Casanare,435195,18,0,958,26
2020-08-27,Colombia,NA,Casanare,435195,30,1,988,27
2020-08-28,Colombia,NA,Casanare,435195,27,1,1015,28
2020-08-29,Colombia,NA,Casanare,435195,19,0,1034,28
2020-08-30,Colombia,NA,Casanare,435195,26,0,1060,28
2020-05-31,Colombia,NA,Cauca,1491937,6,0,103,4
2020-06-01,Colombia,NA,Cauca,1491937,1,0,104,4
2020-06-02,Colombia,NA,Cauca,1491937,9,0,113,4
2020-06-03,Colombia,NA,Cauca,1491937,3,1,116,5
2020-06-04,Colombia,NA,Cauca,1491937,9,0,125,5
2020-06-05,Colombia,NA,Cauca,1491937,10,1,135,6
2020-06-06,Colombia,NA,Cauca,1491937,8,0,143,6
2020-06-07,Colombia,NA,Cauca,1491937,10,0,153,6
2020-06-08,Colombia,NA,Cauca,1491937,3,1,156,7
2020-06-09,Colombia,NA,Cauca,1491937,2,0,158,7
2020-06-10,Colombia,NA,Cauca,1491937,4,1,162,8
2020-06-11,Colombia,NA,Cauca,1491937,5,0,167,8
2020-06-12,Colombia,NA,Cauca,1491937,3,1,170,9
2020-06-13,Colombia,NA,Cauca,1491937,16,0,186,9
2020-06-14,Colombia,NA,Cauca,1491937,1,1,187,10
2020-06-15,Colombia,NA,Cauca,1491937,3,1,190,11
2020-06-16,Colombia,NA,Cauca,1491937,7,0,197,11
2020-06-17,Colombia,NA,Cauca,1491937,11,1,208,12
2020-06-18,Colombia,NA,Cauca,1491937,6,0,214,12
2020-06-19,Colombia,NA,Cauca,1491937,17,1,231,13
2020-06-20,Colombia,NA,Cauca,1491937,13,0,244,13
2020-06-21,Colombia,NA,Cauca,1491937,7,0,251,13
2020-06-22,Colombia,NA,Cauca,1491937,6,2,257,15
2020-06-23,Colombia,NA,Cauca,1491937,13,2,270,17
2020-06-24,Colombia,NA,Cauca,1491937,20,0,290,17
2020-06-25,Colombia,NA,Cauca,1491937,17,0,307,17
2020-06-26,Colombia,NA,Cauca,1491937,18,0,325,17
2020-06-27,Colombia,NA,Cauca,1491937,12,0,337,17
2020-06-28,Colombia,NA,Cauca,1491937,13,1,350,18
2020-06-29,Colombia,NA,Cauca,1491937,19,1,369,19
2020-06-30,Colombia,NA,Cauca,1491937,8,1,377,20
2020-07-01,Colombia,NA,Cauca,1491937,33,1,410,21
2020-07-02,Colombia,NA,Cauca,1491937,68,0,478,21
2020-07-03,Colombia,NA,Cauca,1491937,14,0,492,21
2020-07-04,Colombia,NA,Cauca,1491937,32,1,524,22
2020-07-05,Colombia,NA,Cauca,1491937,31,0,555,22
2020-07-06,Colombia,NA,Cauca,1491937,18,2,573,24
2020-07-07,Colombia,NA,Cauca,1491937,88,3,661,27
2020-07-08,Colombia,NA,Cauca,1491937,36,0,697,27
2020-07-09,Colombia,NA,Cauca,1491937,38,1,735,28
2020-07-10,Colombia,NA,Cauca,1491937,74,3,809,31
2020-07-11,Colombia,NA,Cauca,1491937,43,1,852,32
2020-07-12,Colombia,NA,Cauca,1491937,42,1,894,33
2020-07-13,Colombia,NA,Cauca,1491937,44,3,938,36
2020-07-14,Colombia,NA,Cauca,1491937,51,1,989,37
2020-07-15,Colombia,NA,Cauca,1491937,24,1,1013,38
2020-07-16,Colombia,NA,Cauca,1491937,79,1,1092,39
2020-07-17,Colombia,NA,Cauca,1491937,22,0,1114,39
2020-07-18,Colombia,NA,Cauca,1491937,55,4,1169,43
2020-07-19,Colombia,NA,Cauca,1491937,16,2,1185,45
2020-07-20,Colombia,NA,Cauca,1491937,30,3,1215,48
2020-07-21,Colombia,NA,Cauca,1491937,124,4,1339,52
2020-07-22,Colombia,NA,Cauca,1491937,111,5,1450,57
2020-07-23,Colombia,NA,Cauca,1491937,27,2,1477,59
2020-07-24,Colombia,NA,Cauca,1491937,110,1,1587,60
2020-07-25,Colombia,NA,Cauca,1491937,66,3,1653,63
2020-07-26,Colombia,NA,Cauca,1491937,45,6,1698,69
2020-07-27,Colombia,NA,Cauca,1491937,100,1,1798,70
2020-07-28,Colombia,NA,Cauca,1491937,67,3,1865,73
2020-07-29,Colombia,NA,Cauca,1491937,83,2,1948,75
2020-07-30,Colombia,NA,Cauca,1491937,77,4,2025,79
2020-07-31,Colombia,NA,Cauca,1491937,90,5,2115,84
2020-08-01,Colombia,NA,Cauca,1491937,63,2,2178,86
2020-08-02,Colombia,NA,Cauca,1491937,35,2,2213,88
2020-08-03,Colombia,NA,Cauca,1491937,42,7,2255,95
2020-08-04,Colombia,NA,Cauca,1491937,189,3,2444,98
2020-08-05,Colombia,NA,Cauca,1491937,48,5,2492,103
2020-08-06,Colombia,NA,Cauca,1491937,69,5,2561,108
2020-08-07,Colombia,NA,Cauca,1491937,68,4,2629,112
2020-08-08,Colombia,NA,Cauca,1491937,98,3,2727,115
2020-08-09,Colombia,NA,Cauca,1491937,7,5,2734,120
2020-08-10,Colombia,NA,Cauca,1491937,88,2,2822,122
2020-08-11,Colombia,NA,Cauca,1491937,54,3,2876,125
2020-08-12,Colombia,NA,Cauca,1491937,216,3,3092,128
2020-08-13,Colombia,NA,Cauca,1491937,120,5,3212,133
2020-08-14,Colombia,NA,Cauca,1491937,99,3,3311,136
2020-08-15,Colombia,NA,Cauca,1491937,85,2,3396,138
2020-08-16,Colombia,NA,Cauca,1491937,12,3,3408,141
2020-08-17,Colombia,NA,Cauca,1491937,83,7,3491,148
2020-08-18,Colombia,NA,Cauca,1491937,90,2,3581,150
2020-08-19,Colombia,NA,Cauca,1491937,159,2,3740,152
2020-08-20,Colombia,NA,Cauca,1491937,200,3,3940,155
2020-08-21,Colombia,NA,Cauca,1491937,155,4,4095,159
2020-08-22,Colombia,NA,Cauca,1491937,209,5,4304,164
2020-08-23,Colombia,NA,Cauca,1491937,48,2,4352,166
2020-08-24,Colombia,NA,Cauca,1491937,105,3,4457,169
2020-08-25,Colombia,NA,Cauca,1491937,190,2,4647,171
2020-08-26,Colombia,NA,Cauca,1491937,53,2,4700,173
2020-08-27,Colombia,NA,Cauca,1491937,61,6,4761,179
2020-08-28,Colombia,NA,Cauca,1491937,314,1,5075,180
2020-08-29,Colombia,NA,Cauca,1491937,177,1,5252,181
2020-08-30,Colombia,NA,Cauca,1491937,20,0,5272,181
2020-08-31,Colombia,NA,Cauca,1491937,2,0,5274,181
2020-05-26,Colombia,NA,Cesar,1295387,6,0,105,12
2020-05-27,Colombia,NA,Cesar,1295387,15,0,120,12
2020-05-28,Colombia,NA,Cesar,1295387,13,0,133,12
2020-05-29,Colombia,NA,Cesar,1295387,34,0,167,12
2020-05-30,Colombia,NA,Cesar,1295387,44,0,211,12
2020-05-31,Colombia,NA,Cesar,1295387,46,0,257,12
2020-06-01,Colombia,NA,Cesar,1295387,34,0,291,12
2020-06-02,Colombia,NA,Cesar,1295387,36,0,327,12
2020-06-03,Colombia,NA,Cesar,1295387,24,1,351,13
2020-06-04,Colombia,NA,Cesar,1295387,48,1,399,14
2020-06-05,Colombia,NA,Cesar,1295387,20,0,419,14
2020-06-06,Colombia,NA,Cesar,1295387,11,0,430,14
2020-06-07,Colombia,NA,Cesar,1295387,3,1,433,15
2020-06-08,Colombia,NA,Cesar,1295387,21,3,454,18
2020-06-09,Colombia,NA,Cesar,1295387,20,1,474,19
2020-06-10,Colombia,NA,Cesar,1295387,26,1,500,20
2020-06-11,Colombia,NA,Cesar,1295387,3,0,503,20
2020-06-12,Colombia,NA,Cesar,1295387,5,1,508,21
2020-06-13,Colombia,NA,Cesar,1295387,31,1,539,22
2020-06-14,Colombia,NA,Cesar,1295387,7,1,546,23
2020-06-15,Colombia,NA,Cesar,1295387,11,0,557,23
2020-06-16,Colombia,NA,Cesar,1295387,7,0,564,23
2020-06-17,Colombia,NA,Cesar,1295387,30,0,594,23
2020-06-18,Colombia,NA,Cesar,1295387,31,0,625,23
2020-06-19,Colombia,NA,Cesar,1295387,9,2,634,25
2020-06-20,Colombia,NA,Cesar,1295387,79,1,713,26
2020-06-21,Colombia,NA,Cesar,1295387,8,0,721,26
2020-06-22,Colombia,NA,Cesar,1295387,37,0,758,26
2020-06-23,Colombia,NA,Cesar,1295387,22,0,780,26
2020-06-24,Colombia,NA,Cesar,1295387,36,1,816,27
2020-06-25,Colombia,NA,Cesar,1295387,21,2,837,29
2020-06-26,Colombia,NA,Cesar,1295387,59,1,896,30
2020-06-27,Colombia,NA,Cesar,1295387,50,0,946,30
2020-06-28,Colombia,NA,Cesar,1295387,32,3,978,33
2020-06-29,Colombia,NA,Cesar,1295387,23,2,1001,35
2020-06-30,Colombia,NA,Cesar,1295387,13,1,1014,36
2020-07-01,Colombia,NA,Cesar,1295387,34,1,1048,37
2020-07-02,Colombia,NA,Cesar,1295387,8,0,1056,37
2020-07-03,Colombia,NA,Cesar,1295387,97,0,1153,37
2020-07-04,Colombia,NA,Cesar,1295387,86,0,1239,37
2020-07-05,Colombia,NA,Cesar,1295387,38,2,1277,39
2020-07-06,Colombia,NA,Cesar,1295387,35,0,1312,39
2020-07-07,Colombia,NA,Cesar,1295387,19,1,1331,40
2020-07-08,Colombia,NA,Cesar,1295387,16,0,1347,40
2020-07-09,Colombia,NA,Cesar,1295387,34,0,1381,40
2020-07-10,Colombia,NA,Cesar,1295387,50,1,1431,41
2020-07-11,Colombia,NA,Cesar,1295387,36,0,1467,41
2020-07-12,Colombia,NA,Cesar,1295387,71,1,1538,42
2020-07-13,Colombia,NA,Cesar,1295387,56,2,1594,44
2020-07-14,Colombia,NA,Cesar,1295387,95,1,1689,45
2020-07-15,Colombia,NA,Cesar,1295387,40,2,1729,47
2020-07-16,Colombia,NA,Cesar,1295387,84,2,1813,49
2020-07-17,Colombia,NA,Cesar,1295387,20,2,1833,51
2020-07-18,Colombia,NA,Cesar,1295387,123,2,1956,53
2020-07-19,Colombia,NA,Cesar,1295387,105,2,2061,55
2020-07-20,Colombia,NA,Cesar,1295387,1,0,2062,55
2020-07-21,Colombia,NA,Cesar,1295387,89,2,2151,57
2020-07-22,Colombia,NA,Cesar,1295387,146,2,2297,59
2020-07-23,Colombia,NA,Cesar,1295387,91,3,2388,62
2020-07-24,Colombia,NA,Cesar,1295387,108,3,2496,65
2020-07-25,Colombia,NA,Cesar,1295387,130,3,2626,68
2020-07-26,Colombia,NA,Cesar,1295387,2,1,2628,69
2020-07-27,Colombia,NA,Cesar,1295387,207,4,2835,73
2020-07-28,Colombia,NA,Cesar,1295387,68,4,2903,77
2020-07-29,Colombia,NA,Cesar,1295387,138,0,3041,77
2020-07-30,Colombia,NA,Cesar,1295387,82,3,3123,80
2020-07-31,Colombia,NA,Cesar,1295387,228,4,3351,84
2020-08-01,Colombia,NA,Cesar,1295387,157,3,3508,87
2020-08-02,Colombia,NA,Cesar,1295387,4,6,3512,93
2020-08-03,Colombia,NA,Cesar,1295387,202,6,3714,99
2020-08-04,Colombia,NA,Cesar,1295387,105,9,3819,108
2020-08-05,Colombia,NA,Cesar,1295387,199,2,4018,110
2020-08-06,Colombia,NA,Cesar,1295387,306,2,4324,112
2020-08-07,Colombia,NA,Cesar,1295387,91,4,4415,116
2020-08-08,Colombia,NA,Cesar,1295387,22,3,4437,119
2020-08-09,Colombia,NA,Cesar,1295387,39,6,4476,125
2020-08-10,Colombia,NA,Cesar,1295387,334,5,4810,130
2020-08-11,Colombia,NA,Cesar,1295387,138,3,4948,133
2020-08-12,Colombia,NA,Cesar,1295387,381,8,5329,141
2020-08-13,Colombia,NA,Cesar,1295387,156,13,5485,154
2020-08-14,Colombia,NA,Cesar,1295387,191,11,5676,165
2020-08-15,Colombia,NA,Cesar,1295387,297,8,5973,173
2020-08-16,Colombia,NA,Cesar,1295387,63,7,6036,180
2020-08-17,Colombia,NA,Cesar,1295387,39,15,6075,195
2020-08-18,Colombia,NA,Cesar,1295387,438,11,6513,206
2020-08-19,Colombia,NA,Cesar,1295387,310,10,6823,216
2020-08-20,Colombia,NA,Cesar,1295387,544,13,7367,229
2020-08-21,Colombia,NA,Cesar,1295387,500,10,7867,239
2020-08-22,Colombia,NA,Cesar,1295387,252,8,8119,247
2020-08-23,Colombia,NA,Cesar,1295387,83,11,8202,258
2020-08-24,Colombia,NA,Cesar,1295387,256,16,8458,274
2020-08-25,Colombia,NA,Cesar,1295387,517,10,8975,284
2020-08-26,Colombia,NA,Cesar,1295387,580,6,9555,290
2020-08-27,Colombia,NA,Cesar,1295387,437,8,9992,298
2020-08-28,Colombia,NA,Cesar,1295387,332,6,10324,304
2020-08-29,Colombia,NA,Cesar,1295387,349,8,10673,312
2020-08-30,Colombia,NA,Cesar,1295387,46,3,10719,315
2020-05-25,Colombia,NA,Choco,544764,16,1,111,6
2020-05-26,Colombia,NA,Choco,544764,12,1,123,7
2020-05-27,Colombia,NA,Choco,544764,33,0,156,7
2020-05-28,Colombia,NA,Choco,544764,42,1,198,8
2020-05-29,Colombia,NA,Choco,544764,0,4,198,12
2020-05-30,Colombia,NA,Choco,544764,23,0,221,12
2020-05-31,Colombia,NA,Choco,544764,6,1,227,13
2020-06-01,Colombia,NA,Choco,544764,1,1,228,14
2020-06-02,Colombia,NA,Choco,544764,65,1,293,15
2020-06-03,Colombia,NA,Choco,544764,0,3,293,18
2020-06-04,Colombia,NA,Choco,544764,41,1,334,19
2020-06-05,Colombia,NA,Choco,544764,57,2,391,21
2020-06-06,Colombia,NA,Choco,544764,1,3,392,24
2020-06-07,Colombia,NA,Choco,544764,14,3,406,27
2020-06-08,Colombia,NA,Choco,544764,58,2,464,29
2020-06-09,Colombia,NA,Choco,544764,17,1,481,30
2020-06-10,Colombia,NA,Choco,544764,68,2,549,32
2020-06-11,Colombia,NA,Choco,544764,20,0,569,32
2020-06-12,Colombia,NA,Choco,544764,4,0,573,32
2020-06-13,Colombia,NA,Choco,544764,98,4,671,36
2020-06-14,Colombia,NA,Choco,544764,16,0,687,36
2020-06-15,Colombia,NA,Choco,544764,20,4,707,40
2020-06-16,Colombia,NA,Choco,544764,107,1,814,41
2020-06-17,Colombia,NA,Choco,544764,19,4,833,45
2020-06-18,Colombia,NA,Choco,544764,80,2,913,47
2020-06-19,Colombia,NA,Choco,544764,32,5,945,52
2020-06-20,Colombia,NA,Choco,544764,25,2,970,54
2020-06-21,Colombia,NA,Choco,544764,12,4,982,58
2020-06-22,Colombia,NA,Choco,544764,34,1,1016,59
2020-06-23,Colombia,NA,Choco,544764,23,3,1039,62
2020-06-24,Colombia,NA,Choco,544764,106,4,1145,66
2020-06-25,Colombia,NA,Choco,544764,57,0,1202,66
2020-06-26,Colombia,NA,Choco,544764,86,1,1288,67
2020-06-27,Colombia,NA,Choco,544764,71,2,1359,69
2020-06-28,Colombia,NA,Choco,544764,31,2,1390,71
2020-06-29,Colombia,NA,Choco,544764,60,2,1450,73
2020-06-30,Colombia,NA,Choco,544764,52,2,1502,75
2020-07-01,Colombia,NA,Choco,544764,137,3,1639,78
2020-07-02,Colombia,NA,Choco,544764,57,2,1696,80
2020-07-03,Colombia,NA,Choco,544764,13,0,1709,80
2020-07-04,Colombia,NA,Choco,544764,80,2,1789,82
2020-07-05,Colombia,NA,Choco,544764,39,4,1828,86
2020-07-06,Colombia,NA,Choco,544764,116,2,1944,88
2020-07-07,Colombia,NA,Choco,544764,26,2,1970,90
2020-07-08,Colombia,NA,Choco,544764,30,1,2000,91
2020-07-09,Colombia,NA,Choco,544764,61,3,2061,94
2020-07-10,Colombia,NA,Choco,544764,47,2,2108,96
2020-07-11,Colombia,NA,Choco,544764,56,3,2164,99
2020-07-12,Colombia,NA,Choco,544764,62,1,2226,100
2020-07-13,Colombia,NA,Choco,544764,68,2,2294,102
2020-07-14,Colombia,NA,Choco,544764,37,1,2331,103
2020-07-15,Colombia,NA,Choco,544764,48,0,2379,103
2020-07-16,Colombia,NA,Choco,544764,28,1,2407,104
2020-07-17,Colombia,NA,Choco,544764,40,0,2447,104
2020-07-18,Colombia,NA,Choco,544764,28,1,2475,105
2020-07-19,Colombia,NA,Choco,544764,39,2,2514,107
2020-07-20,Colombia,NA,Choco,544764,31,0,2545,107
2020-07-21,Colombia,NA,Choco,544764,74,2,2619,109
2020-07-22,Colombia,NA,Choco,544764,130,0,2749,109
2020-07-23,Colombia,NA,Choco,544764,21,2,2770,111
2020-07-24,Colombia,NA,Choco,544764,28,1,2798,112
2020-07-25,Colombia,NA,Choco,544764,20,1,2818,113
2020-07-26,Colombia,NA,Choco,544764,17,6,2835,119
2020-07-27,Colombia,NA,Choco,544764,66,4,2901,123
2020-07-28,Colombia,NA,Choco,544764,22,2,2923,125
2020-07-29,Colombia,NA,Choco,544764,19,0,2942,125
2020-07-30,Colombia,NA,Choco,544764,19,1,2961,126
2020-07-31,Colombia,NA,Choco,544764,26,0,2987,126
2020-08-01,Colombia,NA,Choco,544764,28,2,3015,128
2020-08-02,Colombia,NA,Choco,544764,0,1,3015,129
2020-08-03,Colombia,NA,Choco,544764,24,0,3039,129
2020-08-04,Colombia,NA,Choco,544764,3,1,3042,130
2020-08-05,Colombia,NA,Choco,544764,26,1,3068,131
2020-08-06,Colombia,NA,Choco,544764,25,2,3093,133
2020-08-07,Colombia,NA,Choco,544764,10,1,3103,134
2020-08-08,Colombia,NA,Choco,544764,60,0,3163,134
2020-08-09,Colombia,NA,Choco,544764,112,1,3275,135
2020-08-10,Colombia,NA,Choco,544764,46,1,3321,136
2020-08-11,Colombia,NA,Choco,544764,14,0,3335,136
2020-08-12,Colombia,NA,Choco,544764,28,0,3363,136
2020-08-13,Colombia,NA,Choco,544764,0,0,3363,136
2020-08-14,Colombia,NA,Choco,544764,7,0,3370,136
2020-08-15,Colombia,NA,Choco,544764,30,0,3400,136
2020-08-16,Colombia,NA,Choco,544764,23,2,3423,138
2020-08-17,Colombia,NA,Choco,544764,29,3,3452,141
2020-08-18,Colombia,NA,Choco,544764,42,1,3494,142
2020-08-19,Colombia,NA,Choco,544764,12,1,3506,143
2020-08-20,Colombia,NA,Choco,544764,25,0,3531,143
2020-08-21,Colombia,NA,Choco,544764,4,1,3535,144
2020-08-22,Colombia,NA,Choco,544764,55,1,3590,145
2020-08-23,Colombia,NA,Choco,544764,1,0,3591,145
2020-08-24,Colombia,NA,Choco,544764,9,0,3600,145
2020-08-25,Colombia,NA,Choco,544764,5,0,3605,145
2020-08-26,Colombia,NA,Choco,544764,11,1,3616,146
2020-08-27,Colombia,NA,Choco,544764,7,0,3623,146
2020-08-28,Colombia,NA,Choco,544764,9,1,3632,147
2020-08-29,Colombia,NA,Choco,544764,11,0,3643,147
2020-08-30,Colombia,NA,Choco,544764,2,0,3645,147
2020-08-31,Colombia,NA,Choco,544764,1,0,3646,147
2020-04-10,Colombia,NA,Cundinamarca,3242999,16,0,106,5
2020-04-11,Colombia,NA,Cundinamarca,3242999,21,0,127,5
2020-04-12,Colombia,NA,Cundinamarca,3242999,7,0,134,5
2020-04-13,Colombia,NA,Cundinamarca,3242999,3,0,137,5
2020-04-14,Colombia,NA,Cundinamarca,3242999,5,0,142,5
2020-04-15,Colombia,NA,Cundinamarca,3242999,8,0,150,5
2020-04-16,Colombia,NA,Cundinamarca,3242999,1,1,151,6
2020-04-17,Colombia,NA,Cundinamarca,3242999,13,1,164,7
2020-04-18,Colombia,NA,Cundinamarca,3242999,7,0,171,7
2020-04-19,Colombia,NA,Cundinamarca,3242999,6,0,177,7
2020-04-20,Colombia,NA,Cundinamarca,3242999,7,0,184,7
2020-04-21,Colombia,NA,Cundinamarca,3242999,10,2,194,9
2020-04-22,Colombia,NA,Cundinamarca,3242999,3,0,197,9
2020-04-23,Colombia,NA,Cundinamarca,3242999,6,0,203,9
2020-04-24,Colombia,NA,Cundinamarca,3242999,7,1,210,10
2020-04-25,Colombia,NA,Cundinamarca,3242999,7,0,217,10
2020-04-26,Colombia,NA,Cundinamarca,3242999,7,1,224,11
2020-04-27,Colombia,NA,Cundinamarca,3242999,6,0,230,11
2020-04-28,Colombia,NA,Cundinamarca,3242999,2,0,232,11
2020-04-29,Colombia,NA,Cundinamarca,3242999,5,0,237,11
2020-04-30,Colombia,NA,Cundinamarca,3242999,5,0,242,11
2020-05-01,Colombia,NA,Cundinamarca,3242999,4,0,246,11
2020-05-02,Colombia,NA,Cundinamarca,3242999,2,0,248,11
2020-05-03,Colombia,NA,Cundinamarca,3242999,11,1,259,12
2020-05-04,Colombia,NA,Cundinamarca,3242999,3,0,262,12
2020-05-05,Colombia,NA,Cundinamarca,3242999,5,0,267,12
2020-05-06,Colombia,NA,Cundinamarca,3242999,0,0,267,12
2020-05-07,Colombia,NA,Cundinamarca,3242999,7,0,274,12
2020-05-08,Colombia,NA,Cundinamarca,3242999,3,0,277,12
2020-05-09,Colombia,NA,Cundinamarca,3242999,2,0,279,12
2020-05-10,Colombia,NA,Cundinamarca,3242999,4,0,283,12
2020-05-11,Colombia,NA,Cundinamarca,3242999,7,0,290,12
2020-05-12,Colombia,NA,Cundinamarca,3242999,18,0,308,12
2020-05-13,Colombia,NA,Cundinamarca,3242999,3,0,311,12
2020-05-14,Colombia,NA,Cundinamarca,3242999,7,0,318,12
2020-05-15,Colombia,NA,Cundinamarca,3242999,16,0,334,12
2020-05-16,Colombia,NA,Cundinamarca,3242999,8,0,342,12
2020-05-17,Colombia,NA,Cundinamarca,3242999,10,0,352,12
2020-05-18,Colombia,NA,Cundinamarca,3242999,11,1,363,13
2020-05-19,Colombia,NA,Cundinamarca,3242999,12,2,375,15
2020-05-20,Colombia,NA,Cundinamarca,3242999,6,0,381,15
2020-05-21,Colombia,NA,Cundinamarca,3242999,7,0,388,15
2020-05-22,Colombia,NA,Cundinamarca,3242999,7,0,395,15
2020-05-23,Colombia,NA,Cundinamarca,3242999,31,0,426,15
2020-05-24,Colombia,NA,Cundinamarca,3242999,34,0,460,15
2020-05-25,Colombia,NA,Cundinamarca,3242999,70,0,530,15
2020-05-26,Colombia,NA,Cundinamarca,3242999,48,1,578,16
2020-05-27,Colombia,NA,Cundinamarca,3242999,51,1,629,17
2020-05-28,Colombia,NA,Cundinamarca,3242999,75,1,704,18
2020-05-29,Colombia,NA,Cundinamarca,3242999,50,1,754,19
2020-05-30,Colombia,NA,Cundinamarca,3242999,36,2,790,21
2020-05-31,Colombia,NA,Cundinamarca,3242999,43,0,833,21
2020-06-01,Colombia,NA,Cundinamarca,3242999,74,4,907,25
2020-06-02,Colombia,NA,Cundinamarca,3242999,58,2,965,27
2020-06-03,Colombia,NA,Cundinamarca,3242999,53,3,1018,30
2020-06-04,Colombia,NA,Cundinamarca,3242999,52,5,1070,35
2020-06-05,Colombia,NA,Cundinamarca,3242999,51,1,1121,36
2020-06-06,Colombia,NA,Cundinamarca,3242999,40,1,1161,37
2020-06-07,Colombia,NA,Cundinamarca,3242999,50,2,1211,39
2020-06-08,Colombia,NA,Cundinamarca,3242999,115,0,1326,39
2020-06-09,Colombia,NA,Cundinamarca,3242999,51,2,1377,41
2020-06-10,Colombia,NA,Cundinamarca,3242999,40,1,1417,42
2020-06-11,Colombia,NA,Cundinamarca,3242999,99,1,1516,43
2020-06-12,Colombia,NA,Cundinamarca,3242999,51,2,1567,45
2020-06-13,Colombia,NA,Cundinamarca,3242999,58,0,1625,45
2020-06-14,Colombia,NA,Cundinamarca,3242999,21,1,1646,46
2020-06-15,Colombia,NA,Cundinamarca,3242999,23,1,1669,47
2020-06-16,Colombia,NA,Cundinamarca,3242999,47,0,1716,47
2020-06-17,Colombia,NA,Cundinamarca,3242999,27,0,1743,47
2020-06-18,Colombia,NA,Cundinamarca,3242999,65,1,1808,48
2020-06-19,Colombia,NA,Cundinamarca,3242999,57,0,1865,48
2020-06-20,Colombia,NA,Cundinamarca,3242999,56,1,1921,49
2020-06-21,Colombia,NA,Cundinamarca,3242999,27,1,1948,50
2020-06-22,Colombia,NA,Cundinamarca,3242999,62,1,2010,51
2020-06-23,Colombia,NA,Cundinamarca,3242999,112,2,2122,53
2020-06-24,Colombia,NA,Cundinamarca,3242999,88,1,2210,54
2020-06-25,Colombia,NA,Cundinamarca,3242999,100,1,2310,55
2020-06-26,Colombia,NA,Cundinamarca,3242999,118,1,2428,56
2020-06-27,Colombia,NA,Cundinamarca,3242999,68,1,2496,57
2020-06-28,Colombia,NA,Cundinamarca,3242999,85,1,2581,58
2020-06-29,Colombia,NA,Cundinamarca,3242999,64,2,2645,60
2020-06-30,Colombia,NA,Cundinamarca,3242999,23,2,2668,62
2020-07-01,Colombia,NA,Cundinamarca,3242999,159,3,2827,65
2020-07-02,Colombia,NA,Cundinamarca,3242999,175,0,3002,65
2020-07-03,Colombia,NA,Cundinamarca,3242999,114,6,3116,71
2020-07-04,Colombia,NA,Cundinamarca,3242999,156,6,3272,77
2020-07-05,Colombia,NA,Cundinamarca,3242999,100,2,3372,79
2020-07-06,Colombia,NA,Cundinamarca,3242999,93,5,3465,84
2020-07-07,Colombia,NA,Cundinamarca,3242999,104,1,3569,85
2020-07-08,Colombia,NA,Cundinamarca,3242999,134,2,3703,87
2020-07-09,Colombia,NA,Cundinamarca,3242999,277,6,3980,93
2020-07-10,Colombia,NA,Cundinamarca,3242999,252,4,4232,97
2020-07-11,Colombia,NA,Cundinamarca,3242999,218,3,4450,100
2020-07-12,Colombia,NA,Cundinamarca,3242999,245,7,4695,107
2020-07-13,Colombia,NA,Cundinamarca,3242999,288,9,4983,116
2020-07-14,Colombia,NA,Cundinamarca,3242999,300,10,5283,126
2020-07-15,Colombia,NA,Cundinamarca,3242999,175,7,5458,133
2020-07-16,Colombia,NA,Cundinamarca,3242999,184,4,5642,137
2020-07-17,Colombia,NA,Cundinamarca,3242999,181,13,5823,150
2020-07-18,Colombia,NA,Cundinamarca,3242999,261,7,6084,157
2020-07-19,Colombia,NA,Cundinamarca,3242999,189,9,6273,166
2020-07-20,Colombia,NA,Cundinamarca,3242999,78,10,6351,176
2020-07-21,Colombia,NA,Cundinamarca,3242999,222,14,6573,190
2020-07-22,Colombia,NA,Cundinamarca,3242999,328,11,6901,201
2020-07-23,Colombia,NA,Cundinamarca,3242999,217,8,7118,209
2020-07-24,Colombia,NA,Cundinamarca,3242999,240,8,7358,217
2020-07-25,Colombia,NA,Cundinamarca,3242999,220,10,7578,227
2020-07-26,Colombia,NA,Cundinamarca,3242999,143,10,7721,237
2020-07-27,Colombia,NA,Cundinamarca,3242999,374,19,8095,256
2020-07-28,Colombia,NA,Cundinamarca,3242999,342,7,8437,263
2020-07-29,Colombia,NA,Cundinamarca,3242999,317,15,8754,278
2020-07-30,Colombia,NA,Cundinamarca,3242999,284,17,9038,295
2020-07-31,Colombia,NA,Cundinamarca,3242999,342,12,9380,307
2020-08-01,Colombia,NA,Cundinamarca,3242999,438,12,9818,319
2020-08-02,Colombia,NA,Cundinamarca,3242999,259,7,10077,326
2020-08-03,Colombia,NA,Cundinamarca,3242999,225,9,10302,335
2020-08-04,Colombia,NA,Cundinamarca,3242999,499,12,10801,347
2020-08-05,Colombia,NA,Cundinamarca,3242999,409,14,11210,361
2020-08-06,Colombia,NA,Cundinamarca,3242999,285,18,11495,379
2020-08-07,Colombia,NA,Cundinamarca,3242999,448,16,11943,395
2020-08-08,Colombia,NA,Cundinamarca,3242999,234,15,12177,410
2020-08-09,Colombia,NA,Cundinamarca,3242999,304,13,12481,423
2020-08-10,Colombia,NA,Cundinamarca,3242999,633,13,13114,436
2020-08-11,Colombia,NA,Cundinamarca,3242999,364,14,13478,450
2020-08-12,Colombia,NA,Cundinamarca,3242999,582,15,14060,465
2020-08-13,Colombia,NA,Cundinamarca,3242999,534,19,14594,484
2020-08-14,Colombia,NA,Cundinamarca,3242999,740,13,15334,497
2020-08-15,Colombia,NA,Cundinamarca,3242999,526,12,15860,509
2020-08-16,Colombia,NA,Cundinamarca,3242999,470,11,16330,520
2020-08-17,Colombia,NA,Cundinamarca,3242999,382,12,16712,532
2020-08-18,Colombia,NA,Cundinamarca,3242999,927,8,17639,540
2020-08-19,Colombia,NA,Cundinamarca,3242999,373,10,18012,550
2020-08-20,Colombia,NA,Cundinamarca,3242999,513,16,18525,566
2020-08-21,Colombia,NA,Cundinamarca,3242999,539,15,19064,581
2020-08-22,Colombia,NA,Cundinamarca,3242999,420,13,19484,594
2020-08-23,Colombia,NA,Cundinamarca,3242999,488,13,19972,607
2020-08-24,Colombia,NA,Cundinamarca,3242999,535,12,20507,619
2020-08-25,Colombia,NA,Cundinamarca,3242999,415,14,20922,633
2020-08-26,Colombia,NA,Cundinamarca,3242999,528,12,21450,645
2020-08-27,Colombia,NA,Cundinamarca,3242999,507,11,21957,656
2020-08-28,Colombia,NA,Cundinamarca,3242999,441,11,22398,667
2020-08-29,Colombia,NA,Cundinamarca,3242999,339,9,22737,676
2020-08-30,Colombia,NA,Cundinamarca,3242999,247,7,22984,683
2020-05-28,Colombia,NA,Cordoba,1828947,5,0,101,9
2020-05-29,Colombia,NA,Cordoba,1828947,9,0,110,9
2020-05-30,Colombia,NA,Cordoba,1828947,10,0,120,9
2020-05-31,Colombia,NA,Cordoba,1828947,4,0,124,9
2020-06-01,Colombia,NA,Cordoba,1828947,11,0,135,9
2020-06-02,Colombia,NA,Cordoba,1828947,0,1,135,10
2020-06-03,Colombia,NA,Cordoba,1828947,28,1,163,11
2020-06-04,Colombia,NA,Cordoba,1828947,9,0,172,11
2020-06-05,Colombia,NA,Cordoba,1828947,22,0,194,11
2020-06-06,Colombia,NA,Cordoba,1828947,14,2,208,13
2020-06-07,Colombia,NA,Cordoba,1828947,11,2,219,15
2020-06-08,Colombia,NA,Cordoba,1828947,5,0,224,15
2020-06-09,Colombia,NA,Cordoba,1828947,6,0,230,15
2020-06-10,Colombia,NA,Cordoba,1828947,5,2,235,17
2020-06-11,Colombia,NA,Cordoba,1828947,8,0,243,17
2020-06-12,Colombia,NA,Cordoba,1828947,4,1,247,18
2020-06-13,Colombia,NA,Cordoba,1828947,18,1,265,19
2020-06-14,Colombia,NA,Cordoba,1828947,21,1,286,20
2020-06-15,Colombia,NA,Cordoba,1828947,4,0,290,20
2020-06-16,Colombia,NA,Cordoba,1828947,15,1,305,21
2020-06-17,Colombia,NA,Cordoba,1828947,3,1,308,22
2020-06-18,Colombia,NA,Cordoba,1828947,57,1,365,23
2020-06-19,Colombia,NA,Cordoba,1828947,25,2,390,25
2020-06-20,Colombia,NA,Cordoba,1828947,13,4,403,29
2020-06-21,Colombia,NA,Cordoba,1828947,19,2,422,31
2020-06-22,Colombia,NA,Cordoba,1828947,12,4,434,35
2020-06-23,Colombia,NA,Cordoba,1828947,12,3,446,38
2020-06-24,Colombia,NA,Cordoba,1828947,21,5,467,43
2020-06-25,Colombia,NA,Cordoba,1828947,40,5,507,48
2020-06-26,Colombia,NA,Cordoba,1828947,34,3,541,51
2020-06-27,Colombia,NA,Cordoba,1828947,35,4,576,55
2020-06-28,Colombia,NA,Cordoba,1828947,80,7,656,62
2020-06-29,Colombia,NA,Cordoba,1828947,95,12,751,74
2020-06-30,Colombia,NA,Cordoba,1828947,39,17,790,91
2020-07-01,Colombia,NA,Cordoba,1828947,36,6,826,97
2020-07-02,Colombia,NA,Cordoba,1828947,97,12,923,109
2020-07-03,Colombia,NA,Cordoba,1828947,32,12,955,121
2020-07-04,Colombia,NA,Cordoba,1828947,113,20,1068,141
2020-07-05,Colombia,NA,Cordoba,1828947,56,16,1124,157
2020-07-06,Colombia,NA,Cordoba,1828947,70,22,1194,179
2020-07-07,Colombia,NA,Cordoba,1828947,134,28,1328,207
2020-07-08,Colombia,NA,Cordoba,1828947,139,28,1467,235
2020-07-09,Colombia,NA,Cordoba,1828947,252,28,1719,263
2020-07-10,Colombia,NA,Cordoba,1828947,130,24,1849,287
2020-07-11,Colombia,NA,Cordoba,1828947,59,27,1908,314
2020-07-12,Colombia,NA,Cordoba,1828947,166,29,2074,343
2020-07-13,Colombia,NA,Cordoba,1828947,184,39,2258,382
2020-07-14,Colombia,NA,Cordoba,1828947,242,25,2500,407
2020-07-15,Colombia,NA,Cordoba,1828947,226,32,2726,439
2020-07-16,Colombia,NA,Cordoba,1828947,262,30,2988,469
2020-07-17,Colombia,NA,Cordoba,1828947,245,49,3233,518
2020-07-18,Colombia,NA,Cordoba,1828947,158,29,3391,547
2020-07-19,Colombia,NA,Cordoba,1828947,188,35,3579,582
2020-07-20,Colombia,NA,Cordoba,1828947,105,30,3684,612
2020-07-21,Colombia,NA,Cordoba,1828947,310,41,3994,653
2020-07-22,Colombia,NA,Cordoba,1828947,445,47,4439,700
2020-07-23,Colombia,NA,Cordoba,1828947,342,31,4781,731
2020-07-24,Colombia,NA,Cordoba,1828947,458,40,5239,771
2020-07-25,Colombia,NA,Cordoba,1828947,192,31,5431,802
2020-07-26,Colombia,NA,Cordoba,1828947,504,26,5935,828
2020-07-27,Colombia,NA,Cordoba,1828947,601,37,6536,865
2020-07-28,Colombia,NA,Cordoba,1828947,332,40,6868,905
2020-07-29,Colombia,NA,Cordoba,1828947,352,34,7220,939
2020-07-30,Colombia,NA,Cordoba,1828947,175,34,7395,973
2020-07-31,Colombia,NA,Cordoba,1828947,284,26,7679,999
2020-08-01,Colombia,NA,Cordoba,1828947,480,21,8159,1020
2020-08-02,Colombia,NA,Cordoba,1828947,214,25,8373,1045
2020-08-03,Colombia,NA,Cordoba,1828947,392,27,8765,1072
2020-08-04,Colombia,NA,Cordoba,1828947,232,19,8997,1091
2020-08-05,Colombia,NA,Cordoba,1828947,393,12,9390,1103
2020-08-06,Colombia,NA,Cordoba,1828947,352,21,9742,1124
2020-08-07,Colombia,NA,Cordoba,1828947,662,24,10404,1148
2020-08-08,Colombia,NA,Cordoba,1828947,948,18,11352,1166
2020-08-09,Colombia,NA,Cordoba,1828947,318,14,11670,1180
2020-08-10,Colombia,NA,Cordoba,1828947,931,17,12601,1197
2020-08-11,Colombia,NA,Cordoba,1828947,573,19,13174,1216
2020-08-12,Colombia,NA,Cordoba,1828947,747,11,13921,1227
2020-08-13,Colombia,NA,Cordoba,1828947,423,17,14344,1244
2020-08-14,Colombia,NA,Cordoba,1828947,549,17,14893,1261
2020-08-15,Colombia,NA,Cordoba,1828947,555,18,15448,1279
2020-08-16,Colombia,NA,Cordoba,1828947,569,16,16017,1295
2020-08-17,Colombia,NA,Cordoba,1828947,521,14,16538,1309
2020-08-18,Colombia,NA,Cordoba,1828947,330,10,16868,1319
2020-08-19,Colombia,NA,Cordoba,1828947,231,12,17099,1331
2020-08-20,Colombia,NA,Cordoba,1828947,300,10,17399,1341
2020-08-21,Colombia,NA,Cordoba,1828947,207,10,17606,1351
2020-08-22,Colombia,NA,Cordoba,1828947,196,6,17802,1357
2020-08-23,Colombia,NA,Cordoba,1828947,167,8,17969,1365
2020-08-24,Colombia,NA,Cordoba,1828947,284,10,18253,1375
2020-08-25,Colombia,NA,Cordoba,1828947,586,1,18839,1376
2020-08-26,Colombia,NA,Cordoba,1828947,238,4,19077,1380
2020-08-27,Colombia,NA,Cordoba,1828947,213,6,19290,1386
2020-08-28,Colombia,NA,Cordoba,1828947,130,1,19420,1387
2020-08-29,Colombia,NA,Cordoba,1828947,172,1,19592,1388
2020-08-30,Colombia,NA,Cordoba,1828947,81,0,19673,1388
2020-08-31,Colombia,NA,Cordoba,1828947,8,0,19681,1388
2020-07-29,Colombia,NA,Guaviare,86657,6,0,101,0
2020-07-30,Colombia,NA,Guaviare,86657,13,0,114,0
2020-07-31,Colombia,NA,Guaviare,86657,0,0,114,0
2020-08-01,Colombia,NA,Guaviare,86657,9,0,123,0
2020-08-02,Colombia,NA,Guaviare,86657,2,0,125,0
2020-08-03,Colombia,NA,Guaviare,86657,6,1,131,1
2020-08-04,Colombia,NA,Guaviare,86657,8,0,139,1
2020-08-05,Colombia,NA,Guaviare,86657,1,0,140,1
2020-08-06,Colombia,NA,Guaviare,86657,0,0,140,1
2020-08-07,Colombia,NA,Guaviare,86657,4,0,144,1
2020-08-08,Colombia,NA,Guaviare,86657,26,0,170,1
2020-08-09,Colombia,NA,Guaviare,86657,6,0,176,1
2020-08-10,Colombia,NA,Guaviare,86657,16,0,192,1
2020-08-11,Colombia,NA,Guaviare,86657,0,0,192,1
2020-08-12,Colombia,NA,Guaviare,86657,2,0,194,1
2020-08-13,Colombia,NA,Guaviare,86657,2,0,196,1
2020-08-14,Colombia,NA,Guaviare,86657,0,0,196,1
2020-08-15,Colombia,NA,Guaviare,86657,4,0,200,1
2020-08-16,Colombia,NA,Guaviare,86657,0,0,200,1
2020-08-17,Colombia,NA,Guaviare,86657,0,0,200,1
2020-08-18,Colombia,NA,Guaviare,86657,3,0,203,1
2020-08-19,Colombia,NA,Guaviare,86657,2,0,205,1
2020-08-20,Colombia,NA,Guaviare,86657,12,0,217,1
2020-08-21,Colombia,NA,Guaviare,86657,1,0,218,1
2020-08-22,Colombia,NA,Guaviare,86657,18,0,236,1
2020-08-23,Colombia,NA,Guaviare,86657,0,1,236,2
2020-08-24,Colombia,NA,Guaviare,86657,0,0,236,2
2020-08-25,Colombia,NA,Guaviare,86657,1,0,237,2
2020-08-26,Colombia,NA,Guaviare,86657,0,0,237,2
2020-08-27,Colombia,NA,Guaviare,86657,1,0,238,2
2020-08-28,Colombia,NA,Guaviare,86657,2,0,240,2
2020-08-29,Colombia,NA,Guaviare,86657,32,0,272,2
2020-04-28,Colombia,NA,Huila,1122622,9,0,101,8
2020-04-29,Colombia,NA,Huila,1122622,3,0,104,8
2020-04-30,Colombia,NA,Huila,1122622,16,1,120,9
2020-05-01,Colombia,NA,Huila,1122622,13,0,133,9
2020-05-02,Colombia,NA,Huila,1122622,0,0,133,9
2020-05-03,Colombia,NA,Huila,1122622,0,0,133,9
2020-05-04,Colombia,NA,Huila,1122622,1,1,134,10
2020-05-05,Colombia,NA,Huila,1122622,3,0,137,10
2020-05-06,Colombia,NA,Huila,1122622,0,0,137,10
2020-05-07,Colombia,NA,Huila,1122622,10,0,147,10
2020-05-08,Colombia,NA,Huila,1122622,0,0,147,10
2020-05-09,Colombia,NA,Huila,1122622,0,0,147,10
2020-05-10,Colombia,NA,Huila,1122622,31,0,178,10
2020-05-11,Colombia,NA,Huila,1122622,1,0,179,10
2020-05-12,Colombia,NA,Huila,1122622,6,1,185,11
2020-05-13,Colombia,NA,Huila,1122622,1,0,186,11
2020-05-14,Colombia,NA,Huila,1122622,0,0,186,11
2020-05-15,Colombia,NA,Huila,1122622,20,0,206,11
2020-05-16,Colombia,NA,Huila,1122622,1,1,207,12
2020-05-17,Colombia,NA,Huila,1122622,2,1,209,13
2020-05-18,Colombia,NA,Huila,1122622,4,0,213,13
2020-05-19,Colombia,NA,Huila,1122622,0,0,213,13
2020-05-20,Colombia,NA,Huila,1122622,7,0,220,13
2020-05-21,Colombia,NA,Huila,1122622,8,0,228,13
2020-05-22,Colombia,NA,Huila,1122622,4,0,232,13
2020-05-23,Colombia,NA,Huila,1122622,2,0,234,13
2020-05-25,Colombia,NA,Huila,1122622,4,0,238,13
2020-05-26,Colombia,NA,Huila,1122622,2,0,240,13
2020-05-27,Colombia,NA,Huila,1122622,5,0,245,13
2020-05-28,Colombia,NA,Huila,1122622,3,0,248,13
2020-05-29,Colombia,NA,Huila,1122622,0,0,248,13
2020-05-30,Colombia,NA,Huila,1122622,0,0,248,13
2020-05-31,Colombia,NA,Huila,1122622,2,0,250,13
2020-06-01,Colombia,NA,Huila,1122622,2,0,252,13
2020-06-02,Colombia,NA,Huila,1122622,0,0,252,13
2020-06-03,Colombia,NA,Huila,1122622,1,0,253,13
2020-06-04,Colombia,NA,Huila,1122622,1,0,254,13
2020-06-05,Colombia,NA,Huila,1122622,0,0,254,13
2020-06-07,Colombia,NA,Huila,1122622,2,0,256,13
2020-06-08,Colombia,NA,Huila,1122622,2,0,258,13
2020-06-09,Colombia,NA,Huila,1122622,2,0,260,13
2020-06-10,Colombia,NA,Huila,1122622,0,0,260,13
2020-06-11,Colombia,NA,Huila,1122622,7,0,267,13
2020-06-13,Colombia,NA,Huila,1122622,3,0,270,13
2020-06-14,Colombia,NA,Huila,1122622,2,0,272,13
2020-06-15,Colombia,NA,Huila,1122622,2,0,274,13
2020-06-16,Colombia,NA,Huila,1122622,4,0,278,13
2020-06-17,Colombia,NA,Huila,1122622,4,0,282,13
2020-06-18,Colombia,NA,Huila,1122622,4,0,286,13
2020-06-19,Colombia,NA,Huila,1122622,2,0,288,13
2020-06-20,Colombia,NA,Huila,1122622,6,0,294,13
2020-06-21,Colombia,NA,Huila,1122622,13,0,307,13
2020-06-22,Colombia,NA,Huila,1122622,2,1,309,14
2020-06-23,Colombia,NA,Huila,1122622,6,0,315,14
2020-06-24,Colombia,NA,Huila,1122622,1,0,316,14
2020-06-25,Colombia,NA,Huila,1122622,3,0,319,14
2020-06-26,Colombia,NA,Huila,1122622,4,0,323,14
2020-06-27,Colombia,NA,Huila,1122622,1,0,324,14
2020-06-28,Colombia,NA,Huila,1122622,3,0,327,14
2020-06-29,Colombia,NA,Huila,1122622,7,1,334,15
2020-06-30,Colombia,NA,Huila,1122622,3,0,337,15
2020-07-01,Colombia,NA,Huila,1122622,0,0,337,15
2020-07-02,Colombia,NA,Huila,1122622,24,0,361,15
2020-07-03,Colombia,NA,Huila,1122622,4,0,365,15
2020-07-04,Colombia,NA,Huila,1122622,5,0,370,15
2020-07-05,Colombia,NA,Huila,1122622,6,2,376,17
2020-07-06,Colombia,NA,Huila,1122622,5,0,381,17
2020-07-07,Colombia,NA,Huila,1122622,1,0,382,17
2020-07-08,Colombia,NA,Huila,1122622,9,0,391,17
2020-07-09,Colombia,NA,Huila,1122622,8,0,399,17
2020-07-10,Colombia,NA,Huila,1122622,16,0,415,17
2020-07-11,Colombia,NA,Huila,1122622,7,1,422,18
2020-07-12,Colombia,NA,Huila,1122622,10,0,432,18
2020-07-13,Colombia,NA,Huila,1122622,16,0,448,18
2020-07-14,Colombia,NA,Huila,1122622,19,1,467,19
2020-07-15,Colombia,NA,Huila,1122622,22,0,489,19
2020-07-16,Colombia,NA,Huila,1122622,9,1,498,20
2020-07-17,Colombia,NA,Huila,1122622,26,0,524,20
2020-07-18,Colombia,NA,Huila,1122622,43,0,567,20
2020-07-19,Colombia,NA,Huila,1122622,18,1,585,21
2020-07-20,Colombia,NA,Huila,1122622,7,1,592,22
2020-07-21,Colombia,NA,Huila,1122622,20,2,612,24
2020-07-22,Colombia,NA,Huila,1122622,44,0,656,24
2020-07-23,Colombia,NA,Huila,1122622,28,0,684,24
2020-07-24,Colombia,NA,Huila,1122622,39,2,723,26
2020-07-25,Colombia,NA,Huila,1122622,35,0,758,26
2020-07-26,Colombia,NA,Huila,1122622,17,3,775,29
2020-07-27,Colombia,NA,Huila,1122622,36,1,811,30
2020-07-28,Colombia,NA,Huila,1122622,44,1,855,31
2020-07-29,Colombia,NA,Huila,1122622,129,1,984,32
2020-07-30,Colombia,NA,Huila,1122622,26,2,1010,34
2020-07-31,Colombia,NA,Huila,1122622,58,2,1068,36
2020-08-01,Colombia,NA,Huila,1122622,50,1,1118,37
2020-08-02,Colombia,NA,Huila,1122622,84,2,1202,39
2020-08-03,Colombia,NA,Huila,1122622,61,3,1263,42
2020-08-04,Colombia,NA,Huila,1122622,51,3,1314,45
2020-08-05,Colombia,NA,Huila,1122622,59,2,1373,47
2020-08-06,Colombia,NA,Huila,1122622,89,2,1462,49
2020-08-07,Colombia,NA,Huila,1122622,121,3,1583,52
2020-08-08,Colombia,NA,Huila,1122622,197,4,1780,56
2020-08-09,Colombia,NA,Huila,1122622,108,5,1888,61
2020-08-10,Colombia,NA,Huila,1122622,159,6,2047,67
2020-08-11,Colombia,NA,Huila,1122622,85,2,2132,69
2020-08-12,Colombia,NA,Huila,1122622,201,3,2333,72
2020-08-13,Colombia,NA,Huila,1122622,77,3,2410,75
2020-08-14,Colombia,NA,Huila,1122622,174,4,2584,79
2020-08-15,Colombia,NA,Huila,1122622,110,7,2694,86
2020-08-16,Colombia,NA,Huila,1122622,176,4,2870,90
2020-08-17,Colombia,NA,Huila,1122622,159,2,3029,92
2020-08-18,Colombia,NA,Huila,1122622,143,3,3172,95
2020-08-19,Colombia,NA,Huila,1122622,65,3,3237,98
2020-08-20,Colombia,NA,Huila,1122622,213,9,3450,107
2020-08-21,Colombia,NA,Huila,1122622,44,4,3494,111
2020-08-22,Colombia,NA,Huila,1122622,196,2,3690,113
2020-08-23,Colombia,NA,Huila,1122622,62,8,3752,121
2020-08-24,Colombia,NA,Huila,1122622,133,6,3885,127
2020-08-25,Colombia,NA,Huila,1122622,107,9,3992,136
2020-08-26,Colombia,NA,Huila,1122622,490,4,4482,140
2020-08-27,Colombia,NA,Huila,1122622,181,4,4663,144
2020-08-28,Colombia,NA,Huila,1122622,173,3,4836,147
2020-08-29,Colombia,NA,Huila,1122622,249,3,5085,150
2020-08-30,Colombia,NA,Huila,1122622,63,2,5148,152
2020-08-31,Colombia,NA,Huila,1122622,8,0,5156,152
2020-06-06,Colombia,NA,La Guajira,965718,35,1,108,6
2020-06-07,Colombia,NA,La Guajira,965718,1,2,109,8
2020-06-08,Colombia,NA,La Guajira,965718,1,1,110,9
2020-06-09,Colombia,NA,La Guajira,965718,4,0,114,9
2020-06-11,Colombia,NA,La Guajira,965718,2,0,116,9
2020-06-12,Colombia,NA,La Guajira,965718,0,0,116,9
2020-06-13,Colombia,NA,La Guajira,965718,7,0,123,9
2020-06-14,Colombia,NA,La Guajira,965718,7,2,130,11
2020-06-15,Colombia,NA,La Guajira,965718,11,0,141,11
2020-06-16,Colombia,NA,La Guajira,965718,9,0,150,11
2020-06-17,Colombia,NA,La Guajira,965718,9,1,159,12
2020-06-18,Colombia,NA,La Guajira,965718,3,0,162,12
2020-06-19,Colombia,NA,La Guajira,965718,8,0,170,12
2020-06-20,Colombia,NA,La Guajira,965718,14,2,184,14
2020-06-21,Colombia,NA,La Guajira,965718,24,4,208,18
2020-06-22,Colombia,NA,La Guajira,965718,9,0,217,18
2020-06-23,Colombia,NA,La Guajira,965718,8,0,225,18
2020-06-24,Colombia,NA,La Guajira,965718,20,0,245,18
2020-06-25,Colombia,NA,La Guajira,965718,13,2,258,20
2020-06-26,Colombia,NA,La Guajira,965718,25,5,283,25
2020-06-27,Colombia,NA,La Guajira,965718,20,1,303,26
2020-06-28,Colombia,NA,La Guajira,965718,83,2,386,28
2020-06-29,Colombia,NA,La Guajira,965718,53,4,439,32
2020-06-30,Colombia,NA,La Guajira,965718,34,1,473,33
2020-07-01,Colombia,NA,La Guajira,965718,28,7,501,40
2020-07-02,Colombia,NA,La Guajira,965718,65,6,566,46
2020-07-03,Colombia,NA,La Guajira,965718,42,2,608,48
2020-07-04,Colombia,NA,La Guajira,965718,45,1,653,49
2020-07-05,Colombia,NA,La Guajira,965718,44,3,697,52
2020-07-06,Colombia,NA,La Guajira,965718,49,6,746,58
2020-07-07,Colombia,NA,La Guajira,965718,72,1,818,59
2020-07-08,Colombia,NA,La Guajira,965718,76,3,894,62
2020-07-09,Colombia,NA,La Guajira,965718,68,2,962,64
2020-07-10,Colombia,NA,La Guajira,965718,58,4,1020,68
2020-07-11,Colombia,NA,La Guajira,965718,66,7,1086,75
2020-07-12,Colombia,NA,La Guajira,965718,60,4,1146,79
2020-07-13,Colombia,NA,La Guajira,965718,70,4,1216,83
2020-07-14,Colombia,NA,La Guajira,965718,145,4,1361,87
2020-07-15,Colombia,NA,La Guajira,965718,92,5,1453,92
2020-07-16,Colombia,NA,La Guajira,965718,26,4,1479,96
2020-07-17,Colombia,NA,La Guajira,965718,88,3,1567,99
2020-07-18,Colombia,NA,La Guajira,965718,69,1,1636,100
2020-07-19,Colombia,NA,La Guajira,965718,48,4,1684,104
2020-07-20,Colombia,NA,La Guajira,965718,39,5,1723,109
2020-07-21,Colombia,NA,La Guajira,965718,44,6,1767,115
2020-07-22,Colombia,NA,La Guajira,965718,56,4,1823,119
2020-07-23,Colombia,NA,La Guajira,965718,50,3,1873,122
2020-07-24,Colombia,NA,La Guajira,965718,83,9,1956,131
2020-07-25,Colombia,NA,La Guajira,965718,51,0,2007,131
2020-07-26,Colombia,NA,La Guajira,965718,34,3,2041,134
2020-07-27,Colombia,NA,La Guajira,965718,135,0,2176,134
2020-07-28,Colombia,NA,La Guajira,965718,44,1,2220,135
2020-07-29,Colombia,NA,La Guajira,965718,28,4,2248,139
2020-07-30,Colombia,NA,La Guajira,965718,20,3,2268,142
2020-07-31,Colombia,NA,La Guajira,965718,43,3,2311,145
2020-08-01,Colombia,NA,La Guajira,965718,64,3,2375,148
2020-08-02,Colombia,NA,La Guajira,965718,62,5,2437,153
2020-08-03,Colombia,NA,La Guajira,965718,74,6,2511,159
2020-08-04,Colombia,NA,La Guajira,965718,50,4,2561,163
2020-08-05,Colombia,NA,La Guajira,965718,86,2,2647,165
2020-08-06,Colombia,NA,La Guajira,965718,98,0,2745,165
2020-08-07,Colombia,NA,La Guajira,965718,51,5,2796,170
2020-08-08,Colombia,NA,La Guajira,965718,78,2,2874,172
2020-08-09,Colombia,NA,La Guajira,965718,84,2,2958,174
2020-08-10,Colombia,NA,La Guajira,965718,213,4,3171,178
2020-08-11,Colombia,NA,La Guajira,965718,97,8,3268,186
2020-08-12,Colombia,NA,La Guajira,965718,169,3,3437,189
2020-08-13,Colombia,NA,La Guajira,965718,94,2,3531,191
2020-08-14,Colombia,NA,La Guajira,965718,83,5,3614,196
2020-08-15,Colombia,NA,La Guajira,965718,72,3,3686,199
2020-08-16,Colombia,NA,La Guajira,965718,110,2,3796,201
2020-08-17,Colombia,NA,La Guajira,965718,53,4,3849,205
2020-08-18,Colombia,NA,La Guajira,965718,160,6,4009,211
2020-08-19,Colombia,NA,La Guajira,965718,58,4,4067,215
2020-08-20,Colombia,NA,La Guajira,965718,216,1,4283,216
2020-08-21,Colombia,NA,La Guajira,965718,120,6,4403,222
2020-08-22,Colombia,NA,La Guajira,965718,88,5,4491,227
2020-08-23,Colombia,NA,La Guajira,965718,45,1,4536,228
2020-08-24,Colombia,NA,La Guajira,965718,122,2,4658,230
2020-08-25,Colombia,NA,La Guajira,965718,33,5,4691,235
2020-08-26,Colombia,NA,La Guajira,965718,119,0,4810,235
2020-08-27,Colombia,NA,La Guajira,965718,92,4,4902,239
2020-08-28,Colombia,NA,La Guajira,965718,110,0,5012,239
2020-08-29,Colombia,NA,La Guajira,965718,61,1,5073,240
2020-08-30,Colombia,NA,La Guajira,965718,58,0,5131,240
2020-04-21,Colombia,NA,Magdalena,1427026,17,0,110,12
2020-04-22,Colombia,NA,Magdalena,1427026,10,1,120,13
2020-04-23,Colombia,NA,Magdalena,1427026,22,1,142,14
2020-04-24,Colombia,NA,Magdalena,1427026,5,0,147,14
2020-04-25,Colombia,NA,Magdalena,1427026,5,1,152,15
2020-04-26,Colombia,NA,Magdalena,1427026,8,3,160,18
2020-04-27,Colombia,NA,Magdalena,1427026,3,0,163,18
2020-04-28,Colombia,NA,Magdalena,1427026,3,1,166,19
2020-04-29,Colombia,NA,Magdalena,1427026,6,0,172,19
2020-04-30,Colombia,NA,Magdalena,1427026,30,1,202,20
2020-05-01,Colombia,NA,Magdalena,1427026,18,0,220,20
2020-05-02,Colombia,NA,Magdalena,1427026,10,1,230,21
2020-05-03,Colombia,NA,Magdalena,1427026,6,2,236,23
2020-05-04,Colombia,NA,Magdalena,1427026,6,2,242,25
2020-05-05,Colombia,NA,Magdalena,1427026,15,1,257,26
2020-05-06,Colombia,NA,Magdalena,1427026,0,0,257,26
2020-05-07,Colombia,NA,Magdalena,1427026,1,1,258,27
2020-05-08,Colombia,NA,Magdalena,1427026,6,3,264,30
2020-05-09,Colombia,NA,Magdalena,1427026,0,1,264,31
2020-05-10,Colombia,NA,Magdalena,1427026,8,1,272,32
2020-05-11,Colombia,NA,Magdalena,1427026,12,1,284,33
2020-05-12,Colombia,NA,Magdalena,1427026,24,1,308,34
2020-05-13,Colombia,NA,Magdalena,1427026,14,1,322,35
2020-05-14,Colombia,NA,Magdalena,1427026,33,0,355,35
2020-05-15,Colombia,NA,Magdalena,1427026,25,0,380,35
2020-05-16,Colombia,NA,Magdalena,1427026,25,0,405,35
2020-05-17,Colombia,NA,Magdalena,1427026,5,1,410,36
2020-05-18,Colombia,NA,Magdalena,1427026,26,0,436,36
2020-05-19,Colombia,NA,Magdalena,1427026,6,2,442,38
2020-05-20,Colombia,NA,Magdalena,1427026,6,1,448,39
2020-05-21,Colombia,NA,Magdalena,1427026,18,0,466,39
2020-05-22,Colombia,NA,Magdalena,1427026,17,2,483,41
2020-05-23,Colombia,NA,Magdalena,1427026,3,3,486,44
2020-05-24,Colombia,NA,Magdalena,1427026,6,0,492,44
2020-05-25,Colombia,NA,Magdalena,1427026,11,1,503,45
2020-05-26,Colombia,NA,Magdalena,1427026,23,1,526,46
2020-05-27,Colombia,NA,Magdalena,1427026,19,1,545,47
2020-05-28,Colombia,NA,Magdalena,1427026,9,0,554,47
2020-05-29,Colombia,NA,Magdalena,1427026,13,2,567,49
2020-05-30,Colombia,NA,Magdalena,1427026,28,2,595,51
2020-05-31,Colombia,NA,Magdalena,1427026,15,3,610,54
2020-06-01,Colombia,NA,Magdalena,1427026,24,1,634,55
2020-06-02,Colombia,NA,Magdalena,1427026,17,1,651,56
2020-06-03,Colombia,NA,Magdalena,1427026,52,0,703,56
2020-06-04,Colombia,NA,Magdalena,1427026,11,1,714,57
2020-06-05,Colombia,NA,Magdalena,1427026,17,2,731,59
2020-06-06,Colombia,NA,Magdalena,1427026,15,1,746,60
2020-06-07,Colombia,NA,Magdalena,1427026,3,0,749,60
2020-06-08,Colombia,NA,Magdalena,1427026,25,2,774,62
2020-06-09,Colombia,NA,Magdalena,1427026,19,2,793,64
2020-06-10,Colombia,NA,Magdalena,1427026,21,3,814,67
2020-06-11,Colombia,NA,Magdalena,1427026,30,4,844,71
2020-06-12,Colombia,NA,Magdalena,1427026,2,4,846,75
2020-06-13,Colombia,NA,Magdalena,1427026,64,3,910,78
2020-06-14,Colombia,NA,Magdalena,1427026,17,9,927,87
2020-06-15,Colombia,NA,Magdalena,1427026,26,3,953,90
2020-06-16,Colombia,NA,Magdalena,1427026,22,4,975,94
2020-06-17,Colombia,NA,Magdalena,1427026,27,3,1002,97
2020-06-18,Colombia,NA,Magdalena,1427026,88,7,1090,104
2020-06-19,Colombia,NA,Magdalena,1427026,31,5,1121,109
2020-06-20,Colombia,NA,Magdalena,1427026,48,1,1169,110
2020-06-21,Colombia,NA,Magdalena,1427026,60,6,1229,116
2020-06-22,Colombia,NA,Magdalena,1427026,33,11,1262,127
2020-06-23,Colombia,NA,Magdalena,1427026,29,5,1291,132
2020-06-24,Colombia,NA,Magdalena,1427026,69,7,1360,139
2020-06-25,Colombia,NA,Magdalena,1427026,103,11,1463,150
2020-06-26,Colombia,NA,Magdalena,1427026,118,6,1581,156
2020-06-27,Colombia,NA,Magdalena,1427026,72,8,1653,164
2020-06-28,Colombia,NA,Magdalena,1427026,111,7,1764,171
2020-06-29,Colombia,NA,Magdalena,1427026,77,10,1841,181
2020-06-30,Colombia,NA,Magdalena,1427026,81,14,1922,195
2020-07-01,Colombia,NA,Magdalena,1427026,76,13,1998,208
2020-07-02,Colombia,NA,Magdalena,1427026,139,12,2137,220
2020-07-03,Colombia,NA,Magdalena,1427026,58,7,2195,227
2020-07-04,Colombia,NA,Magdalena,1427026,111,6,2306,233
2020-07-05,Colombia,NA,Magdalena,1427026,53,13,2359,246
2020-07-06,Colombia,NA,Magdalena,1427026,93,16,2452,262
2020-07-07,Colombia,NA,Magdalena,1427026,148,11,2600,273
2020-07-08,Colombia,NA,Magdalena,1427026,113,14,2713,287
2020-07-09,Colombia,NA,Magdalena,1427026,244,8,2957,295
2020-07-10,Colombia,NA,Magdalena,1427026,198,6,3155,301
2020-07-11,Colombia,NA,Magdalena,1427026,179,13,3334,314
2020-07-12,Colombia,NA,Magdalena,1427026,46,12,3380,326
2020-07-13,Colombia,NA,Magdalena,1427026,221,5,3601,331
2020-07-14,Colombia,NA,Magdalena,1427026,136,7,3737,338
2020-07-15,Colombia,NA,Magdalena,1427026,162,11,3899,349
2020-07-16,Colombia,NA,Magdalena,1427026,201,14,4100,363
2020-07-17,Colombia,NA,Magdalena,1427026,183,13,4283,376
2020-07-18,Colombia,NA,Magdalena,1427026,249,12,4532,388
2020-07-19,Colombia,NA,Magdalena,1427026,139,4,4671,392
2020-07-20,Colombia,NA,Magdalena,1427026,132,8,4803,400
2020-07-21,Colombia,NA,Magdalena,1427026,229,12,5032,412
2020-07-22,Colombia,NA,Magdalena,1427026,233,7,5265,419
2020-07-23,Colombia,NA,Magdalena,1427026,116,9,5381,428
2020-07-24,Colombia,NA,Magdalena,1427026,132,12,5513,440
2020-07-25,Colombia,NA,Magdalena,1427026,96,6,5609,446
2020-07-26,Colombia,NA,Magdalena,1427026,218,6,5827,452
2020-07-27,Colombia,NA,Magdalena,1427026,203,13,6030,465
2020-07-28,Colombia,NA,Magdalena,1427026,141,10,6171,475
2020-07-29,Colombia,NA,Magdalena,1427026,271,9,6442,484
2020-07-30,Colombia,NA,Magdalena,1427026,178,10,6620,494
2020-07-31,Colombia,NA,Magdalena,1427026,183,14,6803,508
2020-08-01,Colombia,NA,Magdalena,1427026,328,8,7131,516
2020-08-02,Colombia,NA,Magdalena,1427026,162,5,7293,521
2020-08-03,Colombia,NA,Magdalena,1427026,159,13,7452,534
2020-08-04,Colombia,NA,Magdalena,1427026,347,3,7799,537
2020-08-05,Colombia,NA,Magdalena,1427026,250,11,8049,548
2020-08-06,Colombia,NA,Magdalena,1427026,142,9,8191,557
2020-08-07,Colombia,NA,Magdalena,1427026,248,5,8439,562
2020-08-08,Colombia,NA,Magdalena,1427026,117,8,8556,570
2020-08-09,Colombia,NA,Magdalena,1427026,205,5,8761,575
2020-08-10,Colombia,NA,Magdalena,1427026,386,9,9147,584
2020-08-11,Colombia,NA,Magdalena,1427026,275,12,9422,596
2020-08-12,Colombia,NA,Magdalena,1427026,393,5,9815,601
2020-08-13,Colombia,NA,Magdalena,1427026,200,12,10015,613
2020-08-14,Colombia,NA,Magdalena,1427026,198,12,10213,625
2020-08-15,Colombia,NA,Magdalena,1427026,169,12,10382,637
2020-08-16,Colombia,NA,Magdalena,1427026,120,11,10502,648
2020-08-17,Colombia,NA,Magdalena,1427026,193,9,10695,657
2020-08-18,Colombia,NA,Magdalena,1427026,153,6,10848,663
2020-08-19,Colombia,NA,Magdalena,1427026,67,8,10915,671
2020-08-20,Colombia,NA,Magdalena,1427026,145,5,11060,676
2020-08-21,Colombia,NA,Magdalena,1427026,183,8,11243,684
2020-08-22,Colombia,NA,Magdalena,1427026,57,4,11300,688
2020-08-23,Colombia,NA,Magdalena,1427026,92,5,11392,693
2020-08-24,Colombia,NA,Magdalena,1427026,162,9,11554,702
2020-08-25,Colombia,NA,Magdalena,1427026,144,5,11698,707
2020-08-26,Colombia,NA,Magdalena,1427026,128,7,11826,714
2020-08-27,Colombia,NA,Magdalena,1427026,145,8,11971,722
2020-08-28,Colombia,NA,Magdalena,1427026,181,8,12152,730
2020-08-29,Colombia,NA,Magdalena,1427026,92,1,12244,731
2020-08-30,Colombia,NA,Magdalena,1427026,116,0,12360,731
2020-08-31,Colombia,NA,Magdalena,1427026,29,0,12389,731
2020-04-23,Colombia,NA,Meta,1062454,36,0,135,4
2020-04-24,Colombia,NA,Meta,1062454,26,0,161,4
2020-04-25,Colombia,NA,Meta,1062454,24,0,185,4
2020-04-26,Colombia,NA,Meta,1062454,46,0,231,4
2020-04-27,Colombia,NA,Meta,1062454,16,0,247,4
2020-04-28,Colombia,NA,Meta,1062454,107,0,354,4
2020-04-29,Colombia,NA,Meta,1062454,8,0,362,4
2020-04-30,Colombia,NA,Meta,1062454,22,2,384,6
2020-05-01,Colombia,NA,Meta,1062454,90,1,474,7
2020-05-02,Colombia,NA,Meta,1062454,4,0,478,7
2020-05-03,Colombia,NA,Meta,1062454,86,0,564,7
2020-05-04,Colombia,NA,Meta,1062454,0,0,564,7
2020-05-05,Colombia,NA,Meta,1062454,154,0,718,7
2020-05-06,Colombia,NA,Meta,1062454,23,0,741,7
2020-05-07,Colombia,NA,Meta,1062454,17,0,758,7
2020-05-08,Colombia,NA,Meta,1062454,76,0,834,7
2020-05-09,Colombia,NA,Meta,1062454,63,0,897,7
2020-05-10,Colombia,NA,Meta,1062454,25,0,922,7
2020-05-11,Colombia,NA,Meta,1062454,4,2,926,9
2020-05-12,Colombia,NA,Meta,1062454,9,0,935,9
2020-05-13,Colombia,NA,Meta,1062454,3,0,938,9
2020-05-14,Colombia,NA,Meta,1062454,2,0,940,9
2020-05-15,Colombia,NA,Meta,1062454,0,0,940,9
2020-05-16,Colombia,NA,Meta,1062454,5,0,945,9
2020-05-17,Colombia,NA,Meta,1062454,4,0,949,9
2020-05-18,Colombia,NA,Meta,1062454,2,0,951,9
2020-05-19,Colombia,NA,Meta,1062454,3,0,954,9
2020-05-20,Colombia,NA,Meta,1062454,9,0,963,9
2020-05-21,Colombia,NA,Meta,1062454,3,0,966,9
2020-05-22,Colombia,NA,Meta,1062454,2,0,968,9
2020-05-23,Colombia,NA,Meta,1062454,0,0,968,9
2020-05-24,Colombia,NA,Meta,1062454,2,0,970,9
2020-05-25,Colombia,NA,Meta,1062454,1,0,971,9
2020-05-26,Colombia,NA,Meta,1062454,3,0,974,9
2020-05-27,Colombia,NA,Meta,1062454,0,0,974,9
2020-05-28,Colombia,NA,Meta,1062454,1,1,975,10
2020-05-29,Colombia,NA,Meta,1062454,1,0,976,10
2020-05-30,Colombia,NA,Meta,1062454,0,0,976,10
2020-05-31,Colombia,NA,Meta,1062454,0,1,976,11
2020-06-01,Colombia,NA,Meta,1062454,3,0,979,11
2020-06-02,Colombia,NA,Meta,1062454,4,0,983,11
2020-06-03,Colombia,NA,Meta,1062454,2,0,985,11
2020-06-04,Colombia,NA,Meta,1062454,2,0,987,11
2020-06-05,Colombia,NA,Meta,1062454,2,0,989,11
2020-06-06,Colombia,NA,Meta,1062454,2,0,991,11
2020-06-07,Colombia,NA,Meta,1062454,2,0,993,11
2020-06-08,Colombia,NA,Meta,1062454,1,0,994,11
2020-06-09,Colombia,NA,Meta,1062454,7,0,1001,11
2020-06-10,Colombia,NA,Meta,1062454,2,1,1003,12
2020-06-11,Colombia,NA,Meta,1062454,12,0,1015,12
2020-06-12,Colombia,NA,Meta,1062454,2,0,1017,12
2020-06-13,Colombia,NA,Meta,1062454,3,0,1020,12
2020-06-14,Colombia,NA,Meta,1062454,2,0,1022,12
2020-06-15,Colombia,NA,Meta,1062454,8,0,1030,12
2020-06-16,Colombia,NA,Meta,1062454,1,0,1031,12
2020-06-17,Colombia,NA,Meta,1062454,6,1,1037,13
2020-06-18,Colombia,NA,Meta,1062454,7,0,1044,13
2020-06-19,Colombia,NA,Meta,1062454,22,1,1066,14
2020-06-20,Colombia,NA,Meta,1062454,8,0,1074,14
2020-06-21,Colombia,NA,Meta,1062454,21,0,1095,14
2020-06-22,Colombia,NA,Meta,1062454,6,0,1101,14
2020-06-23,Colombia,NA,Meta,1062454,30,0,1131,14
2020-06-24,Colombia,NA,Meta,1062454,18,0,1149,14
2020-06-25,Colombia,NA,Meta,1062454,13,1,1162,15
2020-06-26,Colombia,NA,Meta,1062454,22,0,1184,15
2020-06-27,Colombia,NA,Meta,1062454,10,0,1194,15
2020-06-28,Colombia,NA,Meta,1062454,23,0,1217,15
2020-06-29,Colombia,NA,Meta,1062454,8,2,1225,17
2020-06-30,Colombia,NA,Meta,1062454,21,0,1246,17
2020-07-01,Colombia,NA,Meta,1062454,25,0,1271,17
2020-07-02,Colombia,NA,Meta,1062454,26,0,1297,17
2020-07-03,Colombia,NA,Meta,1062454,16,0,1313,17
2020-07-04,Colombia,NA,Meta,1062454,33,0,1346,17
2020-07-05,Colombia,NA,Meta,1062454,16,1,1362,18
2020-07-06,Colombia,NA,Meta,1062454,16,1,1378,19
2020-07-07,Colombia,NA,Meta,1062454,44,0,1422,19
2020-07-08,Colombia,NA,Meta,1062454,23,0,1445,19
2020-07-09,Colombia,NA,Meta,1062454,38,0,1483,19
2020-07-10,Colombia,NA,Meta,1062454,83,0,1566,19
2020-07-11,Colombia,NA,Meta,1062454,64,0,1630,19
2020-07-12,Colombia,NA,Meta,1062454,36,1,1666,20
2020-07-13,Colombia,NA,Meta,1062454,36,2,1702,22
2020-07-14,Colombia,NA,Meta,1062454,100,0,1802,22
2020-07-15,Colombia,NA,Meta,1062454,46,2,1848,24
2020-07-16,Colombia,NA,Meta,1062454,53,0,1901,24
2020-07-17,Colombia,NA,Meta,1062454,43,1,1944,25
2020-07-18,Colombia,NA,Meta,1062454,39,0,1983,25
2020-07-19,Colombia,NA,Meta,1062454,25,5,2008,30
2020-07-20,Colombia,NA,Meta,1062454,29,1,2037,31
2020-07-21,Colombia,NA,Meta,1062454,40,2,2077,33
2020-07-22,Colombia,NA,Meta,1062454,107,1,2184,34
2020-07-23,Colombia,NA,Meta,1062454,64,2,2248,36
2020-07-24,Colombia,NA,Meta,1062454,125,0,2373,36
2020-07-25,Colombia,NA,Meta,1062454,36,1,2409,37
2020-07-26,Colombia,NA,Meta,1062454,49,3,2458,40
2020-07-27,Colombia,NA,Meta,1062454,82,2,2540,42
2020-07-28,Colombia,NA,Meta,1062454,146,0,2686,42
2020-07-29,Colombia,NA,Meta,1062454,108,3,2794,45
2020-07-30,Colombia,NA,Meta,1062454,117,5,2911,50
2020-07-31,Colombia,NA,Meta,1062454,102,4,3013,54
2020-08-01,Colombia,NA,Meta,1062454,77,4,3090,58
2020-08-02,Colombia,NA,Meta,1062454,36,2,3126,60
2020-08-03,Colombia,NA,Meta,1062454,93,2,3219,62
2020-08-04,Colombia,NA,Meta,1062454,210,2,3429,64
2020-08-05,Colombia,NA,Meta,1062454,143,4,3572,68
2020-08-06,Colombia,NA,Meta,1062454,171,3,3743,71
2020-08-07,Colombia,NA,Meta,1062454,251,4,3994,75
2020-08-08,Colombia,NA,Meta,1062454,178,4,4172,79
2020-08-09,Colombia,NA,Meta,1062454,118,8,4290,87
2020-08-10,Colombia,NA,Meta,1062454,173,6,4463,93
2020-08-11,Colombia,NA,Meta,1062454,295,5,4758,98
2020-08-12,Colombia,NA,Meta,1062454,172,5,4930,103
2020-08-13,Colombia,NA,Meta,1062454,190,6,5120,109
2020-08-14,Colombia,NA,Meta,1062454,205,6,5325,115
2020-08-15,Colombia,NA,Meta,1062454,150,5,5475,120
2020-08-16,Colombia,NA,Meta,1062454,161,8,5636,128
2020-08-17,Colombia,NA,Meta,1062454,228,10,5864,138
2020-08-18,Colombia,NA,Meta,1062454,263,8,6127,146
2020-08-19,Colombia,NA,Meta,1062454,169,6,6296,152
2020-08-20,Colombia,NA,Meta,1062454,314,8,6610,160
2020-08-21,Colombia,NA,Meta,1062454,194,3,6804,163
2020-08-22,Colombia,NA,Meta,1062454,240,6,7044,169
2020-08-23,Colombia,NA,Meta,1062454,243,7,7287,176
2020-08-24,Colombia,NA,Meta,1062454,230,6,7517,182
2020-08-25,Colombia,NA,Meta,1062454,291,3,7808,185
2020-08-26,Colombia,NA,Meta,1062454,279,6,8087,191
2020-08-27,Colombia,NA,Meta,1062454,347,10,8434,201
2020-08-28,Colombia,NA,Meta,1062454,203,8,8637,209
2020-08-29,Colombia,NA,Meta,1062454,127,4,8764,213
2020-08-30,Colombia,NA,Meta,1062454,183,3,8947,216
2020-08-31,Colombia,NA,Meta,1062454,1,0,8948,216
2020-04-28,Colombia,NA,Narino,1627589,17,1,113,8
2020-04-29,Colombia,NA,Narino,1627589,5,1,118,9
2020-05-01,Colombia,NA,Narino,1627589,36,0,154,9
2020-05-02,Colombia,NA,Narino,1627589,3,1,157,10
2020-05-03,Colombia,NA,Narino,1627589,44,0,201,10
2020-05-04,Colombia,NA,Narino,1627589,0,2,201,12
2020-05-05,Colombia,NA,Narino,1627589,46,2,247,14
2020-05-06,Colombia,NA,Narino,1627589,6,0,253,14
2020-05-07,Colombia,NA,Narino,1627589,0,4,253,18
2020-05-08,Colombia,NA,Narino,1627589,0,2,253,20
2020-05-09,Colombia,NA,Narino,1627589,9,4,262,24
2020-05-10,Colombia,NA,Narino,1627589,34,1,296,25
2020-05-11,Colombia,NA,Narino,1627589,10,3,306,28
2020-05-12,Colombia,NA,Narino,1627589,32,1,338,29
2020-05-13,Colombia,NA,Narino,1627589,0,0,338,29
2020-05-14,Colombia,NA,Narino,1627589,39,2,377,31
2020-05-15,Colombia,NA,Narino,1627589,48,2,425,33
2020-05-16,Colombia,NA,Narino,1627589,65,1,490,34
2020-05-17,Colombia,NA,Narino,1627589,5,2,495,36
2020-05-18,Colombia,NA,Narino,1627589,4,3,499,39
2020-05-19,Colombia,NA,Narino,1627589,20,3,519,42
2020-05-20,Colombia,NA,Narino,1627589,32,3,551,45
2020-05-21,Colombia,NA,Narino,1627589,44,1,595,46
2020-05-22,Colombia,NA,Narino,1627589,40,3,635,49
2020-05-23,Colombia,NA,Narino,1627589,17,5,652,54
2020-05-24,Colombia,NA,Narino,1627589,60,3,712,57
2020-05-25,Colombia,NA,Narino,1627589,79,0,791,57
2020-05-26,Colombia,NA,Narino,1627589,13,4,804,61
2020-05-27,Colombia,NA,Narino,1627589,25,3,829,64
2020-05-28,Colombia,NA,Narino,1627589,43,1,872,65
2020-05-29,Colombia,NA,Narino,1627589,79,4,951,69
2020-05-30,Colombia,NA,Narino,1627589,61,4,1012,73
2020-05-31,Colombia,NA,Narino,1627589,102,1,1114,74
2020-06-01,Colombia,NA,Narino,1627589,106,3,1220,77
2020-06-02,Colombia,NA,Narino,1627589,50,1,1270,78
2020-06-03,Colombia,NA,Narino,1627589,77,3,1347,81
2020-06-04,Colombia,NA,Narino,1627589,38,2,1385,83
2020-06-05,Colombia,NA,Narino,1627589,47,7,1432,90
2020-06-06,Colombia,NA,Narino,1627589,120,1,1552,91
2020-06-07,Colombia,NA,Narino,1627589,74,1,1626,92
2020-06-08,Colombia,NA,Narino,1627589,78,1,1704,93
2020-06-09,Colombia,NA,Narino,1627589,93,1,1797,94
2020-06-10,Colombia,NA,Narino,1627589,195,0,1992,94
2020-06-11,Colombia,NA,Narino,1627589,59,1,2051,95
2020-06-12,Colombia,NA,Narino,1627589,11,0,2062,95
2020-06-13,Colombia,NA,Narino,1627589,32,0,2094,95
2020-06-14,Colombia,NA,Narino,1627589,40,4,2134,99
2020-06-15,Colombia,NA,Narino,1627589,12,3,2146,102
2020-06-16,Colombia,NA,Narino,1627589,35,4,2181,106
2020-06-17,Colombia,NA,Narino,1627589,18,0,2199,106
2020-06-18,Colombia,NA,Narino,1627589,167,2,2366,108
2020-06-19,Colombia,NA,Narino,1627589,99,0,2465,108
2020-06-20,Colombia,NA,Narino,1627589,31,2,2496,110
2020-06-21,Colombia,NA,Narino,1627589,128,5,2624,115
2020-06-22,Colombia,NA,Narino,1627589,62,1,2686,116
2020-06-23,Colombia,NA,Narino,1627589,33,3,2719,119
2020-06-24,Colombia,NA,Narino,1627589,103,0,2822,119
2020-06-25,Colombia,NA,Narino,1627589,102,1,2924,120
2020-06-26,Colombia,NA,Narino,1627589,115,3,3039,123
2020-06-27,Colombia,NA,Narino,1627589,88,1,3127,124
2020-06-28,Colombia,NA,Narino,1627589,118,1,3245,125
2020-06-29,Colombia,NA,Narino,1627589,108,2,3353,127
2020-06-30,Colombia,NA,Narino,1627589,3,1,3356,128
2020-07-01,Colombia,NA,Narino,1627589,89,2,3445,130
2020-07-02,Colombia,NA,Narino,1627589,61,4,3506,134
2020-07-03,Colombia,NA,Narino,1627589,110,1,3616,135
2020-07-04,Colombia,NA,Narino,1627589,69,2,3685,137
2020-07-05,Colombia,NA,Narino,1627589,165,3,3850,140
2020-07-06,Colombia,NA,Narino,1627589,71,1,3921,141
2020-07-07,Colombia,NA,Narino,1627589,111,4,4032,145
2020-07-08,Colombia,NA,Narino,1627589,57,2,4089,147
2020-07-09,Colombia,NA,Narino,1627589,186,4,4275,151
2020-07-10,Colombia,NA,Narino,1627589,164,9,4439,160
2020-07-11,Colombia,NA,Narino,1627589,109,2,4548,162
2020-07-12,Colombia,NA,Narino,1627589,91,8,4639,170
2020-07-13,Colombia,NA,Narino,1627589,162,8,4801,178
2020-07-14,Colombia,NA,Narino,1627589,137,5,4938,183
2020-07-15,Colombia,NA,Narino,1627589,200,6,5138,189
2020-07-16,Colombia,NA,Narino,1627589,140,4,5278,193
2020-07-17,Colombia,NA,Narino,1627589,47,5,5325,198
2020-07-18,Colombia,NA,Narino,1627589,290,5,5615,203
2020-07-19,Colombia,NA,Narino,1627589,233,7,5848,210
2020-07-20,Colombia,NA,Narino,1627589,173,8,6021,218
2020-07-21,Colombia,NA,Narino,1627589,208,3,6229,221
2020-07-22,Colombia,NA,Narino,1627589,347,8,6576,229
2020-07-23,Colombia,NA,Narino,1627589,278,9,6854,238
2020-07-24,Colombia,NA,Narino,1627589,131,8,6985,246
2020-07-25,Colombia,NA,Narino,1627589,163,8,7148,254
2020-07-26,Colombia,NA,Narino,1627589,183,10,7331,264
2020-07-27,Colombia,NA,Narino,1627589,275,4,7606,268
2020-07-28,Colombia,NA,Narino,1627589,308,14,7914,282
2020-07-29,Colombia,NA,Narino,1627589,218,9,8132,291
2020-07-30,Colombia,NA,Narino,1627589,155,12,8287,303
2020-07-31,Colombia,NA,Narino,1627589,138,6,8425,309
2020-08-01,Colombia,NA,Narino,1627589,103,3,8528,312
2020-08-02,Colombia,NA,Narino,1627589,166,5,8694,317
2020-08-03,Colombia,NA,Narino,1627589,225,11,8919,328
2020-08-04,Colombia,NA,Narino,1627589,195,11,9114,339
2020-08-05,Colombia,NA,Narino,1627589,224,11,9338,350
2020-08-06,Colombia,NA,Narino,1627589,117,12,9455,362
2020-08-07,Colombia,NA,Narino,1627589,230,10,9685,372
2020-08-08,Colombia,NA,Narino,1627589,162,9,9847,381
2020-08-09,Colombia,NA,Narino,1627589,163,12,10010,393
2020-08-10,Colombia,NA,Narino,1627589,279,11,10289,404
2020-08-11,Colombia,NA,Narino,1627589,512,7,10801,411
2020-08-12,Colombia,NA,Narino,1627589,253,12,11054,423
2020-08-13,Colombia,NA,Narino,1627589,230,14,11284,437
2020-08-14,Colombia,NA,Narino,1627589,274,7,11558,444
2020-08-15,Colombia,NA,Narino,1627589,89,7,11647,451
2020-08-16,Colombia,NA,Narino,1627589,133,4,11780,455
2020-08-17,Colombia,NA,Narino,1627589,152,7,11932,462
2020-08-18,Colombia,NA,Narino,1627589,106,8,12038,470
2020-08-19,Colombia,NA,Narino,1627589,119,9,12157,479
2020-08-20,Colombia,NA,Narino,1627589,424,1,12581,480
2020-08-21,Colombia,NA,Narino,1627589,126,4,12707,484
2020-08-22,Colombia,NA,Narino,1627589,149,8,12856,492
2020-08-23,Colombia,NA,Narino,1627589,68,7,12924,499
2020-08-24,Colombia,NA,Narino,1627589,165,10,13089,509
2020-08-25,Colombia,NA,Narino,1627589,230,4,13319,513
2020-08-26,Colombia,NA,Narino,1627589,121,9,13440,522
2020-08-27,Colombia,NA,Narino,1627589,157,5,13597,527
2020-08-28,Colombia,NA,Narino,1627589,129,6,13726,533
2020-08-29,Colombia,NA,Narino,1627589,82,8,13808,541
2020-08-30,Colombia,NA,Narino,1627589,110,5,13918,546
2020-05-12,Colombia,NA,Norte de Santander,1620318,5,0,104,11
2020-05-13,Colombia,NA,Norte de Santander,1620318,0,0,104,11
2020-05-14,Colombia,NA,Norte de Santander,1620318,1,0,105,11
2020-05-15,Colombia,NA,Norte de Santander,1620318,2,1,107,12
2020-05-16,Colombia,NA,Norte de Santander,1620318,5,0,112,12
2020-05-17,Colombia,NA,Norte de Santander,1620318,1,0,113,12
2020-05-18,Colombia,NA,Norte de Santander,1620318,1,0,114,12
2020-05-19,Colombia,NA,Norte de Santander,1620318,0,0,114,12
2020-05-20,Colombia,NA,Norte de Santander,1620318,2,0,116,12
2020-05-21,Colombia,NA,Norte de Santander,1620318,0,1,116,13
2020-05-22,Colombia,NA,Norte de Santander,1620318,3,0,119,13
2020-05-24,Colombia,NA,Norte de Santander,1620318,0,0,119,13
2020-05-25,Colombia,NA,Norte de Santander,1620318,0,0,119,13
2020-05-26,Colombia,NA,Norte de Santander,1620318,2,0,121,13
2020-05-27,Colombia,NA,Norte de Santander,1620318,3,0,124,13
2020-05-28,Colombia,NA,Norte de Santander,1620318,4,0,128,13
2020-05-29,Colombia,NA,Norte de Santander,1620318,0,1,128,14
2020-05-30,Colombia,NA,Norte de Santander,1620318,0,0,128,14
2020-05-31,Colombia,NA,Norte de Santander,1620318,0,0,128,14
2020-06-01,Colombia,NA,Norte de Santander,1620318,0,0,128,14
2020-06-02,Colombia,NA,Norte de Santander,1620318,1,0,129,14
2020-06-03,Colombia,NA,Norte de Santander,1620318,3,0,132,14
2020-06-04,Colombia,NA,Norte de Santander,1620318,0,0,132,14
2020-06-05,Colombia,NA,Norte de Santander,1620318,0,0,132,14
2020-06-07,Colombia,NA,Norte de Santander,1620318,6,1,138,15
2020-06-08,Colombia,NA,Norte de Santander,1620318,7,0,145,15
2020-06-09,Colombia,NA,Norte de Santander,1620318,3,1,148,16
2020-06-10,Colombia,NA,Norte de Santander,1620318,0,0,148,16
2020-06-12,Colombia,NA,Norte de Santander,1620318,0,0,148,16
2020-06-13,Colombia,NA,Norte de Santander,1620318,9,0,157,16
2020-06-14,Colombia,NA,Norte de Santander,1620318,2,0,159,16
2020-06-15,Colombia,NA,Norte de Santander,1620318,1,0,160,16
2020-06-16,Colombia,NA,Norte de Santander,1620318,4,2,164,18
2020-06-17,Colombia,NA,Norte de Santander,1620318,1,0,165,18
2020-06-18,Colombia,NA,Norte de Santander,1620318,19,1,184,19
2020-06-19,Colombia,NA,Norte de Santander,1620318,17,0,201,19
2020-06-20,Colombia,NA,Norte de Santander,1620318,23,0,224,19
2020-06-21,Colombia,NA,Norte de Santander,1620318,18,0,242,19
2020-06-22,Colombia,NA,Norte de Santander,1620318,4,2,246,21
2020-06-23,Colombia,NA,Norte de Santander,1620318,8,0,254,21
2020-06-24,Colombia,NA,Norte de Santander,1620318,13,1,267,22
2020-06-25,Colombia,NA,Norte de Santander,1620318,8,1,275,23
2020-06-26,Colombia,NA,Norte de Santander,1620318,9,0,284,23
2020-06-27,Colombia,NA,Norte de Santander,1620318,18,1,302,24
2020-06-28,Colombia,NA,Norte de Santander,1620318,16,0,318,24
2020-06-29,Colombia,NA,Norte de Santander,1620318,6,0,324,24
2020-06-30,Colombia,NA,Norte de Santander,1620318,2,1,326,25
2020-07-01,Colombia,NA,Norte de Santander,1620318,9,1,335,26
2020-07-02,Colombia,NA,Norte de Santander,1620318,6,0,341,26
2020-07-03,Colombia,NA,Norte de Santander,1620318,11,0,352,26
2020-07-04,Colombia,NA,Norte de Santander,1620318,40,3,392,29
2020-07-05,Colombia,NA,Norte de Santander,1620318,30,1,422,30
2020-07-06,Colombia,NA,Norte de Santander,1620318,29,0,451,30
2020-07-07,Colombia,NA,Norte de Santander,1620318,48,2,499,32
2020-07-08,Colombia,NA,Norte de Santander,1620318,12,1,511,33
2020-07-09,Colombia,NA,Norte de Santander,1620318,34,2,545,35
2020-07-10,Colombia,NA,Norte de Santander,1620318,85,0,630,35
2020-07-11,Colombia,NA,Norte de Santander,1620318,68,1,698,36
2020-07-12,Colombia,NA,Norte de Santander,1620318,38,1,736,37
2020-07-13,Colombia,NA,Norte de Santander,1620318,69,4,805,41
2020-07-14,Colombia,NA,Norte de Santander,1620318,86,2,891,43
2020-07-15,Colombia,NA,Norte de Santander,1620318,75,3,966,46
2020-07-16,Colombia,NA,Norte de Santander,1620318,65,2,1031,48
2020-07-17,Colombia,NA,Norte de Santander,1620318,75,9,1106,57
2020-07-18,Colombia,NA,Norte de Santander,1620318,74,2,1180,59
2020-07-19,Colombia,NA,Norte de Santander,1620318,64,7,1244,66
2020-07-20,Colombia,NA,Norte de Santander,1620318,57,7,1301,73
2020-07-21,Colombia,NA,Norte de Santander,1620318,132,14,1433,87
2020-07-22,Colombia,NA,Norte de Santander,1620318,254,6,1687,93
2020-07-23,Colombia,NA,Norte de Santander,1620318,178,7,1865,100
2020-07-24,Colombia,NA,Norte de Santander,1620318,231,7,2096,107
2020-07-25,Colombia,NA,Norte de Santander,1620318,66,20,2162,127
2020-07-26,Colombia,NA,Norte de Santander,1620318,114,10,2276,137
2020-07-27,Colombia,NA,Norte de Santander,1620318,136,20,2412,157
2020-07-28,Colombia,NA,Norte de Santander,1620318,230,11,2642,168
2020-07-29,Colombia,NA,Norte de Santander,1620318,125,15,2767,183
2020-07-30,Colombia,NA,Norte de Santander,1620318,238,10,3005,193
2020-07-31,Colombia,NA,Norte de Santander,1620318,133,18,3138,211
2020-08-01,Colombia,NA,Norte de Santander,1620318,146,19,3284,230
2020-08-02,Colombia,NA,Norte de Santander,1620318,105,14,3389,244
2020-08-03,Colombia,NA,Norte de Santander,1620318,264,21,3653,265
2020-08-04,Colombia,NA,Norte de Santander,1620318,287,19,3940,284
2020-08-05,Colombia,NA,Norte de Santander,1620318,137,17,4077,301
2020-08-06,Colombia,NA,Norte de Santander,1620318,474,14,4551,315
2020-08-07,Colombia,NA,Norte de Santander,1620318,396,21,4947,336
2020-08-08,Colombia,NA,Norte de Santander,1620318,269,22,5216,358
2020-08-09,Colombia,NA,Norte de Santander,1620318,125,20,5341,378
2020-08-10,Colombia,NA,Norte de Santander,1620318,297,16,5638,394
2020-08-11,Colombia,NA,Norte de Santander,1620318,387,17,6025,411
2020-08-12,Colombia,NA,Norte de Santander,1620318,400,17,6425,428
2020-08-13,Colombia,NA,Norte de Santander,1620318,261,16,6686,444
2020-08-14,Colombia,NA,Norte de Santander,1620318,323,13,7009,457
2020-08-15,Colombia,NA,Norte de Santander,1620318,302,22,7311,479
2020-08-16,Colombia,NA,Norte de Santander,1620318,213,19,7524,498
2020-08-17,Colombia,NA,Norte de Santander,1620318,228,12,7752,510
2020-08-18,Colombia,NA,Norte de Santander,1620318,183,10,7935,520
2020-08-19,Colombia,NA,Norte de Santander,1620318,499,20,8434,540
2020-08-20,Colombia,NA,Norte de Santander,1620318,248,12,8682,552
2020-08-21,Colombia,NA,Norte de Santander,1620318,331,13,9013,565
2020-08-22,Colombia,NA,Norte de Santander,1620318,157,15,9170,580
2020-08-23,Colombia,NA,Norte de Santander,1620318,82,15,9252,595
2020-08-24,Colombia,NA,Norte de Santander,1620318,330,10,9582,605
2020-08-25,Colombia,NA,Norte de Santander,1620318,556,13,10138,618
2020-08-26,Colombia,NA,Norte de Santander,1620318,408,16,10546,634
2020-08-27,Colombia,NA,Norte de Santander,1620318,440,7,10986,641
2020-08-28,Colombia,NA,Norte de Santander,1620318,389,12,11375,653
2020-08-29,Colombia,NA,Norte de Santander,1620318,278,11,11653,664
2020-08-30,Colombia,NA,Norte de Santander,1620318,180,4,11833,668
2020-07-12,Colombia,NA,Putumayo,359127,15,4,110,18
2020-07-13,Colombia,NA,Putumayo,359127,41,0,151,18
2020-07-14,Colombia,NA,Putumayo,359127,5,2,156,20
2020-07-15,Colombia,NA,Putumayo,359127,13,1,169,21
2020-07-16,Colombia,NA,Putumayo,359127,22,0,191,21
2020-07-17,Colombia,NA,Putumayo,359127,70,0,261,21
2020-07-18,Colombia,NA,Putumayo,359127,61,1,322,22
2020-07-19,Colombia,NA,Putumayo,359127,2,3,324,25
2020-07-20,Colombia,NA,Putumayo,359127,27,2,351,27
2020-07-21,Colombia,NA,Putumayo,359127,58,3,409,30
2020-07-22,Colombia,NA,Putumayo,359127,183,3,592,33
2020-07-23,Colombia,NA,Putumayo,359127,97,2,689,35
2020-07-24,Colombia,NA,Putumayo,359127,50,4,739,39
2020-07-25,Colombia,NA,Putumayo,359127,5,3,744,42
2020-07-26,Colombia,NA,Putumayo,359127,120,3,864,45
2020-07-27,Colombia,NA,Putumayo,359127,75,4,939,49
2020-07-28,Colombia,NA,Putumayo,359127,17,0,956,49
2020-07-29,Colombia,NA,Putumayo,359127,73,6,1029,55
2020-07-30,Colombia,NA,Putumayo,359127,53,4,1082,59
2020-07-31,Colombia,NA,Putumayo,359127,14,0,1096,59
2020-08-01,Colombia,NA,Putumayo,359127,56,6,1152,65
2020-08-02,Colombia,NA,Putumayo,359127,98,2,1250,67
2020-08-03,Colombia,NA,Putumayo,359127,87,5,1337,72
2020-08-04,Colombia,NA,Putumayo,359127,85,1,1422,73
2020-08-05,Colombia,NA,Putumayo,359127,16,5,1438,78
2020-08-06,Colombia,NA,Putumayo,359127,30,3,1468,81
2020-08-07,Colombia,NA,Putumayo,359127,32,0,1500,81
2020-08-08,Colombia,NA,Putumayo,359127,30,3,1530,84
2020-08-09,Colombia,NA,Putumayo,359127,142,4,1672,88
2020-08-10,Colombia,NA,Putumayo,359127,15,1,1687,89
2020-08-11,Colombia,NA,Putumayo,359127,112,8,1799,97
2020-08-12,Colombia,NA,Putumayo,359127,43,1,1842,98
2020-08-13,Colombia,NA,Putumayo,359127,142,8,1984,106
2020-08-14,Colombia,NA,Putumayo,359127,44,2,2028,108
2020-08-15,Colombia,NA,Putumayo,359127,25,4,2053,112
2020-08-16,Colombia,NA,Putumayo,359127,148,1,2201,113
2020-08-17,Colombia,NA,Putumayo,359127,59,2,2260,115
2020-08-18,Colombia,NA,Putumayo,359127,34,4,2294,119
2020-08-19,Colombia,NA,Putumayo,359127,24,2,2318,121
2020-08-20,Colombia,NA,Putumayo,359127,78,3,2396,124
2020-08-21,Colombia,NA,Putumayo,359127,54,3,2450,127
2020-08-22,Colombia,NA,Putumayo,359127,43,2,2493,129
2020-08-23,Colombia,NA,Putumayo,359127,49,0,2542,129
2020-08-24,Colombia,NA,Putumayo,359127,48,2,2590,131
2020-08-25,Colombia,NA,Putumayo,359127,71,3,2661,134
2020-08-26,Colombia,NA,Putumayo,359127,49,1,2710,135
2020-08-27,Colombia,NA,Putumayo,359127,71,0,2781,135
2020-08-28,Colombia,NA,Putumayo,359127,50,0,2831,135
2020-08-29,Colombia,NA,Putumayo,359127,16,1,2847,136
2020-08-30,Colombia,NA,Putumayo,359127,45,0,2892,136
2020-05-27,Colombia,NA,Quindio,555401,13,0,107,3
2020-05-28,Colombia,NA,Quindio,555401,0,1,107,4
2020-05-29,Colombia,NA,Quindio,555401,0,0,107,4
2020-05-30,Colombia,NA,Quindio,555401,0,0,107,4
2020-05-31,Colombia,NA,Quindio,555401,4,0,111,4
2020-06-01,Colombia,NA,Quindio,555401,1,0,112,4
2020-06-02,Colombia,NA,Quindio,555401,1,0,113,4
2020-06-03,Colombia,NA,Quindio,555401,6,0,119,4
2020-06-04,Colombia,NA,Quindio,555401,0,0,119,4
2020-06-05,Colombia,NA,Quindio,555401,1,0,120,4
2020-06-06,Colombia,NA,Quindio,555401,1,0,121,4
2020-06-07,Colombia,NA,Quindio,555401,0,1,121,5
2020-06-09,Colombia,NA,Quindio,555401,1,0,122,5
2020-06-10,Colombia,NA,Quindio,555401,0,0,122,5
2020-06-11,Colombia,NA,Quindio,555401,2,0,124,5
2020-06-13,Colombia,NA,Quindio,555401,1,0,125,5
2020-06-14,Colombia,NA,Quindio,555401,1,0,126,5
2020-06-15,Colombia,NA,Quindio,555401,2,0,128,5
2020-06-16,Colombia,NA,Quindio,555401,1,0,129,5
2020-06-17,Colombia,NA,Quindio,555401,2,0,131,5
2020-06-18,Colombia,NA,Quindio,555401,8,0,139,5
2020-06-19,Colombia,NA,Quindio,555401,3,1,142,6
2020-06-20,Colombia,NA,Quindio,555401,3,0,145,6
2020-06-21,Colombia,NA,Quindio,555401,2,0,147,6
2020-06-22,Colombia,NA,Quindio,555401,2,0,149,6
2020-06-23,Colombia,NA,Quindio,555401,1,0,150,6
2020-06-24,Colombia,NA,Quindio,555401,2,0,152,6
2020-06-25,Colombia,NA,Quindio,555401,4,0,156,6
2020-06-26,Colombia,NA,Quindio,555401,2,0,158,6
2020-06-27,Colombia,NA,Quindio,555401,1,0,159,6
2020-06-28,Colombia,NA,Quindio,555401,0,0,159,6
2020-06-29,Colombia,NA,Quindio,555401,5,0,164,6
2020-06-30,Colombia,NA,Quindio,555401,2,0,166,6
2020-07-02,Colombia,NA,Quindio,555401,1,0,167,6
2020-07-03,Colombia,NA,Quindio,555401,1,0,168,6
2020-07-04,Colombia,NA,Quindio,555401,9,0,177,6
2020-07-05,Colombia,NA,Quindio,555401,0,0,177,6
2020-07-06,Colombia,NA,Quindio,555401,0,0,177,6
2020-07-07,Colombia,NA,Quindio,555401,0,0,177,6
2020-07-08,Colombia,NA,Quindio,555401,3,0,180,6
2020-07-09,Colombia,NA,Quindio,555401,8,1,188,7
2020-07-10,Colombia,NA,Quindio,555401,4,0,192,7
2020-07-11,Colombia,NA,Quindio,555401,1,0,193,7
2020-07-12,Colombia,NA,Quindio,555401,0,0,193,7
2020-07-13,Colombia,NA,Quindio,555401,7,0,200,7
2020-07-14,Colombia,NA,Quindio,555401,4,1,204,8
2020-07-15,Colombia,NA,Quindio,555401,1,0,205,8
2020-07-16,Colombia,NA,Quindio,555401,3,0,208,8
2020-07-17,Colombia,NA,Quindio,555401,1,0,209,8
2020-07-18,Colombia,NA,Quindio,555401,4,0,213,8
2020-07-19,Colombia,NA,Quindio,555401,4,0,217,8
2020-07-20,Colombia,NA,Quindio,555401,2,0,219,8
2020-07-21,Colombia,NA,Quindio,555401,1,0,220,8
2020-07-22,Colombia,NA,Quindio,555401,10,0,230,8
2020-07-23,Colombia,NA,Quindio,555401,9,0,239,8
2020-07-24,Colombia,NA,Quindio,555401,13,0,252,8
2020-07-25,Colombia,NA,Quindio,555401,3,0,255,8
2020-07-26,Colombia,NA,Quindio,555401,14,1,269,9
2020-07-27,Colombia,NA,Quindio,555401,5,0,274,9
2020-07-28,Colombia,NA,Quindio,555401,40,2,314,11
2020-07-29,Colombia,NA,Quindio,555401,20,0,334,11
2020-07-30,Colombia,NA,Quindio,555401,31,0,365,11
2020-07-31,Colombia,NA,Quindio,555401,9,0,374,11
2020-08-01,Colombia,NA,Quindio,555401,15,1,389,12
2020-08-02,Colombia,NA,Quindio,555401,13,0,402,12
2020-08-03,Colombia,NA,Quindio,555401,15,0,417,12
2020-08-04,Colombia,NA,Quindio,555401,44,1,461,13
2020-08-05,Colombia,NA,Quindio,555401,19,1,480,14
2020-08-06,Colombia,NA,Quindio,555401,5,1,485,15
2020-08-07,Colombia,NA,Quindio,555401,23,1,508,16
2020-08-08,Colombia,NA,Quindio,555401,23,0,531,16
2020-08-09,Colombia,NA,Quindio,555401,2,0,533,16
2020-08-10,Colombia,NA,Quindio,555401,33,0,566,16
2020-08-11,Colombia,NA,Quindio,555401,10,2,576,18
2020-08-12,Colombia,NA,Quindio,555401,14,2,590,20
2020-08-13,Colombia,NA,Quindio,555401,56,2,646,22
2020-08-14,Colombia,NA,Quindio,555401,23,1,669,23
2020-08-15,Colombia,NA,Quindio,555401,18,1,687,24
2020-08-16,Colombia,NA,Quindio,555401,11,0,698,24
2020-08-17,Colombia,NA,Quindio,555401,11,0,709,24
2020-08-18,Colombia,NA,Quindio,555401,28,2,737,26
2020-08-19,Colombia,NA,Quindio,555401,22,3,759,29
2020-08-20,Colombia,NA,Quindio,555401,72,2,831,31
2020-08-21,Colombia,NA,Quindio,555401,45,0,876,31
2020-08-22,Colombia,NA,Quindio,555401,47,2,923,33
2020-08-23,Colombia,NA,Quindio,555401,27,1,950,34
2020-08-24,Colombia,NA,Quindio,555401,41,1,991,35
2020-08-25,Colombia,NA,Quindio,555401,34,1,1025,36
2020-08-26,Colombia,NA,Quindio,555401,30,2,1055,38
2020-08-27,Colombia,NA,Quindio,555401,38,1,1093,39
2020-08-28,Colombia,NA,Quindio,555401,52,0,1145,39
2020-08-29,Colombia,NA,Quindio,555401,131,0,1276,39
2020-08-30,Colombia,NA,Quindio,555401,36,0,1312,39
2020-08-31,Colombia,NA,Quindio,555401,3,0,1315,39
2020-04-17,Colombia,NA,Risaralda,961055,40,0,113,4
2020-04-18,Colombia,NA,Risaralda,961055,12,1,125,5
2020-04-19,Colombia,NA,Risaralda,961055,6,0,131,5
2020-04-20,Colombia,NA,Risaralda,961055,0,0,131,5
2020-04-21,Colombia,NA,Risaralda,961055,5,0,136,5
2020-04-22,Colombia,NA,Risaralda,961055,6,0,142,5
2020-04-23,Colombia,NA,Risaralda,961055,4,0,146,5
2020-04-24,Colombia,NA,Risaralda,961055,2,1,148,6
2020-04-25,Colombia,NA,Risaralda,961055,32,0,180,6
2020-04-26,Colombia,NA,Risaralda,961055,5,0,185,6
2020-04-27,Colombia,NA,Risaralda,961055,0,0,185,6
2020-04-28,Colombia,NA,Risaralda,961055,6,0,191,6
2020-04-29,Colombia,NA,Risaralda,961055,2,1,193,7
2020-04-30,Colombia,NA,Risaralda,961055,6,0,199,7
2020-05-01,Colombia,NA,Risaralda,961055,4,0,203,7
2020-05-02,Colombia,NA,Risaralda,961055,5,1,208,8
2020-05-03,Colombia,NA,Risaralda,961055,3,0,211,8
2020-05-04,Colombia,NA,Risaralda,961055,0,0,211,8
2020-05-05,Colombia,NA,Risaralda,961055,0,0,211,8
2020-05-06,Colombia,NA,Risaralda,961055,1,0,212,8
2020-05-07,Colombia,NA,Risaralda,961055,0,0,212,8
2020-05-08,Colombia,NA,Risaralda,961055,2,0,214,8
2020-05-09,Colombia,NA,Risaralda,961055,2,0,216,8
2020-05-10,Colombia,NA,Risaralda,961055,0,0,216,8
2020-05-11,Colombia,NA,Risaralda,961055,0,0,216,8
2020-05-12,Colombia,NA,Risaralda,961055,0,0,216,8
2020-05-13,Colombia,NA,Risaralda,961055,17,0,233,8
2020-05-14,Colombia,NA,Risaralda,961055,3,0,236,8
2020-05-15,Colombia,NA,Risaralda,961055,0,0,236,8
2020-05-17,Colombia,NA,Risaralda,961055,2,0,238,8
2020-05-18,Colombia,NA,Risaralda,961055,0,0,238,8
2020-05-19,Colombia,NA,Risaralda,961055,0,0,238,8
2020-05-20,Colombia,NA,Risaralda,961055,0,0,238,8
2020-05-21,Colombia,NA,Risaralda,961055,1,0,239,8
2020-05-22,Colombia,NA,Risaralda,961055,1,0,240,8
2020-05-23,Colombia,NA,Risaralda,961055,1,0,241,8
2020-05-24,Colombia,NA,Risaralda,961055,4,0,245,8
2020-05-25,Colombia,NA,Risaralda,961055,1,0,246,8
2020-05-27,Colombia,NA,Risaralda,961055,4,0,250,8
2020-05-28,Colombia,NA,Risaralda,961055,1,0,251,8
2020-05-29,Colombia,NA,Risaralda,961055,1,0,252,8
2020-05-30,Colombia,NA,Risaralda,961055,2,1,254,9
2020-05-31,Colombia,NA,Risaralda,961055,2,0,256,9
2020-06-02,Colombia,NA,Risaralda,961055,3,0,259,9
2020-06-03,Colombia,NA,Risaralda,961055,5,0,264,9
2020-06-04,Colombia,NA,Risaralda,961055,3,0,267,9
2020-06-05,Colombia,NA,Risaralda,961055,2,1,269,10
2020-06-06,Colombia,NA,Risaralda,961055,6,0,275,10
2020-06-07,Colombia,NA,Risaralda,961055,4,0,279,10
2020-06-08,Colombia,NA,Risaralda,961055,0,0,279,10
2020-06-09,Colombia,NA,Risaralda,961055,8,1,287,11
2020-06-10,Colombia,NA,Risaralda,961055,8,0,295,11
2020-06-11,Colombia,NA,Risaralda,961055,9,0,304,11
2020-06-12,Colombia,NA,Risaralda,961055,5,0,309,11
2020-06-13,Colombia,NA,Risaralda,961055,9,0,318,11
2020-06-14,Colombia,NA,Risaralda,961055,6,0,324,11
2020-06-16,Colombia,NA,Risaralda,961055,1,0,325,11
2020-06-17,Colombia,NA,Risaralda,961055,8,0,333,11
2020-06-18,Colombia,NA,Risaralda,961055,53,0,386,11
2020-06-19,Colombia,NA,Risaralda,961055,11,1,397,12
2020-06-20,Colombia,NA,Risaralda,961055,14,0,411,12
2020-06-21,Colombia,NA,Risaralda,961055,10,0,421,12
2020-06-22,Colombia,NA,Risaralda,961055,3,0,424,12
2020-06-23,Colombia,NA,Risaralda,961055,13,0,437,12
2020-06-24,Colombia,NA,Risaralda,961055,28,1,465,13
2020-06-25,Colombia,NA,Risaralda,961055,8,1,473,14
2020-06-26,Colombia,NA,Risaralda,961055,24,0,497,14
2020-06-27,Colombia,NA,Risaralda,961055,6,1,503,15
2020-06-28,Colombia,NA,Risaralda,961055,4,0,507,15
2020-06-29,Colombia,NA,Risaralda,961055,4,1,511,16
2020-06-30,Colombia,NA,Risaralda,961055,0,0,511,16
2020-07-01,Colombia,NA,Risaralda,961055,35,0,546,16
2020-07-02,Colombia,NA,Risaralda,961055,18,0,564,16
2020-07-03,Colombia,NA,Risaralda,961055,24,0,588,16
2020-07-04,Colombia,NA,Risaralda,961055,24,0,612,16
2020-07-05,Colombia,NA,Risaralda,961055,3,2,615,18
2020-07-06,Colombia,NA,Risaralda,961055,6,2,621,20
2020-07-07,Colombia,NA,Risaralda,961055,23,0,644,20
2020-07-08,Colombia,NA,Risaralda,961055,18,0,662,20
2020-07-09,Colombia,NA,Risaralda,961055,58,0,720,20
2020-07-10,Colombia,NA,Risaralda,961055,12,0,732,20
2020-07-11,Colombia,NA,Risaralda,961055,25,0,757,20
2020-07-12,Colombia,NA,Risaralda,961055,7,1,764,21
2020-07-13,Colombia,NA,Risaralda,961055,31,0,795,21
2020-07-14,Colombia,NA,Risaralda,961055,81,0,876,21
2020-07-15,Colombia,NA,Risaralda,961055,38,0,914,21
2020-07-16,Colombia,NA,Risaralda,961055,36,0,950,21
2020-07-17,Colombia,NA,Risaralda,961055,45,0,995,21
2020-07-18,Colombia,NA,Risaralda,961055,21,0,1016,21
2020-07-19,Colombia,NA,Risaralda,961055,3,1,1019,22
2020-07-20,Colombia,NA,Risaralda,961055,14,1,1033,23
2020-07-21,Colombia,NA,Risaralda,961055,78,0,1111,23
2020-07-22,Colombia,NA,Risaralda,961055,83,3,1194,26
2020-07-23,Colombia,NA,Risaralda,961055,71,0,1265,26
2020-07-24,Colombia,NA,Risaralda,961055,67,0,1332,26
2020-07-25,Colombia,NA,Risaralda,961055,47,1,1379,27
2020-07-26,Colombia,NA,Risaralda,961055,2,0,1381,27
2020-07-27,Colombia,NA,Risaralda,961055,88,1,1469,28
2020-07-28,Colombia,NA,Risaralda,961055,88,0,1557,28
2020-07-29,Colombia,NA,Risaralda,961055,104,3,1661,31
2020-07-30,Colombia,NA,Risaralda,961055,77,2,1738,33
2020-07-31,Colombia,NA,Risaralda,961055,164,4,1902,37
2020-08-01,Colombia,NA,Risaralda,961055,167,2,2069,39
2020-08-02,Colombia,NA,Risaralda,961055,11,3,2080,42
2020-08-03,Colombia,NA,Risaralda,961055,123,6,2203,48
2020-08-04,Colombia,NA,Risaralda,961055,79,1,2282,49
2020-08-05,Colombia,NA,Risaralda,961055,114,4,2396,53
2020-08-06,Colombia,NA,Risaralda,961055,119,1,2515,54
2020-08-07,Colombia,NA,Risaralda,961055,102,1,2617,55
2020-08-08,Colombia,NA,Risaralda,961055,45,5,2662,60
2020-08-09,Colombia,NA,Risaralda,961055,112,0,2774,60
2020-08-10,Colombia,NA,Risaralda,961055,182,1,2956,61
2020-08-11,Colombia,NA,Risaralda,961055,162,0,3118,61
2020-08-12,Colombia,NA,Risaralda,961055,135,1,3253,62
2020-08-13,Colombia,NA,Risaralda,961055,163,3,3416,65
2020-08-14,Colombia,NA,Risaralda,961055,202,2,3618,67
2020-08-15,Colombia,NA,Risaralda,961055,213,2,3831,69
2020-08-16,Colombia,NA,Risaralda,961055,27,2,3858,71
2020-08-17,Colombia,NA,Risaralda,961055,106,1,3964,72
2020-08-18,Colombia,NA,Risaralda,961055,155,4,4119,76
2020-08-19,Colombia,NA,Risaralda,961055,81,8,4200,84
2020-08-20,Colombia,NA,Risaralda,961055,222,4,4422,88
2020-08-21,Colombia,NA,Risaralda,961055,276,2,4698,90
2020-08-22,Colombia,NA,Risaralda,961055,304,3,5002,93
2020-08-23,Colombia,NA,Risaralda,961055,68,3,5070,96
2020-08-24,Colombia,NA,Risaralda,961055,282,6,5352,102
2020-08-25,Colombia,NA,Risaralda,961055,205,3,5557,105
2020-08-26,Colombia,NA,Risaralda,961055,202,4,5759,109
2020-08-27,Colombia,NA,Risaralda,961055,135,2,5894,111
2020-08-28,Colombia,NA,Risaralda,961055,176,6,6070,117
2020-08-29,Colombia,NA,Risaralda,961055,97,1,6167,118
2020-08-30,Colombia,NA,Risaralda,961055,54,0,6221,118
2020-08-18,Colombia,NA,San Andres and Providencia,63692,13,0,113,0
2020-08-19,Colombia,NA,San Andres and Providencia,63692,4,1,117,1
2020-08-20,Colombia,NA,San Andres and Providencia,63692,1,0,118,1
2020-08-21,Colombia,NA,San Andres and Providencia,63692,8,0,126,1
2020-08-22,Colombia,NA,San Andres and Providencia,63692,0,0,126,1
2020-08-23,Colombia,NA,San Andres and Providencia,63692,0,0,126,1
2020-08-24,Colombia,NA,San Andres and Providencia,63692,46,0,172,1
2020-08-25,Colombia,NA,San Andres and Providencia,63692,3,0,175,1
2020-08-26,Colombia,NA,San Andres and Providencia,63692,0,0,175,1
2020-08-27,Colombia,NA,San Andres and Providencia,63692,0,0,175,1
2020-08-28,Colombia,NA,San Andres and Providencia,63692,0,0,175,1
2020-08-29,Colombia,NA,San Andres and Providencia,63692,33,0,208,1
2020-08-30,Colombia,NA,San Andres and Providencia,63692,11,0,219,1
2020-06-03,Colombia,NA,Santander,2280908,30,1,113,5
2020-06-04,Colombia,NA,Santander,2280908,2,0,115,5
2020-06-05,Colombia,NA,Santander,2280908,20,0,135,5
2020-06-06,Colombia,NA,Santander,2280908,14,2,149,7
2020-06-07,Colombia,NA,Santander,2280908,10,0,159,7
2020-06-08,Colombia,NA,Santander,2280908,7,1,166,8
2020-06-09,Colombia,NA,Santander,2280908,25,0,191,8
2020-06-10,Colombia,NA,Santander,2280908,11,1,202,9
2020-06-11,Colombia,NA,Santander,2280908,9,1,211,10
2020-06-12,Colombia,NA,Santander,2280908,0,0,211,10
2020-06-13,Colombia,NA,Santander,2280908,19,0,230,10
2020-06-14,Colombia,NA,Santander,2280908,11,0,241,10
2020-06-15,Colombia,NA,Santander,2280908,22,0,263,10
2020-06-16,Colombia,NA,Santander,2280908,19,0,282,10
2020-06-17,Colombia,NA,Santander,2280908,32,0,314,10
2020-06-18,Colombia,NA,Santander,2280908,19,1,333,11
2020-06-19,Colombia,NA,Santander,2280908,15,1,348,12
2020-06-20,Colombia,NA,Santander,2280908,18,0,366,12
2020-06-21,Colombia,NA,Santander,2280908,93,0,459,12
2020-06-22,Colombia,NA,Santander,2280908,21,0,480,12
2020-06-23,Colombia,NA,Santander,2280908,10,1,490,13
2020-06-24,Colombia,NA,Santander,2280908,11,0,501,13
2020-06-25,Colombia,NA,Santander,2280908,26,0,527,13
2020-06-26,Colombia,NA,Santander,2280908,51,0,578,13
2020-06-27,Colombia,NA,Santander,2280908,33,2,611,15
2020-06-28,Colombia,NA,Santander,2280908,24,1,635,16
2020-06-29,Colombia,NA,Santander,2280908,35,1,670,17
2020-06-30,Colombia,NA,Santander,2280908,16,0,686,17
2020-07-01,Colombia,NA,Santander,2280908,45,1,731,18
2020-07-02,Colombia,NA,Santander,2280908,56,1,787,19
2020-07-03,Colombia,NA,Santander,2280908,37,2,824,21
2020-07-04,Colombia,NA,Santander,2280908,101,1,925,22
2020-07-05,Colombia,NA,Santander,2280908,47,1,972,23
2020-07-06,Colombia,NA,Santander,2280908,14,3,986,26
2020-07-07,Colombia,NA,Santander,2280908,60,1,1046,27
2020-07-08,Colombia,NA,Santander,2280908,40,0,1086,27
2020-07-09,Colombia,NA,Santander,2280908,65,3,1151,30
2020-07-10,Colombia,NA,Santander,2280908,90,2,1241,32
2020-07-11,Colombia,NA,Santander,2280908,42,3,1283,35
2020-07-12,Colombia,NA,Santander,2280908,46,1,1329,36
2020-07-13,Colombia,NA,Santander,2280908,134,4,1463,40
2020-07-14,Colombia,NA,Santander,2280908,152,5,1615,45
2020-07-15,Colombia,NA,Santander,2280908,88,2,1703,47
2020-07-16,Colombia,NA,Santander,2280908,137,5,1840,52
2020-07-17,Colombia,NA,Santander,2280908,105,3,1945,55
2020-07-18,Colombia,NA,Santander,2280908,78,4,2023,59
2020-07-19,Colombia,NA,Santander,2280908,90,3,2113,62
2020-07-20,Colombia,NA,Santander,2280908,39,5,2152,67
2020-07-21,Colombia,NA,Santander,2280908,91,5,2243,72
2020-07-22,Colombia,NA,Santander,2280908,166,8,2409,80
2020-07-23,Colombia,NA,Santander,2280908,175,4,2584,84
2020-07-24,Colombia,NA,Santander,2280908,181,8,2765,92
2020-07-25,Colombia,NA,Santander,2280908,174,5,2939,97
2020-07-26,Colombia,NA,Santander,2280908,99,9,3038,106
2020-07-27,Colombia,NA,Santander,2280908,235,12,3273,118
2020-07-28,Colombia,NA,Santander,2280908,316,12,3589,130
2020-07-29,Colombia,NA,Santander,2280908,215,12,3804,142
2020-07-30,Colombia,NA,Santander,2280908,244,20,4048,162
2020-07-31,Colombia,NA,Santander,2280908,219,13,4267,175
2020-08-01,Colombia,NA,Santander,2280908,309,24,4576,199
2020-08-02,Colombia,NA,Santander,2280908,138,15,4714,214
2020-08-03,Colombia,NA,Santander,2280908,470,19,5184,233
2020-08-04,Colombia,NA,Santander,2280908,352,8,5536,241
2020-08-05,Colombia,NA,Santander,2280908,501,23,6037,264
2020-08-06,Colombia,NA,Santander,2280908,302,29,6339,293
2020-08-07,Colombia,NA,Santander,2280908,512,19,6851,312
2020-08-08,Colombia,NA,Santander,2280908,594,26,7445,338
2020-08-09,Colombia,NA,Santander,2280908,246,21,7691,359
2020-08-10,Colombia,NA,Santander,2280908,478,30,8169,389
2020-08-11,Colombia,NA,Santander,2280908,587,28,8756,417
2020-08-12,Colombia,NA,Santander,2280908,504,23,9260,440
2020-08-13,Colombia,NA,Santander,2280908,443,18,9703,458
2020-08-14,Colombia,NA,Santander,2280908,405,14,10108,472
2020-08-15,Colombia,NA,Santander,2280908,427,21,10535,493
2020-08-16,Colombia,NA,Santander,2280908,221,29,10756,522
2020-08-17,Colombia,NA,Santander,2280908,465,24,11221,546
2020-08-18,Colombia,NA,Santander,2280908,705,19,11926,565
2020-08-19,Colombia,NA,Santander,2280908,444,24,12370,589
2020-08-20,Colombia,NA,Santander,2280908,747,19,13117,608
2020-08-21,Colombia,NA,Santander,2280908,523,32,13640,640
2020-08-22,Colombia,NA,Santander,2280908,560,22,14200,662
2020-08-23,Colombia,NA,Santander,2280908,422,21,14622,683
2020-08-24,Colombia,NA,Santander,2280908,591,17,15213,700
2020-08-25,Colombia,NA,Santander,2280908,556,19,15769,719
2020-08-26,Colombia,NA,Santander,2280908,555,22,16324,741
2020-08-27,Colombia,NA,Santander,2280908,603,15,16927,756
2020-08-28,Colombia,NA,Santander,2280908,559,16,17486,772
2020-08-29,Colombia,NA,Santander,2280908,428,23,17914,795
2020-08-30,Colombia,NA,Santander,2280908,242,8,18156,803
2020-08-31,Colombia,NA,Santander,2280908,16,0,18172,803
2020-08-29,Colombia,NA,Guainia,50636,41,0,140,2
2020-06-07,Colombia,NA,Sucre,949252,28,0,126,3
2020-06-08,Colombia,NA,Sucre,949252,6,1,132,4
2020-06-09,Colombia,NA,Sucre,949252,14,2,146,6
2020-06-10,Colombia,NA,Sucre,949252,24,3,170,9
2020-06-11,Colombia,NA,Sucre,949252,8,1,178,10
2020-06-12,Colombia,NA,Sucre,949252,23,2,201,12
2020-06-13,Colombia,NA,Sucre,949252,18,3,219,15
2020-06-14,Colombia,NA,Sucre,949252,24,1,243,16
2020-06-15,Colombia,NA,Sucre,949252,2,2,245,18
2020-06-16,Colombia,NA,Sucre,949252,32,5,277,23
2020-06-17,Colombia,NA,Sucre,949252,29,3,306,26
2020-06-18,Colombia,NA,Sucre,949252,101,2,407,28
2020-06-19,Colombia,NA,Sucre,949252,42,4,449,32
2020-06-20,Colombia,NA,Sucre,949252,46,4,495,36
2020-06-21,Colombia,NA,Sucre,949252,41,5,536,41
2020-06-22,Colombia,NA,Sucre,949252,58,7,594,48
2020-06-23,Colombia,NA,Sucre,949252,63,5,657,53
2020-06-24,Colombia,NA,Sucre,949252,88,7,745,60
2020-06-25,Colombia,NA,Sucre,949252,116,12,861,72
2020-06-26,Colombia,NA,Sucre,949252,88,10,949,82
2020-06-27,Colombia,NA,Sucre,949252,61,11,1010,93
2020-06-28,Colombia,NA,Sucre,949252,126,9,1136,102
2020-06-29,Colombia,NA,Sucre,949252,49,4,1185,106
2020-06-30,Colombia,NA,Sucre,949252,93,8,1278,114
2020-07-01,Colombia,NA,Sucre,949252,148,4,1426,118
2020-07-02,Colombia,NA,Sucre,949252,142,13,1568,131
2020-07-03,Colombia,NA,Sucre,949252,102,9,1670,140
2020-07-04,Colombia,NA,Sucre,949252,155,6,1825,146
2020-07-05,Colombia,NA,Sucre,949252,160,11,1985,157
2020-07-06,Colombia,NA,Sucre,949252,98,13,2083,170
2020-07-07,Colombia,NA,Sucre,949252,141,15,2224,185
2020-07-08,Colombia,NA,Sucre,949252,183,15,2407,200
2020-07-09,Colombia,NA,Sucre,949252,204,10,2611,210
2020-07-10,Colombia,NA,Sucre,949252,210,14,2821,224
2020-07-11,Colombia,NA,Sucre,949252,158,13,2979,237
2020-07-12,Colombia,NA,Sucre,949252,127,12,3106,249
2020-07-13,Colombia,NA,Sucre,949252,224,8,3330,257
2020-07-14,Colombia,NA,Sucre,949252,275,8,3605,265
2020-07-15,Colombia,NA,Sucre,949252,192,8,3797,273
2020-07-16,Colombia,NA,Sucre,949252,211,15,4008,288
2020-07-17,Colombia,NA,Sucre,949252,224,10,4232,298
2020-07-18,Colombia,NA,Sucre,949252,248,15,4480,313
2020-07-19,Colombia,NA,Sucre,949252,119,8,4599,321
2020-07-20,Colombia,NA,Sucre,949252,51,7,4650,328
2020-07-21,Colombia,NA,Sucre,949252,134,6,4784,334
2020-07-22,Colombia,NA,Sucre,949252,291,12,5075,346
2020-07-23,Colombia,NA,Sucre,949252,176,10,5251,356
2020-07-24,Colombia,NA,Sucre,949252,213,15,5464,371
2020-07-25,Colombia,NA,Sucre,949252,132,3,5596,374
2020-07-26,Colombia,NA,Sucre,949252,23,8,5619,382
2020-07-27,Colombia,NA,Sucre,949252,257,4,5876,386
2020-07-28,Colombia,NA,Sucre,949252,182,7,6058,393
2020-07-29,Colombia,NA,Sucre,949252,209,5,6267,398
2020-07-30,Colombia,NA,Sucre,949252,95,4,6362,402
2020-07-31,Colombia,NA,Sucre,949252,63,7,6425,409
2020-08-01,Colombia,NA,Sucre,949252,166,5,6591,414
2020-08-02,Colombia,NA,Sucre,949252,162,6,6753,420
2020-08-03,Colombia,NA,Sucre,949252,174,6,6927,426
2020-08-04,Colombia,NA,Sucre,949252,140,2,7067,428
2020-08-05,Colombia,NA,Sucre,949252,111,1,7178,429
2020-08-06,Colombia,NA,Sucre,949252,250,2,7428,431
2020-08-07,Colombia,NA,Sucre,949252,102,2,7530,433
2020-08-08,Colombia,NA,Sucre,949252,286,4,7816,437
2020-08-09,Colombia,NA,Sucre,949252,65,2,7881,439
2020-08-10,Colombia,NA,Sucre,949252,238,4,8119,443
2020-08-11,Colombia,NA,Sucre,949252,265,2,8384,445
2020-08-12,Colombia,NA,Sucre,949252,269,6,8653,451
2020-08-13,Colombia,NA,Sucre,949252,161,5,8814,456
2020-08-14,Colombia,NA,Sucre,949252,144,6,8958,462
2020-08-15,Colombia,NA,Sucre,949252,143,5,9101,467
2020-08-16,Colombia,NA,Sucre,949252,103,5,9204,472
2020-08-17,Colombia,NA,Sucre,949252,262,5,9466,477
2020-08-18,Colombia,NA,Sucre,949252,342,8,9808,485
2020-08-19,Colombia,NA,Sucre,949252,149,3,9957,488
2020-08-20,Colombia,NA,Sucre,949252,337,3,10294,491
2020-08-21,Colombia,NA,Sucre,949252,80,4,10374,495
2020-08-22,Colombia,NA,Sucre,949252,150,2,10524,497
2020-08-23,Colombia,NA,Sucre,949252,72,0,10596,497
2020-08-24,Colombia,NA,Sucre,949252,250,3,10846,500
2020-08-25,Colombia,NA,Sucre,949252,86,3,10932,503
2020-08-26,Colombia,NA,Sucre,949252,369,4,11301,507
2020-08-27,Colombia,NA,Sucre,949252,141,0,11442,507
2020-08-28,Colombia,NA,Sucre,949252,91,3,11533,510
2020-08-29,Colombia,NA,Sucre,949252,74,0,11607,510
2020-08-30,Colombia,NA,Sucre,949252,54,0,11661,510
2020-08-31,Colombia,NA,Sucre,949252,3,0,11664,510
2020-05-08,Colombia,NA,Tolima,1339998,5,0,103,6
2020-05-10,Colombia,NA,Tolima,1339998,27,0,130,6
2020-05-11,Colombia,NA,Tolima,1339998,0,0,130,6
2020-05-12,Colombia,NA,Tolima,1339998,3,0,133,6
2020-05-13,Colombia,NA,Tolima,1339998,1,0,134,6
2020-05-14,Colombia,NA,Tolima,1339998,0,0,134,6
2020-05-15,Colombia,NA,Tolima,1339998,20,0,154,6
2020-05-16,Colombia,NA,Tolima,1339998,5,0,159,6
2020-05-17,Colombia,NA,Tolima,1339998,0,1,159,7
2020-05-18,Colombia,NA,Tolima,1339998,5,0,164,7
2020-05-19,Colombia,NA,Tolima,1339998,10,0,174,7
2020-05-20,Colombia,NA,Tolima,1339998,2,0,176,7
2020-05-21,Colombia,NA,Tolima,1339998,1,0,177,7
2020-05-22,Colombia,NA,Tolima,1339998,4,0,181,7
2020-05-23,Colombia,NA,Tolima,1339998,6,0,187,7
2020-05-24,Colombia,NA,Tolima,1339998,2,0,189,7
2020-05-25,Colombia,NA,Tolima,1339998,36,0,225,7
2020-05-26,Colombia,NA,Tolima,1339998,13,0,238,7
2020-05-27,Colombia,NA,Tolima,1339998,0,0,238,7
2020-05-28,Colombia,NA,Tolima,1339998,9,0,247,7
2020-05-29,Colombia,NA,Tolima,1339998,0,0,247,7
2020-05-30,Colombia,NA,Tolima,1339998,1,0,248,7
2020-05-31,Colombia,NA,Tolima,1339998,15,0,263,7
2020-06-01,Colombia,NA,Tolima,1339998,10,0,273,7
2020-06-02,Colombia,NA,Tolima,1339998,1,0,274,7
2020-06-03,Colombia,NA,Tolima,1339998,0,0,274,7
2020-06-04,Colombia,NA,Tolima,1339998,2,0,276,7
2020-06-05,Colombia,NA,Tolima,1339998,3,1,279,8
2020-06-06,Colombia,NA,Tolima,1339998,1,0,280,8
2020-06-07,Colombia,NA,Tolima,1339998,7,3,287,11
2020-06-08,Colombia,NA,Tolima,1339998,5,1,292,12
2020-06-09,Colombia,NA,Tolima,1339998,2,0,294,12
2020-06-10,Colombia,NA,Tolima,1339998,3,1,297,13
2020-06-11,Colombia,NA,Tolima,1339998,18,1,315,14
2020-06-12,Colombia,NA,Tolima,1339998,26,0,341,14
2020-06-13,Colombia,NA,Tolima,1339998,41,0,382,14
2020-06-14,Colombia,NA,Tolima,1339998,3,1,385,15
2020-06-15,Colombia,NA,Tolima,1339998,9,0,394,15
2020-06-16,Colombia,NA,Tolima,1339998,12,0,406,15
2020-06-17,Colombia,NA,Tolima,1339998,65,0,471,15
2020-06-18,Colombia,NA,Tolima,1339998,33,0,504,15
2020-06-19,Colombia,NA,Tolima,1339998,10,0,514,15
2020-06-20,Colombia,NA,Tolima,1339998,32,3,546,18
2020-06-21,Colombia,NA,Tolima,1339998,70,2,616,20
2020-06-22,Colombia,NA,Tolima,1339998,77,1,693,21
2020-06-23,Colombia,NA,Tolima,1339998,14,1,707,22
2020-06-24,Colombia,NA,Tolima,1339998,32,1,739,23
2020-06-25,Colombia,NA,Tolima,1339998,11,0,750,23
2020-06-26,Colombia,NA,Tolima,1339998,25,1,775,24
2020-06-27,Colombia,NA,Tolima,1339998,24,0,799,24
2020-06-28,Colombia,NA,Tolima,1339998,36,0,835,24
2020-06-29,Colombia,NA,Tolima,1339998,111,0,946,24
2020-06-30,Colombia,NA,Tolima,1339998,12,0,958,24
2020-07-01,Colombia,NA,Tolima,1339998,78,1,1036,25
2020-07-02,Colombia,NA,Tolima,1339998,20,1,1056,26
2020-07-03,Colombia,NA,Tolima,1339998,52,0,1108,26
2020-07-04,Colombia,NA,Tolima,1339998,15,0,1123,26
2020-07-05,Colombia,NA,Tolima,1339998,26,0,1149,26
2020-07-06,Colombia,NA,Tolima,1339998,37,1,1186,27
2020-07-07,Colombia,NA,Tolima,1339998,16,0,1202,27
2020-07-08,Colombia,NA,Tolima,1339998,17,1,1219,28
2020-07-09,Colombia,NA,Tolima,1339998,127,1,1346,29
2020-07-10,Colombia,NA,Tolima,1339998,127,0,1473,29
2020-07-11,Colombia,NA,Tolima,1339998,28,1,1501,30
2020-07-12,Colombia,NA,Tolima,1339998,31,1,1532,31
2020-07-13,Colombia,NA,Tolima,1339998,28,2,1560,33
2020-07-14,Colombia,NA,Tolima,1339998,35,0,1595,33
2020-07-15,Colombia,NA,Tolima,1339998,74,2,1669,35
2020-07-16,Colombia,NA,Tolima,1339998,58,1,1727,36
2020-07-17,Colombia,NA,Tolima,1339998,54,2,1781,38
2020-07-18,Colombia,NA,Tolima,1339998,48,2,1829,40
2020-07-19,Colombia,NA,Tolima,1339998,27,0,1856,40
2020-07-20,Colombia,NA,Tolima,1339998,15,2,1871,42
2020-07-21,Colombia,NA,Tolima,1339998,33,1,1904,43
2020-07-22,Colombia,NA,Tolima,1339998,46,3,1950,46
2020-07-23,Colombia,NA,Tolima,1339998,65,3,2015,49
2020-07-24,Colombia,NA,Tolima,1339998,84,1,2099,50
2020-07-25,Colombia,NA,Tolima,1339998,61,2,2160,52
2020-07-26,Colombia,NA,Tolima,1339998,180,7,2340,59
2020-07-27,Colombia,NA,Tolima,1339998,78,2,2418,61
2020-07-28,Colombia,NA,Tolima,1339998,88,1,2506,62
2020-07-29,Colombia,NA,Tolima,1339998,54,3,2560,65
2020-07-30,Colombia,NA,Tolima,1339998,102,3,2662,68
2020-07-31,Colombia,NA,Tolima,1339998,63,6,2725,74
2020-08-01,Colombia,NA,Tolima,1339998,117,3,2842,77
2020-08-02,Colombia,NA,Tolima,1339998,87,5,2929,82
2020-08-03,Colombia,NA,Tolima,1339998,122,4,3051,86
2020-08-04,Colombia,NA,Tolima,1339998,233,3,3284,89
2020-08-05,Colombia,NA,Tolima,1339998,47,3,3331,92
2020-08-06,Colombia,NA,Tolima,1339998,92,3,3423,95
2020-08-07,Colombia,NA,Tolima,1339998,185,3,3608,98
2020-08-08,Colombia,NA,Tolima,1339998,149,5,3757,103
2020-08-09,Colombia,NA,Tolima,1339998,103,2,3860,105
2020-08-10,Colombia,NA,Tolima,1339998,97,4,3957,109
2020-08-11,Colombia,NA,Tolima,1339998,92,5,4049,114
2020-08-12,Colombia,NA,Tolima,1339998,111,3,4160,117
2020-08-13,Colombia,NA,Tolima,1339998,122,3,4282,120
2020-08-14,Colombia,NA,Tolima,1339998,158,7,4440,127
2020-08-15,Colombia,NA,Tolima,1339998,227,3,4667,130
2020-08-16,Colombia,NA,Tolima,1339998,126,5,4793,135
2020-08-17,Colombia,NA,Tolima,1339998,145,8,4938,143
2020-08-18,Colombia,NA,Tolima,1339998,142,8,5080,151
2020-08-19,Colombia,NA,Tolima,1339998,108,8,5188,159
2020-08-20,Colombia,NA,Tolima,1339998,177,8,5365,167
2020-08-21,Colombia,NA,Tolima,1339998,170,5,5535,172
2020-08-22,Colombia,NA,Tolima,1339998,164,4,5699,176
2020-08-23,Colombia,NA,Tolima,1339998,152,2,5851,178
2020-08-24,Colombia,NA,Tolima,1339998,258,8,6109,186
2020-08-25,Colombia,NA,Tolima,1339998,202,5,6311,191
2020-08-26,Colombia,NA,Tolima,1339998,184,6,6495,197
2020-08-27,Colombia,NA,Tolima,1339998,291,8,6786,205
2020-08-28,Colombia,NA,Tolima,1339998,216,5,7002,210
2020-08-29,Colombia,NA,Tolima,1339998,125,2,7127,212
2020-08-30,Colombia,NA,Tolima,1339998,67,2,7194,214
2020-08-31,Colombia,NA,Tolima,1339998,4,0,7198,214
2020-03-30,Colombia,NA,Valle Del Cauca,4532152,13,1,106,4
2020-03-31,Colombia,NA,Valle Del Cauca,4532152,11,1,117,5
2020-04-01,Colombia,NA,Valle Del Cauca,4532152,31,0,148,5
2020-04-02,Colombia,NA,Valle Del Cauca,4532152,3,1,151,6
2020-04-03,Colombia,NA,Valle Del Cauca,4532152,17,1,168,7
2020-04-04,Colombia,NA,Valle Del Cauca,4532152,13,3,181,10
2020-04-05,Colombia,NA,Valle Del Cauca,4532152,17,0,198,10
2020-04-06,Colombia,NA,Valle Del Cauca,4532152,14,2,212,12
2020-04-07,Colombia,NA,Valle Del Cauca,4532152,13,0,225,12
2020-04-08,Colombia,NA,Valle Del Cauca,4532152,94,0,319,12
2020-04-09,Colombia,NA,Valle Del Cauca,4532152,37,3,356,15
2020-04-10,Colombia,NA,Valle Del Cauca,4532152,70,0,426,15
2020-04-11,Colombia,NA,Valle Del Cauca,4532152,60,0,486,15
2020-04-12,Colombia,NA,Valle Del Cauca,4532152,10,7,496,22
2020-04-13,Colombia,NA,Valle Del Cauca,4532152,4,1,500,23
2020-04-14,Colombia,NA,Valle Del Cauca,4532152,16,2,516,25
2020-04-15,Colombia,NA,Valle Del Cauca,4532152,19,6,535,31
2020-04-16,Colombia,NA,Valle Del Cauca,4532152,27,5,562,36
2020-04-17,Colombia,NA,Valle Del Cauca,4532152,45,1,607,37
2020-04-18,Colombia,NA,Valle Del Cauca,4532152,23,3,630,40
2020-04-19,Colombia,NA,Valle Del Cauca,4532152,10,4,640,44
2020-04-20,Colombia,NA,Valle Del Cauca,4532152,49,2,689,46
2020-04-21,Colombia,NA,Valle Del Cauca,4532152,31,1,720,47
2020-04-22,Colombia,NA,Valle Del Cauca,4532152,27,3,747,50
2020-04-23,Colombia,NA,Valle Del Cauca,4532152,35,2,782,52
2020-04-24,Colombia,NA,Valle Del Cauca,4532152,23,0,805,52
2020-04-25,Colombia,NA,Valle Del Cauca,4532152,19,0,824,52
2020-04-26,Colombia,NA,Valle Del Cauca,4532152,26,2,850,54
2020-04-27,Colombia,NA,Valle Del Cauca,4532152,7,3,857,57
2020-04-28,Colombia,NA,Valle Del Cauca,4532152,34,2,891,59
2020-04-29,Colombia,NA,Valle Del Cauca,4532152,22,3,913,62
2020-04-30,Colombia,NA,Valle Del Cauca,4532152,41,1,954,63
2020-05-01,Colombia,NA,Valle Del Cauca,4532152,62,1,1016,64
2020-05-02,Colombia,NA,Valle Del Cauca,4532152,44,3,1060,67
2020-05-03,Colombia,NA,Valle Del Cauca,4532152,2,1,1062,68
2020-05-04,Colombia,NA,Valle Del Cauca,4532152,37,5,1099,73
2020-05-05,Colombia,NA,Valle Del Cauca,4532152,38,0,1137,73
2020-05-06,Colombia,NA,Valle Del Cauca,4532152,42,3,1179,76
2020-05-07,Colombia,NA,Valle Del Cauca,4532152,49,2,1228,78
2020-05-08,Colombia,NA,Valle Del Cauca,4532152,40,1,1268,79
2020-05-09,Colombia,NA,Valle Del Cauca,4532152,57,2,1325,81
2020-05-10,Colombia,NA,Valle Del Cauca,4532152,11,3,1336,84
2020-05-11,Colombia,NA,Valle Del Cauca,4532152,36,6,1372,90
2020-05-12,Colombia,NA,Valle Del Cauca,4532152,48,1,1420,91
2020-05-13,Colombia,NA,Valle Del Cauca,4532152,62,3,1482,94
2020-05-14,Colombia,NA,Valle Del Cauca,4532152,79,5,1561,99
2020-05-15,Colombia,NA,Valle Del Cauca,4532152,42,1,1603,100
2020-05-16,Colombia,NA,Valle Del Cauca,4532152,72,2,1675,102
2020-05-17,Colombia,NA,Valle Del Cauca,4532152,78,5,1753,107
2020-05-18,Colombia,NA,Valle Del Cauca,4532152,47,3,1800,110
2020-05-19,Colombia,NA,Valle Del Cauca,4532152,89,2,1889,112
2020-05-20,Colombia,NA,Valle Del Cauca,4532152,89,8,1978,120
2020-05-21,Colombia,NA,Valle Del Cauca,4532152,70,5,2048,125
2020-05-22,Colombia,NA,Valle Del Cauca,4532152,168,9,2216,134
2020-05-23,Colombia,NA,Valle Del Cauca,4532152,101,5,2317,139
2020-05-24,Colombia,NA,Valle Del Cauca,4532152,114,10,2431,149
2020-05-25,Colombia,NA,Valle Del Cauca,4532152,63,5,2494,154
2020-05-26,Colombia,NA,Valle Del Cauca,4532152,184,7,2678,161
2020-05-27,Colombia,NA,Valle Del Cauca,4532152,156,6,2834,167
2020-05-28,Colombia,NA,Valle Del Cauca,4532152,137,10,2971,177
2020-05-29,Colombia,NA,Valle Del Cauca,4532152,112,9,3083,186
2020-05-30,Colombia,NA,Valle Del Cauca,4532152,283,9,3366,195
2020-05-31,Colombia,NA,Valle Del Cauca,4532152,106,9,3472,204
2020-06-01,Colombia,NA,Valle Del Cauca,4532152,114,5,3586,209
2020-06-02,Colombia,NA,Valle Del Cauca,4532152,132,10,3718,219
2020-06-03,Colombia,NA,Valle Del Cauca,4532152,172,6,3890,225
2020-06-04,Colombia,NA,Valle Del Cauca,4532152,101,4,3991,229
2020-06-05,Colombia,NA,Valle Del Cauca,4532152,205,8,4196,237
2020-06-06,Colombia,NA,Valle Del Cauca,4532152,153,8,4349,245
2020-06-07,Colombia,NA,Valle Del Cauca,4532152,65,7,4414,252
2020-06-08,Colombia,NA,Valle Del Cauca,4532152,248,10,4662,262
2020-06-09,Colombia,NA,Valle Del Cauca,4532152,142,5,4804,267
2020-06-10,Colombia,NA,Valle Del Cauca,4532152,159,5,4963,272
2020-06-11,Colombia,NA,Valle Del Cauca,4532152,362,6,5325,278
2020-06-12,Colombia,NA,Valle Del Cauca,4532152,95,8,5420,286
2020-06-13,Colombia,NA,Valle Del Cauca,4532152,300,6,5720,292
2020-06-14,Colombia,NA,Valle Del Cauca,4532152,78,11,5798,303
2020-06-15,Colombia,NA,Valle Del Cauca,4532152,241,6,6039,309
2020-06-16,Colombia,NA,Valle Del Cauca,4532152,213,10,6252,319
2020-06-17,Colombia,NA,Valle Del Cauca,4532152,222,8,6474,327
2020-06-18,Colombia,NA,Valle Del Cauca,4532152,267,10,6741,337
2020-06-19,Colombia,NA,Valle Del Cauca,4532152,243,10,6984,347
2020-06-20,Colombia,NA,Valle Del Cauca,4532152,212,12,7196,359
2020-06-21,Colombia,NA,Valle Del Cauca,4532152,248,10,7444,369
2020-06-22,Colombia,NA,Valle Del Cauca,4532152,141,11,7585,380
2020-06-23,Colombia,NA,Valle Del Cauca,4532152,276,8,7861,388
2020-06-24,Colombia,NA,Valle Del Cauca,4532152,403,10,8264,398
2020-06-25,Colombia,NA,Valle Del Cauca,4532152,346,9,8610,407
2020-06-26,Colombia,NA,Valle Del Cauca,4532152,446,10,9056,417
2020-06-27,Colombia,NA,Valle Del Cauca,4532152,206,6,9262,423
2020-06-28,Colombia,NA,Valle Del Cauca,4532152,217,3,9479,426
2020-06-29,Colombia,NA,Valle Del Cauca,4532152,291,13,9770,439
2020-06-30,Colombia,NA,Valle Del Cauca,4532152,116,13,9886,452
2020-07-01,Colombia,NA,Valle Del Cauca,4532152,549,16,10435,468
2020-07-02,Colombia,NA,Valle Del Cauca,4532152,397,10,10832,478
2020-07-03,Colombia,NA,Valle Del Cauca,4532152,330,18,11162,496
2020-07-04,Colombia,NA,Valle Del Cauca,4532152,491,13,11653,509
2020-07-05,Colombia,NA,Valle Del Cauca,4532152,217,14,11870,523
2020-07-06,Colombia,NA,Valle Del Cauca,4532152,263,15,12133,538
2020-07-07,Colombia,NA,Valle Del Cauca,4532152,397,23,12530,561
2020-07-08,Colombia,NA,Valle Del Cauca,4532152,465,17,12995,578
2020-07-09,Colombia,NA,Valle Del Cauca,4532152,626,10,13621,588
2020-07-10,Colombia,NA,Valle Del Cauca,4532152,605,14,14226,602
2020-07-11,Colombia,NA,Valle Del Cauca,4532152,325,10,14551,612
2020-07-12,Colombia,NA,Valle Del Cauca,4532152,268,17,14819,629
2020-07-13,Colombia,NA,Valle Del Cauca,4532152,682,22,15501,651
2020-07-14,Colombia,NA,Valle Del Cauca,4532152,803,28,16304,679
2020-07-15,Colombia,NA,Valle Del Cauca,4532152,408,30,16712,709
2020-07-16,Colombia,NA,Valle Del Cauca,4532152,289,17,17001,726
2020-07-17,Colombia,NA,Valle Del Cauca,4532152,441,18,17442,744
2020-07-18,Colombia,NA,Valle Del Cauca,4532152,362,26,17804,770
2020-07-19,Colombia,NA,Valle Del Cauca,4532152,344,26,18148,796
2020-07-20,Colombia,NA,Valle Del Cauca,4532152,394,31,18542,827
2020-07-21,Colombia,NA,Valle Del Cauca,4532152,755,33,19297,860
2020-07-22,Colombia,NA,Valle Del Cauca,4532152,1101,28,20398,888
2020-07-23,Colombia,NA,Valle Del Cauca,4532152,525,36,20923,924
2020-07-24,Colombia,NA,Valle Del Cauca,4532152,675,27,21598,951
2020-07-25,Colombia,NA,Valle Del Cauca,4532152,507,28,22105,979
2020-07-26,Colombia,NA,Valle Del Cauca,4532152,413,23,22518,1002
2020-07-27,Colombia,NA,Valle Del Cauca,4532152,788,33,23306,1035
2020-07-28,Colombia,NA,Valle Del Cauca,4532152,377,32,23683,1067
2020-07-29,Colombia,NA,Valle Del Cauca,4532152,1030,29,24713,1096
2020-07-30,Colombia,NA,Valle Del Cauca,4532152,607,29,25320,1125
2020-07-31,Colombia,NA,Valle Del Cauca,4532152,890,27,26210,1152
2020-08-01,Colombia,NA,Valle Del Cauca,4532152,726,31,26936,1183
2020-08-02,Colombia,NA,Valle Del Cauca,4532152,385,23,27321,1206
2020-08-03,Colombia,NA,Valle Del Cauca,4532152,477,22,27798,1228
2020-08-04,Colombia,NA,Valle Del Cauca,4532152,969,27,28767,1255
2020-08-05,Colombia,NA,Valle Del Cauca,4532152,941,25,29708,1280
2020-08-06,Colombia,NA,Valle Del Cauca,4532152,823,29,30531,1309
2020-08-07,Colombia,NA,Valle Del Cauca,4532152,546,34,31077,1343
2020-08-08,Colombia,NA,Valle Del Cauca,4532152,778,36,31855,1379
2020-08-09,Colombia,NA,Valle Del Cauca,4532152,197,27,32052,1406
2020-08-10,Colombia,NA,Valle Del Cauca,4532152,726,28,32778,1434
2020-08-11,Colombia,NA,Valle Del Cauca,4532152,2128,32,34906,1466
2020-08-12,Colombia,NA,Valle Del Cauca,4532152,791,22,35697,1488
2020-08-13,Colombia,NA,Valle Del Cauca,4532152,713,26,36410,1514
2020-08-14,Colombia,NA,Valle Del Cauca,4532152,809,23,37219,1537
2020-08-15,Colombia,NA,Valle Del Cauca,4532152,753,22,37972,1559
2020-08-16,Colombia,NA,Valle Del Cauca,4532152,267,23,38239,1582
2020-08-17,Colombia,NA,Valle Del Cauca,4532152,1111,26,39350,1608
2020-08-18,Colombia,NA,Valle Del Cauca,4532152,875,15,40225,1623
2020-08-19,Colombia,NA,Valle Del Cauca,4532152,636,24,40861,1647
2020-08-20,Colombia,NA,Valle Del Cauca,4532152,1055,14,41916,1661
2020-08-21,Colombia,NA,Valle Del Cauca,4532152,746,23,42662,1684
2020-08-22,Colombia,NA,Valle Del Cauca,4532152,504,23,43166,1707
2020-08-23,Colombia,NA,Valle Del Cauca,4532152,269,24,43435,1731
2020-08-24,Colombia,NA,Valle Del Cauca,4532152,624,20,44059,1751
2020-08-25,Colombia,NA,Valle Del Cauca,4532152,602,16,44661,1767
2020-08-26,Colombia,NA,Valle Del Cauca,4532152,401,16,45062,1783
2020-08-27,Colombia,NA,Valle Del Cauca,4532152,464,23,45526,1806
2020-08-28,Colombia,NA,Valle Del Cauca,4532152,502,22,46028,1828
2020-08-29,Colombia,NA,Valle Del Cauca,4532152,336,14,46364,1842
2020-08-30,Colombia,NA,Valle Del Cauca,4532152,236,18,46600,1860
2020-08-31,Colombia,NA,Valle Del Cauca,4532152,31,0,46631,1860
2020-08-10,Colombia,NA,Vaupes,44712,74,0,136,1
2020-08-11,Colombia,NA,Vaupes,44712,2,0,138,1
2020-08-13,Colombia,NA,Vaupes,44712,1,0,139,1
2020-08-14,Colombia,NA,Vaupes,44712,3,0,142,1
2020-08-17,Colombia,NA,Vaupes,44712,22,0,164,1
2020-08-18,Colombia,NA,Vaupes,44712,0,0,164,1
2020-08-19,Colombia,NA,Vaupes,44712,1,0,165,1
2020-08-20,Colombia,NA,Vaupes,44712,3,0,168,1
2020-08-21,Colombia,NA,Vaupes,44712,33,0,201,1
2020-08-22,Colombia,NA,Vaupes,44712,6,0,207,1
2020-08-23,Colombia,NA,Vaupes,44712,2,0,209,1
2020-08-24,Colombia,NA,Vaupes,44712,10,0,219,1
2020-08-25,Colombia,NA,Vaupes,44712,17,0,236,1
2020-08-26,Colombia,NA,Vaupes,44712,11,0,247,1
2020-08-27,Colombia,NA,Vaupes,44712,16,0,263,1
2020-08-28,Colombia,NA,Vaupes,44712,52,0,315,1
2020-08-29,Colombia,NA,Vaupes,44712,22,0,337,1
2020-08-30,Colombia,NA,Vaupes,44712,3,0,340,1
2020-03-19,France,NA,Auvergne-Rhone-Alpes,7948287,84,15,168,22
2020-03-20,France,NA,Auvergne-Rhone-Alpes,7948287,105,11,273,33
2020-03-21,France,NA,Auvergne-Rhone-Alpes,7948287,8,5,281,38
2020-03-22,France,NA,Auvergne-Rhone-Alpes,7948287,9,9,290,47
2020-03-23,France,NA,Auvergne-Rhone-Alpes,7948287,96,23,386,70
2020-03-24,France,NA,Auvergne-Rhone-Alpes,7948287,97,16,483,86
2020-03-25,France,NA,Auvergne-Rhone-Alpes,7948287,53,21,536,107
2020-03-26,France,NA,Auvergne-Rhone-Alpes,7948287,60,27,596,134
2020-03-27,France,NA,Auvergne-Rhone-Alpes,7948287,37,31,633,165
2020-03-28,France,NA,Auvergne-Rhone-Alpes,7948287,15,30,648,195
2020-03-29,France,NA,Auvergne-Rhone-Alpes,7948287,4,32,652,227
2020-03-30,France,NA,Auvergne-Rhone-Alpes,7948287,85,37,737,264
2020-03-31,France,NA,Auvergne-Rhone-Alpes,7948287,84,31,821,295
2020-04-01,France,NA,Auvergne-Rhone-Alpes,7948287,64,54,885,349
2020-04-02,France,NA,Auvergne-Rhone-Alpes,7948287,58,55,943,404
2020-04-03,France,NA,Auvergne-Rhone-Alpes,7948287,66,44,1009,448
2020-04-04,France,NA,Auvergne-Rhone-Alpes,7948287,12,30,1021,478
2020-04-05,France,NA,Auvergne-Rhone-Alpes,7948287,0,30,1021,508
2020-04-06,France,NA,Auvergne-Rhone-Alpes,7948287,83,47,1104,555
2020-04-07,France,NA,Auvergne-Rhone-Alpes,7948287,100,45,1204,600
2020-04-08,France,NA,Auvergne-Rhone-Alpes,7948287,60,54,1264,654
2020-04-09,France,NA,Auvergne-Rhone-Alpes,7948287,40,31,1304,685
2020-04-10,France,NA,Auvergne-Rhone-Alpes,7948287,92,36,1396,721
2020-04-11,France,NA,Auvergne-Rhone-Alpes,7948287,19,34,1415,755
2020-04-12,France,NA,Auvergne-Rhone-Alpes,7948287,2,18,1417,773
2020-04-13,France,NA,Auvergne-Rhone-Alpes,7948287,74,21,1491,794
2020-04-14,France,NA,Auvergne-Rhone-Alpes,7948287,89,42,1580,836
2020-04-15,France,NA,Auvergne-Rhone-Alpes,7948287,70,49,1650,885
2020-04-16,France,NA,Auvergne-Rhone-Alpes,7948287,68,42,1718,927
2020-04-17,France,NA,Auvergne-Rhone-Alpes,7948287,35,27,1753,954
2020-04-18,France,NA,Auvergne-Rhone-Alpes,7948287,15,38,1768,992
2020-04-19,France,NA,Auvergne-Rhone-Alpes,7948287,0,19,1768,1011
2020-04-20,France,NA,Auvergne-Rhone-Alpes,7948287,39,51,1807,1062
2020-04-21,France,NA,Auvergne-Rhone-Alpes,7948287,25,41,1832,1103
2020-04-22,France,NA,Auvergne-Rhone-Alpes,7948287,34,30,1866,1133
2020-04-23,France,NA,Auvergne-Rhone-Alpes,7948287,87,34,1953,1167
2020-04-24,France,NA,Auvergne-Rhone-Alpes,7948287,23,25,1976,1192
2020-04-25,France,NA,Auvergne-Rhone-Alpes,7948287,4,20,1980,1212
2020-04-26,France,NA,Auvergne-Rhone-Alpes,7948287,2,14,1982,1226
2020-04-27,France,NA,Auvergne-Rhone-Alpes,7948287,24,29,2006,1255
2020-04-28,France,NA,Auvergne-Rhone-Alpes,7948287,32,20,2038,1275
2020-04-29,France,NA,Auvergne-Rhone-Alpes,7948287,12,36,2050,1311
2020-04-30,France,NA,Auvergne-Rhone-Alpes,7948287,2,20,2052,1331
2020-05-01,France,NA,Auvergne-Rhone-Alpes,7948287,1,15,2053,1346
2020-05-02,France,NA,Auvergne-Rhone-Alpes,7948287,0,9,2053,1355
2020-05-03,France,NA,Auvergne-Rhone-Alpes,7948287,1,9,2054,1364
2020-05-04,France,NA,Auvergne-Rhone-Alpes,7948287,20,22,2074,1386
2020-05-05,France,NA,Auvergne-Rhone-Alpes,7948287,16,33,2090,1419
2020-05-06,France,NA,Auvergne-Rhone-Alpes,7948287,6,18,2096,1437
2020-05-07,France,NA,Auvergne-Rhone-Alpes,7948287,12,25,2108,1462
2020-05-08,France,NA,Auvergne-Rhone-Alpes,7948287,1,7,2109,1469
2020-05-09,France,NA,Auvergne-Rhone-Alpes,7948287,1,4,2110,1473
2020-05-10,France,NA,Auvergne-Rhone-Alpes,7948287,1,10,2111,1483
2020-05-11,France,NA,Auvergne-Rhone-Alpes,7948287,5,16,2116,1499
2020-05-12,France,NA,Auvergne-Rhone-Alpes,7948287,7,18,2123,1517
2020-05-13,France,NA,Auvergne-Rhone-Alpes,7948287,57,9,2180,1526
2020-05-14,France,NA,Auvergne-Rhone-Alpes,7948287,103,11,2283,1537
2020-05-15,France,NA,Auvergne-Rhone-Alpes,7948287,79,11,2362,1548
2020-05-16,France,NA,Auvergne-Rhone-Alpes,7948287,25,14,2387,1562
2020-05-17,France,NA,Auvergne-Rhone-Alpes,7948287,13,2,2400,1564
2020-05-18,France,NA,Auvergne-Rhone-Alpes,7948287,73,7,2473,1571
2020-05-19,France,NA,Auvergne-Rhone-Alpes,7948287,72,20,2545,1591
2020-05-20,France,NA,Auvergne-Rhone-Alpes,7948287,60,12,2605,1603
2020-05-21,France,NA,Auvergne-Rhone-Alpes,7948287,15,5,2620,1608
2020-05-22,France,NA,Auvergne-Rhone-Alpes,7948287,73,7,2693,1615
2020-05-23,France,NA,Auvergne-Rhone-Alpes,7948287,22,8,2715,1623
2020-05-24,France,NA,Auvergne-Rhone-Alpes,7948287,2,0,2717,1623
2020-05-25,France,NA,Auvergne-Rhone-Alpes,7948287,43,10,2760,1633
2020-05-26,France,NA,Auvergne-Rhone-Alpes,7948287,42,12,2802,1645
2020-05-27,France,NA,Auvergne-Rhone-Alpes,7948287,47,7,2849,1652
2020-05-28,France,NA,Auvergne-Rhone-Alpes,7948287,51,9,2900,1661
2020-05-29,France,NA,Auvergne-Rhone-Alpes,7948287,51,8,2951,1669
2020-05-30,France,NA,Auvergne-Rhone-Alpes,7948287,22,1,2973,1670
2020-05-31,France,NA,Auvergne-Rhone-Alpes,7948287,3,3,2976,1673
2020-06-01,France,NA,Auvergne-Rhone-Alpes,7948287,16,2,2992,1675
2020-06-02,France,NA,Auvergne-Rhone-Alpes,7948287,49,10,3041,1685
2020-06-03,France,NA,Auvergne-Rhone-Alpes,7948287,38,7,3079,1692
2020-06-04,France,NA,Auvergne-Rhone-Alpes,7948287,27,2,3106,1694
2020-06-05,France,NA,Auvergne-Rhone-Alpes,7948287,27,0,3133,1694
2020-06-06,France,NA,Auvergne-Rhone-Alpes,7948287,20,2,3153,1696
2020-06-07,France,NA,Auvergne-Rhone-Alpes,7948287,7,1,3160,1697
2020-06-08,France,NA,Auvergne-Rhone-Alpes,7948287,39,7,3199,1704
2020-06-09,France,NA,Auvergne-Rhone-Alpes,7948287,25,3,3224,1707
2020-06-10,France,NA,Auvergne-Rhone-Alpes,7948287,33,5,3257,1712
2020-06-11,France,NA,Auvergne-Rhone-Alpes,7948287,51,4,3308,1716
2020-06-12,France,NA,Auvergne-Rhone-Alpes,7948287,41,1,3349,1717
2020-06-13,France,NA,Auvergne-Rhone-Alpes,7948287,7,1,3356,1718
2020-06-14,France,NA,Auvergne-Rhone-Alpes,7948287,10,0,3366,1718
2020-06-15,France,NA,Auvergne-Rhone-Alpes,7948287,33,2,3399,1720
2020-06-16,France,NA,Auvergne-Rhone-Alpes,7948287,29,1,3428,1721
2020-06-17,France,NA,Auvergne-Rhone-Alpes,7948287,41,0,3469,1721
2020-06-18,France,NA,Auvergne-Rhone-Alpes,7948287,36,1,3505,1722
2020-06-19,France,NA,Auvergne-Rhone-Alpes,7948287,40,0,3545,1722
2020-06-20,France,NA,Auvergne-Rhone-Alpes,7948287,28,1,3573,1723
2020-06-21,France,NA,Auvergne-Rhone-Alpes,7948287,2,0,3575,1723
2020-06-22,France,NA,Auvergne-Rhone-Alpes,7948287,32,3,3607,1726
2020-06-23,France,NA,Auvergne-Rhone-Alpes,7948287,33,1,3640,1727
2020-06-24,France,NA,Auvergne-Rhone-Alpes,7948287,47,1,3687,1728
2020-06-25,France,NA,Auvergne-Rhone-Alpes,7948287,34,0,3721,1728
2020-06-26,France,NA,Auvergne-Rhone-Alpes,7948287,48,1,3769,1729
2020-06-27,France,NA,Auvergne-Rhone-Alpes,7948287,28,0,3797,251
2020-06-28,France,NA,Auvergne-Rhone-Alpes,7948287,9,1,3806,252
2020-06-29,France,NA,Auvergne-Rhone-Alpes,7948287,41,0,3847,252
2020-06-30,France,NA,Auvergne-Rhone-Alpes,7948287,41,1485,3888,1737
2020-07-01,France,NA,Auvergne-Rhone-Alpes,7948287,31,0,3919,1737
2020-07-02,France,NA,Auvergne-Rhone-Alpes,7948287,39,1,3958,1738
2020-07-03,France,NA,Auvergne-Rhone-Alpes,7948287,38,2,3996,1740
2020-07-04,France,NA,Auvergne-Rhone-Alpes,7948287,12,0,4008,1740
2020-07-05,France,NA,Auvergne-Rhone-Alpes,7948287,3,1,4011,1741
2020-07-06,France,NA,Auvergne-Rhone-Alpes,7948287,31,1,4042,1742
2020-07-07,France,NA,Auvergne-Rhone-Alpes,7948287,36,0,4078,1742
2020-07-08,France,NA,Auvergne-Rhone-Alpes,7948287,61,1,4139,1743
2020-07-09,France,NA,Auvergne-Rhone-Alpes,7948287,51,2,4190,1745
2020-07-10,France,NA,Auvergne-Rhone-Alpes,7948287,78,2,4268,1747
2020-07-11,France,NA,Auvergne-Rhone-Alpes,7948287,25,0,4293,1747
2020-07-12,France,NA,Auvergne-Rhone-Alpes,7948287,6,0,4299,1747
2020-07-13,France,NA,Auvergne-Rhone-Alpes,7948287,73,0,4372,1747
2020-07-14,France,NA,Auvergne-Rhone-Alpes,7948287,5,0,4377,1747
2020-07-15,France,NA,Auvergne-Rhone-Alpes,7948287,56,1,4433,1748
2020-07-16,France,NA,Auvergne-Rhone-Alpes,7948287,61,0,4494,1748
2020-07-17,France,NA,Auvergne-Rhone-Alpes,7948287,65,1,4559,1749
2020-07-18,France,NA,Auvergne-Rhone-Alpes,7948287,32,0,4591,1749
2020-07-19,France,NA,Auvergne-Rhone-Alpes,7948287,9,1,4600,1750
2020-07-20,France,NA,Auvergne-Rhone-Alpes,7948287,75,2,4675,1752
2020-07-21,France,NA,Auvergne-Rhone-Alpes,7948287,86,0,4761,1752
2020-07-22,France,NA,Auvergne-Rhone-Alpes,7948287,88,0,4849,1752
2020-07-23,France,NA,Auvergne-Rhone-Alpes,7948287,92,2,4941,1754
2020-07-24,France,NA,Auvergne-Rhone-Alpes,7948287,135,2,5076,1756
2020-07-25,France,NA,Auvergne-Rhone-Alpes,7948287,68,1,5144,1757
2020-07-26,France,NA,Auvergne-Rhone-Alpes,7948287,41,0,5185,1757
2020-07-27,France,NA,Auvergne-Rhone-Alpes,7948287,131,1,5316,1758
2020-07-28,France,NA,Auvergne-Rhone-Alpes,7948287,103,1,5419,1759
2020-07-29,France,NA,Auvergne-Rhone-Alpes,7948287,127,0,5546,1759
2020-07-30,France,NA,Auvergne-Rhone-Alpes,7948287,140,1,5686,1760
2020-07-31,France,NA,Auvergne-Rhone-Alpes,7948287,118,0,5804,1760
2020-08-01,France,NA,Auvergne-Rhone-Alpes,7948287,58,0,5862,1760
2020-08-02,France,NA,Auvergne-Rhone-Alpes,7948287,12,0,5874,1760
2020-08-03,France,NA,Auvergne-Rhone-Alpes,7948287,145,1,6019,1761
2020-08-04,France,NA,Auvergne-Rhone-Alpes,7948287,146,0,6165,1761
2020-08-05,France,NA,Auvergne-Rhone-Alpes,7948287,148,0,6313,1761
2020-08-06,France,NA,Auvergne-Rhone-Alpes,7948287,123,0,6436,1761
2020-08-07,France,NA,Auvergne-Rhone-Alpes,7948287,158,0,6594,1761
2020-08-08,France,NA,Auvergne-Rhone-Alpes,7948287,77,0,6671,1761
2020-08-09,France,NA,Auvergne-Rhone-Alpes,7948287,19,0,6690,1761
2020-08-10,France,NA,Auvergne-Rhone-Alpes,7948287,210,0,6900,1761
2020-08-11,France,NA,Auvergne-Rhone-Alpes,7948287,194,2,7094,1763
2020-08-12,France,NA,Auvergne-Rhone-Alpes,7948287,224,2,7318,1765
2020-08-13,France,NA,Auvergne-Rhone-Alpes,7948287,258,1,7576,1766
2020-08-14,France,NA,Auvergne-Rhone-Alpes,7948287,315,1,7891,1767
2020-08-15,France,NA,Auvergne-Rhone-Alpes,7948287,43,1,7934,1768
2020-08-16,France,NA,Auvergne-Rhone-Alpes,7948287,46,0,7980,1768
2020-08-17,France,NA,Auvergne-Rhone-Alpes,7948287,500,3,8480,1771
2020-08-18,France,NA,Auvergne-Rhone-Alpes,7948287,407,0,8887,1771
2020-08-19,France,NA,Auvergne-Rhone-Alpes,7948287,434,1,9321,1772
2020-08-20,France,NA,Auvergne-Rhone-Alpes,7948287,522,0,9843,1772
2020-08-21,France,NA,Auvergne-Rhone-Alpes,7948287,591,0,10434,1772
2020-08-22,France,NA,Auvergne-Rhone-Alpes,7948287,159,0,10593,1771
2020-08-23,France,NA,Auvergne-Rhone-Alpes,7948287,71,0,10664,1771
2020-08-24,France,NA,Auvergne-Rhone-Alpes,7948287,651,3,11315,1774
2020-08-25,France,NA,Auvergne-Rhone-Alpes,7948287,562,2,11877,1776
2020-08-26,France,NA,Auvergne-Rhone-Alpes,7948287,617,0,12494,1776
2020-08-27,France,NA,Auvergne-Rhone-Alpes,7948287,643,0,13137,1776
2020-08-28,France,NA,Auvergne-Rhone-Alpes,7948287,501,1,13638,1777
2020-03-24,France,NA,Bourgogne-Franche-Comte,2811423,43,23,134,85
2020-03-25,France,NA,Bourgogne-Franche-Comte,2811423,46,17,180,102
2020-03-26,France,NA,Bourgogne-Franche-Comte,2811423,43,21,223,123
2020-03-27,France,NA,Bourgogne-Franche-Comte,2811423,38,16,261,139
2020-03-28,France,NA,Bourgogne-Franche-Comte,2811423,16,9,277,148
2020-03-29,France,NA,Bourgogne-Franche-Comte,2811423,0,16,277,164
2020-03-30,France,NA,Bourgogne-Franche-Comte,2811423,38,23,315,187
2020-03-31,France,NA,Bourgogne-Franche-Comte,2811423,51,27,366,214
2020-04-01,France,NA,Bourgogne-Franche-Comte,2811423,45,16,411,230
2020-04-02,France,NA,Bourgogne-Franche-Comte,2811423,52,41,463,271
2020-04-03,France,NA,Bourgogne-Franche-Comte,2811423,58,32,521,303
2020-04-04,France,NA,Bourgogne-Franche-Comte,2811423,3,20,524,323
2020-04-05,France,NA,Bourgogne-Franche-Comte,2811423,0,18,524,341
2020-04-06,France,NA,Bourgogne-Franche-Comte,2811423,76,26,600,367
2020-04-07,France,NA,Bourgogne-Franche-Comte,2811423,46,29,646,396
2020-04-08,France,NA,Bourgogne-Franche-Comte,2811423,56,16,702,412
2020-04-09,France,NA,Bourgogne-Franche-Comte,2811423,77,15,779,427
2020-04-10,France,NA,Bourgogne-Franche-Comte,2811423,82,32,861,459
2020-04-11,France,NA,Bourgogne-Franche-Comte,2811423,5,19,866,478
2020-04-12,France,NA,Bourgogne-Franche-Comte,2811423,2,22,868,500
2020-04-13,France,NA,Bourgogne-Franche-Comte,2811423,6,12,874,512
2020-04-14,France,NA,Bourgogne-Franche-Comte,2811423,71,39,945,551
2020-04-15,France,NA,Bourgogne-Franche-Comte,2811423,59,30,1004,581
2020-04-16,France,NA,Bourgogne-Franche-Comte,2811423,27,26,1031,607
2020-04-17,France,NA,Bourgogne-Franche-Comte,2811423,44,16,1075,623
2020-04-18,France,NA,Bourgogne-Franche-Comte,2811423,5,21,1080,644
2020-04-19,France,NA,Bourgogne-Franche-Comte,2811423,2,13,1082,657
2020-04-20,France,NA,Bourgogne-Franche-Comte,2811423,36,20,1118,677
2020-04-21,France,NA,Bourgogne-Franche-Comte,2811423,34,28,1152,705
2020-04-22,France,NA,Bourgogne-Franche-Comte,2811423,17,16,1169,721
2020-04-23,France,NA,Bourgogne-Franche-Comte,2811423,16,32,1185,753
2020-04-24,France,NA,Bourgogne-Franche-Comte,2811423,17,17,1202,770
2020-04-25,France,NA,Bourgogne-Franche-Comte,2811423,1,16,1203,786
2020-04-26,France,NA,Bourgogne-Franche-Comte,2811423,0,11,1203,797
2020-04-27,France,NA,Bourgogne-Franche-Comte,2811423,8,17,1211,814
2020-04-28,France,NA,Bourgogne-Franche-Comte,2811423,10,5,1221,819
2020-04-29,France,NA,Bourgogne-Franche-Comte,2811423,18,13,1239,832
2020-04-30,France,NA,Bourgogne-Franche-Comte,2811423,13,6,1252,838
2020-05-01,France,NA,Bourgogne-Franche-Comte,2811423,0,5,1252,843
2020-05-02,France,NA,Bourgogne-Franche-Comte,2811423,2,7,1254,850
2020-05-03,France,NA,Bourgogne-Franche-Comte,2811423,0,6,1254,856
2020-05-04,France,NA,Bourgogne-Franche-Comte,2811423,8,13,1262,869
2020-05-05,France,NA,Bourgogne-Franche-Comte,2811423,11,15,1273,884
2020-05-06,France,NA,Bourgogne-Franche-Comte,2811423,12,12,1285,896
2020-05-07,France,NA,Bourgogne-Franche-Comte,2811423,10,10,1295,906
2020-05-08,France,NA,Bourgogne-Franche-Comte,2811423,0,8,1295,914
2020-05-09,France,NA,Bourgogne-Franche-Comte,2811423,0,7,1295,921
2020-05-10,France,NA,Bourgogne-Franche-Comte,2811423,0,5,1295,926
2020-05-11,France,NA,Bourgogne-Franche-Comte,2811423,13,13,1308,939
2020-05-12,France,NA,Bourgogne-Franche-Comte,2811423,1,8,1309,947
2020-05-13,France,NA,Bourgogne-Franche-Comte,2811423,20,6,1329,953
2020-05-14,France,NA,Bourgogne-Franche-Comte,2811423,33,3,1362,956
2020-05-15,France,NA,Bourgogne-Franche-Comte,2811423,64,2,1426,958
2020-05-16,France,NA,Bourgogne-Franche-Comte,2811423,23,1,1449,959
2020-05-17,France,NA,Bourgogne-Franche-Comte,2811423,8,0,1457,959
2020-05-18,France,NA,Bourgogne-Franche-Comte,2811423,41,10,1498,969
2020-05-19,France,NA,Bourgogne-Franche-Comte,2811423,38,9,1536,978
2020-05-20,France,NA,Bourgogne-Franche-Comte,2811423,30,2,1566,980
2020-05-21,France,NA,Bourgogne-Franche-Comte,2811423,5,3,1571,983
2020-05-22,France,NA,Bourgogne-Franche-Comte,2811423,35,5,1606,988
2020-05-23,France,NA,Bourgogne-Franche-Comte,2811423,12,0,1618,988
2020-05-24,France,NA,Bourgogne-Franche-Comte,2811423,6,2,1624,990
2020-05-25,France,NA,Bourgogne-Franche-Comte,2811423,22,4,1646,994
2020-05-26,France,NA,Bourgogne-Franche-Comte,2811423,11,3,1657,997
2020-05-27,France,NA,Bourgogne-Franche-Comte,2811423,15,4,1672,1001
2020-05-28,France,NA,Bourgogne-Franche-Comte,2811423,13,3,1685,1004
2020-05-29,France,NA,Bourgogne-Franche-Comte,2811423,8,4,1693,1008
2020-05-30,France,NA,Bourgogne-Franche-Comte,2811423,12,1,1705,1009
2020-05-31,France,NA,Bourgogne-Franche-Comte,2811423,4,1,1709,1010
2020-06-01,France,NA,Bourgogne-Franche-Comte,2811423,3,1,1712,1011
2020-06-02,France,NA,Bourgogne-Franche-Comte,2811423,26,2,1738,1013
2020-06-03,France,NA,Bourgogne-Franche-Comte,2811423,15,4,1753,1017
2020-06-04,France,NA,Bourgogne-Franche-Comte,2811423,13,5,1766,1022
2020-06-05,France,NA,Bourgogne-Franche-Comte,2811423,12,0,1778,1022
2020-06-06,France,NA,Bourgogne-Franche-Comte,2811423,8,0,1786,1022
2020-06-07,France,NA,Bourgogne-Franche-Comte,2811423,0,0,1786,1022
2020-06-08,France,NA,Bourgogne-Franche-Comte,2811423,9,1,1795,1023
2020-06-09,France,NA,Bourgogne-Franche-Comte,2811423,9,4,1804,1027
2020-06-10,France,NA,Bourgogne-Franche-Comte,2811423,18,4,1822,1031
2020-06-11,France,NA,Bourgogne-Franche-Comte,2811423,8,0,1830,1031
2020-06-12,France,NA,Bourgogne-Franche-Comte,2811423,15,0,1845,1030
2020-06-13,France,NA,Bourgogne-Franche-Comte,2811423,1,2,1846,1032
2020-06-14,France,NA,Bourgogne-Franche-Comte,2811423,3,0,1849,1032
2020-06-15,France,NA,Bourgogne-Franche-Comte,2811423,9,0,1858,1032
2020-06-16,France,NA,Bourgogne-Franche-Comte,2811423,9,0,1867,1032
2020-06-17,France,NA,Bourgogne-Franche-Comte,2811423,9,1,1876,1033
2020-06-18,France,NA,Bourgogne-Franche-Comte,2811423,8,1,1884,1034
2020-06-19,France,NA,Bourgogne-Franche-Comte,2811423,13,0,1897,1034
2020-06-20,France,NA,Bourgogne-Franche-Comte,2811423,2,0,1899,1034
2020-06-21,France,NA,Bourgogne-Franche-Comte,2811423,2,0,1901,1034
2020-06-22,France,NA,Bourgogne-Franche-Comte,2811423,7,1,1908,1035
2020-06-23,France,NA,Bourgogne-Franche-Comte,2811423,9,0,1917,1035
2020-06-24,France,NA,Bourgogne-Franche-Comte,2811423,11,1,1928,1036
2020-06-25,France,NA,Bourgogne-Franche-Comte,2811423,8,1,1936,1037
2020-06-26,France,NA,Bourgogne-Franche-Comte,2811423,7,0,1943,1037
2020-06-27,France,NA,Bourgogne-Franche-Comte,2811423,8,0,1951,1037
2020-06-28,France,NA,Bourgogne-Franche-Comte,2811423,7,0,1958,1037
2020-06-29,France,NA,Bourgogne-Franche-Comte,2811423,13,1,1971,1038
2020-06-30,France,NA,Bourgogne-Franche-Comte,2811423,15,0,1986,1038
2020-07-01,France,NA,Bourgogne-Franche-Comte,2811423,20,3,2006,1041
2020-07-02,France,NA,Bourgogne-Franche-Comte,2811423,8,1,2014,1042
2020-07-03,France,NA,Bourgogne-Franche-Comte,2811423,6,0,2020,1042
2020-07-04,France,NA,Bourgogne-Franche-Comte,2811423,8,0,2028,1042
2020-07-05,France,NA,Bourgogne-Franche-Comte,2811423,3,0,2031,1042
2020-07-06,France,NA,Bourgogne-Franche-Comte,2811423,9,0,2040,1042
2020-07-07,France,NA,Bourgogne-Franche-Comte,2811423,14,2,2054,1044
2020-07-08,France,NA,Bourgogne-Franche-Comte,2811423,17,0,2071,1044
2020-07-09,France,NA,Bourgogne-Franche-Comte,2811423,18,1,2089,1045
2020-07-10,France,NA,Bourgogne-Franche-Comte,2811423,14,12,2103,1057
2020-07-11,France,NA,Bourgogne-Franche-Comte,2811423,11,0,2114,1057
2020-07-12,France,NA,Bourgogne-Franche-Comte,2811423,6,0,2120,1057
2020-07-13,France,NA,Bourgogne-Franche-Comte,2811423,14,1,2134,1058
2020-07-14,France,NA,Bourgogne-Franche-Comte,2811423,4,0,2138,1058
2020-07-15,France,NA,Bourgogne-Franche-Comte,2811423,13,2,2151,1060
2020-07-16,France,NA,Bourgogne-Franche-Comte,2811423,11,0,2162,1060
2020-07-17,France,NA,Bourgogne-Franche-Comte,2811423,21,1,2183,1061
2020-07-18,France,NA,Bourgogne-Franche-Comte,2811423,5,0,2188,1061
2020-07-19,France,NA,Bourgogne-Franche-Comte,2811423,5,0,2193,1061
2020-07-20,France,NA,Bourgogne-Franche-Comte,2811423,20,0,2213,1061
2020-07-21,France,NA,Bourgogne-Franche-Comte,2811423,11,0,2224,1061
2020-07-22,France,NA,Bourgogne-Franche-Comte,2811423,8,0,2232,1061
2020-07-23,France,NA,Bourgogne-Franche-Comte,2811423,23,0,2255,1060
2020-07-24,France,NA,Bourgogne-Franche-Comte,2811423,22,1,2277,1061
2020-07-25,France,NA,Bourgogne-Franche-Comte,2811423,10,0,2287,1061
2020-07-26,France,NA,Bourgogne-Franche-Comte,2811423,7,0,2294,1061
2020-07-27,France,NA,Bourgogne-Franche-Comte,2811423,28,0,2322,1061
2020-07-28,France,NA,Bourgogne-Franche-Comte,2811423,12,0,2334,1061
2020-07-29,France,NA,Bourgogne-Franche-Comte,2811423,19,0,2353,1061
2020-07-30,France,NA,Bourgogne-Franche-Comte,2811423,20,0,2373,1061
2020-07-31,France,NA,Bourgogne-Franche-Comte,2811423,23,0,2396,1061
2020-08-01,France,NA,Bourgogne-Franche-Comte,2811423,8,0,2404,1061
2020-08-02,France,NA,Bourgogne-Franche-Comte,2811423,5,0,2409,1061
2020-08-03,France,NA,Bourgogne-Franche-Comte,2811423,31,0,2440,1061
2020-08-04,France,NA,Bourgogne-Franche-Comte,2811423,17,0,2457,1061
2020-08-05,France,NA,Bourgogne-Franche-Comte,2811423,33,1,2490,1062
2020-08-06,France,NA,Bourgogne-Franche-Comte,2811423,31,0,2521,1062
2020-08-07,France,NA,Bourgogne-Franche-Comte,2811423,33,0,2554,1062
2020-08-08,France,NA,Bourgogne-Franche-Comte,2811423,19,0,2573,1062
2020-08-09,France,NA,Bourgogne-Franche-Comte,2811423,4,0,2577,1062
2020-08-10,France,NA,Bourgogne-Franche-Comte,2811423,39,0,2616,1062
2020-08-11,France,NA,Bourgogne-Franche-Comte,2811423,38,0,2654,1062
2020-08-12,France,NA,Bourgogne-Franche-Comte,2811423,43,0,2697,1062
2020-08-13,France,NA,Bourgogne-Franche-Comte,2811423,47,0,2744,1062
2020-08-14,France,NA,Bourgogne-Franche-Comte,2811423,60,0,2804,1062
2020-08-15,France,NA,Bourgogne-Franche-Comte,2811423,22,0,2826,1062
2020-08-16,France,NA,Bourgogne-Franche-Comte,2811423,23,0,2849,1062
2020-08-17,France,NA,Bourgogne-Franche-Comte,2811423,98,1,2947,1063
2020-08-18,France,NA,Bourgogne-Franche-Comte,2811423,94,0,3041,1063
2020-08-19,France,NA,Bourgogne-Franche-Comte,2811423,82,1,3123,1064
2020-08-20,France,NA,Bourgogne-Franche-Comte,2811423,85,0,3208,1064
2020-08-21,France,NA,Bourgogne-Franche-Comte,2811423,116,0,3324,1064
2020-08-22,France,NA,Bourgogne-Franche-Comte,2811423,65,0,3389,1064
2020-08-23,France,NA,Bourgogne-Franche-Comte,2811423,36,0,3425,1064
2020-08-24,France,NA,Bourgogne-Franche-Comte,2811423,146,1,3571,1065
2020-08-25,France,NA,Bourgogne-Franche-Comte,2811423,127,0,3698,1065
2020-08-26,France,NA,Bourgogne-Franche-Comte,2811423,145,0,3843,1065
2020-08-27,France,NA,Bourgogne-Franche-Comte,2811423,156,0,3999,1065
2020-08-28,France,NA,Bourgogne-Franche-Comte,2811423,140,0,4139,1065
2020-05-15,France,NA,Brittany,3318904,81,1,131,233
2020-05-16,France,NA,Brittany,3318904,17,2,148,235
2020-05-17,France,NA,Brittany,3318904,3,1,151,236
2020-05-18,France,NA,Brittany,3318904,24,3,175,239
2020-05-19,France,NA,Brittany,3318904,53,1,228,240
2020-05-20,France,NA,Brittany,3318904,37,0,265,240
2020-05-21,France,NA,Brittany,3318904,28,1,293,241
2020-05-22,France,NA,Brittany,3318904,27,1,320,242
2020-05-23,France,NA,Brittany,3318904,11,0,331,242
2020-05-24,France,NA,Brittany,3318904,7,0,338,242
2020-05-25,France,NA,Brittany,3318904,21,2,359,244
2020-05-26,France,NA,Brittany,3318904,18,2,377,246
2020-05-27,France,NA,Brittany,3318904,21,2,398,248
2020-05-28,France,NA,Brittany,3318904,18,1,416,249
2020-05-29,France,NA,Brittany,3318904,6,0,422,249
2020-05-30,France,NA,Brittany,3318904,7,0,429,249
2020-05-31,France,NA,Brittany,3318904,4,0,433,249
2020-06-01,France,NA,Brittany,3318904,1,2,434,251
2020-06-02,France,NA,Brittany,3318904,8,1,442,252
2020-06-03,France,NA,Brittany,3318904,7,1,449,253
2020-06-04,France,NA,Brittany,3318904,5,1,454,254
2020-06-05,France,NA,Brittany,3318904,5,1,459,255
2020-06-06,France,NA,Brittany,3318904,5,0,464,255
2020-06-07,France,NA,Brittany,3318904,1,0,465,255
2020-06-08,France,NA,Brittany,3318904,6,0,471,255
2020-06-09,France,NA,Brittany,3318904,5,0,476,255
2020-06-10,France,NA,Brittany,3318904,5,0,481,255
2020-06-11,France,NA,Brittany,3318904,0,0,481,255
2020-06-12,France,NA,Brittany,3318904,3,1,484,256
2020-06-13,France,NA,Brittany,3318904,0,0,484,256
2020-06-14,France,NA,Brittany,3318904,1,1,485,257
2020-06-15,France,NA,Brittany,3318904,3,0,488,257
2020-06-16,France,NA,Brittany,3318904,5,0,493,257
2020-06-17,France,NA,Brittany,3318904,6,0,499,257
2020-06-18,France,NA,Brittany,3318904,3,0,502,257
2020-06-19,France,NA,Brittany,3318904,4,0,506,257
2020-06-20,France,NA,Brittany,3318904,0,0,506,257
2020-06-21,France,NA,Brittany,3318904,1,0,507,257
2020-06-22,France,NA,Brittany,3318904,5,0,512,257
2020-06-23,France,NA,Brittany,3318904,5,1,517,258
2020-06-24,France,NA,Brittany,3318904,4,0,521,258
2020-06-25,France,NA,Brittany,3318904,7,0,528,258
2020-06-26,France,NA,Brittany,3318904,6,1,534,259
2020-06-27,France,NA,Brittany,3318904,2,0,536,259
2020-06-28,France,NA,Brittany,3318904,1,0,537,259
2020-06-29,France,NA,Brittany,3318904,3,0,540,259
2020-06-30,France,NA,Brittany,3318904,7,0,547,259
2020-07-01,France,NA,Brittany,3318904,4,0,551,259
2020-07-02,France,NA,Brittany,3318904,3,1,554,260
2020-07-03,France,NA,Brittany,3318904,9,0,563,260
2020-07-04,France,NA,Brittany,3318904,2,0,565,260
2020-07-05,France,NA,Brittany,3318904,0,0,565,260
2020-07-06,France,NA,Brittany,3318904,5,0,570,260
2020-07-07,France,NA,Brittany,3318904,3,0,573,260
2020-07-08,France,NA,Brittany,3318904,13,0,586,260
2020-07-09,France,NA,Brittany,3318904,12,0,598,260
2020-07-10,France,NA,Brittany,3318904,49,0,647,260
2020-07-11,France,NA,Brittany,3318904,12,0,659,260
2020-07-12,France,NA,Brittany,3318904,3,0,662,260
2020-07-13,France,NA,Brittany,3318904,55,0,717,260
2020-07-14,France,NA,Brittany,3318904,0,0,717,260
2020-07-15,France,NA,Brittany,3318904,91,0,808,260
2020-07-16,France,NA,Brittany,3318904,55,1,863,261
2020-07-17,France,NA,Brittany,3318904,27,1,890,262
2020-07-18,France,NA,Brittany,3318904,9,0,899,262
2020-07-19,France,NA,Brittany,3318904,1,0,900,262
2020-07-20,France,NA,Brittany,3318904,26,0,926,262
2020-07-21,France,NA,Brittany,3318904,17,0,943,262
2020-07-22,France,NA,Brittany,3318904,42,0,985,262
2020-07-23,France,NA,Brittany,3318904,31,0,1016,262
2020-07-24,France,NA,Brittany,3318904,56,1,1072,263
2020-07-25,France,NA,Brittany,3318904,49,0,1121,263
2020-07-26,France,NA,Brittany,3318904,10,0,1131,263
2020-07-27,France,NA,Brittany,3318904,54,1,1185,264
2020-07-28,France,NA,Brittany,3318904,71,1,1256,265
2020-07-29,France,NA,Brittany,3318904,33,1,1289,266
2020-07-30,France,NA,Brittany,3318904,35,1,1324,267
2020-07-31,France,NA,Brittany,3318904,60,0,1384,267
2020-08-01,France,NA,Brittany,3318904,21,0,1405,267
2020-08-02,France,NA,Brittany,3318904,12,0,1417,267
2020-08-03,France,NA,Brittany,3318904,79,0,1496,267
2020-08-04,France,NA,Brittany,3318904,74,0,1570,267
2020-08-05,France,NA,Brittany,3318904,86,0,1656,267
2020-08-06,France,NA,Brittany,3318904,50,0,1706,267
2020-08-07,France,NA,Brittany,3318904,72,1,1778,268
2020-08-08,France,NA,Brittany,3318904,30,0,1808,268
2020-08-09,France,NA,Brittany,3318904,10,0,1818,268
2020-08-10,France,NA,Brittany,3318904,58,0,1876,268
2020-08-11,France,NA,Brittany,3318904,56,0,1932,268
2020-08-12,France,NA,Brittany,3318904,47,0,1979,268
2020-08-13,France,NA,Brittany,3318904,67,0,2046,268
2020-08-14,France,NA,Brittany,3318904,105,0,2151,268
2020-08-15,France,NA,Brittany,3318904,9,0,2160,268
2020-08-16,France,NA,Brittany,3318904,17,0,2177,268
2020-08-17,France,NA,Brittany,3318904,96,0,2273,268
2020-08-18,France,NA,Brittany,3318904,110,0,2383,268
2020-08-19,France,NA,Brittany,3318904,95,0,2478,268
2020-08-20,France,NA,Brittany,3318904,101,0,2579,268
2020-08-21,France,NA,Brittany,3318904,91,0,2670,268
2020-08-22,France,NA,Brittany,3318904,62,1,2732,269
2020-08-23,France,NA,Brittany,3318904,22,0,2754,269
2020-08-24,France,NA,Brittany,3318904,117,0,2871,269
2020-08-25,France,NA,Brittany,3318904,121,0,2992,269
2020-08-26,France,NA,Brittany,3318904,120,0,3112,269
2020-08-27,France,NA,Brittany,3318904,114,0,3226,269
2020-08-28,France,NA,Brittany,3318904,104,0,3330,269
2020-03-24,France,NA,Centre-Val de Loire,2576252,61,1,159,9
2020-03-25,France,NA,Centre-Val de Loire,2576252,62,4,221,13
2020-03-26,France,NA,Centre-Val de Loire,2576252,69,7,290,20
2020-03-27,France,NA,Centre-Val de Loire,2576252,78,6,368,26
2020-03-28,France,NA,Centre-Val de Loire,2576252,26,9,394,35
2020-03-29,France,NA,Centre-Val de Loire,2576252,5,4,399,39
2020-03-30,France,NA,Centre-Val de Loire,2576252,81,14,480,53
2020-03-31,France,NA,Centre-Val de Loire,2576252,90,7,570,60
2020-04-01,France,NA,Centre-Val de Loire,2576252,78,17,648,77
2020-04-02,France,NA,Centre-Val de Loire,2576252,82,7,730,84
2020-04-03,France,NA,Centre-Val de Loire,2576252,73,14,803,98
2020-04-04,France,NA,Centre-Val de Loire,2576252,7,8,810,106
2020-04-05,France,NA,Centre-Val de Loire,2576252,0,9,810,115
2020-04-06,France,NA,Centre-Val de Loire,2576252,96,17,906,132
2020-04-07,France,NA,Centre-Val de Loire,2576252,93,8,999,140
2020-04-08,France,NA,Centre-Val de Loire,2576252,106,14,1105,154
2020-04-09,France,NA,Centre-Val de Loire,2576252,87,10,1192,164
2020-04-10,France,NA,Centre-Val de Loire,2576252,154,15,1346,179
2020-04-11,France,NA,Centre-Val de Loire,2576252,12,14,1358,193
2020-04-12,France,NA,Centre-Val de Loire,2576252,1,8,1359,201
2020-04-13,France,NA,Centre-Val de Loire,2576252,1,13,1360,214
2020-04-14,France,NA,Centre-Val de Loire,2576252,42,13,1402,227
2020-04-15,France,NA,Centre-Val de Loire,2576252,47,18,1449,245
2020-04-16,France,NA,Centre-Val de Loire,2576252,31,7,1480,252
2020-04-17,France,NA,Centre-Val de Loire,2576252,35,12,1515,264
2020-04-18,France,NA,Centre-Val de Loire,2576252,1,12,1516,276
2020-04-19,France,NA,Centre-Val de Loire,2576252,1,8,1517,284
2020-04-20,France,NA,Centre-Val de Loire,2576252,26,14,1543,298
2020-04-21,France,NA,Centre-Val de Loire,2576252,33,10,1576,308
2020-04-22,France,NA,Centre-Val de Loire,2576252,21,20,1597,328
2020-04-23,France,NA,Centre-Val de Loire,2576252,47,6,1644,334
2020-04-24,France,NA,Centre-Val de Loire,2576252,20,9,1664,343
2020-04-25,France,NA,Centre-Val de Loire,2576252,3,5,1667,348
2020-04-26,France,NA,Centre-Val de Loire,2576252,0,7,1667,355
2020-04-27,France,NA,Centre-Val de Loire,2576252,11,12,1678,367
2020-04-28,France,NA,Centre-Val de Loire,2576252,15,3,1693,370
2020-04-29,France,NA,Centre-Val de Loire,2576252,15,13,1708,383
2020-04-30,France,NA,Centre-Val de Loire,2576252,11,5,1719,388
2020-05-01,France,NA,Centre-Val de Loire,2576252,0,7,1719,395
2020-05-02,France,NA,Centre-Val de Loire,2576252,2,2,1721,397
2020-05-03,France,NA,Centre-Val de Loire,2576252,0,4,1721,401
2020-05-04,France,NA,Centre-Val de Loire,2576252,21,10,1742,411
2020-05-05,France,NA,Centre-Val de Loire,2576252,17,10,1759,421
2020-05-06,France,NA,Centre-Val de Loire,2576252,8,8,1767,429
2020-05-07,France,NA,Centre-Val de Loire,2576252,6,5,1773,434
2020-05-08,France,NA,Centre-Val de Loire,2576252,4,5,1777,439
2020-05-09,France,NA,Centre-Val de Loire,2576252,0,2,1777,441
2020-05-10,France,NA,Centre-Val de Loire,2576252,0,3,1777,444
2020-05-11,France,NA,Centre-Val de Loire,2576252,25,5,1802,449
2020-05-12,France,NA,Centre-Val de Loire,2576252,2,5,1804,454
2020-05-13,France,NA,Centre-Val de Loire,2576252,30,2,1834,456
2020-05-14,France,NA,Centre-Val de Loire,2576252,33,5,1867,461
2020-05-15,France,NA,Centre-Val de Loire,2576252,54,7,1921,468
2020-05-16,France,NA,Centre-Val de Loire,2576252,35,3,1956,471
2020-05-17,France,NA,Centre-Val de Loire,2576252,17,2,1973,473
2020-05-18,France,NA,Centre-Val de Loire,2576252,51,4,2024,477
2020-05-19,France,NA,Centre-Val de Loire,2576252,45,6,2069,483
2020-05-20,France,NA,Centre-Val de Loire,2576252,53,7,2122,490
2020-05-21,France,NA,Centre-Val de Loire,2576252,11,2,2133,492
2020-05-22,France,NA,Centre-Val de Loire,2576252,19,1,2152,493
2020-05-23,France,NA,Centre-Val de Loire,2576252,7,2,2159,495
2020-05-24,France,NA,Centre-Val de Loire,2576252,9,1,2168,496
2020-05-25,France,NA,Centre-Val de Loire,2576252,31,3,2199,499
2020-05-26,France,NA,Centre-Val de Loire,2576252,24,2,2223,501
2020-05-27,France,NA,Centre-Val de Loire,2576252,16,1,2239,502
2020-05-28,France,NA,Centre-Val de Loire,2576252,44,0,2283,502
2020-05-29,France,NA,Centre-Val de Loire,2576252,28,5,2311,507
2020-05-30,France,NA,Centre-Val de Loire,2576252,5,0,2316,507
2020-05-31,France,NA,Centre-Val de Loire,2576252,6,1,2322,508
2020-06-01,France,NA,Centre-Val de Loire,2576252,2,1,2324,509
2020-06-02,France,NA,Centre-Val de Loire,2576252,12,1,2336,510
2020-06-03,France,NA,Centre-Val de Loire,2576252,15,5,2351,515
2020-06-04,France,NA,Centre-Val de Loire,2576252,19,3,2370,518
2020-06-05,France,NA,Centre-Val de Loire,2576252,10,0,2380,518
2020-06-06,France,NA,Centre-Val de Loire,2576252,2,0,2382,518
2020-06-07,France,NA,Centre-Val de Loire,2576252,0,1,2382,519
2020-06-08,France,NA,Centre-Val de Loire,2576252,13,3,2395,522
2020-06-09,France,NA,Centre-Val de Loire,2576252,16,1,2411,523
2020-06-10,France,NA,Centre-Val de Loire,2576252,9,1,2420,524
2020-06-11,France,NA,Centre-Val de Loire,2576252,13,1,2433,525
2020-06-12,France,NA,Centre-Val de Loire,2576252,9,2,2442,527
2020-06-13,France,NA,Centre-Val de Loire,2576252,6,1,2448,528
2020-06-14,France,NA,Centre-Val de Loire,2576252,2,0,2450,528
2020-06-15,France,NA,Centre-Val de Loire,2576252,13,0,2463,528
2020-06-16,France,NA,Centre-Val de Loire,2576252,7,0,2470,528
2020-06-17,France,NA,Centre-Val de Loire,2576252,11,6,2481,534
2020-06-18,France,NA,Centre-Val de Loire,2576252,8,7,2489,541
2020-06-19,France,NA,Centre-Val de Loire,2576252,20,2,2509,543
2020-06-20,France,NA,Centre-Val de Loire,2576252,11,0,2520,543
2020-06-21,France,NA,Centre-Val de Loire,2576252,1,0,2521,543
2020-06-22,France,NA,Centre-Val de Loire,2576252,7,0,2528,543
2020-06-23,France,NA,Centre-Val de Loire,2576252,12,0,2540,543
2020-06-24,France,NA,Centre-Val de Loire,2576252,5,0,2545,543
2020-06-25,France,NA,Centre-Val de Loire,2576252,5,1,2550,544
2020-06-26,France,NA,Centre-Val de Loire,2576252,18,1,2568,545
2020-06-27,France,NA,Centre-Val de Loire,2576252,6,0,2574,545
2020-06-28,France,NA,Centre-Val de Loire,2576252,4,0,2578,545
2020-06-29,France,NA,Centre-Val de Loire,2576252,16,0,2594,545
2020-06-30,France,NA,Centre-Val de Loire,2576252,13,1,2607,546
2020-07-01,France,NA,Centre-Val de Loire,2576252,13,1,2620,547
2020-07-02,France,NA,Centre-Val de Loire,2576252,17,0,2637,547
2020-07-03,France,NA,Centre-Val de Loire,2576252,7,0,2644,547
2020-07-04,France,NA,Centre-Val de Loire,2576252,2,1,2646,548
2020-07-05,France,NA,Centre-Val de Loire,2576252,2,0,2648,548
2020-07-06,France,NA,Centre-Val de Loire,2576252,29,0,2677,548
2020-07-07,France,NA,Centre-Val de Loire,2576252,8,0,2685,548
2020-07-08,France,NA,Centre-Val de Loire,2576252,7,1,2692,549
2020-07-09,France,NA,Centre-Val de Loire,2576252,7,1,2699,550
2020-07-10,France,NA,Centre-Val de Loire,2576252,9,3,2708,553
2020-07-11,France,NA,Centre-Val de Loire,2576252,1,0,2709,553
2020-07-12,France,NA,Centre-Val de Loire,2576252,2,0,2711,553
2020-07-13,France,NA,Centre-Val de Loire,2576252,6,0,2717,553
2020-07-14,France,NA,Centre-Val de Loire,2576252,1,0,2718,553
2020-07-15,France,NA,Centre-Val de Loire,2576252,3,0,2721,553
2020-07-16,France,NA,Centre-Val de Loire,2576252,8,2,2729,555
2020-07-17,France,NA,Centre-Val de Loire,2576252,13,0,2742,555
2020-07-18,France,NA,Centre-Val de Loire,2576252,4,0,2746,555
2020-07-19,France,NA,Centre-Val de Loire,2576252,2,0,2748,555
2020-07-20,France,NA,Centre-Val de Loire,2576252,17,0,2765,555
2020-07-21,France,NA,Centre-Val de Loire,2576252,15,0,2780,555
2020-07-22,France,NA,Centre-Val de Loire,2576252,32,1,2812,556
2020-07-23,France,NA,Centre-Val de Loire,2576252,30,1,2842,557
2020-07-24,France,NA,Centre-Val de Loire,2576252,37,0,2879,557
2020-07-25,France,NA,Centre-Val de Loire,2576252,16,0,2895,557
2020-07-26,France,NA,Centre-Val de Loire,2576252,4,0,2899,557
2020-07-27,France,NA,Centre-Val de Loire,2576252,34,0,2933,557
2020-07-28,France,NA,Centre-Val de Loire,2576252,36,0,2969,557
2020-07-29,France,NA,Centre-Val de Loire,2576252,25,0,2994,557
2020-07-30,France,NA,Centre-Val de Loire,2576252,40,0,3034,557
2020-07-31,France,NA,Centre-Val de Loire,2576252,43,2,3077,559
2020-08-01,France,NA,Centre-Val de Loire,2576252,12,0,3089,559
2020-08-02,France,NA,Centre-Val de Loire,2576252,5,0,3094,559
2020-08-03,France,NA,Centre-Val de Loire,2576252,40,0,3134,559
2020-08-04,France,NA,Centre-Val de Loire,2576252,39,0,3173,559
2020-08-05,France,NA,Centre-Val de Loire,2576252,28,0,3201,559
2020-08-06,France,NA,Centre-Val de Loire,2576252,65,1,3266,560
2020-08-07,France,NA,Centre-Val de Loire,2576252,56,0,3322,560
2020-08-08,France,NA,Centre-Val de Loire,2576252,35,0,3357,560
2020-08-09,France,NA,Centre-Val de Loire,2576252,2,0,3359,560
2020-08-10,France,NA,Centre-Val de Loire,2576252,74,0,3433,560
2020-08-11,France,NA,Centre-Val de Loire,2576252,56,2,3489,562
2020-08-12,France,NA,Centre-Val de Loire,2576252,79,1,3568,563
2020-08-13,France,NA,Centre-Val de Loire,2576252,117,3,3685,566
2020-08-14,France,NA,Centre-Val de Loire,2576252,123,3,3808,569
2020-08-15,France,NA,Centre-Val de Loire,2576252,25,0,3833,569
2020-08-16,France,NA,Centre-Val de Loire,2576252,26,0,3859,569
2020-08-17,France,NA,Centre-Val de Loire,2576252,166,0,4025,569
2020-08-18,France,NA,Centre-Val de Loire,2576252,138,0,4163,569
2020-08-19,France,NA,Centre-Val de Loire,2576252,70,1,4233,570
2020-08-20,France,NA,Centre-Val de Loire,2576252,127,0,4360,570
2020-08-21,France,NA,Centre-Val de Loire,2576252,128,1,4488,571
2020-08-22,France,NA,Centre-Val de Loire,2576252,56,0,4544,571
2020-08-23,France,NA,Centre-Val de Loire,2576252,15,0,4559,571
2020-08-24,France,NA,Centre-Val de Loire,2576252,164,1,4723,572
2020-08-25,France,NA,Centre-Val de Loire,2576252,135,1,4858,573
2020-08-26,France,NA,Centre-Val de Loire,2576252,130,1,4988,574
2020-08-27,France,NA,Centre-Val de Loire,2576252,153,0,5141,574
2020-08-28,France,NA,Centre-Val de Loire,2576252,97,0,5238,574
2020-08-06,France,NA,Corsica,334938,4,0,102,59
2020-08-07,France,NA,Corsica,334938,1,0,103,59
2020-08-08,France,NA,Corsica,334938,1,0,104,59
2020-08-09,France,NA,Corsica,334938,1,0,105,59
2020-08-10,France,NA,Corsica,334938,4,0,109,59
2020-08-11,France,NA,Corsica,334938,1,0,110,59
2020-08-12,France,NA,Corsica,334938,4,0,114,59
2020-08-13,France,NA,Corsica,334938,1,0,115,59
2020-08-14,France,NA,Corsica,334938,6,0,121,59
2020-08-15,France,NA,Corsica,334938,0,0,121,59
2020-08-16,France,NA,Corsica,334938,0,0,121,59
2020-08-17,France,NA,Corsica,334938,9,0,130,59
2020-08-18,France,NA,Corsica,334938,6,0,136,59
2020-08-19,France,NA,Corsica,334938,7,0,143,59
2020-08-20,France,NA,Corsica,334938,7,0,150,59
2020-08-21,France,NA,Corsica,334938,6,0,156,59
2020-08-22,France,NA,Corsica,334938,5,0,161,59
2020-08-23,France,NA,Corsica,334938,0,0,161,59
2020-08-24,France,NA,Corsica,334938,32,0,193,59
2020-08-25,France,NA,Corsica,334938,22,0,215,59
2020-08-26,France,NA,Corsica,334938,36,0,251,59
2020-08-27,France,NA,Corsica,334938,50,0,301,59
2020-08-28,France,NA,Corsica,334938,36,0,337,59
2020-03-19,France,NA,Grand Est,5549586,36,28,108,148
2020-03-20,France,NA,Grand Est,5549586,41,35,149,183
2020-03-21,France,NA,Grand Est,5549586,4,26,153,209
2020-03-22,France,NA,Grand Est,5549586,4,43,157,252
2020-03-23,France,NA,Grand Est,5549586,42,75,199,327
2020-03-24,France,NA,Grand Est,5549586,112,80,311,407
2020-03-25,France,NA,Grand Est,5549586,123,98,434,505
2020-03-26,France,NA,Grand Est,5549586,135,79,569,584
2020-03-27,France,NA,Grand Est,5549586,186,73,755,657
2020-03-28,France,NA,Grand Est,5549586,39,96,794,753
2020-03-29,France,NA,Grand Est,5549586,12,62,806,815
2020-03-30,France,NA,Grand Est,5549586,196,104,1002,919
2020-03-31,France,NA,Grand Est,5549586,253,96,1255,1015
2020-04-01,France,NA,Grand Est,5549586,206,111,1461,1126
2020-04-02,France,NA,Grand Est,5549586,211,52,1672,1178
2020-04-03,France,NA,Grand Est,5549586,197,133,1869,1311
2020-04-04,France,NA,Grand Est,5549586,15,91,1884,1402
2020-04-05,France,NA,Grand Est,5549586,2,69,1886,1471
2020-04-06,France,NA,Grand Est,5549586,126,103,2012,1574
2020-04-07,France,NA,Grand Est,5549586,116,100,2128,1674
2020-04-08,France,NA,Grand Est,5549586,256,107,2384,1781
2020-04-09,France,NA,Grand Est,5549586,205,73,2589,1854
2020-04-10,France,NA,Grand Est,5549586,79,98,2668,1952
2020-04-11,France,NA,Grand Est,5549586,15,56,2683,2008
2020-04-12,France,NA,Grand Est,5549586,1,56,2684,2064
2020-04-13,France,NA,Grand Est,5549586,3,41,2687,2105
2020-04-14,France,NA,Grand Est,5549586,214,61,2901,2166
2020-04-15,France,NA,Grand Est,5549586,98,83,2999,2249
2020-04-16,France,NA,Grand Est,5549586,162,57,3161,2306
2020-04-17,France,NA,Grand Est,5549586,101,52,3262,2358
2020-04-18,France,NA,Grand Est,5549586,5,64,3267,2422
2020-04-19,France,NA,Grand Est,5549586,0,41,3267,2463
2020-04-20,France,NA,Grand Est,5549586,41,52,3308,2515
2020-04-21,France,NA,Grand Est,5549586,68,49,3376,2564
2020-04-22,France,NA,Grand Est,5549586,29,48,3405,2612
2020-04-23,France,NA,Grand Est,5549586,23,34,3428,2646
2020-04-24,France,NA,Grand Est,5549586,29,33,3457,2679
2020-04-25,France,NA,Grand Est,5549586,3,35,3460,2714
2020-04-26,France,NA,Grand Est,5549586,0,23,3460,2737
2020-04-27,France,NA,Grand Est,5549586,11,42,3471,2779
2020-04-28,France,NA,Grand Est,5549586,16,20,3487,2799
2020-04-29,France,NA,Grand Est,5549586,32,64,3519,2863
2020-04-30,France,NA,Grand Est,5549586,16,22,3535,2885
2020-05-01,France,NA,Grand Est,5549586,0,30,3535,2915
2020-05-02,France,NA,Grand Est,5549586,0,22,3535,2937
2020-05-03,France,NA,Grand Est,5549586,0,16,3535,2953
2020-05-04,France,NA,Grand Est,5549586,15,30,3550,2983
2020-05-05,France,NA,Grand Est,5549586,17,28,3567,3011
2020-05-06,France,NA,Grand Est,5549586,6,26,3573,3037
2020-05-07,France,NA,Grand Est,5549586,2,23,3575,3060
2020-05-08,France,NA,Grand Est,5549586,0,30,3575,3090
2020-05-09,France,NA,Grand Est,5549586,0,15,3575,3105
2020-05-10,France,NA,Grand Est,5549586,0,8,3575,3113
2020-05-11,France,NA,Grand Est,5549586,5,25,3580,3138
2020-05-12,France,NA,Grand Est,5549586,10,33,3590,3171
2020-05-13,France,NA,Grand Est,5549586,152,20,3742,3191
2020-05-14,France,NA,Grand Est,5549586,110,31,3852,3222
2020-05-15,France,NA,Grand Est,5549586,149,27,4001,3249
2020-05-16,France,NA,Grand Est,5549586,39,7,4040,3256
2020-05-17,France,NA,Grand Est,5549586,6,16,4046,3272
2020-05-18,France,NA,Grand Est,5549586,165,19,4211,3291
2020-05-19,France,NA,Grand Est,5549586,140,22,4351,3313
2020-05-20,France,NA,Grand Est,5549586,194,18,4545,3331
2020-05-21,France,NA,Grand Est,5549586,22,4,4567,3335
2020-05-22,France,NA,Grand Est,5549586,90,14,4657,3349
2020-05-23,France,NA,Grand Est,5549586,21,8,4678,3357
2020-05-24,France,NA,Grand Est,5549586,7,11,4685,3368
2020-05-25,France,NA,Grand Est,5549586,91,7,4776,3375
2020-05-26,France,NA,Grand Est,5549586,91,4,4867,3379
2020-05-27,France,NA,Grand Est,5549586,59,10,4926,3389
2020-05-28,France,NA,Grand Est,5549586,69,8,4995,3397
2020-05-29,France,NA,Grand Est,5549586,79,11,5074,3408
2020-05-30,France,NA,Grand Est,5549586,23,9,5097,3417
2020-05-31,France,NA,Grand Est,5549586,6,3,5103,3420
2020-06-01,France,NA,Grand Est,5549586,9,4,5112,3424
2020-06-02,France,NA,Grand Est,5549586,140,19,5252,3443
2020-06-03,France,NA,Grand Est,5549586,154,10,5406,3453
2020-06-04,France,NA,Grand Est,5549586,84,8,5490,3461
2020-06-05,France,NA,Grand Est,5549586,69,16,5559,3477
2020-06-06,France,NA,Grand Est,5549586,26,4,5585,3481
2020-06-07,France,NA,Grand Est,5549586,21,2,5606,3483
2020-06-08,France,NA,Grand Est,5549586,76,12,5682,3495
2020-06-09,France,NA,Grand Est,5549586,80,5,5762,3500
2020-06-10,France,NA,Grand Est,5549586,70,0,5832,3497
2020-06-11,France,NA,Grand Est,5549586,58,2,5890,3499
2020-06-12,France,NA,Grand Est,5549586,60,2,5950,3501
2020-06-13,France,NA,Grand Est,5549586,13,3,5963,3504
2020-06-14,France,NA,Grand Est,5549586,4,2,5967,3506
2020-06-15,France,NA,Grand Est,5549586,48,7,6015,3513
2020-06-16,France,NA,Grand Est,5549586,63,5,6078,3518
2020-06-17,France,NA,Grand Est,5549586,58,2,6136,3520
2020-06-18,France,NA,Grand Est,5549586,37,8,6173,3528
2020-06-19,France,NA,Grand Est,5549586,54,4,6227,3532
2020-06-20,France,NA,Grand Est,5549586,18,3,6245,3535
2020-06-21,France,NA,Grand Est,5549586,7,1,6252,3536
2020-06-22,France,NA,Grand Est,5549586,37,5,6289,3541
2020-06-23,France,NA,Grand Est,5549586,27,5,6316,3546
2020-06-24,France,NA,Grand Est,5549586,33,0,6349,3546
2020-06-25,France,NA,Grand Est,5549586,26,4,6375,3550
2020-06-26,France,NA,Grand Est,5549586,28,6,6403,3556
2020-06-27,France,NA,Grand Est,5549586,11,0,6414,60
2020-06-28,France,NA,Grand Est,5549586,6,0,6420,60
2020-06-29,France,NA,Grand Est,5549586,20,0,6440,60
2020-06-30,France,NA,Grand Est,5549586,28,3503,6468,3563
2020-07-01,France,NA,Grand Est,5549586,27,8,6495,3571
2020-07-02,France,NA,Grand Est,5549586,25,2,6520,3573
2020-07-03,France,NA,Grand Est,5549586,27,4,6547,3577
2020-07-04,France,NA,Grand Est,5549586,19,3,6566,3580
2020-07-05,France,NA,Grand Est,5549586,3,0,6569,3580
2020-07-06,France,NA,Grand Est,5549586,26,1,6595,3581
2020-07-07,France,NA,Grand Est,5549586,22,0,6617,3581
2020-07-08,France,NA,Grand Est,5549586,27,2,6644,3583
2020-07-09,France,NA,Grand Est,5549586,38,1,6682,3584
2020-07-10,France,NA,Grand Est,5549586,31,1,6713,3585
2020-07-11,France,NA,Grand Est,5549586,7,0,6720,3585
2020-07-12,France,NA,Grand Est,5549586,5,0,6725,3585
2020-07-13,France,NA,Grand Est,5549586,55,2,6780,3587
2020-07-14,France,NA,Grand Est,5549586,7,1,6787,3588
2020-07-15,France,NA,Grand Est,5549586,65,3,6852,3591
2020-07-16,France,NA,Grand Est,5549586,88,3,6940,3594
2020-07-17,France,NA,Grand Est,5549586,86,5,7026,3599
2020-07-18,France,NA,Grand Est,5549586,34,0,7060,3599
2020-07-19,France,NA,Grand Est,5549586,3,0,7063,3599
2020-07-20,France,NA,Grand Est,5549586,68,1,7131,3600
2020-07-21,France,NA,Grand Est,5549586,63,1,7194,3601
2020-07-22,France,NA,Grand Est,5549586,56,3,7250,3604
2020-07-23,France,NA,Grand Est,5549586,56,4,7306,3608
2020-07-24,France,NA,Grand Est,5549586,73,0,7379,3608
2020-07-25,France,NA,Grand Est,5549586,34,0,7413,3608
2020-07-26,France,NA,Grand Est,5549586,5,0,7418,3608
2020-07-27,France,NA,Grand Est,5549586,80,0,7498,3607
2020-07-28,France,NA,Grand Est,5549586,70,0,7568,3607
2020-07-29,France,NA,Grand Est,5549586,57,2,7625,3609
2020-07-30,France,NA,Grand Est,5549586,73,5,7698,3614
2020-07-31,France,NA,Grand Est,5549586,112,2,7810,3616
2020-08-01,France,NA,Grand Est,5549586,43,4,7853,3620
2020-08-02,France,NA,Grand Est,5549586,9,0,7862,3620
2020-08-03,France,NA,Grand Est,5549586,106,1,7968,3621
2020-08-04,France,NA,Grand Est,5549586,87,1,8055,3622
2020-08-05,France,NA,Grand Est,5549586,80,2,8135,3624
2020-08-06,France,NA,Grand Est,5549586,147,1,8282,3625
2020-08-07,France,NA,Grand Est,5549586,82,2,8364,3627
2020-08-08,France,NA,Grand Est,5549586,41,0,8405,3627
2020-08-09,France,NA,Grand Est,5549586,1,0,8406,3627
2020-08-10,France,NA,Grand Est,5549586,92,1,8498,3628
2020-08-11,France,NA,Grand Est,5549586,109,3,8607,3631
2020-08-12,France,NA,Grand Est,5549586,136,2,8743,3633
2020-08-13,France,NA,Grand Est,5549586,135,3,8878,3636
2020-08-14,France,NA,Grand Est,5549586,154,2,9032,3638
2020-08-15,France,NA,Grand Est,5549586,30,1,9062,3639
2020-08-16,France,NA,Grand Est,5549586,13,0,9075,3639
2020-08-17,France,NA,Grand Est,5549586,215,0,9290,3639
2020-08-18,France,NA,Grand Est,5549586,176,2,9466,3641
2020-08-19,France,NA,Grand Est,5549586,180,1,9646,3642
2020-08-20,France,NA,Grand Est,5549586,166,0,9812,3642
2020-08-21,France,NA,Grand Est,5549586,187,2,9999,3644
2020-08-22,France,NA,Grand Est,5549586,124,1,10123,3645
2020-08-23,France,NA,Grand Est,5549586,21,0,10144,3645
2020-08-24,France,NA,Grand Est,5549586,277,1,10421,3646
2020-08-25,France,NA,Grand Est,5549586,271,13,10692,3659
2020-08-26,France,NA,Grand Est,5549586,244,1,10936,3660
2020-08-27,France,NA,Grand Est,5549586,251,0,11187,3660
2020-08-28,France,NA,Grand Est,5549586,230,4,11417,3664
2020-03-23,France,NA,Hauts-de-France,6003815,52,19,122,86
2020-03-24,France,NA,Hauts-de-France,6003815,81,23,203,109
2020-03-25,France,NA,Hauts-de-France,6003815,77,13,280,122
2020-03-26,France,NA,Hauts-de-France,6003815,99,28,379,150
2020-03-27,France,NA,Hauts-de-France,6003815,65,19,444,169
2020-03-28,France,NA,Hauts-de-France,6003815,26,27,470,196
2020-03-29,France,NA,Hauts-de-France,6003815,11,15,481,211
2020-03-30,France,NA,Hauts-de-France,6003815,146,31,627,242
2020-03-31,France,NA,Hauts-de-France,6003815,144,38,771,280
2020-04-01,France,NA,Hauts-de-France,6003815,112,50,883,330
2020-04-02,France,NA,Hauts-de-France,6003815,145,40,1028,370
2020-04-03,France,NA,Hauts-de-France,6003815,173,68,1201,438
2020-04-04,France,NA,Hauts-de-France,6003815,37,50,1238,488
2020-04-05,France,NA,Hauts-de-France,6003815,6,32,1244,520
2020-04-06,France,NA,Hauts-de-France,6003815,133,57,1377,577
2020-04-07,France,NA,Hauts-de-France,6003815,154,58,1531,635
2020-04-08,France,NA,Hauts-de-France,6003815,162,44,1693,679
2020-04-09,France,NA,Hauts-de-France,6003815,151,36,1844,715
2020-04-10,France,NA,Hauts-de-France,6003815,143,47,1987,762
2020-04-11,France,NA,Hauts-de-France,6003815,25,44,2012,806
2020-04-12,France,NA,Hauts-de-France,6003815,5,34,2017,840
2020-04-13,France,NA,Hauts-de-France,6003815,0,33,2017,873
2020-04-14,France,NA,Hauts-de-France,6003815,112,47,2129,920
2020-04-15,France,NA,Hauts-de-France,6003815,119,55,2248,975
2020-04-16,France,NA,Hauts-de-France,6003815,75,31,2323,1006
2020-04-17,France,NA,Hauts-de-France,6003815,57,48,2380,1054
2020-04-18,France,NA,Hauts-de-France,6003815,10,23,2390,1077
2020-04-19,France,NA,Hauts-de-France,6003815,2,17,2392,1094
2020-04-20,France,NA,Hauts-de-France,6003815,81,33,2473,1127
2020-04-21,France,NA,Hauts-de-France,6003815,73,36,2546,1163
2020-04-22,France,NA,Hauts-de-France,6003815,60,35,2606,1198
2020-04-23,France,NA,Hauts-de-France,6003815,59,35,2665,1233
2020-04-24,France,NA,Hauts-de-France,6003815,49,24,2714,1257
2020-04-25,France,NA,Hauts-de-France,6003815,7,24,2721,1281
2020-04-26,France,NA,Hauts-de-France,6003815,2,10,2723,1291
2020-04-27,France,NA,Hauts-de-France,6003815,65,24,2788,1315
2020-04-28,France,NA,Hauts-de-France,6003815,77,15,2865,1330
2020-04-29,France,NA,Hauts-de-France,6003815,80,25,2945,1355
2020-04-30,France,NA,Hauts-de-France,6003815,43,19,2988,1374
2020-05-01,France,NA,Hauts-de-France,6003815,0,16,2988,1390
2020-05-02,France,NA,Hauts-de-France,6003815,3,6,2991,1396
2020-05-03,France,NA,Hauts-de-France,6003815,0,14,2991,1410
2020-05-04,France,NA,Hauts-de-France,6003815,54,18,3045,1428
2020-05-05,France,NA,Hauts-de-France,6003815,49,33,3094,1461
2020-05-06,France,NA,Hauts-de-France,6003815,46,19,3140,1480
2020-05-07,France,NA,Hauts-de-France,6003815,32,16,3172,1496
2020-05-08,France,NA,Hauts-de-France,6003815,0,11,3172,1507
2020-05-09,France,NA,Hauts-de-France,6003815,3,4,3175,1511
2020-05-10,France,NA,Hauts-de-France,6003815,1,10,3176,1521
2020-05-11,France,NA,Hauts-de-France,6003815,19,24,3195,1545
2020-05-12,France,NA,Hauts-de-France,6003815,29,25,3224,1570
2020-05-13,France,NA,Hauts-de-France,6003815,78,8,3302,1578
2020-05-14,France,NA,Hauts-de-France,6003815,96,10,3398,1588
2020-05-15,France,NA,Hauts-de-France,6003815,83,16,3481,1604
2020-05-16,France,NA,Hauts-de-France,6003815,30,12,3511,1616
2020-05-17,France,NA,Hauts-de-France,6003815,10,9,3521,1625
2020-05-18,France,NA,Hauts-de-France,6003815,99,15,3620,1640
2020-05-19,France,NA,Hauts-de-France,6003815,130,6,3750,1646
2020-05-20,France,NA,Hauts-de-France,6003815,118,11,3868,1657
2020-05-21,France,NA,Hauts-de-France,6003815,22,7,3890,1664
2020-05-22,France,NA,Hauts-de-France,6003815,143,4,4033,1668
2020-05-23,France,NA,Hauts-de-France,6003815,43,7,4076,1675
2020-05-24,France,NA,Hauts-de-France,6003815,12,4,4088,1679
2020-05-25,France,NA,Hauts-de-France,6003815,110,12,4198,1691
2020-05-26,France,NA,Hauts-de-France,6003815,116,6,4314,1697
2020-05-27,France,NA,Hauts-de-France,6003815,104,7,4418,1704
2020-05-28,France,NA,Hauts-de-France,6003815,55,12,4473,1716
2020-05-29,France,NA,Hauts-de-France,6003815,85,6,4558,1722
2020-05-30,France,NA,Hauts-de-France,6003815,36,8,4594,1730
2020-05-31,France,NA,Hauts-de-France,6003815,5,3,4599,1733
2020-06-01,France,NA,Hauts-de-France,6003815,19,5,4618,1738
2020-06-02,France,NA,Hauts-de-France,6003815,77,7,4695,1745
2020-06-03,France,NA,Hauts-de-France,6003815,80,9,4775,1754
2020-06-04,France,NA,Hauts-de-France,6003815,73,10,4848,1764
2020-06-05,France,NA,Hauts-de-France,6003815,86,8,4934,1772
2020-06-06,France,NA,Hauts-de-France,6003815,47,2,4981,1774
2020-06-07,France,NA,Hauts-de-France,6003815,13,1,4994,1775
2020-06-08,France,NA,Hauts-de-France,6003815,99,8,5093,1783
2020-06-09,France,NA,Hauts-de-France,6003815,68,2,5161,1785
2020-06-10,France,NA,Hauts-de-France,6003815,69,4,5230,1789
2020-06-11,France,NA,Hauts-de-France,6003815,64,1,5294,1790
2020-06-12,France,NA,Hauts-de-France,6003815,37,2,5331,1792
2020-06-13,France,NA,Hauts-de-France,6003815,15,1,5346,1793
2020-06-14,France,NA,Hauts-de-France,6003815,12,1,5358,1794
2020-06-15,France,NA,Hauts-de-France,6003815,65,3,5423,1797
2020-06-16,France,NA,Hauts-de-France,6003815,53,7,5476,1804
2020-06-17,France,NA,Hauts-de-France,6003815,50,5,5526,1809
2020-06-18,France,NA,Hauts-de-France,6003815,35,2,5561,1811
2020-06-19,France,NA,Hauts-de-France,6003815,47,2,5608,1813
2020-06-20,France,NA,Hauts-de-France,6003815,25,2,5633,1815
2020-06-21,France,NA,Hauts-de-France,6003815,5,1,5638,1816
2020-06-22,France,NA,Hauts-de-France,6003815,48,2,5686,1818
2020-06-23,France,NA,Hauts-de-France,6003815,66,0,5752,1818
2020-06-24,France,NA,Hauts-de-France,6003815,41,2,5793,1820
2020-06-25,France,NA,Hauts-de-France,6003815,51,4,5844,1824
2020-06-26,France,NA,Hauts-de-France,6003815,59,3,5903,1827
2020-06-27,France,NA,Hauts-de-France,6003815,20,0,5923,274
2020-06-28,France,NA,Hauts-de-France,6003815,7,0,5930,274
2020-06-29,France,NA,Hauts-de-France,6003815,49,0,5979,274
2020-06-30,France,NA,Hauts-de-France,6003815,46,1556,6025,1830
2020-07-01,France,NA,Hauts-de-France,6003815,54,1,6079,1831
2020-07-02,France,NA,Hauts-de-France,6003815,67,2,6146,1833
2020-07-03,France,NA,Hauts-de-France,6003815,60,2,6206,1835
2020-07-04,France,NA,Hauts-de-France,6003815,21,0,6227,1835
2020-07-05,France,NA,Hauts-de-France,6003815,1,0,6228,1835
2020-07-06,France,NA,Hauts-de-France,6003815,74,4,6302,1839
2020-07-07,France,NA,Hauts-de-France,6003815,49,13,6351,1852
2020-07-08,France,NA,Hauts-de-France,6003815,41,18,6392,1870
2020-07-09,France,NA,Hauts-de-France,6003815,65,4,6457,1874
2020-07-10,France,NA,Hauts-de-France,6003815,54,1,6511,1875
2020-07-11,France,NA,Hauts-de-France,6003815,41,1,6552,1876
2020-07-12,France,NA,Hauts-de-France,6003815,8,0,6560,1876
2020-07-13,France,NA,Hauts-de-France,6003815,59,1,6619,1877
2020-07-14,France,NA,Hauts-de-France,6003815,10,1,6629,1878
2020-07-15,France,NA,Hauts-de-France,6003815,67,7,6696,1885
2020-07-16,France,NA,Hauts-de-France,6003815,91,1,6787,1886
2020-07-17,France,NA,Hauts-de-France,6003815,84,2,6871,1888
2020-07-18,France,NA,Hauts-de-France,6003815,47,0,6918,1888
2020-07-19,France,NA,Hauts-de-France,6003815,6,0,6924,1888
2020-07-20,France,NA,Hauts-de-France,6003815,82,6,7006,1894
2020-07-21,France,NA,Hauts-de-France,6003815,111,2,7117,1896
2020-07-22,France,NA,Hauts-de-France,6003815,119,2,7236,1898
2020-07-23,France,NA,Hauts-de-France,6003815,81,0,7317,1898
2020-07-24,France,NA,Hauts-de-France,6003815,111,1,7428,1899
2020-07-25,France,NA,Hauts-de-France,6003815,72,1,7500,1900
2020-07-26,France,NA,Hauts-de-France,6003815,7,0,7507,1900
2020-07-27,France,NA,Hauts-de-France,6003815,141,3,7648,1903
2020-07-28,France,NA,Hauts-de-France,6003815,110,2,7758,1905
2020-07-29,France,NA,Hauts-de-France,6003815,135,1,7893,1906
2020-07-30,France,NA,Hauts-de-France,6003815,185,3,8078,1909
2020-07-31,France,NA,Hauts-de-France,6003815,135,3,8213,1912
2020-08-01,France,NA,Hauts-de-France,6003815,92,1,8305,1913
2020-08-02,France,NA,Hauts-de-France,6003815,12,0,8317,1913
2020-08-03,France,NA,Hauts-de-France,6003815,206,5,8523,1918
2020-08-04,France,NA,Hauts-de-France,6003815,150,1,8673,1919
2020-08-05,France,NA,Hauts-de-France,6003815,148,0,8821,1919
2020-08-06,France,NA,Hauts-de-France,6003815,162,0,8983,1919
2020-08-07,France,NA,Hauts-de-France,6003815,165,0,9148,1919
2020-08-08,France,NA,Hauts-de-France,6003815,66,0,9214,1919
2020-08-09,France,NA,Hauts-de-France,6003815,15,0,9229,1919
2020-08-10,France,NA,Hauts-de-France,6003815,195,3,9424,1922
2020-08-11,France,NA,Hauts-de-France,6003815,187,3,9611,1925
2020-08-12,France,NA,Hauts-de-France,6003815,179,0,9790,1925
2020-08-13,France,NA,Hauts-de-France,6003815,197,2,9987,1927
2020-08-14,France,NA,Hauts-de-France,6003815,210,2,10197,1929
2020-08-15,France,NA,Hauts-de-France,6003815,26,1,10223,1930
2020-08-16,France,NA,Hauts-de-France,6003815,14,0,10237,1930
2020-08-17,France,NA,Hauts-de-France,6003815,211,1,10448,1931
2020-08-18,France,NA,Hauts-de-France,6003815,228,1,10676,1932
2020-08-19,France,NA,Hauts-de-France,6003815,179,1,10855,1933
2020-08-20,France,NA,Hauts-de-France,6003815,233,1,11088,1934
2020-08-21,France,NA,Hauts-de-France,6003815,256,2,11344,1936
2020-08-22,France,NA,Hauts-de-France,6003815,101,0,11445,1936
2020-08-23,France,NA,Hauts-de-France,6003815,23,0,11468,1936
2020-08-24,France,NA,Hauts-de-France,6003815,277,1,11745,1937
2020-08-25,France,NA,Hauts-de-France,6003815,272,1,12017,1938
2020-08-26,France,NA,Hauts-de-France,6003815,274,0,12291,1938
2020-08-27,France,NA,Hauts-de-France,6003815,327,3,12618,1941
2020-08-28,France,NA,Hauts-de-France,6003815,246,2,12864,1943
2020-03-24,France,NA,Normandy,3330478,52,6,127,15
2020-03-25,France,NA,Normandy,3330478,47,3,174,18
2020-03-26,France,NA,Normandy,3330478,52,2,226,20
2020-03-27,France,NA,Normandy,3330478,36,4,262,24
2020-03-28,France,NA,Normandy,3330478,4,2,266,26
2020-03-29,France,NA,Normandy,3330478,0,6,266,32
2020-03-30,France,NA,Normandy,3330478,58,10,324,42
2020-03-31,France,NA,Normandy,3330478,43,20,367,62
2020-04-01,France,NA,Normandy,3330478,38,7,405,69
2020-04-02,France,NA,Normandy,3330478,34,12,439,81
2020-04-03,France,NA,Normandy,3330478,70,12,509,93
2020-04-04,France,NA,Normandy,3330478,2,6,511,99
2020-04-05,France,NA,Normandy,3330478,2,12,513,111
2020-04-06,France,NA,Normandy,3330478,62,16,575,127
2020-04-07,France,NA,Normandy,3330478,86,20,661,147
2020-04-08,France,NA,Normandy,3330478,52,18,713,165
2020-04-09,France,NA,Normandy,3330478,64,14,777,179
2020-04-10,France,NA,Normandy,3330478,82,9,859,188
2020-04-11,France,NA,Normandy,3330478,4,8,863,196
2020-04-12,France,NA,Normandy,3330478,14,5,877,201
2020-04-13,France,NA,Normandy,3330478,1,10,878,211
2020-04-14,France,NA,Normandy,3330478,70,19,948,230
2020-04-15,France,NA,Normandy,3330478,57,12,1005,242
2020-04-16,France,NA,Normandy,3330478,56,10,1061,252
2020-04-17,France,NA,Normandy,3330478,36,10,1097,262
2020-04-18,France,NA,Normandy,3330478,8,5,1105,267
2020-04-19,France,NA,Normandy,3330478,2,7,1107,274
2020-04-20,France,NA,Normandy,3330478,31,9,1138,283
2020-04-21,France,NA,Normandy,3330478,16,9,1154,292
2020-04-22,France,NA,Normandy,3330478,27,7,1181,299
2020-04-23,France,NA,Normandy,3330478,25,8,1206,307
2020-04-24,France,NA,Normandy,3330478,17,5,1223,312
2020-04-25,France,NA,Normandy,3330478,3,2,1226,314
2020-04-26,France,NA,Normandy,3330478,0,5,1226,319
2020-04-27,France,NA,Normandy,3330478,15,5,1241,324
2020-04-28,France,NA,Normandy,3330478,12,7,1253,331
2020-04-29,France,NA,Normandy,3330478,16,12,1269,343
2020-04-30,France,NA,Normandy,3330478,11,3,1280,346
2020-05-01,France,NA,Normandy,3330478,0,1,1280,347
2020-05-02,France,NA,Normandy,3330478,2,3,1282,350
2020-05-03,France,NA,Normandy,3330478,0,1,1282,351
2020-05-04,France,NA,Normandy,3330478,13,8,1295,359
2020-05-05,France,NA,Normandy,3330478,7,4,1302,363
2020-05-06,France,NA,Normandy,3330478,7,2,1309,365
2020-05-07,France,NA,Normandy,3330478,3,2,1312,367
2020-05-08,France,NA,Normandy,3330478,1,3,1313,370
2020-05-09,France,NA,Normandy,3330478,2,0,1315,370
2020-05-10,France,NA,Normandy,3330478,0,1,1315,371
2020-05-11,France,NA,Normandy,3330478,10,9,1325,380
2020-05-12,France,NA,Normandy,3330478,5,3,1330,383
2020-05-13,France,NA,Normandy,3330478,37,4,1367,387
2020-05-14,France,NA,Normandy,3330478,26,4,1393,391
2020-05-15,France,NA,Normandy,3330478,23,2,1416,393
2020-05-16,France,NA,Normandy,3330478,6,1,1422,394
2020-05-17,France,NA,Normandy,3330478,8,0,1430,394
2020-05-18,France,NA,Normandy,3330478,28,3,1458,397
2020-05-19,France,NA,Normandy,3330478,20,7,1478,404
2020-05-20,France,NA,Normandy,3330478,13,1,1491,405
2020-05-21,France,NA,Normandy,3330478,5,2,1496,407
2020-05-22,France,NA,Normandy,3330478,16,0,1512,407
2020-05-23,France,NA,Normandy,3330478,6,1,1518,408
2020-05-24,France,NA,Normandy,3330478,4,0,1522,408
2020-05-25,France,NA,Normandy,3330478,11,5,1533,413
2020-05-26,France,NA,Normandy,3330478,12,4,1545,417
2020-05-27,France,NA,Normandy,3330478,8,1,1553,418
2020-05-28,France,NA,Normandy,3330478,6,0,1559,418
2020-05-29,France,NA,Normandy,3330478,9,2,1568,420
2020-05-30,France,NA,Normandy,3330478,2,0,1570,420
2020-05-31,France,NA,Normandy,3330478,2,0,1572,420
2020-06-01,France,NA,Normandy,3330478,5,0,1577,420
2020-06-02,France,NA,Normandy,3330478,9,0,1586,420
2020-06-03,France,NA,Normandy,3330478,6,1,1592,421
2020-06-04,France,NA,Normandy,3330478,9,0,1601,421
2020-06-05,France,NA,Normandy,3330478,5,1,1606,422
2020-06-06,France,NA,Normandy,3330478,8,0,1614,422
2020-06-07,France,NA,Normandy,3330478,2,1,1616,423
2020-06-08,France,NA,Normandy,3330478,8,2,1624,425
2020-06-09,France,NA,Normandy,3330478,9,0,1633,425
2020-06-10,France,NA,Normandy,3330478,7,0,1640,425
2020-06-11,France,NA,Normandy,3330478,12,0,1652,425
2020-06-12,France,NA,Normandy,3330478,14,0,1666,425
2020-06-13,France,NA,Normandy,3330478,13,0,1679,425
2020-06-14,France,NA,Normandy,3330478,7,0,1686,425
2020-06-15,France,NA,Normandy,3330478,23,0,1709,425
2020-06-16,France,NA,Normandy,3330478,19,2,1728,427
2020-06-17,France,NA,Normandy,3330478,33,1,1761,428
2020-06-18,France,NA,Normandy,3330478,24,0,1785,428
2020-06-19,France,NA,Normandy,3330478,19,0,1804,428
2020-06-20,France,NA,Normandy,3330478,20,0,1824,428
2020-06-21,France,NA,Normandy,3330478,4,0,1828,428
2020-06-22,France,NA,Normandy,3330478,26,2,1854,430
2020-06-23,France,NA,Normandy,3330478,25,0,1879,430
2020-06-24,France,NA,Normandy,3330478,21,0,1900,430
2020-06-25,France,NA,Normandy,3330478,23,1,1923,431
2020-06-26,France,NA,Normandy,3330478,17,0,1940,431
2020-06-27,France,NA,Normandy,3330478,10,0,1950,431
2020-06-28,France,NA,Normandy,3330478,11,0,1961,431
2020-06-29,France,NA,Normandy,3330478,24,1,1985,432
2020-06-30,France,NA,Normandy,3330478,32,1,2017,433
2020-07-01,France,NA,Normandy,3330478,21,1,2038,434
2020-07-02,France,NA,Normandy,3330478,20,0,2058,434
2020-07-03,France,NA,Normandy,3330478,24,0,2082,434
2020-07-04,France,NA,Normandy,3330478,13,0,2095,434
2020-07-05,France,NA,Normandy,3330478,5,0,2100,434
2020-07-06,France,NA,Normandy,3330478,14,0,2114,434
2020-07-07,France,NA,Normandy,3330478,30,0,2144,434
2020-07-08,France,NA,Normandy,3330478,15,0,2159,434
2020-07-09,France,NA,Normandy,3330478,22,0,2181,434
2020-07-10,France,NA,Normandy,3330478,13,1,2194,435
2020-07-11,France,NA,Normandy,3330478,8,0,2202,435
2020-07-12,France,NA,Normandy,3330478,5,0,2207,435
2020-07-13,France,NA,Normandy,3330478,19,1,2226,436
2020-07-14,France,NA,Normandy,3330478,7,0,2233,436
2020-07-15,France,NA,Normandy,3330478,10,0,2243,436
2020-07-16,France,NA,Normandy,3330478,26,2,2269,438
2020-07-17,France,NA,Normandy,3330478,22,1,2291,439
2020-07-18,France,NA,Normandy,3330478,4,1,2295,440
2020-07-19,France,NA,Normandy,3330478,3,0,2298,440
2020-07-20,France,NA,Normandy,3330478,18,0,2316,440
2020-07-21,France,NA,Normandy,3330478,18,0,2334,440
2020-07-22,France,NA,Normandy,3330478,15,0,2349,440
2020-07-23,France,NA,Normandy,3330478,25,0,2374,438
2020-07-24,France,NA,Normandy,3330478,15,0,2389,438
2020-07-25,France,NA,Normandy,3330478,8,1,2397,439
2020-07-26,France,NA,Normandy,3330478,8,0,2405,439
2020-07-27,France,NA,Normandy,3330478,16,0,2421,439
2020-07-28,France,NA,Normandy,3330478,19,0,2440,439
2020-07-29,France,NA,Normandy,3330478,23,0,2463,439
2020-07-30,France,NA,Normandy,3330478,16,0,2479,439
2020-07-31,France,NA,Normandy,3330478,28,1,2507,440
2020-08-01,France,NA,Normandy,3330478,17,0,2524,440
2020-08-02,France,NA,Normandy,3330478,11,0,2535,440
2020-08-03,France,NA,Normandy,3330478,27,1,2562,441
2020-08-04,France,NA,Normandy,3330478,31,1,2593,442
2020-08-05,France,NA,Normandy,3330478,37,0,2630,442
2020-08-06,France,NA,Normandy,3330478,33,0,2663,442
2020-08-07,France,NA,Normandy,3330478,45,0,2708,442
2020-08-08,France,NA,Normandy,3330478,24,0,2732,442
2020-08-09,France,NA,Normandy,3330478,14,0,2746,442
2020-08-10,France,NA,Normandy,3330478,35,0,2781,442
2020-08-11,France,NA,Normandy,3330478,46,0,2827,442
2020-08-12,France,NA,Normandy,3330478,43,1,2870,443
2020-08-13,France,NA,Normandy,3330478,47,0,2917,443
2020-08-14,France,NA,Normandy,3330478,65,2,2982,445
2020-08-15,France,NA,Normandy,3330478,36,0,3018,445
2020-08-16,France,NA,Normandy,3330478,33,0,3051,445
2020-08-17,France,NA,Normandy,3330478,68,0,3119,445
2020-08-18,France,NA,Normandy,3330478,89,2,3208,447
2020-08-19,France,NA,Normandy,3330478,84,0,3292,447
2020-08-20,France,NA,Normandy,3330478,72,0,3364,447
2020-08-21,France,NA,Normandy,3330478,70,0,3434,447
2020-08-22,France,NA,Normandy,3330478,67,0,3501,446
2020-08-23,France,NA,Normandy,3330478,20,0,3521,446
2020-08-24,France,NA,Normandy,3330478,112,0,3633,446
2020-08-25,France,NA,Normandy,3330478,160,0,3793,446
2020-08-26,France,NA,Normandy,3330478,135,0,3928,446
2020-08-27,France,NA,Normandy,3330478,176,0,4104,446
2020-08-28,France,NA,Normandy,3330478,118,1,4222,447
2020-03-24,France,NA,Nouvelle-Aquitaine,5956978,42,3,133,16
2020-03-25,France,NA,Nouvelle-Aquitaine,5956978,27,9,160,25
2020-03-26,France,NA,Nouvelle-Aquitaine,5956978,31,9,191,34
2020-03-27,France,NA,Nouvelle-Aquitaine,5956978,40,8,231,42
2020-03-28,France,NA,Nouvelle-Aquitaine,5956978,9,8,240,50
2020-03-29,France,NA,Nouvelle-Aquitaine,5956978,0,8,240,58
2020-03-30,France,NA,Nouvelle-Aquitaine,5956978,61,14,301,72
2020-03-31,France,NA,Nouvelle-Aquitaine,5956978,53,6,354,78
2020-04-01,France,NA,Nouvelle-Aquitaine,5956978,38,4,392,82
2020-04-02,France,NA,Nouvelle-Aquitaine,5956978,38,12,430,94
2020-04-03,France,NA,Nouvelle-Aquitaine,5956978,39,6,469,100
2020-04-04,France,NA,Nouvelle-Aquitaine,5956978,3,11,472,111
2020-04-05,France,NA,Nouvelle-Aquitaine,5956978,1,9,473,120
2020-04-06,France,NA,Nouvelle-Aquitaine,5956978,44,18,517,138
2020-04-07,France,NA,Nouvelle-Aquitaine,5956978,29,14,546,152
2020-04-08,France,NA,Nouvelle-Aquitaine,5956978,29,13,575,165
2020-04-09,France,NA,Nouvelle-Aquitaine,5956978,22,8,597,173
2020-04-10,France,NA,Nouvelle-Aquitaine,5956978,31,1,628,174
2020-04-11,France,NA,Nouvelle-Aquitaine,5956978,3,6,631,180
2020-04-12,France,NA,Nouvelle-Aquitaine,5956978,0,10,631,190
2020-04-13,France,NA,Nouvelle-Aquitaine,5956978,1,4,632,194
2020-04-14,France,NA,Nouvelle-Aquitaine,5956978,62,13,694,207
2020-04-15,France,NA,Nouvelle-Aquitaine,5956978,11,7,705,214
2020-04-16,France,NA,Nouvelle-Aquitaine,5956978,28,6,733,220
2020-04-17,France,NA,Nouvelle-Aquitaine,5956978,16,13,749,233
2020-04-18,France,NA,Nouvelle-Aquitaine,5956978,18,8,767,241
2020-04-19,France,NA,Nouvelle-Aquitaine,5956978,1,6,768,247
2020-04-20,France,NA,Nouvelle-Aquitaine,5956978,6,12,774,259
2020-04-21,France,NA,Nouvelle-Aquitaine,5956978,35,7,809,266
2020-04-22,France,NA,Nouvelle-Aquitaine,5956978,21,1,830,267
2020-04-23,France,NA,Nouvelle-Aquitaine,5956978,11,10,841,277
2020-04-24,France,NA,Nouvelle-Aquitaine,5956978,6,8,847,285
2020-04-25,France,NA,Nouvelle-Aquitaine,5956978,1,4,848,289
2020-04-26,France,NA,Nouvelle-Aquitaine,5956978,0,5,848,294
2020-04-27,France,NA,Nouvelle-Aquitaine,5956978,5,7,853,301
2020-04-28,France,NA,Nouvelle-Aquitaine,5956978,2,1,855,302
2020-04-29,France,NA,Nouvelle-Aquitaine,5956978,12,11,867,313
2020-04-30,France,NA,Nouvelle-Aquitaine,5956978,5,11,872,324
2020-05-01,France,NA,Nouvelle-Aquitaine,5956978,0,0,872,324
2020-05-02,France,NA,Nouvelle-Aquitaine,5956978,0,3,872,327
2020-05-03,France,NA,Nouvelle-Aquitaine,5956978,0,2,872,329
2020-05-04,France,NA,Nouvelle-Aquitaine,5956978,3,7,875,336
2020-05-05,France,NA,Nouvelle-Aquitaine,5956978,9,0,884,336
2020-05-06,France,NA,Nouvelle-Aquitaine,5956978,4,6,888,342
2020-05-07,France,NA,Nouvelle-Aquitaine,5956978,4,5,892,347
2020-05-08,France,NA,Nouvelle-Aquitaine,5956978,0,1,892,348
2020-05-09,France,NA,Nouvelle-Aquitaine,5956978,0,3,892,351
2020-05-10,France,NA,Nouvelle-Aquitaine,5956978,0,2,892,353
2020-05-11,France,NA,Nouvelle-Aquitaine,5956978,23,5,915,358
2020-05-12,France,NA,Nouvelle-Aquitaine,5956978,14,4,929,362
2020-05-13,France,NA,Nouvelle-Aquitaine,5956978,38,2,967,364
2020-05-14,France,NA,Nouvelle-Aquitaine,5956978,23,3,990,367
2020-05-15,France,NA,Nouvelle-Aquitaine,5956978,30,3,1020,370
2020-05-16,France,NA,Nouvelle-Aquitaine,5956978,8,1,1028,371
2020-05-17,France,NA,Nouvelle-Aquitaine,5956978,2,2,1030,373
2020-05-18,France,NA,Nouvelle-Aquitaine,5956978,52,3,1082,376
2020-05-19,France,NA,Nouvelle-Aquitaine,5956978,77,1,1159,377
2020-05-20,France,NA,Nouvelle-Aquitaine,5956978,61,3,1220,380
2020-05-21,France,NA,Nouvelle-Aquitaine,5956978,1,0,1221,380
2020-05-22,France,NA,Nouvelle-Aquitaine,5956978,56,1,1277,381
2020-05-23,France,NA,Nouvelle-Aquitaine,5956978,20,1,1297,382
2020-05-24,France,NA,Nouvelle-Aquitaine,5956978,0,0,1297,382
2020-05-25,France,NA,Nouvelle-Aquitaine,5956978,29,3,1326,385
2020-05-26,France,NA,Nouvelle-Aquitaine,5956978,43,3,1369,388
2020-05-27,France,NA,Nouvelle-Aquitaine,5956978,42,2,1411,390
2020-05-28,France,NA,Nouvelle-Aquitaine,5956978,24,4,1435,394
2020-05-29,France,NA,Nouvelle-Aquitaine,5956978,14,0,1449,394
2020-05-30,France,NA,Nouvelle-Aquitaine,5956978,14,0,1463,394
2020-05-31,France,NA,Nouvelle-Aquitaine,5956978,1,1,1464,395
2020-06-01,France,NA,Nouvelle-Aquitaine,5956978,5,0,1469,395
2020-06-02,France,NA,Nouvelle-Aquitaine,5956978,12,3,1481,398
2020-06-03,France,NA,Nouvelle-Aquitaine,5956978,24,2,1505,400
2020-06-04,France,NA,Nouvelle-Aquitaine,5956978,10,0,1515,400
2020-06-05,France,NA,Nouvelle-Aquitaine,5956978,8,1,1523,401
2020-06-06,France,NA,Nouvelle-Aquitaine,5956978,7,2,1530,403
2020-06-07,France,NA,Nouvelle-Aquitaine,5956978,1,0,1531,403
2020-06-08,France,NA,Nouvelle-Aquitaine,5956978,6,0,1537,403
2020-06-09,France,NA,Nouvelle-Aquitaine,5956978,7,2,1544,405
2020-06-10,France,NA,Nouvelle-Aquitaine,5956978,14,1,1558,406
2020-06-11,France,NA,Nouvelle-Aquitaine,5956978,12,1,1570,407
2020-06-12,France,NA,Nouvelle-Aquitaine,5956978,9,1,1579,408
2020-06-13,France,NA,Nouvelle-Aquitaine,5956978,7,0,1586,408
2020-06-14,France,NA,Nouvelle-Aquitaine,5956978,1,0,1587,408
2020-06-15,France,NA,Nouvelle-Aquitaine,5956978,2,2,1589,410
2020-06-16,France,NA,Nouvelle-Aquitaine,5956978,2,1,1591,411
2020-06-17,France,NA,Nouvelle-Aquitaine,5956978,4,0,1595,411
2020-06-18,France,NA,Nouvelle-Aquitaine,5956978,14,1,1609,412
2020-06-19,France,NA,Nouvelle-Aquitaine,5956978,16,0,1625,412
2020-06-20,France,NA,Nouvelle-Aquitaine,5956978,6,0,1631,412
2020-06-21,France,NA,Nouvelle-Aquitaine,5956978,3,0,1634,412
2020-06-22,France,NA,Nouvelle-Aquitaine,5956978,8,0,1642,412
2020-06-23,France,NA,Nouvelle-Aquitaine,5956978,12,0,1654,412
2020-06-24,France,NA,Nouvelle-Aquitaine,5956978,7,0,1661,412
2020-06-25,France,NA,Nouvelle-Aquitaine,5956978,2,0,1663,412
2020-06-26,France,NA,Nouvelle-Aquitaine,5956978,14,1,1677,413
2020-06-27,France,NA,Nouvelle-Aquitaine,5956978,3,5,1680,418
2020-06-28,France,NA,Nouvelle-Aquitaine,5956978,4,0,1684,418
2020-06-29,France,NA,Nouvelle-Aquitaine,5956978,6,0,1690,418
2020-06-30,France,NA,Nouvelle-Aquitaine,5956978,12,0,1702,418
2020-07-01,France,NA,Nouvelle-Aquitaine,5956978,23,0,1725,418
2020-07-02,France,NA,Nouvelle-Aquitaine,5956978,12,1,1737,419
2020-07-03,France,NA,Nouvelle-Aquitaine,5956978,11,1,1748,420
2020-07-04,France,NA,Nouvelle-Aquitaine,5956978,7,1,1755,421
2020-07-05,France,NA,Nouvelle-Aquitaine,5956978,2,0,1757,421
2020-07-06,France,NA,Nouvelle-Aquitaine,5956978,13,0,1770,421
2020-07-07,France,NA,Nouvelle-Aquitaine,5956978,14,0,1784,421
2020-07-08,France,NA,Nouvelle-Aquitaine,5956978,35,0,1819,421
2020-07-09,France,NA,Nouvelle-Aquitaine,5956978,11,0,1830,421
2020-07-10,France,NA,Nouvelle-Aquitaine,5956978,26,1,1856,422
2020-07-11,France,NA,Nouvelle-Aquitaine,5956978,4,0,1860,422
2020-07-12,France,NA,Nouvelle-Aquitaine,5956978,1,0,1861,422
2020-07-13,France,NA,Nouvelle-Aquitaine,5956978,16,1,1877,423
2020-07-14,France,NA,Nouvelle-Aquitaine,5956978,4,0,1881,423
2020-07-15,France,NA,Nouvelle-Aquitaine,5956978,29,0,1910,423
2020-07-16,France,NA,Nouvelle-Aquitaine,5956978,30,1,1940,424
2020-07-17,France,NA,Nouvelle-Aquitaine,5956978,45,0,1985,424
2020-07-18,France,NA,Nouvelle-Aquitaine,5956978,17,0,2002,424
2020-07-19,France,NA,Nouvelle-Aquitaine,5956978,6,0,2008,424
2020-07-20,France,NA,Nouvelle-Aquitaine,5956978,19,0,2027,424
2020-07-21,France,NA,Nouvelle-Aquitaine,5956978,26,0,2053,424
2020-07-22,France,NA,Nouvelle-Aquitaine,5956978,43,0,2096,424
2020-07-23,France,NA,Nouvelle-Aquitaine,5956978,32,0,2128,424
2020-07-24,France,NA,Nouvelle-Aquitaine,5956978,48,0,2176,424
2020-07-25,France,NA,Nouvelle-Aquitaine,5956978,12,0,2188,424
2020-07-26,France,NA,Nouvelle-Aquitaine,5956978,6,0,2194,424
2020-07-27,France,NA,Nouvelle-Aquitaine,5956978,32,0,2226,424
2020-07-28,France,NA,Nouvelle-Aquitaine,5956978,23,0,2249,424
2020-07-29,France,NA,Nouvelle-Aquitaine,5956978,25,1,2274,425
2020-07-30,France,NA,Nouvelle-Aquitaine,5956978,28,0,2302,425
2020-07-31,France,NA,Nouvelle-Aquitaine,5956978,28,0,2330,425
2020-08-01,France,NA,Nouvelle-Aquitaine,5956978,22,0,2352,425
2020-08-02,France,NA,Nouvelle-Aquitaine,5956978,4,0,2356,425
2020-08-03,France,NA,Nouvelle-Aquitaine,5956978,42,0,2398,425
2020-08-04,France,NA,Nouvelle-Aquitaine,5956978,39,1,2437,426
2020-08-05,France,NA,Nouvelle-Aquitaine,5956978,40,0,2477,426
2020-08-06,France,NA,Nouvelle-Aquitaine,5956978,67,0,2544,426
2020-08-07,France,NA,Nouvelle-Aquitaine,5956978,62,1,2606,427
2020-08-08,France,NA,Nouvelle-Aquitaine,5956978,19,0,2625,427
2020-08-09,France,NA,Nouvelle-Aquitaine,5956978,12,0,2637,427
2020-08-10,France,NA,Nouvelle-Aquitaine,5956978,92,1,2729,428
2020-08-11,France,NA,Nouvelle-Aquitaine,5956978,91,0,2820,428
2020-08-12,France,NA,Nouvelle-Aquitaine,5956978,115,0,2935,428
2020-08-13,France,NA,Nouvelle-Aquitaine,5956978,142,1,3077,429
2020-08-14,France,NA,Nouvelle-Aquitaine,5956978,132,0,3209,429
2020-08-15,France,NA,Nouvelle-Aquitaine,5956978,43,0,3252,429
2020-08-16,France,NA,Nouvelle-Aquitaine,5956978,42,0,3294,429
2020-08-17,France,NA,Nouvelle-Aquitaine,5956978,230,1,3524,430
2020-08-18,France,NA,Nouvelle-Aquitaine,5956978,337,0,3861,430
2020-08-19,France,NA,Nouvelle-Aquitaine,5956978,305,0,4166,430
2020-08-20,France,NA,Nouvelle-Aquitaine,5956978,318,0,4484,430
2020-08-21,France,NA,Nouvelle-Aquitaine,5956978,313,0,4797,430
2020-08-22,France,NA,Nouvelle-Aquitaine,5956978,221,0,5018,430
2020-08-23,France,NA,Nouvelle-Aquitaine,5956978,133,0,5151,430
2020-08-24,France,NA,Nouvelle-Aquitaine,5956978,435,1,5586,431
2020-08-25,France,NA,Nouvelle-Aquitaine,5956978,478,0,6064,431
2020-08-26,France,NA,Nouvelle-Aquitaine,5956978,481,1,6545,432
2020-08-27,France,NA,Nouvelle-Aquitaine,5956978,568,0,7113,432
2020-08-28,France,NA,Nouvelle-Aquitaine,5956978,460,1,7573,433
2020-03-20,France,NA,Occitanie,5845102,60,4,155,21
2020-03-21,France,NA,Occitanie,5845102,13,3,168,24
2020-03-22,France,NA,Occitanie,5845102,19,1,187,25
2020-03-23,France,NA,Occitanie,5845102,105,7,292,32
2020-03-24,France,NA,Occitanie,5845102,109,7,401,39
2020-03-25,France,NA,Occitanie,5845102,104,7,505,46
2020-03-26,France,NA,Occitanie,5845102,124,8,629,54
2020-03-27,France,NA,Occitanie,5845102,100,7,729,61
2020-03-28,France,NA,Occitanie,5845102,34,7,763,68
2020-03-29,France,NA,Occitanie,5845102,5,8,768,76
2020-03-30,France,NA,Occitanie,5845102,132,6,900,82
2020-03-31,France,NA,Occitanie,5845102,101,9,1001,91
2020-04-01,France,NA,Occitanie,5845102,114,17,1115,108
2020-04-02,France,NA,Occitanie,5845102,97,11,1212,119
2020-04-03,France,NA,Occitanie,5845102,90,12,1302,131
2020-04-04,France,NA,Occitanie,5845102,22,17,1324,148
2020-04-05,France,NA,Occitanie,5845102,5,10,1329,158
2020-04-06,France,NA,Occitanie,5845102,86,14,1415,172
2020-04-07,France,NA,Occitanie,5845102,74,8,1489,180
2020-04-08,France,NA,Occitanie,5845102,83,15,1572,195
2020-04-09,France,NA,Occitanie,5845102,65,8,1637,203
2020-04-10,France,NA,Occitanie,5845102,100,19,1737,222
2020-04-11,France,NA,Occitanie,5845102,10,11,1747,233
2020-04-12,France,NA,Occitanie,5845102,2,6,1749,239
2020-04-13,France,NA,Occitanie,5845102,8,9,1757,248
2020-04-14,France,NA,Occitanie,5845102,85,18,1842,266
2020-04-15,France,NA,Occitanie,5845102,54,12,1896,278
2020-04-16,France,NA,Occitanie,5845102,53,3,1949,281
2020-04-17,France,NA,Occitanie,5845102,57,9,2006,290
2020-04-18,France,NA,Occitanie,5845102,10,2,2016,292
2020-04-19,France,NA,Occitanie,5845102,3,3,2019,295
2020-04-20,France,NA,Occitanie,5845102,49,17,2068,312
2020-04-21,France,NA,Occitanie,5845102,40,10,2108,322
2020-04-22,France,NA,Occitanie,5845102,32,6,2140,328
2020-04-23,France,NA,Occitanie,5845102,42,14,2182,342
2020-04-24,France,NA,Occitanie,5845102,36,14,2218,356
2020-04-25,France,NA,Occitanie,5845102,7,5,2225,361
2020-04-26,France,NA,Occitanie,5845102,5,1,2230,362
2020-04-27,France,NA,Occitanie,5845102,16,11,2246,373
2020-04-28,France,NA,Occitanie,5845102,21,7,2267,380
2020-04-29,France,NA,Occitanie,5845102,44,10,2311,390
2020-04-30,France,NA,Occitanie,5845102,20,11,2331,401
2020-05-01,France,NA,Occitanie,5845102,0,0,2331,394
2020-05-02,France,NA,Occitanie,5845102,6,15,2337,409
2020-05-03,France,NA,Occitanie,5845102,5,1,2342,410
2020-05-04,France,NA,Occitanie,5845102,45,14,2387,424
2020-05-05,France,NA,Occitanie,5845102,38,12,2425,436
2020-05-06,France,NA,Occitanie,5845102,19,5,2444,441
2020-05-07,France,NA,Occitanie,5845102,29,7,2473,448
2020-05-08,France,NA,Occitanie,5845102,3,2,2476,450
2020-05-09,France,NA,Occitanie,5845102,8,2,2484,452
2020-05-10,France,NA,Occitanie,5845102,8,1,2492,453
2020-05-11,France,NA,Occitanie,5845102,28,1,2520,454
2020-05-12,France,NA,Occitanie,5845102,22,5,2542,459
2020-05-13,France,NA,Occitanie,5845102,57,1,2599,460
2020-05-14,France,NA,Occitanie,5845102,89,5,2688,465
2020-05-15,France,NA,Occitanie,5845102,78,2,2766,467
2020-05-16,France,NA,Occitanie,5845102,10,2,2776,469
2020-05-17,France,NA,Occitanie,5845102,6,1,2782,470
2020-05-18,France,NA,Occitanie,5845102,85,2,2867,472
2020-05-19,France,NA,Occitanie,5845102,55,0,2922,471
2020-05-20,France,NA,Occitanie,5845102,51,6,2973,477
2020-05-21,France,NA,Occitanie,5845102,1,1,2974,478
2020-05-22,France,NA,Occitanie,5845102,24,3,2998,481
2020-05-23,France,NA,Occitanie,5845102,10,1,3008,482
2020-05-24,France,NA,Occitanie,5845102,7,1,3015,483
2020-05-25,France,NA,Occitanie,5845102,22,3,3037,486
2020-05-26,France,NA,Occitanie,5845102,18,2,3055,488
2020-05-27,France,NA,Occitanie,5845102,32,0,3087,488
2020-05-28,France,NA,Occitanie,5845102,13,3,3100,491
2020-05-29,France,NA,Occitanie,5845102,27,1,3127,492
2020-05-30,France,NA,Occitanie,5845102,11,0,3138,492
2020-05-31,France,NA,Occitanie,5845102,1,3,3139,495
2020-06-01,France,NA,Occitanie,5845102,2,1,3141,496
2020-06-02,France,NA,Occitanie,5845102,19,1,3160,497
2020-06-03,France,NA,Occitanie,5845102,16,2,3176,499
2020-06-04,France,NA,Occitanie,5845102,34,0,3210,499
2020-06-05,France,NA,Occitanie,5845102,18,2,3228,501
2020-06-06,France,NA,Occitanie,5845102,8,1,3236,502
2020-06-07,France,NA,Occitanie,5845102,1,0,3237,502
2020-06-08,France,NA,Occitanie,5845102,16,0,3253,502
2020-06-09,France,NA,Occitanie,5845102,43,1,3296,503
2020-06-10,France,NA,Occitanie,5845102,45,0,3341,503
2020-06-11,France,NA,Occitanie,5845102,48,1,3389,504
2020-06-12,France,NA,Occitanie,5845102,45,2,3434,506
2020-06-13,France,NA,Occitanie,5845102,4,0,3438,506
2020-06-14,France,NA,Occitanie,5845102,1,0,3439,506
2020-06-15,France,NA,Occitanie,5845102,14,2,3453,508
2020-06-16,France,NA,Occitanie,5845102,13,0,3466,508
2020-06-17,France,NA,Occitanie,5845102,15,0,3481,508
2020-06-18,France,NA,Occitanie,5845102,21,0,3502,508
2020-06-19,France,NA,Occitanie,5845102,37,0,3539,508
2020-06-20,France,NA,Occitanie,5845102,1,0,3540,508
2020-06-21,France,NA,Occitanie,5845102,3,0,3543,508
2020-06-22,France,NA,Occitanie,5845102,25,0,3568,508
2020-06-23,France,NA,Occitanie,5845102,21,0,3589,508
2020-06-24,France,NA,Occitanie,5845102,24,2,3613,510
2020-06-25,France,NA,Occitanie,5845102,12,1,3625,511
2020-06-26,France,NA,Occitanie,5845102,34,0,3659,511
2020-06-27,France,NA,Occitanie,5845102,5,0,3664,2
2020-06-28,France,NA,Occitanie,5845102,5,0,3669,2
2020-06-29,France,NA,Occitanie,5845102,27,0,3696,2
2020-06-30,France,NA,Occitanie,5845102,27,510,3723,512
2020-07-01,France,NA,Occitanie,5845102,25,0,3748,512
2020-07-02,France,NA,Occitanie,5845102,20,0,3768,512
2020-07-03,France,NA,Occitanie,5845102,21,0,3789,512
2020-07-04,France,NA,Occitanie,5845102,5,0,3794,512
2020-07-05,France,NA,Occitanie,5845102,3,0,3797,512
2020-07-06,France,NA,Occitanie,5845102,13,0,3810,512
2020-07-07,France,NA,Occitanie,5845102,15,0,3825,512
2020-07-08,France,NA,Occitanie,5845102,25,0,3850,512
2020-07-09,France,NA,Occitanie,5845102,32,0,3882,512
2020-07-10,France,NA,Occitanie,5845102,24,1,3906,513
2020-07-11,France,NA,Occitanie,5845102,7,0,3913,513
2020-07-12,France,NA,Occitanie,5845102,3,0,3916,513
2020-07-13,France,NA,Occitanie,5845102,22,0,3938,513
2020-07-14,France,NA,Occitanie,5845102,3,0,3941,513
2020-07-15,France,NA,Occitanie,5845102,23,0,3964,513
2020-07-16,France,NA,Occitanie,5845102,40,0,4004,513
2020-07-17,France,NA,Occitanie,5845102,38,0,4042,513
2020-07-18,France,NA,Occitanie,5845102,18,0,4060,513
2020-07-19,France,NA,Occitanie,5845102,2,0,4062,513
2020-07-20,France,NA,Occitanie,5845102,58,0,4120,513
2020-07-21,France,NA,Occitanie,5845102,63,0,4183,513
2020-07-22,France,NA,Occitanie,5845102,61,0,4244,513
2020-07-23,France,NA,Occitanie,5845102,84,0,4328,513
2020-07-24,France,NA,Occitanie,5845102,77,0,4405,513
2020-07-25,France,NA,Occitanie,5845102,38,0,4443,513
2020-07-26,France,NA,Occitanie,5845102,5,0,4448,513
2020-07-27,France,NA,Occitanie,5845102,68,0,4516,513
2020-07-28,France,NA,Occitanie,5845102,83,0,4599,513
2020-07-29,France,NA,Occitanie,5845102,101,1,4700,514
2020-07-30,France,NA,Occitanie,5845102,107,0,4807,514
2020-07-31,France,NA,Occitanie,5845102,117,0,4924,514
2020-08-01,France,NA,Occitanie,5845102,39,0,4963,514
2020-08-02,France,NA,Occitanie,5845102,16,0,4979,514
2020-08-03,France,NA,Occitanie,5845102,137,1,5116,515
2020-08-04,France,NA,Occitanie,5845102,132,0,5248,515
2020-08-05,France,NA,Occitanie,5845102,139,0,5387,515
2020-08-06,France,NA,Occitanie,5845102,180,0,5567,515
2020-08-07,France,NA,Occitanie,5845102,161,0,5728,515
2020-08-08,France,NA,Occitanie,5845102,71,0,5799,515
2020-08-09,France,NA,Occitanie,5845102,33,0,5832,515
2020-08-10,France,NA,Occitanie,5845102,190,0,6022,515
2020-08-11,France,NA,Occitanie,5845102,229,1,6251,516
2020-08-12,France,NA,Occitanie,5845102,304,0,6555,516
2020-08-13,France,NA,Occitanie,5845102,327,0,6882,516
2020-08-14,France,NA,Occitanie,5845102,342,0,7224,516
2020-08-15,France,NA,Occitanie,5845102,70,0,7294,516
2020-08-16,France,NA,Occitanie,5845102,41,0,7335,516
2020-08-17,France,NA,Occitanie,5845102,495,2,7830,518
2020-08-18,France,NA,Occitanie,5845102,520,0,8350,518
2020-08-19,France,NA,Occitanie,5845102,447,1,8797,519
2020-08-20,France,NA,Occitanie,5845102,509,1,9306,520
2020-08-21,France,NA,Occitanie,5845102,430,0,9736,520
2020-08-22,France,NA,Occitanie,5845102,194,0,9930,520
2020-08-23,France,NA,Occitanie,5845102,100,0,10030,520
2020-08-24,France,NA,Occitanie,5845102,557,1,10587,521
2020-08-25,France,NA,Occitanie,5845102,562,0,11149,521
2020-08-26,France,NA,Occitanie,5845102,407,0,11556,521
2020-08-27,France,NA,Occitanie,5845102,365,2,11921,523
2020-08-28,France,NA,Occitanie,5845102,379,1,12300,524
2020-05-14,France,NA,Pays de la Loire,3757600,25,7,123,395
2020-05-15,France,NA,Pays de la Loire,3757600,37,6,160,401
2020-05-16,France,NA,Pays de la Loire,3757600,17,6,177,407
2020-05-17,France,NA,Pays de la Loire,3757600,5,0,182,407
2020-05-18,France,NA,Pays de la Loire,3757600,49,7,231,414
2020-05-19,France,NA,Pays de la Loire,3757600,42,1,273,415
2020-05-20,France,NA,Pays de la Loire,3757600,64,2,337,417
2020-05-21,France,NA,Pays de la Loire,3757600,18,3,355,420
2020-05-22,France,NA,Pays de la Loire,3757600,39,2,394,422
2020-05-23,France,NA,Pays de la Loire,3757600,9,3,403,425
2020-05-24,France,NA,Pays de la Loire,3757600,8,2,411,427
2020-05-25,France,NA,Pays de la Loire,3757600,24,2,435,429
2020-05-26,France,NA,Pays de la Loire,3757600,36,1,471,430
2020-05-27,France,NA,Pays de la Loire,3757600,56,4,527,434
2020-05-28,France,NA,Pays de la Loire,3757600,41,0,568,434
2020-05-29,France,NA,Pays de la Loire,3757600,41,3,609,437
2020-05-30,France,NA,Pays de la Loire,3757600,23,0,632,437
2020-05-31,France,NA,Pays de la Loire,3757600,18,2,650,439
2020-06-01,France,NA,Pays de la Loire,3757600,7,0,657,439
2020-06-02,France,NA,Pays de la Loire,3757600,49,2,706,441
2020-06-03,France,NA,Pays de la Loire,3757600,22,2,728,443
2020-06-04,France,NA,Pays de la Loire,3757600,19,2,747,445
2020-06-05,France,NA,Pays de la Loire,3757600,44,5,791,450
2020-06-06,France,NA,Pays de la Loire,3757600,12,0,803,450
2020-06-07,France,NA,Pays de la Loire,3757600,6,2,809,452
2020-06-08,France,NA,Pays de la Loire,3757600,29,2,838,454
2020-06-09,France,NA,Pays de la Loire,3757600,25,1,863,455
2020-06-10,France,NA,Pays de la Loire,3757600,27,1,890,456
2020-06-11,France,NA,Pays de la Loire,3757600,14,3,904,459
2020-06-12,France,NA,Pays de la Loire,3757600,24,1,928,460
2020-06-13,France,NA,Pays de la Loire,3757600,9,0,937,460
2020-06-14,France,NA,Pays de la Loire,3757600,1,1,938,461
2020-06-15,France,NA,Pays de la Loire,3757600,18,0,956,461
2020-06-16,France,NA,Pays de la Loire,3757600,23,0,979,461
2020-06-17,France,NA,Pays de la Loire,3757600,13,1,992,462
2020-06-18,France,NA,Pays de la Loire,3757600,17,2,1009,464
2020-06-19,France,NA,Pays de la Loire,3757600,21,0,1030,464
2020-06-20,France,NA,Pays de la Loire,3757600,15,0,1045,464
2020-06-21,France,NA,Pays de la Loire,3757600,1,1,1046,465
2020-06-22,France,NA,Pays de la Loire,3757600,15,0,1061,465
2020-06-23,France,NA,Pays de la Loire,3757600,15,0,1076,465
2020-06-24,France,NA,Pays de la Loire,3757600,16,2,1092,467
2020-06-25,France,NA,Pays de la Loire,3757600,11,0,1103,467
2020-06-26,France,NA,Pays de la Loire,3757600,16,0,1119,467
2020-06-27,France,NA,Pays de la Loire,3757600,13,0,1132,467
2020-06-28,France,NA,Pays de la Loire,3757600,3,0,1135,467
2020-06-29,France,NA,Pays de la Loire,3757600,48,0,1183,467
2020-06-30,France,NA,Pays de la Loire,3757600,48,0,1231,467
2020-07-01,France,NA,Pays de la Loire,3757600,34,1,1265,468
2020-07-02,France,NA,Pays de la Loire,3757600,28,1,1293,469
2020-07-03,France,NA,Pays de la Loire,3757600,30,0,1323,469
2020-07-04,France,NA,Pays de la Loire,3757600,20,0,1343,469
2020-07-05,France,NA,Pays de la Loire,3757600,5,0,1348,469
2020-07-06,France,NA,Pays de la Loire,3757600,25,0,1373,469
2020-07-07,France,NA,Pays de la Loire,3757600,25,1,1398,470
2020-07-08,France,NA,Pays de la Loire,3757600,44,0,1442,470
2020-07-09,France,NA,Pays de la Loire,3757600,35,0,1477,470
2020-07-10,France,NA,Pays de la Loire,3757600,76,0,1553,470
2020-07-11,France,NA,Pays de la Loire,3757600,52,0,1605,470
2020-07-12,France,NA,Pays de la Loire,3757600,16,0,1621,470
2020-07-13,France,NA,Pays de la Loire,3757600,84,0,1705,470
2020-07-14,France,NA,Pays de la Loire,3757600,14,0,1719,470
2020-07-15,France,NA,Pays de la Loire,3757600,62,0,1781,470
2020-07-16,France,NA,Pays de la Loire,3757600,61,0,1842,470
2020-07-17,France,NA,Pays de la Loire,3757600,107,0,1949,470
2020-07-18,France,NA,Pays de la Loire,3757600,63,1,2012,471
2020-07-19,France,NA,Pays de la Loire,3757600,24,0,2036,471
2020-07-20,France,NA,Pays de la Loire,3757600,125,0,2161,471
2020-07-21,France,NA,Pays de la Loire,3757600,127,3,2288,474
2020-07-22,France,NA,Pays de la Loire,3757600,113,1,2401,475
2020-07-23,France,NA,Pays de la Loire,3757600,142,0,2543,475
2020-07-24,France,NA,Pays de la Loire,3757600,126,0,2669,475
2020-07-25,France,NA,Pays de la Loire,3757600,49,0,2718,475
2020-07-26,France,NA,Pays de la Loire,3757600,11,0,2729,475
2020-07-27,France,NA,Pays de la Loire,3757600,79,0,2808,475
2020-07-28,France,NA,Pays de la Loire,3757600,89,0,2897,475
2020-07-29,France,NA,Pays de la Loire,3757600,76,0,2973,475
2020-07-30,France,NA,Pays de la Loire,3757600,73,1,3046,476
2020-07-31,France,NA,Pays de la Loire,3757600,100,0,3146,476
2020-08-01,France,NA,Pays de la Loire,3757600,50,0,3196,476
2020-08-02,France,NA,Pays de la Loire,3757600,11,0,3207,476
2020-08-03,France,NA,Pays de la Loire,3757600,82,1,3289,477
2020-08-04,France,NA,Pays de la Loire,3757600,100,0,3389,477
2020-08-05,France,NA,Pays de la Loire,3757600,100,1,3489,478
2020-08-06,France,NA,Pays de la Loire,3757600,101,0,3590,478
2020-08-07,France,NA,Pays de la Loire,3757600,110,0,3700,478
2020-08-08,France,NA,Pays de la Loire,3757600,40,0,3740,478
2020-08-09,France,NA,Pays de la Loire,3757600,16,0,3756,478
2020-08-10,France,NA,Pays de la Loire,3757600,108,2,3864,480
2020-08-11,France,NA,Pays de la Loire,3757600,94,0,3958,480
2020-08-12,France,NA,Pays de la Loire,3757600,104,1,4062,481
2020-08-13,France,NA,Pays de la Loire,3757600,154,2,4216,483
2020-08-14,France,NA,Pays de la Loire,3757600,221,0,4437,483
2020-08-15,France,NA,Pays de la Loire,3757600,59,0,4496,483
2020-08-16,France,NA,Pays de la Loire,3757600,63,0,4559,483
2020-08-17,France,NA,Pays de la Loire,3757600,179,2,4738,485
2020-08-18,France,NA,Pays de la Loire,3757600,185,0,4923,485
2020-08-19,France,NA,Pays de la Loire,3757600,226,2,5149,487
2020-08-20,France,NA,Pays de la Loire,3757600,191,0,5340,487
2020-08-21,France,NA,Pays de la Loire,3757600,164,0,5504,487
2020-08-22,France,NA,Pays de la Loire,3757600,57,1,5561,488
2020-08-23,France,NA,Pays de la Loire,3757600,27,0,5588,488
2020-08-24,France,NA,Pays de la Loire,3757600,178,1,5766,489
2020-08-25,France,NA,Pays de la Loire,3757600,177,0,5943,489
2020-08-26,France,NA,Pays de la Loire,3757600,154,1,6097,490
2020-08-27,France,NA,Pays de la Loire,3757600,178,0,6275,490
2020-08-28,France,NA,Pays de la Loire,3757600,216,2,6491,492
2020-03-20,France,NA,Provence-Alpes-Cote d'Azur,5030890,46,2,122,11
2020-03-21,France,NA,Provence-Alpes-Cote d'Azur,5030890,11,2,133,13
2020-03-22,France,NA,Provence-Alpes-Cote d'Azur,5030890,4,1,137,14
2020-03-23,France,NA,Provence-Alpes-Cote d'Azur,5030890,165,6,302,20
2020-03-24,France,NA,Provence-Alpes-Cote d'Azur,5030890,217,6,519,26
2020-03-25,France,NA,Provence-Alpes-Cote d'Azur,5030890,197,7,716,33
2020-03-26,France,NA,Provence-Alpes-Cote d'Azur,5030890,219,11,935,44
2020-03-27,France,NA,Provence-Alpes-Cote d'Azur,5030890,239,4,1174,48
2020-03-28,France,NA,Provence-Alpes-Cote d'Azur,5030890,26,7,1200,55
2020-03-29,France,NA,Provence-Alpes-Cote d'Azur,5030890,5,10,1205,65
2020-03-30,France,NA,Provence-Alpes-Cote d'Azur,5030890,289,15,1494,80
2020-03-31,France,NA,Provence-Alpes-Cote d'Azur,5030890,195,23,1689,103
2020-04-01,France,NA,Provence-Alpes-Cote d'Azur,5030890,156,21,1845,124
2020-04-02,France,NA,Provence-Alpes-Cote d'Azur,5030890,148,17,1993,141
2020-04-03,France,NA,Provence-Alpes-Cote d'Azur,5030890,119,20,2112,161
2020-04-04,France,NA,Provence-Alpes-Cote d'Azur,5030890,20,17,2132,178
2020-04-05,France,NA,Provence-Alpes-Cote d'Azur,5030890,4,17,2136,195
2020-04-06,France,NA,Provence-Alpes-Cote d'Azur,5030890,196,36,2332,231
2020-04-07,France,NA,Provence-Alpes-Cote d'Azur,5030890,141,22,2473,253
2020-04-08,France,NA,Provence-Alpes-Cote d'Azur,5030890,210,16,2683,269
2020-04-09,France,NA,Provence-Alpes-Cote d'Azur,5030890,148,17,2831,286
2020-04-10,France,NA,Provence-Alpes-Cote d'Azur,5030890,208,13,3039,299
2020-04-11,France,NA,Provence-Alpes-Cote d'Azur,5030890,24,18,3063,317
2020-04-12,France,NA,Provence-Alpes-Cote d'Azur,5030890,2,11,3065,328
2020-04-13,France,NA,Provence-Alpes-Cote d'Azur,5030890,10,20,3075,348
2020-04-14,France,NA,Provence-Alpes-Cote d'Azur,5030890,154,26,3229,374
2020-04-15,France,NA,Provence-Alpes-Cote d'Azur,5030890,132,19,3361,393
2020-04-16,France,NA,Provence-Alpes-Cote d'Azur,5030890,94,28,3455,421
2020-04-17,France,NA,Provence-Alpes-Cote d'Azur,5030890,81,26,3536,447
2020-04-18,France,NA,Provence-Alpes-Cote d'Azur,5030890,14,16,3550,463
2020-04-19,France,NA,Provence-Alpes-Cote d'Azur,5030890,0,7,3550,470
2020-04-20,France,NA,Provence-Alpes-Cote d'Azur,5030890,63,29,3613,499
2020-04-21,France,NA,Provence-Alpes-Cote d'Azur,5030890,46,27,3659,526
2020-04-22,France,NA,Provence-Alpes-Cote d'Azur,5030890,55,35,3714,561
2020-04-23,France,NA,Provence-Alpes-Cote d'Azur,5030890,44,14,3758,575
2020-04-24,France,NA,Provence-Alpes-Cote d'Azur,5030890,31,35,3789,610
2020-04-25,France,NA,Provence-Alpes-Cote d'Azur,5030890,7,15,3796,625
2020-04-26,France,NA,Provence-Alpes-Cote d'Azur,5030890,0,6,3796,631
2020-04-27,France,NA,Provence-Alpes-Cote d'Azur,5030890,39,25,3835,656
2020-04-28,France,NA,Provence-Alpes-Cote d'Azur,5030890,25,9,3860,665
2020-04-29,France,NA,Provence-Alpes-Cote d'Azur,5030890,35,17,3895,682
2020-04-30,France,NA,Provence-Alpes-Cote d'Azur,5030890,25,14,3920,696
2020-05-01,France,NA,Provence-Alpes-Cote d'Azur,5030890,0,8,3920,704
2020-05-02,France,NA,Provence-Alpes-Cote d'Azur,5030890,5,4,3925,708
2020-05-03,France,NA,Provence-Alpes-Cote d'Azur,5030890,0,5,3925,713
2020-05-04,France,NA,Provence-Alpes-Cote d'Azur,5030890,24,19,3949,732
2020-05-05,France,NA,Provence-Alpes-Cote d'Azur,5030890,64,14,4013,746
2020-05-06,France,NA,Provence-Alpes-Cote d'Azur,5030890,31,10,4044,756
2020-05-07,France,NA,Provence-Alpes-Cote d'Azur,5030890,16,8,4060,764
2020-05-08,France,NA,Provence-Alpes-Cote d'Azur,5030890,3,6,4063,770
2020-05-09,France,NA,Provence-Alpes-Cote d'Azur,5030890,1,3,4064,773
2020-05-10,France,NA,Provence-Alpes-Cote d'Azur,5030890,0,4,4064,777
2020-05-11,France,NA,Provence-Alpes-Cote d'Azur,5030890,20,20,4084,797
2020-05-12,France,NA,Provence-Alpes-Cote d'Azur,5030890,18,8,4102,805
2020-05-13,France,NA,Provence-Alpes-Cote d'Azur,5030890,86,11,4188,816
2020-05-14,France,NA,Provence-Alpes-Cote d'Azur,5030890,93,8,4281,824
2020-05-15,France,NA,Provence-Alpes-Cote d'Azur,5030890,74,7,4355,831
2020-05-16,France,NA,Provence-Alpes-Cote d'Azur,5030890,15,5,4370,836
2020-05-17,France,NA,Provence-Alpes-Cote d'Azur,5030890,6,4,4376,840
2020-05-18,France,NA,Provence-Alpes-Cote d'Azur,5030890,119,9,4495,849
2020-05-19,France,NA,Provence-Alpes-Cote d'Azur,5030890,59,6,4554,855
2020-05-20,France,NA,Provence-Alpes-Cote d'Azur,5030890,61,7,4615,862
2020-05-21,France,NA,Provence-Alpes-Cote d'Azur,5030890,9,7,4624,869
2020-05-22,France,NA,Provence-Alpes-Cote d'Azur,5030890,42,5,4666,874
2020-05-23,France,NA,Provence-Alpes-Cote d'Azur,5030890,12,2,4678,876
2020-05-24,France,NA,Provence-Alpes-Cote d'Azur,5030890,4,2,4682,878
2020-05-25,France,NA,Provence-Alpes-Cote d'Azur,5030890,41,6,4723,884
2020-05-26,France,NA,Provence-Alpes-Cote d'Azur,5030890,42,5,4765,889
2020-05-27,France,NA,Provence-Alpes-Cote d'Azur,5030890,40,1,4805,890
2020-05-28,France,NA,Provence-Alpes-Cote d'Azur,5030890,48,3,4853,893
2020-05-29,France,NA,Provence-Alpes-Cote d'Azur,5030890,18,5,4871,898
2020-05-30,France,NA,Provence-Alpes-Cote d'Azur,5030890,11,0,4882,898
2020-05-31,France,NA,Provence-Alpes-Cote d'Azur,5030890,21,0,4903,898
2020-06-01,France,NA,Provence-Alpes-Cote d'Azur,5030890,8,0,4911,898
2020-06-02,France,NA,Provence-Alpes-Cote d'Azur,5030890,50,10,4961,908
2020-06-03,France,NA,Provence-Alpes-Cote d'Azur,5030890,61,3,5022,911
2020-06-04,France,NA,Provence-Alpes-Cote d'Azur,5030890,90,1,5112,912
2020-06-05,France,NA,Provence-Alpes-Cote d'Azur,5030890,47,1,5159,913
2020-06-06,France,NA,Provence-Alpes-Cote d'Azur,5030890,21,0,5180,913
2020-06-07,France,NA,Provence-Alpes-Cote d'Azur,5030890,6,0,5186,913
2020-06-08,France,NA,Provence-Alpes-Cote d'Azur,5030890,38,4,5224,917
2020-06-09,France,NA,Provence-Alpes-Cote d'Azur,5030890,40,2,5264,919
2020-06-10,France,NA,Provence-Alpes-Cote d'Azur,5030890,39,1,5303,920
2020-06-11,France,NA,Provence-Alpes-Cote d'Azur,5030890,61,2,5364,922
2020-06-12,France,NA,Provence-Alpes-Cote d'Azur,5030890,39,1,5403,923
2020-06-13,France,NA,Provence-Alpes-Cote d'Azur,5030890,9,0,5412,923
2020-06-14,France,NA,Provence-Alpes-Cote d'Azur,5030890,4,0,5416,923
2020-06-15,France,NA,Provence-Alpes-Cote d'Azur,5030890,38,2,5454,925
2020-06-16,France,NA,Provence-Alpes-Cote d'Azur,5030890,31,2,5485,927
2020-06-17,France,NA,Provence-Alpes-Cote d'Azur,5030890,24,0,5509,927
2020-06-18,France,NA,Provence-Alpes-Cote d'Azur,5030890,23,2,5532,929
2020-06-19,France,NA,Provence-Alpes-Cote d'Azur,5030890,20,4,5552,933
2020-06-20,France,NA,Provence-Alpes-Cote d'Azur,5030890,3,2,5555,935
2020-06-21,France,NA,Provence-Alpes-Cote d'Azur,5030890,5,0,5560,935
2020-06-22,France,NA,Provence-Alpes-Cote d'Azur,5030890,10,1,5570,936
2020-06-23,France,NA,Provence-Alpes-Cote d'Azur,5030890,16,4,5586,940
2020-06-24,France,NA,Provence-Alpes-Cote d'Azur,5030890,19,1,5605,941
2020-06-25,France,NA,Provence-Alpes-Cote d'Azur,5030890,11,1,5616,942
2020-06-26,France,NA,Provence-Alpes-Cote d'Azur,5030890,19,1,5635,943
2020-06-27,France,NA,Provence-Alpes-Cote d'Azur,5030890,8,0,5643,219
2020-06-28,France,NA,Provence-Alpes-Cote d'Azur,5030890,1,0,5644,219
2020-06-29,France,NA,Provence-Alpes-Cote d'Azur,5030890,38,0,5682,219
2020-06-30,France,NA,Provence-Alpes-Cote d'Azur,5030890,19,730,5701,949
2020-07-01,France,NA,Provence-Alpes-Cote d'Azur,5030890,16,0,5717,949
2020-07-02,France,NA,Provence-Alpes-Cote d'Azur,5030890,21,0,5738,949
2020-07-03,France,NA,Provence-Alpes-Cote d'Azur,5030890,37,3,5775,952
2020-07-04,France,NA,Provence-Alpes-Cote d'Azur,5030890,12,0,5787,952
2020-07-05,France,NA,Provence-Alpes-Cote d'Azur,5030890,1,0,5788,952
2020-07-06,France,NA,Provence-Alpes-Cote d'Azur,5030890,34,0,5822,952
2020-07-07,France,NA,Provence-Alpes-Cote d'Azur,5030890,30,0,5852,952
2020-07-08,France,NA,Provence-Alpes-Cote d'Azur,5030890,49,0,5901,952
2020-07-09,France,NA,Provence-Alpes-Cote d'Azur,5030890,76,0,5977,952
2020-07-10,France,NA,Provence-Alpes-Cote d'Azur,5030890,36,0,6013,952
2020-07-11,France,NA,Provence-Alpes-Cote d'Azur,5030890,18,0,6031,952
2020-07-12,France,NA,Provence-Alpes-Cote d'Azur,5030890,3,1,6034,953
2020-07-13,France,NA,Provence-Alpes-Cote d'Azur,5030890,55,1,6089,954
2020-07-14,France,NA,Provence-Alpes-Cote d'Azur,5030890,12,0,6101,954
2020-07-15,France,NA,Provence-Alpes-Cote d'Azur,5030890,54,0,6155,954
2020-07-16,France,NA,Provence-Alpes-Cote d'Azur,5030890,35,1,6190,955
2020-07-17,France,NA,Provence-Alpes-Cote d'Azur,5030890,43,2,6233,957
2020-07-18,France,NA,Provence-Alpes-Cote d'Azur,5030890,26,0,6259,957
2020-07-19,France,NA,Provence-Alpes-Cote d'Azur,5030890,9,0,6268,957
2020-07-20,France,NA,Provence-Alpes-Cote d'Azur,5030890,63,1,6331,958
2020-07-21,France,NA,Provence-Alpes-Cote d'Azur,5030890,79,1,6410,959
2020-07-22,France,NA,Provence-Alpes-Cote d'Azur,5030890,73,0,6483,959
2020-07-23,France,NA,Provence-Alpes-Cote d'Azur,5030890,61,0,6544,959
2020-07-24,France,NA,Provence-Alpes-Cote d'Azur,5030890,106,2,6650,961
2020-07-25,France,NA,Provence-Alpes-Cote d'Azur,5030890,34,0,6684,961
2020-07-26,France,NA,Provence-Alpes-Cote d'Azur,5030890,15,0,6699,961
2020-07-27,France,NA,Provence-Alpes-Cote d'Azur,5030890,126,1,6825,962
2020-07-28,France,NA,Provence-Alpes-Cote d'Azur,5030890,108,1,6933,963
2020-07-29,France,NA,Provence-Alpes-Cote d'Azur,5030890,145,1,7078,964
2020-07-30,France,NA,Provence-Alpes-Cote d'Azur,5030890,186,1,7264,965
2020-07-31,France,NA,Provence-Alpes-Cote d'Azur,5030890,174,1,7438,966
2020-08-01,France,NA,Provence-Alpes-Cote d'Azur,5030890,102,0,7540,966
2020-08-02,France,NA,Provence-Alpes-Cote d'Azur,5030890,16,0,7556,966
2020-08-03,France,NA,Provence-Alpes-Cote d'Azur,5030890,297,0,7853,966
2020-08-04,France,NA,Provence-Alpes-Cote d'Azur,5030890,283,1,8136,967
2020-08-05,France,NA,Provence-Alpes-Cote d'Azur,5030890,298,0,8434,967
2020-08-06,France,NA,Provence-Alpes-Cote d'Azur,5030890,297,0,8731,967
2020-08-07,France,NA,Provence-Alpes-Cote d'Azur,5030890,352,0,9083,967
2020-08-08,France,NA,Provence-Alpes-Cote d'Azur,5030890,138,0,9221,967
2020-08-09,France,NA,Provence-Alpes-Cote d'Azur,5030890,24,0,9245,967
2020-08-10,France,NA,Provence-Alpes-Cote d'Azur,5030890,554,2,9799,969
2020-08-11,France,NA,Provence-Alpes-Cote d'Azur,5030890,440,1,10239,970
2020-08-12,France,NA,Provence-Alpes-Cote d'Azur,5030890,497,0,10736,969
2020-08-13,France,NA,Provence-Alpes-Cote d'Azur,5030890,600,1,11336,970
2020-08-14,France,NA,Provence-Alpes-Cote d'Azur,5030890,738,2,12074,972
2020-08-15,France,NA,Provence-Alpes-Cote d'Azur,5030890,84,0,12158,971
2020-08-16,France,NA,Provence-Alpes-Cote d'Azur,5030890,64,0,12222,971
2020-08-17,France,NA,Provence-Alpes-Cote d'Azur,5030890,1013,1,13235,972
2020-08-18,France,NA,Provence-Alpes-Cote d'Azur,5030890,787,3,14022,975
2020-08-19,France,NA,Provence-Alpes-Cote d'Azur,5030890,1057,2,15079,977
2020-08-20,France,NA,Provence-Alpes-Cote d'Azur,5030890,893,4,15972,981
2020-08-21,France,NA,Provence-Alpes-Cote d'Azur,5030890,963,2,16935,983
2020-08-22,France,NA,Provence-Alpes-Cote d'Azur,5030890,329,1,17264,984
2020-08-23,France,NA,Provence-Alpes-Cote d'Azur,5030890,91,0,17355,984
2020-08-24,France,NA,Provence-Alpes-Cote d'Azur,5030890,1377,1,18732,985
2020-08-25,France,NA,Provence-Alpes-Cote d'Azur,5030890,1155,1,19887,986
2020-08-26,France,NA,Provence-Alpes-Cote d'Azur,5030890,847,2,20734,988
2020-08-27,France,NA,Provence-Alpes-Cote d'Azur,5030890,821,0,21555,988
2020-08-28,France,NA,Provence-Alpes-Cote d'Azur,5030890,703,0,22258,988
2020-03-14,France,NA,Ile-de-France,12174880,48,0,134,0
2020-03-15,France,NA,Ile-de-France,12174880,44,0,178,0
2020-03-16,France,NA,Ile-de-France,12174880,140,0,318,0
2020-03-17,France,NA,Ile-de-France,12174880,154,0,472,0
2020-03-18,France,NA,Ile-de-France,12174880,233,0,705,36
2020-03-19,France,NA,Ile-de-France,12174880,264,20,969,56
2020-03-20,France,NA,Ile-de-France,12174880,381,43,1350,99
2020-03-21,France,NA,Ile-de-France,12174880,191,23,1541,122
2020-03-22,France,NA,Ile-de-France,12174880,195,18,1736,140
2020-03-23,France,NA,Ile-de-France,12174880,655,53,2391,193
2020-03-24,France,NA,Ile-de-France,12174880,568,69,2959,262
2020-03-25,France,NA,Ile-de-France,12174880,620,95,3579,357
2020-03-26,France,NA,Ile-de-France,12174880,728,103,4307,460
2020-03-27,France,NA,Ile-de-France,12174880,766,118,5073,578
2020-03-28,France,NA,Ile-de-France,12174880,325,110,5398,688
2020-03-29,France,NA,Ile-de-France,12174880,185,119,5583,807
2020-03-30,France,NA,Ile-de-France,12174880,824,147,6407,954
2020-03-31,France,NA,Ile-de-France,12174880,769,222,7176,1176
2020-04-01,France,NA,Ile-de-France,12174880,608,193,7784,1369
2020-04-02,France,NA,Ile-de-France,12174880,709,202,8493,1571
2020-04-03,France,NA,Ile-de-France,12174880,778,220,9271,1791
2020-04-04,France,NA,Ile-de-France,12174880,222,176,9493,1967
2020-04-05,France,NA,Ile-de-France,12174880,100,140,9593,2107
2020-04-06,France,NA,Ile-de-France,12174880,596,248,10189,2355
2020-04-07,France,NA,Ile-de-France,12174880,589,272,10778,2627
2020-04-08,France,NA,Ile-de-France,12174880,675,223,11453,2850
2020-04-09,France,NA,Ile-de-France,12174880,730,190,12183,3040
2020-04-10,France,NA,Ile-de-France,12174880,960,260,13143,3300
2020-04-11,France,NA,Ile-de-France,12174880,125,116,13268,3416
2020-04-12,France,NA,Ile-de-France,12174880,42,132,13310,3548
2020-04-13,France,NA,Ile-de-France,12174880,102,156,13412,3704
2020-04-14,France,NA,Ile-de-France,12174880,522,233,13934,3937
2020-04-15,France,NA,Ile-de-France,12174880,563,203,14497,4140
2020-04-16,France,NA,Ile-de-France,12174880,486,179,14983,4319
2020-04-17,France,NA,Ile-de-France,12174880,494,191,15477,4510
2020-04-18,France,NA,Ile-de-France,12174880,100,154,15577,4664
2020-04-19,France,NA,Ile-de-France,12174880,21,92,15598,4756
2020-04-20,France,NA,Ile-de-France,12174880,286,186,15884,4942
2020-04-21,France,NA,Ile-de-France,12174880,324,152,16208,5094
2020-04-22,France,NA,Ile-de-France,12174880,301,125,16509,5219
2020-04-23,France,NA,Ile-de-France,12174880,229,111,16738,5330
2020-04-24,France,NA,Ile-de-France,12174880,243,122,16981,5452
2020-04-25,France,NA,Ile-de-France,12174880,30,64,17011,5516
2020-04-26,France,NA,Ile-de-France,12174880,4,62,17015,5578
2020-04-27,France,NA,Ile-de-France,12174880,95,112,17110,5690
2020-04-28,France,NA,Ile-de-France,12174880,125,97,17235,5787
2020-04-29,France,NA,Ile-de-France,12174880,98,151,17333,5938
2020-04-30,France,NA,Ile-de-France,12174880,118,70,17451,6008
2020-05-01,France,NA,Ile-de-France,12174880,3,39,17454,6047
2020-05-02,France,NA,Ile-de-France,12174880,29,38,17483,6085
2020-05-03,France,NA,Ile-de-France,12174880,5,31,17488,6116
2020-05-04,France,NA,Ile-de-France,12174880,98,92,17586,6208
2020-05-05,France,NA,Ile-de-France,12174880,49,77,17635,6285
2020-05-06,France,NA,Ile-de-France,12174880,65,62,17700,6347
2020-05-07,France,NA,Ile-de-France,12174880,51,43,17751,6390
2020-05-08,France,NA,Ile-de-France,12174880,3,31,17754,6421
2020-05-09,France,NA,Ile-de-France,12174880,18,30,17772,6451
2020-05-10,France,NA,Ile-de-France,12174880,7,23,17779,6474
2020-05-11,France,NA,Ile-de-France,12174880,61,54,17840,6528
2020-05-12,France,NA,Ile-de-France,12174880,68,66,17908,6594
2020-05-13,France,NA,Ile-de-France,12174880,283,33,18191,6627
2020-05-14,France,NA,Ile-de-France,12174880,334,36,18525,6663
2020-05-15,France,NA,Ile-de-France,12174880,272,31,18797,6694
2020-05-16,France,NA,Ile-de-France,12174880,63,16,18860,6710
2020-05-17,France,NA,Ile-de-France,12174880,52,17,18912,6727
2020-05-18,France,NA,Ile-de-France,12174880,321,39,19233,6766
2020-05-19,France,NA,Ile-de-France,12174880,310,50,19543,6816
2020-05-20,France,NA,Ile-de-France,12174880,291,28,19834,6844
2020-05-21,France,NA,Ile-de-France,12174880,41,23,19875,6867
2020-05-22,France,NA,Ile-de-France,12174880,195,31,20070,6898
2020-05-23,France,NA,Ile-de-France,12174880,52,9,20122,6907
2020-05-24,France,NA,Ile-de-France,12174880,29,11,20151,6918
2020-05-25,France,NA,Ile-de-France,12174880,224,32,20375,6950
2020-05-26,France,NA,Ile-de-France,12174880,255,38,20630,6988
2020-05-27,France,NA,Ile-de-France,12174880,244,26,20874,7014
2020-05-28,France,NA,Ile-de-France,12174880,177,23,21051,7037
2020-05-29,France,NA,Ile-de-France,12174880,169,16,21220,7053
2020-05-30,France,NA,Ile-de-France,12174880,68,38,21288,7091
2020-05-31,France,NA,Ile-de-France,12174880,28,15,21316,7106
2020-06-01,France,NA,Ile-de-France,12174880,33,13,21349,7119
2020-06-02,France,NA,Ile-de-France,12174880,213,28,21562,7147
2020-06-03,France,NA,Ile-de-France,12174880,171,35,21733,7182
2020-06-04,France,NA,Ile-de-France,12174880,177,12,21910,7194
2020-06-05,France,NA,Ile-de-France,12174880,156,11,22066,7205
2020-06-06,France,NA,Ile-de-France,12174880,70,20,22136,7225
2020-06-07,France,NA,Ile-de-France,12174880,26,5,22162,7230
2020-06-08,France,NA,Ile-de-France,12174880,137,14,22299,7244
2020-06-09,France,NA,Ile-de-France,12174880,142,30,22441,7274
2020-06-10,France,NA,Ile-de-France,12174880,146,9,22587,7283
2020-06-11,France,NA,Ile-de-France,12174880,103,12,22690,7295
2020-06-12,France,NA,Ile-de-France,12174880,156,15,22846,7310
2020-06-13,France,NA,Ile-de-France,12174880,35,15,22881,7325
2020-06-14,France,NA,Ile-de-France,12174880,17,3,22898,7328
2020-06-15,France,NA,Ile-de-France,12174880,117,11,23015,7339
2020-06-16,France,NA,Ile-de-France,12174880,128,19,23143,7358
2020-06-17,France,NA,Ile-de-France,12174880,157,11,23300,7369
2020-06-18,France,NA,Ile-de-France,12174880,146,4,23446,7373
2020-06-19,France,NA,Ile-de-France,12174880,146,2,23592,7375
2020-06-20,France,NA,Ile-de-France,12174880,40,8,23632,7383
2020-06-21,France,NA,Ile-de-France,12174880,24,2,23656,7385
2020-06-22,France,NA,Ile-de-France,12174880,155,8,23811,7393
2020-06-23,France,NA,Ile-de-France,12174880,134,14,23945,7407
2020-06-24,France,NA,Ile-de-France,12174880,131,0,24076,7407
2020-06-25,France,NA,Ile-de-France,12174880,124,7,24200,7414
2020-06-26,France,NA,Ile-de-France,12174880,148,11,24348,7425
2020-06-27,France,NA,Ile-de-France,12174880,46,2,24394,7427
2020-06-28,France,NA,Ile-de-France,12174880,21,0,24415,7427
2020-06-29,France,NA,Ile-de-France,12174880,141,4,24556,7431
2020-06-30,France,NA,Ile-de-France,12174880,147,10,24703,7441
2020-07-01,France,NA,Ile-de-France,12174880,129,2,24832,7443
2020-07-02,France,NA,Ile-de-France,12174880,132,5,24964,7448
2020-07-03,France,NA,Ile-de-France,12174880,196,6,25160,7454
2020-07-04,France,NA,Ile-de-France,12174880,62,6,25222,7460
2020-07-05,France,NA,Ile-de-France,12174880,22,0,25244,7460
2020-07-06,France,NA,Ile-de-France,12174880,182,4,25426,7464
2020-07-07,France,NA,Ile-de-France,12174880,142,16,25568,7480
2020-07-08,France,NA,Ile-de-France,12174880,159,9,25727,7489
2020-07-09,France,NA,Ile-de-France,12174880,198,5,25925,7494
2020-07-10,France,NA,Ile-de-France,12174880,193,2,26118,7496
2020-07-11,France,NA,Ile-de-France,12174880,73,2,26191,7498
2020-07-12,France,NA,Ile-de-France,12174880,14,0,26205,7498
2020-07-13,France,NA,Ile-de-France,12174880,235,8,26440,7506
2020-07-14,France,NA,Ile-de-France,12174880,33,2,26473,7508
2020-07-15,France,NA,Ile-de-France,12174880,242,5,26715,7513
2020-07-16,France,NA,Ile-de-France,12174880,284,6,26999,7519
2020-07-17,France,NA,Ile-de-France,12174880,279,1,27278,7520
2020-07-18,France,NA,Ile-de-France,12174880,121,3,27399,7523
2020-07-19,France,NA,Ile-de-France,12174880,30,0,27429,7523
2020-07-20,France,NA,Ile-de-France,12174880,322,5,27751,7528
2020-07-21,France,NA,Ile-de-France,12174880,333,5,28084,7533
2020-07-22,France,NA,Ile-de-France,12174880,353,0,28437,7533
2020-07-23,France,NA,Ile-de-France,12174880,335,5,28772,7538
2020-07-24,France,NA,Ile-de-France,12174880,326,3,29098,7541
2020-07-25,France,NA,Ile-de-France,12174880,156,4,29254,7545
2020-07-26,France,NA,Ile-de-France,12174880,61,0,29315,7545
2020-07-27,France,NA,Ile-de-France,12174880,491,2,29806,7547
2020-07-28,France,NA,Ile-de-France,12174880,490,9,30296,7556
2020-07-29,France,NA,Ile-de-France,12174880,573,7,30869,7563
2020-07-30,France,NA,Ile-de-France,12174880,529,4,31398,7567
2020-07-31,France,NA,Ile-de-France,12174880,553,2,31951,7569
2020-08-01,France,NA,Ile-de-France,12174880,249,1,32200,7570
2020-08-02,France,NA,Ile-de-France,12174880,108,1,32308,7571
2020-08-03,France,NA,Ile-de-France,12174880,691,12,32999,7583
2020-08-04,France,NA,Ile-de-France,12174880,744,4,33743,7587
2020-08-05,France,NA,Ile-de-France,12174880,711,4,34454,7591
2020-08-06,France,NA,Ile-de-France,12174880,758,4,35212,7595
2020-08-07,France,NA,Ile-de-France,12174880,843,8,36055,7603
2020-08-08,France,NA,Ile-de-France,12174880,352,1,36407,7604
2020-08-09,France,NA,Ile-de-France,12174880,229,0,36636,7604
2020-08-10,France,NA,Ile-de-France,12174880,938,4,37574,7608
2020-08-11,France,NA,Ile-de-France,12174880,895,3,38469,7611
2020-08-12,France,NA,Ile-de-France,12174880,940,9,39409,7620
2020-08-13,France,NA,Ile-de-France,12174880,1153,4,40562,7624
2020-08-14,France,NA,Ile-de-France,12174880,1156,3,41718,7627
2020-08-15,France,NA,Ile-de-France,12174880,214,1,41932,7628
2020-08-16,France,NA,Ile-de-France,12174880,223,0,42155,7628
2020-08-17,France,NA,Ile-de-France,12174880,1398,8,43553,7636
2020-08-18,France,NA,Ile-de-France,12174880,1328,8,44881,7644
2020-08-19,France,NA,Ile-de-France,12174880,1390,6,46271,7650
2020-08-20,France,NA,Ile-de-France,12174880,1543,6,47814,7656
2020-08-21,France,NA,Ile-de-France,12174880,1468,15,49282,7671
2020-08-22,France,NA,Ile-de-France,12174880,581,5,49863,7676
2020-08-23,France,NA,Ile-de-France,12174880,293,1,50156,7677
2020-08-24,France,NA,Ile-de-France,12174880,2124,2,52280,7679
2020-08-25,France,NA,Ile-de-France,12174880,2075,2,54355,7681
2020-08-26,France,NA,Ile-de-France,12174880,2017,12,56372,7693
2020-08-27,France,NA,Ile-de-France,12174880,1862,6,58234,7699
2020-08-28,France,NA,Ile-de-France,12174880,1604,6,59838,7705
2020-03-10,Germany,NA,Baden-Wurttemberg,11069533,0,0,237,0
2020-03-11,Germany,NA,Baden-Wurttemberg,11069533,40,0,277,0
2020-03-12,Germany,NA,Baden-Wurttemberg,11069533,177,0,454,0
2020-03-13,Germany,NA,Baden-Wurttemberg,11069533,0,0,454,0
2020-03-14,Germany,NA,Baden-Wurttemberg,11069533,115,0,569,0
2020-03-15,Germany,NA,Baden-Wurttemberg,11069533,258,0,827,0
2020-03-16,Germany,NA,Baden-Wurttemberg,11069533,278,0,1105,0
2020-03-17,Germany,NA,Baden-Wurttemberg,11069533,536,6,1641,6
2020-03-18,Germany,NA,Baden-Wurttemberg,11069533,543,2,2184,8
2020-03-19,Germany,NA,Baden-Wurttemberg,11069533,564,3,2748,11
2020-03-20,Germany,NA,Baden-Wurttemberg,11069533,917,6,3665,17
2020-03-21,Germany,NA,Baden-Wurttemberg,11069533,153,6,3818,23
2020-03-22,Germany,NA,Baden-Wurttemberg,11069533,0,0,3818,23
2020-03-23,Germany,NA,Baden-Wurttemberg,11069533,1515,8,5333,31
2020-03-24,Germany,NA,Baden-Wurttemberg,11069533,1143,1,6476,32
2020-03-25,Germany,NA,Baden-Wurttemberg,11069533,809,10,7285,42
2020-03-26,Germany,NA,Baden-Wurttemberg,11069533,1295,41,8580,83
2020-03-27,Germany,NA,Baden-Wurttemberg,11069533,1692,21,10272,104
2020-03-28,Germany,NA,Baden-Wurttemberg,11069533,1238,11,11510,115
2020-03-29,Germany,NA,Baden-Wurttemberg,11069533,975,23,12485,138
2020-03-30,Germany,NA,Baden-Wurttemberg,11069533,992,37,13477,175
2020-04-01,Germany,NA,Baden-Wurttemberg,11069533,1341,37,14818,212
2020-04-02,Germany,NA,Baden-Wurttemberg,11069533,1835,75,16653,287
2020-04-03,Germany,NA,Baden-Wurttemberg,11069533,2065,48,18718,335
2020-04-04,Germany,NA,Baden-Wurttemberg,11069533,995,43,19713,378
2020-04-05,Germany,NA,Baden-Wurttemberg,11069533,960,24,20673,402
2020-04-06,Germany,NA,Baden-Wurttemberg,11069533,206,47,20879,449
2020-04-07,Germany,NA,Baden-Wurttemberg,11069533,566,18,21445,467
2020-04-08,Germany,NA,Baden-Wurttemberg,11069533,1140,67,22585,534
2020-04-10,Germany,NA,Baden-Wurttemberg,11069533,1384,78,23969,612
2020-04-14,Germany,NA,Baden-Wurttemberg,11069533,2477,134,26446,746
2020-04-15,Germany,NA,Baden-Wurttemberg,11069533,634,70,27080,816
2020-04-17,Germany,NA,Baden-Wurttemberg,11069533,641,95,27721,911
2020-04-18,Germany,NA,Baden-Wurttemberg,11069533,1107,85,28828,996
2020-04-20,Germany,NA,Baden-Wurttemberg,11069533,747,47,29575,1043
2020-04-21,Germany,NA,Baden-Wurttemberg,11069533,310,50,29885,1093
2020-04-22,Germany,NA,Baden-Wurttemberg,11069533,225,45,30110,1138
2020-04-24,Germany,NA,Baden-Wurttemberg,11069533,1308,88,31418,1226
2020-04-25,Germany,NA,Baden-Wurttemberg,11069533,159,44,31577,1270
2020-04-27,Germany,NA,Baden-Wurttemberg,11069533,529,33,32106,1303
2020-04-29,Germany,NA,Baden-Wurttemberg,11069533,458,84,32564,1387
2020-04-30,Germany,NA,Baden-Wurttemberg,11069533,424,51,32988,1438
2020-05-03,Germany,NA,Baden-Wurttemberg,11069533,417,30,33405,1468
2020-05-05,Germany,NA,Baden-Wurttemberg,11069533,177,58,33582,1526
2020-05-08,Germany,NA,Baden-Wurttemberg,11069533,322,47,33904,1573
2020-05-11,Germany,NA,Baden-Wurttemberg,11069533,520,48,34424,1621
2020-05-15,Germany,NA,Baden-Wurttemberg,11069533,342,62,34766,1683
2020-05-18,Germany,NA,Baden-Wurttemberg,11069533,246,40,35012,1723
2020-05-23,Germany,NA,Baden-Wurttemberg,11069533,295,33,35307,1756
2020-05-27,Germany,NA,Baden-Wurttemberg,11069533,171,29,35478,1785
2020-05-31,Germany,NA,Baden-Wurttemberg,11069533,163,22,35641,1807
2020-06-03,Germany,NA,Baden-Wurttemberg,11069533,56,15,35697,1822
2020-06-05,Germany,NA,Baden-Wurttemberg,11069533,47,13,35744,1835
2020-06-11,Germany,NA,Baden-Wurttemberg,11069533,149,20,35893,1855
2020-06-16,Germany,NA,Baden-Wurttemberg,11069533,114,9,36007,1864
2020-06-19,Germany,NA,Baden-Wurttemberg,11069533,83,11,36090,1875
2020-06-25,Germany,NA,Baden-Wurttemberg,11069533,0,5,35873,1880
2020-06-27,Germany,NA,Baden-Wurttemberg,11069533,101,4,35974,1884
2020-07-01,Germany,NA,Baden-Wurttemberg,11069533,129,4,36103,1888
2020-07-04,Germany,NA,Baden-Wurttemberg,11069533,113,3,36216,1891
2020-07-07,Germany,NA,Baden-Wurttemberg,11069533,60,1,36276,1892
2020-07-09,Germany,NA,Baden-Wurttemberg,11069533,66,1,36342,1893
2020-07-13,Germany,NA,Baden-Wurttemberg,11069533,84,0,36426,1893
2020-07-17,Germany,NA,Baden-Wurttemberg,11069533,256,2,36682,1895
2020-07-21,Germany,NA,Baden-Wurttemberg,11069533,245,1,36927,1896
2020-07-23,Germany,NA,Baden-Wurttemberg,11069533,74,0,37001,1896
2020-07-27,Germany,NA,Baden-Wurttemberg,11069533,348,2,37349,1898
2020-07-29,Germany,NA,Baden-Wurttemberg,11069533,98,3,37447,1901
2020-07-31,Germany,NA,Baden-Wurttemberg,11069533,149,1,37596,1902
2020-08-04,Germany,NA,Baden-Wurttemberg,11069533,257,0,37853,1902
2020-08-09,Germany,NA,Baden-Wurttemberg,11069533,309,5,38162,1907
2020-08-11,Germany,NA,Baden-Wurttemberg,11069533,150,1,38312,1908
2020-08-13,Germany,NA,Baden-Wurttemberg,11069533,358,1,38670,1909
2020-08-17,Germany,NA,Baden-Wurttemberg,11069533,240,0,38910,1909
2020-08-20,Germany,NA,Baden-Wurttemberg,11069533,735,2,39645,1911
2020-08-24,Germany,NA,Baden-Wurttemberg,11069533,847,1,40492,1912
2020-08-28,Germany,NA,Baden-Wurttemberg,11069533,1158,5,41650,1917
2020-08-31,Germany,NA,Baden-Wurttemberg,11069533,608,1,42258,1918
2020-03-10,Germany,NA,Bavaria,12930751,0,0,314,0
2020-03-11,Germany,NA,Bavaria,12930751,52,0,366,0
2020-03-12,Germany,NA,Bavaria,12930751,134,0,500,0
2020-03-13,Germany,NA,Bavaria,12930751,58,0,558,0
2020-03-14,Germany,NA,Bavaria,12930751,123,0,681,0
2020-03-15,Germany,NA,Bavaria,12930751,205,0,886,0
2020-03-16,Germany,NA,Bavaria,12930751,181,0,1067,0
2020-03-17,Germany,NA,Bavaria,12930751,285,5,1352,5
2020-03-18,Germany,NA,Bavaria,12930751,446,2,1798,7
2020-03-19,Germany,NA,Bavaria,12930751,484,6,2282,13
2020-03-20,Germany,NA,Bavaria,12930751,825,7,3107,20
2020-03-21,Germany,NA,Bavaria,12930751,588,1,3695,21
2020-03-22,Germany,NA,Bavaria,12930751,762,1,4457,22
2020-03-23,Germany,NA,Bavaria,12930751,1262,5,5719,27
2020-03-24,Germany,NA,Bavaria,12930751,947,5,6666,32
2020-03-25,Germany,NA,Bavaria,12930751,1255,6,7921,38
2020-03-26,Germany,NA,Bavaria,12930751,1566,13,9487,51
2020-03-27,Germany,NA,Bavaria,12930751,1733,21,11220,72
2020-03-28,Germany,NA,Bavaria,12930751,1517,34,12737,106
2020-03-29,Germany,NA,Bavaria,12930751,1284,19,14021,125
2020-03-30,Germany,NA,Bavaria,12930751,1139,33,15160,158
2020-04-01,Germany,NA,Bavaria,12930751,1678,51,16838,209
2020-04-02,Germany,NA,Bavaria,12930751,2825,84,19663,293
2020-04-03,Germany,NA,Bavaria,12930751,2501,48,22164,341
2020-04-04,Germany,NA,Bavaria,12930751,1730,58,23894,399
2020-04-05,Germany,NA,Bavaria,12930751,1482,32,25376,431
2020-04-06,Germany,NA,Bavaria,12930751,589,44,25965,475
2020-04-07,Germany,NA,Bavaria,12930751,568,31,26533,506
2020-04-08,Germany,NA,Bavaria,12930751,2276,109,28809,615
2020-04-10,Germany,NA,Bavaria,12930751,2095,120,30904,735
2020-04-14,Germany,NA,Bavaria,12930751,3327,169,34231,904
2020-04-15,Germany,NA,Bavaria,12930751,943,144,35174,1048
2020-04-17,Germany,NA,Bavaria,12930751,1216,99,36390,1147
2020-04-18,Germany,NA,Bavaria,12930751,1556,154,37946,1301
2020-04-20,Germany,NA,Bavaria,12930751,355,72,38301,1373
2020-04-21,Germany,NA,Bavaria,12930751,950,74,39251,1447
2020-04-22,Germany,NA,Bavaria,12930751,185,58,39436,1505
2020-04-24,Germany,NA,Bavaria,12930751,1617,171,41053,1676
2020-04-25,Germany,NA,Bavaria,12930751,163,41,41216,1717
2020-04-27,Germany,NA,Bavaria,12930751,640,50,41856,1767
2020-04-29,Germany,NA,Bavaria,12930751,645,134,42501,1901
2020-04-30,Germany,NA,Bavaria,12930751,820,69,43321,1970
2020-05-03,Germany,NA,Bavaria,12930751,551,93,43872,2063
2020-05-05,Germany,NA,Bavaria,12930751,349,67,44221,2130
2020-05-08,Germany,NA,Bavaria,12930751,539,91,44760,2221
2020-05-11,Germany,NA,Bavaria,12930751,682,68,45442,2289
2020-05-15,Germany,NA,Bavaria,12930751,598,67,46040,2356
2020-05-18,Germany,NA,Bavaria,12930751,511,38,46551,2394
2020-05-23,Germany,NA,Bavaria,12930751,549,62,47100,2456
2020-05-27,Germany,NA,Bavaria,12930751,402,41,47502,2497
2020-05-31,Germany,NA,Bavaria,12930751,327,16,47829,2513
2020-06-03,Germany,NA,Bavaria,12930751,116,8,47945,2521
2020-06-05,Germany,NA,Bavaria,12930751,96,21,48041,2542
2020-06-11,Germany,NA,Bavaria,12930751,290,45,48331,2587
2020-06-16,Germany,NA,Bavaria,12930751,0,3,48090,2590
2020-06-19,Germany,NA,Bavaria,12930751,106,12,48196,2602
2020-06-25,Germany,NA,Bavaria,12930751,246,22,48442,2624
2020-06-27,Germany,NA,Bavaria,12930751,120,9,48562,2633
2020-07-01,Germany,NA,Bavaria,12930751,174,3,48736,2636
2020-07-04,Germany,NA,Bavaria,12930751,208,3,48944,2639
2020-07-07,Germany,NA,Bavaria,12930751,232,9,49176,2648
2020-07-09,Germany,NA,Bavaria,12930751,117,4,49293,2652
2020-07-13,Germany,NA,Bavaria,12930751,290,3,49583,2655
2020-07-17,Germany,NA,Bavaria,12930751,347,2,49930,2657
2020-07-21,Germany,NA,Bavaria,12930751,280,3,50210,2660
2020-07-23,Germany,NA,Bavaria,12930751,85,1,50295,2661
2020-07-27,Germany,NA,Bavaria,12930751,559,1,50854,2662
2020-07-29,Germany,NA,Bavaria,12930751,154,2,51008,2664
2020-07-31,Germany,NA,Bavaria,12930751,194,0,51202,2664
2020-08-04,Germany,NA,Bavaria,12930751,309,0,51511,2664
2020-08-09,Germany,NA,Bavaria,12930751,567,7,52078,2671
2020-08-11,Germany,NA,Bavaria,12930751,248,1,52326,2672
2020-08-13,Germany,NA,Bavaria,12930751,435,3,52761,2675
2020-08-17,Germany,NA,Bavaria,12930751,381,0,53142,2675
2020-08-20,Germany,NA,Bavaria,12930751,1229,0,54371,2675
2020-08-24,Germany,NA,Bavaria,12930751,655,2,55026,2677
2020-08-28,Germany,NA,Bavaria,12930751,1591,2,56617,2679
2020-08-31,Germany,NA,Bavaria,12930751,614,2,57231,2681
2020-03-12,Germany,NA,Berlin,3644826,47,0,137,0
2020-03-13,Germany,NA,Berlin,3644826,37,0,174,0
2020-03-14,Germany,NA,Berlin,3644826,42,0,216,0
2020-03-15,Germany,NA,Berlin,3644826,49,0,265,0
2020-03-16,Germany,NA,Berlin,3644826,35,0,300,0
2020-03-17,Germany,NA,Berlin,3644826,83,0,383,0
2020-03-18,Germany,NA,Berlin,3644826,136,0,519,0
2020-03-19,Germany,NA,Berlin,3644826,169,0,688,0
2020-03-20,Germany,NA,Berlin,3644826,180,1,868,1
2020-03-21,Germany,NA,Berlin,3644826,157,0,1025,1
2020-03-22,Germany,NA,Berlin,3644826,46,0,1071,1
2020-03-23,Germany,NA,Berlin,3644826,148,1,1219,2
2020-03-24,Germany,NA,Berlin,3644826,206,1,1425,3
2020-03-25,Germany,NA,Berlin,3644826,0,0,1425,3
2020-03-26,Germany,NA,Berlin,3644826,512,5,1937,8
2020-03-27,Germany,NA,Berlin,3644826,215,0,2152,8
2020-03-28,Germany,NA,Berlin,3644826,185,1,2337,9
2020-03-29,Germany,NA,Berlin,3644826,125,2,2462,11
2020-03-30,Germany,NA,Berlin,3644826,119,2,2581,13
2020-04-01,Germany,NA,Berlin,3644826,196,2,2777,15
2020-04-02,Germany,NA,Berlin,3644826,446,5,3223,20
2020-04-03,Germany,NA,Berlin,3644826,263,2,3486,22
2020-04-04,Germany,NA,Berlin,3644826,140,2,3626,24
2020-04-05,Germany,NA,Berlin,3644826,61,2,3687,26
2020-04-06,Germany,NA,Berlin,3644826,0,2,3687,28
2020-04-07,Germany,NA,Berlin,3644826,175,0,3862,28
2020-04-08,Germany,NA,Berlin,3644826,176,9,4038,37
2020-04-10,Germany,NA,Berlin,3644826,319,5,4357,42
2020-04-14,Germany,NA,Berlin,3644826,310,14,4667,56
2020-04-15,Germany,NA,Berlin,3644826,69,18,4736,74
2020-04-17,Germany,NA,Berlin,3644826,235,10,4971,84
2020-04-18,Germany,NA,Berlin,3644826,120,8,5091,92
2020-04-20,Germany,NA,Berlin,3644826,134,2,5225,94
2020-04-21,Germany,NA,Berlin,3644826,40,3,5265,97
2020-04-22,Germany,NA,Berlin,3644826,76,8,5341,105
2020-04-24,Germany,NA,Berlin,3644826,135,7,5476,112
2020-04-25,Germany,NA,Berlin,3644826,56,1,5532,113
2020-04-27,Germany,NA,Berlin,3644826,145,14,5677,127
2020-04-29,Germany,NA,Berlin,3644826,61,20,5738,147
2020-04-30,Germany,NA,Berlin,3644826,143,2,5881,149
2020-05-03,Germany,NA,Berlin,3644826,123,5,6004,154
2020-05-05,Germany,NA,Berlin,3644826,82,5,6086,159
2020-05-08,Germany,NA,Berlin,3644826,117,4,6203,163
2020-05-11,Germany,NA,Berlin,3644826,69,2,6272,165
2020-05-15,Germany,NA,Berlin,3644826,121,12,6393,177
2020-05-18,Germany,NA,Berlin,3644826,81,5,6474,182
2020-05-23,Germany,NA,Berlin,3644826,137,9,6611,191
2020-05-27,Germany,NA,Berlin,3644826,61,2,6672,193
2020-05-31,Germany,NA,Berlin,3644826,127,5,6799,198
2020-06-03,Germany,NA,Berlin,3644826,74,0,6873,198
2020-06-05,Germany,NA,Berlin,3644826,72,2,6945,200
2020-06-11,Germany,NA,Berlin,3644826,190,8,7135,208
2020-06-16,Germany,NA,Berlin,3644826,233,0,7368,208
2020-06-19,Germany,NA,Berlin,3644826,234,3,7602,211
2020-06-25,Germany,NA,Berlin,3644826,418,1,8020,212
2020-06-27,Germany,NA,Berlin,3644826,124,1,8144,213
2020-07-01,Germany,NA,Berlin,3644826,98,1,8242,214
2020-07-04,Germany,NA,Berlin,3644826,150,1,8392,215
2020-07-07,Germany,NA,Berlin,3644826,69,0,8461,215
2020-07-09,Germany,NA,Berlin,3644826,75,1,8536,216
2020-07-13,Germany,NA,Berlin,3644826,101,3,8637,219
2020-07-17,Germany,NA,Berlin,3644826,87,2,8724,221
2020-07-21,Germany,NA,Berlin,3644826,112,1,8836,222
2020-07-23,Germany,NA,Berlin,3644826,23,0,8859,222
2020-07-27,Germany,NA,Berlin,3644826,160,1,9019,223
2020-07-29,Germany,NA,Berlin,3644826,51,0,9070,223
2020-07-31,Germany,NA,Berlin,3644826,121,0,9191,223
2020-08-04,Germany,NA,Berlin,3644826,175,0,9366,223
2020-08-09,Germany,NA,Berlin,3644826,321,1,9687,224
2020-08-11,Germany,NA,Berlin,3644826,52,0,9739,224
2020-08-13,Germany,NA,Berlin,3644826,367,0,10106,224
2020-08-17,Germany,NA,Berlin,3644826,146,0,10252,224
2020-08-20,Germany,NA,Berlin,3644826,210,2,10462,226
2020-08-24,Germany,NA,Berlin,3644826,265,0,10727,226
2020-08-28,Germany,NA,Berlin,3644826,283,0,11010,226
2020-08-31,Germany,NA,Berlin,3644826,178,0,11188,226
2020-03-17,Germany,NA,Brandenburg,2449193,20,0,114,0
2020-03-18,Germany,NA,Brandenburg,2449193,57,1,171,1
2020-03-19,Germany,NA,Brandenburg,2449193,33,0,204,0
2020-03-20,Germany,NA,Brandenburg,2449193,61,0,265,0
2020-03-21,Germany,NA,Brandenburg,2449193,50,1,315,1
2020-03-22,Germany,NA,Brandenburg,2449193,38,0,353,1
2020-03-23,Germany,NA,Brandenburg,2449193,32,0,385,1
2020-03-24,Germany,NA,Brandenburg,2449193,81,0,466,1
2020-03-25,Germany,NA,Brandenburg,2449193,50,0,516,1
2020-03-26,Germany,NA,Brandenburg,2449193,53,0,569,1
2020-03-27,Germany,NA,Brandenburg,2449193,111,2,680,3
2020-03-28,Germany,NA,Brandenburg,2449193,86,1,766,4
2020-03-29,Germany,NA,Brandenburg,2449193,69,0,835,4
2020-03-30,Germany,NA,Brandenburg,2449193,31,0,866,4
2020-04-01,Germany,NA,Brandenburg,2449193,134,4,1000,8
2020-04-02,Germany,NA,Brandenburg,2449193,116,3,1116,11
2020-04-03,Germany,NA,Brandenburg,2449193,197,3,1313,14
2020-04-04,Germany,NA,Brandenburg,2449193,62,10,1375,24
2020-04-05,Germany,NA,Brandenburg,2449193,82,3,1457,27
2020-04-06,Germany,NA,Brandenburg,2449193,15,4,1472,31
2020-04-07,Germany,NA,Brandenburg,2449193,40,2,1512,33
2020-04-08,Germany,NA,Brandenburg,2449193,185,6,1697,39
2020-04-10,Germany,NA,Brandenburg,2449193,167,13,1864,52
2020-04-14,Germany,NA,Brandenburg,2449193,233,9,2097,61
2020-04-15,Germany,NA,Brandenburg,2449193,73,11,2170,72
2020-04-17,Germany,NA,Brandenburg,2449193,85,4,2255,76
2020-04-18,Germany,NA,Brandenburg,2449193,85,9,2340,85
2020-04-20,Germany,NA,Brandenburg,2449193,62,8,2402,93
2020-04-21,Germany,NA,Brandenburg,2449193,68,2,2470,95
2020-04-22,Germany,NA,Brandenburg,2449193,10,11,2480,106
2020-04-24,Germany,NA,Brandenburg,2449193,214,12,2694,118
2020-04-25,Germany,NA,Brandenburg,2449193,10,11,2704,129
2020-04-27,Germany,NA,Brandenburg,2449193,83,3,2787,132
2020-04-29,Germany,NA,Brandenburg,2449193,56,6,2843,138
2020-04-30,Germany,NA,Brandenburg,2449193,69,10,2912,148
2020-05-03,Germany,NA,Brandenburg,2449193,82,4,2994,152
2020-05-05,Germany,NA,Brandenburg,2449193,42,0,3036,152
2020-05-08,Germany,NA,Brandenburg,2449193,88,7,3124,159
2020-05-11,Germany,NA,Brandenburg,2449193,55,5,3179,164
2020-05-15,Germany,NA,Brandenburg,2449193,35,2,3214,166
2020-05-18,Germany,NA,Brandenburg,2449193,17,2,3231,168
2020-05-23,Germany,NA,Brandenburg,2449193,22,2,3253,170
2020-05-27,Germany,NA,Brandenburg,2449193,24,2,3277,172
2020-05-31,Germany,NA,Brandenburg,2449193,27,0,3304,172
2020-06-03,Germany,NA,Brandenburg,2449193,7,0,3311,172
2020-06-05,Germany,NA,Brandenburg,2449193,10,2,3321,174
2020-06-11,Germany,NA,Brandenburg,2449193,16,0,3337,174
2020-06-16,Germany,NA,Brandenburg,2449193,21,1,3358,175
2020-06-19,Germany,NA,Brandenburg,2449193,30,0,3388,175
2020-06-25,Germany,NA,Brandenburg,2449193,66,0,3454,175
2020-06-27,Germany,NA,Brandenburg,2449193,18,0,3472,175
2020-07-01,Germany,NA,Brandenburg,2449193,15,0,3487,175
2020-07-04,Germany,NA,Brandenburg,2449193,25,1,3512,176
2020-07-07,Germany,NA,Brandenburg,2449193,21,0,3533,176
2020-07-09,Germany,NA,Brandenburg,2449193,5,1,3538,177
2020-07-13,Germany,NA,Brandenburg,2449193,0,0,3517,172
2020-07-17,Germany,NA,Brandenburg,2449193,12,5,3529,177
2020-07-21,Germany,NA,Brandenburg,2449193,15,0,3544,177
2020-07-23,Germany,NA,Brandenburg,2449193,14,0,3558,177
2020-07-27,Germany,NA,Brandenburg,2449193,17,0,3575,177
2020-07-29,Germany,NA,Brandenburg,2449193,11,0,3586,177
2020-07-31,Germany,NA,Brandenburg,2449193,22,0,3608,177
2020-08-04,Germany,NA,Brandenburg,2449193,13,0,3621,177
2020-08-09,Germany,NA,Brandenburg,2449193,51,1,3672,178
2020-08-11,Germany,NA,Brandenburg,2449193,9,0,3681,178
2020-08-13,Germany,NA,Brandenburg,2449193,35,0,3716,178
2020-08-17,Germany,NA,Brandenburg,2449193,40,0,3756,178
2020-08-20,Germany,NA,Brandenburg,2449193,35,0,3791,178
2020-08-24,Germany,NA,Brandenburg,2449193,37,0,3828,178
2020-08-28,Germany,NA,Brandenburg,2449193,60,0,3888,178
2020-08-31,Germany,NA,Brandenburg,2449193,20,0,3908,178
2020-03-19,Germany,NA,Bremen,661000,53,0,119,0
2020-03-20,Germany,NA,Bremen,661000,8,0,127,0
2020-03-21,Germany,NA,Bremen,661000,41,0,168,0
2020-03-22,Germany,NA,Bremen,661000,0,0,168,0
2020-03-23,Germany,NA,Bremen,661000,7,0,175,0
2020-03-24,Germany,NA,Bremen,661000,11,0,186,0
2020-03-25,Germany,NA,Bremen,661000,17,0,203,0
2020-03-26,Germany,NA,Bremen,661000,10,1,213,1
2020-03-27,Germany,NA,Bremen,661000,51,1,264,2
2020-03-28,Germany,NA,Bremen,661000,14,0,278,2
2020-03-29,Germany,NA,Bremen,661000,12,0,290,2
2020-03-30,Germany,NA,Bremen,661000,8,2,298,4
2020-04-01,Germany,NA,Bremen,661000,17,1,315,5
2020-04-02,Germany,NA,Bremen,661000,17,1,332,6
2020-04-03,Germany,NA,Bremen,661000,22,0,354,6
2020-04-04,Germany,NA,Bremen,661000,34,0,388,6
2020-04-05,Germany,NA,Bremen,661000,7,2,395,8
2020-04-06,Germany,NA,Bremen,661000,0,1,395,9
2020-04-07,Germany,NA,Bremen,661000,2,0,397,9
2020-04-08,Germany,NA,Bremen,661000,27,2,424,11
2020-04-10,Germany,NA,Bremen,661000,29,2,453,13
2020-04-14,Germany,NA,Bremen,661000,38,6,491,19
2020-04-15,Germany,NA,Bremen,661000,8,1,499,20
2020-04-17,Germany,NA,Bremen,661000,56,2,555,22
2020-04-18,Germany,NA,Bremen,661000,29,3,584,25
2020-04-20,Germany,NA,Bremen,661000,19,0,603,25
2020-04-21,Germany,NA,Bremen,661000,23,0,626,25
2020-04-22,Germany,NA,Bremen,661000,1,0,627,25
2020-04-24,Germany,NA,Bremen,661000,93,1,720,26
2020-04-25,Germany,NA,Bremen,661000,2,0,722,26
2020-04-27,Germany,NA,Bremen,661000,39,0,761,26
2020-04-29,Germany,NA,Bremen,661000,37,3,798,29
2020-04-30,Germany,NA,Bremen,661000,63,0,861,29
2020-05-03,Germany,NA,Bremen,661000,33,2,894,31
2020-05-05,Germany,NA,Bremen,661000,25,0,919,31
2020-05-08,Germany,NA,Bremen,661000,81,0,1000,31
2020-05-11,Germany,NA,Bremen,661000,61,2,1061,33
2020-05-15,Germany,NA,Bremen,661000,73,3,1134,36
2020-05-18,Germany,NA,Bremen,661000,108,0,1242,36
2020-05-23,Germany,NA,Bremen,661000,59,3,1301,39
2020-05-27,Germany,NA,Bremen,661000,24,0,1325,39
2020-05-31,Germany,NA,Bremen,661000,81,1,1406,40
2020-06-03,Germany,NA,Bremen,661000,44,1,1450,41
2020-06-05,Germany,NA,Bremen,661000,52,0,1502,41
2020-06-11,Germany,NA,Bremen,661000,72,1,1574,42
2020-06-16,Germany,NA,Bremen,661000,23,5,1597,47
2020-06-19,Germany,NA,Bremen,661000,34,1,1631,48
2020-06-25,Germany,NA,Bremen,661000,29,0,1660,48
2020-06-27,Germany,NA,Bremen,661000,4,1,1664,49
2020-07-01,Germany,NA,Bremen,661000,8,3,1672,52
2020-07-04,Germany,NA,Bremen,661000,8,0,1680,52
2020-07-07,Germany,NA,Bremen,661000,5,1,1685,53
2020-07-09,Germany,NA,Bremen,661000,4,0,1689,53
2020-07-13,Germany,NA,Bremen,661000,6,1,1695,54
2020-07-17,Germany,NA,Bremen,661000,11,0,1706,54
2020-07-21,Germany,NA,Bremen,661000,24,0,1730,54
2020-07-23,Germany,NA,Bremen,661000,3,0,1733,54
2020-07-27,Germany,NA,Bremen,661000,24,0,1757,54
2020-07-29,Germany,NA,Bremen,661000,8,0,1765,54
2020-07-31,Germany,NA,Bremen,661000,16,1,1781,55
2020-08-04,Germany,NA,Bremen,661000,12,0,1793,55
2020-08-09,Germany,NA,Bremen,661000,16,0,1809,55
2020-08-11,Germany,NA,Bremen,661000,15,0,1824,55
2020-08-13,Germany,NA,Bremen,661000,13,0,1837,55
2020-08-17,Germany,NA,Bremen,661000,13,0,1850,55
2020-08-20,Germany,NA,Bremen,661000,36,0,1886,55
2020-08-24,Germany,NA,Bremen,661000,15,0,1901,55
2020-08-28,Germany,NA,Bremen,661000,64,0,1965,55
2020-08-31,Germany,NA,Bremen,661000,35,0,2000,55
2020-03-14,Germany,NA,Hamburg,1841179,59,0,158,0
2020-03-15,Germany,NA,Hamburg,1841179,4,0,162,0
2020-03-16,Germany,NA,Hamburg,1841179,98,0,260,0
2020-03-17,Germany,NA,Hamburg,1841179,52,0,312,0
2020-03-18,Germany,NA,Hamburg,1841179,102,1,414,1
2020-03-19,Germany,NA,Hamburg,1841179,92,0,506,1
2020-03-20,Germany,NA,Hamburg,1841179,158,0,664,1
2020-03-21,Germany,NA,Hamburg,1841179,104,0,768,1
2020-03-22,Germany,NA,Hamburg,1841179,119,0,887,1
2020-03-23,Germany,NA,Hamburg,1841179,102,0,989,1
2020-03-24,Germany,NA,Hamburg,1841179,248,0,1237,1
2020-03-25,Germany,NA,Hamburg,1841179,213,0,1450,1
2020-03-26,Germany,NA,Hamburg,1841179,164,1,1614,2
2020-03-27,Germany,NA,Hamburg,1841179,145,0,1759,2
2020-03-28,Germany,NA,Hamburg,1841179,176,2,1935,4
2020-03-29,Germany,NA,Hamburg,1841179,143,0,2078,4
2020-03-30,Germany,NA,Hamburg,1841179,136,0,2214,4
2020-04-01,Germany,NA,Hamburg,1841179,76,2,2290,6
2020-04-02,Germany,NA,Hamburg,1841179,267,8,2557,14
2020-04-03,Germany,NA,Hamburg,1841179,182,2,2739,16
2020-04-04,Germany,NA,Hamburg,1841179,143,0,2882,16
2020-04-05,Germany,NA,Hamburg,1841179,137,3,3019,19
2020-04-06,Germany,NA,Hamburg,1841179,69,0,3088,19
2020-04-07,Germany,NA,Hamburg,1841179,0,0,3088,19
2020-04-08,Germany,NA,Hamburg,1841179,282,10,3370,29
2020-04-10,Germany,NA,Hamburg,1841179,148,15,3518,44
2020-04-14,Germany,NA,Hamburg,1841179,369,12,3887,56
2020-04-15,Germany,NA,Hamburg,1841179,38,5,3925,61
2020-04-17,Germany,NA,Hamburg,1841179,139,19,4064,80
2020-04-18,Germany,NA,Hamburg,1841179,233,10,4297,90
2020-04-20,Germany,NA,Hamburg,1841179,50,1,4347,91
2020-04-21,Germany,NA,Hamburg,1841179,54,0,4401,91
2020-04-22,Germany,NA,Hamburg,1841179,0,0,4401,91
2020-04-24,Germany,NA,Hamburg,1841179,157,22,4558,113
2020-04-25,Germany,NA,Hamburg,1841179,0,26,4558,139
2020-04-27,Germany,NA,Hamburg,1841179,100,3,4658,142
2020-04-29,Germany,NA,Hamburg,1841179,24,11,4682,153
2020-04-30,Germany,NA,Hamburg,1841179,119,2,4801,155
2020-05-03,Germany,NA,Hamburg,1841179,33,9,4834,164
2020-05-05,Germany,NA,Hamburg,1841179,21,8,4855,172
2020-05-08,Germany,NA,Hamburg,1841179,52,22,4907,194
2020-05-11,Germany,NA,Hamburg,1841179,44,10,4951,204
2020-05-15,Germany,NA,Hamburg,1841179,25,24,4976,228
2020-05-18,Germany,NA,Hamburg,1841179,58,6,5034,234
2020-05-23,Germany,NA,Hamburg,1841179,21,6,5055,240
2020-05-27,Germany,NA,Hamburg,1841179,11,2,5066,242
2020-05-31,Germany,NA,Hamburg,1841179,15,4,5081,246
2020-06-03,Germany,NA,Hamburg,1841179,17,7,5098,253
2020-06-05,Germany,NA,Hamburg,1841179,8,0,5106,253
2020-06-11,Germany,NA,Hamburg,1841179,27,1,5133,254
2020-06-16,Germany,NA,Hamburg,1841179,13,1,5146,255
2020-06-19,Germany,NA,Hamburg,1841179,9,4,5155,259
2020-06-25,Germany,NA,Hamburg,1841179,20,0,5175,259
2020-06-27,Germany,NA,Hamburg,1841179,2,0,5177,259
2020-07-01,Germany,NA,Hamburg,1841179,26,0,5203,259
2020-07-04,Germany,NA,Hamburg,1841179,16,1,5219,260
2020-07-07,Germany,NA,Hamburg,1841179,3,1,5222,261
2020-07-09,Germany,NA,Hamburg,1841179,6,0,5228,261
2020-07-13,Germany,NA,Hamburg,1841179,2,0,5230,261
2020-07-17,Germany,NA,Hamburg,1841179,6,0,5236,261
2020-07-21,Germany,NA,Hamburg,1841179,7,0,5243,261
2020-07-23,Germany,NA,Hamburg,1841179,8,0,5251,261
2020-07-27,Germany,NA,Hamburg,1841179,74,0,5325,261
2020-07-29,Germany,NA,Hamburg,1841179,30,0,5355,261
2020-07-31,Germany,NA,Hamburg,1841179,46,0,5401,261
2020-08-04,Germany,NA,Hamburg,1841179,42,0,5443,261
2020-08-09,Germany,NA,Hamburg,1841179,220,1,5663,262
2020-08-11,Germany,NA,Hamburg,1841179,84,0,5747,262
2020-08-13,Germany,NA,Hamburg,1841179,73,0,5820,262
2020-08-17,Germany,NA,Hamburg,1841179,66,2,5886,264
2020-08-20,Germany,NA,Hamburg,1841179,102,0,5988,264
2020-08-24,Germany,NA,Hamburg,1841179,65,1,6053,265
2020-08-28,Germany,NA,Hamburg,1841179,113,1,6166,266
2020-08-31,Germany,NA,Hamburg,1841179,83,0,6249,266
2020-03-13,Germany,NA,Hesse,6265809,49,0,148,0
2020-03-14,Germany,NA,Hesse,6265809,55,0,203,0
2020-03-15,Germany,NA,Hesse,6265809,83,0,286,0
2020-03-16,Germany,NA,Hesse,6265809,56,0,342,0
2020-03-17,Germany,NA,Hesse,6265809,39,0,381,0
2020-03-18,Germany,NA,Hesse,6265809,166,1,547,1
2020-03-19,Germany,NA,Hesse,6265809,193,0,740,1
2020-03-20,Germany,NA,Hesse,6265809,222,1,962,2
2020-03-21,Germany,NA,Hesse,6265809,204,0,1166,2
2020-03-22,Germany,NA,Hesse,6265809,101,1,1267,3
2020-03-23,Germany,NA,Hesse,6265809,85,0,1352,3
2020-03-24,Germany,NA,Hesse,6265809,330,1,1682,4
2020-03-25,Germany,NA,Hesse,6265809,259,3,1941,7
2020-03-26,Germany,NA,Hesse,6265809,254,0,2195,7
2020-03-27,Germany,NA,Hesse,6265809,275,3,2470,10
2020-03-28,Germany,NA,Hesse,6265809,374,3,2844,13
2020-03-29,Germany,NA,Hesse,6265809,193,0,3037,13
2020-03-30,Germany,NA,Hesse,6265809,54,4,3091,17
2020-04-01,Germany,NA,Hesse,6265809,332,4,3423,21
2020-04-02,Germany,NA,Hesse,6265809,546,13,3969,34
2020-04-03,Germany,NA,Hesse,6265809,296,9,4265,43
2020-04-04,Germany,NA,Hesse,6265809,233,14,4498,57
2020-04-05,Germany,NA,Hesse,6265809,154,9,4652,66
2020-04-06,Germany,NA,Hesse,6265809,73,5,4725,71
2020-04-07,Germany,NA,Hesse,6265809,91,7,4816,78
2020-04-08,Germany,NA,Hesse,6265809,366,25,5182,103
2020-04-10,Germany,NA,Hesse,6265809,359,17,5541,120
2020-04-14,Germany,NA,Hesse,6265809,650,45,6191,165
2020-04-15,Germany,NA,Hesse,6265809,155,23,6346,188
2020-04-17,Germany,NA,Hesse,6265809,336,15,6682,203
2020-04-18,Germany,NA,Hesse,6265809,333,21,7015,224
2020-04-20,Germany,NA,Hesse,6265809,163,14,7178,238
2020-04-21,Germany,NA,Hesse,6265809,194,17,7372,255
2020-04-22,Germany,NA,Hesse,6265809,24,11,7396,266
2020-04-24,Germany,NA,Hesse,6265809,422,40,7818,306
2020-04-25,Germany,NA,Hesse,6265809,29,23,7847,329
2020-04-27,Germany,NA,Hesse,6265809,171,2,8018,331
2020-04-29,Germany,NA,Hesse,6265809,121,23,8139,354
2020-04-30,Germany,NA,Hesse,6265809,241,7,8380,361
2020-05-03,Germany,NA,Hesse,6265809,159,15,8539,376
2020-05-05,Germany,NA,Hesse,6265809,116,18,8655,394
2020-05-08,Germany,NA,Hesse,6265809,182,14,8837,408
2020-05-11,Germany,NA,Hesse,6265809,222,17,9059,425
2020-05-15,Germany,NA,Hesse,6265809,168,14,9227,439
2020-05-18,Germany,NA,Hesse,6265809,167,15,9394,454
2020-05-23,Germany,NA,Hesse,6265809,324,17,9718,471
2020-05-27,Germany,NA,Hesse,6265809,196,7,9914,478
2020-05-31,Germany,NA,Hesse,6265809,150,9,10064,487
2020-06-03,Germany,NA,Hesse,6265809,47,1,10111,488
2020-06-05,Germany,NA,Hesse,6265809,67,2,10178,490
2020-06-11,Germany,NA,Hesse,6265809,156,7,10334,497
2020-06-16,Germany,NA,Hesse,6265809,52,3,10386,500
2020-06-19,Germany,NA,Hesse,6265809,114,4,10500,504
2020-06-25,Germany,NA,Hesse,6265809,203,7,10703,511
2020-06-27,Germany,NA,Hesse,6265809,60,1,10763,512
2020-07-01,Germany,NA,Hesse,6265809,84,2,10847,514
2020-07-04,Germany,NA,Hesse,6265809,103,4,10950,518
2020-07-07,Germany,NA,Hesse,6265809,79,1,11029,519
2020-07-09,Germany,NA,Hesse,6265809,47,2,11076,521
2020-07-13,Germany,NA,Hesse,6265809,127,0,11203,521
2020-07-17,Germany,NA,Hesse,6265809,154,0,11357,521
2020-07-21,Germany,NA,Hesse,6265809,124,1,11481,522
2020-07-23,Germany,NA,Hesse,6265809,41,1,11522,523
2020-07-27,Germany,NA,Hesse,6265809,249,2,11771,525
2020-07-29,Germany,NA,Hesse,6265809,70,10,11841,535
2020-07-31,Germany,NA,Hesse,6265809,162,0,12003,527
2020-08-04,Germany,NA,Hesse,6265809,200,0,12203,527
2020-08-09,Germany,NA,Hesse,6265809,453,0,12656,520
2020-08-11,Germany,NA,Hesse,6265809,202,12,12858,532
2020-08-13,Germany,NA,Hesse,6265809,315,1,13173,533
2020-08-17,Germany,NA,Hesse,6265809,326,0,13499,533
2020-08-20,Germany,NA,Hesse,6265809,573,2,14072,535
2020-08-24,Germany,NA,Hesse,6265809,624,0,14696,535
2020-08-28,Germany,NA,Hesse,6265809,562,2,15258,537
2020-08-31,Germany,NA,Hesse,6265809,215,1,15473,538
2020-03-12,Germany,NA,Lower Saxony,7982448,54,0,129,0
2020-03-13,Germany,NA,Lower Saxony,7982448,101,0,230,0
2020-03-14,Germany,NA,Lower Saxony,7982448,23,0,253,0
2020-03-15,Germany,NA,Lower Saxony,7982448,34,0,287,0
2020-03-16,Germany,NA,Lower Saxony,7982448,104,0,391,0
2020-03-17,Germany,NA,Lower Saxony,7982448,172,0,563,0
2020-03-18,Germany,NA,Lower Saxony,7982448,177,1,740,1
2020-03-19,Germany,NA,Lower Saxony,7982448,241,0,981,0
2020-03-20,Germany,NA,Lower Saxony,7982448,281,0,1262,0
2020-03-21,Germany,NA,Lower Saxony,7982448,190,4,1452,4
2020-03-22,Germany,NA,Lower Saxony,7982448,134,0,1586,4
2020-03-23,Germany,NA,Lower Saxony,7982448,193,2,1779,6
2020-03-24,Germany,NA,Lower Saxony,7982448,331,0,2110,6
2020-03-25,Germany,NA,Lower Saxony,7982448,263,2,2373,8
2020-03-26,Germany,NA,Lower Saxony,7982448,342,2,2715,10
2020-03-27,Germany,NA,Lower Saxony,7982448,588,9,3303,19
2020-03-28,Germany,NA,Lower Saxony,7982448,327,4,3630,23
2020-03-29,Germany,NA,Lower Saxony,7982448,281,4,3911,27
2020-03-30,Germany,NA,Lower Saxony,7982448,259,5,4170,32
2020-04-01,Germany,NA,Lower Saxony,7982448,489,14,4659,46
2020-04-02,Germany,NA,Lower Saxony,7982448,577,23,5236,69
2020-04-03,Germany,NA,Lower Saxony,7982448,540,13,5776,82
2020-04-04,Germany,NA,Lower Saxony,7982448,223,12,5999,94
2020-04-05,Germany,NA,Lower Saxony,7982448,268,3,6267,97
2020-04-06,Germany,NA,Lower Saxony,7982448,413,16,6680,113
2020-04-07,Germany,NA,Lower Saxony,7982448,0,13,6520,126
2020-04-08,Germany,NA,Lower Saxony,7982448,530,26,7050,152
2020-04-10,Germany,NA,Lower Saxony,7982448,493,26,7543,178
2020-04-14,Germany,NA,Lower Saxony,7982448,795,64,8338,242
2020-04-15,Germany,NA,Lower Saxony,7982448,220,23,8558,265
2020-04-17,Germany,NA,Lower Saxony,7982448,379,24,8937,289
2020-04-18,Germany,NA,Lower Saxony,7982448,352,33,9289,322
2020-04-20,Germany,NA,Lower Saxony,7982448,155,8,9444,330
2020-04-21,Germany,NA,Lower Saxony,7982448,154,12,9598,342
2020-04-22,Germany,NA,Lower Saxony,7982448,52,20,9650,362
2020-04-24,Germany,NA,Lower Saxony,7982448,328,31,9978,393
2020-04-25,Germany,NA,Lower Saxony,7982448,42,17,10020,410
2020-04-27,Germany,NA,Lower Saxony,7982448,156,13,10176,423
2020-04-29,Germany,NA,Lower Saxony,7982448,127,23,10303,446
2020-04-30,Germany,NA,Lower Saxony,7982448,164,20,10467,466
2020-05-03,Germany,NA,Lower Saxony,7982448,172,13,10639,479
2020-05-05,Germany,NA,Lower Saxony,7982448,103,15,10742,494
2020-05-08,Germany,NA,Lower Saxony,7982448,169,17,10911,511
2020-05-11,Germany,NA,Lower Saxony,7982448,246,15,11157,526
2020-05-15,Germany,NA,Lower Saxony,7982448,132,29,11289,555
2020-05-18,Germany,NA,Lower Saxony,7982448,170,12,11459,567
2020-05-23,Germany,NA,Lower Saxony,7982448,296,21,11755,588
2020-05-27,Germany,NA,Lower Saxony,7982448,106,16,11861,604
2020-05-31,Germany,NA,Lower Saxony,7982448,335,10,12196,614
2020-06-03,Germany,NA,Lower Saxony,7982448,117,4,12313,618
2020-06-05,Germany,NA,Lower Saxony,7982448,179,6,12492,624
2020-06-11,Germany,NA,Lower Saxony,7982448,454,7,12946,631
2020-06-16,Germany,NA,Lower Saxony,7982448,184,4,13130,635
2020-06-19,Germany,NA,Lower Saxony,7982448,233,5,13363,640
2020-06-25,Germany,NA,Lower Saxony,7982448,258,5,13621,645
2020-06-27,Germany,NA,Lower Saxony,7982448,80,5,13701,650
2020-07-01,Germany,NA,Lower Saxony,7982448,105,4,13806,654
2020-07-04,Germany,NA,Lower Saxony,7982448,106,1,13912,655
2020-07-07,Germany,NA,Lower Saxony,7982448,38,2,13950,657
2020-07-09,Germany,NA,Lower Saxony,7982448,25,3,13975,660
2020-07-13,Germany,NA,Lower Saxony,7982448,43,1,14018,661
2020-07-17,Germany,NA,Lower Saxony,7982448,99,2,14117,663
2020-07-21,Germany,NA,Lower Saxony,7982448,190,4,14307,667
2020-07-23,Germany,NA,Lower Saxony,7982448,40,0,14347,667
2020-07-27,Germany,NA,Lower Saxony,7982448,144,1,14491,668
2020-07-29,Germany,NA,Lower Saxony,7982448,39,0,14530,668
2020-07-31,Germany,NA,Lower Saxony,7982448,86,3,14616,671
2020-08-04,Germany,NA,Lower Saxony,7982448,198,1,14814,672
2020-08-09,Germany,NA,Lower Saxony,7982448,346,0,15160,672
2020-08-11,Germany,NA,Lower Saxony,7982448,110,0,15270,672
2020-08-13,Germany,NA,Lower Saxony,7982448,201,1,15471,673
2020-08-17,Germany,NA,Lower Saxony,7982448,169,1,15640,674
2020-08-20,Germany,NA,Lower Saxony,7982448,385,2,16025,676
2020-08-24,Germany,NA,Lower Saxony,7982448,264,2,16289,678
2020-08-28,Germany,NA,Lower Saxony,7982448,420,0,16709,678
2020-08-31,Germany,NA,Lower Saxony,7982448,193,1,16902,679
2020-03-19,Germany,NA,Mecklenburg-Vorpommern,1609675,33,0,133,0
2020-03-20,Germany,NA,Mecklenburg-Vorpommern,1609675,34,0,167,0
2020-03-21,Germany,NA,Mecklenburg-Vorpommern,1609675,15,0,182,0
2020-03-22,Germany,NA,Mecklenburg-Vorpommern,1609675,0,0,182,0
2020-03-23,Germany,NA,Mecklenburg-Vorpommern,1609675,19,0,201,0
2020-03-24,Germany,NA,Mecklenburg-Vorpommern,1609675,18,0,219,0
2020-03-25,Germany,NA,Mecklenburg-Vorpommern,1609675,8,0,227,0
2020-03-26,Germany,NA,Mecklenburg-Vorpommern,1609675,19,0,246,0
2020-03-27,Germany,NA,Mecklenburg-Vorpommern,1609675,53,0,299,0
2020-03-28,Germany,NA,Mecklenburg-Vorpommern,1609675,49,1,348,1
2020-03-29,Germany,NA,Mecklenburg-Vorpommern,1609675,13,0,361,1
2020-03-30,Germany,NA,Mecklenburg-Vorpommern,1609675,7,0,368,1
2020-04-01,Germany,NA,Mecklenburg-Vorpommern,1609675,49,2,417,3
2020-04-02,Germany,NA,Mecklenburg-Vorpommern,1609675,29,1,446,4
2020-04-03,Germany,NA,Mecklenburg-Vorpommern,1609675,60,1,506,5
2020-04-04,Germany,NA,Mecklenburg-Vorpommern,1609675,20,0,526,5
2020-04-05,Germany,NA,Mecklenburg-Vorpommern,1609675,2,1,528,6
2020-04-06,Germany,NA,Mecklenburg-Vorpommern,1609675,1,2,529,8
2020-04-07,Germany,NA,Mecklenburg-Vorpommern,1609675,2,0,531,8
2020-04-08,Germany,NA,Mecklenburg-Vorpommern,1609675,27,3,558,11
2020-04-10,Germany,NA,Mecklenburg-Vorpommern,1609675,28,0,586,11
2020-04-14,Germany,NA,Mecklenburg-Vorpommern,1609675,32,1,618,12
2020-04-15,Germany,NA,Mecklenburg-Vorpommern,1609675,7,2,625,14
2020-04-17,Germany,NA,Mecklenburg-Vorpommern,1609675,18,0,643,13
2020-04-18,Germany,NA,Mecklenburg-Vorpommern,1609675,6,2,649,15
2020-04-20,Germany,NA,Mecklenburg-Vorpommern,1609675,3,1,652,16
2020-04-21,Germany,NA,Mecklenburg-Vorpommern,1609675,3,0,655,16
2020-04-22,Germany,NA,Mecklenburg-Vorpommern,1609675,1,0,656,16
2020-04-24,Germany,NA,Mecklenburg-Vorpommern,1609675,5,1,661,17
2020-04-25,Germany,NA,Mecklenburg-Vorpommern,1609675,6,0,667,17
2020-04-27,Germany,NA,Mecklenburg-Vorpommern,1609675,8,0,675,17
2020-04-29,Germany,NA,Mecklenburg-Vorpommern,1609675,12,1,687,18
2020-04-30,Germany,NA,Mecklenburg-Vorpommern,1609675,9,1,696,19
2020-05-03,Germany,NA,Mecklenburg-Vorpommern,1609675,5,0,701,19
2020-05-05,Germany,NA,Mecklenburg-Vorpommern,1609675,11,1,712,20
2020-05-08,Germany,NA,Mecklenburg-Vorpommern,1609675,8,0,720,20
2020-05-11,Germany,NA,Mecklenburg-Vorpommern,1609675,10,1,730,21
2020-05-15,Germany,NA,Mecklenburg-Vorpommern,1609675,12,0,742,21
2020-05-18,Germany,NA,Mecklenburg-Vorpommern,1609675,12,0,754,21
2020-05-23,Germany,NA,Mecklenburg-Vorpommern,1609675,12,0,766,21
2020-05-27,Germany,NA,Mecklenburg-Vorpommern,1609675,1,0,767,21
2020-05-31,Germany,NA,Mecklenburg-Vorpommern,1609675,2,0,769,21
2020-06-03,Germany,NA,Mecklenburg-Vorpommern,1609675,0,0,769,21
2020-06-05,Germany,NA,Mecklenburg-Vorpommern,1609675,3,0,772,21
2020-06-11,Germany,NA,Mecklenburg-Vorpommern,1609675,11,0,783,21
2020-06-16,Germany,NA,Mecklenburg-Vorpommern,1609675,6,0,789,21
2020-06-19,Germany,NA,Mecklenburg-Vorpommern,1609675,7,0,796,21
2020-06-25,Germany,NA,Mecklenburg-Vorpommern,1609675,4,0,800,21
2020-06-27,Germany,NA,Mecklenburg-Vorpommern,1609675,3,0,803,21
2020-07-01,Germany,NA,Mecklenburg-Vorpommern,1609675,5,0,808,21
2020-07-04,Germany,NA,Mecklenburg-Vorpommern,1609675,1,0,809,21
2020-07-07,Germany,NA,Mecklenburg-Vorpommern,1609675,0,0,809,21
2020-07-09,Germany,NA,Mecklenburg-Vorpommern,1609675,0,0,809,21
2020-07-13,Germany,NA,Mecklenburg-Vorpommern,1609675,0,0,809,21
2020-07-17,Germany,NA,Mecklenburg-Vorpommern,1609675,1,0,810,21
2020-07-21,Germany,NA,Mecklenburg-Vorpommern,1609675,3,0,813,21
2020-07-23,Germany,NA,Mecklenburg-Vorpommern,1609675,5,0,818,21
2020-07-27,Germany,NA,Mecklenburg-Vorpommern,1609675,30,0,848,21
2020-07-29,Germany,NA,Mecklenburg-Vorpommern,1609675,4,0,852,21
2020-07-31,Germany,NA,Mecklenburg-Vorpommern,1609675,14,0,866,21
2020-08-04,Germany,NA,Mecklenburg-Vorpommern,1609675,15,0,881,21
2020-08-09,Germany,NA,Mecklenburg-Vorpommern,1609675,56,0,937,21
2020-08-11,Germany,NA,Mecklenburg-Vorpommern,1609675,8,0,945,21
2020-08-13,Germany,NA,Mecklenburg-Vorpommern,1609675,15,0,960,21
2020-08-17,Germany,NA,Mecklenburg-Vorpommern,1609675,13,0,973,21
2020-08-20,Germany,NA,Mecklenburg-Vorpommern,1609675,10,0,983,21
2020-08-24,Germany,NA,Mecklenburg-Vorpommern,1609675,9,0,992,21
2020-08-28,Germany,NA,Mecklenburg-Vorpommern,1609675,14,0,1006,21
2020-08-31,Germany,NA,Mecklenburg-Vorpommern,1609675,7,0,1013,21
2020-03-10,Germany,NA,North Rhine-Westphalia,17932651,0,0,484,0
2020-03-11,Germany,NA,North Rhine-Westphalia,17932651,0,0,484,0
2020-03-12,Germany,NA,North Rhine-Westphalia,17932651,204,0,688,0
2020-03-13,Germany,NA,North Rhine-Westphalia,17932651,248,0,936,0
2020-03-14,Germany,NA,North Rhine-Westphalia,17932651,218,0,1154,0
2020-03-15,Germany,NA,North Rhine-Westphalia,17932651,253,0,1407,0
2020-03-16,Germany,NA,North Rhine-Westphalia,17932651,134,0,1541,0
2020-03-17,Germany,NA,North Rhine-Westphalia,17932651,1834,12,3375,12
2020-03-18,Germany,NA,North Rhine-Westphalia,17932651,893,1,4268,13
2020-03-19,Germany,NA,North Rhine-Westphalia,17932651,703,4,4971,17
2020-03-20,Germany,NA,North Rhine-Westphalia,17932651,1286,3,6257,20
2020-03-21,Germany,NA,North Rhine-Westphalia,17932651,483,4,6740,24
2020-03-22,Germany,NA,North Rhine-Westphalia,17932651,621,8,7361,32
2020-03-23,Germany,NA,North Rhine-Westphalia,17932651,863,8,8224,40
2020-03-24,Germany,NA,North Rhine-Westphalia,17932651,757,13,8981,53
2020-03-25,Germany,NA,North Rhine-Westphalia,17932651,753,13,9734,66
2020-03-26,Germany,NA,North Rhine-Westphalia,17932651,1003,8,10737,74
2020-03-27,Germany,NA,North Rhine-Westphalia,17932651,1265,20,12002,94
2020-03-28,Germany,NA,North Rhine-Westphalia,17932651,1011,13,13013,107
2020-03-29,Germany,NA,North Rhine-Westphalia,17932651,984,9,13997,116
2020-03-30,Germany,NA,North Rhine-Westphalia,17932651,569,15,14566,131
2020-04-01,Germany,NA,North Rhine-Westphalia,17932651,1403,19,15969,150
2020-04-02,Germany,NA,North Rhine-Westphalia,17932651,1925,52,17894,202
2020-04-03,Germany,NA,North Rhine-Westphalia,17932651,1792,30,19686,232
2020-04-04,Germany,NA,North Rhine-Westphalia,17932651,469,25,20155,257
2020-04-05,Germany,NA,North Rhine-Westphalia,17932651,936,45,21091,302
2020-04-06,Germany,NA,North Rhine-Westphalia,17932651,141,34,21232,336
2020-04-07,Germany,NA,North Rhine-Westphalia,17932651,683,48,21915,384
2020-04-08,Germany,NA,North Rhine-Westphalia,17932651,1259,38,23174,422
2020-04-10,Germany,NA,North Rhine-Westphalia,17932651,1724,101,24898,523
2020-04-14,Germany,NA,North Rhine-Westphalia,17932651,2216,149,27114,672
2020-04-15,Germany,NA,North Rhine-Westphalia,17932651,440,33,27554,705
2020-04-17,Germany,NA,North Rhine-Westphalia,17932651,996,68,28550,773
2020-04-18,Germany,NA,North Rhine-Westphalia,17932651,935,94,29485,867
2020-04-20,Germany,NA,North Rhine-Westphalia,17932651,543,46,30028,913
2020-04-21,Germany,NA,North Rhine-Westphalia,17932651,419,26,30447,939
2020-04-22,Germany,NA,North Rhine-Westphalia,17932651,149,44,30596,983
2020-04-24,Germany,NA,North Rhine-Westphalia,17932651,1010,108,31606,1091
2020-04-25,Germany,NA,North Rhine-Westphalia,17932651,76,35,31682,1126
2020-04-27,Germany,NA,North Rhine-Westphalia,17932651,574,37,32256,1163
2020-04-29,Germany,NA,North Rhine-Westphalia,17932651,401,64,32657,1227
2020-04-30,Germany,NA,North Rhine-Westphalia,17932651,555,45,33212,1272
2020-05-03,Germany,NA,North Rhine-Westphalia,17932651,517,31,33729,1303
2020-05-05,Germany,NA,North Rhine-Westphalia,17932651,417,64,34146,1367
2020-05-08,Germany,NA,North Rhine-Westphalia,17932651,546,43,34692,1410
2020-05-11,Germany,NA,North Rhine-Westphalia,17932651,811,47,35503,1457
2020-05-15,Germany,NA,North Rhine-Westphalia,17932651,549,48,36052,1505
2020-05-18,Germany,NA,North Rhine-Westphalia,17932651,638,29,36690,1534
2020-05-23,Germany,NA,North Rhine-Westphalia,17932651,599,38,37289,1572
2020-05-27,Germany,NA,North Rhine-Westphalia,17932651,432,20,37721,1592
2020-05-31,Germany,NA,North Rhine-Westphalia,17932651,314,26,38035,1618
2020-06-03,Germany,NA,North Rhine-Westphalia,17932651,188,2,38223,1620
2020-06-05,Germany,NA,North Rhine-Westphalia,17932651,209,13,38432,1633
2020-06-11,Germany,NA,North Rhine-Westphalia,17932651,661,22,39093,1655
2020-06-16,Germany,NA,North Rhine-Westphalia,17932651,372,3,39465,1658
2020-06-19,Germany,NA,North Rhine-Westphalia,17932651,711,16,40176,1674
2020-06-25,Germany,NA,North Rhine-Westphalia,17932651,1892,5,42068,1679
2020-06-27,Germany,NA,North Rhine-Westphalia,17932651,489,6,42557,1685
2020-07-01,Germany,NA,North Rhine-Westphalia,17932651,688,9,43245,1694
2020-07-04,Germany,NA,North Rhine-Westphalia,17932651,654,8,43899,1702
2020-07-07,Germany,NA,North Rhine-Westphalia,17932651,328,6,44227,1708
2020-07-09,Germany,NA,North Rhine-Westphalia,17932651,204,7,44431,1715
2020-07-13,Germany,NA,North Rhine-Westphalia,17932651,653,6,45084,1721
2020-07-17,Germany,NA,North Rhine-Westphalia,17932651,676,4,45760,1725
2020-07-21,Germany,NA,North Rhine-Westphalia,17932651,675,6,46435,1731
2020-07-23,Germany,NA,North Rhine-Westphalia,17932651,213,2,46648,1733
2020-07-27,Germany,NA,North Rhine-Westphalia,17932651,1107,8,47755,1741
2020-07-29,Germany,NA,North Rhine-Westphalia,17932651,284,2,48039,1743
2020-07-31,Germany,NA,North Rhine-Westphalia,17932651,716,5,48755,1748
2020-08-04,Germany,NA,North Rhine-Westphalia,17932651,1000,6,49755,1754
2020-08-09,Germany,NA,North Rhine-Westphalia,17932651,1733,15,51488,1769
2020-08-11,Germany,NA,North Rhine-Westphalia,17932651,816,4,52304,1773
2020-08-13,Germany,NA,North Rhine-Westphalia,17932651,1180,7,53484,1780
2020-08-17,Germany,NA,North Rhine-Westphalia,17932651,1187,4,54671,1784
2020-08-20,Germany,NA,North Rhine-Westphalia,17932651,1215,16,55886,1800
2020-08-24,Germany,NA,North Rhine-Westphalia,17932651,1081,4,56967,1804
2020-08-28,Germany,NA,North Rhine-Westphalia,17932651,1145,10,58112,1814
2020-08-31,Germany,NA,North Rhine-Westphalia,17932651,621,1,58733,1815
2020-03-13,Germany,NA,Rhineland-Palatinate,4084844,50,0,102,0
2020-03-14,Germany,NA,Rhineland-Palatinate,4084844,19,0,121,0
2020-03-15,Germany,NA,Rhineland-Palatinate,4084844,47,0,168,0
2020-03-16,Germany,NA,Rhineland-Palatinate,4084844,157,0,325,0
2020-03-17,Germany,NA,Rhineland-Palatinate,4084844,110,0,435,0
2020-03-18,Germany,NA,Rhineland-Palatinate,4084844,168,0,603,0
2020-03-19,Germany,NA,Rhineland-Palatinate,4084844,146,0,749,0
2020-03-20,Germany,NA,Rhineland-Palatinate,4084844,141,1,890,1
2020-03-21,Germany,NA,Rhineland-Palatinate,4084844,172,1,1062,2
2020-03-22,Germany,NA,Rhineland-Palatinate,4084844,87,0,1149,2
2020-03-23,Germany,NA,Rhineland-Palatinate,4084844,136,2,1285,4
2020-03-24,Germany,NA,Rhineland-Palatinate,4084844,355,2,1640,6
2020-03-25,Germany,NA,Rhineland-Palatinate,4084844,174,0,1814,5
2020-03-26,Germany,NA,Rhineland-Palatinate,4084844,249,3,2063,8
2020-03-27,Germany,NA,Rhineland-Palatinate,4084844,217,4,2280,12
2020-03-28,Germany,NA,Rhineland-Palatinate,4084844,219,1,2499,13
2020-03-29,Germany,NA,Rhineland-Palatinate,4084844,213,5,2712,18
2020-03-30,Germany,NA,Rhineland-Palatinate,4084844,139,2,2851,20
2020-04-01,Germany,NA,Rhineland-Palatinate,4084844,290,5,3141,25
2020-04-02,Germany,NA,Rhineland-Palatinate,4084844,298,6,3439,31
2020-04-03,Germany,NA,Rhineland-Palatinate,4084844,246,2,3685,33
2020-04-04,Germany,NA,Rhineland-Palatinate,4084844,180,4,3865,37
2020-04-05,Germany,NA,Rhineland-Palatinate,4084844,123,0,3988,36
2020-04-06,Germany,NA,Rhineland-Palatinate,4084844,0,3,3952,39
2020-04-07,Germany,NA,Rhineland-Palatinate,4084844,201,4,4153,43
2020-04-08,Germany,NA,Rhineland-Palatinate,4084844,234,10,4387,53
2020-04-10,Germany,NA,Rhineland-Palatinate,4084844,254,9,4641,62
2020-04-14,Germany,NA,Rhineland-Palatinate,4084844,413,13,5054,75
2020-04-15,Germany,NA,Rhineland-Palatinate,4084844,137,12,5191,87
2020-04-17,Germany,NA,Rhineland-Palatinate,4084844,178,5,5369,92
2020-04-18,Germany,NA,Rhineland-Palatinate,4084844,204,17,5573,109
2020-04-20,Germany,NA,Rhineland-Palatinate,4084844,95,4,5668,113
2020-04-21,Germany,NA,Rhineland-Palatinate,4084844,61,5,5729,118
2020-04-22,Germany,NA,Rhineland-Palatinate,4084844,18,8,5747,126
2020-04-24,Germany,NA,Rhineland-Palatinate,4084844,174,17,5921,143
2020-04-25,Germany,NA,Rhineland-Palatinate,4084844,21,4,5942,147
2020-04-27,Germany,NA,Rhineland-Palatinate,4084844,115,11,6057,158
2020-04-29,Germany,NA,Rhineland-Palatinate,4084844,88,7,6145,165
2020-04-30,Germany,NA,Rhineland-Palatinate,4084844,118,10,6263,175
2020-05-03,Germany,NA,Rhineland-Palatinate,4084844,84,7,6347,182
2020-05-05,Germany,NA,Rhineland-Palatinate,4084844,46,9,6393,191
2020-05-08,Germany,NA,Rhineland-Palatinate,4084844,60,5,6453,196
2020-05-11,Germany,NA,Rhineland-Palatinate,4084844,105,10,6558,206
2020-05-15,Germany,NA,Rhineland-Palatinate,4084844,81,13,6639,219
2020-05-18,Germany,NA,Rhineland-Palatinate,4084844,79,8,6718,227
2020-05-23,Germany,NA,Rhineland-Palatinate,4084844,78,6,6796,233
2020-05-27,Germany,NA,Rhineland-Palatinate,4084844,26,2,6822,235
2020-05-31,Germany,NA,Rhineland-Palatinate,4084844,74,1,6896,236
2020-06-03,Germany,NA,Rhineland-Palatinate,4084844,19,0,6915,236
2020-06-05,Germany,NA,Rhineland-Palatinate,4084844,18,0,6933,236
2020-06-11,Germany,NA,Rhineland-Palatinate,4084844,84,1,7017,237
2020-06-16,Germany,NA,Rhineland-Palatinate,4084844,23,1,7040,238
2020-06-19,Germany,NA,Rhineland-Palatinate,4084844,37,1,7077,239
2020-06-25,Germany,NA,Rhineland-Palatinate,4084844,58,2,7135,241
2020-06-27,Germany,NA,Rhineland-Palatinate,4084844,22,0,7157,241
2020-07-01,Germany,NA,Rhineland-Palatinate,4084844,66,0,7223,241
2020-07-04,Germany,NA,Rhineland-Palatinate,4084844,44,0,7267,241
2020-07-07,Germany,NA,Rhineland-Palatinate,4084844,0,0,7143,231
2020-07-09,Germany,NA,Rhineland-Palatinate,4084844,16,11,7159,242
2020-07-13,Germany,NA,Rhineland-Palatinate,4084844,69,0,7228,242
2020-07-17,Germany,NA,Rhineland-Palatinate,4084844,103,2,7331,244
2020-07-21,Germany,NA,Rhineland-Palatinate,4084844,72,0,7403,244
2020-07-23,Germany,NA,Rhineland-Palatinate,4084844,20,0,7423,244
2020-07-27,Germany,NA,Rhineland-Palatinate,4084844,71,0,7494,244
2020-07-29,Germany,NA,Rhineland-Palatinate,4084844,52,1,7546,245
2020-07-31,Germany,NA,Rhineland-Palatinate,4084844,0,0,7542,245
2020-08-04,Germany,NA,Rhineland-Palatinate,4084844,75,0,7617,245
2020-08-09,Germany,NA,Rhineland-Palatinate,4084844,197,0,7814,245
2020-08-11,Germany,NA,Rhineland-Palatinate,4084844,95,0,7909,245
2020-08-13,Germany,NA,Rhineland-Palatinate,4084844,153,1,8062,246
2020-08-17,Germany,NA,Rhineland-Palatinate,4084844,149,2,8211,248
2020-08-20,Germany,NA,Rhineland-Palatinate,4084844,260,0,8471,248
2020-08-24,Germany,NA,Rhineland-Palatinate,4084844,234,1,8705,249
2020-08-28,Germany,NA,Rhineland-Palatinate,4084844,218,0,8923,249
2020-08-31,Germany,NA,Rhineland-Palatinate,4084844,180,0,9103,249
2020-03-17,Germany,NA,Saarland,995597,16,0,101,0
2020-03-18,Germany,NA,Saarland,995597,0,0,101,0
2020-03-19,Germany,NA,Saarland,995597,116,0,217,0
2020-03-20,Germany,NA,Saarland,995597,0,0,217,0
2020-03-21,Germany,NA,Saarland,995597,0,0,217,0
2020-03-22,Germany,NA,Saarland,995597,84,1,301,1
2020-03-23,Germany,NA,Saarland,995597,82,0,383,1
2020-03-24,Germany,NA,Saarland,995597,19,0,402,1
2020-03-25,Germany,NA,Saarland,995597,35,2,437,3
2020-03-26,Germany,NA,Saarland,995597,29,0,466,3
2020-03-27,Germany,NA,Saarland,995597,148,3,614,6
2020-03-28,Germany,NA,Saarland,995597,55,0,669,6
2020-03-29,Germany,NA,Saarland,995597,45,3,714,9
2020-03-30,Germany,NA,Saarland,995597,86,0,800,9
2020-04-01,Germany,NA,Saarland,995597,161,2,961,11
2020-04-02,Germany,NA,Saarland,995597,202,2,1163,13
2020-04-03,Germany,NA,Saarland,995597,140,5,1303,18
2020-04-04,Germany,NA,Saarland,995597,83,2,1386,20
2020-04-05,Germany,NA,Saarland,995597,156,1,1542,21
2020-04-06,Germany,NA,Saarland,995597,2,0,1544,21
2020-04-07,Germany,NA,Saarland,995597,67,6,1611,27
2020-04-08,Germany,NA,Saarland,995597,89,1,1700,28
2020-04-10,Germany,NA,Saarland,995597,203,10,1903,38
2020-04-14,Germany,NA,Saarland,995597,242,19,2145,57
2020-04-15,Germany,NA,Saarland,995597,46,7,2191,64
2020-04-17,Germany,NA,Saarland,995597,84,13,2275,77
2020-04-18,Germany,NA,Saarland,995597,32,17,2307,94
2020-04-20,Germany,NA,Saarland,995597,32,6,2339,100
2020-04-21,Germany,NA,Saarland,995597,10,2,2349,102
2020-04-22,Germany,NA,Saarland,995597,32,6,2381,108
2020-04-24,Germany,NA,Saarland,995597,71,12,2452,120
2020-04-25,Germany,NA,Saarland,995597,24,1,2476,121
2020-04-27,Germany,NA,Saarland,995597,42,3,2518,124
2020-04-29,Germany,NA,Saarland,995597,8,11,2526,135
2020-04-30,Germany,NA,Saarland,995597,104,1,2630,136
2020-05-03,Germany,NA,Saarland,995597,26,4,2656,140
2020-05-05,Germany,NA,Saarland,995597,7,3,2663,143
2020-05-08,Germany,NA,Saarland,995597,30,2,2693,145
2020-05-11,Germany,NA,Saarland,995597,20,4,2713,149
2020-05-15,Germany,NA,Saarland,995597,14,5,2727,154
2020-05-18,Germany,NA,Saarland,995597,2,9,2729,163
2020-05-23,Germany,NA,Saarland,995597,1,3,2730,166
2020-05-27,Germany,NA,Saarland,995597,15,2,2745,168
2020-05-31,Germany,NA,Saarland,995597,5,1,2750,169
2020-06-03,Germany,NA,Saarland,995597,7,0,2757,169
2020-06-05,Germany,NA,Saarland,995597,27,3,2784,172
2020-06-11,Germany,NA,Saarland,995597,19,2,2803,174
2020-06-16,Germany,NA,Saarland,995597,2,0,2805,174
2020-06-19,Germany,NA,Saarland,995597,12,1,2817,175
2020-06-25,Germany,NA,Saarland,995597,5,0,2822,175
2020-06-27,Germany,NA,Saarland,995597,2,1,2824,176
2020-07-01,Germany,NA,Saarland,995597,2,0,2826,176
2020-07-04,Germany,NA,Saarland,995597,2,1,2828,177
2020-07-07,Germany,NA,Saarland,995597,1,1,2829,178
2020-07-09,Germany,NA,Saarland,995597,2,0,2831,178
2020-07-13,Germany,NA,Saarland,995597,9,0,2840,178
2020-07-17,Germany,NA,Saarland,995597,8,0,2848,178
2020-07-21,Germany,NA,Saarland,995597,13,0,2861,178
2020-07-23,Germany,NA,Saarland,995597,2,0,2863,178
2020-07-27,Germany,NA,Saarland,995597,15,0,2878,178
2020-07-29,Germany,NA,Saarland,995597,5,0,2883,178
2020-07-31,Germany,NA,Saarland,995597,9,0,2892,178
2020-08-04,Germany,NA,Saarland,995597,14,0,2906,178
2020-08-09,Germany,NA,Saarland,995597,47,0,2953,178
2020-08-11,Germany,NA,Saarland,995597,16,0,2969,178
2020-08-13,Germany,NA,Saarland,995597,30,0,2999,178
2020-08-17,Germany,NA,Saarland,995597,28,0,3027,178
2020-08-20,Germany,NA,Saarland,995597,29,0,3056,178
2020-08-24,Germany,NA,Saarland,995597,46,0,3102,178
2020-08-28,Germany,NA,Saarland,995597,34,0,3136,178
2020-08-31,Germany,NA,Saarland,995597,39,0,3175,178
2020-03-15,Germany,NA,Saxony,4077937,37,0,130,0
2020-03-16,Germany,NA,Saxony,4077937,10,0,140,0
2020-03-17,Germany,NA,Saxony,4077937,107,0,247,0
2020-03-18,Germany,NA,Saxony,4077937,49,0,296,0
2020-03-19,Germany,NA,Saxony,4077937,93,0,389,0
2020-03-20,Germany,NA,Saxony,4077937,173,1,562,1
2020-03-21,Germany,NA,Saxony,4077937,88,0,650,1
2020-03-22,Germany,NA,Saxony,4077937,81,0,731,1
2020-03-23,Germany,NA,Saxony,4077937,134,2,865,3
2020-03-24,Germany,NA,Saxony,4077937,171,0,1036,1
2020-03-25,Germany,NA,Saxony,4077937,92,2,1128,3
2020-03-26,Germany,NA,Saxony,4077937,232,2,1360,5
2020-03-27,Germany,NA,Saxony,4077937,147,4,1507,9
2020-03-28,Germany,NA,Saxony,4077937,212,0,1719,9
2020-03-29,Germany,NA,Saxony,4077937,137,0,1856,9
2020-03-30,Germany,NA,Saxony,4077937,120,2,1976,11
2020-04-01,Germany,NA,Saxony,4077937,187,2,2163,13
2020-04-02,Germany,NA,Saxony,4077937,207,6,2370,19
2020-04-03,Germany,NA,Saxony,4077937,334,3,2704,22
2020-04-04,Germany,NA,Saxony,4077937,191,13,2895,35
2020-04-05,Germany,NA,Saxony,4077937,144,5,3039,40
2020-04-06,Germany,NA,Saxony,4077937,83,1,3122,41
2020-04-07,Germany,NA,Saxony,4077937,38,3,3160,44
2020-04-08,Germany,NA,Saxony,4077937,85,12,3245,56
2020-04-10,Germany,NA,Saxony,4077937,283,11,3528,67
2020-04-14,Germany,NA,Saxony,4077937,403,9,3931,76
2020-04-15,Germany,NA,Saxony,4077937,99,13,4030,89
2020-04-17,Germany,NA,Saxony,4077937,97,7,4127,96
2020-04-18,Germany,NA,Saxony,4077937,118,13,4245,109
2020-04-20,Germany,NA,Saxony,4077937,57,4,4302,113
2020-04-21,Germany,NA,Saxony,4077937,43,6,4345,119
2020-04-22,Germany,NA,Saxony,4077937,12,7,4357,126
2020-04-24,Germany,NA,Saxony,4077937,129,17,4486,143
2020-04-25,Germany,NA,Saxony,4077937,19,3,4505,146
2020-04-27,Germany,NA,Saxony,4077937,59,3,4564,149
2020-04-29,Germany,NA,Saxony,4077937,37,9,4601,158
2020-04-30,Germany,NA,Saxony,4077937,76,8,4677,166
2020-05-03,Germany,NA,Saxony,4077937,72,4,4749,170
2020-05-05,Germany,NA,Saxony,4077937,39,8,4788,178
2020-05-08,Germany,NA,Saxony,4077937,87,8,4875,186
2020-05-11,Germany,NA,Saxony,4077937,104,6,4979,192
2020-05-15,Germany,NA,Saxony,4077937,91,8,5070,200
2020-05-18,Germany,NA,Saxony,4077937,65,1,5135,201
2020-05-23,Germany,NA,Saxony,4077937,91,3,5226,204
2020-05-27,Germany,NA,Saxony,4077937,31,4,5257,208
2020-05-31,Germany,NA,Saxony,4077937,44,5,5301,213
2020-06-03,Germany,NA,Saxony,4077937,5,1,5306,214
2020-06-05,Germany,NA,Saxony,4077937,12,0,5318,214
2020-06-11,Germany,NA,Saxony,4077937,26,7,5344,221
2020-06-16,Germany,NA,Saxony,4077937,4,0,5348,221
2020-06-19,Germany,NA,Saxony,4077937,38,1,5386,222
2020-06-25,Germany,NA,Saxony,4077937,51,2,5437,224
2020-06-27,Germany,NA,Saxony,4077937,6,0,5443,224
2020-07-01,Germany,NA,Saxony,4077937,7,0,5450,224
2020-07-04,Germany,NA,Saxony,4077937,9,1,5459,225
2020-07-07,Germany,NA,Saxony,4077937,6,1,5465,226
2020-07-09,Germany,NA,Saxony,4077937,1,1,5466,227
2020-07-13,Germany,NA,Saxony,4077937,8,0,5474,227
2020-07-17,Germany,NA,Saxony,4077937,11,0,5485,227
2020-07-21,Germany,NA,Saxony,4077937,18,0,5503,227
2020-07-23,Germany,NA,Saxony,4077937,1,0,5504,227
2020-07-27,Germany,NA,Saxony,4077937,16,0,5520,227
2020-07-29,Germany,NA,Saxony,4077937,13,0,5533,227
2020-07-31,Germany,NA,Saxony,4077937,4,0,5537,227
2020-08-04,Germany,NA,Saxony,4077937,14,0,5551,227
2020-08-09,Germany,NA,Saxony,4077937,90,0,5641,227
2020-08-11,Germany,NA,Saxony,4077937,24,0,5665,227
2020-08-13,Germany,NA,Saxony,4077937,43,0,5708,227
2020-08-17,Germany,NA,Saxony,4077937,28,0,5736,227
2020-08-20,Germany,NA,Saxony,4077937,36,1,5772,228
2020-08-24,Germany,NA,Saxony,4077937,44,0,5816,228
2020-08-28,Germany,NA,Saxony,4077937,88,0,5904,228
2020-08-31,Germany,NA,Saxony,4077937,49,0,5953,228
2020-03-18,Germany,NA,Saxony-Anhalt,2245470,40,0,133,0
2020-03-19,Germany,NA,Saxony-Anhalt,2245470,19,0,152,0
2020-03-20,Germany,NA,Saxony-Anhalt,2245470,65,0,217,0
2020-03-21,Germany,NA,Saxony-Anhalt,2245470,36,0,253,0
2020-03-22,Germany,NA,Saxony-Anhalt,2245470,16,0,269,0
2020-03-23,Germany,NA,Saxony-Anhalt,2245470,34,1,303,1
2020-03-24,Germany,NA,Saxony-Anhalt,2245470,62,0,365,1
2020-03-25,Germany,NA,Saxony-Anhalt,2245470,53,0,418,1
2020-03-26,Germany,NA,Saxony-Anhalt,2245470,75,1,493,2
2020-03-27,Germany,NA,Saxony-Anhalt,2245470,61,0,554,2
2020-03-28,Germany,NA,Saxony-Anhalt,2245470,50,0,604,2
2020-03-29,Germany,NA,Saxony-Anhalt,2245470,41,0,645,2
2020-03-30,Germany,NA,Saxony-Anhalt,2245470,44,4,689,6
2020-04-01,Germany,NA,Saxony-Anhalt,2245470,90,1,779,7
2020-04-02,Germany,NA,Saxony-Anhalt,2245470,52,2,831,9
2020-04-03,Germany,NA,Saxony-Anhalt,2245470,85,2,916,11
2020-04-04,Germany,NA,Saxony-Anhalt,2245470,32,1,948,12
2020-04-05,Germany,NA,Saxony-Anhalt,2245470,27,0,975,12
2020-04-06,Germany,NA,Saxony-Anhalt,2245470,20,0,995,12
2020-04-07,Germany,NA,Saxony-Anhalt,2245470,7,1,1002,13
2020-04-08,Germany,NA,Saxony-Anhalt,2245470,35,3,1037,16
2020-04-10,Germany,NA,Saxony-Anhalt,2245470,102,2,1139,18
2020-04-14,Germany,NA,Saxony-Anhalt,2245470,85,7,1224,25
2020-04-15,Germany,NA,Saxony-Anhalt,2245470,34,1,1258,26
2020-04-17,Germany,NA,Saxony-Anhalt,2245470,33,2,1291,28
2020-04-18,Germany,NA,Saxony-Anhalt,2245470,66,2,1357,30
2020-04-20,Germany,NA,Saxony-Anhalt,2245470,44,2,1401,32
2020-04-21,Germany,NA,Saxony-Anhalt,2245470,13,2,1414,34
2020-04-22,Germany,NA,Saxony-Anhalt,2245470,11,1,1425,35
2020-04-24,Germany,NA,Saxony-Anhalt,2245470,65,2,1490,37
2020-04-25,Germany,NA,Saxony-Anhalt,2245470,2,0,1492,37
2020-04-27,Germany,NA,Saxony-Anhalt,2245470,30,4,1522,41
2020-04-29,Germany,NA,Saxony-Anhalt,2245470,10,3,1532,44
2020-04-30,Germany,NA,Saxony-Anhalt,2245470,38,2,1570,46
2020-05-03,Germany,NA,Saxony-Anhalt,2245470,17,1,1587,47
2020-05-05,Germany,NA,Saxony-Anhalt,2245470,14,1,1601,48
2020-05-08,Germany,NA,Saxony-Anhalt,2245470,34,0,1635,48
2020-05-11,Germany,NA,Saxony-Anhalt,2245470,18,2,1653,50
2020-05-15,Germany,NA,Saxony-Anhalt,2245470,25,4,1678,54
2020-05-18,Germany,NA,Saxony-Anhalt,2245470,7,0,1685,54
2020-05-23,Germany,NA,Saxony-Anhalt,2245470,15,0,1700,54
2020-05-27,Germany,NA,Saxony-Anhalt,2245470,7,1,1707,55
2020-05-31,Germany,NA,Saxony-Anhalt,2245470,6,1,1713,56
2020-06-03,Germany,NA,Saxony-Anhalt,2245470,3,0,1716,56
2020-06-05,Germany,NA,Saxony-Anhalt,2245470,4,0,1720,56
2020-06-11,Germany,NA,Saxony-Anhalt,2245470,19,0,1739,56
2020-06-16,Germany,NA,Saxony-Anhalt,2245470,41,1,1780,57
2020-06-19,Germany,NA,Saxony-Anhalt,2245470,44,1,1824,58
2020-06-25,Germany,NA,Saxony-Anhalt,2245470,42,1,1866,59
2020-06-27,Germany,NA,Saxony-Anhalt,2245470,8,0,1874,59
2020-07-01,Germany,NA,Saxony-Anhalt,2245470,5,0,1879,59
2020-07-04,Germany,NA,Saxony-Anhalt,2245470,6,1,1885,60
2020-07-07,Germany,NA,Saxony-Anhalt,2245470,17,0,1902,60
2020-07-09,Germany,NA,Saxony-Anhalt,2245470,6,1,1908,61
2020-07-13,Germany,NA,Saxony-Anhalt,2245470,15,1,1923,62
2020-07-17,Germany,NA,Saxony-Anhalt,2245470,18,0,1941,62
2020-07-21,Germany,NA,Saxony-Anhalt,2245470,29,0,1970,62
2020-07-23,Germany,NA,Saxony-Anhalt,2245470,10,0,1980,62
2020-07-27,Germany,NA,Saxony-Anhalt,2245470,18,2,1998,64
2020-07-29,Germany,NA,Saxony-Anhalt,2245470,18,1,2016,65
2020-07-31,Germany,NA,Saxony-Anhalt,2245470,7,0,2023,64
2020-08-04,Germany,NA,Saxony-Anhalt,2245470,16,0,2039,64
2020-08-09,Germany,NA,Saxony-Anhalt,2245470,26,0,2065,64
2020-08-11,Germany,NA,Saxony-Anhalt,2245470,17,0,2082,64
2020-08-13,Germany,NA,Saxony-Anhalt,2245470,28,0,2110,64
2020-08-17,Germany,NA,Saxony-Anhalt,2245470,20,0,2130,64
2020-08-20,Germany,NA,Saxony-Anhalt,2245470,31,1,2161,65
2020-08-24,Germany,NA,Saxony-Anhalt,2245470,24,0,2185,65
2020-08-28,Germany,NA,Saxony-Anhalt,2245470,41,0,2226,65
2020-08-31,Germany,NA,Saxony-Anhalt,2245470,17,0,2243,65
2020-03-15,Germany,NA,Schleswig-Holstein,2896712,43,0,103,0
2020-03-16,Germany,NA,Schleswig-Holstein,2896712,20,0,123,0
2020-03-17,Germany,NA,Schleswig-Holstein,2896712,22,1,145,1
2020-03-18,Germany,NA,Schleswig-Holstein,2896712,51,0,196,1
2020-03-19,Germany,NA,Schleswig-Holstein,2896712,57,0,253,0
2020-03-20,Germany,NA,Schleswig-Holstein,2896712,68,1,321,1
2020-03-21,Germany,NA,Schleswig-Holstein,2896712,62,0,383,1
2020-03-22,Germany,NA,Schleswig-Holstein,2896712,53,0,436,1
2020-03-23,Germany,NA,Schleswig-Holstein,2896712,31,0,467,1
2020-03-24,Germany,NA,Schleswig-Holstein,2896712,85,1,552,2
2020-03-25,Germany,NA,Schleswig-Holstein,2896712,59,0,611,2
2020-03-26,Germany,NA,Schleswig-Holstein,2896712,94,1,705,3
2020-03-27,Germany,NA,Schleswig-Holstein,2896712,157,1,862,4
2020-03-28,Germany,NA,Schleswig-Holstein,2896712,63,0,925,4
2020-03-29,Germany,NA,Schleswig-Holstein,2896712,83,2,1008,6
2020-03-30,Germany,NA,Schleswig-Holstein,2896712,52,1,1060,7
2020-04-01,Germany,NA,Schleswig-Holstein,2896712,115,2,1175,9
2020-04-02,Germany,NA,Schleswig-Holstein,2896712,193,4,1368,13
2020-04-03,Germany,NA,Schleswig-Holstein,2896712,116,4,1484,17
2020-04-04,Germany,NA,Schleswig-Holstein,2896712,119,3,1603,20
2020-04-05,Germany,NA,Schleswig-Holstein,2896712,57,0,1660,17
2020-04-06,Germany,NA,Schleswig-Holstein,2896712,17,1,1677,18
2020-04-07,Germany,NA,Schleswig-Holstein,2896712,34,5,1711,23
2020-04-08,Germany,NA,Schleswig-Holstein,2896712,112,2,1823,25
2020-04-10,Germany,NA,Schleswig-Holstein,2896712,149,16,1972,41
2020-04-14,Germany,NA,Schleswig-Holstein,2896712,241,10,2213,51
2020-04-15,Germany,NA,Schleswig-Holstein,2896712,65,4,2278,55
2020-04-17,Germany,NA,Schleswig-Holstein,2896712,52,7,2330,62
2020-04-18,Germany,NA,Schleswig-Holstein,2896712,67,3,2397,65
2020-04-20,Germany,NA,Schleswig-Holstein,2896712,15,6,2412,71
2020-04-21,Germany,NA,Schleswig-Holstein,2896712,11,7,2423,78
2020-04-22,Germany,NA,Schleswig-Holstein,2896712,62,6,2485,84
2020-04-24,Germany,NA,Schleswig-Holstein,2896712,90,12,2575,96
2020-04-25,Germany,NA,Schleswig-Holstein,2896712,11,4,2586,100
2020-04-27,Germany,NA,Schleswig-Holstein,2896712,44,8,2630,108
2020-04-29,Germany,NA,Schleswig-Holstein,2896712,24,6,2654,114
2020-04-30,Germany,NA,Schleswig-Holstein,2896712,59,4,2713,118
2020-05-03,Germany,NA,Schleswig-Holstein,2896712,31,8,2744,126
2020-05-05,Germany,NA,Schleswig-Holstein,2896712,81,6,2825,132
2020-05-08,Germany,NA,Schleswig-Holstein,2896712,68,1,2893,133
2020-05-11,Germany,NA,Schleswig-Holstein,2896712,85,1,2978,134
2020-05-15,Germany,NA,Schleswig-Holstein,2896712,36,1,3014,135
2020-05-18,Germany,NA,Schleswig-Holstein,2896712,6,1,3020,136
2020-05-23,Germany,NA,Schleswig-Holstein,2896712,57,4,3077,140
2020-05-27,Germany,NA,Schleswig-Holstein,2896712,7,4,3084,144
2020-05-31,Germany,NA,Schleswig-Holstein,2896712,24,5,3108,149
2020-06-03,Germany,NA,Schleswig-Holstein,2896712,8,1,3116,150
2020-06-05,Germany,NA,Schleswig-Holstein,2896712,0,1,3116,151
2020-06-11,Germany,NA,Schleswig-Holstein,2896712,10,2,3126,153
2020-06-16,Germany,NA,Schleswig-Holstein,2896712,5,3,3131,156
2020-06-19,Germany,NA,Schleswig-Holstein,2896712,11,1,3142,157
2020-06-25,Germany,NA,Schleswig-Holstein,2896712,5,0,3147,157
2020-06-27,Germany,NA,Schleswig-Holstein,2896712,9,0,3156,157
2020-07-01,Germany,NA,Schleswig-Holstein,2896712,13,0,3169,157
2020-07-04,Germany,NA,Schleswig-Holstein,2896712,17,0,3186,157
2020-07-07,Germany,NA,Schleswig-Holstein,2896712,14,0,3200,157
2020-07-09,Germany,NA,Schleswig-Holstein,2896712,8,1,3208,158
2020-07-13,Germany,NA,Schleswig-Holstein,2896712,5,1,3213,159
2020-07-17,Germany,NA,Schleswig-Holstein,2896712,29,0,3242,159
2020-07-21,Germany,NA,Schleswig-Holstein,2896712,37,0,3279,159
2020-07-23,Germany,NA,Schleswig-Holstein,2896712,15,0,3294,159
2020-07-27,Germany,NA,Schleswig-Holstein,2896712,63,1,3357,160
2020-07-29,Germany,NA,Schleswig-Holstein,2896712,24,0,3381,160
2020-07-31,Germany,NA,Schleswig-Holstein,2896712,51,0,3432,160
2020-08-04,Germany,NA,Schleswig-Holstein,2896712,73,0,3505,160
2020-08-09,Germany,NA,Schleswig-Holstein,2896712,97,1,3602,161
2020-08-11,Germany,NA,Schleswig-Holstein,2896712,40,0,3642,161
2020-08-13,Germany,NA,Schleswig-Holstein,2896712,112,0,3754,161
2020-08-17,Germany,NA,Schleswig-Holstein,2896712,43,0,3797,161
2020-08-20,Germany,NA,Schleswig-Holstein,2896712,62,2,3859,163
2020-08-24,Germany,NA,Schleswig-Holstein,2896712,54,0,3913,163
2020-08-28,Germany,NA,Schleswig-Holstein,2896712,93,1,4006,164
2020-08-31,Germany,NA,Schleswig-Holstein,2896712,30,0,4036,164
2020-03-19,Germany,NA,Thuringia,2143145,21,0,108,0
2020-03-20,Germany,NA,Thuringia,2143145,53,0,161,0
2020-03-21,Germany,NA,Thuringia,2143145,46,0,207,0
2020-03-22,Germany,NA,Thuringia,2143145,30,0,237,0
2020-03-23,Germany,NA,Thuringia,2143145,26,1,263,1
2020-03-24,Germany,NA,Thuringia,2143145,150,0,413,1
2020-03-25,Germany,NA,Thuringia,2143145,53,0,466,1
2020-03-26,Germany,NA,Thuringia,2143145,92,2,558,3
2020-03-27,Germany,NA,Thuringia,2143145,75,1,633,4
2020-03-28,Germany,NA,Thuringia,2143145,70,1,703,5
2020-03-29,Germany,NA,Thuringia,2143145,49,0,752,5
2020-03-30,Germany,NA,Thuringia,2143145,31,0,783,5
2020-04-01,Germany,NA,Thuringia,2143145,63,1,846,6
2020-04-02,Germany,NA,Thuringia,2143145,115,2,961,8
2020-04-03,Germany,NA,Thuringia,2143145,106,1,1067,9
2020-04-04,Germany,NA,Thuringia,2143145,50,5,1117,14
2020-04-05,Germany,NA,Thuringia,2143145,47,0,1164,11
2020-04-06,Germany,NA,Thuringia,2143145,16,2,1180,13
2020-04-07,Germany,NA,Thuringia,2143145,47,2,1227,15
2020-04-08,Germany,NA,Thuringia,2143145,49,5,1276,20
2020-04-10,Germany,NA,Thuringia,2143145,123,3,1399,23
2020-04-14,Germany,NA,Thuringia,2143145,116,6,1515,29
2020-04-15,Germany,NA,Thuringia,2143145,73,9,1588,38
2020-04-17,Germany,NA,Thuringia,2143145,32,9,1620,47
2020-04-18,Germany,NA,Thuringia,2143145,118,7,1738,54
2020-04-20,Germany,NA,Thuringia,2143145,66,1,1804,55
2020-04-21,Germany,NA,Thuringia,2143145,27,6,1831,61
2020-04-22,Germany,NA,Thuringia,2143145,86,4,1917,65
2020-04-24,Germany,NA,Thuringia,2143145,137,4,2054,69
2020-04-25,Germany,NA,Thuringia,2143145,16,2,2070,71
2020-04-27,Germany,NA,Thuringia,2143145,57,6,2127,77
2020-04-29,Germany,NA,Thuringia,2143145,80,9,2207,86
2020-04-30,Germany,NA,Thuringia,2143145,113,11,2320,97
2020-05-03,Germany,NA,Thuringia,2143145,47,2,2367,99
2020-05-05,Germany,NA,Thuringia,2143145,74,8,2441,107
2020-05-08,Germany,NA,Thuringia,2143145,86,6,2527,113
2020-05-11,Germany,NA,Thuringia,2143145,92,11,2619,124
2020-05-15,Germany,NA,Thuringia,2143145,79,15,2698,139
2020-05-18,Germany,NA,Thuringia,2143145,65,5,2763,144
2020-05-23,Germany,NA,Thuringia,2143145,100,10,2863,154
2020-05-27,Germany,NA,Thuringia,2143145,71,5,2934,159
2020-05-31,Germany,NA,Thuringia,2143145,80,6,3014,165
2020-06-03,Germany,NA,Thuringia,2143145,37,4,3051,169
2020-06-05,Germany,NA,Thuringia,2143145,28,2,3079,171
2020-06-11,Germany,NA,Thuringia,2143145,70,7,3149,178
2020-06-16,Germany,NA,Thuringia,2143145,50,1,3199,179
2020-06-19,Germany,NA,Thuringia,2143145,23,4,3222,183
2020-06-25,Germany,NA,Thuringia,2143145,23,1,3245,184
2020-06-27,Germany,NA,Thuringia,2143145,7,2,3252,186
2020-07-01,Germany,NA,Thuringia,2143145,11,0,3263,186
2020-07-04,Germany,NA,Thuringia,2143145,15,0,3278,186
2020-07-07,Germany,NA,Thuringia,2143145,10,0,3288,186
2020-07-09,Germany,NA,Thuringia,2143145,9,1,3297,187
2020-07-13,Germany,NA,Thuringia,2143145,8,0,3305,187
2020-07-17,Germany,NA,Thuringia,2143145,17,1,3322,188
2020-07-21,Germany,NA,Thuringia,2143145,13,0,3335,188
2020-07-23,Germany,NA,Thuringia,2143145,2,0,3337,188
2020-07-27,Germany,NA,Thuringia,2143145,25,1,3362,189
2020-07-29,Germany,NA,Thuringia,2143145,3,0,3365,189
2020-07-31,Germany,NA,Thuringia,2143145,9,0,3374,189
2020-08-04,Germany,NA,Thuringia,2143145,17,0,3391,189
2020-08-09,Germany,NA,Thuringia,2143145,41,1,3432,190
2020-08-11,Germany,NA,Thuringia,2143145,16,0,3448,190
2020-08-13,Germany,NA,Thuringia,2143145,37,0,3485,190
2020-08-17,Germany,NA,Thuringia,2143145,21,1,3506,191
2020-08-20,Germany,NA,Thuringia,2143145,25,0,3531,191
2020-08-24,Germany,NA,Thuringia,2143145,23,0,3554,191
2020-08-28,Germany,NA,Thuringia,2143145,51,0,3605,191
2020-08-31,Germany,NA,Thuringia,2143145,33,0,3638,191
2020-07-02,India,NA,Andaman and Nicobar Islands,356152,9,0,109,0
2020-07-03,India,NA,Andaman and Nicobar Islands,356152,7,0,116,0
2020-07-04,India,NA,Andaman and Nicobar Islands,356152,3,0,119,0
2020-07-05,India,NA,Andaman and Nicobar Islands,356152,6,0,125,0
2020-07-06,India,NA,Andaman and Nicobar Islands,356152,16,0,141,0
2020-07-07,India,NA,Andaman and Nicobar Islands,356152,6,0,147,0
2020-07-08,India,NA,Andaman and Nicobar Islands,356152,2,0,149,0
2020-07-09,India,NA,Andaman and Nicobar Islands,356152,7,0,156,0
2020-07-10,India,NA,Andaman and Nicobar Islands,356152,0,0,156,0
2020-07-11,India,NA,Andaman and Nicobar Islands,356152,0,0,156,0
2020-07-12,India,NA,Andaman and Nicobar Islands,356152,7,0,163,0
2020-07-13,India,NA,Andaman and Nicobar Islands,356152,3,0,166,0
2020-07-14,India,NA,Andaman and Nicobar Islands,356152,5,0,171,0
2020-07-15,India,NA,Andaman and Nicobar Islands,356152,5,0,176,0
2020-07-16,India,NA,Andaman and Nicobar Islands,356152,4,0,180,0
2020-07-17,India,NA,Andaman and Nicobar Islands,356152,0,0,180,0
2020-07-18,India,NA,Andaman and Nicobar Islands,356152,4,0,184,0
2020-07-19,India,NA,Andaman and Nicobar Islands,356152,15,0,199,0
2020-07-20,India,NA,Andaman and Nicobar Islands,356152,4,0,203,0
2020-07-21,India,NA,Andaman and Nicobar Islands,356152,5,0,208,0
2020-07-22,India,NA,Andaman and Nicobar Islands,356152,9,0,217,0
2020-07-23,India,NA,Andaman and Nicobar Islands,356152,19,0,236,0
2020-07-24,India,NA,Andaman and Nicobar Islands,356152,19,0,255,0
2020-07-25,India,NA,Andaman and Nicobar Islands,356152,31,0,286,0
2020-07-26,India,NA,Andaman and Nicobar Islands,356152,28,0,314,0
2020-07-27,India,NA,Andaman and Nicobar Islands,356152,20,0,334,0
2020-07-28,India,NA,Andaman and Nicobar Islands,356152,25,1,359,1
2020-07-29,India,NA,Andaman and Nicobar Islands,356152,65,0,424,1
2020-07-30,India,NA,Andaman and Nicobar Islands,356152,42,1,466,2
2020-07-31,India,NA,Andaman and Nicobar Islands,356152,78,2,544,4
2020-08-01,India,NA,Andaman and Nicobar Islands,356152,88,1,632,5
2020-08-02,India,NA,Andaman and Nicobar Islands,356152,98,2,730,7
2020-08-03,India,NA,Andaman and Nicobar Islands,356152,96,1,826,8
2020-08-04,India,NA,Andaman and Nicobar Islands,356152,98,2,924,10
2020-08-05,India,NA,Andaman and Nicobar Islands,356152,99,2,1023,12
2020-08-06,India,NA,Andaman and Nicobar Islands,356152,96,2,1119,14
2020-08-07,India,NA,Andaman and Nicobar Islands,356152,99,2,1218,16
2020-08-08,India,NA,Andaman and Nicobar Islands,356152,129,3,1347,19
2020-08-09,India,NA,Andaman and Nicobar Islands,356152,139,1,1486,20
2020-08-10,India,NA,Andaman and Nicobar Islands,356152,135,0,1621,20
2020-08-11,India,NA,Andaman and Nicobar Islands,356152,139,0,1760,20
2020-08-12,India,NA,Andaman and Nicobar Islands,356152,136,1,1896,21
2020-08-13,India,NA,Andaman and Nicobar Islands,356152,137,0,2033,21
2020-08-14,India,NA,Andaman and Nicobar Islands,356152,149,1,2182,22
2020-08-15,India,NA,Andaman and Nicobar Islands,356152,120,2,2302,24
2020-08-16,India,NA,Andaman and Nicobar Islands,356152,93,0,2395,24
2020-08-17,India,NA,Andaman and Nicobar Islands,356152,46,4,2441,28
2020-08-18,India,NA,Andaman and Nicobar Islands,356152,84,1,2525,29
2020-08-19,India,NA,Andaman and Nicobar Islands,356152,75,1,2600,30
2020-08-20,India,NA,Andaman and Nicobar Islands,356152,76,0,2676,30
2020-08-21,India,NA,Andaman and Nicobar Islands,356152,67,1,2743,31
2020-08-22,India,NA,Andaman and Nicobar Islands,356152,61,1,2804,32
2020-08-23,India,NA,Andaman and Nicobar Islands,356152,52,0,2856,32
2020-08-24,India,NA,Andaman and Nicobar Islands,356152,44,1,2900,33
2020-08-25,India,NA,Andaman and Nicobar Islands,356152,41,2,2941,35
2020-08-26,India,NA,Andaman and Nicobar Islands,356152,40,0,2981,0
2020-08-27,India,NA,Andaman and Nicobar Islands,356152,33,0,3014,0
2020-08-28,India,NA,Andaman and Nicobar Islands,356152,32,0,3046,0
2020-08-29,India,NA,Andaman and Nicobar Islands,356152,31,0,3077,0
2020-08-30,India,NA,Andaman and Nicobar Islands,356152,23,0,3100,0
2020-08-31,India,NA,Andaman and Nicobar Islands,356152,28,0,3128,0
2020-04-01,India,NA,Andhra Pradesh,49386799,67,0,111,0
2020-04-02,India,NA,Andhra Pradesh,49386799,38,1,149,1
2020-04-03,India,NA,Andhra Pradesh,49386799,15,0,164,1
2020-04-04,India,NA,Andhra Pradesh,49386799,28,0,192,1
2020-04-05,India,NA,Andhra Pradesh,49386799,64,0,256,1
2020-04-06,India,NA,Andhra Pradesh,49386799,47,2,303,3
2020-04-07,India,NA,Andhra Pradesh,49386799,11,0,314,3
2020-04-08,India,NA,Andhra Pradesh,49386799,34,1,348,4
2020-04-09,India,NA,Andhra Pradesh,49386799,15,0,363,4
2020-04-10,India,NA,Andhra Pradesh,49386799,18,2,381,6
2020-04-11,India,NA,Andhra Pradesh,49386799,24,0,405,6
2020-04-12,India,NA,Andhra Pradesh,49386799,15,0,420,0
2020-04-13,India,NA,Andhra Pradesh,49386799,19,1,439,7
2020-04-14,India,NA,Andhra Pradesh,49386799,45,2,484,9
2020-04-15,India,NA,Andhra Pradesh,49386799,41,0,525,9
2020-04-16,India,NA,Andhra Pradesh,49386799,9,5,534,14
2020-04-17,India,NA,Andhra Pradesh,49386799,38,0,572,14
2020-04-18,India,NA,Andhra Pradesh,49386799,31,1,603,15
2020-04-19,India,NA,Andhra Pradesh,49386799,44,0,647,0
2020-04-20,India,NA,Andhra Pradesh,49386799,75,5,722,20
2020-04-21,India,NA,Andhra Pradesh,49386799,35,2,757,22
2020-04-22,India,NA,Andhra Pradesh,49386799,56,2,813,24
2020-04-23,India,NA,Andhra Pradesh,49386799,80,3,893,27
2020-04-24,India,NA,Andhra Pradesh,49386799,62,2,955,29
2020-04-25,India,NA,Andhra Pradesh,49386799,61,2,1016,31
2020-04-26,India,NA,Andhra Pradesh,49386799,81,0,1097,31
2020-04-27,India,NA,Andhra Pradesh,49386799,80,0,1177,31
2020-04-28,India,NA,Andhra Pradesh,49386799,82,0,1259,31
2020-04-29,India,NA,Andhra Pradesh,49386799,73,0,1332,31
2020-04-30,India,NA,Andhra Pradesh,49386799,71,0,1403,31
2020-05-01,India,NA,Andhra Pradesh,49386799,60,2,1463,33
2020-05-02,India,NA,Andhra Pradesh,49386799,62,0,1525,33
2020-05-03,India,NA,Andhra Pradesh,49386799,58,0,1583,33
2020-05-04,India,NA,Andhra Pradesh,49386799,67,3,1650,36
2020-05-05,India,NA,Andhra Pradesh,49386799,67,0,1717,36
2020-05-06,India,NA,Andhra Pradesh,49386799,60,0,1777,0
2020-05-07,India,NA,Andhra Pradesh,49386799,56,0,1833,36
2020-05-08,India,NA,Andhra Pradesh,49386799,54,2,1887,38
2020-05-09,India,NA,Andhra Pradesh,49386799,43,3,1930,41
2020-05-10,India,NA,Andhra Pradesh,49386799,50,3,1980,44
2020-05-11,India,NA,Andhra Pradesh,49386799,38,1,2018,45
2020-05-12,India,NA,Andhra Pradesh,49386799,71,0,2089,45
2020-05-13,India,NA,Andhra Pradesh,49386799,48,1,2137,46
2020-05-14,India,NA,Andhra Pradesh,49386799,68,1,2205,47
2020-05-15,India,NA,Andhra Pradesh,49386799,102,1,2307,48
2020-05-16,India,NA,Andhra Pradesh,49386799,48,0,2355,48
2020-05-17,India,NA,Andhra Pradesh,49386799,25,1,2380,49
2020-05-18,India,NA,Andhra Pradesh,49386799,52,1,2432,50
2020-05-19,India,NA,Andhra Pradesh,49386799,57,0,2489,50
2020-05-20,India,NA,Andhra Pradesh,49386799,71,2,2560,52
2020-05-21,India,NA,Andhra Pradesh,49386799,45,1,2605,53
2020-05-22,India,NA,Andhra Pradesh,49386799,62,0,2667,53
2020-05-23,India,NA,Andhra Pradesh,49386799,47,2,2714,55
2020-05-24,India,NA,Andhra Pradesh,49386799,66,1,2780,56
2020-05-25,India,NA,Andhra Pradesh,49386799,106,0,2886,56
2020-05-26,India,NA,Andhra Pradesh,49386799,97,0,2983,56
2020-05-27,India,NA,Andhra Pradesh,49386799,134,1,3117,57
2020-05-28,India,NA,Andhra Pradesh,49386799,128,1,3245,58
2020-05-29,India,NA,Andhra Pradesh,49386799,85,1,3330,59
2020-05-30,India,NA,Andhra Pradesh,49386799,131,1,3461,60
2020-05-31,India,NA,Andhra Pradesh,49386799,110,0,3571,60
2020-06-01,India,NA,Andhra Pradesh,49386799,105,2,3676,62
2020-06-02,India,NA,Andhra Pradesh,49386799,115,2,3791,64
2020-06-03,India,NA,Andhra Pradesh,49386799,180,0,3971,64
2020-06-04,India,NA,Andhra Pradesh,49386799,141,4,4112,68
2020-06-05,India,NA,Andhra Pradesh,49386799,138,3,4250,71
2020-06-06,India,NA,Andhra Pradesh,49386799,210,2,4460,73
2020-06-07,India,NA,Andhra Pradesh,49386799,199,0,4659,73
2020-06-08,India,NA,Andhra Pradesh,49386799,154,2,4813,75
2020-06-09,India,NA,Andhra Pradesh,49386799,69,0,4882,75
2020-06-10,India,NA,Andhra Pradesh,49386799,365,2,5247,77
2020-06-11,India,NA,Andhra Pradesh,49386799,182,1,5429,78
2020-06-12,India,NA,Andhra Pradesh,49386799,207,2,5636,80
2020-06-13,India,NA,Andhra Pradesh,49386799,222,0,5858,80
2020-06-14,India,NA,Andhra Pradesh,49386799,294,2,6152,82
2020-06-15,India,NA,Andhra Pradesh,49386799,304,2,6456,84
2020-06-16,India,NA,Andhra Pradesh,49386799,264,4,6720,88
2020-06-17,India,NA,Andhra Pradesh,49386799,351,0,7071,88
2020-06-18,India,NA,Andhra Pradesh,49386799,425,2,7496,90
2020-06-19,India,NA,Andhra Pradesh,49386799,465,2,7961,92
2020-06-20,India,NA,Andhra Pradesh,49386799,491,4,8452,96
2020-06-21,India,NA,Andhra Pradesh,49386799,477,5,8929,101
2020-06-22,India,NA,Andhra Pradesh,49386799,443,5,9372,106
2020-06-23,India,NA,Andhra Pradesh,49386799,462,5,9834,111
2020-06-24,India,NA,Andhra Pradesh,49386799,497,8,10331,119
2020-06-25,India,NA,Andhra Pradesh,49386799,553,5,10884,124
2020-06-26,India,NA,Andhra Pradesh,49386799,605,12,11489,136
2020-06-27,India,NA,Andhra Pradesh,49386799,796,12,12285,148
2020-06-28,India,NA,Andhra Pradesh,49386799,813,9,13098,157
2020-06-29,India,NA,Andhra Pradesh,49386799,793,12,13891,169
2020-06-30,India,NA,Andhra Pradesh,49386799,704,11,14595,180
2020-07-01,India,NA,Andhra Pradesh,49386799,657,7,15252,187
2020-07-02,India,NA,Andhra Pradesh,49386799,845,6,16097,193
2020-07-03,India,NA,Andhra Pradesh,49386799,837,5,16934,198
2020-07-04,India,NA,Andhra Pradesh,49386799,765,8,17699,206
2020-07-05,India,NA,Andhra Pradesh,49386799,998,12,18697,218
2020-07-06,India,NA,Andhra Pradesh,49386799,1322,14,20019,232
2020-07-07,India,NA,Andhra Pradesh,49386799,1178,7,21197,239
2020-07-08,India,NA,Andhra Pradesh,49386799,1062,13,22259,252
2020-07-09,India,NA,Andhra Pradesh,49386799,1555,12,23814,264
2020-07-10,India,NA,Andhra Pradesh,49386799,1608,13,25422,277
2020-07-11,India,NA,Andhra Pradesh,49386799,1813,15,27235,292
2020-07-12,India,NA,Andhra Pradesh,49386799,1933,17,29168,309
2020-07-13,India,NA,Andhra Pradesh,49386799,1935,19,31103,328
2020-07-14,India,NA,Andhra Pradesh,49386799,1916,37,33019,365
2020-07-15,India,NA,Andhra Pradesh,49386799,2432,43,35451,408
2020-07-16,India,NA,Andhra Pradesh,49386799,2593,44,38044,452
2020-07-17,India,NA,Andhra Pradesh,49386799,2602,40,40646,492
2020-07-18,India,NA,Andhra Pradesh,49386799,3963,42,44609,534
2020-07-19,India,NA,Andhra Pradesh,49386799,5041,52,49650,586
2020-07-20,India,NA,Andhra Pradesh,49386799,4074,56,53724,642
2020-07-21,India,NA,Andhra Pradesh,49386799,4944,54,58668,696
2020-07-22,India,NA,Andhra Pradesh,49386799,6045,62,64713,758
2020-07-23,India,NA,Andhra Pradesh,49386799,7998,65,72711,823
2020-07-24,India,NA,Andhra Pradesh,49386799,8147,61,80858,884
2020-07-25,India,NA,Andhra Pradesh,49386799,7813,49,88671,933
2020-07-26,India,NA,Andhra Pradesh,49386799,7627,52,96298,985
2020-07-27,India,NA,Andhra Pradesh,49386799,6051,56,102349,1041
2020-07-28,India,NA,Andhra Pradesh,49386799,7948,49,110297,1090
2020-07-29,India,NA,Andhra Pradesh,49386799,10093,58,120390,1148
2020-07-30,India,NA,Andhra Pradesh,49386799,10167,65,130557,1213
2020-07-31,India,NA,Andhra Pradesh,49386799,10376,68,140933,1281
2020-08-01,India,NA,Andhra Pradesh,49386799,9276,68,150209,1349
2020-08-02,India,NA,Andhra Pradesh,49386799,8555,58,158764,1407
2020-08-03,India,NA,Andhra Pradesh,49386799,7822,67,166586,1474
2020-08-04,India,NA,Andhra Pradesh,49386799,9747,63,176333,1537
2020-08-05,India,NA,Andhra Pradesh,49386799,10128,67,186461,1604
2020-08-06,India,NA,Andhra Pradesh,49386799,10328,77,196789,1681
2020-08-07,India,NA,Andhra Pradesh,49386799,10171,72,206960,1753
2020-08-08,India,NA,Andhra Pradesh,49386799,10080,89,217040,1842
2020-08-09,India,NA,Andhra Pradesh,49386799,10820,97,227860,1939
2020-08-10,India,NA,Andhra Pradesh,49386799,7665,97,235525,2036
2020-08-11,India,NA,Andhra Pradesh,49386799,9024,80,244549,2116
2020-08-12,India,NA,Andhra Pradesh,49386799,9597,87,254146,2203
2020-08-13,India,NA,Andhra Pradesh,49386799,9996,93,264142,2296
2020-08-14,India,NA,Andhra Pradesh,49386799,8943,82,273085,2378
2020-08-15,India,NA,Andhra Pradesh,49386799,8732,97,281817,2475
2020-08-16,India,NA,Andhra Pradesh,49386799,8012,87,289829,2562
2020-08-17,India,NA,Andhra Pradesh,49386799,6780,88,296609,2650
2020-08-18,India,NA,Andhra Pradesh,49386799,9652,82,306261,2732
2020-08-19,India,NA,Andhra Pradesh,49386799,9742,88,316003,2820
2020-08-20,India,NA,Andhra Pradesh,49386799,9393,86,325396,2906
2020-08-21,India,NA,Andhra Pradesh,49386799,9544,95,334940,3001
2020-08-22,India,NA,Andhra Pradesh,49386799,10276,91,345216,3092
2020-08-23,India,NA,Andhra Pradesh,49386799,7895,97,353111,3189
2020-08-24,India,NA,Andhra Pradesh,49386799,8601,93,361712,3282
2020-08-25,India,NA,Andhra Pradesh,49386799,9927,86,371639,3368
2020-08-26,India,NA,Andhra Pradesh,49386799,10830,0,382469,0
2020-08-27,India,NA,Andhra Pradesh,49386799,10621,0,393090,0
2020-08-28,India,NA,Andhra Pradesh,49386799,10526,0,403616,0
2020-08-29,India,NA,Andhra Pradesh,49386799,10548,0,414164,0
2020-08-30,India,NA,Andhra Pradesh,49386799,10603,0,424767,0
2020-08-31,India,NA,Andhra Pradesh,49386799,10004,0,434771,0
2020-06-17,India,NA,Arunachal Pradesh,1382611,4,0,103,0
2020-06-18,India,NA,Arunachal Pradesh,1382611,0,0,103,0
2020-06-19,India,NA,Arunachal Pradesh,1382611,32,0,135,0
2020-06-20,India,NA,Arunachal Pradesh,1382611,0,0,135,0
2020-06-21,India,NA,Arunachal Pradesh,1382611,4,0,139,0
2020-06-22,India,NA,Arunachal Pradesh,1382611,9,0,148,0
2020-06-23,India,NA,Arunachal Pradesh,1382611,10,0,158,0
2020-06-24,India,NA,Arunachal Pradesh,1382611,2,0,160,0
2020-06-25,India,NA,Arunachal Pradesh,1382611,12,0,172,0
2020-06-26,India,NA,Arunachal Pradesh,1382611,2,1,174,1
2020-06-27,India,NA,Arunachal Pradesh,1382611,3,0,177,1
2020-06-28,India,NA,Arunachal Pradesh,1382611,5,0,182,1
2020-06-29,India,NA,Arunachal Pradesh,1382611,5,0,187,1
2020-06-30,India,NA,Arunachal Pradesh,1382611,4,0,191,1
2020-07-01,India,NA,Arunachal Pradesh,1382611,4,0,195,1
2020-07-02,India,NA,Arunachal Pradesh,1382611,37,0,232,1
2020-07-03,India,NA,Arunachal Pradesh,1382611,20,0,252,0
2020-07-04,India,NA,Arunachal Pradesh,1382611,7,0,259,1
2020-07-05,India,NA,Arunachal Pradesh,1382611,10,0,269,1
2020-07-06,India,NA,Arunachal Pradesh,1382611,1,0,270,1
2020-07-07,India,NA,Arunachal Pradesh,1382611,6,1,276,2
2020-07-08,India,NA,Arunachal Pradesh,1382611,11,0,287,2
2020-07-09,India,NA,Arunachal Pradesh,1382611,15,0,302,2
2020-07-10,India,NA,Arunachal Pradesh,1382611,33,0,335,2
2020-07-11,India,NA,Arunachal Pradesh,1382611,6,0,341,2
2020-07-12,India,NA,Arunachal Pradesh,1382611,19,0,360,2
2020-07-13,India,NA,Arunachal Pradesh,1382611,27,0,387,2
2020-07-14,India,NA,Arunachal Pradesh,1382611,75,0,462,2
2020-07-15,India,NA,Arunachal Pradesh,1382611,29,1,491,3
2020-07-16,India,NA,Arunachal Pradesh,1382611,52,0,543,0
2020-07-17,India,NA,Arunachal Pradesh,1382611,66,0,609,3
2020-07-18,India,NA,Arunachal Pradesh,1382611,41,0,650,3
2020-07-19,India,NA,Arunachal Pradesh,1382611,90,0,740,3
2020-07-20,India,NA,Arunachal Pradesh,1382611,50,0,790,3
2020-07-21,India,NA,Arunachal Pradesh,1382611,68,0,858,3
2020-07-22,India,NA,Arunachal Pradesh,1382611,91,0,949,3
2020-07-23,India,NA,Arunachal Pradesh,1382611,42,0,991,3
2020-07-24,India,NA,Arunachal Pradesh,1382611,65,0,1056,3
2020-07-25,India,NA,Arunachal Pradesh,1382611,70,0,1126,3
2020-07-26,India,NA,Arunachal Pradesh,1382611,32,0,1158,3
2020-07-27,India,NA,Arunachal Pradesh,1382611,81,0,1239,3
2020-07-28,India,NA,Arunachal Pradesh,1382611,91,0,1330,3
2020-07-29,India,NA,Arunachal Pradesh,1382611,80,0,1410,3
2020-07-30,India,NA,Arunachal Pradesh,1382611,74,0,1484,3
2020-07-31,India,NA,Arunachal Pradesh,1382611,107,0,1591,3
2020-08-01,India,NA,Arunachal Pradesh,1382611,83,0,1674,3
2020-08-02,India,NA,Arunachal Pradesh,1382611,24,0,1698,3
2020-08-03,India,NA,Arunachal Pradesh,1382611,60,0,1758,3
2020-08-04,India,NA,Arunachal Pradesh,1382611,32,0,1790,3
2020-08-05,India,NA,Arunachal Pradesh,1382611,65,0,1855,3
2020-08-06,India,NA,Arunachal Pradesh,1382611,93,0,1948,3
2020-08-07,India,NA,Arunachal Pradesh,1382611,101,0,2049,3
2020-08-08,India,NA,Arunachal Pradesh,1382611,68,0,2117,3
2020-08-09,India,NA,Arunachal Pradesh,1382611,38,0,2155,3
2020-08-10,India,NA,Arunachal Pradesh,1382611,76,0,2231,3
2020-08-11,India,NA,Arunachal Pradesh,1382611,96,0,2327,3
2020-08-12,India,NA,Arunachal Pradesh,1382611,103,0,2430,3
2020-08-13,India,NA,Arunachal Pradesh,1382611,82,0,2512,3
2020-08-14,India,NA,Arunachal Pradesh,1382611,95,1,2607,4
2020-08-15,India,NA,Arunachal Pradesh,1382611,51,1,2658,5
2020-08-16,India,NA,Arunachal Pradesh,1382611,43,0,2701,5
2020-08-17,India,NA,Arunachal Pradesh,1382611,40,0,2741,5
2020-08-18,India,NA,Arunachal Pradesh,1382611,134,0,2875,5
2020-08-19,India,NA,Arunachal Pradesh,1382611,75,0,2950,5
2020-08-20,India,NA,Arunachal Pradesh,1382611,116,0,3066,5
2020-08-21,India,NA,Arunachal Pradesh,1382611,60,0,3126,5
2020-08-22,India,NA,Arunachal Pradesh,1382611,97,0,3223,5
2020-08-23,India,NA,Arunachal Pradesh,1382611,40,0,3263,5
2020-08-24,India,NA,Arunachal Pradesh,1382611,49,0,3312,5
2020-08-25,India,NA,Arunachal Pradesh,1382611,100,0,3412,5
2020-08-26,India,NA,Arunachal Pradesh,1382611,143,0,3555,0
2020-08-27,India,NA,Arunachal Pradesh,1382611,78,0,3633,0
2020-08-28,India,NA,Arunachal Pradesh,1382611,112,0,3745,0
2020-08-29,India,NA,Arunachal Pradesh,1382611,132,0,3877,0
2020-08-30,India,NA,Arunachal Pradesh,1382611,157,0,4034,0
2020-08-31,India,NA,Arunachal Pradesh,1382611,78,0,4112,0
2020-05-17,India,NA,Assam,31205576,8,0,101,2
2020-05-18,India,NA,Assam,31205576,15,0,116,2
2020-05-19,India,NA,Assam,31205576,42,0,158,2
2020-05-20,India,NA,Assam,31205576,31,2,189,4
2020-05-21,India,NA,Assam,31205576,22,0,211,4
2020-05-22,India,NA,Assam,31205576,15,0,226,4
2020-05-23,India,NA,Assam,31205576,121,0,347,4
2020-05-24,India,NA,Assam,31205576,46,0,393,4
2020-05-25,India,NA,Assam,31205576,156,0,549,4
2020-05-26,India,NA,Assam,31205576,134,0,683,4
2020-05-27,India,NA,Assam,31205576,101,0,784,4
2020-05-28,India,NA,Assam,31205576,97,0,881,4
2020-05-29,India,NA,Assam,31205576,177,0,1058,4
2020-05-30,India,NA,Assam,31205576,159,0,1217,4
2020-05-31,India,NA,Assam,31205576,123,0,1340,4
2020-06-01,India,NA,Assam,31205576,146,0,1486,4
2020-06-02,India,NA,Assam,31205576,74,0,1560,4
2020-06-03,India,NA,Assam,31205576,271,0,1831,4
2020-06-04,India,NA,Assam,31205576,285,0,2116,4
2020-06-05,India,NA,Assam,31205576,128,0,2244,4
2020-06-06,India,NA,Assam,31205576,230,0,2474,4
2020-06-07,India,NA,Assam,31205576,208,0,2682,4
2020-06-08,India,NA,Assam,31205576,154,0,2836,4
2020-06-09,India,NA,Assam,31205576,215,0,3051,4
2020-06-10,India,NA,Assam,31205576,235,0,3286,4
2020-06-11,India,NA,Assam,31205576,145,0,3431,4
2020-06-12,India,NA,Assam,31205576,263,2,3694,6
2020-06-13,India,NA,Assam,31205576,207,2,3901,8
2020-06-14,India,NA,Assam,31205576,218,0,4119,8
2020-06-15,India,NA,Assam,31205576,191,0,4310,8
2020-06-16,India,NA,Assam,31205576,201,0,4511,8
2020-06-17,India,NA,Assam,31205576,184,0,4695,8
2020-06-18,India,NA,Assam,31205576,209,0,4904,8
2020-06-19,India,NA,Assam,31205576,0,1,4904,9
2020-06-20,India,NA,Assam,31205576,249,0,5153,9
2020-06-21,India,NA,Assam,31205576,332,0,5485,0
2020-06-22,India,NA,Assam,31205576,267,0,5752,9
2020-06-23,India,NA,Assam,31205576,203,0,5955,9
2020-06-24,India,NA,Assam,31205576,226,0,6181,9
2020-06-25,India,NA,Assam,31205576,364,0,6545,9
2020-06-26,India,NA,Assam,31205576,273,0,6818,9
2020-06-27,India,NA,Assam,31205576,246,0,7064,9
2020-06-28,India,NA,Assam,31205576,327,0,7391,9
2020-06-29,India,NA,Assam,31205576,302,1,7693,10
2020-06-30,India,NA,Assam,31205576,613,1,8306,11
2020-07-01,India,NA,Assam,31205576,548,1,8854,12
2020-07-02,India,NA,Assam,31205576,479,0,9333,12
2020-07-03,India,NA,Assam,31205576,365,0,9698,12
2020-07-04,India,NA,Assam,31205576,1202,2,10900,14
2020-07-05,India,NA,Assam,31205576,735,0,11635,14
2020-07-06,India,NA,Assam,31205576,786,0,12421,14
2020-07-07,India,NA,Assam,31205576,814,0,13235,14
2020-07-08,India,NA,Assam,31205576,696,0,13931,14
2020-07-09,India,NA,Assam,31205576,568,2,14499,16
2020-07-10,India,NA,Assam,31205576,936,6,15435,22
2020-07-11,India,NA,Assam,31205576,535,5,15970,27
2020-07-12,India,NA,Assam,31205576,735,8,16705,35
2020-07-13,India,NA,Assam,31205576,1001,0,17706,35
2020-07-14,India,NA,Assam,31205576,859,1,18565,36
2020-07-15,India,NA,Assam,31205576,1088,4,19653,40
2020-07-16,India,NA,Assam,31205576,892,6,20545,46
2020-07-17,India,NA,Assam,31205576,1218,2,21763,48
2020-07-18,India,NA,Assam,31205576,1117,3,22880,51
2020-07-19,India,NA,Assam,31205576,1018,2,23898,53
2020-07-20,India,NA,Assam,31205576,1093,4,24991,57
2020-07-21,India,NA,Assam,31205576,1680,1,26671,58
2020-07-22,India,NA,Assam,31205576,972,0,27643,0
2020-07-23,India,NA,Assam,31205576,1047,6,28690,64
2020-07-24,India,NA,Assam,31205576,1130,1,29820,65
2020-07-25,India,NA,Assam,31205576,1165,6,30985,71
2020-07-26,India,NA,Assam,31205576,1142,1,32127,72
2020-07-27,India,NA,Assam,31205576,1348,2,33475,74
2020-07-28,India,NA,Assam,31205576,1371,7,34846,81
2020-07-29,India,NA,Assam,31205576,1348,2,36194,83
2020-07-30,India,NA,Assam,31205576,2112,4,38306,87
2020-07-31,India,NA,Assam,31205576,1862,2,40168,89
2020-08-01,India,NA,Assam,31205576,1457,4,41625,93
2020-08-02,India,NA,Assam,31205576,1178,3,42803,96
2020-08-03,India,NA,Assam,31205576,2371,4,45174,100
2020-08-04,India,NA,Assam,31205576,2886,4,48060,104
2020-08-05,India,NA,Assam,31205576,2284,6,50344,110
2020-08-06,India,NA,Assam,31205576,2372,6,52716,116
2020-08-07,India,NA,Assam,31205576,2679,5,55395,121
2020-08-08,India,NA,Assam,31205576,2218,6,57613,127
2020-08-09,India,NA,Assam,31205576,1123,8,58736,135
2020-08-10,India,NA,Assam,31205576,2900,5,61636,140
2020-08-11,India,NA,Assam,31205576,2669,6,64305,146
2020-08-12,India,NA,Assam,31205576,4593,4,68898,150
2020-08-13,India,NA,Assam,31205576,2796,6,71694,156
2020-08-14,India,NA,Assam,31205576,2706,8,74400,164
2020-08-15,India,NA,Assam,31205576,1057,6,75457,170
2020-08-16,India,NA,Assam,31205576,1317,7,76774,177
2020-08-17,India,NA,Assam,31205576,2792,7,79566,184
2020-08-18,India,NA,Assam,31205576,2534,8,82100,192
2020-08-19,India,NA,Assam,31205576,2116,6,84216,198
2020-08-20,India,NA,Assam,31205576,1735,10,85951,208
2020-08-21,India,NA,Assam,31205576,1856,8,87807,216
2020-08-22,India,NA,Assam,31205576,1560,6,89367,222
2020-08-23,India,NA,Assam,31205576,1272,7,90639,229
2020-08-24,India,NA,Assam,31205576,1879,8,92518,237
2020-08-25,India,NA,Assam,31205576,1973,10,94491,247
2020-08-26,India,NA,Assam,31205576,2179,0,96670,0
2020-08-27,India,NA,Assam,31205576,2036,0,98706,0
2020-08-28,India,NA,Assam,31205576,2560,0,101266,0
2020-08-29,India,NA,Assam,31205576,2427,0,103693,0
2020-08-30,India,NA,Assam,31205576,1980,0,105673,0
2020-08-31,India,NA,Assam,31205576,3266,0,108939,0
2020-04-20,India,NA,Bihar,103804637,17,0,113,2
2020-04-21,India,NA,Bihar,103804637,13,0,126,2
2020-04-22,India,NA,Bihar,103804637,17,0,143,2
2020-04-23,India,NA,Bihar,103804637,27,0,170,2
2020-04-24,India,NA,Bihar,103804637,53,0,223,2
2020-04-25,India,NA,Bihar,103804637,28,0,251,2
2020-04-26,India,NA,Bihar,103804637,26,0,277,2
2020-04-27,India,NA,Bihar,103804637,69,0,346,2
2020-04-28,India,NA,Bihar,103804637,20,0,366,2
2020-04-29,India,NA,Bihar,103804637,37,0,403,2
2020-04-30,India,NA,Bihar,103804637,22,0,425,2
2020-05-01,India,NA,Bihar,103804637,41,0,466,2
2020-05-02,India,NA,Bihar,103804637,15,1,481,3
2020-05-03,India,NA,Bihar,103804637,36,1,517,4
2020-05-04,India,NA,Bihar,103804637,11,0,528,4
2020-05-05,India,NA,Bihar,103804637,7,0,535,4
2020-05-06,India,NA,Bihar,103804637,7,0,542,4
2020-05-07,India,NA,Bihar,103804637,8,0,550,4
2020-05-08,India,NA,Bihar,103804637,29,1,579,5
2020-05-09,India,NA,Bihar,103804637,32,0,611,5
2020-05-10,India,NA,Bihar,103804637,96,0,707,5
2020-05-11,India,NA,Bihar,103804637,42,1,749,6
2020-05-12,India,NA,Bihar,103804637,130,0,879,6
2020-05-13,India,NA,Bihar,103804637,74,0,953,6
2020-05-14,India,NA,Bihar,103804637,46,1,999,7
2020-05-15,India,NA,Bihar,103804637,34,0,1033,7
2020-05-16,India,NA,Bihar,103804637,145,0,1178,7
2020-05-17,India,NA,Bihar,103804637,142,0,1320,7
2020-05-18,India,NA,Bihar,103804637,103,1,1423,8
2020-05-19,India,NA,Bihar,103804637,96,1,1519,9
2020-05-20,India,NA,Bihar,103804637,257,0,1776,9
2020-05-21,India,NA,Bihar,103804637,211,1,1987,10
2020-05-22,India,NA,Bihar,103804637,179,1,2166,11
2020-05-23,India,NA,Bihar,103804637,228,0,2394,11
2020-05-24,India,NA,Bihar,103804637,180,0,2574,11
2020-05-25,India,NA,Bihar,103804637,163,2,2737,13
2020-05-26,India,NA,Bihar,103804637,231,0,2968,13
2020-05-27,India,NA,Bihar,103804637,68,0,3036,13
2020-05-28,India,NA,Bihar,103804637,149,2,3185,15
2020-05-29,India,NA,Bihar,103804637,174,0,3359,15
2020-05-30,India,NA,Bihar,103804637,206,0,3565,15
2020-05-31,India,NA,Bihar,103804637,242,5,3807,20
2020-06-01,India,NA,Bihar,103804637,138,1,3945,21
2020-06-02,India,NA,Bihar,103804637,151,3,4096,24
2020-06-03,India,NA,Bihar,103804637,230,0,4326,24
2020-06-04,India,NA,Bihar,103804637,126,1,4452,25
2020-06-05,India,NA,Bihar,103804637,146,4,4598,29
2020-06-06,India,NA,Bihar,103804637,233,0,4831,29
2020-06-07,India,NA,Bihar,103804637,239,1,5070,30
2020-06-08,India,NA,Bihar,103804637,177,0,5247,30
2020-06-09,India,NA,Bihar,103804637,208,1,5455,31
2020-06-10,India,NA,Bihar,103804637,243,1,5698,32
2020-06-11,India,NA,Bihar,103804637,250,1,5948,33
2020-06-12,India,NA,Bihar,103804637,148,3,6096,36
2020-06-13,India,NA,Bihar,103804637,193,0,6289,36
2020-06-14,India,NA,Bihar,103804637,186,3,6475,39
2020-06-15,India,NA,Bihar,103804637,187,0,6662,39
2020-06-16,India,NA,Bihar,103804637,148,1,6810,40
2020-06-17,India,NA,Bihar,103804637,130,1,6940,41
2020-06-18,India,NA,Bihar,103804637,100,3,7040,44
2020-06-19,India,NA,Bihar,103804637,250,0,7290,44
2020-06-20,India,NA,Bihar,103804637,213,6,7503,50
2020-06-21,India,NA,Bihar,103804637,162,2,7665,52
2020-06-22,India,NA,Bihar,103804637,228,1,7893,53
2020-06-23,India,NA,Bihar,103804637,157,2,8050,55
2020-06-24,India,NA,Bihar,103804637,223,1,8273,56
2020-06-25,India,NA,Bihar,103804637,215,1,8488,57
2020-06-26,India,NA,Bihar,103804637,190,0,8678,57
2020-06-27,India,NA,Bihar,103804637,302,1,8980,58
2020-06-28,India,NA,Bihar,103804637,244,1,9224,59
2020-06-29,India,NA,Bihar,103804637,394,1,9618,60
2020-06-30,India,NA,Bihar,103804637,370,2,9988,62
2020-07-01,India,NA,Bihar,103804637,216,5,10204,67
2020-07-02,India,NA,Bihar,103804637,478,3,10682,70
2020-07-03,India,NA,Bihar,103804637,426,7,11108,77
2020-07-04,India,NA,Bihar,103804637,349,3,11457,80
2020-07-05,India,NA,Bihar,103804637,403,9,11860,89
2020-07-06,India,NA,Bihar,103804637,280,6,12140,95
2020-07-07,India,NA,Bihar,103804637,385,2,12525,97
2020-07-08,India,NA,Bihar,103804637,749,7,13274,104
2020-07-09,India,NA,Bihar,103804637,704,3,13978,107
2020-07-10,India,NA,Bihar,103804637,352,8,14330,115
2020-07-11,India,NA,Bihar,103804637,709,4,15039,119
2020-07-12,India,NA,Bihar,103804637,1266,12,16305,131
2020-07-13,India,NA,Bihar,103804637,1116,12,17421,143
2020-07-14,India,NA,Bihar,103804637,1432,17,18853,160
2020-07-15,India,NA,Bihar,103804637,1320,14,20173,174
2020-07-16,India,NA,Bihar,103804637,1385,6,21558,180
2020-07-17,India,NA,Bihar,103804637,1742,17,23300,197
2020-07-18,India,NA,Bihar,103804637,1667,4,24967,201
2020-07-19,India,NA,Bihar,103804637,1412,7,26379,208
2020-07-20,India,NA,Bihar,103804637,1076,9,27455,217
2020-07-21,India,NA,Bihar,103804637,1109,0,28564,217
2020-07-22,India,NA,Bihar,103804637,1502,0,30066,217
2020-07-23,India,NA,Bihar,103804637,1625,0,31691,217
2020-07-24,India,NA,Bihar,103804637,1820,0,33511,217
2020-07-25,India,NA,Bihar,103804637,2803,3,36314,220
2020-07-26,India,NA,Bihar,103804637,2605,14,38919,234
2020-07-27,India,NA,Bihar,103804637,2192,10,41111,244
2020-07-28,India,NA,Bihar,103804637,2480,9,43591,253
2020-07-29,India,NA,Bihar,103804637,2328,16,45919,269
2020-07-30,India,NA,Bihar,103804637,2082,9,48001,278
2020-07-31,India,NA,Bihar,103804637,2986,4,50987,282
2020-08-01,India,NA,Bihar,103804637,3521,14,54508,296
2020-08-02,India,NA,Bihar,103804637,2762,13,57270,309
2020-08-03,India,NA,Bihar,103804637,2297,20,59567,329
2020-08-04,India,NA,Bihar,103804637,2464,1,62031,330
2020-08-05,India,NA,Bihar,103804637,2701,17,64732,347
2020-08-06,India,NA,Bihar,103804637,3416,8,68148,355
2020-08-07,India,NA,Bihar,103804637,3646,8,71794,363
2020-08-08,India,NA,Bihar,103804637,3992,6,75786,369
2020-08-09,India,NA,Bihar,103804637,3934,13,79720,382
2020-08-10,India,NA,Bihar,103804637,3021,5,82741,387
2020-08-11,India,NA,Bihar,103804637,4071,10,86812,397
2020-08-12,India,NA,Bihar,103804637,3741,16,90553,413
2020-08-13,India,NA,Bihar,103804637,3906,3,94459,416
2020-08-14,India,NA,Bihar,103804637,3911,10,98370,426
2020-08-15,India,NA,Bihar,103804637,3536,16,101906,442
2020-08-16,India,NA,Bihar,103804637,2187,8,104093,450
2020-08-17,India,NA,Bihar,103804637,2525,11,106618,461
2020-08-18,India,NA,Bihar,103804637,3257,7,109875,468
2020-08-19,India,NA,Bihar,103804637,2884,8,112759,476
2020-08-20,India,NA,Bihar,103804637,2451,11,115210,487
2020-08-21,India,NA,Bihar,103804637,2461,5,117671,492
2020-08-22,India,NA,Bihar,103804637,2238,6,119909,498
2020-08-23,India,NA,Bihar,103804637,2247,5,122156,503
2020-08-24,India,NA,Bihar,103804637,1227,8,123383,511
2020-08-25,India,NA,Bihar,103804637,1444,3,124827,514
2020-08-26,India,NA,Bihar,103804637,2163,0,126990,0
2020-08-27,India,NA,Bihar,103804637,1860,0,128850,0
2020-08-28,India,NA,Bihar,103804637,1998,0,130848,0
2020-08-29,India,NA,Bihar,103804637,2087,0,132935,0
2020-08-30,India,NA,Bihar,103804637,2078,0,135013,0
2020-08-31,India,NA,Bihar,103804637,1324,0,136337,0
2020-05-04,India,NA,Chandigarh,1055450,5,0,102,0
2020-05-05,India,NA,Chandigarh,1055450,17,1,119,1
2020-05-06,India,NA,Chandigarh,1055450,5,0,124,1
2020-05-07,India,NA,Chandigarh,1055450,11,0,135,1
2020-05-08,India,NA,Chandigarh,1055450,11,0,146,1
2020-05-09,India,NA,Chandigarh,1055450,23,0,169,1
2020-05-10,India,NA,Chandigarh,1055450,4,1,173,2
2020-05-11,India,NA,Chandigarh,1055450,8,0,181,0
2020-05-12,India,NA,Chandigarh,1055450,6,0,187,2
2020-05-13,India,NA,Chandigarh,1055450,4,1,191,3
2020-05-14,India,NA,Chandigarh,1055450,0,0,191,0
2020-05-15,India,NA,Chandigarh,1055450,0,0,191,3
2020-05-16,India,NA,Chandigarh,1055450,0,0,191,0
2020-05-17,India,NA,Chandigarh,1055450,0,0,191,0
2020-05-18,India,NA,Chandigarh,1055450,5,0,196,0
2020-05-19,India,NA,Chandigarh,1055450,3,0,199,3
2020-05-20,India,NA,Chandigarh,1055450,3,0,202,3
2020-05-21,India,NA,Chandigarh,1055450,16,0,218,3
2020-05-22,India,NA,Chandigarh,1055450,1,0,219,3
2020-05-23,India,NA,Chandigarh,1055450,6,0,225,3
2020-05-24,India,NA,Chandigarh,1055450,37,0,262,3
2020-05-25,India,NA,Chandigarh,1055450,4,0,266,3
2020-05-26,India,NA,Chandigarh,1055450,12,0,278,0
2020-05-27,India,NA,Chandigarh,1055450,1,1,279,4
2020-05-28,India,NA,Chandigarh,1055450,10,0,289,4
2020-05-29,India,NA,Chandigarh,1055450,0,0,289,4
2020-05-30,India,NA,Chandigarh,1055450,0,0,289,4
2020-05-31,India,NA,Chandigarh,1055450,4,0,293,0
2020-06-01,India,NA,Chandigarh,1055450,4,0,297,4
2020-06-02,India,NA,Chandigarh,1055450,4,0,301,4
2020-06-03,India,NA,Chandigarh,1055450,0,1,301,5
2020-06-04,India,NA,Chandigarh,1055450,1,0,302,0
2020-06-05,India,NA,Chandigarh,1055450,7,0,309,0
2020-06-06,India,NA,Chandigarh,1055450,3,0,312,5
2020-06-07,India,NA,Chandigarh,1055450,2,0,314,5
2020-06-08,India,NA,Chandigarh,1055450,6,0,320,5
2020-06-09,India,NA,Chandigarh,1055450,6,0,326,5
2020-06-10,India,NA,Chandigarh,1055450,2,0,328,5
2020-06-11,India,NA,Chandigarh,1055450,4,0,332,5
2020-06-12,India,NA,Chandigarh,1055450,13,0,345,5
2020-06-13,India,NA,Chandigarh,1055450,5,0,350,5
2020-06-14,India,NA,Chandigarh,1055450,2,0,352,5
2020-06-15,India,NA,Chandigarh,1055450,5,0,357,5
2020-06-16,India,NA,Chandigarh,1055450,8,1,365,6
2020-06-17,India,NA,Chandigarh,1055450,5,0,370,6
2020-06-18,India,NA,Chandigarh,1055450,4,0,374,6
2020-06-19,India,NA,Chandigarh,1055450,7,0,381,6
2020-06-20,India,NA,Chandigarh,1055450,23,0,404,6
2020-06-21,India,NA,Chandigarh,1055450,2,0,406,6
2020-06-22,India,NA,Chandigarh,1055450,5,0,411,6
2020-06-23,India,NA,Chandigarh,1055450,7,0,418,6
2020-06-24,India,NA,Chandigarh,1055450,2,0,420,6
2020-06-25,India,NA,Chandigarh,1055450,3,0,423,6
2020-06-26,India,NA,Chandigarh,1055450,2,0,425,6
2020-06-27,India,NA,Chandigarh,1055450,3,0,428,6
2020-06-28,India,NA,Chandigarh,1055450,3,0,431,6
2020-06-29,India,NA,Chandigarh,1055450,3,0,434,6
2020-06-30,India,NA,Chandigarh,1055450,6,0,440,6
2020-07-01,India,NA,Chandigarh,1055450,6,0,446,6
2020-07-02,India,NA,Chandigarh,1055450,4,0,450,6
2020-07-03,India,NA,Chandigarh,1055450,4,0,454,6
2020-07-04,India,NA,Chandigarh,1055450,5,0,459,6
2020-07-05,India,NA,Chandigarh,1055450,7,0,466,6
2020-07-06,India,NA,Chandigarh,1055450,21,0,487,6
2020-07-07,India,NA,Chandigarh,1055450,5,0,492,6
2020-07-08,India,NA,Chandigarh,1055450,15,1,507,7
2020-07-09,India,NA,Chandigarh,1055450,16,0,523,7
2020-07-10,India,NA,Chandigarh,1055450,13,0,536,7
2020-07-11,India,NA,Chandigarh,1055450,13,0,549,7
2020-07-12,India,NA,Chandigarh,1055450,10,0,559,7
2020-07-13,India,NA,Chandigarh,1055450,29,1,588,8
2020-07-14,India,NA,Chandigarh,1055450,12,0,600,8
2020-07-15,India,NA,Chandigarh,1055450,19,2,619,10
2020-07-16,India,NA,Chandigarh,1055450,16,1,635,11
2020-07-17,India,NA,Chandigarh,1055450,25,0,660,11
2020-07-18,India,NA,Chandigarh,1055450,31,0,691,11
2020-07-19,India,NA,Chandigarh,1055450,26,1,717,12
2020-07-20,India,NA,Chandigarh,1055450,20,0,737,12
2020-07-21,India,NA,Chandigarh,1055450,14,0,751,12
2020-07-22,India,NA,Chandigarh,1055450,29,0,780,12
2020-07-23,India,NA,Chandigarh,1055450,20,1,800,13
2020-07-24,India,NA,Chandigarh,1055450,23,0,823,13
2020-07-25,India,NA,Chandigarh,1055450,29,0,852,13
2020-07-26,India,NA,Chandigarh,1055450,35,0,887,13
2020-07-27,India,NA,Chandigarh,1055450,23,0,910,13
2020-07-28,India,NA,Chandigarh,1055450,24,1,934,14
2020-07-29,India,NA,Chandigarh,1055450,44,0,978,14
2020-07-30,India,NA,Chandigarh,1055450,38,0,1016,14
2020-07-31,India,NA,Chandigarh,1055450,35,0,1051,14
2020-08-01,India,NA,Chandigarh,1055450,28,1,1079,15
2020-08-02,India,NA,Chandigarh,1055450,38,3,1117,18
2020-08-03,India,NA,Chandigarh,1055450,43,1,1160,19
2020-08-04,India,NA,Chandigarh,1055450,46,0,1206,19
2020-08-05,India,NA,Chandigarh,1055450,64,1,1270,20
2020-08-06,India,NA,Chandigarh,1055450,57,0,1327,20
2020-08-07,India,NA,Chandigarh,1055450,47,0,1374,20
2020-08-08,India,NA,Chandigarh,1055450,52,3,1426,23
2020-08-09,India,NA,Chandigarh,1055450,89,1,1515,24
2020-08-10,India,NA,Chandigarh,1055450,80,1,1595,25
2020-08-11,India,NA,Chandigarh,1055450,75,0,1670,25
2020-08-12,India,NA,Chandigarh,1055450,81,1,1751,26
2020-08-13,India,NA,Chandigarh,1055450,91,0,1842,26
2020-08-14,India,NA,Chandigarh,1055450,86,1,1928,27
2020-08-15,India,NA,Chandigarh,1055450,81,1,2009,28
2020-08-16,India,NA,Chandigarh,1055450,93,0,2102,28
2020-08-17,India,NA,Chandigarh,1055450,114,1,2216,29
2020-08-18,India,NA,Chandigarh,1055450,89,1,2305,30
2020-08-19,India,NA,Chandigarh,1055450,91,0,2396,30
2020-08-20,India,NA,Chandigarh,1055450,119,1,2515,31
2020-08-21,India,NA,Chandigarh,1055450,116,0,2631,31
2020-08-22,India,NA,Chandigarh,1055450,145,2,2776,33
2020-08-23,India,NA,Chandigarh,1055450,142,0,2918,33
2020-08-24,India,NA,Chandigarh,1055450,117,4,3035,37
2020-08-25,India,NA,Chandigarh,1055450,174,0,3209,37
2020-08-26,India,NA,Chandigarh,1055450,167,0,3376,0
2020-08-27,India,NA,Chandigarh,1055450,188,0,3564,0
2020-08-28,India,NA,Chandigarh,1055450,160,0,3724,0
2020-08-29,India,NA,Chandigarh,1055450,261,0,3985,0
2020-08-30,India,NA,Chandigarh,1055450,170,0,4155,0
2020-08-31,India,NA,Chandigarh,1055450,191,0,4346,0
2020-05-20,India,NA,Chhattisgarh,25545198,14,0,114,0
2020-05-21,India,NA,Chhattisgarh,25545198,14,0,128,0
2020-05-22,India,NA,Chhattisgarh,25545198,44,0,172,0
2020-05-23,India,NA,Chhattisgarh,25545198,42,0,214,0
2020-05-24,India,NA,Chhattisgarh,25545198,38,0,252,0
2020-05-25,India,NA,Chhattisgarh,25545198,40,0,292,0
2020-05-26,India,NA,Chhattisgarh,25545198,68,0,360,0
2020-05-27,India,NA,Chhattisgarh,25545198,4,0,364,0
2020-05-28,India,NA,Chhattisgarh,25545198,34,0,398,0
2020-05-29,India,NA,Chhattisgarh,25545198,17,0,415,0
2020-05-30,India,NA,Chhattisgarh,25545198,32,1,447,1
2020-05-31,India,NA,Chhattisgarh,25545198,51,0,498,1
2020-06-01,India,NA,Chhattisgarh,25545198,49,0,547,1
2020-06-02,India,NA,Chhattisgarh,25545198,15,0,562,1
2020-06-03,India,NA,Chhattisgarh,25545198,64,0,626,1
2020-06-04,India,NA,Chhattisgarh,25545198,147,1,773,2
2020-06-05,India,NA,Chhattisgarh,25545198,90,0,863,2
2020-06-06,India,NA,Chhattisgarh,25545198,60,0,923,2
2020-06-07,India,NA,Chhattisgarh,25545198,150,2,1073,4
2020-06-08,India,NA,Chhattisgarh,25545198,124,0,1197,4
2020-06-09,India,NA,Chhattisgarh,25545198,14,0,1211,4
2020-06-10,India,NA,Chhattisgarh,25545198,51,2,1262,6
2020-06-11,India,NA,Chhattisgarh,25545198,136,0,1398,6
2020-06-12,India,NA,Chhattisgarh,25545198,47,0,1445,6
2020-06-13,India,NA,Chhattisgarh,25545198,105,0,1550,6
2020-06-14,India,NA,Chhattisgarh,25545198,121,0,1671,6
2020-06-15,India,NA,Chhattisgarh,25545198,44,2,1715,8
2020-06-16,India,NA,Chhattisgarh,25545198,69,0,1784,8
2020-06-17,India,NA,Chhattisgarh,25545198,80,1,1864,9
2020-06-18,India,NA,Chhattisgarh,25545198,82,1,1946,10
2020-06-19,India,NA,Chhattisgarh,25545198,72,0,2018,10
2020-06-20,India,NA,Chhattisgarh,25545198,116,0,2134,10
2020-06-21,India,NA,Chhattisgarh,25545198,121,1,2255,11
2020-06-22,India,NA,Chhattisgarh,25545198,47,0,2302,11
2020-06-23,India,NA,Chhattisgarh,25545198,83,1,2385,12
2020-06-24,India,NA,Chhattisgarh,25545198,34,0,2419,12
2020-06-25,India,NA,Chhattisgarh,25545198,37,0,2456,12
2020-06-26,India,NA,Chhattisgarh,25545198,89,0,2545,12
2020-06-27,India,NA,Chhattisgarh,25545198,65,1,2610,13
2020-06-28,India,NA,Chhattisgarh,25545198,84,0,2694,0
2020-06-29,India,NA,Chhattisgarh,25545198,101,0,2795,13
2020-06-30,India,NA,Chhattisgarh,25545198,63,0,2858,13
2020-07-01,India,NA,Chhattisgarh,25545198,82,0,2940,13
2020-07-02,India,NA,Chhattisgarh,25545198,73,1,3013,14
2020-07-03,India,NA,Chhattisgarh,25545198,52,0,3065,14
2020-07-04,India,NA,Chhattisgarh,25545198,96,0,3161,14
2020-07-05,India,NA,Chhattisgarh,25545198,46,0,3207,14
2020-07-06,India,NA,Chhattisgarh,25545198,98,0,3305,14
2020-07-07,India,NA,Chhattisgarh,25545198,110,0,3415,14
2020-07-08,India,NA,Chhattisgarh,25545198,111,0,3526,14
2020-07-09,India,NA,Chhattisgarh,25545198,140,0,3666,14
2020-07-10,India,NA,Chhattisgarh,25545198,166,1,3832,15
2020-07-11,India,NA,Chhattisgarh,25545198,65,2,3897,17
2020-07-12,India,NA,Chhattisgarh,25545198,184,0,4081,17
2020-07-13,India,NA,Chhattisgarh,25545198,184,2,4265,19
2020-07-14,India,NA,Chhattisgarh,25545198,114,0,4379,19
2020-07-15,India,NA,Chhattisgarh,25545198,177,1,4556,20
2020-07-16,India,NA,Chhattisgarh,25545198,198,0,4754,20
2020-07-17,India,NA,Chhattisgarh,25545198,249,1,5003,21
2020-07-18,India,NA,Chhattisgarh,25545198,243,2,5246,23
2020-07-19,India,NA,Chhattisgarh,25545198,161,1,5407,24
2020-07-20,India,NA,Chhattisgarh,25545198,191,0,5598,24
2020-07-21,India,NA,Chhattisgarh,25545198,133,1,5731,25
2020-07-22,India,NA,Chhattisgarh,25545198,268,4,5999,29
2020-07-23,India,NA,Chhattisgarh,25545198,371,0,6370,29
2020-07-24,India,NA,Chhattisgarh,25545198,449,1,6819,30
2020-07-25,India,NA,Chhattisgarh,25545198,363,6,7182,36
2020-07-26,India,NA,Chhattisgarh,25545198,431,3,7613,39
2020-07-27,India,NA,Chhattisgarh,25545198,367,4,7980,43
2020-07-28,India,NA,Chhattisgarh,25545198,306,1,8286,44
2020-07-29,India,NA,Chhattisgarh,25545198,314,2,8600,46
2020-07-30,India,NA,Chhattisgarh,25545198,256,2,8856,48
2020-07-31,India,NA,Chhattisgarh,25545198,336,3,9192,51
2020-08-01,India,NA,Chhattisgarh,25545198,235,2,9427,53
2020-08-02,India,NA,Chhattisgarh,25545198,181,2,9608,55
2020-08-03,India,NA,Chhattisgarh,25545198,212,3,9820,58
2020-08-04,India,NA,Chhattisgarh,25545198,382,3,10202,61
2020-08-05,India,NA,Chhattisgarh,25545198,295,8,10497,69
2020-08-06,India,NA,Chhattisgarh,25545198,523,2,11020,71
2020-08-07,India,NA,Chhattisgarh,25545198,388,6,11408,77
2020-08-08,India,NA,Chhattisgarh,25545198,447,10,11855,87
2020-08-09,India,NA,Chhattisgarh,25545198,293,2,12148,89
2020-08-10,India,NA,Chhattisgarh,25545198,477,7,12625,96
2020-08-11,India,NA,Chhattisgarh,25545198,360,3,12985,99
2020-08-12,India,NA,Chhattisgarh,25545198,567,5,13552,104
2020-08-13,India,NA,Chhattisgarh,25545198,478,5,14030,109
2020-08-14,India,NA,Chhattisgarh,25545198,529,5,14559,114
2020-08-15,India,NA,Chhattisgarh,25545198,486,16,15045,130
2020-08-16,India,NA,Chhattisgarh,25545198,576,4,15621,134
2020-08-17,India,NA,Chhattisgarh,25545198,404,7,16025,141
2020-08-18,India,NA,Chhattisgarh,25545198,808,9,16833,150
2020-08-19,India,NA,Chhattisgarh,25545198,752,8,17585,158
2020-08-20,India,NA,Chhattisgarh,25545198,1052,3,18637,161
2020-08-21,India,NA,Chhattisgarh,25545198,873,7,19510,168
2020-08-22,India,NA,Chhattisgarh,25545198,704,12,20214,180
2020-08-23,India,NA,Chhattisgarh,25545198,704,9,20918,189
2020-08-24,India,NA,Chhattisgarh,25545198,1136,8,22054,197
2020-08-25,India,NA,Chhattisgarh,25545198,1287,9,23341,206
2020-08-26,India,NA,Chhattisgarh,25545198,1209,0,24550,0
2020-08-27,India,NA,Chhattisgarh,25545198,1438,0,25988,0
2020-08-28,India,NA,Chhattisgarh,25545198,1245,0,27233,0
2020-08-29,India,NA,Chhattisgarh,25545198,1513,0,28746,0
2020-08-30,India,NA,Chhattisgarh,25545198,1346,0,30092,0
2020-08-31,India,NA,Chhattisgarh,25545198,1411,0,31503,0
2020-06-22,India,NA,Dadra and Nagar Haveli and Daman and Diu,342853,15,0,114,0
2020-06-23,India,NA,Dadra and Nagar Haveli and Daman and Diu,342853,9,0,123,0
2020-06-24,India,NA,Dadra and Nagar Haveli and Daman and Diu,342853,13,0,136,0
2020-06-25,India,NA,Dadra and Nagar Haveli and Daman and Diu,342853,20,0,156,0
2020-06-26,India,NA,Dadra and Nagar Haveli and Daman and Diu,342853,15,0,171,0
2020-06-27,India,NA,Dadra and Nagar Haveli and Daman and Diu,342853,15,0,186,0
2020-06-28,India,NA,Dadra and Nagar Haveli and Daman and Diu,342853,4,0,190,0
2020-06-29,India,NA,Dadra and Nagar Haveli and Daman and Diu,342853,15,0,205,0
2020-06-30,India,NA,Dadra and Nagar Haveli and Daman and Diu,342853,10,0,215,0
2020-07-01,India,NA,Dadra and Nagar Haveli and Daman and Diu,342853,16,0,231,0
2020-07-02,India,NA,Dadra and Nagar Haveli and Daman and Diu,342853,25,0,256,0
2020-07-03,India,NA,Dadra and Nagar Haveli and Daman and Diu,342853,50,0,306,0
2020-07-04,India,NA,Dadra and Nagar Haveli and Daman and Diu,342853,37,0,343,0
2020-07-05,India,NA,Dadra and Nagar Haveli and Daman and Diu,342853,32,0,375,0
2020-07-06,India,NA,Dadra and Nagar Haveli and Daman and Diu,342853,27,0,402,0
2020-07-07,India,NA,Dadra and Nagar Haveli and Daman and Diu,342853,27,0,429,0
2020-07-08,India,NA,Dadra and Nagar Haveli and Daman and Diu,342853,15,0,444,0
2020-07-09,India,NA,Dadra and Nagar Haveli and Daman and Diu,342853,14,0,458,0
2020-07-10,India,NA,Dadra and Nagar Haveli and Daman and Diu,342853,14,0,472,0
2020-07-11,India,NA,Dadra and Nagar Haveli and Daman and Diu,342853,14,0,486,0
2020-07-12,India,NA,Dadra and Nagar Haveli and Daman and Diu,342853,16,0,502,0
2020-07-13,India,NA,Dadra and Nagar Haveli and Daman and Diu,342853,25,0,527,0
2020-07-14,India,NA,Dadra and Nagar Haveli and Daman and Diu,342853,16,1,543,1
2020-07-15,India,NA,Dadra and Nagar Haveli and Daman and Diu,342853,17,0,560,1
2020-07-16,India,NA,Dadra and Nagar Haveli and Daman and Diu,342853,18,1,578,2
2020-07-17,India,NA,Dadra and Nagar Haveli and Daman and Diu,342853,32,0,610,2
2020-07-18,India,NA,Dadra and Nagar Haveli and Daman and Diu,342853,45,0,655,2
2020-07-19,India,NA,Dadra and Nagar Haveli and Daman and Diu,342853,37,0,692,2
2020-07-20,India,NA,Dadra and Nagar Haveli and Daman and Diu,342853,21,0,713,2
2020-07-21,India,NA,Dadra and Nagar Haveli and Daman and Diu,342853,28,0,741,2
2020-07-22,India,NA,Dadra and Nagar Haveli and Daman and Diu,342853,36,0,777,2
2020-07-23,India,NA,Dadra and Nagar Haveli and Daman and Diu,342853,45,0,822,2
2020-07-24,India,NA,Dadra and Nagar Haveli and Daman and Diu,342853,44,0,866,2
2020-07-25,India,NA,Dadra and Nagar Haveli and Daman and Diu,342853,37,0,903,2
2020-07-26,India,NA,Dadra and Nagar Haveli and Daman and Diu,342853,49,0,952,2
2020-07-27,India,NA,Dadra and Nagar Haveli and Daman and Diu,342853,36,0,988,2
2020-07-28,India,NA,Dadra and Nagar Haveli and Daman and Diu,342853,44,0,1032,2
2020-07-29,India,NA,Dadra and Nagar Haveli and Daman and Diu,342853,38,0,1070,2
2020-07-30,India,NA,Dadra and Nagar Haveli and Daman and Diu,342853,35,0,1105,2
2020-07-31,India,NA,Dadra and Nagar Haveli and Daman and Diu,342853,46,0,1151,2
2020-08-01,India,NA,Dadra and Nagar Haveli and Daman and Diu,342853,45,0,1196,2
2020-08-02,India,NA,Dadra and Nagar Haveli and Daman and Diu,342853,55,0,1251,2
2020-08-03,India,NA,Dadra and Nagar Haveli and Daman and Diu,342853,35,0,1286,2
2020-08-04,India,NA,Dadra and Nagar Haveli and Daman and Diu,342853,43,0,1329,2
2020-08-05,India,NA,Dadra and Nagar Haveli and Daman and Diu,342853,45,0,1374,2
2020-08-06,India,NA,Dadra and Nagar Haveli and Daman and Diu,342853,43,0,1417,2
2020-08-07,India,NA,Dadra and Nagar Haveli and Daman and Diu,342853,44,0,1461,2
2020-08-08,India,NA,Dadra and Nagar Haveli and Daman and Diu,342853,51,0,1512,2
2020-08-09,India,NA,Dadra and Nagar Haveli and Daman and Diu,342853,45,0,1557,2
2020-08-10,India,NA,Dadra and Nagar Haveli and Daman and Diu,342853,62,0,1619,2
2020-08-11,India,NA,Dadra and Nagar Haveli and Daman and Diu,342853,39,0,1658,2
2020-08-12,India,NA,Dadra and Nagar Haveli and Daman and Diu,342853,39,0,1697,2
2020-08-13,India,NA,Dadra and Nagar Haveli and Daman and Diu,342853,46,0,1743,2
2020-08-14,India,NA,Dadra and Nagar Haveli and Daman and Diu,342853,41,0,1784,2
2020-08-15,India,NA,Dadra and Nagar Haveli and Daman and Diu,342853,64,0,1848,2
2020-08-16,India,NA,Dadra and Nagar Haveli and Daman and Diu,342853,35,0,1883,2
2020-08-17,India,NA,Dadra and Nagar Haveli and Daman and Diu,342853,27,0,1910,2
2020-08-18,India,NA,Dadra and Nagar Haveli and Daman and Diu,342853,51,0,1961,2
2020-08-19,India,NA,Dadra and Nagar Haveli and Daman and Diu,342853,37,0,1998,2
2020-08-20,India,NA,Dadra and Nagar Haveli and Daman and Diu,342853,34,0,2032,2
2020-08-21,India,NA,Dadra and Nagar Haveli and Daman and Diu,342853,53,0,2085,2
2020-08-22,India,NA,Dadra and Nagar Haveli and Daman and Diu,342853,40,0,2125,2
2020-08-23,India,NA,Dadra and Nagar Haveli and Daman and Diu,342853,36,0,2161,2
2020-08-24,India,NA,Dadra and Nagar Haveli and Daman and Diu,342853,18,0,2179,2
2020-08-25,India,NA,Dadra and Nagar Haveli and Daman and Diu,342853,21,0,2200,2
2020-08-26,India,NA,Dadra and Nagar Haveli and Daman and Diu,342853,22,0,2222,0
2020-08-27,India,NA,Dadra and Nagar Haveli and Daman and Diu,342853,42,0,2264,0
2020-08-28,India,NA,Dadra and Nagar Haveli and Daman and Diu,342853,31,0,2295,0
2020-08-29,India,NA,Dadra and Nagar Haveli and Daman and Diu,342853,15,0,2310,0
2020-08-30,India,NA,Dadra and Nagar Haveli and Daman and Diu,342853,32,0,2342,0
2020-08-31,India,NA,Dadra and Nagar Haveli and Daman and Diu,342853,27,0,2369,0
2020-03-31,India,NA,Delhi,26495000,23,0,120,0
2020-04-01,India,NA,Delhi,26495000,32,0,152,2
2020-04-02,India,NA,Delhi,26495000,141,2,293,4
2020-04-03,India,NA,Delhi,26495000,93,0,386,4
2020-04-04,India,NA,Delhi,26495000,59,2,445,6
2020-04-05,India,NA,Delhi,26495000,58,1,503,7
2020-04-06,India,NA,Delhi,26495000,22,0,525,7
2020-04-07,India,NA,Delhi,26495000,51,0,576,7
2020-04-08,India,NA,Delhi,26495000,93,2,669,9
2020-04-09,India,NA,Delhi,26495000,51,0,720,9
2020-04-10,India,NA,Delhi,26495000,183,4,903,13
2020-04-11,India,NA,Delhi,26495000,166,1,1069,14
2020-04-12,India,NA,Delhi,26495000,85,5,1154,19
2020-04-13,India,NA,Delhi,26495000,356,5,1510,24
2020-04-14,India,NA,Delhi,26495000,51,4,1561,28
2020-04-15,India,NA,Delhi,26495000,17,2,1578,30
2020-04-16,India,NA,Delhi,26495000,62,2,1640,32
2020-04-17,India,NA,Delhi,26495000,67,6,1707,38
2020-04-18,India,NA,Delhi,26495000,186,4,1893,42
2020-04-19,India,NA,Delhi,26495000,110,1,2003,43
2020-04-20,India,NA,Delhi,26495000,78,2,2081,45
2020-04-21,India,NA,Delhi,26495000,75,2,2156,47
2020-04-22,India,NA,Delhi,26495000,92,0,2248,47
2020-04-23,India,NA,Delhi,26495000,128,1,2376,48
2020-04-24,India,NA,Delhi,26495000,138,2,2514,50
2020-04-25,India,NA,Delhi,26495000,111,3,2625,53
2020-04-26,India,NA,Delhi,26495000,293,1,2918,54
2020-04-27,India,NA,Delhi,26495000,190,0,3108,54
2020-04-28,India,NA,Delhi,26495000,206,0,3314,54
2020-04-29,India,NA,Delhi,26495000,125,0,3439,54
2020-04-30,India,NA,Delhi,26495000,76,2,3515,56
2020-05-01,India,NA,Delhi,26495000,223,3,3738,59
2020-05-02,India,NA,Delhi,26495000,384,2,4122,61
2020-05-03,India,NA,Delhi,26495000,427,3,4549,64
2020-05-04,India,NA,Delhi,26495000,349,0,4898,64
2020-05-05,India,NA,Delhi,26495000,206,0,5104,64
2020-05-06,India,NA,Delhi,26495000,428,0,5532,64
2020-05-07,India,NA,Delhi,26495000,448,1,5980,65
2020-05-08,India,NA,Delhi,26495000,338,1,6318,66
2020-05-09,India,NA,Delhi,26495000,224,2,6542,68
2020-05-10,India,NA,Delhi,26495000,381,5,6923,73
2020-05-11,India,NA,Delhi,26495000,310,0,7233,73
2020-05-12,India,NA,Delhi,26495000,406,0,7639,73
2020-05-13,India,NA,Delhi,26495000,359,13,7998,86
2020-05-14,India,NA,Delhi,26495000,472,20,8470,106
2020-05-15,India,NA,Delhi,26495000,425,9,8895,115
2020-05-16,India,NA,Delhi,26495000,438,8,9333,123
2020-05-17,India,NA,Delhi,26495000,422,6,9755,129
2020-05-18,India,NA,Delhi,26495000,299,31,10054,160
2020-05-19,India,NA,Delhi,26495000,500,8,10554,168
2020-05-20,India,NA,Delhi,26495000,534,0,11088,168
2020-05-21,India,NA,Delhi,26495000,571,8,11659,176
2020-05-22,India,NA,Delhi,26495000,660,18,12319,194
2020-05-23,India,NA,Delhi,26495000,591,14,12910,208
2020-05-24,India,NA,Delhi,26495000,508,23,13418,231
2020-05-25,India,NA,Delhi,26495000,635,30,14053,261
2020-05-26,India,NA,Delhi,26495000,412,15,14465,276
2020-05-27,India,NA,Delhi,26495000,792,12,15257,288
2020-05-28,India,NA,Delhi,26495000,1024,15,16281,303
2020-05-29,India,NA,Delhi,26495000,1105,13,17386,316
2020-05-30,India,NA,Delhi,26495000,1163,82,18549,398
2020-05-31,India,NA,Delhi,26495000,1295,18,19844,416
2020-06-01,India,NA,Delhi,26495000,990,57,20834,473
2020-06-02,India,NA,Delhi,26495000,1298,50,22132,523
2020-06-03,India,NA,Delhi,26495000,1513,33,23645,556
2020-06-04,India,NA,Delhi,26495000,1359,50,25004,606
2020-06-05,India,NA,Delhi,26495000,1330,44,26334,650
2020-06-06,India,NA,Delhi,26495000,1320,58,27654,708
2020-06-07,India,NA,Delhi,26495000,1282,53,28936,761
2020-06-08,India,NA,Delhi,26495000,1007,51,29943,812
2020-06-09,India,NA,Delhi,26495000,1366,62,31309,874
2020-06-10,India,NA,Delhi,26495000,1501,31,32810,905
2020-06-11,India,NA,Delhi,26495000,1877,79,34687,984
2020-06-12,India,NA,Delhi,26495000,2137,101,36824,1085
2020-06-13,India,NA,Delhi,26495000,2134,129,38958,1214
2020-06-14,India,NA,Delhi,26495000,2224,57,41182,1271
2020-06-15,India,NA,Delhi,26495000,1647,56,42829,1327
2020-06-16,India,NA,Delhi,26495000,1859,73,44688,1400
2020-06-17,India,NA,Delhi,26495000,2414,437,47102,1837
2020-06-18,India,NA,Delhi,26495000,2877,67,49979,1904
2020-06-19,India,NA,Delhi,26495000,3137,65,53116,1969
2020-06-20,India,NA,Delhi,26495000,3630,66,56746,2035
2020-06-21,India,NA,Delhi,26495000,3000,77,59746,2112
2020-06-22,India,NA,Delhi,26495000,2909,63,62655,2175
2020-06-23,India,NA,Delhi,26495000,3947,58,66602,2233
2020-06-24,India,NA,Delhi,26495000,3788,68,70390,2301
2020-06-25,India,NA,Delhi,26495000,3390,64,73780,2365
2020-06-26,India,NA,Delhi,26495000,3460,64,77240,2429
2020-06-27,India,NA,Delhi,26495000,2948,63,80188,2492
2020-06-28,India,NA,Delhi,26495000,2889,66,83077,2558
2020-06-29,India,NA,Delhi,26495000,2084,65,85161,2623
2020-06-30,India,NA,Delhi,26495000,2199,57,87360,2680
2020-07-01,India,NA,Delhi,26495000,2442,62,89802,2742
2020-07-02,India,NA,Delhi,26495000,2373,61,92175,2803
2020-07-03,India,NA,Delhi,26495000,2520,61,94695,2864
2020-07-04,India,NA,Delhi,26495000,2505,59,97200,2923
2020-07-05,India,NA,Delhi,26495000,2244,81,99444,3004
2020-07-06,India,NA,Delhi,26495000,1379,63,100823,3067
2020-07-07,India,NA,Delhi,26495000,2008,48,102831,3115
2020-07-08,India,NA,Delhi,26495000,2033,50,104864,3165
2020-07-09,India,NA,Delhi,26495000,2187,48,107051,3213
2020-07-10,India,NA,Delhi,26495000,2089,45,109140,3258
2020-07-11,India,NA,Delhi,26495000,1781,42,110921,3300
2020-07-12,India,NA,Delhi,26495000,1573,34,112494,3334
2020-07-13,India,NA,Delhi,26495000,1246,37,113740,3371
2020-07-14,India,NA,Delhi,26495000,1606,40,115346,3411
2020-07-15,India,NA,Delhi,26495000,1647,35,116993,3446
2020-07-16,India,NA,Delhi,26495000,1652,41,118645,3487
2020-07-17,India,NA,Delhi,26495000,1462,58,120107,3545
2020-07-18,India,NA,Delhi,26495000,1475,26,121582,3571
2020-07-19,India,NA,Delhi,26495000,1211,26,122793,3597
2020-07-20,India,NA,Delhi,26495000,954,31,123747,3628
2020-07-21,India,NA,Delhi,26495000,1349,35,125096,3663
2020-07-22,India,NA,Delhi,26495000,1227,27,126323,3690
2020-07-23,India,NA,Delhi,26495000,1041,29,127364,3719
2020-07-24,India,NA,Delhi,26495000,1025,26,128389,3745
2020-07-25,India,NA,Delhi,26495000,1142,32,129531,3777
2020-07-26,India,NA,Delhi,26495000,1075,29,130606,3806
2020-07-27,India,NA,Delhi,26495000,613,21,131219,3827
2020-07-28,India,NA,Delhi,26495000,1056,26,132275,3853
2020-07-29,India,NA,Delhi,26495000,1035,28,133310,3881
2020-07-30,India,NA,Delhi,26495000,1093,26,134403,3907
2020-07-31,India,NA,Delhi,26495000,1195,29,135598,3936
2020-08-01,India,NA,Delhi,26495000,1118,27,136716,3963
2020-08-02,India,NA,Delhi,26495000,961,26,137677,3989
2020-08-03,India,NA,Delhi,26495000,805,15,138482,4004
2020-08-04,India,NA,Delhi,26495000,674,17,139156,4021
2020-08-05,India,NA,Delhi,26495000,1076,12,140232,4033
2020-08-06,India,NA,Delhi,26495000,1299,11,141531,4044
2020-08-07,India,NA,Delhi,26495000,1192,15,142723,4059
2020-08-08,India,NA,Delhi,26495000,1404,23,144127,4082
2020-08-09,India,NA,Delhi,26495000,1300,16,145427,4098
2020-08-10,India,NA,Delhi,26495000,707,13,146134,4111
2020-08-11,India,NA,Delhi,26495000,1257,20,147391,4131
2020-08-12,India,NA,Delhi,26495000,1113,8,148504,4139
2020-08-13,India,NA,Delhi,26495000,956,14,149460,4153
2020-08-14,India,NA,Delhi,26495000,1192,14,150652,4167
2020-08-15,India,NA,Delhi,26495000,1276,11,151928,4178
2020-08-16,India,NA,Delhi,26495000,652,10,152580,4188
2020-08-17,India,NA,Delhi,26495000,787,8,153367,4196
2020-08-18,India,NA,Delhi,26495000,1374,18,154741,4214
2020-08-19,India,NA,Delhi,26495000,1398,12,156139,4226
2020-08-20,India,NA,Delhi,26495000,1215,9,157354,4235
2020-08-21,India,NA,Delhi,26495000,1250,22,158604,4257
2020-08-22,India,NA,Delhi,26495000,1412,13,160016,4270
2020-08-23,India,NA,Delhi,26495000,1450,14,161466,4284
2020-08-24,India,NA,Delhi,26495000,1061,16,162527,4300
2020-08-25,India,NA,Delhi,26495000,1544,13,164071,4313
2020-08-26,India,NA,Delhi,26495000,1693,0,165764,0
2020-08-27,India,NA,Delhi,26495000,1840,0,167604,0
2020-08-28,India,NA,Delhi,26495000,1808,0,169412,0
2020-08-29,India,NA,Delhi,26495000,1954,0,171366,0
2020-08-30,India,NA,Delhi,26495000,2024,0,173390,0
2020-08-31,India,NA,Delhi,26495000,1358,0,174748,0
2020-06-03,India,NA,Goa,1458545,47,0,126,0
2020-06-04,India,NA,Goa,1458545,40,0,166,0
2020-06-05,India,NA,Goa,1458545,30,0,196,0
2020-06-06,India,NA,Goa,1458545,71,0,267,0
2020-06-07,India,NA,Goa,1458545,33,0,300,0
2020-06-08,India,NA,Goa,1458545,30,0,330,0
2020-06-09,India,NA,Goa,1458545,29,0,359,0
2020-06-10,India,NA,Goa,1458545,28,0,387,0
2020-06-11,India,NA,Goa,1458545,30,0,417,0
2020-06-12,India,NA,Goa,1458545,46,0,463,0
2020-06-13,India,NA,Goa,1458545,60,0,523,0
2020-06-14,India,NA,Goa,1458545,41,0,564,0
2020-06-15,India,NA,Goa,1458545,28,0,592,0
2020-06-16,India,NA,Goa,1458545,37,0,629,0
2020-06-17,India,NA,Goa,1458545,27,0,656,0
2020-06-18,India,NA,Goa,1458545,49,0,705,0
2020-06-19,India,NA,Goa,1458545,20,0,725,0
2020-06-20,India,NA,Goa,1458545,29,0,754,0
2020-06-21,India,NA,Goa,1458545,64,0,818,0
2020-06-22,India,NA,Goa,1458545,46,0,864,0
2020-06-23,India,NA,Goa,1458545,45,1,909,1
2020-06-24,India,NA,Goa,1458545,42,0,951,1
2020-06-25,India,NA,Goa,1458545,44,1,995,2
2020-06-26,India,NA,Goa,1458545,44,0,1039,2
2020-06-27,India,NA,Goa,1458545,89,0,1128,2
2020-06-28,India,NA,Goa,1458545,70,0,1198,2
2020-06-29,India,NA,Goa,1458545,53,1,1251,3
2020-06-30,India,NA,Goa,1458545,64,0,1315,0
2020-07-01,India,NA,Goa,1458545,72,0,1387,3
2020-07-02,India,NA,Goa,1458545,95,1,1482,4
2020-07-03,India,NA,Goa,1458545,94,0,1576,4
2020-07-04,India,NA,Goa,1458545,108,0,1684,0
2020-07-05,India,NA,Goa,1458545,77,2,1761,6
2020-07-06,India,NA,Goa,1458545,52,1,1813,7
2020-07-07,India,NA,Goa,1458545,90,0,1903,7
2020-07-08,India,NA,Goa,1458545,136,1,2039,8
2020-07-09,India,NA,Goa,1458545,112,0,2151,8
2020-07-10,India,NA,Goa,1458545,100,1,2251,9
2020-07-11,India,NA,Goa,1458545,117,0,2368,9
2020-07-12,India,NA,Goa,1458545,85,3,2453,12
2020-07-13,India,NA,Goa,1458545,130,2,2583,14
2020-07-14,India,NA,Goa,1458545,170,3,2753,17
2020-07-15,India,NA,Goa,1458545,198,1,2951,18
2020-07-16,India,NA,Goa,1458545,157,0,3108,18
2020-07-17,India,NA,Goa,1458545,196,1,3304,19
2020-07-18,India,NA,Goa,1458545,180,2,3484,21
2020-07-19,India,NA,Goa,1458545,173,0,3657,21
2020-07-20,India,NA,Goa,1458545,196,1,3853,22
2020-07-21,India,NA,Goa,1458545,174,1,4027,23
2020-07-22,India,NA,Goa,1458545,149,3,4176,26
2020-07-23,India,NA,Goa,1458545,174,2,4350,28
2020-07-24,India,NA,Goa,1458545,190,1,4540,29
2020-07-25,India,NA,Goa,1458545,146,0,4686,29
2020-07-26,India,NA,Goa,1458545,175,4,4861,33
2020-07-27,India,NA,Goa,1458545,258,2,5119,35
2020-07-28,India,NA,Goa,1458545,168,1,5287,36
2020-07-29,India,NA,Goa,1458545,202,0,5489,36
2020-07-30,India,NA,Goa,1458545,215,3,5704,39
2020-07-31,India,NA,Goa,1458545,209,3,5913,42
2020-08-01,India,NA,Goa,1458545,280,3,6193,45
2020-08-02,India,NA,Goa,1458545,337,3,6530,48
2020-08-03,India,NA,Goa,1458545,286,5,6816,53
2020-08-04,India,NA,Goa,1458545,259,3,7075,56
2020-08-05,India,NA,Goa,1458545,348,4,7423,60
2020-08-06,India,NA,Goa,1458545,191,4,7614,64
2020-08-07,India,NA,Goa,1458545,333,2,7947,66
2020-08-08,India,NA,Goa,1458545,259,4,8206,70
2020-08-09,India,NA,Goa,1458545,506,2,8712,72
2020-08-10,India,NA,Goa,1458545,317,3,9029,75
2020-08-11,India,NA,Goa,1458545,415,5,9444,80
2020-08-12,India,NA,Goa,1458545,480,6,9924,86
2020-08-13,India,NA,Goa,1458545,570,3,10494,89
2020-08-14,India,NA,Goa,1458545,476,2,10970,91
2020-08-15,India,NA,Goa,1458545,369,2,11339,93
2020-08-16,India,NA,Goa,1458545,300,5,11639,98
2020-08-17,India,NA,Goa,1458545,355,6,11994,104
2020-08-18,India,NA,Goa,1458545,339,7,12333,111
2020-08-19,India,NA,Goa,1458545,342,5,12675,116
2020-08-20,India,NA,Goa,1458545,424,8,13099,124
2020-08-21,India,NA,Goa,1458545,385,2,13484,126
2020-08-22,India,NA,Goa,1458545,306,9,13790,135
2020-08-23,India,NA,Goa,1458545,209,5,13999,140
2020-08-24,India,NA,Goa,1458545,139,4,14138,144
2020-08-25,India,NA,Goa,1458545,392,4,14530,148
2020-08-26,India,NA,Goa,1458545,497,0,15027,0
2020-08-27,India,NA,Goa,1458545,456,0,15483,0
2020-08-28,India,NA,Goa,1458545,523,0,16006,0
2020-08-29,India,NA,Goa,1458545,547,0,16553,0
2020-08-30,India,NA,Goa,1458545,451,0,17004,0
2020-08-31,India,NA,Goa,1458545,414,0,17418,0
2020-04-04,India,NA,Gujarat,60383628,13,2,108,10
2020-04-05,India,NA,Gujarat,60383628,20,1,128,11
2020-04-06,India,NA,Gujarat,60383628,18,1,146,12
2020-04-07,India,NA,Gujarat,60383628,29,1,175,13
2020-04-08,India,NA,Gujarat,60383628,11,0,186,0
2020-04-09,India,NA,Gujarat,60383628,76,3,262,16
2020-04-10,India,NA,Gujarat,60383628,116,1,378,17
2020-04-11,India,NA,Gujarat,60383628,90,2,468,19
2020-04-12,India,NA,Gujarat,60383628,48,3,516,22
2020-04-13,India,NA,Gujarat,60383628,56,4,572,26
2020-04-14,India,NA,Gujarat,60383628,78,0,650,26
2020-04-15,India,NA,Gujarat,60383628,116,4,766,30
2020-04-16,India,NA,Gujarat,60383628,163,6,929,36
2020-04-17,India,NA,Gujarat,60383628,170,2,1099,38
2020-04-18,India,NA,Gujarat,60383628,277,10,1376,48
2020-04-19,India,NA,Gujarat,60383628,367,10,1743,58
2020-04-20,India,NA,Gujarat,60383628,196,9,1939,67
2020-04-21,India,NA,Gujarat,60383628,239,10,2178,77
2020-04-22,India,NA,Gujarat,60383628,229,18,2407,95
2020-04-23,India,NA,Gujarat,60383628,217,8,2624,103
2020-04-24,India,NA,Gujarat,60383628,191,9,2815,112
2020-04-25,India,NA,Gujarat,60383628,256,15,3071,127
2020-04-26,India,NA,Gujarat,60383628,230,6,3301,133
2020-04-27,India,NA,Gujarat,60383628,247,18,3548,151
2020-04-28,India,NA,Gujarat,60383628,226,11,3774,162
2020-04-29,India,NA,Gujarat,60383628,308,19,4082,181
2020-04-30,India,NA,Gujarat,60383628,313,16,4395,197
2020-05-01,India,NA,Gujarat,60383628,326,17,4721,214
2020-05-02,India,NA,Gujarat,60383628,333,22,5054,236
2020-05-03,India,NA,Gujarat,60383628,374,26,5428,262
2020-05-04,India,NA,Gujarat,60383628,376,28,5804,290
2020-05-05,India,NA,Gujarat,60383628,441,29,6245,319
2020-05-06,India,NA,Gujarat,60383628,380,49,6625,368
2020-05-07,India,NA,Gujarat,60383628,388,28,7013,396
2020-05-08,India,NA,Gujarat,60383628,390,29,7403,425
2020-05-09,India,NA,Gujarat,60383628,394,24,7797,449
2020-05-10,India,NA,Gujarat,60383628,398,23,8195,472
2020-05-11,India,NA,Gujarat,60383628,347,21,8542,493
2020-05-12,India,NA,Gujarat,60383628,362,20,8904,513
2020-05-13,India,NA,Gujarat,60383628,364,24,9268,537
2020-05-14,India,NA,Gujarat,60383628,324,29,9592,566
2020-05-15,India,NA,Gujarat,60383628,340,20,9932,586
2020-05-16,India,NA,Gujarat,60383628,1057,20,10989,606
2020-05-17,India,NA,Gujarat,60383628,391,19,11380,625
2020-05-18,India,NA,Gujarat,60383628,366,34,11746,659
2020-05-19,India,NA,Gujarat,60383628,395,35,12141,694
2020-05-20,India,NA,Gujarat,60383628,398,25,12539,719
2020-05-21,India,NA,Gujarat,60383628,371,30,12910,749
2020-05-22,India,NA,Gujarat,60383628,363,24,13273,773
2020-05-23,India,NA,Gujarat,60383628,396,29,13669,802
2020-05-24,India,NA,Gujarat,60383628,394,27,14063,829
2020-05-25,India,NA,Gujarat,60383628,405,29,14468,858
2020-05-26,India,NA,Gujarat,60383628,361,30,14829,888
2020-05-27,India,NA,Gujarat,60383628,376,27,15205,915
2020-05-28,India,NA,Gujarat,60383628,367,23,15572,938
2020-05-29,India,NA,Gujarat,60383628,372,22,15944,960
2020-05-30,India,NA,Gujarat,60383628,412,20,16356,980
2020-05-31,India,NA,Gujarat,60383628,438,27,16794,1007
2020-06-01,India,NA,Gujarat,60383628,423,31,17217,1038
2020-06-02,India,NA,Gujarat,60383628,415,25,17632,1063
2020-06-03,India,NA,Gujarat,60383628,485,29,18117,1092
2020-06-04,India,NA,Gujarat,60383628,492,30,18609,1122
2020-06-05,India,NA,Gujarat,60383628,510,33,19119,1155
2020-06-06,India,NA,Gujarat,60383628,498,35,19617,1190
2020-06-07,India,NA,Gujarat,60383628,480,29,20097,1219
2020-06-08,India,NA,Gujarat,60383628,477,30,20574,1249
2020-06-09,India,NA,Gujarat,60383628,470,31,21044,1280
2020-06-10,India,NA,Gujarat,60383628,510,33,21554,1313
2020-06-11,India,NA,Gujarat,60383628,513,34,22067,1347
2020-06-12,India,NA,Gujarat,60383628,495,38,22562,1385
2020-06-13,India,NA,Gujarat,60383628,517,30,23079,1415
2020-06-14,India,NA,Gujarat,60383628,511,33,23590,1448
2020-06-15,India,NA,Gujarat,60383628,514,29,24104,1477
2020-06-16,India,NA,Gujarat,60383628,524,28,24628,1505
2020-06-17,India,NA,Gujarat,60383628,520,28,25148,1533
2020-06-18,India,NA,Gujarat,60383628,510,27,25658,1560
2020-06-19,India,NA,Gujarat,60383628,540,31,26198,1591
2020-06-20,India,NA,Gujarat,60383628,539,27,26737,1618
2020-06-21,India,NA,Gujarat,60383628,580,20,27317,1638
2020-06-22,India,NA,Gujarat,60383628,563,25,27880,1663
2020-06-23,India,NA,Gujarat,60383628,549,21,28429,1684
2020-06-24,India,NA,Gujarat,60383628,572,26,29001,1710
2020-06-25,India,NA,Gujarat,60383628,577,25,29578,1735
2020-06-26,India,NA,Gujarat,60383628,580,18,30158,1753
2020-06-27,India,NA,Gujarat,60383628,615,18,30773,1771
2020-06-28,India,NA,Gujarat,60383628,624,18,31397,1789
2020-06-29,India,NA,Gujarat,60383628,626,19,32023,1808
2020-06-30,India,NA,Gujarat,60383628,620,19,32643,1827
2020-07-01,India,NA,Gujarat,60383628,675,19,33318,1846
2020-07-02,India,NA,Gujarat,60383628,681,21,33999,1867
2020-07-03,India,NA,Gujarat,60383628,687,19,34686,1886
2020-07-04,India,NA,Gujarat,60383628,712,18,35398,1904
2020-07-05,India,NA,Gujarat,60383628,725,21,36123,1925
2020-07-06,India,NA,Gujarat,60383628,735,18,36858,1943
2020-07-07,India,NA,Gujarat,60383628,778,17,37636,1960
2020-07-08,India,NA,Gujarat,60383628,783,17,38419,1977
2020-07-09,India,NA,Gujarat,60383628,861,16,39280,1993
2020-07-10,India,NA,Gujarat,60383628,875,15,40155,2008
2020-07-11,India,NA,Gujarat,60383628,872,14,41027,2022
2020-07-12,India,NA,Gujarat,60383628,879,10,41906,2032
2020-07-13,India,NA,Gujarat,60383628,902,13,42808,2045
2020-07-14,India,NA,Gujarat,60383628,915,10,43723,2055
2020-07-15,India,NA,Gujarat,60383628,925,14,44648,2069
2020-07-16,India,NA,Gujarat,60383628,919,10,45567,2079
2020-07-17,India,NA,Gujarat,60383628,949,10,46516,2089
2020-07-18,India,NA,Gujarat,60383628,960,17,47476,2106
2020-07-19,India,NA,Gujarat,60383628,965,16,48441,2122
2020-07-20,India,NA,Gujarat,60383628,998,20,49439,2142
2020-07-21,India,NA,Gujarat,60383628,1026,20,50465,2162
2020-07-22,India,NA,Gujarat,60383628,1020,34,51485,2196
2020-07-23,India,NA,Gujarat,60383628,1078,28,52563,2224
2020-07-24,India,NA,Gujarat,60383628,1068,28,53631,2252
2020-07-25,India,NA,Gujarat,60383628,1081,26,54712,2278
2020-07-26,India,NA,Gujarat,60383628,1110,22,55822,2300
2020-07-27,India,NA,Gujarat,60383628,1052,26,56874,2326
2020-07-28,India,NA,Gujarat,60383628,1108,22,57982,2348
2020-07-29,India,NA,Gujarat,60383628,1144,24,59126,2372
2020-07-30,India,NA,Gujarat,60383628,1159,24,60285,2396
2020-07-31,India,NA,Gujarat,60383628,1153,22,61438,2418
2020-08-01,India,NA,Gujarat,60383628,1136,23,62574,2441
2020-08-02,India,NA,Gujarat,60383628,1101,23,63675,2464
2020-08-03,India,NA,Gujarat,60383628,1009,22,64684,2486
2020-08-04,India,NA,Gujarat,60383628,1020,22,65704,2508
2020-08-05,India,NA,Gujarat,60383628,1073,25,66777,2533
2020-08-06,India,NA,Gujarat,60383628,1034,23,67811,2556
2020-08-07,India,NA,Gujarat,60383628,1074,27,68885,2583
2020-08-08,India,NA,Gujarat,60383628,1101,22,69986,2605
2020-08-09,India,NA,Gujarat,60383628,1078,23,71064,2628
2020-08-10,India,NA,Gujarat,60383628,1056,24,72120,2652
2020-08-11,India,NA,Gujarat,60383628,1118,20,73238,2672
2020-08-12,India,NA,Gujarat,60383628,1152,23,74390,2695
2020-08-13,India,NA,Gujarat,60383628,1092,18,75482,2713
2020-08-14,India,NA,Gujarat,60383628,1087,18,76569,2731
2020-08-15,India,NA,Gujarat,60383628,1094,15,77663,2746
2020-08-16,India,NA,Gujarat,60383628,1120,19,78783,2765
2020-08-17,India,NA,Gujarat,60383628,1033,20,79816,2785
2020-08-18,India,NA,Gujarat,60383628,1126,15,80942,2800
2020-08-19,India,NA,Gujarat,60383628,1145,20,82087,2820
2020-08-20,India,NA,Gujarat,60383628,1175,17,83262,2837
2020-08-21,India,NA,Gujarat,60383628,1204,16,84466,2853
2020-08-22,India,NA,Gujarat,60383628,1212,14,85678,2867
2020-08-23,India,NA,Gujarat,60383628,1101,14,86779,2881
2020-08-24,India,NA,Gujarat,60383628,1067,14,87846,2895
2020-08-25,India,NA,Gujarat,60383628,1096,13,88942,2908
2020-08-26,India,NA,Gujarat,60383628,1197,0,90139,0
2020-08-27,India,NA,Gujarat,60383628,1190,0,91329,0
2020-08-28,India,NA,Gujarat,60383628,1272,0,92601,0
2020-08-29,India,NA,Gujarat,60383628,1282,0,93883,0
2020-08-30,India,NA,Gujarat,60383628,1272,0,95155,0
2020-08-31,India,NA,Gujarat,60383628,1280,0,96435,0
2020-04-06,India,NA,Haryana,27761063,20,0,110,1
2020-04-07,India,NA,Haryana,27761063,33,0,143,1
2020-04-08,India,NA,Haryana,27761063,24,2,167,3
2020-04-09,India,NA,Haryana,27761063,3,0,170,3
2020-04-10,India,NA,Haryana,27761063,6,0,176,0
2020-04-11,India,NA,Haryana,27761063,3,0,179,3
2020-04-12,India,NA,Haryana,27761063,16,0,195,3
2020-04-13,India,NA,Haryana,27761063,1,0,196,0
2020-04-14,India,NA,Haryana,27761063,2,0,198,3
2020-04-15,India,NA,Haryana,27761063,6,0,204,0
2020-04-16,India,NA,Haryana,27761063,11,0,215,3
2020-04-17,India,NA,Haryana,27761063,8,0,223,0
2020-04-18,India,NA,Haryana,27761063,9,0,232,3
2020-04-19,India,NA,Haryana,27761063,18,0,250,3
2020-04-20,India,NA,Haryana,27761063,1,0,251,0
2020-04-21,India,NA,Haryana,27761063,4,0,255,3
2020-04-22,India,NA,Haryana,27761063,9,0,264,0
2020-04-23,India,NA,Haryana,27761063,6,0,270,3
2020-04-24,India,NA,Haryana,27761063,5,0,275,3
2020-04-25,India,NA,Haryana,27761063,12,0,287,0
2020-04-26,India,NA,Haryana,27761063,9,0,296,3
2020-04-27,India,NA,Haryana,27761063,5,0,301,0
2020-04-28,India,NA,Haryana,27761063,7,0,308,3
2020-04-29,India,NA,Haryana,27761063,3,0,311,3
2020-04-30,India,NA,Haryana,27761063,28,0,339,0
2020-05-01,India,NA,Haryana,27761063,18,0,357,3
2020-05-02,India,NA,Haryana,27761063,19,1,376,4
2020-05-03,India,NA,Haryana,27761063,66,0,442,4
2020-05-04,India,NA,Haryana,27761063,75,1,517,5
2020-05-05,India,NA,Haryana,27761063,31,1,548,6
2020-05-06,India,NA,Haryana,27761063,46,0,594,6
2020-05-07,India,NA,Haryana,27761063,31,1,625,7
2020-05-08,India,NA,Haryana,27761063,22,0,647,7
2020-05-09,India,NA,Haryana,27761063,28,1,675,8
2020-05-10,India,NA,Haryana,27761063,28,1,703,9
2020-05-11,India,NA,Haryana,27761063,27,1,730,10
2020-05-12,India,NA,Haryana,27761063,50,1,780,11
2020-05-13,India,NA,Haryana,27761063,13,0,793,11
2020-05-14,India,NA,Haryana,27761063,25,0,818,11
2020-05-15,India,NA,Haryana,27761063,36,0,854,11
2020-05-16,India,NA,Haryana,27761063,33,0,887,0
2020-05-17,India,NA,Haryana,27761063,23,2,910,13
2020-05-18,India,NA,Haryana,27761063,18,1,928,14
2020-05-19,India,NA,Haryana,27761063,36,0,964,14
2020-05-20,India,NA,Haryana,27761063,29,0,993,14
2020-05-21,India,NA,Haryana,27761063,37,0,1030,14
2020-05-22,India,NA,Haryana,27761063,37,1,1067,15
2020-05-23,India,NA,Haryana,27761063,64,1,1131,16
2020-05-24,India,NA,Haryana,27761063,53,0,1184,16
2020-05-25,India,NA,Haryana,27761063,29,0,1213,16
2020-05-26,India,NA,Haryana,27761063,92,0,1305,0
2020-05-27,India,NA,Haryana,27761063,76,1,1381,17
2020-05-28,India,NA,Haryana,27761063,123,1,1504,18
2020-05-29,India,NA,Haryana,27761063,217,1,1721,19
2020-05-30,India,NA,Haryana,27761063,202,0,1923,19
2020-05-31,India,NA,Haryana,27761063,168,1,2091,20
2020-06-01,India,NA,Haryana,27761063,265,0,2356,20
2020-06-02,India,NA,Haryana,27761063,296,1,2652,21
2020-06-03,India,NA,Haryana,27761063,302,2,2954,23
2020-06-04,India,NA,Haryana,27761063,327,0,3281,23
2020-06-05,India,NA,Haryana,27761063,316,1,3597,24
2020-06-06,India,NA,Haryana,27761063,355,0,3952,24
2020-06-07,India,NA,Haryana,27761063,496,0,4448,24
2020-06-08,India,NA,Haryana,27761063,406,4,4854,28
2020-06-09,India,NA,Haryana,27761063,355,11,5209,39
2020-06-10,India,NA,Haryana,27761063,370,6,5579,45
2020-06-11,India,NA,Haryana,27761063,389,7,5968,52
2020-06-12,India,NA,Haryana,27761063,366,12,6334,64
2020-06-13,India,NA,Haryana,27761063,415,6,6749,70
2020-06-14,India,NA,Haryana,27761063,459,8,7208,78
2020-06-15,India,NA,Haryana,27761063,514,10,7722,88
2020-06-16,India,NA,Haryana,27761063,550,12,8272,100
2020-06-17,India,NA,Haryana,27761063,560,18,8832,118
2020-06-18,India,NA,Haryana,27761063,386,12,9218,130
2020-06-19,India,NA,Haryana,27761063,525,4,9743,134
2020-06-20,India,NA,Haryana,27761063,480,10,10223,144
2020-06-21,India,NA,Haryana,27761063,412,5,10635,149
2020-06-22,India,NA,Haryana,27761063,390,11,11025,160
2020-06-23,India,NA,Haryana,27761063,495,9,11520,169
2020-06-24,India,NA,Haryana,27761063,490,9,12010,178
2020-06-25,India,NA,Haryana,27761063,453,10,12463,188
2020-06-26,India,NA,Haryana,27761063,421,10,12884,198
2020-06-27,India,NA,Haryana,27761063,543,13,13427,211
2020-06-28,India,NA,Haryana,27761063,402,7,13829,218
2020-06-29,India,NA,Haryana,27761063,381,5,14210,223
2020-06-30,India,NA,Haryana,27761063,338,9,14548,232
2020-07-01,India,NA,Haryana,27761063,393,4,14941,236
2020-07-02,India,NA,Haryana,27761063,568,4,15509,240
2020-07-03,India,NA,Haryana,27761063,494,11,16003,251
2020-07-04,India,NA,Haryana,27761063,545,4,16548,255
2020-07-05,India,NA,Haryana,27761063,457,5,17005,260
2020-07-06,India,NA,Haryana,27761063,499,5,17504,265
2020-07-07,India,NA,Haryana,27761063,495,11,17999,276
2020-07-08,India,NA,Haryana,27761063,691,3,18690,279
2020-07-09,India,NA,Haryana,27761063,674,3,19364,282
2020-07-10,India,NA,Haryana,27761063,570,5,19934,287
2020-07-11,India,NA,Haryana,27761063,648,3,20582,290
2020-07-12,India,NA,Haryana,27761063,658,7,21240,297
2020-07-13,India,NA,Haryana,27761063,689,4,21929,301
2020-07-14,India,NA,Haryana,27761063,699,7,22628,308
2020-07-15,India,NA,Haryana,27761063,678,4,23306,312
2020-07-16,India,NA,Haryana,27761063,696,7,24002,319
2020-07-17,India,NA,Haryana,27761063,795,3,24797,322
2020-07-18,India,NA,Haryana,27761063,750,5,25547,327
2020-07-19,India,NA,Haryana,27761063,617,17,26164,344
2020-07-20,India,NA,Haryana,27761063,694,5,26858,349
2020-07-21,India,NA,Haryana,27761063,604,6,27462,355
2020-07-22,India,NA,Haryana,27761063,724,9,28186,364
2020-07-23,India,NA,Haryana,27761063,789,8,28975,372
2020-07-24,India,NA,Haryana,27761063,780,6,29755,378
2020-07-25,India,NA,Haryana,27761063,783,4,30538,382
2020-07-26,India,NA,Haryana,27761063,794,7,31332,389
2020-07-27,India,NA,Haryana,27761063,795,3,32127,392
2020-07-28,India,NA,Haryana,27761063,749,5,32876,397
2020-07-29,India,NA,Haryana,27761063,755,9,33631,406
2020-07-30,India,NA,Haryana,27761063,623,7,34254,413
2020-07-31,India,NA,Haryana,27761063,711,4,34965,417
2020-08-01,India,NA,Haryana,27761063,793,4,35758,421
2020-08-02,India,NA,Haryana,27761063,761,7,36519,428
2020-08-03,India,NA,Haryana,27761063,654,5,37173,433
2020-08-04,India,NA,Haryana,27761063,623,7,37796,440
2020-08-05,India,NA,Haryana,27761063,752,8,38548,448
2020-08-06,India,NA,Haryana,27761063,755,7,39303,455
2020-08-07,India,NA,Haryana,27761063,751,3,40054,458
2020-08-08,India,NA,Haryana,27761063,789,9,40843,467
2020-08-09,India,NA,Haryana,27761063,792,7,41635,474
2020-08-10,India,NA,Haryana,27761063,794,9,42429,483
2020-08-11,India,NA,Haryana,27761063,798,6,43227,489
2020-08-12,India,NA,Haryana,27761063,797,11,44024,500
2020-08-13,India,NA,Haryana,27761063,793,3,44817,503
2020-08-14,India,NA,Haryana,27761063,797,8,45614,511
2020-08-15,India,NA,Haryana,27761063,796,7,46410,518
2020-08-16,India,NA,Haryana,27761063,743,10,47153,528
2020-08-17,India,NA,Haryana,27761063,887,10,48040,538
2020-08-18,India,NA,Haryana,27761063,896,12,48936,550
2020-08-19,India,NA,Haryana,27761063,994,7,49930,557
2020-08-20,India,NA,Haryana,27761063,996,10,50926,567
2020-08-21,India,NA,Haryana,27761063,1203,11,52129,578
2020-08-22,India,NA,Haryana,27761063,1161,7,53290,585
2020-08-23,India,NA,Haryana,27761063,1096,12,54386,597
2020-08-24,India,NA,Haryana,27761063,1074,6,55460,603
2020-08-25,India,NA,Haryana,27761063,1148,10,56608,613
2020-08-26,India,NA,Haryana,27761063,1397,0,58005,0
2020-08-27,India,NA,Haryana,27761063,1293,0,59298,0
2020-08-28,India,NA,Haryana,27761063,1298,0,60596,0
2020-08-29,India,NA,Haryana,27761063,1391,0,61987,0
2020-08-30,India,NA,Haryana,27761063,1295,0,63282,0
2020-08-31,India,NA,Haryana,27761063,1450,0,64732,0
2020-05-20,India,NA,Himachal Pradesh,6864602,18,0,110,3
2020-05-21,India,NA,Himachal Pradesh,6864602,42,0,152,3
2020-05-22,India,NA,Himachal Pradesh,6864602,16,0,168,3
2020-05-23,India,NA,Himachal Pradesh,6864602,17,0,185,3
2020-05-24,India,NA,Himachal Pradesh,6864602,18,0,203,3
2020-05-25,India,NA,Himachal Pradesh,6864602,20,0,223,3
2020-05-26,India,NA,Himachal Pradesh,6864602,24,2,247,5
2020-05-27,India,NA,Himachal Pradesh,6864602,26,0,273,5
2020-05-28,India,NA,Himachal Pradesh,6864602,8,0,281,5
2020-05-29,India,NA,Himachal Pradesh,6864602,14,0,295,5
2020-05-30,India,NA,Himachal Pradesh,6864602,18,0,313,5
2020-05-31,India,NA,Himachal Pradesh,6864602,18,0,331,5
2020-06-01,India,NA,Himachal Pradesh,6864602,9,0,340,5
2020-06-02,India,NA,Himachal Pradesh,6864602,5,0,345,5
2020-06-03,India,NA,Himachal Pradesh,6864602,14,0,359,5
2020-06-04,India,NA,Himachal Pradesh,6864602,24,0,383,5
2020-06-05,India,NA,Himachal Pradesh,6864602,10,0,393,5
2020-06-06,India,NA,Himachal Pradesh,6864602,7,0,400,5
2020-06-07,India,NA,Himachal Pradesh,6864602,11,0,411,5
2020-06-08,India,NA,Himachal Pradesh,6864602,10,0,421,5
2020-06-09,India,NA,Himachal Pradesh,6864602,16,0,437,5
2020-06-10,India,NA,Himachal Pradesh,6864602,14,0,451,5
2020-06-11,India,NA,Himachal Pradesh,6864602,19,1,470,6
2020-06-12,India,NA,Himachal Pradesh,6864602,16,0,486,6
2020-06-13,India,NA,Himachal Pradesh,6864602,16,0,502,6
2020-06-14,India,NA,Himachal Pradesh,6864602,16,0,518,6
2020-06-15,India,NA,Himachal Pradesh,6864602,38,1,556,7
2020-06-16,India,NA,Himachal Pradesh,6864602,4,1,560,8
2020-06-17,India,NA,Himachal Pradesh,6864602,25,0,585,8
2020-06-18,India,NA,Himachal Pradesh,6864602,10,0,595,8
2020-06-19,India,NA,Himachal Pradesh,6864602,32,0,627,8
2020-06-20,India,NA,Himachal Pradesh,6864602,29,0,656,8
2020-06-21,India,NA,Himachal Pradesh,6864602,17,0,673,8
2020-06-22,India,NA,Himachal Pradesh,6864602,54,0,727,8
2020-06-23,India,NA,Himachal Pradesh,6864602,48,0,775,8
2020-06-24,India,NA,Himachal Pradesh,6864602,31,0,806,8
2020-06-25,India,NA,Himachal Pradesh,6864602,33,0,839,8
2020-06-26,India,NA,Himachal Pradesh,6864602,25,1,864,9
2020-06-27,India,NA,Himachal Pradesh,6864602,30,0,894,9
2020-06-28,India,NA,Himachal Pradesh,6864602,22,0,916,9
2020-06-29,India,NA,Himachal Pradesh,6864602,26,0,942,9
2020-06-30,India,NA,Himachal Pradesh,6864602,11,0,953,9
2020-07-01,India,NA,Himachal Pradesh,6864602,26,1,979,10
2020-07-02,India,NA,Himachal Pradesh,6864602,35,0,1014,10
2020-07-03,India,NA,Himachal Pradesh,6864602,19,0,1033,10
2020-07-04,India,NA,Himachal Pradesh,6864602,13,0,1046,10
2020-07-05,India,NA,Himachal Pradesh,6864602,17,1,1063,11
2020-07-06,India,NA,Himachal Pradesh,6864602,14,0,1077,11
2020-07-07,India,NA,Himachal Pradesh,6864602,6,0,1083,11
2020-07-08,India,NA,Himachal Pradesh,6864602,18,0,1101,11
2020-07-09,India,NA,Himachal Pradesh,6864602,39,0,1140,11
2020-07-10,India,NA,Himachal Pradesh,6864602,31,0,1171,11
2020-07-11,India,NA,Himachal Pradesh,6864602,11,0,1182,11
2020-07-12,India,NA,Himachal Pradesh,6864602,31,0,1213,11
2020-07-13,India,NA,Himachal Pradesh,6864602,30,0,1243,11
2020-07-14,India,NA,Himachal Pradesh,6864602,66,0,1309,11
2020-07-15,India,NA,Himachal Pradesh,6864602,32,0,1341,11
2020-07-16,India,NA,Himachal Pradesh,6864602,36,0,1377,11
2020-07-17,India,NA,Himachal Pradesh,6864602,40,0,1417,11
2020-07-18,India,NA,Himachal Pradesh,6864602,40,0,1457,11
2020-07-19,India,NA,Himachal Pradesh,6864602,64,0,1521,11
2020-07-20,India,NA,Himachal Pradesh,6864602,110,0,1631,11
2020-07-21,India,NA,Himachal Pradesh,6864602,33,0,1664,11
2020-07-22,India,NA,Himachal Pradesh,6864602,61,0,1725,11
2020-07-23,India,NA,Himachal Pradesh,6864602,109,0,1834,11
2020-07-24,India,NA,Himachal Pradesh,6864602,120,0,1954,11
2020-07-25,India,NA,Himachal Pradesh,6864602,95,0,2049,11
2020-07-26,India,NA,Himachal Pradesh,6864602,127,0,2176,11
2020-07-27,India,NA,Himachal Pradesh,6864602,94,1,2270,12
2020-07-28,India,NA,Himachal Pradesh,6864602,60,2,2330,14
2020-07-29,India,NA,Himachal Pradesh,6864602,73,0,2403,14
2020-07-30,India,NA,Himachal Pradesh,6864602,103,0,2506,14
2020-07-31,India,NA,Himachal Pradesh,6864602,58,0,2564,14
2020-08-01,India,NA,Himachal Pradesh,6864602,70,0,2634,14
2020-08-02,India,NA,Himachal Pradesh,6864602,69,0,2703,14
2020-08-03,India,NA,Himachal Pradesh,6864602,115,0,2818,14
2020-08-04,India,NA,Himachal Pradesh,6864602,61,0,2879,14
2020-08-05,India,NA,Himachal Pradesh,6864602,37,0,2916,14
2020-08-06,India,NA,Himachal Pradesh,6864602,131,0,3047,14
2020-08-07,India,NA,Himachal Pradesh,6864602,103,0,3150,14
2020-08-08,India,NA,Himachal Pradesh,6864602,114,0,3264,14
2020-08-09,India,NA,Himachal Pradesh,6864602,107,0,3371,14
2020-08-10,India,NA,Himachal Pradesh,6864602,92,1,3463,15
2020-08-11,India,NA,Himachal Pradesh,6864602,34,2,3497,17
2020-08-12,India,NA,Himachal Pradesh,6864602,139,1,3636,18
2020-08-13,India,NA,Himachal Pradesh,6864602,180,0,3816,18
2020-08-14,India,NA,Himachal Pradesh,6864602,58,1,3874,19
2020-08-15,India,NA,Himachal Pradesh,6864602,119,0,3993,19
2020-08-16,India,NA,Himachal Pradesh,6864602,163,0,4156,19
2020-08-17,India,NA,Himachal Pradesh,6864602,18,0,4174,19
2020-08-18,India,NA,Himachal Pradesh,6864602,61,0,4235,19
2020-08-19,India,NA,Himachal Pradesh,6864602,176,0,4411,19
2020-08-20,India,NA,Himachal Pradesh,6864602,127,0,4538,19
2020-08-21,India,NA,Himachal Pradesh,6864602,190,4,4728,23
2020-08-22,India,NA,Himachal Pradesh,6864602,167,2,4895,25
2020-08-23,India,NA,Himachal Pradesh,6864602,106,4,5001,29
2020-08-24,India,NA,Himachal Pradesh,6864602,100,0,5101,29
2020-08-25,India,NA,Himachal Pradesh,6864602,53,0,5154,29
2020-08-26,India,NA,Himachal Pradesh,6864602,167,0,5321,0
2020-08-27,India,NA,Himachal Pradesh,6864602,180,0,5501,0
2020-08-28,India,NA,Himachal Pradesh,6864602,136,0,5637,0
2020-08-29,India,NA,Himachal Pradesh,6864602,144,0,5781,0
2020-08-30,India,NA,Himachal Pradesh,6864602,164,0,5945,0
2020-08-31,India,NA,Himachal Pradesh,6864602,171,0,6116,0
2020-04-05,India,NA,Jammu and Kashmir,12258433,14,0,106,2
2020-04-06,India,NA,Jammu and Kashmir,12258433,3,0,109,2
2020-04-07,India,NA,Jammu and Kashmir,12258433,16,0,125,2
2020-04-08,India,NA,Jammu and Kashmir,12258433,33,0,158,0
2020-04-09,India,NA,Jammu and Kashmir,12258433,26,2,184,4
2020-04-10,India,NA,Jammu and Kashmir,12258433,23,0,207,4
2020-04-11,India,NA,Jammu and Kashmir,12258433,17,0,224,4
2020-04-12,India,NA,Jammu and Kashmir,12258433,21,0,245,4
2020-04-13,India,NA,Jammu and Kashmir,12258433,25,0,270,4
2020-04-14,India,NA,Jammu and Kashmir,12258433,8,0,278,4
2020-04-15,India,NA,Jammu and Kashmir,12258433,22,0,300,4
2020-04-16,India,NA,Jammu and Kashmir,12258433,14,0,314,4
2020-04-17,India,NA,Jammu and Kashmir,12258433,14,0,328,4
2020-04-18,India,NA,Jammu and Kashmir,12258433,13,1,341,5
2020-04-19,India,NA,Jammu and Kashmir,12258433,13,0,354,5
2020-04-20,India,NA,Jammu and Kashmir,12258433,14,0,368,5
2020-04-21,India,NA,Jammu and Kashmir,12258433,12,0,380,5
2020-04-22,India,NA,Jammu and Kashmir,12258433,27,0,407,5
2020-04-23,India,NA,Jammu and Kashmir,12258433,27,0,434,5
2020-04-24,India,NA,Jammu and Kashmir,12258433,20,0,454,5
2020-04-25,India,NA,Jammu and Kashmir,12258433,40,0,494,5
2020-04-26,India,NA,Jammu and Kashmir,12258433,29,1,523,6
2020-04-27,India,NA,Jammu and Kashmir,12258433,23,0,546,6
2020-04-28,India,NA,Jammu and Kashmir,12258433,19,1,565,7
2020-04-29,India,NA,Jammu and Kashmir,12258433,16,1,581,8
2020-04-30,India,NA,Jammu and Kashmir,12258433,33,0,614,8
2020-05-01,India,NA,Jammu and Kashmir,12258433,25,0,639,8
2020-05-02,India,NA,Jammu and Kashmir,12258433,27,0,666,8
2020-05-03,India,NA,Jammu and Kashmir,12258433,35,0,701,8
2020-05-04,India,NA,Jammu and Kashmir,12258433,25,0,726,8
2020-05-05,India,NA,Jammu and Kashmir,12258433,15,0,741,8
2020-05-06,India,NA,Jammu and Kashmir,12258433,34,0,775,8
2020-05-07,India,NA,Jammu and Kashmir,12258433,18,0,793,8
2020-05-08,India,NA,Jammu and Kashmir,12258433,30,1,823,9
2020-05-09,India,NA,Jammu and Kashmir,12258433,13,0,836,9
2020-05-10,India,NA,Jammu and Kashmir,12258433,25,0,861,9
2020-05-11,India,NA,Jammu and Kashmir,12258433,18,0,879,9
2020-05-12,India,NA,Jammu and Kashmir,12258433,55,1,934,10
2020-05-13,India,NA,Jammu and Kashmir,12258433,37,0,971,10
2020-05-14,India,NA,Jammu and Kashmir,12258433,12,1,983,11
2020-05-15,India,NA,Jammu and Kashmir,12258433,30,0,1013,11
2020-05-16,India,NA,Jammu and Kashmir,12258433,108,0,1121,11
2020-05-17,India,NA,Jammu and Kashmir,12258433,62,1,1183,12
2020-05-18,India,NA,Jammu and Kashmir,12258433,106,1,1289,13
2020-05-19,India,NA,Jammu and Kashmir,12258433,28,2,1317,15
2020-05-20,India,NA,Jammu and Kashmir,12258433,73,2,1390,17
2020-05-21,India,NA,Jammu and Kashmir,12258433,59,1,1449,18
2020-05-22,India,NA,Jammu and Kashmir,12258433,40,2,1489,20
2020-05-23,India,NA,Jammu and Kashmir,12258433,80,0,1569,20
2020-05-24,India,NA,Jammu and Kashmir,12258433,52,1,1621,21
2020-05-25,India,NA,Jammu and Kashmir,12258433,47,0,1668,21
2020-05-26,India,NA,Jammu and Kashmir,12258433,91,2,1759,23
2020-05-27,India,NA,Jammu and Kashmir,12258433,162,1,1921,24
2020-05-28,India,NA,Jammu and Kashmir,12258433,115,2,2036,26
2020-05-29,India,NA,Jammu and Kashmir,12258433,128,1,2164,27
2020-05-30,India,NA,Jammu and Kashmir,12258433,177,1,2341,28
2020-05-31,India,NA,Jammu and Kashmir,12258433,105,0,2446,28
2020-06-01,India,NA,Jammu and Kashmir,12258433,155,0,2601,28
2020-06-02,India,NA,Jammu and Kashmir,12258433,117,3,2718,31
2020-06-03,India,NA,Jammu and Kashmir,12258433,139,2,2857,33
2020-06-04,India,NA,Jammu and Kashmir,12258433,285,1,3142,34
2020-06-05,India,NA,Jammu and Kashmir,12258433,182,1,3324,35
2020-06-06,India,NA,Jammu and Kashmir,12258433,143,1,3467,36
2020-06-07,India,NA,Jammu and Kashmir,12258433,620,3,4087,39
2020-06-08,India,NA,Jammu and Kashmir,12258433,198,2,4285,41
2020-06-09,India,NA,Jammu and Kashmir,12258433,61,4,4346,45
2020-06-10,India,NA,Jammu and Kashmir,12258433,161,3,4507,48
2020-06-11,India,NA,Jammu and Kashmir,12258433,67,3,4574,51
2020-06-12,India,NA,Jammu and Kashmir,12258433,156,1,4730,52
2020-06-13,India,NA,Jammu and Kashmir,12258433,148,1,4878,53
2020-06-14,India,NA,Jammu and Kashmir,12258433,163,2,5041,55
2020-06-15,India,NA,Jammu and Kashmir,12258433,179,4,5220,59
2020-06-16,India,NA,Jammu and Kashmir,12258433,78,3,5298,62
2020-06-17,India,NA,Jammu and Kashmir,12258433,108,1,5406,63
2020-06-18,India,NA,Jammu and Kashmir,12258433,149,2,5555,65
2020-06-19,India,NA,Jammu and Kashmir,12258433,125,6,5680,71
2020-06-20,India,NA,Jammu and Kashmir,12258433,154,4,5834,75
2020-06-21,India,NA,Jammu and Kashmir,12258433,122,6,5956,81
2020-06-22,India,NA,Jammu and Kashmir,12258433,132,1,6088,82
2020-06-23,India,NA,Jammu and Kashmir,12258433,148,3,6236,85
2020-06-24,India,NA,Jammu and Kashmir,12258433,186,2,6422,87
2020-06-25,India,NA,Jammu and Kashmir,12258433,127,1,6549,88
2020-06-26,India,NA,Jammu and Kashmir,12258433,213,2,6762,90
2020-06-27,India,NA,Jammu and Kashmir,12258433,204,1,6966,91
2020-06-28,India,NA,Jammu and Kashmir,12258433,127,2,7093,93
2020-06-29,India,NA,Jammu and Kashmir,12258433,144,1,7237,94
2020-06-30,India,NA,Jammu and Kashmir,12258433,260,1,7497,95
2020-07-01,India,NA,Jammu and Kashmir,12258433,198,6,7695,101
2020-07-02,India,NA,Jammu and Kashmir,12258433,154,4,7849,105
2020-07-03,India,NA,Jammu and Kashmir,12258433,170,10,8019,115
2020-07-04,India,NA,Jammu and Kashmir,12258433,227,4,8246,119
2020-07-05,India,NA,Jammu and Kashmir,12258433,183,8,8429,127
2020-07-06,India,NA,Jammu and Kashmir,12258433,246,5,8675,132
2020-07-07,India,NA,Jammu and Kashmir,12258433,256,6,8931,138
2020-07-08,India,NA,Jammu and Kashmir,12258433,330,5,9261,143
2020-07-09,India,NA,Jammu and Kashmir,12258433,240,6,9501,149
2020-07-10,India,NA,Jammu and Kashmir,12258433,387,5,9888,154
2020-07-11,India,NA,Jammu and Kashmir,12258433,268,5,10156,159
2020-07-12,India,NA,Jammu and Kashmir,12258433,357,10,10513,169
2020-07-13,India,NA,Jammu and Kashmir,12258433,314,10,10827,179
2020-07-14,India,NA,Jammu and Kashmir,12258433,346,8,11173,187
2020-07-15,India,NA,Jammu and Kashmir,12258433,493,8,11666,195
2020-07-16,India,NA,Jammu and Kashmir,12258433,490,11,12156,206
2020-07-17,India,NA,Jammu and Kashmir,12258433,601,16,12757,222
2020-07-18,India,NA,Jammu and Kashmir,12258433,441,9,13198,231
2020-07-19,India,NA,Jammu and Kashmir,12258433,701,5,13899,236
2020-07-20,India,NA,Jammu and Kashmir,12258433,751,8,14650,244
2020-07-21,India,NA,Jammu and Kashmir,12258433,608,10,15258,254
2020-07-22,India,NA,Jammu and Kashmir,12258433,453,9,15711,263
2020-07-23,India,NA,Jammu and Kashmir,12258433,718,10,16429,273
2020-07-24,India,NA,Jammu and Kashmir,12258433,353,9,16782,282
2020-07-25,India,NA,Jammu and Kashmir,12258433,523,14,17305,296
2020-07-26,India,NA,Jammu and Kashmir,12258433,615,9,17920,305
2020-07-27,India,NA,Jammu and Kashmir,12258433,470,7,18390,312
2020-07-28,India,NA,Jammu and Kashmir,12258433,489,9,18879,321
2020-07-29,India,NA,Jammu and Kashmir,12258433,540,12,19419,333
2020-07-30,India,NA,Jammu and Kashmir,12258433,450,15,19869,348
2020-07-31,India,NA,Jammu and Kashmir,12258433,490,17,20359,365
2020-08-01,India,NA,Jammu and Kashmir,12258433,613,12,20972,377
2020-08-02,India,NA,Jammu and Kashmir,12258433,444,11,21416,388
2020-08-03,India,NA,Jammu and Kashmir,12258433,590,8,22006,396
2020-08-04,India,NA,Jammu and Kashmir,12258433,390,11,22396,407
2020-08-05,India,NA,Jammu and Kashmir,12258433,559,10,22955,417
2020-08-06,India,NA,Jammu and Kashmir,12258433,499,9,23454,426
2020-08-07,India,NA,Jammu and Kashmir,12258433,473,10,23927,436
2020-08-08,India,NA,Jammu and Kashmir,12258433,463,13,24390,449
2020-08-09,India,NA,Jammu and Kashmir,12258433,507,10,24897,459
2020-08-10,India,NA,Jammu and Kashmir,12258433,470,13,25367,472
2020-08-11,India,NA,Jammu and Kashmir,12258433,564,6,25931,478
2020-08-12,India,NA,Jammu and Kashmir,12258433,482,12,26413,490
2020-08-13,India,NA,Jammu and Kashmir,12258433,536,8,26949,498
2020-08-14,India,NA,Jammu and Kashmir,12258433,540,11,27489,509
2020-08-15,India,NA,Jammu and Kashmir,12258433,532,11,28021,520
2020-08-16,India,NA,Jammu and Kashmir,12258433,449,7,28470,527
2020-08-17,India,NA,Jammu and Kashmir,12258433,422,15,28892,542
2020-08-18,India,NA,Jammu and Kashmir,12258433,434,6,29326,548
2020-08-19,India,NA,Jammu and Kashmir,12258433,708,13,30034,561
2020-08-20,India,NA,Jammu and Kashmir,12258433,683,11,30717,572
2020-08-21,India,NA,Jammu and Kashmir,12258433,654,6,31371,578
2020-08-22,India,NA,Jammu and Kashmir,12258433,610,15,31981,593
2020-08-23,India,NA,Jammu and Kashmir,12258433,666,15,32647,608
2020-08-24,India,NA,Jammu and Kashmir,12258433,428,9,33075,617
2020-08-25,India,NA,Jammu and Kashmir,12258433,701,7,33776,624
2020-08-26,India,NA,Jammu and Kashmir,12258433,704,0,34480,0
2020-08-27,India,NA,Jammu and Kashmir,12258433,655,0,35135,0
2020-08-28,India,NA,Jammu and Kashmir,12258433,696,0,35831,0
2020-08-29,India,NA,Jammu and Kashmir,12258433,546,0,36377,0
2020-08-30,India,NA,Jammu and Kashmir,12258433,786,0,37163,0
2020-08-31,India,NA,Jammu and Kashmir,12258433,535,0,37698,0
2020-04-27,India,NA,Jharkhand,32988134,21,0,103,3
2020-04-28,India,NA,Jharkhand,32988134,2,0,105,3
2020-04-29,India,NA,Jharkhand,32988134,2,0,107,3
2020-04-30,India,NA,Jharkhand,32988134,3,0,110,3
2020-05-01,India,NA,Jharkhand,32988134,3,0,113,3
2020-05-02,India,NA,Jharkhand,32988134,2,0,115,0
2020-05-03,India,NA,Jharkhand,32988134,0,0,115,3
2020-05-04,India,NA,Jharkhand,32988134,0,0,115,0
2020-05-05,India,NA,Jharkhand,32988134,10,0,125,0
2020-05-06,India,NA,Jharkhand,32988134,2,0,127,3
2020-05-07,India,NA,Jharkhand,32988134,5,0,132,3
2020-05-08,India,NA,Jharkhand,32988134,22,0,154,3
2020-05-09,India,NA,Jharkhand,32988134,2,0,156,0
2020-05-10,India,NA,Jharkhand,32988134,1,0,157,3
2020-05-11,India,NA,Jharkhand,32988134,4,0,161,3
2020-05-12,India,NA,Jharkhand,32988134,11,0,172,3
2020-05-13,India,NA,Jharkhand,32988134,5,0,177,3
2020-05-14,India,NA,Jharkhand,32988134,26,0,203,3
2020-05-15,India,NA,Jharkhand,32988134,8,0,211,3
2020-05-16,India,NA,Jharkhand,32988134,6,0,217,3
2020-05-17,India,NA,Jharkhand,32988134,6,0,223,3
2020-05-18,India,NA,Jharkhand,32988134,5,0,228,3
2020-05-19,India,NA,Jharkhand,32988134,20,0,248,0
2020-05-20,India,NA,Jharkhand,32988134,42,0,290,3
2020-05-21,India,NA,Jharkhand,32988134,13,0,303,0
2020-05-22,India,NA,Jharkhand,32988134,20,0,323,3
2020-05-23,India,NA,Jharkhand,32988134,27,0,350,3
2020-05-24,India,NA,Jharkhand,32988134,20,1,370,4
2020-05-25,India,NA,Jharkhand,32988134,35,0,405,4
2020-05-26,India,NA,Jharkhand,32988134,21,0,426,4
2020-05-27,India,NA,Jharkhand,32988134,7,0,433,4
2020-05-28,India,NA,Jharkhand,32988134,6,0,439,4
2020-05-29,India,NA,Jharkhand,32988134,82,0,521,4
2020-05-30,India,NA,Jharkhand,32988134,73,1,594,5
2020-05-31,India,NA,Jharkhand,32988134,41,0,635,5
2020-06-01,India,NA,Jharkhand,32988134,26,0,661,5
2020-06-02,India,NA,Jharkhand,32988134,61,0,722,5
2020-06-03,India,NA,Jharkhand,32988134,42,0,764,5
2020-06-04,India,NA,Jharkhand,32988134,63,0,827,5
2020-06-05,India,NA,Jharkhand,32988134,95,1,922,6
2020-06-06,India,NA,Jharkhand,32988134,106,1,1028,7
2020-06-07,India,NA,Jharkhand,32988134,75,0,1103,7
2020-06-08,India,NA,Jharkhand,32988134,187,0,1290,7
2020-06-09,India,NA,Jharkhand,32988134,126,0,1416,7
2020-06-10,India,NA,Jharkhand,32988134,135,1,1551,8
2020-06-11,India,NA,Jharkhand,32988134,48,0,1599,8
2020-06-12,India,NA,Jharkhand,32988134,57,0,1656,8
2020-06-13,India,NA,Jharkhand,32988134,55,0,1711,8
2020-06-14,India,NA,Jharkhand,32988134,52,0,1763,8
2020-06-15,India,NA,Jharkhand,32988134,30,0,1793,8
2020-06-16,India,NA,Jharkhand,32988134,46,0,1839,8
2020-06-17,India,NA,Jharkhand,32988134,57,1,1896,9
2020-06-18,India,NA,Jharkhand,32988134,23,1,1919,10
2020-06-19,India,NA,Jharkhand,32988134,42,1,1961,11
2020-06-20,India,NA,Jharkhand,32988134,63,0,2024,11
2020-06-21,India,NA,Jharkhand,32988134,74,0,2098,0
2020-06-22,India,NA,Jharkhand,32988134,42,0,2140,11
2020-06-23,India,NA,Jharkhand,32988134,53,0,2193,11
2020-06-24,India,NA,Jharkhand,32988134,26,0,2219,11
2020-06-25,India,NA,Jharkhand,32988134,44,0,2263,11
2020-06-26,India,NA,Jharkhand,32988134,31,1,2294,12
2020-06-27,India,NA,Jharkhand,32988134,45,0,2339,12
2020-06-28,India,NA,Jharkhand,32988134,25,0,2364,12
2020-06-29,India,NA,Jharkhand,32988134,62,0,2426,12
2020-06-30,India,NA,Jharkhand,32988134,64,3,2490,15
2020-07-01,India,NA,Jharkhand,32988134,35,0,2525,15
2020-07-02,India,NA,Jharkhand,32988134,60,0,2585,15
2020-07-03,India,NA,Jharkhand,32988134,112,0,2697,15
2020-07-04,India,NA,Jharkhand,32988134,42,0,2739,15
2020-07-05,India,NA,Jharkhand,32988134,68,2,2807,17
2020-07-06,India,NA,Jharkhand,32988134,47,2,2854,19
2020-07-07,India,NA,Jharkhand,32988134,164,1,3018,20
2020-07-08,India,NA,Jharkhand,32988134,116,2,3134,22
2020-07-09,India,NA,Jharkhand,32988134,134,0,3268,22
2020-07-10,India,NA,Jharkhand,32988134,250,1,3518,23
2020-07-11,India,NA,Jharkhand,32988134,145,0,3663,23
2020-07-12,India,NA,Jharkhand,32988134,97,0,3760,23
2020-07-13,India,NA,Jharkhand,32988134,203,7,3963,30
2020-07-14,India,NA,Jharkhand,32988134,262,3,4225,33
2020-07-15,India,NA,Jharkhand,32988134,337,3,4562,36
2020-07-16,India,NA,Jharkhand,32988134,221,2,4783,38
2020-07-17,India,NA,Jharkhand,32988134,313,4,5096,42
2020-07-18,India,NA,Jharkhand,32988134,289,4,5385,46
2020-07-19,India,NA,Jharkhand,32988134,167,0,5552,46
2020-07-20,India,NA,Jharkhand,32988134,225,3,5777,49
2020-07-21,India,NA,Jharkhand,32988134,418,4,6195,53
2020-07-22,India,NA,Jharkhand,32988134,487,2,6682,55
2020-07-23,India,NA,Jharkhand,32988134,482,9,7164,64
2020-07-24,India,NA,Jharkhand,32988134,400,3,7564,67
2020-07-25,India,NA,Jharkhand,32988134,277,3,7841,70
2020-07-26,India,NA,Jharkhand,32988134,508,12,8349,82
2020-07-27,India,NA,Jharkhand,32988134,454,3,8803,85
2020-07-28,India,NA,Jharkhand,32988134,760,4,9563,89
2020-07-29,India,NA,Jharkhand,32988134,331,0,9894,89
2020-07-30,India,NA,Jharkhand,32988134,505,9,10399,98
2020-07-31,India,NA,Jharkhand,32988134,915,5,11314,103
2020-08-01,India,NA,Jharkhand,32988134,790,3,12104,106
2020-08-02,India,NA,Jharkhand,32988134,455,7,12559,113
2020-08-03,India,NA,Jharkhand,32988134,941,5,13500,118
2020-08-04,India,NA,Jharkhand,32988134,570,7,14070,125
2020-08-05,India,NA,Jharkhand,32988134,978,3,15048,128
2020-08-06,India,NA,Jharkhand,32988134,708,8,15756,136
2020-08-07,India,NA,Jharkhand,32988134,726,9,16482,145
2020-08-08,India,NA,Jharkhand,32988134,986,6,17468,151
2020-08-09,India,NA,Jharkhand,32988134,688,4,18156,155
2020-08-10,India,NA,Jharkhand,32988134,630,22,18786,177
2020-08-11,India,NA,Jharkhand,32988134,683,11,19469,188
2020-08-12,India,NA,Jharkhand,32988134,788,4,20257,192
2020-08-13,India,NA,Jharkhand,32988134,693,5,20950,197
2020-08-14,India,NA,Jharkhand,32988134,1175,12,22125,209
2020-08-15,India,NA,Jharkhand,32988134,547,15,22672,224
2020-08-16,India,NA,Jharkhand,32988134,552,4,23224,228
2020-08-17,India,NA,Jharkhand,32988134,843,16,24067,244
2020-08-18,India,NA,Jharkhand,32988134,1241,6,25308,250
2020-08-19,India,NA,Jharkhand,32988134,967,12,26275,262
2020-08-20,India,NA,Jharkhand,32988134,638,15,26913,277
2020-08-21,India,NA,Jharkhand,32988134,1258,9,28171,286
2020-08-22,India,NA,Jharkhand,32988134,907,11,29078,297
2020-08-23,India,NA,Jharkhand,32988134,1075,11,30153,308
2020-08-24,India,NA,Jharkhand,32988134,940,4,31093,312
2020-08-25,India,NA,Jharkhand,32988134,1056,18,32149,330
2020-08-26,India,NA,Jharkhand,32988134,1137,0,33286,0
2020-08-27,India,NA,Jharkhand,32988134,1365,0,34651,0
2020-08-28,India,NA,Jharkhand,32988134,1137,0,35788,0
2020-08-29,India,NA,Jharkhand,32988134,1299,0,37087,0
2020-08-30,India,NA,Jharkhand,32988134,1323,0,38410,0
2020-08-31,India,NA,Jharkhand,32988134,3221,0,41631,0
2020-03-31,India,NA,Karnataka,61130704,13,0,101,0
2020-04-01,India,NA,Karnataka,61130704,9,0,110,3
2020-04-02,India,NA,Karnataka,61130704,14,0,124,3
2020-04-03,India,NA,Karnataka,61130704,4,0,128,3
2020-04-04,India,NA,Karnataka,61130704,16,0,144,3
2020-04-05,India,NA,Karnataka,61130704,7,1,151,4
2020-04-06,India,NA,Karnataka,61130704,12,0,163,4
2020-04-07,India,NA,Karnataka,61130704,12,0,175,4
2020-04-08,India,NA,Karnataka,61130704,6,0,181,0
2020-04-09,India,NA,Karnataka,61130704,16,1,197,5
2020-04-10,India,NA,Karnataka,61130704,10,1,207,6
2020-04-11,India,NA,Karnataka,61130704,8,0,215,6
2020-04-12,India,NA,Karnataka,61130704,17,0,232,6
2020-04-13,India,NA,Karnataka,61130704,15,0,247,6
2020-04-14,India,NA,Karnataka,61130704,13,3,260,9
2020-04-15,India,NA,Karnataka,61130704,19,2,279,11
2020-04-16,India,NA,Karnataka,61130704,36,2,315,13
2020-04-17,India,NA,Karnataka,61130704,44,0,359,13
2020-04-18,India,NA,Karnataka,61130704,25,0,384,13
2020-04-19,India,NA,Karnataka,61130704,6,1,390,14
2020-04-20,India,NA,Karnataka,61130704,18,2,408,16
2020-04-21,India,NA,Karnataka,61130704,10,1,418,17
2020-04-22,India,NA,Karnataka,61130704,9,0,427,17
2020-04-23,India,NA,Karnataka,61130704,18,0,445,17
2020-04-24,India,NA,Karnataka,61130704,29,1,474,18
2020-04-25,India,NA,Karnataka,61130704,26,0,500,18
2020-04-26,India,NA,Karnataka,61130704,3,0,503,18
2020-04-27,India,NA,Karnataka,61130704,9,2,512,20
2020-04-28,India,NA,Karnataka,61130704,11,0,523,20
2020-04-29,India,NA,Karnataka,61130704,12,0,535,20
2020-04-30,India,NA,Karnataka,61130704,30,1,565,21
2020-05-01,India,NA,Karnataka,61130704,24,1,589,22
2020-05-02,India,NA,Karnataka,61130704,12,3,601,25
2020-05-03,India,NA,Karnataka,61130704,13,0,614,25
2020-05-04,India,NA,Karnataka,61130704,37,1,651,26
2020-05-05,India,NA,Karnataka,61130704,22,2,673,28
2020-05-06,India,NA,Karnataka,61130704,20,1,693,29
2020-05-07,India,NA,Karnataka,61130704,12,0,705,29
2020-05-08,India,NA,Karnataka,61130704,48,1,753,30
2020-05-09,India,NA,Karnataka,61130704,41,0,794,30
2020-05-10,India,NA,Karnataka,61130704,54,0,848,30
2020-05-11,India,NA,Karnataka,61130704,14,1,862,31
2020-05-12,India,NA,Karnataka,61130704,63,0,925,31
2020-05-13,India,NA,Karnataka,61130704,34,0,959,31
2020-05-14,India,NA,Karnataka,61130704,28,2,987,33
2020-05-15,India,NA,Karnataka,61130704,69,2,1056,35
2020-05-16,India,NA,Karnataka,61130704,36,1,1092,36
2020-05-17,India,NA,Karnataka,61130704,55,0,1147,36
2020-05-18,India,NA,Karnataka,61130704,99,1,1246,37
2020-05-19,India,NA,Karnataka,61130704,149,0,1395,37
2020-05-20,India,NA,Karnataka,61130704,67,3,1462,40
2020-05-21,India,NA,Karnataka,61130704,143,1,1605,41
2020-05-22,India,NA,Karnataka,61130704,138,0,1743,41
2020-05-23,India,NA,Karnataka,61130704,216,0,1959,41
2020-05-24,India,NA,Karnataka,61130704,130,1,2089,42
2020-05-25,India,NA,Karnataka,61130704,93,0,2182,42
2020-05-26,India,NA,Karnataka,61130704,101,2,2283,44
2020-05-27,India,NA,Karnataka,61130704,135,0,2418,44
2020-05-28,India,NA,Karnataka,61130704,115,3,2533,47
2020-05-29,India,NA,Karnataka,61130704,248,0,2781,47
2020-05-30,India,NA,Karnataka,61130704,141,1,2922,48
2020-05-31,India,NA,Karnataka,61130704,299,0,3221,48
2020-06-01,India,NA,Karnataka,61130704,187,3,3408,51
2020-06-02,India,NA,Karnataka,61130704,388,1,3796,52
2020-06-03,India,NA,Karnataka,61130704,267,0,4063,52
2020-06-04,India,NA,Karnataka,61130704,257,1,4320,53
2020-06-05,India,NA,Karnataka,61130704,515,4,4835,57
2020-06-06,India,NA,Karnataka,61130704,378,0,5213,57
2020-06-07,India,NA,Karnataka,61130704,239,2,5452,59
2020-06-08,India,NA,Karnataka,61130704,308,2,5760,61
2020-06-09,India,NA,Karnataka,61130704,161,3,5921,64
2020-06-10,India,NA,Karnataka,61130704,120,2,6041,66
2020-06-11,India,NA,Karnataka,61130704,204,3,6245,69
2020-06-12,India,NA,Karnataka,61130704,271,3,6516,72
2020-06-13,India,NA,Karnataka,61130704,308,7,6824,79
2020-06-14,India,NA,Karnataka,61130704,176,2,7000,81
2020-06-15,India,NA,Karnataka,61130704,213,5,7213,86
2020-06-16,India,NA,Karnataka,61130704,317,3,7530,89
2020-06-17,India,NA,Karnataka,61130704,204,5,7734,94
2020-06-18,India,NA,Karnataka,61130704,210,8,7944,102
2020-06-19,India,NA,Karnataka,61130704,337,12,8281,114
2020-06-20,India,NA,Karnataka,61130704,416,10,8697,124
2020-06-21,India,NA,Karnataka,61130704,453,8,9150,132
2020-06-22,India,NA,Karnataka,61130704,249,5,9399,137
2020-06-23,India,NA,Karnataka,61130704,322,5,9721,142
2020-06-24,India,NA,Karnataka,61130704,397,8,10118,150
2020-06-25,India,NA,Karnataka,61130704,442,14,10560,164
2020-06-26,India,NA,Karnataka,61130704,445,6,11005,170
2020-06-27,India,NA,Karnataka,61130704,918,10,11923,180
2020-06-28,India,NA,Karnataka,61130704,1267,11,13190,191
2020-06-29,India,NA,Karnataka,61130704,1105,16,14295,207
2020-06-30,India,NA,Karnataka,61130704,947,19,15242,226
2020-07-01,India,NA,Karnataka,61130704,1272,20,16514,246
2020-07-02,India,NA,Karnataka,61130704,1502,7,18016,253
2020-07-03,India,NA,Karnataka,61130704,1694,19,19710,272
2020-07-04,India,NA,Karnataka,61130704,1839,21,21549,293
2020-07-05,India,NA,Karnataka,61130704,1925,42,23474,335
2020-07-06,India,NA,Karnataka,61130704,1843,37,25317,372
2020-07-07,India,NA,Karnataka,61130704,1498,29,26815,401
2020-07-08,India,NA,Karnataka,61130704,2062,15,28877,416
2020-07-09,India,NA,Karnataka,61130704,2228,54,31105,470
2020-07-10,India,NA,Karnataka,61130704,2313,16,33418,486
2020-07-11,India,NA,Karnataka,61130704,2798,57,36216,543
2020-07-12,India,NA,Karnataka,61130704,2627,70,38843,613
2020-07-13,India,NA,Karnataka,61130704,2738,71,41581,684
2020-07-14,India,NA,Karnataka,61130704,2496,73,44077,757
2020-07-15,India,NA,Karnataka,61130704,3176,85,47253,842
2020-07-16,India,NA,Karnataka,61130704,4169,86,51422,928
2020-07-17,India,NA,Karnataka,61130704,3693,104,55115,1032
2020-07-18,India,NA,Karnataka,61130704,4537,115,59652,1147
2020-07-19,India,NA,Karnataka,61130704,4120,93,63772,1240
2020-07-20,India,NA,Karnataka,61130704,3648,91,67420,1331
2020-07-21,India,NA,Karnataka,61130704,3649,72,71069,1403
2020-07-22,India,NA,Karnataka,61130704,4764,61,75833,1464
2020-07-23,India,NA,Karnataka,61130704,5030,55,80863,1519
2020-07-24,India,NA,Karnataka,61130704,5007,97,85870,1616
2020-07-25,India,NA,Karnataka,61130704,5072,108,90942,1724
2020-07-26,India,NA,Karnataka,61130704,5199,72,96141,1796
2020-07-27,India,NA,Karnataka,61130704,5324,82,101465,1878
2020-07-28,India,NA,Karnataka,61130704,5536,75,107001,1953
2020-07-29,India,NA,Karnataka,61130704,5503,102,112504,2055
2020-07-30,India,NA,Karnataka,61130704,6128,92,118632,2147
2020-07-31,India,NA,Karnataka,61130704,5483,83,124115,2230
2020-08-01,India,NA,Karnataka,61130704,5172,84,129287,2314
2020-08-02,India,NA,Karnataka,61130704,5532,98,134819,2412
2020-08-03,India,NA,Karnataka,61130704,4752,84,139571,2496
2020-08-04,India,NA,Karnataka,61130704,6259,98,145830,2594
2020-08-05,India,NA,Karnataka,61130704,5619,110,151449,2704
2020-08-06,India,NA,Karnataka,61130704,6805,100,158254,2804
2020-08-07,India,NA,Karnataka,61130704,6670,93,164924,2897
2020-08-08,India,NA,Karnataka,61130704,7178,101,172102,2998
2020-08-09,India,NA,Karnataka,61130704,5985,93,178087,3091
2020-08-10,India,NA,Karnataka,61130704,4267,107,182354,3198
2020-08-11,India,NA,Karnataka,61130704,6257,114,188611,3312
2020-08-12,India,NA,Karnataka,61130704,7883,86,196494,3398
2020-08-13,India,NA,Karnataka,61130704,6706,112,203200,3510
2020-08-14,India,NA,Karnataka,61130704,7908,103,211108,3613
2020-08-15,India,NA,Karnataka,61130704,8818,104,219926,3717
2020-08-16,India,NA,Karnataka,61130704,7040,114,226966,3831
2020-08-17,India,NA,Karnataka,61130704,6317,116,233283,3947
2020-08-18,India,NA,Karnataka,61130704,7665,115,240948,4062
2020-08-19,India,NA,Karnataka,61130704,8642,139,249590,4201
2020-08-20,India,NA,Karnataka,61130704,7385,126,256975,4327
2020-08-21,India,NA,Karnataka,61130704,7571,102,264546,4429
2020-08-22,India,NA,Karnataka,61130704,7330,93,271876,4522
2020-08-23,India,NA,Karnataka,61130704,5938,93,277814,4615
2020-08-24,India,NA,Karnataka,61130704,5851,68,283665,4683
2020-08-25,India,NA,Karnataka,61130704,8161,127,291826,4810
2020-08-26,India,NA,Karnataka,61130704,8580,0,300406,0
2020-08-27,India,NA,Karnataka,61130704,9386,0,309792,0
2020-08-28,India,NA,Karnataka,61130704,8960,0,318752,0
2020-08-29,India,NA,Karnataka,61130704,8324,0,327076,0
2020-08-30,India,NA,Karnataka,61130704,8852,0,335928,0
2020-08-31,India,NA,Karnataka,61130704,6495,0,342423,0
2020-03-24,India,NA,Kerala,34523726,14,0,109,0
2020-03-25,India,NA,Kerala,34523726,9,0,118,0
2020-03-26,India,NA,Kerala,34523726,19,0,137,0
2020-03-27,India,NA,Kerala,34523726,39,0,176,0
2020-03-28,India,NA,Kerala,34523726,6,1,182,1
2020-03-29,India,NA,Kerala,34523726,20,0,202,1
2020-03-30,India,NA,Kerala,34523726,32,0,234,1
2020-03-31,India,NA,Kerala,34523726,7,0,241,1
2020-04-01,India,NA,Kerala,34523726,24,1,265,2
2020-04-02,India,NA,Kerala,34523726,21,0,286,2
2020-04-03,India,NA,Kerala,34523726,9,0,295,2
2020-04-04,India,NA,Kerala,34523726,11,0,306,2
2020-04-05,India,NA,Kerala,34523726,8,0,314,2
2020-04-06,India,NA,Kerala,34523726,13,0,327,2
2020-04-07,India,NA,Kerala,34523726,9,0,336,2
2020-04-08,India,NA,Kerala,34523726,9,0,345,2
2020-04-09,India,NA,Kerala,34523726,12,0,357,2
2020-04-10,India,NA,Kerala,34523726,7,0,364,2
2020-04-11,India,NA,Kerala,34523726,10,0,374,2
2020-04-12,India,NA,Kerala,34523726,2,0,376,2
2020-04-13,India,NA,Kerala,34523726,3,1,379,3
2020-04-14,India,NA,Kerala,34523726,8,0,387,3
2020-04-15,India,NA,Kerala,34523726,1,0,388,3
2020-04-16,India,NA,Kerala,34523726,7,0,395,3
2020-04-17,India,NA,Kerala,34523726,1,0,396,3
2020-04-18,India,NA,Kerala,34523726,4,0,400,3
2020-04-19,India,NA,Kerala,34523726,2,0,402,3
2020-04-20,India,NA,Kerala,34523726,6,0,408,3
2020-04-21,India,NA,Kerala,34523726,19,0,427,3
2020-04-22,India,NA,Kerala,34523726,11,0,438,3
2020-04-23,India,NA,Kerala,34523726,10,0,448,3
2020-04-24,India,NA,Kerala,34523726,3,0,451,3
2020-04-25,India,NA,Kerala,34523726,7,0,458,3
2020-04-26,India,NA,Kerala,34523726,11,1,469,4
2020-04-27,India,NA,Kerala,34523726,13,0,482,4
2020-04-28,India,NA,Kerala,34523726,4,0,486,4
2020-04-29,India,NA,Kerala,34523726,10,0,496,4
2020-04-30,India,NA,Kerala,34523726,2,0,498,4
2020-05-01,India,NA,Kerala,34523726,0,0,498,4
2020-05-02,India,NA,Kerala,34523726,2,0,500,4
2020-05-03,India,NA,Kerala,34523726,0,0,500,4
2020-05-04,India,NA,Kerala,34523726,0,0,500,0
2020-05-05,India,NA,Kerala,34523726,3,0,503,0
2020-05-06,India,NA,Kerala,34523726,0,0,503,4
2020-05-07,India,NA,Kerala,34523726,0,0,503,4
2020-05-08,India,NA,Kerala,34523726,1,0,504,0
2020-05-09,India,NA,Kerala,34523726,2,0,506,0
2020-05-10,India,NA,Kerala,34523726,7,0,513,4
2020-05-11,India,NA,Kerala,34523726,7,0,520,4
2020-05-12,India,NA,Kerala,34523726,5,0,525,4
2020-05-13,India,NA,Kerala,34523726,10,0,535,4
2020-05-14,India,NA,Kerala,34523726,26,0,561,4
2020-05-15,India,NA,Kerala,34523726,16,0,577,4
2020-05-16,India,NA,Kerala,34523726,11,0,588,4
2020-05-17,India,NA,Kerala,34523726,14,0,602,4
2020-05-18,India,NA,Kerala,34523726,29,0,631,4
2020-05-19,India,NA,Kerala,34523726,12,0,643,4
2020-05-20,India,NA,Kerala,34523726,24,0,667,4
2020-05-21,India,NA,Kerala,34523726,24,0,691,4
2020-05-22,India,NA,Kerala,34523726,42,0,733,4
2020-05-23,India,NA,Kerala,34523726,62,0,795,4
2020-05-24,India,NA,Kerala,34523726,53,0,848,4
2020-05-25,India,NA,Kerala,34523726,49,0,897,4
2020-05-26,India,NA,Kerala,34523726,67,1,964,5
2020-05-27,India,NA,Kerala,34523726,40,1,1004,6
2020-05-28,India,NA,Kerala,34523726,85,1,1089,7
2020-05-29,India,NA,Kerala,34523726,62,0,1151,7
2020-05-30,India,NA,Kerala,34523726,58,1,1209,8
2020-05-31,India,NA,Kerala,34523726,61,1,1270,9
2020-06-01,India,NA,Kerala,34523726,57,0,1327,9
2020-06-02,India,NA,Kerala,34523726,86,1,1413,10
2020-06-03,India,NA,Kerala,34523726,82,1,1495,11
2020-06-04,India,NA,Kerala,34523726,94,0,1589,11
2020-06-05,India,NA,Kerala,34523726,111,3,1700,14
2020-06-06,India,NA,Kerala,34523726,108,0,1808,14
2020-06-07,India,NA,Kerala,34523726,107,1,1915,15
2020-06-08,India,NA,Kerala,34523726,91,0,2006,15
2020-06-09,India,NA,Kerala,34523726,91,1,2097,16
2020-06-10,India,NA,Kerala,34523726,65,0,2162,16
2020-06-11,India,NA,Kerala,34523726,83,2,2245,18
2020-06-12,India,NA,Kerala,34523726,78,0,2323,18
2020-06-13,India,NA,Kerala,34523726,85,1,2408,19
2020-06-14,India,NA,Kerala,34523726,54,0,2462,19
2020-06-15,India,NA,Kerala,34523726,82,0,2544,19
2020-06-16,India,NA,Kerala,34523726,79,1,2623,20
2020-06-17,India,NA,Kerala,34523726,75,0,2698,20
2020-06-18,India,NA,Kerala,34523726,97,0,2795,20
2020-06-19,India,NA,Kerala,34523726,118,1,2913,21
2020-06-20,India,NA,Kerala,34523726,127,0,3040,21
2020-06-21,India,NA,Kerala,34523726,133,0,3173,21
2020-06-22,India,NA,Kerala,34523726,138,0,3311,21
2020-06-23,India,NA,Kerala,34523726,141,0,3452,21
2020-06-24,India,NA,Kerala,34523726,152,1,3604,22
2020-06-25,India,NA,Kerala,34523726,123,0,3727,22
2020-06-26,India,NA,Kerala,34523726,150,0,3877,22
2020-06-27,India,NA,Kerala,34523726,195,0,4072,22
2020-06-28,India,NA,Kerala,34523726,118,0,4190,22
2020-06-29,India,NA,Kerala,34523726,122,0,4312,22
2020-06-30,India,NA,Kerala,34523726,131,0,4443,0
2020-07-01,India,NA,Kerala,34523726,151,2,4594,24
2020-07-02,India,NA,Kerala,34523726,160,0,4754,24
2020-07-03,India,NA,Kerala,34523726,211,1,4965,25
2020-07-04,India,NA,Kerala,34523726,240,0,5205,25
2020-07-05,India,NA,Kerala,34523726,225,0,5430,25
2020-07-06,India,NA,Kerala,34523726,193,0,5623,25
2020-07-07,India,NA,Kerala,34523726,272,2,5895,27
2020-07-08,India,NA,Kerala,34523726,301,0,6196,27
2020-07-09,India,NA,Kerala,34523726,339,0,6535,27
2020-07-10,India,NA,Kerala,34523726,416,0,6951,27
2020-07-11,India,NA,Kerala,34523726,488,0,7439,27
2020-07-12,India,NA,Kerala,34523726,435,2,7874,29
2020-07-13,India,NA,Kerala,34523726,449,2,8323,31
2020-07-14,India,NA,Kerala,34523726,608,2,8931,33
2020-07-15,India,NA,Kerala,34523726,623,1,9554,34
2020-07-16,India,NA,Kerala,34523726,722,1,10276,35
2020-07-17,India,NA,Kerala,34523726,791,2,11067,37
2020-07-18,India,NA,Kerala,34523726,593,1,11660,38
2020-07-19,India,NA,Kerala,34523726,821,2,12481,40
2020-07-20,India,NA,Kerala,34523726,794,2,13275,42
2020-07-21,India,NA,Kerala,34523726,720,1,13995,43
2020-07-22,India,NA,Kerala,34523726,1038,1,15033,44
2020-07-23,India,NA,Kerala,34523726,1078,1,16111,45
2020-07-24,India,NA,Kerala,34523726,885,5,16996,50
2020-07-25,India,NA,Kerala,34523726,1103,4,18099,54
2020-07-26,India,NA,Kerala,34523726,927,5,19026,59
2020-07-27,India,NA,Kerala,34523726,702,2,19728,61
2020-07-28,India,NA,Kerala,34523726,1167,2,20895,63
2020-07-29,India,NA,Kerala,34523726,903,4,21798,67
2020-07-30,India,NA,Kerala,34523726,506,1,22304,68
2020-07-31,India,NA,Kerala,34523726,1310,2,23614,70
2020-08-01,India,NA,Kerala,34523726,1129,3,24743,73
2020-08-02,India,NA,Kerala,34523726,1169,8,25912,81
2020-08-03,India,NA,Kerala,34523726,961,1,26873,82
2020-08-04,India,NA,Kerala,34523726,1083,2,27956,84
2020-08-05,India,NA,Kerala,34523726,1195,3,29151,87
2020-08-06,India,NA,Kerala,34523726,1298,7,30449,94
2020-08-07,India,NA,Kerala,34523726,1251,3,31700,97
2020-08-08,India,NA,Kerala,34523726,1420,5,33120,102
2020-08-09,India,NA,Kerala,34523726,1211,4,34331,106
2020-08-10,India,NA,Kerala,34523726,1184,2,35515,108
2020-08-11,India,NA,Kerala,34523726,1417,7,36932,115
2020-08-12,India,NA,Kerala,34523726,1212,5,38144,120
2020-08-13,India,NA,Kerala,34523726,1564,6,39708,126
2020-08-14,India,NA,Kerala,34523726,1569,3,41277,129
2020-08-15,India,NA,Kerala,34523726,1608,10,42885,139
2020-08-16,India,NA,Kerala,34523726,1530,7,44415,146
2020-08-17,India,NA,Kerala,34523726,1725,10,46140,156
2020-08-18,India,NA,Kerala,34523726,1758,13,47898,169
2020-08-19,India,NA,Kerala,34523726,2333,6,50231,175
2020-08-20,India,NA,Kerala,34523726,1968,7,52199,182
2020-08-21,India,NA,Kerala,34523726,1983,9,54182,191
2020-08-22,India,NA,Kerala,34523726,2172,12,56354,203
2020-08-23,India,NA,Kerala,34523726,1908,15,58262,218
2020-08-24,India,NA,Kerala,34523726,1242,5,59504,223
2020-08-25,India,NA,Kerala,34523726,2375,11,61879,234
2020-08-26,India,NA,Kerala,34523726,2476,0,64355,0
2020-08-27,India,NA,Kerala,34523726,2406,0,66761,0
2020-08-28,India,NA,Kerala,34523726,2543,0,69304,0
2020-08-29,India,NA,Kerala,34523726,2397,0,71701,0
2020-08-30,India,NA,Kerala,34523726,2154,0,73855,0
2020-08-31,India,NA,Kerala,34523726,1530,0,75385,0
2020-06-07,India,NA,Ladakh,274289,4,0,103,1
2020-06-08,India,NA,Ladakh,274289,0,0,103,1
2020-06-09,India,NA,Ladakh,274289,5,0,108,0
2020-06-10,India,NA,Ladakh,274289,7,0,115,1
2020-06-11,India,NA,Ladakh,274289,20,0,135,1
2020-06-12,India,NA,Ladakh,274289,104,0,239,1
2020-06-13,India,NA,Ladakh,274289,198,0,437,1
2020-06-14,India,NA,Ladakh,274289,112,0,549,1
2020-06-15,India,NA,Ladakh,274289,6,0,555,1
2020-06-16,India,NA,Ladakh,274289,94,0,649,1
2020-06-17,India,NA,Ladakh,274289,38,0,687,1
2020-06-18,India,NA,Ladakh,274289,0,0,687,1
2020-06-19,India,NA,Ladakh,274289,57,0,744,0
2020-06-20,India,NA,Ladakh,274289,92,0,836,1
2020-06-21,India,NA,Ladakh,274289,1,0,837,1
2020-06-22,India,NA,Ladakh,274289,10,0,847,1
2020-06-23,India,NA,Ladakh,274289,85,0,932,1
2020-06-24,India,NA,Ladakh,274289,0,0,932,1
2020-06-25,India,NA,Ladakh,274289,9,0,941,1
2020-06-26,India,NA,Ladakh,274289,5,0,946,0
2020-06-27,India,NA,Ladakh,274289,14,0,960,1
2020-06-28,India,NA,Ladakh,274289,3,0,963,1
2020-06-29,India,NA,Ladakh,274289,1,0,964,1
2020-06-30,India,NA,Ladakh,274289,9,0,973,1
2020-07-01,India,NA,Ladakh,274289,17,0,990,1
2020-07-02,India,NA,Ladakh,274289,1,0,991,1
2020-07-03,India,NA,Ladakh,274289,11,0,1002,0
2020-07-04,India,NA,Ladakh,274289,3,0,1005,1
2020-07-05,India,NA,Ladakh,274289,0,0,1005,1
2020-07-06,India,NA,Ladakh,274289,0,0,1005,0
2020-07-07,India,NA,Ladakh,274289,36,0,1041,0
2020-07-08,India,NA,Ladakh,274289,6,0,1047,1
2020-07-09,India,NA,Ladakh,274289,8,0,1055,0
2020-07-10,India,NA,Ladakh,274289,9,0,1064,1
2020-07-11,India,NA,Ladakh,274289,13,0,1077,1
2020-07-12,India,NA,Ladakh,274289,9,0,1086,1
2020-07-13,India,NA,Ladakh,274289,7,0,1093,1
2020-07-14,India,NA,Ladakh,274289,35,0,1128,1
2020-07-15,India,NA,Ladakh,274289,14,0,1142,0
2020-07-16,India,NA,Ladakh,274289,5,0,1147,1
2020-07-17,India,NA,Ladakh,274289,4,0,1151,1
2020-07-18,India,NA,Ladakh,274289,8,0,1159,1
2020-07-19,India,NA,Ladakh,274289,19,0,1178,1
2020-07-20,India,NA,Ladakh,274289,17,1,1195,2
2020-07-21,India,NA,Ladakh,274289,3,0,1198,2
2020-07-22,India,NA,Ladakh,274289,8,0,1206,2
2020-07-23,India,NA,Ladakh,274289,4,0,1210,2
2020-07-24,India,NA,Ladakh,274289,36,0,1246,2
2020-07-25,India,NA,Ladakh,274289,30,0,1276,2
2020-07-26,India,NA,Ladakh,274289,9,1,1285,3
2020-07-27,India,NA,Ladakh,274289,21,1,1306,4
2020-07-28,India,NA,Ladakh,274289,21,0,1327,4
2020-07-29,India,NA,Ladakh,274289,20,2,1347,6
2020-07-30,India,NA,Ladakh,274289,31,0,1378,6
2020-07-31,India,NA,Ladakh,274289,26,1,1404,7
2020-08-01,India,NA,Ladakh,274289,58,0,1462,7
2020-08-02,India,NA,Ladakh,274289,4,0,1466,7
2020-08-03,India,NA,Ladakh,274289,19,0,1485,7
2020-08-04,India,NA,Ladakh,274289,49,0,1534,7
2020-08-05,India,NA,Ladakh,274289,58,0,1592,7
2020-08-06,India,NA,Ladakh,274289,3,0,1595,7
2020-08-07,India,NA,Ladakh,274289,19,0,1614,7
2020-08-08,India,NA,Ladakh,274289,25,2,1639,9
2020-08-09,India,NA,Ladakh,274289,49,0,1688,9
2020-08-10,India,NA,Ladakh,274289,29,0,1717,9
2020-08-11,India,NA,Ladakh,274289,53,0,1770,9
2020-08-12,India,NA,Ladakh,274289,41,0,1811,9
2020-08-13,India,NA,Ladakh,274289,38,0,1849,9
2020-08-14,India,NA,Ladakh,274289,30,0,1879,9
2020-08-15,India,NA,Ladakh,274289,30,0,1909,9
2020-08-16,India,NA,Ladakh,274289,39,1,1948,10
2020-08-17,India,NA,Ladakh,274289,18,4,1966,14
2020-08-18,India,NA,Ladakh,274289,44,0,2010,14
2020-08-19,India,NA,Ladakh,274289,38,3,2048,17
2020-08-20,India,NA,Ladakh,274289,29,1,2077,18
2020-08-21,India,NA,Ladakh,274289,56,0,2133,18
2020-08-22,India,NA,Ladakh,274289,77,1,2210,19
2020-08-23,India,NA,Ladakh,274289,69,2,2279,21
2020-08-24,India,NA,Ladakh,274289,51,2,2330,23
2020-08-25,India,NA,Ladakh,274289,90,0,2420,23
2020-08-26,India,NA,Ladakh,274289,31,0,2451,0
2020-08-27,India,NA,Ladakh,274289,41,0,2492,0
2020-08-28,India,NA,Ladakh,274289,48,0,2540,0
2020-08-29,India,NA,Ladakh,274289,63,0,2603,0
2020-08-30,India,NA,Ladakh,274289,35,0,2638,0
2020-08-31,India,NA,Ladakh,274289,43,0,2681,0
2020-04-02,India,NA,Madhya Pradesh,72597565,9,3,107,6
2020-04-03,India,NA,Madhya Pradesh,72597565,47,0,154,6
2020-04-04,India,NA,Madhya Pradesh,72597565,25,0,179,0
2020-04-05,India,NA,Madhya Pradesh,72597565,14,3,193,9
2020-04-06,India,NA,Madhya Pradesh,72597565,63,0,256,0
2020-04-07,India,NA,Madhya Pradesh,72597565,34,4,290,13
2020-04-08,India,NA,Madhya Pradesh,72597565,51,0,341,0
2020-04-09,India,NA,Madhya Pradesh,72597565,70,3,411,16
2020-04-10,India,NA,Madhya Pradesh,72597565,40,0,451,0
2020-04-11,India,NA,Madhya Pradesh,72597565,78,17,529,33
2020-04-12,India,NA,Madhya Pradesh,72597565,33,3,562,36
2020-04-13,India,NA,Madhya Pradesh,72597565,52,7,614,43
2020-04-14,India,NA,Madhya Pradesh,72597565,127,7,741,50
2020-04-15,India,NA,Madhya Pradesh,72597565,197,3,938,53
2020-04-16,India,NA,Madhya Pradesh,72597565,226,0,1164,53
2020-04-17,India,NA,Madhya Pradesh,72597565,146,4,1310,57
2020-04-18,India,NA,Madhya Pradesh,72597565,92,12,1402,69
2020-04-19,India,NA,Madhya Pradesh,72597565,5,1,1407,70
2020-04-20,India,NA,Madhya Pradesh,72597565,78,4,1485,74
2020-04-21,India,NA,Madhya Pradesh,72597565,67,2,1552,76
2020-04-22,India,NA,Madhya Pradesh,72597565,35,4,1587,80
2020-04-23,India,NA,Madhya Pradesh,72597565,100,1,1687,81
2020-04-24,India,NA,Madhya Pradesh,72597565,159,2,1846,83
2020-04-25,India,NA,Madhya Pradesh,72597565,99,9,1945,92
2020-04-26,India,NA,Madhya Pradesh,72597565,145,7,2090,99
2020-04-27,India,NA,Madhya Pradesh,72597565,75,7,2165,106
2020-04-28,India,NA,Madhya Pradesh,72597565,222,7,2387,113
2020-04-29,India,NA,Madhya Pradesh,72597565,173,6,2560,119
2020-04-30,India,NA,Madhya Pradesh,72597565,65,11,2625,130
2020-05-01,India,NA,Madhya Pradesh,72597565,90,7,2715,137
2020-05-02,India,NA,Madhya Pradesh,72597565,73,8,2788,145
2020-05-03,India,NA,Madhya Pradesh,72597565,49,11,2837,156
2020-05-04,India,NA,Madhya Pradesh,72597565,105,9,2942,165
2020-05-05,India,NA,Madhya Pradesh,72597565,107,11,3049,176
2020-05-06,India,NA,Madhya Pradesh,72597565,89,0,3138,0
2020-05-07,India,NA,Madhya Pradesh,72597565,114,9,3252,185
2020-05-08,India,NA,Madhya Pradesh,72597565,89,8,3341,193
2020-05-09,India,NA,Madhya Pradesh,72597565,116,7,3457,200
2020-05-10,India,NA,Madhya Pradesh,72597565,157,15,3614,215
2020-05-11,India,NA,Madhya Pradesh,72597565,171,0,3785,0
2020-05-12,India,NA,Madhya Pradesh,72597565,201,6,3986,221
2020-05-13,India,NA,Madhya Pradesh,72597565,187,4,4173,225
2020-05-14,India,NA,Madhya Pradesh,72597565,253,7,4426,232
2020-05-15,India,NA,Madhya Pradesh,72597565,169,5,4595,237
2020-05-16,India,NA,Madhya Pradesh,72597565,195,2,4790,239
2020-05-17,India,NA,Madhya Pradesh,72597565,187,4,4977,243
2020-05-18,India,NA,Madhya Pradesh,72597565,259,5,5236,248
2020-05-19,India,NA,Madhya Pradesh,72597565,229,4,5465,252
2020-05-20,India,NA,Madhya Pradesh,72597565,270,6,5735,258
2020-05-21,India,NA,Madhya Pradesh,72597565,246,9,5981,267
2020-05-22,India,NA,Madhya Pradesh,72597565,189,3,6170,270
2020-05-23,India,NA,Madhya Pradesh,72597565,201,2,6371,272
2020-05-24,India,NA,Madhya Pradesh,72597565,294,9,6665,281
2020-05-25,India,NA,Madhya Pradesh,72597565,194,9,6859,290
2020-05-26,India,NA,Madhya Pradesh,72597565,165,10,7024,300
2020-05-27,India,NA,Madhya Pradesh,72597565,237,5,7261,305
2020-05-28,India,NA,Madhya Pradesh,72597565,192,8,7453,313
2020-05-29,India,NA,Madhya Pradesh,72597565,192,8,7645,321
2020-05-30,India,NA,Madhya Pradesh,72597565,246,13,7891,334
2020-05-31,India,NA,Madhya Pradesh,72597565,198,9,8089,343
2020-06-01,India,NA,Madhya Pradesh,72597565,194,7,8283,350
2020-06-02,India,NA,Madhya Pradesh,72597565,137,8,8420,358
2020-06-03,India,NA,Madhya Pradesh,72597565,168,6,8588,364
2020-06-04,India,NA,Madhya Pradesh,72597565,174,7,8762,371
2020-06-05,India,NA,Madhya Pradesh,72597565,234,6,8996,377
2020-06-06,India,NA,Madhya Pradesh,72597565,232,7,9228,384
2020-06-07,India,NA,Madhya Pradesh,72597565,173,15,9401,399
2020-06-08,India,NA,Madhya Pradesh,72597565,237,13,9638,412
2020-06-09,India,NA,Madhya Pradesh,72597565,211,2,9849,414
2020-06-10,India,NA,Madhya Pradesh,72597565,200,6,10049,420
2020-06-11,India,NA,Madhya Pradesh,72597565,192,7,10241,427
2020-06-12,India,NA,Madhya Pradesh,72597565,202,4,10443,431
2020-06-13,India,NA,Madhya Pradesh,72597565,198,9,10641,440
2020-06-14,India,NA,Madhya Pradesh,72597565,161,7,10802,447
2020-06-15,India,NA,Madhya Pradesh,72597565,133,12,10935,459
2020-06-16,India,NA,Madhya Pradesh,72597565,148,6,11083,465
2020-06-17,India,NA,Madhya Pradesh,72597565,161,11,11244,476
2020-06-18,India,NA,Madhya Pradesh,72597565,182,6,11426,482
2020-06-19,India,NA,Madhya Pradesh,72597565,156,4,11582,486
2020-06-20,India,NA,Madhya Pradesh,72597565,142,9,11724,495
2020-06-21,India,NA,Madhya Pradesh,72597565,179,6,11903,501
2020-06-22,India,NA,Madhya Pradesh,72597565,175,14,12078,515
2020-06-23,India,NA,Madhya Pradesh,72597565,183,6,12261,521
2020-06-24,India,NA,Madhya Pradesh,72597565,187,4,12448,525
2020-06-25,India,NA,Madhya Pradesh,72597565,147,9,12595,534
2020-06-26,India,NA,Madhya Pradesh,72597565,203,8,12798,542
2020-06-27,India,NA,Madhya Pradesh,72597565,167,4,12965,546
2020-06-28,India,NA,Madhya Pradesh,72597565,221,4,13186,550
2020-06-29,India,NA,Madhya Pradesh,72597565,184,7,13370,557
2020-06-30,India,NA,Madhya Pradesh,72597565,223,7,13593,564
2020-07-01,India,NA,Madhya Pradesh,72597565,268,8,13861,572
2020-07-02,India,NA,Madhya Pradesh,72597565,245,9,14106,581
2020-07-03,India,NA,Madhya Pradesh,72597565,191,8,14297,589
2020-07-04,India,NA,Madhya Pradesh,72597565,307,4,14604,593
2020-07-05,India,NA,Madhya Pradesh,72597565,326,5,14930,598
2020-07-06,India,NA,Madhya Pradesh,72597565,354,10,15284,608
2020-07-07,India,NA,Madhya Pradesh,72597565,343,9,15627,617
2020-07-08,India,NA,Madhya Pradesh,72597565,409,5,16036,622
2020-07-09,India,NA,Madhya Pradesh,72597565,305,7,16341,629
2020-07-10,India,NA,Madhya Pradesh,72597565,316,5,16657,634
2020-07-11,India,NA,Madhya Pradesh,72597565,544,4,17201,638
2020-07-12,India,NA,Madhya Pradesh,72597565,431,6,17632,644
2020-07-13,India,NA,Madhya Pradesh,72597565,575,9,18207,653
2020-07-14,India,NA,Madhya Pradesh,72597565,798,10,19005,663
2020-07-15,India,NA,Madhya Pradesh,72597565,638,10,19643,673
2020-07-16,India,NA,Madhya Pradesh,72597565,735,9,20378,682
2020-07-17,India,NA,Madhya Pradesh,72597565,704,7,21082,689
2020-07-18,India,NA,Madhya Pradesh,72597565,681,8,21763,697
2020-07-19,India,NA,Madhya Pradesh,72597565,837,9,22600,706
2020-07-20,India,NA,Madhya Pradesh,72597565,710,15,23310,721
2020-07-21,India,NA,Madhya Pradesh,72597565,785,17,24095,738
2020-07-22,India,NA,Madhya Pradesh,72597565,747,18,24842,756
2020-07-23,India,NA,Madhya Pradesh,72597565,632,14,25474,770
2020-07-24,India,NA,Madhya Pradesh,72597565,736,10,26210,780
2020-07-25,India,NA,Madhya Pradesh,72597565,716,11,26926,791
2020-07-26,India,NA,Madhya Pradesh,72597565,874,8,27800,799
2020-07-27,India,NA,Madhya Pradesh,72597565,789,12,28589,811
2020-07-28,India,NA,Madhya Pradesh,72597565,628,9,29217,820
2020-07-29,India,NA,Madhya Pradesh,72597565,917,10,30134,830
2020-07-30,India,NA,Madhya Pradesh,72597565,834,13,30968,843
2020-07-31,India,NA,Madhya Pradesh,72597565,838,14,31806,857
2020-08-01,India,NA,Madhya Pradesh,72597565,808,10,32614,867
2020-08-02,India,NA,Madhya Pradesh,72597565,921,9,33535,876
2020-08-03,India,NA,Madhya Pradesh,72597565,750,10,34285,886
2020-08-04,India,NA,Madhya Pradesh,72597565,797,14,35082,900
2020-08-05,India,NA,Madhya Pradesh,72597565,652,12,35734,912
2020-08-06,India,NA,Madhya Pradesh,72597565,830,17,36564,929
2020-08-07,India,NA,Madhya Pradesh,72597565,734,17,37298,946
2020-08-08,India,NA,Madhya Pradesh,72597565,859,16,38157,962
2020-08-09,India,NA,Madhya Pradesh,72597565,868,15,39025,977
2020-08-10,India,NA,Madhya Pradesh,72597565,866,19,39891,996
2020-08-11,India,NA,Madhya Pradesh,72597565,843,19,40734,1015
2020-08-12,India,NA,Madhya Pradesh,72597565,870,18,41604,1033
2020-08-13,India,NA,Madhya Pradesh,72597565,1014,15,42618,1048
2020-08-14,India,NA,Madhya Pradesh,72597565,796,17,43414,1065
2020-08-15,India,NA,Madhya Pradesh,72597565,1019,16,44433,1081
2020-08-16,India,NA,Madhya Pradesh,72597565,1022,13,45455,1094
2020-08-17,India,NA,Madhya Pradesh,72597565,930,10,46385,1104
2020-08-18,India,NA,Madhya Pradesh,72597565,990,23,47375,1127
2020-08-19,India,NA,Madhya Pradesh,72597565,976,13,48351,1140
2020-08-20,India,NA,Madhya Pradesh,72597565,1142,18,49493,1158
2020-08-21,India,NA,Madhya Pradesh,72597565,1147,12,50640,1170
2020-08-22,India,NA,Madhya Pradesh,72597565,1226,14,51866,1184
2020-08-23,India,NA,Madhya Pradesh,72597565,1263,21,53129,1205
2020-08-24,India,NA,Madhya Pradesh,72597565,1292,23,54421,1228
2020-08-25,India,NA,Madhya Pradesh,72597565,1379,17,55800,1245
2020-08-26,India,NA,Madhya Pradesh,72597565,1064,0,56864,0
2020-08-27,India,NA,Madhya Pradesh,72597565,1317,0,58181,0
2020-08-28,India,NA,Madhya Pradesh,72597565,1252,0,59433,0
2020-08-29,India,NA,Madhya Pradesh,72597565,1442,0,60875,0
2020-08-30,India,NA,Madhya Pradesh,72597565,1558,0,62433,0
2020-08-31,India,NA,Madhya Pradesh,72597565,1532,0,63965,0
2020-03-24,India,NA,Maharashtra,112372972,10,0,107,2
2020-03-25,India,NA,Maharashtra,112372972,15,1,122,3
2020-03-26,India,NA,Maharashtra,112372972,3,0,125,0
2020-03-27,India,NA,Maharashtra,112372972,31,1,156,4
2020-03-28,India,NA,Maharashtra,112372972,30,1,186,5
2020-03-29,India,NA,Maharashtra,112372972,17,1,203,6
2020-03-30,India,NA,Maharashtra,112372972,17,2,220,8
2020-03-31,India,NA,Maharashtra,112372972,82,1,302,9
2020-04-01,India,NA,Maharashtra,112372972,33,0,335,9
2020-04-02,India,NA,Maharashtra,112372972,88,4,423,13
2020-04-03,India,NA,Maharashtra,112372972,64,3,487,16
2020-04-04,India,NA,Maharashtra,112372972,148,8,635,24
2020-04-05,India,NA,Maharashtra,112372972,112,0,747,0
2020-04-06,India,NA,Maharashtra,112372972,121,21,868,45
2020-04-07,India,NA,Maharashtra,112372972,150,3,1018,48
2020-04-08,India,NA,Maharashtra,112372972,117,16,1135,64
2020-04-09,India,NA,Maharashtra,112372972,229,8,1364,72
2020-04-10,India,NA,Maharashtra,112372972,210,25,1574,97
2020-04-11,India,NA,Maharashtra,112372972,187,13,1761,110
2020-04-12,India,NA,Maharashtra,112372972,221,17,1982,127
2020-04-13,India,NA,Maharashtra,112372972,352,22,2334,149
2020-04-14,India,NA,Maharashtra,112372972,346,11,2680,160
2020-04-15,India,NA,Maharashtra,112372972,236,18,2916,178
2020-04-16,India,NA,Maharashtra,112372972,285,9,3201,187
2020-04-17,India,NA,Maharashtra,112372972,120,7,3321,194
2020-04-18,India,NA,Maharashtra,112372972,327,7,3648,201
2020-04-19,India,NA,Maharashtra,112372972,552,10,4200,211
2020-04-20,India,NA,Maharashtra,112372972,466,12,4666,223
2020-04-21,India,NA,Maharashtra,112372972,552,9,5218,232
2020-04-22,India,NA,Maharashtra,112372972,431,19,5649,251
2020-04-23,India,NA,Maharashtra,112372972,778,18,6427,269
2020-04-24,India,NA,Maharashtra,112372972,390,14,6817,283
2020-04-25,India,NA,Maharashtra,112372972,811,18,7628,301
2020-04-26,India,NA,Maharashtra,112372972,440,22,8068,323
2020-04-27,India,NA,Maharashtra,112372972,522,19,8590,342
2020-04-28,India,NA,Maharashtra,112372972,728,27,9318,369
2020-04-29,India,NA,Maharashtra,112372972,597,31,9915,400
2020-04-30,India,NA,Maharashtra,112372972,583,32,10498,432
2020-05-01,India,NA,Maharashtra,112372972,1008,27,11506,459
2020-05-02,India,NA,Maharashtra,112372972,790,26,12296,485
2020-05-03,India,NA,Maharashtra,112372972,678,36,12974,521
2020-05-04,India,NA,Maharashtra,112372972,1567,27,14541,548
2020-05-05,India,NA,Maharashtra,112372972,984,35,15525,583
2020-05-06,India,NA,Maharashtra,112372972,1233,34,16758,617
2020-05-07,India,NA,Maharashtra,112372972,1216,34,17974,651
2020-05-08,India,NA,Maharashtra,112372972,1089,43,19063,694
2020-05-09,India,NA,Maharashtra,112372972,1165,37,20228,731
2020-05-10,India,NA,Maharashtra,112372972,1943,48,22171,779
2020-05-11,India,NA,Maharashtra,112372972,1230,53,23401,832
2020-05-12,India,NA,Maharashtra,112372972,1026,36,24427,868
2020-05-13,India,NA,Maharashtra,112372972,1495,53,25922,921
2020-05-14,India,NA,Maharashtra,112372972,1602,54,27524,975
2020-05-15,India,NA,Maharashtra,112372972,1576,44,29100,1019
2020-05-16,India,NA,Maharashtra,112372972,1606,49,30706,1068
2020-05-17,India,NA,Maharashtra,112372972,2347,67,33053,1135
2020-05-18,India,NA,Maharashtra,112372972,2005,63,35058,1198
2020-05-19,India,NA,Maharashtra,112372972,2078,51,37136,1249
2020-05-20,India,NA,Maharashtra,112372972,2161,76,39297,1325
2020-05-21,India,NA,Maharashtra,112372972,2345,65,41642,1390
2020-05-22,India,NA,Maharashtra,112372972,2940,64,44582,1454
2020-05-23,India,NA,Maharashtra,112372972,2608,63,47190,1517
2020-05-24,India,NA,Maharashtra,112372972,3041,60,50231,1577
2020-05-25,India,NA,Maharashtra,112372972,2436,58,52667,1635
2020-05-26,India,NA,Maharashtra,112372972,2091,60,54758,1695
2020-05-27,India,NA,Maharashtra,112372972,2190,97,56948,1792
2020-05-28,India,NA,Maharashtra,112372972,2598,105,59546,1897
2020-05-29,India,NA,Maharashtra,112372972,2682,85,62228,1982
2020-05-30,India,NA,Maharashtra,112372972,2940,116,65168,2098
2020-05-31,India,NA,Maharashtra,112372972,2487,99,67655,2197
2020-06-01,India,NA,Maharashtra,112372972,2358,89,70013,2286
2020-06-02,India,NA,Maharashtra,112372972,2287,76,72300,2362
2020-06-03,India,NA,Maharashtra,112372972,2560,103,74860,2465
2020-06-04,India,NA,Maharashtra,112372972,2933,122,77793,2587
2020-06-05,India,NA,Maharashtra,112372972,2436,123,80229,2710
2020-06-06,India,NA,Maharashtra,112372972,2739,139,82968,2849
2020-06-07,India,NA,Maharashtra,112372972,3007,120,85975,2969
2020-06-08,India,NA,Maharashtra,112372972,2554,91,88529,3060
2020-06-09,India,NA,Maharashtra,112372972,2258,109,90787,3169
2020-06-10,India,NA,Maharashtra,112372972,3254,120,94041,3289
2020-06-11,India,NA,Maharashtra,112372972,3607,149,97648,3438
2020-06-12,India,NA,Maharashtra,112372972,3493,152,101141,3590
2020-06-13,India,NA,Maharashtra,112372972,3427,127,104568,3717
2020-06-14,India,NA,Maharashtra,112372972,3390,113,107958,3830
2020-06-15,India,NA,Maharashtra,112372972,2786,120,110744,3950
2020-06-16,India,NA,Maharashtra,112372972,2701,178,113445,4128
2020-06-17,India,NA,Maharashtra,112372972,3307,1409,116752,5537
2020-06-18,India,NA,Maharashtra,112372972,3752,114,120504,5651
2020-06-19,India,NA,Maharashtra,112372972,3827,100,124331,5751
2020-06-20,India,NA,Maharashtra,112372972,3874,142,128205,5893
2020-06-21,India,NA,Maharashtra,112372972,3870,91,132075,5984
2020-06-22,India,NA,Maharashtra,112372972,3721,186,135796,6170
2020-06-23,India,NA,Maharashtra,112372972,3214,113,139010,6283
2020-06-24,India,NA,Maharashtra,112372972,3889,248,142899,6531
2020-06-25,India,NA,Maharashtra,112372972,4842,208,147741,6739
2020-06-26,India,NA,Maharashtra,112372972,5024,192,152765,6931
2020-06-27,India,NA,Maharashtra,112372972,6368,175,159133,7106
2020-06-28,India,NA,Maharashtra,112372972,5493,167,164626,7273
2020-06-29,India,NA,Maharashtra,112372972,5257,156,169883,7429
2020-06-30,India,NA,Maharashtra,112372972,4878,181,174761,7610
2020-07-01,India,NA,Maharashtra,112372972,5537,245,180298,7855
2020-07-02,India,NA,Maharashtra,112372972,6328,198,186626,8053
2020-07-03,India,NA,Maharashtra,112372972,6364,125,192990,8178
2020-07-04,India,NA,Maharashtra,112372972,7074,198,200064,8376
2020-07-05,India,NA,Maharashtra,112372972,6555,295,206619,8671
2020-07-06,India,NA,Maharashtra,112372972,5368,151,211987,8822
2020-07-07,India,NA,Maharashtra,112372972,5134,204,217121,9026
2020-07-08,India,NA,Maharashtra,112372972,6603,224,223724,9250
2020-07-09,India,NA,Maharashtra,112372972,6875,198,230599,9448
2020-07-10,India,NA,Maharashtra,112372972,7862,219,238461,9667
2020-07-11,India,NA,Maharashtra,112372972,8139,226,246600,9893
2020-07-12,India,NA,Maharashtra,112372972,7827,223,254427,10116
2020-07-13,India,NA,Maharashtra,112372972,6497,173,260924,10289
2020-07-14,India,NA,Maharashtra,112372972,6741,193,267665,10482
2020-07-15,India,NA,Maharashtra,112372972,7975,213,275640,10695
2020-07-16,India,NA,Maharashtra,112372972,8641,233,284281,10928
2020-07-17,India,NA,Maharashtra,112372972,8308,266,292589,11194
2020-07-18,India,NA,Maharashtra,112372972,8348,258,300937,11452
2020-07-19,India,NA,Maharashtra,112372972,9518,144,310455,11596
2020-07-20,India,NA,Maharashtra,112372972,8240,258,318695,11854
2020-07-21,India,NA,Maharashtra,112372972,8336,176,327031,12030
2020-07-22,India,NA,Maharashtra,112372972,10576,246,337607,12276
2020-07-23,India,NA,Maharashtra,112372972,9895,280,347502,12556
2020-07-24,India,NA,Maharashtra,112372972,9615,298,357117,12854
2020-07-25,India,NA,Maharashtra,112372972,9251,278,366368,13132
2020-07-26,India,NA,Maharashtra,112372972,9431,257,375799,13389
2020-07-27,India,NA,Maharashtra,112372972,7924,267,383723,13656
2020-07-28,India,NA,Maharashtra,112372972,7717,227,391440,13883
2020-07-29,India,NA,Maharashtra,112372972,9211,282,400651,14165
2020-07-30,India,NA,Maharashtra,112372972,11147,298,411798,14463
2020-07-31,India,NA,Maharashtra,112372972,10320,266,422118,14729
2020-08-01,India,NA,Maharashtra,112372972,9601,265,431719,14994
2020-08-02,India,NA,Maharashtra,112372972,9509,322,441228,15316
2020-08-03,India,NA,Maharashtra,112372972,8968,260,450196,15576
2020-08-04,India,NA,Maharashtra,112372972,7760,266,457956,15842
2020-08-05,India,NA,Maharashtra,112372972,10309,300,468265,16142
2020-08-06,India,NA,Maharashtra,112372972,11514,334,479779,16476
2020-08-07,India,NA,Maharashtra,112372972,10483,316,490262,16792
2020-08-08,India,NA,Maharashtra,112372972,12822,300,503084,17092
2020-08-09,India,NA,Maharashtra,112372972,12248,275,515332,17367
2020-08-10,India,NA,Maharashtra,112372972,9181,390,524513,17757
2020-08-11,India,NA,Maharashtra,112372972,11088,293,535601,18050
2020-08-12,India,NA,Maharashtra,112372972,12712,256,548313,18306
2020-08-13,India,NA,Maharashtra,112372972,11813,344,560126,18650
2020-08-14,India,NA,Maharashtra,112372972,12608,413,572734,19063
2020-08-15,India,NA,Maharashtra,112372972,12020,364,584754,19427
2020-08-16,India,NA,Maharashtra,112372972,11111,322,595865,19749
2020-08-17,India,NA,Maharashtra,112372972,8493,288,604358,20037
2020-08-18,India,NA,Maharashtra,112372972,11119,228,615477,20265
2020-08-19,India,NA,Maharashtra,112372972,13165,422,628642,20687
2020-08-20,India,NA,Maharashtra,112372972,14647,346,643289,21033
2020-08-21,India,NA,Maharashtra,112372972,14161,326,657450,21359
2020-08-22,India,NA,Maharashtra,112372972,14492,339,671942,21698
2020-08-23,India,NA,Maharashtra,112372972,10441,297,682383,21995
2020-08-24,India,NA,Maharashtra,112372972,11015,258,693398,22253
2020-08-25,India,NA,Maharashtra,112372972,10425,212,703823,22465
2020-08-26,India,NA,Maharashtra,112372972,14888,0,718711,0
2020-08-27,India,NA,Maharashtra,112372972,14857,0,733568,0
2020-08-28,India,NA,Maharashtra,112372972,14427,0,747995,0
2020-08-29,India,NA,Maharashtra,112372972,16286,0,764281,0
2020-08-30,India,NA,Maharashtra,112372972,16408,0,780689,0
2020-08-31,India,NA,Maharashtra,112372972,11852,0,792541,0
2020-06-03,India,NA,Manipur,2855794,19,0,108,0
2020-06-04,India,NA,Manipur,2855794,16,0,124,0
2020-06-05,India,NA,Manipur,2855794,8,0,132,0
2020-06-06,India,NA,Manipur,2855794,25,0,157,0
2020-06-07,India,NA,Manipur,2855794,15,0,172,0
2020-06-08,India,NA,Manipur,2855794,100,0,272,0
2020-06-09,India,NA,Manipur,2855794,32,0,304,0
2020-06-10,India,NA,Manipur,2855794,7,0,311,0
2020-06-11,India,NA,Manipur,2855794,55,0,366,0
2020-06-12,India,NA,Manipur,2855794,19,0,385,0
2020-06-13,India,NA,Manipur,2855794,64,0,449,0
2020-06-14,India,NA,Manipur,2855794,9,0,458,0
2020-06-15,India,NA,Manipur,2855794,32,0,490,0
2020-06-16,India,NA,Manipur,2855794,10,0,500,0
2020-06-17,India,NA,Manipur,2855794,52,0,552,0
2020-06-18,India,NA,Manipur,2855794,54,0,606,0
2020-06-19,India,NA,Manipur,2855794,75,0,681,0
2020-06-20,India,NA,Manipur,2855794,96,0,777,0
2020-06-21,India,NA,Manipur,2855794,64,0,841,0
2020-06-22,India,NA,Manipur,2855794,57,0,898,0
2020-06-23,India,NA,Manipur,2855794,23,0,921,0
2020-06-24,India,NA,Manipur,2855794,49,0,970,0
2020-06-25,India,NA,Manipur,2855794,86,0,1056,0
2020-06-26,India,NA,Manipur,2855794,19,0,1075,0
2020-06-27,India,NA,Manipur,2855794,17,0,1092,0
2020-06-28,India,NA,Manipur,2855794,93,0,1185,0
2020-06-29,India,NA,Manipur,2855794,42,0,1227,0
2020-06-30,India,NA,Manipur,2855794,7,0,1234,0
2020-07-01,India,NA,Manipur,2855794,26,0,1260,0
2020-07-02,India,NA,Manipur,2855794,19,0,1279,0
2020-07-03,India,NA,Manipur,2855794,37,0,1316,0
2020-07-04,India,NA,Manipur,2855794,9,0,1325,0
2020-07-05,India,NA,Manipur,2855794,41,0,1366,0
2020-07-06,India,NA,Manipur,2855794,24,0,1390,0
2020-07-07,India,NA,Manipur,2855794,40,0,1430,0
2020-07-08,India,NA,Manipur,2855794,5,0,1435,0
2020-07-09,India,NA,Manipur,2855794,15,0,1450,0
2020-07-10,India,NA,Manipur,2855794,132,0,1582,0
2020-07-11,India,NA,Manipur,2855794,11,0,1593,0
2020-07-12,India,NA,Manipur,2855794,16,0,1609,0
2020-07-13,India,NA,Manipur,2855794,17,0,1626,0
2020-07-14,India,NA,Manipur,2855794,46,0,1672,0
2020-07-15,India,NA,Manipur,2855794,28,0,1700,0
2020-07-16,India,NA,Manipur,2855794,64,0,1764,0
2020-07-17,India,NA,Manipur,2855794,36,0,1800,0
2020-07-18,India,NA,Manipur,2855794,91,0,1891,0
2020-07-19,India,NA,Manipur,2855794,20,0,1911,0
2020-07-20,India,NA,Manipur,2855794,14,0,1925,0
2020-07-21,India,NA,Manipur,2855794,90,0,2015,0
2020-07-22,India,NA,Manipur,2855794,45,0,2060,0
2020-07-23,India,NA,Manipur,2855794,55,0,2115,0
2020-07-24,India,NA,Manipur,2855794,31,0,2146,0
2020-07-25,India,NA,Manipur,2855794,30,0,2176,0
2020-07-26,India,NA,Manipur,2855794,59,0,2235,0
2020-07-27,India,NA,Manipur,2855794,51,0,2286,0
2020-07-28,India,NA,Manipur,2855794,31,0,2317,0
2020-07-29,India,NA,Manipur,2855794,141,0,2458,0
2020-07-30,India,NA,Manipur,2855794,47,0,2505,0
2020-07-31,India,NA,Manipur,2855794,116,4,2621,4
2020-08-01,India,NA,Manipur,2855794,135,1,2756,5
2020-08-02,India,NA,Manipur,2855794,75,1,2831,6
2020-08-03,India,NA,Manipur,2855794,89,1,2920,7
2020-08-04,India,NA,Manipur,2855794,98,0,3018,7
2020-08-05,India,NA,Manipur,2855794,75,0,3093,7
2020-08-06,India,NA,Manipur,2855794,124,0,3217,7
2020-08-07,India,NA,Manipur,2855794,249,1,3466,8
2020-08-08,India,NA,Manipur,2855794,169,2,3635,10
2020-08-09,India,NA,Manipur,2855794,118,1,3753,11
2020-08-10,India,NA,Manipur,2855794,100,0,3853,11
2020-08-11,India,NA,Manipur,2855794,88,0,3941,11
2020-08-12,India,NA,Manipur,2855794,41,1,3982,12
2020-08-13,India,NA,Manipur,2855794,130,0,4112,12
2020-08-14,India,NA,Manipur,2855794,86,1,4198,13
2020-08-15,India,NA,Manipur,2855794,192,0,4390,13
2020-08-16,India,NA,Manipur,2855794,179,0,4569,13
2020-08-17,India,NA,Manipur,2855794,118,3,4687,16
2020-08-18,India,NA,Manipur,2855794,78,1,4765,17
2020-08-19,India,NA,Manipur,2855794,111,1,4876,18
2020-08-20,India,NA,Manipur,2855794,49,0,4925,18
2020-08-21,India,NA,Manipur,2855794,124,0,5049,18
2020-08-22,India,NA,Manipur,2855794,83,2,5132,20
2020-08-23,India,NA,Manipur,2855794,114,2,5246,22
2020-08-24,India,NA,Manipur,2855794,116,0,5362,22
2020-08-25,India,NA,Manipur,2855794,82,0,5444,22
2020-08-26,India,NA,Manipur,2855794,141,0,5585,0
2020-08-27,India,NA,Manipur,2855794,140,0,5725,0
2020-08-28,India,NA,Manipur,2855794,118,0,5843,0
2020-08-29,India,NA,Manipur,2855794,117,0,5960,0
2020-08-30,India,NA,Manipur,2855794,152,0,6112,0
2020-08-31,India,NA,Manipur,2855794,140,0,6252,0
2020-07-09,India,NA,Meghalaya,3211000,13,0,113,0
2020-07-10,India,NA,Meghalaya,3211000,73,1,186,2
2020-07-11,India,NA,Meghalaya,3211000,76,0,262,2
2020-07-12,India,NA,Meghalaya,3211000,33,0,295,0
2020-07-13,India,NA,Meghalaya,3211000,21,0,316,2
2020-07-14,India,NA,Meghalaya,3211000,2,0,318,2
2020-07-15,India,NA,Meghalaya,3211000,19,0,337,0
2020-07-16,India,NA,Meghalaya,3211000,40,0,377,2
2020-07-17,India,NA,Meghalaya,3211000,26,0,403,2
2020-07-18,India,NA,Meghalaya,3211000,15,0,418,2
2020-07-19,India,NA,Meghalaya,3211000,32,0,450,2
2020-07-20,India,NA,Meghalaya,3211000,19,0,469,2
2020-07-21,India,NA,Meghalaya,3211000,21,2,490,4
2020-07-22,India,NA,Meghalaya,3211000,24,0,514,4
2020-07-23,India,NA,Meghalaya,3211000,20,0,534,4
2020-07-24,India,NA,Meghalaya,3211000,53,0,587,4
2020-07-25,India,NA,Meghalaya,3211000,59,1,646,5
2020-07-26,India,NA,Meghalaya,3211000,56,0,702,5
2020-07-27,India,NA,Meghalaya,3211000,36,0,738,5
2020-07-28,India,NA,Meghalaya,3211000,41,0,779,5
2020-07-29,India,NA,Meghalaya,3211000,5,0,784,5
2020-07-30,India,NA,Meghalaya,3211000,19,0,803,5
2020-07-31,India,NA,Meghalaya,3211000,20,0,823,5
2020-08-01,India,NA,Meghalaya,3211000,33,0,856,5
2020-08-02,India,NA,Meghalaya,3211000,18,0,874,5
2020-08-03,India,NA,Meghalaya,3211000,28,0,902,5
2020-08-04,India,NA,Meghalaya,3211000,15,0,917,5
2020-08-05,India,NA,Meghalaya,3211000,22,0,939,5
2020-08-06,India,NA,Meghalaya,3211000,51,0,990,5
2020-08-07,India,NA,Meghalaya,3211000,16,0,1006,5
2020-08-08,India,NA,Meghalaya,3211000,17,0,1023,5
2020-08-09,India,NA,Meghalaya,3211000,39,1,1062,6
2020-08-10,India,NA,Meghalaya,3211000,53,0,1115,6
2020-08-11,India,NA,Meghalaya,3211000,27,0,1142,6
2020-08-12,India,NA,Meghalaya,3211000,37,0,1179,6
2020-08-13,India,NA,Meghalaya,3211000,14,0,1193,6
2020-08-14,India,NA,Meghalaya,3211000,35,0,1228,6
2020-08-15,India,NA,Meghalaya,3211000,64,0,1292,6
2020-08-16,India,NA,Meghalaya,3211000,82,0,1374,6
2020-08-17,India,NA,Meghalaya,3211000,44,0,1418,6
2020-08-18,India,NA,Meghalaya,3211000,39,0,1457,6
2020-08-19,India,NA,Meghalaya,3211000,78,0,1535,6
2020-08-20,India,NA,Meghalaya,3211000,126,0,1661,6
2020-08-21,India,NA,Meghalaya,3211000,57,0,1718,6
2020-08-22,India,NA,Meghalaya,3211000,93,0,1811,6
2020-08-23,India,NA,Meghalaya,3211000,106,1,1917,7
2020-08-24,India,NA,Meghalaya,3211000,59,1,1976,8
2020-08-25,India,NA,Meghalaya,3211000,42,0,2018,8
2020-08-26,India,NA,Meghalaya,3211000,32,0,2050,0
2020-08-27,India,NA,Meghalaya,3211000,80,0,2130,0
2020-08-28,India,NA,Meghalaya,3211000,110,0,2240,0
2020-08-29,India,NA,Meghalaya,3211000,43,0,2283,0
2020-08-30,India,NA,Meghalaya,3211000,60,0,2343,0
2020-08-31,India,NA,Meghalaya,3211000,25,0,2368,0
2020-06-11,India,NA,Mizoram,1097206,9,0,102,0
2020-06-12,India,NA,Mizoram,1097206,2,0,104,0
2020-06-13,India,NA,Mizoram,1097206,6,0,110,0
2020-06-14,India,NA,Mizoram,1097206,2,0,112,0
2020-06-15,India,NA,Mizoram,1097206,5,0,117,0
2020-06-16,India,NA,Mizoram,1097206,4,0,121,0
2020-06-17,India,NA,Mizoram,1097206,0,0,121,0
2020-06-18,India,NA,Mizoram,1097206,9,0,130,0
2020-06-19,India,NA,Mizoram,1097206,0,0,130,0
2020-06-20,India,NA,Mizoram,1097206,10,0,140,0
2020-06-21,India,NA,Mizoram,1097206,1,0,141,0
2020-06-22,India,NA,Mizoram,1097206,1,0,142,0
2020-06-23,India,NA,Mizoram,1097206,0,0,142,0
2020-06-24,India,NA,Mizoram,1097206,3,0,145,0
2020-06-25,India,NA,Mizoram,1097206,0,0,145,0
2020-06-26,India,NA,Mizoram,1097206,2,0,147,0
2020-06-27,India,NA,Mizoram,1097206,3,0,150,0
2020-06-28,India,NA,Mizoram,1097206,1,0,151,0
2020-06-29,India,NA,Mizoram,1097206,0,0,151,0
2020-06-30,India,NA,Mizoram,1097206,9,0,160,0
2020-07-01,India,NA,Mizoram,1097206,0,0,160,0
2020-07-02,India,NA,Mizoram,1097206,2,0,162,0
2020-07-03,India,NA,Mizoram,1097206,0,0,162,0
2020-07-04,India,NA,Mizoram,1097206,2,0,164,0
2020-07-05,India,NA,Mizoram,1097206,22,0,186,0
2020-07-06,India,NA,Mizoram,1097206,11,0,197,0
2020-07-07,India,NA,Mizoram,1097206,1,0,198,0
2020-07-08,India,NA,Mizoram,1097206,5,0,203,0
2020-07-09,India,NA,Mizoram,1097206,0,0,203,0
2020-07-10,India,NA,Mizoram,1097206,23,0,226,0
2020-07-11,India,NA,Mizoram,1097206,1,0,227,0
2020-07-12,India,NA,Mizoram,1097206,4,0,231,0
2020-07-13,India,NA,Mizoram,1097206,2,0,233,0
2020-07-14,India,NA,Mizoram,1097206,5,0,238,0
2020-07-15,India,NA,Mizoram,1097206,0,0,238,0
2020-07-16,India,NA,Mizoram,1097206,34,0,272,0
2020-07-17,India,NA,Mizoram,1097206,10,0,282,0
2020-07-18,India,NA,Mizoram,1097206,2,0,284,0
2020-07-19,India,NA,Mizoram,1097206,0,0,284,0
2020-07-20,India,NA,Mizoram,1097206,13,0,297,0
2020-07-21,India,NA,Mizoram,1097206,0,0,297,0
2020-07-22,India,NA,Mizoram,1097206,20,0,317,0
2020-07-23,India,NA,Mizoram,1097206,9,0,326,0
2020-07-24,India,NA,Mizoram,1097206,6,0,332,0
2020-07-25,India,NA,Mizoram,1097206,29,0,361,0
2020-07-26,India,NA,Mizoram,1097206,0,0,361,0
2020-07-27,India,NA,Mizoram,1097206,0,0,361,0
2020-07-28,India,NA,Mizoram,1097206,23,0,384,0
2020-07-29,India,NA,Mizoram,1097206,11,0,395,0
2020-07-30,India,NA,Mizoram,1097206,13,0,408,0
2020-07-31,India,NA,Mizoram,1097206,0,0,408,0
2020-08-01,India,NA,Mizoram,1097206,5,0,413,0
2020-08-02,India,NA,Mizoram,1097206,57,0,470,0
2020-08-03,India,NA,Mizoram,1097206,26,0,496,0
2020-08-04,India,NA,Mizoram,1097206,6,0,502,0
2020-08-05,India,NA,Mizoram,1097206,3,0,505,0
2020-08-06,India,NA,Mizoram,1097206,33,0,538,0
2020-08-07,India,NA,Mizoram,1097206,21,0,559,0
2020-08-08,India,NA,Mizoram,1097206,8,0,567,0
2020-08-09,India,NA,Mizoram,1097206,41,0,608,0
2020-08-10,India,NA,Mizoram,1097206,12,0,620,0
2020-08-11,India,NA,Mizoram,1097206,3,0,623,0
2020-08-12,India,NA,Mizoram,1097206,25,0,648,0
2020-08-13,India,NA,Mizoram,1097206,1,0,649,0
2020-08-14,India,NA,Mizoram,1097206,8,0,657,0
2020-08-15,India,NA,Mizoram,1097206,56,0,713,0
2020-08-16,India,NA,Mizoram,1097206,64,0,777,0
2020-08-17,India,NA,Mizoram,1097206,12,0,789,0
2020-08-18,India,NA,Mizoram,1097206,26,0,815,0
2020-08-19,India,NA,Mizoram,1097206,45,0,860,0
2020-08-20,India,NA,Mizoram,1097206,14,0,874,0
2020-08-21,India,NA,Mizoram,1097206,21,0,895,0
2020-08-22,India,NA,Mizoram,1097206,8,0,903,0
2020-08-23,India,NA,Mizoram,1097206,15,0,918,0
2020-08-24,India,NA,Mizoram,1097206,0,0,918,0
2020-08-25,India,NA,Mizoram,1097206,35,0,953,0
2020-08-26,India,NA,Mizoram,1097206,14,0,967,0
2020-08-27,India,NA,Mizoram,1097206,7,0,974,0
2020-08-28,India,NA,Mizoram,1097206,29,0,1003,0
2020-08-29,India,NA,Mizoram,1097206,0,0,1003,0
2020-08-30,India,NA,Mizoram,1097206,5,0,1008,0
2020-08-31,India,NA,Mizoram,1097206,3,0,1011,0
2020-06-05,India,NA,Nagaland,1978502,27,0,107,0
2020-06-06,India,NA,Nagaland,1978502,0,0,107,0
2020-06-07,India,NA,Nagaland,1978502,9,0,116,0
2020-06-08,India,NA,Nagaland,1978502,6,0,122,0
2020-06-09,India,NA,Nagaland,1978502,5,0,127,0
2020-06-10,India,NA,Nagaland,1978502,1,0,128,0
2020-06-11,India,NA,Nagaland,1978502,2,0,130,0
2020-06-12,India,NA,Nagaland,1978502,26,0,156,0
2020-06-13,India,NA,Nagaland,1978502,7,0,163,0
2020-06-14,India,NA,Nagaland,1978502,10,0,173,0
2020-06-15,India,NA,Nagaland,1978502,4,0,177,0
2020-06-16,India,NA,Nagaland,1978502,2,0,179,0
2020-06-17,India,NA,Nagaland,1978502,14,0,193,0
2020-06-18,India,NA,Nagaland,1978502,0,0,193,0
2020-06-19,India,NA,Nagaland,1978502,5,0,198,0
2020-06-20,India,NA,Nagaland,1978502,3,0,201,0
2020-06-21,India,NA,Nagaland,1978502,10,0,211,0
2020-06-22,India,NA,Nagaland,1978502,69,0,280,0
2020-06-23,India,NA,Nagaland,1978502,50,0,330,0
2020-06-24,India,NA,Nagaland,1978502,17,0,347,0
2020-06-25,India,NA,Nagaland,1978502,8,0,355,0
2020-06-26,India,NA,Nagaland,1978502,16,0,371,0
2020-06-27,India,NA,Nagaland,1978502,16,0,387,0
2020-06-28,India,NA,Nagaland,1978502,28,0,415,0
2020-06-29,India,NA,Nagaland,1978502,36,0,451,0
2020-06-30,India,NA,Nagaland,1978502,8,0,459,0
2020-07-01,India,NA,Nagaland,1978502,42,0,501,0
2020-07-02,India,NA,Nagaland,1978502,34,0,535,0
2020-07-03,India,NA,Nagaland,1978502,4,0,539,0
2020-07-04,India,NA,Nagaland,1978502,24,0,563,0
2020-07-05,India,NA,Nagaland,1978502,27,0,590,0
2020-07-06,India,NA,Nagaland,1978502,35,0,625,0
2020-07-07,India,NA,Nagaland,1978502,19,0,644,0
2020-07-08,India,NA,Nagaland,1978502,13,0,657,0
2020-07-09,India,NA,Nagaland,1978502,16,0,673,0
2020-07-10,India,NA,Nagaland,1978502,59,0,732,0
2020-07-11,India,NA,Nagaland,1978502,16,0,748,0
2020-07-12,India,NA,Nagaland,1978502,26,0,774,0
2020-07-13,India,NA,Nagaland,1978502,71,0,845,0
2020-07-14,India,NA,Nagaland,1978502,51,0,896,0
2020-07-15,India,NA,Nagaland,1978502,6,0,902,0
2020-07-16,India,NA,Nagaland,1978502,14,0,916,0
2020-07-17,India,NA,Nagaland,1978502,40,0,956,0
2020-07-18,India,NA,Nagaland,1978502,22,0,978,0
2020-07-19,India,NA,Nagaland,1978502,10,0,988,0
2020-07-20,India,NA,Nagaland,1978502,33,0,1021,0
2020-07-21,India,NA,Nagaland,1978502,9,0,1030,0
2020-07-22,India,NA,Nagaland,1978502,54,0,1084,0
2020-07-23,India,NA,Nagaland,1978502,90,0,1174,0
2020-07-24,India,NA,Nagaland,1978502,65,0,1239,0
2020-07-25,India,NA,Nagaland,1978502,50,1,1289,1
2020-07-26,India,NA,Nagaland,1978502,50,3,1339,4
2020-07-27,India,NA,Nagaland,1978502,46,0,1385,4
2020-07-28,India,NA,Nagaland,1978502,75,1,1460,5
2020-07-29,India,NA,Nagaland,1978502,53,0,1513,5
2020-07-30,India,NA,Nagaland,1978502,53,0,1566,5
2020-07-31,India,NA,Nagaland,1978502,127,0,1693,5
2020-08-01,India,NA,Nagaland,1978502,138,0,1831,5
2020-08-02,India,NA,Nagaland,1978502,104,0,1935,5
2020-08-03,India,NA,Nagaland,1978502,194,0,2129,5
2020-08-04,India,NA,Nagaland,1978502,276,0,2405,5
2020-08-05,India,NA,Nagaland,1978502,93,0,2498,5
2020-08-06,India,NA,Nagaland,1978502,82,1,2580,6
2020-08-07,India,NA,Nagaland,1978502,77,0,2657,6
2020-08-08,India,NA,Nagaland,1978502,31,1,2688,7
2020-08-09,India,NA,Nagaland,1978502,93,0,2781,7
2020-08-10,India,NA,Nagaland,1978502,230,1,3011,8
2020-08-11,India,NA,Nagaland,1978502,20,0,3031,8
2020-08-12,India,NA,Nagaland,1978502,87,0,3118,8
2020-08-13,India,NA,Nagaland,1978502,50,0,3168,8
2020-08-14,India,NA,Nagaland,1978502,154,0,3322,8
2020-08-15,India,NA,Nagaland,1978502,18,0,3340,8
2020-08-16,India,NA,Nagaland,1978502,54,0,3394,8
2020-08-17,India,NA,Nagaland,1978502,61,0,3455,8
2020-08-18,India,NA,Nagaland,1978502,65,0,3520,8
2020-08-19,India,NA,Nagaland,1978502,38,0,3558,8
2020-08-20,India,NA,Nagaland,1978502,25,0,3583,8
2020-08-21,India,NA,Nagaland,1978502,36,0,3619,8
2020-08-22,India,NA,Nagaland,1978502,16,0,3635,8
2020-08-23,India,NA,Nagaland,1978502,51,1,3686,9
2020-08-24,India,NA,Nagaland,1978502,28,0,3714,9
2020-08-25,India,NA,Nagaland,1978502,38,0,3752,9
2020-08-26,India,NA,Nagaland,1978502,26,0,3778,0
2020-08-27,India,NA,Nagaland,1978502,6,0,3784,0
2020-08-28,India,NA,Nagaland,1978502,21,0,3805,0
2020-08-29,India,NA,Nagaland,1978502,46,0,3851,0
2020-08-30,India,NA,Nagaland,1978502,71,0,3922,0
2020-08-31,India,NA,Nagaland,1978502,28,0,3950,0
2020-04-26,India,NA,Odisha,41974218,3,0,103,1
2020-04-27,India,NA,Odisha,41974218,15,0,118,1
2020-04-28,India,NA,Odisha,41974218,0,0,118,1
2020-04-29,India,NA,Odisha,41974218,7,0,125,1
2020-04-30,India,NA,Odisha,41974218,18,0,143,1
2020-05-01,India,NA,Odisha,41974218,11,0,154,1
2020-05-02,India,NA,Odisha,41974218,6,0,160,1
2020-05-03,India,NA,Odisha,41974218,2,0,162,1
2020-05-04,India,NA,Odisha,41974218,7,0,169,1
2020-05-05,India,NA,Odisha,41974218,8,0,177,1
2020-05-06,India,NA,Odisha,41974218,28,0,205,1
2020-05-07,India,NA,Odisha,41974218,14,1,219,2
2020-05-08,India,NA,Odisha,41974218,51,0,270,2
2020-05-09,India,NA,Odisha,41974218,82,0,352,2
2020-05-10,India,NA,Odisha,41974218,25,0,377,2
2020-05-11,India,NA,Odisha,41974218,38,1,415,3
2020-05-12,India,NA,Odisha,41974218,22,0,437,3
2020-05-13,India,NA,Odisha,41974218,101,0,538,3
2020-05-14,India,NA,Odisha,41974218,134,0,672,3
2020-05-15,India,NA,Odisha,41974218,65,0,737,3
2020-05-16,India,NA,Odisha,41974218,0,0,737,3
2020-05-17,India,NA,Odisha,41974218,91,0,828,3
2020-05-18,India,NA,Odisha,41974218,48,1,876,4
2020-05-19,India,NA,Odisha,41974218,102,0,978,4
2020-05-20,India,NA,Odisha,41974218,74,1,1052,5
2020-05-21,India,NA,Odisha,41974218,51,1,1103,6
2020-05-22,India,NA,Odisha,41974218,86,1,1189,7
2020-05-23,India,NA,Odisha,41974218,80,0,1269,7
2020-05-24,India,NA,Odisha,41974218,67,0,1336,7
2020-05-25,India,NA,Odisha,41974218,102,0,1438,7
2020-05-26,India,NA,Odisha,41974218,79,0,1517,7
2020-05-27,India,NA,Odisha,41974218,76,0,1593,7
2020-05-28,India,NA,Odisha,41974218,67,0,1660,7
2020-05-29,India,NA,Odisha,41974218,63,0,1723,7
2020-05-30,India,NA,Odisha,41974218,96,0,1819,7
2020-05-31,India,NA,Odisha,41974218,129,0,1948,7
2020-06-01,India,NA,Odisha,41974218,156,0,2104,7
2020-06-02,India,NA,Odisha,41974218,141,0,2245,7
2020-06-03,India,NA,Odisha,41974218,143,0,2388,7
2020-06-04,India,NA,Odisha,41974218,90,0,2478,7
2020-06-05,India,NA,Odisha,41974218,130,0,2608,7
2020-06-06,India,NA,Odisha,41974218,173,1,2781,8
2020-06-07,India,NA,Odisha,41974218,75,0,2856,8
2020-06-08,India,NA,Odisha,41974218,138,1,2994,9
2020-06-09,India,NA,Odisha,41974218,146,0,3140,9
2020-06-10,India,NA,Odisha,41974218,110,0,3250,9
2020-06-11,India,NA,Odisha,41974218,136,0,3386,9
2020-06-12,India,NA,Odisha,41974218,112,0,3498,9
2020-06-13,India,NA,Odisha,41974218,225,1,3723,10
2020-06-14,India,NA,Odisha,41974218,186,0,3909,10
2020-06-15,India,NA,Odisha,41974218,146,1,4055,11
2020-06-16,India,NA,Odisha,41974218,108,0,4163,11
2020-06-17,India,NA,Odisha,41974218,175,0,4338,11
2020-06-18,India,NA,Odisha,41974218,174,0,4512,11
2020-06-19,India,NA,Odisha,41974218,165,0,4677,11
2020-06-20,India,NA,Odisha,41974218,179,0,4856,11
2020-06-21,India,NA,Odisha,41974218,304,1,5160,12
2020-06-22,India,NA,Odisha,41974218,143,2,5303,14
2020-06-23,India,NA,Odisha,41974218,167,1,5470,15
2020-06-24,India,NA,Odisha,41974218,282,2,5752,17
2020-06-25,India,NA,Odisha,41974218,210,0,5962,17
2020-06-26,India,NA,Odisha,41974218,218,0,6180,17
2020-06-27,India,NA,Odisha,41974218,170,0,6350,17
2020-06-28,India,NA,Odisha,41974218,264,1,6614,18
2020-06-29,India,NA,Odisha,41974218,245,3,6859,21
2020-06-30,India,NA,Odisha,41974218,206,2,7065,23
2020-07-01,India,NA,Odisha,41974218,251,2,7316,25
2020-07-02,India,NA,Odisha,41974218,229,0,7545,25
2020-07-03,India,NA,Odisha,41974218,561,2,8106,27
2020-07-04,India,NA,Odisha,41974218,495,2,8601,29
2020-07-05,India,NA,Odisha,41974218,469,5,9070,34
2020-07-06,India,NA,Odisha,41974218,456,2,9526,36
2020-07-07,India,NA,Odisha,41974218,571,2,10097,38
2020-07-08,India,NA,Odisha,41974218,527,4,10624,42
2020-07-09,India,NA,Odisha,41974218,577,6,11201,48
2020-07-10,India,NA,Odisha,41974218,755,4,11956,52
2020-07-11,India,NA,Odisha,41974218,570,4,12526,56
2020-07-12,India,NA,Odisha,41974218,595,5,13121,61
2020-07-13,India,NA,Odisha,41974218,616,3,13737,64
2020-07-14,India,NA,Odisha,41974218,543,6,14280,70
2020-07-15,India,NA,Odisha,41974218,618,4,14898,74
2020-07-16,India,NA,Odisha,41974218,494,3,15392,77
2020-07-17,India,NA,Odisha,41974218,718,2,16110,79
2020-07-18,India,NA,Odisha,41974218,591,4,16701,83
2020-07-19,India,NA,Odisha,41974218,736,3,17437,86
2020-07-20,India,NA,Odisha,41974218,673,5,18110,91
2020-07-21,India,NA,Odisha,41974218,647,6,18757,97
2020-07-22,India,NA,Odisha,41974218,1078,6,19835,103
2020-07-23,India,NA,Odisha,41974218,1264,5,21099,108
2020-07-24,India,NA,Odisha,41974218,1594,6,22693,114
2020-07-25,India,NA,Odisha,41974218,1320,6,24013,120
2020-07-26,India,NA,Odisha,41974218,1376,10,25389,130
2020-07-27,India,NA,Odisha,41974218,1503,10,26892,140
2020-07-28,India,NA,Odisha,41974218,1215,7,28107,147
2020-07-29,India,NA,Odisha,41974218,1068,7,29175,154
2020-07-30,India,NA,Odisha,41974218,1203,5,30378,159
2020-07-31,India,NA,Odisha,41974218,1499,10,31877,169
2020-08-01,India,NA,Odisha,41974218,1602,8,33479,177
2020-08-02,India,NA,Odisha,41974218,1434,10,34913,187
2020-08-03,India,NA,Odisha,41974218,1384,10,36297,197
2020-08-04,India,NA,Odisha,41974218,1384,10,37681,207
2020-08-05,India,NA,Odisha,41974218,1337,9,39018,216
2020-08-06,India,NA,Odisha,41974218,1699,9,40717,225
2020-08-07,India,NA,Odisha,41974218,1833,10,42550,235
2020-08-08,India,NA,Odisha,41974218,1643,12,44193,247
2020-08-09,India,NA,Odisha,41974218,1734,12,45927,259
2020-08-10,India,NA,Odisha,41974218,1528,13,47455,272
2020-08-11,India,NA,Odisha,41974218,1341,14,48796,286
2020-08-12,India,NA,Odisha,41974218,1876,10,50672,296
2020-08-13,India,NA,Odisha,41974218,1981,9,52653,305
2020-08-14,India,NA,Odisha,41974218,1977,9,54630,314
2020-08-15,India,NA,Odisha,41974218,2496,10,57126,324
2020-08-16,India,NA,Odisha,41974218,2924,9,60050,333
2020-08-17,India,NA,Odisha,41974218,2244,10,62294,343
2020-08-18,India,NA,Odisha,41974218,2239,10,64533,353
2020-08-19,India,NA,Odisha,41974218,2589,9,67122,362
2020-08-20,India,NA,Odisha,41974218,2898,10,70020,372
2020-08-21,India,NA,Odisha,41974218,2698,8,72718,380
2020-08-22,India,NA,Odisha,41974218,2819,10,75537,390
2020-08-23,India,NA,Odisha,41974218,2993,9,78530,399
2020-08-24,India,NA,Odisha,41974218,2949,10,81479,409
2020-08-25,India,NA,Odisha,41974218,2752,10,84231,419
2020-08-26,India,NA,Odisha,41974218,3371,0,87602,0
2020-08-27,India,NA,Odisha,41974218,3384,0,90986,0
2020-08-28,India,NA,Odisha,41974218,3682,0,94668,0
2020-08-29,India,NA,Odisha,41974218,3252,0,97920,0
2020-08-30,India,NA,Odisha,41974218,3014,0,100934,0
2020-08-31,India,NA,Odisha,41974218,2602,0,103536,0
2020-06-05,India,NA,Puducherry,973829,5,0,104,0
2020-06-06,India,NA,Puducherry,973829,3,0,107,0
2020-06-07,India,NA,Puducherry,973829,12,0,119,0
2020-06-08,India,NA,Puducherry,973829,9,0,128,0
2020-06-09,India,NA,Puducherry,973829,4,0,132,0
2020-06-10,India,NA,Puducherry,973829,12,0,144,0
2020-06-11,India,NA,Puducherry,973829,13,0,157,0
2020-06-12,India,NA,Puducherry,973829,6,2,163,2
2020-06-13,India,NA,Puducherry,973829,13,0,176,0
2020-06-14,India,NA,Puducherry,973829,18,0,194,2
2020-06-15,India,NA,Puducherry,973829,8,3,202,5
2020-06-16,India,NA,Puducherry,973829,14,0,216,5
2020-06-17,India,NA,Puducherry,973829,29,1,245,6
2020-06-18,India,NA,Puducherry,973829,26,1,271,7
2020-06-19,India,NA,Puducherry,973829,16,0,287,7
2020-06-20,India,NA,Puducherry,973829,51,0,338,7
2020-06-21,India,NA,Puducherry,973829,28,0,366,0
2020-06-22,India,NA,Puducherry,973829,17,1,383,8
2020-06-23,India,NA,Puducherry,973829,19,0,402,8
2020-06-24,India,NA,Puducherry,973829,59,1,461,9
2020-06-25,India,NA,Puducherry,973829,41,0,502,9
2020-06-26,India,NA,Puducherry,973829,32,0,534,9
2020-06-27,India,NA,Puducherry,973829,85,0,619,0
2020-06-28,India,NA,Puducherry,973829,29,1,648,10
2020-06-29,India,NA,Puducherry,973829,42,0,690,0
2020-06-30,India,NA,Puducherry,973829,24,0,714,0
2020-07-01,India,NA,Puducherry,973829,25,2,739,12
2020-07-02,India,NA,Puducherry,973829,63,0,802,0
2020-07-03,India,NA,Puducherry,973829,22,0,824,12
2020-07-04,India,NA,Puducherry,973829,80,0,904,0
2020-07-05,India,NA,Puducherry,973829,42,0,946,0
2020-07-06,India,NA,Puducherry,973829,65,0,1011,0
2020-07-07,India,NA,Puducherry,973829,32,0,1043,0
2020-07-08,India,NA,Puducherry,973829,110,2,1153,14
2020-07-09,India,NA,Puducherry,973829,49,0,1202,14
2020-07-10,India,NA,Puducherry,973829,72,0,1274,14
2020-07-11,India,NA,Puducherry,973829,65,3,1339,17
2020-07-12,India,NA,Puducherry,973829,81,1,1420,18
2020-07-13,India,NA,Puducherry,973829,50,0,1470,18
2020-07-14,India,NA,Puducherry,973829,63,0,1533,18
2020-07-15,India,NA,Puducherry,973829,65,0,1598,18
2020-07-16,India,NA,Puducherry,973829,147,3,1745,21
2020-07-17,India,NA,Puducherry,973829,89,1,1834,22
2020-07-18,India,NA,Puducherry,973829,58,3,1892,25
2020-07-19,India,NA,Puducherry,973829,109,3,2001,28
2020-07-20,India,NA,Puducherry,973829,93,0,2094,28
2020-07-21,India,NA,Puducherry,973829,87,1,2181,29
2020-07-22,India,NA,Puducherry,973829,121,1,2302,30
2020-07-23,India,NA,Puducherry,973829,120,1,2422,31
2020-07-24,India,NA,Puducherry,973829,95,3,2517,34
2020-07-25,India,NA,Puducherry,973829,139,1,2656,35
2020-07-26,India,NA,Puducherry,973829,133,3,2789,38
2020-07-27,India,NA,Puducherry,973829,85,2,2874,40
2020-07-28,India,NA,Puducherry,973829,139,3,3013,43
2020-07-29,India,NA,Puducherry,973829,166,4,3179,47
2020-07-30,India,NA,Puducherry,973829,121,0,3300,47
2020-07-31,India,NA,Puducherry,973829,174,1,3474,48
2020-08-01,India,NA,Puducherry,973829,134,1,3608,49
2020-08-02,India,NA,Puducherry,973829,200,2,3808,51
2020-08-03,India,NA,Puducherry,973829,176,1,3984,52
2020-08-04,India,NA,Puducherry,973829,165,4,4149,56
2020-08-05,India,NA,Puducherry,973829,286,2,4435,58
2020-08-06,India,NA,Puducherry,973829,188,7,4623,65
2020-08-07,India,NA,Puducherry,973829,241,5,4864,70
2020-08-08,India,NA,Puducherry,973829,261,5,5125,75
2020-08-09,India,NA,Puducherry,973829,259,5,5384,80
2020-08-10,India,NA,Puducherry,973829,242,7,5626,87
2020-08-11,India,NA,Puducherry,973829,276,2,5902,89
2020-08-12,India,NA,Puducherry,973829,481,2,6383,91
2020-08-13,India,NA,Puducherry,973829,299,5,6682,96
2020-08-14,India,NA,Puducherry,973829,315,6,6997,102
2020-08-15,India,NA,Puducherry,973829,359,4,7356,106
2020-08-16,India,NA,Puducherry,973829,378,0,7734,106
2020-08-17,India,NA,Puducherry,973829,297,4,8031,110
2020-08-18,India,NA,Puducherry,973829,367,4,8398,114
2020-08-19,India,NA,Puducherry,973829,356,9,8754,123
2020-08-20,India,NA,Puducherry,973829,540,6,9294,129
2020-08-21,India,NA,Puducherry,973829,302,8,9596,137
2020-08-22,India,NA,Puducherry,973829,518,6,10114,143
2020-08-23,India,NA,Puducherry,973829,410,8,10524,151
2020-08-24,India,NA,Puducherry,973829,337,8,10861,159
2020-08-25,India,NA,Puducherry,973829,567,5,11428,164
2020-08-26,India,NA,Puducherry,973829,504,0,11932,0
2020-08-27,India,NA,Puducherry,973829,504,0,12436,0
2020-08-28,India,NA,Puducherry,973829,590,0,13026,0
2020-08-29,India,NA,Puducherry,973829,532,0,13558,0
2020-08-30,India,NA,Puducherry,973829,571,0,14129,0
2020-08-31,India,NA,Puducherry,973829,284,0,14413,0
2020-04-08,India,NA,Punjab,27743338,7,0,106,0
2020-04-09,India,NA,Punjab,27743338,24,1,130,8
2020-04-10,India,NA,Punjab,27743338,21,3,151,11
2020-04-11,India,NA,Punjab,27743338,7,0,158,0
2020-04-12,India,NA,Punjab,27743338,12,0,170,11
2020-04-13,India,NA,Punjab,27743338,6,0,176,11
2020-04-14,India,NA,Punjab,27743338,8,1,184,12
2020-04-15,India,NA,Punjab,27743338,2,1,186,13
2020-04-16,India,NA,Punjab,27743338,11,0,197,0
2020-04-17,India,NA,Punjab,27743338,14,0,211,0
2020-04-18,India,NA,Punjab,27743338,23,0,234,13
2020-04-19,India,NA,Punjab,27743338,10,3,244,16
2020-04-20,India,NA,Punjab,27743338,1,0,245,0
2020-04-21,India,NA,Punjab,27743338,6,0,251,16
2020-04-22,India,NA,Punjab,27743338,27,0,278,16
2020-04-23,India,NA,Punjab,27743338,5,0,283,16
2020-04-24,India,NA,Punjab,27743338,15,0,298,0
2020-04-25,India,NA,Punjab,27743338,10,1,308,17
2020-04-26,India,NA,Punjab,27743338,14,0,322,0
2020-04-27,India,NA,Punjab,27743338,8,1,330,18
2020-04-28,India,NA,Punjab,27743338,12,0,342,0
2020-04-29,India,NA,Punjab,27743338,33,1,375,19
2020-04-30,India,NA,Punjab,27743338,105,0,480,19
2020-05-01,India,NA,Punjab,27743338,105,0,585,0
2020-05-02,India,NA,Punjab,27743338,187,1,772,20
2020-05-03,India,NA,Punjab,27743338,330,0,1102,0
2020-05-04,India,NA,Punjab,27743338,130,1,1232,21
2020-05-05,India,NA,Punjab,27743338,219,2,1451,23
2020-05-06,India,NA,Punjab,27743338,75,2,1526,25
2020-05-07,India,NA,Punjab,27743338,118,2,1644,27
2020-05-08,India,NA,Punjab,27743338,87,1,1731,28
2020-05-09,India,NA,Punjab,27743338,31,1,1762,29
2020-05-10,India,NA,Punjab,27743338,61,2,1823,31
2020-05-11,India,NA,Punjab,27743338,54,0,1877,31
2020-05-12,India,NA,Punjab,27743338,37,0,1914,31
2020-05-13,India,NA,Punjab,27743338,10,1,1924,32
2020-05-14,India,NA,Punjab,27743338,11,0,1935,32
2020-05-15,India,NA,Punjab,27743338,0,0,1932,32
2020-05-16,India,NA,Punjab,27743338,14,0,1946,0
2020-05-17,India,NA,Punjab,27743338,18,0,1964,32
2020-05-18,India,NA,Punjab,27743338,16,3,1980,35
2020-05-19,India,NA,Punjab,27743338,22,2,2002,37
2020-05-20,India,NA,Punjab,27743338,3,1,2005,38
2020-05-21,India,NA,Punjab,27743338,23,0,2028,38
2020-05-22,India,NA,Punjab,27743338,1,1,2029,39
2020-05-23,India,NA,Punjab,27743338,16,0,2045,39
2020-05-24,India,NA,Punjab,27743338,15,0,2060,39
2020-05-25,India,NA,Punjab,27743338,21,1,2081,40
2020-05-26,India,NA,Punjab,27743338,25,0,2106,0
2020-05-27,India,NA,Punjab,27743338,33,0,2139,40
2020-05-28,India,NA,Punjab,27743338,19,0,2158,40
2020-05-29,India,NA,Punjab,27743338,39,0,2197,40
2020-05-30,India,NA,Punjab,27743338,36,2,2233,42
2020-05-31,India,NA,Punjab,27743338,30,2,2263,44
2020-06-01,India,NA,Punjab,27743338,38,1,2301,45
2020-06-02,India,NA,Punjab,27743338,41,0,2342,45
2020-06-03,India,NA,Punjab,27743338,34,1,2376,46
2020-06-04,India,NA,Punjab,27743338,39,1,2415,47
2020-06-05,India,NA,Punjab,27743338,46,0,2461,47
2020-06-06,India,NA,Punjab,27743338,54,1,2515,48
2020-06-07,India,NA,Punjab,27743338,93,2,2608,50
2020-06-08,India,NA,Punjab,27743338,55,1,2663,51
2020-06-09,India,NA,Punjab,27743338,56,2,2719,53
2020-06-10,India,NA,Punjab,27743338,86,2,2805,55
2020-06-11,India,NA,Punjab,27743338,82,0,2887,55
2020-06-12,India,NA,Punjab,27743338,99,4,2986,59
2020-06-13,India,NA,Punjab,27743338,77,4,3063,63
2020-06-14,India,NA,Punjab,27743338,77,2,3140,65
2020-06-15,India,NA,Punjab,27743338,127,2,3267,67
2020-06-16,India,NA,Punjab,27743338,104,4,3371,71
2020-06-17,India,NA,Punjab,27743338,126,1,3497,72
2020-06-18,India,NA,Punjab,27743338,118,6,3615,78
2020-06-19,India,NA,Punjab,27743338,217,5,3832,83
2020-06-20,India,NA,Punjab,27743338,120,9,3952,92
2020-06-21,India,NA,Punjab,27743338,122,6,4074,98
2020-06-22,India,NA,Punjab,27743338,161,1,4235,99
2020-06-23,India,NA,Punjab,27743338,162,2,4397,101
2020-06-24,India,NA,Punjab,27743338,230,4,4627,105
2020-06-25,India,NA,Punjab,27743338,142,8,4769,113
2020-06-26,India,NA,Punjab,27743338,188,7,4957,120
2020-06-27,India,NA,Punjab,27743338,99,2,5056,122
2020-06-28,India,NA,Punjab,27743338,160,6,5216,128
2020-06-29,India,NA,Punjab,27743338,202,5,5418,133
2020-06-30,India,NA,Punjab,27743338,150,5,5568,138
2020-07-01,India,NA,Punjab,27743338,100,6,5668,144
2020-07-02,India,NA,Punjab,27743338,116,5,5784,149
2020-07-03,India,NA,Punjab,27743338,153,3,5937,152
2020-07-04,India,NA,Punjab,27743338,172,5,6109,157
2020-07-05,India,NA,Punjab,27743338,174,5,6283,162
2020-07-06,India,NA,Punjab,27743338,208,2,6491,164
2020-07-07,India,NA,Punjab,27743338,258,5,6749,169
2020-07-08,India,NA,Punjab,27743338,158,6,6907,175
2020-07-09,India,NA,Punjab,27743338,233,3,7140,178
2020-07-10,India,NA,Punjab,27743338,217,5,7357,183
2020-07-11,India,NA,Punjab,27743338,230,4,7587,187
2020-07-12,India,NA,Punjab,27743338,234,8,7821,195
2020-07-13,India,NA,Punjab,27743338,357,4,8178,199
2020-07-14,India,NA,Punjab,27743338,333,5,8511,204
2020-07-15,India,NA,Punjab,27743338,288,9,8799,213
2020-07-16,India,NA,Punjab,27743338,295,8,9094,221
2020-07-17,India,NA,Punjab,27743338,348,9,9442,230
2020-07-18,India,NA,Punjab,27743338,350,9,9792,239
2020-07-19,India,NA,Punjab,27743338,308,7,10100,246
2020-07-20,India,NA,Punjab,27743338,410,8,10510,254
2020-07-21,India,NA,Punjab,27743338,379,8,10889,262
2020-07-22,India,NA,Punjab,27743338,412,1,11301,263
2020-07-23,India,NA,Punjab,27743338,438,6,11739,269
2020-07-24,India,NA,Punjab,27743338,477,8,12216,277
2020-07-25,India,NA,Punjab,27743338,468,5,12684,282
2020-07-26,India,NA,Punjab,27743338,534,9,13218,291
2020-07-27,India,NA,Punjab,27743338,551,15,13769,306
2020-07-28,India,NA,Punjab,27743338,609,12,14378,318
2020-07-29,India,NA,Punjab,27743338,568,18,14946,336
2020-07-30,India,NA,Punjab,27743338,510,25,15456,361
2020-07-31,India,NA,Punjab,27743338,663,9,16119,370
2020-08-01,India,NA,Punjab,27743338,944,16,17063,386
2020-08-02,India,NA,Punjab,27743338,790,19,17853,405
2020-08-03,India,NA,Punjab,27743338,674,18,18527,423
2020-08-04,India,NA,Punjab,27743338,488,19,19015,442
2020-08-05,India,NA,Punjab,27743338,841,20,19856,462
2020-08-06,India,NA,Punjab,27743338,1035,29,20891,491
2020-08-07,India,NA,Punjab,27743338,1039,26,21930,517
2020-08-08,India,NA,Punjab,27743338,998,22,22928,539
2020-08-09,India,NA,Punjab,27743338,975,23,23903,562
2020-08-10,India,NA,Punjab,27743338,986,24,24889,586
2020-08-11,India,NA,Punjab,27743338,1000,18,25889,604
2020-08-12,India,NA,Punjab,27743338,1020,32,26909,636
2020-08-13,India,NA,Punjab,27743338,1027,39,27936,675
2020-08-14,India,NA,Punjab,27743338,1077,31,29013,706
2020-08-15,India,NA,Punjab,27743338,1028,25,30041,731
2020-08-16,India,NA,Punjab,27743338,1165,40,31206,771
2020-08-17,India,NA,Punjab,27743338,1489,41,32695,812
2020-08-18,India,NA,Punjab,27743338,1705,51,34400,863
2020-08-19,India,NA,Punjab,27743338,1683,35,36083,898
2020-08-20,India,NA,Punjab,27743338,1741,23,37824,921
2020-08-21,India,NA,Punjab,27743338,1503,36,39327,957
2020-08-22,India,NA,Punjab,27743338,1316,34,40643,991
2020-08-23,India,NA,Punjab,27743338,1136,45,41779,1036
2020-08-24,India,NA,Punjab,27743338,1505,50,43284,1086
2020-08-25,India,NA,Punjab,27743338,1293,43,44577,1129
2020-08-26,India,NA,Punjab,27743338,1513,0,46090,0
2020-08-27,India,NA,Punjab,27743338,1746,0,47836,0
2020-08-28,India,NA,Punjab,27743338,1542,0,49378,0
2020-08-29,India,NA,Punjab,27743338,1470,0,50848,0
2020-08-30,India,NA,Punjab,27743338,1678,0,52526,0
2020-08-31,India,NA,Punjab,27743338,1466,0,53992,0
2020-04-01,India,NA,Rajasthan,68548437,27,0,120,0
2020-04-02,India,NA,Rajasthan,68548437,13,0,133,0
2020-04-03,India,NA,Rajasthan,68548437,46,0,179,0
2020-04-04,India,NA,Rajasthan,68548437,27,0,206,0
2020-04-05,India,NA,Rajasthan,68548437,60,0,266,0
2020-04-06,India,NA,Rajasthan,68548437,35,0,301,0
2020-04-07,India,NA,Rajasthan,68548437,42,3,343,3
2020-04-08,India,NA,Rajasthan,68548437,40,0,383,3
2020-04-09,India,NA,Rajasthan,68548437,80,0,463,3
2020-04-10,India,NA,Rajasthan,68548437,98,0,561,3
2020-04-11,India,NA,Rajasthan,68548437,139,0,700,3
2020-04-12,India,NA,Rajasthan,68548437,104,0,804,3
2020-04-13,India,NA,Rajasthan,68548437,93,0,897,3
2020-04-14,India,NA,Rajasthan,68548437,108,0,1005,3
2020-04-15,India,NA,Rajasthan,68548437,71,0,1076,3
2020-04-16,India,NA,Rajasthan,68548437,55,0,1131,3
2020-04-17,India,NA,Rajasthan,68548437,98,8,1229,11
2020-04-18,India,NA,Rajasthan,68548437,122,0,1351,11
2020-04-19,India,NA,Rajasthan,68548437,127,0,1478,11
2020-04-20,India,NA,Rajasthan,68548437,98,3,1576,14
2020-04-21,India,NA,Rajasthan,68548437,159,11,1735,25
2020-04-22,India,NA,Rajasthan,68548437,153,0,1888,25
2020-04-23,India,NA,Rajasthan,68548437,76,2,1964,27
2020-04-24,India,NA,Rajasthan,68548437,70,0,2034,27
2020-04-25,India,NA,Rajasthan,68548437,49,0,2083,27
2020-04-26,India,NA,Rajasthan,68548437,102,6,2185,33
2020-04-27,India,NA,Rajasthan,68548437,77,8,2262,41
2020-04-28,India,NA,Rajasthan,68548437,102,5,2364,46
2020-04-29,India,NA,Rajasthan,68548437,76,5,2440,51
2020-04-30,India,NA,Rajasthan,68548437,144,0,2584,51
2020-05-01,India,NA,Rajasthan,68548437,82,7,2666,58
2020-05-02,India,NA,Rajasthan,68548437,106,4,2772,62
2020-05-03,India,NA,Rajasthan,68548437,114,3,2886,65
2020-05-04,India,NA,Rajasthan,68548437,175,6,3061,71
2020-05-05,India,NA,Rajasthan,68548437,97,6,3158,77
2020-05-06,India,NA,Rajasthan,68548437,159,12,3317,89
2020-05-07,India,NA,Rajasthan,68548437,110,3,3427,92
2020-05-08,India,NA,Rajasthan,68548437,152,5,3579,97
2020-05-09,India,NA,Rajasthan,68548437,129,4,3708,101
2020-05-10,India,NA,Rajasthan,68548437,106,5,3814,106
2020-05-11,India,NA,Rajasthan,68548437,174,1,3988,107
2020-05-12,India,NA,Rajasthan,68548437,138,6,4126,113
2020-05-13,India,NA,Rajasthan,68548437,202,4,4328,117
2020-05-14,India,NA,Rajasthan,68548437,206,4,4534,121
2020-05-15,India,NA,Rajasthan,68548437,213,4,4747,125
2020-05-16,India,NA,Rajasthan,68548437,213,0,4960,125
2020-05-17,India,NA,Rajasthan,68548437,242,1,5202,126
2020-05-18,India,NA,Rajasthan,68548437,305,5,5507,131
2020-05-19,India,NA,Rajasthan,68548437,338,7,5845,138
2020-05-20,India,NA,Rajasthan,68548437,170,5,6015,143
2020-05-21,India,NA,Rajasthan,68548437,212,4,6227,147
2020-05-22,India,NA,Rajasthan,68548437,267,4,6494,151
2020-05-23,India,NA,Rajasthan,68548437,248,2,6742,153
2020-05-24,India,NA,Rajasthan,68548437,286,7,7028,160
2020-05-25,India,NA,Rajasthan,68548437,272,3,7300,163
2020-05-26,India,NA,Rajasthan,68548437,236,4,7536,167
2020-05-27,India,NA,Rajasthan,68548437,280,3,7816,170
2020-05-28,India,NA,Rajasthan,68548437,251,3,8067,173
2020-05-29,India,NA,Rajasthan,68548437,298,7,8365,180
2020-05-30,India,NA,Rajasthan,68548437,252,4,8617,184
2020-05-31,India,NA,Rajasthan,68548437,214,9,8831,193
2020-06-01,India,NA,Rajasthan,68548437,269,1,9100,194
2020-06-02,India,NA,Rajasthan,68548437,273,4,9373,198
2020-06-03,India,NA,Rajasthan,68548437,279,5,9652,203
2020-06-04,India,NA,Rajasthan,68548437,210,6,9862,209
2020-06-05,India,NA,Rajasthan,68548437,222,4,10084,213
2020-06-06,India,NA,Rajasthan,68548437,253,5,10337,218
2020-06-07,India,NA,Rajasthan,68548437,262,13,10599,231
2020-06-08,India,NA,Rajasthan,68548437,277,9,10876,240
2020-06-09,India,NA,Rajasthan,68548437,369,6,11245,246
2020-06-10,India,NA,Rajasthan,68548437,355,9,11600,255
2020-06-11,India,NA,Rajasthan,68548437,238,4,11838,259
2020-06-12,India,NA,Rajasthan,68548437,230,6,12068,265
2020-06-13,India,NA,Rajasthan,68548437,333,7,12401,272
2020-06-14,India,NA,Rajasthan,68548437,293,10,12694,282
2020-06-15,India,NA,Rajasthan,68548437,287,10,12981,292
2020-06-16,India,NA,Rajasthan,68548437,235,9,13216,301
2020-06-17,India,NA,Rajasthan,68548437,326,7,13542,308
2020-06-18,India,NA,Rajasthan,68548437,315,5,13857,313
2020-06-19,India,NA,Rajasthan,68548437,299,10,14156,323
2020-06-20,India,NA,Rajasthan,68548437,381,10,14537,333
2020-06-21,India,NA,Rajasthan,68548437,393,4,14930,337
2020-06-22,India,NA,Rajasthan,68548437,302,12,15232,349
2020-06-23,India,NA,Rajasthan,68548437,395,7,15627,356
2020-06-24,India,NA,Rajasthan,68548437,382,9,16009,365
2020-06-25,India,NA,Rajasthan,68548437,287,10,16296,375
2020-06-26,India,NA,Rajasthan,68548437,364,4,16660,379
2020-06-27,India,NA,Rajasthan,68548437,284,1,16944,380
2020-06-28,India,NA,Rajasthan,68548437,327,11,17271,391
2020-06-29,India,NA,Rajasthan,68548437,389,8,17660,399
2020-06-30,India,NA,Rajasthan,68548437,348,6,18008,405
2020-07-01,India,NA,Rajasthan,68548437,304,8,18312,413
2020-07-02,India,NA,Rajasthan,68548437,350,8,18662,421
2020-07-03,India,NA,Rajasthan,68548437,390,9,19052,430
2020-07-04,India,NA,Rajasthan,68548437,480,10,19532,440
2020-07-05,India,NA,Rajasthan,68548437,632,7,20164,447
2020-07-06,India,NA,Rajasthan,68548437,524,9,20688,456
2020-07-07,India,NA,Rajasthan,68548437,716,5,21404,461
2020-07-08,India,NA,Rajasthan,68548437,659,11,22063,472
2020-07-09,India,NA,Rajasthan,68548437,500,10,22563,482
2020-07-10,India,NA,Rajasthan,68548437,611,9,23174,491
2020-07-11,India,NA,Rajasthan,68548437,574,6,23748,497
2020-07-12,India,NA,Rajasthan,68548437,644,6,24392,503
2020-07-13,India,NA,Rajasthan,68548437,544,7,24936,510
2020-07-14,India,NA,Rajasthan,68548437,635,15,25571,525
2020-07-15,India,NA,Rajasthan,68548437,866,0,26437,525
2020-07-16,India,NA,Rajasthan,68548437,737,5,27174,530
2020-07-17,India,NA,Rajasthan,68548437,615,8,27789,538
2020-07-18,India,NA,Rajasthan,68548437,711,8,28500,546
2020-07-19,India,NA,Rajasthan,68548437,934,7,29434,553
2020-07-20,India,NA,Rajasthan,68548437,956,6,30390,559
2020-07-21,India,NA,Rajasthan,68548437,983,9,31373,568
2020-07-22,India,NA,Rajasthan,68548437,961,9,32334,577
2020-07-23,India,NA,Rajasthan,68548437,886,6,33220,583
2020-07-24,India,NA,Rajasthan,68548437,958,11,34178,594
2020-07-25,India,NA,Rajasthan,68548437,1120,8,35298,602
2020-07-26,India,NA,Rajasthan,68548437,1132,11,36430,613
2020-07-27,India,NA,Rajasthan,68548437,1134,8,37564,621
2020-07-28,India,NA,Rajasthan,68548437,1072,10,38636,631
2020-07-29,India,NA,Rajasthan,68548437,1144,13,39780,644
2020-07-30,India,NA,Rajasthan,68548437,1156,6,40936,650
2020-07-31,India,NA,Rajasthan,68548437,1147,13,42083,663
2020-08-01,India,NA,Rajasthan,68548437,1160,11,43243,674
2020-08-02,India,NA,Rajasthan,68548437,1167,16,44410,690
2020-08-03,India,NA,Rajasthan,68548437,1145,13,45555,703
2020-08-04,India,NA,Rajasthan,68548437,1124,12,46679,715
2020-08-05,India,NA,Rajasthan,68548437,1166,17,47845,732
2020-08-06,India,NA,Rajasthan,68548437,1151,13,48996,745
2020-08-07,India,NA,Rajasthan,68548437,1161,12,50157,757
2020-08-08,India,NA,Rajasthan,68548437,1171,10,51328,767
2020-08-09,India,NA,Rajasthan,68548437,1169,11,52497,778
2020-08-10,India,NA,Rajasthan,68548437,1173,11,53670,789
2020-08-11,India,NA,Rajasthan,68548437,1217,11,54887,800
2020-08-12,India,NA,Rajasthan,68548437,1213,11,56100,811
2020-08-13,India,NA,Rajasthan,68548437,1314,11,57414,822
2020-08-14,India,NA,Rajasthan,68548437,1278,11,58692,833
2020-08-15,India,NA,Rajasthan,68548437,1287,13,59979,846
2020-08-16,India,NA,Rajasthan,68548437,1317,16,61296,862
2020-08-17,India,NA,Rajasthan,68548437,1334,14,62630,876
2020-08-18,India,NA,Rajasthan,68548437,1347,11,63977,887
2020-08-19,India,NA,Rajasthan,68548437,1312,11,65289,898
2020-08-20,India,NA,Rajasthan,68548437,1330,12,66619,910
2020-08-21,India,NA,Rajasthan,68548437,1335,11,67954,921
2020-08-22,India,NA,Rajasthan,68548437,1310,12,69264,933
2020-08-23,India,NA,Rajasthan,68548437,1345,11,70609,944
2020-08-24,India,NA,Rajasthan,68548437,1346,11,71955,955
2020-08-25,India,NA,Rajasthan,68548437,1370,12,73325,967
2020-08-26,India,NA,Rajasthan,68548437,1345,0,74670,0
2020-08-27,India,NA,Rajasthan,68548437,1345,0,76015,0
2020-08-28,India,NA,Rajasthan,68548437,1355,0,77370,0
2020-08-29,India,NA,Rajasthan,68548437,1407,0,78777,0
2020-08-30,India,NA,Rajasthan,68548437,1450,0,80227,0
2020-08-31,India,NA,Rajasthan,68548437,1466,0,81693,0
2020-07-02,India,NA,Sikkim,611000,12,0,101,0
2020-07-03,India,NA,Sikkim,611000,1,0,102,0
2020-07-04,India,NA,Sikkim,611000,1,0,103,0
2020-07-05,India,NA,Sikkim,611000,22,0,125,0
2020-07-06,India,NA,Sikkim,611000,0,0,125,0
2020-07-07,India,NA,Sikkim,611000,2,0,127,0
2020-07-08,India,NA,Sikkim,611000,6,0,133,0
2020-07-09,India,NA,Sikkim,611000,1,0,134,0
2020-07-10,India,NA,Sikkim,611000,0,0,134,0
2020-07-11,India,NA,Sikkim,611000,26,0,160,0
2020-07-12,India,NA,Sikkim,611000,4,0,164,0
2020-07-13,India,NA,Sikkim,611000,2,0,166,0
2020-07-14,India,NA,Sikkim,611000,45,0,211,0
2020-07-15,India,NA,Sikkim,611000,11,0,222,0
2020-07-16,India,NA,Sikkim,611000,13,0,235,0
2020-07-17,India,NA,Sikkim,611000,32,0,267,0
2020-07-18,India,NA,Sikkim,611000,19,0,286,0
2020-07-19,India,NA,Sikkim,611000,10,0,296,0
2020-07-20,India,NA,Sikkim,611000,22,0,318,0
2020-07-21,India,NA,Sikkim,611000,25,0,343,0
2020-07-22,India,NA,Sikkim,611000,108,0,451,0
2020-07-23,India,NA,Sikkim,611000,22,0,473,0
2020-07-24,India,NA,Sikkim,611000,17,0,490,0
2020-07-25,India,NA,Sikkim,611000,22,0,512,0
2020-07-26,India,NA,Sikkim,611000,46,0,558,0
2020-07-27,India,NA,Sikkim,611000,10,0,568,0
2020-07-28,India,NA,Sikkim,611000,24,1,592,1
2020-07-29,India,NA,Sikkim,611000,17,0,609,1
2020-07-30,India,NA,Sikkim,611000,14,0,623,1
2020-07-31,India,NA,Sikkim,611000,29,0,652,1
2020-08-01,India,NA,Sikkim,611000,11,0,663,1
2020-08-02,India,NA,Sikkim,611000,8,0,671,1
2020-08-03,India,NA,Sikkim,611000,30,0,701,1
2020-08-04,India,NA,Sikkim,611000,95,0,796,1
2020-08-05,India,NA,Sikkim,611000,17,0,813,1
2020-08-06,India,NA,Sikkim,611000,29,0,842,1
2020-08-07,India,NA,Sikkim,611000,25,0,867,1
2020-08-08,India,NA,Sikkim,611000,6,0,873,1
2020-08-09,India,NA,Sikkim,611000,6,0,879,1
2020-08-10,India,NA,Sikkim,611000,44,0,923,1
2020-08-11,India,NA,Sikkim,611000,3,0,926,1
2020-08-12,India,NA,Sikkim,611000,17,0,943,1
2020-08-13,India,NA,Sikkim,611000,1,0,944,1
2020-08-14,India,NA,Sikkim,611000,149,0,1093,1
2020-08-15,India,NA,Sikkim,611000,68,0,1161,1
2020-08-16,India,NA,Sikkim,611000,19,0,1180,1
2020-08-17,India,NA,Sikkim,611000,20,0,1200,1
2020-08-18,India,NA,Sikkim,611000,20,0,1220,1
2020-08-19,India,NA,Sikkim,611000,25,1,1245,2
2020-08-20,India,NA,Sikkim,611000,58,1,1303,3
2020-08-21,India,NA,Sikkim,611000,46,0,1349,3
2020-08-22,India,NA,Sikkim,611000,45,0,1394,3
2020-08-23,India,NA,Sikkim,611000,22,0,1416,3
2020-08-24,India,NA,Sikkim,611000,43,0,1459,3
2020-08-25,India,NA,Sikkim,611000,29,0,1488,3
2020-08-26,India,NA,Sikkim,611000,11,0,1499,0
2020-08-27,India,NA,Sikkim,611000,56,0,1555,0
2020-08-28,India,NA,Sikkim,611000,34,0,1589,0
2020-08-29,India,NA,Sikkim,611000,26,0,1615,0
2020-08-30,India,NA,Sikkim,611000,25,0,1640,0
2020-08-31,India,NA,Sikkim,611000,25,0,1665,0
2020-03-31,India,NA,Tamil Nadu,72147030,57,0,124,1
2020-04-01,India,NA,Tamil Nadu,72147030,110,0,234,1
2020-04-02,India,NA,Tamil Nadu,72147030,75,0,309,0
2020-04-03,India,NA,Tamil Nadu,72147030,102,0,411,1
2020-04-04,India,NA,Tamil Nadu,72147030,74,1,485,2
2020-04-05,India,NA,Tamil Nadu,72147030,86,1,571,3
2020-04-06,India,NA,Tamil Nadu,72147030,50,2,621,5
2020-04-07,India,NA,Tamil Nadu,72147030,69,0,690,5
2020-04-08,India,NA,Tamil Nadu,72147030,48,2,738,7
2020-04-09,India,NA,Tamil Nadu,72147030,96,1,834,8
2020-04-10,India,NA,Tamil Nadu,72147030,77,0,911,8
2020-04-11,India,NA,Tamil Nadu,72147030,58,0,969,8
2020-04-12,India,NA,Tamil Nadu,72147030,106,2,1075,10
2020-04-13,India,NA,Tamil Nadu,72147030,98,1,1173,11
2020-04-14,India,NA,Tamil Nadu,72147030,31,0,1204,11
2020-04-15,India,NA,Tamil Nadu,72147030,38,1,1242,12
2020-04-16,India,NA,Tamil Nadu,72147030,25,2,1267,14
2020-04-17,India,NA,Tamil Nadu,72147030,56,1,1323,15
2020-04-18,India,NA,Tamil Nadu,72147030,49,0,1372,15
2020-04-19,India,NA,Tamil Nadu,72147030,105,0,1477,15
2020-04-20,India,NA,Tamil Nadu,72147030,43,0,1520,15
2020-04-21,India,NA,Tamil Nadu,72147030,76,2,1596,17
2020-04-22,India,NA,Tamil Nadu,72147030,33,1,1629,18
2020-04-23,India,NA,Tamil Nadu,72147030,54,0,1683,18
2020-04-24,India,NA,Tamil Nadu,72147030,72,2,1755,20
2020-04-25,India,NA,Tamil Nadu,72147030,66,2,1821,22
2020-04-26,India,NA,Tamil Nadu,72147030,64,1,1885,23
2020-04-27,India,NA,Tamil Nadu,72147030,52,1,1937,24
2020-04-28,India,NA,Tamil Nadu,72147030,121,0,2058,24
2020-04-29,India,NA,Tamil Nadu,72147030,104,1,2162,25
2020-04-30,India,NA,Tamil Nadu,72147030,161,2,2323,27
2020-05-01,India,NA,Tamil Nadu,72147030,203,0,2526,27
2020-05-02,India,NA,Tamil Nadu,72147030,231,1,2757,28
2020-05-03,India,NA,Tamil Nadu,72147030,266,1,3023,29
2020-05-04,India,NA,Tamil Nadu,72147030,527,1,3550,30
2020-05-05,India,NA,Tamil Nadu,72147030,508,1,4058,31
2020-05-06,India,NA,Tamil Nadu,72147030,771,2,4829,33
2020-05-07,India,NA,Tamil Nadu,72147030,580,2,5409,35
2020-05-08,India,NA,Tamil Nadu,72147030,600,2,6009,37
2020-05-09,India,NA,Tamil Nadu,72147030,526,3,6535,40
2020-05-10,India,NA,Tamil Nadu,72147030,669,4,7204,44
2020-05-11,India,NA,Tamil Nadu,72147030,798,3,8002,47
2020-05-12,India,NA,Tamil Nadu,72147030,716,6,8718,53
2020-05-13,India,NA,Tamil Nadu,72147030,509,8,9227,61
2020-05-14,India,NA,Tamil Nadu,72147030,447,3,9674,64
2020-05-15,India,NA,Tamil Nadu,72147030,434,2,10108,66
2020-05-16,India,NA,Tamil Nadu,72147030,477,5,10585,71
2020-05-17,India,NA,Tamil Nadu,72147030,639,3,11224,74
2020-05-18,India,NA,Tamil Nadu,72147030,536,4,11760,78
2020-05-19,India,NA,Tamil Nadu,72147030,688,3,12448,81
2020-05-20,India,NA,Tamil Nadu,72147030,743,3,13191,84
2020-05-21,India,NA,Tamil Nadu,72147030,776,3,13967,87
2020-05-22,India,NA,Tamil Nadu,72147030,786,7,14753,94
2020-05-23,India,NA,Tamil Nadu,72147030,759,4,15512,98
2020-05-24,India,NA,Tamil Nadu,72147030,765,5,16277,103
2020-05-25,India,NA,Tamil Nadu,72147030,805,8,17082,111
2020-05-26,India,NA,Tamil Nadu,72147030,646,7,17728,118
2020-05-27,India,NA,Tamil Nadu,72147030,817,9,18545,127
2020-05-28,India,NA,Tamil Nadu,72147030,827,6,19372,133
2020-05-29,India,NA,Tamil Nadu,72147030,874,12,20246,145
2020-05-30,India,NA,Tamil Nadu,72147030,938,9,21184,154
2020-05-31,India,NA,Tamil Nadu,72147030,1149,6,22333,160
2020-06-01,India,NA,Tamil Nadu,72147030,1162,13,23495,173
2020-06-02,India,NA,Tamil Nadu,72147030,1091,11,24586,184
2020-06-03,India,NA,Tamil Nadu,72147030,1286,13,25872,197
2020-06-04,India,NA,Tamil Nadu,72147030,1384,11,27256,208
2020-06-05,India,NA,Tamil Nadu,72147030,1438,12,28694,220
2020-06-06,India,NA,Tamil Nadu,72147030,1458,12,30152,232
2020-06-07,India,NA,Tamil Nadu,72147030,1515,19,31667,251
2020-06-08,India,NA,Tamil Nadu,72147030,1562,18,33229,269
2020-06-09,India,NA,Tamil Nadu,72147030,1685,17,34914,286
2020-06-10,India,NA,Tamil Nadu,72147030,1927,21,36841,307
2020-06-11,India,NA,Tamil Nadu,72147030,1875,19,38716,326
2020-06-12,India,NA,Tamil Nadu,72147030,1982,23,40698,349
2020-06-13,India,NA,Tamil Nadu,72147030,1989,18,42687,367
2020-06-14,India,NA,Tamil Nadu,72147030,1974,30,44661,397
2020-06-15,India,NA,Tamil Nadu,72147030,1843,38,46504,435
2020-06-16,India,NA,Tamil Nadu,72147030,1515,44,48019,479
2020-06-17,India,NA,Tamil Nadu,72147030,2174,49,50193,528
2020-06-18,India,NA,Tamil Nadu,72147030,2141,48,52334,576
2020-06-19,India,NA,Tamil Nadu,72147030,2115,49,54449,625
2020-06-20,India,NA,Tamil Nadu,72147030,2396,41,56845,666
2020-06-21,India,NA,Tamil Nadu,72147030,2532,38,59377,704
2020-06-22,India,NA,Tamil Nadu,72147030,2710,53,62087,757
2020-06-23,India,NA,Tamil Nadu,72147030,2516,37,64603,794
2020-06-24,India,NA,Tamil Nadu,72147030,2865,39,67468,833
2020-06-25,India,NA,Tamil Nadu,72147030,3509,33,70977,866
2020-06-26,India,NA,Tamil Nadu,72147030,3645,45,74622,911
2020-06-27,India,NA,Tamil Nadu,72147030,3713,46,78335,957
2020-06-28,India,NA,Tamil Nadu,72147030,3940,68,82275,1025
2020-06-29,India,NA,Tamil Nadu,72147030,3949,54,86224,1079
2020-06-30,India,NA,Tamil Nadu,72147030,3943,62,90167,1141
2020-07-01,India,NA,Tamil Nadu,72147030,3882,60,94049,1201
2020-07-02,India,NA,Tamil Nadu,72147030,4343,63,98392,1264
2020-07-03,India,NA,Tamil Nadu,72147030,4329,57,102721,1321
2020-07-04,India,NA,Tamil Nadu,72147030,4280,64,107001,1385
2020-07-05,India,NA,Tamil Nadu,72147030,4150,65,111151,1450
2020-07-06,India,NA,Tamil Nadu,72147030,3827,60,114978,1510
2020-07-07,India,NA,Tamil Nadu,72147030,3616,61,118594,1571
2020-07-08,India,NA,Tamil Nadu,72147030,3756,65,122350,1636
2020-07-09,India,NA,Tamil Nadu,72147030,4231,64,126581,1700
2020-07-10,India,NA,Tamil Nadu,72147030,3680,65,130261,1765
2020-07-11,India,NA,Tamil Nadu,72147030,3965,64,134226,1829
2020-07-12,India,NA,Tamil Nadu,72147030,4244,69,138470,1898
2020-07-13,India,NA,Tamil Nadu,72147030,4328,68,142798,1966
2020-07-14,India,NA,Tamil Nadu,72147030,4526,66,147324,2032
2020-07-15,India,NA,Tamil Nadu,72147030,4496,67,151820,2099
2020-07-16,India,NA,Tamil Nadu,72147030,4549,68,156369,2167
2020-07-17,India,NA,Tamil Nadu,72147030,4538,69,160907,2236
2020-07-18,India,NA,Tamil Nadu,72147030,4807,79,165714,2315
2020-07-19,India,NA,Tamil Nadu,72147030,4979,88,170693,2403
2020-07-20,India,NA,Tamil Nadu,72147030,4985,78,175678,2481
2020-07-21,India,NA,Tamil Nadu,72147030,4965,70,180643,2551
2020-07-22,India,NA,Tamil Nadu,72147030,5849,75,186492,2626
2020-07-23,India,NA,Tamil Nadu,72147030,6472,518,192964,3144
2020-07-24,India,NA,Tamil Nadu,72147030,6785,88,199749,3232
2020-07-25,India,NA,Tamil Nadu,72147030,6988,88,206737,3320
2020-07-26,India,NA,Tamil Nadu,72147030,6986,89,213723,3409
2020-07-27,India,NA,Tamil Nadu,72147030,6993,85,220716,3494
2020-07-28,India,NA,Tamil Nadu,72147030,6972,77,227688,3571
2020-07-29,India,NA,Tamil Nadu,72147030,6426,88,234114,3659
2020-07-30,India,NA,Tamil Nadu,72147030,5864,82,239978,3741
2020-07-31,India,NA,Tamil Nadu,72147030,5881,97,245859,3838
2020-08-01,India,NA,Tamil Nadu,72147030,5879,97,251738,3935
2020-08-02,India,NA,Tamil Nadu,72147030,5875,99,257613,4034
2020-08-03,India,NA,Tamil Nadu,72147030,5609,98,263222,4132
2020-08-04,India,NA,Tamil Nadu,72147030,5063,109,268285,4241
2020-08-05,India,NA,Tamil Nadu,72147030,5175,108,273460,4349
2020-08-06,India,NA,Tamil Nadu,72147030,5684,112,279144,4461
2020-08-07,India,NA,Tamil Nadu,72147030,5880,110,285024,4571
2020-08-08,India,NA,Tamil Nadu,72147030,5883,119,290907,4690
2020-08-09,India,NA,Tamil Nadu,72147030,5994,118,296901,4808
2020-08-10,India,NA,Tamil Nadu,72147030,5914,119,302815,4927
2020-08-11,India,NA,Tamil Nadu,72147030,5834,114,308649,5041
2020-08-12,India,NA,Tamil Nadu,72147030,5871,118,314520,5159
2020-08-13,India,NA,Tamil Nadu,72147030,5835,119,320355,5278
2020-08-14,India,NA,Tamil Nadu,72147030,5890,119,326245,5397
2020-08-15,India,NA,Tamil Nadu,72147030,5860,117,332105,5514
2020-08-16,India,NA,Tamil Nadu,72147030,5950,127,338055,5641
2020-08-17,India,NA,Tamil Nadu,72147030,5890,125,343945,5766
2020-08-18,India,NA,Tamil Nadu,72147030,5709,120,349654,5886
2020-08-19,India,NA,Tamil Nadu,72147030,5795,121,355449,6007
2020-08-20,India,NA,Tamil Nadu,72147030,5986,116,361435,6123
2020-08-21,India,NA,Tamil Nadu,72147030,5995,116,367430,6239
2020-08-22,India,NA,Tamil Nadu,72147030,5980,101,373410,6340
2020-08-23,India,NA,Tamil Nadu,72147030,5975,80,379385,6420
2020-08-24,India,NA,Tamil Nadu,72147030,5967,97,385352,6517
2020-08-25,India,NA,Tamil Nadu,72147030,5951,97,391303,6614
2020-08-26,India,NA,Tamil Nadu,72147030,5958,0,397261,0
2020-08-27,India,NA,Tamil Nadu,72147030,5981,0,403242,0
2020-08-28,India,NA,Tamil Nadu,72147030,5996,0,409238,0
2020-08-29,India,NA,Tamil Nadu,72147030,6352,0,415590,0
2020-08-30,India,NA,Tamil Nadu,72147030,6495,0,422085,0
2020-08-31,India,NA,Tamil Nadu,72147030,5956,0,428041,0
2020-04-01,India,NA,Telangana,35193978,30,2,127,3
2020-04-02,India,NA,Telangana,35193978,27,0,154,3
2020-04-03,India,NA,Telangana,35193978,75,4,229,7
2020-04-04,India,NA,Telangana,35193978,43,0,272,7
2020-04-05,India,NA,Telangana,35193978,62,0,334,7
2020-04-06,India,NA,Telangana,35193978,30,0,364,7
2020-04-07,India,NA,Telangana,35193978,40,0,404,7
2020-04-08,India,NA,Telangana,35193978,49,0,453,7
2020-04-09,India,NA,Telangana,35193978,18,0,471,7
2020-04-10,India,NA,Telangana,35193978,16,0,487,7
2020-04-11,India,NA,Telangana,35193978,16,2,503,9
2020-04-12,India,NA,Telangana,35193978,28,0,531,0
2020-04-13,India,NA,Telangana,35193978,61,7,592,16
2020-04-14,India,NA,Telangana,35193978,52,1,644,17
2020-04-15,India,NA,Telangana,35193978,6,1,650,18
2020-04-16,India,NA,Telangana,35193978,50,0,700,18
2020-04-17,India,NA,Telangana,35193978,66,0,766,18
2020-04-18,India,NA,Telangana,35193978,43,0,809,18
2020-04-19,India,NA,Telangana,35193978,49,0,858,18
2020-04-20,India,NA,Telangana,35193978,14,3,872,21
2020-04-21,India,NA,Telangana,35193978,56,2,928,23
2020-04-22,India,NA,Telangana,35193978,15,0,943,23
2020-04-23,India,NA,Telangana,35193978,27,1,970,24
2020-04-24,India,NA,Telangana,35193978,13,2,983,26
2020-04-25,India,NA,Telangana,35193978,7,0,990,0
2020-04-26,India,NA,Telangana,35193978,11,0,1001,26
2020-04-27,India,NA,Telangana,35193978,2,0,1003,26
2020-04-28,India,NA,Telangana,35193978,6,0,1009,26
2020-04-29,India,NA,Telangana,35193978,7,0,1016,26
2020-04-30,India,NA,Telangana,35193978,22,0,1038,0
2020-05-01,India,NA,Telangana,35193978,6,0,1044,26
2020-05-02,India,NA,Telangana,35193978,17,0,1061,26
2020-05-03,India,NA,Telangana,35193978,21,2,1082,28
2020-05-04,India,NA,Telangana,35193978,3,1,1085,29
2020-05-05,India,NA,Telangana,35193978,11,0,1096,29
2020-05-06,India,NA,Telangana,35193978,11,0,1107,29
2020-05-07,India,NA,Telangana,35193978,15,0,1122,29
2020-05-08,India,NA,Telangana,35193978,10,0,1132,29
2020-05-09,India,NA,Telangana,35193978,31,0,1163,29
2020-05-10,India,NA,Telangana,35193978,33,1,1196,30
2020-05-11,India,NA,Telangana,35193978,79,0,1275,30
2020-05-12,India,NA,Telangana,35193978,51,0,1326,30
2020-05-13,India,NA,Telangana,35193978,41,2,1367,32
2020-05-14,India,NA,Telangana,35193978,47,2,1414,34
2020-05-15,India,NA,Telangana,35193978,40,0,1454,34
2020-05-16,India,NA,Telangana,35193978,55,0,1509,34
2020-05-17,India,NA,Telangana,35193978,42,0,1551,34
2020-05-18,India,NA,Telangana,35193978,41,0,1592,34
2020-05-19,India,NA,Telangana,35193978,42,1,1634,35
2020-05-20,India,NA,Telangana,35193978,27,3,1661,38
2020-05-21,India,NA,Telangana,35193978,38,2,1699,40
2020-05-22,India,NA,Telangana,35193978,62,5,1761,45
2020-05-23,India,NA,Telangana,35193978,52,0,1813,45
2020-05-24,India,NA,Telangana,35193978,41,4,1854,49
2020-05-25,India,NA,Telangana,35193978,66,4,1920,53
2020-05-26,India,NA,Telangana,35193978,112,3,2032,56
2020-05-27,India,NA,Telangana,35193978,107,1,2139,57
2020-05-28,India,NA,Telangana,35193978,117,6,2256,63
2020-05-29,India,NA,Telangana,35193978,169,4,2425,67
2020-05-30,India,NA,Telangana,35193978,74,4,2499,71
2020-05-31,India,NA,Telangana,35193978,199,6,2698,77
2020-06-01,India,NA,Telangana,35193978,94,5,2792,82
2020-06-02,India,NA,Telangana,35193978,99,6,2891,88
2020-06-03,India,NA,Telangana,35193978,129,4,3020,92
2020-06-04,India,NA,Telangana,35193978,127,7,3147,99
2020-06-05,India,NA,Telangana,35193978,143,6,3290,105
2020-06-06,India,NA,Telangana,35193978,206,8,3496,113
2020-06-07,India,NA,Telangana,35193978,154,10,3650,123
2020-06-08,India,NA,Telangana,35193978,92,14,3742,137
2020-06-09,India,NA,Telangana,35193978,178,5,3920,142
2020-06-10,India,NA,Telangana,35193978,191,6,4111,148
2020-06-11,India,NA,Telangana,35193978,209,8,4320,156
2020-06-12,India,NA,Telangana,35193978,164,9,4484,165
2020-06-13,India,NA,Telangana,35193978,253,9,4737,174
2020-06-14,India,NA,Telangana,35193978,237,8,4974,182
2020-06-15,India,NA,Telangana,35193978,219,3,5193,185
2020-06-16,India,NA,Telangana,35193978,213,2,5406,187
2020-06-17,India,NA,Telangana,35193978,269,4,5675,191
2020-06-18,India,NA,Telangana,35193978,352,1,6027,192
2020-06-19,India,NA,Telangana,35193978,499,3,6526,195
2020-06-20,India,NA,Telangana,35193978,546,3,7072,198
2020-06-21,India,NA,Telangana,35193978,730,5,7802,203
2020-06-22,India,NA,Telangana,35193978,872,7,8674,210
2020-06-23,India,NA,Telangana,35193978,879,7,9553,217
2020-06-24,India,NA,Telangana,35193978,891,3,10444,220
2020-06-25,India,NA,Telangana,35193978,920,5,11364,225
2020-06-26,India,NA,Telangana,35193978,985,5,12349,230
2020-06-27,India,NA,Telangana,35193978,1087,7,13436,237
2020-06-28,India,NA,Telangana,35193978,983,6,14419,243
2020-06-29,India,NA,Telangana,35193978,975,4,15394,247
2020-06-30,India,NA,Telangana,35193978,945,6,16339,253
2020-07-01,India,NA,Telangana,35193978,1018,7,17357,260
2020-07-02,India,NA,Telangana,35193978,1213,7,18570,267
2020-07-03,India,NA,Telangana,35193978,1892,8,20462,275
2020-07-04,India,NA,Telangana,35193978,1850,8,22312,283
2020-07-05,India,NA,Telangana,35193978,1590,5,23902,288
2020-07-06,India,NA,Telangana,35193978,1831,7,25733,295
2020-07-07,India,NA,Telangana,35193978,1879,11,27612,306
2020-07-08,India,NA,Telangana,35193978,1924,7,29536,313
2020-07-09,India,NA,Telangana,35193978,1410,11,30946,324
2020-07-10,India,NA,Telangana,35193978,1278,7,32224,331
2020-07-11,India,NA,Telangana,35193978,1178,8,33402,339
2020-07-12,India,NA,Telangana,35193978,1269,9,34671,348
2020-07-13,India,NA,Telangana,35193978,1550,8,36221,356
2020-07-14,India,NA,Telangana,35193978,1524,9,37745,365
2020-07-15,India,NA,Telangana,35193978,1597,10,39342,375
2020-07-16,India,NA,Telangana,35193978,1676,11,41018,386
2020-07-17,India,NA,Telangana,35193978,1478,10,42496,396
2020-07-18,India,NA,Telangana,35193978,1284,7,43780,403
2020-07-19,India,NA,Telangana,35193978,1296,6,45076,409
2020-07-20,India,NA,Telangana,35193978,1198,6,46274,415
2020-07-21,India,NA,Telangana,35193978,1430,7,47704,422
2020-07-22,India,NA,Telangana,35193978,1555,7,49259,429
2020-07-23,India,NA,Telangana,35193978,1567,9,50826,438
2020-07-24,India,NA,Telangana,35193978,1640,9,52466,447
2020-07-25,India,NA,Telangana,35193978,1593,8,54059,455
2020-07-26,India,NA,Telangana,35193978,0,0,54059,0
2020-07-27,India,NA,Telangana,35193978,1473,8,55532,463
2020-07-28,India,NA,Telangana,35193978,1610,17,57142,480
2020-07-29,India,NA,Telangana,35193978,1764,0,58906,0
2020-07-30,India,NA,Telangana,35193978,1811,12,60717,492
2020-07-31,India,NA,Telangana,35193978,1986,13,62703,505
2020-08-01,India,NA,Telangana,35193978,2083,14,64786,519
2020-08-02,India,NA,Telangana,35193978,1891,11,66677,530
2020-08-03,India,NA,Telangana,35193978,983,10,67660,540
2020-08-04,India,NA,Telangana,35193978,1286,23,68946,563
2020-08-05,India,NA,Telangana,35193978,2012,13,70958,576
2020-08-06,India,NA,Telangana,35193978,2092,13,73050,589
2020-08-07,India,NA,Telangana,35193978,2207,12,75257,601
2020-08-08,India,NA,Telangana,35193978,2256,14,77513,615
2020-08-09,India,NA,Telangana,35193978,1982,12,79495,627
2020-08-10,India,NA,Telangana,35193978,1256,10,80751,637
2020-08-11,India,NA,Telangana,35193978,1896,8,82647,645
2020-08-12,India,NA,Telangana,35193978,1897,9,84544,654
2020-08-13,India,NA,Telangana,35193978,1931,11,86475,665
2020-08-14,India,NA,Telangana,35193978,1921,9,88396,674
2020-08-15,India,NA,Telangana,35193978,1863,10,90259,684
2020-08-16,India,NA,Telangana,35193978,1102,9,91361,693
2020-08-17,India,NA,Telangana,35193978,894,10,92255,703
2020-08-18,India,NA,Telangana,35193978,1682,8,93937,711
2020-08-19,India,NA,Telangana,35193978,1763,8,95700,719
2020-08-20,India,NA,Telangana,35193978,1724,10,97424,729
2020-08-21,India,NA,Telangana,35193978,1457,8,98881,737
2020-08-22,India,NA,Telangana,35193978,2474,7,101355,744
2020-08-23,India,NA,Telangana,35193978,2384,11,103739,755
2020-08-24,India,NA,Telangana,35193978,1842,6,105581,761
2020-08-25,India,NA,Telangana,35193978,2579,9,108160,770
2020-08-26,India,NA,Telangana,35193978,3018,0,111178,0
2020-08-27,India,NA,Telangana,35193978,2795,0,113973,0
2020-08-28,India,NA,Telangana,35193978,2932,0,116905,0
2020-08-29,India,NA,Telangana,35193978,2751,0,119656,0
2020-08-30,India,NA,Telangana,35193978,2924,0,122580,0
2020-08-31,India,NA,Telangana,35193978,1873,0,124453,0
2020-05-08,India,NA,Tripura,3673917,30,0,119,0
2020-05-09,India,NA,Tripura,3673917,17,0,136,0
2020-05-10,India,NA,Tripura,3673917,16,0,152,0
2020-05-11,India,NA,Tripura,3673917,0,0,152,0
2020-05-12,India,NA,Tripura,3673917,2,0,154,0
2020-05-13,India,NA,Tripura,3673917,1,0,155,0
2020-05-14,India,NA,Tripura,3673917,1,0,156,0
2020-05-15,India,NA,Tripura,3673917,0,0,156,0
2020-05-16,India,NA,Tripura,3673917,11,0,167,0
2020-05-17,India,NA,Tripura,3673917,0,0,165,0
2020-05-18,India,NA,Tripura,3673917,0,0,165,0
2020-05-19,India,NA,Tripura,3673917,8,0,173,0
2020-05-20,India,NA,Tripura,3673917,0,0,173,0
2020-05-21,India,NA,Tripura,3673917,2,0,175,0
2020-05-22,India,NA,Tripura,3673917,0,0,175,0
2020-05-23,India,NA,Tripura,3673917,16,0,191,0
2020-05-24,India,NA,Tripura,3673917,3,0,194,0
2020-05-25,India,NA,Tripura,3673917,4,0,198,0
2020-05-26,India,NA,Tripura,3673917,34,0,232,0
2020-05-27,India,NA,Tripura,3673917,10,0,242,0
2020-05-28,India,NA,Tripura,3673917,2,0,244,0
2020-05-29,India,NA,Tripura,3673917,10,0,254,0
2020-05-30,India,NA,Tripura,3673917,17,0,271,0
2020-05-31,India,NA,Tripura,3673917,45,0,316,0
2020-06-01,India,NA,Tripura,3673917,107,0,423,0
2020-06-02,India,NA,Tripura,3673917,48,0,471,0
2020-06-03,India,NA,Tripura,3673917,151,0,622,0
2020-06-04,India,NA,Tripura,3673917,24,0,646,0
2020-06-05,India,NA,Tripura,3673917,48,0,694,0
2020-06-06,India,NA,Tripura,3673917,55,0,749,0
2020-06-07,India,NA,Tripura,3673917,53,0,802,0
2020-06-08,India,NA,Tripura,3673917,38,0,840,0
2020-06-09,India,NA,Tripura,3673917,26,0,866,0
2020-06-10,India,NA,Tripura,3673917,31,1,897,1
2020-06-11,India,NA,Tripura,3673917,25,0,922,1
2020-06-12,India,NA,Tripura,3673917,41,0,963,1
2020-06-13,India,NA,Tripura,3673917,83,0,1046,1
2020-06-14,India,NA,Tripura,3673917,33,0,1079,1
2020-06-15,India,NA,Tripura,3673917,10,0,1089,1
2020-06-16,India,NA,Tripura,3673917,1,0,1090,1
2020-06-17,India,NA,Tripura,3673917,43,0,1133,1
2020-06-18,India,NA,Tripura,3673917,21,0,1154,1
2020-06-19,India,NA,Tripura,3673917,27,0,1181,1
2020-06-20,India,NA,Tripura,3673917,8,0,1189,1
2020-06-21,India,NA,Tripura,3673917,35,0,1224,1
2020-06-22,India,NA,Tripura,3673917,16,0,1240,1
2020-06-23,India,NA,Tripura,3673917,23,0,1263,1
2020-06-24,India,NA,Tripura,3673917,0,0,1263,1
2020-06-25,India,NA,Tripura,3673917,32,0,1295,0
2020-06-26,India,NA,Tripura,3673917,35,0,1330,1
2020-06-27,India,NA,Tripura,3673917,9,0,1339,1
2020-06-28,India,NA,Tripura,3673917,12,0,1351,1
2020-06-29,India,NA,Tripura,3673917,34,0,1385,1
2020-06-30,India,NA,Tripura,3673917,8,0,1393,1
2020-07-01,India,NA,Tripura,3673917,8,0,1401,1
2020-07-02,India,NA,Tripura,3673917,39,0,1440,1
2020-07-03,India,NA,Tripura,3673917,93,0,1533,1
2020-07-04,India,NA,Tripura,3673917,25,0,1558,1
2020-07-05,India,NA,Tripura,3673917,23,0,1581,1
2020-07-06,India,NA,Tripura,3673917,111,0,1692,1
2020-07-07,India,NA,Tripura,3673917,24,0,1716,1
2020-07-08,India,NA,Tripura,3673917,57,0,1773,1
2020-07-09,India,NA,Tripura,3673917,16,0,1789,1
2020-07-10,India,NA,Tripura,3673917,142,0,1931,1
2020-07-11,India,NA,Tripura,3673917,31,0,1962,1
2020-07-12,India,NA,Tripura,3673917,105,1,2067,2
2020-07-13,India,NA,Tripura,3673917,26,0,2093,2
2020-07-14,India,NA,Tripura,3673917,90,0,2183,2
2020-07-15,India,NA,Tripura,3673917,98,0,2281,2
2020-07-16,India,NA,Tripura,3673917,98,1,2379,3
2020-07-17,India,NA,Tripura,3673917,118,0,2497,3
2020-07-18,India,NA,Tripura,3673917,171,0,2668,3
2020-07-19,India,NA,Tripura,3673917,223,2,2891,5
2020-07-20,India,NA,Tripura,3673917,202,0,3093,5
2020-07-21,India,NA,Tripura,3673917,252,2,3345,7
2020-07-22,India,NA,Tripura,3673917,126,1,3471,8
2020-07-23,India,NA,Tripura,3673917,206,1,3677,9
2020-07-24,India,NA,Tripura,3673917,100,1,3777,10
2020-07-25,India,NA,Tripura,3673917,105,1,3882,11
2020-07-26,India,NA,Tripura,3673917,37,0,3919,11
2020-07-27,India,NA,Tripura,3673917,147,2,4066,13
2020-07-28,India,NA,Tripura,3673917,221,4,4287,17
2020-07-29,India,NA,Tripura,3673917,216,4,4503,21
2020-07-30,India,NA,Tripura,3673917,219,0,4722,21
2020-07-31,India,NA,Tripura,3673917,274,0,4996,21
2020-08-01,India,NA,Tripura,3673917,252,0,5248,21
2020-08-02,India,NA,Tripura,3673917,141,2,5389,23
2020-08-03,India,NA,Tripura,3673917,0,4,5389,27
2020-08-04,India,NA,Tripura,3673917,131,1,5520,28
2020-08-05,India,NA,Tripura,3673917,122,2,5642,30
2020-08-06,India,NA,Tripura,3673917,98,1,5740,31
2020-08-07,India,NA,Tripura,3673917,128,5,5868,36
2020-08-08,India,NA,Tripura,3673917,146,1,6014,37
2020-08-09,India,NA,Tripura,3673917,147,4,6161,41
2020-08-10,India,NA,Tripura,3673917,62,1,6223,42
2020-08-11,India,NA,Tripura,3673917,164,1,6387,43
2020-08-12,India,NA,Tripura,3673917,110,0,6497,43
2020-08-13,India,NA,Tripura,3673917,121,1,6618,44
2020-08-14,India,NA,Tripura,3673917,164,2,6782,46
2020-08-15,India,NA,Tripura,3673917,167,4,6949,50
2020-08-16,India,NA,Tripura,3673917,127,5,7076,55
2020-08-17,India,NA,Tripura,3673917,143,4,7219,59
2020-08-18,India,NA,Tripura,3673917,205,3,7424,62
2020-08-19,India,NA,Tripura,3673917,236,3,7660,65
2020-08-20,India,NA,Tripura,3673917,190,0,7850,65
2020-08-21,India,NA,Tripura,3673917,256,4,8106,69
2020-08-22,India,NA,Tripura,3673917,280,1,8386,70
2020-08-23,India,NA,Tripura,3673917,331,2,8717,72
2020-08-24,India,NA,Tripura,3673917,200,1,8917,73
2020-08-25,India,NA,Tripura,3673917,293,5,9210,78
2020-08-26,India,NA,Tripura,3673917,329,0,9539,0
2020-08-27,India,NA,Tripura,3673917,385,0,9924,0
2020-08-28,India,NA,Tripura,3673917,509,0,10433,0
2020-08-29,India,NA,Tripura,3673917,443,0,10876,0
2020-08-30,India,NA,Tripura,3673917,447,0,11323,0
2020-08-31,India,NA,Tripura,3673917,321,0,11644,0
2020-03-31,India,NA,Uttar Pradesh,199581477,8,0,104,0
2020-04-01,India,NA,Uttar Pradesh,199581477,13,2,117,2
2020-04-02,India,NA,Uttar Pradesh,199581477,11,0,128,2
2020-04-03,India,NA,Uttar Pradesh,199581477,46,0,174,2
2020-04-04,India,NA,Uttar Pradesh,199581477,60,0,234,2
2020-04-05,India,NA,Uttar Pradesh,199581477,44,0,278,2
2020-04-06,India,NA,Uttar Pradesh,199581477,27,1,305,3
2020-04-07,India,NA,Uttar Pradesh,199581477,27,0,332,0
2020-04-08,India,NA,Uttar Pradesh,199581477,29,0,361,3
2020-04-09,India,NA,Uttar Pradesh,199581477,49,1,410,4
2020-04-10,India,NA,Uttar Pradesh,199581477,23,0,433,4
2020-04-11,India,NA,Uttar Pradesh,199581477,19,0,452,4
2020-04-12,India,NA,Uttar Pradesh,199581477,31,1,483,5
2020-04-13,India,NA,Uttar Pradesh,199581477,75,0,558,5
2020-04-14,India,NA,Uttar Pradesh,199581477,102,0,660,5
2020-04-15,India,NA,Uttar Pradesh,199581477,75,6,735,11
2020-04-16,India,NA,Uttar Pradesh,199581477,70,2,805,13
2020-04-17,India,NA,Uttar Pradesh,199581477,44,1,849,14
2020-04-18,India,NA,Uttar Pradesh,199581477,126,0,975,14
2020-04-19,India,NA,Uttar Pradesh,199581477,125,3,1100,17
2020-04-20,India,NA,Uttar Pradesh,199581477,84,0,1184,17
2020-04-21,India,NA,Uttar Pradesh,199581477,153,3,1337,20
2020-04-22,India,NA,Uttar Pradesh,199581477,112,1,1449,21
2020-04-23,India,NA,Uttar Pradesh,199581477,61,0,1510,21
2020-04-24,India,NA,Uttar Pradesh,199581477,111,3,1621,24
2020-04-25,India,NA,Uttar Pradesh,199581477,172,2,1793,26
2020-04-26,India,NA,Uttar Pradesh,199581477,80,3,1873,29
2020-04-27,India,NA,Uttar Pradesh,199581477,113,2,1986,31
2020-04-28,India,NA,Uttar Pradesh,199581477,67,0,2053,31
2020-04-29,India,NA,Uttar Pradesh,199581477,81,5,2134,36
2020-04-30,India,NA,Uttar Pradesh,199581477,77,3,2211,39
2020-05-01,India,NA,Uttar Pradesh,199581477,117,2,2328,41
2020-05-02,India,NA,Uttar Pradesh,199581477,159,2,2487,43
2020-05-03,India,NA,Uttar Pradesh,199581477,158,0,2645,43
2020-05-04,India,NA,Uttar Pradesh,199581477,121,2,2766,45
2020-05-05,India,NA,Uttar Pradesh,199581477,114,8,2880,53
2020-05-06,India,NA,Uttar Pradesh,199581477,118,3,2998,56
2020-05-07,India,NA,Uttar Pradesh,199581477,73,4,3071,60
2020-05-08,India,NA,Uttar Pradesh,199581477,143,2,3214,62
2020-05-09,India,NA,Uttar Pradesh,199581477,159,4,3373,66
2020-05-10,India,NA,Uttar Pradesh,199581477,94,8,3467,74
2020-05-11,India,NA,Uttar Pradesh,199581477,106,0,3573,74
2020-05-12,India,NA,Uttar Pradesh,199581477,91,6,3664,80
2020-05-13,India,NA,Uttar Pradesh,199581477,94,2,3758,82
2020-05-14,India,NA,Uttar Pradesh,199581477,144,1,3902,83
2020-05-15,India,NA,Uttar Pradesh,199581477,155,5,4057,88
2020-05-16,India,NA,Uttar Pradesh,199581477,201,7,4258,95
2020-05-17,India,NA,Uttar Pradesh,199581477,206,9,4464,104
2020-05-18,India,NA,Uttar Pradesh,199581477,141,0,4605,104
2020-05-19,India,NA,Uttar Pradesh,199581477,321,14,4926,118
2020-05-20,India,NA,Uttar Pradesh,199581477,249,5,5175,123
2020-05-21,India,NA,Uttar Pradesh,199581477,340,4,5515,127
2020-05-22,India,NA,Uttar Pradesh,199581477,220,11,5735,138
2020-05-23,India,NA,Uttar Pradesh,199581477,282,14,6017,152
2020-05-24,India,NA,Uttar Pradesh,199581477,251,3,6268,155
2020-05-25,India,NA,Uttar Pradesh,199581477,229,6,6497,161
2020-05-26,India,NA,Uttar Pradesh,199581477,227,4,6724,165
2020-05-27,India,NA,Uttar Pradesh,199581477,267,5,6991,170
2020-05-28,India,NA,Uttar Pradesh,199581477,179,12,7170,182
2020-05-29,India,NA,Uttar Pradesh,199581477,275,15,7445,197
2020-05-30,India,NA,Uttar Pradesh,199581477,256,1,7701,198
2020-05-31,India,NA,Uttar Pradesh,199581477,374,3,8075,201
2020-06-01,India,NA,Uttar Pradesh,199581477,286,12,8361,213
2020-06-02,India,NA,Uttar Pradesh,199581477,368,4,8729,217
2020-06-03,India,NA,Uttar Pradesh,199581477,141,5,8870,222
2020-06-04,India,NA,Uttar Pradesh,199581477,367,7,9237,229
2020-06-05,India,NA,Uttar Pradesh,199581477,496,16,9733,245
2020-06-06,India,NA,Uttar Pradesh,199581477,370,12,10103,257
2020-06-07,India,NA,Uttar Pradesh,199581477,433,0,10536,0
2020-06-08,India,NA,Uttar Pradesh,199581477,411,18,10947,275
2020-06-09,India,NA,Uttar Pradesh,199581477,388,8,11335,283
2020-06-10,India,NA,Uttar Pradesh,199581477,275,18,11610,301
2020-06-11,India,NA,Uttar Pradesh,199581477,478,20,12088,321
2020-06-12,India,NA,Uttar Pradesh,199581477,528,24,12616,345
2020-06-13,India,NA,Uttar Pradesh,199581477,502,20,13118,365
2020-06-14,India,NA,Uttar Pradesh,199581477,497,20,13615,385
2020-06-15,India,NA,Uttar Pradesh,199581477,476,14,14091,399
2020-06-16,India,NA,Uttar Pradesh,199581477,507,0,14598,0
2020-06-17,India,NA,Uttar Pradesh,199581477,583,18,15181,417
2020-06-18,India,NA,Uttar Pradesh,199581477,604,18,15785,435
2020-06-19,India,NA,Uttar Pradesh,199581477,809,30,16594,465
2020-06-20,India,NA,Uttar Pradesh,199581477,541,23,17135,488
2020-06-21,India,NA,Uttar Pradesh,199581477,596,19,17731,507
2020-06-22,India,NA,Uttar Pradesh,199581477,591,43,18322,550
2020-06-23,India,NA,Uttar Pradesh,199581477,571,19,18893,569
2020-06-24,India,NA,Uttar Pradesh,199581477,664,19,19557,588
2020-06-25,India,NA,Uttar Pradesh,199581477,636,8,20193,596
2020-06-26,India,NA,Uttar Pradesh,199581477,750,15,20943,611
2020-06-27,India,NA,Uttar Pradesh,199581477,606,19,21549,630
2020-06-28,India,NA,Uttar Pradesh,199581477,598,19,22147,649
2020-06-29,India,NA,Uttar Pradesh,199581477,681,11,22828,660
2020-06-30,India,NA,Uttar Pradesh,199581477,664,12,23492,672
2020-07-01,India,NA,Uttar Pradesh,199581477,564,25,24056,697
2020-07-02,India,NA,Uttar Pradesh,199581477,769,21,24825,718
2020-07-03,India,NA,Uttar Pradesh,199581477,972,17,25797,735
2020-07-04,India,NA,Uttar Pradesh,199581477,757,14,26554,749
2020-07-05,India,NA,Uttar Pradesh,199581477,1153,24,27707,773
2020-07-06,India,NA,Uttar Pradesh,199581477,929,12,28636,785
2020-07-07,India,NA,Uttar Pradesh,199581477,1332,24,29968,809
2020-07-08,India,NA,Uttar Pradesh,199581477,1188,18,31156,827
2020-07-09,India,NA,Uttar Pradesh,199581477,1206,18,32362,845
2020-07-10,India,NA,Uttar Pradesh,199581477,1338,17,33700,862
2020-07-11,India,NA,Uttar Pradesh,199581477,1392,27,35092,889
2020-07-12,India,NA,Uttar Pradesh,199581477,1384,24,36476,913
2020-07-13,India,NA,Uttar Pradesh,199581477,1654,21,38130,934
2020-07-14,India,NA,Uttar Pradesh,199581477,1594,21,39724,955
2020-07-15,India,NA,Uttar Pradesh,199581477,1659,28,41383,983
2020-07-16,India,NA,Uttar Pradesh,199581477,2058,29,43441,1012
2020-07-17,India,NA,Uttar Pradesh,199581477,1722,34,45163,1046
2020-07-18,India,NA,Uttar Pradesh,199581477,1873,38,47036,1084
2020-07-19,India,NA,Uttar Pradesh,199581477,2211,24,49247,1108
2020-07-20,India,NA,Uttar Pradesh,199581477,1913,38,51160,1146
2020-07-21,India,NA,Uttar Pradesh,199581477,2128,46,53288,1192
2020-07-22,India,NA,Uttar Pradesh,199581477,2300,37,55588,1229
2020-07-23,India,NA,Uttar Pradesh,199581477,2516,34,58104,1263
2020-07-24,India,NA,Uttar Pradesh,199581477,2667,26,60771,1289
2020-07-25,India,NA,Uttar Pradesh,199581477,2971,59,63742,1348
2020-07-26,India,NA,Uttar Pradesh,199581477,3246,39,66988,1387
2020-07-27,India,NA,Uttar Pradesh,199581477,3505,39,70493,1426
2020-07-28,India,NA,Uttar Pradesh,199581477,3458,30,73951,1456
2020-07-29,India,NA,Uttar Pradesh,199581477,3383,41,77334,1497
2020-07-30,India,NA,Uttar Pradesh,199581477,3705,33,81039,1530
2020-07-31,India,NA,Uttar Pradesh,199581477,4422,57,85461,1587
2020-08-01,India,NA,Uttar Pradesh,199581477,3587,43,89048,1630
2020-08-02,India,NA,Uttar Pradesh,199581477,3873,47,92921,1677
2020-08-03,India,NA,Uttar Pradesh,199581477,4441,53,97362,1730
2020-08-04,India,NA,Uttar Pradesh,199581477,2948,48,100310,1778
2020-08-05,India,NA,Uttar Pradesh,199581477,4078,39,104388,1817
2020-08-06,India,NA,Uttar Pradesh,199581477,4586,40,108974,1857
2020-08-07,India,NA,Uttar Pradesh,199581477,4404,61,113378,1918
2020-08-08,India,NA,Uttar Pradesh,199581477,4660,63,118038,1981
2020-08-09,India,NA,Uttar Pradesh,199581477,4571,47,122609,2028
2020-08-10,India,NA,Uttar Pradesh,199581477,4113,41,126722,2069
2020-08-11,India,NA,Uttar Pradesh,199581477,5041,51,131763,2120
2020-08-12,India,NA,Uttar Pradesh,199581477,4475,56,136238,2176
2020-08-13,India,NA,Uttar Pradesh,199581477,4537,54,140775,2230
2020-08-14,India,NA,Uttar Pradesh,199581477,4512,50,145287,2280
2020-08-15,India,NA,Uttar Pradesh,199581477,4774,55,150061,2335
2020-08-16,India,NA,Uttar Pradesh,199581477,4357,58,154418,2393
2020-08-17,India,NA,Uttar Pradesh,199581477,3798,56,158216,2449
2020-08-18,India,NA,Uttar Pradesh,199581477,4218,66,162434,2515
2020-08-19,India,NA,Uttar Pradesh,199581477,5076,70,167510,2585
2020-08-20,India,NA,Uttar Pradesh,199581477,4824,53,172334,2638
2020-08-21,India,NA,Uttar Pradesh,199581477,4905,95,177239,2733
2020-08-22,India,NA,Uttar Pradesh,199581477,5217,64,182456,2797
2020-08-23,India,NA,Uttar Pradesh,199581477,5325,70,187781,2867
2020-08-24,India,NA,Uttar Pradesh,199581477,4601,59,192382,2926
2020-08-25,India,NA,Uttar Pradesh,199581477,5006,61,197388,2987
2020-08-26,India,NA,Uttar Pradesh,199581477,5640,0,203028,0
2020-08-27,India,NA,Uttar Pradesh,199581477,5391,0,208419,0
2020-08-28,India,NA,Uttar Pradesh,199581477,5405,0,213824,0
2020-08-29,India,NA,Uttar Pradesh,199581477,5633,0,219457,0
2020-08-30,India,NA,Uttar Pradesh,199581477,6175,0,225632,0
2020-08-31,India,NA,Uttar Pradesh,199581477,4782,0,230414,0
2020-05-19,India,NA,Uttarakhand,10086292,15,0,111,1
2020-05-20,India,NA,Uttarakhand,10086292,15,0,126,1
2020-05-21,India,NA,Uttarakhand,10086292,19,0,145,1
2020-05-22,India,NA,Uttarakhand,10086292,8,0,153,1
2020-05-23,India,NA,Uttarakhand,10086292,91,0,244,1
2020-05-24,India,NA,Uttarakhand,10086292,73,1,317,2
2020-05-25,India,NA,Uttarakhand,10086292,32,1,349,3
2020-05-26,India,NA,Uttarakhand,10086292,51,0,400,3
2020-05-27,India,NA,Uttarakhand,10086292,69,1,469,4
2020-05-28,India,NA,Uttarakhand,10086292,31,0,500,4
2020-05-29,India,NA,Uttarakhand,10086292,216,0,716,4
2020-05-30,India,NA,Uttarakhand,10086292,33,1,749,5
2020-05-31,India,NA,Uttarakhand,10086292,158,0,907,5
2020-06-01,India,NA,Uttarakhand,10086292,52,0,959,5
2020-06-02,India,NA,Uttarakhand,10086292,84,1,1043,6
2020-06-03,India,NA,Uttarakhand,10086292,42,1,1085,7
2020-06-04,India,NA,Uttarakhand,10086292,68,1,1153,8
2020-06-05,India,NA,Uttarakhand,10086292,62,2,1215,10
2020-06-06,India,NA,Uttarakhand,10086292,88,1,1303,11
2020-06-07,India,NA,Uttarakhand,10086292,52,0,1355,11
2020-06-08,India,NA,Uttarakhand,10086292,56,2,1411,13
2020-06-09,India,NA,Uttarakhand,10086292,126,0,1537,13
2020-06-10,India,NA,Uttarakhand,10086292,25,0,1562,13
2020-06-11,India,NA,Uttarakhand,10086292,93,2,1655,15
2020-06-12,India,NA,Uttarakhand,10086292,69,0,1724,15
2020-06-13,India,NA,Uttarakhand,10086292,61,6,1785,21
2020-06-14,India,NA,Uttarakhand,10086292,34,2,1819,23
2020-06-15,India,NA,Uttarakhand,10086292,26,1,1845,24
2020-06-16,India,NA,Uttarakhand,10086292,97,0,1942,24
2020-06-17,India,NA,Uttarakhand,10086292,81,1,2023,25
2020-06-18,India,NA,Uttarakhand,10086292,80,1,2103,26
2020-06-19,India,NA,Uttarakhand,10086292,74,0,2177,26
2020-06-20,India,NA,Uttarakhand,10086292,124,0,2301,26
2020-06-21,India,NA,Uttarakhand,10086292,43,1,2344,27
2020-06-22,India,NA,Uttarakhand,10086292,58,0,2402,27
2020-06-23,India,NA,Uttarakhand,10086292,133,1,2535,28
2020-06-24,India,NA,Uttarakhand,10086292,88,2,2623,30
2020-06-25,India,NA,Uttarakhand,10086292,68,5,2691,35
2020-06-26,India,NA,Uttarakhand,10086292,34,1,2725,36
2020-06-27,India,NA,Uttarakhand,10086292,66,1,2791,37
2020-06-28,India,NA,Uttarakhand,10086292,32,0,2823,37
2020-06-29,India,NA,Uttarakhand,10086292,8,1,2831,38
2020-06-30,India,NA,Uttarakhand,10086292,50,1,2881,39
2020-07-01,India,NA,Uttarakhand,10086292,66,2,2947,41
2020-07-02,India,NA,Uttarakhand,10086292,37,0,2984,41
2020-07-03,India,NA,Uttarakhand,10086292,64,1,3048,42
2020-07-04,India,NA,Uttarakhand,10086292,45,0,3093,42
2020-07-05,India,NA,Uttarakhand,10086292,31,0,3124,42
2020-07-06,India,NA,Uttarakhand,10086292,37,0,3161,42
2020-07-07,India,NA,Uttarakhand,10086292,69,0,3230,42
2020-07-08,India,NA,Uttarakhand,10086292,28,1,3258,43
2020-07-09,India,NA,Uttarakhand,10086292,47,3,3305,46
2020-07-10,India,NA,Uttarakhand,10086292,68,0,3373,46
2020-07-11,India,NA,Uttarakhand,10086292,44,0,3417,46
2020-07-12,India,NA,Uttarakhand,10086292,120,0,3537,46
2020-07-13,India,NA,Uttarakhand,10086292,71,1,3608,47
2020-07-14,India,NA,Uttarakhand,10086292,78,2,3686,49
2020-07-15,India,NA,Uttarakhand,10086292,99,1,3785,50
2020-07-16,India,NA,Uttarakhand,10086292,197,0,3982,50
2020-07-17,India,NA,Uttarakhand,10086292,120,0,4102,50
2020-07-18,India,NA,Uttarakhand,10086292,174,1,4276,51
2020-07-19,India,NA,Uttarakhand,10086292,239,1,4515,52
2020-07-20,India,NA,Uttarakhand,10086292,127,0,4642,52
2020-07-21,India,NA,Uttarakhand,10086292,207,3,4849,55
2020-07-22,India,NA,Uttarakhand,10086292,451,0,5300,55
2020-07-23,India,NA,Uttarakhand,10086292,145,2,5445,57
2020-07-24,India,NA,Uttarakhand,10086292,272,3,5717,60
2020-07-25,India,NA,Uttarakhand,10086292,244,0,5961,0
2020-07-26,India,NA,Uttarakhand,10086292,143,3,6104,63
2020-07-27,India,NA,Uttarakhand,10086292,224,0,6328,63
2020-07-28,India,NA,Uttarakhand,10086292,259,3,6587,66
2020-07-29,India,NA,Uttarakhand,10086292,279,4,6866,70
2020-07-30,India,NA,Uttarakhand,10086292,199,2,7065,72
2020-07-31,India,NA,Uttarakhand,10086292,118,4,7183,76
2020-08-01,India,NA,Uttarakhand,10086292,264,4,7447,80
2020-08-02,India,NA,Uttarakhand,10086292,146,3,7593,83
2020-08-03,India,NA,Uttarakhand,10086292,207,3,7800,86
2020-08-04,India,NA,Uttarakhand,10086292,208,4,8008,90
2020-08-05,India,NA,Uttarakhand,10086292,246,5,8254,95
2020-08-06,India,NA,Uttarakhand,10086292,369,3,8623,98
2020-08-07,India,NA,Uttarakhand,10086292,278,0,8901,98
2020-08-08,India,NA,Uttarakhand,10086292,501,14,9402,112
2020-08-09,India,NA,Uttarakhand,10086292,230,5,9632,117
2020-08-10,India,NA,Uttarakhand,10086292,389,8,10021,125
2020-08-11,India,NA,Uttarakhand,10086292,411,9,10432,134
2020-08-12,India,NA,Uttarakhand,10086292,454,2,10886,136
2020-08-13,India,NA,Uttarakhand,10086292,416,4,11302,140
2020-08-14,India,NA,Uttarakhand,10086292,313,3,11615,143
2020-08-15,India,NA,Uttarakhand,10086292,325,4,11940,147
2020-08-16,India,NA,Uttarakhand,10086292,235,4,12175,151
2020-08-17,India,NA,Uttarakhand,10086292,318,1,12493,152
2020-08-18,India,NA,Uttarakhand,10086292,468,6,12961,158
2020-08-19,India,NA,Uttarakhand,10086292,264,6,13225,164
2020-08-20,India,NA,Uttarakhand,10086292,411,14,13636,178
2020-08-21,India,NA,Uttarakhand,10086292,447,9,14083,187
2020-08-22,India,NA,Uttarakhand,10086292,483,5,14566,192
2020-08-23,India,NA,Uttarakhand,10086292,558,3,15124,195
2020-08-24,India,NA,Uttarakhand,10086292,405,5,15529,200
2020-08-25,India,NA,Uttarakhand,10086292,485,7,16014,207
2020-08-26,India,NA,Uttarakhand,10086292,535,0,16549,0
2020-08-27,India,NA,Uttarakhand,10086292,728,0,17277,0
2020-08-28,India,NA,Uttarakhand,10086292,588,0,17865,0
2020-08-29,India,NA,Uttarakhand,10086292,706,0,18571,0
2020-08-30,India,NA,Uttarakhand,10086292,664,0,19235,0
2020-08-31,India,NA,Uttarakhand,10086292,592,0,19827,0
2020-04-09,India,NA,West Bengal,91276115,4,0,103,5
2020-04-10,India,NA,West Bengal,91276115,13,0,116,5
2020-04-11,India,NA,West Bengal,91276115,10,0,126,5
2020-04-12,India,NA,West Bengal,91276115,8,0,134,5
2020-04-13,India,NA,West Bengal,91276115,18,2,152,7
2020-04-14,India,NA,West Bengal,91276115,38,0,190,7
2020-04-15,India,NA,West Bengal,91276115,23,0,213,7
2020-04-16,India,NA,West Bengal,91276115,18,0,231,7
2020-04-17,India,NA,West Bengal,91276115,24,3,255,10
2020-04-18,India,NA,West Bengal,91276115,32,0,287,10
2020-04-19,India,NA,West Bengal,91276115,23,2,310,12
2020-04-20,India,NA,West Bengal,91276115,29,0,339,12
2020-04-21,India,NA,West Bengal,91276115,53,0,392,12
2020-04-22,India,NA,West Bengal,91276115,31,3,423,15
2020-04-23,India,NA,West Bengal,91276115,33,0,456,15
2020-04-24,India,NA,West Bengal,91276115,58,0,514,15
2020-04-25,India,NA,West Bengal,91276115,57,3,571,18
2020-04-26,India,NA,West Bengal,91276115,40,0,611,18
2020-04-27,India,NA,West Bengal,91276115,38,2,649,20
2020-04-28,India,NA,West Bengal,91276115,48,0,697,20
2020-04-29,India,NA,West Bengal,91276115,28,2,725,22
2020-04-30,India,NA,West Bengal,91276115,33,0,758,22
2020-05-01,India,NA,West Bengal,91276115,37,11,795,33
2020-05-02,India,NA,West Bengal,91276115,127,0,922,0
2020-05-03,India,NA,West Bengal,91276115,276,0,1198,33
2020-05-04,India,NA,West Bengal,91276115,61,2,1259,35
2020-05-05,India,NA,West Bengal,91276115,85,98,1344,133
2020-05-06,India,NA,West Bengal,91276115,112,7,1456,140
2020-05-07,India,NA,West Bengal,91276115,92,4,1548,144
2020-05-08,India,NA,West Bengal,91276115,130,7,1678,151
2020-05-09,India,NA,West Bengal,91276115,108,9,1786,160
2020-05-10,India,NA,West Bengal,91276115,153,11,1939,171
2020-05-11,India,NA,West Bengal,91276115,124,14,2063,185
2020-05-12,India,NA,West Bengal,91276115,110,5,2173,190
2020-05-13,India,NA,West Bengal,91276115,117,8,2290,198
2020-05-14,India,NA,West Bengal,91276115,87,9,2377,207
2020-05-15,India,NA,West Bengal,91276115,84,8,2461,215
2020-05-16,India,NA,West Bengal,91276115,115,10,2576,225
2020-05-17,India,NA,West Bengal,91276115,101,7,2677,232
2020-05-18,India,NA,West Bengal,91276115,147,6,2824,238
2020-05-19,India,NA,West Bengal,91276115,137,6,2961,244
2020-05-20,India,NA,West Bengal,91276115,142,6,3103,250
2020-05-21,India,NA,West Bengal,91276115,94,3,3197,253
2020-05-22,India,NA,West Bengal,91276115,135,6,3332,259
2020-05-23,India,NA,West Bengal,91276115,127,6,3459,265
2020-05-24,India,NA,West Bengal,91276115,208,4,3667,269
2020-05-25,India,NA,West Bengal,91276115,149,3,3816,272
2020-05-26,India,NA,West Bengal,91276115,193,6,4009,278
2020-05-27,India,NA,West Bengal,91276115,183,5,4192,283
2020-05-28,India,NA,West Bengal,91276115,344,6,4536,289
2020-05-29,India,NA,West Bengal,91276115,277,6,4813,295
2020-05-30,India,NA,West Bengal,91276115,317,7,5130,302
2020-05-31,India,NA,West Bengal,91276115,371,7,5501,309
2020-06-01,India,NA,West Bengal,91276115,271,8,5772,317
2020-06-02,India,NA,West Bengal,91276115,396,8,6168,325
2020-06-03,India,NA,West Bengal,91276115,340,10,6508,335
2020-06-04,India,NA,West Bengal,91276115,368,10,6876,345
2020-06-05,India,NA,West Bengal,91276115,427,10,7303,355
2020-06-06,India,NA,West Bengal,91276115,435,11,7738,366
2020-06-07,India,NA,West Bengal,91276115,449,17,8187,383
2020-06-08,India,NA,West Bengal,91276115,426,13,8613,396
2020-06-09,India,NA,West Bengal,91276115,372,9,8985,405
2020-06-10,India,NA,West Bengal,91276115,343,10,9328,415
2020-06-11,India,NA,West Bengal,91276115,440,17,9768,432
2020-06-12,India,NA,West Bengal,91276115,476,10,10244,442
2020-06-13,India,NA,West Bengal,91276115,454,9,10698,451
2020-06-14,India,NA,West Bengal,91276115,389,12,11087,463
2020-06-15,India,NA,West Bengal,91276115,407,12,11494,475
2020-06-16,India,NA,West Bengal,91276115,415,10,11909,485
2020-06-17,India,NA,West Bengal,91276115,391,10,12300,495
2020-06-18,India,NA,West Bengal,91276115,435,11,12735,506
2020-06-19,India,NA,West Bengal,91276115,355,12,13090,518
2020-06-20,India,NA,West Bengal,91276115,441,11,13531,529
2020-06-21,India,NA,West Bengal,91276115,414,11,13945,540
2020-06-22,India,NA,West Bengal,91276115,413,15,14358,555
2020-06-23,India,NA,West Bengal,91276115,370,14,14728,569
2020-06-24,India,NA,West Bengal,91276115,445,11,15173,580
2020-06-25,India,NA,West Bengal,91276115,475,11,15648,591
2020-06-26,India,NA,West Bengal,91276115,542,15,16190,606
2020-06-27,India,NA,West Bengal,91276115,521,10,16711,616
2020-06-28,India,NA,West Bengal,91276115,572,13,17283,629
2020-06-29,India,NA,West Bengal,91276115,624,10,17907,639
2020-06-30,India,NA,West Bengal,91276115,652,14,18559,653
2020-07-01,India,NA,West Bengal,91276115,611,15,19170,668
2020-07-02,India,NA,West Bengal,91276115,649,15,19819,683
2020-07-03,India,NA,West Bengal,91276115,669,16,20488,699
2020-07-04,India,NA,West Bengal,91276115,743,18,21231,717
2020-07-05,India,NA,West Bengal,91276115,895,19,22126,736
2020-07-06,India,NA,West Bengal,91276115,861,21,22987,757
2020-07-07,India,NA,West Bengal,91276115,850,22,23837,779
2020-07-08,India,NA,West Bengal,91276115,986,25,24823,804
2020-07-09,India,NA,West Bengal,91276115,1088,23,25911,827
2020-07-10,India,NA,West Bengal,91276115,1198,27,27109,854
2020-07-11,India,NA,West Bengal,91276115,1344,26,28453,880
2020-07-12,India,NA,West Bengal,91276115,1560,26,30013,906
2020-07-13,India,NA,West Bengal,91276115,1435,26,31448,932
2020-07-14,India,NA,West Bengal,91276115,1390,24,32838,956
2020-07-15,India,NA,West Bengal,91276115,1589,24,34427,980
2020-07-16,India,NA,West Bengal,91276115,1690,20,36117,1000
2020-07-17,India,NA,West Bengal,91276115,1894,23,38011,1023
2020-07-18,India,NA,West Bengal,91276115,2198,26,40209,1049
2020-07-19,India,NA,West Bengal,91276115,2278,27,42487,1076
2020-07-20,India,NA,West Bengal,91276115,2282,36,44769,1112
2020-07-21,India,NA,West Bengal,91276115,2261,35,47030,1147
2020-07-22,India,NA,West Bengal,91276115,2291,35,49321,1182
2020-07-23,India,NA,West Bengal,91276115,2436,39,51757,1221
2020-07-24,India,NA,West Bengal,91276115,2216,34,53973,1255
2020-07-25,India,NA,West Bengal,91276115,2404,35,56377,1290
2020-07-26,India,NA,West Bengal,91276115,2341,42,58718,1332
2020-07-27,India,NA,West Bengal,91276115,2112,40,60830,1372
2020-07-28,India,NA,West Bengal,91276115,2134,39,62964,1411
2020-07-29,India,NA,West Bengal,91276115,2294,38,65258,1449
2020-07-30,India,NA,West Bengal,91276115,2434,41,67692,1490
2020-07-31,India,NA,West Bengal,91276115,2496,46,70188,1536
2020-08-01,India,NA,West Bengal,91276115,2589,45,72777,1581
2020-08-02,India,NA,West Bengal,91276115,2739,48,75516,1629
2020-08-03,India,NA,West Bengal,91276115,2716,49,78232,1678
2020-08-04,India,NA,West Bengal,91276115,2752,53,80984,1731
2020-08-05,India,NA,West Bengal,91276115,2816,54,83800,1785
2020-08-06,India,NA,West Bengal,91276115,2954,61,86754,1846
2020-08-07,India,NA,West Bengal,91276115,2912,56,89666,1902
2020-08-08,India,NA,West Bengal,91276115,2949,52,92615,1954
2020-08-09,India,NA,West Bengal,91276115,2939,51,95554,2005
2020-08-10,India,NA,West Bengal,91276115,2905,54,98459,2059
2020-08-11,India,NA,West Bengal,91276115,2931,41,101390,2100
2020-08-12,India,NA,West Bengal,91276115,2936,49,104326,2149
2020-08-13,India,NA,West Bengal,91276115,2997,54,107323,2203
2020-08-14,India,NA,West Bengal,91276115,3035,56,110358,2259
2020-08-15,India,NA,West Bengal,91276115,3074,60,113432,2319
2020-08-16,India,NA,West Bengal,91276115,3066,58,116498,2377
2020-08-17,India,NA,West Bengal,91276115,3080,51,119578,2428
2020-08-18,India,NA,West Bengal,91276115,3175,45,122753,2473
2020-08-19,India,NA,West Bengal,91276115,3169,55,125922,2528
2020-08-20,India,NA,West Bengal,91276115,3197,53,129119,2581
2020-08-21,India,NA,West Bengal,91276115,3245,53,132364,2634
2020-08-22,India,NA,West Bengal,91276115,3232,55,135596,2689
2020-08-23,India,NA,West Bengal,91276115,3274,48,138870,2737
2020-08-24,India,NA,West Bengal,91276115,2967,57,141837,2794
2020-08-25,India,NA,West Bengal,91276115,2964,57,144801,2851
2020-08-26,India,NA,West Bengal,91276115,2974,0,147775,0
2020-08-27,India,NA,West Bengal,91276115,2997,0,150772,0
2020-08-28,India,NA,West Bengal,91276115,2982,0,153754,0
2020-08-29,India,NA,West Bengal,91276115,3012,0,156766,0
2020-08-30,India,NA,West Bengal,91276115,3019,0,159785,0
2020-08-31,India,NA,West Bengal,91276115,2993,0,162778,0
2020-03-14,Italy,NA,Abruzzo,1308451,23,0,112,2
2020-03-15,Italy,NA,Abruzzo,1308451,25,1,137,3
2020-03-16,Italy,NA,Abruzzo,1308451,39,1,176,4
2020-03-17,Italy,NA,Abruzzo,1308451,53,2,229,6
2020-03-18,Italy,NA,Abruzzo,1308451,34,1,263,7
2020-03-19,Italy,NA,Abruzzo,1308451,122,4,385,11
2020-03-20,Italy,NA,Abruzzo,1308451,64,6,449,17
2020-03-21,Italy,NA,Abruzzo,1308451,80,5,529,22
2020-03-22,Italy,NA,Abruzzo,1308451,58,11,587,33
2020-03-23,Italy,NA,Abruzzo,1308451,76,5,663,38
2020-03-24,Italy,NA,Abruzzo,1308451,26,8,689,46
2020-03-25,Italy,NA,Abruzzo,1308451,124,6,813,52
2020-03-26,Italy,NA,Abruzzo,1308451,133,11,946,63
2020-03-27,Italy,NA,Abruzzo,1308451,71,5,1017,68
2020-03-28,Italy,NA,Abruzzo,1308451,116,8,1133,76
2020-03-29,Italy,NA,Abruzzo,1308451,160,12,1293,88
2020-03-30,Italy,NA,Abruzzo,1308451,52,14,1345,102
2020-03-31,Italy,NA,Abruzzo,1308451,56,13,1401,115
2020-04-01,Italy,NA,Abruzzo,1308451,35,8,1436,123
2020-04-02,Italy,NA,Abruzzo,1308451,61,10,1497,133
2020-04-03,Italy,NA,Abruzzo,1308451,66,13,1563,146
2020-04-04,Italy,NA,Abruzzo,1308451,65,7,1628,153
2020-04-05,Italy,NA,Abruzzo,1308451,75,5,1703,158
2020-04-06,Italy,NA,Abruzzo,1308451,18,11,1721,169
2020-04-07,Italy,NA,Abruzzo,1308451,78,3,1799,172
2020-04-08,Italy,NA,Abruzzo,1308451,60,7,1859,179
2020-04-09,Italy,NA,Abruzzo,1308451,72,15,1931,194
2020-04-10,Italy,NA,Abruzzo,1308451,83,4,2014,198
2020-04-11,Italy,NA,Abruzzo,1308451,106,8,2120,206
2020-04-12,Italy,NA,Abruzzo,1308451,40,6,2160,212
2020-04-13,Italy,NA,Abruzzo,1308451,53,12,2213,224
2020-04-14,Italy,NA,Abruzzo,1308451,32,8,2245,232
2020-04-15,Italy,NA,Abruzzo,1308451,29,8,2274,240
2020-04-16,Italy,NA,Abruzzo,1308451,72,3,2346,243
2020-04-17,Italy,NA,Abruzzo,1308451,97,3,2443,246
2020-04-18,Italy,NA,Abruzzo,1308451,44,7,2487,253
2020-04-19,Italy,NA,Abruzzo,1308451,34,5,2521,258
2020-04-20,Italy,NA,Abruzzo,1308451,91,5,2612,263
2020-04-21,Italy,NA,Abruzzo,1308451,55,8,2667,271
2020-04-22,Italy,NA,Abruzzo,1308451,66,5,2733,276
2020-04-23,Italy,NA,Abruzzo,1308451,52,4,2785,280
2020-04-24,Italy,NA,Abruzzo,1308451,18,6,2803,286
2020-04-25,Italy,NA,Abruzzo,1308451,29,7,2832,293
2020-04-26,Italy,NA,Abruzzo,1308451,27,2,2859,295
2020-04-27,Italy,NA,Abruzzo,1308451,15,4,2874,299
2020-04-28,Italy,NA,Abruzzo,1308451,25,11,2899,310
2020-04-29,Italy,NA,Abruzzo,1308451,24,5,2923,315
2020-04-30,Italy,NA,Abruzzo,1308451,7,5,2930,320
2020-05-01,Italy,NA,Abruzzo,1308451,18,4,2948,324
2020-05-02,Italy,NA,Abruzzo,1308451,16,3,2964,327
2020-05-03,Italy,NA,Abruzzo,1308451,32,3,2996,330
2020-05-04,Italy,NA,Abruzzo,1308451,4,2,3000,332
2020-05-05,Italy,NA,Abruzzo,1308451,25,3,3025,335
2020-05-06,Italy,NA,Abruzzo,1308451,22,6,3047,341
2020-05-07,Italy,NA,Abruzzo,1308451,25,7,3072,348
2020-05-08,Italy,NA,Abruzzo,1308451,6,3,3078,351
2020-05-09,Italy,NA,Abruzzo,1308451,8,4,3086,355
2020-05-10,Italy,NA,Abruzzo,1308451,17,4,3103,359
2020-05-11,Italy,NA,Abruzzo,1308451,4,7,3107,366
2020-05-12,Italy,NA,Abruzzo,1308451,8,4,3115,370
2020-05-13,Italy,NA,Abruzzo,1308451,12,5,3127,375
2020-05-14,Italy,NA,Abruzzo,1308451,9,4,3136,379
2020-05-15,Italy,NA,Abruzzo,1308451,12,2,3148,381
2020-05-16,Italy,NA,Abruzzo,1308451,30,2,3178,383
2020-05-17,Italy,NA,Abruzzo,1308451,8,2,3186,385
2020-05-18,Italy,NA,Abruzzo,1308451,7,3,3193,388
2020-05-19,Italy,NA,Abruzzo,1308451,4,1,3197,389
2020-05-20,Italy,NA,Abruzzo,1308451,8,0,3205,389
2020-05-21,Italy,NA,Abruzzo,1308451,7,2,3212,391
2020-05-22,Italy,NA,Abruzzo,1308451,8,3,3220,394
2020-05-23,Italy,NA,Abruzzo,1308451,1,0,3221,394
2020-05-24,Italy,NA,Abruzzo,1308451,5,4,3226,398
2020-05-25,Italy,NA,Abruzzo,1308451,1,2,3227,400
2020-05-26,Italy,NA,Abruzzo,1308451,3,0,3230,400
2020-05-27,Italy,NA,Abruzzo,1308451,5,0,3235,400
2020-05-28,Italy,NA,Abruzzo,1308451,2,2,3237,402
2020-05-29,Italy,NA,Abruzzo,1308451,0,2,3237,404
2020-05-30,Italy,NA,Abruzzo,1308451,0,0,3237,404
2020-05-31,Italy,NA,Abruzzo,1308451,7,1,3244,405
2020-06-01,Italy,NA,Abruzzo,1308451,1,3,3245,408
2020-06-02,Italy,NA,Abruzzo,1308451,4,5,3249,413
2020-06-03,Italy,NA,Abruzzo,1308451,3,1,3252,414
2020-06-04,Italy,NA,Abruzzo,1308451,3,1,3255,415
2020-06-05,Italy,NA,Abruzzo,1308451,2,0,3257,415
2020-06-06,Italy,NA,Abruzzo,1308451,1,3,3258,418
2020-06-07,Italy,NA,Abruzzo,1308451,7,0,3265,418
2020-06-08,Italy,NA,Abruzzo,1308451,0,0,3265,418
2020-06-09,Italy,NA,Abruzzo,1308451,1,33,3266,451
2020-06-10,Italy,NA,Abruzzo,1308451,0,2,3266,453
2020-06-11,Italy,NA,Abruzzo,1308451,1,0,3267,453
2020-06-12,Italy,NA,Abruzzo,1308451,4,0,3271,453
2020-06-13,Italy,NA,Abruzzo,1308451,4,1,3275,454
2020-06-14,Italy,NA,Abruzzo,1308451,4,2,3279,456
2020-06-15,Italy,NA,Abruzzo,1308451,0,0,3279,456
2020-06-16,Italy,NA,Abruzzo,1308451,1,1,3280,457
2020-06-17,Italy,NA,Abruzzo,1308451,2,0,3281,457
2020-06-18,Italy,NA,Abruzzo,1308451,2,1,3281,458
2020-06-19,Italy,NA,Abruzzo,1308451,1,1,3280,459
2020-06-20,Italy,NA,Abruzzo,1308451,1,0,3281,459
2020-06-21,Italy,NA,Abruzzo,1308451,0,0,3281,459
2020-06-22,Italy,NA,Abruzzo,1308451,1,1,3282,460
2020-06-23,Italy,NA,Abruzzo,1308451,0,0,3282,460
2020-06-24,Italy,NA,Abruzzo,1308451,1,1,3283,461
2020-06-25,Italy,NA,Abruzzo,1308451,1,0,3284,461
2020-06-26,Italy,NA,Abruzzo,1308451,1,0,3285,461
2020-06-27,Italy,NA,Abruzzo,1308451,0,0,3285,461
2020-06-28,Italy,NA,Abruzzo,1308451,1,1,3286,462
2020-06-29,Italy,NA,Abruzzo,1308451,1,0,3287,462
2020-06-30,Italy,NA,Abruzzo,1308451,0,2,3287,464
2020-07-01,Italy,NA,Abruzzo,1308451,2,0,3289,464
2020-07-02,Italy,NA,Abruzzo,1308451,3,0,3292,464
2020-07-03,Italy,NA,Abruzzo,1308451,6,0,3298,464
2020-07-04,Italy,NA,Abruzzo,1308451,7,0,3305,464
2020-07-05,Italy,NA,Abruzzo,1308451,4,0,3309,464
2020-07-06,Italy,NA,Abruzzo,1308451,0,0,3309,464
2020-07-07,Italy,NA,Abruzzo,1308451,0,0,3309,464
2020-07-08,Italy,NA,Abruzzo,1308451,1,0,3310,464
2020-07-09,Italy,NA,Abruzzo,1308451,8,0,3318,464
2020-07-10,Italy,NA,Abruzzo,1308451,3,0,3321,464
2020-07-11,Italy,NA,Abruzzo,1308451,2,0,3323,464
2020-07-12,Italy,NA,Abruzzo,1308451,5,1,3328,465
2020-07-13,Italy,NA,Abruzzo,1308451,0,1,3328,466
2020-07-14,Italy,NA,Abruzzo,1308451,0,1,3328,467
2020-07-15,Italy,NA,Abruzzo,1308451,3,0,3331,467
2020-07-16,Italy,NA,Abruzzo,1308451,2,1,3333,468
2020-07-17,Italy,NA,Abruzzo,1308451,1,0,3334,468
2020-07-18,Italy,NA,Abruzzo,1308451,1,0,3335,468
2020-07-19,Italy,NA,Abruzzo,1308451,1,0,3336,468
2020-07-20,Italy,NA,Abruzzo,1308451,6,0,3342,468
2020-07-21,Italy,NA,Abruzzo,1308451,2,2,3344,470
2020-07-22,Italy,NA,Abruzzo,1308451,0,0,3342,470
2020-07-23,Italy,NA,Abruzzo,1308451,10,0,3352,470
2020-07-24,Italy,NA,Abruzzo,1308451,4,0,3356,470
2020-07-25,Italy,NA,Abruzzo,1308451,3,0,3359,470
2020-07-26,Italy,NA,Abruzzo,1308451,1,0,3359,470
2020-07-27,Italy,NA,Abruzzo,1308451,9,1,3368,471
2020-07-28,Italy,NA,Abruzzo,1308451,1,1,3369,472
2020-07-29,Italy,NA,Abruzzo,1308451,4,0,3373,472
2020-07-30,Italy,NA,Abruzzo,1308451,4,0,3377,472
2020-07-31,Italy,NA,Abruzzo,1308451,5,0,3382,472
2020-08-01,Italy,NA,Abruzzo,1308451,5,0,3387,472
2020-08-02,Italy,NA,Abruzzo,1308451,2,0,3389,472
2020-08-03,Italy,NA,Abruzzo,1308451,9,0,3398,472
2020-08-04,Italy,NA,Abruzzo,1308451,3,0,3401,472
2020-08-05,Italy,NA,Abruzzo,1308451,19,0,3420,472
2020-08-06,Italy,NA,Abruzzo,1308451,15,0,3435,472
2020-08-07,Italy,NA,Abruzzo,1308451,39,0,3474,472
2020-08-08,Italy,NA,Abruzzo,1308451,12,0,3486,472
2020-08-09,Italy,NA,Abruzzo,1308451,16,0,3502,472
2020-08-10,Italy,NA,Abruzzo,1308451,7,0,3509,472
2020-08-11,Italy,NA,Abruzzo,1308451,3,0,3512,472
2020-08-12,Italy,NA,Abruzzo,1308451,9,0,3516,472
2020-08-13,Italy,NA,Abruzzo,1308451,16,0,3532,472
2020-08-14,Italy,NA,Abruzzo,1308451,13,0,3545,472
2020-08-15,Italy,NA,Abruzzo,1308451,13,0,3558,472
2020-08-16,Italy,NA,Abruzzo,1308451,2,0,3560,472
2020-08-17,Italy,NA,Abruzzo,1308451,5,0,3565,472
2020-08-18,Italy,NA,Abruzzo,1308451,5,0,3570,472
2020-08-19,Italy,NA,Abruzzo,1308451,7,0,3577,472
2020-08-20,Italy,NA,Abruzzo,1308451,4,0,3581,472
2020-08-21,Italy,NA,Abruzzo,1308451,23,0,3604,472
2020-08-22,Italy,NA,Abruzzo,1308451,24,0,3628,472
2020-08-23,Italy,NA,Abruzzo,1308451,21,0,3648,472
2020-08-24,Italy,NA,Abruzzo,1308451,4,0,3652,472
2020-08-25,Italy,NA,Abruzzo,1308451,10,0,3662,472
2020-08-26,Italy,NA,Abruzzo,1308451,26,0,3687,472
2020-08-27,Italy,NA,Abruzzo,1308451,18,0,3705,472
2020-08-28,Italy,NA,Abruzzo,1308451,20,0,3725,472
2020-08-29,Italy,NA,Abruzzo,1308451,14,0,3739,472
2020-08-30,Italy,NA,Abruzzo,1308451,34,0,3773,472
2020-08-31,Italy,NA,Abruzzo,1308451,4,0,3777,472
2020-03-16,Italy,NA,Aosta Valley,125666,48,1,105,2
2020-03-17,Italy,NA,Aosta Valley,125666,31,0,136,2
2020-03-18,Italy,NA,Aosta Valley,125666,29,1,165,3
2020-03-19,Italy,NA,Aosta Valley,125666,50,3,215,6
2020-03-20,Italy,NA,Aosta Valley,125666,49,1,264,7
2020-03-21,Italy,NA,Aosta Valley,125666,49,1,313,8
2020-03-22,Italy,NA,Aosta Valley,125666,51,1,364,9
2020-03-23,Italy,NA,Aosta Valley,125666,29,3,393,12
2020-03-24,Italy,NA,Aosta Valley,125666,7,7,400,19
2020-03-25,Italy,NA,Aosta Valley,125666,1,5,401,24
2020-03-26,Italy,NA,Aosta Valley,125666,7,4,408,28
2020-03-27,Italy,NA,Aosta Valley,125666,44,9,452,37
2020-03-28,Italy,NA,Aosta Valley,125666,59,4,511,41
2020-03-29,Italy,NA,Aosta Valley,125666,73,2,584,43
2020-03-30,Italy,NA,Aosta Valley,125666,0,7,584,50
2020-03-31,Italy,NA,Aosta Valley,125666,44,6,628,56
2020-04-01,Italy,NA,Aosta Valley,125666,3,3,631,59
2020-04-02,Italy,NA,Aosta Valley,125666,37,4,668,63
2020-04-03,Italy,NA,Aosta Valley,125666,51,7,719,70
2020-04-04,Italy,NA,Aosta Valley,125666,29,12,748,82
2020-04-05,Italy,NA,Aosta Valley,125666,34,9,782,91
2020-04-06,Italy,NA,Aosta Valley,125666,23,5,805,96
2020-04-07,Italy,NA,Aosta Valley,125666,30,4,835,100
2020-04-08,Italy,NA,Aosta Valley,125666,15,2,850,102
2020-04-09,Italy,NA,Aosta Valley,125666,18,3,868,105
2020-04-10,Italy,NA,Aosta Valley,125666,11,2,879,107
2020-04-11,Italy,NA,Aosta Valley,125666,23,0,902,107
2020-04-12,Italy,NA,Aosta Valley,125666,19,5,921,112
2020-04-13,Italy,NA,Aosta Valley,125666,6,3,927,115
2020-04-14,Italy,NA,Aosta Valley,125666,20,3,947,118
2020-04-15,Italy,NA,Aosta Valley,125666,11,3,958,121
2020-04-16,Italy,NA,Aosta Valley,125666,13,1,971,122
2020-04-17,Italy,NA,Aosta Valley,125666,22,1,993,123
2020-04-18,Italy,NA,Aosta Valley,125666,80,1,1073,124
2020-04-19,Italy,NA,Aosta Valley,125666,15,1,1088,125
2020-04-20,Italy,NA,Aosta Valley,125666,0,2,1088,127
2020-04-21,Italy,NA,Aosta Valley,125666,5,0,1093,126
2020-04-22,Italy,NA,Aosta Valley,125666,2,1,1095,127
2020-04-23,Italy,NA,Aosta Valley,125666,1,0,1096,127
2020-04-24,Italy,NA,Aosta Valley,125666,4,2,1100,129
2020-04-25,Italy,NA,Aosta Valley,125666,0,1,1100,130
2020-04-26,Italy,NA,Aosta Valley,125666,6,1,1106,131
2020-04-27,Italy,NA,Aosta Valley,125666,5,2,1111,133
2020-04-28,Italy,NA,Aosta Valley,125666,8,2,1119,135
2020-04-29,Italy,NA,Aosta Valley,125666,5,2,1124,137
2020-04-30,Italy,NA,Aosta Valley,125666,4,0,1128,137
2020-05-01,Italy,NA,Aosta Valley,125666,5,0,1133,137
2020-05-02,Italy,NA,Aosta Valley,125666,3,0,1136,137
2020-05-03,Italy,NA,Aosta Valley,125666,6,1,1142,138
2020-05-04,Italy,NA,Aosta Valley,125666,1,1,1143,139
2020-05-05,Italy,NA,Aosta Valley,125666,0,0,1143,139
2020-05-06,Italy,NA,Aosta Valley,125666,3,0,1146,139
2020-05-07,Italy,NA,Aosta Valley,125666,4,0,1150,139
2020-05-08,Italy,NA,Aosta Valley,125666,1,0,1151,139
2020-05-09,Italy,NA,Aosta Valley,125666,1,0,1152,139
2020-05-10,Italy,NA,Aosta Valley,125666,5,0,1157,139
2020-05-11,Italy,NA,Aosta Valley,125666,1,0,1158,139
2020-05-12,Italy,NA,Aosta Valley,125666,2,1,1160,140
2020-05-13,Italy,NA,Aosta Valley,125666,3,1,1163,141
2020-05-14,Italy,NA,Aosta Valley,125666,3,0,1166,141
2020-05-15,Italy,NA,Aosta Valley,125666,6,1,1172,142
2020-05-16,Italy,NA,Aosta Valley,125666,1,0,1173,142
2020-05-17,Italy,NA,Aosta Valley,125666,0,1,1173,143
2020-05-18,Italy,NA,Aosta Valley,125666,1,0,1174,143
2020-05-19,Italy,NA,Aosta Valley,125666,1,0,1175,143
2020-05-20,Italy,NA,Aosta Valley,125666,0,0,1175,143
2020-05-21,Italy,NA,Aosta Valley,125666,1,0,1176,143
2020-05-22,Italy,NA,Aosta Valley,125666,1,0,1177,143
2020-05-23,Italy,NA,Aosta Valley,125666,0,0,1177,143
2020-05-24,Italy,NA,Aosta Valley,125666,1,0,1178,143
2020-05-25,Italy,NA,Aosta Valley,125666,1,0,1179,143
2020-05-26,Italy,NA,Aosta Valley,125666,2,0,1181,143
2020-05-27,Italy,NA,Aosta Valley,125666,0,0,1181,143
2020-05-28,Italy,NA,Aosta Valley,125666,1,0,1182,143
2020-05-29,Italy,NA,Aosta Valley,125666,0,0,1182,143
2020-05-30,Italy,NA,Aosta Valley,125666,1,0,1183,143
2020-05-31,Italy,NA,Aosta Valley,125666,1,0,1184,143
2020-06-01,Italy,NA,Aosta Valley,125666,3,0,1187,143
2020-06-02,Italy,NA,Aosta Valley,125666,0,0,1187,143
2020-06-03,Italy,NA,Aosta Valley,125666,0,0,1187,143
2020-06-04,Italy,NA,Aosta Valley,125666,0,0,1187,143
2020-06-05,Italy,NA,Aosta Valley,125666,0,0,1187,143
2020-06-06,Italy,NA,Aosta Valley,125666,2,1,1189,144
2020-06-07,Italy,NA,Aosta Valley,125666,2,0,1191,144
2020-06-08,Italy,NA,Aosta Valley,125666,0,0,1191,144
2020-06-09,Italy,NA,Aosta Valley,125666,0,0,1191,144
2020-06-10,Italy,NA,Aosta Valley,125666,0,0,1191,144
2020-06-11,Italy,NA,Aosta Valley,125666,0,0,1191,144
2020-06-12,Italy,NA,Aosta Valley,125666,0,0,1191,144
2020-06-13,Italy,NA,Aosta Valley,125666,0,0,1191,144
2020-06-14,Italy,NA,Aosta Valley,125666,0,0,1191,144
2020-06-15,Italy,NA,Aosta Valley,125666,0,0,1191,144
2020-06-16,Italy,NA,Aosta Valley,125666,0,0,1191,144
2020-06-17,Italy,NA,Aosta Valley,125666,0,0,1191,144
2020-06-18,Italy,NA,Aosta Valley,125666,0,1,1191,145
2020-06-19,Italy,NA,Aosta Valley,125666,0,1,1191,146
2020-06-20,Italy,NA,Aosta Valley,125666,2,0,1193,146
2020-06-21,Italy,NA,Aosta Valley,125666,0,0,1193,146
2020-06-22,Italy,NA,Aosta Valley,125666,0,0,1193,146
2020-06-23,Italy,NA,Aosta Valley,125666,0,0,1193,146
2020-06-24,Italy,NA,Aosta Valley,125666,1,0,1194,146
2020-06-25,Italy,NA,Aosta Valley,125666,0,0,1194,146
2020-06-26,Italy,NA,Aosta Valley,125666,0,0,1194,146
2020-06-27,Italy,NA,Aosta Valley,125666,0,0,1194,146
2020-06-28,Italy,NA,Aosta Valley,125666,0,0,1194,146
2020-06-29,Italy,NA,Aosta Valley,125666,0,0,1194,146
2020-06-30,Italy,NA,Aosta Valley,125666,1,0,1195,146
2020-07-01,Italy,NA,Aosta Valley,125666,0,0,1195,146
2020-07-02,Italy,NA,Aosta Valley,125666,0,0,1195,146
2020-07-03,Italy,NA,Aosta Valley,125666,1,0,1196,146
2020-07-04,Italy,NA,Aosta Valley,125666,0,0,1196,146
2020-07-05,Italy,NA,Aosta Valley,125666,0,0,1196,146
2020-07-06,Italy,NA,Aosta Valley,125666,0,0,1196,146
2020-07-07,Italy,NA,Aosta Valley,125666,0,0,1196,146
2020-07-08,Italy,NA,Aosta Valley,125666,0,0,1196,146
2020-07-09,Italy,NA,Aosta Valley,125666,0,0,1196,146
2020-07-10,Italy,NA,Aosta Valley,125666,0,0,1196,146
2020-07-11,Italy,NA,Aosta Valley,125666,0,0,1196,146
2020-07-12,Italy,NA,Aosta Valley,125666,0,0,1196,146
2020-07-13,Italy,NA,Aosta Valley,125666,0,0,1196,146
2020-07-14,Italy,NA,Aosta Valley,125666,0,0,1196,146
2020-07-15,Italy,NA,Aosta Valley,125666,0,0,1196,146
2020-07-16,Italy,NA,Aosta Valley,125666,0,0,1196,146
2020-07-17,Italy,NA,Aosta Valley,125666,0,0,1196,146
2020-07-18,Italy,NA,Aosta Valley,125666,0,0,1196,146
2020-07-19,Italy,NA,Aosta Valley,125666,0,0,1196,146
2020-07-20,Italy,NA,Aosta Valley,125666,0,0,1196,146
2020-07-21,Italy,NA,Aosta Valley,125666,0,0,1196,146
2020-07-22,Italy,NA,Aosta Valley,125666,0,0,1196,146
2020-07-23,Italy,NA,Aosta Valley,125666,0,0,1196,146
2020-07-24,Italy,NA,Aosta Valley,125666,0,0,1196,146
2020-07-25,Italy,NA,Aosta Valley,125666,0,0,1196,146
2020-07-26,Italy,NA,Aosta Valley,125666,0,0,1196,146
2020-07-27,Italy,NA,Aosta Valley,125666,0,0,1196,146
2020-07-28,Italy,NA,Aosta Valley,125666,10,0,1206,146
2020-07-29,Italy,NA,Aosta Valley,125666,2,0,1208,146
2020-07-30,Italy,NA,Aosta Valley,125666,0,0,1208,146
2020-07-31,Italy,NA,Aosta Valley,125666,0,0,1208,146
2020-08-01,Italy,NA,Aosta Valley,125666,0,0,1208,146
2020-08-02,Italy,NA,Aosta Valley,125666,1,0,1209,146
2020-08-03,Italy,NA,Aosta Valley,125666,0,0,1209,146
2020-08-04,Italy,NA,Aosta Valley,125666,0,0,1209,146
2020-08-05,Italy,NA,Aosta Valley,125666,0,0,1209,146
2020-08-06,Italy,NA,Aosta Valley,125666,1,0,1210,146
2020-08-07,Italy,NA,Aosta Valley,125666,4,0,1214,146
2020-08-08,Italy,NA,Aosta Valley,125666,2,0,1216,146
2020-08-09,Italy,NA,Aosta Valley,125666,0,0,1216,146
2020-08-10,Italy,NA,Aosta Valley,125666,1,0,1217,146
2020-08-11,Italy,NA,Aosta Valley,125666,0,0,1217,146
2020-08-12,Italy,NA,Aosta Valley,125666,0,0,1217,146
2020-08-13,Italy,NA,Aosta Valley,125666,0,0,1217,146
2020-08-14,Italy,NA,Aosta Valley,125666,0,0,1217,146
2020-08-15,Italy,NA,Aosta Valley,125666,0,0,1217,146
2020-08-16,Italy,NA,Aosta Valley,125666,0,0,1217,146
2020-08-17,Italy,NA,Aosta Valley,125666,1,0,1218,146
2020-08-18,Italy,NA,Aosta Valley,125666,0,0,1218,146
2020-08-19,Italy,NA,Aosta Valley,125666,2,0,1220,146
2020-08-20,Italy,NA,Aosta Valley,125666,1,0,1221,146
2020-08-21,Italy,NA,Aosta Valley,125666,0,0,1221,146
2020-08-22,Italy,NA,Aosta Valley,125666,0,0,1221,146
2020-08-23,Italy,NA,Aosta Valley,125666,0,0,1221,146
2020-08-24,Italy,NA,Aosta Valley,125666,0,0,1221,146
2020-08-25,Italy,NA,Aosta Valley,125666,2,0,1223,146
2020-08-26,Italy,NA,Aosta Valley,125666,0,0,1223,146
2020-08-27,Italy,NA,Aosta Valley,125666,1,0,1224,146
2020-08-28,Italy,NA,Aosta Valley,125666,2,0,1226,146
2020-08-29,Italy,NA,Aosta Valley,125666,4,0,1230,146
2020-08-30,Italy,NA,Aosta Valley,125666,2,0,1232,146
2020-08-31,Italy,NA,Aosta Valley,125666,9,0,1241,146
2020-03-12,Italy,NA,Apulia,4029053,27,0,104,5
2020-03-13,Italy,NA,Apulia,4029053,25,0,129,5
2020-03-14,Italy,NA,Apulia,4029053,37,3,166,8
2020-03-15,Italy,NA,Apulia,4029053,64,8,230,16
2020-03-16,Italy,NA,Apulia,4029053,0,0,230,16
2020-03-17,Italy,NA,Apulia,4029053,110,2,340,18
2020-03-18,Italy,NA,Apulia,4029053,43,1,383,19
2020-03-19,Italy,NA,Apulia,4029053,95,6,478,25
2020-03-20,Italy,NA,Apulia,4029053,103,1,581,26
2020-03-21,Italy,NA,Apulia,4029053,94,3,675,29
2020-03-22,Italy,NA,Apulia,4029053,111,2,786,31
2020-03-23,Italy,NA,Apulia,4029053,120,6,906,37
2020-03-24,Italy,NA,Apulia,4029053,99,7,1005,44
2020-03-25,Italy,NA,Apulia,4029053,88,4,1093,48
2020-03-26,Italy,NA,Apulia,4029053,89,17,1182,65
2020-03-27,Italy,NA,Apulia,4029053,152,4,1334,69
2020-03-28,Italy,NA,Apulia,4029053,124,2,1458,71
2020-03-29,Italy,NA,Apulia,4029053,91,15,1549,86
2020-03-30,Italy,NA,Apulia,4029053,163,5,1712,91
2020-03-31,Italy,NA,Apulia,4029053,91,19,1803,110
2020-04-01,Italy,NA,Apulia,4029053,143,19,1946,129
2020-04-02,Italy,NA,Apulia,4029053,131,15,2077,144
2020-04-03,Italy,NA,Apulia,4029053,105,20,2182,164
2020-04-04,Italy,NA,Apulia,4029053,58,9,2240,173
2020-04-05,Italy,NA,Apulia,4029053,77,9,2317,182
2020-04-06,Italy,NA,Apulia,4029053,127,13,2444,195
2020-04-07,Italy,NA,Apulia,4029053,70,14,2514,209
2020-04-08,Italy,NA,Apulia,4029053,120,10,2634,219
2020-04-09,Italy,NA,Apulia,4029053,82,6,2716,225
2020-04-10,Italy,NA,Apulia,4029053,93,13,2809,238
2020-04-11,Italy,NA,Apulia,4029053,95,15,2904,253
2020-04-12,Italy,NA,Apulia,4029053,85,7,2989,260
2020-04-13,Italy,NA,Apulia,4029053,76,7,3065,267
2020-04-14,Italy,NA,Apulia,4029053,53,11,3118,278
2020-04-15,Italy,NA,Apulia,4029053,66,10,3184,288
2020-04-16,Italy,NA,Apulia,4029053,74,11,3258,299
2020-04-17,Italy,NA,Apulia,4029053,69,8,3327,307
2020-04-18,Italy,NA,Apulia,4029053,82,7,3409,314
2020-04-19,Italy,NA,Apulia,4029053,120,2,3529,316
2020-04-20,Italy,NA,Apulia,4029053,38,10,3567,326
2020-04-21,Italy,NA,Apulia,4029053,55,25,3622,351
2020-04-22,Italy,NA,Apulia,4029053,108,11,3730,362
2020-04-23,Italy,NA,Apulia,4029053,109,10,3839,372
2020-04-24,Italy,NA,Apulia,4029053,42,11,3881,383
2020-04-25,Italy,NA,Apulia,4029053,31,8,3912,391
2020-04-26,Italy,NA,Apulia,4029053,36,8,3948,399
2020-04-27,Italy,NA,Apulia,4029053,10,6,3958,405
2020-04-28,Italy,NA,Apulia,4029053,22,2,3980,407
2020-04-29,Italy,NA,Apulia,4029053,49,3,4029,410
2020-04-30,Italy,NA,Apulia,4029053,43,5,4072,415
2020-05-01,Italy,NA,Apulia,4029053,27,6,4099,421
2020-05-02,Italy,NA,Apulia,4029053,34,1,4133,422
2020-05-03,Italy,NA,Apulia,4029053,11,2,4144,424
2020-05-04,Italy,NA,Apulia,4029053,9,5,4153,429
2020-05-05,Italy,NA,Apulia,4029053,17,4,4170,433
2020-05-06,Italy,NA,Apulia,4029053,26,5,4196,438
2020-05-07,Italy,NA,Apulia,4029053,49,3,4245,441
2020-05-08,Italy,NA,Apulia,4029053,11,2,4256,443
2020-05-09,Italy,NA,Apulia,4029053,30,0,4286,443
2020-05-10,Italy,NA,Apulia,4029053,27,5,4313,448
2020-05-11,Italy,NA,Apulia,4029053,14,3,4327,451
2020-05-12,Italy,NA,Apulia,4029053,10,5,4337,456
2020-05-13,Italy,NA,Apulia,4029053,11,4,4348,460
2020-05-14,Italy,NA,Apulia,4029053,9,1,4357,461
2020-05-15,Italy,NA,Apulia,4029053,9,0,4366,461
2020-05-16,Italy,NA,Apulia,4029053,8,2,4374,463
2020-05-17,Italy,NA,Apulia,4029053,5,7,4379,470
2020-05-18,Italy,NA,Apulia,4029053,7,1,4386,471
2020-05-19,Italy,NA,Apulia,4029053,10,2,4396,473
2020-05-20,Italy,NA,Apulia,4029053,11,5,4407,478
2020-05-21,Italy,NA,Apulia,4029053,6,0,4413,478
2020-05-22,Italy,NA,Apulia,4029053,27,4,4440,482
2020-05-23,Italy,NA,Apulia,4029053,8,4,4448,486
2020-05-24,Italy,NA,Apulia,4029053,10,1,4458,487
2020-05-25,Italy,NA,Apulia,4029053,9,4,4467,491
2020-05-26,Italy,NA,Apulia,4029053,2,3,4469,494
2020-05-27,Italy,NA,Apulia,4029053,10,1,4479,495
2020-05-28,Italy,NA,Apulia,4029053,2,1,4481,496
2020-05-29,Italy,NA,Apulia,4029053,1,4,4482,500
2020-05-30,Italy,NA,Apulia,4029053,8,0,4490,500
2020-05-31,Italy,NA,Apulia,4029053,4,4,4494,504
2020-06-01,Italy,NA,Apulia,4029053,4,2,4498,506
2020-06-02,Italy,NA,Apulia,4029053,0,2,4498,508
2020-06-03,Italy,NA,Apulia,4029053,1,3,4499,511
2020-06-04,Italy,NA,Apulia,4029053,4,3,4503,514
2020-06-05,Italy,NA,Apulia,4029053,4,7,4507,521
2020-06-06,Italy,NA,Apulia,4029053,4,1,4511,522
2020-06-07,Italy,NA,Apulia,4029053,0,3,4511,525
2020-06-08,Italy,NA,Apulia,4029053,1,0,4512,525
2020-06-09,Italy,NA,Apulia,4029053,0,1,4512,526
2020-06-10,Italy,NA,Apulia,4029053,0,3,4512,529
2020-06-11,Italy,NA,Apulia,4029053,1,1,4513,530
2020-06-12,Italy,NA,Apulia,4029053,2,2,4515,532
2020-06-13,Italy,NA,Apulia,4029053,0,0,4515,532
2020-06-14,Italy,NA,Apulia,4029053,0,0,4515,532
2020-06-15,Italy,NA,Apulia,4029053,1,2,4516,534
2020-06-16,Italy,NA,Apulia,4029053,0,1,4516,535
2020-06-17,Italy,NA,Apulia,4029053,0,1,4516,536
2020-06-18,Italy,NA,Apulia,4029053,3,2,4519,538
2020-06-19,Italy,NA,Apulia,4029053,1,0,4520,538
2020-06-20,Italy,NA,Apulia,4029053,5,2,4525,540
2020-06-21,Italy,NA,Apulia,4029053,2,0,4527,540
2020-06-22,Italy,NA,Apulia,4029053,0,0,4527,540
2020-06-23,Italy,NA,Apulia,4029053,2,2,4529,542
2020-06-24,Italy,NA,Apulia,4029053,0,1,4529,543
2020-06-25,Italy,NA,Apulia,4029053,1,0,4530,543
2020-06-26,Italy,NA,Apulia,4029053,1,0,4531,543
2020-06-27,Italy,NA,Apulia,4029053,0,0,4531,543
2020-06-28,Italy,NA,Apulia,4029053,0,0,4531,543
2020-06-29,Italy,NA,Apulia,4029053,0,0,4531,543
2020-06-30,Italy,NA,Apulia,4029053,0,2,4531,545
2020-07-01,Italy,NA,Apulia,4029053,0,0,4530,545
2020-07-02,Italy,NA,Apulia,4029053,0,0,4530,545
2020-07-03,Italy,NA,Apulia,4029053,3,0,4533,545
2020-07-04,Italy,NA,Apulia,4029053,3,0,4536,545
2020-07-05,Italy,NA,Apulia,4029053,0,0,4536,545
2020-07-06,Italy,NA,Apulia,4029053,0,0,4536,545
2020-07-07,Italy,NA,Apulia,4029053,0,1,4535,546
2020-07-08,Italy,NA,Apulia,4029053,1,0,4536,546
2020-07-09,Italy,NA,Apulia,4029053,0,0,4536,546
2020-07-10,Italy,NA,Apulia,4029053,4,0,4540,546
2020-07-11,Italy,NA,Apulia,4029053,1,0,4541,546
2020-07-12,Italy,NA,Apulia,4029053,0,0,4541,546
2020-07-13,Italy,NA,Apulia,4029053,0,1,4541,547
2020-07-14,Italy,NA,Apulia,4029053,0,0,4541,547
2020-07-15,Italy,NA,Apulia,4029053,0,0,4541,547
2020-07-16,Italy,NA,Apulia,4029053,1,1,4542,548
2020-07-17,Italy,NA,Apulia,4029053,5,0,4547,548
2020-07-18,Italy,NA,Apulia,4029053,3,0,4550,548
2020-07-19,Italy,NA,Apulia,4029053,7,0,4557,548
2020-07-20,Italy,NA,Apulia,4029053,0,0,4557,548
2020-07-21,Italy,NA,Apulia,4029053,0,0,4556,548
2020-07-22,Italy,NA,Apulia,4029053,0,0,4556,548
2020-07-23,Italy,NA,Apulia,4029053,9,0,4565,548
2020-07-24,Italy,NA,Apulia,4029053,13,1,4578,549
2020-07-25,Italy,NA,Apulia,4029053,8,0,4586,549
2020-07-26,Italy,NA,Apulia,4029053,3,1,4589,550
2020-07-27,Italy,NA,Apulia,4029053,3,1,4592,551
2020-07-28,Italy,NA,Apulia,4029053,4,0,4596,551
2020-07-29,Italy,NA,Apulia,4029053,10,0,4606,551
2020-07-30,Italy,NA,Apulia,4029053,3,0,4609,551
2020-07-31,Italy,NA,Apulia,4029053,2,1,4611,552
2020-08-01,Italy,NA,Apulia,4029053,20,0,4631,552
2020-08-02,Italy,NA,Apulia,4029053,8,0,4639,552
2020-08-03,Italy,NA,Apulia,4029053,9,1,4648,553
2020-08-04,Italy,NA,Apulia,4029053,7,0,4655,553
2020-08-05,Italy,NA,Apulia,4029053,23,0,4678,553
2020-08-06,Italy,NA,Apulia,4029053,7,0,4685,553
2020-08-07,Italy,NA,Apulia,4029053,11,0,4696,553
2020-08-08,Italy,NA,Apulia,4029053,9,1,4705,554
2020-08-09,Italy,NA,Apulia,4029053,9,0,4714,554
2020-08-10,Italy,NA,Apulia,4029053,26,0,4740,554
2020-08-11,Italy,NA,Apulia,4029053,20,0,4760,554
2020-08-12,Italy,NA,Apulia,4029053,33,0,4793,554
2020-08-13,Italy,NA,Apulia,4029053,16,0,4809,554
2020-08-14,Italy,NA,Apulia,4029053,12,0,4821,554
2020-08-15,Italy,NA,Apulia,4029053,22,0,4843,554
2020-08-16,Italy,NA,Apulia,4029053,15,0,4858,554
2020-08-17,Italy,NA,Apulia,4029053,4,1,4862,555
2020-08-18,Italy,NA,Apulia,4029053,20,0,4882,555
2020-08-19,Italy,NA,Apulia,4029053,33,0,4915,555
2020-08-20,Italy,NA,Apulia,4029053,20,0,4935,555
2020-08-21,Italy,NA,Apulia,4029053,35,0,4970,555
2020-08-22,Italy,NA,Apulia,4029053,22,0,4992,555
2020-08-23,Italy,NA,Apulia,4029053,33,0,5025,555
2020-08-24,Italy,NA,Apulia,4029053,45,0,5070,555
2020-08-25,Italy,NA,Apulia,4029053,49,0,5119,555
2020-08-26,Italy,NA,Apulia,4029053,51,0,5170,555
2020-08-27,Italy,NA,Apulia,4029053,47,1,5217,556
2020-08-28,Italy,NA,Apulia,4029053,51,0,5268,556
2020-08-29,Italy,NA,Apulia,4029053,65,0,5333,556
2020-08-30,Italy,NA,Apulia,4029053,69,0,5402,556
2020-08-31,Italy,NA,Apulia,4029053,38,0,5440,556
2020-03-25,Italy,NA,Basilicata,562869,21,0,113,1
2020-03-26,Italy,NA,Basilicata,562869,21,0,134,1
2020-03-27,Italy,NA,Basilicata,562869,17,2,151,3
2020-03-28,Italy,NA,Basilicata,562869,31,0,182,3
2020-03-29,Italy,NA,Basilicata,562869,20,1,202,4
2020-03-30,Italy,NA,Basilicata,562869,12,1,214,5
2020-03-31,Italy,NA,Basilicata,562869,12,2,226,7
2020-04-01,Italy,NA,Basilicata,562869,11,2,237,9
2020-04-02,Italy,NA,Basilicata,562869,9,1,246,10
2020-04-03,Italy,NA,Basilicata,562869,15,1,261,11
2020-04-04,Italy,NA,Basilicata,562869,3,0,264,11
2020-04-05,Italy,NA,Basilicata,562869,14,2,278,13
2020-04-06,Italy,NA,Basilicata,562869,9,0,287,13
2020-04-07,Italy,NA,Basilicata,562869,4,1,291,14
2020-04-08,Italy,NA,Basilicata,562869,6,0,297,14
2020-04-09,Italy,NA,Basilicata,562869,6,1,303,15
2020-04-10,Italy,NA,Basilicata,562869,5,0,308,15
2020-04-11,Italy,NA,Basilicata,562869,4,2,312,17
2020-04-12,Italy,NA,Basilicata,562869,3,1,315,18
2020-04-13,Italy,NA,Basilicata,562869,4,0,319,18
2020-04-14,Italy,NA,Basilicata,562869,0,1,319,19
2020-04-15,Italy,NA,Basilicata,562869,1,2,320,21
2020-04-16,Italy,NA,Basilicata,562869,16,1,336,22
2020-04-17,Italy,NA,Basilicata,562869,1,0,337,22
2020-04-18,Italy,NA,Basilicata,562869,2,1,339,23
2020-04-19,Italy,NA,Basilicata,562869,3,1,342,24
2020-04-20,Italy,NA,Basilicata,562869,0,0,342,24
2020-04-21,Italy,NA,Basilicata,562869,8,0,350,24
2020-04-22,Italy,NA,Basilicata,562869,4,0,354,24
2020-04-23,Italy,NA,Basilicata,562869,2,0,356,24
2020-04-24,Italy,NA,Basilicata,562869,4,0,360,24
2020-04-25,Italy,NA,Basilicata,562869,1,1,361,25
2020-04-26,Italy,NA,Basilicata,562869,5,0,366,25
2020-04-27,Italy,NA,Basilicata,562869,0,0,366,25
2020-04-28,Italy,NA,Basilicata,562869,0,0,366,25
2020-04-29,Italy,NA,Basilicata,562869,0,0,366,25
2020-04-30,Italy,NA,Basilicata,562869,1,0,367,25
2020-05-01,Italy,NA,Basilicata,562869,11,0,378,25
2020-05-02,Italy,NA,Basilicata,562869,2,0,380,25
2020-05-03,Italy,NA,Basilicata,562869,6,0,386,25
2020-05-04,Italy,NA,Basilicata,562869,0,0,386,25
2020-05-05,Italy,NA,Basilicata,562869,10,0,396,25
2020-05-06,Italy,NA,Basilicata,562869,3,0,399,25
2020-05-07,Italy,NA,Basilicata,562869,0,1,383,26
2020-05-08,Italy,NA,Basilicata,562869,0,0,382,26
2020-05-09,Italy,NA,Basilicata,562869,0,1,382,27
2020-05-10,Italy,NA,Basilicata,562869,3,0,385,27
2020-05-11,Italy,NA,Basilicata,562869,1,0,386,27
2020-05-12,Italy,NA,Basilicata,562869,1,0,387,27
2020-05-13,Italy,NA,Basilicata,562869,2,0,389,27
2020-05-14,Italy,NA,Basilicata,562869,0,0,389,27
2020-05-15,Italy,NA,Basilicata,562869,0,0,389,27
2020-05-16,Italy,NA,Basilicata,562869,1,0,390,27
2020-05-17,Italy,NA,Basilicata,562869,2,0,392,27
2020-05-18,Italy,NA,Basilicata,562869,0,0,392,27
2020-05-19,Italy,NA,Basilicata,562869,1,0,393,27
2020-05-20,Italy,NA,Basilicata,562869,0,0,393,27
2020-05-21,Italy,NA,Basilicata,562869,1,0,394,27
2020-05-22,Italy,NA,Basilicata,562869,0,0,394,27
2020-05-23,Italy,NA,Basilicata,562869,4,0,398,27
2020-05-24,Italy,NA,Basilicata,562869,1,0,399,27
2020-05-25,Italy,NA,Basilicata,562869,0,0,399,27
2020-05-26,Italy,NA,Basilicata,562869,0,0,399,27
2020-05-27,Italy,NA,Basilicata,562869,0,0,399,27
2020-05-28,Italy,NA,Basilicata,562869,0,0,399,27
2020-05-29,Italy,NA,Basilicata,562869,0,0,399,27
2020-05-30,Italy,NA,Basilicata,562869,0,0,399,27
2020-05-31,Italy,NA,Basilicata,562869,0,0,399,27
2020-06-01,Italy,NA,Basilicata,562869,0,0,399,27
2020-06-02,Italy,NA,Basilicata,562869,0,0,399,27
2020-06-03,Italy,NA,Basilicata,562869,0,0,399,27
2020-06-04,Italy,NA,Basilicata,562869,0,0,399,27
2020-06-05,Italy,NA,Basilicata,562869,0,0,399,27
2020-06-06,Italy,NA,Basilicata,562869,0,0,399,27
2020-06-07,Italy,NA,Basilicata,562869,0,0,399,27
2020-06-08,Italy,NA,Basilicata,562869,0,0,399,27
2020-06-09,Italy,NA,Basilicata,562869,1,0,400,27
2020-06-10,Italy,NA,Basilicata,562869,0,0,400,27
2020-06-11,Italy,NA,Basilicata,562869,1,0,401,27
2020-06-12,Italy,NA,Basilicata,562869,0,0,401,27
2020-06-13,Italy,NA,Basilicata,562869,0,0,401,27
2020-06-14,Italy,NA,Basilicata,562869,0,0,401,27
2020-06-15,Italy,NA,Basilicata,562869,0,0,401,27
2020-06-16,Italy,NA,Basilicata,562869,0,0,401,27
2020-06-17,Italy,NA,Basilicata,562869,0,0,401,27
2020-06-18,Italy,NA,Basilicata,562869,0,0,401,27
2020-06-19,Italy,NA,Basilicata,562869,0,0,401,27
2020-06-20,Italy,NA,Basilicata,562869,0,0,401,27
2020-06-21,Italy,NA,Basilicata,562869,0,0,401,27
2020-06-22,Italy,NA,Basilicata,562869,0,0,401,27
2020-06-23,Italy,NA,Basilicata,562869,0,0,401,27
2020-06-24,Italy,NA,Basilicata,562869,0,0,401,27
2020-06-25,Italy,NA,Basilicata,562869,0,0,401,27
2020-06-26,Italy,NA,Basilicata,562869,0,0,401,27
2020-06-27,Italy,NA,Basilicata,562869,0,0,401,27
2020-06-28,Italy,NA,Basilicata,562869,0,0,401,27
2020-06-29,Italy,NA,Basilicata,562869,1,0,402,27
2020-06-30,Italy,NA,Basilicata,562869,0,0,402,27
2020-07-01,Italy,NA,Basilicata,562869,0,0,402,27
2020-07-02,Italy,NA,Basilicata,562869,0,0,402,27
2020-07-03,Italy,NA,Basilicata,562869,2,0,404,27
2020-07-04,Italy,NA,Basilicata,562869,0,0,404,27
2020-07-05,Italy,NA,Basilicata,562869,0,0,404,27
2020-07-06,Italy,NA,Basilicata,562869,0,0,404,27
2020-07-07,Italy,NA,Basilicata,562869,0,0,404,27
2020-07-08,Italy,NA,Basilicata,562869,1,0,405,27
2020-07-09,Italy,NA,Basilicata,562869,0,0,405,27
2020-07-10,Italy,NA,Basilicata,562869,0,0,405,27
2020-07-11,Italy,NA,Basilicata,562869,1,0,406,27
2020-07-12,Italy,NA,Basilicata,562869,0,0,406,27
2020-07-13,Italy,NA,Basilicata,562869,0,0,406,27
2020-07-14,Italy,NA,Basilicata,562869,0,0,406,27
2020-07-15,Italy,NA,Basilicata,562869,0,0,405,27
2020-07-16,Italy,NA,Basilicata,562869,0,0,405,27
2020-07-17,Italy,NA,Basilicata,562869,0,0,405,27
2020-07-18,Italy,NA,Basilicata,562869,0,0,405,27
2020-07-19,Italy,NA,Basilicata,562869,3,1,408,28
2020-07-20,Italy,NA,Basilicata,562869,0,0,408,28
2020-07-21,Italy,NA,Basilicata,562869,0,0,408,28
2020-07-22,Italy,NA,Basilicata,562869,36,0,444,28
2020-07-23,Italy,NA,Basilicata,562869,3,0,447,28
2020-07-24,Italy,NA,Basilicata,562869,0,0,447,28
2020-07-25,Italy,NA,Basilicata,562869,1,0,448,28
2020-07-26,Italy,NA,Basilicata,562869,0,0,448,28
2020-07-27,Italy,NA,Basilicata,562869,1,0,449,28
2020-07-28,Italy,NA,Basilicata,562869,0,0,449,28
2020-07-29,Italy,NA,Basilicata,562869,0,0,449,28
2020-07-30,Italy,NA,Basilicata,562869,0,0,449,28
2020-07-31,Italy,NA,Basilicata,562869,3,0,452,28
2020-08-01,Italy,NA,Basilicata,562869,0,0,452,28
2020-08-02,Italy,NA,Basilicata,562869,1,0,453,28
2020-08-03,Italy,NA,Basilicata,562869,0,0,453,28
2020-08-04,Italy,NA,Basilicata,562869,0,0,453,28
2020-08-05,Italy,NA,Basilicata,562869,1,0,454,28
2020-08-06,Italy,NA,Basilicata,562869,0,0,454,28
2020-08-07,Italy,NA,Basilicata,562869,21,0,475,28
2020-08-08,Italy,NA,Basilicata,562869,1,0,476,28
2020-08-09,Italy,NA,Basilicata,562869,0,0,476,28
2020-08-10,Italy,NA,Basilicata,562869,0,0,476,28
2020-08-11,Italy,NA,Basilicata,562869,1,0,477,28
2020-08-12,Italy,NA,Basilicata,562869,0,0,477,28
2020-08-13,Italy,NA,Basilicata,562869,1,0,478,28
2020-08-14,Italy,NA,Basilicata,562869,4,0,482,28
2020-08-15,Italy,NA,Basilicata,562869,4,0,486,28
2020-08-16,Italy,NA,Basilicata,562869,0,0,485,28
2020-08-17,Italy,NA,Basilicata,562869,0,0,485,28
2020-08-18,Italy,NA,Basilicata,562869,8,0,491,28
2020-08-19,Italy,NA,Basilicata,562869,1,0,492,28
2020-08-20,Italy,NA,Basilicata,562869,2,0,494,28
2020-08-21,Italy,NA,Basilicata,562869,0,0,494,28
2020-08-22,Italy,NA,Basilicata,562869,3,0,497,28
2020-08-23,Italy,NA,Basilicata,562869,5,0,502,28
2020-08-24,Italy,NA,Basilicata,562869,0,0,502,28
2020-08-25,Italy,NA,Basilicata,562869,3,0,505,28
2020-08-26,Italy,NA,Basilicata,562869,3,0,508,28
2020-08-27,Italy,NA,Basilicata,562869,6,0,514,28
2020-08-28,Italy,NA,Basilicata,562869,4,0,518,28
2020-08-29,Italy,NA,Basilicata,562869,5,0,523,28
2020-08-30,Italy,NA,Basilicata,562869,1,0,524,28
2020-03-17,Italy,NA,Calabria,1947131,25,0,114,1
2020-03-18,Italy,NA,Calabria,1947131,15,0,129,1
2020-03-19,Italy,NA,Calabria,1947131,40,2,169,3
2020-03-20,Italy,NA,Calabria,1947131,38,1,207,4
2020-03-21,Italy,NA,Calabria,1947131,28,1,235,5
2020-03-22,Italy,NA,Calabria,1947131,38,3,273,8
2020-03-23,Italy,NA,Calabria,1947131,19,0,292,7
2020-03-24,Italy,NA,Calabria,1947131,27,3,319,10
2020-03-25,Italy,NA,Calabria,1947131,32,1,351,11
2020-03-26,Italy,NA,Calabria,1947131,42,3,393,14
2020-03-27,Italy,NA,Calabria,1947131,101,4,494,18
2020-03-28,Italy,NA,Calabria,1947131,61,3,555,21
2020-03-29,Italy,NA,Calabria,1947131,59,4,614,25
2020-03-30,Italy,NA,Calabria,1947131,33,6,647,31
2020-03-31,Italy,NA,Calabria,1947131,12,5,659,36
2020-04-01,Italy,NA,Calabria,1947131,10,2,669,38
2020-04-02,Italy,NA,Calabria,1947131,22,3,691,41
2020-04-03,Italy,NA,Calabria,1947131,42,4,733,45
2020-04-04,Italy,NA,Calabria,1947131,8,4,741,49
2020-04-05,Italy,NA,Calabria,1947131,54,7,795,56
2020-04-06,Italy,NA,Calabria,1947131,22,2,817,58
2020-04-07,Italy,NA,Calabria,1947131,16,2,833,60
2020-04-08,Italy,NA,Calabria,1947131,26,0,859,60
2020-04-09,Italy,NA,Calabria,1947131,15,1,874,61
2020-04-10,Italy,NA,Calabria,1947131,27,4,901,65
2020-04-11,Italy,NA,Calabria,1947131,14,1,915,66
2020-04-12,Italy,NA,Calabria,1947131,8,0,923,66
2020-04-13,Italy,NA,Calabria,1947131,5,1,928,67
2020-04-14,Italy,NA,Calabria,1947131,28,1,956,68
2020-04-15,Italy,NA,Calabria,1947131,15,3,971,71
2020-04-16,Italy,NA,Calabria,1947131,38,1,1009,72
2020-04-17,Italy,NA,Calabria,1947131,0,1,991,73
2020-04-18,Italy,NA,Calabria,1947131,20,0,1011,73
2020-04-19,Italy,NA,Calabria,1947131,24,2,1035,75
2020-04-20,Italy,NA,Calabria,1947131,3,0,1038,75
2020-04-21,Italy,NA,Calabria,1947131,9,1,1047,76
2020-04-22,Italy,NA,Calabria,1947131,13,0,1060,76
2020-04-23,Italy,NA,Calabria,1947131,9,0,1069,76
2020-04-24,Italy,NA,Calabria,1947131,10,4,1079,80
2020-04-25,Italy,NA,Calabria,1947131,9,0,1088,80
2020-04-26,Italy,NA,Calabria,1947131,1,0,1089,80
2020-04-27,Italy,NA,Calabria,1947131,7,3,1096,83
2020-04-28,Italy,NA,Calabria,1947131,1,2,1097,85
2020-04-29,Italy,NA,Calabria,1947131,5,1,1102,86
2020-04-30,Italy,NA,Calabria,1947131,6,0,1108,86
2020-05-01,Italy,NA,Calabria,1947131,4,0,1112,86
2020-05-02,Italy,NA,Calabria,1947131,0,2,1112,88
2020-05-03,Italy,NA,Calabria,1947131,2,0,1114,88
2020-05-04,Italy,NA,Calabria,1947131,4,0,1118,88
2020-05-05,Italy,NA,Calabria,1947131,1,0,1119,88
2020-05-06,Italy,NA,Calabria,1947131,3,1,1122,89
2020-05-07,Italy,NA,Calabria,1947131,3,0,1125,89
2020-05-08,Italy,NA,Calabria,1947131,1,1,1126,90
2020-05-09,Italy,NA,Calabria,1947131,3,0,1129,90
2020-05-10,Italy,NA,Calabria,1947131,3,1,1132,91
2020-05-11,Italy,NA,Calabria,1947131,2,2,1134,93
2020-05-12,Italy,NA,Calabria,1947131,4,0,1138,93
2020-05-13,Italy,NA,Calabria,1947131,2,0,1140,93
2020-05-14,Italy,NA,Calabria,1947131,3,2,1143,95
2020-05-15,Italy,NA,Calabria,1947131,1,0,1144,95
2020-05-16,Italy,NA,Calabria,1947131,7,0,1151,95
2020-05-17,Italy,NA,Calabria,1947131,0,0,1151,95
2020-05-18,Italy,NA,Calabria,1947131,0,0,1151,95
2020-05-19,Italy,NA,Calabria,1947131,2,0,1153,95
2020-05-20,Italy,NA,Calabria,1947131,3,1,1156,96
2020-05-21,Italy,NA,Calabria,1947131,0,0,1156,96
2020-05-22,Italy,NA,Calabria,1947131,1,0,1157,96
2020-05-23,Italy,NA,Calabria,1947131,0,0,1157,96
2020-05-24,Italy,NA,Calabria,1947131,0,0,1157,96
2020-05-25,Italy,NA,Calabria,1947131,0,0,1157,96
2020-05-26,Italy,NA,Calabria,1947131,0,0,1157,96
2020-05-27,Italy,NA,Calabria,1947131,1,0,1158,96
2020-05-28,Italy,NA,Calabria,1947131,0,0,1158,96
2020-05-29,Italy,NA,Calabria,1947131,0,1,1158,97
2020-05-30,Italy,NA,Calabria,1947131,0,0,1158,97
2020-05-31,Italy,NA,Calabria,1947131,0,0,1158,97
2020-06-01,Italy,NA,Calabria,1947131,0,0,1158,97
2020-06-02,Italy,NA,Calabria,1947131,0,0,1158,97
2020-06-03,Italy,NA,Calabria,1947131,0,0,1158,97
2020-06-04,Italy,NA,Calabria,1947131,0,0,1158,97
2020-06-05,Italy,NA,Calabria,1947131,1,0,1159,97
2020-06-06,Italy,NA,Calabria,1947131,0,0,1159,97
2020-06-07,Italy,NA,Calabria,1947131,0,0,1159,97
2020-06-08,Italy,NA,Calabria,1947131,0,0,1159,97
2020-06-09,Italy,NA,Calabria,1947131,0,0,1159,97
2020-06-10,Italy,NA,Calabria,1947131,0,0,1159,97
2020-06-11,Italy,NA,Calabria,1947131,2,0,1161,97
2020-06-12,Italy,NA,Calabria,1947131,0,0,1161,97
2020-06-13,Italy,NA,Calabria,1947131,1,0,1162,97
2020-06-14,Italy,NA,Calabria,1947131,0,0,1162,97
2020-06-15,Italy,NA,Calabria,1947131,0,0,1162,97
2020-06-16,Italy,NA,Calabria,1947131,0,0,1162,97
2020-06-17,Italy,NA,Calabria,1947131,0,0,1162,97
2020-06-18,Italy,NA,Calabria,1947131,3,0,1165,97
2020-06-19,Italy,NA,Calabria,1947131,0,0,1165,97
2020-06-20,Italy,NA,Calabria,1947131,3,0,1167,97
2020-06-21,Italy,NA,Calabria,1947131,6,0,1173,97
2020-06-22,Italy,NA,Calabria,1947131,1,0,1174,97
2020-06-23,Italy,NA,Calabria,1947131,1,0,1175,97
2020-06-24,Italy,NA,Calabria,1947131,0,0,1175,97
2020-06-25,Italy,NA,Calabria,1947131,0,0,1175,97
2020-06-26,Italy,NA,Calabria,1947131,3,0,1178,97
2020-06-27,Italy,NA,Calabria,1947131,1,0,1179,97
2020-06-28,Italy,NA,Calabria,1947131,1,0,1180,97
2020-06-29,Italy,NA,Calabria,1947131,0,0,1180,97
2020-06-30,Italy,NA,Calabria,1947131,1,0,1181,97
2020-07-01,Italy,NA,Calabria,1947131,0,0,1181,97
2020-07-02,Italy,NA,Calabria,1947131,0,0,1181,97
2020-07-03,Italy,NA,Calabria,1947131,1,0,1182,97
2020-07-04,Italy,NA,Calabria,1947131,1,0,1183,97
2020-07-05,Italy,NA,Calabria,1947131,0,0,1183,97
2020-07-06,Italy,NA,Calabria,1947131,0,0,1183,97
2020-07-07,Italy,NA,Calabria,1947131,1,0,1184,97
2020-07-08,Italy,NA,Calabria,1947131,1,0,1185,97
2020-07-09,Italy,NA,Calabria,1947131,0,0,1185,97
2020-07-10,Italy,NA,Calabria,1947131,1,0,1186,97
2020-07-11,Italy,NA,Calabria,1947131,2,0,1188,97
2020-07-12,Italy,NA,Calabria,1947131,28,0,1216,97
2020-07-13,Italy,NA,Calabria,1947131,0,0,1216,97
2020-07-14,Italy,NA,Calabria,1947131,0,0,1216,97
2020-07-15,Italy,NA,Calabria,1947131,2,0,1218,97
2020-07-16,Italy,NA,Calabria,1947131,8,0,1226,97
2020-07-17,Italy,NA,Calabria,1947131,5,0,1231,97
2020-07-18,Italy,NA,Calabria,1947131,7,0,1238,97
2020-07-19,Italy,NA,Calabria,1947131,1,0,1239,97
2020-07-20,Italy,NA,Calabria,1947131,0,0,1239,97
2020-07-21,Italy,NA,Calabria,1947131,0,0,1239,97
2020-07-22,Italy,NA,Calabria,1947131,4,0,1243,97
2020-07-23,Italy,NA,Calabria,1947131,2,0,1245,97
2020-07-24,Italy,NA,Calabria,1947131,1,0,1246,97
2020-07-25,Italy,NA,Calabria,1947131,1,0,1247,97
2020-07-26,Italy,NA,Calabria,1947131,0,0,1247,97
2020-07-27,Italy,NA,Calabria,1947131,0,0,1247,97
2020-07-28,Italy,NA,Calabria,1947131,5,0,1252,97
2020-07-29,Italy,NA,Calabria,1947131,3,0,1255,97
2020-07-30,Italy,NA,Calabria,1947131,7,0,1262,97
2020-07-31,Italy,NA,Calabria,1947131,4,0,1266,97
2020-08-01,Italy,NA,Calabria,1947131,3,0,1269,97
2020-08-02,Italy,NA,Calabria,1947131,1,0,1270,97
2020-08-03,Italy,NA,Calabria,1947131,0,0,1270,97
2020-08-04,Italy,NA,Calabria,1947131,2,0,1272,97
2020-08-05,Italy,NA,Calabria,1947131,2,0,1274,97
2020-08-06,Italy,NA,Calabria,1947131,2,0,1276,97
2020-08-07,Italy,NA,Calabria,1947131,7,0,1283,97
2020-08-08,Italy,NA,Calabria,1947131,4,0,1287,97
2020-08-09,Italy,NA,Calabria,1947131,0,0,1287,97
2020-08-10,Italy,NA,Calabria,1947131,2,0,1289,97
2020-08-11,Italy,NA,Calabria,1947131,11,0,1300,97
2020-08-12,Italy,NA,Calabria,1947131,4,0,1304,97
2020-08-13,Italy,NA,Calabria,1947131,12,0,1316,97
2020-08-14,Italy,NA,Calabria,1947131,19,0,1335,97
2020-08-15,Italy,NA,Calabria,1947131,10,0,1345,97
2020-08-16,Italy,NA,Calabria,1947131,3,0,1348,97
2020-08-17,Italy,NA,Calabria,1947131,4,0,1352,97
2020-08-18,Italy,NA,Calabria,1947131,5,0,1357,97
2020-08-19,Italy,NA,Calabria,1947131,10,0,1367,97
2020-08-20,Italy,NA,Calabria,1947131,10,0,1377,97
2020-08-21,Italy,NA,Calabria,1947131,2,0,1379,97
2020-08-22,Italy,NA,Calabria,1947131,11,0,1390,97
2020-08-23,Italy,NA,Calabria,1947131,8,0,1398,97
2020-08-24,Italy,NA,Calabria,1947131,2,0,1400,97
2020-08-25,Italy,NA,Calabria,1947131,8,0,1408,97
2020-08-26,Italy,NA,Calabria,1947131,8,0,1416,97
2020-08-27,Italy,NA,Calabria,1947131,6,0,1422,97
2020-08-28,Italy,NA,Calabria,1947131,10,0,1432,97
2020-08-29,Italy,NA,Calabria,1947131,11,0,1443,97
2020-08-30,Italy,NA,Calabria,1947131,34,0,1477,97
2020-08-31,Italy,NA,Calabria,1947131,14,0,1491,97
2020-03-08,Italy,NA,Campania,5869965,40,0,101,0
2020-03-09,Italy,NA,Campania,5869965,19,0,120,0
2020-03-10,Italy,NA,Campania,5869965,7,0,127,0
2020-03-11,Italy,NA,Campania,5869965,27,1,154,1
2020-03-12,Italy,NA,Campania,5869965,25,0,179,1
2020-03-13,Italy,NA,Campania,5869965,41,1,220,2
2020-03-14,Italy,NA,Campania,5869965,52,4,272,6
2020-03-15,Italy,NA,Campania,5869965,61,3,333,9
2020-03-16,Italy,NA,Campania,5869965,67,0,400,9
2020-03-17,Italy,NA,Campania,5869965,60,0,460,9
2020-03-18,Italy,NA,Campania,5869965,0,0,460,9
2020-03-19,Italy,NA,Campania,5869965,192,8,652,17
2020-03-20,Italy,NA,Campania,5869965,97,0,749,17
2020-03-21,Italy,NA,Campania,5869965,95,5,844,22
2020-03-22,Italy,NA,Campania,5869965,92,7,936,29
2020-03-23,Italy,NA,Campania,5869965,90,20,1026,49
2020-03-24,Italy,NA,Campania,5869965,75,7,1101,56
2020-03-25,Italy,NA,Campania,5869965,98,18,1199,74
2020-03-26,Italy,NA,Campania,5869965,111,9,1310,83
2020-03-27,Italy,NA,Campania,5869965,144,15,1454,98
2020-03-28,Italy,NA,Campania,5869965,138,11,1592,109
2020-03-29,Italy,NA,Campania,5869965,167,8,1759,117
2020-03-30,Italy,NA,Campania,5869965,193,8,1952,125
2020-03-31,Italy,NA,Campania,5869965,140,8,2092,133
2020-04-01,Italy,NA,Campania,5869965,139,15,2231,148
2020-04-02,Italy,NA,Campania,5869965,225,19,2456,167
2020-04-03,Italy,NA,Campania,5869965,221,14,2677,181
2020-04-04,Italy,NA,Campania,5869965,151,5,2828,186
2020-04-05,Italy,NA,Campania,5869965,132,3,2960,189
2020-04-06,Italy,NA,Campania,5869965,98,15,3058,204
2020-04-07,Italy,NA,Campania,5869965,90,12,3148,216
2020-04-08,Italy,NA,Campania,5869965,120,5,3268,221
2020-04-09,Italy,NA,Campania,5869965,76,6,3344,227
2020-04-10,Italy,NA,Campania,5869965,98,4,3442,231
2020-04-11,Italy,NA,Campania,5869965,75,7,3517,238
2020-04-12,Italy,NA,Campania,5869965,87,4,3604,242
2020-04-13,Italy,NA,Campania,5869965,66,6,3670,248
2020-04-14,Italy,NA,Campania,5869965,99,12,3769,260
2020-04-15,Italy,NA,Campania,5869965,38,18,3807,278
2020-04-16,Italy,NA,Campania,5869965,80,8,3887,286
2020-04-17,Italy,NA,Campania,5869965,64,7,3951,293
2020-04-18,Italy,NA,Campania,5869965,37,7,3988,300
2020-04-19,Italy,NA,Campania,5869965,41,4,4029,304
2020-04-20,Italy,NA,Campania,5869965,45,5,4074,309
2020-04-21,Italy,NA,Campania,5869965,61,8,4135,317
2020-04-22,Italy,NA,Campania,5869965,50,10,4185,327
2020-04-23,Italy,NA,Campania,5869965,53,5,4238,332
2020-04-24,Italy,NA,Campania,5869965,44,4,4282,336
2020-04-25,Italy,NA,Campania,5869965,17,5,4299,341
2020-04-26,Italy,NA,Campania,5869965,32,4,4331,345
2020-04-27,Italy,NA,Campania,5869965,18,7,4349,352
2020-04-28,Italy,NA,Campania,5869965,31,6,4380,358
2020-04-29,Italy,NA,Campania,5869965,30,1,4410,359
2020-04-30,Italy,NA,Campania,5869965,13,0,4423,359
2020-05-01,Italy,NA,Campania,5869965,21,0,4444,359
2020-05-02,Italy,NA,Campania,5869965,15,3,4459,362
2020-05-03,Italy,NA,Campania,5869965,25,2,4484,364
2020-05-04,Italy,NA,Campania,5869965,14,2,4498,366
2020-05-05,Italy,NA,Campania,5869965,20,3,4518,369
2020-05-06,Italy,NA,Campania,5869965,14,7,4532,376
2020-05-07,Italy,NA,Campania,5869965,9,3,4541,379
2020-05-08,Italy,NA,Campania,5869965,21,7,4562,386
2020-05-09,Italy,NA,Campania,5869965,14,2,4576,388
2020-05-10,Italy,NA,Campania,5869965,12,3,4588,391
2020-05-11,Italy,NA,Campania,5869965,14,1,4602,392
2020-05-12,Italy,NA,Campania,5869965,13,1,4615,393
2020-05-13,Italy,NA,Campania,5869965,15,1,4630,394
2020-05-14,Italy,NA,Campania,5869965,9,0,4639,394
2020-05-15,Italy,NA,Campania,5869965,15,2,4654,396
2020-05-16,Italy,NA,Campania,5869965,14,0,4668,396
2020-05-17,Italy,NA,Campania,5869965,16,0,4684,396
2020-05-18,Italy,NA,Campania,5869965,11,3,4695,399
2020-05-19,Italy,NA,Campania,5869965,12,0,4707,399
2020-05-20,Italy,NA,Campania,5869965,7,2,4714,401
2020-05-21,Italy,NA,Campania,5869965,9,2,4723,403
2020-05-22,Italy,NA,Campania,5869965,10,1,4733,404
2020-05-23,Italy,NA,Campania,5869965,11,0,4744,404
2020-05-24,Italy,NA,Campania,5869965,5,1,4749,405
2020-05-25,Italy,NA,Campania,5869965,6,0,4755,405
2020-05-26,Italy,NA,Campania,5869965,12,0,4767,405
2020-05-27,Italy,NA,Campania,5869965,6,1,4773,406
2020-05-28,Italy,NA,Campania,5869965,4,4,4777,410
2020-05-29,Italy,NA,Campania,5869965,10,1,4787,411
2020-05-30,Italy,NA,Campania,5869965,10,0,4797,411
2020-05-31,Italy,NA,Campania,5869965,5,1,4802,412
2020-06-01,Italy,NA,Campania,5869965,4,1,4806,413
2020-06-02,Italy,NA,Campania,5869965,3,2,4809,415
2020-06-03,Italy,NA,Campania,5869965,12,0,4821,415
2020-06-04,Italy,NA,Campania,5869965,1,5,4822,420
2020-06-05,Italy,NA,Campania,5869965,0,5,4822,425
2020-06-06,Italy,NA,Campania,5869965,0,1,4822,426
2020-06-07,Italy,NA,Campania,5869965,4,0,4826,426
2020-06-08,Italy,NA,Campania,5869965,2,0,4828,426
2020-06-09,Italy,NA,Campania,5869965,5,0,4833,426
2020-06-10,Italy,NA,Campania,5869965,1,2,4834,428
2020-06-11,Italy,NA,Campania,5869965,3,2,4837,430
2020-06-12,Italy,NA,Campania,5869965,0,0,4608,430
2020-06-13,Italy,NA,Campania,5869965,0,0,4608,430
2020-06-14,Italy,NA,Campania,5869965,1,0,4609,430
2020-06-15,Italy,NA,Campania,5869965,4,0,4613,430
2020-06-16,Italy,NA,Campania,5869965,0,0,4613,430
2020-06-17,Italy,NA,Campania,5869965,1,1,4614,431
2020-06-18,Italy,NA,Campania,5869965,1,0,4615,431
2020-06-19,Italy,NA,Campania,5869965,0,0,4615,431
2020-06-20,Italy,NA,Campania,5869965,0,0,4615,431
2020-06-21,Italy,NA,Campania,5869965,2,0,4617,431
2020-06-22,Italy,NA,Campania,5869965,7,0,4624,431
2020-06-23,Italy,NA,Campania,5869965,10,0,4634,431
2020-06-24,Italy,NA,Campania,5869965,11,0,4645,431
2020-06-25,Italy,NA,Campania,5869965,17,0,4662,431
2020-06-26,Italy,NA,Campania,5869965,3,0,4665,431
2020-06-27,Italy,NA,Campania,5869965,0,0,4665,431
2020-06-28,Italy,NA,Campania,5869965,0,0,4665,431
2020-06-29,Italy,NA,Campania,5869965,1,0,4666,431
2020-06-30,Italy,NA,Campania,5869965,24,1,4690,432
2020-07-01,Italy,NA,Campania,5869965,9,0,4699,432
2020-07-02,Italy,NA,Campania,5869965,3,0,4702,432
2020-07-03,Italy,NA,Campania,5869965,10,0,4712,432
2020-07-04,Italy,NA,Campania,5869965,2,0,4714,432
2020-07-05,Italy,NA,Campania,5869965,5,0,4719,432
2020-07-06,Italy,NA,Campania,5869965,27,0,4746,432
2020-07-07,Italy,NA,Campania,5869965,1,0,4747,432
2020-07-08,Italy,NA,Campania,5869965,3,0,4750,432
2020-07-09,Italy,NA,Campania,5869965,5,0,4755,432
2020-07-10,Italy,NA,Campania,5869965,7,0,4762,432
2020-07-11,Italy,NA,Campania,5869965,7,0,4769,432
2020-07-12,Italy,NA,Campania,5869965,3,0,4772,432
2020-07-13,Italy,NA,Campania,5869965,7,0,4779,432
2020-07-14,Italy,NA,Campania,5869965,0,0,4779,432
2020-07-15,Italy,NA,Campania,5869965,8,0,4787,432
2020-07-16,Italy,NA,Campania,5869965,4,0,4791,432
2020-07-17,Italy,NA,Campania,5869965,12,1,4803,433
2020-07-18,Italy,NA,Campania,5869965,15,0,4818,433
2020-07-19,Italy,NA,Campania,5869965,9,0,4827,433
2020-07-20,Italy,NA,Campania,5869965,6,0,4833,433
2020-07-21,Italy,NA,Campania,5869965,6,1,4839,434
2020-07-22,Italy,NA,Campania,5869965,19,0,4858,434
2020-07-23,Italy,NA,Campania,5869965,16,0,4874,434
2020-07-24,Italy,NA,Campania,5869965,6,0,4880,434
2020-07-25,Italy,NA,Campania,5869965,21,0,4901,434
2020-07-26,Italy,NA,Campania,5869965,11,0,4912,434
2020-07-27,Italy,NA,Campania,5869965,14,0,4926,434
2020-07-28,Italy,NA,Campania,5869965,29,0,4955,434
2020-07-29,Italy,NA,Campania,5869965,19,0,4974,434
2020-07-30,Italy,NA,Campania,5869965,16,0,4990,434
2020-07-31,Italy,NA,Campania,5869965,9,1,4999,435
2020-08-01,Italy,NA,Campania,5869965,10,0,5009,435
2020-08-02,Italy,NA,Campania,5869965,7,0,5016,435
2020-08-03,Italy,NA,Campania,5869965,4,1,5020,436
2020-08-04,Italy,NA,Campania,5869965,2,0,5022,436
2020-08-05,Italy,NA,Campania,5869965,8,2,5030,438
2020-08-06,Italy,NA,Campania,5869965,5,0,5035,438
2020-08-07,Italy,NA,Campania,5869965,15,0,5050,438
2020-08-08,Italy,NA,Campania,5869965,5,0,5055,438
2020-08-09,Italy,NA,Campania,5869965,22,0,5077,438
2020-08-10,Italy,NA,Campania,5869965,14,1,5091,439
2020-08-11,Italy,NA,Campania,5869965,23,1,5114,440
2020-08-12,Italy,NA,Campania,5869965,29,0,5143,440
2020-08-13,Italy,NA,Campania,5869965,27,0,5170,440
2020-08-14,Italy,NA,Campania,5869965,44,0,5214,440
2020-08-15,Italy,NA,Campania,5869965,18,0,5232,440
2020-08-16,Italy,NA,Campania,5869965,46,0,5278,440
2020-08-17,Italy,NA,Campania,5869965,34,0,5312,440
2020-08-18,Italy,NA,Campania,5869965,35,0,5347,440
2020-08-19,Italy,NA,Campania,5869965,56,0,5403,440
2020-08-20,Italy,NA,Campania,5869965,53,0,5456,440
2020-08-21,Italy,NA,Campania,5869965,67,0,5523,440
2020-08-22,Italy,NA,Campania,5869965,61,0,5584,440
2020-08-23,Italy,NA,Campania,5869965,138,1,5722,441
2020-08-24,Italy,NA,Campania,5869965,116,0,5838,441
2020-08-25,Italy,NA,Campania,5869965,138,1,5976,442
2020-08-26,Italy,NA,Campania,5869965,135,1,6111,443
2020-08-27,Italy,NA,Campania,5869965,130,2,6241,445
2020-08-28,Italy,NA,Campania,5869965,183,0,6424,445
2020-08-29,Italy,NA,Campania,5869965,188,0,6612,445
2020-08-30,Italy,NA,Campania,5869965,270,0,6882,445
2020-08-31,Italy,NA,Campania,5869965,184,0,7066,445
2020-02-28,Italy,NA,Emilia-Romagna,4459477,48,1,145,2
2020-02-29,Italy,NA,Emilia-Romagna,4459477,72,2,217,4
2020-03-01,Italy,NA,Emilia-Romagna,4459477,68,4,285,8
2020-03-02,Italy,NA,Emilia-Romagna,4459477,50,3,335,11
2020-03-03,Italy,NA,Emilia-Romagna,4459477,85,7,420,18
2020-03-04,Italy,NA,Emilia-Romagna,4459477,124,4,544,22
2020-03-05,Italy,NA,Emilia-Romagna,4459477,154,8,698,30
2020-03-06,Italy,NA,Emilia-Romagna,4459477,172,7,870,37
2020-03-07,Italy,NA,Emilia-Romagna,4459477,140,11,1010,48
2020-03-08,Italy,NA,Emilia-Romagna,4459477,170,8,1180,56
2020-03-09,Italy,NA,Emilia-Romagna,4459477,206,14,1386,70
2020-03-10,Italy,NA,Emilia-Romagna,4459477,147,15,1533,85
2020-03-11,Italy,NA,Emilia-Romagna,4459477,206,28,1739,113
2020-03-12,Italy,NA,Emilia-Romagna,4459477,208,33,1947,146
2020-03-13,Italy,NA,Emilia-Romagna,4459477,316,55,2263,201
2020-03-14,Italy,NA,Emilia-Romagna,4459477,381,40,2644,241
2020-03-15,Italy,NA,Emilia-Romagna,4459477,449,43,3093,284
2020-03-16,Italy,NA,Emilia-Romagna,4459477,429,62,3522,346
2020-03-17,Italy,NA,Emilia-Romagna,4459477,409,47,3931,393
2020-03-18,Italy,NA,Emilia-Romagna,4459477,594,65,4525,458
2020-03-19,Italy,NA,Emilia-Romagna,4459477,689,73,5214,531
2020-03-20,Italy,NA,Emilia-Romagna,4459477,754,109,5968,640
2020-03-21,Italy,NA,Emilia-Romagna,4459477,737,75,6705,715
2020-03-22,Italy,NA,Emilia-Romagna,4459477,850,101,7555,816
2020-03-23,Italy,NA,Emilia-Romagna,4459477,980,76,8535,892
2020-03-24,Italy,NA,Emilia-Romagna,4459477,719,93,9254,985
2020-03-25,Italy,NA,Emilia-Romagna,4459477,800,92,10054,1077
2020-03-26,Italy,NA,Emilia-Romagna,4459477,762,97,10816,1174
2020-03-27,Italy,NA,Emilia-Romagna,4459477,772,93,11588,1267
2020-03-28,Italy,NA,Emilia-Romagna,4459477,795,77,12383,1344
2020-03-29,Italy,NA,Emilia-Romagna,4459477,736,99,13119,1443
2020-03-30,Italy,NA,Emilia-Romagna,4459477,412,95,13531,1538
2020-03-31,Italy,NA,Emilia-Romagna,4459477,543,106,14074,1644
2020-04-01,Italy,NA,Emilia-Romagna,4459477,713,88,14787,1732
2020-04-02,Italy,NA,Emilia-Romagna,4459477,546,79,15333,1811
2020-04-03,Italy,NA,Emilia-Romagna,4459477,599,91,15932,1902
2020-04-04,Italy,NA,Emilia-Romagna,4459477,608,75,16540,1977
2020-04-05,Italy,NA,Emilia-Romagna,4459477,549,74,17089,2051
2020-04-06,Italy,NA,Emilia-Romagna,4459477,467,57,17556,2108
2020-04-07,Italy,NA,Emilia-Romagna,4459477,269,72,17825,2180
2020-04-08,Italy,NA,Emilia-Romagna,4459477,409,54,18234,2234
2020-04-09,Italy,NA,Emilia-Romagna,4459477,443,82,18677,2316
2020-04-10,Italy,NA,Emilia-Romagna,4459477,451,81,19128,2397
2020-04-11,Italy,NA,Emilia-Romagna,4459477,507,84,19635,2481
2020-04-12,Italy,NA,Emilia-Romagna,4459477,463,83,20098,2564
2020-04-13,Italy,NA,Emilia-Romagna,4459477,342,51,20440,2615
2020-04-14,Italy,NA,Emilia-Romagna,4459477,312,90,20752,2705
2020-04-15,Italy,NA,Emilia-Romagna,4459477,277,83,21029,2788
2020-04-16,Italy,NA,Emilia-Romagna,4459477,457,55,21486,2843
2020-04-17,Italy,NA,Emilia-Romagna,4459477,348,60,21834,2903
2020-04-18,Italy,NA,Emilia-Romagna,4459477,350,62,22184,2965
2020-04-19,Italy,NA,Emilia-Romagna,4459477,376,58,22560,3023
2020-04-20,Italy,NA,Emilia-Romagna,4459477,307,56,22867,3079
2020-04-21,Italy,NA,Emilia-Romagna,4459477,225,68,23092,3147
2020-04-22,Italy,NA,Emilia-Romagna,4459477,342,57,23434,3204
2020-04-23,Italy,NA,Emilia-Romagna,4459477,289,65,23723,3269
2020-04-24,Italy,NA,Emilia-Romagna,4459477,247,34,23970,3303
2020-04-25,Italy,NA,Emilia-Romagna,4459477,239,44,24209,3347
2020-04-26,Italy,NA,Emilia-Romagna,4459477,241,39,24450,3386
2020-04-27,Italy,NA,Emilia-Romagna,4459477,212,45,24662,3431
2020-04-28,Italy,NA,Emilia-Romagna,4459477,252,41,24914,3472
2020-04-29,Italy,NA,Emilia-Romagna,4459477,263,40,25177,3512
2020-04-30,Italy,NA,Emilia-Romagna,4459477,259,39,25436,3551
2020-05-01,Italy,NA,Emilia-Romagna,4459477,208,28,25644,3579
2020-05-02,Italy,NA,Emilia-Romagna,4459477,206,35,25850,3614
2020-05-03,Italy,NA,Emilia-Romagna,4459477,166,28,26016,3642
2020-05-04,Italy,NA,Emilia-Romagna,4459477,159,24,26175,3666
2020-05-05,Italy,NA,Emilia-Romagna,4459477,100,39,26275,3705
2020-05-06,Italy,NA,Emilia-Romagna,4459477,104,32,26379,3737
2020-05-07,Italy,NA,Emilia-Romagna,4459477,108,29,26487,3766
2020-05-08,Italy,NA,Emilia-Romagna,4459477,111,31,26598,3797
2020-05-09,Italy,NA,Emilia-Romagna,4459477,121,30,26719,3827
2020-05-10,Italy,NA,Emilia-Romagna,4459477,77,18,26796,3845
2020-05-11,Italy,NA,Emilia-Romagna,4459477,80,22,26876,3867
2020-05-12,Italy,NA,Emilia-Romagna,4459477,53,18,26929,3885
2020-05-13,Italy,NA,Emilia-Romagna,4459477,50,20,26979,3905
2020-05-14,Italy,NA,Emilia-Romagna,4459477,77,25,27056,3930
2020-05-15,Italy,NA,Emilia-Romagna,4459477,54,13,27110,3943
2020-05-16,Italy,NA,Emilia-Romagna,4459477,72,17,27182,3960
2020-05-17,Italy,NA,Emilia-Romagna,4459477,50,13,27232,3973
2020-05-18,Italy,NA,Emilia-Romagna,4459477,35,13,27267,3986
2020-05-19,Italy,NA,Emilia-Romagna,4459477,47,11,27314,3997
2020-05-20,Italy,NA,Emilia-Romagna,4459477,50,11,27364,4008
2020-05-21,Italy,NA,Emilia-Romagna,4459477,53,17,27417,4025
2020-05-22,Italy,NA,Emilia-Romagna,4459477,53,12,27470,4037
2020-05-23,Italy,NA,Emilia-Romagna,4459477,43,10,27513,4047
2020-05-24,Italy,NA,Emilia-Romagna,4459477,45,8,27558,4055
2020-05-25,Italy,NA,Emilia-Romagna,4459477,29,13,27587,4068
2020-05-26,Italy,NA,Emilia-Romagna,4459477,24,8,27611,4076
2020-05-27,Italy,NA,Emilia-Romagna,4459477,16,7,27627,4083
2020-05-28,Italy,NA,Emilia-Romagna,4459477,74,11,27701,4094
2020-05-29,Italy,NA,Emilia-Romagna,4459477,38,8,27739,4102
2020-05-30,Italy,NA,Emilia-Romagna,4459477,20,5,27759,4107
2020-05-31,Italy,NA,Emilia-Romagna,4459477,31,7,27790,4114
2020-06-01,Italy,NA,Emilia-Romagna,4459477,19,10,27809,4124
2020-06-02,Italy,NA,Emilia-Romagna,4459477,19,12,27828,4136
2020-06-03,Italy,NA,Emilia-Romagna,4459477,14,11,27842,4147
2020-06-04,Italy,NA,Emilia-Romagna,4459477,18,7,27860,4154
2020-06-05,Italy,NA,Emilia-Romagna,4459477,17,13,27877,4167
2020-06-06,Italy,NA,Emilia-Romagna,4459477,17,4,27894,4171
2020-06-07,Italy,NA,Emilia-Romagna,4459477,14,4,27908,4175
2020-06-08,Italy,NA,Emilia-Romagna,4459477,20,4,27928,4179
2020-06-09,Italy,NA,Emilia-Romagna,4459477,18,6,27946,4185
2020-06-10,Italy,NA,Emilia-Romagna,4459477,24,7,27970,4192
2020-06-11,Italy,NA,Emilia-Romagna,4459477,25,0,27995,4192
2020-06-12,Italy,NA,Emilia-Romagna,4459477,33,4,28028,4196
2020-06-13,Italy,NA,Emilia-Romagna,4459477,28,3,28056,4199
2020-06-14,Italy,NA,Emilia-Romagna,4459477,17,5,28073,4204
2020-06-15,Italy,NA,Emilia-Romagna,4459477,11,3,28084,4207
2020-06-16,Italy,NA,Emilia-Romagna,4459477,13,2,28097,4209
2020-06-17,Italy,NA,Emilia-Romagna,4459477,14,6,28111,4215
2020-06-18,Italy,NA,Emilia-Romagna,4459477,32,4,28143,4219
2020-06-19,Italy,NA,Emilia-Romagna,4459477,27,5,28170,4224
2020-06-20,Italy,NA,Emilia-Romagna,4459477,28,6,28198,4230
2020-06-21,Italy,NA,Emilia-Romagna,4459477,23,1,28221,4231
2020-06-22,Italy,NA,Emilia-Romagna,4459477,22,4,28243,4235
2020-06-23,Italy,NA,Emilia-Romagna,4459477,17,1,28260,4236
2020-06-24,Italy,NA,Emilia-Romagna,4459477,44,9,28304,4245
2020-06-25,Italy,NA,Emilia-Romagna,4459477,47,4,28351,4249
2020-06-26,Italy,NA,Emilia-Romagna,4459477,46,3,28393,4252
2020-06-27,Italy,NA,Emilia-Romagna,4459477,42,0,28435,4252
2020-06-28,Italy,NA,Emilia-Romagna,4459477,21,1,28456,4253
2020-06-29,Italy,NA,Emilia-Romagna,4459477,16,2,28472,4255
2020-06-30,Italy,NA,Emilia-Romagna,4459477,20,5,28492,4260
2020-07-01,Italy,NA,Emilia-Romagna,4459477,16,4,28508,4264
2020-07-02,Italy,NA,Emilia-Romagna,4459477,27,1,28535,4265
2020-07-03,Italy,NA,Emilia-Romagna,4459477,27,2,28562,4267
2020-07-04,Italy,NA,Emilia-Romagna,4459477,51,0,28613,4267
2020-07-05,Italy,NA,Emilia-Romagna,4459477,24,1,28637,4268
2020-07-06,Italy,NA,Emilia-Romagna,4459477,38,0,28675,4268
2020-07-07,Italy,NA,Emilia-Romagna,4459477,31,1,28706,4269
2020-07-08,Italy,NA,Emilia-Romagna,4459477,49,0,28755,4269
2020-07-09,Italy,NA,Emilia-Romagna,4459477,29,0,28769,4269
2020-07-10,Italy,NA,Emilia-Romagna,4459477,53,0,28822,4269
2020-07-11,Italy,NA,Emilia-Romagna,4459477,47,0,28869,4269
2020-07-12,Italy,NA,Emilia-Romagna,4459477,71,0,28940,4269
2020-07-13,Italy,NA,Emilia-Romagna,4459477,18,0,28958,4269
2020-07-14,Italy,NA,Emilia-Romagna,4459477,13,2,28971,4271
2020-07-15,Italy,NA,Emilia-Romagna,4459477,18,0,28989,4271
2020-07-16,Italy,NA,Emilia-Romagna,4459477,46,0,29035,4271
2020-07-17,Italy,NA,Emilia-Romagna,4459477,54,2,29087,4273
2020-07-18,Italy,NA,Emilia-Romagna,4459477,40,1,29127,4274
2020-07-19,Italy,NA,Emilia-Romagna,4459477,51,0,29178,4274
2020-07-20,Italy,NA,Emilia-Romagna,4459477,42,3,29220,4277
2020-07-21,Italy,NA,Emilia-Romagna,4459477,18,2,29238,4279
2020-07-22,Italy,NA,Emilia-Romagna,4459477,57,2,29295,4281
2020-07-23,Italy,NA,Emilia-Romagna,4459477,55,0,29350,4281
2020-07-24,Italy,NA,Emilia-Romagna,4459477,63,2,29413,4283
2020-07-25,Italy,NA,Emilia-Romagna,4459477,49,1,29461,4284
2020-07-26,Italy,NA,Emilia-Romagna,4459477,61,1,29522,4285
2020-07-27,Italy,NA,Emilia-Romagna,4459477,33,0,29555,4285
2020-07-28,Italy,NA,Emilia-Romagna,4459477,20,1,29575,4286
2020-07-29,Italy,NA,Emilia-Romagna,4459477,28,1,29603,4287
2020-07-30,Italy,NA,Emilia-Romagna,4459477,35,2,29634,4289
2020-07-31,Italy,NA,Emilia-Romagna,4459477,36,0,29670,4289
2020-08-01,Italy,NA,Emilia-Romagna,4459477,56,2,29726,4291
2020-08-02,Italy,NA,Emilia-Romagna,4459477,49,0,29774,4291
2020-08-03,Italy,NA,Emilia-Romagna,4459477,34,0,29808,4291
2020-08-04,Italy,NA,Emilia-Romagna,4459477,42,0,29850,4291
2020-08-05,Italy,NA,Emilia-Romagna,4459477,47,0,29897,4291
2020-08-06,Italy,NA,Emilia-Romagna,4459477,58,0,29954,4291
2020-08-07,Italy,NA,Emilia-Romagna,4459477,54,1,30008,4292
2020-08-08,Italy,NA,Emilia-Romagna,4459477,44,2,30052,4294
2020-08-09,Italy,NA,Emilia-Romagna,4459477,69,1,30121,4295
2020-08-10,Italy,NA,Emilia-Romagna,4459477,39,1,30160,4296
2020-08-11,Italy,NA,Emilia-Romagna,4459477,19,2,30179,4298
2020-08-12,Italy,NA,Emilia-Romagna,4459477,41,0,30220,4298
2020-08-13,Italy,NA,Emilia-Romagna,4459477,37,0,30257,4298
2020-08-14,Italy,NA,Emilia-Romagna,4459477,57,0,30314,4298
2020-08-15,Italy,NA,Emilia-Romagna,4459477,71,155,30385,4453
2020-08-16,Italy,NA,Emilia-Romagna,4459477,51,0,30436,4453
2020-08-17,Italy,NA,Emilia-Romagna,4459477,41,0,30477,4453
2020-08-18,Italy,NA,Emilia-Romagna,4459477,21,1,30498,4454
2020-08-19,Italy,NA,Emilia-Romagna,4459477,76,1,30574,4455
2020-08-20,Italy,NA,Emilia-Romagna,4459477,52,0,30626,4455
2020-08-21,Italy,NA,Emilia-Romagna,4459477,82,0,30708,4455
2020-08-22,Italy,NA,Emilia-Romagna,4459477,80,0,30788,4455
2020-08-23,Italy,NA,Emilia-Romagna,4459477,127,1,30915,4456
2020-08-24,Italy,NA,Emilia-Romagna,4459477,116,2,31031,4458
2020-08-25,Italy,NA,Emilia-Romagna,4459477,65,0,31094,4458
2020-08-26,Italy,NA,Emilia-Romagna,4459477,120,0,31214,4458
2020-08-27,Italy,NA,Emilia-Romagna,4459477,171,0,31385,4458
2020-08-28,Italy,NA,Emilia-Romagna,4459477,164,1,31547,4459
2020-08-29,Italy,NA,Emilia-Romagna,4459477,149,0,31696,4459
2020-08-30,Italy,NA,Emilia-Romagna,4459477,109,0,31805,4459
2020-08-31,Italy,NA,Emilia-Romagna,4459477,117,4,31922,4463
2020-03-10,Italy,NA,Friuli Venezia Giulia,1215220,23,2,116,3
2020-03-11,Italy,NA,Friuli Venezia Giulia,1215220,10,3,126,6
2020-03-12,Italy,NA,Friuli Venezia Giulia,1215220,41,2,167,8
2020-03-13,Italy,NA,Friuli Venezia Giulia,1215220,90,2,257,10
2020-03-14,Italy,NA,Friuli Venezia Giulia,1215220,44,3,301,13
2020-03-15,Italy,NA,Friuli Venezia Giulia,1215220,46,1,347,14
2020-03-16,Italy,NA,Friuli Venezia Giulia,1215220,39,8,386,22
2020-03-17,Italy,NA,Friuli Venezia Giulia,1215220,8,8,394,30
2020-03-18,Italy,NA,Friuli Venezia Giulia,1215220,68,1,462,31
2020-03-19,Italy,NA,Friuli Venezia Giulia,1215220,137,5,599,36
2020-03-20,Italy,NA,Friuli Venezia Giulia,1215220,57,2,656,38
2020-03-21,Italy,NA,Friuli Venezia Giulia,1215220,134,4,790,42
2020-03-22,Italy,NA,Friuli Venezia Giulia,1215220,84,5,874,47
2020-03-23,Italy,NA,Friuli Venezia Giulia,1215220,56,7,930,54
2020-03-24,Italy,NA,Friuli Venezia Giulia,1215220,62,10,992,64
2020-03-25,Italy,NA,Friuli Venezia Giulia,1215220,147,6,1139,70
2020-03-26,Italy,NA,Friuli Venezia Giulia,1215220,84,2,1223,72
2020-03-27,Italy,NA,Friuli Venezia Giulia,1215220,94,4,1317,76
2020-03-28,Italy,NA,Friuli Venezia Giulia,1215220,119,11,1436,87
2020-03-29,Italy,NA,Friuli Venezia Giulia,1215220,44,11,1480,98
2020-03-30,Italy,NA,Friuli Venezia Giulia,1215220,21,9,1501,107
2020-03-31,Italy,NA,Friuli Venezia Giulia,1215220,92,6,1593,113
2020-04-01,Italy,NA,Friuli Venezia Giulia,1215220,92,9,1685,122
2020-04-02,Italy,NA,Friuli Venezia Giulia,1215220,114,7,1799,129
2020-04-03,Italy,NA,Friuli Venezia Giulia,1215220,80,7,1879,136
2020-04-04,Italy,NA,Friuli Venezia Giulia,1215220,107,9,1986,145
2020-04-05,Italy,NA,Friuli Venezia Giulia,1215220,62,9,2048,154
2020-04-06,Italy,NA,Friuli Venezia Giulia,1215220,55,4,2103,158
2020-04-07,Italy,NA,Friuli Venezia Giulia,1215220,50,6,2153,164
2020-04-08,Italy,NA,Friuli Venezia Giulia,1215220,65,5,2218,169
2020-04-09,Italy,NA,Friuli Venezia Giulia,1215220,81,2,2299,171
2020-04-10,Italy,NA,Friuli Venezia Giulia,1215220,50,8,2349,179
2020-04-11,Italy,NA,Friuli Venezia Giulia,1215220,44,6,2393,185
2020-04-12,Italy,NA,Friuli Venezia Giulia,1215220,38,10,2431,195
2020-04-13,Italy,NA,Friuli Venezia Giulia,1215220,51,7,2482,202
2020-04-14,Italy,NA,Friuli Venezia Giulia,1215220,38,4,2520,206
2020-04-15,Italy,NA,Friuli Venezia Giulia,1215220,24,6,2544,212
2020-04-16,Italy,NA,Friuli Venezia Giulia,1215220,72,5,2616,217
2020-04-17,Italy,NA,Friuli Venezia Giulia,1215220,59,3,2675,220
2020-04-18,Italy,NA,Friuli Venezia Giulia,1215220,56,2,2731,222
2020-04-19,Italy,NA,Friuli Venezia Giulia,1215220,14,3,2745,225
2020-04-20,Italy,NA,Friuli Venezia Giulia,1215220,30,14,2775,239
2020-04-21,Italy,NA,Friuli Venezia Giulia,1215220,17,2,2792,241
2020-04-22,Italy,NA,Friuli Venezia Giulia,1215220,25,5,2817,246
2020-04-23,Italy,NA,Friuli Venezia Giulia,1215220,41,10,2858,256
2020-04-24,Italy,NA,Friuli Venezia Giulia,1215220,24,2,2882,258
2020-04-25,Italy,NA,Friuli Venezia Giulia,1215220,21,5,2903,263
2020-04-26,Italy,NA,Friuli Venezia Giulia,1215220,14,1,2917,264
2020-04-27,Italy,NA,Friuli Venezia Giulia,1215220,60,7,2977,271
2020-04-28,Italy,NA,Friuli Venezia Giulia,1215220,18,7,2995,278
2020-04-29,Italy,NA,Friuli Venezia Giulia,1215220,15,7,3010,285
2020-04-30,Italy,NA,Friuli Venezia Giulia,1215220,15,4,3025,289
2020-05-01,Italy,NA,Friuli Venezia Giulia,1215220,16,5,3041,294
2020-05-02,Italy,NA,Friuli Venezia Giulia,1215220,18,1,3059,295
2020-05-03,Italy,NA,Friuli Venezia Giulia,1215220,13,2,3072,297
2020-05-04,Italy,NA,Friuli Venezia Giulia,1215220,4,2,3076,299
2020-05-05,Italy,NA,Friuli Venezia Giulia,1215220,9,4,3085,303
2020-05-06,Italy,NA,Friuli Venezia Giulia,1215220,9,3,3094,306
2020-05-07,Italy,NA,Friuli Venezia Giulia,1215220,13,2,3107,308
2020-05-08,Italy,NA,Friuli Venezia Giulia,1215220,9,0,3116,308
2020-05-09,Italy,NA,Friuli Venezia Giulia,1215220,8,0,3124,308
2020-05-10,Italy,NA,Friuli Venezia Giulia,1215220,6,2,3130,310
2020-05-11,Italy,NA,Friuli Venezia Giulia,1215220,8,2,3138,312
2020-05-12,Italy,NA,Friuli Venezia Giulia,1215220,10,1,3148,313
2020-05-13,Italy,NA,Friuli Venezia Giulia,1215220,8,3,3156,316
2020-05-14,Italy,NA,Friuli Venezia Giulia,1215220,5,1,3161,317
2020-05-15,Italy,NA,Friuli Venezia Giulia,1215220,14,1,3175,318
2020-05-16,Italy,NA,Friuli Venezia Giulia,1215220,8,1,3183,319
2020-05-17,Italy,NA,Friuli Venezia Giulia,1215220,8,0,3191,319
2020-05-18,Italy,NA,Friuli Venezia Giulia,1215220,7,1,3198,320
2020-05-19,Italy,NA,Friuli Venezia Giulia,1215220,5,0,3203,320
2020-05-20,Italy,NA,Friuli Venezia Giulia,1215220,6,2,3209,322
2020-05-21,Italy,NA,Friuli Venezia Giulia,1215220,6,1,3215,323
2020-05-22,Italy,NA,Friuli Venezia Giulia,1215220,12,2,3227,325
2020-05-23,Italy,NA,Friuli Venezia Giulia,1215220,6,2,3233,327
2020-05-24,Italy,NA,Friuli Venezia Giulia,1215220,3,2,3236,329
2020-05-25,Italy,NA,Friuli Venezia Giulia,1215220,4,0,3240,329
2020-05-26,Italy,NA,Friuli Venezia Giulia,1215220,11,0,3251,329
2020-05-27,Italy,NA,Friuli Venezia Giulia,1215220,4,2,3255,331
2020-05-28,Italy,NA,Friuli Venezia Giulia,1215220,7,2,3262,333
2020-05-29,Italy,NA,Friuli Venezia Giulia,1215220,5,0,3267,333
2020-05-30,Italy,NA,Friuli Venezia Giulia,1215220,4,0,3271,333
2020-05-31,Italy,NA,Friuli Venezia Giulia,1215220,2,0,3273,333
2020-06-01,Italy,NA,Friuli Venezia Giulia,1215220,1,2,3274,335
2020-06-02,Italy,NA,Friuli Venezia Giulia,1215220,2,1,3276,336
2020-06-03,Italy,NA,Friuli Venezia Giulia,1215220,0,0,3276,336
2020-06-04,Italy,NA,Friuli Venezia Giulia,1215220,3,0,3279,336
2020-06-05,Italy,NA,Friuli Venezia Giulia,1215220,1,2,3280,338
2020-06-06,Italy,NA,Friuli Venezia Giulia,1215220,3,0,3283,338
2020-06-07,Italy,NA,Friuli Venezia Giulia,1215220,0,1,3283,339
2020-06-08,Italy,NA,Friuli Venezia Giulia,1215220,1,1,3284,340
2020-06-09,Italy,NA,Friuli Venezia Giulia,1215220,0,0,3284,340
2020-06-10,Italy,NA,Friuli Venezia Giulia,1215220,2,1,3286,341
2020-06-11,Italy,NA,Friuli Venezia Giulia,1215220,1,1,3287,342
2020-06-12,Italy,NA,Friuli Venezia Giulia,1215220,3,0,3290,342
2020-06-13,Italy,NA,Friuli Venezia Giulia,1215220,6,1,3296,343
2020-06-14,Italy,NA,Friuli Venezia Giulia,1215220,0,0,3296,343
2020-06-15,Italy,NA,Friuli Venezia Giulia,1215220,0,0,3296,343
2020-06-16,Italy,NA,Friuli Venezia Giulia,1215220,1,0,3297,343
2020-06-17,Italy,NA,Friuli Venezia Giulia,1215220,2,0,3299,343
2020-06-18,Italy,NA,Friuli Venezia Giulia,1215220,2,0,3301,343
2020-06-19,Italy,NA,Friuli Venezia Giulia,1215220,2,0,3303,343
2020-06-20,Italy,NA,Friuli Venezia Giulia,1215220,1,1,3304,344
2020-06-21,Italy,NA,Friuli Venezia Giulia,1215220,1,0,3305,344
2020-06-22,Italy,NA,Friuli Venezia Giulia,1215220,0,0,3305,344
2020-06-23,Italy,NA,Friuli Venezia Giulia,1215220,0,0,3305,344
2020-06-24,Italy,NA,Friuli Venezia Giulia,1215220,0,0,3305,344
2020-06-25,Italy,NA,Friuli Venezia Giulia,1215220,0,1,3305,345
2020-06-26,Italy,NA,Friuli Venezia Giulia,1215220,2,0,3307,345
2020-06-27,Italy,NA,Friuli Venezia Giulia,1215220,0,0,3307,345
2020-06-28,Italy,NA,Friuli Venezia Giulia,1215220,1,0,3308,345
2020-06-29,Italy,NA,Friuli Venezia Giulia,1215220,0,0,3308,345
2020-06-30,Italy,NA,Friuli Venezia Giulia,1215220,0,0,3308,345
2020-07-01,Italy,NA,Friuli Venezia Giulia,1215220,4,0,3312,345
2020-07-02,Italy,NA,Friuli Venezia Giulia,1215220,2,0,3314,345
2020-07-03,Italy,NA,Friuli Venezia Giulia,1215220,4,0,3318,345
2020-07-04,Italy,NA,Friuli Venezia Giulia,1215220,8,0,3326,345
2020-07-05,Italy,NA,Friuli Venezia Giulia,1215220,0,0,3326,345
2020-07-06,Italy,NA,Friuli Venezia Giulia,1215220,0,0,3326,345
2020-07-07,Italy,NA,Friuli Venezia Giulia,1215220,1,0,3327,345
2020-07-08,Italy,NA,Friuli Venezia Giulia,1215220,4,0,3331,345
2020-07-09,Italy,NA,Friuli Venezia Giulia,1215220,1,0,3332,345
2020-07-10,Italy,NA,Friuli Venezia Giulia,1215220,1,0,3333,345
2020-07-11,Italy,NA,Friuli Venezia Giulia,1215220,2,0,3335,345
2020-07-12,Italy,NA,Friuli Venezia Giulia,1215220,0,0,3335,345
2020-07-13,Italy,NA,Friuli Venezia Giulia,1215220,0,0,3335,345
2020-07-14,Italy,NA,Friuli Venezia Giulia,1215220,3,0,3338,345
2020-07-15,Italy,NA,Friuli Venezia Giulia,1215220,1,0,3339,345
2020-07-16,Italy,NA,Friuli Venezia Giulia,1215220,4,0,3343,345
2020-07-17,Italy,NA,Friuli Venezia Giulia,1215220,3,0,3346,345
2020-07-18,Italy,NA,Friuli Venezia Giulia,1215220,4,0,3350,345
2020-07-19,Italy,NA,Friuli Venezia Giulia,1215220,2,0,3352,345
2020-07-20,Italy,NA,Friuli Venezia Giulia,1215220,4,0,3356,345
2020-07-21,Italy,NA,Friuli Venezia Giulia,1215220,2,0,3358,345
2020-07-22,Italy,NA,Friuli Venezia Giulia,1215220,2,0,3360,345
2020-07-23,Italy,NA,Friuli Venezia Giulia,1215220,3,0,3363,345
2020-07-24,Italy,NA,Friuli Venezia Giulia,1215220,5,0,3368,345
2020-07-25,Italy,NA,Friuli Venezia Giulia,1215220,5,0,3373,345
2020-07-26,Italy,NA,Friuli Venezia Giulia,1215220,2,0,3375,345
2020-07-27,Italy,NA,Friuli Venezia Giulia,1215220,0,0,3375,345
2020-07-28,Italy,NA,Friuli Venezia Giulia,1215220,0,0,3375,345
2020-07-29,Italy,NA,Friuli Venezia Giulia,1215220,3,0,3378,345
2020-07-30,Italy,NA,Friuli Venezia Giulia,1215220,13,0,3391,345
2020-07-31,Italy,NA,Friuli Venezia Giulia,1215220,3,0,3394,345
2020-08-01,Italy,NA,Friuli Venezia Giulia,1215220,7,0,3401,345
2020-08-02,Italy,NA,Friuli Venezia Giulia,1215220,10,0,3411,345
2020-08-03,Italy,NA,Friuli Venezia Giulia,1215220,0,1,3411,346
2020-08-04,Italy,NA,Friuli Venezia Giulia,1215220,5,0,3416,346
2020-08-05,Italy,NA,Friuli Venezia Giulia,1215220,9,0,3425,346
2020-08-06,Italy,NA,Friuli Venezia Giulia,1215220,7,0,3432,346
2020-08-07,Italy,NA,Friuli Venezia Giulia,1215220,4,0,3436,346
2020-08-08,Italy,NA,Friuli Venezia Giulia,1215220,6,0,3442,346
2020-08-09,Italy,NA,Friuli Venezia Giulia,1215220,7,0,3449,346
2020-08-10,Italy,NA,Friuli Venezia Giulia,1215220,0,1,3449,347
2020-08-11,Italy,NA,Friuli Venezia Giulia,1215220,3,1,3452,348
2020-08-12,Italy,NA,Friuli Venezia Giulia,1215220,9,0,3461,348
2020-08-13,Italy,NA,Friuli Venezia Giulia,1215220,15,0,3476,348
2020-08-14,Italy,NA,Friuli Venezia Giulia,1215220,8,0,3484,348
2020-08-15,Italy,NA,Friuli Venezia Giulia,1215220,15,0,3499,348
2020-08-16,Italy,NA,Friuli Venezia Giulia,1215220,8,0,3507,348
2020-08-17,Italy,NA,Friuli Venezia Giulia,1215220,5,0,3512,348
2020-08-18,Italy,NA,Friuli Venezia Giulia,1215220,10,0,3522,348
2020-08-19,Italy,NA,Friuli Venezia Giulia,1215220,11,0,3533,348
2020-08-20,Italy,NA,Friuli Venezia Giulia,1215220,14,0,3547,348
2020-08-21,Italy,NA,Friuli Venezia Giulia,1215220,36,0,3583,348
2020-08-22,Italy,NA,Friuli Venezia Giulia,1215220,33,0,3616,348
2020-08-23,Italy,NA,Friuli Venezia Giulia,1215220,24,0,3640,348
2020-08-24,Italy,NA,Friuli Venezia Giulia,1215220,2,0,3642,348
2020-08-25,Italy,NA,Friuli Venezia Giulia,1215220,9,0,3651,348
2020-08-26,Italy,NA,Friuli Venezia Giulia,1215220,33,0,3684,348
2020-08-27,Italy,NA,Friuli Venezia Giulia,1215220,25,0,3709,348
2020-08-28,Italy,NA,Friuli Venezia Giulia,1215220,19,0,3728,348
2020-08-29,Italy,NA,Friuli Venezia Giulia,1215220,20,0,3748,348
2020-08-30,Italy,NA,Friuli Venezia Giulia,1215220,16,0,3764,348
2020-08-31,Italy,NA,Friuli Venezia Giulia,1215220,5,0,3769,348
2020-03-09,Italy,NA,Lazio,5879082,15,2,102,5
2020-03-10,Italy,NA,Lazio,5879082,14,1,116,6
2020-03-11,Italy,NA,Lazio,5879082,34,0,150,6
2020-03-12,Italy,NA,Lazio,5879082,50,3,200,9
2020-03-13,Italy,NA,Lazio,5879082,77,2,277,11
2020-03-14,Italy,NA,Lazio,5879082,80,2,357,13
2020-03-15,Italy,NA,Lazio,5879082,79,3,436,16
2020-03-16,Italy,NA,Lazio,5879082,87,3,523,19
2020-03-17,Italy,NA,Lazio,5879082,84,4,607,23
2020-03-18,Italy,NA,Lazio,5879082,117,9,724,32
2020-03-19,Italy,NA,Lazio,5879082,99,6,823,38
2020-03-20,Italy,NA,Lazio,5879082,185,5,1008,43
2020-03-21,Italy,NA,Lazio,5879082,182,7,1190,50
2020-03-22,Italy,NA,Lazio,5879082,193,3,1383,53
2020-03-23,Italy,NA,Lazio,5879082,157,10,1540,63
2020-03-24,Italy,NA,Lazio,5879082,188,17,1728,80
2020-03-25,Italy,NA,Lazio,5879082,173,15,1901,95
2020-03-26,Italy,NA,Lazio,5879082,195,11,2096,106
2020-03-27,Italy,NA,Lazio,5879082,199,12,2295,118
2020-03-28,Italy,NA,Lazio,5879082,210,6,2505,124
2020-03-29,Italy,NA,Lazio,5879082,201,12,2706,136
2020-03-30,Italy,NA,Lazio,5879082,208,14,2914,150
2020-03-31,Italy,NA,Lazio,5879082,181,12,3095,162
2020-04-01,Italy,NA,Lazio,5879082,169,7,3264,169
2020-04-02,Italy,NA,Lazio,5879082,169,16,3433,185
2020-04-03,Italy,NA,Lazio,5879082,167,14,3600,199
2020-04-04,Italy,NA,Lazio,5879082,157,13,3757,212
2020-04-05,Italy,NA,Lazio,5879082,123,7,3880,219
2020-04-06,Italy,NA,Lazio,5879082,151,10,4031,229
2020-04-07,Italy,NA,Lazio,5879082,118,9,4149,238
2020-04-08,Italy,NA,Lazio,5879082,117,6,4266,244
2020-04-09,Italy,NA,Lazio,5879082,163,9,4429,253
2020-04-10,Italy,NA,Lazio,5879082,154,10,4583,263
2020-04-11,Italy,NA,Lazio,5879082,140,10,4723,273
2020-04-12,Italy,NA,Lazio,5879082,122,6,4845,279
2020-04-13,Italy,NA,Lazio,5879082,123,5,4968,284
2020-04-14,Italy,NA,Lazio,5879082,143,16,5111,300
2020-04-15,Italy,NA,Lazio,5879082,121,11,5232,311
2020-04-16,Italy,NA,Lazio,5879082,148,5,5380,316
2020-04-17,Italy,NA,Lazio,5879082,144,16,5524,332
2020-04-18,Italy,NA,Lazio,5879082,144,8,5668,340
2020-04-19,Italy,NA,Lazio,5879082,87,1,5755,341
2020-04-20,Italy,NA,Lazio,5879082,60,8,5815,349
2020-04-21,Italy,NA,Lazio,5879082,80,14,5895,363
2020-04-22,Italy,NA,Lazio,5879082,80,7,5975,370
2020-04-23,Italy,NA,Lazio,5879082,79,5,6054,375
2020-04-24,Italy,NA,Lazio,5879082,78,9,6132,384
2020-04-25,Italy,NA,Lazio,5879082,92,3,6224,387
2020-04-26,Italy,NA,Lazio,5879082,85,2,6309,389
2020-04-27,Italy,NA,Lazio,5879082,83,8,6392,397
2020-04-28,Italy,NA,Lazio,5879082,75,17,6467,414
2020-04-29,Italy,NA,Lazio,5879082,78,17,6545,431
2020-04-30,Italy,NA,Lazio,5879082,71,10,6616,441
2020-05-01,Italy,NA,Lazio,5879082,56,41,6672,482
2020-05-02,Italy,NA,Lazio,5879082,84,15,6756,497
2020-05-03,Italy,NA,Lazio,5879082,53,11,6809,508
2020-05-04,Italy,NA,Lazio,5879082,38,16,6847,524
2020-05-05,Italy,NA,Lazio,5879082,67,10,6914,534
2020-05-06,Italy,NA,Lazio,5879082,81,4,6995,538
2020-05-07,Italy,NA,Lazio,5879082,39,5,7034,543
2020-05-08,Italy,NA,Lazio,5879082,52,6,7086,549
2020-05-09,Italy,NA,Lazio,5879082,47,4,7133,553
2020-05-10,Italy,NA,Lazio,5879082,32,4,7165,557
2020-05-11,Italy,NA,Lazio,5879082,25,5,7190,562
2020-05-12,Italy,NA,Lazio,5879082,22,4,7212,566
2020-05-13,Italy,NA,Lazio,5879082,38,11,7250,577
2020-05-14,Italy,NA,Lazio,5879082,41,18,7291,595
2020-05-15,Italy,NA,Lazio,5879082,73,9,7364,604
2020-05-16,Italy,NA,Lazio,5879082,32,12,7396,616
2020-05-17,Italy,NA,Lazio,5879082,50,6,7446,622
2020-05-18,Italy,NA,Lazio,5879082,39,6,7485,628
2020-05-19,Italy,NA,Lazio,5879082,20,12,7505,640
2020-05-20,Italy,NA,Lazio,5879082,28,7,7533,647
2020-05-21,Italy,NA,Lazio,5879082,25,15,7558,662
2020-05-22,Italy,NA,Lazio,5879082,31,7,7589,669
2020-05-23,Italy,NA,Lazio,5879082,18,7,7607,676
2020-05-24,Italy,NA,Lazio,5879082,20,8,7627,684
2020-05-25,Italy,NA,Lazio,5879082,16,4,7643,688
2020-05-26,Italy,NA,Lazio,5879082,18,5,7661,693
2020-05-27,Italy,NA,Lazio,5879082,11,8,7672,701
2020-05-28,Italy,NA,Lazio,5879082,21,7,7693,708
2020-05-29,Italy,NA,Lazio,5879082,16,13,7709,721
2020-05-30,Italy,NA,Lazio,5879082,6,7,7715,728
2020-05-31,Italy,NA,Lazio,5879082,13,7,7728,735
2020-06-01,Italy,NA,Lazio,5879082,10,4,7738,739
2020-06-02,Italy,NA,Lazio,5879082,5,2,7743,741
2020-06-03,Italy,NA,Lazio,5879082,10,6,7753,747
2020-06-04,Italy,NA,Lazio,5879082,11,3,7764,750
2020-06-05,Italy,NA,Lazio,5879082,9,4,7773,754
2020-06-06,Italy,NA,Lazio,5879082,28,4,7801,758
2020-06-07,Italy,NA,Lazio,5879082,11,2,7812,760
2020-06-08,Italy,NA,Lazio,5879082,16,3,7828,763
2020-06-09,Italy,NA,Lazio,5879082,23,3,7851,766
2020-06-10,Italy,NA,Lazio,5879082,18,4,7869,770
2020-06-11,Italy,NA,Lazio,5879082,20,6,7889,776
2020-06-12,Italy,NA,Lazio,5879082,27,5,7916,781
2020-06-13,Italy,NA,Lazio,5879082,25,25,7941,806
2020-06-14,Italy,NA,Lazio,5879082,14,2,7955,808
2020-06-15,Italy,NA,Lazio,5879082,3,3,7958,811
2020-06-16,Italy,NA,Lazio,5879082,9,3,7967,814
2020-06-17,Italy,NA,Lazio,5879082,10,4,7977,818
2020-06-18,Italy,NA,Lazio,5879082,9,4,7986,822
2020-06-19,Italy,NA,Lazio,5879082,9,4,7995,826
2020-06-20,Italy,NA,Lazio,5879082,14,1,8009,827
2020-06-21,Italy,NA,Lazio,5879082,8,0,8017,827
2020-06-22,Italy,NA,Lazio,5879082,8,3,8025,830
2020-06-23,Italy,NA,Lazio,5879082,8,2,8033,832
2020-06-24,Italy,NA,Lazio,5879082,6,1,8039,833
2020-06-25,Italy,NA,Lazio,5879082,12,2,8051,835
2020-06-26,Italy,NA,Lazio,5879082,13,1,8064,836
2020-06-27,Italy,NA,Lazio,5879082,18,1,8082,837
2020-06-28,Italy,NA,Lazio,5879082,14,0,8096,837
2020-06-29,Italy,NA,Lazio,5879082,9,0,8105,837
2020-06-30,Italy,NA,Lazio,5879082,5,0,8110,837
2020-07-01,Italy,NA,Lazio,5879082,9,2,8119,839
2020-07-02,Italy,NA,Lazio,5879082,11,0,8130,839
2020-07-03,Italy,NA,Lazio,5879082,11,1,8141,840
2020-07-04,Italy,NA,Lazio,5879082,31,1,8172,841
2020-07-05,Italy,NA,Lazio,5879082,14,0,8186,841
2020-07-06,Italy,NA,Lazio,5879082,19,1,8205,842
2020-07-07,Italy,NA,Lazio,5879082,5,0,8210,842
2020-07-08,Italy,NA,Lazio,5879082,14,0,8224,842
2020-07-09,Italy,NA,Lazio,5879082,28,1,8252,843
2020-07-10,Italy,NA,Lazio,5879082,23,1,8275,844
2020-07-11,Italy,NA,Lazio,5879082,19,0,8294,844
2020-07-12,Italy,NA,Lazio,5879082,20,0,8314,844
2020-07-13,Italy,NA,Lazio,5879082,24,1,8338,845
2020-07-14,Italy,NA,Lazio,5879082,18,1,8356,846
2020-07-15,Italy,NA,Lazio,5879082,20,1,8376,847
2020-07-16,Italy,NA,Lazio,5879082,9,1,8385,848
2020-07-17,Italy,NA,Lazio,5879082,14,1,8399,849
2020-07-18,Italy,NA,Lazio,5879082,20,1,8419,850
2020-07-19,Italy,NA,Lazio,5879082,17,1,8436,851
2020-07-20,Italy,NA,Lazio,5879082,14,0,8450,851
2020-07-21,Italy,NA,Lazio,5879082,6,2,8456,853
2020-07-22,Italy,NA,Lazio,5879082,16,2,8472,855
2020-07-23,Italy,NA,Lazio,5879082,26,1,8498,856
2020-07-24,Italy,NA,Lazio,5879082,18,1,8516,857
2020-07-25,Italy,NA,Lazio,5879082,19,1,8535,858
2020-07-26,Italy,NA,Lazio,5879082,19,2,8554,860
2020-07-27,Italy,NA,Lazio,5879082,13,1,8567,861
2020-07-28,Italy,NA,Lazio,5879082,10,1,8577,862
2020-07-29,Italy,NA,Lazio,5879082,34,0,8611,862
2020-07-30,Italy,NA,Lazio,5879082,18,1,8629,863
2020-07-31,Italy,NA,Lazio,5879082,18,0,8647,863
2020-08-01,Italy,NA,Lazio,5879082,18,0,8665,863
2020-08-02,Italy,NA,Lazio,5879082,17,0,8682,863
2020-08-03,Italy,NA,Lazio,5879082,15,1,8697,864
2020-08-04,Italy,NA,Lazio,5879082,17,0,8714,864
2020-08-05,Italy,NA,Lazio,5879082,12,1,8726,865
2020-08-06,Italy,NA,Lazio,5879082,18,0,8744,865
2020-08-07,Italy,NA,Lazio,5879082,20,0,8764,865
2020-08-08,Italy,NA,Lazio,5879082,20,1,8784,866
2020-08-09,Italy,NA,Lazio,5879082,38,0,8822,866
2020-08-10,Italy,NA,Lazio,5879082,38,1,8860,867
2020-08-11,Italy,NA,Lazio,5879082,23,0,8883,867
2020-08-12,Italy,NA,Lazio,5879082,37,1,8920,868
2020-08-13,Italy,NA,Lazio,5879082,36,1,8956,869
2020-08-14,Italy,NA,Lazio,5879082,45,1,9001,870
2020-08-15,Italy,NA,Lazio,5879082,58,0,9059,870
2020-08-16,Italy,NA,Lazio,5879082,68,0,9127,870
2020-08-17,Italy,NA,Lazio,5879082,51,0,9178,870
2020-08-18,Italy,NA,Lazio,5879082,43,1,9221,871
2020-08-19,Italy,NA,Lazio,5879082,75,0,9296,871
2020-08-20,Italy,NA,Lazio,5879082,115,1,9411,872
2020-08-21,Italy,NA,Lazio,5879082,137,1,9548,873
2020-08-22,Italy,NA,Lazio,5879082,215,0,9763,873
2020-08-23,Italy,NA,Lazio,5879082,184,1,9947,874
2020-08-24,Italy,NA,Lazio,5879082,146,1,10093,875
2020-08-25,Italy,NA,Lazio,5879082,143,0,10236,875
2020-08-26,Italy,NA,Lazio,5879082,162,1,10398,876
2020-08-27,Italy,NA,Lazio,5879082,152,1,10550,877
2020-08-28,Italy,NA,Lazio,5879082,166,1,10716,878
2020-08-29,Italy,NA,Lazio,5879082,171,0,10887,878
2020-08-30,Italy,NA,Lazio,5879082,156,0,11043,878
2020-08-31,Italy,NA,Lazio,5879082,148,0,11191,878
2020-03-09,Italy,NA,Liguria,1550640,31,1,109,7
2020-03-10,Italy,NA,Liguria,1550640,32,1,141,8
2020-03-11,Italy,NA,Liguria,1550640,53,0,194,8
2020-03-12,Italy,NA,Liguria,1550640,80,3,274,11
2020-03-13,Italy,NA,Liguria,1550640,71,6,345,17
2020-03-14,Italy,NA,Liguria,1550640,118,10,463,27
2020-03-15,Italy,NA,Liguria,1550640,96,6,559,33
2020-03-16,Italy,NA,Liguria,1550640,108,17,667,50
2020-03-17,Italy,NA,Liguria,1550640,111,10,778,60
2020-03-18,Italy,NA,Liguria,1550640,109,13,887,73
2020-03-19,Italy,NA,Liguria,1550640,172,18,1059,91
2020-03-20,Italy,NA,Liguria,1550640,162,28,1221,119
2020-03-21,Italy,NA,Liguria,1550640,215,33,1436,152
2020-03-22,Italy,NA,Liguria,1550640,229,19,1665,171
2020-03-23,Italy,NA,Liguria,1550640,259,41,1924,212
2020-03-24,Italy,NA,Liguria,1550640,192,19,2116,231
2020-03-25,Italy,NA,Liguria,1550640,189,23,2305,254
2020-03-26,Italy,NA,Liguria,1550640,262,26,2567,280
2020-03-27,Italy,NA,Liguria,1550640,129,51,2696,331
2020-03-28,Italy,NA,Liguria,1550640,126,27,2822,358
2020-03-29,Italy,NA,Liguria,1550640,254,19,3076,377
2020-03-30,Italy,NA,Liguria,1550640,141,20,3217,397
2020-03-31,Italy,NA,Liguria,1550640,199,31,3416,428
2020-04-01,Italy,NA,Liguria,1550640,244,32,3660,460
2020-04-02,Italy,NA,Liguria,1550640,122,28,3782,488
2020-04-03,Italy,NA,Liguria,1550640,183,31,3965,519
2020-04-04,Italy,NA,Liguria,1550640,238,23,4203,542
2020-04-05,Italy,NA,Liguria,1550640,246,14,4449,556
2020-04-06,Italy,NA,Liguria,1550640,100,39,4549,595
2020-04-07,Italy,NA,Liguria,1550640,208,25,4757,620
2020-04-08,Italy,NA,Liguria,1550640,149,34,4906,654
2020-04-09,Italy,NA,Liguria,1550640,114,28,5020,682
2020-04-10,Italy,NA,Liguria,1550640,171,27,5191,709
2020-04-11,Italy,NA,Liguria,1550640,185,25,5376,734
2020-04-12,Italy,NA,Liguria,1550640,118,15,5494,749
2020-04-13,Italy,NA,Liguria,1550640,102,11,5596,760
2020-04-14,Italy,NA,Liguria,1550640,212,33,5808,793
2020-04-15,Italy,NA,Liguria,1550640,128,14,5936,807
2020-04-16,Italy,NA,Liguria,1550640,103,21,6039,828
2020-04-17,Italy,NA,Liguria,1550640,149,38,6188,866
2020-04-18,Italy,NA,Liguria,1550640,113,31,6301,897
2020-04-19,Italy,NA,Liguria,1550640,227,31,6528,928
2020-04-20,Italy,NA,Liguria,1550640,141,29,6669,957
2020-04-21,Italy,NA,Liguria,1550640,95,33,6764,990
2020-04-22,Italy,NA,Liguria,1550640,154,32,6918,1022
2020-04-23,Italy,NA,Liguria,1550640,131,25,7049,1047
2020-04-24,Italy,NA,Liguria,1550640,124,29,7173,1076
2020-04-25,Italy,NA,Liguria,1550640,128,17,7301,1093
2020-04-26,Italy,NA,Liguria,1550640,187,21,7488,1114
2020-04-27,Italy,NA,Liguria,1550640,154,14,7642,1128
2020-04-28,Italy,NA,Liguria,1550640,130,13,7772,1141
2020-04-29,Italy,NA,Liguria,1550640,117,11,7889,1152
2020-04-30,Italy,NA,Liguria,1550640,104,15,7993,1167
2020-05-01,Italy,NA,Liguria,1550640,133,17,8126,1184
2020-05-02,Italy,NA,Liguria,1550640,186,11,8312,1195
2020-05-03,Italy,NA,Liguria,1550640,47,14,8359,1209
2020-05-04,Italy,NA,Liguria,1550640,53,12,8412,1221
2020-05-05,Italy,NA,Liguria,1550640,63,11,8475,1232
2020-05-06,Italy,NA,Liguria,1550640,76,11,8551,1243
2020-05-07,Italy,NA,Liguria,1550640,94,11,8645,1254
2020-05-08,Italy,NA,Liguria,1550640,78,11,8723,1265
2020-05-09,Italy,NA,Liguria,1550640,15,11,8738,1276
2020-05-10,Italy,NA,Liguria,1550640,50,5,8788,1281
2020-05-11,Italy,NA,Liguria,1550640,44,12,8832,1293
2020-05-12,Italy,NA,Liguria,1550640,31,8,8863,1301
2020-05-13,Italy,NA,Liguria,1550640,67,13,8930,1314
2020-05-14,Italy,NA,Liguria,1550640,65,15,8995,1329
2020-05-15,Italy,NA,Liguria,1550640,65,7,9060,1336
2020-05-16,Italy,NA,Liguria,1550640,51,10,9111,1346
2020-05-17,Italy,NA,Liguria,1550640,48,9,9159,1355
2020-05-18,Italy,NA,Liguria,1550640,32,12,9191,1367
2020-05-19,Italy,NA,Liguria,1550640,66,9,9257,1376
2020-05-20,Italy,NA,Liguria,1550640,32,10,9289,1386
2020-05-21,Italy,NA,Liguria,1550640,55,11,9344,1397
2020-05-22,Italy,NA,Liguria,1550640,45,10,9389,1407
2020-05-23,Italy,NA,Liguria,1550640,38,7,9427,1414
2020-05-24,Italy,NA,Liguria,1550640,53,5,9480,1419
2020-05-25,Italy,NA,Liguria,1550640,17,6,9497,1425
2020-05-26,Italy,NA,Liguria,1550640,53,6,9550,1431
2020-05-27,Italy,NA,Liguria,1550640,39,7,9589,1438
2020-05-28,Italy,NA,Liguria,1550640,16,7,9605,1445
2020-05-29,Italy,NA,Liguria,1550640,14,7,9619,1452
2020-05-30,Italy,NA,Liguria,1550640,32,7,9651,1459
2020-05-31,Italy,NA,Liguria,1550640,12,6,9663,1465
2020-06-01,Italy,NA,Liguria,1550640,56,2,9719,1467
2020-06-02,Italy,NA,Liguria,1550640,15,1,9734,1468
2020-06-03,Italy,NA,Liguria,1550640,17,5,9751,1473
2020-06-04,Italy,NA,Liguria,1550640,21,6,9772,1479
2020-06-05,Italy,NA,Liguria,1550640,14,7,9786,1486
2020-06-06,Italy,NA,Liguria,1550640,13,6,9799,1492
2020-06-07,Italy,NA,Liguria,1550640,13,7,9812,1499
2020-06-08,Italy,NA,Liguria,1550640,14,6,9826,1505
2020-06-09,Italy,NA,Liguria,1550640,8,4,9834,1509
2020-06-10,Italy,NA,Liguria,1550640,20,4,9854,1513
2020-06-11,Italy,NA,Liguria,1550640,10,1,9864,1514
2020-06-12,Italy,NA,Liguria,1550640,7,2,9871,1516
2020-06-13,Italy,NA,Liguria,1550640,4,2,9875,1518
2020-06-14,Italy,NA,Liguria,1550640,4,3,9879,1521
2020-06-15,Italy,NA,Liguria,1550640,8,4,9887,1525
2020-06-16,Italy,NA,Liguria,1550640,4,4,9891,1529
2020-06-17,Italy,NA,Liguria,1550640,5,3,9896,1532
2020-06-18,Italy,NA,Liguria,1550640,7,4,9903,1536
2020-06-19,Italy,NA,Liguria,1550640,7,4,9910,1540
2020-06-20,Italy,NA,Liguria,1550640,10,5,9920,1545
2020-06-21,Italy,NA,Liguria,1550640,7,4,9927,1549
2020-06-22,Italy,NA,Liguria,1550640,8,3,9935,1552
2020-06-23,Italy,NA,Liguria,1550640,4,1,9939,1553
2020-06-24,Italy,NA,Liguria,1550640,1,2,9940,1555
2020-06-25,Italy,NA,Liguria,1550640,14,1,9954,1556
2020-06-26,Italy,NA,Liguria,1550640,4,0,9958,1556
2020-06-27,Italy,NA,Liguria,1550640,5,1,9963,1557
2020-06-28,Italy,NA,Liguria,1550640,4,1,9967,1558
2020-06-29,Italy,NA,Liguria,1550640,7,0,9974,1558
2020-06-30,Italy,NA,Liguria,1550640,3,0,9977,1558
2020-07-01,Italy,NA,Liguria,1550640,5,0,9982,1558
2020-07-02,Italy,NA,Liguria,1550640,2,0,9984,1558
2020-07-03,Italy,NA,Liguria,1550640,3,0,9987,1558
2020-07-04,Italy,NA,Liguria,1550640,4,0,9991,1558
2020-07-05,Italy,NA,Liguria,1550640,8,0,9999,1558
2020-07-06,Italy,NA,Liguria,1550640,2,0,10001,1558
2020-07-07,Italy,NA,Liguria,1550640,2,0,10003,1558
2020-07-08,Italy,NA,Liguria,1550640,3,0,10006,1558
2020-07-09,Italy,NA,Liguria,1550640,4,0,10010,1558
2020-07-10,Italy,NA,Liguria,1550640,15,0,10025,1558
2020-07-11,Italy,NA,Liguria,1550640,6,1,10031,1559
2020-07-12,Italy,NA,Liguria,1550640,0,0,10031,1559
2020-07-13,Italy,NA,Liguria,1550640,1,0,10032,1559
2020-07-14,Italy,NA,Liguria,1550640,6,2,10038,1561
2020-07-15,Italy,NA,Liguria,1550640,4,0,10042,1561
2020-07-16,Italy,NA,Liguria,1550640,8,3,10050,1564
2020-07-17,Italy,NA,Liguria,1550640,2,1,10052,1565
2020-07-18,Italy,NA,Liguria,1550640,18,0,10070,1565
2020-07-19,Italy,NA,Liguria,1550640,23,0,10093,1565
2020-07-20,Italy,NA,Liguria,1550640,12,0,10105,1565
2020-07-21,Italy,NA,Liguria,1550640,12,0,10117,1565
2020-07-22,Italy,NA,Liguria,1550640,7,0,10124,1565
2020-07-23,Italy,NA,Liguria,1550640,15,1,10139,1566
2020-07-24,Italy,NA,Liguria,1550640,5,0,10144,1566
2020-07-25,Italy,NA,Liguria,1550640,3,0,10147,1566
2020-07-26,Italy,NA,Liguria,1550640,3,0,10150,1566
2020-07-27,Italy,NA,Liguria,1550640,24,0,10174,1566
2020-07-28,Italy,NA,Liguria,1550640,3,0,10177,1566
2020-07-29,Italy,NA,Liguria,1550640,20,0,10197,1566
2020-07-30,Italy,NA,Liguria,1550640,13,0,10210,1566
2020-07-31,Italy,NA,Liguria,1550640,4,1,10214,1567
2020-08-01,Italy,NA,Liguria,1550640,16,0,10230,1567
2020-08-02,Italy,NA,Liguria,1550640,6,0,10236,1567
2020-08-03,Italy,NA,Liguria,1550640,2,1,10238,1568
2020-08-04,Italy,NA,Liguria,1550640,5,0,10243,1568
2020-08-05,Italy,NA,Liguria,1550640,7,0,10250,1568
2020-08-06,Italy,NA,Liguria,1550640,13,0,10263,1568
2020-08-07,Italy,NA,Liguria,1550640,9,0,10272,1568
2020-08-08,Italy,NA,Liguria,1550640,4,1,10276,1569
2020-08-09,Italy,NA,Liguria,1550640,7,0,10283,1569
2020-08-10,Italy,NA,Liguria,1550640,10,0,10293,1569
2020-08-11,Italy,NA,Liguria,1550640,11,0,10304,1569
2020-08-12,Italy,NA,Liguria,1550640,26,0,10330,1569
2020-08-13,Italy,NA,Liguria,1550640,63,0,10393,1569
2020-08-14,Italy,NA,Liguria,1550640,20,0,10413,1569
2020-08-15,Italy,NA,Liguria,1550640,33,0,10446,1569
2020-08-16,Italy,NA,Liguria,1550640,12,0,10458,1569
2020-08-17,Italy,NA,Liguria,1550640,16,0,10474,1569
2020-08-18,Italy,NA,Liguria,1550640,27,0,10501,1569
2020-08-19,Italy,NA,Liguria,1550640,30,0,10531,1569
2020-08-20,Italy,NA,Liguria,1550640,31,2,10562,1571
2020-08-21,Italy,NA,Liguria,1550640,21,0,10583,1571
2020-08-22,Italy,NA,Liguria,1550640,34,0,10617,1571
2020-08-23,Italy,NA,Liguria,1550640,28,0,10645,1571
2020-08-24,Italy,NA,Liguria,1550640,26,0,10671,1571
2020-08-25,Italy,NA,Liguria,1550640,12,0,10683,1571
2020-08-26,Italy,NA,Liguria,1550640,41,0,10724,1571
2020-08-27,Italy,NA,Liguria,1550640,37,0,10761,1571
2020-08-28,Italy,NA,Liguria,1550640,46,0,10807,1571
2020-08-29,Italy,NA,Liguria,1550640,47,0,10854,1571
2020-08-30,Italy,NA,Liguria,1550640,53,0,10907,1571
2020-08-31,Italy,NA,Liguria,1550640,44,0,10951,1571
2020-02-24,Italy,NA,Lombardy,10067494,166,0,172,6
2020-02-25,Italy,NA,Lombardy,10067494,68,3,240,9
2020-02-26,Italy,NA,Lombardy,10067494,18,0,258,9
2020-02-27,Italy,NA,Lombardy,10067494,145,5,403,14
2020-02-28,Italy,NA,Lombardy,10067494,128,3,531,17
2020-02-29,Italy,NA,Lombardy,10067494,84,6,615,23
2020-03-01,Italy,NA,Lombardy,10067494,369,1,984,24
2020-03-02,Italy,NA,Lombardy,10067494,270,14,1254,38
2020-03-03,Italy,NA,Lombardy,10067494,266,17,1520,55
2020-03-04,Italy,NA,Lombardy,10067494,300,18,1820,73
2020-03-05,Italy,NA,Lombardy,10067494,431,25,2251,98
2020-03-06,Italy,NA,Lombardy,10067494,361,37,2612,135
2020-03-07,Italy,NA,Lombardy,10067494,808,19,3420,154
2020-03-08,Italy,NA,Lombardy,10067494,769,113,4189,267
2020-03-09,Italy,NA,Lombardy,10067494,1280,66,5469,333
2020-03-10,Italy,NA,Lombardy,10067494,322,135,5791,468
2020-03-11,Italy,NA,Lombardy,10067494,1489,149,7280,617
2020-03-12,Italy,NA,Lombardy,10067494,1445,127,8725,744
2020-03-13,Italy,NA,Lombardy,10067494,1095,146,9820,890
2020-03-14,Italy,NA,Lombardy,10067494,1865,76,11685,966
2020-03-15,Italy,NA,Lombardy,10067494,1587,252,13272,1218
2020-03-16,Italy,NA,Lombardy,10067494,1377,202,14649,1420
2020-03-17,Italy,NA,Lombardy,10067494,1571,220,16220,1640
2020-03-18,Italy,NA,Lombardy,10067494,1493,319,17713,1959
2020-03-19,Italy,NA,Lombardy,10067494,2171,209,19884,2168
2020-03-20,Italy,NA,Lombardy,10067494,2380,381,22264,2549
2020-03-21,Italy,NA,Lombardy,10067494,3251,546,25515,3095
2020-03-22,Italy,NA,Lombardy,10067494,1691,361,27206,3456
2020-03-23,Italy,NA,Lombardy,10067494,1555,320,28761,3776
2020-03-24,Italy,NA,Lombardy,10067494,1942,402,30703,4178
2020-03-25,Italy,NA,Lombardy,10067494,1643,296,32346,4474
2020-03-26,Italy,NA,Lombardy,10067494,2543,387,34889,4861
2020-03-27,Italy,NA,Lombardy,10067494,2409,541,37298,5402
2020-03-28,Italy,NA,Lombardy,10067494,2117,542,39415,5944
2020-03-29,Italy,NA,Lombardy,10067494,1592,416,41007,6360
2020-03-30,Italy,NA,Lombardy,10067494,1154,458,42161,6818
2020-03-31,Italy,NA,Lombardy,10067494,1047,381,43208,7199
2020-04-01,Italy,NA,Lombardy,10067494,1565,394,44773,7593
2020-04-02,Italy,NA,Lombardy,10067494,1292,367,46065,7960
2020-04-03,Italy,NA,Lombardy,10067494,1455,351,47520,8311
2020-04-04,Italy,NA,Lombardy,10067494,1598,345,49118,8656
2020-04-05,Italy,NA,Lombardy,10067494,1337,249,50455,8905
2020-04-06,Italy,NA,Lombardy,10067494,1079,297,51534,9202
2020-04-07,Italy,NA,Lombardy,10067494,791,282,52325,9484
2020-04-08,Italy,NA,Lombardy,10067494,1089,238,53414,9722
2020-04-09,Italy,NA,Lombardy,10067494,1388,300,54802,10022
2020-04-10,Italy,NA,Lombardy,10067494,1246,216,56048,10238
2020-04-11,Italy,NA,Lombardy,10067494,1544,273,57592,10511
2020-04-12,Italy,NA,Lombardy,10067494,1460,110,59052,10621
2020-04-13,Italy,NA,Lombardy,10067494,1262,280,60314,10901
2020-04-14,Italy,NA,Lombardy,10067494,1012,241,61326,11142
2020-04-15,Italy,NA,Lombardy,10067494,827,235,62153,11377
2020-04-16,Italy,NA,Lombardy,10067494,941,231,63094,11608
2020-04-17,Italy,NA,Lombardy,10067494,1041,243,64135,11851
2020-04-18,Italy,NA,Lombardy,10067494,1246,199,65381,12050
2020-04-19,Italy,NA,Lombardy,10067494,855,163,66236,12213
2020-04-20,Italy,NA,Lombardy,10067494,735,163,66971,12376
2020-04-21,Italy,NA,Lombardy,10067494,960,203,67931,12579
2020-04-22,Italy,NA,Lombardy,10067494,1161,161,69092,12740
2020-04-23,Italy,NA,Lombardy,10067494,1073,200,70165,12940
2020-04-24,Italy,NA,Lombardy,10067494,1091,166,71256,13106
2020-04-25,Italy,NA,Lombardy,10067494,713,163,71969,13269
2020-04-26,Italy,NA,Lombardy,10067494,920,56,72889,13325
2020-04-27,Italy,NA,Lombardy,10067494,590,124,73479,13449
2020-04-28,Italy,NA,Lombardy,10067494,869,126,74348,13575
2020-04-29,Italy,NA,Lombardy,10067494,786,104,75134,13679
2020-04-30,Italy,NA,Lombardy,10067494,598,93,75732,13772
2020-05-01,Italy,NA,Lombardy,10067494,737,88,76469,13860
2020-05-02,Italy,NA,Lombardy,10067494,533,329,77002,14189
2020-05-03,Italy,NA,Lombardy,10067494,526,42,77528,14231
2020-05-04,Italy,NA,Lombardy,10067494,577,63,78105,14294
2020-05-05,Italy,NA,Lombardy,10067494,500,95,78605,14389
2020-05-06,Italy,NA,Lombardy,10067494,764,222,79369,14611
2020-05-07,Italy,NA,Lombardy,10067494,720,134,80089,14745
2020-05-08,Italy,NA,Lombardy,10067494,634,94,80723,14839
2020-05-09,Italy,NA,Lombardy,10067494,502,85,81225,14924
2020-05-10,Italy,NA,Lombardy,10067494,282,62,81507,14986
2020-05-11,Italy,NA,Lombardy,10067494,364,68,81871,15054
2020-05-12,Italy,NA,Lombardy,10067494,1033,62,82904,15116
2020-05-13,Italy,NA,Lombardy,10067494,394,69,83298,15185
2020-05-14,Italy,NA,Lombardy,10067494,522,111,83820,15296
2020-05-15,Italy,NA,Lombardy,10067494,299,115,84119,15411
2020-05-16,Italy,NA,Lombardy,10067494,399,39,84518,15450
2020-05-17,Italy,NA,Lombardy,10067494,326,69,84844,15519
2020-05-18,Italy,NA,Lombardy,10067494,175,24,85019,15543
2020-05-19,Italy,NA,Lombardy,10067494,462,54,85481,15597
2020-05-20,Italy,NA,Lombardy,10067494,294,65,85775,15662
2020-05-21,Italy,NA,Lombardy,10067494,316,65,86091,15727
2020-05-22,Italy,NA,Lombardy,10067494,293,57,86384,15784
2020-05-23,Italy,NA,Lombardy,10067494,441,56,86825,15840
2020-05-24,Italy,NA,Lombardy,10067494,285,0,87110,15840
2020-05-25,Italy,NA,Lombardy,10067494,148,34,87258,15874
2020-05-26,Italy,NA,Lombardy,10067494,159,22,87417,15896
2020-05-27,Italy,NA,Lombardy,10067494,384,58,87801,15954
2020-05-28,Italy,NA,Lombardy,10067494,382,20,88183,15974
2020-05-29,Italy,NA,Lombardy,10067494,354,38,88537,16012
2020-05-30,Italy,NA,Lombardy,10067494,221,67,88758,16079
2020-05-31,Italy,NA,Lombardy,10067494,210,33,88968,16112
2020-06-01,Italy,NA,Lombardy,10067494,50,19,89018,16131
2020-06-02,Italy,NA,Lombardy,10067494,187,12,89205,16143
2020-06-03,Italy,NA,Lombardy,10067494,237,29,89442,16172
2020-06-04,Italy,NA,Lombardy,10067494,84,29,89526,16201
2020-06-05,Italy,NA,Lombardy,10067494,402,21,89928,16222
2020-06-06,Italy,NA,Lombardy,10067494,142,27,90070,16249
2020-06-07,Italy,NA,Lombardy,10067494,125,21,90195,16270
2020-06-08,Italy,NA,Lombardy,10067494,194,32,90389,16302
2020-06-09,Italy,NA,Lombardy,10067494,192,15,90581,16317
2020-06-10,Italy,NA,Lombardy,10067494,99,32,90680,16349
2020-06-11,Italy,NA,Lombardy,10067494,252,25,90932,16374
2020-06-12,Italy,NA,Lombardy,10067494,272,31,91204,16405
2020-06-13,Italy,NA,Lombardy,10067494,210,23,91414,16428
2020-06-14,Italy,NA,Lombardy,10067494,244,21,91658,16449
2020-06-15,Italy,NA,Lombardy,10067494,259,8,91917,16457
2020-06-16,Italy,NA,Lombardy,10067494,143,9,92060,16466
2020-06-17,Italy,NA,Lombardy,10067494,242,14,92302,16480
2020-06-18,Italy,NA,Lombardy,10067494,216,36,92518,16516
2020-06-19,Italy,NA,Lombardy,10067494,157,18,92675,16534
2020-06-20,Italy,NA,Lombardy,10067494,165,23,92840,16557
2020-06-21,Italy,NA,Lombardy,10067494,128,13,92968,16570
2020-06-22,Italy,NA,Lombardy,10067494,143,3,93111,16573
2020-06-23,Italy,NA,Lombardy,10067494,62,6,93173,16579
2020-06-24,Italy,NA,Lombardy,10067494,88,7,93261,16586
2020-06-25,Italy,NA,Lombardy,10067494,170,22,93431,16608
2020-06-26,Italy,NA,Lombardy,10067494,156,16,93587,16624
2020-06-27,Italy,NA,Lombardy,10067494,77,2,93664,16626
2020-06-28,Italy,NA,Lombardy,10067494,97,13,93761,16639
2020-06-29,Italy,NA,Lombardy,10067494,78,1,93839,16640
2020-06-30,Italy,NA,Lombardy,10067494,62,4,93901,16644
2020-07-01,Italy,NA,Lombardy,10067494,109,6,94010,16650
2020-07-02,Italy,NA,Lombardy,10067494,98,21,94108,16671
2020-07-03,Italy,NA,Lombardy,10067494,115,4,94223,16675
2020-07-04,Italy,NA,Lombardy,10067494,95,16,94318,16691
2020-07-05,Italy,NA,Lombardy,10067494,98,6,94416,16697
2020-07-06,Italy,NA,Lombardy,10067494,111,3,94527,16700
2020-07-07,Italy,NA,Lombardy,10067494,53,13,94580,16713
2020-07-08,Italy,NA,Lombardy,10067494,71,12,94651,16725
2020-07-09,Italy,NA,Lombardy,10067494,119,5,94770,16730
2020-07-10,Italy,NA,Lombardy,10067494,135,6,94905,16736
2020-07-11,Italy,NA,Lombardy,10067494,67,4,94972,16740
2020-07-12,Italy,NA,Lombardy,10067494,77,8,95049,16748
2020-07-13,Italy,NA,Lombardy,10067494,94,9,95143,16757
2020-07-14,Italy,NA,Lombardy,10067494,30,3,95173,16760
2020-07-15,Italy,NA,Lombardy,10067494,63,5,95236,16765
2020-07-16,Italy,NA,Lombardy,10067494,80,10,95316,16775
2020-07-17,Italy,NA,Lombardy,10067494,55,3,95371,16778
2020-07-18,Italy,NA,Lombardy,10067494,88,10,95459,16788
2020-07-19,Italy,NA,Lombardy,10067494,33,0,95492,16788
2020-07-20,Italy,NA,Lombardy,10067494,56,8,95548,16796
2020-07-21,Italy,NA,Lombardy,10067494,34,1,95582,16797
2020-07-22,Italy,NA,Lombardy,10067494,51,1,95633,16798
2020-07-23,Italy,NA,Lombardy,10067494,82,3,95715,16801
2020-07-24,Italy,NA,Lombardy,10067494,53,0,95768,16801
2020-07-25,Italy,NA,Lombardy,10067494,79,0,95847,16801
2020-07-26,Italy,NA,Lombardy,10067494,74,0,95921,16801
2020-07-27,Italy,NA,Lombardy,10067494,34,0,95955,16801
2020-07-28,Italy,NA,Lombardy,10067494,53,1,96008,16802
2020-07-29,Italy,NA,Lombardy,10067494,46,0,96054,16802
2020-07-30,Italy,NA,Lombardy,10067494,88,0,96142,16802
2020-07-31,Italy,NA,Lombardy,10067494,77,4,96219,16806
2020-08-01,Italy,NA,Lombardy,10067494,55,1,96274,16807
2020-08-02,Italy,NA,Lombardy,10067494,38,8,96312,16815
2020-08-03,Italy,NA,Lombardy,10067494,25,3,96337,16818
2020-08-04,Italy,NA,Lombardy,10067494,44,1,96381,16819
2020-08-05,Italy,NA,Lombardy,10067494,138,5,96519,16824
2020-08-06,Italy,NA,Lombardy,10067494,118,5,96637,16829
2020-08-07,Italy,NA,Lombardy,10067494,69,0,96706,16829
2020-08-08,Italy,NA,Lombardy,10067494,76,3,96782,16832
2020-08-09,Italy,NA,Lombardy,10067494,71,1,96853,16833
2020-08-10,Italy,NA,Lombardy,10067494,31,0,96884,16833
2020-08-11,Italy,NA,Lombardy,10067494,68,0,96952,16833
2020-08-12,Italy,NA,Lombardy,10067494,102,0,97054,16833
2020-08-13,Italy,NA,Lombardy,10067494,74,2,97128,16835
2020-08-14,Italy,NA,Lombardy,10067494,97,1,97225,16836
2020-08-15,Italy,NA,Lombardy,10067494,94,1,97319,16837
2020-08-16,Italy,NA,Lombardy,10067494,61,3,97380,16840
2020-08-17,Italy,NA,Lombardy,10067494,43,0,97423,16840
2020-08-18,Italy,NA,Lombardy,10067494,50,0,97473,16840
2020-08-19,Italy,NA,Lombardy,10067494,91,4,97564,16844
2020-08-20,Italy,NA,Lombardy,10067494,154,2,97718,16846
2020-08-21,Italy,NA,Lombardy,10067494,174,6,97892,16852
2020-08-22,Italy,NA,Lombardy,10067494,185,0,98077,16852
2020-08-23,Italy,NA,Lombardy,10067494,239,4,98316,16856
2020-08-24,Italy,NA,Lombardy,10067494,110,1,98426,16857
2020-08-25,Italy,NA,Lombardy,10067494,119,0,98545,16857
2020-08-26,Italy,NA,Lombardy,10067494,269,0,98814,16857
2020-08-27,Italy,NA,Lombardy,10067494,286,0,99100,16857
2020-08-28,Italy,NA,Lombardy,10067494,316,3,99416,16860
2020-08-29,Italy,NA,Lombardy,10067494,289,0,99705,16860
2020-08-30,Italy,NA,Lombardy,10067494,235,3,99940,16863
2020-08-31,Italy,NA,Lombardy,10067494,135,2,100075,16865
2020-03-05,Italy,NA,Marche,1522608,40,0,124,4
2020-03-06,Italy,NA,Marche,1522608,35,0,159,4
2020-03-07,Italy,NA,Marche,1522608,48,2,207,6
2020-03-08,Italy,NA,Marche,1522608,65,1,272,7
2020-03-09,Italy,NA,Marche,1522608,51,3,323,10
2020-03-10,Italy,NA,Marche,1522608,71,3,394,13
2020-03-11,Italy,NA,Marche,1522608,85,5,479,18
2020-03-12,Italy,NA,Marche,1522608,113,4,592,22
2020-03-13,Italy,NA,Marche,1522608,133,5,725,27
2020-03-14,Italy,NA,Marche,1522608,174,9,899,36
2020-03-15,Italy,NA,Marche,1522608,234,10,1133,46
2020-03-16,Italy,NA,Marche,1522608,109,11,1242,57
2020-03-17,Italy,NA,Marche,1522608,129,12,1371,69
2020-03-18,Italy,NA,Marche,1522608,197,23,1568,92
2020-03-19,Italy,NA,Marche,1522608,169,23,1737,115
2020-03-20,Italy,NA,Marche,1522608,244,22,1981,137
2020-03-21,Italy,NA,Marche,1522608,172,17,2153,154
2020-03-22,Italy,NA,Marche,1522608,268,30,2421,184
2020-03-23,Italy,NA,Marche,1522608,148,19,2569,203
2020-03-24,Italy,NA,Marche,1522608,167,28,2736,231
2020-03-25,Italy,NA,Marche,1522608,198,56,2934,287
2020-03-26,Italy,NA,Marche,1522608,180,23,3114,310
2020-03-27,Italy,NA,Marche,1522608,82,26,3196,336
2020-03-28,Italy,NA,Marche,1522608,177,28,3373,364
2020-03-29,Italy,NA,Marche,1522608,185,22,3558,386
2020-03-30,Italy,NA,Marche,1522608,126,31,3684,417
2020-03-31,Italy,NA,Marche,1522608,141,35,3825,452
2020-04-01,Italy,NA,Marche,1522608,137,25,3962,477
2020-04-02,Italy,NA,Marche,1522608,136,26,4098,503
2020-04-03,Italy,NA,Marche,1522608,132,54,4230,557
2020-04-04,Italy,NA,Marche,1522608,111,17,4341,574
2020-04-05,Italy,NA,Marche,1522608,123,25,4464,599
2020-04-06,Italy,NA,Marche,1522608,150,13,4614,612
2020-04-07,Italy,NA,Marche,1522608,96,18,4710,630
2020-04-08,Italy,NA,Marche,1522608,149,22,4859,652
2020-04-09,Italy,NA,Marche,1522608,96,17,4955,669
2020-04-10,Italy,NA,Marche,1522608,129,13,5084,682
2020-04-11,Italy,NA,Marche,1522608,127,7,5211,689
2020-04-12,Italy,NA,Marche,1522608,92,11,5303,700
2020-04-13,Italy,NA,Marche,1522608,78,13,5381,713
2020-04-14,Italy,NA,Marche,1522608,45,15,5426,728
2020-04-15,Italy,NA,Marche,1522608,77,18,5503,746
2020-04-16,Italy,NA,Marche,1522608,79,18,5582,764
2020-04-17,Italy,NA,Marche,1522608,86,21,5668,785
2020-04-18,Italy,NA,Marche,1522608,53,10,5721,795
2020-04-19,Italy,NA,Marche,1522608,48,12,5769,807
2020-04-20,Italy,NA,Marche,1522608,57,15,5826,822
2020-04-21,Italy,NA,Marche,1522608,51,12,5877,834
2020-04-22,Italy,NA,Marche,1522608,47,11,5924,845
2020-04-23,Italy,NA,Marche,1522608,28,12,5952,857
2020-04-24,Italy,NA,Marche,1522608,76,8,6028,865
2020-04-25,Italy,NA,Marche,1522608,30,9,6058,874
2020-04-26,Italy,NA,Marche,1522608,53,5,6111,879
2020-04-27,Italy,NA,Marche,1522608,16,5,6127,884
2020-04-28,Italy,NA,Marche,1522608,48,9,6175,893
2020-04-29,Italy,NA,Marche,1522608,35,6,6210,899
2020-04-30,Italy,NA,Marche,1522608,37,7,6247,906
2020-05-01,Italy,NA,Marche,1522608,28,5,6275,911
2020-05-02,Italy,NA,Marche,1522608,23,5,6298,916
2020-05-03,Italy,NA,Marche,1522608,21,11,6319,927
2020-05-04,Italy,NA,Marche,1522608,44,5,6363,932
2020-05-05,Italy,NA,Marche,1522608,29,4,6392,936
2020-05-06,Italy,NA,Marche,1522608,29,7,6421,943
2020-05-07,Italy,NA,Marche,1522608,31,5,6452,948
2020-05-08,Italy,NA,Marche,1522608,18,6,6470,954
2020-05-09,Italy,NA,Marche,1522608,23,4,6493,958
2020-05-10,Italy,NA,Marche,1522608,40,2,6533,960
2020-05-11,Italy,NA,Marche,1522608,10,4,6543,964
2020-05-12,Italy,NA,Marche,1522608,25,5,6568,969
2020-05-13,Italy,NA,Marche,1522608,20,2,6588,971
2020-05-14,Italy,NA,Marche,1522608,15,3,6603,974
2020-05-15,Italy,NA,Marche,1522608,16,3,6619,977
2020-05-16,Italy,NA,Marche,1522608,23,5,6642,982
2020-05-17,Italy,NA,Marche,1522608,25,2,6667,984
2020-05-18,Italy,NA,Marche,1522608,11,0,6678,984
2020-05-19,Italy,NA,Marche,1522608,0,2,6675,986
2020-05-20,Italy,NA,Marche,1522608,2,1,6677,987
2020-05-21,Italy,NA,Marche,1522608,12,3,6689,990
2020-05-22,Italy,NA,Marche,1522608,8,0,6697,990
2020-05-23,Italy,NA,Marche,1522608,4,3,6701,993
2020-05-24,Italy,NA,Marche,1522608,13,1,6714,994
2020-05-25,Italy,NA,Marche,1522608,2,1,6716,995
2020-05-26,Italy,NA,Marche,1522608,2,1,6718,996
2020-05-27,Italy,NA,Marche,1522608,0,0,6718,996
2020-05-28,Italy,NA,Marche,1522608,1,1,6719,997
2020-05-29,Italy,NA,Marche,1522608,4,0,6723,986
2020-05-30,Italy,NA,Marche,1522608,4,1,6727,987
2020-05-31,Italy,NA,Marche,1522608,3,0,6730,987
2020-06-01,Italy,NA,Marche,1522608,0,0,6730,987
2020-06-02,Italy,NA,Marche,1522608,4,0,6734,987
2020-06-03,Italy,NA,Marche,1522608,1,0,6735,987
2020-06-04,Italy,NA,Marche,1522608,3,1,6738,988
2020-06-05,Italy,NA,Marche,1522608,2,1,6740,989
2020-06-06,Italy,NA,Marche,1522608,2,2,6742,991
2020-06-07,Italy,NA,Marche,1522608,3,0,6745,991
2020-06-08,Italy,NA,Marche,1522608,2,0,6747,991
2020-06-09,Italy,NA,Marche,1522608,0,1,6747,992
2020-06-10,Italy,NA,Marche,1522608,3,0,6750,992
2020-06-11,Italy,NA,Marche,1522608,1,0,6751,992
2020-06-12,Italy,NA,Marche,1522608,1,1,6752,993
2020-06-13,Italy,NA,Marche,1522608,2,0,6754,993
2020-06-14,Italy,NA,Marche,1522608,4,0,6758,993
2020-06-15,Italy,NA,Marche,1522608,4,0,6762,993
2020-06-16,Italy,NA,Marche,1522608,1,1,6763,994
2020-06-17,Italy,NA,Marche,1522608,1,0,6764,994
2020-06-18,Italy,NA,Marche,1522608,4,0,6768,994
2020-06-19,Italy,NA,Marche,1522608,0,0,6768,994
2020-06-20,Italy,NA,Marche,1522608,0,0,6768,994
2020-06-21,Italy,NA,Marche,1522608,0,0,6768,994
2020-06-22,Italy,NA,Marche,1522608,3,0,6774,994
2020-06-23,Italy,NA,Marche,1522608,1,0,6775,994
2020-06-24,Italy,NA,Marche,1522608,4,0,6779,994
2020-06-25,Italy,NA,Marche,1522608,2,0,6781,991
2020-06-26,Italy,NA,Marche,1522608,2,0,6783,991
2020-06-27,Italy,NA,Marche,1522608,2,0,6785,991
2020-06-28,Italy,NA,Marche,1522608,0,0,6785,991
2020-06-29,Italy,NA,Marche,1522608,0,0,6785,991
2020-06-30,Italy,NA,Marche,1522608,0,0,6785,991
2020-07-01,Italy,NA,Marche,1522608,5,0,6786,987
2020-07-02,Italy,NA,Marche,1522608,3,0,6789,987
2020-07-03,Italy,NA,Marche,1522608,0,0,6789,987
2020-07-04,Italy,NA,Marche,1522608,0,0,6789,987
2020-07-05,Italy,NA,Marche,1522608,1,0,6790,987
2020-07-06,Italy,NA,Marche,1522608,0,0,6790,987
2020-07-07,Italy,NA,Marche,1522608,1,0,6791,987
2020-07-08,Italy,NA,Marche,1522608,3,0,6794,987
2020-07-09,Italy,NA,Marche,1522608,4,0,6798,987
2020-07-10,Italy,NA,Marche,1522608,1,0,6799,987
2020-07-11,Italy,NA,Marche,1522608,4,0,6803,987
2020-07-12,Italy,NA,Marche,1522608,1,0,6804,987
2020-07-13,Italy,NA,Marche,1522608,0,0,6804,987
2020-07-14,Italy,NA,Marche,1522608,1,0,6805,987
2020-07-15,Italy,NA,Marche,1522608,0,0,6805,987
2020-07-16,Italy,NA,Marche,1522608,1,0,6806,987
2020-07-17,Italy,NA,Marche,1522608,3,0,6809,987
2020-07-18,Italy,NA,Marche,1522608,3,0,6812,987
2020-07-19,Italy,NA,Marche,1522608,0,0,6811,987
2020-07-20,Italy,NA,Marche,1522608,0,0,6811,987
2020-07-21,Italy,NA,Marche,1522608,2,0,6813,987
2020-07-22,Italy,NA,Marche,1522608,1,0,6814,987
2020-07-23,Italy,NA,Marche,1522608,1,0,6815,987
2020-07-24,Italy,NA,Marche,1522608,1,0,6816,987
2020-07-25,Italy,NA,Marche,1522608,2,0,6818,987
2020-07-26,Italy,NA,Marche,1522608,7,0,6825,987
2020-07-27,Italy,NA,Marche,1522608,2,0,6827,987
2020-07-28,Italy,NA,Marche,1522608,11,0,6838,987
2020-07-29,Italy,NA,Marche,1522608,17,0,6855,987
2020-07-30,Italy,NA,Marche,1522608,8,0,6863,987
2020-07-31,Italy,NA,Marche,1522608,21,0,6884,987
2020-08-01,Italy,NA,Marche,1522608,5,0,6889,987
2020-08-02,Italy,NA,Marche,1522608,8,0,6897,987
2020-08-03,Italy,NA,Marche,1522608,0,0,6897,987
2020-08-04,Italy,NA,Marche,1522608,2,0,6899,987
2020-08-05,Italy,NA,Marche,1522608,6,0,6905,987
2020-08-06,Italy,NA,Marche,1522608,9,0,6914,987
2020-08-07,Italy,NA,Marche,1522608,21,0,6935,987
2020-08-08,Italy,NA,Marche,1522608,3,0,6938,987
2020-08-09,Italy,NA,Marche,1522608,16,0,6954,987
2020-08-10,Italy,NA,Marche,1522608,2,0,6956,987
2020-08-11,Italy,NA,Marche,1522608,4,0,6960,987
2020-08-12,Italy,NA,Marche,1522608,16,0,6976,987
2020-08-13,Italy,NA,Marche,1522608,11,0,6987,987
2020-08-14,Italy,NA,Marche,1522608,32,0,7019,987
2020-08-15,Italy,NA,Marche,1522608,11,0,7030,987
2020-08-16,Italy,NA,Marche,1522608,5,0,7035,987
2020-08-17,Italy,NA,Marche,1522608,8,0,7043,987
2020-08-18,Italy,NA,Marche,1522608,15,0,7058,987
2020-08-19,Italy,NA,Marche,1522608,7,0,7065,987
2020-08-20,Italy,NA,Marche,1522608,13,0,7078,987
2020-08-21,Italy,NA,Marche,1522608,17,0,7095,987
2020-08-22,Italy,NA,Marche,1522608,10,0,7105,987
2020-08-23,Italy,NA,Marche,1522608,5,0,7110,987
2020-08-24,Italy,NA,Marche,1522608,3,0,7113,987
2020-08-25,Italy,NA,Marche,1522608,11,0,7124,987
2020-08-26,Italy,NA,Marche,1522608,9,0,7133,987
2020-08-27,Italy,NA,Marche,1522608,61,0,7194,987
2020-08-28,Italy,NA,Marche,1522608,17,0,7211,987
2020-08-29,Italy,NA,Marche,1522608,12,0,7223,987
2020-08-30,Italy,NA,Marche,1522608,15,0,7238,987
2020-08-31,Italy,NA,Marche,1522608,2,0,7240,987
2020-03-26,Italy,NA,Molise,304285,30,0,103,8
2020-03-27,Italy,NA,Molise,304285,6,1,109,9
2020-03-28,Italy,NA,Molise,304285,14,0,123,9
2020-03-29,Italy,NA,Molise,304285,4,0,127,9
2020-03-30,Italy,NA,Molise,304285,7,0,134,9
2020-03-31,Italy,NA,Molise,304285,10,0,144,9
2020-04-01,Italy,NA,Molise,304285,16,1,160,10
2020-04-02,Italy,NA,Molise,304285,5,1,165,11
2020-04-03,Italy,NA,Molise,304285,11,0,176,11
2020-04-04,Italy,NA,Molise,304285,30,0,206,11
2020-04-05,Italy,NA,Molise,304285,18,2,224,13
2020-04-06,Italy,NA,Molise,304285,0,0,224,13
2020-04-07,Italy,NA,Molise,304285,0,0,224,13
2020-04-08,Italy,NA,Molise,304285,2,0,226,13
2020-04-09,Italy,NA,Molise,304285,8,0,234,13
2020-04-10,Italy,NA,Molise,304285,9,0,243,13
2020-04-11,Italy,NA,Molise,304285,3,1,246,14
2020-04-12,Italy,NA,Molise,304285,11,1,257,15
2020-04-13,Italy,NA,Molise,304285,0,0,257,15
2020-04-14,Italy,NA,Molise,304285,0,0,257,15
2020-04-15,Italy,NA,Molise,304285,6,0,263,15
2020-04-16,Italy,NA,Molise,304285,0,1,263,16
2020-04-17,Italy,NA,Molise,304285,6,0,269,16
2020-04-18,Italy,NA,Molise,304285,0,0,269,16
2020-04-19,Italy,NA,Molise,304285,10,1,279,17
2020-04-20,Italy,NA,Molise,304285,2,1,281,18
2020-04-21,Italy,NA,Molise,304285,1,0,282,18
2020-04-22,Italy,NA,Molise,304285,2,1,284,19
2020-04-23,Italy,NA,Molise,304285,0,1,284,20
2020-04-24,Italy,NA,Molise,304285,3,0,287,20
2020-04-25,Italy,NA,Molise,304285,5,1,292,21
2020-04-26,Italy,NA,Molise,304285,4,0,296,21
2020-04-27,Italy,NA,Molise,304285,0,0,296,21
2020-04-28,Italy,NA,Molise,304285,1,0,297,21
2020-04-29,Italy,NA,Molise,304285,0,0,297,21
2020-04-30,Italy,NA,Molise,304285,1,0,298,21
2020-05-01,Italy,NA,Molise,304285,2,0,300,21
2020-05-02,Italy,NA,Molise,304285,1,0,301,21
2020-05-03,Italy,NA,Molise,304285,0,1,301,22
2020-05-04,Italy,NA,Molise,304285,0,0,301,22
2020-05-05,Italy,NA,Molise,304285,0,0,301,22
2020-05-06,Italy,NA,Molise,304285,3,0,304,22
2020-05-07,Italy,NA,Molise,304285,1,0,305,22
2020-05-08,Italy,NA,Molise,304285,22,0,327,22
2020-05-09,Italy,NA,Molise,304285,20,0,347,22
2020-05-10,Italy,NA,Molise,304285,23,0,370,22
2020-05-11,Italy,NA,Molise,304285,13,0,383,22
2020-05-12,Italy,NA,Molise,304285,3,0,386,22
2020-05-13,Italy,NA,Molise,304285,15,0,401,22
2020-05-14,Italy,NA,Molise,304285,2,0,403,22
2020-05-15,Italy,NA,Molise,304285,4,0,407,22
2020-05-16,Italy,NA,Molise,304285,3,0,410,22
2020-05-17,Italy,NA,Molise,304285,1,0,411,22
2020-05-18,Italy,NA,Molise,304285,11,0,422,22
2020-05-19,Italy,NA,Molise,304285,0,0,422,22
2020-05-20,Italy,NA,Molise,304285,0,0,422,22
2020-05-21,Italy,NA,Molise,304285,1,0,423,22
2020-05-22,Italy,NA,Molise,304285,3,0,426,22
2020-05-23,Italy,NA,Molise,304285,5,0,431,22
2020-05-24,Italy,NA,Molise,304285,1,0,432,22
2020-05-25,Italy,NA,Molise,304285,0,0,432,22
2020-05-26,Italy,NA,Molise,304285,0,0,432,22
2020-05-27,Italy,NA,Molise,304285,2,0,434,22
2020-05-28,Italy,NA,Molise,304285,1,0,435,22
2020-05-29,Italy,NA,Molise,304285,1,0,436,22
2020-05-30,Italy,NA,Molise,304285,0,0,436,22
2020-05-31,Italy,NA,Molise,304285,0,0,436,22
2020-06-01,Italy,NA,Molise,304285,0,0,436,22
2020-06-02,Italy,NA,Molise,304285,0,0,436,22
2020-06-03,Italy,NA,Molise,304285,0,0,436,22
2020-06-04,Italy,NA,Molise,304285,0,1,436,23
2020-06-05,Italy,NA,Molise,304285,0,0,436,23
2020-06-06,Italy,NA,Molise,304285,0,0,436,23
2020-06-07,Italy,NA,Molise,304285,0,0,436,23
2020-06-08,Italy,NA,Molise,304285,0,0,436,23
2020-06-09,Italy,NA,Molise,304285,2,0,438,23
2020-06-10,Italy,NA,Molise,304285,1,0,439,23
2020-06-11,Italy,NA,Molise,304285,0,0,439,23
2020-06-12,Italy,NA,Molise,304285,0,0,439,23
2020-06-13,Italy,NA,Molise,304285,0,0,439,23
2020-06-14,Italy,NA,Molise,304285,0,0,439,23
2020-06-15,Italy,NA,Molise,304285,0,0,439,23
2020-06-16,Italy,NA,Molise,304285,0,0,439,23
2020-06-17,Italy,NA,Molise,304285,1,0,440,23
2020-06-18,Italy,NA,Molise,304285,0,0,440,23
2020-06-19,Italy,NA,Molise,304285,1,0,441,23
2020-06-20,Italy,NA,Molise,304285,0,0,441,23
2020-06-21,Italy,NA,Molise,304285,0,0,441,23
2020-06-22,Italy,NA,Molise,304285,3,0,444,23
2020-06-23,Italy,NA,Molise,304285,0,0,444,23
2020-06-24,Italy,NA,Molise,304285,0,0,444,23
2020-06-25,Italy,NA,Molise,304285,0,0,444,23
2020-06-26,Italy,NA,Molise,304285,1,0,445,23
2020-06-27,Italy,NA,Molise,304285,0,0,445,23
2020-06-28,Italy,NA,Molise,304285,0,0,445,23
2020-06-29,Italy,NA,Molise,304285,0,0,445,23
2020-06-30,Italy,NA,Molise,304285,0,0,445,23
2020-07-01,Italy,NA,Molise,304285,0,0,445,23
2020-07-02,Italy,NA,Molise,304285,0,0,445,23
2020-07-03,Italy,NA,Molise,304285,0,0,445,23
2020-07-04,Italy,NA,Molise,304285,0,0,445,23
2020-07-05,Italy,NA,Molise,304285,0,0,445,23
2020-07-06,Italy,NA,Molise,304285,0,0,445,23
2020-07-07,Italy,NA,Molise,304285,0,0,445,23
2020-07-08,Italy,NA,Molise,304285,0,0,445,23
2020-07-09,Italy,NA,Molise,304285,0,0,445,23
2020-07-10,Italy,NA,Molise,304285,0,0,445,23
2020-07-11,Italy,NA,Molise,304285,0,0,445,23
2020-07-12,Italy,NA,Molise,304285,1,0,446,23
2020-07-13,Italy,NA,Molise,304285,0,0,446,23
2020-07-14,Italy,NA,Molise,304285,0,0,446,23
2020-07-15,Italy,NA,Molise,304285,0,0,446,23
2020-07-16,Italy,NA,Molise,304285,0,0,446,23
2020-07-17,Italy,NA,Molise,304285,0,0,446,23
2020-07-18,Italy,NA,Molise,304285,0,0,446,23
2020-07-19,Italy,NA,Molise,304285,0,0,446,23
2020-07-20,Italy,NA,Molise,304285,0,0,446,23
2020-07-21,Italy,NA,Molise,304285,0,0,446,23
2020-07-22,Italy,NA,Molise,304285,4,0,450,23
2020-07-23,Italy,NA,Molise,304285,9,0,459,23
2020-07-24,Italy,NA,Molise,304285,1,0,460,23
2020-07-25,Italy,NA,Molise,304285,3,0,463,23
2020-07-26,Italy,NA,Molise,304285,3,0,466,23
2020-07-27,Italy,NA,Molise,304285,3,0,469,23
2020-07-28,Italy,NA,Molise,304285,0,0,469,23
2020-07-29,Italy,NA,Molise,304285,1,0,470,23
2020-07-30,Italy,NA,Molise,304285,0,0,470,23
2020-07-31,Italy,NA,Molise,304285,1,0,471,23
2020-08-01,Italy,NA,Molise,304285,2,0,473,23
2020-08-02,Italy,NA,Molise,304285,2,0,475,23
2020-08-03,Italy,NA,Molise,304285,2,0,477,23
2020-08-04,Italy,NA,Molise,304285,0,0,477,23
2020-08-05,Italy,NA,Molise,304285,1,0,478,23
2020-08-06,Italy,NA,Molise,304285,0,0,478,23
2020-08-07,Italy,NA,Molise,304285,1,0,479,23
2020-08-08,Italy,NA,Molise,304285,0,0,479,23
2020-08-09,Italy,NA,Molise,304285,0,0,479,23
2020-08-10,Italy,NA,Molise,304285,0,0,479,23
2020-08-11,Italy,NA,Molise,304285,0,0,479,23
2020-08-12,Italy,NA,Molise,304285,0,0,479,23
2020-08-13,Italy,NA,Molise,304285,6,0,485,23
2020-08-14,Italy,NA,Molise,304285,0,0,485,23
2020-08-15,Italy,NA,Molise,304285,2,0,487,23
2020-08-16,Italy,NA,Molise,304285,0,0,487,23
2020-08-17,Italy,NA,Molise,304285,0,0,487,23
2020-08-18,Italy,NA,Molise,304285,9,0,496,23
2020-08-19,Italy,NA,Molise,304285,7,0,503,23
2020-08-20,Italy,NA,Molise,304285,4,0,507,23
2020-08-21,Italy,NA,Molise,304285,2,0,509,23
2020-08-22,Italy,NA,Molise,304285,1,0,510,23
2020-08-23,Italy,NA,Molise,304285,1,0,511,23
2020-08-24,Italy,NA,Molise,304285,0,0,511,23
2020-08-25,Italy,NA,Molise,304285,0,0,511,23
2020-08-26,Italy,NA,Molise,304285,9,0,520,23
2020-08-27,Italy,NA,Molise,304285,1,0,521,23
2020-08-28,Italy,NA,Molise,304285,1,0,522,23
2020-08-29,Italy,NA,Molise,304285,2,0,524,23
2020-08-30,Italy,NA,Molise,304285,1,0,525,23
2020-03-05,Italy,NA,Piedmont,4341375,26,2,108,2
2020-03-06,Italy,NA,Piedmont,4341375,35,2,143,4
2020-03-07,Italy,NA,Piedmont,4341375,64,1,207,5
2020-03-08,Italy,NA,Piedmont,4341375,153,0,360,5
2020-03-09,Italy,NA,Piedmont,4341375,0,8,350,13
2020-03-10,Italy,NA,Piedmont,4341375,103,4,453,17
2020-03-11,Italy,NA,Piedmont,4341375,48,4,501,21
2020-03-12,Italy,NA,Piedmont,4341375,79,5,580,26
2020-03-13,Italy,NA,Piedmont,4341375,260,20,840,46
2020-03-14,Italy,NA,Piedmont,4341375,33,13,873,59
2020-03-15,Italy,NA,Piedmont,4341375,238,22,1111,81
2020-03-16,Italy,NA,Piedmont,4341375,405,30,1516,111
2020-03-17,Italy,NA,Piedmont,4341375,381,22,1897,133
2020-03-18,Italy,NA,Piedmont,4341375,444,21,2341,154
2020-03-19,Italy,NA,Piedmont,4341375,591,21,2932,175
2020-03-20,Italy,NA,Piedmont,4341375,529,34,3461,209
2020-03-21,Italy,NA,Piedmont,4341375,291,29,3752,238
2020-03-22,Italy,NA,Piedmont,4341375,668,45,4420,283
2020-03-23,Italy,NA,Piedmont,4341375,441,32,4861,315
2020-03-24,Italy,NA,Piedmont,4341375,654,59,5515,374
2020-03-25,Italy,NA,Piedmont,4341375,509,75,6024,449
2020-03-26,Italy,NA,Piedmont,4341375,510,0,6534,449
2020-03-27,Italy,NA,Piedmont,4341375,558,120,7092,569
2020-03-28,Italy,NA,Piedmont,4341375,579,48,7671,617
2020-03-29,Italy,NA,Piedmont,4341375,535,67,8206,684
2020-03-30,Italy,NA,Piedmont,4341375,506,65,8712,749
2020-03-31,Italy,NA,Piedmont,4341375,589,105,9301,854
2020-04-01,Italy,NA,Piedmont,4341375,494,32,9795,886
2020-04-02,Italy,NA,Piedmont,4341375,558,97,10353,983
2020-04-03,Italy,NA,Piedmont,4341375,543,60,10896,1043
2020-04-04,Italy,NA,Piedmont,4341375,813,85,11709,1128
2020-04-05,Italy,NA,Piedmont,4341375,653,40,12362,1168
2020-04-06,Italy,NA,Piedmont,4341375,562,83,12924,1251
2020-04-07,Italy,NA,Piedmont,4341375,419,68,13343,1319
2020-04-08,Italy,NA,Piedmont,4341375,540,59,13883,1378
2020-04-09,Italy,NA,Piedmont,4341375,639,76,14522,1454
2020-04-10,Italy,NA,Piedmont,4341375,490,78,15012,1532
2020-04-11,Italy,NA,Piedmont,4341375,996,101,16008,1633
2020-04-12,Italy,NA,Piedmont,4341375,652,96,16660,1729
2020-04-13,Italy,NA,Piedmont,4341375,474,97,17134,1826
2020-04-14,Italy,NA,Piedmont,4341375,556,101,17690,1927
2020-04-15,Italy,NA,Piedmont,4341375,539,88,18229,2015
2020-04-16,Italy,NA,Piedmont,4341375,879,79,19108,2094
2020-04-17,Italy,NA,Piedmont,4341375,695,77,19803,2171
2020-04-18,Italy,NA,Piedmont,4341375,661,81,20464,2252
2020-04-19,Italy,NA,Piedmont,4341375,593,79,21057,2331
2020-04-20,Italy,NA,Piedmont,4341375,292,78,21349,2409
2020-04-21,Italy,NA,Piedmont,4341375,606,76,21955,2485
2020-04-22,Italy,NA,Piedmont,4341375,784,74,22739,2559
2020-04-23,Italy,NA,Piedmont,4341375,401,71,23140,2630
2020-04-24,Italy,NA,Piedmont,4341375,682,69,23822,2699
2020-04-25,Italy,NA,Piedmont,4341375,604,68,24426,2767
2020-04-26,Italy,NA,Piedmont,4341375,394,56,24820,2823
2020-04-27,Italy,NA,Piedmont,4341375,278,55,25098,2878
2020-04-28,Italy,NA,Piedmont,4341375,352,58,25450,2936
2020-04-29,Italy,NA,Piedmont,4341375,411,67,25861,3003
2020-04-30,Italy,NA,Piedmont,4341375,428,63,26289,3066
2020-05-01,Italy,NA,Piedmont,4341375,395,31,26684,3097
2020-05-02,Italy,NA,Piedmont,4341375,495,29,27179,3126
2020-05-03,Italy,NA,Piedmont,4341375,251,26,27430,3152
2020-05-04,Italy,NA,Piedmont,4341375,192,34,27622,3186
2020-05-05,Italy,NA,Piedmont,4341375,152,30,27774,3216
2020-05-06,Italy,NA,Piedmont,4341375,165,31,27939,3247
2020-05-07,Italy,NA,Piedmont,4341375,196,35,28135,3282
2020-05-08,Italy,NA,Piedmont,4341375,233,23,28368,3305
2020-05-09,Italy,NA,Piedmont,4341375,181,26,28549,3331
2020-05-10,Italy,NA,Piedmont,4341375,116,36,28665,3367
2020-05-11,Italy,NA,Piedmont,4341375,111,33,28776,3400
2020-05-12,Italy,NA,Piedmont,4341375,113,28,28889,3428
2020-05-13,Italy,NA,Piedmont,4341375,169,32,29058,3460
2020-05-14,Italy,NA,Piedmont,4341375,151,33,29209,3493
2020-05-15,Italy,NA,Piedmont,4341375,137,64,29346,3557
2020-05-16,Italy,NA,Piedmont,4341375,137,37,29483,3594
2020-05-17,Italy,NA,Piedmont,4341375,64,18,29547,3612
2020-05-18,Italy,NA,Piedmont,4341375,72,20,29619,3632
2020-05-19,Italy,NA,Piedmont,4341375,108,47,29727,3679
2020-05-20,Italy,NA,Piedmont,4341375,158,39,29885,3718
2020-05-21,Italy,NA,Piedmont,4341375,105,24,29990,3742
2020-05-22,Italy,NA,Piedmont,4341375,87,15,30077,3757
2020-05-23,Italy,NA,Piedmont,4341375,60,14,30137,3771
2020-05-24,Italy,NA,Piedmont,4341375,43,12,30180,3783
2020-05-25,Italy,NA,Piedmont,4341375,48,15,30228,3798
2020-05-26,Italy,NA,Piedmont,4341375,86,14,30314,3812
2020-05-27,Italy,NA,Piedmont,4341375,73,16,30387,3828
2020-05-28,Italy,NA,Piedmont,4341375,58,10,30445,3838
2020-05-29,Italy,NA,Piedmont,4341375,56,13,30501,3851
2020-05-30,Italy,NA,Piedmont,4341375,82,7,30583,3858
2020-05-31,Italy,NA,Piedmont,4341375,54,9,30637,3867
2020-06-01,Italy,NA,Piedmont,4341375,21,9,30658,3876
2020-06-02,Italy,NA,Piedmont,4341375,57,8,30715,3884
2020-06-03,Italy,NA,Piedmont,4341375,19,14,30734,3898
2020-06-04,Italy,NA,Piedmont,4341375,24,12,30758,3910
2020-06-05,Italy,NA,Piedmont,4341375,49,17,30807,3927
2020-06-06,Italy,NA,Piedmont,4341375,38,7,30845,3934
2020-06-07,Italy,NA,Piedmont,4341375,10,7,30855,3941
2020-06-08,Italy,NA,Piedmont,4341375,14,13,30869,3954
2020-06-09,Italy,NA,Piedmont,4341375,21,7,30890,3961
2020-06-10,Italy,NA,Piedmont,4341375,26,15,30916,3976
2020-06-11,Italy,NA,Piedmont,4341375,42,12,30958,3988
2020-06-12,Italy,NA,Piedmont,4341375,31,8,30989,3996
2020-06-13,Italy,NA,Piedmont,4341375,40,10,31029,4006
2020-06-14,Italy,NA,Piedmont,4341375,30,6,31059,4012
2020-06-15,Italy,NA,Piedmont,4341375,2,0,31061,4012
2020-06-16,Italy,NA,Piedmont,4341375,29,6,31090,4018
2020-06-17,Italy,NA,Piedmont,4341375,41,8,31131,4026
2020-06-18,Italy,NA,Piedmont,4341375,31,6,31162,4032
2020-06-19,Italy,NA,Piedmont,4341375,26,7,31188,4039
2020-06-20,Italy,NA,Piedmont,4341375,27,6,31215,4045
2020-06-21,Italy,NA,Piedmont,4341375,26,6,31241,4051
2020-06-22,Italy,NA,Piedmont,4341375,7,4,31248,4055
2020-06-23,Italy,NA,Piedmont,4341375,6,4,31254,4059
2020-06-24,Italy,NA,Piedmont,4341375,22,7,31276,4066
2020-06-25,Italy,NA,Piedmont,4341375,20,5,31296,4071
2020-06-26,Italy,NA,Piedmont,4341375,15,6,31311,4077
2020-06-27,Italy,NA,Piedmont,4341375,11,3,31322,4080
2020-06-28,Italy,NA,Piedmont,4341375,14,5,31336,4085
2020-06-29,Italy,NA,Piedmont,4341375,2,2,31338,4087
2020-06-30,Italy,NA,Piedmont,4341375,11,3,31349,4090
2020-07-01,Italy,NA,Piedmont,4341375,16,1,31365,4091
2020-07-02,Italy,NA,Piedmont,4341375,13,5,31378,4096
2020-07-03,Italy,NA,Piedmont,4341375,16,4,31394,4100
2020-07-04,Italy,NA,Piedmont,4341375,11,2,31405,4102
2020-07-05,Italy,NA,Piedmont,4341375,18,0,31423,4102
2020-07-06,Italy,NA,Piedmont,4341375,6,2,31429,4104
2020-07-07,Italy,NA,Piedmont,4341375,5,3,31434,4107
2020-07-08,Italy,NA,Piedmont,4341375,25,0,31459,4107
2020-07-09,Italy,NA,Piedmont,4341375,16,1,31475,4108
2020-07-10,Italy,NA,Piedmont,4341375,10,2,31485,4110
2020-07-11,Italy,NA,Piedmont,4341375,9,1,31494,4111
2020-07-12,Italy,NA,Piedmont,4341375,4,0,31498,4111
2020-07-13,Italy,NA,Piedmont,4341375,6,1,31504,4112
2020-07-14,Italy,NA,Piedmont,4341375,3,3,31507,4115
2020-07-15,Italy,NA,Piedmont,4341375,8,3,31515,4118
2020-07-16,Italy,NA,Piedmont,4341375,7,0,31522,4118
2020-07-17,Italy,NA,Piedmont,4341375,8,1,31530,4119
2020-07-18,Italy,NA,Piedmont,4341375,3,0,31533,4119
2020-07-19,Italy,NA,Piedmont,4341375,3,0,31536,4119
2020-07-20,Italy,NA,Piedmont,4341375,1,1,31537,4120
2020-07-21,Italy,NA,Piedmont,4341375,8,3,31545,4123
2020-07-22,Italy,NA,Piedmont,4341375,13,0,31558,4123
2020-07-23,Italy,NA,Piedmont,4341375,9,0,31567,4123
2020-07-24,Italy,NA,Piedmont,4341375,11,0,31578,4123
2020-07-25,Italy,NA,Piedmont,4341375,16,2,31594,4125
2020-07-26,Italy,NA,Piedmont,4341375,12,1,31606,4126
2020-07-27,Italy,NA,Piedmont,4341375,4,1,31610,4127
2020-07-28,Italy,NA,Piedmont,4341375,12,0,31622,4127
2020-07-29,Italy,NA,Piedmont,4341375,14,1,31636,4128
2020-07-30,Italy,NA,Piedmont,4341375,10,0,31646,4128
2020-07-31,Italy,NA,Piedmont,4341375,21,1,31667,4129
2020-08-01,Italy,NA,Piedmont,4341375,16,0,31683,4129
2020-08-02,Italy,NA,Piedmont,4341375,15,0,31698,4129
2020-08-03,Italy,NA,Piedmont,4341375,13,2,31711,4131
2020-08-04,Italy,NA,Piedmont,4341375,8,1,31719,4132
2020-08-05,Italy,NA,Piedmont,4341375,21,2,31740,4134
2020-08-06,Italy,NA,Piedmont,4341375,22,1,31762,4135
2020-08-07,Italy,NA,Piedmont,4341375,37,1,31799,4136
2020-08-08,Italy,NA,Piedmont,4341375,31,0,31830,4136
2020-08-09,Italy,NA,Piedmont,4341375,38,0,31868,4136
2020-08-10,Italy,NA,Piedmont,4341375,20,0,31888,4136
2020-08-11,Italy,NA,Piedmont,4341375,26,0,31914,4136
2020-08-12,Italy,NA,Piedmont,4341375,42,2,31956,4138
2020-08-13,Italy,NA,Piedmont,4341375,26,1,31982,4139
2020-08-14,Italy,NA,Piedmont,4341375,15,0,31997,4139
2020-08-15,Italy,NA,Piedmont,4341375,47,0,32044,4139
2020-08-16,Italy,NA,Piedmont,4341375,40,0,32084,4139
2020-08-17,Italy,NA,Piedmont,4341375,16,1,32100,4140
2020-08-18,Italy,NA,Piedmont,4341375,27,1,32127,4141
2020-08-19,Italy,NA,Piedmont,4341375,42,1,32169,4142
2020-08-20,Italy,NA,Piedmont,4341375,52,0,32221,4142
2020-08-21,Italy,NA,Piedmont,4341375,39,0,32260,4142
2020-08-22,Italy,NA,Piedmont,4341375,41,1,32301,4143
2020-08-23,Italy,NA,Piedmont,4341375,42,0,32343,4143
2020-08-24,Italy,NA,Piedmont,4341375,40,0,32383,4143
2020-08-25,Italy,NA,Piedmont,4341375,57,0,32440,4143
2020-08-26,Italy,NA,Piedmont,4341375,75,1,32515,4144
2020-08-27,Italy,NA,Piedmont,4341375,88,0,32603,4144
2020-08-28,Italy,NA,Piedmont,4341375,91,1,32694,4145
2020-08-29,Italy,NA,Piedmont,4341375,90,0,32784,4145
2020-08-30,Italy,NA,Piedmont,4341375,60,1,32844,4146
2020-08-31,Italy,NA,Piedmont,4341375,37,0,32881,4146
2020-03-16,Italy,NA,Sardinia,1639591,30,0,107,2
2020-03-17,Italy,NA,Sardinia,1639591,10,0,117,2
2020-03-18,Italy,NA,Sardinia,1639591,17,0,134,2
2020-03-19,Italy,NA,Sardinia,1639591,72,0,206,2
2020-03-20,Italy,NA,Sardinia,1639591,87,0,293,2
2020-03-21,Italy,NA,Sardinia,1639591,37,2,330,4
2020-03-22,Italy,NA,Sardinia,1639591,9,3,339,7
2020-03-23,Italy,NA,Sardinia,1639591,20,4,359,11
2020-03-24,Italy,NA,Sardinia,1639591,62,4,421,15
2020-03-25,Italy,NA,Sardinia,1639591,21,3,442,18
2020-03-26,Italy,NA,Sardinia,1639591,52,1,494,19
2020-03-27,Italy,NA,Sardinia,1639591,36,2,530,21
2020-03-28,Italy,NA,Sardinia,1639591,94,5,624,26
2020-03-29,Italy,NA,Sardinia,1639591,14,1,638,27
2020-03-30,Italy,NA,Sardinia,1639591,44,1,682,28
2020-03-31,Italy,NA,Sardinia,1639591,40,3,722,31
2020-04-01,Italy,NA,Sardinia,1639591,23,3,745,34
2020-04-02,Italy,NA,Sardinia,1639591,49,6,794,40
2020-04-03,Italy,NA,Sardinia,1639591,31,1,825,41
2020-04-04,Italy,NA,Sardinia,1639591,49,0,874,41
2020-04-05,Italy,NA,Sardinia,1639591,33,2,907,43
2020-04-06,Italy,NA,Sardinia,1639591,15,4,922,47
2020-04-07,Italy,NA,Sardinia,1639591,13,5,935,52
2020-04-08,Italy,NA,Sardinia,1639591,40,7,975,59
2020-04-09,Italy,NA,Sardinia,1639591,51,5,1026,64
2020-04-10,Italy,NA,Sardinia,1639591,37,5,1063,69
2020-04-11,Italy,NA,Sardinia,1639591,28,4,1091,73
2020-04-12,Italy,NA,Sardinia,1639591,22,0,1113,73
2020-04-13,Italy,NA,Sardinia,1639591,15,2,1128,75
2020-04-14,Italy,NA,Sardinia,1639591,10,5,1138,80
2020-04-15,Italy,NA,Sardinia,1639591,23,3,1161,83
2020-04-16,Italy,NA,Sardinia,1639591,3,2,1164,85
2020-04-17,Italy,NA,Sardinia,1639591,14,1,1178,86
2020-04-18,Italy,NA,Sardinia,1639591,20,0,1198,86
2020-04-19,Italy,NA,Sardinia,1639591,17,0,1215,86
2020-04-20,Italy,NA,Sardinia,1639591,13,0,1228,86
2020-04-21,Italy,NA,Sardinia,1639591,8,7,1236,93
2020-04-22,Italy,NA,Sardinia,1639591,11,3,1247,96
2020-04-23,Italy,NA,Sardinia,1639591,7,2,1254,98
2020-04-24,Italy,NA,Sardinia,1639591,3,4,1257,102
2020-04-25,Italy,NA,Sardinia,1639591,14,1,1271,103
2020-04-26,Italy,NA,Sardinia,1639591,9,6,1280,109
2020-04-27,Italy,NA,Sardinia,1639591,3,0,1283,109
2020-04-28,Italy,NA,Sardinia,1639591,2,0,1285,109
2020-04-29,Italy,NA,Sardinia,1639591,5,7,1290,116
2020-04-30,Italy,NA,Sardinia,1639591,5,0,1295,116
2020-05-01,Italy,NA,Sardinia,1639591,18,1,1313,117
2020-05-02,Italy,NA,Sardinia,1639591,2,2,1315,119
2020-05-03,Italy,NA,Sardinia,1639591,4,0,1319,119
2020-05-04,Italy,NA,Sardinia,1639591,0,0,1317,119
2020-05-05,Italy,NA,Sardinia,1639591,1,0,1318,119
2020-05-06,Italy,NA,Sardinia,1639591,1,0,1319,119
2020-05-07,Italy,NA,Sardinia,1639591,5,0,1324,119
2020-05-08,Italy,NA,Sardinia,1639591,6,0,1330,119
2020-05-09,Italy,NA,Sardinia,1639591,4,0,1334,119
2020-05-10,Italy,NA,Sardinia,1639591,6,1,1340,120
2020-05-11,Italy,NA,Sardinia,1639591,3,0,1343,120
2020-05-12,Italy,NA,Sardinia,1639591,1,0,1344,120
2020-05-13,Italy,NA,Sardinia,1639591,1,0,1345,120
2020-05-14,Italy,NA,Sardinia,1639591,0,5,1345,125
2020-05-15,Italy,NA,Sardinia,1639591,3,0,1348,125
2020-05-16,Italy,NA,Sardinia,1639591,4,0,1352,125
2020-05-17,Italy,NA,Sardinia,1639591,1,0,1353,125
2020-05-18,Italy,NA,Sardinia,1639591,0,1,1353,126
2020-05-19,Italy,NA,Sardinia,1639591,1,0,1354,126
2020-05-20,Italy,NA,Sardinia,1639591,1,0,1355,126
2020-05-21,Italy,NA,Sardinia,1639591,1,1,1356,127
2020-05-22,Italy,NA,Sardinia,1639591,0,1,1356,128
2020-05-23,Italy,NA,Sardinia,1639591,0,1,1356,129
2020-05-24,Italy,NA,Sardinia,1639591,0,0,1356,129
2020-05-25,Italy,NA,Sardinia,1639591,0,0,1354,129
2020-05-26,Italy,NA,Sardinia,1639591,0,1,1354,130
2020-05-27,Italy,NA,Sardinia,1639591,1,0,1355,130
2020-05-28,Italy,NA,Sardinia,1639591,0,0,1355,130
2020-05-29,Italy,NA,Sardinia,1639591,1,0,1356,130
2020-05-30,Italy,NA,Sardinia,1639591,0,0,1356,130
2020-05-31,Italy,NA,Sardinia,1639591,0,0,1356,130
2020-06-01,Italy,NA,Sardinia,1639591,1,1,1357,131
2020-06-02,Italy,NA,Sardinia,1639591,0,0,1357,131
2020-06-03,Italy,NA,Sardinia,1639591,0,0,1357,131
2020-06-04,Italy,NA,Sardinia,1639591,0,0,1357,131
2020-06-05,Italy,NA,Sardinia,1639591,2,0,1359,131
2020-06-06,Italy,NA,Sardinia,1639591,3,0,1362,131
2020-06-07,Italy,NA,Sardinia,1639591,0,0,1362,131
2020-06-08,Italy,NA,Sardinia,1639591,0,0,1362,131
2020-06-09,Italy,NA,Sardinia,1639591,0,0,1361,131
2020-06-10,Italy,NA,Sardinia,1639591,0,0,1361,131
2020-06-11,Italy,NA,Sardinia,1639591,1,0,1362,131
2020-06-12,Italy,NA,Sardinia,1639591,1,0,1363,131
2020-06-13,Italy,NA,Sardinia,1639591,0,1,1363,132
2020-06-14,Italy,NA,Sardinia,1639591,0,0,1363,132
2020-06-15,Italy,NA,Sardinia,1639591,0,0,1363,132
2020-06-16,Italy,NA,Sardinia,1639591,2,0,1365,132
2020-06-17,Italy,NA,Sardinia,1639591,1,0,1366,132
2020-06-18,Italy,NA,Sardinia,1639591,1,0,1367,132
2020-06-19,Italy,NA,Sardinia,1639591,1,0,1368,132
2020-06-20,Italy,NA,Sardinia,1639591,1,0,1369,132
2020-06-21,Italy,NA,Sardinia,1639591,0,0,1369,132
2020-06-22,Italy,NA,Sardinia,1639591,0,0,1369,132
2020-06-23,Italy,NA,Sardinia,1639591,0,0,1360,132
2020-06-24,Italy,NA,Sardinia,1639591,1,0,1361,132
2020-06-25,Italy,NA,Sardinia,1639591,1,0,1362,132
2020-06-26,Italy,NA,Sardinia,1639591,0,0,1362,132
2020-06-27,Italy,NA,Sardinia,1639591,1,0,1363,132
2020-06-28,Italy,NA,Sardinia,1639591,1,0,1364,132
2020-06-29,Italy,NA,Sardinia,1639591,0,0,1364,132
2020-06-30,Italy,NA,Sardinia,1639591,2,1,1366,133
2020-07-01,Italy,NA,Sardinia,1639591,0,0,1366,133
2020-07-02,Italy,NA,Sardinia,1639591,2,0,1368,133
2020-07-03,Italy,NA,Sardinia,1639591,1,0,1369,133
2020-07-04,Italy,NA,Sardinia,1639591,0,0,1369,133
2020-07-05,Italy,NA,Sardinia,1639591,1,0,1370,133
2020-07-06,Italy,NA,Sardinia,1639591,1,1,1371,134
2020-07-07,Italy,NA,Sardinia,1639591,0,0,1371,134
2020-07-08,Italy,NA,Sardinia,1639591,0,0,1371,134
2020-07-09,Italy,NA,Sardinia,1639591,0,0,1371,134
2020-07-10,Italy,NA,Sardinia,1639591,1,0,1372,134
2020-07-11,Italy,NA,Sardinia,1639591,0,0,1372,134
2020-07-12,Italy,NA,Sardinia,1639591,0,0,1372,134
2020-07-13,Italy,NA,Sardinia,1639591,1,0,1373,134
2020-07-14,Italy,NA,Sardinia,1639591,1,0,1374,134
2020-07-15,Italy,NA,Sardinia,1639591,2,0,1376,134
2020-07-16,Italy,NA,Sardinia,1639591,1,0,1377,134
2020-07-17,Italy,NA,Sardinia,1639591,0,0,1377,134
2020-07-18,Italy,NA,Sardinia,1639591,1,0,1378,134
2020-07-19,Italy,NA,Sardinia,1639591,1,0,1379,134
2020-07-20,Italy,NA,Sardinia,1639591,0,0,1379,134
2020-07-21,Italy,NA,Sardinia,1639591,0,0,1379,134
2020-07-22,Italy,NA,Sardinia,1639591,1,0,1380,134
2020-07-23,Italy,NA,Sardinia,1639591,2,0,1382,134
2020-07-24,Italy,NA,Sardinia,1639591,3,0,1385,134
2020-07-25,Italy,NA,Sardinia,1639591,3,0,1388,134
2020-07-26,Italy,NA,Sardinia,1639591,0,0,1388,134
2020-07-27,Italy,NA,Sardinia,1639591,0,1,1386,135
2020-07-28,Italy,NA,Sardinia,1639591,6,0,1392,134
2020-07-29,Italy,NA,Sardinia,1639591,2,0,1394,134
2020-07-30,Italy,NA,Sardinia,1639591,0,0,1394,134
2020-07-31,Italy,NA,Sardinia,1639591,10,0,1404,134
2020-08-01,Italy,NA,Sardinia,1639591,6,0,1410,134
2020-08-02,Italy,NA,Sardinia,1639591,4,0,1414,134
2020-08-03,Italy,NA,Sardinia,1639591,2,0,1416,134
2020-08-04,Italy,NA,Sardinia,1639591,2,0,1418,134
2020-08-05,Italy,NA,Sardinia,1639591,9,0,1427,134
2020-08-06,Italy,NA,Sardinia,1639591,3,0,1430,134
2020-08-07,Italy,NA,Sardinia,1639591,3,0,1433,134
2020-08-08,Italy,NA,Sardinia,1639591,0,0,1433,134
2020-08-09,Italy,NA,Sardinia,1639591,6,0,1439,134
2020-08-10,Italy,NA,Sardinia,1639591,2,0,1441,134
2020-08-11,Italy,NA,Sardinia,1639591,20,0,1461,134
2020-08-12,Italy,NA,Sardinia,1639591,1,0,1462,134
2020-08-13,Italy,NA,Sardinia,1639591,17,0,1479,134
2020-08-14,Italy,NA,Sardinia,1639591,5,0,1484,134
2020-08-15,Italy,NA,Sardinia,1639591,5,0,1489,134
2020-08-16,Italy,NA,Sardinia,1639591,5,0,1493,134
2020-08-17,Italy,NA,Sardinia,1639591,7,0,1500,134
2020-08-18,Italy,NA,Sardinia,1639591,12,0,1512,134
2020-08-19,Italy,NA,Sardinia,1639591,37,0,1549,134
2020-08-20,Italy,NA,Sardinia,1639591,23,0,1567,134
2020-08-21,Italy,NA,Sardinia,1639591,42,0,1609,134
2020-08-22,Italy,NA,Sardinia,1639591,44,0,1653,134
2020-08-23,Italy,NA,Sardinia,1639591,81,0,1734,134
2020-08-24,Italy,NA,Sardinia,1639591,91,0,1825,134
2020-08-25,Italy,NA,Sardinia,1639591,34,0,1859,134
2020-08-26,Italy,NA,Sardinia,1639591,53,0,1912,134
2020-08-27,Italy,NA,Sardinia,1639591,57,0,1967,134
2020-08-28,Italy,NA,Sardinia,1639591,55,0,2022,134
2020-08-29,Italy,NA,Sardinia,1639591,70,0,2092,134
2020-08-30,Italy,NA,Sardinia,1639591,22,0,2114,134
2020-08-31,Italy,NA,Sardinia,1639591,79,0,2193,134
2020-03-12,Italy,NA,Sicily,4983478,32,2,115,2
2020-03-13,Italy,NA,Sicily,4983478,15,0,130,2
2020-03-14,Italy,NA,Sicily,4983478,26,0,156,2
2020-03-15,Italy,NA,Sicily,4983478,32,0,188,2
2020-03-16,Italy,NA,Sicily,4983478,25,0,213,2
2020-03-17,Italy,NA,Sicily,4983478,24,1,237,3
2020-03-18,Italy,NA,Sicily,4983478,45,0,282,3
2020-03-19,Italy,NA,Sicily,4983478,58,1,340,4
2020-03-20,Italy,NA,Sicily,4983478,68,0,408,4
2020-03-21,Italy,NA,Sicily,4983478,82,2,490,6
2020-03-22,Italy,NA,Sicily,4983478,140,2,630,8
2020-03-23,Italy,NA,Sicily,4983478,91,5,721,13
2020-03-24,Italy,NA,Sicily,4983478,125,7,846,20
2020-03-25,Italy,NA,Sicily,4983478,148,5,994,25
2020-03-26,Italy,NA,Sicily,4983478,170,8,1164,33
2020-03-27,Italy,NA,Sicily,4983478,86,6,1250,39
2020-03-28,Italy,NA,Sicily,4983478,109,18,1359,57
2020-03-29,Italy,NA,Sicily,4983478,101,8,1460,65
2020-03-30,Italy,NA,Sicily,4983478,95,11,1555,76
2020-03-31,Italy,NA,Sicily,4983478,92,5,1647,81
2020-04-01,Italy,NA,Sicily,4983478,71,7,1718,88
2020-04-02,Italy,NA,Sicily,4983478,73,5,1791,93
2020-04-03,Italy,NA,Sicily,4983478,68,8,1859,101
2020-04-04,Italy,NA,Sicily,4983478,73,10,1932,111
2020-04-05,Italy,NA,Sicily,4983478,62,5,1994,116
2020-04-06,Italy,NA,Sicily,4983478,52,7,2046,123
2020-04-07,Italy,NA,Sicily,4983478,51,2,2097,125
2020-04-08,Italy,NA,Sicily,4983478,62,8,2159,133
2020-04-09,Italy,NA,Sicily,4983478,73,5,2232,138
2020-04-10,Italy,NA,Sicily,4983478,70,10,2302,148
2020-04-11,Italy,NA,Sicily,4983478,62,6,2364,154
2020-04-12,Italy,NA,Sicily,4983478,52,9,2416,163
2020-04-13,Italy,NA,Sicily,4983478,42,8,2458,171
2020-04-14,Italy,NA,Sicily,4983478,43,4,2501,175
2020-04-15,Italy,NA,Sicily,4983478,34,6,2535,181
2020-04-16,Italy,NA,Sicily,4983478,44,6,2579,187
2020-04-17,Italy,NA,Sicily,4983478,46,3,2625,190
2020-04-18,Italy,NA,Sicily,4983478,47,6,2672,196
2020-04-19,Italy,NA,Sicily,4983478,45,4,2717,200
2020-04-20,Italy,NA,Sicily,4983478,42,3,2759,203
2020-04-21,Italy,NA,Sicily,4983478,76,3,2835,206
2020-04-22,Italy,NA,Sicily,4983478,48,2,2883,208
2020-04-23,Italy,NA,Sicily,4983478,43,5,2926,213
2020-04-24,Italy,NA,Sicily,4983478,55,5,2981,218
2020-04-25,Italy,NA,Sicily,4983478,39,6,3020,224
2020-04-26,Italy,NA,Sicily,4983478,35,4,3055,228
2020-04-27,Italy,NA,Sicily,4983478,30,3,3085,231
2020-04-28,Italy,NA,Sicily,4983478,35,1,3120,232
2020-04-29,Italy,NA,Sicily,4983478,20,0,3140,232
2020-04-30,Italy,NA,Sicily,4983478,26,3,3166,235
2020-05-01,Italy,NA,Sicily,4983478,28,2,3194,237
2020-05-02,Italy,NA,Sicily,4983478,19,3,3213,240
2020-05-03,Italy,NA,Sicily,4983478,27,2,3240,242
2020-05-04,Italy,NA,Sicily,4983478,15,2,3255,244
2020-05-05,Italy,NA,Sicily,4983478,12,3,3267,247
2020-05-06,Italy,NA,Sicily,4983478,14,3,3281,250
2020-05-07,Italy,NA,Sicily,4983478,7,1,3288,251
2020-05-08,Italy,NA,Sicily,4983478,13,2,3301,253
2020-05-09,Italy,NA,Sicily,4983478,12,3,3313,256
2020-05-10,Italy,NA,Sicily,4983478,14,0,3327,256
2020-05-11,Italy,NA,Sicily,4983478,12,1,3339,257
2020-05-12,Italy,NA,Sicily,4983478,4,4,3343,261
2020-05-13,Italy,NA,Sicily,4983478,11,1,3354,262
2020-05-14,Italy,NA,Sicily,4983478,12,1,3366,263
2020-05-15,Italy,NA,Sicily,4983478,8,0,3374,263
2020-05-16,Italy,NA,Sicily,4983478,8,2,3382,265
2020-05-17,Italy,NA,Sicily,4983478,6,2,3388,267
2020-05-18,Italy,NA,Sicily,4983478,7,0,3395,267
2020-05-19,Italy,NA,Sicily,4983478,8,1,3403,268
2020-05-20,Italy,NA,Sicily,4983478,8,0,3411,268
2020-05-21,Italy,NA,Sicily,4983478,6,0,3417,268
2020-05-22,Italy,NA,Sicily,4983478,4,0,3421,268
2020-05-23,Italy,NA,Sicily,4983478,0,1,3421,269
2020-05-24,Italy,NA,Sicily,4983478,2,0,3423,269
2020-05-25,Italy,NA,Sicily,4983478,4,1,3427,270
2020-05-26,Italy,NA,Sicily,4983478,3,1,3430,271
2020-05-27,Italy,NA,Sicily,4983478,5,1,3435,272
2020-05-28,Italy,NA,Sicily,4983478,3,0,3438,272
2020-05-29,Italy,NA,Sicily,4983478,2,0,3440,272
2020-05-30,Italy,NA,Sicily,4983478,2,1,3442,273
2020-05-31,Italy,NA,Sicily,4983478,1,1,3443,274
2020-06-01,Italy,NA,Sicily,4983478,0,0,3443,274
2020-06-02,Italy,NA,Sicily,4983478,4,1,3447,275
2020-06-03,Italy,NA,Sicily,4983478,0,0,3447,275
2020-06-04,Italy,NA,Sicily,4983478,0,1,3447,276
2020-06-05,Italy,NA,Sicily,4983478,1,0,3448,276
2020-06-06,Italy,NA,Sicily,4983478,2,0,3450,276
2020-06-07,Italy,NA,Sicily,4983478,1,1,3451,277
2020-06-08,Italy,NA,Sicily,4983478,1,1,3452,278
2020-06-09,Italy,NA,Sicily,4983478,2,0,3454,278
2020-06-10,Italy,NA,Sicily,4983478,1,0,3455,278
2020-06-11,Italy,NA,Sicily,4983478,0,1,3455,279
2020-06-12,Italy,NA,Sicily,4983478,0,0,3455,279
2020-06-13,Italy,NA,Sicily,4983478,1,0,3456,279
2020-06-14,Italy,NA,Sicily,4983478,1,0,3457,279
2020-06-15,Italy,NA,Sicily,4983478,1,1,3458,280
2020-06-16,Italy,NA,Sicily,4983478,2,0,3460,280
2020-06-17,Italy,NA,Sicily,4983478,2,0,3462,280
2020-06-18,Italy,NA,Sicily,4983478,2,0,3464,280
2020-06-19,Italy,NA,Sicily,4983478,3,0,3070,280
2020-06-20,Italy,NA,Sicily,4983478,0,0,3070,280
2020-06-21,Italy,NA,Sicily,4983478,2,0,3072,280
2020-06-22,Italy,NA,Sicily,4983478,0,0,3072,280
2020-06-23,Italy,NA,Sicily,4983478,1,0,3073,280
2020-06-24,Italy,NA,Sicily,4983478,1,0,3074,280
2020-06-25,Italy,NA,Sicily,4983478,2,0,3076,280
2020-06-26,Italy,NA,Sicily,4983478,0,1,3076,281
2020-06-27,Italy,NA,Sicily,4983478,1,0,3077,281
2020-06-28,Italy,NA,Sicily,4983478,0,0,3077,281
2020-06-29,Italy,NA,Sicily,4983478,1,0,3078,281
2020-06-30,Italy,NA,Sicily,4983478,2,1,3080,282
2020-07-01,Italy,NA,Sicily,4983478,1,0,3081,282
2020-07-02,Italy,NA,Sicily,4983478,9,0,3090,282
2020-07-03,Italy,NA,Sicily,4983478,1,0,3091,282
2020-07-04,Italy,NA,Sicily,4983478,3,0,3094,282
2020-07-05,Italy,NA,Sicily,4983478,0,0,3094,282
2020-07-06,Italy,NA,Sicily,4983478,1,0,3095,282
2020-07-07,Italy,NA,Sicily,4983478,1,0,3096,282
2020-07-08,Italy,NA,Sicily,4983478,1,1,3097,283
2020-07-09,Italy,NA,Sicily,4983478,1,0,3098,283
2020-07-10,Italy,NA,Sicily,4983478,0,0,3098,283
2020-07-11,Italy,NA,Sicily,4983478,1,0,3099,283
2020-07-12,Italy,NA,Sicily,4983478,0,0,3099,283
2020-07-13,Italy,NA,Sicily,4983478,1,0,3100,283
2020-07-14,Italy,NA,Sicily,4983478,15,0,3115,283
2020-07-15,Italy,NA,Sicily,4983478,0,0,3115,283
2020-07-16,Italy,NA,Sicily,4983478,17,0,3132,283
2020-07-17,Italy,NA,Sicily,4983478,4,0,3136,283
2020-07-18,Italy,NA,Sicily,4983478,4,0,3140,283
2020-07-19,Italy,NA,Sicily,4983478,2,0,3142,283
2020-07-20,Italy,NA,Sicily,4983478,2,0,3144,283
2020-07-21,Italy,NA,Sicily,4983478,2,0,3146,283
2020-07-22,Italy,NA,Sicily,4983478,7,0,3153,283
2020-07-23,Italy,NA,Sicily,4983478,5,0,3158,283
2020-07-24,Italy,NA,Sicily,4983478,8,0,3166,283
2020-07-25,Italy,NA,Sicily,4983478,13,0,3179,283
2020-07-26,Italy,NA,Sicily,4983478,14,0,3193,283
2020-07-27,Italy,NA,Sicily,4983478,3,0,3196,283
2020-07-28,Italy,NA,Sicily,4983478,19,0,3215,283
2020-07-29,Italy,NA,Sicily,4983478,18,0,3233,283
2020-07-30,Italy,NA,Sicily,4983478,39,0,3272,283
2020-07-31,Italy,NA,Sicily,4983478,16,0,3288,283
2020-08-01,Italy,NA,Sicily,4983478,10,0,3298,283
2020-08-02,Italy,NA,Sicily,4983478,7,0,3305,283
2020-08-03,Italy,NA,Sicily,4983478,3,0,3308,283
2020-08-04,Italy,NA,Sicily,4983478,10,1,3318,284
2020-08-05,Italy,NA,Sicily,4983478,21,0,3339,284
2020-08-06,Italy,NA,Sicily,4983478,30,0,3369,284
2020-08-07,Italy,NA,Sicily,4983478,27,0,3396,284
2020-08-08,Italy,NA,Sicily,4983478,28,0,3424,284
2020-08-09,Italy,NA,Sicily,4983478,29,0,3453,284
2020-08-10,Italy,NA,Sicily,4983478,32,0,3485,284
2020-08-11,Italy,NA,Sicily,4983478,89,0,3574,284
2020-08-12,Italy,NA,Sicily,4983478,29,0,3603,284
2020-08-13,Italy,NA,Sicily,4983478,42,0,3645,284
2020-08-14,Italy,NA,Sicily,4983478,36,0,3681,284
2020-08-15,Italy,NA,Sicily,4983478,46,0,3727,284
2020-08-16,Italy,NA,Sicily,4983478,39,1,3766,285
2020-08-17,Italy,NA,Sicily,4983478,14,1,3780,286
2020-08-18,Italy,NA,Sicily,4983478,13,0,3793,286
2020-08-19,Italy,NA,Sicily,4983478,45,0,3838,286
2020-08-20,Italy,NA,Sicily,4983478,37,0,3875,286
2020-08-21,Italy,NA,Sicily,4983478,44,0,3919,286
2020-08-22,Italy,NA,Sicily,4983478,48,0,3967,286
2020-08-23,Italy,NA,Sicily,4983478,35,0,4002,286
2020-08-24,Italy,NA,Sicily,4983478,65,0,4067,286
2020-08-25,Italy,NA,Sicily,4983478,24,0,4091,286
2020-08-26,Italy,NA,Sicily,4983478,33,0,4124,286
2020-08-27,Italy,NA,Sicily,4983478,50,0,4174,286
2020-08-28,Italy,NA,Sicily,4983478,54,0,4228,286
2020-08-29,Italy,NA,Sicily,4983478,29,0,4257,286
2020-08-30,Italy,NA,Sicily,4983478,34,0,4291,286
2020-08-31,Italy,NA,Sicily,4983478,26,0,4317,286
2020-03-12,Italy,NA,South Tyrol,531178,29,1,104,1
2020-03-13,Italy,NA,South Tyrol,531178,21,1,125,2
2020-03-14,Italy,NA,South Tyrol,531178,48,1,173,3
2020-03-15,Italy,NA,South Tyrol,531178,31,2,204,5
2020-03-16,Italy,NA,South Tyrol,531178,37,1,241,6
2020-03-17,Italy,NA,South Tyrol,531178,50,2,291,8
2020-03-18,Italy,NA,South Tyrol,531178,85,1,376,9
2020-03-19,Italy,NA,South Tyrol,531178,60,5,436,14
2020-03-20,Italy,NA,South Tyrol,531178,112,3,548,17
2020-03-21,Italy,NA,South Tyrol,531178,73,3,621,20
2020-03-22,Italy,NA,South Tyrol,531178,57,3,678,23
2020-03-23,Italy,NA,South Tyrol,531178,46,6,724,29
2020-03-24,Italy,NA,South Tyrol,531178,57,9,781,38
2020-03-25,Italy,NA,South Tyrol,531178,77,5,858,43
2020-03-26,Italy,NA,South Tyrol,531178,48,5,906,48
2020-03-27,Italy,NA,South Tyrol,531178,97,12,1003,60
2020-03-28,Italy,NA,South Tyrol,531178,106,4,1109,64
2020-03-29,Italy,NA,South Tyrol,531178,105,0,1214,64
2020-03-30,Italy,NA,South Tyrol,531178,111,10,1325,74
2020-03-31,Italy,NA,South Tyrol,531178,46,2,1371,76
2020-04-01,Italy,NA,South Tyrol,531178,47,40,1418,116
2020-04-02,Italy,NA,South Tyrol,531178,61,13,1479,129
2020-04-03,Italy,NA,South Tyrol,531178,80,10,1559,139
2020-04-04,Italy,NA,South Tyrol,531178,33,7,1592,146
2020-04-05,Italy,NA,South Tyrol,531178,52,12,1644,158
2020-04-06,Italy,NA,South Tyrol,531178,78,6,1722,164
2020-04-07,Italy,NA,South Tyrol,531178,89,10,1811,174
2020-04-08,Italy,NA,South Tyrol,531178,24,9,1835,183
2020-04-09,Italy,NA,South Tyrol,531178,68,4,1903,187
2020-04-10,Italy,NA,South Tyrol,531178,52,4,1955,191
2020-04-11,Italy,NA,South Tyrol,531178,2,9,1957,200
2020-04-12,Italy,NA,South Tyrol,531178,141,5,2098,205
2020-04-13,Italy,NA,South Tyrol,531178,51,7,2149,212
2020-04-14,Italy,NA,South Tyrol,531178,35,2,2184,214
2020-04-15,Italy,NA,South Tyrol,531178,40,9,2224,223
2020-04-16,Italy,NA,South Tyrol,531178,43,2,2267,225
2020-04-17,Italy,NA,South Tyrol,531178,29,9,2296,234
2020-04-18,Italy,NA,South Tyrol,531178,29,5,2325,239
2020-04-19,Italy,NA,South Tyrol,531178,55,6,2380,245
2020-04-20,Italy,NA,South Tyrol,531178,14,4,2394,249
2020-04-21,Italy,NA,South Tyrol,531178,16,2,2410,251
2020-04-22,Italy,NA,South Tyrol,531178,6,5,2416,256
2020-04-23,Italy,NA,South Tyrol,531178,19,5,2435,261
2020-04-24,Italy,NA,South Tyrol,531178,21,2,2456,263
2020-04-25,Italy,NA,South Tyrol,531178,20,2,2476,265
2020-04-26,Italy,NA,South Tyrol,531178,5,4,2481,269
2020-04-27,Italy,NA,South Tyrol,531178,15,1,2496,270
2020-04-28,Italy,NA,South Tyrol,531178,2,2,2498,272
2020-04-29,Italy,NA,South Tyrol,531178,9,2,2507,274
2020-04-30,Italy,NA,South Tyrol,531178,11,1,2518,275
2020-05-01,Italy,NA,South Tyrol,531178,10,3,2528,278
2020-05-02,Italy,NA,South Tyrol,531178,7,1,2535,279
2020-05-03,Italy,NA,South Tyrol,531178,1,2,2536,281
2020-05-04,Italy,NA,South Tyrol,531178,5,3,2541,284
2020-05-05,Italy,NA,South Tyrol,531178,1,2,2542,286
2020-05-06,Italy,NA,South Tyrol,531178,1,0,2543,286
2020-05-07,Italy,NA,South Tyrol,531178,9,0,2552,286
2020-05-08,Italy,NA,South Tyrol,531178,6,3,2558,289
2020-05-09,Italy,NA,South Tyrol,531178,9,1,2567,290
2020-05-10,Italy,NA,South Tyrol,531178,2,0,2569,290
2020-05-11,Italy,NA,South Tyrol,531178,3,0,2572,290
2020-05-12,Italy,NA,South Tyrol,531178,0,0,2572,290
2020-05-13,Italy,NA,South Tyrol,531178,3,0,2575,290
2020-05-14,Italy,NA,South Tyrol,531178,3,0,2578,290
2020-05-15,Italy,NA,South Tyrol,531178,0,0,2578,290
2020-05-16,Italy,NA,South Tyrol,531178,0,0,2578,290
2020-05-17,Italy,NA,South Tyrol,531178,3,0,2581,290
2020-05-18,Italy,NA,South Tyrol,531178,1,1,2582,291
2020-05-19,Italy,NA,South Tyrol,531178,5,0,2587,291
2020-05-20,Italy,NA,South Tyrol,531178,0,0,2587,291
2020-05-21,Italy,NA,South Tyrol,531178,0,0,2587,291
2020-05-22,Italy,NA,South Tyrol,531178,3,0,2590,291
2020-05-23,Italy,NA,South Tyrol,531178,0,0,2590,291
2020-05-24,Italy,NA,South Tyrol,531178,3,0,2593,291
2020-05-25,Italy,NA,South Tyrol,531178,0,0,2593,291
2020-05-26,Italy,NA,South Tyrol,531178,0,0,2593,291
2020-05-27,Italy,NA,South Tyrol,531178,0,0,2593,291
2020-05-28,Italy,NA,South Tyrol,531178,2,0,2595,291
2020-05-29,Italy,NA,South Tyrol,531178,0,0,2595,291
2020-05-30,Italy,NA,South Tyrol,531178,1,0,2596,291
2020-05-31,Italy,NA,South Tyrol,531178,1,0,2597,291
2020-06-01,Italy,NA,South Tyrol,531178,1,0,2598,291
2020-06-02,Italy,NA,South Tyrol,531178,0,0,2598,291
2020-06-03,Italy,NA,South Tyrol,531178,0,0,2598,291
2020-06-04,Italy,NA,South Tyrol,531178,0,1,2598,292
2020-06-05,Italy,NA,South Tyrol,531178,1,0,2599,292
2020-06-06,Italy,NA,South Tyrol,531178,1,0,2600,292
2020-06-07,Italy,NA,South Tyrol,531178,3,0,2603,292
2020-06-08,Italy,NA,South Tyrol,531178,1,0,2604,292
2020-06-09,Italy,NA,South Tyrol,531178,0,0,2604,292
2020-06-10,Italy,NA,South Tyrol,531178,0,0,2604,292
2020-06-11,Italy,NA,South Tyrol,531178,2,0,2606,292
2020-06-12,Italy,NA,South Tyrol,531178,2,0,2608,291
2020-06-13,Italy,NA,South Tyrol,531178,2,0,2610,291
2020-06-14,Italy,NA,South Tyrol,531178,3,0,2613,291
2020-06-15,Italy,NA,South Tyrol,531178,0,1,2611,292
2020-06-16,Italy,NA,South Tyrol,531178,0,0,2611,292
2020-06-17,Italy,NA,South Tyrol,531178,0,0,2611,292
2020-06-18,Italy,NA,South Tyrol,531178,2,0,2613,292
2020-06-19,Italy,NA,South Tyrol,531178,2,0,2615,292
2020-06-20,Italy,NA,South Tyrol,531178,0,0,2618,292
2020-06-21,Italy,NA,South Tyrol,531178,4,0,2622,292
2020-06-22,Italy,NA,South Tyrol,531178,11,0,2633,292
2020-06-23,Italy,NA,South Tyrol,531178,0,0,2633,292
2020-06-24,Italy,NA,South Tyrol,531178,1,0,2634,292
2020-06-25,Italy,NA,South Tyrol,531178,0,0,2634,292
2020-06-26,Italy,NA,South Tyrol,531178,0,0,2634,292
2020-06-27,Italy,NA,South Tyrol,531178,2,0,2636,292
2020-06-28,Italy,NA,South Tyrol,531178,1,0,2637,292
2020-06-29,Italy,NA,South Tyrol,531178,2,0,2639,292
2020-06-30,Italy,NA,South Tyrol,531178,0,0,2639,292
2020-07-01,Italy,NA,South Tyrol,531178,3,0,2642,292
2020-07-02,Italy,NA,South Tyrol,531178,0,0,2642,292
2020-07-03,Italy,NA,South Tyrol,531178,0,0,2642,292
2020-07-04,Italy,NA,South Tyrol,531178,3,0,2645,292
2020-07-05,Italy,NA,South Tyrol,531178,2,0,2647,292
2020-07-06,Italy,NA,South Tyrol,531178,0,0,2647,292
2020-07-07,Italy,NA,South Tyrol,531178,1,0,2648,292
2020-07-08,Italy,NA,South Tyrol,531178,2,0,2650,292
2020-07-09,Italy,NA,South Tyrol,531178,3,0,2653,292
2020-07-10,Italy,NA,South Tyrol,531178,5,0,2658,292
2020-07-11,Italy,NA,South Tyrol,531178,3,0,2661,292
2020-07-12,Italy,NA,South Tyrol,531178,5,0,2666,292
2020-07-13,Italy,NA,South Tyrol,531178,7,0,2673,292
2020-07-14,Italy,NA,South Tyrol,531178,1,0,2674,292
2020-07-15,Italy,NA,South Tyrol,531178,3,0,2677,292
2020-07-16,Italy,NA,South Tyrol,531178,1,0,2678,292
2020-07-17,Italy,NA,South Tyrol,531178,4,0,2682,292
2020-07-18,Italy,NA,South Tyrol,531178,1,0,2683,292
2020-07-19,Italy,NA,South Tyrol,531178,1,0,2684,292
2020-07-20,Italy,NA,South Tyrol,531178,0,0,2684,292
2020-07-21,Italy,NA,South Tyrol,531178,1,0,2685,292
2020-07-22,Italy,NA,South Tyrol,531178,0,0,2685,292
2020-07-23,Italy,NA,South Tyrol,531178,1,0,2686,292
2020-07-24,Italy,NA,South Tyrol,531178,1,0,2687,292
2020-07-25,Italy,NA,South Tyrol,531178,6,0,2693,292
2020-07-26,Italy,NA,South Tyrol,531178,5,0,2698,292
2020-07-27,Italy,NA,South Tyrol,531178,2,0,2700,292
2020-07-28,Italy,NA,South Tyrol,531178,2,0,2692,292
2020-07-29,Italy,NA,South Tyrol,531178,5,0,2696,292
2020-07-30,Italy,NA,South Tyrol,531178,6,0,2702,292
2020-07-31,Italy,NA,South Tyrol,531178,15,0,2717,292
2020-08-01,Italy,NA,South Tyrol,531178,8,0,2725,292
2020-08-02,Italy,NA,South Tyrol,531178,3,0,2728,292
2020-08-03,Italy,NA,South Tyrol,531178,6,0,2734,292
2020-08-04,Italy,NA,South Tyrol,531178,6,0,2740,292
2020-08-05,Italy,NA,South Tyrol,531178,5,0,2745,292
2020-08-06,Italy,NA,South Tyrol,531178,12,0,2757,292
2020-08-07,Italy,NA,South Tyrol,531178,4,0,2761,292
2020-08-08,Italy,NA,South Tyrol,531178,5,0,2766,292
2020-08-09,Italy,NA,South Tyrol,531178,7,0,2773,292
2020-08-10,Italy,NA,South Tyrol,531178,1,0,2774,292
2020-08-11,Italy,NA,South Tyrol,531178,1,0,2775,292
2020-08-12,Italy,NA,South Tyrol,531178,4,0,2779,292
2020-08-13,Italy,NA,South Tyrol,531178,3,0,2781,292
2020-08-14,Italy,NA,South Tyrol,531178,3,0,2784,292
2020-08-15,Italy,NA,South Tyrol,531178,9,0,2793,292
2020-08-16,Italy,NA,South Tyrol,531178,9,0,2802,292
2020-08-17,Italy,NA,South Tyrol,531178,2,0,2804,292
2020-08-18,Italy,NA,South Tyrol,531178,0,0,2804,292
2020-08-19,Italy,NA,South Tyrol,531178,7,0,2811,292
2020-08-20,Italy,NA,South Tyrol,531178,21,0,2832,292
2020-08-21,Italy,NA,South Tyrol,531178,5,0,2837,292
2020-08-22,Italy,NA,South Tyrol,531178,19,0,2856,292
2020-08-23,Italy,NA,South Tyrol,531178,13,0,2869,292
2020-08-24,Italy,NA,South Tyrol,531178,15,0,2884,292
2020-08-25,Italy,NA,South Tyrol,531178,9,0,2893,292
2020-08-26,Italy,NA,South Tyrol,531178,5,0,2898,292
2020-08-27,Italy,NA,South Tyrol,531178,9,0,2907,292
2020-08-28,Italy,NA,South Tyrol,531178,8,0,2915,292
2020-08-29,Italy,NA,South Tyrol,531178,9,0,2924,292
2020-08-30,Italy,NA,South Tyrol,531178,8,0,2932,292
2020-08-31,Italy,NA,South Tyrol,531178,3,0,2935,292
2020-03-12,Italy,NA,Trentino-Alto Adige,541098,30,1,107,1
2020-03-13,Italy,NA,Trentino-Alto Adige,541098,56,1,163,2
2020-03-14,Italy,NA,Trentino-Alto Adige,541098,43,0,206,2
2020-03-15,Italy,NA,Trentino-Alto Adige,541098,172,4,378,6
2020-03-16,Italy,NA,Trentino-Alto Adige,541098,0,0,378,6
2020-03-17,Italy,NA,Trentino-Alto Adige,541098,7,1,385,7
2020-03-18,Italy,NA,Trentino-Alto Adige,541098,70,0,455,7
2020-03-19,Italy,NA,Trentino-Alto Adige,541098,68,5,523,12
2020-03-20,Italy,NA,Trentino-Alto Adige,541098,119,1,642,13
2020-03-21,Italy,NA,Trentino-Alto Adige,541098,140,15,782,28
2020-03-22,Italy,NA,Trentino-Alto Adige,541098,172,7,954,35
2020-03-23,Italy,NA,Trentino-Alto Adige,541098,69,6,1023,41
2020-03-24,Italy,NA,Trentino-Alto Adige,541098,87,15,1110,56
2020-03-25,Italy,NA,Trentino-Alto Adige,541098,112,18,1222,74
2020-03-26,Italy,NA,Trentino-Alto Adige,541098,75,12,1297,86
2020-03-27,Italy,NA,Trentino-Alto Adige,541098,94,16,1391,102
2020-03-28,Italy,NA,Trentino-Alto Adige,541098,114,18,1505,120
2020-03-29,Italy,NA,Trentino-Alto Adige,541098,89,9,1594,129
2020-03-30,Italy,NA,Trentino-Alto Adige,541098,88,18,1682,147
2020-03-31,Italy,NA,Trentino-Alto Adige,541098,64,17,1746,164
2020-04-01,Italy,NA,Trentino-Alto Adige,541098,124,9,1870,173
2020-04-02,Italy,NA,Trentino-Alto Adige,541098,133,14,2003,187
2020-04-03,Italy,NA,Trentino-Alto Adige,541098,106,17,2109,204
2020-04-04,Italy,NA,Trentino-Alto Adige,541098,111,6,2220,210
2020-04-05,Italy,NA,Trentino-Alto Adige,541098,65,7,2285,217
2020-04-06,Italy,NA,Trentino-Alto Adige,541098,63,13,2348,230
2020-04-07,Italy,NA,Trentino-Alto Adige,541098,128,14,2476,244
2020-04-08,Italy,NA,Trentino-Alto Adige,541098,126,11,2602,255
2020-04-09,Italy,NA,Trentino-Alto Adige,541098,106,13,2708,268
2020-04-10,Italy,NA,Trentino-Alto Adige,541098,108,7,2816,275
2020-04-11,Italy,NA,Trentino-Alto Adige,541098,154,9,2970,284
2020-04-12,Italy,NA,Trentino-Alto Adige,541098,83,9,3053,293
2020-04-13,Italy,NA,Trentino-Alto Adige,541098,73,7,3126,300
2020-04-14,Italy,NA,Trentino-Alto Adige,541098,15,10,3141,310
2020-04-15,Italy,NA,Trentino-Alto Adige,541098,79,8,3220,318
2020-04-16,Italy,NA,Trentino-Alto Adige,541098,74,4,3294,322
2020-04-17,Italy,NA,Trentino-Alto Adige,541098,82,20,3376,342
2020-04-18,Italy,NA,Trentino-Alto Adige,541098,55,6,3431,348
2020-04-19,Italy,NA,Trentino-Alto Adige,541098,101,12,3532,360
2020-04-20,Italy,NA,Trentino-Alto Adige,541098,58,6,3590,366
2020-04-21,Italy,NA,Trentino-Alto Adige,541098,24,10,3614,376
2020-04-22,Italy,NA,Trentino-Alto Adige,541098,32,5,3646,381
2020-04-23,Italy,NA,Trentino-Alto Adige,541098,81,1,3727,382
2020-04-24,Italy,NA,Trentino-Alto Adige,541098,49,7,3776,389
2020-04-25,Italy,NA,Trentino-Alto Adige,541098,62,11,3838,400
2020-04-26,Italy,NA,Trentino-Alto Adige,541098,56,5,3894,405
2020-04-27,Italy,NA,Trentino-Alto Adige,541098,101,2,3995,407
2020-04-28,Italy,NA,Trentino-Alto Adige,541098,30,5,4025,412
2020-04-29,Italy,NA,Trentino-Alto Adige,541098,44,4,4069,416
2020-04-30,Italy,NA,Trentino-Alto Adige,541098,47,2,4116,418
2020-05-01,Italy,NA,Trentino-Alto Adige,541098,16,5,4132,423
2020-05-02,Italy,NA,Trentino-Alto Adige,541098,49,2,4181,425
2020-05-03,Italy,NA,Trentino-Alto Adige,541098,66,4,4247,429
2020-05-04,Italy,NA,Trentino-Alto Adige,541098,11,1,4258,430
2020-05-05,Italy,NA,Trentino-Alto Adige,541098,3,3,4261,433
2020-05-06,Italy,NA,Trentino-Alto Adige,541098,19,4,4280,437
2020-05-07,Italy,NA,Trentino-Alto Adige,541098,3,1,4283,438
2020-05-08,Italy,NA,Trentino-Alto Adige,541098,2,0,4285,438
2020-05-09,Italy,NA,Trentino-Alto Adige,541098,7,0,4292,438
2020-05-10,Italy,NA,Trentino-Alto Adige,541098,3,3,4295,441
2020-05-11,Italy,NA,Trentino-Alto Adige,541098,2,2,4297,443
2020-05-12,Italy,NA,Trentino-Alto Adige,541098,6,2,4303,445
2020-05-13,Italy,NA,Trentino-Alto Adige,541098,9,1,4312,446
2020-05-14,Italy,NA,Trentino-Alto Adige,541098,3,2,4315,448
2020-05-15,Italy,NA,Trentino-Alto Adige,541098,3,3,4318,451
2020-05-16,Italy,NA,Trentino-Alto Adige,541098,8,2,4326,453
2020-05-17,Italy,NA,Trentino-Alto Adige,541098,12,0,4338,453
2020-05-18,Italy,NA,Trentino-Alto Adige,541098,13,0,4351,453
2020-05-19,Italy,NA,Trentino-Alto Adige,541098,7,2,4358,455
2020-05-20,Italy,NA,Trentino-Alto Adige,541098,10,0,4368,455
2020-05-21,Italy,NA,Trentino-Alto Adige,541098,10,0,4378,455
2020-05-22,Italy,NA,Trentino-Alto Adige,541098,10,0,4388,455
2020-05-23,Italy,NA,Trentino-Alto Adige,541098,7,1,4395,456
2020-05-24,Italy,NA,Trentino-Alto Adige,541098,9,1,4404,457
2020-05-25,Italy,NA,Trentino-Alto Adige,541098,1,1,4405,458
2020-05-26,Italy,NA,Trentino-Alto Adige,541098,10,3,4415,461
2020-05-27,Italy,NA,Trentino-Alto Adige,541098,7,1,4422,462
2020-05-28,Italy,NA,Trentino-Alto Adige,541098,3,0,4425,462
2020-05-29,Italy,NA,Trentino-Alto Adige,541098,3,0,4428,462
2020-05-30,Italy,NA,Trentino-Alto Adige,541098,1,0,4429,462
2020-05-31,Italy,NA,Trentino-Alto Adige,541098,1,0,4430,462
2020-06-01,Italy,NA,Trentino-Alto Adige,541098,2,0,4432,462
2020-06-02,Italy,NA,Trentino-Alto Adige,541098,0,1,4432,463
2020-06-03,Italy,NA,Trentino-Alto Adige,541098,1,0,4433,463
2020-06-04,Italy,NA,Trentino-Alto Adige,541098,0,1,4433,464
2020-06-05,Italy,NA,Trentino-Alto Adige,541098,0,0,4433,464
2020-06-06,Italy,NA,Trentino-Alto Adige,541098,1,0,4434,464
2020-06-07,Italy,NA,Trentino-Alto Adige,541098,1,0,4435,464
2020-06-08,Italy,NA,Trentino-Alto Adige,541098,1,0,4436,464
2020-06-09,Italy,NA,Trentino-Alto Adige,541098,3,0,4439,464
2020-06-10,Italy,NA,Trentino-Alto Adige,541098,0,0,4439,464
2020-06-11,Italy,NA,Trentino-Alto Adige,541098,2,0,4441,464
2020-06-12,Italy,NA,Trentino-Alto Adige,541098,2,0,4443,464
2020-06-13,Italy,NA,Trentino-Alto Adige,541098,3,0,4446,464
2020-06-14,Italy,NA,Trentino-Alto Adige,541098,1,0,4447,464
2020-06-15,Italy,NA,Trentino-Alto Adige,541098,1,1,4448,465
2020-06-16,Italy,NA,Trentino-Alto Adige,541098,0,0,4448,465
2020-06-17,Italy,NA,Trentino-Alto Adige,541098,1,0,4449,465
2020-06-18,Italy,NA,Trentino-Alto Adige,541098,8,0,4457,465
2020-06-19,Italy,NA,Trentino-Alto Adige,541098,1,1,4458,466
2020-06-20,Italy,NA,Trentino-Alto Adige,541098,0,0,4458,466
2020-06-21,Italy,NA,Trentino-Alto Adige,541098,5,0,4463,466
2020-06-22,Italy,NA,Trentino-Alto Adige,541098,1,0,4464,466
2020-06-23,Italy,NA,Trentino-Alto Adige,541098,1,0,4465,466
2020-06-24,Italy,NA,Trentino-Alto Adige,541098,0,0,4852,405
2020-06-25,Italy,NA,Trentino-Alto Adige,541098,3,0,4855,405
2020-06-26,Italy,NA,Trentino-Alto Adige,541098,4,0,4859,405
2020-06-27,Italy,NA,Trentino-Alto Adige,541098,1,0,4860,405
2020-06-28,Italy,NA,Trentino-Alto Adige,541098,3,0,4863,405
2020-06-29,Italy,NA,Trentino-Alto Adige,541098,0,0,4863,405
2020-06-30,Italy,NA,Trentino-Alto Adige,541098,0,0,4863,405
2020-07-01,Italy,NA,Trentino-Alto Adige,541098,1,0,4864,405
2020-07-02,Italy,NA,Trentino-Alto Adige,541098,1,0,4865,405
2020-07-03,Italy,NA,Trentino-Alto Adige,541098,6,0,4871,405
2020-07-04,Italy,NA,Trentino-Alto Adige,541098,2,0,4873,405
2020-07-05,Italy,NA,Trentino-Alto Adige,541098,0,0,4873,405
2020-07-06,Italy,NA,Trentino-Alto Adige,541098,0,0,4873,405
2020-07-07,Italy,NA,Trentino-Alto Adige,541098,3,0,4876,405
2020-07-08,Italy,NA,Trentino-Alto Adige,541098,0,0,4876,405
2020-07-09,Italy,NA,Trentino-Alto Adige,541098,0,0,4876,405
2020-07-10,Italy,NA,Trentino-Alto Adige,541098,3,0,4879,405
2020-07-11,Italy,NA,Trentino-Alto Adige,541098,2,0,4881,405
2020-07-12,Italy,NA,Trentino-Alto Adige,541098,0,0,4881,405
2020-07-13,Italy,NA,Trentino-Alto Adige,541098,0,0,4881,405
2020-07-14,Italy,NA,Trentino-Alto Adige,541098,0,0,4881,405
2020-07-15,Italy,NA,Trentino-Alto Adige,541098,0,0,4881,405
2020-07-16,Italy,NA,Trentino-Alto Adige,541098,0,0,4881,405
2020-07-17,Italy,NA,Trentino-Alto Adige,541098,0,0,4881,405
2020-07-18,Italy,NA,Trentino-Alto Adige,541098,3,0,4884,405
2020-07-19,Italy,NA,Trentino-Alto Adige,541098,1,0,4885,405
2020-07-20,Italy,NA,Trentino-Alto Adige,541098,4,0,4889,405
2020-07-21,Italy,NA,Trentino-Alto Adige,541098,2,0,4891,405
2020-07-22,Italy,NA,Trentino-Alto Adige,541098,20,0,4911,405
2020-07-23,Italy,NA,Trentino-Alto Adige,541098,30,0,4941,405
2020-07-24,Italy,NA,Trentino-Alto Adige,541098,16,0,4957,405
2020-07-25,Italy,NA,Trentino-Alto Adige,541098,2,0,4959,405
2020-07-26,Italy,NA,Trentino-Alto Adige,541098,6,0,4965,405
2020-07-27,Italy,NA,Trentino-Alto Adige,541098,1,0,4966,405
2020-07-28,Italy,NA,Trentino-Alto Adige,541098,0,0,4966,405
2020-07-29,Italy,NA,Trentino-Alto Adige,541098,4,0,4970,405
2020-07-30,Italy,NA,Trentino-Alto Adige,541098,3,0,4973,405
2020-07-31,Italy,NA,Trentino-Alto Adige,541098,2,0,4975,405
2020-08-01,Italy,NA,Trentino-Alto Adige,541098,0,0,4975,405
2020-08-02,Italy,NA,Trentino-Alto Adige,541098,4,0,4979,405
2020-08-03,Italy,NA,Trentino-Alto Adige,541098,2,0,4981,405
2020-08-04,Italy,NA,Trentino-Alto Adige,541098,2,0,4983,405
2020-08-05,Italy,NA,Trentino-Alto Adige,541098,1,0,4984,405
2020-08-06,Italy,NA,Trentino-Alto Adige,541098,4,0,4988,405
2020-08-07,Italy,NA,Trentino-Alto Adige,541098,4,0,4992,405
2020-08-08,Italy,NA,Trentino-Alto Adige,541098,1,0,4993,405
2020-08-09,Italy,NA,Trentino-Alto Adige,541098,2,0,4995,405
2020-08-10,Italy,NA,Trentino-Alto Adige,541098,1,0,4996,405
2020-08-11,Italy,NA,Trentino-Alto Adige,541098,2,0,4998,405
2020-08-12,Italy,NA,Trentino-Alto Adige,541098,0,0,4998,405
2020-08-13,Italy,NA,Trentino-Alto Adige,541098,2,0,5000,405
2020-08-14,Italy,NA,Trentino-Alto Adige,541098,3,0,5003,405
2020-08-15,Italy,NA,Trentino-Alto Adige,541098,0,0,5003,405
2020-08-16,Italy,NA,Trentino-Alto Adige,541098,0,0,5003,405
2020-08-17,Italy,NA,Trentino-Alto Adige,541098,1,0,5004,405
2020-08-18,Italy,NA,Trentino-Alto Adige,541098,2,0,5006,405
2020-08-19,Italy,NA,Trentino-Alto Adige,541098,2,0,5008,405
2020-08-20,Italy,NA,Trentino-Alto Adige,541098,4,0,5012,405
2020-08-21,Italy,NA,Trentino-Alto Adige,541098,4,0,5016,405
2020-08-22,Italy,NA,Trentino-Alto Adige,541098,9,0,5025,405
2020-08-23,Italy,NA,Trentino-Alto Adige,541098,3,0,5028,405
2020-08-24,Italy,NA,Trentino-Alto Adige,541098,1,0,5029,405
2020-08-25,Italy,NA,Trentino-Alto Adige,541098,3,0,5032,405
2020-08-26,Italy,NA,Trentino-Alto Adige,541098,7,0,5039,405
2020-08-27,Italy,NA,Trentino-Alto Adige,541098,15,0,5054,405
2020-08-28,Italy,NA,Trentino-Alto Adige,541098,16,0,5070,405
2020-08-29,Italy,NA,Trentino-Alto Adige,541098,14,0,5084,405
2020-08-30,Italy,NA,Trentino-Alto Adige,541098,8,0,5092,405
2020-08-31,Italy,NA,Trentino-Alto Adige,541098,4,0,5096,405
2020-03-07,Italy,NA,Tuscany,3745983,34,0,113,0
2020-03-08,Italy,NA,Tuscany,3745983,53,0,166,0
2020-03-09,Italy,NA,Tuscany,3745983,42,1,208,1
2020-03-10,Italy,NA,Tuscany,3745983,56,0,264,1
2020-03-11,Italy,NA,Tuscany,3745983,56,0,320,1
2020-03-12,Italy,NA,Tuscany,3745983,44,4,364,5
2020-03-13,Italy,NA,Tuscany,3745983,106,0,470,5
2020-03-14,Italy,NA,Tuscany,3745983,160,1,630,6
2020-03-15,Italy,NA,Tuscany,3745983,151,2,781,8
2020-03-16,Italy,NA,Tuscany,3745983,85,6,866,14
2020-03-17,Italy,NA,Tuscany,3745983,187,3,1053,17
2020-03-18,Italy,NA,Tuscany,3745983,277,5,1330,22
2020-03-19,Italy,NA,Tuscany,3745983,152,16,1482,38
2020-03-20,Italy,NA,Tuscany,3745983,311,9,1793,47
2020-03-21,Italy,NA,Tuscany,3745983,219,25,2012,72
2020-03-22,Italy,NA,Tuscany,3745983,265,19,2277,91
2020-03-23,Italy,NA,Tuscany,3745983,184,18,2461,109
2020-03-24,Italy,NA,Tuscany,3745983,238,20,2699,129
2020-03-25,Italy,NA,Tuscany,3745983,273,13,2972,142
2020-03-26,Italy,NA,Tuscany,3745983,254,16,3226,158
2020-03-27,Italy,NA,Tuscany,3745983,224,19,3450,177
2020-03-28,Italy,NA,Tuscany,3745983,367,21,3817,198
2020-03-29,Italy,NA,Tuscany,3745983,305,17,4122,215
2020-03-30,Italy,NA,Tuscany,3745983,290,16,4412,231
2020-03-31,Italy,NA,Tuscany,3745983,196,13,4608,244
2020-04-01,Italy,NA,Tuscany,3745983,259,9,4867,253
2020-04-02,Italy,NA,Tuscany,3745983,406,15,5273,268
2020-04-03,Italy,NA,Tuscany,3745983,226,22,5499,290
2020-04-04,Italy,NA,Tuscany,3745983,172,17,5671,307
2020-04-05,Italy,NA,Tuscany,3745983,176,18,5847,325
2020-04-06,Italy,NA,Tuscany,3745983,154,25,6001,350
2020-04-07,Italy,NA,Tuscany,3745983,172,19,6173,369
2020-04-08,Italy,NA,Tuscany,3745983,206,23,6379,392
2020-04-09,Italy,NA,Tuscany,3745983,173,16,6552,408
2020-04-10,Italy,NA,Tuscany,3745983,175,46,6727,454
2020-04-11,Italy,NA,Tuscany,3745983,231,13,6958,467
2020-04-12,Italy,NA,Tuscany,3745983,277,28,7235,495
2020-04-13,Italy,NA,Tuscany,3745983,155,23,7390,518
2020-04-14,Italy,NA,Tuscany,3745983,137,20,7527,538
2020-04-15,Italy,NA,Tuscany,3745983,139,18,7666,556
2020-04-16,Italy,NA,Tuscany,3745983,277,29,7943,585
2020-04-17,Italy,NA,Tuscany,3745983,167,17,8110,602
2020-04-18,Italy,NA,Tuscany,3745983,127,16,8237,618
2020-04-19,Italy,NA,Tuscany,3745983,135,19,8372,637
2020-04-20,Italy,NA,Tuscany,3745983,135,30,8507,667
2020-04-21,Italy,NA,Tuscany,3745983,96,19,8603,686
2020-04-22,Italy,NA,Tuscany,3745983,97,19,8700,705
2020-04-23,Italy,NA,Tuscany,3745983,80,18,8780,723
2020-04-24,Italy,NA,Tuscany,3745983,97,19,8877,742
2020-04-25,Italy,NA,Tuscany,3745983,138,18,9015,760
2020-04-26,Italy,NA,Tuscany,3745983,132,18,9147,778
2020-04-27,Italy,NA,Tuscany,3745983,32,17,9179,795
2020-04-28,Italy,NA,Tuscany,3745983,52,16,9231,811
2020-04-29,Italy,NA,Tuscany,3745983,61,16,9292,827
2020-04-30,Italy,NA,Tuscany,3745983,60,15,9352,842
2020-05-01,Italy,NA,Tuscany,3745983,93,12,9445,854
2020-05-02,Italy,NA,Tuscany,3745983,80,9,9525,863
2020-05-03,Italy,NA,Tuscany,3745983,38,9,9563,872
2020-05-04,Italy,NA,Tuscany,3745983,38,9,9601,881
2020-05-05,Italy,NA,Tuscany,3745983,30,8,9631,889
2020-05-06,Italy,NA,Tuscany,3745983,26,10,9657,899
2020-05-07,Italy,NA,Tuscany,3745983,26,16,9683,915
2020-05-08,Italy,NA,Tuscany,3745983,38,15,9721,930
2020-05-09,Italy,NA,Tuscany,3745983,24,7,9745,937
2020-05-10,Italy,NA,Tuscany,3745983,29,5,9774,942
2020-05-11,Italy,NA,Tuscany,3745983,13,8,9787,950
2020-05-12,Italy,NA,Tuscany,3745983,15,9,9802,959
2020-05-13,Italy,NA,Tuscany,3745983,27,5,9829,964
2020-05-14,Italy,NA,Tuscany,3745983,30,9,9859,973
2020-05-15,Italy,NA,Tuscany,3745983,24,3,9883,976
2020-05-16,Italy,NA,Tuscany,3745983,30,3,9913,979
2020-05-17,Italy,NA,Tuscany,3745983,35,5,9948,984
2020-05-18,Italy,NA,Tuscany,3745983,13,5,9961,989
2020-05-19,Italy,NA,Tuscany,3745983,7,3,9968,992
2020-05-20,Italy,NA,Tuscany,3745983,14,6,9982,998
2020-05-21,Italy,NA,Tuscany,3745983,18,6,10000,1004
2020-05-22,Italy,NA,Tuscany,3745983,35,5,10035,1009
2020-05-23,Italy,NA,Tuscany,3745983,12,2,10047,1011
2020-05-24,Italy,NA,Tuscany,3745983,15,2,10062,1013
2020-05-25,Italy,NA,Tuscany,3745983,5,2,10067,1015
2020-05-26,Italy,NA,Tuscany,3745983,3,6,10070,1021
2020-05-27,Italy,NA,Tuscany,3745983,12,6,10082,1027
2020-05-28,Italy,NA,Tuscany,3745983,4,2,10086,1029
2020-05-29,Italy,NA,Tuscany,3745983,2,2,10088,1031
2020-05-30,Italy,NA,Tuscany,3745983,12,6,10100,1037
2020-05-31,Italy,NA,Tuscany,3745983,4,4,10104,1041
2020-06-01,Italy,NA,Tuscany,3745983,3,7,10107,1048
2020-06-02,Italy,NA,Tuscany,3745983,10,5,10117,1053
2020-06-03,Italy,NA,Tuscany,3745983,4,2,10121,1055
2020-06-04,Italy,NA,Tuscany,3745983,1,4,10122,1059
2020-06-05,Italy,NA,Tuscany,3745983,7,4,10129,1063
2020-06-06,Italy,NA,Tuscany,3745983,5,5,10134,1068
2020-06-07,Italy,NA,Tuscany,3745983,1,2,10135,1070
2020-06-08,Italy,NA,Tuscany,3745983,9,4,10144,1074
2020-06-09,Italy,NA,Tuscany,3745983,1,3,10145,1077
2020-06-10,Italy,NA,Tuscany,3745983,3,1,10148,1078
2020-06-11,Italy,NA,Tuscany,3745983,10,1,10158,1079
2020-06-12,Italy,NA,Tuscany,3745983,7,1,10165,1080
2020-06-13,Italy,NA,Tuscany,3745983,7,2,10172,1082
2020-06-14,Italy,NA,Tuscany,3745983,8,3,10180,1085
2020-06-15,Italy,NA,Tuscany,3745983,8,3,10188,1088
2020-06-16,Italy,NA,Tuscany,3745983,3,3,10191,1091
2020-06-17,Italy,NA,Tuscany,3745983,2,1,10193,1092
2020-06-18,Italy,NA,Tuscany,3745983,2,1,10195,1093
2020-06-19,Italy,NA,Tuscany,3745983,10,2,10205,1095
2020-06-20,Italy,NA,Tuscany,3745983,2,0,10207,1095
2020-06-21,Italy,NA,Tuscany,3745983,3,0,10210,1095
2020-06-22,Italy,NA,Tuscany,3745983,1,4,10211,1099
2020-06-23,Italy,NA,Tuscany,3745983,6,1,10217,1100
2020-06-24,Italy,NA,Tuscany,3745983,5,1,10222,1101
2020-06-25,Italy,NA,Tuscany,3745983,2,0,10224,1101
2020-06-26,Italy,NA,Tuscany,3745983,2,2,10226,1103
2020-06-27,Italy,NA,Tuscany,3745983,12,0,10238,1103
2020-06-28,Italy,NA,Tuscany,3745983,5,0,10243,1103
2020-06-29,Italy,NA,Tuscany,3745983,5,1,10248,1104
2020-06-30,Italy,NA,Tuscany,3745983,2,0,10250,1104
2020-07-01,Italy,NA,Tuscany,3745983,4,2,10254,1106
2020-07-02,Italy,NA,Tuscany,3745983,4,3,10258,1109
2020-07-03,Italy,NA,Tuscany,3745983,9,3,10267,1112
2020-07-04,Italy,NA,Tuscany,3745983,9,2,10276,1114
2020-07-05,Italy,NA,Tuscany,3745983,9,0,10285,1114
2020-07-06,Italy,NA,Tuscany,3745983,2,0,10287,1114
2020-07-07,Italy,NA,Tuscany,3745983,19,2,10306,1116
2020-07-08,Italy,NA,Tuscany,3745983,7,2,10313,1118
2020-07-09,Italy,NA,Tuscany,3745983,1,2,10314,1120
2020-07-10,Italy,NA,Tuscany,3745983,2,1,10316,1121
2020-07-11,Italy,NA,Tuscany,3745983,5,1,10321,1122
2020-07-12,Italy,NA,Tuscany,3745983,1,0,10322,1122
2020-07-13,Italy,NA,Tuscany,3745983,4,0,10326,1122
2020-07-14,Italy,NA,Tuscany,3745983,4,3,10330,1125
2020-07-15,Italy,NA,Tuscany,3745983,8,2,10338,1127
2020-07-16,Italy,NA,Tuscany,3745983,12,0,10350,1127
2020-07-17,Italy,NA,Tuscany,3745983,6,2,10356,1129
2020-07-18,Italy,NA,Tuscany,3745983,2,0,10358,1129
2020-07-19,Italy,NA,Tuscany,3745983,16,0,10374,1129
2020-07-20,Italy,NA,Tuscany,3745983,1,1,10375,1130
2020-07-21,Italy,NA,Tuscany,3745983,9,1,10384,1131
2020-07-22,Italy,NA,Tuscany,3745983,6,0,10390,1131
2020-07-23,Italy,NA,Tuscany,3745983,4,0,10394,1131
2020-07-24,Italy,NA,Tuscany,3745983,11,0,10405,1131
2020-07-25,Italy,NA,Tuscany,3745983,10,0,10415,1131
2020-07-26,Italy,NA,Tuscany,3745983,15,0,10430,1131
2020-07-27,Italy,NA,Tuscany,3745983,8,0,10438,1131
2020-07-28,Italy,NA,Tuscany,3745983,3,3,10441,1134
2020-07-29,Italy,NA,Tuscany,3745983,17,0,10458,1134
2020-07-30,Italy,NA,Tuscany,3745983,11,0,10469,1134
2020-07-31,Italy,NA,Tuscany,3745983,14,0,10483,1134
2020-08-01,Italy,NA,Tuscany,3745983,6,1,10489,1135
2020-08-02,Italy,NA,Tuscany,3745983,9,0,10498,1135
2020-08-03,Italy,NA,Tuscany,3745983,10,1,10508,1136
2020-08-04,Italy,NA,Tuscany,3745983,11,1,10519,1137
2020-08-05,Italy,NA,Tuscany,3745983,11,0,10530,1137
2020-08-06,Italy,NA,Tuscany,3745983,17,0,10547,1137
2020-08-07,Italy,NA,Tuscany,3745983,13,0,10560,1137
2020-08-08,Italy,NA,Tuscany,3745983,23,0,10583,1137
2020-08-09,Italy,NA,Tuscany,3745983,61,0,10644,1137
2020-08-10,Italy,NA,Tuscany,3745983,8,0,10652,1137
2020-08-11,Italy,NA,Tuscany,3745983,22,0,10674,1137
2020-08-12,Italy,NA,Tuscany,3745983,33,0,10707,1137
2020-08-13,Italy,NA,Tuscany,3745983,28,0,10735,1137
2020-08-14,Italy,NA,Tuscany,3745983,26,0,10761,1137
2020-08-15,Italy,NA,Tuscany,3745983,38,1,10799,1138
2020-08-16,Italy,NA,Tuscany,3745983,34,0,10833,1138
2020-08-17,Italy,NA,Tuscany,3745983,21,1,10854,1139
2020-08-18,Italy,NA,Tuscany,3745983,31,0,10885,1139
2020-08-19,Italy,NA,Tuscany,3745983,40,0,10925,1139
2020-08-20,Italy,NA,Tuscany,3745983,59,0,10984,1139
2020-08-21,Italy,NA,Tuscany,3745983,79,0,11063,1139
2020-08-22,Italy,NA,Tuscany,3745983,53,0,11116,1139
2020-08-23,Italy,NA,Tuscany,3745983,59,0,11175,1139
2020-08-24,Italy,NA,Tuscany,3745983,44,0,11219,1139
2020-08-25,Italy,NA,Tuscany,3745983,34,0,11253,1139
2020-08-26,Italy,NA,Tuscany,3745983,161,1,11414,1140
2020-08-27,Italy,NA,Tuscany,3745983,99,0,11513,1140
2020-08-28,Italy,NA,Tuscany,3745983,82,1,11595,1141
2020-08-29,Italy,NA,Tuscany,3745983,92,0,11687,1141
2020-08-30,Italy,NA,Tuscany,3745983,98,0,11785,1141
2020-08-31,Italy,NA,Tuscany,3745983,73,0,11858,1141
2020-03-14,Italy,NA,Umbria,882015,31,0,107,1
2020-03-15,Italy,NA,Umbria,882015,36,0,143,1
2020-03-16,Italy,NA,Umbria,882015,21,0,164,1
2020-03-17,Italy,NA,Umbria,882015,33,0,197,1
2020-03-18,Italy,NA,Umbria,882015,50,1,247,2
2020-03-19,Italy,NA,Umbria,882015,87,0,334,2
2020-03-20,Italy,NA,Umbria,882015,61,5,395,7
2020-03-21,Italy,NA,Umbria,882015,67,3,462,10
2020-03-22,Italy,NA,Umbria,882015,59,6,521,16
2020-03-23,Italy,NA,Umbria,882015,56,0,577,16
2020-03-24,Italy,NA,Umbria,882015,71,3,648,19
2020-03-25,Italy,NA,Umbria,882015,62,0,710,19
2020-03-26,Italy,NA,Umbria,882015,92,1,802,20
2020-03-27,Italy,NA,Umbria,882015,82,1,884,21
2020-03-28,Italy,NA,Umbria,882015,85,7,969,28
2020-03-29,Italy,NA,Umbria,882015,54,3,1023,31
2020-03-30,Italy,NA,Umbria,882015,28,2,1051,33
2020-03-31,Italy,NA,Umbria,882015,27,4,1078,37
2020-04-01,Italy,NA,Umbria,882015,17,0,1095,37
2020-04-02,Italy,NA,Umbria,882015,33,1,1128,38
2020-04-03,Italy,NA,Umbria,882015,51,1,1179,39
2020-04-04,Italy,NA,Umbria,882015,31,2,1210,41
2020-04-05,Italy,NA,Umbria,882015,29,2,1239,43
2020-04-06,Italy,NA,Umbria,882015,14,1,1253,44
2020-04-07,Italy,NA,Umbria,882015,10,5,1263,49
2020-04-08,Italy,NA,Umbria,882015,26,1,1289,50
2020-04-09,Italy,NA,Umbria,882015,9,1,1298,51
2020-04-10,Italy,NA,Umbria,882015,4,1,1302,52
2020-04-11,Italy,NA,Umbria,882015,7,0,1309,52
2020-04-12,Italy,NA,Umbria,882015,10,0,1319,52
2020-04-13,Italy,NA,Umbria,882015,1,0,1320,52
2020-04-14,Italy,NA,Umbria,882015,1,1,1321,53
2020-04-15,Italy,NA,Umbria,882015,1,1,1322,54
2020-04-16,Italy,NA,Umbria,882015,7,1,1329,55
2020-04-17,Italy,NA,Umbria,882015,8,2,1337,57
2020-04-18,Italy,NA,Umbria,882015,7,0,1344,57
2020-04-19,Italy,NA,Umbria,882015,4,1,1348,58
2020-04-20,Italy,NA,Umbria,882015,1,0,1349,58
2020-04-21,Italy,NA,Umbria,882015,4,2,1353,60
2020-04-22,Italy,NA,Umbria,882015,4,1,1357,61
2020-04-23,Italy,NA,Umbria,882015,5,0,1362,61
2020-04-24,Italy,NA,Umbria,882015,1,1,1363,62
2020-04-25,Italy,NA,Umbria,882015,3,1,1366,63
2020-04-26,Italy,NA,Umbria,882015,2,1,1368,64
2020-04-27,Italy,NA,Umbria,882015,2,1,1370,65
2020-04-28,Italy,NA,Umbria,882015,9,0,1379,65
2020-04-29,Italy,NA,Umbria,882015,12,1,1391,66
2020-04-30,Italy,NA,Umbria,882015,1,1,1392,67
2020-05-01,Italy,NA,Umbria,882015,1,1,1393,68
2020-05-02,Italy,NA,Umbria,882015,1,0,1394,68
2020-05-03,Italy,NA,Umbria,882015,0,0,1394,68
2020-05-04,Italy,NA,Umbria,882015,0,2,1394,70
2020-05-05,Italy,NA,Umbria,882015,6,0,1400,70
2020-05-06,Italy,NA,Umbria,882015,4,0,1404,70
2020-05-07,Italy,NA,Umbria,882015,1,0,1405,70
2020-05-08,Italy,NA,Umbria,882015,1,1,1406,71
2020-05-09,Italy,NA,Umbria,882015,1,0,1407,71
2020-05-10,Italy,NA,Umbria,882015,4,0,1411,71
2020-05-11,Italy,NA,Umbria,882015,1,0,1412,71
2020-05-12,Italy,NA,Umbria,882015,7,0,1419,71
2020-05-13,Italy,NA,Umbria,882015,0,1,1419,72
2020-05-14,Italy,NA,Umbria,882015,1,1,1420,73
2020-05-15,Italy,NA,Umbria,882015,2,0,1422,73
2020-05-16,Italy,NA,Umbria,882015,0,0,1422,73
2020-05-17,Italy,NA,Umbria,882015,2,0,1424,73
2020-05-18,Italy,NA,Umbria,882015,0,0,1424,73
2020-05-19,Italy,NA,Umbria,882015,3,1,1427,74
2020-05-20,Italy,NA,Umbria,882015,0,0,1427,74
2020-05-21,Italy,NA,Umbria,882015,2,0,1429,74
2020-05-22,Italy,NA,Umbria,882015,0,0,1429,74
2020-05-23,Italy,NA,Umbria,882015,1,0,1430,74
2020-05-24,Italy,NA,Umbria,882015,0,1,1430,75
2020-05-25,Italy,NA,Umbria,882015,0,0,1430,75
2020-05-26,Italy,NA,Umbria,882015,1,0,1431,75
2020-05-27,Italy,NA,Umbria,882015,0,0,1431,75
2020-05-28,Italy,NA,Umbria,882015,0,0,1431,75
2020-05-29,Italy,NA,Umbria,882015,0,1,1431,76
2020-05-30,Italy,NA,Umbria,882015,0,0,1431,76
2020-05-31,Italy,NA,Umbria,882015,0,0,1431,76
2020-06-01,Italy,NA,Umbria,882015,0,0,1431,76
2020-06-02,Italy,NA,Umbria,882015,0,0,1431,76
2020-06-03,Italy,NA,Umbria,882015,0,0,1431,76
2020-06-04,Italy,NA,Umbria,882015,0,0,1431,76
2020-06-05,Italy,NA,Umbria,882015,0,0,1431,76
2020-06-06,Italy,NA,Umbria,882015,0,0,1431,76
2020-06-07,Italy,NA,Umbria,882015,1,0,1432,76
2020-06-08,Italy,NA,Umbria,882015,0,0,1432,76
2020-06-09,Italy,NA,Umbria,882015,3,0,1435,76
2020-06-10,Italy,NA,Umbria,882015,1,0,1436,76
2020-06-11,Italy,NA,Umbria,882015,0,0,1436,76
2020-06-12,Italy,NA,Umbria,882015,0,0,1436,76
2020-06-13,Italy,NA,Umbria,882015,0,0,1436,76
2020-06-14,Italy,NA,Umbria,882015,0,1,1436,77
2020-06-15,Italy,NA,Umbria,882015,0,0,1436,77
2020-06-16,Italy,NA,Umbria,882015,1,0,1437,77
2020-06-17,Italy,NA,Umbria,882015,0,0,1437,77
2020-06-18,Italy,NA,Umbria,882015,0,0,1437,77
2020-06-19,Italy,NA,Umbria,882015,1,0,1438,77
2020-06-20,Italy,NA,Umbria,882015,0,1,1438,78
2020-06-21,Italy,NA,Umbria,882015,0,0,1438,78
2020-06-22,Italy,NA,Umbria,882015,0,0,1438,78
2020-06-23,Italy,NA,Umbria,882015,0,0,1438,78
2020-06-24,Italy,NA,Umbria,882015,1,1,1439,79
2020-06-25,Italy,NA,Umbria,882015,0,0,1439,79
2020-06-26,Italy,NA,Umbria,882015,1,0,1440,79
2020-06-27,Italy,NA,Umbria,882015,0,1,1440,80
2020-06-28,Italy,NA,Umbria,882015,0,0,1440,80
2020-06-29,Italy,NA,Umbria,882015,0,0,1440,80
2020-06-30,Italy,NA,Umbria,882015,1,0,1441,80
2020-07-01,Italy,NA,Umbria,882015,0,0,1441,80
2020-07-02,Italy,NA,Umbria,882015,3,0,1444,80
2020-07-03,Italy,NA,Umbria,882015,2,0,1446,80
2020-07-04,Italy,NA,Umbria,882015,1,0,1447,80
2020-07-05,Italy,NA,Umbria,882015,0,0,1447,80
2020-07-06,Italy,NA,Umbria,882015,0,0,1447,80
2020-07-07,Italy,NA,Umbria,882015,0,0,1447,80
2020-07-08,Italy,NA,Umbria,882015,0,0,1447,80
2020-07-09,Italy,NA,Umbria,882015,0,0,1447,80
2020-07-10,Italy,NA,Umbria,882015,1,0,1448,80
2020-07-11,Italy,NA,Umbria,882015,0,0,1448,80
2020-07-12,Italy,NA,Umbria,882015,2,0,1450,80
2020-07-13,Italy,NA,Umbria,882015,0,0,1450,80
2020-07-14,Italy,NA,Umbria,882015,0,0,1450,80
2020-07-15,Italy,NA,Umbria,882015,2,0,1452,80
2020-07-16,Italy,NA,Umbria,882015,0,0,1452,80
2020-07-17,Italy,NA,Umbria,882015,2,0,1454,80
2020-07-18,Italy,NA,Umbria,882015,2,0,1456,80
2020-07-19,Italy,NA,Umbria,882015,0,0,1456,80
2020-07-20,Italy,NA,Umbria,882015,0,0,1456,80
2020-07-21,Italy,NA,Umbria,882015,3,0,1459,80
2020-07-22,Italy,NA,Umbria,882015,2,0,1461,80
2020-07-23,Italy,NA,Umbria,882015,2,0,1463,80
2020-07-24,Italy,NA,Umbria,882015,2,0,1465,80
2020-07-25,Italy,NA,Umbria,882015,0,0,1465,80
2020-07-26,Italy,NA,Umbria,882015,0,0,1465,80
2020-07-27,Italy,NA,Umbria,882015,0,0,1465,80
2020-07-28,Italy,NA,Umbria,882015,0,0,1465,80
2020-07-29,Italy,NA,Umbria,882015,0,0,1465,80
2020-07-30,Italy,NA,Umbria,882015,0,0,1465,80
2020-07-31,Italy,NA,Umbria,882015,1,0,1466,80
2020-08-01,Italy,NA,Umbria,882015,6,0,1472,80
2020-08-02,Italy,NA,Umbria,882015,2,0,1474,80
2020-08-03,Italy,NA,Umbria,882015,1,0,1475,80
2020-08-04,Italy,NA,Umbria,882015,2,0,1477,80
2020-08-05,Italy,NA,Umbria,882015,2,0,1479,80
2020-08-06,Italy,NA,Umbria,882015,3,0,1482,80
2020-08-07,Italy,NA,Umbria,882015,6,0,1488,80
2020-08-08,Italy,NA,Umbria,882015,10,0,1498,80
2020-08-09,Italy,NA,Umbria,882015,7,0,1505,80
2020-08-10,Italy,NA,Umbria,882015,5,0,1510,80
2020-08-11,Italy,NA,Umbria,882015,1,0,1511,80
2020-08-12,Italy,NA,Umbria,882015,6,0,1517,80
2020-08-13,Italy,NA,Umbria,882015,7,0,1524,80
2020-08-14,Italy,NA,Umbria,882015,8,0,1532,80
2020-08-15,Italy,NA,Umbria,882015,13,0,1545,80
2020-08-16,Italy,NA,Umbria,882015,3,0,1548,80
2020-08-17,Italy,NA,Umbria,882015,1,0,1549,80
2020-08-18,Italy,NA,Umbria,882015,10,0,1559,80
2020-08-19,Italy,NA,Umbria,882015,4,0,1563,80
2020-08-20,Italy,NA,Umbria,882015,17,0,1580,80
2020-08-21,Italy,NA,Umbria,882015,22,0,1602,80
2020-08-22,Italy,NA,Umbria,882015,18,0,1620,80
2020-08-23,Italy,NA,Umbria,882015,19,0,1639,80
2020-08-24,Italy,NA,Umbria,882015,11,0,1650,80
2020-08-25,Italy,NA,Umbria,882015,29,0,1679,80
2020-08-26,Italy,NA,Umbria,882015,20,0,1699,80
2020-08-27,Italy,NA,Umbria,882015,20,0,1719,80
2020-08-28,Italy,NA,Umbria,882015,22,0,1741,80
2020-08-29,Italy,NA,Umbria,882015,12,0,1753,80
2020-08-30,Italy,NA,Umbria,882015,31,0,1784,80
2020-08-31,Italy,NA,Umbria,882015,9,0,1793,80
2020-02-27,Italy,NA,Veneto,4926818,40,0,111,2
2020-02-28,Italy,NA,Veneto,4926818,40,0,151,2
2020-02-29,Italy,NA,Veneto,4926818,40,0,191,2
2020-03-01,Italy,NA,Veneto,4926818,72,0,263,2
2020-03-02,Italy,NA,Veneto,4926818,10,0,273,2
2020-03-03,Italy,NA,Veneto,4926818,34,1,307,3
2020-03-04,Italy,NA,Veneto,4926818,53,3,360,6
2020-03-05,Italy,NA,Veneto,4926818,47,4,407,10
2020-03-06,Italy,NA,Veneto,4926818,81,2,488,12
2020-03-07,Italy,NA,Veneto,4926818,55,1,543,13
2020-03-08,Italy,NA,Veneto,4926818,127,5,670,18
2020-03-09,Italy,NA,Veneto,4926818,74,2,744,20
2020-03-10,Italy,NA,Veneto,4926818,112,6,856,26
2020-03-11,Italy,NA,Veneto,4926818,167,3,1023,29
2020-03-12,Italy,NA,Veneto,4926818,361,3,1384,32
2020-03-13,Italy,NA,Veneto,4926818,211,10,1595,42
2020-03-14,Italy,NA,Veneto,4926818,342,13,1937,55
2020-03-15,Italy,NA,Veneto,4926818,235,8,2172,63
2020-03-16,Italy,NA,Veneto,4926818,301,6,2473,69
2020-03-17,Italy,NA,Veneto,4926818,231,11,2704,80
2020-03-18,Italy,NA,Veneto,4926818,510,14,3214,94
2020-03-19,Italy,NA,Veneto,4926818,270,21,3484,115
2020-03-20,Italy,NA,Veneto,4926818,547,16,4031,131
2020-03-21,Italy,NA,Veneto,4926818,586,15,4617,146
2020-03-22,Italy,NA,Veneto,4926818,505,23,5122,169
2020-03-23,Italy,NA,Veneto,4926818,383,23,5505,192
2020-03-24,Italy,NA,Veneto,4926818,443,24,5948,216
2020-03-25,Italy,NA,Veneto,4926818,494,42,6442,258
2020-03-26,Italy,NA,Veneto,4926818,493,29,6935,287
2020-03-27,Italy,NA,Veneto,4926818,562,26,7497,313
2020-03-28,Italy,NA,Veneto,4926818,433,49,7930,362
2020-03-29,Italy,NA,Veneto,4926818,428,30,8358,392
2020-03-30,Italy,NA,Veneto,4926818,366,21,8724,413
2020-03-31,Italy,NA,Veneto,4926818,431,64,9155,477
2020-04-01,Italy,NA,Veneto,4926818,470,22,9625,499
2020-04-02,Italy,NA,Veneto,4926818,486,33,10111,532
2020-04-03,Italy,NA,Veneto,4926818,353,40,10464,572
2020-04-04,Italy,NA,Veneto,4926818,360,35,10824,607
2020-04-05,Italy,NA,Veneto,4926818,402,24,11226,631
2020-04-06,Italy,NA,Veneto,4926818,362,31,11588,662
2020-04-07,Italy,NA,Veneto,4926818,337,33,11925,695
2020-04-08,Italy,NA,Veneto,4926818,485,41,12410,736
2020-04-09,Italy,NA,Veneto,4926818,523,20,12933,756
2020-04-10,Italy,NA,Veneto,4926818,488,37,13421,793
2020-04-11,Italy,NA,Veneto,4926818,347,38,13768,831
2020-04-12,Italy,NA,Veneto,4926818,309,25,14077,856
2020-04-13,Italy,NA,Veneto,4926818,174,26,14251,882
2020-04-14,Italy,NA,Veneto,4926818,181,24,14432,906
2020-04-15,Italy,NA,Veneto,4926818,192,34,14624,940
2020-04-16,Italy,NA,Veneto,4926818,366,41,14990,981
2020-04-17,Italy,NA,Veneto,4926818,384,45,15374,1026
2020-04-18,Italy,NA,Veneto,4926818,318,33,15692,1059
2020-04-19,Italy,NA,Veneto,4926818,243,28,15935,1087
2020-04-20,Italy,NA,Veneto,4926818,192,25,16127,1112
2020-04-21,Italy,NA,Veneto,4926818,277,42,16404,1154
2020-04-22,Italy,NA,Veneto,4926818,334,27,16738,1181
2020-04-23,Italy,NA,Veneto,4926818,143,25,16881,1206
2020-04-24,Italy,NA,Veneto,4926818,348,38,17229,1244
2020-04-25,Italy,NA,Veneto,4926818,162,44,17391,1288
2020-04-26,Italy,NA,Veneto,4926818,80,27,17471,1315
2020-04-27,Italy,NA,Veneto,4926818,108,29,17579,1344
2020-04-28,Italy,NA,Veneto,4926818,129,64,17708,1408
2020-04-29,Italy,NA,Veneto,4926818,117,29,17825,1437
2020-04-30,Italy,NA,Veneto,4926818,135,22,17960,1459
2020-05-01,Italy,NA,Veneto,4926818,138,20,18098,1479
2020-05-02,Italy,NA,Veneto,4926818,126,23,18224,1502
2020-05-03,Italy,NA,Veneto,4926818,94,14,18318,1516
2020-05-04,Italy,NA,Veneto,4926818,55,12,18373,1528
2020-05-05,Italy,NA,Veneto,4926818,29,17,18402,1545
2020-05-06,Italy,NA,Veneto,4926818,77,23,18479,1568
2020-05-07,Italy,NA,Veneto,4926818,74,21,18553,1589
2020-05-08,Italy,NA,Veneto,4926818,65,38,18618,1627
2020-05-09,Italy,NA,Veneto,4926818,53,16,18671,1643
2020-05-10,Italy,NA,Veneto,4926818,51,14,18722,1657
2020-05-11,Italy,NA,Veneto,4926818,19,9,18741,1666
2020-05-12,Italy,NA,Veneto,4926818,41,20,18782,1686
2020-05-13,Italy,NA,Veneto,4926818,31,26,18813,1712
2020-05-14,Italy,NA,Veneto,4926818,32,31,18845,1743
2020-05-15,Italy,NA,Veneto,4926818,44,19,18889,1762
2020-05-16,Italy,NA,Veneto,4926818,39,21,18928,1783
2020-05-17,Italy,NA,Veneto,4926818,13,11,18941,1794
2020-05-18,Italy,NA,Veneto,4926818,9,9,18950,1803
2020-05-19,Italy,NA,Veneto,4926818,47,17,18997,1820
2020-05-20,Italy,NA,Veneto,4926818,33,12,19030,1832
2020-05-21,Italy,NA,Veneto,4926818,8,9,19038,1841
2020-05-22,Italy,NA,Veneto,4926818,21,13,19059,1854
2020-05-23,Italy,NA,Veneto,4926818,10,11,19069,1865
2020-05-24,Italy,NA,Veneto,4926818,17,4,19086,1869
2020-05-25,Italy,NA,Veneto,4926818,11,9,19097,1878
2020-05-26,Italy,NA,Veneto,4926818,8,8,19105,1886
2020-05-27,Italy,NA,Veneto,4926818,8,9,19113,1895
2020-05-28,Italy,NA,Veneto,4926818,12,3,19125,1898
2020-05-29,Italy,NA,Veneto,4926818,9,8,19134,1906
2020-05-30,Italy,NA,Veneto,4926818,12,10,19146,1916
2020-05-31,Italy,NA,Veneto,4926818,6,2,19152,1918
2020-06-01,Italy,NA,Veneto,4926818,2,0,19154,1918
2020-06-02,Italy,NA,Veneto,4926818,8,3,19162,1921
2020-06-03,Italy,NA,Veneto,4926818,2,0,19164,1921
2020-06-04,Italy,NA,Veneto,4926818,4,13,19168,1934
2020-06-05,Italy,NA,Veneto,4926818,6,4,19174,1938
2020-06-06,Italy,NA,Veneto,4926818,8,11,19182,1949
2020-06-07,Italy,NA,Veneto,4926818,1,5,19183,1954
2020-06-08,Italy,NA,Veneto,4926818,4,1,19187,1955
2020-06-09,Italy,NA,Veneto,4926818,4,6,19191,1961
2020-06-10,Italy,NA,Veneto,4926818,3,0,19194,1961
2020-06-11,Italy,NA,Veneto,4926818,5,3,19199,1964
2020-06-12,Italy,NA,Veneto,4926818,0,3,19199,1967
2020-06-13,Italy,NA,Veneto,4926818,13,10,19212,1977
2020-06-14,Italy,NA,Veneto,4926818,7,1,19219,1978
2020-06-15,Italy,NA,Veneto,4926818,1,0,19220,1978
2020-06-16,Italy,NA,Veneto,4926818,1,4,19221,1982
2020-06-17,Italy,NA,Veneto,4926818,4,5,19225,1987
2020-06-18,Italy,NA,Veneto,4926818,8,7,19233,1994
2020-06-19,Italy,NA,Veneto,4926818,2,4,19235,1998
2020-06-20,Italy,NA,Veneto,4926818,3,4,19238,2002
2020-06-21,Italy,NA,Veneto,4926818,7,0,19245,2002
2020-06-22,Italy,NA,Veneto,4926818,2,1,19247,2003
2020-06-23,Italy,NA,Veneto,4926818,3,1,19250,2004
2020-06-24,Italy,NA,Veneto,4926818,3,0,19253,2004
2020-06-25,Italy,NA,Veneto,4926818,4,2,19257,2006
2020-06-26,Italy,NA,Veneto,4926818,5,1,19262,2007
2020-06-27,Italy,NA,Veneto,4926818,2,0,19264,2007
2020-06-28,Italy,NA,Veneto,4926818,11,1,19275,2008
2020-06-29,Italy,NA,Veneto,4926818,3,0,19278,2008
2020-06-30,Italy,NA,Veneto,4926818,8,4,19286,2012
2020-07-01,Italy,NA,Veneto,4926818,3,10,19289,2022
2020-07-02,Italy,NA,Veneto,4926818,20,0,19309,2022
2020-07-03,Italy,NA,Veneto,4926818,5,1,19314,2023
2020-07-04,Italy,NA,Veneto,4926818,4,0,19318,2023
2020-07-05,Italy,NA,Veneto,4926818,8,0,19326,2023
2020-07-06,Italy,NA,Veneto,4926818,1,1,19327,2024
2020-07-07,Italy,NA,Veneto,4926818,14,10,19341,2034
2020-07-08,Italy,NA,Veneto,4926818,7,0,19348,2034
2020-07-09,Italy,NA,Veneto,4926818,10,3,19358,2037
2020-07-10,Italy,NA,Veneto,4926818,11,2,19369,2039
2020-07-11,Italy,NA,Veneto,4926818,10,0,19379,2039
2020-07-12,Italy,NA,Veneto,4926818,16,0,19395,2039
2020-07-13,Italy,NA,Veneto,4926818,6,0,19401,2039
2020-07-14,Italy,NA,Veneto,4926818,19,2,19420,2041
2020-07-15,Italy,NA,Veneto,4926818,21,2,19441,2043
2020-07-16,Italy,NA,Veneto,4926818,29,4,19470,2047
2020-07-17,Italy,NA,Veneto,4926818,55,0,19525,2047
2020-07-18,Italy,NA,Veneto,4926818,34,2,19559,2049
2020-07-19,Italy,NA,Veneto,4926818,48,1,19607,2050
2020-07-20,Italy,NA,Veneto,4926818,42,0,19649,2050
2020-07-21,Italy,NA,Veneto,4926818,22,3,19671,2053
2020-07-22,Italy,NA,Veneto,4926818,36,4,19707,2057
2020-07-23,Italy,NA,Veneto,4926818,22,5,19729,2062
2020-07-24,Italy,NA,Veneto,4926818,30,1,19759,2063
2020-07-25,Italy,NA,Veneto,4926818,31,1,19790,2064
2020-07-26,Italy,NA,Veneto,4926818,19,0,19809,2064
2020-07-27,Italy,NA,Veneto,4926818,16,0,19825,2064
2020-07-28,Italy,NA,Veneto,4926818,24,5,19849,2069
2020-07-29,Italy,NA,Veneto,4926818,42,4,19891,2073
2020-07-30,Italy,NA,Veneto,4926818,112,0,20003,2073
2020-07-31,Italy,NA,Veneto,4926818,117,1,20120,2074
2020-08-01,Italy,NA,Veneto,4926818,46,1,20166,2075
2020-08-02,Italy,NA,Veneto,4926818,45,0,20211,2075
2020-08-03,Italy,NA,Veneto,4926818,22,1,20233,2076
2020-08-04,Italy,NA,Veneto,4926818,20,1,20253,2077
2020-08-05,Italy,NA,Veneto,4926818,41,0,20294,2077
2020-08-06,Italy,NA,Veneto,4926818,58,0,20352,2077
2020-08-07,Italy,NA,Veneto,4926818,183,1,20535,2078
2020-08-08,Italy,NA,Veneto,4926818,63,5,20598,2083
2020-08-09,Italy,NA,Veneto,4926818,58,0,20656,2083
2020-08-10,Italy,NA,Veneto,4926818,20,0,20676,2083
2020-08-11,Italy,NA,Veneto,4926818,65,2,20741,2085
2020-08-12,Italy,NA,Veneto,4926818,60,7,20801,2092
2020-08-13,Italy,NA,Veneto,4926818,84,2,20885,2094
2020-08-14,Italy,NA,Veneto,4926818,127,1,21012,2095
2020-08-15,Italy,NA,Veneto,4926818,120,1,21132,2096
2020-08-16,Italy,NA,Veneto,4926818,78,0,21210,2096
2020-08-17,Italy,NA,Veneto,4926818,46,0,21256,2096
2020-08-18,Italy,NA,Veneto,4926818,60,2,21316,2098
2020-08-19,Italy,NA,Veneto,4926818,59,1,21375,2099
2020-08-20,Italy,NA,Veneto,4926818,159,1,21534,2100
2020-08-21,Italy,NA,Veneto,4926818,116,2,21650,2102
2020-08-22,Italy,NA,Veneto,4926818,160,2,21810,2104
2020-08-23,Italy,NA,Veneto,4926818,145,0,21955,2104
2020-08-24,Italy,NA,Veneto,4926818,116,0,22071,2104
2020-08-25,Italy,NA,Veneto,4926818,119,3,22190,2107
2020-08-26,Italy,NA,Veneto,4926818,147,9,22337,2116
2020-08-27,Italy,NA,Veneto,4926818,132,1,22469,2117
2020-08-28,Italy,NA,Veneto,4926818,135,2,22604,2119
2020-08-29,Italy,NA,Veneto,4926818,151,1,22755,2120
2020-08-30,Italy,NA,Veneto,4926818,109,0,22864,2120
2020-08-31,Italy,NA,Veneto,4926818,65,0,22929,2120
2020-03-11,Japan,NA,Aichi,7549594,5,2,104,5
2020-03-12,Japan,NA,Aichi,7549594,7,3,111,8
2020-03-13,Japan,NA,Aichi,7549594,3,2,114,10
2020-03-14,Japan,NA,Aichi,7549594,7,1,121,11
2020-03-15,Japan,NA,Aichi,7549594,0,1,121,12
2020-03-16,Japan,NA,Aichi,7549594,2,2,123,14
2020-03-17,Japan,NA,Aichi,7549594,2,0,125,14
2020-03-18,Japan,NA,Aichi,7549594,5,1,130,15
2020-03-19,Japan,NA,Aichi,7549594,4,0,134,15
2020-03-20,Japan,NA,Aichi,7549594,5,1,139,16
2020-03-21,Japan,NA,Aichi,7549594,2,0,141,16
2020-03-22,Japan,NA,Aichi,7549594,2,0,143,16
2020-03-23,Japan,NA,Aichi,7549594,2,1,145,17
2020-03-24,Japan,NA,Aichi,7549594,3,0,148,17
2020-03-25,Japan,NA,Aichi,7549594,6,1,154,18
2020-03-26,Japan,NA,Aichi,7549594,3,1,157,19
2020-03-27,Japan,NA,Aichi,7549594,3,0,160,19
2020-03-28,Japan,NA,Aichi,7549594,4,0,164,19
2020-03-29,Japan,NA,Aichi,7549594,3,0,167,19
2020-03-30,Japan,NA,Aichi,7549594,3,0,170,19
2020-03-31,Japan,NA,Aichi,7549594,8,0,178,19
2020-04-01,Japan,NA,Aichi,7549594,5,0,183,19
2020-04-02,Japan,NA,Aichi,7549594,6,0,189,19
2020-04-03,Japan,NA,Aichi,7549594,12,0,201,19
2020-04-04,Japan,NA,Aichi,7549594,19,0,220,19
2020-04-05,Japan,NA,Aichi,7549594,7,1,227,20
2020-04-06,Japan,NA,Aichi,7549594,11,1,238,21
2020-04-07,Japan,NA,Aichi,7549594,21,0,259,21
2020-04-08,Japan,NA,Aichi,7549594,20,0,279,21
2020-04-09,Japan,NA,Aichi,7549594,21,0,300,21
2020-04-10,Japan,NA,Aichi,7549594,14,1,314,22
2020-04-11,Japan,NA,Aichi,7549594,10,1,324,23
2020-04-12,Japan,NA,Aichi,7549594,2,1,326,24
2020-04-13,Japan,NA,Aichi,7549594,9,0,335,24
2020-04-14,Japan,NA,Aichi,7549594,10,0,345,24
2020-04-15,Japan,NA,Aichi,7549594,11,0,356,24
2020-04-16,Japan,NA,Aichi,7549594,14,0,370,24
2020-04-17,Japan,NA,Aichi,7549594,10,0,380,24
2020-04-18,Japan,NA,Aichi,7549594,15,1,395,25
2020-04-19,Japan,NA,Aichi,7549594,10,0,405,25
2020-04-20,Japan,NA,Aichi,7549594,5,2,410,27
2020-04-21,Japan,NA,Aichi,7549594,16,2,426,29
2020-04-22,Japan,NA,Aichi,7549594,19,0,445,29
2020-04-23,Japan,NA,Aichi,7549594,12,0,457,29
2020-04-24,Japan,NA,Aichi,7549594,14,1,471,30
2020-04-25,Japan,NA,Aichi,7549594,1,1,472,31
2020-04-26,Japan,NA,Aichi,7549594,1,0,473,31
2020-04-27,Japan,NA,Aichi,7549594,0,0,473,31
2020-04-28,Japan,NA,Aichi,7549594,5,0,478,31
2020-04-29,Japan,NA,Aichi,7549594,4,1,482,32
2020-04-30,Japan,NA,Aichi,7549594,1,1,483,33
2020-05-01,Japan,NA,Aichi,7549594,3,0,486,33
2020-05-02,Japan,NA,Aichi,7549594,0,1,486,34
2020-05-03,Japan,NA,Aichi,7549594,1,0,487,34
2020-05-04,Japan,NA,Aichi,7549594,3,0,490,34
2020-05-05,Japan,NA,Aichi,7549594,3,0,493,34
2020-05-06,Japan,NA,Aichi,7549594,0,0,493,34
2020-05-07,Japan,NA,Aichi,7549594,0,0,493,34
2020-05-08,Japan,NA,Aichi,7549594,0,0,493,34
2020-05-09,Japan,NA,Aichi,7549594,3,0,496,34
2020-05-10,Japan,NA,Aichi,7549594,0,0,496,34
2020-05-11,Japan,NA,Aichi,7549594,1,0,497,34
2020-05-12,Japan,NA,Aichi,7549594,1,0,498,34
2020-05-13,Japan,NA,Aichi,7549594,1,0,499,34
2020-05-14,Japan,NA,Aichi,7549594,1,0,500,34
2020-05-15,Japan,NA,Aichi,7549594,1,0,501,34
2020-05-16,Japan,NA,Aichi,7549594,2,0,503,34
2020-05-17,Japan,NA,Aichi,7549594,0,0,503,34
2020-05-18,Japan,NA,Aichi,7549594,0,0,503,34
2020-05-19,Japan,NA,Aichi,7549594,0,0,503,34
2020-05-20,Japan,NA,Aichi,7549594,0,0,503,34
2020-05-21,Japan,NA,Aichi,7549594,0,0,503,34
2020-05-22,Japan,NA,Aichi,7549594,0,0,503,34
2020-05-23,Japan,NA,Aichi,7549594,1,0,504,34
2020-05-24,Japan,NA,Aichi,7549594,0,0,504,34
2020-05-25,Japan,NA,Aichi,7549594,0,0,504,34
2020-05-26,Japan,NA,Aichi,7549594,0,0,504,34
2020-05-27,Japan,NA,Aichi,7549594,0,0,504,34
2020-05-28,Japan,NA,Aichi,7549594,0,0,504,34
2020-05-29,Japan,NA,Aichi,7549594,0,0,504,34
2020-05-30,Japan,NA,Aichi,7549594,1,0,505,34
2020-05-31,Japan,NA,Aichi,7549594,0,0,505,34
2020-06-01,Japan,NA,Aichi,7549594,0,0,505,34
2020-06-02,Japan,NA,Aichi,7549594,1,0,506,34
2020-06-03,Japan,NA,Aichi,7549594,0,0,506,34
2020-06-04,Japan,NA,Aichi,7549594,0,0,506,34
2020-06-05,Japan,NA,Aichi,7549594,1,0,507,34
2020-06-06,Japan,NA,Aichi,7549594,0,0,507,34
2020-06-07,Japan,NA,Aichi,7549594,1,0,508,34
2020-06-08,Japan,NA,Aichi,7549594,0,0,508,34
2020-06-09,Japan,NA,Aichi,7549594,0,0,508,34
2020-06-10,Japan,NA,Aichi,7549594,2,0,510,34
2020-06-11,Japan,NA,Aichi,7549594,0,0,510,34
2020-06-12,Japan,NA,Aichi,7549594,2,0,512,34
2020-06-13,Japan,NA,Aichi,7549594,1,0,513,34
2020-06-14,Japan,NA,Aichi,7549594,0,0,513,34
2020-06-15,Japan,NA,Aichi,7549594,0,0,513,34
2020-06-16,Japan,NA,Aichi,7549594,1,0,514,34
2020-06-17,Japan,NA,Aichi,7549594,3,0,517,34
2020-06-18,Japan,NA,Aichi,7549594,0,0,517,34
2020-06-19,Japan,NA,Aichi,7549594,1,0,518,34
2020-06-20,Japan,NA,Aichi,7549594,1,0,519,34
2020-06-21,Japan,NA,Aichi,7549594,0,0,519,34
2020-06-22,Japan,NA,Aichi,7549594,0,0,519,34
2020-06-23,Japan,NA,Aichi,7549594,0,0,519,34
2020-06-24,Japan,NA,Aichi,7549594,0,0,519,34
2020-06-25,Japan,NA,Aichi,7549594,0,0,519,34
2020-06-26,Japan,NA,Aichi,7549594,0,0,519,34
2020-06-27,Japan,NA,Aichi,7549594,0,0,519,34
2020-06-28,Japan,NA,Aichi,7549594,0,0,519,34
2020-06-29,Japan,NA,Aichi,7549594,1,0,520,34
2020-06-30,Japan,NA,Aichi,7549594,1,0,521,34
2020-07-01,Japan,NA,Aichi,7549594,0,0,521,34
2020-07-02,Japan,NA,Aichi,7549594,0,0,521,34
2020-07-03,Japan,NA,Aichi,7549594,0,0,521,34
2020-07-04,Japan,NA,Aichi,7549594,0,0,521,34
2020-07-05,Japan,NA,Aichi,7549594,0,0,521,34
2020-07-06,Japan,NA,Aichi,7549594,2,0,523,34
2020-07-07,Japan,NA,Aichi,7549594,0,0,523,34
2020-07-08,Japan,NA,Aichi,7549594,2,0,525,34
2020-07-09,Japan,NA,Aichi,7549594,0,0,525,34
2020-07-10,Japan,NA,Aichi,7549594,0,0,525,34
2020-07-11,Japan,NA,Aichi,7549594,2,0,527,34
2020-07-12,Japan,NA,Aichi,7549594,0,0,527,34
2020-07-13,Japan,NA,Aichi,7549594,2,0,529,34
2020-07-14,Japan,NA,Aichi,7549594,5,0,534,34
2020-07-15,Japan,NA,Aichi,7549594,16,0,550,34
2020-07-16,Japan,NA,Aichi,7549594,21,0,571,34
2020-07-17,Japan,NA,Aichi,7549594,19,0,590,34
2020-07-18,Japan,NA,Aichi,7549594,25,0,615,34
2020-07-19,Japan,NA,Aichi,7549594,21,0,636,34
2020-07-20,Japan,NA,Aichi,7549594,21,0,657,34
2020-07-21,Japan,NA,Aichi,7549594,53,0,710,34
2020-07-22,Japan,NA,Aichi,7549594,64,1,774,35
2020-07-23,Japan,NA,Aichi,7549594,97,0,871,35
2020-07-24,Japan,NA,Aichi,7549594,63,0,934,35
2020-07-25,Japan,NA,Aichi,7549594,78,0,1012,35
2020-07-26,Japan,NA,Aichi,7549594,80,0,1092,35
2020-07-27,Japan,NA,Aichi,7549594,76,0,1168,35
2020-07-28,Japan,NA,Aichi,7549594,110,0,1278,35
2020-07-29,Japan,NA,Aichi,7549594,167,0,1445,35
2020-07-30,Japan,NA,Aichi,7549594,160,0,1605,35
2020-07-31,Japan,NA,Aichi,7549594,193,0,1798,35
2020-08-01,Japan,NA,Aichi,7549594,181,0,1979,35
2020-08-02,Japan,NA,Aichi,7549594,160,0,2139,35
2020-08-03,Japan,NA,Aichi,7549594,125,0,2264,35
2020-08-04,Japan,NA,Aichi,7549594,120,0,2384,35
2020-08-05,Japan,NA,Aichi,7549594,147,2,2531,37
2020-08-06,Japan,NA,Aichi,7549594,140,0,2671,37
2020-08-07,Japan,NA,Aichi,7549594,158,0,2829,37
2020-08-08,Japan,NA,Aichi,7549594,177,0,3006,37
2020-08-09,Japan,NA,Aichi,7549594,129,0,3135,37
2020-08-10,Japan,NA,Aichi,7549594,101,0,3236,37
2020-08-11,Japan,NA,Aichi,7549594,67,0,3303,37
2020-08-12,Japan,NA,Aichi,7549594,86,1,3389,38
2020-08-13,Japan,NA,Aichi,7549594,109,1,3498,39
2020-08-14,Japan,NA,Aichi,7549594,88,0,3586,39
2020-08-15,Japan,NA,Aichi,7549594,72,4,3658,43
2020-08-16,Japan,NA,Aichi,7549594,83,1,3741,44
2020-08-17,Japan,NA,Aichi,7549594,43,1,3784,45
2020-08-18,Japan,NA,Aichi,7549594,57,1,3841,46
2020-08-19,Japan,NA,Aichi,7549594,57,2,3898,48
2020-08-20,Japan,NA,Aichi,7549594,82,1,3980,49
2020-08-21,Japan,NA,Aichi,7549594,90,3,4070,52
2020-08-22,Japan,NA,Aichi,7549594,69,2,4139,54
2020-08-23,Japan,NA,Aichi,7549594,50,3,4189,57
2020-08-24,Japan,NA,Aichi,7549594,43,0,4232,57
2020-08-25,Japan,NA,Aichi,7549594,43,1,4275,58
2020-08-26,Japan,NA,Aichi,7549594,50,0,4325,58
2020-08-27,Japan,NA,Aichi,7549594,39,2,4364,60
2020-08-28,Japan,NA,Aichi,7549594,50,1,4414,61
2020-08-29,Japan,NA,Aichi,7549594,45,3,4459,64
2020-08-30,Japan,NA,Aichi,7549594,36,1,4495,65
2020-08-31,Japan,NA,Aichi,7549594,42,0,4537,65
2020-03-28,Japan,NA,Chiba,6279026,62,1,125,1
2020-03-29,Japan,NA,Chiba,6279026,33,0,158,1
2020-03-30,Japan,NA,Chiba,6279026,0,0,158,1
2020-03-31,Japan,NA,Chiba,6279026,13,0,171,1
2020-04-01,Japan,NA,Chiba,6279026,14,0,185,1
2020-04-02,Japan,NA,Chiba,6279026,5,0,190,1
2020-04-03,Japan,NA,Chiba,6279026,20,0,210,1
2020-04-04,Japan,NA,Chiba,6279026,26,0,236,1
2020-04-05,Japan,NA,Chiba,6279026,26,0,262,1
2020-04-06,Japan,NA,Chiba,6279026,18,0,280,1
2020-04-07,Japan,NA,Chiba,6279026,13,0,293,1
2020-04-08,Japan,NA,Chiba,6279026,34,0,327,1
2020-04-09,Japan,NA,Chiba,6279026,30,0,357,1
2020-04-10,Japan,NA,Chiba,6279026,33,1,390,2
2020-04-11,Japan,NA,Chiba,6279026,36,2,426,4
2020-04-12,Japan,NA,Chiba,6279026,44,1,470,5
2020-04-13,Japan,NA,Chiba,6279026,19,0,489,5
2020-04-14,Japan,NA,Chiba,6279026,16,1,505,6
2020-04-15,Japan,NA,Chiba,6279026,35,1,540,7
2020-04-16,Japan,NA,Chiba,6279026,58,0,598,7
2020-04-17,Japan,NA,Chiba,6279026,35,1,633,8
2020-04-18,Japan,NA,Chiba,6279026,34,2,667,10
2020-04-19,Japan,NA,Chiba,6279026,18,1,685,11
2020-04-20,Japan,NA,Chiba,6279026,22,0,707,11
2020-04-21,Japan,NA,Chiba,6279026,21,2,728,13
2020-04-22,Japan,NA,Chiba,6279026,20,3,748,16
2020-04-23,Japan,NA,Chiba,6279026,24,2,772,18
2020-04-24,Japan,NA,Chiba,6279026,18,3,790,21
2020-04-25,Japan,NA,Chiba,6279026,8,1,798,22
2020-04-26,Japan,NA,Chiba,6279026,8,4,806,26
2020-04-27,Japan,NA,Chiba,6279026,7,3,813,29
2020-04-28,Japan,NA,Chiba,6279026,8,2,821,31
2020-04-29,Japan,NA,Chiba,6279026,4,0,825,31
2020-04-30,Japan,NA,Chiba,6279026,9,1,834,32
2020-05-01,Japan,NA,Chiba,6279026,6,2,840,34
2020-05-02,Japan,NA,Chiba,6279026,6,0,846,34
2020-05-03,Japan,NA,Chiba,6279026,5,0,851,34
2020-05-04,Japan,NA,Chiba,6279026,5,0,856,34
2020-05-05,Japan,NA,Chiba,6279026,1,2,857,36
2020-05-06,Japan,NA,Chiba,6279026,2,1,859,37
2020-05-07,Japan,NA,Chiba,6279026,5,1,864,38
2020-05-08,Japan,NA,Chiba,6279026,3,0,867,38
2020-05-09,Japan,NA,Chiba,6279026,3,1,870,39
2020-05-10,Japan,NA,Chiba,6279026,0,1,870,40
2020-05-11,Japan,NA,Chiba,6279026,3,0,873,40
2020-05-12,Japan,NA,Chiba,6279026,3,0,876,40
2020-05-13,Japan,NA,Chiba,6279026,2,0,878,40
2020-05-14,Japan,NA,Chiba,6279026,0,0,878,40
2020-05-15,Japan,NA,Chiba,6279026,2,2,880,42
2020-05-16,Japan,NA,Chiba,6279026,8,0,888,42
2020-05-17,Japan,NA,Chiba,6279026,0,0,888,42
2020-05-18,Japan,NA,Chiba,6279026,2,0,890,42
2020-05-19,Japan,NA,Chiba,6279026,0,0,890,42
2020-05-20,Japan,NA,Chiba,6279026,1,0,891,42
2020-05-21,Japan,NA,Chiba,6279026,3,2,894,44
2020-05-22,Japan,NA,Chiba,6279026,0,0,894,44
2020-05-23,Japan,NA,Chiba,6279026,0,0,894,44
2020-05-24,Japan,NA,Chiba,6279026,0,0,894,44
2020-05-25,Japan,NA,Chiba,6279026,0,0,894,44
2020-05-26,Japan,NA,Chiba,6279026,0,0,894,44
2020-05-27,Japan,NA,Chiba,6279026,1,0,895,44
2020-05-28,Japan,NA,Chiba,6279026,1,1,896,45
2020-05-29,Japan,NA,Chiba,6279026,0,0,896,45
2020-05-30,Japan,NA,Chiba,6279026,1,0,897,45
2020-05-31,Japan,NA,Chiba,6279026,1,0,898,45
2020-06-01,Japan,NA,Chiba,6279026,0,0,898,45
2020-06-02,Japan,NA,Chiba,6279026,1,0,899,45
2020-06-03,Japan,NA,Chiba,6279026,1,0,900,45
2020-06-04,Japan,NA,Chiba,6279026,0,0,900,45
2020-06-05,Japan,NA,Chiba,6279026,1,0,901,45
2020-06-06,Japan,NA,Chiba,6279026,0,0,901,45
2020-06-07,Japan,NA,Chiba,6279026,3,0,904,45
2020-06-08,Japan,NA,Chiba,6279026,0,0,904,45
2020-06-09,Japan,NA,Chiba,6279026,3,0,907,45
2020-06-10,Japan,NA,Chiba,6279026,2,0,909,45
2020-06-11,Japan,NA,Chiba,6279026,3,0,912,45
2020-06-12,Japan,NA,Chiba,6279026,3,0,915,45
2020-06-13,Japan,NA,Chiba,6279026,1,0,916,45
2020-06-14,Japan,NA,Chiba,6279026,0,0,916,45
2020-06-15,Japan,NA,Chiba,6279026,0,0,916,45
2020-06-16,Japan,NA,Chiba,6279026,0,0,916,45
2020-06-17,Japan,NA,Chiba,6279026,1,0,917,45
2020-06-18,Japan,NA,Chiba,6279026,2,0,919,45
2020-06-19,Japan,NA,Chiba,6279026,0,0,919,45
2020-06-20,Japan,NA,Chiba,6279026,2,0,921,45
2020-06-21,Japan,NA,Chiba,6279026,0,0,921,45
2020-06-22,Japan,NA,Chiba,6279026,2,0,923,45
2020-06-23,Japan,NA,Chiba,6279026,3,0,926,45
2020-06-24,Japan,NA,Chiba,6279026,4,0,930,45
2020-06-25,Japan,NA,Chiba,6279026,4,0,934,45
2020-06-26,Japan,NA,Chiba,6279026,4,0,938,45
2020-06-27,Japan,NA,Chiba,6279026,5,0,943,45
2020-06-28,Japan,NA,Chiba,6279026,3,0,946,45
2020-06-29,Japan,NA,Chiba,6279026,4,0,950,45
2020-06-30,Japan,NA,Chiba,6279026,7,0,957,45
2020-07-01,Japan,NA,Chiba,6279026,6,0,963,45
2020-07-02,Japan,NA,Chiba,6279026,11,0,974,45
2020-07-03,Japan,NA,Chiba,6279026,9,0,983,45
2020-07-04,Japan,NA,Chiba,6279026,15,0,998,45
2020-07-05,Japan,NA,Chiba,6279026,7,0,1005,45
2020-07-06,Japan,NA,Chiba,6279026,9,0,1014,45
2020-07-07,Japan,NA,Chiba,6279026,11,1,1025,46
2020-07-08,Japan,NA,Chiba,6279026,9,0,1034,46
2020-07-09,Japan,NA,Chiba,6279026,22,0,1056,46
2020-07-10,Japan,NA,Chiba,6279026,12,0,1068,46
2020-07-11,Japan,NA,Chiba,6279026,13,0,1081,46
2020-07-12,Japan,NA,Chiba,6279026,31,0,1112,46
2020-07-13,Japan,NA,Chiba,6279026,17,0,1129,46
2020-07-14,Japan,NA,Chiba,6279026,25,0,1154,46
2020-07-15,Japan,NA,Chiba,6279026,29,0,1183,46
2020-07-16,Japan,NA,Chiba,6279026,32,0,1215,46
2020-07-17,Japan,NA,Chiba,6279026,20,0,1235,46
2020-07-18,Japan,NA,Chiba,6279026,32,0,1267,46
2020-07-19,Japan,NA,Chiba,6279026,24,0,1291,46
2020-07-20,Japan,NA,Chiba,6279026,18,0,1309,46
2020-07-21,Japan,NA,Chiba,6279026,15,0,1324,46
2020-07-22,Japan,NA,Chiba,6279026,40,0,1364,46
2020-07-23,Japan,NA,Chiba,6279026,33,0,1397,46
2020-07-24,Japan,NA,Chiba,6279026,26,0,1423,46
2020-07-25,Japan,NA,Chiba,6279026,21,0,1444,46
2020-07-26,Japan,NA,Chiba,6279026,22,0,1466,46
2020-07-27,Japan,NA,Chiba,6279026,24,0,1490,46
2020-07-28,Japan,NA,Chiba,6279026,23,2,1513,48
2020-07-29,Japan,NA,Chiba,6279026,49,0,1562,48
2020-07-30,Japan,NA,Chiba,6279026,49,0,1611,48
2020-07-31,Japan,NA,Chiba,6279026,35,1,1646,49
2020-08-01,Japan,NA,Chiba,6279026,73,0,1719,49
2020-08-02,Japan,NA,Chiba,6279026,51,0,1770,49
2020-08-03,Japan,NA,Chiba,6279026,43,1,1813,50
2020-08-04,Japan,NA,Chiba,6279026,47,0,1860,50
2020-08-05,Japan,NA,Chiba,6279026,50,1,1910,51
2020-08-06,Japan,NA,Chiba,6279026,76,0,1986,51
2020-08-07,Japan,NA,Chiba,6279026,65,1,2051,52
2020-08-08,Japan,NA,Chiba,6279026,53,0,2104,52
2020-08-09,Japan,NA,Chiba,6279026,46,2,2150,54
2020-08-10,Japan,NA,Chiba,6279026,41,0,2191,54
2020-08-11,Japan,NA,Chiba,6279026,18,1,2209,55
2020-08-12,Japan,NA,Chiba,6279026,34,0,2243,55
2020-08-13,Japan,NA,Chiba,6279026,46,0,2289,55
2020-08-14,Japan,NA,Chiba,6279026,51,1,2340,56
2020-08-15,Japan,NA,Chiba,6279026,60,0,2400,56
2020-08-16,Japan,NA,Chiba,6279026,48,0,2448,56
2020-08-17,Japan,NA,Chiba,6279026,32,2,2480,58
2020-08-18,Japan,NA,Chiba,6279026,37,0,2517,58
2020-08-19,Japan,NA,Chiba,6279026,46,0,2563,58
2020-08-20,Japan,NA,Chiba,6279026,64,0,2627,58
2020-08-21,Japan,NA,Chiba,6279026,54,1,2681,59
2020-08-22,Japan,NA,Chiba,6279026,43,0,2724,59
2020-08-23,Japan,NA,Chiba,6279026,36,0,2760,59
2020-08-24,Japan,NA,Chiba,6279026,27,0,2787,59
2020-08-25,Japan,NA,Chiba,6279026,33,1,2820,60
2020-08-26,Japan,NA,Chiba,6279026,43,1,2863,61
2020-08-27,Japan,NA,Chiba,6279026,45,0,2908,61
2020-08-28,Japan,NA,Chiba,6279026,39,0,2947,61
2020-08-29,Japan,NA,Chiba,6279026,33,0,2980,61
2020-08-30,Japan,NA,Chiba,6279026,39,1,3019,62
2020-08-31,Japan,NA,Chiba,6279026,17,0,3036,62
2020-08-08,Japan,NA,Ehime,1338811,1,0,101,5
2020-08-09,Japan,NA,Ehime,1338811,1,0,102,5
2020-08-10,Japan,NA,Ehime,1338811,5,0,107,5
2020-08-11,Japan,NA,Ehime,1338811,0,0,107,5
2020-08-12,Japan,NA,Ehime,1338811,0,0,107,5
2020-08-13,Japan,NA,Ehime,1338811,1,1,108,6
2020-08-14,Japan,NA,Ehime,1338811,1,0,109,6
2020-08-15,Japan,NA,Ehime,1338811,1,0,110,6
2020-08-16,Japan,NA,Ehime,1338811,0,0,110,6
2020-08-17,Japan,NA,Ehime,1338811,0,0,110,6
2020-08-18,Japan,NA,Ehime,1338811,0,0,110,6
2020-08-19,Japan,NA,Ehime,1338811,1,0,111,6
2020-08-20,Japan,NA,Ehime,1338811,0,0,111,6
2020-08-21,Japan,NA,Ehime,1338811,1,0,112,6
2020-08-22,Japan,NA,Ehime,1338811,1,0,113,6
2020-08-23,Japan,NA,Ehime,1338811,1,0,114,6
2020-04-16,Japan,NA,Fukui,767742,3,0,103,4
2020-04-17,Japan,NA,Fukui,767742,1,0,104,4
2020-04-18,Japan,NA,Fukui,767742,2,1,106,5
2020-04-19,Japan,NA,Fukui,767742,6,0,112,5
2020-04-20,Japan,NA,Fukui,767742,1,0,113,5
2020-04-21,Japan,NA,Fukui,767742,5,0,118,5
2020-04-22,Japan,NA,Fukui,767742,1,0,119,5
2020-04-23,Japan,NA,Fukui,767742,0,1,119,6
2020-04-24,Japan,NA,Fukui,767742,1,0,120,6
2020-04-25,Japan,NA,Fukui,767742,0,0,120,6
2020-04-26,Japan,NA,Fukui,767742,1,0,121,6
2020-04-27,Japan,NA,Fukui,767742,0,1,121,7
2020-04-28,Japan,NA,Fukui,767742,1,0,122,7
2020-04-29,Japan,NA,Fukui,767742,0,0,122,7
2020-04-30,Japan,NA,Fukui,767742,0,1,122,8
2020-05-01,Japan,NA,Fukui,767742,0,0,122,8
2020-05-02,Japan,NA,Fukui,767742,0,0,122,8
2020-05-03,Japan,NA,Fukui,767742,0,0,122,8
2020-05-04,Japan,NA,Fukui,767742,0,0,122,8
2020-05-05,Japan,NA,Fukui,767742,0,0,122,8
2020-05-06,Japan,NA,Fukui,767742,0,0,122,8
2020-05-07,Japan,NA,Fukui,767742,0,0,122,8
2020-05-08,Japan,NA,Fukui,767742,0,0,122,8
2020-05-09,Japan,NA,Fukui,767742,0,0,122,8
2020-05-10,Japan,NA,Fukui,767742,0,0,122,8
2020-05-11,Japan,NA,Fukui,767742,0,0,122,8
2020-05-12,Japan,NA,Fukui,767742,0,0,122,8
2020-05-13,Japan,NA,Fukui,767742,0,0,122,8
2020-05-14,Japan,NA,Fukui,767742,0,0,122,8
2020-05-15,Japan,NA,Fukui,767742,0,0,122,8
2020-05-16,Japan,NA,Fukui,767742,0,0,122,8
2020-05-17,Japan,NA,Fukui,767742,0,0,122,8
2020-05-18,Japan,NA,Fukui,767742,0,0,122,8
2020-05-19,Japan,NA,Fukui,767742,0,0,122,8
2020-05-20,Japan,NA,Fukui,767742,0,0,122,8
2020-05-21,Japan,NA,Fukui,767742,0,0,122,8
2020-05-22,Japan,NA,Fukui,767742,0,0,122,8
2020-05-23,Japan,NA,Fukui,767742,0,0,122,8
2020-05-24,Japan,NA,Fukui,767742,0,0,122,8
2020-05-25,Japan,NA,Fukui,767742,0,0,122,8
2020-05-26,Japan,NA,Fukui,767742,0,0,122,8
2020-05-27,Japan,NA,Fukui,767742,0,0,122,8
2020-05-28,Japan,NA,Fukui,767742,0,0,122,8
2020-05-29,Japan,NA,Fukui,767742,0,0,122,8
2020-05-30,Japan,NA,Fukui,767742,0,0,122,8
2020-05-31,Japan,NA,Fukui,767742,0,0,122,8
2020-06-01,Japan,NA,Fukui,767742,0,0,122,8
2020-06-02,Japan,NA,Fukui,767742,0,0,122,8
2020-06-03,Japan,NA,Fukui,767742,0,0,122,8
2020-06-04,Japan,NA,Fukui,767742,0,0,122,8
2020-06-05,Japan,NA,Fukui,767742,0,0,122,8
2020-06-06,Japan,NA,Fukui,767742,0,0,122,8
2020-06-07,Japan,NA,Fukui,767742,0,0,122,8
2020-06-08,Japan,NA,Fukui,767742,0,0,122,8
2020-06-09,Japan,NA,Fukui,767742,0,0,122,8
2020-06-10,Japan,NA,Fukui,767742,0,0,122,8
2020-06-11,Japan,NA,Fukui,767742,0,0,122,8
2020-06-12,Japan,NA,Fukui,767742,0,0,122,8
2020-06-13,Japan,NA,Fukui,767742,0,0,122,8
2020-06-14,Japan,NA,Fukui,767742,0,0,122,8
2020-06-15,Japan,NA,Fukui,767742,0,0,122,8
2020-06-16,Japan,NA,Fukui,767742,0,0,122,8
2020-06-17,Japan,NA,Fukui,767742,0,0,122,8
2020-06-18,Japan,NA,Fukui,767742,0,0,122,8
2020-06-19,Japan,NA,Fukui,767742,0,0,122,8
2020-06-20,Japan,NA,Fukui,767742,0,0,122,8
2020-06-21,Japan,NA,Fukui,767742,0,0,122,8
2020-06-22,Japan,NA,Fukui,767742,0,0,122,8
2020-06-23,Japan,NA,Fukui,767742,0,0,122,8
2020-06-24,Japan,NA,Fukui,767742,0,0,122,8
2020-06-25,Japan,NA,Fukui,767742,0,0,122,8
2020-06-26,Japan,NA,Fukui,767742,0,0,122,8
2020-06-27,Japan,NA,Fukui,767742,0,0,122,8
2020-06-28,Japan,NA,Fukui,767742,0,0,122,8
2020-06-29,Japan,NA,Fukui,767742,0,0,122,8
2020-06-30,Japan,NA,Fukui,767742,0,0,122,8
2020-07-01,Japan,NA,Fukui,767742,0,0,122,8
2020-07-02,Japan,NA,Fukui,767742,0,0,122,8
2020-07-03,Japan,NA,Fukui,767742,0,0,122,8
2020-07-04,Japan,NA,Fukui,767742,0,0,122,8
2020-07-05,Japan,NA,Fukui,767742,0,0,122,8
2020-07-06,Japan,NA,Fukui,767742,0,0,122,8
2020-07-07,Japan,NA,Fukui,767742,0,0,122,8
2020-07-08,Japan,NA,Fukui,767742,0,0,122,8
2020-07-09,Japan,NA,Fukui,767742,0,0,122,8
2020-07-10,Japan,NA,Fukui,767742,0,0,122,8
2020-07-11,Japan,NA,Fukui,767742,0,0,122,8
2020-07-12,Japan,NA,Fukui,767742,1,0,123,8
2020-07-13,Japan,NA,Fukui,767742,1,0,124,8
2020-07-14,Japan,NA,Fukui,767742,0,0,124,8
2020-07-15,Japan,NA,Fukui,767742,1,0,125,8
2020-07-16,Japan,NA,Fukui,767742,0,0,125,8
2020-07-17,Japan,NA,Fukui,767742,1,0,126,8
2020-07-18,Japan,NA,Fukui,767742,0,0,126,8
2020-07-19,Japan,NA,Fukui,767742,0,0,126,8
2020-07-20,Japan,NA,Fukui,767742,0,0,126,8
2020-07-21,Japan,NA,Fukui,767742,0,0,126,8
2020-07-22,Japan,NA,Fukui,767742,0,0,126,8
2020-07-23,Japan,NA,Fukui,767742,1,0,127,8
2020-07-24,Japan,NA,Fukui,767742,0,0,127,8
2020-07-25,Japan,NA,Fukui,767742,0,0,127,8
2020-07-26,Japan,NA,Fukui,767742,2,0,129,8
2020-07-27,Japan,NA,Fukui,767742,0,0,129,8
2020-07-28,Japan,NA,Fukui,767742,0,0,129,8
2020-07-29,Japan,NA,Fukui,767742,6,0,135,8
2020-07-30,Japan,NA,Fukui,767742,2,0,137,8
2020-07-31,Japan,NA,Fukui,767742,2,0,139,8
2020-08-01,Japan,NA,Fukui,767742,0,0,139,8
2020-08-02,Japan,NA,Fukui,767742,1,0,140,8
2020-08-03,Japan,NA,Fukui,767742,2,0,142,8
2020-08-04,Japan,NA,Fukui,767742,3,0,145,8
2020-08-05,Japan,NA,Fukui,767742,4,0,149,8
2020-08-06,Japan,NA,Fukui,767742,3,0,152,8
2020-08-07,Japan,NA,Fukui,767742,1,0,153,8
2020-08-08,Japan,NA,Fukui,767742,0,0,153,8
2020-08-09,Japan,NA,Fukui,767742,1,0,154,8
2020-08-10,Japan,NA,Fukui,767742,0,0,154,8
2020-08-11,Japan,NA,Fukui,767742,0,0,154,8
2020-08-12,Japan,NA,Fukui,767742,0,0,154,8
2020-08-13,Japan,NA,Fukui,767742,0,0,154,8
2020-08-14,Japan,NA,Fukui,767742,0,0,154,8
2020-08-15,Japan,NA,Fukui,767742,0,0,154,8
2020-08-16,Japan,NA,Fukui,767742,1,0,155,8
2020-08-17,Japan,NA,Fukui,767742,0,0,155,8
2020-08-18,Japan,NA,Fukui,767742,0,0,155,8
2020-08-19,Japan,NA,Fukui,767742,0,0,155,8
2020-08-20,Japan,NA,Fukui,767742,1,0,156,8
2020-08-21,Japan,NA,Fukui,767742,1,0,157,8
2020-08-22,Japan,NA,Fukui,767742,4,0,161,8
2020-08-23,Japan,NA,Fukui,767742,2,0,163,8
2020-08-24,Japan,NA,Fukui,767742,1,0,164,8
2020-08-25,Japan,NA,Fukui,767742,7,0,171,8
2020-08-26,Japan,NA,Fukui,767742,6,0,177,8
2020-08-27,Japan,NA,Fukui,767742,13,0,190,8
2020-08-28,Japan,NA,Fukui,767742,16,0,206,8
2020-08-29,Japan,NA,Fukui,767742,5,0,211,8
2020-08-30,Japan,NA,Fukui,767742,11,0,222,8
2020-08-31,Japan,NA,Fukui,767742,6,0,228,8
2020-04-03,Japan,NA,Fukuoka,5110113,19,1,119,1
2020-04-04,Japan,NA,Fukuoka,5110113,27,0,146,1
2020-04-05,Japan,NA,Fukuoka,5110113,16,0,162,1
2020-04-06,Japan,NA,Fukuoka,5110113,14,0,176,1
2020-04-07,Japan,NA,Fukuoka,5110113,23,0,199,1
2020-04-08,Japan,NA,Fukuoka,5110113,25,0,224,1
2020-04-09,Japan,NA,Fukuoka,5110113,26,0,250,1
2020-04-10,Japan,NA,Fukuoka,5110113,39,0,289,1
2020-04-11,Japan,NA,Fukuoka,5110113,43,0,332,1
2020-04-12,Japan,NA,Fukuoka,5110113,30,0,362,1
2020-04-13,Japan,NA,Fukuoka,5110113,11,1,373,2
2020-04-14,Japan,NA,Fukuoka,5110113,32,2,405,4
2020-04-15,Japan,NA,Fukuoka,5110113,30,2,435,6
2020-04-16,Japan,NA,Fukuoka,5110113,26,2,461,8
2020-04-17,Japan,NA,Fukuoka,5110113,17,1,478,9
2020-04-18,Japan,NA,Fukuoka,5110113,24,1,502,10
2020-04-19,Japan,NA,Fukuoka,5110113,16,1,518,11
2020-04-20,Japan,NA,Fukuoka,5110113,2,1,520,12
2020-04-21,Japan,NA,Fukuoka,5110113,21,0,541,12
2020-04-22,Japan,NA,Fukuoka,5110113,21,1,562,13
2020-04-23,Japan,NA,Fukuoka,5110113,12,2,574,15
2020-04-24,Japan,NA,Fukuoka,5110113,12,0,586,15
2020-04-25,Japan,NA,Fukuoka,5110113,14,0,600,15
2020-04-26,Japan,NA,Fukuoka,5110113,11,1,611,16
2020-04-27,Japan,NA,Fukuoka,5110113,9,1,620,17
2020-04-28,Japan,NA,Fukuoka,5110113,4,0,624,17
2020-04-29,Japan,NA,Fukuoka,5110113,13,2,637,19
2020-04-30,Japan,NA,Fukuoka,5110113,3,1,640,20
2020-05-01,Japan,NA,Fukuoka,5110113,3,1,643,21
2020-05-02,Japan,NA,Fukuoka,5110113,3,1,646,22
2020-05-03,Japan,NA,Fukuoka,5110113,0,2,646,24
2020-05-04,Japan,NA,Fukuoka,5110113,1,0,647,24
2020-05-05,Japan,NA,Fukuoka,5110113,1,0,648,24
2020-05-06,Japan,NA,Fukuoka,5110113,1,0,649,24
2020-05-07,Japan,NA,Fukuoka,5110113,1,0,650,24
2020-05-08,Japan,NA,Fukuoka,5110113,0,0,650,24
2020-05-09,Japan,NA,Fukuoka,5110113,2,0,652,24
2020-05-10,Japan,NA,Fukuoka,5110113,1,0,653,24
2020-05-11,Japan,NA,Fukuoka,5110113,0,0,653,24
2020-05-12,Japan,NA,Fukuoka,5110113,1,0,654,24
2020-05-13,Japan,NA,Fukuoka,5110113,0,1,654,25
2020-05-14,Japan,NA,Fukuoka,5110113,1,0,655,25
2020-05-15,Japan,NA,Fukuoka,5110113,0,0,655,25
2020-05-16,Japan,NA,Fukuoka,5110113,0,0,655,25
2020-05-17,Japan,NA,Fukuoka,5110113,0,0,655,25
2020-05-18,Japan,NA,Fukuoka,5110113,0,0,655,25
2020-05-19,Japan,NA,Fukuoka,5110113,0,0,655,25
2020-05-20,Japan,NA,Fukuoka,5110113,0,0,655,25
2020-05-21,Japan,NA,Fukuoka,5110113,0,0,655,25
2020-05-22,Japan,NA,Fukuoka,5110113,0,0,655,25
2020-05-23,Japan,NA,Fukuoka,5110113,4,0,659,25
2020-05-24,Japan,NA,Fukuoka,5110113,3,1,662,26
2020-05-25,Japan,NA,Fukuoka,5110113,6,0,668,26
2020-05-26,Japan,NA,Fukuoka,5110113,2,0,670,26
2020-05-27,Japan,NA,Fukuoka,5110113,8,0,678,26
2020-05-28,Japan,NA,Fukuoka,5110113,21,1,699,27
2020-05-29,Japan,NA,Fukuoka,5110113,26,0,725,27
2020-05-30,Japan,NA,Fukuoka,5110113,16,0,741,27
2020-05-31,Japan,NA,Fukuoka,5110113,12,1,753,28
2020-06-01,Japan,NA,Fukuoka,5110113,16,1,769,29
2020-06-02,Japan,NA,Fukuoka,5110113,6,0,775,29
2020-06-03,Japan,NA,Fukuoka,5110113,6,0,781,29
2020-06-04,Japan,NA,Fukuoka,5110113,6,1,787,30
2020-06-05,Japan,NA,Fukuoka,5110113,5,0,792,30
2020-06-06,Japan,NA,Fukuoka,5110113,2,0,794,30
2020-06-07,Japan,NA,Fukuoka,5110113,3,0,797,30
2020-06-08,Japan,NA,Fukuoka,5110113,3,0,800,30
2020-06-09,Japan,NA,Fukuoka,5110113,3,0,803,30
2020-06-10,Japan,NA,Fukuoka,5110113,2,1,805,31
2020-06-11,Japan,NA,Fukuoka,5110113,2,0,807,31
2020-06-12,Japan,NA,Fukuoka,5110113,9,1,816,32
2020-06-13,Japan,NA,Fukuoka,5110113,1,0,817,32
2020-06-14,Japan,NA,Fukuoka,5110113,3,0,820,32
2020-06-15,Japan,NA,Fukuoka,5110113,1,0,821,32
2020-06-16,Japan,NA,Fukuoka,5110113,1,0,822,32
2020-06-17,Japan,NA,Fukuoka,5110113,3,0,825,32
2020-06-18,Japan,NA,Fukuoka,5110113,3,1,828,33
2020-06-19,Japan,NA,Fukuoka,5110113,4,0,832,33
2020-06-20,Japan,NA,Fukuoka,5110113,0,0,832,33
2020-06-21,Japan,NA,Fukuoka,5110113,0,0,832,33
2020-06-22,Japan,NA,Fukuoka,5110113,0,0,832,33
2020-06-23,Japan,NA,Fukuoka,5110113,3,0,835,33
2020-06-24,Japan,NA,Fukuoka,5110113,1,0,836,33
2020-06-25,Japan,NA,Fukuoka,5110113,1,0,837,33
2020-06-26,Japan,NA,Fukuoka,5110113,0,0,837,33
2020-06-27,Japan,NA,Fukuoka,5110113,1,0,838,33
2020-06-28,Japan,NA,Fukuoka,5110113,0,0,838,33
2020-06-29,Japan,NA,Fukuoka,5110113,1,0,839,33
2020-06-30,Japan,NA,Fukuoka,5110113,4,0,843,33
2020-07-01,Japan,NA,Fukuoka,5110113,4,0,847,33
2020-07-02,Japan,NA,Fukuoka,5110113,4,0,851,33
2020-07-03,Japan,NA,Fukuoka,5110113,4,0,855,33
2020-07-04,Japan,NA,Fukuoka,5110113,6,0,861,33
2020-07-05,Japan,NA,Fukuoka,5110113,9,0,870,33
2020-07-06,Japan,NA,Fukuoka,5110113,1,0,871,33
2020-07-07,Japan,NA,Fukuoka,5110113,7,0,878,33
2020-07-08,Japan,NA,Fukuoka,5110113,13,0,891,33
2020-07-09,Japan,NA,Fukuoka,5110113,4,0,895,33
2020-07-10,Japan,NA,Fukuoka,5110113,6,0,901,33
2020-07-11,Japan,NA,Fukuoka,5110113,9,0,910,33
2020-07-12,Japan,NA,Fukuoka,5110113,5,0,915,33
2020-07-13,Japan,NA,Fukuoka,5110113,2,0,917,33
2020-07-14,Japan,NA,Fukuoka,5110113,4,0,921,33
2020-07-15,Japan,NA,Fukuoka,5110113,9,0,930,33
2020-07-16,Japan,NA,Fukuoka,5110113,16,0,946,33
2020-07-17,Japan,NA,Fukuoka,5110113,19,0,965,33
2020-07-18,Japan,NA,Fukuoka,5110113,24,0,989,33
2020-07-19,Japan,NA,Fukuoka,5110113,32,0,1021,33
2020-07-20,Japan,NA,Fukuoka,5110113,32,0,1053,33
2020-07-21,Japan,NA,Fukuoka,5110113,53,0,1106,33
2020-07-22,Japan,NA,Fukuoka,5110113,61,0,1167,33
2020-07-23,Japan,NA,Fukuoka,5110113,66,0,1233,33
2020-07-24,Japan,NA,Fukuoka,5110113,52,0,1285,33
2020-07-25,Japan,NA,Fukuoka,5110113,49,0,1334,33
2020-07-26,Japan,NA,Fukuoka,5110113,90,0,1424,33
2020-07-27,Japan,NA,Fukuoka,5110113,49,0,1473,33
2020-07-28,Japan,NA,Fukuoka,5110113,54,0,1527,33
2020-07-29,Japan,NA,Fukuoka,5110113,101,0,1628,33
2020-07-30,Japan,NA,Fukuoka,5110113,121,0,1749,33
2020-07-31,Japan,NA,Fukuoka,5110113,169,1,1918,34
2020-08-01,Japan,NA,Fukuoka,5110113,121,0,2039,34
2020-08-02,Japan,NA,Fukuoka,5110113,145,0,2184,34
2020-08-03,Japan,NA,Fukuoka,5110113,75,1,2259,35
2020-08-04,Japan,NA,Fukuoka,5110113,87,0,2346,35
2020-08-05,Japan,NA,Fukuoka,5110113,122,0,2468,35
2020-08-06,Japan,NA,Fukuoka,5110113,136,1,2604,36
2020-08-07,Japan,NA,Fukuoka,5110113,139,0,2743,36
2020-08-08,Japan,NA,Fukuoka,5110113,150,1,2893,37
2020-08-09,Japan,NA,Fukuoka,5110113,109,0,3002,37
2020-08-10,Japan,NA,Fukuoka,5110113,72,0,3074,37
2020-08-11,Japan,NA,Fukuoka,5110113,54,1,3128,38
2020-08-12,Japan,NA,Fukuoka,5110113,76,0,3204,38
2020-08-13,Japan,NA,Fukuoka,5110113,143,1,3347,39
2020-08-14,Japan,NA,Fukuoka,5110113,125,0,3472,39
2020-08-15,Japan,NA,Fukuoka,5110113,75,0,3547,39
2020-08-16,Japan,NA,Fukuoka,5110113,74,2,3621,41
2020-08-17,Japan,NA,Fukuoka,5110113,50,1,3671,42
2020-08-18,Japan,NA,Fukuoka,5110113,45,3,3716,45
2020-08-19,Japan,NA,Fukuoka,5110113,102,1,3818,46
2020-08-20,Japan,NA,Fukuoka,5110113,70,1,3888,47
2020-08-21,Japan,NA,Fukuoka,5110113,87,0,3975,47
2020-08-22,Japan,NA,Fukuoka,5110113,68,1,4043,48
2020-08-23,Japan,NA,Fukuoka,5110113,62,2,4105,50
2020-08-24,Japan,NA,Fukuoka,5110113,51,1,4156,51
2020-08-25,Japan,NA,Fukuoka,5110113,53,1,4209,52
2020-08-26,Japan,NA,Fukuoka,5110113,59,1,4268,53
2020-08-27,Japan,NA,Fukuoka,5110113,64,0,4332,53
2020-08-28,Japan,NA,Fukuoka,5110113,66,3,4398,56
2020-08-29,Japan,NA,Fukuoka,5110113,76,3,4474,59
2020-08-30,Japan,NA,Fukuoka,5110113,80,1,4554,60
2020-08-31,Japan,NA,Fukuoka,5110113,30,2,4584,62
2020-08-13,Japan,NA,Fukushima,1844173,1,0,101,0
2020-08-14,Japan,NA,Fukushima,1844173,1,0,102,0
2020-08-15,Japan,NA,Fukushima,1844173,3,0,105,0
2020-08-16,Japan,NA,Fukushima,1844173,0,0,105,0
2020-08-17,Japan,NA,Fukushima,1844173,1,0,106,0
2020-08-18,Japan,NA,Fukushima,1844173,3,0,109,0
2020-08-19,Japan,NA,Fukushima,1844173,4,0,113,0
2020-08-20,Japan,NA,Fukushima,1844173,7,0,120,0
2020-08-21,Japan,NA,Fukushima,1844173,2,0,122,0
2020-08-22,Japan,NA,Fukushima,1844173,2,0,124,0
2020-08-23,Japan,NA,Fukushima,1844173,1,0,125,0
2020-08-24,Japan,NA,Fukushima,1844173,3,0,128,0
2020-08-25,Japan,NA,Fukushima,1844173,6,0,134,0
2020-08-26,Japan,NA,Fukushima,1844173,5,0,139,0
2020-08-27,Japan,NA,Fukushima,1844173,7,0,146,0
2020-08-28,Japan,NA,Fukushima,1844173,5,0,151,0
2020-08-29,Japan,NA,Fukushima,1844173,6,0,157,0
2020-08-30,Japan,NA,Fukushima,1844173,1,0,158,0
2020-08-31,Japan,NA,Fukushima,1844173,3,0,161,0
2020-04-11,Japan,NA,Gifu,1991390,9,0,106,1
2020-04-12,Japan,NA,Gifu,1991390,6,0,112,1
2020-04-13,Japan,NA,Gifu,1991390,7,0,119,1
2020-04-14,Japan,NA,Gifu,1991390,8,0,127,1
2020-04-15,Japan,NA,Gifu,1991390,3,0,130,1
2020-04-16,Japan,NA,Gifu,1991390,5,0,135,1
2020-04-17,Japan,NA,Gifu,1991390,1,1,136,2
2020-04-18,Japan,NA,Gifu,1991390,1,0,137,2
2020-04-19,Japan,NA,Gifu,1991390,2,1,139,3
2020-04-20,Japan,NA,Gifu,1991390,0,1,139,4
2020-04-21,Japan,NA,Gifu,1991390,5,1,144,5
2020-04-22,Japan,NA,Gifu,1991390,3,1,147,6
2020-04-23,Japan,NA,Gifu,1991390,2,0,149,6
2020-04-24,Japan,NA,Gifu,1991390,0,0,149,6
2020-04-25,Japan,NA,Gifu,1991390,0,0,149,6
2020-04-26,Japan,NA,Gifu,1991390,0,0,149,6
2020-04-27,Japan,NA,Gifu,1991390,0,0,149,6
2020-04-28,Japan,NA,Gifu,1991390,0,0,149,6
2020-04-29,Japan,NA,Gifu,1991390,0,0,149,6
2020-04-30,Japan,NA,Gifu,1991390,0,0,149,6
2020-05-01,Japan,NA,Gifu,1991390,0,0,149,6
2020-05-02,Japan,NA,Gifu,1991390,1,0,150,6
2020-05-03,Japan,NA,Gifu,1991390,0,0,150,6
2020-05-04,Japan,NA,Gifu,1991390,0,0,150,6
2020-05-05,Japan,NA,Gifu,1991390,0,0,150,6
2020-05-06,Japan,NA,Gifu,1991390,0,0,150,6
2020-05-07,Japan,NA,Gifu,1991390,0,0,150,6
2020-05-08,Japan,NA,Gifu,1991390,0,0,150,6
2020-05-09,Japan,NA,Gifu,1991390,0,0,150,6
2020-05-10,Japan,NA,Gifu,1991390,0,0,150,6
2020-05-11,Japan,NA,Gifu,1991390,0,0,150,6
2020-05-12,Japan,NA,Gifu,1991390,0,0,150,6
2020-05-13,Japan,NA,Gifu,1991390,0,0,150,6
2020-05-14,Japan,NA,Gifu,1991390,0,1,150,7
2020-05-15,Japan,NA,Gifu,1991390,0,0,150,7
2020-05-16,Japan,NA,Gifu,1991390,0,0,150,7
2020-05-17,Japan,NA,Gifu,1991390,0,0,150,7
2020-05-18,Japan,NA,Gifu,1991390,0,0,150,7
2020-05-19,Japan,NA,Gifu,1991390,0,0,150,7
2020-05-20,Japan,NA,Gifu,1991390,0,0,150,7
2020-05-21,Japan,NA,Gifu,1991390,0,0,150,7
2020-05-22,Japan,NA,Gifu,1991390,0,0,150,7
2020-05-23,Japan,NA,Gifu,1991390,0,0,150,7
2020-05-24,Japan,NA,Gifu,1991390,0,0,150,7
2020-05-25,Japan,NA,Gifu,1991390,0,0,150,7
2020-05-26,Japan,NA,Gifu,1991390,0,0,150,7
2020-05-27,Japan,NA,Gifu,1991390,0,0,150,7
2020-05-28,Japan,NA,Gifu,1991390,0,0,150,7
2020-05-29,Japan,NA,Gifu,1991390,0,0,150,7
2020-05-30,Japan,NA,Gifu,1991390,0,0,150,7
2020-05-31,Japan,NA,Gifu,1991390,0,0,150,7
2020-06-01,Japan,NA,Gifu,1991390,1,0,151,7
2020-06-02,Japan,NA,Gifu,1991390,0,0,151,7
2020-06-03,Japan,NA,Gifu,1991390,0,0,151,7
2020-06-04,Japan,NA,Gifu,1991390,0,0,151,7
2020-06-05,Japan,NA,Gifu,1991390,0,0,151,7
2020-06-06,Japan,NA,Gifu,1991390,0,0,151,7
2020-06-07,Japan,NA,Gifu,1991390,0,0,151,7
2020-06-08,Japan,NA,Gifu,1991390,1,0,152,7
2020-06-09,Japan,NA,Gifu,1991390,1,0,153,7
2020-06-10,Japan,NA,Gifu,1991390,0,0,153,7
2020-06-11,Japan,NA,Gifu,1991390,0,0,153,7
2020-06-12,Japan,NA,Gifu,1991390,0,0,153,7
2020-06-13,Japan,NA,Gifu,1991390,0,0,153,7
2020-06-14,Japan,NA,Gifu,1991390,0,0,153,7
2020-06-15,Japan,NA,Gifu,1991390,1,0,154,7
2020-06-16,Japan,NA,Gifu,1991390,0,0,154,7
2020-06-17,Japan,NA,Gifu,1991390,1,0,155,7
2020-06-18,Japan,NA,Gifu,1991390,0,0,155,7
2020-06-19,Japan,NA,Gifu,1991390,0,0,155,7
2020-06-20,Japan,NA,Gifu,1991390,1,0,156,7
2020-06-21,Japan,NA,Gifu,1991390,0,0,156,7
2020-06-22,Japan,NA,Gifu,1991390,0,0,156,7
2020-06-23,Japan,NA,Gifu,1991390,0,0,156,7
2020-06-24,Japan,NA,Gifu,1991390,0,0,156,7
2020-06-25,Japan,NA,Gifu,1991390,0,0,156,7
2020-06-26,Japan,NA,Gifu,1991390,0,0,156,7
2020-06-27,Japan,NA,Gifu,1991390,0,0,156,7
2020-06-28,Japan,NA,Gifu,1991390,0,0,156,7
2020-06-29,Japan,NA,Gifu,1991390,0,0,156,7
2020-06-30,Japan,NA,Gifu,1991390,0,0,156,7
2020-07-01,Japan,NA,Gifu,1991390,1,0,157,7
2020-07-02,Japan,NA,Gifu,1991390,3,0,160,7
2020-07-03,Japan,NA,Gifu,1991390,0,0,160,7
2020-07-04,Japan,NA,Gifu,1991390,0,0,160,7
2020-07-05,Japan,NA,Gifu,1991390,0,0,160,7
2020-07-06,Japan,NA,Gifu,1991390,0,0,160,7
2020-07-07,Japan,NA,Gifu,1991390,0,0,160,7
2020-07-08,Japan,NA,Gifu,1991390,0,0,160,7
2020-07-09,Japan,NA,Gifu,1991390,2,0,162,7
2020-07-10,Japan,NA,Gifu,1991390,0,0,162,7
2020-07-11,Japan,NA,Gifu,1991390,0,0,162,7
2020-07-12,Japan,NA,Gifu,1991390,0,0,162,7
2020-07-13,Japan,NA,Gifu,1991390,0,0,162,7
2020-07-14,Japan,NA,Gifu,1991390,3,0,165,7
2020-07-15,Japan,NA,Gifu,1991390,1,0,166,7
2020-07-16,Japan,NA,Gifu,1991390,2,0,168,7
2020-07-17,Japan,NA,Gifu,1991390,4,0,172,7
2020-07-18,Japan,NA,Gifu,1991390,1,0,173,7
2020-07-19,Japan,NA,Gifu,1991390,4,0,177,7
2020-07-20,Japan,NA,Gifu,1991390,3,0,180,7
2020-07-21,Japan,NA,Gifu,1991390,14,0,194,7
2020-07-22,Japan,NA,Gifu,1991390,6,0,200,7
2020-07-23,Japan,NA,Gifu,1991390,8,0,208,7
2020-07-24,Japan,NA,Gifu,1991390,8,0,216,7
2020-07-25,Japan,NA,Gifu,1991390,4,0,220,7
2020-07-26,Japan,NA,Gifu,1991390,11,0,231,7
2020-07-27,Japan,NA,Gifu,1991390,9,0,240,7
2020-07-28,Japan,NA,Gifu,1991390,25,0,265,7
2020-07-29,Japan,NA,Gifu,1991390,30,0,295,7
2020-07-30,Japan,NA,Gifu,1991390,17,0,312,7
2020-07-31,Japan,NA,Gifu,1991390,19,0,331,7
2020-08-01,Japan,NA,Gifu,1991390,13,0,344,7
2020-08-02,Japan,NA,Gifu,1991390,7,0,351,7
2020-08-03,Japan,NA,Gifu,1991390,11,0,362,7
2020-08-04,Japan,NA,Gifu,1991390,17,0,379,7
2020-08-05,Japan,NA,Gifu,1991390,21,0,400,7
2020-08-06,Japan,NA,Gifu,1991390,20,0,420,7
2020-08-07,Japan,NA,Gifu,1991390,15,0,435,7
2020-08-08,Japan,NA,Gifu,1991390,15,0,450,7
2020-08-09,Japan,NA,Gifu,1991390,15,0,465,7
2020-08-10,Japan,NA,Gifu,1991390,7,0,472,7
2020-08-11,Japan,NA,Gifu,1991390,3,0,475,7
2020-08-12,Japan,NA,Gifu,1991390,9,0,484,7
2020-08-13,Japan,NA,Gifu,1991390,8,0,492,7
2020-08-14,Japan,NA,Gifu,1991390,8,0,500,7
2020-08-15,Japan,NA,Gifu,1991390,11,0,511,7
2020-08-16,Japan,NA,Gifu,1991390,1,0,512,7
2020-08-17,Japan,NA,Gifu,1991390,4,1,516,8
2020-08-18,Japan,NA,Gifu,1991390,4,0,520,8
2020-08-19,Japan,NA,Gifu,1991390,3,0,523,8
2020-08-20,Japan,NA,Gifu,1991390,9,0,532,8
2020-08-21,Japan,NA,Gifu,1991390,1,1,533,9
2020-08-22,Japan,NA,Gifu,1991390,5,0,538,9
2020-08-23,Japan,NA,Gifu,1991390,1,0,539,9
2020-08-24,Japan,NA,Gifu,1991390,4,0,543,9
2020-08-25,Japan,NA,Gifu,1991390,5,0,548,9
2020-08-26,Japan,NA,Gifu,1991390,1,0,549,9
2020-08-27,Japan,NA,Gifu,1991390,2,0,551,9
2020-08-28,Japan,NA,Gifu,1991390,0,0,551,9
2020-08-29,Japan,NA,Gifu,1991390,4,1,555,10
2020-04-15,Japan,NA,Gunma,1937626,10,0,106,4
2020-04-16,Japan,NA,Gunma,1937626,6,0,112,4
2020-04-17,Japan,NA,Gunma,1937626,2,0,114,4
2020-04-18,Japan,NA,Gunma,1937626,6,1,120,5
2020-04-19,Japan,NA,Gunma,1937626,2,1,122,6
2020-04-20,Japan,NA,Gunma,1937626,2,2,124,8
2020-04-21,Japan,NA,Gunma,1937626,7,1,131,9
2020-04-22,Japan,NA,Gunma,1937626,3,0,134,9
2020-04-23,Japan,NA,Gunma,1937626,4,2,138,11
2020-04-24,Japan,NA,Gunma,1937626,2,1,140,12
2020-04-25,Japan,NA,Gunma,1937626,0,0,140,12
2020-04-26,Japan,NA,Gunma,1937626,1,2,141,14
2020-04-27,Japan,NA,Gunma,1937626,5,1,146,15
2020-04-28,Japan,NA,Gunma,1937626,0,0,146,15
2020-04-29,Japan,NA,Gunma,1937626,0,0,146,15
2020-04-30,Japan,NA,Gunma,1937626,0,1,146,16
2020-05-01,Japan,NA,Gunma,1937626,0,0,146,16
2020-05-02,Japan,NA,Gunma,1937626,0,0,146,16
2020-05-03,Japan,NA,Gunma,1937626,0,0,146,16
2020-05-04,Japan,NA,Gunma,1937626,0,0,146,16
2020-05-05,Japan,NA,Gunma,1937626,0,0,146,16
2020-05-06,Japan,NA,Gunma,1937626,1,2,147,18
2020-05-07,Japan,NA,Gunma,1937626,0,0,147,18
2020-05-08,Japan,NA,Gunma,1937626,0,0,147,18
2020-05-09,Japan,NA,Gunma,1937626,0,0,147,18
2020-05-10,Japan,NA,Gunma,1937626,0,0,147,18
2020-05-11,Japan,NA,Gunma,1937626,0,0,147,18
2020-05-12,Japan,NA,Gunma,1937626,0,0,147,18
2020-05-13,Japan,NA,Gunma,1937626,0,0,147,18
2020-05-14,Japan,NA,Gunma,1937626,0,0,147,18
2020-05-15,Japan,NA,Gunma,1937626,0,0,147,18
2020-05-16,Japan,NA,Gunma,1937626,0,0,147,18
2020-05-17,Japan,NA,Gunma,1937626,0,0,147,18
2020-05-18,Japan,NA,Gunma,1937626,0,0,147,18
2020-05-19,Japan,NA,Gunma,1937626,1,0,148,18
2020-05-20,Japan,NA,Gunma,1937626,0,1,148,19
2020-05-21,Japan,NA,Gunma,1937626,0,0,148,19
2020-05-22,Japan,NA,Gunma,1937626,1,0,149,19
2020-05-23,Japan,NA,Gunma,1937626,0,0,149,19
2020-05-24,Japan,NA,Gunma,1937626,0,0,149,19
2020-05-25,Japan,NA,Gunma,1937626,0,0,149,19
2020-05-26,Japan,NA,Gunma,1937626,0,0,149,19
2020-05-27,Japan,NA,Gunma,1937626,0,0,149,19
2020-05-28,Japan,NA,Gunma,1937626,0,0,149,19
2020-05-29,Japan,NA,Gunma,1937626,0,0,149,19
2020-05-30,Japan,NA,Gunma,1937626,0,0,149,19
2020-05-31,Japan,NA,Gunma,1937626,0,0,149,19
2020-06-01,Japan,NA,Gunma,1937626,0,0,149,19
2020-06-02,Japan,NA,Gunma,1937626,0,0,149,19
2020-06-03,Japan,NA,Gunma,1937626,0,0,149,19
2020-06-04,Japan,NA,Gunma,1937626,0,0,149,19
2020-06-05,Japan,NA,Gunma,1937626,2,0,151,19
2020-06-06,Japan,NA,Gunma,1937626,0,0,151,19
2020-06-07,Japan,NA,Gunma,1937626,0,0,151,19
2020-06-08,Japan,NA,Gunma,1937626,0,0,151,19
2020-06-09,Japan,NA,Gunma,1937626,0,0,151,19
2020-06-10,Japan,NA,Gunma,1937626,0,0,151,19
2020-06-11,Japan,NA,Gunma,1937626,0,0,151,19
2020-06-12,Japan,NA,Gunma,1937626,0,0,151,19
2020-06-13,Japan,NA,Gunma,1937626,0,0,151,19
2020-06-14,Japan,NA,Gunma,1937626,0,0,151,19
2020-06-15,Japan,NA,Gunma,1937626,0,0,151,19
2020-06-16,Japan,NA,Gunma,1937626,0,0,151,19
2020-06-17,Japan,NA,Gunma,1937626,0,0,151,19
2020-06-18,Japan,NA,Gunma,1937626,0,0,151,19
2020-06-19,Japan,NA,Gunma,1937626,0,0,151,19
2020-06-20,Japan,NA,Gunma,1937626,0,0,151,19
2020-06-21,Japan,NA,Gunma,1937626,0,0,151,19
2020-06-22,Japan,NA,Gunma,1937626,0,0,151,19
2020-06-23,Japan,NA,Gunma,1937626,0,0,151,19
2020-06-24,Japan,NA,Gunma,1937626,1,0,152,19
2020-06-25,Japan,NA,Gunma,1937626,0,0,152,19
2020-06-26,Japan,NA,Gunma,1937626,0,0,152,19
2020-06-27,Japan,NA,Gunma,1937626,0,0,152,19
2020-06-28,Japan,NA,Gunma,1937626,0,0,152,19
2020-06-29,Japan,NA,Gunma,1937626,0,0,152,19
2020-06-30,Japan,NA,Gunma,1937626,1,0,153,19
2020-07-01,Japan,NA,Gunma,1937626,0,0,153,19
2020-07-02,Japan,NA,Gunma,1937626,0,0,153,19
2020-07-03,Japan,NA,Gunma,1937626,1,0,154,19
2020-07-04,Japan,NA,Gunma,1937626,1,0,155,19
2020-07-05,Japan,NA,Gunma,1937626,0,0,155,19
2020-07-06,Japan,NA,Gunma,1937626,0,0,155,19
2020-07-07,Japan,NA,Gunma,1937626,0,0,155,19
2020-07-08,Japan,NA,Gunma,1937626,0,0,155,19
2020-07-09,Japan,NA,Gunma,1937626,0,0,155,19
2020-07-10,Japan,NA,Gunma,1937626,0,0,155,19
2020-07-11,Japan,NA,Gunma,1937626,0,0,155,19
2020-07-12,Japan,NA,Gunma,1937626,0,0,155,19
2020-07-13,Japan,NA,Gunma,1937626,2,0,157,19
2020-07-14,Japan,NA,Gunma,1937626,0,0,157,19
2020-07-15,Japan,NA,Gunma,1937626,4,0,161,19
2020-07-16,Japan,NA,Gunma,1937626,3,0,164,19
2020-07-17,Japan,NA,Gunma,1937626,2,0,166,19
2020-07-18,Japan,NA,Gunma,1937626,1,0,167,19
2020-07-19,Japan,NA,Gunma,1937626,0,0,167,19
2020-07-20,Japan,NA,Gunma,1937626,0,0,167,19
2020-07-21,Japan,NA,Gunma,1937626,2,0,169,19
2020-07-22,Japan,NA,Gunma,1937626,5,0,174,19
2020-07-23,Japan,NA,Gunma,1937626,3,0,177,19
2020-07-24,Japan,NA,Gunma,1937626,0,0,177,19
2020-07-25,Japan,NA,Gunma,1937626,2,0,179,19
2020-07-26,Japan,NA,Gunma,1937626,0,0,179,19
2020-07-27,Japan,NA,Gunma,1937626,0,0,179,19
2020-07-28,Japan,NA,Gunma,1937626,3,0,182,19
2020-07-29,Japan,NA,Gunma,1937626,1,0,183,19
2020-07-30,Japan,NA,Gunma,1937626,4,0,187,19
2020-07-31,Japan,NA,Gunma,1937626,3,0,190,19
2020-08-01,Japan,NA,Gunma,1937626,1,0,191,19
2020-08-02,Japan,NA,Gunma,1937626,1,0,192,19
2020-08-03,Japan,NA,Gunma,1937626,2,0,194,19
2020-08-04,Japan,NA,Gunma,1937626,3,0,197,19
2020-08-05,Japan,NA,Gunma,1937626,5,0,202,19
2020-08-06,Japan,NA,Gunma,1937626,6,0,208,19
2020-08-07,Japan,NA,Gunma,1937626,6,0,214,19
2020-08-08,Japan,NA,Gunma,1937626,7,0,221,19
2020-08-09,Japan,NA,Gunma,1937626,5,0,226,19
2020-08-10,Japan,NA,Gunma,1937626,8,0,234,19
2020-08-11,Japan,NA,Gunma,1937626,4,0,238,19
2020-08-12,Japan,NA,Gunma,1937626,7,0,245,19
2020-08-13,Japan,NA,Gunma,1937626,9,0,254,19
2020-08-14,Japan,NA,Gunma,1937626,16,0,270,19
2020-08-15,Japan,NA,Gunma,1937626,9,0,279,19
2020-08-16,Japan,NA,Gunma,1937626,19,0,298,19
2020-08-17,Japan,NA,Gunma,1937626,9,0,307,19
2020-08-18,Japan,NA,Gunma,1937626,15,0,322,19
2020-08-19,Japan,NA,Gunma,1937626,15,0,337,19
2020-08-20,Japan,NA,Gunma,1937626,14,0,351,19
2020-08-21,Japan,NA,Gunma,1937626,10,0,361,19
2020-08-22,Japan,NA,Gunma,1937626,13,0,374,19
2020-08-23,Japan,NA,Gunma,1937626,6,0,380,19
2020-08-24,Japan,NA,Gunma,1937626,4,0,384,19
2020-08-25,Japan,NA,Gunma,1937626,8,0,392,19
2020-08-26,Japan,NA,Gunma,1937626,16,0,408,19
2020-08-27,Japan,NA,Gunma,1937626,18,0,426,19
2020-08-28,Japan,NA,Gunma,1937626,6,0,432,19
2020-08-29,Japan,NA,Gunma,1937626,2,0,434,19
2020-08-30,Japan,NA,Gunma,1937626,3,0,437,19
2020-08-31,Japan,NA,Gunma,1937626,3,0,440,19
2020-04-15,Japan,NA,Hiroshima,2811410,23,0,113,0
2020-04-16,Japan,NA,Hiroshima,2811410,5,0,118,0
2020-04-17,Japan,NA,Hiroshima,2811410,6,0,124,0
2020-04-18,Japan,NA,Hiroshima,2811410,6,0,130,0
2020-04-19,Japan,NA,Hiroshima,2811410,2,1,132,1
2020-04-20,Japan,NA,Hiroshima,2811410,5,0,137,1
2020-04-21,Japan,NA,Hiroshima,2811410,2,0,139,1
2020-04-22,Japan,NA,Hiroshima,2811410,3,0,142,1
2020-04-23,Japan,NA,Hiroshima,2811410,2,0,144,1
2020-04-24,Japan,NA,Hiroshima,2811410,0,1,144,2
2020-04-25,Japan,NA,Hiroshima,2811410,2,0,146,2
2020-04-26,Japan,NA,Hiroshima,2811410,2,0,148,2
2020-04-27,Japan,NA,Hiroshima,2811410,1,0,149,2
2020-04-28,Japan,NA,Hiroshima,2811410,5,0,154,2
2020-04-29,Japan,NA,Hiroshima,2811410,1,0,155,2
2020-04-30,Japan,NA,Hiroshima,2811410,0,0,155,2
2020-05-01,Japan,NA,Hiroshima,2811410,4,0,159,2
2020-05-02,Japan,NA,Hiroshima,2811410,1,0,160,2
2020-05-03,Japan,NA,Hiroshima,2811410,1,0,161,2
2020-05-04,Japan,NA,Hiroshima,2811410,3,0,164,2
2020-05-05,Japan,NA,Hiroshima,2811410,0,0,164,2
2020-05-06,Japan,NA,Hiroshima,2811410,0,0,164,2
2020-05-07,Japan,NA,Hiroshima,2811410,0,0,164,2
2020-05-08,Japan,NA,Hiroshima,2811410,0,0,164,2
2020-05-09,Japan,NA,Hiroshima,2811410,0,0,164,2
2020-05-10,Japan,NA,Hiroshima,2811410,0,0,164,2
2020-05-11,Japan,NA,Hiroshima,2811410,0,0,164,2
2020-05-12,Japan,NA,Hiroshima,2811410,0,0,164,2
2020-05-13,Japan,NA,Hiroshima,2811410,0,0,164,2
2020-05-14,Japan,NA,Hiroshima,2811410,0,0,164,2
2020-05-15,Japan,NA,Hiroshima,2811410,0,0,164,2
2020-05-16,Japan,NA,Hiroshima,2811410,0,0,164,2
2020-05-17,Japan,NA,Hiroshima,2811410,0,0,164,2
2020-05-18,Japan,NA,Hiroshima,2811410,0,0,164,2
2020-05-19,Japan,NA,Hiroshima,2811410,0,0,164,2
2020-05-20,Japan,NA,Hiroshima,2811410,0,0,164,2
2020-05-21,Japan,NA,Hiroshima,2811410,0,0,164,2
2020-05-22,Japan,NA,Hiroshima,2811410,0,0,164,2
2020-05-23,Japan,NA,Hiroshima,2811410,0,0,164,2
2020-05-24,Japan,NA,Hiroshima,2811410,0,1,164,3
2020-05-25,Japan,NA,Hiroshima,2811410,0,0,164,3
2020-05-26,Japan,NA,Hiroshima,2811410,0,0,164,3
2020-05-27,Japan,NA,Hiroshima,2811410,0,0,164,3
2020-05-28,Japan,NA,Hiroshima,2811410,0,0,164,3
2020-05-29,Japan,NA,Hiroshima,2811410,0,0,164,3
2020-05-30,Japan,NA,Hiroshima,2811410,0,0,164,3
2020-05-31,Japan,NA,Hiroshima,2811410,0,0,164,3
2020-06-01,Japan,NA,Hiroshima,2811410,0,0,164,3
2020-06-02,Japan,NA,Hiroshima,2811410,0,0,164,3
2020-06-03,Japan,NA,Hiroshima,2811410,0,0,164,3
2020-06-04,Japan,NA,Hiroshima,2811410,0,0,164,3
2020-06-05,Japan,NA,Hiroshima,2811410,0,0,164,3
2020-06-06,Japan,NA,Hiroshima,2811410,0,0,164,3
2020-06-07,Japan,NA,Hiroshima,2811410,0,0,164,3
2020-06-08,Japan,NA,Hiroshima,2811410,0,0,164,3
2020-06-09,Japan,NA,Hiroshima,2811410,0,0,164,3
2020-06-10,Japan,NA,Hiroshima,2811410,0,0,164,3
2020-06-11,Japan,NA,Hiroshima,2811410,0,0,164,3
2020-06-12,Japan,NA,Hiroshima,2811410,0,0,164,3
2020-06-13,Japan,NA,Hiroshima,2811410,0,0,164,3
2020-06-14,Japan,NA,Hiroshima,2811410,0,0,164,3
2020-06-15,Japan,NA,Hiroshima,2811410,0,0,164,3
2020-06-16,Japan,NA,Hiroshima,2811410,0,0,164,3
2020-06-17,Japan,NA,Hiroshima,2811410,0,0,164,3
2020-06-18,Japan,NA,Hiroshima,2811410,0,0,164,3
2020-06-19,Japan,NA,Hiroshima,2811410,0,0,164,3
2020-06-20,Japan,NA,Hiroshima,2811410,0,0,164,3
2020-06-21,Japan,NA,Hiroshima,2811410,0,0,164,3
2020-06-22,Japan,NA,Hiroshima,2811410,0,0,164,3
2020-06-23,Japan,NA,Hiroshima,2811410,0,0,164,3
2020-06-24,Japan,NA,Hiroshima,2811410,0,0,164,3
2020-06-25,Japan,NA,Hiroshima,2811410,0,0,164,3
2020-06-26,Japan,NA,Hiroshima,2811410,0,0,164,3
2020-06-27,Japan,NA,Hiroshima,2811410,0,0,164,3
2020-06-28,Japan,NA,Hiroshima,2811410,0,0,164,3
2020-06-29,Japan,NA,Hiroshima,2811410,0,0,164,3
2020-06-30,Japan,NA,Hiroshima,2811410,0,0,164,3
2020-07-01,Japan,NA,Hiroshima,2811410,1,0,165,3
2020-07-02,Japan,NA,Hiroshima,2811410,0,0,165,3
2020-07-03,Japan,NA,Hiroshima,2811410,0,0,165,3
2020-07-04,Japan,NA,Hiroshima,2811410,0,0,165,3
2020-07-05,Japan,NA,Hiroshima,2811410,0,0,165,3
2020-07-06,Japan,NA,Hiroshima,2811410,0,0,165,3
2020-07-07,Japan,NA,Hiroshima,2811410,2,0,167,3
2020-07-08,Japan,NA,Hiroshima,2811410,0,0,167,3
2020-07-09,Japan,NA,Hiroshima,2811410,0,0,167,3
2020-07-10,Japan,NA,Hiroshima,2811410,4,0,171,3
2020-07-11,Japan,NA,Hiroshima,2811410,3,0,174,3
2020-07-12,Japan,NA,Hiroshima,2811410,1,0,175,3
2020-07-13,Japan,NA,Hiroshima,2811410,3,0,178,3
2020-07-14,Japan,NA,Hiroshima,2811410,4,0,182,3
2020-07-15,Japan,NA,Hiroshima,2811410,10,0,192,3
2020-07-16,Japan,NA,Hiroshima,2811410,2,0,194,3
2020-07-17,Japan,NA,Hiroshima,2811410,7,0,201,3
2020-07-18,Japan,NA,Hiroshima,2811410,2,0,203,3
2020-07-19,Japan,NA,Hiroshima,2811410,2,0,205,3
2020-07-20,Japan,NA,Hiroshima,2811410,4,0,209,3
2020-07-21,Japan,NA,Hiroshima,2811410,7,0,216,3
2020-07-22,Japan,NA,Hiroshima,2811410,6,0,222,3
2020-07-23,Japan,NA,Hiroshima,2811410,16,0,238,3
2020-07-24,Japan,NA,Hiroshima,2811410,7,0,245,3
2020-07-25,Japan,NA,Hiroshima,2811410,7,0,252,3
2020-07-26,Japan,NA,Hiroshima,2811410,4,0,256,3
2020-07-27,Japan,NA,Hiroshima,2811410,6,0,262,3
2020-07-28,Japan,NA,Hiroshima,2811410,19,0,281,3
2020-07-29,Japan,NA,Hiroshima,2811410,17,0,298,3
2020-07-30,Japan,NA,Hiroshima,2811410,8,0,306,3
2020-07-31,Japan,NA,Hiroshima,2811410,19,0,325,3
2020-08-01,Japan,NA,Hiroshima,2811410,17,0,342,3
2020-08-02,Japan,NA,Hiroshima,2811410,10,0,352,3
2020-08-03,Japan,NA,Hiroshima,2811410,9,0,361,3
2020-08-04,Japan,NA,Hiroshima,2811410,10,0,371,3
2020-08-05,Japan,NA,Hiroshima,2811410,11,0,382,3
2020-08-06,Japan,NA,Hiroshima,2811410,7,0,389,3
2020-08-07,Japan,NA,Hiroshima,2811410,3,0,392,3
2020-08-08,Japan,NA,Hiroshima,2811410,6,0,398,3
2020-08-09,Japan,NA,Hiroshima,2811410,5,0,403,3
2020-08-10,Japan,NA,Hiroshima,2811410,7,0,410,3
2020-08-11,Japan,NA,Hiroshima,2811410,8,0,418,3
2020-08-12,Japan,NA,Hiroshima,2811410,3,0,421,3
2020-08-13,Japan,NA,Hiroshima,2811410,5,0,426,3
2020-08-14,Japan,NA,Hiroshima,2811410,2,0,428,3
2020-08-15,Japan,NA,Hiroshima,2811410,1,0,429,3
2020-08-16,Japan,NA,Hiroshima,2811410,2,0,431,3
2020-08-17,Japan,NA,Hiroshima,2811410,0,0,431,3
2020-08-18,Japan,NA,Hiroshima,2811410,0,0,431,3
2020-08-19,Japan,NA,Hiroshima,2811410,2,0,433,3
2020-08-20,Japan,NA,Hiroshima,2811410,5,0,438,3
2020-08-21,Japan,NA,Hiroshima,2811410,3,0,441,3
2020-08-22,Japan,NA,Hiroshima,2811410,2,0,443,3
2020-08-23,Japan,NA,Hiroshima,2811410,1,0,444,3
2020-08-24,Japan,NA,Hiroshima,2811410,1,0,445,3
2020-08-25,Japan,NA,Hiroshima,2811410,1,0,446,3
2020-08-26,Japan,NA,Hiroshima,2811410,0,0,446,3
2020-08-27,Japan,NA,Hiroshima,2811410,1,0,447,3
2020-08-28,Japan,NA,Hiroshima,2811410,2,0,449,3
2020-08-29,Japan,NA,Hiroshima,2811410,1,0,450,3
2020-03-08,Japan,NA,Hokkaido,5273681,3,0,101,3
2020-03-09,Japan,NA,Hokkaido,5273681,7,0,108,3
2020-03-10,Japan,NA,Hokkaido,5273681,3,0,111,3
2020-03-11,Japan,NA,Hokkaido,5273681,7,0,118,3
2020-03-12,Japan,NA,Hokkaido,5273681,10,1,128,4
2020-03-13,Japan,NA,Hokkaido,5273681,9,0,137,4
2020-03-14,Japan,NA,Hokkaido,5273681,7,0,144,4
2020-03-15,Japan,NA,Hokkaido,5273681,4,1,148,5
2020-03-16,Japan,NA,Hokkaido,5273681,4,1,152,6
2020-03-17,Japan,NA,Hokkaido,5273681,0,0,152,6
2020-03-18,Japan,NA,Hokkaido,5273681,2,0,154,6
2020-03-19,Japan,NA,Hokkaido,5273681,3,0,157,6
2020-03-20,Japan,NA,Hokkaido,5273681,1,0,158,6
2020-03-21,Japan,NA,Hokkaido,5273681,1,0,159,6
2020-03-22,Japan,NA,Hokkaido,5273681,3,0,162,6
2020-03-23,Japan,NA,Hokkaido,5273681,0,0,162,6
2020-03-24,Japan,NA,Hokkaido,5273681,1,0,163,6
2020-03-25,Japan,NA,Hokkaido,5273681,4,1,167,7
2020-03-26,Japan,NA,Hokkaido,5273681,1,0,168,7
2020-03-27,Japan,NA,Hokkaido,5273681,1,0,169,7
2020-03-28,Japan,NA,Hokkaido,5273681,2,0,171,7
2020-03-29,Japan,NA,Hokkaido,5273681,4,0,175,7
2020-03-30,Japan,NA,Hokkaido,5273681,1,0,176,7
2020-03-31,Japan,NA,Hokkaido,5273681,0,0,176,7
2020-04-01,Japan,NA,Hokkaido,5273681,4,0,180,7
2020-04-02,Japan,NA,Hokkaido,5273681,3,1,183,8
2020-04-03,Japan,NA,Hokkaido,5273681,5,0,188,8
2020-04-04,Japan,NA,Hokkaido,5273681,3,0,191,8
2020-04-05,Japan,NA,Hokkaido,5273681,0,0,191,8
2020-04-06,Japan,NA,Hokkaido,5273681,0,1,191,9
2020-04-07,Japan,NA,Hokkaido,5273681,4,0,195,9
2020-04-08,Japan,NA,Hokkaido,5273681,10,0,205,9
2020-04-09,Japan,NA,Hokkaido,5273681,18,1,223,10
2020-04-10,Japan,NA,Hokkaido,5273681,13,0,236,10
2020-04-11,Japan,NA,Hokkaido,5273681,16,0,252,10
2020-04-12,Japan,NA,Hokkaido,5273681,12,1,264,11
2020-04-13,Japan,NA,Hokkaido,5273681,5,0,269,11
2020-04-14,Japan,NA,Hokkaido,5273681,18,2,287,13
2020-04-15,Japan,NA,Hokkaido,5273681,23,1,310,14
2020-04-16,Japan,NA,Hokkaido,5273681,22,0,332,14
2020-04-17,Japan,NA,Hokkaido,5273681,32,2,364,16
2020-04-18,Japan,NA,Hokkaido,5273681,38,2,402,18
2020-04-19,Japan,NA,Hokkaido,5273681,27,0,429,18
2020-04-20,Japan,NA,Hokkaido,5273681,17,3,446,21
2020-04-21,Japan,NA,Hokkaido,5273681,22,2,468,23
2020-04-22,Japan,NA,Hokkaido,5273681,22,2,490,25
2020-04-23,Japan,NA,Hokkaido,5273681,45,0,535,25
2020-04-24,Japan,NA,Hokkaido,5273681,22,0,557,25
2020-04-25,Japan,NA,Hokkaido,5273681,39,0,596,25
2020-04-26,Japan,NA,Hokkaido,5273681,14,0,610,25
2020-04-27,Japan,NA,Hokkaido,5273681,35,1,645,26
2020-04-28,Japan,NA,Hokkaido,5273681,38,1,683,27
2020-04-29,Japan,NA,Hokkaido,5273681,38,0,721,27
2020-04-30,Japan,NA,Hokkaido,5273681,41,2,762,29
2020-05-01,Japan,NA,Hokkaido,5273681,23,8,785,37
2020-05-02,Japan,NA,Hokkaido,5273681,33,3,818,40
2020-05-03,Japan,NA,Hokkaido,5273681,25,1,843,41
2020-05-04,Japan,NA,Hokkaido,5273681,31,2,874,43
2020-05-05,Japan,NA,Hokkaido,5273681,11,2,885,45
2020-05-06,Japan,NA,Hokkaido,5273681,22,1,907,46
2020-05-07,Japan,NA,Hokkaido,5273681,14,1,921,47
2020-05-08,Japan,NA,Hokkaido,5273681,6,1,927,48
2020-05-09,Japan,NA,Hokkaido,5273681,11,3,938,51
2020-05-10,Japan,NA,Hokkaido,5273681,9,5,947,56
2020-05-11,Japan,NA,Hokkaido,5273681,10,6,957,62
2020-05-12,Japan,NA,Hokkaido,5273681,13,6,970,68
2020-05-13,Japan,NA,Hokkaido,5273681,4,2,974,70
2020-05-14,Japan,NA,Hokkaido,5273681,6,2,980,72
2020-05-15,Japan,NA,Hokkaido,5273681,8,1,988,73
2020-05-16,Japan,NA,Hokkaido,5273681,7,1,995,74
2020-05-17,Japan,NA,Hokkaido,5273681,7,1,1002,75
2020-05-18,Japan,NA,Hokkaido,5273681,1,1,1003,76
2020-05-19,Japan,NA,Hokkaido,5273681,3,1,1006,77
2020-05-20,Japan,NA,Hokkaido,5273681,1,0,1007,77
2020-05-21,Japan,NA,Hokkaido,5273681,5,1,1012,78
2020-05-22,Japan,NA,Hokkaido,5273681,5,0,1017,78
2020-05-23,Japan,NA,Hokkaido,5273681,8,1,1025,79
2020-05-24,Japan,NA,Hokkaido,5273681,15,2,1040,81
2020-05-25,Japan,NA,Hokkaido,5273681,3,2,1043,83
2020-05-26,Japan,NA,Hokkaido,5273681,9,1,1052,84
2020-05-27,Japan,NA,Hokkaido,5273681,5,1,1057,85
2020-05-28,Japan,NA,Hokkaido,5273681,6,1,1063,86
2020-05-29,Japan,NA,Hokkaido,5273681,3,0,1066,86
2020-05-30,Japan,NA,Hokkaido,5273681,4,0,1070,86
2020-05-31,Japan,NA,Hokkaido,5273681,4,0,1074,86
2020-06-01,Japan,NA,Hokkaido,5273681,5,1,1079,87
2020-06-02,Japan,NA,Hokkaido,5273681,3,0,1082,87
2020-06-03,Japan,NA,Hokkaido,5273681,3,1,1085,88
2020-06-04,Japan,NA,Hokkaido,5273681,3,2,1088,90
2020-06-05,Japan,NA,Hokkaido,5273681,4,0,1092,90
2020-06-06,Japan,NA,Hokkaido,5273681,8,0,1100,90
2020-06-07,Japan,NA,Hokkaido,5273681,4,0,1104,90
2020-06-08,Japan,NA,Hokkaido,5273681,4,1,1108,91
2020-06-09,Japan,NA,Hokkaido,5273681,7,0,1115,91
2020-06-10,Japan,NA,Hokkaido,5273681,5,0,1120,91
2020-06-11,Japan,NA,Hokkaido,5273681,7,0,1127,91
2020-06-12,Japan,NA,Hokkaido,5273681,10,0,1137,91
2020-06-13,Japan,NA,Hokkaido,5273681,9,0,1146,91
2020-06-14,Japan,NA,Hokkaido,5273681,7,0,1153,91
2020-06-15,Japan,NA,Hokkaido,5273681,6,0,1159,91
2020-06-16,Japan,NA,Hokkaido,5273681,2,1,1161,92
2020-06-17,Japan,NA,Hokkaido,5273681,6,0,1167,92
2020-06-18,Japan,NA,Hokkaido,5273681,5,1,1172,93
2020-06-19,Japan,NA,Hokkaido,5273681,3,1,1175,94
2020-06-20,Japan,NA,Hokkaido,5273681,3,0,1178,94
2020-06-21,Japan,NA,Hokkaido,5273681,2,1,1180,95
2020-06-22,Japan,NA,Hokkaido,5273681,2,0,1182,95
2020-06-23,Japan,NA,Hokkaido,5273681,1,2,1183,97
2020-06-24,Japan,NA,Hokkaido,5273681,10,1,1193,98
2020-06-25,Japan,NA,Hokkaido,5273681,6,0,1199,98
2020-06-26,Japan,NA,Hokkaido,5273681,5,0,1204,98
2020-06-27,Japan,NA,Hokkaido,5273681,1,1,1205,99
2020-06-28,Japan,NA,Hokkaido,5273681,17,0,1222,99
2020-06-29,Japan,NA,Hokkaido,5273681,11,0,1233,99
2020-06-30,Japan,NA,Hokkaido,5273681,13,0,1246,99
2020-07-01,Japan,NA,Hokkaido,5273681,4,1,1250,100
2020-07-02,Japan,NA,Hokkaido,5273681,8,1,1258,101
2020-07-03,Japan,NA,Hokkaido,5273681,0,0,1258,101
2020-07-04,Japan,NA,Hokkaido,5273681,1,0,1259,101
2020-07-05,Japan,NA,Hokkaido,5273681,1,0,1260,101
2020-07-06,Japan,NA,Hokkaido,5273681,0,0,1260,101
2020-07-07,Japan,NA,Hokkaido,5273681,1,0,1261,101
2020-07-08,Japan,NA,Hokkaido,5273681,4,0,1265,101
2020-07-09,Japan,NA,Hokkaido,5273681,1,0,1266,101
2020-07-10,Japan,NA,Hokkaido,5273681,6,0,1272,101
2020-07-11,Japan,NA,Hokkaido,5273681,1,0,1273,101
2020-07-12,Japan,NA,Hokkaido,5273681,4,0,1277,101
2020-07-13,Japan,NA,Hokkaido,5273681,2,1,1279,102
2020-07-14,Japan,NA,Hokkaido,5273681,8,0,1287,102
2020-07-15,Japan,NA,Hokkaido,5273681,13,0,1300,102
2020-07-16,Japan,NA,Hokkaido,5273681,6,0,1306,102
2020-07-17,Japan,NA,Hokkaido,5273681,3,0,1309,102
2020-07-18,Japan,NA,Hokkaido,5273681,13,0,1322,102
2020-07-19,Japan,NA,Hokkaido,5273681,9,0,1331,102
2020-07-20,Japan,NA,Hokkaido,5273681,3,0,1334,102
2020-07-21,Japan,NA,Hokkaido,5273681,10,0,1344,102
2020-07-22,Japan,NA,Hokkaido,5273681,6,0,1350,102
2020-07-23,Japan,NA,Hokkaido,5273681,4,1,1354,103
2020-07-24,Japan,NA,Hokkaido,5273681,6,0,1360,103
2020-07-25,Japan,NA,Hokkaido,5273681,8,0,1368,103
2020-07-26,Japan,NA,Hokkaido,5273681,5,0,1373,103
2020-07-27,Japan,NA,Hokkaido,5273681,4,0,1377,103
2020-07-28,Japan,NA,Hokkaido,5273681,3,0,1380,103
2020-07-29,Japan,NA,Hokkaido,5273681,5,0,1385,103
2020-07-30,Japan,NA,Hokkaido,5273681,9,0,1394,103
2020-07-31,Japan,NA,Hokkaido,5273681,15,0,1409,103
2020-08-01,Japan,NA,Hokkaido,5273681,18,0,1427,103
2020-08-02,Japan,NA,Hokkaido,5273681,9,0,1436,103
2020-08-03,Japan,NA,Hokkaido,5273681,23,0,1459,103
2020-08-04,Japan,NA,Hokkaido,5273681,11,0,1470,103
2020-08-05,Japan,NA,Hokkaido,5273681,14,0,1484,103
2020-08-06,Japan,NA,Hokkaido,5273681,11,0,1495,103
2020-08-07,Japan,NA,Hokkaido,5273681,14,0,1509,103
2020-08-08,Japan,NA,Hokkaido,5273681,13,0,1522,103
2020-08-09,Japan,NA,Hokkaido,5273681,10,0,1532,103
2020-08-10,Japan,NA,Hokkaido,5273681,13,0,1545,103
2020-08-11,Japan,NA,Hokkaido,5273681,14,0,1559,103
2020-08-12,Japan,NA,Hokkaido,5273681,4,0,1563,103
2020-08-13,Japan,NA,Hokkaido,5273681,10,0,1573,103
2020-08-14,Japan,NA,Hokkaido,5273681,12,0,1585,103
2020-08-15,Japan,NA,Hokkaido,5273681,14,0,1599,103
2020-08-16,Japan,NA,Hokkaido,5273681,8,0,1607,103
2020-08-17,Japan,NA,Hokkaido,5273681,5,0,1612,103
2020-08-18,Japan,NA,Hokkaido,5273681,6,0,1618,103
2020-08-19,Japan,NA,Hokkaido,5273681,8,0,1626,103
2020-08-20,Japan,NA,Hokkaido,5273681,25,0,1651,103
2020-08-21,Japan,NA,Hokkaido,5273681,10,0,1661,103
2020-08-22,Japan,NA,Hokkaido,5273681,16,0,1677,103
2020-08-23,Japan,NA,Hokkaido,5273681,14,0,1691,103
2020-08-24,Japan,NA,Hokkaido,5273681,8,0,1699,103
2020-08-25,Japan,NA,Hokkaido,5273681,7,0,1706,103
2020-08-26,Japan,NA,Hokkaido,5273681,7,0,1713,103
2020-08-27,Japan,NA,Hokkaido,5273681,10,0,1723,103
2020-08-28,Japan,NA,Hokkaido,5273681,16,0,1739,103
2020-08-29,Japan,NA,Hokkaido,5273681,8,0,1747,103
2020-08-30,Japan,NA,Hokkaido,5273681,4,0,1751,103
2020-08-31,Japan,NA,Hokkaido,5273681,8,0,1759,103
2020-03-20,Japan,NA,Hyogo,5463609,8,0,101,4
2020-03-21,Japan,NA,Hyogo,5463609,6,0,107,4
2020-03-22,Japan,NA,Hyogo,5463609,4,2,111,6
2020-03-23,Japan,NA,Hyogo,5463609,2,0,113,6
2020-03-24,Japan,NA,Hyogo,5463609,5,0,118,6
2020-03-25,Japan,NA,Hyogo,5463609,1,0,119,6
2020-03-26,Japan,NA,Hyogo,5463609,1,1,120,7
2020-03-27,Japan,NA,Hyogo,5463609,3,2,123,9
2020-03-28,Japan,NA,Hyogo,5463609,3,1,126,10
2020-03-29,Japan,NA,Hyogo,5463609,7,0,133,10
2020-03-30,Japan,NA,Hyogo,5463609,4,1,137,11
2020-03-31,Japan,NA,Hyogo,5463609,11,0,148,11
2020-04-01,Japan,NA,Hyogo,5463609,14,0,162,11
2020-04-02,Japan,NA,Hyogo,5463609,7,0,169,11
2020-04-03,Japan,NA,Hyogo,5463609,6,0,175,11
2020-04-04,Japan,NA,Hyogo,5463609,15,0,190,11
2020-04-05,Japan,NA,Hyogo,5463609,13,0,203,11
2020-04-06,Japan,NA,Hyogo,5463609,6,1,209,12
2020-04-07,Japan,NA,Hyogo,5463609,20,0,229,12
2020-04-08,Japan,NA,Hyogo,5463609,19,0,248,12
2020-04-09,Japan,NA,Hyogo,5463609,39,1,287,13
2020-04-10,Japan,NA,Hyogo,5463609,29,0,316,13
2020-04-11,Japan,NA,Hyogo,5463609,42,1,358,14
2020-04-12,Japan,NA,Hyogo,5463609,17,0,375,14
2020-04-13,Japan,NA,Hyogo,5463609,9,1,384,15
2020-04-14,Japan,NA,Hyogo,5463609,19,0,403,15
2020-04-15,Japan,NA,Hyogo,5463609,20,0,423,15
2020-04-16,Japan,NA,Hyogo,5463609,31,1,454,16
2020-04-17,Japan,NA,Hyogo,5463609,27,1,481,17
2020-04-18,Japan,NA,Hyogo,5463609,21,0,502,17
2020-04-19,Japan,NA,Hyogo,5463609,11,2,513,19
2020-04-20,Japan,NA,Hyogo,5463609,11,3,524,22
2020-04-21,Japan,NA,Hyogo,5463609,19,0,543,22
2020-04-22,Japan,NA,Hyogo,5463609,17,0,560,22
2020-04-23,Japan,NA,Hyogo,5463609,20,0,580,22
2020-04-24,Japan,NA,Hyogo,5463609,25,1,605,23
2020-04-25,Japan,NA,Hyogo,5463609,15,1,620,24
2020-04-26,Japan,NA,Hyogo,5463609,9,0,629,24
2020-04-27,Japan,NA,Hyogo,5463609,1,0,630,24
2020-04-28,Japan,NA,Hyogo,5463609,7,3,637,27
2020-04-29,Japan,NA,Hyogo,5463609,6,0,643,27
2020-04-30,Japan,NA,Hyogo,5463609,3,0,646,27
2020-05-01,Japan,NA,Hyogo,5463609,5,0,651,27
2020-05-02,Japan,NA,Hyogo,5463609,4,1,655,28
2020-05-03,Japan,NA,Hyogo,5463609,12,0,667,28
2020-05-04,Japan,NA,Hyogo,5463609,0,1,667,29
2020-05-05,Japan,NA,Hyogo,5463609,6,1,673,30
2020-05-06,Japan,NA,Hyogo,5463609,3,0,676,30
2020-05-07,Japan,NA,Hyogo,5463609,3,2,679,32
2020-05-08,Japan,NA,Hyogo,5463609,1,0,680,32
2020-05-09,Japan,NA,Hyogo,5463609,8,2,688,34
2020-05-10,Japan,NA,Hyogo,5463609,5,0,693,34
2020-05-11,Japan,NA,Hyogo,5463609,1,0,694,34
2020-05-12,Japan,NA,Hyogo,5463609,0,1,694,35
2020-05-13,Japan,NA,Hyogo,5463609,3,2,697,37
2020-05-14,Japan,NA,Hyogo,5463609,1,0,698,37
2020-05-15,Japan,NA,Hyogo,5463609,0,1,698,38
2020-05-16,Japan,NA,Hyogo,5463609,1,0,699,38
2020-05-17,Japan,NA,Hyogo,5463609,0,0,699,38
2020-05-18,Japan,NA,Hyogo,5463609,0,0,699,38
2020-05-19,Japan,NA,Hyogo,5463609,0,0,699,38
2020-05-20,Japan,NA,Hyogo,5463609,0,0,699,38
2020-05-21,Japan,NA,Hyogo,5463609,0,0,699,38
2020-05-22,Japan,NA,Hyogo,5463609,0,2,699,40
2020-05-23,Japan,NA,Hyogo,5463609,0,0,699,40
2020-05-24,Japan,NA,Hyogo,5463609,0,0,699,40
2020-05-25,Japan,NA,Hyogo,5463609,0,0,699,40
2020-05-26,Japan,NA,Hyogo,5463609,0,0,699,40
2020-05-27,Japan,NA,Hyogo,5463609,0,0,699,40
2020-05-28,Japan,NA,Hyogo,5463609,0,1,699,41
2020-05-29,Japan,NA,Hyogo,5463609,0,1,699,42
2020-05-30,Japan,NA,Hyogo,5463609,0,0,699,42
2020-05-31,Japan,NA,Hyogo,5463609,0,0,699,42
2020-06-01,Japan,NA,Hyogo,5463609,0,0,699,42
2020-06-02,Japan,NA,Hyogo,5463609,0,0,699,42
2020-06-03,Japan,NA,Hyogo,5463609,0,0,699,42
2020-06-04,Japan,NA,Hyogo,5463609,0,0,699,42
2020-06-05,Japan,NA,Hyogo,5463609,0,0,699,42
2020-06-06,Japan,NA,Hyogo,5463609,0,0,699,42
2020-06-07,Japan,NA,Hyogo,5463609,0,0,699,42
2020-06-08,Japan,NA,Hyogo,5463609,0,1,699,43
2020-06-09,Japan,NA,Hyogo,5463609,0,0,699,43
2020-06-10,Japan,NA,Hyogo,5463609,0,0,699,43
2020-06-11,Japan,NA,Hyogo,5463609,0,0,699,43
2020-06-12,Japan,NA,Hyogo,5463609,0,0,699,43
2020-06-13,Japan,NA,Hyogo,5463609,0,0,699,43
2020-06-14,Japan,NA,Hyogo,5463609,0,0,699,43
2020-06-15,Japan,NA,Hyogo,5463609,0,0,699,43
2020-06-16,Japan,NA,Hyogo,5463609,0,0,699,43
2020-06-17,Japan,NA,Hyogo,5463609,0,0,699,43
2020-06-18,Japan,NA,Hyogo,5463609,0,0,699,43
2020-06-19,Japan,NA,Hyogo,5463609,1,0,700,43
2020-06-20,Japan,NA,Hyogo,5463609,0,0,700,43
2020-06-21,Japan,NA,Hyogo,5463609,2,0,702,43
2020-06-22,Japan,NA,Hyogo,5463609,0,0,702,43
2020-06-23,Japan,NA,Hyogo,5463609,1,0,703,43
2020-06-24,Japan,NA,Hyogo,5463609,1,0,704,43
2020-06-25,Japan,NA,Hyogo,5463609,0,0,704,43
2020-06-26,Japan,NA,Hyogo,5463609,1,0,705,43
2020-06-27,Japan,NA,Hyogo,5463609,0,0,705,43
2020-06-28,Japan,NA,Hyogo,5463609,0,0,705,43
2020-06-29,Japan,NA,Hyogo,5463609,0,0,705,43
2020-06-30,Japan,NA,Hyogo,5463609,1,2,706,45
2020-07-01,Japan,NA,Hyogo,5463609,2,0,708,45
2020-07-02,Japan,NA,Hyogo,5463609,1,0,709,45
2020-07-03,Japan,NA,Hyogo,5463609,0,0,709,45
2020-07-04,Japan,NA,Hyogo,5463609,1,0,710,45
2020-07-05,Japan,NA,Hyogo,5463609,2,0,712,45
2020-07-06,Japan,NA,Hyogo,5463609,4,0,716,45
2020-07-07,Japan,NA,Hyogo,5463609,1,0,717,45
2020-07-08,Japan,NA,Hyogo,5463609,3,0,720,45
2020-07-09,Japan,NA,Hyogo,5463609,2,0,722,45
2020-07-10,Japan,NA,Hyogo,5463609,4,0,726,45
2020-07-11,Japan,NA,Hyogo,5463609,5,0,731,45
2020-07-12,Japan,NA,Hyogo,5463609,6,0,737,45
2020-07-13,Japan,NA,Hyogo,5463609,1,0,738,45
2020-07-14,Japan,NA,Hyogo,5463609,9,0,747,45
2020-07-15,Japan,NA,Hyogo,5463609,12,0,759,45
2020-07-16,Japan,NA,Hyogo,5463609,17,0,776,45
2020-07-17,Japan,NA,Hyogo,5463609,25,0,801,45
2020-07-18,Japan,NA,Hyogo,5463609,12,0,813,45
2020-07-19,Japan,NA,Hyogo,5463609,21,0,834,45
2020-07-20,Japan,NA,Hyogo,5463609,7,0,841,45
2020-07-21,Japan,NA,Hyogo,5463609,12,0,853,45
2020-07-22,Japan,NA,Hyogo,5463609,30,0,883,45
2020-07-23,Japan,NA,Hyogo,5463609,35,0,918,45
2020-07-24,Japan,NA,Hyogo,5463609,23,0,941,45
2020-07-25,Japan,NA,Hyogo,5463609,24,0,965,45
2020-07-26,Japan,NA,Hyogo,5463609,49,0,1014,45
2020-07-27,Japan,NA,Hyogo,5463609,12,0,1026,45
2020-07-28,Japan,NA,Hyogo,5463609,33,0,1059,45
2020-07-29,Japan,NA,Hyogo,5463609,46,0,1105,45
2020-07-30,Japan,NA,Hyogo,5463609,53,0,1158,45
2020-07-31,Japan,NA,Hyogo,5463609,62,0,1220,45
2020-08-01,Japan,NA,Hyogo,5463609,32,0,1252,45
2020-08-02,Japan,NA,Hyogo,5463609,60,0,1312,45
2020-08-03,Japan,NA,Hyogo,5463609,27,0,1339,45
2020-08-04,Japan,NA,Hyogo,5463609,32,0,1371,45
2020-08-05,Japan,NA,Hyogo,5463609,52,1,1423,46
2020-08-06,Japan,NA,Hyogo,5463609,61,1,1484,47
2020-08-07,Japan,NA,Hyogo,5463609,49,0,1533,47
2020-08-08,Japan,NA,Hyogo,5463609,55,0,1588,47
2020-08-09,Japan,NA,Hyogo,5463609,48,0,1636,47
2020-08-10,Japan,NA,Hyogo,5463609,26,0,1662,47
2020-08-11,Japan,NA,Hyogo,5463609,30,0,1692,47
2020-08-12,Japan,NA,Hyogo,5463609,36,0,1728,47
2020-08-13,Japan,NA,Hyogo,5463609,48,0,1776,47
2020-08-14,Japan,NA,Hyogo,5463609,34,1,1810,48
2020-08-15,Japan,NA,Hyogo,5463609,53,0,1863,48
2020-08-16,Japan,NA,Hyogo,5463609,37,0,1900,48
2020-08-17,Japan,NA,Hyogo,5463609,24,0,1924,48
2020-08-18,Japan,NA,Hyogo,5463609,25,0,1949,48
2020-08-19,Japan,NA,Hyogo,5463609,49,0,1998,48
2020-08-20,Japan,NA,Hyogo,5463609,34,0,2032,48
2020-08-21,Japan,NA,Hyogo,5463609,39,1,2071,49
2020-08-22,Japan,NA,Hyogo,5463609,33,0,2104,49
2020-08-23,Japan,NA,Hyogo,5463609,24,0,2128,49
2020-08-24,Japan,NA,Hyogo,5463609,8,0,2136,49
2020-08-25,Japan,NA,Hyogo,5463609,23,0,2159,49
2020-08-26,Japan,NA,Hyogo,5463609,28,1,2187,50
2020-08-27,Japan,NA,Hyogo,5463609,22,1,2209,51
2020-08-28,Japan,NA,Hyogo,5463609,26,2,2235,53
2020-08-29,Japan,NA,Hyogo,5463609,20,0,2255,53
2020-08-30,Japan,NA,Hyogo,5463609,13,0,2268,53
2020-08-31,Japan,NA,Hyogo,5463609,8,0,2276,53
2020-04-11,Japan,NA,Ibaraki,2868041,12,2,103,5
2020-04-12,Japan,NA,Ibaraki,2868041,6,0,109,5
2020-04-13,Japan,NA,Ibaraki,2868041,1,0,110,5
2020-04-14,Japan,NA,Ibaraki,2868041,6,0,116,5
2020-04-15,Japan,NA,Ibaraki,2868041,3,0,119,5
2020-04-16,Japan,NA,Ibaraki,2868041,4,0,123,5
2020-04-17,Japan,NA,Ibaraki,2868041,8,0,131,5
2020-04-18,Japan,NA,Ibaraki,2868041,4,0,135,5
2020-04-19,Japan,NA,Ibaraki,2868041,4,0,139,5
2020-04-20,Japan,NA,Ibaraki,2868041,4,0,143,5
2020-04-21,Japan,NA,Ibaraki,2868041,3,1,146,6
2020-04-22,Japan,NA,Ibaraki,2868041,5,0,151,6
2020-04-23,Japan,NA,Ibaraki,2868041,2,0,153,6
2020-04-24,Japan,NA,Ibaraki,2868041,4,0,157,6
2020-04-25,Japan,NA,Ibaraki,2868041,3,0,160,6
2020-04-26,Japan,NA,Ibaraki,2868041,1,0,161,6
2020-04-27,Japan,NA,Ibaraki,2868041,0,0,161,6
2020-04-28,Japan,NA,Ibaraki,2868041,1,0,162,6
2020-04-29,Japan,NA,Ibaraki,2868041,1,0,163,6
2020-04-30,Japan,NA,Ibaraki,2868041,0,1,163,7
2020-05-01,Japan,NA,Ibaraki,2868041,2,1,165,8
2020-05-02,Japan,NA,Ibaraki,2868041,0,0,165,8
2020-05-03,Japan,NA,Ibaraki,2868041,0,0,165,8
2020-05-04,Japan,NA,Ibaraki,2868041,2,1,167,9
2020-05-05,Japan,NA,Ibaraki,2868041,1,0,168,9
2020-05-06,Japan,NA,Ibaraki,2868041,0,0,168,9
2020-05-07,Japan,NA,Ibaraki,2868041,0,0,168,9
2020-05-08,Japan,NA,Ibaraki,2868041,0,0,168,9
2020-05-09,Japan,NA,Ibaraki,2868041,0,0,168,9
2020-05-10,Japan,NA,Ibaraki,2868041,0,0,168,9
2020-05-11,Japan,NA,Ibaraki,2868041,0,0,168,9
2020-05-12,Japan,NA,Ibaraki,2868041,0,0,168,9
2020-05-13,Japan,NA,Ibaraki,2868041,0,0,168,9
2020-05-14,Japan,NA,Ibaraki,2868041,0,0,168,9
2020-05-15,Japan,NA,Ibaraki,2868041,0,0,168,9
2020-05-16,Japan,NA,Ibaraki,2868041,0,0,168,9
2020-05-17,Japan,NA,Ibaraki,2868041,0,0,168,9
2020-05-18,Japan,NA,Ibaraki,2868041,0,0,168,9
2020-05-19,Japan,NA,Ibaraki,2868041,0,0,168,9
2020-05-20,Japan,NA,Ibaraki,2868041,0,0,168,9
2020-05-21,Japan,NA,Ibaraki,2868041,0,0,168,9
2020-05-22,Japan,NA,Ibaraki,2868041,0,0,168,9
2020-05-23,Japan,NA,Ibaraki,2868041,0,0,168,9
2020-05-24,Japan,NA,Ibaraki,2868041,0,0,168,9
2020-05-25,Japan,NA,Ibaraki,2868041,0,0,168,9
2020-05-26,Japan,NA,Ibaraki,2868041,0,1,168,10
2020-05-27,Japan,NA,Ibaraki,2868041,0,0,168,10
2020-05-28,Japan,NA,Ibaraki,2868041,0,0,168,10
2020-05-29,Japan,NA,Ibaraki,2868041,0,0,168,10
2020-05-30,Japan,NA,Ibaraki,2868041,0,0,168,10
2020-05-31,Japan,NA,Ibaraki,2868041,0,0,168,10
2020-06-01,Japan,NA,Ibaraki,2868041,0,0,168,10
2020-06-02,Japan,NA,Ibaraki,2868041,0,0,168,10
2020-06-03,Japan,NA,Ibaraki,2868041,0,0,168,10
2020-06-04,Japan,NA,Ibaraki,2868041,0,0,168,10
2020-06-05,Japan,NA,Ibaraki,2868041,0,0,168,10
2020-06-06,Japan,NA,Ibaraki,2868041,0,0,168,10
2020-06-07,Japan,NA,Ibaraki,2868041,0,0,168,10
2020-06-08,Japan,NA,Ibaraki,2868041,0,0,168,10
2020-06-09,Japan,NA,Ibaraki,2868041,0,0,168,10
2020-06-10,Japan,NA,Ibaraki,2868041,0,0,168,10
2020-06-11,Japan,NA,Ibaraki,2868041,0,0,168,10
2020-06-12,Japan,NA,Ibaraki,2868041,0,0,168,10
2020-06-13,Japan,NA,Ibaraki,2868041,0,0,168,10
2020-06-14,Japan,NA,Ibaraki,2868041,0,0,168,10
2020-06-15,Japan,NA,Ibaraki,2868041,0,0,168,10
2020-06-16,Japan,NA,Ibaraki,2868041,0,0,168,10
2020-06-17,Japan,NA,Ibaraki,2868041,0,0,168,10
2020-06-18,Japan,NA,Ibaraki,2868041,0,0,168,10
2020-06-19,Japan,NA,Ibaraki,2868041,0,0,168,10
2020-06-20,Japan,NA,Ibaraki,2868041,2,0,170,10
2020-06-21,Japan,NA,Ibaraki,2868041,0,0,170,10
2020-06-22,Japan,NA,Ibaraki,2868041,0,0,170,10
2020-06-23,Japan,NA,Ibaraki,2868041,0,0,170,10
2020-06-24,Japan,NA,Ibaraki,2868041,0,0,170,10
2020-06-25,Japan,NA,Ibaraki,2868041,0,0,170,10
2020-06-26,Japan,NA,Ibaraki,2868041,2,0,172,10
2020-06-27,Japan,NA,Ibaraki,2868041,0,0,172,10
2020-06-28,Japan,NA,Ibaraki,2868041,1,0,173,10
2020-06-29,Japan,NA,Ibaraki,2868041,1,0,174,10
2020-06-30,Japan,NA,Ibaraki,2868041,0,0,174,10
2020-07-01,Japan,NA,Ibaraki,2868041,0,0,174,10
2020-07-02,Japan,NA,Ibaraki,2868041,2,0,176,10
2020-07-03,Japan,NA,Ibaraki,2868041,6,0,182,10
2020-07-04,Japan,NA,Ibaraki,2868041,1,0,183,10
2020-07-05,Japan,NA,Ibaraki,2868041,0,0,183,10
2020-07-06,Japan,NA,Ibaraki,2868041,3,0,186,10
2020-07-07,Japan,NA,Ibaraki,2868041,1,0,187,10
2020-07-08,Japan,NA,Ibaraki,2868041,1,0,188,10
2020-07-09,Japan,NA,Ibaraki,2868041,1,0,189,10
2020-07-10,Japan,NA,Ibaraki,2868041,7,0,196,10
2020-07-11,Japan,NA,Ibaraki,2868041,0,0,196,10
2020-07-12,Japan,NA,Ibaraki,2868041,3,0,199,10
2020-07-13,Japan,NA,Ibaraki,2868041,3,0,202,10
2020-07-14,Japan,NA,Ibaraki,2868041,2,0,204,10
2020-07-15,Japan,NA,Ibaraki,2868041,5,0,209,10
2020-07-16,Japan,NA,Ibaraki,2868041,2,0,211,10
2020-07-17,Japan,NA,Ibaraki,2868041,4,0,215,10
2020-07-18,Japan,NA,Ibaraki,2868041,5,0,220,10
2020-07-19,Japan,NA,Ibaraki,2868041,5,0,225,10
2020-07-20,Japan,NA,Ibaraki,2868041,1,0,226,10
2020-07-21,Japan,NA,Ibaraki,2868041,4,0,230,10
2020-07-22,Japan,NA,Ibaraki,2868041,5,0,235,10
2020-07-23,Japan,NA,Ibaraki,2868041,2,0,237,10
2020-07-24,Japan,NA,Ibaraki,2868041,2,0,239,10
2020-07-25,Japan,NA,Ibaraki,2868041,0,0,239,10
2020-07-26,Japan,NA,Ibaraki,2868041,3,0,242,10
2020-07-27,Japan,NA,Ibaraki,2868041,2,0,244,10
2020-07-28,Japan,NA,Ibaraki,2868041,15,0,259,10
2020-07-29,Japan,NA,Ibaraki,2868041,9,0,268,10
2020-07-30,Japan,NA,Ibaraki,2868041,12,0,280,10
2020-07-31,Japan,NA,Ibaraki,2868041,14,0,294,10
2020-08-01,Japan,NA,Ibaraki,2868041,14,0,308,10
2020-08-02,Japan,NA,Ibaraki,2868041,14,0,322,10
2020-08-03,Japan,NA,Ibaraki,2868041,5,0,327,10
2020-08-04,Japan,NA,Ibaraki,2868041,7,0,334,10
2020-08-05,Japan,NA,Ibaraki,2868041,10,0,344,10
2020-08-06,Japan,NA,Ibaraki,2868041,12,0,356,10
2020-08-07,Japan,NA,Ibaraki,2868041,12,0,368,10
2020-08-08,Japan,NA,Ibaraki,2868041,12,0,380,10
2020-08-09,Japan,NA,Ibaraki,2868041,17,0,397,10
2020-08-10,Japan,NA,Ibaraki,2868041,6,0,403,10
2020-08-11,Japan,NA,Ibaraki,2868041,3,0,406,10
2020-08-12,Japan,NA,Ibaraki,2868041,10,0,416,10
2020-08-13,Japan,NA,Ibaraki,2868041,15,0,431,10
2020-08-14,Japan,NA,Ibaraki,2868041,12,0,443,10
2020-08-15,Japan,NA,Ibaraki,2868041,7,0,450,10
2020-08-16,Japan,NA,Ibaraki,2868041,2,0,452,10
2020-08-17,Japan,NA,Ibaraki,2868041,4,0,456,10
2020-08-18,Japan,NA,Ibaraki,2868041,7,0,463,10
2020-08-19,Japan,NA,Ibaraki,2868041,13,1,476,11
2020-08-20,Japan,NA,Ibaraki,2868041,3,0,479,11
2020-08-21,Japan,NA,Ibaraki,2868041,11,0,490,11
2020-08-22,Japan,NA,Ibaraki,2868041,8,0,498,11
2020-08-23,Japan,NA,Ibaraki,2868041,5,0,503,11
2020-08-24,Japan,NA,Ibaraki,2868041,4,0,507,11
2020-08-25,Japan,NA,Ibaraki,2868041,5,1,512,12
2020-08-26,Japan,NA,Ibaraki,2868041,12,0,524,12
2020-08-27,Japan,NA,Ibaraki,2868041,8,0,532,12
2020-08-28,Japan,NA,Ibaraki,2868041,6,1,538,13
2020-08-29,Japan,NA,Ibaraki,2868041,4,0,542,13
2020-08-30,Japan,NA,Ibaraki,2868041,2,0,544,13
2020-08-31,Japan,NA,Ibaraki,2868041,1,0,545,13
2020-04-11,Japan,NA,Ishikawa,1137181,12,0,104,0
2020-04-12,Japan,NA,Ishikawa,1137181,9,0,113,0
2020-04-13,Japan,NA,Ishikawa,1137181,8,0,121,0
2020-04-14,Japan,NA,Ishikawa,1137181,10,3,131,3
2020-04-15,Japan,NA,Ishikawa,1137181,9,1,140,4
2020-04-16,Japan,NA,Ishikawa,1137181,6,0,146,4
2020-04-17,Japan,NA,Ishikawa,1137181,14,0,160,4
2020-04-18,Japan,NA,Ishikawa,1137181,13,0,173,4
2020-04-19,Japan,NA,Ishikawa,1137181,5,0,178,4
2020-04-20,Japan,NA,Ishikawa,1137181,3,0,181,4
2020-04-21,Japan,NA,Ishikawa,1137181,12,1,193,5
2020-04-22,Japan,NA,Ishikawa,1137181,6,0,199,5
2020-04-23,Japan,NA,Ishikawa,1137181,17,0,216,5
2020-04-24,Japan,NA,Ishikawa,1137181,6,0,222,5
2020-04-25,Japan,NA,Ishikawa,1137181,4,0,226,5
2020-04-26,Japan,NA,Ishikawa,1137181,9,0,235,5
2020-04-27,Japan,NA,Ishikawa,1137181,6,1,241,6
2020-04-28,Japan,NA,Ishikawa,1137181,8,0,249,6
2020-04-29,Japan,NA,Ishikawa,1137181,1,2,250,8
2020-04-30,Japan,NA,Ishikawa,1137181,1,0,251,8
2020-05-01,Japan,NA,Ishikawa,1137181,3,3,254,11
2020-05-02,Japan,NA,Ishikawa,1137181,6,2,260,13
2020-05-03,Japan,NA,Ishikawa,1137181,4,2,264,15
2020-05-04,Japan,NA,Ishikawa,1137181,3,1,267,16
2020-05-05,Japan,NA,Ishikawa,1137181,1,0,268,16
2020-05-06,Japan,NA,Ishikawa,1137181,3,0,271,16
2020-05-07,Japan,NA,Ishikawa,1137181,4,0,275,16
2020-05-08,Japan,NA,Ishikawa,1137181,0,0,275,16
2020-05-09,Japan,NA,Ishikawa,1137181,2,0,277,16
2020-05-10,Japan,NA,Ishikawa,1137181,1,0,278,16
2020-05-11,Japan,NA,Ishikawa,1137181,2,1,280,17
2020-05-12,Japan,NA,Ishikawa,1137181,3,2,283,19
2020-05-13,Japan,NA,Ishikawa,1137181,1,0,284,19
2020-05-14,Japan,NA,Ishikawa,1137181,0,1,284,20
2020-05-15,Japan,NA,Ishikawa,1137181,1,0,285,20
2020-05-16,Japan,NA,Ishikawa,1137181,1,1,286,21
2020-05-17,Japan,NA,Ishikawa,1137181,1,0,287,21
2020-05-18,Japan,NA,Ishikawa,1137181,0,1,287,22
2020-05-19,Japan,NA,Ishikawa,1137181,3,0,290,22
2020-05-20,Japan,NA,Ishikawa,1137181,0,0,290,22
2020-05-21,Japan,NA,Ishikawa,1137181,2,0,292,22
2020-05-22,Japan,NA,Ishikawa,1137181,2,2,294,24
2020-05-23,Japan,NA,Ishikawa,1137181,1,0,295,24
2020-05-24,Japan,NA,Ishikawa,1137181,0,0,295,24
2020-05-25,Japan,NA,Ishikawa,1137181,0,0,295,24
2020-05-26,Japan,NA,Ishikawa,1137181,1,0,296,24
2020-05-27,Japan,NA,Ishikawa,1137181,0,0,296,24
2020-05-28,Japan,NA,Ishikawa,1137181,1,0,297,24
2020-05-29,Japan,NA,Ishikawa,1137181,1,0,298,24
2020-05-30,Japan,NA,Ishikawa,1137181,0,1,298,25
2020-05-31,Japan,NA,Ishikawa,1137181,0,0,298,25
2020-06-01,Japan,NA,Ishikawa,1137181,0,0,298,25
2020-06-02,Japan,NA,Ishikawa,1137181,0,0,298,25
2020-06-03,Japan,NA,Ishikawa,1137181,0,1,298,26
2020-06-04,Japan,NA,Ishikawa,1137181,0,0,298,26
2020-06-05,Japan,NA,Ishikawa,1137181,1,1,299,27
2020-06-06,Japan,NA,Ishikawa,1137181,0,0,299,27
2020-06-07,Japan,NA,Ishikawa,1137181,0,0,299,27
2020-06-08,Japan,NA,Ishikawa,1137181,0,0,299,27
2020-06-09,Japan,NA,Ishikawa,1137181,0,0,299,27
2020-06-10,Japan,NA,Ishikawa,1137181,0,0,299,27
2020-06-11,Japan,NA,Ishikawa,1137181,0,0,299,27
2020-06-12,Japan,NA,Ishikawa,1137181,0,0,299,27
2020-06-13,Japan,NA,Ishikawa,1137181,0,0,299,27
2020-06-14,Japan,NA,Ishikawa,1137181,0,0,299,27
2020-06-15,Japan,NA,Ishikawa,1137181,0,0,299,27
2020-06-16,Japan,NA,Ishikawa,1137181,0,0,299,27
2020-06-17,Japan,NA,Ishikawa,1137181,0,0,299,27
2020-06-18,Japan,NA,Ishikawa,1137181,0,0,299,27
2020-06-19,Japan,NA,Ishikawa,1137181,0,0,299,27
2020-06-20,Japan,NA,Ishikawa,1137181,0,0,299,27
2020-06-21,Japan,NA,Ishikawa,1137181,0,0,299,27
2020-06-22,Japan,NA,Ishikawa,1137181,1,0,300,27
2020-06-23,Japan,NA,Ishikawa,1137181,0,0,300,27
2020-06-24,Japan,NA,Ishikawa,1137181,0,0,300,27
2020-06-25,Japan,NA,Ishikawa,1137181,0,0,300,27
2020-06-26,Japan,NA,Ishikawa,1137181,0,0,300,27
2020-06-27,Japan,NA,Ishikawa,1137181,0,0,300,27
2020-06-28,Japan,NA,Ishikawa,1137181,0,0,300,27
2020-06-29,Japan,NA,Ishikawa,1137181,0,0,300,27
2020-06-30,Japan,NA,Ishikawa,1137181,0,0,300,27
2020-07-01,Japan,NA,Ishikawa,1137181,0,0,300,27
2020-07-02,Japan,NA,Ishikawa,1137181,0,0,300,27
2020-07-03,Japan,NA,Ishikawa,1137181,0,0,300,27
2020-07-04,Japan,NA,Ishikawa,1137181,0,0,300,27
2020-07-05,Japan,NA,Ishikawa,1137181,0,0,300,27
2020-07-06,Japan,NA,Ishikawa,1137181,0,0,300,27
2020-07-07,Japan,NA,Ishikawa,1137181,0,0,300,27
2020-07-08,Japan,NA,Ishikawa,1137181,0,0,300,27
2020-07-09,Japan,NA,Ishikawa,1137181,0,0,300,27
2020-07-10,Japan,NA,Ishikawa,1137181,0,0,300,27
2020-07-11,Japan,NA,Ishikawa,1137181,0,0,300,27
2020-07-12,Japan,NA,Ishikawa,1137181,0,0,300,27
2020-07-13,Japan,NA,Ishikawa,1137181,0,0,300,27
2020-07-14,Japan,NA,Ishikawa,1137181,0,0,300,27
2020-07-15,Japan,NA,Ishikawa,1137181,0,0,300,27
2020-07-16,Japan,NA,Ishikawa,1137181,0,0,300,27
2020-07-17,Japan,NA,Ishikawa,1137181,1,0,301,27
2020-07-18,Japan,NA,Ishikawa,1137181,2,0,303,27
2020-07-19,Japan,NA,Ishikawa,1137181,0,0,303,27
2020-07-20,Japan,NA,Ishikawa,1137181,0,0,303,27
2020-07-21,Japan,NA,Ishikawa,1137181,3,0,306,27
2020-07-22,Japan,NA,Ishikawa,1137181,0,0,306,27
2020-07-23,Japan,NA,Ishikawa,1137181,1,0,307,27
2020-07-24,Japan,NA,Ishikawa,1137181,3,0,310,27
2020-07-25,Japan,NA,Ishikawa,1137181,0,0,310,27
2020-07-26,Japan,NA,Ishikawa,1137181,3,0,313,27
2020-07-27,Japan,NA,Ishikawa,1137181,0,0,313,27
2020-07-28,Japan,NA,Ishikawa,1137181,1,0,314,27
2020-07-29,Japan,NA,Ishikawa,1137181,2,0,316,27
2020-07-30,Japan,NA,Ishikawa,1137181,4,0,320,27
2020-07-31,Japan,NA,Ishikawa,1137181,1,0,321,27
2020-08-01,Japan,NA,Ishikawa,1137181,1,0,322,27
2020-08-02,Japan,NA,Ishikawa,1137181,1,0,323,27
2020-08-03,Japan,NA,Ishikawa,1137181,0,0,323,27
2020-08-04,Japan,NA,Ishikawa,1137181,1,0,324,27
2020-08-05,Japan,NA,Ishikawa,1137181,0,0,324,27
2020-08-06,Japan,NA,Ishikawa,1137181,6,0,330,27
2020-08-07,Japan,NA,Ishikawa,1137181,1,0,331,27
2020-08-08,Japan,NA,Ishikawa,1137181,11,0,342,27
2020-08-09,Japan,NA,Ishikawa,1137181,22,1,364,28
2020-08-10,Japan,NA,Ishikawa,1137181,12,0,376,28
2020-08-11,Japan,NA,Ishikawa,1137181,14,0,390,28
2020-08-12,Japan,NA,Ishikawa,1137181,9,0,399,28
2020-08-13,Japan,NA,Ishikawa,1137181,13,0,412,28
2020-08-14,Japan,NA,Ishikawa,1137181,13,0,425,28
2020-08-15,Japan,NA,Ishikawa,1137181,13,0,438,28
2020-08-16,Japan,NA,Ishikawa,1137181,18,1,456,29
2020-08-17,Japan,NA,Ishikawa,1137181,19,0,475,29
2020-08-18,Japan,NA,Ishikawa,1137181,11,0,486,29
2020-08-19,Japan,NA,Ishikawa,1137181,19,0,505,29
2020-08-20,Japan,NA,Ishikawa,1137181,19,1,524,30
2020-08-21,Japan,NA,Ishikawa,1137181,8,0,532,30
2020-08-22,Japan,NA,Ishikawa,1137181,18,0,550,30
2020-08-23,Japan,NA,Ishikawa,1137181,16,1,566,31
2020-08-24,Japan,NA,Ishikawa,1137181,7,0,573,31
2020-08-25,Japan,NA,Ishikawa,1137181,12,0,585,31
2020-08-26,Japan,NA,Ishikawa,1137181,7,0,592,31
2020-08-27,Japan,NA,Ishikawa,1137181,13,2,605,33
2020-08-28,Japan,NA,Ishikawa,1137181,8,0,613,33
2020-08-29,Japan,NA,Ishikawa,1137181,7,0,620,33
2020-08-30,Japan,NA,Ishikawa,1137181,4,0,624,33
2020-08-31,Japan,NA,Ishikawa,1137181,2,0,626,33
2020-07-06,Japan,NA,Kagoshima,1601711,12,0,110,0
2020-07-07,Japan,NA,Kagoshima,1601711,9,0,119,0
2020-07-08,Japan,NA,Kagoshima,1601711,3,0,122,0
2020-07-09,Japan,NA,Kagoshima,1601711,2,0,124,0
2020-07-10,Japan,NA,Kagoshima,1601711,8,0,132,0
2020-07-11,Japan,NA,Kagoshima,1601711,5,0,137,0
2020-07-12,Japan,NA,Kagoshima,1601711,8,0,145,0
2020-07-13,Japan,NA,Kagoshima,1601711,5,0,150,0
2020-07-14,Japan,NA,Kagoshima,1601711,5,0,155,0
2020-07-15,Japan,NA,Kagoshima,1601711,3,0,158,0
2020-07-16,Japan,NA,Kagoshima,1601711,4,0,162,0
2020-07-17,Japan,NA,Kagoshima,1601711,1,0,163,0
2020-07-18,Japan,NA,Kagoshima,1601711,1,0,164,0
2020-07-19,Japan,NA,Kagoshima,1601711,1,0,165,0
2020-07-20,Japan,NA,Kagoshima,1601711,5,0,170,0
2020-07-21,Japan,NA,Kagoshima,1601711,2,0,172,0
2020-07-22,Japan,NA,Kagoshima,1601711,2,0,174,0
2020-07-23,Japan,NA,Kagoshima,1601711,15,0,189,0
2020-07-24,Japan,NA,Kagoshima,1601711,14,0,203,0
2020-07-25,Japan,NA,Kagoshima,1601711,8,0,211,0
2020-07-26,Japan,NA,Kagoshima,1601711,5,0,216,0
2020-07-27,Japan,NA,Kagoshima,1601711,3,0,219,0
2020-07-28,Japan,NA,Kagoshima,1601711,10,1,229,1
2020-07-29,Japan,NA,Kagoshima,1601711,3,0,232,1
2020-07-30,Japan,NA,Kagoshima,1601711,4,0,236,1
2020-07-31,Japan,NA,Kagoshima,1601711,16,0,252,1
2020-08-01,Japan,NA,Kagoshima,1601711,4,0,256,1
2020-08-02,Japan,NA,Kagoshima,1601711,0,0,256,1
2020-08-03,Japan,NA,Kagoshima,1601711,0,0,256,1
2020-08-04,Japan,NA,Kagoshima,1601711,6,1,262,2
2020-08-05,Japan,NA,Kagoshima,1601711,4,0,266,2
2020-08-06,Japan,NA,Kagoshima,1601711,7,0,273,2
2020-08-07,Japan,NA,Kagoshima,1601711,2,1,275,3
2020-08-08,Japan,NA,Kagoshima,1601711,2,0,277,3
2020-08-09,Japan,NA,Kagoshima,1601711,0,0,277,3
2020-08-10,Japan,NA,Kagoshima,1601711,0,0,277,3
2020-08-11,Japan,NA,Kagoshima,1601711,0,0,277,3
2020-08-12,Japan,NA,Kagoshima,1601711,0,1,277,4
2020-08-13,Japan,NA,Kagoshima,1601711,0,0,277,4
2020-08-14,Japan,NA,Kagoshima,1601711,4,0,281,4
2020-08-15,Japan,NA,Kagoshima,1601711,15,0,296,4
2020-08-16,Japan,NA,Kagoshima,1601711,27,2,323,6
2020-08-17,Japan,NA,Kagoshima,1601711,5,1,328,7
2020-08-18,Japan,NA,Kagoshima,1601711,7,0,335,7
2020-08-19,Japan,NA,Kagoshima,1601711,2,0,337,7
2020-08-20,Japan,NA,Kagoshima,1601711,3,1,340,8
2020-08-21,Japan,NA,Kagoshima,1601711,0,0,340,8
2020-08-22,Japan,NA,Kagoshima,1601711,1,0,341,8
2020-08-23,Japan,NA,Kagoshima,1601711,1,1,342,9
2020-08-24,Japan,NA,Kagoshima,1601711,4,0,346,9
2020-08-25,Japan,NA,Kagoshima,1601711,2,0,348,9
2020-08-26,Japan,NA,Kagoshima,1601711,1,2,349,11
2020-08-27,Japan,NA,Kagoshima,1601711,2,0,351,11
2020-08-28,Japan,NA,Kagoshima,1601711,5,0,356,11
2020-08-29,Japan,NA,Kagoshima,1601711,3,0,359,11
2020-08-30,Japan,NA,Kagoshima,1601711,2,0,361,11
2020-08-31,Japan,NA,Kagoshima,1601711,1,0,362,11
2020-03-27,Japan,NA,Kanagawa,9200166,11,1,104,5
2020-03-28,Japan,NA,Kanagawa,9200166,12,0,116,5
2020-03-29,Japan,NA,Kanagawa,9200166,9,0,125,5
2020-03-30,Japan,NA,Kanagawa,9200166,3,1,128,6
2020-03-31,Japan,NA,Kanagawa,9200166,14,0,142,6
2020-04-01,Japan,NA,Kanagawa,9200166,19,0,161,6
2020-04-02,Japan,NA,Kanagawa,9200166,25,1,186,7
2020-04-03,Japan,NA,Kanagawa,9200166,31,0,217,7
2020-04-04,Japan,NA,Kanagawa,9200166,21,0,238,7
2020-04-05,Japan,NA,Kanagawa,9200166,27,0,265,7
2020-04-06,Japan,NA,Kanagawa,9200166,6,0,271,7
2020-04-07,Japan,NA,Kanagawa,9200166,18,0,289,7
2020-04-08,Japan,NA,Kanagawa,9200166,64,0,353,7
2020-04-09,Japan,NA,Kanagawa,9200166,28,0,381,7
2020-04-10,Japan,NA,Kanagawa,9200166,55,3,436,10
2020-04-11,Japan,NA,Kanagawa,9200166,76,1,512,11
2020-04-12,Japan,NA,Kanagawa,9200166,31,1,543,12
2020-04-13,Japan,NA,Kanagawa,9200166,15,2,558,14
2020-04-14,Japan,NA,Kanagawa,9200166,20,0,578,14
2020-04-15,Japan,NA,Kanagawa,9200166,40,0,618,14
2020-04-16,Japan,NA,Kanagawa,9200166,56,1,674,15
2020-04-17,Japan,NA,Kanagawa,9200166,33,1,707,16
2020-04-18,Japan,NA,Kanagawa,9200166,44,1,751,17
2020-04-19,Japan,NA,Kanagawa,9200166,30,0,781,17
2020-04-20,Japan,NA,Kanagawa,9200166,17,2,798,19
2020-04-21,Japan,NA,Kanagawa,9200166,13,1,811,20
2020-04-22,Japan,NA,Kanagawa,9200166,25,3,836,23
2020-04-23,Japan,NA,Kanagawa,9200166,39,1,875,24
2020-04-24,Japan,NA,Kanagawa,9200166,32,0,907,24
2020-04-25,Japan,NA,Kanagawa,9200166,31,1,938,25
2020-04-26,Japan,NA,Kanagawa,9200166,16,1,954,26
2020-04-27,Japan,NA,Kanagawa,9200166,7,1,961,27
2020-04-28,Japan,NA,Kanagawa,9200166,11,2,972,29
2020-04-29,Japan,NA,Kanagawa,9200166,25,3,997,32
2020-04-30,Japan,NA,Kanagawa,9200166,26,2,1023,34
2020-05-01,Japan,NA,Kanagawa,9200166,15,3,1038,37
2020-05-02,Japan,NA,Kanagawa,9200166,36,2,1074,39
2020-05-03,Japan,NA,Kanagawa,9200166,23,3,1097,42
2020-05-04,Japan,NA,Kanagawa,9200166,10,3,1107,45
2020-05-05,Japan,NA,Kanagawa,9200166,14,1,1121,46
2020-05-06,Japan,NA,Kanagawa,9200166,7,1,1128,47
2020-05-07,Japan,NA,Kanagawa,9200166,13,0,1141,47
2020-05-08,Japan,NA,Kanagawa,9200166,7,3,1148,50
2020-05-09,Japan,NA,Kanagawa,9200166,7,1,1155,51
2020-05-10,Japan,NA,Kanagawa,9200166,13,2,1168,53
2020-05-11,Japan,NA,Kanagawa,9200166,7,4,1175,57
2020-05-12,Japan,NA,Kanagawa,9200166,15,2,1190,59
2020-05-13,Japan,NA,Kanagawa,9200166,10,3,1200,62
2020-05-14,Japan,NA,Kanagawa,9200166,32,1,1232,63
2020-05-15,Japan,NA,Kanagawa,9200166,16,1,1248,64
2020-05-16,Japan,NA,Kanagawa,9200166,12,0,1260,64
2020-05-17,Japan,NA,Kanagawa,9200166,5,0,1265,64
2020-05-18,Japan,NA,Kanagawa,9200166,8,4,1273,68
2020-05-19,Japan,NA,Kanagawa,9200166,8,0,1281,68
2020-05-20,Japan,NA,Kanagawa,9200166,21,1,1302,69
2020-05-21,Japan,NA,Kanagawa,9200166,10,2,1312,71
2020-05-22,Japan,NA,Kanagawa,9200166,7,2,1319,73
2020-05-23,Japan,NA,Kanagawa,9200166,5,2,1324,75
2020-05-24,Japan,NA,Kanagawa,9200166,5,1,1329,76
2020-05-25,Japan,NA,Kanagawa,9200166,1,0,1330,76
2020-05-26,Japan,NA,Kanagawa,9200166,3,2,1333,78
2020-05-27,Japan,NA,Kanagawa,9200166,5,1,1338,79
2020-05-28,Japan,NA,Kanagawa,9200166,7,3,1345,82
2020-05-29,Japan,NA,Kanagawa,9200166,11,2,1356,84
2020-05-30,Japan,NA,Kanagawa,9200166,3,1,1359,85
2020-05-31,Japan,NA,Kanagawa,9200166,6,1,1365,86
2020-06-01,Japan,NA,Kanagawa,9200166,1,0,1366,86
2020-06-02,Japan,NA,Kanagawa,9200166,3,0,1369,86
2020-06-03,Japan,NA,Kanagawa,9200166,2,1,1371,87
2020-06-04,Japan,NA,Kanagawa,9200166,6,0,1377,87
2020-06-05,Japan,NA,Kanagawa,9200166,6,0,1383,87
2020-06-06,Japan,NA,Kanagawa,9200166,5,0,1388,87
2020-06-07,Japan,NA,Kanagawa,9200166,5,0,1393,87
2020-06-08,Japan,NA,Kanagawa,9200166,0,1,1393,88
2020-06-09,Japan,NA,Kanagawa,9200166,1,1,1394,89
2020-06-10,Japan,NA,Kanagawa,9200166,0,0,1394,89
2020-06-11,Japan,NA,Kanagawa,9200166,1,0,1395,89
2020-06-12,Japan,NA,Kanagawa,9200166,3,1,1398,90
2020-06-13,Japan,NA,Kanagawa,9200166,6,0,1404,90
2020-06-14,Japan,NA,Kanagawa,9200166,0,0,1404,90
2020-06-15,Japan,NA,Kanagawa,9200166,3,1,1407,91
2020-06-16,Japan,NA,Kanagawa,9200166,2,2,1409,93
2020-06-17,Japan,NA,Kanagawa,9200166,7,0,1416,93
2020-06-18,Japan,NA,Kanagawa,9200166,6,0,1422,93
2020-06-19,Japan,NA,Kanagawa,9200166,2,1,1424,94
2020-06-20,Japan,NA,Kanagawa,9200166,5,0,1429,94
2020-06-21,Japan,NA,Kanagawa,9200166,0,0,1429,94
2020-06-22,Japan,NA,Kanagawa,9200166,0,0,1429,94
2020-06-23,Japan,NA,Kanagawa,9200166,1,0,1430,94
2020-06-24,Japan,NA,Kanagawa,9200166,4,0,1434,94
2020-06-25,Japan,NA,Kanagawa,9200166,6,2,1440,96
2020-06-26,Japan,NA,Kanagawa,9200166,7,0,1447,96
2020-06-27,Japan,NA,Kanagawa,9200166,4,0,1451,96
2020-06-28,Japan,NA,Kanagawa,9200166,10,0,1461,96
2020-06-29,Japan,NA,Kanagawa,9200166,6,0,1467,96
2020-06-30,Japan,NA,Kanagawa,9200166,31,0,1498,96
2020-07-01,Japan,NA,Kanagawa,9200166,8,0,1506,96
2020-07-02,Japan,NA,Kanagawa,9200166,11,0,1517,96
2020-07-03,Japan,NA,Kanagawa,9200166,24,0,1541,96
2020-07-04,Japan,NA,Kanagawa,9200166,20,0,1561,96
2020-07-05,Japan,NA,Kanagawa,9200166,21,0,1582,96
2020-07-06,Japan,NA,Kanagawa,9200166,11,0,1593,96
2020-07-07,Japan,NA,Kanagawa,9200166,8,0,1601,96
2020-07-08,Japan,NA,Kanagawa,9200166,23,1,1624,97
2020-07-09,Japan,NA,Kanagawa,9200166,25,0,1649,97
2020-07-10,Japan,NA,Kanagawa,9200166,32,0,1681,97
2020-07-11,Japan,NA,Kanagawa,9200166,35,1,1716,98
2020-07-12,Japan,NA,Kanagawa,9200166,23,0,1739,98
2020-07-13,Japan,NA,Kanagawa,9200166,16,0,1755,98
2020-07-14,Japan,NA,Kanagawa,9200166,28,0,1783,98
2020-07-15,Japan,NA,Kanagawa,9200166,41,0,1824,98
2020-07-16,Japan,NA,Kanagawa,9200166,48,0,1872,98
2020-07-17,Japan,NA,Kanagawa,9200166,43,0,1915,98
2020-07-18,Japan,NA,Kanagawa,9200166,49,0,1964,98
2020-07-19,Japan,NA,Kanagawa,9200166,30,0,1994,98
2020-07-20,Japan,NA,Kanagawa,9200166,11,0,2005,98
2020-07-21,Japan,NA,Kanagawa,9200166,30,0,2035,98
2020-07-22,Japan,NA,Kanagawa,9200166,68,0,2103,98
2020-07-23,Japan,NA,Kanagawa,9200166,53,0,2156,98
2020-07-24,Japan,NA,Kanagawa,9200166,25,0,2181,98
2020-07-25,Japan,NA,Kanagawa,9200166,18,0,2199,98
2020-07-26,Japan,NA,Kanagawa,9200166,33,0,2232,98
2020-07-27,Japan,NA,Kanagawa,9200166,14,0,2246,98
2020-07-28,Japan,NA,Kanagawa,9200166,33,0,2279,98
2020-07-29,Japan,NA,Kanagawa,9200166,70,1,2349,99
2020-07-30,Japan,NA,Kanagawa,9200166,76,0,2425,99
2020-07-31,Japan,NA,Kanagawa,9200166,53,0,2478,99
2020-08-01,Japan,NA,Kanagawa,9200166,58,0,2536,99
2020-08-02,Japan,NA,Kanagawa,9200166,72,0,2608,99
2020-08-03,Japan,NA,Kanagawa,9200166,48,0,2656,99
2020-08-04,Japan,NA,Kanagawa,9200166,89,0,2745,99
2020-08-05,Japan,NA,Kanagawa,9200166,81,1,2826,100
2020-08-06,Japan,NA,Kanagawa,9200166,119,1,2945,101
2020-08-07,Japan,NA,Kanagawa,9200166,107,2,3052,103
2020-08-08,Japan,NA,Kanagawa,9200166,128,0,3180,103
2020-08-09,Japan,NA,Kanagawa,9200166,81,0,3261,103
2020-08-10,Japan,NA,Kanagawa,9200166,38,0,3299,103
2020-08-11,Japan,NA,Kanagawa,9200166,27,1,3326,104
2020-08-12,Japan,NA,Kanagawa,9200166,66,0,3392,104
2020-08-13,Japan,NA,Kanagawa,9200166,123,1,3515,105
2020-08-14,Japan,NA,Kanagawa,9200166,117,0,3632,105
2020-08-15,Japan,NA,Kanagawa,9200166,136,0,3768,105
2020-08-16,Japan,NA,Kanagawa,9200166,80,0,3848,105
2020-08-17,Japan,NA,Kanagawa,9200166,50,1,3898,106
2020-08-18,Japan,NA,Kanagawa,9200166,84,0,3982,106
2020-08-19,Japan,NA,Kanagawa,9200166,95,0,4077,106
2020-08-20,Japan,NA,Kanagawa,9200166,104,1,4181,107
2020-08-21,Japan,NA,Kanagawa,9200166,82,1,4263,108
2020-08-22,Japan,NA,Kanagawa,9200166,101,0,4364,108
2020-08-23,Japan,NA,Kanagawa,9200166,50,0,4414,108
2020-08-24,Japan,NA,Kanagawa,9200166,39,4,4453,112
2020-08-25,Japan,NA,Kanagawa,9200166,57,3,4510,115
2020-08-26,Japan,NA,Kanagawa,9200166,85,1,4595,116
2020-08-27,Japan,NA,Kanagawa,9200166,66,0,4661,116
2020-08-28,Japan,NA,Kanagawa,9200166,75,0,4736,116
2020-08-29,Japan,NA,Kanagawa,9200166,106,2,4842,118
2020-08-30,Japan,NA,Kanagawa,9200166,64,4,4906,122
2020-08-31,Japan,NA,Kanagawa,9200166,50,1,4956,123
2020-07-27,Japan,NA,Kumamoto,1746740,33,0,113,3
2020-07-28,Japan,NA,Kumamoto,1746740,22,0,135,3
2020-07-29,Japan,NA,Kumamoto,1746740,21,0,156,3
2020-07-30,Japan,NA,Kumamoto,1746740,16,0,172,3
2020-07-31,Japan,NA,Kumamoto,1746740,18,0,190,3
2020-08-01,Japan,NA,Kumamoto,1746740,26,0,216,3
2020-08-02,Japan,NA,Kumamoto,1746740,20,0,236,3
2020-08-03,Japan,NA,Kumamoto,1746740,6,1,242,4
2020-08-04,Japan,NA,Kumamoto,1746740,37,0,279,4
2020-08-05,Japan,NA,Kumamoto,1746740,42,1,321,5
2020-08-06,Japan,NA,Kumamoto,1746740,10,0,331,5
2020-08-07,Japan,NA,Kumamoto,1746740,9,0,340,5
2020-08-08,Japan,NA,Kumamoto,1746740,10,0,350,5
2020-08-09,Japan,NA,Kumamoto,1746740,3,0,353,5
2020-08-10,Japan,NA,Kumamoto,1746740,3,0,356,5
2020-08-11,Japan,NA,Kumamoto,1746740,4,0,360,5
2020-08-12,Japan,NA,Kumamoto,1746740,10,0,370,5
2020-08-13,Japan,NA,Kumamoto,1746740,9,0,379,5
2020-08-14,Japan,NA,Kumamoto,1746740,12,0,391,5
2020-08-15,Japan,NA,Kumamoto,1746740,11,1,402,6
2020-08-16,Japan,NA,Kumamoto,1746740,4,0,406,6
2020-08-17,Japan,NA,Kumamoto,1746740,5,0,411,6
2020-08-18,Japan,NA,Kumamoto,1746740,5,1,416,7
2020-08-19,Japan,NA,Kumamoto,1746740,10,0,426,7
2020-08-20,Japan,NA,Kumamoto,1746740,15,0,441,7
2020-08-21,Japan,NA,Kumamoto,1746740,13,0,454,7
2020-08-22,Japan,NA,Kumamoto,1746740,11,0,465,7
2020-08-23,Japan,NA,Kumamoto,1746740,5,0,470,7
2020-08-24,Japan,NA,Kumamoto,1746740,4,0,474,7
2020-08-25,Japan,NA,Kumamoto,1746740,5,0,479,7
2020-08-26,Japan,NA,Kumamoto,1746740,5,0,484,7
2020-08-27,Japan,NA,Kumamoto,1746740,6,0,490,7
2020-08-28,Japan,NA,Kumamoto,1746740,7,0,497,7
2020-08-29,Japan,NA,Kumamoto,1746740,11,0,508,7
2020-08-30,Japan,NA,Kumamoto,1746740,2,0,510,7
2020-08-31,Japan,NA,Kumamoto,1746740,9,0,519,7
2020-04-03,Japan,NA,Kyoto,2583140,18,0,106,0
2020-04-04,Japan,NA,Kyoto,2583140,10,0,116,0
2020-04-05,Japan,NA,Kyoto,2583140,9,0,125,0
2020-04-06,Japan,NA,Kyoto,2583140,8,0,133,0
2020-04-07,Japan,NA,Kyoto,2583140,12,0,145,0
2020-04-08,Japan,NA,Kyoto,2583140,10,0,155,0
2020-04-09,Japan,NA,Kyoto,2583140,10,1,165,1
2020-04-10,Japan,NA,Kyoto,2583140,9,0,174,1
2020-04-11,Japan,NA,Kyoto,2583140,7,2,181,3
2020-04-12,Japan,NA,Kyoto,2583140,12,0,193,3
2020-04-13,Japan,NA,Kyoto,2583140,12,0,205,3
2020-04-14,Japan,NA,Kyoto,2583140,5,0,210,3
2020-04-15,Japan,NA,Kyoto,2583140,5,0,215,3
2020-04-16,Japan,NA,Kyoto,2583140,10,0,225,3
2020-04-17,Japan,NA,Kyoto,2583140,10,0,235,3
2020-04-18,Japan,NA,Kyoto,2583140,7,0,242,3
2020-04-19,Japan,NA,Kyoto,2583140,9,0,251,3
2020-04-20,Japan,NA,Kyoto,2583140,8,2,259,5
2020-04-21,Japan,NA,Kyoto,2583140,5,1,264,6
2020-04-22,Japan,NA,Kyoto,2583140,11,2,275,8
2020-04-23,Japan,NA,Kyoto,2583140,7,0,282,8
2020-04-24,Japan,NA,Kyoto,2583140,4,0,286,8
2020-04-25,Japan,NA,Kyoto,2583140,4,0,290,8
2020-04-26,Japan,NA,Kyoto,2583140,4,0,294,8
2020-04-27,Japan,NA,Kyoto,2583140,15,1,309,9
2020-04-28,Japan,NA,Kyoto,2583140,4,0,313,9
2020-04-29,Japan,NA,Kyoto,2583140,4,1,317,10
2020-04-30,Japan,NA,Kyoto,2583140,3,0,320,10
2020-05-01,Japan,NA,Kyoto,2583140,4,1,324,11
2020-05-02,Japan,NA,Kyoto,2583140,5,1,329,12
2020-05-03,Japan,NA,Kyoto,2583140,2,0,331,12
2020-05-04,Japan,NA,Kyoto,2583140,3,0,334,12
2020-05-05,Japan,NA,Kyoto,2583140,4,1,338,13
2020-05-06,Japan,NA,Kyoto,2583140,3,0,341,13
2020-05-07,Japan,NA,Kyoto,2583140,6,0,347,13
2020-05-08,Japan,NA,Kyoto,2583140,1,0,348,13
2020-05-09,Japan,NA,Kyoto,2583140,4,0,352,13
2020-05-10,Japan,NA,Kyoto,2583140,0,0,352,13
2020-05-11,Japan,NA,Kyoto,2583140,0,0,352,13
2020-05-12,Japan,NA,Kyoto,2583140,4,0,356,13
2020-05-13,Japan,NA,Kyoto,2583140,1,0,357,13
2020-05-14,Japan,NA,Kyoto,2583140,1,0,358,13
2020-05-15,Japan,NA,Kyoto,2583140,0,0,358,13
2020-05-16,Japan,NA,Kyoto,2583140,0,1,358,14
2020-05-17,Japan,NA,Kyoto,2583140,0,0,358,14
2020-05-18,Japan,NA,Kyoto,2583140,0,0,358,14
2020-05-19,Japan,NA,Kyoto,2583140,0,0,358,14
2020-05-20,Japan,NA,Kyoto,2583140,0,0,358,14
2020-05-21,Japan,NA,Kyoto,2583140,0,0,358,14
2020-05-22,Japan,NA,Kyoto,2583140,0,0,358,14
2020-05-23,Japan,NA,Kyoto,2583140,0,0,358,14
2020-05-24,Japan,NA,Kyoto,2583140,0,1,358,15
2020-05-25,Japan,NA,Kyoto,2583140,0,0,358,15
2020-05-26,Japan,NA,Kyoto,2583140,0,1,358,16
2020-05-27,Japan,NA,Kyoto,2583140,0,0,358,16
2020-05-28,Japan,NA,Kyoto,2583140,0,1,358,17
2020-05-29,Japan,NA,Kyoto,2583140,0,0,358,17
2020-05-30,Japan,NA,Kyoto,2583140,0,0,358,17
2020-05-31,Japan,NA,Kyoto,2583140,0,0,358,17
2020-06-01,Japan,NA,Kyoto,2583140,0,0,358,17
2020-06-02,Japan,NA,Kyoto,2583140,0,0,358,17
2020-06-03,Japan,NA,Kyoto,2583140,0,0,358,17
2020-06-04,Japan,NA,Kyoto,2583140,0,1,358,18
2020-06-05,Japan,NA,Kyoto,2583140,0,0,358,18
2020-06-06,Japan,NA,Kyoto,2583140,1,0,359,18
2020-06-07,Japan,NA,Kyoto,2583140,0,0,359,18
2020-06-08,Japan,NA,Kyoto,2583140,0,0,359,18
2020-06-09,Japan,NA,Kyoto,2583140,1,0,360,18
2020-06-10,Japan,NA,Kyoto,2583140,0,0,360,18
2020-06-11,Japan,NA,Kyoto,2583140,0,0,360,18
2020-06-12,Japan,NA,Kyoto,2583140,0,0,360,18
2020-06-13,Japan,NA,Kyoto,2583140,0,0,360,18
2020-06-14,Japan,NA,Kyoto,2583140,0,0,360,18
2020-06-15,Japan,NA,Kyoto,2583140,0,0,360,18
2020-06-16,Japan,NA,Kyoto,2583140,3,0,363,18
2020-06-17,Japan,NA,Kyoto,2583140,0,0,363,18
2020-06-18,Japan,NA,Kyoto,2583140,0,0,363,18
2020-06-19,Japan,NA,Kyoto,2583140,1,0,364,18
2020-06-20,Japan,NA,Kyoto,2583140,1,0,365,18
2020-06-21,Japan,NA,Kyoto,2583140,0,0,365,18
2020-06-22,Japan,NA,Kyoto,2583140,0,0,365,18
2020-06-23,Japan,NA,Kyoto,2583140,0,0,365,18
2020-06-24,Japan,NA,Kyoto,2583140,0,0,365,18
2020-06-25,Japan,NA,Kyoto,2583140,1,0,366,18
2020-06-26,Japan,NA,Kyoto,2583140,4,0,370,18
2020-06-27,Japan,NA,Kyoto,2583140,4,0,374,18
2020-06-28,Japan,NA,Kyoto,2583140,1,0,375,18
2020-06-29,Japan,NA,Kyoto,2583140,4,0,379,18
2020-06-30,Japan,NA,Kyoto,2583140,2,0,381,18
2020-07-01,Japan,NA,Kyoto,2583140,2,0,383,18
2020-07-02,Japan,NA,Kyoto,2583140,3,0,386,18
2020-07-03,Japan,NA,Kyoto,2583140,5,0,391,18
2020-07-04,Japan,NA,Kyoto,2583140,9,0,400,18
2020-07-05,Japan,NA,Kyoto,2583140,1,0,401,18
2020-07-06,Japan,NA,Kyoto,2583140,3,0,404,18
2020-07-07,Japan,NA,Kyoto,2583140,9,0,413,18
2020-07-08,Japan,NA,Kyoto,2583140,2,0,415,18
2020-07-09,Japan,NA,Kyoto,2583140,5,0,420,18
2020-07-10,Japan,NA,Kyoto,2583140,10,0,430,18
2020-07-11,Japan,NA,Kyoto,2583140,9,0,439,18
2020-07-12,Japan,NA,Kyoto,2583140,8,0,447,18
2020-07-13,Japan,NA,Kyoto,2583140,9,0,456,18
2020-07-14,Japan,NA,Kyoto,2583140,12,0,468,18
2020-07-15,Japan,NA,Kyoto,2583140,9,0,477,18
2020-07-16,Japan,NA,Kyoto,2583140,13,0,490,18
2020-07-17,Japan,NA,Kyoto,2583140,12,0,502,18
2020-07-18,Japan,NA,Kyoto,2583140,25,0,527,18
2020-07-19,Japan,NA,Kyoto,2583140,12,0,539,18
2020-07-20,Japan,NA,Kyoto,2583140,27,0,566,18
2020-07-21,Japan,NA,Kyoto,2583140,20,0,586,18
2020-07-22,Japan,NA,Kyoto,2583140,19,0,605,18
2020-07-23,Japan,NA,Kyoto,2583140,19,0,624,18
2020-07-24,Japan,NA,Kyoto,2583140,16,1,640,19
2020-07-25,Japan,NA,Kyoto,2583140,4,0,644,19
2020-07-26,Japan,NA,Kyoto,2583140,13,0,657,19
2020-07-27,Japan,NA,Kyoto,2583140,20,1,677,20
2020-07-28,Japan,NA,Kyoto,2583140,31,0,708,20
2020-07-29,Japan,NA,Kyoto,2583140,41,0,749,20
2020-07-30,Japan,NA,Kyoto,2583140,9,0,758,20
2020-07-31,Japan,NA,Kyoto,2583140,29,0,787,20
2020-08-01,Japan,NA,Kyoto,2583140,22,0,809,20
2020-08-02,Japan,NA,Kyoto,2583140,17,0,826,20
2020-08-03,Japan,NA,Kyoto,2583140,29,0,855,20
2020-08-04,Japan,NA,Kyoto,2583140,21,1,876,21
2020-08-05,Japan,NA,Kyoto,2583140,27,0,903,21
2020-08-06,Japan,NA,Kyoto,2583140,20,0,923,21
2020-08-07,Japan,NA,Kyoto,2583140,19,0,942,21
2020-08-08,Japan,NA,Kyoto,2583140,21,0,963,21
2020-08-09,Japan,NA,Kyoto,2583140,20,0,983,21
2020-08-10,Japan,NA,Kyoto,2583140,8,0,991,21
2020-08-11,Japan,NA,Kyoto,2583140,10,0,1001,21
2020-08-12,Japan,NA,Kyoto,2583140,25,0,1026,21
2020-08-13,Japan,NA,Kyoto,2583140,35,0,1061,21
2020-08-14,Japan,NA,Kyoto,2583140,30,0,1091,21
2020-08-15,Japan,NA,Kyoto,2583140,22,0,1113,21
2020-08-16,Japan,NA,Kyoto,2583140,6,0,1119,21
2020-08-17,Japan,NA,Kyoto,2583140,19,0,1138,21
2020-08-18,Japan,NA,Kyoto,2583140,26,0,1164,21
2020-08-19,Japan,NA,Kyoto,2583140,38,0,1202,21
2020-08-20,Japan,NA,Kyoto,2583140,41,0,1243,21
2020-08-21,Japan,NA,Kyoto,2583140,38,0,1281,21
2020-08-22,Japan,NA,Kyoto,2583140,25,0,1306,21
2020-08-23,Japan,NA,Kyoto,2583140,13,0,1319,21
2020-08-24,Japan,NA,Kyoto,2583140,7,0,1326,21
2020-08-25,Japan,NA,Kyoto,2583140,17,1,1343,22
2020-08-26,Japan,NA,Kyoto,2583140,31,0,1374,22
2020-08-27,Japan,NA,Kyoto,2583140,27,0,1401,22
2020-08-28,Japan,NA,Kyoto,2583140,21,0,1422,22
2020-08-29,Japan,NA,Kyoto,2583140,17,0,1439,22
2020-08-30,Japan,NA,Kyoto,2583140,9,1,1448,23
2020-08-31,Japan,NA,Kyoto,2583140,4,0,1452,23
2020-08-16,Japan,NA,Kochi,697674,5,0,102,3
2020-08-17,Japan,NA,Kochi,697674,1,0,103,3
2020-08-18,Japan,NA,Kochi,697674,0,0,103,3
2020-08-19,Japan,NA,Kochi,697674,2,0,105,3
2020-08-20,Japan,NA,Kochi,697674,0,0,105,3
2020-08-21,Japan,NA,Kochi,697674,1,0,106,3
2020-08-22,Japan,NA,Kochi,697674,1,0,107,3
2020-08-23,Japan,NA,Kochi,697674,2,0,109,3
2020-08-24,Japan,NA,Kochi,697674,0,0,109,3
2020-08-25,Japan,NA,Kochi,697674,0,0,109,3
2020-08-26,Japan,NA,Kochi,697674,9,0,118,3
2020-08-27,Japan,NA,Kochi,697674,0,0,118,3
2020-08-28,Japan,NA,Kochi,697674,1,0,119,3
2020-08-29,Japan,NA,Kochi,697674,5,0,124,3
2020-08-30,Japan,NA,Kochi,697674,1,0,125,3
2020-08-01,Japan,NA,Mie,1781948,11,0,110,1
2020-08-02,Japan,NA,Mie,1781948,12,0,122,1
2020-08-03,Japan,NA,Mie,1781948,20,0,142,1
2020-08-04,Japan,NA,Mie,1781948,11,0,153,1
2020-08-05,Japan,NA,Mie,1781948,24,0,177,1
2020-08-06,Japan,NA,Mie,1781948,10,0,187,1
2020-08-07,Japan,NA,Mie,1781948,23,0,210,1
2020-08-08,Japan,NA,Mie,1781948,17,0,227,1
2020-08-09,Japan,NA,Mie,1781948,9,0,236,1
2020-08-10,Japan,NA,Mie,1781948,11,0,247,1
2020-08-11,Japan,NA,Mie,1781948,3,0,250,1
2020-08-12,Japan,NA,Mie,1781948,10,0,260,1
2020-08-13,Japan,NA,Mie,1781948,6,0,266,1
2020-08-14,Japan,NA,Mie,1781948,7,0,273,1
2020-08-15,Japan,NA,Mie,1781948,5,0,278,1
2020-08-16,Japan,NA,Mie,1781948,3,0,281,1
2020-08-17,Japan,NA,Mie,1781948,1,1,282,2
2020-08-18,Japan,NA,Mie,1781948,3,0,285,2
2020-08-19,Japan,NA,Mie,1781948,14,0,299,2
2020-08-20,Japan,NA,Mie,1781948,15,0,314,2
2020-08-21,Japan,NA,Mie,1781948,13,0,327,2
2020-08-22,Japan,NA,Mie,1781948,6,0,333,2
2020-08-23,Japan,NA,Mie,1781948,5,0,338,2
2020-08-24,Japan,NA,Mie,1781948,11,0,349,2
2020-08-25,Japan,NA,Mie,1781948,0,0,349,2
2020-08-26,Japan,NA,Mie,1781948,1,0,350,2
2020-08-27,Japan,NA,Mie,1781948,5,0,355,2
2020-08-28,Japan,NA,Mie,1781948,5,0,360,2
2020-08-29,Japan,NA,Mie,1781948,0,0,360,2
2020-08-30,Japan,NA,Mie,1781948,3,0,363,2
2020-08-31,Japan,NA,Mie,1781948,12,0,375,2
2020-07-11,Japan,NA,Miyagi,2303160,4,0,104,1
2020-07-12,Japan,NA,Miyagi,2303160,2,0,106,1
2020-07-13,Japan,NA,Miyagi,2303160,2,0,108,1
2020-07-14,Japan,NA,Miyagi,2303160,2,0,110,1
2020-07-15,Japan,NA,Miyagi,2303160,2,0,112,1
2020-07-16,Japan,NA,Miyagi,2303160,14,0,126,1
2020-07-17,Japan,NA,Miyagi,2303160,3,0,129,1
2020-07-18,Japan,NA,Miyagi,2303160,3,0,132,1
2020-07-19,Japan,NA,Miyagi,2303160,0,0,132,1
2020-07-20,Japan,NA,Miyagi,2303160,4,0,136,1
2020-07-21,Japan,NA,Miyagi,2303160,0,0,136,1
2020-07-22,Japan,NA,Miyagi,2303160,2,0,138,1
2020-07-23,Japan,NA,Miyagi,2303160,2,0,140,1
2020-07-24,Japan,NA,Miyagi,2303160,0,0,140,1
2020-07-25,Japan,NA,Miyagi,2303160,2,0,142,1
2020-07-26,Japan,NA,Miyagi,2303160,0,0,142,1
2020-07-27,Japan,NA,Miyagi,2303160,5,0,147,1
2020-07-28,Japan,NA,Miyagi,2303160,2,0,149,1
2020-07-29,Japan,NA,Miyagi,2303160,4,0,153,1
2020-07-30,Japan,NA,Miyagi,2303160,5,0,158,1
2020-07-31,Japan,NA,Miyagi,2303160,2,0,160,1
2020-08-01,Japan,NA,Miyagi,2303160,5,0,165,1
2020-08-02,Japan,NA,Miyagi,2303160,3,0,168,1
2020-08-03,Japan,NA,Miyagi,2303160,6,0,174,1
2020-08-04,Japan,NA,Miyagi,2303160,2,0,176,1
2020-08-05,Japan,NA,Miyagi,2303160,1,0,177,1
2020-08-06,Japan,NA,Miyagi,2303160,3,0,180,1
2020-08-07,Japan,NA,Miyagi,2303160,1,0,181,1
2020-08-08,Japan,NA,Miyagi,2303160,1,0,182,1
2020-08-09,Japan,NA,Miyagi,2303160,0,0,182,1
2020-08-10,Japan,NA,Miyagi,2303160,0,0,182,1
2020-08-11,Japan,NA,Miyagi,2303160,0,0,182,1
2020-08-12,Japan,NA,Miyagi,2303160,2,0,184,1
2020-08-13,Japan,NA,Miyagi,2303160,0,0,184,1
2020-08-14,Japan,NA,Miyagi,2303160,0,0,184,1
2020-08-15,Japan,NA,Miyagi,2303160,0,0,184,1
2020-08-16,Japan,NA,Miyagi,2303160,0,0,184,1
2020-08-17,Japan,NA,Miyagi,2303160,1,0,185,1
2020-08-18,Japan,NA,Miyagi,2303160,1,1,186,2
2020-08-19,Japan,NA,Miyagi,2303160,1,0,187,2
2020-08-20,Japan,NA,Miyagi,2303160,2,0,189,2
2020-08-21,Japan,NA,Miyagi,2303160,2,0,191,2
2020-08-22,Japan,NA,Miyagi,2303160,0,0,191,2
2020-08-23,Japan,NA,Miyagi,2303160,1,0,192,2
2020-08-24,Japan,NA,Miyagi,2303160,0,0,192,2
2020-08-25,Japan,NA,Miyagi,2303160,0,0,192,2
2020-08-26,Japan,NA,Miyagi,2303160,0,0,192,2
2020-08-27,Japan,NA,Miyagi,2303160,1,0,193,2
2020-08-28,Japan,NA,Miyagi,2303160,5,0,198,2
2020-08-29,Japan,NA,Miyagi,2303160,5,0,203,2
2020-08-30,Japan,NA,Miyagi,2303160,1,0,204,2
2020-08-31,Japan,NA,Miyagi,2303160,3,0,207,2
2020-07-29,Japan,NA,Miyazaki,1071723,12,0,106,0
2020-07-30,Japan,NA,Miyazaki,1071723,15,0,121,0
2020-07-31,Japan,NA,Miyazaki,1071723,20,0,141,0
2020-08-01,Japan,NA,Miyazaki,1071723,16,0,157,0
2020-08-02,Japan,NA,Miyazaki,1071723,30,0,187,0
2020-08-03,Japan,NA,Miyazaki,1071723,8,0,195,0
2020-08-04,Japan,NA,Miyazaki,1071723,12,0,207,0
2020-08-05,Japan,NA,Miyazaki,1071723,8,0,215,0
2020-08-06,Japan,NA,Miyazaki,1071723,13,0,228,0
2020-08-07,Japan,NA,Miyazaki,1071723,7,0,235,0
2020-08-08,Japan,NA,Miyazaki,1071723,13,0,248,0
2020-08-09,Japan,NA,Miyazaki,1071723,6,0,254,0
2020-08-10,Japan,NA,Miyazaki,1071723,8,0,262,0
2020-08-11,Japan,NA,Miyazaki,1071723,2,0,264,0
2020-08-12,Japan,NA,Miyazaki,1071723,5,0,269,0
2020-08-13,Japan,NA,Miyazaki,1071723,5,0,274,0
2020-08-14,Japan,NA,Miyazaki,1071723,3,1,277,1
2020-08-15,Japan,NA,Miyazaki,1071723,5,0,282,1
2020-08-16,Japan,NA,Miyazaki,1071723,6,0,288,1
2020-08-17,Japan,NA,Miyazaki,1071723,6,0,294,1
2020-08-18,Japan,NA,Miyazaki,1071723,21,0,315,1
2020-08-19,Japan,NA,Miyazaki,1071723,3,0,318,1
2020-08-20,Japan,NA,Miyazaki,1071723,6,0,324,1
2020-08-21,Japan,NA,Miyazaki,1071723,6,0,330,1
2020-08-22,Japan,NA,Miyazaki,1071723,8,0,338,1
2020-08-23,Japan,NA,Miyazaki,1071723,4,0,342,1
2020-08-24,Japan,NA,Miyazaki,1071723,4,0,346,1
2020-08-25,Japan,NA,Miyazaki,1071723,5,0,351,1
2020-08-26,Japan,NA,Miyazaki,1071723,0,0,351,1
2020-08-27,Japan,NA,Miyazaki,1071723,1,0,352,1
2020-08-28,Japan,NA,Miyazaki,1071723,2,0,354,1
2020-08-29,Japan,NA,Miyazaki,1071723,2,0,356,1
2020-08-30,Japan,NA,Miyazaki,1071723,1,0,357,1
2020-08-31,Japan,NA,Miyazaki,1071723,1,0,358,1
2020-07-29,Japan,NA,Nagano,2049653,4,0,102,0
2020-07-30,Japan,NA,Nagano,2049653,1,0,103,0
2020-07-31,Japan,NA,Nagano,2049653,2,0,105,0
2020-08-01,Japan,NA,Nagano,2049653,6,0,111,0
2020-08-02,Japan,NA,Nagano,2049653,6,0,117,0
2020-08-03,Japan,NA,Nagano,2049653,2,0,119,0
2020-08-04,Japan,NA,Nagano,2049653,3,0,122,0
2020-08-05,Japan,NA,Nagano,2049653,3,0,125,0
2020-08-06,Japan,NA,Nagano,2049653,1,0,126,0
2020-08-07,Japan,NA,Nagano,2049653,1,0,127,0
2020-08-08,Japan,NA,Nagano,2049653,0,0,127,0
2020-08-09,Japan,NA,Nagano,2049653,4,0,131,0
2020-08-10,Japan,NA,Nagano,2049653,1,0,132,0
2020-08-11,Japan,NA,Nagano,2049653,2,0,134,0
2020-08-12,Japan,NA,Nagano,2049653,5,0,139,0
2020-08-13,Japan,NA,Nagano,2049653,1,0,140,0
2020-08-14,Japan,NA,Nagano,2049653,5,0,145,0
2020-08-15,Japan,NA,Nagano,2049653,3,0,148,0
2020-08-16,Japan,NA,Nagano,2049653,0,0,148,0
2020-08-17,Japan,NA,Nagano,2049653,1,0,149,0
2020-08-18,Japan,NA,Nagano,2049653,1,0,150,0
2020-08-19,Japan,NA,Nagano,2049653,2,0,152,0
2020-08-20,Japan,NA,Nagano,2049653,2,0,154,0
2020-08-21,Japan,NA,Nagano,2049653,9,0,163,0
2020-08-22,Japan,NA,Nagano,2049653,6,0,169,0
2020-08-23,Japan,NA,Nagano,2049653,3,0,172,0
2020-08-24,Japan,NA,Nagano,2049653,11,0,183,0
2020-08-25,Japan,NA,Nagano,2049653,2,0,185,0
2020-08-26,Japan,NA,Nagano,2049653,9,0,194,0
2020-08-27,Japan,NA,Nagano,2049653,6,0,200,0
2020-08-28,Japan,NA,Nagano,2049653,19,0,219,0
2020-08-29,Japan,NA,Nagano,2049653,18,0,237,0
2020-08-30,Japan,NA,Nagano,2049653,12,0,249,0
2020-08-31,Japan,NA,Nagano,2049653,7,0,256,0
2020-08-02,Japan,NA,Nagasaki,1325205,23,0,112,2
2020-08-03,Japan,NA,Nagasaki,1325205,5,0,117,2
2020-08-04,Japan,NA,Nagasaki,1325205,18,0,135,2
2020-08-05,Japan,NA,Nagasaki,1325205,5,0,140,2
2020-08-06,Japan,NA,Nagasaki,1325205,5,0,145,2
2020-08-07,Japan,NA,Nagasaki,1325205,4,1,149,3
2020-08-08,Japan,NA,Nagasaki,1325205,10,0,159,3
2020-08-09,Japan,NA,Nagasaki,1325205,7,0,166,3
2020-08-10,Japan,NA,Nagasaki,1325205,1,0,167,3
2020-08-11,Japan,NA,Nagasaki,1325205,3,0,170,3
2020-08-12,Japan,NA,Nagasaki,1325205,1,0,171,3
2020-08-13,Japan,NA,Nagasaki,1325205,2,0,173,3
2020-08-14,Japan,NA,Nagasaki,1325205,5,0,178,3
2020-08-15,Japan,NA,Nagasaki,1325205,6,0,184,3
2020-08-16,Japan,NA,Nagasaki,1325205,1,0,185,3
2020-08-17,Japan,NA,Nagasaki,1325205,0,0,185,3
2020-08-18,Japan,NA,Nagasaki,1325205,4,0,189,3
2020-08-19,Japan,NA,Nagasaki,1325205,0,0,189,3
2020-08-20,Japan,NA,Nagasaki,1325205,2,0,191,3
2020-08-21,Japan,NA,Nagasaki,1325205,1,0,192,3
2020-08-22,Japan,NA,Nagasaki,1325205,6,0,198,3
2020-08-23,Japan,NA,Nagasaki,1325205,3,0,201,3
2020-08-24,Japan,NA,Nagasaki,1325205,3,0,204,3
2020-08-25,Japan,NA,Nagasaki,1325205,4,0,208,3
2020-08-26,Japan,NA,Nagasaki,1325205,4,0,212,3
2020-08-27,Japan,NA,Nagasaki,1325205,7,0,219,3
2020-08-28,Japan,NA,Nagasaki,1325205,5,0,224,3
2020-08-29,Japan,NA,Nagasaki,1325205,5,0,229,3
2020-08-30,Japan,NA,Nagasaki,1325205,1,0,230,3
2020-08-31,Japan,NA,Nagasaki,1325205,1,0,231,3
2020-07-10,Japan,NA,Nara,1331330,5,0,102,2
2020-07-11,Japan,NA,Nara,1331330,7,0,109,2
2020-07-12,Japan,NA,Nara,1331330,5,0,114,2
2020-07-13,Japan,NA,Nara,1331330,4,0,118,2
2020-07-14,Japan,NA,Nara,1331330,3,0,121,2
2020-07-15,Japan,NA,Nara,1331330,5,0,126,2
2020-07-16,Japan,NA,Nara,1331330,7,0,133,2
2020-07-17,Japan,NA,Nara,1331330,5,0,138,2
2020-07-18,Japan,NA,Nara,1331330,8,0,146,2
2020-07-19,Japan,NA,Nara,1331330,3,0,149,2
2020-07-20,Japan,NA,Nara,1331330,2,0,151,2
2020-07-21,Japan,NA,Nara,1331330,7,0,158,2
2020-07-22,Japan,NA,Nara,1331330,8,0,166,2
2020-07-23,Japan,NA,Nara,1331330,13,0,179,2
2020-07-24,Japan,NA,Nara,1331330,11,0,190,2
2020-07-25,Japan,NA,Nara,1331330,4,0,194,2
2020-07-26,Japan,NA,Nara,1331330,5,0,199,2
2020-07-27,Japan,NA,Nara,1331330,4,0,203,2
2020-07-28,Japan,NA,Nara,1331330,6,0,209,2
2020-07-29,Japan,NA,Nara,1331330,6,0,215,2
2020-07-30,Japan,NA,Nara,1331330,7,0,222,2
2020-07-31,Japan,NA,Nara,1331330,7,0,229,2
2020-08-01,Japan,NA,Nara,1331330,21,0,250,2
2020-08-02,Japan,NA,Nara,1331330,6,0,256,2
2020-08-03,Japan,NA,Nara,1331330,8,0,264,2
2020-08-04,Japan,NA,Nara,1331330,5,0,269,2
2020-08-05,Japan,NA,Nara,1331330,9,0,278,2
2020-08-06,Japan,NA,Nara,1331330,7,0,285,2
2020-08-07,Japan,NA,Nara,1331330,9,0,294,2
2020-08-08,Japan,NA,Nara,1331330,16,0,310,2
2020-08-09,Japan,NA,Nara,1331330,12,0,322,2
2020-08-10,Japan,NA,Nara,1331330,6,0,328,2
2020-08-11,Japan,NA,Nara,1331330,2,0,330,2
2020-08-12,Japan,NA,Nara,1331330,2,0,332,2
2020-08-13,Japan,NA,Nara,1331330,9,1,341,3
2020-08-14,Japan,NA,Nara,1331330,13,0,354,3
2020-08-15,Japan,NA,Nara,1331330,5,0,359,3
2020-08-16,Japan,NA,Nara,1331330,24,0,383,3
2020-08-17,Japan,NA,Nara,1331330,9,0,392,3
2020-08-18,Japan,NA,Nara,1331330,37,0,429,3
2020-08-19,Japan,NA,Nara,1331330,10,0,439,3
2020-08-20,Japan,NA,Nara,1331330,11,0,450,3
2020-08-21,Japan,NA,Nara,1331330,10,0,460,3
2020-08-22,Japan,NA,Nara,1331330,9,0,469,3
2020-08-23,Japan,NA,Nara,1331330,8,0,477,3
2020-08-24,Japan,NA,Nara,1331330,2,0,479,3
2020-08-25,Japan,NA,Nara,1331330,5,0,484,3
2020-08-26,Japan,NA,Nara,1331330,4,2,488,5
2020-08-27,Japan,NA,Nara,1331330,4,0,492,5
2020-08-28,Japan,NA,Nara,1331330,2,0,494,5
2020-08-29,Japan,NA,Nara,1331330,2,0,496,5
2020-08-30,Japan,NA,Nara,1331330,5,0,501,5
2020-08-31,Japan,NA,Nara,1331330,3,1,504,6
2020-07-30,Japan,NA,Niigata,2222004,4,0,102,0
2020-07-31,Japan,NA,Niigata,2222004,8,0,110,0
2020-08-01,Japan,NA,Niigata,2222004,3,0,113,0
2020-08-02,Japan,NA,Niigata,2222004,2,0,115,0
2020-08-03,Japan,NA,Niigata,2222004,3,0,118,0
2020-08-04,Japan,NA,Niigata,2222004,1,0,119,0
2020-08-05,Japan,NA,Niigata,2222004,0,0,119,0
2020-08-06,Japan,NA,Niigata,2222004,2,0,121,0
2020-08-07,Japan,NA,Niigata,2222004,4,0,125,0
2020-08-08,Japan,NA,Niigata,2222004,2,0,127,0
2020-08-09,Japan,NA,Niigata,2222004,0,0,127,0
2020-08-10,Japan,NA,Niigata,2222004,0,0,127,0
2020-08-11,Japan,NA,Niigata,2222004,0,0,127,0
2020-08-12,Japan,NA,Niigata,2222004,1,0,128,0
2020-08-13,Japan,NA,Niigata,2222004,0,0,128,0
2020-08-14,Japan,NA,Niigata,2222004,0,0,128,0
2020-08-15,Japan,NA,Niigata,2222004,0,0,128,0
2020-08-16,Japan,NA,Niigata,2222004,0,0,128,0
2020-08-17,Japan,NA,Niigata,2222004,1,0,129,0
2020-08-18,Japan,NA,Niigata,2222004,3,0,132,0
2020-08-19,Japan,NA,Niigata,2222004,3,0,135,0
2020-08-20,Japan,NA,Niigata,2222004,2,0,137,0
2020-08-21,Japan,NA,Niigata,2222004,0,0,137,0
2020-08-22,Japan,NA,Niigata,2222004,1,0,138,0
2020-08-23,Japan,NA,Niigata,2222004,1,0,139,0
2020-08-24,Japan,NA,Niigata,2222004,0,0,139,0
2020-08-25,Japan,NA,Niigata,2222004,0,0,139,0
2020-08-26,Japan,NA,Niigata,2222004,0,0,139,0
2020-08-27,Japan,NA,Niigata,2222004,1,0,140,0
2020-08-28,Japan,NA,Niigata,2222004,1,0,141,0
2020-08-29,Japan,NA,Niigata,2222004,1,0,142,0
2020-08-30,Japan,NA,Niigata,2222004,0,0,142,0
2020-08-31,Japan,NA,Niigata,2222004,1,0,143,0
2020-08-06,Japan,NA,Okayama,1891346,2,0,102,0
2020-08-07,Japan,NA,Okayama,1891346,4,0,106,0
2020-08-08,Japan,NA,Okayama,1891346,3,0,109,0
2020-08-09,Japan,NA,Okayama,1891346,1,0,110,0
2020-08-10,Japan,NA,Okayama,1891346,2,0,112,0
2020-08-11,Japan,NA,Okayama,1891346,2,0,114,0
2020-08-12,Japan,NA,Okayama,1891346,2,0,116,0
2020-08-13,Japan,NA,Okayama,1891346,2,0,118,0
2020-08-14,Japan,NA,Okayama,1891346,4,0,122,0
2020-08-15,Japan,NA,Okayama,1891346,2,0,124,0
2020-08-16,Japan,NA,Okayama,1891346,1,0,125,0
2020-08-17,Japan,NA,Okayama,1891346,0,0,125,0
2020-08-18,Japan,NA,Okayama,1891346,2,0,127,0
2020-08-19,Japan,NA,Okayama,1891346,1,0,128,0
2020-08-20,Japan,NA,Okayama,1891346,2,0,130,0
2020-08-21,Japan,NA,Okayama,1891346,2,0,132,0
2020-08-22,Japan,NA,Okayama,1891346,2,0,134,0
2020-08-23,Japan,NA,Okayama,1891346,3,0,137,0
2020-08-24,Japan,NA,Okayama,1891346,3,0,140,0
2020-08-25,Japan,NA,Okayama,1891346,1,0,141,0
2020-08-26,Japan,NA,Okayama,1891346,0,0,141,0
2020-08-27,Japan,NA,Okayama,1891346,1,0,142,0
2020-08-28,Japan,NA,Okayama,1891346,2,0,144,0
2020-04-17,Japan,NA,Okinawa,1457162,7,0,101,1
2020-04-18,Japan,NA,Okinawa,1457162,9,0,110,1
2020-04-19,Japan,NA,Okinawa,1457162,5,2,115,3
2020-04-20,Japan,NA,Okinawa,1457162,6,0,121,3
2020-04-21,Japan,NA,Okinawa,1457162,4,0,125,3
2020-04-22,Japan,NA,Okinawa,1457162,5,0,130,3
2020-04-23,Japan,NA,Okinawa,1457162,2,1,132,4
2020-04-24,Japan,NA,Okinawa,1457162,1,0,133,4
2020-04-25,Japan,NA,Okinawa,1457162,1,0,134,4
2020-04-26,Japan,NA,Okinawa,1457162,3,0,137,4
2020-04-27,Japan,NA,Okinawa,1457162,0,0,137,4
2020-04-28,Japan,NA,Okinawa,1457162,4,0,141,4
2020-04-29,Japan,NA,Okinawa,1457162,0,0,141,4
2020-04-30,Japan,NA,Okinawa,1457162,1,1,142,5
2020-05-01,Japan,NA,Okinawa,1457162,0,0,142,5
2020-05-02,Japan,NA,Okinawa,1457162,0,0,142,5
2020-05-03,Japan,NA,Okinawa,1457162,0,0,142,5
2020-05-04,Japan,NA,Okinawa,1457162,0,0,142,5
2020-05-05,Japan,NA,Okinawa,1457162,0,0,142,5
2020-05-06,Japan,NA,Okinawa,1457162,0,0,142,5
2020-05-07,Japan,NA,Okinawa,1457162,0,0,142,5
2020-05-08,Japan,NA,Okinawa,1457162,0,0,142,5
2020-05-09,Japan,NA,Okinawa,1457162,0,0,142,5
2020-05-10,Japan,NA,Okinawa,1457162,0,0,142,5
2020-05-11,Japan,NA,Okinawa,1457162,0,0,142,5
2020-05-12,Japan,NA,Okinawa,1457162,0,1,142,6
2020-05-13,Japan,NA,Okinawa,1457162,0,0,142,6
2020-05-14,Japan,NA,Okinawa,1457162,0,0,142,6
2020-05-15,Japan,NA,Okinawa,1457162,0,0,142,6
2020-05-16,Japan,NA,Okinawa,1457162,0,0,142,6
2020-05-17,Japan,NA,Okinawa,1457162,0,0,142,6
2020-05-18,Japan,NA,Okinawa,1457162,0,0,142,6
2020-05-19,Japan,NA,Okinawa,1457162,0,0,142,6
2020-05-20,Japan,NA,Okinawa,1457162,0,0,142,6
2020-05-21,Japan,NA,Okinawa,1457162,0,0,142,6
2020-05-22,Japan,NA,Okinawa,1457162,0,0,142,6
2020-05-23,Japan,NA,Okinawa,1457162,0,0,142,6
2020-05-24,Japan,NA,Okinawa,1457162,0,0,142,6
2020-05-25,Japan,NA,Okinawa,1457162,0,0,142,6
2020-05-26,Japan,NA,Okinawa,1457162,0,0,142,6
2020-05-27,Japan,NA,Okinawa,1457162,0,0,142,6
2020-05-28,Japan,NA,Okinawa,1457162,0,0,142,6
2020-05-29,Japan,NA,Okinawa,1457162,0,0,142,6
2020-05-30,Japan,NA,Okinawa,1457162,0,0,142,6
2020-05-31,Japan,NA,Okinawa,1457162,0,0,142,6
2020-06-01,Japan,NA,Okinawa,1457162,0,0,142,6
2020-06-02,Japan,NA,Okinawa,1457162,0,0,142,6
2020-06-03,Japan,NA,Okinawa,1457162,0,1,142,7
2020-06-04,Japan,NA,Okinawa,1457162,0,0,142,7
2020-06-05,Japan,NA,Okinawa,1457162,0,0,142,7
2020-06-06,Japan,NA,Okinawa,1457162,0,0,142,7
2020-06-07,Japan,NA,Okinawa,1457162,0,0,142,7
2020-06-08,Japan,NA,Okinawa,1457162,0,0,142,7
2020-06-09,Japan,NA,Okinawa,1457162,0,0,142,7
2020-06-10,Japan,NA,Okinawa,1457162,0,0,142,7
2020-06-11,Japan,NA,Okinawa,1457162,0,0,142,7
2020-06-12,Japan,NA,Okinawa,1457162,0,0,142,7
2020-06-13,Japan,NA,Okinawa,1457162,0,0,142,7
2020-06-14,Japan,NA,Okinawa,1457162,0,0,142,7
2020-06-15,Japan,NA,Okinawa,1457162,0,0,142,7
2020-06-16,Japan,NA,Okinawa,1457162,0,0,142,7
2020-06-17,Japan,NA,Okinawa,1457162,0,0,142,7
2020-06-18,Japan,NA,Okinawa,1457162,0,0,142,7
2020-06-19,Japan,NA,Okinawa,1457162,0,0,142,7
2020-06-20,Japan,NA,Okinawa,1457162,0,0,142,7
2020-06-21,Japan,NA,Okinawa,1457162,0,0,142,7
2020-06-22,Japan,NA,Okinawa,1457162,0,0,142,7
2020-06-23,Japan,NA,Okinawa,1457162,0,0,142,7
2020-06-24,Japan,NA,Okinawa,1457162,0,0,142,7
2020-06-25,Japan,NA,Okinawa,1457162,0,0,142,7
2020-06-26,Japan,NA,Okinawa,1457162,0,0,142,7
2020-06-27,Japan,NA,Okinawa,1457162,0,0,142,7
2020-06-28,Japan,NA,Okinawa,1457162,0,0,142,7
2020-06-29,Japan,NA,Okinawa,1457162,0,0,142,7
2020-06-30,Japan,NA,Okinawa,1457162,0,0,142,7
2020-07-01,Japan,NA,Okinawa,1457162,0,0,142,7
2020-07-02,Japan,NA,Okinawa,1457162,0,0,142,7
2020-07-03,Japan,NA,Okinawa,1457162,0,0,142,7
2020-07-04,Japan,NA,Okinawa,1457162,0,0,142,7
2020-07-05,Japan,NA,Okinawa,1457162,0,0,142,7
2020-07-06,Japan,NA,Okinawa,1457162,0,0,142,7
2020-07-07,Japan,NA,Okinawa,1457162,0,0,142,7
2020-07-08,Japan,NA,Okinawa,1457162,2,0,144,7
2020-07-09,Japan,NA,Okinawa,1457162,1,0,145,7
2020-07-10,Japan,NA,Okinawa,1457162,1,0,146,7
2020-07-11,Japan,NA,Okinawa,1457162,2,0,148,7
2020-07-12,Japan,NA,Okinawa,1457162,0,0,148,7
2020-07-13,Japan,NA,Okinawa,1457162,0,0,148,7
2020-07-14,Japan,NA,Okinawa,1457162,0,0,148,7
2020-07-15,Japan,NA,Okinawa,1457162,0,0,148,7
2020-07-16,Japan,NA,Okinawa,1457162,1,0,149,7
2020-07-17,Japan,NA,Okinawa,1457162,0,0,149,7
2020-07-18,Japan,NA,Okinawa,1457162,0,0,149,7
2020-07-19,Japan,NA,Okinawa,1457162,2,0,151,7
2020-07-20,Japan,NA,Okinawa,1457162,2,0,153,7
2020-07-21,Japan,NA,Okinawa,1457162,2,0,155,7
2020-07-22,Japan,NA,Okinawa,1457162,2,0,157,7
2020-07-23,Japan,NA,Okinawa,1457162,5,0,162,7
2020-07-24,Japan,NA,Okinawa,1457162,10,0,172,7
2020-07-25,Japan,NA,Okinawa,1457162,14,0,186,7
2020-07-26,Japan,NA,Okinawa,1457162,6,0,192,7
2020-07-27,Japan,NA,Okinawa,1457162,18,0,210,7
2020-07-28,Japan,NA,Okinawa,1457162,21,0,231,7
2020-07-29,Japan,NA,Okinawa,1457162,44,0,275,7
2020-07-30,Japan,NA,Okinawa,1457162,49,0,324,7
2020-07-31,Japan,NA,Okinawa,1457162,71,0,395,7
2020-08-01,Japan,NA,Okinawa,1457162,58,0,453,7
2020-08-02,Japan,NA,Okinawa,1457162,64,0,517,7
2020-08-03,Japan,NA,Okinawa,1457162,37,0,554,7
2020-08-04,Japan,NA,Okinawa,1457162,83,0,637,7
2020-08-05,Japan,NA,Okinawa,1457162,74,0,711,7
2020-08-06,Japan,NA,Okinawa,1457162,73,0,784,7
2020-08-07,Japan,NA,Okinawa,1457162,100,0,884,7
2020-08-08,Japan,NA,Okinawa,1457162,84,0,968,7
2020-08-09,Japan,NA,Okinawa,1457162,158,0,1126,7
2020-08-10,Japan,NA,Okinawa,1457162,52,3,1178,10
2020-08-11,Japan,NA,Okinawa,1457162,64,0,1242,10
2020-08-12,Japan,NA,Okinawa,1457162,65,0,1307,10
2020-08-13,Japan,NA,Okinawa,1457162,97,0,1404,10
2020-08-14,Japan,NA,Okinawa,1457162,106,1,1510,11
2020-08-15,Japan,NA,Okinawa,1457162,47,0,1557,11
2020-08-16,Japan,NA,Okinawa,1457162,60,2,1617,13
2020-08-17,Japan,NA,Okinawa,1457162,38,1,1655,14
2020-08-18,Japan,NA,Okinawa,1457162,33,0,1688,14
2020-08-19,Japan,NA,Okinawa,1457162,70,1,1758,15
2020-08-20,Japan,NA,Okinawa,1457162,45,2,1803,17
2020-08-21,Japan,NA,Okinawa,1457162,30,1,1833,18
2020-08-22,Japan,NA,Okinawa,1457162,31,0,1864,18
2020-08-23,Japan,NA,Okinawa,1457162,25,1,1889,19
2020-08-24,Japan,NA,Okinawa,1457162,22,4,1911,23
2020-08-25,Japan,NA,Okinawa,1457162,31,1,1942,24
2020-08-26,Japan,NA,Okinawa,1457162,34,1,1976,25
2020-08-27,Japan,NA,Okinawa,1457162,34,1,2010,26
2020-08-28,Japan,NA,Okinawa,1457162,42,0,2052,26
2020-08-29,Japan,NA,Okinawa,1457162,31,0,2083,26
2020-08-30,Japan,NA,Okinawa,1457162,33,1,2116,27
2020-08-31,Japan,NA,Okinawa,1457162,23,1,2139,28
2020-03-14,Japan,NA,Osaka,8823453,10,0,102,0
2020-03-15,Japan,NA,Osaka,8823453,4,0,106,0
2020-03-16,Japan,NA,Osaka,8823453,2,0,108,0
2020-03-17,Japan,NA,Osaka,8823453,4,0,112,0
2020-03-18,Japan,NA,Osaka,8823453,5,0,117,0
2020-03-19,Japan,NA,Osaka,8823453,2,1,119,1
2020-03-20,Japan,NA,Osaka,8823453,4,0,123,1
2020-03-21,Japan,NA,Osaka,8823453,2,0,125,1
2020-03-22,Japan,NA,Osaka,8823453,6,1,131,2
2020-03-23,Japan,NA,Osaka,8823453,3,0,134,2
2020-03-24,Japan,NA,Osaka,8823453,8,0,142,2
2020-03-25,Japan,NA,Osaka,8823453,7,0,149,2
2020-03-26,Japan,NA,Osaka,8823453,7,0,156,2
2020-03-27,Japan,NA,Osaka,8823453,20,0,176,2
2020-03-28,Japan,NA,Osaka,8823453,15,0,191,2
2020-03-29,Japan,NA,Osaka,8823453,17,0,208,2
2020-03-30,Japan,NA,Osaka,8823453,8,0,216,2
2020-03-31,Japan,NA,Osaka,8823453,28,0,244,2
2020-04-01,Japan,NA,Osaka,8823453,34,0,278,2
2020-04-02,Japan,NA,Osaka,8823453,33,1,311,3
2020-04-03,Japan,NA,Osaka,8823453,35,0,346,3
2020-04-04,Japan,NA,Osaka,8823453,41,1,387,4
2020-04-05,Japan,NA,Osaka,8823453,21,0,408,4
2020-04-06,Japan,NA,Osaka,8823453,20,0,428,4
2020-04-07,Japan,NA,Osaka,8823453,53,0,481,4
2020-04-08,Japan,NA,Osaka,8823453,43,2,524,6
2020-04-09,Japan,NA,Osaka,8823453,92,0,616,6
2020-04-10,Japan,NA,Osaka,8823453,80,0,696,6
2020-04-11,Japan,NA,Osaka,8823453,70,0,766,6
2020-04-12,Japan,NA,Osaka,8823453,45,0,811,6
2020-04-13,Japan,NA,Osaka,8823453,24,0,835,6
2020-04-14,Japan,NA,Osaka,8823453,59,1,894,7
2020-04-15,Japan,NA,Osaka,8823453,74,1,968,8
2020-04-16,Japan,NA,Osaka,8823453,52,0,1020,8
2020-04-17,Japan,NA,Osaka,8823453,55,1,1075,9
2020-04-18,Japan,NA,Osaka,8823453,88,1,1163,10
2020-04-19,Japan,NA,Osaka,8823453,48,2,1211,12
2020-04-20,Japan,NA,Osaka,8823453,84,1,1295,13
2020-04-21,Japan,NA,Osaka,8823453,54,2,1349,15
2020-04-22,Japan,NA,Osaka,8823453,31,3,1380,18
2020-04-23,Japan,NA,Osaka,8823453,35,4,1415,22
2020-04-24,Japan,NA,Osaka,8823453,31,4,1446,26
2020-04-25,Japan,NA,Osaka,8823453,29,2,1475,28
2020-04-26,Japan,NA,Osaka,8823453,16,2,1491,30
2020-04-27,Japan,NA,Osaka,8823453,30,2,1521,32
2020-04-28,Japan,NA,Osaka,8823453,32,4,1553,36
2020-04-29,Japan,NA,Osaka,8823453,44,3,1597,39
2020-04-30,Japan,NA,Osaka,8823453,28,2,1625,41
2020-05-01,Japan,NA,Osaka,8823453,14,2,1639,43
2020-05-02,Japan,NA,Osaka,8823453,17,3,1656,46
2020-05-03,Japan,NA,Osaka,8823453,10,4,1666,50
2020-05-04,Japan,NA,Osaka,8823453,13,3,1679,53
2020-05-05,Japan,NA,Osaka,8823453,7,3,1686,56
2020-05-06,Japan,NA,Osaka,8823453,12,0,1698,56
2020-05-07,Japan,NA,Osaka,8823453,8,3,1706,59
2020-05-08,Japan,NA,Osaka,8823453,10,0,1716,59
2020-05-09,Japan,NA,Osaka,8823453,16,0,1732,59
2020-05-10,Japan,NA,Osaka,8823453,11,0,1743,59
2020-05-11,Japan,NA,Osaka,8823453,1,2,1744,61
2020-05-12,Japan,NA,Osaka,8823453,6,0,1750,61
2020-05-13,Japan,NA,Osaka,8823453,12,1,1762,62
2020-05-14,Japan,NA,Osaka,8823453,3,1,1765,63
2020-05-15,Japan,NA,Osaka,8823453,3,3,1768,66
2020-05-16,Japan,NA,Osaka,8823453,2,4,1770,70
2020-05-17,Japan,NA,Osaka,8823453,0,0,1770,70
2020-05-18,Japan,NA,Osaka,8823453,1,0,1771,70
2020-05-19,Japan,NA,Osaka,8823453,3,1,1774,71
2020-05-20,Japan,NA,Osaka,8823453,3,5,1777,76
2020-05-21,Japan,NA,Osaka,8823453,3,0,1780,76
2020-05-22,Japan,NA,Osaka,8823453,1,2,1781,78
2020-05-23,Japan,NA,Osaka,8823453,0,0,1781,78
2020-05-24,Japan,NA,Osaka,8823453,0,0,1781,78
2020-05-25,Japan,NA,Osaka,8823453,0,0,1781,78
2020-05-26,Japan,NA,Osaka,8823453,0,2,1781,80
2020-05-27,Japan,NA,Osaka,8823453,1,0,1782,80
2020-05-28,Japan,NA,Osaka,8823453,0,2,1782,82
2020-05-29,Japan,NA,Osaka,8823453,0,0,1782,82
2020-05-30,Japan,NA,Osaka,8823453,0,1,1782,83
2020-05-31,Japan,NA,Osaka,8823453,1,0,1783,83
2020-06-01,Japan,NA,Osaka,8823453,0,0,1783,83
2020-06-02,Japan,NA,Osaka,8823453,0,1,1783,84
2020-06-03,Japan,NA,Osaka,8823453,0,0,1783,84
2020-06-04,Japan,NA,Osaka,8823453,0,0,1783,84
2020-06-05,Japan,NA,Osaka,8823453,0,0,1783,84
2020-06-06,Japan,NA,Osaka,8823453,1,0,1784,84
2020-06-07,Japan,NA,Osaka,8823453,1,0,1785,84
2020-06-08,Japan,NA,Osaka,8823453,0,0,1785,84
2020-06-09,Japan,NA,Osaka,8823453,0,0,1785,84
2020-06-10,Japan,NA,Osaka,8823453,0,1,1785,85
2020-06-11,Japan,NA,Osaka,8823453,1,0,1786,85
2020-06-12,Japan,NA,Osaka,8823453,0,0,1786,85
2020-06-13,Japan,NA,Osaka,8823453,0,1,1786,86
2020-06-14,Japan,NA,Osaka,8823453,1,0,1787,86
2020-06-15,Japan,NA,Osaka,8823453,0,0,1787,86
2020-06-16,Japan,NA,Osaka,8823453,3,0,1790,86
2020-06-17,Japan,NA,Osaka,8823453,4,0,1794,86
2020-06-18,Japan,NA,Osaka,8823453,4,0,1798,86
2020-06-19,Japan,NA,Osaka,8823453,2,0,1800,86
2020-06-20,Japan,NA,Osaka,8823453,6,0,1806,86
2020-06-21,Japan,NA,Osaka,8823453,3,0,1809,86
2020-06-22,Japan,NA,Osaka,8823453,0,0,1809,86
2020-06-23,Japan,NA,Osaka,8823453,0,0,1809,86
2020-06-24,Japan,NA,Osaka,8823453,2,0,1811,86
2020-06-25,Japan,NA,Osaka,8823453,1,0,1812,86
2020-06-26,Japan,NA,Osaka,8823453,2,0,1814,86
2020-06-27,Japan,NA,Osaka,8823453,2,0,1816,86
2020-06-28,Japan,NA,Osaka,8823453,5,0,1821,86
2020-06-29,Japan,NA,Osaka,8823453,7,0,1828,86
2020-06-30,Japan,NA,Osaka,8823453,5,0,1833,86
2020-07-01,Japan,NA,Osaka,8823453,10,0,1843,86
2020-07-02,Japan,NA,Osaka,8823453,8,0,1851,86
2020-07-03,Japan,NA,Osaka,8823453,11,0,1862,86
2020-07-04,Japan,NA,Osaka,8823453,17,0,1879,86
2020-07-05,Japan,NA,Osaka,8823453,6,0,1885,86
2020-07-06,Japan,NA,Osaka,8823453,8,0,1893,86
2020-07-07,Japan,NA,Osaka,8823453,12,0,1905,86
2020-07-08,Japan,NA,Osaka,8823453,10,0,1915,86
2020-07-09,Japan,NA,Osaka,8823453,30,0,1945,86
2020-07-10,Japan,NA,Osaka,8823453,22,0,1967,86
2020-07-11,Japan,NA,Osaka,8823453,28,0,1995,86
2020-07-12,Japan,NA,Osaka,8823453,32,0,2027,86
2020-07-13,Japan,NA,Osaka,8823453,18,0,2045,86
2020-07-14,Japan,NA,Osaka,8823453,20,0,2065,86
2020-07-15,Japan,NA,Osaka,8823453,61,0,2126,86
2020-07-16,Japan,NA,Osaka,8823453,66,0,2192,86
2020-07-17,Japan,NA,Osaka,8823453,53,0,2245,86
2020-07-18,Japan,NA,Osaka,8823453,86,0,2331,86
2020-07-19,Japan,NA,Osaka,8823453,89,0,2420,86
2020-07-20,Japan,NA,Osaka,8823453,49,0,2469,86
2020-07-21,Japan,NA,Osaka,8823453,72,0,2541,86
2020-07-22,Japan,NA,Osaka,8823453,121,0,2662,86
2020-07-23,Japan,NA,Osaka,8823453,104,0,2766,86
2020-07-24,Japan,NA,Osaka,8823453,149,1,2915,87
2020-07-25,Japan,NA,Osaka,8823453,132,1,3047,88
2020-07-26,Japan,NA,Osaka,8823453,141,0,3188,88
2020-07-27,Japan,NA,Osaka,8823453,87,0,3275,88
2020-07-28,Japan,NA,Osaka,8823453,155,0,3430,88
2020-07-29,Japan,NA,Osaka,8823453,221,1,3651,89
2020-07-30,Japan,NA,Osaka,8823453,190,0,3841,89
2020-07-31,Japan,NA,Osaka,8823453,216,1,4057,90
2020-08-01,Japan,NA,Osaka,8823453,195,0,4252,90
2020-08-02,Japan,NA,Osaka,8823453,194,0,4446,90
2020-08-03,Japan,NA,Osaka,8823453,81,1,4527,91
2020-08-04,Japan,NA,Osaka,8823453,193,1,4720,92
2020-08-05,Japan,NA,Osaka,8823453,196,0,4916,92
2020-08-06,Japan,NA,Osaka,8823453,225,1,5141,93
2020-08-07,Japan,NA,Osaka,8823453,255,2,5396,95
2020-08-08,Japan,NA,Osaka,8823453,178,0,5574,95
2020-08-09,Japan,NA,Osaka,8823453,195,1,5769,96
2020-08-10,Japan,NA,Osaka,8823453,123,0,5892,96
2020-08-11,Japan,NA,Osaka,8823453,102,1,5994,97
2020-08-12,Japan,NA,Osaka,8823453,184,1,6178,98
2020-08-13,Japan,NA,Osaka,8823453,177,3,6355,101
2020-08-14,Japan,NA,Osaka,8823453,192,5,6547,106
2020-08-15,Japan,NA,Osaka,8823453,151,0,6698,106
2020-08-16,Japan,NA,Osaka,8823453,147,0,6845,106
2020-08-17,Japan,NA,Osaka,8823453,71,5,6916,111
2020-08-18,Japan,NA,Osaka,8823453,185,6,7101,117
2020-08-19,Japan,NA,Osaka,8823453,187,5,7288,122
2020-08-20,Japan,NA,Osaka,8823453,132,1,7420,123
2020-08-21,Japan,NA,Osaka,8823453,166,5,7586,128
2020-08-22,Japan,NA,Osaka,8823453,134,1,7720,129
2020-08-23,Japan,NA,Osaka,8823453,121,0,7841,129
2020-08-24,Japan,NA,Osaka,8823453,60,2,7901,131
2020-08-25,Japan,NA,Osaka,8823453,119,3,8020,134
2020-08-26,Japan,NA,Osaka,8823453,119,2,8139,136
2020-08-27,Japan,NA,Osaka,8823453,94,2,8233,138
2020-08-28,Japan,NA,Osaka,8823453,106,9,8339,147
2020-08-29,Japan,NA,Osaka,8823453,90,0,8429,147
2020-08-30,Japan,NA,Osaka,8823453,62,1,8491,148
2020-08-31,Japan,NA,Osaka,8823453,53,4,8544,152
2020-08-03,Japan,NA,Saga,814211,9,0,102,0
2020-08-04,Japan,NA,Saga,814211,7,0,109,0
2020-08-05,Japan,NA,Saga,814211,10,0,119,0
2020-08-06,Japan,NA,Saga,814211,12,0,131,0
2020-08-07,Japan,NA,Saga,814211,7,0,138,0
2020-08-08,Japan,NA,Saga,814211,5,0,143,0
2020-08-09,Japan,NA,Saga,814211,9,0,152,0
2020-08-10,Japan,NA,Saga,814211,3,0,155,0
2020-08-11,Japan,NA,Saga,814211,5,0,160,0
2020-08-12,Japan,NA,Saga,814211,12,0,172,0
2020-08-13,Japan,NA,Saga,814211,1,0,173,0
2020-08-14,Japan,NA,Saga,814211,5,0,178,0
2020-08-15,Japan,NA,Saga,814211,10,0,188,0
2020-08-16,Japan,NA,Saga,814211,5,0,193,0
2020-08-17,Japan,NA,Saga,814211,3,0,196,0
2020-08-18,Japan,NA,Saga,814211,1,0,197,0
2020-08-19,Japan,NA,Saga,814211,4,0,201,0
2020-08-20,Japan,NA,Saga,814211,4,0,205,0
2020-08-21,Japan,NA,Saga,814211,7,0,212,0
2020-08-22,Japan,NA,Saga,814211,4,0,216,0
2020-08-23,Japan,NA,Saga,814211,4,0,220,0
2020-08-24,Japan,NA,Saga,814211,2,0,222,0
2020-08-25,Japan,NA,Saga,814211,1,0,223,0
2020-08-26,Japan,NA,Saga,814211,2,0,225,0
2020-08-27,Japan,NA,Saga,814211,2,0,227,0
2020-08-28,Japan,NA,Saga,814211,6,0,233,0
2020-08-29,Japan,NA,Saga,814211,2,0,235,0
2020-04-01,Japan,NA,Saitama,7337330,4,1,103,3
2020-04-02,Japan,NA,Saitama,7337330,14,0,117,3
2020-04-03,Japan,NA,Saitama,7337330,17,0,134,3
2020-04-04,Japan,NA,Saitama,7337330,25,0,159,3
2020-04-05,Japan,NA,Saitama,7337330,25,0,184,3
2020-04-06,Japan,NA,Saitama,7337330,14,1,198,4
2020-04-07,Japan,NA,Saitama,7337330,17,0,215,4
2020-04-08,Japan,NA,Saitama,7337330,34,1,249,5
2020-04-09,Japan,NA,Saitama,7337330,35,0,284,5
2020-04-10,Japan,NA,Saitama,7337330,53,1,337,6
2020-04-11,Japan,NA,Saitama,7337330,37,0,374,6
2020-04-12,Japan,NA,Saitama,7337330,40,0,414,6
2020-04-13,Japan,NA,Saitama,7337330,15,1,429,7
2020-04-14,Japan,NA,Saitama,7337330,22,2,451,9
2020-04-15,Japan,NA,Saitama,7337330,61,1,512,10
2020-04-16,Japan,NA,Saitama,7337330,51,2,563,12
2020-04-17,Japan,NA,Saitama,7337330,26,1,589,13
2020-04-18,Japan,NA,Saitama,7337330,37,0,626,13
2020-04-19,Japan,NA,Saitama,7337330,37,0,663,13
2020-04-20,Japan,NA,Saitama,7337330,12,0,675,13
2020-04-21,Japan,NA,Saitama,7337330,10,2,685,15
2020-04-22,Japan,NA,Saitama,7337330,39,1,724,16
2020-04-23,Japan,NA,Saitama,7337330,33,7,757,23
2020-04-24,Japan,NA,Saitama,7337330,18,0,775,23
2020-04-25,Japan,NA,Saitama,7337330,22,1,797,24
2020-04-26,Japan,NA,Saitama,7337330,19,1,816,25
2020-04-27,Japan,NA,Saitama,7337330,8,2,824,27
2020-04-28,Japan,NA,Saitama,7337330,7,3,831,30
2020-04-29,Japan,NA,Saitama,7337330,15,0,846,30
2020-04-30,Japan,NA,Saitama,7337330,12,4,858,34
2020-05-01,Japan,NA,Saitama,7337330,5,2,863,36
2020-05-02,Japan,NA,Saitama,7337330,21,1,884,37
2020-05-03,Japan,NA,Saitama,7337330,12,1,896,38
2020-05-04,Japan,NA,Saitama,7337330,5,1,901,39
2020-05-05,Japan,NA,Saitama,7337330,6,0,907,39
2020-05-06,Japan,NA,Saitama,7337330,9,1,916,40
2020-05-07,Japan,NA,Saitama,7337330,14,1,930,41
2020-05-08,Japan,NA,Saitama,7337330,11,0,941,41
2020-05-09,Japan,NA,Saitama,7337330,16,0,957,41
2020-05-10,Japan,NA,Saitama,7337330,5,1,962,42
2020-05-11,Japan,NA,Saitama,7337330,2,0,964,42
2020-05-12,Japan,NA,Saitama,7337330,1,1,965,43
2020-05-13,Japan,NA,Saitama,7337330,4,1,969,44
2020-05-14,Japan,NA,Saitama,7337330,4,1,973,45
2020-05-15,Japan,NA,Saitama,7337330,2,0,975,45
2020-05-16,Japan,NA,Saitama,7337330,5,1,980,46
2020-05-17,Japan,NA,Saitama,7337330,4,0,984,46
2020-05-18,Japan,NA,Saitama,7337330,3,0,987,46
2020-05-19,Japan,NA,Saitama,7337330,0,0,987,46
2020-05-20,Japan,NA,Saitama,7337330,5,0,992,46
2020-05-21,Japan,NA,Saitama,7337330,1,0,993,46
2020-05-22,Japan,NA,Saitama,7337330,1,0,994,46
2020-05-23,Japan,NA,Saitama,7337330,1,0,995,46
2020-05-24,Japan,NA,Saitama,7337330,0,0,995,46
2020-05-25,Japan,NA,Saitama,7337330,0,1,995,47
2020-05-26,Japan,NA,Saitama,7337330,0,0,995,47
2020-05-27,Japan,NA,Saitama,7337330,0,0,995,47
2020-05-28,Japan,NA,Saitama,7337330,2,1,997,48
2020-05-29,Japan,NA,Saitama,7337330,2,0,999,48
2020-05-30,Japan,NA,Saitama,7337330,0,0,999,48
2020-05-31,Japan,NA,Saitama,7337330,0,0,999,48
2020-06-01,Japan,NA,Saitama,7337330,0,0,999,48
2020-06-02,Japan,NA,Saitama,7337330,0,1,999,49
2020-06-03,Japan,NA,Saitama,7337330,2,0,1001,49
2020-06-04,Japan,NA,Saitama,7337330,0,1,1001,50
2020-06-05,Japan,NA,Saitama,7337330,1,1,1002,51
2020-06-06,Japan,NA,Saitama,7337330,1,0,1003,51
2020-06-07,Japan,NA,Saitama,7337330,0,0,1003,51
2020-06-08,Japan,NA,Saitama,7337330,0,0,1003,51
2020-06-09,Japan,NA,Saitama,7337330,1,0,1004,51
2020-06-10,Japan,NA,Saitama,7337330,6,0,1010,51
2020-06-11,Japan,NA,Saitama,7337330,3,0,1013,51
2020-06-12,Japan,NA,Saitama,7337330,2,0,1015,51
2020-06-13,Japan,NA,Saitama,7337330,0,0,1015,51
2020-06-14,Japan,NA,Saitama,7337330,2,0,1017,51
2020-06-15,Japan,NA,Saitama,7337330,0,1,1017,52
2020-06-16,Japan,NA,Saitama,7337330,1,0,1018,52
2020-06-17,Japan,NA,Saitama,7337330,1,0,1019,52
2020-06-18,Japan,NA,Saitama,7337330,2,0,1021,52
2020-06-19,Japan,NA,Saitama,7337330,2,12,1023,64
2020-06-20,Japan,NA,Saitama,7337330,4,0,1027,64
2020-06-21,Japan,NA,Saitama,7337330,7,0,1034,64
2020-06-22,Japan,NA,Saitama,7337330,4,0,1038,64
2020-06-23,Japan,NA,Saitama,7337330,12,0,1050,64
2020-06-24,Japan,NA,Saitama,7337330,9,0,1059,64
2020-06-25,Japan,NA,Saitama,7337330,11,0,1070,64
2020-06-26,Japan,NA,Saitama,7337330,16,0,1086,64
2020-06-27,Japan,NA,Saitama,7337330,11,0,1097,64
2020-06-28,Japan,NA,Saitama,7337330,8,0,1105,64
2020-06-29,Japan,NA,Saitama,7337330,13,0,1118,64
2020-06-30,Japan,NA,Saitama,7337330,10,0,1128,64
2020-07-01,Japan,NA,Saitama,7337330,14,0,1142,64
2020-07-02,Japan,NA,Saitama,7337330,19,0,1161,64
2020-07-03,Japan,NA,Saitama,7337330,26,0,1187,64
2020-07-04,Japan,NA,Saitama,7337330,27,0,1214,64
2020-07-05,Japan,NA,Saitama,7337330,21,0,1235,64
2020-07-06,Japan,NA,Saitama,7337330,16,1,1251,65
2020-07-07,Japan,NA,Saitama,7337330,27,1,1278,66
2020-07-08,Japan,NA,Saitama,7337330,48,0,1326,66
2020-07-09,Japan,NA,Saitama,7337330,22,0,1348,66
2020-07-10,Japan,NA,Saitama,7337330,44,0,1392,66
2020-07-11,Japan,NA,Saitama,7337330,35,0,1427,66
2020-07-12,Japan,NA,Saitama,7337330,31,0,1458,66
2020-07-13,Japan,NA,Saitama,7337330,26,0,1484,66
2020-07-14,Japan,NA,Saitama,7337330,42,0,1526,66
2020-07-15,Japan,NA,Saitama,7337330,38,0,1564,66
2020-07-16,Japan,NA,Saitama,7337330,49,0,1613,66
2020-07-17,Japan,NA,Saitama,7337330,51,0,1664,66
2020-07-18,Japan,NA,Saitama,7337330,49,1,1713,67
2020-07-19,Japan,NA,Saitama,7337330,37,0,1750,67
2020-07-20,Japan,NA,Saitama,7337330,28,1,1778,68
2020-07-21,Japan,NA,Saitama,7337330,47,1,1825,69
2020-07-22,Japan,NA,Saitama,7337330,62,0,1887,69
2020-07-23,Japan,NA,Saitama,7337330,64,1,1951,70
2020-07-24,Japan,NA,Saitama,7337330,45,1,1996,71
2020-07-25,Japan,NA,Saitama,7337330,35,0,2031,71
2020-07-26,Japan,NA,Saitama,7337330,33,0,2064,71
2020-07-27,Japan,NA,Saitama,7337330,23,0,2087,71
2020-07-28,Japan,NA,Saitama,7337330,55,0,2142,71
2020-07-29,Japan,NA,Saitama,7337330,53,1,2195,72
2020-07-30,Japan,NA,Saitama,7337330,57,0,2252,72
2020-07-31,Japan,NA,Saitama,7337330,57,1,2309,73
2020-08-01,Japan,NA,Saitama,7337330,74,0,2383,73
2020-08-02,Japan,NA,Saitama,7337330,74,0,2457,73
2020-08-03,Japan,NA,Saitama,7337330,49,0,2506,73
2020-08-04,Japan,NA,Saitama,7337330,49,2,2555,75
2020-08-05,Japan,NA,Saitama,7337330,64,1,2619,76
2020-08-06,Japan,NA,Saitama,7337330,65,2,2684,78
2020-08-07,Japan,NA,Saitama,7337330,50,0,2734,78
2020-08-08,Japan,NA,Saitama,7337330,84,0,2818,78
2020-08-09,Japan,NA,Saitama,7337330,56,0,2874,78
2020-08-10,Japan,NA,Saitama,7337330,42,0,2916,78
2020-08-11,Japan,NA,Saitama,7337330,36,0,2952,78
2020-08-12,Japan,NA,Saitama,7337330,45,1,2997,79
2020-08-13,Japan,NA,Saitama,7337330,56,0,3053,79
2020-08-14,Japan,NA,Saitama,7337330,56,0,3109,79
2020-08-15,Japan,NA,Saitama,7337330,52,2,3161,81
2020-08-16,Japan,NA,Saitama,7337330,56,0,3217,81
2020-08-17,Japan,NA,Saitama,7337330,35,0,3252,81
2020-08-18,Japan,NA,Saitama,7337330,24,1,3276,82
2020-08-19,Japan,NA,Saitama,7337330,62,1,3338,83
2020-08-20,Japan,NA,Saitama,7337330,73,1,3411,84
2020-08-21,Japan,NA,Saitama,7337330,50,0,3461,84
2020-08-22,Japan,NA,Saitama,7337330,66,1,3527,85
2020-08-23,Japan,NA,Saitama,7337330,31,0,3558,85
2020-08-24,Japan,NA,Saitama,7337330,30,0,3588,85
2020-08-25,Japan,NA,Saitama,7337330,35,0,3623,85
2020-08-26,Japan,NA,Saitama,7337330,54,0,3677,85
2020-08-27,Japan,NA,Saitama,7337330,69,1,3746,86
2020-08-28,Japan,NA,Saitama,7337330,56,1,3802,87
2020-08-29,Japan,NA,Saitama,7337330,56,1,3858,88
2020-08-30,Japan,NA,Saitama,7337330,42,0,3900,88
2020-08-31,Japan,NA,Saitama,7337330,25,0,3925,88
2020-06-18,Japan,NA,Shiga,1413959,1,0,101,1
2020-06-19,Japan,NA,Shiga,1413959,0,0,101,1
2020-06-20,Japan,NA,Shiga,1413959,0,0,101,1
2020-06-21,Japan,NA,Shiga,1413959,0,0,101,1
2020-06-22,Japan,NA,Shiga,1413959,0,0,101,1
2020-06-23,Japan,NA,Shiga,1413959,0,0,101,1
2020-06-24,Japan,NA,Shiga,1413959,0,0,101,1
2020-06-25,Japan,NA,Shiga,1413959,0,0,101,1
2020-06-26,Japan,NA,Shiga,1413959,0,0,101,1
2020-06-27,Japan,NA,Shiga,1413959,0,0,101,1
2020-06-28,Japan,NA,Shiga,1413959,0,0,101,1
2020-06-29,Japan,NA,Shiga,1413959,0,0,101,1
2020-06-30,Japan,NA,Shiga,1413959,0,0,101,1
2020-07-01,Japan,NA,Shiga,1413959,2,0,103,1
2020-07-02,Japan,NA,Shiga,1413959,0,0,103,1
2020-07-03,Japan,NA,Shiga,1413959,0,0,103,1
2020-07-04,Japan,NA,Shiga,1413959,0,0,103,1
2020-07-05,Japan,NA,Shiga,1413959,0,0,103,1
2020-07-06,Japan,NA,Shiga,1413959,0,0,103,1
2020-07-07,Japan,NA,Shiga,1413959,0,0,103,1
2020-07-08,Japan,NA,Shiga,1413959,1,0,104,1
2020-07-09,Japan,NA,Shiga,1413959,0,0,104,1
2020-07-10,Japan,NA,Shiga,1413959,0,0,104,1
2020-07-11,Japan,NA,Shiga,1413959,0,0,104,1
2020-07-12,Japan,NA,Shiga,1413959,2,0,106,1
2020-07-13,Japan,NA,Shiga,1413959,0,0,106,1
2020-07-14,Japan,NA,Shiga,1413959,0,0,106,1
2020-07-15,Japan,NA,Shiga,1413959,1,0,107,1
2020-07-16,Japan,NA,Shiga,1413959,1,0,108,1
2020-07-17,Japan,NA,Shiga,1413959,1,0,109,1
2020-07-18,Japan,NA,Shiga,1413959,0,0,109,1
2020-07-19,Japan,NA,Shiga,1413959,1,0,110,1
2020-07-20,Japan,NA,Shiga,1413959,1,0,111,1
2020-07-21,Japan,NA,Shiga,1413959,6,0,117,1
2020-07-22,Japan,NA,Shiga,1413959,11,0,128,1
2020-07-23,Japan,NA,Shiga,1413959,17,0,145,1
2020-07-24,Japan,NA,Shiga,1413959,6,0,151,1
2020-07-25,Japan,NA,Shiga,1413959,1,0,152,1
2020-07-26,Japan,NA,Shiga,1413959,1,0,153,1
2020-07-27,Japan,NA,Shiga,1413959,2,0,155,1
2020-07-28,Japan,NA,Shiga,1413959,2,0,157,1
2020-07-29,Japan,NA,Shiga,1413959,6,0,163,1
2020-07-30,Japan,NA,Shiga,1413959,5,0,168,1
2020-07-31,Japan,NA,Shiga,1413959,3,0,171,1
2020-08-01,Japan,NA,Shiga,1413959,8,0,179,1
2020-08-02,Japan,NA,Shiga,1413959,5,0,184,1
2020-08-03,Japan,NA,Shiga,1413959,18,0,202,1
2020-08-04,Japan,NA,Shiga,1413959,5,0,207,1
2020-08-05,Japan,NA,Shiga,1413959,29,0,236,1
2020-08-06,Japan,NA,Shiga,1413959,6,0,242,1
2020-08-07,Japan,NA,Shiga,1413959,31,0,273,1
2020-08-08,Japan,NA,Shiga,1413959,10,0,283,1
2020-08-09,Japan,NA,Shiga,1413959,8,1,291,2
2020-08-10,Japan,NA,Shiga,1413959,7,0,298,2
2020-08-11,Japan,NA,Shiga,1413959,4,0,302,2
2020-08-12,Japan,NA,Shiga,1413959,9,1,311,3
2020-08-13,Japan,NA,Shiga,1413959,6,0,317,3
2020-08-14,Japan,NA,Shiga,1413959,7,0,324,3
2020-08-15,Japan,NA,Shiga,1413959,7,0,331,3
2020-08-16,Japan,NA,Shiga,1413959,6,1,337,4
2020-08-17,Japan,NA,Shiga,1413959,9,0,346,4
2020-08-18,Japan,NA,Shiga,1413959,8,0,354,4
2020-08-19,Japan,NA,Shiga,1413959,7,0,361,4
2020-08-20,Japan,NA,Shiga,1413959,5,0,366,4
2020-08-21,Japan,NA,Shiga,1413959,7,0,373,4
2020-08-22,Japan,NA,Shiga,1413959,11,0,384,4
2020-08-23,Japan,NA,Shiga,1413959,7,0,391,4
2020-08-24,Japan,NA,Shiga,1413959,10,0,401,4
2020-08-25,Japan,NA,Shiga,1413959,14,0,415,4
2020-08-26,Japan,NA,Shiga,1413959,8,0,423,4
2020-08-27,Japan,NA,Shiga,1413959,5,0,428,4
2020-08-28,Japan,NA,Shiga,1413959,8,0,436,4
2020-08-29,Japan,NA,Shiga,1413959,5,1,441,5
2020-08-30,Japan,NA,Shiga,1413959,3,0,444,5
2020-08-31,Japan,NA,Shiga,1413959,6,0,450,5
2020-08-09,Japan,NA,Shimane,673891,92,0,123,0
2020-08-10,Japan,NA,Shimane,673891,3,0,126,0
2020-08-11,Japan,NA,Shimane,673891,4,0,130,0
2020-08-12,Japan,NA,Shimane,673891,2,0,132,0
2020-08-13,Japan,NA,Shimane,673891,0,0,132,0
2020-08-14,Japan,NA,Shimane,673891,0,0,132,0
2020-08-15,Japan,NA,Shimane,673891,0,0,132,0
2020-08-16,Japan,NA,Shimane,673891,0,0,132,0
2020-08-17,Japan,NA,Shimane,673891,1,0,133,0
2020-08-18,Japan,NA,Shimane,673891,0,0,133,0
2020-08-19,Japan,NA,Shimane,673891,1,0,134,0
2020-08-20,Japan,NA,Shimane,673891,0,0,134,0
2020-08-21,Japan,NA,Shimane,673891,0,0,134,0
2020-08-22,Japan,NA,Shimane,673891,0,0,134,0
2020-08-23,Japan,NA,Shimane,673891,1,0,135,0
2020-08-24,Japan,NA,Shimane,673891,1,0,136,0
2020-08-25,Japan,NA,Shimane,673891,1,0,137,0
2020-07-17,Japan,NA,Shizuoka,3639226,3,0,101,1
2020-07-18,Japan,NA,Shizuoka,3639226,2,0,103,1
2020-07-19,Japan,NA,Shizuoka,3639226,4,0,107,1
2020-07-20,Japan,NA,Shizuoka,3639226,1,0,108,1
2020-07-21,Japan,NA,Shizuoka,3639226,5,0,113,1
2020-07-22,Japan,NA,Shizuoka,3639226,5,0,118,1
2020-07-23,Japan,NA,Shizuoka,3639226,5,0,123,1
2020-07-24,Japan,NA,Shizuoka,3639226,7,0,130,1
2020-07-25,Japan,NA,Shizuoka,3639226,30,0,160,1
2020-07-26,Japan,NA,Shizuoka,3639226,25,0,185,1
2020-07-27,Japan,NA,Shizuoka,3639226,14,0,199,1
2020-07-28,Japan,NA,Shizuoka,3639226,18,0,217,1
2020-07-29,Japan,NA,Shizuoka,3639226,16,0,233,1
2020-07-30,Japan,NA,Shizuoka,3639226,16,0,249,1
2020-07-31,Japan,NA,Shizuoka,3639226,23,0,272,1
2020-08-01,Japan,NA,Shizuoka,3639226,16,0,288,1
2020-08-02,Japan,NA,Shizuoka,3639226,18,0,306,1
2020-08-03,Japan,NA,Shizuoka,3639226,2,0,308,1
2020-08-04,Japan,NA,Shizuoka,3639226,16,0,324,1
2020-08-05,Japan,NA,Shizuoka,3639226,9,0,333,1
2020-08-06,Japan,NA,Shizuoka,3639226,9,0,342,1
2020-08-07,Japan,NA,Shizuoka,3639226,2,0,344,1
2020-08-08,Japan,NA,Shizuoka,3639226,11,0,355,1
2020-08-09,Japan,NA,Shizuoka,3639226,8,0,363,1
2020-08-10,Japan,NA,Shizuoka,3639226,6,0,369,1
2020-08-11,Japan,NA,Shizuoka,3639226,7,0,376,1
2020-08-12,Japan,NA,Shizuoka,3639226,10,0,386,1
2020-08-13,Japan,NA,Shizuoka,3639226,3,0,389,1
2020-08-14,Japan,NA,Shizuoka,3639226,13,0,402,1
2020-08-15,Japan,NA,Shizuoka,3639226,7,0,409,1
2020-08-16,Japan,NA,Shizuoka,3639226,7,0,416,1
2020-08-17,Japan,NA,Shizuoka,3639226,1,0,417,1
2020-08-18,Japan,NA,Shizuoka,3639226,5,0,422,1
2020-08-19,Japan,NA,Shizuoka,3639226,5,0,427,1
2020-08-20,Japan,NA,Shizuoka,3639226,2,0,429,1
2020-08-21,Japan,NA,Shizuoka,3639226,0,0,429,1
2020-08-22,Japan,NA,Shizuoka,3639226,6,0,435,1
2020-08-23,Japan,NA,Shizuoka,3639226,5,0,440,1
2020-08-24,Japan,NA,Shizuoka,3639226,5,0,445,1
2020-08-25,Japan,NA,Shizuoka,3639226,8,0,453,1
2020-08-26,Japan,NA,Shizuoka,3639226,6,0,459,1
2020-08-27,Japan,NA,Shizuoka,3639226,12,0,471,1
2020-08-28,Japan,NA,Shizuoka,3639226,6,0,477,1
2020-08-29,Japan,NA,Shizuoka,3639226,2,0,479,1
2020-07-14,Japan,NA,Tochigi,1942312,5,0,103,0
2020-07-15,Japan,NA,Tochigi,1942312,4,0,107,0
2020-07-16,Japan,NA,Tochigi,1942312,5,0,112,0
2020-07-17,Japan,NA,Tochigi,1942312,6,0,118,0
2020-07-18,Japan,NA,Tochigi,1942312,6,0,124,0
2020-07-19,Japan,NA,Tochigi,1942312,9,0,133,0
2020-07-20,Japan,NA,Tochigi,1942312,3,0,136,0
2020-07-21,Japan,NA,Tochigi,1942312,3,0,139,0
2020-07-22,Japan,NA,Tochigi,1942312,3,0,142,0
2020-07-23,Japan,NA,Tochigi,1942312,5,0,147,0
2020-07-24,Japan,NA,Tochigi,1942312,4,0,151,0
2020-07-25,Japan,NA,Tochigi,1942312,8,0,159,0
2020-07-26,Japan,NA,Tochigi,1942312,4,0,163,0
2020-07-27,Japan,NA,Tochigi,1942312,4,0,167,0
2020-07-28,Japan,NA,Tochigi,1942312,2,0,169,0
2020-07-29,Japan,NA,Tochigi,1942312,16,0,185,0
2020-07-30,Japan,NA,Tochigi,1942312,6,0,191,0
2020-07-31,Japan,NA,Tochigi,1942312,4,0,195,0
2020-08-01,Japan,NA,Tochigi,1942312,0,0,195,0
2020-08-02,Japan,NA,Tochigi,1942312,4,0,199,0
2020-08-03,Japan,NA,Tochigi,1942312,3,0,202,0
2020-08-04,Japan,NA,Tochigi,1942312,5,0,207,0
2020-08-05,Japan,NA,Tochigi,1942312,17,0,224,0
2020-08-06,Japan,NA,Tochigi,1942312,6,0,230,0
2020-08-07,Japan,NA,Tochigi,1942312,8,0,238,0
2020-08-08,Japan,NA,Tochigi,1942312,5,0,243,0
2020-08-09,Japan,NA,Tochigi,1942312,3,0,246,0
2020-08-10,Japan,NA,Tochigi,1942312,3,0,249,0
2020-08-11,Japan,NA,Tochigi,1942312,3,1,252,1
2020-08-12,Japan,NA,Tochigi,1942312,9,0,261,1
2020-08-13,Japan,NA,Tochigi,1942312,4,0,265,1
2020-08-14,Japan,NA,Tochigi,1942312,4,0,269,1
2020-08-15,Japan,NA,Tochigi,1942312,0,0,269,1
2020-08-16,Japan,NA,Tochigi,1942312,7,0,276,1
2020-08-17,Japan,NA,Tochigi,1942312,1,0,277,1
2020-08-18,Japan,NA,Tochigi,1942312,5,0,282,1
2020-08-19,Japan,NA,Tochigi,1942312,2,0,284,1
2020-08-20,Japan,NA,Tochigi,1942312,2,0,286,1
2020-08-21,Japan,NA,Tochigi,1942312,2,0,288,1
2020-08-22,Japan,NA,Tochigi,1942312,0,0,288,1
2020-08-23,Japan,NA,Tochigi,1942312,1,0,289,1
2020-08-24,Japan,NA,Tochigi,1942312,0,0,289,1
2020-08-25,Japan,NA,Tochigi,1942312,0,0,289,1
2020-08-26,Japan,NA,Tochigi,1942312,5,0,294,1
2020-08-27,Japan,NA,Tochigi,1942312,1,0,295,1
2020-08-28,Japan,NA,Tochigi,1942312,7,0,302,1
2020-08-29,Japan,NA,Tochigi,1942312,1,0,303,1
2020-08-21,Japan,NA,Tokushima,728633,7,0,104,2
2020-08-22,Japan,NA,Tokushima,728633,0,0,104,2
2020-08-23,Japan,NA,Tokushima,728633,2,1,106,3
2020-08-24,Japan,NA,Tokushima,728633,3,0,109,3
2020-08-25,Japan,NA,Tokushima,728633,2,0,111,3
2020-08-26,Japan,NA,Tokushima,728633,9,0,120,3
2020-08-27,Japan,NA,Tokushima,728633,4,1,124,4
2020-08-28,Japan,NA,Tokushima,728633,3,0,127,4
2020-08-29,Japan,NA,Tokushima,728633,1,0,128,4
2020-08-30,Japan,NA,Tokushima,728633,0,0,128,4
2020-08-31,Japan,NA,Tokushima,728633,2,0,130,4
2020-03-17,Japan,NA,Tokyo,13942856,12,0,102,2
2020-03-18,Japan,NA,Tokyo,13942856,9,0,111,2
2020-03-19,Japan,NA,Tokyo,13942856,7,0,118,2
2020-03-20,Japan,NA,Tokyo,13942856,11,1,129,3
2020-03-21,Japan,NA,Tokyo,13942856,7,1,136,4
2020-03-22,Japan,NA,Tokyo,13942856,3,0,139,4
2020-03-23,Japan,NA,Tokyo,13942856,16,0,155,4
2020-03-24,Japan,NA,Tokyo,13942856,18,1,173,5
2020-03-25,Japan,NA,Tokyo,13942856,41,0,214,5
2020-03-26,Japan,NA,Tokyo,13942856,46,0,260,5
2020-03-27,Japan,NA,Tokyo,13942856,40,1,300,6
2020-03-28,Japan,NA,Tokyo,13942856,64,1,364,7
2020-03-29,Japan,NA,Tokyo,13942856,72,1,436,8
2020-03-30,Japan,NA,Tokyo,13942856,12,1,448,9
2020-03-31,Japan,NA,Tokyo,13942856,78,7,526,16
2020-04-01,Japan,NA,Tokyo,13942856,67,0,593,16
2020-04-02,Japan,NA,Tokyo,13942856,98,0,691,16
2020-04-03,Japan,NA,Tokyo,13942856,92,2,783,18
2020-04-04,Japan,NA,Tokyo,13942856,118,5,901,23
2020-04-05,Japan,NA,Tokyo,13942856,141,7,1042,30
2020-04-06,Japan,NA,Tokyo,13942856,85,0,1127,30
2020-04-07,Japan,NA,Tokyo,13942856,87,1,1214,31
2020-04-08,Japan,NA,Tokyo,13942856,156,4,1370,35
2020-04-09,Japan,NA,Tokyo,13942856,183,1,1553,36
2020-04-10,Japan,NA,Tokyo,13942856,199,4,1752,40
2020-04-11,Japan,NA,Tokyo,13942856,198,0,1950,40
2020-04-12,Japan,NA,Tokyo,13942856,174,2,2124,42
2020-04-13,Japan,NA,Tokyo,13942856,100,0,2224,42
2020-04-14,Japan,NA,Tokyo,13942856,159,5,2383,47
2020-04-15,Japan,NA,Tokyo,13942856,127,6,2510,53
2020-04-16,Japan,NA,Tokyo,13942856,151,3,2661,56
2020-04-17,Japan,NA,Tokyo,13942856,206,7,2867,63
2020-04-18,Japan,NA,Tokyo,13942856,186,5,3053,68
2020-04-19,Japan,NA,Tokyo,13942856,109,3,3162,71
2020-04-20,Japan,NA,Tokyo,13942856,101,6,3263,77
2020-04-21,Japan,NA,Tokyo,13942856,123,4,3386,81
2020-04-22,Japan,NA,Tokyo,13942856,123,0,3509,81
2020-04-23,Japan,NA,Tokyo,13942856,134,6,3643,87
2020-04-24,Japan,NA,Tokyo,13942856,170,6,3813,93
2020-04-25,Japan,NA,Tokyo,13942856,119,7,3932,100
2020-04-26,Japan,NA,Tokyo,13942856,82,0,4014,100
2020-04-27,Japan,NA,Tokyo,13942856,41,6,4055,106
2020-04-28,Japan,NA,Tokyo,13942856,113,2,4168,108
2020-04-29,Japan,NA,Tokyo,13942856,47,9,4215,117
2020-04-30,Japan,NA,Tokyo,13942856,59,3,4274,120
2020-05-01,Japan,NA,Tokyo,13942856,165,6,4439,126
2020-05-02,Japan,NA,Tokyo,13942856,154,15,4593,141
2020-05-03,Japan,NA,Tokyo,13942856,93,4,4686,145
2020-05-04,Japan,NA,Tokyo,13942856,87,5,4773,150
2020-05-05,Japan,NA,Tokyo,13942856,57,0,4830,150
2020-05-06,Japan,NA,Tokyo,13942856,37,5,4867,155
2020-05-07,Japan,NA,Tokyo,13942856,23,5,4890,160
2020-05-08,Japan,NA,Tokyo,13942856,39,11,4929,171
2020-05-09,Japan,NA,Tokyo,13942856,36,9,4965,180
2020-05-10,Japan,NA,Tokyo,13942856,22,0,4987,180
2020-05-11,Japan,NA,Tokyo,13942856,15,9,5002,189
2020-05-12,Japan,NA,Tokyo,13942856,27,7,5029,196
2020-05-13,Japan,NA,Tokyo,13942856,10,7,5039,203
2020-05-14,Japan,NA,Tokyo,13942856,30,9,5069,212
2020-05-15,Japan,NA,Tokyo,13942856,9,7,5078,219
2020-05-16,Japan,NA,Tokyo,13942856,14,11,5092,230
2020-05-17,Japan,NA,Tokyo,13942856,5,7,5097,237
2020-05-18,Japan,NA,Tokyo,13942856,10,4,5107,241
2020-05-19,Japan,NA,Tokyo,13942856,5,3,5112,244
2020-05-20,Japan,NA,Tokyo,13942856,5,3,5117,247
2020-05-21,Japan,NA,Tokyo,13942856,11,9,5128,256
2020-05-22,Japan,NA,Tokyo,13942856,3,7,5131,263
2020-05-23,Japan,NA,Tokyo,13942856,2,8,5133,271
2020-05-24,Japan,NA,Tokyo,13942856,14,9,5147,280
2020-05-25,Japan,NA,Tokyo,13942856,8,8,5155,288
2020-05-26,Japan,NA,Tokyo,13942856,10,4,5165,292
2020-05-27,Japan,NA,Tokyo,13942856,11,4,5176,296
2020-05-28,Japan,NA,Tokyo,13942856,15,3,5191,299
2020-05-29,Japan,NA,Tokyo,13942856,21,3,5212,302
2020-05-30,Japan,NA,Tokyo,13942856,14,2,5226,304
2020-05-31,Japan,NA,Tokyo,13942856,5,1,5231,305
2020-06-01,Japan,NA,Tokyo,13942856,13,0,5244,305
2020-06-02,Japan,NA,Tokyo,13942856,34,1,5278,306
2020-06-03,Japan,NA,Tokyo,13942856,12,0,5290,306
2020-06-04,Japan,NA,Tokyo,13942856,28,1,5318,307
2020-06-05,Japan,NA,Tokyo,13942856,20,2,5338,309
2020-06-06,Japan,NA,Tokyo,13942856,26,2,5364,311
2020-06-07,Japan,NA,Tokyo,13942856,14,0,5378,311
2020-06-08,Japan,NA,Tokyo,13942856,13,0,5391,311
2020-06-09,Japan,NA,Tokyo,13942856,12,0,5403,311
2020-06-10,Japan,NA,Tokyo,13942856,18,0,5421,311
2020-06-11,Japan,NA,Tokyo,13942856,22,0,5443,311
2020-06-12,Japan,NA,Tokyo,13942856,25,2,5468,313
2020-06-13,Japan,NA,Tokyo,13942856,24,1,5492,314
2020-06-14,Japan,NA,Tokyo,13942856,47,0,5539,314
2020-06-15,Japan,NA,Tokyo,13942856,48,0,5587,314
2020-06-16,Japan,NA,Tokyo,13942856,27,2,5614,316
2020-06-17,Japan,NA,Tokyo,13942856,16,1,5630,317
2020-06-18,Japan,NA,Tokyo,13942856,41,0,5671,317
2020-06-19,Japan,NA,Tokyo,13942856,35,3,5706,320
2020-06-20,Japan,NA,Tokyo,13942856,39,0,5745,320
2020-06-21,Japan,NA,Tokyo,13942856,34,0,5779,320
2020-06-22,Japan,NA,Tokyo,13942856,29,1,5808,321
2020-06-23,Japan,NA,Tokyo,13942856,31,2,5839,323
2020-06-24,Japan,NA,Tokyo,13942856,55,2,5894,325
2020-06-25,Japan,NA,Tokyo,13942856,48,0,5942,325
2020-06-26,Japan,NA,Tokyo,13942856,54,0,5996,325
2020-06-27,Japan,NA,Tokyo,13942856,57,0,6053,325
2020-06-28,Japan,NA,Tokyo,13942856,60,0,6113,325
2020-06-29,Japan,NA,Tokyo,13942856,58,0,6171,325
2020-06-30,Japan,NA,Tokyo,13942856,54,0,6225,325
2020-07-01,Japan,NA,Tokyo,13942856,67,0,6292,325
2020-07-02,Japan,NA,Tokyo,13942856,107,0,6399,325
2020-07-03,Japan,NA,Tokyo,13942856,124,0,6523,325
2020-07-04,Japan,NA,Tokyo,13942856,131,0,6654,325
2020-07-05,Japan,NA,Tokyo,13942856,111,0,6765,325
2020-07-06,Japan,NA,Tokyo,13942856,102,0,6867,325
2020-07-07,Japan,NA,Tokyo,13942856,106,0,6973,325
2020-07-08,Japan,NA,Tokyo,13942856,75,0,7048,325
2020-07-09,Japan,NA,Tokyo,13942856,224,0,7272,325
2020-07-10,Japan,NA,Tokyo,13942856,243,0,7515,325
2020-07-11,Japan,NA,Tokyo,13942856,206,0,7721,325
2020-07-12,Japan,NA,Tokyo,13942856,206,0,7927,325
2020-07-13,Japan,NA,Tokyo,13942856,119,0,8046,325
2020-07-14,Japan,NA,Tokyo,13942856,143,0,8189,325
2020-07-15,Japan,NA,Tokyo,13942856,165,1,8354,326
2020-07-16,Japan,NA,Tokyo,13942856,286,0,8640,326
2020-07-17,Japan,NA,Tokyo,13942856,293,0,8933,326
2020-07-18,Japan,NA,Tokyo,13942856,290,0,9223,326
2020-07-19,Japan,NA,Tokyo,13942856,188,0,9411,326
2020-07-20,Japan,NA,Tokyo,13942856,168,1,9579,327
2020-07-21,Japan,NA,Tokyo,13942856,237,0,9816,327
2020-07-22,Japan,NA,Tokyo,13942856,238,0,10054,327
2020-07-23,Japan,NA,Tokyo,13942856,366,0,10420,327
2020-07-24,Japan,NA,Tokyo,13942856,260,0,10680,327
2020-07-25,Japan,NA,Tokyo,13942856,295,1,10975,328
2020-07-26,Japan,NA,Tokyo,13942856,239,0,11214,328
2020-07-27,Japan,NA,Tokyo,13942856,131,0,11345,328
2020-07-28,Japan,NA,Tokyo,13942856,266,0,11611,328
2020-07-29,Japan,NA,Tokyo,13942856,250,1,11861,329
2020-07-30,Japan,NA,Tokyo,13942856,367,1,12228,330
2020-07-31,Japan,NA,Tokyo,13942856,463,2,12691,332
2020-08-01,Japan,NA,Tokyo,13942856,472,0,13163,332
2020-08-02,Japan,NA,Tokyo,13942856,292,0,13455,332
2020-08-03,Japan,NA,Tokyo,13942856,258,1,13713,333
2020-08-04,Japan,NA,Tokyo,13942856,309,0,14022,333
2020-08-05,Japan,NA,Tokyo,13942856,263,0,14285,333
2020-08-06,Japan,NA,Tokyo,13942856,360,0,14645,333
2020-08-07,Japan,NA,Tokyo,13942856,462,0,15107,333
2020-08-08,Japan,NA,Tokyo,13942856,429,0,15536,333
2020-08-09,Japan,NA,Tokyo,13942856,331,0,15867,333
2020-08-10,Japan,NA,Tokyo,13942856,197,1,16064,334
2020-08-11,Japan,NA,Tokyo,13942856,188,2,16252,336
2020-08-12,Japan,NA,Tokyo,13942856,222,0,16474,336
2020-08-13,Japan,NA,Tokyo,13942856,206,2,16680,338
2020-08-14,Japan,NA,Tokyo,13942856,389,0,17069,338
2020-08-15,Japan,NA,Tokyo,13942856,385,0,17454,338
2020-08-16,Japan,NA,Tokyo,13942856,260,2,17714,340
2020-08-17,Japan,NA,Tokyo,13942856,161,1,17875,341
2020-08-18,Japan,NA,Tokyo,13942856,207,3,18082,344
2020-08-19,Japan,NA,Tokyo,13942856,186,3,18268,347
2020-08-20,Japan,NA,Tokyo,13942856,339,1,18607,348
2020-08-21,Japan,NA,Tokyo,13942856,258,2,18865,350
2020-08-22,Japan,NA,Tokyo,13942856,256,0,19121,350
2020-08-23,Japan,NA,Tokyo,13942856,212,0,19333,350
2020-08-24,Japan,NA,Tokyo,13942856,95,2,19428,352
2020-08-25,Japan,NA,Tokyo,13942856,182,2,19610,354
2020-08-26,Japan,NA,Tokyo,13942856,236,2,19846,356
2020-08-27,Japan,NA,Tokyo,13942856,250,0,20096,356
2020-08-28,Japan,NA,Tokyo,13942856,226,2,20322,358
2020-08-29,Japan,NA,Tokyo,13942856,247,0,20569,358
2020-08-30,Japan,NA,Tokyo,13942856,148,2,20717,360
2020-08-31,Japan,NA,Tokyo,13942856,100,3,20817,363
2020-04-20,Japan,NA,Toyama,1042998,19,1,114,2
2020-04-21,Japan,NA,Toyama,1042998,13,0,127,2
2020-04-22,Japan,NA,Toyama,1042998,14,0,141,2
2020-04-23,Japan,NA,Toyama,1042998,9,1,150,3
2020-04-24,Japan,NA,Toyama,1042998,13,0,163,3
2020-04-25,Japan,NA,Toyama,1042998,12,1,175,4
2020-04-26,Japan,NA,Toyama,1042998,3,1,178,5
2020-04-27,Japan,NA,Toyama,1042998,1,2,179,7
2020-04-28,Japan,NA,Toyama,1042998,9,0,188,7
2020-04-29,Japan,NA,Toyama,1042998,7,1,195,8
2020-04-30,Japan,NA,Toyama,1042998,5,1,200,9
2020-05-01,Japan,NA,Toyama,1042998,3,0,203,9
2020-05-02,Japan,NA,Toyama,1042998,6,1,209,10
2020-05-03,Japan,NA,Toyama,1042998,3,1,212,11
2020-05-04,Japan,NA,Toyama,1042998,1,2,213,13
2020-05-05,Japan,NA,Toyama,1042998,3,0,216,13
2020-05-06,Japan,NA,Toyama,1042998,0,0,216,13
2020-05-07,Japan,NA,Toyama,1042998,1,0,217,13
2020-05-08,Japan,NA,Toyama,1042998,1,1,218,14
2020-05-09,Japan,NA,Toyama,1042998,3,0,221,14
2020-05-10,Japan,NA,Toyama,1042998,0,0,221,14
2020-05-11,Japan,NA,Toyama,1042998,0,1,221,15
2020-05-12,Japan,NA,Toyama,1042998,1,1,222,16
2020-05-13,Japan,NA,Toyama,1042998,0,1,222,17
2020-05-14,Japan,NA,Toyama,1042998,2,1,224,18
2020-05-15,Japan,NA,Toyama,1042998,0,0,224,18
2020-05-16,Japan,NA,Toyama,1042998,1,0,225,18
2020-05-17,Japan,NA,Toyama,1042998,0,0,225,18
2020-05-18,Japan,NA,Toyama,1042998,2,2,227,20
2020-05-19,Japan,NA,Toyama,1042998,0,0,227,20
2020-05-20,Japan,NA,Toyama,1042998,0,1,227,21
2020-05-21,Japan,NA,Toyama,1042998,0,0,227,21
2020-05-22,Japan,NA,Toyama,1042998,0,0,227,21
2020-05-23,Japan,NA,Toyama,1042998,0,0,227,21
2020-05-24,Japan,NA,Toyama,1042998,0,0,227,21
2020-05-25,Japan,NA,Toyama,1042998,0,0,227,21
2020-05-26,Japan,NA,Toyama,1042998,0,0,227,21
2020-05-27,Japan,NA,Toyama,1042998,0,1,227,22
2020-05-28,Japan,NA,Toyama,1042998,0,0,227,22
2020-05-29,Japan,NA,Toyama,1042998,0,0,227,22
2020-05-30,Japan,NA,Toyama,1042998,0,0,227,22
2020-05-31,Japan,NA,Toyama,1042998,0,0,227,22
2020-06-01,Japan,NA,Toyama,1042998,0,0,227,22
2020-06-02,Japan,NA,Toyama,1042998,0,0,227,22
2020-06-03,Japan,NA,Toyama,1042998,0,0,227,22
2020-06-04,Japan,NA,Toyama,1042998,0,0,227,22
2020-06-05,Japan,NA,Toyama,1042998,0,0,227,22
2020-06-06,Japan,NA,Toyama,1042998,0,0,227,22
2020-06-07,Japan,NA,Toyama,1042998,0,0,227,22
2020-06-08,Japan,NA,Toyama,1042998,0,0,227,22
2020-06-09,Japan,NA,Toyama,1042998,0,0,227,22
2020-06-10,Japan,NA,Toyama,1042998,0,0,227,22
2020-06-11,Japan,NA,Toyama,1042998,0,0,227,22
2020-06-12,Japan,NA,Toyama,1042998,0,0,227,22
2020-06-13,Japan,NA,Toyama,1042998,0,0,227,22
2020-06-14,Japan,NA,Toyama,1042998,0,0,227,22
2020-06-15,Japan,NA,Toyama,1042998,0,0,227,22
2020-06-16,Japan,NA,Toyama,1042998,0,0,227,22
2020-06-17,Japan,NA,Toyama,1042998,0,0,227,22
2020-06-18,Japan,NA,Toyama,1042998,0,0,227,22
2020-06-19,Japan,NA,Toyama,1042998,0,0,227,22
2020-06-20,Japan,NA,Toyama,1042998,0,0,227,22
2020-06-21,Japan,NA,Toyama,1042998,0,0,227,22
2020-06-22,Japan,NA,Toyama,1042998,0,0,227,22
2020-06-23,Japan,NA,Toyama,1042998,0,0,227,22
2020-06-24,Japan,NA,Toyama,1042998,0,0,227,22
2020-06-25,Japan,NA,Toyama,1042998,0,0,227,22
2020-06-26,Japan,NA,Toyama,1042998,0,0,227,22
2020-06-27,Japan,NA,Toyama,1042998,0,0,227,22
2020-06-28,Japan,NA,Toyama,1042998,0,0,227,22
2020-06-29,Japan,NA,Toyama,1042998,0,0,227,22
2020-06-30,Japan,NA,Toyama,1042998,0,0,227,22
2020-07-01,Japan,NA,Toyama,1042998,0,0,227,22
2020-07-02,Japan,NA,Toyama,1042998,1,0,228,22
2020-07-03,Japan,NA,Toyama,1042998,0,0,228,22
2020-07-04,Japan,NA,Toyama,1042998,0,0,228,22
2020-07-05,Japan,NA,Toyama,1042998,0,0,228,22
2020-07-06,Japan,NA,Toyama,1042998,0,0,228,22
2020-07-07,Japan,NA,Toyama,1042998,1,0,229,22
2020-07-08,Japan,NA,Toyama,1042998,0,0,229,22
2020-07-09,Japan,NA,Toyama,1042998,1,0,230,22
2020-07-10,Japan,NA,Toyama,1042998,0,0,230,22
2020-07-11,Japan,NA,Toyama,1042998,0,0,230,22
2020-07-12,Japan,NA,Toyama,1042998,0,0,230,22
2020-07-13,Japan,NA,Toyama,1042998,0,0,230,22
2020-07-14,Japan,NA,Toyama,1042998,0,0,230,22
2020-07-15,Japan,NA,Toyama,1042998,0,0,230,22
2020-07-16,Japan,NA,Toyama,1042998,0,0,230,22
2020-07-17,Japan,NA,Toyama,1042998,0,0,230,22
2020-07-18,Japan,NA,Toyama,1042998,1,0,231,22
2020-07-19,Japan,NA,Toyama,1042998,0,0,231,22
2020-07-20,Japan,NA,Toyama,1042998,0,0,231,22
2020-07-21,Japan,NA,Toyama,1042998,2,0,233,22
2020-07-22,Japan,NA,Toyama,1042998,1,0,234,22
2020-07-23,Japan,NA,Toyama,1042998,1,0,235,22
2020-07-24,Japan,NA,Toyama,1042998,0,0,235,22
2020-07-25,Japan,NA,Toyama,1042998,0,0,235,22
2020-07-26,Japan,NA,Toyama,1042998,0,0,235,22
2020-07-27,Japan,NA,Toyama,1042998,1,0,236,22
2020-07-28,Japan,NA,Toyama,1042998,0,0,236,22
2020-07-29,Japan,NA,Toyama,1042998,0,0,236,22
2020-07-30,Japan,NA,Toyama,1042998,2,0,238,22
2020-07-31,Japan,NA,Toyama,1042998,0,0,238,22
2020-08-01,Japan,NA,Toyama,1042998,5,0,243,22
2020-08-02,Japan,NA,Toyama,1042998,1,0,244,22
2020-08-03,Japan,NA,Toyama,1042998,4,0,248,22
2020-08-04,Japan,NA,Toyama,1042998,6,0,254,22
2020-08-05,Japan,NA,Toyama,1042998,7,0,261,22
2020-08-06,Japan,NA,Toyama,1042998,5,0,266,22
2020-08-07,Japan,NA,Toyama,1042998,5,0,271,22
2020-08-08,Japan,NA,Toyama,1042998,11,0,282,22
2020-08-09,Japan,NA,Toyama,1042998,3,0,285,22
2020-08-10,Japan,NA,Toyama,1042998,5,0,290,22
2020-08-11,Japan,NA,Toyama,1042998,3,0,293,22
2020-08-12,Japan,NA,Toyama,1042998,3,0,296,22
2020-08-13,Japan,NA,Toyama,1042998,5,0,301,22
2020-08-14,Japan,NA,Toyama,1042998,2,0,303,22
2020-08-15,Japan,NA,Toyama,1042998,4,0,307,22
2020-08-16,Japan,NA,Toyama,1042998,1,0,308,22
2020-08-17,Japan,NA,Toyama,1042998,6,0,314,22
2020-08-18,Japan,NA,Toyama,1042998,9,0,323,22
2020-08-19,Japan,NA,Toyama,1042998,6,0,329,22
2020-08-20,Japan,NA,Toyama,1042998,5,0,334,22
2020-08-21,Japan,NA,Toyama,1042998,2,0,336,22
2020-08-22,Japan,NA,Toyama,1042998,3,1,339,23
2020-08-23,Japan,NA,Toyama,1042998,2,0,341,23
2020-08-24,Japan,NA,Toyama,1042998,1,0,342,23
2020-08-25,Japan,NA,Toyama,1042998,8,0,350,23
2020-08-26,Japan,NA,Toyama,1042998,10,0,360,23
2020-08-27,Japan,NA,Toyama,1042998,8,0,368,23
2020-08-28,Japan,NA,Toyama,1042998,6,0,374,23
2020-08-29,Japan,NA,Toyama,1042998,8,0,382,23
2020-08-30,Japan,NA,Toyama,1042998,3,1,385,24
2020-08-31,Japan,NA,Toyama,1042998,3,1,388,25
2020-07-23,Japan,NA,Wakayama,923721,9,0,109,3
2020-07-24,Japan,NA,Wakayama,923721,3,0,112,3
2020-07-25,Japan,NA,Wakayama,923721,4,0,116,3
2020-07-26,Japan,NA,Wakayama,923721,6,0,122,3
2020-07-27,Japan,NA,Wakayama,923721,8,0,130,3
2020-07-28,Japan,NA,Wakayama,923721,4,0,134,3
2020-07-29,Japan,NA,Wakayama,923721,6,0,140,3
2020-07-30,Japan,NA,Wakayama,923721,2,0,142,3
2020-07-31,Japan,NA,Wakayama,923721,8,0,150,3
2020-08-01,Japan,NA,Wakayama,923721,13,0,163,3
2020-08-02,Japan,NA,Wakayama,923721,4,0,167,3
2020-08-03,Japan,NA,Wakayama,923721,2,0,169,3
2020-08-04,Japan,NA,Wakayama,923721,1,0,170,3
2020-08-05,Japan,NA,Wakayama,923721,3,0,173,3
2020-08-06,Japan,NA,Wakayama,923721,0,0,173,3
2020-08-07,Japan,NA,Wakayama,923721,0,0,173,3
2020-08-08,Japan,NA,Wakayama,923721,1,0,174,3
2020-08-09,Japan,NA,Wakayama,923721,5,0,179,3
2020-08-10,Japan,NA,Wakayama,923721,3,1,182,4
2020-08-11,Japan,NA,Wakayama,923721,2,0,184,4
2020-08-12,Japan,NA,Wakayama,923721,2,0,186,4
2020-08-13,Japan,NA,Wakayama,923721,3,0,189,4
2020-08-14,Japan,NA,Wakayama,923721,1,0,190,4
2020-08-15,Japan,NA,Wakayama,923721,4,0,194,4
2020-08-16,Japan,NA,Wakayama,923721,2,0,196,4
2020-08-17,Japan,NA,Wakayama,923721,2,0,198,4
2020-08-18,Japan,NA,Wakayama,923721,11,0,209,4
2020-08-19,Japan,NA,Wakayama,923721,6,0,215,4
2020-08-20,Japan,NA,Wakayama,923721,4,0,219,4
2020-08-21,Japan,NA,Wakayama,923721,4,0,223,4
2020-08-22,Japan,NA,Wakayama,923721,2,0,225,4
2020-08-23,Japan,NA,Wakayama,923721,0,0,225,4
2020-08-24,Japan,NA,Wakayama,923721,2,0,227,4
2020-08-25,Japan,NA,Wakayama,923721,0,0,227,4
2020-08-26,Japan,NA,Wakayama,923721,1,0,228,4
2020-08-27,Japan,NA,Wakayama,923721,0,0,228,4
2020-08-28,Japan,NA,Wakayama,923721,0,0,228,4
2020-08-29,Japan,NA,Wakayama,923721,2,0,230,4
2020-08-22,Japan,NA,Yamaguchi,1355495,7,0,105,0
2020-08-23,Japan,NA,Yamaguchi,1355495,4,0,109,0
2020-08-24,Japan,NA,Yamaguchi,1355495,3,0,112,0
2020-08-25,Japan,NA,Yamaguchi,1355495,6,0,118,0
2020-08-26,Japan,NA,Yamaguchi,1355495,15,0,133,0
2020-08-27,Japan,NA,Yamaguchi,1355495,6,0,139,0
2020-08-28,Japan,NA,Yamaguchi,1355495,10,0,149,0
2020-08-29,Japan,NA,Yamaguchi,1355495,7,0,156,0
2020-08-30,Japan,NA,Yamaguchi,1355495,6,0,162,0
2020-08-31,Japan,NA,Yamaguchi,1355495,4,0,166,0
2020-08-02,Japan,NA,Yamanashi,812056,2,0,102,1
2020-08-03,Japan,NA,Yamanashi,812056,4,0,106,1
2020-08-04,Japan,NA,Yamanashi,812056,2,0,108,1
2020-08-05,Japan,NA,Yamanashi,812056,5,0,113,1
2020-08-06,Japan,NA,Yamanashi,812056,10,0,123,1
2020-08-07,Japan,NA,Yamanashi,812056,3,0,126,1
2020-08-08,Japan,NA,Yamanashi,812056,2,0,128,1
2020-08-09,Japan,NA,Yamanashi,812056,1,0,129,1
2020-08-10,Japan,NA,Yamanashi,812056,2,0,131,1
2020-08-11,Japan,NA,Yamanashi,812056,0,0,131,1
2020-08-12,Japan,NA,Yamanashi,812056,3,0,134,1
2020-08-13,Japan,NA,Yamanashi,812056,1,0,135,1
2020-08-14,Japan,NA,Yamanashi,812056,3,0,138,1
2020-08-15,Japan,NA,Yamanashi,812056,1,0,139,1
2020-08-16,Japan,NA,Yamanashi,812056,0,0,139,1
2020-08-17,Japan,NA,Yamanashi,812056,2,0,141,1
2020-08-18,Japan,NA,Yamanashi,812056,7,0,148,1
2020-08-19,Japan,NA,Yamanashi,812056,10,0,158,1
2020-08-20,Japan,NA,Yamanashi,812056,3,0,161,1
2020-08-21,Japan,NA,Yamanashi,812056,1,0,162,1
2020-08-22,Japan,NA,Yamanashi,812056,1,0,163,1
2020-08-23,Japan,NA,Yamanashi,812056,3,0,166,1
2020-08-24,Japan,NA,Yamanashi,812056,1,0,167,1
2020-08-25,Japan,NA,Yamanashi,812056,1,0,168,1
2020-08-26,Japan,NA,Yamanashi,812056,3,0,171,1
2020-08-27,Japan,NA,Yamanashi,812056,0,1,171,2
2020-08-28,Japan,NA,Yamanashi,812056,0,1,171,3
2020-08-29,Japan,NA,Yamanashi,812056,0,0,171,3
2020-08-30,Japan,NA,Yamanashi,812056,1,0,172,3
2020-08-16,Japan,NA,Oita,1134431,6,0,103,1
2020-08-17,Japan,NA,Oita,1134431,10,0,113,1
2020-08-18,Japan,NA,Oita,1134431,7,0,120,1
2020-08-19,Japan,NA,Oita,1134431,10,0,130,1
2020-08-20,Japan,NA,Oita,1134431,4,0,134,1
2020-08-21,Japan,NA,Oita,1134431,3,0,137,1
2020-08-22,Japan,NA,Oita,1134431,1,0,138,1
2020-08-23,Japan,NA,Oita,1134431,0,0,138,1
2020-08-24,Japan,NA,Oita,1134431,2,0,140,1
2020-08-25,Japan,NA,Oita,1134431,0,0,140,1
2020-08-26,Japan,NA,Oita,1134431,3,0,143,1
2020-08-27,Japan,NA,Oita,1134431,1,0,144,1
2020-08-28,Japan,NA,Oita,1134431,0,0,144,1
2020-08-29,Japan,NA,Oita,1134431,0,0,144,1
2020-08-30,Japan,NA,Oita,1134431,1,0,145,1
2020-04-17,Mexico,NA,Aguascalientes,1191191,18,1,117,3
2020-04-18,Mexico,NA,Aguascalientes,1191191,13,0,130,3
2020-04-19,Mexico,NA,Aguascalientes,1191191,3,1,133,4
2020-04-20,Mexico,NA,Aguascalientes,1191191,17,0,150,4
2020-04-21,Mexico,NA,Aguascalientes,1191191,13,0,163,4
2020-04-22,Mexico,NA,Aguascalientes,1191191,11,1,174,5
2020-04-23,Mexico,NA,Aguascalientes,1191191,21,0,195,5
2020-04-24,Mexico,NA,Aguascalientes,1191191,11,0,206,5
2020-04-25,Mexico,NA,Aguascalientes,1191191,1,0,207,5
2020-04-26,Mexico,NA,Aguascalientes,1191191,7,0,214,5
2020-04-27,Mexico,NA,Aguascalientes,1191191,17,1,231,6
2020-04-28,Mexico,NA,Aguascalientes,1191191,32,1,263,7
2020-04-29,Mexico,NA,Aguascalientes,1191191,18,0,281,7
2020-04-30,Mexico,NA,Aguascalientes,1191191,27,1,308,8
2020-05-01,Mexico,NA,Aguascalientes,1191191,4,0,312,8
2020-05-02,Mexico,NA,Aguascalientes,1191191,4,0,316,8
2020-05-03,Mexico,NA,Aguascalientes,1191191,3,0,319,8
2020-05-04,Mexico,NA,Aguascalientes,1191191,50,1,369,9
2020-05-05,Mexico,NA,Aguascalientes,1191191,12,0,381,9
2020-05-06,Mexico,NA,Aguascalientes,1191191,16,3,397,12
2020-05-07,Mexico,NA,Aguascalientes,1191191,24,3,421,15
2020-05-08,Mexico,NA,Aguascalientes,1191191,14,1,435,16
2020-05-10,Mexico,NA,Aguascalientes,1191191,4,1,439,17
2020-05-11,Mexico,NA,Aguascalientes,1191191,11,0,450,17
2020-05-12,Mexico,NA,Aguascalientes,1191191,43,0,493,17
2020-05-13,Mexico,NA,Aguascalientes,1191191,14,2,507,19
2020-05-14,Mexico,NA,Aguascalientes,1191191,23,1,530,20
2020-05-15,Mexico,NA,Aguascalientes,1191191,27,1,557,21
2020-05-16,Mexico,NA,Aguascalientes,1191191,3,1,560,22
2020-05-17,Mexico,NA,Aguascalientes,1191191,7,4,567,26
2020-05-18,Mexico,NA,Aguascalientes,1191191,37,0,604,26
2020-05-19,Mexico,NA,Aguascalientes,1191191,20,0,624,26
2020-05-20,Mexico,NA,Aguascalientes,1191191,27,0,651,26
2020-05-21,Mexico,NA,Aguascalientes,1191191,30,2,681,28
2020-05-22,Mexico,NA,Aguascalientes,1191191,24,1,705,29
2020-05-23,Mexico,NA,Aguascalientes,1191191,17,0,722,29
2020-05-24,Mexico,NA,Aguascalientes,1191191,8,4,730,33
2020-05-25,Mexico,NA,Aguascalientes,1191191,39,1,769,34
2020-05-26,Mexico,NA,Aguascalientes,1191191,39,1,808,35
2020-05-27,Mexico,NA,Aguascalientes,1191191,36,4,844,39
2020-05-28,Mexico,NA,Aguascalientes,1191191,45,3,889,42
2020-05-29,Mexico,NA,Aguascalientes,1191191,42,3,931,45
2020-05-30,Mexico,NA,Aguascalientes,1191191,15,2,946,47
2020-05-31,Mexico,NA,Aguascalientes,1191191,20,2,966,49
2020-06-01,Mexico,NA,Aguascalientes,1191191,63,2,1029,51
2020-06-02,Mexico,NA,Aguascalientes,1191191,60,3,1089,54
2020-06-03,Mexico,NA,Aguascalientes,1191191,60,4,1149,58
2020-06-04,Mexico,NA,Aguascalientes,1191191,44,3,1193,61
2020-06-05,Mexico,NA,Aguascalientes,1191191,60,1,1253,62
2020-06-06,Mexico,NA,Aguascalientes,1191191,24,5,1277,67
2020-06-07,Mexico,NA,Aguascalientes,1191191,26,4,1303,71
2020-06-08,Mexico,NA,Aguascalientes,1191191,73,2,1376,73
2020-06-09,Mexico,NA,Aguascalientes,1191191,66,4,1442,77
2020-06-10,Mexico,NA,Aguascalientes,1191191,63,6,1505,83
2020-06-11,Mexico,NA,Aguascalientes,1191191,63,3,1568,86
2020-06-12,Mexico,NA,Aguascalientes,1191191,60,7,1628,93
2020-06-13,Mexico,NA,Aguascalientes,1191191,33,2,1661,95
2020-06-14,Mexico,NA,Aguascalientes,1191191,23,3,1684,98
2020-06-15,Mexico,NA,Aguascalientes,1191191,79,3,1763,101
2020-06-16,Mexico,NA,Aguascalientes,1191191,58,5,1821,106
2020-06-17,Mexico,NA,Aguascalientes,1191191,73,4,1894,110
2020-06-18,Mexico,NA,Aguascalientes,1191191,63,5,1957,115
2020-06-19,Mexico,NA,Aguascalientes,1191191,69,5,2026,120
2020-06-20,Mexico,NA,Aguascalientes,1191191,15,4,2041,124
2020-06-21,Mexico,NA,Aguascalientes,1191191,26,5,2067,129
2020-06-22,Mexico,NA,Aguascalientes,1191191,68,1,2135,130
2020-06-23,Mexico,NA,Aguascalientes,1191191,54,2,2189,132
2020-06-24,Mexico,NA,Aguascalientes,1191191,50,5,2239,137
2020-06-25,Mexico,NA,Aguascalientes,1191191,69,3,2308,140
2020-06-26,Mexico,NA,Aguascalientes,1191191,56,10,2364,150
2020-06-27,Mexico,NA,Aguascalientes,1191191,17,4,2381,154
2020-06-28,Mexico,NA,Aguascalientes,1191191,11,1,2392,155
2020-06-29,Mexico,NA,Aguascalientes,1191191,38,4,2430,159
2020-06-30,Mexico,NA,Aguascalientes,1191191,39,2,2469,161
2020-07-01,Mexico,NA,Aguascalientes,1191191,79,2,2548,163
2020-07-02,Mexico,NA,Aguascalientes,1191191,69,3,2617,166
2020-07-03,Mexico,NA,Aguascalientes,1191191,67,4,2684,170
2020-07-04,Mexico,NA,Aguascalientes,1191191,11,7,2695,177
2020-07-05,Mexico,NA,Aguascalientes,1191191,8,4,2703,181
2020-07-06,Mexico,NA,Aguascalientes,1191191,91,2,2794,183
2020-07-07,Mexico,NA,Aguascalientes,1191191,119,6,2913,189
2020-07-08,Mexico,NA,Aguascalientes,1191191,53,5,2966,194
2020-07-09,Mexico,NA,Aguascalientes,1191191,43,3,3009,197
2020-07-10,Mexico,NA,Aguascalientes,1191191,77,1,3086,198
2020-07-11,Mexico,NA,Aguascalientes,1191191,21,4,3107,202
2020-07-12,Mexico,NA,Aguascalientes,1191191,32,4,3139,206
2020-07-13,Mexico,NA,Aguascalientes,1191191,82,3,3221,209
2020-07-14,Mexico,NA,Aguascalientes,1191191,82,5,3303,214
2020-07-15,Mexico,NA,Aguascalientes,1191191,81,3,3384,217
2020-07-16,Mexico,NA,Aguascalientes,1191191,85,4,3469,221
2020-07-17,Mexico,NA,Aguascalientes,1191191,73,2,3542,223
2020-07-18,Mexico,NA,Aguascalientes,1191191,22,3,3564,226
2020-07-19,Mexico,NA,Aguascalientes,1191191,15,2,3579,228
2020-07-20,Mexico,NA,Aguascalientes,1191191,51,3,3630,231
2020-07-21,Mexico,NA,Aguascalientes,1191191,96,2,3726,233
2020-07-22,Mexico,NA,Aguascalientes,1191191,52,2,3778,235
2020-07-23,Mexico,NA,Aguascalientes,1191191,72,8,3850,243
2020-07-24,Mexico,NA,Aguascalientes,1191191,73,8,3923,251
2020-07-25,Mexico,NA,Aguascalientes,1191191,18,5,3941,256
2020-07-26,Mexico,NA,Aguascalientes,1191191,21,4,3962,260
2020-07-27,Mexico,NA,Aguascalientes,1191191,69,3,4031,263
2020-07-28,Mexico,NA,Aguascalientes,1191191,63,3,4094,266
2020-07-29,Mexico,NA,Aguascalientes,1191191,59,2,4153,268
2020-07-30,Mexico,NA,Aguascalientes,1191191,60,3,4213,271
2020-07-31,Mexico,NA,Aguascalientes,1191191,60,4,4273,275
2020-08-01,Mexico,NA,Aguascalientes,1191191,32,3,4305,278
2020-08-02,Mexico,NA,Aguascalientes,1191191,17,2,4322,280
2020-08-03,Mexico,NA,Aguascalientes,1191191,61,2,4383,282
2020-08-04,Mexico,NA,Aguascalientes,1191191,71,5,4454,287
2020-08-05,Mexico,NA,Aguascalientes,1191191,51,2,4505,289
2020-08-06,Mexico,NA,Aguascalientes,1191191,42,4,4547,293
2020-08-07,Mexico,NA,Aguascalientes,1191191,43,7,4590,300
2020-08-08,Mexico,NA,Aguascalientes,1191191,21,5,4611,305
2020-08-09,Mexico,NA,Aguascalientes,1191191,16,5,4627,310
2020-08-10,Mexico,NA,Aguascalientes,1191191,79,3,4706,313
2020-08-11,Mexico,NA,Aguascalientes,1191191,52,3,4758,316
2020-08-12,Mexico,NA,Aguascalientes,1191191,55,5,4813,321
2020-08-13,Mexico,NA,Aguascalientes,1191191,60,5,4873,326
2020-08-14,Mexico,NA,Aguascalientes,1191191,53,5,4926,331
2020-08-15,Mexico,NA,Aguascalientes,1191191,13,8,4939,339
2020-08-16,Mexico,NA,Aguascalientes,1191191,32,4,4971,343
2020-08-17,Mexico,NA,Aguascalientes,1191191,91,4,5062,347
2020-08-18,Mexico,NA,Aguascalientes,1191191,78,5,5140,352
2020-08-19,Mexico,NA,Aguascalientes,1191191,66,3,5206,355
2020-08-20,Mexico,NA,Aguascalientes,1191191,51,4,5257,359
2020-08-21,Mexico,NA,Aguascalientes,1191191,64,4,5321,363
2020-08-22,Mexico,NA,Aguascalientes,1191191,38,2,5359,365
2020-08-23,Mexico,NA,Aguascalientes,1191191,32,2,5391,367
2020-08-24,Mexico,NA,Aguascalientes,1191191,63,11,5454,378
2020-08-25,Mexico,NA,Aguascalientes,1191191,58,5,5512,383
2020-08-26,Mexico,NA,Aguascalientes,1191191,89,2,5601,385
2020-08-27,Mexico,NA,Aguascalientes,1191191,21,3,5622,388
2020-08-28,Mexico,NA,Aguascalientes,1191191,9,0,5631,388
2020-03-29,Mexico,NA,Baja California,3167289,21,1,106,1
2020-03-30,Mexico,NA,Baja California,3167289,29,2,135,3
2020-03-31,Mexico,NA,Baja California,3167289,44,2,179,5
2020-04-01,Mexico,NA,Baja California,3167289,66,2,245,7
2020-04-02,Mexico,NA,Baja California,3167289,30,5,275,12
2020-04-03,Mexico,NA,Baja California,3167289,38,2,313,14
2020-04-04,Mexico,NA,Baja California,3167289,25,5,338,19
2020-04-05,Mexico,NA,Baja California,3167289,20,1,358,20
2020-04-06,Mexico,NA,Baja California,3167289,70,10,428,30
2020-04-07,Mexico,NA,Baja California,3167289,41,5,469,35
2020-04-08,Mexico,NA,Baja California,3167289,58,6,527,41
2020-04-09,Mexico,NA,Baja California,3167289,58,5,585,46
2020-04-10,Mexico,NA,Baja California,3167289,49,7,634,53
2020-04-11,Mexico,NA,Baja California,3167289,32,10,666,63
2020-04-12,Mexico,NA,Baja California,3167289,44,12,710,75
2020-04-13,Mexico,NA,Baja California,3167289,81,8,791,83
2020-04-14,Mexico,NA,Baja California,3167289,104,12,895,95
2020-04-15,Mexico,NA,Baja California,3167289,102,17,997,112
2020-04-16,Mexico,NA,Baja California,3167289,84,11,1081,123
2020-04-17,Mexico,NA,Baja California,3167289,99,20,1180,143
2020-04-18,Mexico,NA,Baja California,3167289,46,16,1226,159
2020-04-19,Mexico,NA,Baja California,3167289,44,16,1270,175
2020-04-20,Mexico,NA,Baja California,3167289,110,14,1380,189
2020-04-21,Mexico,NA,Baja California,3167289,108,15,1488,204
2020-04-22,Mexico,NA,Baja California,3167289,91,18,1579,222
2020-04-23,Mexico,NA,Baja California,3167289,111,19,1690,241
2020-04-24,Mexico,NA,Baja California,3167289,87,24,1777,265
2020-04-25,Mexico,NA,Baja California,3167289,44,18,1821,283
2020-04-26,Mexico,NA,Baja California,3167289,68,18,1889,301
2020-04-27,Mexico,NA,Baja California,3167289,112,28,2001,329
2020-04-28,Mexico,NA,Baja California,3167289,98,21,2099,350
2020-04-29,Mexico,NA,Baja California,3167289,109,29,2208,379
2020-04-30,Mexico,NA,Baja California,3167289,89,22,2297,401
2020-05-01,Mexico,NA,Baja California,3167289,92,23,2389,424
2020-05-02,Mexico,NA,Baja California,3167289,78,26,2467,450
2020-05-03,Mexico,NA,Baja California,3167289,91,14,2558,464
2020-05-04,Mexico,NA,Baja California,3167289,145,30,2703,494
2020-05-05,Mexico,NA,Baja California,3167289,141,31,2844,525
2020-05-06,Mexico,NA,Baja California,3167289,118,28,2962,553
2020-05-07,Mexico,NA,Baja California,3167289,123,26,3085,579
2020-05-08,Mexico,NA,Baja California,3167289,142,33,3227,612
2020-05-09,Mexico,NA,Baja California,3167289,75,36,3302,648
2020-05-10,Mexico,NA,Baja California,3167289,69,28,3371,676
2020-05-11,Mexico,NA,Baja California,3167289,131,31,3502,707
2020-05-12,Mexico,NA,Baja California,3167289,125,30,3627,737
2020-05-13,Mexico,NA,Baja California,3167289,128,37,3755,774
2020-05-14,Mexico,NA,Baja California,3167289,113,36,3868,810
2020-05-15,Mexico,NA,Baja California,3167289,145,27,4013,837
2020-05-16,Mexico,NA,Baja California,3167289,70,30,4083,867
2020-05-17,Mexico,NA,Baja California,3167289,72,40,4155,907
2020-05-18,Mexico,NA,Baja California,3167289,215,52,4370,959
2020-05-19,Mexico,NA,Baja California,3167289,156,33,4526,992
2020-05-20,Mexico,NA,Baja California,3167289,170,41,4696,1033
2020-05-21,Mexico,NA,Baja California,3167289,230,21,4926,1054
2020-05-22,Mexico,NA,Baja California,3167289,208,26,5134,1080
2020-05-23,Mexico,NA,Baja California,3167289,66,27,5200,1107
2020-05-24,Mexico,NA,Baja California,3167289,79,31,5279,1138
2020-05-25,Mexico,NA,Baja California,3167289,136,32,5415,1170
2020-05-26,Mexico,NA,Baja California,3167289,134,29,5549,1199
2020-05-27,Mexico,NA,Baja California,3167289,130,29,5679,1228
2020-05-28,Mexico,NA,Baja California,3167289,117,37,5796,1265
2020-05-29,Mexico,NA,Baja California,3167289,115,18,5911,1283
2020-05-30,Mexico,NA,Baja California,3167289,84,33,5995,1316
2020-05-31,Mexico,NA,Baja California,3167289,71,29,6066,1345
2020-06-01,Mexico,NA,Baja California,3167289,152,32,6218,1377
2020-06-02,Mexico,NA,Baja California,3167289,169,29,6387,1406
2020-06-03,Mexico,NA,Baja California,3167289,162,25,6549,1431
2020-06-04,Mexico,NA,Baja California,3167289,147,28,6696,1459
2020-06-05,Mexico,NA,Baja California,3167289,152,26,6848,1485
2020-06-06,Mexico,NA,Baja California,3167289,103,39,6951,1524
2020-06-07,Mexico,NA,Baja California,3167289,68,28,7019,1552
2020-06-08,Mexico,NA,Baja California,3167289,171,30,7190,1582
2020-06-09,Mexico,NA,Baja California,3167289,172,18,7362,1600
2020-06-10,Mexico,NA,Baja California,3167289,145,29,7507,1629
2020-06-11,Mexico,NA,Baja California,3167289,148,22,7655,1651
2020-06-12,Mexico,NA,Baja California,3167289,110,32,7765,1683
2020-06-13,Mexico,NA,Baja California,3167289,87,27,7852,1710
2020-06-14,Mexico,NA,Baja California,3167289,93,30,7945,1740
2020-06-15,Mexico,NA,Baja California,3167289,177,22,8122,1762
2020-06-16,Mexico,NA,Baja California,3167289,187,18,8309,1780
2020-06-17,Mexico,NA,Baja California,3167289,150,29,8459,1809
2020-06-18,Mexico,NA,Baja California,3167289,143,24,8602,1833
2020-06-19,Mexico,NA,Baja California,3167289,175,22,8777,1855
2020-06-20,Mexico,NA,Baja California,3167289,84,13,8861,1868
2020-06-21,Mexico,NA,Baja California,3167289,62,19,8923,1887
2020-06-22,Mexico,NA,Baja California,3167289,208,23,9131,1910
2020-06-23,Mexico,NA,Baja California,3167289,195,24,9326,1934
2020-06-24,Mexico,NA,Baja California,3167289,178,24,9504,1958
2020-06-25,Mexico,NA,Baja California,3167289,173,25,9677,1983
2020-06-26,Mexico,NA,Baja California,3167289,171,25,9848,2008
2020-06-27,Mexico,NA,Baja California,3167289,110,20,9958,2028
2020-06-28,Mexico,NA,Baja California,3167289,62,16,10020,2044
2020-06-29,Mexico,NA,Baja California,3167289,206,28,10226,2072
2020-06-30,Mexico,NA,Baja California,3167289,194,31,10420,2103
2020-07-01,Mexico,NA,Baja California,3167289,174,22,10594,2125
2020-07-02,Mexico,NA,Baja California,3167289,190,24,10784,2149
2020-07-03,Mexico,NA,Baja California,3167289,162,27,10946,2176
2020-07-04,Mexico,NA,Baja California,3167289,71,27,11017,2203
2020-07-05,Mexico,NA,Baja California,3167289,91,33,11108,2236
2020-07-06,Mexico,NA,Baja California,3167289,209,43,11317,2279
2020-07-07,Mexico,NA,Baja California,3167289,208,27,11525,2306
2020-07-08,Mexico,NA,Baja California,3167289,209,23,11734,2329
2020-07-09,Mexico,NA,Baja California,3167289,158,21,11892,2350
2020-07-10,Mexico,NA,Baja California,3167289,126,27,12018,2377
2020-07-11,Mexico,NA,Baja California,3167289,55,24,12073,2401
2020-07-12,Mexico,NA,Baja California,3167289,72,23,12145,2424
2020-07-13,Mexico,NA,Baja California,3167289,145,17,12290,2441
2020-07-14,Mexico,NA,Baja California,3167289,157,18,12447,2459
2020-07-15,Mexico,NA,Baja California,3167289,165,8,12612,2467
2020-07-16,Mexico,NA,Baja California,3167289,149,23,12761,2490
2020-07-17,Mexico,NA,Baja California,3167289,127,26,12888,2516
2020-07-18,Mexico,NA,Baja California,3167289,77,17,12965,2533
2020-07-19,Mexico,NA,Baja California,3167289,89,23,13054,2556
2020-07-20,Mexico,NA,Baja California,3167289,149,24,13203,2580
2020-07-21,Mexico,NA,Baja California,3167289,131,17,13334,2597
2020-07-22,Mexico,NA,Baja California,3167289,130,20,13464,2617
2020-07-23,Mexico,NA,Baja California,3167289,113,22,13577,2639
2020-07-24,Mexico,NA,Baja California,3167289,125,15,13702,2654
2020-07-25,Mexico,NA,Baja California,3167289,77,27,13779,2681
2020-07-26,Mexico,NA,Baja California,3167289,57,16,13836,2697
2020-07-27,Mexico,NA,Baja California,3167289,132,22,13968,2719
2020-07-28,Mexico,NA,Baja California,3167289,119,20,14087,2739
2020-07-29,Mexico,NA,Baja California,3167289,115,14,14202,2753
2020-07-30,Mexico,NA,Baja California,3167289,130,22,14332,2775
2020-07-31,Mexico,NA,Baja California,3167289,114,15,14446,2790
2020-08-01,Mexico,NA,Baja California,3167289,60,13,14506,2803
2020-08-02,Mexico,NA,Baja California,3167289,62,15,14568,2818
2020-08-03,Mexico,NA,Baja California,3167289,142,21,14710,2839
2020-08-04,Mexico,NA,Baja California,3167289,139,29,14849,2868
2020-08-05,Mexico,NA,Baja California,3167289,107,13,14956,2881
2020-08-06,Mexico,NA,Baja California,3167289,110,9,15066,2890
2020-08-07,Mexico,NA,Baja California,3167289,91,13,15157,2903
2020-08-08,Mexico,NA,Baja California,3167289,60,19,15217,2922
2020-08-09,Mexico,NA,Baja California,3167289,45,7,15262,2929
2020-08-10,Mexico,NA,Baja California,3167289,157,16,15419,2945
2020-08-11,Mexico,NA,Baja California,3167289,106,21,15525,2966
2020-08-12,Mexico,NA,Baja California,3167289,104,6,15629,2972
2020-08-13,Mexico,NA,Baja California,3167289,102,11,15731,2983
2020-08-14,Mexico,NA,Baja California,3167289,92,17,15823,3000
2020-08-15,Mexico,NA,Baja California,3167289,39,11,15862,3011
2020-08-16,Mexico,NA,Baja California,3167289,44,16,15906,3027
2020-08-17,Mexico,NA,Baja California,3167289,159,26,16065,3053
2020-08-18,Mexico,NA,Baja California,3167289,121,16,16186,3069
2020-08-19,Mexico,NA,Baja California,3167289,119,12,16305,3081
2020-08-20,Mexico,NA,Baja California,3167289,131,11,16436,3092
2020-08-21,Mexico,NA,Baja California,3167289,92,13,16528,3105
2020-08-22,Mexico,NA,Baja California,3167289,40,14,16568,3119
2020-08-23,Mexico,NA,Baja California,3167289,37,13,16605,3132
2020-08-24,Mexico,NA,Baja California,3167289,122,15,16727,3147
2020-08-25,Mexico,NA,Baja California,3167289,71,9,16798,3156
2020-08-26,Mexico,NA,Baja California,3167289,38,4,16836,3160
2020-08-27,Mexico,NA,Baja California,3167289,23,5,16859,3165
2020-08-28,Mexico,NA,Baja California,3167289,14,11,16873,3176
2020-08-29,Mexico,NA,Baja California,3167289,2,5,16875,3181
2020-04-06,Mexico,NA,Baja California Sur,646618,23,0,107,4
2020-04-07,Mexico,NA,Baja California Sur,646618,24,0,131,4
2020-04-08,Mexico,NA,Baja California Sur,646618,24,1,155,5
2020-04-09,Mexico,NA,Baja California Sur,646618,22,0,177,5
2020-04-10,Mexico,NA,Baja California Sur,646618,9,0,186,5
2020-04-11,Mexico,NA,Baja California Sur,646618,7,1,193,6
2020-04-12,Mexico,NA,Baja California Sur,646618,5,1,198,7
2020-04-13,Mexico,NA,Baja California Sur,646618,14,1,212,8
2020-04-14,Mexico,NA,Baja California Sur,646618,17,0,229,8
2020-04-15,Mexico,NA,Baja California Sur,646618,5,0,234,8
2020-04-16,Mexico,NA,Baja California Sur,646618,9,1,243,9
2020-04-17,Mexico,NA,Baja California Sur,646618,6,1,249,10
2020-04-18,Mexico,NA,Baja California Sur,646618,3,0,252,10
2020-04-19,Mexico,NA,Baja California Sur,646618,8,0,260,10
2020-04-20,Mexico,NA,Baja California Sur,646618,7,1,267,11
2020-04-21,Mexico,NA,Baja California Sur,646618,12,1,279,12
2020-04-22,Mexico,NA,Baja California Sur,646618,5,2,284,14
2020-04-23,Mexico,NA,Baja California Sur,646618,9,0,293,14
2020-04-24,Mexico,NA,Baja California Sur,646618,13,1,306,15
2020-04-25,Mexico,NA,Baja California Sur,646618,5,0,311,15
2020-04-26,Mexico,NA,Baja California Sur,646618,7,2,318,17
2020-04-27,Mexico,NA,Baja California Sur,646618,10,0,328,17
2020-04-28,Mexico,NA,Baja California Sur,646618,4,1,332,18
2020-04-29,Mexico,NA,Baja California Sur,646618,4,1,336,19
2020-04-30,Mexico,NA,Baja California Sur,646618,14,0,350,19
2020-05-01,Mexico,NA,Baja California Sur,646618,2,0,352,19
2020-05-02,Mexico,NA,Baja California Sur,646618,9,0,361,19
2020-05-03,Mexico,NA,Baja California Sur,646618,6,1,367,20
2020-05-04,Mexico,NA,Baja California Sur,646618,7,1,374,21
2020-05-05,Mexico,NA,Baja California Sur,646618,12,0,386,21
2020-05-06,Mexico,NA,Baja California Sur,646618,10,2,396,23
2020-05-07,Mexico,NA,Baja California Sur,646618,11,0,407,23
2020-05-08,Mexico,NA,Baja California Sur,646618,9,2,416,25
2020-05-09,Mexico,NA,Baja California Sur,646618,6,0,422,25
2020-05-10,Mexico,NA,Baja California Sur,646618,10,2,432,27
2020-05-11,Mexico,NA,Baja California Sur,646618,7,1,439,28
2020-05-12,Mexico,NA,Baja California Sur,646618,16,0,455,28
2020-05-13,Mexico,NA,Baja California Sur,646618,13,1,468,29
2020-05-14,Mexico,NA,Baja California Sur,646618,8,1,476,30
2020-05-15,Mexico,NA,Baja California Sur,646618,5,0,481,30
2020-05-16,Mexico,NA,Baja California Sur,646618,11,1,492,31
2020-05-17,Mexico,NA,Baja California Sur,646618,3,1,495,32
2020-05-18,Mexico,NA,Baja California Sur,646618,11,1,506,33
2020-05-19,Mexico,NA,Baja California Sur,646618,15,0,521,33
2020-05-20,Mexico,NA,Baja California Sur,646618,17,1,538,34
2020-05-21,Mexico,NA,Baja California Sur,646618,8,0,546,34
2020-05-22,Mexico,NA,Baja California Sur,646618,15,1,561,35
2020-05-23,Mexico,NA,Baja California Sur,646618,7,0,568,35
2020-05-24,Mexico,NA,Baja California Sur,646618,9,1,577,36
2020-05-25,Mexico,NA,Baja California Sur,646618,16,0,593,36
2020-05-26,Mexico,NA,Baja California Sur,646618,14,1,607,37
2020-05-27,Mexico,NA,Baja California Sur,646618,22,2,629,39
2020-05-28,Mexico,NA,Baja California Sur,646618,18,0,647,39
2020-05-29,Mexico,NA,Baja California Sur,646618,22,1,669,40
2020-05-30,Mexico,NA,Baja California Sur,646618,13,0,682,40
2020-05-31,Mexico,NA,Baja California Sur,646618,8,0,690,40
2020-06-01,Mexico,NA,Baja California Sur,646618,36,1,726,41
2020-06-02,Mexico,NA,Baja California Sur,646618,18,1,744,42
2020-06-03,Mexico,NA,Baja California Sur,646618,16,2,760,44
2020-06-04,Mexico,NA,Baja California Sur,646618,22,3,782,47
2020-06-05,Mexico,NA,Baja California Sur,646618,22,3,804,50
2020-06-06,Mexico,NA,Baja California Sur,646618,14,0,818,50
2020-06-07,Mexico,NA,Baja California Sur,646618,20,0,838,50
2020-06-08,Mexico,NA,Baja California Sur,646618,53,0,891,50
2020-06-09,Mexico,NA,Baja California Sur,646618,38,1,929,51
2020-06-10,Mexico,NA,Baja California Sur,646618,47,0,976,51
2020-06-11,Mexico,NA,Baja California Sur,646618,29,2,1005,53
2020-06-12,Mexico,NA,Baja California Sur,646618,25,2,1030,55
2020-06-13,Mexico,NA,Baja California Sur,646618,22,2,1052,57
2020-06-14,Mexico,NA,Baja California Sur,646618,21,4,1073,61
2020-06-15,Mexico,NA,Baja California Sur,646618,52,4,1125,65
2020-06-16,Mexico,NA,Baja California Sur,646618,30,1,1155,66
2020-06-17,Mexico,NA,Baja California Sur,646618,47,1,1202,67
2020-06-18,Mexico,NA,Baja California Sur,646618,48,1,1250,68
2020-06-19,Mexico,NA,Baja California Sur,646618,19,1,1269,69
2020-06-20,Mexico,NA,Baja California Sur,646618,35,2,1304,71
2020-06-21,Mexico,NA,Baja California Sur,646618,17,0,1321,71
2020-06-22,Mexico,NA,Baja California Sur,646618,33,1,1354,72
2020-06-23,Mexico,NA,Baja California Sur,646618,47,1,1401,73
2020-06-24,Mexico,NA,Baja California Sur,646618,53,1,1454,74
2020-06-25,Mexico,NA,Baja California Sur,646618,54,1,1508,75
2020-06-26,Mexico,NA,Baja California Sur,646618,41,1,1549,76
2020-06-27,Mexico,NA,Baja California Sur,646618,45,3,1594,79
2020-06-28,Mexico,NA,Baja California Sur,646618,35,0,1629,79
2020-06-29,Mexico,NA,Baja California Sur,646618,66,1,1695,80
2020-06-30,Mexico,NA,Baja California Sur,646618,58,4,1753,84
2020-07-01,Mexico,NA,Baja California Sur,646618,73,1,1826,85
2020-07-02,Mexico,NA,Baja California Sur,646618,70,5,1896,90
2020-07-03,Mexico,NA,Baja California Sur,646618,64,4,1960,94
2020-07-04,Mexico,NA,Baja California Sur,646618,57,1,2017,95
2020-07-05,Mexico,NA,Baja California Sur,646618,49,2,2066,97
2020-07-06,Mexico,NA,Baja California Sur,646618,89,2,2155,99
2020-07-07,Mexico,NA,Baja California Sur,646618,113,0,2268,99
2020-07-08,Mexico,NA,Baja California Sur,646618,93,1,2361,100
2020-07-09,Mexico,NA,Baja California Sur,646618,126,3,2487,103
2020-07-10,Mexico,NA,Baja California Sur,646618,118,3,2605,106
2020-07-11,Mexico,NA,Baja California Sur,646618,38,4,2643,110
2020-07-12,Mexico,NA,Baja California Sur,646618,49,5,2692,115
2020-07-13,Mexico,NA,Baja California Sur,646618,129,4,2821,119
2020-07-14,Mexico,NA,Baja California Sur,646618,121,4,2942,123
2020-07-15,Mexico,NA,Baja California Sur,646618,132,3,3074,126
2020-07-16,Mexico,NA,Baja California Sur,646618,117,2,3191,128
2020-07-17,Mexico,NA,Baja California Sur,646618,90,7,3281,135
2020-07-18,Mexico,NA,Baja California Sur,646618,61,2,3342,137
2020-07-19,Mexico,NA,Baja California Sur,646618,39,3,3381,140
2020-07-20,Mexico,NA,Baja California Sur,646618,154,4,3535,144
2020-07-21,Mexico,NA,Baja California Sur,646618,111,4,3646,148
2020-07-22,Mexico,NA,Baja California Sur,646618,115,5,3761,153
2020-07-23,Mexico,NA,Baja California Sur,646618,142,4,3903,157
2020-07-24,Mexico,NA,Baja California Sur,646618,105,7,4008,164
2020-07-25,Mexico,NA,Baja California Sur,646618,67,3,4075,167
2020-07-26,Mexico,NA,Baja California Sur,646618,39,7,4114,174
2020-07-27,Mexico,NA,Baja California Sur,646618,173,5,4287,179
2020-07-28,Mexico,NA,Baja California Sur,646618,152,6,4439,185
2020-07-29,Mexico,NA,Baja California Sur,646618,120,8,4559,193
2020-07-30,Mexico,NA,Baja California Sur,646618,153,8,4712,201
2020-07-31,Mexico,NA,Baja California Sur,646618,99,3,4811,204
2020-08-01,Mexico,NA,Baja California Sur,646618,64,5,4875,209
2020-08-02,Mexico,NA,Baja California Sur,646618,40,4,4915,213
2020-08-03,Mexico,NA,Baja California Sur,646618,163,3,5078,216
2020-08-04,Mexico,NA,Baja California Sur,646618,146,4,5224,220
2020-08-05,Mexico,NA,Baja California Sur,646618,152,4,5376,224
2020-08-06,Mexico,NA,Baja California Sur,646618,123,1,5499,225
2020-08-07,Mexico,NA,Baja California Sur,646618,112,6,5611,231
2020-08-08,Mexico,NA,Baja California Sur,646618,82,7,5693,238
2020-08-09,Mexico,NA,Baja California Sur,646618,45,8,5738,246
2020-08-10,Mexico,NA,Baja California Sur,646618,140,5,5878,251
2020-08-11,Mexico,NA,Baja California Sur,646618,121,12,5999,263
2020-08-12,Mexico,NA,Baja California Sur,646618,129,6,6128,269
2020-08-13,Mexico,NA,Baja California Sur,646618,139,3,6267,272
2020-08-14,Mexico,NA,Baja California Sur,646618,132,9,6399,281
2020-08-15,Mexico,NA,Baja California Sur,646618,57,5,6456,286
2020-08-16,Mexico,NA,Baja California Sur,646618,47,6,6503,292
2020-08-17,Mexico,NA,Baja California Sur,646618,144,7,6647,299
2020-08-18,Mexico,NA,Baja California Sur,646618,140,12,6787,311
2020-08-19,Mexico,NA,Baja California Sur,646618,95,5,6882,316
2020-08-20,Mexico,NA,Baja California Sur,646618,35,6,6917,322
2020-08-21,Mexico,NA,Baja California Sur,646618,79,6,6996,328
2020-08-22,Mexico,NA,Baja California Sur,646618,73,4,7069,332
2020-08-23,Mexico,NA,Baja California Sur,646618,49,4,7118,336
2020-08-24,Mexico,NA,Baja California Sur,646618,143,6,7261,342
2020-08-25,Mexico,NA,Baja California Sur,646618,94,5,7355,347
2020-08-26,Mexico,NA,Baja California Sur,646618,87,1,7442,348
2020-08-27,Mexico,NA,Baja California Sur,646618,93,2,7535,350
2020-08-28,Mexico,NA,Baja California Sur,646618,42,2,7577,352
2020-08-29,Mexico,NA,Baja California Sur,646618,47,0,7624,352
2020-04-28,Mexico,NA,Campeche,831433,6,0,104,17
2020-04-29,Mexico,NA,Campeche,831433,8,3,112,20
2020-04-30,Mexico,NA,Campeche,831433,8,0,120,20
2020-05-01,Mexico,NA,Campeche,831433,6,2,126,22
2020-05-02,Mexico,NA,Campeche,831433,11,2,137,24
2020-05-03,Mexico,NA,Campeche,831433,11,1,148,25
2020-05-04,Mexico,NA,Campeche,831433,18,0,166,25
2020-05-05,Mexico,NA,Campeche,831433,9,1,175,26
2020-05-06,Mexico,NA,Campeche,831433,16,1,191,27
2020-05-07,Mexico,NA,Campeche,831433,11,1,202,28
2020-05-08,Mexico,NA,Campeche,831433,14,1,216,29
2020-05-09,Mexico,NA,Campeche,831433,14,3,230,32
2020-05-10,Mexico,NA,Campeche,831433,7,1,237,33
2020-05-11,Mexico,NA,Campeche,831433,24,2,261,35
2020-05-12,Mexico,NA,Campeche,831433,20,2,281,37
2020-05-13,Mexico,NA,Campeche,831433,16,1,297,38
2020-05-14,Mexico,NA,Campeche,831433,12,4,309,42
2020-05-15,Mexico,NA,Campeche,831433,15,5,324,47
2020-05-16,Mexico,NA,Campeche,831433,15,3,339,50
2020-05-17,Mexico,NA,Campeche,831433,15,2,354,52
2020-05-18,Mexico,NA,Campeche,831433,17,2,371,54
2020-05-19,Mexico,NA,Campeche,831433,21,2,392,56
2020-05-20,Mexico,NA,Campeche,831433,24,4,416,60
2020-05-21,Mexico,NA,Campeche,831433,16,1,432,61
2020-05-22,Mexico,NA,Campeche,831433,25,1,457,62
2020-05-23,Mexico,NA,Campeche,831433,17,1,474,63
2020-05-24,Mexico,NA,Campeche,831433,14,5,488,68
2020-05-25,Mexico,NA,Campeche,831433,33,3,521,71
2020-05-26,Mexico,NA,Campeche,831433,35,3,556,74
2020-05-27,Mexico,NA,Campeche,831433,31,1,587,75
2020-05-28,Mexico,NA,Campeche,831433,29,4,616,79
2020-05-29,Mexico,NA,Campeche,831433,20,3,636,82
2020-05-30,Mexico,NA,Campeche,831433,19,2,655,84
2020-05-31,Mexico,NA,Campeche,831433,7,0,662,84
2020-06-01,Mexico,NA,Campeche,831433,38,2,700,86
2020-06-02,Mexico,NA,Campeche,831433,23,4,723,90
2020-06-03,Mexico,NA,Campeche,831433,19,3,742,93
2020-06-04,Mexico,NA,Campeche,831433,39,2,781,95
2020-06-05,Mexico,NA,Campeche,831433,41,2,822,97
2020-06-06,Mexico,NA,Campeche,831433,24,2,846,99
2020-06-07,Mexico,NA,Campeche,831433,23,6,869,105
2020-06-08,Mexico,NA,Campeche,831433,42,9,911,114
2020-06-09,Mexico,NA,Campeche,831433,59,3,970,117
2020-06-10,Mexico,NA,Campeche,831433,69,2,1039,119
2020-06-11,Mexico,NA,Campeche,831433,74,2,1113,121
2020-06-12,Mexico,NA,Campeche,831433,34,2,1147,123
2020-06-13,Mexico,NA,Campeche,831433,27,6,1174,129
2020-06-14,Mexico,NA,Campeche,831433,21,5,1195,134
2020-06-15,Mexico,NA,Campeche,831433,98,6,1293,140
2020-06-16,Mexico,NA,Campeche,831433,81,3,1374,143
2020-06-17,Mexico,NA,Campeche,831433,104,8,1478,151
2020-06-18,Mexico,NA,Campeche,831433,87,2,1565,153
2020-06-19,Mexico,NA,Campeche,831433,99,4,1664,157
2020-06-20,Mexico,NA,Campeche,831433,54,9,1718,166
2020-06-21,Mexico,NA,Campeche,831433,38,4,1756,170
2020-06-22,Mexico,NA,Campeche,831433,104,5,1860,175
2020-06-23,Mexico,NA,Campeche,831433,92,10,1952,185
2020-06-24,Mexico,NA,Campeche,831433,86,8,2038,193
2020-06-25,Mexico,NA,Campeche,831433,90,5,2128,198
2020-06-26,Mexico,NA,Campeche,831433,94,9,2222,207
2020-06-27,Mexico,NA,Campeche,831433,52,15,2274,222
2020-06-28,Mexico,NA,Campeche,831433,47,13,2321,235
2020-06-29,Mexico,NA,Campeche,831433,69,10,2390,245
2020-06-30,Mexico,NA,Campeche,831433,89,6,2479,251
2020-07-01,Mexico,NA,Campeche,831433,70,12,2549,263
2020-07-02,Mexico,NA,Campeche,831433,92,8,2641,271
2020-07-03,Mexico,NA,Campeche,831433,59,11,2700,282
2020-07-04,Mexico,NA,Campeche,831433,32,9,2732,291
2020-07-05,Mexico,NA,Campeche,831433,36,7,2768,298
2020-07-06,Mexico,NA,Campeche,831433,80,12,2848,310
2020-07-07,Mexico,NA,Campeche,831433,90,16,2938,326
2020-07-08,Mexico,NA,Campeche,831433,90,11,3028,337
2020-07-09,Mexico,NA,Campeche,831433,97,13,3125,350
2020-07-10,Mexico,NA,Campeche,831433,107,17,3232,367
2020-07-11,Mexico,NA,Campeche,831433,51,13,3283,380
2020-07-12,Mexico,NA,Campeche,831433,54,10,3337,390
2020-07-13,Mexico,NA,Campeche,831433,104,11,3441,401
2020-07-14,Mexico,NA,Campeche,831433,63,10,3504,411
2020-07-15,Mexico,NA,Campeche,831433,114,7,3618,418
2020-07-16,Mexico,NA,Campeche,831433,105,15,3723,433
2020-07-17,Mexico,NA,Campeche,831433,89,9,3812,442
2020-07-18,Mexico,NA,Campeche,831433,45,9,3857,451
2020-07-19,Mexico,NA,Campeche,831433,45,14,3902,465
2020-07-20,Mexico,NA,Campeche,831433,104,9,4006,474
2020-07-21,Mexico,NA,Campeche,831433,98,13,4104,487
2020-07-22,Mexico,NA,Campeche,831433,84,8,4188,495
2020-07-23,Mexico,NA,Campeche,831433,79,6,4267,501
2020-07-24,Mexico,NA,Campeche,831433,79,9,4346,510
2020-07-25,Mexico,NA,Campeche,831433,34,10,4380,520
2020-07-26,Mexico,NA,Campeche,831433,24,15,4404,535
2020-07-27,Mexico,NA,Campeche,831433,66,9,4470,544
2020-07-28,Mexico,NA,Campeche,831433,85,8,4555,552
2020-07-29,Mexico,NA,Campeche,831433,67,13,4622,565
2020-07-30,Mexico,NA,Campeche,831433,61,4,4683,569
2020-07-31,Mexico,NA,Campeche,831433,53,10,4736,579
2020-08-01,Mexico,NA,Campeche,831433,31,11,4767,590
2020-08-02,Mexico,NA,Campeche,831433,30,12,4797,602
2020-08-03,Mexico,NA,Campeche,831433,49,17,4846,619
2020-08-04,Mexico,NA,Campeche,831433,65,7,4911,626
2020-08-05,Mexico,NA,Campeche,831433,49,8,4960,634
2020-08-06,Mexico,NA,Campeche,831433,46,12,5006,646
2020-08-07,Mexico,NA,Campeche,831433,23,4,5029,650
2020-08-08,Mexico,NA,Campeche,831433,17,6,5046,656
2020-08-09,Mexico,NA,Campeche,831433,15,9,5061,665
2020-08-10,Mexico,NA,Campeche,831433,40,5,5101,670
2020-08-11,Mexico,NA,Campeche,831433,24,7,5125,677
2020-08-12,Mexico,NA,Campeche,831433,34,5,5159,682
2020-08-13,Mexico,NA,Campeche,831433,36,6,5195,688
2020-08-14,Mexico,NA,Campeche,831433,13,7,5208,695
2020-08-15,Mexico,NA,Campeche,831433,13,8,5221,703
2020-08-16,Mexico,NA,Campeche,831433,10,3,5231,706
2020-08-17,Mexico,NA,Campeche,831433,30,6,5261,712
2020-08-18,Mexico,NA,Campeche,831433,43,2,5304,714
2020-08-19,Mexico,NA,Campeche,831433,31,4,5335,718
2020-08-20,Mexico,NA,Campeche,831433,24,1,5359,719
2020-08-21,Mexico,NA,Campeche,831433,62,3,5421,722
2020-08-22,Mexico,NA,Campeche,831433,13,4,5434,726
2020-08-23,Mexico,NA,Campeche,831433,10,4,5444,730
2020-08-24,Mexico,NA,Campeche,831433,31,1,5475,731
2020-08-25,Mexico,NA,Campeche,831433,29,1,5504,732
2020-08-26,Mexico,NA,Campeche,831433,20,3,5524,735
2020-08-27,Mexico,NA,Campeche,831433,23,1,5547,736
2020-08-28,Mexico,NA,Campeche,831433,33,0,5580,736
2020-08-29,Mexico,NA,Campeche,831433,6,1,5586,737
2020-04-21,Mexico,NA,Chiapas,4848676,9,0,109,5
2020-04-22,Mexico,NA,Chiapas,4848676,11,1,120,6
2020-04-23,Mexico,NA,Chiapas,4848676,15,1,135,7
2020-04-24,Mexico,NA,Chiapas,4848676,13,0,148,7
2020-04-25,Mexico,NA,Chiapas,4848676,9,0,157,7
2020-04-26,Mexico,NA,Chiapas,4848676,12,0,169,7
2020-04-27,Mexico,NA,Chiapas,4848676,21,1,190,8
2020-04-28,Mexico,NA,Chiapas,4848676,9,1,199,9
2020-04-29,Mexico,NA,Chiapas,4848676,19,1,218,10
2020-04-30,Mexico,NA,Chiapas,4848676,13,1,231,11
2020-05-01,Mexico,NA,Chiapas,4848676,18,1,249,12
2020-05-02,Mexico,NA,Chiapas,4848676,9,4,258,16
2020-05-03,Mexico,NA,Chiapas,4848676,14,0,272,16
2020-05-04,Mexico,NA,Chiapas,4848676,31,0,303,16
2020-05-05,Mexico,NA,Chiapas,4848676,27,3,330,19
2020-05-06,Mexico,NA,Chiapas,4848676,35,1,365,20
2020-05-07,Mexico,NA,Chiapas,4848676,34,1,399,21
2020-05-08,Mexico,NA,Chiapas,4848676,34,2,433,23
2020-05-09,Mexico,NA,Chiapas,4848676,23,4,456,27
2020-05-10,Mexico,NA,Chiapas,4848676,21,7,477,34
2020-05-11,Mexico,NA,Chiapas,4848676,32,5,509,39
2020-05-12,Mexico,NA,Chiapas,4848676,46,5,555,44
2020-05-13,Mexico,NA,Chiapas,4848676,67,5,622,49
2020-05-14,Mexico,NA,Chiapas,4848676,66,3,688,52
2020-05-15,Mexico,NA,Chiapas,4848676,82,2,770,54
2020-05-16,Mexico,NA,Chiapas,4848676,40,3,810,57
2020-05-17,Mexico,NA,Chiapas,4848676,34,6,844,63
2020-05-18,Mexico,NA,Chiapas,4848676,93,5,937,68
2020-05-19,Mexico,NA,Chiapas,4848676,64,11,1001,79
2020-05-20,Mexico,NA,Chiapas,4848676,74,6,1075,85
2020-05-21,Mexico,NA,Chiapas,4848676,104,2,1179,87
2020-05-22,Mexico,NA,Chiapas,4848676,99,10,1278,97
2020-05-23,Mexico,NA,Chiapas,4848676,55,8,1333,105
2020-05-24,Mexico,NA,Chiapas,4848676,50,11,1383,116
2020-05-25,Mexico,NA,Chiapas,4848676,146,13,1529,129
2020-05-26,Mexico,NA,Chiapas,4848676,132,4,1661,133
2020-05-27,Mexico,NA,Chiapas,4848676,125,11,1786,144
2020-05-28,Mexico,NA,Chiapas,4848676,142,13,1928,157
2020-05-29,Mexico,NA,Chiapas,4848676,126,12,2054,169
2020-05-30,Mexico,NA,Chiapas,4848676,70,14,2124,183
2020-05-31,Mexico,NA,Chiapas,4848676,70,11,2194,194
2020-06-01,Mexico,NA,Chiapas,4848676,146,15,2340,209
2020-06-02,Mexico,NA,Chiapas,4848676,144,25,2484,234
2020-06-03,Mexico,NA,Chiapas,4848676,114,22,2598,256
2020-06-04,Mexico,NA,Chiapas,4848676,109,16,2707,272
2020-06-05,Mexico,NA,Chiapas,4848676,128,19,2835,291
2020-06-06,Mexico,NA,Chiapas,4848676,70,10,2905,301
2020-06-07,Mexico,NA,Chiapas,4848676,73,24,2978,325
2020-06-08,Mexico,NA,Chiapas,4848676,140,26,3118,351
2020-06-09,Mexico,NA,Chiapas,4848676,129,26,3247,377
2020-06-10,Mexico,NA,Chiapas,4848676,110,15,3357,392
2020-06-11,Mexico,NA,Chiapas,4848676,95,11,3452,403
2020-06-12,Mexico,NA,Chiapas,4848676,105,23,3557,426
2020-06-13,Mexico,NA,Chiapas,4848676,68,13,3625,439
2020-06-14,Mexico,NA,Chiapas,4848676,60,12,3685,451
2020-06-15,Mexico,NA,Chiapas,4848676,95,15,3780,466
2020-06-16,Mexico,NA,Chiapas,4848676,91,21,3871,487
2020-06-17,Mexico,NA,Chiapas,4848676,113,14,3984,501
2020-06-18,Mexico,NA,Chiapas,4848676,94,15,4078,516
2020-06-19,Mexico,NA,Chiapas,4848676,82,11,4160,527
2020-06-20,Mexico,NA,Chiapas,4848676,53,12,4213,539
2020-06-21,Mexico,NA,Chiapas,4848676,39,10,4252,549
2020-06-22,Mexico,NA,Chiapas,4848676,95,17,4347,566
2020-06-23,Mexico,NA,Chiapas,4848676,86,17,4433,583
2020-06-24,Mexico,NA,Chiapas,4848676,97,22,4530,605
2020-06-25,Mexico,NA,Chiapas,4848676,89,12,4619,617
2020-06-26,Mexico,NA,Chiapas,4848676,84,16,4703,633
2020-06-27,Mexico,NA,Chiapas,4848676,42,13,4745,646
2020-06-28,Mexico,NA,Chiapas,4848676,45,26,4790,672
2020-06-29,Mexico,NA,Chiapas,4848676,68,11,4858,683
2020-06-30,Mexico,NA,Chiapas,4848676,54,18,4912,701
2020-07-01,Mexico,NA,Chiapas,4848676,63,11,4975,712
2020-07-02,Mexico,NA,Chiapas,4848676,53,8,5028,720
2020-07-03,Mexico,NA,Chiapas,4848676,62,12,5090,732
2020-07-04,Mexico,NA,Chiapas,4848676,42,15,5132,747
2020-07-05,Mexico,NA,Chiapas,4848676,23,18,5155,765
2020-07-06,Mexico,NA,Chiapas,4848676,43,9,5198,774
2020-07-07,Mexico,NA,Chiapas,4848676,44,18,5242,792
2020-07-08,Mexico,NA,Chiapas,4848676,33,11,5275,803
2020-07-09,Mexico,NA,Chiapas,4848676,30,12,5305,815
2020-07-10,Mexico,NA,Chiapas,4848676,41,14,5346,829
2020-07-11,Mexico,NA,Chiapas,4848676,21,13,5367,842
2020-07-12,Mexico,NA,Chiapas,4848676,25,16,5392,858
2020-07-13,Mexico,NA,Chiapas,4848676,37,10,5429,868
2020-07-14,Mexico,NA,Chiapas,4848676,26,14,5455,882
2020-07-15,Mexico,NA,Chiapas,4848676,29,11,5484,893
2020-07-16,Mexico,NA,Chiapas,4848676,23,11,5507,904
2020-07-17,Mexico,NA,Chiapas,4848676,30,10,5537,914
2020-07-18,Mexico,NA,Chiapas,4848676,10,8,5547,922
2020-07-19,Mexico,NA,Chiapas,4848676,29,2,5576,924
2020-07-20,Mexico,NA,Chiapas,4848676,32,10,5608,934
2020-07-21,Mexico,NA,Chiapas,4848676,21,7,5629,941
2020-07-22,Mexico,NA,Chiapas,4848676,22,6,5651,947
2020-07-23,Mexico,NA,Chiapas,4848676,18,3,5669,950
2020-07-24,Mexico,NA,Chiapas,4848676,33,5,5702,955
2020-07-25,Mexico,NA,Chiapas,4848676,13,3,5715,958
2020-07-26,Mexico,NA,Chiapas,4848676,14,3,5729,961
2020-07-27,Mexico,NA,Chiapas,4848676,22,6,5751,967
2020-07-28,Mexico,NA,Chiapas,4848676,26,3,5777,970
2020-07-29,Mexico,NA,Chiapas,4848676,20,7,5797,977
2020-07-30,Mexico,NA,Chiapas,4848676,18,4,5815,981
2020-07-31,Mexico,NA,Chiapas,4848676,27,6,5842,987
2020-08-01,Mexico,NA,Chiapas,4848676,15,8,5857,995
2020-08-02,Mexico,NA,Chiapas,4848676,11,4,5868,999
2020-08-03,Mexico,NA,Chiapas,4848676,17,7,5885,1006
2020-08-04,Mexico,NA,Chiapas,4848676,30,5,5915,1011
2020-08-05,Mexico,NA,Chiapas,4848676,33,6,5948,1017
2020-08-06,Mexico,NA,Chiapas,4848676,28,2,5976,1019
2020-08-07,Mexico,NA,Chiapas,4848676,9,0,5985,1019
2020-08-08,Mexico,NA,Chiapas,4848676,7,2,5992,1021
2020-08-09,Mexico,NA,Chiapas,4848676,9,5,6001,1026
2020-08-10,Mexico,NA,Chiapas,4848676,16,4,6017,1030
2020-08-11,Mexico,NA,Chiapas,4848676,16,2,6033,1032
2020-08-12,Mexico,NA,Chiapas,4848676,12,6,6045,1038
2020-08-13,Mexico,NA,Chiapas,4848676,30,5,6075,1043
2020-08-14,Mexico,NA,Chiapas,4848676,15,1,6090,1044
2020-08-15,Mexico,NA,Chiapas,4848676,9,1,6099,1045
2020-08-16,Mexico,NA,Chiapas,4848676,7,2,6106,1047
2020-08-17,Mexico,NA,Chiapas,4848676,17,1,6123,1048
2020-08-18,Mexico,NA,Chiapas,4848676,13,2,6136,1050
2020-08-19,Mexico,NA,Chiapas,4848676,16,3,6152,1053
2020-08-20,Mexico,NA,Chiapas,4848676,22,2,6174,1055
2020-08-21,Mexico,NA,Chiapas,4848676,28,1,6202,1056
2020-08-22,Mexico,NA,Chiapas,4848676,10,1,6212,1057
2020-08-23,Mexico,NA,Chiapas,4848676,9,1,6221,1058
2020-08-24,Mexico,NA,Chiapas,4848676,9,0,6230,1058
2020-08-25,Mexico,NA,Chiapas,4848676,13,2,6243,1060
2020-08-26,Mexico,NA,Chiapas,4848676,10,1,6253,1061
2020-08-27,Mexico,NA,Chiapas,4848676,7,2,6260,1063
2020-08-28,Mexico,NA,Chiapas,4848676,4,0,6264,1063
2020-08-29,Mexico,NA,Chiapas,4848676,2,1,6266,1064
2020-08-30,Mexico,NA,Chiapas,4848676,1,0,6267,1064
2020-04-08,Mexico,NA,Chihuahua,3441447,11,6,110,18
2020-04-09,Mexico,NA,Chihuahua,3441447,11,4,121,22
2020-04-10,Mexico,NA,Chihuahua,3441447,12,1,133,23
2020-04-11,Mexico,NA,Chihuahua,3441447,18,1,151,24
2020-04-12,Mexico,NA,Chihuahua,3441447,11,4,162,28
2020-04-13,Mexico,NA,Chihuahua,3441447,20,3,182,31
2020-04-14,Mexico,NA,Chihuahua,3441447,18,2,200,33
2020-04-15,Mexico,NA,Chihuahua,3441447,26,7,226,40
2020-04-16,Mexico,NA,Chihuahua,3441447,30,2,256,42
2020-04-17,Mexico,NA,Chihuahua,3441447,21,7,277,49
2020-04-18,Mexico,NA,Chihuahua,3441447,23,5,300,54
2020-04-19,Mexico,NA,Chihuahua,3441447,23,4,323,58
2020-04-20,Mexico,NA,Chihuahua,3441447,46,9,369,67
2020-04-21,Mexico,NA,Chihuahua,3441447,41,10,410,77
2020-04-22,Mexico,NA,Chihuahua,3441447,38,7,448,84
2020-04-23,Mexico,NA,Chihuahua,3441447,58,2,506,86
2020-04-24,Mexico,NA,Chihuahua,3441447,49,14,555,100
2020-04-25,Mexico,NA,Chihuahua,3441447,39,8,594,108
2020-04-26,Mexico,NA,Chihuahua,3441447,29,5,623,113
2020-04-27,Mexico,NA,Chihuahua,3441447,58,6,681,119
2020-04-28,Mexico,NA,Chihuahua,3441447,59,6,740,125
2020-04-29,Mexico,NA,Chihuahua,3441447,68,7,808,132
2020-04-30,Mexico,NA,Chihuahua,3441447,75,10,883,142
2020-05-01,Mexico,NA,Chihuahua,3441447,50,15,933,157
2020-05-02,Mexico,NA,Chihuahua,3441447,49,6,982,163
2020-05-03,Mexico,NA,Chihuahua,3441447,31,9,1013,172
2020-05-04,Mexico,NA,Chihuahua,3441447,63,11,1076,183
2020-05-05,Mexico,NA,Chihuahua,3441447,78,5,1154,188
2020-05-06,Mexico,NA,Chihuahua,3441447,75,12,1229,200
2020-05-07,Mexico,NA,Chihuahua,3441447,64,17,1293,217
2020-05-08,Mexico,NA,Chihuahua,3441447,57,11,1350,228
2020-05-09,Mexico,NA,Chihuahua,3441447,44,11,1394,239
2020-05-10,Mexico,NA,Chihuahua,3441447,51,13,1445,252
2020-05-11,Mexico,NA,Chihuahua,3441447,71,8,1516,260
2020-05-12,Mexico,NA,Chihuahua,3441447,52,10,1568,270
2020-05-13,Mexico,NA,Chihuahua,3441447,80,14,1648,284
2020-05-14,Mexico,NA,Chihuahua,3441447,76,13,1724,297
2020-05-15,Mexico,NA,Chihuahua,3441447,62,9,1786,306
2020-05-16,Mexico,NA,Chihuahua,3441447,54,5,1840,311
2020-05-17,Mexico,NA,Chihuahua,3441447,54,8,1894,319
2020-05-18,Mexico,NA,Chihuahua,3441447,84,13,1978,332
2020-05-19,Mexico,NA,Chihuahua,3441447,69,16,2047,348
2020-05-20,Mexico,NA,Chihuahua,3441447,67,8,2114,356
2020-05-21,Mexico,NA,Chihuahua,3441447,88,4,2202,360
2020-05-22,Mexico,NA,Chihuahua,3441447,68,10,2270,370
2020-05-23,Mexico,NA,Chihuahua,3441447,63,13,2333,383
2020-05-24,Mexico,NA,Chihuahua,3441447,30,3,2363,386
2020-05-25,Mexico,NA,Chihuahua,3441447,80,9,2443,395
2020-05-26,Mexico,NA,Chihuahua,3441447,60,14,2503,409
2020-05-27,Mexico,NA,Chihuahua,3441447,58,8,2561,417
2020-05-28,Mexico,NA,Chihuahua,3441447,50,12,2611,429
2020-05-29,Mexico,NA,Chihuahua,3441447,79,10,2690,439
2020-05-30,Mexico,NA,Chihuahua,3441447,23,8,2713,447
2020-05-31,Mexico,NA,Chihuahua,3441447,34,6,2747,453
2020-06-01,Mexico,NA,Chihuahua,3441447,69,10,2816,463
2020-06-02,Mexico,NA,Chihuahua,3441447,77,11,2893,474
2020-06-03,Mexico,NA,Chihuahua,3441447,50,9,2943,483
2020-06-04,Mexico,NA,Chihuahua,3441447,46,5,2989,488
2020-06-05,Mexico,NA,Chihuahua,3441447,65,12,3054,500
2020-06-06,Mexico,NA,Chihuahua,3441447,28,16,3082,516
2020-06-07,Mexico,NA,Chihuahua,3441447,28,14,3110,530
2020-06-08,Mexico,NA,Chihuahua,3441447,70,16,3180,546
2020-06-09,Mexico,NA,Chihuahua,3441447,54,9,3234,555
2020-06-10,Mexico,NA,Chihuahua,3441447,58,9,3292,564
2020-06-11,Mexico,NA,Chihuahua,3441447,58,12,3350,576
2020-06-12,Mexico,NA,Chihuahua,3441447,43,8,3393,584
2020-06-13,Mexico,NA,Chihuahua,3441447,22,7,3415,591
2020-06-14,Mexico,NA,Chihuahua,3441447,24,13,3439,604
2020-06-15,Mexico,NA,Chihuahua,3441447,47,10,3486,614
2020-06-16,Mexico,NA,Chihuahua,3441447,61,11,3547,625
2020-06-17,Mexico,NA,Chihuahua,3441447,47,10,3594,635
2020-06-18,Mexico,NA,Chihuahua,3441447,56,7,3650,642
2020-06-19,Mexico,NA,Chihuahua,3441447,54,6,3704,648
2020-06-20,Mexico,NA,Chihuahua,3441447,31,6,3735,654
2020-06-21,Mexico,NA,Chihuahua,3441447,23,5,3758,659
2020-06-22,Mexico,NA,Chihuahua,3441447,52,10,3810,669
2020-06-23,Mexico,NA,Chihuahua,3441447,52,6,3862,675
2020-06-24,Mexico,NA,Chihuahua,3441447,51,6,3913,681
2020-06-25,Mexico,NA,Chihuahua,3441447,40,7,3953,688
2020-06-26,Mexico,NA,Chihuahua,3441447,68,8,4021,696
2020-06-27,Mexico,NA,Chihuahua,3441447,31,3,4052,699
2020-06-28,Mexico,NA,Chihuahua,3441447,18,7,4070,706
2020-06-29,Mexico,NA,Chihuahua,3441447,70,8,4140,714
2020-06-30,Mexico,NA,Chihuahua,3441447,71,8,4211,722
2020-07-01,Mexico,NA,Chihuahua,3441447,90,5,4301,727
2020-07-02,Mexico,NA,Chihuahua,3441447,78,5,4379,732
2020-07-03,Mexico,NA,Chihuahua,3441447,56,10,4435,742
2020-07-04,Mexico,NA,Chihuahua,3441447,27,4,4462,746
2020-07-05,Mexico,NA,Chihuahua,3441447,28,5,4490,751
2020-07-06,Mexico,NA,Chihuahua,3441447,76,12,4566,763
2020-07-07,Mexico,NA,Chihuahua,3441447,81,10,4647,773
2020-07-08,Mexico,NA,Chihuahua,3441447,86,7,4733,780
2020-07-09,Mexico,NA,Chihuahua,3441447,58,11,4791,791
2020-07-10,Mexico,NA,Chihuahua,3441447,94,11,4885,802
2020-07-11,Mexico,NA,Chihuahua,3441447,53,11,4938,813
2020-07-12,Mexico,NA,Chihuahua,3441447,28,7,4966,820
2020-07-13,Mexico,NA,Chihuahua,3441447,109,11,5075,831
2020-07-14,Mexico,NA,Chihuahua,3441447,82,5,5157,836
2020-07-15,Mexico,NA,Chihuahua,3441447,95,3,5252,839
2020-07-16,Mexico,NA,Chihuahua,3441447,85,6,5337,845
2020-07-17,Mexico,NA,Chihuahua,3441447,69,5,5406,850
2020-07-18,Mexico,NA,Chihuahua,3441447,42,5,5448,855
2020-07-19,Mexico,NA,Chihuahua,3441447,29,8,5477,863
2020-07-20,Mexico,NA,Chihuahua,3441447,87,9,5564,872
2020-07-21,Mexico,NA,Chihuahua,3441447,90,6,5654,878
2020-07-22,Mexico,NA,Chihuahua,3441447,108,10,5762,888
2020-07-23,Mexico,NA,Chihuahua,3441447,100,7,5862,895
2020-07-24,Mexico,NA,Chihuahua,3441447,84,5,5946,900
2020-07-25,Mexico,NA,Chihuahua,3441447,44,7,5990,907
2020-07-26,Mexico,NA,Chihuahua,3441447,34,8,6024,915
2020-07-27,Mexico,NA,Chihuahua,3441447,75,7,6099,922
2020-07-28,Mexico,NA,Chihuahua,3441447,77,15,6176,937
2020-07-29,Mexico,NA,Chihuahua,3441447,84,12,6260,949
2020-07-30,Mexico,NA,Chihuahua,3441447,83,10,6343,959
2020-07-31,Mexico,NA,Chihuahua,3441447,75,5,6418,964
2020-08-01,Mexico,NA,Chihuahua,3441447,51,6,6469,970
2020-08-02,Mexico,NA,Chihuahua,3441447,29,5,6498,975
2020-08-03,Mexico,NA,Chihuahua,3441447,79,9,6577,984
2020-08-04,Mexico,NA,Chihuahua,3441447,85,13,6662,997
2020-08-05,Mexico,NA,Chihuahua,3441447,94,10,6756,1007
2020-08-06,Mexico,NA,Chihuahua,3441447,75,9,6831,1016
2020-08-07,Mexico,NA,Chihuahua,3441447,79,11,6910,1027
2020-08-08,Mexico,NA,Chihuahua,3441447,44,8,6954,1035
2020-08-09,Mexico,NA,Chihuahua,3441447,36,11,6990,1046
2020-08-10,Mexico,NA,Chihuahua,3441447,65,7,7055,1053
2020-08-11,Mexico,NA,Chihuahua,3441447,95,8,7150,1061
2020-08-12,Mexico,NA,Chihuahua,3441447,72,10,7222,1071
2020-08-13,Mexico,NA,Chihuahua,3441447,85,3,7307,1074
2020-08-14,Mexico,NA,Chihuahua,3441447,52,4,7359,1078
2020-08-15,Mexico,NA,Chihuahua,3441447,29,5,7388,1083
2020-08-16,Mexico,NA,Chihuahua,3441447,26,4,7414,1087
2020-08-17,Mexico,NA,Chihuahua,3441447,44,6,7458,1093
2020-08-18,Mexico,NA,Chihuahua,3441447,57,4,7515,1097
2020-08-19,Mexico,NA,Chihuahua,3441447,43,6,7558,1103
2020-08-20,Mexico,NA,Chihuahua,3441447,36,4,7594,1107
2020-08-21,Mexico,NA,Chihuahua,3441447,36,7,7630,1114
2020-08-22,Mexico,NA,Chihuahua,3441447,17,3,7647,1117
2020-08-23,Mexico,NA,Chihuahua,3441447,11,3,7658,1120
2020-08-24,Mexico,NA,Chihuahua,3441447,20,4,7678,1124
2020-08-25,Mexico,NA,Chihuahua,3441447,21,3,7699,1127
2020-08-26,Mexico,NA,Chihuahua,3441447,6,1,7705,1128
2020-08-27,Mexico,NA,Chihuahua,3441447,2,1,7707,1129
2020-08-28,Mexico,NA,Chihuahua,3441447,3,1,7710,1130
2020-04-01,Mexico,NA,Colima,654775,23,0,101,3
2020-04-02,Mexico,NA,Colima,654775,22,2,123,5
2020-04-03,Mexico,NA,Colima,654775,25,2,148,7
2020-04-04,Mexico,NA,Colima,654775,11,1,159,8
2020-04-05,Mexico,NA,Colima,654775,4,2,163,10
2020-04-06,Mexico,NA,Colima,654775,26,1,189,11
2020-04-07,Mexico,NA,Colima,654775,8,3,197,14
2020-04-08,Mexico,NA,Colima,654775,18,0,215,14
2020-04-09,Mexico,NA,Colima,654775,6,1,221,15
2020-04-10,Mexico,NA,Colima,654775,13,1,234,16
2020-04-11,Mexico,NA,Colima,654775,10,0,244,16
2020-04-12,Mexico,NA,Colima,654775,9,0,253,16
2020-04-13,Mexico,NA,Colima,654775,15,2,268,18
2020-04-14,Mexico,NA,Colima,654775,17,5,285,23
2020-04-15,Mexico,NA,Colima,654775,17,1,302,24
2020-04-16,Mexico,NA,Colima,654775,7,4,309,28
2020-04-17,Mexico,NA,Colima,654775,11,0,320,28
2020-04-18,Mexico,NA,Colima,654775,10,0,330,28
2020-04-19,Mexico,NA,Colima,654775,10,2,340,30
2020-04-20,Mexico,NA,Colima,654775,10,4,350,34
2020-04-21,Mexico,NA,Colima,654775,23,2,373,36
2020-04-22,Mexico,NA,Colima,654775,15,2,388,38
2020-04-23,Mexico,NA,Colima,654775,13,2,401,40
2020-04-24,Mexico,NA,Colima,654775,15,2,416,42
2020-04-25,Mexico,NA,Colima,654775,4,2,420,44
2020-04-26,Mexico,NA,Colima,654775,4,3,424,47
2020-04-27,Mexico,NA,Colima,654775,26,0,450,47
2020-04-28,Mexico,NA,Colima,654775,18,2,468,49
2020-04-29,Mexico,NA,Colima,654775,13,0,481,49
2020-04-30,Mexico,NA,Colima,654775,23,0,504,49
2020-05-01,Mexico,NA,Colima,654775,16,0,520,49
2020-05-02,Mexico,NA,Colima,654775,5,2,525,51
2020-05-03,Mexico,NA,Colima,654775,7,2,532,53
2020-05-04,Mexico,NA,Colima,654775,29,6,561,59
2020-05-05,Mexico,NA,Colima,654775,36,2,597,61
2020-05-06,Mexico,NA,Colima,654775,35,3,632,64
2020-05-07,Mexico,NA,Colima,654775,24,1,656,65
2020-05-08,Mexico,NA,Colima,654775,21,1,677,66
2020-05-09,Mexico,NA,Colima,654775,12,1,689,67
2020-05-10,Mexico,NA,Colima,654775,16,2,705,69
2020-05-11,Mexico,NA,Colima,654775,31,3,736,72
2020-05-12,Mexico,NA,Colima,654775,37,0,773,72
2020-05-13,Mexico,NA,Colima,654775,21,0,794,72
2020-05-14,Mexico,NA,Colima,654775,44,1,838,73
2020-05-15,Mexico,NA,Colima,654775,39,4,877,77
2020-05-16,Mexico,NA,Colima,654775,20,5,897,82
2020-05-17,Mexico,NA,Colima,654775,17,2,914,84
2020-05-18,Mexico,NA,Colima,654775,68,1,982,85
2020-05-19,Mexico,NA,Colima,654775,55,0,1037,85
2020-05-20,Mexico,NA,Colima,654775,50,3,1087,88
2020-05-21,Mexico,NA,Colima,654775,68,2,1155,90
2020-05-22,Mexico,NA,Colima,654775,52,2,1207,92
2020-05-23,Mexico,NA,Colima,654775,39,2,1246,94
2020-05-24,Mexico,NA,Colima,654775,24,10,1270,104
2020-05-25,Mexico,NA,Colima,654775,61,2,1331,106
2020-05-26,Mexico,NA,Colima,654775,61,5,1392,111
2020-05-27,Mexico,NA,Colima,654775,74,1,1466,112
2020-05-28,Mexico,NA,Colima,654775,62,3,1528,115
2020-05-29,Mexico,NA,Colima,654775,101,5,1629,120
2020-05-30,Mexico,NA,Colima,654775,42,1,1671,121
2020-05-31,Mexico,NA,Colima,654775,38,3,1709,124
2020-06-01,Mexico,NA,Colima,654775,113,2,1822,126
2020-06-02,Mexico,NA,Colima,654775,87,1,1909,127
2020-06-03,Mexico,NA,Colima,654775,83,5,1992,132
2020-06-04,Mexico,NA,Colima,654775,86,3,2078,135
2020-06-05,Mexico,NA,Colima,654775,100,7,2178,142
2020-06-06,Mexico,NA,Colima,654775,49,6,2227,148
2020-06-07,Mexico,NA,Colima,654775,45,10,2272,158
2020-06-08,Mexico,NA,Colima,654775,151,7,2423,165
2020-06-09,Mexico,NA,Colima,654775,143,4,2566,169
2020-06-10,Mexico,NA,Colima,654775,136,7,2702,176
2020-06-11,Mexico,NA,Colima,654775,143,9,2845,185
2020-06-12,Mexico,NA,Colima,654775,149,5,2994,190
2020-06-13,Mexico,NA,Colima,654775,68,5,3062,195
2020-06-14,Mexico,NA,Colima,654775,53,9,3115,204
2020-06-15,Mexico,NA,Colima,654775,183,6,3298,210
2020-06-16,Mexico,NA,Colima,654775,209,9,3507,219
2020-06-17,Mexico,NA,Colima,654775,196,12,3703,231
2020-06-18,Mexico,NA,Colima,654775,221,5,3924,236
2020-06-19,Mexico,NA,Colima,654775,233,8,4157,244
2020-06-20,Mexico,NA,Colima,654775,129,7,4286,251
2020-06-21,Mexico,NA,Colima,654775,80,16,4366,267
2020-06-22,Mexico,NA,Colima,654775,293,9,4659,276
2020-06-23,Mexico,NA,Colima,654775,353,10,5012,286
2020-06-24,Mexico,NA,Colima,654775,267,13,5279,299
2020-06-25,Mexico,NA,Colima,654775,227,12,5506,311
2020-06-26,Mexico,NA,Colima,654775,271,12,5777,323
2020-06-27,Mexico,NA,Colima,654775,193,12,5970,335
2020-06-28,Mexico,NA,Colima,654775,121,10,6091,345
2020-06-29,Mexico,NA,Colima,654775,355,18,6446,363
2020-06-30,Mexico,NA,Colima,654775,324,19,6770,382
2020-07-01,Mexico,NA,Colima,654775,355,17,7125,399
2020-07-02,Mexico,NA,Colima,654775,259,14,7384,413
2020-07-03,Mexico,NA,Colima,654775,356,18,7740,431
2020-07-04,Mexico,NA,Colima,654775,208,21,7948,452
2020-07-05,Mexico,NA,Colima,654775,154,13,8102,465
2020-07-06,Mexico,NA,Colima,654775,342,18,8444,483
2020-07-07,Mexico,NA,Colima,654775,397,16,8841,499
2020-07-08,Mexico,NA,Colima,654775,344,16,9185,515
2020-07-09,Mexico,NA,Colima,654775,344,21,9529,536
2020-07-10,Mexico,NA,Colima,654775,333,14,9862,550
2020-07-11,Mexico,NA,Colima,654775,146,26,10008,576
2020-07-12,Mexico,NA,Colima,654775,106,19,10114,595
2020-07-13,Mexico,NA,Colima,654775,440,27,10554,622
2020-07-14,Mexico,NA,Colima,654775,423,25,10977,647
2020-07-15,Mexico,NA,Colima,654775,344,34,11321,681
2020-07-16,Mexico,NA,Colima,654775,361,26,11682,707
2020-07-17,Mexico,NA,Colima,654775,348,23,12030,730
2020-07-18,Mexico,NA,Colima,654775,205,20,12235,750
2020-07-19,Mexico,NA,Colima,654775,134,20,12369,770
2020-07-20,Mexico,NA,Colima,654775,368,28,12737,798
2020-07-21,Mexico,NA,Colima,654775,389,36,13126,834
2020-07-22,Mexico,NA,Colima,654775,382,27,13508,861
2020-07-23,Mexico,NA,Colima,654775,392,22,13900,883
2020-07-24,Mexico,NA,Colima,654775,405,24,14305,907
2020-07-25,Mexico,NA,Colima,654775,216,20,14521,927
2020-07-26,Mexico,NA,Colima,654775,143,15,14664,942
2020-07-27,Mexico,NA,Colima,654775,470,20,15134,962
2020-07-28,Mexico,NA,Colima,654775,456,31,15590,993
2020-07-29,Mexico,NA,Colima,654775,376,19,15966,1012
2020-07-30,Mexico,NA,Colima,654775,402,37,16368,1049
2020-07-31,Mexico,NA,Colima,654775,299,25,16667,1074
2020-08-01,Mexico,NA,Colima,654775,248,39,16915,1113
2020-08-02,Mexico,NA,Colima,654775,97,23,17012,1136
2020-08-03,Mexico,NA,Colima,654775,396,33,17408,1169
2020-08-04,Mexico,NA,Colima,654775,472,30,17880,1199
2020-08-05,Mexico,NA,Colima,654775,420,31,18300,1230
2020-08-06,Mexico,NA,Colima,654775,412,27,18712,1257
2020-08-07,Mexico,NA,Colima,654775,387,28,19099,1285
2020-08-08,Mexico,NA,Colima,654775,229,27,19328,1312
2020-08-09,Mexico,NA,Colima,654775,120,26,19448,1338
2020-08-10,Mexico,NA,Colima,654775,455,34,19903,1372
2020-08-11,Mexico,NA,Colima,654775,448,26,20351,1398
2020-08-12,Mexico,NA,Colima,654775,360,36,20711,1434
2020-08-13,Mexico,NA,Colima,654775,360,19,21071,1453
2020-08-14,Mexico,NA,Colima,654775,382,20,21453,1473
2020-08-15,Mexico,NA,Colima,654775,258,21,21711,1494
2020-08-16,Mexico,NA,Colima,654775,170,24,21881,1518
2020-08-17,Mexico,NA,Colima,654775,349,29,22230,1547
2020-08-18,Mexico,NA,Colima,654775,336,24,22566,1571
2020-08-19,Mexico,NA,Colima,654775,372,15,22938,1586
2020-08-20,Mexico,NA,Colima,654775,355,19,23293,1605
2020-08-21,Mexico,NA,Colima,654775,383,23,23676,1628
2020-08-22,Mexico,NA,Colima,654775,190,21,23866,1649
2020-08-23,Mexico,NA,Colima,654775,128,20,23994,1669
2020-08-24,Mexico,NA,Colima,654775,360,21,24354,1690
2020-08-25,Mexico,NA,Colima,654775,297,19,24651,1709
2020-08-26,Mexico,NA,Colima,654775,279,16,24930,1725
2020-08-27,Mexico,NA,Colima,654775,180,17,25110,1742
2020-08-28,Mexico,NA,Colima,654775,157,18,25267,1760
2020-08-29,Mexico,NA,Colima,654775,47,11,25314,1771
2020-08-30,Mexico,NA,Colima,654775,3,7,25317,1778
2020-08-31,Mexico,NA,Colima,654775,1,0,25318,1778
2020-05-04,Mexico,NA,Durango,1648107,3,0,101,13
2020-05-05,Mexico,NA,Durango,1648107,3,0,104,13
2020-05-06,Mexico,NA,Durango,1648107,5,0,109,13
2020-05-07,Mexico,NA,Durango,1648107,11,0,120,13
2020-05-08,Mexico,NA,Durango,1648107,10,2,130,15
2020-05-09,Mexico,NA,Durango,1648107,2,1,132,16
2020-05-10,Mexico,NA,Durango,1648107,1,0,133,16
2020-05-11,Mexico,NA,Durango,1648107,6,0,139,16
2020-05-12,Mexico,NA,Durango,1648107,11,0,150,16
2020-05-13,Mexico,NA,Durango,1648107,10,1,160,17
2020-05-14,Mexico,NA,Durango,1648107,12,3,172,20
2020-05-15,Mexico,NA,Durango,1648107,16,3,188,23
2020-05-16,Mexico,NA,Durango,1648107,3,2,191,25
2020-05-17,Mexico,NA,Durango,1648107,8,1,199,26
2020-05-18,Mexico,NA,Durango,1648107,15,0,214,26
2020-05-19,Mexico,NA,Durango,1648107,7,0,221,26
2020-05-20,Mexico,NA,Durango,1648107,23,5,244,31
2020-05-21,Mexico,NA,Durango,1648107,20,1,264,32
2020-05-22,Mexico,NA,Durango,1648107,23,0,287,32
2020-05-23,Mexico,NA,Durango,1648107,5,0,292,32
2020-05-24,Mexico,NA,Durango,1648107,15,3,307,35
2020-05-25,Mexico,NA,Durango,1648107,27,3,334,38
2020-05-26,Mexico,NA,Durango,1648107,21,2,355,40
2020-05-27,Mexico,NA,Durango,1648107,27,2,382,42
2020-05-28,Mexico,NA,Durango,1648107,23,4,405,46
2020-05-29,Mexico,NA,Durango,1648107,33,3,438,49
2020-05-30,Mexico,NA,Durango,1648107,38,0,476,49
2020-05-31,Mexico,NA,Durango,1648107,12,3,488,52
2020-06-01,Mexico,NA,Durango,1648107,39,1,527,53
2020-06-02,Mexico,NA,Durango,1648107,38,4,565,57
2020-06-03,Mexico,NA,Durango,1648107,28,1,593,58
2020-06-04,Mexico,NA,Durango,1648107,43,2,636,60
2020-06-05,Mexico,NA,Durango,1648107,79,4,715,64
2020-06-06,Mexico,NA,Durango,1648107,22,3,737,67
2020-06-07,Mexico,NA,Durango,1648107,20,2,757,69
2020-06-08,Mexico,NA,Durango,1648107,72,3,829,72
2020-06-09,Mexico,NA,Durango,1648107,69,2,898,74
2020-06-10,Mexico,NA,Durango,1648107,50,6,948,80
2020-06-11,Mexico,NA,Durango,1648107,59,4,1007,84
2020-06-12,Mexico,NA,Durango,1648107,54,7,1061,91
2020-06-13,Mexico,NA,Durango,1648107,17,4,1078,95
2020-06-14,Mexico,NA,Durango,1648107,18,6,1096,101
2020-06-15,Mexico,NA,Durango,1648107,69,6,1165,107
2020-06-16,Mexico,NA,Durango,1648107,90,6,1255,113
2020-06-17,Mexico,NA,Durango,1648107,69,9,1324,122
2020-06-18,Mexico,NA,Durango,1648107,82,2,1406,124
2020-06-19,Mexico,NA,Durango,1648107,52,3,1458,127
2020-06-20,Mexico,NA,Durango,1648107,14,1,1472,128
2020-06-21,Mexico,NA,Durango,1648107,15,3,1487,131
2020-06-22,Mexico,NA,Durango,1648107,72,3,1559,134
2020-06-23,Mexico,NA,Durango,1648107,107,4,1666,138
2020-06-24,Mexico,NA,Durango,1648107,93,5,1759,143
2020-06-25,Mexico,NA,Durango,1648107,70,5,1829,148
2020-06-26,Mexico,NA,Durango,1648107,89,6,1918,154
2020-06-27,Mexico,NA,Durango,1648107,52,2,1970,156
2020-06-28,Mexico,NA,Durango,1648107,37,5,2007,161
2020-06-29,Mexico,NA,Durango,1648107,63,2,2070,163
2020-06-30,Mexico,NA,Durango,1648107,88,2,2158,165
2020-07-01,Mexico,NA,Durango,1648107,110,7,2268,172
2020-07-02,Mexico,NA,Durango,1648107,61,5,2329,177
2020-07-03,Mexico,NA,Durango,1648107,76,2,2405,179
2020-07-04,Mexico,NA,Durango,1648107,20,3,2425,182
2020-07-05,Mexico,NA,Durango,1648107,20,4,2445,186
2020-07-06,Mexico,NA,Durango,1648107,68,4,2513,190
2020-07-07,Mexico,NA,Durango,1648107,66,7,2579,197
2020-07-08,Mexico,NA,Durango,1648107,79,7,2658,204
2020-07-09,Mexico,NA,Durango,1648107,114,5,2772,209
2020-07-10,Mexico,NA,Durango,1648107,73,2,2845,211
2020-07-11,Mexico,NA,Durango,1648107,27,10,2872,221
2020-07-12,Mexico,NA,Durango,1648107,25,7,2897,228
2020-07-13,Mexico,NA,Durango,1648107,103,4,3000,232
2020-07-14,Mexico,NA,Durango,1648107,83,7,3083,239
2020-07-15,Mexico,NA,Durango,1648107,87,4,3170,243
2020-07-16,Mexico,NA,Durango,1648107,80,7,3250,250
2020-07-17,Mexico,NA,Durango,1648107,83,6,3333,256
2020-07-18,Mexico,NA,Durango,1648107,30,6,3363,262
2020-07-19,Mexico,NA,Durango,1648107,14,3,3377,265
2020-07-20,Mexico,NA,Durango,1648107,108,10,3485,275
2020-07-21,Mexico,NA,Durango,1648107,114,2,3599,277
2020-07-22,Mexico,NA,Durango,1648107,84,4,3683,281
2020-07-23,Mexico,NA,Durango,1648107,88,6,3771,287
2020-07-24,Mexico,NA,Durango,1648107,72,1,3843,288
2020-07-25,Mexico,NA,Durango,1648107,21,8,3864,296
2020-07-26,Mexico,NA,Durango,1648107,37,4,3901,300
2020-07-27,Mexico,NA,Durango,1648107,120,4,4021,304
2020-07-28,Mexico,NA,Durango,1648107,94,1,4115,305
2020-07-29,Mexico,NA,Durango,1648107,97,3,4212,308
2020-07-30,Mexico,NA,Durango,1648107,74,6,4286,314
2020-07-31,Mexico,NA,Durango,1648107,86,9,4372,323
2020-08-01,Mexico,NA,Durango,1648107,38,4,4410,327
2020-08-02,Mexico,NA,Durango,1648107,17,3,4427,330
2020-08-03,Mexico,NA,Durango,1648107,102,5,4529,335
2020-08-04,Mexico,NA,Durango,1648107,77,7,4606,342
2020-08-05,Mexico,NA,Durango,1648107,83,8,4689,350
2020-08-06,Mexico,NA,Durango,1648107,102,3,4791,353
2020-08-07,Mexico,NA,Durango,1648107,63,6,4854,359
2020-08-08,Mexico,NA,Durango,1648107,22,5,4876,364
2020-08-09,Mexico,NA,Durango,1648107,21,7,4897,371
2020-08-10,Mexico,NA,Durango,1648107,98,3,4995,374
2020-08-11,Mexico,NA,Durango,1648107,121,5,5116,379
2020-08-12,Mexico,NA,Durango,1648107,86,1,5202,380
2020-08-13,Mexico,NA,Durango,1648107,98,4,5300,384
2020-08-14,Mexico,NA,Durango,1648107,91,6,5391,390
2020-08-15,Mexico,NA,Durango,1648107,16,4,5407,394
2020-08-16,Mexico,NA,Durango,1648107,19,1,5426,395
2020-08-17,Mexico,NA,Durango,1648107,116,2,5542,397
2020-08-18,Mexico,NA,Durango,1648107,110,3,5652,400
2020-08-19,Mexico,NA,Durango,1648107,65,9,5717,409
2020-08-20,Mexico,NA,Durango,1648107,101,1,5818,410
2020-08-21,Mexico,NA,Durango,1648107,100,3,5918,413
2020-08-22,Mexico,NA,Durango,1648107,32,5,5950,418
2020-08-23,Mexico,NA,Durango,1648107,25,5,5975,423
2020-08-24,Mexico,NA,Durango,1648107,124,3,6099,426
2020-08-25,Mexico,NA,Durango,1648107,104,7,6203,433
2020-08-26,Mexico,NA,Durango,1648107,64,2,6267,435
2020-08-27,Mexico,NA,Durango,1648107,68,6,6335,441
2020-08-28,Mexico,NA,Durango,1648107,48,4,6383,445
2020-08-29,Mexico,NA,Durango,1648107,10,0,6393,445
2020-08-30,Mexico,NA,Durango,1648107,1,0,6394,445
2020-04-11,Mexico,NA,Guanajuato,5504468,4,0,101,5
2020-04-12,Mexico,NA,Guanajuato,5504468,1,0,102,5
2020-04-13,Mexico,NA,Guanajuato,5504468,3,0,105,5
2020-04-14,Mexico,NA,Guanajuato,5504468,4,2,109,7
2020-04-15,Mexico,NA,Guanajuato,5504468,13,1,122,8
2020-04-16,Mexico,NA,Guanajuato,5504468,14,0,136,8
2020-04-17,Mexico,NA,Guanajuato,5504468,29,3,165,11
2020-04-18,Mexico,NA,Guanajuato,5504468,10,0,175,11
2020-04-19,Mexico,NA,Guanajuato,5504468,10,0,185,11
2020-04-20,Mexico,NA,Guanajuato,5504468,14,0,199,11
2020-04-21,Mexico,NA,Guanajuato,5504468,10,2,209,13
2020-04-22,Mexico,NA,Guanajuato,5504468,13,3,222,16
2020-04-23,Mexico,NA,Guanajuato,5504468,9,3,231,19
2020-04-24,Mexico,NA,Guanajuato,5504468,12,1,243,20
2020-04-25,Mexico,NA,Guanajuato,5504468,11,3,254,23
2020-04-26,Mexico,NA,Guanajuato,5504468,7,2,261,25
2020-04-27,Mexico,NA,Guanajuato,5504468,25,0,286,25
2020-04-28,Mexico,NA,Guanajuato,5504468,17,0,303,25
2020-04-29,Mexico,NA,Guanajuato,5504468,14,2,317,27
2020-04-30,Mexico,NA,Guanajuato,5504468,16,3,333,30
2020-05-01,Mexico,NA,Guanajuato,5504468,14,3,347,33
2020-05-02,Mexico,NA,Guanajuato,5504468,10,2,357,35
2020-05-03,Mexico,NA,Guanajuato,5504468,11,3,368,38
2020-05-04,Mexico,NA,Guanajuato,5504468,33,3,401,41
2020-05-05,Mexico,NA,Guanajuato,5504468,23,2,424,43
2020-05-06,Mexico,NA,Guanajuato,5504468,30,3,454,46
2020-05-07,Mexico,NA,Guanajuato,5504468,37,4,491,50
2020-05-08,Mexico,NA,Guanajuato,5504468,43,6,534,56
2020-05-09,Mexico,NA,Guanajuato,5504468,26,4,560,60
2020-05-10,Mexico,NA,Guanajuato,5504468,23,1,583,61
2020-05-11,Mexico,NA,Guanajuato,5504468,41,3,624,64
2020-05-12,Mexico,NA,Guanajuato,5504468,53,1,677,65
2020-05-13,Mexico,NA,Guanajuato,5504468,41,4,718,69
2020-05-14,Mexico,NA,Guanajuato,5504468,51,2,769,71
2020-05-15,Mexico,NA,Guanajuato,5504468,36,4,805,75
2020-05-16,Mexico,NA,Guanajuato,5504468,34,3,839,78
2020-05-17,Mexico,NA,Guanajuato,5504468,20,1,859,79
2020-05-18,Mexico,NA,Guanajuato,5504468,54,6,913,85
2020-05-19,Mexico,NA,Guanajuato,5504468,69,3,982,88
2020-05-20,Mexico,NA,Guanajuato,5504468,58,1,1040,89
2020-05-21,Mexico,NA,Guanajuato,5504468,62,3,1102,92
2020-05-22,Mexico,NA,Guanajuato,5504468,56,5,1158,97
2020-05-23,Mexico,NA,Guanajuato,5504468,52,5,1210,102
2020-05-24,Mexico,NA,Guanajuato,5504468,20,4,1230,106
2020-05-25,Mexico,NA,Guanajuato,5504468,119,6,1349,112
2020-05-26,Mexico,NA,Guanajuato,5504468,97,3,1446,115
2020-05-27,Mexico,NA,Guanajuato,5504468,107,5,1553,120
2020-05-28,Mexico,NA,Guanajuato,5504468,141,5,1694,125
2020-05-29,Mexico,NA,Guanajuato,5504468,144,1,1838,126
2020-05-30,Mexico,NA,Guanajuato,5504468,98,6,1936,132
2020-05-31,Mexico,NA,Guanajuato,5504468,70,6,2006,138
2020-06-01,Mexico,NA,Guanajuato,5504468,182,2,2188,140
2020-06-02,Mexico,NA,Guanajuato,5504468,174,5,2362,145
2020-06-03,Mexico,NA,Guanajuato,5504468,178,5,2540,150
2020-06-04,Mexico,NA,Guanajuato,5504468,217,8,2757,158
2020-06-05,Mexico,NA,Guanajuato,5504468,171,9,2928,167
2020-06-06,Mexico,NA,Guanajuato,5504468,126,14,3054,181
2020-06-07,Mexico,NA,Guanajuato,5504468,81,13,3135,194
2020-06-08,Mexico,NA,Guanajuato,5504468,198,13,3333,207
2020-06-09,Mexico,NA,Guanajuato,5504468,228,11,3561,218
2020-06-10,Mexico,NA,Guanajuato,5504468,187,19,3748,237
2020-06-11,Mexico,NA,Guanajuato,5504468,205,13,3953,250
2020-06-12,Mexico,NA,Guanajuato,5504468,214,14,4167,264
2020-06-13,Mexico,NA,Guanajuato,5504468,126,13,4293,277
2020-06-14,Mexico,NA,Guanajuato,5504468,84,10,4377,287
2020-06-15,Mexico,NA,Guanajuato,5504468,339,17,4716,304
2020-06-16,Mexico,NA,Guanajuato,5504468,318,17,5034,321
2020-06-17,Mexico,NA,Guanajuato,5504468,334,11,5368,332
2020-06-18,Mexico,NA,Guanajuato,5504468,325,24,5693,356
2020-06-19,Mexico,NA,Guanajuato,5504468,372,21,6065,377
2020-06-20,Mexico,NA,Guanajuato,5504468,188,26,6253,403
2020-06-21,Mexico,NA,Guanajuato,5504468,114,15,6367,418
2020-06-22,Mexico,NA,Guanajuato,5504468,385,19,6752,437
2020-06-23,Mexico,NA,Guanajuato,5504468,409,19,7161,456
2020-06-24,Mexico,NA,Guanajuato,5504468,393,17,7554,473
2020-06-25,Mexico,NA,Guanajuato,5504468,299,19,7853,492
2020-06-26,Mexico,NA,Guanajuato,5504468,365,17,8218,509
2020-06-27,Mexico,NA,Guanajuato,5504468,209,24,8427,533
2020-06-28,Mexico,NA,Guanajuato,5504468,121,19,8548,552
2020-06-29,Mexico,NA,Guanajuato,5504468,407,35,8955,587
2020-06-30,Mexico,NA,Guanajuato,5504468,418,26,9373,613
2020-07-01,Mexico,NA,Guanajuato,5504468,415,24,9788,637
2020-07-02,Mexico,NA,Guanajuato,5504468,423,34,10211,671
2020-07-03,Mexico,NA,Guanajuato,5504468,432,28,10643,699
2020-07-04,Mexico,NA,Guanajuato,5504468,224,29,10867,728
2020-07-05,Mexico,NA,Guanajuato,5504468,129,29,10996,757
2020-07-06,Mexico,NA,Guanajuato,5504468,482,26,11478,783
2020-07-07,Mexico,NA,Guanajuato,5504468,514,27,11992,810
2020-07-08,Mexico,NA,Guanajuato,5504468,504,35,12496,845
2020-07-09,Mexico,NA,Guanajuato,5504468,521,30,13017,875
2020-07-10,Mexico,NA,Guanajuato,5504468,449,23,13466,898
2020-07-11,Mexico,NA,Guanajuato,5504468,187,29,13653,927
2020-07-12,Mexico,NA,Guanajuato,5504468,166,34,13819,961
2020-07-13,Mexico,NA,Guanajuato,5504468,545,22,14364,983
2020-07-14,Mexico,NA,Guanajuato,5504468,559,25,14923,1008
2020-07-15,Mexico,NA,Guanajuato,5504468,627,25,15550,1033
2020-07-16,Mexico,NA,Guanajuato,5504468,531,21,16081,1054
2020-07-17,Mexico,NA,Guanajuato,5504468,437,16,16518,1070
2020-07-18,Mexico,NA,Guanajuato,5504468,230,33,16748,1103
2020-07-19,Mexico,NA,Guanajuato,5504468,140,22,16888,1125
2020-07-20,Mexico,NA,Guanajuato,5504468,500,26,17388,1151
2020-07-21,Mexico,NA,Guanajuato,5504468,653,36,18041,1187
2020-07-22,Mexico,NA,Guanajuato,5504468,540,33,18581,1220
2020-07-23,Mexico,NA,Guanajuato,5504468,534,21,19115,1241
2020-07-24,Mexico,NA,Guanajuato,5504468,502,46,19617,1287
2020-07-25,Mexico,NA,Guanajuato,5504468,210,27,19827,1314
2020-07-26,Mexico,NA,Guanajuato,5504468,181,31,20008,1345
2020-07-27,Mexico,NA,Guanajuato,5504468,604,34,20612,1379
2020-07-28,Mexico,NA,Guanajuato,5504468,614,27,21226,1406
2020-07-29,Mexico,NA,Guanajuato,5504468,486,24,21712,1430
2020-07-30,Mexico,NA,Guanajuato,5504468,547,32,22259,1462
2020-07-31,Mexico,NA,Guanajuato,5504468,421,27,22680,1489
2020-08-01,Mexico,NA,Guanajuato,5504468,170,27,22850,1516
2020-08-02,Mexico,NA,Guanajuato,5504468,148,23,22998,1539
2020-08-03,Mexico,NA,Guanajuato,5504468,511,21,23509,1560
2020-08-04,Mexico,NA,Guanajuato,5504468,449,27,23958,1587
2020-08-05,Mexico,NA,Guanajuato,5504468,378,30,24336,1617
2020-08-06,Mexico,NA,Guanajuato,5504468,357,29,24693,1646
2020-08-07,Mexico,NA,Guanajuato,5504468,425,23,25118,1669
2020-08-08,Mexico,NA,Guanajuato,5504468,182,32,25300,1701
2020-08-09,Mexico,NA,Guanajuato,5504468,112,29,25412,1730
2020-08-10,Mexico,NA,Guanajuato,5504468,428,21,25840,1751
2020-08-11,Mexico,NA,Guanajuato,5504468,437,19,26277,1770
2020-08-12,Mexico,NA,Guanajuato,5504468,418,13,26695,1783
2020-08-13,Mexico,NA,Guanajuato,5504468,436,13,27131,1796
2020-08-14,Mexico,NA,Guanajuato,5504468,386,21,27517,1817
2020-08-15,Mexico,NA,Guanajuato,5504468,156,14,27673,1831
2020-08-16,Mexico,NA,Guanajuato,5504468,103,15,27776,1846
2020-08-17,Mexico,NA,Guanajuato,5504468,354,25,28130,1871
2020-08-18,Mexico,NA,Guanajuato,5504468,354,20,28484,1891
2020-08-19,Mexico,NA,Guanajuato,5504468,436,19,28920,1910
2020-08-20,Mexico,NA,Guanajuato,5504468,402,20,29322,1930
2020-08-21,Mexico,NA,Guanajuato,5504468,460,12,29782,1942
2020-08-22,Mexico,NA,Guanajuato,5504468,156,25,29938,1967
2020-08-23,Mexico,NA,Guanajuato,5504468,145,14,30083,1981
2020-08-24,Mexico,NA,Guanajuato,5504468,484,13,30567,1994
2020-08-25,Mexico,NA,Guanajuato,5504468,342,17,30909,2011
2020-08-26,Mexico,NA,Guanajuato,5504468,410,14,31319,2025
2020-08-27,Mexico,NA,Guanajuato,5504468,271,12,31590,2037
2020-08-28,Mexico,NA,Guanajuato,5504468,65,5,31655,2042
2020-08-29,Mexico,NA,Guanajuato,5504468,7,5,31662,2047
2020-04-13,Mexico,NA,Guerrero,3400317,17,1,114,8
2020-04-14,Mexico,NA,Guerrero,3400317,7,1,121,9
2020-04-15,Mexico,NA,Guerrero,3400317,5,3,126,12
2020-04-16,Mexico,NA,Guerrero,3400317,11,0,137,12
2020-04-17,Mexico,NA,Guerrero,3400317,13,1,150,13
2020-04-18,Mexico,NA,Guerrero,3400317,9,3,159,16
2020-04-19,Mexico,NA,Guerrero,3400317,6,4,165,20
2020-04-20,Mexico,NA,Guerrero,3400317,16,3,181,23
2020-04-21,Mexico,NA,Guerrero,3400317,7,7,188,30
2020-04-22,Mexico,NA,Guerrero,3400317,13,3,201,33
2020-04-23,Mexico,NA,Guerrero,3400317,19,3,220,36
2020-04-24,Mexico,NA,Guerrero,3400317,25,1,245,37
2020-04-25,Mexico,NA,Guerrero,3400317,13,4,258,41
2020-04-26,Mexico,NA,Guerrero,3400317,18,1,276,42
2020-04-27,Mexico,NA,Guerrero,3400317,27,8,303,50
2020-04-28,Mexico,NA,Guerrero,3400317,29,5,332,55
2020-04-29,Mexico,NA,Guerrero,3400317,31,4,363,59
2020-04-30,Mexico,NA,Guerrero,3400317,18,2,381,61
2020-05-01,Mexico,NA,Guerrero,3400317,14,2,395,63
2020-05-02,Mexico,NA,Guerrero,3400317,40,8,435,71
2020-05-03,Mexico,NA,Guerrero,3400317,29,4,464,75
2020-05-04,Mexico,NA,Guerrero,3400317,54,4,518,79
2020-05-05,Mexico,NA,Guerrero,3400317,37,5,555,84
2020-05-06,Mexico,NA,Guerrero,3400317,47,10,602,94
2020-05-07,Mexico,NA,Guerrero,3400317,41,6,643,100
2020-05-08,Mexico,NA,Guerrero,3400317,40,4,683,104
2020-05-09,Mexico,NA,Guerrero,3400317,36,11,719,115
2020-05-10,Mexico,NA,Guerrero,3400317,33,6,752,121
2020-05-11,Mexico,NA,Guerrero,3400317,48,8,800,129
2020-05-12,Mexico,NA,Guerrero,3400317,59,7,859,136
2020-05-13,Mexico,NA,Guerrero,3400317,48,8,907,144
2020-05-14,Mexico,NA,Guerrero,3400317,75,8,982,152
2020-05-15,Mexico,NA,Guerrero,3400317,61,13,1043,165
2020-05-16,Mexico,NA,Guerrero,3400317,51,14,1094,179
2020-05-17,Mexico,NA,Guerrero,3400317,41,16,1135,195
2020-05-18,Mexico,NA,Guerrero,3400317,128,16,1263,211
2020-05-19,Mexico,NA,Guerrero,3400317,110,12,1373,223
2020-05-20,Mexico,NA,Guerrero,3400317,142,23,1515,246
2020-05-21,Mexico,NA,Guerrero,3400317,140,17,1655,263
2020-05-22,Mexico,NA,Guerrero,3400317,131,18,1786,281
2020-05-23,Mexico,NA,Guerrero,3400317,66,18,1852,299
2020-05-24,Mexico,NA,Guerrero,3400317,71,19,1923,318
2020-05-25,Mexico,NA,Guerrero,3400317,136,27,2059,345
2020-05-26,Mexico,NA,Guerrero,3400317,118,21,2177,366
2020-05-27,Mexico,NA,Guerrero,3400317,121,24,2298,390
2020-05-28,Mexico,NA,Guerrero,3400317,114,17,2412,407
2020-05-29,Mexico,NA,Guerrero,3400317,98,21,2510,428
2020-05-30,Mexico,NA,Guerrero,3400317,62,17,2572,445
2020-05-31,Mexico,NA,Guerrero,3400317,79,23,2651,468
2020-06-01,Mexico,NA,Guerrero,3400317,153,20,2804,488
2020-06-02,Mexico,NA,Guerrero,3400317,110,28,2914,516
2020-06-03,Mexico,NA,Guerrero,3400317,116,17,3030,533
2020-06-04,Mexico,NA,Guerrero,3400317,131,17,3161,550
2020-06-05,Mexico,NA,Guerrero,3400317,124,23,3285,573
2020-06-06,Mexico,NA,Guerrero,3400317,91,19,3376,592
2020-06-07,Mexico,NA,Guerrero,3400317,65,23,3441,615
2020-06-08,Mexico,NA,Guerrero,3400317,153,22,3594,637
2020-06-09,Mexico,NA,Guerrero,3400317,108,19,3702,656
2020-06-10,Mexico,NA,Guerrero,3400317,154,22,3856,678
2020-06-11,Mexico,NA,Guerrero,3400317,154,18,4010,696
2020-06-12,Mexico,NA,Guerrero,3400317,151,18,4161,714
2020-06-13,Mexico,NA,Guerrero,3400317,79,27,4240,741
2020-06-14,Mexico,NA,Guerrero,3400317,97,22,4337,763
2020-06-15,Mexico,NA,Guerrero,3400317,142,15,4479,778
2020-06-16,Mexico,NA,Guerrero,3400317,153,19,4632,797
2020-06-17,Mexico,NA,Guerrero,3400317,110,24,4742,821
2020-06-18,Mexico,NA,Guerrero,3400317,106,19,4848,840
2020-06-19,Mexico,NA,Guerrero,3400317,135,29,4983,869
2020-06-20,Mexico,NA,Guerrero,3400317,54,14,5037,883
2020-06-21,Mexico,NA,Guerrero,3400317,71,16,5108,899
2020-06-22,Mexico,NA,Guerrero,3400317,180,29,5288,928
2020-06-23,Mexico,NA,Guerrero,3400317,126,15,5414,943
2020-06-24,Mexico,NA,Guerrero,3400317,97,15,5511,958
2020-06-25,Mexico,NA,Guerrero,3400317,133,16,5644,974
2020-06-26,Mexico,NA,Guerrero,3400317,127,21,5771,995
2020-06-27,Mexico,NA,Guerrero,3400317,144,24,5915,1019
2020-06-28,Mexico,NA,Guerrero,3400317,172,20,6087,1039
2020-06-29,Mexico,NA,Guerrero,3400317,252,19,6339,1058
2020-06-30,Mexico,NA,Guerrero,3400317,251,20,6590,1078
2020-07-01,Mexico,NA,Guerrero,3400317,264,10,6854,1088
2020-07-02,Mexico,NA,Guerrero,3400317,302,11,7156,1099
2020-07-03,Mexico,NA,Guerrero,3400317,274,14,7430,1113
2020-07-04,Mexico,NA,Guerrero,3400317,191,20,7621,1133
2020-07-05,Mexico,NA,Guerrero,3400317,153,12,7774,1145
2020-07-06,Mexico,NA,Guerrero,3400317,161,13,7935,1158
2020-07-07,Mexico,NA,Guerrero,3400317,146,22,8081,1180
2020-07-08,Mexico,NA,Guerrero,3400317,119,10,8200,1190
2020-07-09,Mexico,NA,Guerrero,3400317,144,12,8344,1202
2020-07-10,Mexico,NA,Guerrero,3400317,139,15,8483,1217
2020-07-11,Mexico,NA,Guerrero,3400317,40,13,8523,1230
2020-07-12,Mexico,NA,Guerrero,3400317,129,7,8652,1237
2020-07-13,Mexico,NA,Guerrero,3400317,160,15,8812,1252
2020-07-14,Mexico,NA,Guerrero,3400317,171,24,8983,1276
2020-07-15,Mexico,NA,Guerrero,3400317,136,12,9119,1288
2020-07-16,Mexico,NA,Guerrero,3400317,169,9,9288,1297
2020-07-17,Mexico,NA,Guerrero,3400317,119,11,9407,1308
2020-07-18,Mexico,NA,Guerrero,3400317,116,13,9523,1321
2020-07-19,Mexico,NA,Guerrero,3400317,129,11,9652,1332
2020-07-20,Mexico,NA,Guerrero,3400317,246,14,9898,1346
2020-07-21,Mexico,NA,Guerrero,3400317,147,14,10045,1360
2020-07-22,Mexico,NA,Guerrero,3400317,153,11,10198,1371
2020-07-23,Mexico,NA,Guerrero,3400317,219,15,10417,1386
2020-07-24,Mexico,NA,Guerrero,3400317,192,10,10609,1396
2020-07-25,Mexico,NA,Guerrero,3400317,96,15,10705,1411
2020-07-26,Mexico,NA,Guerrero,3400317,88,14,10793,1425
2020-07-27,Mexico,NA,Guerrero,3400317,209,9,11002,1434
2020-07-28,Mexico,NA,Guerrero,3400317,182,7,11184,1441
2020-07-29,Mexico,NA,Guerrero,3400317,142,6,11326,1447
2020-07-30,Mexico,NA,Guerrero,3400317,198,12,11524,1459
2020-07-31,Mexico,NA,Guerrero,3400317,167,9,11691,1468
2020-08-01,Mexico,NA,Guerrero,3400317,127,10,11818,1478
2020-08-02,Mexico,NA,Guerrero,3400317,63,10,11881,1488
2020-08-03,Mexico,NA,Guerrero,3400317,187,10,12068,1498
2020-08-04,Mexico,NA,Guerrero,3400317,217,13,12285,1511
2020-08-05,Mexico,NA,Guerrero,3400317,219,7,12504,1518
2020-08-06,Mexico,NA,Guerrero,3400317,159,7,12663,1525
2020-08-07,Mexico,NA,Guerrero,3400317,140,12,12803,1537
2020-08-08,Mexico,NA,Guerrero,3400317,61,6,12864,1543
2020-08-09,Mexico,NA,Guerrero,3400317,42,9,12906,1552
2020-08-10,Mexico,NA,Guerrero,3400317,178,6,13084,1558
2020-08-11,Mexico,NA,Guerrero,3400317,127,7,13211,1565
2020-08-12,Mexico,NA,Guerrero,3400317,107,4,13318,1569
2020-08-13,Mexico,NA,Guerrero,3400317,149,12,13467,1581
2020-08-14,Mexico,NA,Guerrero,3400317,113,4,13580,1585
2020-08-15,Mexico,NA,Guerrero,3400317,76,13,13656,1598
2020-08-16,Mexico,NA,Guerrero,3400317,47,13,13703,1611
2020-08-17,Mexico,NA,Guerrero,3400317,134,5,13837,1616
2020-08-18,Mexico,NA,Guerrero,3400317,119,11,13956,1627
2020-08-19,Mexico,NA,Guerrero,3400317,136,16,14092,1643
2020-08-20,Mexico,NA,Guerrero,3400317,97,7,14189,1650
2020-08-21,Mexico,NA,Guerrero,3400317,92,6,14281,1656
2020-08-22,Mexico,NA,Guerrero,3400317,59,8,14340,1664
2020-08-23,Mexico,NA,Guerrero,3400317,52,2,14392,1666
2020-08-24,Mexico,NA,Guerrero,3400317,110,6,14502,1672
2020-08-25,Mexico,NA,Guerrero,3400317,117,10,14619,1682
2020-08-26,Mexico,NA,Guerrero,3400317,80,5,14699,1687
2020-08-27,Mexico,NA,Guerrero,3400317,71,4,14770,1691
2020-08-28,Mexico,NA,Guerrero,3400317,23,1,14793,1692
2020-04-16,Mexico,NA,Hidalgo,2668544,5,0,102,12
2020-04-17,Mexico,NA,Hidalgo,2668544,9,0,111,12
2020-04-18,Mexico,NA,Hidalgo,2668544,6,2,117,14
2020-04-19,Mexico,NA,Hidalgo,2668544,14,1,131,15
2020-04-20,Mexico,NA,Hidalgo,2668544,19,1,150,16
2020-04-21,Mexico,NA,Hidalgo,2668544,12,2,162,18
2020-04-22,Mexico,NA,Hidalgo,2668544,15,2,177,20
2020-04-23,Mexico,NA,Hidalgo,2668544,19,2,196,22
2020-04-24,Mexico,NA,Hidalgo,2668544,20,1,216,23
2020-04-25,Mexico,NA,Hidalgo,2668544,23,7,239,30
2020-04-26,Mexico,NA,Hidalgo,2668544,18,8,257,38
2020-04-27,Mexico,NA,Hidalgo,2668544,26,1,283,39
2020-04-28,Mexico,NA,Hidalgo,2668544,27,5,310,44
2020-04-29,Mexico,NA,Hidalgo,2668544,28,2,338,46
2020-04-30,Mexico,NA,Hidalgo,2668544,31,5,369,51
2020-05-01,Mexico,NA,Hidalgo,2668544,26,9,395,60
2020-05-02,Mexico,NA,Hidalgo,2668544,21,2,416,62
2020-05-03,Mexico,NA,Hidalgo,2668544,27,7,443,69
2020-05-04,Mexico,NA,Hidalgo,2668544,35,10,478,79
2020-05-05,Mexico,NA,Hidalgo,2668544,30,10,508,89
2020-05-06,Mexico,NA,Hidalgo,2668544,41,7,549,96
2020-05-07,Mexico,NA,Hidalgo,2668544,37,8,586,104
2020-05-08,Mexico,NA,Hidalgo,2668544,36,9,622,113
2020-05-09,Mexico,NA,Hidalgo,2668544,25,6,647,119
2020-05-10,Mexico,NA,Hidalgo,2668544,25,10,672,129
2020-05-11,Mexico,NA,Hidalgo,2668544,51,8,723,137
2020-05-12,Mexico,NA,Hidalgo,2668544,56,12,779,149
2020-05-13,Mexico,NA,Hidalgo,2668544,45,9,824,158
2020-05-14,Mexico,NA,Hidalgo,2668544,67,14,891,172
2020-05-15,Mexico,NA,Hidalgo,2668544,80,15,971,187
2020-05-16,Mexico,NA,Hidalgo,2668544,54,9,1025,196
2020-05-17,Mexico,NA,Hidalgo,2668544,26,12,1051,208
2020-05-18,Mexico,NA,Hidalgo,2668544,80,14,1131,222
2020-05-19,Mexico,NA,Hidalgo,2668544,70,7,1201,229
2020-05-20,Mexico,NA,Hidalgo,2668544,78,16,1279,245
2020-05-21,Mexico,NA,Hidalgo,2668544,92,17,1371,262
2020-05-22,Mexico,NA,Hidalgo,2668544,80,12,1451,274
2020-05-23,Mexico,NA,Hidalgo,2668544,52,11,1503,285
2020-05-24,Mexico,NA,Hidalgo,2668544,40,11,1543,296
2020-05-25,Mexico,NA,Hidalgo,2668544,88,12,1631,308
2020-05-26,Mexico,NA,Hidalgo,2668544,71,11,1702,319
2020-05-27,Mexico,NA,Hidalgo,2668544,81,12,1783,331
2020-05-28,Mexico,NA,Hidalgo,2668544,93,12,1876,343
2020-05-29,Mexico,NA,Hidalgo,2668544,73,11,1949,354
2020-05-30,Mexico,NA,Hidalgo,2668544,47,11,1996,365
2020-05-31,Mexico,NA,Hidalgo,2668544,40,13,2036,378
2020-06-01,Mexico,NA,Hidalgo,2668544,94,9,2130,387
2020-06-02,Mexico,NA,Hidalgo,2668544,79,6,2209,393
2020-06-03,Mexico,NA,Hidalgo,2668544,67,16,2276,409
2020-06-04,Mexico,NA,Hidalgo,2668544,63,5,2339,414
2020-06-05,Mexico,NA,Hidalgo,2668544,66,3,2405,417
2020-06-06,Mexico,NA,Hidalgo,2668544,51,3,2456,420
2020-06-07,Mexico,NA,Hidalgo,2668544,29,12,2485,432
2020-06-08,Mexico,NA,Hidalgo,2668544,87,15,2572,447
2020-06-09,Mexico,NA,Hidalgo,2668544,110,8,2682,455
2020-06-10,Mexico,NA,Hidalgo,2668544,77,12,2759,467
2020-06-11,Mexico,NA,Hidalgo,2668544,73,10,2832,477
2020-06-12,Mexico,NA,Hidalgo,2668544,96,5,2928,482
2020-06-13,Mexico,NA,Hidalgo,2668544,45,8,2973,490
2020-06-14,Mexico,NA,Hidalgo,2668544,42,16,3015,506
2020-06-15,Mexico,NA,Hidalgo,2668544,81,10,3096,516
2020-06-16,Mexico,NA,Hidalgo,2668544,72,11,3168,527
2020-06-17,Mexico,NA,Hidalgo,2668544,73,12,3241,539
2020-06-18,Mexico,NA,Hidalgo,2668544,77,12,3318,551
2020-06-19,Mexico,NA,Hidalgo,2668544,85,11,3403,562
2020-06-20,Mexico,NA,Hidalgo,2668544,54,8,3457,570
2020-06-21,Mexico,NA,Hidalgo,2668544,28,10,3485,580
2020-06-22,Mexico,NA,Hidalgo,2668544,74,8,3559,588
2020-06-23,Mexico,NA,Hidalgo,2668544,80,12,3639,600
2020-06-24,Mexico,NA,Hidalgo,2668544,87,13,3726,613
2020-06-25,Mexico,NA,Hidalgo,2668544,84,8,3810,621
2020-06-26,Mexico,NA,Hidalgo,2668544,88,18,3898,639
2020-06-27,Mexico,NA,Hidalgo,2668544,43,6,3941,645
2020-06-28,Mexico,NA,Hidalgo,2668544,39,12,3980,657
2020-06-29,Mexico,NA,Hidalgo,2668544,94,11,4074,668
2020-06-30,Mexico,NA,Hidalgo,2668544,82,6,4156,674
2020-07-01,Mexico,NA,Hidalgo,2668544,108,18,4264,692
2020-07-02,Mexico,NA,Hidalgo,2668544,90,13,4354,705
2020-07-03,Mexico,NA,Hidalgo,2668544,76,10,4430,715
2020-07-04,Mexico,NA,Hidalgo,2668544,39,5,4469,720
2020-07-05,Mexico,NA,Hidalgo,2668544,32,9,4501,729
2020-07-06,Mexico,NA,Hidalgo,2668544,100,6,4601,735
2020-07-07,Mexico,NA,Hidalgo,2668544,86,10,4687,745
2020-07-08,Mexico,NA,Hidalgo,2668544,84,10,4771,755
2020-07-09,Mexico,NA,Hidalgo,2668544,75,8,4846,763
2020-07-10,Mexico,NA,Hidalgo,2668544,89,15,4935,778
2020-07-11,Mexico,NA,Hidalgo,2668544,49,11,4984,789
2020-07-12,Mexico,NA,Hidalgo,2668544,47,18,5031,807
2020-07-13,Mexico,NA,Hidalgo,2668544,120,14,5151,821
2020-07-14,Mexico,NA,Hidalgo,2668544,105,14,5256,835
2020-07-15,Mexico,NA,Hidalgo,2668544,108,14,5364,849
2020-07-16,Mexico,NA,Hidalgo,2668544,116,15,5480,864
2020-07-17,Mexico,NA,Hidalgo,2668544,106,17,5586,881
2020-07-18,Mexico,NA,Hidalgo,2668544,72,13,5658,894
2020-07-19,Mexico,NA,Hidalgo,2668544,56,8,5714,902
2020-07-20,Mexico,NA,Hidalgo,2668544,176,14,5890,916
2020-07-21,Mexico,NA,Hidalgo,2668544,144,17,6034,933
2020-07-22,Mexico,NA,Hidalgo,2668544,127,12,6161,945
2020-07-23,Mexico,NA,Hidalgo,2668544,131,9,6292,954
2020-07-24,Mexico,NA,Hidalgo,2668544,127,16,6419,970
2020-07-25,Mexico,NA,Hidalgo,2668544,72,20,6491,990
2020-07-26,Mexico,NA,Hidalgo,2668544,70,13,6561,1003
2020-07-27,Mexico,NA,Hidalgo,2668544,134,17,6695,1020
2020-07-28,Mexico,NA,Hidalgo,2668544,132,16,6827,1036
2020-07-29,Mexico,NA,Hidalgo,2668544,122,16,6949,1052
2020-07-30,Mexico,NA,Hidalgo,2668544,131,18,7080,1070
2020-07-31,Mexico,NA,Hidalgo,2668544,129,17,7209,1087
2020-08-01,Mexico,NA,Hidalgo,2668544,73,11,7282,1098
2020-08-02,Mexico,NA,Hidalgo,2668544,79,19,7361,1117
2020-08-03,Mexico,NA,Hidalgo,2668544,148,18,7509,1135
2020-08-04,Mexico,NA,Hidalgo,2668544,133,23,7642,1158
2020-08-05,Mexico,NA,Hidalgo,2668544,158,18,7800,1176
2020-08-06,Mexico,NA,Hidalgo,2668544,132,22,7932,1198
2020-08-07,Mexico,NA,Hidalgo,2668544,135,14,8067,1212
2020-08-08,Mexico,NA,Hidalgo,2668544,100,14,8167,1226
2020-08-09,Mexico,NA,Hidalgo,2668544,66,15,8233,1241
2020-08-10,Mexico,NA,Hidalgo,2668544,125,26,8358,1267
2020-08-11,Mexico,NA,Hidalgo,2668544,136,22,8494,1289
2020-08-12,Mexico,NA,Hidalgo,2668544,133,18,8627,1307
2020-08-13,Mexico,NA,Hidalgo,2668544,148,14,8775,1321
2020-08-14,Mexico,NA,Hidalgo,2668544,123,18,8898,1339
2020-08-15,Mexico,NA,Hidalgo,2668544,79,11,8977,1350
2020-08-16,Mexico,NA,Hidalgo,2668544,66,13,9043,1363
2020-08-17,Mexico,NA,Hidalgo,2668544,112,21,9155,1384
2020-08-18,Mexico,NA,Hidalgo,2668544,101,15,9256,1399
2020-08-19,Mexico,NA,Hidalgo,2668544,112,16,9368,1415
2020-08-20,Mexico,NA,Hidalgo,2668544,135,11,9503,1426
2020-08-21,Mexico,NA,Hidalgo,2668544,127,19,9630,1445
2020-08-22,Mexico,NA,Hidalgo,2668544,70,20,9700,1465
2020-08-23,Mexico,NA,Hidalgo,2668544,68,19,9768,1484
2020-08-24,Mexico,NA,Hidalgo,2668544,157,11,9925,1495
2020-08-25,Mexico,NA,Hidalgo,2668544,128,28,10053,1523
2020-08-26,Mexico,NA,Hidalgo,2668544,105,15,10158,1538
2020-08-27,Mexico,NA,Hidalgo,2668544,56,9,10214,1547
2020-08-28,Mexico,NA,Hidalgo,2668544,50,10,10264,1557
2020-08-29,Mexico,NA,Hidalgo,2668544,11,14,10275,1571
2020-03-27,Mexico,NA,Jalisco,7378533,7,0,104,3
2020-03-28,Mexico,NA,Jalisco,7378533,2,0,106,3
2020-03-29,Mexico,NA,Jalisco,7378533,2,0,108,3
2020-03-30,Mexico,NA,Jalisco,7378533,7,0,115,3
2020-03-31,Mexico,NA,Jalisco,7378533,7,1,122,4
2020-04-01,Mexico,NA,Jalisco,7378533,3,0,125,4
2020-04-02,Mexico,NA,Jalisco,7378533,8,2,133,6
2020-04-03,Mexico,NA,Jalisco,7378533,10,0,143,6
2020-04-04,Mexico,NA,Jalisco,7378533,2,0,145,6
2020-04-05,Mexico,NA,Jalisco,7378533,2,1,147,7
2020-04-06,Mexico,NA,Jalisco,7378533,4,0,151,7
2020-04-07,Mexico,NA,Jalisco,7378533,6,1,157,8
2020-04-08,Mexico,NA,Jalisco,7378533,9,1,166,9
2020-04-09,Mexico,NA,Jalisco,7378533,5,0,171,9
2020-04-10,Mexico,NA,Jalisco,7378533,8,1,179,10
2020-04-11,Mexico,NA,Jalisco,7378533,5,1,184,11
2020-04-12,Mexico,NA,Jalisco,7378533,5,0,189,11
2020-04-13,Mexico,NA,Jalisco,7378533,10,0,199,11
2020-04-14,Mexico,NA,Jalisco,7378533,4,0,203,11
2020-04-15,Mexico,NA,Jalisco,7378533,11,0,214,11
2020-04-16,Mexico,NA,Jalisco,7378533,9,1,223,12
2020-04-17,Mexico,NA,Jalisco,7378533,14,1,237,13
2020-04-18,Mexico,NA,Jalisco,7378533,7,0,244,13
2020-04-19,Mexico,NA,Jalisco,7378533,3,2,247,15
2020-04-20,Mexico,NA,Jalisco,7378533,10,1,257,16
2020-04-21,Mexico,NA,Jalisco,7378533,16,1,273,17
2020-04-22,Mexico,NA,Jalisco,7378533,25,3,298,20
2020-04-23,Mexico,NA,Jalisco,7378533,19,1,317,21
2020-04-24,Mexico,NA,Jalisco,7378533,32,3,349,24
2020-04-25,Mexico,NA,Jalisco,7378533,9,2,358,26
2020-04-26,Mexico,NA,Jalisco,7378533,9,0,367,26
2020-04-27,Mexico,NA,Jalisco,7378533,22,1,389,27
2020-04-28,Mexico,NA,Jalisco,7378533,14,3,403,30
2020-04-29,Mexico,NA,Jalisco,7378533,22,2,425,32
2020-04-30,Mexico,NA,Jalisco,7378533,26,3,451,35
2020-05-01,Mexico,NA,Jalisco,7378533,16,0,467,35
2020-05-02,Mexico,NA,Jalisco,7378533,29,4,496,39
2020-05-03,Mexico,NA,Jalisco,7378533,16,3,512,42
2020-05-04,Mexico,NA,Jalisco,7378533,31,3,543,45
2020-05-05,Mexico,NA,Jalisco,7378533,20,3,563,48
2020-05-06,Mexico,NA,Jalisco,7378533,25,5,588,53
2020-05-07,Mexico,NA,Jalisco,7378533,51,3,639,56
2020-05-08,Mexico,NA,Jalisco,7378533,25,0,664,56
2020-05-09,Mexico,NA,Jalisco,7378533,28,3,692,59
2020-05-10,Mexico,NA,Jalisco,7378533,22,3,714,62
2020-05-11,Mexico,NA,Jalisco,7378533,50,2,764,64
2020-05-12,Mexico,NA,Jalisco,7378533,39,3,803,67
2020-05-13,Mexico,NA,Jalisco,7378533,30,3,833,70
2020-05-14,Mexico,NA,Jalisco,7378533,57,4,890,74
2020-05-15,Mexico,NA,Jalisco,7378533,64,7,954,81
2020-05-16,Mexico,NA,Jalisco,7378533,19,9,973,90
2020-05-17,Mexico,NA,Jalisco,7378533,31,5,1004,95
2020-05-18,Mexico,NA,Jalisco,7378533,58,3,1062,98
2020-05-19,Mexico,NA,Jalisco,7378533,75,1,1137,99
2020-05-20,Mexico,NA,Jalisco,7378533,63,6,1200,105
2020-05-21,Mexico,NA,Jalisco,7378533,64,9,1264,114
2020-05-22,Mexico,NA,Jalisco,7378533,75,2,1339,116
2020-05-23,Mexico,NA,Jalisco,7378533,43,4,1382,120
2020-05-24,Mexico,NA,Jalisco,7378533,38,3,1420,123
2020-05-25,Mexico,NA,Jalisco,7378533,94,8,1514,131
2020-05-26,Mexico,NA,Jalisco,7378533,131,5,1645,136
2020-05-27,Mexico,NA,Jalisco,7378533,142,4,1787,140
2020-05-28,Mexico,NA,Jalisco,7378533,124,3,1911,143
2020-05-29,Mexico,NA,Jalisco,7378533,166,5,2077,148
2020-05-30,Mexico,NA,Jalisco,7378533,127,14,2204,162
2020-05-31,Mexico,NA,Jalisco,7378533,83,10,2287,172
2020-06-01,Mexico,NA,Jalisco,7378533,229,20,2516,192
2020-06-02,Mexico,NA,Jalisco,7378533,197,11,2713,203
2020-06-03,Mexico,NA,Jalisco,7378533,212,18,2925,221
2020-06-04,Mexico,NA,Jalisco,7378533,177,23,3102,244
2020-06-05,Mexico,NA,Jalisco,7378533,224,17,3326,261
2020-06-06,Mexico,NA,Jalisco,7378533,101,17,3427,278
2020-06-07,Mexico,NA,Jalisco,7378533,71,21,3498,299
2020-06-08,Mexico,NA,Jalisco,7378533,264,14,3762,313
2020-06-09,Mexico,NA,Jalisco,7378533,251,23,4013,336
2020-06-10,Mexico,NA,Jalisco,7378533,248,14,4261,350
2020-06-11,Mexico,NA,Jalisco,7378533,230,23,4491,373
2020-06-12,Mexico,NA,Jalisco,7378533,184,28,4675,401
2020-06-13,Mexico,NA,Jalisco,7378533,119,14,4794,415
2020-06-14,Mexico,NA,Jalisco,7378533,88,27,4882,442
2020-06-15,Mexico,NA,Jalisco,7378533,229,18,5111,460
2020-06-16,Mexico,NA,Jalisco,7378533,217,24,5328,484
2020-06-17,Mexico,NA,Jalisco,7378533,215,30,5543,514
2020-06-18,Mexico,NA,Jalisco,7378533,234,17,5777,531
2020-06-19,Mexico,NA,Jalisco,7378533,199,24,5976,555
2020-06-20,Mexico,NA,Jalisco,7378533,139,26,6115,581
2020-06-21,Mexico,NA,Jalisco,7378533,94,26,6209,607
2020-06-22,Mexico,NA,Jalisco,7378533,226,21,6435,628
2020-06-23,Mexico,NA,Jalisco,7378533,235,27,6670,655
2020-06-24,Mexico,NA,Jalisco,7378533,205,27,6875,682
2020-06-25,Mexico,NA,Jalisco,7378533,176,29,7051,711
2020-06-26,Mexico,NA,Jalisco,7378533,220,19,7271,730
2020-06-27,Mexico,NA,Jalisco,7378533,140,23,7411,753
2020-06-28,Mexico,NA,Jalisco,7378533,108,26,7519,779
2020-06-29,Mexico,NA,Jalisco,7378533,190,34,7709,813
2020-06-30,Mexico,NA,Jalisco,7378533,230,20,7939,833
2020-07-01,Mexico,NA,Jalisco,7378533,202,32,8141,865
2020-07-02,Mexico,NA,Jalisco,7378533,208,21,8349,886
2020-07-03,Mexico,NA,Jalisco,7378533,212,33,8561,919
2020-07-04,Mexico,NA,Jalisco,7378533,139,38,8700,957
2020-07-05,Mexico,NA,Jalisco,7378533,96,32,8796,989
2020-07-06,Mexico,NA,Jalisco,7378533,242,27,9038,1016
2020-07-07,Mexico,NA,Jalisco,7378533,249,26,9287,1042
2020-07-08,Mexico,NA,Jalisco,7378533,217,27,9504,1069
2020-07-09,Mexico,NA,Jalisco,7378533,214,27,9718,1096
2020-07-10,Mexico,NA,Jalisco,7378533,243,22,9961,1118
2020-07-11,Mexico,NA,Jalisco,7378533,134,34,10095,1152
2020-07-12,Mexico,NA,Jalisco,7378533,121,29,10216,1181
2020-07-13,Mexico,NA,Jalisco,7378533,299,32,10515,1213
2020-07-14,Mexico,NA,Jalisco,7378533,303,23,10818,1236
2020-07-15,Mexico,NA,Jalisco,7378533,272,37,11090,1273
2020-07-16,Mexico,NA,Jalisco,7378533,256,29,11346,1302
2020-07-17,Mexico,NA,Jalisco,7378533,255,17,11601,1319
2020-07-18,Mexico,NA,Jalisco,7378533,162,21,11763,1340
2020-07-19,Mexico,NA,Jalisco,7378533,100,29,11863,1369
2020-07-20,Mexico,NA,Jalisco,7378533,327,31,12190,1400
2020-07-21,Mexico,NA,Jalisco,7378533,298,33,12488,1433
2020-07-22,Mexico,NA,Jalisco,7378533,271,22,12759,1455
2020-07-23,Mexico,NA,Jalisco,7378533,222,32,12981,1487
2020-07-24,Mexico,NA,Jalisco,7378533,207,23,13188,1510
2020-07-25,Mexico,NA,Jalisco,7378533,121,28,13309,1538
2020-07-26,Mexico,NA,Jalisco,7378533,120,22,13429,1560
2020-07-27,Mexico,NA,Jalisco,7378533,310,32,13739,1592
2020-07-28,Mexico,NA,Jalisco,7378533,239,35,13978,1627
2020-07-29,Mexico,NA,Jalisco,7378533,248,17,14226,1644
2020-07-30,Mexico,NA,Jalisco,7378533,213,36,14439,1680
2020-07-31,Mexico,NA,Jalisco,7378533,186,20,14625,1700
2020-08-01,Mexico,NA,Jalisco,7378533,132,29,14757,1729
2020-08-02,Mexico,NA,Jalisco,7378533,102,23,14859,1752
2020-08-03,Mexico,NA,Jalisco,7378533,263,25,15122,1777
2020-08-04,Mexico,NA,Jalisco,7378533,242,30,15364,1807
2020-08-05,Mexico,NA,Jalisco,7378533,267,30,15631,1837
2020-08-06,Mexico,NA,Jalisco,7378533,250,34,15881,1871
2020-08-07,Mexico,NA,Jalisco,7378533,243,30,16124,1901
2020-08-08,Mexico,NA,Jalisco,7378533,126,35,16250,1936
2020-08-09,Mexico,NA,Jalisco,7378533,115,25,16365,1961
2020-08-10,Mexico,NA,Jalisco,7378533,260,17,16625,1978
2020-08-11,Mexico,NA,Jalisco,7378533,235,35,16860,2013
2020-08-12,Mexico,NA,Jalisco,7378533,234,28,17094,2041
2020-08-13,Mexico,NA,Jalisco,7378533,232,23,17326,2064
2020-08-14,Mexico,NA,Jalisco,7378533,202,26,17528,2090
2020-08-15,Mexico,NA,Jalisco,7378533,100,24,17628,2114
2020-08-16,Mexico,NA,Jalisco,7378533,99,27,17727,2141
2020-08-17,Mexico,NA,Jalisco,7378533,305,26,18032,2167
2020-08-18,Mexico,NA,Jalisco,7378533,245,18,18277,2185
2020-08-19,Mexico,NA,Jalisco,7378533,208,30,18485,2215
2020-08-20,Mexico,NA,Jalisco,7378533,223,27,18708,2242
2020-08-21,Mexico,NA,Jalisco,7378533,202,23,18910,2265
2020-08-22,Mexico,NA,Jalisco,7378533,106,24,19016,2289
2020-08-23,Mexico,NA,Jalisco,7378533,83,33,19099,2322
2020-08-24,Mexico,NA,Jalisco,7378533,265,17,19364,2339
2020-08-25,Mexico,NA,Jalisco,7378533,232,24,19596,2363
2020-08-26,Mexico,NA,Jalisco,7378533,262,23,19858,2386
2020-08-27,Mexico,NA,Jalisco,7378533,220,13,20078,2399
2020-08-28,Mexico,NA,Jalisco,7378533,167,16,20245,2415
2020-08-29,Mexico,NA,Jalisco,7378533,50,7,20295,2422
2020-08-30,Mexico,NA,Jalisco,7378533,29,3,20324,2425
2020-03-16,Mexico,NA,Mexico City,8851639,26,0,120,0
2020-03-17,Mexico,NA,Mexico City,8851639,34,0,154,0
2020-03-18,Mexico,NA,Mexico City,8851639,31,0,185,0
2020-03-19,Mexico,NA,Mexico City,8851639,39,0,224,0
2020-03-20,Mexico,NA,Mexico City,8851639,24,0,248,0
2020-03-21,Mexico,NA,Mexico City,8851639,12,0,260,0
2020-03-22,Mexico,NA,Mexico City,8851639,11,1,271,1
2020-03-23,Mexico,NA,Mexico City,8851639,25,1,296,2
2020-03-24,Mexico,NA,Mexico City,8851639,35,0,331,2
2020-03-25,Mexico,NA,Mexico City,8851639,25,1,356,3
2020-03-26,Mexico,NA,Mexico City,8851639,50,3,406,6
2020-03-27,Mexico,NA,Mexico City,8851639,38,4,444,10
2020-03-28,Mexico,NA,Mexico City,8851639,49,1,493,11
2020-03-29,Mexico,NA,Mexico City,8851639,35,2,528,13
2020-03-30,Mexico,NA,Mexico City,8851639,77,4,605,17
2020-03-31,Mexico,NA,Mexico City,8851639,51,7,656,24
2020-04-01,Mexico,NA,Mexico City,8851639,56,5,712,29
2020-04-02,Mexico,NA,Mexico City,8851639,72,5,784,34
2020-04-03,Mexico,NA,Mexico City,8851639,79,7,863,41
2020-04-04,Mexico,NA,Mexico City,8851639,57,6,920,47
2020-04-05,Mexico,NA,Mexico City,8851639,56,4,976,51
2020-04-06,Mexico,NA,Mexico City,8851639,118,16,1094,67
2020-04-07,Mexico,NA,Mexico City,8851639,127,11,1221,78
2020-04-08,Mexico,NA,Mexico City,8851639,125,6,1346,84
2020-04-09,Mexico,NA,Mexico City,8851639,129,17,1475,101
2020-04-10,Mexico,NA,Mexico City,8851639,147,24,1622,125
2020-04-11,Mexico,NA,Mexico City,8851639,110,22,1732,147
2020-04-12,Mexico,NA,Mexico City,8851639,114,11,1846,158
2020-04-13,Mexico,NA,Mexico City,8851639,268,14,2114,172
2020-04-14,Mexico,NA,Mexico City,8851639,248,24,2362,196
2020-04-15,Mexico,NA,Mexico City,8851639,228,22,2590,218
2020-04-16,Mexico,NA,Mexico City,8851639,251,25,2841,243
2020-04-17,Mexico,NA,Mexico City,8851639,330,18,3171,261
2020-04-18,Mexico,NA,Mexico City,8851639,197,25,3368,286
2020-04-19,Mexico,NA,Mexico City,8851639,184,30,3552,316
2020-04-20,Mexico,NA,Mexico City,8851639,446,35,3998,351
2020-04-21,Mexico,NA,Mexico City,8851639,434,40,4432,391
2020-04-22,Mexico,NA,Mexico City,8851639,400,28,4832,419
2020-04-23,Mexico,NA,Mexico City,8851639,346,36,5178,455
2020-04-24,Mexico,NA,Mexico City,8851639,511,46,5689,501
2020-04-25,Mexico,NA,Mexico City,8851639,248,62,5937,563
2020-04-26,Mexico,NA,Mexico City,8851639,221,57,6158,620
2020-04-27,Mexico,NA,Mexico City,8851639,498,47,6656,667
2020-04-28,Mexico,NA,Mexico City,8851639,538,41,7194,708
2020-04-29,Mexico,NA,Mexico City,8851639,564,63,7758,771
2020-04-30,Mexico,NA,Mexico City,8851639,535,79,8293,850
2020-05-01,Mexico,NA,Mexico City,8851639,327,70,8620,920
2020-05-02,Mexico,NA,Mexico City,8851639,321,56,8941,976
2020-05-03,Mexico,NA,Mexico City,8851639,294,69,9235,1045
2020-05-04,Mexico,NA,Mexico City,8851639,720,65,9955,1110
2020-05-05,Mexico,NA,Mexico City,8851639,589,80,10544,1190
2020-05-06,Mexico,NA,Mexico City,8851639,681,83,11225,1273
2020-05-07,Mexico,NA,Mexico City,8851639,706,69,11931,1342
2020-05-08,Mexico,NA,Mexico City,8851639,786,82,12717,1424
2020-05-09,Mexico,NA,Mexico City,8851639,392,72,13109,1496
2020-05-10,Mexico,NA,Mexico City,8851639,354,82,13463,1578
2020-05-11,Mexico,NA,Mexico City,8851639,797,76,14260,1654
2020-05-12,Mexico,NA,Mexico City,8851639,803,88,15063,1742
2020-05-13,Mexico,NA,Mexico City,8851639,879,94,15942,1836
2020-05-14,Mexico,NA,Mexico City,8851639,795,99,16737,1935
2020-05-15,Mexico,NA,Mexico City,8851639,927,100,17664,2035
2020-05-16,Mexico,NA,Mexico City,8851639,590,98,18254,2133
2020-05-17,Mexico,NA,Mexico City,8851639,360,111,18614,2244
2020-05-18,Mexico,NA,Mexico City,8851639,1060,111,19674,2355
2020-05-19,Mexico,NA,Mexico City,8851639,1004,104,20678,2459
2020-05-20,Mexico,NA,Mexico City,8851639,1024,86,21702,2545
2020-05-21,Mexico,NA,Mexico City,8851639,944,117,22646,2662
2020-05-22,Mexico,NA,Mexico City,8851639,892,96,23538,2758
2020-05-23,Mexico,NA,Mexico City,8851639,462,99,24000,2857
2020-05-24,Mexico,NA,Mexico City,8851639,333,101,24333,2958
2020-05-25,Mexico,NA,Mexico City,8851639,1016,98,25349,3056
2020-05-26,Mexico,NA,Mexico City,8851639,894,97,26243,3153
2020-05-27,Mexico,NA,Mexico City,8851639,975,88,27218,3241
2020-05-28,Mexico,NA,Mexico City,8851639,826,98,28044,3339
2020-05-29,Mexico,NA,Mexico City,8851639,908,83,28952,3422
2020-05-30,Mexico,NA,Mexico City,8851639,531,78,29483,3500
2020-05-31,Mexico,NA,Mexico City,8851639,394,107,29877,3607
2020-06-01,Mexico,NA,Mexico City,8851639,1044,100,30921,3707
2020-06-02,Mexico,NA,Mexico City,8851639,905,75,31826,3782
2020-06-03,Mexico,NA,Mexico City,8851639,964,100,32790,3882
2020-06-04,Mexico,NA,Mexico City,8851639,911,95,33701,3977
2020-06-05,Mexico,NA,Mexico City,8851639,939,92,34640,4069
2020-06-06,Mexico,NA,Mexico City,8851639,503,94,35143,4163
2020-06-07,Mexico,NA,Mexico City,8851639,374,89,35517,4252
2020-06-08,Mexico,NA,Mexico City,8851639,998,96,36515,4348
2020-06-09,Mexico,NA,Mexico City,8851639,983,90,37498,4438
2020-06-10,Mexico,NA,Mexico City,8851639,935,94,38433,4532
2020-06-11,Mexico,NA,Mexico City,8851639,860,100,39293,4632
2020-06-12,Mexico,NA,Mexico City,8851639,907,101,40200,4733
2020-06-13,Mexico,NA,Mexico City,8851639,381,106,40581,4839
2020-06-14,Mexico,NA,Mexico City,8851639,323,88,40904,4927
2020-06-15,Mexico,NA,Mexico City,8851639,908,63,41812,4990
2020-06-16,Mexico,NA,Mexico City,8851639,967,100,42779,5090
2020-06-17,Mexico,NA,Mexico City,8851639,916,93,43695,5183
2020-06-18,Mexico,NA,Mexico City,8851639,902,85,44597,5268
2020-06-19,Mexico,NA,Mexico City,8851639,866,79,45463,5347
2020-06-20,Mexico,NA,Mexico City,8851639,425,58,45888,5405
2020-06-21,Mexico,NA,Mexico City,8851639,258,79,46146,5484
2020-06-22,Mexico,NA,Mexico City,8851639,826,59,46972,5543
2020-06-23,Mexico,NA,Mexico City,8851639,866,61,47838,5604
2020-06-24,Mexico,NA,Mexico City,8851639,791,53,48629,5657
2020-06-25,Mexico,NA,Mexico City,8851639,807,48,49436,5705
2020-06-26,Mexico,NA,Mexico City,8851639,868,62,50304,5767
2020-06-27,Mexico,NA,Mexico City,8851639,353,72,50657,5839
2020-06-28,Mexico,NA,Mexico City,8851639,290,54,50947,5893
2020-06-29,Mexico,NA,Mexico City,8851639,936,46,51883,5939
2020-06-30,Mexico,NA,Mexico City,8851639,900,61,52783,6000
2020-07-01,Mexico,NA,Mexico City,8851639,968,71,53751,6071
2020-07-02,Mexico,NA,Mexico City,8851639,850,56,54601,6127
2020-07-03,Mexico,NA,Mexico City,8851639,918,57,55519,6184
2020-07-04,Mexico,NA,Mexico City,8851639,356,62,55875,6246
2020-07-05,Mexico,NA,Mexico City,8851639,220,54,56095,6300
2020-07-06,Mexico,NA,Mexico City,8851639,955,61,57050,6361
2020-07-07,Mexico,NA,Mexico City,8851639,922,63,57972,6424
2020-07-08,Mexico,NA,Mexico City,8851639,929,43,58901,6467
2020-07-09,Mexico,NA,Mexico City,8851639,725,44,59626,6511
2020-07-10,Mexico,NA,Mexico City,8851639,831,35,60457,6546
2020-07-11,Mexico,NA,Mexico City,8851639,375,49,60832,6595
2020-07-12,Mexico,NA,Mexico City,8851639,236,57,61068,6652
2020-07-13,Mexico,NA,Mexico City,8851639,1035,41,62103,6693
2020-07-14,Mexico,NA,Mexico City,8851639,886,56,62989,6749
2020-07-15,Mexico,NA,Mexico City,8851639,1166,55,64155,6804
2020-07-16,Mexico,NA,Mexico City,8851639,1083,43,65238,6847
2020-07-17,Mexico,NA,Mexico City,8851639,1130,43,66368,6890
2020-07-18,Mexico,NA,Mexico City,8851639,628,51,66996,6941
2020-07-19,Mexico,NA,Mexico City,8851639,238,46,67234,6987
2020-07-20,Mexico,NA,Mexico City,8851639,1101,42,68335,7029
2020-07-21,Mexico,NA,Mexico City,8851639,1091,41,69426,7070
2020-07-22,Mexico,NA,Mexico City,8851639,1156,26,70582,7096
2020-07-23,Mexico,NA,Mexico City,8851639,1070,37,71652,7133
2020-07-24,Mexico,NA,Mexico City,8851639,1014,32,72666,7165
2020-07-25,Mexico,NA,Mexico City,8851639,514,45,73180,7210
2020-07-26,Mexico,NA,Mexico City,8851639,254,38,73434,7248
2020-07-27,Mexico,NA,Mexico City,8851639,1007,37,74441,7285
2020-07-28,Mexico,NA,Mexico City,8851639,993,40,75434,7325
2020-07-29,Mexico,NA,Mexico City,8851639,1013,29,76447,7354
2020-07-30,Mexico,NA,Mexico City,8851639,965,46,77412,7400
2020-07-31,Mexico,NA,Mexico City,8851639,910,36,78322,7436
2020-08-01,Mexico,NA,Mexico City,8851639,499,32,78821,7468
2020-08-02,Mexico,NA,Mexico City,8851639,219,40,79040,7508
2020-08-03,Mexico,NA,Mexico City,8851639,828,37,79868,7545
2020-08-04,Mexico,NA,Mexico City,8851639,960,45,80828,7590
2020-08-05,Mexico,NA,Mexico City,8851639,976,47,81804,7637
2020-08-06,Mexico,NA,Mexico City,8851639,867,34,82671,7671
2020-08-07,Mexico,NA,Mexico City,8851639,928,42,83599,7713
2020-08-08,Mexico,NA,Mexico City,8851639,453,50,84052,7763
2020-08-09,Mexico,NA,Mexico City,8851639,162,22,84214,7785
2020-08-10,Mexico,NA,Mexico City,8851639,817,33,85031,7818
2020-08-11,Mexico,NA,Mexico City,8851639,965,32,85996,7850
2020-08-12,Mexico,NA,Mexico City,8851639,954,38,86950,7888
2020-08-13,Mexico,NA,Mexico City,8851639,937,36,87887,7924
2020-08-14,Mexico,NA,Mexico City,8851639,964,36,88851,7960
2020-08-15,Mexico,NA,Mexico City,8851639,441,34,89292,7994
2020-08-16,Mexico,NA,Mexico City,8851639,158,28,89450,8022
2020-08-17,Mexico,NA,Mexico City,8851639,923,30,90373,8052
2020-08-18,Mexico,NA,Mexico City,8851639,1091,39,91464,8091
2020-08-19,Mexico,NA,Mexico City,8851639,1053,36,92517,8127
2020-08-20,Mexico,NA,Mexico City,8851639,859,44,93376,8171
2020-08-21,Mexico,NA,Mexico City,8851639,997,29,94373,8200
2020-08-22,Mexico,NA,Mexico City,8851639,430,33,94803,8233
2020-08-23,Mexico,NA,Mexico City,8851639,237,33,95040,8266
2020-08-24,Mexico,NA,Mexico City,8851639,952,35,95992,8301
2020-08-25,Mexico,NA,Mexico City,8851639,871,37,96863,8338
2020-08-26,Mexico,NA,Mexico City,8851639,1026,33,97889,8371
2020-08-27,Mexico,NA,Mexico City,8851639,442,26,98331,8397
2020-08-28,Mexico,NA,Mexico City,8851639,91,16,98422,8413
2020-08-29,Mexico,NA,Mexico City,8851639,27,15,98449,8428
2020-08-30,Mexico,NA,Mexico City,8851639,0,8,98449,8436
2020-08-31,Mexico,NA,Mexico City,8851639,1,0,98450,8436
2020-04-14,Mexico,NA,Michoacan,4371696,16,2,107,15
2020-04-15,Mexico,NA,Michoacan,4371696,9,1,116,16
2020-04-16,Mexico,NA,Michoacan,4371696,8,2,124,18
2020-04-17,Mexico,NA,Michoacan,4371696,14,0,138,18
2020-04-18,Mexico,NA,Michoacan,4371696,7,1,145,19
2020-04-19,Mexico,NA,Michoacan,4371696,8,2,153,21
2020-04-20,Mexico,NA,Michoacan,4371696,28,4,181,25
2020-04-21,Mexico,NA,Michoacan,4371696,12,0,193,25
2020-04-22,Mexico,NA,Michoacan,4371696,12,1,205,26
2020-04-23,Mexico,NA,Michoacan,4371696,20,3,225,29
2020-04-24,Mexico,NA,Michoacan,4371696,23,2,248,31
2020-04-25,Mexico,NA,Michoacan,4371696,27,4,275,35
2020-04-26,Mexico,NA,Michoacan,4371696,20,3,295,38
2020-04-27,Mexico,NA,Michoacan,4371696,32,1,327,39
2020-04-28,Mexico,NA,Michoacan,4371696,29,3,356,42
2020-04-29,Mexico,NA,Michoacan,4371696,23,5,379,47
2020-04-30,Mexico,NA,Michoacan,4371696,26,5,405,52
2020-05-01,Mexico,NA,Michoacan,4371696,24,2,429,54
2020-05-02,Mexico,NA,Michoacan,4371696,16,1,445,55
2020-05-03,Mexico,NA,Michoacan,4371696,27,1,472,56
2020-05-04,Mexico,NA,Michoacan,4371696,43,4,515,60
2020-05-05,Mexico,NA,Michoacan,4371696,21,5,536,65
2020-05-06,Mexico,NA,Michoacan,4371696,35,0,571,65
2020-05-07,Mexico,NA,Michoacan,4371696,29,2,600,67
2020-05-08,Mexico,NA,Michoacan,4371696,43,4,643,71
2020-05-09,Mexico,NA,Michoacan,4371696,45,4,688,75
2020-05-10,Mexico,NA,Michoacan,4371696,25,3,713,78
2020-05-11,Mexico,NA,Michoacan,4371696,69,3,782,81
2020-05-12,Mexico,NA,Michoacan,4371696,58,2,840,83
2020-05-13,Mexico,NA,Michoacan,4371696,101,6,941,89
2020-05-14,Mexico,NA,Michoacan,4371696,77,10,1018,99
2020-05-15,Mexico,NA,Michoacan,4371696,103,4,1121,103
2020-05-16,Mexico,NA,Michoacan,4371696,43,6,1164,109
2020-05-17,Mexico,NA,Michoacan,4371696,27,7,1191,116
2020-05-18,Mexico,NA,Michoacan,4371696,67,4,1258,120
2020-05-19,Mexico,NA,Michoacan,4371696,66,8,1324,128
2020-05-20,Mexico,NA,Michoacan,4371696,101,9,1425,137
2020-05-21,Mexico,NA,Michoacan,4371696,79,10,1504,147
2020-05-22,Mexico,NA,Michoacan,4371696,95,7,1599,154
2020-05-23,Mexico,NA,Michoacan,4371696,21,4,1620,158
2020-05-24,Mexico,NA,Michoacan,4371696,35,9,1655,167
2020-05-25,Mexico,NA,Michoacan,4371696,119,11,1774,178
2020-05-26,Mexico,NA,Michoacan,4371696,101,6,1875,184
2020-05-27,Mexico,NA,Michoacan,4371696,90,12,1965,196
2020-05-28,Mexico,NA,Michoacan,4371696,112,8,2077,204
2020-05-29,Mexico,NA,Michoacan,4371696,129,3,2206,207
2020-05-30,Mexico,NA,Michoacan,4371696,47,4,2253,211
2020-05-31,Mexico,NA,Michoacan,4371696,46,8,2299,219
2020-06-01,Mexico,NA,Michoacan,4371696,168,8,2467,227
2020-06-02,Mexico,NA,Michoacan,4371696,126,6,2593,233
2020-06-03,Mexico,NA,Michoacan,4371696,148,7,2741,240
2020-06-04,Mexico,NA,Michoacan,4371696,143,14,2884,254
2020-06-05,Mexico,NA,Michoacan,4371696,131,7,3015,261
2020-06-06,Mexico,NA,Michoacan,4371696,72,9,3087,270
2020-06-07,Mexico,NA,Michoacan,4371696,39,7,3126,277
2020-06-08,Mexico,NA,Michoacan,4371696,190,12,3316,289
2020-06-09,Mexico,NA,Michoacan,4371696,196,8,3512,297
2020-06-10,Mexico,NA,Michoacan,4371696,152,11,3664,308
2020-06-11,Mexico,NA,Michoacan,4371696,172,12,3836,320
2020-06-12,Mexico,NA,Michoacan,4371696,196,9,4032,329
2020-06-13,Mexico,NA,Michoacan,4371696,79,14,4111,343
2020-06-14,Mexico,NA,Michoacan,4371696,48,18,4159,361
2020-06-15,Mexico,NA,Michoacan,4371696,203,20,4362,381
2020-06-16,Mexico,NA,Michoacan,4371696,194,15,4556,396
2020-06-17,Mexico,NA,Michoacan,4371696,200,24,4756,420
2020-06-18,Mexico,NA,Michoacan,4371696,164,12,4920,432
2020-06-19,Mexico,NA,Michoacan,4371696,244,14,5164,446
2020-06-20,Mexico,NA,Michoacan,4371696,122,14,5286,460
2020-06-21,Mexico,NA,Michoacan,4371696,50,10,5336,470
2020-06-22,Mexico,NA,Michoacan,4371696,218,8,5554,478
2020-06-23,Mexico,NA,Michoacan,4371696,196,10,5750,488
2020-06-24,Mexico,NA,Michoacan,4371696,168,10,5918,498
2020-06-25,Mexico,NA,Michoacan,4371696,155,6,6073,504
2020-06-26,Mexico,NA,Michoacan,4371696,104,8,6177,512
2020-06-27,Mexico,NA,Michoacan,4371696,70,17,6247,529
2020-06-28,Mexico,NA,Michoacan,4371696,29,11,6276,540
2020-06-29,Mexico,NA,Michoacan,4371696,171,6,6447,546
2020-06-30,Mexico,NA,Michoacan,4371696,166,7,6613,553
2020-07-01,Mexico,NA,Michoacan,4371696,116,12,6729,565
2020-07-02,Mexico,NA,Michoacan,4371696,119,9,6848,574
2020-07-03,Mexico,NA,Michoacan,4371696,127,5,6975,579
2020-07-04,Mexico,NA,Michoacan,4371696,43,8,7018,587
2020-07-05,Mexico,NA,Michoacan,4371696,33,10,7051,597
2020-07-06,Mexico,NA,Michoacan,4371696,137,10,7188,607
2020-07-07,Mexico,NA,Michoacan,4371696,127,7,7315,614
2020-07-08,Mexico,NA,Michoacan,4371696,121,10,7436,624
2020-07-09,Mexico,NA,Michoacan,4371696,113,5,7549,629
2020-07-10,Mexico,NA,Michoacan,4371696,115,8,7664,637
2020-07-11,Mexico,NA,Michoacan,4371696,68,15,7732,652
2020-07-12,Mexico,NA,Michoacan,4371696,42,10,7774,662
2020-07-13,Mexico,NA,Michoacan,4371696,143,12,7917,674
2020-07-14,Mexico,NA,Michoacan,4371696,141,8,8058,682
2020-07-15,Mexico,NA,Michoacan,4371696,131,14,8189,696
2020-07-16,Mexico,NA,Michoacan,4371696,119,6,8308,702
2020-07-17,Mexico,NA,Michoacan,4371696,158,12,8466,714
2020-07-18,Mexico,NA,Michoacan,4371696,84,4,8550,718
2020-07-19,Mexico,NA,Michoacan,4371696,46,4,8596,722
2020-07-20,Mexico,NA,Michoacan,4371696,191,5,8787,727
2020-07-21,Mexico,NA,Michoacan,4371696,170,3,8957,730
2020-07-22,Mexico,NA,Michoacan,4371696,163,5,9120,735
2020-07-23,Mexico,NA,Michoacan,4371696,188,8,9308,743
2020-07-24,Mexico,NA,Michoacan,4371696,181,11,9489,754
2020-07-25,Mexico,NA,Michoacan,4371696,79,15,9568,769
2020-07-26,Mexico,NA,Michoacan,4371696,59,17,9627,786
2020-07-27,Mexico,NA,Michoacan,4371696,204,13,9831,799
2020-07-28,Mexico,NA,Michoacan,4371696,233,11,10064,810
2020-07-29,Mexico,NA,Michoacan,4371696,205,14,10269,824
2020-07-30,Mexico,NA,Michoacan,4371696,175,8,10444,832
2020-07-31,Mexico,NA,Michoacan,4371696,174,8,10618,840
2020-08-01,Mexico,NA,Michoacan,4371696,74,17,10692,857
2020-08-02,Mexico,NA,Michoacan,4371696,46,8,10738,865
2020-08-03,Mexico,NA,Michoacan,4371696,201,18,10939,883
2020-08-04,Mexico,NA,Michoacan,4371696,190,7,11129,890
2020-08-05,Mexico,NA,Michoacan,4371696,196,10,11325,900
2020-08-06,Mexico,NA,Michoacan,4371696,199,12,11524,912
2020-08-07,Mexico,NA,Michoacan,4371696,203,15,11727,927
2020-08-08,Mexico,NA,Michoacan,4371696,87,15,11814,942
2020-08-09,Mexico,NA,Michoacan,4371696,67,15,11881,957
2020-08-10,Mexico,NA,Michoacan,4371696,248,15,12129,972
2020-08-11,Mexico,NA,Michoacan,4371696,257,14,12386,986
2020-08-12,Mexico,NA,Michoacan,4371696,190,14,12576,1000
2020-08-13,Mexico,NA,Michoacan,4371696,166,8,12742,1008
2020-08-14,Mexico,NA,Michoacan,4371696,203,11,12945,1019
2020-08-15,Mexico,NA,Michoacan,4371696,81,14,13026,1033
2020-08-16,Mexico,NA,Michoacan,4371696,59,11,13085,1044
2020-08-17,Mexico,NA,Michoacan,4371696,273,19,13358,1063
2020-08-18,Mexico,NA,Michoacan,4371696,244,13,13602,1076
2020-08-19,Mexico,NA,Michoacan,4371696,218,15,13820,1091
2020-08-20,Mexico,NA,Michoacan,4371696,232,4,14052,1095
2020-08-21,Mexico,NA,Michoacan,4371696,200,14,14252,1109
2020-08-22,Mexico,NA,Michoacan,4371696,79,15,14331,1124
2020-08-23,Mexico,NA,Michoacan,4371696,66,13,14397,1137
2020-08-24,Mexico,NA,Michoacan,4371696,269,6,14666,1143
2020-08-25,Mexico,NA,Michoacan,4371696,218,8,14884,1151
2020-08-26,Mexico,NA,Michoacan,4371696,138,10,15022,1161
2020-08-27,Mexico,NA,Michoacan,4371696,76,3,15098,1164
2020-08-28,Mexico,NA,Michoacan,4371696,18,5,15116,1169
2020-04-15,Mexico,NA,Morelos,1781720,10,2,103,14
2020-04-16,Mexico,NA,Morelos,1781720,8,1,111,15
2020-04-17,Mexico,NA,Morelos,1781720,12,3,123,18
2020-04-18,Mexico,NA,Morelos,1781720,9,0,132,18
2020-04-19,Mexico,NA,Morelos,1781720,18,4,150,22
2020-04-20,Mexico,NA,Morelos,1781720,33,6,183,28
2020-04-21,Mexico,NA,Morelos,1781720,22,6,205,34
2020-04-22,Mexico,NA,Morelos,1781720,32,8,237,42
2020-04-23,Mexico,NA,Morelos,1781720,30,6,267,48
2020-04-24,Mexico,NA,Morelos,1781720,36,4,303,52
2020-04-25,Mexico,NA,Morelos,1781720,14,7,317,59
2020-04-26,Mexico,NA,Morelos,1781720,34,8,351,67
2020-04-27,Mexico,NA,Morelos,1781720,48,7,399,74
2020-04-28,Mexico,NA,Morelos,1781720,30,9,429,83
2020-04-29,Mexico,NA,Morelos,1781720,50,11,479,94
2020-04-30,Mexico,NA,Morelos,1781720,41,8,520,102
2020-05-01,Mexico,NA,Morelos,1781720,35,15,555,117
2020-05-02,Mexico,NA,Morelos,1781720,29,16,584,133
2020-05-03,Mexico,NA,Morelos,1781720,50,12,634,145
2020-05-04,Mexico,NA,Morelos,1781720,56,20,690,165
2020-05-05,Mexico,NA,Morelos,1781720,53,16,743,181
2020-05-06,Mexico,NA,Morelos,1781720,56,14,799,195
2020-05-07,Mexico,NA,Morelos,1781720,49,12,848,207
2020-05-08,Mexico,NA,Morelos,1781720,44,13,892,220
2020-05-09,Mexico,NA,Morelos,1781720,27,13,919,233
2020-05-10,Mexico,NA,Morelos,1781720,32,16,951,249
2020-05-11,Mexico,NA,Morelos,1781720,64,16,1015,265
2020-05-12,Mexico,NA,Morelos,1781720,58,12,1073,277
2020-05-13,Mexico,NA,Morelos,1781720,60,22,1133,299
2020-05-14,Mexico,NA,Morelos,1781720,43,10,1176,309
2020-05-15,Mexico,NA,Morelos,1781720,54,10,1230,319
2020-05-16,Mexico,NA,Morelos,1781720,28,9,1258,328
2020-05-17,Mexico,NA,Morelos,1781720,26,10,1284,338
2020-05-18,Mexico,NA,Morelos,1781720,48,15,1332,353
2020-05-19,Mexico,NA,Morelos,1781720,54,18,1386,371
2020-05-20,Mexico,NA,Morelos,1781720,47,22,1433,393
2020-05-21,Mexico,NA,Morelos,1781720,53,15,1486,408
2020-05-22,Mexico,NA,Morelos,1781720,63,9,1549,417
2020-05-23,Mexico,NA,Morelos,1781720,25,15,1574,432
2020-05-24,Mexico,NA,Morelos,1781720,21,7,1595,439
2020-05-25,Mexico,NA,Morelos,1781720,69,9,1664,448
2020-05-26,Mexico,NA,Morelos,1781720,75,10,1739,458
2020-05-27,Mexico,NA,Morelos,1781720,41,6,1780,464
2020-05-28,Mexico,NA,Morelos,1781720,61,7,1841,471
2020-05-29,Mexico,NA,Morelos,1781720,51,5,1892,476
2020-05-30,Mexico,NA,Morelos,1781720,27,7,1919,483
2020-05-31,Mexico,NA,Morelos,1781720,31,12,1950,495
2020-06-01,Mexico,NA,Morelos,1781720,63,13,2013,508
2020-06-02,Mexico,NA,Morelos,1781720,51,13,2064,521
2020-06-03,Mexico,NA,Morelos,1781720,56,6,2120,527
2020-06-04,Mexico,NA,Morelos,1781720,46,7,2166,534
2020-06-05,Mexico,NA,Morelos,1781720,58,8,2224,542
2020-06-06,Mexico,NA,Morelos,1781720,26,11,2250,553
2020-06-07,Mexico,NA,Morelos,1781720,21,8,2271,561
2020-06-08,Mexico,NA,Morelos,1781720,88,9,2359,570
2020-06-09,Mexico,NA,Morelos,1781720,56,9,2415,579
2020-06-10,Mexico,NA,Morelos,1781720,53,12,2468,591
2020-06-11,Mexico,NA,Morelos,1781720,58,8,2526,599
2020-06-12,Mexico,NA,Morelos,1781720,58,8,2584,607
2020-06-13,Mexico,NA,Morelos,1781720,38,9,2622,616
2020-06-14,Mexico,NA,Morelos,1781720,31,8,2653,624
2020-06-15,Mexico,NA,Morelos,1781720,63,7,2716,631
2020-06-16,Mexico,NA,Morelos,1781720,59,11,2775,642
2020-06-17,Mexico,NA,Morelos,1781720,47,7,2822,649
2020-06-18,Mexico,NA,Morelos,1781720,38,5,2860,654
2020-06-19,Mexico,NA,Morelos,1781720,60,9,2920,663
2020-06-20,Mexico,NA,Morelos,1781720,21,3,2941,666
2020-06-21,Mexico,NA,Morelos,1781720,17,9,2958,675
2020-06-22,Mexico,NA,Morelos,1781720,34,7,2992,682
2020-06-23,Mexico,NA,Morelos,1781720,43,9,3035,691
2020-06-24,Mexico,NA,Morelos,1781720,59,4,3094,695
2020-06-25,Mexico,NA,Morelos,1781720,29,1,3123,696
2020-06-26,Mexico,NA,Morelos,1781720,36,7,3159,703
2020-06-27,Mexico,NA,Morelos,1781720,15,3,3174,706
2020-06-28,Mexico,NA,Morelos,1781720,18,4,3192,710
2020-06-29,Mexico,NA,Morelos,1781720,52,9,3244,719
2020-06-30,Mexico,NA,Morelos,1781720,30,6,3274,725
2020-07-01,Mexico,NA,Morelos,1781720,39,8,3313,733
2020-07-02,Mexico,NA,Morelos,1781720,36,4,3349,737
2020-07-03,Mexico,NA,Morelos,1781720,35,6,3384,743
2020-07-04,Mexico,NA,Morelos,1781720,11,5,3395,748
2020-07-05,Mexico,NA,Morelos,1781720,12,4,3407,752
2020-07-06,Mexico,NA,Morelos,1781720,41,3,3448,755
2020-07-07,Mexico,NA,Morelos,1781720,38,3,3486,758
2020-07-08,Mexico,NA,Morelos,1781720,24,4,3510,762
2020-07-09,Mexico,NA,Morelos,1781720,34,4,3544,766
2020-07-10,Mexico,NA,Morelos,1781720,38,7,3582,773
2020-07-11,Mexico,NA,Morelos,1781720,14,4,3596,777
2020-07-12,Mexico,NA,Morelos,1781720,17,2,3613,779
2020-07-13,Mexico,NA,Morelos,1781720,50,7,3663,786
2020-07-14,Mexico,NA,Morelos,1781720,42,4,3705,790
2020-07-15,Mexico,NA,Morelos,1781720,38,3,3743,793
2020-07-16,Mexico,NA,Morelos,1781720,39,5,3782,798
2020-07-17,Mexico,NA,Morelos,1781720,40,4,3822,802
2020-07-18,Mexico,NA,Morelos,1781720,13,3,3835,805
2020-07-19,Mexico,NA,Morelos,1781720,15,8,3850,813
2020-07-20,Mexico,NA,Morelos,1781720,47,3,3897,816
2020-07-21,Mexico,NA,Morelos,1781720,41,5,3938,821
2020-07-22,Mexico,NA,Morelos,1781720,35,1,3973,822
2020-07-23,Mexico,NA,Morelos,1781720,39,4,4012,826
2020-07-24,Mexico,NA,Morelos,1781720,36,12,4048,838
2020-07-25,Mexico,NA,Morelos,1781720,19,4,4067,842
2020-07-26,Mexico,NA,Morelos,1781720,20,3,4087,845
2020-07-27,Mexico,NA,Morelos,1781720,49,2,4136,847
2020-07-28,Mexico,NA,Morelos,1781720,48,3,4184,850
2020-07-29,Mexico,NA,Morelos,1781720,43,2,4227,852
2020-07-30,Mexico,NA,Morelos,1781720,49,2,4276,854
2020-07-31,Mexico,NA,Morelos,1781720,47,3,4323,857
2020-08-01,Mexico,NA,Morelos,1781720,18,3,4341,860
2020-08-02,Mexico,NA,Morelos,1781720,18,3,4359,863
2020-08-03,Mexico,NA,Morelos,1781720,38,10,4397,873
2020-08-04,Mexico,NA,Morelos,1781720,50,6,4447,879
2020-08-05,Mexico,NA,Morelos,1781720,32,5,4479,884
2020-08-06,Mexico,NA,Morelos,1781720,45,9,4524,893
2020-08-07,Mexico,NA,Morelos,1781720,41,6,4565,899
2020-08-08,Mexico,NA,Morelos,1781720,14,4,4579,903
2020-08-09,Mexico,NA,Morelos,1781720,20,4,4599,907
2020-08-10,Mexico,NA,Morelos,1781720,46,5,4645,912
2020-08-11,Mexico,NA,Morelos,1781720,55,9,4700,921
2020-08-12,Mexico,NA,Morelos,1781720,44,2,4744,923
2020-08-13,Mexico,NA,Morelos,1781720,37,6,4781,929
2020-08-14,Mexico,NA,Morelos,1781720,39,3,4820,932
2020-08-15,Mexico,NA,Morelos,1781720,15,2,4835,934
2020-08-16,Mexico,NA,Morelos,1781720,6,7,4841,941
2020-08-17,Mexico,NA,Morelos,1781720,51,3,4892,944
2020-08-18,Mexico,NA,Morelos,1781720,43,5,4935,949
2020-08-19,Mexico,NA,Morelos,1781720,28,1,4963,950
2020-08-20,Mexico,NA,Morelos,1781720,41,2,5004,952
2020-08-21,Mexico,NA,Morelos,1781720,24,2,5028,954
2020-08-22,Mexico,NA,Morelos,1781720,14,2,5042,956
2020-08-23,Mexico,NA,Morelos,1781720,6,1,5048,957
2020-08-24,Mexico,NA,Morelos,1781720,45,3,5093,960
2020-08-25,Mexico,NA,Morelos,1781720,39,5,5132,965
2020-08-26,Mexico,NA,Morelos,1781720,30,2,5162,967
2020-08-27,Mexico,NA,Morelos,1781720,30,2,5192,969
2020-08-28,Mexico,NA,Morelos,1781720,19,3,5211,972
2020-04-28,Mexico,NA,Nayarit,1093466,15,0,105,11
2020-04-29,Mexico,NA,Nayarit,1093466,6,0,111,11
2020-04-30,Mexico,NA,Nayarit,1093466,13,0,124,11
2020-05-01,Mexico,NA,Nayarit,1093466,7,0,131,11
2020-05-02,Mexico,NA,Nayarit,1093466,15,1,146,12
2020-05-03,Mexico,NA,Nayarit,1093466,15,2,161,14
2020-05-04,Mexico,NA,Nayarit,1093466,16,3,177,17
2020-05-05,Mexico,NA,Nayarit,1093466,24,2,201,19
2020-05-06,Mexico,NA,Nayarit,1093466,17,0,218,19
2020-05-07,Mexico,NA,Nayarit,1093466,15,1,233,20
2020-05-08,Mexico,NA,Nayarit,1093466,6,1,239,21
2020-05-09,Mexico,NA,Nayarit,1093466,7,0,246,21
2020-05-10,Mexico,NA,Nayarit,1093466,9,2,255,23
2020-05-11,Mexico,NA,Nayarit,1093466,20,1,275,24
2020-05-12,Mexico,NA,Nayarit,1093466,18,0,293,24
2020-05-13,Mexico,NA,Nayarit,1093466,15,0,308,24
2020-05-14,Mexico,NA,Nayarit,1093466,19,4,327,28
2020-05-15,Mexico,NA,Nayarit,1093466,17,2,344,30
2020-05-16,Mexico,NA,Nayarit,1093466,3,2,347,32
2020-05-17,Mexico,NA,Nayarit,1093466,6,3,353,35
2020-05-18,Mexico,NA,Nayarit,1093466,18,2,371,37
2020-05-19,Mexico,NA,Nayarit,1093466,24,3,395,40
2020-05-20,Mexico,NA,Nayarit,1093466,18,0,413,40
2020-05-21,Mexico,NA,Nayarit,1093466,19,2,432,42
2020-05-22,Mexico,NA,Nayarit,1093466,26,1,458,43
2020-05-23,Mexico,NA,Nayarit,1093466,13,0,471,43
2020-05-24,Mexico,NA,Nayarit,1093466,8,2,479,45
2020-05-25,Mexico,NA,Nayarit,1093466,19,0,498,45
2020-05-26,Mexico,NA,Nayarit,1093466,29,3,527,48
2020-05-27,Mexico,NA,Nayarit,1093466,35,5,562,53
2020-05-28,Mexico,NA,Nayarit,1093466,33,6,595,59
2020-05-29,Mexico,NA,Nayarit,1093466,30,2,625,61
2020-05-30,Mexico,NA,Nayarit,1093466,22,6,647,67
2020-05-31,Mexico,NA,Nayarit,1093466,11,5,658,72
2020-06-01,Mexico,NA,Nayarit,1093466,23,1,681,73
2020-06-02,Mexico,NA,Nayarit,1093466,43,6,724,79
2020-06-03,Mexico,NA,Nayarit,1093466,34,3,758,82
2020-06-04,Mexico,NA,Nayarit,1093466,29,3,787,85
2020-06-05,Mexico,NA,Nayarit,1093466,38,0,825,85
2020-06-06,Mexico,NA,Nayarit,1093466,23,8,848,93
2020-06-07,Mexico,NA,Nayarit,1093466,16,4,864,97
2020-06-08,Mexico,NA,Nayarit,1093466,42,7,906,104
2020-06-09,Mexico,NA,Nayarit,1093466,40,5,946,109
2020-06-10,Mexico,NA,Nayarit,1093466,32,3,978,112
2020-06-11,Mexico,NA,Nayarit,1093466,45,4,1023,116
2020-06-12,Mexico,NA,Nayarit,1093466,57,1,1080,117
2020-06-13,Mexico,NA,Nayarit,1093466,27,1,1107,118
2020-06-14,Mexico,NA,Nayarit,1093466,21,8,1128,126
2020-06-15,Mexico,NA,Nayarit,1093466,49,4,1177,130
2020-06-16,Mexico,NA,Nayarit,1093466,35,5,1212,135
2020-06-17,Mexico,NA,Nayarit,1093466,42,7,1254,142
2020-06-18,Mexico,NA,Nayarit,1093466,46,5,1300,147
2020-06-19,Mexico,NA,Nayarit,1093466,44,9,1344,156
2020-06-20,Mexico,NA,Nayarit,1093466,31,9,1375,165
2020-06-21,Mexico,NA,Nayarit,1093466,33,9,1408,174
2020-06-22,Mexico,NA,Nayarit,1093466,77,3,1485,177
2020-06-23,Mexico,NA,Nayarit,1093466,49,6,1534,183
2020-06-24,Mexico,NA,Nayarit,1093466,48,5,1582,188
2020-06-25,Mexico,NA,Nayarit,1093466,43,8,1625,196
2020-06-26,Mexico,NA,Nayarit,1093466,49,1,1674,197
2020-06-27,Mexico,NA,Nayarit,1093466,44,6,1718,203
2020-06-28,Mexico,NA,Nayarit,1093466,24,8,1742,211
2020-06-29,Mexico,NA,Nayarit,1093466,59,7,1801,218
2020-06-30,Mexico,NA,Nayarit,1093466,60,4,1861,222
2020-07-01,Mexico,NA,Nayarit,1093466,61,1,1922,223
2020-07-02,Mexico,NA,Nayarit,1093466,53,1,1975,224
2020-07-03,Mexico,NA,Nayarit,1093466,60,4,2035,228
2020-07-04,Mexico,NA,Nayarit,1093466,42,3,2077,231
2020-07-05,Mexico,NA,Nayarit,1093466,19,7,2096,238
2020-07-06,Mexico,NA,Nayarit,1093466,77,7,2173,245
2020-07-07,Mexico,NA,Nayarit,1093466,63,6,2236,251
2020-07-08,Mexico,NA,Nayarit,1093466,43,5,2279,256
2020-07-09,Mexico,NA,Nayarit,1093466,60,8,2339,264
2020-07-10,Mexico,NA,Nayarit,1093466,77,4,2416,268
2020-07-11,Mexico,NA,Nayarit,1093466,42,5,2458,273
2020-07-12,Mexico,NA,Nayarit,1093466,32,6,2490,279
2020-07-13,Mexico,NA,Nayarit,1093466,74,8,2564,287
2020-07-14,Mexico,NA,Nayarit,1093466,52,6,2616,293
2020-07-15,Mexico,NA,Nayarit,1093466,63,4,2679,297
2020-07-16,Mexico,NA,Nayarit,1093466,66,5,2745,302
2020-07-17,Mexico,NA,Nayarit,1093466,61,6,2806,308
2020-07-18,Mexico,NA,Nayarit,1093466,51,3,2857,311
2020-07-19,Mexico,NA,Nayarit,1093466,39,13,2896,324
2020-07-20,Mexico,NA,Nayarit,1093466,75,5,2971,329
2020-07-21,Mexico,NA,Nayarit,1093466,73,9,3044,338
2020-07-22,Mexico,NA,Nayarit,1093466,85,7,3129,345
2020-07-23,Mexico,NA,Nayarit,1093466,65,10,3194,355
2020-07-24,Mexico,NA,Nayarit,1093466,81,1,3275,356
2020-07-25,Mexico,NA,Nayarit,1093466,33,9,3308,365
2020-07-26,Mexico,NA,Nayarit,1093466,31,8,3339,373
2020-07-27,Mexico,NA,Nayarit,1093466,77,6,3416,379
2020-07-28,Mexico,NA,Nayarit,1093466,61,9,3477,388
2020-07-29,Mexico,NA,Nayarit,1093466,50,10,3527,398
2020-07-30,Mexico,NA,Nayarit,1093466,55,6,3582,404
2020-07-31,Mexico,NA,Nayarit,1093466,63,3,3645,407
2020-08-01,Mexico,NA,Nayarit,1093466,36,7,3681,414
2020-08-02,Mexico,NA,Nayarit,1093466,30,11,3711,425
2020-08-03,Mexico,NA,Nayarit,1093466,68,6,3779,431
2020-08-04,Mexico,NA,Nayarit,1093466,68,6,3847,437
2020-08-05,Mexico,NA,Nayarit,1093466,56,7,3903,444
2020-08-06,Mexico,NA,Nayarit,1093466,55,7,3958,451
2020-08-07,Mexico,NA,Nayarit,1093466,50,3,4008,454
2020-08-08,Mexico,NA,Nayarit,1093466,45,7,4053,461
2020-08-09,Mexico,NA,Nayarit,1093466,37,8,4090,469
2020-08-10,Mexico,NA,Nayarit,1093466,67,6,4157,475
2020-08-11,Mexico,NA,Nayarit,1093466,52,3,4209,478
2020-08-12,Mexico,NA,Nayarit,1093466,72,2,4281,480
2020-08-13,Mexico,NA,Nayarit,1093466,67,6,4348,486
2020-08-14,Mexico,NA,Nayarit,1093466,53,9,4401,495
2020-08-15,Mexico,NA,Nayarit,1093466,39,11,4440,506
2020-08-16,Mexico,NA,Nayarit,1093466,25,3,4465,509
2020-08-17,Mexico,NA,Nayarit,1093466,49,9,4514,518
2020-08-18,Mexico,NA,Nayarit,1093466,55,7,4569,525
2020-08-19,Mexico,NA,Nayarit,1093466,52,6,4621,531
2020-08-20,Mexico,NA,Nayarit,1093466,35,14,4656,545
2020-08-21,Mexico,NA,Nayarit,1093466,42,4,4698,549
2020-08-22,Mexico,NA,Nayarit,1093466,33,6,4731,555
2020-08-23,Mexico,NA,Nayarit,1093466,22,3,4753,558
2020-08-24,Mexico,NA,Nayarit,1093466,83,5,4836,563
2020-08-25,Mexico,NA,Nayarit,1093466,50,7,4886,570
2020-08-26,Mexico,NA,Nayarit,1093466,50,5,4936,575
2020-08-27,Mexico,NA,Nayarit,1093466,42,3,4978,578
2020-08-28,Mexico,NA,Nayarit,1093466,22,2,5000,580
2020-08-29,Mexico,NA,Nayarit,1093466,3,0,5003,580
2020-04-04,Mexico,NA,Nuevo Leon,4666880,3,0,101,2
2020-04-05,Mexico,NA,Nuevo Leon,4666880,1,1,102,3
2020-04-06,Mexico,NA,Nuevo Leon,4666880,10,0,112,3
2020-04-07,Mexico,NA,Nuevo Leon,4666880,7,2,119,5
2020-04-08,Mexico,NA,Nuevo Leon,4666880,9,0,128,5
2020-04-09,Mexico,NA,Nuevo Leon,4666880,1,0,129,5
2020-04-10,Mexico,NA,Nuevo Leon,4666880,21,0,150,5
2020-04-11,Mexico,NA,Nuevo Leon,4666880,8,0,158,5
2020-04-12,Mexico,NA,Nuevo Leon,4666880,15,0,173,5
2020-04-13,Mexico,NA,Nuevo Leon,4666880,20,1,193,6
2020-04-14,Mexico,NA,Nuevo Leon,4666880,18,0,211,6
2020-04-15,Mexico,NA,Nuevo Leon,4666880,6,0,217,6
2020-04-16,Mexico,NA,Nuevo Leon,4666880,12,1,229,7
2020-04-17,Mexico,NA,Nuevo Leon,4666880,9,0,238,7
2020-04-18,Mexico,NA,Nuevo Leon,4666880,6,0,244,7
2020-04-19,Mexico,NA,Nuevo Leon,4666880,2,1,246,8
2020-04-20,Mexico,NA,Nuevo Leon,4666880,12,1,258,9
2020-04-21,Mexico,NA,Nuevo Leon,4666880,17,0,275,9
2020-04-22,Mexico,NA,Nuevo Leon,4666880,17,2,292,11
2020-04-23,Mexico,NA,Nuevo Leon,4666880,6,1,298,12
2020-04-24,Mexico,NA,Nuevo Leon,4666880,6,1,304,13
2020-04-25,Mexico,NA,Nuevo Leon,4666880,6,1,310,14
2020-04-26,Mexico,NA,Nuevo Leon,4666880,8,1,318,15
2020-04-27,Mexico,NA,Nuevo Leon,4666880,20,2,338,17
2020-04-28,Mexico,NA,Nuevo Leon,4666880,27,2,365,19
2020-04-29,Mexico,NA,Nuevo Leon,4666880,22,2,387,21
2020-04-30,Mexico,NA,Nuevo Leon,4666880,28,1,415,22
2020-05-01,Mexico,NA,Nuevo Leon,4666880,27,2,442,24
2020-05-02,Mexico,NA,Nuevo Leon,4666880,22,3,464,27
2020-05-03,Mexico,NA,Nuevo Leon,4666880,9,2,473,29
2020-05-04,Mexico,NA,Nuevo Leon,4666880,40,2,513,31
2020-05-05,Mexico,NA,Nuevo Leon,4666880,63,3,576,34
2020-05-06,Mexico,NA,Nuevo Leon,4666880,26,2,602,36
2020-05-07,Mexico,NA,Nuevo Leon,4666880,24,2,626,38
2020-05-08,Mexico,NA,Nuevo Leon,4666880,30,0,656,38
2020-05-09,Mexico,NA,Nuevo Leon,4666880,27,3,683,41
2020-05-10,Mexico,NA,Nuevo Leon,4666880,21,3,704,44
2020-05-11,Mexico,NA,Nuevo Leon,4666880,42,3,746,47
2020-05-12,Mexico,NA,Nuevo Leon,4666880,36,4,782,51
2020-05-13,Mexico,NA,Nuevo Leon,4666880,67,4,849,55
2020-05-14,Mexico,NA,Nuevo Leon,4666880,38,3,887,58
2020-05-15,Mexico,NA,Nuevo Leon,4666880,76,4,963,62
2020-05-16,Mexico,NA,Nuevo Leon,4666880,30,3,993,65
2020-05-17,Mexico,NA,Nuevo Leon,4666880,11,3,1004,68
2020-05-18,Mexico,NA,Nuevo Leon,4666880,46,4,1050,72
2020-05-19,Mexico,NA,Nuevo Leon,4666880,39,5,1089,77
2020-05-20,Mexico,NA,Nuevo Leon,4666880,61,6,1150,83
2020-05-21,Mexico,NA,Nuevo Leon,4666880,34,3,1184,86
2020-05-22,Mexico,NA,Nuevo Leon,4666880,50,3,1234,89
2020-05-23,Mexico,NA,Nuevo Leon,4666880,35,2,1269,91
2020-05-24,Mexico,NA,Nuevo Leon,4666880,26,1,1295,92
2020-05-25,Mexico,NA,Nuevo Leon,4666880,81,9,1376,101
2020-05-26,Mexico,NA,Nuevo Leon,4666880,118,5,1494,106
2020-05-27,Mexico,NA,Nuevo Leon,4666880,69,4,1563,110
2020-05-28,Mexico,NA,Nuevo Leon,4666880,63,4,1626,114
2020-05-29,Mexico,NA,Nuevo Leon,4666880,68,6,1694,120
2020-05-30,Mexico,NA,Nuevo Leon,4666880,42,3,1736,123
2020-05-31,Mexico,NA,Nuevo Leon,4666880,21,2,1757,125
2020-06-01,Mexico,NA,Nuevo Leon,4666880,83,4,1840,129
2020-06-02,Mexico,NA,Nuevo Leon,4666880,93,2,1933,131
2020-06-03,Mexico,NA,Nuevo Leon,4666880,75,8,2008,139
2020-06-04,Mexico,NA,Nuevo Leon,4666880,131,10,2139,149
2020-06-05,Mexico,NA,Nuevo Leon,4666880,147,3,2286,152
2020-06-06,Mexico,NA,Nuevo Leon,4666880,77,7,2363,159
2020-06-07,Mexico,NA,Nuevo Leon,4666880,43,3,2406,162
2020-06-08,Mexico,NA,Nuevo Leon,4666880,202,5,2608,167
2020-06-09,Mexico,NA,Nuevo Leon,4666880,154,6,2762,173
2020-06-10,Mexico,NA,Nuevo Leon,4666880,221,7,2983,180
2020-06-11,Mexico,NA,Nuevo Leon,4666880,199,5,3182,185
2020-06-12,Mexico,NA,Nuevo Leon,4666880,244,10,3426,195
2020-06-13,Mexico,NA,Nuevo Leon,4666880,165,10,3591,205
2020-06-14,Mexico,NA,Nuevo Leon,4666880,104,6,3695,211
2020-06-15,Mexico,NA,Nuevo Leon,4666880,276,13,3971,224
2020-06-16,Mexico,NA,Nuevo Leon,4666880,215,11,4186,235
2020-06-17,Mexico,NA,Nuevo Leon,4666880,179,11,4365,246
2020-06-18,Mexico,NA,Nuevo Leon,4666880,230,11,4595,257
2020-06-19,Mexico,NA,Nuevo Leon,4666880,212,10,4807,267
2020-06-20,Mexico,NA,Nuevo Leon,4666880,173,7,4980,274
2020-06-21,Mexico,NA,Nuevo Leon,4666880,103,14,5083,288
2020-06-22,Mexico,NA,Nuevo Leon,4666880,295,12,5378,300
2020-06-23,Mexico,NA,Nuevo Leon,4666880,309,11,5687,311
2020-06-24,Mexico,NA,Nuevo Leon,4666880,305,11,5992,322
2020-06-25,Mexico,NA,Nuevo Leon,4666880,314,10,6306,332
2020-06-26,Mexico,NA,Nuevo Leon,4666880,325,20,6631,352
2020-06-27,Mexico,NA,Nuevo Leon,4666880,210,13,6841,365
2020-06-28,Mexico,NA,Nuevo Leon,4666880,175,14,7016,379
2020-06-29,Mexico,NA,Nuevo Leon,4666880,404,16,7420,395
2020-06-30,Mexico,NA,Nuevo Leon,4666880,374,23,7794,418
2020-07-01,Mexico,NA,Nuevo Leon,4666880,431,20,8225,438
2020-07-02,Mexico,NA,Nuevo Leon,4666880,343,28,8568,466
2020-07-03,Mexico,NA,Nuevo Leon,4666880,346,21,8914,487
2020-07-04,Mexico,NA,Nuevo Leon,4666880,229,19,9143,506
2020-07-05,Mexico,NA,Nuevo Leon,4666880,195,27,9338,533
2020-07-06,Mexico,NA,Nuevo Leon,4666880,532,27,9870,560
2020-07-07,Mexico,NA,Nuevo Leon,4666880,491,19,10361,579
2020-07-08,Mexico,NA,Nuevo Leon,4666880,453,24,10814,603
2020-07-09,Mexico,NA,Nuevo Leon,4666880,494,26,11308,629
2020-07-10,Mexico,NA,Nuevo Leon,4666880,460,16,11768,645
2020-07-11,Mexico,NA,Nuevo Leon,4666880,317,22,12085,667
2020-07-12,Mexico,NA,Nuevo Leon,4666880,239,26,12324,693
2020-07-13,Mexico,NA,Nuevo Leon,4666880,572,31,12896,724
2020-07-14,Mexico,NA,Nuevo Leon,4666880,576,30,13472,754
2020-07-15,Mexico,NA,Nuevo Leon,4666880,577,39,14049,793
2020-07-16,Mexico,NA,Nuevo Leon,4666880,560,30,14609,823
2020-07-17,Mexico,NA,Nuevo Leon,4666880,517,29,15126,852
2020-07-18,Mexico,NA,Nuevo Leon,4666880,245,37,15371,889
2020-07-19,Mexico,NA,Nuevo Leon,4666880,190,33,15561,922
2020-07-20,Mexico,NA,Nuevo Leon,4666880,567,29,16128,951
2020-07-21,Mexico,NA,Nuevo Leon,4666880,579,36,16707,987
2020-07-22,Mexico,NA,Nuevo Leon,4666880,524,42,17231,1029
2020-07-23,Mexico,NA,Nuevo Leon,4666880,603,37,17834,1066
2020-07-24,Mexico,NA,Nuevo Leon,4666880,540,38,18374,1104
2020-07-25,Mexico,NA,Nuevo Leon,4666880,269,27,18643,1131
2020-07-26,Mexico,NA,Nuevo Leon,4666880,133,36,18776,1167
2020-07-27,Mexico,NA,Nuevo Leon,4666880,212,46,18988,1213
2020-07-28,Mexico,NA,Nuevo Leon,4666880,361,47,19349,1260
2020-07-29,Mexico,NA,Nuevo Leon,4666880,295,29,19644,1289
2020-07-30,Mexico,NA,Nuevo Leon,4666880,347,30,19991,1319
2020-07-31,Mexico,NA,Nuevo Leon,4666880,328,29,20319,1348
2020-08-01,Mexico,NA,Nuevo Leon,4666880,122,33,20441,1381
2020-08-02,Mexico,NA,Nuevo Leon,4666880,106,36,20547,1417
2020-08-03,Mexico,NA,Nuevo Leon,4666880,363,31,20910,1448
2020-08-04,Mexico,NA,Nuevo Leon,4666880,388,37,21298,1485
2020-08-05,Mexico,NA,Nuevo Leon,4666880,359,40,21657,1525
2020-08-06,Mexico,NA,Nuevo Leon,4666880,355,42,22012,1567
2020-08-07,Mexico,NA,Nuevo Leon,4666880,391,45,22403,1612
2020-08-08,Mexico,NA,Nuevo Leon,4666880,202,26,22605,1638
2020-08-09,Mexico,NA,Nuevo Leon,4666880,154,45,22759,1683
2020-08-10,Mexico,NA,Nuevo Leon,4666880,366,33,23125,1716
2020-08-11,Mexico,NA,Nuevo Leon,4666880,358,31,23483,1747
2020-08-12,Mexico,NA,Nuevo Leon,4666880,350,33,23833,1780
2020-08-13,Mexico,NA,Nuevo Leon,4666880,387,41,24220,1821
2020-08-14,Mexico,NA,Nuevo Leon,4666880,335,27,24555,1848
2020-08-15,Mexico,NA,Nuevo Leon,4666880,191,31,24746,1879
2020-08-16,Mexico,NA,Nuevo Leon,4666880,145,37,24891,1916
2020-08-17,Mexico,NA,Nuevo Leon,4666880,408,35,25299,1951
2020-08-18,Mexico,NA,Nuevo Leon,4666880,367,23,25666,1974
2020-08-19,Mexico,NA,Nuevo Leon,4666880,390,30,26056,2004
2020-08-20,Mexico,NA,Nuevo Leon,4666880,373,38,26429,2042
2020-08-21,Mexico,NA,Nuevo Leon,4666880,305,32,26734,2074
2020-08-22,Mexico,NA,Nuevo Leon,4666880,203,33,26937,2107
2020-08-23,Mexico,NA,Nuevo Leon,4666880,138,23,27075,2130
2020-08-24,Mexico,NA,Nuevo Leon,4666880,375,25,27450,2155
2020-08-25,Mexico,NA,Nuevo Leon,4666880,468,20,27918,2175
2020-08-26,Mexico,NA,Nuevo Leon,4666880,504,22,28422,2197
2020-08-27,Mexico,NA,Nuevo Leon,4666880,360,11,28782,2208
2020-08-28,Mexico,NA,Nuevo Leon,4666880,259,7,29041,2215
2020-08-29,Mexico,NA,Nuevo Leon,4666880,32,1,29073,2216
2020-08-30,Mexico,NA,Nuevo Leon,4666880,10,5,29083,2221
2020-04-22,Mexico,NA,Oaxaca,3814000,9,1,109,10
2020-04-23,Mexico,NA,Oaxaca,3814000,8,4,117,14
2020-04-24,Mexico,NA,Oaxaca,3814000,15,1,132,15
2020-04-25,Mexico,NA,Oaxaca,3814000,7,0,139,15
2020-04-26,Mexico,NA,Oaxaca,3814000,13,1,152,16
2020-04-27,Mexico,NA,Oaxaca,3814000,9,3,161,19
2020-04-28,Mexico,NA,Oaxaca,3814000,18,0,179,19
2020-04-29,Mexico,NA,Oaxaca,3814000,12,1,191,20
2020-04-30,Mexico,NA,Oaxaca,3814000,12,4,203,24
2020-05-01,Mexico,NA,Oaxaca,3814000,15,1,218,25
2020-05-02,Mexico,NA,Oaxaca,3814000,9,1,227,26
2020-05-03,Mexico,NA,Oaxaca,3814000,14,2,241,28
2020-05-04,Mexico,NA,Oaxaca,3814000,25,4,266,32
2020-05-05,Mexico,NA,Oaxaca,3814000,34,3,300,35
2020-05-06,Mexico,NA,Oaxaca,3814000,24,4,324,39
2020-05-07,Mexico,NA,Oaxaca,3814000,24,4,348,43
2020-05-08,Mexico,NA,Oaxaca,3814000,23,5,371,48
2020-05-09,Mexico,NA,Oaxaca,3814000,15,4,386,52
2020-05-10,Mexico,NA,Oaxaca,3814000,28,2,414,54
2020-05-11,Mexico,NA,Oaxaca,3814000,54,4,468,58
2020-05-12,Mexico,NA,Oaxaca,3814000,66,5,534,63
2020-05-13,Mexico,NA,Oaxaca,3814000,69,6,603,69
2020-05-14,Mexico,NA,Oaxaca,3814000,66,7,669,76
2020-05-15,Mexico,NA,Oaxaca,3814000,78,8,747,84
2020-05-16,Mexico,NA,Oaxaca,3814000,65,3,812,87
2020-05-17,Mexico,NA,Oaxaca,3814000,17,7,829,94
2020-05-18,Mexico,NA,Oaxaca,3814000,122,7,951,101
2020-05-19,Mexico,NA,Oaxaca,3814000,74,12,1025,113
2020-05-20,Mexico,NA,Oaxaca,3814000,76,5,1101,118
2020-05-21,Mexico,NA,Oaxaca,3814000,103,3,1204,121
2020-05-22,Mexico,NA,Oaxaca,3814000,82,8,1286,129
2020-05-23,Mexico,NA,Oaxaca,3814000,83,9,1369,138
2020-05-24,Mexico,NA,Oaxaca,3814000,37,14,1406,152
2020-05-25,Mexico,NA,Oaxaca,3814000,102,11,1508,163
2020-05-26,Mexico,NA,Oaxaca,3814000,80,8,1588,171
2020-05-27,Mexico,NA,Oaxaca,3814000,92,11,1680,182
2020-05-28,Mexico,NA,Oaxaca,3814000,128,9,1808,191
2020-05-29,Mexico,NA,Oaxaca,3814000,121,13,1929,204
2020-05-30,Mexico,NA,Oaxaca,3814000,114,16,2043,220
2020-05-31,Mexico,NA,Oaxaca,3814000,48,16,2091,236
2020-06-01,Mexico,NA,Oaxaca,3814000,152,14,2243,250
2020-06-02,Mexico,NA,Oaxaca,3814000,155,12,2398,262
2020-06-03,Mexico,NA,Oaxaca,3814000,144,6,2542,268
2020-06-04,Mexico,NA,Oaxaca,3814000,190,14,2732,282
2020-06-05,Mexico,NA,Oaxaca,3814000,176,5,2908,287
2020-06-06,Mexico,NA,Oaxaca,3814000,145,14,3053,301
2020-06-07,Mexico,NA,Oaxaca,3814000,55,17,3108,318
2020-06-08,Mexico,NA,Oaxaca,3814000,183,17,3291,335
2020-06-09,Mexico,NA,Oaxaca,3814000,159,24,3450,359
2020-06-10,Mexico,NA,Oaxaca,3814000,171,22,3621,381
2020-06-11,Mexico,NA,Oaxaca,3814000,156,12,3777,393
2020-06-12,Mexico,NA,Oaxaca,3814000,150,17,3927,410
2020-06-13,Mexico,NA,Oaxaca,3814000,159,26,4086,436
2020-06-14,Mexico,NA,Oaxaca,3814000,72,12,4158,448
2020-06-15,Mexico,NA,Oaxaca,3814000,199,17,4357,465
2020-06-16,Mexico,NA,Oaxaca,3814000,154,22,4511,487
2020-06-17,Mexico,NA,Oaxaca,3814000,188,20,4699,507
2020-06-18,Mexico,NA,Oaxaca,3814000,169,12,4868,519
2020-06-19,Mexico,NA,Oaxaca,3814000,165,10,5033,529
2020-06-20,Mexico,NA,Oaxaca,3814000,135,6,5168,535
2020-06-21,Mexico,NA,Oaxaca,3814000,45,16,5213,551
2020-06-22,Mexico,NA,Oaxaca,3814000,209,19,5422,570
2020-06-23,Mexico,NA,Oaxaca,3814000,183,21,5605,591
2020-06-24,Mexico,NA,Oaxaca,3814000,167,15,5772,606
2020-06-25,Mexico,NA,Oaxaca,3814000,180,12,5952,618
2020-06-26,Mexico,NA,Oaxaca,3814000,177,16,6129,634
2020-06-27,Mexico,NA,Oaxaca,3814000,139,12,6268,646
2020-06-28,Mexico,NA,Oaxaca,3814000,74,9,6342,655
2020-06-29,Mexico,NA,Oaxaca,3814000,192,5,6534,660
2020-06-30,Mexico,NA,Oaxaca,3814000,170,10,6704,670
2020-07-01,Mexico,NA,Oaxaca,3814000,217,18,6921,688
2020-07-02,Mexico,NA,Oaxaca,3814000,210,7,7131,695
2020-07-03,Mexico,NA,Oaxaca,3814000,210,11,7341,706
2020-07-04,Mexico,NA,Oaxaca,3814000,163,17,7504,723
2020-07-05,Mexico,NA,Oaxaca,3814000,52,16,7556,739
2020-07-06,Mexico,NA,Oaxaca,3814000,264,14,7820,753
2020-07-07,Mexico,NA,Oaxaca,3814000,232,16,8052,769
2020-07-08,Mexico,NA,Oaxaca,3814000,199,9,8251,778
2020-07-09,Mexico,NA,Oaxaca,3814000,163,14,8414,792
2020-07-10,Mexico,NA,Oaxaca,3814000,188,14,8602,806
2020-07-11,Mexico,NA,Oaxaca,3814000,107,10,8709,816
2020-07-12,Mexico,NA,Oaxaca,3814000,36,13,8745,829
2020-07-13,Mexico,NA,Oaxaca,3814000,167,17,8912,846
2020-07-14,Mexico,NA,Oaxaca,3814000,178,17,9090,863
2020-07-15,Mexico,NA,Oaxaca,3814000,133,15,9223,878
2020-07-16,Mexico,NA,Oaxaca,3814000,157,10,9380,888
2020-07-17,Mexico,NA,Oaxaca,3814000,144,13,9524,901
2020-07-18,Mexico,NA,Oaxaca,3814000,107,7,9631,908
2020-07-19,Mexico,NA,Oaxaca,3814000,62,18,9693,926
2020-07-20,Mexico,NA,Oaxaca,3814000,185,10,9878,936
2020-07-21,Mexico,NA,Oaxaca,3814000,172,10,10050,946
2020-07-22,Mexico,NA,Oaxaca,3814000,169,18,10219,964
2020-07-23,Mexico,NA,Oaxaca,3814000,146,12,10365,976
2020-07-24,Mexico,NA,Oaxaca,3814000,158,13,10523,989
2020-07-25,Mexico,NA,Oaxaca,3814000,114,6,10637,995
2020-07-26,Mexico,NA,Oaxaca,3814000,53,4,10690,999
2020-07-27,Mexico,NA,Oaxaca,3814000,168,10,10858,1009
2020-07-28,Mexico,NA,Oaxaca,3814000,141,16,10999,1025
2020-07-29,Mexico,NA,Oaxaca,3814000,152,7,11151,1032
2020-07-30,Mexico,NA,Oaxaca,3814000,130,8,11281,1040
2020-07-31,Mexico,NA,Oaxaca,3814000,116,10,11397,1050
2020-08-01,Mexico,NA,Oaxaca,3814000,68,8,11465,1058
2020-08-02,Mexico,NA,Oaxaca,3814000,27,12,11492,1070
2020-08-03,Mexico,NA,Oaxaca,3814000,121,15,11613,1085
2020-08-04,Mexico,NA,Oaxaca,3814000,152,9,11765,1094
2020-08-05,Mexico,NA,Oaxaca,3814000,115,11,11880,1105
2020-08-06,Mexico,NA,Oaxaca,3814000,99,14,11979,1119
2020-08-07,Mexico,NA,Oaxaca,3814000,71,13,12050,1132
2020-08-08,Mexico,NA,Oaxaca,3814000,87,10,12137,1142
2020-08-09,Mexico,NA,Oaxaca,3814000,22,9,12159,1151
2020-08-10,Mexico,NA,Oaxaca,3814000,118,7,12277,1158
2020-08-11,Mexico,NA,Oaxaca,3814000,92,8,12369,1166
2020-08-12,Mexico,NA,Oaxaca,3814000,108,9,12477,1175
2020-08-13,Mexico,NA,Oaxaca,3814000,116,10,12593,1185
2020-08-14,Mexico,NA,Oaxaca,3814000,97,11,12690,1196
2020-08-15,Mexico,NA,Oaxaca,3814000,89,9,12779,1205
2020-08-16,Mexico,NA,Oaxaca,3814000,23,11,12802,1216
2020-08-17,Mexico,NA,Oaxaca,3814000,102,5,12904,1221
2020-08-18,Mexico,NA,Oaxaca,3814000,118,7,13022,1228
2020-08-19,Mexico,NA,Oaxaca,3814000,87,6,13109,1234
2020-08-20,Mexico,NA,Oaxaca,3814000,81,10,13190,1244
2020-08-21,Mexico,NA,Oaxaca,3814000,98,3,13288,1247
2020-08-22,Mexico,NA,Oaxaca,3814000,63,3,13351,1250
2020-08-23,Mexico,NA,Oaxaca,3814000,22,5,13373,1255
2020-08-24,Mexico,NA,Oaxaca,3814000,140,5,13513,1260
2020-08-25,Mexico,NA,Oaxaca,3814000,82,5,13595,1265
2020-08-26,Mexico,NA,Oaxaca,3814000,50,5,13645,1270
2020-08-27,Mexico,NA,Oaxaca,3814000,31,2,13676,1272
2020-08-28,Mexico,NA,Oaxaca,3814000,13,1,13689,1273
2020-08-29,Mexico,NA,Oaxaca,3814000,6,3,13695,1276
2020-08-30,Mexico,NA,Oaxaca,3814000,4,3,13699,1279
2020-03-28,Mexico,NA,Puebla,5787259,13,1,110,2
2020-03-29,Mexico,NA,Puebla,5787259,4,0,114,2
2020-03-30,Mexico,NA,Puebla,5787259,15,0,129,2
2020-03-31,Mexico,NA,Puebla,5787259,21,1,150,3
2020-04-01,Mexico,NA,Puebla,5787259,16,1,166,4
2020-04-02,Mexico,NA,Puebla,5787259,19,1,185,5
2020-04-03,Mexico,NA,Puebla,5787259,14,2,199,7
2020-04-04,Mexico,NA,Puebla,5787259,11,3,210,10
2020-04-05,Mexico,NA,Puebla,5787259,8,3,218,13
2020-04-06,Mexico,NA,Puebla,5787259,24,4,242,17
2020-04-07,Mexico,NA,Puebla,5787259,13,8,255,25
2020-04-08,Mexico,NA,Puebla,5787259,23,1,278,26
2020-04-09,Mexico,NA,Puebla,5787259,11,2,289,28
2020-04-10,Mexico,NA,Puebla,5787259,8,5,297,33
2020-04-11,Mexico,NA,Puebla,5787259,15,5,312,38
2020-04-12,Mexico,NA,Puebla,5787259,5,2,317,40
2020-04-13,Mexico,NA,Puebla,5787259,25,3,342,43
2020-04-14,Mexico,NA,Puebla,5787259,16,4,358,47
2020-04-15,Mexico,NA,Puebla,5787259,28,4,386,51
2020-04-16,Mexico,NA,Puebla,5787259,21,5,407,56
2020-04-17,Mexico,NA,Puebla,5787259,30,5,437,61
2020-04-18,Mexico,NA,Puebla,5787259,24,7,461,68
2020-04-19,Mexico,NA,Puebla,5787259,18,7,479,75
2020-04-20,Mexico,NA,Puebla,5787259,31,8,510,83
2020-04-21,Mexico,NA,Puebla,5787259,22,3,532,86
2020-04-22,Mexico,NA,Puebla,5787259,27,7,559,93
2020-04-23,Mexico,NA,Puebla,5787259,32,5,591,98
2020-04-24,Mexico,NA,Puebla,5787259,39,6,630,104
2020-04-25,Mexico,NA,Puebla,5787259,43,6,673,110
2020-04-26,Mexico,NA,Puebla,5787259,24,9,697,119
2020-04-27,Mexico,NA,Puebla,5787259,35,5,732,124
2020-04-28,Mexico,NA,Puebla,5787259,43,12,775,136
2020-04-29,Mexico,NA,Puebla,5787259,44,9,819,145
2020-04-30,Mexico,NA,Puebla,5787259,46,8,865,153
2020-05-01,Mexico,NA,Puebla,5787259,41,12,906,165
2020-05-02,Mexico,NA,Puebla,5787259,42,5,948,170
2020-05-03,Mexico,NA,Puebla,5787259,37,13,985,183
2020-05-04,Mexico,NA,Puebla,5787259,46,13,1031,196
2020-05-05,Mexico,NA,Puebla,5787259,34,13,1065,209
2020-05-06,Mexico,NA,Puebla,5787259,49,8,1114,217
2020-05-07,Mexico,NA,Puebla,5787259,63,11,1177,228
2020-05-08,Mexico,NA,Puebla,5787259,46,8,1223,236
2020-05-09,Mexico,NA,Puebla,5787259,48,8,1271,244
2020-05-10,Mexico,NA,Puebla,5787259,36,5,1307,249
2020-05-11,Mexico,NA,Puebla,5787259,71,15,1378,264
2020-05-12,Mexico,NA,Puebla,5787259,73,17,1451,281
2020-05-13,Mexico,NA,Puebla,5787259,91,14,1542,295
2020-05-14,Mexico,NA,Puebla,5787259,106,14,1648,309
2020-05-15,Mexico,NA,Puebla,5787259,104,17,1752,326
2020-05-16,Mexico,NA,Puebla,5787259,78,15,1830,341
2020-05-17,Mexico,NA,Puebla,5787259,66,13,1896,354
2020-05-18,Mexico,NA,Puebla,5787259,129,10,2025,364
2020-05-19,Mexico,NA,Puebla,5787259,126,21,2151,385
2020-05-20,Mexico,NA,Puebla,5787259,117,23,2268,408
2020-05-21,Mexico,NA,Puebla,5787259,143,18,2411,426
2020-05-22,Mexico,NA,Puebla,5787259,171,28,2582,454
2020-05-23,Mexico,NA,Puebla,5787259,146,23,2728,477
2020-05-24,Mexico,NA,Puebla,5787259,80,17,2808,494
2020-05-25,Mexico,NA,Puebla,5787259,165,28,2973,522
2020-05-26,Mexico,NA,Puebla,5787259,159,21,3132,543
2020-05-27,Mexico,NA,Puebla,5787259,187,19,3319,562
2020-05-28,Mexico,NA,Puebla,5787259,162,24,3481,586
2020-05-29,Mexico,NA,Puebla,5787259,149,19,3630,605
2020-05-30,Mexico,NA,Puebla,5787259,116,23,3746,628
2020-05-31,Mexico,NA,Puebla,5787259,61,24,3807,652
2020-06-01,Mexico,NA,Puebla,5787259,184,35,3991,687
2020-06-02,Mexico,NA,Puebla,5787259,163,32,4154,719
2020-06-03,Mexico,NA,Puebla,5787259,192,25,4346,744
2020-06-04,Mexico,NA,Puebla,5787259,204,33,4550,777
2020-06-05,Mexico,NA,Puebla,5787259,204,20,4754,797
2020-06-06,Mexico,NA,Puebla,5787259,123,35,4877,832
2020-06-07,Mexico,NA,Puebla,5787259,92,29,4969,861
2020-06-08,Mexico,NA,Puebla,5787259,301,24,5270,885
2020-06-09,Mexico,NA,Puebla,5787259,234,31,5504,916
2020-06-10,Mexico,NA,Puebla,5787259,246,32,5750,948
2020-06-11,Mexico,NA,Puebla,5787259,294,19,6044,967
2020-06-12,Mexico,NA,Puebla,5787259,303,36,6347,1003
2020-06-13,Mexico,NA,Puebla,5787259,171,36,6518,1039
2020-06-14,Mexico,NA,Puebla,5787259,144,35,6662,1074
2020-06-15,Mexico,NA,Puebla,5787259,438,36,7100,1110
2020-06-16,Mexico,NA,Puebla,5787259,412,40,7512,1150
2020-06-17,Mexico,NA,Puebla,5787259,414,38,7926,1188
2020-06-18,Mexico,NA,Puebla,5787259,502,40,8428,1228
2020-06-19,Mexico,NA,Puebla,5787259,430,25,8858,1253
2020-06-20,Mexico,NA,Puebla,5787259,211,33,9069,1286
2020-06-21,Mexico,NA,Puebla,5787259,167,46,9236,1332
2020-06-22,Mexico,NA,Puebla,5787259,487,48,9723,1380
2020-06-23,Mexico,NA,Puebla,5787259,405,28,10128,1408
2020-06-24,Mexico,NA,Puebla,5787259,362,23,10490,1431
2020-06-25,Mexico,NA,Puebla,5787259,444,23,10934,1454
2020-06-26,Mexico,NA,Puebla,5787259,350,28,11284,1482
2020-06-27,Mexico,NA,Puebla,5787259,182,22,11466,1504
2020-06-28,Mexico,NA,Puebla,5787259,135,27,11601,1531
2020-06-29,Mexico,NA,Puebla,5787259,329,32,11930,1563
2020-06-30,Mexico,NA,Puebla,5787259,354,37,12284,1600
2020-07-01,Mexico,NA,Puebla,5787259,313,33,12597,1633
2020-07-02,Mexico,NA,Puebla,5787259,272,29,12869,1662
2020-07-03,Mexico,NA,Puebla,5787259,271,48,13140,1710
2020-07-04,Mexico,NA,Puebla,5787259,173,36,13313,1746
2020-07-05,Mexico,NA,Puebla,5787259,128,41,13441,1787
2020-07-06,Mexico,NA,Puebla,5787259,328,41,13769,1828
2020-07-07,Mexico,NA,Puebla,5787259,328,36,14097,1864
2020-07-08,Mexico,NA,Puebla,5787259,312,40,14409,1904
2020-07-09,Mexico,NA,Puebla,5787259,306,32,14715,1936
2020-07-10,Mexico,NA,Puebla,5787259,291,30,15006,1966
2020-07-11,Mexico,NA,Puebla,5787259,164,28,15170,1994
2020-07-12,Mexico,NA,Puebla,5787259,159,37,15329,2031
2020-07-13,Mexico,NA,Puebla,5787259,414,54,15743,2085
2020-07-14,Mexico,NA,Puebla,5787259,410,23,16153,2108
2020-07-15,Mexico,NA,Puebla,5787259,394,29,16547,2137
2020-07-16,Mexico,NA,Puebla,5787259,377,42,16924,2179
2020-07-17,Mexico,NA,Puebla,5787259,376,40,17300,2219
2020-07-18,Mexico,NA,Puebla,5787259,176,40,17476,2259
2020-07-19,Mexico,NA,Puebla,5787259,156,35,17632,2294
2020-07-20,Mexico,NA,Puebla,5787259,467,36,18099,2330
2020-07-21,Mexico,NA,Puebla,5787259,354,45,18453,2375
2020-07-22,Mexico,NA,Puebla,5787259,375,40,18828,2415
2020-07-23,Mexico,NA,Puebla,5787259,345,42,19173,2457
2020-07-24,Mexico,NA,Puebla,5787259,337,41,19510,2498
2020-07-25,Mexico,NA,Puebla,5787259,223,43,19733,2541
2020-07-26,Mexico,NA,Puebla,5787259,105,42,19838,2583
2020-07-27,Mexico,NA,Puebla,5787259,429,35,20267,2618
2020-07-28,Mexico,NA,Puebla,5787259,323,33,20590,2651
2020-07-29,Mexico,NA,Puebla,5787259,330,44,20920,2695
2020-07-30,Mexico,NA,Puebla,5787259,333,44,21253,2739
2020-07-31,Mexico,NA,Puebla,5787259,249,33,21502,2772
2020-08-01,Mexico,NA,Puebla,5787259,129,30,21631,2802
2020-08-02,Mexico,NA,Puebla,5787259,93,30,21724,2832
2020-08-03,Mexico,NA,Puebla,5787259,305,30,22029,2862
2020-08-04,Mexico,NA,Puebla,5787259,269,29,22298,2891
2020-08-05,Mexico,NA,Puebla,5787259,292,31,22590,2922
2020-08-06,Mexico,NA,Puebla,5787259,315,29,22905,2951
2020-08-07,Mexico,NA,Puebla,5787259,255,30,23160,2981
2020-08-08,Mexico,NA,Puebla,5787259,163,20,23323,3001
2020-08-09,Mexico,NA,Puebla,5787259,96,23,23419,3024
2020-08-10,Mexico,NA,Puebla,5787259,292,32,23711,3056
2020-08-11,Mexico,NA,Puebla,5787259,284,39,23995,3095
2020-08-12,Mexico,NA,Puebla,5787259,254,26,24249,3121
2020-08-13,Mexico,NA,Puebla,5787259,237,31,24486,3152
2020-08-14,Mexico,NA,Puebla,5787259,218,27,24704,3179
2020-08-15,Mexico,NA,Puebla,5787259,120,36,24824,3215
2020-08-16,Mexico,NA,Puebla,5787259,79,34,24903,3249
2020-08-17,Mexico,NA,Puebla,5787259,247,23,25150,3272
2020-08-18,Mexico,NA,Puebla,5787259,218,17,25368,3289
2020-08-19,Mexico,NA,Puebla,5787259,207,29,25575,3318
2020-08-20,Mexico,NA,Puebla,5787259,193,24,25768,3342
2020-08-21,Mexico,NA,Puebla,5787259,183,16,25951,3358
2020-08-22,Mexico,NA,Puebla,5787259,114,17,26065,3375
2020-08-23,Mexico,NA,Puebla,5787259,74,13,26139,3388
2020-08-24,Mexico,NA,Puebla,5787259,229,24,26368,3412
2020-08-25,Mexico,NA,Puebla,5787259,159,16,26527,3428
2020-08-26,Mexico,NA,Puebla,5787259,153,13,26680,3441
2020-08-27,Mexico,NA,Puebla,5787259,107,15,26787,3456
2020-08-28,Mexico,NA,Puebla,5787259,88,5,26875,3461
2020-08-29,Mexico,NA,Puebla,5787259,20,4,26895,3465
2020-08-30,Mexico,NA,Puebla,5787259,4,2,26899,3467
2020-04-19,Mexico,NA,Queretaro,1832201,2,0,101,5
2020-04-20,Mexico,NA,Queretaro,1832201,5,0,106,5
2020-04-21,Mexico,NA,Queretaro,1832201,2,1,108,6
2020-04-22,Mexico,NA,Queretaro,1832201,7,0,115,6
2020-04-23,Mexico,NA,Queretaro,1832201,9,0,124,6
2020-04-24,Mexico,NA,Queretaro,1832201,10,0,134,6
2020-04-25,Mexico,NA,Queretaro,1832201,1,1,135,7
2020-04-26,Mexico,NA,Queretaro,1832201,2,1,137,8
2020-04-27,Mexico,NA,Queretaro,1832201,3,1,140,9
2020-04-28,Mexico,NA,Queretaro,1832201,9,0,149,9
2020-04-29,Mexico,NA,Queretaro,1832201,12,1,161,10
2020-04-30,Mexico,NA,Queretaro,1832201,6,1,167,11
2020-05-01,Mexico,NA,Queretaro,1832201,8,1,175,12
2020-05-02,Mexico,NA,Queretaro,1832201,12,1,187,13
2020-05-03,Mexico,NA,Queretaro,1832201,4,1,191,14
2020-05-04,Mexico,NA,Queretaro,1832201,10,2,201,16
2020-05-05,Mexico,NA,Queretaro,1832201,10,1,211,17
2020-05-06,Mexico,NA,Queretaro,1832201,9,2,220,19
2020-05-07,Mexico,NA,Queretaro,1832201,14,0,234,19
2020-05-08,Mexico,NA,Queretaro,1832201,26,0,260,19
2020-05-09,Mexico,NA,Queretaro,1832201,26,0,286,19
2020-05-10,Mexico,NA,Queretaro,1832201,19,4,305,23
2020-05-11,Mexico,NA,Queretaro,1832201,47,2,352,25
2020-05-12,Mexico,NA,Queretaro,1832201,34,3,386,28
2020-05-13,Mexico,NA,Queretaro,1832201,29,1,415,29
2020-05-14,Mexico,NA,Queretaro,1832201,41,2,456,31
2020-05-15,Mexico,NA,Queretaro,1832201,49,4,505,35
2020-05-16,Mexico,NA,Queretaro,1832201,28,8,533,43
2020-05-17,Mexico,NA,Queretaro,1832201,17,8,550,51
2020-05-18,Mexico,NA,Queretaro,1832201,47,1,597,52
2020-05-19,Mexico,NA,Queretaro,1832201,61,3,658,55
2020-05-20,Mexico,NA,Queretaro,1832201,42,5,700,60
2020-05-21,Mexico,NA,Queretaro,1832201,37,9,737,69
2020-05-22,Mexico,NA,Queretaro,1832201,36,2,773,71
2020-05-23,Mexico,NA,Queretaro,1832201,22,5,795,76
2020-05-24,Mexico,NA,Queretaro,1832201,12,3,807,79
2020-05-25,Mexico,NA,Queretaro,1832201,52,5,859,84
2020-05-26,Mexico,NA,Queretaro,1832201,38,5,897,89
2020-05-27,Mexico,NA,Queretaro,1832201,36,6,933,95
2020-05-28,Mexico,NA,Queretaro,1832201,31,2,964,97
2020-05-29,Mexico,NA,Queretaro,1832201,37,6,1001,103
2020-05-30,Mexico,NA,Queretaro,1832201,27,2,1028,105
2020-05-31,Mexico,NA,Queretaro,1832201,21,7,1049,112
2020-06-01,Mexico,NA,Queretaro,1832201,39,5,1088,117
2020-06-02,Mexico,NA,Queretaro,1832201,50,6,1138,123
2020-06-03,Mexico,NA,Queretaro,1832201,47,5,1185,128
2020-06-04,Mexico,NA,Queretaro,1832201,44,9,1229,137
2020-06-05,Mexico,NA,Queretaro,1832201,36,3,1265,140
2020-06-06,Mexico,NA,Queretaro,1832201,30,7,1295,147
2020-06-07,Mexico,NA,Queretaro,1832201,28,7,1323,154
2020-06-08,Mexico,NA,Queretaro,1832201,53,3,1376,157
2020-06-09,Mexico,NA,Queretaro,1832201,43,7,1419,164
2020-06-10,Mexico,NA,Queretaro,1832201,39,2,1458,166
2020-06-11,Mexico,NA,Queretaro,1832201,33,8,1491,174
2020-06-12,Mexico,NA,Queretaro,1832201,41,7,1532,181
2020-06-13,Mexico,NA,Queretaro,1832201,34,9,1566,190
2020-06-14,Mexico,NA,Queretaro,1832201,22,4,1588,194
2020-06-15,Mexico,NA,Queretaro,1832201,59,7,1647,201
2020-06-16,Mexico,NA,Queretaro,1832201,46,7,1693,208
2020-06-17,Mexico,NA,Queretaro,1832201,44,5,1737,213
2020-06-18,Mexico,NA,Queretaro,1832201,40,6,1777,219
2020-06-19,Mexico,NA,Queretaro,1832201,29,6,1806,225
2020-06-20,Mexico,NA,Queretaro,1832201,32,5,1838,230
2020-06-21,Mexico,NA,Queretaro,1832201,16,3,1854,233
2020-06-22,Mexico,NA,Queretaro,1832201,52,5,1906,238
2020-06-23,Mexico,NA,Queretaro,1832201,40,5,1946,243
2020-06-24,Mexico,NA,Queretaro,1832201,42,3,1988,246
2020-06-25,Mexico,NA,Queretaro,1832201,38,3,2026,249
2020-06-26,Mexico,NA,Queretaro,1832201,44,5,2070,254
2020-06-27,Mexico,NA,Queretaro,1832201,24,9,2094,263
2020-06-28,Mexico,NA,Queretaro,1832201,21,5,2115,268
2020-06-29,Mexico,NA,Queretaro,1832201,60,6,2175,274
2020-06-30,Mexico,NA,Queretaro,1832201,49,5,2224,279
2020-07-01,Mexico,NA,Queretaro,1832201,53,6,2277,285
2020-07-02,Mexico,NA,Queretaro,1832201,64,10,2341,295
2020-07-03,Mexico,NA,Queretaro,1832201,33,5,2374,300
2020-07-04,Mexico,NA,Queretaro,1832201,23,8,2397,308
2020-07-05,Mexico,NA,Queretaro,1832201,32,6,2429,314
2020-07-06,Mexico,NA,Queretaro,1832201,55,5,2484,319
2020-07-07,Mexico,NA,Queretaro,1832201,76,7,2560,326
2020-07-08,Mexico,NA,Queretaro,1832201,63,10,2623,336
2020-07-09,Mexico,NA,Queretaro,1832201,66,4,2689,340
2020-07-10,Mexico,NA,Queretaro,1832201,57,3,2746,343
2020-07-11,Mexico,NA,Queretaro,1832201,48,1,2794,344
2020-07-12,Mexico,NA,Queretaro,1832201,32,7,2826,351
2020-07-13,Mexico,NA,Queretaro,1832201,88,8,2914,359
2020-07-14,Mexico,NA,Queretaro,1832201,60,3,2974,362
2020-07-15,Mexico,NA,Queretaro,1832201,91,4,3065,366
2020-07-16,Mexico,NA,Queretaro,1832201,70,7,3135,373
2020-07-17,Mexico,NA,Queretaro,1832201,79,8,3214,381
2020-07-18,Mexico,NA,Queretaro,1832201,45,5,3259,386
2020-07-19,Mexico,NA,Queretaro,1832201,31,7,3290,393
2020-07-20,Mexico,NA,Queretaro,1832201,84,8,3374,401
2020-07-21,Mexico,NA,Queretaro,1832201,74,3,3448,404
2020-07-22,Mexico,NA,Queretaro,1832201,73,8,3521,412
2020-07-23,Mexico,NA,Queretaro,1832201,64,6,3585,418
2020-07-24,Mexico,NA,Queretaro,1832201,54,4,3639,422
2020-07-25,Mexico,NA,Queretaro,1832201,48,6,3687,428
2020-07-26,Mexico,NA,Queretaro,1832201,37,8,3724,436
2020-07-27,Mexico,NA,Queretaro,1832201,80,2,3804,438
2020-07-28,Mexico,NA,Queretaro,1832201,80,6,3884,444
2020-07-29,Mexico,NA,Queretaro,1832201,85,5,3969,449
2020-07-30,Mexico,NA,Queretaro,1832201,76,7,4045,456
2020-07-31,Mexico,NA,Queretaro,1832201,78,9,4123,465
2020-08-01,Mexico,NA,Queretaro,1832201,48,8,4171,473
2020-08-02,Mexico,NA,Queretaro,1832201,30,11,4201,484
2020-08-03,Mexico,NA,Queretaro,1832201,98,3,4299,487
2020-08-04,Mexico,NA,Queretaro,1832201,89,4,4388,491
2020-08-05,Mexico,NA,Queretaro,1832201,73,10,4461,501
2020-08-06,Mexico,NA,Queretaro,1832201,104,8,4565,509
2020-08-07,Mexico,NA,Queretaro,1832201,82,4,4647,513
2020-08-08,Mexico,NA,Queretaro,1832201,44,9,4691,522
2020-08-09,Mexico,NA,Queretaro,1832201,34,7,4725,529
2020-08-10,Mexico,NA,Queretaro,1832201,119,10,4844,539
2020-08-11,Mexico,NA,Queretaro,1832201,89,6,4933,545
2020-08-12,Mexico,NA,Queretaro,1832201,96,3,5029,548
2020-08-13,Mexico,NA,Queretaro,1832201,73,5,5102,553
2020-08-14,Mexico,NA,Queretaro,1832201,105,10,5207,563
2020-08-15,Mexico,NA,Queretaro,1832201,61,10,5268,573
2020-08-16,Mexico,NA,Queretaro,1832201,51,7,5319,580
2020-08-17,Mexico,NA,Queretaro,1832201,105,3,5424,583
2020-08-18,Mexico,NA,Queretaro,1832201,77,8,5501,591
2020-08-19,Mexico,NA,Queretaro,1832201,103,11,5604,602
2020-08-20,Mexico,NA,Queretaro,1832201,92,8,5696,610
2020-08-21,Mexico,NA,Queretaro,1832201,81,7,5777,617
2020-08-22,Mexico,NA,Queretaro,1832201,36,13,5813,630
2020-08-23,Mexico,NA,Queretaro,1832201,28,6,5841,636
2020-08-24,Mexico,NA,Queretaro,1832201,103,3,5944,639
2020-08-25,Mexico,NA,Queretaro,1832201,89,12,6033,651
2020-08-26,Mexico,NA,Queretaro,1832201,105,9,6138,660
2020-08-27,Mexico,NA,Queretaro,1832201,80,6,6218,666
2020-08-28,Mexico,NA,Queretaro,1832201,66,5,6284,671
2020-08-29,Mexico,NA,Queretaro,1832201,32,5,6316,676
2020-08-30,Mexico,NA,Queretaro,1832201,4,0,6320,676
2020-03-31,Mexico,NA,Quintana Roo,1330846,15,2,113,5
2020-04-01,Mexico,NA,Quintana Roo,1330846,24,1,137,6
2020-04-02,Mexico,NA,Quintana Roo,1330846,11,2,148,8
2020-04-03,Mexico,NA,Quintana Roo,1330846,13,2,161,10
2020-04-04,Mexico,NA,Quintana Roo,1330846,8,1,169,11
2020-04-05,Mexico,NA,Quintana Roo,1330846,10,1,179,12
2020-04-06,Mexico,NA,Quintana Roo,1330846,32,2,211,14
2020-04-07,Mexico,NA,Quintana Roo,1330846,23,2,234,16
2020-04-08,Mexico,NA,Quintana Roo,1330846,26,3,260,19
2020-04-09,Mexico,NA,Quintana Roo,1330846,9,3,269,22
2020-04-10,Mexico,NA,Quintana Roo,1330846,22,2,291,24
2020-04-11,Mexico,NA,Quintana Roo,1330846,17,2,308,26
2020-04-12,Mexico,NA,Quintana Roo,1330846,22,5,330,31
2020-04-13,Mexico,NA,Quintana Roo,1330846,22,5,352,36
2020-04-14,Mexico,NA,Quintana Roo,1330846,17,3,369,39
2020-04-15,Mexico,NA,Quintana Roo,1330846,20,0,389,39
2020-04-16,Mexico,NA,Quintana Roo,1330846,31,1,420,40
2020-04-17,Mexico,NA,Quintana Roo,1330846,34,4,454,44
2020-04-18,Mexico,NA,Quintana Roo,1330846,45,6,499,50
2020-04-19,Mexico,NA,Quintana Roo,1330846,23,7,522,57
2020-04-20,Mexico,NA,Quintana Roo,1330846,45,10,567,67
2020-04-21,Mexico,NA,Quintana Roo,1330846,42,8,609,75
2020-04-22,Mexico,NA,Quintana Roo,1330846,34,6,643,81
2020-04-23,Mexico,NA,Quintana Roo,1330846,47,7,690,88
2020-04-24,Mexico,NA,Quintana Roo,1330846,23,16,713,104
2020-04-25,Mexico,NA,Quintana Roo,1330846,31,10,744,114
2020-04-26,Mexico,NA,Quintana Roo,1330846,31,10,775,124
2020-04-27,Mexico,NA,Quintana Roo,1330846,43,14,818,138
2020-04-28,Mexico,NA,Quintana Roo,1330846,42,9,860,147
2020-04-29,Mexico,NA,Quintana Roo,1330846,38,12,898,159
2020-04-30,Mexico,NA,Quintana Roo,1330846,34,11,932,170
2020-05-01,Mexico,NA,Quintana Roo,1330846,32,14,964,184
2020-05-02,Mexico,NA,Quintana Roo,1330846,69,5,1033,189
2020-05-03,Mexico,NA,Quintana Roo,1330846,29,8,1062,197
2020-05-04,Mexico,NA,Quintana Roo,1330846,32,6,1094,203
2020-05-05,Mexico,NA,Quintana Roo,1330846,25,7,1119,210
2020-05-06,Mexico,NA,Quintana Roo,1330846,41,9,1160,219
2020-05-07,Mexico,NA,Quintana Roo,1330846,39,8,1199,227
2020-05-08,Mexico,NA,Quintana Roo,1330846,26,5,1225,232
2020-05-09,Mexico,NA,Quintana Roo,1330846,19,9,1244,241
2020-05-10,Mexico,NA,Quintana Roo,1330846,22,8,1266,249
2020-05-11,Mexico,NA,Quintana Roo,1330846,44,6,1310,255
2020-05-12,Mexico,NA,Quintana Roo,1330846,37,12,1347,267
2020-05-13,Mexico,NA,Quintana Roo,1330846,27,7,1374,274
2020-05-14,Mexico,NA,Quintana Roo,1330846,39,11,1413,285
2020-05-15,Mexico,NA,Quintana Roo,1330846,21,10,1434,295
2020-05-16,Mexico,NA,Quintana Roo,1330846,18,6,1452,301
2020-05-17,Mexico,NA,Quintana Roo,1330846,13,5,1465,306
2020-05-18,Mexico,NA,Quintana Roo,1330846,44,10,1509,316
2020-05-19,Mexico,NA,Quintana Roo,1330846,34,8,1543,324
2020-05-20,Mexico,NA,Quintana Roo,1330846,44,4,1587,328
2020-05-21,Mexico,NA,Quintana Roo,1330846,41,6,1628,334
2020-05-22,Mexico,NA,Quintana Roo,1330846,44,5,1672,339
2020-05-23,Mexico,NA,Quintana Roo,1330846,38,3,1710,342
2020-05-24,Mexico,NA,Quintana Roo,1330846,25,10,1735,352
2020-05-25,Mexico,NA,Quintana Roo,1330846,49,6,1784,358
2020-05-26,Mexico,NA,Quintana Roo,1330846,33,6,1817,364
2020-05-27,Mexico,NA,Quintana Roo,1330846,42,7,1859,371
2020-05-28,Mexico,NA,Quintana Roo,1330846,44,7,1903,378
2020-05-29,Mexico,NA,Quintana Roo,1330846,46,8,1949,386
2020-05-30,Mexico,NA,Quintana Roo,1330846,26,8,1975,394
2020-05-31,Mexico,NA,Quintana Roo,1330846,22,6,1997,400
2020-06-01,Mexico,NA,Quintana Roo,1330846,45,12,2042,412
2020-06-02,Mexico,NA,Quintana Roo,1330846,63,7,2105,419
2020-06-03,Mexico,NA,Quintana Roo,1330846,44,4,2149,423
2020-06-04,Mexico,NA,Quintana Roo,1330846,38,5,2187,428
2020-06-05,Mexico,NA,Quintana Roo,1330846,39,8,2226,436
2020-06-06,Mexico,NA,Quintana Roo,1330846,22,9,2248,445
2020-06-07,Mexico,NA,Quintana Roo,1330846,29,12,2277,457
2020-06-08,Mexico,NA,Quintana Roo,1330846,52,5,2329,462
2020-06-09,Mexico,NA,Quintana Roo,1330846,50,7,2379,469
2020-06-10,Mexico,NA,Quintana Roo,1330846,57,8,2436,477
2020-06-11,Mexico,NA,Quintana Roo,1330846,56,4,2492,481
2020-06-12,Mexico,NA,Quintana Roo,1330846,50,6,2542,487
2020-06-13,Mexico,NA,Quintana Roo,1330846,28,7,2570,494
2020-06-14,Mexico,NA,Quintana Roo,1330846,52,6,2622,500
2020-06-15,Mexico,NA,Quintana Roo,1330846,88,4,2710,504
2020-06-16,Mexico,NA,Quintana Roo,1330846,61,4,2771,508
2020-06-17,Mexico,NA,Quintana Roo,1330846,64,6,2835,514
2020-06-18,Mexico,NA,Quintana Roo,1330846,68,6,2903,520
2020-06-19,Mexico,NA,Quintana Roo,1330846,82,5,2985,525
2020-06-20,Mexico,NA,Quintana Roo,1330846,38,5,3023,530
2020-06-21,Mexico,NA,Quintana Roo,1330846,53,8,3076,538
2020-06-22,Mexico,NA,Quintana Roo,1330846,109,8,3185,546
2020-06-23,Mexico,NA,Quintana Roo,1330846,92,5,3277,551
2020-06-24,Mexico,NA,Quintana Roo,1330846,82,7,3359,558
2020-06-25,Mexico,NA,Quintana Roo,1330846,99,10,3458,568
2020-06-26,Mexico,NA,Quintana Roo,1330846,137,10,3595,578
2020-06-27,Mexico,NA,Quintana Roo,1330846,60,6,3655,584
2020-06-28,Mexico,NA,Quintana Roo,1330846,61,10,3716,594
2020-06-29,Mexico,NA,Quintana Roo,1330846,171,13,3887,607
2020-06-30,Mexico,NA,Quintana Roo,1330846,145,9,4032,616
2020-07-01,Mexico,NA,Quintana Roo,1330846,128,10,4160,626
2020-07-02,Mexico,NA,Quintana Roo,1330846,150,7,4310,633
2020-07-03,Mexico,NA,Quintana Roo,1330846,127,9,4437,642
2020-07-04,Mexico,NA,Quintana Roo,1330846,74,6,4511,648
2020-07-05,Mexico,NA,Quintana Roo,1330846,60,16,4571,664
2020-07-06,Mexico,NA,Quintana Roo,1330846,192,10,4763,674
2020-07-07,Mexico,NA,Quintana Roo,1330846,159,13,4922,687
2020-07-08,Mexico,NA,Quintana Roo,1330846,173,10,5095,697
2020-07-09,Mexico,NA,Quintana Roo,1330846,170,22,5265,719
2020-07-10,Mexico,NA,Quintana Roo,1330846,153,17,5418,736
2020-07-11,Mexico,NA,Quintana Roo,1330846,87,14,5505,750
2020-07-12,Mexico,NA,Quintana Roo,1330846,72,11,5577,761
2020-07-13,Mexico,NA,Quintana Roo,1330846,190,12,5767,773
2020-07-14,Mexico,NA,Quintana Roo,1330846,179,18,5946,791
2020-07-15,Mexico,NA,Quintana Roo,1330846,144,11,6090,802
2020-07-16,Mexico,NA,Quintana Roo,1330846,143,9,6233,811
2020-07-17,Mexico,NA,Quintana Roo,1330846,136,21,6369,832
2020-07-18,Mexico,NA,Quintana Roo,1330846,66,11,6435,843
2020-07-19,Mexico,NA,Quintana Roo,1330846,59,15,6494,858
2020-07-20,Mexico,NA,Quintana Roo,1330846,179,27,6673,885
2020-07-21,Mexico,NA,Quintana Roo,1330846,146,24,6819,909
2020-07-22,Mexico,NA,Quintana Roo,1330846,167,14,6986,923
2020-07-23,Mexico,NA,Quintana Roo,1330846,147,16,7133,939
2020-07-24,Mexico,NA,Quintana Roo,1330846,156,16,7289,955
2020-07-25,Mexico,NA,Quintana Roo,1330846,61,14,7350,969
2020-07-26,Mexico,NA,Quintana Roo,1330846,60,13,7410,982
2020-07-27,Mexico,NA,Quintana Roo,1330846,175,13,7585,995
2020-07-28,Mexico,NA,Quintana Roo,1330846,141,16,7726,1011
2020-07-29,Mexico,NA,Quintana Roo,1330846,154,10,7880,1021
2020-07-30,Mexico,NA,Quintana Roo,1330846,118,16,7998,1037
2020-07-31,Mexico,NA,Quintana Roo,1330846,123,18,8121,1055
2020-08-01,Mexico,NA,Quintana Roo,1330846,65,9,8186,1064
2020-08-02,Mexico,NA,Quintana Roo,1330846,71,18,8257,1082
2020-08-03,Mexico,NA,Quintana Roo,1330846,136,21,8393,1103
2020-08-04,Mexico,NA,Quintana Roo,1330846,123,18,8516,1121
2020-08-05,Mexico,NA,Quintana Roo,1330846,104,10,8620,1131
2020-08-06,Mexico,NA,Quintana Roo,1330846,103,12,8723,1143
2020-08-07,Mexico,NA,Quintana Roo,1330846,94,13,8817,1156
2020-08-08,Mexico,NA,Quintana Roo,1330846,34,19,8851,1175
2020-08-09,Mexico,NA,Quintana Roo,1330846,48,12,8899,1187
2020-08-10,Mexico,NA,Quintana Roo,1330846,140,17,9039,1204
2020-08-11,Mexico,NA,Quintana Roo,1330846,88,21,9127,1225
2020-08-12,Mexico,NA,Quintana Roo,1330846,95,10,9222,1235
2020-08-13,Mexico,NA,Quintana Roo,1330846,73,7,9295,1242
2020-08-14,Mexico,NA,Quintana Roo,1330846,77,8,9372,1250
2020-08-15,Mexico,NA,Quintana Roo,1330846,40,13,9412,1263
2020-08-16,Mexico,NA,Quintana Roo,1330846,52,8,9464,1271
2020-08-17,Mexico,NA,Quintana Roo,1330846,100,11,9564,1282
2020-08-18,Mexico,NA,Quintana Roo,1330846,75,13,9639,1295
2020-08-19,Mexico,NA,Quintana Roo,1330846,64,14,9703,1309
2020-08-20,Mexico,NA,Quintana Roo,1330846,69,13,9772,1322
2020-08-21,Mexico,NA,Quintana Roo,1330846,83,9,9855,1331
2020-08-22,Mexico,NA,Quintana Roo,1330846,28,11,9883,1342
2020-08-23,Mexico,NA,Quintana Roo,1330846,38,13,9921,1355
2020-08-24,Mexico,NA,Quintana Roo,1330846,115,13,10036,1368
2020-08-25,Mexico,NA,Quintana Roo,1330846,72,10,10108,1378
2020-08-26,Mexico,NA,Quintana Roo,1330846,84,11,10192,1389
2020-08-27,Mexico,NA,Quintana Roo,1330846,69,6,10261,1395
2020-08-28,Mexico,NA,Quintana Roo,1330846,46,2,10307,1397
2020-08-29,Mexico,NA,Quintana Roo,1330846,6,4,10313,1401
2020-04-25,Mexico,NA,San Luis Potosi,2598831,8,0,104,7
2020-04-26,Mexico,NA,San Luis Potosi,2598831,3,1,107,8
2020-04-27,Mexico,NA,San Luis Potosi,2598831,14,0,121,8
2020-04-28,Mexico,NA,San Luis Potosi,2598831,18,0,139,8
2020-04-29,Mexico,NA,San Luis Potosi,2598831,9,1,148,9
2020-04-30,Mexico,NA,San Luis Potosi,2598831,10,1,158,10
2020-05-01,Mexico,NA,San Luis Potosi,2598831,14,0,172,10
2020-05-02,Mexico,NA,San Luis Potosi,2598831,14,0,186,10
2020-05-03,Mexico,NA,San Luis Potosi,2598831,10,1,196,11
2020-05-04,Mexico,NA,San Luis Potosi,2598831,27,2,223,13
2020-05-05,Mexico,NA,San Luis Potosi,2598831,16,1,239,14
2020-05-06,Mexico,NA,San Luis Potosi,2598831,34,1,273,15
2020-05-07,Mexico,NA,San Luis Potosi,2598831,13,1,286,16
2020-05-08,Mexico,NA,San Luis Potosi,2598831,26,1,312,17
2020-05-09,Mexico,NA,San Luis Potosi,2598831,12,1,324,18
2020-05-10,Mexico,NA,San Luis Potosi,2598831,19,0,343,18
2020-05-11,Mexico,NA,San Luis Potosi,2598831,31,1,374,19
2020-05-12,Mexico,NA,San Luis Potosi,2598831,23,1,397,20
2020-05-13,Mexico,NA,San Luis Potosi,2598831,25,0,422,20
2020-05-14,Mexico,NA,San Luis Potosi,2598831,35,1,457,21
2020-05-15,Mexico,NA,San Luis Potosi,2598831,27,2,484,23
2020-05-16,Mexico,NA,San Luis Potosi,2598831,25,4,509,27
2020-05-17,Mexico,NA,San Luis Potosi,2598831,15,5,524,32
2020-05-18,Mexico,NA,San Luis Potosi,2598831,34,2,558,34
2020-05-19,Mexico,NA,San Luis Potosi,2598831,27,0,585,34
2020-05-20,Mexico,NA,San Luis Potosi,2598831,40,3,625,37
2020-05-21,Mexico,NA,San Luis Potosi,2598831,37,1,662,38
2020-05-22,Mexico,NA,San Luis Potosi,2598831,55,2,717,40
2020-05-23,Mexico,NA,San Luis Potosi,2598831,20,3,737,43
2020-05-24,Mexico,NA,San Luis Potosi,2598831,21,2,758,45
2020-05-25,Mexico,NA,San Luis Potosi,2598831,49,3,807,48
2020-05-26,Mexico,NA,San Luis Potosi,2598831,39,3,846,51
2020-05-27,Mexico,NA,San Luis Potosi,2598831,60,1,906,52
2020-05-28,Mexico,NA,San Luis Potosi,2598831,38,1,944,53
2020-05-29,Mexico,NA,San Luis Potosi,2598831,50,2,994,55
2020-05-30,Mexico,NA,San Luis Potosi,2598831,24,2,1018,57
2020-05-31,Mexico,NA,San Luis Potosi,2598831,18,4,1036,61
2020-06-01,Mexico,NA,San Luis Potosi,2598831,52,6,1088,67
2020-06-02,Mexico,NA,San Luis Potosi,2598831,54,1,1142,68
2020-06-03,Mexico,NA,San Luis Potosi,2598831,77,5,1219,73
2020-06-04,Mexico,NA,San Luis Potosi,2598831,79,5,1298,78
2020-06-05,Mexico,NA,San Luis Potosi,2598831,76,2,1374,80
2020-06-06,Mexico,NA,San Luis Potosi,2598831,59,8,1433,88
2020-06-07,Mexico,NA,San Luis Potosi,2598831,49,6,1482,94
2020-06-08,Mexico,NA,San Luis Potosi,2598831,115,6,1597,100
2020-06-09,Mexico,NA,San Luis Potosi,2598831,93,3,1690,103
2020-06-10,Mexico,NA,San Luis Potosi,2598831,85,4,1775,107
2020-06-11,Mexico,NA,San Luis Potosi,2598831,78,8,1853,115
2020-06-12,Mexico,NA,San Luis Potosi,2598831,60,4,1913,119
2020-06-13,Mexico,NA,San Luis Potosi,2598831,31,2,1944,121
2020-06-14,Mexico,NA,San Luis Potosi,2598831,23,2,1967,123
2020-06-15,Mexico,NA,San Luis Potosi,2598831,114,0,2081,123
2020-06-16,Mexico,NA,San Luis Potosi,2598831,101,7,2182,130
2020-06-17,Mexico,NA,San Luis Potosi,2598831,113,2,2295,132
2020-06-18,Mexico,NA,San Luis Potosi,2598831,93,2,2388,134
2020-06-19,Mexico,NA,San Luis Potosi,2598831,97,3,2485,137
2020-06-20,Mexico,NA,San Luis Potosi,2598831,50,5,2535,142
2020-06-21,Mexico,NA,San Luis Potosi,2598831,40,7,2575,149
2020-06-22,Mexico,NA,San Luis Potosi,2598831,125,7,2700,156
2020-06-23,Mexico,NA,San Luis Potosi,2598831,128,6,2828,162
2020-06-24,Mexico,NA,San Luis Potosi,2598831,119,12,2947,174
2020-06-25,Mexico,NA,San Luis Potosi,2598831,124,10,3071,184
2020-06-26,Mexico,NA,San Luis Potosi,2598831,108,7,3179,191
2020-06-27,Mexico,NA,San Luis Potosi,2598831,95,4,3274,195
2020-06-28,Mexico,NA,San Luis Potosi,2598831,43,8,3317,203
2020-06-29,Mexico,NA,San Luis Potosi,2598831,139,4,3456,207
2020-06-30,Mexico,NA,San Luis Potosi,2598831,141,11,3597,218
2020-07-01,Mexico,NA,San Luis Potosi,2598831,146,8,3743,226
2020-07-02,Mexico,NA,San Luis Potosi,2598831,154,3,3897,229
2020-07-03,Mexico,NA,San Luis Potosi,2598831,169,5,4066,234
2020-07-04,Mexico,NA,San Luis Potosi,2598831,78,3,4144,237
2020-07-05,Mexico,NA,San Luis Potosi,2598831,56,7,4200,244
2020-07-06,Mexico,NA,San Luis Potosi,2598831,205,11,4405,255
2020-07-07,Mexico,NA,San Luis Potosi,2598831,190,10,4595,265
2020-07-08,Mexico,NA,San Luis Potosi,2598831,203,7,4798,272
2020-07-09,Mexico,NA,San Luis Potosi,2598831,228,10,5026,282
2020-07-10,Mexico,NA,San Luis Potosi,2598831,266,12,5292,294
2020-07-11,Mexico,NA,San Luis Potosi,2598831,175,6,5467,300
2020-07-12,Mexico,NA,San Luis Potosi,2598831,103,12,5570,312
2020-07-13,Mexico,NA,San Luis Potosi,2598831,355,15,5925,327
2020-07-14,Mexico,NA,San Luis Potosi,2598831,354,14,6279,341
2020-07-15,Mexico,NA,San Luis Potosi,2598831,418,16,6697,357
2020-07-16,Mexico,NA,San Luis Potosi,2598831,361,22,7058,379
2020-07-17,Mexico,NA,San Luis Potosi,2598831,403,15,7461,394
2020-07-18,Mexico,NA,San Luis Potosi,2598831,217,8,7678,402
2020-07-19,Mexico,NA,San Luis Potosi,2598831,241,18,7919,420
2020-07-20,Mexico,NA,San Luis Potosi,2598831,416,18,8335,438
2020-07-21,Mexico,NA,San Luis Potosi,2598831,405,19,8740,457
2020-07-22,Mexico,NA,San Luis Potosi,2598831,381,24,9121,481
2020-07-23,Mexico,NA,San Luis Potosi,2598831,398,31,9519,512
2020-07-24,Mexico,NA,San Luis Potosi,2598831,396,19,9915,531
2020-07-25,Mexico,NA,San Luis Potosi,2598831,246,21,10161,552
2020-07-26,Mexico,NA,San Luis Potosi,2598831,142,13,10303,565
2020-07-27,Mexico,NA,San Luis Potosi,2598831,395,22,10698,587
2020-07-28,Mexico,NA,San Luis Potosi,2598831,401,33,11099,620
2020-07-29,Mexico,NA,San Luis Potosi,2598831,372,15,11471,635
2020-07-30,Mexico,NA,San Luis Potosi,2598831,294,21,11765,656
2020-07-31,Mexico,NA,San Luis Potosi,2598831,341,25,12106,681
2020-08-01,Mexico,NA,San Luis Potosi,2598831,199,12,12305,693
2020-08-02,Mexico,NA,San Luis Potosi,2598831,123,23,12428,716
2020-08-03,Mexico,NA,San Luis Potosi,2598831,343,26,12771,742
2020-08-04,Mexico,NA,San Luis Potosi,2598831,332,22,13103,764
2020-08-05,Mexico,NA,San Luis Potosi,2598831,347,23,13450,787
2020-08-06,Mexico,NA,San Luis Potosi,2598831,338,18,13788,805
2020-08-07,Mexico,NA,San Luis Potosi,2598831,282,17,14070,822
2020-08-08,Mexico,NA,San Luis Potosi,2598831,178,15,14248,837
2020-08-09,Mexico,NA,San Luis Potosi,2598831,112,21,14360,858
2020-08-10,Mexico,NA,San Luis Potosi,2598831,293,17,14653,875
2020-08-11,Mexico,NA,San Luis Potosi,2598831,251,23,14904,898
2020-08-12,Mexico,NA,San Luis Potosi,2598831,254,19,15158,917
2020-08-13,Mexico,NA,San Luis Potosi,2598831,218,20,15376,937
2020-08-14,Mexico,NA,San Luis Potosi,2598831,243,27,15619,964
2020-08-15,Mexico,NA,San Luis Potosi,2598831,132,13,15751,977
2020-08-16,Mexico,NA,San Luis Potosi,2598831,136,9,15887,986
2020-08-17,Mexico,NA,San Luis Potosi,2598831,290,20,16177,1006
2020-08-18,Mexico,NA,San Luis Potosi,2598831,254,13,16431,1019
2020-08-19,Mexico,NA,San Luis Potosi,2598831,245,10,16676,1029
2020-08-20,Mexico,NA,San Luis Potosi,2598831,217,18,16893,1047
2020-08-21,Mexico,NA,San Luis Potosi,2598831,228,11,17121,1058
2020-08-22,Mexico,NA,San Luis Potosi,2598831,140,18,17261,1076
2020-08-23,Mexico,NA,San Luis Potosi,2598831,92,9,17353,1085
2020-08-24,Mexico,NA,San Luis Potosi,2598831,245,23,17598,1108
2020-08-25,Mexico,NA,San Luis Potosi,2598831,190,16,17788,1124
2020-08-26,Mexico,NA,San Luis Potosi,2598831,205,13,17993,1137
2020-08-27,Mexico,NA,San Luis Potosi,2598831,102,14,18095,1151
2020-08-28,Mexico,NA,San Luis Potosi,2598831,14,9,18109,1160
2020-08-29,Mexico,NA,San Luis Potosi,2598831,3,1,18112,1161
2020-08-30,Mexico,NA,San Luis Potosi,2598831,1,4,18113,1165
2020-04-02,Mexico,NA,Sinaloa,2783193,28,3,121,9
2020-04-03,Mexico,NA,Sinaloa,2783193,10,2,131,11
2020-04-04,Mexico,NA,Sinaloa,2783193,12,5,143,16
2020-04-05,Mexico,NA,Sinaloa,2783193,15,0,158,16
2020-04-06,Mexico,NA,Sinaloa,2783193,27,1,185,17
2020-04-07,Mexico,NA,Sinaloa,2783193,20,3,205,20
2020-04-08,Mexico,NA,Sinaloa,2783193,29,6,234,26
2020-04-09,Mexico,NA,Sinaloa,2783193,12,7,246,33
2020-04-10,Mexico,NA,Sinaloa,2783193,33,10,279,43
2020-04-11,Mexico,NA,Sinaloa,2783193,24,8,303,51
2020-04-12,Mexico,NA,Sinaloa,2783193,22,7,325,58
2020-04-13,Mexico,NA,Sinaloa,2783193,47,8,372,66
2020-04-14,Mexico,NA,Sinaloa,2783193,46,5,418,71
2020-04-15,Mexico,NA,Sinaloa,2783193,49,6,467,77
2020-04-16,Mexico,NA,Sinaloa,2783193,40,4,507,81
2020-04-17,Mexico,NA,Sinaloa,2783193,38,5,545,86
2020-04-18,Mexico,NA,Sinaloa,2783193,31,5,576,91
2020-04-19,Mexico,NA,Sinaloa,2783193,31,4,607,95
2020-04-20,Mexico,NA,Sinaloa,2783193,61,10,668,105
2020-04-21,Mexico,NA,Sinaloa,2783193,46,6,714,111
2020-04-22,Mexico,NA,Sinaloa,2783193,49,8,763,119
2020-04-23,Mexico,NA,Sinaloa,2783193,67,7,830,126
2020-04-24,Mexico,NA,Sinaloa,2783193,70,6,900,132
2020-04-25,Mexico,NA,Sinaloa,2783193,44,11,944,143
2020-04-26,Mexico,NA,Sinaloa,2783193,36,10,980,153
2020-04-27,Mexico,NA,Sinaloa,2783193,78,10,1058,163
2020-04-28,Mexico,NA,Sinaloa,2783193,46,8,1104,171
2020-04-29,Mexico,NA,Sinaloa,2783193,55,11,1159,182
2020-04-30,Mexico,NA,Sinaloa,2783193,57,12,1216,194
2020-05-01,Mexico,NA,Sinaloa,2783193,58,16,1274,210
2020-05-02,Mexico,NA,Sinaloa,2783193,48,6,1322,216
2020-05-03,Mexico,NA,Sinaloa,2783193,32,9,1354,225
2020-05-04,Mexico,NA,Sinaloa,2783193,76,12,1430,237
2020-05-05,Mexico,NA,Sinaloa,2783193,52,21,1482,258
2020-05-06,Mexico,NA,Sinaloa,2783193,83,6,1565,264
2020-05-07,Mexico,NA,Sinaloa,2783193,64,13,1629,277
2020-05-08,Mexico,NA,Sinaloa,2783193,59,11,1688,288
2020-05-09,Mexico,NA,Sinaloa,2783193,52,4,1740,292
2020-05-10,Mexico,NA,Sinaloa,2783193,40,6,1780,298
2020-05-11,Mexico,NA,Sinaloa,2783193,69,13,1849,311
2020-05-12,Mexico,NA,Sinaloa,2783193,85,15,1934,326
2020-05-13,Mexico,NA,Sinaloa,2783193,77,4,2011,330
2020-05-14,Mexico,NA,Sinaloa,2783193,98,17,2109,347
2020-05-15,Mexico,NA,Sinaloa,2783193,96,17,2205,364
2020-05-16,Mexico,NA,Sinaloa,2783193,67,14,2272,378
2020-05-17,Mexico,NA,Sinaloa,2783193,64,18,2336,396
2020-05-18,Mexico,NA,Sinaloa,2783193,139,18,2475,414
2020-05-19,Mexico,NA,Sinaloa,2783193,102,15,2577,429
2020-05-20,Mexico,NA,Sinaloa,2783193,122,15,2699,444
2020-05-21,Mexico,NA,Sinaloa,2783193,116,24,2815,468
2020-05-22,Mexico,NA,Sinaloa,2783193,143,16,2958,484
2020-05-23,Mexico,NA,Sinaloa,2783193,60,19,3018,503
2020-05-24,Mexico,NA,Sinaloa,2783193,80,15,3098,518
2020-05-25,Mexico,NA,Sinaloa,2783193,169,18,3267,536
2020-05-26,Mexico,NA,Sinaloa,2783193,182,17,3449,553
2020-05-27,Mexico,NA,Sinaloa,2783193,191,28,3640,581
2020-05-28,Mexico,NA,Sinaloa,2783193,159,23,3799,604
2020-05-29,Mexico,NA,Sinaloa,2783193,181,22,3980,626
2020-05-30,Mexico,NA,Sinaloa,2783193,131,23,4111,649
2020-05-31,Mexico,NA,Sinaloa,2783193,69,28,4180,677
2020-06-01,Mexico,NA,Sinaloa,2783193,207,30,4387,707
2020-06-02,Mexico,NA,Sinaloa,2783193,172,27,4559,734
2020-06-03,Mexico,NA,Sinaloa,2783193,211,40,4770,774
2020-06-04,Mexico,NA,Sinaloa,2783193,190,27,4960,801
2020-06-05,Mexico,NA,Sinaloa,2783193,215,34,5175,835
2020-06-06,Mexico,NA,Sinaloa,2783193,153,25,5328,860
2020-06-07,Mexico,NA,Sinaloa,2783193,102,31,5430,891
2020-06-08,Mexico,NA,Sinaloa,2783193,211,36,5641,927
2020-06-09,Mexico,NA,Sinaloa,2783193,240,20,5881,947
2020-06-10,Mexico,NA,Sinaloa,2783193,224,22,6105,969
2020-06-11,Mexico,NA,Sinaloa,2783193,231,21,6336,990
2020-06-12,Mexico,NA,Sinaloa,2783193,291,48,6627,1038
2020-06-13,Mexico,NA,Sinaloa,2783193,91,26,6718,1064
2020-06-14,Mexico,NA,Sinaloa,2783193,85,26,6803,1090
2020-06-15,Mexico,NA,Sinaloa,2783193,187,31,6990,1121
2020-06-16,Mexico,NA,Sinaloa,2783193,207,30,7197,1151
2020-06-17,Mexico,NA,Sinaloa,2783193,191,31,7388,1182
2020-06-18,Mexico,NA,Sinaloa,2783193,163,28,7551,1210
2020-06-19,Mexico,NA,Sinaloa,2783193,172,22,7723,1232
2020-06-20,Mexico,NA,Sinaloa,2783193,136,24,7859,1256
2020-06-21,Mexico,NA,Sinaloa,2783193,85,34,7944,1290
2020-06-22,Mexico,NA,Sinaloa,2783193,209,32,8153,1322
2020-06-23,Mexico,NA,Sinaloa,2783193,198,31,8351,1353
2020-06-24,Mexico,NA,Sinaloa,2783193,207,29,8558,1382
2020-06-25,Mexico,NA,Sinaloa,2783193,137,29,8695,1411
2020-06-26,Mexico,NA,Sinaloa,2783193,182,27,8877,1438
2020-06-27,Mexico,NA,Sinaloa,2783193,94,35,8971,1473
2020-06-28,Mexico,NA,Sinaloa,2783193,80,30,9051,1503
2020-06-29,Mexico,NA,Sinaloa,2783193,170,29,9221,1532
2020-06-30,Mexico,NA,Sinaloa,2783193,168,22,9389,1554
2020-07-01,Mexico,NA,Sinaloa,2783193,187,20,9576,1574
2020-07-02,Mexico,NA,Sinaloa,2783193,150,25,9726,1599
2020-07-03,Mexico,NA,Sinaloa,2783193,161,36,9887,1635
2020-07-04,Mexico,NA,Sinaloa,2783193,95,27,9982,1662
2020-07-05,Mexico,NA,Sinaloa,2783193,83,37,10065,1699
2020-07-06,Mexico,NA,Sinaloa,2783193,150,27,10215,1726
2020-07-07,Mexico,NA,Sinaloa,2783193,183,27,10398,1753
2020-07-08,Mexico,NA,Sinaloa,2783193,171,29,10569,1782
2020-07-09,Mexico,NA,Sinaloa,2783193,156,33,10725,1815
2020-07-10,Mexico,NA,Sinaloa,2783193,161,14,10886,1829
2020-07-11,Mexico,NA,Sinaloa,2783193,90,22,10976,1851
2020-07-12,Mexico,NA,Sinaloa,2783193,98,29,11074,1880
2020-07-13,Mexico,NA,Sinaloa,2783193,189,35,11263,1915
2020-07-14,Mexico,NA,Sinaloa,2783193,176,29,11439,1944
2020-07-15,Mexico,NA,Sinaloa,2783193,162,33,11601,1977
2020-07-16,Mexico,NA,Sinaloa,2783193,128,23,11729,2000
2020-07-17,Mexico,NA,Sinaloa,2783193,143,33,11872,2033
2020-07-18,Mexico,NA,Sinaloa,2783193,74,21,11946,2054
2020-07-19,Mexico,NA,Sinaloa,2783193,52,37,11998,2091
2020-07-20,Mexico,NA,Sinaloa,2783193,142,29,12140,2120
2020-07-21,Mexico,NA,Sinaloa,2783193,130,16,12270,2136
2020-07-22,Mexico,NA,Sinaloa,2783193,127,22,12397,2158
2020-07-23,Mexico,NA,Sinaloa,2783193,129,21,12526,2179
2020-07-24,Mexico,NA,Sinaloa,2783193,120,21,12646,2200
2020-07-25,Mexico,NA,Sinaloa,2783193,71,24,12717,2224
2020-07-26,Mexico,NA,Sinaloa,2783193,78,27,12795,2251
2020-07-27,Mexico,NA,Sinaloa,2783193,190,28,12985,2279
2020-07-28,Mexico,NA,Sinaloa,2783193,147,17,13132,2296
2020-07-29,Mexico,NA,Sinaloa,2783193,140,20,13272,2316
2020-07-30,Mexico,NA,Sinaloa,2783193,127,15,13399,2331
2020-07-31,Mexico,NA,Sinaloa,2783193,100,23,13499,2354
2020-08-01,Mexico,NA,Sinaloa,2783193,73,20,13572,2374
2020-08-02,Mexico,NA,Sinaloa,2783193,49,9,13621,2383
2020-08-03,Mexico,NA,Sinaloa,2783193,156,18,13777,2401
2020-08-04,Mexico,NA,Sinaloa,2783193,126,27,13903,2428
2020-08-05,Mexico,NA,Sinaloa,2783193,113,13,14016,2441
2020-08-06,Mexico,NA,Sinaloa,2783193,123,20,14139,2461
2020-08-07,Mexico,NA,Sinaloa,2783193,112,22,14251,2483
2020-08-08,Mexico,NA,Sinaloa,2783193,67,14,14318,2497
2020-08-09,Mexico,NA,Sinaloa,2783193,57,21,14375,2518
2020-08-10,Mexico,NA,Sinaloa,2783193,128,11,14503,2529
2020-08-11,Mexico,NA,Sinaloa,2783193,108,13,14611,2542
2020-08-12,Mexico,NA,Sinaloa,2783193,116,16,14727,2558
2020-08-13,Mexico,NA,Sinaloa,2783193,110,18,14837,2576
2020-08-14,Mexico,NA,Sinaloa,2783193,109,14,14946,2590
2020-08-15,Mexico,NA,Sinaloa,2783193,55,5,15001,2595
2020-08-16,Mexico,NA,Sinaloa,2783193,40,10,15041,2605
2020-08-17,Mexico,NA,Sinaloa,2783193,118,16,15159,2621
2020-08-18,Mexico,NA,Sinaloa,2783193,113,11,15272,2632
2020-08-19,Mexico,NA,Sinaloa,2783193,133,18,15405,2650
2020-08-20,Mexico,NA,Sinaloa,2783193,108,17,15513,2667
2020-08-21,Mexico,NA,Sinaloa,2783193,98,12,15611,2679
2020-08-22,Mexico,NA,Sinaloa,2783193,46,18,15657,2697
2020-08-23,Mexico,NA,Sinaloa,2783193,47,11,15704,2708
2020-08-24,Mexico,NA,Sinaloa,2783193,103,14,15807,2722
2020-08-25,Mexico,NA,Sinaloa,2783193,92,12,15899,2734
2020-08-26,Mexico,NA,Sinaloa,2783193,99,4,15998,2738
2020-08-27,Mexico,NA,Sinaloa,2783193,55,6,16053,2744
2020-08-28,Mexico,NA,Sinaloa,2783193,44,6,16097,2750
2020-08-29,Mexico,NA,Sinaloa,2783193,5,3,16102,2753
2020-08-30,Mexico,NA,Sinaloa,2783193,2,1,16104,2754
2020-04-10,Mexico,NA,Sonora,2684101,7,0,101,7
2020-04-11,Mexico,NA,Sonora,2684101,6,1,107,8
2020-04-12,Mexico,NA,Sonora,2684101,3,3,110,11
2020-04-13,Mexico,NA,Sonora,2684101,18,0,128,11
2020-04-14,Mexico,NA,Sonora,2684101,9,1,137,12
2020-04-15,Mexico,NA,Sonora,2684101,13,2,150,14
2020-04-16,Mexico,NA,Sonora,2684101,15,0,165,14
2020-04-17,Mexico,NA,Sonora,2684101,15,1,180,15
2020-04-18,Mexico,NA,Sonora,2684101,14,0,194,15
2020-04-19,Mexico,NA,Sonora,2684101,7,2,201,17
2020-04-20,Mexico,NA,Sonora,2684101,9,3,210,20
2020-04-21,Mexico,NA,Sonora,2684101,15,3,225,23
2020-04-22,Mexico,NA,Sonora,2684101,22,3,247,26
2020-04-23,Mexico,NA,Sonora,2684101,9,1,256,27
2020-04-24,Mexico,NA,Sonora,2684101,21,1,277,28
2020-04-25,Mexico,NA,Sonora,2684101,9,1,286,29
2020-04-26,Mexico,NA,Sonora,2684101,15,0,301,29
2020-04-27,Mexico,NA,Sonora,2684101,35,3,336,32
2020-04-28,Mexico,NA,Sonora,2684101,15,1,351,33
2020-04-29,Mexico,NA,Sonora,2684101,17,3,368,36
2020-04-30,Mexico,NA,Sonora,2684101,34,1,402,37
2020-05-01,Mexico,NA,Sonora,2684101,24,1,426,38
2020-05-02,Mexico,NA,Sonora,2684101,32,3,458,41
2020-05-03,Mexico,NA,Sonora,2684101,26,1,484,42
2020-05-04,Mexico,NA,Sonora,2684101,67,2,551,44
2020-05-05,Mexico,NA,Sonora,2684101,64,0,615,44
2020-05-06,Mexico,NA,Sonora,2684101,46,0,661,44
2020-05-07,Mexico,NA,Sonora,2684101,44,4,705,48
2020-05-08,Mexico,NA,Sonora,2684101,58,2,763,50
2020-05-09,Mexico,NA,Sonora,2684101,53,2,816,52
2020-05-10,Mexico,NA,Sonora,2684101,29,4,845,56
2020-05-11,Mexico,NA,Sonora,2684101,81,4,926,60
2020-05-12,Mexico,NA,Sonora,2684101,77,1,1003,61
2020-05-13,Mexico,NA,Sonora,2684101,113,4,1116,65
2020-05-14,Mexico,NA,Sonora,2684101,86,7,1202,72
2020-05-15,Mexico,NA,Sonora,2684101,109,5,1311,77
2020-05-16,Mexico,NA,Sonora,2684101,69,7,1380,84
2020-05-17,Mexico,NA,Sonora,2684101,62,9,1442,93
2020-05-18,Mexico,NA,Sonora,2684101,172,7,1614,100
2020-05-19,Mexico,NA,Sonora,2684101,157,10,1771,110
2020-05-20,Mexico,NA,Sonora,2684101,154,10,1925,120
2020-05-21,Mexico,NA,Sonora,2684101,180,4,2105,124
2020-05-22,Mexico,NA,Sonora,2684101,157,9,2262,133
2020-05-23,Mexico,NA,Sonora,2684101,134,14,2396,147
2020-05-24,Mexico,NA,Sonora,2684101,108,11,2504,158
2020-05-25,Mexico,NA,Sonora,2684101,234,14,2738,172
2020-05-26,Mexico,NA,Sonora,2684101,285,17,3023,189
2020-05-27,Mexico,NA,Sonora,2684101,238,12,3261,201
2020-05-28,Mexico,NA,Sonora,2684101,267,14,3528,215
2020-05-29,Mexico,NA,Sonora,2684101,217,23,3745,238
2020-05-30,Mexico,NA,Sonora,2684101,148,18,3893,256
2020-05-31,Mexico,NA,Sonora,2684101,126,13,4019,269
2020-06-01,Mexico,NA,Sonora,2684101,251,19,4270,288
2020-06-02,Mexico,NA,Sonora,2684101,248,13,4518,301
2020-06-03,Mexico,NA,Sonora,2684101,252,15,4770,316
2020-06-04,Mexico,NA,Sonora,2684101,247,24,5017,340
2020-06-05,Mexico,NA,Sonora,2684101,256,34,5273,374
2020-06-06,Mexico,NA,Sonora,2684101,163,25,5436,399
2020-06-07,Mexico,NA,Sonora,2684101,117,22,5553,421
2020-06-08,Mexico,NA,Sonora,2684101,274,28,5827,449
2020-06-09,Mexico,NA,Sonora,2684101,293,24,6120,473
2020-06-10,Mexico,NA,Sonora,2684101,265,33,6385,506
2020-06-11,Mexico,NA,Sonora,2684101,277,33,6662,539
2020-06-12,Mexico,NA,Sonora,2684101,261,36,6923,575
2020-06-13,Mexico,NA,Sonora,2684101,168,25,7091,600
2020-06-14,Mexico,NA,Sonora,2684101,135,31,7226,631
2020-06-15,Mexico,NA,Sonora,2684101,295,40,7521,671
2020-06-16,Mexico,NA,Sonora,2684101,316,40,7837,711
2020-06-17,Mexico,NA,Sonora,2684101,327,33,8164,744
2020-06-18,Mexico,NA,Sonora,2684101,281,41,8445,785
2020-06-19,Mexico,NA,Sonora,2684101,305,31,8750,816
2020-06-20,Mexico,NA,Sonora,2684101,190,36,8940,852
2020-06-21,Mexico,NA,Sonora,2684101,161,25,9101,877
2020-06-22,Mexico,NA,Sonora,2684101,359,38,9460,915
2020-06-23,Mexico,NA,Sonora,2684101,361,52,9821,967
2020-06-24,Mexico,NA,Sonora,2684101,347,48,10168,1015
2020-06-25,Mexico,NA,Sonora,2684101,372,45,10540,1060
2020-06-26,Mexico,NA,Sonora,2684101,338,38,10878,1098
2020-06-27,Mexico,NA,Sonora,2684101,200,34,11078,1132
2020-06-28,Mexico,NA,Sonora,2684101,179,43,11257,1175
2020-06-29,Mexico,NA,Sonora,2684101,364,43,11621,1218
2020-06-30,Mexico,NA,Sonora,2684101,456,37,12077,1255
2020-07-01,Mexico,NA,Sonora,2684101,377,42,12454,1297
2020-07-02,Mexico,NA,Sonora,2684101,405,40,12859,1337
2020-07-03,Mexico,NA,Sonora,2684101,345,37,13204,1374
2020-07-04,Mexico,NA,Sonora,2684101,184,41,13388,1415
2020-07-05,Mexico,NA,Sonora,2684101,218,40,13606,1455
2020-07-06,Mexico,NA,Sonora,2684101,475,41,14081,1496
2020-07-07,Mexico,NA,Sonora,2684101,418,41,14499,1537
2020-07-08,Mexico,NA,Sonora,2684101,383,39,14882,1576
2020-07-09,Mexico,NA,Sonora,2684101,352,49,15234,1625
2020-07-10,Mexico,NA,Sonora,2684101,322,49,15556,1674
2020-07-11,Mexico,NA,Sonora,2684101,199,45,15755,1719
2020-07-12,Mexico,NA,Sonora,2684101,127,40,15882,1759
2020-07-13,Mexico,NA,Sonora,2684101,336,44,16218,1803
2020-07-14,Mexico,NA,Sonora,2684101,239,48,16457,1851
2020-07-15,Mexico,NA,Sonora,2684101,197,38,16654,1889
2020-07-16,Mexico,NA,Sonora,2684101,195,41,16849,1930
2020-07-17,Mexico,NA,Sonora,2684101,180,29,17029,1959
2020-07-18,Mexico,NA,Sonora,2684101,92,32,17121,1991
2020-07-19,Mexico,NA,Sonora,2684101,90,30,17211,2021
2020-07-20,Mexico,NA,Sonora,2684101,210,30,17421,2051
2020-07-21,Mexico,NA,Sonora,2684101,173,45,17594,2096
2020-07-22,Mexico,NA,Sonora,2684101,162,22,17756,2118
2020-07-23,Mexico,NA,Sonora,2684101,150,37,17906,2155
2020-07-24,Mexico,NA,Sonora,2684101,154,22,18060,2177
2020-07-25,Mexico,NA,Sonora,2684101,75,16,18135,2193
2020-07-26,Mexico,NA,Sonora,2684101,65,32,18200,2225
2020-07-27,Mexico,NA,Sonora,2684101,176,33,18376,2258
2020-07-28,Mexico,NA,Sonora,2684101,152,22,18528,2280
2020-07-29,Mexico,NA,Sonora,2684101,151,17,18679,2297
2020-07-30,Mexico,NA,Sonora,2684101,133,26,18812,2323
2020-07-31,Mexico,NA,Sonora,2684101,99,16,18911,2339
2020-08-01,Mexico,NA,Sonora,2684101,80,14,18991,2353
2020-08-02,Mexico,NA,Sonora,2684101,73,10,19064,2363
2020-08-03,Mexico,NA,Sonora,2684101,183,16,19247,2379
2020-08-04,Mexico,NA,Sonora,2684101,128,25,19375,2404
2020-08-05,Mexico,NA,Sonora,2684101,108,12,19483,2416
2020-08-06,Mexico,NA,Sonora,2684101,114,14,19597,2430
2020-08-07,Mexico,NA,Sonora,2684101,109,18,19706,2448
2020-08-08,Mexico,NA,Sonora,2684101,58,12,19764,2460
2020-08-09,Mexico,NA,Sonora,2684101,57,5,19821,2465
2020-08-10,Mexico,NA,Sonora,2684101,123,5,19944,2470
2020-08-11,Mexico,NA,Sonora,2684101,118,17,20062,2487
2020-08-12,Mexico,NA,Sonora,2684101,125,9,20187,2496
2020-08-13,Mexico,NA,Sonora,2684101,125,11,20312,2507
2020-08-14,Mexico,NA,Sonora,2684101,124,9,20436,2516
2020-08-15,Mexico,NA,Sonora,2684101,61,6,20497,2522
2020-08-16,Mexico,NA,Sonora,2684101,38,11,20535,2533
2020-08-17,Mexico,NA,Sonora,2684101,152,14,20687,2547
2020-08-18,Mexico,NA,Sonora,2684101,107,6,20794,2553
2020-08-19,Mexico,NA,Sonora,2684101,114,10,20908,2563
2020-08-20,Mexico,NA,Sonora,2684101,80,9,20988,2572
2020-08-21,Mexico,NA,Sonora,2684101,92,7,21080,2579
2020-08-22,Mexico,NA,Sonora,2684101,64,2,21144,2581
2020-08-23,Mexico,NA,Sonora,2684101,44,3,21188,2584
2020-08-24,Mexico,NA,Sonora,2684101,94,7,21282,2591
2020-08-25,Mexico,NA,Sonora,2684101,109,5,21391,2596
2020-08-26,Mexico,NA,Sonora,2684101,36,7,21427,2603
2020-08-27,Mexico,NA,Sonora,2684101,3,5,21430,2608
2020-08-28,Mexico,NA,Sonora,2684101,3,5,21433,2613
2020-03-23,Mexico,NA,State of Mexico,15181290,15,0,107,1
2020-03-24,Mexico,NA,State of Mexico,15181290,23,0,130,1
2020-03-25,Mexico,NA,State of Mexico,15181290,26,0,156,1
2020-03-26,Mexico,NA,State of Mexico,15181290,27,0,183,1
2020-03-27,Mexico,NA,State of Mexico,15181290,43,0,226,1
2020-03-28,Mexico,NA,State of Mexico,15181290,27,4,253,5
2020-03-29,Mexico,NA,State of Mexico,15181290,18,1,271,6
2020-03-30,Mexico,NA,State of Mexico,15181290,55,1,326,7
2020-03-31,Mexico,NA,State of Mexico,15181290,34,2,360,9
2020-04-01,Mexico,NA,State of Mexico,15181290,50,1,410,10
2020-04-02,Mexico,NA,State of Mexico,15181290,50,5,460,15
2020-04-03,Mexico,NA,State of Mexico,15181290,51,3,511,18
2020-04-04,Mexico,NA,State of Mexico,15181290,34,5,545,23
2020-04-05,Mexico,NA,State of Mexico,15181290,41,5,586,28
2020-04-06,Mexico,NA,State of Mexico,15181290,84,4,670,32
2020-04-07,Mexico,NA,State of Mexico,15181290,73,10,743,42
2020-04-08,Mexico,NA,State of Mexico,15181290,88,6,831,48
2020-04-09,Mexico,NA,State of Mexico,15181290,62,5,893,53
2020-04-10,Mexico,NA,State of Mexico,15181290,94,7,987,60
2020-04-11,Mexico,NA,State of Mexico,15181290,78,13,1065,73
2020-04-12,Mexico,NA,State of Mexico,15181290,84,17,1149,90
2020-04-13,Mexico,NA,State of Mexico,15181290,159,19,1308,109
2020-04-14,Mexico,NA,State of Mexico,15181290,161,16,1469,125
2020-04-15,Mexico,NA,State of Mexico,15181290,184,18,1653,143
2020-04-16,Mexico,NA,State of Mexico,15181290,191,16,1844,159
2020-04-17,Mexico,NA,State of Mexico,15181290,161,22,2005,181
2020-04-18,Mexico,NA,State of Mexico,15181290,160,28,2165,209
2020-04-19,Mexico,NA,State of Mexico,15181290,155,27,2320,236
2020-04-20,Mexico,NA,State of Mexico,15181290,264,34,2584,270
2020-04-21,Mexico,NA,State of Mexico,15181290,284,36,2868,306
2020-04-22,Mexico,NA,State of Mexico,15181290,251,39,3119,345
2020-04-23,Mexico,NA,State of Mexico,15181290,274,35,3393,380
2020-04-24,Mexico,NA,State of Mexico,15181290,312,49,3705,429
2020-04-25,Mexico,NA,State of Mexico,15181290,196,47,3901,476
2020-04-26,Mexico,NA,State of Mexico,15181290,214,67,4115,543
2020-04-27,Mexico,NA,State of Mexico,15181290,365,50,4480,593
2020-04-28,Mexico,NA,State of Mexico,15181290,347,57,4827,650
2020-04-29,Mexico,NA,State of Mexico,15181290,324,71,5151,721
2020-04-30,Mexico,NA,State of Mexico,15181290,303,65,5454,786
2020-05-01,Mexico,NA,State of Mexico,15181290,274,74,5728,860
2020-05-02,Mexico,NA,State of Mexico,15181290,235,64,5963,924
2020-05-03,Mexico,NA,State of Mexico,15181290,252,64,6215,988
2020-05-04,Mexico,NA,State of Mexico,15181290,497,92,6712,1080
2020-05-05,Mexico,NA,State of Mexico,15181290,347,64,7059,1144
2020-05-06,Mexico,NA,State of Mexico,15181290,352,55,7411,1199
2020-05-07,Mexico,NA,State of Mexico,15181290,446,66,7857,1265
2020-05-08,Mexico,NA,State of Mexico,15181290,434,60,8291,1325
2020-05-09,Mexico,NA,State of Mexico,15181290,262,62,8553,1387
2020-05-10,Mexico,NA,State of Mexico,15181290,249,65,8802,1452
2020-05-11,Mexico,NA,State of Mexico,15181290,580,69,9382,1521
2020-05-12,Mexico,NA,State of Mexico,15181290,542,58,9924,1579
2020-05-13,Mexico,NA,State of Mexico,15181290,585,85,10509,1664
2020-05-14,Mexico,NA,State of Mexico,15181290,540,75,11049,1739
2020-05-15,Mexico,NA,State of Mexico,15181290,623,92,11672,1831
2020-05-16,Mexico,NA,State of Mexico,15181290,361,87,12033,1918
2020-05-17,Mexico,NA,State of Mexico,15181290,319,102,12352,2020
2020-05-18,Mexico,NA,State of Mexico,15181290,697,93,13049,2113
2020-05-19,Mexico,NA,State of Mexico,15181290,579,99,13628,2212
2020-05-20,Mexico,NA,State of Mexico,15181290,641,82,14269,2294
2020-05-21,Mexico,NA,State of Mexico,15181290,686,101,14955,2395
2020-05-22,Mexico,NA,State of Mexico,15181290,707,99,15662,2494
2020-05-23,Mexico,NA,State of Mexico,15181290,321,84,15983,2578
2020-05-24,Mexico,NA,State of Mexico,15181290,357,107,16340,2685
2020-05-25,Mexico,NA,State of Mexico,15181290,805,101,17145,2786
2020-05-26,Mexico,NA,State of Mexico,15181290,702,115,17847,2901
2020-05-27,Mexico,NA,State of Mexico,15181290,775,96,18622,2997
2020-05-28,Mexico,NA,State of Mexico,15181290,695,97,19317,3094
2020-05-29,Mexico,NA,State of Mexico,15181290,707,103,20024,3197
2020-05-30,Mexico,NA,State of Mexico,15181290,398,109,20422,3306
2020-05-31,Mexico,NA,State of Mexico,15181290,339,111,20761,3417
2020-06-01,Mexico,NA,State of Mexico,15181290,854,108,21615,3525
2020-06-02,Mexico,NA,State of Mexico,15181290,804,99,22419,3624
2020-06-03,Mexico,NA,State of Mexico,15181290,935,122,23354,3746
2020-06-04,Mexico,NA,State of Mexico,15181290,797,106,24151,3852
2020-06-05,Mexico,NA,State of Mexico,15181290,816,103,24967,3955
2020-06-06,Mexico,NA,State of Mexico,15181290,409,108,25376,4063
2020-06-07,Mexico,NA,State of Mexico,15181290,419,115,25795,4178
2020-06-08,Mexico,NA,State of Mexico,15181290,1059,112,26854,4290
2020-06-09,Mexico,NA,State of Mexico,15181290,889,128,27743,4418
2020-06-10,Mexico,NA,State of Mexico,15181290,895,114,28638,4532
2020-06-11,Mexico,NA,State of Mexico,15181290,737,122,29375,4654
2020-06-12,Mexico,NA,State of Mexico,15181290,731,109,30106,4763
2020-06-13,Mexico,NA,State of Mexico,15181290,371,106,30477,4869
2020-06-14,Mexico,NA,State of Mexico,15181290,377,106,30854,4975
2020-06-15,Mexico,NA,State of Mexico,15181290,867,122,31721,5097
2020-06-16,Mexico,NA,State of Mexico,15181290,840,125,32561,5222
2020-06-17,Mexico,NA,State of Mexico,15181290,759,112,33320,5334
2020-06-18,Mexico,NA,State of Mexico,15181290,742,95,34062,5429
2020-06-19,Mexico,NA,State of Mexico,15181290,738,108,34800,5537
2020-06-20,Mexico,NA,State of Mexico,15181290,370,80,35170,5617
2020-06-21,Mexico,NA,State of Mexico,15181290,256,83,35426,5700
2020-06-22,Mexico,NA,State of Mexico,15181290,747,95,36173,5795
2020-06-23,Mexico,NA,State of Mexico,15181290,664,89,36837,5884
2020-06-24,Mexico,NA,State of Mexico,15181290,697,83,37534,5967
2020-06-25,Mexico,NA,State of Mexico,15181290,580,69,38114,6036
2020-06-26,Mexico,NA,State of Mexico,15181290,686,83,38800,6119
2020-06-27,Mexico,NA,State of Mexico,15181290,274,90,39074,6209
2020-06-28,Mexico,NA,State of Mexico,15181290,271,91,39345,6300
2020-06-29,Mexico,NA,State of Mexico,15181290,821,123,40166,6423
2020-06-30,Mexico,NA,State of Mexico,15181290,632,86,40798,6509
2020-07-01,Mexico,NA,State of Mexico,15181290,833,83,41631,6592
2020-07-02,Mexico,NA,State of Mexico,15181290,649,95,42280,6687
2020-07-03,Mexico,NA,State of Mexico,15181290,671,61,42951,6748
2020-07-04,Mexico,NA,State of Mexico,15181290,324,70,43275,6818
2020-07-05,Mexico,NA,State of Mexico,15181290,263,85,43538,6903
2020-07-06,Mexico,NA,State of Mexico,15181290,726,110,44264,7013
2020-07-07,Mexico,NA,State of Mexico,15181290,647,78,44911,7091
2020-07-08,Mexico,NA,State of Mexico,15181290,657,85,45568,7176
2020-07-09,Mexico,NA,State of Mexico,15181290,515,80,46083,7256
2020-07-10,Mexico,NA,State of Mexico,15181290,680,73,46763,7329
2020-07-11,Mexico,NA,State of Mexico,15181290,259,86,47022,7415
2020-07-12,Mexico,NA,State of Mexico,15181290,222,71,47244,7486
2020-07-13,Mexico,NA,State of Mexico,15181290,657,66,47901,7552
2020-07-14,Mexico,NA,State of Mexico,15181290,568,72,48469,7624
2020-07-15,Mexico,NA,State of Mexico,15181290,696,74,49165,7698
2020-07-16,Mexico,NA,State of Mexico,15181290,605,86,49770,7784
2020-07-17,Mexico,NA,State of Mexico,15181290,612,69,50382,7853
2020-07-18,Mexico,NA,State of Mexico,15181290,277,75,50659,7928
2020-07-19,Mexico,NA,State of Mexico,15181290,271,83,50930,8011
2020-07-20,Mexico,NA,State of Mexico,15181290,784,64,51714,8075
2020-07-21,Mexico,NA,State of Mexico,15181290,749,68,52463,8143
2020-07-22,Mexico,NA,State of Mexico,15181290,690,55,53153,8198
2020-07-23,Mexico,NA,State of Mexico,15181290,576,64,53729,8262
2020-07-24,Mexico,NA,State of Mexico,15181290,587,67,54316,8329
2020-07-25,Mexico,NA,State of Mexico,15181290,227,69,54543,8398
2020-07-26,Mexico,NA,State of Mexico,15181290,194,65,54737,8463
2020-07-27,Mexico,NA,State of Mexico,15181290,658,69,55395,8532
2020-07-28,Mexico,NA,State of Mexico,15181290,570,55,55965,8587
2020-07-29,Mexico,NA,State of Mexico,15181290,637,59,56602,8646
2020-07-30,Mexico,NA,State of Mexico,15181290,520,55,57122,8701
2020-07-31,Mexico,NA,State of Mexico,15181290,527,53,57649,8754
2020-08-01,Mexico,NA,State of Mexico,15181290,231,65,57880,8819
2020-08-02,Mexico,NA,State of Mexico,15181290,205,51,58085,8870
2020-08-03,Mexico,NA,State of Mexico,15181290,592,59,58677,8929
2020-08-04,Mexico,NA,State of Mexico,15181290,560,57,59237,8986
2020-08-05,Mexico,NA,State of Mexico,15181290,564,57,59801,9043
2020-08-06,Mexico,NA,State of Mexico,15181290,492,64,60293,9107
2020-08-07,Mexico,NA,State of Mexico,15181290,525,41,60818,9148
2020-08-08,Mexico,NA,State of Mexico,15181290,198,48,61016,9196
2020-08-09,Mexico,NA,State of Mexico,15181290,174,61,61190,9257
2020-08-10,Mexico,NA,State of Mexico,15181290,587,69,61777,9326
2020-08-11,Mexico,NA,State of Mexico,15181290,494,45,62271,9371
2020-08-12,Mexico,NA,State of Mexico,15181290,470,48,62741,9419
2020-08-13,Mexico,NA,State of Mexico,15181290,477,47,63218,9466
2020-08-14,Mexico,NA,State of Mexico,15181290,430,48,63648,9514
2020-08-15,Mexico,NA,State of Mexico,15181290,195,40,63843,9554
2020-08-16,Mexico,NA,State of Mexico,15181290,146,54,63989,9608
2020-08-17,Mexico,NA,State of Mexico,15181290,522,44,64511,9652
2020-08-18,Mexico,NA,State of Mexico,15181290,511,45,65022,9697
2020-08-19,Mexico,NA,State of Mexico,15181290,422,53,65444,9750
2020-08-20,Mexico,NA,State of Mexico,15181290,410,34,65854,9784
2020-08-21,Mexico,NA,State of Mexico,15181290,451,46,66305,9830
2020-08-22,Mexico,NA,State of Mexico,15181290,173,33,66478,9863
2020-08-23,Mexico,NA,State of Mexico,15181290,175,52,66653,9915
2020-08-24,Mexico,NA,State of Mexico,15181290,432,34,67085,9949
2020-08-25,Mexico,NA,State of Mexico,15181290,333,28,67418,9977
2020-08-26,Mexico,NA,State of Mexico,15181290,215,24,67633,10001
2020-08-27,Mexico,NA,State of Mexico,15181290,138,24,67771,10025
2020-08-28,Mexico,NA,State of Mexico,15181290,51,21,67822,10046
2020-08-29,Mexico,NA,State of Mexico,15181290,5,11,67827,10057
2020-08-30,Mexico,NA,State of Mexico,15181290,0,4,67827,10061
2020-08-31,Mexico,NA,State of Mexico,15181290,1,0,67828,10061
2020-04-03,Mexico,NA,Tabasco,2240834,20,1,117,5
2020-04-04,Mexico,NA,Tabasco,2240834,3,0,120,5
2020-04-05,Mexico,NA,Tabasco,2240834,9,3,129,8
2020-04-06,Mexico,NA,Tabasco,2240834,7,3,136,11
2020-04-07,Mexico,NA,Tabasco,2240834,13,0,149,11
2020-04-08,Mexico,NA,Tabasco,2240834,18,1,167,12
2020-04-09,Mexico,NA,Tabasco,2240834,11,1,178,13
2020-04-10,Mexico,NA,Tabasco,2240834,15,0,193,13
2020-04-11,Mexico,NA,Tabasco,2240834,19,1,212,14
2020-04-12,Mexico,NA,Tabasco,2240834,27,2,239,16
2020-04-13,Mexico,NA,Tabasco,2240834,30,4,269,20
2020-04-14,Mexico,NA,Tabasco,2240834,47,5,316,25
2020-04-15,Mexico,NA,Tabasco,2240834,39,3,355,28
2020-04-16,Mexico,NA,Tabasco,2240834,43,3,398,31
2020-04-17,Mexico,NA,Tabasco,2240834,56,10,454,41
2020-04-18,Mexico,NA,Tabasco,2240834,48,9,502,50
2020-04-19,Mexico,NA,Tabasco,2240834,41,8,543,58
2020-04-20,Mexico,NA,Tabasco,2240834,72,8,615,66
2020-04-21,Mexico,NA,Tabasco,2240834,85,3,700,69
2020-04-22,Mexico,NA,Tabasco,2240834,65,10,765,79
2020-04-23,Mexico,NA,Tabasco,2240834,65,11,830,90
2020-04-24,Mexico,NA,Tabasco,2240834,66,7,896,97
2020-04-25,Mexico,NA,Tabasco,2240834,43,10,939,107
2020-04-26,Mexico,NA,Tabasco,2240834,41,10,980,117
2020-04-27,Mexico,NA,Tabasco,2240834,59,6,1039,123
2020-04-28,Mexico,NA,Tabasco,2240834,58,9,1097,132
2020-04-29,Mexico,NA,Tabasco,2240834,50,9,1147,141
2020-04-30,Mexico,NA,Tabasco,2240834,84,10,1231,151
2020-05-01,Mexico,NA,Tabasco,2240834,54,17,1285,168
2020-05-02,Mexico,NA,Tabasco,2240834,48,13,1333,181
2020-05-03,Mexico,NA,Tabasco,2240834,46,13,1379,194
2020-05-04,Mexico,NA,Tabasco,2240834,85,14,1464,208
2020-05-05,Mexico,NA,Tabasco,2240834,72,7,1536,215
2020-05-06,Mexico,NA,Tabasco,2240834,95,15,1631,230
2020-05-07,Mexico,NA,Tabasco,2240834,104,11,1735,241
2020-05-08,Mexico,NA,Tabasco,2240834,81,23,1816,264
2020-05-09,Mexico,NA,Tabasco,2240834,53,13,1869,277
2020-05-10,Mexico,NA,Tabasco,2240834,65,13,1934,290
2020-05-11,Mexico,NA,Tabasco,2240834,115,15,2049,305
2020-05-12,Mexico,NA,Tabasco,2240834,87,11,2136,316
2020-05-13,Mexico,NA,Tabasco,2240834,116,13,2252,329
2020-05-14,Mexico,NA,Tabasco,2240834,127,15,2379,344
2020-05-15,Mexico,NA,Tabasco,2240834,145,24,2524,368
2020-05-16,Mexico,NA,Tabasco,2240834,86,17,2610,385
2020-05-17,Mexico,NA,Tabasco,2240834,81,17,2691,402
2020-05-18,Mexico,NA,Tabasco,2240834,122,14,2813,416
2020-05-19,Mexico,NA,Tabasco,2240834,106,16,2919,432
2020-05-20,Mexico,NA,Tabasco,2240834,162,21,3081,453
2020-05-21,Mexico,NA,Tabasco,2240834,142,19,3223,472
2020-05-22,Mexico,NA,Tabasco,2240834,139,22,3362,494
2020-05-23,Mexico,NA,Tabasco,2240834,97,21,3459,515
2020-05-24,Mexico,NA,Tabasco,2240834,83,17,3542,532
2020-05-25,Mexico,NA,Tabasco,2240834,175,12,3717,544
2020-05-26,Mexico,NA,Tabasco,2240834,198,22,3915,566
2020-05-27,Mexico,NA,Tabasco,2240834,224,18,4139,584
2020-05-28,Mexico,NA,Tabasco,2240834,222,19,4361,603
2020-05-29,Mexico,NA,Tabasco,2240834,172,18,4533,621
2020-05-30,Mexico,NA,Tabasco,2240834,103,28,4636,649
2020-05-31,Mexico,NA,Tabasco,2240834,74,11,4710,660
2020-06-01,Mexico,NA,Tabasco,2240834,205,24,4915,684
2020-06-02,Mexico,NA,Tabasco,2240834,161,20,5076,704
2020-06-03,Mexico,NA,Tabasco,2240834,180,17,5256,721
2020-06-04,Mexico,NA,Tabasco,2240834,188,17,5444,738
2020-06-05,Mexico,NA,Tabasco,2240834,177,17,5621,755
2020-06-06,Mexico,NA,Tabasco,2240834,133,10,5754,765
2020-06-07,Mexico,NA,Tabasco,2240834,108,18,5862,783
2020-06-08,Mexico,NA,Tabasco,2240834,286,15,6148,798
2020-06-09,Mexico,NA,Tabasco,2240834,295,16,6443,814
2020-06-10,Mexico,NA,Tabasco,2240834,316,17,6759,831
2020-06-11,Mexico,NA,Tabasco,2240834,275,12,7034,843
2020-06-12,Mexico,NA,Tabasco,2240834,367,18,7401,861
2020-06-13,Mexico,NA,Tabasco,2240834,180,17,7581,878
2020-06-14,Mexico,NA,Tabasco,2240834,106,17,7687,895
2020-06-15,Mexico,NA,Tabasco,2240834,310,21,7997,916
2020-06-16,Mexico,NA,Tabasco,2240834,313,25,8310,941
2020-06-17,Mexico,NA,Tabasco,2240834,311,15,8621,956
2020-06-18,Mexico,NA,Tabasco,2240834,318,22,8939,978
2020-06-19,Mexico,NA,Tabasco,2240834,296,18,9235,996
2020-06-20,Mexico,NA,Tabasco,2240834,194,10,9429,1006
2020-06-21,Mexico,NA,Tabasco,2240834,106,23,9535,1029
2020-06-22,Mexico,NA,Tabasco,2240834,273,16,9808,1045
2020-06-23,Mexico,NA,Tabasco,2240834,277,14,10085,1059
2020-06-24,Mexico,NA,Tabasco,2240834,287,14,10372,1073
2020-06-25,Mexico,NA,Tabasco,2240834,321,22,10693,1095
2020-06-26,Mexico,NA,Tabasco,2240834,258,22,10951,1117
2020-06-27,Mexico,NA,Tabasco,2240834,196,26,11147,1143
2020-06-28,Mexico,NA,Tabasco,2240834,150,25,11297,1168
2020-06-29,Mexico,NA,Tabasco,2240834,389,25,11686,1193
2020-06-30,Mexico,NA,Tabasco,2240834,406,29,12092,1222
2020-07-01,Mexico,NA,Tabasco,2240834,405,18,12497,1240
2020-07-02,Mexico,NA,Tabasco,2240834,423,27,12920,1267
2020-07-03,Mexico,NA,Tabasco,2240834,346,24,13266,1291
2020-07-04,Mexico,NA,Tabasco,2240834,152,17,13418,1308
2020-07-05,Mexico,NA,Tabasco,2240834,135,31,13553,1339
2020-07-06,Mexico,NA,Tabasco,2240834,330,41,13883,1380
2020-07-07,Mexico,NA,Tabasco,2240834,376,35,14259,1415
2020-07-08,Mexico,NA,Tabasco,2240834,403,24,14662,1439
2020-07-09,Mexico,NA,Tabasco,2240834,424,33,15086,1472
2020-07-10,Mexico,NA,Tabasco,2240834,344,34,15430,1506
2020-07-11,Mexico,NA,Tabasco,2240834,205,35,15635,1541
2020-07-12,Mexico,NA,Tabasco,2240834,201,31,15836,1572
2020-07-13,Mexico,NA,Tabasco,2240834,427,38,16263,1610
2020-07-14,Mexico,NA,Tabasco,2240834,462,27,16725,1637
2020-07-15,Mexico,NA,Tabasco,2240834,456,27,17181,1664
2020-07-16,Mexico,NA,Tabasco,2240834,403,33,17584,1697
2020-07-17,Mexico,NA,Tabasco,2240834,454,39,18038,1736
2020-07-18,Mexico,NA,Tabasco,2240834,233,24,18271,1760
2020-07-19,Mexico,NA,Tabasco,2240834,204,27,18475,1787
2020-07-20,Mexico,NA,Tabasco,2240834,449,33,18924,1820
2020-07-21,Mexico,NA,Tabasco,2240834,459,37,19383,1857
2020-07-22,Mexico,NA,Tabasco,2240834,400,32,19783,1889
2020-07-23,Mexico,NA,Tabasco,2240834,432,29,20215,1918
2020-07-24,Mexico,NA,Tabasco,2240834,438,20,20653,1938
2020-07-25,Mexico,NA,Tabasco,2240834,209,32,20862,1970
2020-07-26,Mexico,NA,Tabasco,2240834,201,24,21063,1994
2020-07-27,Mexico,NA,Tabasco,2240834,455,26,21518,2020
2020-07-28,Mexico,NA,Tabasco,2240834,400,27,21918,2047
2020-07-29,Mexico,NA,Tabasco,2240834,410,21,22328,2068
2020-07-30,Mexico,NA,Tabasco,2240834,344,32,22672,2100
2020-07-31,Mexico,NA,Tabasco,2240834,354,24,23026,2124
2020-08-01,Mexico,NA,Tabasco,2240834,177,24,23203,2148
2020-08-02,Mexico,NA,Tabasco,2240834,117,18,23320,2166
2020-08-03,Mexico,NA,Tabasco,2240834,278,21,23598,2187
2020-08-04,Mexico,NA,Tabasco,2240834,251,15,23849,2202
2020-08-05,Mexico,NA,Tabasco,2240834,281,18,24130,2220
2020-08-06,Mexico,NA,Tabasco,2240834,290,15,24420,2235
2020-08-07,Mexico,NA,Tabasco,2240834,248,10,24668,2245
2020-08-08,Mexico,NA,Tabasco,2240834,111,18,24779,2263
2020-08-09,Mexico,NA,Tabasco,2240834,90,19,24869,2282
2020-08-10,Mexico,NA,Tabasco,2240834,262,22,25131,2304
2020-08-11,Mexico,NA,Tabasco,2240834,254,17,25385,2321
2020-08-12,Mexico,NA,Tabasco,2240834,193,21,25578,2342
2020-08-13,Mexico,NA,Tabasco,2240834,210,19,25788,2361
2020-08-14,Mexico,NA,Tabasco,2240834,214,14,26002,2375
2020-08-15,Mexico,NA,Tabasco,2240834,106,11,26108,2386
2020-08-16,Mexico,NA,Tabasco,2240834,84,16,26192,2402
2020-08-17,Mexico,NA,Tabasco,2240834,198,8,26390,2410
2020-08-18,Mexico,NA,Tabasco,2240834,196,10,26586,2420
2020-08-19,Mexico,NA,Tabasco,2240834,249,13,26835,2433
2020-08-20,Mexico,NA,Tabasco,2240834,165,9,27000,2442
2020-08-21,Mexico,NA,Tabasco,2240834,187,9,27187,2451
2020-08-22,Mexico,NA,Tabasco,2240834,82,8,27269,2459
2020-08-23,Mexico,NA,Tabasco,2240834,78,8,27347,2467
2020-08-24,Mexico,NA,Tabasco,2240834,149,11,27496,2478
2020-08-25,Mexico,NA,Tabasco,2240834,189,5,27685,2483
2020-08-26,Mexico,NA,Tabasco,2240834,197,12,27882,2495
2020-08-27,Mexico,NA,Tabasco,2240834,208,10,28090,2505
2020-08-28,Mexico,NA,Tabasco,2240834,185,3,28275,2508
2020-08-29,Mexico,NA,Tabasco,2240834,79,4,28354,2512
2020-04-13,Mexico,NA,Tamaulipas,3287896,14,0,114,3
2020-04-14,Mexico,NA,Tamaulipas,3287896,19,1,133,4
2020-04-15,Mexico,NA,Tamaulipas,3287896,16,1,149,5
2020-04-16,Mexico,NA,Tamaulipas,3287896,27,0,176,5
2020-04-17,Mexico,NA,Tamaulipas,3287896,31,1,207,6
2020-04-18,Mexico,NA,Tamaulipas,3287896,15,0,222,6
2020-04-19,Mexico,NA,Tamaulipas,3287896,11,0,233,6
2020-04-20,Mexico,NA,Tamaulipas,3287896,27,4,260,10
2020-04-21,Mexico,NA,Tamaulipas,3287896,21,0,281,10
2020-04-22,Mexico,NA,Tamaulipas,3287896,30,0,311,10
2020-04-23,Mexico,NA,Tamaulipas,3287896,34,3,345,13
2020-04-24,Mexico,NA,Tamaulipas,3287896,28,1,373,14
2020-04-25,Mexico,NA,Tamaulipas,3287896,40,3,413,17
2020-04-26,Mexico,NA,Tamaulipas,3287896,34,1,447,18
2020-04-27,Mexico,NA,Tamaulipas,3287896,30,2,477,20
2020-04-28,Mexico,NA,Tamaulipas,3287896,42,1,519,21
2020-04-29,Mexico,NA,Tamaulipas,3287896,36,0,555,21
2020-04-30,Mexico,NA,Tamaulipas,3287896,18,3,573,24
2020-05-01,Mexico,NA,Tamaulipas,3287896,33,2,606,26
2020-05-02,Mexico,NA,Tamaulipas,3287896,32,3,638,29
2020-05-03,Mexico,NA,Tamaulipas,3287896,25,1,663,30
2020-05-04,Mexico,NA,Tamaulipas,3287896,43,1,706,31
2020-05-05,Mexico,NA,Tamaulipas,3287896,37,1,743,32
2020-05-06,Mexico,NA,Tamaulipas,3287896,49,3,792,35
2020-05-07,Mexico,NA,Tamaulipas,3287896,46,4,838,39
2020-05-08,Mexico,NA,Tamaulipas,3287896,31,6,869,45
2020-05-09,Mexico,NA,Tamaulipas,3287896,28,3,897,48
2020-05-10,Mexico,NA,Tamaulipas,3287896,22,4,919,52
2020-05-11,Mexico,NA,Tamaulipas,3287896,42,4,961,56
2020-05-12,Mexico,NA,Tamaulipas,3287896,52,3,1013,59
2020-05-13,Mexico,NA,Tamaulipas,3287896,42,3,1055,62
2020-05-14,Mexico,NA,Tamaulipas,3287896,36,6,1091,68
2020-05-15,Mexico,NA,Tamaulipas,3287896,66,2,1157,70
2020-05-16,Mexico,NA,Tamaulipas,3287896,49,3,1206,73
2020-05-17,Mexico,NA,Tamaulipas,3287896,17,0,1223,73
2020-05-18,Mexico,NA,Tamaulipas,3287896,64,4,1287,77
2020-05-19,Mexico,NA,Tamaulipas,3287896,51,5,1338,82
2020-05-20,Mexico,NA,Tamaulipas,3287896,69,2,1407,84
2020-05-21,Mexico,NA,Tamaulipas,3287896,72,5,1479,89
2020-05-22,Mexico,NA,Tamaulipas,3287896,91,4,1570,93
2020-05-23,Mexico,NA,Tamaulipas,3287896,70,3,1640,96
2020-05-24,Mexico,NA,Tamaulipas,3287896,35,5,1675,101
2020-05-25,Mexico,NA,Tamaulipas,3287896,116,4,1791,105
2020-05-26,Mexico,NA,Tamaulipas,3287896,117,3,1908,108
2020-05-27,Mexico,NA,Tamaulipas,3287896,111,4,2019,112
2020-05-28,Mexico,NA,Tamaulipas,3287896,66,10,2085,122
2020-05-29,Mexico,NA,Tamaulipas,3287896,98,2,2183,124
2020-05-30,Mexico,NA,Tamaulipas,3287896,68,7,2251,131
2020-05-31,Mexico,NA,Tamaulipas,3287896,49,9,2300,140
2020-06-01,Mexico,NA,Tamaulipas,3287896,133,6,2433,146
2020-06-02,Mexico,NA,Tamaulipas,3287896,101,6,2534,152
2020-06-03,Mexico,NA,Tamaulipas,3287896,95,7,2629,159
2020-06-04,Mexico,NA,Tamaulipas,3287896,102,5,2731,164
2020-06-05,Mexico,NA,Tamaulipas,3287896,114,2,2845,166
2020-06-06,Mexico,NA,Tamaulipas,3287896,80,2,2925,168
2020-06-07,Mexico,NA,Tamaulipas,3287896,70,5,2995,173
2020-06-08,Mexico,NA,Tamaulipas,3287896,140,7,3135,180
2020-06-09,Mexico,NA,Tamaulipas,3287896,139,7,3274,187
2020-06-10,Mexico,NA,Tamaulipas,3287896,182,9,3456,196
2020-06-11,Mexico,NA,Tamaulipas,3287896,134,4,3590,200
2020-06-12,Mexico,NA,Tamaulipas,3287896,238,11,3828,211
2020-06-13,Mexico,NA,Tamaulipas,3287896,140,6,3968,217
2020-06-14,Mexico,NA,Tamaulipas,3287896,125,20,4093,237
2020-06-15,Mexico,NA,Tamaulipas,3287896,259,15,4352,252
2020-06-16,Mexico,NA,Tamaulipas,3287896,302,12,4654,264
2020-06-17,Mexico,NA,Tamaulipas,3287896,211,19,4865,283
2020-06-18,Mexico,NA,Tamaulipas,3287896,222,22,5087,305
2020-06-19,Mexico,NA,Tamaulipas,3287896,225,19,5312,324
2020-06-20,Mexico,NA,Tamaulipas,3287896,195,9,5507,333
2020-06-21,Mexico,NA,Tamaulipas,3287896,125,16,5632,349
2020-06-22,Mexico,NA,Tamaulipas,3287896,328,28,5960,377
2020-06-23,Mexico,NA,Tamaulipas,3287896,297,20,6257,397
2020-06-24,Mexico,NA,Tamaulipas,3287896,303,12,6560,409
2020-06-25,Mexico,NA,Tamaulipas,3287896,386,23,6946,432
2020-06-26,Mexico,NA,Tamaulipas,3287896,443,27,7389,459
2020-06-27,Mexico,NA,Tamaulipas,3287896,229,29,7618,488
2020-06-28,Mexico,NA,Tamaulipas,3287896,174,27,7792,515
2020-06-29,Mexico,NA,Tamaulipas,3287896,508,28,8300,543
2020-06-30,Mexico,NA,Tamaulipas,3287896,386,31,8686,574
2020-07-01,Mexico,NA,Tamaulipas,3287896,437,18,9123,592
2020-07-02,Mexico,NA,Tamaulipas,3287896,376,26,9499,618
2020-07-03,Mexico,NA,Tamaulipas,3287896,385,17,9884,635
2020-07-04,Mexico,NA,Tamaulipas,3287896,214,35,10098,670
2020-07-05,Mexico,NA,Tamaulipas,3287896,186,37,10284,707
2020-07-06,Mexico,NA,Tamaulipas,3287896,424,37,10708,744
2020-07-07,Mexico,NA,Tamaulipas,3287896,479,33,11187,777
2020-07-08,Mexico,NA,Tamaulipas,3287896,426,31,11613,808
2020-07-09,Mexico,NA,Tamaulipas,3287896,422,20,12035,828
2020-07-10,Mexico,NA,Tamaulipas,3287896,334,19,12369,847
2020-07-11,Mexico,NA,Tamaulipas,3287896,236,13,12605,860
2020-07-12,Mexico,NA,Tamaulipas,3287896,142,14,12747,874
2020-07-13,Mexico,NA,Tamaulipas,3287896,427,37,13174,911
2020-07-14,Mexico,NA,Tamaulipas,3287896,506,15,13680,926
2020-07-15,Mexico,NA,Tamaulipas,3287896,479,22,14159,948
2020-07-16,Mexico,NA,Tamaulipas,3287896,481,33,14640,981
2020-07-17,Mexico,NA,Tamaulipas,3287896,425,25,15065,1006
2020-07-18,Mexico,NA,Tamaulipas,3287896,268,26,15333,1032
2020-07-19,Mexico,NA,Tamaulipas,3287896,226,28,15559,1060
2020-07-20,Mexico,NA,Tamaulipas,3287896,443,26,16002,1086
2020-07-21,Mexico,NA,Tamaulipas,3287896,414,29,16416,1115
2020-07-22,Mexico,NA,Tamaulipas,3287896,394,19,16810,1134
2020-07-23,Mexico,NA,Tamaulipas,3287896,356,31,17166,1165
2020-07-24,Mexico,NA,Tamaulipas,3287896,390,25,17556,1190
2020-07-25,Mexico,NA,Tamaulipas,3287896,234,21,17790,1211
2020-07-26,Mexico,NA,Tamaulipas,3287896,97,29,17887,1240
2020-07-27,Mexico,NA,Tamaulipas,3287896,298,30,18185,1270
2020-07-28,Mexico,NA,Tamaulipas,3287896,319,20,18504,1290
2020-07-29,Mexico,NA,Tamaulipas,3287896,349,22,18853,1312
2020-07-30,Mexico,NA,Tamaulipas,3287896,263,24,19116,1336
2020-07-31,Mexico,NA,Tamaulipas,3287896,210,18,19326,1354
2020-08-01,Mexico,NA,Tamaulipas,3287896,176,22,19502,1376
2020-08-02,Mexico,NA,Tamaulipas,3287896,86,24,19588,1400
2020-08-03,Mexico,NA,Tamaulipas,3287896,324,19,19912,1419
2020-08-04,Mexico,NA,Tamaulipas,3287896,282,27,20194,1446
2020-08-05,Mexico,NA,Tamaulipas,3287896,251,19,20445,1465
2020-08-06,Mexico,NA,Tamaulipas,3287896,269,20,20714,1485
2020-08-07,Mexico,NA,Tamaulipas,3287896,291,14,21005,1499
2020-08-08,Mexico,NA,Tamaulipas,3287896,208,19,21213,1518
2020-08-09,Mexico,NA,Tamaulipas,3287896,116,21,21329,1539
2020-08-10,Mexico,NA,Tamaulipas,3287896,309,16,21638,1555
2020-08-11,Mexico,NA,Tamaulipas,3287896,337,14,21975,1569
2020-08-12,Mexico,NA,Tamaulipas,3287896,228,19,22203,1588
2020-08-13,Mexico,NA,Tamaulipas,3287896,206,12,22409,1600
2020-08-14,Mexico,NA,Tamaulipas,3287896,221,10,22630,1610
2020-08-15,Mexico,NA,Tamaulipas,3287896,115,13,22745,1623
2020-08-16,Mexico,NA,Tamaulipas,3287896,86,16,22831,1639
2020-08-17,Mexico,NA,Tamaulipas,3287896,231,13,23062,1652
2020-08-18,Mexico,NA,Tamaulipas,3287896,220,15,23282,1667
2020-08-19,Mexico,NA,Tamaulipas,3287896,139,9,23421,1676
2020-08-20,Mexico,NA,Tamaulipas,3287896,179,9,23600,1685
2020-08-21,Mexico,NA,Tamaulipas,3287896,242,16,23842,1701
2020-08-22,Mexico,NA,Tamaulipas,3287896,75,11,23917,1712
2020-08-23,Mexico,NA,Tamaulipas,3287896,56,9,23973,1721
2020-08-24,Mexico,NA,Tamaulipas,3287896,147,12,24120,1733
2020-08-25,Mexico,NA,Tamaulipas,3287896,126,6,24246,1739
2020-08-26,Mexico,NA,Tamaulipas,3287896,106,10,24352,1749
2020-08-27,Mexico,NA,Tamaulipas,3287896,74,6,24426,1755
2020-08-28,Mexico,NA,Tamaulipas,3287896,23,5,24449,1760
2020-08-29,Mexico,NA,Tamaulipas,3287896,0,3,24449,1763
2020-08-30,Mexico,NA,Tamaulipas,3287896,1,1,24450,1764
2020-08-31,Mexico,NA,Tamaulipas,3287896,2,0,24452,1764
2020-04-20,Mexico,NA,Tlaxcala,1172893,9,0,107,9
2020-04-21,Mexico,NA,Tlaxcala,1172893,11,2,118,11
2020-04-22,Mexico,NA,Tlaxcala,1172893,8,2,126,13
2020-04-23,Mexico,NA,Tlaxcala,1172893,12,1,138,14
2020-04-24,Mexico,NA,Tlaxcala,1172893,15,1,153,15
2020-04-25,Mexico,NA,Tlaxcala,1172893,21,2,174,17
2020-04-26,Mexico,NA,Tlaxcala,1172893,13,2,187,19
2020-04-27,Mexico,NA,Tlaxcala,1172893,14,4,201,23
2020-04-28,Mexico,NA,Tlaxcala,1172893,24,4,225,27
2020-04-29,Mexico,NA,Tlaxcala,1172893,8,5,233,32
2020-04-30,Mexico,NA,Tlaxcala,1172893,16,3,249,35
2020-05-01,Mexico,NA,Tlaxcala,1172893,9,2,258,37
2020-05-02,Mexico,NA,Tlaxcala,1172893,16,3,274,40
2020-05-03,Mexico,NA,Tlaxcala,1172893,7,2,281,42
2020-05-04,Mexico,NA,Tlaxcala,1172893,25,6,306,48
2020-05-05,Mexico,NA,Tlaxcala,1172893,16,4,322,52
2020-05-06,Mexico,NA,Tlaxcala,1172893,23,3,345,55
2020-05-07,Mexico,NA,Tlaxcala,1172893,17,2,362,57
2020-05-08,Mexico,NA,Tlaxcala,1172893,20,7,382,64
2020-05-09,Mexico,NA,Tlaxcala,1172893,20,1,402,65
2020-05-10,Mexico,NA,Tlaxcala,1172893,16,1,418,66
2020-05-11,Mexico,NA,Tlaxcala,1172893,36,10,454,76
2020-05-12,Mexico,NA,Tlaxcala,1172893,36,9,490,85
2020-05-13,Mexico,NA,Tlaxcala,1172893,40,4,530,89
2020-05-14,Mexico,NA,Tlaxcala,1172893,21,2,551,91
2020-05-15,Mexico,NA,Tlaxcala,1172893,37,8,588,99
2020-05-16,Mexico,NA,Tlaxcala,1172893,29,9,617,108
2020-05-17,Mexico,NA,Tlaxcala,1172893,25,7,642,115
2020-05-18,Mexico,NA,Tlaxcala,1172893,42,3,684,118
2020-05-19,Mexico,NA,Tlaxcala,1172893,50,6,734,124
2020-05-20,Mexico,NA,Tlaxcala,1172893,42,5,776,129
2020-05-21,Mexico,NA,Tlaxcala,1172893,50,5,826,134
2020-05-22,Mexico,NA,Tlaxcala,1172893,44,2,870,136
2020-05-23,Mexico,NA,Tlaxcala,1172893,28,5,898,141
2020-05-24,Mexico,NA,Tlaxcala,1172893,16,13,914,154
2020-05-25,Mexico,NA,Tlaxcala,1172893,59,3,973,157
2020-05-26,Mexico,NA,Tlaxcala,1172893,37,6,1010,163
2020-05-27,Mexico,NA,Tlaxcala,1172893,39,5,1049,168
2020-05-28,Mexico,NA,Tlaxcala,1172893,45,9,1094,177
2020-05-29,Mexico,NA,Tlaxcala,1172893,45,4,1139,181
2020-05-30,Mexico,NA,Tlaxcala,1172893,39,0,1178,181
2020-05-31,Mexico,NA,Tlaxcala,1172893,25,10,1203,191
2020-06-01,Mexico,NA,Tlaxcala,1172893,65,9,1268,200
2020-06-02,Mexico,NA,Tlaxcala,1172893,45,9,1313,209
2020-06-03,Mexico,NA,Tlaxcala,1172893,59,6,1372,215
2020-06-04,Mexico,NA,Tlaxcala,1172893,55,14,1427,229
2020-06-05,Mexico,NA,Tlaxcala,1172893,47,4,1474,233
2020-06-06,Mexico,NA,Tlaxcala,1172893,34,7,1508,240
2020-06-07,Mexico,NA,Tlaxcala,1172893,26,7,1534,247
2020-06-08,Mexico,NA,Tlaxcala,1172893,68,13,1602,260
2020-06-09,Mexico,NA,Tlaxcala,1172893,53,10,1655,270
2020-06-10,Mexico,NA,Tlaxcala,1172893,62,16,1717,286
2020-06-11,Mexico,NA,Tlaxcala,1172893,53,11,1770,297
2020-06-12,Mexico,NA,Tlaxcala,1172893,55,7,1825,304
2020-06-13,Mexico,NA,Tlaxcala,1172893,26,7,1851,311
2020-06-14,Mexico,NA,Tlaxcala,1172893,30,5,1881,316
2020-06-15,Mexico,NA,Tlaxcala,1172893,61,6,1942,322
2020-06-16,Mexico,NA,Tlaxcala,1172893,55,9,1997,331
2020-06-17,Mexico,NA,Tlaxcala,1172893,74,5,2071,336
2020-06-18,Mexico,NA,Tlaxcala,1172893,55,9,2126,345
2020-06-19,Mexico,NA,Tlaxcala,1172893,48,7,2174,352
2020-06-20,Mexico,NA,Tlaxcala,1172893,33,13,2207,365
2020-06-21,Mexico,NA,Tlaxcala,1172893,29,11,2236,376
2020-06-22,Mexico,NA,Tlaxcala,1172893,66,4,2302,380
2020-06-23,Mexico,NA,Tlaxcala,1172893,85,5,2387,385
2020-06-24,Mexico,NA,Tlaxcala,1172893,75,8,2462,393
2020-06-25,Mexico,NA,Tlaxcala,1172893,64,5,2526,398
2020-06-26,Mexico,NA,Tlaxcala,1172893,89,13,2615,411
2020-06-27,Mexico,NA,Tlaxcala,1172893,28,10,2643,421
2020-06-28,Mexico,NA,Tlaxcala,1172893,49,5,2692,426
2020-06-29,Mexico,NA,Tlaxcala,1172893,87,8,2779,434
2020-06-30,Mexico,NA,Tlaxcala,1172893,94,9,2873,443
2020-07-01,Mexico,NA,Tlaxcala,1172893,77,10,2950,453
2020-07-02,Mexico,NA,Tlaxcala,1172893,102,10,3052,463
2020-07-03,Mexico,NA,Tlaxcala,1172893,91,6,3143,469
2020-07-04,Mexico,NA,Tlaxcala,1172893,28,7,3171,476
2020-07-05,Mexico,NA,Tlaxcala,1172893,49,9,3220,485
2020-07-06,Mexico,NA,Tlaxcala,1172893,70,9,3290,494
2020-07-07,Mexico,NA,Tlaxcala,1172893,91,14,3381,508
2020-07-08,Mexico,NA,Tlaxcala,1172893,53,12,3434,520
2020-07-09,Mexico,NA,Tlaxcala,1172893,80,8,3514,528
2020-07-10,Mexico,NA,Tlaxcala,1172893,76,11,3590,539
2020-07-11,Mexico,NA,Tlaxcala,1172893,35,12,3625,551
2020-07-12,Mexico,NA,Tlaxcala,1172893,31,11,3656,562
2020-07-13,Mexico,NA,Tlaxcala,1172893,62,6,3718,568
2020-07-14,Mexico,NA,Tlaxcala,1172893,86,19,3804,587
2020-07-15,Mexico,NA,Tlaxcala,1172893,89,18,3893,605
2020-07-16,Mexico,NA,Tlaxcala,1172893,96,9,3989,614
2020-07-17,Mexico,NA,Tlaxcala,1172893,91,12,4080,626
2020-07-18,Mexico,NA,Tlaxcala,1172893,51,16,4131,642
2020-07-19,Mexico,NA,Tlaxcala,1172893,52,11,4183,653
2020-07-20,Mexico,NA,Tlaxcala,1172893,91,13,4274,666
2020-07-21,Mexico,NA,Tlaxcala,1172893,75,12,4349,678
2020-07-22,Mexico,NA,Tlaxcala,1172893,85,17,4434,695
2020-07-23,Mexico,NA,Tlaxcala,1172893,73,14,4507,709
2020-07-24,Mexico,NA,Tlaxcala,1172893,82,11,4589,720
2020-07-25,Mexico,NA,Tlaxcala,1172893,33,8,4622,728
2020-07-26,Mexico,NA,Tlaxcala,1172893,42,16,4664,744
2020-07-27,Mexico,NA,Tlaxcala,1172893,103,12,4767,756
2020-07-28,Mexico,NA,Tlaxcala,1172893,86,9,4853,765
2020-07-29,Mexico,NA,Tlaxcala,1172893,82,10,4935,775
2020-07-30,Mexico,NA,Tlaxcala,1172893,83,7,5018,782
2020-07-31,Mexico,NA,Tlaxcala,1172893,67,8,5085,790
2020-08-01,Mexico,NA,Tlaxcala,1172893,41,14,5126,804
2020-08-02,Mexico,NA,Tlaxcala,1172893,18,7,5144,811
2020-08-03,Mexico,NA,Tlaxcala,1172893,71,8,5215,819
2020-08-04,Mexico,NA,Tlaxcala,1172893,76,16,5291,835
2020-08-05,Mexico,NA,Tlaxcala,1172893,69,7,5360,842
2020-08-06,Mexico,NA,Tlaxcala,1172893,49,4,5409,846
2020-08-07,Mexico,NA,Tlaxcala,1172893,55,4,5464,850
2020-08-08,Mexico,NA,Tlaxcala,1172893,30,12,5494,862
2020-08-09,Mexico,NA,Tlaxcala,1172893,16,5,5510,867
2020-08-10,Mexico,NA,Tlaxcala,1172893,80,12,5590,879
2020-08-11,Mexico,NA,Tlaxcala,1172893,55,9,5645,888
2020-08-12,Mexico,NA,Tlaxcala,1172893,64,3,5709,891
2020-08-13,Mexico,NA,Tlaxcala,1172893,72,4,5781,895
2020-08-14,Mexico,NA,Tlaxcala,1172893,45,4,5826,899
2020-08-15,Mexico,NA,Tlaxcala,1172893,33,4,5859,903
2020-08-16,Mexico,NA,Tlaxcala,1172893,16,6,5875,909
2020-08-17,Mexico,NA,Tlaxcala,1172893,70,3,5945,912
2020-08-18,Mexico,NA,Tlaxcala,1172893,48,7,5993,919
2020-08-19,Mexico,NA,Tlaxcala,1172893,35,2,6028,921
2020-08-20,Mexico,NA,Tlaxcala,1172893,69,10,6097,931
2020-08-21,Mexico,NA,Tlaxcala,1172893,53,4,6150,935
2020-08-22,Mexico,NA,Tlaxcala,1172893,22,5,6172,940
2020-08-23,Mexico,NA,Tlaxcala,1172893,14,2,6186,942
2020-08-24,Mexico,NA,Tlaxcala,1172893,76,4,6262,946
2020-08-25,Mexico,NA,Tlaxcala,1172893,52,2,6314,948
2020-08-26,Mexico,NA,Tlaxcala,1172893,34,3,6348,951
2020-08-27,Mexico,NA,Tlaxcala,1172893,17,2,6365,953
2020-08-28,Mexico,NA,Tlaxcala,1172893,7,4,6372,957
2020-08-29,Mexico,NA,Tlaxcala,1172893,0,1,6372,958
2020-08-30,Mexico,NA,Tlaxcala,1172893,0,1,6372,959
2020-08-31,Mexico,NA,Tlaxcala,1172893,2,0,6374,959
2020-04-10,Mexico,NA,Veracruz,7689219,9,0,107,4
2020-04-11,Mexico,NA,Veracruz,7689219,14,0,121,4
2020-04-12,Mexico,NA,Veracruz,7689219,9,3,130,7
2020-04-13,Mexico,NA,Veracruz,7689219,15,1,145,8
2020-04-14,Mexico,NA,Veracruz,7689219,13,1,158,9
2020-04-15,Mexico,NA,Veracruz,7689219,29,0,187,9
2020-04-16,Mexico,NA,Veracruz,7689219,39,1,226,10
2020-04-17,Mexico,NA,Veracruz,7689219,35,1,261,11
2020-04-18,Mexico,NA,Veracruz,7689219,18,2,279,13
2020-04-19,Mexico,NA,Veracruz,7689219,18,6,297,19
2020-04-20,Mexico,NA,Veracruz,7689219,37,4,334,23
2020-04-21,Mexico,NA,Veracruz,7689219,46,3,380,26
2020-04-22,Mexico,NA,Veracruz,7689219,29,6,409,32
2020-04-23,Mexico,NA,Veracruz,7689219,51,2,460,34
2020-04-24,Mexico,NA,Veracruz,7689219,49,4,509,38
2020-04-25,Mexico,NA,Veracruz,7689219,44,9,553,47
2020-04-26,Mexico,NA,Veracruz,7689219,30,10,583,57
2020-04-27,Mexico,NA,Veracruz,7689219,67,6,650,63
2020-04-28,Mexico,NA,Veracruz,7689219,75,3,725,66
2020-04-29,Mexico,NA,Veracruz,7689219,74,12,799,78
2020-04-30,Mexico,NA,Veracruz,7689219,64,3,863,81
2020-05-01,Mexico,NA,Veracruz,7689219,66,7,929,88
2020-05-02,Mexico,NA,Veracruz,7689219,65,15,994,103
2020-05-03,Mexico,NA,Veracruz,7689219,58,13,1052,116
2020-05-04,Mexico,NA,Veracruz,7689219,94,12,1146,128
2020-05-05,Mexico,NA,Veracruz,7689219,103,15,1249,143
2020-05-06,Mexico,NA,Veracruz,7689219,109,18,1358,161
2020-05-07,Mexico,NA,Veracruz,7689219,120,13,1478,174
2020-05-08,Mexico,NA,Veracruz,7689219,104,19,1582,193
2020-05-09,Mexico,NA,Veracruz,7689219,79,28,1661,221
2020-05-10,Mexico,NA,Veracruz,7689219,70,22,1731,243
2020-05-11,Mexico,NA,Veracruz,7689219,139,25,1870,268
2020-05-12,Mexico,NA,Veracruz,7689219,126,24,1996,292
2020-05-13,Mexico,NA,Veracruz,7689219,133,20,2129,312
2020-05-14,Mexico,NA,Veracruz,7689219,169,36,2298,348
2020-05-15,Mexico,NA,Veracruz,7689219,194,25,2492,373
2020-05-16,Mexico,NA,Veracruz,7689219,132,19,2624,392
2020-05-17,Mexico,NA,Veracruz,7689219,87,22,2711,414
2020-05-18,Mexico,NA,Veracruz,7689219,165,32,2876,446
2020-05-19,Mexico,NA,Veracruz,7689219,156,37,3032,483
2020-05-20,Mexico,NA,Veracruz,7689219,181,37,3213,520
2020-05-21,Mexico,NA,Veracruz,7689219,174,27,3387,547
2020-05-22,Mexico,NA,Veracruz,7689219,176,33,3563,580
2020-05-23,Mexico,NA,Veracruz,7689219,116,28,3679,608
2020-05-24,Mexico,NA,Veracruz,7689219,105,30,3784,638
2020-05-25,Mexico,NA,Veracruz,7689219,212,30,3996,668
2020-05-26,Mexico,NA,Veracruz,7689219,197,34,4193,702
2020-05-27,Mexico,NA,Veracruz,7689219,185,24,4378,726
2020-05-28,Mexico,NA,Veracruz,7689219,178,31,4556,757
2020-05-29,Mexico,NA,Veracruz,7689219,188,25,4744,782
2020-05-30,Mexico,NA,Veracruz,7689219,135,38,4879,820
2020-05-31,Mexico,NA,Veracruz,7689219,112,27,4991,847
2020-06-01,Mexico,NA,Veracruz,7689219,238,35,5229,882
2020-06-02,Mexico,NA,Veracruz,7689219,188,33,5417,915
2020-06-03,Mexico,NA,Veracruz,7689219,196,35,5613,950
2020-06-04,Mexico,NA,Veracruz,7689219,233,26,5846,976
2020-06-05,Mexico,NA,Veracruz,7689219,209,40,6055,1016
2020-06-06,Mexico,NA,Veracruz,7689219,111,29,6166,1045
2020-06-07,Mexico,NA,Veracruz,7689219,102,32,6268,1077
2020-06-08,Mexico,NA,Veracruz,7689219,218,43,6486,1120
2020-06-09,Mexico,NA,Veracruz,7689219,224,39,6710,1159
2020-06-10,Mexico,NA,Veracruz,7689219,235,40,6945,1199
2020-06-11,Mexico,NA,Veracruz,7689219,211,33,7156,1232
2020-06-12,Mexico,NA,Veracruz,7689219,191,32,7347,1264
2020-06-13,Mexico,NA,Veracruz,7689219,137,30,7484,1294
2020-06-14,Mexico,NA,Veracruz,7689219,137,34,7621,1328
2020-06-15,Mexico,NA,Veracruz,7689219,337,40,7958,1368
2020-06-16,Mexico,NA,Veracruz,7689219,309,42,8267,1410
2020-06-17,Mexico,NA,Veracruz,7689219,249,31,8516,1441
2020-06-18,Mexico,NA,Veracruz,7689219,262,30,8778,1471
2020-06-19,Mexico,NA,Veracruz,7689219,279,35,9057,1506
2020-06-20,Mexico,NA,Veracruz,7689219,166,42,9223,1548
2020-06-21,Mexico,NA,Veracruz,7689219,140,40,9363,1588
2020-06-22,Mexico,NA,Veracruz,7689219,368,26,9731,1614
2020-06-23,Mexico,NA,Veracruz,7689219,301,30,10032,1644
2020-06-24,Mexico,NA,Veracruz,7689219,299,34,10331,1678
2020-06-25,Mexico,NA,Veracruz,7689219,314,44,10645,1722
2020-06-26,Mexico,NA,Veracruz,7689219,323,36,10968,1758
2020-06-27,Mexico,NA,Veracruz,7689219,163,41,11131,1799
2020-06-28,Mexico,NA,Veracruz,7689219,162,37,11293,1836
2020-06-29,Mexico,NA,Veracruz,7689219,354,42,11647,1878
2020-06-30,Mexico,NA,Veracruz,7689219,383,31,12030,1909
2020-07-01,Mexico,NA,Veracruz,7689219,391,24,12421,1933
2020-07-02,Mexico,NA,Veracruz,7689219,373,28,12794,1961
2020-07-03,Mexico,NA,Veracruz,7689219,394,33,13188,1994
2020-07-04,Mexico,NA,Veracruz,7689219,174,37,13362,2031
2020-07-05,Mexico,NA,Veracruz,7689219,197,40,13559,2071
2020-07-06,Mexico,NA,Veracruz,7689219,379,45,13938,2116
2020-07-07,Mexico,NA,Veracruz,7689219,426,39,14364,2155
2020-07-08,Mexico,NA,Veracruz,7689219,404,50,14768,2205
2020-07-09,Mexico,NA,Veracruz,7689219,407,44,15175,2249
2020-07-10,Mexico,NA,Veracruz,7689219,342,44,15517,2293
2020-07-11,Mexico,NA,Veracruz,7689219,256,28,15773,2321
2020-07-12,Mexico,NA,Veracruz,7689219,218,28,15991,2349
2020-07-13,Mexico,NA,Veracruz,7689219,465,39,16456,2388
2020-07-14,Mexico,NA,Veracruz,7689219,451,36,16907,2424
2020-07-15,Mexico,NA,Veracruz,7689219,520,37,17427,2461
2020-07-16,Mexico,NA,Veracruz,7689219,439,50,17866,2511
2020-07-17,Mexico,NA,Veracruz,7689219,379,42,18245,2553
2020-07-18,Mexico,NA,Veracruz,7689219,246,42,18491,2595
2020-07-19,Mexico,NA,Veracruz,7689219,211,47,18702,2642
2020-07-20,Mexico,NA,Veracruz,7689219,483,42,19185,2684
2020-07-21,Mexico,NA,Veracruz,7689219,489,39,19674,2723
2020-07-22,Mexico,NA,Veracruz,7689219,429,36,20103,2759
2020-07-23,Mexico,NA,Veracruz,7689219,399,34,20502,2793
2020-07-24,Mexico,NA,Veracruz,7689219,437,39,20939,2832
2020-07-25,Mexico,NA,Veracruz,7689219,204,42,21143,2874
2020-07-26,Mexico,NA,Veracruz,7689219,234,46,21377,2920
2020-07-27,Mexico,NA,Veracruz,7689219,466,42,21843,2962
2020-07-28,Mexico,NA,Veracruz,7689219,365,41,22208,3003
2020-07-29,Mexico,NA,Veracruz,7689219,348,45,22556,3048
2020-07-30,Mexico,NA,Veracruz,7689219,335,34,22891,3082
2020-07-31,Mexico,NA,Veracruz,7689219,291,33,23182,3115
2020-08-01,Mexico,NA,Veracruz,7689219,170,28,23352,3143
2020-08-02,Mexico,NA,Veracruz,7689219,173,42,23525,3185
2020-08-03,Mexico,NA,Veracruz,7689219,352,34,23877,3219
2020-08-04,Mexico,NA,Veracruz,7689219,293,29,24170,3248
2020-08-05,Mexico,NA,Veracruz,7689219,288,27,24458,3275
2020-08-06,Mexico,NA,Veracruz,7689219,241,25,24699,3300
2020-08-07,Mexico,NA,Veracruz,7689219,265,27,24964,3327
2020-08-08,Mexico,NA,Veracruz,7689219,118,29,25082,3356
2020-08-09,Mexico,NA,Veracruz,7689219,108,25,25190,3381
2020-08-10,Mexico,NA,Veracruz,7689219,304,30,25494,3411
2020-08-11,Mexico,NA,Veracruz,7689219,247,24,25741,3435
2020-08-12,Mexico,NA,Veracruz,7689219,244,27,25985,3462
2020-08-13,Mexico,NA,Veracruz,7689219,236,25,26221,3487
2020-08-14,Mexico,NA,Veracruz,7689219,192,20,26413,3507
2020-08-15,Mexico,NA,Veracruz,7689219,105,18,26518,3525
2020-08-16,Mexico,NA,Veracruz,7689219,114,23,26632,3548
2020-08-17,Mexico,NA,Veracruz,7689219,256,21,26888,3569
2020-08-18,Mexico,NA,Veracruz,7689219,238,12,27126,3581
2020-08-19,Mexico,NA,Veracruz,7689219,201,27,27327,3608
2020-08-20,Mexico,NA,Veracruz,7689219,166,27,27493,3635
2020-08-21,Mexico,NA,Veracruz,7689219,155,17,27648,3652
2020-08-22,Mexico,NA,Veracruz,7689219,83,18,27731,3670
2020-08-23,Mexico,NA,Veracruz,7689219,91,18,27822,3688
2020-08-24,Mexico,NA,Veracruz,7689219,173,12,27995,3700
2020-08-25,Mexico,NA,Veracruz,7689219,119,12,28114,3712
2020-08-26,Mexico,NA,Veracruz,7689219,91,11,28205,3723
2020-08-27,Mexico,NA,Veracruz,7689219,44,7,28249,3730
2020-08-28,Mexico,NA,Veracruz,7689219,10,6,28259,3736
2020-08-29,Mexico,NA,Veracruz,7689219,3,4,28262,3740
2020-08-30,Mexico,NA,Veracruz,7689219,2,1,28264,3741
2020-04-06,Mexico,NA,Yucatan,1961350,13,1,109,3
2020-04-07,Mexico,NA,Yucatan,1961350,13,2,122,5
2020-04-08,Mexico,NA,Yucatan,1961350,9,0,131,5
2020-04-09,Mexico,NA,Yucatan,1961350,11,0,142,5
2020-04-10,Mexico,NA,Yucatan,1961350,4,3,146,8
2020-04-11,Mexico,NA,Yucatan,1961350,6,0,152,8
2020-04-12,Mexico,NA,Yucatan,1961350,7,0,159,8
2020-04-13,Mexico,NA,Yucatan,1961350,18,1,177,9
2020-04-14,Mexico,NA,Yucatan,1961350,18,0,195,9
2020-04-15,Mexico,NA,Yucatan,1961350,27,3,222,12
2020-04-16,Mexico,NA,Yucatan,1961350,12,1,234,13
2020-04-17,Mexico,NA,Yucatan,1961350,15,1,249,14
2020-04-18,Mexico,NA,Yucatan,1961350,6,0,255,14
2020-04-19,Mexico,NA,Yucatan,1961350,8,1,263,15
2020-04-20,Mexico,NA,Yucatan,1961350,26,2,289,17
2020-04-21,Mexico,NA,Yucatan,1961350,20,3,309,20
2020-04-22,Mexico,NA,Yucatan,1961350,22,1,331,21
2020-04-23,Mexico,NA,Yucatan,1961350,34,4,365,25
2020-04-24,Mexico,NA,Yucatan,1961350,34,2,399,27
2020-04-25,Mexico,NA,Yucatan,1961350,24,2,423,29
2020-04-26,Mexico,NA,Yucatan,1961350,20,1,443,30
2020-04-27,Mexico,NA,Yucatan,1961350,38,1,481,31
2020-04-28,Mexico,NA,Yucatan,1961350,43,3,524,34
2020-04-29,Mexico,NA,Yucatan,1961350,31,3,555,37
2020-04-30,Mexico,NA,Yucatan,1961350,60,1,615,38
2020-05-01,Mexico,NA,Yucatan,1961350,26,2,641,40
2020-05-02,Mexico,NA,Yucatan,1961350,28,5,669,45
2020-05-03,Mexico,NA,Yucatan,1961350,30,2,699,47
2020-05-04,Mexico,NA,Yucatan,1961350,49,2,748,49
2020-05-05,Mexico,NA,Yucatan,1961350,44,7,792,56
2020-05-06,Mexico,NA,Yucatan,1961350,34,4,826,60
2020-05-07,Mexico,NA,Yucatan,1961350,37,3,863,63
2020-05-08,Mexico,NA,Yucatan,1961350,36,2,899,65
2020-05-09,Mexico,NA,Yucatan,1961350,19,1,918,66
2020-05-10,Mexico,NA,Yucatan,1961350,27,7,945,73
2020-05-11,Mexico,NA,Yucatan,1961350,45,6,990,79
2020-05-12,Mexico,NA,Yucatan,1961350,52,7,1042,86
2020-05-13,Mexico,NA,Yucatan,1961350,59,5,1101,91
2020-05-14,Mexico,NA,Yucatan,1961350,58,7,1159,98
2020-05-15,Mexico,NA,Yucatan,1961350,42,1,1201,99
2020-05-16,Mexico,NA,Yucatan,1961350,32,3,1233,102
2020-05-17,Mexico,NA,Yucatan,1961350,49,8,1282,110
2020-05-18,Mexico,NA,Yucatan,1961350,54,5,1336,115
2020-05-19,Mexico,NA,Yucatan,1961350,53,3,1389,118
2020-05-20,Mexico,NA,Yucatan,1961350,57,11,1446,129
2020-05-21,Mexico,NA,Yucatan,1961350,71,5,1517,134
2020-05-22,Mexico,NA,Yucatan,1961350,62,6,1579,140
2020-05-23,Mexico,NA,Yucatan,1961350,34,8,1613,148
2020-05-24,Mexico,NA,Yucatan,1961350,30,2,1643,150
2020-05-25,Mexico,NA,Yucatan,1961350,53,7,1696,157
2020-05-26,Mexico,NA,Yucatan,1961350,57,10,1753,167
2020-05-27,Mexico,NA,Yucatan,1961350,61,9,1814,176
2020-05-28,Mexico,NA,Yucatan,1961350,60,8,1874,184
2020-05-29,Mexico,NA,Yucatan,1961350,46,7,1920,191
2020-05-30,Mexico,NA,Yucatan,1961350,29,9,1949,200
2020-05-31,Mexico,NA,Yucatan,1961350,25,5,1974,205
2020-06-01,Mexico,NA,Yucatan,1961350,58,10,2032,215
2020-06-02,Mexico,NA,Yucatan,1961350,48,8,2080,223
2020-06-03,Mexico,NA,Yucatan,1961350,50,2,2130,225
2020-06-04,Mexico,NA,Yucatan,1961350,44,5,2174,230
2020-06-05,Mexico,NA,Yucatan,1961350,34,4,2208,234
2020-06-06,Mexico,NA,Yucatan,1961350,44,6,2252,240
2020-06-07,Mexico,NA,Yucatan,1961350,36,4,2288,244
2020-06-08,Mexico,NA,Yucatan,1961350,89,5,2377,249
2020-06-09,Mexico,NA,Yucatan,1961350,68,9,2445,258
2020-06-10,Mexico,NA,Yucatan,1961350,75,10,2520,268
2020-06-11,Mexico,NA,Yucatan,1961350,84,6,2604,274
2020-06-12,Mexico,NA,Yucatan,1961350,67,5,2671,279
2020-06-13,Mexico,NA,Yucatan,1961350,41,8,2712,287
2020-06-14,Mexico,NA,Yucatan,1961350,59,12,2771,299
2020-06-15,Mexico,NA,Yucatan,1961350,104,13,2875,312
2020-06-16,Mexico,NA,Yucatan,1961350,97,6,2972,318
2020-06-17,Mexico,NA,Yucatan,1961350,118,7,3090,325
2020-06-18,Mexico,NA,Yucatan,1961350,101,10,3191,335
2020-06-19,Mexico,NA,Yucatan,1961350,110,3,3301,338
2020-06-20,Mexico,NA,Yucatan,1961350,95,9,3396,347
2020-06-21,Mexico,NA,Yucatan,1961350,89,7,3485,354
2020-06-22,Mexico,NA,Yucatan,1961350,144,6,3629,360
2020-06-23,Mexico,NA,Yucatan,1961350,153,8,3782,368
2020-06-24,Mexico,NA,Yucatan,1961350,173,19,3955,387
2020-06-25,Mexico,NA,Yucatan,1961350,189,16,4144,403
2020-06-26,Mexico,NA,Yucatan,1961350,143,8,4287,411
2020-06-27,Mexico,NA,Yucatan,1961350,98,6,4385,417
2020-06-28,Mexico,NA,Yucatan,1961350,71,6,4456,423
2020-06-29,Mexico,NA,Yucatan,1961350,192,15,4648,438
2020-06-30,Mexico,NA,Yucatan,1961350,160,23,4808,461
2020-07-01,Mexico,NA,Yucatan,1961350,164,15,4972,476
2020-07-02,Mexico,NA,Yucatan,1961350,155,10,5127,486
2020-07-03,Mexico,NA,Yucatan,1961350,195,14,5322,500
2020-07-04,Mexico,NA,Yucatan,1961350,71,16,5393,516
2020-07-05,Mexico,NA,Yucatan,1961350,72,8,5465,524
2020-07-06,Mexico,NA,Yucatan,1961350,174,19,5639,543
2020-07-07,Mexico,NA,Yucatan,1961350,183,19,5822,562
2020-07-08,Mexico,NA,Yucatan,1961350,182,9,6004,571
2020-07-09,Mexico,NA,Yucatan,1961350,187,13,6191,584
2020-07-10,Mexico,NA,Yucatan,1961350,180,20,6371,604
2020-07-11,Mexico,NA,Yucatan,1961350,89,10,6460,614
2020-07-12,Mexico,NA,Yucatan,1961350,94,9,6554,623
2020-07-13,Mexico,NA,Yucatan,1961350,198,16,6752,639
2020-07-14,Mexico,NA,Yucatan,1961350,189,13,6941,652
2020-07-15,Mexico,NA,Yucatan,1961350,192,23,7133,675
2020-07-16,Mexico,NA,Yucatan,1961350,207,13,7340,688
2020-07-17,Mexico,NA,Yucatan,1961350,187,7,7527,695
2020-07-18,Mexico,NA,Yucatan,1961350,94,15,7621,710
2020-07-19,Mexico,NA,Yucatan,1961350,85,11,7706,721
2020-07-20,Mexico,NA,Yucatan,1961350,251,13,7957,734
2020-07-21,Mexico,NA,Yucatan,1961350,232,20,8189,754
2020-07-22,Mexico,NA,Yucatan,1961350,246,22,8435,776
2020-07-23,Mexico,NA,Yucatan,1961350,236,22,8671,798
2020-07-24,Mexico,NA,Yucatan,1961350,245,16,8916,814
2020-07-25,Mexico,NA,Yucatan,1961350,100,13,9016,827
2020-07-26,Mexico,NA,Yucatan,1961350,92,12,9108,839
2020-07-27,Mexico,NA,Yucatan,1961350,262,20,9370,859
2020-07-28,Mexico,NA,Yucatan,1961350,329,21,9699,880
2020-07-29,Mexico,NA,Yucatan,1961350,290,14,9989,894
2020-07-30,Mexico,NA,Yucatan,1961350,369,8,10358,902
2020-07-31,Mexico,NA,Yucatan,1961350,235,17,10593,919
2020-08-01,Mexico,NA,Yucatan,1961350,122,19,10715,938
2020-08-02,Mexico,NA,Yucatan,1961350,80,14,10795,952
2020-08-03,Mexico,NA,Yucatan,1961350,211,18,11006,970
2020-08-04,Mexico,NA,Yucatan,1961350,193,18,11199,988
2020-08-05,Mexico,NA,Yucatan,1961350,177,16,11376,1004
2020-08-06,Mexico,NA,Yucatan,1961350,168,19,11544,1023
2020-08-07,Mexico,NA,Yucatan,1961350,157,11,11701,1034
2020-08-08,Mexico,NA,Yucatan,1961350,118,14,11819,1048
2020-08-09,Mexico,NA,Yucatan,1961350,96,13,11915,1061
2020-08-10,Mexico,NA,Yucatan,1961350,156,20,12071,1081
2020-08-11,Mexico,NA,Yucatan,1961350,178,15,12249,1096
2020-08-12,Mexico,NA,Yucatan,1961350,133,14,12382,1110
2020-08-13,Mexico,NA,Yucatan,1961350,142,19,12524,1129
2020-08-14,Mexico,NA,Yucatan,1961350,180,10,12704,1139
2020-08-15,Mexico,NA,Yucatan,1961350,103,14,12807,1153
2020-08-16,Mexico,NA,Yucatan,1961350,94,9,12901,1162
2020-08-17,Mexico,NA,Yucatan,1961350,175,12,13076,1174
2020-08-18,Mexico,NA,Yucatan,1961350,217,15,13293,1189
2020-08-19,Mexico,NA,Yucatan,1961350,137,10,13430,1199
2020-08-20,Mexico,NA,Yucatan,1961350,170,9,13600,1208
2020-08-21,Mexico,NA,Yucatan,1961350,124,20,13724,1228
2020-08-22,Mexico,NA,Yucatan,1961350,59,13,13783,1241
2020-08-23,Mexico,NA,Yucatan,1961350,104,7,13887,1248
2020-08-24,Mexico,NA,Yucatan,1961350,184,5,14071,1253
2020-08-25,Mexico,NA,Yucatan,1961350,169,13,14240,1266
2020-08-26,Mexico,NA,Yucatan,1961350,121,7,14361,1273
2020-08-27,Mexico,NA,Yucatan,1961350,213,11,14574,1284
2020-08-28,Mexico,NA,Yucatan,1961350,165,6,14739,1290
2020-08-29,Mexico,NA,Yucatan,1961350,28,3,14767,1293
2020-08-30,Mexico,NA,Yucatan,1961350,6,7,14773,1300
2020-04-30,Mexico,NA,Zacatecas,1500451,4,1,101,9
2020-05-01,Mexico,NA,Zacatecas,1500451,7,1,108,10
2020-05-02,Mexico,NA,Zacatecas,1500451,7,3,115,13
2020-05-03,Mexico,NA,Zacatecas,1500451,2,3,117,16
2020-05-04,Mexico,NA,Zacatecas,1500451,5,1,122,17
2020-05-05,Mexico,NA,Zacatecas,1500451,5,1,127,18
2020-05-06,Mexico,NA,Zacatecas,1500451,11,0,138,18
2020-05-07,Mexico,NA,Zacatecas,1500451,9,0,147,18
2020-05-08,Mexico,NA,Zacatecas,1500451,9,0,156,18
2020-05-09,Mexico,NA,Zacatecas,1500451,4,1,160,19
2020-05-10,Mexico,NA,Zacatecas,1500451,2,1,162,20
2020-05-11,Mexico,NA,Zacatecas,1500451,10,0,172,20
2020-05-12,Mexico,NA,Zacatecas,1500451,3,1,175,21
2020-05-13,Mexico,NA,Zacatecas,1500451,8,1,183,22
2020-05-14,Mexico,NA,Zacatecas,1500451,13,1,196,23
2020-05-15,Mexico,NA,Zacatecas,1500451,8,2,204,25
2020-05-16,Mexico,NA,Zacatecas,1500451,3,0,207,25
2020-05-17,Mexico,NA,Zacatecas,1500451,3,1,210,26
2020-05-18,Mexico,NA,Zacatecas,1500451,6,0,216,26
2020-05-19,Mexico,NA,Zacatecas,1500451,0,2,216,28
2020-05-20,Mexico,NA,Zacatecas,1500451,15,0,231,28
2020-05-21,Mexico,NA,Zacatecas,1500451,5,0,236,28
2020-05-22,Mexico,NA,Zacatecas,1500451,9,1,245,29
2020-05-23,Mexico,NA,Zacatecas,1500451,11,1,256,30
2020-05-24,Mexico,NA,Zacatecas,1500451,6,0,262,30
2020-05-25,Mexico,NA,Zacatecas,1500451,11,1,273,31
2020-05-26,Mexico,NA,Zacatecas,1500451,12,1,285,32
2020-05-27,Mexico,NA,Zacatecas,1500451,4,1,289,33
2020-05-28,Mexico,NA,Zacatecas,1500451,7,1,296,34
2020-05-29,Mexico,NA,Zacatecas,1500451,15,1,311,35
2020-05-30,Mexico,NA,Zacatecas,1500451,7,1,318,36
2020-05-31,Mexico,NA,Zacatecas,1500451,5,1,323,37
2020-06-01,Mexico,NA,Zacatecas,1500451,16,1,339,38
2020-06-02,Mexico,NA,Zacatecas,1500451,13,3,352,41
2020-06-03,Mexico,NA,Zacatecas,1500451,16,2,368,43
2020-06-04,Mexico,NA,Zacatecas,1500451,17,2,385,45
2020-06-05,Mexico,NA,Zacatecas,1500451,17,2,402,47
2020-06-06,Mexico,NA,Zacatecas,1500451,14,1,416,48
2020-06-07,Mexico,NA,Zacatecas,1500451,12,3,428,51
2020-06-08,Mexico,NA,Zacatecas,1500451,20,5,448,56
2020-06-09,Mexico,NA,Zacatecas,1500451,27,2,475,58
2020-06-10,Mexico,NA,Zacatecas,1500451,34,2,509,60
2020-06-11,Mexico,NA,Zacatecas,1500451,19,2,528,62
2020-06-12,Mexico,NA,Zacatecas,1500451,25,1,553,63
2020-06-13,Mexico,NA,Zacatecas,1500451,19,0,572,63
2020-06-14,Mexico,NA,Zacatecas,1500451,10,4,582,67
2020-06-15,Mexico,NA,Zacatecas,1500451,37,3,619,70
2020-06-16,Mexico,NA,Zacatecas,1500451,34,2,653,72
2020-06-17,Mexico,NA,Zacatecas,1500451,20,5,673,77
2020-06-18,Mexico,NA,Zacatecas,1500451,23,6,696,83
2020-06-19,Mexico,NA,Zacatecas,1500451,16,1,712,84
2020-06-20,Mexico,NA,Zacatecas,1500451,11,2,723,86
2020-06-21,Mexico,NA,Zacatecas,1500451,9,2,732,88
2020-06-22,Mexico,NA,Zacatecas,1500451,22,1,754,89
2020-06-23,Mexico,NA,Zacatecas,1500451,29,2,783,91
2020-06-24,Mexico,NA,Zacatecas,1500451,24,1,807,92
2020-06-25,Mexico,NA,Zacatecas,1500451,32,2,839,94
2020-06-26,Mexico,NA,Zacatecas,1500451,32,3,871,97
2020-06-27,Mexico,NA,Zacatecas,1500451,15,0,886,97
2020-06-28,Mexico,NA,Zacatecas,1500451,24,4,910,101
2020-06-29,Mexico,NA,Zacatecas,1500451,43,3,953,104
2020-06-30,Mexico,NA,Zacatecas,1500451,54,4,1007,108
2020-07-01,Mexico,NA,Zacatecas,1500451,45,3,1052,111
2020-07-02,Mexico,NA,Zacatecas,1500451,47,6,1099,117
2020-07-03,Mexico,NA,Zacatecas,1500451,49,4,1148,121
2020-07-04,Mexico,NA,Zacatecas,1500451,22,2,1170,123
2020-07-05,Mexico,NA,Zacatecas,1500451,20,1,1190,124
2020-07-06,Mexico,NA,Zacatecas,1500451,58,3,1248,127
2020-07-07,Mexico,NA,Zacatecas,1500451,45,7,1293,134
2020-07-08,Mexico,NA,Zacatecas,1500451,54,5,1347,139
2020-07-09,Mexico,NA,Zacatecas,1500451,38,3,1385,142
2020-07-10,Mexico,NA,Zacatecas,1500451,46,6,1431,148
2020-07-11,Mexico,NA,Zacatecas,1500451,55,4,1486,152
2020-07-12,Mexico,NA,Zacatecas,1500451,32,4,1518,156
2020-07-13,Mexico,NA,Zacatecas,1500451,47,1,1565,157
2020-07-14,Mexico,NA,Zacatecas,1500451,60,6,1625,163
2020-07-15,Mexico,NA,Zacatecas,1500451,76,8,1701,171
2020-07-16,Mexico,NA,Zacatecas,1500451,99,5,1800,176
2020-07-17,Mexico,NA,Zacatecas,1500451,56,3,1856,179
2020-07-18,Mexico,NA,Zacatecas,1500451,46,6,1902,185
2020-07-19,Mexico,NA,Zacatecas,1500451,25,5,1927,190
2020-07-20,Mexico,NA,Zacatecas,1500451,89,5,2016,195
2020-07-21,Mexico,NA,Zacatecas,1500451,85,6,2101,201
2020-07-22,Mexico,NA,Zacatecas,1500451,96,2,2197,203
2020-07-23,Mexico,NA,Zacatecas,1500451,82,7,2279,210
2020-07-24,Mexico,NA,Zacatecas,1500451,83,9,2362,219
2020-07-25,Mexico,NA,Zacatecas,1500451,62,8,2424,227
2020-07-26,Mexico,NA,Zacatecas,1500451,26,13,2450,240
2020-07-27,Mexico,NA,Zacatecas,1500451,79,2,2529,242
2020-07-28,Mexico,NA,Zacatecas,1500451,132,7,2661,249
2020-07-29,Mexico,NA,Zacatecas,1500451,73,7,2734,256
2020-07-30,Mexico,NA,Zacatecas,1500451,107,4,2841,260
2020-07-31,Mexico,NA,Zacatecas,1500451,78,7,2919,267
2020-08-01,Mexico,NA,Zacatecas,1500451,50,12,2969,279
2020-08-02,Mexico,NA,Zacatecas,1500451,42,6,3011,285
2020-08-03,Mexico,NA,Zacatecas,1500451,96,10,3107,295
2020-08-04,Mexico,NA,Zacatecas,1500451,86,7,3193,302
2020-08-05,Mexico,NA,Zacatecas,1500451,84,10,3277,312
2020-08-06,Mexico,NA,Zacatecas,1500451,102,9,3379,321
2020-08-07,Mexico,NA,Zacatecas,1500451,87,9,3466,330
2020-08-08,Mexico,NA,Zacatecas,1500451,93,17,3559,347
2020-08-09,Mexico,NA,Zacatecas,1500451,58,10,3617,357
2020-08-10,Mexico,NA,Zacatecas,1500451,115,5,3732,362
2020-08-11,Mexico,NA,Zacatecas,1500451,171,8,3903,370
2020-08-12,Mexico,NA,Zacatecas,1500451,132,7,4035,377
2020-08-13,Mexico,NA,Zacatecas,1500451,64,6,4099,383
2020-08-14,Mexico,NA,Zacatecas,1500451,70,5,4169,388
2020-08-15,Mexico,NA,Zacatecas,1500451,62,8,4231,396
2020-08-16,Mexico,NA,Zacatecas,1500451,47,2,4278,398
2020-08-17,Mexico,NA,Zacatecas,1500451,78,11,4356,409
2020-08-18,Mexico,NA,Zacatecas,1500451,101,5,4457,414
2020-08-19,Mexico,NA,Zacatecas,1500451,84,5,4541,419
2020-08-20,Mexico,NA,Zacatecas,1500451,96,7,4637,426
2020-08-21,Mexico,NA,Zacatecas,1500451,94,6,4731,432
2020-08-22,Mexico,NA,Zacatecas,1500451,50,13,4781,445
2020-08-23,Mexico,NA,Zacatecas,1500451,43,8,4824,453
2020-08-24,Mexico,NA,Zacatecas,1500451,92,9,4916,462
2020-08-25,Mexico,NA,Zacatecas,1500451,112,3,5028,465
2020-08-26,Mexico,NA,Zacatecas,1500451,85,8,5113,473
2020-08-27,Mexico,NA,Zacatecas,1500451,92,8,5205,481
2020-08-28,Mexico,NA,Zacatecas,1500451,78,3,5283,484
2020-08-29,Mexico,NA,Zacatecas,1500451,29,8,5312,492
2020-03-29,Netherlands,NA,Drenthe,491792,15,0,112,3
2020-03-30,Netherlands,NA,Drenthe,491792,4,0,116,3
2020-03-31,Netherlands,NA,Drenthe,491792,7,1,123,4
2020-04-01,Netherlands,NA,Drenthe,491792,19,1,142,5
2020-04-02,Netherlands,NA,Drenthe,491792,15,3,157,8
2020-04-03,Netherlands,NA,Drenthe,491792,13,1,170,9
2020-04-04,Netherlands,NA,Drenthe,491792,22,2,192,11
2020-04-05,Netherlands,NA,Drenthe,491792,15,0,207,11
2020-04-06,Netherlands,NA,Drenthe,491792,8,0,215,11
2020-04-07,Netherlands,NA,Drenthe,491792,4,2,219,13
2020-04-08,Netherlands,NA,Drenthe,491792,13,0,232,13
2020-04-09,Netherlands,NA,Drenthe,491792,17,0,249,13
2020-04-10,Netherlands,NA,Drenthe,491792,17,0,266,13
2020-04-11,Netherlands,NA,Drenthe,491792,23,1,289,14
2020-04-12,Netherlands,NA,Drenthe,491792,15,0,304,14
2020-04-13,Netherlands,NA,Drenthe,491792,9,0,313,14
2020-04-14,Netherlands,NA,Drenthe,491792,6,0,319,14
2020-04-15,Netherlands,NA,Drenthe,491792,6,5,325,19
2020-04-16,Netherlands,NA,Drenthe,491792,15,1,340,20
2020-04-17,Netherlands,NA,Drenthe,491792,15,1,355,21
2020-04-18,Netherlands,NA,Drenthe,491792,18,2,373,23
2020-04-19,Netherlands,NA,Drenthe,491792,12,0,385,23
2020-04-20,Netherlands,NA,Drenthe,491792,9,0,394,23
2020-04-21,Netherlands,NA,Drenthe,491792,6,1,400,24
2020-04-22,Netherlands,NA,Drenthe,491792,5,2,405,26
2020-04-23,Netherlands,NA,Drenthe,491792,16,0,421,26
2020-04-24,Netherlands,NA,Drenthe,491792,16,2,437,28
2020-04-25,Netherlands,NA,Drenthe,491792,12,0,449,28
2020-04-26,Netherlands,NA,Drenthe,491792,0,0,449,28
2020-04-27,Netherlands,NA,Drenthe,491792,12,0,461,28
2020-04-28,Netherlands,NA,Drenthe,491792,0,0,461,28
2020-04-29,Netherlands,NA,Drenthe,491792,6,3,467,31
2020-04-30,Netherlands,NA,Drenthe,491792,6,0,473,31
2020-05-01,Netherlands,NA,Drenthe,491792,2,0,475,31
2020-05-02,Netherlands,NA,Drenthe,491792,6,1,481,32
2020-05-03,Netherlands,NA,Drenthe,491792,0,0,481,32
2020-05-04,Netherlands,NA,Drenthe,491792,4,0,485,32
2020-05-05,Netherlands,NA,Drenthe,491792,4,0,489,32
2020-05-06,Netherlands,NA,Drenthe,491792,2,0,491,32
2020-05-07,Netherlands,NA,Drenthe,491792,0,0,491,32
2020-05-08,Netherlands,NA,Drenthe,491792,1,0,492,32
2020-05-09,Netherlands,NA,Drenthe,491792,1,6,493,38
2020-05-10,Netherlands,NA,Drenthe,491792,1,0,494,38
2020-05-11,Netherlands,NA,Drenthe,491792,1,0,495,38
2020-05-12,Netherlands,NA,Drenthe,491792,1,0,496,38
2020-05-13,Netherlands,NA,Drenthe,491792,1,0,497,38
2020-05-14,Netherlands,NA,Drenthe,491792,0,0,497,38
2020-05-15,Netherlands,NA,Drenthe,491792,1,2,498,40
2020-05-16,Netherlands,NA,Drenthe,491792,0,0,498,40
2020-05-17,Netherlands,NA,Drenthe,491792,0,0,498,40
2020-05-18,Netherlands,NA,Drenthe,491792,1,0,499,40
2020-05-19,Netherlands,NA,Drenthe,491792,0,0,499,40
2020-05-20,Netherlands,NA,Drenthe,491792,2,0,501,40
2020-05-21,Netherlands,NA,Drenthe,491792,0,0,501,40
2020-05-22,Netherlands,NA,Drenthe,491792,2,0,503,40
2020-05-23,Netherlands,NA,Drenthe,491792,3,0,506,40
2020-05-24,Netherlands,NA,Drenthe,491792,0,0,506,40
2020-05-25,Netherlands,NA,Drenthe,491792,1,0,507,40
2020-05-26,Netherlands,NA,Drenthe,491792,0,0,507,40
2020-05-27,Netherlands,NA,Drenthe,491792,0,0,507,40
2020-05-28,Netherlands,NA,Drenthe,491792,0,0,507,40
2020-05-29,Netherlands,NA,Drenthe,491792,0,0,507,40
2020-05-30,Netherlands,NA,Drenthe,491792,0,0,507,40
2020-05-31,Netherlands,NA,Drenthe,491792,4,0,511,40
2020-06-01,Netherlands,NA,Drenthe,491792,0,0,511,40
2020-06-02,Netherlands,NA,Drenthe,491792,2,0,513,40
2020-06-03,Netherlands,NA,Drenthe,491792,0,0,513,40
2020-06-04,Netherlands,NA,Drenthe,491792,2,0,515,40
2020-06-05,Netherlands,NA,Drenthe,491792,3,0,518,40
2020-06-06,Netherlands,NA,Drenthe,491792,1,0,519,40
2020-06-07,Netherlands,NA,Drenthe,491792,4,0,523,40
2020-06-08,Netherlands,NA,Drenthe,491792,0,0,523,40
2020-06-09,Netherlands,NA,Drenthe,491792,0,0,523,40
2020-06-10,Netherlands,NA,Drenthe,491792,1,0,524,40
2020-06-11,Netherlands,NA,Drenthe,491792,1,0,525,40
2020-06-12,Netherlands,NA,Drenthe,491792,0,0,525,40
2020-06-13,Netherlands,NA,Drenthe,491792,0,0,525,40
2020-06-14,Netherlands,NA,Drenthe,491792,3,0,528,40
2020-06-15,Netherlands,NA,Drenthe,491792,1,0,529,40
2020-06-16,Netherlands,NA,Drenthe,491792,0,0,529,40
2020-06-17,Netherlands,NA,Drenthe,491792,2,0,531,40
2020-06-18,Netherlands,NA,Drenthe,491792,1,0,532,40
2020-06-19,Netherlands,NA,Drenthe,491792,0,1,532,41
2020-06-20,Netherlands,NA,Drenthe,491792,1,0,533,41
2020-06-21,Netherlands,NA,Drenthe,491792,0,0,533,41
2020-06-22,Netherlands,NA,Drenthe,491792,0,0,533,41
2020-06-23,Netherlands,NA,Drenthe,491792,0,0,533,41
2020-06-24,Netherlands,NA,Drenthe,491792,0,0,533,41
2020-06-25,Netherlands,NA,Drenthe,491792,0,0,533,41
2020-06-26,Netherlands,NA,Drenthe,491792,0,0,533,41
2020-06-27,Netherlands,NA,Drenthe,491792,0,0,533,41
2020-06-28,Netherlands,NA,Drenthe,491792,0,0,533,41
2020-06-29,Netherlands,NA,Drenthe,491792,0,0,533,41
2020-06-30,Netherlands,NA,Drenthe,491792,0,0,533,41
2020-07-01,Netherlands,NA,Drenthe,491792,0,0,533,41
2020-07-02,Netherlands,NA,Drenthe,491792,1,0,534,41
2020-07-03,Netherlands,NA,Drenthe,491792,0,0,534,41
2020-07-04,Netherlands,NA,Drenthe,491792,0,0,532,41
2020-07-05,Netherlands,NA,Drenthe,491792,0,0,532,41
2020-07-06,Netherlands,NA,Drenthe,491792,0,0,531,41
2020-07-07,Netherlands,NA,Drenthe,491792,0,0,531,41
2020-07-08,Netherlands,NA,Drenthe,491792,1,0,532,41
2020-07-09,Netherlands,NA,Drenthe,491792,0,0,531,41
2020-07-10,Netherlands,NA,Drenthe,491792,1,0,532,41
2020-07-11,Netherlands,NA,Drenthe,491792,0,0,532,41
2020-07-12,Netherlands,NA,Drenthe,491792,0,0,532,41
2020-07-13,Netherlands,NA,Drenthe,491792,0,0,532,41
2020-07-14,Netherlands,NA,Drenthe,491792,0,0,532,41
2020-07-15,Netherlands,NA,Drenthe,491792,2,0,534,41
2020-07-16,Netherlands,NA,Drenthe,491792,0,0,534,41
2020-07-17,Netherlands,NA,Drenthe,491792,2,0,536,41
2020-07-18,Netherlands,NA,Drenthe,491792,3,0,539,41
2020-07-19,Netherlands,NA,Drenthe,491792,0,0,539,41
2020-07-20,Netherlands,NA,Drenthe,491792,0,0,539,41
2020-07-21,Netherlands,NA,Drenthe,491792,1,0,540,41
2020-07-22,Netherlands,NA,Drenthe,491792,2,0,542,41
2020-07-23,Netherlands,NA,Drenthe,491792,3,0,545,41
2020-07-24,Netherlands,NA,Drenthe,491792,1,0,546,41
2020-07-25,Netherlands,NA,Drenthe,491792,2,0,548,41
2020-07-26,Netherlands,NA,Drenthe,491792,1,0,549,41
2020-07-27,Netherlands,NA,Drenthe,491792,0,0,549,41
2020-07-28,Netherlands,NA,Drenthe,491792,0,0,549,41
2020-07-29,Netherlands,NA,Drenthe,491792,0,0,549,41
2020-07-30,Netherlands,NA,Drenthe,491792,1,0,550,41
2020-07-31,Netherlands,NA,Drenthe,491792,1,0,551,41
2020-08-01,Netherlands,NA,Drenthe,491792,1,0,552,41
2020-08-02,Netherlands,NA,Drenthe,491792,1,0,553,41
2020-08-03,Netherlands,NA,Drenthe,491792,1,0,554,41
2020-08-04,Netherlands,NA,Drenthe,491792,0,0,554,41
2020-08-05,Netherlands,NA,Drenthe,491792,5,0,559,41
2020-08-06,Netherlands,NA,Drenthe,491792,3,0,562,41
2020-08-07,Netherlands,NA,Drenthe,491792,1,0,563,41
2020-08-08,Netherlands,NA,Drenthe,491792,3,0,566,41
2020-08-09,Netherlands,NA,Drenthe,491792,5,0,571,41
2020-08-10,Netherlands,NA,Drenthe,491792,0,0,571,41
2020-08-11,Netherlands,NA,Drenthe,491792,2,0,573,41
2020-08-12,Netherlands,NA,Drenthe,491792,2,0,575,41
2020-08-13,Netherlands,NA,Drenthe,491792,3,0,578,41
2020-08-14,Netherlands,NA,Drenthe,491792,1,0,579,41
2020-08-15,Netherlands,NA,Drenthe,491792,2,0,581,41
2020-08-16,Netherlands,NA,Drenthe,491792,1,0,582,41
2020-08-17,Netherlands,NA,Drenthe,491792,3,0,585,41
2020-08-18,Netherlands,NA,Drenthe,491792,1,0,586,41
2020-08-19,Netherlands,NA,Drenthe,491792,1,0,587,41
2020-08-20,Netherlands,NA,Drenthe,491792,3,0,590,41
2020-08-21,Netherlands,NA,Drenthe,491792,2,0,592,41
2020-08-22,Netherlands,NA,Drenthe,491792,3,0,595,41
2020-08-23,Netherlands,NA,Drenthe,491792,4,0,599,41
2020-08-24,Netherlands,NA,Drenthe,491792,0,0,599,41
2020-08-25,Netherlands,NA,Drenthe,491792,3,0,602,41
2020-08-26,Netherlands,NA,Drenthe,491792,1,0,603,41
2020-08-27,Netherlands,NA,Drenthe,491792,2,0,605,41
2020-08-28,Netherlands,NA,Drenthe,491792,1,0,606,41
2020-08-29,Netherlands,NA,Drenthe,491792,1,0,607,41
2020-08-30,Netherlands,NA,Drenthe,491792,2,0,609,41
2020-08-31,Netherlands,NA,Drenthe,491792,1,0,610,41
2020-03-27,Netherlands,NA,Flevoland,399893,13,0,106,5
2020-03-28,Netherlands,NA,Flevoland,399893,12,0,118,5
2020-03-29,Netherlands,NA,Flevoland,399893,17,0,135,5
2020-03-30,Netherlands,NA,Flevoland,399893,7,0,142,5
2020-03-31,Netherlands,NA,Flevoland,399893,19,1,161,6
2020-04-01,Netherlands,NA,Flevoland,399893,23,1,184,7
2020-04-02,Netherlands,NA,Flevoland,399893,14,1,198,8
2020-04-03,Netherlands,NA,Flevoland,399893,22,3,220,11
2020-04-04,Netherlands,NA,Flevoland,399893,9,2,229,13
2020-04-05,Netherlands,NA,Flevoland,399893,17,1,246,14
2020-04-06,Netherlands,NA,Flevoland,399893,7,0,253,14
2020-04-07,Netherlands,NA,Flevoland,399893,13,1,266,15
2020-04-08,Netherlands,NA,Flevoland,399893,19,2,285,17
2020-04-09,Netherlands,NA,Flevoland,399893,14,4,299,21
2020-04-10,Netherlands,NA,Flevoland,399893,28,0,327,21
2020-04-11,Netherlands,NA,Flevoland,399893,37,1,364,22
2020-04-12,Netherlands,NA,Flevoland,399893,15,0,379,22
2020-04-13,Netherlands,NA,Flevoland,399893,34,1,413,23
2020-04-14,Netherlands,NA,Flevoland,399893,8,1,421,24
2020-04-15,Netherlands,NA,Flevoland,399893,15,1,436,25
2020-04-16,Netherlands,NA,Flevoland,399893,21,1,457,26
2020-04-17,Netherlands,NA,Flevoland,399893,48,0,505,26
2020-04-18,Netherlands,NA,Flevoland,399893,46,0,551,26
2020-04-19,Netherlands,NA,Flevoland,399893,21,0,572,26
2020-04-20,Netherlands,NA,Flevoland,399893,6,1,578,27
2020-04-21,Netherlands,NA,Flevoland,399893,21,3,599,30
2020-04-22,Netherlands,NA,Flevoland,399893,21,2,620,32
2020-04-23,Netherlands,NA,Flevoland,399893,28,0,648,32
2020-04-24,Netherlands,NA,Flevoland,399893,12,0,660,32
2020-04-25,Netherlands,NA,Flevoland,399893,25,3,685,35
2020-04-26,Netherlands,NA,Flevoland,399893,21,7,706,42
2020-04-27,Netherlands,NA,Flevoland,399893,5,2,711,44
2020-04-28,Netherlands,NA,Flevoland,399893,3,1,714,45
2020-04-29,Netherlands,NA,Flevoland,399893,9,1,723,46
2020-04-30,Netherlands,NA,Flevoland,399893,9,1,732,47
2020-05-01,Netherlands,NA,Flevoland,399893,14,4,746,51
2020-05-02,Netherlands,NA,Flevoland,399893,16,4,762,55
2020-05-03,Netherlands,NA,Flevoland,399893,2,0,764,55
2020-05-04,Netherlands,NA,Flevoland,399893,6,1,770,56
2020-05-05,Netherlands,NA,Flevoland,399893,15,2,785,58
2020-05-06,Netherlands,NA,Flevoland,399893,17,0,802,58
2020-05-07,Netherlands,NA,Flevoland,399893,5,7,807,65
2020-05-08,Netherlands,NA,Flevoland,399893,13,1,820,66
2020-05-09,Netherlands,NA,Flevoland,399893,14,5,834,71
2020-05-10,Netherlands,NA,Flevoland,399893,15,0,849,71
2020-05-11,Netherlands,NA,Flevoland,399893,1,0,850,71
2020-05-12,Netherlands,NA,Flevoland,399893,8,1,858,72
2020-05-13,Netherlands,NA,Flevoland,399893,3,1,861,73
2020-05-14,Netherlands,NA,Flevoland,399893,2,0,863,73
2020-05-15,Netherlands,NA,Flevoland,399893,6,8,869,81
2020-05-16,Netherlands,NA,Flevoland,399893,4,1,873,82
2020-05-17,Netherlands,NA,Flevoland,399893,6,0,879,82
2020-05-18,Netherlands,NA,Flevoland,399893,2,0,881,82
2020-05-19,Netherlands,NA,Flevoland,399893,1,0,882,82
2020-05-20,Netherlands,NA,Flevoland,399893,6,0,888,82
2020-05-21,Netherlands,NA,Flevoland,399893,5,0,893,82
2020-05-22,Netherlands,NA,Flevoland,399893,4,0,897,82
2020-05-23,Netherlands,NA,Flevoland,399893,0,0,897,82
2020-05-24,Netherlands,NA,Flevoland,399893,2,0,899,82
2020-05-25,Netherlands,NA,Flevoland,399893,1,0,900,82
2020-05-26,Netherlands,NA,Flevoland,399893,6,1,906,83
2020-05-27,Netherlands,NA,Flevoland,399893,5,2,911,85
2020-05-28,Netherlands,NA,Flevoland,399893,4,2,915,87
2020-05-29,Netherlands,NA,Flevoland,399893,3,0,918,87
2020-05-30,Netherlands,NA,Flevoland,399893,2,1,920,88
2020-05-31,Netherlands,NA,Flevoland,399893,6,0,926,88
2020-06-01,Netherlands,NA,Flevoland,399893,2,0,928,88
2020-06-02,Netherlands,NA,Flevoland,399893,0,0,928,88
2020-06-03,Netherlands,NA,Flevoland,399893,2,1,930,89
2020-06-04,Netherlands,NA,Flevoland,399893,8,0,938,89
2020-06-05,Netherlands,NA,Flevoland,399893,3,0,941,89
2020-06-06,Netherlands,NA,Flevoland,399893,4,0,945,89
2020-06-07,Netherlands,NA,Flevoland,399893,2,0,947,89
2020-06-08,Netherlands,NA,Flevoland,399893,0,0,947,89
2020-06-09,Netherlands,NA,Flevoland,399893,1,0,948,89
2020-06-10,Netherlands,NA,Flevoland,399893,3,0,951,89
2020-06-11,Netherlands,NA,Flevoland,399893,1,0,952,89
2020-06-12,Netherlands,NA,Flevoland,399893,3,0,955,89
2020-06-13,Netherlands,NA,Flevoland,399893,1,1,956,90
2020-06-14,Netherlands,NA,Flevoland,399893,2,0,958,90
2020-06-15,Netherlands,NA,Flevoland,399893,7,1,965,91
2020-06-16,Netherlands,NA,Flevoland,399893,1,0,966,91
2020-06-17,Netherlands,NA,Flevoland,399893,2,0,968,91
2020-06-18,Netherlands,NA,Flevoland,399893,3,0,971,91
2020-06-19,Netherlands,NA,Flevoland,399893,3,0,974,91
2020-06-20,Netherlands,NA,Flevoland,399893,0,0,974,91
2020-06-21,Netherlands,NA,Flevoland,399893,0,0,974,91
2020-06-22,Netherlands,NA,Flevoland,399893,0,0,974,91
2020-06-23,Netherlands,NA,Flevoland,399893,0,0,972,91
2020-06-24,Netherlands,NA,Flevoland,399893,4,0,976,91
2020-06-25,Netherlands,NA,Flevoland,399893,1,0,977,91
2020-06-26,Netherlands,NA,Flevoland,399893,0,0,977,91
2020-06-27,Netherlands,NA,Flevoland,399893,2,0,979,91
2020-06-28,Netherlands,NA,Flevoland,399893,2,0,981,91
2020-06-29,Netherlands,NA,Flevoland,399893,0,0,981,91
2020-06-30,Netherlands,NA,Flevoland,399893,3,0,984,91
2020-07-01,Netherlands,NA,Flevoland,399893,1,0,985,91
2020-07-02,Netherlands,NA,Flevoland,399893,0,0,985,91
2020-07-03,Netherlands,NA,Flevoland,399893,1,1,986,92
2020-07-04,Netherlands,NA,Flevoland,399893,2,0,988,92
2020-07-05,Netherlands,NA,Flevoland,399893,0,0,988,92
2020-07-06,Netherlands,NA,Flevoland,399893,0,0,988,92
2020-07-07,Netherlands,NA,Flevoland,399893,0,0,988,92
2020-07-08,Netherlands,NA,Flevoland,399893,0,0,988,92
2020-07-09,Netherlands,NA,Flevoland,399893,0,0,988,92
2020-07-10,Netherlands,NA,Flevoland,399893,0,0,982,92
2020-07-11,Netherlands,NA,Flevoland,399893,0,0,982,92
2020-07-12,Netherlands,NA,Flevoland,399893,0,0,982,92
2020-07-13,Netherlands,NA,Flevoland,399893,0,0,982,92
2020-07-14,Netherlands,NA,Flevoland,399893,0,0,982,92
2020-07-15,Netherlands,NA,Flevoland,399893,0,0,982,92
2020-07-16,Netherlands,NA,Flevoland,399893,0,0,982,92
2020-07-17,Netherlands,NA,Flevoland,399893,0,0,981,92
2020-07-18,Netherlands,NA,Flevoland,399893,0,0,981,92
2020-07-19,Netherlands,NA,Flevoland,399893,0,0,981,92
2020-07-20,Netherlands,NA,Flevoland,399893,1,0,982,92
2020-07-21,Netherlands,NA,Flevoland,399893,1,0,983,92
2020-07-22,Netherlands,NA,Flevoland,399893,0,0,983,92
2020-07-23,Netherlands,NA,Flevoland,399893,1,0,984,92
2020-07-24,Netherlands,NA,Flevoland,399893,2,0,986,92
2020-07-25,Netherlands,NA,Flevoland,399893,3,0,989,92
2020-07-26,Netherlands,NA,Flevoland,399893,1,0,990,92
2020-07-27,Netherlands,NA,Flevoland,399893,1,0,991,92
2020-07-28,Netherlands,NA,Flevoland,399893,2,0,993,92
2020-07-29,Netherlands,NA,Flevoland,399893,4,1,997,93
2020-07-30,Netherlands,NA,Flevoland,399893,1,0,998,93
2020-07-31,Netherlands,NA,Flevoland,399893,9,0,1007,93
2020-08-01,Netherlands,NA,Flevoland,399893,8,0,1015,93
2020-08-02,Netherlands,NA,Flevoland,399893,4,0,1019,93
2020-08-03,Netherlands,NA,Flevoland,399893,8,0,1027,93
2020-08-04,Netherlands,NA,Flevoland,399893,6,0,1033,93
2020-08-05,Netherlands,NA,Flevoland,399893,3,0,1036,93
2020-08-06,Netherlands,NA,Flevoland,399893,5,0,1041,93
2020-08-07,Netherlands,NA,Flevoland,399893,5,0,1046,93
2020-08-08,Netherlands,NA,Flevoland,399893,4,0,1050,93
2020-08-09,Netherlands,NA,Flevoland,399893,5,0,1055,93
2020-08-10,Netherlands,NA,Flevoland,399893,2,0,1057,93
2020-08-11,Netherlands,NA,Flevoland,399893,45,0,1102,93
2020-08-12,Netherlands,NA,Flevoland,399893,10,0,1112,93
2020-08-13,Netherlands,NA,Flevoland,399893,9,0,1121,93
2020-08-14,Netherlands,NA,Flevoland,399893,19,0,1140,93
2020-08-15,Netherlands,NA,Flevoland,399893,6,0,1146,93
2020-08-16,Netherlands,NA,Flevoland,399893,10,0,1156,93
2020-08-17,Netherlands,NA,Flevoland,399893,13,0,1169,93
2020-08-18,Netherlands,NA,Flevoland,399893,7,0,1176,93
2020-08-19,Netherlands,NA,Flevoland,399893,15,0,1191,93
2020-08-20,Netherlands,NA,Flevoland,399893,13,0,1204,93
2020-08-21,Netherlands,NA,Flevoland,399893,13,0,1217,93
2020-08-22,Netherlands,NA,Flevoland,399893,16,0,1233,93
2020-08-23,Netherlands,NA,Flevoland,399893,11,0,1244,93
2020-08-24,Netherlands,NA,Flevoland,399893,6,0,1250,93
2020-08-25,Netherlands,NA,Flevoland,399893,12,0,1262,93
2020-08-26,Netherlands,NA,Flevoland,399893,8,0,1270,93
2020-08-27,Netherlands,NA,Flevoland,399893,9,1,1279,94
2020-08-28,Netherlands,NA,Flevoland,399893,12,0,1291,94
2020-08-29,Netherlands,NA,Flevoland,399893,16,0,1307,94
2020-08-30,Netherlands,NA,Flevoland,399893,8,0,1315,94
2020-08-31,Netherlands,NA,Flevoland,399893,3,0,1318,94
2020-03-29,Netherlands,NA,Friesland,649944,23,1,119,4
2020-03-30,Netherlands,NA,Friesland,649944,5,2,124,6
2020-03-31,Netherlands,NA,Friesland,649944,7,5,131,11
2020-04-01,Netherlands,NA,Friesland,649944,14,0,145,11
2020-04-02,Netherlands,NA,Friesland,649944,20,2,165,13
2020-04-03,Netherlands,NA,Friesland,649944,17,1,182,14
2020-04-04,Netherlands,NA,Friesland,649944,17,2,199,16
2020-04-05,Netherlands,NA,Friesland,649944,16,0,215,16
2020-04-06,Netherlands,NA,Friesland,649944,7,3,222,19
2020-04-07,Netherlands,NA,Friesland,649944,6,2,228,21
2020-04-08,Netherlands,NA,Friesland,649944,33,0,261,21
2020-04-09,Netherlands,NA,Friesland,649944,36,1,297,22
2020-04-10,Netherlands,NA,Friesland,649944,32,1,329,23
2020-04-11,Netherlands,NA,Friesland,649944,15,0,344,23
2020-04-12,Netherlands,NA,Friesland,649944,18,1,362,24
2020-04-13,Netherlands,NA,Friesland,649944,13,4,375,28
2020-04-14,Netherlands,NA,Friesland,649944,9,1,384,29
2020-04-15,Netherlands,NA,Friesland,649944,10,1,394,30
2020-04-16,Netherlands,NA,Friesland,649944,29,5,423,35
2020-04-17,Netherlands,NA,Friesland,649944,22,1,445,36
2020-04-18,Netherlands,NA,Friesland,649944,11,2,456,38
2020-04-19,Netherlands,NA,Friesland,649944,14,2,470,40
2020-04-20,Netherlands,NA,Friesland,649944,3,3,473,43
2020-04-21,Netherlands,NA,Friesland,649944,6,3,479,46
2020-04-22,Netherlands,NA,Friesland,649944,13,0,492,46
2020-04-23,Netherlands,NA,Friesland,649944,7,2,499,48
2020-04-24,Netherlands,NA,Friesland,649944,12,3,511,51
2020-04-25,Netherlands,NA,Friesland,649944,4,1,515,52
2020-04-26,Netherlands,NA,Friesland,649944,4,0,519,52
2020-04-27,Netherlands,NA,Friesland,649944,1,0,520,52
2020-04-28,Netherlands,NA,Friesland,649944,2,1,522,53
2020-04-29,Netherlands,NA,Friesland,649944,4,2,526,55
2020-04-30,Netherlands,NA,Friesland,649944,3,2,529,57
2020-05-01,Netherlands,NA,Friesland,649944,3,0,532,57
2020-05-02,Netherlands,NA,Friesland,649944,5,0,537,57
2020-05-03,Netherlands,NA,Friesland,649944,0,1,537,58
2020-05-04,Netherlands,NA,Friesland,649944,2,0,539,58
2020-05-05,Netherlands,NA,Friesland,649944,1,1,540,59
2020-05-06,Netherlands,NA,Friesland,649944,5,0,545,59
2020-05-07,Netherlands,NA,Friesland,649944,3,0,548,59
2020-05-08,Netherlands,NA,Friesland,649944,19,0,567,59
2020-05-09,Netherlands,NA,Friesland,649944,4,0,571,59
2020-05-10,Netherlands,NA,Friesland,649944,5,0,576,59
2020-05-11,Netherlands,NA,Friesland,649944,6,0,582,59
2020-05-12,Netherlands,NA,Friesland,649944,6,0,588,59
2020-05-13,Netherlands,NA,Friesland,649944,2,0,590,59
2020-05-14,Netherlands,NA,Friesland,649944,2,1,592,60
2020-05-15,Netherlands,NA,Friesland,649944,2,0,594,60
2020-05-16,Netherlands,NA,Friesland,649944,2,0,596,60
2020-05-17,Netherlands,NA,Friesland,649944,1,0,597,60
2020-05-18,Netherlands,NA,Friesland,649944,1,0,598,60
2020-05-19,Netherlands,NA,Friesland,649944,0,0,598,60
2020-05-20,Netherlands,NA,Friesland,649944,2,0,600,60
2020-05-21,Netherlands,NA,Friesland,649944,2,0,602,60
2020-05-22,Netherlands,NA,Friesland,649944,2,2,604,62
2020-05-23,Netherlands,NA,Friesland,649944,0,0,604,62
2020-05-24,Netherlands,NA,Friesland,649944,1,0,605,62
2020-05-25,Netherlands,NA,Friesland,649944,0,0,605,62
2020-05-26,Netherlands,NA,Friesland,649944,0,0,605,62
2020-05-27,Netherlands,NA,Friesland,649944,1,0,606,62
2020-05-28,Netherlands,NA,Friesland,649944,0,0,606,62
2020-05-29,Netherlands,NA,Friesland,649944,2,2,608,64
2020-05-30,Netherlands,NA,Friesland,649944,0,0,608,64
2020-05-31,Netherlands,NA,Friesland,649944,0,0,608,64
2020-06-01,Netherlands,NA,Friesland,649944,0,0,608,64
2020-06-02,Netherlands,NA,Friesland,649944,0,0,608,64
2020-06-03,Netherlands,NA,Friesland,649944,0,0,608,64
2020-06-04,Netherlands,NA,Friesland,649944,3,1,611,65
2020-06-05,Netherlands,NA,Friesland,649944,1,0,612,65
2020-06-06,Netherlands,NA,Friesland,649944,0,0,612,65
2020-06-07,Netherlands,NA,Friesland,649944,1,0,613,65
2020-06-08,Netherlands,NA,Friesland,649944,1,0,614,65
2020-06-09,Netherlands,NA,Friesland,649944,2,0,616,65
2020-06-10,Netherlands,NA,Friesland,649944,1,0,617,65
2020-06-11,Netherlands,NA,Friesland,649944,2,0,619,65
2020-06-12,Netherlands,NA,Friesland,649944,4,0,623,65
2020-06-13,Netherlands,NA,Friesland,649944,4,0,627,65
2020-06-14,Netherlands,NA,Friesland,649944,0,0,627,65
2020-06-15,Netherlands,NA,Friesland,649944,1,0,628,65
2020-06-16,Netherlands,NA,Friesland,649944,0,0,628,65
2020-06-17,Netherlands,NA,Friesland,649944,2,0,630,65
2020-06-18,Netherlands,NA,Friesland,649944,0,0,630,65
2020-06-19,Netherlands,NA,Friesland,649944,0,0,630,65
2020-06-20,Netherlands,NA,Friesland,649944,0,0,629,65
2020-06-21,Netherlands,NA,Friesland,649944,0,0,629,65
2020-06-22,Netherlands,NA,Friesland,649944,0,0,629,65
2020-06-23,Netherlands,NA,Friesland,649944,0,0,629,65
2020-06-24,Netherlands,NA,Friesland,649944,1,0,630,65
2020-06-25,Netherlands,NA,Friesland,649944,2,0,632,65
2020-06-26,Netherlands,NA,Friesland,649944,0,0,632,65
2020-06-27,Netherlands,NA,Friesland,649944,1,0,633,65
2020-06-28,Netherlands,NA,Friesland,649944,1,0,634,65
2020-06-29,Netherlands,NA,Friesland,649944,0,0,634,65
2020-06-30,Netherlands,NA,Friesland,649944,0,0,631,65
2020-07-01,Netherlands,NA,Friesland,649944,0,0,631,65
2020-07-02,Netherlands,NA,Friesland,649944,2,0,633,65
2020-07-03,Netherlands,NA,Friesland,649944,0,0,633,65
2020-07-04,Netherlands,NA,Friesland,649944,1,4,634,69
2020-07-05,Netherlands,NA,Friesland,649944,1,0,635,69
2020-07-06,Netherlands,NA,Friesland,649944,0,0,635,69
2020-07-07,Netherlands,NA,Friesland,649944,0,0,635,69
2020-07-08,Netherlands,NA,Friesland,649944,1,0,636,69
2020-07-09,Netherlands,NA,Friesland,649944,0,0,636,69
2020-07-10,Netherlands,NA,Friesland,649944,1,0,637,69
2020-07-11,Netherlands,NA,Friesland,649944,0,0,637,69
2020-07-12,Netherlands,NA,Friesland,649944,1,0,638,69
2020-07-13,Netherlands,NA,Friesland,649944,0,0,638,69
2020-07-14,Netherlands,NA,Friesland,649944,1,0,639,69
2020-07-15,Netherlands,NA,Friesland,649944,0,0,639,69
2020-07-16,Netherlands,NA,Friesland,649944,2,0,641,69
2020-07-17,Netherlands,NA,Friesland,649944,1,0,642,69
2020-07-18,Netherlands,NA,Friesland,649944,1,0,643,69
2020-07-19,Netherlands,NA,Friesland,649944,0,0,643,69
2020-07-20,Netherlands,NA,Friesland,649944,0,0,643,69
2020-07-21,Netherlands,NA,Friesland,649944,0,0,643,69
2020-07-22,Netherlands,NA,Friesland,649944,2,0,645,69
2020-07-23,Netherlands,NA,Friesland,649944,0,0,645,69
2020-07-24,Netherlands,NA,Friesland,649944,2,0,647,69
2020-07-25,Netherlands,NA,Friesland,649944,0,0,647,69
2020-07-26,Netherlands,NA,Friesland,649944,0,0,647,69
2020-07-27,Netherlands,NA,Friesland,649944,1,0,648,69
2020-07-28,Netherlands,NA,Friesland,649944,0,0,648,69
2020-07-29,Netherlands,NA,Friesland,649944,1,0,649,69
2020-07-30,Netherlands,NA,Friesland,649944,1,0,650,69
2020-07-31,Netherlands,NA,Friesland,649944,2,0,652,69
2020-08-01,Netherlands,NA,Friesland,649944,1,0,653,69
2020-08-02,Netherlands,NA,Friesland,649944,3,0,656,69
2020-08-03,Netherlands,NA,Friesland,649944,1,0,657,69
2020-08-04,Netherlands,NA,Friesland,649944,0,0,657,69
2020-08-05,Netherlands,NA,Friesland,649944,0,0,657,69
2020-08-06,Netherlands,NA,Friesland,649944,0,0,657,69
2020-08-07,Netherlands,NA,Friesland,649944,1,0,658,69
2020-08-08,Netherlands,NA,Friesland,649944,3,0,661,69
2020-08-09,Netherlands,NA,Friesland,649944,2,0,663,69
2020-08-10,Netherlands,NA,Friesland,649944,14,0,677,69
2020-08-11,Netherlands,NA,Friesland,649944,13,0,690,69
2020-08-12,Netherlands,NA,Friesland,649944,11,0,701,69
2020-08-13,Netherlands,NA,Friesland,649944,9,0,710,69
2020-08-14,Netherlands,NA,Friesland,649944,11,0,721,69
2020-08-15,Netherlands,NA,Friesland,649944,5,0,726,69
2020-08-16,Netherlands,NA,Friesland,649944,6,0,732,69
2020-08-17,Netherlands,NA,Friesland,649944,11,0,743,69
2020-08-18,Netherlands,NA,Friesland,649944,12,0,755,69
2020-08-19,Netherlands,NA,Friesland,649944,8,0,763,69
2020-08-20,Netherlands,NA,Friesland,649944,4,0,767,69
2020-08-21,Netherlands,NA,Friesland,649944,4,0,771,69
2020-08-22,Netherlands,NA,Friesland,649944,6,0,777,69
2020-08-23,Netherlands,NA,Friesland,649944,7,0,784,69
2020-08-24,Netherlands,NA,Friesland,649944,5,0,789,69
2020-08-25,Netherlands,NA,Friesland,649944,4,0,793,69
2020-08-26,Netherlands,NA,Friesland,649944,8,0,801,69
2020-08-27,Netherlands,NA,Friesland,649944,3,0,804,69
2020-08-28,Netherlands,NA,Friesland,649944,3,0,807,69
2020-08-29,Netherlands,NA,Friesland,649944,7,0,814,69
2020-08-30,Netherlands,NA,Friesland,649944,5,0,819,69
2020-08-31,Netherlands,NA,Friesland,649944,5,0,824,69
2020-03-16,Netherlands,NA,Gelderland,2019692,35,0,135,1
2020-03-17,Netherlands,NA,Gelderland,2019692,38,0,173,1
2020-03-18,Netherlands,NA,Gelderland,2019692,37,0,210,1
2020-03-19,Netherlands,NA,Gelderland,2019692,30,1,240,2
2020-03-20,Netherlands,NA,Gelderland,2019692,122,3,362,5
2020-03-21,Netherlands,NA,Gelderland,2019692,6,2,368,7
2020-03-22,Netherlands,NA,Gelderland,2019692,60,1,428,8
2020-03-23,Netherlands,NA,Gelderland,2019692,83,8,511,16
2020-03-24,Netherlands,NA,Gelderland,2019692,74,11,585,27
2020-03-25,Netherlands,NA,Gelderland,2019692,103,6,688,33
2020-03-26,Netherlands,NA,Gelderland,2019692,122,12,810,45
2020-03-27,Netherlands,NA,Gelderland,2019692,131,10,941,55
2020-03-28,Netherlands,NA,Gelderland,2019692,131,7,1072,62
2020-03-29,Netherlands,NA,Gelderland,2019692,182,13,1254,75
2020-03-30,Netherlands,NA,Gelderland,2019692,102,18,1356,93
2020-03-31,Netherlands,NA,Gelderland,2019692,99,24,1455,117
2020-04-01,Netherlands,NA,Gelderland,2019692,140,27,1595,144
2020-04-02,Netherlands,NA,Gelderland,2019692,113,12,1708,156
2020-04-03,Netherlands,NA,Gelderland,2019692,151,19,1859,175
2020-04-04,Netherlands,NA,Gelderland,2019692,97,12,1956,187
2020-04-05,Netherlands,NA,Gelderland,2019692,119,14,2075,201
2020-04-06,Netherlands,NA,Gelderland,2019692,104,18,2179,219
2020-04-07,Netherlands,NA,Gelderland,2019692,92,23,2271,242
2020-04-08,Netherlands,NA,Gelderland,2019692,90,18,2361,260
2020-04-09,Netherlands,NA,Gelderland,2019692,136,18,2497,278
2020-04-10,Netherlands,NA,Gelderland,2019692,160,14,2657,292
2020-04-11,Netherlands,NA,Gelderland,2019692,154,9,2811,301
2020-04-12,Netherlands,NA,Gelderland,2019692,167,11,2978,312
2020-04-13,Netherlands,NA,Gelderland,2019692,208,5,3186,317
2020-04-14,Netherlands,NA,Gelderland,2019692,115,16,3301,333
2020-04-15,Netherlands,NA,Gelderland,2019692,116,24,3417,357
2020-04-16,Netherlands,NA,Gelderland,2019692,121,17,3538,374
2020-04-17,Netherlands,NA,Gelderland,2019692,162,19,3700,393
2020-04-18,Netherlands,NA,Gelderland,2019692,160,19,3860,412
2020-04-19,Netherlands,NA,Gelderland,2019692,202,10,4062,422
2020-04-20,Netherlands,NA,Gelderland,2019692,141,10,4203,432
2020-04-21,Netherlands,NA,Gelderland,2019692,99,20,4302,452
2020-04-22,Netherlands,NA,Gelderland,2019692,89,15,4391,467
2020-04-23,Netherlands,NA,Gelderland,2019692,135,19,4526,486
2020-04-24,Netherlands,NA,Gelderland,2019692,111,19,4637,505
2020-04-25,Netherlands,NA,Gelderland,2019692,94,13,4731,518
2020-04-26,Netherlands,NA,Gelderland,2019692,72,6,4803,524
2020-04-27,Netherlands,NA,Gelderland,2019692,41,4,4844,528
2020-04-28,Netherlands,NA,Gelderland,2019692,23,8,4867,536
2020-04-29,Netherlands,NA,Gelderland,2019692,76,20,4943,556
2020-04-30,Netherlands,NA,Gelderland,2019692,59,10,5002,566
2020-05-01,Netherlands,NA,Gelderland,2019692,71,10,5073,576
2020-05-02,Netherlands,NA,Gelderland,2019692,68,7,5141,583
2020-05-03,Netherlands,NA,Gelderland,2019692,63,7,5204,590
2020-05-04,Netherlands,NA,Gelderland,2019692,24,3,5228,593
2020-05-05,Netherlands,NA,Gelderland,2019692,29,12,5257,605
2020-05-06,Netherlands,NA,Gelderland,2019692,33,6,5290,611
2020-05-07,Netherlands,NA,Gelderland,2019692,25,3,5315,614
2020-05-08,Netherlands,NA,Gelderland,2019692,37,2,5352,616
2020-05-09,Netherlands,NA,Gelderland,2019692,16,8,5368,624
2020-05-10,Netherlands,NA,Gelderland,2019692,25,4,5393,628
2020-05-11,Netherlands,NA,Gelderland,2019692,22,1,5415,629
2020-05-12,Netherlands,NA,Gelderland,2019692,25,3,5440,632
2020-05-13,Netherlands,NA,Gelderland,2019692,18,2,5458,634
2020-05-14,Netherlands,NA,Gelderland,2019692,25,4,5483,638
2020-05-15,Netherlands,NA,Gelderland,2019692,16,6,5499,644
2020-05-16,Netherlands,NA,Gelderland,2019692,20,2,5519,646
2020-05-17,Netherlands,NA,Gelderland,2019692,26,1,5545,647
2020-05-18,Netherlands,NA,Gelderland,2019692,13,3,5558,650
2020-05-19,Netherlands,NA,Gelderland,2019692,16,3,5574,653
2020-05-20,Netherlands,NA,Gelderland,2019692,21,1,5595,654
2020-05-21,Netherlands,NA,Gelderland,2019692,20,2,5615,656
2020-05-22,Netherlands,NA,Gelderland,2019692,29,0,5644,656
2020-05-23,Netherlands,NA,Gelderland,2019692,24,1,5668,657
2020-05-24,Netherlands,NA,Gelderland,2019692,36,0,5704,657
2020-05-25,Netherlands,NA,Gelderland,2019692,45,0,5749,657
2020-05-26,Netherlands,NA,Gelderland,2019692,28,3,5777,660
2020-05-27,Netherlands,NA,Gelderland,2019692,36,1,5813,661
2020-05-28,Netherlands,NA,Gelderland,2019692,39,3,5852,664
2020-05-29,Netherlands,NA,Gelderland,2019692,44,0,5896,664
2020-05-30,Netherlands,NA,Gelderland,2019692,32,2,5928,666
2020-05-31,Netherlands,NA,Gelderland,2019692,27,1,5955,667
2020-06-01,Netherlands,NA,Gelderland,2019692,21,0,5976,667
2020-06-02,Netherlands,NA,Gelderland,2019692,18,2,5994,669
2020-06-03,Netherlands,NA,Gelderland,2019692,9,1,6003,670
2020-06-04,Netherlands,NA,Gelderland,2019692,21,0,6024,670
2020-06-05,Netherlands,NA,Gelderland,2019692,35,1,6059,671
2020-06-06,Netherlands,NA,Gelderland,2019692,26,0,6085,671
2020-06-07,Netherlands,NA,Gelderland,2019692,30,0,6115,671
2020-06-08,Netherlands,NA,Gelderland,2019692,36,1,6151,672
2020-06-09,Netherlands,NA,Gelderland,2019692,20,0,6171,672
2020-06-10,Netherlands,NA,Gelderland,2019692,30,1,6201,673
2020-06-11,Netherlands,NA,Gelderland,2019692,19,0,6220,673
2020-06-12,Netherlands,NA,Gelderland,2019692,31,0,6251,673
2020-06-13,Netherlands,NA,Gelderland,2019692,21,1,6272,674
2020-06-14,Netherlands,NA,Gelderland,2019692,18,1,6290,675
2020-06-15,Netherlands,NA,Gelderland,2019692,40,1,6330,676
2020-06-16,Netherlands,NA,Gelderland,2019692,4,1,6334,677
2020-06-17,Netherlands,NA,Gelderland,2019692,9,1,6343,678
2020-06-18,Netherlands,NA,Gelderland,2019692,14,0,6357,678
2020-06-19,Netherlands,NA,Gelderland,2019692,15,2,6372,680
2020-06-20,Netherlands,NA,Gelderland,2019692,12,1,6384,681
2020-06-21,Netherlands,NA,Gelderland,2019692,13,0,6397,681
2020-06-22,Netherlands,NA,Gelderland,2019692,11,0,6408,681
2020-06-23,Netherlands,NA,Gelderland,2019692,5,0,6413,681
2020-06-24,Netherlands,NA,Gelderland,2019692,3,0,6416,681
2020-06-25,Netherlands,NA,Gelderland,2019692,15,1,6431,682
2020-06-26,Netherlands,NA,Gelderland,2019692,9,0,6440,682
2020-06-27,Netherlands,NA,Gelderland,2019692,16,0,6456,682
2020-06-28,Netherlands,NA,Gelderland,2019692,6,0,6462,682
2020-06-29,Netherlands,NA,Gelderland,2019692,9,1,6471,683
2020-06-30,Netherlands,NA,Gelderland,2019692,1,1,6472,684
2020-07-01,Netherlands,NA,Gelderland,2019692,6,1,6478,685
2020-07-02,Netherlands,NA,Gelderland,2019692,6,1,6484,686
2020-07-03,Netherlands,NA,Gelderland,2019692,3,0,6487,686
2020-07-04,Netherlands,NA,Gelderland,2019692,1,0,6488,686
2020-07-05,Netherlands,NA,Gelderland,2019692,4,0,6492,686
2020-07-06,Netherlands,NA,Gelderland,2019692,2,0,6494,686
2020-07-07,Netherlands,NA,Gelderland,2019692,1,0,6495,686
2020-07-08,Netherlands,NA,Gelderland,2019692,5,0,6500,686
2020-07-09,Netherlands,NA,Gelderland,2019692,2,0,6502,686
2020-07-10,Netherlands,NA,Gelderland,2019692,4,0,6506,686
2020-07-11,Netherlands,NA,Gelderland,2019692,2,0,6508,686
2020-07-12,Netherlands,NA,Gelderland,2019692,5,0,6513,686
2020-07-13,Netherlands,NA,Gelderland,2019692,4,0,6517,686
2020-07-14,Netherlands,NA,Gelderland,2019692,8,0,6525,686
2020-07-15,Netherlands,NA,Gelderland,2019692,6,0,6531,686
2020-07-16,Netherlands,NA,Gelderland,2019692,0,0,6520,685
2020-07-17,Netherlands,NA,Gelderland,2019692,0,0,6518,684
2020-07-18,Netherlands,NA,Gelderland,2019692,6,0,6524,684
2020-07-19,Netherlands,NA,Gelderland,2019692,3,0,6527,684
2020-07-20,Netherlands,NA,Gelderland,2019692,7,0,6534,684
2020-07-21,Netherlands,NA,Gelderland,2019692,10,0,6544,684
2020-07-22,Netherlands,NA,Gelderland,2019692,6,0,6550,684
2020-07-23,Netherlands,NA,Gelderland,2019692,3,0,6553,684
2020-07-24,Netherlands,NA,Gelderland,2019692,5,0,6558,684
2020-07-25,Netherlands,NA,Gelderland,2019692,7,0,6565,684
2020-07-26,Netherlands,NA,Gelderland,2019692,12,0,6577,684
2020-07-27,Netherlands,NA,Gelderland,2019692,6,0,6583,684
2020-07-28,Netherlands,NA,Gelderland,2019692,5,0,6588,684
2020-07-29,Netherlands,NA,Gelderland,2019692,5,0,6593,684
2020-07-30,Netherlands,NA,Gelderland,2019692,12,0,6605,684
2020-07-31,Netherlands,NA,Gelderland,2019692,15,0,6620,684
2020-08-01,Netherlands,NA,Gelderland,2019692,22,0,6642,684
2020-08-02,Netherlands,NA,Gelderland,2019692,14,0,6656,684
2020-08-03,Netherlands,NA,Gelderland,2019692,1,0,6657,684
2020-08-04,Netherlands,NA,Gelderland,2019692,8,0,6665,684
2020-08-05,Netherlands,NA,Gelderland,2019692,7,0,6672,684
2020-08-06,Netherlands,NA,Gelderland,2019692,19,0,6691,684
2020-08-07,Netherlands,NA,Gelderland,2019692,23,0,6714,684
2020-08-08,Netherlands,NA,Gelderland,2019692,19,0,6733,684
2020-08-09,Netherlands,NA,Gelderland,2019692,31,0,6764,684
2020-08-10,Netherlands,NA,Gelderland,2019692,20,0,6784,684
2020-08-11,Netherlands,NA,Gelderland,2019692,35,1,6819,685
2020-08-12,Netherlands,NA,Gelderland,2019692,32,0,6851,685
2020-08-13,Netherlands,NA,Gelderland,2019692,25,0,6876,685
2020-08-14,Netherlands,NA,Gelderland,2019692,25,0,6901,685
2020-08-15,Netherlands,NA,Gelderland,2019692,21,0,6922,685
2020-08-16,Netherlands,NA,Gelderland,2019692,29,0,6951,685
2020-08-17,Netherlands,NA,Gelderland,2019692,19,0,6970,685
2020-08-18,Netherlands,NA,Gelderland,2019692,21,0,6991,685
2020-08-19,Netherlands,NA,Gelderland,2019692,33,1,7024,686
2020-08-20,Netherlands,NA,Gelderland,2019692,26,0,7050,686
2020-08-21,Netherlands,NA,Gelderland,2019692,36,0,7086,686
2020-08-22,Netherlands,NA,Gelderland,2019692,29,1,7115,687
2020-08-23,Netherlands,NA,Gelderland,2019692,41,0,7156,687
2020-08-24,Netherlands,NA,Gelderland,2019692,52,0,7208,687
2020-08-25,Netherlands,NA,Gelderland,2019692,36,0,7244,687
2020-08-26,Netherlands,NA,Gelderland,2019692,35,1,7279,688
2020-08-27,Netherlands,NA,Gelderland,2019692,36,0,7315,688
2020-08-28,Netherlands,NA,Gelderland,2019692,44,0,7359,688
2020-08-29,Netherlands,NA,Gelderland,2019692,31,0,7390,688
2020-08-30,Netherlands,NA,Gelderland,2019692,34,0,7424,688
2020-08-31,Netherlands,NA,Gelderland,2019692,27,0,7451,688
2020-03-26,Netherlands,NA,Groningen,582728,29,1,111,1
2020-03-27,Netherlands,NA,Groningen,582728,11,0,122,1
2020-03-28,Netherlands,NA,Groningen,582728,12,0,134,1
2020-03-29,Netherlands,NA,Groningen,582728,7,0,141,1
2020-03-30,Netherlands,NA,Groningen,582728,6,0,147,1
2020-03-31,Netherlands,NA,Groningen,582728,11,1,158,2
2020-04-01,Netherlands,NA,Groningen,582728,8,0,166,2
2020-04-02,Netherlands,NA,Groningen,582728,6,0,172,2
2020-04-03,Netherlands,NA,Groningen,582728,6,2,178,4
2020-04-04,Netherlands,NA,Groningen,582728,7,1,185,5
2020-04-05,Netherlands,NA,Groningen,582728,13,0,198,5
2020-04-06,Netherlands,NA,Groningen,582728,4,0,202,5
2020-04-07,Netherlands,NA,Groningen,582728,2,1,204,6
2020-04-08,Netherlands,NA,Groningen,582728,18,0,222,6
2020-04-09,Netherlands,NA,Groningen,582728,7,0,229,6
2020-04-10,Netherlands,NA,Groningen,582728,12,0,241,6
2020-04-11,Netherlands,NA,Groningen,582728,14,1,255,7
2020-04-12,Netherlands,NA,Groningen,582728,10,1,265,8
2020-04-13,Netherlands,NA,Groningen,582728,8,0,273,8
2020-04-14,Netherlands,NA,Groningen,582728,1,0,274,8
2020-04-15,Netherlands,NA,Groningen,582728,6,0,280,8
2020-04-16,Netherlands,NA,Groningen,582728,5,0,285,8
2020-04-17,Netherlands,NA,Groningen,582728,6,1,291,9
2020-04-18,Netherlands,NA,Groningen,582728,3,0,294,9
2020-04-19,Netherlands,NA,Groningen,582728,5,0,299,9
2020-04-20,Netherlands,NA,Groningen,582728,4,0,303,9
2020-04-21,Netherlands,NA,Groningen,582728,4,0,307,9
2020-04-22,Netherlands,NA,Groningen,582728,3,0,310,9
2020-04-23,Netherlands,NA,Groningen,582728,4,2,314,11
2020-04-24,Netherlands,NA,Groningen,582728,9,1,323,12
2020-04-25,Netherlands,NA,Groningen,582728,3,0,326,12
2020-04-26,Netherlands,NA,Groningen,582728,0,0,326,12
2020-04-27,Netherlands,NA,Groningen,582728,0,0,326,12
2020-04-28,Netherlands,NA,Groningen,582728,0,0,326,12
2020-04-29,Netherlands,NA,Groningen,582728,1,1,327,13
2020-04-30,Netherlands,NA,Groningen,582728,3,0,330,13
2020-05-01,Netherlands,NA,Groningen,582728,3,0,333,13
2020-05-02,Netherlands,NA,Groningen,582728,0,0,333,13
2020-05-03,Netherlands,NA,Groningen,582728,0,0,333,13
2020-05-04,Netherlands,NA,Groningen,582728,1,0,334,13
2020-05-05,Netherlands,NA,Groningen,582728,3,0,337,13
2020-05-06,Netherlands,NA,Groningen,582728,1,0,338,13
2020-05-07,Netherlands,NA,Groningen,582728,1,1,339,14
2020-05-08,Netherlands,NA,Groningen,582728,0,0,339,14
2020-05-09,Netherlands,NA,Groningen,582728,0,0,339,14
2020-05-10,Netherlands,NA,Groningen,582728,1,0,340,14
2020-05-11,Netherlands,NA,Groningen,582728,3,0,343,14
2020-05-12,Netherlands,NA,Groningen,582728,0,0,343,14
2020-05-13,Netherlands,NA,Groningen,582728,0,0,343,14
2020-05-14,Netherlands,NA,Groningen,582728,1,0,344,14
2020-05-15,Netherlands,NA,Groningen,582728,0,1,344,15
2020-05-16,Netherlands,NA,Groningen,582728,0,0,344,15
2020-05-17,Netherlands,NA,Groningen,582728,0,0,344,15
2020-05-18,Netherlands,NA,Groningen,582728,0,0,344,15
2020-05-19,Netherlands,NA,Groningen,582728,0,0,344,15
2020-05-20,Netherlands,NA,Groningen,582728,0,0,344,15
2020-05-21,Netherlands,NA,Groningen,582728,2,0,346,15
2020-05-22,Netherlands,NA,Groningen,582728,0,0,346,15
2020-05-23,Netherlands,NA,Groningen,582728,0,1,346,16
2020-05-24,Netherlands,NA,Groningen,582728,0,0,346,16
2020-05-25,Netherlands,NA,Groningen,582728,0,0,346,16
2020-05-26,Netherlands,NA,Groningen,582728,0,0,346,16
2020-05-27,Netherlands,NA,Groningen,582728,0,1,346,17
2020-05-28,Netherlands,NA,Groningen,582728,1,0,347,17
2020-05-29,Netherlands,NA,Groningen,582728,0,0,347,17
2020-05-30,Netherlands,NA,Groningen,582728,1,0,348,17
2020-05-31,Netherlands,NA,Groningen,582728,1,0,349,17
2020-06-01,Netherlands,NA,Groningen,582728,0,0,349,17
2020-06-02,Netherlands,NA,Groningen,582728,0,0,349,17
2020-06-03,Netherlands,NA,Groningen,582728,0,0,349,17
2020-06-04,Netherlands,NA,Groningen,582728,1,0,350,17
2020-06-05,Netherlands,NA,Groningen,582728,0,0,350,17
2020-06-06,Netherlands,NA,Groningen,582728,2,0,352,17
2020-06-07,Netherlands,NA,Groningen,582728,0,0,352,17
2020-06-08,Netherlands,NA,Groningen,582728,0,0,352,17
2020-06-09,Netherlands,NA,Groningen,582728,0,0,352,17
2020-06-10,Netherlands,NA,Groningen,582728,0,0,352,17
2020-06-11,Netherlands,NA,Groningen,582728,1,0,353,17
2020-06-12,Netherlands,NA,Groningen,582728,1,0,354,17
2020-06-13,Netherlands,NA,Groningen,582728,0,0,354,17
2020-06-14,Netherlands,NA,Groningen,582728,2,0,356,17
2020-06-15,Netherlands,NA,Groningen,582728,0,0,356,17
2020-06-16,Netherlands,NA,Groningen,582728,0,0,356,17
2020-06-17,Netherlands,NA,Groningen,582728,1,0,357,17
2020-06-18,Netherlands,NA,Groningen,582728,2,0,359,17
2020-06-19,Netherlands,NA,Groningen,582728,0,0,359,17
2020-06-20,Netherlands,NA,Groningen,582728,0,0,359,17
2020-06-21,Netherlands,NA,Groningen,582728,0,0,359,17
2020-06-22,Netherlands,NA,Groningen,582728,0,0,359,17
2020-06-23,Netherlands,NA,Groningen,582728,0,0,359,17
2020-06-24,Netherlands,NA,Groningen,582728,3,0,362,17
2020-06-25,Netherlands,NA,Groningen,582728,0,0,362,17
2020-06-26,Netherlands,NA,Groningen,582728,0,0,362,17
2020-06-27,Netherlands,NA,Groningen,582728,0,0,362,17
2020-06-28,Netherlands,NA,Groningen,582728,0,0,362,17
2020-06-29,Netherlands,NA,Groningen,582728,0,0,362,17
2020-06-30,Netherlands,NA,Groningen,582728,0,0,362,17
2020-07-01,Netherlands,NA,Groningen,582728,0,0,362,17
2020-07-02,Netherlands,NA,Groningen,582728,0,0,362,17
2020-07-03,Netherlands,NA,Groningen,582728,0,0,362,17
2020-07-04,Netherlands,NA,Groningen,582728,0,0,362,17
2020-07-05,Netherlands,NA,Groningen,582728,2,0,364,17
2020-07-06,Netherlands,NA,Groningen,582728,0,0,364,17
2020-07-07,Netherlands,NA,Groningen,582728,0,0,364,17
2020-07-08,Netherlands,NA,Groningen,582728,1,0,365,17
2020-07-09,Netherlands,NA,Groningen,582728,1,0,366,17
2020-07-10,Netherlands,NA,Groningen,582728,0,0,366,17
2020-07-11,Netherlands,NA,Groningen,582728,1,0,367,17
2020-07-12,Netherlands,NA,Groningen,582728,0,0,367,17
2020-07-13,Netherlands,NA,Groningen,582728,0,0,367,17
2020-07-14,Netherlands,NA,Groningen,582728,0,0,367,17
2020-07-15,Netherlands,NA,Groningen,582728,0,0,367,17
2020-07-16,Netherlands,NA,Groningen,582728,0,0,367,17
2020-07-17,Netherlands,NA,Groningen,582728,0,0,367,17
2020-07-18,Netherlands,NA,Groningen,582728,0,0,367,17
2020-07-19,Netherlands,NA,Groningen,582728,1,0,368,17
2020-07-20,Netherlands,NA,Groningen,582728,0,0,368,17
2020-07-21,Netherlands,NA,Groningen,582728,1,0,369,17
2020-07-22,Netherlands,NA,Groningen,582728,0,0,369,17
2020-07-23,Netherlands,NA,Groningen,582728,0,0,369,17
2020-07-24,Netherlands,NA,Groningen,582728,1,0,370,17
2020-07-25,Netherlands,NA,Groningen,582728,2,0,372,17
2020-07-26,Netherlands,NA,Groningen,582728,3,0,375,17
2020-07-27,Netherlands,NA,Groningen,582728,2,0,377,17
2020-07-28,Netherlands,NA,Groningen,582728,2,0,379,17
2020-07-29,Netherlands,NA,Groningen,582728,1,0,380,17
2020-07-30,Netherlands,NA,Groningen,582728,2,0,382,17
2020-07-31,Netherlands,NA,Groningen,582728,3,0,385,17
2020-08-01,Netherlands,NA,Groningen,582728,3,0,388,17
2020-08-02,Netherlands,NA,Groningen,582728,2,0,390,17
2020-08-03,Netherlands,NA,Groningen,582728,3,0,393,17
2020-08-04,Netherlands,NA,Groningen,582728,7,0,400,17
2020-08-05,Netherlands,NA,Groningen,582728,5,0,405,17
2020-08-06,Netherlands,NA,Groningen,582728,6,0,411,17
2020-08-07,Netherlands,NA,Groningen,582728,7,0,418,17
2020-08-08,Netherlands,NA,Groningen,582728,7,0,425,17
2020-08-09,Netherlands,NA,Groningen,582728,7,0,432,17
2020-08-10,Netherlands,NA,Groningen,582728,9,0,441,17
2020-08-11,Netherlands,NA,Groningen,582728,5,0,446,17
2020-08-12,Netherlands,NA,Groningen,582728,10,0,456,17
2020-08-13,Netherlands,NA,Groningen,582728,14,0,470,17
2020-08-14,Netherlands,NA,Groningen,582728,12,0,482,17
2020-08-15,Netherlands,NA,Groningen,582728,8,0,490,17
2020-08-16,Netherlands,NA,Groningen,582728,10,0,500,17
2020-08-17,Netherlands,NA,Groningen,582728,9,0,509,17
2020-08-18,Netherlands,NA,Groningen,582728,11,0,520,17
2020-08-19,Netherlands,NA,Groningen,582728,5,0,525,17
2020-08-20,Netherlands,NA,Groningen,582728,8,0,533,17
2020-08-21,Netherlands,NA,Groningen,582728,7,0,540,17
2020-08-22,Netherlands,NA,Groningen,582728,9,0,549,17
2020-08-23,Netherlands,NA,Groningen,582728,6,0,555,17
2020-08-24,Netherlands,NA,Groningen,582728,3,0,558,17
2020-08-25,Netherlands,NA,Groningen,582728,5,2,563,19
2020-08-26,Netherlands,NA,Groningen,582728,5,0,568,19
2020-08-27,Netherlands,NA,Groningen,582728,6,0,574,19
2020-08-28,Netherlands,NA,Groningen,582728,10,0,584,19
2020-08-29,Netherlands,NA,Groningen,582728,4,0,588,19
2020-08-30,Netherlands,NA,Groningen,582728,2,0,590,19
2020-08-31,Netherlands,NA,Groningen,582728,8,0,598,19
2020-03-14,Netherlands,NA,Limburg,1120006,37,0,104,3
2020-03-15,Netherlands,NA,Limburg,1120006,25,1,129,4
2020-03-16,Netherlands,NA,Limburg,1120006,20,1,149,5
2020-03-17,Netherlands,NA,Limburg,1120006,48,5,197,10
2020-03-18,Netherlands,NA,Limburg,1120006,61,4,258,14
2020-03-19,Netherlands,NA,Limburg,1120006,33,5,291,19
2020-03-20,Netherlands,NA,Limburg,1120006,105,6,396,25
2020-03-21,Netherlands,NA,Limburg,1120006,14,1,410,26
2020-03-22,Netherlands,NA,Limburg,1120006,29,11,439,37
2020-03-23,Netherlands,NA,Limburg,1120006,43,12,482,49
2020-03-24,Netherlands,NA,Limburg,1120006,192,11,674,60
2020-03-25,Netherlands,NA,Limburg,1120006,94,8,768,68
2020-03-26,Netherlands,NA,Limburg,1120006,94,16,862,84
2020-03-27,Netherlands,NA,Limburg,1120006,86,16,948,100
2020-03-28,Netherlands,NA,Limburg,1120006,130,15,1078,115
2020-03-29,Netherlands,NA,Limburg,1120006,95,22,1173,137
2020-03-30,Netherlands,NA,Limburg,1120006,114,20,1287,157
2020-03-31,Netherlands,NA,Limburg,1120006,115,14,1402,171
2020-04-01,Netherlands,NA,Limburg,1120006,87,13,1489,184
2020-04-02,Netherlands,NA,Limburg,1120006,88,40,1577,224
2020-04-03,Netherlands,NA,Limburg,1120006,112,8,1689,232
2020-04-04,Netherlands,NA,Limburg,1120006,50,18,1739,250
2020-04-05,Netherlands,NA,Limburg,1120006,143,23,1882,273
2020-04-06,Netherlands,NA,Limburg,1120006,107,13,1989,286
2020-04-07,Netherlands,NA,Limburg,1120006,91,47,2080,333
2020-04-08,Netherlands,NA,Limburg,1120006,80,21,2160,354
2020-04-09,Netherlands,NA,Limburg,1120006,124,19,2284,373
2020-04-10,Netherlands,NA,Limburg,1120006,103,14,2387,387
2020-04-11,Netherlands,NA,Limburg,1120006,127,13,2514,400
2020-04-12,Netherlands,NA,Limburg,1120006,119,20,2633,420
2020-04-13,Netherlands,NA,Limburg,1120006,44,7,2677,427
2020-04-14,Netherlands,NA,Limburg,1120006,185,24,2862,451
2020-04-15,Netherlands,NA,Limburg,1120006,45,14,2907,465
2020-04-16,Netherlands,NA,Limburg,1120006,98,13,3005,478
2020-04-17,Netherlands,NA,Limburg,1120006,136,13,3141,491
2020-04-18,Netherlands,NA,Limburg,1120006,113,14,3254,505
2020-04-19,Netherlands,NA,Limburg,1120006,98,7,3352,512
2020-04-20,Netherlands,NA,Limburg,1120006,83,9,3435,521
2020-04-21,Netherlands,NA,Limburg,1120006,86,7,3521,528
2020-04-22,Netherlands,NA,Limburg,1120006,93,10,3614,538
2020-04-23,Netherlands,NA,Limburg,1120006,77,9,3691,547
2020-04-24,Netherlands,NA,Limburg,1120006,103,15,3794,562
2020-04-25,Netherlands,NA,Limburg,1120006,47,17,3841,579
2020-04-26,Netherlands,NA,Limburg,1120006,52,9,3893,588
2020-04-27,Netherlands,NA,Limburg,1120006,65,6,3958,594
2020-04-28,Netherlands,NA,Limburg,1120006,18,2,3976,596
2020-04-29,Netherlands,NA,Limburg,1120006,48,11,4024,607
2020-04-30,Netherlands,NA,Limburg,1120006,59,10,4083,617
2020-05-01,Netherlands,NA,Limburg,1120006,39,9,4122,626
2020-05-02,Netherlands,NA,Limburg,1120006,49,11,4171,637
2020-05-03,Netherlands,NA,Limburg,1120006,24,6,4195,643
2020-05-04,Netherlands,NA,Limburg,1120006,44,4,4239,647
2020-05-05,Netherlands,NA,Limburg,1120006,15,4,4254,651
2020-05-06,Netherlands,NA,Limburg,1120006,20,5,4274,656
2020-05-07,Netherlands,NA,Limburg,1120006,24,8,4298,664
2020-05-08,Netherlands,NA,Limburg,1120006,44,5,4342,669
2020-05-09,Netherlands,NA,Limburg,1120006,23,4,4365,673
2020-05-10,Netherlands,NA,Limburg,1120006,27,5,4392,678
2020-05-11,Netherlands,NA,Limburg,1120006,18,5,4410,683
2020-05-12,Netherlands,NA,Limburg,1120006,10,1,4420,684
2020-05-13,Netherlands,NA,Limburg,1120006,21,8,4441,692
2020-05-14,Netherlands,NA,Limburg,1120006,19,4,4460,696
2020-05-15,Netherlands,NA,Limburg,1120006,36,4,4496,700
2020-05-16,Netherlands,NA,Limburg,1120006,16,2,4512,702
2020-05-17,Netherlands,NA,Limburg,1120006,8,2,4520,704
2020-05-18,Netherlands,NA,Limburg,1120006,11,3,4531,707
2020-05-19,Netherlands,NA,Limburg,1120006,3,0,4534,707
2020-05-20,Netherlands,NA,Limburg,1120006,4,3,4538,710
2020-05-21,Netherlands,NA,Limburg,1120006,16,3,4554,713
2020-05-22,Netherlands,NA,Limburg,1120006,18,3,4572,716
2020-05-23,Netherlands,NA,Limburg,1120006,30,2,4602,718
2020-05-24,Netherlands,NA,Limburg,1120006,7,3,4609,721
2020-05-25,Netherlands,NA,Limburg,1120006,17,0,4626,721
2020-05-26,Netherlands,NA,Limburg,1120006,7,2,4633,723
2020-05-27,Netherlands,NA,Limburg,1120006,5,0,4638,723
2020-05-28,Netherlands,NA,Limburg,1120006,14,6,4652,729
2020-05-29,Netherlands,NA,Limburg,1120006,11,1,4663,730
2020-05-30,Netherlands,NA,Limburg,1120006,6,2,4669,732
2020-05-31,Netherlands,NA,Limburg,1120006,9,1,4678,733
2020-06-01,Netherlands,NA,Limburg,1120006,9,2,4687,735
2020-06-02,Netherlands,NA,Limburg,1120006,7,0,4694,735
2020-06-03,Netherlands,NA,Limburg,1120006,9,1,4703,736
2020-06-04,Netherlands,NA,Limburg,1120006,7,2,4710,738
2020-06-05,Netherlands,NA,Limburg,1120006,18,0,4728,738
2020-06-06,Netherlands,NA,Limburg,1120006,15,0,4743,738
2020-06-07,Netherlands,NA,Limburg,1120006,14,1,4757,739
2020-06-08,Netherlands,NA,Limburg,1120006,8,0,4765,739
2020-06-09,Netherlands,NA,Limburg,1120006,11,3,4776,742
2020-06-10,Netherlands,NA,Limburg,1120006,6,1,4782,743
2020-06-11,Netherlands,NA,Limburg,1120006,9,1,4791,744
2020-06-12,Netherlands,NA,Limburg,1120006,8,1,4799,745
2020-06-13,Netherlands,NA,Limburg,1120006,12,0,4811,745
2020-06-14,Netherlands,NA,Limburg,1120006,9,1,4820,746
2020-06-15,Netherlands,NA,Limburg,1120006,2,1,4822,747
2020-06-16,Netherlands,NA,Limburg,1120006,4,0,4826,747
2020-06-17,Netherlands,NA,Limburg,1120006,4,0,4830,747
2020-06-18,Netherlands,NA,Limburg,1120006,6,0,4836,747
2020-06-19,Netherlands,NA,Limburg,1120006,4,0,4840,747
2020-06-20,Netherlands,NA,Limburg,1120006,4,1,4844,748
2020-06-21,Netherlands,NA,Limburg,1120006,5,0,4849,748
2020-06-22,Netherlands,NA,Limburg,1120006,2,0,4851,748
2020-06-23,Netherlands,NA,Limburg,1120006,2,0,4853,748
2020-06-24,Netherlands,NA,Limburg,1120006,3,0,4856,748
2020-06-25,Netherlands,NA,Limburg,1120006,4,1,4860,749
2020-06-26,Netherlands,NA,Limburg,1120006,1,0,4861,749
2020-06-27,Netherlands,NA,Limburg,1120006,0,0,4861,749
2020-06-28,Netherlands,NA,Limburg,1120006,1,0,4862,749
2020-06-29,Netherlands,NA,Limburg,1120006,1,0,4863,749
2020-06-30,Netherlands,NA,Limburg,1120006,0,0,4863,749
2020-07-01,Netherlands,NA,Limburg,1120006,3,0,4866,749
2020-07-02,Netherlands,NA,Limburg,1120006,3,0,4869,749
2020-07-03,Netherlands,NA,Limburg,1120006,5,0,4874,749
2020-07-04,Netherlands,NA,Limburg,1120006,1,0,4875,749
2020-07-05,Netherlands,NA,Limburg,1120006,1,0,4876,749
2020-07-06,Netherlands,NA,Limburg,1120006,1,0,4877,749
2020-07-07,Netherlands,NA,Limburg,1120006,1,0,4878,749
2020-07-08,Netherlands,NA,Limburg,1120006,1,0,4879,749
2020-07-09,Netherlands,NA,Limburg,1120006,2,0,4881,749
2020-07-10,Netherlands,NA,Limburg,1120006,2,0,4883,749
2020-07-11,Netherlands,NA,Limburg,1120006,0,0,4883,749
2020-07-12,Netherlands,NA,Limburg,1120006,3,0,4886,749
2020-07-13,Netherlands,NA,Limburg,1120006,1,0,4887,749
2020-07-14,Netherlands,NA,Limburg,1120006,0,1,4878,750
2020-07-15,Netherlands,NA,Limburg,1120006,5,0,4883,750
2020-07-16,Netherlands,NA,Limburg,1120006,1,0,4884,750
2020-07-17,Netherlands,NA,Limburg,1120006,1,1,4885,751
2020-07-18,Netherlands,NA,Limburg,1120006,5,1,4890,752
2020-07-19,Netherlands,NA,Limburg,1120006,1,0,4891,752
2020-07-20,Netherlands,NA,Limburg,1120006,4,0,4895,752
2020-07-21,Netherlands,NA,Limburg,1120006,3,1,4898,753
2020-07-22,Netherlands,NA,Limburg,1120006,1,0,4899,753
2020-07-23,Netherlands,NA,Limburg,1120006,0,0,4899,753
2020-07-24,Netherlands,NA,Limburg,1120006,4,0,4903,753
2020-07-25,Netherlands,NA,Limburg,1120006,3,0,4906,753
2020-07-26,Netherlands,NA,Limburg,1120006,2,0,4908,753
2020-07-27,Netherlands,NA,Limburg,1120006,4,0,4912,753
2020-07-28,Netherlands,NA,Limburg,1120006,2,1,4914,754
2020-07-29,Netherlands,NA,Limburg,1120006,3,0,4917,754
2020-07-30,Netherlands,NA,Limburg,1120006,4,0,4921,754
2020-07-31,Netherlands,NA,Limburg,1120006,2,0,4923,754
2020-08-01,Netherlands,NA,Limburg,1120006,7,0,4930,754
2020-08-02,Netherlands,NA,Limburg,1120006,3,0,4933,754
2020-08-03,Netherlands,NA,Limburg,1120006,5,0,4938,754
2020-08-04,Netherlands,NA,Limburg,1120006,4,0,4942,754
2020-08-05,Netherlands,NA,Limburg,1120006,7,0,4949,754
2020-08-06,Netherlands,NA,Limburg,1120006,2,0,4951,754
2020-08-07,Netherlands,NA,Limburg,1120006,9,0,4960,754
2020-08-08,Netherlands,NA,Limburg,1120006,7,0,4967,754
2020-08-09,Netherlands,NA,Limburg,1120006,17,0,4984,754
2020-08-10,Netherlands,NA,Limburg,1120006,12,0,4996,754
2020-08-11,Netherlands,NA,Limburg,1120006,21,0,5017,754
2020-08-12,Netherlands,NA,Limburg,1120006,13,0,5030,754
2020-08-13,Netherlands,NA,Limburg,1120006,17,0,5047,754
2020-08-14,Netherlands,NA,Limburg,1120006,18,0,5065,754
2020-08-15,Netherlands,NA,Limburg,1120006,36,0,5101,754
2020-08-16,Netherlands,NA,Limburg,1120006,21,0,5122,754
2020-08-17,Netherlands,NA,Limburg,1120006,6,0,5128,754
2020-08-18,Netherlands,NA,Limburg,1120006,11,0,5139,754
2020-08-19,Netherlands,NA,Limburg,1120006,13,0,5152,754
2020-08-20,Netherlands,NA,Limburg,1120006,23,0,5175,754
2020-08-21,Netherlands,NA,Limburg,1120006,23,0,5198,754
2020-08-22,Netherlands,NA,Limburg,1120006,23,1,5221,755
2020-08-23,Netherlands,NA,Limburg,1120006,28,0,5249,755
2020-08-24,Netherlands,NA,Limburg,1120006,19,0,5268,755
2020-08-25,Netherlands,NA,Limburg,1120006,25,0,5293,755
2020-08-26,Netherlands,NA,Limburg,1120006,24,0,5317,755
2020-08-27,Netherlands,NA,Limburg,1120006,22,0,5339,755
2020-08-28,Netherlands,NA,Limburg,1120006,18,0,5357,755
2020-08-29,Netherlands,NA,Limburg,1120006,26,1,5383,756
2020-08-30,Netherlands,NA,Limburg,1120006,17,0,5400,756
2020-08-31,Netherlands,NA,Limburg,1120006,24,0,5424,756
2020-03-13,Netherlands,NA,North Brabant,2256848,0,0,360,5
2020-03-14,Netherlands,NA,North Brabant,2256848,43,1,403,6
2020-03-15,Netherlands,NA,North Brabant,2256848,43,7,446,13
2020-03-16,Netherlands,NA,North Brabant,2256848,108,3,554,16
2020-03-17,Netherlands,NA,North Brabant,2256848,80,11,634,27
2020-03-18,Netherlands,NA,North Brabant,2256848,94,10,728,37
2020-03-19,Netherlands,NA,North Brabant,2256848,114,12,842,49
2020-03-20,Netherlands,NA,North Brabant,2256848,265,13,1107,62
2020-03-21,Netherlands,NA,North Brabant,2256848,40,17,1147,79
2020-03-22,Netherlands,NA,North Brabant,2256848,221,22,1368,101
2020-03-23,Netherlands,NA,North Brabant,2256848,152,3,1520,104
2020-03-24,Netherlands,NA,North Brabant,2256848,178,21,1698,125
2020-03-25,Netherlands,NA,North Brabant,2256848,177,48,1875,173
2020-03-26,Netherlands,NA,North Brabant,2256848,242,26,2117,199
2020-03-27,Netherlands,NA,North Brabant,2256848,329,52,2446,251
2020-03-28,Netherlands,NA,North Brabant,2256848,260,33,2706,284
2020-03-29,Netherlands,NA,North Brabant,2256848,271,55,2977,339
2020-03-30,Netherlands,NA,North Brabant,2256848,214,29,3191,368
2020-03-31,Netherlands,NA,North Brabant,2256848,184,77,3375,445
2020-04-01,Netherlands,NA,North Brabant,2256848,153,34,3528,479
2020-04-02,Netherlands,NA,North Brabant,2256848,224,46,3752,525
2020-04-03,Netherlands,NA,North Brabant,2256848,160,51,3912,576
2020-04-04,Netherlands,NA,North Brabant,2256848,136,52,4048,628
2020-04-05,Netherlands,NA,North Brabant,2256848,176,33,4224,661
2020-04-06,Netherlands,NA,North Brabant,2256848,191,10,4415,671
2020-04-07,Netherlands,NA,North Brabant,2256848,154,69,4569,740
2020-04-08,Netherlands,NA,North Brabant,2256848,182,40,4751,780
2020-04-09,Netherlands,NA,North Brabant,2256848,202,42,4953,822
2020-04-10,Netherlands,NA,North Brabant,2256848,248,25,5201,847
2020-04-11,Netherlands,NA,North Brabant,2256848,158,32,5359,879
2020-04-12,Netherlands,NA,North Brabant,2256848,244,20,5603,899
2020-04-13,Netherlands,NA,North Brabant,2256848,136,19,5739,918
2020-04-14,Netherlands,NA,North Brabant,2256848,168,24,5907,942
2020-04-15,Netherlands,NA,North Brabant,2256848,114,41,6021,983
2020-04-16,Netherlands,NA,North Brabant,2256848,205,58,6226,1041
2020-04-17,Netherlands,NA,North Brabant,2256848,167,31,6393,1072
2020-04-18,Netherlands,NA,North Brabant,2256848,184,35,6577,1107
2020-04-19,Netherlands,NA,North Brabant,2256848,166,21,6743,1128
2020-04-20,Netherlands,NA,North Brabant,2256848,156,15,6899,1143
2020-04-21,Netherlands,NA,North Brabant,2256848,137,42,7036,1185
2020-04-22,Netherlands,NA,North Brabant,2256848,117,36,7153,1221
2020-04-23,Netherlands,NA,North Brabant,2256848,124,21,7277,1242
2020-04-24,Netherlands,NA,North Brabant,2256848,153,14,7430,1256
2020-04-25,Netherlands,NA,North Brabant,2256848,120,24,7550,1280
2020-04-26,Netherlands,NA,North Brabant,2256848,144,15,7694,1295
2020-04-27,Netherlands,NA,North Brabant,2256848,97,7,7791,1302
2020-04-28,Netherlands,NA,North Brabant,2256848,38,14,7829,1316
2020-04-29,Netherlands,NA,North Brabant,2256848,33,17,7862,1333
2020-04-30,Netherlands,NA,North Brabant,2256848,102,14,7964,1347
2020-05-01,Netherlands,NA,North Brabant,2256848,88,9,8052,1356
2020-05-02,Netherlands,NA,North Brabant,2256848,83,26,8135,1382
2020-05-03,Netherlands,NA,North Brabant,2256848,74,5,8209,1387
2020-05-04,Netherlands,NA,North Brabant,2256848,36,3,8245,1390
2020-05-05,Netherlands,NA,North Brabant,2256848,36,11,8281,1401
2020-05-06,Netherlands,NA,North Brabant,2256848,16,5,8297,1406
2020-05-07,Netherlands,NA,North Brabant,2256848,52,14,8349,1420
2020-05-08,Netherlands,NA,North Brabant,2256848,36,7,8385,1427
2020-05-09,Netherlands,NA,North Brabant,2256848,54,17,8439,1444
2020-05-10,Netherlands,NA,North Brabant,2256848,28,4,8467,1448
2020-05-11,Netherlands,NA,North Brabant,2256848,21,0,8488,1448
2020-05-12,Netherlands,NA,North Brabant,2256848,37,15,8525,1463
2020-05-13,Netherlands,NA,North Brabant,2256848,18,6,8543,1469
2020-05-14,Netherlands,NA,North Brabant,2256848,47,3,8590,1472
2020-05-15,Netherlands,NA,North Brabant,2256848,21,5,8611,1477
2020-05-16,Netherlands,NA,North Brabant,2256848,33,1,8644,1478
2020-05-17,Netherlands,NA,North Brabant,2256848,11,0,8655,1478
2020-05-18,Netherlands,NA,North Brabant,2256848,18,2,8673,1480
2020-05-19,Netherlands,NA,North Brabant,2256848,19,3,8692,1483
2020-05-20,Netherlands,NA,North Brabant,2256848,29,5,8721,1488
2020-05-21,Netherlands,NA,North Brabant,2256848,21,1,8742,1489
2020-05-22,Netherlands,NA,North Brabant,2256848,16,1,8758,1490
2020-05-23,Netherlands,NA,North Brabant,2256848,31,1,8789,1491
2020-05-24,Netherlands,NA,North Brabant,2256848,24,1,8813,1492
2020-05-25,Netherlands,NA,North Brabant,2256848,16,0,8829,1492
2020-05-26,Netherlands,NA,North Brabant,2256848,26,3,8855,1495
2020-05-27,Netherlands,NA,North Brabant,2256848,21,3,8876,1498
2020-05-28,Netherlands,NA,North Brabant,2256848,45,7,8921,1505
2020-05-29,Netherlands,NA,North Brabant,2256848,22,3,8943,1508
2020-05-30,Netherlands,NA,North Brabant,2256848,24,2,8967,1510
2020-05-31,Netherlands,NA,North Brabant,2256848,36,0,9003,1510
2020-06-01,Netherlands,NA,North Brabant,2256848,7,0,9010,1510
2020-06-02,Netherlands,NA,North Brabant,2256848,21,1,9031,1511
2020-06-03,Netherlands,NA,North Brabant,2256848,17,0,9048,1511
2020-06-04,Netherlands,NA,North Brabant,2256848,34,3,9082,1514
2020-06-05,Netherlands,NA,North Brabant,2256848,41,3,9123,1517
2020-06-06,Netherlands,NA,North Brabant,2256848,29,1,9152,1518
2020-06-07,Netherlands,NA,North Brabant,2256848,20,0,9172,1518
2020-06-08,Netherlands,NA,North Brabant,2256848,38,1,9210,1519
2020-06-09,Netherlands,NA,North Brabant,2256848,22,0,9232,1519
2020-06-10,Netherlands,NA,North Brabant,2256848,27,1,9259,1520
2020-06-11,Netherlands,NA,North Brabant,2256848,28,0,9287,1520
2020-06-12,Netherlands,NA,North Brabant,2256848,40,4,9327,1524
2020-06-13,Netherlands,NA,North Brabant,2256848,34,0,9361,1524
2020-06-14,Netherlands,NA,North Brabant,2256848,21,0,9382,1524
2020-06-15,Netherlands,NA,North Brabant,2256848,11,2,9393,1526
2020-06-16,Netherlands,NA,North Brabant,2256848,27,1,9420,1527
2020-06-17,Netherlands,NA,North Brabant,2256848,23,0,9443,1527
2020-06-18,Netherlands,NA,North Brabant,2256848,14,1,9457,1528
2020-06-19,Netherlands,NA,North Brabant,2256848,20,0,9477,1528
2020-06-20,Netherlands,NA,North Brabant,2256848,7,1,9484,1529
2020-06-21,Netherlands,NA,North Brabant,2256848,16,1,9500,1530
2020-06-22,Netherlands,NA,North Brabant,2256848,8,0,9508,1530
2020-06-23,Netherlands,NA,North Brabant,2256848,10,1,9518,1531
2020-06-24,Netherlands,NA,North Brabant,2256848,18,0,9536,1531
2020-06-25,Netherlands,NA,North Brabant,2256848,16,0,9552,1531
2020-06-26,Netherlands,NA,North Brabant,2256848,14,2,9566,1533
2020-06-27,Netherlands,NA,North Brabant,2256848,8,0,9574,1533
2020-06-28,Netherlands,NA,North Brabant,2256848,2,0,9576,1533
2020-06-29,Netherlands,NA,North Brabant,2256848,12,0,9588,1533
2020-06-30,Netherlands,NA,North Brabant,2256848,5,2,9593,1535
2020-07-01,Netherlands,NA,North Brabant,2256848,8,0,9601,1535
2020-07-02,Netherlands,NA,North Brabant,2256848,8,1,9609,1536
2020-07-03,Netherlands,NA,North Brabant,2256848,7,0,9616,1536
2020-07-04,Netherlands,NA,North Brabant,2256848,13,0,9629,1536
2020-07-05,Netherlands,NA,North Brabant,2256848,9,0,9638,1536
2020-07-06,Netherlands,NA,North Brabant,2256848,3,0,9641,1536
2020-07-07,Netherlands,NA,North Brabant,2256848,12,0,9653,1536
2020-07-08,Netherlands,NA,North Brabant,2256848,10,1,9663,1537
2020-07-09,Netherlands,NA,North Brabant,2256848,9,0,9672,1537
2020-07-10,Netherlands,NA,North Brabant,2256848,12,0,9684,1537
2020-07-11,Netherlands,NA,North Brabant,2256848,14,0,9698,1537
2020-07-12,Netherlands,NA,North Brabant,2256848,19,0,9717,1537
2020-07-13,Netherlands,NA,North Brabant,2256848,13,0,9730,1537
2020-07-14,Netherlands,NA,North Brabant,2256848,0,0,9709,1535
2020-07-15,Netherlands,NA,North Brabant,2256848,5,0,9714,1535
2020-07-16,Netherlands,NA,North Brabant,2256848,16,0,9730,1535
2020-07-17,Netherlands,NA,North Brabant,2256848,17,0,9747,1535
2020-07-18,Netherlands,NA,North Brabant,2256848,16,0,9763,1535
2020-07-19,Netherlands,NA,North Brabant,2256848,19,0,9782,1535
2020-07-20,Netherlands,NA,North Brabant,2256848,23,0,9805,1535
2020-07-21,Netherlands,NA,North Brabant,2256848,14,0,9819,1535
2020-07-22,Netherlands,NA,North Brabant,2256848,26,0,9845,1535
2020-07-23,Netherlands,NA,North Brabant,2256848,9,0,9854,1535
2020-07-24,Netherlands,NA,North Brabant,2256848,24,0,9878,1535
2020-07-25,Netherlands,NA,North Brabant,2256848,14,0,9892,1535
2020-07-26,Netherlands,NA,North Brabant,2256848,27,0,9919,1535
2020-07-27,Netherlands,NA,North Brabant,2256848,16,1,9935,1536
2020-07-28,Netherlands,NA,North Brabant,2256848,35,0,9970,1536
2020-07-29,Netherlands,NA,North Brabant,2256848,39,0,10009,1536
2020-07-30,Netherlands,NA,North Brabant,2256848,43,0,10052,1536
2020-07-31,Netherlands,NA,North Brabant,2256848,36,0,10088,1536
2020-08-01,Netherlands,NA,North Brabant,2256848,50,0,10138,1536
2020-08-02,Netherlands,NA,North Brabant,2256848,61,1,10199,1537
2020-08-03,Netherlands,NA,North Brabant,2256848,53,0,10252,1537
2020-08-04,Netherlands,NA,North Brabant,2256848,51,0,10303,1537
2020-08-05,Netherlands,NA,North Brabant,2256848,53,1,10356,1538
2020-08-06,Netherlands,NA,North Brabant,2256848,60,0,10416,1538
2020-08-07,Netherlands,NA,North Brabant,2256848,70,1,10486,1539
2020-08-08,Netherlands,NA,North Brabant,2256848,72,2,10558,1541
2020-08-09,Netherlands,NA,North Brabant,2256848,85,0,10643,1541
2020-08-10,Netherlands,NA,North Brabant,2256848,66,0,10709,1541
2020-08-11,Netherlands,NA,North Brabant,2256848,107,0,10816,1541
2020-08-12,Netherlands,NA,North Brabant,2256848,57,1,10873,1542
2020-08-13,Netherlands,NA,North Brabant,2256848,51,1,10924,1543
2020-08-14,Netherlands,NA,North Brabant,2256848,71,0,10995,1543
2020-08-15,Netherlands,NA,North Brabant,2256848,69,1,11064,1544
2020-08-16,Netherlands,NA,North Brabant,2256848,72,1,11136,1545
2020-08-17,Netherlands,NA,North Brabant,2256848,61,0,11197,1545
2020-08-18,Netherlands,NA,North Brabant,2256848,67,1,11264,1546
2020-08-19,Netherlands,NA,North Brabant,2256848,66,0,11330,1546
2020-08-20,Netherlands,NA,North Brabant,2256848,50,0,11380,1546
2020-08-21,Netherlands,NA,North Brabant,2256848,82,0,11462,1546
2020-08-22,Netherlands,NA,North Brabant,2256848,61,1,11523,1547
2020-08-23,Netherlands,NA,North Brabant,2256848,68,0,11591,1547
2020-08-24,Netherlands,NA,North Brabant,2256848,85,0,11676,1547
2020-08-25,Netherlands,NA,North Brabant,2256848,59,0,11735,1547
2020-08-26,Netherlands,NA,North Brabant,2256848,99,0,11834,1547
2020-08-27,Netherlands,NA,North Brabant,2256848,72,0,11906,1547
2020-08-28,Netherlands,NA,North Brabant,2256848,88,0,11994,1547
2020-08-29,Netherlands,NA,North Brabant,2256848,86,0,12080,1547
2020-08-30,Netherlands,NA,North Brabant,2256848,65,0,12145,1547
2020-08-31,Netherlands,NA,North Brabant,2256848,70,0,12215,1547
2020-03-16,Netherlands,NA,North Holland,2813466,26,0,116,0
2020-03-17,Netherlands,NA,North Holland,2813466,36,0,152,0
2020-03-18,Netherlands,NA,North Holland,2813466,22,0,174,0
2020-03-19,Netherlands,NA,North Holland,2813466,71,1,245,1
2020-03-20,Netherlands,NA,North Holland,2813466,220,1,465,2
2020-03-21,Netherlands,NA,North Holland,2813466,0,2,437,4
2020-03-22,Netherlands,NA,North Holland,2813466,71,2,508,6
2020-03-23,Netherlands,NA,North Holland,2813466,63,4,571,10
2020-03-24,Netherlands,NA,North Holland,2813466,138,7,709,17
2020-03-25,Netherlands,NA,North Holland,2813466,128,6,837,23
2020-03-26,Netherlands,NA,North Holland,2813466,160,7,997,30
2020-03-27,Netherlands,NA,North Holland,2813466,197,10,1194,40
2020-03-28,Netherlands,NA,North Holland,2813466,168,12,1362,52
2020-03-29,Netherlands,NA,North Holland,2813466,153,12,1515,64
2020-03-30,Netherlands,NA,North Holland,2813466,146,12,1661,76
2020-03-31,Netherlands,NA,North Holland,2813466,149,24,1810,100
2020-04-01,Netherlands,NA,North Holland,2813466,172,17,1982,117
2020-04-02,Netherlands,NA,North Holland,2813466,182,24,2164,141
2020-04-03,Netherlands,NA,North Holland,2813466,168,9,2332,150
2020-04-04,Netherlands,NA,North Holland,2813466,167,29,2499,179
2020-04-05,Netherlands,NA,North Holland,2813466,229,16,2728,195
2020-04-06,Netherlands,NA,North Holland,2813466,117,10,2845,205
2020-04-07,Netherlands,NA,North Holland,2813466,122,22,2967,227
2020-04-08,Netherlands,NA,North Holland,2813466,131,31,3098,258
2020-04-09,Netherlands,NA,North Holland,2813466,179,21,3277,279
2020-04-10,Netherlands,NA,North Holland,2813466,228,11,3505,290
2020-04-11,Netherlands,NA,North Holland,2813466,152,28,3657,318
2020-04-12,Netherlands,NA,North Holland,2813466,175,14,3832,332
2020-04-13,Netherlands,NA,North Holland,2813466,100,16,3932,348
2020-04-14,Netherlands,NA,North Holland,2813466,106,15,4038,363
2020-04-15,Netherlands,NA,North Holland,2813466,105,37,4143,400
2020-04-16,Netherlands,NA,North Holland,2813466,143,18,4286,418
2020-04-17,Netherlands,NA,North Holland,2813466,207,18,4493,436
2020-04-18,Netherlands,NA,North Holland,2813466,152,20,4645,456
2020-04-19,Netherlands,NA,North Holland,2813466,132,11,4777,467
2020-04-20,Netherlands,NA,North Holland,2813466,98,9,4875,476
2020-04-21,Netherlands,NA,North Holland,2813466,101,23,4976,499
2020-04-22,Netherlands,NA,North Holland,2813466,108,14,5084,513
2020-04-23,Netherlands,NA,North Holland,2813466,143,17,5227,530
2020-04-24,Netherlands,NA,North Holland,2813466,84,14,5311,544
2020-04-25,Netherlands,NA,North Holland,2813466,73,11,5384,555
2020-04-26,Netherlands,NA,North Holland,2813466,88,10,5472,565
2020-04-27,Netherlands,NA,North Holland,2813466,43,5,5515,570
2020-04-28,Netherlands,NA,North Holland,2813466,36,6,5551,576
2020-04-29,Netherlands,NA,North Holland,2813466,72,24,5623,600
2020-04-30,Netherlands,NA,North Holland,2813466,52,9,5675,609
2020-05-01,Netherlands,NA,North Holland,2813466,78,7,5753,616
2020-05-02,Netherlands,NA,North Holland,2813466,72,7,5825,623
2020-05-03,Netherlands,NA,North Holland,2813466,34,33,5859,656
2020-05-04,Netherlands,NA,North Holland,2813466,24,7,5883,663
2020-05-05,Netherlands,NA,North Holland,2813466,68,14,5951,677
2020-05-06,Netherlands,NA,North Holland,2813466,59,8,6010,685
2020-05-07,Netherlands,NA,North Holland,2813466,49,18,6059,703
2020-05-08,Netherlands,NA,North Holland,2813466,44,8,6103,711
2020-05-09,Netherlands,NA,North Holland,2813466,47,7,6150,718
2020-05-10,Netherlands,NA,North Holland,2813466,38,1,6188,719
2020-05-11,Netherlands,NA,North Holland,2813466,37,2,6225,721
2020-05-12,Netherlands,NA,North Holland,2813466,24,9,6249,730
2020-05-13,Netherlands,NA,North Holland,2813466,34,8,6283,738
2020-05-14,Netherlands,NA,North Holland,2813466,52,8,6335,746
2020-05-15,Netherlands,NA,North Holland,2813466,38,10,6373,756
2020-05-16,Netherlands,NA,North Holland,2813466,28,5,6401,761
2020-05-17,Netherlands,NA,North Holland,2813466,14,5,6415,766
2020-05-18,Netherlands,NA,North Holland,2813466,16,2,6431,768
2020-05-19,Netherlands,NA,North Holland,2813466,16,1,6447,769
2020-05-20,Netherlands,NA,North Holland,2813466,30,1,6477,770
2020-05-21,Netherlands,NA,North Holland,2813466,32,4,6509,774
2020-05-22,Netherlands,NA,North Holland,2813466,34,5,6543,779
2020-05-23,Netherlands,NA,North Holland,2813466,22,1,6565,780
2020-05-24,Netherlands,NA,North Holland,2813466,12,3,6577,783
2020-05-25,Netherlands,NA,North Holland,2813466,8,3,6585,786
2020-05-26,Netherlands,NA,North Holland,2813466,8,6,6593,792
2020-05-27,Netherlands,NA,North Holland,2813466,30,2,6623,794
2020-05-28,Netherlands,NA,North Holland,2813466,15,2,6638,796
2020-05-29,Netherlands,NA,North Holland,2813466,13,1,6651,797
2020-05-30,Netherlands,NA,North Holland,2813466,21,1,6672,798
2020-05-31,Netherlands,NA,North Holland,2813466,23,1,6695,799
2020-06-01,Netherlands,NA,North Holland,2813466,11,1,6706,800
2020-06-02,Netherlands,NA,North Holland,2813466,5,1,6711,801
2020-06-03,Netherlands,NA,North Holland,2813466,7,1,6718,802
2020-06-04,Netherlands,NA,North Holland,2813466,11,0,6729,802
2020-06-05,Netherlands,NA,North Holland,2813466,11,2,6740,804
2020-06-06,Netherlands,NA,North Holland,2813466,9,1,6749,805
2020-06-07,Netherlands,NA,North Holland,2813466,82,0,6831,805
2020-06-08,Netherlands,NA,North Holland,2813466,28,1,6859,806
2020-06-09,Netherlands,NA,North Holland,2813466,15,3,6874,809
2020-06-10,Netherlands,NA,North Holland,2813466,32,1,6906,810
2020-06-11,Netherlands,NA,North Holland,2813466,31,0,6937,810
2020-06-12,Netherlands,NA,North Holland,2813466,15,0,6952,810
2020-06-13,Netherlands,NA,North Holland,2813466,32,0,6984,810
2020-06-14,Netherlands,NA,North Holland,2813466,21,0,7005,810
2020-06-15,Netherlands,NA,North Holland,2813466,24,0,7029,810
2020-06-16,Netherlands,NA,North Holland,2813466,29,0,7058,810
2020-06-17,Netherlands,NA,North Holland,2813466,23,3,7081,813
2020-06-18,Netherlands,NA,North Holland,2813466,25,1,7106,814
2020-06-19,Netherlands,NA,North Holland,2813466,11,0,7117,814
2020-06-20,Netherlands,NA,North Holland,2813466,10,0,7127,814
2020-06-21,Netherlands,NA,North Holland,2813466,5,0,7132,814
2020-06-22,Netherlands,NA,North Holland,2813466,7,0,7139,814
2020-06-23,Netherlands,NA,North Holland,2813466,12,1,7151,815
2020-06-24,Netherlands,NA,North Holland,2813466,17,1,7168,816
2020-06-25,Netherlands,NA,North Holland,2813466,10,0,7178,816
2020-06-26,Netherlands,NA,North Holland,2813466,16,0,7194,816
2020-06-27,Netherlands,NA,North Holland,2813466,15,0,7209,816
2020-06-28,Netherlands,NA,North Holland,2813466,11,0,7220,816
2020-06-29,Netherlands,NA,North Holland,2813466,9,0,7229,816
2020-06-30,Netherlands,NA,North Holland,2813466,10,0,7239,816
2020-07-01,Netherlands,NA,North Holland,2813466,12,0,7251,816
2020-07-02,Netherlands,NA,North Holland,2813466,19,0,7270,816
2020-07-03,Netherlands,NA,North Holland,2813466,20,0,7290,816
2020-07-04,Netherlands,NA,North Holland,2813466,12,0,7302,816
2020-07-05,Netherlands,NA,North Holland,2813466,10,0,7312,816
2020-07-06,Netherlands,NA,North Holland,2813466,5,0,7317,816
2020-07-07,Netherlands,NA,North Holland,2813466,7,0,7324,816
2020-07-08,Netherlands,NA,North Holland,2813466,12,0,7336,816
2020-07-09,Netherlands,NA,North Holland,2813466,7,1,7343,817
2020-07-10,Netherlands,NA,North Holland,2813466,13,1,7356,818
2020-07-11,Netherlands,NA,North Holland,2813466,13,0,7369,818
2020-07-12,Netherlands,NA,North Holland,2813466,9,0,7378,818
2020-07-13,Netherlands,NA,North Holland,2813466,16,0,7394,818
2020-07-14,Netherlands,NA,North Holland,2813466,8,0,7402,817
2020-07-15,Netherlands,NA,North Holland,2813466,14,0,7416,817
2020-07-16,Netherlands,NA,North Holland,2813466,24,0,7440,817
2020-07-17,Netherlands,NA,North Holland,2813466,19,0,7459,817
2020-07-18,Netherlands,NA,North Holland,2813466,20,0,7479,814
2020-07-19,Netherlands,NA,North Holland,2813466,44,0,7523,814
2020-07-20,Netherlands,NA,North Holland,2813466,35,0,7558,814
2020-07-21,Netherlands,NA,North Holland,2813466,34,0,7592,814
2020-07-22,Netherlands,NA,North Holland,2813466,36,1,7628,815
2020-07-23,Netherlands,NA,North Holland,2813466,31,0,7659,815
2020-07-24,Netherlands,NA,North Holland,2813466,41,0,7700,815
2020-07-25,Netherlands,NA,North Holland,2813466,31,0,7731,815
2020-07-26,Netherlands,NA,North Holland,2813466,46,0,7777,815
2020-07-27,Netherlands,NA,North Holland,2813466,61,0,7838,815
2020-07-28,Netherlands,NA,North Holland,2813466,49,0,7887,815
2020-07-29,Netherlands,NA,North Holland,2813466,43,0,7930,815
2020-07-30,Netherlands,NA,North Holland,2813466,96,0,8026,815
2020-07-31,Netherlands,NA,North Holland,2813466,72,0,8098,815
2020-08-01,Netherlands,NA,North Holland,2813466,95,0,8193,815
2020-08-02,Netherlands,NA,North Holland,2813466,58,0,8251,815
2020-08-03,Netherlands,NA,North Holland,2813466,72,0,8323,815
2020-08-04,Netherlands,NA,North Holland,2813466,178,0,8501,815
2020-08-05,Netherlands,NA,North Holland,2813466,89,0,8590,815
2020-08-06,Netherlands,NA,North Holland,2813466,201,0,8791,815
2020-08-07,Netherlands,NA,North Holland,2813466,115,0,8906,815
2020-08-08,Netherlands,NA,North Holland,2813466,134,1,9040,816
2020-08-09,Netherlands,NA,North Holland,2813466,128,0,9168,816
2020-08-10,Netherlands,NA,North Holland,2813466,210,0,9378,816
2020-08-11,Netherlands,NA,North Holland,2813466,185,0,9563,816
2020-08-12,Netherlands,NA,North Holland,2813466,154,0,9717,816
2020-08-13,Netherlands,NA,North Holland,2813466,120,3,9837,819
2020-08-14,Netherlands,NA,North Holland,2813466,194,1,10031,820
2020-08-15,Netherlands,NA,North Holland,2813466,194,0,10225,820
2020-08-16,Netherlands,NA,North Holland,2813466,130,0,10355,820
2020-08-17,Netherlands,NA,North Holland,2813466,162,0,10517,820
2020-08-18,Netherlands,NA,North Holland,2813466,157,2,10674,822
2020-08-19,Netherlands,NA,North Holland,2813466,156,1,10830,823
2020-08-20,Netherlands,NA,North Holland,2813466,166,0,10996,823
2020-08-21,Netherlands,NA,North Holland,2813466,140,0,11136,823
2020-08-22,Netherlands,NA,North Holland,2813466,88,0,11224,823
2020-08-23,Netherlands,NA,North Holland,2813466,105,0,11329,823
2020-08-24,Netherlands,NA,North Holland,2813466,168,2,11497,825
2020-08-25,Netherlands,NA,North Holland,2813466,142,0,11639,825
2020-08-26,Netherlands,NA,North Holland,2813466,132,0,11771,825
2020-08-27,Netherlands,NA,North Holland,2813466,132,0,11903,825
2020-08-28,Netherlands,NA,North Holland,2813466,133,1,12036,826
2020-08-29,Netherlands,NA,North Holland,2813466,127,1,12163,827
2020-08-30,Netherlands,NA,North Holland,2813466,101,0,12264,827
2020-08-31,Netherlands,NA,North Holland,2813466,160,0,12424,827
2020-03-20,Netherlands,NA,Overijssel,1142360,57,1,130,2
2020-03-21,Netherlands,NA,Overijssel,1142360,31,2,161,4
2020-03-22,Netherlands,NA,Overijssel,1142360,27,2,188,6
2020-03-23,Netherlands,NA,Overijssel,1142360,29,2,217,8
2020-03-24,Netherlands,NA,Overijssel,1142360,31,3,248,11
2020-03-25,Netherlands,NA,Overijssel,1142360,69,3,317,14
2020-03-26,Netherlands,NA,Overijssel,1142360,71,4,388,18
2020-03-27,Netherlands,NA,Overijssel,1142360,58,4,446,22
2020-03-28,Netherlands,NA,Overijssel,1142360,69,10,515,32
2020-03-29,Netherlands,NA,Overijssel,1142360,73,5,588,37
2020-03-30,Netherlands,NA,Overijssel,1142360,57,2,645,39
2020-03-31,Netherlands,NA,Overijssel,1142360,41,11,686,50
2020-04-01,Netherlands,NA,Overijssel,1142360,78,12,764,62
2020-04-02,Netherlands,NA,Overijssel,1142360,87,10,851,72
2020-04-03,Netherlands,NA,Overijssel,1142360,77,8,928,80
2020-04-04,Netherlands,NA,Overijssel,1142360,110,16,1038,96
2020-04-05,Netherlands,NA,Overijssel,1142360,79,3,1117,99
2020-04-06,Netherlands,NA,Overijssel,1142360,75,13,1192,112
2020-04-07,Netherlands,NA,Overijssel,1142360,66,14,1258,126
2020-04-08,Netherlands,NA,Overijssel,1142360,67,4,1325,130
2020-04-09,Netherlands,NA,Overijssel,1142360,77,2,1402,132
2020-04-10,Netherlands,NA,Overijssel,1142360,191,9,1593,141
2020-04-11,Netherlands,NA,Overijssel,1142360,95,8,1688,149
2020-04-12,Netherlands,NA,Overijssel,1142360,73,5,1761,154
2020-04-13,Netherlands,NA,Overijssel,1142360,56,5,1817,159
2020-04-14,Netherlands,NA,Overijssel,1142360,57,4,1874,163
2020-04-15,Netherlands,NA,Overijssel,1142360,51,9,1925,172
2020-04-16,Netherlands,NA,Overijssel,1142360,90,7,2015,179
2020-04-17,Netherlands,NA,Overijssel,1142360,115,6,2130,185
2020-04-18,Netherlands,NA,Overijssel,1142360,57,4,2187,189
2020-04-19,Netherlands,NA,Overijssel,1142360,75,1,2262,190
2020-04-20,Netherlands,NA,Overijssel,1142360,48,2,2310,192
2020-04-21,Netherlands,NA,Overijssel,1142360,64,13,2374,205
2020-04-22,Netherlands,NA,Overijssel,1142360,37,7,2411,212
2020-04-23,Netherlands,NA,Overijssel,1142360,61,6,2472,218
2020-04-24,Netherlands,NA,Overijssel,1142360,48,5,2520,223
2020-04-25,Netherlands,NA,Overijssel,1142360,38,15,2558,238
2020-04-26,Netherlands,NA,Overijssel,1142360,46,5,2604,243
2020-04-27,Netherlands,NA,Overijssel,1142360,9,0,2613,243
2020-04-28,Netherlands,NA,Overijssel,1142360,5,3,2618,246
2020-04-29,Netherlands,NA,Overijssel,1142360,30,2,2648,248
2020-04-30,Netherlands,NA,Overijssel,1142360,39,3,2687,251
2020-05-01,Netherlands,NA,Overijssel,1142360,18,20,2705,271
2020-05-02,Netherlands,NA,Overijssel,1142360,27,0,2732,271
2020-05-03,Netherlands,NA,Overijssel,1142360,19,0,2751,271
2020-05-04,Netherlands,NA,Overijssel,1142360,12,1,2763,272
2020-05-05,Netherlands,NA,Overijssel,1142360,17,5,2780,277
2020-05-06,Netherlands,NA,Overijssel,1142360,9,1,2789,278
2020-05-07,Netherlands,NA,Overijssel,1142360,18,1,2807,279
2020-05-08,Netherlands,NA,Overijssel,1142360,21,2,2828,281
2020-05-09,Netherlands,NA,Overijssel,1142360,17,2,2845,283
2020-05-10,Netherlands,NA,Overijssel,1142360,7,1,2852,284
2020-05-11,Netherlands,NA,Overijssel,1142360,0,1,2846,285
2020-05-12,Netherlands,NA,Overijssel,1142360,12,2,2858,287
2020-05-13,Netherlands,NA,Overijssel,1142360,13,3,2871,290
2020-05-14,Netherlands,NA,Overijssel,1142360,12,2,2883,292
2020-05-15,Netherlands,NA,Overijssel,1142360,6,1,2889,293
2020-05-16,Netherlands,NA,Overijssel,1142360,11,0,2900,293
2020-05-17,Netherlands,NA,Overijssel,1142360,4,0,2904,293
2020-05-18,Netherlands,NA,Overijssel,1142360,1,1,2905,294
2020-05-19,Netherlands,NA,Overijssel,1142360,6,0,2911,294
2020-05-20,Netherlands,NA,Overijssel,1142360,8,4,2919,298
2020-05-21,Netherlands,NA,Overijssel,1142360,8,1,2927,299
2020-05-22,Netherlands,NA,Overijssel,1142360,7,0,2934,299
2020-05-23,Netherlands,NA,Overijssel,1142360,9,1,2943,300
2020-05-24,Netherlands,NA,Overijssel,1142360,7,0,2950,300
2020-05-25,Netherlands,NA,Overijssel,1142360,5,2,2955,302
2020-05-26,Netherlands,NA,Overijssel,1142360,6,0,2961,302
2020-05-27,Netherlands,NA,Overijssel,1142360,6,0,2967,302
2020-05-28,Netherlands,NA,Overijssel,1142360,5,2,2972,304
2020-05-29,Netherlands,NA,Overijssel,1142360,2,3,2974,307
2020-05-30,Netherlands,NA,Overijssel,1142360,3,0,2977,307
2020-05-31,Netherlands,NA,Overijssel,1142360,4,0,2981,307
2020-06-01,Netherlands,NA,Overijssel,1142360,1,0,2982,307
2020-06-02,Netherlands,NA,Overijssel,1142360,0,0,2982,307
2020-06-03,Netherlands,NA,Overijssel,1142360,0,0,2982,306
2020-06-04,Netherlands,NA,Overijssel,1142360,5,1,2987,307
2020-06-05,Netherlands,NA,Overijssel,1142360,4,0,2991,307
2020-06-06,Netherlands,NA,Overijssel,1142360,7,0,2998,307
2020-06-07,Netherlands,NA,Overijssel,1142360,4,0,3002,307
2020-06-08,Netherlands,NA,Overijssel,1142360,4,0,3006,307
2020-06-09,Netherlands,NA,Overijssel,1142360,4,0,3010,307
2020-06-10,Netherlands,NA,Overijssel,1142360,4,1,3014,308
2020-06-11,Netherlands,NA,Overijssel,1142360,2,0,3016,308
2020-06-12,Netherlands,NA,Overijssel,1142360,1,0,3017,308
2020-06-13,Netherlands,NA,Overijssel,1142360,0,0,3016,308
2020-06-14,Netherlands,NA,Overijssel,1142360,9,0,3025,308
2020-06-15,Netherlands,NA,Overijssel,1142360,12,0,3037,308
2020-06-16,Netherlands,NA,Overijssel,1142360,6,0,3043,308
2020-06-17,Netherlands,NA,Overijssel,1142360,1,0,3044,308
2020-06-18,Netherlands,NA,Overijssel,1142360,3,0,3047,308
2020-06-19,Netherlands,NA,Overijssel,1142360,4,0,3051,308
2020-06-20,Netherlands,NA,Overijssel,1142360,4,0,3055,308
2020-06-21,Netherlands,NA,Overijssel,1142360,13,0,3068,308
2020-06-22,Netherlands,NA,Overijssel,1142360,5,0,3073,308
2020-06-23,Netherlands,NA,Overijssel,1142360,1,0,3074,308
2020-06-24,Netherlands,NA,Overijssel,1142360,3,0,3077,308
2020-06-25,Netherlands,NA,Overijssel,1142360,2,0,3079,308
2020-06-26,Netherlands,NA,Overijssel,1142360,5,1,3084,309
2020-06-27,Netherlands,NA,Overijssel,1142360,1,0,3085,309
2020-06-28,Netherlands,NA,Overijssel,1142360,6,0,3091,309
2020-06-29,Netherlands,NA,Overijssel,1142360,4,0,3095,309
2020-06-30,Netherlands,NA,Overijssel,1142360,3,0,3098,309
2020-07-01,Netherlands,NA,Overijssel,1142360,2,0,3100,309
2020-07-02,Netherlands,NA,Overijssel,1142360,2,0,3102,309
2020-07-03,Netherlands,NA,Overijssel,1142360,5,0,3107,309
2020-07-04,Netherlands,NA,Overijssel,1142360,0,1,3107,310
2020-07-05,Netherlands,NA,Overijssel,1142360,3,0,3110,310
2020-07-06,Netherlands,NA,Overijssel,1142360,1,0,3111,310
2020-07-07,Netherlands,NA,Overijssel,1142360,4,0,3115,310
2020-07-08,Netherlands,NA,Overijssel,1142360,2,0,3117,310
2020-07-09,Netherlands,NA,Overijssel,1142360,0,0,3114,310
2020-07-10,Netherlands,NA,Overijssel,1142360,2,0,3116,310
2020-07-11,Netherlands,NA,Overijssel,1142360,4,1,3120,311
2020-07-12,Netherlands,NA,Overijssel,1142360,4,0,3124,311
2020-07-13,Netherlands,NA,Overijssel,1142360,1,0,3125,311
2020-07-14,Netherlands,NA,Overijssel,1142360,1,0,3126,311
2020-07-15,Netherlands,NA,Overijssel,1142360,5,0,3131,311
2020-07-16,Netherlands,NA,Overijssel,1142360,2,0,3133,311
2020-07-17,Netherlands,NA,Overijssel,1142360,4,0,3137,311
2020-07-18,Netherlands,NA,Overijssel,1142360,2,0,3139,311
2020-07-19,Netherlands,NA,Overijssel,1142360,4,0,3143,311
2020-07-20,Netherlands,NA,Overijssel,1142360,10,0,3153,311
2020-07-21,Netherlands,NA,Overijssel,1142360,3,0,3156,311
2020-07-22,Netherlands,NA,Overijssel,1142360,4,0,3160,311
2020-07-23,Netherlands,NA,Overijssel,1142360,0,0,3160,311
2020-07-24,Netherlands,NA,Overijssel,1142360,1,0,3161,311
2020-07-25,Netherlands,NA,Overijssel,1142360,2,0,3163,311
2020-07-26,Netherlands,NA,Overijssel,1142360,1,0,3164,311
2020-07-27,Netherlands,NA,Overijssel,1142360,4,0,3168,311
2020-07-28,Netherlands,NA,Overijssel,1142360,0,0,3168,311
2020-07-29,Netherlands,NA,Overijssel,1142360,6,0,3174,311
2020-07-30,Netherlands,NA,Overijssel,1142360,0,0,3174,311
2020-07-31,Netherlands,NA,Overijssel,1142360,3,0,3177,311
2020-08-01,Netherlands,NA,Overijssel,1142360,7,0,3184,311
2020-08-02,Netherlands,NA,Overijssel,1142360,3,0,3187,311
2020-08-03,Netherlands,NA,Overijssel,1142360,7,0,3194,311
2020-08-04,Netherlands,NA,Overijssel,1142360,3,0,3197,311
2020-08-05,Netherlands,NA,Overijssel,1142360,5,0,3202,311
2020-08-06,Netherlands,NA,Overijssel,1142360,11,0,3213,311
2020-08-07,Netherlands,NA,Overijssel,1142360,12,0,3225,311
2020-08-08,Netherlands,NA,Overijssel,1142360,10,0,3235,311
2020-08-09,Netherlands,NA,Overijssel,1142360,5,0,3240,311
2020-08-10,Netherlands,NA,Overijssel,1142360,8,0,3248,311
2020-08-11,Netherlands,NA,Overijssel,1142360,7,0,3255,311
2020-08-12,Netherlands,NA,Overijssel,1142360,14,0,3269,311
2020-08-13,Netherlands,NA,Overijssel,1142360,15,0,3284,311
2020-08-14,Netherlands,NA,Overijssel,1142360,17,0,3301,311
2020-08-15,Netherlands,NA,Overijssel,1142360,7,0,3308,311
2020-08-16,Netherlands,NA,Overijssel,1142360,11,0,3319,311
2020-08-17,Netherlands,NA,Overijssel,1142360,9,0,3328,311
2020-08-18,Netherlands,NA,Overijssel,1142360,15,0,3343,311
2020-08-19,Netherlands,NA,Overijssel,1142360,8,0,3351,311
2020-08-20,Netherlands,NA,Overijssel,1142360,18,1,3369,312
2020-08-21,Netherlands,NA,Overijssel,1142360,24,0,3393,312
2020-08-22,Netherlands,NA,Overijssel,1142360,15,0,3408,312
2020-08-23,Netherlands,NA,Overijssel,1142360,13,0,3421,312
2020-08-24,Netherlands,NA,Overijssel,1142360,12,0,3433,312
2020-08-25,Netherlands,NA,Overijssel,1142360,5,0,3438,312
2020-08-26,Netherlands,NA,Overijssel,1142360,16,2,3454,314
2020-08-27,Netherlands,NA,Overijssel,1142360,6,0,3460,314
2020-08-28,Netherlands,NA,Overijssel,1142360,7,0,3467,314
2020-08-29,Netherlands,NA,Overijssel,1142360,13,0,3480,314
2020-08-30,Netherlands,NA,Overijssel,1142360,12,0,3492,314
2020-08-31,Netherlands,NA,Overijssel,1142360,10,0,3502,314
2020-03-15,Netherlands,NA,South Holland,3577032,15,0,110,0
2020-03-16,Netherlands,NA,South Holland,3577032,26,0,136,0
2020-03-17,Netherlands,NA,South Holland,3577032,39,0,175,0
2020-03-18,Netherlands,NA,South Holland,3577032,57,0,232,0
2020-03-19,Netherlands,NA,South Holland,3577032,71,0,303,0
2020-03-20,Netherlands,NA,South Holland,3577032,222,2,525,2
2020-03-21,Netherlands,NA,South Holland,3577032,0,2,479,4
2020-03-22,Netherlands,NA,South Holland,3577032,99,2,578,6
2020-03-23,Netherlands,NA,South Holland,3577032,62,3,640,9
2020-03-24,Netherlands,NA,South Holland,3577032,109,2,749,11
2020-03-25,Netherlands,NA,South Holland,3577032,130,4,879,15
2020-03-26,Netherlands,NA,South Holland,3577032,153,5,1032,20
2020-03-27,Netherlands,NA,South Holland,3577032,205,7,1237,27
2020-03-28,Netherlands,NA,South Holland,3577032,259,10,1496,37
2020-03-29,Netherlands,NA,South Holland,3577032,154,13,1650,50
2020-03-30,Netherlands,NA,South Holland,3577032,143,7,1793,57
2020-03-31,Netherlands,NA,South Holland,3577032,139,6,1932,63
2020-04-01,Netherlands,NA,South Holland,3577032,248,19,2180,82
2020-04-02,Netherlands,NA,South Holland,3577032,222,12,2402,94
2020-04-03,Netherlands,NA,South Holland,3577032,203,27,2605,121
2020-04-04,Netherlands,NA,South Holland,3577032,200,16,2805,137
2020-04-05,Netherlands,NA,South Holland,3577032,288,13,3093,150
2020-04-06,Netherlands,NA,South Holland,3577032,244,22,3337,172
2020-04-07,Netherlands,NA,South Holland,3577032,139,37,3476,209
2020-04-08,Netherlands,NA,South Holland,3577032,244,16,3720,225
2020-04-09,Netherlands,NA,South Holland,3577032,312,26,4032,251
2020-04-10,Netherlands,NA,South Holland,3577032,215,32,4247,283
2020-04-11,Netherlands,NA,South Holland,3577032,405,28,4652,311
2020-04-12,Netherlands,NA,South Holland,3577032,223,12,4875,323
2020-04-13,Netherlands,NA,South Holland,3577032,255,20,5130,343
2020-04-14,Netherlands,NA,South Holland,3577032,141,19,5271,362
2020-04-15,Netherlands,NA,South Holland,3577032,195,36,5466,398
2020-04-16,Netherlands,NA,South Holland,3577032,272,50,5738,448
2020-04-17,Netherlands,NA,South Holland,3577032,264,44,6002,492
2020-04-18,Netherlands,NA,South Holland,3577032,301,35,6303,527
2020-04-19,Netherlands,NA,South Holland,3577032,262,24,6565,551
2020-04-20,Netherlands,NA,South Holland,3577032,139,9,6704,560
2020-04-21,Netherlands,NA,South Holland,3577032,143,39,6847,599
2020-04-22,Netherlands,NA,South Holland,3577032,170,41,7017,640
2020-04-23,Netherlands,NA,South Holland,3577032,210,34,7227,674
2020-04-24,Netherlands,NA,South Holland,3577032,172,36,7399,710
2020-04-25,Netherlands,NA,South Holland,3577032,187,30,7586,740
2020-04-26,Netherlands,NA,South Holland,3577032,140,9,7726,749
2020-04-27,Netherlands,NA,South Holland,3577032,94,13,7820,762
2020-04-28,Netherlands,NA,South Holland,3577032,19,11,7839,773
2020-04-29,Netherlands,NA,South Holland,3577032,94,56,7933,829
2020-04-30,Netherlands,NA,South Holland,3577032,139,24,8072,853
2020-05-01,Netherlands,NA,South Holland,3577032,116,36,8188,889
2020-05-02,Netherlands,NA,South Holland,3577032,93,31,8281,920
2020-05-03,Netherlands,NA,South Holland,3577032,89,14,8370,934
2020-05-04,Netherlands,NA,South Holland,3577032,31,4,8401,938
2020-05-05,Netherlands,NA,South Holland,3577032,82,29,8483,967
2020-05-06,Netherlands,NA,South Holland,3577032,55,9,8538,976
2020-05-07,Netherlands,NA,South Holland,3577032,97,26,8635,1002
2020-05-08,Netherlands,NA,South Holland,3577032,84,38,8719,1040
2020-05-09,Netherlands,NA,South Holland,3577032,84,13,8803,1053
2020-05-10,Netherlands,NA,South Holland,3577032,69,2,8872,1055
2020-05-11,Netherlands,NA,South Holland,3577032,46,3,8918,1058
2020-05-12,Netherlands,NA,South Holland,3577032,61,19,8979,1077
2020-05-13,Netherlands,NA,South Holland,3577032,96,15,9075,1092
2020-05-14,Netherlands,NA,South Holland,3577032,86,4,9161,1096
2020-05-15,Netherlands,NA,South Holland,3577032,56,15,9217,1111
2020-05-16,Netherlands,NA,South Holland,3577032,56,14,9273,1125
2020-05-17,Netherlands,NA,South Holland,3577032,36,0,9309,1125
2020-05-18,Netherlands,NA,South Holland,3577032,64,2,9373,1127
2020-05-19,Netherlands,NA,South Holland,3577032,35,13,9408,1140
2020-05-20,Netherlands,NA,South Holland,3577032,59,16,9467,1156
2020-05-21,Netherlands,NA,South Holland,3577032,87,15,9554,1171
2020-05-22,Netherlands,NA,South Holland,3577032,50,0,9604,1171
2020-05-23,Netherlands,NA,South Holland,3577032,37,13,9641,1184
2020-05-24,Netherlands,NA,South Holland,3577032,45,3,9686,1187
2020-05-25,Netherlands,NA,South Holland,3577032,50,1,9736,1188
2020-05-26,Netherlands,NA,South Holland,3577032,31,11,9767,1199
2020-05-27,Netherlands,NA,South Holland,3577032,64,6,9831,1205
2020-05-28,Netherlands,NA,South Holland,3577032,39,7,9870,1212
2020-05-29,Netherlands,NA,South Holland,3577032,41,15,9911,1227
2020-05-30,Netherlands,NA,South Holland,3577032,28,10,9939,1237
2020-05-31,Netherlands,NA,South Holland,3577032,31,1,9970,1238
2020-06-01,Netherlands,NA,South Holland,3577032,32,0,10002,1238
2020-06-02,Netherlands,NA,South Holland,3577032,23,1,10025,1239
2020-06-03,Netherlands,NA,South Holland,3577032,30,6,10055,1245
2020-06-04,Netherlands,NA,South Holland,3577032,67,3,10122,1248
2020-06-05,Netherlands,NA,South Holland,3577032,61,6,10183,1254
2020-06-06,Netherlands,NA,South Holland,3577032,68,4,10251,1258
2020-06-07,Netherlands,NA,South Holland,3577032,58,0,10309,1258
2020-06-08,Netherlands,NA,South Holland,3577032,38,0,10347,1258
2020-06-09,Netherlands,NA,South Holland,3577032,74,8,10421,1266
2020-06-10,Netherlands,NA,South Holland,3577032,50,6,10471,1272
2020-06-11,Netherlands,NA,South Holland,3577032,57,0,10528,1271
2020-06-12,Netherlands,NA,South Holland,3577032,83,2,10611,1273
2020-06-13,Netherlands,NA,South Holland,3577032,53,2,10664,1275
2020-06-14,Netherlands,NA,South Holland,3577032,41,0,10705,1275
2020-06-15,Netherlands,NA,South Holland,3577032,44,0,10749,1275
2020-06-16,Netherlands,NA,South Holland,3577032,48,3,10797,1278
2020-06-17,Netherlands,NA,South Holland,3577032,40,0,10837,1278
2020-06-18,Netherlands,NA,South Holland,3577032,48,2,10885,1280
2020-06-19,Netherlands,NA,South Holland,3577032,34,0,10919,1280
2020-06-20,Netherlands,NA,South Holland,3577032,36,5,10955,1285
2020-06-21,Netherlands,NA,South Holland,3577032,25,0,10980,1285
2020-06-22,Netherlands,NA,South Holland,3577032,25,0,11005,1285
2020-06-23,Netherlands,NA,South Holland,3577032,24,2,11029,1287
2020-06-24,Netherlands,NA,South Holland,3577032,25,1,11054,1288
2020-06-25,Netherlands,NA,South Holland,3577032,41,1,11095,1289
2020-06-26,Netherlands,NA,South Holland,3577032,38,0,11133,1289
2020-06-27,Netherlands,NA,South Holland,3577032,24,1,11157,1290
2020-06-28,Netherlands,NA,South Holland,3577032,36,0,11193,1290
2020-06-29,Netherlands,NA,South Holland,3577032,35,1,11228,1291
2020-06-30,Netherlands,NA,South Holland,3577032,27,2,11255,1293
2020-07-01,Netherlands,NA,South Holland,3577032,25,1,11280,1294
2020-07-02,Netherlands,NA,South Holland,3577032,32,1,11312,1295
2020-07-03,Netherlands,NA,South Holland,3577032,28,0,11340,1295
2020-07-04,Netherlands,NA,South Holland,3577032,22,1,11362,1296
2020-07-05,Netherlands,NA,South Holland,3577032,27,0,11389,1296
2020-07-06,Netherlands,NA,South Holland,3577032,23,1,11412,1297
2020-07-07,Netherlands,NA,South Holland,3577032,10,3,11422,1300
2020-07-08,Netherlands,NA,South Holland,3577032,18,2,11440,1302
2020-07-09,Netherlands,NA,South Holland,3577032,23,0,11463,1302
2020-07-10,Netherlands,NA,South Holland,3577032,18,0,11481,1302
2020-07-11,Netherlands,NA,South Holland,3577032,35,0,11516,1302
2020-07-12,Netherlands,NA,South Holland,3577032,49,0,11565,1302
2020-07-13,Netherlands,NA,South Holland,3577032,25,0,11590,1302
2020-07-14,Netherlands,NA,South Holland,3577032,52,0,11642,1302
2020-07-15,Netherlands,NA,South Holland,3577032,48,1,11690,1303
2020-07-16,Netherlands,NA,South Holland,3577032,45,1,11735,1304
2020-07-17,Netherlands,NA,South Holland,3577032,51,1,11786,1305
2020-07-18,Netherlands,NA,South Holland,3577032,48,0,11834,1305
2020-07-19,Netherlands,NA,South Holland,3577032,52,0,11886,1305
2020-07-20,Netherlands,NA,South Holland,3577032,73,0,11959,1305
2020-07-21,Netherlands,NA,South Holland,3577032,80,0,12039,1304
2020-07-22,Netherlands,NA,South Holland,3577032,73,2,12112,1306
2020-07-23,Netherlands,NA,South Holland,3577032,92,0,12204,1306
2020-07-24,Netherlands,NA,South Holland,3577032,102,0,12306,1306
2020-07-25,Netherlands,NA,South Holland,3577032,46,1,12352,1307
2020-07-26,Netherlands,NA,South Holland,3577032,98,0,12450,1307
2020-07-27,Netherlands,NA,South Holland,3577032,90,0,12540,1307
2020-07-28,Netherlands,NA,South Holland,3577032,110,2,12650,1309
2020-07-29,Netherlands,NA,South Holland,3577032,108,1,12758,1310
2020-07-30,Netherlands,NA,South Holland,3577032,146,0,12904,1310
2020-07-31,Netherlands,NA,South Holland,3577032,156,0,13060,1310
2020-08-01,Netherlands,NA,South Holland,3577032,202,1,13262,1311
2020-08-02,Netherlands,NA,South Holland,3577032,185,0,13447,1311
2020-08-03,Netherlands,NA,South Holland,3577032,195,0,13642,1311
2020-08-04,Netherlands,NA,South Holland,3577032,195,0,13837,1311
2020-08-05,Netherlands,NA,South Holland,3577032,215,1,14052,1312
2020-08-06,Netherlands,NA,South Holland,3577032,236,0,14288,1312
2020-08-07,Netherlands,NA,South Holland,3577032,220,0,14508,1312
2020-08-08,Netherlands,NA,South Holland,3577032,183,0,14691,1312
2020-08-09,Netherlands,NA,South Holland,3577032,240,0,14931,1312
2020-08-10,Netherlands,NA,South Holland,3577032,253,0,15184,1312
2020-08-11,Netherlands,NA,South Holland,3577032,287,1,15471,1313
2020-08-12,Netherlands,NA,South Holland,3577032,294,1,15765,1314
2020-08-13,Netherlands,NA,South Holland,3577032,247,0,16012,1314
2020-08-14,Netherlands,NA,South Holland,3577032,227,1,16239,1315
2020-08-15,Netherlands,NA,South Holland,3577032,267,1,16506,1316
2020-08-16,Netherlands,NA,South Holland,3577032,168,2,16674,1318
2020-08-17,Netherlands,NA,South Holland,3577032,155,0,16829,1318
2020-08-18,Netherlands,NA,South Holland,3577032,160,0,16989,1318
2020-08-19,Netherlands,NA,South Holland,3577032,187,4,17176,1322
2020-08-20,Netherlands,NA,South Holland,3577032,179,9,17355,1331
2020-08-21,Netherlands,NA,South Holland,3577032,162,4,17517,1335
2020-08-22,Netherlands,NA,South Holland,3577032,191,2,17708,1337
2020-08-23,Netherlands,NA,South Holland,3577032,127,0,17835,1337
2020-08-24,Netherlands,NA,South Holland,3577032,185,0,18020,1337
2020-08-25,Netherlands,NA,South Holland,3577032,98,2,18118,1339
2020-08-26,Netherlands,NA,South Holland,3577032,204,2,18322,1341
2020-08-27,Netherlands,NA,South Holland,3577032,160,2,18482,1343
2020-08-28,Netherlands,NA,South Holland,3577032,154,0,18636,1343
2020-08-29,Netherlands,NA,South Holland,3577032,138,1,18774,1344
2020-08-30,Netherlands,NA,South Holland,3577032,206,0,18980,1344
2020-08-31,Netherlands,NA,South Holland,3577032,165,0,19145,1344
2020-03-15,Netherlands,NA,Utrecht,1253672,22,0,109,0
2020-03-16,Netherlands,NA,Utrecht,1253672,31,0,140,0
2020-03-17,Netherlands,NA,Utrecht,1253672,33,0,173,0
2020-03-18,Netherlands,NA,Utrecht,1253672,24,1,197,1
2020-03-19,Netherlands,NA,Utrecht,1253672,40,0,237,1
2020-03-20,Netherlands,NA,Utrecht,1253672,101,1,338,2
2020-03-21,Netherlands,NA,Utrecht,1253672,0,3,315,5
2020-03-22,Netherlands,NA,Utrecht,1253672,31,1,346,6
2020-03-23,Netherlands,NA,Utrecht,1253672,57,0,403,6
2020-03-24,Netherlands,NA,Utrecht,1253672,59,4,462,10
2020-03-25,Netherlands,NA,Utrecht,1253672,89,3,551,13
2020-03-26,Netherlands,NA,Utrecht,1253672,83,5,634,18
2020-03-27,Netherlands,NA,Utrecht,1253672,89,10,723,28
2020-03-28,Netherlands,NA,Utrecht,1253672,82,4,805,32
2020-03-29,Netherlands,NA,Utrecht,1253672,83,9,888,41
2020-03-30,Netherlands,NA,Utrecht,1253672,74,1,962,42
2020-03-31,Netherlands,NA,Utrecht,1253672,62,10,1024,52
2020-04-01,Netherlands,NA,Utrecht,1253672,64,8,1088,60
2020-04-02,Netherlands,NA,Utrecht,1253672,94,15,1182,75
2020-04-03,Netherlands,NA,Utrecht,1253672,69,14,1251,89
2020-04-04,Netherlands,NA,Utrecht,1253672,60,11,1311,100
2020-04-05,Netherlands,NA,Utrecht,1253672,97,12,1408,112
2020-04-06,Netherlands,NA,Utrecht,1253672,53,9,1461,121
2020-04-07,Netherlands,NA,Utrecht,1253672,51,14,1512,135
2020-04-08,Netherlands,NA,Utrecht,1253672,72,9,1584,144
2020-04-09,Netherlands,NA,Utrecht,1253672,58,11,1642,155
2020-04-10,Netherlands,NA,Utrecht,1253672,60,9,1702,164
2020-04-11,Netherlands,NA,Utrecht,1253672,55,9,1757,173
2020-04-12,Netherlands,NA,Utrecht,1253672,76,8,1833,181
2020-04-13,Netherlands,NA,Utrecht,1253672,70,9,1903,190
2020-04-14,Netherlands,NA,Utrecht,1253672,66,17,1969,207
2020-04-15,Netherlands,NA,Utrecht,1253672,68,16,2037,223
2020-04-16,Netherlands,NA,Utrecht,1253672,65,8,2102,231
2020-04-17,Netherlands,NA,Utrecht,1253672,69,9,2171,240
2020-04-18,Netherlands,NA,Utrecht,1253672,66,10,2237,250
2020-04-19,Netherlands,NA,Utrecht,1253672,57,6,2294,256
2020-04-20,Netherlands,NA,Utrecht,1253672,46,9,2340,265
2020-04-21,Netherlands,NA,Utrecht,1253672,54,14,2394,279
2020-04-22,Netherlands,NA,Utrecht,1253672,48,8,2442,287
2020-04-23,Netherlands,NA,Utrecht,1253672,63,10,2505,297
2020-04-24,Netherlands,NA,Utrecht,1253672,67,2,2572,299
2020-04-25,Netherlands,NA,Utrecht,1253672,43,6,2615,305
2020-04-26,Netherlands,NA,Utrecht,1253672,69,4,2684,309
2020-04-27,Netherlands,NA,Utrecht,1253672,28,6,2712,315
2020-04-28,Netherlands,NA,Utrecht,1253672,25,3,2737,318
2020-04-29,Netherlands,NA,Utrecht,1253672,22,7,2759,325
2020-04-30,Netherlands,NA,Utrecht,1253672,43,10,2802,335
2020-05-01,Netherlands,NA,Utrecht,1253672,37,3,2839,338
2020-05-02,Netherlands,NA,Utrecht,1253672,30,9,2869,347
2020-05-03,Netherlands,NA,Utrecht,1253672,25,3,2894,350
2020-05-04,Netherlands,NA,Utrecht,1253672,19,1,2913,351
2020-05-05,Netherlands,NA,Utrecht,1253672,50,7,2963,358
2020-05-06,Netherlands,NA,Utrecht,1253672,6,2,2969,360
2020-05-07,Netherlands,NA,Utrecht,1253672,167,5,3136,365
2020-05-08,Netherlands,NA,Utrecht,1253672,22,5,3158,370
2020-05-09,Netherlands,NA,Utrecht,1253672,26,1,3184,371
2020-05-10,Netherlands,NA,Utrecht,1253672,25,1,3209,372
2020-05-11,Netherlands,NA,Utrecht,1253672,11,4,3220,376
2020-05-12,Netherlands,NA,Utrecht,1253672,11,2,3231,378
2020-05-13,Netherlands,NA,Utrecht,1253672,20,6,3251,384
2020-05-14,Netherlands,NA,Utrecht,1253672,21,2,3272,386
2020-05-15,Netherlands,NA,Utrecht,1253672,14,1,3286,387
2020-05-16,Netherlands,NA,Utrecht,1253672,25,2,3311,389
2020-05-17,Netherlands,NA,Utrecht,1253672,16,2,3327,391
2020-05-18,Netherlands,NA,Utrecht,1253672,17,0,3344,391
2020-05-19,Netherlands,NA,Utrecht,1253672,10,1,3354,392
2020-05-20,Netherlands,NA,Utrecht,1253672,18,3,3372,395
2020-05-21,Netherlands,NA,Utrecht,1253672,25,1,3397,396
2020-05-22,Netherlands,NA,Utrecht,1253672,23,1,3420,397
2020-05-23,Netherlands,NA,Utrecht,1253672,20,2,3440,399
2020-05-24,Netherlands,NA,Utrecht,1253672,19,1,3459,400
2020-05-25,Netherlands,NA,Utrecht,1253672,20,2,3479,402
2020-05-26,Netherlands,NA,Utrecht,1253672,11,0,3490,402
2020-05-27,Netherlands,NA,Utrecht,1253672,24,0,3514,402
2020-05-28,Netherlands,NA,Utrecht,1253672,21,3,3535,405
2020-05-29,Netherlands,NA,Utrecht,1253672,23,3,3558,408
2020-05-30,Netherlands,NA,Utrecht,1253672,13,2,3571,410
2020-05-31,Netherlands,NA,Utrecht,1253672,37,0,3608,410
2020-06-01,Netherlands,NA,Utrecht,1253672,16,3,3624,413
2020-06-02,Netherlands,NA,Utrecht,1253672,21,0,3645,413
2020-06-03,Netherlands,NA,Utrecht,1253672,13,1,3658,414
2020-06-04,Netherlands,NA,Utrecht,1253672,30,1,3688,415
2020-06-05,Netherlands,NA,Utrecht,1253672,27,3,3715,418
2020-06-06,Netherlands,NA,Utrecht,1253672,18,0,3733,418
2020-06-07,Netherlands,NA,Utrecht,1253672,19,1,3752,419
2020-06-08,Netherlands,NA,Utrecht,1253672,13,0,3765,419
2020-06-09,Netherlands,NA,Utrecht,1253672,17,0,3782,419
2020-06-10,Netherlands,NA,Utrecht,1253672,23,0,3805,419
2020-06-11,Netherlands,NA,Utrecht,1253672,14,2,3819,421
2020-06-12,Netherlands,NA,Utrecht,1253672,21,2,3840,423
2020-06-13,Netherlands,NA,Utrecht,1253672,10,0,3850,423
2020-06-14,Netherlands,NA,Utrecht,1253672,12,0,3862,423
2020-06-15,Netherlands,NA,Utrecht,1253672,17,1,3879,424
2020-06-16,Netherlands,NA,Utrecht,1253672,18,0,3897,424
2020-06-17,Netherlands,NA,Utrecht,1253672,12,0,3909,424
2020-06-18,Netherlands,NA,Utrecht,1253672,3,0,3912,424
2020-06-19,Netherlands,NA,Utrecht,1253672,8,0,3920,424
2020-06-20,Netherlands,NA,Utrecht,1253672,8,0,3928,424
2020-06-21,Netherlands,NA,Utrecht,1253672,14,0,3942,424
2020-06-22,Netherlands,NA,Utrecht,1253672,7,0,3949,424
2020-06-23,Netherlands,NA,Utrecht,1253672,10,1,3959,425
2020-06-24,Netherlands,NA,Utrecht,1253672,5,0,3964,425
2020-06-25,Netherlands,NA,Utrecht,1253672,17,0,3981,425
2020-06-26,Netherlands,NA,Utrecht,1253672,9,0,3990,425
2020-06-27,Netherlands,NA,Utrecht,1253672,6,1,3996,426
2020-06-28,Netherlands,NA,Utrecht,1253672,8,0,4004,426
2020-06-29,Netherlands,NA,Utrecht,1253672,9,0,4013,426
2020-06-30,Netherlands,NA,Utrecht,1253672,5,0,4018,426
2020-07-01,Netherlands,NA,Utrecht,1253672,4,0,4022,426
2020-07-02,Netherlands,NA,Utrecht,1253672,1,0,4023,426
2020-07-03,Netherlands,NA,Utrecht,1253672,2,1,4025,427
2020-07-04,Netherlands,NA,Utrecht,1253672,11,0,4036,427
2020-07-05,Netherlands,NA,Utrecht,1253672,13,1,4049,428
2020-07-06,Netherlands,NA,Utrecht,1253672,6,0,4055,428
2020-07-07,Netherlands,NA,Utrecht,1253672,3,1,4058,429
2020-07-08,Netherlands,NA,Utrecht,1253672,0,0,4058,429
2020-07-09,Netherlands,NA,Utrecht,1253672,12,1,4070,430
2020-07-10,Netherlands,NA,Utrecht,1253672,0,0,4067,428
2020-07-11,Netherlands,NA,Utrecht,1253672,9,0,4076,428
2020-07-12,Netherlands,NA,Utrecht,1253672,7,0,4083,428
2020-07-13,Netherlands,NA,Utrecht,1253672,9,0,4092,428
2020-07-14,Netherlands,NA,Utrecht,1253672,8,0,4100,428
2020-07-15,Netherlands,NA,Utrecht,1253672,14,0,4114,428
2020-07-16,Netherlands,NA,Utrecht,1253672,14,1,4128,429
2020-07-17,Netherlands,NA,Utrecht,1253672,9,0,4137,429
2020-07-18,Netherlands,NA,Utrecht,1253672,10,0,4147,429
2020-07-19,Netherlands,NA,Utrecht,1253672,15,0,4162,429
2020-07-20,Netherlands,NA,Utrecht,1253672,24,0,4186,429
2020-07-21,Netherlands,NA,Utrecht,1253672,10,0,4196,429
2020-07-22,Netherlands,NA,Utrecht,1253672,13,0,4209,429
2020-07-23,Netherlands,NA,Utrecht,1253672,16,0,4225,429
2020-07-24,Netherlands,NA,Utrecht,1253672,4,0,4229,429
2020-07-25,Netherlands,NA,Utrecht,1253672,19,0,4248,429
2020-07-26,Netherlands,NA,Utrecht,1253672,16,0,4264,429
2020-07-27,Netherlands,NA,Utrecht,1253672,9,0,4273,429
2020-07-28,Netherlands,NA,Utrecht,1253672,10,1,4283,430
2020-07-29,Netherlands,NA,Utrecht,1253672,24,0,4307,430
2020-07-30,Netherlands,NA,Utrecht,1253672,23,0,4330,430
2020-07-31,Netherlands,NA,Utrecht,1253672,36,0,4366,430
2020-08-01,Netherlands,NA,Utrecht,1253672,22,0,4388,430
2020-08-02,Netherlands,NA,Utrecht,1253672,24,0,4412,430
2020-08-03,Netherlands,NA,Utrecht,1253672,17,0,4429,430
2020-08-04,Netherlands,NA,Utrecht,1253672,26,1,4455,431
2020-08-05,Netherlands,NA,Utrecht,1253672,25,1,4480,432
2020-08-06,Netherlands,NA,Utrecht,1253672,51,0,4531,432
2020-08-07,Netherlands,NA,Utrecht,1253672,51,0,4582,432
2020-08-08,Netherlands,NA,Utrecht,1253672,36,0,4618,432
2020-08-09,Netherlands,NA,Utrecht,1253672,34,0,4652,432
2020-08-10,Netherlands,NA,Utrecht,1253672,33,0,4685,432
2020-08-11,Netherlands,NA,Utrecht,1253672,43,0,4728,432
2020-08-12,Netherlands,NA,Utrecht,1253672,44,0,4772,432
2020-08-13,Netherlands,NA,Utrecht,1253672,51,0,4823,432
2020-08-14,Netherlands,NA,Utrecht,1253672,36,0,4859,432
2020-08-15,Netherlands,NA,Utrecht,1253672,29,0,4888,432
2020-08-16,Netherlands,NA,Utrecht,1253672,35,0,4923,432
2020-08-17,Netherlands,NA,Utrecht,1253672,31,0,4954,432
2020-08-18,Netherlands,NA,Utrecht,1253672,23,0,4977,432
2020-08-19,Netherlands,NA,Utrecht,1253672,45,0,5022,432
2020-08-20,Netherlands,NA,Utrecht,1253672,33,0,5055,432
2020-08-21,Netherlands,NA,Utrecht,1253672,35,0,5090,432
2020-08-22,Netherlands,NA,Utrecht,1253672,48,0,5138,432
2020-08-23,Netherlands,NA,Utrecht,1253672,32,0,5170,432
2020-08-24,Netherlands,NA,Utrecht,1253672,35,0,5205,432
2020-08-25,Netherlands,NA,Utrecht,1253672,24,0,5229,432
2020-08-26,Netherlands,NA,Utrecht,1253672,38,1,5267,433
2020-08-27,Netherlands,NA,Utrecht,1253672,49,0,5316,433
2020-08-28,Netherlands,NA,Utrecht,1253672,34,1,5350,434
2020-08-29,Netherlands,NA,Utrecht,1253672,38,1,5388,435
2020-08-30,Netherlands,NA,Utrecht,1253672,50,0,5438,435
2020-08-31,Netherlands,NA,Utrecht,1253672,49,0,5487,435
2020-03-27,Netherlands,NA,Zeeland,380726,18,0,108,5
2020-03-28,Netherlands,NA,Zeeland,380726,12,2,120,7
2020-03-29,Netherlands,NA,Zeeland,380726,13,1,133,8
2020-03-30,Netherlands,NA,Zeeland,380726,14,2,147,10
2020-03-31,Netherlands,NA,Zeeland,380726,13,2,160,12
2020-04-01,Netherlands,NA,Zeeland,380726,17,2,177,14
2020-04-02,Netherlands,NA,Zeeland,380726,16,2,193,16
2020-04-03,Netherlands,NA,Zeeland,380726,23,6,216,22
2020-04-04,Netherlands,NA,Zeeland,380726,19,3,235,25
2020-04-05,Netherlands,NA,Zeeland,380726,7,1,242,26
2020-04-06,Netherlands,NA,Zeeland,380726,37,0,279,26
2020-04-07,Netherlands,NA,Zeeland,380726,30,2,309,28
2020-04-08,Netherlands,NA,Zeeland,380726,19,6,328,34
2020-04-09,Netherlands,NA,Zeeland,380726,30,0,358,34
2020-04-10,Netherlands,NA,Zeeland,380726,26,0,384,34
2020-04-11,Netherlands,NA,Zeeland,380726,27,2,411,36
2020-04-12,Netherlands,NA,Zeeland,380726,15,1,426,37
2020-04-13,Netherlands,NA,Zeeland,380726,26,1,452,38
2020-04-14,Netherlands,NA,Zeeland,380726,18,1,470,39
2020-04-15,Netherlands,NA,Zeeland,380726,5,3,475,42
2020-04-16,Netherlands,NA,Zeeland,380726,2,2,477,44
2020-04-17,Netherlands,NA,Zeeland,380726,20,1,497,45
2020-04-18,Netherlands,NA,Zeeland,380726,11,0,508,45
2020-04-19,Netherlands,NA,Zeeland,380726,13,0,521,45
2020-04-20,Netherlands,NA,Zeeland,380726,7,0,528,45
2020-04-21,Netherlands,NA,Zeeland,380726,4,0,532,45
2020-04-22,Netherlands,NA,Zeeland,380726,8,3,540,48
2020-04-23,Netherlands,NA,Zeeland,380726,14,1,554,49
2020-04-24,Netherlands,NA,Zeeland,380726,3,1,557,50
2020-04-25,Netherlands,NA,Zeeland,380726,3,0,560,50
2020-04-26,Netherlands,NA,Zeeland,380726,4,1,564,51
2020-04-27,Netherlands,NA,Zeeland,380726,2,0,566,51
2020-04-28,Netherlands,NA,Zeeland,380726,10,0,576,51
2020-04-29,Netherlands,NA,Zeeland,380726,1,1,577,52
2020-04-30,Netherlands,NA,Zeeland,380726,3,0,580,52
2020-05-01,Netherlands,NA,Zeeland,380726,3,0,583,52
2020-05-02,Netherlands,NA,Zeeland,380726,3,0,586,52
2020-05-03,Netherlands,NA,Zeeland,380726,2,0,588,52
2020-05-04,Netherlands,NA,Zeeland,380726,5,1,593,53
2020-05-05,Netherlands,NA,Zeeland,380726,2,0,595,53
2020-05-06,Netherlands,NA,Zeeland,380726,12,0,607,53
2020-05-07,Netherlands,NA,Zeeland,380726,8,1,615,54
2020-05-08,Netherlands,NA,Zeeland,380726,5,3,620,57
2020-05-09,Netherlands,NA,Zeeland,380726,1,1,621,58
2020-05-10,Netherlands,NA,Zeeland,380726,3,0,624,58
2020-05-11,Netherlands,NA,Zeeland,380726,2,0,626,58
2020-05-12,Netherlands,NA,Zeeland,380726,1,1,627,59
2020-05-13,Netherlands,NA,Zeeland,380726,1,3,628,62
2020-05-14,Netherlands,NA,Zeeland,380726,2,0,630,62
2020-05-15,Netherlands,NA,Zeeland,380726,4,0,634,62
2020-05-16,Netherlands,NA,Zeeland,380726,0,0,634,62
2020-05-17,Netherlands,NA,Zeeland,380726,1,0,635,62
2020-05-18,Netherlands,NA,Zeeland,380726,4,1,639,63
2020-05-19,Netherlands,NA,Zeeland,380726,1,0,640,63
2020-05-20,Netherlands,NA,Zeeland,380726,3,0,643,63
2020-05-21,Netherlands,NA,Zeeland,380726,8,0,651,63
2020-05-22,Netherlands,NA,Zeeland,380726,2,1,653,64
2020-05-23,Netherlands,NA,Zeeland,380726,4,1,657,65
2020-05-24,Netherlands,NA,Zeeland,380726,4,0,661,65
2020-05-25,Netherlands,NA,Zeeland,380726,6,0,667,65
2020-05-26,Netherlands,NA,Zeeland,380726,1,0,668,65
2020-05-27,Netherlands,NA,Zeeland,380726,3,0,671,65
2020-05-28,Netherlands,NA,Zeeland,380726,3,0,674,65
2020-05-29,Netherlands,NA,Zeeland,380726,12,0,686,65
2020-05-30,Netherlands,NA,Zeeland,380726,1,0,687,65
2020-05-31,Netherlands,NA,Zeeland,380726,5,1,692,66
2020-06-01,Netherlands,NA,Zeeland,380726,1,0,693,66
2020-06-02,Netherlands,NA,Zeeland,380726,4,0,697,66
2020-06-03,Netherlands,NA,Zeeland,380726,2,0,699,66
2020-06-04,Netherlands,NA,Zeeland,380726,6,1,705,67
2020-06-05,Netherlands,NA,Zeeland,380726,3,0,708,67
2020-06-06,Netherlands,NA,Zeeland,380726,1,0,709,67
2020-06-07,Netherlands,NA,Zeeland,380726,2,0,711,67
2020-06-08,Netherlands,NA,Zeeland,380726,0,0,711,67
2020-06-09,Netherlands,NA,Zeeland,380726,0,1,711,68
2020-06-10,Netherlands,NA,Zeeland,380726,5,0,716,68
2020-06-11,Netherlands,NA,Zeeland,380726,1,0,717,68
2020-06-12,Netherlands,NA,Zeeland,380726,1,0,718,68
2020-06-13,Netherlands,NA,Zeeland,380726,3,0,721,68
2020-06-14,Netherlands,NA,Zeeland,380726,1,0,722,68
2020-06-15,Netherlands,NA,Zeeland,380726,2,0,724,68
2020-06-16,Netherlands,NA,Zeeland,380726,0,0,724,68
2020-06-17,Netherlands,NA,Zeeland,380726,0,0,724,68
2020-06-18,Netherlands,NA,Zeeland,380726,2,0,726,68
2020-06-19,Netherlands,NA,Zeeland,380726,0,0,726,68
2020-06-20,Netherlands,NA,Zeeland,380726,1,0,727,68
2020-06-21,Netherlands,NA,Zeeland,380726,0,0,727,68
2020-06-22,Netherlands,NA,Zeeland,380726,1,0,728,68
2020-06-23,Netherlands,NA,Zeeland,380726,1,0,729,68
2020-06-24,Netherlands,NA,Zeeland,380726,1,0,730,68
2020-06-25,Netherlands,NA,Zeeland,380726,1,0,731,68
2020-06-26,Netherlands,NA,Zeeland,380726,1,0,732,68
2020-06-27,Netherlands,NA,Zeeland,380726,0,0,732,68
2020-06-28,Netherlands,NA,Zeeland,380726,0,0,732,68
2020-06-29,Netherlands,NA,Zeeland,380726,0,0,732,68
2020-06-30,Netherlands,NA,Zeeland,380726,0,1,732,69
2020-07-01,Netherlands,NA,Zeeland,380726,0,0,732,69
2020-07-02,Netherlands,NA,Zeeland,380726,2,0,734,69
2020-07-03,Netherlands,NA,Zeeland,380726,1,0,735,69
2020-07-04,Netherlands,NA,Zeeland,380726,1,0,736,69
2020-07-05,Netherlands,NA,Zeeland,380726,3,0,739,69
2020-07-06,Netherlands,NA,Zeeland,380726,0,0,739,69
2020-07-07,Netherlands,NA,Zeeland,380726,0,0,739,69
2020-07-08,Netherlands,NA,Zeeland,380726,1,0,740,69
2020-07-09,Netherlands,NA,Zeeland,380726,0,0,740,69
2020-07-10,Netherlands,NA,Zeeland,380726,0,0,740,69
2020-07-11,Netherlands,NA,Zeeland,380726,2,0,742,69
2020-07-12,Netherlands,NA,Zeeland,380726,0,0,742,69
2020-07-13,Netherlands,NA,Zeeland,380726,2,0,744,69
2020-07-14,Netherlands,NA,Zeeland,380726,7,0,751,69
2020-07-15,Netherlands,NA,Zeeland,380726,8,0,759,69
2020-07-16,Netherlands,NA,Zeeland,380726,6,0,765,69
2020-07-17,Netherlands,NA,Zeeland,380726,6,0,771,69
2020-07-18,Netherlands,NA,Zeeland,380726,14,0,785,69
2020-07-19,Netherlands,NA,Zeeland,380726,6,0,791,69
2020-07-20,Netherlands,NA,Zeeland,380726,6,0,797,69
2020-07-21,Netherlands,NA,Zeeland,380726,3,0,800,69
2020-07-22,Netherlands,NA,Zeeland,380726,3,0,803,69
2020-07-23,Netherlands,NA,Zeeland,380726,6,0,809,69
2020-07-24,Netherlands,NA,Zeeland,380726,6,0,815,69
2020-07-25,Netherlands,NA,Zeeland,380726,7,0,822,69
2020-07-26,Netherlands,NA,Zeeland,380726,5,0,827,69
2020-07-27,Netherlands,NA,Zeeland,380726,8,0,835,69
2020-07-28,Netherlands,NA,Zeeland,380726,8,0,843,69
2020-07-29,Netherlands,NA,Zeeland,380726,8,0,851,69
2020-07-30,Netherlands,NA,Zeeland,380726,8,0,859,69
2020-07-31,Netherlands,NA,Zeeland,380726,4,0,863,69
2020-08-01,Netherlands,NA,Zeeland,380726,4,0,867,69
2020-08-02,Netherlands,NA,Zeeland,380726,5,0,872,69
2020-08-03,Netherlands,NA,Zeeland,380726,8,0,880,69
2020-08-04,Netherlands,NA,Zeeland,380726,10,0,890,69
2020-08-05,Netherlands,NA,Zeeland,380726,6,0,896,69
2020-08-06,Netherlands,NA,Zeeland,380726,5,0,901,69
2020-08-07,Netherlands,NA,Zeeland,380726,4,0,905,69
2020-08-08,Netherlands,NA,Zeeland,380726,7,0,912,69
2020-08-09,Netherlands,NA,Zeeland,380726,6,0,918,69
2020-08-10,Netherlands,NA,Zeeland,380726,0,0,918,69
2020-08-11,Netherlands,NA,Zeeland,380726,26,0,944,69
2020-08-12,Netherlands,NA,Zeeland,380726,6,0,950,69
2020-08-13,Netherlands,NA,Zeeland,380726,4,0,954,69
2020-08-14,Netherlands,NA,Zeeland,380726,3,0,957,69
2020-08-15,Netherlands,NA,Zeeland,380726,5,0,962,69
2020-08-16,Netherlands,NA,Zeeland,380726,5,0,967,69
2020-08-17,Netherlands,NA,Zeeland,380726,1,0,968,69
2020-08-18,Netherlands,NA,Zeeland,380726,3,0,971,69
2020-08-19,Netherlands,NA,Zeeland,380726,9,0,980,69
2020-08-20,Netherlands,NA,Zeeland,380726,7,0,987,69
2020-08-21,Netherlands,NA,Zeeland,380726,6,0,993,69
2020-08-22,Netherlands,NA,Zeeland,380726,15,0,1008,69
2020-08-23,Netherlands,NA,Zeeland,380726,9,0,1017,69
2020-08-24,Netherlands,NA,Zeeland,380726,5,0,1022,69
2020-08-25,Netherlands,NA,Zeeland,380726,2,1,1024,70
2020-08-26,Netherlands,NA,Zeeland,380726,1,2,1025,72
2020-08-27,Netherlands,NA,Zeeland,380726,7,0,1032,72
2020-08-28,Netherlands,NA,Zeeland,380726,4,0,1036,72
2020-08-29,Netherlands,NA,Zeeland,380726,12,0,1048,72
2020-08-30,Netherlands,NA,Zeeland,380726,3,0,1051,72
2020-08-31,Netherlands,NA,Zeeland,380726,3,0,1054,72
2020-04-27,Peru,NA,Amazonas,379384,14,0,105,0
2020-04-28,Peru,NA,Amazonas,379384,9,0,114,0
2020-04-29,Peru,NA,Amazonas,379384,14,0,128,0
2020-04-30,Peru,NA,Amazonas,379384,37,0,165,0
2020-05-01,Peru,NA,Amazonas,379384,85,1,250,1
2020-05-02,Peru,NA,Amazonas,379384,50,0,300,1
2020-05-03,Peru,NA,Amazonas,379384,2,1,302,2
2020-05-04,Peru,NA,Amazonas,379384,26,1,328,3
2020-05-05,Peru,NA,Amazonas,379384,12,2,340,5
2020-05-06,Peru,NA,Amazonas,379384,11,2,351,7
2020-05-07,Peru,NA,Amazonas,379384,9,0,360,7
2020-05-08,Peru,NA,Amazonas,379384,19,0,379,7
2020-05-09,Peru,NA,Amazonas,379384,4,1,383,8
2020-05-10,Peru,NA,Amazonas,379384,0,3,383,11
2020-05-11,Peru,NA,Amazonas,379384,12,1,395,12
2020-05-12,Peru,NA,Amazonas,379384,11,0,406,12
2020-05-13,Peru,NA,Amazonas,379384,8,2,414,14
2020-05-14,Peru,NA,Amazonas,379384,3,1,417,15
2020-05-15,Peru,NA,Amazonas,379384,23,1,440,16
2020-05-16,Peru,NA,Amazonas,379384,32,2,472,18
2020-05-17,Peru,NA,Amazonas,379384,1,1,473,19
2020-05-18,Peru,NA,Amazonas,379384,20,1,493,20
2020-05-19,Peru,NA,Amazonas,379384,30,1,523,21
2020-05-20,Peru,NA,Amazonas,379384,12,1,535,22
2020-05-21,Peru,NA,Amazonas,379384,54,1,589,23
2020-05-22,Peru,NA,Amazonas,379384,25,0,614,23
2020-05-23,Peru,NA,Amazonas,379384,8,0,622,23
2020-05-24,Peru,NA,Amazonas,379384,5,0,627,23
2020-05-25,Peru,NA,Amazonas,379384,50,0,677,23
2020-05-26,Peru,NA,Amazonas,379384,22,0,699,23
2020-05-27,Peru,NA,Amazonas,379384,19,1,718,24
2020-05-28,Peru,NA,Amazonas,379384,25,2,743,26
2020-05-29,Peru,NA,Amazonas,379384,13,0,756,26
2020-05-30,Peru,NA,Amazonas,379384,13,0,769,26
2020-05-31,Peru,NA,Amazonas,379384,12,0,781,26
2020-06-01,Peru,NA,Amazonas,379384,14,2,795,28
2020-06-02,Peru,NA,Amazonas,379384,14,2,809,30
2020-06-03,Peru,NA,Amazonas,379384,35,6,844,36
2020-06-04,Peru,NA,Amazonas,379384,36,4,880,40
2020-06-05,Peru,NA,Amazonas,379384,49,0,929,40
2020-06-06,Peru,NA,Amazonas,379384,37,1,966,41
2020-06-07,Peru,NA,Amazonas,379384,12,0,978,41
2020-06-08,Peru,NA,Amazonas,379384,57,2,1035,43
2020-06-09,Peru,NA,Amazonas,379384,75,2,1110,45
2020-06-10,Peru,NA,Amazonas,379384,60,0,1170,45
2020-06-11,Peru,NA,Amazonas,379384,43,1,1213,46
2020-06-12,Peru,NA,Amazonas,379384,71,3,1284,49
2020-06-13,Peru,NA,Amazonas,379384,67,1,1351,50
2020-06-14,Peru,NA,Amazonas,379384,16,1,1367,51
2020-06-15,Peru,NA,Amazonas,379384,199,4,1566,55
2020-06-16,Peru,NA,Amazonas,379384,58,3,1624,58
2020-06-17,Peru,NA,Amazonas,379384,62,3,1686,61
2020-06-18,Peru,NA,Amazonas,379384,35,3,1721,64
2020-06-19,Peru,NA,Amazonas,379384,79,1,1800,65
2020-06-20,Peru,NA,Amazonas,379384,42,2,1842,67
2020-06-21,Peru,NA,Amazonas,379384,13,5,1855,72
2020-06-22,Peru,NA,Amazonas,379384,45,1,1900,73
2020-06-23,Peru,NA,Amazonas,379384,45,0,1945,73
2020-06-24,Peru,NA,Amazonas,379384,174,4,2119,77
2020-06-25,Peru,NA,Amazonas,379384,59,3,2178,80
2020-06-26,Peru,NA,Amazonas,379384,52,6,2230,86
2020-06-27,Peru,NA,Amazonas,379384,55,5,2285,91
2020-06-28,Peru,NA,Amazonas,379384,28,5,2313,96
2020-06-29,Peru,NA,Amazonas,379384,29,6,2342,102
2020-06-30,Peru,NA,Amazonas,379384,101,3,2443,105
2020-07-01,Peru,NA,Amazonas,379384,72,2,2515,107
2020-07-02,Peru,NA,Amazonas,379384,72,2,2587,109
2020-07-03,Peru,NA,Amazonas,379384,206,3,2793,112
2020-07-04,Peru,NA,Amazonas,379384,84,3,2877,115
2020-07-05,Peru,NA,Amazonas,379384,23,3,2900,118
2020-07-06,Peru,NA,Amazonas,379384,145,5,3045,123
2020-07-07,Peru,NA,Amazonas,379384,121,1,3166,124
2020-07-08,Peru,NA,Amazonas,379384,120,0,3286,124
2020-07-09,Peru,NA,Amazonas,379384,67,2,3353,126
2020-07-10,Peru,NA,Amazonas,379384,78,6,3431,132
2020-07-11,Peru,NA,Amazonas,379384,92,3,3523,135
2020-07-12,Peru,NA,Amazonas,379384,89,1,3612,136
2020-07-13,Peru,NA,Amazonas,379384,82,3,3694,139
2020-07-14,Peru,NA,Amazonas,379384,114,1,3808,140
2020-07-15,Peru,NA,Amazonas,379384,84,4,3892,144
2020-07-16,Peru,NA,Amazonas,379384,113,0,4005,144
2020-07-17,Peru,NA,Amazonas,379384,328,0,4333,144
2020-07-18,Peru,NA,Amazonas,379384,152,2,4485,146
2020-07-19,Peru,NA,Amazonas,379384,46,4,4531,150
2020-07-20,Peru,NA,Amazonas,379384,137,2,4668,152
2020-07-21,Peru,NA,Amazonas,379384,88,1,4756,153
2020-07-22,Peru,NA,Amazonas,379384,143,3,4899,156
2020-07-23,Peru,NA,Amazonas,379384,191,2,5090,158
2020-07-24,Peru,NA,Amazonas,379384,316,2,5406,160
2020-07-25,Peru,NA,Amazonas,379384,188,4,5594,164
2020-07-26,Peru,NA,Amazonas,379384,48,2,5642,166
2020-07-27,Peru,NA,Amazonas,379384,184,1,5826,167
2020-07-28,Peru,NA,Amazonas,379384,63,0,5889,167
2020-07-29,Peru,NA,Amazonas,379384,146,1,6035,168
2020-07-30,Peru,NA,Amazonas,379384,134,1,6169,169
2020-07-31,Peru,NA,Amazonas,379384,165,2,6334,171
2020-08-01,Peru,NA,Amazonas,379384,245,1,6579,172
2020-08-02,Peru,NA,Amazonas,379384,44,1,6623,173
2020-08-03,Peru,NA,Amazonas,379384,147,1,6770,174
2020-08-04,Peru,NA,Amazonas,379384,175,1,6945,175
2020-08-05,Peru,NA,Amazonas,379384,142,0,7087,175
2020-08-06,Peru,NA,Amazonas,379384,211,0,7298,175
2020-08-07,Peru,NA,Amazonas,379384,140,2,7438,177
2020-08-08,Peru,NA,Amazonas,379384,111,0,7549,177
2020-08-09,Peru,NA,Amazonas,379384,12,3,7561,180
2020-08-10,Peru,NA,Amazonas,379384,205,4,7766,184
2020-08-11,Peru,NA,Amazonas,379384,174,1,7940,185
2020-08-12,Peru,NA,Amazonas,379384,154,0,8094,185
2020-08-13,Peru,NA,Amazonas,379384,248,1,8342,186
2020-08-14,Peru,NA,Amazonas,379384,241,0,8583,186
2020-08-15,Peru,NA,Amazonas,379384,80,0,8663,186
2020-08-16,Peru,NA,Amazonas,379384,40,0,8703,186
2020-08-17,Peru,NA,Amazonas,379384,164,0,8867,186
2020-08-18,Peru,NA,Amazonas,379384,136,0,9003,186
2020-08-19,Peru,NA,Amazonas,379384,208,0,9211,186
2020-08-20,Peru,NA,Amazonas,379384,237,0,9448,186
2020-08-21,Peru,NA,Amazonas,379384,195,2,9643,188
2020-08-22,Peru,NA,Amazonas,379384,153,0,9796,188
2020-08-23,Peru,NA,Amazonas,379384,38,0,9834,188
2020-08-24,Peru,NA,Amazonas,379384,169,2,10003,190
2020-08-25,Peru,NA,Amazonas,379384,306,0,10309,190
2020-08-26,Peru,NA,Amazonas,379384,175,0,10484,190
2020-08-27,Peru,NA,Amazonas,379384,192,0,10676,190
2020-08-28,Peru,NA,Amazonas,379384,93,0,10769,190
2020-08-29,Peru,NA,Amazonas,379384,34,0,10803,190
2020-04-28,Peru,NA,Apurimac,405759,10,0,108,0
2020-04-29,Peru,NA,Apurimac,405759,13,0,121,0
2020-04-30,Peru,NA,Apurimac,405759,35,0,156,0
2020-05-02,Peru,NA,Apurimac,405759,5,0,161,0
2020-05-04,Peru,NA,Apurimac,405759,6,0,167,0
2020-05-05,Peru,NA,Apurimac,405759,3,0,170,0
2020-05-06,Peru,NA,Apurimac,405759,1,0,171,0
2020-05-09,Peru,NA,Apurimac,405759,1,0,172,0
2020-05-11,Peru,NA,Apurimac,405759,3,0,175,0
2020-05-12,Peru,NA,Apurimac,405759,5,0,180,0
2020-05-13,Peru,NA,Apurimac,405759,2,0,182,0
2020-05-14,Peru,NA,Apurimac,405759,2,0,184,0
2020-05-15,Peru,NA,Apurimac,405759,3,0,187,0
2020-05-17,Peru,NA,Apurimac,405759,2,0,189,0
2020-05-18,Peru,NA,Apurimac,405759,4,0,193,0
2020-05-19,Peru,NA,Apurimac,405759,3,0,196,0
2020-05-21,Peru,NA,Apurimac,405759,5,0,201,0
2020-05-22,Peru,NA,Apurimac,405759,14,0,215,0
2020-05-23,Peru,NA,Apurimac,405759,9,0,224,0
2020-05-24,Peru,NA,Apurimac,405759,0,1,224,1
2020-05-25,Peru,NA,Apurimac,405759,22,0,246,1
2020-05-26,Peru,NA,Apurimac,405759,2,0,248,1
2020-05-27,Peru,NA,Apurimac,405759,8,0,256,1
2020-05-28,Peru,NA,Apurimac,405759,9,1,265,2
2020-05-29,Peru,NA,Apurimac,405759,9,2,274,4
2020-05-30,Peru,NA,Apurimac,405759,9,0,283,4
2020-05-31,Peru,NA,Apurimac,405759,3,0,286,4
2020-06-01,Peru,NA,Apurimac,405759,6,0,292,4
2020-06-02,Peru,NA,Apurimac,405759,13,0,305,4
2020-06-03,Peru,NA,Apurimac,405759,11,0,316,4
2020-06-04,Peru,NA,Apurimac,405759,18,1,334,5
2020-06-05,Peru,NA,Apurimac,405759,12,0,346,5
2020-06-06,Peru,NA,Apurimac,405759,13,0,359,5
2020-06-07,Peru,NA,Apurimac,405759,5,1,364,6
2020-06-08,Peru,NA,Apurimac,405759,10,2,374,8
2020-06-09,Peru,NA,Apurimac,405759,14,0,388,8
2020-06-10,Peru,NA,Apurimac,405759,5,0,393,8
2020-06-11,Peru,NA,Apurimac,405759,13,0,406,8
2020-06-12,Peru,NA,Apurimac,405759,13,0,419,8
2020-06-13,Peru,NA,Apurimac,405759,3,1,422,9
2020-06-14,Peru,NA,Apurimac,405759,1,1,423,10
2020-06-15,Peru,NA,Apurimac,405759,4,0,427,10
2020-06-16,Peru,NA,Apurimac,405759,1,1,428,11
2020-06-17,Peru,NA,Apurimac,405759,8,0,436,11
2020-06-18,Peru,NA,Apurimac,405759,6,1,442,12
2020-06-19,Peru,NA,Apurimac,405759,4,0,446,12
2020-06-20,Peru,NA,Apurimac,405759,26,1,472,13
2020-06-21,Peru,NA,Apurimac,405759,25,2,497,15
2020-06-22,Peru,NA,Apurimac,405759,6,0,503,15
2020-06-23,Peru,NA,Apurimac,405759,11,0,514,15
2020-06-24,Peru,NA,Apurimac,405759,5,1,519,16
2020-06-25,Peru,NA,Apurimac,405759,8,0,527,16
2020-06-26,Peru,NA,Apurimac,405759,18,1,545,17
2020-06-27,Peru,NA,Apurimac,405759,11,0,556,17
2020-06-28,Peru,NA,Apurimac,405759,0,2,556,19
2020-06-29,Peru,NA,Apurimac,405759,4,1,560,20
2020-06-30,Peru,NA,Apurimac,405759,8,0,568,20
2020-07-01,Peru,NA,Apurimac,405759,6,0,574,20
2020-07-02,Peru,NA,Apurimac,405759,9,1,583,21
2020-07-03,Peru,NA,Apurimac,405759,8,0,591,21
2020-07-04,Peru,NA,Apurimac,405759,5,0,596,21
2020-07-05,Peru,NA,Apurimac,405759,3,0,599,21
2020-07-06,Peru,NA,Apurimac,405759,6,1,605,22
2020-07-07,Peru,NA,Apurimac,405759,11,0,616,22
2020-07-08,Peru,NA,Apurimac,405759,2,1,618,23
2020-07-09,Peru,NA,Apurimac,405759,3,0,621,23
2020-07-10,Peru,NA,Apurimac,405759,14,1,635,24
2020-07-11,Peru,NA,Apurimac,405759,28,0,663,24
2020-07-12,Peru,NA,Apurimac,405759,1,0,664,24
2020-07-13,Peru,NA,Apurimac,405759,1,0,665,24
2020-07-14,Peru,NA,Apurimac,405759,6,0,671,24
2020-07-15,Peru,NA,Apurimac,405759,11,2,682,26
2020-07-16,Peru,NA,Apurimac,405759,12,0,694,26
2020-07-17,Peru,NA,Apurimac,405759,13,0,707,26
2020-07-18,Peru,NA,Apurimac,405759,19,2,726,28
2020-07-19,Peru,NA,Apurimac,405759,2,0,728,28
2020-07-20,Peru,NA,Apurimac,405759,11,1,739,29
2020-07-21,Peru,NA,Apurimac,405759,17,1,756,30
2020-07-22,Peru,NA,Apurimac,405759,14,2,770,32
2020-07-23,Peru,NA,Apurimac,405759,14,0,784,32
2020-07-24,Peru,NA,Apurimac,405759,20,1,804,33
2020-07-25,Peru,NA,Apurimac,405759,16,3,820,36
2020-07-26,Peru,NA,Apurimac,405759,11,1,831,37
2020-07-27,Peru,NA,Apurimac,405759,20,0,851,37
2020-07-28,Peru,NA,Apurimac,405759,14,1,865,38
2020-07-29,Peru,NA,Apurimac,405759,25,1,890,39
2020-07-30,Peru,NA,Apurimac,405759,40,1,930,40
2020-07-31,Peru,NA,Apurimac,405759,49,1,979,41
2020-08-01,Peru,NA,Apurimac,405759,22,0,1001,41
2020-08-02,Peru,NA,Apurimac,405759,11,0,1012,41
2020-08-03,Peru,NA,Apurimac,405759,58,0,1070,41
2020-08-04,Peru,NA,Apurimac,405759,43,1,1113,42
2020-08-05,Peru,NA,Apurimac,405759,73,0,1186,42
2020-08-06,Peru,NA,Apurimac,405759,65,0,1251,42
2020-08-07,Peru,NA,Apurimac,405759,49,1,1300,43
2020-08-08,Peru,NA,Apurimac,405759,48,4,1348,47
2020-08-09,Peru,NA,Apurimac,405759,20,0,1368,47
2020-08-10,Peru,NA,Apurimac,405759,91,1,1459,48
2020-08-11,Peru,NA,Apurimac,405759,89,0,1548,48
2020-08-12,Peru,NA,Apurimac,405759,73,2,1621,50
2020-08-13,Peru,NA,Apurimac,405759,61,1,1682,51
2020-08-14,Peru,NA,Apurimac,405759,94,2,1776,53
2020-08-15,Peru,NA,Apurimac,405759,47,0,1823,53
2020-08-16,Peru,NA,Apurimac,405759,11,2,1834,55
2020-08-17,Peru,NA,Apurimac,405759,103,0,1937,55
2020-08-18,Peru,NA,Apurimac,405759,65,0,2002,55
2020-08-19,Peru,NA,Apurimac,405759,58,1,2060,56
2020-08-20,Peru,NA,Apurimac,405759,79,1,2139,57
2020-08-21,Peru,NA,Apurimac,405759,83,1,2222,58
2020-08-22,Peru,NA,Apurimac,405759,84,0,2306,58
2020-08-23,Peru,NA,Apurimac,405759,9,2,2315,60
2020-08-24,Peru,NA,Apurimac,405759,87,0,2402,60
2020-08-25,Peru,NA,Apurimac,405759,122,0,2524,60
2020-08-26,Peru,NA,Apurimac,405759,98,1,2622,61
2020-08-27,Peru,NA,Apurimac,405759,64,1,2686,62
2020-08-28,Peru,NA,Apurimac,405759,86,1,2772,63
2020-08-29,Peru,NA,Apurimac,405759,27,1,2799,64
2020-04-12,Peru,NA,Arequipa,1382730,15,1,111,7
2020-04-13,Peru,NA,Arequipa,1382730,12,2,123,9
2020-04-14,Peru,NA,Arequipa,1382730,13,0,136,9
2020-04-15,Peru,NA,Arequipa,1382730,27,1,163,10
2020-04-16,Peru,NA,Arequipa,1382730,41,1,204,11
2020-04-17,Peru,NA,Arequipa,1382730,12,0,216,11
2020-04-18,Peru,NA,Arequipa,1382730,33,0,249,11
2020-04-19,Peru,NA,Arequipa,1382730,3,3,252,14
2020-04-20,Peru,NA,Arequipa,1382730,28,1,280,15
2020-04-21,Peru,NA,Arequipa,1382730,28,0,308,15
2020-04-22,Peru,NA,Arequipa,1382730,43,0,351,15
2020-04-23,Peru,NA,Arequipa,1382730,56,1,407,16
2020-04-24,Peru,NA,Arequipa,1382730,66,0,473,16
2020-04-25,Peru,NA,Arequipa,1382730,24,2,497,18
2020-04-26,Peru,NA,Arequipa,1382730,4,0,501,18
2020-04-27,Peru,NA,Arequipa,1382730,76,0,577,18
2020-04-28,Peru,NA,Arequipa,1382730,76,0,653,18
2020-04-29,Peru,NA,Arequipa,1382730,111,0,764,18
2020-04-30,Peru,NA,Arequipa,1382730,69,0,833,18
2020-05-01,Peru,NA,Arequipa,1382730,38,1,871,19
2020-05-02,Peru,NA,Arequipa,1382730,31,1,902,20
2020-05-03,Peru,NA,Arequipa,1382730,7,0,909,20
2020-05-04,Peru,NA,Arequipa,1382730,60,0,969,20
2020-05-05,Peru,NA,Arequipa,1382730,57,0,1026,20
2020-05-06,Peru,NA,Arequipa,1382730,56,0,1082,20
2020-05-07,Peru,NA,Arequipa,1382730,47,3,1129,23
2020-05-08,Peru,NA,Arequipa,1382730,39,0,1168,23
2020-05-09,Peru,NA,Arequipa,1382730,59,0,1227,23
2020-05-10,Peru,NA,Arequipa,1382730,25,1,1252,24
2020-05-11,Peru,NA,Arequipa,1382730,51,1,1303,25
2020-05-12,Peru,NA,Arequipa,1382730,104,0,1407,25
2020-05-13,Peru,NA,Arequipa,1382730,112,0,1519,25
2020-05-14,Peru,NA,Arequipa,1382730,121,0,1640,25
2020-05-15,Peru,NA,Arequipa,1382730,96,0,1736,25
2020-05-16,Peru,NA,Arequipa,1382730,85,1,1821,26
2020-05-17,Peru,NA,Arequipa,1382730,8,0,1829,26
2020-05-18,Peru,NA,Arequipa,1382730,86,4,1915,30
2020-05-19,Peru,NA,Arequipa,1382730,122,2,2037,32
2020-05-20,Peru,NA,Arequipa,1382730,156,1,2193,33
2020-05-21,Peru,NA,Arequipa,1382730,144,1,2337,34
2020-05-22,Peru,NA,Arequipa,1382730,197,2,2534,36
2020-05-23,Peru,NA,Arequipa,1382730,146,4,2680,40
2020-05-24,Peru,NA,Arequipa,1382730,35,2,2715,42
2020-05-25,Peru,NA,Arequipa,1382730,192,0,2907,42
2020-05-26,Peru,NA,Arequipa,1382730,128,1,3035,43
2020-05-27,Peru,NA,Arequipa,1382730,186,3,3221,46
2020-05-28,Peru,NA,Arequipa,1382730,186,2,3407,48
2020-05-29,Peru,NA,Arequipa,1382730,172,6,3579,54
2020-05-30,Peru,NA,Arequipa,1382730,96,5,3675,59
2020-05-31,Peru,NA,Arequipa,1382730,20,5,3695,64
2020-06-01,Peru,NA,Arequipa,1382730,63,1,3758,65
2020-06-02,Peru,NA,Arequipa,1382730,99,1,3857,66
2020-06-03,Peru,NA,Arequipa,1382730,55,5,3912,71
2020-06-04,Peru,NA,Arequipa,1382730,51,3,3963,74
2020-06-05,Peru,NA,Arequipa,1382730,118,1,4081,75
2020-06-06,Peru,NA,Arequipa,1382730,138,0,4219,75
2020-06-07,Peru,NA,Arequipa,1382730,34,5,4253,80
2020-06-08,Peru,NA,Arequipa,1382730,105,6,4358,86
2020-06-09,Peru,NA,Arequipa,1382730,126,10,4484,96
2020-06-10,Peru,NA,Arequipa,1382730,144,4,4628,100
2020-06-11,Peru,NA,Arequipa,1382730,103,10,4731,110
2020-06-12,Peru,NA,Arequipa,1382730,119,11,4850,121
2020-06-13,Peru,NA,Arequipa,1382730,174,3,5024,124
2020-06-14,Peru,NA,Arequipa,1382730,19,6,5043,130
2020-06-15,Peru,NA,Arequipa,1382730,94,6,5137,136
2020-06-16,Peru,NA,Arequipa,1382730,90,13,5227,149
2020-06-17,Peru,NA,Arequipa,1382730,168,11,5395,160
2020-06-18,Peru,NA,Arequipa,1382730,68,9,5463,169
2020-06-19,Peru,NA,Arequipa,1382730,114,5,5577,174
2020-06-20,Peru,NA,Arequipa,1382730,74,7,5651,181
2020-06-21,Peru,NA,Arequipa,1382730,118,13,5769,194
2020-06-22,Peru,NA,Arequipa,1382730,115,9,5884,203
2020-06-23,Peru,NA,Arequipa,1382730,188,15,6072,218
2020-06-24,Peru,NA,Arequipa,1382730,231,6,6303,224
2020-06-25,Peru,NA,Arequipa,1382730,153,3,6456,227
2020-06-26,Peru,NA,Arequipa,1382730,166,13,6622,240
2020-06-27,Peru,NA,Arequipa,1382730,273,5,6895,245
2020-06-28,Peru,NA,Arequipa,1382730,58,15,6953,260
2020-06-29,Peru,NA,Arequipa,1382730,58,8,7011,268
2020-06-30,Peru,NA,Arequipa,1382730,134,11,7145,279
2020-07-01,Peru,NA,Arequipa,1382730,186,16,7331,295
2020-07-02,Peru,NA,Arequipa,1382730,116,10,7447,305
2020-07-03,Peru,NA,Arequipa,1382730,119,12,7566,317
2020-07-04,Peru,NA,Arequipa,1382730,212,7,7778,324
2020-07-05,Peru,NA,Arequipa,1382730,68,14,7846,338
2020-07-06,Peru,NA,Arequipa,1382730,78,10,7924,348
2020-07-07,Peru,NA,Arequipa,1382730,175,10,8099,358
2020-07-08,Peru,NA,Arequipa,1382730,168,13,8267,371
2020-07-09,Peru,NA,Arequipa,1382730,132,12,8399,383
2020-07-10,Peru,NA,Arequipa,1382730,333,22,8732,405
2020-07-11,Peru,NA,Arequipa,1382730,320,16,9052,421
2020-07-12,Peru,NA,Arequipa,1382730,54,21,9106,442
2020-07-13,Peru,NA,Arequipa,1382730,112,22,9218,464
2020-07-14,Peru,NA,Arequipa,1382730,202,25,9420,489
2020-07-15,Peru,NA,Arequipa,1382730,255,21,9675,510
2020-07-16,Peru,NA,Arequipa,1382730,209,13,9884,523
2020-07-17,Peru,NA,Arequipa,1382730,200,26,10084,549
2020-07-18,Peru,NA,Arequipa,1382730,323,21,10407,570
2020-07-19,Peru,NA,Arequipa,1382730,70,15,10477,585
2020-07-20,Peru,NA,Arequipa,1382730,160,15,10637,600
2020-07-21,Peru,NA,Arequipa,1382730,399,16,11036,616
2020-07-22,Peru,NA,Arequipa,1382730,524,27,11560,643
2020-07-23,Peru,NA,Arequipa,1382730,343,21,11903,664
2020-07-24,Peru,NA,Arequipa,1382730,397,15,12300,679
2020-07-25,Peru,NA,Arequipa,1382730,452,18,12752,697
2020-07-26,Peru,NA,Arequipa,1382730,101,14,12853,711
2020-07-27,Peru,NA,Arequipa,1382730,495,15,13348,726
2020-07-28,Peru,NA,Arequipa,1382730,148,7,13496,733
2020-07-29,Peru,NA,Arequipa,1382730,361,8,13857,741
2020-07-30,Peru,NA,Arequipa,1382730,543,15,14400,756
2020-07-31,Peru,NA,Arequipa,1382730,639,14,15039,770
2020-08-01,Peru,NA,Arequipa,1382730,664,21,15703,791
2020-08-02,Peru,NA,Arequipa,1382730,96,16,15799,807
2020-08-03,Peru,NA,Arequipa,1382730,689,14,16488,821
2020-08-04,Peru,NA,Arequipa,1382730,606,25,17094,846
2020-08-05,Peru,NA,Arequipa,1382730,833,9,17927,855
2020-08-06,Peru,NA,Arequipa,1382730,837,27,18764,882
2020-08-07,Peru,NA,Arequipa,1382730,663,13,19427,895
2020-08-08,Peru,NA,Arequipa,1382730,608,11,20035,906
2020-08-09,Peru,NA,Arequipa,1382730,107,19,20142,925
2020-08-10,Peru,NA,Arequipa,1382730,658,16,20800,941
2020-08-11,Peru,NA,Arequipa,1382730,684,10,21484,951
2020-08-12,Peru,NA,Arequipa,1382730,757,10,22241,961
2020-08-13,Peru,NA,Arequipa,1382730,853,12,23094,973
2020-08-14,Peru,NA,Arequipa,1382730,689,11,23783,984
2020-08-15,Peru,NA,Arequipa,1382730,486,8,24269,992
2020-08-16,Peru,NA,Arequipa,1382730,108,13,24377,1005
2020-08-17,Peru,NA,Arequipa,1382730,682,18,25059,1023
2020-08-18,Peru,NA,Arequipa,1382730,611,7,25670,1030
2020-08-19,Peru,NA,Arequipa,1382730,877,9,26547,1039
2020-08-20,Peru,NA,Arequipa,1382730,1379,17,27926,1056
2020-08-21,Peru,NA,Arequipa,1382730,741,12,28667,1068
2020-08-22,Peru,NA,Arequipa,1382730,895,10,29562,1078
2020-08-23,Peru,NA,Arequipa,1382730,51,5,29613,1083
2020-08-24,Peru,NA,Arequipa,1382730,372,12,29985,1095
2020-08-25,Peru,NA,Arequipa,1382730,882,11,30867,1106
2020-08-26,Peru,NA,Arequipa,1382730,535,15,31402,1121
2020-08-27,Peru,NA,Arequipa,1382730,576,11,31978,1132
2020-08-28,Peru,NA,Arequipa,1382730,442,5,32420,1137
2020-08-29,Peru,NA,Arequipa,1382730,184,8,32604,1145
2020-04-29,Peru,NA,Ayacucho,616176,32,0,130,0
2020-04-30,Peru,NA,Ayacucho,616176,21,0,151,0
2020-05-01,Peru,NA,Ayacucho,616176,26,0,177,0
2020-05-02,Peru,NA,Ayacucho,616176,20,0,197,0
2020-05-03,Peru,NA,Ayacucho,616176,5,2,202,2
2020-05-04,Peru,NA,Ayacucho,616176,27,2,229,4
2020-05-05,Peru,NA,Ayacucho,616176,18,0,247,4
2020-05-06,Peru,NA,Ayacucho,616176,23,0,270,4
2020-05-07,Peru,NA,Ayacucho,616176,15,1,285,5
2020-05-08,Peru,NA,Ayacucho,616176,25,0,310,5
2020-05-09,Peru,NA,Ayacucho,616176,11,1,321,6
2020-05-10,Peru,NA,Ayacucho,616176,2,0,323,6
2020-05-11,Peru,NA,Ayacucho,616176,15,0,338,6
2020-05-12,Peru,NA,Ayacucho,616176,19,0,357,6
2020-05-13,Peru,NA,Ayacucho,616176,20,0,377,6
2020-05-14,Peru,NA,Ayacucho,616176,13,1,390,7
2020-05-15,Peru,NA,Ayacucho,616176,50,1,440,8
2020-05-16,Peru,NA,Ayacucho,616176,40,1,480,9
2020-05-17,Peru,NA,Ayacucho,616176,9,1,489,10
2020-05-18,Peru,NA,Ayacucho,616176,15,1,504,11
2020-05-19,Peru,NA,Ayacucho,616176,17,2,521,13
2020-05-20,Peru,NA,Ayacucho,616176,17,2,538,15
2020-05-21,Peru,NA,Ayacucho,616176,22,0,560,15
2020-05-22,Peru,NA,Ayacucho,616176,41,0,601,15
2020-05-23,Peru,NA,Ayacucho,616176,36,0,637,15
2020-05-24,Peru,NA,Ayacucho,616176,6,1,643,16
2020-05-25,Peru,NA,Ayacucho,616176,26,1,669,17
2020-05-26,Peru,NA,Ayacucho,616176,24,0,693,17
2020-05-27,Peru,NA,Ayacucho,616176,53,1,746,18
2020-05-28,Peru,NA,Ayacucho,616176,30,0,776,18
2020-05-29,Peru,NA,Ayacucho,616176,17,2,793,20
2020-05-30,Peru,NA,Ayacucho,616176,51,1,844,21
2020-05-31,Peru,NA,Ayacucho,616176,4,2,848,23
2020-06-01,Peru,NA,Ayacucho,616176,33,2,881,25
2020-06-02,Peru,NA,Ayacucho,616176,27,0,908,25
2020-06-03,Peru,NA,Ayacucho,616176,18,1,926,26
2020-06-04,Peru,NA,Ayacucho,616176,40,1,966,27
2020-06-05,Peru,NA,Ayacucho,616176,18,0,984,27
2020-06-06,Peru,NA,Ayacucho,616176,29,0,1013,27
2020-06-07,Peru,NA,Ayacucho,616176,10,0,1023,27
2020-06-08,Peru,NA,Ayacucho,616176,41,1,1064,28
2020-06-09,Peru,NA,Ayacucho,616176,32,3,1096,31
2020-06-10,Peru,NA,Ayacucho,616176,20,4,1116,35
2020-06-11,Peru,NA,Ayacucho,616176,38,0,1154,35
2020-06-12,Peru,NA,Ayacucho,616176,37,2,1191,37
2020-06-13,Peru,NA,Ayacucho,616176,60,3,1251,40
2020-06-14,Peru,NA,Ayacucho,616176,8,2,1259,42
2020-06-15,Peru,NA,Ayacucho,616176,60,1,1319,43
2020-06-16,Peru,NA,Ayacucho,616176,28,2,1347,45
2020-06-17,Peru,NA,Ayacucho,616176,41,2,1388,47
2020-06-18,Peru,NA,Ayacucho,616176,42,2,1430,49
2020-06-19,Peru,NA,Ayacucho,616176,77,1,1507,50
2020-06-20,Peru,NA,Ayacucho,616176,21,1,1528,51
2020-06-21,Peru,NA,Ayacucho,616176,12,6,1540,57
2020-06-22,Peru,NA,Ayacucho,616176,34,1,1574,58
2020-06-23,Peru,NA,Ayacucho,616176,45,1,1619,59
2020-06-24,Peru,NA,Ayacucho,616176,47,1,1666,60
2020-06-25,Peru,NA,Ayacucho,616176,29,1,1695,61
2020-06-26,Peru,NA,Ayacucho,616176,30,3,1725,64
2020-06-27,Peru,NA,Ayacucho,616176,27,2,1752,66
2020-06-28,Peru,NA,Ayacucho,616176,11,3,1763,69
2020-06-29,Peru,NA,Ayacucho,616176,32,2,1795,71
2020-06-30,Peru,NA,Ayacucho,616176,43,2,1838,73
2020-07-01,Peru,NA,Ayacucho,616176,32,1,1870,74
2020-07-02,Peru,NA,Ayacucho,616176,48,1,1918,75
2020-07-03,Peru,NA,Ayacucho,616176,25,3,1943,78
2020-07-04,Peru,NA,Ayacucho,616176,48,2,1991,80
2020-07-05,Peru,NA,Ayacucho,616176,14,2,2005,82
2020-07-06,Peru,NA,Ayacucho,616176,48,3,2053,85
2020-07-07,Peru,NA,Ayacucho,616176,43,4,2096,89
2020-07-08,Peru,NA,Ayacucho,616176,58,1,2154,90
2020-07-09,Peru,NA,Ayacucho,616176,33,3,2187,93
2020-07-10,Peru,NA,Ayacucho,616176,71,1,2258,94
2020-07-11,Peru,NA,Ayacucho,616176,50,5,2308,99
2020-07-12,Peru,NA,Ayacucho,616176,23,7,2331,106
2020-07-13,Peru,NA,Ayacucho,616176,39,2,2370,108
2020-07-14,Peru,NA,Ayacucho,616176,78,5,2448,113
2020-07-15,Peru,NA,Ayacucho,616176,75,4,2523,117
2020-07-16,Peru,NA,Ayacucho,616176,90,8,2613,125
2020-07-17,Peru,NA,Ayacucho,616176,115,1,2728,126
2020-07-18,Peru,NA,Ayacucho,616176,105,4,2833,130
2020-07-19,Peru,NA,Ayacucho,616176,25,4,2858,134
2020-07-20,Peru,NA,Ayacucho,616176,104,5,2962,139
2020-07-21,Peru,NA,Ayacucho,616176,80,6,3042,145
2020-07-22,Peru,NA,Ayacucho,616176,108,5,3150,150
2020-07-23,Peru,NA,Ayacucho,616176,72,8,3222,158
2020-07-24,Peru,NA,Ayacucho,616176,90,8,3312,166
2020-07-25,Peru,NA,Ayacucho,616176,127,3,3439,169
2020-07-26,Peru,NA,Ayacucho,616176,24,7,3463,176
2020-07-27,Peru,NA,Ayacucho,616176,105,8,3568,184
2020-07-28,Peru,NA,Ayacucho,616176,102,1,3670,185
2020-07-29,Peru,NA,Ayacucho,616176,114,4,3784,189
2020-07-30,Peru,NA,Ayacucho,616176,120,7,3904,196
2020-07-31,Peru,NA,Ayacucho,616176,122,5,4026,201
2020-08-01,Peru,NA,Ayacucho,616176,117,4,4143,205
2020-08-02,Peru,NA,Ayacucho,616176,36,4,4179,209
2020-08-03,Peru,NA,Ayacucho,616176,121,6,4300,215
2020-08-04,Peru,NA,Ayacucho,616176,119,6,4419,221
2020-08-05,Peru,NA,Ayacucho,616176,147,2,4566,223
2020-08-06,Peru,NA,Ayacucho,616176,173,1,4739,224
2020-08-07,Peru,NA,Ayacucho,616176,176,2,4915,226
2020-08-08,Peru,NA,Ayacucho,616176,121,2,5036,228
2020-08-09,Peru,NA,Ayacucho,616176,60,0,5096,228
2020-08-10,Peru,NA,Ayacucho,616176,158,0,5254,228
2020-08-11,Peru,NA,Ayacucho,616176,197,0,5451,228
2020-08-12,Peru,NA,Ayacucho,616176,184,1,5635,229
2020-08-13,Peru,NA,Ayacucho,616176,184,0,5819,229
2020-08-14,Peru,NA,Ayacucho,616176,180,2,5999,231
2020-08-15,Peru,NA,Ayacucho,616176,127,2,6126,233
2020-08-16,Peru,NA,Ayacucho,616176,63,1,6189,234
2020-08-17,Peru,NA,Ayacucho,616176,186,1,6375,235
2020-08-18,Peru,NA,Ayacucho,616176,198,5,6573,240
2020-08-19,Peru,NA,Ayacucho,616176,172,1,6745,241
2020-08-20,Peru,NA,Ayacucho,616176,229,3,6974,244
2020-08-21,Peru,NA,Ayacucho,616176,155,1,7129,245
2020-08-22,Peru,NA,Ayacucho,616176,176,4,7305,249
2020-08-23,Peru,NA,Ayacucho,616176,19,0,7324,249
2020-08-24,Peru,NA,Ayacucho,616176,135,2,7459,251
2020-08-25,Peru,NA,Ayacucho,616176,184,2,7643,253
2020-08-26,Peru,NA,Ayacucho,616176,144,3,7787,256
2020-08-27,Peru,NA,Ayacucho,616176,153,0,7940,256
2020-08-28,Peru,NA,Ayacucho,616176,138,1,8078,257
2020-08-29,Peru,NA,Ayacucho,616176,54,2,8132,259
2020-04-22,Peru,NA,Cajamarca,1341012,35,0,120,4
2020-04-23,Peru,NA,Cajamarca,1341012,8,0,128,4
2020-04-24,Peru,NA,Cajamarca,1341012,22,0,150,4
2020-04-25,Peru,NA,Cajamarca,1341012,17,1,167,5
2020-04-26,Peru,NA,Cajamarca,1341012,3,0,170,5
2020-04-27,Peru,NA,Cajamarca,1341012,11,2,181,7
2020-04-28,Peru,NA,Cajamarca,1341012,14,0,195,7
2020-04-29,Peru,NA,Cajamarca,1341012,29,2,224,9
2020-04-30,Peru,NA,Cajamarca,1341012,48,0,272,9
2020-05-01,Peru,NA,Cajamarca,1341012,19,1,291,10
2020-05-02,Peru,NA,Cajamarca,1341012,29,0,320,10
2020-05-03,Peru,NA,Cajamarca,1341012,13,0,333,10
2020-05-04,Peru,NA,Cajamarca,1341012,15,0,348,10
2020-05-05,Peru,NA,Cajamarca,1341012,17,0,365,10
2020-05-06,Peru,NA,Cajamarca,1341012,10,1,375,11
2020-05-07,Peru,NA,Cajamarca,1341012,8,0,383,11
2020-05-08,Peru,NA,Cajamarca,1341012,11,0,394,11
2020-05-09,Peru,NA,Cajamarca,1341012,6,1,400,12
2020-05-10,Peru,NA,Cajamarca,1341012,2,1,402,13
2020-05-11,Peru,NA,Cajamarca,1341012,13,0,415,13
2020-05-12,Peru,NA,Cajamarca,1341012,22,0,437,13
2020-05-13,Peru,NA,Cajamarca,1341012,3,0,440,13
2020-05-14,Peru,NA,Cajamarca,1341012,12,1,452,14
2020-05-15,Peru,NA,Cajamarca,1341012,20,0,472,14
2020-05-16,Peru,NA,Cajamarca,1341012,13,3,485,17
2020-05-17,Peru,NA,Cajamarca,1341012,2,0,487,17
2020-05-18,Peru,NA,Cajamarca,1341012,20,2,507,19
2020-05-19,Peru,NA,Cajamarca,1341012,28,2,535,21
2020-05-20,Peru,NA,Cajamarca,1341012,27,0,562,21
2020-05-21,Peru,NA,Cajamarca,1341012,19,0,581,21
2020-05-22,Peru,NA,Cajamarca,1341012,29,2,610,23
2020-05-23,Peru,NA,Cajamarca,1341012,50,0,660,23
2020-05-24,Peru,NA,Cajamarca,1341012,7,0,667,23
2020-05-25,Peru,NA,Cajamarca,1341012,33,1,700,24
2020-05-26,Peru,NA,Cajamarca,1341012,31,0,731,24
2020-05-27,Peru,NA,Cajamarca,1341012,20,0,751,24
2020-05-28,Peru,NA,Cajamarca,1341012,32,2,783,26
2020-05-29,Peru,NA,Cajamarca,1341012,20,1,803,27
2020-05-30,Peru,NA,Cajamarca,1341012,17,2,820,29
2020-05-31,Peru,NA,Cajamarca,1341012,5,1,825,30
2020-06-01,Peru,NA,Cajamarca,1341012,30,1,855,31
2020-06-02,Peru,NA,Cajamarca,1341012,23,0,878,31
2020-06-03,Peru,NA,Cajamarca,1341012,34,3,912,34
2020-06-04,Peru,NA,Cajamarca,1341012,21,2,933,36
2020-06-05,Peru,NA,Cajamarca,1341012,53,0,986,36
2020-06-06,Peru,NA,Cajamarca,1341012,44,3,1030,39
2020-06-07,Peru,NA,Cajamarca,1341012,14,2,1044,41
2020-06-08,Peru,NA,Cajamarca,1341012,43,2,1087,43
2020-06-09,Peru,NA,Cajamarca,1341012,44,3,1131,46
2020-06-10,Peru,NA,Cajamarca,1341012,47,2,1178,48
2020-06-11,Peru,NA,Cajamarca,1341012,50,2,1228,50
2020-06-12,Peru,NA,Cajamarca,1341012,67,3,1295,53
2020-06-13,Peru,NA,Cajamarca,1341012,54,2,1349,55
2020-06-14,Peru,NA,Cajamarca,1341012,23,1,1372,56
2020-06-15,Peru,NA,Cajamarca,1341012,44,5,1416,61
2020-06-16,Peru,NA,Cajamarca,1341012,15,3,1431,64
2020-06-17,Peru,NA,Cajamarca,1341012,57,2,1488,66
2020-06-18,Peru,NA,Cajamarca,1341012,58,3,1546,69
2020-06-19,Peru,NA,Cajamarca,1341012,48,4,1594,73
2020-06-20,Peru,NA,Cajamarca,1341012,54,4,1648,77
2020-06-21,Peru,NA,Cajamarca,1341012,15,2,1663,79
2020-06-22,Peru,NA,Cajamarca,1341012,75,6,1738,85
2020-06-23,Peru,NA,Cajamarca,1341012,73,4,1811,89
2020-06-24,Peru,NA,Cajamarca,1341012,92,5,1903,94
2020-06-25,Peru,NA,Cajamarca,1341012,75,1,1978,95
2020-06-26,Peru,NA,Cajamarca,1341012,83,7,2061,102
2020-06-27,Peru,NA,Cajamarca,1341012,62,11,2123,113
2020-06-28,Peru,NA,Cajamarca,1341012,30,11,2153,124
2020-06-29,Peru,NA,Cajamarca,1341012,57,10,2210,134
2020-06-30,Peru,NA,Cajamarca,1341012,93,9,2303,143
2020-07-01,Peru,NA,Cajamarca,1341012,65,6,2368,149
2020-07-02,Peru,NA,Cajamarca,1341012,159,10,2527,159
2020-07-03,Peru,NA,Cajamarca,1341012,95,8,2622,167
2020-07-04,Peru,NA,Cajamarca,1341012,113,6,2735,173
2020-07-05,Peru,NA,Cajamarca,1341012,98,11,2833,184
2020-07-06,Peru,NA,Cajamarca,1341012,150,16,2983,200
2020-07-07,Peru,NA,Cajamarca,1341012,168,7,3151,207
2020-07-08,Peru,NA,Cajamarca,1341012,134,11,3285,218
2020-07-09,Peru,NA,Cajamarca,1341012,66,4,3351,222
2020-07-10,Peru,NA,Cajamarca,1341012,180,4,3531,226
2020-07-11,Peru,NA,Cajamarca,1341012,168,4,3699,230
2020-07-12,Peru,NA,Cajamarca,1341012,102,2,3801,232
2020-07-13,Peru,NA,Cajamarca,1341012,95,0,3896,232
2020-07-14,Peru,NA,Cajamarca,1341012,135,3,4031,235
2020-07-15,Peru,NA,Cajamarca,1341012,145,1,4176,236
2020-07-16,Peru,NA,Cajamarca,1341012,99,5,4275,241
2020-07-17,Peru,NA,Cajamarca,1341012,93,2,4368,243
2020-07-18,Peru,NA,Cajamarca,1341012,195,2,4563,245
2020-07-19,Peru,NA,Cajamarca,1341012,69,4,4632,249
2020-07-20,Peru,NA,Cajamarca,1341012,96,2,4728,251
2020-07-21,Peru,NA,Cajamarca,1341012,138,1,4866,252
2020-07-22,Peru,NA,Cajamarca,1341012,180,2,5046,254
2020-07-23,Peru,NA,Cajamarca,1341012,142,3,5188,257
2020-07-24,Peru,NA,Cajamarca,1341012,188,5,5376,262
2020-07-25,Peru,NA,Cajamarca,1341012,228,8,5604,270
2020-07-26,Peru,NA,Cajamarca,1341012,77,4,5681,274
2020-07-27,Peru,NA,Cajamarca,1341012,237,3,5918,277
2020-07-28,Peru,NA,Cajamarca,1341012,141,2,6059,279
2020-07-29,Peru,NA,Cajamarca,1341012,403,2,6462,281
2020-07-30,Peru,NA,Cajamarca,1341012,387,2,6849,283
2020-07-31,Peru,NA,Cajamarca,1341012,569,2,7418,285
2020-08-01,Peru,NA,Cajamarca,1341012,272,5,7690,290
2020-08-02,Peru,NA,Cajamarca,1341012,77,3,7767,293
2020-08-03,Peru,NA,Cajamarca,1341012,280,5,8047,298
2020-08-04,Peru,NA,Cajamarca,1341012,246,7,8293,305
2020-08-05,Peru,NA,Cajamarca,1341012,271,1,8564,306
2020-08-06,Peru,NA,Cajamarca,1341012,331,10,8895,316
2020-08-07,Peru,NA,Cajamarca,1341012,295,4,9190,320
2020-08-08,Peru,NA,Cajamarca,1341012,392,4,9582,324
2020-08-09,Peru,NA,Cajamarca,1341012,170,3,9752,327
2020-08-10,Peru,NA,Cajamarca,1341012,370,8,10122,335
2020-08-11,Peru,NA,Cajamarca,1341012,293,3,10415,338
2020-08-12,Peru,NA,Cajamarca,1341012,339,4,10754,342
2020-08-13,Peru,NA,Cajamarca,1341012,356,2,11110,344
2020-08-14,Peru,NA,Cajamarca,1341012,479,5,11589,349
2020-08-15,Peru,NA,Cajamarca,1341012,242,1,11831,350
2020-08-16,Peru,NA,Cajamarca,1341012,83,3,11914,353
2020-08-17,Peru,NA,Cajamarca,1341012,358,3,12272,356
2020-08-18,Peru,NA,Cajamarca,1341012,354,2,12626,358
2020-08-19,Peru,NA,Cajamarca,1341012,309,4,12935,362
2020-08-20,Peru,NA,Cajamarca,1341012,215,1,13150,363
2020-08-21,Peru,NA,Cajamarca,1341012,384,3,13534,366
2020-08-22,Peru,NA,Cajamarca,1341012,283,3,13817,369
2020-08-23,Peru,NA,Cajamarca,1341012,37,4,13854,373
2020-08-24,Peru,NA,Cajamarca,1341012,322,2,14176,375
2020-08-25,Peru,NA,Cajamarca,1341012,410,2,14586,377
2020-08-26,Peru,NA,Cajamarca,1341012,162,2,14748,379
2020-08-27,Peru,NA,Cajamarca,1341012,141,1,14889,380
2020-08-28,Peru,NA,Cajamarca,1341012,137,3,15026,383
2020-08-29,Peru,NA,Cajamarca,1341012,14,2,15040,385
2020-04-04,Peru,NA,Callao,994494,174,2,262,11
2020-04-05,Peru,NA,Callao,994494,48,1,310,12
2020-04-06,Peru,NA,Callao,994494,66,4,376,16
2020-04-07,Peru,NA,Callao,994494,51,1,427,17
2020-04-08,Peru,NA,Callao,994494,127,1,554,18
2020-04-09,Peru,NA,Callao,994494,48,3,602,21
2020-04-10,Peru,NA,Callao,994494,88,4,690,25
2020-04-11,Peru,NA,Callao,994494,303,3,993,28
2020-04-12,Peru,NA,Callao,994494,38,4,1031,32
2020-04-13,Peru,NA,Callao,994494,311,5,1342,37
2020-04-14,Peru,NA,Callao,994494,83,6,1425,43
2020-04-15,Peru,NA,Callao,994494,99,3,1524,46
2020-04-16,Peru,NA,Callao,994494,100,8,1624,54
2020-04-17,Peru,NA,Callao,994494,116,6,1740,60
2020-04-18,Peru,NA,Callao,994494,107,8,1847,68
2020-04-19,Peru,NA,Callao,994494,78,3,1925,71
2020-04-20,Peru,NA,Callao,994494,374,7,2299,78
2020-04-21,Peru,NA,Callao,994494,432,12,2731,90
2020-04-22,Peru,NA,Callao,994494,123,8,2854,98
2020-04-23,Peru,NA,Callao,994494,159,12,3013,110
2020-04-24,Peru,NA,Callao,994494,124,16,3137,126
2020-04-25,Peru,NA,Callao,994494,170,6,3307,132
2020-04-26,Peru,NA,Callao,994494,67,12,3374,144
2020-04-27,Peru,NA,Callao,994494,230,9,3604,153
2020-04-28,Peru,NA,Callao,994494,199,8,3803,161
2020-04-29,Peru,NA,Callao,994494,189,15,3992,176
2020-04-30,Peru,NA,Callao,994494,255,16,4247,192
2020-05-01,Peru,NA,Callao,994494,115,10,4362,202
2020-05-02,Peru,NA,Callao,994494,214,12,4576,214
2020-05-03,Peru,NA,Callao,994494,95,17,4671,231
2020-05-04,Peru,NA,Callao,994494,200,16,4871,247
2020-05-05,Peru,NA,Callao,994494,270,16,5141,263
2020-05-06,Peru,NA,Callao,994494,253,20,5394,283
2020-05-07,Peru,NA,Callao,994494,329,18,5723,301
2020-05-08,Peru,NA,Callao,994494,224,20,5947,321
2020-05-09,Peru,NA,Callao,994494,185,16,6132,337
2020-05-10,Peru,NA,Callao,994494,42,18,6174,355
2020-05-11,Peru,NA,Callao,994494,212,20,6386,375
2020-05-12,Peru,NA,Callao,994494,316,17,6702,392
2020-05-13,Peru,NA,Callao,994494,351,9,7053,401
2020-05-14,Peru,NA,Callao,994494,325,21,7378,422
2020-05-15,Peru,NA,Callao,994494,310,21,7688,443
2020-05-16,Peru,NA,Callao,994494,215,23,7903,466
2020-05-17,Peru,NA,Callao,994494,108,27,8011,493
2020-05-18,Peru,NA,Callao,994494,238,24,8249,517
2020-05-19,Peru,NA,Callao,994494,382,20,8631,537
2020-05-20,Peru,NA,Callao,994494,349,32,8980,569
2020-05-21,Peru,NA,Callao,994494,382,32,9362,601
2020-05-22,Peru,NA,Callao,994494,428,28,9790,629
2020-05-23,Peru,NA,Callao,994494,346,29,10136,658
2020-05-24,Peru,NA,Callao,994494,72,31,10208,689
2020-05-25,Peru,NA,Callao,994494,409,12,10617,701
2020-05-26,Peru,NA,Callao,994494,496,23,11113,724
2020-05-27,Peru,NA,Callao,994494,510,20,11623,744
2020-05-28,Peru,NA,Callao,994494,509,24,12132,768
2020-05-29,Peru,NA,Callao,994494,358,28,12490,796
2020-05-30,Peru,NA,Callao,994494,250,22,12740,818
2020-05-31,Peru,NA,Callao,994494,142,23,12882,841
2020-06-01,Peru,NA,Callao,994494,188,24,13070,865
2020-06-02,Peru,NA,Callao,994494,187,24,13257,889
2020-06-03,Peru,NA,Callao,994494,154,34,13411,923
2020-06-04,Peru,NA,Callao,994494,214,10,13625,933
2020-06-05,Peru,NA,Callao,994494,241,11,13866,944
2020-06-06,Peru,NA,Callao,994494,266,12,14132,956
2020-06-07,Peru,NA,Callao,994494,98,3,14230,959
2020-06-08,Peru,NA,Callao,994494,277,10,14507,969
2020-06-09,Peru,NA,Callao,994494,213,9,14720,978
2020-06-10,Peru,NA,Callao,994494,418,8,15138,986
2020-06-11,Peru,NA,Callao,994494,327,16,15465,1002
2020-06-12,Peru,NA,Callao,994494,291,5,15756,1007
2020-06-13,Peru,NA,Callao,994494,199,13,15955,1020
2020-06-14,Peru,NA,Callao,994494,150,12,16105,1032
2020-06-15,Peru,NA,Callao,994494,128,13,16233,1045
2020-06-16,Peru,NA,Callao,994494,94,21,16327,1066
2020-06-17,Peru,NA,Callao,994494,228,8,16555,1074
2020-06-18,Peru,NA,Callao,994494,244,7,16799,1081
2020-06-19,Peru,NA,Callao,994494,180,14,16979,1095
2020-06-20,Peru,NA,Callao,994494,136,14,17115,1109
2020-06-21,Peru,NA,Callao,994494,83,9,17198,1118
2020-06-22,Peru,NA,Callao,994494,125,5,17323,1123
2020-06-23,Peru,NA,Callao,994494,89,8,17412,1131
2020-06-24,Peru,NA,Callao,994494,90,9,17502,1140
2020-06-25,Peru,NA,Callao,994494,175,12,17677,1152
2020-06-26,Peru,NA,Callao,994494,206,12,17883,1164
2020-06-27,Peru,NA,Callao,994494,107,15,17990,1179
2020-06-28,Peru,NA,Callao,994494,30,8,18020,1187
2020-06-29,Peru,NA,Callao,994494,69,6,18089,1193
2020-06-30,Peru,NA,Callao,994494,144,8,18233,1201
2020-07-01,Peru,NA,Callao,994494,55,10,18288,1211
2020-07-02,Peru,NA,Callao,994494,52,3,18340,1214
2020-07-03,Peru,NA,Callao,994494,84,4,18424,1218
2020-07-04,Peru,NA,Callao,994494,61,8,18485,1226
2020-07-05,Peru,NA,Callao,994494,35,6,18520,1232
2020-07-06,Peru,NA,Callao,994494,87,9,18607,1241
2020-07-07,Peru,NA,Callao,994494,165,5,18772,1246
2020-07-08,Peru,NA,Callao,994494,91,10,18863,1256
2020-07-09,Peru,NA,Callao,994494,114,9,18977,1265
2020-07-10,Peru,NA,Callao,994494,115,5,19092,1270
2020-07-11,Peru,NA,Callao,994494,77,8,19169,1278
2020-07-12,Peru,NA,Callao,994494,61,7,19230,1285
2020-07-13,Peru,NA,Callao,994494,54,3,19284,1288
2020-07-14,Peru,NA,Callao,994494,60,10,19344,1298
2020-07-15,Peru,NA,Callao,994494,146,13,19490,1311
2020-07-16,Peru,NA,Callao,994494,153,7,19643,1318
2020-07-17,Peru,NA,Callao,994494,172,9,19815,1327
2020-07-18,Peru,NA,Callao,994494,135,6,19950,1333
2020-07-19,Peru,NA,Callao,994494,21,9,19971,1342
2020-07-20,Peru,NA,Callao,994494,60,3,20031,1345
2020-07-21,Peru,NA,Callao,994494,108,4,20139,1349
2020-07-22,Peru,NA,Callao,994494,175,9,20314,1358
2020-07-23,Peru,NA,Callao,994494,190,11,20504,1369
2020-07-24,Peru,NA,Callao,994494,159,6,20663,1375
2020-07-25,Peru,NA,Callao,994494,154,1,20817,1376
2020-07-26,Peru,NA,Callao,994494,70,0,20887,1376
2020-07-27,Peru,NA,Callao,994494,191,0,21078,1376
2020-07-28,Peru,NA,Callao,994494,54,0,21132,1376
2020-07-29,Peru,NA,Callao,994494,159,0,21291,1376
2020-07-30,Peru,NA,Callao,994494,183,0,21474,1376
2020-07-31,Peru,NA,Callao,994494,252,0,21726,1376
2020-08-01,Peru,NA,Callao,994494,172,0,21898,1376
2020-08-02,Peru,NA,Callao,994494,74,0,21972,1376
2020-08-03,Peru,NA,Callao,994494,268,0,22240,1376
2020-08-04,Peru,NA,Callao,994494,205,3,22445,1379
2020-08-05,Peru,NA,Callao,994494,212,7,22657,1386
2020-08-06,Peru,NA,Callao,994494,220,13,22877,1399
2020-08-07,Peru,NA,Callao,994494,181,8,23058,1407
2020-08-08,Peru,NA,Callao,994494,184,10,23242,1417
2020-08-09,Peru,NA,Callao,994494,62,5,23304,1422
2020-08-10,Peru,NA,Callao,994494,214,2,23518,1424
2020-08-11,Peru,NA,Callao,994494,318,9,23836,1433
2020-08-12,Peru,NA,Callao,994494,407,5,24243,1438
2020-08-13,Peru,NA,Callao,994494,259,6,24502,1444
2020-08-14,Peru,NA,Callao,994494,227,12,24729,1456
2020-08-15,Peru,NA,Callao,994494,250,6,24979,1462
2020-08-16,Peru,NA,Callao,994494,71,5,25050,1467
2020-08-17,Peru,NA,Callao,994494,196,12,25246,1479
2020-08-18,Peru,NA,Callao,994494,221,2,25467,1481
2020-08-19,Peru,NA,Callao,994494,227,5,25694,1486
2020-08-20,Peru,NA,Callao,994494,218,13,25912,1499
2020-08-21,Peru,NA,Callao,994494,189,6,26101,1505
2020-08-22,Peru,NA,Callao,994494,142,9,26243,1514
2020-08-23,Peru,NA,Callao,994494,16,7,26259,1521
2020-08-24,Peru,NA,Callao,994494,307,6,26566,1527
2020-08-25,Peru,NA,Callao,994494,223,6,26789,1533
2020-08-26,Peru,NA,Callao,994494,209,6,26998,1539
2020-08-27,Peru,NA,Callao,994494,169,12,27167,1551
2020-08-28,Peru,NA,Callao,994494,191,7,27358,1558
2020-08-29,Peru,NA,Callao,994494,49,5,27407,1563
2020-04-11,Peru,NA,Cusco,1205527,43,0,114,4
2020-04-13,Peru,NA,Cusco,1205527,1,0,115,4
2020-04-14,Peru,NA,Cusco,1205527,3,0,118,4
2020-04-15,Peru,NA,Cusco,1205527,1,0,119,4
2020-04-16,Peru,NA,Cusco,1205527,9,0,128,4
2020-04-17,Peru,NA,Cusco,1205527,12,0,140,4
2020-04-18,Peru,NA,Cusco,1205527,15,0,155,4
2020-04-20,Peru,NA,Cusco,1205527,15,0,170,4
2020-04-21,Peru,NA,Cusco,1205527,7,0,177,4
2020-04-22,Peru,NA,Cusco,1205527,19,1,196,5
2020-04-23,Peru,NA,Cusco,1205527,14,1,210,6
2020-04-24,Peru,NA,Cusco,1205527,3,0,213,6
2020-04-25,Peru,NA,Cusco,1205527,11,0,224,6
2020-04-26,Peru,NA,Cusco,1205527,1,1,225,7
2020-04-27,Peru,NA,Cusco,1205527,14,0,239,7
2020-04-28,Peru,NA,Cusco,1205527,23,0,262,7
2020-04-29,Peru,NA,Cusco,1205527,22,0,284,7
2020-04-30,Peru,NA,Cusco,1205527,34,0,318,7
2020-05-01,Peru,NA,Cusco,1205527,6,0,324,7
2020-05-02,Peru,NA,Cusco,1205527,13,0,337,7
2020-05-03,Peru,NA,Cusco,1205527,2,0,339,7
2020-05-04,Peru,NA,Cusco,1205527,8,0,347,7
2020-05-05,Peru,NA,Cusco,1205527,26,0,373,7
2020-05-06,Peru,NA,Cusco,1205527,50,0,423,7
2020-05-07,Peru,NA,Cusco,1205527,48,0,471,7
2020-05-08,Peru,NA,Cusco,1205527,49,0,520,7
2020-05-09,Peru,NA,Cusco,1205527,11,0,531,7
2020-05-10,Peru,NA,Cusco,1205527,2,0,533,7
2020-05-11,Peru,NA,Cusco,1205527,56,0,589,7
2020-05-12,Peru,NA,Cusco,1205527,33,1,622,8
2020-05-13,Peru,NA,Cusco,1205527,47,2,669,10
2020-05-14,Peru,NA,Cusco,1205527,31,0,700,10
2020-05-15,Peru,NA,Cusco,1205527,6,2,706,12
2020-05-16,Peru,NA,Cusco,1205527,10,0,716,12
2020-05-18,Peru,NA,Cusco,1205527,7,0,723,12
2020-05-19,Peru,NA,Cusco,1205527,40,1,763,13
2020-05-20,Peru,NA,Cusco,1205527,31,0,794,13
2020-05-21,Peru,NA,Cusco,1205527,41,0,835,13
2020-05-22,Peru,NA,Cusco,1205527,44,0,879,13
2020-05-23,Peru,NA,Cusco,1205527,32,0,911,13
2020-05-24,Peru,NA,Cusco,1205527,6,0,917,13
2020-05-25,Peru,NA,Cusco,1205527,51,0,968,13
2020-05-26,Peru,NA,Cusco,1205527,30,0,998,13
2020-05-27,Peru,NA,Cusco,1205527,37,0,1035,13
2020-05-28,Peru,NA,Cusco,1205527,46,0,1081,13
2020-05-29,Peru,NA,Cusco,1205527,57,0,1138,13
2020-05-30,Peru,NA,Cusco,1205527,19,0,1157,13
2020-05-31,Peru,NA,Cusco,1205527,1,0,1158,13
2020-06-01,Peru,NA,Cusco,1205527,25,0,1183,13
2020-06-02,Peru,NA,Cusco,1205527,23,0,1206,13
2020-06-03,Peru,NA,Cusco,1205527,14,2,1220,15
2020-06-04,Peru,NA,Cusco,1205527,30,2,1250,17
2020-06-05,Peru,NA,Cusco,1205527,18,1,1268,18
2020-06-06,Peru,NA,Cusco,1205527,40,0,1308,18
2020-06-07,Peru,NA,Cusco,1205527,20,1,1328,19
2020-06-08,Peru,NA,Cusco,1205527,17,0,1345,19
2020-06-09,Peru,NA,Cusco,1205527,37,1,1382,20
2020-06-10,Peru,NA,Cusco,1205527,35,0,1417,20
2020-06-11,Peru,NA,Cusco,1205527,19,1,1436,21
2020-06-12,Peru,NA,Cusco,1205527,48,1,1484,22
2020-06-13,Peru,NA,Cusco,1205527,18,3,1502,25
2020-06-14,Peru,NA,Cusco,1205527,9,1,1511,26
2020-06-15,Peru,NA,Cusco,1205527,15,1,1526,27
2020-06-16,Peru,NA,Cusco,1205527,13,1,1539,28
2020-06-17,Peru,NA,Cusco,1205527,22,4,1561,32
2020-06-18,Peru,NA,Cusco,1205527,13,0,1574,32
2020-06-19,Peru,NA,Cusco,1205527,21,2,1595,34
2020-06-20,Peru,NA,Cusco,1205527,35,0,1630,34
2020-06-21,Peru,NA,Cusco,1205527,1,0,1631,34
2020-06-22,Peru,NA,Cusco,1205527,16,0,1647,34
2020-06-23,Peru,NA,Cusco,1205527,29,0,1676,34
2020-06-24,Peru,NA,Cusco,1205527,14,1,1690,35
2020-06-25,Peru,NA,Cusco,1205527,18,3,1708,38
2020-06-26,Peru,NA,Cusco,1205527,41,1,1749,39
2020-06-27,Peru,NA,Cusco,1205527,31,1,1780,40
2020-06-28,Peru,NA,Cusco,1205527,6,2,1786,42
2020-06-29,Peru,NA,Cusco,1205527,29,1,1815,43
2020-06-30,Peru,NA,Cusco,1205527,27,1,1842,44
2020-07-01,Peru,NA,Cusco,1205527,18,0,1860,44
2020-07-02,Peru,NA,Cusco,1205527,36,0,1896,44
2020-07-03,Peru,NA,Cusco,1205527,27,1,1923,45
2020-07-04,Peru,NA,Cusco,1205527,45,1,1968,46
2020-07-05,Peru,NA,Cusco,1205527,26,1,1994,47
2020-07-06,Peru,NA,Cusco,1205527,40,0,2034,47
2020-07-07,Peru,NA,Cusco,1205527,38,1,2072,48
2020-07-08,Peru,NA,Cusco,1205527,28,0,2100,48
2020-07-09,Peru,NA,Cusco,1205527,25,1,2125,49
2020-07-10,Peru,NA,Cusco,1205527,94,0,2219,49
2020-07-11,Peru,NA,Cusco,1205527,87,2,2306,51
2020-07-12,Peru,NA,Cusco,1205527,13,1,2319,52
2020-07-13,Peru,NA,Cusco,1205527,82,0,2401,52
2020-07-14,Peru,NA,Cusco,1205527,67,2,2468,54
2020-07-15,Peru,NA,Cusco,1205527,70,1,2538,55
2020-07-16,Peru,NA,Cusco,1205527,54,5,2592,60
2020-07-17,Peru,NA,Cusco,1205527,85,2,2677,62
2020-07-18,Peru,NA,Cusco,1205527,120,4,2797,66
2020-07-19,Peru,NA,Cusco,1205527,25,1,2822,67
2020-07-20,Peru,NA,Cusco,1205527,86,5,2908,72
2020-07-21,Peru,NA,Cusco,1205527,138,2,3046,74
2020-07-22,Peru,NA,Cusco,1205527,214,10,3260,84
2020-07-23,Peru,NA,Cusco,1205527,61,1,3321,85
2020-07-24,Peru,NA,Cusco,1205527,175,1,3496,86
2020-07-25,Peru,NA,Cusco,1205527,188,4,3684,90
2020-07-26,Peru,NA,Cusco,1205527,172,2,3856,92
2020-07-27,Peru,NA,Cusco,1205527,153,2,4009,94
2020-07-28,Peru,NA,Cusco,1205527,86,5,4095,99
2020-07-29,Peru,NA,Cusco,1205527,254,2,4349,101
2020-07-30,Peru,NA,Cusco,1205527,198,6,4547,107
2020-07-31,Peru,NA,Cusco,1205527,334,8,4881,115
2020-08-01,Peru,NA,Cusco,1205527,160,10,5041,125
2020-08-02,Peru,NA,Cusco,1205527,80,9,5121,134
2020-08-03,Peru,NA,Cusco,1205527,236,4,5357,138
2020-08-04,Peru,NA,Cusco,1205527,258,10,5615,148
2020-08-05,Peru,NA,Cusco,1205527,240,2,5855,150
2020-08-06,Peru,NA,Cusco,1205527,312,8,6167,158
2020-08-07,Peru,NA,Cusco,1205527,344,6,6511,164
2020-08-08,Peru,NA,Cusco,1205527,194,6,6705,170
2020-08-09,Peru,NA,Cusco,1205527,222,1,6927,171
2020-08-10,Peru,NA,Cusco,1205527,318,6,7245,177
2020-08-11,Peru,NA,Cusco,1205527,391,5,7636,182
2020-08-12,Peru,NA,Cusco,1205527,373,7,8009,189
2020-08-13,Peru,NA,Cusco,1205527,400,5,8409,194
2020-08-14,Peru,NA,Cusco,1205527,390,9,8799,203
2020-08-15,Peru,NA,Cusco,1205527,303,4,9102,207
2020-08-16,Peru,NA,Cusco,1205527,63,6,9165,213
2020-08-17,Peru,NA,Cusco,1205527,337,5,9502,218
2020-08-18,Peru,NA,Cusco,1205527,463,6,9965,224
2020-08-19,Peru,NA,Cusco,1205527,437,10,10402,234
2020-08-20,Peru,NA,Cusco,1205527,743,12,11145,246
2020-08-21,Peru,NA,Cusco,1205527,642,8,11787,254
2020-08-22,Peru,NA,Cusco,1205527,526,7,12313,261
2020-08-23,Peru,NA,Cusco,1205527,64,3,12377,264
2020-08-24,Peru,NA,Cusco,1205527,577,9,12954,273
2020-08-25,Peru,NA,Cusco,1205527,556,7,13510,280
2020-08-26,Peru,NA,Cusco,1205527,334,9,13844,289
2020-08-27,Peru,NA,Cusco,1205527,336,13,14180,302
2020-08-28,Peru,NA,Cusco,1205527,646,8,14826,310
2020-08-29,Peru,NA,Cusco,1205527,147,11,14973,321
2020-04-29,Peru,NA,Huancavelica,347639,20,0,118,2
2020-04-30,Peru,NA,Huancavelica,347639,17,0,135,2
2020-05-01,Peru,NA,Huancavelica,347639,68,0,203,2
2020-05-02,Peru,NA,Huancavelica,347639,61,0,264,2
2020-05-03,Peru,NA,Huancavelica,347639,25,0,289,2
2020-05-04,Peru,NA,Huancavelica,347639,12,0,301,2
2020-05-05,Peru,NA,Huancavelica,347639,36,0,337,2
2020-05-06,Peru,NA,Huancavelica,347639,3,0,340,2
2020-05-07,Peru,NA,Huancavelica,347639,5,0,345,2
2020-05-08,Peru,NA,Huancavelica,347639,13,0,358,2
2020-05-09,Peru,NA,Huancavelica,347639,5,0,363,2
2020-05-10,Peru,NA,Huancavelica,347639,1,0,364,2
2020-05-11,Peru,NA,Huancavelica,347639,1,0,365,2
2020-05-12,Peru,NA,Huancavelica,347639,1,0,366,2
2020-05-13,Peru,NA,Huancavelica,347639,5,0,371,2
2020-05-14,Peru,NA,Huancavelica,347639,12,0,383,2
2020-05-15,Peru,NA,Huancavelica,347639,6,0,389,2
2020-05-16,Peru,NA,Huancavelica,347639,5,0,394,2
2020-05-17,Peru,NA,Huancavelica,347639,9,0,403,2
2020-05-18,Peru,NA,Huancavelica,347639,6,0,409,2
2020-05-19,Peru,NA,Huancavelica,347639,16,0,425,2
2020-05-20,Peru,NA,Huancavelica,347639,10,0,435,2
2020-05-21,Peru,NA,Huancavelica,347639,17,0,452,2
2020-05-22,Peru,NA,Huancavelica,347639,24,0,476,2
2020-05-23,Peru,NA,Huancavelica,347639,6,0,482,2
2020-05-24,Peru,NA,Huancavelica,347639,7,0,489,2
2020-05-25,Peru,NA,Huancavelica,347639,12,0,501,2
2020-05-26,Peru,NA,Huancavelica,347639,9,0,510,2
2020-05-27,Peru,NA,Huancavelica,347639,14,0,524,2
2020-05-28,Peru,NA,Huancavelica,347639,10,0,534,2
2020-05-29,Peru,NA,Huancavelica,347639,11,0,545,2
2020-05-30,Peru,NA,Huancavelica,347639,11,0,556,2
2020-05-31,Peru,NA,Huancavelica,347639,3,0,559,2
2020-06-01,Peru,NA,Huancavelica,347639,12,0,571,2
2020-06-02,Peru,NA,Huancavelica,347639,5,0,576,2
2020-06-03,Peru,NA,Huancavelica,347639,29,1,605,3
2020-06-04,Peru,NA,Huancavelica,347639,14,0,619,3
2020-06-05,Peru,NA,Huancavelica,347639,7,0,626,3
2020-06-06,Peru,NA,Huancavelica,347639,11,2,637,5
2020-06-07,Peru,NA,Huancavelica,347639,13,0,650,5
2020-06-08,Peru,NA,Huancavelica,347639,13,1,663,6
2020-06-09,Peru,NA,Huancavelica,347639,16,0,679,6
2020-06-10,Peru,NA,Huancavelica,347639,17,0,696,6
2020-06-11,Peru,NA,Huancavelica,347639,17,0,713,6
2020-06-12,Peru,NA,Huancavelica,347639,13,0,726,6
2020-06-13,Peru,NA,Huancavelica,347639,12,1,738,7
2020-06-14,Peru,NA,Huancavelica,347639,6,0,744,7
2020-06-15,Peru,NA,Huancavelica,347639,14,2,758,9
2020-06-16,Peru,NA,Huancavelica,347639,3,2,761,11
2020-06-17,Peru,NA,Huancavelica,347639,4,0,765,11
2020-06-18,Peru,NA,Huancavelica,347639,3,0,768,11
2020-06-19,Peru,NA,Huancavelica,347639,7,0,775,11
2020-06-20,Peru,NA,Huancavelica,347639,11,0,786,11
2020-06-21,Peru,NA,Huancavelica,347639,4,0,790,11
2020-06-22,Peru,NA,Huancavelica,347639,6,0,796,11
2020-06-23,Peru,NA,Huancavelica,347639,13,1,809,12
2020-06-24,Peru,NA,Huancavelica,347639,19,0,828,12
2020-06-25,Peru,NA,Huancavelica,347639,11,1,839,13
2020-06-26,Peru,NA,Huancavelica,347639,4,0,843,13
2020-06-27,Peru,NA,Huancavelica,347639,25,0,868,13
2020-06-28,Peru,NA,Huancavelica,347639,8,0,876,13
2020-06-29,Peru,NA,Huancavelica,347639,15,0,891,13
2020-06-30,Peru,NA,Huancavelica,347639,7,1,898,14
2020-07-01,Peru,NA,Huancavelica,347639,11,0,909,14
2020-07-02,Peru,NA,Huancavelica,347639,11,1,920,15
2020-07-03,Peru,NA,Huancavelica,347639,15,0,935,15
2020-07-04,Peru,NA,Huancavelica,347639,18,2,953,17
2020-07-05,Peru,NA,Huancavelica,347639,24,1,977,18
2020-07-06,Peru,NA,Huancavelica,347639,24,2,1001,20
2020-07-07,Peru,NA,Huancavelica,347639,14,1,1015,21
2020-07-08,Peru,NA,Huancavelica,347639,11,3,1026,24
2020-07-09,Peru,NA,Huancavelica,347639,9,2,1035,26
2020-07-10,Peru,NA,Huancavelica,347639,20,0,1055,26
2020-07-11,Peru,NA,Huancavelica,347639,16,0,1071,26
2020-07-12,Peru,NA,Huancavelica,347639,24,0,1095,26
2020-07-13,Peru,NA,Huancavelica,347639,15,0,1110,26
2020-07-14,Peru,NA,Huancavelica,347639,19,0,1129,26
2020-07-15,Peru,NA,Huancavelica,347639,10,0,1139,26
2020-07-16,Peru,NA,Huancavelica,347639,18,2,1157,28
2020-07-17,Peru,NA,Huancavelica,347639,49,1,1206,29
2020-07-18,Peru,NA,Huancavelica,347639,27,0,1233,29
2020-07-19,Peru,NA,Huancavelica,347639,17,1,1250,30
2020-07-20,Peru,NA,Huancavelica,347639,42,0,1292,30
2020-07-21,Peru,NA,Huancavelica,347639,6,2,1298,32
2020-07-22,Peru,NA,Huancavelica,347639,59,0,1357,32
2020-07-23,Peru,NA,Huancavelica,347639,64,2,1421,34
2020-07-24,Peru,NA,Huancavelica,347639,32,0,1453,34
2020-07-25,Peru,NA,Huancavelica,347639,39,3,1492,37
2020-07-26,Peru,NA,Huancavelica,347639,31,1,1523,38
2020-07-27,Peru,NA,Huancavelica,347639,41,0,1564,38
2020-07-28,Peru,NA,Huancavelica,347639,40,0,1604,38
2020-07-29,Peru,NA,Huancavelica,347639,102,1,1706,39
2020-07-30,Peru,NA,Huancavelica,347639,55,0,1761,39
2020-07-31,Peru,NA,Huancavelica,347639,70,0,1831,39
2020-08-01,Peru,NA,Huancavelica,347639,76,0,1907,39
2020-08-02,Peru,NA,Huancavelica,347639,24,1,1931,40
2020-08-03,Peru,NA,Huancavelica,347639,60,0,1991,40
2020-08-04,Peru,NA,Huancavelica,347639,84,0,2075,40
2020-08-05,Peru,NA,Huancavelica,347639,88,0,2163,40
2020-08-06,Peru,NA,Huancavelica,347639,98,2,2261,42
2020-08-07,Peru,NA,Huancavelica,347639,134,0,2395,42
2020-08-08,Peru,NA,Huancavelica,347639,119,2,2514,44
2020-08-09,Peru,NA,Huancavelica,347639,30,1,2544,45
2020-08-10,Peru,NA,Huancavelica,347639,83,5,2627,50
2020-08-11,Peru,NA,Huancavelica,347639,137,1,2764,51
2020-08-12,Peru,NA,Huancavelica,347639,162,2,2926,53
2020-08-13,Peru,NA,Huancavelica,347639,160,5,3086,58
2020-08-14,Peru,NA,Huancavelica,347639,117,2,3203,60
2020-08-15,Peru,NA,Huancavelica,347639,146,0,3349,60
2020-08-16,Peru,NA,Huancavelica,347639,69,2,3418,62
2020-08-17,Peru,NA,Huancavelica,347639,148,0,3566,62
2020-08-18,Peru,NA,Huancavelica,347639,150,1,3716,63
2020-08-19,Peru,NA,Huancavelica,347639,208,0,3924,63
2020-08-20,Peru,NA,Huancavelica,347639,133,1,4057,64
2020-08-21,Peru,NA,Huancavelica,347639,105,2,4162,66
2020-08-22,Peru,NA,Huancavelica,347639,71,3,4233,69
2020-08-23,Peru,NA,Huancavelica,347639,9,4,4242,73
2020-08-24,Peru,NA,Huancavelica,347639,76,4,4318,77
2020-08-25,Peru,NA,Huancavelica,347639,142,0,4460,77
2020-08-26,Peru,NA,Huancavelica,347639,99,0,4559,77
2020-08-27,Peru,NA,Huancavelica,347639,39,3,4598,80
2020-08-28,Peru,NA,Huancavelica,347639,65,2,4663,82
2020-08-29,Peru,NA,Huancavelica,347639,21,2,4684,84
2020-04-17,Peru,NA,Huanuco,721047,38,0,116,1
2020-04-18,Peru,NA,Huanuco,721047,20,0,136,1
2020-04-19,Peru,NA,Huanuco,721047,4,0,140,1
2020-04-20,Peru,NA,Huanuco,721047,7,0,147,1
2020-04-21,Peru,NA,Huanuco,721047,10,0,157,1
2020-04-22,Peru,NA,Huanuco,721047,5,0,162,1
2020-04-23,Peru,NA,Huanuco,721047,9,0,171,1
2020-04-24,Peru,NA,Huanuco,721047,9,0,180,1
2020-04-25,Peru,NA,Huanuco,721047,48,0,228,1
2020-04-26,Peru,NA,Huanuco,721047,6,0,234,1
2020-04-27,Peru,NA,Huanuco,721047,20,0,254,1
2020-04-28,Peru,NA,Huanuco,721047,15,0,269,1
2020-04-29,Peru,NA,Huanuco,721047,13,0,282,1
2020-04-30,Peru,NA,Huanuco,721047,19,1,301,2
2020-05-01,Peru,NA,Huanuco,721047,8,1,309,3
2020-05-02,Peru,NA,Huanuco,721047,3,1,312,4
2020-05-03,Peru,NA,Huanuco,721047,4,0,316,4
2020-05-04,Peru,NA,Huanuco,721047,16,1,332,5
2020-05-05,Peru,NA,Huanuco,721047,10,3,342,8
2020-05-06,Peru,NA,Huanuco,721047,11,1,353,9
2020-05-07,Peru,NA,Huanuco,721047,12,1,365,10
2020-05-08,Peru,NA,Huanuco,721047,5,0,370,10
2020-05-09,Peru,NA,Huanuco,721047,13,1,383,11
2020-05-10,Peru,NA,Huanuco,721047,2,0,385,11
2020-05-11,Peru,NA,Huanuco,721047,16,0,401,11
2020-05-12,Peru,NA,Huanuco,721047,13,0,414,11
2020-05-13,Peru,NA,Huanuco,721047,62,0,476,11
2020-05-14,Peru,NA,Huanuco,721047,26,0,502,11
2020-05-15,Peru,NA,Huanuco,721047,23,1,525,12
2020-05-16,Peru,NA,Huanuco,721047,8,1,533,13
2020-05-17,Peru,NA,Huanuco,721047,5,2,538,15
2020-05-18,Peru,NA,Huanuco,721047,17,0,555,15
2020-05-19,Peru,NA,Huanuco,721047,20,1,575,16
2020-05-20,Peru,NA,Huanuco,721047,17,2,592,18
2020-05-21,Peru,NA,Huanuco,721047,10,3,602,21
2020-05-22,Peru,NA,Huanuco,721047,36,2,638,23
2020-05-23,Peru,NA,Huanuco,721047,22,1,660,24
2020-05-24,Peru,NA,Huanuco,721047,7,0,667,24
2020-05-25,Peru,NA,Huanuco,721047,30,1,697,25
2020-05-26,Peru,NA,Huanuco,721047,21,1,718,26
2020-05-27,Peru,NA,Huanuco,721047,32,4,750,30
2020-05-28,Peru,NA,Huanuco,721047,24,2,774,32
2020-05-29,Peru,NA,Huanuco,721047,33,2,807,34
2020-05-30,Peru,NA,Huanuco,721047,10,2,817,36
2020-05-31,Peru,NA,Huanuco,721047,9,1,826,37
2020-06-01,Peru,NA,Huanuco,721047,19,0,845,37
2020-06-02,Peru,NA,Huanuco,721047,28,1,873,38
2020-06-03,Peru,NA,Huanuco,721047,38,0,911,38
2020-06-04,Peru,NA,Huanuco,721047,80,3,991,41
2020-06-05,Peru,NA,Huanuco,721047,43,2,1034,43
2020-06-06,Peru,NA,Huanuco,721047,15,4,1049,47
2020-06-07,Peru,NA,Huanuco,721047,14,3,1063,50
2020-06-08,Peru,NA,Huanuco,721047,43,4,1106,54
2020-06-09,Peru,NA,Huanuco,721047,35,3,1141,57
2020-06-10,Peru,NA,Huanuco,721047,36,5,1177,62
2020-06-11,Peru,NA,Huanuco,721047,91,3,1268,65
2020-06-12,Peru,NA,Huanuco,721047,52,3,1320,68
2020-06-13,Peru,NA,Huanuco,721047,49,2,1369,70
2020-06-14,Peru,NA,Huanuco,721047,23,4,1392,74
2020-06-15,Peru,NA,Huanuco,721047,63,5,1455,79
2020-06-16,Peru,NA,Huanuco,721047,37,5,1492,84
2020-06-17,Peru,NA,Huanuco,721047,43,5,1535,89
2020-06-18,Peru,NA,Huanuco,721047,71,2,1606,91
2020-06-19,Peru,NA,Huanuco,721047,61,6,1667,97
2020-06-20,Peru,NA,Huanuco,721047,40,3,1707,100
2020-06-21,Peru,NA,Huanuco,721047,25,8,1732,108
2020-06-22,Peru,NA,Huanuco,721047,34,4,1766,112
2020-06-23,Peru,NA,Huanuco,721047,46,3,1812,115
2020-06-24,Peru,NA,Huanuco,721047,75,5,1887,120
2020-06-25,Peru,NA,Huanuco,721047,59,4,1946,124
2020-06-26,Peru,NA,Huanuco,721047,51,6,1997,130
2020-06-27,Peru,NA,Huanuco,721047,99,3,2096,133
2020-06-28,Peru,NA,Huanuco,721047,81,3,2177,136
2020-06-29,Peru,NA,Huanuco,721047,77,10,2254,146
2020-06-30,Peru,NA,Huanuco,721047,95,0,2349,146
2020-07-01,Peru,NA,Huanuco,721047,82,5,2431,151
2020-07-02,Peru,NA,Huanuco,721047,71,3,2502,154
2020-07-03,Peru,NA,Huanuco,721047,204,3,2706,157
2020-07-04,Peru,NA,Huanuco,721047,242,5,2948,162
2020-07-05,Peru,NA,Huanuco,721047,37,3,2985,165
2020-07-06,Peru,NA,Huanuco,721047,109,4,3094,169
2020-07-07,Peru,NA,Huanuco,721047,122,3,3216,172
2020-07-08,Peru,NA,Huanuco,721047,44,2,3260,174
2020-07-09,Peru,NA,Huanuco,721047,118,2,3378,176
2020-07-10,Peru,NA,Huanuco,721047,119,3,3497,179
2020-07-11,Peru,NA,Huanuco,721047,233,2,3730,181
2020-07-12,Peru,NA,Huanuco,721047,182,9,3912,190
2020-07-13,Peru,NA,Huanuco,721047,71,6,3983,196
2020-07-14,Peru,NA,Huanuco,721047,195,5,4178,201
2020-07-15,Peru,NA,Huanuco,721047,111,5,4289,206
2020-07-16,Peru,NA,Huanuco,721047,140,5,4429,211
2020-07-17,Peru,NA,Huanuco,721047,204,3,4633,214
2020-07-18,Peru,NA,Huanuco,721047,206,4,4839,218
2020-07-19,Peru,NA,Huanuco,721047,86,2,4925,220
2020-07-20,Peru,NA,Huanuco,721047,56,3,4981,223
2020-07-21,Peru,NA,Huanuco,721047,124,5,5105,228
2020-07-22,Peru,NA,Huanuco,721047,129,2,5234,230
2020-07-23,Peru,NA,Huanuco,721047,130,5,5364,235
2020-07-24,Peru,NA,Huanuco,721047,247,3,5611,238
2020-07-25,Peru,NA,Huanuco,721047,132,4,5743,242
2020-07-26,Peru,NA,Huanuco,721047,57,2,5800,244
2020-07-27,Peru,NA,Huanuco,721047,241,1,6041,245
2020-07-28,Peru,NA,Huanuco,721047,171,0,6212,245
2020-07-29,Peru,NA,Huanuco,721047,270,2,6482,247
2020-07-30,Peru,NA,Huanuco,721047,258,2,6740,249
2020-07-31,Peru,NA,Huanuco,721047,181,1,6921,250
2020-08-01,Peru,NA,Huanuco,721047,208,2,7129,252
2020-08-02,Peru,NA,Huanuco,721047,125,1,7254,253
2020-08-03,Peru,NA,Huanuco,721047,195,6,7449,259
2020-08-04,Peru,NA,Huanuco,721047,159,6,7608,265
2020-08-05,Peru,NA,Huanuco,721047,198,1,7806,266
2020-08-06,Peru,NA,Huanuco,721047,162,2,7968,268
2020-08-07,Peru,NA,Huanuco,721047,201,7,8169,275
2020-08-08,Peru,NA,Huanuco,721047,147,3,8316,278
2020-08-09,Peru,NA,Huanuco,721047,127,2,8443,280
2020-08-10,Peru,NA,Huanuco,721047,214,3,8657,283
2020-08-11,Peru,NA,Huanuco,721047,210,0,8867,283
2020-08-12,Peru,NA,Huanuco,721047,189,1,9056,284
2020-08-13,Peru,NA,Huanuco,721047,243,1,9299,285
2020-08-14,Peru,NA,Huanuco,721047,239,7,9538,292
2020-08-15,Peru,NA,Huanuco,721047,404,2,9942,294
2020-08-16,Peru,NA,Huanuco,721047,100,1,10042,295
2020-08-17,Peru,NA,Huanuco,721047,198,1,10240,296
2020-08-18,Peru,NA,Huanuco,721047,213,5,10453,301
2020-08-19,Peru,NA,Huanuco,721047,199,4,10652,305
2020-08-20,Peru,NA,Huanuco,721047,195,1,10847,306
2020-08-21,Peru,NA,Huanuco,721047,167,3,11014,309
2020-08-22,Peru,NA,Huanuco,721047,93,3,11107,312
2020-08-23,Peru,NA,Huanuco,721047,30,4,11137,316
2020-08-24,Peru,NA,Huanuco,721047,205,2,11342,318
2020-08-25,Peru,NA,Huanuco,721047,283,1,11625,319
2020-08-26,Peru,NA,Huanuco,721047,134,2,11759,321
2020-08-27,Peru,NA,Huanuco,721047,111,3,11870,324
2020-08-28,Peru,NA,Huanuco,721047,151,0,12021,324
2020-08-29,Peru,NA,Huanuco,721047,28,3,12049,327
2020-04-13,Peru,NA,Ica,850765,27,3,116,14
2020-04-14,Peru,NA,Ica,850765,6,2,122,16
2020-04-15,Peru,NA,Ica,850765,14,1,136,17
2020-04-16,Peru,NA,Ica,850765,23,1,159,18
2020-04-17,Peru,NA,Ica,850765,22,2,181,20
2020-04-18,Peru,NA,Ica,850765,19,1,200,21
2020-04-19,Peru,NA,Ica,850765,4,2,204,23
2020-04-20,Peru,NA,Ica,850765,28,1,232,24
2020-04-21,Peru,NA,Ica,850765,22,2,254,26
2020-04-22,Peru,NA,Ica,850765,32,5,286,31
2020-04-23,Peru,NA,Ica,850765,34,5,320,36
2020-04-24,Peru,NA,Ica,850765,16,2,336,38
2020-04-25,Peru,NA,Ica,850765,30,5,366,43
2020-04-26,Peru,NA,Ica,850765,10,3,376,46
2020-04-27,Peru,NA,Ica,850765,51,3,427,49
2020-04-28,Peru,NA,Ica,850765,92,5,519,54
2020-04-29,Peru,NA,Ica,850765,134,3,653,57
2020-04-30,Peru,NA,Ica,850765,53,9,706,66
2020-05-01,Peru,NA,Ica,850765,37,7,743,73
2020-05-02,Peru,NA,Ica,850765,52,4,795,77
2020-05-03,Peru,NA,Ica,850765,31,8,826,85
2020-05-04,Peru,NA,Ica,850765,70,8,896,93
2020-05-05,Peru,NA,Ica,850765,43,6,939,99
2020-05-06,Peru,NA,Ica,850765,65,8,1004,107
2020-05-07,Peru,NA,Ica,850765,78,6,1082,113
2020-05-08,Peru,NA,Ica,850765,102,8,1184,121
2020-05-09,Peru,NA,Ica,850765,38,3,1222,124
2020-05-10,Peru,NA,Ica,850765,12,3,1234,127
2020-05-11,Peru,NA,Ica,850765,43,14,1277,141
2020-05-12,Peru,NA,Ica,850765,98,5,1375,146
2020-05-13,Peru,NA,Ica,850765,77,6,1452,152
2020-05-14,Peru,NA,Ica,850765,90,5,1542,157
2020-05-15,Peru,NA,Ica,850765,104,6,1646,163
2020-05-16,Peru,NA,Ica,850765,122,6,1768,169
2020-05-17,Peru,NA,Ica,850765,34,4,1802,173
2020-05-18,Peru,NA,Ica,850765,184,11,1986,184
2020-05-19,Peru,NA,Ica,850765,95,12,2081,196
2020-05-20,Peru,NA,Ica,850765,107,12,2188,208
2020-05-21,Peru,NA,Ica,850765,178,7,2366,215
2020-05-22,Peru,NA,Ica,850765,108,15,2474,230
2020-05-23,Peru,NA,Ica,850765,92,3,2566,233
2020-05-24,Peru,NA,Ica,850765,20,15,2586,248
2020-05-25,Peru,NA,Ica,850765,247,14,2833,262
2020-05-26,Peru,NA,Ica,850765,170,14,3003,276
2020-05-27,Peru,NA,Ica,850765,210,6,3213,282
2020-05-28,Peru,NA,Ica,850765,132,13,3345,295
2020-05-29,Peru,NA,Ica,850765,297,18,3642,313
2020-05-30,Peru,NA,Ica,850765,108,12,3750,325
2020-05-31,Peru,NA,Ica,850765,28,16,3778,341
2020-06-01,Peru,NA,Ica,850765,178,23,3956,364
2020-06-02,Peru,NA,Ica,850765,194,11,4150,375
2020-06-03,Peru,NA,Ica,850765,129,25,4279,400
2020-06-04,Peru,NA,Ica,850765,101,24,4380,424
2020-06-05,Peru,NA,Ica,850765,107,14,4487,438
2020-06-06,Peru,NA,Ica,850765,150,19,4637,457
2020-06-07,Peru,NA,Ica,850765,78,13,4715,470
2020-06-08,Peru,NA,Ica,850765,159,15,4874,485
2020-06-09,Peru,NA,Ica,850765,152,16,5026,501
2020-06-10,Peru,NA,Ica,850765,190,23,5216,524
2020-06-11,Peru,NA,Ica,850765,169,18,5385,542
2020-06-12,Peru,NA,Ica,850765,188,14,5573,556
2020-06-13,Peru,NA,Ica,850765,153,22,5726,578
2020-06-14,Peru,NA,Ica,850765,28,23,5754,601
2020-06-15,Peru,NA,Ica,850765,123,12,5877,613
2020-06-16,Peru,NA,Ica,850765,89,26,5966,639
2020-06-17,Peru,NA,Ica,850765,172,20,6138,659
2020-06-18,Peru,NA,Ica,850765,79,23,6217,682
2020-06-19,Peru,NA,Ica,850765,106,16,6323,698
2020-06-20,Peru,NA,Ica,850765,124,30,6447,728
2020-06-21,Peru,NA,Ica,850765,44,23,6491,751
2020-06-22,Peru,NA,Ica,850765,203,20,6694,771
2020-06-23,Peru,NA,Ica,850765,167,20,6861,791
2020-06-24,Peru,NA,Ica,850765,143,21,7004,812
2020-06-25,Peru,NA,Ica,850765,142,23,7146,835
2020-06-26,Peru,NA,Ica,850765,211,16,7357,851
2020-06-27,Peru,NA,Ica,850765,157,14,7514,865
2020-06-28,Peru,NA,Ica,850765,96,18,7610,883
2020-06-29,Peru,NA,Ica,850765,133,16,7743,899
2020-06-30,Peru,NA,Ica,850765,93,18,7836,917
2020-07-01,Peru,NA,Ica,850765,176,12,8012,929
2020-07-02,Peru,NA,Ica,850765,164,6,8176,935
2020-07-03,Peru,NA,Ica,850765,181,11,8357,946
2020-07-04,Peru,NA,Ica,850765,176,16,8533,962
2020-07-05,Peru,NA,Ica,850765,134,10,8667,972
2020-07-06,Peru,NA,Ica,850765,190,12,8857,984
2020-07-07,Peru,NA,Ica,850765,159,15,9016,999
2020-07-08,Peru,NA,Ica,850765,97,8,9113,1007
2020-07-09,Peru,NA,Ica,850765,116,12,9229,1019
2020-07-10,Peru,NA,Ica,850765,185,14,9414,1033
2020-07-11,Peru,NA,Ica,850765,153,16,9567,1049
2020-07-12,Peru,NA,Ica,850765,56,13,9623,1062
2020-07-13,Peru,NA,Ica,850765,96,10,9719,1072
2020-07-14,Peru,NA,Ica,850765,178,14,9897,1086
2020-07-15,Peru,NA,Ica,850765,203,8,10100,1094
2020-07-16,Peru,NA,Ica,850765,207,10,10307,1104
2020-07-17,Peru,NA,Ica,850765,334,11,10641,1115
2020-07-18,Peru,NA,Ica,850765,260,7,10901,1122
2020-07-19,Peru,NA,Ica,850765,58,9,10959,1131
2020-07-20,Peru,NA,Ica,850765,91,10,11050,1141
2020-07-21,Peru,NA,Ica,850765,200,9,11250,1150
2020-07-22,Peru,NA,Ica,850765,256,7,11506,1157
2020-07-23,Peru,NA,Ica,850765,421,10,11927,1167
2020-07-24,Peru,NA,Ica,850765,218,6,12145,1173
2020-07-25,Peru,NA,Ica,850765,244,5,12389,1178
2020-07-26,Peru,NA,Ica,850765,84,6,12473,1184
2020-07-27,Peru,NA,Ica,850765,250,11,12723,1195
2020-07-28,Peru,NA,Ica,850765,113,7,12836,1202
2020-07-29,Peru,NA,Ica,850765,167,10,13003,1212
2020-07-30,Peru,NA,Ica,850765,224,7,13227,1219
2020-07-31,Peru,NA,Ica,850765,327,10,13554,1229
2020-08-01,Peru,NA,Ica,850765,223,11,13777,1240
2020-08-02,Peru,NA,Ica,850765,57,11,13834,1251
2020-08-03,Peru,NA,Ica,850765,324,12,14158,1263
2020-08-04,Peru,NA,Ica,850765,296,13,14454,1276
2020-08-05,Peru,NA,Ica,850765,301,12,14755,1288
2020-08-06,Peru,NA,Ica,850765,412,11,15167,1299
2020-08-07,Peru,NA,Ica,850765,318,11,15485,1310
2020-08-08,Peru,NA,Ica,850765,267,7,15752,1317
2020-08-09,Peru,NA,Ica,850765,106,7,15858,1324
2020-08-10,Peru,NA,Ica,850765,428,11,16286,1335
2020-08-11,Peru,NA,Ica,850765,285,6,16571,1341
2020-08-12,Peru,NA,Ica,850765,218,6,16789,1347
2020-08-13,Peru,NA,Ica,850765,237,1,17026,1348
2020-08-14,Peru,NA,Ica,850765,246,5,17272,1353
2020-08-15,Peru,NA,Ica,850765,154,5,17426,1358
2020-08-16,Peru,NA,Ica,850765,61,13,17487,1371
2020-08-17,Peru,NA,Ica,850765,280,12,17767,1383
2020-08-18,Peru,NA,Ica,850765,220,6,17987,1389
2020-08-19,Peru,NA,Ica,850765,292,2,18279,1391
2020-08-20,Peru,NA,Ica,850765,272,14,18551,1405
2020-08-21,Peru,NA,Ica,850765,268,6,18819,1411
2020-08-22,Peru,NA,Ica,850765,236,7,19055,1418
2020-08-23,Peru,NA,Ica,850765,4,3,19059,1421
2020-08-24,Peru,NA,Ica,850765,323,5,19382,1426
2020-08-25,Peru,NA,Ica,850765,564,3,19946,1429
2020-08-26,Peru,NA,Ica,850765,209,5,20155,1434
2020-08-27,Peru,NA,Ica,850765,287,7,20442,1441
2020-08-28,Peru,NA,Ica,850765,258,5,20700,1446
2020-08-29,Peru,NA,Ica,850765,36,5,20736,1451
2020-04-14,Peru,NA,Junin,1246038,33,2,115,5
2020-04-15,Peru,NA,Junin,1246038,12,0,127,5
2020-04-16,Peru,NA,Junin,1246038,28,0,155,5
2020-04-17,Peru,NA,Junin,1246038,20,0,175,5
2020-04-18,Peru,NA,Junin,1246038,14,2,189,7
2020-04-19,Peru,NA,Junin,1246038,5,1,194,8
2020-04-20,Peru,NA,Junin,1246038,19,0,213,8
2020-04-21,Peru,NA,Junin,1246038,28,0,241,8
2020-04-22,Peru,NA,Junin,1246038,20,1,261,9
2020-04-23,Peru,NA,Junin,1246038,22,1,283,10
2020-04-24,Peru,NA,Junin,1246038,11,0,294,10
2020-04-25,Peru,NA,Junin,1246038,15,1,309,11
2020-04-26,Peru,NA,Junin,1246038,12,2,321,13
2020-04-27,Peru,NA,Junin,1246038,33,1,354,14
2020-04-28,Peru,NA,Junin,1246038,43,0,397,14
2020-04-29,Peru,NA,Junin,1246038,45,0,442,14
2020-04-30,Peru,NA,Junin,1246038,66,0,508,14
2020-05-01,Peru,NA,Junin,1246038,26,0,534,14
2020-05-02,Peru,NA,Junin,1246038,55,2,589,16
2020-05-03,Peru,NA,Junin,1246038,48,1,637,17
2020-05-04,Peru,NA,Junin,1246038,49,3,686,20
2020-05-05,Peru,NA,Junin,1246038,69,0,755,20
2020-05-06,Peru,NA,Junin,1246038,57,0,812,20
2020-05-07,Peru,NA,Junin,1246038,63,0,875,20
2020-05-08,Peru,NA,Junin,1246038,41,4,916,24
2020-05-09,Peru,NA,Junin,1246038,35,3,951,27
2020-05-10,Peru,NA,Junin,1246038,18,6,969,33
2020-05-11,Peru,NA,Junin,1246038,44,2,1013,35
2020-05-12,Peru,NA,Junin,1246038,38,2,1051,37
2020-05-13,Peru,NA,Junin,1246038,74,3,1125,40
2020-05-14,Peru,NA,Junin,1246038,29,0,1154,40
2020-05-15,Peru,NA,Junin,1246038,48,1,1202,41
2020-05-16,Peru,NA,Junin,1246038,43,1,1245,42
2020-05-17,Peru,NA,Junin,1246038,8,5,1253,47
2020-05-18,Peru,NA,Junin,1246038,102,3,1355,50
2020-05-19,Peru,NA,Junin,1246038,41,1,1396,51
2020-05-20,Peru,NA,Junin,1246038,45,3,1441,54
2020-05-21,Peru,NA,Junin,1246038,39,3,1480,57
2020-05-22,Peru,NA,Junin,1246038,54,2,1534,59
2020-05-23,Peru,NA,Junin,1246038,38,1,1572,60
2020-05-24,Peru,NA,Junin,1246038,21,1,1593,61
2020-05-25,Peru,NA,Junin,1246038,51,2,1644,63
2020-05-26,Peru,NA,Junin,1246038,53,3,1697,66
2020-05-27,Peru,NA,Junin,1246038,90,4,1787,70
2020-05-28,Peru,NA,Junin,1246038,68,1,1855,71
2020-05-29,Peru,NA,Junin,1246038,76,3,1931,74
2020-05-30,Peru,NA,Junin,1246038,48,3,1979,77
2020-05-31,Peru,NA,Junin,1246038,15,2,1994,79
2020-06-01,Peru,NA,Junin,1246038,47,2,2041,81
2020-06-02,Peru,NA,Junin,1246038,67,1,2108,82
2020-06-03,Peru,NA,Junin,1246038,46,3,2154,85
2020-06-04,Peru,NA,Junin,1246038,31,3,2185,88
2020-06-05,Peru,NA,Junin,1246038,28,3,2213,91
2020-06-06,Peru,NA,Junin,1246038,50,2,2263,93
2020-06-07,Peru,NA,Junin,1246038,41,2,2304,95
2020-06-08,Peru,NA,Junin,1246038,86,4,2390,99
2020-06-09,Peru,NA,Junin,1246038,58,4,2448,103
2020-06-10,Peru,NA,Junin,1246038,98,8,2546,111
2020-06-11,Peru,NA,Junin,1246038,90,4,2636,115
2020-06-12,Peru,NA,Junin,1246038,69,6,2705,121
2020-06-13,Peru,NA,Junin,1246038,69,10,2774,131
2020-06-14,Peru,NA,Junin,1246038,55,6,2829,137
2020-06-15,Peru,NA,Junin,1246038,61,0,2890,137
2020-06-16,Peru,NA,Junin,1246038,56,9,2946,146
2020-06-17,Peru,NA,Junin,1246038,97,5,3043,151
2020-06-18,Peru,NA,Junin,1246038,86,5,3129,156
2020-06-19,Peru,NA,Junin,1246038,39,1,3168,157
2020-06-20,Peru,NA,Junin,1246038,85,1,3253,158
2020-06-21,Peru,NA,Junin,1246038,28,1,3281,159
2020-06-22,Peru,NA,Junin,1246038,92,4,3373,163
2020-06-23,Peru,NA,Junin,1246038,76,4,3449,167
2020-06-24,Peru,NA,Junin,1246038,62,4,3511,171
2020-06-25,Peru,NA,Junin,1246038,102,4,3613,175
2020-06-26,Peru,NA,Junin,1246038,85,4,3698,179
2020-06-27,Peru,NA,Junin,1246038,82,5,3780,184
2020-06-28,Peru,NA,Junin,1246038,85,2,3865,186
2020-06-29,Peru,NA,Junin,1246038,116,3,3981,189
2020-06-30,Peru,NA,Junin,1246038,68,2,4049,191
2020-07-01,Peru,NA,Junin,1246038,74,6,4123,197
2020-07-02,Peru,NA,Junin,1246038,83,4,4206,201
2020-07-03,Peru,NA,Junin,1246038,121,6,4327,207
2020-07-04,Peru,NA,Junin,1246038,75,6,4402,213
2020-07-05,Peru,NA,Junin,1246038,162,5,4564,218
2020-07-06,Peru,NA,Junin,1246038,187,12,4751,230
2020-07-07,Peru,NA,Junin,1246038,100,10,4851,240
2020-07-08,Peru,NA,Junin,1246038,57,2,4908,242
2020-07-09,Peru,NA,Junin,1246038,26,7,4934,249
2020-07-10,Peru,NA,Junin,1246038,150,6,5084,255
2020-07-11,Peru,NA,Junin,1246038,201,9,5285,264
2020-07-12,Peru,NA,Junin,1246038,114,8,5399,272
2020-07-13,Peru,NA,Junin,1246038,42,8,5441,280
2020-07-14,Peru,NA,Junin,1246038,160,12,5601,292
2020-07-15,Peru,NA,Junin,1246038,77,8,5678,300
2020-07-16,Peru,NA,Junin,1246038,164,11,5842,311
2020-07-17,Peru,NA,Junin,1246038,166,14,6008,325
2020-07-18,Peru,NA,Junin,1246038,142,11,6150,336
2020-07-19,Peru,NA,Junin,1246038,57,4,6207,340
2020-07-20,Peru,NA,Junin,1246038,107,6,6314,346
2020-07-21,Peru,NA,Junin,1246038,120,7,6434,353
2020-07-22,Peru,NA,Junin,1246038,191,11,6625,364
2020-07-23,Peru,NA,Junin,1246038,157,9,6782,373
2020-07-24,Peru,NA,Junin,1246038,153,12,6935,385
2020-07-25,Peru,NA,Junin,1246038,136,7,7071,392
2020-07-26,Peru,NA,Junin,1246038,139,5,7210,397
2020-07-27,Peru,NA,Junin,1246038,238,6,7448,403
2020-07-28,Peru,NA,Junin,1246038,129,12,7577,415
2020-07-29,Peru,NA,Junin,1246038,182,6,7759,421
2020-07-30,Peru,NA,Junin,1246038,169,8,7928,429
2020-07-31,Peru,NA,Junin,1246038,244,4,8172,433
2020-08-01,Peru,NA,Junin,1246038,183,12,8355,445
2020-08-02,Peru,NA,Junin,1246038,106,7,8461,452
2020-08-03,Peru,NA,Junin,1246038,267,6,8728,458
2020-08-04,Peru,NA,Junin,1246038,218,10,8946,468
2020-08-05,Peru,NA,Junin,1246038,233,8,9179,476
2020-08-06,Peru,NA,Junin,1246038,289,3,9468,479
2020-08-07,Peru,NA,Junin,1246038,234,7,9702,486
2020-08-08,Peru,NA,Junin,1246038,157,15,9859,501
2020-08-09,Peru,NA,Junin,1246038,87,8,9946,509
2020-08-10,Peru,NA,Junin,1246038,317,8,10263,517
2020-08-11,Peru,NA,Junin,1246038,212,6,10475,523
2020-08-12,Peru,NA,Junin,1246038,267,11,10742,534
2020-08-13,Peru,NA,Junin,1246038,294,7,11036,541
2020-08-14,Peru,NA,Junin,1246038,455,8,11491,549
2020-08-15,Peru,NA,Junin,1246038,393,7,11884,556
2020-08-16,Peru,NA,Junin,1246038,77,6,11961,562
2020-08-17,Peru,NA,Junin,1246038,375,2,12336,564
2020-08-18,Peru,NA,Junin,1246038,295,4,12631,568
2020-08-19,Peru,NA,Junin,1246038,250,3,12881,571
2020-08-20,Peru,NA,Junin,1246038,227,8,13108,579
2020-08-21,Peru,NA,Junin,1246038,189,7,13297,586
2020-08-22,Peru,NA,Junin,1246038,170,12,13467,598
2020-08-23,Peru,NA,Junin,1246038,60,5,13527,603
2020-08-24,Peru,NA,Junin,1246038,186,8,13713,611
2020-08-25,Peru,NA,Junin,1246038,362,3,14075,614
2020-08-26,Peru,NA,Junin,1246038,286,8,14361,622
2020-08-27,Peru,NA,Junin,1246038,158,7,14519,629
2020-08-28,Peru,NA,Junin,1246038,199,9,14718,638
2020-08-29,Peru,NA,Junin,1246038,37,9,14755,647
2020-04-08,Peru,NA,La Libertad,1778080,22,1,103,8
2020-04-09,Peru,NA,La Libertad,1778080,7,0,110,8
2020-04-10,Peru,NA,La Libertad,1778080,5,0,115,8
2020-04-11,Peru,NA,La Libertad,1778080,9,0,124,8
2020-04-12,Peru,NA,La Libertad,1778080,3,3,127,11
2020-04-13,Peru,NA,La Libertad,1778080,23,1,150,12
2020-04-14,Peru,NA,La Libertad,1778080,25,3,175,15
2020-04-15,Peru,NA,La Libertad,1778080,27,3,202,18
2020-04-16,Peru,NA,La Libertad,1778080,25,0,227,18
2020-04-17,Peru,NA,La Libertad,1778080,26,1,253,19
2020-04-18,Peru,NA,La Libertad,1778080,27,1,280,20
2020-04-19,Peru,NA,La Libertad,1778080,10,3,290,23
2020-04-20,Peru,NA,La Libertad,1778080,53,2,343,25
2020-04-21,Peru,NA,La Libertad,1778080,45,0,388,25
2020-04-22,Peru,NA,La Libertad,1778080,46,2,434,27
2020-04-23,Peru,NA,La Libertad,1778080,40,4,474,31
2020-04-24,Peru,NA,La Libertad,1778080,22,1,496,32
2020-04-25,Peru,NA,La Libertad,1778080,53,0,549,32
2020-04-26,Peru,NA,La Libertad,1778080,8,7,557,39
2020-04-27,Peru,NA,La Libertad,1778080,71,3,628,42
2020-04-28,Peru,NA,La Libertad,1778080,177,7,805,49
2020-04-29,Peru,NA,La Libertad,1778080,142,3,947,52
2020-04-30,Peru,NA,La Libertad,1778080,136,4,1083,56
2020-05-01,Peru,NA,La Libertad,1778080,54,5,1137,61
2020-05-02,Peru,NA,La Libertad,1778080,116,8,1253,69
2020-05-03,Peru,NA,La Libertad,1778080,52,4,1305,73
2020-05-04,Peru,NA,La Libertad,1778080,126,3,1431,76
2020-05-05,Peru,NA,La Libertad,1778080,151,4,1582,80
2020-05-06,Peru,NA,La Libertad,1778080,112,6,1694,86
2020-05-07,Peru,NA,La Libertad,1778080,54,6,1748,92
2020-05-08,Peru,NA,La Libertad,1778080,73,6,1821,98
2020-05-09,Peru,NA,La Libertad,1778080,84,9,1905,107
2020-05-10,Peru,NA,La Libertad,1778080,38,0,1943,107
2020-05-11,Peru,NA,La Libertad,1778080,58,10,2001,117
2020-05-12,Peru,NA,La Libertad,1778080,105,1,2106,118
2020-05-13,Peru,NA,La Libertad,1778080,72,4,2178,122
2020-05-14,Peru,NA,La Libertad,1778080,85,8,2263,130
2020-05-15,Peru,NA,La Libertad,1778080,212,2,2475,132
2020-05-16,Peru,NA,La Libertad,1778080,145,5,2620,137
2020-05-17,Peru,NA,La Libertad,1778080,6,2,2626,139
2020-05-18,Peru,NA,La Libertad,1778080,120,6,2746,145
2020-05-19,Peru,NA,La Libertad,1778080,134,12,2880,157
2020-05-20,Peru,NA,La Libertad,1778080,142,10,3022,167
2020-05-21,Peru,NA,La Libertad,1778080,267,5,3289,172
2020-05-22,Peru,NA,La Libertad,1778080,234,9,3523,181
2020-05-23,Peru,NA,La Libertad,1778080,186,17,3709,198
2020-05-24,Peru,NA,La Libertad,1778080,68,11,3777,209
2020-05-25,Peru,NA,La Libertad,1778080,269,13,4046,222
2020-05-26,Peru,NA,La Libertad,1778080,182,12,4228,234
2020-05-27,Peru,NA,La Libertad,1778080,181,25,4409,259
2020-05-28,Peru,NA,La Libertad,1778080,307,15,4716,274
2020-05-29,Peru,NA,La Libertad,1778080,160,21,4876,295
2020-05-30,Peru,NA,La Libertad,1778080,173,34,5049,329
2020-05-31,Peru,NA,La Libertad,1778080,100,23,5149,352
2020-06-01,Peru,NA,La Libertad,1778080,226,22,5375,374
2020-06-02,Peru,NA,La Libertad,1778080,101,22,5476,396
2020-06-03,Peru,NA,La Libertad,1778080,96,27,5572,423
2020-06-04,Peru,NA,La Libertad,1778080,177,27,5749,450
2020-06-05,Peru,NA,La Libertad,1778080,126,36,5875,486
2020-06-06,Peru,NA,La Libertad,1778080,153,26,6028,512
2020-06-07,Peru,NA,La Libertad,1778080,45,28,6073,540
2020-06-08,Peru,NA,La Libertad,1778080,192,31,6265,571
2020-06-09,Peru,NA,La Libertad,1778080,258,43,6523,614
2020-06-10,Peru,NA,La Libertad,1778080,327,25,6850,639
2020-06-11,Peru,NA,La Libertad,1778080,209,32,7059,671
2020-06-12,Peru,NA,La Libertad,1778080,221,29,7280,700
2020-06-13,Peru,NA,La Libertad,1778080,203,42,7483,742
2020-06-14,Peru,NA,La Libertad,1778080,72,40,7555,782
2020-06-15,Peru,NA,La Libertad,1778080,220,43,7775,825
2020-06-16,Peru,NA,La Libertad,1778080,113,44,7888,869
2020-06-17,Peru,NA,La Libertad,1778080,249,32,8137,901
2020-06-18,Peru,NA,La Libertad,1778080,141,42,8278,943
2020-06-19,Peru,NA,La Libertad,1778080,205,35,8483,978
2020-06-20,Peru,NA,La Libertad,1778080,192,33,8675,1011
2020-06-21,Peru,NA,La Libertad,1778080,69,36,8744,1047
2020-06-22,Peru,NA,La Libertad,1778080,236,41,8980,1088
2020-06-23,Peru,NA,La Libertad,1778080,233,32,9213,1120
2020-06-24,Peru,NA,La Libertad,1778080,197,40,9410,1160
2020-06-25,Peru,NA,La Libertad,1778080,171,36,9581,1196
2020-06-26,Peru,NA,La Libertad,1778080,225,20,9806,1216
2020-06-27,Peru,NA,La Libertad,1778080,209,37,10015,1253
2020-06-28,Peru,NA,La Libertad,1778080,83,36,10098,1289
2020-06-29,Peru,NA,La Libertad,1778080,113,40,10211,1329
2020-06-30,Peru,NA,La Libertad,1778080,208,42,10419,1371
2020-07-01,Peru,NA,La Libertad,1778080,156,27,10575,1398
2020-07-02,Peru,NA,La Libertad,1778080,213,30,10788,1428
2020-07-03,Peru,NA,La Libertad,1778080,233,21,11021,1449
2020-07-04,Peru,NA,La Libertad,1778080,194,14,11215,1463
2020-07-05,Peru,NA,La Libertad,1778080,43,14,11258,1477
2020-07-06,Peru,NA,La Libertad,1778080,177,17,11435,1494
2020-07-07,Peru,NA,La Libertad,1778080,184,18,11619,1512
2020-07-08,Peru,NA,La Libertad,1778080,114,13,11733,1525
2020-07-09,Peru,NA,La Libertad,1778080,127,7,11860,1532
2020-07-10,Peru,NA,La Libertad,1778080,303,14,12163,1546
2020-07-11,Peru,NA,La Libertad,1778080,203,14,12366,1560
2020-07-12,Peru,NA,La Libertad,1778080,74,15,12440,1575
2020-07-13,Peru,NA,La Libertad,1778080,113,23,12553,1598
2020-07-14,Peru,NA,La Libertad,1778080,120,16,12673,1614
2020-07-15,Peru,NA,La Libertad,1778080,256,14,12929,1628
2020-07-16,Peru,NA,La Libertad,1778080,137,13,13066,1641
2020-07-17,Peru,NA,La Libertad,1778080,166,12,13232,1653
2020-07-18,Peru,NA,La Libertad,1778080,246,10,13478,1663
2020-07-19,Peru,NA,La Libertad,1778080,36,14,13514,1677
2020-07-20,Peru,NA,La Libertad,1778080,110,7,13624,1684
2020-07-21,Peru,NA,La Libertad,1778080,203,12,13827,1696
2020-07-22,Peru,NA,La Libertad,1778080,213,17,14040,1713
2020-07-23,Peru,NA,La Libertad,1778080,252,14,14292,1727
2020-07-24,Peru,NA,La Libertad,1778080,199,14,14491,1741
2020-07-25,Peru,NA,La Libertad,1778080,204,8,14695,1749
2020-07-26,Peru,NA,La Libertad,1778080,47,10,14742,1759
2020-07-27,Peru,NA,La Libertad,1778080,303,11,15045,1770
2020-07-28,Peru,NA,La Libertad,1778080,74,7,15119,1777
2020-07-29,Peru,NA,La Libertad,1778080,286,4,15405,1781
2020-07-30,Peru,NA,La Libertad,1778080,282,10,15687,1791
2020-07-31,Peru,NA,La Libertad,1778080,320,14,16007,1805
2020-08-01,Peru,NA,La Libertad,1778080,228,8,16235,1813
2020-08-02,Peru,NA,La Libertad,1778080,68,10,16303,1823
2020-08-03,Peru,NA,La Libertad,1778080,251,6,16554,1829
2020-08-04,Peru,NA,La Libertad,1778080,268,12,16822,1841
2020-08-05,Peru,NA,La Libertad,1778080,250,6,17072,1847
2020-08-06,Peru,NA,La Libertad,1778080,268,15,17340,1862
2020-08-07,Peru,NA,La Libertad,1778080,298,4,17638,1866
2020-08-08,Peru,NA,La Libertad,1778080,239,8,17877,1874
2020-08-09,Peru,NA,La Libertad,1778080,73,8,17950,1882
2020-08-10,Peru,NA,La Libertad,1778080,295,15,18245,1897
2020-08-11,Peru,NA,La Libertad,1778080,260,10,18505,1907
2020-08-12,Peru,NA,La Libertad,1778080,252,7,18757,1914
2020-08-13,Peru,NA,La Libertad,1778080,260,9,19017,1923
2020-08-14,Peru,NA,La Libertad,1778080,295,11,19312,1934
2020-08-15,Peru,NA,La Libertad,1778080,206,7,19518,1941
2020-08-16,Peru,NA,La Libertad,1778080,61,14,19579,1955
2020-08-17,Peru,NA,La Libertad,1778080,241,4,19820,1959
2020-08-18,Peru,NA,La Libertad,1778080,277,2,20097,1961
2020-08-19,Peru,NA,La Libertad,1778080,283,8,20380,1969
2020-08-20,Peru,NA,La Libertad,1778080,310,11,20690,1980
2020-08-21,Peru,NA,La Libertad,1778080,227,7,20917,1987
2020-08-22,Peru,NA,La Libertad,1778080,202,4,21119,1991
2020-08-23,Peru,NA,La Libertad,1778080,53,7,21172,1998
2020-08-24,Peru,NA,La Libertad,1778080,226,14,21398,2012
2020-08-25,Peru,NA,La Libertad,1778080,342,4,21740,2016
2020-08-26,Peru,NA,La Libertad,1778080,175,7,21915,2023
2020-08-27,Peru,NA,La Libertad,1778080,243,5,22158,2028
2020-08-28,Peru,NA,La Libertad,1778080,232,6,22390,2034
2020-08-29,Peru,NA,La Libertad,1778080,95,8,22485,2042
2020-04-04,Peru,NA,Lambayeque,1197260,49,5,121,16
2020-04-05,Peru,NA,Lambayeque,1197260,8,3,129,19
2020-04-06,Peru,NA,Lambayeque,1197260,28,4,157,23
2020-04-07,Peru,NA,Lambayeque,1197260,156,2,313,25
2020-04-08,Peru,NA,Lambayeque,1197260,75,9,388,34
2020-04-09,Peru,NA,Lambayeque,1197260,20,10,408,44
2020-04-10,Peru,NA,Lambayeque,1197260,59,15,467,59
2020-04-11,Peru,NA,Lambayeque,1197260,67,8,534,67
2020-04-12,Peru,NA,Lambayeque,1197260,56,8,590,75
2020-04-13,Peru,NA,Lambayeque,1197260,59,5,649,80
2020-04-14,Peru,NA,Lambayeque,1197260,60,11,709,91
2020-04-15,Peru,NA,Lambayeque,1197260,176,14,885,105
2020-04-16,Peru,NA,Lambayeque,1197260,86,13,971,118
2020-04-17,Peru,NA,Lambayeque,1197260,77,19,1048,137
2020-04-18,Peru,NA,Lambayeque,1197260,48,15,1096,152
2020-04-19,Peru,NA,Lambayeque,1197260,27,8,1123,160
2020-04-20,Peru,NA,Lambayeque,1197260,146,11,1269,171
2020-04-21,Peru,NA,Lambayeque,1197260,133,10,1402,181
2020-04-22,Peru,NA,Lambayeque,1197260,138,16,1540,197
2020-04-23,Peru,NA,Lambayeque,1197260,177,22,1717,219
2020-04-24,Peru,NA,Lambayeque,1197260,214,20,1931,239
2020-04-25,Peru,NA,Lambayeque,1197260,136,25,2067,264
2020-04-26,Peru,NA,Lambayeque,1197260,71,18,2138,282
2020-04-27,Peru,NA,Lambayeque,1197260,296,25,2434,307
2020-04-28,Peru,NA,Lambayeque,1197260,241,26,2675,333
2020-04-29,Peru,NA,Lambayeque,1197260,251,21,2926,354
2020-04-30,Peru,NA,Lambayeque,1197260,217,26,3143,380
2020-05-01,Peru,NA,Lambayeque,1197260,234,22,3377,402
2020-05-02,Peru,NA,Lambayeque,1197260,146,20,3523,422
2020-05-03,Peru,NA,Lambayeque,1197260,132,24,3655,446
2020-05-04,Peru,NA,Lambayeque,1197260,332,17,3987,463
2020-05-05,Peru,NA,Lambayeque,1197260,234,22,4221,485
2020-05-06,Peru,NA,Lambayeque,1197260,165,28,4386,513
2020-05-07,Peru,NA,Lambayeque,1197260,158,27,4544,540
2020-05-08,Peru,NA,Lambayeque,1197260,154,20,4698,560
2020-05-09,Peru,NA,Lambayeque,1197260,68,20,4766,580
2020-05-10,Peru,NA,Lambayeque,1197260,27,19,4793,599
2020-05-11,Peru,NA,Lambayeque,1197260,127,20,4920,619
2020-05-12,Peru,NA,Lambayeque,1197260,130,16,5050,635
2020-05-13,Peru,NA,Lambayeque,1197260,165,16,5215,651
2020-05-14,Peru,NA,Lambayeque,1197260,182,26,5397,677
2020-05-15,Peru,NA,Lambayeque,1197260,262,22,5659,699
2020-05-16,Peru,NA,Lambayeque,1197260,134,14,5793,713
2020-05-17,Peru,NA,Lambayeque,1197260,27,18,5820,731
2020-05-18,Peru,NA,Lambayeque,1197260,225,20,6045,751
2020-05-19,Peru,NA,Lambayeque,1197260,218,12,6263,763
2020-05-20,Peru,NA,Lambayeque,1197260,134,16,6397,779
2020-05-21,Peru,NA,Lambayeque,1197260,165,20,6562,799
2020-05-22,Peru,NA,Lambayeque,1197260,157,17,6719,816
2020-05-23,Peru,NA,Lambayeque,1197260,199,16,6918,832
2020-05-24,Peru,NA,Lambayeque,1197260,96,17,7014,849
2020-05-25,Peru,NA,Lambayeque,1197260,320,12,7334,861
2020-05-26,Peru,NA,Lambayeque,1197260,460,15,7794,876
2020-05-27,Peru,NA,Lambayeque,1197260,508,18,8302,894
2020-05-28,Peru,NA,Lambayeque,1197260,315,17,8617,911
2020-05-29,Peru,NA,Lambayeque,1197260,242,22,8859,933
2020-05-30,Peru,NA,Lambayeque,1197260,325,14,9184,947
2020-05-31,Peru,NA,Lambayeque,1197260,60,15,9244,962
2020-06-01,Peru,NA,Lambayeque,1197260,154,14,9398,976
2020-06-02,Peru,NA,Lambayeque,1197260,172,8,9570,984
2020-06-03,Peru,NA,Lambayeque,1197260,135,7,9705,991
2020-06-04,Peru,NA,Lambayeque,1197260,178,23,9883,1014
2020-06-05,Peru,NA,Lambayeque,1197260,88,9,9971,1023
2020-06-06,Peru,NA,Lambayeque,1197260,156,10,10127,1033
2020-06-07,Peru,NA,Lambayeque,1197260,115,16,10242,1049
2020-06-08,Peru,NA,Lambayeque,1197260,178,18,10420,1067
2020-06-09,Peru,NA,Lambayeque,1197260,200,18,10620,1085
2020-06-10,Peru,NA,Lambayeque,1197260,256,14,10876,1099
2020-06-11,Peru,NA,Lambayeque,1197260,229,23,11105,1122
2020-06-12,Peru,NA,Lambayeque,1197260,283,13,11388,1135
2020-06-13,Peru,NA,Lambayeque,1197260,204,11,11592,1146
2020-06-14,Peru,NA,Lambayeque,1197260,39,20,11631,1166
2020-06-15,Peru,NA,Lambayeque,1197260,179,14,11810,1180
2020-06-16,Peru,NA,Lambayeque,1197260,127,18,11937,1198
2020-06-17,Peru,NA,Lambayeque,1197260,201,16,12138,1214
2020-06-18,Peru,NA,Lambayeque,1197260,164,15,12302,1229
2020-06-19,Peru,NA,Lambayeque,1197260,178,20,12480,1249
2020-06-20,Peru,NA,Lambayeque,1197260,106,16,12586,1265
2020-06-21,Peru,NA,Lambayeque,1197260,50,7,12636,1272
2020-06-22,Peru,NA,Lambayeque,1197260,174,9,12810,1281
2020-06-23,Peru,NA,Lambayeque,1197260,116,15,12926,1296
2020-06-24,Peru,NA,Lambayeque,1197260,257,17,13183,1313
2020-06-25,Peru,NA,Lambayeque,1197260,141,10,13324,1323
2020-06-26,Peru,NA,Lambayeque,1197260,256,13,13580,1336
2020-06-27,Peru,NA,Lambayeque,1197260,146,13,13726,1349
2020-06-28,Peru,NA,Lambayeque,1197260,31,10,13757,1359
2020-06-29,Peru,NA,Lambayeque,1197260,57,6,13814,1365
2020-06-30,Peru,NA,Lambayeque,1197260,135,4,13949,1369
2020-07-01,Peru,NA,Lambayeque,1197260,133,5,14082,1374
2020-07-02,Peru,NA,Lambayeque,1197260,113,8,14195,1382
2020-07-03,Peru,NA,Lambayeque,1197260,153,4,14348,1386
2020-07-04,Peru,NA,Lambayeque,1197260,88,0,14436,1386
2020-07-05,Peru,NA,Lambayeque,1197260,38,6,14474,1392
2020-07-06,Peru,NA,Lambayeque,1197260,153,2,14627,1394
2020-07-07,Peru,NA,Lambayeque,1197260,106,2,14733,1396
2020-07-08,Peru,NA,Lambayeque,1197260,157,3,14890,1399
2020-07-09,Peru,NA,Lambayeque,1197260,51,4,14941,1403
2020-07-10,Peru,NA,Lambayeque,1197260,162,9,15103,1412
2020-07-11,Peru,NA,Lambayeque,1197260,114,5,15217,1417
2020-07-12,Peru,NA,Lambayeque,1197260,41,1,15258,1418
2020-07-13,Peru,NA,Lambayeque,1197260,66,4,15324,1422
2020-07-14,Peru,NA,Lambayeque,1197260,98,2,15422,1424
2020-07-15,Peru,NA,Lambayeque,1197260,89,3,15511,1427
2020-07-16,Peru,NA,Lambayeque,1197260,102,5,15613,1432
2020-07-17,Peru,NA,Lambayeque,1197260,113,4,15726,1436
2020-07-18,Peru,NA,Lambayeque,1197260,150,2,15876,1438
2020-07-19,Peru,NA,Lambayeque,1197260,23,9,15899,1447
2020-07-20,Peru,NA,Lambayeque,1197260,62,1,15961,1448
2020-07-21,Peru,NA,Lambayeque,1197260,117,4,16078,1452
2020-07-22,Peru,NA,Lambayeque,1197260,152,2,16230,1454
2020-07-23,Peru,NA,Lambayeque,1197260,137,4,16367,1458
2020-07-24,Peru,NA,Lambayeque,1197260,164,0,16531,1458
2020-07-25,Peru,NA,Lambayeque,1197260,143,3,16674,1461
2020-07-26,Peru,NA,Lambayeque,1197260,38,3,16712,1464
2020-07-27,Peru,NA,Lambayeque,1197260,268,4,16980,1468
2020-07-28,Peru,NA,Lambayeque,1197260,57,4,17037,1472
2020-07-29,Peru,NA,Lambayeque,1197260,188,1,17225,1473
2020-07-30,Peru,NA,Lambayeque,1197260,194,3,17419,1476
2020-07-31,Peru,NA,Lambayeque,1197260,165,6,17584,1482
2020-08-01,Peru,NA,Lambayeque,1197260,143,1,17727,1483
2020-08-02,Peru,NA,Lambayeque,1197260,68,9,17795,1492
2020-08-03,Peru,NA,Lambayeque,1197260,183,3,17978,1495
2020-08-04,Peru,NA,Lambayeque,1197260,211,4,18189,1499
2020-08-05,Peru,NA,Lambayeque,1197260,125,7,18314,1506
2020-08-06,Peru,NA,Lambayeque,1197260,216,2,18530,1508
2020-08-07,Peru,NA,Lambayeque,1197260,210,6,18740,1514
2020-08-08,Peru,NA,Lambayeque,1197260,166,3,18906,1517
2020-08-09,Peru,NA,Lambayeque,1197260,36,3,18942,1520
2020-08-10,Peru,NA,Lambayeque,1197260,187,5,19129,1525
2020-08-11,Peru,NA,Lambayeque,1197260,180,2,19309,1527
2020-08-12,Peru,NA,Lambayeque,1197260,190,2,19499,1529
2020-08-13,Peru,NA,Lambayeque,1197260,200,4,19699,1533
2020-08-14,Peru,NA,Lambayeque,1197260,169,11,19868,1544
2020-08-15,Peru,NA,Lambayeque,1197260,133,1,20001,1545
2020-08-16,Peru,NA,Lambayeque,1197260,43,7,20044,1552
2020-08-17,Peru,NA,Lambayeque,1197260,169,2,20213,1554
2020-08-18,Peru,NA,Lambayeque,1197260,150,3,20363,1557
2020-08-19,Peru,NA,Lambayeque,1197260,212,1,20575,1558
2020-08-20,Peru,NA,Lambayeque,1197260,305,3,20880,1561
2020-08-21,Peru,NA,Lambayeque,1197260,182,6,21062,1567
2020-08-22,Peru,NA,Lambayeque,1197260,120,3,21182,1570
2020-08-23,Peru,NA,Lambayeque,1197260,39,2,21221,1572
2020-08-24,Peru,NA,Lambayeque,1197260,111,2,21332,1574
2020-08-25,Peru,NA,Lambayeque,1197260,250,2,21582,1576
2020-08-26,Peru,NA,Lambayeque,1197260,149,1,21731,1577
2020-08-27,Peru,NA,Lambayeque,1197260,144,1,21875,1578
2020-08-28,Peru,NA,Lambayeque,1197260,207,3,22082,1581
2020-08-29,Peru,NA,Lambayeque,1197260,60,3,22142,1584
2020-04-08,Peru,NA,Lima Region,910431,22,2,108,8
2020-04-09,Peru,NA,Lima Region,910431,16,4,124,12
2020-04-10,Peru,NA,Lima Region,910431,26,1,150,13
2020-04-11,Peru,NA,Lima Region,910431,24,3,174,16
2020-04-12,Peru,NA,Lima Region,910431,8,0,182,16
2020-04-13,Peru,NA,Lima Region,910431,18,2,200,18
2020-04-14,Peru,NA,Lima Region,910431,8,2,208,20
2020-04-15,Peru,NA,Lima Region,910431,30,4,238,24
2020-04-16,Peru,NA,Lima Region,910431,23,3,261,27
2020-04-17,Peru,NA,Lima Region,910431,31,7,292,34
2020-04-18,Peru,NA,Lima Region,910431,31,6,323,40
2020-04-19,Peru,NA,Lima Region,910431,38,6,361,46
2020-04-20,Peru,NA,Lima Region,910431,51,4,412,50
2020-04-21,Peru,NA,Lima Region,910431,51,8,463,58
2020-04-22,Peru,NA,Lima Region,910431,70,6,533,64
2020-04-23,Peru,NA,Lima Region,910431,50,7,583,71
2020-04-24,Peru,NA,Lima Region,910431,58,4,641,75
2020-04-25,Peru,NA,Lima Region,910431,88,3,729,78
2020-04-26,Peru,NA,Lima Region,910431,34,4,763,82
2020-04-27,Peru,NA,Lima Region,910431,103,5,866,87
2020-04-28,Peru,NA,Lima Region,910431,66,5,932,92
2020-04-29,Peru,NA,Lima Region,910431,74,4,1006,96
2020-04-30,Peru,NA,Lima Region,910431,146,10,1152,106
2020-05-01,Peru,NA,Lima Region,910431,107,12,1259,118
2020-05-02,Peru,NA,Lima Region,910431,92,15,1351,133
2020-05-03,Peru,NA,Lima Region,910431,65,16,1416,149
2020-05-04,Peru,NA,Lima Region,910431,233,20,1649,169
2020-05-05,Peru,NA,Lima Region,910431,109,32,1758,201
2020-05-06,Peru,NA,Lima Region,910431,49,18,1807,219
2020-05-07,Peru,NA,Lima Region,910431,102,16,1909,235
2020-05-08,Peru,NA,Lima Region,910431,72,15,1981,250
2020-05-09,Peru,NA,Lima Region,910431,43,23,2024,273
2020-05-10,Peru,NA,Lima Region,910431,13,26,2037,299
2020-05-11,Peru,NA,Lima Region,910431,124,24,2161,323
2020-05-12,Peru,NA,Lima Region,910431,95,15,2256,338
2020-05-13,Peru,NA,Lima Region,910431,178,14,2434,352
2020-05-14,Peru,NA,Lima Region,910431,79,20,2513,372
2020-05-15,Peru,NA,Lima Region,910431,210,13,2723,385
2020-05-16,Peru,NA,Lima Region,910431,110,8,2833,393
2020-05-17,Peru,NA,Lima Region,910431,50,8,2883,401
2020-05-18,Peru,NA,Lima Region,910431,198,26,3081,427
2020-05-19,Peru,NA,Lima Region,910431,158,17,3239,444
2020-05-20,Peru,NA,Lima Region,910431,199,32,3438,476
2020-05-21,Peru,NA,Lima Region,910431,99,15,3537,491
2020-05-22,Peru,NA,Lima Region,910431,197,9,3734,500
2020-05-23,Peru,NA,Lima Region,910431,258,7,3992,507
2020-05-24,Peru,NA,Lima Region,910431,59,7,4051,514
2020-05-25,Peru,NA,Lima Region,910431,303,13,4354,527
2020-05-26,Peru,NA,Lima Region,910431,286,12,4640,539
2020-05-27,Peru,NA,Lima Region,910431,256,9,4896,548
2020-05-28,Peru,NA,Lima Region,910431,200,13,5096,561
2020-05-29,Peru,NA,Lima Region,910431,238,12,5334,573
2020-05-30,Peru,NA,Lima Region,910431,194,12,5528,585
2020-05-31,Peru,NA,Lima Region,910431,102,11,5630,596
2020-06-01,Peru,NA,Lima Region,910431,164,14,5794,610
2020-06-02,Peru,NA,Lima Region,910431,123,11,5917,621
2020-06-03,Peru,NA,Lima Region,910431,223,9,6140,630
2020-06-04,Peru,NA,Lima Region,910431,146,11,6286,641
2020-06-05,Peru,NA,Lima Region,910431,241,13,6527,654
2020-06-06,Peru,NA,Lima Region,910431,240,18,6767,672
2020-06-07,Peru,NA,Lima Region,910431,268,12,7035,684
2020-06-08,Peru,NA,Lima Region,910431,261,15,7296,699
2020-06-09,Peru,NA,Lima Region,910431,405,14,7701,713
2020-06-10,Peru,NA,Lima Region,910431,354,23,8055,736
2020-06-11,Peru,NA,Lima Region,910431,480,17,8535,753
2020-06-12,Peru,NA,Lima Region,910431,523,13,9058,766
2020-06-13,Peru,NA,Lima Region,910431,390,10,9448,776
2020-06-14,Peru,NA,Lima Region,910431,305,13,9753,789
2020-06-15,Peru,NA,Lima Region,910431,344,14,10097,803
2020-06-16,Peru,NA,Lima Region,910431,382,24,10479,827
2020-06-17,Peru,NA,Lima Region,910431,447,15,10926,842
2020-06-18,Peru,NA,Lima Region,910431,260,16,11186,858
2020-06-19,Peru,NA,Lima Region,910431,281,17,11467,875
2020-06-20,Peru,NA,Lima Region,910431,446,17,11913,892
2020-06-21,Peru,NA,Lima Region,910431,139,19,12052,911
2020-06-22,Peru,NA,Lima Region,910431,610,17,12662,928
2020-06-23,Peru,NA,Lima Region,910431,390,19,13052,947
2020-06-24,Peru,NA,Lima Region,910431,426,16,13478,963
2020-06-25,Peru,NA,Lima Region,910431,449,21,13927,984
2020-06-26,Peru,NA,Lima Region,910431,342,24,14269,1008
2020-06-27,Peru,NA,Lima Region,910431,234,22,14503,1030
2020-06-28,Peru,NA,Lima Region,910431,89,28,14592,1058
2020-06-29,Peru,NA,Lima Region,910431,240,17,14832,1075
2020-06-30,Peru,NA,Lima Region,910431,206,20,15038,1095
2020-07-01,Peru,NA,Lima Region,910431,299,16,15337,1111
2020-07-02,Peru,NA,Lima Region,910431,246,15,15583,1126
2020-07-03,Peru,NA,Lima Region,910431,271,12,15854,1138
2020-07-04,Peru,NA,Lima Region,910431,195,7,16049,1145
2020-07-05,Peru,NA,Lima Region,910431,199,5,16248,1150
2020-07-06,Peru,NA,Lima Region,910431,295,6,16543,1156
2020-07-07,Peru,NA,Lima Region,910431,316,7,16859,1163
2020-07-08,Peru,NA,Lima Region,910431,182,5,17041,1168
2020-07-09,Peru,NA,Lima Region,910431,178,11,17219,1179
2020-07-10,Peru,NA,Lima Region,910431,327,4,17546,1183
2020-07-11,Peru,NA,Lima Region,910431,354,9,17900,1192
2020-07-12,Peru,NA,Lima Region,910431,243,6,18143,1198
2020-07-13,Peru,NA,Lima Region,910431,409,5,18552,1203
2020-07-14,Peru,NA,Lima Region,910431,615,14,19167,1217
2020-07-15,Peru,NA,Lima Region,910431,447,10,19614,1227
2020-07-16,Peru,NA,Lima Region,910431,537,8,20151,1235
2020-07-17,Peru,NA,Lima Region,910431,466,7,20617,1242
2020-07-18,Peru,NA,Lima Region,910431,392,6,21009,1248
2020-07-19,Peru,NA,Lima Region,910431,120,8,21129,1256
2020-07-20,Peru,NA,Lima Region,910431,587,6,21716,1262
2020-07-21,Peru,NA,Lima Region,910431,439,7,22155,1269
2020-07-22,Peru,NA,Lima Region,910431,598,16,22753,1285
2020-07-23,Peru,NA,Lima Region,910431,459,7,23212,1292
2020-07-24,Peru,NA,Lima Region,910431,503,13,23715,1305
2020-07-25,Peru,NA,Lima Region,910431,269,6,23984,1311
2020-07-26,Peru,NA,Lima Region,910431,226,7,24210,1318
2020-07-27,Peru,NA,Lima Region,910431,441,5,24651,1323
2020-07-28,Peru,NA,Lima Region,910431,240,9,24891,1332
2020-07-29,Peru,NA,Lima Region,910431,317,6,25208,1338
2020-07-30,Peru,NA,Lima Region,910431,464,4,25672,1342
2020-07-31,Peru,NA,Lima Region,910431,424,9,26096,1351
2020-08-01,Peru,NA,Lima Region,910431,333,10,26429,1361
2020-08-02,Peru,NA,Lima Region,910431,218,5,26647,1366
2020-08-03,Peru,NA,Lima Region,910431,526,0,27173,1366
2020-08-04,Peru,NA,Lima Region,910431,528,5,27701,1371
2020-08-05,Peru,NA,Lima Region,910431,575,3,28276,1374
2020-08-06,Peru,NA,Lima Region,910431,469,9,28745,1383
2020-08-07,Peru,NA,Lima Region,910431,406,7,29151,1390
2020-08-08,Peru,NA,Lima Region,910431,563,8,29714,1398
2020-08-09,Peru,NA,Lima Region,910431,402,8,30116,1406
2020-08-10,Peru,NA,Lima Region,910431,327,8,30443,1414
2020-08-11,Peru,NA,Lima Region,910431,489,6,30932,1420
2020-08-12,Peru,NA,Lima Region,910431,676,8,31608,1428
2020-08-13,Peru,NA,Lima Region,910431,560,2,32168,1430
2020-08-14,Peru,NA,Lima Region,910431,698,6,32866,1436
2020-08-15,Peru,NA,Lima Region,910431,632,7,33498,1443
2020-08-16,Peru,NA,Lima Region,910431,418,4,33916,1447
2020-08-17,Peru,NA,Lima Region,910431,563,8,34479,1455
2020-08-18,Peru,NA,Lima Region,910431,701,4,35180,1459
2020-08-19,Peru,NA,Lima Region,910431,601,4,35781,1463
2020-08-20,Peru,NA,Lima Region,910431,477,9,36258,1472
2020-08-21,Peru,NA,Lima Region,910431,391,7,36649,1479
2020-08-22,Peru,NA,Lima Region,910431,370,11,37019,1490
2020-08-23,Peru,NA,Lima Region,910431,268,6,37287,1496
2020-08-24,Peru,NA,Lima Region,910431,429,8,37716,1504
2020-08-25,Peru,NA,Lima Region,910431,496,4,38212,1508
2020-08-26,Peru,NA,Lima Region,910431,492,2,38704,1510
2020-08-27,Peru,NA,Lima Region,910431,446,10,39150,1520
2020-08-28,Peru,NA,Lima Region,910431,491,4,39641,1524
2020-08-29,Peru,NA,Lima Region,910431,273,1,39914,1525
2020-04-03,Peru,NA,Loreto,883510,25,0,107,4
2020-04-04,Peru,NA,Loreto,883510,40,0,147,4
2020-04-05,Peru,NA,Loreto,883510,31,1,178,5
2020-04-06,Peru,NA,Loreto,883510,10,0,188,5
2020-04-07,Peru,NA,Loreto,883510,100,1,288,6
2020-04-08,Peru,NA,Loreto,883510,68,1,356,7
2020-04-09,Peru,NA,Loreto,883510,4,2,360,9
2020-04-10,Peru,NA,Loreto,883510,7,2,367,11
2020-04-11,Peru,NA,Loreto,883510,13,1,380,12
2020-04-12,Peru,NA,Loreto,883510,25,3,405,15
2020-04-13,Peru,NA,Loreto,883510,26,0,431,15
2020-04-14,Peru,NA,Loreto,883510,31,5,462,20
2020-04-15,Peru,NA,Loreto,883510,12,3,474,23
2020-04-16,Peru,NA,Loreto,883510,8,2,482,25
2020-04-17,Peru,NA,Loreto,883510,58,4,540,29
2020-04-18,Peru,NA,Loreto,883510,71,5,611,34
2020-04-19,Peru,NA,Loreto,883510,42,0,653,34
2020-04-20,Peru,NA,Loreto,883510,42,0,695,34
2020-04-21,Peru,NA,Loreto,883510,19,2,714,36
2020-04-22,Peru,NA,Loreto,883510,18,10,732,46
2020-04-23,Peru,NA,Loreto,883510,25,15,757,61
2020-04-24,Peru,NA,Loreto,883510,79,13,836,74
2020-04-25,Peru,NA,Loreto,883510,84,17,920,91
2020-04-26,Peru,NA,Loreto,883510,59,16,979,107
2020-04-27,Peru,NA,Loreto,883510,74,13,1053,120
2020-04-28,Peru,NA,Loreto,883510,173,27,1226,147
2020-04-29,Peru,NA,Loreto,883510,230,27,1456,174
2020-04-30,Peru,NA,Loreto,883510,94,26,1550,200
2020-05-01,Peru,NA,Loreto,883510,145,25,1695,225
2020-05-02,Peru,NA,Loreto,883510,106,27,1801,252
2020-05-03,Peru,NA,Loreto,883510,25,28,1826,280
2020-05-04,Peru,NA,Loreto,883510,133,26,1959,306
2020-05-05,Peru,NA,Loreto,883510,60,25,2019,331
2020-05-06,Peru,NA,Loreto,883510,110,19,2129,350
2020-05-07,Peru,NA,Loreto,883510,76,8,2205,358
2020-05-08,Peru,NA,Loreto,883510,126,15,2331,373
2020-05-09,Peru,NA,Loreto,883510,105,19,2436,392
2020-05-10,Peru,NA,Loreto,883510,51,15,2487,407
2020-05-11,Peru,NA,Loreto,883510,193,22,2680,429
2020-05-12,Peru,NA,Loreto,883510,124,5,2804,434
2020-05-13,Peru,NA,Loreto,883510,157,3,2961,437
2020-05-14,Peru,NA,Loreto,883510,133,8,3094,445
2020-05-15,Peru,NA,Loreto,883510,240,7,3334,452
2020-05-16,Peru,NA,Loreto,883510,156,16,3490,468
2020-05-17,Peru,NA,Loreto,883510,76,15,3566,483
2020-05-18,Peru,NA,Loreto,883510,165,20,3731,503
2020-05-19,Peru,NA,Loreto,883510,257,15,3988,518
2020-05-20,Peru,NA,Loreto,883510,196,7,4184,525
2020-05-21,Peru,NA,Loreto,883510,202,14,4386,539
2020-05-22,Peru,NA,Loreto,883510,152,18,4538,557
2020-05-23,Peru,NA,Loreto,883510,149,15,4687,572
2020-05-24,Peru,NA,Loreto,883510,96,9,4783,581
2020-05-25,Peru,NA,Loreto,883510,135,17,4918,598
2020-05-26,Peru,NA,Loreto,883510,204,10,5122,608
2020-05-27,Peru,NA,Loreto,883510,149,9,5271,617
2020-05-28,Peru,NA,Loreto,883510,83,13,5354,630
2020-05-29,Peru,NA,Loreto,883510,183,14,5537,644
2020-05-30,Peru,NA,Loreto,883510,107,10,5644,654
2020-05-31,Peru,NA,Loreto,883510,290,9,5934,663
2020-06-01,Peru,NA,Loreto,883510,149,17,6083,680
2020-06-02,Peru,NA,Loreto,883510,160,6,6243,686
2020-06-03,Peru,NA,Loreto,883510,72,7,6315,693
2020-06-04,Peru,NA,Loreto,883510,188,9,6503,702
2020-06-05,Peru,NA,Loreto,883510,290,18,6793,720
2020-06-06,Peru,NA,Loreto,883510,182,9,6975,729
2020-06-07,Peru,NA,Loreto,883510,27,7,7002,736
2020-06-08,Peru,NA,Loreto,883510,169,11,7171,747
2020-06-09,Peru,NA,Loreto,883510,117,8,7288,755
2020-06-10,Peru,NA,Loreto,883510,221,8,7509,763
2020-06-11,Peru,NA,Loreto,883510,221,7,7730,770
2020-06-12,Peru,NA,Loreto,883510,196,10,7926,780
2020-06-13,Peru,NA,Loreto,883510,157,5,8083,785
2020-06-14,Peru,NA,Loreto,883510,16,5,8099,790
2020-06-15,Peru,NA,Loreto,883510,67,8,8166,798
2020-06-16,Peru,NA,Loreto,883510,62,3,8228,801
2020-06-17,Peru,NA,Loreto,883510,74,9,8302,810
2020-06-18,Peru,NA,Loreto,883510,136,6,8438,816
2020-06-19,Peru,NA,Loreto,883510,126,6,8564,822
2020-06-20,Peru,NA,Loreto,883510,94,4,8658,826
2020-06-21,Peru,NA,Loreto,883510,15,3,8673,829
2020-06-22,Peru,NA,Loreto,883510,242,3,8915,832
2020-06-23,Peru,NA,Loreto,883510,113,3,9028,835
2020-06-24,Peru,NA,Loreto,883510,37,5,9065,840
2020-06-25,Peru,NA,Loreto,883510,65,0,9130,840
2020-06-26,Peru,NA,Loreto,883510,87,5,9217,845
2020-06-27,Peru,NA,Loreto,883510,42,2,9259,847
2020-06-28,Peru,NA,Loreto,883510,30,3,9289,850
2020-06-29,Peru,NA,Loreto,883510,52,1,9341,851
2020-06-30,Peru,NA,Loreto,883510,57,1,9398,852
2020-07-01,Peru,NA,Loreto,883510,123,1,9521,853
2020-07-02,Peru,NA,Loreto,883510,75,1,9596,854
2020-07-03,Peru,NA,Loreto,883510,61,2,9657,856
2020-07-04,Peru,NA,Loreto,883510,70,1,9727,857
2020-07-05,Peru,NA,Loreto,883510,45,0,9772,857
2020-07-06,Peru,NA,Loreto,883510,110,2,9882,859
2020-07-07,Peru,NA,Loreto,883510,116,1,9998,860
2020-07-08,Peru,NA,Loreto,883510,58,1,10056,861
2020-07-09,Peru,NA,Loreto,883510,58,1,10114,862
2020-07-10,Peru,NA,Loreto,883510,111,3,10225,865
2020-07-11,Peru,NA,Loreto,883510,89,1,10314,866
2020-07-12,Peru,NA,Loreto,883510,50,1,10364,867
2020-07-13,Peru,NA,Loreto,883510,71,1,10435,868
2020-07-14,Peru,NA,Loreto,883510,77,2,10512,870
2020-07-15,Peru,NA,Loreto,883510,84,2,10596,872
2020-07-16,Peru,NA,Loreto,883510,105,0,10701,872
2020-07-17,Peru,NA,Loreto,883510,112,2,10813,874
2020-07-18,Peru,NA,Loreto,883510,99,1,10912,875
2020-07-19,Peru,NA,Loreto,883510,18,0,10930,875
2020-07-20,Peru,NA,Loreto,883510,148,2,11078,877
2020-07-21,Peru,NA,Loreto,883510,97,0,11175,877
2020-07-22,Peru,NA,Loreto,883510,70,1,11245,878
2020-07-23,Peru,NA,Loreto,883510,158,0,11403,878
2020-07-24,Peru,NA,Loreto,883510,155,2,11558,880
2020-07-25,Peru,NA,Loreto,883510,113,0,11671,880
2020-07-26,Peru,NA,Loreto,883510,40,0,11711,880
2020-07-27,Peru,NA,Loreto,883510,182,0,11893,880
2020-07-28,Peru,NA,Loreto,883510,63,1,11956,881
2020-07-29,Peru,NA,Loreto,883510,133,0,12089,881
2020-07-30,Peru,NA,Loreto,883510,159,1,12248,882
2020-07-31,Peru,NA,Loreto,883510,106,0,12354,882
2020-08-01,Peru,NA,Loreto,883510,142,3,12496,885
2020-08-02,Peru,NA,Loreto,883510,51,2,12547,887
2020-08-03,Peru,NA,Loreto,883510,155,1,12702,888
2020-08-04,Peru,NA,Loreto,883510,126,3,12828,891
2020-08-05,Peru,NA,Loreto,883510,85,2,12913,893
2020-08-06,Peru,NA,Loreto,883510,130,2,13043,895
2020-08-07,Peru,NA,Loreto,883510,103,3,13146,898
2020-08-08,Peru,NA,Loreto,883510,102,3,13248,901
2020-08-09,Peru,NA,Loreto,883510,29,1,13277,902
2020-08-10,Peru,NA,Loreto,883510,159,1,13436,903
2020-08-11,Peru,NA,Loreto,883510,126,0,13562,903
2020-08-12,Peru,NA,Loreto,883510,138,0,13700,903
2020-08-13,Peru,NA,Loreto,883510,149,1,13849,904
2020-08-14,Peru,NA,Loreto,883510,184,1,14033,905
2020-08-15,Peru,NA,Loreto,883510,112,0,14145,905
2020-08-16,Peru,NA,Loreto,883510,29,3,14174,908
2020-08-17,Peru,NA,Loreto,883510,137,2,14311,910
2020-08-18,Peru,NA,Loreto,883510,148,1,14459,911
2020-08-19,Peru,NA,Loreto,883510,148,2,14607,913
2020-08-20,Peru,NA,Loreto,883510,164,0,14771,913
2020-08-21,Peru,NA,Loreto,883510,89,2,14860,915
2020-08-22,Peru,NA,Loreto,883510,73,1,14933,916
2020-08-23,Peru,NA,Loreto,883510,29,3,14962,919
2020-08-24,Peru,NA,Loreto,883510,159,0,15121,919
2020-08-25,Peru,NA,Loreto,883510,151,0,15272,919
2020-08-26,Peru,NA,Loreto,883510,74,0,15346,919
2020-08-27,Peru,NA,Loreto,883510,71,2,15417,921
2020-08-28,Peru,NA,Loreto,883510,63,1,15480,922
2020-08-29,Peru,NA,Loreto,883510,9,0,15489,922
2020-04-25,Peru,NA,Madre de Dios,141070,7,1,104,1
2020-04-26,Peru,NA,Madre de Dios,141070,1,0,105,1
2020-04-27,Peru,NA,Madre de Dios,141070,10,0,115,1
2020-04-28,Peru,NA,Madre de Dios,141070,3,0,118,1
2020-04-29,Peru,NA,Madre de Dios,141070,8,0,126,1
2020-04-30,Peru,NA,Madre de Dios,141070,3,0,129,1
2020-05-01,Peru,NA,Madre de Dios,141070,3,0,132,1
2020-05-02,Peru,NA,Madre de Dios,141070,3,0,135,1
2020-05-04,Peru,NA,Madre de Dios,141070,5,0,140,1
2020-05-05,Peru,NA,Madre de Dios,141070,5,0,145,1
2020-05-06,Peru,NA,Madre de Dios,141070,6,1,151,2
2020-05-07,Peru,NA,Madre de Dios,141070,3,0,154,2
2020-05-08,Peru,NA,Madre de Dios,141070,5,0,159,2
2020-05-09,Peru,NA,Madre de Dios,141070,14,1,173,3
2020-05-11,Peru,NA,Madre de Dios,141070,18,0,191,3
2020-05-12,Peru,NA,Madre de Dios,141070,12,0,203,3
2020-05-13,Peru,NA,Madre de Dios,141070,17,0,220,3
2020-05-14,Peru,NA,Madre de Dios,141070,10,0,230,3
2020-05-15,Peru,NA,Madre de Dios,141070,5,1,235,4
2020-05-16,Peru,NA,Madre de Dios,141070,20,0,255,4
2020-05-18,Peru,NA,Madre de Dios,141070,17,0,272,4
2020-05-19,Peru,NA,Madre de Dios,141070,10,0,282,4
2020-05-20,Peru,NA,Madre de Dios,141070,6,3,288,7
2020-05-21,Peru,NA,Madre de Dios,141070,10,1,298,8
2020-05-22,Peru,NA,Madre de Dios,141070,42,0,340,8
2020-05-23,Peru,NA,Madre de Dios,141070,32,0,372,8
2020-05-24,Peru,NA,Madre de Dios,141070,1,1,373,9
2020-05-25,Peru,NA,Madre de Dios,141070,39,0,412,9
2020-05-26,Peru,NA,Madre de Dios,141070,21,0,433,9
2020-05-27,Peru,NA,Madre de Dios,141070,27,0,460,9
2020-05-28,Peru,NA,Madre de Dios,141070,54,0,514,9
2020-05-29,Peru,NA,Madre de Dios,141070,53,0,567,9
2020-05-30,Peru,NA,Madre de Dios,141070,23,0,590,9
2020-05-31,Peru,NA,Madre de Dios,141070,2,1,592,10
2020-06-01,Peru,NA,Madre de Dios,141070,42,0,634,10
2020-06-02,Peru,NA,Madre de Dios,141070,36,0,670,10
2020-06-03,Peru,NA,Madre de Dios,141070,39,2,709,12
2020-06-04,Peru,NA,Madre de Dios,141070,106,3,815,15
2020-06-05,Peru,NA,Madre de Dios,141070,26,3,841,18
2020-06-06,Peru,NA,Madre de Dios,141070,23,2,864,20
2020-06-07,Peru,NA,Madre de Dios,141070,8,0,872,20
2020-06-08,Peru,NA,Madre de Dios,141070,56,4,928,24
2020-06-09,Peru,NA,Madre de Dios,141070,39,2,967,26
2020-06-10,Peru,NA,Madre de Dios,141070,63,3,1030,29
2020-06-11,Peru,NA,Madre de Dios,141070,30,1,1060,30
2020-06-12,Peru,NA,Madre de Dios,141070,34,2,1094,32
2020-06-13,Peru,NA,Madre de Dios,141070,38,3,1132,35
2020-06-14,Peru,NA,Madre de Dios,141070,7,3,1139,38
2020-06-15,Peru,NA,Madre de Dios,141070,64,0,1203,38
2020-06-16,Peru,NA,Madre de Dios,141070,105,1,1308,39
2020-06-17,Peru,NA,Madre de Dios,141070,43,2,1351,41
2020-06-18,Peru,NA,Madre de Dios,141070,24,2,1375,43
2020-06-19,Peru,NA,Madre de Dios,141070,63,1,1438,44
2020-06-20,Peru,NA,Madre de Dios,141070,38,4,1476,48
2020-06-21,Peru,NA,Madre de Dios,141070,5,5,1481,53
2020-06-22,Peru,NA,Madre de Dios,141070,42,4,1523,57
2020-06-23,Peru,NA,Madre de Dios,141070,55,3,1578,60
2020-06-24,Peru,NA,Madre de Dios,141070,42,7,1620,67
2020-06-25,Peru,NA,Madre de Dios,141070,69,1,1689,68
2020-06-26,Peru,NA,Madre de Dios,141070,63,4,1752,72
2020-06-27,Peru,NA,Madre de Dios,141070,81,1,1833,73
2020-06-28,Peru,NA,Madre de Dios,141070,14,3,1847,76
2020-06-29,Peru,NA,Madre de Dios,141070,41,3,1888,79
2020-06-30,Peru,NA,Madre de Dios,141070,74,4,1962,83
2020-07-01,Peru,NA,Madre de Dios,141070,78,5,2040,88
2020-07-02,Peru,NA,Madre de Dios,141070,72,2,2112,90
2020-07-03,Peru,NA,Madre de Dios,141070,72,1,2184,91
2020-07-04,Peru,NA,Madre de Dios,141070,58,0,2242,91
2020-07-05,Peru,NA,Madre de Dios,141070,12,3,2254,94
2020-07-06,Peru,NA,Madre de Dios,141070,58,0,2312,94
2020-07-07,Peru,NA,Madre de Dios,141070,52,2,2364,96
2020-07-08,Peru,NA,Madre de Dios,141070,9,1,2373,97
2020-07-09,Peru,NA,Madre de Dios,141070,9,2,2382,99
2020-07-10,Peru,NA,Madre de Dios,141070,53,0,2435,99
2020-07-11,Peru,NA,Madre de Dios,141070,39,1,2474,100
2020-07-12,Peru,NA,Madre de Dios,141070,9,1,2483,101
2020-07-13,Peru,NA,Madre de Dios,141070,15,0,2498,101
2020-07-14,Peru,NA,Madre de Dios,141070,77,1,2575,102
2020-07-15,Peru,NA,Madre de Dios,141070,2,0,2577,102
2020-07-16,Peru,NA,Madre de Dios,141070,19,1,2596,103
2020-07-17,Peru,NA,Madre de Dios,141070,48,1,2644,104
2020-07-18,Peru,NA,Madre de Dios,141070,43,0,2687,104
2020-07-19,Peru,NA,Madre de Dios,141070,9,1,2696,105
2020-07-20,Peru,NA,Madre de Dios,141070,73,0,2769,105
2020-07-21,Peru,NA,Madre de Dios,141070,58,1,2827,106
2020-07-22,Peru,NA,Madre de Dios,141070,67,0,2894,106
2020-07-23,Peru,NA,Madre de Dios,141070,87,2,2981,108
2020-07-24,Peru,NA,Madre de Dios,141070,92,0,3073,108
2020-07-25,Peru,NA,Madre de Dios,141070,71,0,3144,108
2020-07-26,Peru,NA,Madre de Dios,141070,17,0,3161,108
2020-07-27,Peru,NA,Madre de Dios,141070,103,0,3264,108
2020-07-28,Peru,NA,Madre de Dios,141070,74,1,3338,109
2020-07-29,Peru,NA,Madre de Dios,141070,66,0,3404,109
2020-07-30,Peru,NA,Madre de Dios,141070,114,3,3518,112
2020-07-31,Peru,NA,Madre de Dios,141070,152,0,3670,112
2020-08-01,Peru,NA,Madre de Dios,141070,51,4,3721,116
2020-08-02,Peru,NA,Madre de Dios,141070,16,0,3737,116
2020-08-03,Peru,NA,Madre de Dios,141070,85,0,3822,116
2020-08-04,Peru,NA,Madre de Dios,141070,86,2,3908,118
2020-08-05,Peru,NA,Madre de Dios,141070,95,0,4003,118
2020-08-06,Peru,NA,Madre de Dios,141070,200,0,4203,118
2020-08-07,Peru,NA,Madre de Dios,141070,60,1,4263,119
2020-08-08,Peru,NA,Madre de Dios,141070,40,0,4303,119
2020-08-09,Peru,NA,Madre de Dios,141070,17,0,4320,119
2020-08-10,Peru,NA,Madre de Dios,141070,88,2,4408,121
2020-08-11,Peru,NA,Madre de Dios,141070,73,0,4481,121
2020-08-12,Peru,NA,Madre de Dios,141070,140,1,4621,122
2020-08-13,Peru,NA,Madre de Dios,141070,144,2,4765,124
2020-08-14,Peru,NA,Madre de Dios,141070,104,2,4869,126
2020-08-15,Peru,NA,Madre de Dios,141070,45,1,4914,127
2020-08-16,Peru,NA,Madre de Dios,141070,6,1,4920,128
2020-08-17,Peru,NA,Madre de Dios,141070,72,0,4992,128
2020-08-18,Peru,NA,Madre de Dios,141070,112,0,5104,128
2020-08-19,Peru,NA,Madre de Dios,141070,107,0,5211,128
2020-08-20,Peru,NA,Madre de Dios,141070,104,0,5315,128
2020-08-21,Peru,NA,Madre de Dios,141070,66,0,5381,128
2020-08-22,Peru,NA,Madre de Dios,141070,69,1,5450,129
2020-08-23,Peru,NA,Madre de Dios,141070,1,0,5451,129
2020-08-24,Peru,NA,Madre de Dios,141070,77,0,5528,129
2020-08-25,Peru,NA,Madre de Dios,141070,170,0,5698,129
2020-08-26,Peru,NA,Madre de Dios,141070,119,0,5817,129
2020-08-27,Peru,NA,Madre de Dios,141070,65,0,5882,129
2020-08-28,Peru,NA,Madre de Dios,141070,94,0,5976,129
2020-08-29,Peru,NA,Madre de Dios,141070,6,0,5982,129
2020-03-18,Peru,NA,Metropolitan Municipality of Lima,8574974,50,1,150,1
2020-03-19,Peru,NA,Metropolitan Municipality of Lima,8574974,53,3,203,4
2020-03-20,Peru,NA,Metropolitan Municipality of Lima,8574974,26,2,229,6
2020-03-21,Peru,NA,Metropolitan Municipality of Lima,8574974,27,0,256,6
2020-03-22,Peru,NA,Metropolitan Municipality of Lima,8574974,32,0,288,6
2020-03-23,Peru,NA,Metropolitan Municipality of Lima,8574974,26,1,314,7
2020-03-24,Peru,NA,Metropolitan Municipality of Lima,8574974,47,2,361,9
2020-03-25,Peru,NA,Metropolitan Municipality of Lima,8574974,83,0,444,9
2020-03-26,Peru,NA,Metropolitan Municipality of Lima,8574974,38,3,482,12
2020-03-27,Peru,NA,Metropolitan Municipality of Lima,8574974,21,6,503,18
2020-03-28,Peru,NA,Metropolitan Municipality of Lima,8574974,82,3,585,21
2020-03-29,Peru,NA,Metropolitan Municipality of Lima,8574974,107,9,692,30
2020-03-30,Peru,NA,Metropolitan Municipality of Lima,8574974,90,6,782,36
2020-03-31,Peru,NA,Metropolitan Municipality of Lima,8574974,190,12,972,48
2020-04-01,Peru,NA,Metropolitan Municipality of Lima,8574974,58,7,1030,55
2020-04-02,Peru,NA,Metropolitan Municipality of Lima,8574974,168,7,1198,62
2020-04-03,Peru,NA,Metropolitan Municipality of Lima,8574974,170,24,1368,86
2020-04-04,Peru,NA,Metropolitan Municipality of Lima,8574974,480,25,1848,111
2020-04-05,Peru,NA,Metropolitan Municipality of Lima,8574974,308,7,2156,118
2020-04-06,Peru,NA,Metropolitan Municipality of Lima,8574974,473,16,2629,134
2020-04-07,Peru,NA,Metropolitan Municipality of Lima,8574974,614,19,3243,153
2020-04-08,Peru,NA,Metropolitan Municipality of Lima,8574974,673,39,3916,192
2020-04-09,Peru,NA,Metropolitan Municipality of Lima,8574974,607,27,4523,219
2020-04-10,Peru,NA,Metropolitan Municipality of Lima,8574974,763,23,5286,242
2020-04-11,Peru,NA,Metropolitan Municipality of Lima,8574974,742,24,6028,266
2020-04-12,Peru,NA,Metropolitan Municipality of Lima,8574974,509,40,6537,306
2020-04-13,Peru,NA,Metropolitan Municipality of Lima,8574974,694,34,7231,340
2020-04-14,Peru,NA,Metropolitan Municipality of Lima,8574974,606,47,7837,387
2020-04-15,Peru,NA,Metropolitan Municipality of Lima,8574974,746,52,8583,439
2020-04-16,Peru,NA,Metropolitan Municipality of Lima,8574974,813,59,9396,498
2020-04-17,Peru,NA,Metropolitan Municipality of Lima,8574974,541,50,9937,548
2020-04-18,Peru,NA,Metropolitan Municipality of Lima,8574974,835,53,10772,601
2020-04-19,Peru,NA,Metropolitan Municipality of Lima,8574974,799,65,11571,666
2020-04-20,Peru,NA,Metropolitan Municipality of Lima,8574974,1073,72,12644,738
2020-04-21,Peru,NA,Metropolitan Municipality of Lima,8574974,1197,64,13841,802
2020-04-22,Peru,NA,Metropolitan Municipality of Lima,8574974,1363,72,15204,874
2020-04-23,Peru,NA,Metropolitan Municipality of Lima,8574974,1229,49,16433,923
2020-04-24,Peru,NA,Metropolitan Municipality of Lima,8574974,1253,65,17686,988
2020-04-25,Peru,NA,Metropolitan Municipality of Lima,8574974,1327,59,19013,1047
2020-04-26,Peru,NA,Metropolitan Municipality of Lima,8574974,944,74,19957,1121
2020-04-27,Peru,NA,Metropolitan Municipality of Lima,8574974,1870,77,21827,1198
2020-04-28,Peru,NA,Metropolitan Municipality of Lima,8574974,1654,76,23481,1274
2020-04-29,Peru,NA,Metropolitan Municipality of Lima,8574974,2447,60,25928,1334
2020-04-30,Peru,NA,Metropolitan Municipality of Lima,8574974,1652,68,27580,1402
2020-05-01,Peru,NA,Metropolitan Municipality of Lima,8574974,1299,101,28879,1503
2020-05-02,Peru,NA,Metropolitan Municipality of Lima,8574974,1842,77,30721,1580
2020-05-03,Peru,NA,Metropolitan Municipality of Lima,8574974,1157,91,31878,1671
2020-05-04,Peru,NA,Metropolitan Municipality of Lima,8574974,2147,80,34025,1751
2020-05-05,Peru,NA,Metropolitan Municipality of Lima,8574974,2310,83,36335,1834
2020-05-06,Peru,NA,Metropolitan Municipality of Lima,8574974,2211,85,38546,1919
2020-05-07,Peru,NA,Metropolitan Municipality of Lima,8574974,2266,85,40812,2004
2020-05-08,Peru,NA,Metropolitan Municipality of Lima,8574974,1943,88,42755,2092
2020-05-09,Peru,NA,Metropolitan Municipality of Lima,8574974,1360,105,44115,2197
2020-05-10,Peru,NA,Metropolitan Municipality of Lima,8574974,586,97,44701,2294
2020-05-11,Peru,NA,Metropolitan Municipality of Lima,8574974,2225,100,46926,2394
2020-05-12,Peru,NA,Metropolitan Municipality of Lima,8574974,2837,99,49763,2493
2020-05-13,Peru,NA,Metropolitan Municipality of Lima,8574974,2619,97,52382,2590
2020-05-14,Peru,NA,Metropolitan Municipality of Lima,8574974,2063,113,54445,2703
2020-05-15,Peru,NA,Metropolitan Municipality of Lima,8574974,2221,89,56666,2792
2020-05-16,Peru,NA,Metropolitan Municipality of Lima,8574974,2282,94,58948,2886
2020-05-17,Peru,NA,Metropolitan Municipality of Lima,8574974,1241,103,60189,2989
2020-05-18,Peru,NA,Metropolitan Municipality of Lima,8574974,2885,106,63074,3095
2020-05-19,Peru,NA,Metropolitan Municipality of Lima,8574974,2647,98,65721,3193
2020-05-20,Peru,NA,Metropolitan Municipality of Lima,8574974,2748,117,68469,3310
2020-05-21,Peru,NA,Metropolitan Municipality of Lima,8574974,2864,93,71333,3403
2020-05-22,Peru,NA,Metropolitan Municipality of Lima,8574974,3222,107,74555,3510
2020-05-23,Peru,NA,Metropolitan Municipality of Lima,8574974,2792,101,77347,3611
2020-05-24,Peru,NA,Metropolitan Municipality of Lima,8574974,923,133,78270,3744
2020-05-25,Peru,NA,Metropolitan Municipality of Lima,8574974,3839,122,82109,3866
2020-05-26,Peru,NA,Metropolitan Municipality of Lima,8574974,3809,34,85918,3900
2020-05-27,Peru,NA,Metropolitan Municipality of Lima,8574974,4020,64,89938,3964
2020-05-28,Peru,NA,Metropolitan Municipality of Lima,8574974,3376,68,93314,4032
2020-05-29,Peru,NA,Metropolitan Municipality of Lima,8574974,3000,75,96314,4107
2020-05-30,Peru,NA,Metropolitan Municipality of Lima,8574974,2436,81,98750,4188
2020-05-31,Peru,NA,Metropolitan Municipality of Lima,8574974,1300,72,100050,4260
2020-06-01,Peru,NA,Metropolitan Municipality of Lima,8574974,1935,84,101985,4344
2020-06-02,Peru,NA,Metropolitan Municipality of Lima,8574974,1806,74,103791,4418
2020-06-03,Peru,NA,Metropolitan Municipality of Lima,8574974,848,64,104639,4482
2020-06-04,Peru,NA,Metropolitan Municipality of Lima,8574974,1763,76,106402,4558
2020-06-05,Peru,NA,Metropolitan Municipality of Lima,8574974,2610,85,109012,4643
2020-06-06,Peru,NA,Metropolitan Municipality of Lima,8574974,2336,91,111348,4734
2020-06-07,Peru,NA,Metropolitan Municipality of Lima,8574974,1528,62,112876,4796
2020-06-08,Peru,NA,Metropolitan Municipality of Lima,8574974,2068,90,114944,4886
2020-06-09,Peru,NA,Metropolitan Municipality of Lima,8574974,2451,88,117395,4974
2020-06-10,Peru,NA,Metropolitan Municipality of Lima,8574974,2499,122,119894,5096
2020-06-11,Peru,NA,Metropolitan Municipality of Lima,8574974,1825,103,121719,5199
2020-06-12,Peru,NA,Metropolitan Municipality of Lima,8574974,1418,102,123137,5301
2020-06-13,Peru,NA,Metropolitan Municipality of Lima,8574974,1800,90,124937,5391
2020-06-14,Peru,NA,Metropolitan Municipality of Lima,8574974,1374,90,126311,5481
2020-06-15,Peru,NA,Metropolitan Municipality of Lima,8574974,1979,105,128290,5586
2020-06-16,Peru,NA,Metropolitan Municipality of Lima,8574974,1514,71,129804,5657
2020-06-17,Peru,NA,Metropolitan Municipality of Lima,8574974,1413,103,131217,5760
2020-06-18,Peru,NA,Metropolitan Municipality of Lima,8574974,1404,90,132621,5850
2020-06-19,Peru,NA,Metropolitan Municipality of Lima,8574974,1144,86,133765,5936
2020-06-20,Peru,NA,Metropolitan Municipality of Lima,8574974,1349,88,135114,6024
2020-06-21,Peru,NA,Metropolitan Municipality of Lima,8574974,513,73,135627,6097
2020-06-22,Peru,NA,Metropolitan Municipality of Lima,8574974,1593,82,137220,6179
2020-06-23,Peru,NA,Metropolitan Municipality of Lima,8574974,1449,84,138669,6263
2020-06-24,Peru,NA,Metropolitan Municipality of Lima,8574974,1606,72,140275,6335
2020-06-25,Peru,NA,Metropolitan Municipality of Lima,8574974,1680,81,141955,6416
2020-06-26,Peru,NA,Metropolitan Municipality of Lima,8574974,1538,93,143493,6509
2020-06-27,Peru,NA,Metropolitan Municipality of Lima,8574974,1212,79,144705,6588
2020-06-28,Peru,NA,Metropolitan Municipality of Lima,8574974,710,83,145415,6671
2020-06-29,Peru,NA,Metropolitan Municipality of Lima,8574974,959,62,146374,6733
2020-06-30,Peru,NA,Metropolitan Municipality of Lima,8574974,1280,81,147654,6814
2020-07-01,Peru,NA,Metropolitan Municipality of Lima,8574974,1239,64,148893,6878
2020-07-02,Peru,NA,Metropolitan Municipality of Lima,8574974,1047,66,149940,6944
2020-07-03,Peru,NA,Metropolitan Municipality of Lima,8574974,1344,82,151284,7026
2020-07-04,Peru,NA,Metropolitan Municipality of Lima,8574974,1210,70,152494,7096
2020-07-05,Peru,NA,Metropolitan Municipality of Lima,8574974,1026,73,153520,7169
2020-07-06,Peru,NA,Metropolitan Municipality of Lima,8574974,1325,49,154845,7218
2020-07-07,Peru,NA,Metropolitan Municipality of Lima,8574974,1488,60,156333,7278
2020-07-08,Peru,NA,Metropolitan Municipality of Lima,8574974,876,91,157209,7369
2020-07-09,Peru,NA,Metropolitan Municipality of Lima,8574974,992,77,158201,7446
2020-07-10,Peru,NA,Metropolitan Municipality of Lima,8574974,1596,83,159797,7529
2020-07-11,Peru,NA,Metropolitan Municipality of Lima,8574974,1160,74,160957,7603
2020-07-12,Peru,NA,Metropolitan Municipality of Lima,8574974,921,75,161878,7678
2020-07-13,Peru,NA,Metropolitan Municipality of Lima,8574974,1476,68,163354,7746
2020-07-14,Peru,NA,Metropolitan Municipality of Lima,8574974,1425,65,164779,7811
2020-07-15,Peru,NA,Metropolitan Municipality of Lima,8574974,1783,83,166562,7894
2020-07-16,Peru,NA,Metropolitan Municipality of Lima,8574974,1815,75,168377,7969
2020-07-17,Peru,NA,Metropolitan Municipality of Lima,8574974,1808,86,170185,8055
2020-07-18,Peru,NA,Metropolitan Municipality of Lima,8574974,1658,79,171843,8134
2020-07-19,Peru,NA,Metropolitan Municipality of Lima,8574974,1106,79,172949,8213
2020-07-20,Peru,NA,Metropolitan Municipality of Lima,8574974,1400,72,174349,8285
2020-07-21,Peru,NA,Metropolitan Municipality of Lima,8574974,1825,67,176174,8352
2020-07-22,Peru,NA,Metropolitan Municipality of Lima,8574974,2005,70,178179,8422
2020-07-23,Peru,NA,Metropolitan Municipality of Lima,8574974,1765,75,179944,8497
2020-07-24,Peru,NA,Metropolitan Municipality of Lima,8574974,1989,68,181933,8565
2020-07-25,Peru,NA,Metropolitan Municipality of Lima,8574974,1818,70,183751,8635
2020-07-26,Peru,NA,Metropolitan Municipality of Lima,8574974,1446,61,185197,8696
2020-07-27,Peru,NA,Metropolitan Municipality of Lima,8574974,2354,61,187551,8757
2020-07-28,Peru,NA,Metropolitan Municipality of Lima,8574974,1014,78,188565,8835
2020-07-29,Peru,NA,Metropolitan Municipality of Lima,8574974,2428,73,190993,8908
2020-07-30,Peru,NA,Metropolitan Municipality of Lima,8574974,2588,67,193581,8975
2020-07-31,Peru,NA,Metropolitan Municipality of Lima,8574974,2463,73,196044,9048
2020-08-01,Peru,NA,Metropolitan Municipality of Lima,8574974,2600,83,198644,9131
2020-08-02,Peru,NA,Metropolitan Municipality of Lima,8574974,1555,65,200199,9196
2020-08-03,Peru,NA,Metropolitan Municipality of Lima,8574974,2783,0,202982,9196
2020-08-04,Peru,NA,Metropolitan Municipality of Lima,8574974,2715,82,205697,9278
2020-08-05,Peru,NA,Metropolitan Municipality of Lima,8574974,2428,81,208125,9359
2020-08-06,Peru,NA,Metropolitan Municipality of Lima,8574974,2653,108,210778,9467
2020-08-07,Peru,NA,Metropolitan Municipality of Lima,8574974,2280,68,213058,9535
2020-08-08,Peru,NA,Metropolitan Municipality of Lima,8574974,2268,113,215326,9648
2020-08-09,Peru,NA,Metropolitan Municipality of Lima,8574974,1459,73,216785,9721
2020-08-10,Peru,NA,Metropolitan Municipality of Lima,8574974,2565,98,219350,9819
2020-08-11,Peru,NA,Metropolitan Municipality of Lima,8574974,3051,78,222401,9897
2020-08-12,Peru,NA,Metropolitan Municipality of Lima,8574974,3250,82,225651,9979
2020-08-13,Peru,NA,Metropolitan Municipality of Lima,8574974,2880,59,228531,10038
2020-08-14,Peru,NA,Metropolitan Municipality of Lima,8574974,3212,88,231743,10126
2020-08-15,Peru,NA,Metropolitan Municipality of Lima,8574974,3063,64,234806,10190
2020-08-16,Peru,NA,Metropolitan Municipality of Lima,8574974,1733,87,236539,10277
2020-08-17,Peru,NA,Metropolitan Municipality of Lima,8574974,3249,75,239788,10352
2020-08-18,Peru,NA,Metropolitan Municipality of Lima,8574974,2907,42,242695,10394
2020-08-19,Peru,NA,Metropolitan Municipality of Lima,8574974,2912,62,245607,10456
2020-08-20,Peru,NA,Metropolitan Municipality of Lima,8574974,2517,98,248124,10554
2020-08-21,Peru,NA,Metropolitan Municipality of Lima,8574974,2765,75,250889,10629
2020-08-22,Peru,NA,Metropolitan Municipality of Lima,8574974,2345,101,253234,10730
2020-08-23,Peru,NA,Metropolitan Municipality of Lima,8574974,925,69,254159,10799
2020-08-24,Peru,NA,Metropolitan Municipality of Lima,8574974,2342,91,256501,10890
2020-08-25,Peru,NA,Metropolitan Municipality of Lima,8574974,2581,51,259082,10941
2020-08-26,Peru,NA,Metropolitan Municipality of Lima,8574974,2381,70,261463,11011
2020-08-27,Peru,NA,Metropolitan Municipality of Lima,8574974,2065,80,263528,11091
2020-08-28,Peru,NA,Metropolitan Municipality of Lima,8574974,2698,61,266226,11152
2020-08-29,Peru,NA,Metropolitan Municipality of Lima,8574974,1105,88,267331,11240
2020-04-26,Peru,NA,Moquegua,174863,6,0,102,0
2020-04-27,Peru,NA,Moquegua,174863,3,0,105,0
2020-04-28,Peru,NA,Moquegua,174863,12,1,117,1
2020-04-29,Peru,NA,Moquegua,174863,23,0,140,1
2020-04-30,Peru,NA,Moquegua,174863,10,0,150,1
2020-05-01,Peru,NA,Moquegua,174863,12,0,162,1
2020-05-02,Peru,NA,Moquegua,174863,6,0,168,1
2020-05-04,Peru,NA,Moquegua,174863,16,0,184,1
2020-05-05,Peru,NA,Moquegua,174863,14,0,198,1
2020-05-06,Peru,NA,Moquegua,174863,5,0,203,1
2020-05-07,Peru,NA,Moquegua,174863,4,0,207,1
2020-05-08,Peru,NA,Moquegua,174863,25,0,232,1
2020-05-09,Peru,NA,Moquegua,174863,2,0,234,1
2020-05-11,Peru,NA,Moquegua,174863,5,0,239,1
2020-05-12,Peru,NA,Moquegua,174863,2,0,241,1
2020-05-13,Peru,NA,Moquegua,174863,12,0,253,1
2020-05-14,Peru,NA,Moquegua,174863,9,0,262,1
2020-05-15,Peru,NA,Moquegua,174863,1,1,263,2
2020-05-16,Peru,NA,Moquegua,174863,13,0,276,2
2020-05-17,Peru,NA,Moquegua,174863,1,0,277,2
2020-05-18,Peru,NA,Moquegua,174863,11,1,288,3
2020-05-19,Peru,NA,Moquegua,174863,45,0,333,3
2020-05-20,Peru,NA,Moquegua,174863,64,0,397,3
2020-05-21,Peru,NA,Moquegua,174863,49,1,446,4
2020-05-22,Peru,NA,Moquegua,174863,60,0,506,4
2020-05-23,Peru,NA,Moquegua,174863,35,0,541,4
2020-05-24,Peru,NA,Moquegua,174863,18,0,559,4
2020-05-25,Peru,NA,Moquegua,174863,32,1,591,5
2020-05-26,Peru,NA,Moquegua,174863,27,0,618,5
2020-05-27,Peru,NA,Moquegua,174863,39,0,657,5
2020-05-28,Peru,NA,Moquegua,174863,17,0,674,5
2020-05-29,Peru,NA,Moquegua,174863,16,1,690,6
2020-05-30,Peru,NA,Moquegua,174863,11,0,701,6
2020-05-31,Peru,NA,Moquegua,174863,1,0,702,6
2020-06-01,Peru,NA,Moquegua,174863,8,0,710,6
2020-06-02,Peru,NA,Moquegua,174863,10,0,720,6
2020-06-03,Peru,NA,Moquegua,174863,14,0,734,6
2020-06-04,Peru,NA,Moquegua,174863,22,0,756,6
2020-06-05,Peru,NA,Moquegua,174863,5,0,761,6
2020-06-06,Peru,NA,Moquegua,174863,2,1,763,7
2020-06-07,Peru,NA,Moquegua,174863,2,2,765,9
2020-06-08,Peru,NA,Moquegua,174863,7,0,772,9
2020-06-09,Peru,NA,Moquegua,174863,4,1,776,10
2020-06-10,Peru,NA,Moquegua,174863,5,0,781,10
2020-06-11,Peru,NA,Moquegua,174863,10,1,791,11
2020-06-12,Peru,NA,Moquegua,174863,9,0,800,11
2020-06-13,Peru,NA,Moquegua,174863,13,0,813,11
2020-06-14,Peru,NA,Moquegua,174863,3,1,816,12
2020-06-15,Peru,NA,Moquegua,174863,14,0,830,12
2020-06-16,Peru,NA,Moquegua,174863,4,0,834,12
2020-06-17,Peru,NA,Moquegua,174863,2,2,836,14
2020-06-18,Peru,NA,Moquegua,174863,5,1,841,15
2020-06-19,Peru,NA,Moquegua,174863,7,0,848,15
2020-06-20,Peru,NA,Moquegua,174863,11,1,859,16
2020-06-21,Peru,NA,Moquegua,174863,4,0,863,16
2020-06-22,Peru,NA,Moquegua,174863,4,0,867,16
2020-06-23,Peru,NA,Moquegua,174863,11,2,878,18
2020-06-24,Peru,NA,Moquegua,174863,22,3,900,21
2020-06-25,Peru,NA,Moquegua,174863,12,0,912,21
2020-06-26,Peru,NA,Moquegua,174863,15,0,927,21
2020-06-27,Peru,NA,Moquegua,174863,12,2,939,23
2020-06-28,Peru,NA,Moquegua,174863,6,0,945,23
2020-06-29,Peru,NA,Moquegua,174863,6,4,951,27
2020-06-30,Peru,NA,Moquegua,174863,53,2,1004,29
2020-07-01,Peru,NA,Moquegua,174863,35,2,1039,31
2020-07-02,Peru,NA,Moquegua,174863,21,0,1060,31
2020-07-03,Peru,NA,Moquegua,174863,38,2,1098,33
2020-07-04,Peru,NA,Moquegua,174863,52,3,1150,36
2020-07-05,Peru,NA,Moquegua,174863,10,1,1160,37
2020-07-06,Peru,NA,Moquegua,174863,39,3,1199,40
2020-07-07,Peru,NA,Moquegua,174863,40,2,1239,42
2020-07-08,Peru,NA,Moquegua,174863,33,4,1272,46
2020-07-09,Peru,NA,Moquegua,174863,24,2,1296,48
2020-07-10,Peru,NA,Moquegua,174863,79,2,1375,50
2020-07-11,Peru,NA,Moquegua,174863,57,3,1432,53
2020-07-12,Peru,NA,Moquegua,174863,25,1,1457,54
2020-07-13,Peru,NA,Moquegua,174863,21,4,1478,58
2020-07-14,Peru,NA,Moquegua,174863,91,8,1569,66
2020-07-15,Peru,NA,Moquegua,174863,49,5,1618,71
2020-07-16,Peru,NA,Moquegua,174863,86,5,1704,76
2020-07-17,Peru,NA,Moquegua,174863,123,2,1827,78
2020-07-18,Peru,NA,Moquegua,174863,76,5,1903,83
2020-07-19,Peru,NA,Moquegua,174863,57,12,1960,95
2020-07-20,Peru,NA,Moquegua,174863,52,11,2012,106
2020-07-21,Peru,NA,Moquegua,174863,120,5,2132,111
2020-07-22,Peru,NA,Moquegua,174863,128,4,2260,115
2020-07-23,Peru,NA,Moquegua,174863,86,2,2346,117
2020-07-24,Peru,NA,Moquegua,174863,88,2,2434,119
2020-07-25,Peru,NA,Moquegua,174863,130,0,2564,119
2020-07-26,Peru,NA,Moquegua,174863,25,1,2589,120
2020-07-27,Peru,NA,Moquegua,174863,144,2,2733,122
2020-07-28,Peru,NA,Moquegua,174863,57,1,2790,123
2020-07-29,Peru,NA,Moquegua,174863,91,2,2881,125
2020-07-30,Peru,NA,Moquegua,174863,203,2,3084,127
2020-07-31,Peru,NA,Moquegua,174863,129,3,3213,130
2020-08-01,Peru,NA,Moquegua,174863,98,7,3311,137
2020-08-02,Peru,NA,Moquegua,174863,49,1,3360,138
2020-08-03,Peru,NA,Moquegua,174863,180,0,3540,138
2020-08-04,Peru,NA,Moquegua,174863,238,8,3778,146
2020-08-05,Peru,NA,Moquegua,174863,250,1,4028,147
2020-08-06,Peru,NA,Moquegua,174863,353,2,4381,149
2020-08-07,Peru,NA,Moquegua,174863,308,8,4689,157
2020-08-08,Peru,NA,Moquegua,174863,88,3,4777,160
2020-08-09,Peru,NA,Moquegua,174863,63,0,4840,160
2020-08-10,Peru,NA,Moquegua,174863,199,6,5039,166
2020-08-11,Peru,NA,Moquegua,174863,521,3,5560,169
2020-08-12,Peru,NA,Moquegua,174863,198,4,5758,173
2020-08-13,Peru,NA,Moquegua,174863,278,3,6036,176
2020-08-14,Peru,NA,Moquegua,174863,246,3,6282,179
2020-08-15,Peru,NA,Moquegua,174863,271,5,6553,184
2020-08-16,Peru,NA,Moquegua,174863,56,2,6609,186
2020-08-17,Peru,NA,Moquegua,174863,299,5,6908,191
2020-08-18,Peru,NA,Moquegua,174863,178,2,7086,193
2020-08-19,Peru,NA,Moquegua,174863,331,3,7417,196
2020-08-20,Peru,NA,Moquegua,174863,213,1,7630,197
2020-08-21,Peru,NA,Moquegua,174863,194,3,7824,200
2020-08-22,Peru,NA,Moquegua,174863,86,8,7910,208
2020-08-23,Peru,NA,Moquegua,174863,75,4,7985,212
2020-08-24,Peru,NA,Moquegua,174863,197,2,8182,214
2020-08-25,Peru,NA,Moquegua,174863,236,6,8418,220
2020-08-26,Peru,NA,Moquegua,174863,195,1,8613,221
2020-08-27,Peru,NA,Moquegua,174863,123,2,8736,223
2020-08-28,Peru,NA,Moquegua,174863,204,2,8940,225
2020-08-29,Peru,NA,Moquegua,174863,20,2,8960,227
2020-04-25,Peru,NA,Pasco,254065,16,0,114,1
2020-04-26,Peru,NA,Pasco,254065,6,0,120,1
2020-04-27,Peru,NA,Pasco,254065,15,0,135,1
2020-04-28,Peru,NA,Pasco,254065,9,0,144,1
2020-04-29,Peru,NA,Pasco,254065,14,0,158,1
2020-04-30,Peru,NA,Pasco,254065,3,0,161,1
2020-05-01,Peru,NA,Pasco,254065,7,1,168,2
2020-05-02,Peru,NA,Pasco,254065,11,1,179,3
2020-05-03,Peru,NA,Pasco,254065,5,0,184,3
2020-05-04,Peru,NA,Pasco,254065,31,0,215,3
2020-05-05,Peru,NA,Pasco,254065,11,0,226,3
2020-05-06,Peru,NA,Pasco,254065,10,1,236,4
2020-05-07,Peru,NA,Pasco,254065,7,0,243,4
2020-05-08,Peru,NA,Pasco,254065,3,0,246,4
2020-05-09,Peru,NA,Pasco,254065,8,0,254,4
2020-05-10,Peru,NA,Pasco,254065,2,0,256,4
2020-05-11,Peru,NA,Pasco,254065,3,0,259,4
2020-05-12,Peru,NA,Pasco,254065,12,0,271,4
2020-05-13,Peru,NA,Pasco,254065,10,0,281,4
2020-05-14,Peru,NA,Pasco,254065,16,0,297,4
2020-05-15,Peru,NA,Pasco,254065,10,0,307,4
2020-05-16,Peru,NA,Pasco,254065,20,0,327,4
2020-05-17,Peru,NA,Pasco,254065,8,1,335,5
2020-05-18,Peru,NA,Pasco,254065,10,0,345,5
2020-05-19,Peru,NA,Pasco,254065,22,0,367,5
2020-05-20,Peru,NA,Pasco,254065,25,2,392,7
2020-05-21,Peru,NA,Pasco,254065,33,1,425,8
2020-05-22,Peru,NA,Pasco,254065,52,1,477,9
2020-05-23,Peru,NA,Pasco,254065,45,0,522,9
2020-05-24,Peru,NA,Pasco,254065,25,0,547,9
2020-05-25,Peru,NA,Pasco,254065,20,0,567,9
2020-05-26,Peru,NA,Pasco,254065,20,0,587,9
2020-05-27,Peru,NA,Pasco,254065,26,0,613,9
2020-05-28,Peru,NA,Pasco,254065,22,0,635,9
2020-05-29,Peru,NA,Pasco,254065,4,1,639,10
2020-05-30,Peru,NA,Pasco,254065,12,0,651,10
2020-05-31,Peru,NA,Pasco,254065,3,0,654,10
2020-06-01,Peru,NA,Pasco,254065,33,2,687,12
2020-06-02,Peru,NA,Pasco,254065,9,1,696,13
2020-06-03,Peru,NA,Pasco,254065,33,0,729,13
2020-06-04,Peru,NA,Pasco,254065,29,0,758,13
2020-06-05,Peru,NA,Pasco,254065,13,0,771,13
2020-06-06,Peru,NA,Pasco,254065,8,0,779,13
2020-06-07,Peru,NA,Pasco,254065,11,0,790,13
2020-06-08,Peru,NA,Pasco,254065,21,1,811,14
2020-06-09,Peru,NA,Pasco,254065,27,1,838,15
2020-06-10,Peru,NA,Pasco,254065,28,0,866,15
2020-06-11,Peru,NA,Pasco,254065,18,0,884,15
2020-06-12,Peru,NA,Pasco,254065,12,0,896,15
2020-06-13,Peru,NA,Pasco,254065,35,0,931,15
2020-06-14,Peru,NA,Pasco,254065,13,2,944,17
2020-06-15,Peru,NA,Pasco,254065,24,2,968,19
2020-06-16,Peru,NA,Pasco,254065,6,1,974,20
2020-06-17,Peru,NA,Pasco,254065,4,0,978,20
2020-06-18,Peru,NA,Pasco,254065,14,1,992,21
2020-06-19,Peru,NA,Pasco,254065,18,0,1010,21
2020-06-20,Peru,NA,Pasco,254065,10,3,1020,24
2020-06-21,Peru,NA,Pasco,254065,1,4,1021,28
2020-06-22,Peru,NA,Pasco,254065,7,0,1028,28
2020-06-23,Peru,NA,Pasco,254065,13,1,1041,29
2020-06-24,Peru,NA,Pasco,254065,11,0,1052,29
2020-06-25,Peru,NA,Pasco,254065,13,1,1065,30
2020-06-26,Peru,NA,Pasco,254065,17,0,1082,30
2020-06-27,Peru,NA,Pasco,254065,15,0,1097,30
2020-06-28,Peru,NA,Pasco,254065,8,0,1105,30
2020-06-29,Peru,NA,Pasco,254065,15,1,1120,31
2020-06-30,Peru,NA,Pasco,254065,13,3,1133,34
2020-07-01,Peru,NA,Pasco,254065,13,0,1146,34
2020-07-02,Peru,NA,Pasco,254065,22,0,1168,34
2020-07-03,Peru,NA,Pasco,254065,6,1,1174,35
2020-07-04,Peru,NA,Pasco,254065,19,0,1193,35
2020-07-05,Peru,NA,Pasco,254065,11,1,1204,36
2020-07-06,Peru,NA,Pasco,254065,24,0,1228,36
2020-07-07,Peru,NA,Pasco,254065,22,0,1250,36
2020-07-08,Peru,NA,Pasco,254065,27,0,1277,36
2020-07-09,Peru,NA,Pasco,254065,9,0,1286,36
2020-07-10,Peru,NA,Pasco,254065,72,0,1358,36
2020-07-11,Peru,NA,Pasco,254065,34,3,1392,39
2020-07-12,Peru,NA,Pasco,254065,20,1,1412,40
2020-07-13,Peru,NA,Pasco,254065,27,1,1439,41
2020-07-14,Peru,NA,Pasco,254065,16,2,1455,43
2020-07-15,Peru,NA,Pasco,254065,15,1,1470,44
2020-07-16,Peru,NA,Pasco,254065,14,1,1484,45
2020-07-17,Peru,NA,Pasco,254065,19,1,1503,46
2020-07-18,Peru,NA,Pasco,254065,34,2,1537,48
2020-07-19,Peru,NA,Pasco,254065,12,0,1549,48
2020-07-20,Peru,NA,Pasco,254065,18,1,1567,49
2020-07-21,Peru,NA,Pasco,254065,28,0,1595,49
2020-07-22,Peru,NA,Pasco,254065,31,0,1626,49
2020-07-23,Peru,NA,Pasco,254065,31,1,1657,50
2020-07-24,Peru,NA,Pasco,254065,33,0,1690,50
2020-07-25,Peru,NA,Pasco,254065,50,2,1740,52
2020-07-26,Peru,NA,Pasco,254065,31,1,1771,53
2020-07-27,Peru,NA,Pasco,254065,57,1,1828,54
2020-07-28,Peru,NA,Pasco,254065,23,0,1851,54
2020-07-29,Peru,NA,Pasco,254065,58,3,1909,57
2020-07-30,Peru,NA,Pasco,254065,68,2,1977,59
2020-07-31,Peru,NA,Pasco,254065,57,2,2034,61
2020-08-01,Peru,NA,Pasco,254065,36,1,2070,62
2020-08-02,Peru,NA,Pasco,254065,94,0,2164,62
2020-08-03,Peru,NA,Pasco,254065,64,0,2228,62
2020-08-04,Peru,NA,Pasco,254065,111,2,2339,64
2020-08-05,Peru,NA,Pasco,254065,67,0,2406,64
2020-08-06,Peru,NA,Pasco,254065,105,0,2511,64
2020-08-07,Peru,NA,Pasco,254065,69,1,2580,65
2020-08-08,Peru,NA,Pasco,254065,64,0,2644,65
2020-08-09,Peru,NA,Pasco,254065,59,1,2703,66
2020-08-10,Peru,NA,Pasco,254065,83,3,2786,69
2020-08-11,Peru,NA,Pasco,254065,87,1,2873,70
2020-08-12,Peru,NA,Pasco,254065,55,0,2928,70
2020-08-13,Peru,NA,Pasco,254065,54,1,2982,71
2020-08-14,Peru,NA,Pasco,254065,69,2,3051,73
2020-08-15,Peru,NA,Pasco,254065,40,2,3091,75
2020-08-16,Peru,NA,Pasco,254065,40,0,3131,75
2020-08-17,Peru,NA,Pasco,254065,59,0,3190,75
2020-08-18,Peru,NA,Pasco,254065,48,1,3238,76
2020-08-19,Peru,NA,Pasco,254065,57,0,3295,76
2020-08-20,Peru,NA,Pasco,254065,79,1,3374,77
2020-08-21,Peru,NA,Pasco,254065,59,1,3433,78
2020-08-22,Peru,NA,Pasco,254065,23,1,3456,79
2020-08-23,Peru,NA,Pasco,254065,4,2,3460,81
2020-08-24,Peru,NA,Pasco,254065,44,1,3504,82
2020-08-25,Peru,NA,Pasco,254065,99,0,3603,82
2020-08-26,Peru,NA,Pasco,254065,43,1,3646,83
2020-08-27,Peru,NA,Pasco,254065,81,2,3727,85
2020-08-28,Peru,NA,Pasco,254065,63,2,3790,87
2020-08-29,Peru,NA,Pasco,254065,33,1,3823,88
2020-04-09,Peru,NA,Piura,1856809,40,1,118,14
2020-04-10,Peru,NA,Piura,1856809,36,6,154,20
2020-04-11,Peru,NA,Piura,1856809,49,3,203,23
2020-04-12,Peru,NA,Piura,1856809,32,4,235,27
2020-04-13,Peru,NA,Piura,1856809,31,6,266,33
2020-04-14,Peru,NA,Piura,1856809,55,6,321,39
2020-04-15,Peru,NA,Piura,1856809,77,6,398,45
2020-04-16,Peru,NA,Piura,1856809,52,7,450,52
2020-04-17,Peru,NA,Piura,1856809,49,6,499,58
2020-04-18,Peru,NA,Piura,1856809,42,6,541,64
2020-04-19,Peru,NA,Piura,1856809,12,8,553,72
2020-04-20,Peru,NA,Piura,1856809,54,7,607,79
2020-04-21,Peru,NA,Piura,1856809,50,9,657,88
2020-04-22,Peru,NA,Piura,1856809,72,4,729,92
2020-04-23,Peru,NA,Piura,1856809,102,7,831,99
2020-04-24,Peru,NA,Piura,1856809,152,12,983,111
2020-04-25,Peru,NA,Piura,1856809,158,7,1141,118
2020-04-26,Peru,NA,Piura,1856809,80,13,1221,131
2020-04-27,Peru,NA,Piura,1856809,237,13,1458,144
2020-04-28,Peru,NA,Piura,1856809,143,14,1601,158
2020-04-29,Peru,NA,Piura,1856809,153,19,1754,177
2020-04-30,Peru,NA,Piura,1856809,180,15,1934,192
2020-05-01,Peru,NA,Piura,1856809,142,13,2076,205
2020-05-02,Peru,NA,Piura,1856809,196,18,2272,223
2020-05-03,Peru,NA,Piura,1856809,86,22,2358,245
2020-05-04,Peru,NA,Piura,1856809,223,16,2581,261
2020-05-05,Peru,NA,Piura,1856809,247,18,2828,279
2020-05-06,Peru,NA,Piura,1856809,213,26,3041,305
2020-05-07,Peru,NA,Piura,1856809,156,16,3197,321
2020-05-08,Peru,NA,Piura,1856809,145,28,3342,349
2020-05-09,Peru,NA,Piura,1856809,91,18,3433,367
2020-05-10,Peru,NA,Piura,1856809,38,26,3471,393
2020-05-11,Peru,NA,Piura,1856809,164,26,3635,419
2020-05-12,Peru,NA,Piura,1856809,135,12,3770,431
2020-05-13,Peru,NA,Piura,1856809,115,24,3885,455
2020-05-14,Peru,NA,Piura,1856809,135,18,4020,473
2020-05-15,Peru,NA,Piura,1856809,102,20,4122,493
2020-05-16,Peru,NA,Piura,1856809,58,14,4180,507
2020-05-17,Peru,NA,Piura,1856809,50,12,4230,519
2020-05-18,Peru,NA,Piura,1856809,203,19,4433,538
2020-05-19,Peru,NA,Piura,1856809,340,15,4773,553
2020-05-20,Peru,NA,Piura,1856809,467,20,5240,573
2020-05-21,Peru,NA,Piura,1856809,434,15,5674,588
2020-05-22,Peru,NA,Piura,1856809,480,17,6154,605
2020-05-23,Peru,NA,Piura,1856809,539,19,6693,624
2020-05-24,Peru,NA,Piura,1856809,199,23,6892,647
2020-05-25,Peru,NA,Piura,1856809,482,18,7374,665
2020-05-26,Peru,NA,Piura,1856809,418,14,7792,679
2020-05-27,Peru,NA,Piura,1856809,457,32,8249,711
2020-05-28,Peru,NA,Piura,1856809,367,19,8616,730
2020-05-29,Peru,NA,Piura,1856809,292,20,8908,750
2020-05-30,Peru,NA,Piura,1856809,216,29,9124,779
2020-05-31,Peru,NA,Piura,1856809,25,23,9149,802
2020-06-01,Peru,NA,Piura,1856809,503,21,9652,823
2020-06-02,Peru,NA,Piura,1856809,342,25,9994,848
2020-06-03,Peru,NA,Piura,1856809,276,28,10270,876
2020-06-04,Peru,NA,Piura,1856809,494,22,10764,898
2020-06-05,Peru,NA,Piura,1856809,470,24,11234,922
2020-06-06,Peru,NA,Piura,1856809,445,30,11679,952
2020-06-07,Peru,NA,Piura,1856809,74,29,11753,981
2020-06-08,Peru,NA,Piura,1856809,340,30,12093,1011
2020-06-09,Peru,NA,Piura,1856809,470,21,12563,1032
2020-06-10,Peru,NA,Piura,1856809,421,29,12984,1061
2020-06-11,Peru,NA,Piura,1856809,509,17,13493,1078
2020-06-12,Peru,NA,Piura,1856809,440,26,13933,1104
2020-06-13,Peru,NA,Piura,1856809,219,26,14152,1130
2020-06-14,Peru,NA,Piura,1856809,116,17,14268,1147
2020-06-15,Peru,NA,Piura,1856809,348,25,14616,1172
2020-06-16,Peru,NA,Piura,1856809,185,19,14801,1191
2020-06-17,Peru,NA,Piura,1856809,222,25,15023,1216
2020-06-18,Peru,NA,Piura,1856809,220,13,15243,1229
2020-06-19,Peru,NA,Piura,1856809,264,36,15507,1265
2020-06-20,Peru,NA,Piura,1856809,200,24,15707,1289
2020-06-21,Peru,NA,Piura,1856809,41,18,15748,1307
2020-06-22,Peru,NA,Piura,1856809,234,21,15982,1328
2020-06-23,Peru,NA,Piura,1856809,192,27,16174,1355
2020-06-24,Peru,NA,Piura,1856809,177,25,16351,1380
2020-06-25,Peru,NA,Piura,1856809,203,20,16554,1400
2020-06-26,Peru,NA,Piura,1856809,234,14,16788,1414
2020-06-27,Peru,NA,Piura,1856809,146,23,16934,1437
2020-06-28,Peru,NA,Piura,1856809,37,16,16971,1453
2020-06-29,Peru,NA,Piura,1856809,128,17,17099,1470
2020-06-30,Peru,NA,Piura,1856809,220,16,17319,1486
2020-07-01,Peru,NA,Piura,1856809,234,10,17553,1496
2020-07-02,Peru,NA,Piura,1856809,177,13,17730,1509
2020-07-03,Peru,NA,Piura,1856809,146,5,17876,1514
2020-07-04,Peru,NA,Piura,1856809,143,3,18019,1517
2020-07-05,Peru,NA,Piura,1856809,53,6,18072,1523
2020-07-06,Peru,NA,Piura,1856809,95,3,18167,1526
2020-07-07,Peru,NA,Piura,1856809,154,1,18321,1527
2020-07-08,Peru,NA,Piura,1856809,106,11,18427,1538
2020-07-09,Peru,NA,Piura,1856809,59,7,18486,1545
2020-07-10,Peru,NA,Piura,1856809,269,2,18755,1547
2020-07-11,Peru,NA,Piura,1856809,240,10,18995,1557
2020-07-12,Peru,NA,Piura,1856809,51,6,19046,1563
2020-07-13,Peru,NA,Piura,1856809,71,6,19117,1569
2020-07-14,Peru,NA,Piura,1856809,83,2,19200,1571
2020-07-15,Peru,NA,Piura,1856809,136,7,19336,1578
2020-07-16,Peru,NA,Piura,1856809,84,7,19420,1585
2020-07-17,Peru,NA,Piura,1856809,148,1,19568,1586
2020-07-18,Peru,NA,Piura,1856809,183,6,19751,1592
2020-07-19,Peru,NA,Piura,1856809,102,6,19853,1598
2020-07-20,Peru,NA,Piura,1856809,115,6,19968,1604
2020-07-21,Peru,NA,Piura,1856809,182,6,20150,1610
2020-07-22,Peru,NA,Piura,1856809,164,6,20314,1616
2020-07-23,Peru,NA,Piura,1856809,160,7,20474,1623
2020-07-24,Peru,NA,Piura,1856809,136,5,20610,1628
2020-07-25,Peru,NA,Piura,1856809,256,4,20866,1632
2020-07-26,Peru,NA,Piura,1856809,43,5,20909,1637
2020-07-27,Peru,NA,Piura,1856809,211,3,21120,1640
2020-07-28,Peru,NA,Piura,1856809,67,2,21187,1642
2020-07-29,Peru,NA,Piura,1856809,155,3,21342,1645
2020-07-30,Peru,NA,Piura,1856809,179,5,21521,1650
2020-07-31,Peru,NA,Piura,1856809,148,1,21669,1651
2020-08-01,Peru,NA,Piura,1856809,133,8,21802,1659
2020-08-02,Peru,NA,Piura,1856809,60,8,21862,1667
2020-08-03,Peru,NA,Piura,1856809,204,2,22066,1669
2020-08-04,Peru,NA,Piura,1856809,160,13,22226,1682
2020-08-05,Peru,NA,Piura,1856809,166,8,22392,1690
2020-08-06,Peru,NA,Piura,1856809,218,3,22610,1693
2020-08-07,Peru,NA,Piura,1856809,251,5,22861,1698
2020-08-08,Peru,NA,Piura,1856809,173,7,23034,1705
2020-08-09,Peru,NA,Piura,1856809,62,2,23096,1707
2020-08-10,Peru,NA,Piura,1856809,294,7,23390,1714
2020-08-11,Peru,NA,Piura,1856809,270,4,23660,1718
2020-08-12,Peru,NA,Piura,1856809,240,4,23900,1722
2020-08-13,Peru,NA,Piura,1856809,282,9,24182,1731
2020-08-14,Peru,NA,Piura,1856809,267,9,24449,1740
2020-08-15,Peru,NA,Piura,1856809,279,3,24728,1743
2020-08-16,Peru,NA,Piura,1856809,65,8,24793,1751
2020-08-17,Peru,NA,Piura,1856809,329,4,25122,1755
2020-08-18,Peru,NA,Piura,1856809,329,5,25451,1760
2020-08-19,Peru,NA,Piura,1856809,261,5,25712,1765
2020-08-20,Peru,NA,Piura,1856809,334,7,26046,1772
2020-08-21,Peru,NA,Piura,1856809,286,6,26332,1778
2020-08-22,Peru,NA,Piura,1856809,227,7,26559,1785
2020-08-23,Peru,NA,Piura,1856809,13,2,26572,1787
2020-08-24,Peru,NA,Piura,1856809,440,4,27012,1791
2020-08-25,Peru,NA,Piura,1856809,561,8,27573,1799
2020-08-26,Peru,NA,Piura,1856809,325,4,27898,1803
2020-08-27,Peru,NA,Piura,1856809,257,7,28155,1810
2020-08-28,Peru,NA,Piura,1856809,321,3,28476,1813
2020-08-29,Peru,NA,Piura,1856809,110,5,28586,1818
2020-04-25,Peru,NA,Puno,1172697,20,0,103,1
2020-04-26,Peru,NA,Puno,1172697,14,0,117,1
2020-04-27,Peru,NA,Puno,1172697,28,0,145,1
2020-04-28,Peru,NA,Puno,1172697,22,0,167,1
2020-04-29,Peru,NA,Puno,1172697,20,1,187,2
2020-04-30,Peru,NA,Puno,1172697,29,0,216,2
2020-05-01,Peru,NA,Puno,1172697,10,0,226,2
2020-05-02,Peru,NA,Puno,1172697,14,0,240,2
2020-05-03,Peru,NA,Puno,1172697,11,1,251,3
2020-05-04,Peru,NA,Puno,1172697,13,0,264,3
2020-05-05,Peru,NA,Puno,1172697,20,1,284,4
2020-05-06,Peru,NA,Puno,1172697,6,0,290,4
2020-05-07,Peru,NA,Puno,1172697,3,0,293,4
2020-05-08,Peru,NA,Puno,1172697,1,0,294,4
2020-05-09,Peru,NA,Puno,1172697,8,0,302,4
2020-05-10,Peru,NA,Puno,1172697,1,0,303,4
2020-05-11,Peru,NA,Puno,1172697,4,0,307,4
2020-05-12,Peru,NA,Puno,1172697,6,0,313,4
2020-05-13,Peru,NA,Puno,1172697,3,0,316,4
2020-05-14,Peru,NA,Puno,1172697,2,0,318,4
2020-05-15,Peru,NA,Puno,1172697,9,0,327,4
2020-05-16,Peru,NA,Puno,1172697,3,1,330,5
2020-05-18,Peru,NA,Puno,1172697,7,1,337,6
2020-05-19,Peru,NA,Puno,1172697,7,0,344,6
2020-05-20,Peru,NA,Puno,1172697,9,0,353,6
2020-05-21,Peru,NA,Puno,1172697,40,0,393,6
2020-05-22,Peru,NA,Puno,1172697,25,0,418,6
2020-05-23,Peru,NA,Puno,1172697,10,0,428,6
2020-05-24,Peru,NA,Puno,1172697,2,0,430,6
2020-05-25,Peru,NA,Puno,1172697,35,0,465,6
2020-05-26,Peru,NA,Puno,1172697,3,1,468,7
2020-05-27,Peru,NA,Puno,1172697,22,0,490,7
2020-05-28,Peru,NA,Puno,1172697,16,1,506,8
2020-05-29,Peru,NA,Puno,1172697,42,0,548,8
2020-05-30,Peru,NA,Puno,1172697,17,0,565,8
2020-05-31,Peru,NA,Puno,1172697,1,0,566,8
2020-06-01,Peru,NA,Puno,1172697,7,0,573,8
2020-06-02,Peru,NA,Puno,1172697,15,1,588,9
2020-06-03,Peru,NA,Puno,1172697,19,0,607,9
2020-06-04,Peru,NA,Puno,1172697,27,1,634,10
2020-06-05,Peru,NA,Puno,1172697,7,0,641,10
2020-06-06,Peru,NA,Puno,1172697,7,0,648,10
2020-06-07,Peru,NA,Puno,1172697,2,0,650,10
2020-06-08,Peru,NA,Puno,1172697,18,0,668,10
2020-06-09,Peru,NA,Puno,1172697,23,2,691,12
2020-06-10,Peru,NA,Puno,1172697,31,0,722,12
2020-06-11,Peru,NA,Puno,1172697,9,2,731,14
2020-06-12,Peru,NA,Puno,1172697,13,2,744,16
2020-06-13,Peru,NA,Puno,1172697,15,1,759,17
2020-06-14,Peru,NA,Puno,1172697,9,0,768,17
2020-06-15,Peru,NA,Puno,1172697,11,1,779,18
2020-06-16,Peru,NA,Puno,1172697,8,1,787,19
2020-06-17,Peru,NA,Puno,1172697,11,3,798,22
2020-06-18,Peru,NA,Puno,1172697,8,1,806,23
2020-06-19,Peru,NA,Puno,1172697,15,2,821,25
2020-06-20,Peru,NA,Puno,1172697,11,0,832,25
2020-06-21,Peru,NA,Puno,1172697,12,0,844,25
2020-06-22,Peru,NA,Puno,1172697,23,1,867,26
2020-06-23,Peru,NA,Puno,1172697,19,0,886,26
2020-06-24,Peru,NA,Puno,1172697,15,0,901,26
2020-06-25,Peru,NA,Puno,1172697,4,2,905,28
2020-06-26,Peru,NA,Puno,1172697,23,0,928,28
2020-06-27,Peru,NA,Puno,1172697,17,1,945,29
2020-06-28,Peru,NA,Puno,1172697,3,0,948,29
2020-06-29,Peru,NA,Puno,1172697,24,2,972,31
2020-06-30,Peru,NA,Puno,1172697,20,1,992,32
2020-07-01,Peru,NA,Puno,1172697,19,3,1011,35
2020-07-02,Peru,NA,Puno,1172697,20,2,1031,37
2020-07-03,Peru,NA,Puno,1172697,19,1,1050,38
2020-07-04,Peru,NA,Puno,1172697,20,0,1070,38
2020-07-05,Peru,NA,Puno,1172697,15,3,1085,41
2020-07-06,Peru,NA,Puno,1172697,23,1,1108,42
2020-07-07,Peru,NA,Puno,1172697,20,1,1128,43
2020-07-08,Peru,NA,Puno,1172697,6,2,1134,45
2020-07-09,Peru,NA,Puno,1172697,3,1,1137,46
2020-07-10,Peru,NA,Puno,1172697,21,0,1158,46
2020-07-11,Peru,NA,Puno,1172697,12,1,1170,47
2020-07-12,Peru,NA,Puno,1172697,15,1,1185,48
2020-07-13,Peru,NA,Puno,1172697,7,0,1192,48
2020-07-14,Peru,NA,Puno,1172697,9,0,1201,48
2020-07-15,Peru,NA,Puno,1172697,18,2,1219,50
2020-07-16,Peru,NA,Puno,1172697,74,2,1293,52
2020-07-17,Peru,NA,Puno,1172697,13,2,1306,54
2020-07-18,Peru,NA,Puno,1172697,40,5,1346,59
2020-07-19,Peru,NA,Puno,1172697,73,1,1419,60
2020-07-20,Peru,NA,Puno,1172697,41,1,1460,61
2020-07-21,Peru,NA,Puno,1172697,38,1,1498,62
2020-07-22,Peru,NA,Puno,1172697,72,1,1570,63
2020-07-23,Peru,NA,Puno,1172697,88,2,1658,65
2020-07-24,Peru,NA,Puno,1172697,117,3,1775,68
2020-07-25,Peru,NA,Puno,1172697,113,4,1888,72
2020-07-26,Peru,NA,Puno,1172697,60,6,1948,78
2020-07-27,Peru,NA,Puno,1172697,125,2,2073,80
2020-07-28,Peru,NA,Puno,1172697,53,2,2126,82
2020-07-29,Peru,NA,Puno,1172697,190,0,2316,82
2020-07-30,Peru,NA,Puno,1172697,115,1,2431,83
2020-07-31,Peru,NA,Puno,1172697,109,5,2540,88
2020-08-01,Peru,NA,Puno,1172697,85,4,2625,92
2020-08-02,Peru,NA,Puno,1172697,77,5,2702,97
2020-08-03,Peru,NA,Puno,1172697,138,1,2840,98
2020-08-04,Peru,NA,Puno,1172697,205,2,3045,100
2020-08-05,Peru,NA,Puno,1172697,150,4,3195,104
2020-08-06,Peru,NA,Puno,1172697,257,2,3452,106
2020-08-07,Peru,NA,Puno,1172697,210,6,3662,112
2020-08-08,Peru,NA,Puno,1172697,137,8,3799,120
2020-08-09,Peru,NA,Puno,1172697,94,3,3893,123
2020-08-10,Peru,NA,Puno,1172697,182,5,4075,128
2020-08-11,Peru,NA,Puno,1172697,216,4,4291,132
2020-08-12,Peru,NA,Puno,1172697,198,1,4489,133
2020-08-13,Peru,NA,Puno,1172697,208,5,4697,138
2020-08-14,Peru,NA,Puno,1172697,437,8,5134,146
2020-08-15,Peru,NA,Puno,1172697,848,6,5982,152
2020-08-16,Peru,NA,Puno,1172697,229,7,6211,159
2020-08-17,Peru,NA,Puno,1172697,263,6,6474,165
2020-08-18,Peru,NA,Puno,1172697,224,8,6698,173
2020-08-19,Peru,NA,Puno,1172697,191,10,6889,183
2020-08-20,Peru,NA,Puno,1172697,229,0,7118,183
2020-08-21,Peru,NA,Puno,1172697,168,6,7286,189
2020-08-22,Peru,NA,Puno,1172697,144,5,7430,194
2020-08-23,Peru,NA,Puno,1172697,24,9,7454,203
2020-08-24,Peru,NA,Puno,1172697,181,4,7635,207
2020-08-25,Peru,NA,Puno,1172697,332,4,7967,211
2020-08-26,Peru,NA,Puno,1172697,203,4,8170,215
2020-08-27,Peru,NA,Puno,1172697,208,8,8378,223
2020-08-28,Peru,NA,Puno,1172697,182,6,8560,229
2020-08-29,Peru,NA,Puno,1172697,43,2,8603,231
2020-04-21,Peru,NA,San Martin,813381,5,1,102,5
2020-04-22,Peru,NA,San Martin,813381,5,0,107,5
2020-04-23,Peru,NA,San Martin,813381,2,0,109,5
2020-04-24,Peru,NA,San Martin,813381,13,0,122,5
2020-04-25,Peru,NA,San Martin,813381,29,0,151,5
2020-04-26,Peru,NA,San Martin,813381,16,0,167,5
2020-04-27,Peru,NA,San Martin,813381,23,1,190,6
2020-04-28,Peru,NA,San Martin,813381,43,0,233,6
2020-04-29,Peru,NA,San Martin,813381,21,1,254,7
2020-04-30,Peru,NA,San Martin,813381,15,0,269,7
2020-05-01,Peru,NA,San Martin,813381,18,0,287,7
2020-05-02,Peru,NA,San Martin,813381,30,0,317,7
2020-05-03,Peru,NA,San Martin,813381,20,0,337,7
2020-05-04,Peru,NA,San Martin,813381,9,0,346,7
2020-05-05,Peru,NA,San Martin,813381,20,1,366,8
2020-05-06,Peru,NA,San Martin,813381,31,0,397,8
2020-05-07,Peru,NA,San Martin,813381,62,2,459,10
2020-05-08,Peru,NA,San Martin,813381,50,2,509,12
2020-05-09,Peru,NA,San Martin,813381,28,1,537,13
2020-05-10,Peru,NA,San Martin,813381,14,3,551,16
2020-05-11,Peru,NA,San Martin,813381,11,0,562,16
2020-05-12,Peru,NA,San Martin,813381,12,1,574,17
2020-05-13,Peru,NA,San Martin,813381,29,1,603,18
2020-05-14,Peru,NA,San Martin,813381,38,1,641,19
2020-05-15,Peru,NA,San Martin,813381,22,2,663,21
2020-05-16,Peru,NA,San Martin,813381,54,3,717,24
2020-05-17,Peru,NA,San Martin,813381,19,1,736,25
2020-05-18,Peru,NA,San Martin,813381,93,4,829,29
2020-05-19,Peru,NA,San Martin,813381,89,1,918,30
2020-05-20,Peru,NA,San Martin,813381,44,0,962,30
2020-05-21,Peru,NA,San Martin,813381,52,0,1014,30
2020-05-22,Peru,NA,San Martin,813381,27,2,1041,32
2020-05-23,Peru,NA,San Martin,813381,20,2,1061,34
2020-05-24,Peru,NA,San Martin,813381,15,3,1076,37
2020-05-25,Peru,NA,San Martin,813381,28,0,1104,37
2020-05-26,Peru,NA,San Martin,813381,63,3,1167,40
2020-05-27,Peru,NA,San Martin,813381,65,3,1232,43
2020-05-28,Peru,NA,San Martin,813381,66,2,1298,45
2020-05-29,Peru,NA,San Martin,813381,52,0,1350,45
2020-05-30,Peru,NA,San Martin,813381,63,3,1413,48
2020-05-31,Peru,NA,San Martin,813381,39,5,1452,53
2020-06-01,Peru,NA,San Martin,813381,97,7,1549,60
2020-06-02,Peru,NA,San Martin,813381,106,5,1655,65
2020-06-03,Peru,NA,San Martin,813381,67,10,1722,75
2020-06-04,Peru,NA,San Martin,813381,79,5,1801,80
2020-06-05,Peru,NA,San Martin,813381,71,10,1872,90
2020-06-06,Peru,NA,San Martin,813381,64,13,1936,103
2020-06-07,Peru,NA,San Martin,813381,55,3,1991,106
2020-06-08,Peru,NA,San Martin,813381,158,10,2149,116
2020-06-09,Peru,NA,San Martin,813381,106,7,2255,123
2020-06-10,Peru,NA,San Martin,813381,145,10,2400,133
2020-06-11,Peru,NA,San Martin,813381,165,11,2565,144
2020-06-12,Peru,NA,San Martin,813381,195,15,2760,159
2020-06-13,Peru,NA,San Martin,813381,123,18,2883,177
2020-06-14,Peru,NA,San Martin,813381,17,9,2900,186
2020-06-15,Peru,NA,San Martin,813381,51,17,2951,203
2020-06-16,Peru,NA,San Martin,813381,151,16,3102,219
2020-06-17,Peru,NA,San Martin,813381,83,20,3185,239
2020-06-18,Peru,NA,San Martin,813381,138,12,3323,251
2020-06-19,Peru,NA,San Martin,813381,135,12,3458,263
2020-06-20,Peru,NA,San Martin,813381,167,21,3625,284
2020-06-21,Peru,NA,San Martin,813381,17,9,3642,293
2020-06-22,Peru,NA,San Martin,813381,175,15,3817,308
2020-06-23,Peru,NA,San Martin,813381,169,11,3986,319
2020-06-24,Peru,NA,San Martin,813381,182,16,4168,335
2020-06-25,Peru,NA,San Martin,813381,240,16,4408,351
2020-06-26,Peru,NA,San Martin,813381,295,19,4703,370
2020-06-27,Peru,NA,San Martin,813381,207,16,4910,386
2020-06-28,Peru,NA,San Martin,813381,60,17,4970,403
2020-06-29,Peru,NA,San Martin,813381,211,17,5181,420
2020-06-30,Peru,NA,San Martin,813381,258,12,5439,432
2020-07-01,Peru,NA,San Martin,813381,189,9,5628,441
2020-07-02,Peru,NA,San Martin,813381,205,8,5833,449
2020-07-03,Peru,NA,San Martin,813381,158,5,5991,454
2020-07-04,Peru,NA,San Martin,813381,155,6,6146,460
2020-07-05,Peru,NA,San Martin,813381,100,8,6246,468
2020-07-06,Peru,NA,San Martin,813381,89,4,6335,472
2020-07-07,Peru,NA,San Martin,813381,63,9,6398,481
2020-07-08,Peru,NA,San Martin,813381,45,15,6443,496
2020-07-09,Peru,NA,San Martin,813381,81,5,6524,501
2020-07-10,Peru,NA,San Martin,813381,166,5,6690,506
2020-07-11,Peru,NA,San Martin,813381,91,7,6781,513
2020-07-12,Peru,NA,San Martin,813381,48,10,6829,523
2020-07-13,Peru,NA,San Martin,813381,44,5,6873,528
2020-07-14,Peru,NA,San Martin,813381,89,7,6962,535
2020-07-15,Peru,NA,San Martin,813381,85,2,7047,537
2020-07-16,Peru,NA,San Martin,813381,92,5,7139,542
2020-07-17,Peru,NA,San Martin,813381,84,3,7223,545
2020-07-18,Peru,NA,San Martin,813381,170,6,7393,551
2020-07-19,Peru,NA,San Martin,813381,36,5,7429,556
2020-07-20,Peru,NA,San Martin,813381,65,9,7494,565
2020-07-21,Peru,NA,San Martin,813381,133,7,7627,572
2020-07-22,Peru,NA,San Martin,813381,155,7,7782,579
2020-07-23,Peru,NA,San Martin,813381,212,7,7994,586
2020-07-24,Peru,NA,San Martin,813381,217,1,8211,587
2020-07-25,Peru,NA,San Martin,813381,226,0,8437,587
2020-07-26,Peru,NA,San Martin,813381,50,2,8487,589
2020-07-27,Peru,NA,San Martin,813381,220,1,8707,590
2020-07-28,Peru,NA,San Martin,813381,86,1,8793,591
2020-07-29,Peru,NA,San Martin,813381,163,3,8956,594
2020-07-30,Peru,NA,San Martin,813381,172,6,9128,600
2020-07-31,Peru,NA,San Martin,813381,204,3,9332,603
2020-08-01,Peru,NA,San Martin,813381,150,1,9482,604
2020-08-02,Peru,NA,San Martin,813381,54,3,9536,607
2020-08-03,Peru,NA,San Martin,813381,200,0,9736,607
2020-08-04,Peru,NA,San Martin,813381,224,1,9960,608
2020-08-05,Peru,NA,San Martin,813381,171,3,10131,611
2020-08-06,Peru,NA,San Martin,813381,260,2,10391,613
2020-08-07,Peru,NA,San Martin,813381,172,2,10563,615
2020-08-08,Peru,NA,San Martin,813381,156,1,10719,616
2020-08-09,Peru,NA,San Martin,813381,45,1,10764,617
2020-08-10,Peru,NA,San Martin,813381,205,2,10969,619
2020-08-11,Peru,NA,San Martin,813381,200,1,11169,620
2020-08-12,Peru,NA,San Martin,813381,198,4,11367,624
2020-08-13,Peru,NA,San Martin,813381,146,5,11513,629
2020-08-14,Peru,NA,San Martin,813381,148,3,11661,632
2020-08-15,Peru,NA,San Martin,813381,123,3,11784,635
2020-08-16,Peru,NA,San Martin,813381,42,2,11826,637
2020-08-17,Peru,NA,San Martin,813381,206,3,12032,640
2020-08-18,Peru,NA,San Martin,813381,165,2,12197,642
2020-08-19,Peru,NA,San Martin,813381,155,0,12352,642
2020-08-20,Peru,NA,San Martin,813381,183,3,12535,645
2020-08-21,Peru,NA,San Martin,813381,124,4,12659,649
2020-08-22,Peru,NA,San Martin,813381,109,1,12768,650
2020-08-23,Peru,NA,San Martin,813381,39,0,12807,650
2020-08-24,Peru,NA,San Martin,813381,178,2,12985,652
2020-08-25,Peru,NA,San Martin,813381,257,2,13242,654
2020-08-26,Peru,NA,San Martin,813381,90,2,13332,656
2020-08-27,Peru,NA,San Martin,813381,96,3,13428,659
2020-08-28,Peru,NA,San Martin,813381,164,0,13592,659
2020-08-29,Peru,NA,San Martin,813381,33,2,13625,661
2020-04-27,Peru,NA,Tacna,329332,5,0,101,1
2020-04-28,Peru,NA,Tacna,329332,22,0,123,1
2020-04-29,Peru,NA,Tacna,329332,23,0,146,1
2020-04-30,Peru,NA,Tacna,329332,16,0,162,1
2020-05-01,Peru,NA,Tacna,329332,6,0,168,1
2020-05-02,Peru,NA,Tacna,329332,6,1,174,2
2020-05-03,Peru,NA,Tacna,329332,7,0,181,2
2020-05-04,Peru,NA,Tacna,329332,8,0,189,2
2020-05-05,Peru,NA,Tacna,329332,10,1,199,3
2020-05-06,Peru,NA,Tacna,329332,7,0,206,3
2020-05-07,Peru,NA,Tacna,329332,3,0,209,3
2020-05-08,Peru,NA,Tacna,329332,6,0,215,3
2020-05-09,Peru,NA,Tacna,329332,9,0,224,3
2020-05-11,Peru,NA,Tacna,329332,4,0,228,3
2020-05-12,Peru,NA,Tacna,329332,4,0,232,3
2020-05-13,Peru,NA,Tacna,329332,7,0,239,3
2020-05-14,Peru,NA,Tacna,329332,10,0,249,3
2020-05-15,Peru,NA,Tacna,329332,15,0,264,3
2020-05-16,Peru,NA,Tacna,329332,11,0,275,3
2020-05-18,Peru,NA,Tacna,329332,22,3,297,6
2020-05-19,Peru,NA,Tacna,329332,14,0,311,6
2020-05-20,Peru,NA,Tacna,329332,13,0,324,6
2020-05-21,Peru,NA,Tacna,329332,44,0,368,6
2020-05-22,Peru,NA,Tacna,329332,35,0,403,6
2020-05-23,Peru,NA,Tacna,329332,52,0,455,6
2020-05-24,Peru,NA,Tacna,329332,2,2,457,8
2020-05-25,Peru,NA,Tacna,329332,43,1,500,9
2020-05-26,Peru,NA,Tacna,329332,14,0,514,9
2020-05-27,Peru,NA,Tacna,329332,11,0,525,9
2020-05-28,Peru,NA,Tacna,329332,34,0,559,9
2020-05-29,Peru,NA,Tacna,329332,11,0,570,9
2020-05-30,Peru,NA,Tacna,329332,22,1,592,10
2020-05-31,Peru,NA,Tacna,329332,3,1,595,11
2020-06-01,Peru,NA,Tacna,329332,14,0,609,11
2020-06-02,Peru,NA,Tacna,329332,15,1,624,12
2020-06-03,Peru,NA,Tacna,329332,14,0,638,12
2020-06-04,Peru,NA,Tacna,329332,15,0,653,12
2020-06-05,Peru,NA,Tacna,329332,22,0,675,12
2020-06-06,Peru,NA,Tacna,329332,16,1,691,13
2020-06-07,Peru,NA,Tacna,329332,3,0,694,13
2020-06-08,Peru,NA,Tacna,329332,13,2,707,15
2020-06-09,Peru,NA,Tacna,329332,16,0,723,15
2020-06-10,Peru,NA,Tacna,329332,8,0,731,15
2020-06-11,Peru,NA,Tacna,329332,20,0,751,15
2020-06-12,Peru,NA,Tacna,329332,15,0,766,15
2020-06-13,Peru,NA,Tacna,329332,9,0,775,15
2020-06-14,Peru,NA,Tacna,329332,2,1,777,16
2020-06-15,Peru,NA,Tacna,329332,27,1,804,17
2020-06-16,Peru,NA,Tacna,329332,13,2,817,19
2020-06-17,Peru,NA,Tacna,329332,22,0,839,19
2020-06-18,Peru,NA,Tacna,329332,9,0,848,19
2020-06-19,Peru,NA,Tacna,329332,23,1,871,20
2020-06-20,Peru,NA,Tacna,329332,23,0,894,20
2020-06-21,Peru,NA,Tacna,329332,1,0,895,20
2020-06-22,Peru,NA,Tacna,329332,11,0,906,20
2020-06-23,Peru,NA,Tacna,329332,13,2,919,22
2020-06-24,Peru,NA,Tacna,329332,18,0,937,22
2020-06-25,Peru,NA,Tacna,329332,28,1,965,23
2020-06-26,Peru,NA,Tacna,329332,32,0,997,23
2020-06-27,Peru,NA,Tacna,329332,18,1,1015,24
2020-06-28,Peru,NA,Tacna,329332,5,1,1020,25
2020-06-29,Peru,NA,Tacna,329332,19,0,1039,25
2020-06-30,Peru,NA,Tacna,329332,42,2,1081,27
2020-07-01,Peru,NA,Tacna,329332,22,0,1103,27
2020-07-02,Peru,NA,Tacna,329332,33,1,1136,28
2020-07-03,Peru,NA,Tacna,329332,27,0,1163,28
2020-07-04,Peru,NA,Tacna,329332,21,1,1184,29
2020-07-05,Peru,NA,Tacna,329332,3,0,1187,29
2020-07-06,Peru,NA,Tacna,329332,45,0,1232,29
2020-07-07,Peru,NA,Tacna,329332,47,1,1279,30
2020-07-08,Peru,NA,Tacna,329332,42,1,1321,31
2020-07-09,Peru,NA,Tacna,329332,76,2,1397,33
2020-07-10,Peru,NA,Tacna,329332,65,1,1462,34
2020-07-11,Peru,NA,Tacna,329332,70,3,1532,37
2020-07-12,Peru,NA,Tacna,329332,17,1,1549,38
2020-07-13,Peru,NA,Tacna,329332,56,7,1605,45
2020-07-14,Peru,NA,Tacna,329332,80,1,1685,46
2020-07-15,Peru,NA,Tacna,329332,61,1,1746,47
2020-07-16,Peru,NA,Tacna,329332,51,3,1797,50
2020-07-17,Peru,NA,Tacna,329332,93,1,1890,51
2020-07-18,Peru,NA,Tacna,329332,50,1,1940,52
2020-07-19,Peru,NA,Tacna,329332,38,1,1978,53
2020-07-20,Peru,NA,Tacna,329332,32,1,2010,54
2020-07-21,Peru,NA,Tacna,329332,88,0,2098,54
2020-07-22,Peru,NA,Tacna,329332,108,3,2206,57
2020-07-23,Peru,NA,Tacna,329332,65,2,2271,59
2020-07-24,Peru,NA,Tacna,329332,66,2,2337,61
2020-07-25,Peru,NA,Tacna,329332,95,0,2432,61
2020-07-26,Peru,NA,Tacna,329332,32,0,2464,61
2020-07-27,Peru,NA,Tacna,329332,137,1,2601,62
2020-07-28,Peru,NA,Tacna,329332,52,0,2653,62
2020-07-29,Peru,NA,Tacna,329332,100,3,2753,65
2020-07-30,Peru,NA,Tacna,329332,154,2,2907,67
2020-07-31,Peru,NA,Tacna,329332,114,1,3021,68
2020-08-01,Peru,NA,Tacna,329332,154,1,3175,69
2020-08-02,Peru,NA,Tacna,329332,56,0,3231,69
2020-08-03,Peru,NA,Tacna,329332,140,0,3371,69
2020-08-04,Peru,NA,Tacna,329332,186,1,3557,70
2020-08-05,Peru,NA,Tacna,329332,194,4,3751,74
2020-08-06,Peru,NA,Tacna,329332,201,1,3952,75
2020-08-07,Peru,NA,Tacna,329332,218,3,4170,78
2020-08-08,Peru,NA,Tacna,329332,172,5,4342,83
2020-08-09,Peru,NA,Tacna,329332,96,0,4438,83
2020-08-10,Peru,NA,Tacna,329332,127,6,4565,89
2020-08-11,Peru,NA,Tacna,329332,176,0,4741,89
2020-08-12,Peru,NA,Tacna,329332,258,2,4999,91
2020-08-13,Peru,NA,Tacna,329332,251,7,5250,98
2020-08-14,Peru,NA,Tacna,329332,277,2,5527,100
2020-08-15,Peru,NA,Tacna,329332,210,1,5737,101
2020-08-16,Peru,NA,Tacna,329332,57,3,5794,104
2020-08-17,Peru,NA,Tacna,329332,223,2,6017,106
2020-08-18,Peru,NA,Tacna,329332,173,4,6190,110
2020-08-19,Peru,NA,Tacna,329332,223,2,6413,112
2020-08-20,Peru,NA,Tacna,329332,401,2,6814,114
2020-08-21,Peru,NA,Tacna,329332,253,5,7067,119
2020-08-22,Peru,NA,Tacna,329332,258,3,7325,122
2020-08-23,Peru,NA,Tacna,329332,11,1,7336,123
2020-08-24,Peru,NA,Tacna,329332,289,3,7625,126
2020-08-25,Peru,NA,Tacna,329332,347,0,7972,126
2020-08-26,Peru,NA,Tacna,329332,196,2,8168,128
2020-08-27,Peru,NA,Tacna,329332,254,11,8422,139
2020-08-28,Peru,NA,Tacna,329332,22,2,8444,141
2020-08-29,Peru,NA,Tacna,329332,59,5,8503,146
2020-04-11,Peru,NA,Tumbes,224863,39,1,110,9
2020-04-12,Peru,NA,Tumbes,224863,6,1,116,10
2020-04-13,Peru,NA,Tumbes,224863,13,2,129,12
2020-04-14,Peru,NA,Tumbes,224863,22,0,151,12
2020-04-15,Peru,NA,Tumbes,224863,18,0,169,12
2020-04-16,Peru,NA,Tumbes,224863,12,0,181,12
2020-04-17,Peru,NA,Tumbes,224863,7,1,188,13
2020-04-18,Peru,NA,Tumbes,224863,6,1,194,14
2020-04-19,Peru,NA,Tumbes,224863,6,2,200,16
2020-04-20,Peru,NA,Tumbes,224863,17,1,217,17
2020-04-21,Peru,NA,Tumbes,224863,2,2,219,19
2020-04-22,Peru,NA,Tumbes,224863,7,3,226,22
2020-04-23,Peru,NA,Tumbes,224863,12,1,238,23
2020-04-24,Peru,NA,Tumbes,224863,20,3,258,26
2020-04-25,Peru,NA,Tumbes,224863,12,2,270,28
2020-04-26,Peru,NA,Tumbes,224863,9,1,279,29
2020-04-27,Peru,NA,Tumbes,224863,16,0,295,29
2020-04-28,Peru,NA,Tumbes,224863,14,0,309,29
2020-04-29,Peru,NA,Tumbes,224863,52,0,361,29
2020-04-30,Peru,NA,Tumbes,224863,30,0,391,29
2020-05-01,Peru,NA,Tumbes,224863,18,3,409,32
2020-05-02,Peru,NA,Tumbes,224863,44,2,453,34
2020-05-03,Peru,NA,Tumbes,224863,11,0,464,34
2020-05-04,Peru,NA,Tumbes,224863,26,2,490,36
2020-05-05,Peru,NA,Tumbes,224863,33,2,523,38
2020-05-06,Peru,NA,Tumbes,224863,14,4,537,42
2020-05-07,Peru,NA,Tumbes,224863,14,3,551,45
2020-05-08,Peru,NA,Tumbes,224863,12,2,563,47
2020-05-09,Peru,NA,Tumbes,224863,22,4,585,51
2020-05-10,Peru,NA,Tumbes,224863,2,1,587,52
2020-05-11,Peru,NA,Tumbes,224863,31,6,618,58
2020-05-12,Peru,NA,Tumbes,224863,29,3,647,61
2020-05-13,Peru,NA,Tumbes,224863,36,2,683,63
2020-05-14,Peru,NA,Tumbes,224863,23,3,706,66
2020-05-15,Peru,NA,Tumbes,224863,38,2,744,68
2020-05-16,Peru,NA,Tumbes,224863,36,1,780,69
2020-05-17,Peru,NA,Tumbes,224863,15,1,795,70
2020-05-18,Peru,NA,Tumbes,224863,24,3,819,73
2020-05-19,Peru,NA,Tumbes,224863,43,2,862,75
2020-05-20,Peru,NA,Tumbes,224863,31,5,893,80
2020-05-21,Peru,NA,Tumbes,224863,48,5,941,85
2020-05-22,Peru,NA,Tumbes,224863,45,5,986,90
2020-05-23,Peru,NA,Tumbes,224863,34,3,1020,93
2020-05-24,Peru,NA,Tumbes,224863,14,8,1034,101
2020-05-25,Peru,NA,Tumbes,224863,47,2,1081,103
2020-05-26,Peru,NA,Tumbes,224863,44,2,1125,105
2020-05-27,Peru,NA,Tumbes,224863,31,1,1156,106
2020-05-28,Peru,NA,Tumbes,224863,56,7,1212,113
2020-05-29,Peru,NA,Tumbes,224863,45,4,1257,117
2020-05-30,Peru,NA,Tumbes,224863,33,8,1290,125
2020-05-31,Peru,NA,Tumbes,224863,10,3,1300,128
2020-06-01,Peru,NA,Tumbes,224863,49,6,1349,134
2020-06-02,Peru,NA,Tumbes,224863,38,8,1387,142
2020-06-03,Peru,NA,Tumbes,224863,45,6,1432,148
2020-06-04,Peru,NA,Tumbes,224863,35,6,1467,154
2020-06-05,Peru,NA,Tumbes,224863,72,5,1539,159
2020-06-06,Peru,NA,Tumbes,224863,60,7,1599,166
2020-06-07,Peru,NA,Tumbes,224863,10,4,1609,170
2020-06-08,Peru,NA,Tumbes,224863,57,6,1666,176
2020-06-09,Peru,NA,Tumbes,224863,70,0,1736,176
2020-06-10,Peru,NA,Tumbes,224863,64,5,1800,181
2020-06-11,Peru,NA,Tumbes,224863,83,4,1883,185
2020-06-12,Peru,NA,Tumbes,224863,70,2,1953,187
2020-06-13,Peru,NA,Tumbes,224863,52,3,2005,190
2020-06-14,Peru,NA,Tumbes,224863,16,6,2021,196
2020-06-15,Peru,NA,Tumbes,224863,81,9,2102,205
2020-06-16,Peru,NA,Tumbes,224863,65,2,2167,207
2020-06-17,Peru,NA,Tumbes,224863,93,2,2260,209
2020-06-18,Peru,NA,Tumbes,224863,43,1,2303,210
2020-06-19,Peru,NA,Tumbes,224863,35,5,2338,215
2020-06-20,Peru,NA,Tumbes,224863,66,2,2404,217
2020-06-21,Peru,NA,Tumbes,224863,22,4,2426,221
2020-06-22,Peru,NA,Tumbes,224863,46,7,2472,228
2020-06-23,Peru,NA,Tumbes,224863,54,2,2526,230
2020-06-24,Peru,NA,Tumbes,224863,56,1,2582,231
2020-06-25,Peru,NA,Tumbes,224863,58,7,2640,238
2020-06-26,Peru,NA,Tumbes,224863,61,3,2701,241
2020-06-27,Peru,NA,Tumbes,224863,86,2,2787,243
2020-06-28,Peru,NA,Tumbes,224863,29,0,2816,243
2020-06-29,Peru,NA,Tumbes,224863,87,1,2903,244
2020-06-30,Peru,NA,Tumbes,224863,143,2,3046,246
2020-07-01,Peru,NA,Tumbes,224863,57,2,3103,248
2020-07-02,Peru,NA,Tumbes,224863,120,2,3223,250
2020-07-03,Peru,NA,Tumbes,224863,48,0,3271,250
2020-07-04,Peru,NA,Tumbes,224863,41,0,3312,250
2020-07-05,Peru,NA,Tumbes,224863,30,0,3342,250
2020-07-06,Peru,NA,Tumbes,224863,40,0,3382,250
2020-07-07,Peru,NA,Tumbes,224863,35,0,3417,250
2020-07-08,Peru,NA,Tumbes,224863,18,0,3435,250
2020-07-09,Peru,NA,Tumbes,224863,40,0,3475,250
2020-07-10,Peru,NA,Tumbes,224863,71,0,3546,250
2020-07-11,Peru,NA,Tumbes,224863,75,0,3621,250
2020-07-12,Peru,NA,Tumbes,224863,17,0,3638,250
2020-07-13,Peru,NA,Tumbes,224863,11,0,3649,250
2020-07-14,Peru,NA,Tumbes,224863,10,2,3659,252
2020-07-15,Peru,NA,Tumbes,224863,77,0,3736,252
2020-07-16,Peru,NA,Tumbes,224863,13,0,3749,252
2020-07-17,Peru,NA,Tumbes,224863,88,2,3837,254
2020-07-18,Peru,NA,Tumbes,224863,32,1,3869,255
2020-07-19,Peru,NA,Tumbes,224863,15,0,3884,255
2020-07-20,Peru,NA,Tumbes,224863,19,1,3903,256
2020-07-21,Peru,NA,Tumbes,224863,17,0,3920,256
2020-07-22,Peru,NA,Tumbes,224863,74,1,3994,257
2020-07-23,Peru,NA,Tumbes,224863,35,0,4029,257
2020-07-24,Peru,NA,Tumbes,224863,38,0,4067,257
2020-07-25,Peru,NA,Tumbes,224863,45,1,4112,258
2020-07-26,Peru,NA,Tumbes,224863,20,0,4132,258
2020-07-27,Peru,NA,Tumbes,224863,65,0,4197,258
2020-07-28,Peru,NA,Tumbes,224863,19,0,4216,258
2020-07-29,Peru,NA,Tumbes,224863,58,2,4274,260
2020-07-30,Peru,NA,Tumbes,224863,36,3,4310,263
2020-07-31,Peru,NA,Tumbes,224863,49,0,4359,263
2020-08-01,Peru,NA,Tumbes,224863,38,0,4397,263
2020-08-02,Peru,NA,Tumbes,224863,45,0,4442,263
2020-08-03,Peru,NA,Tumbes,224863,85,0,4527,263
2020-08-04,Peru,NA,Tumbes,224863,59,0,4586,263
2020-08-05,Peru,NA,Tumbes,224863,50,0,4636,263
2020-08-06,Peru,NA,Tumbes,224863,55,0,4691,263
2020-08-07,Peru,NA,Tumbes,224863,76,1,4767,264
2020-08-08,Peru,NA,Tumbes,224863,46,0,4813,264
2020-08-09,Peru,NA,Tumbes,224863,26,0,4839,264
2020-08-10,Peru,NA,Tumbes,224863,49,0,4888,264
2020-08-11,Peru,NA,Tumbes,224863,82,1,4970,265
2020-08-12,Peru,NA,Tumbes,224863,58,0,5028,265
2020-08-13,Peru,NA,Tumbes,224863,54,2,5082,267
2020-08-14,Peru,NA,Tumbes,224863,49,0,5131,267
2020-08-15,Peru,NA,Tumbes,224863,56,0,5187,267
2020-08-16,Peru,NA,Tumbes,224863,10,1,5197,268
2020-08-17,Peru,NA,Tumbes,224863,22,0,5219,268
2020-08-18,Peru,NA,Tumbes,224863,52,0,5271,268
2020-08-19,Peru,NA,Tumbes,224863,93,0,5364,268
2020-08-20,Peru,NA,Tumbes,224863,45,0,5409,268
2020-08-21,Peru,NA,Tumbes,224863,47,0,5456,268
2020-08-22,Peru,NA,Tumbes,224863,28,2,5484,270
2020-08-23,Peru,NA,Tumbes,224863,0,1,5484,271
2020-08-24,Peru,NA,Tumbes,224863,66,1,5550,272
2020-08-25,Peru,NA,Tumbes,224863,71,1,5621,273
2020-08-26,Peru,NA,Tumbes,224863,40,1,5661,274
2020-08-27,Peru,NA,Tumbes,224863,28,1,5689,275
2020-08-28,Peru,NA,Tumbes,224863,22,0,5711,275
2020-08-29,Peru,NA,Tumbes,224863,4,1,5715,276
2020-04-18,Peru,NA,Ucayali,496459,19,2,101,7
2020-04-19,Peru,NA,Ucayali,496459,22,4,123,11
2020-04-20,Peru,NA,Ucayali,496459,26,2,149,13
2020-04-21,Peru,NA,Ucayali,496459,23,3,172,16
2020-04-22,Peru,NA,Ucayali,496459,24,8,196,24
2020-04-23,Peru,NA,Ucayali,496459,15,3,211,27
2020-04-24,Peru,NA,Ucayali,496459,51,4,262,31
2020-04-25,Peru,NA,Ucayali,496459,21,7,283,38
2020-04-26,Peru,NA,Ucayali,496459,18,6,301,44
2020-04-27,Peru,NA,Ucayali,496459,109,1,410,45
2020-04-28,Peru,NA,Ucayali,496459,184,3,594,48
2020-04-29,Peru,NA,Ucayali,496459,87,2,681,50
2020-04-30,Peru,NA,Ucayali,496459,79,2,760,52
2020-05-01,Peru,NA,Ucayali,496459,76,8,836,60
2020-05-02,Peru,NA,Ucayali,496459,106,4,942,64
2020-05-03,Peru,NA,Ucayali,496459,94,3,1036,67
2020-05-04,Peru,NA,Ucayali,496459,91,2,1127,69
2020-05-05,Peru,NA,Ucayali,496459,59,6,1186,75
2020-05-06,Peru,NA,Ucayali,496459,81,3,1267,78
2020-05-07,Peru,NA,Ucayali,496459,12,3,1279,81
2020-05-08,Peru,NA,Ucayali,496459,101,4,1380,85
2020-05-09,Peru,NA,Ucayali,496459,190,3,1570,88
2020-05-10,Peru,NA,Ucayali,496459,47,2,1617,90
2020-05-11,Peru,NA,Ucayali,496459,47,7,1664,97
2020-05-12,Peru,NA,Ucayali,496459,84,3,1748,100
2020-05-13,Peru,NA,Ucayali,496459,109,1,1857,101
2020-05-14,Peru,NA,Ucayali,496459,111,3,1968,104
2020-05-15,Peru,NA,Ucayali,496459,104,2,2072,106
2020-05-16,Peru,NA,Ucayali,496459,407,4,2479,110
2020-05-17,Peru,NA,Ucayali,496459,57,3,2536,113
2020-05-18,Peru,NA,Ucayali,496459,354,4,2890,117
2020-05-19,Peru,NA,Ucayali,496459,140,3,3030,120
2020-05-20,Peru,NA,Ucayali,496459,317,2,3347,122
2020-05-21,Peru,NA,Ucayali,496459,170,4,3517,126
2020-05-22,Peru,NA,Ucayali,496459,192,5,3709,131
2020-05-23,Peru,NA,Ucayali,496459,125,6,3834,137
2020-05-24,Peru,NA,Ucayali,496459,36,1,3870,138
2020-05-25,Peru,NA,Ucayali,496459,77,1,3947,139
2020-05-26,Peru,NA,Ucayali,496459,197,4,4144,143
2020-05-27,Peru,NA,Ucayali,496459,176,5,4320,148
2020-05-28,Peru,NA,Ucayali,496459,209,2,4529,150
2020-05-29,Peru,NA,Ucayali,496459,172,3,4701,153
2020-05-30,Peru,NA,Ucayali,496459,207,3,4908,156
2020-05-31,Peru,NA,Ucayali,496459,50,1,4958,157
2020-06-01,Peru,NA,Ucayali,496459,114,4,5072,161
2020-06-02,Peru,NA,Ucayali,496459,39,4,5111,165
2020-06-03,Peru,NA,Ucayali,496459,58,1,5169,166
2020-06-04,Peru,NA,Ucayali,496459,61,4,5230,170
2020-06-05,Peru,NA,Ucayali,496459,153,3,5383,173
2020-06-06,Peru,NA,Ucayali,496459,172,4,5555,177
2020-06-07,Peru,NA,Ucayali,496459,50,1,5605,178
2020-06-08,Peru,NA,Ucayali,496459,198,4,5803,182
2020-06-09,Peru,NA,Ucayali,496459,209,3,6012,185
2020-06-10,Peru,NA,Ucayali,496459,117,4,6129,189
2020-06-11,Peru,NA,Ucayali,496459,183,3,6312,192
2020-06-12,Peru,NA,Ucayali,496459,150,1,6462,193
2020-06-13,Peru,NA,Ucayali,496459,239,7,6701,200
2020-06-14,Peru,NA,Ucayali,496459,30,2,6731,202
2020-06-15,Peru,NA,Ucayali,496459,43,2,6774,204
2020-06-16,Peru,NA,Ucayali,496459,45,4,6819,208
2020-06-17,Peru,NA,Ucayali,496459,53,8,6872,216
2020-06-18,Peru,NA,Ucayali,496459,48,2,6920,218
2020-06-19,Peru,NA,Ucayali,496459,131,4,7051,222
2020-06-20,Peru,NA,Ucayali,496459,65,2,7116,224
2020-06-21,Peru,NA,Ucayali,496459,131,2,7247,226
2020-06-22,Peru,NA,Ucayali,496459,73,2,7320,228
2020-06-23,Peru,NA,Ucayali,496459,53,3,7373,231
2020-06-24,Peru,NA,Ucayali,496459,22,0,7395,231
2020-06-25,Peru,NA,Ucayali,496459,97,1,7492,232
2020-06-26,Peru,NA,Ucayali,496459,110,0,7602,232
2020-06-27,Peru,NA,Ucayali,496459,102,3,7704,235
2020-06-28,Peru,NA,Ucayali,496459,23,3,7727,238
2020-06-29,Peru,NA,Ucayali,496459,42,0,7769,238
2020-06-30,Peru,NA,Ucayali,496459,107,3,7876,241
2020-07-01,Peru,NA,Ucayali,496459,145,1,8021,242
2020-07-02,Peru,NA,Ucayali,496459,48,1,8069,243
2020-07-03,Peru,NA,Ucayali,496459,139,0,8208,243
2020-07-04,Peru,NA,Ucayali,496459,57,0,8265,243
2020-07-05,Peru,NA,Ucayali,496459,48,3,8313,246
2020-07-06,Peru,NA,Ucayali,496459,101,0,8414,246
2020-07-07,Peru,NA,Ucayali,496459,102,1,8516,247
2020-07-08,Peru,NA,Ucayali,496459,56,1,8572,248
2020-07-09,Peru,NA,Ucayali,496459,48,0,8620,248
2020-07-10,Peru,NA,Ucayali,496459,163,1,8783,249
2020-07-11,Peru,NA,Ucayali,496459,113,0,8896,249
2020-07-12,Peru,NA,Ucayali,496459,36,4,8932,253
2020-07-13,Peru,NA,Ucayali,496459,23,3,8955,256
2020-07-14,Peru,NA,Ucayali,496459,70,0,9025,256
2020-07-15,Peru,NA,Ucayali,496459,92,3,9117,259
2020-07-16,Peru,NA,Ucayali,496459,68,2,9185,261
2020-07-17,Peru,NA,Ucayali,496459,51,1,9236,262
2020-07-18,Peru,NA,Ucayali,496459,111,1,9347,263
2020-07-19,Peru,NA,Ucayali,496459,57,1,9404,264
2020-07-20,Peru,NA,Ucayali,496459,35,0,9439,264
2020-07-21,Peru,NA,Ucayali,496459,41,2,9480,266
2020-07-22,Peru,NA,Ucayali,496459,41,0,9521,266
2020-07-23,Peru,NA,Ucayali,496459,49,0,9570,266
2020-07-24,Peru,NA,Ucayali,496459,75,2,9645,268
2020-07-25,Peru,NA,Ucayali,496459,73,0,9718,268
2020-07-26,Peru,NA,Ucayali,496459,39,1,9757,269
2020-07-27,Peru,NA,Ucayali,496459,122,2,9879,271
2020-07-28,Peru,NA,Ucayali,496459,41,0,9920,271
2020-07-29,Peru,NA,Ucayali,496459,148,2,10068,273
2020-07-30,Peru,NA,Ucayali,496459,97,0,10165,273
2020-07-31,Peru,NA,Ucayali,496459,121,0,10286,273
2020-08-01,Peru,NA,Ucayali,496459,106,2,10392,275
2020-08-02,Peru,NA,Ucayali,496459,28,1,10420,276
2020-08-03,Peru,NA,Ucayali,496459,95,0,10515,276
2020-08-04,Peru,NA,Ucayali,496459,136,0,10651,276
2020-08-05,Peru,NA,Ucayali,496459,121,2,10772,278
2020-08-06,Peru,NA,Ucayali,496459,128,0,10900,278
2020-08-07,Peru,NA,Ucayali,496459,98,1,10998,279
2020-08-08,Peru,NA,Ucayali,496459,160,0,11158,279
2020-08-09,Peru,NA,Ucayali,496459,26,0,11184,279
2020-08-10,Peru,NA,Ucayali,496459,180,1,11364,280
2020-08-11,Peru,NA,Ucayali,496459,134,0,11498,280
2020-08-12,Peru,NA,Ucayali,496459,172,0,11670,280
2020-08-13,Peru,NA,Ucayali,496459,147,1,11817,281
2020-08-14,Peru,NA,Ucayali,496459,143,0,11960,281
2020-08-15,Peru,NA,Ucayali,496459,90,0,12050,281
2020-08-16,Peru,NA,Ucayali,496459,33,3,12083,284
2020-08-17,Peru,NA,Ucayali,496459,151,1,12234,285
2020-08-18,Peru,NA,Ucayali,496459,231,0,12465,285
2020-08-19,Peru,NA,Ucayali,496459,189,1,12654,286
2020-08-20,Peru,NA,Ucayali,496459,210,1,12864,287
2020-08-21,Peru,NA,Ucayali,496459,56,1,12920,288
2020-08-22,Peru,NA,Ucayali,496459,90,0,13010,288
2020-08-23,Peru,NA,Ucayali,496459,17,1,13027,289
2020-08-24,Peru,NA,Ucayali,496459,130,0,13157,289
2020-08-25,Peru,NA,Ucayali,496459,217,3,13374,292
2020-08-26,Peru,NA,Ucayali,496459,181,0,13555,292
2020-08-27,Peru,NA,Ucayali,496459,80,0,13635,292
2020-08-28,Peru,NA,Ucayali,496459,46,1,13681,293
2020-08-29,Peru,NA,Ucayali,496459,35,4,13716,297
2020-04-10,Peru,NA,Ancash,1083519,16,0,108,7
2020-04-11,Peru,NA,Ancash,1083519,25,0,133,7
2020-04-12,Peru,NA,Ancash,1083519,7,2,140,9
2020-04-13,Peru,NA,Ancash,1083519,19,3,159,12
2020-04-14,Peru,NA,Ancash,1083519,28,3,187,15
2020-04-15,Peru,NA,Ancash,1083519,42,3,229,18
2020-04-16,Peru,NA,Ancash,1083519,37,3,266,21
2020-04-17,Peru,NA,Ancash,1083519,25,1,291,22
2020-04-18,Peru,NA,Ancash,1083519,56,5,347,27
2020-04-19,Peru,NA,Ancash,1083519,10,8,357,35
2020-04-20,Peru,NA,Ancash,1083519,34,4,391,39
2020-04-21,Peru,NA,Ancash,1083519,45,1,436,40
2020-04-22,Peru,NA,Ancash,1083519,30,1,466,41
2020-04-23,Peru,NA,Ancash,1083519,46,8,512,49
2020-04-24,Peru,NA,Ancash,1083519,56,7,568,56
2020-04-25,Peru,NA,Ancash,1083519,56,4,624,60
2020-04-26,Peru,NA,Ancash,1083519,12,5,636,65
2020-04-27,Peru,NA,Ancash,1083519,43,14,679,79
2020-04-28,Peru,NA,Ancash,1083519,97,2,776,81
2020-04-29,Peru,NA,Ancash,1083519,71,4,847,85
2020-04-30,Peru,NA,Ancash,1083519,108,8,955,93
2020-05-01,Peru,NA,Ancash,1083519,66,4,1021,97
2020-05-02,Peru,NA,Ancash,1083519,119,10,1140,107
2020-05-03,Peru,NA,Ancash,1083519,25,7,1165,114
2020-05-04,Peru,NA,Ancash,1083519,108,5,1273,119
2020-05-05,Peru,NA,Ancash,1083519,125,6,1398,125
2020-05-06,Peru,NA,Ancash,1083519,74,16,1472,141
2020-05-07,Peru,NA,Ancash,1083519,78,12,1550,153
2020-05-08,Peru,NA,Ancash,1083519,53,11,1603,164
2020-05-09,Peru,NA,Ancash,1083519,69,11,1672,175
2020-05-10,Peru,NA,Ancash,1083519,11,9,1683,184
2020-05-11,Peru,NA,Ancash,1083519,121,6,1804,190
2020-05-12,Peru,NA,Ancash,1083519,101,10,1905,200
2020-05-13,Peru,NA,Ancash,1083519,152,12,2057,212
2020-05-14,Peru,NA,Ancash,1083519,179,5,2236,217
2020-05-15,Peru,NA,Ancash,1083519,166,5,2402,222
2020-05-16,Peru,NA,Ancash,1083519,103,12,2505,234
2020-05-17,Peru,NA,Ancash,1083519,49,12,2554,246
2020-05-18,Peru,NA,Ancash,1083519,97,12,2651,258
2020-05-19,Peru,NA,Ancash,1083519,281,7,2932,265
2020-05-20,Peru,NA,Ancash,1083519,125,3,3057,268
2020-05-21,Peru,NA,Ancash,1083519,134,10,3191,278
2020-05-22,Peru,NA,Ancash,1083519,180,4,3371,282
2020-05-23,Peru,NA,Ancash,1083519,140,6,3511,288
2020-05-24,Peru,NA,Ancash,1083519,52,14,3563,302
2020-05-25,Peru,NA,Ancash,1083519,179,13,3742,315
2020-05-26,Peru,NA,Ancash,1083519,187,12,3929,327
2020-05-27,Peru,NA,Ancash,1083519,225,14,4154,341
2020-05-28,Peru,NA,Ancash,1083519,242,17,4396,358
2020-05-29,Peru,NA,Ancash,1083519,174,14,4570,372
2020-05-30,Peru,NA,Ancash,1083519,146,11,4716,383
2020-05-31,Peru,NA,Ancash,1083519,34,16,4750,399
2020-06-01,Peru,NA,Ancash,1083519,137,14,4887,413
2020-06-02,Peru,NA,Ancash,1083519,139,18,5026,431
2020-06-03,Peru,NA,Ancash,1083519,119,13,5145,444
2020-06-04,Peru,NA,Ancash,1083519,113,17,5258,461
2020-06-05,Peru,NA,Ancash,1083519,83,11,5341,472
2020-06-06,Peru,NA,Ancash,1083519,112,12,5453,484
2020-06-07,Peru,NA,Ancash,1083519,103,23,5556,507
2020-06-08,Peru,NA,Ancash,1083519,167,15,5723,522
2020-06-09,Peru,NA,Ancash,1083519,127,16,5850,538
2020-06-10,Peru,NA,Ancash,1083519,134,9,5984,547
2020-06-11,Peru,NA,Ancash,1083519,134,10,6118,557
2020-06-12,Peru,NA,Ancash,1083519,120,21,6238,578
2020-06-13,Peru,NA,Ancash,1083519,146,18,6384,596
2020-06-14,Peru,NA,Ancash,1083519,89,10,6473,606
2020-06-15,Peru,NA,Ancash,1083519,113,20,6586,626
2020-06-16,Peru,NA,Ancash,1083519,121,11,6707,637
2020-06-17,Peru,NA,Ancash,1083519,99,7,6806,644
2020-06-18,Peru,NA,Ancash,1083519,127,11,6933,655
2020-06-19,Peru,NA,Ancash,1083519,104,16,7037,671
2020-06-20,Peru,NA,Ancash,1083519,104,12,7141,683
2020-06-21,Peru,NA,Ancash,1083519,59,11,7200,694
2020-06-22,Peru,NA,Ancash,1083519,117,13,7317,707
2020-06-23,Peru,NA,Ancash,1083519,117,9,7434,716
2020-06-24,Peru,NA,Ancash,1083519,126,8,7560,724
2020-06-25,Peru,NA,Ancash,1083519,101,8,7661,732
2020-06-26,Peru,NA,Ancash,1083519,111,14,7772,746
2020-06-27,Peru,NA,Ancash,1083519,78,9,7850,755
2020-06-28,Peru,NA,Ancash,1083519,39,20,7889,775
2020-06-29,Peru,NA,Ancash,1083519,129,13,8018,788
2020-06-30,Peru,NA,Ancash,1083519,131,11,8149,799
2020-07-01,Peru,NA,Ancash,1083519,145,9,8294,808
2020-07-02,Peru,NA,Ancash,1083519,125,8,8419,816
2020-07-03,Peru,NA,Ancash,1083519,136,8,8555,824
2020-07-04,Peru,NA,Ancash,1083519,127,2,8682,826
2020-07-05,Peru,NA,Ancash,1083519,47,7,8729,833
2020-07-06,Peru,NA,Ancash,1083519,170,6,8899,839
2020-07-07,Peru,NA,Ancash,1083519,199,9,9098,848
2020-07-08,Peru,NA,Ancash,1083519,87,5,9185,853
2020-07-09,Peru,NA,Ancash,1083519,50,2,9235,855
2020-07-10,Peru,NA,Ancash,1083519,151,7,9386,862
2020-07-11,Peru,NA,Ancash,1083519,189,8,9575,870
2020-07-12,Peru,NA,Ancash,1083519,103,6,9678,876
2020-07-13,Peru,NA,Ancash,1083519,55,6,9733,882
2020-07-14,Peru,NA,Ancash,1083519,148,4,9881,886
2020-07-15,Peru,NA,Ancash,1083519,94,10,9975,896
2020-07-16,Peru,NA,Ancash,1083519,130,7,10105,903
2020-07-17,Peru,NA,Ancash,1083519,97,9,10202,912
2020-07-18,Peru,NA,Ancash,1083519,154,9,10356,921
2020-07-19,Peru,NA,Ancash,1083519,67,10,10423,931
2020-07-20,Peru,NA,Ancash,1083519,129,3,10552,934
2020-07-21,Peru,NA,Ancash,1083519,95,5,10647,939
2020-07-22,Peru,NA,Ancash,1083519,144,7,10791,946
2020-07-23,Peru,NA,Ancash,1083519,236,6,11027,952
2020-07-24,Peru,NA,Ancash,1083519,165,11,11192,963
2020-07-25,Peru,NA,Ancash,1083519,201,8,11393,971
2020-07-26,Peru,NA,Ancash,1083519,51,3,11444,974
2020-07-27,Peru,NA,Ancash,1083519,252,3,11696,977
2020-07-28,Peru,NA,Ancash,1083519,80,5,11776,982
2020-07-29,Peru,NA,Ancash,1083519,198,7,11974,989
2020-07-30,Peru,NA,Ancash,1083519,205,7,12179,996
2020-07-31,Peru,NA,Ancash,1083519,243,2,12422,998
2020-08-01,Peru,NA,Ancash,1083519,196,5,12618,1003
2020-08-02,Peru,NA,Ancash,1083519,89,6,12707,1009
2020-08-03,Peru,NA,Ancash,1083519,234,4,12941,1013
2020-08-04,Peru,NA,Ancash,1083519,260,12,13201,1025
2020-08-05,Peru,NA,Ancash,1083519,238,10,13439,1035
2020-08-06,Peru,NA,Ancash,1083519,203,4,13642,1039
2020-08-07,Peru,NA,Ancash,1083519,180,5,13822,1044
2020-08-08,Peru,NA,Ancash,1083519,241,5,14063,1049
2020-08-09,Peru,NA,Ancash,1083519,89,4,14152,1053
2020-08-10,Peru,NA,Ancash,1083519,239,5,14391,1058
2020-08-11,Peru,NA,Ancash,1083519,224,6,14615,1064
2020-08-12,Peru,NA,Ancash,1083519,188,4,14803,1068
2020-08-13,Peru,NA,Ancash,1083519,207,7,15010,1075
2020-08-14,Peru,NA,Ancash,1083519,250,10,15260,1085
2020-08-15,Peru,NA,Ancash,1083519,257,7,15517,1092
2020-08-16,Peru,NA,Ancash,1083519,54,6,15571,1098
2020-08-17,Peru,NA,Ancash,1083519,269,11,15840,1109
2020-08-18,Peru,NA,Ancash,1083519,202,4,16042,1113
2020-08-19,Peru,NA,Ancash,1083519,244,3,16286,1116
2020-08-20,Peru,NA,Ancash,1083519,228,4,16514,1120
2020-08-21,Peru,NA,Ancash,1083519,239,4,16753,1124
2020-08-22,Peru,NA,Ancash,1083519,173,4,16926,1128
2020-08-23,Peru,NA,Ancash,1083519,55,6,16981,1134
2020-08-24,Peru,NA,Ancash,1083519,226,4,17207,1138
2020-08-25,Peru,NA,Ancash,1083519,287,3,17494,1141
2020-08-26,Peru,NA,Ancash,1083519,320,7,17814,1148
2020-08-27,Peru,NA,Ancash,1083519,149,4,17963,1152
2020-08-28,Peru,NA,Ancash,1083519,305,4,18268,1156
2020-08-29,Peru,NA,Ancash,1083519,87,11,18355,1167
2020-06-27,Philippines,NA,Autonomous Region in Muslim Mindanao,3781387,5,0,102,3
2020-06-28,Philippines,NA,Autonomous Region in Muslim Mindanao,3781387,5,0,107,3
2020-06-29,Philippines,NA,Autonomous Region in Muslim Mindanao,3781387,5,0,112,3
2020-06-30,Philippines,NA,Autonomous Region in Muslim Mindanao,3781387,19,0,131,3
2020-07-01,Philippines,NA,Autonomous Region in Muslim Mindanao,3781387,26,1,157,4
2020-07-02,Philippines,NA,Autonomous Region in Muslim Mindanao,3781387,25,0,182,4
2020-07-03,Philippines,NA,Autonomous Region in Muslim Mindanao,3781387,10,0,192,4
2020-07-05,Philippines,NA,Autonomous Region in Muslim Mindanao,3781387,2,0,194,4
2020-07-06,Philippines,NA,Autonomous Region in Muslim Mindanao,3781387,9,0,203,4
2020-07-07,Philippines,NA,Autonomous Region in Muslim Mindanao,3781387,6,1,209,5
2020-07-08,Philippines,NA,Autonomous Region in Muslim Mindanao,3781387,5,0,214,5
2020-07-09,Philippines,NA,Autonomous Region in Muslim Mindanao,3781387,46,0,260,5
2020-07-10,Philippines,NA,Autonomous Region in Muslim Mindanao,3781387,39,0,299,5
2020-07-11,Philippines,NA,Autonomous Region in Muslim Mindanao,3781387,6,0,305,5
2020-07-12,Philippines,NA,Autonomous Region in Muslim Mindanao,3781387,3,0,308,5
2020-07-13,Philippines,NA,Autonomous Region in Muslim Mindanao,3781387,6,1,314,6
2020-07-14,Philippines,NA,Autonomous Region in Muslim Mindanao,3781387,27,0,341,6
2020-07-15,Philippines,NA,Autonomous Region in Muslim Mindanao,3781387,16,0,357,6
2020-07-16,Philippines,NA,Autonomous Region in Muslim Mindanao,3781387,3,0,360,6
2020-07-17,Philippines,NA,Autonomous Region in Muslim Mindanao,3781387,3,0,363,6
2020-07-18,Philippines,NA,Autonomous Region in Muslim Mindanao,3781387,2,0,365,6
2020-07-19,Philippines,NA,Autonomous Region in Muslim Mindanao,3781387,4,0,369,6
2020-07-20,Philippines,NA,Autonomous Region in Muslim Mindanao,3781387,11,0,380,6
2020-07-21,Philippines,NA,Autonomous Region in Muslim Mindanao,3781387,3,0,383,6
2020-07-22,Philippines,NA,Autonomous Region in Muslim Mindanao,3781387,5,0,388,6
2020-07-23,Philippines,NA,Autonomous Region in Muslim Mindanao,3781387,3,0,391,6
2020-07-24,Philippines,NA,Autonomous Region in Muslim Mindanao,3781387,0,0,391,6
2020-07-25,Philippines,NA,Autonomous Region in Muslim Mindanao,3781387,1,0,392,6
2020-07-26,Philippines,NA,Autonomous Region in Muslim Mindanao,3781387,1,0,393,6
2020-07-27,Philippines,NA,Autonomous Region in Muslim Mindanao,3781387,12,0,405,6
2020-07-28,Philippines,NA,Autonomous Region in Muslim Mindanao,3781387,1,0,406,6
2020-07-29,Philippines,NA,Autonomous Region in Muslim Mindanao,3781387,2,0,408,6
2020-07-30,Philippines,NA,Autonomous Region in Muslim Mindanao,3781387,9,0,417,6
2020-07-31,Philippines,NA,Autonomous Region in Muslim Mindanao,3781387,0,1,417,7
2020-08-01,Philippines,NA,Autonomous Region in Muslim Mindanao,3781387,2,0,419,7
2020-08-02,Philippines,NA,Autonomous Region in Muslim Mindanao,3781387,1,0,420,7
2020-08-03,Philippines,NA,Autonomous Region in Muslim Mindanao,3781387,4,0,424,7
2020-08-04,Philippines,NA,Autonomous Region in Muslim Mindanao,3781387,7,0,431,7
2020-08-05,Philippines,NA,Autonomous Region in Muslim Mindanao,3781387,13,0,444,7
2020-08-06,Philippines,NA,Autonomous Region in Muslim Mindanao,3781387,5,0,449,7
2020-08-07,Philippines,NA,Autonomous Region in Muslim Mindanao,3781387,8,1,457,8
2020-08-08,Philippines,NA,Autonomous Region in Muslim Mindanao,3781387,14,0,471,8
2020-08-09,Philippines,NA,Autonomous Region in Muslim Mindanao,3781387,3,0,474,8
2020-08-10,Philippines,NA,Autonomous Region in Muslim Mindanao,3781387,5,0,479,8
2020-08-11,Philippines,NA,Autonomous Region in Muslim Mindanao,3781387,18,0,497,8
2020-08-12,Philippines,NA,Autonomous Region in Muslim Mindanao,3781387,3,0,500,8
2020-08-13,Philippines,NA,Autonomous Region in Muslim Mindanao,3781387,9,0,509,8
2020-08-14,Philippines,NA,Autonomous Region in Muslim Mindanao,3781387,3,0,512,8
2020-08-15,Philippines,NA,Autonomous Region in Muslim Mindanao,3781387,4,0,516,8
2020-08-16,Philippines,NA,Autonomous Region in Muslim Mindanao,3781387,4,2,520,10
2020-08-17,Philippines,NA,Autonomous Region in Muslim Mindanao,3781387,11,0,531,10
2020-08-18,Philippines,NA,Autonomous Region in Muslim Mindanao,3781387,12,1,543,11
2020-08-19,Philippines,NA,Autonomous Region in Muslim Mindanao,3781387,12,0,555,11
2020-08-20,Philippines,NA,Autonomous Region in Muslim Mindanao,3781387,4,0,559,11
2020-08-22,Philippines,NA,Autonomous Region in Muslim Mindanao,3781387,5,0,564,11
2020-08-23,Philippines,NA,Autonomous Region in Muslim Mindanao,3781387,2,0,566,11
2020-06-17,Philippines,NA,Bicol Region,5796989,3,0,101,5
2020-06-18,Philippines,NA,Bicol Region,5796989,2,0,103,5
2020-06-19,Philippines,NA,Bicol Region,5796989,2,0,105,5
2020-06-20,Philippines,NA,Bicol Region,5796989,0,0,105,5
2020-06-22,Philippines,NA,Bicol Region,5796989,2,0,107,5
2020-06-23,Philippines,NA,Bicol Region,5796989,3,0,110,5
2020-06-24,Philippines,NA,Bicol Region,5796989,1,0,111,5
2020-06-25,Philippines,NA,Bicol Region,5796989,5,0,116,5
2020-06-26,Philippines,NA,Bicol Region,5796989,12,0,128,5
2020-06-27,Philippines,NA,Bicol Region,5796989,8,0,136,5
2020-06-28,Philippines,NA,Bicol Region,5796989,4,0,140,5
2020-06-29,Philippines,NA,Bicol Region,5796989,10,1,150,6
2020-06-30,Philippines,NA,Bicol Region,5796989,12,0,162,6
2020-07-01,Philippines,NA,Bicol Region,5796989,20,0,182,6
2020-07-02,Philippines,NA,Bicol Region,5796989,12,0,194,6
2020-07-03,Philippines,NA,Bicol Region,5796989,11,0,205,6
2020-07-04,Philippines,NA,Bicol Region,5796989,8,0,213,6
2020-07-05,Philippines,NA,Bicol Region,5796989,12,0,225,6
2020-07-06,Philippines,NA,Bicol Region,5796989,21,0,246,6
2020-07-07,Philippines,NA,Bicol Region,5796989,14,0,260,6
2020-07-08,Philippines,NA,Bicol Region,5796989,6,0,266,6
2020-07-09,Philippines,NA,Bicol Region,5796989,8,0,274,6
2020-07-10,Philippines,NA,Bicol Region,5796989,8,0,282,6
2020-07-11,Philippines,NA,Bicol Region,5796989,3,1,285,7
2020-07-12,Philippines,NA,Bicol Region,5796989,4,0,289,7
2020-07-13,Philippines,NA,Bicol Region,5796989,11,0,300,7
2020-07-14,Philippines,NA,Bicol Region,5796989,5,1,305,8
2020-07-15,Philippines,NA,Bicol Region,5796989,16,0,321,8
2020-07-16,Philippines,NA,Bicol Region,5796989,21,0,342,8
2020-07-17,Philippines,NA,Bicol Region,5796989,12,0,354,8
2020-07-18,Philippines,NA,Bicol Region,5796989,10,0,364,8
2020-07-19,Philippines,NA,Bicol Region,5796989,3,0,367,8
2020-07-20,Philippines,NA,Bicol Region,5796989,13,0,380,8
2020-07-21,Philippines,NA,Bicol Region,5796989,26,0,406,8
2020-07-22,Philippines,NA,Bicol Region,5796989,21,0,427,8
2020-07-23,Philippines,NA,Bicol Region,5796989,36,0,463,8
2020-07-24,Philippines,NA,Bicol Region,5796989,33,0,496,8
2020-07-25,Philippines,NA,Bicol Region,5796989,11,0,507,8
2020-07-26,Philippines,NA,Bicol Region,5796989,17,0,524,8
2020-07-27,Philippines,NA,Bicol Region,5796989,56,1,580,9
2020-07-28,Philippines,NA,Bicol Region,5796989,36,1,616,10
2020-07-29,Philippines,NA,Bicol Region,5796989,25,0,641,10
2020-07-30,Philippines,NA,Bicol Region,5796989,35,1,676,11
2020-07-31,Philippines,NA,Bicol Region,5796989,32,0,708,11
2020-08-01,Philippines,NA,Bicol Region,5796989,6,0,714,11
2020-08-02,Philippines,NA,Bicol Region,5796989,4,0,718,11
2020-08-03,Philippines,NA,Bicol Region,5796989,35,1,753,12
2020-08-04,Philippines,NA,Bicol Region,5796989,48,1,801,13
2020-08-05,Philippines,NA,Bicol Region,5796989,57,1,858,14
2020-08-06,Philippines,NA,Bicol Region,5796989,56,0,914,14
2020-08-07,Philippines,NA,Bicol Region,5796989,55,0,969,14
2020-08-08,Philippines,NA,Bicol Region,5796989,13,0,982,14
2020-08-09,Philippines,NA,Bicol Region,5796989,9,1,991,15
2020-08-10,Philippines,NA,Bicol Region,5796989,66,1,1057,16
2020-08-11,Philippines,NA,Bicol Region,5796989,46,2,1103,18
2020-08-12,Philippines,NA,Bicol Region,5796989,43,2,1146,20
2020-08-13,Philippines,NA,Bicol Region,5796989,23,0,1169,20
2020-08-14,Philippines,NA,Bicol Region,5796989,21,0,1190,20
2020-08-15,Philippines,NA,Bicol Region,5796989,16,0,1206,20
2020-08-16,Philippines,NA,Bicol Region,5796989,64,1,1270,21
2020-08-17,Philippines,NA,Bicol Region,5796989,46,0,1316,21
2020-08-18,Philippines,NA,Bicol Region,5796989,30,0,1346,21
2020-08-19,Philippines,NA,Bicol Region,5796989,46,1,1392,22
2020-08-20,Philippines,NA,Bicol Region,5796989,30,0,1422,22
2020-08-21,Philippines,NA,Bicol Region,5796989,25,0,1447,22
2020-08-22,Philippines,NA,Bicol Region,5796989,5,0,1452,22
2020-08-23,Philippines,NA,Bicol Region,5796989,3,0,1455,22
2020-08-24,Philippines,NA,Bicol Region,5796989,7,0,1462,22
2020-06-29,Philippines,NA,Cagayan Valley,3451410,9,0,104,1
2020-06-30,Philippines,NA,Cagayan Valley,3451410,3,0,107,1
2020-07-01,Philippines,NA,Cagayan Valley,3451410,5,0,112,1
2020-07-02,Philippines,NA,Cagayan Valley,3451410,8,0,120,1
2020-07-03,Philippines,NA,Cagayan Valley,3451410,5,0,125,1
2020-07-04,Philippines,NA,Cagayan Valley,3451410,10,0,135,1
2020-07-05,Philippines,NA,Cagayan Valley,3451410,3,0,138,1
2020-07-06,Philippines,NA,Cagayan Valley,3451410,7,0,145,1
2020-07-07,Philippines,NA,Cagayan Valley,3451410,3,0,148,1
2020-07-08,Philippines,NA,Cagayan Valley,3451410,7,0,155,1
2020-07-09,Philippines,NA,Cagayan Valley,3451410,10,0,165,1
2020-07-10,Philippines,NA,Cagayan Valley,3451410,5,0,170,1
2020-07-11,Philippines,NA,Cagayan Valley,3451410,6,0,176,1
2020-07-12,Philippines,NA,Cagayan Valley,3451410,4,1,180,2
2020-07-13,Philippines,NA,Cagayan Valley,3451410,12,0,192,2
2020-07-14,Philippines,NA,Cagayan Valley,3451410,10,0,202,2
2020-07-15,Philippines,NA,Cagayan Valley,3451410,10,0,212,2
2020-07-16,Philippines,NA,Cagayan Valley,3451410,7,0,219,2
2020-07-17,Philippines,NA,Cagayan Valley,3451410,12,0,231,2
2020-07-18,Philippines,NA,Cagayan Valley,3451410,12,0,243,2
2020-07-19,Philippines,NA,Cagayan Valley,3451410,2,0,245,2
2020-07-20,Philippines,NA,Cagayan Valley,3451410,7,0,252,2
2020-07-21,Philippines,NA,Cagayan Valley,3451410,10,0,262,2
2020-07-22,Philippines,NA,Cagayan Valley,3451410,22,0,284,2
2020-07-23,Philippines,NA,Cagayan Valley,3451410,6,1,290,3
2020-07-24,Philippines,NA,Cagayan Valley,3451410,3,0,293,3
2020-07-25,Philippines,NA,Cagayan Valley,3451410,9,0,302,3
2020-07-26,Philippines,NA,Cagayan Valley,3451410,2,0,304,3
2020-07-27,Philippines,NA,Cagayan Valley,3451410,10,0,314,3
2020-07-28,Philippines,NA,Cagayan Valley,3451410,11,0,325,3
2020-07-29,Philippines,NA,Cagayan Valley,3451410,8,0,333,3
2020-07-30,Philippines,NA,Cagayan Valley,3451410,18,0,351,3
2020-07-31,Philippines,NA,Cagayan Valley,3451410,18,0,369,3
2020-08-01,Philippines,NA,Cagayan Valley,3451410,8,0,377,3
2020-08-02,Philippines,NA,Cagayan Valley,3451410,5,0,382,3
2020-08-03,Philippines,NA,Cagayan Valley,3451410,33,0,415,3
2020-08-04,Philippines,NA,Cagayan Valley,3451410,42,0,457,3
2020-08-05,Philippines,NA,Cagayan Valley,3451410,39,0,496,3
2020-08-06,Philippines,NA,Cagayan Valley,3451410,16,0,512,3
2020-08-07,Philippines,NA,Cagayan Valley,3451410,18,0,530,3
2020-08-08,Philippines,NA,Cagayan Valley,3451410,1,0,531,3
2020-08-09,Philippines,NA,Cagayan Valley,3451410,3,0,534,3
2020-08-10,Philippines,NA,Cagayan Valley,3451410,20,0,554,3
2020-08-11,Philippines,NA,Cagayan Valley,3451410,14,0,568,3
2020-08-12,Philippines,NA,Cagayan Valley,3451410,19,0,587,3
2020-08-13,Philippines,NA,Cagayan Valley,3451410,16,0,603,3
2020-08-14,Philippines,NA,Cagayan Valley,3451410,11,1,614,4
2020-08-15,Philippines,NA,Cagayan Valley,3451410,7,0,621,4
2020-08-16,Philippines,NA,Cagayan Valley,3451410,5,0,626,4
2020-08-17,Philippines,NA,Cagayan Valley,3451410,18,0,644,4
2020-08-18,Philippines,NA,Cagayan Valley,3451410,8,0,652,4
2020-08-19,Philippines,NA,Cagayan Valley,3451410,13,0,665,4
2020-08-20,Philippines,NA,Cagayan Valley,3451410,18,0,683,4
2020-08-21,Philippines,NA,Cagayan Valley,3451410,12,0,695,4
2020-08-22,Philippines,NA,Cagayan Valley,3451410,13,0,708,4
2020-08-23,Philippines,NA,Cagayan Valley,3451410,10,0,718,4
2020-08-24,Philippines,NA,Cagayan Valley,3451410,3,0,721,4
2020-03-17,Philippines,NA,Calabarzon,14414774,15,2,114,8
2020-03-18,Philippines,NA,Calabarzon,14414774,22,0,136,8
2020-03-19,Philippines,NA,Calabarzon,14414774,24,0,160,8
2020-03-20,Philippines,NA,Calabarzon,14414774,18,2,178,10
2020-03-21,Philippines,NA,Calabarzon,14414774,12,1,190,11
2020-03-22,Philippines,NA,Calabarzon,14414774,14,1,204,12
2020-03-23,Philippines,NA,Calabarzon,14414774,22,6,226,18
2020-03-24,Philippines,NA,Calabarzon,14414774,20,2,246,20
2020-03-25,Philippines,NA,Calabarzon,14414774,14,4,260,24
2020-03-26,Philippines,NA,Calabarzon,14414774,39,3,299,27
2020-03-27,Philippines,NA,Calabarzon,14414774,36,3,335,30
2020-03-28,Philippines,NA,Calabarzon,14414774,26,3,361,33
2020-03-29,Philippines,NA,Calabarzon,14414774,18,4,379,37
2020-03-30,Philippines,NA,Calabarzon,14414774,28,6,407,43
2020-03-31,Philippines,NA,Calabarzon,14414774,28,4,435,47
2020-04-01,Philippines,NA,Calabarzon,14414774,38,4,473,51
2020-04-02,Philippines,NA,Calabarzon,14414774,84,4,557,55
2020-04-03,Philippines,NA,Calabarzon,14414774,29,4,586,59
2020-04-04,Philippines,NA,Calabarzon,14414774,30,8,616,67
2020-04-05,Philippines,NA,Calabarzon,14414774,18,8,634,75
2020-04-06,Philippines,NA,Calabarzon,14414774,44,2,678,77
2020-04-07,Philippines,NA,Calabarzon,14414774,69,3,747,80
2020-04-08,Philippines,NA,Calabarzon,14414774,104,2,851,82
2020-04-09,Philippines,NA,Calabarzon,14414774,39,4,890,86
2020-04-10,Philippines,NA,Calabarzon,14414774,43,3,933,89
2020-04-11,Philippines,NA,Calabarzon,14414774,52,3,985,92
2020-04-12,Philippines,NA,Calabarzon,14414774,47,4,1032,96
2020-04-13,Philippines,NA,Calabarzon,14414774,43,2,1075,98
2020-04-14,Philippines,NA,Calabarzon,14414774,24,0,1099,98
2020-04-15,Philippines,NA,Calabarzon,14414774,40,2,1139,100
2020-04-16,Philippines,NA,Calabarzon,14414774,32,2,1171,102
2020-04-17,Philippines,NA,Calabarzon,14414774,57,3,1228,105
2020-04-18,Philippines,NA,Calabarzon,14414774,8,2,1236,107
2020-04-19,Philippines,NA,Calabarzon,14414774,7,2,1243,109
2020-04-20,Philippines,NA,Calabarzon,14414774,15,2,1258,111
2020-04-21,Philippines,NA,Calabarzon,14414774,8,0,1266,111
2020-04-22,Philippines,NA,Calabarzon,14414774,24,2,1290,113
2020-04-23,Philippines,NA,Calabarzon,14414774,10,3,1300,116
2020-04-24,Philippines,NA,Calabarzon,14414774,15,0,1315,116
2020-04-25,Philippines,NA,Calabarzon,14414774,13,1,1328,117
2020-04-26,Philippines,NA,Calabarzon,14414774,7,1,1335,118
2020-04-27,Philippines,NA,Calabarzon,14414774,17,1,1352,119
2020-04-28,Philippines,NA,Calabarzon,14414774,10,2,1362,121
2020-04-29,Philippines,NA,Calabarzon,14414774,26,0,1388,121
2020-04-30,Philippines,NA,Calabarzon,14414774,11,1,1399,122
2020-05-01,Philippines,NA,Calabarzon,14414774,16,0,1415,122
2020-05-02,Philippines,NA,Calabarzon,14414774,7,0,1422,122
2020-05-03,Philippines,NA,Calabarzon,14414774,10,2,1432,124
2020-05-04,Philippines,NA,Calabarzon,14414774,7,2,1439,126
2020-05-05,Philippines,NA,Calabarzon,14414774,11,0,1450,126
2020-05-06,Philippines,NA,Calabarzon,14414774,15,2,1465,128
2020-05-07,Philippines,NA,Calabarzon,14414774,17,0,1482,128
2020-05-08,Philippines,NA,Calabarzon,14414774,28,1,1510,129
2020-05-09,Philippines,NA,Calabarzon,14414774,10,2,1520,131
2020-05-10,Philippines,NA,Calabarzon,14414774,5,0,1525,131
2020-05-11,Philippines,NA,Calabarzon,14414774,23,2,1548,133
2020-05-12,Philippines,NA,Calabarzon,14414774,21,1,1569,134
2020-05-13,Philippines,NA,Calabarzon,14414774,18,1,1587,135
2020-05-14,Philippines,NA,Calabarzon,14414774,15,1,1602,136
2020-05-15,Philippines,NA,Calabarzon,14414774,16,1,1618,137
2020-05-16,Philippines,NA,Calabarzon,14414774,5,1,1623,138
2020-05-17,Philippines,NA,Calabarzon,14414774,15,2,1638,140
2020-05-18,Philippines,NA,Calabarzon,14414774,25,0,1663,140
2020-05-19,Philippines,NA,Calabarzon,14414774,30,4,1693,144
2020-05-20,Philippines,NA,Calabarzon,14414774,38,0,1731,144
2020-05-21,Philippines,NA,Calabarzon,14414774,31,0,1762,144
2020-05-22,Philippines,NA,Calabarzon,14414774,26,2,1788,146
2020-05-23,Philippines,NA,Calabarzon,14414774,15,2,1803,148
2020-05-24,Philippines,NA,Calabarzon,14414774,9,1,1812,149
2020-05-25,Philippines,NA,Calabarzon,14414774,14,0,1826,149
2020-05-26,Philippines,NA,Calabarzon,14414774,23,2,1849,151
2020-05-27,Philippines,NA,Calabarzon,14414774,24,0,1873,151
2020-05-28,Philippines,NA,Calabarzon,14414774,29,0,1902,151
2020-05-29,Philippines,NA,Calabarzon,14414774,21,1,1923,152
2020-05-30,Philippines,NA,Calabarzon,14414774,7,0,1930,152
2020-05-31,Philippines,NA,Calabarzon,14414774,8,1,1938,153
2020-06-01,Philippines,NA,Calabarzon,14414774,27,1,1965,154
2020-06-02,Philippines,NA,Calabarzon,14414774,22,0,1987,154
2020-06-03,Philippines,NA,Calabarzon,14414774,32,0,2019,154
2020-06-04,Philippines,NA,Calabarzon,14414774,50,2,2069,156
2020-06-05,Philippines,NA,Calabarzon,14414774,44,2,2113,158
2020-06-06,Philippines,NA,Calabarzon,14414774,18,0,2131,158
2020-06-07,Philippines,NA,Calabarzon,14414774,10,0,2141,158
2020-06-08,Philippines,NA,Calabarzon,14414774,54,1,2195,159
2020-06-09,Philippines,NA,Calabarzon,14414774,39,0,2234,159
2020-06-10,Philippines,NA,Calabarzon,14414774,34,1,2268,160
2020-06-11,Philippines,NA,Calabarzon,14414774,59,0,2327,160
2020-06-12,Philippines,NA,Calabarzon,14414774,18,0,2345,160
2020-06-13,Philippines,NA,Calabarzon,14414774,25,1,2370,161
2020-06-14,Philippines,NA,Calabarzon,14414774,26,1,2396,162
2020-06-15,Philippines,NA,Calabarzon,14414774,50,0,2446,162
2020-06-16,Philippines,NA,Calabarzon,14414774,63,1,2509,163
2020-06-17,Philippines,NA,Calabarzon,14414774,66,1,2575,164
2020-06-18,Philippines,NA,Calabarzon,14414774,65,0,2640,164
2020-06-19,Philippines,NA,Calabarzon,14414774,62,1,2702,165
2020-06-20,Philippines,NA,Calabarzon,14414774,51,1,2753,166
2020-06-21,Philippines,NA,Calabarzon,14414774,42,0,2795,166
2020-06-22,Philippines,NA,Calabarzon,14414774,94,0,2889,166
2020-06-23,Philippines,NA,Calabarzon,14414774,118,0,3007,166
2020-06-24,Philippines,NA,Calabarzon,14414774,88,1,3095,167
2020-06-25,Philippines,NA,Calabarzon,14414774,167,0,3262,167
2020-06-26,Philippines,NA,Calabarzon,14414774,126,0,3388,167
2020-06-27,Philippines,NA,Calabarzon,14414774,49,0,3437,167
2020-06-28,Philippines,NA,Calabarzon,14414774,47,0,3484,167
2020-06-29,Philippines,NA,Calabarzon,14414774,177,1,3661,168
2020-06-30,Philippines,NA,Calabarzon,14414774,155,0,3816,168
2020-07-01,Philippines,NA,Calabarzon,14414774,177,0,3993,168
2020-07-02,Philippines,NA,Calabarzon,14414774,128,0,4121,168
2020-07-03,Philippines,NA,Calabarzon,14414774,239,0,4360,168
2020-07-04,Philippines,NA,Calabarzon,14414774,145,0,4505,168
2020-07-05,Philippines,NA,Calabarzon,14414774,73,0,4578,168
2020-07-06,Philippines,NA,Calabarzon,14414774,200,1,4778,169
2020-07-07,Philippines,NA,Calabarzon,14414774,231,0,5009,169
2020-07-08,Philippines,NA,Calabarzon,14414774,201,1,5210,170
2020-07-09,Philippines,NA,Calabarzon,14414774,229,1,5439,171
2020-07-10,Philippines,NA,Calabarzon,14414774,277,0,5716,171
2020-07-11,Philippines,NA,Calabarzon,14414774,203,1,5919,172
2020-07-12,Philippines,NA,Calabarzon,14414774,116,0,6035,172
2020-07-13,Philippines,NA,Calabarzon,14414774,237,0,6272,172
2020-07-14,Philippines,NA,Calabarzon,14414774,233,2,6505,174
2020-07-15,Philippines,NA,Calabarzon,14414774,257,3,6762,177
2020-07-16,Philippines,NA,Calabarzon,14414774,496,0,7258,177
2020-07-17,Philippines,NA,Calabarzon,14414774,625,2,7883,179
2020-07-18,Philippines,NA,Calabarzon,14414774,263,1,8146,180
2020-07-19,Philippines,NA,Calabarzon,14414774,165,1,8311,181
2020-07-20,Philippines,NA,Calabarzon,14414774,828,3,9139,184
2020-07-21,Philippines,NA,Calabarzon,14414774,640,3,9779,187
2020-07-22,Philippines,NA,Calabarzon,14414774,680,1,10459,188
2020-07-23,Philippines,NA,Calabarzon,14414774,1067,4,11526,192
2020-07-24,Philippines,NA,Calabarzon,14414774,826,1,12352,193
2020-07-25,Philippines,NA,Calabarzon,14414774,656,1,13008,194
2020-07-26,Philippines,NA,Calabarzon,14414774,236,2,13244,196
2020-07-27,Philippines,NA,Calabarzon,14414774,848,2,14092,198
2020-07-28,Philippines,NA,Calabarzon,14414774,834,2,14926,200
2020-07-29,Philippines,NA,Calabarzon,14414774,712,7,15638,207
2020-07-30,Philippines,NA,Calabarzon,14414774,620,2,16258,209
2020-07-31,Philippines,NA,Calabarzon,14414774,487,4,16745,213
2020-08-01,Philippines,NA,Calabarzon,14414774,368,4,17113,217
2020-08-02,Philippines,NA,Calabarzon,14414774,210,3,17323,220
2020-08-03,Philippines,NA,Calabarzon,14414774,725,0,18048,220
2020-08-04,Philippines,NA,Calabarzon,14414774,716,4,18764,224
2020-08-05,Philippines,NA,Calabarzon,14414774,637,4,19401,228
2020-08-06,Philippines,NA,Calabarzon,14414774,713,1,20114,229
2020-08-07,Philippines,NA,Calabarzon,14414774,635,4,20749,233
2020-08-08,Philippines,NA,Calabarzon,14414774,413,4,21162,237
2020-08-09,Philippines,NA,Calabarzon,14414774,287,3,21449,240
2020-08-10,Philippines,NA,Calabarzon,14414774,850,5,22299,245
2020-08-11,Philippines,NA,Calabarzon,14414774,809,9,23108,254
2020-08-12,Philippines,NA,Calabarzon,14414774,755,3,23863,257
2020-08-13,Philippines,NA,Calabarzon,14414774,734,4,24597,261
2020-08-14,Philippines,NA,Calabarzon,14414774,829,7,25426,268
2020-08-15,Philippines,NA,Calabarzon,14414774,335,2,25761,270
2020-08-16,Philippines,NA,Calabarzon,14414774,269,1,26030,271
2020-08-17,Philippines,NA,Calabarzon,14414774,799,1,26829,272
2020-08-18,Philippines,NA,Calabarzon,14414774,685,2,27514,274
2020-08-19,Philippines,NA,Calabarzon,14414774,667,2,28181,276
2020-08-20,Philippines,NA,Calabarzon,14414774,677,1,28858,277
2020-08-21,Philippines,NA,Calabarzon,14414774,468,1,29326,278
2020-08-22,Philippines,NA,Calabarzon,14414774,247,1,29573,279
2020-08-23,Philippines,NA,Calabarzon,14414774,73,0,29646,279
2020-08-24,Philippines,NA,Calabarzon,14414774,77,0,29723,279
2020-08-25,Philippines,NA,Calabarzon,14414774,12,0,29735,279
2020-07-08,Philippines,NA,Caraga,2596709,6,0,106,0
2020-07-09,Philippines,NA,Caraga,2596709,2,0,108,0
2020-07-10,Philippines,NA,Caraga,2596709,2,0,110,0
2020-07-11,Philippines,NA,Caraga,2596709,1,0,111,0
2020-07-12,Philippines,NA,Caraga,2596709,1,0,112,0
2020-07-13,Philippines,NA,Caraga,2596709,6,0,118,0
2020-07-14,Philippines,NA,Caraga,2596709,2,0,120,0
2020-07-15,Philippines,NA,Caraga,2596709,18,0,138,0
2020-07-16,Philippines,NA,Caraga,2596709,10,0,148,0
2020-07-17,Philippines,NA,Caraga,2596709,3,0,151,0
2020-07-18,Philippines,NA,Caraga,2596709,3,0,154,0
2020-07-19,Philippines,NA,Caraga,2596709,0,0,154,0
2020-07-20,Philippines,NA,Caraga,2596709,27,0,181,0
2020-07-21,Philippines,NA,Caraga,2596709,5,0,186,0
2020-07-22,Philippines,NA,Caraga,2596709,29,1,215,1
2020-07-23,Philippines,NA,Caraga,2596709,4,0,219,1
2020-07-24,Philippines,NA,Caraga,2596709,3,0,222,1
2020-07-25,Philippines,NA,Caraga,2596709,2,0,224,1
2020-07-27,Philippines,NA,Caraga,2596709,32,0,256,1
2020-07-28,Philippines,NA,Caraga,2596709,6,0,262,1
2020-07-29,Philippines,NA,Caraga,2596709,16,0,278,1
2020-07-30,Philippines,NA,Caraga,2596709,1,0,279,1
2020-07-31,Philippines,NA,Caraga,2596709,4,0,283,1
2020-08-01,Philippines,NA,Caraga,2596709,2,0,285,1
2020-08-02,Philippines,NA,Caraga,2596709,2,0,287,1
2020-08-03,Philippines,NA,Caraga,2596709,16,0,303,1
2020-08-04,Philippines,NA,Caraga,2596709,5,0,308,1
2020-08-05,Philippines,NA,Caraga,2596709,16,0,324,1
2020-08-06,Philippines,NA,Caraga,2596709,6,0,330,1
2020-08-07,Philippines,NA,Caraga,2596709,7,0,337,1
2020-08-08,Philippines,NA,Caraga,2596709,1,0,338,1
2020-08-09,Philippines,NA,Caraga,2596709,4,0,342,1
2020-08-10,Philippines,NA,Caraga,2596709,9,0,351,1
2020-08-11,Philippines,NA,Caraga,2596709,7,1,358,2
2020-08-12,Philippines,NA,Caraga,2596709,11,0,369,2
2020-08-13,Philippines,NA,Caraga,2596709,10,0,379,2
2020-08-14,Philippines,NA,Caraga,2596709,4,1,383,3
2020-08-15,Philippines,NA,Caraga,2596709,3,0,386,3
2020-08-16,Philippines,NA,Caraga,2596709,1,0,387,3
2020-08-17,Philippines,NA,Caraga,2596709,28,0,415,3
2020-08-18,Philippines,NA,Caraga,2596709,1,0,416,3
2020-08-19,Philippines,NA,Caraga,2596709,31,0,447,3
2020-08-20,Philippines,NA,Caraga,2596709,7,1,454,4
2020-08-21,Philippines,NA,Caraga,2596709,9,0,463,4
2020-08-22,Philippines,NA,Caraga,2596709,2,0,465,4
2020-08-23,Philippines,NA,Caraga,2596709,6,0,471,4
2020-08-24,Philippines,NA,Caraga,2596709,12,0,483,4
2020-03-25,Philippines,NA,Central Luzon,11218177,17,4,107,12
2020-03-26,Philippines,NA,Central Luzon,11218177,15,3,122,15
2020-03-27,Philippines,NA,Central Luzon,11218177,14,2,136,17
2020-03-28,Philippines,NA,Central Luzon,11218177,6,2,142,19
2020-03-29,Philippines,NA,Central Luzon,11218177,6,2,148,21
2020-03-30,Philippines,NA,Central Luzon,11218177,9,0,157,21
2020-03-31,Philippines,NA,Central Luzon,11218177,17,1,174,22
2020-04-01,Philippines,NA,Central Luzon,11218177,10,2,184,24
2020-04-02,Philippines,NA,Central Luzon,11218177,13,2,197,26
2020-04-03,Philippines,NA,Central Luzon,11218177,9,0,206,26
2020-04-04,Philippines,NA,Central Luzon,11218177,9,2,215,28
2020-04-05,Philippines,NA,Central Luzon,11218177,3,1,218,29
2020-04-06,Philippines,NA,Central Luzon,11218177,10,0,228,29
2020-04-07,Philippines,NA,Central Luzon,11218177,13,0,241,29
2020-04-08,Philippines,NA,Central Luzon,11218177,33,4,274,33
2020-04-09,Philippines,NA,Central Luzon,11218177,12,1,286,34
2020-04-10,Philippines,NA,Central Luzon,11218177,39,3,325,37
2020-04-11,Philippines,NA,Central Luzon,11218177,17,0,342,37
2020-04-12,Philippines,NA,Central Luzon,11218177,15,0,357,37
2020-04-13,Philippines,NA,Central Luzon,11218177,9,2,366,39
2020-04-14,Philippines,NA,Central Luzon,11218177,8,0,374,39
2020-04-15,Philippines,NA,Central Luzon,11218177,9,0,383,39
2020-04-16,Philippines,NA,Central Luzon,11218177,8,0,391,39
2020-04-17,Philippines,NA,Central Luzon,11218177,8,0,399,39
2020-04-18,Philippines,NA,Central Luzon,11218177,9,1,408,40
2020-04-19,Philippines,NA,Central Luzon,11218177,13,0,421,40
2020-04-20,Philippines,NA,Central Luzon,11218177,20,2,441,42
2020-04-21,Philippines,NA,Central Luzon,11218177,10,2,451,44
2020-04-22,Philippines,NA,Central Luzon,11218177,14,1,465,45
2020-04-23,Philippines,NA,Central Luzon,11218177,7,1,472,46
2020-04-24,Philippines,NA,Central Luzon,11218177,15,0,487,46
2020-04-25,Philippines,NA,Central Luzon,11218177,14,1,501,47
2020-04-26,Philippines,NA,Central Luzon,11218177,5,0,506,47
2020-04-27,Philippines,NA,Central Luzon,11218177,9,0,515,47
2020-04-28,Philippines,NA,Central Luzon,11218177,5,0,520,47
2020-04-29,Philippines,NA,Central Luzon,11218177,10,1,530,48
2020-04-30,Philippines,NA,Central Luzon,11218177,5,0,535,48
2020-05-01,Philippines,NA,Central Luzon,11218177,5,1,540,49
2020-05-02,Philippines,NA,Central Luzon,11218177,2,0,542,49
2020-05-03,Philippines,NA,Central Luzon,11218177,1,0,543,49
2020-05-04,Philippines,NA,Central Luzon,11218177,1,1,544,50
2020-05-05,Philippines,NA,Central Luzon,11218177,10,0,554,50
2020-05-06,Philippines,NA,Central Luzon,11218177,4,1,558,51
2020-05-07,Philippines,NA,Central Luzon,11218177,8,0,566,51
2020-05-08,Philippines,NA,Central Luzon,11218177,4,2,570,53
2020-05-09,Philippines,NA,Central Luzon,11218177,3,0,573,53
2020-05-10,Philippines,NA,Central Luzon,11218177,2,1,575,54
2020-05-11,Philippines,NA,Central Luzon,11218177,4,0,579,54
2020-05-12,Philippines,NA,Central Luzon,11218177,4,0,583,54
2020-05-13,Philippines,NA,Central Luzon,11218177,8,0,591,54
2020-05-14,Philippines,NA,Central Luzon,11218177,4,0,595,54
2020-05-15,Philippines,NA,Central Luzon,11218177,8,0,603,54
2020-05-16,Philippines,NA,Central Luzon,11218177,1,0,604,54
2020-05-17,Philippines,NA,Central Luzon,11218177,1,1,605,55
2020-05-18,Philippines,NA,Central Luzon,11218177,6,0,611,55
2020-05-19,Philippines,NA,Central Luzon,11218177,14,0,625,55
2020-05-20,Philippines,NA,Central Luzon,11218177,9,0,634,55
2020-05-21,Philippines,NA,Central Luzon,11218177,4,0,638,55
2020-05-22,Philippines,NA,Central Luzon,11218177,15,0,653,55
2020-05-23,Philippines,NA,Central Luzon,11218177,2,1,655,56
2020-05-24,Philippines,NA,Central Luzon,11218177,1,0,656,56
2020-05-25,Philippines,NA,Central Luzon,11218177,12,2,668,58
2020-05-26,Philippines,NA,Central Luzon,11218177,10,0,678,58
2020-05-27,Philippines,NA,Central Luzon,11218177,8,1,686,59
2020-05-28,Philippines,NA,Central Luzon,11218177,7,0,693,59
2020-05-29,Philippines,NA,Central Luzon,11218177,4,0,697,59
2020-05-30,Philippines,NA,Central Luzon,11218177,3,1,700,60
2020-05-31,Philippines,NA,Central Luzon,11218177,3,0,703,60
2020-06-01,Philippines,NA,Central Luzon,11218177,14,0,717,60
2020-06-02,Philippines,NA,Central Luzon,11218177,10,0,727,60
2020-06-03,Philippines,NA,Central Luzon,11218177,9,0,736,60
2020-06-04,Philippines,NA,Central Luzon,11218177,15,0,751,60
2020-06-05,Philippines,NA,Central Luzon,11218177,11,0,762,60
2020-06-06,Philippines,NA,Central Luzon,11218177,3,0,765,60
2020-06-07,Philippines,NA,Central Luzon,11218177,2,0,767,60
2020-06-08,Philippines,NA,Central Luzon,11218177,19,0,786,60
2020-06-09,Philippines,NA,Central Luzon,11218177,11,0,797,60
2020-06-10,Philippines,NA,Central Luzon,11218177,7,0,804,60
2020-06-11,Philippines,NA,Central Luzon,11218177,10,0,814,60
2020-06-12,Philippines,NA,Central Luzon,11218177,7,0,821,60
2020-06-13,Philippines,NA,Central Luzon,11218177,2,0,823,60
2020-06-14,Philippines,NA,Central Luzon,11218177,3,1,826,61
2020-06-15,Philippines,NA,Central Luzon,11218177,17,2,843,63
2020-06-16,Philippines,NA,Central Luzon,11218177,7,0,850,63
2020-06-17,Philippines,NA,Central Luzon,11218177,17,0,867,63
2020-06-18,Philippines,NA,Central Luzon,11218177,23,0,890,63
2020-06-19,Philippines,NA,Central Luzon,11218177,16,1,906,64
2020-06-20,Philippines,NA,Central Luzon,11218177,8,0,914,64
2020-06-21,Philippines,NA,Central Luzon,11218177,9,0,923,64
2020-06-22,Philippines,NA,Central Luzon,11218177,33,0,956,64
2020-06-23,Philippines,NA,Central Luzon,11218177,22,0,978,64
2020-06-24,Philippines,NA,Central Luzon,11218177,26,0,1004,64
2020-06-25,Philippines,NA,Central Luzon,11218177,28,0,1032,64
2020-06-26,Philippines,NA,Central Luzon,11218177,28,0,1060,64
2020-06-27,Philippines,NA,Central Luzon,11218177,28,2,1088,66
2020-06-28,Philippines,NA,Central Luzon,11218177,7,0,1095,66
2020-06-29,Philippines,NA,Central Luzon,11218177,41,0,1136,66
2020-06-30,Philippines,NA,Central Luzon,11218177,60,0,1196,66
2020-07-01,Philippines,NA,Central Luzon,11218177,48,0,1244,66
2020-07-02,Philippines,NA,Central Luzon,11218177,48,0,1292,66
2020-07-03,Philippines,NA,Central Luzon,11218177,50,0,1342,66
2020-07-04,Philippines,NA,Central Luzon,11218177,39,0,1381,66
2020-07-05,Philippines,NA,Central Luzon,11218177,13,0,1394,66
2020-07-06,Philippines,NA,Central Luzon,11218177,57,0,1451,66
2020-07-07,Philippines,NA,Central Luzon,11218177,52,0,1503,66
2020-07-08,Philippines,NA,Central Luzon,11218177,57,0,1560,66
2020-07-09,Philippines,NA,Central Luzon,11218177,56,0,1616,66
2020-07-10,Philippines,NA,Central Luzon,11218177,58,0,1674,66
2020-07-11,Philippines,NA,Central Luzon,11218177,38,1,1712,67
2020-07-12,Philippines,NA,Central Luzon,11218177,18,0,1730,67
2020-07-13,Philippines,NA,Central Luzon,11218177,71,1,1801,68
2020-07-14,Philippines,NA,Central Luzon,11218177,96,1,1897,69
2020-07-15,Philippines,NA,Central Luzon,11218177,74,1,1971,70
2020-07-16,Philippines,NA,Central Luzon,11218177,85,0,2056,70
2020-07-17,Philippines,NA,Central Luzon,11218177,88,0,2144,70
2020-07-18,Philippines,NA,Central Luzon,11218177,93,0,2237,70
2020-07-19,Philippines,NA,Central Luzon,11218177,29,0,2266,70
2020-07-20,Philippines,NA,Central Luzon,11218177,101,0,2367,70
2020-07-21,Philippines,NA,Central Luzon,11218177,114,1,2481,71
2020-07-22,Philippines,NA,Central Luzon,11218177,100,0,2581,71
2020-07-23,Philippines,NA,Central Luzon,11218177,146,0,2727,71
2020-07-24,Philippines,NA,Central Luzon,11218177,90,0,2817,71
2020-07-25,Philippines,NA,Central Luzon,11218177,108,0,2925,71
2020-07-26,Philippines,NA,Central Luzon,11218177,37,1,2962,72
2020-07-27,Philippines,NA,Central Luzon,11218177,226,1,3188,73
2020-07-28,Philippines,NA,Central Luzon,11218177,138,0,3326,73
2020-07-29,Philippines,NA,Central Luzon,11218177,126,1,3452,74
2020-07-30,Philippines,NA,Central Luzon,11218177,152,2,3604,76
2020-07-31,Philippines,NA,Central Luzon,11218177,118,1,3722,77
2020-08-01,Philippines,NA,Central Luzon,11218177,69,0,3791,77
2020-08-02,Philippines,NA,Central Luzon,11218177,30,0,3821,77
2020-08-03,Philippines,NA,Central Luzon,11218177,171,0,3992,77
2020-08-04,Philippines,NA,Central Luzon,11218177,147,3,4139,80
2020-08-05,Philippines,NA,Central Luzon,11218177,173,0,4312,80
2020-08-06,Philippines,NA,Central Luzon,11218177,211,0,4523,80
2020-08-07,Philippines,NA,Central Luzon,11218177,159,1,4682,81
2020-08-08,Philippines,NA,Central Luzon,11218177,106,0,4788,81
2020-08-09,Philippines,NA,Central Luzon,11218177,62,0,4850,81
2020-08-10,Philippines,NA,Central Luzon,11218177,235,3,5085,84
2020-08-11,Philippines,NA,Central Luzon,11218177,183,0,5268,84
2020-08-12,Philippines,NA,Central Luzon,11218177,216,2,5484,86
2020-08-13,Philippines,NA,Central Luzon,11218177,162,4,5646,90
2020-08-14,Philippines,NA,Central Luzon,11218177,247,1,5893,91
2020-08-15,Philippines,NA,Central Luzon,11218177,130,1,6023,92
2020-08-16,Philippines,NA,Central Luzon,11218177,62,0,6085,92
2020-08-17,Philippines,NA,Central Luzon,11218177,283,1,6368,93
2020-08-18,Philippines,NA,Central Luzon,11218177,197,1,6565,94
2020-08-19,Philippines,NA,Central Luzon,11218177,170,2,6735,96
2020-08-20,Philippines,NA,Central Luzon,11218177,271,0,7006,96
2020-08-21,Philippines,NA,Central Luzon,11218177,150,0,7156,96
2020-08-22,Philippines,NA,Central Luzon,11218177,169,0,7325,96
2020-08-23,Philippines,NA,Central Luzon,11218177,21,0,7346,96
2020-08-24,Philippines,NA,Central Luzon,11218177,31,0,7377,96
2020-08-25,Philippines,NA,Central Luzon,11218177,23,0,7400,96
2020-04-14,Philippines,NA,Central Visayas,7396898,24,0,111,11
2020-04-15,Philippines,NA,Central Visayas,7396898,68,0,179,11
2020-04-16,Philippines,NA,Central Visayas,7396898,4,0,183,11
2020-04-17,Philippines,NA,Central Visayas,7396898,3,0,186,11
2020-04-18,Philippines,NA,Central Visayas,7396898,3,1,189,12
2020-04-19,Philippines,NA,Central Visayas,7396898,5,0,194,12
2020-04-20,Philippines,NA,Central Visayas,7396898,135,1,329,13
2020-04-21,Philippines,NA,Central Visayas,7396898,4,0,333,13
2020-04-22,Philippines,NA,Central Visayas,7396898,69,0,402,13
2020-04-23,Philippines,NA,Central Visayas,7396898,42,0,444,13
2020-04-24,Philippines,NA,Central Visayas,7396898,75,0,519,13
2020-04-25,Philippines,NA,Central Visayas,7396898,28,2,547,15
2020-04-26,Philippines,NA,Central Visayas,7396898,2,0,549,15
2020-04-27,Philippines,NA,Central Visayas,7396898,89,0,638,15
2020-04-28,Philippines,NA,Central Visayas,7396898,152,1,790,16
2020-04-29,Philippines,NA,Central Visayas,7396898,92,2,882,18
2020-04-30,Philippines,NA,Central Visayas,7396898,431,2,1313,20
2020-05-01,Philippines,NA,Central Visayas,7396898,69,1,1382,21
2020-05-02,Philippines,NA,Central Visayas,7396898,12,1,1394,22
2020-05-03,Philippines,NA,Central Visayas,7396898,4,1,1398,23
2020-05-04,Philippines,NA,Central Visayas,7396898,121,0,1519,23
2020-05-05,Philippines,NA,Central Visayas,7396898,37,3,1556,26
2020-05-06,Philippines,NA,Central Visayas,7396898,75,0,1631,26
2020-05-07,Philippines,NA,Central Visayas,7396898,166,1,1797,27
2020-05-08,Philippines,NA,Central Visayas,7396898,54,1,1851,28
2020-05-09,Philippines,NA,Central Visayas,7396898,12,2,1863,30
2020-05-10,Philippines,NA,Central Visayas,7396898,9,1,1872,31
2020-05-11,Philippines,NA,Central Visayas,7396898,42,2,1914,33
2020-05-12,Philippines,NA,Central Visayas,7396898,34,2,1948,35
2020-05-13,Philippines,NA,Central Visayas,7396898,79,5,2027,40
2020-05-14,Philippines,NA,Central Visayas,7396898,99,3,2126,43
2020-05-15,Philippines,NA,Central Visayas,7396898,61,2,2187,45
2020-05-16,Philippines,NA,Central Visayas,7396898,19,2,2206,47
2020-05-17,Philippines,NA,Central Visayas,7396898,18,2,2224,49
2020-05-18,Philippines,NA,Central Visayas,7396898,12,2,2236,51
2020-05-19,Philippines,NA,Central Visayas,7396898,58,6,2294,57
2020-05-20,Philippines,NA,Central Visayas,7396898,104,2,2398,59
2020-05-21,Philippines,NA,Central Visayas,7396898,66,5,2464,64
2020-05-22,Philippines,NA,Central Visayas,7396898,47,4,2511,68
2020-05-23,Philippines,NA,Central Visayas,7396898,31,3,2542,71
2020-05-24,Philippines,NA,Central Visayas,7396898,41,1,2583,72
2020-05-25,Philippines,NA,Central Visayas,7396898,40,5,2623,77
2020-05-26,Philippines,NA,Central Visayas,7396898,88,1,2711,78
2020-05-27,Philippines,NA,Central Visayas,7396898,117,6,2828,84
2020-05-28,Philippines,NA,Central Visayas,7396898,95,4,2923,88
2020-05-29,Philippines,NA,Central Visayas,7396898,125,8,3048,96
2020-05-30,Philippines,NA,Central Visayas,7396898,36,3,3084,99
2020-05-31,Philippines,NA,Central Visayas,7396898,43,4,3127,103
2020-06-01,Philippines,NA,Central Visayas,7396898,79,10,3206,113
2020-06-02,Philippines,NA,Central Visayas,7396898,88,5,3294,118
2020-06-03,Philippines,NA,Central Visayas,7396898,139,9,3433,127
2020-06-04,Philippines,NA,Central Visayas,7396898,182,8,3615,135
2020-06-05,Philippines,NA,Central Visayas,7396898,257,10,3872,145
2020-06-06,Philippines,NA,Central Visayas,7396898,76,8,3948,153
2020-06-07,Philippines,NA,Central Visayas,7396898,92,13,4040,166
2020-06-08,Philippines,NA,Central Visayas,7396898,229,11,4269,177
2020-06-09,Philippines,NA,Central Visayas,7396898,266,11,4535,188
2020-06-10,Philippines,NA,Central Visayas,7396898,226,12,4761,200
2020-06-11,Philippines,NA,Central Visayas,7396898,204,21,4965,221
2020-06-12,Philippines,NA,Central Visayas,7396898,161,5,5126,226
2020-06-13,Philippines,NA,Central Visayas,7396898,97,13,5223,239
2020-06-14,Philippines,NA,Central Visayas,7396898,76,25,5299,264
2020-06-15,Philippines,NA,Central Visayas,7396898,142,11,5441,275
2020-06-16,Philippines,NA,Central Visayas,7396898,175,18,5616,293
2020-06-17,Philippines,NA,Central Visayas,7396898,334,13,5950,306
2020-06-18,Philippines,NA,Central Visayas,7396898,176,8,6126,314
2020-06-19,Philippines,NA,Central Visayas,7396898,161,18,6287,332
2020-06-20,Philippines,NA,Central Visayas,7396898,175,15,6462,347
2020-06-21,Philippines,NA,Central Visayas,7396898,131,18,6593,365
2020-06-22,Philippines,NA,Central Visayas,7396898,217,19,6810,384
2020-06-23,Philippines,NA,Central Visayas,7396898,213,19,7023,403
2020-06-24,Philippines,NA,Central Visayas,7396898,258,19,7281,422
2020-06-25,Philippines,NA,Central Visayas,7396898,319,22,7600,444
2020-06-26,Philippines,NA,Central Visayas,7396898,357,22,7957,466
2020-06-27,Philippines,NA,Central Visayas,7396898,177,20,8134,486
2020-06-28,Philippines,NA,Central Visayas,7396898,146,18,8280,504
2020-06-29,Philippines,NA,Central Visayas,7396898,453,25,8733,529
2020-06-30,Philippines,NA,Central Visayas,7396898,409,20,9142,549
2020-07-01,Philippines,NA,Central Visayas,7396898,431,22,9573,571
2020-07-02,Philippines,NA,Central Visayas,7396898,339,18,9912,589
2020-07-03,Philippines,NA,Central Visayas,7396898,354,19,10266,608
2020-07-04,Philippines,NA,Central Visayas,7396898,304,17,10570,625
2020-07-05,Philippines,NA,Central Visayas,7396898,123,24,10693,649
2020-07-06,Philippines,NA,Central Visayas,7396898,350,16,11043,665
2020-07-07,Philippines,NA,Central Visayas,7396898,343,14,11386,679
2020-07-08,Philippines,NA,Central Visayas,7396898,261,20,11647,699
2020-07-09,Philippines,NA,Central Visayas,7396898,264,17,11911,716
2020-07-10,Philippines,NA,Central Visayas,7396898,398,17,12309,733
2020-07-11,Philippines,NA,Central Visayas,7396898,202,9,12511,742
2020-07-12,Philippines,NA,Central Visayas,7396898,125,12,12636,754
2020-07-13,Philippines,NA,Central Visayas,7396898,287,19,12923,773
2020-07-14,Philippines,NA,Central Visayas,7396898,271,14,13194,787
2020-07-15,Philippines,NA,Central Visayas,7396898,341,10,13535,797
2020-07-16,Philippines,NA,Central Visayas,7396898,164,9,13699,806
2020-07-17,Philippines,NA,Central Visayas,7396898,250,7,13949,813
2020-07-18,Philippines,NA,Central Visayas,7396898,151,7,14100,820
2020-07-19,Philippines,NA,Central Visayas,7396898,75,15,14175,835
2020-07-20,Philippines,NA,Central Visayas,7396898,298,14,14473,849
2020-07-21,Philippines,NA,Central Visayas,7396898,302,11,14775,860
2020-07-22,Philippines,NA,Central Visayas,7396898,214,13,14989,873
2020-07-23,Philippines,NA,Central Visayas,7396898,151,13,15140,886
2020-07-24,Philippines,NA,Central Visayas,7396898,219,5,15359,891
2020-07-25,Philippines,NA,Central Visayas,7396898,110,8,15469,899
2020-07-26,Philippines,NA,Central Visayas,7396898,56,5,15525,904
2020-07-27,Philippines,NA,Central Visayas,7396898,217,5,15742,909
2020-07-28,Philippines,NA,Central Visayas,7396898,243,10,15985,919
2020-07-29,Philippines,NA,Central Visayas,7396898,192,5,16177,924
2020-07-30,Philippines,NA,Central Visayas,7396898,208,10,16385,934
2020-07-31,Philippines,NA,Central Visayas,7396898,79,4,16464,938
2020-08-01,Philippines,NA,Central Visayas,7396898,104,4,16568,942
2020-08-02,Philippines,NA,Central Visayas,7396898,92,10,16660,952
2020-08-03,Philippines,NA,Central Visayas,7396898,190,3,16850,955
2020-08-04,Philippines,NA,Central Visayas,7396898,114,2,16964,957
2020-08-05,Philippines,NA,Central Visayas,7396898,154,2,17118,959
2020-08-06,Philippines,NA,Central Visayas,7396898,80,4,17198,963
2020-08-07,Philippines,NA,Central Visayas,7396898,96,4,17294,967
2020-08-08,Philippines,NA,Central Visayas,7396898,47,3,17341,970
2020-08-09,Philippines,NA,Central Visayas,7396898,27,1,17368,971
2020-08-10,Philippines,NA,Central Visayas,7396898,159,2,17527,973
2020-08-11,Philippines,NA,Central Visayas,7396898,132,0,17659,973
2020-08-12,Philippines,NA,Central Visayas,7396898,101,2,17760,975
2020-08-13,Philippines,NA,Central Visayas,7396898,67,4,17827,979
2020-08-14,Philippines,NA,Central Visayas,7396898,106,1,17933,980
2020-08-15,Philippines,NA,Central Visayas,7396898,65,2,17998,982
2020-08-16,Philippines,NA,Central Visayas,7396898,30,3,18028,985
2020-08-17,Philippines,NA,Central Visayas,7396898,108,1,18136,986
2020-08-18,Philippines,NA,Central Visayas,7396898,109,0,18245,986
2020-08-19,Philippines,NA,Central Visayas,7396898,144,2,18389,988
2020-08-20,Philippines,NA,Central Visayas,7396898,83,1,18472,989
2020-08-21,Philippines,NA,Central Visayas,7396898,36,1,18508,990
2020-08-22,Philippines,NA,Central Visayas,7396898,46,1,18554,991
2020-08-23,Philippines,NA,Central Visayas,7396898,11,0,18565,991
2020-08-24,Philippines,NA,Central Visayas,7396898,67,0,18632,991
2020-08-25,Philippines,NA,Central Visayas,7396898,1,0,18633,991
2020-06-15,Philippines,NA,Cordillera Administrative Region,1722006,5,0,102,1
2020-06-16,Philippines,NA,Cordillera Administrative Region,1722006,1,1,103,2
2020-06-17,Philippines,NA,Cordillera Administrative Region,1722006,1,0,104,2
2020-06-22,Philippines,NA,Cordillera Administrative Region,1722006,1,0,105,2
2020-06-23,Philippines,NA,Cordillera Administrative Region,1722006,1,0,106,2
2020-06-24,Philippines,NA,Cordillera Administrative Region,1722006,2,0,108,2
2020-06-25,Philippines,NA,Cordillera Administrative Region,1722006,0,0,108,2
2020-06-26,Philippines,NA,Cordillera Administrative Region,1722006,0,0,108,2
2020-06-27,Philippines,NA,Cordillera Administrative Region,1722006,1,0,109,2
2020-06-28,Philippines,NA,Cordillera Administrative Region,1722006,2,0,111,2
2020-06-29,Philippines,NA,Cordillera Administrative Region,1722006,2,0,113,2
2020-06-30,Philippines,NA,Cordillera Administrative Region,1722006,0,0,113,2
2020-07-01,Philippines,NA,Cordillera Administrative Region,1722006,0,0,113,2
2020-07-02,Philippines,NA,Cordillera Administrative Region,1722006,3,0,116,2
2020-07-03,Philippines,NA,Cordillera Administrative Region,1722006,1,0,117,2
2020-07-04,Philippines,NA,Cordillera Administrative Region,1722006,3,0,120,2
2020-07-05,Philippines,NA,Cordillera Administrative Region,1722006,1,0,121,2
2020-07-06,Philippines,NA,Cordillera Administrative Region,1722006,1,0,122,2
2020-07-07,Philippines,NA,Cordillera Administrative Region,1722006,1,0,123,2
2020-07-08,Philippines,NA,Cordillera Administrative Region,1722006,10,0,133,2
2020-07-09,Philippines,NA,Cordillera Administrative Region,1722006,5,0,138,2
2020-07-10,Philippines,NA,Cordillera Administrative Region,1722006,2,0,140,2
2020-07-11,Philippines,NA,Cordillera Administrative Region,1722006,3,0,143,2
2020-07-13,Philippines,NA,Cordillera Administrative Region,1722006,2,0,145,2
2020-07-14,Philippines,NA,Cordillera Administrative Region,1722006,1,0,146,2
2020-07-15,Philippines,NA,Cordillera Administrative Region,1722006,3,0,149,2
2020-07-16,Philippines,NA,Cordillera Administrative Region,1722006,3,0,152,2
2020-07-17,Philippines,NA,Cordillera Administrative Region,1722006,12,0,164,2
2020-07-18,Philippines,NA,Cordillera Administrative Region,1722006,6,0,170,2
2020-07-19,Philippines,NA,Cordillera Administrative Region,1722006,2,0,172,2
2020-07-20,Philippines,NA,Cordillera Administrative Region,1722006,10,0,182,2
2020-07-21,Philippines,NA,Cordillera Administrative Region,1722006,7,0,189,2
2020-07-22,Philippines,NA,Cordillera Administrative Region,1722006,33,0,222,2
2020-07-23,Philippines,NA,Cordillera Administrative Region,1722006,28,0,250,2
2020-07-24,Philippines,NA,Cordillera Administrative Region,1722006,14,0,264,2
2020-07-25,Philippines,NA,Cordillera Administrative Region,1722006,2,0,266,2
2020-07-27,Philippines,NA,Cordillera Administrative Region,1722006,5,0,271,2
2020-07-28,Philippines,NA,Cordillera Administrative Region,1722006,16,0,287,2
2020-07-29,Philippines,NA,Cordillera Administrative Region,1722006,27,0,314,2
2020-07-30,Philippines,NA,Cordillera Administrative Region,1722006,16,1,330,3
2020-07-31,Philippines,NA,Cordillera Administrative Region,1722006,11,1,341,4
2020-08-01,Philippines,NA,Cordillera Administrative Region,1722006,9,0,350,4
2020-08-02,Philippines,NA,Cordillera Administrative Region,1722006,3,0,353,4
2020-08-03,Philippines,NA,Cordillera Administrative Region,1722006,14,0,367,4
2020-08-04,Philippines,NA,Cordillera Administrative Region,1722006,19,0,386,4
2020-08-05,Philippines,NA,Cordillera Administrative Region,1722006,12,1,398,5
2020-08-06,Philippines,NA,Cordillera Administrative Region,1722006,23,0,421,5
2020-08-07,Philippines,NA,Cordillera Administrative Region,1722006,37,1,458,6
2020-08-08,Philippines,NA,Cordillera Administrative Region,1722006,18,1,476,7
2020-08-09,Philippines,NA,Cordillera Administrative Region,1722006,1,0,477,7
2020-08-10,Philippines,NA,Cordillera Administrative Region,1722006,21,0,498,7
2020-08-11,Philippines,NA,Cordillera Administrative Region,1722006,13,0,511,7
2020-08-12,Philippines,NA,Cordillera Administrative Region,1722006,59,0,570,7
2020-08-13,Philippines,NA,Cordillera Administrative Region,1722006,10,0,580,7
2020-08-14,Philippines,NA,Cordillera Administrative Region,1722006,14,1,594,8
2020-08-15,Philippines,NA,Cordillera Administrative Region,1722006,4,1,598,9
2020-08-16,Philippines,NA,Cordillera Administrative Region,1722006,10,0,608,9
2020-08-17,Philippines,NA,Cordillera Administrative Region,1722006,28,0,636,9
2020-08-18,Philippines,NA,Cordillera Administrative Region,1722006,11,0,647,9
2020-08-19,Philippines,NA,Cordillera Administrative Region,1722006,19,0,666,9
2020-08-20,Philippines,NA,Cordillera Administrative Region,1722006,21,0,687,9
2020-08-21,Philippines,NA,Cordillera Administrative Region,1722006,34,0,721,9
2020-08-22,Philippines,NA,Cordillera Administrative Region,1722006,21,0,742,9
2020-08-23,Philippines,NA,Cordillera Administrative Region,1722006,2,0,744,9
2020-08-24,Philippines,NA,Cordillera Administrative Region,1722006,7,0,751,9
2020-04-13,Philippines,NA,Davao Region,4893318,4,0,102,13
2020-04-14,Philippines,NA,Davao Region,4893318,2,1,104,14
2020-04-15,Philippines,NA,Davao Region,4893318,6,0,110,14
2020-04-16,Philippines,NA,Davao Region,4893318,1,0,111,14
2020-04-17,Philippines,NA,Davao Region,4893318,3,0,114,14
2020-04-18,Philippines,NA,Davao Region,4893318,1,0,115,14
2020-04-20,Philippines,NA,Davao Region,4893318,0,0,115,14
2020-04-21,Philippines,NA,Davao Region,4893318,0,0,115,14
2020-04-22,Philippines,NA,Davao Region,4893318,6,1,121,15
2020-04-23,Philippines,NA,Davao Region,4893318,4,0,125,15
2020-04-24,Philippines,NA,Davao Region,4893318,4,0,129,15
2020-04-25,Philippines,NA,Davao Region,4893318,0,0,129,15
2020-04-26,Philippines,NA,Davao Region,4893318,0,1,129,16
2020-04-27,Philippines,NA,Davao Region,4893318,4,1,133,17
2020-04-28,Philippines,NA,Davao Region,4893318,3,1,136,18
2020-04-29,Philippines,NA,Davao Region,4893318,1,0,137,18
2020-04-30,Philippines,NA,Davao Region,4893318,6,0,143,18
2020-05-02,Philippines,NA,Davao Region,4893318,11,0,154,18
2020-05-03,Philippines,NA,Davao Region,4893318,2,0,156,18
2020-05-04,Philippines,NA,Davao Region,4893318,13,1,169,19
2020-05-05,Philippines,NA,Davao Region,4893318,1,0,170,19
2020-05-06,Philippines,NA,Davao Region,4893318,8,0,178,19
2020-05-07,Philippines,NA,Davao Region,4893318,1,0,179,19
2020-05-08,Philippines,NA,Davao Region,4893318,2,0,181,19
2020-05-09,Philippines,NA,Davao Region,4893318,0,1,181,20
2020-05-10,Philippines,NA,Davao Region,4893318,0,0,181,20
2020-05-11,Philippines,NA,Davao Region,4893318,2,1,183,21
2020-05-12,Philippines,NA,Davao Region,4893318,6,0,189,21
2020-05-13,Philippines,NA,Davao Region,4893318,5,1,194,22
2020-05-14,Philippines,NA,Davao Region,4893318,2,1,196,23
2020-05-15,Philippines,NA,Davao Region,4893318,21,0,217,23
2020-05-16,Philippines,NA,Davao Region,4893318,5,0,222,23
2020-05-17,Philippines,NA,Davao Region,4893318,1,0,223,23
2020-05-18,Philippines,NA,Davao Region,4893318,2,0,225,23
2020-05-19,Philippines,NA,Davao Region,4893318,7,0,232,23
2020-05-20,Philippines,NA,Davao Region,4893318,8,0,240,23
2020-05-21,Philippines,NA,Davao Region,4893318,3,0,243,23
2020-05-22,Philippines,NA,Davao Region,4893318,17,0,260,23
2020-05-23,Philippines,NA,Davao Region,4893318,4,0,264,23
2020-05-24,Philippines,NA,Davao Region,4893318,5,0,269,23
2020-05-25,Philippines,NA,Davao Region,4893318,5,0,274,23
2020-05-26,Philippines,NA,Davao Region,4893318,14,3,288,26
2020-05-27,Philippines,NA,Davao Region,4893318,29,0,317,26
2020-05-28,Philippines,NA,Davao Region,4893318,15,1,332,27
2020-05-29,Philippines,NA,Davao Region,4893318,6,1,338,28
2020-05-30,Philippines,NA,Davao Region,4893318,5,0,343,28
2020-05-31,Philippines,NA,Davao Region,4893318,0,0,343,28
2020-06-01,Philippines,NA,Davao Region,4893318,3,0,346,28
2020-06-02,Philippines,NA,Davao Region,4893318,5,0,351,28
2020-06-03,Philippines,NA,Davao Region,4893318,4,0,355,28
2020-06-04,Philippines,NA,Davao Region,4893318,2,0,357,28
2020-06-05,Philippines,NA,Davao Region,4893318,1,1,358,29
2020-06-06,Philippines,NA,Davao Region,4893318,1,0,359,29
2020-06-07,Philippines,NA,Davao Region,4893318,1,0,360,29
2020-06-08,Philippines,NA,Davao Region,4893318,6,0,366,29
2020-06-09,Philippines,NA,Davao Region,4893318,34,0,400,29
2020-06-10,Philippines,NA,Davao Region,4893318,5,0,405,29
2020-06-11,Philippines,NA,Davao Region,4893318,18,0,423,29
2020-06-12,Philippines,NA,Davao Region,4893318,0,0,423,29
2020-06-13,Philippines,NA,Davao Region,4893318,1,0,424,29
2020-06-14,Philippines,NA,Davao Region,4893318,1,0,425,29
2020-06-15,Philippines,NA,Davao Region,4893318,5,0,430,29
2020-06-16,Philippines,NA,Davao Region,4893318,5,0,435,29
2020-06-17,Philippines,NA,Davao Region,4893318,8,0,443,29
2020-06-18,Philippines,NA,Davao Region,4893318,14,0,457,29
2020-06-19,Philippines,NA,Davao Region,4893318,1,0,458,29
2020-06-20,Philippines,NA,Davao Region,4893318,3,0,461,29
2020-06-21,Philippines,NA,Davao Region,4893318,0,0,461,29
2020-06-22,Philippines,NA,Davao Region,4893318,16,0,477,29
2020-06-23,Philippines,NA,Davao Region,4893318,6,0,483,29
2020-06-24,Philippines,NA,Davao Region,4893318,11,0,494,29
2020-06-25,Philippines,NA,Davao Region,4893318,11,0,505,29
2020-06-26,Philippines,NA,Davao Region,4893318,16,0,521,29
2020-06-27,Philippines,NA,Davao Region,4893318,6,0,527,29
2020-06-28,Philippines,NA,Davao Region,4893318,2,2,529,31
2020-06-29,Philippines,NA,Davao Region,4893318,29,0,558,31
2020-06-30,Philippines,NA,Davao Region,4893318,16,0,574,31
2020-07-01,Philippines,NA,Davao Region,4893318,10,0,584,31
2020-07-02,Philippines,NA,Davao Region,4893318,14,0,598,31
2020-07-03,Philippines,NA,Davao Region,4893318,15,0,613,31
2020-07-04,Philippines,NA,Davao Region,4893318,4,0,617,31
2020-07-05,Philippines,NA,Davao Region,4893318,12,0,629,31
2020-07-06,Philippines,NA,Davao Region,4893318,36,0,665,31
2020-07-07,Philippines,NA,Davao Region,4893318,41,0,706,31
2020-07-08,Philippines,NA,Davao Region,4893318,12,0,718,31
2020-07-09,Philippines,NA,Davao Region,4893318,15,0,733,31
2020-07-10,Philippines,NA,Davao Region,4893318,46,1,779,32
2020-07-11,Philippines,NA,Davao Region,4893318,16,1,795,33
2020-07-12,Philippines,NA,Davao Region,4893318,29,3,824,36
2020-07-13,Philippines,NA,Davao Region,4893318,22,2,846,38
2020-07-14,Philippines,NA,Davao Region,4893318,33,1,879,39
2020-07-15,Philippines,NA,Davao Region,4893318,45,2,924,41
2020-07-16,Philippines,NA,Davao Region,4893318,24,0,948,41
2020-07-17,Philippines,NA,Davao Region,4893318,24,0,972,41
2020-07-18,Philippines,NA,Davao Region,4893318,11,0,983,41
2020-07-19,Philippines,NA,Davao Region,4893318,7,0,990,41
2020-07-20,Philippines,NA,Davao Region,4893318,38,0,1028,41
2020-07-21,Philippines,NA,Davao Region,4893318,46,0,1074,41
2020-07-22,Philippines,NA,Davao Region,4893318,39,1,1113,42
2020-07-23,Philippines,NA,Davao Region,4893318,27,1,1140,43
2020-07-24,Philippines,NA,Davao Region,4893318,51,0,1191,43
2020-07-25,Philippines,NA,Davao Region,4893318,19,0,1210,43
2020-07-26,Philippines,NA,Davao Region,4893318,5,1,1215,44
2020-07-27,Philippines,NA,Davao Region,4893318,68,1,1283,45
2020-07-28,Philippines,NA,Davao Region,4893318,37,0,1320,45
2020-07-29,Philippines,NA,Davao Region,4893318,46,1,1366,46
2020-07-30,Philippines,NA,Davao Region,4893318,38,1,1404,47
2020-07-31,Philippines,NA,Davao Region,4893318,14,1,1418,48
2020-08-01,Philippines,NA,Davao Region,4893318,7,0,1425,48
2020-08-02,Philippines,NA,Davao Region,4893318,10,4,1435,52
2020-08-03,Philippines,NA,Davao Region,4893318,36,0,1471,52
2020-08-04,Philippines,NA,Davao Region,4893318,45,0,1516,52
2020-08-05,Philippines,NA,Davao Region,4893318,31,0,1547,52
2020-08-06,Philippines,NA,Davao Region,4893318,38,0,1585,52
2020-08-07,Philippines,NA,Davao Region,4893318,67,0,1652,52
2020-08-08,Philippines,NA,Davao Region,4893318,24,0,1676,52
2020-08-09,Philippines,NA,Davao Region,4893318,9,0,1685,52
2020-08-10,Philippines,NA,Davao Region,4893318,51,0,1736,52
2020-08-11,Philippines,NA,Davao Region,4893318,35,0,1771,52
2020-08-12,Philippines,NA,Davao Region,4893318,40,0,1811,52
2020-08-13,Philippines,NA,Davao Region,4893318,22,1,1833,53
2020-08-14,Philippines,NA,Davao Region,4893318,62,1,1895,54
2020-08-15,Philippines,NA,Davao Region,4893318,8,1,1903,55
2020-08-16,Philippines,NA,Davao Region,4893318,5,0,1908,55
2020-08-17,Philippines,NA,Davao Region,4893318,30,0,1938,55
2020-08-18,Philippines,NA,Davao Region,4893318,21,1,1959,56
2020-08-19,Philippines,NA,Davao Region,4893318,28,0,1987,56
2020-08-20,Philippines,NA,Davao Region,4893318,25,0,2012,56
2020-08-21,Philippines,NA,Davao Region,4893318,13,0,2025,56
2020-08-22,Philippines,NA,Davao Region,4893318,6,1,2031,57
2020-08-23,Philippines,NA,Davao Region,4893318,5,0,2036,57
2020-08-24,Philippines,NA,Davao Region,4893318,6,0,2042,57
2020-08-25,Philippines,NA,Davao Region,4893318,2,0,2044,57
2020-06-10,Philippines,NA,Eastern Visayas,4440150,38,0,123,0
2020-06-11,Philippines,NA,Eastern Visayas,4440150,46,0,169,0
2020-06-12,Philippines,NA,Eastern Visayas,4440150,15,0,184,0
2020-06-13,Philippines,NA,Eastern Visayas,4440150,11,0,195,0
2020-06-14,Philippines,NA,Eastern Visayas,4440150,19,1,214,1
2020-06-15,Philippines,NA,Eastern Visayas,4440150,90,0,304,1
2020-06-16,Philippines,NA,Eastern Visayas,4440150,28,0,332,1
2020-06-17,Philippines,NA,Eastern Visayas,4440150,33,0,365,1
2020-06-18,Philippines,NA,Eastern Visayas,4440150,75,0,440,1
2020-06-19,Philippines,NA,Eastern Visayas,4440150,9,0,449,1
2020-06-20,Philippines,NA,Eastern Visayas,4440150,9,0,458,1
2020-06-22,Philippines,NA,Eastern Visayas,4440150,3,0,461,1
2020-06-23,Philippines,NA,Eastern Visayas,4440150,1,0,462,1
2020-06-24,Philippines,NA,Eastern Visayas,4440150,31,1,493,2
2020-06-25,Philippines,NA,Eastern Visayas,4440150,34,0,527,2
2020-06-26,Philippines,NA,Eastern Visayas,4440150,5,0,532,2
2020-06-27,Philippines,NA,Eastern Visayas,4440150,0,0,532,2
2020-06-28,Philippines,NA,Eastern Visayas,4440150,4,0,536,2
2020-06-29,Philippines,NA,Eastern Visayas,4440150,25,0,561,2
2020-06-30,Philippines,NA,Eastern Visayas,4440150,14,0,575,2
2020-07-01,Philippines,NA,Eastern Visayas,4440150,12,0,587,2
2020-07-02,Philippines,NA,Eastern Visayas,4440150,7,0,594,2
2020-07-03,Philippines,NA,Eastern Visayas,4440150,0,0,594,2
2020-07-04,Philippines,NA,Eastern Visayas,4440150,3,0,597,2
2020-07-05,Philippines,NA,Eastern Visayas,4440150,1,0,598,2
2020-07-06,Philippines,NA,Eastern Visayas,4440150,2,0,600,2
2020-07-07,Philippines,NA,Eastern Visayas,4440150,5,0,605,2
2020-07-08,Philippines,NA,Eastern Visayas,4440150,3,0,608,2
2020-07-09,Philippines,NA,Eastern Visayas,4440150,2,0,610,2
2020-07-10,Philippines,NA,Eastern Visayas,4440150,3,0,613,2
2020-07-11,Philippines,NA,Eastern Visayas,4440150,3,0,616,2
2020-07-12,Philippines,NA,Eastern Visayas,4440150,1,0,617,2
2020-07-13,Philippines,NA,Eastern Visayas,4440150,6,0,623,2
2020-07-14,Philippines,NA,Eastern Visayas,4440150,10,0,633,2
2020-07-15,Philippines,NA,Eastern Visayas,4440150,6,0,639,2
2020-07-16,Philippines,NA,Eastern Visayas,4440150,6,0,645,2
2020-07-17,Philippines,NA,Eastern Visayas,4440150,5,0,650,2
2020-07-18,Philippines,NA,Eastern Visayas,4440150,2,0,652,2
2020-07-19,Philippines,NA,Eastern Visayas,4440150,4,0,656,2
2020-07-20,Philippines,NA,Eastern Visayas,4440150,49,0,705,2
2020-07-21,Philippines,NA,Eastern Visayas,4440150,29,0,734,2
2020-07-22,Philippines,NA,Eastern Visayas,4440150,19,0,753,2
2020-07-23,Philippines,NA,Eastern Visayas,4440150,26,0,779,2
2020-07-24,Philippines,NA,Eastern Visayas,4440150,12,0,791,2
2020-07-25,Philippines,NA,Eastern Visayas,4440150,6,0,797,2
2020-07-26,Philippines,NA,Eastern Visayas,4440150,22,0,819,2
2020-07-27,Philippines,NA,Eastern Visayas,4440150,38,0,857,2
2020-07-28,Philippines,NA,Eastern Visayas,4440150,45,0,902,2
2020-07-29,Philippines,NA,Eastern Visayas,4440150,54,0,956,2
2020-07-30,Philippines,NA,Eastern Visayas,4440150,16,0,972,2
2020-07-31,Philippines,NA,Eastern Visayas,4440150,15,0,987,2
2020-08-01,Philippines,NA,Eastern Visayas,4440150,3,0,990,2
2020-08-02,Philippines,NA,Eastern Visayas,4440150,20,0,1010,2
2020-08-03,Philippines,NA,Eastern Visayas,4440150,73,0,1083,2
2020-08-04,Philippines,NA,Eastern Visayas,4440150,73,1,1156,3
2020-08-05,Philippines,NA,Eastern Visayas,4440150,67,0,1223,3
2020-08-06,Philippines,NA,Eastern Visayas,4440150,89,0,1312,3
2020-08-07,Philippines,NA,Eastern Visayas,4440150,31,1,1343,4
2020-08-08,Philippines,NA,Eastern Visayas,4440150,18,0,1361,4
2020-08-09,Philippines,NA,Eastern Visayas,4440150,25,0,1386,4
2020-08-10,Philippines,NA,Eastern Visayas,4440150,70,1,1456,5
2020-08-11,Philippines,NA,Eastern Visayas,4440150,54,0,1510,5
2020-08-12,Philippines,NA,Eastern Visayas,4440150,59,1,1569,6
2020-08-13,Philippines,NA,Eastern Visayas,4440150,55,0,1624,6
2020-08-14,Philippines,NA,Eastern Visayas,4440150,27,0,1651,6
2020-08-15,Philippines,NA,Eastern Visayas,4440150,20,1,1671,7
2020-08-16,Philippines,NA,Eastern Visayas,4440150,93,1,1764,8
2020-08-17,Philippines,NA,Eastern Visayas,4440150,135,0,1899,8
2020-08-18,Philippines,NA,Eastern Visayas,4440150,35,0,1934,8
2020-08-19,Philippines,NA,Eastern Visayas,4440150,129,0,2063,8
2020-08-20,Philippines,NA,Eastern Visayas,4440150,103,0,2166,8
2020-08-21,Philippines,NA,Eastern Visayas,4440150,151,0,2317,8
2020-08-22,Philippines,NA,Eastern Visayas,4440150,15,0,2332,8
2020-08-23,Philippines,NA,Eastern Visayas,4440150,42,0,2374,8
2020-08-24,Philippines,NA,Eastern Visayas,4440150,57,0,2431,8
2020-06-03,Philippines,NA,Ilocos Region,5026128,9,0,108,13
2020-06-04,Philippines,NA,Ilocos Region,5026128,1,0,109,13
2020-06-05,Philippines,NA,Ilocos Region,5026128,1,0,110,13
2020-06-07,Philippines,NA,Ilocos Region,5026128,1,0,111,13
2020-06-08,Philippines,NA,Ilocos Region,5026128,3,0,114,13
2020-06-09,Philippines,NA,Ilocos Region,5026128,1,0,115,13
2020-06-11,Philippines,NA,Ilocos Region,5026128,4,0,119,13
2020-06-12,Philippines,NA,Ilocos Region,5026128,0,0,119,13
2020-06-15,Philippines,NA,Ilocos Region,5026128,0,0,119,13
2020-06-16,Philippines,NA,Ilocos Region,5026128,4,0,123,13
2020-06-17,Philippines,NA,Ilocos Region,5026128,2,0,125,13
2020-06-18,Philippines,NA,Ilocos Region,5026128,2,0,127,13
2020-06-19,Philippines,NA,Ilocos Region,5026128,2,0,129,13
2020-06-20,Philippines,NA,Ilocos Region,5026128,4,0,133,13
2020-06-21,Philippines,NA,Ilocos Region,5026128,1,0,134,13
2020-06-22,Philippines,NA,Ilocos Region,5026128,7,0,141,13
2020-06-23,Philippines,NA,Ilocos Region,5026128,3,0,144,13
2020-06-24,Philippines,NA,Ilocos Region,5026128,5,0,149,13
2020-06-25,Philippines,NA,Ilocos Region,5026128,5,0,154,13
2020-06-26,Philippines,NA,Ilocos Region,5026128,3,0,157,13
2020-06-27,Philippines,NA,Ilocos Region,5026128,3,0,160,13
2020-06-29,Philippines,NA,Ilocos Region,5026128,8,1,168,14
2020-06-30,Philippines,NA,Ilocos Region,5026128,2,0,170,14
2020-07-01,Philippines,NA,Ilocos Region,5026128,4,0,174,14
2020-07-02,Philippines,NA,Ilocos Region,5026128,10,0,184,14
2020-07-03,Philippines,NA,Ilocos Region,5026128,3,0,187,14
2020-07-04,Philippines,NA,Ilocos Region,5026128,4,0,191,14
2020-07-05,Philippines,NA,Ilocos Region,5026128,0,0,191,14
2020-07-07,Philippines,NA,Ilocos Region,5026128,6,0,197,14
2020-07-08,Philippines,NA,Ilocos Region,5026128,4,0,201,14
2020-07-09,Philippines,NA,Ilocos Region,5026128,6,0,207,14
2020-07-10,Philippines,NA,Ilocos Region,5026128,1,0,208,14
2020-07-11,Philippines,NA,Ilocos Region,5026128,6,0,214,14
2020-07-12,Philippines,NA,Ilocos Region,5026128,6,1,220,15
2020-07-13,Philippines,NA,Ilocos Region,5026128,1,0,221,15
2020-07-14,Philippines,NA,Ilocos Region,5026128,34,0,255,15
2020-07-15,Philippines,NA,Ilocos Region,5026128,6,0,261,15
2020-07-16,Philippines,NA,Ilocos Region,5026128,16,0,277,15
2020-07-17,Philippines,NA,Ilocos Region,5026128,23,0,300,15
2020-07-18,Philippines,NA,Ilocos Region,5026128,25,1,325,16
2020-07-19,Philippines,NA,Ilocos Region,5026128,4,1,329,17
2020-07-20,Philippines,NA,Ilocos Region,5026128,13,0,342,17
2020-07-21,Philippines,NA,Ilocos Region,5026128,19,1,361,18
2020-07-22,Philippines,NA,Ilocos Region,5026128,39,0,400,18
2020-07-23,Philippines,NA,Ilocos Region,5026128,17,0,417,18
2020-07-24,Philippines,NA,Ilocos Region,5026128,20,0,437,18
2020-07-25,Philippines,NA,Ilocos Region,5026128,21,0,458,18
2020-07-26,Philippines,NA,Ilocos Region,5026128,9,0,467,18
2020-07-27,Philippines,NA,Ilocos Region,5026128,36,1,503,19
2020-07-28,Philippines,NA,Ilocos Region,5026128,27,0,530,19
2020-07-29,Philippines,NA,Ilocos Region,5026128,21,0,551,19
2020-07-30,Philippines,NA,Ilocos Region,5026128,20,1,571,20
2020-07-31,Philippines,NA,Ilocos Region,5026128,9,1,580,21
2020-08-01,Philippines,NA,Ilocos Region,5026128,16,0,596,21
2020-08-02,Philippines,NA,Ilocos Region,5026128,19,0,615,21
2020-08-03,Philippines,NA,Ilocos Region,5026128,33,0,648,21
2020-08-04,Philippines,NA,Ilocos Region,5026128,22,0,670,21
2020-08-05,Philippines,NA,Ilocos Region,5026128,33,0,703,21
2020-08-06,Philippines,NA,Ilocos Region,5026128,22,1,725,22
2020-08-07,Philippines,NA,Ilocos Region,5026128,26,0,751,22
2020-08-08,Philippines,NA,Ilocos Region,5026128,3,0,754,22
2020-08-09,Philippines,NA,Ilocos Region,5026128,42,0,796,22
2020-08-10,Philippines,NA,Ilocos Region,5026128,37,0,833,22
2020-08-11,Philippines,NA,Ilocos Region,5026128,16,0,849,22
2020-08-12,Philippines,NA,Ilocos Region,5026128,26,1,875,23
2020-08-13,Philippines,NA,Ilocos Region,5026128,19,0,894,23
2020-08-14,Philippines,NA,Ilocos Region,5026128,24,0,918,23
2020-08-15,Philippines,NA,Ilocos Region,5026128,5,0,923,23
2020-08-16,Philippines,NA,Ilocos Region,5026128,6,1,929,24
2020-08-17,Philippines,NA,Ilocos Region,5026128,26,1,955,25
2020-08-18,Philippines,NA,Ilocos Region,5026128,16,0,971,25
2020-08-19,Philippines,NA,Ilocos Region,5026128,21,1,992,26
2020-08-20,Philippines,NA,Ilocos Region,5026128,16,0,1008,26
2020-08-21,Philippines,NA,Ilocos Region,5026128,20,0,1028,26
2020-08-22,Philippines,NA,Ilocos Region,5026128,6,0,1034,26
2020-08-23,Philippines,NA,Ilocos Region,5026128,7,0,1041,26
2020-08-24,Philippines,NA,Ilocos Region,5026128,6,0,1047,26
2020-03-07,Philippines,NA,Metro Manila,12877253,108,0,143,0
2020-03-08,Philippines,NA,Metro Manila,12877253,362,0,505,0
2020-03-09,Philippines,NA,Metro Manila,12877253,20,0,525,0
2020-03-10,Philippines,NA,Metro Manila,12877253,40,0,565,0
2020-03-11,Philippines,NA,Metro Manila,12877253,80,2,645,2
2020-03-12,Philippines,NA,Metro Manila,12877253,136,4,781,6
2020-03-13,Philippines,NA,Metro Manila,12877253,120,4,901,10
2020-03-14,Philippines,NA,Metro Manila,12877253,192,2,1093,12
2020-03-15,Philippines,NA,Metro Manila,12877253,204,6,1297,18
2020-03-16,Philippines,NA,Metro Manila,12877253,184,8,1481,26
2020-03-17,Philippines,NA,Metro Manila,12877253,204,14,1685,40
2020-03-18,Philippines,NA,Metro Manila,12877253,218,20,1903,60
2020-03-19,Philippines,NA,Metro Manila,12877253,203,22,2106,82
2020-03-20,Philippines,NA,Metro Manila,12877253,207,16,2313,98
2020-03-21,Philippines,NA,Metro Manila,12877253,236,22,2549,120
2020-03-22,Philippines,NA,Metro Manila,12877253,190,46,2739,166
2020-03-23,Philippines,NA,Metro Manila,12877253,296,52,3035,218
2020-03-24,Philippines,NA,Metro Manila,12877253,266,32,3301,250
2020-03-25,Philippines,NA,Metro Manila,12877253,296,26,3597,276
2020-03-26,Philippines,NA,Metro Manila,12877253,240,56,3837,332
2020-03-27,Philippines,NA,Metro Manila,12877253,314,62,4151,394
2020-03-28,Philippines,NA,Metro Manila,12877253,287,52,4438,446
2020-03-29,Philippines,NA,Metro Manila,12877253,238,42,4676,488
2020-03-30,Philippines,NA,Metro Manila,12877253,247,60,4923,548
2020-03-31,Philippines,NA,Metro Manila,12877253,329,40,5252,588
2020-04-01,Philippines,NA,Metro Manila,12877253,337,49,5589,637
2020-04-02,Philippines,NA,Metro Manila,12877253,425,41,6014,678
2020-04-03,Philippines,NA,Metro Manila,12877253,221,28,6235,706
2020-04-04,Philippines,NA,Metro Manila,12877253,272,36,6507,742
2020-04-05,Philippines,NA,Metro Manila,12877253,207,30,6714,772
2020-04-06,Philippines,NA,Metro Manila,12877253,359,37,7073,809
2020-04-07,Philippines,NA,Metro Manila,12877253,413,24,7486,833
2020-04-08,Philippines,NA,Metro Manila,12877253,483,32,7969,865
2020-04-09,Philippines,NA,Metro Manila,12877253,443,18,8412,883
2020-04-10,Philippines,NA,Metro Manila,12877253,392,25,8804,908
2020-04-11,Philippines,NA,Metro Manila,12877253,392,40,9196,948
2020-04-12,Philippines,NA,Metro Manila,12877253,300,30,9496,978
2020-04-13,Philippines,NA,Metro Manila,12877253,287,45,9783,1023
2020-04-14,Philippines,NA,Metro Manila,12877253,249,22,10032,1045
2020-04-15,Philippines,NA,Metro Manila,12877253,280,32,10312,1077
2020-04-16,Philippines,NA,Metro Manila,12877253,296,8,10608,1085
2020-04-17,Philippines,NA,Metro Manila,12877253,268,14,10876,1099
2020-04-18,Philippines,NA,Metro Manila,12877253,189,26,11065,1125
2020-04-19,Philippines,NA,Metro Manila,12877253,106,16,11171,1141
2020-04-20,Philippines,NA,Metro Manila,12877253,261,24,11432,1165
2020-04-21,Philippines,NA,Metro Manila,12877253,243,20,11675,1185
2020-04-22,Philippines,NA,Metro Manila,12877253,259,18,11934,1203
2020-04-23,Philippines,NA,Metro Manila,12877253,190,32,12124,1235
2020-04-24,Philippines,NA,Metro Manila,12877253,236,14,12360,1249
2020-04-25,Philippines,NA,Metro Manila,12877253,267,12,12627,1261
2020-04-26,Philippines,NA,Metro Manila,12877253,168,9,12795,1270
2020-04-27,Philippines,NA,Metro Manila,12877253,260,27,13055,1297
2020-04-28,Philippines,NA,Metro Manila,12877253,287,2,13342,1299
2020-04-29,Philippines,NA,Metro Manila,12877253,295,10,13637,1309
2020-04-30,Philippines,NA,Metro Manila,12877253,303,14,13940,1323
2020-05-01,Philippines,NA,Metro Manila,12877253,218,6,14158,1329
2020-05-02,Philippines,NA,Metro Manila,12877253,123,20,14281,1349
2020-05-03,Philippines,NA,Metro Manila,12877253,119,8,14400,1357
2020-05-04,Philippines,NA,Metro Manila,12877253,296,11,14696,1368
2020-05-05,Philippines,NA,Metro Manila,12877253,354,12,15050,1380
2020-05-06,Philippines,NA,Metro Manila,12877253,348,18,15398,1398
2020-05-07,Philippines,NA,Metro Manila,12877253,274,10,15672,1408
2020-05-08,Philippines,NA,Metro Manila,12877253,534,16,16206,1424
2020-05-09,Philippines,NA,Metro Manila,12877253,164,17,16370,1441
2020-05-10,Philippines,NA,Metro Manila,12877253,168,8,16538,1449
2020-05-11,Philippines,NA,Metro Manila,12877253,348,21,16886,1470
2020-05-12,Philippines,NA,Metro Manila,12877253,323,8,17209,1478
2020-05-13,Philippines,NA,Metro Manila,12877253,248,9,17457,1487
2020-05-14,Philippines,NA,Metro Manila,12877253,399,18,17856,1505
2020-05-15,Philippines,NA,Metro Manila,12877253,371,12,18227,1517
2020-05-16,Philippines,NA,Metro Manila,12877253,211,12,18438,1529
2020-05-17,Philippines,NA,Metro Manila,12877253,163,4,18601,1533
2020-05-18,Philippines,NA,Metro Manila,12877253,438,2,19039,1535
2020-05-19,Philippines,NA,Metro Manila,12877253,503,17,19542,1552
2020-05-20,Philippines,NA,Metro Manila,12877253,479,8,20021,1560
2020-05-21,Philippines,NA,Metro Manila,12877253,431,6,20452,1566
2020-05-22,Philippines,NA,Metro Manila,12877253,469,22,20921,1588
2020-05-23,Philippines,NA,Metro Manila,12877253,286,10,21207,1598
2020-05-24,Philippines,NA,Metro Manila,12877253,119,4,21326,1602
2020-05-25,Philippines,NA,Metro Manila,12877253,234,8,21560,1610
2020-05-26,Philippines,NA,Metro Manila,12877253,404,8,21964,1618
2020-05-27,Philippines,NA,Metro Manila,12877253,469,4,22433,1622
2020-05-28,Philippines,NA,Metro Manila,12877253,462,6,22895,1628
2020-05-29,Philippines,NA,Metro Manila,12877253,330,8,23225,1636
2020-05-30,Philippines,NA,Metro Manila,12877253,209,4,23434,1640
2020-05-31,Philippines,NA,Metro Manila,12877253,126,2,23560,1642
2020-06-01,Philippines,NA,Metro Manila,12877253,397,6,23957,1648
2020-06-02,Philippines,NA,Metro Manila,12877253,410,9,24367,1657
2020-06-03,Philippines,NA,Metro Manila,12877253,471,6,24838,1663
2020-06-04,Philippines,NA,Metro Manila,12877253,482,6,25320,1669
2020-06-05,Philippines,NA,Metro Manila,12877253,374,12,25694,1681
2020-06-06,Philippines,NA,Metro Manila,12877253,216,4,25910,1685
2020-06-07,Philippines,NA,Metro Manila,12877253,160,6,26070,1691
2020-06-08,Philippines,NA,Metro Manila,12877253,764,12,26834,1703
2020-06-09,Philippines,NA,Metro Manila,12877253,511,8,27345,1711
2020-06-10,Philippines,NA,Metro Manila,12877253,473,15,27818,1726
2020-06-11,Philippines,NA,Metro Manila,12877253,672,4,28490,1730
2020-06-12,Philippines,NA,Metro Manila,12877253,280,6,28770,1736
2020-06-13,Philippines,NA,Metro Manila,12877253,278,14,29048,1750
2020-06-14,Philippines,NA,Metro Manila,12877253,270,15,29318,1765
2020-06-15,Philippines,NA,Metro Manila,12877253,734,8,30052,1773
2020-06-16,Philippines,NA,Metro Manila,12877253,569,12,30621,1785
2020-06-17,Philippines,NA,Metro Manila,12877253,636,18,31257,1803
2020-06-18,Philippines,NA,Metro Manila,12877253,722,6,31979,1809
2020-06-19,Philippines,NA,Metro Manila,12877253,771,4,32750,1813
2020-06-20,Philippines,NA,Metro Manila,12877253,727,12,33477,1825
2020-06-21,Philippines,NA,Metro Manila,12877253,318,10,33795,1835
2020-06-22,Philippines,NA,Metro Manila,12877253,946,16,34741,1851
2020-06-23,Philippines,NA,Metro Manila,12877253,928,14,35669,1865
2020-06-24,Philippines,NA,Metro Manila,12877253,1056,9,36725,1874
2020-06-25,Philippines,NA,Metro Manila,12877253,1462,10,38187,1884
2020-06-26,Philippines,NA,Metro Manila,12877253,966,7,39153,1891
2020-06-27,Philippines,NA,Metro Manila,12877253,727,12,39880,1903
2020-06-28,Philippines,NA,Metro Manila,12877253,543,7,40423,1910
2020-06-29,Philippines,NA,Metro Manila,12877253,1890,8,42313,1918
2020-06-30,Philippines,NA,Metro Manila,12877253,1960,15,44273,1933
2020-07-01,Philippines,NA,Metro Manila,12877253,1960,13,46233,1946
2020-07-02,Philippines,NA,Metro Manila,12877253,1845,11,48078,1957
2020-07-03,Philippines,NA,Metro Manila,12877253,1931,12,50009,1969
2020-07-04,Philippines,NA,Metro Manila,12877253,1190,14,51199,1983
2020-07-05,Philippines,NA,Metro Manila,12877253,933,10,52132,1993
2020-07-06,Philippines,NA,Metro Manila,12877253,2321,6,54453,1999
2020-07-07,Philippines,NA,Metro Manila,12877253,2336,14,56789,2013
2020-07-08,Philippines,NA,Metro Manila,12877253,2346,6,59135,2019
2020-07-09,Philippines,NA,Metro Manila,12877253,3192,2,62327,2021
2020-07-10,Philippines,NA,Metro Manila,12877253,2473,8,64800,2029
2020-07-11,Philippines,NA,Metro Manila,12877253,2016,12,66816,2041
2020-07-12,Philippines,NA,Metro Manila,12877253,1265,14,68081,2055
2020-07-13,Philippines,NA,Metro Manila,12877253,2745,12,70826,2067
2020-07-14,Philippines,NA,Metro Manila,12877253,2520,16,73346,2083
2020-07-15,Philippines,NA,Metro Manila,12877253,3351,12,76697,2095
2020-07-16,Philippines,NA,Metro Manila,12877253,3557,20,80254,2115
2020-07-17,Philippines,NA,Metro Manila,12877253,4003,25,84257,2140
2020-07-18,Philippines,NA,Metro Manila,12877253,2328,39,86585,2179
2020-07-19,Philippines,NA,Metro Manila,12877253,1208,12,87793,2191
2020-07-20,Philippines,NA,Metro Manila,12877253,3473,8,91266,2199
2020-07-21,Philippines,NA,Metro Manila,12877253,4032,15,95298,2214
2020-07-22,Philippines,NA,Metro Manila,12877253,4391,29,99689,2243
2020-07-23,Philippines,NA,Metro Manila,12877253,4273,25,103962,2268
2020-07-24,Philippines,NA,Metro Manila,12877253,4336,33,108298,2301
2020-07-25,Philippines,NA,Metro Manila,12877253,2489,15,110787,2316
2020-07-26,Philippines,NA,Metro Manila,12877253,1478,14,112265,2330
2020-07-27,Philippines,NA,Metro Manila,12877253,5041,31,117306,2361
2020-07-28,Philippines,NA,Metro Manila,12877253,4189,34,121495,2395
2020-07-29,Philippines,NA,Metro Manila,12877253,3763,28,125258,2423
2020-07-30,Philippines,NA,Metro Manila,12877253,4023,29,129281,2452
2020-07-31,Philippines,NA,Metro Manila,12877253,3063,22,132344,2474
2020-08-01,Philippines,NA,Metro Manila,12877253,1924,34,134268,2508
2020-08-02,Philippines,NA,Metro Manila,12877253,1270,28,135538,2536
2020-08-03,Philippines,NA,Metro Manila,12877253,4251,22,139789,2558
2020-08-04,Philippines,NA,Metro Manila,12877253,4617,32,144406,2590
2020-08-05,Philippines,NA,Metro Manila,12877253,4016,34,148422,2624
2020-08-06,Philippines,NA,Metro Manila,12877253,4855,44,153277,2668
2020-08-07,Philippines,NA,Metro Manila,12877253,4693,34,157970,2702
2020-08-08,Philippines,NA,Metro Manila,12877253,2750,16,160720,2718
2020-08-09,Philippines,NA,Metro Manila,12877253,1660,30,162380,2748
2020-08-10,Philippines,NA,Metro Manila,12877253,4946,26,167326,2774
2020-08-11,Philippines,NA,Metro Manila,12877253,5161,46,172487,2820
2020-08-12,Philippines,NA,Metro Manila,12877253,4864,36,177351,2856
2020-08-13,Philippines,NA,Metro Manila,12877253,4060,32,181411,2888
2020-08-14,Philippines,NA,Metro Manila,12877253,4093,24,185504,2912
2020-08-15,Philippines,NA,Metro Manila,12877253,1910,24,187414,2936
2020-08-16,Philippines,NA,Metro Manila,12877253,1188,24,188602,2960
2020-08-17,Philippines,NA,Metro Manila,12877253,4475,18,193077,2978
2020-08-18,Philippines,NA,Metro Manila,12877253,4010,14,197087,2992
2020-08-19,Philippines,NA,Metro Manila,12877253,3760,14,200847,3006
2020-08-20,Philippines,NA,Metro Manila,12877253,3442,14,204289,3020
2020-08-21,Philippines,NA,Metro Manila,12877253,2652,2,206941,3022
2020-08-22,Philippines,NA,Metro Manila,12877253,1442,6,208383,3028
2020-08-23,Philippines,NA,Metro Manila,12877253,448,0,208831,3028
2020-08-24,Philippines,NA,Metro Manila,12877253,314,8,209145,3036
2020-08-25,Philippines,NA,Metro Manila,12877253,30,0,209175,3036
2020-06-20,Philippines,NA,Mimaropa,2963360,3,1,102,5
2020-06-22,Philippines,NA,Mimaropa,2963360,6,0,108,5
2020-06-23,Philippines,NA,Mimaropa,2963360,8,0,116,5
2020-06-24,Philippines,NA,Mimaropa,2963360,2,0,118,5
2020-06-25,Philippines,NA,Mimaropa,2963360,2,0,120,5
2020-06-26,Philippines,NA,Mimaropa,2963360,3,0,123,5
2020-06-27,Philippines,NA,Mimaropa,2963360,2,0,125,5
2020-06-28,Philippines,NA,Mimaropa,2963360,2,0,127,5
2020-06-29,Philippines,NA,Mimaropa,2963360,8,0,135,5
2020-06-30,Philippines,NA,Mimaropa,2963360,3,0,138,5
2020-07-01,Philippines,NA,Mimaropa,2963360,3,0,141,5
2020-07-02,Philippines,NA,Mimaropa,2963360,4,0,145,5
2020-07-03,Philippines,NA,Mimaropa,2963360,3,0,148,5
2020-07-04,Philippines,NA,Mimaropa,2963360,4,0,152,5
2020-07-05,Philippines,NA,Mimaropa,2963360,2,0,154,5
2020-07-06,Philippines,NA,Mimaropa,2963360,4,0,158,5
2020-07-07,Philippines,NA,Mimaropa,2963360,3,0,161,5
2020-07-08,Philippines,NA,Mimaropa,2963360,7,0,168,5
2020-07-09,Philippines,NA,Mimaropa,2963360,3,0,171,5
2020-07-10,Philippines,NA,Mimaropa,2963360,2,0,173,5
2020-07-12,Philippines,NA,Mimaropa,2963360,5,0,178,5
2020-07-13,Philippines,NA,Mimaropa,2963360,4,0,182,5
2020-07-14,Philippines,NA,Mimaropa,2963360,8,0,190,5
2020-07-15,Philippines,NA,Mimaropa,2963360,4,0,194,5
2020-07-16,Philippines,NA,Mimaropa,2963360,6,0,200,5
2020-07-17,Philippines,NA,Mimaropa,2963360,20,0,220,5
2020-07-18,Philippines,NA,Mimaropa,2963360,8,0,228,5
2020-07-19,Philippines,NA,Mimaropa,2963360,0,0,228,5
2020-07-20,Philippines,NA,Mimaropa,2963360,5,1,233,6
2020-07-21,Philippines,NA,Mimaropa,2963360,5,0,238,6
2020-07-22,Philippines,NA,Mimaropa,2963360,19,0,257,6
2020-07-23,Philippines,NA,Mimaropa,2963360,6,0,263,6
2020-07-24,Philippines,NA,Mimaropa,2963360,7,0,270,6
2020-07-25,Philippines,NA,Mimaropa,2963360,2,0,272,6
2020-07-26,Philippines,NA,Mimaropa,2963360,8,0,280,6
2020-07-27,Philippines,NA,Mimaropa,2963360,12,0,292,6
2020-07-28,Philippines,NA,Mimaropa,2963360,20,0,312,6
2020-07-29,Philippines,NA,Mimaropa,2963360,9,0,321,6
2020-07-30,Philippines,NA,Mimaropa,2963360,15,0,336,6
2020-07-31,Philippines,NA,Mimaropa,2963360,2,0,338,6
2020-08-01,Philippines,NA,Mimaropa,2963360,17,0,355,6
2020-08-02,Philippines,NA,Mimaropa,2963360,4,0,359,6
2020-08-03,Philippines,NA,Mimaropa,2963360,26,0,385,6
2020-08-04,Philippines,NA,Mimaropa,2963360,12,0,397,6
2020-08-05,Philippines,NA,Mimaropa,2963360,25,0,422,6
2020-08-06,Philippines,NA,Mimaropa,2963360,18,0,440,6
2020-08-07,Philippines,NA,Mimaropa,2963360,15,0,455,6
2020-08-08,Philippines,NA,Mimaropa,2963360,6,0,461,6
2020-08-09,Philippines,NA,Mimaropa,2963360,43,0,504,6
2020-08-10,Philippines,NA,Mimaropa,2963360,14,0,518,6
2020-08-11,Philippines,NA,Mimaropa,2963360,14,0,532,6
2020-08-12,Philippines,NA,Mimaropa,2963360,10,0,542,6
2020-08-13,Philippines,NA,Mimaropa,2963360,11,0,553,6
2020-08-14,Philippines,NA,Mimaropa,2963360,8,0,561,6
2020-08-15,Philippines,NA,Mimaropa,2963360,17,0,578,6
2020-08-16,Philippines,NA,Mimaropa,2963360,3,0,581,6
2020-08-17,Philippines,NA,Mimaropa,2963360,20,0,601,6
2020-08-18,Philippines,NA,Mimaropa,2963360,22,1,623,7
2020-08-19,Philippines,NA,Mimaropa,2963360,21,0,644,7
2020-08-20,Philippines,NA,Mimaropa,2963360,4,0,648,7
2020-08-21,Philippines,NA,Mimaropa,2963360,5,0,653,7
2020-08-22,Philippines,NA,Mimaropa,2963360,3,0,656,7
2020-08-23,Philippines,NA,Mimaropa,2963360,1,0,657,7
2020-06-21,Philippines,NA,Northern Mindanao,4689302,13,0,104,10
2020-06-22,Philippines,NA,Northern Mindanao,4689302,3,0,107,10
2020-06-23,Philippines,NA,Northern Mindanao,4689302,9,0,116,10
2020-06-24,Philippines,NA,Northern Mindanao,4689302,13,0,129,10
2020-06-25,Philippines,NA,Northern Mindanao,4689302,9,0,138,10
2020-06-26,Philippines,NA,Northern Mindanao,4689302,12,0,150,10
2020-06-27,Philippines,NA,Northern Mindanao,4689302,5,0,155,10
2020-06-28,Philippines,NA,Northern Mindanao,4689302,16,0,171,10
2020-06-29,Philippines,NA,Northern Mindanao,4689302,14,0,185,10
2020-06-30,Philippines,NA,Northern Mindanao,4689302,32,0,217,10
2020-07-01,Philippines,NA,Northern Mindanao,4689302,16,0,233,10
2020-07-02,Philippines,NA,Northern Mindanao,4689302,25,0,258,10
2020-07-03,Philippines,NA,Northern Mindanao,4689302,16,0,274,10
2020-07-04,Philippines,NA,Northern Mindanao,4689302,7,0,281,10
2020-07-05,Philippines,NA,Northern Mindanao,4689302,12,0,293,10
2020-07-06,Philippines,NA,Northern Mindanao,4689302,19,0,312,10
2020-07-07,Philippines,NA,Northern Mindanao,4689302,11,0,323,10
2020-07-08,Philippines,NA,Northern Mindanao,4689302,15,0,338,10
2020-07-09,Philippines,NA,Northern Mindanao,4689302,17,0,355,10
2020-07-10,Philippines,NA,Northern Mindanao,4689302,23,0,378,10
2020-07-11,Philippines,NA,Northern Mindanao,4689302,9,1,387,11
2020-07-12,Philippines,NA,Northern Mindanao,4689302,14,0,401,11
2020-07-13,Philippines,NA,Northern Mindanao,4689302,13,0,414,11
2020-07-14,Philippines,NA,Northern Mindanao,4689302,20,1,434,12
2020-07-15,Philippines,NA,Northern Mindanao,4689302,10,0,444,12
2020-07-16,Philippines,NA,Northern Mindanao,4689302,17,0,461,12
2020-07-17,Philippines,NA,Northern Mindanao,4689302,19,0,480,12
2020-07-18,Philippines,NA,Northern Mindanao,4689302,7,0,487,12
2020-07-19,Philippines,NA,Northern Mindanao,4689302,3,0,490,12
2020-07-20,Philippines,NA,Northern Mindanao,4689302,10,0,500,12
2020-07-21,Philippines,NA,Northern Mindanao,4689302,14,0,514,12
2020-07-22,Philippines,NA,Northern Mindanao,4689302,15,0,529,12
2020-07-23,Philippines,NA,Northern Mindanao,4689302,15,0,544,12
2020-07-24,Philippines,NA,Northern Mindanao,4689302,11,0,555,12
2020-07-25,Philippines,NA,Northern Mindanao,4689302,12,0,567,12
2020-07-26,Philippines,NA,Northern Mindanao,4689302,9,0,576,12
2020-07-27,Philippines,NA,Northern Mindanao,4689302,30,0,606,12
2020-07-28,Philippines,NA,Northern Mindanao,4689302,16,0,622,12
2020-07-29,Philippines,NA,Northern Mindanao,4689302,29,0,651,12
2020-07-30,Philippines,NA,Northern Mindanao,4689302,15,0,666,12
2020-07-31,Philippines,NA,Northern Mindanao,4689302,36,0,702,12
2020-08-01,Philippines,NA,Northern Mindanao,4689302,23,0,725,12
2020-08-02,Philippines,NA,Northern Mindanao,4689302,12,0,737,12
2020-08-03,Philippines,NA,Northern Mindanao,4689302,20,0,757,12
2020-08-04,Philippines,NA,Northern Mindanao,4689302,19,1,776,13
2020-08-05,Philippines,NA,Northern Mindanao,4689302,31,0,807,13
2020-08-06,Philippines,NA,Northern Mindanao,4689302,27,0,834,13
2020-08-07,Philippines,NA,Northern Mindanao,4689302,42,0,876,13
2020-08-08,Philippines,NA,Northern Mindanao,4689302,26,0,902,13
2020-08-09,Philippines,NA,Northern Mindanao,4689302,8,0,910,13
2020-08-10,Philippines,NA,Northern Mindanao,4689302,40,0,950,13
2020-08-11,Philippines,NA,Northern Mindanao,4689302,37,1,987,14
2020-08-12,Philippines,NA,Northern Mindanao,4689302,30,0,1017,14
2020-08-13,Philippines,NA,Northern Mindanao,4689302,35,1,1052,15
2020-08-14,Philippines,NA,Northern Mindanao,4689302,56,0,1108,15
2020-08-15,Philippines,NA,Northern Mindanao,4689302,38,1,1146,16
2020-08-16,Philippines,NA,Northern Mindanao,4689302,26,0,1172,16
2020-08-17,Philippines,NA,Northern Mindanao,4689302,23,0,1195,16
2020-08-18,Philippines,NA,Northern Mindanao,4689302,26,0,1221,16
2020-08-19,Philippines,NA,Northern Mindanao,4689302,29,0,1250,16
2020-08-20,Philippines,NA,Northern Mindanao,4689302,45,1,1295,17
2020-08-21,Philippines,NA,Northern Mindanao,4689302,29,0,1324,17
2020-08-22,Philippines,NA,Northern Mindanao,4689302,18,0,1342,17
2020-08-23,Philippines,NA,Northern Mindanao,4689302,21,0,1363,17
2020-08-24,Philippines,NA,Northern Mindanao,4689302,6,0,1369,17
2020-07-08,Philippines,NA,Soccsksargen,4245838,6,0,104,2
2020-07-09,Philippines,NA,Soccsksargen,4245838,20,0,124,2
2020-07-10,Philippines,NA,Soccsksargen,4245838,11,0,135,2
2020-07-11,Philippines,NA,Soccsksargen,4245838,11,0,146,2
2020-07-12,Philippines,NA,Soccsksargen,4245838,8,0,154,2
2020-07-13,Philippines,NA,Soccsksargen,4245838,10,0,164,2
2020-07-14,Philippines,NA,Soccsksargen,4245838,23,0,187,2
2020-07-15,Philippines,NA,Soccsksargen,4245838,28,0,215,2
2020-07-16,Philippines,NA,Soccsksargen,4245838,9,0,224,2
2020-07-17,Philippines,NA,Soccsksargen,4245838,17,0,241,2
2020-07-18,Philippines,NA,Soccsksargen,4245838,1,0,242,2
2020-07-19,Philippines,NA,Soccsksargen,4245838,10,0,252,2
2020-07-20,Philippines,NA,Soccsksargen,4245838,15,0,267,2
2020-07-21,Philippines,NA,Soccsksargen,4245838,20,0,287,2
2020-07-22,Philippines,NA,Soccsksargen,4245838,14,0,301,2
2020-07-23,Philippines,NA,Soccsksargen,4245838,8,0,309,2
2020-07-24,Philippines,NA,Soccsksargen,4245838,6,1,315,3
2020-07-25,Philippines,NA,Soccsksargen,4245838,10,0,325,3
2020-07-26,Philippines,NA,Soccsksargen,4245838,2,0,327,3
2020-07-27,Philippines,NA,Soccsksargen,4245838,12,0,339,3
2020-07-28,Philippines,NA,Soccsksargen,4245838,22,0,361,3
2020-07-29,Philippines,NA,Soccsksargen,4245838,22,0,383,3
2020-07-30,Philippines,NA,Soccsksargen,4245838,11,0,394,3
2020-07-31,Philippines,NA,Soccsksargen,4245838,5,0,399,3
2020-08-01,Philippines,NA,Soccsksargen,4245838,3,0,402,3
2020-08-02,Philippines,NA,Soccsksargen,4245838,0,0,402,3
2020-08-03,Philippines,NA,Soccsksargen,4245838,8,0,410,3
2020-08-04,Philippines,NA,Soccsksargen,4245838,11,0,421,3
2020-08-05,Philippines,NA,Soccsksargen,4245838,11,0,432,3
2020-08-06,Philippines,NA,Soccsksargen,4245838,4,0,436,3
2020-08-07,Philippines,NA,Soccsksargen,4245838,7,0,443,3
2020-08-08,Philippines,NA,Soccsksargen,4245838,3,0,446,3
2020-08-09,Philippines,NA,Soccsksargen,4245838,3,0,449,3
2020-08-10,Philippines,NA,Soccsksargen,4245838,12,0,461,3
2020-08-11,Philippines,NA,Soccsksargen,4245838,10,0,471,3
2020-08-12,Philippines,NA,Soccsksargen,4245838,12,0,483,3
2020-08-13,Philippines,NA,Soccsksargen,4245838,11,1,494,4
2020-08-14,Philippines,NA,Soccsksargen,4245838,9,0,503,4
2020-08-15,Philippines,NA,Soccsksargen,4245838,12,0,515,4
2020-08-16,Philippines,NA,Soccsksargen,4245838,1,0,516,4
2020-08-17,Philippines,NA,Soccsksargen,4245838,11,0,527,4
2020-08-18,Philippines,NA,Soccsksargen,4245838,12,0,539,4
2020-08-19,Philippines,NA,Soccsksargen,4245838,9,0,548,4
2020-08-20,Philippines,NA,Soccsksargen,4245838,9,0,557,4
2020-08-21,Philippines,NA,Soccsksargen,4245838,11,0,568,4
2020-08-22,Philippines,NA,Soccsksargen,4245838,5,0,573,4
2020-08-23,Philippines,NA,Soccsksargen,4245838,1,0,574,4
2020-08-24,Philippines,NA,Soccsksargen,4245838,6,0,580,4
2020-06-08,Philippines,NA,Western Visayas,7536383,9,0,106,10
2020-06-09,Philippines,NA,Western Visayas,7536383,2,0,108,10
2020-06-10,Philippines,NA,Western Visayas,7536383,1,0,109,10
2020-06-11,Philippines,NA,Western Visayas,7536383,3,0,112,10
2020-06-12,Philippines,NA,Western Visayas,7536383,3,0,115,10
2020-06-13,Philippines,NA,Western Visayas,7536383,2,0,117,10
2020-06-15,Philippines,NA,Western Visayas,7536383,5,0,122,10
2020-06-16,Philippines,NA,Western Visayas,7536383,17,0,139,10
2020-06-17,Philippines,NA,Western Visayas,7536383,15,0,154,10
2020-06-18,Philippines,NA,Western Visayas,7536383,33,0,187,10
2020-06-19,Philippines,NA,Western Visayas,7536383,9,0,196,10
2020-06-20,Philippines,NA,Western Visayas,7536383,4,0,200,10
2020-06-21,Philippines,NA,Western Visayas,7536383,16,0,216,10
2020-06-22,Philippines,NA,Western Visayas,7536383,20,0,236,10
2020-06-23,Philippines,NA,Western Visayas,7536383,40,0,276,10
2020-06-24,Philippines,NA,Western Visayas,7536383,15,0,291,10
2020-06-25,Philippines,NA,Western Visayas,7536383,26,0,317,10
2020-06-26,Philippines,NA,Western Visayas,7536383,23,0,340,10
2020-06-27,Philippines,NA,Western Visayas,7536383,31,0,371,10
2020-06-28,Philippines,NA,Western Visayas,7536383,23,0,394,10
2020-06-29,Philippines,NA,Western Visayas,7536383,125,0,519,10
2020-06-30,Philippines,NA,Western Visayas,7536383,38,0,557,10
2020-07-01,Philippines,NA,Western Visayas,7536383,23,0,580,10
2020-07-02,Philippines,NA,Western Visayas,7536383,39,0,619,10
2020-07-03,Philippines,NA,Western Visayas,7536383,22,0,641,10
2020-07-04,Philippines,NA,Western Visayas,7536383,12,0,653,10
2020-07-05,Philippines,NA,Western Visayas,7536383,7,0,660,10
2020-07-06,Philippines,NA,Western Visayas,7536383,15,0,675,10
2020-07-07,Philippines,NA,Western Visayas,7536383,18,2,693,12
2020-07-08,Philippines,NA,Western Visayas,7536383,18,0,711,12
2020-07-09,Philippines,NA,Western Visayas,7536383,23,0,734,12
2020-07-10,Philippines,NA,Western Visayas,7536383,21,0,755,12
2020-07-11,Philippines,NA,Western Visayas,7536383,13,0,768,12
2020-07-12,Philippines,NA,Western Visayas,7536383,7,0,775,12
2020-07-13,Philippines,NA,Western Visayas,7536383,6,0,781,12
2020-07-14,Philippines,NA,Western Visayas,7536383,24,0,805,12
2020-07-15,Philippines,NA,Western Visayas,7536383,25,1,830,13
2020-07-16,Philippines,NA,Western Visayas,7536383,15,0,845,13
2020-07-17,Philippines,NA,Western Visayas,7536383,74,1,919,14
2020-07-18,Philippines,NA,Western Visayas,7536383,27,0,946,14
2020-07-19,Philippines,NA,Western Visayas,7536383,22,1,968,15
2020-07-20,Philippines,NA,Western Visayas,7536383,45,0,1013,15
2020-07-21,Philippines,NA,Western Visayas,7536383,90,0,1103,15
2020-07-22,Philippines,NA,Western Visayas,7536383,50,0,1153,15
2020-07-23,Philippines,NA,Western Visayas,7536383,55,0,1208,15
2020-07-24,Philippines,NA,Western Visayas,7536383,43,0,1251,15
2020-07-25,Philippines,NA,Western Visayas,7536383,63,0,1314,15
2020-07-26,Philippines,NA,Western Visayas,7536383,29,0,1343,15
2020-07-27,Philippines,NA,Western Visayas,7536383,84,1,1427,16
2020-07-28,Philippines,NA,Western Visayas,7536383,134,1,1561,17
2020-07-29,Philippines,NA,Western Visayas,7536383,37,1,1598,18
2020-07-30,Philippines,NA,Western Visayas,7536383,72,1,1670,19
2020-07-31,Philippines,NA,Western Visayas,7536383,47,1,1717,20
2020-08-01,Philippines,NA,Western Visayas,7536383,61,0,1778,20
2020-08-02,Philippines,NA,Western Visayas,7536383,34,1,1812,21
2020-08-03,Philippines,NA,Western Visayas,7536383,148,1,1960,22
2020-08-04,Philippines,NA,Western Visayas,7536383,100,2,2060,24
2020-08-05,Philippines,NA,Western Visayas,7536383,84,2,2144,26
2020-08-06,Philippines,NA,Western Visayas,7536383,239,2,2383,28
2020-08-07,Philippines,NA,Western Visayas,7536383,221,2,2604,30
2020-08-08,Philippines,NA,Western Visayas,7536383,157,2,2761,32
2020-08-09,Philippines,NA,Western Visayas,7536383,56,2,2817,34
2020-08-10,Philippines,NA,Western Visayas,7536383,226,3,3043,37
2020-08-11,Philippines,NA,Western Visayas,7536383,164,1,3207,38
2020-08-12,Philippines,NA,Western Visayas,7536383,74,1,3281,39
2020-08-13,Philippines,NA,Western Visayas,7536383,142,2,3423,41
2020-08-14,Philippines,NA,Western Visayas,7536383,201,3,3624,44
2020-08-15,Philippines,NA,Western Visayas,7536383,101,2,3725,46
2020-08-16,Philippines,NA,Western Visayas,7536383,65,2,3790,48
2020-08-17,Philippines,NA,Western Visayas,7536383,186,0,3976,48
2020-08-18,Philippines,NA,Western Visayas,7536383,176,1,4152,49
2020-08-19,Philippines,NA,Western Visayas,7536383,165,1,4317,50
2020-08-20,Philippines,NA,Western Visayas,7536383,158,1,4475,51
2020-08-21,Philippines,NA,Western Visayas,7536383,113,0,4588,51
2020-08-22,Philippines,NA,Western Visayas,7536383,56,0,4644,51
2020-08-23,Philippines,NA,Western Visayas,7536383,31,0,4675,51
2020-08-24,Philippines,NA,Western Visayas,7536383,24,0,4699,51
2020-08-25,Philippines,NA,Western Visayas,7536383,9,0,4708,51
2020-05-08,Philippines,NA,Zamboanga Peninsula,3629783,34,0,105,4
2020-05-09,Philippines,NA,Zamboanga Peninsula,3629783,1,0,106,4
2020-05-11,Philippines,NA,Zamboanga Peninsula,3629783,23,0,129,4
2020-05-12,Philippines,NA,Zamboanga Peninsula,3629783,2,0,131,4
2020-05-13,Philippines,NA,Zamboanga Peninsula,3629783,16,0,147,4
2020-05-17,Philippines,NA,Zamboanga Peninsula,3629783,0,0,147,4
2020-05-20,Philippines,NA,Zamboanga Peninsula,3629783,2,0,149,4
2020-05-22,Philippines,NA,Zamboanga Peninsula,3629783,7,0,156,4
2020-05-23,Philippines,NA,Zamboanga Peninsula,3629783,1,0,157,4
2020-05-25,Philippines,NA,Zamboanga Peninsula,3629783,1,1,158,5
2020-05-28,Philippines,NA,Zamboanga Peninsula,3629783,0,0,158,5
2020-05-29,Philippines,NA,Zamboanga Peninsula,3629783,4,0,162,5
2020-05-30,Philippines,NA,Zamboanga Peninsula,3629783,1,0,163,5
2020-06-02,Philippines,NA,Zamboanga Peninsula,3629783,0,0,163,5
2020-06-04,Philippines,NA,Zamboanga Peninsula,3629783,1,0,164,5
2020-06-05,Philippines,NA,Zamboanga Peninsula,3629783,24,0,188,5
2020-06-08,Philippines,NA,Zamboanga Peninsula,3629783,1,0,189,5
2020-06-09,Philippines,NA,Zamboanga Peninsula,3629783,1,0,190,5
2020-06-10,Philippines,NA,Zamboanga Peninsula,3629783,2,0,192,5
2020-06-12,Philippines,NA,Zamboanga Peninsula,3629783,1,0,193,5
2020-06-13,Philippines,NA,Zamboanga Peninsula,3629783,0,1,193,6
2020-06-14,Philippines,NA,Zamboanga Peninsula,3629783,4,0,197,6
2020-06-15,Philippines,NA,Zamboanga Peninsula,3629783,3,0,200,6
2020-06-16,Philippines,NA,Zamboanga Peninsula,3629783,2,0,202,6
2020-06-17,Philippines,NA,Zamboanga Peninsula,3629783,6,0,208,6
2020-06-18,Philippines,NA,Zamboanga Peninsula,3629783,1,0,209,6
2020-06-19,Philippines,NA,Zamboanga Peninsula,3629783,4,0,213,6
2020-06-20,Philippines,NA,Zamboanga Peninsula,3629783,2,0,215,6
2020-06-21,Philippines,NA,Zamboanga Peninsula,3629783,1,0,216,6
2020-06-22,Philippines,NA,Zamboanga Peninsula,3629783,9,0,225,6
2020-06-23,Philippines,NA,Zamboanga Peninsula,3629783,11,0,236,6
2020-06-24,Philippines,NA,Zamboanga Peninsula,3629783,17,0,253,6
2020-06-25,Philippines,NA,Zamboanga Peninsula,3629783,8,0,261,6
2020-06-26,Philippines,NA,Zamboanga Peninsula,3629783,1,0,262,6
2020-06-27,Philippines,NA,Zamboanga Peninsula,3629783,3,1,265,7
2020-06-28,Philippines,NA,Zamboanga Peninsula,3629783,1,0,266,7
2020-06-29,Philippines,NA,Zamboanga Peninsula,3629783,8,0,274,7
2020-06-30,Philippines,NA,Zamboanga Peninsula,3629783,33,0,307,7
2020-07-01,Philippines,NA,Zamboanga Peninsula,3629783,12,0,319,7
2020-07-02,Philippines,NA,Zamboanga Peninsula,3629783,10,0,329,7
2020-07-03,Philippines,NA,Zamboanga Peninsula,3629783,11,1,340,8
2020-07-04,Philippines,NA,Zamboanga Peninsula,3629783,25,1,365,9
2020-07-05,Philippines,NA,Zamboanga Peninsula,3629783,19,0,384,9
2020-07-06,Philippines,NA,Zamboanga Peninsula,3629783,10,1,394,10
2020-07-07,Philippines,NA,Zamboanga Peninsula,3629783,23,1,417,11
2020-07-08,Philippines,NA,Zamboanga Peninsula,3629783,22,0,439,11
2020-07-09,Philippines,NA,Zamboanga Peninsula,3629783,15,0,454,11
2020-07-10,Philippines,NA,Zamboanga Peninsula,3629783,36,0,490,11
2020-07-11,Philippines,NA,Zamboanga Peninsula,3629783,13,1,503,12
2020-07-12,Philippines,NA,Zamboanga Peninsula,3629783,11,0,514,12
2020-07-13,Philippines,NA,Zamboanga Peninsula,3629783,18,0,532,12
2020-07-14,Philippines,NA,Zamboanga Peninsula,3629783,20,0,552,12
2020-07-15,Philippines,NA,Zamboanga Peninsula,3629783,5,0,557,12
2020-07-16,Philippines,NA,Zamboanga Peninsula,3629783,15,0,572,12
2020-07-17,Philippines,NA,Zamboanga Peninsula,3629783,25,1,597,13
2020-07-18,Philippines,NA,Zamboanga Peninsula,3629783,16,0,613,13
2020-07-19,Philippines,NA,Zamboanga Peninsula,3629783,42,0,655,13
2020-07-20,Philippines,NA,Zamboanga Peninsula,3629783,27,0,682,13
2020-07-21,Philippines,NA,Zamboanga Peninsula,3629783,16,0,698,13
2020-07-22,Philippines,NA,Zamboanga Peninsula,3629783,11,1,709,14
2020-07-23,Philippines,NA,Zamboanga Peninsula,3629783,9,1,718,15
2020-07-24,Philippines,NA,Zamboanga Peninsula,3629783,10,0,728,15
2020-07-25,Philippines,NA,Zamboanga Peninsula,3629783,9,0,737,15
2020-07-26,Philippines,NA,Zamboanga Peninsula,3629783,8,1,745,16
2020-07-27,Philippines,NA,Zamboanga Peninsula,3629783,22,0,767,16
2020-07-28,Philippines,NA,Zamboanga Peninsula,3629783,15,0,782,16
2020-07-29,Philippines,NA,Zamboanga Peninsula,3629783,12,1,794,17
2020-07-30,Philippines,NA,Zamboanga Peninsula,3629783,26,2,820,19
2020-07-31,Philippines,NA,Zamboanga Peninsula,3629783,16,0,836,19
2020-08-01,Philippines,NA,Zamboanga Peninsula,3629783,29,0,865,19
2020-08-02,Philippines,NA,Zamboanga Peninsula,3629783,13,1,878,20
2020-08-03,Philippines,NA,Zamboanga Peninsula,3629783,52,0,930,20
2020-08-04,Philippines,NA,Zamboanga Peninsula,3629783,17,1,947,21
2020-08-05,Philippines,NA,Zamboanga Peninsula,3629783,22,2,969,23
2020-08-06,Philippines,NA,Zamboanga Peninsula,3629783,41,1,1010,24
2020-08-07,Philippines,NA,Zamboanga Peninsula,3629783,30,4,1040,28
2020-08-08,Philippines,NA,Zamboanga Peninsula,3629783,20,0,1060,28
2020-08-09,Philippines,NA,Zamboanga Peninsula,3629783,12,1,1072,29
2020-08-10,Philippines,NA,Zamboanga Peninsula,3629783,48,0,1120,29
2020-08-11,Philippines,NA,Zamboanga Peninsula,3629783,26,2,1146,31
2020-08-12,Philippines,NA,Zamboanga Peninsula,3629783,37,0,1183,31
2020-08-13,Philippines,NA,Zamboanga Peninsula,3629783,21,0,1204,31
2020-08-14,Philippines,NA,Zamboanga Peninsula,3629783,28,2,1232,33
2020-08-15,Philippines,NA,Zamboanga Peninsula,3629783,34,2,1266,35
2020-08-16,Philippines,NA,Zamboanga Peninsula,3629783,16,1,1282,36
2020-08-17,Philippines,NA,Zamboanga Peninsula,3629783,17,1,1299,37
2020-08-18,Philippines,NA,Zamboanga Peninsula,3629783,19,3,1318,40
2020-08-19,Philippines,NA,Zamboanga Peninsula,3629783,19,0,1337,40
2020-08-20,Philippines,NA,Zamboanga Peninsula,3629783,32,1,1369,41
2020-08-21,Philippines,NA,Zamboanga Peninsula,3629783,27,2,1396,43
2020-08-22,Philippines,NA,Zamboanga Peninsula,3629783,11,0,1407,43
2020-08-23,Philippines,NA,Zamboanga Peninsula,3629783,11,1,1418,44
2020-08-24,Philippines,NA,Zamboanga Peninsula,3629783,9,0,1427,44
2020-04-21,Russia,NA,Adygea,453376,8,0,108,0
2020-04-22,Russia,NA,Adygea,453376,5,0,113,0
2020-04-23,Russia,NA,Adygea,453376,1,0,114,0
2020-04-24,Russia,NA,Adygea,453376,3,0,117,0
2020-04-25,Russia,NA,Adygea,453376,2,0,119,0
2020-04-26,Russia,NA,Adygea,453376,15,0,134,0
2020-04-27,Russia,NA,Adygea,453376,8,0,142,0
2020-04-28,Russia,NA,Adygea,453376,8,0,150,0
2020-04-29,Russia,NA,Adygea,453376,4,0,154,0
2020-04-30,Russia,NA,Adygea,453376,9,0,163,0
2020-05-01,Russia,NA,Adygea,453376,2,0,165,0
2020-05-02,Russia,NA,Adygea,453376,3,0,168,0
2020-05-03,Russia,NA,Adygea,453376,10,0,178,0
2020-05-04,Russia,NA,Adygea,453376,7,0,185,0
2020-05-05,Russia,NA,Adygea,453376,5,0,190,0
2020-05-06,Russia,NA,Adygea,453376,12,0,202,0
2020-05-07,Russia,NA,Adygea,453376,4,0,206,0
2020-05-08,Russia,NA,Adygea,453376,6,0,212,0
2020-05-09,Russia,NA,Adygea,453376,8,0,220,0
2020-05-10,Russia,NA,Adygea,453376,4,0,224,0
2020-05-11,Russia,NA,Adygea,453376,17,0,241,0
2020-05-12,Russia,NA,Adygea,453376,11,0,252,0
2020-05-13,Russia,NA,Adygea,453376,19,0,271,0
2020-05-14,Russia,NA,Adygea,453376,5,0,276,0
2020-05-15,Russia,NA,Adygea,453376,31,0,307,0
2020-05-16,Russia,NA,Adygea,453376,40,0,347,0
2020-05-17,Russia,NA,Adygea,453376,51,0,398,0
2020-05-18,Russia,NA,Adygea,453376,32,0,430,0
2020-05-19,Russia,NA,Adygea,453376,31,0,461,0
2020-05-20,Russia,NA,Adygea,453376,64,0,525,0
2020-05-21,Russia,NA,Adygea,453376,36,0,561,0
2020-05-22,Russia,NA,Adygea,453376,30,0,591,0
2020-05-23,Russia,NA,Adygea,453376,31,0,622,0
2020-05-24,Russia,NA,Adygea,453376,49,0,671,0
2020-05-25,Russia,NA,Adygea,453376,25,0,696,0
2020-05-26,Russia,NA,Adygea,453376,25,0,721,0
2020-05-27,Russia,NA,Adygea,453376,38,0,759,0
2020-05-28,Russia,NA,Adygea,453376,24,0,783,0
2020-05-29,Russia,NA,Adygea,453376,11,0,794,0
2020-05-30,Russia,NA,Adygea,453376,19,0,813,0
2020-05-31,Russia,NA,Adygea,453376,41,0,854,0
2020-06-01,Russia,NA,Adygea,453376,20,0,874,0
2020-06-02,Russia,NA,Adygea,453376,16,0,890,0
2020-06-03,Russia,NA,Adygea,453376,14,0,904,0
2020-06-04,Russia,NA,Adygea,453376,33,0,937,0
2020-06-05,Russia,NA,Adygea,453376,25,0,962,0
2020-06-06,Russia,NA,Adygea,453376,33,0,995,0
2020-06-07,Russia,NA,Adygea,453376,30,0,1025,0
2020-06-08,Russia,NA,Adygea,453376,44,0,1069,0
2020-06-09,Russia,NA,Adygea,453376,46,0,1115,0
2020-06-10,Russia,NA,Adygea,453376,43,0,1158,0
2020-06-11,Russia,NA,Adygea,453376,55,0,1213,0
2020-06-12,Russia,NA,Adygea,453376,38,0,1251,0
2020-06-13,Russia,NA,Adygea,453376,27,0,1278,0
2020-06-14,Russia,NA,Adygea,453376,33,0,1311,0
2020-06-15,Russia,NA,Adygea,453376,29,0,1340,0
2020-06-16,Russia,NA,Adygea,453376,49,0,1389,0
2020-06-17,Russia,NA,Adygea,453376,26,0,1415,0
2020-06-18,Russia,NA,Adygea,453376,31,0,1446,0
2020-06-19,Russia,NA,Adygea,453376,38,0,1484,0
2020-06-20,Russia,NA,Adygea,453376,27,0,1511,0
2020-06-21,Russia,NA,Adygea,453376,30,0,1541,0
2020-06-22,Russia,NA,Adygea,453376,28,0,1569,0
2020-06-23,Russia,NA,Adygea,453376,38,0,1607,0
2020-06-24,Russia,NA,Adygea,453376,40,0,1647,0
2020-06-25,Russia,NA,Adygea,453376,35,0,1682,0
2020-06-26,Russia,NA,Adygea,453376,30,0,1712,0
2020-06-27,Russia,NA,Adygea,453376,34,0,1746,0
2020-06-28,Russia,NA,Adygea,453376,49,0,1795,0
2020-06-29,Russia,NA,Adygea,453376,52,0,1847,0
2020-06-30,Russia,NA,Adygea,453376,51,0,1898,0
2020-07-01,Russia,NA,Adygea,453376,37,0,1935,0
2020-07-02,Russia,NA,Adygea,453376,46,0,1981,0
2020-07-03,Russia,NA,Adygea,453376,58,0,2039,0
2020-07-04,Russia,NA,Adygea,453376,29,0,2068,0
2020-07-05,Russia,NA,Adygea,453376,26,0,2094,0
2020-07-06,Russia,NA,Adygea,453376,27,0,2121,0
2020-07-07,Russia,NA,Adygea,453376,24,0,2145,0
2020-07-08,Russia,NA,Adygea,453376,22,0,2167,0
2020-07-09,Russia,NA,Adygea,453376,20,0,2187,0
2020-07-10,Russia,NA,Adygea,453376,18,0,2205,0
2020-07-11,Russia,NA,Adygea,453376,19,0,2224,0
2020-07-12,Russia,NA,Adygea,453376,18,0,2242,0
2020-07-13,Russia,NA,Adygea,453376,16,0,2258,0
2020-07-14,Russia,NA,Adygea,453376,17,0,2275,0
2020-07-15,Russia,NA,Adygea,453376,16,0,2291,0
2020-07-16,Russia,NA,Adygea,453376,17,0,2308,0
2020-07-17,Russia,NA,Adygea,453376,18,0,2326,0
2020-07-18,Russia,NA,Adygea,453376,18,0,2344,0
2020-07-19,Russia,NA,Adygea,453376,20,0,2364,0
2020-07-20,Russia,NA,Adygea,453376,20,0,2384,0
2020-07-21,Russia,NA,Adygea,453376,27,0,2411,0
2020-07-22,Russia,NA,Adygea,453376,25,0,2436,0
2020-07-23,Russia,NA,Adygea,453376,34,0,2470,0
2020-07-24,Russia,NA,Adygea,453376,26,0,2496,0
2020-07-25,Russia,NA,Adygea,453376,34,0,2530,0
2020-07-26,Russia,NA,Adygea,453376,38,0,2568,0
2020-07-27,Russia,NA,Adygea,453376,36,0,2604,0
2020-07-28,Russia,NA,Adygea,453376,38,0,2642,0
2020-07-29,Russia,NA,Adygea,453376,37,0,2679,0
2020-07-30,Russia,NA,Adygea,453376,35,0,2714,0
2020-07-31,Russia,NA,Adygea,453376,33,0,2747,0
2020-08-01,Russia,NA,Adygea,453376,28,0,2775,0
2020-08-02,Russia,NA,Adygea,453376,28,0,2803,20
2020-08-03,Russia,NA,Adygea,453376,27,0,2830,20
2020-08-04,Russia,NA,Adygea,453376,25,1,2855,21
2020-08-05,Russia,NA,Adygea,453376,25,0,2880,21
2020-08-06,Russia,NA,Adygea,453376,26,0,2906,21
2020-08-07,Russia,NA,Adygea,453376,24,0,2930,21
2020-08-08,Russia,NA,Adygea,453376,25,0,2955,21
2020-08-09,Russia,NA,Adygea,453376,20,0,2975,21
2020-08-10,Russia,NA,Adygea,453376,20,0,2995,21
2020-08-11,Russia,NA,Adygea,453376,21,0,3016,21
2020-08-12,Russia,NA,Adygea,453376,19,1,3035,22
2020-08-13,Russia,NA,Adygea,453376,20,0,3055,22
2020-08-14,Russia,NA,Adygea,453376,21,0,3076,22
2020-08-15,Russia,NA,Adygea,453376,19,1,3095,23
2020-08-16,Russia,NA,Adygea,453376,18,0,3113,23
2020-08-17,Russia,NA,Adygea,453376,16,0,3129,23
2020-08-18,Russia,NA,Adygea,453376,15,1,3144,24
2020-08-19,Russia,NA,Adygea,453376,17,0,3161,24
2020-08-20,Russia,NA,Adygea,453376,18,0,3179,24
2020-08-21,Russia,NA,Adygea,453376,16,1,3195,25
2020-08-22,Russia,NA,Adygea,453376,19,0,3214,25
2020-08-23,Russia,NA,Adygea,453376,20,0,3234,25
2020-08-24,Russia,NA,Adygea,453376,20,0,3254,25
2020-08-25,Russia,NA,Adygea,453376,19,1,3273,26
2020-08-26,Russia,NA,Adygea,453376,18,0,3291,26
2020-08-27,Russia,NA,Adygea,453376,17,0,3308,26
2020-08-28,Russia,NA,Adygea,453376,19,1,3327,27
2020-08-29,Russia,NA,Adygea,453376,19,0,3346,27
2020-08-30,Russia,NA,Adygea,453376,18,0,3364,27
2020-08-31,Russia,NA,Adygea,453376,22,0,3386,27
2020-04-21,Russia,NA,Altai Krai,2350080,43,0,127,0
2020-04-22,Russia,NA,Altai Krai,2350080,9,0,136,0
2020-04-23,Russia,NA,Altai Krai,2350080,8,0,144,0
2020-04-24,Russia,NA,Altai Krai,2350080,8,0,152,0
2020-04-25,Russia,NA,Altai Krai,2350080,63,0,215,0
2020-04-26,Russia,NA,Altai Krai,2350080,68,0,283,0
2020-04-27,Russia,NA,Altai Krai,2350080,27,0,310,0
2020-04-28,Russia,NA,Altai Krai,2350080,14,0,324,0
2020-04-29,Russia,NA,Altai Krai,2350080,24,0,348,0
2020-04-30,Russia,NA,Altai Krai,2350080,34,0,382,0
2020-05-01,Russia,NA,Altai Krai,2350080,41,0,423,0
2020-05-02,Russia,NA,Altai Krai,2350080,28,0,451,0
2020-05-03,Russia,NA,Altai Krai,2350080,47,0,498,0
2020-05-04,Russia,NA,Altai Krai,2350080,36,0,534,0
2020-05-05,Russia,NA,Altai Krai,2350080,21,0,555,0
2020-05-06,Russia,NA,Altai Krai,2350080,33,0,588,0
2020-05-07,Russia,NA,Altai Krai,2350080,17,0,605,0
2020-05-08,Russia,NA,Altai Krai,2350080,16,0,621,0
2020-05-09,Russia,NA,Altai Krai,2350080,20,0,641,0
2020-05-10,Russia,NA,Altai Krai,2350080,28,0,669,0
2020-05-11,Russia,NA,Altai Krai,2350080,38,0,707,0
2020-05-12,Russia,NA,Altai Krai,2350080,20,0,727,0
2020-05-13,Russia,NA,Altai Krai,2350080,43,0,770,0
2020-05-14,Russia,NA,Altai Krai,2350080,39,0,809,0
2020-05-15,Russia,NA,Altai Krai,2350080,38,0,847,0
2020-05-16,Russia,NA,Altai Krai,2350080,38,0,885,0
2020-05-17,Russia,NA,Altai Krai,2350080,40,0,925,0
2020-05-18,Russia,NA,Altai Krai,2350080,45,0,970,0
2020-05-19,Russia,NA,Altai Krai,2350080,44,0,1014,0
2020-05-20,Russia,NA,Altai Krai,2350080,40,0,1054,0
2020-05-21,Russia,NA,Altai Krai,2350080,57,0,1111,0
2020-05-22,Russia,NA,Altai Krai,2350080,74,0,1185,0
2020-05-23,Russia,NA,Altai Krai,2350080,69,0,1254,0
2020-05-24,Russia,NA,Altai Krai,2350080,71,0,1325,0
2020-05-25,Russia,NA,Altai Krai,2350080,81,0,1406,0
2020-05-26,Russia,NA,Altai Krai,2350080,79,0,1485,0
2020-05-27,Russia,NA,Altai Krai,2350080,69,0,1554,0
2020-05-28,Russia,NA,Altai Krai,2350080,79,0,1633,0
2020-05-29,Russia,NA,Altai Krai,2350080,75,0,1708,0
2020-05-30,Russia,NA,Altai Krai,2350080,71,0,1779,0
2020-05-31,Russia,NA,Altai Krai,2350080,69,0,1848,0
2020-06-01,Russia,NA,Altai Krai,2350080,67,0,1915,0
2020-06-02,Russia,NA,Altai Krai,2350080,70,0,1985,0
2020-06-03,Russia,NA,Altai Krai,2350080,81,0,2066,0
2020-06-04,Russia,NA,Altai Krai,2350080,69,0,2135,0
2020-06-05,Russia,NA,Altai Krai,2350080,57,0,2192,0
2020-06-06,Russia,NA,Altai Krai,2350080,63,0,2255,0
2020-06-07,Russia,NA,Altai Krai,2350080,64,0,2319,0
2020-06-08,Russia,NA,Altai Krai,2350080,71,0,2390,0
2020-06-09,Russia,NA,Altai Krai,2350080,68,0,2458,0
2020-06-10,Russia,NA,Altai Krai,2350080,66,0,2524,0
2020-06-11,Russia,NA,Altai Krai,2350080,69,0,2593,0
2020-06-12,Russia,NA,Altai Krai,2350080,66,0,2659,0
2020-06-13,Russia,NA,Altai Krai,2350080,67,0,2726,0
2020-06-14,Russia,NA,Altai Krai,2350080,69,0,2795,0
2020-06-15,Russia,NA,Altai Krai,2350080,72,0,2867,0
2020-06-16,Russia,NA,Altai Krai,2350080,72,0,2939,0
2020-06-17,Russia,NA,Altai Krai,2350080,71,0,3010,0
2020-06-18,Russia,NA,Altai Krai,2350080,68,0,3078,0
2020-06-19,Russia,NA,Altai Krai,2350080,75,0,3153,0
2020-06-20,Russia,NA,Altai Krai,2350080,73,0,3226,0
2020-06-21,Russia,NA,Altai Krai,2350080,72,0,3298,0
2020-06-22,Russia,NA,Altai Krai,2350080,73,0,3371,0
2020-06-23,Russia,NA,Altai Krai,2350080,74,0,3445,0
2020-06-24,Russia,NA,Altai Krai,2350080,77,0,3522,0
2020-06-25,Russia,NA,Altai Krai,2350080,78,0,3600,0
2020-06-26,Russia,NA,Altai Krai,2350080,76,0,3676,0
2020-06-27,Russia,NA,Altai Krai,2350080,77,0,3753,0
2020-06-28,Russia,NA,Altai Krai,2350080,78,0,3831,0
2020-06-29,Russia,NA,Altai Krai,2350080,78,0,3909,0
2020-06-30,Russia,NA,Altai Krai,2350080,76,0,3985,0
2020-07-01,Russia,NA,Altai Krai,2350080,74,0,4059,0
2020-07-02,Russia,NA,Altai Krai,2350080,75,0,4134,0
2020-07-03,Russia,NA,Altai Krai,2350080,73,0,4207,0
2020-07-04,Russia,NA,Altai Krai,2350080,92,0,4299,0
2020-07-05,Russia,NA,Altai Krai,2350080,115,0,4414,0
2020-07-06,Russia,NA,Altai Krai,2350080,124,0,4538,0
2020-07-07,Russia,NA,Altai Krai,2350080,171,0,4709,0
2020-07-08,Russia,NA,Altai Krai,2350080,188,0,4897,0
2020-07-09,Russia,NA,Altai Krai,2350080,224,0,5121,0
2020-07-10,Russia,NA,Altai Krai,2350080,240,0,5361,0
2020-07-11,Russia,NA,Altai Krai,2350080,228,0,5589,0
2020-07-12,Russia,NA,Altai Krai,2350080,232,0,5821,0
2020-07-13,Russia,NA,Altai Krai,2350080,235,0,6056,0
2020-07-14,Russia,NA,Altai Krai,2350080,238,0,6294,0
2020-07-15,Russia,NA,Altai Krai,2350080,246,0,6540,0
2020-07-16,Russia,NA,Altai Krai,2350080,215,0,6755,0
2020-07-17,Russia,NA,Altai Krai,2350080,228,0,6983,0
2020-07-18,Russia,NA,Altai Krai,2350080,201,0,7184,0
2020-07-19,Russia,NA,Altai Krai,2350080,198,0,7382,0
2020-07-20,Russia,NA,Altai Krai,2350080,191,0,7573,0
2020-07-21,Russia,NA,Altai Krai,2350080,185,0,7758,0
2020-07-22,Russia,NA,Altai Krai,2350080,183,0,7941,0
2020-07-23,Russia,NA,Altai Krai,2350080,166,0,8107,0
2020-07-24,Russia,NA,Altai Krai,2350080,146,0,8253,0
2020-07-25,Russia,NA,Altai Krai,2350080,138,0,8391,0
2020-07-26,Russia,NA,Altai Krai,2350080,140,0,8531,0
2020-07-27,Russia,NA,Altai Krai,2350080,134,0,8665,0
2020-07-28,Russia,NA,Altai Krai,2350080,121,0,8786,0
2020-07-29,Russia,NA,Altai Krai,2350080,107,0,8893,0
2020-07-30,Russia,NA,Altai Krai,2350080,105,0,8998,0
2020-07-31,Russia,NA,Altai Krai,2350080,111,0,9109,0
2020-08-01,Russia,NA,Altai Krai,2350080,108,0,9217,0
2020-08-02,Russia,NA,Altai Krai,2350080,109,0,9326,68
2020-08-03,Russia,NA,Altai Krai,2350080,107,0,9433,68
2020-08-04,Russia,NA,Altai Krai,2350080,95,10,9528,78
2020-08-05,Russia,NA,Altai Krai,2350080,94,0,9622,78
2020-08-06,Russia,NA,Altai Krai,2350080,92,2,9714,80
2020-08-07,Russia,NA,Altai Krai,2350080,95,5,9809,85
2020-08-08,Russia,NA,Altai Krai,2350080,98,4,9907,89
2020-08-09,Russia,NA,Altai Krai,2350080,92,2,9999,91
2020-08-10,Russia,NA,Altai Krai,2350080,95,0,10094,91
2020-08-11,Russia,NA,Altai Krai,2350080,91,4,10185,95
2020-08-12,Russia,NA,Altai Krai,2350080,88,1,10273,96
2020-08-13,Russia,NA,Altai Krai,2350080,87,0,10360,96
2020-08-14,Russia,NA,Altai Krai,2350080,85,0,10445,96
2020-08-15,Russia,NA,Altai Krai,2350080,89,0,10534,96
2020-08-16,Russia,NA,Altai Krai,2350080,89,2,10623,98
2020-08-17,Russia,NA,Altai Krai,2350080,88,1,10711,99
2020-08-18,Russia,NA,Altai Krai,2350080,91,8,10802,107
2020-08-19,Russia,NA,Altai Krai,2350080,85,0,10887,107
2020-08-20,Russia,NA,Altai Krai,2350080,81,1,10968,108
2020-08-21,Russia,NA,Altai Krai,2350080,74,2,11042,110
2020-08-22,Russia,NA,Altai Krai,2350080,73,0,11115,110
2020-08-23,Russia,NA,Altai Krai,2350080,71,0,11186,110
2020-08-24,Russia,NA,Altai Krai,2350080,65,0,11251,110
2020-08-25,Russia,NA,Altai Krai,2350080,66,1,11317,111
2020-08-26,Russia,NA,Altai Krai,2350080,70,1,11387,112
2020-08-27,Russia,NA,Altai Krai,2350080,69,0,11456,112
2020-08-28,Russia,NA,Altai Krai,2350080,67,2,11523,114
2020-08-29,Russia,NA,Altai Krai,2350080,68,2,11591,116
2020-08-30,Russia,NA,Altai Krai,2350080,64,1,11655,117
2020-08-31,Russia,NA,Altai Krai,2350080,65,2,11720,119
2020-05-25,Russia,NA,Altai Republic,215263,7,0,102,0
2020-05-26,Russia,NA,Altai Republic,215263,2,0,104,0
2020-05-27,Russia,NA,Altai Republic,215263,1,0,105,0
2020-05-28,Russia,NA,Altai Republic,215263,4,0,109,0
2020-05-29,Russia,NA,Altai Republic,215263,1,0,110,0
2020-05-30,Russia,NA,Altai Republic,215263,6,0,116,0
2020-05-31,Russia,NA,Altai Republic,215263,6,0,122,0
2020-06-01,Russia,NA,Altai Republic,215263,10,0,132,0
2020-06-02,Russia,NA,Altai Republic,215263,1,0,133,0
2020-06-03,Russia,NA,Altai Republic,215263,5,0,138,0
2020-06-04,Russia,NA,Altai Republic,215263,16,0,154,0
2020-06-05,Russia,NA,Altai Republic,215263,2,0,156,0
2020-06-06,Russia,NA,Altai Republic,215263,7,0,163,0
2020-06-07,Russia,NA,Altai Republic,215263,9,0,172,0
2020-06-08,Russia,NA,Altai Republic,215263,8,0,180,0
2020-06-09,Russia,NA,Altai Republic,215263,10,0,190,0
2020-06-10,Russia,NA,Altai Republic,215263,14,0,204,0
2020-06-11,Russia,NA,Altai Republic,215263,8,0,212,0
2020-06-12,Russia,NA,Altai Republic,215263,8,0,220,0
2020-06-13,Russia,NA,Altai Republic,215263,23,0,243,0
2020-06-14,Russia,NA,Altai Republic,215263,13,0,256,0
2020-06-15,Russia,NA,Altai Republic,215263,19,0,275,0
2020-06-16,Russia,NA,Altai Republic,215263,4,0,279,0
2020-06-17,Russia,NA,Altai Republic,215263,21,0,300,0
2020-06-18,Russia,NA,Altai Republic,215263,34,0,334,0
2020-06-19,Russia,NA,Altai Republic,215263,2,0,336,0
2020-06-20,Russia,NA,Altai Republic,215263,60,0,396,0
2020-06-21,Russia,NA,Altai Republic,215263,25,0,421,0
2020-06-22,Russia,NA,Altai Republic,215263,15,0,436,0
2020-06-23,Russia,NA,Altai Republic,215263,30,0,466,0
2020-06-24,Russia,NA,Altai Republic,215263,17,0,483,0
2020-06-25,Russia,NA,Altai Republic,215263,28,0,511,0
2020-06-26,Russia,NA,Altai Republic,215263,11,0,522,0
2020-06-27,Russia,NA,Altai Republic,215263,39,0,561,0
2020-06-28,Russia,NA,Altai Republic,215263,36,0,597,0
2020-06-29,Russia,NA,Altai Republic,215263,20,0,617,0
2020-06-30,Russia,NA,Altai Republic,215263,33,0,650,0
2020-07-01,Russia,NA,Altai Republic,215263,31,0,681,0
2020-07-02,Russia,NA,Altai Republic,215263,64,0,745,0
2020-07-03,Russia,NA,Altai Republic,215263,32,0,777,0
2020-07-04,Russia,NA,Altai Republic,215263,31,0,808,0
2020-07-05,Russia,NA,Altai Republic,215263,41,0,849,0
2020-07-06,Russia,NA,Altai Republic,215263,20,0,869,0
2020-07-07,Russia,NA,Altai Republic,215263,22,0,891,0
2020-07-08,Russia,NA,Altai Republic,215263,45,0,936,0
2020-07-09,Russia,NA,Altai Republic,215263,26,0,962,0
2020-07-10,Russia,NA,Altai Republic,215263,31,0,993,0
2020-07-11,Russia,NA,Altai Republic,215263,43,0,1036,0
2020-07-12,Russia,NA,Altai Republic,215263,17,0,1053,0
2020-07-13,Russia,NA,Altai Republic,215263,46,0,1099,0
2020-07-14,Russia,NA,Altai Republic,215263,12,0,1111,0
2020-07-15,Russia,NA,Altai Republic,215263,28,0,1139,0
2020-07-16,Russia,NA,Altai Republic,215263,15,0,1154,0
2020-07-17,Russia,NA,Altai Republic,215263,43,0,1197,0
2020-07-18,Russia,NA,Altai Republic,215263,20,0,1217,0
2020-07-19,Russia,NA,Altai Republic,215263,22,0,1239,0
2020-07-20,Russia,NA,Altai Republic,215263,37,0,1276,0
2020-07-21,Russia,NA,Altai Republic,215263,28,0,1304,0
2020-07-22,Russia,NA,Altai Republic,215263,27,0,1331,0
2020-07-23,Russia,NA,Altai Republic,215263,20,0,1351,0
2020-07-24,Russia,NA,Altai Republic,215263,36,0,1387,0
2020-07-25,Russia,NA,Altai Republic,215263,32,0,1419,0
2020-07-26,Russia,NA,Altai Republic,215263,18,0,1437,0
2020-07-27,Russia,NA,Altai Republic,215263,25,0,1462,0
2020-07-28,Russia,NA,Altai Republic,215263,14,0,1476,0
2020-07-29,Russia,NA,Altai Republic,215263,22,0,1498,0
2020-07-30,Russia,NA,Altai Republic,215263,31,0,1529,0
2020-07-31,Russia,NA,Altai Republic,215263,22,0,1551,0
2020-08-01,Russia,NA,Altai Republic,215263,28,0,1579,0
2020-08-02,Russia,NA,Altai Republic,215263,27,0,1606,0
2020-05-06,Russia,NA,Amur Oblast,798424,8,0,106,0
2020-05-07,Russia,NA,Amur Oblast,798424,6,0,112,0
2020-05-08,Russia,NA,Amur Oblast,798424,11,0,123,0
2020-05-09,Russia,NA,Amur Oblast,798424,12,0,135,0
2020-05-10,Russia,NA,Amur Oblast,798424,5,0,140,0
2020-05-11,Russia,NA,Amur Oblast,798424,12,0,152,0
2020-05-12,Russia,NA,Amur Oblast,798424,17,0,169,0
2020-05-13,Russia,NA,Amur Oblast,798424,13,0,182,0
2020-05-14,Russia,NA,Amur Oblast,798424,12,0,194,0
2020-05-15,Russia,NA,Amur Oblast,798424,10,0,204,0
2020-05-16,Russia,NA,Amur Oblast,798424,8,0,212,0
2020-05-17,Russia,NA,Amur Oblast,798424,10,0,222,0
2020-05-18,Russia,NA,Amur Oblast,798424,16,0,238,0
2020-05-19,Russia,NA,Amur Oblast,798424,9,0,247,0
2020-05-20,Russia,NA,Amur Oblast,798424,30,0,277,0
2020-05-21,Russia,NA,Amur Oblast,798424,17,0,294,0
2020-05-22,Russia,NA,Amur Oblast,798424,23,0,317,0
2020-05-23,Russia,NA,Amur Oblast,798424,23,0,340,0
2020-05-24,Russia,NA,Amur Oblast,798424,15,0,355,0
2020-05-25,Russia,NA,Amur Oblast,798424,30,0,385,0
2020-05-26,Russia,NA,Amur Oblast,798424,16,0,401,0
2020-05-27,Russia,NA,Amur Oblast,798424,13,0,414,0
2020-05-28,Russia,NA,Amur Oblast,798424,19,0,433,0
2020-05-29,Russia,NA,Amur Oblast,798424,28,0,461,0
2020-05-30,Russia,NA,Amur Oblast,798424,25,0,486,0
2020-05-31,Russia,NA,Amur Oblast,798424,20,0,506,0
2020-06-01,Russia,NA,Amur Oblast,798424,22,0,528,0
2020-06-02,Russia,NA,Amur Oblast,798424,18,0,546,0
2020-06-03,Russia,NA,Amur Oblast,798424,20,0,566,0
2020-06-04,Russia,NA,Amur Oblast,798424,22,0,588,0
2020-06-05,Russia,NA,Amur Oblast,798424,27,0,615,0
2020-06-06,Russia,NA,Amur Oblast,798424,42,0,657,0
2020-06-07,Russia,NA,Amur Oblast,798424,45,0,702,0
2020-06-08,Russia,NA,Amur Oblast,798424,46,0,748,0
2020-06-09,Russia,NA,Amur Oblast,798424,48,0,796,0
2020-06-10,Russia,NA,Amur Oblast,798424,39,0,835,0
2020-06-11,Russia,NA,Amur Oblast,798424,38,0,873,0
2020-06-12,Russia,NA,Amur Oblast,798424,41,0,914,0
2020-06-13,Russia,NA,Amur Oblast,798424,59,0,973,0
2020-06-14,Russia,NA,Amur Oblast,798424,45,0,1018,0
2020-06-15,Russia,NA,Amur Oblast,798424,44,0,1062,0
2020-06-16,Russia,NA,Amur Oblast,798424,38,0,1100,0
2020-06-17,Russia,NA,Amur Oblast,798424,38,0,1138,0
2020-06-18,Russia,NA,Amur Oblast,798424,43,0,1181,0
2020-06-19,Russia,NA,Amur Oblast,798424,49,0,1230,0
2020-06-20,Russia,NA,Amur Oblast,798424,53,0,1283,0
2020-06-21,Russia,NA,Amur Oblast,798424,57,0,1340,0
2020-06-22,Russia,NA,Amur Oblast,798424,59,0,1399,0
2020-06-23,Russia,NA,Amur Oblast,798424,45,0,1444,0
2020-06-24,Russia,NA,Amur Oblast,798424,46,0,1490,0
2020-06-25,Russia,NA,Amur Oblast,798424,38,0,1528,0
2020-06-26,Russia,NA,Amur Oblast,798424,44,0,1572,0
2020-06-27,Russia,NA,Amur Oblast,798424,38,0,1610,0
2020-06-28,Russia,NA,Amur Oblast,798424,41,0,1651,0
2020-06-29,Russia,NA,Amur Oblast,798424,31,0,1682,0
2020-06-30,Russia,NA,Amur Oblast,798424,25,0,1707,0
2020-07-01,Russia,NA,Amur Oblast,798424,27,0,1734,0
2020-07-02,Russia,NA,Amur Oblast,798424,31,0,1765,0
2020-07-03,Russia,NA,Amur Oblast,798424,30,0,1795,0
2020-07-04,Russia,NA,Amur Oblast,798424,31,0,1826,0
2020-07-05,Russia,NA,Amur Oblast,798424,34,0,1860,0
2020-07-06,Russia,NA,Amur Oblast,798424,29,0,1889,0
2020-07-07,Russia,NA,Amur Oblast,798424,28,0,1917,0
2020-07-08,Russia,NA,Amur Oblast,798424,27,0,1944,0
2020-07-09,Russia,NA,Amur Oblast,798424,31,0,1975,0
2020-07-10,Russia,NA,Amur Oblast,798424,44,0,2019,0
2020-07-11,Russia,NA,Amur Oblast,798424,38,0,2057,0
2020-07-12,Russia,NA,Amur Oblast,798424,40,0,2097,0
2020-07-13,Russia,NA,Amur Oblast,798424,46,0,2143,0
2020-07-14,Russia,NA,Amur Oblast,798424,42,0,2185,0
2020-07-15,Russia,NA,Amur Oblast,798424,42,0,2227,0
2020-07-16,Russia,NA,Amur Oblast,798424,44,0,2271,0
2020-07-17,Russia,NA,Amur Oblast,798424,43,0,2314,0
2020-07-18,Russia,NA,Amur Oblast,798424,40,0,2354,0
2020-07-19,Russia,NA,Amur Oblast,798424,39,0,2393,0
2020-07-20,Russia,NA,Amur Oblast,798424,30,0,2423,0
2020-07-21,Russia,NA,Amur Oblast,798424,28,0,2451,0
2020-07-22,Russia,NA,Amur Oblast,798424,27,0,2478,0
2020-07-23,Russia,NA,Amur Oblast,798424,28,0,2506,0
2020-07-24,Russia,NA,Amur Oblast,798424,28,0,2534,0
2020-07-25,Russia,NA,Amur Oblast,798424,32,0,2566,0
2020-07-26,Russia,NA,Amur Oblast,798424,34,0,2600,0
2020-07-27,Russia,NA,Amur Oblast,798424,32,0,2632,0
2020-07-28,Russia,NA,Amur Oblast,798424,28,0,2660,0
2020-07-29,Russia,NA,Amur Oblast,798424,29,0,2689,0
2020-07-30,Russia,NA,Amur Oblast,798424,35,0,2724,0
2020-07-31,Russia,NA,Amur Oblast,798424,28,0,2752,0
2020-08-01,Russia,NA,Amur Oblast,798424,24,0,2776,0
2020-08-02,Russia,NA,Amur Oblast,798424,25,0,2801,47
2020-08-03,Russia,NA,Amur Oblast,798424,23,0,2824,47
2020-08-04,Russia,NA,Amur Oblast,798424,21,0,2845,47
2020-08-05,Russia,NA,Amur Oblast,798424,21,0,2866,47
2020-08-06,Russia,NA,Amur Oblast,798424,21,0,2887,47
2020-08-07,Russia,NA,Amur Oblast,798424,22,0,2909,47
2020-08-08,Russia,NA,Amur Oblast,798424,20,0,2929,47
2020-08-09,Russia,NA,Amur Oblast,798424,19,0,2948,47
2020-08-10,Russia,NA,Amur Oblast,798424,18,0,2966,47
2020-08-11,Russia,NA,Amur Oblast,798424,15,0,2981,47
2020-08-12,Russia,NA,Amur Oblast,798424,16,0,2997,47
2020-08-13,Russia,NA,Amur Oblast,798424,13,0,3010,47
2020-08-14,Russia,NA,Amur Oblast,798424,15,0,3025,47
2020-08-15,Russia,NA,Amur Oblast,798424,17,0,3042,47
2020-08-16,Russia,NA,Amur Oblast,798424,18,0,3060,47
2020-08-17,Russia,NA,Amur Oblast,798424,21,0,3081,47
2020-08-18,Russia,NA,Amur Oblast,798424,17,0,3098,47
2020-08-19,Russia,NA,Amur Oblast,798424,20,0,3118,47
2020-08-20,Russia,NA,Amur Oblast,798424,22,0,3140,47
2020-08-21,Russia,NA,Amur Oblast,798424,17,0,3157,47
2020-08-22,Russia,NA,Amur Oblast,798424,15,0,3172,47
2020-08-23,Russia,NA,Amur Oblast,798424,17,0,3189,47
2020-08-24,Russia,NA,Amur Oblast,798424,19,0,3208,47
2020-08-25,Russia,NA,Amur Oblast,798424,20,0,3228,47
2020-08-26,Russia,NA,Amur Oblast,798424,22,0,3250,47
2020-08-27,Russia,NA,Amur Oblast,798424,24,0,3274,47
2020-08-28,Russia,NA,Amur Oblast,798424,25,0,3299,47
2020-08-29,Russia,NA,Amur Oblast,798424,27,0,3326,47
2020-08-30,Russia,NA,Amur Oblast,798424,29,0,3355,47
2020-08-31,Russia,NA,Amur Oblast,798424,31,0,3386,47
2020-04-19,Russia,NA,Arkhangelsk Oblast,1155028,68,0,107,0
2020-04-20,Russia,NA,Arkhangelsk Oblast,1155028,7,0,114,0
2020-04-21,Russia,NA,Arkhangelsk Oblast,1155028,4,0,118,0
2020-04-22,Russia,NA,Arkhangelsk Oblast,1155028,2,0,120,0
2020-04-23,Russia,NA,Arkhangelsk Oblast,1155028,3,0,123,0
2020-04-24,Russia,NA,Arkhangelsk Oblast,1155028,14,0,137,0
2020-04-25,Russia,NA,Arkhangelsk Oblast,1155028,10,0,147,0
2020-04-26,Russia,NA,Arkhangelsk Oblast,1155028,20,0,167,0
2020-04-27,Russia,NA,Arkhangelsk Oblast,1155028,8,0,175,0
2020-04-28,Russia,NA,Arkhangelsk Oblast,1155028,6,0,181,0
2020-04-29,Russia,NA,Arkhangelsk Oblast,1155028,4,0,185,0
2020-04-30,Russia,NA,Arkhangelsk Oblast,1155028,13,0,198,0
2020-05-01,Russia,NA,Arkhangelsk Oblast,1155028,15,0,213,0
2020-05-02,Russia,NA,Arkhangelsk Oblast,1155028,25,0,238,0
2020-05-03,Russia,NA,Arkhangelsk Oblast,1155028,22,0,260,0
2020-05-04,Russia,NA,Arkhangelsk Oblast,1155028,39,0,299,0
2020-05-05,Russia,NA,Arkhangelsk Oblast,1155028,6,0,305,0
2020-05-06,Russia,NA,Arkhangelsk Oblast,1155028,24,0,329,0
2020-05-07,Russia,NA,Arkhangelsk Oblast,1155028,25,0,354,0
2020-05-08,Russia,NA,Arkhangelsk Oblast,1155028,18,0,372,0
2020-05-09,Russia,NA,Arkhangelsk Oblast,1155028,28,0,400,0
2020-05-10,Russia,NA,Arkhangelsk Oblast,1155028,25,0,425,0
2020-05-11,Russia,NA,Arkhangelsk Oblast,1155028,32,0,457,0
2020-05-12,Russia,NA,Arkhangelsk Oblast,1155028,37,0,494,0
2020-05-13,Russia,NA,Arkhangelsk Oblast,1155028,19,0,513,0
2020-05-14,Russia,NA,Arkhangelsk Oblast,1155028,41,0,554,0
2020-05-15,Russia,NA,Arkhangelsk Oblast,1155028,32,0,586,0
2020-05-16,Russia,NA,Arkhangelsk Oblast,1155028,52,0,638,0
2020-05-17,Russia,NA,Arkhangelsk Oblast,1155028,50,0,688,0
2020-05-18,Russia,NA,Arkhangelsk Oblast,1155028,32,0,720,0
2020-05-19,Russia,NA,Arkhangelsk Oblast,1155028,72,0,792,0
2020-05-20,Russia,NA,Arkhangelsk Oblast,1155028,25,0,817,0
2020-05-21,Russia,NA,Arkhangelsk Oblast,1155028,41,0,858,0
2020-05-22,Russia,NA,Arkhangelsk Oblast,1155028,30,0,888,0
2020-05-23,Russia,NA,Arkhangelsk Oblast,1155028,37,0,925,0
2020-05-24,Russia,NA,Arkhangelsk Oblast,1155028,95,0,1020,0
2020-05-25,Russia,NA,Arkhangelsk Oblast,1155028,126,0,1146,0
2020-05-26,Russia,NA,Arkhangelsk Oblast,1155028,169,0,1315,0
2020-05-27,Russia,NA,Arkhangelsk Oblast,1155028,95,0,1410,0
2020-05-28,Russia,NA,Arkhangelsk Oblast,1155028,127,0,1537,0
2020-05-29,Russia,NA,Arkhangelsk Oblast,1155028,101,0,1638,0
2020-05-30,Russia,NA,Arkhangelsk Oblast,1155028,158,0,1796,0
2020-05-31,Russia,NA,Arkhangelsk Oblast,1155028,137,0,1933,0
2020-06-01,Russia,NA,Arkhangelsk Oblast,1155028,135,0,2068,0
2020-06-02,Russia,NA,Arkhangelsk Oblast,1155028,56,0,2124,0
2020-06-03,Russia,NA,Arkhangelsk Oblast,1155028,239,0,2363,0
2020-06-04,Russia,NA,Arkhangelsk Oblast,1155028,133,0,2496,0
2020-06-05,Russia,NA,Arkhangelsk Oblast,1155028,125,0,2621,0
2020-06-06,Russia,NA,Arkhangelsk Oblast,1155028,125,0,2746,0
2020-06-07,Russia,NA,Arkhangelsk Oblast,1155028,122,0,2868,0
2020-06-08,Russia,NA,Arkhangelsk Oblast,1155028,121,0,2989,0
2020-06-09,Russia,NA,Arkhangelsk Oblast,1155028,96,0,3085,0
2020-06-10,Russia,NA,Arkhangelsk Oblast,1155028,132,0,3217,0
2020-06-11,Russia,NA,Arkhangelsk Oblast,1155028,145,0,3362,0
2020-06-12,Russia,NA,Arkhangelsk Oblast,1155028,112,0,3474,0
2020-06-13,Russia,NA,Arkhangelsk Oblast,1155028,113,0,3587,0
2020-06-14,Russia,NA,Arkhangelsk Oblast,1155028,109,0,3696,0
2020-06-15,Russia,NA,Arkhangelsk Oblast,1155028,107,0,3803,0
2020-06-16,Russia,NA,Arkhangelsk Oblast,1155028,109,0,3912,0
2020-06-17,Russia,NA,Arkhangelsk Oblast,1155028,123,0,4035,0
2020-06-18,Russia,NA,Arkhangelsk Oblast,1155028,121,0,4156,0
2020-06-19,Russia,NA,Arkhangelsk Oblast,1155028,118,0,4274,0
2020-06-20,Russia,NA,Arkhangelsk Oblast,1155028,121,0,4395,0
2020-06-21,Russia,NA,Arkhangelsk Oblast,1155028,129,0,4524,0
2020-06-22,Russia,NA,Arkhangelsk Oblast,1155028,107,0,4631,0
2020-06-23,Russia,NA,Arkhangelsk Oblast,1155028,124,0,4755,0
2020-06-24,Russia,NA,Arkhangelsk Oblast,1155028,120,0,4875,0
2020-06-25,Russia,NA,Arkhangelsk Oblast,1155028,117,0,4992,0
2020-06-26,Russia,NA,Arkhangelsk Oblast,1155028,115,0,5107,0
2020-06-27,Russia,NA,Arkhangelsk Oblast,1155028,118,0,5225,0
2020-06-28,Russia,NA,Arkhangelsk Oblast,1155028,114,0,5339,0
2020-06-29,Russia,NA,Arkhangelsk Oblast,1155028,115,0,5454,0
2020-06-30,Russia,NA,Arkhangelsk Oblast,1155028,102,0,5556,0
2020-07-01,Russia,NA,Arkhangelsk Oblast,1155028,118,0,5674,0
2020-07-02,Russia,NA,Arkhangelsk Oblast,1155028,116,0,5790,0
2020-07-03,Russia,NA,Arkhangelsk Oblast,1155028,119,0,5909,0
2020-07-04,Russia,NA,Arkhangelsk Oblast,1155028,117,0,6026,0
2020-07-05,Russia,NA,Arkhangelsk Oblast,1155028,170,0,6196,0
2020-07-06,Russia,NA,Arkhangelsk Oblast,1155028,104,0,6300,0
2020-07-07,Russia,NA,Arkhangelsk Oblast,1155028,119,0,6419,0
2020-07-08,Russia,NA,Arkhangelsk Oblast,1155028,115,0,6534,0
2020-07-09,Russia,NA,Arkhangelsk Oblast,1155028,113,0,6647,0
2020-07-10,Russia,NA,Arkhangelsk Oblast,1155028,112,0,6759,0
2020-07-11,Russia,NA,Arkhangelsk Oblast,1155028,114,0,6873,0
2020-07-12,Russia,NA,Arkhangelsk Oblast,1155028,115,0,6988,0
2020-07-13,Russia,NA,Arkhangelsk Oblast,1155028,134,0,7122,0
2020-07-14,Russia,NA,Arkhangelsk Oblast,1155028,129,0,7251,0
2020-07-15,Russia,NA,Arkhangelsk Oblast,1155028,119,0,7370,0
2020-07-16,Russia,NA,Arkhangelsk Oblast,1155028,122,0,7492,0
2020-07-17,Russia,NA,Arkhangelsk Oblast,1155028,116,0,7608,0
2020-07-18,Russia,NA,Arkhangelsk Oblast,1155028,104,0,7712,0
2020-07-19,Russia,NA,Arkhangelsk Oblast,1155028,107,0,7819,0
2020-07-20,Russia,NA,Arkhangelsk Oblast,1155028,89,0,7908,0
2020-07-21,Russia,NA,Arkhangelsk Oblast,1155028,81,0,7989,0
2020-07-22,Russia,NA,Arkhangelsk Oblast,1155028,92,0,8081,0
2020-07-23,Russia,NA,Arkhangelsk Oblast,1155028,76,0,8157,0
2020-07-24,Russia,NA,Arkhangelsk Oblast,1155028,68,0,8225,0
2020-07-25,Russia,NA,Arkhangelsk Oblast,1155028,66,0,8291,0
2020-07-26,Russia,NA,Arkhangelsk Oblast,1155028,74,0,8365,0
2020-07-27,Russia,NA,Arkhangelsk Oblast,1155028,69,0,8434,0
2020-07-28,Russia,NA,Arkhangelsk Oblast,1155028,63,0,8497,0
2020-07-29,Russia,NA,Arkhangelsk Oblast,1155028,68,0,8565,0
2020-07-30,Russia,NA,Arkhangelsk Oblast,1155028,76,0,8641,0
2020-07-31,Russia,NA,Arkhangelsk Oblast,1155028,69,0,8710,0
2020-08-01,Russia,NA,Arkhangelsk Oblast,1155028,57,0,8767,0
2020-08-02,Russia,NA,Arkhangelsk Oblast,1155028,75,0,8842,185
2020-08-03,Russia,NA,Arkhangelsk Oblast,1155028,59,0,8901,185
2020-08-04,Russia,NA,Arkhangelsk Oblast,1155028,68,13,8969,198
2020-08-05,Russia,NA,Arkhangelsk Oblast,1155028,71,5,9040,203
2020-08-06,Russia,NA,Arkhangelsk Oblast,1155028,61,0,9101,203
2020-08-07,Russia,NA,Arkhangelsk Oblast,1155028,64,4,9165,207
2020-08-08,Russia,NA,Arkhangelsk Oblast,1155028,70,12,9235,219
2020-08-09,Russia,NA,Arkhangelsk Oblast,1155028,68,0,9303,219
2020-08-10,Russia,NA,Arkhangelsk Oblast,1155028,63,0,9366,219
2020-08-11,Russia,NA,Arkhangelsk Oblast,1155028,48,1,9414,220
2020-08-12,Russia,NA,Arkhangelsk Oblast,1155028,65,0,9479,220
2020-08-13,Russia,NA,Arkhangelsk Oblast,1155028,68,7,9547,227
2020-08-14,Russia,NA,Arkhangelsk Oblast,1155028,83,7,9630,234
2020-08-15,Russia,NA,Arkhangelsk Oblast,1155028,67,7,9697,241
2020-08-16,Russia,NA,Arkhangelsk Oblast,1155028,71,0,9768,241
2020-08-17,Russia,NA,Arkhangelsk Oblast,1155028,70,0,9838,241
2020-08-18,Russia,NA,Arkhangelsk Oblast,1155028,83,0,9921,241
2020-08-19,Russia,NA,Arkhangelsk Oblast,1155028,67,0,9988,241
2020-08-20,Russia,NA,Arkhangelsk Oblast,1155028,71,0,10059,241
2020-08-21,Russia,NA,Arkhangelsk Oblast,1155028,77,0,10136,241
2020-08-22,Russia,NA,Arkhangelsk Oblast,1155028,89,2,10225,243
2020-08-23,Russia,NA,Arkhangelsk Oblast,1155028,81,2,10306,245
2020-08-24,Russia,NA,Arkhangelsk Oblast,1155028,52,0,10358,245
2020-08-25,Russia,NA,Arkhangelsk Oblast,1155028,24,0,10382,245
2020-08-26,Russia,NA,Arkhangelsk Oblast,1155028,60,0,10442,245
2020-08-27,Russia,NA,Arkhangelsk Oblast,1155028,73,3,10515,248
2020-08-28,Russia,NA,Arkhangelsk Oblast,1155028,87,1,10602,249
2020-08-29,Russia,NA,Arkhangelsk Oblast,1155028,100,2,10702,251
2020-08-30,Russia,NA,Arkhangelsk Oblast,1155028,81,0,10783,251
2020-08-31,Russia,NA,Arkhangelsk Oblast,1155028,42,0,10825,251
2020-04-19,Russia,NA,Astrakhan Oblast,1017514,24,0,123,0
2020-04-20,Russia,NA,Astrakhan Oblast,1017514,13,0,136,0
2020-04-21,Russia,NA,Astrakhan Oblast,1017514,1,0,137,0
2020-04-22,Russia,NA,Astrakhan Oblast,1017514,11,0,148,0
2020-04-23,Russia,NA,Astrakhan Oblast,1017514,17,0,165,0
2020-04-24,Russia,NA,Astrakhan Oblast,1017514,21,0,186,0
2020-04-25,Russia,NA,Astrakhan Oblast,1017514,25,0,211,0
2020-04-26,Russia,NA,Astrakhan Oblast,1017514,66,0,277,0
2020-04-27,Russia,NA,Astrakhan Oblast,1017514,21,0,298,0
2020-04-28,Russia,NA,Astrakhan Oblast,1017514,8,0,306,0
2020-04-29,Russia,NA,Astrakhan Oblast,1017514,44,0,350,0
2020-04-30,Russia,NA,Astrakhan Oblast,1017514,15,0,365,0
2020-05-01,Russia,NA,Astrakhan Oblast,1017514,19,0,384,0
2020-05-02,Russia,NA,Astrakhan Oblast,1017514,27,0,411,0
2020-05-03,Russia,NA,Astrakhan Oblast,1017514,76,0,487,0
2020-05-04,Russia,NA,Astrakhan Oblast,1017514,17,0,504,0
2020-05-05,Russia,NA,Astrakhan Oblast,1017514,31,0,535,0
2020-05-06,Russia,NA,Astrakhan Oblast,1017514,29,0,564,0
2020-05-07,Russia,NA,Astrakhan Oblast,1017514,25,0,589,0
2020-05-08,Russia,NA,Astrakhan Oblast,1017514,40,0,629,0
2020-05-09,Russia,NA,Astrakhan Oblast,1017514,44,0,673,0
2020-05-10,Russia,NA,Astrakhan Oblast,1017514,58,0,731,0
2020-05-11,Russia,NA,Astrakhan Oblast,1017514,33,0,764,0
2020-05-12,Russia,NA,Astrakhan Oblast,1017514,42,0,806,0
2020-05-13,Russia,NA,Astrakhan Oblast,1017514,44,0,850,0
2020-05-14,Russia,NA,Astrakhan Oblast,1017514,45,0,895,0
2020-05-15,Russia,NA,Astrakhan Oblast,1017514,50,0,945,0
2020-05-16,Russia,NA,Astrakhan Oblast,1017514,39,0,984,0
2020-05-17,Russia,NA,Astrakhan Oblast,1017514,45,0,1029,0
2020-05-18,Russia,NA,Astrakhan Oblast,1017514,36,0,1065,0
2020-05-19,Russia,NA,Astrakhan Oblast,1017514,34,0,1099,0
2020-05-20,Russia,NA,Astrakhan Oblast,1017514,55,0,1154,0
2020-05-21,Russia,NA,Astrakhan Oblast,1017514,48,0,1202,0
2020-05-22,Russia,NA,Astrakhan Oblast,1017514,45,0,1247,0
2020-05-23,Russia,NA,Astrakhan Oblast,1017514,51,0,1298,0
2020-05-24,Russia,NA,Astrakhan Oblast,1017514,50,0,1348,0
2020-05-25,Russia,NA,Astrakhan Oblast,1017514,153,0,1501,0
2020-05-26,Russia,NA,Astrakhan Oblast,1017514,57,0,1558,0
2020-05-27,Russia,NA,Astrakhan Oblast,1017514,38,0,1596,0
2020-05-28,Russia,NA,Astrakhan Oblast,1017514,18,0,1614,0
2020-05-29,Russia,NA,Astrakhan Oblast,1017514,40,0,1654,0
2020-05-30,Russia,NA,Astrakhan Oblast,1017514,39,0,1693,0
2020-05-31,Russia,NA,Astrakhan Oblast,1017514,59,0,1752,0
2020-06-01,Russia,NA,Astrakhan Oblast,1017514,131,0,1883,0
2020-06-02,Russia,NA,Astrakhan Oblast,1017514,54,0,1937,0
2020-06-03,Russia,NA,Astrakhan Oblast,1017514,67,0,2004,0
2020-06-04,Russia,NA,Astrakhan Oblast,1017514,93,0,2097,0
2020-06-05,Russia,NA,Astrakhan Oblast,1017514,75,0,2172,0
2020-06-06,Russia,NA,Astrakhan Oblast,1017514,61,0,2233,0
2020-06-07,Russia,NA,Astrakhan Oblast,1017514,60,0,2293,0
2020-06-08,Russia,NA,Astrakhan Oblast,1017514,44,0,2337,0
2020-06-09,Russia,NA,Astrakhan Oblast,1017514,83,0,2420,0
2020-06-10,Russia,NA,Astrakhan Oblast,1017514,81,0,2501,0
2020-06-11,Russia,NA,Astrakhan Oblast,1017514,85,0,2586,0
2020-06-12,Russia,NA,Astrakhan Oblast,1017514,44,0,2630,0
2020-06-13,Russia,NA,Astrakhan Oblast,1017514,44,0,2674,0
2020-06-14,Russia,NA,Astrakhan Oblast,1017514,59,0,2733,0
2020-06-15,Russia,NA,Astrakhan Oblast,1017514,61,0,2794,0
2020-06-16,Russia,NA,Astrakhan Oblast,1017514,68,0,2862,0
2020-06-17,Russia,NA,Astrakhan Oblast,1017514,65,0,2927,0
2020-06-18,Russia,NA,Astrakhan Oblast,1017514,60,0,2987,0
2020-06-19,Russia,NA,Astrakhan Oblast,1017514,59,0,3046,0
2020-06-20,Russia,NA,Astrakhan Oblast,1017514,57,0,3103,0
2020-06-21,Russia,NA,Astrakhan Oblast,1017514,55,0,3158,0
2020-06-22,Russia,NA,Astrakhan Oblast,1017514,48,0,3206,0
2020-06-23,Russia,NA,Astrakhan Oblast,1017514,36,0,3242,0
2020-06-24,Russia,NA,Astrakhan Oblast,1017514,33,0,3275,0
2020-06-25,Russia,NA,Astrakhan Oblast,1017514,32,0,3307,0
2020-06-26,Russia,NA,Astrakhan Oblast,1017514,40,0,3347,0
2020-06-27,Russia,NA,Astrakhan Oblast,1017514,35,0,3382,0
2020-06-28,Russia,NA,Astrakhan Oblast,1017514,37,0,3419,0
2020-06-29,Russia,NA,Astrakhan Oblast,1017514,29,0,3448,0
2020-06-30,Russia,NA,Astrakhan Oblast,1017514,31,0,3479,0
2020-07-01,Russia,NA,Astrakhan Oblast,1017514,34,0,3513,0
2020-07-02,Russia,NA,Astrakhan Oblast,1017514,35,0,3548,0
2020-07-03,Russia,NA,Astrakhan Oblast,1017514,29,0,3577,0
2020-07-04,Russia,NA,Astrakhan Oblast,1017514,40,0,3617,0
2020-07-05,Russia,NA,Astrakhan Oblast,1017514,39,0,3656,0
2020-07-06,Russia,NA,Astrakhan Oblast,1017514,42,0,3698,0
2020-07-07,Russia,NA,Astrakhan Oblast,1017514,40,0,3738,0
2020-07-08,Russia,NA,Astrakhan Oblast,1017514,35,0,3773,0
2020-07-09,Russia,NA,Astrakhan Oblast,1017514,33,0,3806,0
2020-07-10,Russia,NA,Astrakhan Oblast,1017514,36,0,3842,0
2020-07-11,Russia,NA,Astrakhan Oblast,1017514,31,0,3873,0
2020-07-12,Russia,NA,Astrakhan Oblast,1017514,37,0,3910,0
2020-07-13,Russia,NA,Astrakhan Oblast,1017514,33,0,3943,0
2020-07-14,Russia,NA,Astrakhan Oblast,1017514,34,0,3977,0
2020-07-15,Russia,NA,Astrakhan Oblast,1017514,36,0,4013,0
2020-07-16,Russia,NA,Astrakhan Oblast,1017514,32,0,4045,0
2020-07-17,Russia,NA,Astrakhan Oblast,1017514,41,0,4086,0
2020-07-18,Russia,NA,Astrakhan Oblast,1017514,58,0,4144,0
2020-07-19,Russia,NA,Astrakhan Oblast,1017514,32,0,4176,0
2020-07-20,Russia,NA,Astrakhan Oblast,1017514,37,0,4213,0
2020-07-21,Russia,NA,Astrakhan Oblast,1017514,32,0,4245,0
2020-07-22,Russia,NA,Astrakhan Oblast,1017514,35,0,4280,0
2020-07-23,Russia,NA,Astrakhan Oblast,1017514,31,0,4311,0
2020-07-24,Russia,NA,Astrakhan Oblast,1017514,30,0,4341,0
2020-07-25,Russia,NA,Astrakhan Oblast,1017514,30,0,4371,0
2020-07-26,Russia,NA,Astrakhan Oblast,1017514,34,0,4405,0
2020-07-27,Russia,NA,Astrakhan Oblast,1017514,32,0,4437,0
2020-07-28,Russia,NA,Astrakhan Oblast,1017514,36,0,4473,0
2020-07-29,Russia,NA,Astrakhan Oblast,1017514,30,0,4503,0
2020-07-30,Russia,NA,Astrakhan Oblast,1017514,35,0,4538,0
2020-07-31,Russia,NA,Astrakhan Oblast,1017514,31,0,4569,0
2020-08-01,Russia,NA,Astrakhan Oblast,1017514,51,0,4620,0
2020-08-02,Russia,NA,Astrakhan Oblast,1017514,37,0,4657,49
2020-08-03,Russia,NA,Astrakhan Oblast,1017514,31,0,4688,49
2020-08-04,Russia,NA,Astrakhan Oblast,1017514,29,1,4717,50
2020-08-05,Russia,NA,Astrakhan Oblast,1017514,34,0,4751,50
2020-08-06,Russia,NA,Astrakhan Oblast,1017514,41,0,4792,50
2020-08-07,Russia,NA,Astrakhan Oblast,1017514,39,1,4831,51
2020-08-08,Russia,NA,Astrakhan Oblast,1017514,34,1,4865,52
2020-08-09,Russia,NA,Astrakhan Oblast,1017514,31,0,4896,52
2020-08-10,Russia,NA,Astrakhan Oblast,1017514,32,1,4928,53
2020-08-11,Russia,NA,Astrakhan Oblast,1017514,37,1,4965,54
2020-08-12,Russia,NA,Astrakhan Oblast,1017514,41,0,5006,54
2020-08-13,Russia,NA,Astrakhan Oblast,1017514,35,1,5041,55
2020-08-14,Russia,NA,Astrakhan Oblast,1017514,38,1,5079,56
2020-08-15,Russia,NA,Astrakhan Oblast,1017514,36,1,5115,57
2020-08-16,Russia,NA,Astrakhan Oblast,1017514,33,1,5148,58
2020-08-17,Russia,NA,Astrakhan Oblast,1017514,37,1,5185,59
2020-08-18,Russia,NA,Astrakhan Oblast,1017514,44,1,5229,60
2020-08-19,Russia,NA,Astrakhan Oblast,1017514,35,1,5264,61
2020-08-20,Russia,NA,Astrakhan Oblast,1017514,30,1,5294,62
2020-08-21,Russia,NA,Astrakhan Oblast,1017514,37,1,5331,63
2020-08-22,Russia,NA,Astrakhan Oblast,1017514,38,2,5369,65
2020-08-23,Russia,NA,Astrakhan Oblast,1017514,41,0,5410,65
2020-08-24,Russia,NA,Astrakhan Oblast,1017514,35,1,5445,66
2020-08-25,Russia,NA,Astrakhan Oblast,1017514,33,1,5478,67
2020-08-26,Russia,NA,Astrakhan Oblast,1017514,30,1,5508,68
2020-08-27,Russia,NA,Astrakhan Oblast,1017514,43,1,5551,69
2020-08-28,Russia,NA,Astrakhan Oblast,1017514,40,1,5591,70
2020-08-29,Russia,NA,Astrakhan Oblast,1017514,37,2,5628,72
2020-08-30,Russia,NA,Astrakhan Oblast,1017514,30,0,5658,72
2020-08-31,Russia,NA,Astrakhan Oblast,1017514,35,1,5693,73
2020-04-13,Russia,NA,Bashkortostan,4063293,23,0,107,0
2020-04-14,Russia,NA,Bashkortostan,4063293,22,0,129,0
2020-04-15,Russia,NA,Bashkortostan,4063293,20,0,149,0
2020-04-16,Russia,NA,Bashkortostan,4063293,42,0,191,0
2020-04-17,Russia,NA,Bashkortostan,4063293,22,0,213,0
2020-04-18,Russia,NA,Bashkortostan,4063293,39,0,252,0
2020-04-20,Russia,NA,Bashkortostan,4063293,45,0,297,0
2020-04-21,Russia,NA,Bashkortostan,4063293,74,0,371,0
2020-04-22,Russia,NA,Bashkortostan,4063293,25,0,396,0
2020-04-23,Russia,NA,Bashkortostan,4063293,26,0,422,0
2020-04-24,Russia,NA,Bashkortostan,4063293,33,0,455,0
2020-04-25,Russia,NA,Bashkortostan,4063293,35,0,490,0
2020-04-26,Russia,NA,Bashkortostan,4063293,37,0,527,0
2020-04-27,Russia,NA,Bashkortostan,4063293,43,0,570,0
2020-04-28,Russia,NA,Bashkortostan,4063293,61,0,631,0
2020-04-29,Russia,NA,Bashkortostan,4063293,60,0,691,0
2020-04-30,Russia,NA,Bashkortostan,4063293,75,0,766,0
2020-05-01,Russia,NA,Bashkortostan,4063293,77,0,843,0
2020-05-02,Russia,NA,Bashkortostan,4063293,92,0,935,0
2020-05-03,Russia,NA,Bashkortostan,4063293,87,0,1022,0
2020-05-04,Russia,NA,Bashkortostan,4063293,80,0,1102,0
2020-05-05,Russia,NA,Bashkortostan,4063293,34,0,1136,0
2020-05-06,Russia,NA,Bashkortostan,4063293,24,0,1160,0
2020-05-07,Russia,NA,Bashkortostan,4063293,83,0,1243,0
2020-05-08,Russia,NA,Bashkortostan,4063293,89,0,1332,0
2020-05-09,Russia,NA,Bashkortostan,4063293,84,0,1416,0
2020-05-10,Russia,NA,Bashkortostan,4063293,75,0,1491,0
2020-05-11,Russia,NA,Bashkortostan,4063293,76,0,1567,0
2020-05-12,Russia,NA,Bashkortostan,4063293,80,0,1647,0
2020-05-13,Russia,NA,Bashkortostan,4063293,49,0,1696,0
2020-05-14,Russia,NA,Bashkortostan,4063293,88,0,1784,0
2020-05-15,Russia,NA,Bashkortostan,4063293,90,0,1874,0
2020-05-16,Russia,NA,Bashkortostan,4063293,89,0,1963,0
2020-05-17,Russia,NA,Bashkortostan,4063293,98,0,2061,0
2020-05-18,Russia,NA,Bashkortostan,4063293,94,0,2155,0
2020-05-19,Russia,NA,Bashkortostan,4063293,92,0,2247,0
2020-05-20,Russia,NA,Bashkortostan,4063293,88,0,2335,0
2020-05-21,Russia,NA,Bashkortostan,4063293,89,0,2424,0
2020-05-22,Russia,NA,Bashkortostan,4063293,90,0,2514,0
2020-05-23,Russia,NA,Bashkortostan,4063293,88,0,2602,0
2020-05-24,Russia,NA,Bashkortostan,4063293,81,0,2683,0
2020-05-25,Russia,NA,Bashkortostan,4063293,89,0,2772,0
2020-05-26,Russia,NA,Bashkortostan,4063293,79,0,2851,0
2020-05-27,Russia,NA,Bashkortostan,4063293,91,0,2942,0
2020-05-28,Russia,NA,Bashkortostan,4063293,79,0,3021,0
2020-05-29,Russia,NA,Bashkortostan,4063293,84,0,3105,0
2020-05-30,Russia,NA,Bashkortostan,4063293,80,0,3185,0
2020-05-31,Russia,NA,Bashkortostan,4063293,75,0,3260,0
2020-06-01,Russia,NA,Bashkortostan,4063293,77,0,3337,0
2020-06-02,Russia,NA,Bashkortostan,4063293,72,0,3409,0
2020-06-03,Russia,NA,Bashkortostan,4063293,92,0,3501,0
2020-06-04,Russia,NA,Bashkortostan,4063293,107,0,3608,0
2020-06-05,Russia,NA,Bashkortostan,4063293,119,0,3727,0
2020-06-06,Russia,NA,Bashkortostan,4063293,105,0,3832,0
2020-06-07,Russia,NA,Bashkortostan,4063293,96,0,3928,0
2020-06-08,Russia,NA,Bashkortostan,4063293,89,0,4017,0
2020-06-09,Russia,NA,Bashkortostan,4063293,96,0,4113,0
2020-06-10,Russia,NA,Bashkortostan,4063293,81,0,4194,0
2020-06-11,Russia,NA,Bashkortostan,4063293,79,0,4273,0
2020-06-12,Russia,NA,Bashkortostan,4063293,75,0,4348,0
2020-06-13,Russia,NA,Bashkortostan,4063293,70,0,4418,0
2020-06-14,Russia,NA,Bashkortostan,4063293,68,0,4486,0
2020-06-15,Russia,NA,Bashkortostan,4063293,61,0,4547,0
2020-06-16,Russia,NA,Bashkortostan,4063293,64,0,4611,0
2020-06-17,Russia,NA,Bashkortostan,4063293,59,0,4670,0
2020-06-18,Russia,NA,Bashkortostan,4063293,60,0,4730,0
2020-06-19,Russia,NA,Bashkortostan,4063293,62,0,4792,0
2020-06-20,Russia,NA,Bashkortostan,4063293,58,0,4850,0
2020-06-21,Russia,NA,Bashkortostan,4063293,56,0,4906,0
2020-06-22,Russia,NA,Bashkortostan,4063293,53,0,4959,0
2020-06-23,Russia,NA,Bashkortostan,4063293,52,0,5011,0
2020-06-24,Russia,NA,Bashkortostan,4063293,57,0,5068,0
2020-06-25,Russia,NA,Bashkortostan,4063293,53,0,5121,0
2020-06-26,Russia,NA,Bashkortostan,4063293,50,0,5171,0
2020-06-27,Russia,NA,Bashkortostan,4063293,49,0,5220,0
2020-06-28,Russia,NA,Bashkortostan,4063293,47,0,5267,0
2020-06-29,Russia,NA,Bashkortostan,4063293,48,0,5315,0
2020-06-30,Russia,NA,Bashkortostan,4063293,46,0,5361,0
2020-07-01,Russia,NA,Bashkortostan,4063293,44,0,5405,0
2020-07-02,Russia,NA,Bashkortostan,4063293,45,0,5450,0
2020-07-03,Russia,NA,Bashkortostan,4063293,47,0,5497,0
2020-07-04,Russia,NA,Bashkortostan,4063293,46,0,5543,0
2020-07-05,Russia,NA,Bashkortostan,4063293,48,0,5591,0
2020-07-06,Russia,NA,Bashkortostan,4063293,47,0,5638,0
2020-07-07,Russia,NA,Bashkortostan,4063293,48,0,5686,0
2020-07-08,Russia,NA,Bashkortostan,4063293,45,0,5731,0
2020-07-09,Russia,NA,Bashkortostan,4063293,47,0,5778,0
2020-07-10,Russia,NA,Bashkortostan,4063293,48,0,5826,0
2020-07-11,Russia,NA,Bashkortostan,4063293,49,0,5875,0
2020-07-12,Russia,NA,Bashkortostan,4063293,46,0,5921,0
2020-07-13,Russia,NA,Bashkortostan,4063293,46,0,5967,0
2020-07-14,Russia,NA,Bashkortostan,4063293,47,0,6014,0
2020-07-15,Russia,NA,Bashkortostan,4063293,63,0,6077,0
2020-07-16,Russia,NA,Bashkortostan,4063293,57,0,6134,0
2020-07-17,Russia,NA,Bashkortostan,4063293,60,0,6194,0
2020-07-18,Russia,NA,Bashkortostan,4063293,55,0,6249,0
2020-07-19,Russia,NA,Bashkortostan,4063293,58,0,6307,0
2020-07-20,Russia,NA,Bashkortostan,4063293,41,0,6348,0
2020-07-21,Russia,NA,Bashkortostan,4063293,38,0,6386,0
2020-07-22,Russia,NA,Bashkortostan,4063293,40,0,6426,0
2020-07-23,Russia,NA,Bashkortostan,4063293,37,0,6463,0
2020-07-24,Russia,NA,Bashkortostan,4063293,37,0,6500,0
2020-07-25,Russia,NA,Bashkortostan,4063293,36,0,6536,0
2020-07-26,Russia,NA,Bashkortostan,4063293,35,0,6571,0
2020-07-27,Russia,NA,Bashkortostan,4063293,36,0,6607,0
2020-07-28,Russia,NA,Bashkortostan,4063293,33,0,6640,0
2020-07-29,Russia,NA,Bashkortostan,4063293,35,0,6675,0
2020-07-30,Russia,NA,Bashkortostan,4063293,36,0,6711,0
2020-07-31,Russia,NA,Bashkortostan,4063293,34,0,6745,0
2020-08-01,Russia,NA,Bashkortostan,4063293,35,0,6780,0
2020-08-02,Russia,NA,Bashkortostan,4063293,35,0,6815,23
2020-08-03,Russia,NA,Bashkortostan,4063293,36,0,6851,23
2020-08-04,Russia,NA,Bashkortostan,4063293,35,0,6886,23
2020-08-05,Russia,NA,Bashkortostan,4063293,34,0,6920,23
2020-08-06,Russia,NA,Bashkortostan,4063293,35,1,6955,24
2020-08-07,Russia,NA,Bashkortostan,4063293,35,0,6990,24
2020-08-08,Russia,NA,Bashkortostan,4063293,34,1,7024,25
2020-08-09,Russia,NA,Bashkortostan,4063293,35,0,7059,25
2020-08-10,Russia,NA,Bashkortostan,4063293,34,0,7093,25
2020-08-11,Russia,NA,Bashkortostan,4063293,34,0,7127,25
2020-08-12,Russia,NA,Bashkortostan,4063293,35,0,7162,25
2020-08-13,Russia,NA,Bashkortostan,4063293,35,0,7197,25
2020-08-14,Russia,NA,Bashkortostan,4063293,33,1,7230,26
2020-08-15,Russia,NA,Bashkortostan,4063293,34,0,7264,26
2020-08-16,Russia,NA,Bashkortostan,4063293,34,0,7298,26
2020-08-17,Russia,NA,Bashkortostan,4063293,35,0,7333,26
2020-08-18,Russia,NA,Bashkortostan,4063293,34,0,7367,26
2020-08-19,Russia,NA,Bashkortostan,4063293,35,1,7402,27
2020-08-20,Russia,NA,Bashkortostan,4063293,33,0,7435,27
2020-08-21,Russia,NA,Bashkortostan,4063293,34,0,7469,27
2020-08-22,Russia,NA,Bashkortostan,4063293,31,0,7500,27
2020-08-23,Russia,NA,Bashkortostan,4063293,34,0,7534,27
2020-08-24,Russia,NA,Bashkortostan,4063293,33,1,7567,28
2020-08-25,Russia,NA,Bashkortostan,4063293,34,0,7601,28
2020-08-26,Russia,NA,Bashkortostan,4063293,33,0,7634,28
2020-08-27,Russia,NA,Bashkortostan,4063293,33,0,7667,28
2020-08-28,Russia,NA,Bashkortostan,4063293,31,0,7698,28
2020-08-29,Russia,NA,Bashkortostan,4063293,33,1,7731,29
2020-08-30,Russia,NA,Bashkortostan,4063293,32,0,7763,29
2020-08-31,Russia,NA,Bashkortostan,4063293,32,0,7795,29
2020-04-20,Russia,NA,Belgorod Oblast,1549876,22,0,112,0
2020-04-21,Russia,NA,Belgorod Oblast,1549876,10,0,122,0
2020-04-22,Russia,NA,Belgorod Oblast,1549876,22,0,144,0
2020-04-23,Russia,NA,Belgorod Oblast,1549876,32,0,176,0
2020-04-24,Russia,NA,Belgorod Oblast,1549876,26,0,202,0
2020-04-25,Russia,NA,Belgorod Oblast,1549876,19,0,221,0
2020-04-26,Russia,NA,Belgorod Oblast,1549876,21,0,242,0
2020-04-27,Russia,NA,Belgorod Oblast,1549876,27,0,269,0
2020-04-28,Russia,NA,Belgorod Oblast,1549876,30,0,299,0
2020-04-29,Russia,NA,Belgorod Oblast,1549876,28,0,327,0
2020-04-30,Russia,NA,Belgorod Oblast,1549876,28,0,355,0
2020-05-01,Russia,NA,Belgorod Oblast,1549876,28,0,383,0
2020-05-02,Russia,NA,Belgorod Oblast,1549876,36,0,419,0
2020-05-03,Russia,NA,Belgorod Oblast,1549876,35,0,454,0
2020-05-04,Russia,NA,Belgorod Oblast,1549876,31,0,485,0
2020-05-05,Russia,NA,Belgorod Oblast,1549876,39,0,524,0
2020-05-06,Russia,NA,Belgorod Oblast,1549876,16,0,540,0
2020-05-07,Russia,NA,Belgorod Oblast,1549876,34,0,574,0
2020-05-08,Russia,NA,Belgorod Oblast,1549876,39,0,613,0
2020-05-09,Russia,NA,Belgorod Oblast,1549876,46,0,659,0
2020-05-10,Russia,NA,Belgorod Oblast,1549876,48,0,707,0
2020-05-11,Russia,NA,Belgorod Oblast,1549876,91,0,798,0
2020-05-12,Russia,NA,Belgorod Oblast,1549876,54,0,852,0
2020-05-13,Russia,NA,Belgorod Oblast,1549876,90,0,942,0
2020-05-14,Russia,NA,Belgorod Oblast,1549876,52,0,994,0
2020-05-15,Russia,NA,Belgorod Oblast,1549876,79,0,1073,0
2020-05-16,Russia,NA,Belgorod Oblast,1549876,76,0,1149,0
2020-05-17,Russia,NA,Belgorod Oblast,1549876,73,0,1222,0
2020-05-18,Russia,NA,Belgorod Oblast,1549876,70,0,1292,0
2020-05-19,Russia,NA,Belgorod Oblast,1549876,69,0,1361,0
2020-05-20,Russia,NA,Belgorod Oblast,1549876,67,0,1428,0
2020-05-21,Russia,NA,Belgorod Oblast,1549876,71,0,1499,0
2020-05-22,Russia,NA,Belgorod Oblast,1549876,82,0,1581,0
2020-05-23,Russia,NA,Belgorod Oblast,1549876,73,0,1654,0
2020-05-24,Russia,NA,Belgorod Oblast,1549876,82,0,1736,0
2020-05-25,Russia,NA,Belgorod Oblast,1549876,89,0,1825,0
2020-05-26,Russia,NA,Belgorod Oblast,1549876,76,0,1901,0
2020-05-27,Russia,NA,Belgorod Oblast,1549876,79,0,1980,0
2020-05-28,Russia,NA,Belgorod Oblast,1549876,79,0,2059,0
2020-05-29,Russia,NA,Belgorod Oblast,1549876,81,0,2140,0
2020-05-30,Russia,NA,Belgorod Oblast,1549876,83,0,2223,0
2020-05-31,Russia,NA,Belgorod Oblast,1549876,87,0,2310,0
2020-06-01,Russia,NA,Belgorod Oblast,1549876,82,0,2392,0
2020-06-02,Russia,NA,Belgorod Oblast,1549876,79,0,2471,0
2020-06-03,Russia,NA,Belgorod Oblast,1549876,77,0,2548,0
2020-06-04,Russia,NA,Belgorod Oblast,1549876,76,0,2624,0
2020-06-05,Russia,NA,Belgorod Oblast,1549876,71,0,2695,0
2020-06-06,Russia,NA,Belgorod Oblast,1549876,74,0,2769,0
2020-06-07,Russia,NA,Belgorod Oblast,1549876,71,0,2840,0
2020-06-08,Russia,NA,Belgorod Oblast,1549876,73,0,2913,0
2020-06-09,Russia,NA,Belgorod Oblast,1549876,75,0,2988,0
2020-06-10,Russia,NA,Belgorod Oblast,1549876,73,0,3061,0
2020-06-11,Russia,NA,Belgorod Oblast,1549876,76,0,3137,0
2020-06-12,Russia,NA,Belgorod Oblast,1549876,70,0,3207,0
2020-06-13,Russia,NA,Belgorod Oblast,1549876,77,0,3284,0
2020-06-14,Russia,NA,Belgorod Oblast,1549876,80,0,3364,0
2020-06-15,Russia,NA,Belgorod Oblast,1549876,78,0,3442,0
2020-06-16,Russia,NA,Belgorod Oblast,1549876,72,0,3514,0
2020-06-17,Russia,NA,Belgorod Oblast,1549876,78,0,3592,0
2020-06-18,Russia,NA,Belgorod Oblast,1549876,74,0,3666,0
2020-06-19,Russia,NA,Belgorod Oblast,1549876,81,0,3747,0
2020-06-20,Russia,NA,Belgorod Oblast,1549876,73,0,3820,0
2020-06-21,Russia,NA,Belgorod Oblast,1549876,76,0,3896,0
2020-06-22,Russia,NA,Belgorod Oblast,1549876,80,0,3976,0
2020-06-23,Russia,NA,Belgorod Oblast,1549876,72,0,4048,0
2020-06-24,Russia,NA,Belgorod Oblast,1549876,72,0,4120,0
2020-06-25,Russia,NA,Belgorod Oblast,1549876,69,0,4189,0
2020-06-26,Russia,NA,Belgorod Oblast,1549876,72,0,4261,0
2020-06-27,Russia,NA,Belgorod Oblast,1549876,70,0,4331,0
2020-06-28,Russia,NA,Belgorod Oblast,1549876,68,0,4399,0
2020-06-29,Russia,NA,Belgorod Oblast,1549876,65,0,4464,0
2020-06-30,Russia,NA,Belgorod Oblast,1549876,60,0,4524,0
2020-07-01,Russia,NA,Belgorod Oblast,1549876,59,0,4583,0
2020-07-02,Russia,NA,Belgorod Oblast,1549876,54,0,4637,0
2020-07-03,Russia,NA,Belgorod Oblast,1549876,60,0,4697,0
2020-07-04,Russia,NA,Belgorod Oblast,1549876,52,0,4749,0
2020-07-05,Russia,NA,Belgorod Oblast,1549876,57,0,4806,0
2020-07-06,Russia,NA,Belgorod Oblast,1549876,51,0,4857,0
2020-07-07,Russia,NA,Belgorod Oblast,1549876,49,0,4906,0
2020-07-08,Russia,NA,Belgorod Oblast,1549876,44,0,4950,0
2020-07-09,Russia,NA,Belgorod Oblast,1549876,48,0,4998,0
2020-07-10,Russia,NA,Belgorod Oblast,1549876,40,0,5038,0
2020-07-11,Russia,NA,Belgorod Oblast,1549876,47,0,5085,0
2020-07-12,Russia,NA,Belgorod Oblast,1549876,43,0,5128,0
2020-07-13,Russia,NA,Belgorod Oblast,1549876,48,0,5176,0
2020-07-14,Russia,NA,Belgorod Oblast,1549876,51,0,5227,0
2020-07-15,Russia,NA,Belgorod Oblast,1549876,44,0,5271,0
2020-07-16,Russia,NA,Belgorod Oblast,1549876,48,0,5319,0
2020-07-17,Russia,NA,Belgorod Oblast,1549876,41,0,5360,0
2020-07-18,Russia,NA,Belgorod Oblast,1549876,38,0,5398,0
2020-07-19,Russia,NA,Belgorod Oblast,1549876,43,0,5441,0
2020-07-20,Russia,NA,Belgorod Oblast,1549876,45,0,5486,0
2020-07-21,Russia,NA,Belgorod Oblast,1549876,41,0,5527,0
2020-07-22,Russia,NA,Belgorod Oblast,1549876,44,0,5571,0
2020-07-23,Russia,NA,Belgorod Oblast,1549876,46,0,5617,0
2020-07-24,Russia,NA,Belgorod Oblast,1549876,39,0,5656,0
2020-07-25,Russia,NA,Belgorod Oblast,1549876,47,0,5703,0
2020-07-26,Russia,NA,Belgorod Oblast,1549876,42,0,5745,0
2020-07-27,Russia,NA,Belgorod Oblast,1549876,39,0,5784,0
2020-07-28,Russia,NA,Belgorod Oblast,1549876,45,0,5829,0
2020-07-29,Russia,NA,Belgorod Oblast,1549876,42,0,5871,0
2020-07-30,Russia,NA,Belgorod Oblast,1549876,39,0,5910,0
2020-07-31,Russia,NA,Belgorod Oblast,1549876,42,0,5952,0
2020-08-01,Russia,NA,Belgorod Oblast,1549876,46,0,5998,0
2020-08-02,Russia,NA,Belgorod Oblast,1549876,44,0,6042,47
2020-08-03,Russia,NA,Belgorod Oblast,1549876,41,0,6083,47
2020-08-04,Russia,NA,Belgorod Oblast,1549876,40,0,6123,47
2020-08-05,Russia,NA,Belgorod Oblast,1549876,46,2,6169,49
2020-08-06,Russia,NA,Belgorod Oblast,1549876,51,0,6220,49
2020-08-07,Russia,NA,Belgorod Oblast,1549876,49,1,6269,50
2020-08-08,Russia,NA,Belgorod Oblast,1549876,45,1,6314,51
2020-08-09,Russia,NA,Belgorod Oblast,1549876,46,0,6360,51
2020-08-10,Russia,NA,Belgorod Oblast,1549876,50,0,6410,51
2020-08-11,Russia,NA,Belgorod Oblast,1549876,51,0,6461,51
2020-08-12,Russia,NA,Belgorod Oblast,1549876,48,0,6509,51
2020-08-13,Russia,NA,Belgorod Oblast,1549876,53,0,6562,51
2020-08-14,Russia,NA,Belgorod Oblast,1549876,51,0,6613,51
2020-08-15,Russia,NA,Belgorod Oblast,1549876,52,0,6665,51
2020-08-16,Russia,NA,Belgorod Oblast,1549876,49,0,6714,51
2020-08-17,Russia,NA,Belgorod Oblast,1549876,48,0,6762,51
2020-08-18,Russia,NA,Belgorod Oblast,1549876,45,0,6807,51
2020-08-19,Russia,NA,Belgorod Oblast,1549876,47,0,6854,51
2020-08-20,Russia,NA,Belgorod Oblast,1549876,47,0,6901,51
2020-08-21,Russia,NA,Belgorod Oblast,1549876,43,0,6944,51
2020-08-22,Russia,NA,Belgorod Oblast,1549876,46,0,6990,51
2020-08-23,Russia,NA,Belgorod Oblast,1549876,43,0,7033,51
2020-08-24,Russia,NA,Belgorod Oblast,1549876,41,0,7074,51
2020-08-25,Russia,NA,Belgorod Oblast,1549876,43,0,7117,51
2020-08-26,Russia,NA,Belgorod Oblast,1549876,40,0,7157,51
2020-08-27,Russia,NA,Belgorod Oblast,1549876,38,0,7195,51
2020-08-28,Russia,NA,Belgorod Oblast,1549876,44,0,7239,51
2020-08-29,Russia,NA,Belgorod Oblast,1549876,40,2,7279,53
2020-08-30,Russia,NA,Belgorod Oblast,1549876,41,0,7320,53
2020-08-31,Russia,NA,Belgorod Oblast,1549876,45,0,7365,53
2020-04-11,Russia,NA,Bryansk Oblast,1210982,26,0,123,0
2020-04-12,Russia,NA,Bryansk Oblast,1210982,18,0,141,0
2020-04-13,Russia,NA,Bryansk Oblast,1210982,1,0,142,0
2020-04-15,Russia,NA,Bryansk Oblast,1210982,22,0,164,0
2020-04-16,Russia,NA,Bryansk Oblast,1210982,37,0,201,0
2020-04-17,Russia,NA,Bryansk Oblast,1210982,27,0,228,0
2020-04-18,Russia,NA,Bryansk Oblast,1210982,28,0,256,0
2020-04-19,Russia,NA,Bryansk Oblast,1210982,23,0,279,0
2020-04-20,Russia,NA,Bryansk Oblast,1210982,42,0,321,0
2020-04-21,Russia,NA,Bryansk Oblast,1210982,29,0,350,0
2020-04-22,Russia,NA,Bryansk Oblast,1210982,49,0,399,0
2020-04-23,Russia,NA,Bryansk Oblast,1210982,60,0,459,0
2020-04-24,Russia,NA,Bryansk Oblast,1210982,35,0,494,0
2020-04-25,Russia,NA,Bryansk Oblast,1210982,27,0,521,0
2020-04-26,Russia,NA,Bryansk Oblast,1210982,78,0,599,0
2020-04-27,Russia,NA,Bryansk Oblast,1210982,43,0,642,0
2020-04-28,Russia,NA,Bryansk Oblast,1210982,26,0,668,0
2020-04-29,Russia,NA,Bryansk Oblast,1210982,115,0,783,0
2020-04-30,Russia,NA,Bryansk Oblast,1210982,118,0,901,0
2020-05-01,Russia,NA,Bryansk Oblast,1210982,88,0,989,0
2020-05-02,Russia,NA,Bryansk Oblast,1210982,73,0,1062,0
2020-05-03,Russia,NA,Bryansk Oblast,1210982,86,0,1148,0
2020-05-04,Russia,NA,Bryansk Oblast,1210982,102,0,1250,0
2020-05-05,Russia,NA,Bryansk Oblast,1210982,37,0,1287,0
2020-05-06,Russia,NA,Bryansk Oblast,1210982,80,0,1367,0
2020-05-07,Russia,NA,Bryansk Oblast,1210982,75,0,1442,0
2020-05-08,Russia,NA,Bryansk Oblast,1210982,72,0,1514,0
2020-05-09,Russia,NA,Bryansk Oblast,1210982,23,0,1537,0
2020-05-10,Russia,NA,Bryansk Oblast,1210982,68,0,1605,0
2020-05-11,Russia,NA,Bryansk Oblast,1210982,73,0,1678,0
2020-05-12,Russia,NA,Bryansk Oblast,1210982,75,0,1753,0
2020-05-13,Russia,NA,Bryansk Oblast,1210982,73,0,1826,0
2020-05-14,Russia,NA,Bryansk Oblast,1210982,82,0,1908,0
2020-05-15,Russia,NA,Bryansk Oblast,1210982,87,0,1995,0
2020-05-16,Russia,NA,Bryansk Oblast,1210982,85,0,2080,0
2020-05-17,Russia,NA,Bryansk Oblast,1210982,98,0,2178,0
2020-05-18,Russia,NA,Bryansk Oblast,1210982,115,0,2293,0
2020-05-19,Russia,NA,Bryansk Oblast,1210982,112,0,2405,0
2020-05-20,Russia,NA,Bryansk Oblast,1210982,110,0,2515,0
2020-05-21,Russia,NA,Bryansk Oblast,1210982,117,0,2632,0
2020-05-22,Russia,NA,Bryansk Oblast,1210982,105,0,2737,0
2020-05-23,Russia,NA,Bryansk Oblast,1210982,103,0,2840,0
2020-05-24,Russia,NA,Bryansk Oblast,1210982,111,0,2951,0
2020-05-25,Russia,NA,Bryansk Oblast,1210982,106,0,3057,0
2020-05-26,Russia,NA,Bryansk Oblast,1210982,99,0,3156,0
2020-05-27,Russia,NA,Bryansk Oblast,1210982,98,0,3254,0
2020-05-28,Russia,NA,Bryansk Oblast,1210982,109,0,3363,0
2020-05-29,Russia,NA,Bryansk Oblast,1210982,110,0,3473,0
2020-05-30,Russia,NA,Bryansk Oblast,1210982,105,0,3578,0
2020-05-31,Russia,NA,Bryansk Oblast,1210982,107,0,3685,0
2020-06-01,Russia,NA,Bryansk Oblast,1210982,102,0,3787,0
2020-06-02,Russia,NA,Bryansk Oblast,1210982,98,0,3885,0
2020-06-03,Russia,NA,Bryansk Oblast,1210982,97,0,3982,0
2020-06-04,Russia,NA,Bryansk Oblast,1210982,96,0,4078,0
2020-06-05,Russia,NA,Bryansk Oblast,1210982,96,0,4174,0
2020-06-06,Russia,NA,Bryansk Oblast,1210982,95,0,4269,0
2020-06-07,Russia,NA,Bryansk Oblast,1210982,95,0,4364,0
2020-06-08,Russia,NA,Bryansk Oblast,1210982,94,0,4458,0
2020-06-09,Russia,NA,Bryansk Oblast,1210982,93,0,4551,0
2020-06-10,Russia,NA,Bryansk Oblast,1210982,90,0,4641,0
2020-06-11,Russia,NA,Bryansk Oblast,1210982,91,0,4732,0
2020-06-12,Russia,NA,Bryansk Oblast,1210982,93,0,4825,0
2020-06-13,Russia,NA,Bryansk Oblast,1210982,95,0,4920,0
2020-06-14,Russia,NA,Bryansk Oblast,1210982,91,0,5011,0
2020-06-15,Russia,NA,Bryansk Oblast,1210982,87,0,5098,0
2020-06-16,Russia,NA,Bryansk Oblast,1210982,85,0,5183,0
2020-06-17,Russia,NA,Bryansk Oblast,1210982,87,0,5270,0
2020-06-18,Russia,NA,Bryansk Oblast,1210982,75,0,5345,0
2020-06-19,Russia,NA,Bryansk Oblast,1210982,76,0,5421,0
2020-06-20,Russia,NA,Bryansk Oblast,1210982,77,0,5498,0
2020-06-21,Russia,NA,Bryansk Oblast,1210982,81,0,5579,0
2020-06-22,Russia,NA,Bryansk Oblast,1210982,76,0,5655,0
2020-06-23,Russia,NA,Bryansk Oblast,1210982,74,0,5729,0
2020-06-24,Russia,NA,Bryansk Oblast,1210982,72,0,5801,0
2020-06-25,Russia,NA,Bryansk Oblast,1210982,69,0,5870,0
2020-06-26,Russia,NA,Bryansk Oblast,1210982,71,0,5941,0
2020-06-27,Russia,NA,Bryansk Oblast,1210982,70,0,6011,0
2020-06-28,Russia,NA,Bryansk Oblast,1210982,68,0,6079,0
2020-06-29,Russia,NA,Bryansk Oblast,1210982,68,0,6147,0
2020-06-30,Russia,NA,Bryansk Oblast,1210982,65,0,6212,0
2020-07-01,Russia,NA,Bryansk Oblast,1210982,59,0,6271,0
2020-07-02,Russia,NA,Bryansk Oblast,1210982,54,0,6325,0
2020-07-03,Russia,NA,Bryansk Oblast,1210982,53,0,6378,0
2020-07-04,Russia,NA,Bryansk Oblast,1210982,51,0,6429,0
2020-07-05,Russia,NA,Bryansk Oblast,1210982,50,0,6479,0
2020-07-06,Russia,NA,Bryansk Oblast,1210982,43,0,6522,0
2020-07-07,Russia,NA,Bryansk Oblast,1210982,41,0,6563,0
2020-07-08,Russia,NA,Bryansk Oblast,1210982,40,0,6603,0
2020-07-09,Russia,NA,Bryansk Oblast,1210982,40,0,6643,0
2020-07-10,Russia,NA,Bryansk Oblast,1210982,36,0,6679,0
2020-07-11,Russia,NA,Bryansk Oblast,1210982,46,0,6725,0
2020-07-12,Russia,NA,Bryansk Oblast,1210982,45,0,6770,0
2020-07-13,Russia,NA,Bryansk Oblast,1210982,47,0,6817,0
2020-07-14,Russia,NA,Bryansk Oblast,1210982,45,0,6862,0
2020-07-15,Russia,NA,Bryansk Oblast,1210982,44,0,6906,0
2020-07-16,Russia,NA,Bryansk Oblast,1210982,41,0,6947,0
2020-07-17,Russia,NA,Bryansk Oblast,1210982,31,0,6978,0
2020-07-18,Russia,NA,Bryansk Oblast,1210982,30,0,7008,0
2020-07-19,Russia,NA,Bryansk Oblast,1210982,30,0,7038,0
2020-07-20,Russia,NA,Bryansk Oblast,1210982,30,0,7068,0
2020-07-21,Russia,NA,Bryansk Oblast,1210982,23,0,7091,0
2020-07-22,Russia,NA,Bryansk Oblast,1210982,25,0,7116,0
2020-07-23,Russia,NA,Bryansk Oblast,1210982,25,0,7141,0
2020-07-24,Russia,NA,Bryansk Oblast,1210982,23,0,7164,0
2020-07-25,Russia,NA,Bryansk Oblast,1210982,30,0,7194,0
2020-07-26,Russia,NA,Bryansk Oblast,1210982,27,0,7221,0
2020-07-27,Russia,NA,Bryansk Oblast,1210982,24,0,7245,0
2020-07-28,Russia,NA,Bryansk Oblast,1210982,27,0,7272,0
2020-07-29,Russia,NA,Bryansk Oblast,1210982,33,0,7305,0
2020-07-30,Russia,NA,Bryansk Oblast,1210982,35,0,7340,0
2020-07-31,Russia,NA,Bryansk Oblast,1210982,30,0,7370,0
2020-08-01,Russia,NA,Bryansk Oblast,1210982,30,0,7400,0
2020-08-02,Russia,NA,Bryansk Oblast,1210982,30,0,7430,35
2020-08-03,Russia,NA,Bryansk Oblast,1210982,30,0,7460,35
2020-08-04,Russia,NA,Bryansk Oblast,1210982,30,0,7490,35
2020-08-05,Russia,NA,Bryansk Oblast,1210982,32,0,7522,35
2020-08-06,Russia,NA,Bryansk Oblast,1210982,24,0,7546,35
2020-08-07,Russia,NA,Bryansk Oblast,1210982,19,0,7565,35
2020-08-08,Russia,NA,Bryansk Oblast,1210982,25,0,7590,35
2020-08-09,Russia,NA,Bryansk Oblast,1210982,32,0,7622,35
2020-08-10,Russia,NA,Bryansk Oblast,1210982,28,0,7650,35
2020-08-11,Russia,NA,Bryansk Oblast,1210982,27,0,7677,35
2020-08-12,Russia,NA,Bryansk Oblast,1210982,30,0,7707,35
2020-08-13,Russia,NA,Bryansk Oblast,1210982,32,0,7739,35
2020-08-14,Russia,NA,Bryansk Oblast,1210982,34,0,7773,35
2020-08-15,Russia,NA,Bryansk Oblast,1210982,32,0,7805,35
2020-08-16,Russia,NA,Bryansk Oblast,1210982,25,0,7830,35
2020-08-17,Russia,NA,Bryansk Oblast,1210982,22,0,7852,35
2020-08-18,Russia,NA,Bryansk Oblast,1210982,17,0,7869,35
2020-08-19,Russia,NA,Bryansk Oblast,1210982,20,0,7889,35
2020-08-20,Russia,NA,Bryansk Oblast,1210982,15,0,7904,35
2020-08-21,Russia,NA,Bryansk Oblast,1210982,30,0,7934,35
2020-08-22,Russia,NA,Bryansk Oblast,1210982,29,0,7963,35
2020-08-23,Russia,NA,Bryansk Oblast,1210982,30,0,7993,35
2020-08-24,Russia,NA,Bryansk Oblast,1210982,29,0,8022,35
2020-08-25,Russia,NA,Bryansk Oblast,1210982,25,0,8047,35
2020-08-26,Russia,NA,Bryansk Oblast,1210982,26,0,8073,35
2020-08-27,Russia,NA,Bryansk Oblast,1210982,24,0,8097,35
2020-08-28,Russia,NA,Bryansk Oblast,1210982,28,0,8125,35
2020-08-29,Russia,NA,Bryansk Oblast,1210982,34,0,8159,35
2020-08-30,Russia,NA,Bryansk Oblast,1210982,35,0,8194,35
2020-08-31,Russia,NA,Bryansk Oblast,1210982,33,0,8227,35
2020-04-17,Russia,NA,Buryatia,984511,3,0,103,0
2020-04-18,Russia,NA,Buryatia,984511,9,0,112,0
2020-04-19,Russia,NA,Buryatia,984511,3,0,115,0
2020-04-21,Russia,NA,Buryatia,984511,10,0,125,0
2020-04-22,Russia,NA,Buryatia,984511,28,0,153,0
2020-04-23,Russia,NA,Buryatia,984511,10,0,163,0
2020-04-24,Russia,NA,Buryatia,984511,4,0,167,0
2020-04-25,Russia,NA,Buryatia,984511,13,0,180,0
2020-04-26,Russia,NA,Buryatia,984511,6,0,186,0
2020-04-27,Russia,NA,Buryatia,984511,23,0,209,0
2020-04-28,Russia,NA,Buryatia,984511,18,0,227,0
2020-04-29,Russia,NA,Buryatia,984511,18,0,245,0
2020-04-30,Russia,NA,Buryatia,984511,26,0,271,0
2020-05-01,Russia,NA,Buryatia,984511,26,0,297,0
2020-05-02,Russia,NA,Buryatia,984511,28,0,325,0
2020-05-03,Russia,NA,Buryatia,984511,30,0,355,0
2020-05-04,Russia,NA,Buryatia,984511,18,0,373,0
2020-05-05,Russia,NA,Buryatia,984511,34,0,407,0
2020-05-06,Russia,NA,Buryatia,984511,43,0,450,0
2020-05-07,Russia,NA,Buryatia,984511,49,0,499,0
2020-05-08,Russia,NA,Buryatia,984511,19,0,518,0
2020-05-09,Russia,NA,Buryatia,984511,30,0,548,0
2020-05-10,Russia,NA,Buryatia,984511,22,0,570,0
2020-05-11,Russia,NA,Buryatia,984511,50,0,620,0
2020-05-12,Russia,NA,Buryatia,984511,39,0,659,0
2020-05-13,Russia,NA,Buryatia,984511,28,0,687,0
2020-05-14,Russia,NA,Buryatia,984511,49,0,736,0
2020-05-15,Russia,NA,Buryatia,984511,88,0,824,0
2020-05-16,Russia,NA,Buryatia,984511,41,0,865,0
2020-05-17,Russia,NA,Buryatia,984511,27,0,892,0
2020-05-18,Russia,NA,Buryatia,984511,56,0,948,0
2020-05-19,Russia,NA,Buryatia,984511,25,0,973,0
2020-05-20,Russia,NA,Buryatia,984511,42,0,1015,0
2020-05-21,Russia,NA,Buryatia,984511,27,0,1042,0
2020-05-22,Russia,NA,Buryatia,984511,48,0,1090,0
2020-05-23,Russia,NA,Buryatia,984511,34,0,1124,0
2020-05-24,Russia,NA,Buryatia,984511,19,0,1143,0
2020-05-25,Russia,NA,Buryatia,984511,66,0,1209,0
2020-05-26,Russia,NA,Buryatia,984511,45,0,1254,0
2020-05-27,Russia,NA,Buryatia,984511,59,0,1313,0
2020-05-28,Russia,NA,Buryatia,984511,51,0,1364,0
2020-05-29,Russia,NA,Buryatia,984511,47,0,1411,0
2020-05-30,Russia,NA,Buryatia,984511,27,0,1438,0
2020-05-31,Russia,NA,Buryatia,984511,29,0,1467,0
2020-06-01,Russia,NA,Buryatia,984511,46,0,1513,0
2020-06-02,Russia,NA,Buryatia,984511,50,0,1563,0
2020-06-03,Russia,NA,Buryatia,984511,24,0,1587,0
2020-06-04,Russia,NA,Buryatia,984511,46,0,1633,0
2020-06-05,Russia,NA,Buryatia,984511,48,0,1681,0
2020-06-06,Russia,NA,Buryatia,984511,52,0,1733,0
2020-06-07,Russia,NA,Buryatia,984511,52,0,1785,0
2020-06-08,Russia,NA,Buryatia,984511,48,0,1833,0
2020-06-09,Russia,NA,Buryatia,984511,44,0,1877,0
2020-06-10,Russia,NA,Buryatia,984511,79,0,1956,0
2020-06-11,Russia,NA,Buryatia,984511,64,0,2020,0
2020-06-12,Russia,NA,Buryatia,984511,90,0,2110,0
2020-06-13,Russia,NA,Buryatia,984511,43,0,2153,0
2020-06-14,Russia,NA,Buryatia,984511,50,0,2203,0
2020-06-15,Russia,NA,Buryatia,984511,49,0,2252,0
2020-06-16,Russia,NA,Buryatia,984511,51,0,2303,0
2020-06-17,Russia,NA,Buryatia,984511,38,0,2341,0
2020-06-18,Russia,NA,Buryatia,984511,51,0,2392,0
2020-06-19,Russia,NA,Buryatia,984511,54,0,2446,0
2020-06-20,Russia,NA,Buryatia,984511,55,0,2501,0
2020-06-21,Russia,NA,Buryatia,984511,48,0,2549,0
2020-06-22,Russia,NA,Buryatia,984511,42,0,2591,0
2020-06-23,Russia,NA,Buryatia,984511,43,0,2634,0
2020-06-24,Russia,NA,Buryatia,984511,48,0,2682,0
2020-06-25,Russia,NA,Buryatia,984511,49,0,2731,0
2020-06-26,Russia,NA,Buryatia,984511,44,0,2775,0
2020-06-27,Russia,NA,Buryatia,984511,56,0,2831,0
2020-06-28,Russia,NA,Buryatia,984511,26,0,2857,0
2020-06-29,Russia,NA,Buryatia,984511,29,0,2886,0
2020-06-30,Russia,NA,Buryatia,984511,38,0,2924,0
2020-07-01,Russia,NA,Buryatia,984511,33,0,2957,0
2020-07-02,Russia,NA,Buryatia,984511,34,0,2991,0
2020-07-03,Russia,NA,Buryatia,984511,43,0,3034,0
2020-07-04,Russia,NA,Buryatia,984511,37,0,3071,0
2020-07-05,Russia,NA,Buryatia,984511,29,0,3100,0
2020-07-06,Russia,NA,Buryatia,984511,41,0,3141,0
2020-07-07,Russia,NA,Buryatia,984511,34,0,3175,0
2020-07-08,Russia,NA,Buryatia,984511,44,0,3219,0
2020-07-09,Russia,NA,Buryatia,984511,38,0,3257,0
2020-07-10,Russia,NA,Buryatia,984511,41,0,3298,0
2020-07-11,Russia,NA,Buryatia,984511,43,0,3341,0
2020-07-12,Russia,NA,Buryatia,984511,37,0,3378,0
2020-07-13,Russia,NA,Buryatia,984511,36,0,3414,0
2020-07-14,Russia,NA,Buryatia,984511,35,0,3449,0
2020-07-15,Russia,NA,Buryatia,984511,32,0,3481,0
2020-07-16,Russia,NA,Buryatia,984511,41,0,3522,0
2020-07-17,Russia,NA,Buryatia,984511,44,0,3566,0
2020-07-18,Russia,NA,Buryatia,984511,42,0,3608,0
2020-07-19,Russia,NA,Buryatia,984511,43,0,3651,0
2020-07-20,Russia,NA,Buryatia,984511,41,0,3692,0
2020-07-21,Russia,NA,Buryatia,984511,37,0,3729,0
2020-07-22,Russia,NA,Buryatia,984511,38,0,3767,0
2020-07-23,Russia,NA,Buryatia,984511,19,0,3786,0
2020-07-24,Russia,NA,Buryatia,984511,38,0,3824,0
2020-07-25,Russia,NA,Buryatia,984511,40,0,3864,0
2020-07-26,Russia,NA,Buryatia,984511,38,0,3902,0
2020-07-27,Russia,NA,Buryatia,984511,32,0,3934,0
2020-07-28,Russia,NA,Buryatia,984511,35,0,3969,0
2020-07-29,Russia,NA,Buryatia,984511,38,0,4007,0
2020-07-30,Russia,NA,Buryatia,984511,39,0,4046,0
2020-07-31,Russia,NA,Buryatia,984511,35,0,4081,0
2020-08-01,Russia,NA,Buryatia,984511,42,0,4123,0
2020-08-02,Russia,NA,Buryatia,984511,36,0,4159,40
2020-08-03,Russia,NA,Buryatia,984511,40,0,4199,40
2020-08-04,Russia,NA,Buryatia,984511,39,0,4238,40
2020-08-05,Russia,NA,Buryatia,984511,25,2,4263,42
2020-08-06,Russia,NA,Buryatia,984511,24,0,4287,42
2020-08-07,Russia,NA,Buryatia,984511,29,0,4316,42
2020-08-08,Russia,NA,Buryatia,984511,29,0,4345,42
2020-08-09,Russia,NA,Buryatia,984511,34,0,4379,42
2020-08-10,Russia,NA,Buryatia,984511,30,0,4409,42
2020-08-11,Russia,NA,Buryatia,984511,35,0,4444,42
2020-08-12,Russia,NA,Buryatia,984511,31,0,4475,42
2020-08-13,Russia,NA,Buryatia,984511,32,0,4507,42
2020-08-14,Russia,NA,Buryatia,984511,30,0,4537,42
2020-08-15,Russia,NA,Buryatia,984511,29,0,4566,42
2020-08-16,Russia,NA,Buryatia,984511,34,0,4600,42
2020-08-17,Russia,NA,Buryatia,984511,30,0,4630,42
2020-08-18,Russia,NA,Buryatia,984511,33,0,4663,42
2020-08-19,Russia,NA,Buryatia,984511,36,0,4699,42
2020-08-20,Russia,NA,Buryatia,984511,32,1,4731,43
2020-08-21,Russia,NA,Buryatia,984511,38,0,4769,43
2020-08-22,Russia,NA,Buryatia,984511,35,0,4804,43
2020-08-23,Russia,NA,Buryatia,984511,56,1,4860,44
2020-08-24,Russia,NA,Buryatia,984511,46,1,4906,45
2020-08-25,Russia,NA,Buryatia,984511,48,1,4954,46
2020-08-26,Russia,NA,Buryatia,984511,47,0,5001,46
2020-08-27,Russia,NA,Buryatia,984511,41,0,5042,46
2020-08-28,Russia,NA,Buryatia,984511,45,0,5087,46
2020-08-29,Russia,NA,Buryatia,984511,49,0,5136,46
2020-08-30,Russia,NA,Buryatia,984511,54,1,5190,47
2020-08-31,Russia,NA,Buryatia,984511,53,0,5243,47
2020-04-15,Russia,NA,Chechnya,1436981,41,0,105,0
2020-04-16,Russia,NA,Chechnya,1436981,3,0,108,0
2020-04-17,Russia,NA,Chechnya,1436981,7,0,115,0
2020-04-18,Russia,NA,Chechnya,1436981,60,0,175,0
2020-04-19,Russia,NA,Chechnya,1436981,44,0,219,0
2020-04-20,Russia,NA,Chechnya,1436981,45,0,264,0
2020-04-21,Russia,NA,Chechnya,1436981,39,0,303,0
2020-04-22,Russia,NA,Chechnya,1436981,20,0,323,0
2020-04-23,Russia,NA,Chechnya,1436981,24,0,347,0
2020-04-24,Russia,NA,Chechnya,1436981,18,0,365,0
2020-04-25,Russia,NA,Chechnya,1436981,22,0,387,0
2020-04-26,Russia,NA,Chechnya,1436981,22,0,409,0
2020-04-27,Russia,NA,Chechnya,1436981,20,0,429,0
2020-04-28,Russia,NA,Chechnya,1436981,18,0,447,0
2020-04-29,Russia,NA,Chechnya,1436981,18,0,465,0
2020-04-30,Russia,NA,Chechnya,1436981,20,0,485,0
2020-05-01,Russia,NA,Chechnya,1436981,19,0,504,0
2020-05-02,Russia,NA,Chechnya,1436981,21,0,525,0
2020-05-03,Russia,NA,Chechnya,1436981,28,0,553,0
2020-05-04,Russia,NA,Chechnya,1436981,30,0,583,0
2020-05-05,Russia,NA,Chechnya,1436981,32,0,615,0
2020-05-06,Russia,NA,Chechnya,1436981,30,0,645,0
2020-05-07,Russia,NA,Chechnya,1436981,29,0,674,0
2020-05-08,Russia,NA,Chechnya,1436981,31,0,705,0
2020-05-09,Russia,NA,Chechnya,1436981,28,0,733,0
2020-05-10,Russia,NA,Chechnya,1436981,26,0,759,0
2020-05-11,Russia,NA,Chechnya,1436981,28,0,787,0
2020-05-12,Russia,NA,Chechnya,1436981,26,0,813,0
2020-05-13,Russia,NA,Chechnya,1436981,28,0,841,0
2020-05-14,Russia,NA,Chechnya,1436981,24,0,865,0
2020-05-15,Russia,NA,Chechnya,1436981,26,0,891,0
2020-05-16,Russia,NA,Chechnya,1436981,27,0,918,0
2020-05-17,Russia,NA,Chechnya,1436981,25,0,943,0
2020-05-18,Russia,NA,Chechnya,1436981,23,0,966,0
2020-05-19,Russia,NA,Chechnya,1436981,20,0,986,0
2020-05-20,Russia,NA,Chechnya,1436981,19,0,1005,0
2020-05-21,Russia,NA,Chechnya,1436981,21,0,1026,0
2020-05-22,Russia,NA,Chechnya,1436981,20,0,1046,0
2020-05-23,Russia,NA,Chechnya,1436981,20,0,1066,0
2020-05-24,Russia,NA,Chechnya,1436981,24,0,1090,0
2020-05-25,Russia,NA,Chechnya,1436981,22,0,1112,0
2020-05-26,Russia,NA,Chechnya,1436981,21,0,1133,0
2020-05-27,Russia,NA,Chechnya,1436981,19,0,1152,0
2020-05-28,Russia,NA,Chechnya,1436981,22,0,1174,0
2020-05-29,Russia,NA,Chechnya,1436981,18,0,1192,0
2020-05-30,Russia,NA,Chechnya,1436981,17,0,1209,0
2020-05-31,Russia,NA,Chechnya,1436981,18,0,1227,0
2020-06-01,Russia,NA,Chechnya,1436981,20,0,1247,0
2020-06-02,Russia,NA,Chechnya,1436981,17,0,1264,0
2020-06-03,Russia,NA,Chechnya,1436981,14,0,1278,0
2020-06-04,Russia,NA,Chechnya,1436981,13,0,1291,0
2020-06-05,Russia,NA,Chechnya,1436981,15,0,1306,0
2020-06-06,Russia,NA,Chechnya,1436981,20,0,1326,0
2020-06-07,Russia,NA,Chechnya,1436981,19,0,1345,0
2020-06-08,Russia,NA,Chechnya,1436981,20,0,1365,0
2020-06-09,Russia,NA,Chechnya,1436981,19,0,1384,0
2020-06-10,Russia,NA,Chechnya,1436981,16,0,1400,0
2020-06-11,Russia,NA,Chechnya,1436981,20,0,1420,0
2020-06-12,Russia,NA,Chechnya,1436981,21,0,1441,0
2020-06-13,Russia,NA,Chechnya,1436981,23,0,1464,0
2020-06-14,Russia,NA,Chechnya,1436981,17,0,1481,0
2020-06-15,Russia,NA,Chechnya,1436981,15,0,1496,0
2020-06-16,Russia,NA,Chechnya,1436981,17,0,1513,0
2020-06-17,Russia,NA,Chechnya,1436981,16,0,1529,0
2020-06-18,Russia,NA,Chechnya,1436981,14,0,1543,0
2020-06-19,Russia,NA,Chechnya,1436981,17,0,1560,0
2020-06-20,Russia,NA,Chechnya,1436981,19,0,1579,0
2020-06-21,Russia,NA,Chechnya,1436981,21,0,1600,0
2020-06-22,Russia,NA,Chechnya,1436981,19,0,1619,0
2020-06-23,Russia,NA,Chechnya,1436981,15,0,1634,0
2020-06-24,Russia,NA,Chechnya,1436981,11,0,1645,0
2020-06-25,Russia,NA,Chechnya,1436981,9,0,1654,0
2020-06-26,Russia,NA,Chechnya,1436981,10,0,1664,0
2020-06-27,Russia,NA,Chechnya,1436981,13,0,1677,0
2020-06-28,Russia,NA,Chechnya,1436981,17,0,1694,0
2020-06-29,Russia,NA,Chechnya,1436981,14,0,1708,0
2020-06-30,Russia,NA,Chechnya,1436981,5,0,1713,0
2020-07-01,Russia,NA,Chechnya,1436981,10,0,1723,0
2020-07-02,Russia,NA,Chechnya,1436981,13,0,1736,0
2020-07-03,Russia,NA,Chechnya,1436981,12,0,1748,0
2020-07-04,Russia,NA,Chechnya,1436981,9,0,1757,0
2020-07-05,Russia,NA,Chechnya,1436981,15,0,1772,0
2020-07-06,Russia,NA,Chechnya,1436981,14,0,1786,0
2020-07-07,Russia,NA,Chechnya,1436981,9,0,1795,0
2020-07-08,Russia,NA,Chechnya,1436981,6,0,1801,0
2020-07-09,Russia,NA,Chechnya,1436981,8,0,1809,0
2020-07-10,Russia,NA,Chechnya,1436981,5,0,1814,0
2020-07-11,Russia,NA,Chechnya,1436981,7,0,1821,0
2020-07-12,Russia,NA,Chechnya,1436981,11,0,1832,0
2020-07-13,Russia,NA,Chechnya,1436981,10,0,1842,0
2020-07-14,Russia,NA,Chechnya,1436981,9,0,1851,0
2020-07-15,Russia,NA,Chechnya,1436981,12,0,1863,0
2020-07-16,Russia,NA,Chechnya,1436981,15,0,1878,0
2020-07-17,Russia,NA,Chechnya,1436981,17,0,1895,0
2020-07-18,Russia,NA,Chechnya,1436981,13,0,1908,0
2020-07-19,Russia,NA,Chechnya,1436981,11,0,1919,0
2020-07-20,Russia,NA,Chechnya,1436981,8,0,1927,0
2020-07-21,Russia,NA,Chechnya,1436981,10,0,1937,0
2020-07-22,Russia,NA,Chechnya,1436981,12,0,1949,0
2020-07-23,Russia,NA,Chechnya,1436981,9,0,1958,0
2020-07-24,Russia,NA,Chechnya,1436981,13,0,1971,0
2020-07-25,Russia,NA,Chechnya,1436981,14,0,1985,0
2020-07-26,Russia,NA,Chechnya,1436981,15,0,2000,0
2020-07-27,Russia,NA,Chechnya,1436981,10,0,2010,0
2020-07-28,Russia,NA,Chechnya,1436981,8,0,2018,0
2020-07-29,Russia,NA,Chechnya,1436981,12,0,2030,0
2020-07-30,Russia,NA,Chechnya,1436981,16,0,2046,0
2020-07-31,Russia,NA,Chechnya,1436981,14,0,2060,0
2020-08-01,Russia,NA,Chechnya,1436981,12,0,2072,0
2020-08-02,Russia,NA,Chechnya,1436981,10,0,2082,33
2020-08-03,Russia,NA,Chechnya,1436981,11,0,2093,33
2020-08-04,Russia,NA,Chechnya,1436981,9,0,2102,33
2020-08-05,Russia,NA,Chechnya,1436981,12,0,2114,33
2020-08-06,Russia,NA,Chechnya,1436981,8,0,2122,33
2020-08-07,Russia,NA,Chechnya,1436981,10,0,2132,33
2020-08-08,Russia,NA,Chechnya,1436981,8,1,2140,34
2020-08-09,Russia,NA,Chechnya,1436981,7,0,2147,34
2020-08-10,Russia,NA,Chechnya,1436981,5,0,2152,34
2020-08-11,Russia,NA,Chechnya,1436981,6,1,2158,35
2020-08-12,Russia,NA,Chechnya,1436981,7,0,2165,35
2020-08-13,Russia,NA,Chechnya,1436981,5,0,2170,35
2020-08-14,Russia,NA,Chechnya,1436981,7,0,2177,35
2020-08-15,Russia,NA,Chechnya,1436981,6,2,2183,37
2020-08-16,Russia,NA,Chechnya,1436981,7,0,2190,37
2020-08-17,Russia,NA,Chechnya,1436981,4,0,2194,37
2020-08-18,Russia,NA,Chechnya,1436981,6,0,2200,37
2020-08-19,Russia,NA,Chechnya,1436981,5,0,2205,37
2020-08-20,Russia,NA,Chechnya,1436981,4,0,2209,37
2020-08-21,Russia,NA,Chechnya,1436981,6,1,2215,38
2020-08-22,Russia,NA,Chechnya,1436981,7,0,2222,38
2020-08-23,Russia,NA,Chechnya,1436981,6,0,2228,38
2020-08-24,Russia,NA,Chechnya,1436981,5,0,2233,38
2020-08-25,Russia,NA,Chechnya,1436981,7,0,2240,38
2020-08-26,Russia,NA,Chechnya,1436981,5,0,2245,38
2020-08-27,Russia,NA,Chechnya,1436981,4,0,2249,38
2020-08-28,Russia,NA,Chechnya,1436981,4,0,2253,38
2020-08-29,Russia,NA,Chechnya,1436981,5,0,2258,38
2020-08-30,Russia,NA,Chechnya,1436981,7,0,2265,38
2020-08-31,Russia,NA,Chechnya,1436981,5,0,2270,38
2020-04-22,Russia,NA,Chelyabinsk Oblast,3500361,10,0,102,0
2020-04-23,Russia,NA,Chelyabinsk Oblast,3500361,9,0,111,0
2020-04-24,Russia,NA,Chelyabinsk Oblast,3500361,57,0,168,0
2020-04-25,Russia,NA,Chelyabinsk Oblast,3500361,72,0,240,0
2020-04-26,Russia,NA,Chelyabinsk Oblast,3500361,62,0,302,0
2020-04-27,Russia,NA,Chelyabinsk Oblast,3500361,58,0,360,0
2020-04-28,Russia,NA,Chelyabinsk Oblast,3500361,48,0,408,0
2020-04-29,Russia,NA,Chelyabinsk Oblast,3500361,19,0,427,0
2020-04-30,Russia,NA,Chelyabinsk Oblast,3500361,67,0,494,0
2020-05-01,Russia,NA,Chelyabinsk Oblast,3500361,44,0,538,0
2020-05-02,Russia,NA,Chelyabinsk Oblast,3500361,30,0,568,0
2020-05-03,Russia,NA,Chelyabinsk Oblast,3500361,63,0,631,0
2020-05-04,Russia,NA,Chelyabinsk Oblast,3500361,51,0,682,0
2020-05-05,Russia,NA,Chelyabinsk Oblast,3500361,86,0,768,0
2020-05-06,Russia,NA,Chelyabinsk Oblast,3500361,44,0,812,0
2020-05-07,Russia,NA,Chelyabinsk Oblast,3500361,27,0,839,0
2020-05-08,Russia,NA,Chelyabinsk Oblast,3500361,42,0,881,0
2020-05-09,Russia,NA,Chelyabinsk Oblast,3500361,70,0,951,0
2020-05-10,Russia,NA,Chelyabinsk Oblast,3500361,90,0,1041,0
2020-05-11,Russia,NA,Chelyabinsk Oblast,3500361,77,0,1118,0
2020-05-12,Russia,NA,Chelyabinsk Oblast,3500361,94,0,1212,0
2020-05-13,Russia,NA,Chelyabinsk Oblast,3500361,51,0,1263,0
2020-05-14,Russia,NA,Chelyabinsk Oblast,3500361,44,0,1307,0
2020-05-15,Russia,NA,Chelyabinsk Oblast,3500361,100,0,1407,0
2020-05-16,Russia,NA,Chelyabinsk Oblast,3500361,69,0,1476,0
2020-05-17,Russia,NA,Chelyabinsk Oblast,3500361,98,0,1574,0
2020-05-18,Russia,NA,Chelyabinsk Oblast,3500361,85,0,1659,0
2020-05-19,Russia,NA,Chelyabinsk Oblast,3500361,96,0,1755,0
2020-05-20,Russia,NA,Chelyabinsk Oblast,3500361,74,0,1829,0
2020-05-21,Russia,NA,Chelyabinsk Oblast,3500361,84,0,1913,0
2020-05-22,Russia,NA,Chelyabinsk Oblast,3500361,80,0,1993,0
2020-05-23,Russia,NA,Chelyabinsk Oblast,3500361,80,0,2073,0
2020-05-24,Russia,NA,Chelyabinsk Oblast,3500361,62,0,2135,0
2020-05-25,Russia,NA,Chelyabinsk Oblast,3500361,45,0,2180,0
2020-05-26,Russia,NA,Chelyabinsk Oblast,3500361,36,0,2216,0
2020-05-27,Russia,NA,Chelyabinsk Oblast,3500361,70,0,2286,0
2020-05-28,Russia,NA,Chelyabinsk Oblast,3500361,82,0,2368,0
2020-05-29,Russia,NA,Chelyabinsk Oblast,3500361,141,0,2509,0
2020-05-30,Russia,NA,Chelyabinsk Oblast,3500361,150,0,2659,0
2020-05-31,Russia,NA,Chelyabinsk Oblast,3500361,136,0,2795,0
2020-06-01,Russia,NA,Chelyabinsk Oblast,3500361,134,0,2929,0
2020-06-02,Russia,NA,Chelyabinsk Oblast,3500361,113,0,3042,0
2020-06-03,Russia,NA,Chelyabinsk Oblast,3500361,108,0,3150,0
2020-06-04,Russia,NA,Chelyabinsk Oblast,3500361,113,0,3263,0
2020-06-05,Russia,NA,Chelyabinsk Oblast,3500361,108,0,3371,0
2020-06-06,Russia,NA,Chelyabinsk Oblast,3500361,128,0,3499,0
2020-06-07,Russia,NA,Chelyabinsk Oblast,3500361,115,0,3614,0
2020-06-08,Russia,NA,Chelyabinsk Oblast,3500361,123,0,3737,0
2020-06-09,Russia,NA,Chelyabinsk Oblast,3500361,143,0,3880,0
2020-06-10,Russia,NA,Chelyabinsk Oblast,3500361,135,0,4015,0
2020-06-11,Russia,NA,Chelyabinsk Oblast,3500361,115,0,4130,0
2020-06-12,Russia,NA,Chelyabinsk Oblast,3500361,91,0,4221,0
2020-06-13,Russia,NA,Chelyabinsk Oblast,3500361,120,0,4341,0
2020-06-14,Russia,NA,Chelyabinsk Oblast,3500361,141,0,4482,0
2020-06-15,Russia,NA,Chelyabinsk Oblast,3500361,169,0,4651,0
2020-06-16,Russia,NA,Chelyabinsk Oblast,3500361,171,0,4822,0
2020-06-17,Russia,NA,Chelyabinsk Oblast,3500361,136,0,4958,0
2020-06-18,Russia,NA,Chelyabinsk Oblast,3500361,167,0,5125,0
2020-06-19,Russia,NA,Chelyabinsk Oblast,3500361,166,0,5291,0
2020-06-20,Russia,NA,Chelyabinsk Oblast,3500361,176,0,5467,0
2020-06-21,Russia,NA,Chelyabinsk Oblast,3500361,182,0,5649,0
2020-06-22,Russia,NA,Chelyabinsk Oblast,3500361,176,0,5825,0
2020-06-23,Russia,NA,Chelyabinsk Oblast,3500361,258,0,6083,0
2020-06-24,Russia,NA,Chelyabinsk Oblast,3500361,185,0,6268,0
2020-06-25,Russia,NA,Chelyabinsk Oblast,3500361,174,0,6442,0
2020-06-26,Russia,NA,Chelyabinsk Oblast,3500361,160,0,6602,0
2020-06-27,Russia,NA,Chelyabinsk Oblast,3500361,158,0,6760,0
2020-06-28,Russia,NA,Chelyabinsk Oblast,3500361,152,0,6912,0
2020-06-29,Russia,NA,Chelyabinsk Oblast,3500361,146,0,7058,0
2020-06-30,Russia,NA,Chelyabinsk Oblast,3500361,144,0,7202,0
2020-07-01,Russia,NA,Chelyabinsk Oblast,3500361,137,0,7339,0
2020-07-02,Russia,NA,Chelyabinsk Oblast,3500361,134,0,7473,0
2020-07-03,Russia,NA,Chelyabinsk Oblast,3500361,129,0,7602,0
2020-07-04,Russia,NA,Chelyabinsk Oblast,3500361,128,0,7730,0
2020-07-05,Russia,NA,Chelyabinsk Oblast,3500361,131,0,7861,0
2020-07-06,Russia,NA,Chelyabinsk Oblast,3500361,128,0,7989,0
2020-07-07,Russia,NA,Chelyabinsk Oblast,3500361,138,0,8127,0
2020-07-08,Russia,NA,Chelyabinsk Oblast,3500361,135,0,8262,0
2020-07-09,Russia,NA,Chelyabinsk Oblast,3500361,129,0,8391,0
2020-07-10,Russia,NA,Chelyabinsk Oblast,3500361,129,0,8520,0
2020-07-11,Russia,NA,Chelyabinsk Oblast,3500361,129,0,8649,0
2020-07-12,Russia,NA,Chelyabinsk Oblast,3500361,119,0,8768,0
2020-07-13,Russia,NA,Chelyabinsk Oblast,3500361,132,0,8900,0
2020-07-14,Russia,NA,Chelyabinsk Oblast,3500361,132,0,9032,0
2020-07-15,Russia,NA,Chelyabinsk Oblast,3500361,132,0,9164,0
2020-07-16,Russia,NA,Chelyabinsk Oblast,3500361,125,0,9289,0
2020-07-17,Russia,NA,Chelyabinsk Oblast,3500361,131,0,9420,0
2020-07-18,Russia,NA,Chelyabinsk Oblast,3500361,132,0,9552,0
2020-07-19,Russia,NA,Chelyabinsk Oblast,3500361,130,0,9682,0
2020-07-20,Russia,NA,Chelyabinsk Oblast,3500361,134,0,9816,0
2020-07-21,Russia,NA,Chelyabinsk Oblast,3500361,130,0,9946,0
2020-07-22,Russia,NA,Chelyabinsk Oblast,3500361,132,0,10078,0
2020-07-23,Russia,NA,Chelyabinsk Oblast,3500361,130,0,10208,0
2020-07-24,Russia,NA,Chelyabinsk Oblast,3500361,121,0,10329,0
2020-07-25,Russia,NA,Chelyabinsk Oblast,3500361,124,0,10453,0
2020-07-26,Russia,NA,Chelyabinsk Oblast,3500361,131,0,10584,0
2020-07-27,Russia,NA,Chelyabinsk Oblast,3500361,128,0,10712,0
2020-07-28,Russia,NA,Chelyabinsk Oblast,3500361,124,0,10836,0
2020-07-29,Russia,NA,Chelyabinsk Oblast,3500361,125,0,10961,0
2020-07-30,Russia,NA,Chelyabinsk Oblast,3500361,119,0,11080,0
2020-07-31,Russia,NA,Chelyabinsk Oblast,3500361,117,0,11197,0
2020-08-01,Russia,NA,Chelyabinsk Oblast,3500361,110,0,11307,0
2020-08-02,Russia,NA,Chelyabinsk Oblast,3500361,109,0,11416,94
2020-08-03,Russia,NA,Chelyabinsk Oblast,3500361,107,0,11523,94
2020-08-04,Russia,NA,Chelyabinsk Oblast,3500361,105,0,11628,94
2020-08-05,Russia,NA,Chelyabinsk Oblast,3500361,103,1,11731,95
2020-08-06,Russia,NA,Chelyabinsk Oblast,3500361,92,0,11823,95
2020-08-07,Russia,NA,Chelyabinsk Oblast,3500361,89,0,11912,95
2020-08-08,Russia,NA,Chelyabinsk Oblast,3500361,87,0,11999,95
2020-08-09,Russia,NA,Chelyabinsk Oblast,3500361,94,0,12093,95
2020-08-10,Russia,NA,Chelyabinsk Oblast,3500361,83,0,12176,95
2020-08-11,Russia,NA,Chelyabinsk Oblast,3500361,85,1,12261,96
2020-08-12,Russia,NA,Chelyabinsk Oblast,3500361,88,2,12349,98
2020-08-13,Russia,NA,Chelyabinsk Oblast,3500361,84,0,12433,98
2020-08-14,Russia,NA,Chelyabinsk Oblast,3500361,80,1,12513,99
2020-08-15,Russia,NA,Chelyabinsk Oblast,3500361,76,0,12589,99
2020-08-16,Russia,NA,Chelyabinsk Oblast,3500361,79,0,12668,99
2020-08-17,Russia,NA,Chelyabinsk Oblast,3500361,69,0,12737,99
2020-08-18,Russia,NA,Chelyabinsk Oblast,3500361,67,2,12804,101
2020-08-19,Russia,NA,Chelyabinsk Oblast,3500361,71,0,12875,101
2020-08-20,Russia,NA,Chelyabinsk Oblast,3500361,71,0,12946,101
2020-08-21,Russia,NA,Chelyabinsk Oblast,3500361,73,1,13019,102
2020-08-22,Russia,NA,Chelyabinsk Oblast,3500361,71,1,13090,103
2020-08-23,Russia,NA,Chelyabinsk Oblast,3500361,70,0,13160,103
2020-08-24,Russia,NA,Chelyabinsk Oblast,3500361,59,0,13219,103
2020-08-25,Russia,NA,Chelyabinsk Oblast,3500361,70,0,13289,103
2020-08-26,Russia,NA,Chelyabinsk Oblast,3500361,62,0,13351,103
2020-08-27,Russia,NA,Chelyabinsk Oblast,3500361,69,1,13420,104
2020-08-28,Russia,NA,Chelyabinsk Oblast,3500361,68,0,13488,104
2020-08-29,Russia,NA,Chelyabinsk Oblast,3500361,70,0,13558,104
2020-08-30,Russia,NA,Chelyabinsk Oblast,3500361,62,0,13620,104
2020-08-31,Russia,NA,Chelyabinsk Oblast,3500361,62,0,13682,104
2020-06-06,Russia,NA,Chukotka Avtonomnyy Okrug,49348,5,0,102,0
2020-06-07,Russia,NA,Chukotka Avtonomnyy Okrug,49348,4,0,106,0
2020-06-09,Russia,NA,Chukotka Avtonomnyy Okrug,49348,4,0,110,0
2020-06-10,Russia,NA,Chukotka Avtonomnyy Okrug,49348,2,0,112,0
2020-06-11,Russia,NA,Chukotka Avtonomnyy Okrug,49348,2,0,114,0
2020-06-12,Russia,NA,Chukotka Avtonomnyy Okrug,49348,6,0,120,0
2020-06-13,Russia,NA,Chukotka Avtonomnyy Okrug,49348,9,0,129,0
2020-06-19,Russia,NA,Chukotka Avtonomnyy Okrug,49348,1,0,130,0
2020-06-20,Russia,NA,Chukotka Avtonomnyy Okrug,49348,2,0,132,0
2020-06-21,Russia,NA,Chukotka Avtonomnyy Okrug,49348,1,0,133,0
2020-06-23,Russia,NA,Chukotka Avtonomnyy Okrug,49348,1,0,134,0
2020-06-24,Russia,NA,Chukotka Avtonomnyy Okrug,49348,1,0,135,0
2020-06-26,Russia,NA,Chukotka Avtonomnyy Okrug,49348,1,0,136,0
2020-06-27,Russia,NA,Chukotka Avtonomnyy Okrug,49348,2,0,138,0
2020-07-03,Russia,NA,Chukotka Avtonomnyy Okrug,49348,1,0,139,0
2020-07-06,Russia,NA,Chukotka Avtonomnyy Okrug,49348,1,0,140,0
2020-07-07,Russia,NA,Chukotka Avtonomnyy Okrug,49348,1,0,141,0
2020-07-08,Russia,NA,Chukotka Avtonomnyy Okrug,49348,1,0,142,0
2020-07-09,Russia,NA,Chukotka Avtonomnyy Okrug,49348,1,0,143,0
2020-07-10,Russia,NA,Chukotka Avtonomnyy Okrug,49348,1,0,144,0
2020-07-15,Russia,NA,Chukotka Avtonomnyy Okrug,49348,1,0,145,0
2020-07-16,Russia,NA,Chukotka Avtonomnyy Okrug,49348,1,0,146,0
2020-07-20,Russia,NA,Chukotka Avtonomnyy Okrug,49348,2,0,148,0
2020-07-23,Russia,NA,Chukotka Avtonomnyy Okrug,49348,2,0,150,0
2020-07-25,Russia,NA,Chukotka Avtonomnyy Okrug,49348,1,0,151,0
2020-07-27,Russia,NA,Chukotka Avtonomnyy Okrug,49348,1,0,152,0
2020-08-02,Russia,NA,Chukotka Avtonomnyy Okrug,49348,2,0,154,1
2020-08-03,Russia,NA,Chukotka Avtonomnyy Okrug,49348,0,0,154,1
2020-08-04,Russia,NA,Chukotka Avtonomnyy Okrug,49348,0,0,154,1
2020-08-05,Russia,NA,Chukotka Avtonomnyy Okrug,49348,0,0,154,1
2020-08-06,Russia,NA,Chukotka Avtonomnyy Okrug,49348,3,0,157,1
2020-08-07,Russia,NA,Chukotka Avtonomnyy Okrug,49348,2,0,159,1
2020-08-08,Russia,NA,Chukotka Avtonomnyy Okrug,49348,1,0,160,1
2020-08-09,Russia,NA,Chukotka Avtonomnyy Okrug,49348,2,0,162,1
2020-08-10,Russia,NA,Chukotka Avtonomnyy Okrug,49348,0,0,162,1
2020-08-11,Russia,NA,Chukotka Avtonomnyy Okrug,49348,0,0,162,1
2020-08-12,Russia,NA,Chukotka Avtonomnyy Okrug,49348,0,0,162,1
2020-08-13,Russia,NA,Chukotka Avtonomnyy Okrug,49348,0,0,162,1
2020-08-14,Russia,NA,Chukotka Avtonomnyy Okrug,49348,0,0,162,1
2020-08-15,Russia,NA,Chukotka Avtonomnyy Okrug,49348,0,0,162,1
2020-08-16,Russia,NA,Chukotka Avtonomnyy Okrug,49348,2,0,164,1
2020-08-17,Russia,NA,Chukotka Avtonomnyy Okrug,49348,0,0,164,1
2020-08-18,Russia,NA,Chukotka Avtonomnyy Okrug,49348,0,0,164,1
2020-08-19,Russia,NA,Chukotka Avtonomnyy Okrug,49348,1,0,165,1
2020-08-20,Russia,NA,Chukotka Avtonomnyy Okrug,49348,0,1,165,2
2020-08-21,Russia,NA,Chukotka Avtonomnyy Okrug,49348,2,0,167,2
2020-08-22,Russia,NA,Chukotka Avtonomnyy Okrug,49348,0,0,167,2
2020-08-23,Russia,NA,Chukotka Avtonomnyy Okrug,49348,0,0,167,2
2020-08-24,Russia,NA,Chukotka Avtonomnyy Okrug,49348,1,0,168,2
2020-08-25,Russia,NA,Chukotka Avtonomnyy Okrug,49348,0,0,168,2
2020-08-26,Russia,NA,Chukotka Avtonomnyy Okrug,49348,1,0,169,2
2020-08-27,Russia,NA,Chukotka Avtonomnyy Okrug,49348,1,0,170,2
2020-08-28,Russia,NA,Chukotka Avtonomnyy Okrug,49348,1,0,171,2
2020-04-16,Russia,NA,Chuvashia,1231117,47,0,125,0
2020-04-17,Russia,NA,Chuvashia,1231117,12,0,137,0
2020-04-18,Russia,NA,Chuvashia,1231117,27,0,164,0
2020-04-19,Russia,NA,Chuvashia,1231117,29,0,193,0
2020-04-20,Russia,NA,Chuvashia,1231117,32,0,225,0
2020-04-21,Russia,NA,Chuvashia,1231117,10,0,235,0
2020-04-22,Russia,NA,Chuvashia,1231117,27,0,262,0
2020-04-23,Russia,NA,Chuvashia,1231117,43,0,305,0
2020-04-24,Russia,NA,Chuvashia,1231117,43,0,348,0
2020-04-25,Russia,NA,Chuvashia,1231117,35,0,383,0
2020-04-26,Russia,NA,Chuvashia,1231117,38,0,421,0
2020-04-27,Russia,NA,Chuvashia,1231117,42,0,463,0
2020-04-29,Russia,NA,Chuvashia,1231117,37,0,500,0
2020-04-30,Russia,NA,Chuvashia,1231117,47,0,547,0
2020-05-01,Russia,NA,Chuvashia,1231117,41,0,588,0
2020-05-02,Russia,NA,Chuvashia,1231117,49,0,637,0
2020-05-03,Russia,NA,Chuvashia,1231117,55,0,692,0
2020-05-04,Russia,NA,Chuvashia,1231117,64,0,756,0
2020-05-05,Russia,NA,Chuvashia,1231117,49,0,805,0
2020-05-06,Russia,NA,Chuvashia,1231117,48,0,853,0
2020-05-07,Russia,NA,Chuvashia,1231117,58,0,911,0
2020-05-08,Russia,NA,Chuvashia,1231117,68,0,979,0
2020-05-09,Russia,NA,Chuvashia,1231117,63,0,1042,0
2020-05-10,Russia,NA,Chuvashia,1231117,63,0,1105,0
2020-05-11,Russia,NA,Chuvashia,1231117,76,0,1181,0
2020-05-12,Russia,NA,Chuvashia,1231117,62,0,1243,0
2020-05-13,Russia,NA,Chuvashia,1231117,78,0,1321,0
2020-05-14,Russia,NA,Chuvashia,1231117,79,0,1400,0
2020-05-15,Russia,NA,Chuvashia,1231117,83,0,1483,0
2020-05-16,Russia,NA,Chuvashia,1231117,81,0,1564,0
2020-05-17,Russia,NA,Chuvashia,1231117,97,0,1661,0
2020-05-18,Russia,NA,Chuvashia,1231117,87,0,1748,0
2020-05-19,Russia,NA,Chuvashia,1231117,76,0,1824,0
2020-05-20,Russia,NA,Chuvashia,1231117,73,0,1897,0
2020-05-21,Russia,NA,Chuvashia,1231117,78,0,1975,0
2020-05-22,Russia,NA,Chuvashia,1231117,90,0,2065,0
2020-05-23,Russia,NA,Chuvashia,1231117,91,0,2156,0
2020-05-24,Russia,NA,Chuvashia,1231117,95,0,2251,0
2020-05-25,Russia,NA,Chuvashia,1231117,97,0,2348,0
2020-05-26,Russia,NA,Chuvashia,1231117,85,0,2433,0
2020-05-27,Russia,NA,Chuvashia,1231117,73,0,2506,0
2020-05-28,Russia,NA,Chuvashia,1231117,81,0,2587,0
2020-05-29,Russia,NA,Chuvashia,1231117,83,0,2670,0
2020-05-30,Russia,NA,Chuvashia,1231117,89,0,2759,0
2020-05-31,Russia,NA,Chuvashia,1231117,87,0,2846,0
2020-06-01,Russia,NA,Chuvashia,1231117,88,0,2934,0
2020-06-02,Russia,NA,Chuvashia,1231117,88,0,3022,0
2020-06-03,Russia,NA,Chuvashia,1231117,87,0,3109,0
2020-06-04,Russia,NA,Chuvashia,1231117,83,0,3192,0
2020-06-05,Russia,NA,Chuvashia,1231117,80,0,3272,0
2020-06-06,Russia,NA,Chuvashia,1231117,84,0,3356,0
2020-06-07,Russia,NA,Chuvashia,1231117,80,0,3436,0
2020-06-08,Russia,NA,Chuvashia,1231117,86,0,3522,0
2020-06-09,Russia,NA,Chuvashia,1231117,85,0,3607,0
2020-06-10,Russia,NA,Chuvashia,1231117,79,0,3686,0
2020-06-11,Russia,NA,Chuvashia,1231117,77,0,3763,0
2020-06-12,Russia,NA,Chuvashia,1231117,76,0,3839,0
2020-06-13,Russia,NA,Chuvashia,1231117,78,0,3917,0
2020-06-14,Russia,NA,Chuvashia,1231117,77,0,3994,0
2020-06-15,Russia,NA,Chuvashia,1231117,79,0,4073,0
2020-06-16,Russia,NA,Chuvashia,1231117,74,0,4147,0
2020-06-17,Russia,NA,Chuvashia,1231117,73,0,4220,0
2020-06-18,Russia,NA,Chuvashia,1231117,72,0,4292,0
2020-06-19,Russia,NA,Chuvashia,1231117,70,0,4362,0
2020-06-20,Russia,NA,Chuvashia,1231117,71,0,4433,0
2020-06-21,Russia,NA,Chuvashia,1231117,69,0,4502,0
2020-06-22,Russia,NA,Chuvashia,1231117,71,0,4573,0
2020-06-23,Russia,NA,Chuvashia,1231117,66,0,4639,0
2020-06-24,Russia,NA,Chuvashia,1231117,62,0,4701,0
2020-06-25,Russia,NA,Chuvashia,1231117,62,0,4763,0
2020-06-26,Russia,NA,Chuvashia,1231117,58,0,4821,0
2020-06-27,Russia,NA,Chuvashia,1231117,55,0,4876,0
2020-06-28,Russia,NA,Chuvashia,1231117,58,0,4934,0
2020-06-29,Russia,NA,Chuvashia,1231117,52,0,4986,0
2020-06-30,Russia,NA,Chuvashia,1231117,51,0,5037,0
2020-07-01,Russia,NA,Chuvashia,1231117,58,0,5095,0
2020-07-02,Russia,NA,Chuvashia,1231117,60,0,5155,0
2020-07-03,Russia,NA,Chuvashia,1231117,59,0,5214,0
2020-07-04,Russia,NA,Chuvashia,1231117,62,0,5276,0
2020-07-05,Russia,NA,Chuvashia,1231117,71,0,5347,0
2020-07-06,Russia,NA,Chuvashia,1231117,68,0,5415,0
2020-07-07,Russia,NA,Chuvashia,1231117,67,0,5482,0
2020-07-08,Russia,NA,Chuvashia,1231117,69,0,5551,0
2020-07-09,Russia,NA,Chuvashia,1231117,67,0,5618,0
2020-07-10,Russia,NA,Chuvashia,1231117,61,0,5679,0
2020-07-11,Russia,NA,Chuvashia,1231117,57,0,5736,0
2020-07-12,Russia,NA,Chuvashia,1231117,55,0,5791,0
2020-07-13,Russia,NA,Chuvashia,1231117,56,0,5847,0
2020-07-14,Russia,NA,Chuvashia,1231117,54,0,5901,0
2020-07-15,Russia,NA,Chuvashia,1231117,58,0,5959,0
2020-07-16,Russia,NA,Chuvashia,1231117,57,0,6016,0
2020-07-17,Russia,NA,Chuvashia,1231117,55,0,6071,0
2020-07-18,Russia,NA,Chuvashia,1231117,54,0,6125,0
2020-07-19,Russia,NA,Chuvashia,1231117,52,0,6177,0
2020-07-20,Russia,NA,Chuvashia,1231117,48,0,6225,0
2020-07-21,Russia,NA,Chuvashia,1231117,46,0,6271,0
2020-07-22,Russia,NA,Chuvashia,1231117,42,0,6313,0
2020-07-23,Russia,NA,Chuvashia,1231117,46,0,6359,0
2020-07-24,Russia,NA,Chuvashia,1231117,42,0,6401,0
2020-07-25,Russia,NA,Chuvashia,1231117,44,0,6445,0
2020-07-26,Russia,NA,Chuvashia,1231117,45,0,6490,0
2020-07-27,Russia,NA,Chuvashia,1231117,38,0,6528,0
2020-07-28,Russia,NA,Chuvashia,1231117,42,0,6570,0
2020-07-29,Russia,NA,Chuvashia,1231117,44,0,6614,0
2020-07-30,Russia,NA,Chuvashia,1231117,41,0,6655,0
2020-07-31,Russia,NA,Chuvashia,1231117,40,0,6695,0
2020-08-01,Russia,NA,Chuvashia,1231117,40,0,6735,0
2020-08-02,Russia,NA,Chuvashia,1231117,37,0,6811,56
2020-08-03,Russia,NA,Chuvashia,1231117,35,0,6846,56
2020-08-04,Russia,NA,Chuvashia,1231117,34,2,6880,58
2020-08-05,Russia,NA,Chuvashia,1231117,35,4,6915,62
2020-08-06,Russia,NA,Chuvashia,1231117,32,0,6947,62
2020-08-07,Russia,NA,Chuvashia,1231117,33,0,6980,62
2020-08-08,Russia,NA,Chuvashia,1231117,30,0,7010,62
2020-08-09,Russia,NA,Chuvashia,1231117,32,2,7042,64
2020-08-10,Russia,NA,Chuvashia,1231117,30,0,7072,64
2020-08-11,Russia,NA,Chuvashia,1231117,36,0,7108,64
2020-08-12,Russia,NA,Chuvashia,1231117,36,1,7144,65
2020-08-13,Russia,NA,Chuvashia,1231117,35,1,7179,66
2020-08-14,Russia,NA,Chuvashia,1231117,34,0,7213,66
2020-08-15,Russia,NA,Chuvashia,1231117,34,2,7247,68
2020-08-16,Russia,NA,Chuvashia,1231117,32,0,7279,68
2020-08-17,Russia,NA,Chuvashia,1231117,30,0,7309,68
2020-08-18,Russia,NA,Chuvashia,1231117,33,0,7342,68
2020-08-19,Russia,NA,Chuvashia,1231117,36,0,7378,68
2020-08-20,Russia,NA,Chuvashia,1231117,36,0,7414,68
2020-08-21,Russia,NA,Chuvashia,1231117,34,0,7448,68
2020-08-22,Russia,NA,Chuvashia,1231117,33,0,7481,68
2020-08-23,Russia,NA,Chuvashia,1231117,35,0,7516,68
2020-08-24,Russia,NA,Chuvashia,1231117,35,0,7551,68
2020-08-25,Russia,NA,Chuvashia,1231117,34,0,7585,68
2020-08-26,Russia,NA,Chuvashia,1231117,34,0,7619,68
2020-08-27,Russia,NA,Chuvashia,1231117,32,0,7651,68
2020-08-28,Russia,NA,Chuvashia,1231117,31,2,7682,70
2020-08-29,Russia,NA,Chuvashia,1231117,31,0,7713,70
2020-08-30,Russia,NA,Chuvashia,1231117,30,0,7743,70
2020-08-31,Russia,NA,Chuvashia,1231117,31,0,7774,70
2020-04-15,Russia,NA,Dagestan,3063885,5,0,105,0
2020-04-16,Russia,NA,Dagestan,3063885,49,0,154,0
2020-04-17,Russia,NA,Dagestan,3063885,59,0,213,0
2020-04-18,Russia,NA,Dagestan,3063885,44,0,257,0
2020-04-19,Russia,NA,Dagestan,3063885,35,0,292,0
2020-04-20,Russia,NA,Dagestan,3063885,39,0,331,0
2020-04-21,Russia,NA,Dagestan,3063885,40,0,371,0
2020-04-22,Russia,NA,Dagestan,3063885,46,0,417,0
2020-04-23,Russia,NA,Dagestan,3063885,37,0,454,0
2020-04-24,Russia,NA,Dagestan,3063885,113,0,567,0
2020-04-25,Russia,NA,Dagestan,3063885,157,0,724,0
2020-04-26,Russia,NA,Dagestan,3063885,103,0,827,0
2020-04-27,Russia,NA,Dagestan,3063885,167,0,994,0
2020-04-28,Russia,NA,Dagestan,3063885,153,0,1147,0
2020-04-29,Russia,NA,Dagestan,3063885,84,0,1231,0
2020-04-30,Russia,NA,Dagestan,3063885,158,0,1389,0
2020-05-01,Russia,NA,Dagestan,3063885,164,0,1553,0
2020-05-02,Russia,NA,Dagestan,3063885,109,0,1662,0
2020-05-03,Russia,NA,Dagestan,3063885,136,0,1798,0
2020-05-04,Russia,NA,Dagestan,3063885,160,0,1958,0
2020-05-05,Russia,NA,Dagestan,3063885,128,0,2086,0
2020-05-06,Russia,NA,Dagestan,3063885,181,0,2267,0
2020-05-07,Russia,NA,Dagestan,3063885,105,0,2372,0
2020-05-08,Russia,NA,Dagestan,3063885,96,0,2468,0
2020-05-09,Russia,NA,Dagestan,3063885,92,0,2560,0
2020-05-10,Russia,NA,Dagestan,3063885,93,0,2653,0
2020-05-11,Russia,NA,Dagestan,3063885,119,0,2772,0
2020-05-12,Russia,NA,Dagestan,3063885,116,0,2888,0
2020-05-13,Russia,NA,Dagestan,3063885,109,0,2997,0
2020-05-14,Russia,NA,Dagestan,3063885,98,0,3095,0
2020-05-15,Russia,NA,Dagestan,3063885,97,0,3192,0
2020-05-16,Russia,NA,Dagestan,3063885,88,0,3280,0
2020-05-17,Russia,NA,Dagestan,3063885,91,0,3371,0
2020-05-18,Russia,NA,Dagestan,3063885,89,0,3460,0
2020-05-19,Russia,NA,Dagestan,3063885,93,0,3553,0
2020-05-20,Russia,NA,Dagestan,3063885,90,0,3643,0
2020-05-21,Russia,NA,Dagestan,3063885,103,0,3746,0
2020-05-22,Russia,NA,Dagestan,3063885,109,0,3855,0
2020-05-23,Russia,NA,Dagestan,3063885,127,0,3982,0
2020-05-24,Russia,NA,Dagestan,3063885,113,0,4095,0
2020-05-25,Russia,NA,Dagestan,3063885,110,0,4205,0
2020-05-26,Russia,NA,Dagestan,3063885,89,0,4294,0
2020-05-27,Russia,NA,Dagestan,3063885,161,0,4455,0
2020-05-28,Russia,NA,Dagestan,3063885,124,0,4579,0
2020-05-29,Russia,NA,Dagestan,3063885,125,0,4704,0
2020-05-30,Russia,NA,Dagestan,3063885,126,0,4830,0
2020-05-31,Russia,NA,Dagestan,3063885,125,0,4955,0
2020-06-01,Russia,NA,Dagestan,3063885,141,0,5096,0
2020-06-02,Russia,NA,Dagestan,3063885,132,0,5228,0
2020-06-03,Russia,NA,Dagestan,3063885,113,0,5341,0
2020-06-04,Russia,NA,Dagestan,3063885,122,0,5463,0
2020-06-05,Russia,NA,Dagestan,3063885,124,0,5587,0
2020-06-06,Russia,NA,Dagestan,3063885,156,0,5743,0
2020-06-07,Russia,NA,Dagestan,3063885,115,0,5858,0
2020-06-08,Russia,NA,Dagestan,3063885,112,0,5970,0
2020-06-09,Russia,NA,Dagestan,3063885,107,0,6077,0
2020-06-10,Russia,NA,Dagestan,3063885,98,0,6175,0
2020-06-11,Russia,NA,Dagestan,3063885,97,0,6272,0
2020-06-12,Russia,NA,Dagestan,3063885,95,0,6367,0
2020-06-13,Russia,NA,Dagestan,3063885,96,0,6463,0
2020-06-14,Russia,NA,Dagestan,3063885,94,0,6557,0
2020-06-15,Russia,NA,Dagestan,3063885,95,0,6652,0
2020-06-16,Russia,NA,Dagestan,3063885,93,0,6745,0
2020-06-17,Russia,NA,Dagestan,3063885,92,0,6837,0
2020-06-18,Russia,NA,Dagestan,3063885,90,0,6927,0
2020-06-19,Russia,NA,Dagestan,3063885,88,0,7015,0
2020-06-20,Russia,NA,Dagestan,3063885,88,0,7103,0
2020-06-21,Russia,NA,Dagestan,3063885,85,0,7188,0
2020-06-22,Russia,NA,Dagestan,3063885,79,0,7267,0
2020-06-23,Russia,NA,Dagestan,3063885,73,0,7340,0
2020-06-24,Russia,NA,Dagestan,3063885,75,0,7415,0
2020-06-25,Russia,NA,Dagestan,3063885,73,0,7488,0
2020-06-26,Russia,NA,Dagestan,3063885,73,0,7561,0
2020-06-27,Russia,NA,Dagestan,3063885,75,0,7636,0
2020-06-28,Russia,NA,Dagestan,3063885,71,0,7707,0
2020-06-29,Russia,NA,Dagestan,3063885,68,0,7775,0
2020-06-30,Russia,NA,Dagestan,3063885,65,0,7840,0
2020-07-01,Russia,NA,Dagestan,3063885,65,0,7905,0
2020-07-02,Russia,NA,Dagestan,3063885,63,0,7968,0
2020-07-03,Russia,NA,Dagestan,3063885,57,0,8025,0
2020-07-04,Russia,NA,Dagestan,3063885,55,0,8080,0
2020-07-05,Russia,NA,Dagestan,3063885,52,0,8132,0
2020-07-06,Russia,NA,Dagestan,3063885,52,0,8184,0
2020-07-07,Russia,NA,Dagestan,3063885,48,0,8232,0
2020-07-08,Russia,NA,Dagestan,3063885,48,0,8280,0
2020-07-09,Russia,NA,Dagestan,3063885,47,0,8327,0
2020-07-10,Russia,NA,Dagestan,3063885,47,0,8374,0
2020-07-11,Russia,NA,Dagestan,3063885,48,0,8422,0
2020-07-12,Russia,NA,Dagestan,3063885,46,0,8468,0
2020-07-13,Russia,NA,Dagestan,3063885,46,0,8514,0
2020-07-14,Russia,NA,Dagestan,3063885,46,0,8560,0
2020-07-15,Russia,NA,Dagestan,3063885,42,0,8602,0
2020-07-16,Russia,NA,Dagestan,3063885,45,0,8647,0
2020-07-17,Russia,NA,Dagestan,3063885,44,0,8691,0
2020-07-18,Russia,NA,Dagestan,3063885,44,0,8735,0
2020-07-19,Russia,NA,Dagestan,3063885,43,0,8778,0
2020-07-20,Russia,NA,Dagestan,3063885,41,0,8819,0
2020-07-21,Russia,NA,Dagestan,3063885,41,0,8860,0
2020-07-22,Russia,NA,Dagestan,3063885,41,0,8901,0
2020-07-23,Russia,NA,Dagestan,3063885,40,0,8941,0
2020-07-24,Russia,NA,Dagestan,3063885,40,0,8981,0
2020-07-25,Russia,NA,Dagestan,3063885,40,0,9021,0
2020-07-26,Russia,NA,Dagestan,3063885,41,0,9062,0
2020-07-27,Russia,NA,Dagestan,3063885,41,0,9103,0
2020-07-28,Russia,NA,Dagestan,3063885,40,0,9143,0
2020-07-29,Russia,NA,Dagestan,3063885,40,0,9183,0
2020-07-30,Russia,NA,Dagestan,3063885,40,0,9223,0
2020-07-31,Russia,NA,Dagestan,3063885,43,0,9266,0
2020-08-01,Russia,NA,Dagestan,3063885,42,0,9308,0
2020-08-02,Russia,NA,Dagestan,3063885,42,0,9350,445
2020-08-03,Russia,NA,Dagestan,3063885,42,0,9392,445
2020-08-04,Russia,NA,Dagestan,3063885,43,1,9435,446
2020-08-05,Russia,NA,Dagestan,3063885,40,1,9475,447
2020-08-06,Russia,NA,Dagestan,3063885,42,2,9517,449
2020-08-07,Russia,NA,Dagestan,3063885,48,2,9565,451
2020-08-08,Russia,NA,Dagestan,3063885,48,2,9613,453
2020-08-09,Russia,NA,Dagestan,3063885,52,1,9665,454
2020-08-10,Russia,NA,Dagestan,3063885,49,1,9714,455
2020-08-11,Russia,NA,Dagestan,3063885,49,3,9763,458
2020-08-12,Russia,NA,Dagestan,3063885,49,3,9812,461
2020-08-13,Russia,NA,Dagestan,3063885,49,3,9861,464
2020-08-14,Russia,NA,Dagestan,3063885,56,3,9917,467
2020-08-15,Russia,NA,Dagestan,3063885,57,2,9974,469
2020-08-16,Russia,NA,Dagestan,3063885,58,0,10032,469
2020-08-17,Russia,NA,Dagestan,3063885,59,1,10091,470
2020-08-18,Russia,NA,Dagestan,3063885,60,0,10151,470
2020-08-19,Russia,NA,Dagestan,3063885,59,4,10210,474
2020-08-20,Russia,NA,Dagestan,3063885,62,3,10272,477
2020-08-21,Russia,NA,Dagestan,3063885,62,1,10334,478
2020-08-22,Russia,NA,Dagestan,3063885,61,4,10395,482
2020-08-23,Russia,NA,Dagestan,3063885,63,1,10458,483
2020-08-24,Russia,NA,Dagestan,3063885,63,2,10521,485
2020-08-25,Russia,NA,Dagestan,3063885,65,0,10586,485
2020-08-26,Russia,NA,Dagestan,3063885,65,2,10651,487
2020-08-27,Russia,NA,Dagestan,3063885,65,2,10716,489
2020-08-28,Russia,NA,Dagestan,3063885,72,5,10788,494
2020-08-29,Russia,NA,Dagestan,3063885,70,1,10858,495
2020-08-30,Russia,NA,Dagestan,3063885,70,0,10928,495
2020-08-31,Russia,NA,Dagestan,3063885,71,2,10999,497
2020-04-16,Russia,NA,Ingushetia,488043,63,0,153,0
2020-04-17,Russia,NA,Ingushetia,488043,38,0,191,0
2020-04-18,Russia,NA,Ingushetia,488043,36,0,227,0
2020-04-19,Russia,NA,Ingushetia,488043,42,0,269,0
2020-04-20,Russia,NA,Ingushetia,488043,39,0,308,0
2020-04-21,Russia,NA,Ingushetia,488043,46,0,354,0
2020-04-22,Russia,NA,Ingushetia,488043,43,0,397,0
2020-04-23,Russia,NA,Ingushetia,488043,39,0,436,0
2020-04-24,Russia,NA,Ingushetia,488043,38,0,474,0
2020-04-25,Russia,NA,Ingushetia,488043,41,0,515,0
2020-04-26,Russia,NA,Ingushetia,488043,37,0,552,0
2020-04-27,Russia,NA,Ingushetia,488043,38,0,590,0
2020-04-28,Russia,NA,Ingushetia,488043,43,0,633,0
2020-04-29,Russia,NA,Ingushetia,488043,46,0,679,0
2020-04-30,Russia,NA,Ingushetia,488043,43,0,722,0
2020-05-01,Russia,NA,Ingushetia,488043,47,0,769,0
2020-05-02,Russia,NA,Ingushetia,488043,45,0,814,0
2020-05-03,Russia,NA,Ingushetia,488043,51,0,865,0
2020-05-04,Russia,NA,Ingushetia,488043,53,0,918,0
2020-05-05,Russia,NA,Ingushetia,488043,48,0,966,0
2020-05-06,Russia,NA,Ingushetia,488043,52,0,1018,0
2020-05-07,Russia,NA,Ingushetia,488043,49,0,1067,0
2020-05-08,Russia,NA,Ingushetia,488043,41,0,1108,0
2020-05-09,Russia,NA,Ingushetia,488043,44,0,1152,0
2020-05-10,Russia,NA,Ingushetia,488043,47,0,1199,0
2020-05-11,Russia,NA,Ingushetia,488043,46,0,1245,0
2020-05-12,Russia,NA,Ingushetia,488043,45,0,1290,0
2020-05-13,Russia,NA,Ingushetia,488043,43,0,1333,0
2020-05-14,Russia,NA,Ingushetia,488043,39,0,1372,0
2020-05-15,Russia,NA,Ingushetia,488043,35,0,1407,0
2020-05-16,Russia,NA,Ingushetia,488043,36,0,1443,0
2020-05-17,Russia,NA,Ingushetia,488043,37,0,1480,0
2020-05-18,Russia,NA,Ingushetia,488043,35,0,1515,0
2020-05-19,Russia,NA,Ingushetia,488043,46,0,1561,0
2020-05-20,Russia,NA,Ingushetia,488043,44,0,1605,0
2020-05-21,Russia,NA,Ingushetia,488043,43,0,1648,0
2020-05-22,Russia,NA,Ingushetia,488043,44,0,1692,0
2020-05-23,Russia,NA,Ingushetia,488043,42,0,1734,0
2020-05-24,Russia,NA,Ingushetia,488043,44,0,1778,0
2020-05-25,Russia,NA,Ingushetia,488043,45,0,1823,0
2020-05-26,Russia,NA,Ingushetia,488043,43,0,1866,0
2020-05-27,Russia,NA,Ingushetia,488043,40,0,1906,0
2020-05-28,Russia,NA,Ingushetia,488043,49,0,1955,0
2020-05-29,Russia,NA,Ingushetia,488043,45,0,2000,0
2020-05-30,Russia,NA,Ingushetia,488043,44,0,2044,0
2020-05-31,Russia,NA,Ingushetia,488043,39,0,2083,0
2020-06-01,Russia,NA,Ingushetia,488043,44,0,2127,0
2020-06-02,Russia,NA,Ingushetia,488043,37,0,2164,0
2020-06-03,Russia,NA,Ingushetia,488043,33,0,2197,0
2020-06-04,Russia,NA,Ingushetia,488043,31,0,2228,0
2020-06-05,Russia,NA,Ingushetia,488043,40,0,2268,0
2020-06-06,Russia,NA,Ingushetia,488043,39,0,2307,0
2020-06-07,Russia,NA,Ingushetia,488043,35,0,2342,0
2020-06-08,Russia,NA,Ingushetia,488043,26,0,2368,0
2020-06-09,Russia,NA,Ingushetia,488043,31,0,2399,0
2020-06-10,Russia,NA,Ingushetia,488043,39,0,2438,0
2020-06-11,Russia,NA,Ingushetia,488043,36,0,2474,0
2020-06-12,Russia,NA,Ingushetia,488043,36,0,2510,0
2020-06-13,Russia,NA,Ingushetia,488043,40,0,2550,0
2020-06-14,Russia,NA,Ingushetia,488043,37,0,2587,0
2020-06-15,Russia,NA,Ingushetia,488043,36,0,2623,0
2020-06-16,Russia,NA,Ingushetia,488043,34,0,2657,0
2020-06-17,Russia,NA,Ingushetia,488043,36,0,2693,0
2020-06-18,Russia,NA,Ingushetia,488043,32,0,2725,0
2020-06-19,Russia,NA,Ingushetia,488043,30,0,2755,0
2020-06-20,Russia,NA,Ingushetia,488043,27,0,2782,0
2020-06-21,Russia,NA,Ingushetia,488043,24,0,2806,0
2020-06-22,Russia,NA,Ingushetia,488043,22,0,2828,0
2020-06-23,Russia,NA,Ingushetia,488043,32,0,2860,0
2020-06-24,Russia,NA,Ingushetia,488043,29,0,2889,0
2020-06-25,Russia,NA,Ingushetia,488043,27,0,2916,0
2020-06-26,Russia,NA,Ingushetia,488043,30,0,2946,0
2020-06-27,Russia,NA,Ingushetia,488043,32,0,2978,0
2020-06-28,Russia,NA,Ingushetia,488043,17,0,2995,0
2020-06-29,Russia,NA,Ingushetia,488043,25,0,3020,0
2020-06-30,Russia,NA,Ingushetia,488043,27,0,3047,0
2020-07-01,Russia,NA,Ingushetia,488043,22,0,3069,0
2020-07-02,Russia,NA,Ingushetia,488043,19,0,3088,0
2020-07-03,Russia,NA,Ingushetia,488043,24,0,3112,0
2020-07-04,Russia,NA,Ingushetia,488043,26,0,3138,0
2020-07-05,Russia,NA,Ingushetia,488043,16,0,3154,0
2020-07-06,Russia,NA,Ingushetia,488043,15,0,3169,0
2020-07-07,Russia,NA,Ingushetia,488043,16,0,3185,0
2020-07-08,Russia,NA,Ingushetia,488043,20,0,3205,0
2020-07-09,Russia,NA,Ingushetia,488043,23,0,3228,0
2020-07-10,Russia,NA,Ingushetia,488043,25,0,3253,0
2020-07-11,Russia,NA,Ingushetia,488043,27,0,3280,0
2020-07-12,Russia,NA,Ingushetia,488043,22,0,3302,0
2020-07-13,Russia,NA,Ingushetia,488043,16,0,3318,0
2020-07-14,Russia,NA,Ingushetia,488043,10,0,3328,0
2020-07-15,Russia,NA,Ingushetia,488043,16,0,3344,0
2020-07-16,Russia,NA,Ingushetia,488043,22,0,3366,0
2020-07-17,Russia,NA,Ingushetia,488043,27,0,3393,0
2020-07-18,Russia,NA,Ingushetia,488043,26,0,3419,0
2020-07-19,Russia,NA,Ingushetia,488043,19,0,3438,0
2020-07-20,Russia,NA,Ingushetia,488043,10,0,3448,0
2020-07-21,Russia,NA,Ingushetia,488043,11,0,3459,0
2020-07-22,Russia,NA,Ingushetia,488043,22,0,3481,0
2020-07-23,Russia,NA,Ingushetia,488043,21,0,3502,0
2020-07-24,Russia,NA,Ingushetia,488043,27,0,3529,0
2020-07-25,Russia,NA,Ingushetia,488043,20,0,3549,0
2020-07-26,Russia,NA,Ingushetia,488043,29,0,3578,0
2020-07-27,Russia,NA,Ingushetia,488043,27,0,3605,0
2020-07-28,Russia,NA,Ingushetia,488043,15,0,3620,0
2020-07-29,Russia,NA,Ingushetia,488043,24,0,3644,0
2020-07-30,Russia,NA,Ingushetia,488043,21,0,3665,0
2020-07-31,Russia,NA,Ingushetia,488043,23,0,3688,0
2020-08-01,Russia,NA,Ingushetia,488043,21,0,3709,0
2020-08-02,Russia,NA,Ingushetia,488043,20,0,3729,74
2020-08-03,Russia,NA,Ingushetia,488043,15,0,3744,74
2020-08-04,Russia,NA,Ingushetia,488043,11,0,3755,74
2020-08-05,Russia,NA,Ingushetia,488043,15,0,3770,74
2020-08-06,Russia,NA,Ingushetia,488043,22,0,3792,74
2020-08-07,Russia,NA,Ingushetia,488043,30,0,3822,74
2020-08-08,Russia,NA,Ingushetia,488043,25,0,3847,74
2020-08-09,Russia,NA,Ingushetia,488043,22,0,3869,74
2020-08-10,Russia,NA,Ingushetia,488043,16,0,3885,74
2020-08-11,Russia,NA,Ingushetia,488043,19,1,3904,75
2020-08-12,Russia,NA,Ingushetia,488043,29,0,3933,75
2020-08-13,Russia,NA,Ingushetia,488043,21,0,3954,75
2020-08-14,Russia,NA,Ingushetia,488043,27,0,3981,75
2020-08-15,Russia,NA,Ingushetia,488043,23,0,4004,75
2020-08-16,Russia,NA,Ingushetia,488043,21,0,4025,75
2020-08-17,Russia,NA,Ingushetia,488043,20,0,4045,75
2020-08-18,Russia,NA,Ingushetia,488043,24,0,4069,75
2020-08-19,Russia,NA,Ingushetia,488043,26,0,4095,75
2020-08-20,Russia,NA,Ingushetia,488043,21,1,4116,76
2020-08-21,Russia,NA,Ingushetia,488043,24,0,4140,76
2020-08-22,Russia,NA,Ingushetia,488043,22,0,4162,76
2020-08-23,Russia,NA,Ingushetia,488043,20,0,4182,76
2020-08-24,Russia,NA,Ingushetia,488043,23,0,4205,76
2020-08-25,Russia,NA,Ingushetia,488043,27,0,4232,76
2020-08-26,Russia,NA,Ingushetia,488043,24,0,4256,76
2020-08-27,Russia,NA,Ingushetia,488043,21,0,4277,76
2020-08-28,Russia,NA,Ingushetia,488043,29,0,4306,76
2020-08-29,Russia,NA,Ingushetia,488043,32,0,4338,76
2020-08-30,Russia,NA,Ingushetia,488043,30,0,4368,76
2020-08-31,Russia,NA,Ingushetia,488043,29,0,4397,76
2020-04-29,Russia,NA,Irkutsk Oblast,2404195,6,0,101,0
2020-04-30,Russia,NA,Irkutsk Oblast,2404195,4,0,105,0
2020-05-01,Russia,NA,Irkutsk Oblast,2404195,18,0,123,0
2020-05-02,Russia,NA,Irkutsk Oblast,2404195,7,0,130,0
2020-05-03,Russia,NA,Irkutsk Oblast,2404195,20,0,150,0
2020-05-04,Russia,NA,Irkutsk Oblast,2404195,27,0,177,0
2020-05-05,Russia,NA,Irkutsk Oblast,2404195,23,0,200,0
2020-05-06,Russia,NA,Irkutsk Oblast,2404195,31,0,231,0
2020-05-07,Russia,NA,Irkutsk Oblast,2404195,6,0,237,0
2020-05-08,Russia,NA,Irkutsk Oblast,2404195,18,0,255,0
2020-05-09,Russia,NA,Irkutsk Oblast,2404195,16,0,271,0
2020-05-10,Russia,NA,Irkutsk Oblast,2404195,18,0,289,0
2020-05-11,Russia,NA,Irkutsk Oblast,2404195,24,0,313,0
2020-05-12,Russia,NA,Irkutsk Oblast,2404195,20,0,333,0
2020-05-13,Russia,NA,Irkutsk Oblast,2404195,20,0,353,0
2020-05-14,Russia,NA,Irkutsk Oblast,2404195,26,0,379,0
2020-05-15,Russia,NA,Irkutsk Oblast,2404195,95,0,474,0
2020-05-16,Russia,NA,Irkutsk Oblast,2404195,25,0,499,0
2020-05-17,Russia,NA,Irkutsk Oblast,2404195,27,0,526,0
2020-05-18,Russia,NA,Irkutsk Oblast,2404195,75,0,601,0
2020-05-19,Russia,NA,Irkutsk Oblast,2404195,97,0,698,0
2020-05-20,Russia,NA,Irkutsk Oblast,2404195,48,0,746,0
2020-05-21,Russia,NA,Irkutsk Oblast,2404195,34,0,780,0
2020-05-22,Russia,NA,Irkutsk Oblast,2404195,83,0,863,0
2020-05-23,Russia,NA,Irkutsk Oblast,2404195,95,0,958,0
2020-05-24,Russia,NA,Irkutsk Oblast,2404195,120,0,1078,0
2020-05-25,Russia,NA,Irkutsk Oblast,2404195,116,0,1194,0
2020-05-26,Russia,NA,Irkutsk Oblast,2404195,112,0,1306,0
2020-05-27,Russia,NA,Irkutsk Oblast,2404195,70,0,1376,0
2020-05-28,Russia,NA,Irkutsk Oblast,2404195,62,0,1438,0
2020-05-29,Russia,NA,Irkutsk Oblast,2404195,60,0,1498,0
2020-05-30,Russia,NA,Irkutsk Oblast,2404195,162,0,1660,0
2020-05-31,Russia,NA,Irkutsk Oblast,2404195,90,0,1750,0
2020-06-01,Russia,NA,Irkutsk Oblast,2404195,229,0,1979,0
2020-06-02,Russia,NA,Irkutsk Oblast,2404195,210,0,2189,0
2020-06-03,Russia,NA,Irkutsk Oblast,2404195,120,0,2309,0
2020-06-04,Russia,NA,Irkutsk Oblast,2404195,138,0,2447,0
2020-06-05,Russia,NA,Irkutsk Oblast,2404195,95,0,2542,0
2020-06-06,Russia,NA,Irkutsk Oblast,2404195,71,0,2613,0
2020-06-07,Russia,NA,Irkutsk Oblast,2404195,179,0,2792,0
2020-06-08,Russia,NA,Irkutsk Oblast,2404195,85,0,2877,0
2020-06-09,Russia,NA,Irkutsk Oblast,2404195,206,0,3083,0
2020-06-10,Russia,NA,Irkutsk Oblast,2404195,182,0,3265,0
2020-06-11,Russia,NA,Irkutsk Oblast,2404195,240,0,3505,0
2020-06-12,Russia,NA,Irkutsk Oblast,2404195,151,0,3656,0
2020-06-13,Russia,NA,Irkutsk Oblast,2404195,163,0,3819,0
2020-06-14,Russia,NA,Irkutsk Oblast,2404195,209,0,4028,0
2020-06-15,Russia,NA,Irkutsk Oblast,2404195,127,0,4155,0
2020-06-16,Russia,NA,Irkutsk Oblast,2404195,319,0,4474,0
2020-06-17,Russia,NA,Irkutsk Oblast,2404195,179,0,4653,0
2020-06-18,Russia,NA,Irkutsk Oblast,2404195,133,0,4786,0
2020-06-19,Russia,NA,Irkutsk Oblast,2404195,164,0,4950,0
2020-06-20,Russia,NA,Irkutsk Oblast,2404195,193,0,5143,0
2020-06-21,Russia,NA,Irkutsk Oblast,2404195,191,0,5334,0
2020-06-22,Russia,NA,Irkutsk Oblast,2404195,194,0,5528,0
2020-06-23,Russia,NA,Irkutsk Oblast,2404195,198,0,5726,0
2020-06-24,Russia,NA,Irkutsk Oblast,2404195,193,0,5919,0
2020-06-25,Russia,NA,Irkutsk Oblast,2404195,209,0,6128,0
2020-06-26,Russia,NA,Irkutsk Oblast,2404195,210,0,6338,0
2020-06-27,Russia,NA,Irkutsk Oblast,2404195,237,0,6575,0
2020-06-28,Russia,NA,Irkutsk Oblast,2404195,232,0,6807,0
2020-06-29,Russia,NA,Irkutsk Oblast,2404195,236,0,7043,0
2020-06-30,Russia,NA,Irkutsk Oblast,2404195,242,0,7285,0
2020-07-01,Russia,NA,Irkutsk Oblast,2404195,248,0,7533,0
2020-07-02,Russia,NA,Irkutsk Oblast,2404195,243,0,7776,0
2020-07-03,Russia,NA,Irkutsk Oblast,2404195,249,0,8025,0
2020-07-04,Russia,NA,Irkutsk Oblast,2404195,235,0,8260,0
2020-07-05,Russia,NA,Irkutsk Oblast,2404195,241,0,8501,0
2020-07-06,Russia,NA,Irkutsk Oblast,2404195,239,0,8740,0
2020-07-07,Russia,NA,Irkutsk Oblast,2404195,245,0,8985,0
2020-07-08,Russia,NA,Irkutsk Oblast,2404195,240,0,9225,0
2020-07-09,Russia,NA,Irkutsk Oblast,2404195,243,0,9468,0
2020-07-10,Russia,NA,Irkutsk Oblast,2404195,211,0,9679,0
2020-07-11,Russia,NA,Irkutsk Oblast,2404195,206,0,9885,0
2020-07-12,Russia,NA,Irkutsk Oblast,2404195,209,0,10094,0
2020-07-13,Russia,NA,Irkutsk Oblast,2404195,203,0,10297,0
2020-07-14,Russia,NA,Irkutsk Oblast,2404195,198,0,10495,0
2020-07-15,Russia,NA,Irkutsk Oblast,2404195,190,0,10685,0
2020-07-16,Russia,NA,Irkutsk Oblast,2404195,196,0,10881,0
2020-07-17,Russia,NA,Irkutsk Oblast,2404195,193,0,11074,0
2020-07-18,Russia,NA,Irkutsk Oblast,2404195,188,0,11262,0
2020-07-19,Russia,NA,Irkutsk Oblast,2404195,185,0,11447,0
2020-07-20,Russia,NA,Irkutsk Oblast,2404195,178,0,11625,0
2020-07-21,Russia,NA,Irkutsk Oblast,2404195,181,0,11806,0
2020-07-22,Russia,NA,Irkutsk Oblast,2404195,170,0,11976,0
2020-07-23,Russia,NA,Irkutsk Oblast,2404195,176,0,12152,0
2020-07-24,Russia,NA,Irkutsk Oblast,2404195,171,0,12323,0
2020-07-25,Russia,NA,Irkutsk Oblast,2404195,164,0,12487,0
2020-07-26,Russia,NA,Irkutsk Oblast,2404195,161,0,12648,0
2020-07-27,Russia,NA,Irkutsk Oblast,2404195,165,0,12813,0
2020-07-28,Russia,NA,Irkutsk Oblast,2404195,162,0,12975,0
2020-07-29,Russia,NA,Irkutsk Oblast,2404195,159,0,13134,0
2020-07-30,Russia,NA,Irkutsk Oblast,2404195,148,0,13282,0
2020-07-31,Russia,NA,Irkutsk Oblast,2404195,140,0,13422,0
2020-08-01,Russia,NA,Irkutsk Oblast,2404195,146,0,13568,0
2020-08-02,Russia,NA,Irkutsk Oblast,2404195,143,0,13711,176
2020-08-03,Russia,NA,Irkutsk Oblast,2404195,140,2,13851,178
2020-08-04,Russia,NA,Irkutsk Oblast,2404195,137,4,13988,182
2020-08-05,Russia,NA,Irkutsk Oblast,2404195,135,7,14123,189
2020-08-06,Russia,NA,Irkutsk Oblast,2404195,128,9,14251,198
2020-08-07,Russia,NA,Irkutsk Oblast,2404195,130,8,14381,206
2020-08-08,Russia,NA,Irkutsk Oblast,2404195,119,0,14500,206
2020-08-09,Russia,NA,Irkutsk Oblast,2404195,123,0,14623,206
2020-08-10,Russia,NA,Irkutsk Oblast,2404195,120,3,14743,209
2020-08-11,Russia,NA,Irkutsk Oblast,2404195,124,5,14867,214
2020-08-12,Russia,NA,Irkutsk Oblast,2404195,119,0,14986,214
2020-08-13,Russia,NA,Irkutsk Oblast,2404195,115,7,15101,221
2020-08-14,Russia,NA,Irkutsk Oblast,2404195,110,3,15211,224
2020-08-15,Russia,NA,Irkutsk Oblast,2404195,113,1,15324,225
2020-08-16,Russia,NA,Irkutsk Oblast,2404195,118,0,15442,225
2020-08-17,Russia,NA,Irkutsk Oblast,2404195,114,3,15556,228
2020-08-18,Russia,NA,Irkutsk Oblast,2404195,108,9,15664,237
2020-08-19,Russia,NA,Irkutsk Oblast,2404195,111,2,15775,239
2020-08-20,Russia,NA,Irkutsk Oblast,2404195,105,0,15880,239
2020-08-21,Russia,NA,Irkutsk Oblast,2404195,101,0,15981,239
2020-08-22,Russia,NA,Irkutsk Oblast,2404195,105,0,16086,239
2020-08-23,Russia,NA,Irkutsk Oblast,2404195,98,0,16184,239
2020-08-24,Russia,NA,Irkutsk Oblast,2404195,89,0,16273,239
2020-08-25,Russia,NA,Irkutsk Oblast,2404195,87,3,16360,242
2020-08-26,Russia,NA,Irkutsk Oblast,2404195,74,3,16434,245
2020-08-27,Russia,NA,Irkutsk Oblast,2404195,76,3,16510,248
2020-08-28,Russia,NA,Irkutsk Oblast,2404195,73,0,16583,248
2020-08-29,Russia,NA,Irkutsk Oblast,2404195,77,0,16660,248
2020-08-30,Russia,NA,Irkutsk Oblast,2404195,72,0,16732,248
2020-08-31,Russia,NA,Irkutsk Oblast,2404195,78,0,16810,248
2020-04-15,Russia,NA,Ivanovo Oblast,1014646,25,0,121,0
2020-04-16,Russia,NA,Ivanovo Oblast,1014646,15,0,136,0
2020-04-17,Russia,NA,Ivanovo Oblast,1014646,13,0,149,0
2020-04-18,Russia,NA,Ivanovo Oblast,1014646,15,0,164,0
2020-04-19,Russia,NA,Ivanovo Oblast,1014646,19,0,183,0
2020-04-20,Russia,NA,Ivanovo Oblast,1014646,20,0,203,0
2020-04-21,Russia,NA,Ivanovo Oblast,1014646,10,0,213,0
2020-04-22,Russia,NA,Ivanovo Oblast,1014646,12,0,225,0
2020-04-23,Russia,NA,Ivanovo Oblast,1014646,14,0,239,0
2020-04-24,Russia,NA,Ivanovo Oblast,1014646,8,0,247,0
2020-04-25,Russia,NA,Ivanovo Oblast,1014646,16,0,263,0
2020-04-26,Russia,NA,Ivanovo Oblast,1014646,11,0,274,0
2020-04-27,Russia,NA,Ivanovo Oblast,1014646,8,0,282,0
2020-04-28,Russia,NA,Ivanovo Oblast,1014646,14,0,296,0
2020-04-29,Russia,NA,Ivanovo Oblast,1014646,31,0,327,0
2020-04-30,Russia,NA,Ivanovo Oblast,1014646,32,0,359,0
2020-05-01,Russia,NA,Ivanovo Oblast,1014646,44,0,403,0
2020-05-02,Russia,NA,Ivanovo Oblast,1014646,31,0,434,0
2020-05-03,Russia,NA,Ivanovo Oblast,1014646,22,0,456,0
2020-05-04,Russia,NA,Ivanovo Oblast,1014646,29,0,485,0
2020-05-05,Russia,NA,Ivanovo Oblast,1014646,32,0,517,0
2020-05-06,Russia,NA,Ivanovo Oblast,1014646,20,0,537,0
2020-05-07,Russia,NA,Ivanovo Oblast,1014646,58,0,595,0
2020-05-08,Russia,NA,Ivanovo Oblast,1014646,58,0,653,0
2020-05-09,Russia,NA,Ivanovo Oblast,1014646,26,0,679,0
2020-05-10,Russia,NA,Ivanovo Oblast,1014646,79,0,758,0
2020-05-11,Russia,NA,Ivanovo Oblast,1014646,85,0,843,0
2020-05-12,Russia,NA,Ivanovo Oblast,1014646,68,0,911,0
2020-05-13,Russia,NA,Ivanovo Oblast,1014646,10,0,921,0
2020-05-14,Russia,NA,Ivanovo Oblast,1014646,102,0,1023,0
2020-05-15,Russia,NA,Ivanovo Oblast,1014646,101,0,1124,0
2020-05-16,Russia,NA,Ivanovo Oblast,1014646,68,0,1192,0
2020-05-17,Russia,NA,Ivanovo Oblast,1014646,53,0,1245,0
2020-05-18,Russia,NA,Ivanovo Oblast,1014646,46,0,1291,0
2020-05-19,Russia,NA,Ivanovo Oblast,1014646,22,0,1313,0
2020-05-20,Russia,NA,Ivanovo Oblast,1014646,47,0,1360,0
2020-05-21,Russia,NA,Ivanovo Oblast,1014646,55,0,1415,0
2020-05-22,Russia,NA,Ivanovo Oblast,1014646,48,0,1463,0
2020-05-23,Russia,NA,Ivanovo Oblast,1014646,42,0,1505,0
2020-05-24,Russia,NA,Ivanovo Oblast,1014646,61,0,1566,0
2020-05-25,Russia,NA,Ivanovo Oblast,1014646,36,0,1602,0
2020-05-26,Russia,NA,Ivanovo Oblast,1014646,37,0,1639,0
2020-05-27,Russia,NA,Ivanovo Oblast,1014646,47,0,1686,0
2020-05-28,Russia,NA,Ivanovo Oblast,1014646,59,0,1745,0
2020-05-29,Russia,NA,Ivanovo Oblast,1014646,68,0,1813,0
2020-05-30,Russia,NA,Ivanovo Oblast,1014646,87,0,1900,0
2020-05-31,Russia,NA,Ivanovo Oblast,1014646,77,0,1977,0
2020-06-01,Russia,NA,Ivanovo Oblast,1014646,80,0,2057,0
2020-06-02,Russia,NA,Ivanovo Oblast,1014646,83,0,2140,0
2020-06-03,Russia,NA,Ivanovo Oblast,1014646,65,0,2205,0
2020-06-04,Russia,NA,Ivanovo Oblast,1014646,117,0,2322,0
2020-06-05,Russia,NA,Ivanovo Oblast,1014646,125,0,2447,0
2020-06-06,Russia,NA,Ivanovo Oblast,1014646,130,0,2577,0
2020-06-07,Russia,NA,Ivanovo Oblast,1014646,128,0,2705,0
2020-06-08,Russia,NA,Ivanovo Oblast,1014646,117,0,2822,0
2020-06-09,Russia,NA,Ivanovo Oblast,1014646,108,0,2930,0
2020-06-10,Russia,NA,Ivanovo Oblast,1014646,101,0,3031,0
2020-06-11,Russia,NA,Ivanovo Oblast,1014646,99,0,3130,0
2020-06-12,Russia,NA,Ivanovo Oblast,1014646,98,0,3228,0
2020-06-13,Russia,NA,Ivanovo Oblast,1014646,95,0,3323,0
2020-06-14,Russia,NA,Ivanovo Oblast,1014646,94,0,3417,0
2020-06-15,Russia,NA,Ivanovo Oblast,1014646,91,0,3508,0
2020-06-16,Russia,NA,Ivanovo Oblast,1014646,91,0,3599,0
2020-06-17,Russia,NA,Ivanovo Oblast,1014646,86,0,3685,0
2020-06-18,Russia,NA,Ivanovo Oblast,1014646,83,0,3768,0
2020-06-19,Russia,NA,Ivanovo Oblast,1014646,85,0,3853,0
2020-06-20,Russia,NA,Ivanovo Oblast,1014646,81,0,3934,0
2020-06-21,Russia,NA,Ivanovo Oblast,1014646,83,0,4017,0
2020-06-22,Russia,NA,Ivanovo Oblast,1014646,81,0,4098,0
2020-06-23,Russia,NA,Ivanovo Oblast,1014646,78,0,4176,0
2020-06-24,Russia,NA,Ivanovo Oblast,1014646,77,0,4253,0
2020-06-25,Russia,NA,Ivanovo Oblast,1014646,77,0,4330,0
2020-06-26,Russia,NA,Ivanovo Oblast,1014646,75,0,4405,0
2020-06-27,Russia,NA,Ivanovo Oblast,1014646,74,0,4479,0
2020-06-28,Russia,NA,Ivanovo Oblast,1014646,71,0,4550,0
2020-06-29,Russia,NA,Ivanovo Oblast,1014646,71,0,4621,0
2020-06-30,Russia,NA,Ivanovo Oblast,1014646,70,0,4691,0
2020-07-01,Russia,NA,Ivanovo Oblast,1014646,70,0,4761,0
2020-07-02,Russia,NA,Ivanovo Oblast,1014646,68,0,4829,0
2020-07-03,Russia,NA,Ivanovo Oblast,1014646,69,0,4898,0
2020-07-04,Russia,NA,Ivanovo Oblast,1014646,67,0,4965,0
2020-07-05,Russia,NA,Ivanovo Oblast,1014646,69,0,5034,0
2020-07-06,Russia,NA,Ivanovo Oblast,1014646,68,0,5102,0
2020-07-07,Russia,NA,Ivanovo Oblast,1014646,66,0,5168,0
2020-07-08,Russia,NA,Ivanovo Oblast,1014646,64,0,5232,0
2020-07-09,Russia,NA,Ivanovo Oblast,1014646,72,0,5304,0
2020-07-10,Russia,NA,Ivanovo Oblast,1014646,67,0,5371,0
2020-07-11,Russia,NA,Ivanovo Oblast,1014646,65,0,5436,0
2020-07-12,Russia,NA,Ivanovo Oblast,1014646,65,0,5501,0
2020-07-13,Russia,NA,Ivanovo Oblast,1014646,64,0,5565,0
2020-07-14,Russia,NA,Ivanovo Oblast,1014646,64,0,5629,0
2020-07-15,Russia,NA,Ivanovo Oblast,1014646,62,0,5691,0
2020-07-16,Russia,NA,Ivanovo Oblast,1014646,61,0,5752,0
2020-07-17,Russia,NA,Ivanovo Oblast,1014646,61,0,5813,0
2020-07-18,Russia,NA,Ivanovo Oblast,1014646,63,0,5876,0
2020-07-19,Russia,NA,Ivanovo Oblast,1014646,62,0,5938,0
2020-07-20,Russia,NA,Ivanovo Oblast,1014646,60,0,5998,0
2020-07-21,Russia,NA,Ivanovo Oblast,1014646,61,0,6059,0
2020-07-22,Russia,NA,Ivanovo Oblast,1014646,57,0,6116,0
2020-07-23,Russia,NA,Ivanovo Oblast,1014646,56,0,6172,0
2020-07-24,Russia,NA,Ivanovo Oblast,1014646,50,0,6222,0
2020-07-25,Russia,NA,Ivanovo Oblast,1014646,43,0,6265,0
2020-07-26,Russia,NA,Ivanovo Oblast,1014646,38,0,6303,0
2020-07-27,Russia,NA,Ivanovo Oblast,1014646,27,0,6330,0
2020-07-28,Russia,NA,Ivanovo Oblast,1014646,22,0,6352,0
2020-07-29,Russia,NA,Ivanovo Oblast,1014646,25,0,6377,0
2020-07-30,Russia,NA,Ivanovo Oblast,1014646,24,0,6401,0
2020-07-31,Russia,NA,Ivanovo Oblast,1014646,25,0,6426,0
2020-08-01,Russia,NA,Ivanovo Oblast,1014646,26,0,6452,0
2020-08-02,Russia,NA,Ivanovo Oblast,1014646,27,0,6479,99
2020-08-03,Russia,NA,Ivanovo Oblast,1014646,21,3,6500,102
2020-08-04,Russia,NA,Ivanovo Oblast,1014646,22,2,6522,104
2020-08-05,Russia,NA,Ivanovo Oblast,1014646,24,3,6546,107
2020-08-06,Russia,NA,Ivanovo Oblast,1014646,26,0,6572,107
2020-08-07,Russia,NA,Ivanovo Oblast,1014646,25,0,6597,107
2020-08-08,Russia,NA,Ivanovo Oblast,1014646,26,0,6623,107
2020-08-09,Russia,NA,Ivanovo Oblast,1014646,27,0,6650,107
2020-08-10,Russia,NA,Ivanovo Oblast,1014646,26,0,6676,107
2020-08-11,Russia,NA,Ivanovo Oblast,1014646,24,1,6700,108
2020-08-12,Russia,NA,Ivanovo Oblast,1014646,56,0,6756,108
2020-08-13,Russia,NA,Ivanovo Oblast,1014646,29,1,6785,109
2020-08-14,Russia,NA,Ivanovo Oblast,1014646,28,1,6813,110
2020-08-15,Russia,NA,Ivanovo Oblast,1014646,32,1,6845,111
2020-08-16,Russia,NA,Ivanovo Oblast,1014646,31,0,6876,111
2020-08-17,Russia,NA,Ivanovo Oblast,1014646,33,0,6909,111
2020-08-18,Russia,NA,Ivanovo Oblast,1014646,32,1,6941,112
2020-08-19,Russia,NA,Ivanovo Oblast,1014646,33,0,6974,112
2020-08-20,Russia,NA,Ivanovo Oblast,1014646,35,0,7009,112
2020-08-21,Russia,NA,Ivanovo Oblast,1014646,33,0,7042,112
2020-08-22,Russia,NA,Ivanovo Oblast,1014646,33,0,7075,112
2020-08-23,Russia,NA,Ivanovo Oblast,1014646,35,0,7110,112
2020-08-24,Russia,NA,Ivanovo Oblast,1014646,33,2,7143,114
2020-08-25,Russia,NA,Ivanovo Oblast,1014646,32,1,7175,115
2020-08-26,Russia,NA,Ivanovo Oblast,1014646,35,0,7210,115
2020-08-27,Russia,NA,Ivanovo Oblast,1014646,38,2,7248,117
2020-08-28,Russia,NA,Ivanovo Oblast,1014646,37,0,7285,117
2020-08-29,Russia,NA,Ivanovo Oblast,1014646,36,1,7321,118
2020-08-30,Russia,NA,Ivanovo Oblast,1014646,39,0,7360,118
2020-08-31,Russia,NA,Ivanovo Oblast,1014646,37,0,7397,118
2020-04-27,Russia,NA,Jewish Avtonomnyy Okrug,158381,15,0,101,0
2020-04-28,Russia,NA,Jewish Avtonomnyy Okrug,158381,12,0,113,0
2020-04-29,Russia,NA,Jewish Avtonomnyy Okrug,158381,5,0,118,0
2020-04-30,Russia,NA,Jewish Avtonomnyy Okrug,158381,6,0,124,0
2020-05-01,Russia,NA,Jewish Avtonomnyy Okrug,158381,7,0,131,0
2020-05-02,Russia,NA,Jewish Avtonomnyy Okrug,158381,3,0,134,0
2020-05-03,Russia,NA,Jewish Avtonomnyy Okrug,158381,9,0,143,0
2020-05-04,Russia,NA,Jewish Avtonomnyy Okrug,158381,2,0,145,0
2020-05-05,Russia,NA,Jewish Avtonomnyy Okrug,158381,3,0,148,0
2020-05-06,Russia,NA,Jewish Avtonomnyy Okrug,158381,5,0,153,0
2020-05-07,Russia,NA,Jewish Avtonomnyy Okrug,158381,6,0,159,0
2020-05-08,Russia,NA,Jewish Avtonomnyy Okrug,158381,11,0,170,0
2020-05-09,Russia,NA,Jewish Avtonomnyy Okrug,158381,5,0,175,0
2020-05-10,Russia,NA,Jewish Avtonomnyy Okrug,158381,4,0,179,0
2020-05-11,Russia,NA,Jewish Avtonomnyy Okrug,158381,6,0,185,0
2020-05-12,Russia,NA,Jewish Avtonomnyy Okrug,158381,3,0,188,0
2020-05-13,Russia,NA,Jewish Avtonomnyy Okrug,158381,24,0,212,0
2020-05-14,Russia,NA,Jewish Avtonomnyy Okrug,158381,6,0,218,0
2020-05-15,Russia,NA,Jewish Avtonomnyy Okrug,158381,4,0,222,0
2020-05-16,Russia,NA,Jewish Avtonomnyy Okrug,158381,3,0,225,0
2020-05-17,Russia,NA,Jewish Avtonomnyy Okrug,158381,5,0,230,0
2020-05-19,Russia,NA,Jewish Avtonomnyy Okrug,158381,6,0,236,0
2020-05-20,Russia,NA,Jewish Avtonomnyy Okrug,158381,10,0,246,0
2020-05-21,Russia,NA,Jewish Avtonomnyy Okrug,158381,15,0,261,0
2020-05-22,Russia,NA,Jewish Avtonomnyy Okrug,158381,1,0,262,0
2020-05-23,Russia,NA,Jewish Avtonomnyy Okrug,158381,1,0,263,0
2020-05-24,Russia,NA,Jewish Avtonomnyy Okrug,158381,3,0,266,0
2020-05-25,Russia,NA,Jewish Avtonomnyy Okrug,158381,1,0,267,0
2020-05-26,Russia,NA,Jewish Avtonomnyy Okrug,158381,5,0,272,0
2020-05-27,Russia,NA,Jewish Avtonomnyy Okrug,158381,2,0,274,0
2020-05-28,Russia,NA,Jewish Avtonomnyy Okrug,158381,7,0,281,0
2020-05-29,Russia,NA,Jewish Avtonomnyy Okrug,158381,7,0,288,0
2020-05-30,Russia,NA,Jewish Avtonomnyy Okrug,158381,11,0,299,0
2020-05-31,Russia,NA,Jewish Avtonomnyy Okrug,158381,10,0,309,0
2020-06-01,Russia,NA,Jewish Avtonomnyy Okrug,158381,5,0,314,0
2020-06-03,Russia,NA,Jewish Avtonomnyy Okrug,158381,3,0,317,0
2020-06-04,Russia,NA,Jewish Avtonomnyy Okrug,158381,6,0,323,0
2020-06-05,Russia,NA,Jewish Avtonomnyy Okrug,158381,6,0,329,0
2020-06-06,Russia,NA,Jewish Avtonomnyy Okrug,158381,7,0,336,0
2020-06-07,Russia,NA,Jewish Avtonomnyy Okrug,158381,7,0,343,0
2020-06-08,Russia,NA,Jewish Avtonomnyy Okrug,158381,4,0,347,0
2020-06-09,Russia,NA,Jewish Avtonomnyy Okrug,158381,3,0,350,0
2020-06-10,Russia,NA,Jewish Avtonomnyy Okrug,158381,6,0,356,0
2020-06-11,Russia,NA,Jewish Avtonomnyy Okrug,158381,7,0,363,0
2020-06-12,Russia,NA,Jewish Avtonomnyy Okrug,158381,4,0,367,0
2020-06-13,Russia,NA,Jewish Avtonomnyy Okrug,158381,4,0,371,0
2020-06-14,Russia,NA,Jewish Avtonomnyy Okrug,158381,3,0,374,0
2020-06-16,Russia,NA,Jewish Avtonomnyy Okrug,158381,4,0,378,0
2020-06-17,Russia,NA,Jewish Avtonomnyy Okrug,158381,4,0,382,0
2020-06-18,Russia,NA,Jewish Avtonomnyy Okrug,158381,4,0,386,0
2020-06-19,Russia,NA,Jewish Avtonomnyy Okrug,158381,4,0,390,0
2020-06-20,Russia,NA,Jewish Avtonomnyy Okrug,158381,4,0,394,0
2020-06-21,Russia,NA,Jewish Avtonomnyy Okrug,158381,3,0,397,0
2020-06-22,Russia,NA,Jewish Avtonomnyy Okrug,158381,2,0,399,0
2020-06-23,Russia,NA,Jewish Avtonomnyy Okrug,158381,1,0,400,0
2020-06-24,Russia,NA,Jewish Avtonomnyy Okrug,158381,4,0,404,0
2020-06-25,Russia,NA,Jewish Avtonomnyy Okrug,158381,4,0,408,0
2020-06-26,Russia,NA,Jewish Avtonomnyy Okrug,158381,5,0,413,0
2020-06-27,Russia,NA,Jewish Avtonomnyy Okrug,158381,4,0,417,0
2020-06-28,Russia,NA,Jewish Avtonomnyy Okrug,158381,4,0,421,0
2020-06-29,Russia,NA,Jewish Avtonomnyy Okrug,158381,3,0,424,0
2020-06-30,Russia,NA,Jewish Avtonomnyy Okrug,158381,2,0,426,0
2020-07-01,Russia,NA,Jewish Avtonomnyy Okrug,158381,2,0,428,0
2020-07-02,Russia,NA,Jewish Avtonomnyy Okrug,158381,2,0,430,0
2020-07-03,Russia,NA,Jewish Avtonomnyy Okrug,158381,3,0,433,0
2020-07-04,Russia,NA,Jewish Avtonomnyy Okrug,158381,2,0,435,0
2020-07-05,Russia,NA,Jewish Avtonomnyy Okrug,158381,3,0,438,0
2020-07-06,Russia,NA,Jewish Avtonomnyy Okrug,158381,3,0,441,0
2020-07-07,Russia,NA,Jewish Avtonomnyy Okrug,158381,5,0,446,0
2020-07-08,Russia,NA,Jewish Avtonomnyy Okrug,158381,6,0,452,0
2020-07-09,Russia,NA,Jewish Avtonomnyy Okrug,158381,5,0,457,0
2020-07-10,Russia,NA,Jewish Avtonomnyy Okrug,158381,5,0,462,0
2020-07-11,Russia,NA,Jewish Avtonomnyy Okrug,158381,7,0,469,0
2020-07-12,Russia,NA,Jewish Avtonomnyy Okrug,158381,7,0,476,0
2020-07-13,Russia,NA,Jewish Avtonomnyy Okrug,158381,6,0,482,0
2020-07-14,Russia,NA,Jewish Avtonomnyy Okrug,158381,5,0,487,0
2020-07-15,Russia,NA,Jewish Avtonomnyy Okrug,158381,4,0,491,0
2020-07-16,Russia,NA,Jewish Avtonomnyy Okrug,158381,4,0,495,0
2020-07-17,Russia,NA,Jewish Avtonomnyy Okrug,158381,4,0,499,0
2020-07-18,Russia,NA,Jewish Avtonomnyy Okrug,158381,4,0,503,0
2020-07-19,Russia,NA,Jewish Avtonomnyy Okrug,158381,3,0,506,0
2020-07-20,Russia,NA,Jewish Avtonomnyy Okrug,158381,1,0,507,0
2020-07-21,Russia,NA,Jewish Avtonomnyy Okrug,158381,2,0,509,0
2020-07-22,Russia,NA,Jewish Avtonomnyy Okrug,158381,2,0,511,0
2020-07-23,Russia,NA,Jewish Avtonomnyy Okrug,158381,1,0,512,0
2020-07-24,Russia,NA,Jewish Avtonomnyy Okrug,158381,2,0,514,0
2020-07-25,Russia,NA,Jewish Avtonomnyy Okrug,158381,3,0,517,0
2020-07-26,Russia,NA,Jewish Avtonomnyy Okrug,158381,3,0,520,0
2020-07-27,Russia,NA,Jewish Avtonomnyy Okrug,158381,3,0,523,0
2020-07-28,Russia,NA,Jewish Avtonomnyy Okrug,158381,2,0,525,0
2020-07-29,Russia,NA,Jewish Avtonomnyy Okrug,158381,4,0,529,0
2020-07-30,Russia,NA,Jewish Avtonomnyy Okrug,158381,3,0,532,0
2020-07-31,Russia,NA,Jewish Avtonomnyy Okrug,158381,2,0,534,0
2020-08-01,Russia,NA,Jewish Avtonomnyy Okrug,158381,3,0,537,0
2020-08-02,Russia,NA,Jewish Avtonomnyy Okrug,158381,1,0,538,8
2020-08-03,Russia,NA,Jewish Avtonomnyy Okrug,158381,1,0,539,8
2020-08-04,Russia,NA,Jewish Avtonomnyy Okrug,158381,2,0,541,8
2020-08-05,Russia,NA,Jewish Avtonomnyy Okrug,158381,2,0,543,8
2020-08-06,Russia,NA,Jewish Avtonomnyy Okrug,158381,4,0,547,8
2020-08-07,Russia,NA,Jewish Avtonomnyy Okrug,158381,3,0,550,8
2020-08-08,Russia,NA,Jewish Avtonomnyy Okrug,158381,4,0,554,8
2020-08-09,Russia,NA,Jewish Avtonomnyy Okrug,158381,3,0,557,8
2020-08-10,Russia,NA,Jewish Avtonomnyy Okrug,158381,3,0,560,8
2020-08-11,Russia,NA,Jewish Avtonomnyy Okrug,158381,4,0,564,8
2020-08-12,Russia,NA,Jewish Avtonomnyy Okrug,158381,4,0,568,8
2020-08-13,Russia,NA,Jewish Avtonomnyy Okrug,158381,2,0,570,8
2020-08-14,Russia,NA,Jewish Avtonomnyy Okrug,158381,3,0,573,8
2020-08-15,Russia,NA,Jewish Avtonomnyy Okrug,158381,3,0,576,8
2020-08-16,Russia,NA,Jewish Avtonomnyy Okrug,158381,3,0,579,8
2020-08-17,Russia,NA,Jewish Avtonomnyy Okrug,158381,3,0,582,8
2020-08-18,Russia,NA,Jewish Avtonomnyy Okrug,158381,2,0,584,8
2020-08-19,Russia,NA,Jewish Avtonomnyy Okrug,158381,1,1,585,9
2020-08-20,Russia,NA,Jewish Avtonomnyy Okrug,158381,2,0,587,9
2020-08-21,Russia,NA,Jewish Avtonomnyy Okrug,158381,1,0,588,9
2020-08-22,Russia,NA,Jewish Avtonomnyy Okrug,158381,2,0,590,9
2020-08-23,Russia,NA,Jewish Avtonomnyy Okrug,158381,2,0,592,9
2020-08-24,Russia,NA,Jewish Avtonomnyy Okrug,158381,2,0,594,9
2020-08-25,Russia,NA,Jewish Avtonomnyy Okrug,158381,4,0,598,9
2020-08-26,Russia,NA,Jewish Avtonomnyy Okrug,158381,4,0,602,9
2020-08-27,Russia,NA,Jewish Avtonomnyy Okrug,158381,3,0,605,9
2020-08-28,Russia,NA,Jewish Avtonomnyy Okrug,158381,4,0,609,9
2020-08-29,Russia,NA,Jewish Avtonomnyy Okrug,158381,6,0,615,9
2020-08-30,Russia,NA,Jewish Avtonomnyy Okrug,158381,5,0,620,9
2020-08-31,Russia,NA,Jewish Avtonomnyy Okrug,158381,6,0,626,9
2020-04-18,Russia,NA,Kabardino-Balkaria,865828,22,0,106,0
2020-04-19,Russia,NA,Kabardino-Balkaria,865828,22,0,128,0
2020-04-20,Russia,NA,Kabardino-Balkaria,865828,16,0,144,0
2020-04-21,Russia,NA,Kabardino-Balkaria,865828,18,0,162,0
2020-04-22,Russia,NA,Kabardino-Balkaria,865828,23,0,185,0
2020-04-23,Russia,NA,Kabardino-Balkaria,865828,25,0,210,0
2020-04-24,Russia,NA,Kabardino-Balkaria,865828,25,0,235,0
2020-04-25,Russia,NA,Kabardino-Balkaria,865828,29,0,264,0
2020-04-26,Russia,NA,Kabardino-Balkaria,865828,28,0,292,0
2020-04-27,Russia,NA,Kabardino-Balkaria,865828,29,0,321,0
2020-04-28,Russia,NA,Kabardino-Balkaria,865828,38,0,359,0
2020-04-29,Russia,NA,Kabardino-Balkaria,865828,45,0,404,0
2020-04-30,Russia,NA,Kabardino-Balkaria,865828,44,0,448,0
2020-05-01,Russia,NA,Kabardino-Balkaria,865828,43,0,491,0
2020-05-02,Russia,NA,Kabardino-Balkaria,865828,45,0,536,0
2020-05-03,Russia,NA,Kabardino-Balkaria,865828,90,0,626,0
2020-05-04,Russia,NA,Kabardino-Balkaria,865828,105,0,731,0
2020-05-05,Russia,NA,Kabardino-Balkaria,865828,81,0,812,0
2020-05-06,Russia,NA,Kabardino-Balkaria,865828,105,0,917,0
2020-05-07,Russia,NA,Kabardino-Balkaria,865828,83,0,1000,0
2020-05-08,Russia,NA,Kabardino-Balkaria,865828,81,0,1081,0
2020-05-09,Russia,NA,Kabardino-Balkaria,865828,79,0,1160,0
2020-05-10,Russia,NA,Kabardino-Balkaria,865828,77,0,1237,0
2020-05-11,Russia,NA,Kabardino-Balkaria,865828,80,0,1317,0
2020-05-12,Russia,NA,Kabardino-Balkaria,865828,76,0,1393,0
2020-05-13,Russia,NA,Kabardino-Balkaria,865828,74,0,1467,0
2020-05-14,Russia,NA,Kabardino-Balkaria,865828,73,0,1540,0
2020-05-15,Russia,NA,Kabardino-Balkaria,865828,71,0,1611,0
2020-05-16,Russia,NA,Kabardino-Balkaria,865828,71,0,1682,0
2020-05-17,Russia,NA,Kabardino-Balkaria,865828,69,0,1751,0
2020-05-18,Russia,NA,Kabardino-Balkaria,865828,65,0,1816,0
2020-05-19,Russia,NA,Kabardino-Balkaria,865828,62,0,1878,0
2020-05-20,Russia,NA,Kabardino-Balkaria,865828,66,0,1944,0
2020-05-21,Russia,NA,Kabardino-Balkaria,865828,68,0,2012,0
2020-05-22,Russia,NA,Kabardino-Balkaria,865828,71,0,2083,0
2020-05-23,Russia,NA,Kabardino-Balkaria,865828,80,0,2163,0
2020-05-24,Russia,NA,Kabardino-Balkaria,865828,80,0,2243,0
2020-05-25,Russia,NA,Kabardino-Balkaria,865828,83,0,2326,0
2020-05-26,Russia,NA,Kabardino-Balkaria,865828,88,0,2414,0
2020-05-27,Russia,NA,Kabardino-Balkaria,865828,87,0,2501,0
2020-05-28,Russia,NA,Kabardino-Balkaria,865828,83,0,2584,0
2020-05-29,Russia,NA,Kabardino-Balkaria,865828,81,0,2665,0
2020-05-30,Russia,NA,Kabardino-Balkaria,865828,77,0,2742,0
2020-05-31,Russia,NA,Kabardino-Balkaria,865828,77,0,2819,0
2020-06-01,Russia,NA,Kabardino-Balkaria,865828,76,0,2895,0
2020-06-02,Russia,NA,Kabardino-Balkaria,865828,75,0,2970,0
2020-06-03,Russia,NA,Kabardino-Balkaria,865828,74,0,3044,0
2020-06-04,Russia,NA,Kabardino-Balkaria,865828,74,0,3118,0
2020-06-05,Russia,NA,Kabardino-Balkaria,865828,73,0,3191,0
2020-06-06,Russia,NA,Kabardino-Balkaria,865828,73,0,3264,0
2020-06-07,Russia,NA,Kabardino-Balkaria,865828,76,0,3340,0
2020-06-08,Russia,NA,Kabardino-Balkaria,865828,76,0,3416,0
2020-06-09,Russia,NA,Kabardino-Balkaria,865828,75,0,3491,0
2020-06-10,Russia,NA,Kabardino-Balkaria,865828,77,0,3568,0
2020-06-11,Russia,NA,Kabardino-Balkaria,865828,79,0,3647,0
2020-06-12,Russia,NA,Kabardino-Balkaria,865828,79,0,3726,0
2020-06-13,Russia,NA,Kabardino-Balkaria,865828,81,0,3807,0
2020-06-14,Russia,NA,Kabardino-Balkaria,865828,80,0,3887,0
2020-06-15,Russia,NA,Kabardino-Balkaria,865828,80,0,3967,0
2020-06-16,Russia,NA,Kabardino-Balkaria,865828,80,0,4047,0
2020-06-17,Russia,NA,Kabardino-Balkaria,865828,77,0,4124,0
2020-06-18,Russia,NA,Kabardino-Balkaria,865828,77,0,4201,0
2020-06-19,Russia,NA,Kabardino-Balkaria,865828,76,0,4277,0
2020-06-20,Russia,NA,Kabardino-Balkaria,865828,76,0,4353,0
2020-06-21,Russia,NA,Kabardino-Balkaria,865828,75,0,4428,0
2020-06-22,Russia,NA,Kabardino-Balkaria,865828,75,0,4503,0
2020-06-23,Russia,NA,Kabardino-Balkaria,865828,74,0,4577,0
2020-06-24,Russia,NA,Kabardino-Balkaria,865828,71,0,4648,0
2020-06-25,Russia,NA,Kabardino-Balkaria,865828,70,0,4718,0
2020-06-26,Russia,NA,Kabardino-Balkaria,865828,65,0,4783,0
2020-06-27,Russia,NA,Kabardino-Balkaria,865828,60,0,4843,0
2020-06-28,Russia,NA,Kabardino-Balkaria,865828,54,0,4897,0
2020-06-29,Russia,NA,Kabardino-Balkaria,865828,53,0,4950,0
2020-06-30,Russia,NA,Kabardino-Balkaria,865828,52,0,5002,0
2020-07-01,Russia,NA,Kabardino-Balkaria,865828,51,0,5053,0
2020-07-02,Russia,NA,Kabardino-Balkaria,865828,48,0,5101,0
2020-07-03,Russia,NA,Kabardino-Balkaria,865828,48,0,5149,0
2020-07-04,Russia,NA,Kabardino-Balkaria,865828,47,0,5196,0
2020-07-05,Russia,NA,Kabardino-Balkaria,865828,47,0,5243,0
2020-07-06,Russia,NA,Kabardino-Balkaria,865828,46,0,5289,0
2020-07-07,Russia,NA,Kabardino-Balkaria,865828,46,0,5335,0
2020-07-08,Russia,NA,Kabardino-Balkaria,865828,45,0,5380,0
2020-07-09,Russia,NA,Kabardino-Balkaria,865828,45,0,5425,0
2020-07-10,Russia,NA,Kabardino-Balkaria,865828,44,0,5469,0
2020-07-11,Russia,NA,Kabardino-Balkaria,865828,43,0,5512,0
2020-07-12,Russia,NA,Kabardino-Balkaria,865828,42,0,5554,0
2020-07-13,Russia,NA,Kabardino-Balkaria,865828,42,0,5596,0
2020-07-14,Russia,NA,Kabardino-Balkaria,865828,41,0,5637,0
2020-07-15,Russia,NA,Kabardino-Balkaria,865828,41,0,5678,0
2020-07-16,Russia,NA,Kabardino-Balkaria,865828,40,0,5718,0
2020-07-17,Russia,NA,Kabardino-Balkaria,865828,25,0,5743,0
2020-07-18,Russia,NA,Kabardino-Balkaria,865828,20,0,5763,0
2020-07-19,Russia,NA,Kabardino-Balkaria,865828,20,0,5783,0
2020-07-20,Russia,NA,Kabardino-Balkaria,865828,16,0,5799,0
2020-07-21,Russia,NA,Kabardino-Balkaria,865828,16,0,5815,0
2020-07-22,Russia,NA,Kabardino-Balkaria,865828,16,0,5831,0
2020-07-23,Russia,NA,Kabardino-Balkaria,865828,16,0,5847,0
2020-07-24,Russia,NA,Kabardino-Balkaria,865828,15,0,5862,0
2020-07-25,Russia,NA,Kabardino-Balkaria,865828,15,0,5877,0
2020-07-26,Russia,NA,Kabardino-Balkaria,865828,15,0,5892,0
2020-07-27,Russia,NA,Kabardino-Balkaria,865828,16,0,5908,0
2020-07-28,Russia,NA,Kabardino-Balkaria,865828,15,0,5923,0
2020-07-29,Russia,NA,Kabardino-Balkaria,865828,15,0,5938,0
2020-07-30,Russia,NA,Kabardino-Balkaria,865828,16,0,5954,0
2020-07-31,Russia,NA,Kabardino-Balkaria,865828,15,0,5969,0
2020-08-01,Russia,NA,Kabardino-Balkaria,865828,16,0,5985,0
2020-08-02,Russia,NA,Kabardino-Balkaria,865828,15,0,6008,70
2020-08-03,Russia,NA,Kabardino-Balkaria,865828,16,1,6024,71
2020-08-04,Russia,NA,Kabardino-Balkaria,865828,15,0,6039,71
2020-08-05,Russia,NA,Kabardino-Balkaria,865828,16,0,6055,71
2020-08-06,Russia,NA,Kabardino-Balkaria,865828,14,1,6069,72
2020-08-07,Russia,NA,Kabardino-Balkaria,865828,15,1,6084,73
2020-08-08,Russia,NA,Kabardino-Balkaria,865828,14,1,6098,74
2020-08-09,Russia,NA,Kabardino-Balkaria,865828,14,1,6112,75
2020-08-10,Russia,NA,Kabardino-Balkaria,865828,15,0,6127,75
2020-08-11,Russia,NA,Kabardino-Balkaria,865828,16,0,6143,75
2020-08-12,Russia,NA,Kabardino-Balkaria,865828,15,0,6158,75
2020-08-13,Russia,NA,Kabardino-Balkaria,865828,16,0,6174,75
2020-08-14,Russia,NA,Kabardino-Balkaria,865828,16,0,6190,75
2020-08-15,Russia,NA,Kabardino-Balkaria,865828,17,0,6207,75
2020-08-16,Russia,NA,Kabardino-Balkaria,865828,16,0,6223,75
2020-08-17,Russia,NA,Kabardino-Balkaria,865828,16,0,6239,75
2020-08-18,Russia,NA,Kabardino-Balkaria,865828,17,0,6256,75
2020-08-19,Russia,NA,Kabardino-Balkaria,865828,17,0,6273,75
2020-08-20,Russia,NA,Kabardino-Balkaria,865828,16,0,6289,75
2020-08-21,Russia,NA,Kabardino-Balkaria,865828,16,0,6305,75
2020-08-22,Russia,NA,Kabardino-Balkaria,865828,18,1,6323,76
2020-08-23,Russia,NA,Kabardino-Balkaria,865828,17,1,6340,77
2020-08-24,Russia,NA,Kabardino-Balkaria,865828,18,0,6358,77
2020-08-25,Russia,NA,Kabardino-Balkaria,865828,19,0,6377,77
2020-08-26,Russia,NA,Kabardino-Balkaria,865828,20,0,6397,77
2020-08-27,Russia,NA,Kabardino-Balkaria,865828,20,0,6417,77
2020-08-28,Russia,NA,Kabardino-Balkaria,865828,22,0,6439,77
2020-08-29,Russia,NA,Kabardino-Balkaria,865828,24,0,6463,77
2020-08-30,Russia,NA,Kabardino-Balkaria,865828,25,0,6488,77
2020-08-31,Russia,NA,Kabardino-Balkaria,865828,26,1,6514,78
2020-04-17,Russia,NA,Kaliningrad Oblast,994599,12,0,104,0
2020-04-18,Russia,NA,Kaliningrad Oblast,994599,11,0,115,0
2020-04-19,Russia,NA,Kaliningrad Oblast,994599,11,0,126,0
2020-04-20,Russia,NA,Kaliningrad Oblast,994599,12,0,138,0
2020-04-21,Russia,NA,Kaliningrad Oblast,994599,6,0,144,0
2020-04-22,Russia,NA,Kaliningrad Oblast,994599,19,0,163,0
2020-04-23,Russia,NA,Kaliningrad Oblast,994599,8,0,171,0
2020-04-24,Russia,NA,Kaliningrad Oblast,994599,18,0,189,0
2020-04-25,Russia,NA,Kaliningrad Oblast,994599,21,0,210,0
2020-04-26,Russia,NA,Kaliningrad Oblast,994599,26,0,236,0
2020-04-27,Russia,NA,Kaliningrad Oblast,994599,28,0,264,0
2020-04-28,Russia,NA,Kaliningrad Oblast,994599,39,0,303,0
2020-04-29,Russia,NA,Kaliningrad Oblast,994599,23,0,326,0
2020-04-30,Russia,NA,Kaliningrad Oblast,994599,32,0,358,0
2020-05-01,Russia,NA,Kaliningrad Oblast,994599,37,0,395,0
2020-05-02,Russia,NA,Kaliningrad Oblast,994599,43,0,438,0
2020-05-03,Russia,NA,Kaliningrad Oblast,994599,41,0,479,0
2020-05-04,Russia,NA,Kaliningrad Oblast,994599,45,0,524,0
2020-05-05,Russia,NA,Kaliningrad Oblast,994599,42,0,566,0
2020-05-06,Russia,NA,Kaliningrad Oblast,994599,17,0,583,0
2020-05-07,Russia,NA,Kaliningrad Oblast,994599,16,0,599,0
2020-05-08,Russia,NA,Kaliningrad Oblast,994599,38,0,637,0
2020-05-09,Russia,NA,Kaliningrad Oblast,994599,34,0,671,0
2020-05-10,Russia,NA,Kaliningrad Oblast,994599,42,0,713,0
2020-05-11,Russia,NA,Kaliningrad Oblast,994599,40,0,753,0
2020-05-12,Russia,NA,Kaliningrad Oblast,994599,19,0,772,0
2020-05-13,Russia,NA,Kaliningrad Oblast,994599,40,0,812,0
2020-05-14,Russia,NA,Kaliningrad Oblast,994599,36,0,848,0
2020-05-15,Russia,NA,Kaliningrad Oblast,994599,33,0,881,0
2020-05-16,Russia,NA,Kaliningrad Oblast,994599,35,0,916,0
2020-05-17,Russia,NA,Kaliningrad Oblast,994599,36,0,952,0
2020-05-18,Russia,NA,Kaliningrad Oblast,994599,26,0,978,0
2020-05-19,Russia,NA,Kaliningrad Oblast,994599,32,0,1010,0
2020-05-20,Russia,NA,Kaliningrad Oblast,994599,32,0,1042,0
2020-05-21,Russia,NA,Kaliningrad Oblast,994599,34,0,1076,0
2020-05-22,Russia,NA,Kaliningrad Oblast,994599,41,0,1117,0
2020-05-23,Russia,NA,Kaliningrad Oblast,994599,41,0,1158,0
2020-05-24,Russia,NA,Kaliningrad Oblast,994599,43,0,1201,0
2020-05-25,Russia,NA,Kaliningrad Oblast,994599,43,0,1244,0
2020-05-26,Russia,NA,Kaliningrad Oblast,994599,50,0,1294,0
2020-05-27,Russia,NA,Kaliningrad Oblast,994599,44,0,1338,0
2020-05-28,Russia,NA,Kaliningrad Oblast,994599,38,0,1376,0
2020-05-29,Russia,NA,Kaliningrad Oblast,994599,33,0,1409,0
2020-05-30,Russia,NA,Kaliningrad Oblast,994599,51,0,1460,0
2020-05-31,Russia,NA,Kaliningrad Oblast,994599,48,0,1508,0
2020-06-01,Russia,NA,Kaliningrad Oblast,994599,45,0,1553,0
2020-06-02,Russia,NA,Kaliningrad Oblast,994599,54,0,1607,0
2020-06-03,Russia,NA,Kaliningrad Oblast,994599,35,0,1642,0
2020-06-04,Russia,NA,Kaliningrad Oblast,994599,23,0,1665,0
2020-06-05,Russia,NA,Kaliningrad Oblast,994599,35,0,1700,0
2020-06-06,Russia,NA,Kaliningrad Oblast,994599,36,0,1736,0
2020-06-07,Russia,NA,Kaliningrad Oblast,994599,40,0,1776,0
2020-06-08,Russia,NA,Kaliningrad Oblast,994599,37,0,1813,0
2020-06-09,Russia,NA,Kaliningrad Oblast,994599,45,0,1858,0
2020-06-10,Russia,NA,Kaliningrad Oblast,994599,46,0,1904,0
2020-06-11,Russia,NA,Kaliningrad Oblast,994599,42,0,1946,0
2020-06-12,Russia,NA,Kaliningrad Oblast,994599,38,0,1984,0
2020-06-13,Russia,NA,Kaliningrad Oblast,994599,43,0,2027,0
2020-06-14,Russia,NA,Kaliningrad Oblast,994599,45,0,2072,0
2020-06-15,Russia,NA,Kaliningrad Oblast,994599,40,0,2112,0
2020-06-16,Russia,NA,Kaliningrad Oblast,994599,12,0,2124,0
2020-06-17,Russia,NA,Kaliningrad Oblast,994599,37,0,2161,0
2020-06-18,Russia,NA,Kaliningrad Oblast,994599,34,0,2195,0
2020-06-19,Russia,NA,Kaliningrad Oblast,994599,32,0,2227,0
2020-06-20,Russia,NA,Kaliningrad Oblast,994599,35,0,2262,0
2020-06-21,Russia,NA,Kaliningrad Oblast,994599,30,0,2292,0
2020-06-22,Russia,NA,Kaliningrad Oblast,994599,29,0,2321,0
2020-06-23,Russia,NA,Kaliningrad Oblast,994599,27,0,2348,0
2020-06-24,Russia,NA,Kaliningrad Oblast,994599,8,0,2356,0
2020-06-25,Russia,NA,Kaliningrad Oblast,994599,17,0,2373,0
2020-06-26,Russia,NA,Kaliningrad Oblast,994599,19,0,2392,0
2020-06-27,Russia,NA,Kaliningrad Oblast,994599,19,0,2411,0
2020-06-28,Russia,NA,Kaliningrad Oblast,994599,15,0,2426,0
2020-06-29,Russia,NA,Kaliningrad Oblast,994599,10,0,2436,0
2020-06-30,Russia,NA,Kaliningrad Oblast,994599,10,0,2446,0
2020-07-01,Russia,NA,Kaliningrad Oblast,994599,9,0,2455,0
2020-07-02,Russia,NA,Kaliningrad Oblast,994599,17,0,2472,0
2020-07-03,Russia,NA,Kaliningrad Oblast,994599,15,0,2487,0
2020-07-04,Russia,NA,Kaliningrad Oblast,994599,18,0,2505,0
2020-07-05,Russia,NA,Kaliningrad Oblast,994599,16,0,2521,0
2020-07-06,Russia,NA,Kaliningrad Oblast,994599,18,0,2539,0
2020-07-07,Russia,NA,Kaliningrad Oblast,994599,14,0,2553,0
2020-07-08,Russia,NA,Kaliningrad Oblast,994599,11,0,2564,0
2020-07-09,Russia,NA,Kaliningrad Oblast,994599,14,0,2578,0
2020-07-10,Russia,NA,Kaliningrad Oblast,994599,13,0,2591,0
2020-07-11,Russia,NA,Kaliningrad Oblast,994599,14,0,2605,0
2020-07-12,Russia,NA,Kaliningrad Oblast,994599,10,0,2615,0
2020-07-13,Russia,NA,Kaliningrad Oblast,994599,12,0,2627,0
2020-07-14,Russia,NA,Kaliningrad Oblast,994599,9,0,2636,0
2020-07-15,Russia,NA,Kaliningrad Oblast,994599,12,0,2648,0
2020-07-16,Russia,NA,Kaliningrad Oblast,994599,14,0,2662,0
2020-07-17,Russia,NA,Kaliningrad Oblast,994599,14,0,2676,0
2020-07-18,Russia,NA,Kaliningrad Oblast,994599,15,0,2691,0
2020-07-19,Russia,NA,Kaliningrad Oblast,994599,14,0,2705,0
2020-07-20,Russia,NA,Kaliningrad Oblast,994599,13,0,2718,0
2020-07-21,Russia,NA,Kaliningrad Oblast,994599,11,0,2729,0
2020-07-22,Russia,NA,Kaliningrad Oblast,994599,7,0,2736,0
2020-07-23,Russia,NA,Kaliningrad Oblast,994599,10,0,2746,0
2020-07-24,Russia,NA,Kaliningrad Oblast,994599,13,0,2759,0
2020-07-25,Russia,NA,Kaliningrad Oblast,994599,16,0,2775,0
2020-07-26,Russia,NA,Kaliningrad Oblast,994599,15,0,2790,0
2020-07-27,Russia,NA,Kaliningrad Oblast,994599,15,0,2805,0
2020-07-28,Russia,NA,Kaliningrad Oblast,994599,16,0,2821,0
2020-07-29,Russia,NA,Kaliningrad Oblast,994599,14,0,2835,0
2020-07-30,Russia,NA,Kaliningrad Oblast,994599,19,0,2854,0
2020-07-31,Russia,NA,Kaliningrad Oblast,994599,21,0,2875,0
2020-08-01,Russia,NA,Kaliningrad Oblast,994599,23,0,2898,0
2020-08-02,Russia,NA,Kaliningrad Oblast,994599,19,0,2917,45
2020-08-03,Russia,NA,Kaliningrad Oblast,994599,12,0,2929,45
2020-08-04,Russia,NA,Kaliningrad Oblast,994599,4,0,2933,45
2020-08-05,Russia,NA,Kaliningrad Oblast,994599,9,0,2942,45
2020-08-06,Russia,NA,Kaliningrad Oblast,994599,16,0,2958,45
2020-08-07,Russia,NA,Kaliningrad Oblast,994599,15,0,2973,45
2020-08-08,Russia,NA,Kaliningrad Oblast,994599,14,0,2987,45
2020-08-09,Russia,NA,Kaliningrad Oblast,994599,13,1,3000,46
2020-08-10,Russia,NA,Kaliningrad Oblast,994599,18,0,3018,46
2020-08-11,Russia,NA,Kaliningrad Oblast,994599,17,1,3035,47
2020-08-12,Russia,NA,Kaliningrad Oblast,994599,19,6,3054,53
2020-08-13,Russia,NA,Kaliningrad Oblast,994599,11,0,3065,53
2020-08-14,Russia,NA,Kaliningrad Oblast,994599,13,0,3078,53
2020-08-15,Russia,NA,Kaliningrad Oblast,994599,20,0,3098,53
2020-08-16,Russia,NA,Kaliningrad Oblast,994599,23,0,3121,53
2020-08-17,Russia,NA,Kaliningrad Oblast,994599,26,0,3147,53
2020-08-18,Russia,NA,Kaliningrad Oblast,994599,23,0,3170,53
2020-08-19,Russia,NA,Kaliningrad Oblast,994599,9,2,3179,55
2020-08-20,Russia,NA,Kaliningrad Oblast,994599,15,0,3194,55
2020-08-21,Russia,NA,Kaliningrad Oblast,994599,18,0,3212,55
2020-08-22,Russia,NA,Kaliningrad Oblast,994599,18,2,3230,57
2020-08-23,Russia,NA,Kaliningrad Oblast,994599,30,1,3260,58
2020-08-24,Russia,NA,Kaliningrad Oblast,994599,23,0,3283,58
2020-08-25,Russia,NA,Kaliningrad Oblast,994599,21,0,3304,58
2020-08-26,Russia,NA,Kaliningrad Oblast,994599,26,0,3330,58
2020-08-27,Russia,NA,Kaliningrad Oblast,994599,18,0,3348,58
2020-08-28,Russia,NA,Kaliningrad Oblast,994599,21,0,3369,58
2020-08-29,Russia,NA,Kaliningrad Oblast,994599,24,0,3393,58
2020-08-30,Russia,NA,Kaliningrad Oblast,994599,22,0,3415,58
2020-08-31,Russia,NA,Kaliningrad Oblast,994599,15,0,3430,58
2020-04-24,Russia,NA,Kalmykia,275413,10,0,104,0
2020-04-25,Russia,NA,Kalmykia,275413,18,0,122,0
2020-04-26,Russia,NA,Kalmykia,275413,24,0,146,0
2020-04-27,Russia,NA,Kalmykia,275413,12,0,158,0
2020-04-28,Russia,NA,Kalmykia,275413,9,0,167,0
2020-04-29,Russia,NA,Kalmykia,275413,16,0,183,0
2020-04-30,Russia,NA,Kalmykia,275413,9,0,192,0
2020-05-01,Russia,NA,Kalmykia,275413,39,0,231,0
2020-05-02,Russia,NA,Kalmykia,275413,23,0,254,0
2020-05-03,Russia,NA,Kalmykia,275413,29,0,283,0
2020-05-04,Russia,NA,Kalmykia,275413,38,0,321,0
2020-05-05,Russia,NA,Kalmykia,275413,1,0,322,0
2020-05-06,Russia,NA,Kalmykia,275413,29,0,351,0
2020-05-07,Russia,NA,Kalmykia,275413,28,0,379,0
2020-05-08,Russia,NA,Kalmykia,275413,26,0,405,0
2020-05-09,Russia,NA,Kalmykia,275413,50,0,455,0
2020-05-10,Russia,NA,Kalmykia,275413,18,0,473,0
2020-05-11,Russia,NA,Kalmykia,275413,21,0,494,0
2020-05-12,Russia,NA,Kalmykia,275413,3,0,497,0
2020-05-13,Russia,NA,Kalmykia,275413,35,0,532,0
2020-05-14,Russia,NA,Kalmykia,275413,35,0,567,0
2020-05-15,Russia,NA,Kalmykia,275413,51,0,618,0
2020-05-16,Russia,NA,Kalmykia,275413,37,0,655,0
2020-05-17,Russia,NA,Kalmykia,275413,38,0,693,0
2020-05-18,Russia,NA,Kalmykia,275413,28,0,721,0
2020-05-20,Russia,NA,Kalmykia,275413,23,0,744,0
2020-05-21,Russia,NA,Kalmykia,275413,32,0,776,0
2020-05-22,Russia,NA,Kalmykia,275413,34,0,810,0
2020-05-23,Russia,NA,Kalmykia,275413,46,0,856,0
2020-05-24,Russia,NA,Kalmykia,275413,23,0,879,0
2020-05-25,Russia,NA,Kalmykia,275413,24,0,903,0
2020-05-27,Russia,NA,Kalmykia,275413,41,0,944,0
2020-05-28,Russia,NA,Kalmykia,275413,29,0,973,0
2020-05-29,Russia,NA,Kalmykia,275413,26,0,999,0
2020-05-30,Russia,NA,Kalmykia,275413,20,0,1019,0
2020-05-31,Russia,NA,Kalmykia,275413,35,0,1054,0
2020-06-01,Russia,NA,Kalmykia,275413,20,0,1074,0
2020-06-02,Russia,NA,Kalmykia,275413,11,0,1085,0
2020-06-03,Russia,NA,Kalmykia,275413,23,0,1108,0
2020-06-04,Russia,NA,Kalmykia,275413,19,0,1127,0
2020-06-05,Russia,NA,Kalmykia,275413,9,0,1136,0
2020-06-06,Russia,NA,Kalmykia,275413,13,0,1149,0
2020-06-07,Russia,NA,Kalmykia,275413,19,0,1168,0
2020-06-08,Russia,NA,Kalmykia,275413,11,0,1179,0
2020-06-09,Russia,NA,Kalmykia,275413,1,0,1180,0
2020-06-10,Russia,NA,Kalmykia,275413,23,0,1203,0
2020-06-11,Russia,NA,Kalmykia,275413,12,0,1215,0
2020-06-12,Russia,NA,Kalmykia,275413,18,0,1233,0
2020-06-13,Russia,NA,Kalmykia,275413,14,0,1247,0
2020-06-14,Russia,NA,Kalmykia,275413,16,0,1263,0
2020-06-15,Russia,NA,Kalmykia,275413,9,0,1272,0
2020-06-17,Russia,NA,Kalmykia,275413,16,0,1288,0
2020-06-18,Russia,NA,Kalmykia,275413,4,0,1292,0
2020-06-19,Russia,NA,Kalmykia,275413,8,0,1300,0
2020-06-20,Russia,NA,Kalmykia,275413,14,0,1314,0
2020-06-21,Russia,NA,Kalmykia,275413,13,0,1327,0
2020-06-22,Russia,NA,Kalmykia,275413,12,0,1339,0
2020-06-23,Russia,NA,Kalmykia,275413,1,0,1340,0
2020-06-24,Russia,NA,Kalmykia,275413,22,0,1362,0
2020-06-25,Russia,NA,Kalmykia,275413,30,0,1392,0
2020-06-26,Russia,NA,Kalmykia,275413,18,0,1410,0
2020-06-27,Russia,NA,Kalmykia,275413,32,0,1442,0
2020-06-28,Russia,NA,Kalmykia,275413,20,0,1462,0
2020-06-29,Russia,NA,Kalmykia,275413,19,0,1481,0
2020-06-30,Russia,NA,Kalmykia,275413,2,0,1483,0
2020-07-01,Russia,NA,Kalmykia,275413,40,0,1523,0
2020-07-02,Russia,NA,Kalmykia,275413,194,0,1717,0
2020-07-03,Russia,NA,Kalmykia,275413,122,0,1839,0
2020-07-04,Russia,NA,Kalmykia,275413,39,0,1878,0
2020-07-05,Russia,NA,Kalmykia,275413,37,0,1915,0
2020-07-06,Russia,NA,Kalmykia,275413,32,0,1947,0
2020-07-08,Russia,NA,Kalmykia,275413,40,0,1987,0
2020-07-09,Russia,NA,Kalmykia,275413,41,0,2028,0
2020-07-10,Russia,NA,Kalmykia,275413,45,0,2073,0
2020-07-11,Russia,NA,Kalmykia,275413,34,0,2107,0
2020-07-12,Russia,NA,Kalmykia,275413,42,0,2149,0
2020-07-13,Russia,NA,Kalmykia,275413,33,0,2182,0
2020-07-15,Russia,NA,Kalmykia,275413,38,0,2220,0
2020-07-16,Russia,NA,Kalmykia,275413,55,0,2275,0
2020-07-17,Russia,NA,Kalmykia,275413,40,0,2315,0
2020-07-18,Russia,NA,Kalmykia,275413,31,0,2346,0
2020-07-19,Russia,NA,Kalmykia,275413,17,0,2363,0
2020-07-20,Russia,NA,Kalmykia,275413,8,0,2371,0
2020-07-22,Russia,NA,Kalmykia,275413,34,0,2405,0
2020-07-23,Russia,NA,Kalmykia,275413,5,0,2410,0
2020-07-24,Russia,NA,Kalmykia,275413,29,0,2439,0
2020-07-25,Russia,NA,Kalmykia,275413,37,0,2476,0
2020-07-26,Russia,NA,Kalmykia,275413,19,0,2495,0
2020-07-27,Russia,NA,Kalmykia,275413,15,0,2510,0
2020-07-28,Russia,NA,Kalmykia,275413,2,0,2512,0
2020-07-29,Russia,NA,Kalmykia,275413,49,0,2561,0
2020-07-30,Russia,NA,Kalmykia,275413,28,0,2589,0
2020-07-31,Russia,NA,Kalmykia,275413,32,0,2621,0
2020-08-01,Russia,NA,Kalmykia,275413,19,0,2640,0
2020-08-02,Russia,NA,Kalmykia,275413,19,0,2659,38
2020-08-03,Russia,NA,Kalmykia,275413,46,0,2705,38
2020-08-04,Russia,NA,Kalmykia,275413,20,2,2725,40
2020-08-05,Russia,NA,Kalmykia,275413,63,0,2788,40
2020-08-06,Russia,NA,Kalmykia,275413,51,1,2839,41
2020-08-07,Russia,NA,Kalmykia,275413,58,1,2897,42
2020-08-08,Russia,NA,Kalmykia,275413,55,0,2952,42
2020-08-09,Russia,NA,Kalmykia,275413,53,0,3005,42
2020-08-10,Russia,NA,Kalmykia,275413,42,0,3047,42
2020-08-11,Russia,NA,Kalmykia,275413,5,0,3052,42
2020-08-12,Russia,NA,Kalmykia,275413,69,0,3121,42
2020-08-13,Russia,NA,Kalmykia,275413,52,0,3173,42
2020-08-14,Russia,NA,Kalmykia,275413,64,0,3237,42
2020-08-15,Russia,NA,Kalmykia,275413,52,0,3289,42
2020-08-16,Russia,NA,Kalmykia,275413,71,0,3360,42
2020-08-17,Russia,NA,Kalmykia,275413,47,0,3407,42
2020-08-18,Russia,NA,Kalmykia,275413,6,1,3413,43
2020-08-19,Russia,NA,Kalmykia,275413,59,3,3472,46
2020-08-20,Russia,NA,Kalmykia,275413,58,2,3530,48
2020-08-21,Russia,NA,Kalmykia,275413,70,0,3600,48
2020-08-22,Russia,NA,Kalmykia,275413,69,0,3669,48
2020-08-23,Russia,NA,Kalmykia,275413,52,0,3721,48
2020-08-24,Russia,NA,Kalmykia,275413,54,0,3775,48
2020-08-25,Russia,NA,Kalmykia,275413,9,0,3784,48
2020-08-26,Russia,NA,Kalmykia,275413,72,2,3856,50
2020-08-27,Russia,NA,Kalmykia,275413,57,2,3913,52
2020-08-28,Russia,NA,Kalmykia,275413,68,3,3981,55
2020-08-29,Russia,NA,Kalmykia,275413,73,1,4054,56
2020-08-30,Russia,NA,Kalmykia,275413,83,0,4137,56
2020-08-31,Russia,NA,Kalmykia,275413,132,0,4269,56
2020-04-16,Russia,NA,Kaluga Oblast,1012156,28,0,102,0
2020-04-17,Russia,NA,Kaluga Oblast,1012156,20,0,122,0
2020-04-18,Russia,NA,Kaluga Oblast,1012156,29,0,151,0
2020-04-19,Russia,NA,Kaluga Oblast,1012156,37,0,188,0
2020-04-20,Russia,NA,Kaluga Oblast,1012156,40,0,228,0
2020-04-21,Russia,NA,Kaluga Oblast,1012156,30,0,258,0
2020-04-22,Russia,NA,Kaluga Oblast,1012156,72,0,330,0
2020-04-23,Russia,NA,Kaluga Oblast,1012156,53,0,383,0
2020-04-24,Russia,NA,Kaluga Oblast,1012156,61,0,444,0
2020-04-25,Russia,NA,Kaluga Oblast,1012156,69,0,513,0
2020-04-26,Russia,NA,Kaluga Oblast,1012156,70,0,583,0
2020-04-27,Russia,NA,Kaluga Oblast,1012156,56,0,639,0
2020-04-28,Russia,NA,Kaluga Oblast,1012156,67,0,706,0
2020-04-29,Russia,NA,Kaluga Oblast,1012156,66,0,772,0
2020-04-30,Russia,NA,Kaluga Oblast,1012156,113,0,885,0
2020-05-01,Russia,NA,Kaluga Oblast,1012156,121,0,1006,0
2020-05-02,Russia,NA,Kaluga Oblast,1012156,59,0,1065,0
2020-05-03,Russia,NA,Kaluga Oblast,1012156,71,0,1136,0
2020-05-04,Russia,NA,Kaluga Oblast,1012156,81,0,1217,0
2020-05-05,Russia,NA,Kaluga Oblast,1012156,92,0,1309,0
2020-05-06,Russia,NA,Kaluga Oblast,1012156,98,0,1407,0
2020-05-07,Russia,NA,Kaluga Oblast,1012156,79,0,1486,0
2020-05-08,Russia,NA,Kaluga Oblast,1012156,78,0,1564,0
2020-05-09,Russia,NA,Kaluga Oblast,1012156,77,0,1641,0
2020-05-10,Russia,NA,Kaluga Oblast,1012156,89,0,1730,0
2020-05-11,Russia,NA,Kaluga Oblast,1012156,98,0,1828,0
2020-05-12,Russia,NA,Kaluga Oblast,1012156,96,0,1924,0
2020-05-13,Russia,NA,Kaluga Oblast,1012156,94,0,2018,0
2020-05-14,Russia,NA,Kaluga Oblast,1012156,97,0,2115,0
2020-05-15,Russia,NA,Kaluga Oblast,1012156,98,0,2213,0
2020-05-16,Russia,NA,Kaluga Oblast,1012156,99,0,2312,0
2020-05-17,Russia,NA,Kaluga Oblast,1012156,97,0,2409,0
2020-05-18,Russia,NA,Kaluga Oblast,1012156,109,0,2518,0
2020-05-19,Russia,NA,Kaluga Oblast,1012156,114,0,2632,0
2020-05-20,Russia,NA,Kaluga Oblast,1012156,118,0,2750,0
2020-05-21,Russia,NA,Kaluga Oblast,1012156,121,0,2871,0
2020-05-22,Russia,NA,Kaluga Oblast,1012156,127,0,2998,0
2020-05-23,Russia,NA,Kaluga Oblast,1012156,125,0,3123,0
2020-05-24,Russia,NA,Kaluga Oblast,1012156,123,0,3246,0
2020-05-25,Russia,NA,Kaluga Oblast,1012156,108,0,3354,0
2020-05-26,Russia,NA,Kaluga Oblast,1012156,105,0,3459,0
2020-05-27,Russia,NA,Kaluga Oblast,1012156,101,0,3560,0
2020-05-28,Russia,NA,Kaluga Oblast,1012156,93,0,3653,0
2020-05-29,Russia,NA,Kaluga Oblast,1012156,91,0,3744,0
2020-05-30,Russia,NA,Kaluga Oblast,1012156,90,0,3834,0
2020-05-31,Russia,NA,Kaluga Oblast,1012156,89,0,3923,0
2020-06-01,Russia,NA,Kaluga Oblast,1012156,86,0,4009,0
2020-06-02,Russia,NA,Kaluga Oblast,1012156,83,0,4092,0
2020-06-03,Russia,NA,Kaluga Oblast,1012156,87,0,4179,0
2020-06-04,Russia,NA,Kaluga Oblast,1012156,91,0,4270,0
2020-06-05,Russia,NA,Kaluga Oblast,1012156,87,0,4357,0
2020-06-06,Russia,NA,Kaluga Oblast,1012156,74,0,4431,0
2020-06-07,Russia,NA,Kaluga Oblast,1012156,80,0,4511,0
2020-06-08,Russia,NA,Kaluga Oblast,1012156,89,0,4600,0
2020-06-09,Russia,NA,Kaluga Oblast,1012156,91,0,4691,0
2020-06-10,Russia,NA,Kaluga Oblast,1012156,70,0,4761,0
2020-06-11,Russia,NA,Kaluga Oblast,1012156,68,0,4829,0
2020-06-12,Russia,NA,Kaluga Oblast,1012156,94,0,4923,0
2020-06-13,Russia,NA,Kaluga Oblast,1012156,88,0,5011,0
2020-06-14,Russia,NA,Kaluga Oblast,1012156,80,0,5091,0
2020-06-15,Russia,NA,Kaluga Oblast,1012156,78,0,5169,0
2020-06-16,Russia,NA,Kaluga Oblast,1012156,77,0,5246,0
2020-06-17,Russia,NA,Kaluga Oblast,1012156,75,0,5321,0
2020-06-18,Russia,NA,Kaluga Oblast,1012156,78,0,5399,0
2020-06-19,Russia,NA,Kaluga Oblast,1012156,63,0,5462,0
2020-06-20,Russia,NA,Kaluga Oblast,1012156,60,0,5522,0
2020-06-21,Russia,NA,Kaluga Oblast,1012156,58,0,5580,0
2020-06-22,Russia,NA,Kaluga Oblast,1012156,60,0,5640,0
2020-06-23,Russia,NA,Kaluga Oblast,1012156,54,0,5694,0
2020-06-24,Russia,NA,Kaluga Oblast,1012156,50,0,5744,0
2020-06-25,Russia,NA,Kaluga Oblast,1012156,44,0,5788,0
2020-06-26,Russia,NA,Kaluga Oblast,1012156,46,0,5834,0
2020-06-27,Russia,NA,Kaluga Oblast,1012156,46,0,5880,0
2020-06-28,Russia,NA,Kaluga Oblast,1012156,45,0,5925,0
2020-06-29,Russia,NA,Kaluga Oblast,1012156,48,0,5973,0
2020-06-30,Russia,NA,Kaluga Oblast,1012156,45,0,6018,0
2020-07-01,Russia,NA,Kaluga Oblast,1012156,48,0,6066,0
2020-07-02,Russia,NA,Kaluga Oblast,1012156,51,0,6117,0
2020-07-03,Russia,NA,Kaluga Oblast,1012156,53,0,6170,0
2020-07-04,Russia,NA,Kaluga Oblast,1012156,52,0,6222,0
2020-07-05,Russia,NA,Kaluga Oblast,1012156,50,0,6272,0
2020-07-06,Russia,NA,Kaluga Oblast,1012156,49,0,6321,0
2020-07-07,Russia,NA,Kaluga Oblast,1012156,47,0,6368,0
2020-07-08,Russia,NA,Kaluga Oblast,1012156,45,0,6413,0
2020-07-09,Russia,NA,Kaluga Oblast,1012156,45,0,6458,0
2020-07-10,Russia,NA,Kaluga Oblast,1012156,51,0,6509,0
2020-07-11,Russia,NA,Kaluga Oblast,1012156,50,0,6559,0
2020-07-12,Russia,NA,Kaluga Oblast,1012156,49,0,6608,0
2020-07-13,Russia,NA,Kaluga Oblast,1012156,48,0,6656,0
2020-07-14,Russia,NA,Kaluga Oblast,1012156,41,0,6697,0
2020-07-15,Russia,NA,Kaluga Oblast,1012156,45,0,6742,0
2020-07-16,Russia,NA,Kaluga Oblast,1012156,39,0,6781,0
2020-07-17,Russia,NA,Kaluga Oblast,1012156,37,0,6818,0
2020-07-18,Russia,NA,Kaluga Oblast,1012156,36,0,6854,0
2020-07-19,Russia,NA,Kaluga Oblast,1012156,35,0,6889,0
2020-07-20,Russia,NA,Kaluga Oblast,1012156,34,0,6923,0
2020-07-21,Russia,NA,Kaluga Oblast,1012156,34,0,6957,0
2020-07-22,Russia,NA,Kaluga Oblast,1012156,30,0,6987,0
2020-07-23,Russia,NA,Kaluga Oblast,1012156,33,0,7020,0
2020-07-24,Russia,NA,Kaluga Oblast,1012156,24,0,7044,0
2020-07-25,Russia,NA,Kaluga Oblast,1012156,23,0,7067,0
2020-07-26,Russia,NA,Kaluga Oblast,1012156,23,0,7090,0
2020-07-27,Russia,NA,Kaluga Oblast,1012156,21,0,7111,0
2020-07-28,Russia,NA,Kaluga Oblast,1012156,22,0,7133,0
2020-07-29,Russia,NA,Kaluga Oblast,1012156,22,0,7155,0
2020-07-30,Russia,NA,Kaluga Oblast,1012156,24,0,7179,0
2020-07-31,Russia,NA,Kaluga Oblast,1012156,25,0,7204,0
2020-08-01,Russia,NA,Kaluga Oblast,1012156,28,0,7232,0
2020-08-02,Russia,NA,Kaluga Oblast,1012156,28,0,7260,56
2020-08-03,Russia,NA,Kaluga Oblast,1012156,26,0,7286,56
2020-08-04,Russia,NA,Kaluga Oblast,1012156,25,0,7311,56
2020-08-05,Russia,NA,Kaluga Oblast,1012156,27,0,7338,56
2020-08-06,Russia,NA,Kaluga Oblast,1012156,25,0,7363,56
2020-08-07,Russia,NA,Kaluga Oblast,1012156,27,0,7390,56
2020-08-08,Russia,NA,Kaluga Oblast,1012156,26,0,7416,56
2020-08-09,Russia,NA,Kaluga Oblast,1012156,27,0,7443,56
2020-08-10,Russia,NA,Kaluga Oblast,1012156,26,0,7469,56
2020-08-11,Russia,NA,Kaluga Oblast,1012156,22,0,7491,56
2020-08-12,Russia,NA,Kaluga Oblast,1012156,25,2,7516,58
2020-08-13,Russia,NA,Kaluga Oblast,1012156,27,0,7543,58
2020-08-14,Russia,NA,Kaluga Oblast,1012156,28,0,7571,58
2020-08-15,Russia,NA,Kaluga Oblast,1012156,27,0,7598,58
2020-08-16,Russia,NA,Kaluga Oblast,1012156,27,0,7625,58
2020-08-17,Russia,NA,Kaluga Oblast,1012156,29,0,7654,58
2020-08-18,Russia,NA,Kaluga Oblast,1012156,25,2,7679,60
2020-08-19,Russia,NA,Kaluga Oblast,1012156,23,0,7702,60
2020-08-20,Russia,NA,Kaluga Oblast,1012156,26,0,7728,60
2020-08-21,Russia,NA,Kaluga Oblast,1012156,31,0,7759,60
2020-08-22,Russia,NA,Kaluga Oblast,1012156,33,2,7792,62
2020-08-23,Russia,NA,Kaluga Oblast,1012156,31,0,7823,62
2020-08-24,Russia,NA,Kaluga Oblast,1012156,30,0,7853,62
2020-08-25,Russia,NA,Kaluga Oblast,1012156,29,2,7882,64
2020-08-26,Russia,NA,Kaluga Oblast,1012156,28,0,7910,64
2020-08-27,Russia,NA,Kaluga Oblast,1012156,26,3,7936,67
2020-08-28,Russia,NA,Kaluga Oblast,1012156,28,0,7964,67
2020-08-29,Russia,NA,Kaluga Oblast,1012156,29,0,7993,67
2020-08-30,Russia,NA,Kaluga Oblast,1012156,30,0,8023,67
2020-08-31,Russia,NA,Kaluga Oblast,1012156,32,0,8055,67
2020-04-26,Russia,NA,Kamchatka Krai,315557,23,0,110,0
2020-04-27,Russia,NA,Kamchatka Krai,315557,85,0,195,0
2020-04-28,Russia,NA,Kamchatka Krai,315557,8,0,203,0
2020-04-29,Russia,NA,Kamchatka Krai,315557,38,0,241,0
2020-04-30,Russia,NA,Kamchatka Krai,315557,24,0,265,0
2020-05-01,Russia,NA,Kamchatka Krai,315557,16,0,281,0
2020-05-02,Russia,NA,Kamchatka Krai,315557,5,0,286,0
2020-05-03,Russia,NA,Kamchatka Krai,315557,25,0,311,0
2020-05-04,Russia,NA,Kamchatka Krai,315557,28,0,339,0
2020-05-05,Russia,NA,Kamchatka Krai,315557,8,0,347,0
2020-05-06,Russia,NA,Kamchatka Krai,315557,1,0,348,0
2020-05-07,Russia,NA,Kamchatka Krai,315557,2,0,350,0
2020-05-08,Russia,NA,Kamchatka Krai,315557,3,0,353,0
2020-05-09,Russia,NA,Kamchatka Krai,315557,10,0,363,0
2020-05-10,Russia,NA,Kamchatka Krai,315557,13,0,376,0
2020-05-11,Russia,NA,Kamchatka Krai,315557,8,0,384,0
2020-05-12,Russia,NA,Kamchatka Krai,315557,14,0,398,0
2020-05-13,Russia,NA,Kamchatka Krai,315557,20,0,418,0
2020-05-14,Russia,NA,Kamchatka Krai,315557,11,0,429,0
2020-05-15,Russia,NA,Kamchatka Krai,315557,14,0,443,0
2020-05-16,Russia,NA,Kamchatka Krai,315557,18,0,461,0
2020-05-17,Russia,NA,Kamchatka Krai,315557,16,0,477,0
2020-05-18,Russia,NA,Kamchatka Krai,315557,18,0,495,0
2020-05-19,Russia,NA,Kamchatka Krai,315557,20,0,515,0
2020-05-20,Russia,NA,Kamchatka Krai,315557,21,0,536,0
2020-05-21,Russia,NA,Kamchatka Krai,315557,18,0,554,0
2020-05-22,Russia,NA,Kamchatka Krai,315557,18,0,572,0
2020-05-23,Russia,NA,Kamchatka Krai,315557,23,0,595,0
2020-05-24,Russia,NA,Kamchatka Krai,315557,32,0,627,0
2020-05-25,Russia,NA,Kamchatka Krai,315557,31,0,658,0
2020-05-26,Russia,NA,Kamchatka Krai,315557,20,0,678,0
2020-05-27,Russia,NA,Kamchatka Krai,315557,22,0,700,0
2020-05-28,Russia,NA,Kamchatka Krai,315557,25,0,725,0
2020-05-29,Russia,NA,Kamchatka Krai,315557,34,0,759,0
2020-05-30,Russia,NA,Kamchatka Krai,315557,46,0,805,0
2020-05-31,Russia,NA,Kamchatka Krai,315557,44,0,849,0
2020-06-01,Russia,NA,Kamchatka Krai,315557,32,0,881,0
2020-06-02,Russia,NA,Kamchatka Krai,315557,35,0,916,0
2020-06-03,Russia,NA,Kamchatka Krai,315557,33,0,949,0
2020-06-04,Russia,NA,Kamchatka Krai,315557,35,0,984,0
2020-06-05,Russia,NA,Kamchatka Krai,315557,49,0,1033,0
2020-06-06,Russia,NA,Kamchatka Krai,315557,52,0,1085,0
2020-06-07,Russia,NA,Kamchatka Krai,315557,40,0,1125,0
2020-06-08,Russia,NA,Kamchatka Krai,315557,43,0,1168,0
2020-06-09,Russia,NA,Kamchatka Krai,315557,46,0,1214,0
2020-06-10,Russia,NA,Kamchatka Krai,315557,41,0,1255,0
2020-06-11,Russia,NA,Kamchatka Krai,315557,51,0,1306,0
2020-06-12,Russia,NA,Kamchatka Krai,315557,54,0,1360,0
2020-06-13,Russia,NA,Kamchatka Krai,315557,49,0,1409,0
2020-06-14,Russia,NA,Kamchatka Krai,315557,45,0,1454,0
2020-06-15,Russia,NA,Kamchatka Krai,315557,42,0,1496,0
2020-06-16,Russia,NA,Kamchatka Krai,315557,40,0,1536,0
2020-06-17,Russia,NA,Kamchatka Krai,315557,39,0,1575,0
2020-06-18,Russia,NA,Kamchatka Krai,315557,42,0,1617,0
2020-06-19,Russia,NA,Kamchatka Krai,315557,45,0,1662,0
2020-06-20,Russia,NA,Kamchatka Krai,315557,52,0,1714,0
2020-06-21,Russia,NA,Kamchatka Krai,315557,41,0,1755,0
2020-06-22,Russia,NA,Kamchatka Krai,315557,38,0,1793,0
2020-06-23,Russia,NA,Kamchatka Krai,315557,41,0,1834,0
2020-06-24,Russia,NA,Kamchatka Krai,315557,93,0,1927,0
2020-06-25,Russia,NA,Kamchatka Krai,315557,42,0,1969,0
2020-06-26,Russia,NA,Kamchatka Krai,315557,39,0,2008,0
2020-06-27,Russia,NA,Kamchatka Krai,315557,44,0,2052,0
2020-06-28,Russia,NA,Kamchatka Krai,315557,41,0,2093,0
2020-06-29,Russia,NA,Kamchatka Krai,315557,52,0,2145,0
2020-06-30,Russia,NA,Kamchatka Krai,315557,45,0,2190,0
2020-07-01,Russia,NA,Kamchatka Krai,315557,55,0,2245,0
2020-07-02,Russia,NA,Kamchatka Krai,315557,48,0,2293,0
2020-07-03,Russia,NA,Kamchatka Krai,315557,41,0,2334,0
2020-07-04,Russia,NA,Kamchatka Krai,315557,46,0,2380,0
2020-07-05,Russia,NA,Kamchatka Krai,315557,42,0,2422,0
2020-07-06,Russia,NA,Kamchatka Krai,315557,47,0,2469,0
2020-07-07,Russia,NA,Kamchatka Krai,315557,45,0,2514,0
2020-07-08,Russia,NA,Kamchatka Krai,315557,46,0,2560,0
2020-07-09,Russia,NA,Kamchatka Krai,315557,42,0,2602,0
2020-07-10,Russia,NA,Kamchatka Krai,315557,38,0,2640,0
2020-07-11,Russia,NA,Kamchatka Krai,315557,36,0,2676,0
2020-07-12,Russia,NA,Kamchatka Krai,315557,37,0,2713,0
2020-07-13,Russia,NA,Kamchatka Krai,315557,44,0,2757,0
2020-07-14,Russia,NA,Kamchatka Krai,315557,41,0,2798,0
2020-07-15,Russia,NA,Kamchatka Krai,315557,42,0,2840,0
2020-07-16,Russia,NA,Kamchatka Krai,315557,36,0,2876,0
2020-07-17,Russia,NA,Kamchatka Krai,315557,34,0,2910,0
2020-07-18,Russia,NA,Kamchatka Krai,315557,35,0,2945,0
2020-07-19,Russia,NA,Kamchatka Krai,315557,37,0,2982,0
2020-07-20,Russia,NA,Kamchatka Krai,315557,35,0,3017,0
2020-07-21,Russia,NA,Kamchatka Krai,315557,34,0,3051,0
2020-07-22,Russia,NA,Kamchatka Krai,315557,35,0,3086,0
2020-07-23,Russia,NA,Kamchatka Krai,315557,36,0,3122,0
2020-07-24,Russia,NA,Kamchatka Krai,315557,38,0,3160,0
2020-07-25,Russia,NA,Kamchatka Krai,315557,41,0,3201,0
2020-07-26,Russia,NA,Kamchatka Krai,315557,39,0,3240,0
2020-07-27,Russia,NA,Kamchatka Krai,315557,30,0,3270,0
2020-07-28,Russia,NA,Kamchatka Krai,315557,19,0,3289,0
2020-07-29,Russia,NA,Kamchatka Krai,315557,25,0,3314,0
2020-07-30,Russia,NA,Kamchatka Krai,315557,22,0,3336,0
2020-07-31,Russia,NA,Kamchatka Krai,315557,26,0,3362,0
2020-08-01,Russia,NA,Kamchatka Krai,315557,16,0,3378,0
2020-08-02,Russia,NA,Kamchatka Krai,315557,23,0,3401,42
2020-08-03,Russia,NA,Kamchatka Krai,315557,13,0,3414,42
2020-08-04,Russia,NA,Kamchatka Krai,315557,13,0,3427,42
2020-08-05,Russia,NA,Kamchatka Krai,315557,15,0,3442,42
2020-08-06,Russia,NA,Kamchatka Krai,315557,14,0,3456,42
2020-08-07,Russia,NA,Kamchatka Krai,315557,27,0,3483,42
2020-08-08,Russia,NA,Kamchatka Krai,315557,18,0,3501,42
2020-08-09,Russia,NA,Kamchatka Krai,315557,15,0,3516,42
2020-08-10,Russia,NA,Kamchatka Krai,315557,10,0,3526,42
2020-08-11,Russia,NA,Kamchatka Krai,315557,12,0,3538,42
2020-08-12,Russia,NA,Kamchatka Krai,315557,15,0,3553,42
2020-08-13,Russia,NA,Kamchatka Krai,315557,16,0,3569,42
2020-08-14,Russia,NA,Kamchatka Krai,315557,17,0,3586,42
2020-08-15,Russia,NA,Kamchatka Krai,315557,15,0,3601,42
2020-08-16,Russia,NA,Kamchatka Krai,315557,14,0,3615,42
2020-08-17,Russia,NA,Kamchatka Krai,315557,12,0,3627,42
2020-08-18,Russia,NA,Kamchatka Krai,315557,14,0,3641,42
2020-08-19,Russia,NA,Kamchatka Krai,315557,13,0,3654,42
2020-08-20,Russia,NA,Kamchatka Krai,315557,13,0,3667,42
2020-08-21,Russia,NA,Kamchatka Krai,315557,70,0,3737,42
2020-08-22,Russia,NA,Kamchatka Krai,315557,11,0,3748,42
2020-08-23,Russia,NA,Kamchatka Krai,315557,11,0,3759,42
2020-08-24,Russia,NA,Kamchatka Krai,315557,9,0,3768,42
2020-08-25,Russia,NA,Kamchatka Krai,315557,11,0,3779,42
2020-08-26,Russia,NA,Kamchatka Krai,315557,12,0,3791,42
2020-08-27,Russia,NA,Kamchatka Krai,315557,12,0,3803,42
2020-08-28,Russia,NA,Kamchatka Krai,315557,13,0,3816,42
2020-08-29,Russia,NA,Kamchatka Krai,315557,12,0,3828,42
2020-08-30,Russia,NA,Kamchatka Krai,315557,13,0,3841,42
2020-08-31,Russia,NA,Kamchatka Krai,315557,11,0,3852,42
2020-04-21,Russia,NA,Karachay-Cherkessia,466305,19,0,111,0
2020-04-22,Russia,NA,Karachay-Cherkessia,466305,39,0,150,0
2020-04-23,Russia,NA,Karachay-Cherkessia,466305,24,0,174,0
2020-04-24,Russia,NA,Karachay-Cherkessia,466305,25,0,199,0
2020-04-25,Russia,NA,Karachay-Cherkessia,466305,46,0,245,0
2020-04-26,Russia,NA,Karachay-Cherkessia,466305,42,0,287,0
2020-04-27,Russia,NA,Karachay-Cherkessia,466305,19,0,306,0
2020-04-28,Russia,NA,Karachay-Cherkessia,466305,13,0,319,0
2020-04-29,Russia,NA,Karachay-Cherkessia,466305,16,0,335,0
2020-04-30,Russia,NA,Karachay-Cherkessia,466305,22,0,357,0
2020-05-01,Russia,NA,Karachay-Cherkessia,466305,46,0,403,0
2020-05-02,Russia,NA,Karachay-Cherkessia,466305,14,0,417,0
2020-05-03,Russia,NA,Karachay-Cherkessia,466305,18,0,435,0
2020-05-04,Russia,NA,Karachay-Cherkessia,466305,11,0,446,0
2020-05-05,Russia,NA,Karachay-Cherkessia,466305,12,0,458,0
2020-05-06,Russia,NA,Karachay-Cherkessia,466305,4,0,462,0
2020-05-07,Russia,NA,Karachay-Cherkessia,466305,6,0,468,0
2020-05-08,Russia,NA,Karachay-Cherkessia,466305,15,0,483,0
2020-05-09,Russia,NA,Karachay-Cherkessia,466305,31,0,514,0
2020-05-10,Russia,NA,Karachay-Cherkessia,466305,18,0,532,0
2020-05-11,Russia,NA,Karachay-Cherkessia,466305,12,0,544,0
2020-05-12,Russia,NA,Karachay-Cherkessia,466305,10,0,554,0
2020-05-13,Russia,NA,Karachay-Cherkessia,466305,12,0,566,0
2020-05-14,Russia,NA,Karachay-Cherkessia,466305,27,0,593,0
2020-05-15,Russia,NA,Karachay-Cherkessia,466305,26,0,619,0
2020-05-16,Russia,NA,Karachay-Cherkessia,466305,18,0,637,0
2020-05-17,Russia,NA,Karachay-Cherkessia,466305,19,0,656,0
2020-05-18,Russia,NA,Karachay-Cherkessia,466305,15,0,671,0
2020-05-19,Russia,NA,Karachay-Cherkessia,466305,11,0,682,0
2020-05-20,Russia,NA,Karachay-Cherkessia,466305,12,0,694,0
2020-05-21,Russia,NA,Karachay-Cherkessia,466305,12,0,706,0
2020-05-22,Russia,NA,Karachay-Cherkessia,466305,11,0,717,0
2020-05-23,Russia,NA,Karachay-Cherkessia,466305,20,0,737,0
2020-05-24,Russia,NA,Karachay-Cherkessia,466305,25,0,762,0
2020-05-25,Russia,NA,Karachay-Cherkessia,466305,26,0,788,0
2020-05-26,Russia,NA,Karachay-Cherkessia,466305,31,0,819,0
2020-05-27,Russia,NA,Karachay-Cherkessia,466305,39,0,858,0
2020-05-28,Russia,NA,Karachay-Cherkessia,466305,42,0,900,0
2020-05-29,Russia,NA,Karachay-Cherkessia,466305,56,0,956,0
2020-05-30,Russia,NA,Karachay-Cherkessia,466305,54,0,1010,0
2020-05-31,Russia,NA,Karachay-Cherkessia,466305,62,0,1072,0
2020-06-01,Russia,NA,Karachay-Cherkessia,466305,70,0,1142,0
2020-06-02,Russia,NA,Karachay-Cherkessia,466305,67,0,1209,0
2020-06-03,Russia,NA,Karachay-Cherkessia,466305,72,0,1281,0
2020-06-04,Russia,NA,Karachay-Cherkessia,466305,78,0,1359,0
2020-06-05,Russia,NA,Karachay-Cherkessia,466305,76,0,1435,0
2020-06-06,Russia,NA,Karachay-Cherkessia,466305,75,0,1510,0
2020-06-07,Russia,NA,Karachay-Cherkessia,466305,75,0,1585,0
2020-06-08,Russia,NA,Karachay-Cherkessia,466305,74,0,1659,0
2020-06-09,Russia,NA,Karachay-Cherkessia,466305,75,0,1734,0
2020-06-10,Russia,NA,Karachay-Cherkessia,466305,78,0,1812,0
2020-06-11,Russia,NA,Karachay-Cherkessia,466305,82,0,1894,0
2020-06-12,Russia,NA,Karachay-Cherkessia,466305,80,0,1974,0
2020-06-13,Russia,NA,Karachay-Cherkessia,466305,89,0,2063,0
2020-06-14,Russia,NA,Karachay-Cherkessia,466305,98,0,2161,0
2020-06-15,Russia,NA,Karachay-Cherkessia,466305,99,0,2260,0
2020-06-16,Russia,NA,Karachay-Cherkessia,466305,94,0,2354,0
2020-06-17,Russia,NA,Karachay-Cherkessia,466305,97,0,2451,0
2020-06-18,Russia,NA,Karachay-Cherkessia,466305,99,0,2550,0
2020-06-19,Russia,NA,Karachay-Cherkessia,466305,94,0,2644,0
2020-06-20,Russia,NA,Karachay-Cherkessia,466305,91,0,2735,0
2020-06-21,Russia,NA,Karachay-Cherkessia,466305,85,0,2820,0
2020-06-22,Russia,NA,Karachay-Cherkessia,466305,87,0,2907,0
2020-06-23,Russia,NA,Karachay-Cherkessia,466305,81,0,2988,0
2020-06-24,Russia,NA,Karachay-Cherkessia,466305,84,0,3072,0
2020-06-25,Russia,NA,Karachay-Cherkessia,466305,82,0,3154,0
2020-06-26,Russia,NA,Karachay-Cherkessia,466305,72,0,3226,0
2020-06-27,Russia,NA,Karachay-Cherkessia,466305,84,0,3310,0
2020-06-28,Russia,NA,Karachay-Cherkessia,466305,74,0,3384,0
2020-06-29,Russia,NA,Karachay-Cherkessia,466305,69,0,3453,0
2020-06-30,Russia,NA,Karachay-Cherkessia,466305,72,0,3525,0
2020-07-01,Russia,NA,Karachay-Cherkessia,466305,79,0,3604,0
2020-07-02,Russia,NA,Karachay-Cherkessia,466305,69,0,3673,0
2020-07-03,Russia,NA,Karachay-Cherkessia,466305,62,0,3735,0
2020-07-04,Russia,NA,Karachay-Cherkessia,466305,44,0,3779,0
2020-07-05,Russia,NA,Karachay-Cherkessia,466305,43,0,3822,0
2020-07-06,Russia,NA,Karachay-Cherkessia,466305,33,0,3855,0
2020-07-07,Russia,NA,Karachay-Cherkessia,466305,32,0,3887,0
2020-07-08,Russia,NA,Karachay-Cherkessia,466305,37,0,3924,0
2020-07-09,Russia,NA,Karachay-Cherkessia,466305,38,0,3962,0
2020-07-10,Russia,NA,Karachay-Cherkessia,466305,31,0,3993,0
2020-07-11,Russia,NA,Karachay-Cherkessia,466305,29,0,4022,0
2020-07-12,Russia,NA,Karachay-Cherkessia,466305,27,0,4049,0
2020-07-13,Russia,NA,Karachay-Cherkessia,466305,21,0,4070,0
2020-07-14,Russia,NA,Karachay-Cherkessia,466305,19,0,4089,0
2020-07-15,Russia,NA,Karachay-Cherkessia,466305,25,0,4114,0
2020-07-16,Russia,NA,Karachay-Cherkessia,466305,25,0,4139,0
2020-07-17,Russia,NA,Karachay-Cherkessia,466305,28,0,4167,0
2020-07-18,Russia,NA,Karachay-Cherkessia,466305,23,0,4190,0
2020-07-19,Russia,NA,Karachay-Cherkessia,466305,27,0,4217,0
2020-07-20,Russia,NA,Karachay-Cherkessia,466305,22,0,4239,0
2020-07-21,Russia,NA,Karachay-Cherkessia,466305,25,0,4264,0
2020-07-22,Russia,NA,Karachay-Cherkessia,466305,24,0,4288,0
2020-07-23,Russia,NA,Karachay-Cherkessia,466305,27,0,4315,0
2020-07-24,Russia,NA,Karachay-Cherkessia,466305,23,0,4338,0
2020-07-25,Russia,NA,Karachay-Cherkessia,466305,21,0,4359,0
2020-07-26,Russia,NA,Karachay-Cherkessia,466305,24,0,4383,0
2020-07-27,Russia,NA,Karachay-Cherkessia,466305,19,0,4402,0
2020-07-28,Russia,NA,Karachay-Cherkessia,466305,18,0,4420,0
2020-07-29,Russia,NA,Karachay-Cherkessia,466305,8,0,4428,0
2020-07-30,Russia,NA,Karachay-Cherkessia,466305,10,0,4438,0
2020-07-31,Russia,NA,Karachay-Cherkessia,466305,9,0,4447,0
2020-08-01,Russia,NA,Karachay-Cherkessia,466305,11,0,4458,0
2020-08-02,Russia,NA,Karachay-Cherkessia,466305,12,0,4465,23
2020-08-03,Russia,NA,Karachay-Cherkessia,466305,11,0,4476,23
2020-08-04,Russia,NA,Karachay-Cherkessia,466305,9,0,4485,23
2020-08-05,Russia,NA,Karachay-Cherkessia,466305,10,0,4495,23
2020-08-06,Russia,NA,Karachay-Cherkessia,466305,12,1,4507,24
2020-08-07,Russia,NA,Karachay-Cherkessia,466305,10,0,4517,24
2020-08-08,Russia,NA,Karachay-Cherkessia,466305,10,0,4527,24
2020-08-09,Russia,NA,Karachay-Cherkessia,466305,12,0,4539,24
2020-08-10,Russia,NA,Karachay-Cherkessia,466305,12,0,4551,24
2020-08-11,Russia,NA,Karachay-Cherkessia,466305,11,0,4562,24
2020-08-12,Russia,NA,Karachay-Cherkessia,466305,13,1,4575,25
2020-08-13,Russia,NA,Karachay-Cherkessia,466305,14,0,4589,25
2020-08-14,Russia,NA,Karachay-Cherkessia,466305,14,0,4603,25
2020-08-15,Russia,NA,Karachay-Cherkessia,466305,15,0,4618,25
2020-08-16,Russia,NA,Karachay-Cherkessia,466305,17,0,4635,25
2020-08-17,Russia,NA,Karachay-Cherkessia,466305,17,0,4652,25
2020-08-18,Russia,NA,Karachay-Cherkessia,466305,18,0,4670,25
2020-08-19,Russia,NA,Karachay-Cherkessia,466305,18,0,4688,25
2020-08-20,Russia,NA,Karachay-Cherkessia,466305,21,1,4709,26
2020-08-21,Russia,NA,Karachay-Cherkessia,466305,23,0,4732,26
2020-08-22,Russia,NA,Karachay-Cherkessia,466305,31,0,4763,26
2020-08-23,Russia,NA,Karachay-Cherkessia,466305,35,0,4798,26
2020-08-24,Russia,NA,Karachay-Cherkessia,466305,32,0,4830,26
2020-08-25,Russia,NA,Karachay-Cherkessia,466305,30,0,4860,26
2020-08-26,Russia,NA,Karachay-Cherkessia,466305,38,0,4898,26
2020-08-27,Russia,NA,Karachay-Cherkessia,466305,39,0,4937,26
2020-08-28,Russia,NA,Karachay-Cherkessia,466305,39,0,4976,26
2020-08-29,Russia,NA,Karachay-Cherkessia,466305,45,0,5021,26
2020-08-30,Russia,NA,Karachay-Cherkessia,466305,45,0,5066,26
2020-08-31,Russia,NA,Karachay-Cherkessia,466305,49,0,5115,26
2020-04-26,Russia,NA,Kemerovo Oblast,2694877,21,0,103,0
2020-04-27,Russia,NA,Kemerovo Oblast,2694877,4,0,107,0
2020-04-28,Russia,NA,Kemerovo Oblast,2694877,4,0,111,0
2020-04-29,Russia,NA,Kemerovo Oblast,2694877,3,0,114,0
2020-04-30,Russia,NA,Kemerovo Oblast,2694877,12,0,126,0
2020-05-01,Russia,NA,Kemerovo Oblast,2694877,2,0,128,0
2020-05-02,Russia,NA,Kemerovo Oblast,2694877,14,0,142,0
2020-05-03,Russia,NA,Kemerovo Oblast,2694877,11,0,153,0
2020-05-04,Russia,NA,Kemerovo Oblast,2694877,13,0,166,0
2020-05-06,Russia,NA,Kemerovo Oblast,2694877,14,0,180,0
2020-05-07,Russia,NA,Kemerovo Oblast,2694877,18,0,198,0
2020-05-08,Russia,NA,Kemerovo Oblast,2694877,6,0,204,0
2020-05-09,Russia,NA,Kemerovo Oblast,2694877,10,0,214,0
2020-05-10,Russia,NA,Kemerovo Oblast,2694877,19,0,233,0
2020-05-11,Russia,NA,Kemerovo Oblast,2694877,18,0,251,0
2020-05-12,Russia,NA,Kemerovo Oblast,2694877,9,0,260,0
2020-05-13,Russia,NA,Kemerovo Oblast,2694877,9,0,269,0
2020-05-14,Russia,NA,Kemerovo Oblast,2694877,13,0,282,0
2020-05-15,Russia,NA,Kemerovo Oblast,2694877,14,0,296,0
2020-05-16,Russia,NA,Kemerovo Oblast,2694877,11,0,307,0
2020-05-17,Russia,NA,Kemerovo Oblast,2694877,14,0,321,0
2020-05-18,Russia,NA,Kemerovo Oblast,2694877,7,0,328,0
2020-05-19,Russia,NA,Kemerovo Oblast,2694877,5,0,333,0
2020-05-20,Russia,NA,Kemerovo Oblast,2694877,9,0,342,0
2020-05-21,Russia,NA,Kemerovo Oblast,2694877,23,0,365,0
2020-05-22,Russia,NA,Kemerovo Oblast,2694877,12,0,377,0
2020-05-23,Russia,NA,Kemerovo Oblast,2694877,14,0,391,0
2020-05-24,Russia,NA,Kemerovo Oblast,2694877,15,0,406,0
2020-05-25,Russia,NA,Kemerovo Oblast,2694877,12,0,418,0
2020-05-26,Russia,NA,Kemerovo Oblast,2694877,13,0,431,0
2020-05-27,Russia,NA,Kemerovo Oblast,2694877,13,0,444,0
2020-05-28,Russia,NA,Kemerovo Oblast,2694877,18,0,462,0
2020-05-29,Russia,NA,Kemerovo Oblast,2694877,20,0,482,0
2020-05-30,Russia,NA,Kemerovo Oblast,2694877,13,0,495,0
2020-05-31,Russia,NA,Kemerovo Oblast,2694877,25,0,520,0
2020-06-01,Russia,NA,Kemerovo Oblast,2694877,25,0,545,0
2020-06-02,Russia,NA,Kemerovo Oblast,2694877,44,0,589,0
2020-06-03,Russia,NA,Kemerovo Oblast,2694877,27,0,616,0
2020-06-04,Russia,NA,Kemerovo Oblast,2694877,22,0,638,0
2020-06-05,Russia,NA,Kemerovo Oblast,2694877,28,0,666,0
2020-06-06,Russia,NA,Kemerovo Oblast,2694877,19,0,685,0
2020-06-07,Russia,NA,Kemerovo Oblast,2694877,36,0,721,0
2020-06-08,Russia,NA,Kemerovo Oblast,2694877,31,0,752,0
2020-06-09,Russia,NA,Kemerovo Oblast,2694877,34,0,786,0
2020-06-10,Russia,NA,Kemerovo Oblast,2694877,48,0,834,0
2020-06-11,Russia,NA,Kemerovo Oblast,2694877,34,0,868,0
2020-06-12,Russia,NA,Kemerovo Oblast,2694877,61,0,929,0
2020-06-13,Russia,NA,Kemerovo Oblast,2694877,68,0,997,0
2020-06-14,Russia,NA,Kemerovo Oblast,2694877,22,0,1019,0
2020-06-15,Russia,NA,Kemerovo Oblast,2694877,23,0,1042,0
2020-06-16,Russia,NA,Kemerovo Oblast,2694877,20,0,1062,0
2020-06-17,Russia,NA,Kemerovo Oblast,2694877,17,0,1079,0
2020-06-18,Russia,NA,Kemerovo Oblast,2694877,20,0,1099,0
2020-06-19,Russia,NA,Kemerovo Oblast,2694877,58,0,1157,0
2020-06-20,Russia,NA,Kemerovo Oblast,2694877,61,0,1218,0
2020-06-21,Russia,NA,Kemerovo Oblast,2694877,59,0,1277,0
2020-06-22,Russia,NA,Kemerovo Oblast,2694877,75,0,1352,0
2020-06-23,Russia,NA,Kemerovo Oblast,2694877,44,0,1396,0
2020-06-24,Russia,NA,Kemerovo Oblast,2694877,28,0,1424,0
2020-06-25,Russia,NA,Kemerovo Oblast,2694877,30,0,1454,0
2020-06-26,Russia,NA,Kemerovo Oblast,2694877,34,0,1488,0
2020-06-27,Russia,NA,Kemerovo Oblast,2694877,44,0,1532,0
2020-06-28,Russia,NA,Kemerovo Oblast,2694877,47,0,1579,0
2020-06-29,Russia,NA,Kemerovo Oblast,2694877,43,0,1622,0
2020-06-30,Russia,NA,Kemerovo Oblast,2694877,40,0,1662,0
2020-07-01,Russia,NA,Kemerovo Oblast,2694877,41,0,1703,0
2020-07-02,Russia,NA,Kemerovo Oblast,2694877,41,0,1744,0
2020-07-03,Russia,NA,Kemerovo Oblast,2694877,62,0,1806,0
2020-07-04,Russia,NA,Kemerovo Oblast,2694877,67,0,1873,0
2020-07-05,Russia,NA,Kemerovo Oblast,2694877,71,0,1944,0
2020-07-06,Russia,NA,Kemerovo Oblast,2694877,74,0,2018,0
2020-07-07,Russia,NA,Kemerovo Oblast,2694877,67,0,2085,0
2020-07-08,Russia,NA,Kemerovo Oblast,2694877,49,0,2134,0
2020-07-09,Russia,NA,Kemerovo Oblast,2694877,69,0,2203,0
2020-07-10,Russia,NA,Kemerovo Oblast,2694877,77,0,2280,0
2020-07-11,Russia,NA,Kemerovo Oblast,2694877,74,0,2354,0
2020-07-12,Russia,NA,Kemerovo Oblast,2694877,52,0,2406,0
2020-07-13,Russia,NA,Kemerovo Oblast,2694877,51,0,2457,0
2020-07-14,Russia,NA,Kemerovo Oblast,2694877,50,0,2507,0
2020-07-15,Russia,NA,Kemerovo Oblast,2694877,46,0,2553,0
2020-07-16,Russia,NA,Kemerovo Oblast,2694877,49,0,2602,0
2020-07-17,Russia,NA,Kemerovo Oblast,2694877,48,0,2650,0
2020-07-18,Russia,NA,Kemerovo Oblast,2694877,45,0,2695,0
2020-07-19,Russia,NA,Kemerovo Oblast,2694877,45,0,2740,0
2020-07-20,Russia,NA,Kemerovo Oblast,2694877,56,0,2796,0
2020-07-21,Russia,NA,Kemerovo Oblast,2694877,61,0,2857,0
2020-07-22,Russia,NA,Kemerovo Oblast,2694877,62,0,2919,0
2020-07-23,Russia,NA,Kemerovo Oblast,2694877,64,0,2983,0
2020-07-24,Russia,NA,Kemerovo Oblast,2694877,67,0,3050,0
2020-07-25,Russia,NA,Kemerovo Oblast,2694877,68,0,3118,0
2020-07-26,Russia,NA,Kemerovo Oblast,2694877,75,0,3193,0
2020-07-27,Russia,NA,Kemerovo Oblast,2694877,67,0,3260,0
2020-07-28,Russia,NA,Kemerovo Oblast,2694877,69,0,3329,0
2020-07-29,Russia,NA,Kemerovo Oblast,2694877,79,0,3408,0
2020-07-30,Russia,NA,Kemerovo Oblast,2694877,73,0,3481,0
2020-07-31,Russia,NA,Kemerovo Oblast,2694877,74,0,3555,0
2020-08-01,Russia,NA,Kemerovo Oblast,2694877,72,0,3627,0
2020-08-02,Russia,NA,Kemerovo Oblast,2694877,75,0,3702,18
2020-08-03,Russia,NA,Kemerovo Oblast,2694877,79,0,3781,18
2020-08-04,Russia,NA,Kemerovo Oblast,2694877,90,0,3871,18
2020-08-05,Russia,NA,Kemerovo Oblast,2694877,94,0,3965,18
2020-08-06,Russia,NA,Kemerovo Oblast,2694877,97,0,4062,18
2020-08-07,Russia,NA,Kemerovo Oblast,2694877,96,0,4158,18
2020-08-08,Russia,NA,Kemerovo Oblast,2694877,86,1,4244,19
2020-08-09,Russia,NA,Kemerovo Oblast,2694877,97,0,4341,19
2020-08-10,Russia,NA,Kemerovo Oblast,2694877,94,0,4435,19
2020-08-11,Russia,NA,Kemerovo Oblast,2694877,109,0,4544,19
2020-08-12,Russia,NA,Kemerovo Oblast,2694877,94,0,4638,19
2020-08-13,Russia,NA,Kemerovo Oblast,2694877,98,0,4736,19
2020-08-14,Russia,NA,Kemerovo Oblast,2694877,94,0,4830,19
2020-08-15,Russia,NA,Kemerovo Oblast,2694877,96,0,4926,19
2020-08-16,Russia,NA,Kemerovo Oblast,2694877,99,0,5025,19
2020-08-17,Russia,NA,Kemerovo Oblast,2694877,94,0,5119,19
2020-08-18,Russia,NA,Kemerovo Oblast,2694877,96,1,5215,20
2020-08-19,Russia,NA,Kemerovo Oblast,2694877,91,1,5306,21
2020-08-20,Russia,NA,Kemerovo Oblast,2694877,92,0,5398,21
2020-08-21,Russia,NA,Kemerovo Oblast,2694877,93,0,5491,21
2020-08-22,Russia,NA,Kemerovo Oblast,2694877,91,0,5582,21
2020-08-23,Russia,NA,Kemerovo Oblast,2694877,95,0,5677,21
2020-08-24,Russia,NA,Kemerovo Oblast,2694877,92,0,5769,21
2020-08-25,Russia,NA,Kemerovo Oblast,2694877,98,5,5867,26
2020-08-26,Russia,NA,Kemerovo Oblast,2694877,95,4,5962,30
2020-08-27,Russia,NA,Kemerovo Oblast,2694877,98,5,6060,35
2020-08-28,Russia,NA,Kemerovo Oblast,2694877,96,6,6156,41
2020-08-29,Russia,NA,Kemerovo Oblast,2694877,93,3,6249,44
2020-08-30,Russia,NA,Kemerovo Oblast,2694877,96,0,6345,44
2020-08-31,Russia,NA,Kemerovo Oblast,2694877,92,0,6437,44
2020-04-17,Russia,NA,Khabarovsk Krai,1328302,18,0,109,0
2020-04-18,Russia,NA,Khabarovsk Krai,1328302,38,0,147,0
2020-04-19,Russia,NA,Khabarovsk Krai,1328302,38,0,185,0
2020-04-20,Russia,NA,Khabarovsk Krai,1328302,30,0,215,0
2020-04-21,Russia,NA,Khabarovsk Krai,1328302,28,0,243,0
2020-04-22,Russia,NA,Khabarovsk Krai,1328302,29,0,272,0
2020-04-23,Russia,NA,Khabarovsk Krai,1328302,38,0,310,0
2020-04-24,Russia,NA,Khabarovsk Krai,1328302,41,0,351,0
2020-04-25,Russia,NA,Khabarovsk Krai,1328302,28,0,379,0
2020-04-26,Russia,NA,Khabarovsk Krai,1328302,27,0,406,0
2020-04-27,Russia,NA,Khabarovsk Krai,1328302,33,0,439,0
2020-04-28,Russia,NA,Khabarovsk Krai,1328302,28,0,467,0
2020-04-29,Russia,NA,Khabarovsk Krai,1328302,31,0,498,0
2020-04-30,Russia,NA,Khabarovsk Krai,1328302,38,0,536,0
2020-05-01,Russia,NA,Khabarovsk Krai,1328302,30,0,566,0
2020-05-02,Russia,NA,Khabarovsk Krai,1328302,29,0,595,0
2020-05-03,Russia,NA,Khabarovsk Krai,1328302,34,0,629,0
2020-05-04,Russia,NA,Khabarovsk Krai,1328302,39,0,668,0
2020-05-05,Russia,NA,Khabarovsk Krai,1328302,31,0,699,0
2020-05-06,Russia,NA,Khabarovsk Krai,1328302,39,0,738,0
2020-05-07,Russia,NA,Khabarovsk Krai,1328302,43,0,781,0
2020-05-08,Russia,NA,Khabarovsk Krai,1328302,40,0,821,0
2020-05-09,Russia,NA,Khabarovsk Krai,1328302,41,0,862,0
2020-05-10,Russia,NA,Khabarovsk Krai,1328302,34,0,896,0
2020-05-11,Russia,NA,Khabarovsk Krai,1328302,39,0,935,0
2020-05-12,Russia,NA,Khabarovsk Krai,1328302,42,0,977,0
2020-05-13,Russia,NA,Khabarovsk Krai,1328302,46,0,1023,0
2020-05-14,Russia,NA,Khabarovsk Krai,1328302,51,0,1074,0
2020-05-15,Russia,NA,Khabarovsk Krai,1328302,52,0,1126,0
2020-05-16,Russia,NA,Khabarovsk Krai,1328302,50,0,1176,0
2020-05-17,Russia,NA,Khabarovsk Krai,1328302,47,0,1223,0
2020-05-18,Russia,NA,Khabarovsk Krai,1328302,50,0,1273,0
2020-05-19,Russia,NA,Khabarovsk Krai,1328302,52,0,1325,0
2020-05-20,Russia,NA,Khabarovsk Krai,1328302,55,0,1380,0
2020-05-21,Russia,NA,Khabarovsk Krai,1328302,64,0,1444,0
2020-05-22,Russia,NA,Khabarovsk Krai,1328302,65,0,1509,0
2020-05-23,Russia,NA,Khabarovsk Krai,1328302,63,0,1572,0
2020-05-24,Russia,NA,Khabarovsk Krai,1328302,61,0,1633,0
2020-05-25,Russia,NA,Khabarovsk Krai,1328302,65,0,1698,0
2020-05-26,Russia,NA,Khabarovsk Krai,1328302,62,0,1760,0
2020-05-27,Russia,NA,Khabarovsk Krai,1328302,67,0,1827,0
2020-05-28,Russia,NA,Khabarovsk Krai,1328302,63,0,1890,0
2020-05-29,Russia,NA,Khabarovsk Krai,1328302,69,0,1959,0
2020-05-30,Russia,NA,Khabarovsk Krai,1328302,59,0,2018,0
2020-05-31,Russia,NA,Khabarovsk Krai,1328302,63,0,2081,0
2020-06-01,Russia,NA,Khabarovsk Krai,1328302,61,0,2142,0
2020-06-02,Russia,NA,Khabarovsk Krai,1328302,67,0,2209,0
2020-06-03,Russia,NA,Khabarovsk Krai,1328302,64,0,2273,0
2020-06-04,Russia,NA,Khabarovsk Krai,1328302,60,0,2333,0
2020-06-05,Russia,NA,Khabarovsk Krai,1328302,65,0,2398,0
2020-06-06,Russia,NA,Khabarovsk Krai,1328302,70,0,2468,0
2020-06-07,Russia,NA,Khabarovsk Krai,1328302,69,0,2537,0
2020-06-08,Russia,NA,Khabarovsk Krai,1328302,59,0,2596,0
2020-06-09,Russia,NA,Khabarovsk Krai,1328302,65,0,2661,0
2020-06-10,Russia,NA,Khabarovsk Krai,1328302,72,0,2733,0
2020-06-11,Russia,NA,Khabarovsk Krai,1328302,71,0,2804,0
2020-06-12,Russia,NA,Khabarovsk Krai,1328302,65,0,2869,0
2020-06-13,Russia,NA,Khabarovsk Krai,1328302,69,0,2938,0
2020-06-14,Russia,NA,Khabarovsk Krai,1328302,71,0,3009,0
2020-06-15,Russia,NA,Khabarovsk Krai,1328302,74,0,3083,0
2020-06-16,Russia,NA,Khabarovsk Krai,1328302,70,0,3153,0
2020-06-17,Russia,NA,Khabarovsk Krai,1328302,73,0,3226,0
2020-06-18,Russia,NA,Khabarovsk Krai,1328302,68,0,3294,0
2020-06-19,Russia,NA,Khabarovsk Krai,1328302,78,0,3372,0
2020-06-20,Russia,NA,Khabarovsk Krai,1328302,75,0,3447,0
2020-06-21,Russia,NA,Khabarovsk Krai,1328302,77,0,3524,0
2020-06-22,Russia,NA,Khabarovsk Krai,1328302,66,0,3590,0
2020-06-23,Russia,NA,Khabarovsk Krai,1328302,79,0,3669,0
2020-06-24,Russia,NA,Khabarovsk Krai,1328302,83,0,3752,0
2020-06-25,Russia,NA,Khabarovsk Krai,1328302,72,0,3824,0
2020-06-26,Russia,NA,Khabarovsk Krai,1328302,75,0,3899,0
2020-06-27,Russia,NA,Khabarovsk Krai,1328302,79,0,3978,0
2020-06-28,Russia,NA,Khabarovsk Krai,1328302,85,0,4063,0
2020-06-29,Russia,NA,Khabarovsk Krai,1328302,77,0,4140,0
2020-06-30,Russia,NA,Khabarovsk Krai,1328302,81,0,4221,0
2020-07-01,Russia,NA,Khabarovsk Krai,1328302,79,0,4300,0
2020-07-02,Russia,NA,Khabarovsk Krai,1328302,86,0,4386,0
2020-07-03,Russia,NA,Khabarovsk Krai,1328302,95,0,4481,0
2020-07-04,Russia,NA,Khabarovsk Krai,1328302,74,0,4555,0
2020-07-05,Russia,NA,Khabarovsk Krai,1328302,89,0,4644,0
2020-07-06,Russia,NA,Khabarovsk Krai,1328302,82,0,4726,0
2020-07-07,Russia,NA,Khabarovsk Krai,1328302,94,0,4820,0
2020-07-08,Russia,NA,Khabarovsk Krai,1328302,98,0,4918,0
2020-07-09,Russia,NA,Khabarovsk Krai,1328302,96,0,5014,0
2020-07-10,Russia,NA,Khabarovsk Krai,1328302,100,0,5114,0
2020-07-11,Russia,NA,Khabarovsk Krai,1328302,103,0,5217,0
2020-07-12,Russia,NA,Khabarovsk Krai,1328302,94,0,5311,0
2020-07-13,Russia,NA,Khabarovsk Krai,1328302,121,0,5432,0
2020-07-14,Russia,NA,Khabarovsk Krai,1328302,107,0,5539,0
2020-07-15,Russia,NA,Khabarovsk Krai,1328302,98,0,5637,0
2020-07-16,Russia,NA,Khabarovsk Krai,1328302,117,0,5754,0
2020-07-17,Russia,NA,Khabarovsk Krai,1328302,119,0,5873,0
2020-07-18,Russia,NA,Khabarovsk Krai,1328302,113,0,5986,0
2020-07-19,Russia,NA,Khabarovsk Krai,1328302,102,0,6088,0
2020-07-20,Russia,NA,Khabarovsk Krai,1328302,120,0,6208,0
2020-07-21,Russia,NA,Khabarovsk Krai,1328302,126,0,6334,0
2020-07-22,Russia,NA,Khabarovsk Krai,1328302,123,0,6457,0
2020-07-23,Russia,NA,Khabarovsk Krai,1328302,127,0,6584,0
2020-07-24,Russia,NA,Khabarovsk Krai,1328302,130,0,6714,0
2020-07-25,Russia,NA,Khabarovsk Krai,1328302,137,0,6851,0
2020-07-26,Russia,NA,Khabarovsk Krai,1328302,122,0,6973,0
2020-07-27,Russia,NA,Khabarovsk Krai,1328302,118,0,7091,0
2020-07-28,Russia,NA,Khabarovsk Krai,1328302,101,0,7192,0
2020-07-29,Russia,NA,Khabarovsk Krai,1328302,120,0,7312,0
2020-07-30,Russia,NA,Khabarovsk Krai,1328302,116,0,7428,0
2020-07-31,Russia,NA,Khabarovsk Krai,1328302,112,0,7540,0
2020-08-01,Russia,NA,Khabarovsk Krai,1328302,110,0,7650,0
2020-08-02,Russia,NA,Khabarovsk Krai,1328302,109,0,7759,61
2020-08-03,Russia,NA,Khabarovsk Krai,1328302,102,2,7861,63
2020-08-04,Russia,NA,Khabarovsk Krai,1328302,100,2,7961,65
2020-08-05,Russia,NA,Khabarovsk Krai,1328302,97,2,8058,67
2020-08-06,Russia,NA,Khabarovsk Krai,1328302,120,2,8178,69
2020-08-07,Russia,NA,Khabarovsk Krai,1328302,102,2,8280,71
2020-08-08,Russia,NA,Khabarovsk Krai,1328302,98,2,8378,73
2020-08-09,Russia,NA,Khabarovsk Krai,1328302,91,0,8469,73
2020-08-10,Russia,NA,Khabarovsk Krai,1328302,87,0,8556,73
2020-08-11,Russia,NA,Khabarovsk Krai,1328302,78,0,8634,73
2020-08-12,Russia,NA,Khabarovsk Krai,1328302,89,2,8723,75
2020-08-13,Russia,NA,Khabarovsk Krai,1328302,81,1,8804,76
2020-08-14,Russia,NA,Khabarovsk Krai,1328302,70,1,8874,77
2020-08-15,Russia,NA,Khabarovsk Krai,1328302,76,2,8950,79
2020-08-16,Russia,NA,Khabarovsk Krai,1328302,64,0,9014,79
2020-08-17,Russia,NA,Khabarovsk Krai,1328302,72,2,9086,81
2020-08-18,Russia,NA,Khabarovsk Krai,1328302,73,2,9159,83
2020-08-19,Russia,NA,Khabarovsk Krai,1328302,70,0,9229,83
2020-08-20,Russia,NA,Khabarovsk Krai,1328302,75,0,9304,83
2020-08-21,Russia,NA,Khabarovsk Krai,1328302,71,0,9375,83
2020-08-22,Russia,NA,Khabarovsk Krai,1328302,68,0,9443,83
2020-08-23,Russia,NA,Khabarovsk Krai,1328302,82,0,9525,83
2020-08-24,Russia,NA,Khabarovsk Krai,1328302,68,0,9593,83
2020-08-25,Russia,NA,Khabarovsk Krai,1328302,125,1,9718,84
2020-08-26,Russia,NA,Khabarovsk Krai,1328302,77,1,9795,85
2020-08-27,Russia,NA,Khabarovsk Krai,1328302,65,1,9860,86
2020-08-28,Russia,NA,Khabarovsk Krai,1328302,50,1,9910,87
2020-08-29,Russia,NA,Khabarovsk Krai,1328302,62,0,9972,87
2020-08-30,Russia,NA,Khabarovsk Krai,1328302,61,2,10033,89
2020-08-31,Russia,NA,Khabarovsk Krai,1328302,68,1,10101,90
2020-04-24,Russia,NA,Khakassia,537513,3,0,102,0
2020-04-25,Russia,NA,Khakassia,537513,49,0,151,0
2020-04-26,Russia,NA,Khakassia,537513,25,0,176,0
2020-04-27,Russia,NA,Khakassia,537513,8,0,184,0
2020-04-28,Russia,NA,Khakassia,537513,22,0,206,0
2020-04-29,Russia,NA,Khakassia,537513,22,0,228,0
2020-04-30,Russia,NA,Khakassia,537513,4,0,232,0
2020-05-01,Russia,NA,Khakassia,537513,25,0,257,0
2020-05-02,Russia,NA,Khakassia,537513,9,0,266,0
2020-05-03,Russia,NA,Khakassia,537513,6,0,272,0
2020-05-04,Russia,NA,Khakassia,537513,30,0,302,0
2020-05-05,Russia,NA,Khakassia,537513,16,0,318,0
2020-05-06,Russia,NA,Khakassia,537513,22,0,340,0
2020-05-07,Russia,NA,Khakassia,537513,12,0,352,0
2020-05-08,Russia,NA,Khakassia,537513,15,0,367,0
2020-05-09,Russia,NA,Khakassia,537513,36,0,403,0
2020-05-10,Russia,NA,Khakassia,537513,22,0,425,0
2020-05-11,Russia,NA,Khakassia,537513,41,0,466,0
2020-05-12,Russia,NA,Khakassia,537513,37,0,503,0
2020-05-13,Russia,NA,Khakassia,537513,21,0,524,0
2020-05-14,Russia,NA,Khakassia,537513,8,0,532,0
2020-05-15,Russia,NA,Khakassia,537513,25,0,557,0
2020-05-16,Russia,NA,Khakassia,537513,38,0,595,0
2020-05-17,Russia,NA,Khakassia,537513,23,0,618,0
2020-05-18,Russia,NA,Khakassia,537513,24,0,642,0
2020-05-19,Russia,NA,Khakassia,537513,25,0,667,0
2020-05-20,Russia,NA,Khakassia,537513,28,0,695,0
2020-05-21,Russia,NA,Khakassia,537513,29,0,724,0
2020-05-22,Russia,NA,Khakassia,537513,23,0,747,0
2020-05-23,Russia,NA,Khakassia,537513,31,0,778,0
2020-05-24,Russia,NA,Khakassia,537513,11,0,789,0
2020-05-25,Russia,NA,Khakassia,537513,24,0,813,0
2020-05-26,Russia,NA,Khakassia,537513,23,0,836,0
2020-05-27,Russia,NA,Khakassia,537513,20,0,856,0
2020-05-28,Russia,NA,Khakassia,537513,22,0,878,0
2020-05-29,Russia,NA,Khakassia,537513,32,0,910,0
2020-05-30,Russia,NA,Khakassia,537513,30,0,940,0
2020-05-31,Russia,NA,Khakassia,537513,24,0,964,0
2020-06-01,Russia,NA,Khakassia,537513,21,0,985,0
2020-06-02,Russia,NA,Khakassia,537513,35,0,1020,0
2020-06-03,Russia,NA,Khakassia,537513,32,0,1052,0
2020-06-04,Russia,NA,Khakassia,537513,25,0,1077,0
2020-06-05,Russia,NA,Khakassia,537513,25,0,1102,0
2020-06-06,Russia,NA,Khakassia,537513,9,0,1111,0
2020-06-07,Russia,NA,Khakassia,537513,17,0,1128,0
2020-06-08,Russia,NA,Khakassia,537513,13,0,1141,0
2020-06-09,Russia,NA,Khakassia,537513,24,0,1165,0
2020-06-10,Russia,NA,Khakassia,537513,26,0,1191,0
2020-06-11,Russia,NA,Khakassia,537513,38,0,1229,0
2020-06-12,Russia,NA,Khakassia,537513,37,0,1266,0
2020-06-13,Russia,NA,Khakassia,537513,33,0,1299,0
2020-06-14,Russia,NA,Khakassia,537513,33,0,1332,0
2020-06-15,Russia,NA,Khakassia,537513,24,0,1356,0
2020-06-16,Russia,NA,Khakassia,537513,25,0,1381,0
2020-06-17,Russia,NA,Khakassia,537513,28,0,1409,0
2020-06-18,Russia,NA,Khakassia,537513,35,0,1444,0
2020-06-19,Russia,NA,Khakassia,537513,46,0,1490,0
2020-06-20,Russia,NA,Khakassia,537513,47,0,1537,0
2020-06-21,Russia,NA,Khakassia,537513,46,0,1583,0
2020-06-22,Russia,NA,Khakassia,537513,29,0,1612,0
2020-06-23,Russia,NA,Khakassia,537513,19,0,1631,0
2020-06-24,Russia,NA,Khakassia,537513,30,0,1661,0
2020-06-25,Russia,NA,Khakassia,537513,35,0,1696,0
2020-06-26,Russia,NA,Khakassia,537513,39,0,1735,0
2020-06-27,Russia,NA,Khakassia,537513,36,0,1771,0
2020-06-28,Russia,NA,Khakassia,537513,41,0,1812,0
2020-06-29,Russia,NA,Khakassia,537513,32,0,1844,0
2020-06-30,Russia,NA,Khakassia,537513,28,0,1872,0
2020-07-01,Russia,NA,Khakassia,537513,32,0,1904,0
2020-07-02,Russia,NA,Khakassia,537513,31,0,1935,0
2020-07-03,Russia,NA,Khakassia,537513,38,0,1973,0
2020-07-04,Russia,NA,Khakassia,537513,40,0,2013,0
2020-07-05,Russia,NA,Khakassia,537513,42,0,2055,0
2020-07-06,Russia,NA,Khakassia,537513,28,0,2083,0
2020-07-07,Russia,NA,Khakassia,537513,26,0,2109,0
2020-07-08,Russia,NA,Khakassia,537513,33,0,2142,0
2020-07-09,Russia,NA,Khakassia,537513,45,0,2187,0
2020-07-10,Russia,NA,Khakassia,537513,49,0,2236,0
2020-07-11,Russia,NA,Khakassia,537513,49,0,2285,0
2020-07-12,Russia,NA,Khakassia,537513,44,0,2329,0
2020-07-13,Russia,NA,Khakassia,537513,45,0,2374,0
2020-07-14,Russia,NA,Khakassia,537513,41,0,2415,0
2020-07-15,Russia,NA,Khakassia,537513,35,0,2450,0
2020-07-16,Russia,NA,Khakassia,537513,34,0,2484,0
2020-07-17,Russia,NA,Khakassia,537513,36,0,2520,0
2020-07-18,Russia,NA,Khakassia,537513,38,0,2558,0
2020-07-19,Russia,NA,Khakassia,537513,37,0,2595,0
2020-07-20,Russia,NA,Khakassia,537513,33,0,2628,0
2020-07-21,Russia,NA,Khakassia,537513,21,0,2649,0
2020-07-22,Russia,NA,Khakassia,537513,19,0,2668,0
2020-07-23,Russia,NA,Khakassia,537513,21,0,2689,0
2020-07-24,Russia,NA,Khakassia,537513,20,0,2709,0
2020-07-25,Russia,NA,Khakassia,537513,21,0,2730,0
2020-07-26,Russia,NA,Khakassia,537513,19,0,2749,0
2020-07-27,Russia,NA,Khakassia,537513,20,0,2769,0
2020-07-28,Russia,NA,Khakassia,537513,17,0,2786,0
2020-07-29,Russia,NA,Khakassia,537513,16,0,2802,0
2020-07-30,Russia,NA,Khakassia,537513,16,0,2818,0
2020-07-31,Russia,NA,Khakassia,537513,18,0,2836,0
2020-08-01,Russia,NA,Khakassia,537513,19,0,2855,0
2020-08-02,Russia,NA,Khakassia,537513,21,0,2876,32
2020-08-03,Russia,NA,Khakassia,537513,23,0,2899,32
2020-08-04,Russia,NA,Khakassia,537513,23,0,2922,32
2020-08-05,Russia,NA,Khakassia,537513,22,0,2944,32
2020-08-06,Russia,NA,Khakassia,537513,21,1,2965,33
2020-08-07,Russia,NA,Khakassia,537513,19,0,2984,33
2020-08-08,Russia,NA,Khakassia,537513,18,2,3002,35
2020-08-09,Russia,NA,Khakassia,537513,17,0,3019,35
2020-08-10,Russia,NA,Khakassia,537513,17,0,3036,35
2020-08-11,Russia,NA,Khakassia,537513,16,0,3052,35
2020-08-12,Russia,NA,Khakassia,537513,19,2,3071,37
2020-08-13,Russia,NA,Khakassia,537513,18,0,3089,37
2020-08-14,Russia,NA,Khakassia,537513,18,0,3107,37
2020-08-15,Russia,NA,Khakassia,537513,19,0,3126,37
2020-08-16,Russia,NA,Khakassia,537513,18,0,3144,37
2020-08-17,Russia,NA,Khakassia,537513,17,0,3161,37
2020-08-18,Russia,NA,Khakassia,537513,16,0,3177,37
2020-08-19,Russia,NA,Khakassia,537513,18,1,3195,38
2020-08-20,Russia,NA,Khakassia,537513,19,1,3214,39
2020-08-21,Russia,NA,Khakassia,537513,20,0,3234,39
2020-08-22,Russia,NA,Khakassia,537513,19,0,3253,39
2020-08-23,Russia,NA,Khakassia,537513,18,0,3271,39
2020-08-24,Russia,NA,Khakassia,537513,18,0,3289,39
2020-08-25,Russia,NA,Khakassia,537513,19,0,3308,39
2020-08-26,Russia,NA,Khakassia,537513,18,0,3326,39
2020-08-27,Russia,NA,Khakassia,537513,19,2,3345,41
2020-08-28,Russia,NA,Khakassia,537513,17,1,3362,42
2020-08-29,Russia,NA,Khakassia,537513,17,0,3379,42
2020-08-30,Russia,NA,Khakassia,537513,17,0,3396,42
2020-08-31,Russia,NA,Khakassia,537513,19,0,3415,42
2020-04-16,Russia,NA,Khanty-Mansi Avtonomnyy Okrug,1625501,39,0,110,0
2020-04-17,Russia,NA,Khanty-Mansi Avtonomnyy Okrug,1625501,18,0,128,0
2020-04-18,Russia,NA,Khanty-Mansi Avtonomnyy Okrug,1625501,33,0,161,0
2020-04-19,Russia,NA,Khanty-Mansi Avtonomnyy Okrug,1625501,14,0,175,0
2020-04-20,Russia,NA,Khanty-Mansi Avtonomnyy Okrug,1625501,13,0,188,0
2020-04-21,Russia,NA,Khanty-Mansi Avtonomnyy Okrug,1625501,9,0,197,0
2020-04-22,Russia,NA,Khanty-Mansi Avtonomnyy Okrug,1625501,6,0,203,0
2020-04-23,Russia,NA,Khanty-Mansi Avtonomnyy Okrug,1625501,12,0,215,0
2020-04-24,Russia,NA,Khanty-Mansi Avtonomnyy Okrug,1625501,2,0,217,0
2020-04-25,Russia,NA,Khanty-Mansi Avtonomnyy Okrug,1625501,16,0,233,0
2020-04-26,Russia,NA,Khanty-Mansi Avtonomnyy Okrug,1625501,41,0,274,0
2020-04-27,Russia,NA,Khanty-Mansi Avtonomnyy Okrug,1625501,23,0,297,0
2020-04-28,Russia,NA,Khanty-Mansi Avtonomnyy Okrug,1625501,41,0,338,0
2020-04-29,Russia,NA,Khanty-Mansi Avtonomnyy Okrug,1625501,28,0,366,0
2020-04-30,Russia,NA,Khanty-Mansi Avtonomnyy Okrug,1625501,21,0,387,0
2020-05-01,Russia,NA,Khanty-Mansi Avtonomnyy Okrug,1625501,18,0,405,0
2020-05-02,Russia,NA,Khanty-Mansi Avtonomnyy Okrug,1625501,9,0,414,0
2020-05-03,Russia,NA,Khanty-Mansi Avtonomnyy Okrug,1625501,35,0,449,0
2020-05-04,Russia,NA,Khanty-Mansi Avtonomnyy Okrug,1625501,18,0,467,0
2020-05-05,Russia,NA,Khanty-Mansi Avtonomnyy Okrug,1625501,41,0,508,0
2020-05-06,Russia,NA,Khanty-Mansi Avtonomnyy Okrug,1625501,29,0,537,0
2020-05-07,Russia,NA,Khanty-Mansi Avtonomnyy Okrug,1625501,14,0,551,0
2020-05-08,Russia,NA,Khanty-Mansi Avtonomnyy Okrug,1625501,32,0,583,0
2020-05-09,Russia,NA,Khanty-Mansi Avtonomnyy Okrug,1625501,43,0,626,0
2020-05-10,Russia,NA,Khanty-Mansi Avtonomnyy Okrug,1625501,67,0,693,0
2020-05-11,Russia,NA,Khanty-Mansi Avtonomnyy Okrug,1625501,84,0,777,0
2020-05-12,Russia,NA,Khanty-Mansi Avtonomnyy Okrug,1625501,45,0,822,0
2020-05-13,Russia,NA,Khanty-Mansi Avtonomnyy Okrug,1625501,43,0,865,0
2020-05-14,Russia,NA,Khanty-Mansi Avtonomnyy Okrug,1625501,61,0,926,0
2020-05-15,Russia,NA,Khanty-Mansi Avtonomnyy Okrug,1625501,39,0,965,0
2020-05-16,Russia,NA,Khanty-Mansi Avtonomnyy Okrug,1625501,83,0,1048,0
2020-05-17,Russia,NA,Khanty-Mansi Avtonomnyy Okrug,1625501,118,0,1166,0
2020-05-18,Russia,NA,Khanty-Mansi Avtonomnyy Okrug,1625501,86,0,1252,0
2020-05-19,Russia,NA,Khanty-Mansi Avtonomnyy Okrug,1625501,56,0,1308,0
2020-05-20,Russia,NA,Khanty-Mansi Avtonomnyy Okrug,1625501,63,0,1371,0
2020-05-21,Russia,NA,Khanty-Mansi Avtonomnyy Okrug,1625501,59,0,1430,0
2020-05-22,Russia,NA,Khanty-Mansi Avtonomnyy Okrug,1625501,80,0,1510,0
2020-05-23,Russia,NA,Khanty-Mansi Avtonomnyy Okrug,1625501,58,0,1568,0
2020-05-24,Russia,NA,Khanty-Mansi Avtonomnyy Okrug,1625501,102,0,1670,0
2020-05-25,Russia,NA,Khanty-Mansi Avtonomnyy Okrug,1625501,85,0,1755,0
2020-05-26,Russia,NA,Khanty-Mansi Avtonomnyy Okrug,1625501,94,0,1849,0
2020-05-27,Russia,NA,Khanty-Mansi Avtonomnyy Okrug,1625501,75,0,1924,0
2020-05-28,Russia,NA,Khanty-Mansi Avtonomnyy Okrug,1625501,104,0,2028,0
2020-05-29,Russia,NA,Khanty-Mansi Avtonomnyy Okrug,1625501,105,0,2133,0
2020-05-30,Russia,NA,Khanty-Mansi Avtonomnyy Okrug,1625501,167,0,2300,0
2020-05-31,Russia,NA,Khanty-Mansi Avtonomnyy Okrug,1625501,136,0,2436,0
2020-06-01,Russia,NA,Khanty-Mansi Avtonomnyy Okrug,1625501,151,0,2587,0
2020-06-02,Russia,NA,Khanty-Mansi Avtonomnyy Okrug,1625501,149,0,2736,0
2020-06-03,Russia,NA,Khanty-Mansi Avtonomnyy Okrug,1625501,111,0,2847,0
2020-06-04,Russia,NA,Khanty-Mansi Avtonomnyy Okrug,1625501,140,0,2987,0
2020-06-05,Russia,NA,Khanty-Mansi Avtonomnyy Okrug,1625501,117,0,3104,0
2020-06-06,Russia,NA,Khanty-Mansi Avtonomnyy Okrug,1625501,127,0,3231,0
2020-06-07,Russia,NA,Khanty-Mansi Avtonomnyy Okrug,1625501,115,0,3346,0
2020-06-08,Russia,NA,Khanty-Mansi Avtonomnyy Okrug,1625501,129,0,3475,0
2020-06-09,Russia,NA,Khanty-Mansi Avtonomnyy Okrug,1625501,149,0,3624,0
2020-06-10,Russia,NA,Khanty-Mansi Avtonomnyy Okrug,1625501,197,0,3821,0
2020-06-11,Russia,NA,Khanty-Mansi Avtonomnyy Okrug,1625501,186,0,4007,0
2020-06-12,Russia,NA,Khanty-Mansi Avtonomnyy Okrug,1625501,150,0,4157,0
2020-06-13,Russia,NA,Khanty-Mansi Avtonomnyy Okrug,1625501,183,0,4340,0
2020-06-14,Russia,NA,Khanty-Mansi Avtonomnyy Okrug,1625501,229,0,4569,0
2020-06-15,Russia,NA,Khanty-Mansi Avtonomnyy Okrug,1625501,184,0,4753,0
2020-06-16,Russia,NA,Khanty-Mansi Avtonomnyy Okrug,1625501,220,0,4973,0
2020-06-17,Russia,NA,Khanty-Mansi Avtonomnyy Okrug,1625501,237,0,5210,0
2020-06-18,Russia,NA,Khanty-Mansi Avtonomnyy Okrug,1625501,243,0,5453,0
2020-06-19,Russia,NA,Khanty-Mansi Avtonomnyy Okrug,1625501,259,0,5712,0
2020-06-20,Russia,NA,Khanty-Mansi Avtonomnyy Okrug,1625501,280,0,5992,0
2020-06-21,Russia,NA,Khanty-Mansi Avtonomnyy Okrug,1625501,294,0,6286,0
2020-06-22,Russia,NA,Khanty-Mansi Avtonomnyy Okrug,1625501,295,0,6581,0
2020-06-23,Russia,NA,Khanty-Mansi Avtonomnyy Okrug,1625501,319,0,6900,0
2020-06-24,Russia,NA,Khanty-Mansi Avtonomnyy Okrug,1625501,323,0,7223,0
2020-06-25,Russia,NA,Khanty-Mansi Avtonomnyy Okrug,1625501,319,0,7542,0
2020-06-26,Russia,NA,Khanty-Mansi Avtonomnyy Okrug,1625501,295,0,7837,0
2020-06-27,Russia,NA,Khanty-Mansi Avtonomnyy Okrug,1625501,280,0,8117,0
2020-06-28,Russia,NA,Khanty-Mansi Avtonomnyy Okrug,1625501,285,0,8402,0
2020-06-29,Russia,NA,Khanty-Mansi Avtonomnyy Okrug,1625501,277,0,8679,0
2020-06-30,Russia,NA,Khanty-Mansi Avtonomnyy Okrug,1625501,279,0,8958,0
2020-07-01,Russia,NA,Khanty-Mansi Avtonomnyy Okrug,1625501,261,0,9219,0
2020-07-02,Russia,NA,Khanty-Mansi Avtonomnyy Okrug,1625501,266,0,9485,0
2020-07-03,Russia,NA,Khanty-Mansi Avtonomnyy Okrug,1625501,271,0,9756,0
2020-07-04,Russia,NA,Khanty-Mansi Avtonomnyy Okrug,1625501,273,0,10029,0
2020-07-05,Russia,NA,Khanty-Mansi Avtonomnyy Okrug,1625501,272,0,10301,0
2020-07-06,Russia,NA,Khanty-Mansi Avtonomnyy Okrug,1625501,289,0,10590,0
2020-07-07,Russia,NA,Khanty-Mansi Avtonomnyy Okrug,1625501,283,0,10873,0
2020-07-08,Russia,NA,Khanty-Mansi Avtonomnyy Okrug,1625501,268,0,11141,0
2020-07-09,Russia,NA,Khanty-Mansi Avtonomnyy Okrug,1625501,265,0,11406,0
2020-07-10,Russia,NA,Khanty-Mansi Avtonomnyy Okrug,1625501,263,0,11669,0
2020-07-11,Russia,NA,Khanty-Mansi Avtonomnyy Okrug,1625501,268,0,11937,0
2020-07-12,Russia,NA,Khanty-Mansi Avtonomnyy Okrug,1625501,267,0,12204,0
2020-07-13,Russia,NA,Khanty-Mansi Avtonomnyy Okrug,1625501,270,0,12474,0
2020-07-14,Russia,NA,Khanty-Mansi Avtonomnyy Okrug,1625501,268,0,12742,0
2020-07-15,Russia,NA,Khanty-Mansi Avtonomnyy Okrug,1625501,251,0,12993,0
2020-07-16,Russia,NA,Khanty-Mansi Avtonomnyy Okrug,1625501,252,0,13245,0
2020-07-17,Russia,NA,Khanty-Mansi Avtonomnyy Okrug,1625501,249,0,13494,0
2020-07-18,Russia,NA,Khanty-Mansi Avtonomnyy Okrug,1625501,247,0,13741,0
2020-07-19,Russia,NA,Khanty-Mansi Avtonomnyy Okrug,1625501,237,0,13978,0
2020-07-20,Russia,NA,Khanty-Mansi Avtonomnyy Okrug,1625501,236,0,14214,0
2020-07-21,Russia,NA,Khanty-Mansi Avtonomnyy Okrug,1625501,228,0,14442,0
2020-07-22,Russia,NA,Khanty-Mansi Avtonomnyy Okrug,1625501,221,0,14663,0
2020-07-23,Russia,NA,Khanty-Mansi Avtonomnyy Okrug,1625501,198,0,14861,0
2020-07-24,Russia,NA,Khanty-Mansi Avtonomnyy Okrug,1625501,196,0,15057,0
2020-07-25,Russia,NA,Khanty-Mansi Avtonomnyy Okrug,1625501,193,0,15250,0
2020-07-26,Russia,NA,Khanty-Mansi Avtonomnyy Okrug,1625501,192,0,15442,0
2020-07-27,Russia,NA,Khanty-Mansi Avtonomnyy Okrug,1625501,188,0,15630,0
2020-07-28,Russia,NA,Khanty-Mansi Avtonomnyy Okrug,1625501,187,0,15817,0
2020-07-29,Russia,NA,Khanty-Mansi Avtonomnyy Okrug,1625501,173,0,15990,0
2020-07-30,Russia,NA,Khanty-Mansi Avtonomnyy Okrug,1625501,172,0,16162,0
2020-07-31,Russia,NA,Khanty-Mansi Avtonomnyy Okrug,1625501,171,0,16333,0
2020-08-01,Russia,NA,Khanty-Mansi Avtonomnyy Okrug,1625501,170,0,16503,0
2020-08-02,Russia,NA,Khanty-Mansi Avtonomnyy Okrug,1625501,168,0,16671,130
2020-08-03,Russia,NA,Khanty-Mansi Avtonomnyy Okrug,1625501,172,1,16843,131
2020-08-04,Russia,NA,Khanty-Mansi Avtonomnyy Okrug,1625501,177,2,17020,133
2020-08-05,Russia,NA,Khanty-Mansi Avtonomnyy Okrug,1625501,169,2,17189,135
2020-08-06,Russia,NA,Khanty-Mansi Avtonomnyy Okrug,1625501,160,1,17349,136
2020-08-07,Russia,NA,Khanty-Mansi Avtonomnyy Okrug,1625501,143,1,17492,137
2020-08-08,Russia,NA,Khanty-Mansi Avtonomnyy Okrug,1625501,127,2,17619,139
2020-08-09,Russia,NA,Khanty-Mansi Avtonomnyy Okrug,1625501,150,1,17769,140
2020-08-10,Russia,NA,Khanty-Mansi Avtonomnyy Okrug,1625501,117,1,17886,141
2020-08-11,Russia,NA,Khanty-Mansi Avtonomnyy Okrug,1625501,108,0,17994,141
2020-08-12,Russia,NA,Khanty-Mansi Avtonomnyy Okrug,1625501,117,2,18111,143
2020-08-13,Russia,NA,Khanty-Mansi Avtonomnyy Okrug,1625501,108,2,18219,145
2020-08-14,Russia,NA,Khanty-Mansi Avtonomnyy Okrug,1625501,106,1,18325,146
2020-08-15,Russia,NA,Khanty-Mansi Avtonomnyy Okrug,1625501,103,2,18428,148
2020-08-16,Russia,NA,Khanty-Mansi Avtonomnyy Okrug,1625501,90,1,18518,149
2020-08-17,Russia,NA,Khanty-Mansi Avtonomnyy Okrug,1625501,74,1,18592,150
2020-08-18,Russia,NA,Khanty-Mansi Avtonomnyy Okrug,1625501,72,1,18664,151
2020-08-19,Russia,NA,Khanty-Mansi Avtonomnyy Okrug,1625501,83,2,18747,153
2020-08-20,Russia,NA,Khanty-Mansi Avtonomnyy Okrug,1625501,84,1,18831,154
2020-08-21,Russia,NA,Khanty-Mansi Avtonomnyy Okrug,1625501,85,1,18916,155
2020-08-22,Russia,NA,Khanty-Mansi Avtonomnyy Okrug,1625501,83,1,18999,156
2020-08-23,Russia,NA,Khanty-Mansi Avtonomnyy Okrug,1625501,77,1,19076,157
2020-08-24,Russia,NA,Khanty-Mansi Avtonomnyy Okrug,1625501,76,1,19152,158
2020-08-25,Russia,NA,Khanty-Mansi Avtonomnyy Okrug,1625501,69,2,19221,160
2020-08-26,Russia,NA,Khanty-Mansi Avtonomnyy Okrug,1625501,64,1,19285,161
2020-08-27,Russia,NA,Khanty-Mansi Avtonomnyy Okrug,1625501,65,1,19350,162
2020-08-28,Russia,NA,Khanty-Mansi Avtonomnyy Okrug,1625501,64,1,19414,163
2020-08-29,Russia,NA,Khanty-Mansi Avtonomnyy Okrug,1625501,64,1,19478,164
2020-08-30,Russia,NA,Khanty-Mansi Avtonomnyy Okrug,1625501,65,1,19543,165
2020-08-31,Russia,NA,Khanty-Mansi Avtonomnyy Okrug,1625501,66,1,19609,166
2020-04-18,Russia,NA,Kirov Oblast,1283238,20,0,111,0
2020-04-19,Russia,NA,Kirov Oblast,1283238,39,0,150,0
2020-04-20,Russia,NA,Kirov Oblast,1283238,19,0,169,0
2020-04-21,Russia,NA,Kirov Oblast,1283238,19,0,188,0
2020-04-22,Russia,NA,Kirov Oblast,1283238,28,0,216,0
2020-04-23,Russia,NA,Kirov Oblast,1283238,24,0,240,0
2020-04-24,Russia,NA,Kirov Oblast,1283238,36,0,276,0
2020-04-25,Russia,NA,Kirov Oblast,1283238,40,0,316,0
2020-04-26,Russia,NA,Kirov Oblast,1283238,46,0,362,0
2020-04-27,Russia,NA,Kirov Oblast,1283238,26,0,388,0
2020-04-28,Russia,NA,Kirov Oblast,1283238,35,0,423,0
2020-04-29,Russia,NA,Kirov Oblast,1283238,43,0,466,0
2020-04-30,Russia,NA,Kirov Oblast,1283238,27,0,493,0
2020-05-01,Russia,NA,Kirov Oblast,1283238,18,0,511,0
2020-05-02,Russia,NA,Kirov Oblast,1283238,32,0,543,0
2020-05-03,Russia,NA,Kirov Oblast,1283238,42,0,585,0
2020-05-04,Russia,NA,Kirov Oblast,1283238,33,0,618,0
2020-05-05,Russia,NA,Kirov Oblast,1283238,26,0,644,0
2020-05-06,Russia,NA,Kirov Oblast,1283238,17,0,661,0
2020-05-07,Russia,NA,Kirov Oblast,1283238,25,0,686,0
2020-05-08,Russia,NA,Kirov Oblast,1283238,32,0,718,0
2020-05-09,Russia,NA,Kirov Oblast,1283238,43,0,761,0
2020-05-10,Russia,NA,Kirov Oblast,1283238,46,0,807,0
2020-05-11,Russia,NA,Kirov Oblast,1283238,28,0,835,0
2020-05-12,Russia,NA,Kirov Oblast,1283238,41,0,876,0
2020-05-13,Russia,NA,Kirov Oblast,1283238,20,0,896,0
2020-05-14,Russia,NA,Kirov Oblast,1283238,15,0,911,0
2020-05-15,Russia,NA,Kirov Oblast,1283238,21,0,932,0
2020-05-16,Russia,NA,Kirov Oblast,1283238,35,0,967,0
2020-05-17,Russia,NA,Kirov Oblast,1283238,34,0,1001,0
2020-05-18,Russia,NA,Kirov Oblast,1283238,7,0,1008,0
2020-05-19,Russia,NA,Kirov Oblast,1283238,12,0,1020,0
2020-05-20,Russia,NA,Kirov Oblast,1283238,44,0,1064,0
2020-05-21,Russia,NA,Kirov Oblast,1283238,27,0,1091,0
2020-05-22,Russia,NA,Kirov Oblast,1283238,70,0,1161,0
2020-05-23,Russia,NA,Kirov Oblast,1283238,30,0,1191,0
2020-05-24,Russia,NA,Kirov Oblast,1283238,68,0,1259,0
2020-05-25,Russia,NA,Kirov Oblast,1283238,64,0,1323,0
2020-05-26,Russia,NA,Kirov Oblast,1283238,47,0,1370,0
2020-05-27,Russia,NA,Kirov Oblast,1283238,68,0,1438,0
2020-05-28,Russia,NA,Kirov Oblast,1283238,57,0,1495,0
2020-05-29,Russia,NA,Kirov Oblast,1283238,56,0,1551,0
2020-05-30,Russia,NA,Kirov Oblast,1283238,78,0,1629,0
2020-05-31,Russia,NA,Kirov Oblast,1283238,54,0,1683,0
2020-06-01,Russia,NA,Kirov Oblast,1283238,68,0,1751,0
2020-06-02,Russia,NA,Kirov Oblast,1283238,77,0,1828,0
2020-06-03,Russia,NA,Kirov Oblast,1283238,76,0,1904,0
2020-06-04,Russia,NA,Kirov Oblast,1283238,63,0,1967,0
2020-06-05,Russia,NA,Kirov Oblast,1283238,75,0,2042,0
2020-06-06,Russia,NA,Kirov Oblast,1283238,79,0,2121,0
2020-06-07,Russia,NA,Kirov Oblast,1283238,61,0,2182,0
2020-06-08,Russia,NA,Kirov Oblast,1283238,78,0,2260,0
2020-06-09,Russia,NA,Kirov Oblast,1283238,40,0,2300,0
2020-06-10,Russia,NA,Kirov Oblast,1283238,60,0,2360,0
2020-06-11,Russia,NA,Kirov Oblast,1283238,61,0,2421,0
2020-06-12,Russia,NA,Kirov Oblast,1283238,58,0,2479,0
2020-06-13,Russia,NA,Kirov Oblast,1283238,29,0,2508,0
2020-06-14,Russia,NA,Kirov Oblast,1283238,39,0,2547,0
2020-06-15,Russia,NA,Kirov Oblast,1283238,53,0,2600,0
2020-06-16,Russia,NA,Kirov Oblast,1283238,48,0,2648,0
2020-06-17,Russia,NA,Kirov Oblast,1283238,45,0,2693,0
2020-06-18,Russia,NA,Kirov Oblast,1283238,41,0,2734,0
2020-06-19,Russia,NA,Kirov Oblast,1283238,43,0,2777,0
2020-06-20,Russia,NA,Kirov Oblast,1283238,43,0,2820,0
2020-06-21,Russia,NA,Kirov Oblast,1283238,49,0,2869,0
2020-06-22,Russia,NA,Kirov Oblast,1283238,47,0,2916,0
2020-06-23,Russia,NA,Kirov Oblast,1283238,36,0,2952,0
2020-06-24,Russia,NA,Kirov Oblast,1283238,34,0,2986,0
2020-06-25,Russia,NA,Kirov Oblast,1283238,40,0,3026,0
2020-06-26,Russia,NA,Kirov Oblast,1283238,50,0,3076,0
2020-06-27,Russia,NA,Kirov Oblast,1283238,41,0,3117,0
2020-06-28,Russia,NA,Kirov Oblast,1283238,31,0,3148,0
2020-06-29,Russia,NA,Kirov Oblast,1283238,31,0,3179,0
2020-06-30,Russia,NA,Kirov Oblast,1283238,35,0,3214,0
2020-07-01,Russia,NA,Kirov Oblast,1283238,32,0,3246,0
2020-07-02,Russia,NA,Kirov Oblast,1283238,30,0,3276,0
2020-07-03,Russia,NA,Kirov Oblast,1283238,45,0,3321,0
2020-07-04,Russia,NA,Kirov Oblast,1283238,33,0,3354,0
2020-07-05,Russia,NA,Kirov Oblast,1283238,50,0,3404,0
2020-07-06,Russia,NA,Kirov Oblast,1283238,55,0,3459,0
2020-07-07,Russia,NA,Kirov Oblast,1283238,53,0,3512,0
2020-07-08,Russia,NA,Kirov Oblast,1283238,45,0,3557,0
2020-07-09,Russia,NA,Kirov Oblast,1283238,57,0,3614,0
2020-07-10,Russia,NA,Kirov Oblast,1283238,55,0,3669,0
2020-07-11,Russia,NA,Kirov Oblast,1283238,58,0,3727,0
2020-07-12,Russia,NA,Kirov Oblast,1283238,52,0,3779,0
2020-07-13,Russia,NA,Kirov Oblast,1283238,54,0,3833,0
2020-07-14,Russia,NA,Kirov Oblast,1283238,44,0,3877,0
2020-07-15,Russia,NA,Kirov Oblast,1283238,56,0,3933,0
2020-07-16,Russia,NA,Kirov Oblast,1283238,57,0,3990,0
2020-07-17,Russia,NA,Kirov Oblast,1283238,56,0,4046,0
2020-07-18,Russia,NA,Kirov Oblast,1283238,45,0,4091,0
2020-07-19,Russia,NA,Kirov Oblast,1283238,51,0,4142,0
2020-07-20,Russia,NA,Kirov Oblast,1283238,56,0,4198,0
2020-07-21,Russia,NA,Kirov Oblast,1283238,58,0,4256,0
2020-07-22,Russia,NA,Kirov Oblast,1283238,46,0,4302,0
2020-07-23,Russia,NA,Kirov Oblast,1283238,47,0,4349,0
2020-07-24,Russia,NA,Kirov Oblast,1283238,55,0,4404,0
2020-07-25,Russia,NA,Kirov Oblast,1283238,58,0,4462,0
2020-07-26,Russia,NA,Kirov Oblast,1283238,49,0,4511,0
2020-07-27,Russia,NA,Kirov Oblast,1283238,59,0,4570,0
2020-07-28,Russia,NA,Kirov Oblast,1283238,47,0,4617,0
2020-07-29,Russia,NA,Kirov Oblast,1283238,48,0,4665,0
2020-07-30,Russia,NA,Kirov Oblast,1283238,58,0,4723,0
2020-07-31,Russia,NA,Kirov Oblast,1283238,66,0,4789,0
2020-08-01,Russia,NA,Kirov Oblast,1283238,50,0,4839,0
2020-08-02,Russia,NA,Kirov Oblast,1283238,49,0,4888,73
2020-08-03,Russia,NA,Kirov Oblast,1283238,64,0,4952,73
2020-08-04,Russia,NA,Kirov Oblast,1283238,61,0,5013,73
2020-08-05,Russia,NA,Kirov Oblast,1283238,33,2,5046,75
2020-08-06,Russia,NA,Kirov Oblast,1283238,49,1,5095,76
2020-08-07,Russia,NA,Kirov Oblast,1283238,58,0,5153,76
2020-08-08,Russia,NA,Kirov Oblast,1283238,60,2,5213,78
2020-08-09,Russia,NA,Kirov Oblast,1283238,48,1,5261,79
2020-08-10,Russia,NA,Kirov Oblast,1283238,50,1,5311,80
2020-08-11,Russia,NA,Kirov Oblast,1283238,41,1,5352,81
2020-08-12,Russia,NA,Kirov Oblast,1283238,56,1,5408,82
2020-08-13,Russia,NA,Kirov Oblast,1283238,55,1,5463,83
2020-08-14,Russia,NA,Kirov Oblast,1283238,62,1,5525,84
2020-08-15,Russia,NA,Kirov Oblast,1283238,54,1,5579,85
2020-08-16,Russia,NA,Kirov Oblast,1283238,52,1,5631,86
2020-08-17,Russia,NA,Kirov Oblast,1283238,63,1,5694,87
2020-08-18,Russia,NA,Kirov Oblast,1283238,51,1,5745,88
2020-08-19,Russia,NA,Kirov Oblast,1283238,57,1,5802,89
2020-08-20,Russia,NA,Kirov Oblast,1283238,60,1,5862,90
2020-08-21,Russia,NA,Kirov Oblast,1283238,64,1,5926,91
2020-08-22,Russia,NA,Kirov Oblast,1283238,60,1,5986,92
2020-08-23,Russia,NA,Kirov Oblast,1283238,61,1,6047,93
2020-08-24,Russia,NA,Kirov Oblast,1283238,63,1,6110,94
2020-08-25,Russia,NA,Kirov Oblast,1283238,63,1,6173,95
2020-08-26,Russia,NA,Kirov Oblast,1283238,62,1,6235,96
2020-08-27,Russia,NA,Kirov Oblast,1283238,63,1,6298,97
2020-08-28,Russia,NA,Kirov Oblast,1283238,63,1,6361,98
2020-08-29,Russia,NA,Kirov Oblast,1283238,65,0,6426,98
2020-08-30,Russia,NA,Kirov Oblast,1283238,64,0,6490,98
2020-08-31,Russia,NA,Kirov Oblast,1283238,65,0,6555,98
2020-04-07,Russia,NA,Komi Republic,840873,11,0,101,0
2020-04-08,Russia,NA,Komi Republic,840873,18,0,119,0
2020-04-09,Russia,NA,Komi Republic,840873,31,0,150,0
2020-04-10,Russia,NA,Komi Republic,840873,58,0,208,0
2020-04-14,Russia,NA,Komi Republic,840873,97,0,305,0
2020-04-15,Russia,NA,Komi Republic,840873,97,0,402,0
2020-04-16,Russia,NA,Komi Republic,840873,39,0,441,0
2020-04-17,Russia,NA,Komi Republic,840873,14,0,455,0
2020-04-18,Russia,NA,Komi Republic,840873,19,0,474,0
2020-04-19,Russia,NA,Komi Republic,840873,7,0,481,0
2020-04-20,Russia,NA,Komi Republic,840873,10,0,491,0
2020-04-21,Russia,NA,Komi Republic,840873,16,0,507,0
2020-04-22,Russia,NA,Komi Republic,840873,20,0,527,0
2020-04-23,Russia,NA,Komi Republic,840873,15,0,542,0
2020-04-24,Russia,NA,Komi Republic,840873,11,0,553,0
2020-04-25,Russia,NA,Komi Republic,840873,8,0,561,0
2020-04-26,Russia,NA,Komi Republic,840873,17,0,578,0
2020-04-27,Russia,NA,Komi Republic,840873,12,0,590,0
2020-04-28,Russia,NA,Komi Republic,840873,7,0,597,0
2020-04-29,Russia,NA,Komi Republic,840873,14,0,611,0
2020-04-30,Russia,NA,Komi Republic,840873,10,0,621,0
2020-05-01,Russia,NA,Komi Republic,840873,28,0,649,0
2020-05-02,Russia,NA,Komi Republic,840873,7,0,656,0
2020-05-03,Russia,NA,Komi Republic,840873,20,0,676,0
2020-05-04,Russia,NA,Komi Republic,840873,6,0,682,0
2020-05-05,Russia,NA,Komi Republic,840873,16,0,698,0
2020-05-06,Russia,NA,Komi Republic,840873,28,0,726,0
2020-05-07,Russia,NA,Komi Republic,840873,56,0,782,0
2020-05-08,Russia,NA,Komi Republic,840873,11,0,793,0
2020-05-09,Russia,NA,Komi Republic,840873,10,0,803,0
2020-05-10,Russia,NA,Komi Republic,840873,20,0,823,0
2020-05-11,Russia,NA,Komi Republic,840873,21,0,844,0
2020-05-12,Russia,NA,Komi Republic,840873,3,0,847,0
2020-05-13,Russia,NA,Komi Republic,840873,12,0,859,0
2020-05-14,Russia,NA,Komi Republic,840873,8,0,867,0
2020-05-15,Russia,NA,Komi Republic,840873,15,0,882,0
2020-05-16,Russia,NA,Komi Republic,840873,29,0,911,0
2020-05-17,Russia,NA,Komi Republic,840873,20,0,931,0
2020-05-18,Russia,NA,Komi Republic,840873,37,0,968,0
2020-05-19,Russia,NA,Komi Republic,840873,39,0,1007,0
2020-05-20,Russia,NA,Komi Republic,840873,12,0,1019,0
2020-05-21,Russia,NA,Komi Republic,840873,13,0,1032,0
2020-05-22,Russia,NA,Komi Republic,840873,35,0,1067,0
2020-05-23,Russia,NA,Komi Republic,840873,38,0,1105,0
2020-05-24,Russia,NA,Komi Republic,840873,24,0,1129,0
2020-05-25,Russia,NA,Komi Republic,840873,6,0,1135,0
2020-05-26,Russia,NA,Komi Republic,840873,9,0,1144,0
2020-05-27,Russia,NA,Komi Republic,840873,44,0,1188,0
2020-05-28,Russia,NA,Komi Republic,840873,50,0,1238,0
2020-05-29,Russia,NA,Komi Republic,840873,24,0,1262,0
2020-05-30,Russia,NA,Komi Republic,840873,31,0,1293,0
2020-05-31,Russia,NA,Komi Republic,840873,29,0,1322,0
2020-06-01,Russia,NA,Komi Republic,840873,30,0,1352,0
2020-06-02,Russia,NA,Komi Republic,840873,41,0,1393,0
2020-06-03,Russia,NA,Komi Republic,840873,33,0,1426,0
2020-06-04,Russia,NA,Komi Republic,840873,29,0,1455,0
2020-06-05,Russia,NA,Komi Republic,840873,25,0,1480,0
2020-06-06,Russia,NA,Komi Republic,840873,38,0,1518,0
2020-06-07,Russia,NA,Komi Republic,840873,46,0,1564,0
2020-06-08,Russia,NA,Komi Republic,840873,36,0,1600,0
2020-06-09,Russia,NA,Komi Republic,840873,26,0,1626,0
2020-06-10,Russia,NA,Komi Republic,840873,67,0,1693,0
2020-06-11,Russia,NA,Komi Republic,840873,111,0,1804,0
2020-06-12,Russia,NA,Komi Republic,840873,125,0,1929,0
2020-06-13,Russia,NA,Komi Republic,840873,156,0,2085,0
2020-06-14,Russia,NA,Komi Republic,840873,181,0,2266,0
2020-06-15,Russia,NA,Komi Republic,840873,86,0,2352,0
2020-06-16,Russia,NA,Komi Republic,840873,85,0,2437,0
2020-06-17,Russia,NA,Komi Republic,840873,54,0,2491,0
2020-06-18,Russia,NA,Komi Republic,840873,82,0,2573,0
2020-06-19,Russia,NA,Komi Republic,840873,114,0,2687,0
2020-06-20,Russia,NA,Komi Republic,840873,57,0,2744,0
2020-06-21,Russia,NA,Komi Republic,840873,61,0,2805,0
2020-06-22,Russia,NA,Komi Republic,840873,59,0,2864,0
2020-06-23,Russia,NA,Komi Republic,840873,62,0,2926,0
2020-06-24,Russia,NA,Komi Republic,840873,60,0,2986,0
2020-06-25,Russia,NA,Komi Republic,840873,64,0,3050,0
2020-06-26,Russia,NA,Komi Republic,840873,58,0,3108,0
2020-06-27,Russia,NA,Komi Republic,840873,65,0,3173,0
2020-06-28,Russia,NA,Komi Republic,840873,114,0,3287,0
2020-06-29,Russia,NA,Komi Republic,840873,69,0,3356,0
2020-06-30,Russia,NA,Komi Republic,840873,53,0,3409,0
2020-07-01,Russia,NA,Komi Republic,840873,54,0,3463,0
2020-07-02,Russia,NA,Komi Republic,840873,50,0,3513,0
2020-07-03,Russia,NA,Komi Republic,840873,64,0,3577,0
2020-07-04,Russia,NA,Komi Republic,840873,63,0,3640,0
2020-07-05,Russia,NA,Komi Republic,840873,55,0,3695,0
2020-07-06,Russia,NA,Komi Republic,840873,67,0,3762,0
2020-07-07,Russia,NA,Komi Republic,840873,104,0,3866,0
2020-07-08,Russia,NA,Komi Republic,840873,83,0,3949,0
2020-07-09,Russia,NA,Komi Republic,840873,79,0,4028,0
2020-07-10,Russia,NA,Komi Republic,840873,79,0,4107,0
2020-07-11,Russia,NA,Komi Republic,840873,72,0,4179,0
2020-07-12,Russia,NA,Komi Republic,840873,70,0,4249,0
2020-07-13,Russia,NA,Komi Republic,840873,59,0,4308,0
2020-07-14,Russia,NA,Komi Republic,840873,58,0,4366,0
2020-07-15,Russia,NA,Komi Republic,840873,50,0,4416,0
2020-07-16,Russia,NA,Komi Republic,840873,53,0,4469,0
2020-07-17,Russia,NA,Komi Republic,840873,73,0,4542,0
2020-07-18,Russia,NA,Komi Republic,840873,68,0,4610,0
2020-07-19,Russia,NA,Komi Republic,840873,70,0,4680,0
2020-07-20,Russia,NA,Komi Republic,840873,81,0,4761,0
2020-07-21,Russia,NA,Komi Republic,840873,58,0,4819,0
2020-07-22,Russia,NA,Komi Republic,840873,47,0,4866,0
2020-07-23,Russia,NA,Komi Republic,840873,45,0,4911,0
2020-07-24,Russia,NA,Komi Republic,840873,53,0,4964,0
2020-07-25,Russia,NA,Komi Republic,840873,70,0,5034,0
2020-07-26,Russia,NA,Komi Republic,840873,66,0,5100,0
2020-07-27,Russia,NA,Komi Republic,840873,44,0,5144,0
2020-07-28,Russia,NA,Komi Republic,840873,41,0,5185,0
2020-07-29,Russia,NA,Komi Republic,840873,36,0,5221,0
2020-07-30,Russia,NA,Komi Republic,840873,38,0,5259,0
2020-07-31,Russia,NA,Komi Republic,840873,44,0,5303,0
2020-08-01,Russia,NA,Komi Republic,840873,48,0,5351,0
2020-08-02,Russia,NA,Komi Republic,840873,45,0,5396,58
2020-08-03,Russia,NA,Komi Republic,840873,51,0,5447,58
2020-08-04,Russia,NA,Komi Republic,840873,36,1,5483,59
2020-08-05,Russia,NA,Komi Republic,840873,47,2,5530,61
2020-08-06,Russia,NA,Komi Republic,840873,37,3,5567,64
2020-08-07,Russia,NA,Komi Republic,840873,52,0,5619,64
2020-08-08,Russia,NA,Komi Republic,840873,59,2,5678,66
2020-08-09,Russia,NA,Komi Republic,840873,60,3,5738,69
2020-08-10,Russia,NA,Komi Republic,840873,78,0,5816,69
2020-08-11,Russia,NA,Komi Republic,840873,55,2,5871,71
2020-08-12,Russia,NA,Komi Republic,840873,52,0,5923,71
2020-08-13,Russia,NA,Komi Republic,840873,45,2,5968,73
2020-08-14,Russia,NA,Komi Republic,840873,43,0,6011,73
2020-08-15,Russia,NA,Komi Republic,840873,41,3,6052,76
2020-08-16,Russia,NA,Komi Republic,840873,31,0,6083,76
2020-08-17,Russia,NA,Komi Republic,840873,34,0,6117,76
2020-08-18,Russia,NA,Komi Republic,840873,31,0,6148,76
2020-08-19,Russia,NA,Komi Republic,840873,43,0,6191,76
2020-08-20,Russia,NA,Komi Republic,840873,33,0,6224,76
2020-08-21,Russia,NA,Komi Republic,840873,37,1,6261,77
2020-08-22,Russia,NA,Komi Republic,840873,33,1,6294,78
2020-08-23,Russia,NA,Komi Republic,840873,36,1,6330,79
2020-08-24,Russia,NA,Komi Republic,840873,40,0,6370,79
2020-08-25,Russia,NA,Komi Republic,840873,37,0,6407,79
2020-08-26,Russia,NA,Komi Republic,840873,22,4,6429,83
2020-08-27,Russia,NA,Komi Republic,840873,24,0,6453,83
2020-08-28,Russia,NA,Komi Republic,840873,27,1,6480,84
2020-08-29,Russia,NA,Komi Republic,840873,24,1,6504,85
2020-08-30,Russia,NA,Komi Republic,840873,29,0,6533,85
2020-08-31,Russia,NA,Komi Republic,840873,30,0,6563,85
2020-04-23,Russia,NA,Kostroma Oblast,643324,16,0,105,0
2020-04-24,Russia,NA,Kostroma Oblast,643324,16,0,121,0
2020-04-25,Russia,NA,Kostroma Oblast,643324,17,0,138,0
2020-04-26,Russia,NA,Kostroma Oblast,643324,11,0,149,0
2020-04-27,Russia,NA,Kostroma Oblast,643324,10,0,159,0
2020-04-28,Russia,NA,Kostroma Oblast,643324,22,0,181,0
2020-04-29,Russia,NA,Kostroma Oblast,643324,13,0,194,0
2020-04-30,Russia,NA,Kostroma Oblast,643324,18,0,212,0
2020-05-01,Russia,NA,Kostroma Oblast,643324,16,0,228,0
2020-05-02,Russia,NA,Kostroma Oblast,643324,14,0,242,0
2020-05-03,Russia,NA,Kostroma Oblast,643324,12,0,254,0
2020-05-04,Russia,NA,Kostroma Oblast,643324,13,0,267,0
2020-05-05,Russia,NA,Kostroma Oblast,643324,12,0,279,0
2020-05-06,Russia,NA,Kostroma Oblast,643324,15,0,294,0
2020-05-07,Russia,NA,Kostroma Oblast,643324,18,0,312,0
2020-05-08,Russia,NA,Kostroma Oblast,643324,22,0,334,0
2020-05-09,Russia,NA,Kostroma Oblast,643324,10,0,344,0
2020-05-10,Russia,NA,Kostroma Oblast,643324,14,0,358,0
2020-05-11,Russia,NA,Kostroma Oblast,643324,15,0,373,0
2020-05-12,Russia,NA,Kostroma Oblast,643324,12,0,385,0
2020-05-13,Russia,NA,Kostroma Oblast,643324,18,0,403,0
2020-05-14,Russia,NA,Kostroma Oblast,643324,31,0,434,0
2020-05-15,Russia,NA,Kostroma Oblast,643324,19,0,453,0
2020-05-16,Russia,NA,Kostroma Oblast,643324,8,0,461,0
2020-05-17,Russia,NA,Kostroma Oblast,643324,17,0,478,0
2020-05-18,Russia,NA,Kostroma Oblast,643324,10,0,488,0
2020-05-19,Russia,NA,Kostroma Oblast,643324,13,0,501,0
2020-05-20,Russia,NA,Kostroma Oblast,643324,16,0,517,0
2020-05-21,Russia,NA,Kostroma Oblast,643324,11,0,528,0
2020-05-22,Russia,NA,Kostroma Oblast,643324,13,0,541,0
2020-05-23,Russia,NA,Kostroma Oblast,643324,20,0,561,0
2020-05-24,Russia,NA,Kostroma Oblast,643324,7,0,568,0
2020-05-25,Russia,NA,Kostroma Oblast,643324,13,0,581,0
2020-05-26,Russia,NA,Kostroma Oblast,643324,21,0,602,0
2020-05-27,Russia,NA,Kostroma Oblast,643324,16,0,618,0
2020-05-28,Russia,NA,Kostroma Oblast,643324,39,0,657,0
2020-05-29,Russia,NA,Kostroma Oblast,643324,35,0,692,0
2020-05-30,Russia,NA,Kostroma Oblast,643324,28,0,720,0
2020-05-31,Russia,NA,Kostroma Oblast,643324,39,0,759,0
2020-06-01,Russia,NA,Kostroma Oblast,643324,14,0,773,0
2020-06-02,Russia,NA,Kostroma Oblast,643324,32,0,805,0
2020-06-03,Russia,NA,Kostroma Oblast,643324,21,0,826,0
2020-06-04,Russia,NA,Kostroma Oblast,643324,17,0,843,0
2020-06-05,Russia,NA,Kostroma Oblast,643324,20,0,863,0
2020-06-06,Russia,NA,Kostroma Oblast,643324,26,0,889,0
2020-06-07,Russia,NA,Kostroma Oblast,643324,13,0,902,0
2020-06-08,Russia,NA,Kostroma Oblast,643324,25,0,927,0
2020-06-09,Russia,NA,Kostroma Oblast,643324,27,0,954,0
2020-06-10,Russia,NA,Kostroma Oblast,643324,24,0,978,0
2020-06-11,Russia,NA,Kostroma Oblast,643324,51,0,1029,0
2020-06-12,Russia,NA,Kostroma Oblast,643324,38,0,1067,0
2020-06-13,Russia,NA,Kostroma Oblast,643324,43,0,1110,0
2020-06-14,Russia,NA,Kostroma Oblast,643324,27,0,1137,0
2020-06-15,Russia,NA,Kostroma Oblast,643324,25,0,1162,0
2020-06-16,Russia,NA,Kostroma Oblast,643324,14,0,1176,0
2020-06-17,Russia,NA,Kostroma Oblast,643324,39,0,1215,0
2020-06-18,Russia,NA,Kostroma Oblast,643324,32,0,1247,0
2020-06-19,Russia,NA,Kostroma Oblast,643324,16,0,1263,0
2020-06-20,Russia,NA,Kostroma Oblast,643324,36,0,1299,0
2020-06-21,Russia,NA,Kostroma Oblast,643324,33,0,1332,0
2020-06-22,Russia,NA,Kostroma Oblast,643324,29,0,1361,0
2020-06-23,Russia,NA,Kostroma Oblast,643324,26,0,1387,0
2020-06-24,Russia,NA,Kostroma Oblast,643324,25,0,1412,0
2020-06-25,Russia,NA,Kostroma Oblast,643324,31,0,1443,0
2020-06-26,Russia,NA,Kostroma Oblast,643324,28,0,1471,0
2020-06-27,Russia,NA,Kostroma Oblast,643324,24,0,1495,0
2020-06-28,Russia,NA,Kostroma Oblast,643324,37,0,1532,0
2020-06-29,Russia,NA,Kostroma Oblast,643324,34,0,1566,0
2020-06-30,Russia,NA,Kostroma Oblast,643324,18,0,1584,0
2020-07-01,Russia,NA,Kostroma Oblast,643324,8,0,1592,0
2020-07-02,Russia,NA,Kostroma Oblast,643324,21,0,1613,0
2020-07-03,Russia,NA,Kostroma Oblast,643324,20,0,1633,0
2020-07-04,Russia,NA,Kostroma Oblast,643324,22,0,1655,0
2020-07-05,Russia,NA,Kostroma Oblast,643324,22,0,1677,0
2020-07-06,Russia,NA,Kostroma Oblast,643324,20,0,1697,0
2020-07-07,Russia,NA,Kostroma Oblast,643324,34,0,1731,0
2020-07-08,Russia,NA,Kostroma Oblast,643324,22,0,1753,0
2020-07-09,Russia,NA,Kostroma Oblast,643324,26,0,1779,0
2020-07-10,Russia,NA,Kostroma Oblast,643324,36,0,1815,0
2020-07-11,Russia,NA,Kostroma Oblast,643324,11,0,1826,0
2020-07-12,Russia,NA,Kostroma Oblast,643324,19,0,1845,0
2020-07-13,Russia,NA,Kostroma Oblast,643324,11,0,1856,0
2020-07-14,Russia,NA,Kostroma Oblast,643324,8,0,1864,0
2020-07-15,Russia,NA,Kostroma Oblast,643324,23,0,1887,0
2020-07-16,Russia,NA,Kostroma Oblast,643324,16,0,1903,0
2020-07-17,Russia,NA,Kostroma Oblast,643324,20,0,1923,0
2020-07-18,Russia,NA,Kostroma Oblast,643324,24,0,1947,0
2020-07-19,Russia,NA,Kostroma Oblast,643324,17,0,1964,0
2020-07-20,Russia,NA,Kostroma Oblast,643324,32,0,1996,0
2020-07-21,Russia,NA,Kostroma Oblast,643324,10,0,2006,0
2020-07-22,Russia,NA,Kostroma Oblast,643324,11,0,2017,0
2020-07-23,Russia,NA,Kostroma Oblast,643324,12,0,2029,0
2020-07-24,Russia,NA,Kostroma Oblast,643324,12,0,2041,0
2020-07-25,Russia,NA,Kostroma Oblast,643324,34,0,2075,0
2020-07-26,Russia,NA,Kostroma Oblast,643324,45,0,2120,0
2020-07-27,Russia,NA,Kostroma Oblast,643324,18,0,2138,0
2020-07-28,Russia,NA,Kostroma Oblast,643324,17,0,2155,0
2020-07-29,Russia,NA,Kostroma Oblast,643324,12,0,2167,0
2020-07-30,Russia,NA,Kostroma Oblast,643324,9,0,2176,0
2020-07-31,Russia,NA,Kostroma Oblast,643324,31,0,2207,0
2020-08-01,Russia,NA,Kostroma Oblast,643324,28,0,2235,0
2020-08-02,Russia,NA,Kostroma Oblast,643324,27,0,2261,26
2020-08-03,Russia,NA,Kostroma Oblast,643324,48,0,2309,26
2020-08-04,Russia,NA,Kostroma Oblast,643324,36,0,2345,26
2020-08-05,Russia,NA,Kostroma Oblast,643324,45,1,2390,27
2020-08-06,Russia,NA,Kostroma Oblast,643324,33,0,2423,27
2020-08-07,Russia,NA,Kostroma Oblast,643324,35,0,2458,27
2020-08-08,Russia,NA,Kostroma Oblast,643324,53,0,2511,27
2020-08-09,Russia,NA,Kostroma Oblast,643324,53,3,2564,30
2020-08-10,Russia,NA,Kostroma Oblast,643324,61,0,2625,30
2020-08-11,Russia,NA,Kostroma Oblast,643324,32,0,2657,30
2020-08-12,Russia,NA,Kostroma Oblast,643324,38,0,2695,30
2020-08-13,Russia,NA,Kostroma Oblast,643324,50,0,2745,30
2020-08-14,Russia,NA,Kostroma Oblast,643324,47,2,2792,32
2020-08-15,Russia,NA,Kostroma Oblast,643324,60,1,2852,33
2020-08-16,Russia,NA,Kostroma Oblast,643324,54,0,2906,33
2020-08-17,Russia,NA,Kostroma Oblast,643324,41,0,2947,33
2020-08-18,Russia,NA,Kostroma Oblast,643324,28,2,2975,35
2020-08-19,Russia,NA,Kostroma Oblast,643324,18,2,2993,37
2020-08-20,Russia,NA,Kostroma Oblast,643324,50,0,3043,37
2020-08-21,Russia,NA,Kostroma Oblast,643324,50,1,3093,38
2020-08-22,Russia,NA,Kostroma Oblast,643324,64,0,3157,38
2020-08-23,Russia,NA,Kostroma Oblast,643324,52,0,3209,38
2020-08-24,Russia,NA,Kostroma Oblast,643324,52,0,3261,38
2020-08-25,Russia,NA,Kostroma Oblast,643324,64,0,3325,38
2020-08-26,Russia,NA,Kostroma Oblast,643324,30,1,3355,39
2020-08-27,Russia,NA,Kostroma Oblast,643324,38,1,3393,40
2020-08-28,Russia,NA,Kostroma Oblast,643324,36,0,3429,40
2020-08-29,Russia,NA,Kostroma Oblast,643324,38,0,3467,40
2020-08-30,Russia,NA,Kostroma Oblast,643324,43,0,3510,40
2020-08-31,Russia,NA,Kostroma Oblast,643324,36,0,3546,40
2020-04-09,Russia,NA,Krasnodar Krai,5514250,20,0,105,0
2020-04-10,Russia,NA,Krasnodar Krai,5514250,20,0,125,0
2020-04-11,Russia,NA,Krasnodar Krai,5514250,13,0,138,0
2020-04-12,Russia,NA,Krasnodar Krai,5514250,31,0,169,0
2020-04-13,Russia,NA,Krasnodar Krai,5514250,41,0,210,0
2020-04-14,Russia,NA,Krasnodar Krai,5514250,5,0,215,0
2020-04-15,Russia,NA,Krasnodar Krai,5514250,24,0,239,0
2020-04-16,Russia,NA,Krasnodar Krai,5514250,21,0,260,0
2020-04-17,Russia,NA,Krasnodar Krai,5514250,30,0,290,0
2020-04-18,Russia,NA,Krasnodar Krai,5514250,45,0,335,0
2020-04-19,Russia,NA,Krasnodar Krai,5514250,48,0,383,0
2020-04-20,Russia,NA,Krasnodar Krai,5514250,34,0,417,0
2020-04-21,Russia,NA,Krasnodar Krai,5514250,44,0,461,0
2020-04-22,Russia,NA,Krasnodar Krai,5514250,20,0,481,0
2020-04-23,Russia,NA,Krasnodar Krai,5514250,58,0,539,0
2020-04-24,Russia,NA,Krasnodar Krai,5514250,84,0,623,0
2020-04-25,Russia,NA,Krasnodar Krai,5514250,84,0,707,0
2020-04-26,Russia,NA,Krasnodar Krai,5514250,73,0,780,0
2020-04-27,Russia,NA,Krasnodar Krai,5514250,57,0,837,0
2020-04-28,Russia,NA,Krasnodar Krai,5514250,51,0,888,0
2020-04-29,Russia,NA,Krasnodar Krai,5514250,63,0,951,0
2020-04-30,Russia,NA,Krasnodar Krai,5514250,66,0,1017,0
2020-05-01,Russia,NA,Krasnodar Krai,5514250,66,0,1083,0
2020-05-02,Russia,NA,Krasnodar Krai,5514250,79,0,1162,0
2020-05-03,Russia,NA,Krasnodar Krai,5514250,82,0,1244,0
2020-05-04,Russia,NA,Krasnodar Krai,5514250,96,0,1340,0
2020-05-05,Russia,NA,Krasnodar Krai,5514250,97,0,1437,0
2020-05-06,Russia,NA,Krasnodar Krai,5514250,97,0,1534,0
2020-05-07,Russia,NA,Krasnodar Krai,5514250,99,0,1633,0
2020-05-08,Russia,NA,Krasnodar Krai,5514250,99,0,1732,0
2020-05-09,Russia,NA,Krasnodar Krai,5514250,98,0,1830,0
2020-05-10,Russia,NA,Krasnodar Krai,5514250,99,0,1929,0
2020-05-11,Russia,NA,Krasnodar Krai,5514250,98,0,2027,0
2020-05-12,Russia,NA,Krasnodar Krai,5514250,99,0,2126,0
2020-05-13,Russia,NA,Krasnodar Krai,5514250,96,0,2222,0
2020-05-14,Russia,NA,Krasnodar Krai,5514250,97,0,2319,0
2020-05-15,Russia,NA,Krasnodar Krai,5514250,99,0,2418,0
2020-05-16,Russia,NA,Krasnodar Krai,5514250,92,0,2510,0
2020-05-17,Russia,NA,Krasnodar Krai,5514250,95,0,2605,0
2020-05-18,Russia,NA,Krasnodar Krai,5514250,94,0,2699,0
2020-05-19,Russia,NA,Krasnodar Krai,5514250,93,0,2792,0
2020-05-20,Russia,NA,Krasnodar Krai,5514250,91,0,2883,0
2020-05-21,Russia,NA,Krasnodar Krai,5514250,91,0,2974,0
2020-05-22,Russia,NA,Krasnodar Krai,5514250,92,0,3066,0
2020-05-23,Russia,NA,Krasnodar Krai,5514250,89,0,3155,0
2020-05-24,Russia,NA,Krasnodar Krai,5514250,92,0,3247,0
2020-05-25,Russia,NA,Krasnodar Krai,5514250,90,0,3337,0
2020-05-26,Russia,NA,Krasnodar Krai,5514250,89,0,3426,0
2020-05-27,Russia,NA,Krasnodar Krai,5514250,80,0,3506,0
2020-05-28,Russia,NA,Krasnodar Krai,5514250,76,0,3582,0
2020-05-29,Russia,NA,Krasnodar Krai,5514250,80,0,3662,0
2020-05-30,Russia,NA,Krasnodar Krai,5514250,82,0,3744,0
2020-05-31,Russia,NA,Krasnodar Krai,5514250,80,0,3824,0
2020-06-01,Russia,NA,Krasnodar Krai,5514250,84,0,3908,0
2020-06-02,Russia,NA,Krasnodar Krai,5514250,79,0,3987,0
2020-06-03,Russia,NA,Krasnodar Krai,5514250,81,0,4068,0
2020-06-04,Russia,NA,Krasnodar Krai,5514250,80,0,4148,0
2020-06-05,Russia,NA,Krasnodar Krai,5514250,83,0,4231,0
2020-06-06,Russia,NA,Krasnodar Krai,5514250,81,0,4312,0
2020-06-07,Russia,NA,Krasnodar Krai,5514250,87,0,4399,0
2020-06-08,Russia,NA,Krasnodar Krai,5514250,86,0,4485,0
2020-06-09,Russia,NA,Krasnodar Krai,5514250,89,0,4574,0
2020-06-10,Russia,NA,Krasnodar Krai,5514250,81,0,4655,0
2020-06-11,Russia,NA,Krasnodar Krai,5514250,80,0,4735,0
2020-06-12,Russia,NA,Krasnodar Krai,5514250,80,0,4815,0
2020-06-13,Russia,NA,Krasnodar Krai,5514250,78,0,4893,0
2020-06-14,Russia,NA,Krasnodar Krai,5514250,77,0,4970,0
2020-06-15,Russia,NA,Krasnodar Krai,5514250,72,0,5042,0
2020-06-16,Russia,NA,Krasnodar Krai,5514250,70,0,5112,0
2020-06-17,Russia,NA,Krasnodar Krai,5514250,71,0,5183,0
2020-06-18,Russia,NA,Krasnodar Krai,5514250,69,0,5252,0
2020-06-19,Russia,NA,Krasnodar Krai,5514250,64,0,5316,0
2020-06-20,Russia,NA,Krasnodar Krai,5514250,60,0,5376,0
2020-06-21,Russia,NA,Krasnodar Krai,5514250,64,0,5440,0
2020-06-22,Russia,NA,Krasnodar Krai,5514250,61,0,5501,0
2020-06-23,Russia,NA,Krasnodar Krai,5514250,60,0,5561,0
2020-06-24,Russia,NA,Krasnodar Krai,5514250,63,0,5624,0
2020-06-25,Russia,NA,Krasnodar Krai,5514250,59,0,5683,0
2020-06-26,Russia,NA,Krasnodar Krai,5514250,60,0,5743,0
2020-06-27,Russia,NA,Krasnodar Krai,5514250,58,0,5801,0
2020-06-28,Russia,NA,Krasnodar Krai,5514250,59,0,5860,0
2020-06-29,Russia,NA,Krasnodar Krai,5514250,62,0,5922,0
2020-06-30,Russia,NA,Krasnodar Krai,5514250,60,0,5982,0
2020-07-01,Russia,NA,Krasnodar Krai,5514250,61,0,6043,0
2020-07-02,Russia,NA,Krasnodar Krai,5514250,59,0,6102,0
2020-07-03,Russia,NA,Krasnodar Krai,5514250,57,0,6159,0
2020-07-04,Russia,NA,Krasnodar Krai,5514250,59,0,6218,0
2020-07-05,Russia,NA,Krasnodar Krai,5514250,62,0,6280,0
2020-07-06,Russia,NA,Krasnodar Krai,5514250,60,0,6340,0
2020-07-07,Russia,NA,Krasnodar Krai,5514250,59,0,6399,0
2020-07-08,Russia,NA,Krasnodar Krai,5514250,61,0,6460,0
2020-07-09,Russia,NA,Krasnodar Krai,5514250,63,0,6523,0
2020-07-10,Russia,NA,Krasnodar Krai,5514250,66,0,6589,0
2020-07-11,Russia,NA,Krasnodar Krai,5514250,65,0,6654,0
2020-07-12,Russia,NA,Krasnodar Krai,5514250,67,0,6721,0
2020-07-13,Russia,NA,Krasnodar Krai,5514250,64,0,6785,0
2020-07-14,Russia,NA,Krasnodar Krai,5514250,62,0,6847,0
2020-07-15,Russia,NA,Krasnodar Krai,5514250,65,0,6912,0
2020-07-16,Russia,NA,Krasnodar Krai,5514250,67,0,6979,0
2020-07-17,Russia,NA,Krasnodar Krai,5514250,66,0,7045,0
2020-07-18,Russia,NA,Krasnodar Krai,5514250,70,0,7115,0
2020-07-19,Russia,NA,Krasnodar Krai,5514250,75,0,7190,0
2020-07-20,Russia,NA,Krasnodar Krai,5514250,72,0,7262,0
2020-07-21,Russia,NA,Krasnodar Krai,5514250,78,0,7340,0
2020-07-22,Russia,NA,Krasnodar Krai,5514250,83,0,7423,0
2020-07-23,Russia,NA,Krasnodar Krai,5514250,85,0,7508,0
2020-07-24,Russia,NA,Krasnodar Krai,5514250,90,0,7598,0
2020-07-25,Russia,NA,Krasnodar Krai,5514250,92,0,7690,0
2020-07-26,Russia,NA,Krasnodar Krai,5514250,94,0,7784,0
2020-07-27,Russia,NA,Krasnodar Krai,5514250,96,0,7880,0
2020-07-28,Russia,NA,Krasnodar Krai,5514250,95,0,7975,0
2020-07-29,Russia,NA,Krasnodar Krai,5514250,97,0,8072,0
2020-07-30,Russia,NA,Krasnodar Krai,5514250,98,0,8170,0
2020-07-31,Russia,NA,Krasnodar Krai,5514250,96,0,8266,0
2020-08-01,Russia,NA,Krasnodar Krai,5514250,99,0,8365,0
2020-08-02,Russia,NA,Krasnodar Krai,5514250,107,0,8472,116
2020-08-03,Russia,NA,Krasnodar Krai,5514250,113,1,8585,117
2020-08-04,Russia,NA,Krasnodar Krai,5514250,119,2,8704,119
2020-08-05,Russia,NA,Krasnodar Krai,5514250,117,2,8821,121
2020-08-06,Russia,NA,Krasnodar Krai,5514250,125,2,8946,123
2020-08-07,Russia,NA,Krasnodar Krai,5514250,115,3,9061,126
2020-08-08,Russia,NA,Krasnodar Krai,5514250,112,2,9173,128
2020-08-09,Russia,NA,Krasnodar Krai,5514250,105,1,9278,129
2020-08-10,Russia,NA,Krasnodar Krai,5514250,97,2,9375,131
2020-08-11,Russia,NA,Krasnodar Krai,5514250,90,1,9465,132
2020-08-12,Russia,NA,Krasnodar Krai,5514250,87,2,9552,134
2020-08-13,Russia,NA,Krasnodar Krai,5514250,90,2,9642,136
2020-08-14,Russia,NA,Krasnodar Krai,5514250,88,2,9730,138
2020-08-15,Russia,NA,Krasnodar Krai,5514250,87,3,9817,141
2020-08-16,Russia,NA,Krasnodar Krai,5514250,86,2,9903,143
2020-08-17,Russia,NA,Krasnodar Krai,5514250,88,0,9991,143
2020-08-18,Russia,NA,Krasnodar Krai,5514250,84,2,10075,145
2020-08-19,Russia,NA,Krasnodar Krai,5514250,86,3,10161,148
2020-08-20,Russia,NA,Krasnodar Krai,5514250,84,3,10245,151
2020-08-21,Russia,NA,Krasnodar Krai,5514250,89,3,10334,154
2020-08-22,Russia,NA,Krasnodar Krai,5514250,88,3,10422,157
2020-08-23,Russia,NA,Krasnodar Krai,5514250,85,3,10507,160
2020-08-24,Russia,NA,Krasnodar Krai,5514250,88,3,10595,163
2020-08-25,Russia,NA,Krasnodar Krai,5514250,86,3,10681,166
2020-08-26,Russia,NA,Krasnodar Krai,5514250,90,3,10771,169
2020-08-27,Russia,NA,Krasnodar Krai,5514250,86,3,10857,172
2020-08-28,Russia,NA,Krasnodar Krai,5514250,84,2,10941,174
2020-08-29,Russia,NA,Krasnodar Krai,5514250,90,2,11031,176
2020-08-30,Russia,NA,Krasnodar Krai,5514250,90,1,11121,177
2020-08-31,Russia,NA,Krasnodar Krai,5514250,87,5,11208,182
2020-04-13,Russia,NA,Krasnoyarsk Krai,2876497,25,0,110,0
2020-04-14,Russia,NA,Krasnoyarsk Krai,2876497,21,0,131,0
2020-04-15,Russia,NA,Krasnoyarsk Krai,2876497,11,0,142,0
2020-04-16,Russia,NA,Krasnoyarsk Krai,2876497,60,0,202,0
2020-04-17,Russia,NA,Krasnoyarsk Krai,2876497,29,0,231,0
2020-04-18,Russia,NA,Krasnoyarsk Krai,2876497,45,0,276,0
2020-04-19,Russia,NA,Krasnoyarsk Krai,2876497,24,0,300,0
2020-04-20,Russia,NA,Krasnoyarsk Krai,2876497,6,0,306,0
2020-04-21,Russia,NA,Krasnoyarsk Krai,2876497,64,0,370,0
2020-04-22,Russia,NA,Krasnoyarsk Krai,2876497,22,0,392,0
2020-04-23,Russia,NA,Krasnoyarsk Krai,2876497,35,0,427,0
2020-04-24,Russia,NA,Krasnoyarsk Krai,2876497,22,0,449,0
2020-04-25,Russia,NA,Krasnoyarsk Krai,2876497,18,0,467,0
2020-04-26,Russia,NA,Krasnoyarsk Krai,2876497,41,0,508,0
2020-04-27,Russia,NA,Krasnoyarsk Krai,2876497,19,0,527,0
2020-04-28,Russia,NA,Krasnoyarsk Krai,2876497,47,0,574,0
2020-04-29,Russia,NA,Krasnoyarsk Krai,2876497,35,0,609,0
2020-04-30,Russia,NA,Krasnoyarsk Krai,2876497,57,0,666,0
2020-05-01,Russia,NA,Krasnoyarsk Krai,2876497,48,0,714,0
2020-05-02,Russia,NA,Krasnoyarsk Krai,2876497,50,0,764,0
2020-05-03,Russia,NA,Krasnoyarsk Krai,2876497,17,0,781,0
2020-05-04,Russia,NA,Krasnoyarsk Krai,2876497,42,0,823,0
2020-05-05,Russia,NA,Krasnoyarsk Krai,2876497,45,0,868,0
2020-05-06,Russia,NA,Krasnoyarsk Krai,2876497,42,0,910,0
2020-05-07,Russia,NA,Krasnoyarsk Krai,2876497,23,0,933,0
2020-05-08,Russia,NA,Krasnoyarsk Krai,2876497,31,0,964,0
2020-05-09,Russia,NA,Krasnoyarsk Krai,2876497,106,0,1070,0
2020-05-10,Russia,NA,Krasnoyarsk Krai,2876497,73,0,1143,0
2020-05-11,Russia,NA,Krasnoyarsk Krai,2876497,58,0,1201,0
2020-05-12,Russia,NA,Krasnoyarsk Krai,2876497,227,0,1428,0
2020-05-13,Russia,NA,Krasnoyarsk Krai,2876497,93,0,1521,0
2020-05-14,Russia,NA,Krasnoyarsk Krai,2876497,21,0,1542,0
2020-05-15,Russia,NA,Krasnoyarsk Krai,2876497,48,0,1590,0
2020-05-16,Russia,NA,Krasnoyarsk Krai,2876497,61,0,1651,0
2020-05-17,Russia,NA,Krasnoyarsk Krai,2876497,114,0,1765,0
2020-05-18,Russia,NA,Krasnoyarsk Krai,2876497,107,0,1872,0
2020-05-19,Russia,NA,Krasnoyarsk Krai,2876497,69,0,1941,0
2020-05-20,Russia,NA,Krasnoyarsk Krai,2876497,504,0,2445,0
2020-05-21,Russia,NA,Krasnoyarsk Krai,2876497,376,0,2821,0
2020-05-22,Russia,NA,Krasnoyarsk Krai,2876497,150,0,2971,0
2020-05-23,Russia,NA,Krasnoyarsk Krai,2876497,148,0,3119,0
2020-05-24,Russia,NA,Krasnoyarsk Krai,2876497,146,0,3265,0
2020-05-25,Russia,NA,Krasnoyarsk Krai,2876497,145,0,3410,0
2020-05-26,Russia,NA,Krasnoyarsk Krai,2876497,148,0,3558,0
2020-05-27,Russia,NA,Krasnoyarsk Krai,2876497,142,0,3700,0
2020-05-28,Russia,NA,Krasnoyarsk Krai,2876497,147,0,3847,0
2020-05-29,Russia,NA,Krasnoyarsk Krai,2876497,138,0,3985,0
2020-05-30,Russia,NA,Krasnoyarsk Krai,2876497,136,0,4121,0
2020-05-31,Russia,NA,Krasnoyarsk Krai,2876497,128,0,4249,0
2020-06-01,Russia,NA,Krasnoyarsk Krai,2876497,131,0,4380,0
2020-06-02,Russia,NA,Krasnoyarsk Krai,2876497,150,0,4530,0
2020-06-03,Russia,NA,Krasnoyarsk Krai,2876497,124,0,4654,0
2020-06-04,Russia,NA,Krasnoyarsk Krai,2876497,141,0,4795,0
2020-06-05,Russia,NA,Krasnoyarsk Krai,2876497,173,0,4968,0
2020-06-06,Russia,NA,Krasnoyarsk Krai,2876497,168,0,5136,0
2020-06-07,Russia,NA,Krasnoyarsk Krai,2876497,165,0,5301,0
2020-06-08,Russia,NA,Krasnoyarsk Krai,2876497,159,0,5460,0
2020-06-09,Russia,NA,Krasnoyarsk Krai,2876497,157,0,5617,0
2020-06-10,Russia,NA,Krasnoyarsk Krai,2876497,174,0,5791,0
2020-06-11,Russia,NA,Krasnoyarsk Krai,2876497,190,0,5981,0
2020-06-12,Russia,NA,Krasnoyarsk Krai,2876497,178,0,6159,0
2020-06-13,Russia,NA,Krasnoyarsk Krai,2876497,169,0,6328,0
2020-06-14,Russia,NA,Krasnoyarsk Krai,2876497,166,0,6494,0
2020-06-15,Russia,NA,Krasnoyarsk Krai,2876497,161,0,6655,0
2020-06-16,Russia,NA,Krasnoyarsk Krai,2876497,158,0,6813,0
2020-06-17,Russia,NA,Krasnoyarsk Krai,2876497,160,0,6973,0
2020-06-18,Russia,NA,Krasnoyarsk Krai,2876497,156,0,7129,0
2020-06-19,Russia,NA,Krasnoyarsk Krai,2876497,151,0,7280,0
2020-06-20,Russia,NA,Krasnoyarsk Krai,2876497,152,0,7432,0
2020-06-21,Russia,NA,Krasnoyarsk Krai,2876497,148,0,7580,0
2020-06-22,Russia,NA,Krasnoyarsk Krai,2876497,146,0,7726,0
2020-06-23,Russia,NA,Krasnoyarsk Krai,2876497,149,0,7875,0
2020-06-24,Russia,NA,Krasnoyarsk Krai,2876497,154,0,8029,0
2020-06-25,Russia,NA,Krasnoyarsk Krai,2876497,153,0,8182,0
2020-06-26,Russia,NA,Krasnoyarsk Krai,2876497,149,0,8331,0
2020-06-27,Russia,NA,Krasnoyarsk Krai,2876497,145,0,8476,0
2020-06-28,Russia,NA,Krasnoyarsk Krai,2876497,143,0,8619,0
2020-06-29,Russia,NA,Krasnoyarsk Krai,2876497,141,0,8760,0
2020-06-30,Russia,NA,Krasnoyarsk Krai,2876497,144,0,8904,0
2020-07-01,Russia,NA,Krasnoyarsk Krai,2876497,140,0,9044,0
2020-07-02,Russia,NA,Krasnoyarsk Krai,2876497,137,0,9181,0
2020-07-03,Russia,NA,Krasnoyarsk Krai,2876497,135,0,9316,0
2020-07-04,Russia,NA,Krasnoyarsk Krai,2876497,136,0,9452,0
2020-07-05,Russia,NA,Krasnoyarsk Krai,2876497,133,0,9585,0
2020-07-06,Russia,NA,Krasnoyarsk Krai,2876497,131,0,9716,0
2020-07-07,Russia,NA,Krasnoyarsk Krai,2876497,132,0,9848,0
2020-07-08,Russia,NA,Krasnoyarsk Krai,2876497,130,0,9978,0
2020-07-09,Russia,NA,Krasnoyarsk Krai,2876497,128,0,10106,0
2020-07-10,Russia,NA,Krasnoyarsk Krai,2876497,129,0,10235,0
2020-07-11,Russia,NA,Krasnoyarsk Krai,2876497,134,0,10369,0
2020-07-12,Russia,NA,Krasnoyarsk Krai,2876497,131,0,10500,0
2020-07-13,Russia,NA,Krasnoyarsk Krai,2876497,128,0,10628,0
2020-07-14,Russia,NA,Krasnoyarsk Krai,2876497,128,0,10756,0
2020-07-15,Russia,NA,Krasnoyarsk Krai,2876497,133,0,10889,0
2020-07-16,Russia,NA,Krasnoyarsk Krai,2876497,131,0,11020,0
2020-07-17,Russia,NA,Krasnoyarsk Krai,2876497,129,0,11149,0
2020-07-18,Russia,NA,Krasnoyarsk Krai,2876497,127,0,11276,0
2020-07-19,Russia,NA,Krasnoyarsk Krai,2876497,127,0,11403,0
2020-07-20,Russia,NA,Krasnoyarsk Krai,2876497,125,0,11528,0
2020-07-21,Russia,NA,Krasnoyarsk Krai,2876497,127,0,11655,0
2020-07-22,Russia,NA,Krasnoyarsk Krai,2876497,135,0,11790,0
2020-07-23,Russia,NA,Krasnoyarsk Krai,2876497,133,0,11923,0
2020-07-24,Russia,NA,Krasnoyarsk Krai,2876497,134,0,12057,0
2020-07-25,Russia,NA,Krasnoyarsk Krai,2876497,187,0,12244,0
2020-07-26,Russia,NA,Krasnoyarsk Krai,2876497,175,0,12419,0
2020-07-27,Russia,NA,Krasnoyarsk Krai,2876497,162,0,12581,0
2020-07-28,Russia,NA,Krasnoyarsk Krai,2876497,153,0,12734,0
2020-07-29,Russia,NA,Krasnoyarsk Krai,2876497,125,0,12859,0
2020-07-30,Russia,NA,Krasnoyarsk Krai,2876497,141,0,13000,0
2020-07-31,Russia,NA,Krasnoyarsk Krai,2876497,145,0,13145,0
2020-08-01,Russia,NA,Krasnoyarsk Krai,2876497,143,0,13288,0
2020-08-02,Russia,NA,Krasnoyarsk Krai,2876497,134,0,13422,331
2020-08-03,Russia,NA,Krasnoyarsk Krai,2876497,128,6,13550,337
2020-08-04,Russia,NA,Krasnoyarsk Krai,2876497,130,4,13680,341
2020-08-05,Russia,NA,Krasnoyarsk Krai,2876497,127,4,13807,345
2020-08-06,Russia,NA,Krasnoyarsk Krai,2876497,129,3,13936,348
2020-08-07,Russia,NA,Krasnoyarsk Krai,2876497,126,5,14062,353
2020-08-08,Russia,NA,Krasnoyarsk Krai,2876497,128,5,14190,358
2020-08-09,Russia,NA,Krasnoyarsk Krai,2876497,129,3,14319,361
2020-08-10,Russia,NA,Krasnoyarsk Krai,2876497,127,4,14446,365
2020-08-11,Russia,NA,Krasnoyarsk Krai,2876497,122,6,14568,371
2020-08-12,Russia,NA,Krasnoyarsk Krai,2876497,123,5,14691,376
2020-08-13,Russia,NA,Krasnoyarsk Krai,2876497,121,4,14812,380
2020-08-14,Russia,NA,Krasnoyarsk Krai,2876497,120,3,14932,383
2020-08-15,Russia,NA,Krasnoyarsk Krai,2876497,119,4,15051,387
2020-08-16,Russia,NA,Krasnoyarsk Krai,2876497,116,0,15167,387
2020-08-17,Russia,NA,Krasnoyarsk Krai,2876497,118,0,15285,387
2020-08-18,Russia,NA,Krasnoyarsk Krai,2876497,117,5,15402,392
2020-08-19,Russia,NA,Krasnoyarsk Krai,2876497,115,6,15517,398
2020-08-20,Russia,NA,Krasnoyarsk Krai,2876497,114,5,15631,403
2020-08-21,Russia,NA,Krasnoyarsk Krai,2876497,117,7,15748,410
2020-08-22,Russia,NA,Krasnoyarsk Krai,2876497,114,6,15862,416
2020-08-23,Russia,NA,Krasnoyarsk Krai,2876497,112,7,15974,423
2020-08-24,Russia,NA,Krasnoyarsk Krai,2876497,115,6,16089,429
2020-08-25,Russia,NA,Krasnoyarsk Krai,2876497,113,8,16202,437
2020-08-26,Russia,NA,Krasnoyarsk Krai,2876497,114,5,16316,442
2020-08-27,Russia,NA,Krasnoyarsk Krai,2876497,112,8,16428,450
2020-08-28,Russia,NA,Krasnoyarsk Krai,2876497,111,8,16539,458
2020-08-29,Russia,NA,Krasnoyarsk Krai,2876497,110,6,16649,464
2020-08-30,Russia,NA,Krasnoyarsk Krai,2876497,111,6,16760,470
2020-08-31,Russia,NA,Krasnoyarsk Krai,2876497,110,7,16870,477
2020-05-15,Russia,NA,Kurgan Oblast,845537,8,0,103,0
2020-05-16,Russia,NA,Kurgan Oblast,845537,6,0,109,0
2020-05-17,Russia,NA,Kurgan Oblast,845537,2,0,111,0
2020-05-18,Russia,NA,Kurgan Oblast,845537,8,0,119,0
2020-05-19,Russia,NA,Kurgan Oblast,845537,11,0,130,0
2020-05-20,Russia,NA,Kurgan Oblast,845537,3,0,133,0
2020-05-21,Russia,NA,Kurgan Oblast,845537,17,0,150,0
2020-05-22,Russia,NA,Kurgan Oblast,845537,19,0,169,0
2020-05-23,Russia,NA,Kurgan Oblast,845537,8,0,177,0
2020-05-24,Russia,NA,Kurgan Oblast,845537,2,0,179,0
2020-05-25,Russia,NA,Kurgan Oblast,845537,4,0,183,0
2020-05-26,Russia,NA,Kurgan Oblast,845537,6,0,189,0
2020-05-27,Russia,NA,Kurgan Oblast,845537,3,0,192,0
2020-05-28,Russia,NA,Kurgan Oblast,845537,7,0,199,0
2020-05-29,Russia,NA,Kurgan Oblast,845537,3,0,202,0
2020-05-30,Russia,NA,Kurgan Oblast,845537,16,0,218,0
2020-05-31,Russia,NA,Kurgan Oblast,845537,13,0,231,0
2020-06-01,Russia,NA,Kurgan Oblast,845537,14,0,245,0
2020-06-02,Russia,NA,Kurgan Oblast,845537,7,0,252,0
2020-06-03,Russia,NA,Kurgan Oblast,845537,3,0,255,0
2020-06-04,Russia,NA,Kurgan Oblast,845537,4,0,259,0
2020-06-05,Russia,NA,Kurgan Oblast,845537,9,0,268,0
2020-06-06,Russia,NA,Kurgan Oblast,845537,12,0,280,0
2020-06-07,Russia,NA,Kurgan Oblast,845537,8,0,288,0
2020-06-08,Russia,NA,Kurgan Oblast,845537,18,0,306,0
2020-06-09,Russia,NA,Kurgan Oblast,845537,8,0,314,0
2020-06-10,Russia,NA,Kurgan Oblast,845537,16,0,330,0
2020-06-11,Russia,NA,Kurgan Oblast,845537,14,0,344,0
2020-06-12,Russia,NA,Kurgan Oblast,845537,11,0,355,0
2020-06-13,Russia,NA,Kurgan Oblast,845537,14,0,369,0
2020-06-14,Russia,NA,Kurgan Oblast,845537,15,0,384,0
2020-06-15,Russia,NA,Kurgan Oblast,845537,20,0,404,0
2020-06-16,Russia,NA,Kurgan Oblast,845537,9,0,413,0
2020-06-17,Russia,NA,Kurgan Oblast,845537,9,0,422,0
2020-06-18,Russia,NA,Kurgan Oblast,845537,19,0,441,0
2020-06-19,Russia,NA,Kurgan Oblast,845537,32,0,473,0
2020-06-20,Russia,NA,Kurgan Oblast,845537,28,0,501,0
2020-06-21,Russia,NA,Kurgan Oblast,845537,27,0,528,0
2020-06-22,Russia,NA,Kurgan Oblast,845537,43,0,571,0
2020-06-23,Russia,NA,Kurgan Oblast,845537,20,0,591,0
2020-06-24,Russia,NA,Kurgan Oblast,845537,34,0,625,0
2020-06-25,Russia,NA,Kurgan Oblast,845537,35,0,660,0
2020-06-26,Russia,NA,Kurgan Oblast,845537,19,0,679,0
2020-06-27,Russia,NA,Kurgan Oblast,845537,21,0,700,0
2020-06-28,Russia,NA,Kurgan Oblast,845537,39,0,739,0
2020-06-29,Russia,NA,Kurgan Oblast,845537,14,0,753,0
2020-06-30,Russia,NA,Kurgan Oblast,845537,33,0,786,0
2020-07-01,Russia,NA,Kurgan Oblast,845537,8,0,794,0
2020-07-02,Russia,NA,Kurgan Oblast,845537,40,0,834,0
2020-07-03,Russia,NA,Kurgan Oblast,845537,30,0,864,0
2020-07-04,Russia,NA,Kurgan Oblast,845537,41,0,905,0
2020-07-05,Russia,NA,Kurgan Oblast,845537,42,0,947,0
2020-07-06,Russia,NA,Kurgan Oblast,845537,53,0,1000,0
2020-07-07,Russia,NA,Kurgan Oblast,845537,58,0,1058,0
2020-07-08,Russia,NA,Kurgan Oblast,845537,61,0,1119,0
2020-07-09,Russia,NA,Kurgan Oblast,845537,61,0,1180,0
2020-07-10,Russia,NA,Kurgan Oblast,845537,60,0,1240,0
2020-07-11,Russia,NA,Kurgan Oblast,845537,63,0,1303,0
2020-07-12,Russia,NA,Kurgan Oblast,845537,65,0,1368,0
2020-07-13,Russia,NA,Kurgan Oblast,845537,64,0,1432,0
2020-07-14,Russia,NA,Kurgan Oblast,845537,58,0,1490,0
2020-07-15,Russia,NA,Kurgan Oblast,845537,56,0,1546,0
2020-07-16,Russia,NA,Kurgan Oblast,845537,55,0,1601,0
2020-07-17,Russia,NA,Kurgan Oblast,845537,52,0,1653,0
2020-07-18,Russia,NA,Kurgan Oblast,845537,50,0,1703,0
2020-07-19,Russia,NA,Kurgan Oblast,845537,49,0,1752,0
2020-07-20,Russia,NA,Kurgan Oblast,845537,51,0,1803,0
2020-07-21,Russia,NA,Kurgan Oblast,845537,47,0,1850,0
2020-07-22,Russia,NA,Kurgan Oblast,845537,44,0,1894,0
2020-07-23,Russia,NA,Kurgan Oblast,845537,42,0,1936,0
2020-07-24,Russia,NA,Kurgan Oblast,845537,43,0,1979,0
2020-07-25,Russia,NA,Kurgan Oblast,845537,38,0,2017,0
2020-07-26,Russia,NA,Kurgan Oblast,845537,38,0,2055,0
2020-07-27,Russia,NA,Kurgan Oblast,845537,36,0,2091,0
2020-07-28,Russia,NA,Kurgan Oblast,845537,35,0,2126,0
2020-07-29,Russia,NA,Kurgan Oblast,845537,37,0,2163,0
2020-07-30,Russia,NA,Kurgan Oblast,845537,36,0,2199,0
2020-07-31,Russia,NA,Kurgan Oblast,845537,35,0,2234,0
2020-08-01,Russia,NA,Kurgan Oblast,845537,33,0,2267,0
2020-08-02,Russia,NA,Kurgan Oblast,845537,36,0,2303,10
2020-08-03,Russia,NA,Kurgan Oblast,845537,33,0,2336,10
2020-08-04,Russia,NA,Kurgan Oblast,845537,32,0,2368,10
2020-08-05,Russia,NA,Kurgan Oblast,845537,30,0,2398,10
2020-08-06,Russia,NA,Kurgan Oblast,845537,28,0,2426,10
2020-08-07,Russia,NA,Kurgan Oblast,845537,24,0,2450,10
2020-08-08,Russia,NA,Kurgan Oblast,845537,21,0,2471,10
2020-08-09,Russia,NA,Kurgan Oblast,845537,19,0,2490,10
2020-08-10,Russia,NA,Kurgan Oblast,845537,17,0,2507,10
2020-08-11,Russia,NA,Kurgan Oblast,845537,16,0,2523,10
2020-08-12,Russia,NA,Kurgan Oblast,845537,18,1,2541,11
2020-08-13,Russia,NA,Kurgan Oblast,845537,17,1,2558,12
2020-08-14,Russia,NA,Kurgan Oblast,845537,20,1,2578,13
2020-08-15,Russia,NA,Kurgan Oblast,845537,23,1,2601,14
2020-08-16,Russia,NA,Kurgan Oblast,845537,27,0,2628,14
2020-08-17,Russia,NA,Kurgan Oblast,845537,26,0,2654,14
2020-08-18,Russia,NA,Kurgan Oblast,845537,25,0,2679,14
2020-08-19,Russia,NA,Kurgan Oblast,845537,24,1,2703,15
2020-08-20,Russia,NA,Kurgan Oblast,845537,26,1,2729,16
2020-08-21,Russia,NA,Kurgan Oblast,845537,23,1,2752,17
2020-08-22,Russia,NA,Kurgan Oblast,845537,25,0,2777,17
2020-08-23,Russia,NA,Kurgan Oblast,845537,23,0,2800,17
2020-08-24,Russia,NA,Kurgan Oblast,845537,24,0,2824,17
2020-08-25,Russia,NA,Kurgan Oblast,845537,22,0,2846,17
2020-08-26,Russia,NA,Kurgan Oblast,845537,24,0,2870,17
2020-08-27,Russia,NA,Kurgan Oblast,845537,21,0,2891,17
2020-08-28,Russia,NA,Kurgan Oblast,845537,23,0,2914,17
2020-08-29,Russia,NA,Kurgan Oblast,845537,20,0,2934,17
2020-08-30,Russia,NA,Kurgan Oblast,845537,23,0,2957,17
2020-08-31,Russia,NA,Kurgan Oblast,845537,24,0,2981,17
2020-04-16,Russia,NA,Kursk Oblast,1115237,31,0,120,0
2020-04-17,Russia,NA,Kursk Oblast,1115237,25,0,145,0
2020-04-18,Russia,NA,Kursk Oblast,1115237,25,0,170,0
2020-04-19,Russia,NA,Kursk Oblast,1115237,26,0,196,0
2020-04-20,Russia,NA,Kursk Oblast,1115237,24,0,220,0
2020-04-21,Russia,NA,Kursk Oblast,1115237,22,0,242,0
2020-04-22,Russia,NA,Kursk Oblast,1115237,34,0,276,0
2020-04-23,Russia,NA,Kursk Oblast,1115237,32,0,308,0
2020-04-24,Russia,NA,Kursk Oblast,1115237,37,0,345,0
2020-04-25,Russia,NA,Kursk Oblast,1115237,44,0,389,0
2020-04-26,Russia,NA,Kursk Oblast,1115237,67,0,456,0
2020-04-27,Russia,NA,Kursk Oblast,1115237,69,0,525,0
2020-04-28,Russia,NA,Kursk Oblast,1115237,65,0,590,0
2020-04-29,Russia,NA,Kursk Oblast,1115237,68,0,658,0
2020-04-30,Russia,NA,Kursk Oblast,1115237,68,0,726,0
2020-05-01,Russia,NA,Kursk Oblast,1115237,66,0,792,0
2020-05-02,Russia,NA,Kursk Oblast,1115237,69,0,861,0
2020-05-03,Russia,NA,Kursk Oblast,1115237,67,0,928,0
2020-05-04,Russia,NA,Kursk Oblast,1115237,69,0,997,0
2020-05-05,Russia,NA,Kursk Oblast,1115237,65,0,1062,0
2020-05-06,Russia,NA,Kursk Oblast,1115237,67,0,1129,0
2020-05-07,Russia,NA,Kursk Oblast,1115237,68,0,1197,0
2020-05-08,Russia,NA,Kursk Oblast,1115237,71,0,1268,0
2020-05-09,Russia,NA,Kursk Oblast,1115237,71,0,1339,0
2020-05-10,Russia,NA,Kursk Oblast,1115237,71,0,1410,0
2020-05-11,Russia,NA,Kursk Oblast,1115237,74,0,1484,0
2020-05-12,Russia,NA,Kursk Oblast,1115237,70,0,1554,0
2020-05-13,Russia,NA,Kursk Oblast,1115237,67,0,1621,0
2020-05-14,Russia,NA,Kursk Oblast,1115237,76,0,1697,0
2020-05-15,Russia,NA,Kursk Oblast,1115237,80,0,1777,0
2020-05-16,Russia,NA,Kursk Oblast,1115237,78,0,1855,0
2020-05-17,Russia,NA,Kursk Oblast,1115237,81,0,1936,0
2020-05-18,Russia,NA,Kursk Oblast,1115237,79,0,2015,0
2020-05-19,Russia,NA,Kursk Oblast,1115237,80,0,2095,0
2020-05-20,Russia,NA,Kursk Oblast,1115237,82,0,2177,0
2020-05-21,Russia,NA,Kursk Oblast,1115237,81,0,2258,0
2020-05-22,Russia,NA,Kursk Oblast,1115237,81,0,2339,0
2020-05-23,Russia,NA,Kursk Oblast,1115237,83,0,2422,0
2020-05-24,Russia,NA,Kursk Oblast,1115237,85,0,2507,0
2020-05-25,Russia,NA,Kursk Oblast,1115237,74,0,2581,0
2020-05-26,Russia,NA,Kursk Oblast,1115237,67,0,2648,0
2020-05-27,Russia,NA,Kursk Oblast,1115237,71,0,2719,0
2020-05-28,Russia,NA,Kursk Oblast,1115237,68,0,2787,0
2020-05-29,Russia,NA,Kursk Oblast,1115237,64,0,2851,0
2020-05-30,Russia,NA,Kursk Oblast,1115237,71,0,2922,0
2020-05-31,Russia,NA,Kursk Oblast,1115237,78,0,3000,0
2020-06-01,Russia,NA,Kursk Oblast,1115237,63,0,3063,0
2020-06-02,Russia,NA,Kursk Oblast,1115237,60,0,3123,0
2020-06-03,Russia,NA,Kursk Oblast,1115237,76,0,3199,0
2020-06-04,Russia,NA,Kursk Oblast,1115237,73,0,3272,0
2020-06-05,Russia,NA,Kursk Oblast,1115237,85,0,3357,0
2020-06-06,Russia,NA,Kursk Oblast,1115237,68,0,3425,0
2020-06-07,Russia,NA,Kursk Oblast,1115237,76,0,3501,0
2020-06-08,Russia,NA,Kursk Oblast,1115237,60,0,3561,0
2020-06-09,Russia,NA,Kursk Oblast,1115237,58,0,3619,0
2020-06-10,Russia,NA,Kursk Oblast,1115237,71,0,3690,0
2020-06-11,Russia,NA,Kursk Oblast,1115237,79,0,3769,0
2020-06-12,Russia,NA,Kursk Oblast,1115237,70,0,3839,0
2020-06-13,Russia,NA,Kursk Oblast,1115237,83,0,3922,0
2020-06-14,Russia,NA,Kursk Oblast,1115237,72,0,3994,0
2020-06-15,Russia,NA,Kursk Oblast,1115237,64,0,4058,0
2020-06-16,Russia,NA,Kursk Oblast,1115237,60,0,4118,0
2020-06-17,Russia,NA,Kursk Oblast,1115237,63,0,4181,0
2020-06-18,Russia,NA,Kursk Oblast,1115237,75,0,4256,0
2020-06-19,Russia,NA,Kursk Oblast,1115237,77,0,4333,0
2020-06-20,Russia,NA,Kursk Oblast,1115237,70,0,4403,0
2020-06-21,Russia,NA,Kursk Oblast,1115237,79,0,4482,0
2020-06-22,Russia,NA,Kursk Oblast,1115237,68,0,4550,0
2020-06-23,Russia,NA,Kursk Oblast,1115237,57,0,4607,0
2020-06-24,Russia,NA,Kursk Oblast,1115237,66,0,4673,0
2020-06-25,Russia,NA,Kursk Oblast,1115237,74,0,4747,0
2020-06-26,Russia,NA,Kursk Oblast,1115237,70,0,4817,0
2020-06-27,Russia,NA,Kursk Oblast,1115237,65,0,4882,0
2020-06-28,Russia,NA,Kursk Oblast,1115237,76,0,4958,0
2020-06-29,Russia,NA,Kursk Oblast,1115237,63,0,5021,0
2020-06-30,Russia,NA,Kursk Oblast,1115237,59,0,5080,0
2020-07-01,Russia,NA,Kursk Oblast,1115237,58,0,5138,0
2020-07-02,Russia,NA,Kursk Oblast,1115237,55,0,5193,0
2020-07-03,Russia,NA,Kursk Oblast,1115237,50,0,5243,0
2020-07-04,Russia,NA,Kursk Oblast,1115237,51,0,5294,0
2020-07-05,Russia,NA,Kursk Oblast,1115237,46,0,5340,0
2020-07-06,Russia,NA,Kursk Oblast,1115237,43,0,5383,0
2020-07-07,Russia,NA,Kursk Oblast,1115237,39,0,5422,0
2020-07-08,Russia,NA,Kursk Oblast,1115237,44,0,5466,0
2020-07-09,Russia,NA,Kursk Oblast,1115237,48,0,5514,0
2020-07-10,Russia,NA,Kursk Oblast,1115237,46,0,5560,0
2020-07-11,Russia,NA,Kursk Oblast,1115237,40,0,5600,0
2020-07-12,Russia,NA,Kursk Oblast,1115237,34,0,5634,0
2020-07-13,Russia,NA,Kursk Oblast,1115237,32,0,5666,0
2020-07-14,Russia,NA,Kursk Oblast,1115237,35,0,5701,0
2020-07-15,Russia,NA,Kursk Oblast,1115237,33,0,5734,0
2020-07-16,Russia,NA,Kursk Oblast,1115237,31,0,5765,0
2020-07-17,Russia,NA,Kursk Oblast,1115237,34,0,5799,0
2020-07-18,Russia,NA,Kursk Oblast,1115237,29,0,5828,0
2020-07-19,Russia,NA,Kursk Oblast,1115237,33,0,5861,0
2020-07-20,Russia,NA,Kursk Oblast,1115237,32,0,5893,0
2020-07-21,Russia,NA,Kursk Oblast,1115237,28,0,5921,0
2020-07-22,Russia,NA,Kursk Oblast,1115237,36,0,5957,0
2020-07-23,Russia,NA,Kursk Oblast,1115237,34,0,5991,0
2020-07-24,Russia,NA,Kursk Oblast,1115237,35,0,6026,0
2020-07-25,Russia,NA,Kursk Oblast,1115237,30,0,6056,0
2020-07-26,Russia,NA,Kursk Oblast,1115237,31,0,6087,0
2020-07-27,Russia,NA,Kursk Oblast,1115237,29,0,6116,0
2020-07-28,Russia,NA,Kursk Oblast,1115237,21,0,6137,0
2020-07-29,Russia,NA,Kursk Oblast,1115237,25,0,6162,0
2020-07-30,Russia,NA,Kursk Oblast,1115237,27,0,6189,0
2020-07-31,Russia,NA,Kursk Oblast,1115237,26,0,6215,0
2020-08-01,Russia,NA,Kursk Oblast,1115237,25,0,6240,0
2020-08-02,Russia,NA,Kursk Oblast,1115237,30,0,6270,50
2020-08-03,Russia,NA,Kursk Oblast,1115237,24,0,6294,50
2020-08-04,Russia,NA,Kursk Oblast,1115237,22,1,6316,51
2020-08-05,Russia,NA,Kursk Oblast,1115237,29,0,6345,51
2020-08-06,Russia,NA,Kursk Oblast,1115237,27,0,6372,51
2020-08-07,Russia,NA,Kursk Oblast,1115237,32,0,6404,51
2020-08-08,Russia,NA,Kursk Oblast,1115237,29,0,6433,51
2020-08-09,Russia,NA,Kursk Oblast,1115237,26,0,6459,51
2020-08-10,Russia,NA,Kursk Oblast,1115237,24,0,6483,51
2020-08-11,Russia,NA,Kursk Oblast,1115237,31,0,6514,51
2020-08-12,Russia,NA,Kursk Oblast,1115237,34,0,6548,51
2020-08-13,Russia,NA,Kursk Oblast,1115237,28,0,6576,51
2020-08-14,Russia,NA,Kursk Oblast,1115237,29,0,6605,51
2020-08-15,Russia,NA,Kursk Oblast,1115237,23,0,6628,51
2020-08-16,Russia,NA,Kursk Oblast,1115237,28,0,6656,51
2020-08-17,Russia,NA,Kursk Oblast,1115237,27,0,6683,51
2020-08-18,Russia,NA,Kursk Oblast,1115237,28,0,6711,51
2020-08-19,Russia,NA,Kursk Oblast,1115237,30,0,6741,51
2020-08-20,Russia,NA,Kursk Oblast,1115237,36,0,6777,51
2020-08-21,Russia,NA,Kursk Oblast,1115237,33,1,6810,52
2020-08-22,Russia,NA,Kursk Oblast,1115237,34,0,6844,52
2020-08-23,Russia,NA,Kursk Oblast,1115237,35,0,6879,52
2020-08-24,Russia,NA,Kursk Oblast,1115237,34,0,6913,52
2020-08-25,Russia,NA,Kursk Oblast,1115237,28,1,6941,53
2020-08-26,Russia,NA,Kursk Oblast,1115237,34,0,6975,53
2020-08-27,Russia,NA,Kursk Oblast,1115237,33,0,7008,53
2020-08-28,Russia,NA,Kursk Oblast,1115237,33,0,7041,53
2020-08-29,Russia,NA,Kursk Oblast,1115237,31,0,7072,53
2020-08-30,Russia,NA,Kursk Oblast,1115237,23,0,7095,53
2020-08-31,Russia,NA,Kursk Oblast,1115237,25,0,7120,53
2020-04-09,Russia,NA,Leningrad Oblast,1813816,18,0,112,0
2020-04-10,Russia,NA,Leningrad Oblast,1813816,17,0,129,0
2020-04-11,Russia,NA,Leningrad Oblast,1813816,5,0,134,0
2020-04-12,Russia,NA,Leningrad Oblast,1813816,5,0,139,0
2020-04-13,Russia,NA,Leningrad Oblast,1813816,16,0,155,0
2020-04-14,Russia,NA,Leningrad Oblast,1813816,35,0,190,0
2020-04-15,Russia,NA,Leningrad Oblast,1813816,108,0,298,0
2020-04-16,Russia,NA,Leningrad Oblast,1813816,32,0,330,0
2020-04-17,Russia,NA,Leningrad Oblast,1813816,24,0,354,0
2020-04-18,Russia,NA,Leningrad Oblast,1813816,34,0,388,0
2020-04-19,Russia,NA,Leningrad Oblast,1813816,29,0,417,0
2020-04-20,Russia,NA,Leningrad Oblast,1813816,37,0,454,0
2020-04-21,Russia,NA,Leningrad Oblast,1813816,42,0,496,0
2020-04-22,Russia,NA,Leningrad Oblast,1813816,41,0,537,0
2020-04-23,Russia,NA,Leningrad Oblast,1813816,39,0,576,0
2020-04-24,Russia,NA,Leningrad Oblast,1813816,39,0,615,0
2020-04-25,Russia,NA,Leningrad Oblast,1813816,43,0,658,0
2020-04-26,Russia,NA,Leningrad Oblast,1813816,42,0,700,0
2020-04-27,Russia,NA,Leningrad Oblast,1813816,43,0,743,0
2020-04-29,Russia,NA,Leningrad Oblast,1813816,53,0,796,0
2020-04-30,Russia,NA,Leningrad Oblast,1813816,51,0,847,0
2020-05-01,Russia,NA,Leningrad Oblast,1813816,44,0,891,0
2020-05-02,Russia,NA,Leningrad Oblast,1813816,46,0,937,0
2020-05-03,Russia,NA,Leningrad Oblast,1813816,62,0,999,0
2020-05-04,Russia,NA,Leningrad Oblast,1813816,59,0,1058,0
2020-05-05,Russia,NA,Leningrad Oblast,1813816,53,0,1111,0
2020-05-06,Russia,NA,Leningrad Oblast,1813816,51,0,1162,0
2020-05-07,Russia,NA,Leningrad Oblast,1813816,63,0,1225,0
2020-05-08,Russia,NA,Leningrad Oblast,1813816,91,0,1316,0
2020-05-09,Russia,NA,Leningrad Oblast,1813816,79,0,1395,0
2020-05-10,Russia,NA,Leningrad Oblast,1813816,67,0,1462,0
2020-05-11,Russia,NA,Leningrad Oblast,1813816,66,0,1528,0
2020-05-12,Russia,NA,Leningrad Oblast,1813816,74,0,1602,0
2020-05-13,Russia,NA,Leningrad Oblast,1813816,66,0,1668,0
2020-05-14,Russia,NA,Leningrad Oblast,1813816,69,0,1737,0
2020-05-15,Russia,NA,Leningrad Oblast,1813816,66,0,1803,0
2020-05-16,Russia,NA,Leningrad Oblast,1813816,72,0,1875,0
2020-05-17,Russia,NA,Leningrad Oblast,1813816,69,0,1944,0
2020-05-18,Russia,NA,Leningrad Oblast,1813816,70,0,2014,0
2020-05-19,Russia,NA,Leningrad Oblast,1813816,81,0,2095,0
2020-05-20,Russia,NA,Leningrad Oblast,1813816,75,0,2170,0
2020-05-21,Russia,NA,Leningrad Oblast,1813816,61,0,2231,0
2020-05-22,Russia,NA,Leningrad Oblast,1813816,54,0,2285,0
2020-05-23,Russia,NA,Leningrad Oblast,1813816,57,0,2342,0
2020-05-24,Russia,NA,Leningrad Oblast,1813816,57,0,2399,0
2020-05-25,Russia,NA,Leningrad Oblast,1813816,58,0,2457,0
2020-05-26,Russia,NA,Leningrad Oblast,1813816,58,0,2515,0
2020-05-27,Russia,NA,Leningrad Oblast,1813816,56,0,2571,0
2020-05-28,Russia,NA,Leningrad Oblast,1813816,51,0,2622,0
2020-05-29,Russia,NA,Leningrad Oblast,1813816,53,0,2675,0
2020-05-30,Russia,NA,Leningrad Oblast,1813816,55,0,2730,0
2020-05-31,Russia,NA,Leningrad Oblast,1813816,54,0,2784,0
2020-06-01,Russia,NA,Leningrad Oblast,1813816,53,0,2837,0
2020-06-02,Russia,NA,Leningrad Oblast,1813816,53,0,2890,0
2020-06-03,Russia,NA,Leningrad Oblast,1813816,54,0,2944,0
2020-06-04,Russia,NA,Leningrad Oblast,1813816,52,0,2996,0
2020-06-05,Russia,NA,Leningrad Oblast,1813816,52,0,3048,0
2020-06-06,Russia,NA,Leningrad Oblast,1813816,51,0,3099,0
2020-06-07,Russia,NA,Leningrad Oblast,1813816,51,0,3150,0
2020-06-08,Russia,NA,Leningrad Oblast,1813816,50,0,3200,0
2020-06-09,Russia,NA,Leningrad Oblast,1813816,49,0,3249,0
2020-06-10,Russia,NA,Leningrad Oblast,1813816,55,0,3304,0
2020-06-11,Russia,NA,Leningrad Oblast,1813816,54,0,3358,0
2020-06-12,Russia,NA,Leningrad Oblast,1813816,52,0,3410,0
2020-06-13,Russia,NA,Leningrad Oblast,1813816,53,0,3463,0
2020-06-14,Russia,NA,Leningrad Oblast,1813816,52,0,3515,0
2020-06-15,Russia,NA,Leningrad Oblast,1813816,73,0,3588,0
2020-06-16,Russia,NA,Leningrad Oblast,1813816,70,0,3658,0
2020-06-17,Russia,NA,Leningrad Oblast,1813816,55,0,3713,0
2020-06-18,Russia,NA,Leningrad Oblast,1813816,54,0,3767,0
2020-06-19,Russia,NA,Leningrad Oblast,1813816,53,0,3820,0
2020-06-20,Russia,NA,Leningrad Oblast,1813816,54,0,3874,0
2020-06-21,Russia,NA,Leningrad Oblast,1813816,52,0,3926,0
2020-06-22,Russia,NA,Leningrad Oblast,1813816,52,0,3978,0
2020-06-23,Russia,NA,Leningrad Oblast,1813816,51,0,4029,0
2020-06-24,Russia,NA,Leningrad Oblast,1813816,52,0,4081,0
2020-06-25,Russia,NA,Leningrad Oblast,1813816,51,0,4132,0
2020-06-26,Russia,NA,Leningrad Oblast,1813816,50,0,4182,0
2020-06-27,Russia,NA,Leningrad Oblast,1813816,51,0,4233,0
2020-06-28,Russia,NA,Leningrad Oblast,1813816,50,0,4283,0
2020-06-29,Russia,NA,Leningrad Oblast,1813816,49,0,4332,0
2020-06-30,Russia,NA,Leningrad Oblast,1813816,50,0,4382,0
2020-07-01,Russia,NA,Leningrad Oblast,1813816,53,0,4435,0
2020-07-02,Russia,NA,Leningrad Oblast,1813816,57,0,4492,0
2020-07-03,Russia,NA,Leningrad Oblast,1813816,54,0,4546,0
2020-07-04,Russia,NA,Leningrad Oblast,1813816,51,0,4597,0
2020-07-05,Russia,NA,Leningrad Oblast,1813816,53,0,4650,0
2020-07-06,Russia,NA,Leningrad Oblast,1813816,52,0,4702,0
2020-07-07,Russia,NA,Leningrad Oblast,1813816,52,0,4754,0
2020-07-08,Russia,NA,Leningrad Oblast,1813816,50,0,4804,0
2020-07-09,Russia,NA,Leningrad Oblast,1813816,50,0,4854,0
2020-07-10,Russia,NA,Leningrad Oblast,1813816,50,0,4904,0
2020-07-11,Russia,NA,Leningrad Oblast,1813816,47,0,4951,0
2020-07-12,Russia,NA,Leningrad Oblast,1813816,48,0,4999,0
2020-07-13,Russia,NA,Leningrad Oblast,1813816,47,0,5046,0
2020-07-14,Russia,NA,Leningrad Oblast,1813816,46,0,5092,0
2020-07-15,Russia,NA,Leningrad Oblast,1813816,47,0,5139,0
2020-07-16,Russia,NA,Leningrad Oblast,1813816,47,0,5186,0
2020-07-17,Russia,NA,Leningrad Oblast,1813816,45,0,5231,0
2020-07-18,Russia,NA,Leningrad Oblast,1813816,46,0,5277,0
2020-07-19,Russia,NA,Leningrad Oblast,1813816,45,0,5322,0
2020-07-20,Russia,NA,Leningrad Oblast,1813816,45,0,5367,0
2020-07-21,Russia,NA,Leningrad Oblast,1813816,44,0,5411,0
2020-07-22,Russia,NA,Leningrad Oblast,1813816,44,0,5455,0
2020-07-23,Russia,NA,Leningrad Oblast,1813816,45,0,5500,0
2020-07-24,Russia,NA,Leningrad Oblast,1813816,45,0,5545,0
2020-07-25,Russia,NA,Leningrad Oblast,1813816,43,0,5588,0
2020-07-26,Russia,NA,Leningrad Oblast,1813816,43,0,5631,0
2020-07-27,Russia,NA,Leningrad Oblast,1813816,41,0,5672,0
2020-07-28,Russia,NA,Leningrad Oblast,1813816,47,0,5719,0
2020-07-29,Russia,NA,Leningrad Oblast,1813816,40,0,5759,0
2020-07-30,Russia,NA,Leningrad Oblast,1813816,40,0,5799,0
2020-07-31,Russia,NA,Leningrad Oblast,1813816,39,0,5838,0
2020-08-01,Russia,NA,Leningrad Oblast,1813816,40,0,5878,0
2020-08-02,Russia,NA,Leningrad Oblast,1813816,39,0,5955,56
2020-08-03,Russia,NA,Leningrad Oblast,1813816,35,0,5990,56
2020-08-04,Russia,NA,Leningrad Oblast,1813816,32,0,6022,56
2020-08-05,Russia,NA,Leningrad Oblast,1813816,33,0,6055,56
2020-08-06,Russia,NA,Leningrad Oblast,1813816,31,0,6086,56
2020-08-07,Russia,NA,Leningrad Oblast,1813816,30,0,6116,56
2020-08-08,Russia,NA,Leningrad Oblast,1813816,31,5,6147,61
2020-08-09,Russia,NA,Leningrad Oblast,1813816,30,0,6177,61
2020-08-10,Russia,NA,Leningrad Oblast,1813816,28,0,6205,61
2020-08-11,Russia,NA,Leningrad Oblast,1813816,29,1,6234,62
2020-08-12,Russia,NA,Leningrad Oblast,1813816,28,0,6262,62
2020-08-13,Russia,NA,Leningrad Oblast,1813816,29,4,6291,66
2020-08-14,Russia,NA,Leningrad Oblast,1813816,27,0,6318,66
2020-08-15,Russia,NA,Leningrad Oblast,1813816,27,0,6345,66
2020-08-16,Russia,NA,Leningrad Oblast,1813816,28,0,6373,66
2020-08-17,Russia,NA,Leningrad Oblast,1813816,28,2,6401,68
2020-08-18,Russia,NA,Leningrad Oblast,1813816,26,2,6427,70
2020-08-19,Russia,NA,Leningrad Oblast,1813816,28,0,6455,70
2020-08-20,Russia,NA,Leningrad Oblast,1813816,29,0,6484,70
2020-08-21,Russia,NA,Leningrad Oblast,1813816,29,0,6513,70
2020-08-22,Russia,NA,Leningrad Oblast,1813816,28,4,6541,74
2020-08-23,Russia,NA,Leningrad Oblast,1813816,28,0,6569,74
2020-08-24,Russia,NA,Leningrad Oblast,1813816,27,0,6596,74
2020-08-25,Russia,NA,Leningrad Oblast,1813816,30,0,6626,74
2020-08-26,Russia,NA,Leningrad Oblast,1813816,30,0,6656,74
2020-08-27,Russia,NA,Leningrad Oblast,1813816,29,5,6685,79
2020-08-28,Russia,NA,Leningrad Oblast,1813816,31,0,6716,79
2020-08-29,Russia,NA,Leningrad Oblast,1813816,31,0,6747,79
2020-08-30,Russia,NA,Leningrad Oblast,1813816,32,0,6779,79
2020-08-31,Russia,NA,Leningrad Oblast,1813816,32,0,6811,79
2020-04-17,Russia,NA,Lipetsk Oblast,1150201,12,0,108,0
2020-04-18,Russia,NA,Lipetsk Oblast,1150201,21,0,129,0
2020-04-19,Russia,NA,Lipetsk Oblast,1150201,20,0,149,0
2020-04-20,Russia,NA,Lipetsk Oblast,1150201,20,0,169,0
2020-04-21,Russia,NA,Lipetsk Oblast,1150201,20,0,189,0
2020-04-22,Russia,NA,Lipetsk Oblast,1150201,24,0,213,0
2020-04-23,Russia,NA,Lipetsk Oblast,1150201,25,0,238,0
2020-04-24,Russia,NA,Lipetsk Oblast,1150201,25,0,263,0
2020-04-25,Russia,NA,Lipetsk Oblast,1150201,21,0,284,0
2020-04-26,Russia,NA,Lipetsk Oblast,1150201,22,0,306,0
2020-04-27,Russia,NA,Lipetsk Oblast,1150201,24,0,330,0
2020-04-28,Russia,NA,Lipetsk Oblast,1150201,26,0,356,0
2020-04-29,Russia,NA,Lipetsk Oblast,1150201,28,0,384,0
2020-04-30,Russia,NA,Lipetsk Oblast,1150201,31,0,415,0
2020-05-01,Russia,NA,Lipetsk Oblast,1150201,31,0,446,0
2020-05-02,Russia,NA,Lipetsk Oblast,1150201,35,0,481,0
2020-05-03,Russia,NA,Lipetsk Oblast,1150201,39,0,520,0
2020-05-04,Russia,NA,Lipetsk Oblast,1150201,43,0,563,0
2020-05-05,Russia,NA,Lipetsk Oblast,1150201,47,0,610,0
2020-05-06,Russia,NA,Lipetsk Oblast,1150201,46,0,656,0
2020-05-07,Russia,NA,Lipetsk Oblast,1150201,47,0,703,0
2020-05-08,Russia,NA,Lipetsk Oblast,1150201,49,0,752,0
2020-05-09,Russia,NA,Lipetsk Oblast,1150201,49,0,801,0
2020-05-10,Russia,NA,Lipetsk Oblast,1150201,48,0,849,0
2020-05-11,Russia,NA,Lipetsk Oblast,1150201,48,0,897,0
2020-05-12,Russia,NA,Lipetsk Oblast,1150201,47,0,944,0
2020-05-13,Russia,NA,Lipetsk Oblast,1150201,46,0,990,0
2020-05-14,Russia,NA,Lipetsk Oblast,1150201,46,0,1036,0
2020-05-15,Russia,NA,Lipetsk Oblast,1150201,47,0,1083,0
2020-05-16,Russia,NA,Lipetsk Oblast,1150201,50,0,1133,0
2020-05-17,Russia,NA,Lipetsk Oblast,1150201,53,0,1186,0
2020-05-18,Russia,NA,Lipetsk Oblast,1150201,54,0,1240,0
2020-05-19,Russia,NA,Lipetsk Oblast,1150201,58,0,1298,0
2020-05-20,Russia,NA,Lipetsk Oblast,1150201,79,0,1377,0
2020-05-21,Russia,NA,Lipetsk Oblast,1150201,62,0,1439,0
2020-05-22,Russia,NA,Lipetsk Oblast,1150201,64,0,1503,0
2020-05-23,Russia,NA,Lipetsk Oblast,1150201,65,0,1568,0
2020-05-24,Russia,NA,Lipetsk Oblast,1150201,65,0,1633,0
2020-05-25,Russia,NA,Lipetsk Oblast,1150201,63,0,1696,0
2020-05-26,Russia,NA,Lipetsk Oblast,1150201,68,0,1764,0
2020-05-27,Russia,NA,Lipetsk Oblast,1150201,72,0,1836,0
2020-05-28,Russia,NA,Lipetsk Oblast,1150201,70,0,1906,0
2020-05-29,Russia,NA,Lipetsk Oblast,1150201,70,0,1976,0
2020-05-30,Russia,NA,Lipetsk Oblast,1150201,72,0,2048,0
2020-05-31,Russia,NA,Lipetsk Oblast,1150201,75,0,2123,0
2020-06-01,Russia,NA,Lipetsk Oblast,1150201,71,0,2194,0
2020-06-02,Russia,NA,Lipetsk Oblast,1150201,67,0,2261,0
2020-06-03,Russia,NA,Lipetsk Oblast,1150201,65,0,2326,0
2020-06-04,Russia,NA,Lipetsk Oblast,1150201,62,0,2388,0
2020-06-05,Russia,NA,Lipetsk Oblast,1150201,64,0,2452,0
2020-06-06,Russia,NA,Lipetsk Oblast,1150201,64,0,2516,0
2020-06-07,Russia,NA,Lipetsk Oblast,1150201,61,0,2577,0
2020-06-08,Russia,NA,Lipetsk Oblast,1150201,60,0,2637,0
2020-06-09,Russia,NA,Lipetsk Oblast,1150201,60,0,2697,0
2020-06-10,Russia,NA,Lipetsk Oblast,1150201,61,0,2758,0
2020-06-11,Russia,NA,Lipetsk Oblast,1150201,59,0,2817,0
2020-06-12,Russia,NA,Lipetsk Oblast,1150201,61,0,2878,0
2020-06-13,Russia,NA,Lipetsk Oblast,1150201,59,0,2937,0
2020-06-14,Russia,NA,Lipetsk Oblast,1150201,58,0,2995,0
2020-06-15,Russia,NA,Lipetsk Oblast,1150201,58,0,3053,0
2020-06-16,Russia,NA,Lipetsk Oblast,1150201,60,0,3113,0
2020-06-17,Russia,NA,Lipetsk Oblast,1150201,58,0,3171,0
2020-06-18,Russia,NA,Lipetsk Oblast,1150201,57,0,3228,0
2020-06-19,Russia,NA,Lipetsk Oblast,1150201,57,0,3285,0
2020-06-20,Russia,NA,Lipetsk Oblast,1150201,52,0,3337,0
2020-06-21,Russia,NA,Lipetsk Oblast,1150201,51,0,3388,0
2020-06-22,Russia,NA,Lipetsk Oblast,1150201,50,0,3438,0
2020-06-23,Russia,NA,Lipetsk Oblast,1150201,49,0,3487,0
2020-06-24,Russia,NA,Lipetsk Oblast,1150201,49,0,3536,0
2020-06-25,Russia,NA,Lipetsk Oblast,1150201,47,0,3583,0
2020-06-26,Russia,NA,Lipetsk Oblast,1150201,40,0,3623,0
2020-06-27,Russia,NA,Lipetsk Oblast,1150201,40,0,3663,0
2020-06-28,Russia,NA,Lipetsk Oblast,1150201,39,0,3702,0
2020-06-29,Russia,NA,Lipetsk Oblast,1150201,39,0,3741,0
2020-06-30,Russia,NA,Lipetsk Oblast,1150201,38,0,3779,0
2020-07-01,Russia,NA,Lipetsk Oblast,1150201,37,0,3816,0
2020-07-02,Russia,NA,Lipetsk Oblast,1150201,36,0,3852,0
2020-07-03,Russia,NA,Lipetsk Oblast,1150201,36,0,3888,0
2020-07-04,Russia,NA,Lipetsk Oblast,1150201,35,0,3923,0
2020-07-05,Russia,NA,Lipetsk Oblast,1150201,35,0,3958,0
2020-07-06,Russia,NA,Lipetsk Oblast,1150201,34,0,3992,0
2020-07-07,Russia,NA,Lipetsk Oblast,1150201,34,0,4026,0
2020-07-08,Russia,NA,Lipetsk Oblast,1150201,34,0,4060,0
2020-07-09,Russia,NA,Lipetsk Oblast,1150201,33,0,4093,0
2020-07-10,Russia,NA,Lipetsk Oblast,1150201,32,0,4125,0
2020-07-11,Russia,NA,Lipetsk Oblast,1150201,33,0,4158,0
2020-07-12,Russia,NA,Lipetsk Oblast,1150201,32,0,4190,0
2020-07-13,Russia,NA,Lipetsk Oblast,1150201,33,0,4223,0
2020-07-14,Russia,NA,Lipetsk Oblast,1150201,32,0,4255,0
2020-07-15,Russia,NA,Lipetsk Oblast,1150201,32,0,4287,0
2020-07-16,Russia,NA,Lipetsk Oblast,1150201,31,0,4318,0
2020-07-17,Russia,NA,Lipetsk Oblast,1150201,31,0,4349,0
2020-07-18,Russia,NA,Lipetsk Oblast,1150201,25,0,4374,0
2020-07-19,Russia,NA,Lipetsk Oblast,1150201,21,0,4395,0
2020-07-20,Russia,NA,Lipetsk Oblast,1150201,15,0,4410,0
2020-07-21,Russia,NA,Lipetsk Oblast,1150201,13,0,4423,0
2020-07-22,Russia,NA,Lipetsk Oblast,1150201,12,0,4435,0
2020-07-23,Russia,NA,Lipetsk Oblast,1150201,13,0,4448,0
2020-07-24,Russia,NA,Lipetsk Oblast,1150201,12,0,4460,0
2020-07-25,Russia,NA,Lipetsk Oblast,1150201,14,0,4474,0
2020-07-26,Russia,NA,Lipetsk Oblast,1150201,14,0,4488,0
2020-07-27,Russia,NA,Lipetsk Oblast,1150201,11,0,4499,0
2020-07-28,Russia,NA,Lipetsk Oblast,1150201,11,0,4510,0
2020-07-29,Russia,NA,Lipetsk Oblast,1150201,12,0,4522,0
2020-07-30,Russia,NA,Lipetsk Oblast,1150201,14,0,4536,0
2020-07-31,Russia,NA,Lipetsk Oblast,1150201,14,0,4550,0
2020-08-01,Russia,NA,Lipetsk Oblast,1150201,15,0,4565,0
2020-08-02,Russia,NA,Lipetsk Oblast,1150201,13,0,4578,22
2020-08-03,Russia,NA,Lipetsk Oblast,1150201,16,0,4594,22
2020-08-04,Russia,NA,Lipetsk Oblast,1150201,18,0,4612,22
2020-08-05,Russia,NA,Lipetsk Oblast,1150201,19,0,4631,22
2020-08-06,Russia,NA,Lipetsk Oblast,1150201,15,0,4646,22
2020-08-07,Russia,NA,Lipetsk Oblast,1150201,19,0,4665,22
2020-08-08,Russia,NA,Lipetsk Oblast,1150201,17,0,4682,22
2020-08-09,Russia,NA,Lipetsk Oblast,1150201,15,0,4697,22
2020-08-10,Russia,NA,Lipetsk Oblast,1150201,16,0,4713,22
2020-08-11,Russia,NA,Lipetsk Oblast,1150201,18,1,4731,23
2020-08-12,Russia,NA,Lipetsk Oblast,1150201,19,0,4750,23
2020-08-13,Russia,NA,Lipetsk Oblast,1150201,16,0,4766,23
2020-08-14,Russia,NA,Lipetsk Oblast,1150201,17,0,4783,23
2020-08-15,Russia,NA,Lipetsk Oblast,1150201,17,0,4800,23
2020-08-16,Russia,NA,Lipetsk Oblast,1150201,16,0,4816,23
2020-08-17,Russia,NA,Lipetsk Oblast,1150201,18,0,4834,23
2020-08-18,Russia,NA,Lipetsk Oblast,1150201,16,1,4850,24
2020-08-19,Russia,NA,Lipetsk Oblast,1150201,17,0,4867,24
2020-08-20,Russia,NA,Lipetsk Oblast,1150201,16,1,4883,25
2020-08-21,Russia,NA,Lipetsk Oblast,1150201,18,0,4901,25
2020-08-22,Russia,NA,Lipetsk Oblast,1150201,17,0,4918,25
2020-08-23,Russia,NA,Lipetsk Oblast,1150201,16,0,4934,25
2020-08-24,Russia,NA,Lipetsk Oblast,1150201,18,0,4952,25
2020-08-25,Russia,NA,Lipetsk Oblast,1150201,16,0,4968,25
2020-08-26,Russia,NA,Lipetsk Oblast,1150201,17,0,4985,25
2020-08-27,Russia,NA,Lipetsk Oblast,1150201,16,1,5001,26
2020-08-28,Russia,NA,Lipetsk Oblast,1150201,19,0,5020,26
2020-08-29,Russia,NA,Lipetsk Oblast,1150201,21,0,5041,26
2020-08-30,Russia,NA,Lipetsk Oblast,1150201,22,0,5063,26
2020-08-31,Russia,NA,Lipetsk Oblast,1150201,31,0,5094,26
2020-04-30,Russia,NA,Magadan Oblast,144091,2,0,101,0
2020-05-01,Russia,NA,Magadan Oblast,144091,9,0,110,0
2020-05-02,Russia,NA,Magadan Oblast,144091,4,0,114,0
2020-05-03,Russia,NA,Magadan Oblast,144091,2,0,116,0
2020-05-05,Russia,NA,Magadan Oblast,144091,15,0,131,0
2020-05-06,Russia,NA,Magadan Oblast,144091,5,0,136,0
2020-05-07,Russia,NA,Magadan Oblast,144091,2,0,138,0
2020-05-08,Russia,NA,Magadan Oblast,144091,8,0,146,0
2020-05-09,Russia,NA,Magadan Oblast,144091,8,0,154,0
2020-05-10,Russia,NA,Magadan Oblast,144091,1,0,155,0
2020-05-12,Russia,NA,Magadan Oblast,144091,2,0,157,0
2020-05-13,Russia,NA,Magadan Oblast,144091,5,0,162,0
2020-05-14,Russia,NA,Magadan Oblast,144091,1,0,163,0
2020-05-15,Russia,NA,Magadan Oblast,144091,8,0,171,0
2020-05-16,Russia,NA,Magadan Oblast,144091,3,0,174,0
2020-05-17,Russia,NA,Magadan Oblast,144091,12,0,186,0
2020-05-18,Russia,NA,Magadan Oblast,144091,3,0,189,0
2020-05-19,Russia,NA,Magadan Oblast,144091,7,0,196,0
2020-05-20,Russia,NA,Magadan Oblast,144091,5,0,201,0
2020-05-21,Russia,NA,Magadan Oblast,144091,5,0,206,0
2020-05-22,Russia,NA,Magadan Oblast,144091,3,0,209,0
2020-05-23,Russia,NA,Magadan Oblast,144091,9,0,218,0
2020-05-24,Russia,NA,Magadan Oblast,144091,5,0,223,0
2020-05-26,Russia,NA,Magadan Oblast,144091,4,0,227,0
2020-05-27,Russia,NA,Magadan Oblast,144091,1,0,228,0
2020-05-28,Russia,NA,Magadan Oblast,144091,2,0,230,0
2020-05-29,Russia,NA,Magadan Oblast,144091,8,0,238,0
2020-05-31,Russia,NA,Magadan Oblast,144091,5,0,243,0
2020-06-01,Russia,NA,Magadan Oblast,144091,3,0,246,0
2020-06-02,Russia,NA,Magadan Oblast,144091,2,0,248,0
2020-06-03,Russia,NA,Magadan Oblast,144091,12,0,260,0
2020-06-04,Russia,NA,Magadan Oblast,144091,11,0,271,0
2020-06-05,Russia,NA,Magadan Oblast,144091,15,0,286,0
2020-06-06,Russia,NA,Magadan Oblast,144091,27,0,313,0
2020-06-07,Russia,NA,Magadan Oblast,144091,14,0,327,0
2020-06-08,Russia,NA,Magadan Oblast,144091,12,0,339,0
2020-06-09,Russia,NA,Magadan Oblast,144091,9,0,348,0
2020-06-10,Russia,NA,Magadan Oblast,144091,11,0,359,0
2020-06-11,Russia,NA,Magadan Oblast,144091,38,0,397,0
2020-06-12,Russia,NA,Magadan Oblast,144091,35,0,432,0
2020-06-13,Russia,NA,Magadan Oblast,144091,27,0,459,0
2020-06-14,Russia,NA,Magadan Oblast,144091,21,0,480,0
2020-06-15,Russia,NA,Magadan Oblast,144091,21,0,501,0
2020-06-16,Russia,NA,Magadan Oblast,144091,10,0,511,0
2020-06-17,Russia,NA,Magadan Oblast,144091,8,0,519,0
2020-06-18,Russia,NA,Magadan Oblast,144091,2,0,521,0
2020-06-19,Russia,NA,Magadan Oblast,144091,19,0,540,0
2020-06-20,Russia,NA,Magadan Oblast,144091,19,0,559,0
2020-06-21,Russia,NA,Magadan Oblast,144091,27,0,586,0
2020-06-22,Russia,NA,Magadan Oblast,144091,20,0,606,0
2020-06-23,Russia,NA,Magadan Oblast,144091,3,0,609,0
2020-06-24,Russia,NA,Magadan Oblast,144091,11,0,620,0
2020-06-25,Russia,NA,Magadan Oblast,144091,22,0,642,0
2020-06-26,Russia,NA,Magadan Oblast,144091,12,0,654,0
2020-06-27,Russia,NA,Magadan Oblast,144091,15,0,669,0
2020-06-28,Russia,NA,Magadan Oblast,144091,28,0,697,0
2020-06-29,Russia,NA,Magadan Oblast,144091,34,0,731,0
2020-06-30,Russia,NA,Magadan Oblast,144091,33,0,764,0
2020-07-01,Russia,NA,Magadan Oblast,144091,27,0,791,0
2020-07-02,Russia,NA,Magadan Oblast,144091,42,0,833,0
2020-07-03,Russia,NA,Magadan Oblast,144091,42,0,875,0
2020-07-04,Russia,NA,Magadan Oblast,144091,32,0,907,0
2020-07-05,Russia,NA,Magadan Oblast,144091,21,0,928,0
2020-07-06,Russia,NA,Magadan Oblast,144091,7,0,935,0
2020-07-07,Russia,NA,Magadan Oblast,144091,12,0,947,0
2020-07-08,Russia,NA,Magadan Oblast,144091,4,0,951,0
2020-07-09,Russia,NA,Magadan Oblast,144091,27,0,978,0
2020-07-10,Russia,NA,Magadan Oblast,144091,23,0,1001,0
2020-07-11,Russia,NA,Magadan Oblast,144091,13,0,1014,0
2020-07-12,Russia,NA,Magadan Oblast,144091,24,0,1038,0
2020-07-13,Russia,NA,Magadan Oblast,144091,17,0,1055,0
2020-07-14,Russia,NA,Magadan Oblast,144091,13,0,1068,0
2020-07-15,Russia,NA,Magadan Oblast,144091,6,0,1074,0
2020-07-16,Russia,NA,Magadan Oblast,144091,24,0,1098,0
2020-07-17,Russia,NA,Magadan Oblast,144091,22,0,1120,0
2020-07-18,Russia,NA,Magadan Oblast,144091,12,0,1132,0
2020-07-19,Russia,NA,Magadan Oblast,144091,12,0,1144,0
2020-07-20,Russia,NA,Magadan Oblast,144091,17,0,1161,0
2020-07-21,Russia,NA,Magadan Oblast,144091,7,0,1168,0
2020-07-22,Russia,NA,Magadan Oblast,144091,18,0,1186,0
2020-07-23,Russia,NA,Magadan Oblast,144091,17,0,1203,0
2020-07-24,Russia,NA,Magadan Oblast,144091,13,0,1216,0
2020-07-25,Russia,NA,Magadan Oblast,144091,15,0,1231,0
2020-07-26,Russia,NA,Magadan Oblast,144091,12,0,1243,0
2020-07-27,Russia,NA,Magadan Oblast,144091,20,0,1263,0
2020-07-28,Russia,NA,Magadan Oblast,144091,6,0,1269,0
2020-07-29,Russia,NA,Magadan Oblast,144091,9,0,1278,0
2020-07-30,Russia,NA,Magadan Oblast,144091,20,0,1298,0
2020-07-31,Russia,NA,Magadan Oblast,144091,19,0,1317,0
2020-08-01,Russia,NA,Magadan Oblast,144091,19,0,1336,0
2020-08-02,Russia,NA,Magadan Oblast,144091,21,0,1357,13
2020-08-03,Russia,NA,Magadan Oblast,144091,23,0,1380,13
2020-08-04,Russia,NA,Magadan Oblast,144091,22,0,1402,13
2020-08-05,Russia,NA,Magadan Oblast,144091,19,1,1421,14
2020-08-06,Russia,NA,Magadan Oblast,144091,21,0,1442,14
2020-08-07,Russia,NA,Magadan Oblast,144091,22,0,1464,14
2020-08-08,Russia,NA,Magadan Oblast,144091,20,0,1484,14
2020-08-09,Russia,NA,Magadan Oblast,144091,17,0,1501,14
2020-08-10,Russia,NA,Magadan Oblast,144091,19,0,1520,14
2020-08-11,Russia,NA,Magadan Oblast,144091,34,0,1554,14
2020-08-12,Russia,NA,Magadan Oblast,144091,22,1,1576,15
2020-08-13,Russia,NA,Magadan Oblast,144091,23,0,1599,15
2020-08-14,Russia,NA,Magadan Oblast,144091,20,0,1619,15
2020-08-15,Russia,NA,Magadan Oblast,144091,18,0,1637,15
2020-08-16,Russia,NA,Magadan Oblast,144091,14,0,1651,15
2020-08-17,Russia,NA,Magadan Oblast,144091,13,0,1664,15
2020-08-18,Russia,NA,Magadan Oblast,144091,24,1,1688,16
2020-08-19,Russia,NA,Magadan Oblast,144091,13,0,1701,16
2020-08-20,Russia,NA,Magadan Oblast,144091,20,0,1721,16
2020-08-21,Russia,NA,Magadan Oblast,144091,19,0,1740,16
2020-08-22,Russia,NA,Magadan Oblast,144091,25,1,1765,17
2020-08-23,Russia,NA,Magadan Oblast,144091,16,1,1781,18
2020-08-24,Russia,NA,Magadan Oblast,144091,6,0,1787,18
2020-08-25,Russia,NA,Magadan Oblast,144091,6,0,1793,18
2020-08-26,Russia,NA,Magadan Oblast,144091,16,0,1809,18
2020-08-27,Russia,NA,Magadan Oblast,144091,16,0,1825,18
2020-08-28,Russia,NA,Magadan Oblast,144091,32,0,1857,18
2020-08-29,Russia,NA,Magadan Oblast,144091,26,0,1883,18
2020-08-30,Russia,NA,Magadan Oblast,144091,21,0,1904,18
2020-08-31,Russia,NA,Magadan Oblast,144091,24,0,1928,18
2020-04-15,Russia,NA,Mari El,680380,27,0,118,0
2020-04-16,Russia,NA,Mari El,680380,29,0,147,0
2020-04-17,Russia,NA,Mari El,680380,32,0,179,0
2020-04-18,Russia,NA,Mari El,680380,40,0,219,0
2020-04-19,Russia,NA,Mari El,680380,43,0,262,0
2020-04-20,Russia,NA,Mari El,680380,29,0,291,0
2020-04-21,Russia,NA,Mari El,680380,20,0,311,0
2020-04-22,Russia,NA,Mari El,680380,22,0,333,0
2020-04-23,Russia,NA,Mari El,680380,15,0,348,0
2020-04-24,Russia,NA,Mari El,680380,29,0,377,0
2020-04-25,Russia,NA,Mari El,680380,30,0,407,0
2020-04-26,Russia,NA,Mari El,680380,24,0,431,0
2020-04-27,Russia,NA,Mari El,680380,31,0,462,0
2020-04-28,Russia,NA,Mari El,680380,38,0,500,0
2020-04-29,Russia,NA,Mari El,680380,35,0,535,0
2020-04-30,Russia,NA,Mari El,680380,31,0,566,0
2020-05-01,Russia,NA,Mari El,680380,31,0,597,0
2020-05-02,Russia,NA,Mari El,680380,31,0,628,0
2020-05-03,Russia,NA,Mari El,680380,40,0,668,0
2020-05-04,Russia,NA,Mari El,680380,49,0,717,0
2020-05-05,Russia,NA,Mari El,680380,33,0,750,0
2020-05-06,Russia,NA,Mari El,680380,33,0,783,0
2020-05-07,Russia,NA,Mari El,680380,31,0,814,0
2020-05-08,Russia,NA,Mari El,680380,31,0,845,0
2020-05-09,Russia,NA,Mari El,680380,37,0,882,0
2020-05-10,Russia,NA,Mari El,680380,21,0,903,0
2020-05-11,Russia,NA,Mari El,680380,25,0,928,0
2020-05-12,Russia,NA,Mari El,680380,36,0,964,0
2020-05-13,Russia,NA,Mari El,680380,32,0,996,0
2020-05-14,Russia,NA,Mari El,680380,37,0,1033,0
2020-05-15,Russia,NA,Mari El,680380,45,0,1078,0
2020-05-16,Russia,NA,Mari El,680380,52,0,1130,0
2020-05-17,Russia,NA,Mari El,680380,54,0,1184,0
2020-05-18,Russia,NA,Mari El,680380,51,0,1235,0
2020-05-19,Russia,NA,Mari El,680380,50,0,1285,0
2020-05-20,Russia,NA,Mari El,680380,37,0,1322,0
2020-05-21,Russia,NA,Mari El,680380,38,0,1360,0
2020-05-22,Russia,NA,Mari El,680380,37,0,1397,0
2020-05-23,Russia,NA,Mari El,680380,41,0,1438,0
2020-05-24,Russia,NA,Mari El,680380,41,0,1479,0
2020-05-25,Russia,NA,Mari El,680380,39,0,1518,0
2020-05-26,Russia,NA,Mari El,680380,41,0,1559,0
2020-05-27,Russia,NA,Mari El,680380,43,0,1602,0
2020-05-28,Russia,NA,Mari El,680380,41,0,1643,0
2020-05-29,Russia,NA,Mari El,680380,46,0,1689,0
2020-05-30,Russia,NA,Mari El,680380,44,0,1733,0
2020-05-31,Russia,NA,Mari El,680380,41,0,1774,0
2020-06-01,Russia,NA,Mari El,680380,41,0,1815,0
2020-06-02,Russia,NA,Mari El,680380,39,0,1854,0
2020-06-03,Russia,NA,Mari El,680380,40,0,1894,0
2020-06-04,Russia,NA,Mari El,680380,39,0,1933,0
2020-06-05,Russia,NA,Mari El,680380,42,0,1975,0
2020-06-06,Russia,NA,Mari El,680380,44,0,2019,0
2020-06-07,Russia,NA,Mari El,680380,42,0,2061,0
2020-06-08,Russia,NA,Mari El,680380,43,0,2104,0
2020-06-09,Russia,NA,Mari El,680380,47,0,2151,0
2020-06-10,Russia,NA,Mari El,680380,42,0,2193,0
2020-06-11,Russia,NA,Mari El,680380,43,0,2236,0
2020-06-12,Russia,NA,Mari El,680380,47,0,2283,0
2020-06-13,Russia,NA,Mari El,680380,48,0,2331,0
2020-06-14,Russia,NA,Mari El,680380,44,0,2375,0
2020-06-15,Russia,NA,Mari El,680380,44,0,2419,0
2020-06-16,Russia,NA,Mari El,680380,43,0,2462,0
2020-06-17,Russia,NA,Mari El,680380,48,0,2510,0
2020-06-18,Russia,NA,Mari El,680380,47,0,2557,0
2020-06-19,Russia,NA,Mari El,680380,45,0,2602,0
2020-06-20,Russia,NA,Mari El,680380,40,0,2642,0
2020-06-21,Russia,NA,Mari El,680380,37,0,2679,0
2020-06-22,Russia,NA,Mari El,680380,31,0,2710,0
2020-06-23,Russia,NA,Mari El,680380,35,0,2745,0
2020-06-24,Russia,NA,Mari El,680380,38,0,2783,0
2020-06-25,Russia,NA,Mari El,680380,36,0,2819,0
2020-06-26,Russia,NA,Mari El,680380,30,0,2849,0
2020-06-27,Russia,NA,Mari El,680380,31,0,2880,0
2020-06-28,Russia,NA,Mari El,680380,25,0,2905,0
2020-06-29,Russia,NA,Mari El,680380,25,0,2930,0
2020-06-30,Russia,NA,Mari El,680380,29,0,2959,0
2020-07-01,Russia,NA,Mari El,680380,31,0,2990,0
2020-07-02,Russia,NA,Mari El,680380,30,0,3020,0
2020-07-03,Russia,NA,Mari El,680380,25,0,3045,0
2020-07-04,Russia,NA,Mari El,680380,28,0,3073,0
2020-07-05,Russia,NA,Mari El,680380,27,0,3100,0
2020-07-06,Russia,NA,Mari El,680380,28,0,3128,0
2020-07-07,Russia,NA,Mari El,680380,29,0,3157,0
2020-07-08,Russia,NA,Mari El,680380,27,0,3184,0
2020-07-09,Russia,NA,Mari El,680380,29,0,3213,0
2020-07-10,Russia,NA,Mari El,680380,28,0,3241,0
2020-07-11,Russia,NA,Mari El,680380,27,0,3268,0
2020-07-12,Russia,NA,Mari El,680380,28,0,3296,0
2020-07-13,Russia,NA,Mari El,680380,29,0,3325,0
2020-07-14,Russia,NA,Mari El,680380,28,0,3353,0
2020-07-15,Russia,NA,Mari El,680380,27,0,3380,0
2020-07-16,Russia,NA,Mari El,680380,29,0,3409,0
2020-07-17,Russia,NA,Mari El,680380,27,0,3436,0
2020-07-18,Russia,NA,Mari El,680380,28,0,3464,0
2020-07-19,Russia,NA,Mari El,680380,29,0,3493,0
2020-07-20,Russia,NA,Mari El,680380,27,0,3520,0
2020-07-21,Russia,NA,Mari El,680380,28,0,3548,0
2020-07-22,Russia,NA,Mari El,680380,26,0,3574,0
2020-07-23,Russia,NA,Mari El,680380,27,0,3601,0
2020-07-24,Russia,NA,Mari El,680380,26,0,3627,0
2020-07-25,Russia,NA,Mari El,680380,25,0,3652,0
2020-07-26,Russia,NA,Mari El,680380,23,0,3675,0
2020-07-27,Russia,NA,Mari El,680380,22,0,3697,0
2020-07-28,Russia,NA,Mari El,680380,19,0,3716,0
2020-07-29,Russia,NA,Mari El,680380,18,0,3734,0
2020-07-30,Russia,NA,Mari El,680380,18,0,3752,0
2020-07-31,Russia,NA,Mari El,680380,18,0,3770,0
2020-08-01,Russia,NA,Mari El,680380,16,0,3786,0
2020-08-02,Russia,NA,Mari El,680380,14,0,3800,34
2020-08-03,Russia,NA,Mari El,680380,15,0,3815,34
2020-08-04,Russia,NA,Mari El,680380,15,1,3830,35
2020-08-05,Russia,NA,Mari El,680380,14,0,3844,35
2020-08-06,Russia,NA,Mari El,680380,15,0,3859,35
2020-08-07,Russia,NA,Mari El,680380,14,1,3873,36
2020-08-08,Russia,NA,Mari El,680380,15,0,3888,36
2020-08-09,Russia,NA,Mari El,680380,15,0,3903,36
2020-08-10,Russia,NA,Mari El,680380,14,0,3917,36
2020-08-11,Russia,NA,Mari El,680380,15,0,3932,36
2020-08-12,Russia,NA,Mari El,680380,15,0,3947,36
2020-08-13,Russia,NA,Mari El,680380,15,0,3962,36
2020-08-14,Russia,NA,Mari El,680380,17,0,3979,36
2020-08-15,Russia,NA,Mari El,680380,16,0,3995,36
2020-08-16,Russia,NA,Mari El,680380,17,0,4012,36
2020-08-17,Russia,NA,Mari El,680380,16,0,4028,36
2020-08-18,Russia,NA,Mari El,680380,17,0,4045,36
2020-08-19,Russia,NA,Mari El,680380,16,0,4061,36
2020-08-20,Russia,NA,Mari El,680380,17,0,4078,36
2020-08-21,Russia,NA,Mari El,680380,17,0,4095,36
2020-08-22,Russia,NA,Mari El,680380,17,1,4112,37
2020-08-23,Russia,NA,Mari El,680380,16,0,4128,37
2020-08-24,Russia,NA,Mari El,680380,16,0,4144,37
2020-08-25,Russia,NA,Mari El,680380,17,0,4161,37
2020-08-26,Russia,NA,Mari El,680380,17,1,4178,38
2020-08-27,Russia,NA,Mari El,680380,16,1,4194,39
2020-08-28,Russia,NA,Mari El,680380,17,0,4211,39
2020-08-29,Russia,NA,Mari El,680380,16,0,4227,39
2020-08-30,Russia,NA,Mari El,680380,17,0,4244,39
2020-08-31,Russia,NA,Mari El,680380,16,0,4260,39
2020-04-17,Russia,NA,Mordovia,805056,65,0,136,0
2020-04-18,Russia,NA,Mordovia,805056,62,0,198,0
2020-04-19,Russia,NA,Mordovia,805056,60,0,258,0
2020-04-20,Russia,NA,Mordovia,805056,35,0,293,0
2020-04-21,Russia,NA,Mordovia,805056,34,0,327,0
2020-04-22,Russia,NA,Mordovia,805056,30,0,357,0
2020-04-23,Russia,NA,Mordovia,805056,28,0,385,0
2020-04-24,Russia,NA,Mordovia,805056,39,0,424,0
2020-04-25,Russia,NA,Mordovia,805056,45,0,469,0
2020-04-26,Russia,NA,Mordovia,805056,49,0,518,0
2020-04-27,Russia,NA,Mordovia,805056,42,0,560,0
2020-04-28,Russia,NA,Mordovia,805056,32,0,592,0
2020-04-29,Russia,NA,Mordovia,805056,67,0,659,0
2020-04-30,Russia,NA,Mordovia,805056,39,0,698,0
2020-05-01,Russia,NA,Mordovia,805056,30,0,728,0
2020-05-02,Russia,NA,Mordovia,805056,37,0,765,0
2020-05-03,Russia,NA,Mordovia,805056,43,0,808,0
2020-05-04,Russia,NA,Mordovia,805056,59,0,867,0
2020-05-05,Russia,NA,Mordovia,805056,56,0,923,0
2020-05-06,Russia,NA,Mordovia,805056,54,0,977,0
2020-05-07,Russia,NA,Mordovia,805056,41,0,1018,0
2020-05-08,Russia,NA,Mordovia,805056,37,0,1055,0
2020-05-09,Russia,NA,Mordovia,805056,47,0,1102,0
2020-05-10,Russia,NA,Mordovia,805056,46,0,1148,0
2020-05-11,Russia,NA,Mordovia,805056,42,0,1190,0
2020-05-12,Russia,NA,Mordovia,805056,35,0,1225,0
2020-05-13,Russia,NA,Mordovia,805056,37,0,1262,0
2020-05-14,Russia,NA,Mordovia,805056,34,0,1296,0
2020-05-15,Russia,NA,Mordovia,805056,27,0,1323,0
2020-05-16,Russia,NA,Mordovia,805056,25,0,1348,0
2020-05-17,Russia,NA,Mordovia,805056,28,0,1376,0
2020-05-18,Russia,NA,Mordovia,805056,33,0,1409,0
2020-05-19,Russia,NA,Mordovia,805056,34,0,1443,0
2020-05-20,Russia,NA,Mordovia,805056,34,0,1477,0
2020-05-21,Russia,NA,Mordovia,805056,35,0,1512,0
2020-05-22,Russia,NA,Mordovia,805056,36,0,1548,0
2020-05-23,Russia,NA,Mordovia,805056,32,0,1580,0
2020-05-24,Russia,NA,Mordovia,805056,32,0,1612,0
2020-05-25,Russia,NA,Mordovia,805056,34,0,1646,0
2020-05-26,Russia,NA,Mordovia,805056,38,0,1684,0
2020-05-27,Russia,NA,Mordovia,805056,43,0,1727,0
2020-05-28,Russia,NA,Mordovia,805056,49,0,1776,0
2020-05-29,Russia,NA,Mordovia,805056,44,0,1820,0
2020-05-30,Russia,NA,Mordovia,805056,40,0,1860,0
2020-05-31,Russia,NA,Mordovia,805056,35,0,1895,0
2020-06-01,Russia,NA,Mordovia,805056,36,0,1931,0
2020-06-02,Russia,NA,Mordovia,805056,39,0,1970,0
2020-06-03,Russia,NA,Mordovia,805056,42,0,2012,0
2020-06-04,Russia,NA,Mordovia,805056,39,0,2051,0
2020-06-05,Russia,NA,Mordovia,805056,47,0,2098,0
2020-06-06,Russia,NA,Mordovia,805056,40,0,2138,0
2020-06-07,Russia,NA,Mordovia,805056,47,0,2185,0
2020-06-08,Russia,NA,Mordovia,805056,45,0,2230,0
2020-06-09,Russia,NA,Mordovia,805056,66,0,2296,0
2020-06-10,Russia,NA,Mordovia,805056,64,0,2360,0
2020-06-11,Russia,NA,Mordovia,805056,58,0,2418,0
2020-06-12,Russia,NA,Mordovia,805056,62,0,2480,0
2020-06-13,Russia,NA,Mordovia,805056,58,0,2538,0
2020-06-14,Russia,NA,Mordovia,805056,58,0,2596,0
2020-06-15,Russia,NA,Mordovia,805056,56,0,2652,0
2020-06-16,Russia,NA,Mordovia,805056,55,0,2707,0
2020-06-17,Russia,NA,Mordovia,805056,55,0,2762,0
2020-06-18,Russia,NA,Mordovia,805056,56,0,2818,0
2020-06-19,Russia,NA,Mordovia,805056,56,0,2874,0
2020-06-20,Russia,NA,Mordovia,805056,57,0,2931,0
2020-06-21,Russia,NA,Mordovia,805056,55,0,2986,0
2020-06-22,Russia,NA,Mordovia,805056,54,0,3040,0
2020-06-23,Russia,NA,Mordovia,805056,54,0,3094,0
2020-06-24,Russia,NA,Mordovia,805056,49,0,3143,0
2020-06-25,Russia,NA,Mordovia,805056,49,0,3192,0
2020-06-26,Russia,NA,Mordovia,805056,48,0,3240,0
2020-06-27,Russia,NA,Mordovia,805056,44,0,3284,0
2020-06-28,Russia,NA,Mordovia,805056,40,0,3324,0
2020-06-29,Russia,NA,Mordovia,805056,35,0,3359,0
2020-06-30,Russia,NA,Mordovia,805056,35,0,3394,0
2020-07-01,Russia,NA,Mordovia,805056,37,0,3431,0
2020-07-02,Russia,NA,Mordovia,805056,36,0,3467,0
2020-07-03,Russia,NA,Mordovia,805056,38,0,3505,0
2020-07-04,Russia,NA,Mordovia,805056,37,0,3542,0
2020-07-05,Russia,NA,Mordovia,805056,35,0,3577,0
2020-07-06,Russia,NA,Mordovia,805056,34,0,3611,0
2020-07-07,Russia,NA,Mordovia,805056,35,0,3646,0
2020-07-08,Russia,NA,Mordovia,805056,34,0,3680,0
2020-07-09,Russia,NA,Mordovia,805056,37,0,3717,0
2020-07-10,Russia,NA,Mordovia,805056,38,0,3755,0
2020-07-11,Russia,NA,Mordovia,805056,37,0,3792,0
2020-07-12,Russia,NA,Mordovia,805056,37,0,3829,0
2020-07-13,Russia,NA,Mordovia,805056,36,0,3865,0
2020-07-14,Russia,NA,Mordovia,805056,36,0,3901,0
2020-07-15,Russia,NA,Mordovia,805056,37,0,3938,0
2020-07-16,Russia,NA,Mordovia,805056,38,0,3976,0
2020-07-17,Russia,NA,Mordovia,805056,38,0,4014,0
2020-07-18,Russia,NA,Mordovia,805056,37,0,4051,0
2020-07-19,Russia,NA,Mordovia,805056,35,0,4086,0
2020-07-20,Russia,NA,Mordovia,805056,35,0,4121,0
2020-07-21,Russia,NA,Mordovia,805056,36,0,4157,0
2020-07-22,Russia,NA,Mordovia,805056,35,0,4192,0
2020-07-23,Russia,NA,Mordovia,805056,35,0,4227,0
2020-07-24,Russia,NA,Mordovia,805056,34,0,4261,0
2020-07-25,Russia,NA,Mordovia,805056,34,0,4295,0
2020-07-26,Russia,NA,Mordovia,805056,33,0,4328,0
2020-07-27,Russia,NA,Mordovia,805056,32,0,4360,0
2020-07-28,Russia,NA,Mordovia,805056,32,0,4392,0
2020-07-29,Russia,NA,Mordovia,805056,32,0,4424,0
2020-07-30,Russia,NA,Mordovia,805056,33,0,4457,0
2020-07-31,Russia,NA,Mordovia,805056,33,0,4490,0
2020-08-01,Russia,NA,Mordovia,805056,32,0,4522,0
2020-08-02,Russia,NA,Mordovia,805056,31,0,4553,38
2020-08-03,Russia,NA,Mordovia,805056,32,0,4585,38
2020-08-04,Russia,NA,Mordovia,805056,31,0,4616,38
2020-08-05,Russia,NA,Mordovia,805056,31,0,4647,38
2020-08-06,Russia,NA,Mordovia,805056,32,0,4679,38
2020-08-07,Russia,NA,Mordovia,805056,30,0,4709,38
2020-08-08,Russia,NA,Mordovia,805056,30,0,4739,38
2020-08-09,Russia,NA,Mordovia,805056,29,0,4768,38
2020-08-10,Russia,NA,Mordovia,805056,30,0,4798,38
2020-08-11,Russia,NA,Mordovia,805056,30,0,4828,38
2020-08-12,Russia,NA,Mordovia,805056,29,0,4857,38
2020-08-13,Russia,NA,Mordovia,805056,31,0,4888,38
2020-08-14,Russia,NA,Mordovia,805056,32,0,4920,38
2020-08-15,Russia,NA,Mordovia,805056,32,0,4952,38
2020-08-16,Russia,NA,Mordovia,805056,31,0,4983,38
2020-08-17,Russia,NA,Mordovia,805056,32,0,5015,38
2020-08-18,Russia,NA,Mordovia,805056,32,0,5047,38
2020-08-19,Russia,NA,Mordovia,805056,31,0,5078,38
2020-08-20,Russia,NA,Mordovia,805056,31,0,5109,38
2020-08-21,Russia,NA,Mordovia,805056,32,0,5141,38
2020-08-22,Russia,NA,Mordovia,805056,33,0,5174,38
2020-08-23,Russia,NA,Mordovia,805056,33,0,5207,38
2020-08-24,Russia,NA,Mordovia,805056,31,0,5238,38
2020-08-25,Russia,NA,Mordovia,805056,31,0,5269,38
2020-08-26,Russia,NA,Mordovia,805056,32,0,5301,38
2020-08-27,Russia,NA,Mordovia,805056,33,0,5334,38
2020-08-28,Russia,NA,Mordovia,805056,33,0,5367,38
2020-08-29,Russia,NA,Mordovia,805056,32,0,5399,38
2020-08-30,Russia,NA,Mordovia,805056,31,0,5430,38
2020-08-31,Russia,NA,Mordovia,805056,32,0,5462,38
2020-03-20,Russia,NA,Moscow,12500123,33,0,132,0
2020-03-21,Russia,NA,Moscow,12500123,6,0,138,0
2020-03-22,Russia,NA,Moscow,12500123,54,0,192,0
2020-03-23,Russia,NA,Moscow,12500123,71,0,263,0
2020-03-24,Russia,NA,Moscow,12500123,28,0,291,0
2020-03-25,Russia,NA,Moscow,12500123,120,0,411,0
2020-03-26,Russia,NA,Moscow,12500123,136,0,547,0
2020-03-27,Russia,NA,Moscow,12500123,157,0,704,0
2020-03-28,Russia,NA,Moscow,12500123,114,0,818,0
2020-03-29,Russia,NA,Moscow,12500123,197,0,1015,0
2020-03-30,Russia,NA,Moscow,12500123,212,0,1227,0
2020-03-31,Russia,NA,Moscow,12500123,387,0,1614,0
2020-04-01,Russia,NA,Moscow,12500123,267,0,1881,0
2020-04-02,Russia,NA,Moscow,12500123,595,0,2476,0
2020-04-03,Russia,NA,Moscow,12500123,448,0,2924,0
2020-04-04,Russia,NA,Moscow,12500123,434,0,3358,0
2020-04-05,Russia,NA,Moscow,12500123,536,0,3894,0
2020-04-06,Russia,NA,Moscow,12500123,591,0,4485,0
2020-04-07,Russia,NA,Moscow,12500123,697,0,5182,0
2020-04-08,Russia,NA,Moscow,12500123,660,0,5842,0
2020-04-09,Russia,NA,Moscow,12500123,857,0,6699,0
2020-04-10,Russia,NA,Moscow,12500123,1124,0,7823,0
2020-04-11,Russia,NA,Moscow,12500123,1030,0,8853,0
2020-04-12,Russia,NA,Moscow,12500123,1306,0,10159,0
2020-04-13,Russia,NA,Moscow,12500123,1355,0,11514,0
2020-04-14,Russia,NA,Moscow,12500123,1489,0,13003,0
2020-04-15,Russia,NA,Moscow,12500123,1774,0,14777,0
2020-04-16,Russia,NA,Moscow,12500123,1370,0,16147,0
2020-04-17,Russia,NA,Moscow,12500123,1959,0,18106,0
2020-04-18,Russia,NA,Moscow,12500123,2649,0,20755,0
2020-04-19,Russia,NA,Moscow,12500123,3570,0,24325,0
2020-04-20,Russia,NA,Moscow,12500123,2026,0,26351,0
2020-04-21,Russia,NA,Moscow,12500123,3083,0,29434,0
2020-04-22,Russia,NA,Moscow,12500123,2548,0,31982,0
2020-04-23,Russia,NA,Moscow,12500123,1959,0,33941,0
2020-04-24,Russia,NA,Moscow,12500123,2957,0,36898,0
2020-04-25,Russia,NA,Moscow,12500123,2612,0,39510,0
2020-04-26,Russia,NA,Moscow,12500123,2971,0,42481,0
2020-04-27,Russia,NA,Moscow,12500123,2871,0,45352,0
2020-04-28,Russia,NA,Moscow,12500123,3075,0,48427,0
2020-04-29,Russia,NA,Moscow,12500123,2220,0,50647,0
2020-04-30,Russia,NA,Moscow,12500123,3093,0,53740,0
2020-05-01,Russia,NA,Moscow,12500123,3561,0,57301,0
2020-05-02,Russia,NA,Moscow,12500123,5358,0,62659,0
2020-05-03,Russia,NA,Moscow,12500123,5948,0,68607,0
2020-05-04,Russia,NA,Moscow,12500123,5795,0,74402,0
2020-05-05,Russia,NA,Moscow,12500123,5714,0,80116,0
2020-05-06,Russia,NA,Moscow,12500123,5858,0,85974,0
2020-05-07,Russia,NA,Moscow,12500123,6703,0,92677,0
2020-05-08,Russia,NA,Moscow,12500123,5846,0,98523,0
2020-05-09,Russia,NA,Moscow,12500123,5667,0,104190,0
2020-05-10,Russia,NA,Moscow,12500123,5551,0,109741,0
2020-05-11,Russia,NA,Moscow,12500123,6169,0,115910,0
2020-05-12,Russia,NA,Moscow,12500123,5392,0,121302,0
2020-05-13,Russia,NA,Moscow,12500123,4703,0,126005,0
2020-05-14,Russia,NA,Moscow,12500123,4712,0,130717,0
2020-05-15,Russia,NA,Moscow,12500123,4748,0,135465,0
2020-05-16,Russia,NA,Moscow,12500123,3505,0,138970,0
2020-05-17,Russia,NA,Moscow,12500123,3855,0,142825,0
2020-05-18,Russia,NA,Moscow,12500123,3238,0,146063,0
2020-05-19,Russia,NA,Moscow,12500123,3545,0,149608,0
2020-05-20,Russia,NA,Moscow,12500123,2699,0,152307,0
2020-05-21,Russia,NA,Moscow,12500123,2913,0,155220,0
2020-05-22,Russia,NA,Moscow,12500123,2988,0,158208,0
2020-05-23,Russia,NA,Moscow,12500123,3190,0,161398,0
2020-05-24,Russia,NA,Moscow,12500123,2516,0,163914,0
2020-05-25,Russia,NA,Moscow,12500123,2560,0,166474,0
2020-05-26,Russia,NA,Moscow,12500123,2830,0,169304,0
2020-05-27,Russia,NA,Moscow,12500123,2140,0,171444,0
2020-05-28,Russia,NA,Moscow,12500123,2054,0,173498,0
2020-05-29,Russia,NA,Moscow,12500123,2332,0,175830,0
2020-05-30,Russia,NA,Moscow,12500123,2367,0,178197,0
2020-05-31,Russia,NA,Moscow,12500123,2595,0,180792,0
2020-06-01,Russia,NA,Moscow,12500123,2297,0,183089,0
2020-06-02,Russia,NA,Moscow,12500123,2286,0,185375,0
2020-06-03,Russia,NA,Moscow,12500123,1842,0,187217,0
2020-06-04,Russia,NA,Moscow,12500123,1998,0,189215,0
2020-06-05,Russia,NA,Moscow,12500123,1855,0,191070,0
2020-06-06,Russia,NA,Moscow,12500123,1992,0,193062,0
2020-06-07,Russia,NA,Moscow,12500123,1956,0,195018,0
2020-06-08,Russia,NA,Moscow,12500123,2001,0,197019,0
2020-06-09,Russia,NA,Moscow,12500123,1572,0,198591,0
2020-06-10,Russia,NA,Moscow,12500123,1195,0,199786,0
2020-06-11,Russia,NA,Moscow,12500123,1436,0,201222,0
2020-06-12,Russia,NA,Moscow,12500123,1714,0,202936,0
2020-06-13,Russia,NA,Moscow,12500123,1493,0,204429,0
2020-06-14,Russia,NA,Moscow,12500123,1477,0,205906,0
2020-06-15,Russia,NA,Moscow,12500123,1359,0,207265,0
2020-06-16,Russia,NA,Moscow,12500123,1416,0,208681,0
2020-06-17,Russia,NA,Moscow,12500123,1065,0,209746,0
2020-06-18,Russia,NA,Moscow,12500123,1040,0,210786,0
2020-06-19,Russia,NA,Moscow,12500123,1136,0,211922,0
2020-06-20,Russia,NA,Moscow,12500123,1057,0,212979,0
2020-06-21,Russia,NA,Moscow,12500123,968,0,213947,0
2020-06-22,Russia,NA,Moscow,12500123,1068,0,215015,0
2020-06-23,Russia,NA,Moscow,12500123,1081,0,216096,0
2020-06-24,Russia,NA,Moscow,12500123,811,0,216907,0
2020-06-25,Russia,NA,Moscow,12500123,885,0,217792,0
2020-06-26,Russia,NA,Moscow,12500123,813,0,218605,0
2020-06-27,Russia,NA,Moscow,12500123,750,0,219355,0
2020-06-28,Russia,NA,Moscow,12500123,717,0,220072,0
2020-06-29,Russia,NA,Moscow,12500123,782,0,220854,0
2020-06-30,Russia,NA,Moscow,12500123,745,0,221599,0
2020-07-01,Russia,NA,Moscow,12500123,611,0,222210,0
2020-07-02,Russia,NA,Moscow,12500123,662,0,222872,0
2020-07-03,Russia,NA,Moscow,12500123,659,0,223531,0
2020-07-04,Russia,NA,Moscow,12500123,680,0,224211,0
2020-07-05,Russia,NA,Moscow,12500123,650,0,224861,0
2020-07-06,Russia,NA,Moscow,12500123,685,0,225546,0
2020-07-07,Russia,NA,Moscow,12500123,629,0,226175,0
2020-07-08,Russia,NA,Moscow,12500123,621,0,226796,0
2020-07-09,Russia,NA,Moscow,12500123,568,0,227364,0
2020-07-10,Russia,NA,Moscow,12500123,637,0,228001,0
2020-07-11,Russia,NA,Moscow,12500123,678,0,228679,0
2020-07-12,Russia,NA,Moscow,12500123,679,0,229358,0
2020-07-13,Russia,NA,Moscow,12500123,672,0,230030,0
2020-07-14,Russia,NA,Moscow,12500123,613,0,230643,0
2020-07-15,Russia,NA,Moscow,12500123,628,0,231271,0
2020-07-16,Russia,NA,Moscow,12500123,531,0,231802,0
2020-07-17,Russia,NA,Moscow,12500123,575,0,232377,0
2020-07-18,Russia,NA,Moscow,12500123,578,0,232955,0
2020-07-19,Russia,NA,Moscow,12500123,591,0,233546,0
2020-07-20,Russia,NA,Moscow,12500123,578,0,234124,0
2020-07-21,Russia,NA,Moscow,12500123,602,0,234726,0
2020-07-22,Russia,NA,Moscow,12500123,638,0,235364,0
2020-07-23,Russia,NA,Moscow,12500123,608,0,235972,0
2020-07-24,Russia,NA,Moscow,12500123,645,0,236617,0
2020-07-25,Russia,NA,Moscow,12500123,648,0,237265,0
2020-07-26,Russia,NA,Moscow,12500123,683,0,237948,0
2020-07-27,Russia,NA,Moscow,12500123,694,0,238642,0
2020-07-28,Russia,NA,Moscow,12500123,674,0,239316,0
2020-07-29,Russia,NA,Moscow,12500123,671,0,239987,0
2020-07-30,Russia,NA,Moscow,12500123,678,0,240665,0
2020-07-31,Russia,NA,Moscow,12500123,695,0,241360,0
2020-08-01,Russia,NA,Moscow,12500123,690,0,242050,0
2020-08-02,Russia,NA,Moscow,12500123,664,0,242713,4485
2020-08-03,Russia,NA,Moscow,12500123,693,13,243406,4498
2020-08-04,Russia,NA,Moscow,12500123,691,12,244097,4510
2020-08-05,Russia,NA,Moscow,12500123,687,11,244784,4521
2020-08-06,Russia,NA,Moscow,12500123,684,13,245468,4534
2020-08-07,Russia,NA,Moscow,12500123,686,12,246154,4546
2020-08-08,Russia,NA,Moscow,12500123,691,14,246845,4560
2020-08-09,Russia,NA,Moscow,12500123,689,12,247534,4572
2020-08-10,Russia,NA,Moscow,12500123,694,13,248228,4585
2020-08-11,Russia,NA,Moscow,12500123,694,14,248922,4599
2020-08-12,Russia,NA,Moscow,12500123,689,12,249611,4611
2020-08-13,Russia,NA,Moscow,12500123,692,11,250303,4622
2020-08-14,Russia,NA,Moscow,12500123,688,11,250991,4633
2020-08-15,Russia,NA,Moscow,12500123,695,12,251686,4645
2020-08-16,Russia,NA,Moscow,12500123,688,11,252374,4656
2020-08-17,Russia,NA,Moscow,12500123,690,10,253064,4666
2020-08-18,Russia,NA,Moscow,12500123,693,11,253757,4677
2020-08-19,Russia,NA,Moscow,12500123,691,10,254448,4687
2020-08-20,Russia,NA,Moscow,12500123,688,11,255136,4698
2020-08-21,Russia,NA,Moscow,12500123,690,12,255826,4710
2020-08-22,Russia,NA,Moscow,12500123,687,10,256513,4720
2020-08-23,Russia,NA,Moscow,12500123,611,11,257124,4731
2020-08-24,Russia,NA,Moscow,12500123,625,10,257749,4741
2020-08-25,Russia,NA,Moscow,12500123,681,12,258430,4753
2020-08-26,Russia,NA,Moscow,12500123,640,11,259070,4764
2020-08-27,Russia,NA,Moscow,12500123,637,12,259707,4776
2020-08-28,Russia,NA,Moscow,12500123,654,10,260361,4786
2020-08-29,Russia,NA,Moscow,12500123,677,12,261038,4798
2020-08-30,Russia,NA,Moscow,12500123,695,11,261733,4809
2020-08-31,Russia,NA,Moscow,12500123,685,12,262418,4821
2020-03-29,Russia,NA,Moscow Oblast,7503385,27,0,111,0
2020-03-30,Russia,NA,Moscow Oblast,7503385,7,0,118,0
2020-04-01,Russia,NA,Moscow Oblast,7503385,15,0,133,0
2020-04-02,Russia,NA,Moscow Oblast,7503385,43,0,176,0
2020-04-03,Russia,NA,Moscow Oblast,7503385,34,0,210,0
2020-04-04,Russia,NA,Moscow Oblast,7503385,49,0,259,0
2020-04-05,Russia,NA,Moscow Oblast,7503385,45,0,304,0
2020-04-06,Russia,NA,Moscow Oblast,7503385,82,0,386,0
2020-04-07,Russia,NA,Moscow Oblast,7503385,67,0,453,0
2020-04-08,Russia,NA,Moscow Oblast,7503385,95,0,548,0
2020-04-09,Russia,NA,Moscow Oblast,7503385,199,0,747,0
2020-04-10,Russia,NA,Moscow Oblast,7503385,182,0,929,0
2020-04-11,Russia,NA,Moscow Oblast,7503385,152,0,1081,0
2020-04-12,Russia,NA,Moscow Oblast,7503385,278,0,1359,0
2020-04-13,Russia,NA,Moscow Oblast,7503385,495,0,1854,0
2020-04-14,Russia,NA,Moscow Oblast,7503385,460,0,2314,0
2020-04-15,Russia,NA,Moscow Oblast,7503385,272,0,2586,0
2020-04-16,Russia,NA,Moscow Oblast,7503385,467,0,3053,0
2020-04-17,Russia,NA,Moscow Oblast,7503385,472,0,3525,0
2020-04-18,Russia,NA,Moscow Oblast,7503385,428,0,3953,0
2020-04-19,Russia,NA,Moscow Oblast,7503385,709,0,4662,0
2020-04-20,Russia,NA,Moscow Oblast,7503385,578,0,5240,0
2020-04-21,Russia,NA,Moscow Oblast,7503385,718,0,5958,0
2020-04-22,Russia,NA,Moscow Oblast,7503385,631,0,6589,0
2020-04-23,Russia,NA,Moscow Oblast,7503385,688,0,7277,0
2020-04-24,Russia,NA,Moscow Oblast,7503385,611,0,7888,0
2020-04-25,Russia,NA,Moscow Oblast,7503385,605,0,8493,0
2020-04-26,Russia,NA,Moscow Oblast,7503385,576,0,9069,0
2020-04-27,Russia,NA,Moscow Oblast,7503385,638,0,9707,0
2020-04-28,Russia,NA,Moscow Oblast,7503385,523,0,10230,0
2020-04-29,Russia,NA,Moscow Oblast,7503385,686,0,10916,0
2020-04-30,Russia,NA,Moscow Oblast,7503385,793,0,11709,0
2020-05-01,Russia,NA,Moscow Oblast,7503385,797,0,12506,0
2020-05-02,Russia,NA,Moscow Oblast,7503385,807,0,13313,0
2020-05-03,Russia,NA,Moscow Oblast,7503385,822,0,14135,0
2020-05-04,Russia,NA,Moscow Oblast,7503385,803,0,14938,0
2020-05-05,Russia,NA,Moscow Oblast,7503385,822,0,15760,0
2020-05-06,Russia,NA,Moscow Oblast,7503385,829,0,16589,0
2020-05-07,Russia,NA,Moscow Oblast,7503385,842,0,17431,0
2020-05-08,Russia,NA,Moscow Oblast,7503385,918,0,18349,0
2020-05-09,Russia,NA,Moscow Oblast,7503385,1075,0,19424,0
2020-05-10,Russia,NA,Moscow Oblast,7503385,1133,0,20557,0
2020-05-11,Russia,NA,Moscow Oblast,7503385,1079,0,21636,0
2020-05-12,Russia,NA,Moscow Oblast,7503385,1063,0,22699,0
2020-05-13,Russia,NA,Moscow Oblast,7503385,962,0,23661,0
2020-05-14,Russia,NA,Moscow Oblast,7503385,918,0,24579,0
2020-05-15,Russia,NA,Moscow Oblast,7503385,945,0,25524,0
2020-05-16,Russia,NA,Moscow Oblast,7503385,937,0,26461,0
2020-05-17,Russia,NA,Moscow Oblast,7503385,907,0,27368,0
2020-05-18,Russia,NA,Moscow Oblast,7503385,921,0,28289,0
2020-05-19,Russia,NA,Moscow Oblast,7503385,898,0,29187,0
2020-05-20,Russia,NA,Moscow Oblast,7503385,903,0,30090,0
2020-05-21,Russia,NA,Moscow Oblast,7503385,892,0,30982,0
2020-05-22,Russia,NA,Moscow Oblast,7503385,824,0,31806,0
2020-05-23,Russia,NA,Moscow Oblast,7503385,846,0,32652,0
2020-05-24,Russia,NA,Moscow Oblast,7503385,862,0,33514,0
2020-05-25,Russia,NA,Moscow Oblast,7503385,831,0,34345,0
2020-05-26,Russia,NA,Moscow Oblast,7503385,817,0,35162,0
2020-05-27,Russia,NA,Moscow Oblast,7503385,793,0,35955,0
2020-05-28,Russia,NA,Moscow Oblast,7503385,774,0,36729,0
2020-05-29,Russia,NA,Moscow Oblast,7503385,773,0,37502,0
2020-05-30,Russia,NA,Moscow Oblast,7503385,735,0,38237,0
2020-05-31,Russia,NA,Moscow Oblast,7503385,757,0,38994,0
2020-06-01,Russia,NA,Moscow Oblast,7503385,728,0,39722,0
2020-06-02,Russia,NA,Moscow Oblast,7503385,732,0,40454,0
2020-06-03,Russia,NA,Moscow Oblast,7503385,736,0,41190,0
2020-06-04,Russia,NA,Moscow Oblast,7503385,767,0,41957,0
2020-06-05,Russia,NA,Moscow Oblast,7503385,762,0,42719,0
2020-06-06,Russia,NA,Moscow Oblast,7503385,758,0,43477,0
2020-06-07,Russia,NA,Moscow Oblast,7503385,754,0,44231,0
2020-06-08,Russia,NA,Moscow Oblast,7503385,751,0,44982,0
2020-06-09,Russia,NA,Moscow Oblast,7503385,739,0,45721,0
2020-06-10,Russia,NA,Moscow Oblast,7503385,735,0,46456,0
2020-06-11,Russia,NA,Moscow Oblast,7503385,724,0,47180,0
2020-06-12,Russia,NA,Moscow Oblast,7503385,730,0,47910,0
2020-06-13,Russia,NA,Moscow Oblast,7503385,725,0,48635,0
2020-06-14,Russia,NA,Moscow Oblast,7503385,717,0,49352,0
2020-06-15,Russia,NA,Moscow Oblast,7503385,689,0,50041,0
2020-06-16,Russia,NA,Moscow Oblast,7503385,694,0,50735,0
2020-06-17,Russia,NA,Moscow Oblast,7503385,680,0,51415,0
2020-06-18,Russia,NA,Moscow Oblast,7503385,667,0,52082,0
2020-06-19,Russia,NA,Moscow Oblast,7503385,646,0,52728,0
2020-06-20,Russia,NA,Moscow Oblast,7503385,591,0,53319,0
2020-06-21,Russia,NA,Moscow Oblast,7503385,549,0,53868,0
2020-06-22,Russia,NA,Moscow Oblast,7503385,506,0,54374,0
2020-06-23,Russia,NA,Moscow Oblast,7503385,504,0,54878,0
2020-06-24,Russia,NA,Moscow Oblast,7503385,507,0,55385,0
2020-06-25,Russia,NA,Moscow Oblast,7503385,467,0,55852,0
2020-06-26,Russia,NA,Moscow Oblast,7503385,390,0,56242,0
2020-06-27,Russia,NA,Moscow Oblast,7503385,366,0,56608,0
2020-06-28,Russia,NA,Moscow Oblast,7503385,325,0,56933,0
2020-06-29,Russia,NA,Moscow Oblast,7503385,335,0,57268,0
2020-06-30,Russia,NA,Moscow Oblast,7503385,301,0,57569,0
2020-07-01,Russia,NA,Moscow Oblast,7503385,306,0,57875,0
2020-07-02,Russia,NA,Moscow Oblast,7503385,317,0,58192,0
2020-07-03,Russia,NA,Moscow Oblast,7503385,298,0,58490,0
2020-07-04,Russia,NA,Moscow Oblast,7503385,275,0,58765,0
2020-07-05,Russia,NA,Moscow Oblast,7503385,287,0,59052,0
2020-07-06,Russia,NA,Moscow Oblast,7503385,292,0,59344,0
2020-07-07,Russia,NA,Moscow Oblast,7503385,177,0,59521,0
2020-07-08,Russia,NA,Moscow Oblast,7503385,194,0,59715,0
2020-07-09,Russia,NA,Moscow Oblast,7503385,192,0,59907,0
2020-07-10,Russia,NA,Moscow Oblast,7503385,199,0,60106,0
2020-07-11,Russia,NA,Moscow Oblast,7503385,188,0,60294,0
2020-07-12,Russia,NA,Moscow Oblast,7503385,197,0,60491,0
2020-07-13,Russia,NA,Moscow Oblast,7503385,196,0,60687,0
2020-07-14,Russia,NA,Moscow Oblast,7503385,198,0,60885,0
2020-07-15,Russia,NA,Moscow Oblast,7503385,173,0,61058,0
2020-07-16,Russia,NA,Moscow Oblast,7503385,174,0,61232,0
2020-07-17,Russia,NA,Moscow Oblast,7503385,166,0,61398,0
2020-07-18,Russia,NA,Moscow Oblast,7503385,173,0,61571,0
2020-07-19,Russia,NA,Moscow Oblast,7503385,171,0,61742,0
2020-07-20,Russia,NA,Moscow Oblast,7503385,153,0,61895,0
2020-07-21,Russia,NA,Moscow Oblast,7503385,149,0,62044,0
2020-07-22,Russia,NA,Moscow Oblast,7503385,128,0,62172,0
2020-07-23,Russia,NA,Moscow Oblast,7503385,145,0,62317,0
2020-07-24,Russia,NA,Moscow Oblast,7503385,143,0,62460,0
2020-07-25,Russia,NA,Moscow Oblast,7503385,148,0,62608,0
2020-07-26,Russia,NA,Moscow Oblast,7503385,144,0,62752,0
2020-07-27,Russia,NA,Moscow Oblast,7503385,139,0,62891,0
2020-07-28,Russia,NA,Moscow Oblast,7503385,126,0,63017,0
2020-07-29,Russia,NA,Moscow Oblast,7503385,137,0,63154,0
2020-07-30,Russia,NA,Moscow Oblast,7503385,144,0,63298,0
2020-07-31,Russia,NA,Moscow Oblast,7503385,150,0,63448,0
2020-08-01,Russia,NA,Moscow Oblast,7503385,149,0,63597,0
2020-08-02,Russia,NA,Moscow Oblast,7503385,157,0,63755,1113
2020-08-03,Russia,NA,Moscow Oblast,7503385,160,1,63915,1114
2020-08-04,Russia,NA,Moscow Oblast,7503385,161,3,64076,1117
2020-08-05,Russia,NA,Moscow Oblast,7503385,162,2,64238,1119
2020-08-06,Russia,NA,Moscow Oblast,7503385,159,1,64397,1120
2020-08-07,Russia,NA,Moscow Oblast,7503385,158,0,64555,1120
2020-08-08,Russia,NA,Moscow Oblast,7503385,161,2,64716,1122
2020-08-09,Russia,NA,Moscow Oblast,7503385,149,1,64865,1123
2020-08-10,Russia,NA,Moscow Oblast,7503385,153,1,65018,1124
2020-08-11,Russia,NA,Moscow Oblast,7503385,154,3,65172,1127
2020-08-12,Russia,NA,Moscow Oblast,7503385,152,5,65324,1132
2020-08-13,Russia,NA,Moscow Oblast,7503385,148,4,65472,1136
2020-08-14,Russia,NA,Moscow Oblast,7503385,156,3,65628,1139
2020-08-15,Russia,NA,Moscow Oblast,7503385,153,2,65781,1141
2020-08-16,Russia,NA,Moscow Oblast,7503385,154,3,65935,1144
2020-08-17,Russia,NA,Moscow Oblast,7503385,153,2,66088,1146
2020-08-18,Russia,NA,Moscow Oblast,7503385,145,5,66233,1151
2020-08-19,Russia,NA,Moscow Oblast,7503385,151,4,66384,1155
2020-08-20,Russia,NA,Moscow Oblast,7503385,157,2,66541,1157
2020-08-21,Russia,NA,Moscow Oblast,7503385,151,3,66692,1160
2020-08-22,Russia,NA,Moscow Oblast,7503385,161,1,66853,1161
2020-08-23,Russia,NA,Moscow Oblast,7503385,164,5,67017,1166
2020-08-24,Russia,NA,Moscow Oblast,7503385,148,3,67165,1169
2020-08-25,Russia,NA,Moscow Oblast,7503385,143,2,67308,1171
2020-08-26,Russia,NA,Moscow Oblast,7503385,143,3,67451,1174
2020-08-27,Russia,NA,Moscow Oblast,7503385,148,0,67599,1174
2020-08-28,Russia,NA,Moscow Oblast,7503385,150,4,67749,1178
2020-08-29,Russia,NA,Moscow Oblast,7503385,163,4,67912,1182
2020-08-30,Russia,NA,Moscow Oblast,7503385,165,3,68077,1185
2020-08-31,Russia,NA,Moscow Oblast,7503385,146,2,68223,1187
2020-04-12,Russia,NA,Murmansk Oblast,753557,61,0,128,0
2020-04-15,Russia,NA,Murmansk Oblast,753557,137,0,265,0
2020-04-16,Russia,NA,Murmansk Oblast,753557,41,0,306,0
2020-04-17,Russia,NA,Murmansk Oblast,753557,8,0,314,0
2020-04-18,Russia,NA,Murmansk Oblast,753557,7,0,321,0
2020-04-19,Russia,NA,Murmansk Oblast,753557,33,0,354,0
2020-04-20,Russia,NA,Murmansk Oblast,753557,46,0,400,0
2020-04-21,Russia,NA,Murmansk Oblast,753557,35,0,435,0
2020-04-22,Russia,NA,Murmansk Oblast,753557,71,0,506,0
2020-04-23,Russia,NA,Murmansk Oblast,753557,97,0,603,0
2020-04-24,Russia,NA,Murmansk Oblast,753557,60,0,663,0
2020-04-25,Russia,NA,Murmansk Oblast,753557,193,0,856,0
2020-04-26,Russia,NA,Murmansk Oblast,753557,105,0,961,0
2020-04-27,Russia,NA,Murmansk Oblast,753557,28,0,989,0
2020-04-28,Russia,NA,Murmansk Oblast,753557,67,0,1056,0
2020-04-29,Russia,NA,Murmansk Oblast,753557,70,0,1126,0
2020-04-30,Russia,NA,Murmansk Oblast,753557,101,0,1227,0
2020-05-01,Russia,NA,Murmansk Oblast,753557,86,0,1313,0
2020-05-02,Russia,NA,Murmansk Oblast,753557,143,0,1456,0
2020-05-03,Russia,NA,Murmansk Oblast,753557,238,0,1694,0
2020-05-04,Russia,NA,Murmansk Oblast,753557,280,0,1974,0
2020-05-05,Russia,NA,Murmansk Oblast,753557,127,0,2101,0
2020-05-06,Russia,NA,Murmansk Oblast,753557,136,0,2237,0
2020-05-07,Russia,NA,Murmansk Oblast,753557,35,0,2272,0
2020-05-08,Russia,NA,Murmansk Oblast,753557,50,0,2322,0
2020-05-09,Russia,NA,Murmansk Oblast,753557,18,0,2340,0
2020-05-10,Russia,NA,Murmansk Oblast,753557,31,0,2371,0
2020-05-11,Russia,NA,Murmansk Oblast,753557,45,0,2416,0
2020-05-12,Russia,NA,Murmansk Oblast,753557,12,0,2428,0
2020-05-13,Russia,NA,Murmansk Oblast,753557,43,0,2471,0
2020-05-14,Russia,NA,Murmansk Oblast,753557,21,0,2492,0
2020-05-15,Russia,NA,Murmansk Oblast,753557,59,0,2551,0
2020-05-16,Russia,NA,Murmansk Oblast,753557,93,0,2644,0
2020-05-17,Russia,NA,Murmansk Oblast,753557,10,0,2654,0
2020-05-18,Russia,NA,Murmansk Oblast,753557,12,0,2666,0
2020-05-19,Russia,NA,Murmansk Oblast,753557,18,0,2684,0
2020-05-20,Russia,NA,Murmansk Oblast,753557,30,0,2714,0
2020-05-21,Russia,NA,Murmansk Oblast,753557,67,0,2781,0
2020-05-22,Russia,NA,Murmansk Oblast,753557,53,0,2834,0
2020-05-23,Russia,NA,Murmansk Oblast,753557,34,0,2868,0
2020-05-24,Russia,NA,Murmansk Oblast,753557,32,0,2900,0
2020-05-25,Russia,NA,Murmansk Oblast,753557,36,0,2936,0
2020-05-26,Russia,NA,Murmansk Oblast,753557,45,0,2981,0
2020-05-27,Russia,NA,Murmansk Oblast,753557,49,0,3030,0
2020-05-28,Russia,NA,Murmansk Oblast,753557,46,0,3076,0
2020-05-29,Russia,NA,Murmansk Oblast,753557,60,0,3136,0
2020-05-30,Russia,NA,Murmansk Oblast,753557,45,0,3181,0
2020-05-31,Russia,NA,Murmansk Oblast,753557,41,0,3222,0
2020-06-01,Russia,NA,Murmansk Oblast,753557,42,0,3264,0
2020-06-02,Russia,NA,Murmansk Oblast,753557,32,0,3296,0
2020-06-03,Russia,NA,Murmansk Oblast,753557,46,0,3342,0
2020-06-04,Russia,NA,Murmansk Oblast,753557,33,0,3375,0
2020-06-05,Russia,NA,Murmansk Oblast,753557,47,0,3422,0
2020-06-06,Russia,NA,Murmansk Oblast,753557,50,0,3472,0
2020-06-07,Russia,NA,Murmansk Oblast,753557,58,0,3530,0
2020-06-08,Russia,NA,Murmansk Oblast,753557,46,0,3576,0
2020-06-09,Russia,NA,Murmansk Oblast,753557,98,0,3674,0
2020-06-10,Russia,NA,Murmansk Oblast,753557,26,0,3700,0
2020-06-11,Russia,NA,Murmansk Oblast,753557,60,0,3760,0
2020-06-12,Russia,NA,Murmansk Oblast,753557,58,0,3818,0
2020-06-13,Russia,NA,Murmansk Oblast,753557,71,0,3889,0
2020-06-14,Russia,NA,Murmansk Oblast,753557,57,0,3946,0
2020-06-15,Russia,NA,Murmansk Oblast,753557,65,0,4011,0
2020-06-16,Russia,NA,Murmansk Oblast,753557,72,0,4083,0
2020-06-17,Russia,NA,Murmansk Oblast,753557,72,0,4155,0
2020-06-18,Russia,NA,Murmansk Oblast,753557,64,0,4219,0
2020-06-19,Russia,NA,Murmansk Oblast,753557,61,0,4280,0
2020-06-20,Russia,NA,Murmansk Oblast,753557,66,0,4346,0
2020-06-21,Russia,NA,Murmansk Oblast,753557,85,0,4431,0
2020-06-22,Russia,NA,Murmansk Oblast,753557,85,0,4516,0
2020-06-23,Russia,NA,Murmansk Oblast,753557,70,0,4586,0
2020-06-24,Russia,NA,Murmansk Oblast,753557,74,0,4660,0
2020-06-25,Russia,NA,Murmansk Oblast,753557,72,0,4732,0
2020-06-26,Russia,NA,Murmansk Oblast,753557,79,0,4811,0
2020-06-27,Russia,NA,Murmansk Oblast,753557,90,0,4901,0
2020-06-28,Russia,NA,Murmansk Oblast,753557,93,0,4994,0
2020-06-29,Russia,NA,Murmansk Oblast,753557,99,0,5093,0
2020-06-30,Russia,NA,Murmansk Oblast,753557,118,0,5211,0
2020-07-01,Russia,NA,Murmansk Oblast,753557,135,0,5346,0
2020-07-02,Russia,NA,Murmansk Oblast,753557,139,0,5485,0
2020-07-03,Russia,NA,Murmansk Oblast,753557,147,0,5632,0
2020-07-04,Russia,NA,Murmansk Oblast,753557,134,0,5766,0
2020-07-05,Russia,NA,Murmansk Oblast,753557,137,0,5903,0
2020-07-06,Russia,NA,Murmansk Oblast,753557,135,0,6038,0
2020-07-07,Russia,NA,Murmansk Oblast,753557,158,0,6196,0
2020-07-08,Russia,NA,Murmansk Oblast,753557,163,0,6359,0
2020-07-09,Russia,NA,Murmansk Oblast,753557,153,0,6512,0
2020-07-10,Russia,NA,Murmansk Oblast,753557,173,0,6685,0
2020-07-11,Russia,NA,Murmansk Oblast,753557,181,0,6866,0
2020-07-12,Russia,NA,Murmansk Oblast,753557,183,0,7049,0
2020-07-13,Russia,NA,Murmansk Oblast,753557,179,0,7228,0
2020-07-14,Russia,NA,Murmansk Oblast,753557,182,0,7410,0
2020-07-15,Russia,NA,Murmansk Oblast,753557,187,0,7597,0
2020-07-16,Russia,NA,Murmansk Oblast,753557,183,0,7780,0
2020-07-17,Russia,NA,Murmansk Oblast,753557,163,0,7943,0
2020-07-18,Russia,NA,Murmansk Oblast,753557,162,0,8105,0
2020-07-19,Russia,NA,Murmansk Oblast,753557,167,0,8272,0
2020-07-20,Russia,NA,Murmansk Oblast,753557,172,0,8444,0
2020-07-21,Russia,NA,Murmansk Oblast,753557,172,0,8616,0
2020-07-22,Russia,NA,Murmansk Oblast,753557,183,0,8799,0
2020-07-23,Russia,NA,Murmansk Oblast,753557,177,0,8976,0
2020-07-24,Russia,NA,Murmansk Oblast,753557,170,0,9146,0
2020-07-25,Russia,NA,Murmansk Oblast,753557,165,0,9311,0
2020-07-26,Russia,NA,Murmansk Oblast,753557,158,0,9469,0
2020-07-27,Russia,NA,Murmansk Oblast,753557,158,0,9627,0
2020-07-28,Russia,NA,Murmansk Oblast,753557,164,0,9791,0
2020-07-29,Russia,NA,Murmansk Oblast,753557,156,0,9947,0
2020-07-30,Russia,NA,Murmansk Oblast,753557,146,0,10093,0
2020-07-31,Russia,NA,Murmansk Oblast,753557,139,0,10232,0
2020-08-01,Russia,NA,Murmansk Oblast,753557,138,0,10370,0
2020-08-02,Russia,NA,Murmansk Oblast,753557,137,0,10507,79
2020-08-03,Russia,NA,Murmansk Oblast,753557,133,2,10640,81
2020-08-04,Russia,NA,Murmansk Oblast,753557,129,3,10769,84
2020-08-05,Russia,NA,Murmansk Oblast,753557,126,2,10895,86
2020-08-06,Russia,NA,Murmansk Oblast,753557,122,2,11017,88
2020-08-07,Russia,NA,Murmansk Oblast,753557,119,2,11136,90
2020-08-08,Russia,NA,Murmansk Oblast,753557,116,4,11252,94
2020-08-09,Russia,NA,Murmansk Oblast,753557,98,2,11350,96
2020-08-10,Russia,NA,Murmansk Oblast,753557,89,2,11439,98
2020-08-11,Russia,NA,Murmansk Oblast,753557,78,3,11517,101
2020-08-12,Russia,NA,Murmansk Oblast,753557,72,3,11589,104
2020-08-13,Russia,NA,Murmansk Oblast,753557,67,3,11656,107
2020-08-14,Russia,NA,Murmansk Oblast,753557,64,2,11720,109
2020-08-15,Russia,NA,Murmansk Oblast,753557,67,3,11787,112
2020-08-16,Russia,NA,Murmansk Oblast,753557,62,4,11849,116
2020-08-17,Russia,NA,Murmansk Oblast,753557,65,5,11914,121
2020-08-18,Russia,NA,Murmansk Oblast,753557,67,4,11981,125
2020-08-19,Russia,NA,Murmansk Oblast,753557,65,4,12046,129
2020-08-20,Russia,NA,Murmansk Oblast,753557,62,4,12108,133
2020-08-21,Russia,NA,Murmansk Oblast,753557,63,0,12171,133
2020-08-22,Russia,NA,Murmansk Oblast,753557,65,7,12236,140
2020-08-23,Russia,NA,Murmansk Oblast,753557,66,4,12302,144
2020-08-24,Russia,NA,Murmansk Oblast,753557,62,4,12364,148
2020-08-25,Russia,NA,Murmansk Oblast,753557,64,4,12428,152
2020-08-26,Russia,NA,Murmansk Oblast,753557,68,2,12496,154
2020-08-27,Russia,NA,Murmansk Oblast,753557,69,3,12565,157
2020-08-28,Russia,NA,Murmansk Oblast,753557,66,0,12631,157
2020-08-29,Russia,NA,Murmansk Oblast,753557,65,1,12696,158
2020-08-30,Russia,NA,Murmansk Oblast,753557,64,1,12760,159
2020-08-31,Russia,NA,Murmansk Oblast,753557,67,0,12827,159
2020-06-27,Russia,NA,Nenets Avtonomnyy Okrug,43997,6,0,102,0
2020-06-30,Russia,NA,Nenets Avtonomnyy Okrug,43997,2,0,104,0
2020-07-01,Russia,NA,Nenets Avtonomnyy Okrug,43997,3,0,107,0
2020-07-03,Russia,NA,Nenets Avtonomnyy Okrug,43997,22,0,129,0
2020-07-04,Russia,NA,Nenets Avtonomnyy Okrug,43997,2,0,131,0
2020-07-05,Russia,NA,Nenets Avtonomnyy Okrug,43997,21,0,152,0
2020-07-06,Russia,NA,Nenets Avtonomnyy Okrug,43997,6,0,158,0
2020-07-08,Russia,NA,Nenets Avtonomnyy Okrug,43997,13,0,171,0
2020-07-09,Russia,NA,Nenets Avtonomnyy Okrug,43997,7,0,178,0
2020-07-10,Russia,NA,Nenets Avtonomnyy Okrug,43997,12,0,190,0
2020-07-12,Russia,NA,Nenets Avtonomnyy Okrug,43997,25,0,215,0
2020-07-13,Russia,NA,Nenets Avtonomnyy Okrug,43997,35,0,250,0
2020-07-14,Russia,NA,Nenets Avtonomnyy Okrug,43997,1,0,251,0
2020-07-15,Russia,NA,Nenets Avtonomnyy Okrug,43997,3,0,254,0
2020-07-16,Russia,NA,Nenets Avtonomnyy Okrug,43997,1,0,255,0
2020-07-17,Russia,NA,Nenets Avtonomnyy Okrug,43997,1,0,256,0
2020-07-18,Russia,NA,Nenets Avtonomnyy Okrug,43997,1,0,257,0
2020-07-19,Russia,NA,Nenets Avtonomnyy Okrug,43997,1,0,258,0
2020-07-20,Russia,NA,Nenets Avtonomnyy Okrug,43997,2,0,260,0
2020-07-24,Russia,NA,Nenets Avtonomnyy Okrug,43997,1,0,261,0
2020-07-25,Russia,NA,Nenets Avtonomnyy Okrug,43997,3,0,264,0
2020-07-28,Russia,NA,Nenets Avtonomnyy Okrug,43997,1,0,265,0
2020-07-29,Russia,NA,Nenets Avtonomnyy Okrug,43997,3,0,268,0
2020-07-30,Russia,NA,Nenets Avtonomnyy Okrug,43997,5,0,273,0
2020-07-31,Russia,NA,Nenets Avtonomnyy Okrug,43997,1,0,274,0
2020-08-02,Russia,NA,Nenets Avtonomnyy Okrug,43997,1,0,275,0
2020-08-03,Russia,NA,Nenets Avtonomnyy Okrug,43997,0,0,275,0
2020-08-04,Russia,NA,Nenets Avtonomnyy Okrug,43997,0,0,275,0
2020-08-05,Russia,NA,Nenets Avtonomnyy Okrug,43997,8,0,283,0
2020-08-06,Russia,NA,Nenets Avtonomnyy Okrug,43997,1,0,284,0
2020-08-07,Russia,NA,Nenets Avtonomnyy Okrug,43997,0,0,284,0
2020-08-08,Russia,NA,Nenets Avtonomnyy Okrug,43997,3,0,287,0
2020-08-09,Russia,NA,Nenets Avtonomnyy Okrug,43997,0,0,287,0
2020-08-10,Russia,NA,Nenets Avtonomnyy Okrug,43997,0,0,287,0
2020-08-11,Russia,NA,Nenets Avtonomnyy Okrug,43997,1,0,288,0
2020-08-12,Russia,NA,Nenets Avtonomnyy Okrug,43997,1,0,289,0
2020-08-13,Russia,NA,Nenets Avtonomnyy Okrug,43997,0,0,289,0
2020-08-14,Russia,NA,Nenets Avtonomnyy Okrug,43997,0,0,289,0
2020-08-15,Russia,NA,Nenets Avtonomnyy Okrug,43997,8,0,297,0
2020-08-16,Russia,NA,Nenets Avtonomnyy Okrug,43997,0,0,297,0
2020-08-17,Russia,NA,Nenets Avtonomnyy Okrug,43997,0,0,297,0
2020-08-18,Russia,NA,Nenets Avtonomnyy Okrug,43997,0,0,297,0
2020-08-19,Russia,NA,Nenets Avtonomnyy Okrug,43997,2,0,299,0
2020-08-20,Russia,NA,Nenets Avtonomnyy Okrug,43997,0,0,299,0
2020-08-21,Russia,NA,Nenets Avtonomnyy Okrug,43997,4,0,303,0
2020-08-22,Russia,NA,Nenets Avtonomnyy Okrug,43997,0,0,303,0
2020-08-23,Russia,NA,Nenets Avtonomnyy Okrug,43997,0,0,303,0
2020-08-24,Russia,NA,Nenets Avtonomnyy Okrug,43997,0,0,303,0
2020-08-25,Russia,NA,Nenets Avtonomnyy Okrug,43997,2,0,305,0
2020-08-26,Russia,NA,Nenets Avtonomnyy Okrug,43997,4,0,309,0
2020-08-27,Russia,NA,Nenets Avtonomnyy Okrug,43997,2,0,311,0
2020-08-28,Russia,NA,Nenets Avtonomnyy Okrug,43997,0,0,311,0
2020-08-29,Russia,NA,Nenets Avtonomnyy Okrug,43997,3,0,314,0
2020-04-10,Russia,NA,Nizhny Novgorod Oblast,3234752,32,0,119,0
2020-04-11,Russia,NA,Nizhny Novgorod Oblast,3234752,33,0,152,0
2020-04-12,Russia,NA,Nizhny Novgorod Oblast,3234752,42,0,194,0
2020-04-13,Russia,NA,Nizhny Novgorod Oblast,3234752,30,0,224,0
2020-04-14,Russia,NA,Nizhny Novgorod Oblast,3234752,68,0,292,0
2020-04-15,Russia,NA,Nizhny Novgorod Oblast,3234752,47,0,339,0
2020-04-16,Russia,NA,Nizhny Novgorod Oblast,3234752,65,0,404,0
2020-04-17,Russia,NA,Nizhny Novgorod Oblast,3234752,54,0,458,0
2020-04-18,Russia,NA,Nizhny Novgorod Oblast,3234752,59,0,517,0
2020-04-19,Russia,NA,Nizhny Novgorod Oblast,3234752,129,0,646,0
2020-04-20,Russia,NA,Nizhny Novgorod Oblast,3234752,113,0,759,0
2020-04-21,Russia,NA,Nizhny Novgorod Oblast,3234752,101,0,860,0
2020-04-22,Russia,NA,Nizhny Novgorod Oblast,3234752,69,0,929,0
2020-04-23,Russia,NA,Nizhny Novgorod Oblast,3234752,73,0,1002,0
2020-04-24,Russia,NA,Nizhny Novgorod Oblast,3234752,94,0,1096,0
2020-04-25,Russia,NA,Nizhny Novgorod Oblast,3234752,118,0,1214,0
2020-04-26,Russia,NA,Nizhny Novgorod Oblast,3234752,153,0,1367,0
2020-04-27,Russia,NA,Nizhny Novgorod Oblast,3234752,207,0,1574,0
2020-04-28,Russia,NA,Nizhny Novgorod Oblast,3234752,89,0,1663,0
2020-04-29,Russia,NA,Nizhny Novgorod Oblast,3234752,131,0,1794,0
2020-04-30,Russia,NA,Nizhny Novgorod Oblast,3234752,150,0,1944,0
2020-05-01,Russia,NA,Nizhny Novgorod Oblast,3234752,179,0,2123,0
2020-05-02,Russia,NA,Nizhny Novgorod Oblast,3234752,320,0,2443,0
2020-05-03,Russia,NA,Nizhny Novgorod Oblast,3234752,252,0,2695,0
2020-05-04,Russia,NA,Nizhny Novgorod Oblast,3234752,157,0,2852,0
2020-05-05,Russia,NA,Nizhny Novgorod Oblast,3234752,174,0,3026,0
2020-05-06,Russia,NA,Nizhny Novgorod Oblast,3234752,272,0,3298,0
2020-05-07,Russia,NA,Nizhny Novgorod Oblast,3234752,312,0,3610,0
2020-05-08,Russia,NA,Nizhny Novgorod Oblast,3234752,276,0,3886,0
2020-05-09,Russia,NA,Nizhny Novgorod Oblast,3234752,294,0,4180,0
2020-05-10,Russia,NA,Nizhny Novgorod Oblast,3234752,262,0,4442,0
2020-05-11,Russia,NA,Nizhny Novgorod Oblast,3234752,291,0,4733,0
2020-05-12,Russia,NA,Nizhny Novgorod Oblast,3234752,354,0,5087,0
2020-05-13,Russia,NA,Nizhny Novgorod Oblast,3234752,271,0,5358,0
2020-05-14,Russia,NA,Nizhny Novgorod Oblast,3234752,238,0,5596,0
2020-05-15,Russia,NA,Nizhny Novgorod Oblast,3234752,307,0,5903,0
2020-05-16,Russia,NA,Nizhny Novgorod Oblast,3234752,229,0,6132,0
2020-05-17,Russia,NA,Nizhny Novgorod Oblast,3234752,281,0,6413,0
2020-05-18,Russia,NA,Nizhny Novgorod Oblast,3234752,279,0,6692,0
2020-05-19,Russia,NA,Nizhny Novgorod Oblast,3234752,260,0,6952,0
2020-05-20,Russia,NA,Nizhny Novgorod Oblast,3234752,257,0,7209,0
2020-05-21,Russia,NA,Nizhny Novgorod Oblast,3234752,204,0,7413,0
2020-05-22,Russia,NA,Nizhny Novgorod Oblast,3234752,202,0,7615,0
2020-05-23,Russia,NA,Nizhny Novgorod Oblast,3234752,211,0,7826,0
2020-05-24,Russia,NA,Nizhny Novgorod Oblast,3234752,221,0,8047,0
2020-05-25,Russia,NA,Nizhny Novgorod Oblast,3234752,229,0,8276,0
2020-05-26,Russia,NA,Nizhny Novgorod Oblast,3234752,228,0,8504,0
2020-05-27,Russia,NA,Nizhny Novgorod Oblast,3234752,231,0,8735,0
2020-05-28,Russia,NA,Nizhny Novgorod Oblast,3234752,228,0,8963,0
2020-05-29,Russia,NA,Nizhny Novgorod Oblast,3234752,281,0,9244,0
2020-05-30,Russia,NA,Nizhny Novgorod Oblast,3234752,289,0,9533,0
2020-05-31,Russia,NA,Nizhny Novgorod Oblast,3234752,301,0,9834,0
2020-06-01,Russia,NA,Nizhny Novgorod Oblast,3234752,315,0,10149,0
2020-06-02,Russia,NA,Nizhny Novgorod Oblast,3234752,354,0,10503,0
2020-06-03,Russia,NA,Nizhny Novgorod Oblast,3234752,347,0,10850,0
2020-06-04,Russia,NA,Nizhny Novgorod Oblast,3234752,319,0,11169,0
2020-06-05,Russia,NA,Nizhny Novgorod Oblast,3234752,330,0,11499,0
2020-06-06,Russia,NA,Nizhny Novgorod Oblast,3234752,321,0,11820,0
2020-06-07,Russia,NA,Nizhny Novgorod Oblast,3234752,317,0,12137,0
2020-06-08,Russia,NA,Nizhny Novgorod Oblast,3234752,305,0,12442,0
2020-06-09,Russia,NA,Nizhny Novgorod Oblast,3234752,292,0,12734,0
2020-06-10,Russia,NA,Nizhny Novgorod Oblast,3234752,304,0,13038,0
2020-06-11,Russia,NA,Nizhny Novgorod Oblast,3234752,303,0,13341,0
2020-06-12,Russia,NA,Nizhny Novgorod Oblast,3234752,221,0,13562,0
2020-06-13,Russia,NA,Nizhny Novgorod Oblast,3234752,218,0,13780,0
2020-06-14,Russia,NA,Nizhny Novgorod Oblast,3234752,215,0,13995,0
2020-06-15,Russia,NA,Nizhny Novgorod Oblast,3234752,209,0,14204,0
2020-06-16,Russia,NA,Nizhny Novgorod Oblast,3234752,206,0,14410,0
2020-06-17,Russia,NA,Nizhny Novgorod Oblast,3234752,238,0,14648,0
2020-06-18,Russia,NA,Nizhny Novgorod Oblast,3234752,233,0,14881,0
2020-06-19,Russia,NA,Nizhny Novgorod Oblast,3234752,219,0,15100,0
2020-06-20,Russia,NA,Nizhny Novgorod Oblast,3234752,228,0,15328,0
2020-06-21,Russia,NA,Nizhny Novgorod Oblast,3234752,227,0,15555,0
2020-06-22,Russia,NA,Nizhny Novgorod Oblast,3234752,219,0,15774,0
2020-06-23,Russia,NA,Nizhny Novgorod Oblast,3234752,216,0,15990,0
2020-06-24,Russia,NA,Nizhny Novgorod Oblast,3234752,207,0,16197,0
2020-06-25,Russia,NA,Nizhny Novgorod Oblast,3234752,217,0,16414,0
2020-06-26,Russia,NA,Nizhny Novgorod Oblast,3234752,210,0,16624,0
2020-06-27,Russia,NA,Nizhny Novgorod Oblast,3234752,214,0,16838,0
2020-06-28,Russia,NA,Nizhny Novgorod Oblast,3234752,222,0,17060,0
2020-06-29,Russia,NA,Nizhny Novgorod Oblast,3234752,218,0,17278,0
2020-06-30,Russia,NA,Nizhny Novgorod Oblast,3234752,203,0,17481,0
2020-07-01,Russia,NA,Nizhny Novgorod Oblast,3234752,228,0,17709,0
2020-07-02,Russia,NA,Nizhny Novgorod Oblast,3234752,234,0,17943,0
2020-07-03,Russia,NA,Nizhny Novgorod Oblast,3234752,229,0,18172,0
2020-07-04,Russia,NA,Nizhny Novgorod Oblast,3234752,225,0,18397,0
2020-07-05,Russia,NA,Nizhny Novgorod Oblast,3234752,217,0,18614,0
2020-07-06,Russia,NA,Nizhny Novgorod Oblast,3234752,212,0,18826,0
2020-07-07,Russia,NA,Nizhny Novgorod Oblast,3234752,198,0,19024,0
2020-07-08,Russia,NA,Nizhny Novgorod Oblast,3234752,217,0,19241,0
2020-07-09,Russia,NA,Nizhny Novgorod Oblast,3234752,224,0,19465,0
2020-07-10,Russia,NA,Nizhny Novgorod Oblast,3234752,219,0,19684,0
2020-07-11,Russia,NA,Nizhny Novgorod Oblast,3234752,223,0,19907,0
2020-07-12,Russia,NA,Nizhny Novgorod Oblast,3234752,222,0,20129,0
2020-07-13,Russia,NA,Nizhny Novgorod Oblast,3234752,212,0,20341,0
2020-07-14,Russia,NA,Nizhny Novgorod Oblast,3234752,193,0,20534,0
2020-07-15,Russia,NA,Nizhny Novgorod Oblast,3234752,229,0,20763,0
2020-07-16,Russia,NA,Nizhny Novgorod Oblast,3234752,221,0,20984,0
2020-07-17,Russia,NA,Nizhny Novgorod Oblast,3234752,216,0,21200,0
2020-07-18,Russia,NA,Nizhny Novgorod Oblast,3234752,205,0,21405,0
2020-07-19,Russia,NA,Nizhny Novgorod Oblast,3234752,218,0,21623,0
2020-07-20,Russia,NA,Nizhny Novgorod Oblast,3234752,191,0,21814,0
2020-07-21,Russia,NA,Nizhny Novgorod Oblast,3234752,196,0,22010,0
2020-07-22,Russia,NA,Nizhny Novgorod Oblast,3234752,217,0,22227,0
2020-07-23,Russia,NA,Nizhny Novgorod Oblast,3234752,202,0,22429,0
2020-07-24,Russia,NA,Nizhny Novgorod Oblast,3234752,194,0,22623,0
2020-07-25,Russia,NA,Nizhny Novgorod Oblast,3234752,184,0,22807,0
2020-07-26,Russia,NA,Nizhny Novgorod Oblast,3234752,177,0,22984,0
2020-07-27,Russia,NA,Nizhny Novgorod Oblast,3234752,188,0,23172,0
2020-07-28,Russia,NA,Nizhny Novgorod Oblast,3234752,163,0,23335,0
2020-07-29,Russia,NA,Nizhny Novgorod Oblast,3234752,154,0,23489,0
2020-07-30,Russia,NA,Nizhny Novgorod Oblast,3234752,158,0,23647,0
2020-07-31,Russia,NA,Nizhny Novgorod Oblast,3234752,145,0,23792,0
2020-08-01,Russia,NA,Nizhny Novgorod Oblast,3234752,159,0,23951,0
2020-08-02,Russia,NA,Nizhny Novgorod Oblast,3234752,146,0,24097,390
2020-08-03,Russia,NA,Nizhny Novgorod Oblast,3234752,139,3,24236,393
2020-08-04,Russia,NA,Nizhny Novgorod Oblast,3234752,109,4,24345,397
2020-08-05,Russia,NA,Nizhny Novgorod Oblast,3234752,101,2,24446,399
2020-08-06,Russia,NA,Nizhny Novgorod Oblast,3234752,105,2,24551,401
2020-08-07,Russia,NA,Nizhny Novgorod Oblast,3234752,103,2,24654,403
2020-08-08,Russia,NA,Nizhny Novgorod Oblast,3234752,117,2,24771,405
2020-08-09,Russia,NA,Nizhny Novgorod Oblast,3234752,118,3,24889,408
2020-08-10,Russia,NA,Nizhny Novgorod Oblast,3234752,120,2,25009,410
2020-08-11,Russia,NA,Nizhny Novgorod Oblast,3234752,119,4,25128,414
2020-08-12,Russia,NA,Nizhny Novgorod Oblast,3234752,124,4,25252,418
2020-08-13,Russia,NA,Nizhny Novgorod Oblast,3234752,130,3,25382,421
2020-08-14,Russia,NA,Nizhny Novgorod Oblast,3234752,128,5,25510,426
2020-08-15,Russia,NA,Nizhny Novgorod Oblast,3234752,125,3,25635,429
2020-08-16,Russia,NA,Nizhny Novgorod Oblast,3234752,123,2,25758,431
2020-08-17,Russia,NA,Nizhny Novgorod Oblast,3234752,120,2,25878,433
2020-08-18,Russia,NA,Nizhny Novgorod Oblast,3234752,116,3,25994,436
2020-08-19,Russia,NA,Nizhny Novgorod Oblast,3234752,138,2,26132,438
2020-08-20,Russia,NA,Nizhny Novgorod Oblast,3234752,132,3,26264,441
2020-08-21,Russia,NA,Nizhny Novgorod Oblast,3234752,127,2,26391,443
2020-08-22,Russia,NA,Nizhny Novgorod Oblast,3234752,122,2,26513,445
2020-08-23,Russia,NA,Nizhny Novgorod Oblast,3234752,117,2,26630,447
2020-08-24,Russia,NA,Nizhny Novgorod Oblast,3234752,114,2,26744,449
2020-08-25,Russia,NA,Nizhny Novgorod Oblast,3234752,122,2,26866,451
2020-08-26,Russia,NA,Nizhny Novgorod Oblast,3234752,129,2,26995,453
2020-08-27,Russia,NA,Nizhny Novgorod Oblast,3234752,134,3,27129,456
2020-08-28,Russia,NA,Nizhny Novgorod Oblast,3234752,133,4,27262,460
2020-08-29,Russia,NA,Nizhny Novgorod Oblast,3234752,145,5,27407,465
2020-08-30,Russia,NA,Nizhny Novgorod Oblast,3234752,143,4,27550,469
2020-08-31,Russia,NA,Nizhny Novgorod Oblast,3234752,138,4,27688,473
2020-04-19,Russia,NA,North Ossetia-Alania,701765,26,0,120,0
2020-04-20,Russia,NA,North Ossetia-Alania,701765,25,0,145,0
2020-04-21,Russia,NA,North Ossetia-Alania,701765,32,0,177,0
2020-04-22,Russia,NA,North Ossetia-Alania,701765,34,0,211,0
2020-04-23,Russia,NA,North Ossetia-Alania,701765,31,0,242,0
2020-04-24,Russia,NA,North Ossetia-Alania,701765,33,0,275,0
2020-04-25,Russia,NA,North Ossetia-Alania,701765,30,0,305,0
2020-04-26,Russia,NA,North Ossetia-Alania,701765,43,0,348,0
2020-04-27,Russia,NA,North Ossetia-Alania,701765,53,0,401,0
2020-04-28,Russia,NA,North Ossetia-Alania,701765,148,0,549,0
2020-04-29,Russia,NA,North Ossetia-Alania,701765,121,0,670,0
2020-04-30,Russia,NA,North Ossetia-Alania,701765,93,0,763,0
2020-05-01,Russia,NA,North Ossetia-Alania,701765,73,0,836,0
2020-05-02,Russia,NA,North Ossetia-Alania,701765,85,0,921,0
2020-05-03,Russia,NA,North Ossetia-Alania,701765,69,0,990,0
2020-05-04,Russia,NA,North Ossetia-Alania,701765,79,0,1069,0
2020-05-05,Russia,NA,North Ossetia-Alania,701765,91,0,1160,0
2020-05-06,Russia,NA,North Ossetia-Alania,701765,93,0,1253,0
2020-05-07,Russia,NA,North Ossetia-Alania,701765,89,0,1342,0
2020-05-08,Russia,NA,North Ossetia-Alania,701765,94,0,1436,0
2020-05-09,Russia,NA,North Ossetia-Alania,701765,69,0,1505,0
2020-05-10,Russia,NA,North Ossetia-Alania,701765,70,0,1575,0
2020-05-11,Russia,NA,North Ossetia-Alania,701765,72,0,1647,0
2020-05-12,Russia,NA,North Ossetia-Alania,701765,76,0,1723,0
2020-05-13,Russia,NA,North Ossetia-Alania,701765,78,0,1801,0
2020-05-14,Russia,NA,North Ossetia-Alania,701765,70,0,1871,0
2020-05-15,Russia,NA,North Ossetia-Alania,701765,72,0,1943,0
2020-05-16,Russia,NA,North Ossetia-Alania,701765,73,0,2016,0
2020-05-17,Russia,NA,North Ossetia-Alania,701765,74,0,2090,0
2020-05-18,Russia,NA,North Ossetia-Alania,701765,75,0,2165,0
2020-05-19,Russia,NA,North Ossetia-Alania,701765,77,0,2242,0
2020-05-20,Russia,NA,North Ossetia-Alania,701765,72,0,2314,0
2020-05-21,Russia,NA,North Ossetia-Alania,701765,73,0,2387,0
2020-05-22,Russia,NA,North Ossetia-Alania,701765,69,0,2456,0
2020-05-23,Russia,NA,North Ossetia-Alania,701765,67,0,2523,0
2020-05-24,Russia,NA,North Ossetia-Alania,701765,62,0,2585,0
2020-05-25,Russia,NA,North Ossetia-Alania,701765,60,0,2645,0
2020-05-26,Russia,NA,North Ossetia-Alania,701765,57,0,2702,0
2020-05-27,Russia,NA,North Ossetia-Alania,701765,53,0,2755,0
2020-05-28,Russia,NA,North Ossetia-Alania,701765,52,0,2807,0
2020-05-29,Russia,NA,North Ossetia-Alania,701765,51,0,2858,0
2020-05-30,Russia,NA,North Ossetia-Alania,701765,49,0,2907,0
2020-05-31,Russia,NA,North Ossetia-Alania,701765,50,0,2957,0
2020-06-01,Russia,NA,North Ossetia-Alania,701765,48,0,3005,0
2020-06-02,Russia,NA,North Ossetia-Alania,701765,50,0,3055,0
2020-06-03,Russia,NA,North Ossetia-Alania,701765,49,0,3104,0
2020-06-04,Russia,NA,North Ossetia-Alania,701765,47,0,3151,0
2020-06-05,Russia,NA,North Ossetia-Alania,701765,46,0,3197,0
2020-06-06,Russia,NA,North Ossetia-Alania,701765,44,0,3241,0
2020-06-07,Russia,NA,North Ossetia-Alania,701765,42,0,3283,0
2020-06-08,Russia,NA,North Ossetia-Alania,701765,41,0,3324,0
2020-06-09,Russia,NA,North Ossetia-Alania,701765,40,0,3364,0
2020-06-10,Russia,NA,North Ossetia-Alania,701765,39,0,3403,0
2020-06-11,Russia,NA,North Ossetia-Alania,701765,37,0,3440,0
2020-06-12,Russia,NA,North Ossetia-Alania,701765,37,0,3477,0
2020-06-13,Russia,NA,North Ossetia-Alania,701765,36,0,3513,0
2020-06-14,Russia,NA,North Ossetia-Alania,701765,34,0,3547,0
2020-06-15,Russia,NA,North Ossetia-Alania,701765,34,0,3581,0
2020-06-16,Russia,NA,North Ossetia-Alania,701765,32,0,3613,0
2020-06-17,Russia,NA,North Ossetia-Alania,701765,32,0,3645,0
2020-06-18,Russia,NA,North Ossetia-Alania,701765,31,0,3676,0
2020-06-19,Russia,NA,North Ossetia-Alania,701765,30,0,3706,0
2020-06-20,Russia,NA,North Ossetia-Alania,701765,31,0,3737,0
2020-06-21,Russia,NA,North Ossetia-Alania,701765,31,0,3768,0
2020-06-22,Russia,NA,North Ossetia-Alania,701765,30,0,3798,0
2020-06-23,Russia,NA,North Ossetia-Alania,701765,28,0,3826,0
2020-06-24,Russia,NA,North Ossetia-Alania,701765,28,0,3854,0
2020-06-25,Russia,NA,North Ossetia-Alania,701765,29,0,3883,0
2020-06-26,Russia,NA,North Ossetia-Alania,701765,27,0,3910,0
2020-06-27,Russia,NA,North Ossetia-Alania,701765,25,0,3935,0
2020-06-28,Russia,NA,North Ossetia-Alania,701765,25,0,3960,0
2020-06-29,Russia,NA,North Ossetia-Alania,701765,24,0,3984,0
2020-06-30,Russia,NA,North Ossetia-Alania,701765,22,0,4006,0
2020-07-01,Russia,NA,North Ossetia-Alania,701765,22,0,4028,0
2020-07-02,Russia,NA,North Ossetia-Alania,701765,21,0,4049,0
2020-07-03,Russia,NA,North Ossetia-Alania,701765,21,0,4070,0
2020-07-04,Russia,NA,North Ossetia-Alania,701765,22,0,4092,0
2020-07-05,Russia,NA,North Ossetia-Alania,701765,22,0,4114,0
2020-07-06,Russia,NA,North Ossetia-Alania,701765,21,0,4135,0
2020-07-07,Russia,NA,North Ossetia-Alania,701765,20,0,4155,0
2020-07-08,Russia,NA,North Ossetia-Alania,701765,20,0,4175,0
2020-07-09,Russia,NA,North Ossetia-Alania,701765,18,0,4193,0
2020-07-10,Russia,NA,North Ossetia-Alania,701765,16,0,4209,0
2020-07-11,Russia,NA,North Ossetia-Alania,701765,15,0,4224,0
2020-07-12,Russia,NA,North Ossetia-Alania,701765,16,0,4240,0
2020-07-13,Russia,NA,North Ossetia-Alania,701765,16,0,4256,0
2020-07-14,Russia,NA,North Ossetia-Alania,701765,15,0,4271,0
2020-07-15,Russia,NA,North Ossetia-Alania,701765,16,0,4287,0
2020-07-16,Russia,NA,North Ossetia-Alania,701765,16,0,4303,0
2020-07-17,Russia,NA,North Ossetia-Alania,701765,17,0,4320,0
2020-07-18,Russia,NA,North Ossetia-Alania,701765,17,0,4337,0
2020-07-19,Russia,NA,North Ossetia-Alania,701765,16,0,4353,0
2020-07-20,Russia,NA,North Ossetia-Alania,701765,16,0,4369,0
2020-07-21,Russia,NA,North Ossetia-Alania,701765,15,0,4384,0
2020-07-22,Russia,NA,North Ossetia-Alania,701765,15,0,4399,0
2020-07-23,Russia,NA,North Ossetia-Alania,701765,16,0,4415,0
2020-07-24,Russia,NA,North Ossetia-Alania,701765,16,0,4431,0
2020-07-25,Russia,NA,North Ossetia-Alania,701765,17,0,4448,0
2020-07-26,Russia,NA,North Ossetia-Alania,701765,17,0,4465,0
2020-07-27,Russia,NA,North Ossetia-Alania,701765,18,0,4483,0
2020-07-28,Russia,NA,North Ossetia-Alania,701765,18,0,4501,0
2020-07-29,Russia,NA,North Ossetia-Alania,701765,16,0,4517,0
2020-07-30,Russia,NA,North Ossetia-Alania,701765,14,0,4531,0
2020-07-31,Russia,NA,North Ossetia-Alania,701765,13,0,4544,0
2020-08-01,Russia,NA,North Ossetia-Alania,701765,13,0,4557,0
2020-08-02,Russia,NA,North Ossetia-Alania,701765,11,0,4568,67
2020-08-03,Russia,NA,North Ossetia-Alania,701765,10,0,4578,67
2020-08-04,Russia,NA,North Ossetia-Alania,701765,9,0,4587,67
2020-08-05,Russia,NA,North Ossetia-Alania,701765,9,0,4596,67
2020-08-06,Russia,NA,North Ossetia-Alania,701765,8,0,4604,67
2020-08-07,Russia,NA,North Ossetia-Alania,701765,7,0,4611,67
2020-08-08,Russia,NA,North Ossetia-Alania,701765,7,0,4618,67
2020-08-09,Russia,NA,North Ossetia-Alania,701765,6,0,4624,67
2020-08-10,Russia,NA,North Ossetia-Alania,701765,6,0,4630,67
2020-08-11,Russia,NA,North Ossetia-Alania,701765,5,0,4635,67
2020-08-12,Russia,NA,North Ossetia-Alania,701765,7,0,4642,67
2020-08-13,Russia,NA,North Ossetia-Alania,701765,8,0,4650,67
2020-08-14,Russia,NA,North Ossetia-Alania,701765,9,0,4659,67
2020-08-15,Russia,NA,North Ossetia-Alania,701765,10,0,4669,67
2020-08-16,Russia,NA,North Ossetia-Alania,701765,10,0,4679,67
2020-08-17,Russia,NA,North Ossetia-Alania,701765,11,0,4690,67
2020-08-18,Russia,NA,North Ossetia-Alania,701765,10,0,4700,67
2020-08-19,Russia,NA,North Ossetia-Alania,701765,12,0,4712,67
2020-08-20,Russia,NA,North Ossetia-Alania,701765,13,0,4725,67
2020-08-21,Russia,NA,North Ossetia-Alania,701765,15,0,4740,67
2020-08-22,Russia,NA,North Ossetia-Alania,701765,15,0,4755,67
2020-08-23,Russia,NA,North Ossetia-Alania,701765,16,0,4771,67
2020-08-24,Russia,NA,North Ossetia-Alania,701765,16,0,4787,67
2020-08-25,Russia,NA,North Ossetia-Alania,701765,17,0,4804,67
2020-08-26,Russia,NA,North Ossetia-Alania,701765,17,0,4821,67
2020-08-27,Russia,NA,North Ossetia-Alania,701765,19,0,4840,67
2020-08-28,Russia,NA,North Ossetia-Alania,701765,20,0,4860,67
2020-08-29,Russia,NA,North Ossetia-Alania,701765,20,0,4880,67
2020-08-30,Russia,NA,North Ossetia-Alania,701765,21,0,4901,67
2020-08-31,Russia,NA,North Ossetia-Alania,701765,21,0,4922,67
2020-04-20,Russia,NA,Novgorod Oblast,606476,10,0,108,0
2020-04-21,Russia,NA,Novgorod Oblast,606476,6,0,114,0
2020-04-22,Russia,NA,Novgorod Oblast,606476,26,0,140,0
2020-04-23,Russia,NA,Novgorod Oblast,606476,17,0,157,0
2020-04-24,Russia,NA,Novgorod Oblast,606476,14,0,171,0
2020-04-25,Russia,NA,Novgorod Oblast,606476,15,0,186,0
2020-04-26,Russia,NA,Novgorod Oblast,606476,25,0,211,0
2020-04-27,Russia,NA,Novgorod Oblast,606476,33,0,244,0
2020-04-28,Russia,NA,Novgorod Oblast,606476,10,0,254,0
2020-04-29,Russia,NA,Novgorod Oblast,606476,12,0,266,0
2020-04-30,Russia,NA,Novgorod Oblast,606476,13,0,279,0
2020-05-01,Russia,NA,Novgorod Oblast,606476,18,0,297,0
2020-05-02,Russia,NA,Novgorod Oblast,606476,25,0,322,0
2020-05-03,Russia,NA,Novgorod Oblast,606476,26,0,348,0
2020-05-04,Russia,NA,Novgorod Oblast,606476,24,0,372,0
2020-05-05,Russia,NA,Novgorod Oblast,606476,27,0,399,0
2020-05-06,Russia,NA,Novgorod Oblast,606476,18,0,417,0
2020-05-07,Russia,NA,Novgorod Oblast,606476,21,0,438,0
2020-05-08,Russia,NA,Novgorod Oblast,606476,19,0,457,0
2020-05-09,Russia,NA,Novgorod Oblast,606476,12,0,469,0
2020-05-10,Russia,NA,Novgorod Oblast,606476,28,0,497,0
2020-05-11,Russia,NA,Novgorod Oblast,606476,17,0,514,0
2020-05-12,Russia,NA,Novgorod Oblast,606476,27,0,541,0
2020-05-13,Russia,NA,Novgorod Oblast,606476,14,0,555,0
2020-05-14,Russia,NA,Novgorod Oblast,606476,15,0,570,0
2020-05-15,Russia,NA,Novgorod Oblast,606476,14,0,584,0
2020-05-16,Russia,NA,Novgorod Oblast,606476,14,0,598,0
2020-05-17,Russia,NA,Novgorod Oblast,606476,33,0,631,0
2020-05-18,Russia,NA,Novgorod Oblast,606476,21,0,652,0
2020-05-19,Russia,NA,Novgorod Oblast,606476,33,0,685,0
2020-05-20,Russia,NA,Novgorod Oblast,606476,10,0,695,0
2020-05-21,Russia,NA,Novgorod Oblast,606476,32,0,727,0
2020-05-22,Russia,NA,Novgorod Oblast,606476,22,0,749,0
2020-05-23,Russia,NA,Novgorod Oblast,606476,35,0,784,0
2020-05-24,Russia,NA,Novgorod Oblast,606476,60,0,844,0
2020-05-25,Russia,NA,Novgorod Oblast,606476,70,0,914,0
2020-05-26,Russia,NA,Novgorod Oblast,606476,89,0,1003,0
2020-05-27,Russia,NA,Novgorod Oblast,606476,46,0,1049,0
2020-05-28,Russia,NA,Novgorod Oblast,606476,45,0,1094,0
2020-05-29,Russia,NA,Novgorod Oblast,606476,73,0,1167,0
2020-05-30,Russia,NA,Novgorod Oblast,606476,63,0,1230,0
2020-05-31,Russia,NA,Novgorod Oblast,606476,51,0,1281,0
2020-06-01,Russia,NA,Novgorod Oblast,606476,72,0,1353,0
2020-06-02,Russia,NA,Novgorod Oblast,606476,77,0,1430,0
2020-06-03,Russia,NA,Novgorod Oblast,606476,63,0,1493,0
2020-06-04,Russia,NA,Novgorod Oblast,606476,53,0,1546,0
2020-06-05,Russia,NA,Novgorod Oblast,606476,42,0,1588,0
2020-06-06,Russia,NA,Novgorod Oblast,606476,46,0,1634,0
2020-06-07,Russia,NA,Novgorod Oblast,606476,42,0,1676,0
2020-06-08,Russia,NA,Novgorod Oblast,606476,58,0,1734,0
2020-06-09,Russia,NA,Novgorod Oblast,606476,45,0,1779,0
2020-06-10,Russia,NA,Novgorod Oblast,606476,44,0,1823,0
2020-06-11,Russia,NA,Novgorod Oblast,606476,44,0,1867,0
2020-06-12,Russia,NA,Novgorod Oblast,606476,46,0,1913,0
2020-06-13,Russia,NA,Novgorod Oblast,606476,50,0,1963,0
2020-06-14,Russia,NA,Novgorod Oblast,606476,48,0,2011,0
2020-06-15,Russia,NA,Novgorod Oblast,606476,52,0,2063,0
2020-06-16,Russia,NA,Novgorod Oblast,606476,58,0,2121,0
2020-06-17,Russia,NA,Novgorod Oblast,606476,62,0,2183,0
2020-06-18,Russia,NA,Novgorod Oblast,606476,62,0,2245,0
2020-06-19,Russia,NA,Novgorod Oblast,606476,58,0,2303,0
2020-06-20,Russia,NA,Novgorod Oblast,606476,59,0,2362,0
2020-06-21,Russia,NA,Novgorod Oblast,606476,55,0,2417,0
2020-06-22,Russia,NA,Novgorod Oblast,606476,61,0,2478,0
2020-06-23,Russia,NA,Novgorod Oblast,606476,57,0,2535,0
2020-06-24,Russia,NA,Novgorod Oblast,606476,56,0,2591,0
2020-06-25,Russia,NA,Novgorod Oblast,606476,62,0,2653,0
2020-06-26,Russia,NA,Novgorod Oblast,606476,45,0,2698,0
2020-06-27,Russia,NA,Novgorod Oblast,606476,44,0,2742,0
2020-06-28,Russia,NA,Novgorod Oblast,606476,50,0,2792,0
2020-06-29,Russia,NA,Novgorod Oblast,606476,47,0,2839,0
2020-06-30,Russia,NA,Novgorod Oblast,606476,45,0,2884,0
2020-07-01,Russia,NA,Novgorod Oblast,606476,47,0,2931,0
2020-07-02,Russia,NA,Novgorod Oblast,606476,47,0,2978,0
2020-07-03,Russia,NA,Novgorod Oblast,606476,44,0,3022,0
2020-07-04,Russia,NA,Novgorod Oblast,606476,46,0,3068,0
2020-07-05,Russia,NA,Novgorod Oblast,606476,37,0,3105,0
2020-07-06,Russia,NA,Novgorod Oblast,606476,37,0,3142,0
2020-07-07,Russia,NA,Novgorod Oblast,606476,36,0,3178,0
2020-07-08,Russia,NA,Novgorod Oblast,606476,39,0,3217,0
2020-07-09,Russia,NA,Novgorod Oblast,606476,39,0,3256,0
2020-07-10,Russia,NA,Novgorod Oblast,606476,40,0,3296,0
2020-07-11,Russia,NA,Novgorod Oblast,606476,41,0,3337,0
2020-07-12,Russia,NA,Novgorod Oblast,606476,39,0,3376,0
2020-07-13,Russia,NA,Novgorod Oblast,606476,37,0,3413,0
2020-07-14,Russia,NA,Novgorod Oblast,606476,18,0,3431,0
2020-07-15,Russia,NA,Novgorod Oblast,606476,19,0,3450,0
2020-07-16,Russia,NA,Novgorod Oblast,606476,20,0,3470,0
2020-07-17,Russia,NA,Novgorod Oblast,606476,19,0,3489,0
2020-07-18,Russia,NA,Novgorod Oblast,606476,21,0,3510,0
2020-07-19,Russia,NA,Novgorod Oblast,606476,20,0,3530,0
2020-07-20,Russia,NA,Novgorod Oblast,606476,19,0,3549,0
2020-07-21,Russia,NA,Novgorod Oblast,606476,20,0,3569,0
2020-07-22,Russia,NA,Novgorod Oblast,606476,15,0,3584,0
2020-07-23,Russia,NA,Novgorod Oblast,606476,19,0,3603,0
2020-07-24,Russia,NA,Novgorod Oblast,606476,18,0,3621,0
2020-07-25,Russia,NA,Novgorod Oblast,606476,18,0,3639,0
2020-07-26,Russia,NA,Novgorod Oblast,606476,17,0,3656,0
2020-07-27,Russia,NA,Novgorod Oblast,606476,16,0,3672,0
2020-07-28,Russia,NA,Novgorod Oblast,606476,18,0,3690,0
2020-07-29,Russia,NA,Novgorod Oblast,606476,20,0,3710,0
2020-07-30,Russia,NA,Novgorod Oblast,606476,19,0,3729,0
2020-07-31,Russia,NA,Novgorod Oblast,606476,17,0,3746,0
2020-08-01,Russia,NA,Novgorod Oblast,606476,20,0,3766,0
2020-08-02,Russia,NA,Novgorod Oblast,606476,25,0,3791,72
2020-08-03,Russia,NA,Novgorod Oblast,606476,20,0,3811,72
2020-08-04,Russia,NA,Novgorod Oblast,606476,19,0,3830,72
2020-08-05,Russia,NA,Novgorod Oblast,606476,13,0,3843,72
2020-08-06,Russia,NA,Novgorod Oblast,606476,16,0,3859,72
2020-08-07,Russia,NA,Novgorod Oblast,606476,13,0,3872,72
2020-08-08,Russia,NA,Novgorod Oblast,606476,14,0,3886,72
2020-08-09,Russia,NA,Novgorod Oblast,606476,16,0,3902,72
2020-08-10,Russia,NA,Novgorod Oblast,606476,15,0,3917,72
2020-08-11,Russia,NA,Novgorod Oblast,606476,16,0,3933,72
2020-08-12,Russia,NA,Novgorod Oblast,606476,17,0,3950,72
2020-08-13,Russia,NA,Novgorod Oblast,606476,19,0,3969,72
2020-08-14,Russia,NA,Novgorod Oblast,606476,21,0,3990,72
2020-08-15,Russia,NA,Novgorod Oblast,606476,20,0,4010,72
2020-08-16,Russia,NA,Novgorod Oblast,606476,19,0,4029,72
2020-08-17,Russia,NA,Novgorod Oblast,606476,21,0,4050,72
2020-08-18,Russia,NA,Novgorod Oblast,606476,20,0,4070,72
2020-08-19,Russia,NA,Novgorod Oblast,606476,22,0,4092,72
2020-08-20,Russia,NA,Novgorod Oblast,606476,21,0,4113,72
2020-08-21,Russia,NA,Novgorod Oblast,606476,19,0,4132,72
2020-08-22,Russia,NA,Novgorod Oblast,606476,23,0,4155,72
2020-08-23,Russia,NA,Novgorod Oblast,606476,20,0,4175,72
2020-08-24,Russia,NA,Novgorod Oblast,606476,20,0,4195,72
2020-08-25,Russia,NA,Novgorod Oblast,606476,21,0,4216,72
2020-08-26,Russia,NA,Novgorod Oblast,606476,19,0,4235,72
2020-08-27,Russia,NA,Novgorod Oblast,606476,19,0,4254,72
2020-08-28,Russia,NA,Novgorod Oblast,606476,20,0,4274,72
2020-08-29,Russia,NA,Novgorod Oblast,606476,22,4,4296,76
2020-08-30,Russia,NA,Novgorod Oblast,606476,23,0,4319,76
2020-08-31,Russia,NA,Novgorod Oblast,606476,21,0,4340,76
2020-04-19,Russia,NA,Novosibirsk Oblast,2788849,22,0,108,0
2020-04-20,Russia,NA,Novosibirsk Oblast,2788849,24,0,132,0
2020-04-21,Russia,NA,Novosibirsk Oblast,2788849,3,0,135,0
2020-04-22,Russia,NA,Novosibirsk Oblast,2788849,16,0,151,0
2020-04-23,Russia,NA,Novosibirsk Oblast,2788849,17,0,168,0
2020-04-24,Russia,NA,Novosibirsk Oblast,2788849,41,0,209,0
2020-04-25,Russia,NA,Novosibirsk Oblast,2788849,38,0,247,0
2020-04-26,Russia,NA,Novosibirsk Oblast,2788849,58,0,305,0
2020-04-27,Russia,NA,Novosibirsk Oblast,2788849,42,0,347,0
2020-04-28,Russia,NA,Novosibirsk Oblast,2788849,60,0,407,0
2020-04-29,Russia,NA,Novosibirsk Oblast,2788849,29,0,436,0
2020-04-30,Russia,NA,Novosibirsk Oblast,2788849,35,0,471,0
2020-05-01,Russia,NA,Novosibirsk Oblast,2788849,55,0,526,0
2020-05-02,Russia,NA,Novosibirsk Oblast,2788849,43,0,569,0
2020-05-03,Russia,NA,Novosibirsk Oblast,2788849,51,0,620,0
2020-05-04,Russia,NA,Novosibirsk Oblast,2788849,61,0,681,0
2020-05-05,Russia,NA,Novosibirsk Oblast,2788849,65,0,746,0
2020-05-06,Russia,NA,Novosibirsk Oblast,2788849,63,0,809,0
2020-05-07,Russia,NA,Novosibirsk Oblast,2788849,67,0,876,0
2020-05-08,Russia,NA,Novosibirsk Oblast,2788849,73,0,949,0
2020-05-09,Russia,NA,Novosibirsk Oblast,2788849,76,0,1025,0
2020-05-10,Russia,NA,Novosibirsk Oblast,2788849,75,0,1100,0
2020-05-11,Russia,NA,Novosibirsk Oblast,2788849,71,0,1171,0
2020-05-12,Russia,NA,Novosibirsk Oblast,2788849,55,0,1226,0
2020-05-13,Russia,NA,Novosibirsk Oblast,2788849,74,0,1300,0
2020-05-14,Russia,NA,Novosibirsk Oblast,2788849,76,0,1376,0
2020-05-15,Russia,NA,Novosibirsk Oblast,2788849,71,0,1447,0
2020-05-16,Russia,NA,Novosibirsk Oblast,2788849,64,0,1511,0
2020-05-17,Russia,NA,Novosibirsk Oblast,2788849,70,0,1581,0
2020-05-18,Russia,NA,Novosibirsk Oblast,2788849,71,0,1652,0
2020-05-19,Russia,NA,Novosibirsk Oblast,2788849,76,0,1728,0
2020-05-20,Russia,NA,Novosibirsk Oblast,2788849,77,0,1805,0
2020-05-21,Russia,NA,Novosibirsk Oblast,2788849,76,0,1881,0
2020-05-22,Russia,NA,Novosibirsk Oblast,2788849,79,0,1960,0
2020-05-23,Russia,NA,Novosibirsk Oblast,2788849,83,0,2043,0
2020-05-24,Russia,NA,Novosibirsk Oblast,2788849,81,0,2124,0
2020-05-25,Russia,NA,Novosibirsk Oblast,2788849,89,0,2213,0
2020-05-26,Russia,NA,Novosibirsk Oblast,2788849,87,0,2300,0
2020-05-27,Russia,NA,Novosibirsk Oblast,2788849,97,0,2397,0
2020-05-28,Russia,NA,Novosibirsk Oblast,2788849,96,0,2493,0
2020-05-29,Russia,NA,Novosibirsk Oblast,2788849,103,0,2596,0
2020-05-30,Russia,NA,Novosibirsk Oblast,2788849,109,0,2705,0
2020-05-31,Russia,NA,Novosibirsk Oblast,2788849,104,0,2809,0
2020-06-01,Russia,NA,Novosibirsk Oblast,2788849,105,0,2914,0
2020-06-02,Russia,NA,Novosibirsk Oblast,2788849,106,0,3020,0
2020-06-03,Russia,NA,Novosibirsk Oblast,2788849,102,0,3122,0
2020-06-04,Russia,NA,Novosibirsk Oblast,2788849,104,0,3226,0
2020-06-05,Russia,NA,Novosibirsk Oblast,2788849,108,0,3334,0
2020-06-06,Russia,NA,Novosibirsk Oblast,2788849,107,0,3441,0
2020-06-07,Russia,NA,Novosibirsk Oblast,2788849,105,0,3546,0
2020-06-08,Russia,NA,Novosibirsk Oblast,2788849,102,0,3648,0
2020-06-09,Russia,NA,Novosibirsk Oblast,2788849,104,0,3752,0
2020-06-10,Russia,NA,Novosibirsk Oblast,2788849,106,0,3858,0
2020-06-11,Russia,NA,Novosibirsk Oblast,2788849,102,0,3960,0
2020-06-12,Russia,NA,Novosibirsk Oblast,2788849,109,0,4069,0
2020-06-13,Russia,NA,Novosibirsk Oblast,2788849,108,0,4177,0
2020-06-14,Russia,NA,Novosibirsk Oblast,2788849,108,0,4285,0
2020-06-15,Russia,NA,Novosibirsk Oblast,2788849,109,0,4394,0
2020-06-16,Russia,NA,Novosibirsk Oblast,2788849,103,0,4497,0
2020-06-17,Russia,NA,Novosibirsk Oblast,2788849,107,0,4604,0
2020-06-18,Russia,NA,Novosibirsk Oblast,2788849,107,0,4711,0
2020-06-19,Russia,NA,Novosibirsk Oblast,2788849,108,0,4819,0
2020-06-20,Russia,NA,Novosibirsk Oblast,2788849,109,0,4928,0
2020-06-21,Russia,NA,Novosibirsk Oblast,2788849,105,0,5033,0
2020-06-22,Russia,NA,Novosibirsk Oblast,2788849,109,0,5142,0
2020-06-23,Russia,NA,Novosibirsk Oblast,2788849,106,0,5248,0
2020-06-24,Russia,NA,Novosibirsk Oblast,2788849,108,0,5356,0
2020-06-25,Russia,NA,Novosibirsk Oblast,2788849,102,0,5458,0
2020-06-26,Russia,NA,Novosibirsk Oblast,2788849,108,0,5566,0
2020-06-27,Russia,NA,Novosibirsk Oblast,2788849,105,0,5671,0
2020-06-28,Russia,NA,Novosibirsk Oblast,2788849,98,0,5769,0
2020-06-29,Russia,NA,Novosibirsk Oblast,2788849,107,0,5876,0
2020-06-30,Russia,NA,Novosibirsk Oblast,2788849,109,0,5985,0
2020-07-01,Russia,NA,Novosibirsk Oblast,2788849,100,0,6085,0
2020-07-02,Russia,NA,Novosibirsk Oblast,2788849,92,0,6177,0
2020-07-03,Russia,NA,Novosibirsk Oblast,2788849,105,0,6282,0
2020-07-04,Russia,NA,Novosibirsk Oblast,2788849,111,0,6393,0
2020-07-05,Russia,NA,Novosibirsk Oblast,2788849,112,0,6505,0
2020-07-06,Russia,NA,Novosibirsk Oblast,2788849,106,0,6611,0
2020-07-07,Russia,NA,Novosibirsk Oblast,2788849,113,0,6724,0
2020-07-08,Russia,NA,Novosibirsk Oblast,2788849,107,0,6831,0
2020-07-09,Russia,NA,Novosibirsk Oblast,2788849,101,0,6932,0
2020-07-10,Russia,NA,Novosibirsk Oblast,2788849,111,0,7043,0
2020-07-11,Russia,NA,Novosibirsk Oblast,2788849,110,0,7153,0
2020-07-12,Russia,NA,Novosibirsk Oblast,2788849,121,0,7274,0
2020-07-13,Russia,NA,Novosibirsk Oblast,2788849,112,0,7386,0
2020-07-14,Russia,NA,Novosibirsk Oblast,2788849,119,0,7505,0
2020-07-15,Russia,NA,Novosibirsk Oblast,2788849,103,0,7608,0
2020-07-16,Russia,NA,Novosibirsk Oblast,2788849,120,0,7728,0
2020-07-17,Russia,NA,Novosibirsk Oblast,2788849,117,0,7845,0
2020-07-18,Russia,NA,Novosibirsk Oblast,2788849,114,0,7959,0
2020-07-19,Russia,NA,Novosibirsk Oblast,2788849,118,0,8077,0
2020-07-20,Russia,NA,Novosibirsk Oblast,2788849,109,0,8186,0
2020-07-21,Russia,NA,Novosibirsk Oblast,2788849,102,0,8288,0
2020-07-22,Russia,NA,Novosibirsk Oblast,2788849,113,0,8401,0
2020-07-23,Russia,NA,Novosibirsk Oblast,2788849,110,0,8511,0
2020-07-24,Russia,NA,Novosibirsk Oblast,2788849,105,0,8616,0
2020-07-25,Russia,NA,Novosibirsk Oblast,2788849,101,0,8717,0
2020-07-26,Russia,NA,Novosibirsk Oblast,2788849,109,0,8826,0
2020-07-27,Russia,NA,Novosibirsk Oblast,2788849,104,0,8930,0
2020-07-28,Russia,NA,Novosibirsk Oblast,2788849,103,0,9033,0
2020-07-29,Russia,NA,Novosibirsk Oblast,2788849,107,0,9140,0
2020-07-30,Russia,NA,Novosibirsk Oblast,2788849,101,0,9241,0
2020-07-31,Russia,NA,Novosibirsk Oblast,2788849,105,0,9346,0
2020-08-01,Russia,NA,Novosibirsk Oblast,2788849,98,0,9444,0
2020-08-02,Russia,NA,Novosibirsk Oblast,2788849,104,0,9548,240
2020-08-03,Russia,NA,Novosibirsk Oblast,2788849,106,6,9654,246
2020-08-04,Russia,NA,Novosibirsk Oblast,2788849,95,5,9749,251
2020-08-05,Russia,NA,Novosibirsk Oblast,2788849,97,4,9846,255
2020-08-06,Russia,NA,Novosibirsk Oblast,2788849,93,7,9939,262
2020-08-07,Russia,NA,Novosibirsk Oblast,2788849,92,7,10031,269
2020-08-08,Russia,NA,Novosibirsk Oblast,2788849,99,4,10130,273
2020-08-09,Russia,NA,Novosibirsk Oblast,2788849,52,7,10182,280
2020-08-10,Russia,NA,Novosibirsk Oblast,2788849,87,5,10269,285
2020-08-11,Russia,NA,Novosibirsk Oblast,2788849,65,7,10334,292
2020-08-12,Russia,NA,Novosibirsk Oblast,2788849,64,5,10398,297
2020-08-13,Russia,NA,Novosibirsk Oblast,2788849,53,6,10451,303
2020-08-14,Russia,NA,Novosibirsk Oblast,2788849,67,3,10518,306
2020-08-15,Russia,NA,Novosibirsk Oblast,2788849,56,3,10574,309
2020-08-16,Russia,NA,Novosibirsk Oblast,2788849,47,3,10621,312
2020-08-17,Russia,NA,Novosibirsk Oblast,2788849,53,3,10674,315
2020-08-18,Russia,NA,Novosibirsk Oblast,2788849,50,4,10724,319
2020-08-19,Russia,NA,Novosibirsk Oblast,2788849,51,5,10775,324
2020-08-20,Russia,NA,Novosibirsk Oblast,2788849,44,5,10819,329
2020-08-21,Russia,NA,Novosibirsk Oblast,2788849,53,6,10872,335
2020-08-22,Russia,NA,Novosibirsk Oblast,2788849,56,1,10928,336
2020-08-23,Russia,NA,Novosibirsk Oblast,2788849,50,3,10978,339
2020-08-24,Russia,NA,Novosibirsk Oblast,2788849,57,2,11035,341
2020-08-25,Russia,NA,Novosibirsk Oblast,2788849,59,3,11094,344
2020-08-26,Russia,NA,Novosibirsk Oblast,2788849,47,2,11141,346
2020-08-27,Russia,NA,Novosibirsk Oblast,2788849,51,3,11192,349
2020-08-28,Russia,NA,Novosibirsk Oblast,2788849,46,3,11238,352
2020-08-29,Russia,NA,Novosibirsk Oblast,2788849,51,2,11289,354
2020-08-30,Russia,NA,Novosibirsk Oblast,2788849,55,1,11344,355
2020-08-31,Russia,NA,Novosibirsk Oblast,2788849,60,3,11404,358
2020-05-01,Russia,NA,Omsk Oblast,1960081,10,0,107,0
2020-05-02,Russia,NA,Omsk Oblast,1960081,9,0,116,0
2020-05-03,Russia,NA,Omsk Oblast,1960081,11,0,127,0
2020-05-04,Russia,NA,Omsk Oblast,1960081,34,0,161,0
2020-05-05,Russia,NA,Omsk Oblast,1960081,30,0,191,0
2020-05-06,Russia,NA,Omsk Oblast,1960081,6,0,197,0
2020-05-07,Russia,NA,Omsk Oblast,1960081,11,0,208,0
2020-05-08,Russia,NA,Omsk Oblast,1960081,15,0,223,0
2020-05-09,Russia,NA,Omsk Oblast,1960081,22,0,245,0
2020-05-10,Russia,NA,Omsk Oblast,1960081,34,0,279,0
2020-05-11,Russia,NA,Omsk Oblast,1960081,23,0,302,0
2020-05-12,Russia,NA,Omsk Oblast,1960081,30,0,332,0
2020-05-13,Russia,NA,Omsk Oblast,1960081,23,0,355,0
2020-05-14,Russia,NA,Omsk Oblast,1960081,34,0,389,0
2020-05-15,Russia,NA,Omsk Oblast,1960081,47,0,436,0
2020-05-16,Russia,NA,Omsk Oblast,1960081,40,0,476,0
2020-05-17,Russia,NA,Omsk Oblast,1960081,58,0,534,0
2020-05-18,Russia,NA,Omsk Oblast,1960081,65,0,599,0
2020-05-19,Russia,NA,Omsk Oblast,1960081,53,0,652,0
2020-05-20,Russia,NA,Omsk Oblast,1960081,65,0,717,0
2020-05-21,Russia,NA,Omsk Oblast,1960081,47,0,764,0
2020-05-22,Russia,NA,Omsk Oblast,1960081,74,0,838,0
2020-05-23,Russia,NA,Omsk Oblast,1960081,87,0,925,0
2020-05-24,Russia,NA,Omsk Oblast,1960081,60,0,985,0
2020-05-25,Russia,NA,Omsk Oblast,1960081,59,0,1044,0
2020-05-26,Russia,NA,Omsk Oblast,1960081,53,0,1097,0
2020-05-27,Russia,NA,Omsk Oblast,1960081,42,0,1139,0
2020-05-28,Russia,NA,Omsk Oblast,1960081,87,0,1226,0
2020-05-29,Russia,NA,Omsk Oblast,1960081,42,0,1268,0
2020-05-30,Russia,NA,Omsk Oblast,1960081,50,0,1318,0
2020-05-31,Russia,NA,Omsk Oblast,1960081,69,0,1387,0
2020-06-01,Russia,NA,Omsk Oblast,1960081,24,0,1411,0
2020-06-02,Russia,NA,Omsk Oblast,1960081,26,0,1437,0
2020-06-03,Russia,NA,Omsk Oblast,1960081,45,0,1482,0
2020-06-04,Russia,NA,Omsk Oblast,1960081,58,0,1540,0
2020-06-05,Russia,NA,Omsk Oblast,1960081,55,0,1595,0
2020-06-06,Russia,NA,Omsk Oblast,1960081,81,0,1676,0
2020-06-07,Russia,NA,Omsk Oblast,1960081,42,0,1718,0
2020-06-08,Russia,NA,Omsk Oblast,1960081,58,0,1776,0
2020-06-09,Russia,NA,Omsk Oblast,1960081,75,0,1851,0
2020-06-10,Russia,NA,Omsk Oblast,1960081,79,0,1930,0
2020-06-11,Russia,NA,Omsk Oblast,1960081,47,0,1977,0
2020-06-12,Russia,NA,Omsk Oblast,1960081,86,0,2063,0
2020-06-13,Russia,NA,Omsk Oblast,1960081,85,0,2148,0
2020-06-14,Russia,NA,Omsk Oblast,1960081,99,0,2247,0
2020-06-15,Russia,NA,Omsk Oblast,1960081,93,0,2340,0
2020-06-16,Russia,NA,Omsk Oblast,1960081,97,0,2437,0
2020-06-17,Russia,NA,Omsk Oblast,1960081,98,0,2535,0
2020-06-18,Russia,NA,Omsk Oblast,1960081,89,0,2624,0
2020-06-19,Russia,NA,Omsk Oblast,1960081,103,0,2727,0
2020-06-20,Russia,NA,Omsk Oblast,1960081,94,0,2821,0
2020-06-21,Russia,NA,Omsk Oblast,1960081,99,0,2920,0
2020-06-22,Russia,NA,Omsk Oblast,1960081,98,0,3018,0
2020-06-23,Russia,NA,Omsk Oblast,1960081,82,0,3100,0
2020-06-24,Russia,NA,Omsk Oblast,1960081,84,0,3184,0
2020-06-25,Russia,NA,Omsk Oblast,1960081,52,0,3236,0
2020-06-26,Russia,NA,Omsk Oblast,1960081,61,0,3297,0
2020-06-27,Russia,NA,Omsk Oblast,1960081,75,0,3372,0
2020-06-28,Russia,NA,Omsk Oblast,1960081,83,0,3455,0
2020-06-29,Russia,NA,Omsk Oblast,1960081,78,0,3533,0
2020-06-30,Russia,NA,Omsk Oblast,1960081,82,0,3615,0
2020-07-01,Russia,NA,Omsk Oblast,1960081,86,0,3701,0
2020-07-02,Russia,NA,Omsk Oblast,1960081,79,0,3780,0
2020-07-03,Russia,NA,Omsk Oblast,1960081,83,0,3863,0
2020-07-04,Russia,NA,Omsk Oblast,1960081,87,0,3950,0
2020-07-05,Russia,NA,Omsk Oblast,1960081,86,0,4036,0
2020-07-06,Russia,NA,Omsk Oblast,1960081,84,0,4120,0
2020-07-07,Russia,NA,Omsk Oblast,1960081,82,0,4202,0
2020-07-08,Russia,NA,Omsk Oblast,1960081,83,0,4285,0
2020-07-09,Russia,NA,Omsk Oblast,1960081,89,0,4374,0
2020-07-10,Russia,NA,Omsk Oblast,1960081,95,0,4469,0
2020-07-11,Russia,NA,Omsk Oblast,1960081,94,0,4563,0
2020-07-12,Russia,NA,Omsk Oblast,1960081,93,0,4656,0
2020-07-13,Russia,NA,Omsk Oblast,1960081,95,0,4751,0
2020-07-14,Russia,NA,Omsk Oblast,1960081,93,0,4844,0
2020-07-15,Russia,NA,Omsk Oblast,1960081,105,0,4949,0
2020-07-16,Russia,NA,Omsk Oblast,1960081,117,0,5066,0
2020-07-17,Russia,NA,Omsk Oblast,1960081,106,0,5172,0
2020-07-18,Russia,NA,Omsk Oblast,1960081,114,0,5286,0
2020-07-19,Russia,NA,Omsk Oblast,1960081,109,0,5395,0
2020-07-20,Russia,NA,Omsk Oblast,1960081,108,0,5503,0
2020-07-21,Russia,NA,Omsk Oblast,1960081,104,0,5607,0
2020-07-22,Russia,NA,Omsk Oblast,1960081,118,0,5725,0
2020-07-23,Russia,NA,Omsk Oblast,1960081,129,0,5854,0
2020-07-24,Russia,NA,Omsk Oblast,1960081,115,0,5969,0
2020-07-25,Russia,NA,Omsk Oblast,1960081,108,0,6077,0
2020-07-26,Russia,NA,Omsk Oblast,1960081,107,0,6184,0
2020-07-27,Russia,NA,Omsk Oblast,1960081,114,0,6298,0
2020-07-28,Russia,NA,Omsk Oblast,1960081,115,0,6413,0
2020-07-29,Russia,NA,Omsk Oblast,1960081,111,0,6524,0
2020-07-30,Russia,NA,Omsk Oblast,1960081,119,0,6643,0
2020-07-31,Russia,NA,Omsk Oblast,1960081,125,0,6768,0
2020-08-01,Russia,NA,Omsk Oblast,1960081,114,0,6882,0
2020-08-02,Russia,NA,Omsk Oblast,1960081,108,0,6990,68
2020-08-03,Russia,NA,Omsk Oblast,1960081,112,3,7102,71
2020-08-04,Russia,NA,Omsk Oblast,1960081,107,5,7209,76
2020-08-05,Russia,NA,Omsk Oblast,1960081,109,3,7318,79
2020-08-06,Russia,NA,Omsk Oblast,1960081,106,0,7424,79
2020-08-07,Russia,NA,Omsk Oblast,1960081,107,3,7531,82
2020-08-08,Russia,NA,Omsk Oblast,1960081,105,3,7636,85
2020-08-09,Russia,NA,Omsk Oblast,1960081,112,3,7748,88
2020-08-10,Russia,NA,Omsk Oblast,1960081,108,4,7856,92
2020-08-11,Russia,NA,Omsk Oblast,1960081,105,2,7961,94
2020-08-12,Russia,NA,Omsk Oblast,1960081,106,7,8067,101
2020-08-13,Russia,NA,Omsk Oblast,1960081,108,5,8175,106
2020-08-14,Russia,NA,Omsk Oblast,1960081,106,5,8281,111
2020-08-15,Russia,NA,Omsk Oblast,1960081,107,5,8388,116
2020-08-16,Russia,NA,Omsk Oblast,1960081,103,6,8491,122
2020-08-17,Russia,NA,Omsk Oblast,1960081,99,0,8590,122
2020-08-18,Russia,NA,Omsk Oblast,1960081,94,8,8684,130
2020-08-19,Russia,NA,Omsk Oblast,1960081,92,6,8776,136
2020-08-20,Russia,NA,Omsk Oblast,1960081,63,5,8839,141
2020-08-21,Russia,NA,Omsk Oblast,1960081,54,4,8893,145
2020-08-22,Russia,NA,Omsk Oblast,1960081,57,5,8950,150
2020-08-23,Russia,NA,Omsk Oblast,1960081,49,5,8999,155
2020-08-24,Russia,NA,Omsk Oblast,1960081,44,4,9043,159
2020-08-25,Russia,NA,Omsk Oblast,1960081,27,4,9070,163
2020-08-26,Russia,NA,Omsk Oblast,1960081,15,4,9085,167
2020-08-27,Russia,NA,Omsk Oblast,1960081,30,4,9115,171
2020-08-28,Russia,NA,Omsk Oblast,1960081,39,4,9154,175
2020-08-29,Russia,NA,Omsk Oblast,1960081,43,5,9197,180
2020-08-30,Russia,NA,Omsk Oblast,1960081,44,0,9241,180
2020-08-31,Russia,NA,Omsk Oblast,1960081,41,7,9282,187
2020-04-17,Russia,NA,Orenburg Oblast,1977720,38,0,120,0
2020-04-18,Russia,NA,Orenburg Oblast,1977720,20,0,140,0
2020-04-19,Russia,NA,Orenburg Oblast,1977720,44,0,184,0
2020-04-21,Russia,NA,Orenburg Oblast,1977720,42,0,226,0
2020-04-22,Russia,NA,Orenburg Oblast,1977720,28,0,254,0
2020-04-23,Russia,NA,Orenburg Oblast,1977720,23,0,277,0
2020-04-24,Russia,NA,Orenburg Oblast,1977720,28,0,305,0
2020-04-25,Russia,NA,Orenburg Oblast,1977720,56,0,361,0
2020-04-26,Russia,NA,Orenburg Oblast,1977720,16,0,377,0
2020-04-27,Russia,NA,Orenburg Oblast,1977720,14,0,391,0
2020-04-28,Russia,NA,Orenburg Oblast,1977720,65,0,456,0
2020-04-29,Russia,NA,Orenburg Oblast,1977720,37,0,493,0
2020-04-30,Russia,NA,Orenburg Oblast,1977720,27,0,520,0
2020-05-01,Russia,NA,Orenburg Oblast,1977720,49,0,569,0
2020-05-02,Russia,NA,Orenburg Oblast,1977720,22,0,591,0
2020-05-03,Russia,NA,Orenburg Oblast,1977720,28,0,619,0
2020-05-04,Russia,NA,Orenburg Oblast,1977720,81,0,700,0
2020-05-05,Russia,NA,Orenburg Oblast,1977720,28,0,728,0
2020-05-06,Russia,NA,Orenburg Oblast,1977720,39,0,767,0
2020-05-07,Russia,NA,Orenburg Oblast,1977720,31,0,798,0
2020-05-08,Russia,NA,Orenburg Oblast,1977720,49,0,847,0
2020-05-09,Russia,NA,Orenburg Oblast,1977720,48,0,895,0
2020-05-10,Russia,NA,Orenburg Oblast,1977720,42,0,937,0
2020-05-11,Russia,NA,Orenburg Oblast,1977720,49,0,986,0
2020-05-12,Russia,NA,Orenburg Oblast,1977720,53,0,1039,0
2020-05-13,Russia,NA,Orenburg Oblast,1977720,50,0,1089,0
2020-05-14,Russia,NA,Orenburg Oblast,1977720,89,0,1178,0
2020-05-15,Russia,NA,Orenburg Oblast,1977720,30,0,1208,0
2020-05-16,Russia,NA,Orenburg Oblast,1977720,35,0,1243,0
2020-05-17,Russia,NA,Orenburg Oblast,1977720,35,0,1278,0
2020-05-18,Russia,NA,Orenburg Oblast,1977720,34,0,1312,0
2020-05-19,Russia,NA,Orenburg Oblast,1977720,38,0,1350,0
2020-05-20,Russia,NA,Orenburg Oblast,1977720,42,0,1392,0
2020-05-21,Russia,NA,Orenburg Oblast,1977720,45,0,1437,0
2020-05-22,Russia,NA,Orenburg Oblast,1977720,45,0,1482,0
2020-05-23,Russia,NA,Orenburg Oblast,1977720,42,0,1524,0
2020-05-24,Russia,NA,Orenburg Oblast,1977720,42,0,1566,0
2020-05-25,Russia,NA,Orenburg Oblast,1977720,44,0,1610,0
2020-05-26,Russia,NA,Orenburg Oblast,1977720,54,0,1664,0
2020-05-27,Russia,NA,Orenburg Oblast,1977720,54,0,1718,0
2020-05-28,Russia,NA,Orenburg Oblast,1977720,54,0,1772,0
2020-05-29,Russia,NA,Orenburg Oblast,1977720,54,0,1826,0
2020-05-30,Russia,NA,Orenburg Oblast,1977720,45,0,1871,0
2020-05-31,Russia,NA,Orenburg Oblast,1977720,54,0,1925,0
2020-06-01,Russia,NA,Orenburg Oblast,1977720,54,0,1979,0
2020-06-02,Russia,NA,Orenburg Oblast,1977720,53,0,2032,0
2020-06-03,Russia,NA,Orenburg Oblast,1977720,53,0,2085,0
2020-06-04,Russia,NA,Orenburg Oblast,1977720,56,0,2141,0
2020-06-05,Russia,NA,Orenburg Oblast,1977720,63,0,2204,0
2020-06-06,Russia,NA,Orenburg Oblast,1977720,63,0,2267,0
2020-06-07,Russia,NA,Orenburg Oblast,1977720,64,0,2331,0
2020-06-08,Russia,NA,Orenburg Oblast,1977720,66,0,2397,0
2020-06-09,Russia,NA,Orenburg Oblast,1977720,64,0,2461,0
2020-06-10,Russia,NA,Orenburg Oblast,1977720,60,0,2521,0
2020-06-11,Russia,NA,Orenburg Oblast,1977720,59,0,2580,0
2020-06-12,Russia,NA,Orenburg Oblast,1977720,63,0,2643,0
2020-06-13,Russia,NA,Orenburg Oblast,1977720,62,0,2705,0
2020-06-14,Russia,NA,Orenburg Oblast,1977720,63,0,2768,0
2020-06-15,Russia,NA,Orenburg Oblast,1977720,62,0,2830,0
2020-06-16,Russia,NA,Orenburg Oblast,1977720,60,0,2890,0
2020-06-17,Russia,NA,Orenburg Oblast,1977720,58,0,2948,0
2020-06-18,Russia,NA,Orenburg Oblast,1977720,59,0,3007,0
2020-06-19,Russia,NA,Orenburg Oblast,1977720,60,0,3067,0
2020-06-20,Russia,NA,Orenburg Oblast,1977720,58,0,3125,0
2020-06-21,Russia,NA,Orenburg Oblast,1977720,56,0,3181,0
2020-06-22,Russia,NA,Orenburg Oblast,1977720,64,0,3245,0
2020-06-23,Russia,NA,Orenburg Oblast,1977720,65,0,3310,0
2020-06-24,Russia,NA,Orenburg Oblast,1977720,67,0,3377,0
2020-06-25,Russia,NA,Orenburg Oblast,1977720,62,0,3439,0
2020-06-26,Russia,NA,Orenburg Oblast,1977720,60,0,3499,0
2020-06-27,Russia,NA,Orenburg Oblast,1977720,63,0,3562,0
2020-06-28,Russia,NA,Orenburg Oblast,1977720,64,0,3626,0
2020-06-29,Russia,NA,Orenburg Oblast,1977720,74,0,3700,0
2020-06-30,Russia,NA,Orenburg Oblast,1977720,77,0,3777,0
2020-07-01,Russia,NA,Orenburg Oblast,1977720,76,0,3853,0
2020-07-02,Russia,NA,Orenburg Oblast,1977720,76,0,3929,0
2020-07-03,Russia,NA,Orenburg Oblast,1977720,78,0,4007,0
2020-07-04,Russia,NA,Orenburg Oblast,1977720,81,0,4088,0
2020-07-05,Russia,NA,Orenburg Oblast,1977720,82,0,4170,0
2020-07-06,Russia,NA,Orenburg Oblast,1977720,83,0,4253,0
2020-07-07,Russia,NA,Orenburg Oblast,1977720,86,0,4339,0
2020-07-08,Russia,NA,Orenburg Oblast,1977720,88,0,4427,0
2020-07-09,Russia,NA,Orenburg Oblast,1977720,88,0,4515,0
2020-07-10,Russia,NA,Orenburg Oblast,1977720,95,0,4610,0
2020-07-11,Russia,NA,Orenburg Oblast,1977720,98,0,4708,0
2020-07-12,Russia,NA,Orenburg Oblast,1977720,100,0,4808,0
2020-07-13,Russia,NA,Orenburg Oblast,1977720,102,0,4910,0
2020-07-14,Russia,NA,Orenburg Oblast,1977720,108,0,5018,0
2020-07-15,Russia,NA,Orenburg Oblast,1977720,108,0,5126,0
2020-07-16,Russia,NA,Orenburg Oblast,1977720,111,0,5237,0
2020-07-17,Russia,NA,Orenburg Oblast,1977720,115,0,5352,0
2020-07-18,Russia,NA,Orenburg Oblast,1977720,118,0,5470,0
2020-07-19,Russia,NA,Orenburg Oblast,1977720,116,0,5586,0
2020-07-20,Russia,NA,Orenburg Oblast,1977720,115,0,5701,0
2020-07-21,Russia,NA,Orenburg Oblast,1977720,114,0,5815,0
2020-07-22,Russia,NA,Orenburg Oblast,1977720,114,0,5929,0
2020-07-23,Russia,NA,Orenburg Oblast,1977720,113,0,6042,0
2020-07-24,Russia,NA,Orenburg Oblast,1977720,112,0,6154,0
2020-07-25,Russia,NA,Orenburg Oblast,1977720,110,0,6264,0
2020-07-26,Russia,NA,Orenburg Oblast,1977720,110,0,6374,0
2020-07-27,Russia,NA,Orenburg Oblast,1977720,111,0,6485,0
2020-07-28,Russia,NA,Orenburg Oblast,1977720,109,0,6594,0
2020-07-29,Russia,NA,Orenburg Oblast,1977720,108,0,6702,0
2020-07-30,Russia,NA,Orenburg Oblast,1977720,107,0,6809,0
2020-07-31,Russia,NA,Orenburg Oblast,1977720,106,0,6915,0
2020-08-01,Russia,NA,Orenburg Oblast,1977720,106,0,7021,0
2020-08-02,Russia,NA,Orenburg Oblast,1977720,110,0,7131,47
2020-08-03,Russia,NA,Orenburg Oblast,1977720,108,0,7239,47
2020-08-04,Russia,NA,Orenburg Oblast,1977720,106,2,7345,49
2020-08-05,Russia,NA,Orenburg Oblast,1977720,105,1,7450,50
2020-08-06,Russia,NA,Orenburg Oblast,1977720,103,1,7553,51
2020-08-07,Russia,NA,Orenburg Oblast,1977720,103,0,7656,51
2020-08-08,Russia,NA,Orenburg Oblast,1977720,101,3,7757,54
2020-08-09,Russia,NA,Orenburg Oblast,1977720,101,1,7858,55
2020-08-10,Russia,NA,Orenburg Oblast,1977720,104,0,7962,55
2020-08-11,Russia,NA,Orenburg Oblast,1977720,104,2,8066,57
2020-08-12,Russia,NA,Orenburg Oblast,1977720,103,1,8169,58
2020-08-13,Russia,NA,Orenburg Oblast,1977720,105,4,8274,62
2020-08-14,Russia,NA,Orenburg Oblast,1977720,104,2,8378,64
2020-08-15,Russia,NA,Orenburg Oblast,1977720,105,1,8483,65
2020-08-16,Russia,NA,Orenburg Oblast,1977720,102,0,8585,65
2020-08-17,Russia,NA,Orenburg Oblast,1977720,102,1,8687,66
2020-08-18,Russia,NA,Orenburg Oblast,1977720,100,1,8787,67
2020-08-19,Russia,NA,Orenburg Oblast,1977720,98,0,8885,67
2020-08-20,Russia,NA,Orenburg Oblast,1977720,96,2,8981,69
2020-08-21,Russia,NA,Orenburg Oblast,1977720,93,2,9074,71
2020-08-22,Russia,NA,Orenburg Oblast,1977720,93,0,9167,71
2020-08-23,Russia,NA,Orenburg Oblast,1977720,91,0,9258,71
2020-08-24,Russia,NA,Orenburg Oblast,1977720,90,0,9348,71
2020-08-25,Russia,NA,Orenburg Oblast,1977720,89,1,9437,72
2020-08-26,Russia,NA,Orenburg Oblast,1977720,87,0,9524,72
2020-08-27,Russia,NA,Orenburg Oblast,1977720,86,2,9610,74
2020-08-28,Russia,NA,Orenburg Oblast,1977720,84,0,9694,74
2020-08-29,Russia,NA,Orenburg Oblast,1977720,84,1,9778,75
2020-08-30,Russia,NA,Orenburg Oblast,1977720,83,1,9861,76
2020-08-31,Russia,NA,Orenburg Oblast,1977720,83,0,9944,76
2020-04-18,Russia,NA,Oryol Oblast,747247,34,0,119,0
2020-04-19,Russia,NA,Oryol Oblast,747247,13,0,132,0
2020-04-20,Russia,NA,Oryol Oblast,747247,43,0,175,0
2020-04-21,Russia,NA,Oryol Oblast,747247,23,0,198,0
2020-04-22,Russia,NA,Oryol Oblast,747247,40,0,238,0
2020-04-23,Russia,NA,Oryol Oblast,747247,11,0,249,0
2020-04-24,Russia,NA,Oryol Oblast,747247,47,0,296,0
2020-04-25,Russia,NA,Oryol Oblast,747247,25,0,321,0
2020-04-26,Russia,NA,Oryol Oblast,747247,42,0,363,0
2020-04-27,Russia,NA,Oryol Oblast,747247,44,0,407,0
2020-04-28,Russia,NA,Oryol Oblast,747247,53,0,460,0
2020-04-29,Russia,NA,Oryol Oblast,747247,38,0,498,0
2020-04-30,Russia,NA,Oryol Oblast,747247,27,0,525,0
2020-05-01,Russia,NA,Oryol Oblast,747247,37,0,562,0
2020-05-02,Russia,NA,Oryol Oblast,747247,32,0,594,0
2020-05-03,Russia,NA,Oryol Oblast,747247,68,0,662,0
2020-05-04,Russia,NA,Oryol Oblast,747247,19,0,681,0
2020-05-05,Russia,NA,Oryol Oblast,747247,75,0,756,0
2020-05-06,Russia,NA,Oryol Oblast,747247,57,0,813,0
2020-05-07,Russia,NA,Oryol Oblast,747247,52,0,865,0
2020-05-08,Russia,NA,Oryol Oblast,747247,58,0,923,0
2020-05-09,Russia,NA,Oryol Oblast,747247,50,0,973,0
2020-05-10,Russia,NA,Oryol Oblast,747247,50,0,1023,0
2020-05-11,Russia,NA,Oryol Oblast,747247,64,0,1087,0
2020-05-12,Russia,NA,Oryol Oblast,747247,61,0,1148,0
2020-05-13,Russia,NA,Oryol Oblast,747247,59,0,1207,0
2020-05-14,Russia,NA,Oryol Oblast,747247,57,0,1264,0
2020-05-15,Russia,NA,Oryol Oblast,747247,65,0,1329,0
2020-05-16,Russia,NA,Oryol Oblast,747247,52,0,1381,0
2020-05-17,Russia,NA,Oryol Oblast,747247,68,0,1449,0
2020-05-18,Russia,NA,Oryol Oblast,747247,68,0,1517,0
2020-05-19,Russia,NA,Oryol Oblast,747247,32,0,1549,0
2020-05-20,Russia,NA,Oryol Oblast,747247,49,0,1598,0
2020-05-21,Russia,NA,Oryol Oblast,747247,49,0,1647,0
2020-05-22,Russia,NA,Oryol Oblast,747247,32,0,1679,0
2020-05-23,Russia,NA,Oryol Oblast,747247,61,0,1740,0
2020-05-24,Russia,NA,Oryol Oblast,747247,68,0,1808,0
2020-05-25,Russia,NA,Oryol Oblast,747247,59,0,1867,0
2020-05-26,Russia,NA,Oryol Oblast,747247,75,0,1942,0
2020-05-27,Russia,NA,Oryol Oblast,747247,81,0,2023,0
2020-05-28,Russia,NA,Oryol Oblast,747247,59,0,2082,0
2020-05-29,Russia,NA,Oryol Oblast,747247,65,0,2147,0
2020-05-30,Russia,NA,Oryol Oblast,747247,78,0,2225,0
2020-05-31,Russia,NA,Oryol Oblast,747247,75,0,2300,0
2020-06-01,Russia,NA,Oryol Oblast,747247,41,0,2341,0
2020-06-02,Russia,NA,Oryol Oblast,747247,31,0,2372,0
2020-06-03,Russia,NA,Oryol Oblast,747247,71,0,2443,0
2020-06-04,Russia,NA,Oryol Oblast,747247,85,0,2528,0
2020-06-05,Russia,NA,Oryol Oblast,747247,121,0,2649,0
2020-06-06,Russia,NA,Oryol Oblast,747247,111,0,2760,0
2020-06-07,Russia,NA,Oryol Oblast,747247,110,0,2870,0
2020-06-08,Russia,NA,Oryol Oblast,747247,97,0,2967,0
2020-06-09,Russia,NA,Oryol Oblast,747247,125,0,3092,0
2020-06-10,Russia,NA,Oryol Oblast,747247,89,0,3181,0
2020-06-11,Russia,NA,Oryol Oblast,747247,102,0,3283,0
2020-06-12,Russia,NA,Oryol Oblast,747247,109,0,3392,0
2020-06-13,Russia,NA,Oryol Oblast,747247,81,0,3473,0
2020-06-14,Russia,NA,Oryol Oblast,747247,86,0,3559,0
2020-06-15,Russia,NA,Oryol Oblast,747247,122,0,3681,0
2020-06-16,Russia,NA,Oryol Oblast,747247,110,0,3791,0
2020-06-17,Russia,NA,Oryol Oblast,747247,67,0,3858,0
2020-06-18,Russia,NA,Oryol Oblast,747247,71,0,3929,0
2020-06-19,Russia,NA,Oryol Oblast,747247,74,0,4003,0
2020-06-20,Russia,NA,Oryol Oblast,747247,65,0,4068,0
2020-06-21,Russia,NA,Oryol Oblast,747247,60,0,4128,0
2020-06-22,Russia,NA,Oryol Oblast,747247,58,0,4186,0
2020-06-23,Russia,NA,Oryol Oblast,747247,55,0,4241,0
2020-06-24,Russia,NA,Oryol Oblast,747247,40,0,4281,0
2020-06-25,Russia,NA,Oryol Oblast,747247,37,0,4318,0
2020-06-26,Russia,NA,Oryol Oblast,747247,40,0,4358,0
2020-06-27,Russia,NA,Oryol Oblast,747247,38,0,4396,0
2020-06-28,Russia,NA,Oryol Oblast,747247,41,0,4437,0
2020-06-29,Russia,NA,Oryol Oblast,747247,43,0,4480,0
2020-06-30,Russia,NA,Oryol Oblast,747247,33,0,4513,0
2020-07-01,Russia,NA,Oryol Oblast,747247,31,0,4544,0
2020-07-02,Russia,NA,Oryol Oblast,747247,35,0,4579,0
2020-07-03,Russia,NA,Oryol Oblast,747247,31,0,4610,0
2020-07-04,Russia,NA,Oryol Oblast,747247,34,0,4644,0
2020-07-05,Russia,NA,Oryol Oblast,747247,40,0,4684,0
2020-07-06,Russia,NA,Oryol Oblast,747247,57,0,4741,0
2020-07-07,Russia,NA,Oryol Oblast,747247,54,0,4795,0
2020-07-08,Russia,NA,Oryol Oblast,747247,45,0,4840,0
2020-07-09,Russia,NA,Oryol Oblast,747247,43,0,4883,0
2020-07-10,Russia,NA,Oryol Oblast,747247,47,0,4930,0
2020-07-11,Russia,NA,Oryol Oblast,747247,44,0,4974,0
2020-07-12,Russia,NA,Oryol Oblast,747247,46,0,5020,0
2020-07-13,Russia,NA,Oryol Oblast,747247,49,0,5069,0
2020-07-14,Russia,NA,Oryol Oblast,747247,44,0,5113,0
2020-07-15,Russia,NA,Oryol Oblast,747247,40,0,5153,0
2020-07-16,Russia,NA,Oryol Oblast,747247,45,0,5198,0
2020-07-17,Russia,NA,Oryol Oblast,747247,42,0,5240,0
2020-07-18,Russia,NA,Oryol Oblast,747247,40,0,5280,0
2020-07-19,Russia,NA,Oryol Oblast,747247,38,0,5318,0
2020-07-20,Russia,NA,Oryol Oblast,747247,31,0,5349,0
2020-07-21,Russia,NA,Oryol Oblast,747247,29,0,5378,0
2020-07-22,Russia,NA,Oryol Oblast,747247,25,0,5403,0
2020-07-23,Russia,NA,Oryol Oblast,747247,22,0,5425,0
2020-07-24,Russia,NA,Oryol Oblast,747247,22,0,5447,0
2020-07-25,Russia,NA,Oryol Oblast,747247,21,0,5468,0
2020-07-26,Russia,NA,Oryol Oblast,747247,25,0,5493,0
2020-07-27,Russia,NA,Oryol Oblast,747247,30,0,5523,0
2020-07-28,Russia,NA,Oryol Oblast,747247,29,0,5552,0
2020-07-29,Russia,NA,Oryol Oblast,747247,30,0,5582,0
2020-07-30,Russia,NA,Oryol Oblast,747247,32,0,5614,0
2020-07-31,Russia,NA,Oryol Oblast,747247,31,0,5645,0
2020-08-01,Russia,NA,Oryol Oblast,747247,30,0,5675,0
2020-08-02,Russia,NA,Oryol Oblast,747247,32,0,5707,91
2020-08-03,Russia,NA,Oryol Oblast,747247,34,0,5741,91
2020-08-04,Russia,NA,Oryol Oblast,747247,35,2,5776,93
2020-08-05,Russia,NA,Oryol Oblast,747247,36,0,5812,93
2020-08-06,Russia,NA,Oryol Oblast,747247,36,0,5848,93
2020-08-07,Russia,NA,Oryol Oblast,747247,37,0,5885,93
2020-08-08,Russia,NA,Oryol Oblast,747247,38,1,5923,94
2020-08-09,Russia,NA,Oryol Oblast,747247,43,0,5966,94
2020-08-10,Russia,NA,Oryol Oblast,747247,50,0,6016,94
2020-08-11,Russia,NA,Oryol Oblast,747247,52,1,6068,95
2020-08-12,Russia,NA,Oryol Oblast,747247,102,1,6170,96
2020-08-13,Russia,NA,Oryol Oblast,747247,80,0,6250,96
2020-08-14,Russia,NA,Oryol Oblast,747247,60,1,6310,97
2020-08-15,Russia,NA,Oryol Oblast,747247,45,1,6355,98
2020-08-16,Russia,NA,Oryol Oblast,747247,41,0,6396,98
2020-08-17,Russia,NA,Oryol Oblast,747247,40,0,6436,98
2020-08-18,Russia,NA,Oryol Oblast,747247,43,1,6479,99
2020-08-19,Russia,NA,Oryol Oblast,747247,41,1,6520,100
2020-08-20,Russia,NA,Oryol Oblast,747247,38,1,6558,101
2020-08-21,Russia,NA,Oryol Oblast,747247,39,0,6597,101
2020-08-22,Russia,NA,Oryol Oblast,747247,39,0,6636,101
2020-08-23,Russia,NA,Oryol Oblast,747247,45,0,6681,101
2020-08-24,Russia,NA,Oryol Oblast,747247,46,0,6727,101
2020-08-25,Russia,NA,Oryol Oblast,747247,42,2,6769,103
2020-08-26,Russia,NA,Oryol Oblast,747247,39,1,6808,104
2020-08-27,Russia,NA,Oryol Oblast,747247,41,0,6849,104
2020-08-28,Russia,NA,Oryol Oblast,747247,40,1,6889,105
2020-08-29,Russia,NA,Oryol Oblast,747247,47,1,6936,106
2020-08-30,Russia,NA,Oryol Oblast,747247,46,0,6982,106
2020-08-31,Russia,NA,Oryol Oblast,747247,47,0,7029,106
2020-04-16,Russia,NA,Penza Oblast,1331655,7,0,107,0
2020-04-17,Russia,NA,Penza Oblast,1331655,12,0,119,0
2020-04-18,Russia,NA,Penza Oblast,1331655,21,0,140,0
2020-04-20,Russia,NA,Penza Oblast,1331655,25,0,165,0
2020-04-21,Russia,NA,Penza Oblast,1331655,15,0,180,0
2020-04-22,Russia,NA,Penza Oblast,1331655,16,0,196,0
2020-04-23,Russia,NA,Penza Oblast,1331655,15,0,211,0
2020-04-24,Russia,NA,Penza Oblast,1331655,21,0,232,0
2020-04-25,Russia,NA,Penza Oblast,1331655,23,0,255,0
2020-04-26,Russia,NA,Penza Oblast,1331655,6,0,261,0
2020-04-27,Russia,NA,Penza Oblast,1331655,22,0,283,0
2020-04-29,Russia,NA,Penza Oblast,1331655,42,0,325,0
2020-04-30,Russia,NA,Penza Oblast,1331655,40,0,365,0
2020-05-01,Russia,NA,Penza Oblast,1331655,44,0,409,0
2020-05-02,Russia,NA,Penza Oblast,1331655,33,0,442,0
2020-05-03,Russia,NA,Penza Oblast,1331655,31,0,473,0
2020-05-04,Russia,NA,Penza Oblast,1331655,27,0,500,0
2020-05-05,Russia,NA,Penza Oblast,1331655,30,0,530,0
2020-05-06,Russia,NA,Penza Oblast,1331655,32,0,562,0
2020-05-07,Russia,NA,Penza Oblast,1331655,34,0,596,0
2020-05-08,Russia,NA,Penza Oblast,1331655,43,0,639,0
2020-05-09,Russia,NA,Penza Oblast,1331655,45,0,684,0
2020-05-10,Russia,NA,Penza Oblast,1331655,41,0,725,0
2020-05-11,Russia,NA,Penza Oblast,1331655,38,0,763,0
2020-05-12,Russia,NA,Penza Oblast,1331655,35,0,798,0
2020-05-13,Russia,NA,Penza Oblast,1331655,42,0,840,0
2020-05-14,Russia,NA,Penza Oblast,1331655,45,0,885,0
2020-05-15,Russia,NA,Penza Oblast,1331655,61,0,946,0
2020-05-16,Russia,NA,Penza Oblast,1331655,56,0,1002,0
2020-05-17,Russia,NA,Penza Oblast,1331655,60,0,1062,0
2020-05-18,Russia,NA,Penza Oblast,1331655,71,0,1133,0
2020-05-19,Russia,NA,Penza Oblast,1331655,73,0,1206,0
2020-05-20,Russia,NA,Penza Oblast,1331655,72,0,1278,0
2020-05-21,Russia,NA,Penza Oblast,1331655,83,0,1361,0
2020-05-22,Russia,NA,Penza Oblast,1331655,110,0,1471,0
2020-05-23,Russia,NA,Penza Oblast,1331655,102,0,1573,0
2020-05-24,Russia,NA,Penza Oblast,1331655,97,0,1670,0
2020-05-25,Russia,NA,Penza Oblast,1331655,94,0,1764,0
2020-05-26,Russia,NA,Penza Oblast,1331655,89,0,1853,0
2020-05-27,Russia,NA,Penza Oblast,1331655,88,0,1941,0
2020-05-28,Russia,NA,Penza Oblast,1331655,86,0,2027,0
2020-05-29,Russia,NA,Penza Oblast,1331655,89,0,2116,0
2020-05-30,Russia,NA,Penza Oblast,1331655,90,0,2206,0
2020-05-31,Russia,NA,Penza Oblast,1331655,87,0,2293,0
2020-06-01,Russia,NA,Penza Oblast,1331655,85,0,2378,0
2020-06-02,Russia,NA,Penza Oblast,1331655,85,0,2463,0
2020-06-03,Russia,NA,Penza Oblast,1331655,83,0,2546,0
2020-06-04,Russia,NA,Penza Oblast,1331655,84,0,2630,0
2020-06-05,Russia,NA,Penza Oblast,1331655,90,0,2720,0
2020-06-06,Russia,NA,Penza Oblast,1331655,86,0,2806,0
2020-06-07,Russia,NA,Penza Oblast,1331655,98,0,2904,0
2020-06-08,Russia,NA,Penza Oblast,1331655,110,0,3014,0
2020-06-09,Russia,NA,Penza Oblast,1331655,138,0,3152,0
2020-06-10,Russia,NA,Penza Oblast,1331655,126,0,3278,0
2020-06-11,Russia,NA,Penza Oblast,1331655,115,0,3393,0
2020-06-12,Russia,NA,Penza Oblast,1331655,103,0,3496,0
2020-06-13,Russia,NA,Penza Oblast,1331655,99,0,3595,0
2020-06-14,Russia,NA,Penza Oblast,1331655,95,0,3690,0
2020-06-15,Russia,NA,Penza Oblast,1331655,94,0,3784,0
2020-06-16,Russia,NA,Penza Oblast,1331655,92,0,3876,0
2020-06-17,Russia,NA,Penza Oblast,1331655,91,0,3967,0
2020-06-18,Russia,NA,Penza Oblast,1331655,70,0,4037,0
2020-06-19,Russia,NA,Penza Oblast,1331655,75,0,4112,0
2020-06-20,Russia,NA,Penza Oblast,1331655,73,0,4185,0
2020-06-21,Russia,NA,Penza Oblast,1331655,83,0,4268,0
2020-06-22,Russia,NA,Penza Oblast,1331655,73,0,4341,0
2020-06-23,Russia,NA,Penza Oblast,1331655,71,0,4412,0
2020-06-24,Russia,NA,Penza Oblast,1331655,72,0,4484,0
2020-06-25,Russia,NA,Penza Oblast,1331655,70,0,4554,0
2020-06-26,Russia,NA,Penza Oblast,1331655,71,0,4625,0
2020-06-27,Russia,NA,Penza Oblast,1331655,75,0,4700,0
2020-06-28,Russia,NA,Penza Oblast,1331655,80,0,4780,0
2020-06-29,Russia,NA,Penza Oblast,1331655,74,0,4854,0
2020-06-30,Russia,NA,Penza Oblast,1331655,77,0,4931,0
2020-07-01,Russia,NA,Penza Oblast,1331655,75,0,5006,0
2020-07-02,Russia,NA,Penza Oblast,1331655,73,0,5079,0
2020-07-03,Russia,NA,Penza Oblast,1331655,75,0,5154,0
2020-07-04,Russia,NA,Penza Oblast,1331655,75,0,5229,0
2020-07-05,Russia,NA,Penza Oblast,1331655,79,0,5308,0
2020-07-06,Russia,NA,Penza Oblast,1331655,71,0,5379,0
2020-07-07,Russia,NA,Penza Oblast,1331655,68,0,5447,0
2020-07-08,Russia,NA,Penza Oblast,1331655,72,0,5519,0
2020-07-09,Russia,NA,Penza Oblast,1331655,70,0,5589,0
2020-07-10,Russia,NA,Penza Oblast,1331655,35,0,5624,0
2020-07-11,Russia,NA,Penza Oblast,1331655,36,0,5660,0
2020-07-12,Russia,NA,Penza Oblast,1331655,34,0,5694,0
2020-07-13,Russia,NA,Penza Oblast,1331655,35,0,5729,0
2020-07-14,Russia,NA,Penza Oblast,1331655,35,0,5764,0
2020-07-15,Russia,NA,Penza Oblast,1331655,41,0,5805,0
2020-07-16,Russia,NA,Penza Oblast,1331655,39,0,5844,0
2020-07-17,Russia,NA,Penza Oblast,1331655,36,0,5880,0
2020-07-18,Russia,NA,Penza Oblast,1331655,35,0,5915,0
2020-07-19,Russia,NA,Penza Oblast,1331655,37,0,5952,0
2020-07-20,Russia,NA,Penza Oblast,1331655,37,0,5989,0
2020-07-21,Russia,NA,Penza Oblast,1331655,40,0,6029,0
2020-07-22,Russia,NA,Penza Oblast,1331655,41,0,6070,0
2020-07-23,Russia,NA,Penza Oblast,1331655,45,0,6115,0
2020-07-24,Russia,NA,Penza Oblast,1331655,44,0,6159,0
2020-07-25,Russia,NA,Penza Oblast,1331655,46,0,6205,0
2020-07-26,Russia,NA,Penza Oblast,1331655,42,0,6247,0
2020-07-27,Russia,NA,Penza Oblast,1331655,38,0,6285,0
2020-07-28,Russia,NA,Penza Oblast,1331655,40,0,6325,0
2020-07-29,Russia,NA,Penza Oblast,1331655,45,0,6370,0
2020-07-30,Russia,NA,Penza Oblast,1331655,43,0,6413,0
2020-07-31,Russia,NA,Penza Oblast,1331655,47,0,6460,0
2020-08-01,Russia,NA,Penza Oblast,1331655,46,0,6506,0
2020-08-02,Russia,NA,Penza Oblast,1331655,49,0,6594,82
2020-08-03,Russia,NA,Penza Oblast,1331655,51,1,6645,83
2020-08-04,Russia,NA,Penza Oblast,1331655,54,1,6699,84
2020-08-05,Russia,NA,Penza Oblast,1331655,50,1,6749,85
2020-08-06,Russia,NA,Penza Oblast,1331655,52,1,6801,86
2020-08-07,Russia,NA,Penza Oblast,1331655,54,1,6855,87
2020-08-08,Russia,NA,Penza Oblast,1331655,51,1,6906,88
2020-08-09,Russia,NA,Penza Oblast,1331655,48,1,6954,89
2020-08-10,Russia,NA,Penza Oblast,1331655,45,1,6999,90
2020-08-11,Russia,NA,Penza Oblast,1331655,49,1,7048,91
2020-08-12,Russia,NA,Penza Oblast,1331655,53,1,7101,92
2020-08-13,Russia,NA,Penza Oblast,1331655,55,1,7156,93
2020-08-14,Russia,NA,Penza Oblast,1331655,52,1,7208,94
2020-08-15,Russia,NA,Penza Oblast,1331655,49,1,7257,95
2020-08-16,Russia,NA,Penza Oblast,1331655,44,1,7301,96
2020-08-17,Russia,NA,Penza Oblast,1331655,47,1,7348,97
2020-08-18,Russia,NA,Penza Oblast,1331655,51,1,7399,98
2020-08-19,Russia,NA,Penza Oblast,1331655,49,1,7448,99
2020-08-20,Russia,NA,Penza Oblast,1331655,47,1,7495,100
2020-08-21,Russia,NA,Penza Oblast,1331655,45,1,7540,101
2020-08-22,Russia,NA,Penza Oblast,1331655,50,1,7590,102
2020-08-23,Russia,NA,Penza Oblast,1331655,48,0,7638,102
2020-08-24,Russia,NA,Penza Oblast,1331655,50,0,7688,102
2020-08-25,Russia,NA,Penza Oblast,1331655,54,1,7742,103
2020-08-26,Russia,NA,Penza Oblast,1331655,59,1,7801,104
2020-08-27,Russia,NA,Penza Oblast,1331655,62,1,7863,105
2020-08-28,Russia,NA,Penza Oblast,1331655,66,1,7929,106
2020-08-29,Russia,NA,Penza Oblast,1331655,65,1,7994,107
2020-08-30,Russia,NA,Penza Oblast,1331655,63,0,8057,107
2020-08-31,Russia,NA,Penza Oblast,1331655,68,0,8125,107
2020-04-15,Russia,NA,Perm Krai,2623122,27,0,114,0
2020-04-16,Russia,NA,Perm Krai,2623122,18,0,132,0
2020-04-17,Russia,NA,Perm Krai,2623122,12,0,144,0
2020-04-18,Russia,NA,Perm Krai,2623122,26,0,170,0
2020-04-19,Russia,NA,Perm Krai,2623122,28,0,198,0
2020-04-20,Russia,NA,Perm Krai,2623122,17,0,215,0
2020-04-21,Russia,NA,Perm Krai,2623122,22,0,237,0
2020-04-22,Russia,NA,Perm Krai,2623122,29,0,266,0
2020-04-23,Russia,NA,Perm Krai,2623122,21,0,287,0
2020-04-24,Russia,NA,Perm Krai,2623122,31,0,318,0
2020-04-25,Russia,NA,Perm Krai,2623122,55,0,373,0
2020-04-26,Russia,NA,Perm Krai,2623122,61,0,434,0
2020-04-27,Russia,NA,Perm Krai,2623122,20,0,454,0
2020-04-28,Russia,NA,Perm Krai,2623122,17,0,471,0
2020-04-29,Russia,NA,Perm Krai,2623122,10,0,481,0
2020-04-30,Russia,NA,Perm Krai,2623122,19,0,500,0
2020-05-01,Russia,NA,Perm Krai,2623122,24,0,524,0
2020-05-02,Russia,NA,Perm Krai,2623122,32,0,556,0
2020-05-03,Russia,NA,Perm Krai,2623122,39,0,595,0
2020-05-04,Russia,NA,Perm Krai,2623122,35,0,630,0
2020-05-05,Russia,NA,Perm Krai,2623122,18,0,648,0
2020-05-06,Russia,NA,Perm Krai,2623122,25,0,673,0
2020-05-07,Russia,NA,Perm Krai,2623122,26,0,699,0
2020-05-08,Russia,NA,Perm Krai,2623122,20,0,719,0
2020-05-09,Russia,NA,Perm Krai,2623122,16,0,735,0
2020-05-10,Russia,NA,Perm Krai,2623122,8,0,743,0
2020-05-11,Russia,NA,Perm Krai,2623122,10,0,753,0
2020-05-12,Russia,NA,Perm Krai,2623122,28,0,781,0
2020-05-13,Russia,NA,Perm Krai,2623122,48,0,829,0
2020-05-14,Russia,NA,Perm Krai,2623122,42,0,871,0
2020-05-15,Russia,NA,Perm Krai,2623122,50,0,921,0
2020-05-16,Russia,NA,Perm Krai,2623122,52,0,973,0
2020-05-17,Russia,NA,Perm Krai,2623122,51,0,1024,0
2020-05-18,Russia,NA,Perm Krai,2623122,49,0,1073,0
2020-05-19,Russia,NA,Perm Krai,2623122,52,0,1125,0
2020-05-20,Russia,NA,Perm Krai,2623122,53,0,1178,0
2020-05-21,Russia,NA,Perm Krai,2623122,48,0,1226,0
2020-05-22,Russia,NA,Perm Krai,2623122,51,0,1277,0
2020-05-23,Russia,NA,Perm Krai,2623122,47,0,1324,0
2020-05-24,Russia,NA,Perm Krai,2623122,43,0,1367,0
2020-05-25,Russia,NA,Perm Krai,2623122,43,0,1410,0
2020-05-26,Russia,NA,Perm Krai,2623122,41,0,1451,0
2020-05-27,Russia,NA,Perm Krai,2623122,44,0,1495,0
2020-05-28,Russia,NA,Perm Krai,2623122,44,0,1539,0
2020-05-29,Russia,NA,Perm Krai,2623122,47,0,1586,0
2020-05-30,Russia,NA,Perm Krai,2623122,70,0,1656,0
2020-05-31,Russia,NA,Perm Krai,2623122,57,0,1713,0
2020-06-01,Russia,NA,Perm Krai,2623122,69,0,1782,0
2020-06-02,Russia,NA,Perm Krai,2623122,57,0,1839,0
2020-06-03,Russia,NA,Perm Krai,2623122,72,0,1911,0
2020-06-04,Russia,NA,Perm Krai,2623122,51,0,1962,0
2020-06-05,Russia,NA,Perm Krai,2623122,49,0,2011,0
2020-06-06,Russia,NA,Perm Krai,2623122,56,0,2067,0
2020-06-07,Russia,NA,Perm Krai,2623122,68,0,2135,0
2020-06-08,Russia,NA,Perm Krai,2623122,67,0,2202,0
2020-06-09,Russia,NA,Perm Krai,2623122,65,0,2267,0
2020-06-10,Russia,NA,Perm Krai,2623122,93,0,2360,0
2020-06-11,Russia,NA,Perm Krai,2623122,74,0,2434,0
2020-06-12,Russia,NA,Perm Krai,2623122,72,0,2506,0
2020-06-13,Russia,NA,Perm Krai,2623122,74,0,2580,0
2020-06-14,Russia,NA,Perm Krai,2623122,107,0,2687,0
2020-06-15,Russia,NA,Perm Krai,2623122,68,0,2755,0
2020-06-16,Russia,NA,Perm Krai,2623122,50,0,2805,0
2020-06-17,Russia,NA,Perm Krai,2623122,67,0,2872,0
2020-06-18,Russia,NA,Perm Krai,2623122,65,0,2937,0
2020-06-19,Russia,NA,Perm Krai,2623122,64,0,3001,0
2020-06-20,Russia,NA,Perm Krai,2623122,68,0,3069,0
2020-06-21,Russia,NA,Perm Krai,2623122,67,0,3136,0
2020-06-22,Russia,NA,Perm Krai,2623122,66,0,3202,0
2020-06-23,Russia,NA,Perm Krai,2623122,64,0,3266,0
2020-06-24,Russia,NA,Perm Krai,2623122,89,0,3355,0
2020-06-25,Russia,NA,Perm Krai,2623122,61,0,3416,0
2020-06-26,Russia,NA,Perm Krai,2623122,58,0,3474,0
2020-06-27,Russia,NA,Perm Krai,2623122,55,0,3529,0
2020-06-28,Russia,NA,Perm Krai,2623122,52,0,3581,0
2020-06-29,Russia,NA,Perm Krai,2623122,56,0,3637,0
2020-06-30,Russia,NA,Perm Krai,2623122,54,0,3691,0
2020-07-01,Russia,NA,Perm Krai,2623122,52,0,3743,0
2020-07-02,Russia,NA,Perm Krai,2623122,58,0,3801,0
2020-07-03,Russia,NA,Perm Krai,2623122,56,0,3857,0
2020-07-04,Russia,NA,Perm Krai,2623122,54,0,3911,0
2020-07-05,Russia,NA,Perm Krai,2623122,53,0,3964,0
2020-07-06,Russia,NA,Perm Krai,2623122,53,0,4017,0
2020-07-07,Russia,NA,Perm Krai,2623122,52,0,4069,0
2020-07-08,Russia,NA,Perm Krai,2623122,86,0,4155,0
2020-07-09,Russia,NA,Perm Krai,2623122,70,0,4225,0
2020-07-10,Russia,NA,Perm Krai,2623122,57,0,4282,0
2020-07-11,Russia,NA,Perm Krai,2623122,60,0,4342,0
2020-07-12,Russia,NA,Perm Krai,2623122,61,0,4403,0
2020-07-13,Russia,NA,Perm Krai,2623122,71,0,4474,0
2020-07-14,Russia,NA,Perm Krai,2623122,69,0,4543,0
2020-07-15,Russia,NA,Perm Krai,2623122,75,0,4618,0
2020-07-16,Russia,NA,Perm Krai,2623122,87,0,4705,0
2020-07-17,Russia,NA,Perm Krai,2623122,98,0,4803,0
2020-07-18,Russia,NA,Perm Krai,2623122,90,0,4893,0
2020-07-19,Russia,NA,Perm Krai,2623122,89,0,4982,0
2020-07-20,Russia,NA,Perm Krai,2623122,87,0,5069,0
2020-07-21,Russia,NA,Perm Krai,2623122,73,0,5142,0
2020-07-22,Russia,NA,Perm Krai,2623122,69,0,5211,0
2020-07-23,Russia,NA,Perm Krai,2623122,72,0,5283,0
2020-07-24,Russia,NA,Perm Krai,2623122,71,0,5354,0
2020-07-25,Russia,NA,Perm Krai,2623122,75,0,5429,0
2020-07-26,Russia,NA,Perm Krai,2623122,73,0,5502,0
2020-07-27,Russia,NA,Perm Krai,2623122,76,0,5578,0
2020-07-28,Russia,NA,Perm Krai,2623122,73,0,5651,0
2020-07-29,Russia,NA,Perm Krai,2623122,71,0,5722,0
2020-07-30,Russia,NA,Perm Krai,2623122,72,0,5794,0
2020-07-31,Russia,NA,Perm Krai,2623122,70,0,5864,0
2020-08-01,Russia,NA,Perm Krai,2623122,69,0,5933,0
2020-08-02,Russia,NA,Perm Krai,2623122,85,0,6018,166
2020-08-03,Russia,NA,Perm Krai,2623122,70,0,6088,166
2020-08-04,Russia,NA,Perm Krai,2623122,71,1,6159,167
2020-08-05,Russia,NA,Perm Krai,2623122,68,2,6227,169
2020-08-06,Russia,NA,Perm Krai,2623122,69,4,6296,173
2020-08-07,Russia,NA,Perm Krai,2623122,72,2,6368,175
2020-08-08,Russia,NA,Perm Krai,2623122,68,0,6436,175
2020-08-09,Russia,NA,Perm Krai,2623122,69,0,6505,175
2020-08-10,Russia,NA,Perm Krai,2623122,67,0,6572,175
2020-08-11,Russia,NA,Perm Krai,2623122,65,2,6637,177
2020-08-12,Russia,NA,Perm Krai,2623122,68,2,6705,179
2020-08-13,Russia,NA,Perm Krai,2623122,72,3,6777,182
2020-08-14,Russia,NA,Perm Krai,2623122,70,0,6847,182
2020-08-15,Russia,NA,Perm Krai,2623122,68,2,6915,184
2020-08-16,Russia,NA,Perm Krai,2623122,67,2,6982,186
2020-08-17,Russia,NA,Perm Krai,2623122,65,2,7047,188
2020-08-18,Russia,NA,Perm Krai,2623122,64,2,7111,190
2020-08-19,Russia,NA,Perm Krai,2623122,61,2,7172,192
2020-08-20,Russia,NA,Perm Krai,2623122,62,2,7234,194
2020-08-21,Russia,NA,Perm Krai,2623122,58,2,7292,196
2020-08-22,Russia,NA,Perm Krai,2623122,57,1,7349,197
2020-08-23,Russia,NA,Perm Krai,2623122,60,1,7409,198
2020-08-24,Russia,NA,Perm Krai,2623122,59,1,7468,199
2020-08-25,Russia,NA,Perm Krai,2623122,55,3,7523,202
2020-08-26,Russia,NA,Perm Krai,2623122,57,1,7580,203
2020-08-27,Russia,NA,Perm Krai,2623122,58,3,7638,206
2020-08-28,Russia,NA,Perm Krai,2623122,59,3,7697,209
2020-08-29,Russia,NA,Perm Krai,2623122,56,2,7753,211
2020-08-30,Russia,NA,Perm Krai,2623122,58,2,7811,213
2020-08-31,Russia,NA,Perm Krai,2623122,55,2,7866,215
2020-04-21,Russia,NA,Primorsky Krai,1913037,7,0,104,0
2020-04-22,Russia,NA,Primorsky Krai,1913037,62,0,166,0
2020-04-23,Russia,NA,Primorsky Krai,1913037,19,0,185,0
2020-04-24,Russia,NA,Primorsky Krai,1913037,35,0,220,0
2020-04-25,Russia,NA,Primorsky Krai,1913037,34,0,254,0
2020-04-26,Russia,NA,Primorsky Krai,1913037,24,0,278,0
2020-04-27,Russia,NA,Primorsky Krai,1913037,24,0,302,0
2020-04-28,Russia,NA,Primorsky Krai,1913037,45,0,347,0
2020-04-29,Russia,NA,Primorsky Krai,1913037,20,0,367,0
2020-04-30,Russia,NA,Primorsky Krai,1913037,36,0,403,0
2020-05-01,Russia,NA,Primorsky Krai,1913037,27,0,430,0
2020-05-02,Russia,NA,Primorsky Krai,1913037,25,0,455,0
2020-05-03,Russia,NA,Primorsky Krai,1913037,39,0,494,0
2020-05-04,Russia,NA,Primorsky Krai,1913037,53,0,547,0
2020-05-05,Russia,NA,Primorsky Krai,1913037,88,0,635,0
2020-05-06,Russia,NA,Primorsky Krai,1913037,49,0,684,0
2020-05-07,Russia,NA,Primorsky Krai,1913037,43,0,727,0
2020-05-08,Russia,NA,Primorsky Krai,1913037,36,0,763,0
2020-05-09,Russia,NA,Primorsky Krai,1913037,45,0,808,0
2020-05-10,Russia,NA,Primorsky Krai,1913037,48,0,856,0
2020-05-11,Russia,NA,Primorsky Krai,1913037,51,0,907,0
2020-05-12,Russia,NA,Primorsky Krai,1913037,48,0,955,0
2020-05-13,Russia,NA,Primorsky Krai,1913037,53,0,1008,0
2020-05-14,Russia,NA,Primorsky Krai,1913037,49,0,1057,0
2020-05-15,Russia,NA,Primorsky Krai,1913037,53,0,1110,0
2020-05-16,Russia,NA,Primorsky Krai,1913037,87,0,1197,0
2020-05-17,Russia,NA,Primorsky Krai,1913037,71,0,1268,0
2020-05-18,Russia,NA,Primorsky Krai,1913037,71,0,1339,0
2020-05-19,Russia,NA,Primorsky Krai,1913037,63,0,1402,0
2020-05-20,Russia,NA,Primorsky Krai,1913037,44,0,1446,0
2020-05-21,Russia,NA,Primorsky Krai,1913037,49,0,1495,0
2020-05-22,Russia,NA,Primorsky Krai,1913037,47,0,1542,0
2020-05-23,Russia,NA,Primorsky Krai,1913037,53,0,1595,0
2020-05-24,Russia,NA,Primorsky Krai,1913037,51,0,1646,0
2020-05-25,Russia,NA,Primorsky Krai,1913037,49,0,1695,0
2020-05-26,Russia,NA,Primorsky Krai,1913037,40,0,1735,0
2020-05-27,Russia,NA,Primorsky Krai,1913037,44,0,1779,0
2020-05-28,Russia,NA,Primorsky Krai,1913037,57,0,1836,0
2020-05-29,Russia,NA,Primorsky Krai,1913037,57,0,1893,0
2020-05-30,Russia,NA,Primorsky Krai,1913037,50,0,1943,0
2020-05-31,Russia,NA,Primorsky Krai,1913037,52,0,1995,0
2020-06-01,Russia,NA,Primorsky Krai,1913037,54,0,2049,0
2020-06-02,Russia,NA,Primorsky Krai,1913037,54,0,2103,0
2020-06-03,Russia,NA,Primorsky Krai,1913037,52,0,2155,0
2020-06-04,Russia,NA,Primorsky Krai,1913037,56,0,2211,0
2020-06-05,Russia,NA,Primorsky Krai,1913037,51,0,2262,0
2020-06-06,Russia,NA,Primorsky Krai,1913037,51,0,2313,0
2020-06-07,Russia,NA,Primorsky Krai,1913037,62,0,2375,0
2020-06-08,Russia,NA,Primorsky Krai,1913037,67,0,2442,0
2020-06-09,Russia,NA,Primorsky Krai,1913037,58,0,2500,0
2020-06-10,Russia,NA,Primorsky Krai,1913037,52,0,2552,0
2020-06-11,Russia,NA,Primorsky Krai,1913037,57,0,2609,0
2020-06-12,Russia,NA,Primorsky Krai,1913037,93,0,2702,0
2020-06-13,Russia,NA,Primorsky Krai,1913037,85,0,2787,0
2020-06-14,Russia,NA,Primorsky Krai,1913037,99,0,2886,0
2020-06-15,Russia,NA,Primorsky Krai,1913037,91,0,2977,0
2020-06-16,Russia,NA,Primorsky Krai,1913037,88,0,3065,0
2020-06-17,Russia,NA,Primorsky Krai,1913037,104,0,3169,0
2020-06-18,Russia,NA,Primorsky Krai,1913037,101,0,3270,0
2020-06-19,Russia,NA,Primorsky Krai,1913037,103,0,3373,0
2020-06-20,Russia,NA,Primorsky Krai,1913037,91,0,3464,0
2020-06-21,Russia,NA,Primorsky Krai,1913037,89,0,3553,0
2020-06-22,Russia,NA,Primorsky Krai,1913037,90,0,3643,0
2020-06-23,Russia,NA,Primorsky Krai,1913037,85,0,3728,0
2020-06-24,Russia,NA,Primorsky Krai,1913037,83,0,3811,0
2020-06-25,Russia,NA,Primorsky Krai,1913037,84,0,3895,0
2020-06-26,Russia,NA,Primorsky Krai,1913037,85,0,3980,0
2020-06-27,Russia,NA,Primorsky Krai,1913037,83,0,4063,0
2020-06-28,Russia,NA,Primorsky Krai,1913037,81,0,4144,0
2020-06-29,Russia,NA,Primorsky Krai,1913037,82,0,4226,0
2020-06-30,Russia,NA,Primorsky Krai,1913037,80,0,4306,0
2020-07-01,Russia,NA,Primorsky Krai,1913037,77,0,4383,0
2020-07-02,Russia,NA,Primorsky Krai,1913037,75,0,4458,0
2020-07-03,Russia,NA,Primorsky Krai,1913037,75,0,4533,0
2020-07-04,Russia,NA,Primorsky Krai,1913037,69,0,4602,0
2020-07-05,Russia,NA,Primorsky Krai,1913037,65,0,4667,0
2020-07-06,Russia,NA,Primorsky Krai,1913037,65,0,4732,0
2020-07-07,Russia,NA,Primorsky Krai,1913037,60,0,4792,0
2020-07-08,Russia,NA,Primorsky Krai,1913037,57,0,4849,0
2020-07-09,Russia,NA,Primorsky Krai,1913037,55,0,4904,0
2020-07-10,Russia,NA,Primorsky Krai,1913037,55,0,4959,0
2020-07-11,Russia,NA,Primorsky Krai,1913037,51,0,5010,0
2020-07-12,Russia,NA,Primorsky Krai,1913037,54,0,5064,0
2020-07-13,Russia,NA,Primorsky Krai,1913037,54,0,5118,0
2020-07-14,Russia,NA,Primorsky Krai,1913037,56,0,5174,0
2020-07-15,Russia,NA,Primorsky Krai,1913037,62,0,5236,0
2020-07-16,Russia,NA,Primorsky Krai,1913037,69,0,5305,0
2020-07-17,Russia,NA,Primorsky Krai,1913037,75,0,5380,0
2020-07-18,Russia,NA,Primorsky Krai,1913037,80,0,5460,0
2020-07-19,Russia,NA,Primorsky Krai,1913037,88,0,5548,0
2020-07-20,Russia,NA,Primorsky Krai,1913037,92,0,5640,0
2020-07-21,Russia,NA,Primorsky Krai,1913037,94,0,5734,0
2020-07-22,Russia,NA,Primorsky Krai,1913037,104,0,5838,0
2020-07-23,Russia,NA,Primorsky Krai,1913037,110,0,5948,0
2020-07-24,Russia,NA,Primorsky Krai,1913037,112,0,6060,0
2020-07-25,Russia,NA,Primorsky Krai,1913037,110,0,6170,0
2020-07-26,Russia,NA,Primorsky Krai,1913037,111,0,6281,0
2020-07-27,Russia,NA,Primorsky Krai,1913037,109,0,6390,0
2020-07-28,Russia,NA,Primorsky Krai,1913037,110,0,6500,0
2020-07-29,Russia,NA,Primorsky Krai,1913037,108,0,6608,0
2020-07-30,Russia,NA,Primorsky Krai,1913037,104,0,6712,0
2020-07-31,Russia,NA,Primorsky Krai,1913037,104,0,6816,0
2020-08-01,Russia,NA,Primorsky Krai,1913037,102,0,6918,0
2020-08-02,Russia,NA,Primorsky Krai,1913037,101,0,7019,84
2020-08-03,Russia,NA,Primorsky Krai,1913037,98,3,7117,87
2020-08-04,Russia,NA,Primorsky Krai,1913037,99,0,7216,87
2020-08-05,Russia,NA,Primorsky Krai,1913037,100,0,7316,87
2020-08-06,Russia,NA,Primorsky Krai,1913037,98,1,7414,88
2020-08-07,Russia,NA,Primorsky Krai,1913037,96,2,7510,90
2020-08-08,Russia,NA,Primorsky Krai,1913037,97,0,7607,90
2020-08-09,Russia,NA,Primorsky Krai,1913037,96,0,7703,90
2020-08-10,Russia,NA,Primorsky Krai,1913037,94,2,7797,92
2020-08-11,Russia,NA,Primorsky Krai,1913037,93,2,7890,94
2020-08-12,Russia,NA,Primorsky Krai,1913037,91,1,7981,95
2020-08-13,Russia,NA,Primorsky Krai,1913037,92,1,8073,96
2020-08-14,Russia,NA,Primorsky Krai,1913037,91,0,8164,96
2020-08-15,Russia,NA,Primorsky Krai,1913037,93,0,8257,96
2020-08-16,Russia,NA,Primorsky Krai,1913037,91,1,8348,97
2020-08-17,Russia,NA,Primorsky Krai,1913037,90,1,8438,98
2020-08-18,Russia,NA,Primorsky Krai,1913037,89,1,8527,99
2020-08-19,Russia,NA,Primorsky Krai,1913037,89,0,8616,99
2020-08-20,Russia,NA,Primorsky Krai,1913037,87,0,8703,99
2020-08-21,Russia,NA,Primorsky Krai,1913037,86,0,8789,99
2020-08-22,Russia,NA,Primorsky Krai,1913037,86,0,8875,99
2020-08-23,Russia,NA,Primorsky Krai,1913037,84,1,8959,100
2020-08-24,Russia,NA,Primorsky Krai,1913037,83,0,9042,100
2020-08-25,Russia,NA,Primorsky Krai,1913037,81,1,9123,101
2020-08-26,Russia,NA,Primorsky Krai,1913037,79,0,9202,101
2020-08-27,Russia,NA,Primorsky Krai,1913037,82,0,9284,101
2020-08-28,Russia,NA,Primorsky Krai,1913037,80,0,9364,101
2020-08-29,Russia,NA,Primorsky Krai,1913037,78,2,9442,103
2020-08-30,Russia,NA,Primorsky Krai,1913037,82,0,9524,103
2020-08-31,Russia,NA,Primorsky Krai,1913037,79,0,9603,103
2020-04-26,Russia,NA,Pskov Oblast,636546,17,0,110,0
2020-04-27,Russia,NA,Pskov Oblast,636546,14,0,124,0
2020-04-28,Russia,NA,Pskov Oblast,636546,4,0,128,0
2020-04-29,Russia,NA,Pskov Oblast,636546,14,0,142,0
2020-04-30,Russia,NA,Pskov Oblast,636546,7,0,149,0
2020-05-01,Russia,NA,Pskov Oblast,636546,4,0,153,0
2020-05-02,Russia,NA,Pskov Oblast,636546,24,0,177,0
2020-05-03,Russia,NA,Pskov Oblast,636546,18,0,195,0
2020-05-04,Russia,NA,Pskov Oblast,636546,1,0,196,0
2020-05-05,Russia,NA,Pskov Oblast,636546,18,0,214,0
2020-05-06,Russia,NA,Pskov Oblast,636546,12,0,226,0
2020-05-07,Russia,NA,Pskov Oblast,636546,17,0,243,0
2020-05-08,Russia,NA,Pskov Oblast,636546,27,0,270,0
2020-05-09,Russia,NA,Pskov Oblast,636546,7,0,277,0
2020-05-10,Russia,NA,Pskov Oblast,636546,16,0,293,0
2020-05-11,Russia,NA,Pskov Oblast,636546,15,0,308,0
2020-05-12,Russia,NA,Pskov Oblast,636546,20,0,328,0
2020-05-13,Russia,NA,Pskov Oblast,636546,11,0,339,0
2020-05-14,Russia,NA,Pskov Oblast,636546,12,0,351,0
2020-05-15,Russia,NA,Pskov Oblast,636546,16,0,367,0
2020-05-16,Russia,NA,Pskov Oblast,636546,19,0,386,0
2020-05-17,Russia,NA,Pskov Oblast,636546,19,0,405,0
2020-05-18,Russia,NA,Pskov Oblast,636546,19,0,424,0
2020-05-19,Russia,NA,Pskov Oblast,636546,27,0,451,0
2020-05-20,Russia,NA,Pskov Oblast,636546,10,0,461,0
2020-05-21,Russia,NA,Pskov Oblast,636546,33,0,494,0
2020-05-22,Russia,NA,Pskov Oblast,636546,19,0,513,0
2020-05-23,Russia,NA,Pskov Oblast,636546,30,0,543,0
2020-05-24,Russia,NA,Pskov Oblast,636546,23,0,566,0
2020-05-25,Russia,NA,Pskov Oblast,636546,26,0,592,0
2020-05-26,Russia,NA,Pskov Oblast,636546,16,0,608,0
2020-05-27,Russia,NA,Pskov Oblast,636546,21,0,629,0
2020-05-28,Russia,NA,Pskov Oblast,636546,42,0,671,0
2020-05-29,Russia,NA,Pskov Oblast,636546,52,0,723,0
2020-05-30,Russia,NA,Pskov Oblast,636546,42,0,765,0
2020-05-31,Russia,NA,Pskov Oblast,636546,59,0,824,0
2020-06-01,Russia,NA,Pskov Oblast,636546,63,0,887,0
2020-06-02,Russia,NA,Pskov Oblast,636546,23,0,910,0
2020-06-03,Russia,NA,Pskov Oblast,636546,44,0,954,0
2020-06-04,Russia,NA,Pskov Oblast,636546,112,0,1066,0
2020-06-05,Russia,NA,Pskov Oblast,636546,65,0,1131,0
2020-06-06,Russia,NA,Pskov Oblast,636546,32,0,1163,0
2020-06-07,Russia,NA,Pskov Oblast,636546,69,0,1232,0
2020-06-08,Russia,NA,Pskov Oblast,636546,37,0,1269,0
2020-06-09,Russia,NA,Pskov Oblast,636546,37,0,1306,0
2020-06-10,Russia,NA,Pskov Oblast,636546,60,0,1366,0
2020-06-11,Russia,NA,Pskov Oblast,636546,59,0,1425,0
2020-06-12,Russia,NA,Pskov Oblast,636546,110,0,1535,0
2020-06-13,Russia,NA,Pskov Oblast,636546,100,0,1635,0
2020-06-14,Russia,NA,Pskov Oblast,636546,105,0,1740,0
2020-06-15,Russia,NA,Pskov Oblast,636546,98,0,1838,0
2020-06-16,Russia,NA,Pskov Oblast,636546,63,0,1901,0
2020-06-17,Russia,NA,Pskov Oblast,636546,95,0,1996,0
2020-06-18,Russia,NA,Pskov Oblast,636546,51,0,2047,0
2020-06-19,Russia,NA,Pskov Oblast,636546,41,0,2088,0
2020-06-20,Russia,NA,Pskov Oblast,636546,95,0,2183,0
2020-06-21,Russia,NA,Pskov Oblast,636546,95,0,2278,0
2020-06-22,Russia,NA,Pskov Oblast,636546,75,0,2353,0
2020-06-23,Russia,NA,Pskov Oblast,636546,61,0,2414,0
2020-06-24,Russia,NA,Pskov Oblast,636546,44,0,2458,0
2020-06-25,Russia,NA,Pskov Oblast,636546,69,0,2527,0
2020-06-26,Russia,NA,Pskov Oblast,636546,37,0,2564,0
2020-06-27,Russia,NA,Pskov Oblast,636546,45,0,2609,0
2020-06-28,Russia,NA,Pskov Oblast,636546,58,0,2667,0
2020-06-29,Russia,NA,Pskov Oblast,636546,55,0,2722,0
2020-06-30,Russia,NA,Pskov Oblast,636546,35,0,2757,0
2020-07-01,Russia,NA,Pskov Oblast,636546,73,0,2830,0
2020-07-02,Russia,NA,Pskov Oblast,636546,45,0,2875,0
2020-07-03,Russia,NA,Pskov Oblast,636546,57,0,2932,0
2020-07-04,Russia,NA,Pskov Oblast,636546,35,0,2967,0
2020-07-05,Russia,NA,Pskov Oblast,636546,51,0,3018,0
2020-07-06,Russia,NA,Pskov Oblast,636546,26,0,3044,0
2020-07-07,Russia,NA,Pskov Oblast,636546,38,0,3082,0
2020-07-08,Russia,NA,Pskov Oblast,636546,27,0,3109,0
2020-07-09,Russia,NA,Pskov Oblast,636546,28,0,3137,0
2020-07-10,Russia,NA,Pskov Oblast,636546,35,0,3172,0
2020-07-11,Russia,NA,Pskov Oblast,636546,26,0,3198,0
2020-07-12,Russia,NA,Pskov Oblast,636546,16,0,3214,0
2020-07-13,Russia,NA,Pskov Oblast,636546,31,0,3245,0
2020-07-14,Russia,NA,Pskov Oblast,636546,12,0,3257,0
2020-07-15,Russia,NA,Pskov Oblast,636546,34,0,3291,0
2020-07-16,Russia,NA,Pskov Oblast,636546,36,0,3327,0
2020-07-17,Russia,NA,Pskov Oblast,636546,27,0,3354,0
2020-07-18,Russia,NA,Pskov Oblast,636546,18,0,3372,0
2020-07-19,Russia,NA,Pskov Oblast,636546,30,0,3402,0
2020-07-20,Russia,NA,Pskov Oblast,636546,19,0,3421,0
2020-07-21,Russia,NA,Pskov Oblast,636546,16,0,3437,0
2020-07-22,Russia,NA,Pskov Oblast,636546,17,0,3454,0
2020-07-23,Russia,NA,Pskov Oblast,636546,32,0,3486,0
2020-07-24,Russia,NA,Pskov Oblast,636546,48,0,3534,0
2020-07-25,Russia,NA,Pskov Oblast,636546,20,0,3554,0
2020-07-26,Russia,NA,Pskov Oblast,636546,28,0,3582,0
2020-07-27,Russia,NA,Pskov Oblast,636546,36,0,3618,0
2020-07-28,Russia,NA,Pskov Oblast,636546,15,0,3633,0
2020-07-29,Russia,NA,Pskov Oblast,636546,13,0,3646,0
2020-07-30,Russia,NA,Pskov Oblast,636546,40,0,3686,0
2020-07-31,Russia,NA,Pskov Oblast,636546,42,0,3728,0
2020-08-01,Russia,NA,Pskov Oblast,636546,33,0,3761,0
2020-08-02,Russia,NA,Pskov Oblast,636546,36,0,3797,54
2020-08-03,Russia,NA,Pskov Oblast,636546,37,0,3834,54
2020-08-04,Russia,NA,Pskov Oblast,636546,1,1,3835,55
2020-08-05,Russia,NA,Pskov Oblast,636546,4,0,3839,55
2020-08-06,Russia,NA,Pskov Oblast,636546,30,0,3869,55
2020-08-07,Russia,NA,Pskov Oblast,636546,20,0,3889,55
2020-08-08,Russia,NA,Pskov Oblast,636546,19,2,3908,57
2020-08-09,Russia,NA,Pskov Oblast,636546,20,0,3928,57
2020-08-10,Russia,NA,Pskov Oblast,636546,33,0,3961,57
2020-08-11,Russia,NA,Pskov Oblast,636546,21,1,3982,58
2020-08-12,Russia,NA,Pskov Oblast,636546,19,0,4001,58
2020-08-13,Russia,NA,Pskov Oblast,636546,37,0,4038,58
2020-08-14,Russia,NA,Pskov Oblast,636546,32,1,4070,59
2020-08-15,Russia,NA,Pskov Oblast,636546,39,0,4109,59
2020-08-16,Russia,NA,Pskov Oblast,636546,34,0,4143,59
2020-08-17,Russia,NA,Pskov Oblast,636546,47,0,4190,59
2020-08-18,Russia,NA,Pskov Oblast,636546,25,1,4215,60
2020-08-19,Russia,NA,Pskov Oblast,636546,27,0,4242,60
2020-08-20,Russia,NA,Pskov Oblast,636546,37,0,4279,60
2020-08-21,Russia,NA,Pskov Oblast,636546,35,1,4314,61
2020-08-22,Russia,NA,Pskov Oblast,636546,36,0,4350,61
2020-08-23,Russia,NA,Pskov Oblast,636546,34,0,4384,61
2020-08-24,Russia,NA,Pskov Oblast,636546,50,0,4434,61
2020-08-25,Russia,NA,Pskov Oblast,636546,24,0,4458,61
2020-08-26,Russia,NA,Pskov Oblast,636546,41,0,4499,61
2020-08-27,Russia,NA,Pskov Oblast,636546,28,1,4527,62
2020-08-28,Russia,NA,Pskov Oblast,636546,30,0,4557,62
2020-08-29,Russia,NA,Pskov Oblast,636546,24,0,4581,62
2020-08-30,Russia,NA,Pskov Oblast,636546,22,3,4603,65
2020-08-31,Russia,NA,Pskov Oblast,636546,32,0,4635,65
2020-05-03,Russia,NA,Republic of Crimea,1957801,4,0,104,0
2020-05-04,Russia,NA,Republic of Crimea,1957801,1,0,105,0
2020-05-05,Russia,NA,Republic of Crimea,1957801,6,0,111,0
2020-05-06,Russia,NA,Republic of Crimea,1957801,17,0,128,0
2020-05-07,Russia,NA,Republic of Crimea,1957801,32,0,160,0
2020-05-08,Russia,NA,Republic of Crimea,1957801,8,0,168,0
2020-05-09,Russia,NA,Republic of Crimea,1957801,9,0,177,0
2020-05-10,Russia,NA,Republic of Crimea,1957801,12,0,189,0
2020-05-11,Russia,NA,Republic of Crimea,1957801,4,0,193,0
2020-05-12,Russia,NA,Republic of Crimea,1957801,9,0,202,0
2020-05-13,Russia,NA,Republic of Crimea,1957801,7,0,209,0
2020-05-14,Russia,NA,Republic of Crimea,1957801,30,0,239,0
2020-05-15,Russia,NA,Republic of Crimea,1957801,6,0,245,0
2020-05-16,Russia,NA,Republic of Crimea,1957801,13,0,258,0
2020-05-17,Russia,NA,Republic of Crimea,1957801,14,0,272,0
2020-05-18,Russia,NA,Republic of Crimea,1957801,9,0,281,0
2020-05-19,Russia,NA,Republic of Crimea,1957801,13,0,294,0
2020-05-20,Russia,NA,Republic of Crimea,1957801,4,0,298,0
2020-05-21,Russia,NA,Republic of Crimea,1957801,1,0,299,0
2020-05-22,Russia,NA,Republic of Crimea,1957801,15,0,314,0
2020-05-23,Russia,NA,Republic of Crimea,1957801,10,0,324,0
2020-05-24,Russia,NA,Republic of Crimea,1957801,2,0,326,0
2020-05-25,Russia,NA,Republic of Crimea,1957801,14,0,340,0
2020-05-26,Russia,NA,Republic of Crimea,1957801,6,0,346,0
2020-05-27,Russia,NA,Republic of Crimea,1957801,3,0,349,0
2020-05-28,Russia,NA,Republic of Crimea,1957801,6,0,355,0
2020-05-29,Russia,NA,Republic of Crimea,1957801,6,0,361,0
2020-05-30,Russia,NA,Republic of Crimea,1957801,8,0,369,0
2020-05-31,Russia,NA,Republic of Crimea,1957801,6,0,375,0
2020-06-01,Russia,NA,Republic of Crimea,1957801,10,0,385,0
2020-06-02,Russia,NA,Republic of Crimea,1957801,2,0,387,0
2020-06-03,Russia,NA,Republic of Crimea,1957801,5,0,392,0
2020-06-04,Russia,NA,Republic of Crimea,1957801,7,0,399,0
2020-06-05,Russia,NA,Republic of Crimea,1957801,6,0,405,0
2020-06-06,Russia,NA,Republic of Crimea,1957801,8,0,413,0
2020-06-07,Russia,NA,Republic of Crimea,1957801,11,0,424,0
2020-06-08,Russia,NA,Republic of Crimea,1957801,14,0,438,0
2020-06-09,Russia,NA,Republic of Crimea,1957801,8,0,446,0
2020-06-10,Russia,NA,Republic of Crimea,1957801,11,0,457,0
2020-06-11,Russia,NA,Republic of Crimea,1957801,1,0,458,0
2020-06-12,Russia,NA,Republic of Crimea,1957801,25,0,483,0
2020-06-13,Russia,NA,Republic of Crimea,1957801,7,0,490,0
2020-06-14,Russia,NA,Republic of Crimea,1957801,22,0,512,0
2020-06-15,Russia,NA,Republic of Crimea,1957801,27,0,539,0
2020-06-16,Russia,NA,Republic of Crimea,1957801,7,0,546,0
2020-06-17,Russia,NA,Republic of Crimea,1957801,15,0,561,0
2020-06-18,Russia,NA,Republic of Crimea,1957801,14,0,575,0
2020-06-20,Russia,NA,Republic of Crimea,1957801,15,0,590,0
2020-06-21,Russia,NA,Republic of Crimea,1957801,5,0,595,0
2020-06-22,Russia,NA,Republic of Crimea,1957801,13,0,608,0
2020-06-23,Russia,NA,Republic of Crimea,1957801,5,0,613,0
2020-06-24,Russia,NA,Republic of Crimea,1957801,10,0,623,0
2020-06-25,Russia,NA,Republic of Crimea,1957801,8,0,631,0
2020-06-26,Russia,NA,Republic of Crimea,1957801,7,0,638,0
2020-06-27,Russia,NA,Republic of Crimea,1957801,6,0,644,0
2020-06-28,Russia,NA,Republic of Crimea,1957801,2,0,646,0
2020-06-29,Russia,NA,Republic of Crimea,1957801,35,0,681,0
2020-06-30,Russia,NA,Republic of Crimea,1957801,4,0,685,0
2020-07-01,Russia,NA,Republic of Crimea,1957801,6,0,691,0
2020-07-02,Russia,NA,Republic of Crimea,1957801,7,0,698,0
2020-07-03,Russia,NA,Republic of Crimea,1957801,8,0,706,0
2020-07-04,Russia,NA,Republic of Crimea,1957801,6,0,712,0
2020-07-05,Russia,NA,Republic of Crimea,1957801,11,0,723,0
2020-07-06,Russia,NA,Republic of Crimea,1957801,38,0,761,0
2020-07-08,Russia,NA,Republic of Crimea,1957801,28,0,789,0
2020-07-09,Russia,NA,Republic of Crimea,1957801,15,0,804,0
2020-07-10,Russia,NA,Republic of Crimea,1957801,11,0,815,0
2020-07-11,Russia,NA,Republic of Crimea,1957801,16,0,831,0
2020-07-12,Russia,NA,Republic of Crimea,1957801,24,0,855,0
2020-07-13,Russia,NA,Republic of Crimea,1957801,16,0,871,0
2020-07-14,Russia,NA,Republic of Crimea,1957801,7,0,878,0
2020-07-15,Russia,NA,Republic of Crimea,1957801,11,0,889,0
2020-07-16,Russia,NA,Republic of Crimea,1957801,11,0,900,0
2020-07-17,Russia,NA,Republic of Crimea,1957801,17,0,917,0
2020-07-18,Russia,NA,Republic of Crimea,1957801,14,0,931,0
2020-07-19,Russia,NA,Republic of Crimea,1957801,12,0,943,0
2020-07-20,Russia,NA,Republic of Crimea,1957801,26,0,969,0
2020-07-21,Russia,NA,Republic of Crimea,1957801,14,0,983,0
2020-07-22,Russia,NA,Republic of Crimea,1957801,11,0,994,0
2020-07-23,Russia,NA,Republic of Crimea,1957801,18,0,1012,0
2020-07-24,Russia,NA,Republic of Crimea,1957801,26,0,1038,0
2020-07-25,Russia,NA,Republic of Crimea,1957801,18,0,1056,0
2020-07-26,Russia,NA,Republic of Crimea,1957801,21,0,1077,0
2020-07-27,Russia,NA,Republic of Crimea,1957801,27,0,1104,0
2020-07-28,Russia,NA,Republic of Crimea,1957801,12,0,1116,0
2020-07-29,Russia,NA,Republic of Crimea,1957801,23,0,1139,0
2020-07-30,Russia,NA,Republic of Crimea,1957801,24,0,1163,0
2020-07-31,Russia,NA,Republic of Crimea,1957801,13,0,1176,0
2020-08-01,Russia,NA,Republic of Crimea,1957801,28,0,1204,0
2020-08-02,Russia,NA,Republic of Crimea,1957801,37,0,1241,0
2020-05-06,Russia,NA,Republic of Karelia,622484,12,0,103,0
2020-05-07,Russia,NA,Republic of Karelia,622484,9,0,112,0
2020-05-08,Russia,NA,Republic of Karelia,622484,13,0,125,0
2020-05-09,Russia,NA,Republic of Karelia,622484,3,0,128,0
2020-05-10,Russia,NA,Republic of Karelia,622484,20,0,148,0
2020-05-11,Russia,NA,Republic of Karelia,622484,12,0,160,0
2020-05-12,Russia,NA,Republic of Karelia,622484,11,0,171,0
2020-05-13,Russia,NA,Republic of Karelia,622484,5,0,176,0
2020-05-14,Russia,NA,Republic of Karelia,622484,12,0,188,0
2020-05-15,Russia,NA,Republic of Karelia,622484,6,0,194,0
2020-05-16,Russia,NA,Republic of Karelia,622484,8,0,202,0
2020-05-17,Russia,NA,Republic of Karelia,622484,13,0,215,0
2020-05-18,Russia,NA,Republic of Karelia,622484,10,0,225,0
2020-05-19,Russia,NA,Republic of Karelia,622484,8,0,233,0
2020-05-20,Russia,NA,Republic of Karelia,622484,8,0,241,0
2020-05-21,Russia,NA,Republic of Karelia,622484,19,0,260,0
2020-05-22,Russia,NA,Republic of Karelia,622484,8,0,268,0
2020-05-23,Russia,NA,Republic of Karelia,622484,16,0,284,0
2020-05-24,Russia,NA,Republic of Karelia,622484,16,0,300,0
2020-05-25,Russia,NA,Republic of Karelia,622484,16,0,316,0
2020-05-26,Russia,NA,Republic of Karelia,622484,15,0,331,0
2020-05-27,Russia,NA,Republic of Karelia,622484,22,0,353,0
2020-05-28,Russia,NA,Republic of Karelia,622484,18,0,371,0
2020-05-29,Russia,NA,Republic of Karelia,622484,11,0,382,0
2020-05-30,Russia,NA,Republic of Karelia,622484,25,0,407,0
2020-05-31,Russia,NA,Republic of Karelia,622484,23,0,430,0
2020-06-01,Russia,NA,Republic of Karelia,622484,15,0,445,0
2020-06-02,Russia,NA,Republic of Karelia,622484,8,0,453,0
2020-06-03,Russia,NA,Republic of Karelia,622484,43,0,496,0
2020-06-04,Russia,NA,Republic of Karelia,622484,24,0,520,0
2020-06-05,Russia,NA,Republic of Karelia,622484,28,0,548,0
2020-06-06,Russia,NA,Republic of Karelia,622484,25,0,573,0
2020-06-07,Russia,NA,Republic of Karelia,622484,41,0,614,0
2020-06-08,Russia,NA,Republic of Karelia,622484,19,0,633,0
2020-06-09,Russia,NA,Republic of Karelia,622484,23,0,656,0
2020-06-10,Russia,NA,Republic of Karelia,622484,20,0,676,0
2020-06-11,Russia,NA,Republic of Karelia,622484,9,0,685,0
2020-06-12,Russia,NA,Republic of Karelia,622484,17,0,702,0
2020-06-13,Russia,NA,Republic of Karelia,622484,30,0,732,0
2020-06-14,Russia,NA,Republic of Karelia,622484,52,0,784,0
2020-06-15,Russia,NA,Republic of Karelia,622484,18,0,802,0
2020-06-16,Russia,NA,Republic of Karelia,622484,7,0,809,0
2020-06-17,Russia,NA,Republic of Karelia,622484,60,0,869,0
2020-06-18,Russia,NA,Republic of Karelia,622484,43,0,912,0
2020-06-19,Russia,NA,Republic of Karelia,622484,22,0,934,0
2020-06-20,Russia,NA,Republic of Karelia,622484,26,0,960,0
2020-06-21,Russia,NA,Republic of Karelia,622484,31,0,991,0
2020-06-22,Russia,NA,Republic of Karelia,622484,34,0,1025,0
2020-06-23,Russia,NA,Republic of Karelia,622484,18,0,1043,0
2020-06-24,Russia,NA,Republic of Karelia,622484,31,0,1074,0
2020-06-25,Russia,NA,Republic of Karelia,622484,35,0,1109,0
2020-06-26,Russia,NA,Republic of Karelia,622484,24,0,1133,0
2020-06-27,Russia,NA,Republic of Karelia,622484,44,0,1177,0
2020-06-28,Russia,NA,Republic of Karelia,622484,59,0,1236,0
2020-06-29,Russia,NA,Republic of Karelia,622484,30,0,1266,0
2020-06-30,Russia,NA,Republic of Karelia,622484,28,0,1294,0
2020-07-01,Russia,NA,Republic of Karelia,622484,43,0,1337,0
2020-07-02,Russia,NA,Republic of Karelia,622484,41,0,1378,0
2020-07-03,Russia,NA,Republic of Karelia,622484,30,0,1408,0
2020-07-04,Russia,NA,Republic of Karelia,622484,43,0,1451,0
2020-07-05,Russia,NA,Republic of Karelia,622484,48,0,1499,0
2020-07-06,Russia,NA,Republic of Karelia,622484,15,0,1514,0
2020-07-07,Russia,NA,Republic of Karelia,622484,17,0,1531,0
2020-07-08,Russia,NA,Republic of Karelia,622484,50,0,1581,0
2020-07-09,Russia,NA,Republic of Karelia,622484,42,0,1623,0
2020-07-10,Russia,NA,Republic of Karelia,622484,33,0,1656,0
2020-07-11,Russia,NA,Republic of Karelia,622484,28,0,1684,0
2020-07-12,Russia,NA,Republic of Karelia,622484,39,0,1723,0
2020-07-13,Russia,NA,Republic of Karelia,622484,15,0,1738,0
2020-07-14,Russia,NA,Republic of Karelia,622484,9,0,1747,0
2020-07-15,Russia,NA,Republic of Karelia,622484,45,0,1792,0
2020-07-16,Russia,NA,Republic of Karelia,622484,13,0,1805,0
2020-07-17,Russia,NA,Republic of Karelia,622484,47,0,1852,0
2020-07-18,Russia,NA,Republic of Karelia,622484,30,0,1882,0
2020-07-19,Russia,NA,Republic of Karelia,622484,39,0,1921,0
2020-07-20,Russia,NA,Republic of Karelia,622484,19,0,1940,0
2020-07-21,Russia,NA,Republic of Karelia,622484,13,0,1953,0
2020-07-22,Russia,NA,Republic of Karelia,622484,41,0,1994,0
2020-07-23,Russia,NA,Republic of Karelia,622484,45,0,2039,0
2020-07-24,Russia,NA,Republic of Karelia,622484,28,0,2067,0
2020-07-25,Russia,NA,Republic of Karelia,622484,42,0,2109,0
2020-07-26,Russia,NA,Republic of Karelia,622484,42,0,2151,0
2020-07-27,Russia,NA,Republic of Karelia,622484,19,0,2170,0
2020-07-28,Russia,NA,Republic of Karelia,622484,9,0,2179,0
2020-07-29,Russia,NA,Republic of Karelia,622484,32,0,2211,0
2020-07-30,Russia,NA,Republic of Karelia,622484,34,0,2245,0
2020-07-31,Russia,NA,Republic of Karelia,622484,30,0,2275,0
2020-08-01,Russia,NA,Republic of Karelia,622484,37,0,2312,0
2020-08-02,Russia,NA,Republic of Karelia,622484,45,0,2357,12
2020-08-03,Russia,NA,Republic of Karelia,622484,18,0,2375,12
2020-08-04,Russia,NA,Republic of Karelia,622484,9,0,2384,12
2020-08-05,Russia,NA,Republic of Karelia,622484,34,0,2418,12
2020-08-06,Russia,NA,Republic of Karelia,622484,48,0,2466,12
2020-08-07,Russia,NA,Republic of Karelia,622484,41,0,2507,12
2020-08-08,Russia,NA,Republic of Karelia,622484,29,1,2536,13
2020-08-09,Russia,NA,Republic of Karelia,622484,24,0,2560,13
2020-08-10,Russia,NA,Republic of Karelia,622484,16,0,2576,13
2020-08-11,Russia,NA,Republic of Karelia,622484,8,0,2584,13
2020-08-12,Russia,NA,Republic of Karelia,622484,18,0,2602,13
2020-08-13,Russia,NA,Republic of Karelia,622484,26,1,2628,14
2020-08-14,Russia,NA,Republic of Karelia,622484,28,0,2656,14
2020-08-15,Russia,NA,Republic of Karelia,622484,18,0,2674,14
2020-08-16,Russia,NA,Republic of Karelia,622484,27,0,2701,14
2020-08-17,Russia,NA,Republic of Karelia,622484,19,0,2720,14
2020-08-18,Russia,NA,Republic of Karelia,622484,4,0,2724,14
2020-08-19,Russia,NA,Republic of Karelia,622484,28,1,2752,15
2020-08-20,Russia,NA,Republic of Karelia,622484,30,0,2782,15
2020-08-21,Russia,NA,Republic of Karelia,622484,21,0,2803,15
2020-08-22,Russia,NA,Republic of Karelia,622484,31,0,2834,15
2020-08-23,Russia,NA,Republic of Karelia,622484,39,0,2873,15
2020-08-24,Russia,NA,Republic of Karelia,622484,17,0,2890,15
2020-08-25,Russia,NA,Republic of Karelia,622484,26,0,2916,15
2020-08-26,Russia,NA,Republic of Karelia,622484,41,0,2957,15
2020-08-27,Russia,NA,Republic of Karelia,622484,35,1,2992,16
2020-08-28,Russia,NA,Republic of Karelia,622484,26,0,3018,16
2020-08-29,Russia,NA,Republic of Karelia,622484,34,0,3052,16
2020-08-30,Russia,NA,Republic of Karelia,622484,46,0,3098,16
2020-08-31,Russia,NA,Republic of Karelia,622484,32,0,3130,16
2020-04-15,Russia,NA,Rostov Oblast,4220452,6,0,104,0
2020-04-16,Russia,NA,Rostov Oblast,4220452,41,0,145,0
2020-04-17,Russia,NA,Rostov Oblast,4220452,23,0,168,0
2020-04-18,Russia,NA,Rostov Oblast,4220452,29,0,197,0
2020-04-19,Russia,NA,Rostov Oblast,4220452,35,0,232,0
2020-04-20,Russia,NA,Rostov Oblast,4220452,60,0,292,0
2020-04-21,Russia,NA,Rostov Oblast,4220452,54,0,346,0
2020-04-22,Russia,NA,Rostov Oblast,4220452,52,0,398,0
2020-04-23,Russia,NA,Rostov Oblast,4220452,71,0,469,0
2020-04-24,Russia,NA,Rostov Oblast,4220452,64,0,533,0
2020-04-25,Russia,NA,Rostov Oblast,4220452,51,0,584,0
2020-04-26,Russia,NA,Rostov Oblast,4220452,65,0,649,0
2020-04-27,Russia,NA,Rostov Oblast,4220452,65,0,714,0
2020-04-28,Russia,NA,Rostov Oblast,4220452,64,0,778,0
2020-04-29,Russia,NA,Rostov Oblast,4220452,86,0,864,0
2020-04-30,Russia,NA,Rostov Oblast,4220452,79,0,943,0
2020-05-01,Russia,NA,Rostov Oblast,4220452,83,0,1026,0
2020-05-02,Russia,NA,Rostov Oblast,4220452,80,0,1106,0
2020-05-03,Russia,NA,Rostov Oblast,4220452,72,0,1178,0
2020-05-04,Russia,NA,Rostov Oblast,4220452,85,0,1263,0
2020-05-05,Russia,NA,Rostov Oblast,4220452,90,0,1353,0
2020-05-06,Russia,NA,Rostov Oblast,4220452,81,0,1434,0
2020-05-07,Russia,NA,Rostov Oblast,4220452,80,0,1514,0
2020-05-08,Russia,NA,Rostov Oblast,4220452,80,0,1594,0
2020-05-09,Russia,NA,Rostov Oblast,4220452,80,0,1674,0
2020-05-10,Russia,NA,Rostov Oblast,4220452,89,0,1763,0
2020-05-11,Russia,NA,Rostov Oblast,4220452,88,0,1851,0
2020-05-12,Russia,NA,Rostov Oblast,4220452,95,0,1946,0
2020-05-13,Russia,NA,Rostov Oblast,4220452,87,0,2033,0
2020-05-14,Russia,NA,Rostov Oblast,4220452,78,0,2111,0
2020-05-15,Russia,NA,Rostov Oblast,4220452,89,0,2200,0
2020-05-16,Russia,NA,Rostov Oblast,4220452,112,0,2312,0
2020-05-17,Russia,NA,Rostov Oblast,4220452,115,0,2427,0
2020-05-18,Russia,NA,Rostov Oblast,4220452,87,0,2514,0
2020-05-19,Russia,NA,Rostov Oblast,4220452,131,0,2645,0
2020-05-20,Russia,NA,Rostov Oblast,4220452,139,0,2784,0
2020-05-21,Russia,NA,Rostov Oblast,4220452,142,0,2926,0
2020-05-22,Russia,NA,Rostov Oblast,4220452,138,0,3064,0
2020-05-23,Russia,NA,Rostov Oblast,4220452,353,0,3417,0
2020-05-24,Russia,NA,Rostov Oblast,4220452,152,0,3569,0
2020-05-25,Russia,NA,Rostov Oblast,4220452,158,0,3727,0
2020-05-26,Russia,NA,Rostov Oblast,4220452,203,0,3930,0
2020-05-27,Russia,NA,Rostov Oblast,4220452,203,0,4133,0
2020-05-28,Russia,NA,Rostov Oblast,4220452,154,0,4287,0
2020-05-29,Russia,NA,Rostov Oblast,4220452,141,0,4428,0
2020-05-30,Russia,NA,Rostov Oblast,4220452,152,0,4580,0
2020-05-31,Russia,NA,Rostov Oblast,4220452,178,0,4758,0
2020-06-01,Russia,NA,Rostov Oblast,4220452,184,0,4942,0
2020-06-02,Russia,NA,Rostov Oblast,4220452,253,0,5195,0
2020-06-03,Russia,NA,Rostov Oblast,4220452,178,0,5373,0
2020-06-04,Russia,NA,Rostov Oblast,4220452,184,0,5557,0
2020-06-05,Russia,NA,Rostov Oblast,4220452,196,0,5753,0
2020-06-06,Russia,NA,Rostov Oblast,4220452,212,0,5965,0
2020-06-07,Russia,NA,Rostov Oblast,4220452,201,0,6166,0
2020-06-08,Russia,NA,Rostov Oblast,4220452,189,0,6355,0
2020-06-09,Russia,NA,Rostov Oblast,4220452,187,0,6542,0
2020-06-10,Russia,NA,Rostov Oblast,4220452,192,0,6734,0
2020-06-11,Russia,NA,Rostov Oblast,4220452,220,0,6954,0
2020-06-12,Russia,NA,Rostov Oblast,4220452,198,0,7152,0
2020-06-13,Russia,NA,Rostov Oblast,4220452,162,0,7314,0
2020-06-14,Russia,NA,Rostov Oblast,4220452,167,0,7481,0
2020-06-15,Russia,NA,Rostov Oblast,4220452,160,0,7641,0
2020-06-16,Russia,NA,Rostov Oblast,4220452,158,0,7799,0
2020-06-17,Russia,NA,Rostov Oblast,4220452,152,0,7951,0
2020-06-18,Russia,NA,Rostov Oblast,4220452,146,0,8097,0
2020-06-19,Russia,NA,Rostov Oblast,4220452,139,0,8236,0
2020-06-20,Russia,NA,Rostov Oblast,4220452,145,0,8381,0
2020-06-21,Russia,NA,Rostov Oblast,4220452,153,0,8534,0
2020-06-22,Russia,NA,Rostov Oblast,4220452,141,0,8675,0
2020-06-23,Russia,NA,Rostov Oblast,4220452,140,0,8815,0
2020-06-24,Russia,NA,Rostov Oblast,4220452,135,0,8950,0
2020-06-25,Russia,NA,Rostov Oblast,4220452,124,0,9074,0
2020-06-26,Russia,NA,Rostov Oblast,4220452,121,0,9195,0
2020-06-27,Russia,NA,Rostov Oblast,4220452,116,0,9311,0
2020-06-28,Russia,NA,Rostov Oblast,4220452,109,0,9420,0
2020-06-29,Russia,NA,Rostov Oblast,4220452,97,0,9517,0
2020-06-30,Russia,NA,Rostov Oblast,4220452,94,0,9611,0
2020-07-01,Russia,NA,Rostov Oblast,4220452,95,0,9706,0
2020-07-02,Russia,NA,Rostov Oblast,4220452,90,0,9796,0
2020-07-03,Russia,NA,Rostov Oblast,4220452,92,0,9888,0
2020-07-04,Russia,NA,Rostov Oblast,4220452,94,0,9982,0
2020-07-05,Russia,NA,Rostov Oblast,4220452,93,0,10075,0
2020-07-06,Russia,NA,Rostov Oblast,4220452,91,0,10166,0
2020-07-07,Russia,NA,Rostov Oblast,4220452,90,0,10256,0
2020-07-08,Russia,NA,Rostov Oblast,4220452,94,0,10350,0
2020-07-09,Russia,NA,Rostov Oblast,4220452,91,0,10441,0
2020-07-10,Russia,NA,Rostov Oblast,4220452,92,0,10533,0
2020-07-11,Russia,NA,Rostov Oblast,4220452,95,0,10628,0
2020-07-12,Russia,NA,Rostov Oblast,4220452,98,0,10726,0
2020-07-13,Russia,NA,Rostov Oblast,4220452,97,0,10823,0
2020-07-14,Russia,NA,Rostov Oblast,4220452,99,0,10922,0
2020-07-15,Russia,NA,Rostov Oblast,4220452,97,0,11019,0
2020-07-16,Russia,NA,Rostov Oblast,4220452,98,0,11117,0
2020-07-17,Russia,NA,Rostov Oblast,4220452,97,0,11214,0
2020-07-18,Russia,NA,Rostov Oblast,4220452,102,0,11316,0
2020-07-19,Russia,NA,Rostov Oblast,4220452,103,0,11419,0
2020-07-20,Russia,NA,Rostov Oblast,4220452,115,0,11534,0
2020-07-21,Russia,NA,Rostov Oblast,4220452,123,0,11657,0
2020-07-22,Russia,NA,Rostov Oblast,4220452,121,0,11778,0
2020-07-23,Russia,NA,Rostov Oblast,4220452,120,0,11898,0
2020-07-24,Russia,NA,Rostov Oblast,4220452,122,0,12020,0
2020-07-25,Russia,NA,Rostov Oblast,4220452,124,0,12144,0
2020-07-26,Russia,NA,Rostov Oblast,4220452,126,0,12270,0
2020-07-27,Russia,NA,Rostov Oblast,4220452,135,0,12405,0
2020-07-28,Russia,NA,Rostov Oblast,4220452,133,0,12538,0
2020-07-29,Russia,NA,Rostov Oblast,4220452,136,0,12674,0
2020-07-30,Russia,NA,Rostov Oblast,4220452,134,0,12808,0
2020-07-31,Russia,NA,Rostov Oblast,4220452,133,0,12941,0
2020-08-01,Russia,NA,Rostov Oblast,4220452,133,0,13074,0
2020-08-02,Russia,NA,Rostov Oblast,4220452,131,0,13205,233
2020-08-03,Russia,NA,Rostov Oblast,4220452,130,3,13335,236
2020-08-04,Russia,NA,Rostov Oblast,4220452,129,4,13464,240
2020-08-05,Russia,NA,Rostov Oblast,4220452,129,5,13593,245
2020-08-06,Russia,NA,Rostov Oblast,4220452,130,4,13723,249
2020-08-07,Russia,NA,Rostov Oblast,4220452,128,6,13851,255
2020-08-08,Russia,NA,Rostov Oblast,4220452,129,6,13980,261
2020-08-09,Russia,NA,Rostov Oblast,4220452,127,0,14107,261
2020-08-10,Russia,NA,Rostov Oblast,4220452,128,0,14235,261
2020-08-11,Russia,NA,Rostov Oblast,4220452,126,7,14361,268
2020-08-12,Russia,NA,Rostov Oblast,4220452,127,3,14488,271
2020-08-13,Russia,NA,Rostov Oblast,4220452,125,3,14613,274
2020-08-14,Russia,NA,Rostov Oblast,4220452,126,4,14739,278
2020-08-15,Russia,NA,Rostov Oblast,4220452,128,6,14867,284
2020-08-16,Russia,NA,Rostov Oblast,4220452,129,3,14996,287
2020-08-17,Russia,NA,Rostov Oblast,4220452,127,1,15123,288
2020-08-18,Russia,NA,Rostov Oblast,4220452,128,5,15251,293
2020-08-19,Russia,NA,Rostov Oblast,4220452,126,5,15377,298
2020-08-20,Russia,NA,Rostov Oblast,4220452,127,3,15504,301
2020-08-21,Russia,NA,Rostov Oblast,4220452,128,0,15632,301
2020-08-22,Russia,NA,Rostov Oblast,4220452,129,5,15761,306
2020-08-23,Russia,NA,Rostov Oblast,4220452,126,2,15887,308
2020-08-24,Russia,NA,Rostov Oblast,4220452,131,4,16018,312
2020-08-25,Russia,NA,Rostov Oblast,4220452,130,6,16148,318
2020-08-26,Russia,NA,Rostov Oblast,4220452,130,8,16278,326
2020-08-27,Russia,NA,Rostov Oblast,4220452,128,6,16406,332
2020-08-28,Russia,NA,Rostov Oblast,4220452,132,6,16538,338
2020-08-29,Russia,NA,Rostov Oblast,4220452,127,6,16665,344
2020-08-30,Russia,NA,Rostov Oblast,4220452,134,4,16799,348
2020-08-31,Russia,NA,Rostov Oblast,4220452,128,3,16927,351
2020-04-14,Russia,NA,Ryazan Oblast,1121474,27,0,116,0
2020-04-16,Russia,NA,Ryazan Oblast,1121474,38,0,154,0
2020-04-17,Russia,NA,Ryazan Oblast,1121474,30,0,184,0
2020-04-18,Russia,NA,Ryazan Oblast,1121474,41,0,225,0
2020-04-19,Russia,NA,Ryazan Oblast,1121474,42,0,267,0
2020-04-20,Russia,NA,Ryazan Oblast,1121474,22,0,289,0
2020-04-21,Russia,NA,Ryazan Oblast,1121474,27,0,316,0
2020-04-22,Russia,NA,Ryazan Oblast,1121474,76,0,392,0
2020-04-23,Russia,NA,Ryazan Oblast,1121474,37,0,429,0
2020-04-24,Russia,NA,Ryazan Oblast,1121474,46,0,475,0
2020-04-25,Russia,NA,Ryazan Oblast,1121474,64,0,539,0
2020-04-26,Russia,NA,Ryazan Oblast,1121474,63,0,602,0
2020-04-27,Russia,NA,Ryazan Oblast,1121474,85,0,687,0
2020-04-28,Russia,NA,Ryazan Oblast,1121474,101,0,788,0
2020-04-29,Russia,NA,Ryazan Oblast,1121474,52,0,840,0
2020-04-30,Russia,NA,Ryazan Oblast,1121474,40,0,880,0
2020-05-01,Russia,NA,Ryazan Oblast,1121474,43,0,923,0
2020-05-02,Russia,NA,Ryazan Oblast,1121474,98,0,1021,0
2020-05-03,Russia,NA,Ryazan Oblast,1121474,55,0,1076,0
2020-05-04,Russia,NA,Ryazan Oblast,1121474,61,0,1137,0
2020-05-05,Russia,NA,Ryazan Oblast,1121474,89,0,1226,0
2020-05-06,Russia,NA,Ryazan Oblast,1121474,84,0,1310,0
2020-05-07,Russia,NA,Ryazan Oblast,1121474,86,0,1396,0
2020-05-08,Russia,NA,Ryazan Oblast,1121474,79,0,1475,0
2020-05-09,Russia,NA,Ryazan Oblast,1121474,85,0,1560,0
2020-05-10,Russia,NA,Ryazan Oblast,1121474,88,0,1648,0
2020-05-11,Russia,NA,Ryazan Oblast,1121474,96,0,1744,0
2020-05-12,Russia,NA,Ryazan Oblast,1121474,98,0,1842,0
2020-05-13,Russia,NA,Ryazan Oblast,1121474,97,0,1939,0
2020-05-14,Russia,NA,Ryazan Oblast,1121474,89,0,2028,0
2020-05-15,Russia,NA,Ryazan Oblast,1121474,95,0,2123,0
2020-05-16,Russia,NA,Ryazan Oblast,1121474,91,0,2214,0
2020-05-17,Russia,NA,Ryazan Oblast,1121474,86,0,2300,0
2020-05-18,Russia,NA,Ryazan Oblast,1121474,94,0,2394,0
2020-05-19,Russia,NA,Ryazan Oblast,1121474,91,0,2485,0
2020-05-20,Russia,NA,Ryazan Oblast,1121474,92,0,2577,0
2020-05-21,Russia,NA,Ryazan Oblast,1121474,96,0,2673,0
2020-05-22,Russia,NA,Ryazan Oblast,1121474,94,0,2767,0
2020-05-23,Russia,NA,Ryazan Oblast,1121474,98,0,2865,0
2020-05-24,Russia,NA,Ryazan Oblast,1121474,88,0,2953,0
2020-05-25,Russia,NA,Ryazan Oblast,1121474,87,0,3040,0
2020-05-26,Russia,NA,Ryazan Oblast,1121474,85,0,3125,0
2020-05-27,Russia,NA,Ryazan Oblast,1121474,81,0,3206,0
2020-05-28,Russia,NA,Ryazan Oblast,1121474,77,0,3283,0
2020-05-29,Russia,NA,Ryazan Oblast,1121474,75,0,3358,0
2020-05-30,Russia,NA,Ryazan Oblast,1121474,74,0,3432,0
2020-05-31,Russia,NA,Ryazan Oblast,1121474,76,0,3508,0
2020-06-01,Russia,NA,Ryazan Oblast,1121474,73,0,3581,0
2020-06-02,Russia,NA,Ryazan Oblast,1121474,72,0,3653,0
2020-06-03,Russia,NA,Ryazan Oblast,1121474,75,0,3728,0
2020-06-04,Russia,NA,Ryazan Oblast,1121474,73,0,3801,0
2020-06-05,Russia,NA,Ryazan Oblast,1121474,71,0,3872,0
2020-06-06,Russia,NA,Ryazan Oblast,1121474,68,0,3940,0
2020-06-07,Russia,NA,Ryazan Oblast,1121474,73,0,4013,0
2020-06-08,Russia,NA,Ryazan Oblast,1121474,75,0,4088,0
2020-06-09,Russia,NA,Ryazan Oblast,1121474,76,0,4164,0
2020-06-10,Russia,NA,Ryazan Oblast,1121474,64,0,4228,0
2020-06-11,Russia,NA,Ryazan Oblast,1121474,59,0,4287,0
2020-06-12,Russia,NA,Ryazan Oblast,1121474,58,0,4345,0
2020-06-13,Russia,NA,Ryazan Oblast,1121474,56,0,4401,0
2020-06-14,Russia,NA,Ryazan Oblast,1121474,57,0,4458,0
2020-06-15,Russia,NA,Ryazan Oblast,1121474,49,0,4507,0
2020-06-16,Russia,NA,Ryazan Oblast,1121474,50,0,4557,0
2020-06-17,Russia,NA,Ryazan Oblast,1121474,49,0,4606,0
2020-06-18,Russia,NA,Ryazan Oblast,1121474,50,0,4656,0
2020-06-19,Russia,NA,Ryazan Oblast,1121474,52,0,4708,0
2020-06-20,Russia,NA,Ryazan Oblast,1121474,51,0,4759,0
2020-06-21,Russia,NA,Ryazan Oblast,1121474,49,0,4808,0
2020-06-22,Russia,NA,Ryazan Oblast,1121474,47,0,4855,0
2020-06-23,Russia,NA,Ryazan Oblast,1121474,45,0,4900,0
2020-06-24,Russia,NA,Ryazan Oblast,1121474,43,0,4943,0
2020-06-25,Russia,NA,Ryazan Oblast,1121474,41,0,4984,0
2020-06-26,Russia,NA,Ryazan Oblast,1121474,43,0,5027,0
2020-06-27,Russia,NA,Ryazan Oblast,1121474,42,0,5069,0
2020-06-28,Russia,NA,Ryazan Oblast,1121474,44,0,5113,0
2020-06-29,Russia,NA,Ryazan Oblast,1121474,41,0,5154,0
2020-06-30,Russia,NA,Ryazan Oblast,1121474,43,0,5197,0
2020-07-01,Russia,NA,Ryazan Oblast,1121474,40,0,5237,0
2020-07-02,Russia,NA,Ryazan Oblast,1121474,40,0,5277,0
2020-07-03,Russia,NA,Ryazan Oblast,1121474,38,0,5315,0
2020-07-04,Russia,NA,Ryazan Oblast,1121474,39,0,5354,0
2020-07-05,Russia,NA,Ryazan Oblast,1121474,40,0,5394,0
2020-07-06,Russia,NA,Ryazan Oblast,1121474,39,0,5433,0
2020-07-07,Russia,NA,Ryazan Oblast,1121474,36,0,5469,0
2020-07-08,Russia,NA,Ryazan Oblast,1121474,38,0,5507,0
2020-07-09,Russia,NA,Ryazan Oblast,1121474,40,0,5547,0
2020-07-10,Russia,NA,Ryazan Oblast,1121474,38,0,5585,0
2020-07-11,Russia,NA,Ryazan Oblast,1121474,36,0,5621,0
2020-07-12,Russia,NA,Ryazan Oblast,1121474,35,0,5656,0
2020-07-13,Russia,NA,Ryazan Oblast,1121474,38,0,5694,0
2020-07-14,Russia,NA,Ryazan Oblast,1121474,37,0,5731,0
2020-07-15,Russia,NA,Ryazan Oblast,1121474,35,0,5766,0
2020-07-16,Russia,NA,Ryazan Oblast,1121474,38,0,5804,0
2020-07-17,Russia,NA,Ryazan Oblast,1121474,39,0,5843,0
2020-07-18,Russia,NA,Ryazan Oblast,1121474,40,0,5883,0
2020-07-19,Russia,NA,Ryazan Oblast,1121474,38,0,5921,0
2020-07-20,Russia,NA,Ryazan Oblast,1121474,36,0,5957,0
2020-07-21,Russia,NA,Ryazan Oblast,1121474,35,0,5992,0
2020-07-22,Russia,NA,Ryazan Oblast,1121474,32,0,6024,0
2020-07-23,Russia,NA,Ryazan Oblast,1121474,34,0,6058,0
2020-07-24,Russia,NA,Ryazan Oblast,1121474,36,0,6094,0
2020-07-25,Russia,NA,Ryazan Oblast,1121474,32,0,6126,0
2020-07-26,Russia,NA,Ryazan Oblast,1121474,29,0,6155,0
2020-07-27,Russia,NA,Ryazan Oblast,1121474,28,0,6183,0
2020-07-28,Russia,NA,Ryazan Oblast,1121474,30,0,6213,0
2020-07-29,Russia,NA,Ryazan Oblast,1121474,27,0,6240,0
2020-07-30,Russia,NA,Ryazan Oblast,1121474,26,0,6266,0
2020-07-31,Russia,NA,Ryazan Oblast,1121474,29,0,6295,0
2020-08-01,Russia,NA,Ryazan Oblast,1121474,28,0,6323,0
2020-08-02,Russia,NA,Ryazan Oblast,1121474,29,0,6352,30
2020-08-03,Russia,NA,Ryazan Oblast,1121474,30,0,6382,30
2020-08-04,Russia,NA,Ryazan Oblast,1121474,29,0,6411,30
2020-08-05,Russia,NA,Ryazan Oblast,1121474,26,1,6437,31
2020-08-06,Russia,NA,Ryazan Oblast,1121474,27,1,6464,32
2020-08-07,Russia,NA,Ryazan Oblast,1121474,25,0,6489,32
2020-08-08,Russia,NA,Ryazan Oblast,1121474,29,2,6518,34
2020-08-09,Russia,NA,Ryazan Oblast,1121474,28,0,6546,34
2020-08-10,Russia,NA,Ryazan Oblast,1121474,24,0,6570,34
2020-08-11,Russia,NA,Ryazan Oblast,1121474,27,0,6597,34
2020-08-12,Russia,NA,Ryazan Oblast,1121474,28,0,6625,34
2020-08-13,Russia,NA,Ryazan Oblast,1121474,30,2,6655,36
2020-08-14,Russia,NA,Ryazan Oblast,1121474,29,1,6684,37
2020-08-15,Russia,NA,Ryazan Oblast,1121474,31,0,6715,37
2020-08-16,Russia,NA,Ryazan Oblast,1121474,27,1,6742,38
2020-08-17,Russia,NA,Ryazan Oblast,1121474,30,0,6772,38
2020-08-18,Russia,NA,Ryazan Oblast,1121474,26,0,6798,38
2020-08-19,Russia,NA,Ryazan Oblast,1121474,29,1,6827,39
2020-08-20,Russia,NA,Ryazan Oblast,1121474,28,0,6855,39
2020-08-21,Russia,NA,Ryazan Oblast,1121474,25,1,6880,40
2020-08-22,Russia,NA,Ryazan Oblast,1121474,27,1,6907,41
2020-08-23,Russia,NA,Ryazan Oblast,1121474,30,0,6937,41
2020-08-24,Russia,NA,Ryazan Oblast,1121474,29,0,6966,41
2020-08-25,Russia,NA,Ryazan Oblast,1121474,27,1,6993,42
2020-08-26,Russia,NA,Ryazan Oblast,1121474,26,0,7019,42
2020-08-27,Russia,NA,Ryazan Oblast,1121474,28,1,7047,43
2020-08-28,Russia,NA,Ryazan Oblast,1121474,31,0,7078,43
2020-08-29,Russia,NA,Ryazan Oblast,1121474,27,1,7105,44
2020-08-30,Russia,NA,Ryazan Oblast,1121474,30,0,7135,44
2020-08-31,Russia,NA,Ryazan Oblast,1121474,26,0,7161,44
2020-04-01,Russia,NA,Saint Petersburg,5351935,27,0,125,0
2020-04-02,Russia,NA,Saint Petersburg,5351935,22,0,147,0
2020-04-03,Russia,NA,Saint Petersburg,5351935,9,0,156,0
2020-04-04,Russia,NA,Saint Petersburg,5351935,15,0,171,0
2020-04-05,Russia,NA,Saint Petersburg,5351935,20,0,191,0
2020-04-06,Russia,NA,Saint Petersburg,5351935,35,0,226,0
2020-04-07,Russia,NA,Saint Petersburg,5351935,69,0,295,0
2020-04-08,Russia,NA,Saint Petersburg,5351935,34,0,329,0
2020-04-09,Russia,NA,Saint Petersburg,5351935,44,0,373,0
2020-04-10,Russia,NA,Saint Petersburg,5351935,35,0,408,0
2020-04-11,Russia,NA,Saint Petersburg,5351935,80,0,488,0
2020-04-12,Russia,NA,Saint Petersburg,5351935,69,0,557,0
2020-04-13,Russia,NA,Saint Petersburg,5351935,121,0,678,0
2020-04-14,Russia,NA,Saint Petersburg,5351935,121,0,799,0
2020-04-15,Russia,NA,Saint Petersburg,5351935,130,0,929,0
2020-04-16,Russia,NA,Saint Petersburg,5351935,154,0,1083,0
2020-04-17,Russia,NA,Saint Petersburg,5351935,424,0,1507,0
2020-04-18,Russia,NA,Saint Petersburg,5351935,139,0,1646,0
2020-04-19,Russia,NA,Saint Petersburg,5351935,114,0,1760,0
2020-04-20,Russia,NA,Saint Petersburg,5351935,86,0,1846,0
2020-04-21,Russia,NA,Saint Petersburg,5351935,127,0,1973,0
2020-04-22,Russia,NA,Saint Petersburg,5351935,294,0,2267,0
2020-04-23,Russia,NA,Saint Petersburg,5351935,191,0,2458,0
2020-04-24,Russia,NA,Saint Petersburg,5351935,253,0,2711,0
2020-04-25,Russia,NA,Saint Petersburg,5351935,215,0,2926,0
2020-04-26,Russia,NA,Saint Petersburg,5351935,151,0,3077,0
2020-04-27,Russia,NA,Saint Petersburg,5351935,161,0,3238,0
2020-04-28,Russia,NA,Saint Petersburg,5351935,198,0,3436,0
2020-04-29,Russia,NA,Saint Petersburg,5351935,290,0,3726,0
2020-04-30,Russia,NA,Saint Petersburg,5351935,336,0,4062,0
2020-05-01,Russia,NA,Saint Petersburg,5351935,349,0,4411,0
2020-05-02,Russia,NA,Saint Petersburg,5351935,323,0,4734,0
2020-05-03,Russia,NA,Saint Petersburg,5351935,295,0,5029,0
2020-05-04,Russia,NA,Saint Petersburg,5351935,317,0,5346,0
2020-05-05,Russia,NA,Saint Petersburg,5351935,226,0,5572,0
2020-05-06,Russia,NA,Saint Petersburg,5351935,312,0,5884,0
2020-05-07,Russia,NA,Saint Petersburg,5351935,306,0,6190,0
2020-05-08,Russia,NA,Saint Petersburg,5351935,375,0,6565,0
2020-05-09,Russia,NA,Saint Petersburg,5351935,425,0,6990,0
2020-05-10,Russia,NA,Saint Petersburg,5351935,414,0,7404,0
2020-05-11,Russia,NA,Saint Petersburg,5351935,307,0,7711,0
2020-05-12,Russia,NA,Saint Petersburg,5351935,339,0,8050,0
2020-05-13,Russia,NA,Saint Petersburg,5351935,435,0,8485,0
2020-05-14,Russia,NA,Saint Petersburg,5351935,460,0,8945,0
2020-05-15,Russia,NA,Saint Petersburg,5351935,541,0,9486,0
2020-05-16,Russia,NA,Saint Petersburg,5351935,525,0,10011,0
2020-05-17,Russia,NA,Saint Petersburg,5351935,451,0,10462,0
2020-05-18,Russia,NA,Saint Petersburg,5351935,425,0,10887,0
2020-05-19,Russia,NA,Saint Petersburg,5351935,453,0,11340,0
2020-05-20,Russia,NA,Saint Petersburg,5351935,455,0,11795,0
2020-05-21,Russia,NA,Saint Petersburg,5351935,408,0,12203,0
2020-05-22,Russia,NA,Saint Petersburg,5351935,389,0,12592,0
2020-05-23,Russia,NA,Saint Petersburg,5351935,363,0,12955,0
2020-05-24,Russia,NA,Saint Petersburg,5351935,384,0,13339,0
2020-05-25,Russia,NA,Saint Petersburg,5351935,374,0,13713,0
2020-05-26,Russia,NA,Saint Petersburg,5351935,363,0,14076,0
2020-05-27,Russia,NA,Saint Petersburg,5351935,387,0,14463,0
2020-05-28,Russia,NA,Saint Petersburg,5351935,383,0,14846,0
2020-05-29,Russia,NA,Saint Petersburg,5351935,369,0,15215,0
2020-05-30,Russia,NA,Saint Petersburg,5351935,365,0,15580,0
2020-05-31,Russia,NA,Saint Petersburg,5351935,369,0,15949,0
2020-06-01,Russia,NA,Saint Petersburg,5351935,364,0,16313,0
2020-06-02,Russia,NA,Saint Petersburg,5351935,376,0,16689,0
2020-06-03,Russia,NA,Saint Petersburg,5351935,380,0,17069,0
2020-06-04,Russia,NA,Saint Petersburg,5351935,375,0,17444,0
2020-06-05,Russia,NA,Saint Petersburg,5351935,378,0,17822,0
2020-06-06,Russia,NA,Saint Petersburg,5351935,347,0,18169,0
2020-06-07,Russia,NA,Saint Petersburg,5351935,340,0,18509,0
2020-06-08,Russia,NA,Saint Petersburg,5351935,326,0,18835,0
2020-06-09,Russia,NA,Saint Petersburg,5351935,318,0,19153,0
2020-06-10,Russia,NA,Saint Petersburg,5351935,313,0,19466,0
2020-06-11,Russia,NA,Saint Petersburg,5351935,303,0,19769,0
2020-06-12,Russia,NA,Saint Petersburg,5351935,274,0,20043,0
2020-06-13,Russia,NA,Saint Petersburg,5351935,262,0,20305,0
2020-06-14,Russia,NA,Saint Petersburg,5351935,256,0,20561,0
2020-06-15,Russia,NA,Saint Petersburg,5351935,252,0,20813,0
2020-06-16,Russia,NA,Saint Petersburg,5351935,234,0,21047,0
2020-06-17,Russia,NA,Saint Petersburg,5351935,228,0,21275,0
2020-06-18,Russia,NA,Saint Petersburg,5351935,231,0,21506,0
2020-06-19,Russia,NA,Saint Petersburg,5351935,228,0,21734,0
2020-06-20,Russia,NA,Saint Petersburg,5351935,232,0,21966,0
2020-06-21,Russia,NA,Saint Petersburg,5351935,229,0,22195,0
2020-06-22,Russia,NA,Saint Petersburg,5351935,217,0,22412,0
2020-06-23,Russia,NA,Saint Petersburg,5351935,220,0,22632,0
2020-06-24,Russia,NA,Saint Petersburg,5351935,218,0,22850,0
2020-06-25,Russia,NA,Saint Petersburg,5351935,221,0,23071,0
2020-06-26,Russia,NA,Saint Petersburg,5351935,223,0,23294,0
2020-06-27,Russia,NA,Saint Petersburg,5351935,224,0,23518,0
2020-06-28,Russia,NA,Saint Petersburg,5351935,217,0,23735,0
2020-06-29,Russia,NA,Saint Petersburg,5351935,219,0,23954,0
2020-06-30,Russia,NA,Saint Petersburg,5351935,253,0,24207,0
2020-07-01,Russia,NA,Saint Petersburg,5351935,262,0,24469,0
2020-07-02,Russia,NA,Saint Petersburg,5351935,258,0,24727,0
2020-07-03,Russia,NA,Saint Petersburg,5351935,263,0,24990,0
2020-07-04,Russia,NA,Saint Petersburg,5351935,271,0,25261,0
2020-07-05,Russia,NA,Saint Petersburg,5351935,275,0,25536,0
2020-07-06,Russia,NA,Saint Petersburg,5351935,280,0,25816,0
2020-07-07,Russia,NA,Saint Petersburg,5351935,278,0,26094,0
2020-07-08,Russia,NA,Saint Petersburg,5351935,295,0,26389,0
2020-07-09,Russia,NA,Saint Petersburg,5351935,292,0,26681,0
2020-07-10,Russia,NA,Saint Petersburg,5351935,300,0,26981,0
2020-07-11,Russia,NA,Saint Petersburg,5351935,296,0,27277,0
2020-07-12,Russia,NA,Saint Petersburg,5351935,293,0,27570,0
2020-07-13,Russia,NA,Saint Petersburg,5351935,291,0,27861,0
2020-07-14,Russia,NA,Saint Petersburg,5351935,281,0,28142,0
2020-07-15,Russia,NA,Saint Petersburg,5351935,264,0,28406,0
2020-07-16,Russia,NA,Saint Petersburg,5351935,256,0,28662,0
2020-07-17,Russia,NA,Saint Petersburg,5351935,244,0,28906,0
2020-07-18,Russia,NA,Saint Petersburg,5351935,238,0,29144,0
2020-07-19,Russia,NA,Saint Petersburg,5351935,202,0,29346,0
2020-07-20,Russia,NA,Saint Petersburg,5351935,195,0,29541,0
2020-07-21,Russia,NA,Saint Petersburg,5351935,189,0,29730,0
2020-07-22,Russia,NA,Saint Petersburg,5351935,186,0,29916,0
2020-07-23,Russia,NA,Saint Petersburg,5351935,184,0,30100,0
2020-07-24,Russia,NA,Saint Petersburg,5351935,181,0,30281,0
2020-07-25,Russia,NA,Saint Petersburg,5351935,179,0,30460,0
2020-07-26,Russia,NA,Saint Petersburg,5351935,175,0,30635,0
2020-07-27,Russia,NA,Saint Petersburg,5351935,172,0,30807,0
2020-07-28,Russia,NA,Saint Petersburg,5351935,168,0,30975,0
2020-07-29,Russia,NA,Saint Petersburg,5351935,165,0,31140,0
2020-07-30,Russia,NA,Saint Petersburg,5351935,162,0,31302,0
2020-07-31,Russia,NA,Saint Petersburg,5351935,159,0,31461,0
2020-08-01,Russia,NA,Saint Petersburg,5351935,161,0,31622,0
2020-08-02,Russia,NA,Saint Petersburg,5351935,163,0,31785,2056
2020-08-03,Russia,NA,Saint Petersburg,5351935,160,6,31945,2062
2020-08-04,Russia,NA,Saint Petersburg,5351935,158,22,32103,2084
2020-08-05,Russia,NA,Saint Petersburg,5351935,156,18,32259,2102
2020-08-06,Russia,NA,Saint Petersburg,5351935,159,16,32418,2118
2020-08-07,Russia,NA,Saint Petersburg,5351935,157,18,32575,2136
2020-08-08,Russia,NA,Saint Petersburg,5351935,155,10,32730,2146
2020-08-09,Russia,NA,Saint Petersburg,5351935,160,3,32890,2149
2020-08-10,Russia,NA,Saint Petersburg,5351935,157,7,33047,2156
2020-08-11,Russia,NA,Saint Petersburg,5351935,157,20,33204,2176
2020-08-12,Russia,NA,Saint Petersburg,5351935,161,12,33365,2188
2020-08-13,Russia,NA,Saint Petersburg,5351935,160,15,33525,2203
2020-08-14,Russia,NA,Saint Petersburg,5351935,159,22,33684,2225
2020-08-15,Russia,NA,Saint Petersburg,5351935,162,20,33846,2245
2020-08-16,Russia,NA,Saint Petersburg,5351935,163,10,34009,2255
2020-08-17,Russia,NA,Saint Petersburg,5351935,159,2,34168,2257
2020-08-18,Russia,NA,Saint Petersburg,5351935,157,19,34325,2276
2020-08-19,Russia,NA,Saint Petersburg,5351935,162,17,34487,2293
2020-08-20,Russia,NA,Saint Petersburg,5351935,160,15,34647,2308
2020-08-21,Russia,NA,Saint Petersburg,5351935,181,6,34828,2314
2020-08-22,Russia,NA,Saint Petersburg,5351935,183,18,35011,2332
2020-08-23,Russia,NA,Saint Petersburg,5351935,180,10,35191,2342
2020-08-24,Russia,NA,Saint Petersburg,5351935,182,0,35373,2342
2020-08-25,Russia,NA,Saint Petersburg,5351935,179,15,35552,2357
2020-08-26,Russia,NA,Saint Petersburg,5351935,181,18,35733,2375
2020-08-27,Russia,NA,Saint Petersburg,5351935,184,17,35917,2392
2020-08-28,Russia,NA,Saint Petersburg,5351935,187,9,36104,2401
2020-08-29,Russia,NA,Saint Petersburg,5351935,189,15,36293,2416
2020-08-30,Russia,NA,Saint Petersburg,5351935,186,5,36479,2421
2020-08-31,Russia,NA,Saint Petersburg,5351935,188,0,36667,2421
2020-05-30,Russia,NA,Sakhalin Oblast,490181,7,0,101,0
2020-05-31,Russia,NA,Sakhalin Oblast,490181,14,0,115,0
2020-06-01,Russia,NA,Sakhalin Oblast,490181,3,0,118,0
2020-06-02,Russia,NA,Sakhalin Oblast,490181,15,0,133,0
2020-06-03,Russia,NA,Sakhalin Oblast,490181,10,0,143,0
2020-06-04,Russia,NA,Sakhalin Oblast,490181,4,0,147,0
2020-06-05,Russia,NA,Sakhalin Oblast,490181,13,0,160,0
2020-06-06,Russia,NA,Sakhalin Oblast,490181,10,0,170,0
2020-06-07,Russia,NA,Sakhalin Oblast,490181,18,0,188,0
2020-06-08,Russia,NA,Sakhalin Oblast,490181,16,0,204,0
2020-06-09,Russia,NA,Sakhalin Oblast,490181,12,0,216,0
2020-06-10,Russia,NA,Sakhalin Oblast,490181,34,0,250,0
2020-06-11,Russia,NA,Sakhalin Oblast,490181,14,0,264,0
2020-06-12,Russia,NA,Sakhalin Oblast,490181,41,0,305,0
2020-06-13,Russia,NA,Sakhalin Oblast,490181,15,0,320,0
2020-06-14,Russia,NA,Sakhalin Oblast,490181,10,0,330,0
2020-06-15,Russia,NA,Sakhalin Oblast,490181,13,0,343,0
2020-06-16,Russia,NA,Sakhalin Oblast,490181,19,0,362,0
2020-06-17,Russia,NA,Sakhalin Oblast,490181,32,0,394,0
2020-06-18,Russia,NA,Sakhalin Oblast,490181,29,0,423,0
2020-06-19,Russia,NA,Sakhalin Oblast,490181,24,0,447,0
2020-06-20,Russia,NA,Sakhalin Oblast,490181,48,0,495,0
2020-06-21,Russia,NA,Sakhalin Oblast,490181,30,0,525,0
2020-06-22,Russia,NA,Sakhalin Oblast,490181,41,0,566,0
2020-06-23,Russia,NA,Sakhalin Oblast,490181,1,0,567,0
2020-06-24,Russia,NA,Sakhalin Oblast,490181,61,0,628,0
2020-06-25,Russia,NA,Sakhalin Oblast,490181,35,0,663,0
2020-06-26,Russia,NA,Sakhalin Oblast,490181,39,0,702,0
2020-06-27,Russia,NA,Sakhalin Oblast,490181,19,0,721,0
2020-06-28,Russia,NA,Sakhalin Oblast,490181,21,0,742,0
2020-06-29,Russia,NA,Sakhalin Oblast,490181,29,0,771,0
2020-06-30,Russia,NA,Sakhalin Oblast,490181,29,0,800,0
2020-07-01,Russia,NA,Sakhalin Oblast,490181,28,0,828,0
2020-07-02,Russia,NA,Sakhalin Oblast,490181,25,0,853,0
2020-07-03,Russia,NA,Sakhalin Oblast,490181,32,0,885,0
2020-07-04,Russia,NA,Sakhalin Oblast,490181,33,0,918,0
2020-07-05,Russia,NA,Sakhalin Oblast,490181,35,0,953,0
2020-07-06,Russia,NA,Sakhalin Oblast,490181,40,0,993,0
2020-07-07,Russia,NA,Sakhalin Oblast,490181,42,0,1035,0
2020-07-08,Russia,NA,Sakhalin Oblast,490181,68,0,1103,0
2020-07-09,Russia,NA,Sakhalin Oblast,490181,69,0,1172,0
2020-07-10,Russia,NA,Sakhalin Oblast,490181,68,0,1240,0
2020-07-11,Russia,NA,Sakhalin Oblast,490181,67,0,1307,0
2020-07-12,Russia,NA,Sakhalin Oblast,490181,69,0,1376,0
2020-07-13,Russia,NA,Sakhalin Oblast,490181,67,0,1443,0
2020-07-14,Russia,NA,Sakhalin Oblast,490181,64,0,1507,0
2020-07-15,Russia,NA,Sakhalin Oblast,490181,61,0,1568,0
2020-07-16,Russia,NA,Sakhalin Oblast,490181,60,0,1628,0
2020-07-17,Russia,NA,Sakhalin Oblast,490181,59,0,1687,0
2020-07-18,Russia,NA,Sakhalin Oblast,490181,60,0,1747,0
2020-07-19,Russia,NA,Sakhalin Oblast,490181,59,0,1806,0
2020-07-20,Russia,NA,Sakhalin Oblast,490181,57,0,1863,0
2020-07-21,Russia,NA,Sakhalin Oblast,490181,63,0,1926,0
2020-07-22,Russia,NA,Sakhalin Oblast,490181,68,0,1994,0
2020-07-23,Russia,NA,Sakhalin Oblast,490181,67,0,2061,0
2020-07-24,Russia,NA,Sakhalin Oblast,490181,65,0,2126,0
2020-07-25,Russia,NA,Sakhalin Oblast,490181,59,0,2185,0
2020-07-26,Russia,NA,Sakhalin Oblast,490181,50,0,2235,0
2020-07-27,Russia,NA,Sakhalin Oblast,490181,59,0,2294,0
2020-07-28,Russia,NA,Sakhalin Oblast,490181,68,0,2362,0
2020-07-29,Russia,NA,Sakhalin Oblast,490181,69,0,2431,0
2020-07-30,Russia,NA,Sakhalin Oblast,490181,67,0,2498,0
2020-07-31,Russia,NA,Sakhalin Oblast,490181,61,0,2559,0
2020-08-01,Russia,NA,Sakhalin Oblast,490181,66,0,2625,0
2020-08-02,Russia,NA,Sakhalin Oblast,490181,60,0,2685,0
2020-08-03,Russia,NA,Sakhalin Oblast,490181,59,0,2744,0
2020-08-04,Russia,NA,Sakhalin Oblast,490181,67,0,2811,0
2020-08-05,Russia,NA,Sakhalin Oblast,490181,65,0,2876,0
2020-08-06,Russia,NA,Sakhalin Oblast,490181,68,0,2944,0
2020-08-07,Russia,NA,Sakhalin Oblast,490181,66,0,3010,0
2020-08-08,Russia,NA,Sakhalin Oblast,490181,65,0,3075,0
2020-08-09,Russia,NA,Sakhalin Oblast,490181,62,0,3137,0
2020-08-10,Russia,NA,Sakhalin Oblast,490181,67,0,3204,0
2020-08-11,Russia,NA,Sakhalin Oblast,490181,63,0,3267,0
2020-08-12,Russia,NA,Sakhalin Oblast,490181,59,0,3326,0
2020-08-13,Russia,NA,Sakhalin Oblast,490181,64,0,3390,0
2020-08-14,Russia,NA,Sakhalin Oblast,490181,68,0,3458,0
2020-08-15,Russia,NA,Sakhalin Oblast,490181,61,0,3519,0
2020-08-16,Russia,NA,Sakhalin Oblast,490181,59,0,3578,0
2020-08-17,Russia,NA,Sakhalin Oblast,490181,57,0,3635,0
2020-08-18,Russia,NA,Sakhalin Oblast,490181,60,0,3695,0
2020-08-19,Russia,NA,Sakhalin Oblast,490181,57,0,3752,0
2020-08-20,Russia,NA,Sakhalin Oblast,490181,59,0,3811,0
2020-08-21,Russia,NA,Sakhalin Oblast,490181,56,0,3867,0
2020-08-22,Russia,NA,Sakhalin Oblast,490181,58,0,3925,0
2020-08-23,Russia,NA,Sakhalin Oblast,490181,55,0,3980,0
2020-08-24,Russia,NA,Sakhalin Oblast,490181,57,0,4037,0
2020-08-25,Russia,NA,Sakhalin Oblast,490181,59,0,4096,0
2020-08-26,Russia,NA,Sakhalin Oblast,490181,56,0,4152,0
2020-08-27,Russia,NA,Sakhalin Oblast,490181,58,0,4210,0
2020-08-28,Russia,NA,Sakhalin Oblast,490181,55,0,4265,0
2020-08-29,Russia,NA,Sakhalin Oblast,490181,54,0,4319,0
2020-08-30,Russia,NA,Sakhalin Oblast,490181,52,0,4371,0
2020-08-31,Russia,NA,Sakhalin Oblast,490181,49,0,4420,0
2020-04-21,Russia,NA,Samara Oblast,3193514,8,0,103,0
2020-04-23,Russia,NA,Samara Oblast,3193514,26,0,129,0
2020-04-24,Russia,NA,Samara Oblast,3193514,44,0,173,0
2020-04-25,Russia,NA,Samara Oblast,3193514,24,0,197,0
2020-04-26,Russia,NA,Samara Oblast,3193514,20,0,217,0
2020-04-27,Russia,NA,Samara Oblast,3193514,35,0,252,0
2020-04-28,Russia,NA,Samara Oblast,3193514,8,0,260,0
2020-04-29,Russia,NA,Samara Oblast,3193514,55,0,315,0
2020-04-30,Russia,NA,Samara Oblast,3193514,40,0,355,0
2020-05-01,Russia,NA,Samara Oblast,3193514,25,0,380,0
2020-05-02,Russia,NA,Samara Oblast,3193514,41,0,421,0
2020-05-03,Russia,NA,Samara Oblast,3193514,85,0,506,0
2020-05-04,Russia,NA,Samara Oblast,3193514,60,0,566,0
2020-05-05,Russia,NA,Samara Oblast,3193514,17,0,583,0
2020-05-06,Russia,NA,Samara Oblast,3193514,81,0,664,0
2020-05-07,Russia,NA,Samara Oblast,3193514,67,0,731,0
2020-05-08,Russia,NA,Samara Oblast,3193514,59,0,790,0
2020-05-09,Russia,NA,Samara Oblast,3193514,75,0,865,0
2020-05-10,Russia,NA,Samara Oblast,3193514,74,0,939,0
2020-05-11,Russia,NA,Samara Oblast,3193514,66,0,1005,0
2020-05-12,Russia,NA,Samara Oblast,3193514,66,0,1071,0
2020-05-13,Russia,NA,Samara Oblast,3193514,79,0,1150,0
2020-05-14,Russia,NA,Samara Oblast,3193514,84,0,1234,0
2020-05-15,Russia,NA,Samara Oblast,3193514,56,0,1290,0
2020-05-16,Russia,NA,Samara Oblast,3193514,70,0,1360,0
2020-05-17,Russia,NA,Samara Oblast,3193514,65,0,1425,0
2020-05-18,Russia,NA,Samara Oblast,3193514,68,0,1493,0
2020-05-19,Russia,NA,Samara Oblast,3193514,65,0,1558,0
2020-05-20,Russia,NA,Samara Oblast,3193514,98,0,1656,0
2020-05-21,Russia,NA,Samara Oblast,3193514,74,0,1730,0
2020-05-22,Russia,NA,Samara Oblast,3193514,74,0,1804,0
2020-05-23,Russia,NA,Samara Oblast,3193514,86,0,1890,0
2020-05-24,Russia,NA,Samara Oblast,3193514,121,0,2011,0
2020-05-25,Russia,NA,Samara Oblast,3193514,97,0,2108,0
2020-05-26,Russia,NA,Samara Oblast,3193514,87,0,2195,0
2020-05-27,Russia,NA,Samara Oblast,3193514,135,0,2330,0
2020-05-28,Russia,NA,Samara Oblast,3193514,97,0,2427,0
2020-05-29,Russia,NA,Samara Oblast,3193514,48,0,2475,0
2020-05-30,Russia,NA,Samara Oblast,3193514,42,0,2517,0
2020-05-31,Russia,NA,Samara Oblast,3193514,85,0,2602,0
2020-06-01,Russia,NA,Samara Oblast,3193514,36,0,2638,0
2020-06-02,Russia,NA,Samara Oblast,3193514,76,0,2714,0
2020-06-03,Russia,NA,Samara Oblast,3193514,46,0,2760,0
2020-06-04,Russia,NA,Samara Oblast,3193514,63,0,2823,0
2020-06-05,Russia,NA,Samara Oblast,3193514,89,0,2912,0
2020-06-06,Russia,NA,Samara Oblast,3193514,104,0,3016,0
2020-06-07,Russia,NA,Samara Oblast,3193514,88,0,3104,0
2020-06-08,Russia,NA,Samara Oblast,3193514,86,0,3190,0
2020-06-09,Russia,NA,Samara Oblast,3193514,46,0,3236,0
2020-06-10,Russia,NA,Samara Oblast,3193514,113,0,3349,0
2020-06-11,Russia,NA,Samara Oblast,3193514,111,0,3460,0
2020-06-12,Russia,NA,Samara Oblast,3193514,78,0,3538,0
2020-06-13,Russia,NA,Samara Oblast,3193514,146,0,3684,0
2020-06-14,Russia,NA,Samara Oblast,3193514,110,0,3794,0
2020-06-15,Russia,NA,Samara Oblast,3193514,106,0,3900,0
2020-06-16,Russia,NA,Samara Oblast,3193514,70,0,3970,0
2020-06-17,Russia,NA,Samara Oblast,3193514,44,0,4014,0
2020-06-18,Russia,NA,Samara Oblast,3193514,76,0,4090,0
2020-06-19,Russia,NA,Samara Oblast,3193514,83,0,4173,0
2020-06-20,Russia,NA,Samara Oblast,3193514,67,0,4240,0
2020-06-21,Russia,NA,Samara Oblast,3193514,75,0,4315,0
2020-06-22,Russia,NA,Samara Oblast,3193514,63,0,4378,0
2020-06-23,Russia,NA,Samara Oblast,3193514,63,0,4441,0
2020-06-24,Russia,NA,Samara Oblast,3193514,51,0,4492,0
2020-06-25,Russia,NA,Samara Oblast,3193514,55,0,4547,0
2020-06-26,Russia,NA,Samara Oblast,3193514,60,0,4607,0
2020-06-27,Russia,NA,Samara Oblast,3193514,59,0,4666,0
2020-06-28,Russia,NA,Samara Oblast,3193514,62,0,4728,0
2020-06-29,Russia,NA,Samara Oblast,3193514,48,0,4776,0
2020-06-30,Russia,NA,Samara Oblast,3193514,51,0,4827,0
2020-07-01,Russia,NA,Samara Oblast,3193514,63,0,4890,0
2020-07-02,Russia,NA,Samara Oblast,3193514,73,0,4963,0
2020-07-03,Russia,NA,Samara Oblast,3193514,77,0,5040,0
2020-07-04,Russia,NA,Samara Oblast,3193514,87,0,5127,0
2020-07-05,Russia,NA,Samara Oblast,3193514,127,0,5254,0
2020-07-06,Russia,NA,Samara Oblast,3193514,135,0,5389,0
2020-07-07,Russia,NA,Samara Oblast,3193514,102,0,5491,0
2020-07-08,Russia,NA,Samara Oblast,3193514,75,0,5566,0
2020-07-09,Russia,NA,Samara Oblast,3193514,68,0,5634,0
2020-07-10,Russia,NA,Samara Oblast,3193514,77,0,5711,0
2020-07-11,Russia,NA,Samara Oblast,3193514,83,0,5794,0
2020-07-12,Russia,NA,Samara Oblast,3193514,78,0,5872,0
2020-07-13,Russia,NA,Samara Oblast,3193514,72,0,5944,0
2020-07-14,Russia,NA,Samara Oblast,3193514,65,0,6009,0
2020-07-15,Russia,NA,Samara Oblast,3193514,59,0,6068,0
2020-07-16,Russia,NA,Samara Oblast,3193514,57,0,6125,0
2020-07-17,Russia,NA,Samara Oblast,3193514,62,0,6187,0
2020-07-18,Russia,NA,Samara Oblast,3193514,62,0,6249,0
2020-07-19,Russia,NA,Samara Oblast,3193514,61,0,6310,0
2020-07-20,Russia,NA,Samara Oblast,3193514,60,0,6370,0
2020-07-21,Russia,NA,Samara Oblast,3193514,57,0,6427,0
2020-07-22,Russia,NA,Samara Oblast,3193514,52,0,6479,0
2020-07-23,Russia,NA,Samara Oblast,3193514,49,0,6528,0
2020-07-24,Russia,NA,Samara Oblast,3193514,42,0,6570,0
2020-07-25,Russia,NA,Samara Oblast,3193514,39,0,6609,0
2020-07-26,Russia,NA,Samara Oblast,3193514,41,0,6650,0
2020-07-27,Russia,NA,Samara Oblast,3193514,37,0,6687,0
2020-07-28,Russia,NA,Samara Oblast,3193514,32,0,6719,0
2020-07-29,Russia,NA,Samara Oblast,3193514,32,0,6751,0
2020-07-30,Russia,NA,Samara Oblast,3193514,36,0,6787,0
2020-07-31,Russia,NA,Samara Oblast,3193514,43,0,6830,0
2020-08-01,Russia,NA,Samara Oblast,3193514,43,0,6873,0
2020-08-02,Russia,NA,Samara Oblast,3193514,47,0,6930,91
2020-08-03,Russia,NA,Samara Oblast,3193514,45,3,6975,94
2020-08-04,Russia,NA,Samara Oblast,3193514,36,3,7011,97
2020-08-05,Russia,NA,Samara Oblast,3193514,34,5,7045,102
2020-08-06,Russia,NA,Samara Oblast,3193514,44,1,7089,103
2020-08-07,Russia,NA,Samara Oblast,3193514,42,1,7131,104
2020-08-08,Russia,NA,Samara Oblast,3193514,43,1,7174,105
2020-08-09,Russia,NA,Samara Oblast,3193514,48,2,7222,107
2020-08-10,Russia,NA,Samara Oblast,3193514,50,0,7272,107
2020-08-11,Russia,NA,Samara Oblast,3193514,48,3,7320,110
2020-08-12,Russia,NA,Samara Oblast,3193514,52,1,7372,111
2020-08-13,Russia,NA,Samara Oblast,3193514,51,2,7423,113
2020-08-14,Russia,NA,Samara Oblast,3193514,49,2,7472,115
2020-08-15,Russia,NA,Samara Oblast,3193514,50,2,7522,117
2020-08-16,Russia,NA,Samara Oblast,3193514,53,0,7575,117
2020-08-17,Russia,NA,Samara Oblast,3193514,45,0,7620,117
2020-08-18,Russia,NA,Samara Oblast,3193514,43,0,7663,117
2020-08-19,Russia,NA,Samara Oblast,3193514,43,4,7706,121
2020-08-20,Russia,NA,Samara Oblast,3193514,44,1,7750,122
2020-08-21,Russia,NA,Samara Oblast,3193514,44,0,7794,122
2020-08-22,Russia,NA,Samara Oblast,3193514,50,0,7844,122
2020-08-23,Russia,NA,Samara Oblast,3193514,64,1,7908,123
2020-08-24,Russia,NA,Samara Oblast,3193514,73,0,7981,123
2020-08-25,Russia,NA,Samara Oblast,3193514,75,0,8056,123
2020-08-26,Russia,NA,Samara Oblast,3193514,70,0,8126,123
2020-08-27,Russia,NA,Samara Oblast,3193514,74,1,8200,124
2020-08-28,Russia,NA,Samara Oblast,3193514,75,0,8275,124
2020-08-29,Russia,NA,Samara Oblast,3193514,75,0,8350,124
2020-08-30,Russia,NA,Samara Oblast,3193514,76,1,8426,125
2020-08-31,Russia,NA,Samara Oblast,3193514,79,0,8505,125
2020-04-19,Russia,NA,Saratov Oblast,2462950,16,0,114,0
2020-04-20,Russia,NA,Saratov Oblast,2462950,28,0,142,0
2020-04-21,Russia,NA,Saratov Oblast,2462950,26,0,168,0
2020-04-22,Russia,NA,Saratov Oblast,2462950,22,0,190,0
2020-04-23,Russia,NA,Saratov Oblast,2462950,39,0,229,0
2020-04-24,Russia,NA,Saratov Oblast,2462950,16,0,245,0
2020-04-25,Russia,NA,Saratov Oblast,2462950,20,0,265,0
2020-04-26,Russia,NA,Saratov Oblast,2462950,40,0,305,0
2020-04-27,Russia,NA,Saratov Oblast,2462950,22,0,327,0
2020-04-28,Russia,NA,Saratov Oblast,2462950,32,0,359,0
2020-04-29,Russia,NA,Saratov Oblast,2462950,33,0,392,0
2020-04-30,Russia,NA,Saratov Oblast,2462950,46,0,438,0
2020-05-01,Russia,NA,Saratov Oblast,2462950,49,0,487,0
2020-05-02,Russia,NA,Saratov Oblast,2462950,48,0,535,0
2020-05-03,Russia,NA,Saratov Oblast,2462950,50,0,585,0
2020-05-04,Russia,NA,Saratov Oblast,2462950,74,0,659,0
2020-05-05,Russia,NA,Saratov Oblast,2462950,78,0,737,0
2020-05-06,Russia,NA,Saratov Oblast,2462950,98,0,835,0
2020-05-07,Russia,NA,Saratov Oblast,2462950,41,0,876,0
2020-05-08,Russia,NA,Saratov Oblast,2462950,74,0,950,0
2020-05-09,Russia,NA,Saratov Oblast,2462950,57,0,1007,0
2020-05-10,Russia,NA,Saratov Oblast,2462950,69,0,1076,0
2020-05-11,Russia,NA,Saratov Oblast,2462950,92,0,1168,0
2020-05-12,Russia,NA,Saratov Oblast,2462950,64,0,1232,0
2020-05-13,Russia,NA,Saratov Oblast,2462950,85,0,1317,0
2020-05-14,Russia,NA,Saratov Oblast,2462950,96,0,1413,0
2020-05-15,Russia,NA,Saratov Oblast,2462950,113,0,1526,0
2020-05-16,Russia,NA,Saratov Oblast,2462950,107,0,1633,0
2020-05-17,Russia,NA,Saratov Oblast,2462950,121,0,1754,0
2020-05-18,Russia,NA,Saratov Oblast,2462950,117,0,1871,0
2020-05-19,Russia,NA,Saratov Oblast,2462950,109,0,1980,0
2020-05-20,Russia,NA,Saratov Oblast,2462950,92,0,2072,0
2020-05-21,Russia,NA,Saratov Oblast,2462950,67,0,2139,0
2020-05-22,Russia,NA,Saratov Oblast,2462950,84,0,2223,0
2020-05-23,Russia,NA,Saratov Oblast,2462950,98,0,2321,0
2020-05-24,Russia,NA,Saratov Oblast,2462950,97,0,2418,0
2020-05-25,Russia,NA,Saratov Oblast,2462950,98,0,2516,0
2020-05-26,Russia,NA,Saratov Oblast,2462950,65,0,2581,0
2020-05-27,Russia,NA,Saratov Oblast,2462950,68,0,2649,0
2020-05-28,Russia,NA,Saratov Oblast,2462950,97,0,2746,0
2020-05-29,Russia,NA,Saratov Oblast,2462950,94,0,2840,0
2020-05-30,Russia,NA,Saratov Oblast,2462950,96,0,2936,0
2020-05-31,Russia,NA,Saratov Oblast,2462950,142,0,3078,0
2020-06-01,Russia,NA,Saratov Oblast,2462950,96,0,3174,0
2020-06-02,Russia,NA,Saratov Oblast,2462950,95,0,3269,0
2020-06-03,Russia,NA,Saratov Oblast,2462950,94,0,3363,0
2020-06-04,Russia,NA,Saratov Oblast,2462950,94,0,3457,0
2020-06-05,Russia,NA,Saratov Oblast,2462950,96,0,3553,0
2020-06-06,Russia,NA,Saratov Oblast,2462950,98,0,3651,0
2020-06-07,Russia,NA,Saratov Oblast,2462950,112,0,3763,0
2020-06-08,Russia,NA,Saratov Oblast,2462950,137,0,3900,0
2020-06-09,Russia,NA,Saratov Oblast,2462950,115,0,4015,0
2020-06-10,Russia,NA,Saratov Oblast,2462950,117,0,4132,0
2020-06-11,Russia,NA,Saratov Oblast,2462950,114,0,4246,0
2020-06-12,Russia,NA,Saratov Oblast,2462950,116,0,4362,0
2020-06-13,Russia,NA,Saratov Oblast,2462950,118,0,4480,0
2020-06-14,Russia,NA,Saratov Oblast,2462950,126,0,4606,0
2020-06-15,Russia,NA,Saratov Oblast,2462950,128,0,4734,0
2020-06-16,Russia,NA,Saratov Oblast,2462950,123,0,4857,0
2020-06-17,Russia,NA,Saratov Oblast,2462950,125,0,4982,0
2020-06-18,Russia,NA,Saratov Oblast,2462950,119,0,5101,0
2020-06-19,Russia,NA,Saratov Oblast,2462950,116,0,5217,0
2020-06-20,Russia,NA,Saratov Oblast,2462950,118,0,5335,0
2020-06-21,Russia,NA,Saratov Oblast,2462950,115,0,5450,0
2020-06-22,Russia,NA,Saratov Oblast,2462950,112,0,5562,0
2020-06-23,Russia,NA,Saratov Oblast,2462950,109,0,5671,0
2020-06-24,Russia,NA,Saratov Oblast,2462950,111,0,5782,0
2020-06-25,Russia,NA,Saratov Oblast,2462950,110,0,5892,0
2020-06-26,Russia,NA,Saratov Oblast,2462950,111,0,6003,0
2020-06-27,Russia,NA,Saratov Oblast,2462950,112,0,6115,0
2020-06-28,Russia,NA,Saratov Oblast,2462950,110,0,6225,0
2020-06-29,Russia,NA,Saratov Oblast,2462950,109,0,6334,0
2020-06-30,Russia,NA,Saratov Oblast,2462950,110,0,6444,0
2020-07-01,Russia,NA,Saratov Oblast,2462950,102,0,6546,0
2020-07-02,Russia,NA,Saratov Oblast,2462950,99,0,6645,0
2020-07-03,Russia,NA,Saratov Oblast,2462950,101,0,6746,0
2020-07-04,Russia,NA,Saratov Oblast,2462950,98,0,6844,0
2020-07-05,Russia,NA,Saratov Oblast,2462950,97,0,6941,0
2020-07-06,Russia,NA,Saratov Oblast,2462950,99,0,7040,0
2020-07-07,Russia,NA,Saratov Oblast,2462950,95,0,7135,0
2020-07-08,Russia,NA,Saratov Oblast,2462950,96,0,7231,0
2020-07-09,Russia,NA,Saratov Oblast,2462950,94,0,7325,0
2020-07-10,Russia,NA,Saratov Oblast,2462950,92,0,7417,0
2020-07-11,Russia,NA,Saratov Oblast,2462950,91,0,7508,0
2020-07-12,Russia,NA,Saratov Oblast,2462950,92,0,7600,0
2020-07-13,Russia,NA,Saratov Oblast,2462950,89,0,7689,0
2020-07-14,Russia,NA,Saratov Oblast,2462950,93,0,7782,0
2020-07-15,Russia,NA,Saratov Oblast,2462950,92,0,7874,0
2020-07-16,Russia,NA,Saratov Oblast,2462950,95,0,7969,0
2020-07-17,Russia,NA,Saratov Oblast,2462950,94,0,8063,0
2020-07-18,Russia,NA,Saratov Oblast,2462950,96,0,8159,0
2020-07-19,Russia,NA,Saratov Oblast,2462950,97,0,8256,0
2020-07-20,Russia,NA,Saratov Oblast,2462950,93,0,8349,0
2020-07-21,Russia,NA,Saratov Oblast,2462950,94,0,8443,0
2020-07-22,Russia,NA,Saratov Oblast,2462950,93,0,8536,0
2020-07-23,Russia,NA,Saratov Oblast,2462950,95,0,8631,0
2020-07-24,Russia,NA,Saratov Oblast,2462950,94,0,8725,0
2020-07-25,Russia,NA,Saratov Oblast,2462950,98,0,8823,0
2020-07-26,Russia,NA,Saratov Oblast,2462950,97,0,8920,0
2020-07-27,Russia,NA,Saratov Oblast,2462950,95,0,9015,0
2020-07-28,Russia,NA,Saratov Oblast,2462950,96,0,9111,0
2020-07-29,Russia,NA,Saratov Oblast,2462950,98,0,9209,0
2020-07-30,Russia,NA,Saratov Oblast,2462950,99,0,9308,0
2020-07-31,Russia,NA,Saratov Oblast,2462950,98,0,9406,0
2020-08-01,Russia,NA,Saratov Oblast,2462950,96,0,9502,0
2020-08-02,Russia,NA,Saratov Oblast,2462950,95,0,9597,60
2020-08-03,Russia,NA,Saratov Oblast,2462950,94,0,9691,60
2020-08-04,Russia,NA,Saratov Oblast,2462950,93,1,9784,61
2020-08-05,Russia,NA,Saratov Oblast,2462950,94,0,9878,61
2020-08-06,Russia,NA,Saratov Oblast,2462950,90,1,9968,62
2020-08-07,Russia,NA,Saratov Oblast,2462950,94,0,10062,62
2020-08-08,Russia,NA,Saratov Oblast,2462950,95,1,10157,63
2020-08-09,Russia,NA,Saratov Oblast,2462950,96,0,10253,63
2020-08-10,Russia,NA,Saratov Oblast,2462950,95,0,10348,63
2020-08-11,Russia,NA,Saratov Oblast,2462950,94,0,10442,63
2020-08-12,Russia,NA,Saratov Oblast,2462950,96,1,10538,64
2020-08-13,Russia,NA,Saratov Oblast,2462950,95,0,10633,64
2020-08-14,Russia,NA,Saratov Oblast,2462950,94,1,10727,65
2020-08-15,Russia,NA,Saratov Oblast,2462950,97,1,10824,66
2020-08-16,Russia,NA,Saratov Oblast,2462950,98,0,10922,66
2020-08-17,Russia,NA,Saratov Oblast,2462950,96,0,11018,66
2020-08-18,Russia,NA,Saratov Oblast,2462950,98,1,11116,67
2020-08-19,Russia,NA,Saratov Oblast,2462950,95,0,11211,67
2020-08-20,Russia,NA,Saratov Oblast,2462950,97,0,11308,67
2020-08-21,Russia,NA,Saratov Oblast,2462950,91,1,11399,68
2020-08-22,Russia,NA,Saratov Oblast,2462950,95,0,11494,68
2020-08-23,Russia,NA,Saratov Oblast,2462950,93,0,11587,68
2020-08-24,Russia,NA,Saratov Oblast,2462950,99,0,11686,68
2020-08-25,Russia,NA,Saratov Oblast,2462950,96,1,11782,69
2020-08-26,Russia,NA,Saratov Oblast,2462950,95,0,11877,69
2020-08-27,Russia,NA,Saratov Oblast,2462950,97,0,11974,69
2020-08-28,Russia,NA,Saratov Oblast,2462950,93,2,12067,71
2020-08-29,Russia,NA,Saratov Oblast,2462950,96,0,12163,71
2020-08-30,Russia,NA,Saratov Oblast,2462950,88,2,12251,73
2020-08-31,Russia,NA,Saratov Oblast,2462950,94,2,12345,75
2020-05-06,Russia,NA,Sevastopol,428753,6,0,104,0
2020-05-07,Russia,NA,Sevastopol,428753,6,0,110,0
2020-05-08,Russia,NA,Sevastopol,428753,8,0,118,0
2020-05-09,Russia,NA,Sevastopol,428753,1,0,119,0
2020-05-10,Russia,NA,Sevastopol,428753,3,0,122,0
2020-05-11,Russia,NA,Sevastopol,428753,4,0,126,0
2020-05-12,Russia,NA,Sevastopol,428753,3,0,129,0
2020-05-13,Russia,NA,Sevastopol,428753,1,0,130,0
2020-05-14,Russia,NA,Sevastopol,428753,2,0,132,0
2020-05-15,Russia,NA,Sevastopol,428753,3,0,135,0
2020-05-17,Russia,NA,Sevastopol,428753,3,0,138,0
2020-05-18,Russia,NA,Sevastopol,428753,1,0,139,0
2020-05-19,Russia,NA,Sevastopol,428753,4,0,143,0
2020-05-20,Russia,NA,Sevastopol,428753,4,0,147,0
2020-05-21,Russia,NA,Sevastopol,428753,1,0,148,0
2020-05-22,Russia,NA,Sevastopol,428753,1,0,149,0
2020-05-23,Russia,NA,Sevastopol,428753,5,0,154,0
2020-05-24,Russia,NA,Sevastopol,428753,1,0,155,0
2020-05-25,Russia,NA,Sevastopol,428753,2,0,157,0
2020-05-26,Russia,NA,Sevastopol,428753,1,0,158,0
2020-05-27,Russia,NA,Sevastopol,428753,2,0,160,0
2020-05-28,Russia,NA,Sevastopol,428753,1,0,161,0
2020-06-01,Russia,NA,Sevastopol,428753,4,0,165,0
2020-06-02,Russia,NA,Sevastopol,428753,3,0,168,0
2020-06-03,Russia,NA,Sevastopol,428753,2,0,170,0
2020-06-04,Russia,NA,Sevastopol,428753,1,0,171,0
2020-06-05,Russia,NA,Sevastopol,428753,2,0,173,0
2020-06-06,Russia,NA,Sevastopol,428753,1,0,174,0
2020-06-07,Russia,NA,Sevastopol,428753,2,0,176,0
2020-06-08,Russia,NA,Sevastopol,428753,1,0,177,0
2020-06-11,Russia,NA,Sevastopol,428753,1,0,178,0
2020-06-12,Russia,NA,Sevastopol,428753,1,0,179,0
2020-06-13,Russia,NA,Sevastopol,428753,2,0,181,0
2020-06-14,Russia,NA,Sevastopol,428753,4,0,185,0
2020-06-15,Russia,NA,Sevastopol,428753,2,0,187,0
2020-06-17,Russia,NA,Sevastopol,428753,4,0,191,0
2020-06-18,Russia,NA,Sevastopol,428753,4,0,195,0
2020-06-19,Russia,NA,Sevastopol,428753,1,0,196,0
2020-06-20,Russia,NA,Sevastopol,428753,4,0,200,0
2020-06-21,Russia,NA,Sevastopol,428753,6,0,206,0
2020-06-22,Russia,NA,Sevastopol,428753,1,0,207,0
2020-06-23,Russia,NA,Sevastopol,428753,7,0,214,0
2020-06-24,Russia,NA,Sevastopol,428753,1,0,215,0
2020-06-26,Russia,NA,Sevastopol,428753,5,0,220,0
2020-06-27,Russia,NA,Sevastopol,428753,3,0,223,0
2020-06-28,Russia,NA,Sevastopol,428753,5,0,228,0
2020-06-29,Russia,NA,Sevastopol,428753,1,0,229,0
2020-06-30,Russia,NA,Sevastopol,428753,6,0,235,0
2020-07-02,Russia,NA,Sevastopol,428753,1,0,236,0
2020-07-04,Russia,NA,Sevastopol,428753,3,0,239,0
2020-07-05,Russia,NA,Sevastopol,428753,6,0,245,0
2020-07-06,Russia,NA,Sevastopol,428753,4,0,249,0
2020-07-07,Russia,NA,Sevastopol,428753,5,0,254,0
2020-07-09,Russia,NA,Sevastopol,428753,3,0,257,0
2020-07-10,Russia,NA,Sevastopol,428753,1,0,258,0
2020-07-11,Russia,NA,Sevastopol,428753,9,0,267,0
2020-07-12,Russia,NA,Sevastopol,428753,4,0,271,0
2020-07-13,Russia,NA,Sevastopol,428753,10,0,281,0
2020-07-14,Russia,NA,Sevastopol,428753,1,0,282,0
2020-07-15,Russia,NA,Sevastopol,428753,1,0,283,0
2020-07-16,Russia,NA,Sevastopol,428753,2,0,285,0
2020-07-18,Russia,NA,Sevastopol,428753,6,0,291,0
2020-07-19,Russia,NA,Sevastopol,428753,1,0,292,0
2020-07-20,Russia,NA,Sevastopol,428753,13,0,305,0
2020-07-22,Russia,NA,Sevastopol,428753,1,0,306,0
2020-07-24,Russia,NA,Sevastopol,428753,6,0,312,0
2020-07-25,Russia,NA,Sevastopol,428753,20,0,332,0
2020-07-26,Russia,NA,Sevastopol,428753,3,0,335,0
2020-07-27,Russia,NA,Sevastopol,428753,1,0,336,0
2020-07-28,Russia,NA,Sevastopol,428753,3,0,339,0
2020-07-29,Russia,NA,Sevastopol,428753,3,0,342,0
2020-07-30,Russia,NA,Sevastopol,428753,1,0,343,0
2020-07-31,Russia,NA,Sevastopol,428753,1,0,344,0
2020-08-01,Russia,NA,Sevastopol,428753,5,0,349,0
2020-08-02,Russia,NA,Sevastopol,428753,3,0,352,0
2020-04-15,Russia,NA,Smolensk Oblast,949348,51,0,106,0
2020-04-16,Russia,NA,Smolensk Oblast,949348,26,0,132,0
2020-04-17,Russia,NA,Smolensk Oblast,949348,7,0,139,0
2020-04-18,Russia,NA,Smolensk Oblast,949348,13,0,152,0
2020-04-19,Russia,NA,Smolensk Oblast,949348,21,0,173,0
2020-04-20,Russia,NA,Smolensk Oblast,949348,16,0,189,0
2020-04-21,Russia,NA,Smolensk Oblast,949348,19,0,208,0
2020-04-22,Russia,NA,Smolensk Oblast,949348,36,0,244,0
2020-04-23,Russia,NA,Smolensk Oblast,949348,7,0,251,0
2020-04-24,Russia,NA,Smolensk Oblast,949348,11,0,262,0
2020-04-25,Russia,NA,Smolensk Oblast,949348,17,0,279,0
2020-04-26,Russia,NA,Smolensk Oblast,949348,10,0,289,0
2020-04-27,Russia,NA,Smolensk Oblast,949348,35,0,324,0
2020-04-28,Russia,NA,Smolensk Oblast,949348,45,0,369,0
2020-04-29,Russia,NA,Smolensk Oblast,949348,34,0,403,0
2020-04-30,Russia,NA,Smolensk Oblast,949348,26,0,429,0
2020-05-01,Russia,NA,Smolensk Oblast,949348,26,0,455,0
2020-05-02,Russia,NA,Smolensk Oblast,949348,44,0,499,0
2020-05-03,Russia,NA,Smolensk Oblast,949348,9,0,508,0
2020-05-04,Russia,NA,Smolensk Oblast,949348,12,0,520,0
2020-05-05,Russia,NA,Smolensk Oblast,949348,14,0,534,0
2020-05-06,Russia,NA,Smolensk Oblast,949348,1,0,535,0
2020-05-07,Russia,NA,Smolensk Oblast,949348,55,0,590,0
2020-05-08,Russia,NA,Smolensk Oblast,949348,56,0,646,0
2020-05-09,Russia,NA,Smolensk Oblast,949348,22,0,668,0
2020-05-10,Russia,NA,Smolensk Oblast,949348,70,0,738,0
2020-05-11,Russia,NA,Smolensk Oblast,949348,164,0,902,0
2020-05-12,Russia,NA,Smolensk Oblast,949348,9,0,911,0
2020-05-13,Russia,NA,Smolensk Oblast,949348,97,0,1008,0
2020-05-14,Russia,NA,Smolensk Oblast,949348,36,0,1044,0
2020-05-15,Russia,NA,Smolensk Oblast,949348,61,0,1105,0
2020-05-16,Russia,NA,Smolensk Oblast,949348,41,0,1146,0
2020-05-17,Russia,NA,Smolensk Oblast,949348,44,0,1190,0
2020-05-18,Russia,NA,Smolensk Oblast,949348,56,0,1246,0
2020-05-19,Russia,NA,Smolensk Oblast,949348,51,0,1297,0
2020-05-20,Russia,NA,Smolensk Oblast,949348,60,0,1357,0
2020-05-21,Russia,NA,Smolensk Oblast,949348,61,0,1418,0
2020-05-22,Russia,NA,Smolensk Oblast,949348,53,0,1471,0
2020-05-23,Russia,NA,Smolensk Oblast,949348,65,0,1536,0
2020-05-24,Russia,NA,Smolensk Oblast,949348,67,0,1603,0
2020-05-25,Russia,NA,Smolensk Oblast,949348,82,0,1685,0
2020-05-26,Russia,NA,Smolensk Oblast,949348,84,0,1769,0
2020-05-27,Russia,NA,Smolensk Oblast,949348,84,0,1853,0
2020-05-28,Russia,NA,Smolensk Oblast,949348,80,0,1933,0
2020-05-29,Russia,NA,Smolensk Oblast,949348,91,0,2024,0
2020-05-30,Russia,NA,Smolensk Oblast,949348,95,0,2119,0
2020-05-31,Russia,NA,Smolensk Oblast,949348,88,0,2207,0
2020-06-01,Russia,NA,Smolensk Oblast,949348,92,0,2299,0
2020-06-02,Russia,NA,Smolensk Oblast,949348,110,0,2409,0
2020-06-03,Russia,NA,Smolensk Oblast,949348,127,0,2536,0
2020-06-04,Russia,NA,Smolensk Oblast,949348,142,0,2678,0
2020-06-05,Russia,NA,Smolensk Oblast,949348,150,0,2828,0
2020-06-06,Russia,NA,Smolensk Oblast,949348,95,0,2923,0
2020-06-07,Russia,NA,Smolensk Oblast,949348,112,0,3035,0
2020-06-08,Russia,NA,Smolensk Oblast,949348,122,0,3157,0
2020-06-09,Russia,NA,Smolensk Oblast,949348,143,0,3300,0
2020-06-10,Russia,NA,Smolensk Oblast,949348,132,0,3432,0
2020-06-11,Russia,NA,Smolensk Oblast,949348,107,0,3539,0
2020-06-12,Russia,NA,Smolensk Oblast,949348,70,0,3609,0
2020-06-13,Russia,NA,Smolensk Oblast,949348,103,0,3712,0
2020-06-14,Russia,NA,Smolensk Oblast,949348,79,0,3791,0
2020-06-15,Russia,NA,Smolensk Oblast,949348,77,0,3868,0
2020-06-16,Russia,NA,Smolensk Oblast,949348,59,0,3927,0
2020-06-17,Russia,NA,Smolensk Oblast,949348,61,0,3988,0
2020-06-18,Russia,NA,Smolensk Oblast,949348,63,0,4051,0
2020-06-19,Russia,NA,Smolensk Oblast,949348,59,0,4110,0
2020-06-20,Russia,NA,Smolensk Oblast,949348,53,0,4163,0
2020-06-21,Russia,NA,Smolensk Oblast,949348,45,0,4208,0
2020-06-22,Russia,NA,Smolensk Oblast,949348,44,0,4252,0
2020-06-23,Russia,NA,Smolensk Oblast,949348,41,0,4293,0
2020-06-24,Russia,NA,Smolensk Oblast,949348,45,0,4338,0
2020-06-25,Russia,NA,Smolensk Oblast,949348,42,0,4380,0
2020-06-26,Russia,NA,Smolensk Oblast,949348,43,0,4423,0
2020-06-27,Russia,NA,Smolensk Oblast,949348,40,0,4463,0
2020-06-28,Russia,NA,Smolensk Oblast,949348,42,0,4505,0
2020-06-29,Russia,NA,Smolensk Oblast,949348,39,0,4544,0
2020-06-30,Russia,NA,Smolensk Oblast,949348,37,0,4581,0
2020-07-01,Russia,NA,Smolensk Oblast,949348,38,0,4619,0
2020-07-02,Russia,NA,Smolensk Oblast,949348,40,0,4659,0
2020-07-03,Russia,NA,Smolensk Oblast,949348,43,0,4702,0
2020-07-04,Russia,NA,Smolensk Oblast,949348,42,0,4744,0
2020-07-05,Russia,NA,Smolensk Oblast,949348,38,0,4782,0
2020-07-06,Russia,NA,Smolensk Oblast,949348,41,0,4823,0
2020-07-07,Russia,NA,Smolensk Oblast,949348,42,0,4865,0
2020-07-08,Russia,NA,Smolensk Oblast,949348,39,0,4904,0
2020-07-09,Russia,NA,Smolensk Oblast,949348,40,0,4944,0
2020-07-10,Russia,NA,Smolensk Oblast,949348,42,0,4986,0
2020-07-11,Russia,NA,Smolensk Oblast,949348,42,0,5028,0
2020-07-12,Russia,NA,Smolensk Oblast,949348,41,0,5069,0
2020-07-13,Russia,NA,Smolensk Oblast,949348,39,0,5108,0
2020-07-14,Russia,NA,Smolensk Oblast,949348,47,0,5155,0
2020-07-15,Russia,NA,Smolensk Oblast,949348,57,0,5212,0
2020-07-16,Russia,NA,Smolensk Oblast,949348,50,0,5262,0
2020-07-17,Russia,NA,Smolensk Oblast,949348,44,0,5306,0
2020-07-18,Russia,NA,Smolensk Oblast,949348,43,0,5349,0
2020-07-19,Russia,NA,Smolensk Oblast,949348,32,0,5381,0
2020-07-20,Russia,NA,Smolensk Oblast,949348,27,0,5408,0
2020-07-21,Russia,NA,Smolensk Oblast,949348,19,0,5427,0
2020-07-22,Russia,NA,Smolensk Oblast,949348,27,0,5454,0
2020-07-23,Russia,NA,Smolensk Oblast,949348,31,0,5485,0
2020-07-24,Russia,NA,Smolensk Oblast,949348,19,0,5504,0
2020-07-25,Russia,NA,Smolensk Oblast,949348,30,0,5534,0
2020-07-26,Russia,NA,Smolensk Oblast,949348,19,0,5553,0
2020-07-27,Russia,NA,Smolensk Oblast,949348,18,0,5571,0
2020-07-28,Russia,NA,Smolensk Oblast,949348,18,0,5589,0
2020-07-29,Russia,NA,Smolensk Oblast,949348,20,0,5609,0
2020-07-30,Russia,NA,Smolensk Oblast,949348,24,0,5633,0
2020-07-31,Russia,NA,Smolensk Oblast,949348,23,0,5656,0
2020-08-01,Russia,NA,Smolensk Oblast,949348,24,0,5680,0
2020-08-02,Russia,NA,Smolensk Oblast,949348,25,0,5705,101
2020-08-03,Russia,NA,Smolensk Oblast,949348,15,1,5720,102
2020-08-04,Russia,NA,Smolensk Oblast,949348,16,2,5736,104
2020-08-05,Russia,NA,Smolensk Oblast,949348,16,1,5752,105
2020-08-06,Russia,NA,Smolensk Oblast,949348,15,1,5767,106
2020-08-07,Russia,NA,Smolensk Oblast,949348,19,0,5786,106
2020-08-08,Russia,NA,Smolensk Oblast,949348,20,2,5806,108
2020-08-09,Russia,NA,Smolensk Oblast,949348,19,1,5825,109
2020-08-10,Russia,NA,Smolensk Oblast,949348,22,1,5847,110
2020-08-11,Russia,NA,Smolensk Oblast,949348,9,2,5856,112
2020-08-12,Russia,NA,Smolensk Oblast,949348,8,2,5864,114
2020-08-13,Russia,NA,Smolensk Oblast,949348,14,1,5878,115
2020-08-14,Russia,NA,Smolensk Oblast,949348,14,1,5892,116
2020-08-15,Russia,NA,Smolensk Oblast,949348,19,2,5911,118
2020-08-16,Russia,NA,Smolensk Oblast,949348,21,1,5932,119
2020-08-17,Russia,NA,Smolensk Oblast,949348,17,1,5949,120
2020-08-18,Russia,NA,Smolensk Oblast,949348,13,1,5962,121
2020-08-19,Russia,NA,Smolensk Oblast,949348,12,0,5974,121
2020-08-20,Russia,NA,Smolensk Oblast,949348,18,1,5992,122
2020-08-21,Russia,NA,Smolensk Oblast,949348,20,1,6012,123
2020-08-22,Russia,NA,Smolensk Oblast,949348,21,0,6033,123
2020-08-23,Russia,NA,Smolensk Oblast,949348,18,0,6051,123
2020-08-24,Russia,NA,Smolensk Oblast,949348,10,0,6061,123
2020-08-25,Russia,NA,Smolensk Oblast,949348,10,1,6071,124
2020-08-26,Russia,NA,Smolensk Oblast,949348,14,1,6085,125
2020-08-27,Russia,NA,Smolensk Oblast,949348,17,1,6102,126
2020-08-28,Russia,NA,Smolensk Oblast,949348,21,1,6123,127
2020-08-29,Russia,NA,Smolensk Oblast,949348,19,0,6142,127
2020-08-30,Russia,NA,Smolensk Oblast,949348,15,0,6157,127
2020-08-31,Russia,NA,Smolensk Oblast,949348,10,0,6167,127
2020-04-15,Russia,NA,Stavropol Krai,2800674,20,0,115,0
2020-04-16,Russia,NA,Stavropol Krai,2800674,28,0,143,0
2020-04-17,Russia,NA,Stavropol Krai,2800674,12,0,155,0
2020-04-18,Russia,NA,Stavropol Krai,2800674,54,0,209,0
2020-04-19,Russia,NA,Stavropol Krai,2800674,23,0,232,0
2020-04-20,Russia,NA,Stavropol Krai,2800674,12,0,244,0
2020-04-21,Russia,NA,Stavropol Krai,2800674,22,0,266,0
2020-04-22,Russia,NA,Stavropol Krai,2800674,11,0,277,0
2020-04-23,Russia,NA,Stavropol Krai,2800674,55,0,332,0
2020-04-24,Russia,NA,Stavropol Krai,2800674,26,0,358,0
2020-04-25,Russia,NA,Stavropol Krai,2800674,27,0,385,0
2020-04-26,Russia,NA,Stavropol Krai,2800674,36,0,421,0
2020-04-27,Russia,NA,Stavropol Krai,2800674,33,0,454,0
2020-04-28,Russia,NA,Stavropol Krai,2800674,37,0,491,0
2020-04-29,Russia,NA,Stavropol Krai,2800674,28,0,519,0
2020-04-30,Russia,NA,Stavropol Krai,2800674,43,0,562,0
2020-05-01,Russia,NA,Stavropol Krai,2800674,89,0,651,0
2020-05-02,Russia,NA,Stavropol Krai,2800674,25,0,676,0
2020-05-03,Russia,NA,Stavropol Krai,2800674,55,0,731,0
2020-05-04,Russia,NA,Stavropol Krai,2800674,57,0,788,0
2020-05-05,Russia,NA,Stavropol Krai,2800674,36,0,824,0
2020-05-06,Russia,NA,Stavropol Krai,2800674,40,0,864,0
2020-05-07,Russia,NA,Stavropol Krai,2800674,23,0,887,0
2020-05-08,Russia,NA,Stavropol Krai,2800674,56,0,943,0
2020-05-09,Russia,NA,Stavropol Krai,2800674,69,0,1012,0
2020-05-10,Russia,NA,Stavropol Krai,2800674,38,0,1050,0
2020-05-11,Russia,NA,Stavropol Krai,2800674,34,0,1084,0
2020-05-12,Russia,NA,Stavropol Krai,2800674,41,0,1125,0
2020-05-13,Russia,NA,Stavropol Krai,2800674,51,0,1176,0
2020-05-14,Russia,NA,Stavropol Krai,2800674,72,0,1248,0
2020-05-15,Russia,NA,Stavropol Krai,2800674,60,0,1308,0
2020-05-16,Russia,NA,Stavropol Krai,2800674,59,0,1367,0
2020-05-17,Russia,NA,Stavropol Krai,2800674,98,0,1465,0
2020-05-18,Russia,NA,Stavropol Krai,2800674,65,0,1530,0
2020-05-19,Russia,NA,Stavropol Krai,2800674,70,0,1600,0
2020-05-20,Russia,NA,Stavropol Krai,2800674,59,0,1659,0
2020-05-21,Russia,NA,Stavropol Krai,2800674,69,0,1728,0
2020-05-22,Russia,NA,Stavropol Krai,2800674,53,0,1781,0
2020-05-23,Russia,NA,Stavropol Krai,2800674,74,0,1855,0
2020-05-24,Russia,NA,Stavropol Krai,2800674,77,0,1932,0
2020-05-25,Russia,NA,Stavropol Krai,2800674,79,0,2011,0
2020-05-26,Russia,NA,Stavropol Krai,2800674,75,0,2086,0
2020-05-27,Russia,NA,Stavropol Krai,2800674,72,0,2158,0
2020-05-28,Russia,NA,Stavropol Krai,2800674,80,0,2238,0
2020-05-29,Russia,NA,Stavropol Krai,2800674,82,0,2320,0
2020-05-30,Russia,NA,Stavropol Krai,2800674,84,0,2404,0
2020-05-31,Russia,NA,Stavropol Krai,2800674,81,0,2485,0
2020-06-01,Russia,NA,Stavropol Krai,2800674,83,0,2568,0
2020-06-02,Russia,NA,Stavropol Krai,2800674,85,0,2653,0
2020-06-03,Russia,NA,Stavropol Krai,2800674,80,0,2733,0
2020-06-04,Russia,NA,Stavropol Krai,2800674,86,0,2819,0
2020-06-05,Russia,NA,Stavropol Krai,2800674,84,0,2903,0
2020-06-06,Russia,NA,Stavropol Krai,2800674,87,0,2990,0
2020-06-07,Russia,NA,Stavropol Krai,2800674,89,0,3079,0
2020-06-08,Russia,NA,Stavropol Krai,2800674,88,0,3167,0
2020-06-09,Russia,NA,Stavropol Krai,2800674,86,0,3253,0
2020-06-10,Russia,NA,Stavropol Krai,2800674,85,0,3338,0
2020-06-11,Russia,NA,Stavropol Krai,2800674,87,0,3425,0
2020-06-12,Russia,NA,Stavropol Krai,2800674,84,0,3509,0
2020-06-13,Russia,NA,Stavropol Krai,2800674,85,0,3594,0
2020-06-14,Russia,NA,Stavropol Krai,2800674,83,0,3677,0
2020-06-15,Russia,NA,Stavropol Krai,2800674,82,0,3759,0
2020-06-16,Russia,NA,Stavropol Krai,2800674,86,0,3845,0
2020-06-17,Russia,NA,Stavropol Krai,2800674,83,0,3928,0
2020-06-18,Russia,NA,Stavropol Krai,2800674,90,0,4018,0
2020-06-19,Russia,NA,Stavropol Krai,2800674,137,0,4155,0
2020-06-20,Russia,NA,Stavropol Krai,2800674,93,0,4248,0
2020-06-21,Russia,NA,Stavropol Krai,2800674,101,0,4349,0
2020-06-22,Russia,NA,Stavropol Krai,2800674,102,0,4451,0
2020-06-23,Russia,NA,Stavropol Krai,2800674,90,0,4541,0
2020-06-24,Russia,NA,Stavropol Krai,2800674,75,0,4616,0
2020-06-25,Russia,NA,Stavropol Krai,2800674,79,0,4695,0
2020-06-26,Russia,NA,Stavropol Krai,2800674,76,0,4771,0
2020-06-27,Russia,NA,Stavropol Krai,2800674,104,0,4875,0
2020-06-28,Russia,NA,Stavropol Krai,2800674,98,0,4973,0
2020-06-29,Russia,NA,Stavropol Krai,2800674,90,0,5063,0
2020-06-30,Russia,NA,Stavropol Krai,2800674,78,0,5141,0
2020-07-01,Russia,NA,Stavropol Krai,2800674,84,0,5225,0
2020-07-02,Russia,NA,Stavropol Krai,2800674,93,0,5318,0
2020-07-03,Russia,NA,Stavropol Krai,2800674,73,0,5391,0
2020-07-04,Russia,NA,Stavropol Krai,2800674,96,0,5487,0
2020-07-05,Russia,NA,Stavropol Krai,2800674,82,0,5569,0
2020-07-06,Russia,NA,Stavropol Krai,2800674,80,0,5649,0
2020-07-07,Russia,NA,Stavropol Krai,2800674,79,0,5728,0
2020-07-08,Russia,NA,Stavropol Krai,2800674,85,0,5813,0
2020-07-09,Russia,NA,Stavropol Krai,2800674,79,0,5892,0
2020-07-10,Russia,NA,Stavropol Krai,2800674,83,0,5975,0
2020-07-11,Russia,NA,Stavropol Krai,2800674,79,0,6054,0
2020-07-12,Russia,NA,Stavropol Krai,2800674,110,0,6164,0
2020-07-13,Russia,NA,Stavropol Krai,2800674,75,0,6239,0
2020-07-14,Russia,NA,Stavropol Krai,2800674,64,0,6303,0
2020-07-15,Russia,NA,Stavropol Krai,2800674,91,0,6394,0
2020-07-16,Russia,NA,Stavropol Krai,2800674,102,0,6496,0
2020-07-17,Russia,NA,Stavropol Krai,2800674,129,0,6625,0
2020-07-18,Russia,NA,Stavropol Krai,2800674,141,0,6766,0
2020-07-19,Russia,NA,Stavropol Krai,2800674,123,0,6889,0
2020-07-20,Russia,NA,Stavropol Krai,2800674,101,0,6990,0
2020-07-21,Russia,NA,Stavropol Krai,2800674,109,0,7099,0
2020-07-22,Russia,NA,Stavropol Krai,2800674,96,0,7195,0
2020-07-23,Russia,NA,Stavropol Krai,2800674,125,0,7320,0
2020-07-24,Russia,NA,Stavropol Krai,2800674,131,0,7451,0
2020-07-25,Russia,NA,Stavropol Krai,2800674,118,0,7569,0
2020-07-26,Russia,NA,Stavropol Krai,2800674,109,0,7678,0
2020-07-27,Russia,NA,Stavropol Krai,2800674,92,0,7770,0
2020-07-28,Russia,NA,Stavropol Krai,2800674,110,0,7880,0
2020-07-29,Russia,NA,Stavropol Krai,2800674,119,0,7999,0
2020-07-30,Russia,NA,Stavropol Krai,2800674,110,0,8109,0
2020-07-31,Russia,NA,Stavropol Krai,2800674,114,0,8223,0
2020-08-01,Russia,NA,Stavropol Krai,2800674,118,0,8341,0
2020-08-02,Russia,NA,Stavropol Krai,2800674,108,0,8449,161
2020-08-03,Russia,NA,Stavropol Krai,2800674,111,2,8560,163
2020-08-04,Russia,NA,Stavropol Krai,2800674,98,2,8658,165
2020-08-05,Russia,NA,Stavropol Krai,2800674,121,2,8779,167
2020-08-06,Russia,NA,Stavropol Krai,2800674,116,2,8895,169
2020-08-07,Russia,NA,Stavropol Krai,2800674,104,3,8999,172
2020-08-08,Russia,NA,Stavropol Krai,2800674,137,2,9136,174
2020-08-09,Russia,NA,Stavropol Krai,2800674,127,3,9263,177
2020-08-10,Russia,NA,Stavropol Krai,2800674,125,1,9388,178
2020-08-11,Russia,NA,Stavropol Krai,2800674,111,3,9499,181
2020-08-12,Russia,NA,Stavropol Krai,2800674,95,2,9594,183
2020-08-13,Russia,NA,Stavropol Krai,2800674,105,3,9699,186
2020-08-14,Russia,NA,Stavropol Krai,2800674,130,3,9829,189
2020-08-15,Russia,NA,Stavropol Krai,2800674,127,4,9956,193
2020-08-16,Russia,NA,Stavropol Krai,2800674,129,2,10085,195
2020-08-17,Russia,NA,Stavropol Krai,2800674,132,2,10217,197
2020-08-18,Russia,NA,Stavropol Krai,2800674,128,3,10345,200
2020-08-19,Russia,NA,Stavropol Krai,2800674,135,3,10480,203
2020-08-20,Russia,NA,Stavropol Krai,2800674,129,3,10609,206
2020-08-21,Russia,NA,Stavropol Krai,2800674,132,3,10741,209
2020-08-22,Russia,NA,Stavropol Krai,2800674,128,3,10869,212
2020-08-23,Russia,NA,Stavropol Krai,2800674,126,3,10995,215
2020-08-24,Russia,NA,Stavropol Krai,2800674,129,1,11124,216
2020-08-25,Russia,NA,Stavropol Krai,2800674,123,2,11247,218
2020-08-26,Russia,NA,Stavropol Krai,2800674,114,3,11361,221
2020-08-27,Russia,NA,Stavropol Krai,2800674,120,3,11481,224
2020-08-28,Russia,NA,Stavropol Krai,2800674,125,3,11606,227
2020-08-29,Russia,NA,Stavropol Krai,2800674,124,3,11730,230
2020-08-30,Russia,NA,Stavropol Krai,2800674,127,3,11857,233
2020-08-31,Russia,NA,Stavropol Krai,2800674,128,4,11985,237
2020-04-15,Russia,NA,Sverdlovsk Oblast,4325256,12,0,105,0
2020-04-16,Russia,NA,Sverdlovsk Oblast,4325256,6,0,111,0
2020-04-17,Russia,NA,Sverdlovsk Oblast,4325256,4,0,115,0
2020-04-18,Russia,NA,Sverdlovsk Oblast,4325256,11,0,126,0
2020-04-19,Russia,NA,Sverdlovsk Oblast,4325256,15,0,141,0
2020-04-20,Russia,NA,Sverdlovsk Oblast,4325256,8,0,149,0
2020-04-21,Russia,NA,Sverdlovsk Oblast,4325256,84,0,233,0
2020-04-22,Russia,NA,Sverdlovsk Oblast,4325256,10,0,243,0
2020-04-23,Russia,NA,Sverdlovsk Oblast,4325256,28,0,271,0
2020-04-24,Russia,NA,Sverdlovsk Oblast,4325256,33,0,304,0
2020-04-25,Russia,NA,Sverdlovsk Oblast,4325256,33,0,337,0
2020-04-26,Russia,NA,Sverdlovsk Oblast,4325256,58,0,395,0
2020-04-27,Russia,NA,Sverdlovsk Oblast,4325256,59,0,454,0
2020-04-28,Russia,NA,Sverdlovsk Oblast,4325256,85,0,539,0
2020-04-29,Russia,NA,Sverdlovsk Oblast,4325256,90,0,629,0
2020-04-30,Russia,NA,Sverdlovsk Oblast,4325256,74,0,703,0
2020-05-01,Russia,NA,Sverdlovsk Oblast,4325256,232,0,935,0
2020-05-02,Russia,NA,Sverdlovsk Oblast,4325256,81,0,1016,0
2020-05-03,Russia,NA,Sverdlovsk Oblast,4325256,75,0,1091,0
2020-05-04,Russia,NA,Sverdlovsk Oblast,4325256,53,0,1144,0
2020-05-05,Russia,NA,Sverdlovsk Oblast,4325256,133,0,1277,0
2020-05-06,Russia,NA,Sverdlovsk Oblast,4325256,76,0,1353,0
2020-05-07,Russia,NA,Sverdlovsk Oblast,4325256,76,0,1429,0
2020-05-08,Russia,NA,Sverdlovsk Oblast,4325256,155,0,1584,0
2020-05-09,Russia,NA,Sverdlovsk Oblast,4325256,121,0,1705,0
2020-05-10,Russia,NA,Sverdlovsk Oblast,4325256,139,0,1844,0
2020-05-11,Russia,NA,Sverdlovsk Oblast,4325256,108,0,1952,0
2020-05-12,Russia,NA,Sverdlovsk Oblast,4325256,211,0,2163,0
2020-05-13,Russia,NA,Sverdlovsk Oblast,4325256,135,0,2298,0
2020-05-14,Russia,NA,Sverdlovsk Oblast,4325256,64,0,2362,0
2020-05-15,Russia,NA,Sverdlovsk Oblast,4325256,104,0,2466,0
2020-05-16,Russia,NA,Sverdlovsk Oblast,4325256,105,0,2571,0
2020-05-17,Russia,NA,Sverdlovsk Oblast,4325256,160,0,2731,0
2020-05-18,Russia,NA,Sverdlovsk Oblast,4325256,130,0,2861,0
2020-05-19,Russia,NA,Sverdlovsk Oblast,4325256,138,0,2999,0
2020-05-20,Russia,NA,Sverdlovsk Oblast,4325256,135,0,3134,0
2020-05-21,Russia,NA,Sverdlovsk Oblast,4325256,174,0,3308,0
2020-05-22,Russia,NA,Sverdlovsk Oblast,4325256,135,0,3443,0
2020-05-23,Russia,NA,Sverdlovsk Oblast,4325256,171,0,3614,0
2020-05-24,Russia,NA,Sverdlovsk Oblast,4325256,90,0,3704,0
2020-05-25,Russia,NA,Sverdlovsk Oblast,4325256,279,0,3983,0
2020-05-26,Russia,NA,Sverdlovsk Oblast,4325256,207,0,4190,0
2020-05-27,Russia,NA,Sverdlovsk Oblast,4325256,235,0,4425,0
2020-05-28,Russia,NA,Sverdlovsk Oblast,4325256,268,0,4693,0
2020-05-29,Russia,NA,Sverdlovsk Oblast,4325256,230,0,4923,0
2020-05-30,Russia,NA,Sverdlovsk Oblast,4325256,261,0,5184,0
2020-05-31,Russia,NA,Sverdlovsk Oblast,4325256,265,0,5449,0
2020-06-01,Russia,NA,Sverdlovsk Oblast,4325256,283,0,5732,0
2020-06-02,Russia,NA,Sverdlovsk Oblast,4325256,292,0,6024,0
2020-06-03,Russia,NA,Sverdlovsk Oblast,4325256,357,0,6381,0
2020-06-04,Russia,NA,Sverdlovsk Oblast,4325256,298,0,6679,0
2020-06-05,Russia,NA,Sverdlovsk Oblast,4325256,251,0,6930,0
2020-06-06,Russia,NA,Sverdlovsk Oblast,4325256,249,0,7179,0
2020-06-07,Russia,NA,Sverdlovsk Oblast,4325256,240,0,7419,0
2020-06-08,Russia,NA,Sverdlovsk Oblast,4325256,249,0,7668,0
2020-06-09,Russia,NA,Sverdlovsk Oblast,4325256,242,0,7910,0
2020-06-10,Russia,NA,Sverdlovsk Oblast,4325256,284,0,8194,0
2020-06-11,Russia,NA,Sverdlovsk Oblast,4325256,312,0,8506,0
2020-06-12,Russia,NA,Sverdlovsk Oblast,4325256,320,0,8826,0
2020-06-13,Russia,NA,Sverdlovsk Oblast,4325256,245,0,9071,0
2020-06-14,Russia,NA,Sverdlovsk Oblast,4325256,254,0,9325,0
2020-06-15,Russia,NA,Sverdlovsk Oblast,4325256,233,0,9558,0
2020-06-16,Russia,NA,Sverdlovsk Oblast,4325256,231,0,9789,0
2020-06-17,Russia,NA,Sverdlovsk Oblast,4325256,227,0,10016,0
2020-06-18,Russia,NA,Sverdlovsk Oblast,4325256,231,0,10247,0
2020-06-19,Russia,NA,Sverdlovsk Oblast,4325256,254,0,10501,0
2020-06-20,Russia,NA,Sverdlovsk Oblast,4325256,224,0,10725,0
2020-06-21,Russia,NA,Sverdlovsk Oblast,4325256,207,0,10932,0
2020-06-22,Russia,NA,Sverdlovsk Oblast,4325256,197,0,11129,0
2020-06-23,Russia,NA,Sverdlovsk Oblast,4325256,182,0,11311,0
2020-06-24,Russia,NA,Sverdlovsk Oblast,4325256,181,0,11492,0
2020-06-25,Russia,NA,Sverdlovsk Oblast,4325256,192,0,11684,0
2020-06-26,Russia,NA,Sverdlovsk Oblast,4325256,193,0,11877,0
2020-06-27,Russia,NA,Sverdlovsk Oblast,4325256,216,0,12093,0
2020-06-28,Russia,NA,Sverdlovsk Oblast,4325256,209,0,12302,0
2020-06-29,Russia,NA,Sverdlovsk Oblast,4325256,214,0,12516,0
2020-06-30,Russia,NA,Sverdlovsk Oblast,4325256,276,0,12792,0
2020-07-01,Russia,NA,Sverdlovsk Oblast,4325256,256,0,13048,0
2020-07-02,Russia,NA,Sverdlovsk Oblast,4325256,224,0,13272,0
2020-07-03,Russia,NA,Sverdlovsk Oblast,4325256,227,0,13499,0
2020-07-04,Russia,NA,Sverdlovsk Oblast,4325256,268,0,13767,0
2020-07-05,Russia,NA,Sverdlovsk Oblast,4325256,266,0,14033,0
2020-07-06,Russia,NA,Sverdlovsk Oblast,4325256,270,0,14303,0
2020-07-07,Russia,NA,Sverdlovsk Oblast,4325256,226,0,14529,0
2020-07-08,Russia,NA,Sverdlovsk Oblast,4325256,263,0,14792,0
2020-07-09,Russia,NA,Sverdlovsk Oblast,4325256,276,0,15068,0
2020-07-10,Russia,NA,Sverdlovsk Oblast,4325256,275,0,15343,0
2020-07-11,Russia,NA,Sverdlovsk Oblast,4325256,280,0,15623,0
2020-07-12,Russia,NA,Sverdlovsk Oblast,4325256,286,0,15909,0
2020-07-13,Russia,NA,Sverdlovsk Oblast,4325256,218,0,16127,0
2020-07-14,Russia,NA,Sverdlovsk Oblast,4325256,245,0,16372,0
2020-07-15,Russia,NA,Sverdlovsk Oblast,4325256,263,0,16635,0
2020-07-16,Russia,NA,Sverdlovsk Oblast,4325256,349,0,16984,0
2020-07-17,Russia,NA,Sverdlovsk Oblast,4325256,301,0,17285,0
2020-07-18,Russia,NA,Sverdlovsk Oblast,4325256,259,0,17544,0
2020-07-19,Russia,NA,Sverdlovsk Oblast,4325256,245,0,17789,0
2020-07-20,Russia,NA,Sverdlovsk Oblast,4325256,234,0,18023,0
2020-07-21,Russia,NA,Sverdlovsk Oblast,4325256,227,0,18250,0
2020-07-22,Russia,NA,Sverdlovsk Oblast,4325256,234,0,18484,0
2020-07-23,Russia,NA,Sverdlovsk Oblast,4325256,249,0,18733,0
2020-07-24,Russia,NA,Sverdlovsk Oblast,4325256,248,0,18981,0
2020-07-25,Russia,NA,Sverdlovsk Oblast,4325256,251,0,19232,0
2020-07-26,Russia,NA,Sverdlovsk Oblast,4325256,241,0,19473,0
2020-07-27,Russia,NA,Sverdlovsk Oblast,4325256,252,0,19725,0
2020-07-28,Russia,NA,Sverdlovsk Oblast,4325256,209,0,19934,0
2020-07-29,Russia,NA,Sverdlovsk Oblast,4325256,223,0,20157,0
2020-07-30,Russia,NA,Sverdlovsk Oblast,4325256,215,0,20372,0
2020-07-31,Russia,NA,Sverdlovsk Oblast,4325256,210,0,20582,0
2020-08-01,Russia,NA,Sverdlovsk Oblast,4325256,202,0,20784,0
2020-08-02,Russia,NA,Sverdlovsk Oblast,4325256,199,0,20983,281
2020-08-03,Russia,NA,Sverdlovsk Oblast,4325256,196,4,21179,285
2020-08-04,Russia,NA,Sverdlovsk Oblast,4325256,182,9,21361,294
2020-08-05,Russia,NA,Sverdlovsk Oblast,4325256,181,6,21542,300
2020-08-06,Russia,NA,Sverdlovsk Oblast,4325256,183,7,21725,307
2020-08-07,Russia,NA,Sverdlovsk Oblast,4325256,180,8,21905,315
2020-08-08,Russia,NA,Sverdlovsk Oblast,4325256,178,7,22083,322
2020-08-09,Russia,NA,Sverdlovsk Oblast,4325256,184,5,22267,327
2020-08-10,Russia,NA,Sverdlovsk Oblast,4325256,179,10,22446,337
2020-08-11,Russia,NA,Sverdlovsk Oblast,4325256,168,5,22614,342
2020-08-12,Russia,NA,Sverdlovsk Oblast,4325256,167,9,22781,351
2020-08-13,Russia,NA,Sverdlovsk Oblast,4325256,162,7,22943,358
2020-08-14,Russia,NA,Sverdlovsk Oblast,4325256,154,4,23097,362
2020-08-15,Russia,NA,Sverdlovsk Oblast,4325256,158,5,23255,367
2020-08-16,Russia,NA,Sverdlovsk Oblast,4325256,150,2,23405,369
2020-08-17,Russia,NA,Sverdlovsk Oblast,4325256,141,5,23546,374
2020-08-18,Russia,NA,Sverdlovsk Oblast,4325256,149,2,23695,376
2020-08-19,Russia,NA,Sverdlovsk Oblast,4325256,147,6,23842,382
2020-08-20,Russia,NA,Sverdlovsk Oblast,4325256,139,6,23981,388
2020-08-21,Russia,NA,Sverdlovsk Oblast,4325256,124,8,24105,396
2020-08-22,Russia,NA,Sverdlovsk Oblast,4325256,121,7,24226,403
2020-08-23,Russia,NA,Sverdlovsk Oblast,4325256,129,0,24355,403
2020-08-24,Russia,NA,Sverdlovsk Oblast,4325256,127,6,24482,409
2020-08-25,Russia,NA,Sverdlovsk Oblast,4325256,116,11,24598,420
2020-08-26,Russia,NA,Sverdlovsk Oblast,4325256,122,12,24720,432
2020-08-27,Russia,NA,Sverdlovsk Oblast,4325256,119,3,24839,435
2020-08-28,Russia,NA,Sverdlovsk Oblast,4325256,121,6,24960,441
2020-08-29,Russia,NA,Sverdlovsk Oblast,4325256,116,7,25076,448
2020-08-30,Russia,NA,Sverdlovsk Oblast,4325256,120,0,25196,448
2020-08-31,Russia,NA,Sverdlovsk Oblast,4325256,119,2,25315,450
2020-04-16,Russia,NA,Tambov Oblast,1033552,50,0,133,0
2020-04-18,Russia,NA,Tambov Oblast,1033552,32,0,165,0
2020-04-19,Russia,NA,Tambov Oblast,1033552,22,0,187,0
2020-04-20,Russia,NA,Tambov Oblast,1033552,22,0,209,0
2020-04-21,Russia,NA,Tambov Oblast,1033552,13,0,222,0
2020-04-22,Russia,NA,Tambov Oblast,1033552,18,0,240,0
2020-04-23,Russia,NA,Tambov Oblast,1033552,23,0,263,0
2020-04-24,Russia,NA,Tambov Oblast,1033552,35,0,298,0
2020-04-25,Russia,NA,Tambov Oblast,1033552,45,0,343,0
2020-04-26,Russia,NA,Tambov Oblast,1033552,56,0,399,0
2020-04-27,Russia,NA,Tambov Oblast,1033552,61,0,460,0
2020-04-28,Russia,NA,Tambov Oblast,1033552,33,0,493,0
2020-04-29,Russia,NA,Tambov Oblast,1033552,44,0,537,0
2020-04-30,Russia,NA,Tambov Oblast,1033552,75,0,612,0
2020-05-01,Russia,NA,Tambov Oblast,1033552,63,0,675,0
2020-05-02,Russia,NA,Tambov Oblast,1033552,54,0,729,0
2020-05-03,Russia,NA,Tambov Oblast,1033552,60,0,789,0
2020-05-04,Russia,NA,Tambov Oblast,1033552,53,0,842,0
2020-05-05,Russia,NA,Tambov Oblast,1033552,67,0,909,0
2020-05-06,Russia,NA,Tambov Oblast,1033552,62,0,971,0
2020-05-07,Russia,NA,Tambov Oblast,1033552,75,0,1046,0
2020-05-08,Russia,NA,Tambov Oblast,1033552,85,0,1131,0
2020-05-09,Russia,NA,Tambov Oblast,1033552,90,0,1221,0
2020-05-10,Russia,NA,Tambov Oblast,1033552,91,0,1312,0
2020-05-11,Russia,NA,Tambov Oblast,1033552,91,0,1403,0
2020-05-12,Russia,NA,Tambov Oblast,1033552,80,0,1483,0
2020-05-13,Russia,NA,Tambov Oblast,1033552,85,0,1568,0
2020-05-14,Russia,NA,Tambov Oblast,1033552,86,0,1654,0
2020-05-15,Russia,NA,Tambov Oblast,1033552,83,0,1737,0
2020-05-16,Russia,NA,Tambov Oblast,1033552,82,0,1819,0
2020-05-17,Russia,NA,Tambov Oblast,1033552,83,0,1902,0
2020-05-18,Russia,NA,Tambov Oblast,1033552,82,0,1984,0
2020-05-19,Russia,NA,Tambov Oblast,1033552,85,0,2069,0
2020-05-20,Russia,NA,Tambov Oblast,1033552,85,0,2154,0
2020-05-21,Russia,NA,Tambov Oblast,1033552,84,0,2238,0
2020-05-22,Russia,NA,Tambov Oblast,1033552,83,0,2321,0
2020-05-23,Russia,NA,Tambov Oblast,1033552,79,0,2400,0
2020-05-24,Russia,NA,Tambov Oblast,1033552,75,0,2475,0
2020-05-25,Russia,NA,Tambov Oblast,1033552,72,0,2547,0
2020-05-26,Russia,NA,Tambov Oblast,1033552,75,0,2622,0
2020-05-27,Russia,NA,Tambov Oblast,1033552,77,0,2699,0
2020-05-28,Russia,NA,Tambov Oblast,1033552,73,0,2772,0
2020-05-29,Russia,NA,Tambov Oblast,1033552,73,0,2845,0
2020-05-30,Russia,NA,Tambov Oblast,1033552,71,0,2916,0
2020-05-31,Russia,NA,Tambov Oblast,1033552,67,0,2983,0
2020-06-01,Russia,NA,Tambov Oblast,1033552,64,0,3047,0
2020-06-02,Russia,NA,Tambov Oblast,1033552,63,0,3110,0
2020-06-03,Russia,NA,Tambov Oblast,1033552,65,0,3175,0
2020-06-04,Russia,NA,Tambov Oblast,1033552,67,0,3242,0
2020-06-05,Russia,NA,Tambov Oblast,1033552,65,0,3307,0
2020-06-06,Russia,NA,Tambov Oblast,1033552,64,0,3371,0
2020-06-07,Russia,NA,Tambov Oblast,1033552,68,0,3439,0
2020-06-08,Russia,NA,Tambov Oblast,1033552,65,0,3504,0
2020-06-09,Russia,NA,Tambov Oblast,1033552,65,0,3569,0
2020-06-10,Russia,NA,Tambov Oblast,1033552,67,0,3636,0
2020-06-11,Russia,NA,Tambov Oblast,1033552,68,0,3704,0
2020-06-12,Russia,NA,Tambov Oblast,1033552,66,0,3770,0
2020-06-13,Russia,NA,Tambov Oblast,1033552,64,0,3834,0
2020-06-14,Russia,NA,Tambov Oblast,1033552,63,0,3897,0
2020-06-15,Russia,NA,Tambov Oblast,1033552,65,0,3962,0
2020-06-16,Russia,NA,Tambov Oblast,1033552,64,0,4026,0
2020-06-17,Russia,NA,Tambov Oblast,1033552,62,0,4088,0
2020-06-18,Russia,NA,Tambov Oblast,1033552,64,0,4152,0
2020-06-19,Russia,NA,Tambov Oblast,1033552,58,0,4210,0
2020-06-20,Russia,NA,Tambov Oblast,1033552,55,0,4265,0
2020-06-21,Russia,NA,Tambov Oblast,1033552,53,0,4318,0
2020-06-22,Russia,NA,Tambov Oblast,1033552,50,0,4368,0
2020-06-23,Russia,NA,Tambov Oblast,1033552,45,0,4413,0
2020-06-24,Russia,NA,Tambov Oblast,1033552,44,0,4457,0
2020-06-25,Russia,NA,Tambov Oblast,1033552,46,0,4503,0
2020-06-26,Russia,NA,Tambov Oblast,1033552,45,0,4548,0
2020-06-27,Russia,NA,Tambov Oblast,1033552,44,0,4592,0
2020-06-28,Russia,NA,Tambov Oblast,1033552,45,0,4637,0
2020-06-29,Russia,NA,Tambov Oblast,1033552,44,0,4681,0
2020-06-30,Russia,NA,Tambov Oblast,1033552,46,0,4727,0
2020-07-01,Russia,NA,Tambov Oblast,1033552,45,0,4772,0
2020-07-02,Russia,NA,Tambov Oblast,1033552,44,0,4816,0
2020-07-03,Russia,NA,Tambov Oblast,1033552,43,0,4859,0
2020-07-04,Russia,NA,Tambov Oblast,1033552,42,0,4901,0
2020-07-05,Russia,NA,Tambov Oblast,1033552,43,0,4944,0
2020-07-06,Russia,NA,Tambov Oblast,1033552,44,0,4988,0
2020-07-07,Russia,NA,Tambov Oblast,1033552,42,0,5030,0
2020-07-08,Russia,NA,Tambov Oblast,1033552,43,0,5073,0
2020-07-09,Russia,NA,Tambov Oblast,1033552,41,0,5114,0
2020-07-10,Russia,NA,Tambov Oblast,1033552,43,0,5157,0
2020-07-11,Russia,NA,Tambov Oblast,1033552,42,0,5199,0
2020-07-12,Russia,NA,Tambov Oblast,1033552,40,0,5239,0
2020-07-13,Russia,NA,Tambov Oblast,1033552,41,0,5280,0
2020-07-14,Russia,NA,Tambov Oblast,1033552,40,0,5320,0
2020-07-15,Russia,NA,Tambov Oblast,1033552,41,0,5361,0
2020-07-16,Russia,NA,Tambov Oblast,1033552,40,0,5401,0
2020-07-17,Russia,NA,Tambov Oblast,1033552,42,0,5443,0
2020-07-18,Russia,NA,Tambov Oblast,1033552,41,0,5484,0
2020-07-19,Russia,NA,Tambov Oblast,1033552,40,0,5524,0
2020-07-20,Russia,NA,Tambov Oblast,1033552,42,0,5566,0
2020-07-21,Russia,NA,Tambov Oblast,1033552,41,0,5607,0
2020-07-22,Russia,NA,Tambov Oblast,1033552,42,0,5649,0
2020-07-23,Russia,NA,Tambov Oblast,1033552,40,0,5689,0
2020-07-24,Russia,NA,Tambov Oblast,1033552,39,0,5728,0
2020-07-25,Russia,NA,Tambov Oblast,1033552,38,0,5766,0
2020-07-26,Russia,NA,Tambov Oblast,1033552,39,0,5805,0
2020-07-27,Russia,NA,Tambov Oblast,1033552,37,0,5842,0
2020-07-28,Russia,NA,Tambov Oblast,1033552,36,0,5878,0
2020-07-29,Russia,NA,Tambov Oblast,1033552,48,0,5926,0
2020-07-30,Russia,NA,Tambov Oblast,1033552,33,0,5959,0
2020-07-31,Russia,NA,Tambov Oblast,1033552,31,0,5990,0
2020-08-01,Russia,NA,Tambov Oblast,1033552,29,0,6019,0
2020-08-02,Russia,NA,Tambov Oblast,1033552,28,0,6047,30
2020-08-03,Russia,NA,Tambov Oblast,1033552,28,0,6075,30
2020-08-04,Russia,NA,Tambov Oblast,1033552,28,0,6103,30
2020-08-05,Russia,NA,Tambov Oblast,1033552,27,6,6130,36
2020-08-06,Russia,NA,Tambov Oblast,1033552,27,0,6157,36
2020-08-07,Russia,NA,Tambov Oblast,1033552,27,0,6184,36
2020-08-08,Russia,NA,Tambov Oblast,1033552,26,1,6210,37
2020-08-09,Russia,NA,Tambov Oblast,1033552,26,0,6236,37
2020-08-10,Russia,NA,Tambov Oblast,1033552,25,0,6261,37
2020-08-11,Russia,NA,Tambov Oblast,1033552,25,0,6286,37
2020-08-12,Russia,NA,Tambov Oblast,1033552,25,6,6311,43
2020-08-13,Russia,NA,Tambov Oblast,1033552,25,1,6336,44
2020-08-14,Russia,NA,Tambov Oblast,1033552,24,0,6360,44
2020-08-15,Russia,NA,Tambov Oblast,1033552,24,0,6384,44
2020-08-16,Russia,NA,Tambov Oblast,1033552,24,0,6408,44
2020-08-17,Russia,NA,Tambov Oblast,1033552,24,0,6432,44
2020-08-18,Russia,NA,Tambov Oblast,1033552,23,0,6455,44
2020-08-19,Russia,NA,Tambov Oblast,1033552,22,0,6477,44
2020-08-20,Russia,NA,Tambov Oblast,1033552,22,0,6499,44
2020-08-21,Russia,NA,Tambov Oblast,1033552,22,0,6521,44
2020-08-22,Russia,NA,Tambov Oblast,1033552,22,0,6543,44
2020-08-23,Russia,NA,Tambov Oblast,1033552,22,0,6565,44
2020-08-24,Russia,NA,Tambov Oblast,1033552,22,0,6587,44
2020-08-25,Russia,NA,Tambov Oblast,1033552,23,0,6610,44
2020-08-26,Russia,NA,Tambov Oblast,1033552,23,1,6633,45
2020-08-27,Russia,NA,Tambov Oblast,1033552,22,0,6655,45
2020-08-28,Russia,NA,Tambov Oblast,1033552,23,0,6678,45
2020-08-29,Russia,NA,Tambov Oblast,1033552,23,0,6701,45
2020-08-30,Russia,NA,Tambov Oblast,1033552,25,0,6726,45
2020-08-31,Russia,NA,Tambov Oblast,1033552,25,0,6751,45
2020-04-14,Russia,NA,Tatarstan,3894284,23,0,107,0
2020-04-16,Russia,NA,Tatarstan,3894284,21,0,128,0
2020-04-17,Russia,NA,Tatarstan,3894284,16,0,144,0
2020-04-18,Russia,NA,Tatarstan,3894284,16,0,160,0
2020-04-19,Russia,NA,Tatarstan,3894284,31,0,191,0
2020-04-20,Russia,NA,Tatarstan,3894284,39,0,230,0
2020-04-21,Russia,NA,Tatarstan,3894284,50,0,280,0
2020-04-22,Russia,NA,Tatarstan,3894284,75,0,355,0
2020-04-23,Russia,NA,Tatarstan,3894284,57,0,412,0
2020-04-24,Russia,NA,Tatarstan,3894284,14,0,426,0
2020-04-25,Russia,NA,Tatarstan,3894284,65,0,491,0
2020-04-26,Russia,NA,Tatarstan,3894284,71,0,562,0
2020-04-27,Russia,NA,Tatarstan,3894284,70,0,632,0
2020-04-28,Russia,NA,Tatarstan,3894284,65,0,697,0
2020-04-29,Russia,NA,Tatarstan,3894284,55,0,752,0
2020-04-30,Russia,NA,Tatarstan,3894284,71,0,823,0
2020-05-01,Russia,NA,Tatarstan,3894284,71,0,894,0
2020-05-02,Russia,NA,Tatarstan,3894284,66,0,960,0
2020-05-03,Russia,NA,Tatarstan,3894284,71,0,1031,0
2020-05-04,Russia,NA,Tatarstan,3894284,86,0,1117,0
2020-05-05,Russia,NA,Tatarstan,3894284,91,0,1208,0
2020-05-06,Russia,NA,Tatarstan,3894284,102,0,1310,0
2020-05-07,Russia,NA,Tatarstan,3894284,105,0,1415,0
2020-05-08,Russia,NA,Tatarstan,3894284,83,0,1498,0
2020-05-09,Russia,NA,Tatarstan,3894284,88,0,1586,0
2020-05-10,Russia,NA,Tatarstan,3894284,85,0,1671,0
2020-05-11,Russia,NA,Tatarstan,3894284,90,0,1761,0
2020-05-12,Russia,NA,Tatarstan,3894284,71,0,1832,0
2020-05-13,Russia,NA,Tatarstan,3894284,87,0,1919,0
2020-05-14,Russia,NA,Tatarstan,3894284,61,0,1980,0
2020-05-15,Russia,NA,Tatarstan,3894284,84,0,2064,0
2020-05-16,Russia,NA,Tatarstan,3894284,84,0,2148,0
2020-05-17,Russia,NA,Tatarstan,3894284,84,0,2232,0
2020-05-18,Russia,NA,Tatarstan,3894284,80,0,2312,0
2020-05-19,Russia,NA,Tatarstan,3894284,88,0,2400,0
2020-05-20,Russia,NA,Tatarstan,3894284,75,0,2475,0
2020-05-21,Russia,NA,Tatarstan,3894284,71,0,2546,0
2020-05-22,Russia,NA,Tatarstan,3894284,75,0,2621,0
2020-05-23,Russia,NA,Tatarstan,3894284,76,0,2697,0
2020-05-24,Russia,NA,Tatarstan,3894284,90,0,2787,0
2020-05-25,Russia,NA,Tatarstan,3894284,62,0,2849,0
2020-05-26,Russia,NA,Tatarstan,3894284,63,0,2912,0
2020-05-27,Russia,NA,Tatarstan,3894284,54,0,2966,0
2020-05-28,Russia,NA,Tatarstan,3894284,60,0,3026,0
2020-05-29,Russia,NA,Tatarstan,3894284,53,0,3079,0
2020-05-30,Russia,NA,Tatarstan,3894284,63,0,3142,0
2020-05-31,Russia,NA,Tatarstan,3894284,52,0,3194,0
2020-06-01,Russia,NA,Tatarstan,3894284,50,0,3244,0
2020-06-02,Russia,NA,Tatarstan,3894284,53,0,3297,0
2020-06-03,Russia,NA,Tatarstan,3894284,54,0,3351,0
2020-06-04,Russia,NA,Tatarstan,3894284,51,0,3402,0
2020-06-05,Russia,NA,Tatarstan,3894284,50,0,3452,0
2020-06-06,Russia,NA,Tatarstan,3894284,52,0,3504,0
2020-06-07,Russia,NA,Tatarstan,3894284,54,0,3558,0
2020-06-08,Russia,NA,Tatarstan,3894284,53,0,3611,0
2020-06-09,Russia,NA,Tatarstan,3894284,54,0,3665,0
2020-06-10,Russia,NA,Tatarstan,3894284,55,0,3720,0
2020-06-11,Russia,NA,Tatarstan,3894284,54,0,3774,0
2020-06-12,Russia,NA,Tatarstan,3894284,49,0,3823,0
2020-06-13,Russia,NA,Tatarstan,3894284,45,0,3868,0
2020-06-14,Russia,NA,Tatarstan,3894284,46,0,3914,0
2020-06-15,Russia,NA,Tatarstan,3894284,44,0,3958,0
2020-06-16,Russia,NA,Tatarstan,3894284,43,0,4001,0
2020-06-17,Russia,NA,Tatarstan,3894284,39,0,4040,0
2020-06-18,Russia,NA,Tatarstan,3894284,38,0,4078,0
2020-06-19,Russia,NA,Tatarstan,3894284,36,0,4114,0
2020-06-20,Russia,NA,Tatarstan,3894284,38,0,4152,0
2020-06-21,Russia,NA,Tatarstan,3894284,40,0,4192,0
2020-06-22,Russia,NA,Tatarstan,3894284,39,0,4231,0
2020-06-23,Russia,NA,Tatarstan,3894284,40,0,4271,0
2020-06-24,Russia,NA,Tatarstan,3894284,39,0,4310,0
2020-06-25,Russia,NA,Tatarstan,3894284,40,0,4350,0
2020-06-26,Russia,NA,Tatarstan,3894284,40,0,4390,0
2020-06-27,Russia,NA,Tatarstan,3894284,41,0,4431,0
2020-06-28,Russia,NA,Tatarstan,3894284,41,0,4472,0
2020-06-29,Russia,NA,Tatarstan,3894284,42,0,4514,0
2020-06-30,Russia,NA,Tatarstan,3894284,41,0,4555,0
2020-07-01,Russia,NA,Tatarstan,3894284,40,0,4595,0
2020-07-02,Russia,NA,Tatarstan,3894284,39,0,4634,0
2020-07-03,Russia,NA,Tatarstan,3894284,39,0,4673,0
2020-07-04,Russia,NA,Tatarstan,3894284,38,0,4711,0
2020-07-05,Russia,NA,Tatarstan,3894284,38,0,4749,0
2020-07-06,Russia,NA,Tatarstan,3894284,38,0,4787,0
2020-07-07,Russia,NA,Tatarstan,3894284,36,0,4823,0
2020-07-08,Russia,NA,Tatarstan,3894284,35,0,4858,0
2020-07-09,Russia,NA,Tatarstan,3894284,35,0,4893,0
2020-07-10,Russia,NA,Tatarstan,3894284,36,0,4929,0
2020-07-11,Russia,NA,Tatarstan,3894284,35,0,4964,0
2020-07-12,Russia,NA,Tatarstan,3894284,33,0,4997,0
2020-07-13,Russia,NA,Tatarstan,3894284,32,0,5029,0
2020-07-14,Russia,NA,Tatarstan,3894284,32,0,5061,0
2020-07-15,Russia,NA,Tatarstan,3894284,32,0,5093,0
2020-07-16,Russia,NA,Tatarstan,3894284,33,0,5126,0
2020-07-17,Russia,NA,Tatarstan,3894284,31,0,5157,0
2020-07-18,Russia,NA,Tatarstan,3894284,29,0,5186,0
2020-07-19,Russia,NA,Tatarstan,3894284,29,0,5215,0
2020-07-20,Russia,NA,Tatarstan,3894284,33,0,5248,0
2020-07-21,Russia,NA,Tatarstan,3894284,30,0,5278,0
2020-07-22,Russia,NA,Tatarstan,3894284,31,0,5309,0
2020-07-23,Russia,NA,Tatarstan,3894284,32,0,5341,0
2020-07-24,Russia,NA,Tatarstan,3894284,31,0,5372,0
2020-07-25,Russia,NA,Tatarstan,3894284,32,0,5404,0
2020-07-26,Russia,NA,Tatarstan,3894284,32,0,5436,0
2020-07-27,Russia,NA,Tatarstan,3894284,33,0,5469,0
2020-07-28,Russia,NA,Tatarstan,3894284,32,0,5501,0
2020-07-29,Russia,NA,Tatarstan,3894284,33,0,5534,0
2020-07-30,Russia,NA,Tatarstan,3894284,35,0,5569,0
2020-07-31,Russia,NA,Tatarstan,3894284,33,0,5602,0
2020-08-01,Russia,NA,Tatarstan,3894284,31,0,5633,0
2020-08-02,Russia,NA,Tatarstan,3894284,31,0,5664,0
2020-05-02,Russia,NA,Tomsk Oblast,1078280,5,0,102,0
2020-05-03,Russia,NA,Tomsk Oblast,1078280,17,0,119,0
2020-05-04,Russia,NA,Tomsk Oblast,1078280,9,0,128,0
2020-05-05,Russia,NA,Tomsk Oblast,1078280,19,0,147,0
2020-05-06,Russia,NA,Tomsk Oblast,1078280,13,0,160,0
2020-05-07,Russia,NA,Tomsk Oblast,1078280,2,0,162,0
2020-05-08,Russia,NA,Tomsk Oblast,1078280,14,0,176,0
2020-05-09,Russia,NA,Tomsk Oblast,1078280,15,0,191,0
2020-05-10,Russia,NA,Tomsk Oblast,1078280,19,0,210,0
2020-05-11,Russia,NA,Tomsk Oblast,1078280,69,0,279,0
2020-05-12,Russia,NA,Tomsk Oblast,1078280,15,0,294,0
2020-05-13,Russia,NA,Tomsk Oblast,1078280,17,0,311,0
2020-05-14,Russia,NA,Tomsk Oblast,1078280,9,0,320,0
2020-05-15,Russia,NA,Tomsk Oblast,1078280,9,0,329,0
2020-05-16,Russia,NA,Tomsk Oblast,1078280,14,0,343,0
2020-05-17,Russia,NA,Tomsk Oblast,1078280,20,0,363,0
2020-05-18,Russia,NA,Tomsk Oblast,1078280,18,0,381,0
2020-05-19,Russia,NA,Tomsk Oblast,1078280,16,0,397,0
2020-05-20,Russia,NA,Tomsk Oblast,1078280,12,0,409,0
2020-05-21,Russia,NA,Tomsk Oblast,1078280,20,0,429,0
2020-05-22,Russia,NA,Tomsk Oblast,1078280,21,0,450,0
2020-05-23,Russia,NA,Tomsk Oblast,1078280,29,0,479,0
2020-05-24,Russia,NA,Tomsk Oblast,1078280,28,0,507,0
2020-05-25,Russia,NA,Tomsk Oblast,1078280,29,0,536,0
2020-05-26,Russia,NA,Tomsk Oblast,1078280,28,0,564,0
2020-05-27,Russia,NA,Tomsk Oblast,1078280,31,0,595,0
2020-05-28,Russia,NA,Tomsk Oblast,1078280,27,0,622,0
2020-05-29,Russia,NA,Tomsk Oblast,1078280,23,0,645,0
2020-05-30,Russia,NA,Tomsk Oblast,1078280,22,0,667,0
2020-05-31,Russia,NA,Tomsk Oblast,1078280,21,0,688,0
2020-06-01,Russia,NA,Tomsk Oblast,1078280,28,0,716,0
2020-06-02,Russia,NA,Tomsk Oblast,1078280,23,0,739,0
2020-06-03,Russia,NA,Tomsk Oblast,1078280,26,0,765,0
2020-06-04,Russia,NA,Tomsk Oblast,1078280,32,0,797,0
2020-06-05,Russia,NA,Tomsk Oblast,1078280,35,0,832,0
2020-06-06,Russia,NA,Tomsk Oblast,1078280,36,0,868,0
2020-06-07,Russia,NA,Tomsk Oblast,1078280,54,0,922,0
2020-06-08,Russia,NA,Tomsk Oblast,1078280,49,0,971,0
2020-06-09,Russia,NA,Tomsk Oblast,1078280,47,0,1018,0
2020-06-10,Russia,NA,Tomsk Oblast,1078280,48,0,1066,0
2020-06-11,Russia,NA,Tomsk Oblast,1078280,50,0,1116,0
2020-06-12,Russia,NA,Tomsk Oblast,1078280,51,0,1167,0
2020-06-13,Russia,NA,Tomsk Oblast,1078280,48,0,1215,0
2020-06-14,Russia,NA,Tomsk Oblast,1078280,53,0,1268,0
2020-06-15,Russia,NA,Tomsk Oblast,1078280,46,0,1314,0
2020-06-16,Russia,NA,Tomsk Oblast,1078280,56,0,1370,0
2020-06-17,Russia,NA,Tomsk Oblast,1078280,56,0,1426,0
2020-06-18,Russia,NA,Tomsk Oblast,1078280,89,0,1515,0
2020-06-19,Russia,NA,Tomsk Oblast,1078280,83,0,1598,0
2020-06-20,Russia,NA,Tomsk Oblast,1078280,69,0,1667,0
2020-06-21,Russia,NA,Tomsk Oblast,1078280,58,0,1725,0
2020-06-22,Russia,NA,Tomsk Oblast,1078280,60,0,1785,0
2020-06-23,Russia,NA,Tomsk Oblast,1078280,61,0,1846,0
2020-06-24,Russia,NA,Tomsk Oblast,1078280,63,0,1909,0
2020-06-25,Russia,NA,Tomsk Oblast,1078280,59,0,1968,0
2020-06-26,Russia,NA,Tomsk Oblast,1078280,63,0,2031,0
2020-06-27,Russia,NA,Tomsk Oblast,1078280,58,0,2089,0
2020-06-28,Russia,NA,Tomsk Oblast,1078280,55,0,2144,0
2020-06-29,Russia,NA,Tomsk Oblast,1078280,53,0,2197,0
2020-06-30,Russia,NA,Tomsk Oblast,1078280,57,0,2254,0
2020-07-01,Russia,NA,Tomsk Oblast,1078280,53,0,2307,0
2020-07-02,Russia,NA,Tomsk Oblast,1078280,57,0,2364,0
2020-07-03,Russia,NA,Tomsk Oblast,1078280,53,0,2417,0
2020-07-04,Russia,NA,Tomsk Oblast,1078280,63,0,2480,0
2020-07-05,Russia,NA,Tomsk Oblast,1078280,77,0,2557,0
2020-07-06,Russia,NA,Tomsk Oblast,1078280,51,0,2608,0
2020-07-07,Russia,NA,Tomsk Oblast,1078280,53,0,2661,0
2020-07-08,Russia,NA,Tomsk Oblast,1078280,56,0,2717,0
2020-07-09,Russia,NA,Tomsk Oblast,1078280,54,0,2771,0
2020-07-10,Russia,NA,Tomsk Oblast,1078280,75,0,2846,0
2020-07-11,Russia,NA,Tomsk Oblast,1078280,69,0,2915,0
2020-07-12,Russia,NA,Tomsk Oblast,1078280,59,0,2974,0
2020-07-13,Russia,NA,Tomsk Oblast,1078280,67,0,3041,0
2020-07-14,Russia,NA,Tomsk Oblast,1078280,71,0,3112,0
2020-07-15,Russia,NA,Tomsk Oblast,1078280,61,0,3173,0
2020-07-16,Russia,NA,Tomsk Oblast,1078280,89,0,3262,0
2020-07-17,Russia,NA,Tomsk Oblast,1078280,52,0,3314,0
2020-07-18,Russia,NA,Tomsk Oblast,1078280,61,0,3375,0
2020-07-19,Russia,NA,Tomsk Oblast,1078280,60,0,3435,0
2020-07-20,Russia,NA,Tomsk Oblast,1078280,58,0,3493,0
2020-07-21,Russia,NA,Tomsk Oblast,1078280,115,0,3608,0
2020-07-22,Russia,NA,Tomsk Oblast,1078280,53,0,3661,0
2020-07-23,Russia,NA,Tomsk Oblast,1078280,56,0,3717,0
2020-07-24,Russia,NA,Tomsk Oblast,1078280,49,0,3766,0
2020-07-25,Russia,NA,Tomsk Oblast,1078280,55,0,3821,0
2020-07-26,Russia,NA,Tomsk Oblast,1078280,51,0,3872,0
2020-07-27,Russia,NA,Tomsk Oblast,1078280,54,0,3926,0
2020-07-28,Russia,NA,Tomsk Oblast,1078280,53,0,3979,0
2020-07-29,Russia,NA,Tomsk Oblast,1078280,61,0,4040,0
2020-07-30,Russia,NA,Tomsk Oblast,1078280,51,0,4091,0
2020-07-31,Russia,NA,Tomsk Oblast,1078280,59,0,4150,0
2020-08-01,Russia,NA,Tomsk Oblast,1078280,60,0,4210,0
2020-08-02,Russia,NA,Tomsk Oblast,1078280,51,0,4261,38
2020-08-03,Russia,NA,Tomsk Oblast,1078280,49,0,4310,38
2020-08-04,Russia,NA,Tomsk Oblast,1078280,48,2,4358,40
2020-08-05,Russia,NA,Tomsk Oblast,1078280,53,0,4411,40
2020-08-06,Russia,NA,Tomsk Oblast,1078280,60,2,4471,42
2020-08-07,Russia,NA,Tomsk Oblast,1078280,54,1,4525,43
2020-08-08,Russia,NA,Tomsk Oblast,1078280,51,0,4576,43
2020-08-09,Russia,NA,Tomsk Oblast,1078280,50,2,4626,45
2020-08-10,Russia,NA,Tomsk Oblast,1078280,56,0,4682,45
2020-08-11,Russia,NA,Tomsk Oblast,1078280,56,3,4738,48
2020-08-12,Russia,NA,Tomsk Oblast,1078280,54,0,4792,48
2020-08-13,Russia,NA,Tomsk Oblast,1078280,48,1,4840,49
2020-08-14,Russia,NA,Tomsk Oblast,1078280,45,2,4885,51
2020-08-15,Russia,NA,Tomsk Oblast,1078280,51,0,4936,51
2020-08-16,Russia,NA,Tomsk Oblast,1078280,43,1,4979,52
2020-08-17,Russia,NA,Tomsk Oblast,1078280,45,2,5024,54
2020-08-18,Russia,NA,Tomsk Oblast,1078280,44,0,5068,54
2020-08-19,Russia,NA,Tomsk Oblast,1078280,42,0,5110,54
2020-08-20,Russia,NA,Tomsk Oblast,1078280,40,3,5150,57
2020-08-21,Russia,NA,Tomsk Oblast,1078280,41,0,5191,57
2020-08-22,Russia,NA,Tomsk Oblast,1078280,51,2,5242,59
2020-08-23,Russia,NA,Tomsk Oblast,1078280,45,0,5287,59
2020-08-24,Russia,NA,Tomsk Oblast,1078280,44,0,5331,59
2020-08-25,Russia,NA,Tomsk Oblast,1078280,40,3,5371,62
2020-08-26,Russia,NA,Tomsk Oblast,1078280,38,0,5409,62
2020-08-27,Russia,NA,Tomsk Oblast,1078280,43,2,5452,64
2020-08-28,Russia,NA,Tomsk Oblast,1078280,42,1,5494,65
2020-08-29,Russia,NA,Tomsk Oblast,1078280,42,1,5536,66
2020-08-30,Russia,NA,Tomsk Oblast,1078280,60,1,5596,67
2020-08-31,Russia,NA,Tomsk Oblast,1078280,110,2,5706,69
2020-04-15,Russia,NA,Tula Oblast,1491855,45,0,131,0
2020-04-16,Russia,NA,Tula Oblast,1491855,44,0,175,0
2020-04-17,Russia,NA,Tula Oblast,1491855,25,0,200,0
2020-04-18,Russia,NA,Tula Oblast,1491855,30,0,230,0
2020-04-19,Russia,NA,Tula Oblast,1491855,58,0,288,0
2020-04-20,Russia,NA,Tula Oblast,1491855,22,0,310,0
2020-04-21,Russia,NA,Tula Oblast,1491855,75,0,385,0
2020-04-22,Russia,NA,Tula Oblast,1491855,52,0,437,0
2020-04-23,Russia,NA,Tula Oblast,1491855,25,0,462,0
2020-04-24,Russia,NA,Tula Oblast,1491855,44,0,506,0
2020-04-25,Russia,NA,Tula Oblast,1491855,73,0,579,0
2020-04-26,Russia,NA,Tula Oblast,1491855,66,0,645,0
2020-04-27,Russia,NA,Tula Oblast,1491855,69,0,714,0
2020-04-28,Russia,NA,Tula Oblast,1491855,70,0,784,0
2020-04-29,Russia,NA,Tula Oblast,1491855,90,0,874,0
2020-04-30,Russia,NA,Tula Oblast,1491855,92,0,966,0
2020-05-01,Russia,NA,Tula Oblast,1491855,82,0,1048,0
2020-05-02,Russia,NA,Tula Oblast,1491855,88,0,1136,0
2020-05-03,Russia,NA,Tula Oblast,1491855,83,0,1219,0
2020-05-04,Russia,NA,Tula Oblast,1491855,75,0,1294,0
2020-05-05,Russia,NA,Tula Oblast,1491855,75,0,1369,0
2020-05-06,Russia,NA,Tula Oblast,1491855,77,0,1446,0
2020-05-07,Russia,NA,Tula Oblast,1491855,85,0,1531,0
2020-05-08,Russia,NA,Tula Oblast,1491855,90,0,1621,0
2020-05-09,Russia,NA,Tula Oblast,1491855,86,0,1707,0
2020-05-10,Russia,NA,Tula Oblast,1491855,89,0,1796,0
2020-05-11,Russia,NA,Tula Oblast,1491855,86,0,1882,0
2020-05-12,Russia,NA,Tula Oblast,1491855,90,0,1972,0
2020-05-13,Russia,NA,Tula Oblast,1491855,89,0,2061,0
2020-05-14,Russia,NA,Tula Oblast,1491855,98,0,2159,0
2020-05-15,Russia,NA,Tula Oblast,1491855,105,0,2264,0
2020-05-16,Russia,NA,Tula Oblast,1491855,101,0,2365,0
2020-05-17,Russia,NA,Tula Oblast,1491855,97,0,2462,0
2020-05-18,Russia,NA,Tula Oblast,1491855,84,0,2546,0
2020-05-19,Russia,NA,Tula Oblast,1491855,92,0,2638,0
2020-05-20,Russia,NA,Tula Oblast,1491855,98,0,2736,0
2020-05-21,Russia,NA,Tula Oblast,1491855,89,0,2825,0
2020-05-22,Russia,NA,Tula Oblast,1491855,91,0,2916,0
2020-05-23,Russia,NA,Tula Oblast,1491855,90,0,3006,0
2020-05-24,Russia,NA,Tula Oblast,1491855,97,0,3103,0
2020-05-25,Russia,NA,Tula Oblast,1491855,111,0,3214,0
2020-05-26,Russia,NA,Tula Oblast,1491855,105,0,3319,0
2020-05-27,Russia,NA,Tula Oblast,1491855,104,0,3423,0
2020-05-28,Russia,NA,Tula Oblast,1491855,110,0,3533,0
2020-05-29,Russia,NA,Tula Oblast,1491855,112,0,3645,0
2020-05-30,Russia,NA,Tula Oblast,1491855,107,0,3752,0
2020-05-31,Russia,NA,Tula Oblast,1491855,104,0,3856,0
2020-06-01,Russia,NA,Tula Oblast,1491855,113,0,3969,0
2020-06-02,Russia,NA,Tula Oblast,1491855,106,0,4075,0
2020-06-03,Russia,NA,Tula Oblast,1491855,109,0,4184,0
2020-06-04,Russia,NA,Tula Oblast,1491855,110,0,4294,0
2020-06-05,Russia,NA,Tula Oblast,1491855,105,0,4399,0
2020-06-06,Russia,NA,Tula Oblast,1491855,107,0,4506,0
2020-06-07,Russia,NA,Tula Oblast,1491855,115,0,4621,0
2020-06-08,Russia,NA,Tula Oblast,1491855,114,0,4735,0
2020-06-09,Russia,NA,Tula Oblast,1491855,109,0,4844,0
2020-06-10,Russia,NA,Tula Oblast,1491855,103,0,4947,0
2020-06-11,Russia,NA,Tula Oblast,1491855,101,0,5048,0
2020-06-12,Russia,NA,Tula Oblast,1491855,100,0,5148,0
2020-06-13,Russia,NA,Tula Oblast,1491855,98,0,5246,0
2020-06-14,Russia,NA,Tula Oblast,1491855,95,0,5341,0
2020-06-15,Russia,NA,Tula Oblast,1491855,96,0,5437,0
2020-06-16,Russia,NA,Tula Oblast,1491855,93,0,5530,0
2020-06-17,Russia,NA,Tula Oblast,1491855,91,0,5621,0
2020-06-18,Russia,NA,Tula Oblast,1491855,92,0,5713,0
2020-06-19,Russia,NA,Tula Oblast,1491855,90,0,5803,0
2020-06-20,Russia,NA,Tula Oblast,1491855,85,0,5888,0
2020-06-21,Russia,NA,Tula Oblast,1491855,86,0,5974,0
2020-06-22,Russia,NA,Tula Oblast,1491855,83,0,6057,0
2020-06-23,Russia,NA,Tula Oblast,1491855,81,0,6138,0
2020-06-24,Russia,NA,Tula Oblast,1491855,83,0,6221,0
2020-06-25,Russia,NA,Tula Oblast,1491855,82,0,6303,0
2020-06-26,Russia,NA,Tula Oblast,1491855,80,0,6383,0
2020-06-27,Russia,NA,Tula Oblast,1491855,78,0,6461,0
2020-06-28,Russia,NA,Tula Oblast,1491855,76,0,6537,0
2020-06-29,Russia,NA,Tula Oblast,1491855,77,0,6614,0
2020-06-30,Russia,NA,Tula Oblast,1491855,73,0,6687,0
2020-07-01,Russia,NA,Tula Oblast,1491855,76,0,6763,0
2020-07-02,Russia,NA,Tula Oblast,1491855,74,0,6837,0
2020-07-03,Russia,NA,Tula Oblast,1491855,72,0,6909,0
2020-07-04,Russia,NA,Tula Oblast,1491855,68,0,6977,0
2020-07-05,Russia,NA,Tula Oblast,1491855,70,0,7047,0
2020-07-06,Russia,NA,Tula Oblast,1491855,69,0,7116,0
2020-07-07,Russia,NA,Tula Oblast,1491855,67,0,7183,0
2020-07-08,Russia,NA,Tula Oblast,1491855,66,0,7249,0
2020-07-09,Russia,NA,Tula Oblast,1491855,64,0,7313,0
2020-07-10,Russia,NA,Tula Oblast,1491855,64,0,7377,0
2020-07-11,Russia,NA,Tula Oblast,1491855,63,0,7440,0
2020-07-12,Russia,NA,Tula Oblast,1491855,61,0,7501,0
2020-07-13,Russia,NA,Tula Oblast,1491855,68,0,7569,0
2020-07-14,Russia,NA,Tula Oblast,1491855,61,0,7630,0
2020-07-15,Russia,NA,Tula Oblast,1491855,59,0,7689,0
2020-07-16,Russia,NA,Tula Oblast,1491855,57,0,7746,0
2020-07-17,Russia,NA,Tula Oblast,1491855,51,0,7797,0
2020-07-18,Russia,NA,Tula Oblast,1491855,49,0,7846,0
2020-07-19,Russia,NA,Tula Oblast,1491855,45,0,7891,0
2020-07-20,Russia,NA,Tula Oblast,1491855,43,0,7934,0
2020-07-21,Russia,NA,Tula Oblast,1491855,44,0,7978,0
2020-07-22,Russia,NA,Tula Oblast,1491855,41,0,8019,0
2020-07-23,Russia,NA,Tula Oblast,1491855,38,0,8057,0
2020-07-24,Russia,NA,Tula Oblast,1491855,37,0,8094,0
2020-07-25,Russia,NA,Tula Oblast,1491855,37,0,8131,0
2020-07-26,Russia,NA,Tula Oblast,1491855,35,0,8166,0
2020-07-27,Russia,NA,Tula Oblast,1491855,33,0,8199,0
2020-07-28,Russia,NA,Tula Oblast,1491855,32,0,8231,0
2020-07-29,Russia,NA,Tula Oblast,1491855,31,0,8262,0
2020-07-30,Russia,NA,Tula Oblast,1491855,32,0,8294,0
2020-07-31,Russia,NA,Tula Oblast,1491855,30,0,8324,0
2020-08-01,Russia,NA,Tula Oblast,1491855,28,0,8352,0
2020-08-02,Russia,NA,Tula Oblast,1491855,28,0,8379,243
2020-08-03,Russia,NA,Tula Oblast,1491855,32,5,8411,248
2020-08-04,Russia,NA,Tula Oblast,1491855,33,2,8444,250
2020-08-05,Russia,NA,Tula Oblast,1491855,30,6,8474,256
2020-08-06,Russia,NA,Tula Oblast,1491855,32,5,8506,261
2020-08-07,Russia,NA,Tula Oblast,1491855,31,5,8537,266
2020-08-08,Russia,NA,Tula Oblast,1491855,33,4,8570,270
2020-08-09,Russia,NA,Tula Oblast,1491855,32,5,8602,275
2020-08-10,Russia,NA,Tula Oblast,1491855,31,2,8633,277
2020-08-11,Russia,NA,Tula Oblast,1491855,31,4,8664,281
2020-08-12,Russia,NA,Tula Oblast,1491855,34,3,8698,284
2020-08-13,Russia,NA,Tula Oblast,1491855,33,3,8731,287
2020-08-14,Russia,NA,Tula Oblast,1491855,34,3,8765,290
2020-08-15,Russia,NA,Tula Oblast,1491855,32,2,8797,292
2020-08-16,Russia,NA,Tula Oblast,1491855,30,1,8827,293
2020-08-17,Russia,NA,Tula Oblast,1491855,30,0,8857,293
2020-08-18,Russia,NA,Tula Oblast,1491855,28,2,8885,295
2020-08-19,Russia,NA,Tula Oblast,1491855,29,2,8914,297
2020-08-20,Russia,NA,Tula Oblast,1491855,27,4,8941,301
2020-08-21,Russia,NA,Tula Oblast,1491855,30,3,8971,304
2020-08-22,Russia,NA,Tula Oblast,1491855,29,3,9000,307
2020-08-23,Russia,NA,Tula Oblast,1491855,29,2,9029,309
2020-08-24,Russia,NA,Tula Oblast,1491855,30,2,9059,311
2020-08-25,Russia,NA,Tula Oblast,1491855,28,1,9087,312
2020-08-26,Russia,NA,Tula Oblast,1491855,27,1,9114,313
2020-08-27,Russia,NA,Tula Oblast,1491855,26,2,9140,315
2020-08-28,Russia,NA,Tula Oblast,1491855,27,2,9167,317
2020-08-29,Russia,NA,Tula Oblast,1491855,29,1,9196,318
2020-08-30,Russia,NA,Tula Oblast,1491855,30,2,9226,320
2020-08-31,Russia,NA,Tula Oblast,1491855,28,2,9254,322
2020-05-12,Russia,NA,Tuva,321722,51,0,145,0
2020-05-13,Russia,NA,Tuva,321722,13,0,158,0
2020-05-14,Russia,NA,Tuva,321722,39,0,197,0
2020-05-15,Russia,NA,Tuva,321722,26,0,223,0
2020-05-16,Russia,NA,Tuva,321722,30,0,253,0
2020-05-17,Russia,NA,Tuva,321722,17,0,270,0
2020-05-18,Russia,NA,Tuva,321722,30,0,300,0
2020-05-19,Russia,NA,Tuva,321722,52,0,352,0
2020-05-20,Russia,NA,Tuva,321722,56,0,408,0
2020-05-21,Russia,NA,Tuva,321722,44,0,452,0
2020-05-22,Russia,NA,Tuva,321722,79,0,531,0
2020-05-23,Russia,NA,Tuva,321722,46,0,577,0
2020-05-24,Russia,NA,Tuva,321722,52,0,629,0
2020-05-25,Russia,NA,Tuva,321722,78,0,707,0
2020-05-26,Russia,NA,Tuva,321722,54,0,761,0
2020-05-27,Russia,NA,Tuva,321722,58,0,819,0
2020-05-28,Russia,NA,Tuva,321722,58,0,877,0
2020-05-29,Russia,NA,Tuva,321722,66,0,943,0
2020-05-30,Russia,NA,Tuva,321722,55,0,998,0
2020-05-31,Russia,NA,Tuva,321722,58,0,1056,0
2020-06-01,Russia,NA,Tuva,321722,60,0,1116,0
2020-06-02,Russia,NA,Tuva,321722,46,0,1162,0
2020-06-03,Russia,NA,Tuva,321722,60,0,1222,0
2020-06-04,Russia,NA,Tuva,321722,76,0,1298,0
2020-06-05,Russia,NA,Tuva,321722,94,0,1392,0
2020-06-06,Russia,NA,Tuva,321722,98,0,1490,0
2020-06-07,Russia,NA,Tuva,321722,118,0,1608,0
2020-06-08,Russia,NA,Tuva,321722,131,0,1739,0
2020-06-09,Russia,NA,Tuva,321722,97,0,1836,0
2020-06-10,Russia,NA,Tuva,321722,79,0,1915,0
2020-06-11,Russia,NA,Tuva,321722,113,0,2028,0
2020-06-12,Russia,NA,Tuva,321722,176,0,2204,0
2020-06-13,Russia,NA,Tuva,321722,101,0,2305,0
2020-06-14,Russia,NA,Tuva,321722,190,0,2495,0
2020-06-15,Russia,NA,Tuva,321722,72,0,2567,0
2020-06-16,Russia,NA,Tuva,321722,85,0,2652,0
2020-06-17,Russia,NA,Tuva,321722,110,0,2762,0
2020-06-18,Russia,NA,Tuva,321722,122,0,2884,0
2020-06-19,Russia,NA,Tuva,321722,115,0,2999,0
2020-06-20,Russia,NA,Tuva,321722,140,0,3139,0
2020-06-21,Russia,NA,Tuva,321722,147,0,3286,0
2020-06-22,Russia,NA,Tuva,321722,150,0,3436,0
2020-06-23,Russia,NA,Tuva,321722,140,0,3576,0
2020-06-24,Russia,NA,Tuva,321722,138,0,3714,0
2020-06-25,Russia,NA,Tuva,321722,140,0,3854,0
2020-06-26,Russia,NA,Tuva,321722,130,0,3984,0
2020-06-27,Russia,NA,Tuva,321722,128,0,4112,0
2020-06-28,Russia,NA,Tuva,321722,124,0,4236,0
2020-06-29,Russia,NA,Tuva,321722,126,0,4362,0
2020-06-30,Russia,NA,Tuva,321722,125,0,4487,0
2020-07-01,Russia,NA,Tuva,321722,119,0,4606,0
2020-07-02,Russia,NA,Tuva,321722,112,0,4718,0
2020-07-03,Russia,NA,Tuva,321722,110,0,4828,0
2020-07-04,Russia,NA,Tuva,321722,100,0,4928,0
2020-07-05,Russia,NA,Tuva,321722,81,0,5009,0
2020-07-06,Russia,NA,Tuva,321722,75,0,5084,0
2020-07-07,Russia,NA,Tuva,321722,73,0,5157,0
2020-07-08,Russia,NA,Tuva,321722,70,0,5227,0
2020-07-09,Russia,NA,Tuva,321722,54,0,5281,0
2020-07-10,Russia,NA,Tuva,321722,45,0,5326,0
2020-07-11,Russia,NA,Tuva,321722,40,0,5366,0
2020-07-12,Russia,NA,Tuva,321722,39,0,5405,0
2020-07-13,Russia,NA,Tuva,321722,40,0,5445,0
2020-07-14,Russia,NA,Tuva,321722,46,0,5491,0
2020-07-15,Russia,NA,Tuva,321722,47,0,5538,0
2020-07-16,Russia,NA,Tuva,321722,45,0,5583,0
2020-07-17,Russia,NA,Tuva,321722,32,0,5615,0
2020-07-18,Russia,NA,Tuva,321722,38,0,5653,0
2020-07-19,Russia,NA,Tuva,321722,40,0,5693,0
2020-07-20,Russia,NA,Tuva,321722,40,0,5733,0
2020-07-21,Russia,NA,Tuva,321722,45,0,5778,0
2020-07-22,Russia,NA,Tuva,321722,35,0,5813,0
2020-07-23,Russia,NA,Tuva,321722,35,0,5848,0
2020-07-24,Russia,NA,Tuva,321722,36,0,5884,0
2020-07-25,Russia,NA,Tuva,321722,41,0,5925,0
2020-07-26,Russia,NA,Tuva,321722,32,0,5957,0
2020-07-27,Russia,NA,Tuva,321722,32,0,5989,0
2020-07-28,Russia,NA,Tuva,321722,30,0,6019,0
2020-07-29,Russia,NA,Tuva,321722,30,0,6049,0
2020-07-30,Russia,NA,Tuva,321722,32,0,6081,0
2020-07-31,Russia,NA,Tuva,321722,29,0,6110,0
2020-08-01,Russia,NA,Tuva,321722,28,0,6138,0
2020-08-02,Russia,NA,Tuva,321722,22,0,6159,57
2020-08-03,Russia,NA,Tuva,321722,30,1,6189,58
2020-08-04,Russia,NA,Tuva,321722,27,1,6216,59
2020-08-05,Russia,NA,Tuva,321722,25,1,6241,60
2020-08-06,Russia,NA,Tuva,321722,17,0,6258,60
2020-08-07,Russia,NA,Tuva,321722,26,0,6284,60
2020-08-08,Russia,NA,Tuva,321722,24,0,6308,60
2020-08-09,Russia,NA,Tuva,321722,25,0,6333,60
2020-08-10,Russia,NA,Tuva,321722,19,0,6352,60
2020-08-11,Russia,NA,Tuva,321722,23,0,6375,60
2020-08-12,Russia,NA,Tuva,321722,21,0,6396,60
2020-08-13,Russia,NA,Tuva,321722,25,0,6421,60
2020-08-14,Russia,NA,Tuva,321722,22,0,6443,60
2020-08-15,Russia,NA,Tuva,321722,20,0,6463,60
2020-08-16,Russia,NA,Tuva,321722,19,0,6482,60
2020-08-17,Russia,NA,Tuva,321722,19,0,6501,60
2020-08-18,Russia,NA,Tuva,321722,19,0,6520,60
2020-08-19,Russia,NA,Tuva,321722,29,0,6549,60
2020-08-20,Russia,NA,Tuva,321722,18,0,6567,60
2020-08-21,Russia,NA,Tuva,321722,22,0,6589,60
2020-08-22,Russia,NA,Tuva,321722,25,0,6614,60
2020-08-23,Russia,NA,Tuva,321722,20,0,6634,60
2020-08-24,Russia,NA,Tuva,321722,24,0,6658,60
2020-08-25,Russia,NA,Tuva,321722,23,0,6681,60
2020-08-26,Russia,NA,Tuva,321722,25,0,6706,60
2020-08-27,Russia,NA,Tuva,321722,24,0,6730,60
2020-08-28,Russia,NA,Tuva,321722,17,0,6747,60
2020-08-29,Russia,NA,Tuva,321722,23,0,6770,60
2020-08-30,Russia,NA,Tuva,321722,26,5,6796,65
2020-08-31,Russia,NA,Tuva,321722,28,0,6824,65
2020-04-15,Russia,NA,Tver Oblast,1283873,42,0,117,0
2020-04-16,Russia,NA,Tver Oblast,1283873,34,0,151,0
2020-04-17,Russia,NA,Tver Oblast,1283873,37,0,188,0
2020-04-18,Russia,NA,Tver Oblast,1283873,49,0,237,0
2020-04-19,Russia,NA,Tver Oblast,1283873,33,0,270,0
2020-04-20,Russia,NA,Tver Oblast,1283873,26,0,296,0
2020-04-21,Russia,NA,Tver Oblast,1283873,33,0,329,0
2020-04-22,Russia,NA,Tver Oblast,1283873,27,0,356,0
2020-04-23,Russia,NA,Tver Oblast,1283873,27,0,383,0
2020-04-24,Russia,NA,Tver Oblast,1283873,29,0,412,0
2020-04-25,Russia,NA,Tver Oblast,1283873,29,0,441,0
2020-04-26,Russia,NA,Tver Oblast,1283873,23,0,464,0
2020-04-27,Russia,NA,Tver Oblast,1283873,34,0,498,0
2020-04-28,Russia,NA,Tver Oblast,1283873,9,0,507,0
2020-04-29,Russia,NA,Tver Oblast,1283873,11,0,518,0
2020-04-30,Russia,NA,Tver Oblast,1283873,17,0,535,0
2020-05-01,Russia,NA,Tver Oblast,1283873,29,0,564,0
2020-05-02,Russia,NA,Tver Oblast,1283873,46,0,610,0
2020-05-03,Russia,NA,Tver Oblast,1283873,51,0,661,0
2020-05-04,Russia,NA,Tver Oblast,1283873,19,0,680,0
2020-05-05,Russia,NA,Tver Oblast,1283873,29,0,709,0
2020-05-06,Russia,NA,Tver Oblast,1283873,44,0,753,0
2020-05-07,Russia,NA,Tver Oblast,1283873,16,0,769,0
2020-05-08,Russia,NA,Tver Oblast,1283873,45,0,814,0
2020-05-09,Russia,NA,Tver Oblast,1283873,38,0,852,0
2020-05-10,Russia,NA,Tver Oblast,1283873,45,0,897,0
2020-05-11,Russia,NA,Tver Oblast,1283873,31,0,928,0
2020-05-12,Russia,NA,Tver Oblast,1283873,34,0,962,0
2020-05-13,Russia,NA,Tver Oblast,1283873,10,0,972,0
2020-05-14,Russia,NA,Tver Oblast,1283873,20,0,992,0
2020-05-15,Russia,NA,Tver Oblast,1283873,44,0,1036,0
2020-05-16,Russia,NA,Tver Oblast,1283873,53,0,1089,0
2020-05-17,Russia,NA,Tver Oblast,1283873,26,0,1115,0
2020-05-18,Russia,NA,Tver Oblast,1283873,27,0,1142,0
2020-05-19,Russia,NA,Tver Oblast,1283873,19,0,1161,0
2020-05-20,Russia,NA,Tver Oblast,1283873,33,0,1194,0
2020-05-21,Russia,NA,Tver Oblast,1283873,39,0,1233,0
2020-05-22,Russia,NA,Tver Oblast,1283873,39,0,1272,0
2020-05-23,Russia,NA,Tver Oblast,1283873,31,0,1303,0
2020-05-24,Russia,NA,Tver Oblast,1283873,37,0,1340,0
2020-05-25,Russia,NA,Tver Oblast,1283873,53,0,1393,0
2020-05-26,Russia,NA,Tver Oblast,1283873,15,0,1408,0
2020-05-27,Russia,NA,Tver Oblast,1283873,46,0,1454,0
2020-05-28,Russia,NA,Tver Oblast,1283873,52,0,1506,0
2020-05-29,Russia,NA,Tver Oblast,1283873,41,0,1547,0
2020-05-30,Russia,NA,Tver Oblast,1283873,43,0,1590,0
2020-05-31,Russia,NA,Tver Oblast,1283873,44,0,1634,0
2020-06-01,Russia,NA,Tver Oblast,1283873,46,0,1680,0
2020-06-02,Russia,NA,Tver Oblast,1283873,45,0,1725,0
2020-06-03,Russia,NA,Tver Oblast,1283873,36,0,1761,0
2020-06-04,Russia,NA,Tver Oblast,1283873,73,0,1834,0
2020-06-05,Russia,NA,Tver Oblast,1283873,71,0,1905,0
2020-06-06,Russia,NA,Tver Oblast,1283873,87,0,1992,0
2020-06-07,Russia,NA,Tver Oblast,1283873,93,0,2085,0
2020-06-08,Russia,NA,Tver Oblast,1283873,92,0,2177,0
2020-06-09,Russia,NA,Tver Oblast,1283873,84,0,2261,0
2020-06-10,Russia,NA,Tver Oblast,1283873,83,0,2344,0
2020-06-11,Russia,NA,Tver Oblast,1283873,83,0,2427,0
2020-06-12,Russia,NA,Tver Oblast,1283873,91,0,2518,0
2020-06-13,Russia,NA,Tver Oblast,1283873,81,0,2599,0
2020-06-14,Russia,NA,Tver Oblast,1283873,81,0,2680,0
2020-06-15,Russia,NA,Tver Oblast,1283873,78,0,2758,0
2020-06-16,Russia,NA,Tver Oblast,1283873,72,0,2830,0
2020-06-17,Russia,NA,Tver Oblast,1283873,69,0,2899,0
2020-06-18,Russia,NA,Tver Oblast,1283873,65,0,2964,0
2020-06-19,Russia,NA,Tver Oblast,1283873,67,0,3031,0
2020-06-20,Russia,NA,Tver Oblast,1283873,67,0,3098,0
2020-06-21,Russia,NA,Tver Oblast,1283873,66,0,3164,0
2020-06-22,Russia,NA,Tver Oblast,1283873,63,0,3227,0
2020-06-23,Russia,NA,Tver Oblast,1283873,59,0,3286,0
2020-06-24,Russia,NA,Tver Oblast,1283873,55,0,3341,0
2020-06-25,Russia,NA,Tver Oblast,1283873,53,0,3394,0
2020-06-26,Russia,NA,Tver Oblast,1283873,55,0,3449,0
2020-06-27,Russia,NA,Tver Oblast,1283873,52,0,3501,0
2020-06-28,Russia,NA,Tver Oblast,1283873,53,0,3554,0
2020-06-29,Russia,NA,Tver Oblast,1283873,50,0,3604,0
2020-06-30,Russia,NA,Tver Oblast,1283873,48,0,3652,0
2020-07-01,Russia,NA,Tver Oblast,1283873,46,0,3698,0
2020-07-02,Russia,NA,Tver Oblast,1283873,44,0,3742,0
2020-07-03,Russia,NA,Tver Oblast,1283873,41,0,3783,0
2020-07-04,Russia,NA,Tver Oblast,1283873,42,0,3825,0
2020-07-05,Russia,NA,Tver Oblast,1283873,40,0,3865,0
2020-07-06,Russia,NA,Tver Oblast,1283873,38,0,3903,0
2020-07-07,Russia,NA,Tver Oblast,1283873,36,0,3939,0
2020-07-08,Russia,NA,Tver Oblast,1283873,32,0,3971,0
2020-07-09,Russia,NA,Tver Oblast,1283873,30,0,4001,0
2020-07-10,Russia,NA,Tver Oblast,1283873,30,0,4031,0
2020-07-11,Russia,NA,Tver Oblast,1283873,32,0,4063,0
2020-07-12,Russia,NA,Tver Oblast,1283873,31,0,4094,0
2020-07-13,Russia,NA,Tver Oblast,1283873,31,0,4125,0
2020-07-14,Russia,NA,Tver Oblast,1283873,29,0,4154,0
2020-07-15,Russia,NA,Tver Oblast,1283873,29,0,4183,0
2020-07-16,Russia,NA,Tver Oblast,1283873,30,0,4213,0
2020-07-17,Russia,NA,Tver Oblast,1283873,28,0,4241,0
2020-07-18,Russia,NA,Tver Oblast,1283873,26,0,4267,0
2020-07-19,Russia,NA,Tver Oblast,1283873,26,0,4293,0
2020-07-20,Russia,NA,Tver Oblast,1283873,25,0,4318,0
2020-07-21,Russia,NA,Tver Oblast,1283873,24,0,4342,0
2020-07-22,Russia,NA,Tver Oblast,1283873,26,0,4368,0
2020-07-23,Russia,NA,Tver Oblast,1283873,28,0,4396,0
2020-07-24,Russia,NA,Tver Oblast,1283873,27,0,4423,0
2020-07-25,Russia,NA,Tver Oblast,1283873,30,0,4453,0
2020-07-26,Russia,NA,Tver Oblast,1283873,28,0,4481,0
2020-07-27,Russia,NA,Tver Oblast,1283873,27,0,4508,0
2020-07-28,Russia,NA,Tver Oblast,1283873,27,0,4535,0
2020-07-29,Russia,NA,Tver Oblast,1283873,29,0,4564,0
2020-07-30,Russia,NA,Tver Oblast,1283873,33,0,4597,0
2020-07-31,Russia,NA,Tver Oblast,1283873,30,0,4627,0
2020-08-01,Russia,NA,Tver Oblast,1283873,29,0,4656,0
2020-08-02,Russia,NA,Tver Oblast,1283873,29,0,4655,147
2020-08-03,Russia,NA,Tver Oblast,1283873,28,1,4683,148
2020-08-04,Russia,NA,Tver Oblast,1283873,27,1,4710,149
2020-08-05,Russia,NA,Tver Oblast,1283873,27,1,4737,150
2020-08-06,Russia,NA,Tver Oblast,1283873,26,3,4763,153
2020-08-07,Russia,NA,Tver Oblast,1283873,28,0,4791,153
2020-08-08,Russia,NA,Tver Oblast,1283873,27,3,4818,156
2020-08-09,Russia,NA,Tver Oblast,1283873,28,2,4846,158
2020-08-10,Russia,NA,Tver Oblast,1283873,28,2,4874,160
2020-08-11,Russia,NA,Tver Oblast,1283873,27,1,4901,161
2020-08-12,Russia,NA,Tver Oblast,1283873,30,0,4931,161
2020-08-13,Russia,NA,Tver Oblast,1283873,28,2,4959,163
2020-08-14,Russia,NA,Tver Oblast,1283873,29,2,4988,165
2020-08-15,Russia,NA,Tver Oblast,1283873,26,2,5014,167
2020-08-16,Russia,NA,Tver Oblast,1283873,25,3,5039,170
2020-08-17,Russia,NA,Tver Oblast,1283873,25,0,5064,170
2020-08-18,Russia,NA,Tver Oblast,1283873,26,1,5090,171
2020-08-19,Russia,NA,Tver Oblast,1283873,24,2,5114,173
2020-08-20,Russia,NA,Tver Oblast,1283873,26,2,5140,175
2020-08-21,Russia,NA,Tver Oblast,1283873,24,0,5164,175
2020-08-22,Russia,NA,Tver Oblast,1283873,24,1,5188,176
2020-08-23,Russia,NA,Tver Oblast,1283873,25,2,5213,178
2020-08-24,Russia,NA,Tver Oblast,1283873,23,1,5236,179
2020-08-25,Russia,NA,Tver Oblast,1283873,23,0,5259,179
2020-08-26,Russia,NA,Tver Oblast,1283873,25,2,5284,181
2020-08-27,Russia,NA,Tver Oblast,1283873,24,3,5308,184
2020-08-28,Russia,NA,Tver Oblast,1283873,25,3,5333,187
2020-08-29,Russia,NA,Tver Oblast,1283873,24,2,5357,189
2020-08-30,Russia,NA,Tver Oblast,1283873,26,2,5383,191
2020-08-31,Russia,NA,Tver Oblast,1283873,24,2,5407,193
2020-04-16,Russia,NA,Tyumen Oblast,3692400,27,0,112,0
2020-04-17,Russia,NA,Tyumen Oblast,3692400,34,0,146,0
2020-04-18,Russia,NA,Tyumen Oblast,3692400,39,0,185,0
2020-04-19,Russia,NA,Tyumen Oblast,3692400,42,0,227,0
2020-04-20,Russia,NA,Tyumen Oblast,3692400,27,0,254,0
2020-04-21,Russia,NA,Tyumen Oblast,3692400,36,0,290,0
2020-04-22,Russia,NA,Tyumen Oblast,3692400,29,0,319,0
2020-04-23,Russia,NA,Tyumen Oblast,3692400,22,0,341,0
2020-04-24,Russia,NA,Tyumen Oblast,3692400,16,0,357,0
2020-04-25,Russia,NA,Tyumen Oblast,3692400,17,0,374,0
2020-04-26,Russia,NA,Tyumen Oblast,3692400,12,0,386,0
2020-04-27,Russia,NA,Tyumen Oblast,3692400,13,0,399,0
2020-04-28,Russia,NA,Tyumen Oblast,3692400,5,0,404,0
2020-04-29,Russia,NA,Tyumen Oblast,3692400,16,0,420,0
2020-04-30,Russia,NA,Tyumen Oblast,3692400,15,0,435,0
2020-05-01,Russia,NA,Tyumen Oblast,3692400,7,0,442,0
2020-05-02,Russia,NA,Tyumen Oblast,3692400,16,0,458,0
2020-05-03,Russia,NA,Tyumen Oblast,3692400,37,0,495,0
2020-05-04,Russia,NA,Tyumen Oblast,3692400,66,0,561,0
2020-05-05,Russia,NA,Tyumen Oblast,3692400,28,0,589,0
2020-05-06,Russia,NA,Tyumen Oblast,3692400,69,0,658,0
2020-05-07,Russia,NA,Tyumen Oblast,3692400,25,0,683,0
2020-05-08,Russia,NA,Tyumen Oblast,3692400,24,0,707,0
2020-05-09,Russia,NA,Tyumen Oblast,3692400,23,0,730,0
2020-05-10,Russia,NA,Tyumen Oblast,3692400,73,0,803,0
2020-05-11,Russia,NA,Tyumen Oblast,3692400,29,0,832,0
2020-05-12,Russia,NA,Tyumen Oblast,3692400,70,0,902,0
2020-05-13,Russia,NA,Tyumen Oblast,3692400,75,0,977,0
2020-05-14,Russia,NA,Tyumen Oblast,3692400,41,0,1018,0
2020-05-15,Russia,NA,Tyumen Oblast,3692400,39,0,1057,0
2020-05-16,Russia,NA,Tyumen Oblast,3692400,45,0,1102,0
2020-05-17,Russia,NA,Tyumen Oblast,3692400,33,0,1135,0
2020-05-18,Russia,NA,Tyumen Oblast,3692400,46,0,1181,0
2020-05-19,Russia,NA,Tyumen Oblast,3692400,46,0,1227,0
2020-05-20,Russia,NA,Tyumen Oblast,3692400,40,0,1267,0
2020-05-21,Russia,NA,Tyumen Oblast,3692400,11,0,1278,0
2020-05-22,Russia,NA,Tyumen Oblast,3692400,53,0,1331,0
2020-05-23,Russia,NA,Tyumen Oblast,3692400,35,0,1366,0
2020-05-24,Russia,NA,Tyumen Oblast,3692400,45,0,1411,0
2020-05-25,Russia,NA,Tyumen Oblast,3692400,37,0,1448,0
2020-05-26,Russia,NA,Tyumen Oblast,3692400,42,0,1490,0
2020-05-27,Russia,NA,Tyumen Oblast,3692400,42,0,1532,0
2020-05-28,Russia,NA,Tyumen Oblast,3692400,30,0,1562,0
2020-05-29,Russia,NA,Tyumen Oblast,3692400,18,0,1580,0
2020-05-30,Russia,NA,Tyumen Oblast,3692400,28,0,1608,0
2020-05-31,Russia,NA,Tyumen Oblast,3692400,30,0,1638,0
2020-06-01,Russia,NA,Tyumen Oblast,3692400,23,0,1661,0
2020-06-02,Russia,NA,Tyumen Oblast,3692400,41,0,1702,0
2020-06-03,Russia,NA,Tyumen Oblast,3692400,47,0,1749,0
2020-06-04,Russia,NA,Tyumen Oblast,3692400,49,0,1798,0
2020-06-05,Russia,NA,Tyumen Oblast,3692400,36,0,1834,0
2020-06-06,Russia,NA,Tyumen Oblast,3692400,39,0,1873,0
2020-06-07,Russia,NA,Tyumen Oblast,3692400,35,0,1908,0
2020-06-08,Russia,NA,Tyumen Oblast,3692400,39,0,1947,0
2020-06-09,Russia,NA,Tyumen Oblast,3692400,34,0,1981,0
2020-06-10,Russia,NA,Tyumen Oblast,3692400,32,0,2013,0
2020-06-11,Russia,NA,Tyumen Oblast,3692400,34,0,2047,0
2020-06-12,Russia,NA,Tyumen Oblast,3692400,22,0,2069,0
2020-06-13,Russia,NA,Tyumen Oblast,3692400,50,0,2119,0
2020-06-14,Russia,NA,Tyumen Oblast,3692400,77,0,2196,0
2020-06-15,Russia,NA,Tyumen Oblast,3692400,73,0,2269,0
2020-06-16,Russia,NA,Tyumen Oblast,3692400,61,0,2330,0
2020-06-17,Russia,NA,Tyumen Oblast,3692400,52,0,2382,0
2020-06-18,Russia,NA,Tyumen Oblast,3692400,51,0,2433,0
2020-06-19,Russia,NA,Tyumen Oblast,3692400,47,0,2480,0
2020-06-20,Russia,NA,Tyumen Oblast,3692400,49,0,2529,0
2020-06-21,Russia,NA,Tyumen Oblast,3692400,45,0,2574,0
2020-06-22,Russia,NA,Tyumen Oblast,3692400,47,0,2621,0
2020-06-23,Russia,NA,Tyumen Oblast,3692400,46,0,2667,0
2020-06-24,Russia,NA,Tyumen Oblast,3692400,50,0,2717,0
2020-06-25,Russia,NA,Tyumen Oblast,3692400,49,0,2766,0
2020-06-26,Russia,NA,Tyumen Oblast,3692400,61,0,2827,0
2020-06-27,Russia,NA,Tyumen Oblast,3692400,59,0,2886,0
2020-06-28,Russia,NA,Tyumen Oblast,3692400,67,0,2953,0
2020-06-29,Russia,NA,Tyumen Oblast,3692400,65,0,3018,0
2020-06-30,Russia,NA,Tyumen Oblast,3692400,69,0,3087,0
2020-07-01,Russia,NA,Tyumen Oblast,3692400,68,0,3155,0
2020-07-02,Russia,NA,Tyumen Oblast,3692400,76,0,3231,0
2020-07-03,Russia,NA,Tyumen Oblast,3692400,85,0,3316,0
2020-07-04,Russia,NA,Tyumen Oblast,3692400,81,0,3397,0
2020-07-05,Russia,NA,Tyumen Oblast,3692400,83,0,3480,0
2020-07-06,Russia,NA,Tyumen Oblast,3692400,80,0,3560,0
2020-07-07,Russia,NA,Tyumen Oblast,3692400,78,0,3638,0
2020-07-08,Russia,NA,Tyumen Oblast,3692400,75,0,3713,0
2020-07-09,Russia,NA,Tyumen Oblast,3692400,72,0,3785,0
2020-07-10,Russia,NA,Tyumen Oblast,3692400,85,0,3870,0
2020-07-11,Russia,NA,Tyumen Oblast,3692400,82,0,3952,0
2020-07-12,Russia,NA,Tyumen Oblast,3692400,83,0,4035,0
2020-07-13,Russia,NA,Tyumen Oblast,3692400,85,0,4120,0
2020-07-14,Russia,NA,Tyumen Oblast,3692400,84,0,4204,0
2020-07-15,Russia,NA,Tyumen Oblast,3692400,82,0,4286,0
2020-07-16,Russia,NA,Tyumen Oblast,3692400,81,0,4367,0
2020-07-17,Russia,NA,Tyumen Oblast,3692400,84,0,4451,0
2020-07-18,Russia,NA,Tyumen Oblast,3692400,109,0,4560,0
2020-07-19,Russia,NA,Tyumen Oblast,3692400,107,0,4667,0
2020-07-20,Russia,NA,Tyumen Oblast,3692400,112,0,4779,0
2020-07-21,Russia,NA,Tyumen Oblast,3692400,106,0,4885,0
2020-07-22,Russia,NA,Tyumen Oblast,3692400,102,0,4987,0
2020-07-23,Russia,NA,Tyumen Oblast,3692400,103,0,5090,0
2020-07-24,Russia,NA,Tyumen Oblast,3692400,100,0,5190,0
2020-07-25,Russia,NA,Tyumen Oblast,3692400,101,0,5291,0
2020-07-26,Russia,NA,Tyumen Oblast,3692400,98,0,5389,0
2020-07-27,Russia,NA,Tyumen Oblast,3692400,95,0,5484,0
2020-07-28,Russia,NA,Tyumen Oblast,3692400,92,0,5576,0
2020-07-29,Russia,NA,Tyumen Oblast,3692400,90,0,5666,0
2020-07-30,Russia,NA,Tyumen Oblast,3692400,89,0,5755,0
2020-07-31,Russia,NA,Tyumen Oblast,3692400,89,0,5844,0
2020-08-01,Russia,NA,Tyumen Oblast,3692400,85,0,5929,0
2020-08-02,Russia,NA,Tyumen Oblast,3692400,90,0,6019,25
2020-08-03,Russia,NA,Tyumen Oblast,3692400,88,0,6107,25
2020-08-04,Russia,NA,Tyumen Oblast,3692400,82,0,6189,25
2020-08-05,Russia,NA,Tyumen Oblast,3692400,82,1,6271,26
2020-08-06,Russia,NA,Tyumen Oblast,3692400,80,0,6351,26
2020-08-07,Russia,NA,Tyumen Oblast,3692400,79,2,6430,28
2020-08-08,Russia,NA,Tyumen Oblast,3692400,77,0,6507,28
2020-08-09,Russia,NA,Tyumen Oblast,3692400,74,0,6581,28
2020-08-10,Russia,NA,Tyumen Oblast,3692400,74,0,6655,28
2020-08-11,Russia,NA,Tyumen Oblast,3692400,71,0,6726,28
2020-08-12,Russia,NA,Tyumen Oblast,3692400,64,0,6790,28
2020-08-13,Russia,NA,Tyumen Oblast,3692400,65,0,6855,28
2020-08-14,Russia,NA,Tyumen Oblast,3692400,55,0,6910,28
2020-08-15,Russia,NA,Tyumen Oblast,3692400,56,0,6966,28
2020-08-16,Russia,NA,Tyumen Oblast,3692400,54,0,7020,28
2020-08-17,Russia,NA,Tyumen Oblast,3692400,53,0,7073,28
2020-08-18,Russia,NA,Tyumen Oblast,3692400,55,0,7128,28
2020-08-19,Russia,NA,Tyumen Oblast,3692400,49,0,7177,28
2020-08-20,Russia,NA,Tyumen Oblast,3692400,51,0,7228,28
2020-08-21,Russia,NA,Tyumen Oblast,3692400,50,0,7278,28
2020-08-22,Russia,NA,Tyumen Oblast,3692400,52,1,7330,29
2020-08-23,Russia,NA,Tyumen Oblast,3692400,50,0,7380,29
2020-08-24,Russia,NA,Tyumen Oblast,3692400,48,0,7428,29
2020-08-25,Russia,NA,Tyumen Oblast,3692400,51,0,7479,29
2020-08-26,Russia,NA,Tyumen Oblast,3692400,49,1,7528,30
2020-08-27,Russia,NA,Tyumen Oblast,3692400,47,0,7575,30
2020-08-28,Russia,NA,Tyumen Oblast,3692400,48,0,7623,30
2020-08-29,Russia,NA,Tyumen Oblast,3692400,50,0,7673,30
2020-08-30,Russia,NA,Tyumen Oblast,3692400,51,0,7724,30
2020-08-31,Russia,NA,Tyumen Oblast,3692400,47,0,7771,30
2020-04-21,Russia,NA,Udmurtia,1513044,26,0,118,0
2020-04-22,Russia,NA,Udmurtia,1513044,34,0,152,0
2020-04-23,Russia,NA,Udmurtia,1513044,9,0,161,0
2020-04-24,Russia,NA,Udmurtia,1513044,17,0,178,0
2020-04-25,Russia,NA,Udmurtia,1513044,15,0,193,0
2020-04-26,Russia,NA,Udmurtia,1513044,9,0,202,0
2020-04-27,Russia,NA,Udmurtia,1513044,5,0,207,0
2020-04-28,Russia,NA,Udmurtia,1513044,5,0,212,0
2020-04-29,Russia,NA,Udmurtia,1513044,5,0,217,0
2020-04-30,Russia,NA,Udmurtia,1513044,11,0,228,0
2020-05-01,Russia,NA,Udmurtia,1513044,9,0,237,0
2020-05-02,Russia,NA,Udmurtia,1513044,7,0,244,0
2020-05-03,Russia,NA,Udmurtia,1513044,27,0,271,0
2020-05-04,Russia,NA,Udmurtia,1513044,43,0,314,0
2020-05-05,Russia,NA,Udmurtia,1513044,18,0,332,0
2020-05-06,Russia,NA,Udmurtia,1513044,12,0,344,0
2020-05-08,Russia,NA,Udmurtia,1513044,1,0,345,0
2020-05-09,Russia,NA,Udmurtia,1513044,7,0,352,0
2020-05-10,Russia,NA,Udmurtia,1513044,18,0,370,0
2020-05-11,Russia,NA,Udmurtia,1513044,19,0,389,0
2020-05-12,Russia,NA,Udmurtia,1513044,6,0,395,0
2020-05-14,Russia,NA,Udmurtia,1513044,7,0,402,0
2020-05-15,Russia,NA,Udmurtia,1513044,6,0,408,0
2020-05-16,Russia,NA,Udmurtia,1513044,14,0,422,0
2020-05-17,Russia,NA,Udmurtia,1513044,14,0,436,0
2020-05-18,Russia,NA,Udmurtia,1513044,5,0,441,0
2020-05-19,Russia,NA,Udmurtia,1513044,11,0,452,0
2020-05-20,Russia,NA,Udmurtia,1513044,6,0,458,0
2020-05-21,Russia,NA,Udmurtia,1513044,5,0,463,0
2020-05-22,Russia,NA,Udmurtia,1513044,14,0,477,0
2020-05-23,Russia,NA,Udmurtia,1513044,15,0,492,0
2020-05-24,Russia,NA,Udmurtia,1513044,18,0,510,0
2020-05-25,Russia,NA,Udmurtia,1513044,19,0,529,0
2020-05-26,Russia,NA,Udmurtia,1513044,20,0,549,0
2020-05-27,Russia,NA,Udmurtia,1513044,10,0,559,0
2020-05-28,Russia,NA,Udmurtia,1513044,24,0,583,0
2020-05-29,Russia,NA,Udmurtia,1513044,22,0,605,0
2020-05-30,Russia,NA,Udmurtia,1513044,24,0,629,0
2020-05-31,Russia,NA,Udmurtia,1513044,23,0,652,0
2020-06-01,Russia,NA,Udmurtia,1513044,30,0,682,0
2020-06-02,Russia,NA,Udmurtia,1513044,35,0,717,0
2020-06-03,Russia,NA,Udmurtia,1513044,53,0,770,0
2020-06-04,Russia,NA,Udmurtia,1513044,52,0,822,0
2020-06-05,Russia,NA,Udmurtia,1513044,43,0,865,0
2020-06-06,Russia,NA,Udmurtia,1513044,39,0,904,0
2020-06-07,Russia,NA,Udmurtia,1513044,32,0,936,0
2020-06-08,Russia,NA,Udmurtia,1513044,27,0,963,0
2020-06-09,Russia,NA,Udmurtia,1513044,24,0,987,0
2020-06-10,Russia,NA,Udmurtia,1513044,24,0,1011,0
2020-06-11,Russia,NA,Udmurtia,1513044,20,0,1031,0
2020-06-12,Russia,NA,Udmurtia,1513044,22,0,1053,0
2020-06-13,Russia,NA,Udmurtia,1513044,20,0,1073,0
2020-06-14,Russia,NA,Udmurtia,1513044,21,0,1094,0
2020-06-15,Russia,NA,Udmurtia,1513044,20,0,1114,0
2020-06-16,Russia,NA,Udmurtia,1513044,19,0,1133,0
2020-06-17,Russia,NA,Udmurtia,1513044,20,0,1153,0
2020-06-18,Russia,NA,Udmurtia,1513044,22,0,1175,0
2020-06-19,Russia,NA,Udmurtia,1513044,20,0,1195,0
2020-06-20,Russia,NA,Udmurtia,1513044,21,0,1216,0
2020-06-21,Russia,NA,Udmurtia,1513044,19,0,1235,0
2020-06-22,Russia,NA,Udmurtia,1513044,19,0,1254,0
2020-06-23,Russia,NA,Udmurtia,1513044,18,0,1272,0
2020-06-24,Russia,NA,Udmurtia,1513044,22,0,1294,0
2020-06-25,Russia,NA,Udmurtia,1513044,20,0,1314,0
2020-06-26,Russia,NA,Udmurtia,1513044,20,0,1334,0
2020-06-27,Russia,NA,Udmurtia,1513044,23,0,1357,0
2020-06-28,Russia,NA,Udmurtia,1513044,22,0,1379,0
2020-06-29,Russia,NA,Udmurtia,1513044,21,0,1400,0
2020-06-30,Russia,NA,Udmurtia,1513044,20,0,1420,0
2020-07-01,Russia,NA,Udmurtia,1513044,20,0,1440,0
2020-07-02,Russia,NA,Udmurtia,1513044,19,0,1459,0
2020-07-03,Russia,NA,Udmurtia,1513044,17,0,1476,0
2020-07-04,Russia,NA,Udmurtia,1513044,23,0,1499,0
2020-07-05,Russia,NA,Udmurtia,1513044,20,0,1519,0
2020-07-06,Russia,NA,Udmurtia,1513044,18,0,1537,0
2020-07-07,Russia,NA,Udmurtia,1513044,17,0,1554,0
2020-07-08,Russia,NA,Udmurtia,1513044,38,0,1592,0
2020-07-09,Russia,NA,Udmurtia,1513044,31,0,1623,0
2020-07-10,Russia,NA,Udmurtia,1513044,29,0,1652,0
2020-07-11,Russia,NA,Udmurtia,1513044,49,0,1701,0
2020-07-12,Russia,NA,Udmurtia,1513044,46,0,1747,0
2020-07-13,Russia,NA,Udmurtia,1513044,45,0,1792,0
2020-07-14,Russia,NA,Udmurtia,1513044,42,0,1834,0
2020-07-15,Russia,NA,Udmurtia,1513044,46,0,1880,0
2020-07-16,Russia,NA,Udmurtia,1513044,43,0,1923,0
2020-07-17,Russia,NA,Udmurtia,1513044,43,0,1966,0
2020-07-18,Russia,NA,Udmurtia,1513044,40,0,2006,0
2020-07-19,Russia,NA,Udmurtia,1513044,38,0,2044,0
2020-07-20,Russia,NA,Udmurtia,1513044,35,0,2079,0
2020-07-21,Russia,NA,Udmurtia,1513044,32,0,2111,0
2020-07-22,Russia,NA,Udmurtia,1513044,31,0,2142,0
2020-07-23,Russia,NA,Udmurtia,1513044,31,0,2173,0
2020-07-24,Russia,NA,Udmurtia,1513044,29,0,2202,0
2020-07-25,Russia,NA,Udmurtia,1513044,27,0,2229,0
2020-07-26,Russia,NA,Udmurtia,1513044,25,0,2254,0
2020-07-27,Russia,NA,Udmurtia,1513044,25,0,2279,0
2020-07-28,Russia,NA,Udmurtia,1513044,24,0,2303,0
2020-07-29,Russia,NA,Udmurtia,1513044,20,0,2323,0
2020-07-30,Russia,NA,Udmurtia,1513044,18,0,2341,0
2020-07-31,Russia,NA,Udmurtia,1513044,19,0,2360,0
2020-08-01,Russia,NA,Udmurtia,1513044,18,0,2378,0
2020-08-02,Russia,NA,Udmurtia,1513044,20,0,2398,26
2020-08-03,Russia,NA,Udmurtia,1513044,22,1,2420,27
2020-08-04,Russia,NA,Udmurtia,1513044,22,0,2442,27
2020-08-05,Russia,NA,Udmurtia,1513044,21,4,2463,31
2020-08-06,Russia,NA,Udmurtia,1513044,29,0,2492,31
2020-08-07,Russia,NA,Udmurtia,1513044,28,2,2520,33
2020-08-08,Russia,NA,Udmurtia,1513044,27,0,2547,33
2020-08-09,Russia,NA,Udmurtia,1513044,27,0,2574,33
2020-08-10,Russia,NA,Udmurtia,1513044,28,1,2602,34
2020-08-11,Russia,NA,Udmurtia,1513044,26,0,2628,34
2020-08-12,Russia,NA,Udmurtia,1513044,26,0,2654,34
2020-08-13,Russia,NA,Udmurtia,1513044,27,0,2681,34
2020-08-14,Russia,NA,Udmurtia,1513044,25,0,2706,34
2020-08-15,Russia,NA,Udmurtia,1513044,29,0,2735,34
2020-08-16,Russia,NA,Udmurtia,1513044,29,0,2764,34
2020-08-17,Russia,NA,Udmurtia,1513044,28,0,2792,34
2020-08-18,Russia,NA,Udmurtia,1513044,27,2,2819,36
2020-08-19,Russia,NA,Udmurtia,1513044,30,0,2849,36
2020-08-20,Russia,NA,Udmurtia,1513044,27,0,2876,36
2020-08-21,Russia,NA,Udmurtia,1513044,27,2,2903,38
2020-08-22,Russia,NA,Udmurtia,1513044,28,0,2931,38
2020-08-23,Russia,NA,Udmurtia,1513044,30,0,2961,38
2020-08-24,Russia,NA,Udmurtia,1513044,29,0,2990,38
2020-08-25,Russia,NA,Udmurtia,1513044,23,4,3013,42
2020-08-26,Russia,NA,Udmurtia,1513044,27,3,3040,45
2020-08-27,Russia,NA,Udmurtia,1513044,22,0,3062,45
2020-08-28,Russia,NA,Udmurtia,1513044,30,0,3092,45
2020-08-29,Russia,NA,Udmurtia,1513044,31,0,3123,45
2020-08-30,Russia,NA,Udmurtia,1513044,27,0,3150,45
2020-08-31,Russia,NA,Udmurtia,1513044,29,0,3179,45
2020-04-15,Russia,NA,Ulyanovsk Oblast,1246618,18,0,104,0
2020-04-16,Russia,NA,Ulyanovsk Oblast,1246618,19,0,123,0
2020-04-17,Russia,NA,Ulyanovsk Oblast,1246618,15,0,138,0
2020-04-18,Russia,NA,Ulyanovsk Oblast,1246618,19,0,157,0
2020-04-19,Russia,NA,Ulyanovsk Oblast,1246618,11,0,168,0
2020-04-20,Russia,NA,Ulyanovsk Oblast,1246618,19,0,187,0
2020-04-22,Russia,NA,Ulyanovsk Oblast,1246618,9,0,196,0
2020-04-23,Russia,NA,Ulyanovsk Oblast,1246618,32,0,228,0
2020-04-24,Russia,NA,Ulyanovsk Oblast,1246618,25,0,253,0
2020-04-25,Russia,NA,Ulyanovsk Oblast,1246618,27,0,280,0
2020-04-26,Russia,NA,Ulyanovsk Oblast,1246618,27,0,307,0
2020-04-27,Russia,NA,Ulyanovsk Oblast,1246618,24,0,331,0
2020-04-28,Russia,NA,Ulyanovsk Oblast,1246618,29,0,360,0
2020-04-29,Russia,NA,Ulyanovsk Oblast,1246618,19,0,379,0
2020-04-30,Russia,NA,Ulyanovsk Oblast,1246618,27,0,406,0
2020-05-01,Russia,NA,Ulyanovsk Oblast,1246618,23,0,429,0
2020-05-02,Russia,NA,Ulyanovsk Oblast,1246618,32,0,461,0
2020-05-03,Russia,NA,Ulyanovsk Oblast,1246618,38,0,499,0
2020-05-04,Russia,NA,Ulyanovsk Oblast,1246618,29,0,528,0
2020-05-05,Russia,NA,Ulyanovsk Oblast,1246618,16,0,544,0
2020-05-06,Russia,NA,Ulyanovsk Oblast,1246618,29,0,573,0
2020-05-07,Russia,NA,Ulyanovsk Oblast,1246618,32,0,605,0
2020-05-08,Russia,NA,Ulyanovsk Oblast,1246618,76,0,681,0
2020-05-09,Russia,NA,Ulyanovsk Oblast,1246618,84,0,765,0
2020-05-10,Russia,NA,Ulyanovsk Oblast,1246618,42,0,807,0
2020-05-11,Russia,NA,Ulyanovsk Oblast,1246618,41,0,848,0
2020-05-12,Russia,NA,Ulyanovsk Oblast,1246618,38,0,886,0
2020-05-13,Russia,NA,Ulyanovsk Oblast,1246618,46,0,932,0
2020-05-14,Russia,NA,Ulyanovsk Oblast,1246618,80,0,1012,0
2020-05-15,Russia,NA,Ulyanovsk Oblast,1246618,69,0,1081,0
2020-05-16,Russia,NA,Ulyanovsk Oblast,1246618,78,0,1159,0
2020-05-17,Russia,NA,Ulyanovsk Oblast,1246618,101,0,1260,0
2020-05-18,Russia,NA,Ulyanovsk Oblast,1246618,106,0,1366,0
2020-05-19,Russia,NA,Ulyanovsk Oblast,1246618,96,0,1462,0
2020-05-20,Russia,NA,Ulyanovsk Oblast,1246618,64,0,1526,0
2020-05-21,Russia,NA,Ulyanovsk Oblast,1246618,70,0,1596,0
2020-05-22,Russia,NA,Ulyanovsk Oblast,1246618,70,0,1666,0
2020-05-23,Russia,NA,Ulyanovsk Oblast,1246618,98,0,1764,0
2020-05-24,Russia,NA,Ulyanovsk Oblast,1246618,97,0,1861,0
2020-05-25,Russia,NA,Ulyanovsk Oblast,1246618,98,0,1959,0
2020-05-26,Russia,NA,Ulyanovsk Oblast,1246618,92,0,2051,0
2020-05-27,Russia,NA,Ulyanovsk Oblast,1246618,70,0,2121,0
2020-05-28,Russia,NA,Ulyanovsk Oblast,1246618,75,0,2196,0
2020-05-29,Russia,NA,Ulyanovsk Oblast,1246618,75,0,2271,0
2020-05-30,Russia,NA,Ulyanovsk Oblast,1246618,98,0,2369,0
2020-05-31,Russia,NA,Ulyanovsk Oblast,1246618,97,0,2466,0
2020-06-01,Russia,NA,Ulyanovsk Oblast,1246618,101,0,2567,0
2020-06-02,Russia,NA,Ulyanovsk Oblast,1246618,105,0,2672,0
2020-06-03,Russia,NA,Ulyanovsk Oblast,1246618,98,0,2770,0
2020-06-04,Russia,NA,Ulyanovsk Oblast,1246618,100,0,2870,0
2020-06-05,Russia,NA,Ulyanovsk Oblast,1246618,95,0,2965,0
2020-06-06,Russia,NA,Ulyanovsk Oblast,1246618,109,0,3074,0
2020-06-07,Russia,NA,Ulyanovsk Oblast,1246618,94,0,3168,0
2020-06-08,Russia,NA,Ulyanovsk Oblast,1246618,97,0,3265,0
2020-06-09,Russia,NA,Ulyanovsk Oblast,1246618,94,0,3359,0
2020-06-10,Russia,NA,Ulyanovsk Oblast,1246618,91,0,3450,0
2020-06-11,Russia,NA,Ulyanovsk Oblast,1246618,88,0,3538,0
2020-06-12,Russia,NA,Ulyanovsk Oblast,1246618,95,0,3633,0
2020-06-13,Russia,NA,Ulyanovsk Oblast,1246618,150,0,3783,0
2020-06-14,Russia,NA,Ulyanovsk Oblast,1246618,119,0,3902,0
2020-06-15,Russia,NA,Ulyanovsk Oblast,1246618,146,0,4048,0
2020-06-16,Russia,NA,Ulyanovsk Oblast,1246618,147,0,4195,0
2020-06-17,Russia,NA,Ulyanovsk Oblast,1246618,149,0,4344,0
2020-06-18,Russia,NA,Ulyanovsk Oblast,1246618,123,0,4467,0
2020-06-19,Russia,NA,Ulyanovsk Oblast,1246618,122,0,4589,0
2020-06-20,Russia,NA,Ulyanovsk Oblast,1246618,111,0,4700,0
2020-06-21,Russia,NA,Ulyanovsk Oblast,1246618,110,0,4810,0
2020-06-22,Russia,NA,Ulyanovsk Oblast,1246618,110,0,4920,0
2020-06-23,Russia,NA,Ulyanovsk Oblast,1246618,106,0,5026,0
2020-06-24,Russia,NA,Ulyanovsk Oblast,1246618,107,0,5133,0
2020-06-25,Russia,NA,Ulyanovsk Oblast,1246618,109,0,5242,0
2020-06-26,Russia,NA,Ulyanovsk Oblast,1246618,110,0,5352,0
2020-06-27,Russia,NA,Ulyanovsk Oblast,1246618,109,0,5461,0
2020-06-28,Russia,NA,Ulyanovsk Oblast,1246618,106,0,5567,0
2020-06-29,Russia,NA,Ulyanovsk Oblast,1246618,107,0,5674,0
2020-06-30,Russia,NA,Ulyanovsk Oblast,1246618,106,0,5780,0
2020-07-01,Russia,NA,Ulyanovsk Oblast,1246618,108,0,5888,0
2020-07-02,Russia,NA,Ulyanovsk Oblast,1246618,105,0,5993,0
2020-07-03,Russia,NA,Ulyanovsk Oblast,1246618,103,0,6096,0
2020-07-04,Russia,NA,Ulyanovsk Oblast,1246618,107,0,6203,0
2020-07-05,Russia,NA,Ulyanovsk Oblast,1246618,105,0,6308,0
2020-07-06,Russia,NA,Ulyanovsk Oblast,1246618,107,0,6415,0
2020-07-07,Russia,NA,Ulyanovsk Oblast,1246618,105,0,6520,0
2020-07-08,Russia,NA,Ulyanovsk Oblast,1246618,108,0,6628,0
2020-07-09,Russia,NA,Ulyanovsk Oblast,1246618,105,0,6733,0
2020-07-10,Russia,NA,Ulyanovsk Oblast,1246618,103,0,6836,0
2020-07-11,Russia,NA,Ulyanovsk Oblast,1246618,108,0,6944,0
2020-07-12,Russia,NA,Ulyanovsk Oblast,1246618,107,0,7051,0
2020-07-13,Russia,NA,Ulyanovsk Oblast,1246618,111,0,7162,0
2020-07-14,Russia,NA,Ulyanovsk Oblast,1246618,110,0,7272,0
2020-07-15,Russia,NA,Ulyanovsk Oblast,1246618,110,0,7382,0
2020-07-16,Russia,NA,Ulyanovsk Oblast,1246618,111,0,7493,0
2020-07-17,Russia,NA,Ulyanovsk Oblast,1246618,103,0,7596,0
2020-07-18,Russia,NA,Ulyanovsk Oblast,1246618,110,0,7706,0
2020-07-19,Russia,NA,Ulyanovsk Oblast,1246618,112,0,7818,0
2020-07-20,Russia,NA,Ulyanovsk Oblast,1246618,109,0,7927,0
2020-07-21,Russia,NA,Ulyanovsk Oblast,1246618,110,0,8037,0
2020-07-22,Russia,NA,Ulyanovsk Oblast,1246618,100,0,8137,0
2020-07-23,Russia,NA,Ulyanovsk Oblast,1246618,110,0,8247,0
2020-07-24,Russia,NA,Ulyanovsk Oblast,1246618,110,0,8357,0
2020-07-25,Russia,NA,Ulyanovsk Oblast,1246618,104,0,8461,0
2020-07-26,Russia,NA,Ulyanovsk Oblast,1246618,108,0,8569,0
2020-07-27,Russia,NA,Ulyanovsk Oblast,1246618,102,0,8671,0
2020-07-28,Russia,NA,Ulyanovsk Oblast,1246618,110,0,8781,0
2020-07-29,Russia,NA,Ulyanovsk Oblast,1246618,104,0,8885,0
2020-07-30,Russia,NA,Ulyanovsk Oblast,1246618,110,0,8995,0
2020-07-31,Russia,NA,Ulyanovsk Oblast,1246618,100,0,9095,0
2020-08-01,Russia,NA,Ulyanovsk Oblast,1246618,110,0,9205,0
2020-08-02,Russia,NA,Ulyanovsk Oblast,1246618,102,0,9307,73
2020-08-03,Russia,NA,Ulyanovsk Oblast,1246618,110,0,9417,73
2020-08-04,Russia,NA,Ulyanovsk Oblast,1246618,109,0,9526,73
2020-08-05,Russia,NA,Ulyanovsk Oblast,1246618,100,0,9626,73
2020-08-06,Russia,NA,Ulyanovsk Oblast,1246618,109,0,9735,73
2020-08-07,Russia,NA,Ulyanovsk Oblast,1246618,100,0,9835,73
2020-08-08,Russia,NA,Ulyanovsk Oblast,1246618,100,0,9935,73
2020-08-09,Russia,NA,Ulyanovsk Oblast,1246618,110,0,10045,73
2020-08-10,Russia,NA,Ulyanovsk Oblast,1246618,95,0,10140,73
2020-08-11,Russia,NA,Ulyanovsk Oblast,1246618,115,0,10255,73
2020-08-12,Russia,NA,Ulyanovsk Oblast,1246618,91,0,10346,73
2020-08-13,Russia,NA,Ulyanovsk Oblast,1246618,94,0,10440,73
2020-08-14,Russia,NA,Ulyanovsk Oblast,1246618,86,0,10526,73
2020-08-15,Russia,NA,Ulyanovsk Oblast,1246618,120,0,10646,73
2020-08-16,Russia,NA,Ulyanovsk Oblast,1246618,91,0,10737,73
2020-08-17,Russia,NA,Ulyanovsk Oblast,1246618,102,0,10839,73
2020-08-18,Russia,NA,Ulyanovsk Oblast,1246618,95,0,10934,73
2020-08-19,Russia,NA,Ulyanovsk Oblast,1246618,91,0,11025,73
2020-08-20,Russia,NA,Ulyanovsk Oblast,1246618,99,3,11124,76
2020-08-21,Russia,NA,Ulyanovsk Oblast,1246618,91,4,11215,80
2020-08-22,Russia,NA,Ulyanovsk Oblast,1246618,87,7,11302,87
2020-08-23,Russia,NA,Ulyanovsk Oblast,1246618,84,0,11386,87
2020-08-24,Russia,NA,Ulyanovsk Oblast,1246618,87,4,11473,91
2020-08-25,Russia,NA,Ulyanovsk Oblast,1246618,85,0,11558,91
2020-08-26,Russia,NA,Ulyanovsk Oblast,1246618,80,0,11638,91
2020-08-27,Russia,NA,Ulyanovsk Oblast,1246618,80,0,11718,91
2020-08-28,Russia,NA,Ulyanovsk Oblast,1246618,89,0,11807,91
2020-08-29,Russia,NA,Ulyanovsk Oblast,1246618,85,2,11892,93
2020-08-30,Russia,NA,Ulyanovsk Oblast,1246618,89,0,11981,93
2020-08-31,Russia,NA,Ulyanovsk Oblast,1246618,91,8,12072,101
2020-04-15,Russia,NA,Vladimir Oblast,1378337,45,0,145,0
2020-04-16,Russia,NA,Vladimir Oblast,1378337,14,0,159,0
2020-04-17,Russia,NA,Vladimir Oblast,1378337,24,0,183,0
2020-04-18,Russia,NA,Vladimir Oblast,1378337,15,0,198,0
2020-04-19,Russia,NA,Vladimir Oblast,1378337,27,0,225,0
2020-04-20,Russia,NA,Vladimir Oblast,1378337,34,0,259,0
2020-04-21,Russia,NA,Vladimir Oblast,1378337,21,0,280,0
2020-04-22,Russia,NA,Vladimir Oblast,1378337,13,0,293,0
2020-04-23,Russia,NA,Vladimir Oblast,1378337,46,0,339,0
2020-04-24,Russia,NA,Vladimir Oblast,1378337,42,0,381,0
2020-04-25,Russia,NA,Vladimir Oblast,1378337,45,0,426,0
2020-04-26,Russia,NA,Vladimir Oblast,1378337,49,0,475,0
2020-04-27,Russia,NA,Vladimir Oblast,1378337,43,0,518,0
2020-04-28,Russia,NA,Vladimir Oblast,1378337,79,0,597,0
2020-04-29,Russia,NA,Vladimir Oblast,1378337,37,0,634,0
2020-04-30,Russia,NA,Vladimir Oblast,1378337,35,0,669,0
2020-05-01,Russia,NA,Vladimir Oblast,1378337,46,0,715,0
2020-05-02,Russia,NA,Vladimir Oblast,1378337,60,0,775,0
2020-05-03,Russia,NA,Vladimir Oblast,1378337,55,0,830,0
2020-05-04,Russia,NA,Vladimir Oblast,1378337,66,0,896,0
2020-05-05,Russia,NA,Vladimir Oblast,1378337,48,0,944,0
2020-05-06,Russia,NA,Vladimir Oblast,1378337,57,0,1001,0
2020-05-07,Russia,NA,Vladimir Oblast,1378337,78,0,1079,0
2020-05-08,Russia,NA,Vladimir Oblast,1378337,15,0,1094,0
2020-05-09,Russia,NA,Vladimir Oblast,1378337,42,0,1136,0
2020-05-10,Russia,NA,Vladimir Oblast,1378337,83,0,1219,0
2020-05-11,Russia,NA,Vladimir Oblast,1378337,77,0,1296,0
2020-05-12,Russia,NA,Vladimir Oblast,1378337,61,0,1357,0
2020-05-13,Russia,NA,Vladimir Oblast,1378337,72,0,1429,0
2020-05-14,Russia,NA,Vladimir Oblast,1378337,45,0,1474,0
2020-05-15,Russia,NA,Vladimir Oblast,1378337,88,0,1562,0
2020-05-16,Russia,NA,Vladimir Oblast,1378337,65,0,1627,0
2020-05-17,Russia,NA,Vladimir Oblast,1378337,81,0,1708,0
2020-05-18,Russia,NA,Vladimir Oblast,1378337,99,0,1807,0
2020-05-19,Russia,NA,Vladimir Oblast,1378337,83,0,1890,0
2020-05-20,Russia,NA,Vladimir Oblast,1378337,66,0,1956,0
2020-05-21,Russia,NA,Vladimir Oblast,1378337,57,0,2013,0
2020-05-22,Russia,NA,Vladimir Oblast,1378337,77,0,2090,0
2020-05-23,Russia,NA,Vladimir Oblast,1378337,74,0,2164,0
2020-05-24,Russia,NA,Vladimir Oblast,1378337,59,0,2223,0
2020-05-25,Russia,NA,Vladimir Oblast,1378337,69,0,2292,0
2020-05-26,Russia,NA,Vladimir Oblast,1378337,57,0,2349,0
2020-05-27,Russia,NA,Vladimir Oblast,1378337,55,0,2404,0
2020-05-28,Russia,NA,Vladimir Oblast,1378337,61,0,2465,0
2020-05-29,Russia,NA,Vladimir Oblast,1378337,59,0,2524,0
2020-05-30,Russia,NA,Vladimir Oblast,1378337,63,0,2587,0
2020-05-31,Russia,NA,Vladimir Oblast,1378337,59,0,2646,0
2020-06-01,Russia,NA,Vladimir Oblast,1378337,59,0,2705,0
2020-06-02,Russia,NA,Vladimir Oblast,1378337,62,0,2767,0
2020-06-03,Russia,NA,Vladimir Oblast,1378337,56,0,2823,0
2020-06-04,Russia,NA,Vladimir Oblast,1378337,55,0,2878,0
2020-06-05,Russia,NA,Vladimir Oblast,1378337,58,0,2936,0
2020-06-06,Russia,NA,Vladimir Oblast,1378337,60,0,2996,0
2020-06-07,Russia,NA,Vladimir Oblast,1378337,63,0,3059,0
2020-06-08,Russia,NA,Vladimir Oblast,1378337,62,0,3121,0
2020-06-09,Russia,NA,Vladimir Oblast,1378337,54,0,3175,0
2020-06-10,Russia,NA,Vladimir Oblast,1378337,55,0,3230,0
2020-06-11,Russia,NA,Vladimir Oblast,1378337,64,0,3294,0
2020-06-12,Russia,NA,Vladimir Oblast,1378337,66,0,3360,0
2020-06-13,Russia,NA,Vladimir Oblast,1378337,63,0,3423,0
2020-06-14,Russia,NA,Vladimir Oblast,1378337,59,0,3482,0
2020-06-15,Russia,NA,Vladimir Oblast,1378337,57,0,3539,0
2020-06-16,Russia,NA,Vladimir Oblast,1378337,60,0,3599,0
2020-06-17,Russia,NA,Vladimir Oblast,1378337,56,0,3655,0
2020-06-18,Russia,NA,Vladimir Oblast,1378337,54,0,3709,0
2020-06-19,Russia,NA,Vladimir Oblast,1378337,56,0,3765,0
2020-06-20,Russia,NA,Vladimir Oblast,1378337,55,0,3820,0
2020-06-21,Russia,NA,Vladimir Oblast,1378337,53,0,3873,0
2020-06-22,Russia,NA,Vladimir Oblast,1378337,51,0,3924,0
2020-06-23,Russia,NA,Vladimir Oblast,1378337,52,0,3976,0
2020-06-24,Russia,NA,Vladimir Oblast,1378337,50,0,4026,0
2020-06-25,Russia,NA,Vladimir Oblast,1378337,53,0,4079,0
2020-06-26,Russia,NA,Vladimir Oblast,1378337,51,0,4130,0
2020-06-27,Russia,NA,Vladimir Oblast,1378337,54,0,4184,0
2020-06-28,Russia,NA,Vladimir Oblast,1378337,49,0,4233,0
2020-06-29,Russia,NA,Vladimir Oblast,1378337,51,0,4284,0
2020-06-30,Russia,NA,Vladimir Oblast,1378337,48,0,4332,0
2020-07-01,Russia,NA,Vladimir Oblast,1378337,46,0,4378,0
2020-07-02,Russia,NA,Vladimir Oblast,1378337,48,0,4426,0
2020-07-03,Russia,NA,Vladimir Oblast,1378337,49,0,4475,0
2020-07-04,Russia,NA,Vladimir Oblast,1378337,47,0,4522,0
2020-07-05,Russia,NA,Vladimir Oblast,1378337,46,0,4568,0
2020-07-06,Russia,NA,Vladimir Oblast,1378337,49,0,4617,0
2020-07-07,Russia,NA,Vladimir Oblast,1378337,47,0,4664,0
2020-07-08,Russia,NA,Vladimir Oblast,1378337,45,0,4709,0
2020-07-09,Russia,NA,Vladimir Oblast,1378337,46,0,4755,0
2020-07-10,Russia,NA,Vladimir Oblast,1378337,44,0,4799,0
2020-07-11,Russia,NA,Vladimir Oblast,1378337,45,0,4844,0
2020-07-12,Russia,NA,Vladimir Oblast,1378337,43,0,4887,0
2020-07-13,Russia,NA,Vladimir Oblast,1378337,45,0,4932,0
2020-07-14,Russia,NA,Vladimir Oblast,1378337,44,0,4976,0
2020-07-15,Russia,NA,Vladimir Oblast,1378337,42,0,5018,0
2020-07-16,Russia,NA,Vladimir Oblast,1378337,43,0,5061,0
2020-07-17,Russia,NA,Vladimir Oblast,1378337,42,0,5103,0
2020-07-18,Russia,NA,Vladimir Oblast,1378337,44,0,5147,0
2020-07-19,Russia,NA,Vladimir Oblast,1378337,41,0,5188,0
2020-07-20,Russia,NA,Vladimir Oblast,1378337,43,0,5231,0
2020-07-21,Russia,NA,Vladimir Oblast,1378337,37,0,5268,0
2020-07-22,Russia,NA,Vladimir Oblast,1378337,35,0,5303,0
2020-07-23,Russia,NA,Vladimir Oblast,1378337,36,0,5339,0
2020-07-24,Russia,NA,Vladimir Oblast,1378337,33,0,5372,0
2020-07-25,Russia,NA,Vladimir Oblast,1378337,31,0,5403,0
2020-07-26,Russia,NA,Vladimir Oblast,1378337,29,0,5432,0
2020-07-27,Russia,NA,Vladimir Oblast,1378337,28,0,5460,0
2020-07-28,Russia,NA,Vladimir Oblast,1378337,26,0,5486,0
2020-07-29,Russia,NA,Vladimir Oblast,1378337,25,0,5511,0
2020-07-30,Russia,NA,Vladimir Oblast,1378337,22,0,5533,0
2020-07-31,Russia,NA,Vladimir Oblast,1378337,23,0,5556,0
2020-08-01,Russia,NA,Vladimir Oblast,1378337,24,0,5580,0
2020-08-02,Russia,NA,Vladimir Oblast,1378337,25,0,5635,146
2020-08-03,Russia,NA,Vladimir Oblast,1378337,24,1,5659,147
2020-08-04,Russia,NA,Vladimir Oblast,1378337,24,2,5683,149
2020-08-05,Russia,NA,Vladimir Oblast,1378337,22,4,5705,153
2020-08-06,Russia,NA,Vladimir Oblast,1378337,20,3,5725,156
2020-08-07,Russia,NA,Vladimir Oblast,1378337,23,2,5748,158
2020-08-08,Russia,NA,Vladimir Oblast,1378337,24,3,5772,161
2020-08-09,Russia,NA,Vladimir Oblast,1378337,22,2,5794,163
2020-08-10,Russia,NA,Vladimir Oblast,1378337,21,2,5815,165
2020-08-11,Russia,NA,Vladimir Oblast,1378337,20,3,5835,168
2020-08-12,Russia,NA,Vladimir Oblast,1378337,21,4,5856,172
2020-08-13,Russia,NA,Vladimir Oblast,1378337,20,3,5876,175
2020-08-14,Russia,NA,Vladimir Oblast,1378337,24,3,5900,178
2020-08-15,Russia,NA,Vladimir Oblast,1378337,23,4,5923,182
2020-08-16,Russia,NA,Vladimir Oblast,1378337,25,2,5948,184
2020-08-17,Russia,NA,Vladimir Oblast,1378337,24,2,5972,186
2020-08-18,Russia,NA,Vladimir Oblast,1378337,22,4,5994,190
2020-08-19,Russia,NA,Vladimir Oblast,1378337,23,1,6017,191
2020-08-20,Russia,NA,Vladimir Oblast,1378337,25,0,6042,191
2020-08-21,Russia,NA,Vladimir Oblast,1378337,24,0,6066,191
2020-08-22,Russia,NA,Vladimir Oblast,1378337,23,1,6089,192
2020-08-23,Russia,NA,Vladimir Oblast,1378337,25,0,6114,192
2020-08-24,Russia,NA,Vladimir Oblast,1378337,23,0,6137,192
2020-08-25,Russia,NA,Vladimir Oblast,1378337,22,1,6159,193
2020-08-26,Russia,NA,Vladimir Oblast,1378337,26,0,6185,193
2020-08-27,Russia,NA,Vladimir Oblast,1378337,27,0,6212,193
2020-08-28,Russia,NA,Vladimir Oblast,1378337,25,0,6237,193
2020-08-29,Russia,NA,Vladimir Oblast,1378337,27,1,6264,194
2020-08-30,Russia,NA,Vladimir Oblast,1378337,28,0,6292,194
2020-08-31,Russia,NA,Vladimir Oblast,1378337,26,0,6318,194
2020-04-20,Russia,NA,Volgograd Oblast,2521276,18,0,111,0
2020-04-21,Russia,NA,Volgograd Oblast,2521276,23,0,134,0
2020-04-22,Russia,NA,Volgograd Oblast,2521276,11,0,145,0
2020-04-23,Russia,NA,Volgograd Oblast,2521276,20,0,165,0
2020-04-24,Russia,NA,Volgograd Oblast,2521276,21,0,186,0
2020-04-25,Russia,NA,Volgograd Oblast,2521276,26,0,212,0
2020-04-26,Russia,NA,Volgograd Oblast,2521276,30,0,242,0
2020-04-27,Russia,NA,Volgograd Oblast,2521276,30,0,272,0
2020-04-28,Russia,NA,Volgograd Oblast,2521276,25,0,297,0
2020-04-29,Russia,NA,Volgograd Oblast,2521276,16,0,313,0
2020-04-30,Russia,NA,Volgograd Oblast,2521276,31,0,344,0
2020-05-01,Russia,NA,Volgograd Oblast,2521276,42,0,386,0
2020-05-02,Russia,NA,Volgograd Oblast,2521276,46,0,432,0
2020-05-03,Russia,NA,Volgograd Oblast,2521276,42,0,474,0
2020-05-04,Russia,NA,Volgograd Oblast,2521276,42,0,516,0
2020-05-05,Russia,NA,Volgograd Oblast,2521276,62,0,578,0
2020-05-06,Russia,NA,Volgograd Oblast,2521276,69,0,647,0
2020-05-07,Russia,NA,Volgograd Oblast,2521276,64,0,711,0
2020-05-08,Russia,NA,Volgograd Oblast,2521276,80,0,791,0
2020-05-09,Russia,NA,Volgograd Oblast,2521276,102,0,893,0
2020-05-10,Russia,NA,Volgograd Oblast,2521276,119,0,1012,0
2020-05-11,Russia,NA,Volgograd Oblast,2521276,49,0,1061,0
2020-05-12,Russia,NA,Volgograd Oblast,2521276,74,0,1135,0
2020-05-13,Russia,NA,Volgograd Oblast,2521276,124,0,1259,0
2020-05-14,Russia,NA,Volgograd Oblast,2521276,96,0,1355,0
2020-05-15,Russia,NA,Volgograd Oblast,2521276,90,0,1445,0
2020-05-16,Russia,NA,Volgograd Oblast,2521276,86,0,1531,0
2020-05-17,Russia,NA,Volgograd Oblast,2521276,65,0,1596,0
2020-05-18,Russia,NA,Volgograd Oblast,2521276,65,0,1661,0
2020-05-19,Russia,NA,Volgograd Oblast,2521276,86,0,1747,0
2020-05-20,Russia,NA,Volgograd Oblast,2521276,84,0,1831,0
2020-05-21,Russia,NA,Volgograd Oblast,2521276,82,0,1913,0
2020-05-22,Russia,NA,Volgograd Oblast,2521276,89,0,2002,0
2020-05-23,Russia,NA,Volgograd Oblast,2521276,107,0,2109,0
2020-05-24,Russia,NA,Volgograd Oblast,2521276,98,0,2207,0
2020-05-25,Russia,NA,Volgograd Oblast,2521276,89,0,2296,0
2020-05-26,Russia,NA,Volgograd Oblast,2521276,88,0,2384,0
2020-05-27,Russia,NA,Volgograd Oblast,2521276,86,0,2470,0
2020-05-28,Russia,NA,Volgograd Oblast,2521276,111,0,2581,0
2020-05-29,Russia,NA,Volgograd Oblast,2521276,133,0,2714,0
2020-05-30,Russia,NA,Volgograd Oblast,2521276,154,0,2868,0
2020-05-31,Russia,NA,Volgograd Oblast,2521276,158,0,3026,0
2020-06-01,Russia,NA,Volgograd Oblast,2521276,189,0,3215,0
2020-06-02,Russia,NA,Volgograd Oblast,2521276,119,0,3334,0
2020-06-03,Russia,NA,Volgograd Oblast,2521276,98,0,3432,0
2020-06-04,Russia,NA,Volgograd Oblast,2521276,109,0,3541,0
2020-06-05,Russia,NA,Volgograd Oblast,2521276,128,0,3669,0
2020-06-06,Russia,NA,Volgograd Oblast,2521276,125,0,3794,0
2020-06-07,Russia,NA,Volgograd Oblast,2521276,119,0,3913,0
2020-06-08,Russia,NA,Volgograd Oblast,2521276,117,0,4030,0
2020-06-09,Russia,NA,Volgograd Oblast,2521276,92,0,4122,0
2020-06-10,Russia,NA,Volgograd Oblast,2521276,116,0,4238,0
2020-06-11,Russia,NA,Volgograd Oblast,2521276,108,0,4346,0
2020-06-12,Russia,NA,Volgograd Oblast,2521276,114,0,4460,0
2020-06-13,Russia,NA,Volgograd Oblast,2521276,109,0,4569,0
2020-06-14,Russia,NA,Volgograd Oblast,2521276,108,0,4677,0
2020-06-15,Russia,NA,Volgograd Oblast,2521276,106,0,4783,0
2020-06-16,Russia,NA,Volgograd Oblast,2521276,104,0,4887,0
2020-06-17,Russia,NA,Volgograd Oblast,2521276,104,0,4991,0
2020-06-18,Russia,NA,Volgograd Oblast,2521276,109,0,5100,0
2020-06-19,Russia,NA,Volgograd Oblast,2521276,107,0,5207,0
2020-06-20,Russia,NA,Volgograd Oblast,2521276,105,0,5312,0
2020-06-21,Russia,NA,Volgograd Oblast,2521276,98,0,5410,0
2020-06-22,Russia,NA,Volgograd Oblast,2521276,108,0,5518,0
2020-06-23,Russia,NA,Volgograd Oblast,2521276,104,0,5622,0
2020-06-24,Russia,NA,Volgograd Oblast,2521276,102,0,5724,0
2020-06-25,Russia,NA,Volgograd Oblast,2521276,101,0,5825,0
2020-06-26,Russia,NA,Volgograd Oblast,2521276,110,0,5935,0
2020-06-27,Russia,NA,Volgograd Oblast,2521276,102,0,6037,0
2020-06-28,Russia,NA,Volgograd Oblast,2521276,98,0,6135,0
2020-06-29,Russia,NA,Volgograd Oblast,2521276,97,0,6232,0
2020-06-30,Russia,NA,Volgograd Oblast,2521276,95,0,6327,0
2020-07-01,Russia,NA,Volgograd Oblast,2521276,92,0,6419,0
2020-07-02,Russia,NA,Volgograd Oblast,2521276,89,0,6508,0
2020-07-03,Russia,NA,Volgograd Oblast,2521276,89,0,6597,0
2020-07-04,Russia,NA,Volgograd Oblast,2521276,91,0,6688,0
2020-07-05,Russia,NA,Volgograd Oblast,2521276,95,0,6783,0
2020-07-06,Russia,NA,Volgograd Oblast,2521276,94,0,6877,0
2020-07-07,Russia,NA,Volgograd Oblast,2521276,92,0,6969,0
2020-07-08,Russia,NA,Volgograd Oblast,2521276,89,0,7058,0
2020-07-09,Russia,NA,Volgograd Oblast,2521276,88,0,7146,0
2020-07-10,Russia,NA,Volgograd Oblast,2521276,94,0,7240,0
2020-07-11,Russia,NA,Volgograd Oblast,2521276,92,0,7332,0
2020-07-12,Russia,NA,Volgograd Oblast,2521276,96,0,7428,0
2020-07-13,Russia,NA,Volgograd Oblast,2521276,88,0,7516,0
2020-07-14,Russia,NA,Volgograd Oblast,2521276,85,0,7601,0
2020-07-15,Russia,NA,Volgograd Oblast,2521276,93,0,7694,0
2020-07-16,Russia,NA,Volgograd Oblast,2521276,91,0,7785,0
2020-07-17,Russia,NA,Volgograd Oblast,2521276,94,0,7879,0
2020-07-18,Russia,NA,Volgograd Oblast,2521276,89,0,7968,0
2020-07-19,Russia,NA,Volgograd Oblast,2521276,88,0,8056,0
2020-07-20,Russia,NA,Volgograd Oblast,2521276,93,0,8149,0
2020-07-21,Russia,NA,Volgograd Oblast,2521276,95,0,8244,0
2020-07-22,Russia,NA,Volgograd Oblast,2521276,96,0,8340,0
2020-07-23,Russia,NA,Volgograd Oblast,2521276,91,0,8431,0
2020-07-24,Russia,NA,Volgograd Oblast,2521276,86,0,8517,0
2020-07-25,Russia,NA,Volgograd Oblast,2521276,85,0,8602,0
2020-07-26,Russia,NA,Volgograd Oblast,2521276,87,0,8689,0
2020-07-27,Russia,NA,Volgograd Oblast,2521276,89,0,8778,0
2020-07-28,Russia,NA,Volgograd Oblast,2521276,92,0,8870,0
2020-07-29,Russia,NA,Volgograd Oblast,2521276,88,0,8958,0
2020-07-30,Russia,NA,Volgograd Oblast,2521276,94,0,9052,0
2020-07-31,Russia,NA,Volgograd Oblast,2521276,90,0,9142,0
2020-08-01,Russia,NA,Volgograd Oblast,2521276,95,0,9237,0
2020-08-02,Russia,NA,Volgograd Oblast,2521276,91,0,9328,64
2020-08-03,Russia,NA,Volgograd Oblast,2521276,97,1,9425,65
2020-08-04,Russia,NA,Volgograd Oblast,2521276,92,0,9517,65
2020-08-05,Russia,NA,Volgograd Oblast,2521276,96,2,9613,67
2020-08-06,Russia,NA,Volgograd Oblast,2521276,98,1,9711,68
2020-08-07,Russia,NA,Volgograd Oblast,2521276,93,1,9804,69
2020-08-08,Russia,NA,Volgograd Oblast,2521276,88,1,9892,70
2020-08-09,Russia,NA,Volgograd Oblast,2521276,106,2,9998,72
2020-08-10,Russia,NA,Volgograd Oblast,2521276,97,0,10095,72
2020-08-11,Russia,NA,Volgograd Oblast,2521276,95,1,10190,73
2020-08-12,Russia,NA,Volgograd Oblast,2521276,91,2,10281,75
2020-08-13,Russia,NA,Volgograd Oblast,2521276,102,0,10383,75
2020-08-14,Russia,NA,Volgograd Oblast,2521276,97,2,10480,77
2020-08-15,Russia,NA,Volgograd Oblast,2521276,96,1,10576,78
2020-08-16,Russia,NA,Volgograd Oblast,2521276,92,1,10668,79
2020-08-17,Russia,NA,Volgograd Oblast,2521276,95,0,10763,79
2020-08-18,Russia,NA,Volgograd Oblast,2521276,89,1,10852,80
2020-08-19,Russia,NA,Volgograd Oblast,2521276,87,0,10939,80
2020-08-20,Russia,NA,Volgograd Oblast,2521276,84,2,11023,82
2020-08-21,Russia,NA,Volgograd Oblast,2521276,82,1,11105,83
2020-08-22,Russia,NA,Volgograd Oblast,2521276,85,1,11190,84
2020-08-23,Russia,NA,Volgograd Oblast,2521276,109,0,11299,84
2020-08-24,Russia,NA,Volgograd Oblast,2521276,112,1,11411,85
2020-08-25,Russia,NA,Volgograd Oblast,2521276,98,0,11509,85
2020-08-26,Russia,NA,Volgograd Oblast,2521276,108,2,11617,87
2020-08-27,Russia,NA,Volgograd Oblast,2521276,112,0,11729,87
2020-08-28,Russia,NA,Volgograd Oblast,2521276,107,3,11836,90
2020-08-29,Russia,NA,Volgograd Oblast,2521276,98,3,11934,93
2020-08-30,Russia,NA,Volgograd Oblast,2521276,96,4,12030,97
2020-08-31,Russia,NA,Volgograd Oblast,2521276,95,4,12125,101
2020-04-21,Russia,NA,Vologda Oblast,1176689,7,0,107,0
2020-04-22,Russia,NA,Vologda Oblast,1176689,7,0,114,0
2020-04-23,Russia,NA,Vologda Oblast,1176689,6,0,120,0
2020-04-24,Russia,NA,Vologda Oblast,1176689,9,0,129,0
2020-04-25,Russia,NA,Vologda Oblast,1176689,9,0,138,0
2020-04-26,Russia,NA,Vologda Oblast,1176689,7,0,145,0
2020-04-27,Russia,NA,Vologda Oblast,1176689,10,0,155,0
2020-04-28,Russia,NA,Vologda Oblast,1176689,5,0,160,0
2020-04-29,Russia,NA,Vologda Oblast,1176689,6,0,166,0
2020-04-30,Russia,NA,Vologda Oblast,1176689,7,0,173,0
2020-05-01,Russia,NA,Vologda Oblast,1176689,11,0,184,0
2020-05-02,Russia,NA,Vologda Oblast,1176689,15,0,199,0
2020-05-03,Russia,NA,Vologda Oblast,1176689,20,0,219,0
2020-05-04,Russia,NA,Vologda Oblast,1176689,4,0,223,0
2020-05-05,Russia,NA,Vologda Oblast,1176689,7,0,230,0
2020-05-06,Russia,NA,Vologda Oblast,1176689,6,0,236,0
2020-05-07,Russia,NA,Vologda Oblast,1176689,6,0,242,0
2020-05-08,Russia,NA,Vologda Oblast,1176689,12,0,254,0
2020-05-09,Russia,NA,Vologda Oblast,1176689,14,0,268,0
2020-05-10,Russia,NA,Vologda Oblast,1176689,19,0,287,0
2020-05-11,Russia,NA,Vologda Oblast,1176689,12,0,299,0
2020-05-12,Russia,NA,Vologda Oblast,1176689,19,0,318,0
2020-05-13,Russia,NA,Vologda Oblast,1176689,17,0,335,0
2020-05-14,Russia,NA,Vologda Oblast,1176689,12,0,347,0
2020-05-15,Russia,NA,Vologda Oblast,1176689,15,0,362,0
2020-05-16,Russia,NA,Vologda Oblast,1176689,37,0,399,0
2020-05-17,Russia,NA,Vologda Oblast,1176689,33,0,432,0
2020-05-18,Russia,NA,Vologda Oblast,1176689,23,0,455,0
2020-05-19,Russia,NA,Vologda Oblast,1176689,23,0,478,0
2020-05-20,Russia,NA,Vologda Oblast,1176689,25,0,503,0
2020-05-21,Russia,NA,Vologda Oblast,1176689,26,0,529,0
2020-05-22,Russia,NA,Vologda Oblast,1176689,34,0,563,0
2020-05-23,Russia,NA,Vologda Oblast,1176689,41,0,604,0
2020-05-24,Russia,NA,Vologda Oblast,1176689,40,0,644,0
2020-05-25,Russia,NA,Vologda Oblast,1176689,22,0,666,0
2020-05-26,Russia,NA,Vologda Oblast,1176689,34,0,700,0
2020-05-27,Russia,NA,Vologda Oblast,1176689,75,0,775,0
2020-05-28,Russia,NA,Vologda Oblast,1176689,59,0,834,0
2020-05-29,Russia,NA,Vologda Oblast,1176689,27,0,861,0
2020-05-30,Russia,NA,Vologda Oblast,1176689,22,0,883,0
2020-05-31,Russia,NA,Vologda Oblast,1176689,47,0,930,0
2020-06-01,Russia,NA,Vologda Oblast,1176689,23,0,953,0
2020-06-02,Russia,NA,Vologda Oblast,1176689,27,0,980,0
2020-06-03,Russia,NA,Vologda Oblast,1176689,19,0,999,0
2020-06-04,Russia,NA,Vologda Oblast,1176689,20,0,1019,0
2020-06-05,Russia,NA,Vologda Oblast,1176689,17,0,1036,0
2020-06-06,Russia,NA,Vologda Oblast,1176689,21,0,1057,0
2020-06-07,Russia,NA,Vologda Oblast,1176689,28,0,1085,0
2020-06-08,Russia,NA,Vologda Oblast,1176689,27,0,1112,0
2020-06-09,Russia,NA,Vologda Oblast,1176689,26,0,1138,0
2020-06-10,Russia,NA,Vologda Oblast,1176689,22,0,1160,0
2020-06-11,Russia,NA,Vologda Oblast,1176689,30,0,1190,0
2020-06-12,Russia,NA,Vologda Oblast,1176689,32,0,1222,0
2020-06-13,Russia,NA,Vologda Oblast,1176689,33,0,1255,0
2020-06-14,Russia,NA,Vologda Oblast,1176689,30,0,1285,0
2020-06-15,Russia,NA,Vologda Oblast,1176689,18,0,1303,0
2020-06-16,Russia,NA,Vologda Oblast,1176689,15,0,1318,0
2020-06-17,Russia,NA,Vologda Oblast,1176689,18,0,1336,0
2020-06-18,Russia,NA,Vologda Oblast,1176689,24,0,1360,0
2020-06-19,Russia,NA,Vologda Oblast,1176689,27,0,1387,0
2020-06-20,Russia,NA,Vologda Oblast,1176689,22,0,1409,0
2020-06-21,Russia,NA,Vologda Oblast,1176689,20,0,1429,0
2020-06-22,Russia,NA,Vologda Oblast,1176689,17,0,1446,0
2020-06-23,Russia,NA,Vologda Oblast,1176689,21,0,1467,0
2020-06-24,Russia,NA,Vologda Oblast,1176689,21,0,1488,0
2020-06-25,Russia,NA,Vologda Oblast,1176689,21,0,1509,0
2020-06-26,Russia,NA,Vologda Oblast,1176689,18,0,1527,0
2020-06-27,Russia,NA,Vologda Oblast,1176689,20,0,1547,0
2020-06-28,Russia,NA,Vologda Oblast,1176689,19,0,1566,0
2020-06-29,Russia,NA,Vologda Oblast,1176689,21,0,1587,0
2020-06-30,Russia,NA,Vologda Oblast,1176689,21,0,1608,0
2020-07-01,Russia,NA,Vologda Oblast,1176689,21,0,1629,0
2020-07-02,Russia,NA,Vologda Oblast,1176689,18,0,1647,0
2020-07-03,Russia,NA,Vologda Oblast,1176689,20,0,1667,0
2020-07-04,Russia,NA,Vologda Oblast,1176689,22,0,1689,0
2020-07-05,Russia,NA,Vologda Oblast,1176689,21,0,1710,0
2020-07-06,Russia,NA,Vologda Oblast,1176689,21,0,1731,0
2020-07-07,Russia,NA,Vologda Oblast,1176689,19,0,1750,0
2020-07-08,Russia,NA,Vologda Oblast,1176689,21,0,1771,0
2020-07-09,Russia,NA,Vologda Oblast,1176689,20,0,1791,0
2020-07-10,Russia,NA,Vologda Oblast,1176689,28,0,1819,0
2020-07-11,Russia,NA,Vologda Oblast,1176689,38,0,1857,0
2020-07-12,Russia,NA,Vologda Oblast,1176689,32,0,1889,0
2020-07-13,Russia,NA,Vologda Oblast,1176689,27,0,1916,0
2020-07-14,Russia,NA,Vologda Oblast,1176689,29,0,1945,0
2020-07-15,Russia,NA,Vologda Oblast,1176689,28,0,1973,0
2020-07-16,Russia,NA,Vologda Oblast,1176689,30,0,2003,0
2020-07-17,Russia,NA,Vologda Oblast,1176689,30,0,2033,0
2020-07-18,Russia,NA,Vologda Oblast,1176689,29,0,2062,0
2020-07-19,Russia,NA,Vologda Oblast,1176689,27,0,2089,0
2020-07-20,Russia,NA,Vologda Oblast,1176689,26,0,2115,0
2020-07-21,Russia,NA,Vologda Oblast,1176689,26,0,2141,0
2020-07-22,Russia,NA,Vologda Oblast,1176689,25,0,2166,0
2020-07-23,Russia,NA,Vologda Oblast,1176689,27,0,2193,0
2020-07-24,Russia,NA,Vologda Oblast,1176689,26,0,2219,0
2020-07-25,Russia,NA,Vologda Oblast,1176689,27,0,2246,0
2020-07-26,Russia,NA,Vologda Oblast,1176689,26,0,2272,0
2020-07-27,Russia,NA,Vologda Oblast,1176689,26,0,2298,0
2020-07-28,Russia,NA,Vologda Oblast,1176689,27,0,2325,0
2020-07-29,Russia,NA,Vologda Oblast,1176689,27,0,2352,0
2020-07-30,Russia,NA,Vologda Oblast,1176689,27,0,2379,0
2020-07-31,Russia,NA,Vologda Oblast,1176689,28,0,2407,0
2020-08-01,Russia,NA,Vologda Oblast,1176689,28,0,2435,0
2020-08-02,Russia,NA,Vologda Oblast,1176689,27,0,2461,25
2020-08-03,Russia,NA,Vologda Oblast,1176689,27,0,2488,25
2020-08-04,Russia,NA,Vologda Oblast,1176689,28,1,2516,26
2020-08-05,Russia,NA,Vologda Oblast,1176689,28,0,2544,26
2020-08-06,Russia,NA,Vologda Oblast,1176689,27,0,2571,26
2020-08-07,Russia,NA,Vologda Oblast,1176689,29,0,2600,26
2020-08-08,Russia,NA,Vologda Oblast,1176689,28,0,2628,26
2020-08-09,Russia,NA,Vologda Oblast,1176689,29,0,2657,26
2020-08-10,Russia,NA,Vologda Oblast,1176689,27,1,2684,27
2020-08-11,Russia,NA,Vologda Oblast,1176689,28,1,2712,28
2020-08-12,Russia,NA,Vologda Oblast,1176689,31,1,2743,29
2020-08-13,Russia,NA,Vologda Oblast,1176689,29,0,2772,29
2020-08-14,Russia,NA,Vologda Oblast,1176689,29,0,2801,29
2020-08-15,Russia,NA,Vologda Oblast,1176689,43,1,2844,30
2020-08-16,Russia,NA,Vologda Oblast,1176689,37,0,2881,30
2020-08-17,Russia,NA,Vologda Oblast,1176689,36,0,2917,30
2020-08-18,Russia,NA,Vologda Oblast,1176689,35,0,2952,30
2020-08-19,Russia,NA,Vologda Oblast,1176689,33,0,2985,30
2020-08-20,Russia,NA,Vologda Oblast,1176689,33,0,3018,30
2020-08-21,Russia,NA,Vologda Oblast,1176689,32,2,3050,32
2020-08-22,Russia,NA,Vologda Oblast,1176689,33,2,3083,34
2020-08-23,Russia,NA,Vologda Oblast,1176689,32,0,3115,34
2020-08-24,Russia,NA,Vologda Oblast,1176689,33,0,3148,34
2020-08-25,Russia,NA,Vologda Oblast,1176689,31,0,3179,34
2020-08-26,Russia,NA,Vologda Oblast,1176689,33,0,3212,34
2020-08-27,Russia,NA,Vologda Oblast,1176689,32,0,3244,34
2020-08-28,Russia,NA,Vologda Oblast,1176689,34,0,3278,34
2020-08-29,Russia,NA,Vologda Oblast,1176689,32,1,3310,35
2020-08-30,Russia,NA,Vologda Oblast,1176689,36,1,3346,36
2020-08-31,Russia,NA,Vologda Oblast,1176689,33,0,3379,36
2020-04-17,Russia,NA,Voronezh Oblast,2333768,19,0,108,0
2020-04-18,Russia,NA,Voronezh Oblast,2333768,22,0,130,0
2020-04-19,Russia,NA,Voronezh Oblast,2333768,26,0,156,0
2020-04-20,Russia,NA,Voronezh Oblast,2333768,24,0,180,0
2020-04-21,Russia,NA,Voronezh Oblast,2333768,31,0,211,0
2020-04-22,Russia,NA,Voronezh Oblast,2333768,25,0,236,0
2020-04-23,Russia,NA,Voronezh Oblast,2333768,25,0,261,0
2020-04-24,Russia,NA,Voronezh Oblast,2333768,30,0,291,0
2020-04-25,Russia,NA,Voronezh Oblast,2333768,22,0,313,0
2020-04-26,Russia,NA,Voronezh Oblast,2333768,25,0,338,0
2020-04-27,Russia,NA,Voronezh Oblast,2333768,20,0,358,0
2020-04-28,Russia,NA,Voronezh Oblast,2333768,62,0,420,0
2020-04-29,Russia,NA,Voronezh Oblast,2333768,39,0,459,0
2020-04-30,Russia,NA,Voronezh Oblast,2333768,34,0,493,0
2020-05-01,Russia,NA,Voronezh Oblast,2333768,36,0,529,0
2020-05-02,Russia,NA,Voronezh Oblast,2333768,36,0,565,0
2020-05-03,Russia,NA,Voronezh Oblast,2333768,37,0,602,0
2020-05-04,Russia,NA,Voronezh Oblast,2333768,34,0,636,0
2020-05-05,Russia,NA,Voronezh Oblast,2333768,31,0,667,0
2020-05-06,Russia,NA,Voronezh Oblast,2333768,30,0,697,0
2020-05-07,Russia,NA,Voronezh Oblast,2333768,34,0,731,0
2020-05-08,Russia,NA,Voronezh Oblast,2333768,35,0,766,0
2020-05-09,Russia,NA,Voronezh Oblast,2333768,43,0,809,0
2020-05-10,Russia,NA,Voronezh Oblast,2333768,39,0,848,0
2020-05-11,Russia,NA,Voronezh Oblast,2333768,51,0,899,0
2020-05-12,Russia,NA,Voronezh Oblast,2333768,44,0,943,0
2020-05-13,Russia,NA,Voronezh Oblast,2333768,40,0,983,0
2020-05-14,Russia,NA,Voronezh Oblast,2333768,45,0,1028,0
2020-05-15,Russia,NA,Voronezh Oblast,2333768,46,0,1074,0
2020-05-16,Russia,NA,Voronezh Oblast,2333768,39,0,1113,0
2020-05-17,Russia,NA,Voronezh Oblast,2333768,38,0,1151,0
2020-05-18,Russia,NA,Voronezh Oblast,2333768,44,0,1195,0
2020-05-19,Russia,NA,Voronezh Oblast,2333768,51,0,1246,0
2020-05-20,Russia,NA,Voronezh Oblast,2333768,20,0,1266,0
2020-05-21,Russia,NA,Voronezh Oblast,2333768,41,0,1307,0
2020-05-22,Russia,NA,Voronezh Oblast,2333768,55,0,1362,0
2020-05-23,Russia,NA,Voronezh Oblast,2333768,57,0,1419,0
2020-05-24,Russia,NA,Voronezh Oblast,2333768,44,0,1463,0
2020-05-25,Russia,NA,Voronezh Oblast,2333768,55,0,1518,0
2020-05-26,Russia,NA,Voronezh Oblast,2333768,63,0,1581,0
2020-05-27,Russia,NA,Voronezh Oblast,2333768,62,0,1643,0
2020-05-28,Russia,NA,Voronezh Oblast,2333768,110,0,1753,0
2020-05-29,Russia,NA,Voronezh Oblast,2333768,104,0,1857,0
2020-05-30,Russia,NA,Voronezh Oblast,2333768,89,0,1946,0
2020-05-31,Russia,NA,Voronezh Oblast,2333768,82,0,2028,0
2020-06-01,Russia,NA,Voronezh Oblast,2333768,111,0,2139,0
2020-06-02,Russia,NA,Voronezh Oblast,2333768,95,0,2234,0
2020-06-03,Russia,NA,Voronezh Oblast,2333768,127,0,2361,0
2020-06-04,Russia,NA,Voronezh Oblast,2333768,105,0,2466,0
2020-06-05,Russia,NA,Voronezh Oblast,2333768,126,0,2592,0
2020-06-06,Russia,NA,Voronezh Oblast,2333768,106,0,2698,0
2020-06-07,Russia,NA,Voronezh Oblast,2333768,139,0,2837,0
2020-06-08,Russia,NA,Voronezh Oblast,2333768,228,0,3065,0
2020-06-09,Russia,NA,Voronezh Oblast,2333768,220,0,3285,0
2020-06-10,Russia,NA,Voronezh Oblast,2333768,242,0,3527,0
2020-06-11,Russia,NA,Voronezh Oblast,2333768,239,0,3766,0
2020-06-12,Russia,NA,Voronezh Oblast,2333768,227,0,3993,0
2020-06-13,Russia,NA,Voronezh Oblast,2333768,228,0,4221,0
2020-06-14,Russia,NA,Voronezh Oblast,2333768,219,0,4440,0
2020-06-15,Russia,NA,Voronezh Oblast,2333768,220,0,4660,0
2020-06-16,Russia,NA,Voronezh Oblast,2333768,201,0,4861,0
2020-06-17,Russia,NA,Voronezh Oblast,2333768,201,0,5062,0
2020-06-18,Russia,NA,Voronezh Oblast,2333768,196,0,5258,0
2020-06-19,Russia,NA,Voronezh Oblast,2333768,203,0,5461,0
2020-06-20,Russia,NA,Voronezh Oblast,2333768,202,0,5663,0
2020-06-21,Russia,NA,Voronezh Oblast,2333768,200,0,5863,0
2020-06-22,Russia,NA,Voronezh Oblast,2333768,199,0,6062,0
2020-06-23,Russia,NA,Voronezh Oblast,2333768,197,0,6259,0
2020-06-24,Russia,NA,Voronezh Oblast,2333768,198,0,6457,0
2020-06-25,Russia,NA,Voronezh Oblast,2333768,196,0,6653,0
2020-06-26,Russia,NA,Voronezh Oblast,2333768,193,0,6846,0
2020-06-27,Russia,NA,Voronezh Oblast,2333768,190,0,7036,0
2020-06-28,Russia,NA,Voronezh Oblast,2333768,188,0,7224,0
2020-06-29,Russia,NA,Voronezh Oblast,2333768,185,0,7409,0
2020-06-30,Russia,NA,Voronezh Oblast,2333768,179,0,7588,0
2020-07-01,Russia,NA,Voronezh Oblast,2333768,166,0,7754,0
2020-07-02,Russia,NA,Voronezh Oblast,2333768,154,0,7908,0
2020-07-03,Russia,NA,Voronezh Oblast,2333768,151,0,8059,0
2020-07-04,Russia,NA,Voronezh Oblast,2333768,152,0,8211,0
2020-07-05,Russia,NA,Voronezh Oblast,2333768,148,0,8359,0
2020-07-06,Russia,NA,Voronezh Oblast,2333768,146,0,8505,0
2020-07-07,Russia,NA,Voronezh Oblast,2333768,139,0,8644,0
2020-07-08,Russia,NA,Voronezh Oblast,2333768,134,0,8778,0
2020-07-09,Russia,NA,Voronezh Oblast,2333768,131,0,8909,0
2020-07-10,Russia,NA,Voronezh Oblast,2333768,127,0,9036,0
2020-07-11,Russia,NA,Voronezh Oblast,2333768,123,0,9159,0
2020-07-12,Russia,NA,Voronezh Oblast,2333768,121,0,9280,0
2020-07-13,Russia,NA,Voronezh Oblast,2333768,119,0,9399,0
2020-07-14,Russia,NA,Voronezh Oblast,2333768,117,0,9516,0
2020-07-15,Russia,NA,Voronezh Oblast,2333768,115,0,9631,0
2020-07-16,Russia,NA,Voronezh Oblast,2333768,112,0,9743,0
2020-07-17,Russia,NA,Voronezh Oblast,2333768,109,0,9852,0
2020-07-18,Russia,NA,Voronezh Oblast,2333768,108,0,9960,0
2020-07-19,Russia,NA,Voronezh Oblast,2333768,105,0,10065,0
2020-07-20,Russia,NA,Voronezh Oblast,2333768,103,0,10168,0
2020-07-21,Russia,NA,Voronezh Oblast,2333768,90,0,10258,0
2020-07-22,Russia,NA,Voronezh Oblast,2333768,89,0,10347,0
2020-07-23,Russia,NA,Voronezh Oblast,2333768,89,0,10436,0
2020-07-24,Russia,NA,Voronezh Oblast,2333768,88,0,10524,0
2020-07-25,Russia,NA,Voronezh Oblast,2333768,99,0,10623,0
2020-07-26,Russia,NA,Voronezh Oblast,2333768,91,0,10714,0
2020-07-27,Russia,NA,Voronezh Oblast,2333768,89,0,10803,0
2020-07-28,Russia,NA,Voronezh Oblast,2333768,87,0,10890,0
2020-07-29,Russia,NA,Voronezh Oblast,2333768,86,0,10976,0
2020-07-30,Russia,NA,Voronezh Oblast,2333768,89,0,11065,0
2020-07-31,Russia,NA,Voronezh Oblast,2333768,88,0,11153,0
2020-08-01,Russia,NA,Voronezh Oblast,2333768,89,0,11242,0
2020-08-02,Russia,NA,Voronezh Oblast,2333768,88,0,11330,82
2020-08-03,Russia,NA,Voronezh Oblast,2333768,89,0,11419,82
2020-08-04,Russia,NA,Voronezh Oblast,2333768,94,1,11513,83
2020-08-05,Russia,NA,Voronezh Oblast,2333768,96,5,11609,88
2020-08-06,Russia,NA,Voronezh Oblast,2333768,96,2,11705,90
2020-08-07,Russia,NA,Voronezh Oblast,2333768,95,2,11800,92
2020-08-08,Russia,NA,Voronezh Oblast,2333768,97,1,11897,93
2020-08-09,Russia,NA,Voronezh Oblast,2333768,97,0,11994,93
2020-08-10,Russia,NA,Voronezh Oblast,2333768,96,0,12090,93
2020-08-11,Russia,NA,Voronezh Oblast,2333768,95,0,12185,93
2020-08-12,Russia,NA,Voronezh Oblast,2333768,93,3,12278,96
2020-08-13,Russia,NA,Voronezh Oblast,2333768,94,0,12372,96
2020-08-14,Russia,NA,Voronezh Oblast,2333768,93,1,12465,97
2020-08-15,Russia,NA,Voronezh Oblast,2333768,95,0,12560,97
2020-08-16,Russia,NA,Voronezh Oblast,2333768,95,0,12655,97
2020-08-17,Russia,NA,Voronezh Oblast,2333768,97,0,12752,97
2020-08-18,Russia,NA,Voronezh Oblast,2333768,95,0,12847,97
2020-08-19,Russia,NA,Voronezh Oblast,2333768,107,3,12954,100
2020-08-20,Russia,NA,Voronezh Oblast,2333768,99,3,13053,103
2020-08-21,Russia,NA,Voronezh Oblast,2333768,97,1,13150,104
2020-08-22,Russia,NA,Voronezh Oblast,2333768,94,0,13244,104
2020-08-23,Russia,NA,Voronezh Oblast,2333768,98,0,13342,104
2020-08-24,Russia,NA,Voronezh Oblast,2333768,97,0,13439,104
2020-08-25,Russia,NA,Voronezh Oblast,2333768,99,0,13538,104
2020-08-26,Russia,NA,Voronezh Oblast,2333768,97,1,13635,105
2020-08-27,Russia,NA,Voronezh Oblast,2333768,101,2,13736,107
2020-08-28,Russia,NA,Voronezh Oblast,2333768,113,0,13849,107
2020-08-29,Russia,NA,Voronezh Oblast,2333768,98,2,13947,109
2020-08-30,Russia,NA,Voronezh Oblast,2333768,99,0,14046,109
2020-08-31,Russia,NA,Voronezh Oblast,2333768,98,0,14144,109
2020-04-20,Russia,NA,Yakutia,970105,19,0,107,0
2020-04-21,Russia,NA,Yakutia,970105,4,0,111,0
2020-04-22,Russia,NA,Yakutia,970105,5,0,116,0
2020-04-23,Russia,NA,Yakutia,970105,12,0,128,0
2020-04-24,Russia,NA,Yakutia,970105,9,0,137,0
2020-04-25,Russia,NA,Yakutia,970105,4,0,141,0
2020-04-26,Russia,NA,Yakutia,970105,11,0,152,0
2020-04-27,Russia,NA,Yakutia,970105,7,0,159,0
2020-04-28,Russia,NA,Yakutia,970105,7,0,166,0
2020-04-29,Russia,NA,Yakutia,970105,17,0,183,0
2020-04-30,Russia,NA,Yakutia,970105,24,0,207,0
2020-05-01,Russia,NA,Yakutia,970105,22,0,229,0
2020-05-02,Russia,NA,Yakutia,970105,34,0,263,0
2020-05-03,Russia,NA,Yakutia,970105,19,0,282,0
2020-05-04,Russia,NA,Yakutia,970105,29,0,311,0
2020-05-05,Russia,NA,Yakutia,970105,20,0,331,0
2020-05-06,Russia,NA,Yakutia,970105,17,0,348,0
2020-05-07,Russia,NA,Yakutia,970105,37,0,385,0
2020-05-08,Russia,NA,Yakutia,970105,52,0,437,0
2020-05-09,Russia,NA,Yakutia,970105,40,0,477,0
2020-05-10,Russia,NA,Yakutia,970105,33,0,510,0
2020-05-11,Russia,NA,Yakutia,970105,41,0,551,0
2020-05-12,Russia,NA,Yakutia,970105,55,0,606,0
2020-05-13,Russia,NA,Yakutia,970105,46,0,652,0
2020-05-14,Russia,NA,Yakutia,970105,35,0,687,0
2020-05-15,Russia,NA,Yakutia,970105,35,0,722,0
2020-05-16,Russia,NA,Yakutia,970105,63,0,785,0
2020-05-17,Russia,NA,Yakutia,970105,43,0,828,0
2020-05-18,Russia,NA,Yakutia,970105,41,0,869,0
2020-05-19,Russia,NA,Yakutia,970105,45,0,914,0
2020-05-20,Russia,NA,Yakutia,970105,46,0,960,0
2020-05-21,Russia,NA,Yakutia,970105,37,0,997,0
2020-05-22,Russia,NA,Yakutia,970105,80,0,1077,0
2020-05-23,Russia,NA,Yakutia,970105,100,0,1177,0
2020-05-24,Russia,NA,Yakutia,970105,99,0,1276,0
2020-05-25,Russia,NA,Yakutia,970105,81,0,1357,0
2020-05-26,Russia,NA,Yakutia,970105,88,0,1445,0
2020-05-27,Russia,NA,Yakutia,970105,84,0,1529,0
2020-05-28,Russia,NA,Yakutia,970105,94,0,1623,0
2020-05-29,Russia,NA,Yakutia,970105,82,0,1705,0
2020-05-30,Russia,NA,Yakutia,970105,114,0,1819,0
2020-05-31,Russia,NA,Yakutia,970105,111,0,1930,0
2020-06-01,Russia,NA,Yakutia,970105,112,0,2042,0
2020-06-02,Russia,NA,Yakutia,970105,74,0,2116,0
2020-06-03,Russia,NA,Yakutia,970105,98,0,2214,0
2020-06-04,Russia,NA,Yakutia,970105,94,0,2308,0
2020-06-05,Russia,NA,Yakutia,970105,72,0,2380,0
2020-06-06,Russia,NA,Yakutia,970105,73,0,2453,0
2020-06-07,Russia,NA,Yakutia,970105,78,0,2531,0
2020-06-08,Russia,NA,Yakutia,970105,80,0,2611,0
2020-06-09,Russia,NA,Yakutia,970105,75,0,2686,0
2020-06-10,Russia,NA,Yakutia,970105,67,0,2753,0
2020-06-11,Russia,NA,Yakutia,970105,69,0,2822,0
2020-06-12,Russia,NA,Yakutia,970105,76,0,2898,0
2020-06-13,Russia,NA,Yakutia,970105,70,0,2968,0
2020-06-14,Russia,NA,Yakutia,970105,69,0,3037,0
2020-06-15,Russia,NA,Yakutia,970105,85,0,3122,0
2020-06-16,Russia,NA,Yakutia,970105,77,0,3199,0
2020-06-17,Russia,NA,Yakutia,970105,91,0,3290,0
2020-06-18,Russia,NA,Yakutia,970105,99,0,3389,0
2020-06-19,Russia,NA,Yakutia,970105,97,0,3486,0
2020-06-20,Russia,NA,Yakutia,970105,84,0,3570,0
2020-06-21,Russia,NA,Yakutia,970105,87,0,3657,0
2020-06-22,Russia,NA,Yakutia,970105,85,0,3742,0
2020-06-23,Russia,NA,Yakutia,970105,75,0,3817,0
2020-06-24,Russia,NA,Yakutia,970105,74,0,3891,0
2020-06-25,Russia,NA,Yakutia,970105,72,0,3963,0
2020-06-26,Russia,NA,Yakutia,970105,50,0,4013,0
2020-06-27,Russia,NA,Yakutia,970105,62,0,4075,0
2020-06-28,Russia,NA,Yakutia,970105,53,0,4128,0
2020-06-29,Russia,NA,Yakutia,970105,50,0,4178,0
2020-06-30,Russia,NA,Yakutia,970105,45,0,4223,0
2020-07-01,Russia,NA,Yakutia,970105,44,0,4267,0
2020-07-02,Russia,NA,Yakutia,970105,48,0,4315,0
2020-07-03,Russia,NA,Yakutia,970105,50,0,4365,0
2020-07-04,Russia,NA,Yakutia,970105,57,0,4422,0
2020-07-05,Russia,NA,Yakutia,970105,45,0,4467,0
2020-07-06,Russia,NA,Yakutia,970105,37,0,4504,0
2020-07-07,Russia,NA,Yakutia,970105,46,0,4550,0
2020-07-08,Russia,NA,Yakutia,970105,48,0,4598,0
2020-07-09,Russia,NA,Yakutia,970105,58,0,4656,0
2020-07-10,Russia,NA,Yakutia,970105,54,0,4710,0
2020-07-11,Russia,NA,Yakutia,970105,47,0,4757,0
2020-07-12,Russia,NA,Yakutia,970105,42,0,4799,0
2020-07-13,Russia,NA,Yakutia,970105,45,0,4844,0
2020-07-14,Russia,NA,Yakutia,970105,60,0,4904,0
2020-07-15,Russia,NA,Yakutia,970105,72,0,4976,0
2020-07-16,Russia,NA,Yakutia,970105,58,0,5034,0
2020-07-17,Russia,NA,Yakutia,970105,55,0,5089,0
2020-07-18,Russia,NA,Yakutia,970105,53,0,5142,0
2020-07-19,Russia,NA,Yakutia,970105,51,0,5193,0
2020-07-20,Russia,NA,Yakutia,970105,46,0,5239,0
2020-07-21,Russia,NA,Yakutia,970105,44,0,5283,0
2020-07-22,Russia,NA,Yakutia,970105,41,0,5324,0
2020-07-23,Russia,NA,Yakutia,970105,51,0,5375,0
2020-07-24,Russia,NA,Yakutia,970105,49,0,5424,0
2020-07-25,Russia,NA,Yakutia,970105,50,0,5474,0
2020-07-26,Russia,NA,Yakutia,970105,47,0,5521,0
2020-07-27,Russia,NA,Yakutia,970105,44,0,5565,0
2020-07-28,Russia,NA,Yakutia,970105,49,0,5614,0
2020-07-29,Russia,NA,Yakutia,970105,57,0,5671,0
2020-07-30,Russia,NA,Yakutia,970105,56,0,5727,0
2020-07-31,Russia,NA,Yakutia,970105,60,0,5787,0
2020-08-01,Russia,NA,Yakutia,970105,58,0,5845,0
2020-08-02,Russia,NA,Yakutia,970105,54,0,5899,59
2020-08-03,Russia,NA,Yakutia,970105,51,0,5950,59
2020-08-04,Russia,NA,Yakutia,970105,53,1,6003,60
2020-08-05,Russia,NA,Yakutia,970105,55,0,6058,60
2020-08-06,Russia,NA,Yakutia,970105,58,1,6116,61
2020-08-07,Russia,NA,Yakutia,970105,56,1,6172,62
2020-08-08,Russia,NA,Yakutia,970105,57,1,6229,63
2020-08-09,Russia,NA,Yakutia,970105,65,0,6294,63
2020-08-10,Russia,NA,Yakutia,970105,64,0,6358,63
2020-08-11,Russia,NA,Yakutia,970105,55,1,6413,64
2020-08-12,Russia,NA,Yakutia,970105,56,2,6469,66
2020-08-13,Russia,NA,Yakutia,970105,62,0,6531,66
2020-08-14,Russia,NA,Yakutia,970105,65,0,6596,66
2020-08-15,Russia,NA,Yakutia,970105,55,0,6651,66
2020-08-16,Russia,NA,Yakutia,970105,52,0,6703,66
2020-08-17,Russia,NA,Yakutia,970105,49,0,6752,66
2020-08-18,Russia,NA,Yakutia,970105,47,2,6799,68
2020-08-19,Russia,NA,Yakutia,970105,48,1,6847,69
2020-08-20,Russia,NA,Yakutia,970105,46,0,6893,69
2020-08-21,Russia,NA,Yakutia,970105,45,0,6938,69
2020-08-22,Russia,NA,Yakutia,970105,47,5,6985,74
2020-08-23,Russia,NA,Yakutia,970105,46,0,7031,74
2020-08-24,Russia,NA,Yakutia,970105,44,0,7075,74
2020-08-25,Russia,NA,Yakutia,970105,45,5,7120,79
2020-08-26,Russia,NA,Yakutia,970105,46,0,7166,79
2020-08-27,Russia,NA,Yakutia,970105,44,0,7210,79
2020-08-28,Russia,NA,Yakutia,970105,43,2,7253,81
2020-08-29,Russia,NA,Yakutia,970105,42,0,7295,81
2020-08-30,Russia,NA,Yakutia,970105,43,0,7338,81
2020-08-31,Russia,NA,Yakutia,970105,41,2,7379,83
2020-04-17,Russia,NA,Yamalo-Nenets Avtonomnyy Okrug,538547,6,0,101,0
2020-04-18,Russia,NA,Yamalo-Nenets Avtonomnyy Okrug,538547,5,0,106,0
2020-04-19,Russia,NA,Yamalo-Nenets Avtonomnyy Okrug,538547,10,0,116,0
2020-04-20,Russia,NA,Yamalo-Nenets Avtonomnyy Okrug,538547,24,0,140,0
2020-04-21,Russia,NA,Yamalo-Nenets Avtonomnyy Okrug,538547,6,0,146,0
2020-04-22,Russia,NA,Yamalo-Nenets Avtonomnyy Okrug,538547,3,0,149,0
2020-04-23,Russia,NA,Yamalo-Nenets Avtonomnyy Okrug,538547,94,0,243,0
2020-04-24,Russia,NA,Yamalo-Nenets Avtonomnyy Okrug,538547,23,0,266,0
2020-04-25,Russia,NA,Yamalo-Nenets Avtonomnyy Okrug,538547,37,0,303,0
2020-04-26,Russia,NA,Yamalo-Nenets Avtonomnyy Okrug,538547,45,0,348,0
2020-04-27,Russia,NA,Yamalo-Nenets Avtonomnyy Okrug,538547,27,0,375,0
2020-04-28,Russia,NA,Yamalo-Nenets Avtonomnyy Okrug,538547,12,0,387,0
2020-04-29,Russia,NA,Yamalo-Nenets Avtonomnyy Okrug,538547,22,0,409,0
2020-04-30,Russia,NA,Yamalo-Nenets Avtonomnyy Okrug,538547,54,0,463,0
2020-05-01,Russia,NA,Yamalo-Nenets Avtonomnyy Okrug,538547,51,0,514,0
2020-05-02,Russia,NA,Yamalo-Nenets Avtonomnyy Okrug,538547,43,0,557,0
2020-05-03,Russia,NA,Yamalo-Nenets Avtonomnyy Okrug,538547,51,0,608,0
2020-05-04,Russia,NA,Yamalo-Nenets Avtonomnyy Okrug,538547,104,0,712,0
2020-05-05,Russia,NA,Yamalo-Nenets Avtonomnyy Okrug,538547,108,0,820,0
2020-05-06,Russia,NA,Yamalo-Nenets Avtonomnyy Okrug,538547,105,0,925,0
2020-05-07,Russia,NA,Yamalo-Nenets Avtonomnyy Okrug,538547,93,0,1018,0
2020-05-08,Russia,NA,Yamalo-Nenets Avtonomnyy Okrug,538547,36,0,1054,0
2020-05-09,Russia,NA,Yamalo-Nenets Avtonomnyy Okrug,538547,51,0,1105,0
2020-05-10,Russia,NA,Yamalo-Nenets Avtonomnyy Okrug,538547,72,0,1177,0
2020-05-11,Russia,NA,Yamalo-Nenets Avtonomnyy Okrug,538547,62,0,1239,0
2020-05-12,Russia,NA,Yamalo-Nenets Avtonomnyy Okrug,538547,72,0,1311,0
2020-05-13,Russia,NA,Yamalo-Nenets Avtonomnyy Okrug,538547,49,0,1360,0
2020-05-14,Russia,NA,Yamalo-Nenets Avtonomnyy Okrug,538547,73,0,1433,0
2020-05-15,Russia,NA,Yamalo-Nenets Avtonomnyy Okrug,538547,115,0,1548,0
2020-05-16,Russia,NA,Yamalo-Nenets Avtonomnyy Okrug,538547,50,0,1598,0
2020-05-17,Russia,NA,Yamalo-Nenets Avtonomnyy Okrug,538547,91,0,1689,0
2020-05-18,Russia,NA,Yamalo-Nenets Avtonomnyy Okrug,538547,59,0,1748,0
2020-05-19,Russia,NA,Yamalo-Nenets Avtonomnyy Okrug,538547,58,0,1806,0
2020-05-20,Russia,NA,Yamalo-Nenets Avtonomnyy Okrug,538547,32,0,1838,0
2020-05-21,Russia,NA,Yamalo-Nenets Avtonomnyy Okrug,538547,64,0,1902,0
2020-05-22,Russia,NA,Yamalo-Nenets Avtonomnyy Okrug,538547,87,0,1989,0
2020-05-23,Russia,NA,Yamalo-Nenets Avtonomnyy Okrug,538547,36,0,2025,0
2020-05-24,Russia,NA,Yamalo-Nenets Avtonomnyy Okrug,538547,29,0,2054,0
2020-05-25,Russia,NA,Yamalo-Nenets Avtonomnyy Okrug,538547,38,0,2092,0
2020-05-26,Russia,NA,Yamalo-Nenets Avtonomnyy Okrug,538547,59,0,2151,0
2020-05-27,Russia,NA,Yamalo-Nenets Avtonomnyy Okrug,538547,51,0,2202,0
2020-05-28,Russia,NA,Yamalo-Nenets Avtonomnyy Okrug,538547,47,0,2249,0
2020-05-29,Russia,NA,Yamalo-Nenets Avtonomnyy Okrug,538547,31,0,2280,0
2020-05-30,Russia,NA,Yamalo-Nenets Avtonomnyy Okrug,538547,30,0,2310,0
2020-05-31,Russia,NA,Yamalo-Nenets Avtonomnyy Okrug,538547,65,0,2375,0
2020-06-01,Russia,NA,Yamalo-Nenets Avtonomnyy Okrug,538547,40,0,2415,0
2020-06-02,Russia,NA,Yamalo-Nenets Avtonomnyy Okrug,538547,51,0,2466,0
2020-06-03,Russia,NA,Yamalo-Nenets Avtonomnyy Okrug,538547,13,0,2479,0
2020-06-04,Russia,NA,Yamalo-Nenets Avtonomnyy Okrug,538547,55,0,2534,0
2020-06-05,Russia,NA,Yamalo-Nenets Avtonomnyy Okrug,538547,45,0,2579,0
2020-06-06,Russia,NA,Yamalo-Nenets Avtonomnyy Okrug,538547,42,0,2621,0
2020-06-07,Russia,NA,Yamalo-Nenets Avtonomnyy Okrug,538547,73,0,2694,0
2020-06-08,Russia,NA,Yamalo-Nenets Avtonomnyy Okrug,538547,83,0,2777,0
2020-06-09,Russia,NA,Yamalo-Nenets Avtonomnyy Okrug,538547,56,0,2833,0
2020-06-10,Russia,NA,Yamalo-Nenets Avtonomnyy Okrug,538547,54,0,2887,0
2020-06-11,Russia,NA,Yamalo-Nenets Avtonomnyy Okrug,538547,77,0,2964,0
2020-06-12,Russia,NA,Yamalo-Nenets Avtonomnyy Okrug,538547,122,0,3086,0
2020-06-13,Russia,NA,Yamalo-Nenets Avtonomnyy Okrug,538547,125,0,3211,0
2020-06-14,Russia,NA,Yamalo-Nenets Avtonomnyy Okrug,538547,114,0,3325,0
2020-06-15,Russia,NA,Yamalo-Nenets Avtonomnyy Okrug,538547,87,0,3412,0
2020-06-16,Russia,NA,Yamalo-Nenets Avtonomnyy Okrug,538547,93,0,3505,0
2020-06-17,Russia,NA,Yamalo-Nenets Avtonomnyy Okrug,538547,81,0,3586,0
2020-06-18,Russia,NA,Yamalo-Nenets Avtonomnyy Okrug,538547,127,0,3713,0
2020-06-19,Russia,NA,Yamalo-Nenets Avtonomnyy Okrug,538547,121,0,3834,0
2020-06-20,Russia,NA,Yamalo-Nenets Avtonomnyy Okrug,538547,132,0,3966,0
2020-06-21,Russia,NA,Yamalo-Nenets Avtonomnyy Okrug,538547,165,0,4131,0
2020-06-22,Russia,NA,Yamalo-Nenets Avtonomnyy Okrug,538547,140,0,4271,0
2020-06-23,Russia,NA,Yamalo-Nenets Avtonomnyy Okrug,538547,145,0,4416,0
2020-06-24,Russia,NA,Yamalo-Nenets Avtonomnyy Okrug,538547,137,0,4553,0
2020-06-25,Russia,NA,Yamalo-Nenets Avtonomnyy Okrug,538547,156,0,4709,0
2020-06-26,Russia,NA,Yamalo-Nenets Avtonomnyy Okrug,538547,149,0,4858,0
2020-06-27,Russia,NA,Yamalo-Nenets Avtonomnyy Okrug,538547,147,0,5005,0
2020-06-28,Russia,NA,Yamalo-Nenets Avtonomnyy Okrug,538547,154,0,5159,0
2020-06-29,Russia,NA,Yamalo-Nenets Avtonomnyy Okrug,538547,173,0,5332,0
2020-06-30,Russia,NA,Yamalo-Nenets Avtonomnyy Okrug,538547,248,0,5580,0
2020-07-01,Russia,NA,Yamalo-Nenets Avtonomnyy Okrug,538547,203,0,5783,0
2020-07-02,Russia,NA,Yamalo-Nenets Avtonomnyy Okrug,538547,197,0,5980,0
2020-07-03,Russia,NA,Yamalo-Nenets Avtonomnyy Okrug,538547,191,0,6171,0
2020-07-04,Russia,NA,Yamalo-Nenets Avtonomnyy Okrug,538547,197,0,6368,0
2020-07-05,Russia,NA,Yamalo-Nenets Avtonomnyy Okrug,538547,187,0,6555,0
2020-07-06,Russia,NA,Yamalo-Nenets Avtonomnyy Okrug,538547,197,0,6752,0
2020-07-07,Russia,NA,Yamalo-Nenets Avtonomnyy Okrug,538547,189,0,6941,0
2020-07-08,Russia,NA,Yamalo-Nenets Avtonomnyy Okrug,538547,202,0,7143,0
2020-07-09,Russia,NA,Yamalo-Nenets Avtonomnyy Okrug,538547,196,0,7339,0
2020-07-10,Russia,NA,Yamalo-Nenets Avtonomnyy Okrug,538547,208,0,7547,0
2020-07-11,Russia,NA,Yamalo-Nenets Avtonomnyy Okrug,538547,195,0,7742,0
2020-07-12,Russia,NA,Yamalo-Nenets Avtonomnyy Okrug,538547,212,0,7954,0
2020-07-13,Russia,NA,Yamalo-Nenets Avtonomnyy Okrug,538547,205,0,8159,0
2020-07-14,Russia,NA,Yamalo-Nenets Avtonomnyy Okrug,538547,211,0,8370,0
2020-07-15,Russia,NA,Yamalo-Nenets Avtonomnyy Okrug,538547,202,0,8572,0
2020-07-16,Russia,NA,Yamalo-Nenets Avtonomnyy Okrug,538547,187,0,8759,0
2020-07-17,Russia,NA,Yamalo-Nenets Avtonomnyy Okrug,538547,206,0,8965,0
2020-07-18,Russia,NA,Yamalo-Nenets Avtonomnyy Okrug,538547,182,0,9147,0
2020-07-19,Russia,NA,Yamalo-Nenets Avtonomnyy Okrug,538547,176,0,9323,0
2020-07-20,Russia,NA,Yamalo-Nenets Avtonomnyy Okrug,538547,155,0,9478,0
2020-07-21,Russia,NA,Yamalo-Nenets Avtonomnyy Okrug,538547,178,0,9656,0
2020-07-22,Russia,NA,Yamalo-Nenets Avtonomnyy Okrug,538547,175,0,9831,0
2020-07-23,Russia,NA,Yamalo-Nenets Avtonomnyy Okrug,538547,170,0,10001,0
2020-07-24,Russia,NA,Yamalo-Nenets Avtonomnyy Okrug,538547,158,0,10159,0
2020-07-25,Russia,NA,Yamalo-Nenets Avtonomnyy Okrug,538547,130,0,10289,0
2020-07-26,Russia,NA,Yamalo-Nenets Avtonomnyy Okrug,538547,125,0,10414,0
2020-07-27,Russia,NA,Yamalo-Nenets Avtonomnyy Okrug,538547,123,0,10537,0
2020-07-28,Russia,NA,Yamalo-Nenets Avtonomnyy Okrug,538547,136,0,10673,0
2020-07-29,Russia,NA,Yamalo-Nenets Avtonomnyy Okrug,538547,115,0,10788,0
2020-07-30,Russia,NA,Yamalo-Nenets Avtonomnyy Okrug,538547,116,0,10904,0
2020-07-31,Russia,NA,Yamalo-Nenets Avtonomnyy Okrug,538547,112,0,11016,0
2020-08-01,Russia,NA,Yamalo-Nenets Avtonomnyy Okrug,538547,111,0,11127,0
2020-08-02,Russia,NA,Yamalo-Nenets Avtonomnyy Okrug,538547,108,0,11235,79
2020-08-03,Russia,NA,Yamalo-Nenets Avtonomnyy Okrug,538547,104,0,11339,79
2020-08-04,Russia,NA,Yamalo-Nenets Avtonomnyy Okrug,538547,92,0,11431,79
2020-08-05,Russia,NA,Yamalo-Nenets Avtonomnyy Okrug,538547,94,0,11525,79
2020-08-06,Russia,NA,Yamalo-Nenets Avtonomnyy Okrug,538547,96,0,11621,79
2020-08-07,Russia,NA,Yamalo-Nenets Avtonomnyy Okrug,538547,91,0,11712,79
2020-08-08,Russia,NA,Yamalo-Nenets Avtonomnyy Okrug,538547,88,0,11800,79
2020-08-09,Russia,NA,Yamalo-Nenets Avtonomnyy Okrug,538547,95,0,11895,79
2020-08-10,Russia,NA,Yamalo-Nenets Avtonomnyy Okrug,538547,93,0,11988,79
2020-08-11,Russia,NA,Yamalo-Nenets Avtonomnyy Okrug,538547,92,3,12080,82
2020-08-12,Russia,NA,Yamalo-Nenets Avtonomnyy Okrug,538547,88,0,12168,82
2020-08-13,Russia,NA,Yamalo-Nenets Avtonomnyy Okrug,538547,91,0,12259,82
2020-08-14,Russia,NA,Yamalo-Nenets Avtonomnyy Okrug,538547,87,0,12346,82
2020-08-15,Russia,NA,Yamalo-Nenets Avtonomnyy Okrug,538547,90,0,12436,82
2020-08-16,Russia,NA,Yamalo-Nenets Avtonomnyy Okrug,538547,92,0,12528,82
2020-08-17,Russia,NA,Yamalo-Nenets Avtonomnyy Okrug,538547,84,0,12612,82
2020-08-18,Russia,NA,Yamalo-Nenets Avtonomnyy Okrug,538547,76,1,12688,83
2020-08-19,Russia,NA,Yamalo-Nenets Avtonomnyy Okrug,538547,72,1,12760,84
2020-08-20,Russia,NA,Yamalo-Nenets Avtonomnyy Okrug,538547,69,1,12829,85
2020-08-21,Russia,NA,Yamalo-Nenets Avtonomnyy Okrug,538547,65,0,12894,85
2020-08-22,Russia,NA,Yamalo-Nenets Avtonomnyy Okrug,538547,63,2,12957,87
2020-08-23,Russia,NA,Yamalo-Nenets Avtonomnyy Okrug,538547,62,0,13019,87
2020-08-24,Russia,NA,Yamalo-Nenets Avtonomnyy Okrug,538547,61,0,13080,87
2020-08-25,Russia,NA,Yamalo-Nenets Avtonomnyy Okrug,538547,55,1,13135,88
2020-08-26,Russia,NA,Yamalo-Nenets Avtonomnyy Okrug,538547,45,2,13180,90
2020-08-27,Russia,NA,Yamalo-Nenets Avtonomnyy Okrug,538547,42,0,13222,90
2020-08-28,Russia,NA,Yamalo-Nenets Avtonomnyy Okrug,538547,47,0,13269,90
2020-08-29,Russia,NA,Yamalo-Nenets Avtonomnyy Okrug,538547,46,0,13315,90
2020-08-30,Russia,NA,Yamalo-Nenets Avtonomnyy Okrug,538547,49,0,13364,90
2020-08-31,Russia,NA,Yamalo-Nenets Avtonomnyy Okrug,538547,47,0,13411,90
2020-04-18,Russia,NA,Yaroslavl Oblast,1265684,24,0,105,0
2020-04-19,Russia,NA,Yaroslavl Oblast,1265684,12,0,117,0
2020-04-20,Russia,NA,Yaroslavl Oblast,1265684,27,0,144,0
2020-04-21,Russia,NA,Yaroslavl Oblast,1265684,43,0,187,0
2020-04-22,Russia,NA,Yaroslavl Oblast,1265684,11,0,198,0
2020-04-23,Russia,NA,Yaroslavl Oblast,1265684,65,0,263,0
2020-04-24,Russia,NA,Yaroslavl Oblast,1265684,42,0,305,0
2020-04-25,Russia,NA,Yaroslavl Oblast,1265684,37,0,342,0
2020-04-26,Russia,NA,Yaroslavl Oblast,1265684,42,0,384,0
2020-04-27,Russia,NA,Yaroslavl Oblast,1265684,25,0,409,0
2020-04-28,Russia,NA,Yaroslavl Oblast,1265684,47,0,456,0
2020-04-29,Russia,NA,Yaroslavl Oblast,1265684,27,0,483,0
2020-04-30,Russia,NA,Yaroslavl Oblast,1265684,23,0,506,0
2020-05-01,Russia,NA,Yaroslavl Oblast,1265684,64,0,570,0
2020-05-02,Russia,NA,Yaroslavl Oblast,1265684,64,0,634,0
2020-05-03,Russia,NA,Yaroslavl Oblast,1265684,76,0,710,0
2020-05-04,Russia,NA,Yaroslavl Oblast,1265684,79,0,789,0
2020-05-05,Russia,NA,Yaroslavl Oblast,1265684,40,0,829,0
2020-05-06,Russia,NA,Yaroslavl Oblast,1265684,51,0,880,0
2020-05-07,Russia,NA,Yaroslavl Oblast,1265684,55,0,935,0
2020-05-08,Russia,NA,Yaroslavl Oblast,1265684,58,0,993,0
2020-05-09,Russia,NA,Yaroslavl Oblast,1265684,58,0,1051,0
2020-05-10,Russia,NA,Yaroslavl Oblast,1265684,63,0,1114,0
2020-05-11,Russia,NA,Yaroslavl Oblast,1265684,78,0,1192,0
2020-05-12,Russia,NA,Yaroslavl Oblast,1265684,83,0,1275,0
2020-05-13,Russia,NA,Yaroslavl Oblast,1265684,88,0,1363,0
2020-05-14,Russia,NA,Yaroslavl Oblast,1265684,87,0,1450,0
2020-05-15,Russia,NA,Yaroslavl Oblast,1265684,87,0,1537,0
2020-05-16,Russia,NA,Yaroslavl Oblast,1265684,92,0,1629,0
2020-05-17,Russia,NA,Yaroslavl Oblast,1265684,97,0,1726,0
2020-05-18,Russia,NA,Yaroslavl Oblast,1265684,103,0,1829,0
2020-05-19,Russia,NA,Yaroslavl Oblast,1265684,109,0,1938,0
2020-05-20,Russia,NA,Yaroslavl Oblast,1265684,135,0,2073,0
2020-05-21,Russia,NA,Yaroslavl Oblast,1265684,133,0,2206,0
2020-05-22,Russia,NA,Yaroslavl Oblast,1265684,103,0,2309,0
2020-05-23,Russia,NA,Yaroslavl Oblast,1265684,115,0,2424,0
2020-05-24,Russia,NA,Yaroslavl Oblast,1265684,107,0,2531,0
2020-05-25,Russia,NA,Yaroslavl Oblast,1265684,101,0,2632,0
2020-05-26,Russia,NA,Yaroslavl Oblast,1265684,94,0,2726,0
2020-05-27,Russia,NA,Yaroslavl Oblast,1265684,82,0,2808,0
2020-05-28,Russia,NA,Yaroslavl Oblast,1265684,84,0,2892,0
2020-05-29,Russia,NA,Yaroslavl Oblast,1265684,84,0,2976,0
2020-05-30,Russia,NA,Yaroslavl Oblast,1265684,79,0,3055,0
2020-05-31,Russia,NA,Yaroslavl Oblast,1265684,77,0,3132,0
2020-06-01,Russia,NA,Yaroslavl Oblast,1265684,78,0,3210,0
2020-06-02,Russia,NA,Yaroslavl Oblast,1265684,74,0,3284,0
2020-06-03,Russia,NA,Yaroslavl Oblast,1265684,72,0,3356,0
2020-06-04,Russia,NA,Yaroslavl Oblast,1265684,74,0,3430,0
2020-06-05,Russia,NA,Yaroslavl Oblast,1265684,71,0,3501,0
2020-06-06,Russia,NA,Yaroslavl Oblast,1265684,75,0,3576,0
2020-06-07,Russia,NA,Yaroslavl Oblast,1265684,70,0,3646,0
2020-06-08,Russia,NA,Yaroslavl Oblast,1265684,68,0,3714,0
2020-06-09,Russia,NA,Yaroslavl Oblast,1265684,67,0,3781,0
2020-06-10,Russia,NA,Yaroslavl Oblast,1265684,63,0,3844,0
2020-06-11,Russia,NA,Yaroslavl Oblast,1265684,59,0,3903,0
2020-06-12,Russia,NA,Yaroslavl Oblast,1265684,60,0,3963,0
2020-06-13,Russia,NA,Yaroslavl Oblast,1265684,57,0,4020,0
2020-06-14,Russia,NA,Yaroslavl Oblast,1265684,53,0,4073,0
2020-06-15,Russia,NA,Yaroslavl Oblast,1265684,48,0,4121,0
2020-06-16,Russia,NA,Yaroslavl Oblast,1265684,41,0,4162,0
2020-06-17,Russia,NA,Yaroslavl Oblast,1265684,49,0,4211,0
2020-06-18,Russia,NA,Yaroslavl Oblast,1265684,45,0,4256,0
2020-06-19,Russia,NA,Yaroslavl Oblast,1265684,39,0,4295,0
2020-06-20,Russia,NA,Yaroslavl Oblast,1265684,47,0,4342,0
2020-06-21,Russia,NA,Yaroslavl Oblast,1265684,48,0,4390,0
2020-06-22,Russia,NA,Yaroslavl Oblast,1265684,45,0,4435,0
2020-06-23,Russia,NA,Yaroslavl Oblast,1265684,47,0,4482,0
2020-06-24,Russia,NA,Yaroslavl Oblast,1265684,44,0,4526,0
2020-06-25,Russia,NA,Yaroslavl Oblast,1265684,45,0,4571,0
2020-06-26,Russia,NA,Yaroslavl Oblast,1265684,43,0,4614,0
2020-06-27,Russia,NA,Yaroslavl Oblast,1265684,44,0,4658,0
2020-06-28,Russia,NA,Yaroslavl Oblast,1265684,41,0,4699,0
2020-06-29,Russia,NA,Yaroslavl Oblast,1265684,42,0,4741,0
2020-06-30,Russia,NA,Yaroslavl Oblast,1265684,44,0,4785,0
2020-07-01,Russia,NA,Yaroslavl Oblast,1265684,40,0,4825,0
2020-07-02,Russia,NA,Yaroslavl Oblast,1265684,41,0,4866,0
2020-07-03,Russia,NA,Yaroslavl Oblast,1265684,43,0,4909,0
2020-07-04,Russia,NA,Yaroslavl Oblast,1265684,45,0,4954,0
2020-07-05,Russia,NA,Yaroslavl Oblast,1265684,37,0,4991,0
2020-07-06,Russia,NA,Yaroslavl Oblast,1265684,40,0,5031,0
2020-07-07,Russia,NA,Yaroslavl Oblast,1265684,38,0,5069,0
2020-07-08,Russia,NA,Yaroslavl Oblast,1265684,37,0,5106,0
2020-07-09,Russia,NA,Yaroslavl Oblast,1265684,41,0,5147,0
2020-07-10,Russia,NA,Yaroslavl Oblast,1265684,43,0,5190,0
2020-07-11,Russia,NA,Yaroslavl Oblast,1265684,40,0,5230,0
2020-07-12,Russia,NA,Yaroslavl Oblast,1265684,37,0,5267,0
2020-07-13,Russia,NA,Yaroslavl Oblast,1265684,39,0,5306,0
2020-07-14,Russia,NA,Yaroslavl Oblast,1265684,41,0,5347,0
2020-07-15,Russia,NA,Yaroslavl Oblast,1265684,40,0,5387,0
2020-07-16,Russia,NA,Yaroslavl Oblast,1265684,44,0,5431,0
2020-07-17,Russia,NA,Yaroslavl Oblast,1265684,45,0,5476,0
2020-07-18,Russia,NA,Yaroslavl Oblast,1265684,43,0,5519,0
2020-07-19,Russia,NA,Yaroslavl Oblast,1265684,41,0,5560,0
2020-07-20,Russia,NA,Yaroslavl Oblast,1265684,38,0,5598,0
2020-07-21,Russia,NA,Yaroslavl Oblast,1265684,39,0,5637,0
2020-07-22,Russia,NA,Yaroslavl Oblast,1265684,40,0,5677,0
2020-07-23,Russia,NA,Yaroslavl Oblast,1265684,42,0,5719,0
2020-07-24,Russia,NA,Yaroslavl Oblast,1265684,41,0,5760,0
2020-07-25,Russia,NA,Yaroslavl Oblast,1265684,37,0,5797,0
2020-07-26,Russia,NA,Yaroslavl Oblast,1265684,38,0,5835,0
2020-07-27,Russia,NA,Yaroslavl Oblast,1265684,42,0,5877,0
2020-07-28,Russia,NA,Yaroslavl Oblast,1265684,39,0,5916,0
2020-07-29,Russia,NA,Yaroslavl Oblast,1265684,39,0,5955,0
2020-07-30,Russia,NA,Yaroslavl Oblast,1265684,41,0,5996,0
2020-07-31,Russia,NA,Yaroslavl Oblast,1265684,38,0,6034,0
2020-08-01,Russia,NA,Yaroslavl Oblast,1265684,37,0,6071,0
2020-08-02,Russia,NA,Yaroslavl Oblast,1265684,41,0,6112,29
2020-08-03,Russia,NA,Yaroslavl Oblast,1265684,41,1,6153,30
2020-08-04,Russia,NA,Yaroslavl Oblast,1265684,37,1,6190,31
2020-08-05,Russia,NA,Yaroslavl Oblast,1265684,39,0,6229,31
2020-08-06,Russia,NA,Yaroslavl Oblast,1265684,39,0,6268,31
2020-08-07,Russia,NA,Yaroslavl Oblast,1265684,41,0,6309,31
2020-08-08,Russia,NA,Yaroslavl Oblast,1265684,37,0,6346,31
2020-08-09,Russia,NA,Yaroslavl Oblast,1265684,40,0,6386,31
2020-08-10,Russia,NA,Yaroslavl Oblast,1265684,37,0,6423,31
2020-08-11,Russia,NA,Yaroslavl Oblast,1265684,39,0,6462,31
2020-08-12,Russia,NA,Yaroslavl Oblast,1265684,38,1,6500,32
2020-08-13,Russia,NA,Yaroslavl Oblast,1265684,42,0,6542,32
2020-08-14,Russia,NA,Yaroslavl Oblast,1265684,36,0,6578,32
2020-08-15,Russia,NA,Yaroslavl Oblast,1265684,38,0,6616,32
2020-08-16,Russia,NA,Yaroslavl Oblast,1265684,39,0,6655,32
2020-08-17,Russia,NA,Yaroslavl Oblast,1265684,40,0,6695,32
2020-08-18,Russia,NA,Yaroslavl Oblast,1265684,37,0,6732,32
2020-08-19,Russia,NA,Yaroslavl Oblast,1265684,40,0,6772,32
2020-08-20,Russia,NA,Yaroslavl Oblast,1265684,38,0,6810,32
2020-08-21,Russia,NA,Yaroslavl Oblast,1265684,37,0,6847,32
2020-08-22,Russia,NA,Yaroslavl Oblast,1265684,38,0,6885,32
2020-08-23,Russia,NA,Yaroslavl Oblast,1265684,40,0,6925,32
2020-08-24,Russia,NA,Yaroslavl Oblast,1265684,39,0,6964,32
2020-08-25,Russia,NA,Yaroslavl Oblast,1265684,35,0,6999,32
2020-08-26,Russia,NA,Yaroslavl Oblast,1265684,38,1,7037,33
2020-08-27,Russia,NA,Yaroslavl Oblast,1265684,40,0,7077,33
2020-08-28,Russia,NA,Yaroslavl Oblast,1265684,40,2,7117,35
2020-08-29,Russia,NA,Yaroslavl Oblast,1265684,33,0,7150,35
2020-08-30,Russia,NA,Yaroslavl Oblast,1265684,38,0,7188,35
2020-08-31,Russia,NA,Yaroslavl Oblast,1265684,40,1,7228,36
2020-04-28,Russia,NA,Zabaykalsky Krai,1072806,7,0,103,0
2020-04-29,Russia,NA,Zabaykalsky Krai,1072806,6,0,109,0
2020-04-30,Russia,NA,Zabaykalsky Krai,1072806,5,0,114,0
2020-05-01,Russia,NA,Zabaykalsky Krai,1072806,20,0,134,0
2020-05-02,Russia,NA,Zabaykalsky Krai,1072806,21,0,155,0
2020-05-03,Russia,NA,Zabaykalsky Krai,1072806,12,0,167,0
2020-05-04,Russia,NA,Zabaykalsky Krai,1072806,31,0,198,0
2020-05-05,Russia,NA,Zabaykalsky Krai,1072806,17,0,215,0
2020-05-06,Russia,NA,Zabaykalsky Krai,1072806,23,0,238,0
2020-05-07,Russia,NA,Zabaykalsky Krai,1072806,16,0,254,0
2020-05-08,Russia,NA,Zabaykalsky Krai,1072806,8,0,262,0
2020-05-09,Russia,NA,Zabaykalsky Krai,1072806,10,0,272,0
2020-05-10,Russia,NA,Zabaykalsky Krai,1072806,33,0,305,0
2020-05-11,Russia,NA,Zabaykalsky Krai,1072806,39,0,344,0
2020-05-12,Russia,NA,Zabaykalsky Krai,1072806,20,0,364,0
2020-05-13,Russia,NA,Zabaykalsky Krai,1072806,22,0,386,0
2020-05-14,Russia,NA,Zabaykalsky Krai,1072806,46,0,432,0
2020-05-15,Russia,NA,Zabaykalsky Krai,1072806,22,0,454,0
2020-05-16,Russia,NA,Zabaykalsky Krai,1072806,32,0,486,0
2020-05-17,Russia,NA,Zabaykalsky Krai,1072806,24,0,510,0
2020-05-18,Russia,NA,Zabaykalsky Krai,1072806,40,0,550,0
2020-05-19,Russia,NA,Zabaykalsky Krai,1072806,45,0,595,0
2020-05-20,Russia,NA,Zabaykalsky Krai,1072806,20,0,615,0
2020-05-21,Russia,NA,Zabaykalsky Krai,1072806,31,0,646,0
2020-05-22,Russia,NA,Zabaykalsky Krai,1072806,38,0,684,0
2020-05-23,Russia,NA,Zabaykalsky Krai,1072806,43,0,727,0
2020-05-24,Russia,NA,Zabaykalsky Krai,1072806,31,0,758,0
2020-05-25,Russia,NA,Zabaykalsky Krai,1072806,59,0,817,0
2020-05-26,Russia,NA,Zabaykalsky Krai,1072806,62,0,879,0
2020-05-27,Russia,NA,Zabaykalsky Krai,1072806,59,0,938,0
2020-05-28,Russia,NA,Zabaykalsky Krai,1072806,53,0,991,0
2020-05-29,Russia,NA,Zabaykalsky Krai,1072806,28,0,1019,0
2020-05-30,Russia,NA,Zabaykalsky Krai,1072806,33,0,1052,0
2020-05-31,Russia,NA,Zabaykalsky Krai,1072806,45,0,1097,0
2020-06-01,Russia,NA,Zabaykalsky Krai,1072806,39,0,1136,0
2020-06-02,Russia,NA,Zabaykalsky Krai,1072806,29,0,1165,0
2020-06-03,Russia,NA,Zabaykalsky Krai,1072806,53,0,1218,0
2020-06-04,Russia,NA,Zabaykalsky Krai,1072806,39,0,1257,0
2020-06-05,Russia,NA,Zabaykalsky Krai,1072806,64,0,1321,0
2020-06-06,Russia,NA,Zabaykalsky Krai,1072806,77,0,1398,0
2020-06-07,Russia,NA,Zabaykalsky Krai,1072806,73,0,1471,0
2020-06-08,Russia,NA,Zabaykalsky Krai,1072806,80,0,1551,0
2020-06-09,Russia,NA,Zabaykalsky Krai,1072806,83,0,1634,0
2020-06-10,Russia,NA,Zabaykalsky Krai,1072806,70,0,1704,0
2020-06-11,Russia,NA,Zabaykalsky Krai,1072806,61,0,1765,0
2020-06-12,Russia,NA,Zabaykalsky Krai,1072806,76,0,1841,0
2020-06-13,Russia,NA,Zabaykalsky Krai,1072806,66,0,1907,0
2020-06-14,Russia,NA,Zabaykalsky Krai,1072806,89,0,1996,0
2020-06-15,Russia,NA,Zabaykalsky Krai,1072806,85,0,2081,0
2020-06-16,Russia,NA,Zabaykalsky Krai,1072806,93,0,2174,0
2020-06-17,Russia,NA,Zabaykalsky Krai,1072806,89,0,2263,0
2020-06-18,Russia,NA,Zabaykalsky Krai,1072806,62,0,2325,0
2020-06-19,Russia,NA,Zabaykalsky Krai,1072806,66,0,2391,0
2020-06-20,Russia,NA,Zabaykalsky Krai,1072806,67,0,2458,0
2020-06-21,Russia,NA,Zabaykalsky Krai,1072806,69,0,2527,0
2020-06-22,Russia,NA,Zabaykalsky Krai,1072806,69,0,2596,0
2020-06-23,Russia,NA,Zabaykalsky Krai,1072806,71,0,2667,0
2020-06-24,Russia,NA,Zabaykalsky Krai,1072806,71,0,2738,0
2020-06-25,Russia,NA,Zabaykalsky Krai,1072806,55,0,2793,0
2020-06-26,Russia,NA,Zabaykalsky Krai,1072806,61,0,2854,0
2020-06-27,Russia,NA,Zabaykalsky Krai,1072806,62,0,2916,0
2020-06-28,Russia,NA,Zabaykalsky Krai,1072806,59,0,2975,0
2020-06-29,Russia,NA,Zabaykalsky Krai,1072806,63,0,3038,0
2020-06-30,Russia,NA,Zabaykalsky Krai,1072806,62,0,3100,0
2020-07-01,Russia,NA,Zabaykalsky Krai,1072806,61,0,3161,0
2020-07-02,Russia,NA,Zabaykalsky Krai,1072806,51,0,3212,0
2020-07-03,Russia,NA,Zabaykalsky Krai,1072806,48,0,3260,0
2020-07-04,Russia,NA,Zabaykalsky Krai,1072806,49,0,3309,0
2020-07-05,Russia,NA,Zabaykalsky Krai,1072806,46,0,3355,0
2020-07-06,Russia,NA,Zabaykalsky Krai,1072806,44,0,3399,0
2020-07-07,Russia,NA,Zabaykalsky Krai,1072806,42,0,3441,0
2020-07-08,Russia,NA,Zabaykalsky Krai,1072806,39,0,3480,0
2020-07-09,Russia,NA,Zabaykalsky Krai,1072806,36,0,3516,0
2020-07-10,Russia,NA,Zabaykalsky Krai,1072806,39,0,3555,0
2020-07-11,Russia,NA,Zabaykalsky Krai,1072806,40,0,3595,0
2020-07-12,Russia,NA,Zabaykalsky Krai,1072806,43,0,3638,0
2020-07-13,Russia,NA,Zabaykalsky Krai,1072806,45,0,3683,0
2020-07-14,Russia,NA,Zabaykalsky Krai,1072806,45,0,3728,0
2020-07-15,Russia,NA,Zabaykalsky Krai,1072806,39,0,3767,0
2020-07-16,Russia,NA,Zabaykalsky Krai,1072806,35,0,3802,0
2020-07-17,Russia,NA,Zabaykalsky Krai,1072806,33,0,3835,0
2020-07-18,Russia,NA,Zabaykalsky Krai,1072806,32,0,3867,0
2020-07-19,Russia,NA,Zabaykalsky Krai,1072806,30,0,3897,0
2020-07-20,Russia,NA,Zabaykalsky Krai,1072806,30,0,3927,0
2020-07-21,Russia,NA,Zabaykalsky Krai,1072806,25,0,3952,0
2020-07-22,Russia,NA,Zabaykalsky Krai,1072806,19,0,3971,0
2020-07-23,Russia,NA,Zabaykalsky Krai,1072806,17,0,3988,0
2020-07-24,Russia,NA,Zabaykalsky Krai,1072806,14,0,4002,0
2020-07-25,Russia,NA,Zabaykalsky Krai,1072806,13,0,4015,0
2020-07-26,Russia,NA,Zabaykalsky Krai,1072806,11,0,4026,0
2020-07-27,Russia,NA,Zabaykalsky Krai,1072806,12,0,4038,0
2020-07-28,Russia,NA,Zabaykalsky Krai,1072806,12,0,4050,0
2020-07-29,Russia,NA,Zabaykalsky Krai,1072806,9,0,4059,0
2020-07-30,Russia,NA,Zabaykalsky Krai,1072806,11,0,4070,0
2020-07-31,Russia,NA,Zabaykalsky Krai,1072806,11,0,4081,0
2020-08-01,Russia,NA,Zabaykalsky Krai,1072806,13,0,4094,0
2020-08-02,Russia,NA,Zabaykalsky Krai,1072806,12,0,4106,47
2020-08-03,Russia,NA,Zabaykalsky Krai,1072806,12,0,4118,47
2020-08-04,Russia,NA,Zabaykalsky Krai,1072806,13,0,4131,47
2020-08-05,Russia,NA,Zabaykalsky Krai,1072806,11,0,4142,47
2020-08-06,Russia,NA,Zabaykalsky Krai,1072806,11,0,4153,47
2020-08-07,Russia,NA,Zabaykalsky Krai,1072806,12,1,4165,48
2020-08-08,Russia,NA,Zabaykalsky Krai,1072806,13,1,4178,49
2020-08-09,Russia,NA,Zabaykalsky Krai,1072806,16,0,4194,49
2020-08-10,Russia,NA,Zabaykalsky Krai,1072806,16,0,4210,49
2020-08-11,Russia,NA,Zabaykalsky Krai,1072806,14,0,4224,49
2020-08-12,Russia,NA,Zabaykalsky Krai,1072806,18,0,4242,49
2020-08-13,Russia,NA,Zabaykalsky Krai,1072806,18,0,4260,49
2020-08-14,Russia,NA,Zabaykalsky Krai,1072806,14,1,4274,50
2020-08-15,Russia,NA,Zabaykalsky Krai,1072806,13,0,4287,50
2020-08-16,Russia,NA,Zabaykalsky Krai,1072806,14,1,4301,51
2020-08-17,Russia,NA,Zabaykalsky Krai,1072806,12,0,4313,51
2020-08-18,Russia,NA,Zabaykalsky Krai,1072806,10,0,4323,51
2020-08-19,Russia,NA,Zabaykalsky Krai,1072806,15,0,4338,51
2020-08-20,Russia,NA,Zabaykalsky Krai,1072806,16,0,4354,51
2020-08-21,Russia,NA,Zabaykalsky Krai,1072806,16,1,4370,52
2020-08-22,Russia,NA,Zabaykalsky Krai,1072806,18,0,4388,52
2020-08-23,Russia,NA,Zabaykalsky Krai,1072806,20,1,4408,53
2020-08-24,Russia,NA,Zabaykalsky Krai,1072806,19,1,4427,54
2020-08-25,Russia,NA,Zabaykalsky Krai,1072806,19,0,4446,54
2020-08-26,Russia,NA,Zabaykalsky Krai,1072806,24,1,4470,55
2020-08-27,Russia,NA,Zabaykalsky Krai,1072806,23,0,4493,55
2020-08-28,Russia,NA,Zabaykalsky Krai,1072806,24,1,4517,56
2020-08-29,Russia,NA,Zabaykalsky Krai,1072806,24,0,4541,56
2020-08-30,Russia,NA,Zabaykalsky Krai,1072806,29,0,4570,56
2020-08-31,Russia,NA,Zabaykalsky Krai,1072806,30,1,4600,57
2020-04-13,South Africa,NA,Eastern Cape,6996976,16,0,104,0
2020-04-14,South Africa,NA,Eastern Cape,6996976,70,0,174,0
2020-04-15,South Africa,NA,Eastern Cape,6996976,25,0,199,0
2020-04-16,South Africa,NA,Eastern Cape,6996976,21,4,220,4
2020-04-17,South Africa,NA,Eastern Cape,6996976,26,0,246,4
2020-04-18,South Africa,NA,Eastern Cape,6996976,24,0,270,4
2020-04-19,South Africa,NA,Eastern Cape,6996976,23,0,293,4
2020-04-20,South Africa,NA,Eastern Cape,6996976,17,1,310,5
2020-04-21,South Africa,NA,Eastern Cape,6996976,35,0,345,5
2020-04-22,South Africa,NA,Eastern Cape,6996976,32,0,377,5
2020-04-23,South Africa,NA,Eastern Cape,6996976,40,1,417,6
2020-04-24,South Africa,NA,Eastern Cape,6996976,63,0,480,6
2020-04-25,South Africa,NA,Eastern Cape,6996976,8,4,488,10
2020-04-26,South Africa,NA,Eastern Cape,6996976,47,0,535,10
2020-04-27,South Africa,NA,Eastern Cape,6996976,53,0,588,10
2020-04-28,South Africa,NA,Eastern Cape,6996976,28,0,616,10
2020-04-29,South Africa,NA,Eastern Cape,6996976,14,1,630,11
2020-04-30,South Africa,NA,Eastern Cape,6996976,17,0,647,11
2020-05-01,South Africa,NA,Eastern Cape,6996976,44,0,691,11
2020-05-02,South Africa,NA,Eastern Cape,6996976,41,2,732,13
2020-05-03,South Africa,NA,Eastern Cape,6996976,42,4,774,17
2020-05-04,South Africa,NA,Eastern Cape,6996976,40,0,814,17
2020-05-05,South Africa,NA,Eastern Cape,6996976,24,1,838,18
2020-05-06,South Africa,NA,Eastern Cape,6996976,11,0,849,18
2020-05-07,South Africa,NA,Eastern Cape,6996976,80,0,929,18
2020-05-08,South Africa,NA,Eastern Cape,6996976,60,3,989,21
2020-05-09,South Africa,NA,Eastern Cape,6996976,89,0,1078,21
2020-05-10,South Africa,NA,Eastern Cape,6996976,140,1,1218,22
2020-05-11,South Africa,NA,Eastern Cape,6996976,138,2,1356,24
2020-05-12,South Africa,NA,Eastern Cape,6996976,148,0,1504,24
2020-05-13,South Africa,NA,Eastern Cape,6996976,30,0,1534,24
2020-05-14,South Africa,NA,Eastern Cape,6996976,35,7,1569,31
2020-05-15,South Africa,NA,Eastern Cape,6996976,93,0,1662,31
2020-05-16,South Africa,NA,Eastern Cape,6996976,150,1,1812,32
2020-05-17,South Africa,NA,Eastern Cape,6996976,124,3,1936,35
2020-05-18,South Africa,NA,Eastern Cape,6996976,116,4,2052,39
2020-05-19,South Africa,NA,Eastern Cape,6996976,83,2,2135,41
2020-05-20,South Africa,NA,Eastern Cape,6996976,80,4,2215,45
2020-05-21,South Africa,NA,Eastern Cape,6996976,109,5,2324,50
2020-05-22,South Africa,NA,Eastern Cape,6996976,135,3,2459,53
2020-05-23,South Africa,NA,Eastern Cape,6996976,110,5,2569,58
2020-05-24,South Africa,NA,Eastern Cape,6996976,121,1,2690,59
2020-05-25,South Africa,NA,Eastern Cape,6996976,58,2,2748,61
2020-05-26,South Africa,NA,Eastern Cape,6996976,116,9,2864,70
2020-05-27,South Africa,NA,Eastern Cape,6996976,183,0,3047,70
2020-05-28,South Africa,NA,Eastern Cape,6996976,259,7,3306,77
2020-05-29,South Africa,NA,Eastern Cape,6996976,277,3,3583,80
2020-05-30,South Africa,NA,Eastern Cape,6996976,176,2,3759,82
2020-05-31,South Africa,NA,Eastern Cape,6996976,168,0,3927,82
2020-06-01,South Africa,NA,Eastern Cape,6996976,184,0,4111,82
2020-06-02,South Africa,NA,Eastern Cape,6996976,213,6,4324,88
2020-06-03,South Africa,NA,Eastern Cape,6996976,202,7,4526,95
2020-06-04,South Africa,NA,Eastern Cape,6996976,410,0,4936,95
2020-06-05,South Africa,NA,Eastern Cape,6996976,304,0,5240,95
2020-06-06,South Africa,NA,Eastern Cape,6996976,389,6,5629,101
2020-06-07,South Africa,NA,Eastern Cape,6996976,345,0,5974,101
2020-06-08,South Africa,NA,Eastern Cape,6996976,367,26,6341,127
2020-06-09,South Africa,NA,Eastern Cape,6996976,419,11,6760,138
2020-06-10,South Africa,NA,Eastern Cape,6996976,394,9,7154,147
2020-06-11,South Africa,NA,Eastern Cape,6996976,714,31,7868,178
2020-06-12,South Africa,NA,Eastern Cape,6996976,747,30,8615,208
2020-06-13,South Africa,NA,Eastern Cape,6996976,635,9,9250,217
2020-06-14,South Africa,NA,Eastern Cape,6996976,777,10,10027,227
2020-06-15,South Africa,NA,Eastern Cape,6996976,570,9,10597,236
2020-06-16,South Africa,NA,Eastern Cape,6996976,442,9,11039,245
2020-06-17,South Africa,NA,Eastern Cape,6996976,880,6,11919,251
2020-06-18,South Africa,NA,Eastern Cape,6996976,720,6,12639,257
2020-06-19,South Africa,NA,Eastern Cape,6996976,867,0,13506,257
2020-06-20,South Africa,NA,Eastern Cape,6996976,1215,11,14721,268
2020-06-21,South Africa,NA,Eastern Cape,6996976,1030,17,15751,285
2020-06-22,South Africa,NA,Eastern Cape,6996976,1144,18,16895,303
2020-06-23,South Africa,NA,Eastern Cape,6996976,1213,28,18108,331
2020-06-24,South Africa,NA,Eastern Cape,6996976,1106,15,19214,346
2020-06-25,South Africa,NA,Eastern Cape,6996976,1273,17,20487,363
2020-06-26,South Africa,NA,Eastern Cape,6996976,1451,8,21938,371
2020-06-27,South Africa,NA,Eastern Cape,6996976,1720,13,23658,384
2020-06-28,South Africa,NA,Eastern Cape,6996976,1441,3,25099,387
2020-06-29,South Africa,NA,Eastern Cape,6996976,1096,10,26195,397
2020-06-30,South Africa,NA,Eastern Cape,6996976,1491,25,27686,422
2020-07-01,South Africa,NA,Eastern Cape,6996976,1654,17,29340,439
2020-07-02,South Africa,NA,Eastern Cape,6996976,1263,12,30603,451
2020-07-03,South Africa,NA,Eastern Cape,6996976,1554,8,32157,459
2020-07-04,South Africa,NA,Eastern Cape,6996976,2004,31,34161,490
2020-07-05,South Africa,NA,Eastern Cape,6996976,1487,29,35648,519
2020-07-06,South Africa,NA,Eastern Cape,6996976,2433,9,38081,528
2020-07-07,South Africa,NA,Eastern Cape,6996976,2320,36,40401,564
2020-07-08,South Africa,NA,Eastern Cape,6996976,1956,18,42357,582
2020-07-09,South Africa,NA,Eastern Cape,6996976,2075,28,44432,610
2020-07-10,South Africa,NA,Eastern Cape,6996976,1852,24,46284,634
2020-07-11,South Africa,NA,Eastern Cape,6996976,1948,30,48232,664
2020-07-12,South Africa,NA,Eastern Cape,6996976,2068,22,50300,686
2020-07-13,South Africa,NA,Eastern Cape,6996976,1758,23,52058,709
2020-07-14,South Africa,NA,Eastern Cape,6996976,1901,17,53959,726
2020-07-15,South Africa,NA,Eastern Cape,6996976,1625,12,55584,738
2020-07-16,South Africa,NA,Eastern Cape,6996976,1602,25,57186,763
2020-07-17,South Africa,NA,Eastern Cape,6996976,1674,9,58860,772
2020-07-18,South Africa,NA,Eastern Cape,6996976,2116,39,60976,811
2020-07-19,South Africa,NA,Eastern Cape,6996976,2205,14,63181,825
2020-07-20,South Africa,NA,Eastern Cape,6996976,2135,46,65316,871
2020-07-21,South Africa,NA,Eastern Cape,6996976,1443,74,66759,945
2020-07-22,South Africa,NA,Eastern Cape,6996976,1059,400,67818,1345
2020-07-23,South Africa,NA,Eastern Cape,6996976,1627,48,69445,1393
2020-07-24,South Africa,NA,Eastern Cape,6996976,1893,13,71338,1406
2020-07-25,South Africa,NA,Eastern Cape,6996976,1434,44,72772,1450
2020-07-26,South Africa,NA,Eastern Cape,6996976,813,7,73585,1457
2020-07-27,South Africa,NA,Eastern Cape,6996976,646,77,74231,1534
2020-07-28,South Africa,NA,Eastern Cape,6996976,836,11,75067,1545
2020-07-29,South Africa,NA,Eastern Cape,6996976,715,34,75782,1579
2020-07-30,South Africa,NA,Eastern Cape,6996976,1273,121,77055,1700
2020-07-31,South Africa,NA,Eastern Cape,6996976,883,8,77938,1708
2020-08-01,South Africa,NA,Eastern Cape,6996976,844,36,78782,1744
2020-08-02,South Africa,NA,Eastern Cape,6996976,628,25,79410,1769
2020-08-03,South Africa,NA,Eastern Cape,6996976,264,20,79674,1789
2020-08-04,South Africa,NA,Eastern Cape,6996976,170,43,79844,1832
2020-08-05,South Africa,NA,Eastern Cape,6996976,556,135,80400,1967
2020-08-06,South Africa,NA,Eastern Cape,6996976,614,66,81014,2033
2020-08-07,South Africa,NA,Eastern Cape,6996976,601,57,81615,2090
2020-08-08,South Africa,NA,Eastern Cape,6996976,459,39,82074,2129
2020-08-09,South Africa,NA,Eastern Cape,6996976,327,80,82401,2209
2020-08-10,South Africa,NA,Eastern Cape,6996976,177,57,82578,2266
2020-08-11,South Africa,NA,Eastern Cape,6996976,137,20,82715,2286
2020-08-12,South Africa,NA,Eastern Cape,6996976,64,46,82779,2332
2020-08-13,South Africa,NA,Eastern Cape,6996976,223,68,83002,2400
2020-08-14,South Africa,NA,Eastern Cape,6996976,370,42,83372,2442
2020-08-15,South Africa,NA,Eastern Cape,6996976,299,5,83671,2447
2020-08-16,South Africa,NA,Eastern Cape,6996976,335,70,84006,2517
2020-08-17,South Africa,NA,Eastern Cape,6996976,86,50,84092,2567
2020-08-18,South Africa,NA,Eastern Cape,6996976,52,66,84144,2633
2020-08-19,South Africa,NA,Eastern Cape,6996976,218,37,84362,2670
2020-08-20,South Africa,NA,Eastern Cape,6996976,224,26,84586,2696
2020-08-21,South Africa,NA,Eastern Cape,6996976,201,57,84787,2753
2020-08-22,South Africa,NA,Eastern Cape,6996976,252,25,85039,2778
2020-08-23,South Africa,NA,Eastern Cape,6996976,164,11,85203,2789
2020-08-24,South Africa,NA,Eastern Cape,6996976,37,11,85240,2800
2020-08-25,South Africa,NA,Eastern Cape,6996976,71,16,85311,2816
2020-08-26,South Africa,NA,Eastern Cape,6996976,161,12,85472,2828
2020-08-27,South Africa,NA,Eastern Cape,6996976,153,25,85625,2853
2020-08-28,South Africa,NA,Eastern Cape,6996976,76,10,85701,2863
2020-08-29,South Africa,NA,Eastern Cape,6996976,198,6,85899,2869
2020-08-30,South Africa,NA,Eastern Cape,6996976,161,7,86060,2876
2020-04-20,South Africa,NA,Free State,2928903,5,1,105,5
2020-04-21,South Africa,NA,Free State,2928903,1,0,106,5
2020-04-22,South Africa,NA,Free State,2928903,0,0,106,5
2020-04-23,South Africa,NA,Free State,2928903,0,0,106,5
2020-04-24,South Africa,NA,Free State,2928903,5,0,111,5
2020-04-25,South Africa,NA,Free State,2928903,0,0,111,5
2020-04-26,South Africa,NA,Free State,2928903,0,0,110,5
2020-04-27,South Africa,NA,Free State,2928903,1,0,111,5
2020-04-28,South Africa,NA,Free State,2928903,2,0,113,5
2020-04-29,South Africa,NA,Free State,2928903,0,0,113,5
2020-04-30,South Africa,NA,Free State,2928903,3,0,116,5
2020-05-01,South Africa,NA,Free State,2928903,2,0,118,5
2020-05-02,South Africa,NA,Free State,2928903,3,1,121,6
2020-05-03,South Africa,NA,Free State,2928903,1,0,122,6
2020-05-04,South Africa,NA,Free State,2928903,3,0,125,6
2020-05-05,South Africa,NA,Free State,2928903,3,0,128,6
2020-05-06,South Africa,NA,Free State,2928903,2,0,130,6
2020-05-07,South Africa,NA,Free State,2928903,4,0,134,6
2020-05-08,South Africa,NA,Free State,2928903,0,0,133,6
2020-05-09,South Africa,NA,Free State,2928903,1,0,134,6
2020-05-10,South Africa,NA,Free State,2928903,1,0,135,6
2020-05-11,South Africa,NA,Free State,2928903,0,0,135,6
2020-05-12,South Africa,NA,Free State,2928903,0,0,135,6
2020-05-13,South Africa,NA,Free State,2928903,3,0,138,6
2020-05-14,South Africa,NA,Free State,2928903,7,0,145,6
2020-05-15,South Africa,NA,Free State,2928903,6,0,151,6
2020-05-16,South Africa,NA,Free State,2928903,2,0,153,6
2020-05-17,South Africa,NA,Free State,2928903,5,0,158,6
2020-05-18,South Africa,NA,Free State,2928903,5,0,163,6
2020-05-19,South Africa,NA,Free State,2928903,5,0,168,6
2020-05-20,South Africa,NA,Free State,2928903,12,0,180,6
2020-05-21,South Africa,NA,Free State,2928903,4,0,184,6
2020-05-22,South Africa,NA,Free State,2928903,1,0,185,6
2020-05-23,South Africa,NA,Free State,2928903,11,0,196,6
2020-05-24,South Africa,NA,Free State,2928903,6,0,202,6
2020-05-25,South Africa,NA,Free State,2928903,6,0,208,6
2020-05-26,South Africa,NA,Free State,2928903,0,0,206,6
2020-05-27,South Africa,NA,Free State,2928903,15,0,221,6
2020-05-28,South Africa,NA,Free State,2928903,4,2,225,8
2020-05-29,South Africa,NA,Free State,2928903,6,0,231,8
2020-05-30,South Africa,NA,Free State,2928903,30,0,261,8
2020-05-31,South Africa,NA,Free State,2928903,17,0,278,8
2020-06-01,South Africa,NA,Free State,2928903,7,0,285,8
2020-06-02,South Africa,NA,Free State,2928903,14,0,299,8
2020-06-03,South Africa,NA,Free State,2928903,20,0,319,8
2020-06-04,South Africa,NA,Free State,2928903,3,1,322,9
2020-06-05,South Africa,NA,Free State,2928903,14,0,336,9
2020-06-06,South Africa,NA,Free State,2928903,12,0,348,9
2020-06-07,South Africa,NA,Free State,2928903,13,0,361,9
2020-06-08,South Africa,NA,Free State,2928903,12,0,373,9
2020-06-09,South Africa,NA,Free State,2928903,18,0,391,9
2020-06-10,South Africa,NA,Free State,2928903,10,0,401,9
2020-06-11,South Africa,NA,Free State,2928903,5,0,406,9
2020-06-12,South Africa,NA,Free State,2928903,29,0,435,9
2020-06-13,South Africa,NA,Free State,2928903,22,0,457,9
2020-06-14,South Africa,NA,Free State,2928903,38,0,495,9
2020-06-15,South Africa,NA,Free State,2928903,17,0,512,9
2020-06-16,South Africa,NA,Free State,2928903,66,0,578,9
2020-06-17,South Africa,NA,Free State,2928903,30,0,608,9
2020-06-18,South Africa,NA,Free State,2928903,41,0,649,9
2020-06-19,South Africa,NA,Free State,2928903,9,0,658,9
2020-06-20,South Africa,NA,Free State,2928903,42,0,700,9
2020-06-21,South Africa,NA,Free State,2928903,33,0,733,9
2020-06-22,South Africa,NA,Free State,2928903,39,0,772,9
2020-06-23,South Africa,NA,Free State,2928903,42,0,814,9
2020-06-24,South Africa,NA,Free State,2928903,75,0,889,9
2020-06-25,South Africa,NA,Free State,2928903,87,0,976,9
2020-06-26,South Africa,NA,Free State,2928903,93,0,1069,9
2020-06-27,South Africa,NA,Free State,2928903,91,0,1160,9
2020-06-28,South Africa,NA,Free State,2928903,119,0,1279,9
2020-06-29,South Africa,NA,Free State,2928903,98,0,1377,9
2020-06-30,South Africa,NA,Free State,2928903,137,0,1514,9
2020-07-01,South Africa,NA,Free State,2928903,158,0,1672,9
2020-07-02,South Africa,NA,Free State,2928903,214,0,1886,9
2020-07-03,South Africa,NA,Free State,2928903,244,0,2130,9
2020-07-04,South Africa,NA,Free State,2928903,246,0,2376,9
2020-07-05,South Africa,NA,Free State,2928903,177,10,2553,19
2020-07-06,South Africa,NA,Free State,2928903,251,0,2804,19
2020-07-07,South Africa,NA,Free State,2928903,230,0,3034,19
2020-07-08,South Africa,NA,Free State,2928903,225,0,3259,19
2020-07-09,South Africa,NA,Free State,2928903,465,0,3724,19
2020-07-10,South Africa,NA,Free State,2928903,497,0,4221,19
2020-07-11,South Africa,NA,Free State,2928903,458,0,4679,19
2020-07-12,South Africa,NA,Free State,2928903,545,0,5224,19
2020-07-13,South Africa,NA,Free State,2928903,408,16,5632,35
2020-07-14,South Africa,NA,Free State,2928903,341,0,5973,35
2020-07-15,South Africa,NA,Free State,2928903,588,0,6561,35
2020-07-16,South Africa,NA,Free State,2928903,751,10,7312,45
2020-07-17,South Africa,NA,Free State,2928903,978,2,8290,47
2020-07-18,South Africa,NA,Free State,2928903,714,0,9004,47
2020-07-19,South Africa,NA,Free State,2928903,989,0,9993,47
2020-07-20,South Africa,NA,Free State,2928903,734,10,10727,57
2020-07-21,South Africa,NA,Free State,2928903,625,0,11352,57
2020-07-22,South Africa,NA,Free State,2928903,980,5,12332,62
2020-07-23,South Africa,NA,Free State,2928903,1111,0,13443,62
2020-07-24,South Africa,NA,Free State,2928903,1099,1,14542,63
2020-07-25,South Africa,NA,Free State,2928903,970,0,15512,63
2020-07-26,South Africa,NA,Free State,2928903,970,0,16482,63
2020-07-27,South Africa,NA,Free State,2928903,740,91,17222,154
2020-07-28,South Africa,NA,Free State,2928903,912,0,18134,154
2020-07-29,South Africa,NA,Free State,2928903,1073,0,19207,154
2020-07-30,South Africa,NA,Free State,2928903,1731,0,20938,154
2020-07-31,South Africa,NA,Free State,2928903,324,0,21262,154
2020-08-01,South Africa,NA,Free State,2928903,1046,0,22308,154
2020-08-02,South Africa,NA,Free State,2928903,791,51,23099,205
2020-08-03,South Africa,NA,Free State,2928903,606,0,23705,205
2020-08-04,South Africa,NA,Free State,2928903,628,0,24333,205
2020-08-05,South Africa,NA,Free State,2928903,899,122,25232,327
2020-08-06,South Africa,NA,Free State,2928903,891,23,26123,350
2020-08-07,South Africa,NA,Free State,2928903,754,0,26877,350
2020-08-08,South Africa,NA,Free State,2928903,865,0,27742,350
2020-08-09,South Africa,NA,Free State,2928903,628,0,28370,350
2020-08-10,South Africa,NA,Free State,2928903,539,64,28909,414
2020-08-11,South Africa,NA,Free State,2928903,300,0,29209,414
2020-08-12,South Africa,NA,Free State,2928903,369,0,29578,414
2020-08-13,South Africa,NA,Free State,2928903,471,62,30049,476
2020-08-14,South Africa,NA,Free State,2928903,788,20,30837,496
2020-08-15,South Africa,NA,Free State,2928903,628,17,31465,513
2020-08-16,South Africa,NA,Free State,2928903,405,6,31870,519
2020-08-17,South Africa,NA,Free State,2928903,434,5,32304,524
2020-08-18,South Africa,NA,Free State,2928903,289,13,32593,537
2020-08-19,South Africa,NA,Free State,2928903,570,5,33163,542
2020-08-20,South Africa,NA,Free State,2928903,502,25,33665,567
2020-08-21,South Africa,NA,Free State,2928903,471,0,34136,567
2020-08-22,South Africa,NA,Free State,2928903,485,0,34621,567
2020-08-23,South Africa,NA,Free State,2928903,359,0,34980,567
2020-08-24,South Africa,NA,Free State,2928903,387,0,35367,567
2020-08-25,South Africa,NA,Free State,2928903,236,0,35603,567
2020-08-26,South Africa,NA,Free State,2928903,377,0,35980,567
2020-08-27,South Africa,NA,Free State,2928903,439,0,36419,567
2020-08-28,South Africa,NA,Free State,2928903,323,0,36742,567
2020-08-29,South Africa,NA,Free State,2928903,415,123,37157,690
2020-08-30,South Africa,NA,Free State,2928903,400,3,37557,693
2020-03-20,South Africa,NA,Gauteng,15488137,33,0,109,0
2020-03-21,South Africa,NA,Gauteng,15488137,16,0,125,0
2020-03-22,South Africa,NA,Gauteng,15488137,7,0,132,0
2020-03-23,South Africa,NA,Gauteng,15488137,75,0,207,0
2020-03-24,South Africa,NA,Gauteng,15488137,95,0,302,0
2020-03-25,South Africa,NA,Gauteng,15488137,17,0,319,0
2020-03-26,South Africa,NA,Gauteng,15488137,90,0,409,0
2020-03-28,South Africa,NA,Gauteng,15488137,124,0,533,0
2020-03-29,South Africa,NA,Gauteng,15488137,51,0,584,0
2020-03-30,South Africa,NA,Gauteng,15488137,34,0,618,0
2020-03-31,South Africa,NA,Gauteng,15488137,15,1,633,1
2020-04-01,South Africa,NA,Gauteng,15488137,12,0,645,0
2020-04-02,South Africa,NA,Gauteng,15488137,18,0,663,0
2020-04-03,South Africa,NA,Gauteng,15488137,9,0,672,1
2020-04-04,South Africa,NA,Gauteng,15488137,21,0,693,0
2020-04-05,South Africa,NA,Gauteng,15488137,11,0,704,1
2020-04-06,South Africa,NA,Gauteng,15488137,9,0,713,1
2020-04-08,South Africa,NA,Gauteng,15488137,69,2,782,3
2020-04-09,South Africa,NA,Gauteng,15488137,13,0,795,3
2020-04-10,South Africa,NA,Gauteng,15488137,6,0,801,3
2020-04-11,South Africa,NA,Gauteng,15488137,12,0,813,3
2020-04-12,South Africa,NA,Gauteng,15488137,52,0,865,3
2020-04-13,South Africa,NA,Gauteng,15488137,25,1,890,4
2020-04-14,South Africa,NA,Gauteng,15488137,19,0,909,4
2020-04-15,South Africa,NA,Gauteng,15488137,21,1,930,5
2020-04-16,South Africa,NA,Gauteng,15488137,39,1,969,6
2020-04-17,South Africa,NA,Gauteng,15488137,49,0,1018,6
2020-04-18,South Africa,NA,Gauteng,15488137,83,0,1101,6
2020-04-19,South Africa,NA,Gauteng,15488137,47,0,1148,6
2020-04-20,South Africa,NA,Gauteng,15488137,22,1,1170,7
2020-04-21,South Africa,NA,Gauteng,15488137,29,0,1199,7
2020-04-22,South Africa,NA,Gauteng,15488137,25,0,1224,7
2020-04-23,South Africa,NA,Gauteng,15488137,28,1,1252,8
2020-04-24,South Africa,NA,Gauteng,15488137,29,0,1281,8
2020-04-25,South Africa,NA,Gauteng,15488137,23,0,1304,8
2020-04-26,South Africa,NA,Gauteng,15488137,27,0,1331,8
2020-04-27,South Africa,NA,Gauteng,15488137,22,0,1353,8
2020-04-28,South Africa,NA,Gauteng,15488137,24,0,1377,8
2020-04-29,South Africa,NA,Gauteng,15488137,31,3,1408,11
2020-04-30,South Africa,NA,Gauteng,15488137,38,0,1446,11
2020-05-01,South Africa,NA,Gauteng,15488137,61,0,1507,11
2020-05-02,South Africa,NA,Gauteng,15488137,91,1,1598,12
2020-05-03,South Africa,NA,Gauteng,15488137,26,2,1624,14
2020-05-04,South Africa,NA,Gauteng,15488137,27,0,1651,14
2020-05-05,South Africa,NA,Gauteng,15488137,46,1,1697,15
2020-05-06,South Africa,NA,Gauteng,15488137,23,0,1720,15
2020-05-07,South Africa,NA,Gauteng,15488137,84,0,1804,15
2020-05-08,South Africa,NA,Gauteng,15488137,47,3,1851,18
2020-05-09,South Africa,NA,Gauteng,15488137,59,1,1910,18
2020-05-10,South Africa,NA,Gauteng,15488137,42,4,1952,22
2020-05-11,South Africa,NA,Gauteng,15488137,19,0,1971,22
2020-05-12,South Africa,NA,Gauteng,15488137,43,0,2014,22
2020-05-13,South Africa,NA,Gauteng,15488137,60,2,2074,24
2020-05-14,South Africa,NA,Gauteng,15488137,61,0,2135,24
2020-05-15,South Africa,NA,Gauteng,15488137,75,0,2210,24
2020-05-16,South Africa,NA,Gauteng,15488137,52,1,2262,25
2020-05-17,South Africa,NA,Gauteng,15488137,67,0,2329,25
2020-05-18,South Africa,NA,Gauteng,15488137,14,1,2343,26
2020-05-19,South Africa,NA,Gauteng,15488137,18,1,2361,27
2020-05-20,South Africa,NA,Gauteng,15488137,39,0,2400,27
2020-05-21,South Africa,NA,Gauteng,15488137,53,0,2453,27
2020-05-22,South Africa,NA,Gauteng,15488137,68,2,2521,29
2020-05-23,South Africa,NA,Gauteng,15488137,112,0,2633,29
2020-05-24,South Africa,NA,Gauteng,15488137,140,0,2773,29
2020-05-25,South Africa,NA,Gauteng,15488137,220,1,2993,30
2020-05-26,South Africa,NA,Gauteng,15488137,50,1,3043,31
2020-05-27,South Africa,NA,Gauteng,15488137,124,0,3167,31
2020-05-28,South Africa,NA,Gauteng,15488137,162,0,3329,31
2020-05-29,South Africa,NA,Gauteng,15488137,254,0,3583,31
2020-05-30,South Africa,NA,Gauteng,15488137,190,0,3773,31
2020-05-31,South Africa,NA,Gauteng,15488137,230,2,4003,33
2020-06-01,South Africa,NA,Gauteng,15488137,228,0,4231,33
2020-06-02,South Africa,NA,Gauteng,15488137,45,0,4276,33
2020-06-03,South Africa,NA,Gauteng,15488137,291,0,4567,33
2020-06-04,South Africa,NA,Gauteng,15488137,278,0,4845,33
2020-06-05,South Africa,NA,Gauteng,15488137,370,7,5215,40
2020-06-06,South Africa,NA,Gauteng,15488137,411,7,5626,47
2020-06-07,South Africa,NA,Gauteng,15488137,320,0,5946,47
2020-06-08,South Africa,NA,Gauteng,15488137,312,0,6258,47
2020-06-09,South Africa,NA,Gauteng,15488137,288,10,6546,57
2020-06-10,South Africa,NA,Gauteng,15488137,649,0,7195,57
2020-06-11,South Africa,NA,Gauteng,15488137,758,0,7953,57
2020-06-12,South Africa,NA,Gauteng,15488137,828,0,8781,57
2020-06-13,South Africa,NA,Gauteng,15488137,1116,24,9897,81
2020-06-14,South Africa,NA,Gauteng,15488137,1267,0,11164,81
2020-06-15,South Africa,NA,Gauteng,15488137,1029,6,12193,87
2020-06-16,South Africa,NA,Gauteng,15488137,830,0,13023,87
2020-06-17,South Africa,NA,Gauteng,15488137,1597,0,14620,87
2020-06-18,South Africa,NA,Gauteng,15488137,1278,0,15898,87
2020-06-19,South Africa,NA,Gauteng,15488137,1363,27,17261,114
2020-06-20,South Africa,NA,Gauteng,15488137,1717,0,18978,114
2020-06-21,South Africa,NA,Gauteng,15488137,1844,8,20822,122
2020-06-22,South Africa,NA,Gauteng,15488137,1519,0,22341,122
2020-06-23,South Africa,NA,Gauteng,15488137,1700,0,24041,122
2020-06-24,South Africa,NA,Gauteng,15488137,2115,25,26156,147
2020-06-25,South Africa,NA,Gauteng,15488137,2590,2,28746,149
2020-06-26,South Africa,NA,Gauteng,15488137,2598,0,31344,149
2020-06-27,South Africa,NA,Gauteng,15488137,2941,17,34285,166
2020-06-28,South Africa,NA,Gauteng,15488137,2610,8,36895,174
2020-06-29,South Africa,NA,Gauteng,15488137,2946,6,39841,180
2020-06-30,South Africa,NA,Gauteng,15488137,3040,36,42881,216
2020-07-01,South Africa,NA,Gauteng,15488137,3063,28,45944,244
2020-07-02,South Africa,NA,Gauteng,15488137,3993,38,49937,282
2020-07-03,South Africa,NA,Gauteng,15488137,4394,0,54331,282
2020-07-04,South Africa,NA,Gauteng,15488137,5042,0,59373,282
2020-07-05,South Africa,NA,Gauteng,15488137,4031,71,63404,353
2020-07-06,South Africa,NA,Gauteng,15488137,3487,50,66891,403
2020-07-07,South Africa,NA,Gauteng,15488137,4597,75,71488,478
2020-07-08,South Africa,NA,Gauteng,15488137,3527,0,75015,478
2020-07-09,South Africa,NA,Gauteng,15488137,6531,37,81546,515
2020-07-10,South Africa,NA,Gauteng,15488137,5487,39,87033,554
2020-07-11,South Africa,NA,Gauteng,15488137,6011,26,93044,580
2020-07-12,South Africa,NA,Gauteng,15488137,5387,64,98431,644
2020-07-13,South Africa,NA,Gauteng,15488137,5282,0,103713,644
2020-07-14,South Africa,NA,Gauteng,15488137,3357,82,107070,726
2020-07-15,South Africa,NA,Gauteng,15488137,5644,41,112714,767
2020-07-16,South Africa,NA,Gauteng,15488137,5181,86,117895,853
2020-07-17,South Africa,NA,Gauteng,15488137,5513,64,123408,917
2020-07-18,South Africa,NA,Gauteng,15488137,5196,39,128604,956
2020-07-19,South Africa,NA,Gauteng,15488137,5013,30,133617,986
2020-07-20,South Africa,NA,Gauteng,15488137,3262,13,136879,999
2020-07-21,South Africa,NA,Gauteng,15488137,2556,43,139435,1042
2020-07-22,South Africa,NA,Gauteng,15488137,5147,114,144582,1156
2020-07-23,South Africa,NA,Gauteng,15488137,4272,31,148854,1187
2020-07-24,South Africa,NA,Gauteng,15488137,4166,139,153020,1326
2020-07-25,South Africa,NA,Gauteng,15488137,3801,209,156821,1535
2020-07-26,South Africa,NA,Gauteng,15488137,3333,29,160154,1564
2020-07-27,South Africa,NA,Gauteng,15488137,2165,61,162319,1625
2020-07-28,South Africa,NA,Gauteng,15488137,2265,55,164584,1680
2020-07-29,South Africa,NA,Gauteng,15488137,3785,156,168369,1836
2020-07-30,South Africa,NA,Gauteng,15488137,3205,96,171574,1932
2020-07-31,South Africa,NA,Gauteng,15488137,3698,103,175272,2035
2020-08-01,South Africa,NA,Gauteng,15488137,2847,40,178119,2075
2020-08-02,South Africa,NA,Gauteng,15488137,2413,40,180532,2115
2020-08-03,South Africa,NA,Gauteng,15488137,1414,37,181946,2152
2020-08-04,South Africa,NA,Gauteng,15488137,1144,116,183090,2268
2020-08-05,South Africa,NA,Gauteng,15488137,2192,45,185282,2313
2020-08-06,South Africa,NA,Gauteng,15488137,2349,75,187631,2388
2020-08-07,South Africa,NA,Gauteng,15488137,1528,136,189159,2524
2020-08-08,South Africa,NA,Gauteng,15488137,1840,23,190999,2547
2020-08-09,South Africa,NA,Gauteng,15488137,1768,32,192767,2579
2020-08-10,South Africa,NA,Gauteng,15488137,794,39,193561,2618
2020-08-11,South Africa,NA,Gauteng,15488137,532,35,194093,2653
2020-08-12,South Africa,NA,Gauteng,15488137,592,108,194685,2761
2020-08-13,South Africa,NA,Gauteng,15488137,1135,30,195820,2791
2020-08-14,South Africa,NA,Gauteng,15488137,1711,76,197531,2867
2020-08-15,South Africa,NA,Gauteng,15488137,1140,21,198671,2888
2020-08-16,South Africa,NA,Gauteng,15488137,964,27,199635,2915
2020-08-17,South Africa,NA,Gauteng,15488137,602,14,200237,2929
2020-08-18,South Africa,NA,Gauteng,15488137,712,89,200949,3018
2020-08-19,South Africa,NA,Gauteng,15488137,1062,43,202011,3061
2020-08-20,South Africa,NA,Gauteng,15488137,944,83,202955,3144
2020-08-21,South Africa,NA,Gauteng,15488137,877,46,203832,3190
2020-08-22,South Africa,NA,Gauteng,15488137,1414,37,205246,3227
2020-08-23,South Africa,NA,Gauteng,15488137,772,41,206018,3268
2020-08-24,South Africa,NA,Gauteng,15488137,507,12,206525,3280
2020-08-25,South Africa,NA,Gauteng,15488137,367,54,206892,3334
2020-08-26,South Africa,NA,Gauteng,15488137,718,61,207610,3395
2020-08-27,South Africa,NA,Gauteng,15488137,546,33,208156,3428
2020-08-28,South Africa,NA,Gauteng,15488137,423,47,208579,3475
2020-08-29,South Africa,NA,Gauteng,15488137,544,81,209123,3556
2020-08-30,South Africa,NA,Gauteng,15488137,525,16,209648,3572
2020-03-26,South Africa,NA,KwaZulu_Natal,11531628,43,0,134,0
2020-03-28,South Africa,NA,KwaZulu_Natal,11531628,22,1,156,1
2020-03-29,South Africa,NA,KwaZulu_Natal,11531628,11,0,167,0
2020-03-30,South Africa,NA,KwaZulu_Natal,11531628,4,0,171,1
2020-03-31,South Africa,NA,KwaZulu_Natal,11531628,8,1,179,2
2020-04-01,South Africa,NA,KwaZulu_Natal,11531628,7,0,186,0
2020-04-02,South Africa,NA,KwaZulu_Natal,11531628,20,0,206,0
2020-04-03,South Africa,NA,KwaZulu_Natal,11531628,9,4,215,6
2020-04-04,South Africa,NA,KwaZulu_Natal,11531628,17,0,232,0
2020-04-05,South Africa,NA,KwaZulu_Natal,11531628,14,1,246,7
2020-04-06,South Africa,NA,KwaZulu_Natal,11531628,11,0,257,7
2020-04-08,South Africa,NA,KwaZulu_Natal,11531628,97,1,354,9
2020-04-09,South Africa,NA,KwaZulu_Natal,11531628,33,0,387,9
2020-04-10,South Africa,NA,KwaZulu_Natal,11531628,25,3,412,12
2020-04-11,South Africa,NA,KwaZulu_Natal,11531628,6,0,418,12
2020-04-12,South Africa,NA,KwaZulu_Natal,11531628,25,0,443,12
2020-04-13,South Africa,NA,KwaZulu_Natal,11531628,22,0,465,12
2020-04-14,South Africa,NA,KwaZulu_Natal,11531628,24,0,489,12
2020-04-15,South Africa,NA,KwaZulu_Natal,11531628,30,6,519,18
2020-04-16,South Africa,NA,KwaZulu_Natal,11531628,20,2,539,20
2020-04-17,South Africa,NA,KwaZulu_Natal,11531628,52,0,591,20
2020-04-18,South Africa,NA,KwaZulu_Natal,11531628,13,1,604,21
2020-04-19,South Africa,NA,KwaZulu_Natal,11531628,13,1,617,22
2020-04-20,South Africa,NA,KwaZulu_Natal,11531628,22,1,639,23
2020-04-21,South Africa,NA,KwaZulu_Natal,11531628,32,0,671,23
2020-04-22,South Africa,NA,KwaZulu_Natal,11531628,87,2,758,25
2020-04-23,South Africa,NA,KwaZulu_Natal,11531628,49,2,807,27
2020-04-24,South Africa,NA,KwaZulu_Natal,11531628,34,2,841,29
2020-04-25,South Africa,NA,KwaZulu_Natal,11531628,0,0,841,29
2020-04-26,South Africa,NA,KwaZulu_Natal,11531628,22,0,863,29
2020-04-27,South Africa,NA,KwaZulu_Natal,11531628,39,1,902,30
2020-04-28,South Africa,NA,KwaZulu_Natal,11531628,17,0,919,30
2020-04-29,South Africa,NA,KwaZulu_Natal,11531628,37,2,956,32
2020-04-30,South Africa,NA,KwaZulu_Natal,11531628,24,0,980,32
2020-05-01,South Africa,NA,KwaZulu_Natal,11531628,26,0,1006,32
2020-05-02,South Africa,NA,KwaZulu_Natal,11531628,45,2,1051,34
2020-05-03,South Africa,NA,KwaZulu_Natal,11531628,25,0,1076,34
2020-05-04,South Africa,NA,KwaZulu_Natal,11531628,30,1,1106,35
2020-05-05,South Africa,NA,KwaZulu_Natal,11531628,36,1,1142,36
2020-05-06,South Africa,NA,KwaZulu_Natal,11531628,7,2,1149,38
2020-05-07,South Africa,NA,KwaZulu_Natal,11531628,55,2,1204,40
2020-05-08,South Africa,NA,KwaZulu_Natal,11531628,49,2,1253,42
2020-05-09,South Africa,NA,KwaZulu_Natal,11531628,55,0,1308,43
2020-05-10,South Africa,NA,KwaZulu_Natal,11531628,45,0,1353,43
2020-05-11,South Africa,NA,KwaZulu_Natal,11531628,19,1,1372,44
2020-05-12,South Africa,NA,KwaZulu_Natal,11531628,22,0,1394,44
2020-05-13,South Africa,NA,KwaZulu_Natal,11531628,19,0,1413,44
2020-05-14,South Africa,NA,KwaZulu_Natal,11531628,31,0,1444,44
2020-05-15,South Africa,NA,KwaZulu_Natal,11531628,38,1,1482,45
2020-05-16,South Africa,NA,KwaZulu_Natal,11531628,16,0,1498,45
2020-05-17,South Africa,NA,KwaZulu_Natal,11531628,45,0,1543,45
2020-05-18,South Africa,NA,KwaZulu_Natal,11531628,24,0,1567,45
2020-05-19,South Africa,NA,KwaZulu_Natal,11531628,49,1,1616,46
2020-05-20,South Africa,NA,KwaZulu_Natal,11531628,34,0,1650,46
2020-05-21,South Africa,NA,KwaZulu_Natal,11531628,43,0,1693,46
2020-05-22,South Africa,NA,KwaZulu_Natal,11531628,42,1,1735,47
2020-05-23,South Africa,NA,KwaZulu_Natal,11531628,42,1,1777,48
2020-05-24,South Africa,NA,KwaZulu_Natal,11531628,38,1,1815,49
2020-05-25,South Africa,NA,KwaZulu_Natal,11531628,67,0,1882,49
2020-05-26,South Africa,NA,KwaZulu_Natal,11531628,45,0,1927,49
2020-05-27,South Africa,NA,KwaZulu_Natal,11531628,259,0,2186,49
2020-05-28,South Africa,NA,KwaZulu_Natal,11531628,163,1,2349,50
2020-05-29,South Africa,NA,KwaZulu_Natal,11531628,79,0,2428,50
2020-05-30,South Africa,NA,KwaZulu_Natal,11531628,48,2,2476,52
2020-05-31,South Africa,NA,KwaZulu_Natal,11531628,69,0,2545,52
2020-06-01,South Africa,NA,KwaZulu_Natal,11531628,20,0,2565,52
2020-06-02,South Africa,NA,KwaZulu_Natal,11531628,72,1,2637,53
2020-06-03,South Africa,NA,KwaZulu_Natal,11531628,70,1,2707,54
2020-06-04,South Africa,NA,KwaZulu_Natal,11531628,162,1,2869,55
2020-06-05,South Africa,NA,KwaZulu_Natal,11531628,67,0,2936,55
2020-06-06,South Africa,NA,KwaZulu_Natal,11531628,80,6,3016,61
2020-06-07,South Africa,NA,KwaZulu_Natal,11531628,92,0,3108,61
2020-06-08,South Africa,NA,KwaZulu_Natal,11531628,67,1,3175,62
2020-06-09,South Africa,NA,KwaZulu_Natal,11531628,80,0,3255,62
2020-06-10,South Africa,NA,KwaZulu_Natal,11531628,92,2,3347,64
2020-06-11,South Africa,NA,KwaZulu_Natal,11531628,125,0,3472,64
2020-06-12,South Africa,NA,KwaZulu_Natal,11531628,101,0,3573,64
2020-06-13,South Africa,NA,KwaZulu_Natal,11531628,190,0,3763,64
2020-06-14,South Africa,NA,KwaZulu_Natal,11531628,111,5,3874,69
2020-06-15,South Africa,NA,KwaZulu_Natal,11531628,85,0,3959,69
2020-06-16,South Africa,NA,KwaZulu_Natal,11531628,89,4,4048,73
2020-06-17,South Africa,NA,KwaZulu_Natal,11531628,190,0,4238,73
2020-06-18,South Africa,NA,KwaZulu_Natal,11531628,122,0,4360,73
2020-06-19,South Africa,NA,KwaZulu_Natal,11531628,188,7,4548,80
2020-06-20,South Africa,NA,KwaZulu_Natal,11531628,258,3,4806,83
2020-06-21,South Africa,NA,KwaZulu_Natal,11531628,224,1,5030,84
2020-06-22,South Africa,NA,KwaZulu_Natal,11531628,248,3,5278,87
2020-06-23,South Africa,NA,KwaZulu_Natal,11531628,347,4,5625,91
2020-06-24,South Africa,NA,KwaZulu_Natal,11531628,450,0,6075,91
2020-06-25,South Africa,NA,KwaZulu_Natal,11531628,515,15,6590,106
2020-06-26,South Africa,NA,KwaZulu_Natal,11531628,500,0,7090,106
2020-06-27,South Africa,NA,KwaZulu_Natal,11531628,696,3,7786,109
2020-06-28,South Africa,NA,KwaZulu_Natal,11531628,647,0,8433,109
2020-06-29,South Africa,NA,KwaZulu_Natal,11531628,608,6,9041,115
2020-06-30,South Africa,NA,KwaZulu_Natal,11531628,633,11,9674,126
2020-07-01,South Africa,NA,KwaZulu_Natal,11531628,958,10,10632,136
2020-07-02,South Africa,NA,KwaZulu_Natal,11531628,1037,16,11669,152
2020-07-03,South Africa,NA,KwaZulu_Natal,11531628,1088,10,12757,162
2020-07-04,South Africa,NA,KwaZulu_Natal,11531628,1227,0,13984,162
2020-07-05,South Africa,NA,KwaZulu_Natal,11531628,1162,21,15146,183
2020-07-06,South Africa,NA,KwaZulu_Natal,11531628,673,0,15819,183
2020-07-07,South Africa,NA,KwaZulu_Natal,11531628,924,22,16743,205
2020-07-08,South Africa,NA,KwaZulu_Natal,11531628,1219,18,17962,223
2020-07-09,South Africa,NA,KwaZulu_Natal,11531628,1668,26,19630,249
2020-07-10,South Africa,NA,KwaZulu_Natal,11531628,1756,11,21386,260
2020-07-11,South Africa,NA,KwaZulu_Natal,11531628,2367,13,23753,273
2020-07-12,South Africa,NA,KwaZulu_Natal,11531628,1819,7,25572,280
2020-07-13,South Africa,NA,KwaZulu_Natal,11531628,1815,6,27387,286
2020-07-14,South Africa,NA,KwaZulu_Natal,11531628,3200,27,30587,313
2020-07-15,South Africa,NA,KwaZulu_Natal,11531628,2352,4,32939,317
2020-07-16,South Africa,NA,KwaZulu_Natal,11531628,2665,41,35604,358
2020-07-17,South Africa,NA,KwaZulu_Natal,11531628,2118,20,37722,378
2020-07-18,South Africa,NA,KwaZulu_Natal,11531628,2364,23,40086,401
2020-07-19,South Africa,NA,KwaZulu_Natal,11531628,3129,15,43215,416
2020-07-20,South Africa,NA,KwaZulu_Natal,11531628,2399,13,45614,429
2020-07-21,South Africa,NA,KwaZulu_Natal,11531628,2071,30,47685,459
2020-07-22,South Africa,NA,KwaZulu_Natal,11531628,2836,18,50521,477
2020-07-23,South Africa,NA,KwaZulu_Natal,11531628,2885,38,53406,515
2020-07-24,South Africa,NA,KwaZulu_Natal,11531628,3756,50,57162,565
2020-07-25,South Africa,NA,KwaZulu_Natal,11531628,3370,37,60532,602
2020-07-26,South Africa,NA,KwaZulu_Natal,11531628,3529,12,64061,614
2020-07-27,South Africa,NA,KwaZulu_Natal,11531628,1921,9,65982,623
2020-07-28,South Africa,NA,KwaZulu_Natal,11531628,2119,62,68101,685
2020-07-29,South Africa,NA,KwaZulu_Natal,11531628,3139,27,71240,712
2020-07-30,South Africa,NA,KwaZulu_Natal,11531628,2679,55,73919,767
2020-07-31,South Africa,NA,KwaZulu_Natal,11531628,2787,36,76706,803
2020-08-01,South Africa,NA,KwaZulu_Natal,11531628,2901,41,79607,844
2020-08-02,South Africa,NA,KwaZulu_Natal,11531628,2693,31,82300,875
2020-08-03,South Africa,NA,KwaZulu_Natal,11531628,2061,12,84361,887
2020-08-04,South Africa,NA,KwaZulu_Natal,11531628,1625,89,85986,976
2020-08-05,South Africa,NA,KwaZulu_Natal,11531628,1812,62,87798,1038
2020-08-06,South Africa,NA,KwaZulu_Natal,11531628,2317,78,90115,1116
2020-08-07,South Africa,NA,KwaZulu_Natal,11531628,2729,76,92844,1192
2020-08-08,South Africa,NA,KwaZulu_Natal,11531628,2804,154,95648,1346
2020-08-09,South Africa,NA,KwaZulu_Natal,11531628,2420,63,98068,1409
2020-08-10,South Africa,NA,KwaZulu_Natal,11531628,1318,11,99386,1420
2020-08-11,South Africa,NA,KwaZulu_Natal,11531628,1108,30,100494,1450
2020-08-12,South Africa,NA,KwaZulu_Natal,11531628,1005,74,101499,1524
2020-08-13,South Africa,NA,KwaZulu_Natal,11531628,734,39,102233,1563
2020-08-14,South Africa,NA,KwaZulu_Natal,11531628,1511,54,103744,1617
2020-08-15,South Africa,NA,KwaZulu_Natal,11531628,875,34,104619,1651
2020-08-16,South Africa,NA,KwaZulu_Natal,11531628,764,21,105383,1672
2020-08-17,South Africa,NA,KwaZulu_Natal,11531628,654,14,106037,1686
2020-08-18,South Africa,NA,KwaZulu_Natal,11531628,528,57,106565,1743
2020-08-19,South Africa,NA,KwaZulu_Natal,11531628,706,45,107271,1788
2020-08-20,South Africa,NA,KwaZulu_Natal,11531628,809,36,108080,1824
2020-08-21,South Africa,NA,KwaZulu_Natal,11531628,708,81,108788,1905
2020-08-22,South Africa,NA,KwaZulu_Natal,11531628,544,31,109332,1936
2020-08-23,South Africa,NA,KwaZulu_Natal,11531628,509,12,109841,1948
2020-08-24,South Africa,NA,KwaZulu_Natal,11531628,261,14,110102,1962
2020-08-25,South Africa,NA,KwaZulu_Natal,11531628,419,35,110521,1997
2020-08-26,South Africa,NA,KwaZulu_Natal,11531628,575,57,111096,2054
2020-08-27,South Africa,NA,KwaZulu_Natal,11531628,489,48,111585,2102
2020-08-28,South Africa,NA,KwaZulu_Natal,11531628,278,14,111863,2116
2020-08-29,South Africa,NA,KwaZulu_Natal,11531628,428,19,112291,2135
2020-08-30,South Africa,NA,KwaZulu_Natal,11531628,435,3,112726,2138
2020-05-21,South Africa,NA,Limpopo,5404868,28,0,121,3
2020-05-22,South Africa,NA,Limpopo,5404868,0,0,120,3
2020-05-23,South Africa,NA,Limpopo,5404868,4,0,124,3
2020-05-24,South Africa,NA,Limpopo,5404868,4,0,128,3
2020-05-25,South Africa,NA,Limpopo,5404868,4,0,132,3
2020-05-26,South Africa,NA,Limpopo,5404868,0,0,132,3
2020-05-27,South Africa,NA,Limpopo,5404868,9,0,141,3
2020-05-28,South Africa,NA,Limpopo,5404868,3,0,144,3
2020-05-29,South Africa,NA,Limpopo,5404868,26,0,170,3
2020-05-30,South Africa,NA,Limpopo,5404868,3,0,173,3
2020-05-31,South Africa,NA,Limpopo,5404868,4,0,177,3
2020-06-01,South Africa,NA,Limpopo,5404868,15,0,192,3
2020-06-02,South Africa,NA,Limpopo,5404868,1,0,193,3
2020-06-03,South Africa,NA,Limpopo,5404868,7,0,200,3
2020-06-04,South Africa,NA,Limpopo,5404868,6,0,206,3
2020-06-05,South Africa,NA,Limpopo,5404868,9,0,215,3
2020-06-06,South Africa,NA,Limpopo,5404868,1,0,216,3
2020-06-07,South Africa,NA,Limpopo,5404868,11,0,227,3
2020-06-08,South Africa,NA,Limpopo,5404868,17,0,244,3
2020-06-09,South Africa,NA,Limpopo,5404868,9,0,253,3
2020-06-10,South Africa,NA,Limpopo,5404868,4,0,257,3
2020-06-11,South Africa,NA,Limpopo,5404868,10,0,267,3
2020-06-12,South Africa,NA,Limpopo,5404868,21,1,288,4
2020-06-13,South Africa,NA,Limpopo,5404868,21,0,309,4
2020-06-14,South Africa,NA,Limpopo,5404868,17,0,326,4
2020-06-15,South Africa,NA,Limpopo,5404868,36,0,362,4
2020-06-16,South Africa,NA,Limpopo,5404868,29,0,391,4
2020-06-17,South Africa,NA,Limpopo,5404868,25,0,416,4
2020-06-18,South Africa,NA,Limpopo,5404868,73,0,489,4
2020-06-19,South Africa,NA,Limpopo,5404868,14,0,503,4
2020-06-20,South Africa,NA,Limpopo,5404868,18,0,521,4
2020-06-21,South Africa,NA,Limpopo,5404868,43,0,564,4
2020-06-22,South Africa,NA,Limpopo,5404868,18,1,582,5
2020-06-23,South Africa,NA,Limpopo,5404868,40,0,622,5
2020-06-24,South Africa,NA,Limpopo,5404868,48,0,670,5
2020-06-25,South Africa,NA,Limpopo,5404868,60,0,730,5
2020-06-26,South Africa,NA,Limpopo,5404868,68,0,798,5
2020-06-27,South Africa,NA,Limpopo,5404868,64,0,862,5
2020-06-28,South Africa,NA,Limpopo,5404868,73,0,935,5
2020-06-29,South Africa,NA,Limpopo,5404868,76,5,1011,10
2020-06-30,South Africa,NA,Limpopo,5404868,120,0,1131,10
2020-07-01,South Africa,NA,Limpopo,5404868,44,0,1175,10
2020-07-02,South Africa,NA,Limpopo,5404868,111,0,1286,10
2020-07-03,South Africa,NA,Limpopo,5404868,122,0,1408,10
2020-07-04,South Africa,NA,Limpopo,5404868,151,0,1559,10
2020-07-05,South Africa,NA,Limpopo,5404868,147,0,1706,10
2020-07-06,South Africa,NA,Limpopo,5404868,79,17,1785,27
2020-07-07,South Africa,NA,Limpopo,5404868,165,15,1950,42
2020-07-08,South Africa,NA,Limpopo,5404868,181,2,2131,44
2020-07-09,South Africa,NA,Limpopo,5404868,250,0,2381,33
2020-07-10,South Africa,NA,Limpopo,5404868,198,0,2579,33
2020-07-11,South Africa,NA,Limpopo,5404868,256,0,2835,33
2020-07-12,South Africa,NA,Limpopo,5404868,179,0,3014,33
2020-07-13,South Africa,NA,Limpopo,5404868,302,0,3316,33
2020-07-14,South Africa,NA,Limpopo,5404868,142,0,3458,33
2020-07-15,South Africa,NA,Limpopo,5404868,187,0,3645,33
2020-07-16,South Africa,NA,Limpopo,5404868,238,0,3883,33
2020-07-17,South Africa,NA,Limpopo,5404868,277,0,4160,33
2020-07-18,South Africa,NA,Limpopo,5404868,330,0,4490,33
2020-07-19,South Africa,NA,Limpopo,5404868,438,0,4928,33
2020-07-20,South Africa,NA,Limpopo,5404868,228,0,5156,33
2020-07-21,South Africa,NA,Limpopo,5404868,199,0,5355,33
2020-07-22,South Africa,NA,Limpopo,5404868,357,0,5712,33
2020-07-23,South Africa,NA,Limpopo,5404868,356,0,6068,33
2020-07-24,South Africa,NA,Limpopo,5404868,326,0,6394,33
2020-07-25,South Africa,NA,Limpopo,5404868,338,0,6732,33
2020-07-26,South Africa,NA,Limpopo,5404868,344,34,7076,67
2020-07-27,South Africa,NA,Limpopo,5404868,184,0,7260,67
2020-07-28,South Africa,NA,Limpopo,5404868,242,0,7502,67
2020-07-29,South Africa,NA,Limpopo,5404868,338,0,7840,67
2020-07-30,South Africa,NA,Limpopo,5404868,400,0,8240,67
2020-07-31,South Africa,NA,Limpopo,5404868,325,0,8565,67
2020-08-01,South Africa,NA,Limpopo,5404868,314,0,8879,67
2020-08-02,South Africa,NA,Limpopo,5404868,165,23,9044,90
2020-08-03,South Africa,NA,Limpopo,5404868,160,0,9204,90
2020-08-04,South Africa,NA,Limpopo,5404868,185,0,9389,90
2020-08-05,South Africa,NA,Limpopo,5404868,236,0,9625,90
2020-08-06,South Africa,NA,Limpopo,5404868,248,0,9873,90
2020-08-07,South Africa,NA,Limpopo,5404868,265,0,10138,90
2020-08-08,South Africa,NA,Limpopo,5404868,207,37,10345,127
2020-08-09,South Africa,NA,Limpopo,5404868,201,0,10546,127
2020-08-10,South Africa,NA,Limpopo,5404868,165,0,10711,127
2020-08-11,South Africa,NA,Limpopo,5404868,96,0,10807,127
2020-08-12,South Africa,NA,Limpopo,5404868,68,0,10875,127
2020-08-13,South Africa,NA,Limpopo,5404868,144,14,11019,141
2020-08-14,South Africa,NA,Limpopo,5404868,195,0,11214,141
2020-08-15,South Africa,NA,Limpopo,5404868,231,18,11445,159
2020-08-16,South Africa,NA,Limpopo,5404868,128,0,11573,159
2020-08-17,South Africa,NA,Limpopo,5404868,184,0,11757,159
2020-08-18,South Africa,NA,Limpopo,5404868,56,0,11813,159
2020-08-19,South Africa,NA,Limpopo,5404868,131,0,11944,159
2020-08-20,South Africa,NA,Limpopo,5404868,142,12,12086,171
2020-08-21,South Africa,NA,Limpopo,5404868,195,0,12281,171
2020-08-22,South Africa,NA,Limpopo,5404868,108,0,12389,171
2020-08-23,South Africa,NA,Limpopo,5404868,174,0,12563,171
2020-08-24,South Africa,NA,Limpopo,5404868,80,8,12643,179
2020-08-25,South Africa,NA,Limpopo,5404868,60,0,12703,179
2020-08-26,South Africa,NA,Limpopo,5404868,92,0,12795,179
2020-08-27,South Africa,NA,Limpopo,5404868,72,0,12867,179
2020-08-28,South Africa,NA,Limpopo,5404868,93,0,12960,179
2020-08-29,South Africa,NA,Limpopo,5404868,79,0,13039,179
2020-08-30,South Africa,NA,Limpopo,5404868,128,0,13167,179
2020-05-24,South Africa,NA,Mpumalanga,4039939,4,0,101,0
2020-05-25,South Africa,NA,Mpumalanga,4039939,1,0,102,0
2020-05-26,South Africa,NA,Mpumalanga,4039939,1,0,103,0
2020-05-27,South Africa,NA,Mpumalanga,4039939,3,0,106,0
2020-05-28,South Africa,NA,Mpumalanga,4039939,5,0,111,0
2020-05-29,South Africa,NA,Mpumalanga,4039939,1,0,112,0
2020-05-30,South Africa,NA,Mpumalanga,4039939,1,0,113,0
2020-05-31,South Africa,NA,Mpumalanga,4039939,8,0,121,0
2020-06-01,South Africa,NA,Mpumalanga,4039939,10,0,131,0
2020-06-02,South Africa,NA,Mpumalanga,4039939,1,0,132,0
2020-06-03,South Africa,NA,Mpumalanga,4039939,5,0,137,0
2020-06-04,South Africa,NA,Mpumalanga,4039939,7,0,144,0
2020-06-05,South Africa,NA,Mpumalanga,4039939,25,0,169,0
2020-06-06,South Africa,NA,Mpumalanga,4039939,12,0,181,0
2020-06-07,South Africa,NA,Mpumalanga,4039939,8,1,189,1
2020-06-08,South Africa,NA,Mpumalanga,4039939,0,0,183,1
2020-06-09,South Africa,NA,Mpumalanga,4039939,1,0,184,1
2020-06-10,South Africa,NA,Mpumalanga,4039939,23,0,207,1
2020-06-11,South Africa,NA,Mpumalanga,4039939,21,0,228,1
2020-06-12,South Africa,NA,Mpumalanga,4039939,15,0,243,1
2020-06-13,South Africa,NA,Mpumalanga,4039939,28,0,271,1
2020-06-14,South Africa,NA,Mpumalanga,4039939,26,0,297,1
2020-06-15,South Africa,NA,Mpumalanga,4039939,25,0,322,1
2020-06-16,South Africa,NA,Mpumalanga,4039939,21,0,343,1
2020-06-17,South Africa,NA,Mpumalanga,4039939,48,0,391,1
2020-06-18,South Africa,NA,Mpumalanga,4039939,70,0,461,1
2020-06-19,South Africa,NA,Mpumalanga,4039939,44,0,505,1
2020-06-20,South Africa,NA,Mpumalanga,4039939,39,0,544,1
2020-06-21,South Africa,NA,Mpumalanga,4039939,29,0,573,1
2020-06-22,South Africa,NA,Mpumalanga,4039939,23,0,596,1
2020-06-23,South Africa,NA,Mpumalanga,4039939,66,1,662,2
2020-06-24,South Africa,NA,Mpumalanga,4039939,51,0,713,2
2020-06-25,South Africa,NA,Mpumalanga,4039939,70,0,783,2
2020-06-26,South Africa,NA,Mpumalanga,4039939,72,0,855,2
2020-06-27,South Africa,NA,Mpumalanga,4039939,70,0,925,2
2020-06-28,South Africa,NA,Mpumalanga,4039939,91,0,1016,2
2020-06-29,South Africa,NA,Mpumalanga,4039939,73,1,1089,3
2020-06-30,South Africa,NA,Mpumalanga,4039939,101,4,1190,7
2020-07-01,South Africa,NA,Mpumalanga,4039939,116,0,1306,7
2020-07-02,South Africa,NA,Mpumalanga,4039939,172,0,1478,7
2020-07-03,South Africa,NA,Mpumalanga,4039939,133,0,1611,7
2020-07-04,South Africa,NA,Mpumalanga,4039939,207,0,1818,7
2020-07-05,South Africa,NA,Mpumalanga,4039939,147,0,1965,7
2020-07-06,South Africa,NA,Mpumalanga,4039939,208,0,2173,7
2020-07-07,South Africa,NA,Mpumalanga,4039939,180,0,2353,7
2020-07-08,South Africa,NA,Mpumalanga,4039939,175,15,2528,22
2020-07-09,South Africa,NA,Mpumalanga,4039939,374,0,2902,22
2020-07-10,South Africa,NA,Mpumalanga,4039939,371,0,3273,22
2020-07-11,South Africa,NA,Mpumalanga,4039939,348,0,3621,22
2020-07-12,South Africa,NA,Mpumalanga,4039939,356,0,3977,22
2020-07-13,South Africa,NA,Mpumalanga,4039939,322,11,4299,33
2020-07-14,South Africa,NA,Mpumalanga,4039939,277,0,4576,33
2020-07-15,South Africa,NA,Mpumalanga,4039939,475,0,5051,33
2020-07-16,South Africa,NA,Mpumalanga,4039939,521,7,5572,40
2020-07-17,South Africa,NA,Mpumalanga,4039939,501,4,6073,44
2020-07-18,South Africa,NA,Mpumalanga,4039939,571,0,6644,44
2020-07-19,South Africa,NA,Mpumalanga,4039939,485,0,7129,44
2020-07-20,South Africa,NA,Mpumalanga,4039939,295,8,7424,52
2020-07-21,South Africa,NA,Mpumalanga,4039939,240,0,7664,52
2020-07-22,South Africa,NA,Mpumalanga,4039939,622,0,8286,52
2020-07-23,South Africa,NA,Mpumalanga,4039939,701,0,8987,52
2020-07-24,South Africa,NA,Mpumalanga,4039939,769,0,9756,52
2020-07-25,South Africa,NA,Mpumalanga,4039939,661,0,10417,52
2020-07-26,South Africa,NA,Mpumalanga,4039939,591,0,11008,52
2020-07-27,South Africa,NA,Mpumalanga,4039939,378,13,11386,65
2020-07-28,South Africa,NA,Mpumalanga,4039939,166,0,11552,65
2020-07-29,South Africa,NA,Mpumalanga,4039939,890,0,12442,65
2020-07-30,South Africa,NA,Mpumalanga,4039939,838,0,13280,65
2020-07-31,South Africa,NA,Mpumalanga,4039939,821,13,14101,78
2020-08-01,South Africa,NA,Mpumalanga,4039939,580,0,14681,78
2020-08-02,South Africa,NA,Mpumalanga,4039939,439,0,15120,78
2020-08-03,South Africa,NA,Mpumalanga,4039939,275,45,15395,123
2020-08-04,South Africa,NA,Mpumalanga,4039939,321,0,15716,123
2020-08-05,South Africa,NA,Mpumalanga,4039939,1419,16,17135,139
2020-08-06,South Africa,NA,Mpumalanga,4039939,668,0,17803,139
2020-08-07,South Africa,NA,Mpumalanga,4039939,463,0,18266,139
2020-08-08,South Africa,NA,Mpumalanga,4039939,468,0,18734,139
2020-08-09,South Africa,NA,Mpumalanga,4039939,505,0,19239,139
2020-08-10,South Africa,NA,Mpumalanga,4039939,216,10,19455,149
2020-08-11,South Africa,NA,Mpumalanga,4039939,78,0,19533,149
2020-08-12,South Africa,NA,Mpumalanga,4039939,222,0,19755,149
2020-08-13,South Africa,NA,Mpumalanga,4039939,356,18,20111,167
2020-08-14,South Africa,NA,Mpumalanga,4039939,443,22,20554,189
2020-08-15,South Africa,NA,Mpumalanga,4039939,361,0,20915,189
2020-08-16,South Africa,NA,Mpumalanga,4039939,374,0,21289,189
2020-08-17,South Africa,NA,Mpumalanga,4039939,185,25,21474,214
2020-08-18,South Africa,NA,Mpumalanga,4039939,243,0,21717,214
2020-08-19,South Africa,NA,Mpumalanga,4039939,350,0,22067,214
2020-08-20,South Africa,NA,Mpumalanga,4039939,392,0,22459,214
2020-08-21,South Africa,NA,Mpumalanga,4039939,242,0,22701,214
2020-08-22,South Africa,NA,Mpumalanga,4039939,201,46,22902,260
2020-08-23,South Africa,NA,Mpumalanga,4039939,198,0,23100,260
2020-08-24,South Africa,NA,Mpumalanga,4039939,63,36,23163,296
2020-08-25,South Africa,NA,Mpumalanga,4039939,173,16,23336,312
2020-08-26,South Africa,NA,Mpumalanga,4039939,219,0,23555,312
2020-08-27,South Africa,NA,Mpumalanga,4039939,122,0,23677,312
2020-08-28,South Africa,NA,Mpumalanga,4039939,88,18,23765,330
2020-08-29,South Africa,NA,Mpumalanga,4039939,181,0,23946,330
2020-08-30,South Africa,NA,Mpumalanga,4039939,186,11,24132,341
2020-05-25,South Africa,NA,North West,3509953,15,0,109,1
2020-05-26,South Africa,NA,North West,3509953,6,0,115,1
2020-05-27,South Africa,NA,North West,3509953,13,0,128,1
2020-05-28,South Africa,NA,North West,3509953,6,0,134,1
2020-05-29,South Africa,NA,North West,3509953,9,0,143,1
2020-05-30,South Africa,NA,North West,3509953,19,0,162,1
2020-05-31,South Africa,NA,North West,3509953,13,0,175,1
2020-06-01,South Africa,NA,North West,3509953,12,0,187,1
2020-06-02,South Africa,NA,North West,3509953,84,0,271,1
2020-06-03,South Africa,NA,North West,3509953,43,0,314,1
2020-06-04,South Africa,NA,North West,3509953,50,0,364,1
2020-06-05,South Africa,NA,North West,3509953,45,0,409,1
2020-06-06,South Africa,NA,North West,3509953,59,0,468,1
2020-06-07,South Africa,NA,North West,3509953,55,0,523,1
2020-06-08,South Africa,NA,North West,3509953,57,0,580,1
2020-06-09,South Africa,NA,North West,3509953,25,0,605,1
2020-06-10,South Africa,NA,North West,3509953,52,0,657,1
2020-06-11,South Africa,NA,North West,3509953,100,4,757,5
2020-06-12,South Africa,NA,North West,3509953,108,0,865,5
2020-06-13,South Africa,NA,North West,3509953,112,0,977,5
2020-06-14,South Africa,NA,North West,3509953,120,0,1097,5
2020-06-15,South Africa,NA,North West,3509953,80,0,1177,5
2020-06-16,South Africa,NA,North West,3509953,104,0,1281,5
2020-06-17,South Africa,NA,North West,3509953,121,0,1402,5
2020-06-18,South Africa,NA,North West,3509953,204,0,1606,5
2020-06-19,South Africa,NA,North West,3509953,152,0,1758,5
2020-06-20,South Africa,NA,North West,3509953,199,0,1957,5
2020-06-21,South Africa,NA,North West,3509953,191,0,2148,5
2020-06-22,South Africa,NA,North West,3509953,167,0,2315,5
2020-06-23,South Africa,NA,North West,3509953,139,0,2454,5
2020-06-24,South Africa,NA,North West,3509953,164,0,2618,5
2020-06-25,South Africa,NA,North West,3509953,347,0,2965,5
2020-06-26,South Africa,NA,North West,3509953,253,0,3218,5
2020-06-27,South Africa,NA,North West,3509953,236,0,3454,5
2020-06-28,South Africa,NA,North West,3509953,193,0,3647,5
2020-06-29,South Africa,NA,North West,3509953,284,2,3931,7
2020-06-30,South Africa,NA,North West,3509953,256,0,4187,7
2020-07-01,South Africa,NA,North West,3509953,206,0,4393,7
2020-07-02,South Africa,NA,North West,3509953,395,0,4788,7
2020-07-03,South Africa,NA,North West,3509953,380,29,5168,36
2020-07-04,South Africa,NA,North West,3509953,476,0,5644,36
2020-07-05,South Africa,NA,North West,3509953,419,0,6063,36
2020-07-06,South Africa,NA,North West,3509953,347,0,6410,36
2020-07-07,South Africa,NA,North West,3509953,432,0,6842,36
2020-07-08,South Africa,NA,North West,3509953,305,0,7147,36
2020-07-09,South Africa,NA,North West,3509953,723,0,7870,36
2020-07-10,South Africa,NA,North West,3509953,806,0,8676,36
2020-07-11,South Africa,NA,North West,3509953,742,0,9418,36
2020-07-12,South Africa,NA,North West,3509953,506,0,9924,36
2020-07-13,South Africa,NA,North West,3509953,601,0,10525,36
2020-07-14,South Africa,NA,North West,3509953,259,0,10784,36
2020-07-15,South Africa,NA,North West,3509953,441,12,11225,48
2020-07-16,South Africa,NA,North West,3509953,666,0,11891,48
2020-07-17,South Africa,NA,North West,3509953,831,0,12722,48
2020-07-18,South Africa,NA,North West,3509953,678,0,13400,48
2020-07-19,South Africa,NA,North West,3509953,606,0,14006,48
2020-07-20,South Africa,NA,North West,3509953,331,0,14337,48
2020-07-21,South Africa,NA,North West,3509953,297,0,14634,48
2020-07-22,South Africa,NA,North West,3509953,439,0,15073,48
2020-07-23,South Africa,NA,North West,3509953,828,0,15901,48
2020-07-24,South Africa,NA,North West,3509953,647,0,16548,48
2020-07-25,South Africa,NA,North West,3509953,394,0,16942,48
2020-07-26,South Africa,NA,North West,3509953,396,0,17338,48
2020-07-27,South Africa,NA,North West,3509953,266,11,17604,59
2020-07-28,South Africa,NA,North West,3509953,187,13,17791,72
2020-07-29,South Africa,NA,North West,3509953,440,0,18231,72
2020-07-30,South Africa,NA,North West,3509953,580,9,18811,81
2020-07-31,South Africa,NA,North West,3509953,514,0,19325,81
2020-08-01,South Africa,NA,North West,3509953,389,0,19714,81
2020-08-02,South Africa,NA,North West,3509953,247,0,19961,81
2020-08-03,South Africa,NA,North West,3509953,188,28,20149,109
2020-08-04,South Africa,NA,North West,3509953,121,0,20270,109
2020-08-05,South Africa,NA,North West,3509953,416,0,20686,109
2020-08-06,South Africa,NA,North West,3509953,358,0,21044,109
2020-08-07,South Africa,NA,North West,3509953,271,0,21315,109
2020-08-08,South Africa,NA,North West,3509953,327,21,21642,130
2020-08-09,South Africa,NA,North West,3509953,195,0,21837,130
2020-08-10,South Africa,NA,North West,3509953,96,0,21933,130
2020-08-11,South Africa,NA,North West,3509953,98,20,22031,150
2020-08-12,South Africa,NA,North West,3509953,174,0,22205,150
2020-08-13,South Africa,NA,North West,3509953,278,0,22483,150
2020-08-14,South Africa,NA,North West,3509953,333,26,22816,176
2020-08-15,South Africa,NA,North West,3509953,277,0,23093,176
2020-08-16,South Africa,NA,North West,3509953,157,18,23250,194
2020-08-17,South Africa,NA,North West,3509953,55,0,23305,194
2020-08-18,South Africa,NA,North West,3509953,140,20,23445,214
2020-08-19,South Africa,NA,North West,3509953,196,0,23641,214
2020-08-20,South Africa,NA,North West,3509953,227,0,23868,214
2020-08-21,South Africa,NA,North West,3509953,135,10,24003,224
2020-08-22,South Africa,NA,North West,3509953,182,0,24185,224
2020-08-23,South Africa,NA,North West,3509953,116,0,24301,224
2020-08-24,South Africa,NA,North West,3509953,70,0,24371,224
2020-08-25,South Africa,NA,North West,3509953,74,0,24445,224
2020-08-26,South Africa,NA,North West,3509953,201,0,24646,224
2020-08-27,South Africa,NA,North West,3509953,159,0,24805,224
2020-08-28,South Africa,NA,North West,3509953,117,16,24922,240
2020-08-29,South Africa,NA,North West,3509953,164,0,25086,240
2020-08-30,South Africa,NA,North West,3509953,154,0,25240,240
2020-06-05,South Africa,NA,Northern Cape,1292786,7,0,102,1
2020-06-06,South Africa,NA,Northern Cape,1292786,3,0,105,1
2020-06-07,South Africa,NA,Northern Cape,1292786,9,0,114,1
2020-06-08,South Africa,NA,Northern Cape,1292786,4,0,118,1
2020-06-09,South Africa,NA,Northern Cape,1292786,4,0,122,1
2020-06-10,South Africa,NA,Northern Cape,1292786,3,0,125,1
2020-06-11,South Africa,NA,Northern Cape,1292786,7,0,132,1
2020-06-12,South Africa,NA,Northern Cape,1292786,6,0,138,1
2020-06-13,South Africa,NA,Northern Cape,1292786,6,0,144,1
2020-06-14,South Africa,NA,Northern Cape,1292786,12,0,156,1
2020-06-15,South Africa,NA,Northern Cape,1292786,49,0,205,1
2020-06-16,South Africa,NA,Northern Cape,1292786,6,0,211,1
2020-06-17,South Africa,NA,Northern Cape,1292786,0,0,211,1
2020-06-18,South Africa,NA,Northern Cape,1292786,3,0,214,1
2020-06-19,South Africa,NA,Northern Cape,1292786,4,0,218,1
2020-06-20,South Africa,NA,Northern Cape,1292786,14,0,232,1
2020-06-21,South Africa,NA,Northern Cape,1292786,5,0,237,1
2020-06-22,South Africa,NA,Northern Cape,1292786,17,0,254,1
2020-06-23,South Africa,NA,Northern Cape,1292786,16,0,270,1
2020-06-24,South Africa,NA,Northern Cape,1292786,29,0,299,1
2020-06-25,South Africa,NA,Northern Cape,1292786,19,0,318,1
2020-06-26,South Africa,NA,Northern Cape,1292786,19,0,337,1
2020-06-27,South Africa,NA,Northern Cape,1292786,18,0,355,1
2020-06-28,South Africa,NA,Northern Cape,1292786,30,0,385,1
2020-06-29,South Africa,NA,Northern Cape,1292786,19,0,404,1
2020-06-30,South Africa,NA,Northern Cape,1292786,61,0,465,1
2020-07-01,South Africa,NA,Northern Cape,1292786,29,0,494,1
2020-07-02,South Africa,NA,Northern Cape,1292786,79,0,573,1
2020-07-03,South Africa,NA,Northern Cape,1292786,53,3,626,4
2020-07-04,South Africa,NA,Northern Cape,1292786,60,0,686,4
2020-07-05,South Africa,NA,Northern Cape,1292786,48,2,734,6
2020-07-06,South Africa,NA,Northern Cape,1292786,86,0,820,6
2020-07-07,South Africa,NA,Northern Cape,1292786,68,0,888,6
2020-07-08,South Africa,NA,Northern Cape,1292786,86,0,974,6
2020-07-09,South Africa,NA,Northern Cape,1292786,65,1,1039,7
2020-07-10,South Africa,NA,Northern Cape,1292786,129,0,1168,7
2020-07-11,South Africa,NA,Northern Cape,1292786,98,4,1266,11
2020-07-12,South Africa,NA,Northern Cape,1292786,135,0,1401,11
2020-07-13,South Africa,NA,Northern Cape,1292786,121,0,1522,11
2020-07-14,South Africa,NA,Northern Cape,1292786,57,4,1579,15
2020-07-15,South Africa,NA,Northern Cape,1292786,88,0,1667,15
2020-07-16,South Africa,NA,Northern Cape,1292786,164,0,1831,15
2020-07-17,South Africa,NA,Northern Cape,1292786,213,0,2044,15
2020-07-18,South Africa,NA,Northern Cape,1292786,153,0,2197,15
2020-07-19,South Africa,NA,Northern Cape,1292786,69,0,2266,15
2020-07-20,South Africa,NA,Northern Cape,1292786,85,0,2351,15
2020-07-21,South Africa,NA,Northern Cape,1292786,188,0,2539,15
2020-07-22,South Africa,NA,Northern Cape,1292786,188,0,2727,15
2020-07-23,South Africa,NA,Northern Cape,1292786,243,8,2970,23
2020-07-24,South Africa,NA,Northern Cape,1292786,205,0,3175,23
2020-07-25,South Africa,NA,Northern Cape,1292786,214,4,3389,27
2020-07-26,South Africa,NA,Northern Cape,1292786,211,2,3600,29
2020-07-27,South Africa,NA,Northern Cape,1292786,275,0,3875,29
2020-07-28,South Africa,NA,Northern Cape,1292786,122,0,3997,29
2020-07-29,South Africa,NA,Northern Cape,1292786,138,0,4135,29
2020-07-30,South Africa,NA,Northern Cape,1292786,267,0,4402,29
2020-07-31,South Africa,NA,Northern Cape,1292786,339,0,4741,29
2020-08-01,South Africa,NA,Northern Cape,1292786,220,7,4961,36
2020-08-02,South Africa,NA,Northern Cape,1292786,170,0,5131,36
2020-08-03,South Africa,NA,Northern Cape,1292786,171,0,5302,36
2020-08-04,South Africa,NA,Northern Cape,1292786,77,0,5379,36
2020-08-05,South Africa,NA,Northern Cape,1292786,259,0,5638,36
2020-08-06,South Africa,NA,Northern Cape,1292786,294,18,5932,54
2020-08-07,South Africa,NA,Northern Cape,1292786,253,7,6185,61
2020-08-08,South Africa,NA,Northern Cape,1292786,181,5,6366,66
2020-08-09,South Africa,NA,Northern Cape,1292786,255,0,6621,66
2020-08-10,South Africa,NA,Northern Cape,1292786,181,2,6802,68
2020-08-11,South Africa,NA,Northern Cape,1292786,59,0,6861,68
2020-08-12,South Africa,NA,Northern Cape,1292786,96,0,6957,68
2020-08-13,South Africa,NA,Northern Cape,1292786,165,8,7122,76
2020-08-14,South Africa,NA,Northern Cape,1292786,321,18,7443,94
2020-08-15,South Africa,NA,Northern Cape,1292786,294,0,7737,94
2020-08-16,South Africa,NA,Northern Cape,1292786,103,0,7840,94
2020-08-17,South Africa,NA,Northern Cape,1292786,181,3,8021,97
2020-08-18,South Africa,NA,Northern Cape,1292786,108,3,8129,100
2020-08-19,South Africa,NA,Northern Cape,1292786,212,0,8341,100
2020-08-20,South Africa,NA,Northern Cape,1292786,234,0,8575,100
2020-08-21,South Africa,NA,Northern Cape,1292786,243,6,8818,106
2020-08-22,South Africa,NA,Northern Cape,1292786,178,0,8996,106
2020-08-23,South Africa,NA,Northern Cape,1292786,133,0,9129,106
2020-08-24,South Africa,NA,Northern Cape,1292786,193,0,9322,106
2020-08-25,South Africa,NA,Northern Cape,1292786,53,10,9375,116
2020-08-26,South Africa,NA,Northern Cape,1292786,0,0,9500,120
2020-08-27,South Africa,NA,Northern Cape,1292786,329,0,9829,120
2020-08-28,South Africa,NA,Northern Cape,1292786,214,0,10043,120
2020-08-29,South Africa,NA,Northern Cape,1292786,241,0,10284,120
2020-08-30,South Africa,NA,Northern Cape,1292786,284,0,10568,120
2020-03-24,South Africa,NA,Western Cape,7005741,13,0,113,0
2020-03-25,South Africa,NA,Western Cape,7005741,70,0,183,0
2020-03-26,South Africa,NA,Western Cape,7005741,46,0,229,0
2020-03-28,South Africa,NA,Western Cape,7005741,42,0,271,1
2020-03-29,South Africa,NA,Western Cape,7005741,39,0,310,0
2020-03-30,South Africa,NA,Western Cape,7005741,14,0,324,1
2020-03-31,South Africa,NA,Western Cape,7005741,1,0,325,1
2020-04-01,South Africa,NA,Western Cape,7005741,1,0,326,0
2020-04-02,South Africa,NA,Western Cape,7005741,27,0,353,0
2020-04-03,South Africa,NA,Western Cape,7005741,21,0,374,1
2020-04-04,South Africa,NA,Western Cape,7005741,59,0,433,0
2020-04-05,South Africa,NA,Western Cape,7005741,21,1,454,2
2020-04-06,South Africa,NA,Western Cape,7005741,8,1,462,3
2020-04-08,South Africa,NA,Western Cape,7005741,33,0,495,3
2020-04-09,South Africa,NA,Western Cape,7005741,20,0,515,3
2020-04-10,South Africa,NA,Western Cape,7005741,26,3,541,6
2020-04-11,South Africa,NA,Western Cape,7005741,5,1,546,7
2020-04-12,South Africa,NA,Western Cape,7005741,41,0,587,7
2020-04-13,South Africa,NA,Western Cape,7005741,30,1,617,8
2020-04-14,South Africa,NA,Western Cape,7005741,26,0,643,8
2020-04-15,South Africa,NA,Western Cape,7005741,14,0,657,8
2020-04-16,South Africa,NA,Western Cape,7005741,18,5,675,13
2020-04-17,South Africa,NA,Western Cape,7005741,42,2,717,15
2020-04-18,South Africa,NA,Western Cape,7005741,119,1,836,16
2020-04-19,South Africa,NA,Western Cape,7005741,32,1,868,17
2020-04-20,South Africa,NA,Western Cape,7005741,72,0,940,17
2020-04-21,South Africa,NA,Western Cape,7005741,70,0,1010,17
2020-04-22,South Africa,NA,Western Cape,7005741,69,5,1079,22
2020-04-23,South Africa,NA,Western Cape,7005741,200,6,1279,28
2020-04-24,South Africa,NA,Western Cape,7005741,134,2,1413,30
2020-04-25,South Africa,NA,Western Cape,7005741,101,2,1514,32
2020-04-26,South Africa,NA,Western Cape,7005741,94,1,1608,33
2020-04-27,South Africa,NA,Western Cape,7005741,129,2,1737,35
2020-04-28,South Africa,NA,Western Cape,7005741,133,3,1870,38
2020-04-29,South Africa,NA,Western Cape,7005741,265,4,2135,42
2020-04-30,South Africa,NA,Western Cape,7005741,207,0,2342,42
2020-05-01,South Africa,NA,Western Cape,7005741,165,13,2507,55
2020-05-02,South Africa,NA,Western Cape,7005741,193,1,2700,56
2020-05-03,South Africa,NA,Western Cape,7005741,344,2,3044,58
2020-05-04,South Africa,NA,Western Cape,7005741,318,6,3362,64
2020-05-05,South Africa,NA,Western Cape,7005741,247,7,3609,71
2020-05-06,South Africa,NA,Western Cape,7005741,151,2,3760,73
2020-05-07,South Africa,NA,Western Cape,7005741,234,6,3994,79
2020-05-08,South Africa,NA,Western Cape,7005741,503,9,4497,88
2020-05-09,South Africa,NA,Western Cape,7005741,312,7,4809,95
2020-05-10,South Africa,NA,Western Cape,7005741,359,3,5168,98
2020-05-11,South Africa,NA,Western Cape,7005741,453,8,5621,106
2020-05-12,South Africa,NA,Western Cape,7005741,484,0,6105,106
2020-05-13,South Africa,NA,Western Cape,7005741,608,11,6713,117
2020-05-14,South Africa,NA,Western Cape,7005741,522,12,7235,129
2020-05-15,South Africa,NA,Western Cape,7005741,563,8,7798,137
2020-05-16,South Africa,NA,Western Cape,7005741,606,12,8404,149
2020-05-17,South Africa,NA,Western Cape,7005741,890,0,9294,149
2020-05-18,South Africa,NA,Western Cape,7005741,741,17,10035,166
2020-05-19,South Africa,NA,Western Cape,7005741,604,21,10639,187
2020-05-20,South Africa,NA,Western Cape,7005741,623,23,11262,210
2020-05-21,South Africa,NA,Western Cape,7005741,891,25,12153,235
2020-05-22,South Africa,NA,Western Cape,7005741,735,22,12888,257
2020-05-23,South Africa,NA,Western Cape,7005741,938,4,13826,261
2020-05-24,South Africa,NA,Western Cape,7005741,914,20,14740,281
2020-05-25,South Africa,NA,Western Cape,7005741,656,49,15396,330
2020-05-26,South Africa,NA,Western Cape,7005741,433,33,15829,363
2020-05-27,South Africa,NA,Western Cape,7005741,1064,28,16893,391
2020-05-28,South Africa,NA,Western Cape,7005741,861,15,17754,406
2020-05-29,South Africa,NA,Western Cape,7005741,1152,31,18906,437
2020-05-30,South Africa,NA,Western Cape,7005741,1254,28,20160,465
2020-05-31,South Africa,NA,Western Cape,7005741,1222,38,21382,503
2020-06-01,South Africa,NA,Western Cape,7005741,1185,22,22567,525
2020-06-02,South Africa,NA,Western Cape,7005741,1016,43,23583,568
2020-06-03,South Africa,NA,Western Cape,7005741,1074,29,24657,597
2020-06-04,South Africa,NA,Western Cape,7005741,2349,54,27006,651
2020-06-05,South Africa,NA,Western Cape,7005741,1801,53,28807,704
2020-06-06,South Africa,NA,Western Cape,7005741,1572,25,30379,729
2020-06-07,South Africa,NA,Western Cape,7005741,1445,45,31824,774
2020-06-08,South Africa,NA,Western Cape,7005741,1744,55,33568,829
2020-06-09,South Africa,NA,Western Cape,7005741,1251,61,34819,890
2020-06-10,South Africa,NA,Western Cape,7005741,1202,37,36021,927
2020-06-11,South Africa,NA,Western Cape,7005741,1401,39,37422,966
2020-06-12,South Africa,NA,Western Cape,7005741,1504,39,38926,1005
2020-06-13,South Africa,NA,Western Cape,7005741,1679,36,40605,1041
2020-06-14,South Africa,NA,Western Cape,7005741,1934,42,42539,1083
2020-06-15,South Africa,NA,Western Cape,7005741,1604,73,44143,1156
2020-06-16,South Africa,NA,Western Cape,7005741,1214,44,45357,1200
2020-06-17,South Africa,NA,Western Cape,7005741,1198,43,46555,1243
2020-06-18,South Africa,NA,Western Cape,7005741,967,57,47522,1300
2020-06-19,South Africa,NA,Western Cape,7005741,1184,60,48706,1360
2020-06-20,South Africa,NA,Western Cape,7005741,1467,32,50173,1392
2020-06-21,South Africa,NA,Western Cape,7005741,1268,27,51441,1419
2020-06-22,South Africa,NA,Western Cape,7005741,1113,39,52554,1458
2020-06-23,South Africa,NA,Western Cape,7005741,958,78,53512,1536
2020-06-24,South Africa,NA,Western Cape,7005741,1650,63,55162,1599
2020-06-25,South Africa,NA,Western Cape,7005741,1618,53,56780,1652
2020-06-26,South Africa,NA,Western Cape,7005741,1161,40,57941,1692
2020-06-27,South Africa,NA,Western Cape,7005741,1374,40,59315,1732
2020-06-28,South Africa,NA,Western Cape,7005741,1130,32,60445,1764
2020-06-29,South Africa,NA,Western Cape,7005741,930,43,61375,1807
2020-06-30,South Africa,NA,Western Cape,7005741,1106,52,62481,1859
2020-07-01,South Africa,NA,Western Cape,7005741,1896,37,64377,1896
2020-07-02,South Africa,NA,Western Cape,7005741,1464,29,65841,1925
2020-07-03,South Africa,NA,Western Cape,7005741,1095,58,66936,1983
2020-07-04,South Africa,NA,Western Cape,7005741,1440,43,68376,2026
2020-07-05,South Africa,NA,Western Cape,7005741,1155,40,69531,2066
2020-07-06,South Africa,NA,Western Cape,7005741,1407,35,70938,2101
2020-07-07,South Africa,NA,Western Cape,7005741,1218,44,72156,2145
2020-07-08,South Africa,NA,Western Cape,7005741,1136,47,73292,2192
2020-07-09,South Africa,NA,Western Cape,7005741,1523,37,74815,2229
2020-07-10,South Africa,NA,Western Cape,7005741,1252,66,76067,2295
2020-07-11,South Africa,NA,Western Cape,7005741,1269,38,77336,2333
2020-07-12,South Africa,NA,Western Cape,7005741,1063,15,78399,2348
2020-07-13,South Africa,NA,Western Cape,7005741,945,37,79344,2385
2020-07-14,South Africa,NA,Western Cape,7005741,855,44,80199,2429
2020-07-15,South Africa,NA,Western Cape,7005741,1357,38,81556,2467
2020-07-16,South Africa,NA,Western Cape,7005741,1430,47,82986,2514
2020-07-17,South Africa,NA,Western Cape,7005741,1268,36,84254,2550
2020-07-18,South Africa,NA,Western Cape,7005741,1157,43,85411,2593
2020-07-19,South Africa,NA,Western Cape,7005741,515,26,85926,2619
2020-07-20,South Africa,NA,Western Cape,7005741,0,50,85772,2669
2020-07-21,South Africa,NA,Western Cape,7005741,557,48,86329,2717
2020-07-22,South Africa,NA,Western Cape,7005741,1518,35,87847,2752
2020-07-23,South Africa,NA,Western Cape,7005741,1081,28,88928,2780
2020-07-24,South Africa,NA,Western Cape,7005741,1083,47,90011,2827
2020-07-25,South Africa,NA,Western Cape,7005741,1022,18,91033,2845
2020-07-26,South Africa,NA,Western Cape,7005741,1046,30,92079,2875
2020-07-27,South Africa,NA,Western Cape,7005741,521,36,92600,2911
2020-07-28,South Africa,NA,Western Cape,7005741,383,49,92983,2960
2020-07-29,South Africa,NA,Western Cape,7005741,754,23,93737,2983
2020-07-30,South Africa,NA,Western Cape,7005741,703,34,94440,3017
2020-07-31,South Africa,NA,Western Cape,7005741,783,33,95223,3050
2020-08-01,South Africa,NA,Western Cape,7005741,966,24,96189,3074
2020-08-02,South Africa,NA,Western Cape,7005741,649,43,96838,3117
2020-08-03,South Africa,NA,Western Cape,7005741,238,31,97076,3148
2020-08-04,South Africa,NA,Western Cape,7005741,185,97,97261,3245
2020-08-05,South Africa,NA,Western Cape,7005741,770,34,98031,3279
2020-08-06,South Africa,NA,Western Cape,7005741,568,46,98599,3325
2020-08-07,South Africa,NA,Western Cape,7005741,428,29,99027,3354
2020-08-08,South Africa,NA,Western Cape,7005741,561,22,99588,3376
2020-08-09,South Africa,NA,Western Cape,7005741,371,23,99959,3399
2020-08-10,South Africa,NA,Western Cape,7005741,254,30,100213,3429
2020-08-11,South Africa,NA,Western Cape,7005741,103,25,100316,3454
2020-08-12,South Africa,NA,Western Cape,7005741,220,31,100536,3485
2020-08-13,South Africa,NA,Western Cape,7005741,440,21,100976,3506
2020-08-14,South Africa,NA,Western Cape,7005741,603,28,101579,3534
2020-08-15,South Africa,NA,Western Cape,7005741,410,26,101989,3560
2020-08-16,South Africa,NA,Western Cape,7005741,460,20,102449,3580
2020-08-17,South Africa,NA,Western Cape,7005741,160,32,102609,3612
2020-08-18,South Africa,NA,Western Cape,7005741,130,34,102739,3646
2020-08-19,South Africa,NA,Western Cape,7005741,471,29,103210,3675
2020-08-20,South Africa,NA,Western Cape,7005741,406,13,103616,3688
2020-08-21,South Africa,NA,Western Cape,7005741,326,25,103942,3713
2020-08-22,South Africa,NA,Western Cape,7005741,343,5,104285,3718
2020-08-23,South Africa,NA,Western Cape,7005741,303,8,104588,3726
2020-08-24,South Africa,NA,Western Cape,7005741,79,19,104667,3745
2020-08-25,South Africa,NA,Western Cape,7005741,114,18,104781,3763
2020-08-26,South Africa,NA,Western Cape,7005741,216,60,104997,3823
2020-08-27,South Africa,NA,Western Cape,7005741,276,20,105273,3843
2020-08-28,South Africa,NA,Western Cape,7005741,234,10,105507,3853
2020-08-29,South Africa,NA,Western Cape,7005741,169,9,105676,3862
2020-08-30,South Africa,NA,Western Cape,7005741,232,7,105908,3869
2020-03-02,Spain,NA,Andalucia,8476718,31,0,127,0
2020-03-03,Spain,NA,Andalucia,8476718,36,0,163,0
2020-03-04,Spain,NA,Andalucia,8476718,31,0,194,0
2020-03-05,Spain,NA,Andalucia,8476718,55,0,249,0
2020-03-06,Spain,NA,Andalucia,8476718,66,0,315,0
2020-03-07,Spain,NA,Andalucia,8476718,72,0,387,0
2020-03-08,Spain,NA,Andalucia,8476718,78,0,465,0
2020-03-09,Spain,NA,Andalucia,8476718,158,0,623,0
2020-03-10,Spain,NA,Andalucia,8476718,204,0,827,0
2020-03-11,Spain,NA,Andalucia,8476718,246,0,1073,0
2020-03-12,Spain,NA,Andalucia,8476718,301,0,1374,0
2020-03-13,Spain,NA,Andalucia,8476718,447,2,1821,2
2020-03-14,Spain,NA,Andalucia,8476718,392,5,2213,7
2020-03-15,Spain,NA,Andalucia,8476718,409,4,2622,11
2020-03-16,Spain,NA,Andalucia,8476718,536,5,3158,16
2020-03-17,Spain,NA,Andalucia,8476718,538,8,3696,24
2020-03-18,Spain,NA,Andalucia,8476718,493,5,4189,29
2020-03-19,Spain,NA,Andalucia,8476718,522,15,4711,44
2020-03-20,Spain,NA,Andalucia,8476718,748,14,5459,58
2020-03-21,Spain,NA,Andalucia,8476718,517,18,5976,76
2020-03-22,Spain,NA,Andalucia,8476718,489,28,6465,104
2020-03-23,Spain,NA,Andalucia,8476718,535,29,7000,133
2020-03-24,Spain,NA,Andalucia,8476718,463,36,7463,169
2020-03-25,Spain,NA,Andalucia,8476718,487,30,7950,199
2020-03-26,Spain,NA,Andalucia,8476718,435,45,8385,244
2020-03-27,Spain,NA,Andalucia,8476718,392,48,8777,292
2020-03-28,Spain,NA,Andalucia,8476718,296,27,9073,319
2020-03-29,Spain,NA,Andalucia,8476718,319,40,9392,359
2020-03-30,Spain,NA,Andalucia,8476718,302,52,9694,411
2020-03-31,Spain,NA,Andalucia,8476718,238,47,9932,458
2020-04-01,Spain,NA,Andalucia,8476718,324,43,10256,501
2020-04-02,Spain,NA,Andalucia,8476718,215,53,10471,554
2020-04-03,Spain,NA,Andalucia,8476718,172,43,10643,597
2020-04-04,Spain,NA,Andalucia,8476718,166,51,10809,648
2020-04-05,Spain,NA,Andalucia,8476718,159,40,10968,688
2020-04-06,Spain,NA,Andalucia,8476718,137,42,11105,730
2020-04-07,Spain,NA,Andalucia,8476718,163,38,11268,768
2020-04-08,Spain,NA,Andalucia,8476718,132,54,11400,822
2020-04-09,Spain,NA,Andalucia,8476718,85,32,11485,854
2020-04-10,Spain,NA,Andalucia,8476718,98,46,11583,900
2020-04-11,Spain,NA,Andalucia,8476718,94,22,11677,922
2020-04-12,Spain,NA,Andalucia,8476718,81,33,11758,955
2020-04-13,Spain,NA,Andalucia,8476718,70,21,11828,976
2020-04-14,Spain,NA,Andalucia,8476718,58,33,11886,1009
2020-04-15,Spain,NA,Andalucia,8476718,90,26,11976,1035
2020-04-16,Spain,NA,Andalucia,8476718,50,25,12026,1060
2020-04-17,Spain,NA,Andalucia,8476718,63,26,12089,1086
2020-04-18,Spain,NA,Andalucia,8476718,41,18,12130,1104
2020-04-19,Spain,NA,Andalucia,8476718,28,19,12158,1123
2020-04-20,Spain,NA,Andalucia,8476718,37,28,12195,1151
2020-04-21,Spain,NA,Andalucia,8476718,38,22,12233,1173
2020-04-22,Spain,NA,Andalucia,8476718,27,15,12260,1188
2020-04-23,Spain,NA,Andalucia,8476718,35,23,12295,1211
2020-04-24,Spain,NA,Andalucia,8476718,46,11,12341,1222
2020-04-25,Spain,NA,Andalucia,8476718,24,13,12365,1235
2020-04-26,Spain,NA,Andalucia,8476718,15,13,12380,1248
2020-04-27,Spain,NA,Andalucia,8476718,16,11,12396,1259
2020-04-28,Spain,NA,Andalucia,8476718,18,10,12414,1269
2020-04-29,Spain,NA,Andalucia,8476718,32,9,12446,1278
2020-04-30,Spain,NA,Andalucia,8476718,21,6,12467,1284
2020-05-01,Spain,NA,Andalucia,8476718,16,6,12483,1290
2020-05-02,Spain,NA,Andalucia,8476718,15,8,12498,1298
2020-05-03,Spain,NA,Andalucia,8476718,8,8,12506,1306
2020-05-04,Spain,NA,Andalucia,8476718,18,12,12524,1318
2020-05-05,Spain,NA,Andalucia,8476718,12,9,12536,1327
2020-05-06,Spain,NA,Andalucia,8476718,3,5,12539,1332
2020-05-07,Spain,NA,Andalucia,8476718,3,7,12542,1339
2020-05-08,Spain,NA,Andalucia,8476718,8,2,12550,1341
2020-05-09,Spain,NA,Andalucia,8476718,2,7,12552,1348
2020-05-10,Spain,NA,Andalucia,8476718,5,4,12557,1352
2020-05-11,Spain,NA,Andalucia,8476718,17,5,12574,1357
2020-05-12,Spain,NA,Andalucia,8476718,19,3,12593,1360
2020-05-13,Spain,NA,Andalucia,8476718,13,7,12606,1367
2020-05-14,Spain,NA,Andalucia,8476718,10,8,12616,1375
2020-05-15,Spain,NA,Andalucia,8476718,13,4,12629,1379
2020-05-16,Spain,NA,Andalucia,8476718,3,3,12632,1382
2020-05-17,Spain,NA,Andalucia,8476718,5,2,12637,1384
2020-05-18,Spain,NA,Andalucia,8476718,11,4,12648,1388
2020-05-19,Spain,NA,Andalucia,8476718,11,2,12659,1390
2020-05-20,Spain,NA,Andalucia,8476718,13,0,12672,1390
2020-05-21,Spain,NA,Andalucia,8476718,9,3,12681,1393
2020-05-22,Spain,NA,Andalucia,8476718,5,6,12686,1399
2020-05-23,Spain,NA,Andalucia,8476718,7,2,12693,1401
2020-05-24,Spain,NA,Andalucia,8476718,3,4,12696,1405
2020-05-25,Spain,NA,Andalucia,8476718,8,3,12704,1408
2020-05-26,Spain,NA,Andalucia,8476718,8,3,12712,1411
2020-05-27,Spain,NA,Andalucia,8476718,11,0,12723,1411
2020-05-28,Spain,NA,Andalucia,8476718,7,2,12730,1413
2020-05-29,Spain,NA,Andalucia,8476718,12,0,12742,1413
2020-05-30,Spain,NA,Andalucia,8476718,13,2,12755,1415
2020-05-31,Spain,NA,Andalucia,8476718,9,0,12764,1415
2020-06-01,Spain,NA,Andalucia,8476718,18,0,12782,1415
2020-06-02,Spain,NA,Andalucia,8476718,6,0,12788,1415
2020-06-03,Spain,NA,Andalucia,8476718,15,1,12803,1416
2020-06-04,Spain,NA,Andalucia,8476718,5,0,12808,1416
2020-06-05,Spain,NA,Andalucia,8476718,12,0,12820,1416
2020-06-06,Spain,NA,Andalucia,8476718,4,2,12824,1418
2020-06-07,Spain,NA,Andalucia,8476718,2,0,12826,1418
2020-06-08,Spain,NA,Andalucia,8476718,6,0,12832,1418
2020-06-09,Spain,NA,Andalucia,8476718,8,0,12840,1418
2020-06-10,Spain,NA,Andalucia,8476718,6,2,12846,1420
2020-06-11,Spain,NA,Andalucia,8476718,3,0,12849,1420
2020-06-12,Spain,NA,Andalucia,8476718,4,1,12853,1421
2020-06-13,Spain,NA,Andalucia,8476718,4,0,12857,1421
2020-06-14,Spain,NA,Andalucia,8476718,4,0,12861,1421
2020-06-15,Spain,NA,Andalucia,8476718,7,0,12868,1421
2020-06-16,Spain,NA,Andalucia,8476718,9,0,12877,1421
2020-06-17,Spain,NA,Andalucia,8476718,10,2,12887,1423
2020-06-18,Spain,NA,Andalucia,8476718,25,0,12912,1423
2020-06-19,Spain,NA,Andalucia,8476718,11,0,12923,1423
2020-06-20,Spain,NA,Andalucia,8476718,15,0,12938,1423
2020-06-21,Spain,NA,Andalucia,8476718,10,0,12948,1423
2020-06-22,Spain,NA,Andalucia,8476718,17,0,12965,1423
2020-06-23,Spain,NA,Andalucia,8476718,13,0,12978,1423
2020-06-24,Spain,NA,Andalucia,8476718,95,0,13073,1423
2020-06-25,Spain,NA,Andalucia,8476718,22,0,13095,1423
2020-06-26,Spain,NA,Andalucia,8476718,19,1,13114,1424
2020-06-27,Spain,NA,Andalucia,8476718,15,0,13129,1424
2020-06-28,Spain,NA,Andalucia,8476718,27,0,13156,1424
2020-06-29,Spain,NA,Andalucia,8476718,22,1,13178,1425
2020-06-30,Spain,NA,Andalucia,8476718,25,0,13203,1425
2020-07-01,Spain,NA,Andalucia,8476718,22,0,13225,1425
2020-07-02,Spain,NA,Andalucia,8476718,14,0,13239,1425
2020-07-03,Spain,NA,Andalucia,8476718,25,0,13264,1425
2020-07-04,Spain,NA,Andalucia,8476718,25,0,13289,1425
2020-07-05,Spain,NA,Andalucia,8476718,16,0,13305,1425
2020-07-06,Spain,NA,Andalucia,8476718,22,1,13327,1426
2020-07-07,Spain,NA,Andalucia,8476718,32,0,13359,1426
2020-07-08,Spain,NA,Andalucia,8476718,55,1,13414,1427
2020-07-09,Spain,NA,Andalucia,8476718,36,0,13450,1427
2020-07-10,Spain,NA,Andalucia,8476718,59,0,13509,1427
2020-07-11,Spain,NA,Andalucia,8476718,50,0,13559,1427
2020-07-12,Spain,NA,Andalucia,8476718,32,0,13591,1427
2020-07-13,Spain,NA,Andalucia,8476718,48,0,13639,1427
2020-07-14,Spain,NA,Andalucia,8476718,95,1,13734,1428
2020-07-15,Spain,NA,Andalucia,8476718,64,0,13798,1428
2020-07-16,Spain,NA,Andalucia,8476718,75,0,13873,1428
2020-07-17,Spain,NA,Andalucia,8476718,95,0,13968,1428
2020-07-18,Spain,NA,Andalucia,8476718,86,0,14054,1428
2020-07-19,Spain,NA,Andalucia,8476718,114,0,14168,1428
2020-07-20,Spain,NA,Andalucia,8476718,119,0,14287,1428
2020-07-21,Spain,NA,Andalucia,8476718,74,0,14361,1428
2020-07-22,Spain,NA,Andalucia,8476718,77,0,14438,1428
2020-07-23,Spain,NA,Andalucia,8476718,113,0,14551,1428
2020-07-24,Spain,NA,Andalucia,8476718,126,1,14677,1429
2020-07-25,Spain,NA,Andalucia,8476718,110,1,14787,1430
2020-07-26,Spain,NA,Andalucia,8476718,100,0,14887,1430
2020-07-27,Spain,NA,Andalucia,8476718,133,0,15020,1430
2020-07-28,Spain,NA,Andalucia,8476718,139,0,15159,1430
2020-07-29,Spain,NA,Andalucia,8476718,143,0,15302,1430
2020-07-30,Spain,NA,Andalucia,8476718,207,0,15509,1430
2020-07-31,Spain,NA,Andalucia,8476718,256,0,15765,1430
2020-08-01,Spain,NA,Andalucia,8476718,231,0,15996,1430
2020-08-02,Spain,NA,Andalucia,8476718,209,1,16205,1431
2020-08-03,Spain,NA,Andalucia,8476718,254,1,16459,1432
2020-08-04,Spain,NA,Andalucia,8476718,255,0,16714,1432
2020-08-05,Spain,NA,Andalucia,8476718,338,1,17052,1433
2020-08-06,Spain,NA,Andalucia,8476718,357,2,17409,1435
2020-08-07,Spain,NA,Andalucia,8476718,422,1,17831,1436
2020-08-08,Spain,NA,Andalucia,8476718,382,2,18213,1438
2020-08-09,Spain,NA,Andalucia,8476718,290,0,18503,1438
2020-08-10,Spain,NA,Andalucia,8476718,413,0,18916,1438
2020-08-11,Spain,NA,Andalucia,8476718,461,0,19377,1438
2020-08-12,Spain,NA,Andalucia,8476718,515,1,19892,1439
2020-08-13,Spain,NA,Andalucia,8476718,556,1,20448,1440
2020-08-14,Spain,NA,Andalucia,8476718,615,0,21063,1440
2020-08-15,Spain,NA,Andalucia,8476718,575,4,21638,1444
2020-08-16,Spain,NA,Andalucia,8476718,468,2,22106,1446
2020-08-17,Spain,NA,Andalucia,8476718,562,1,22668,1447
2020-08-18,Spain,NA,Andalucia,8476718,600,2,23268,1449
2020-08-19,Spain,NA,Andalucia,8476718,552,2,23820,1451
2020-08-20,Spain,NA,Andalucia,8476718,535,1,24355,1452
2020-08-21,Spain,NA,Andalucia,8476718,586,0,24941,1452
2020-08-22,Spain,NA,Andalucia,8476718,534,2,25475,1454
2020-08-23,Spain,NA,Andalucia,8476718,430,4,25905,1458
2020-03-07,Spain,NA,Aragon,1324397,22,0,118,0
2020-03-08,Spain,NA,Aragon,1324397,35,2,153,2
2020-03-09,Spain,NA,Aragon,1324397,36,2,189,4
2020-03-10,Spain,NA,Aragon,1324397,52,1,241,5
2020-03-11,Spain,NA,Aragon,1324397,66,0,307,5
2020-03-12,Spain,NA,Aragon,1324397,80,3,387,8
2020-03-13,Spain,NA,Aragon,1324397,115,0,502,8
2020-03-14,Spain,NA,Aragon,1324397,107,1,609,9
2020-03-15,Spain,NA,Aragon,1324397,127,1,736,10
2020-03-16,Spain,NA,Aragon,1324397,163,4,899,14
2020-03-17,Spain,NA,Aragon,1324397,157,0,1056,14
2020-03-18,Spain,NA,Aragon,1324397,168,3,1224,17
2020-03-19,Spain,NA,Aragon,1324397,168,6,1392,23
2020-03-20,Spain,NA,Aragon,1324397,241,5,1633,28
2020-03-21,Spain,NA,Aragon,1324397,177,4,1810,32
2020-03-22,Spain,NA,Aragon,1324397,164,11,1974,43
2020-03-23,Spain,NA,Aragon,1324397,265,11,2239,54
2020-03-24,Spain,NA,Aragon,1324397,192,10,2431,64
2020-03-25,Spain,NA,Aragon,1324397,188,24,2619,88
2020-03-26,Spain,NA,Aragon,1324397,166,19,2785,107
2020-03-27,Spain,NA,Aragon,1324397,212,10,2997,117
2020-03-28,Spain,NA,Aragon,1324397,147,15,3144,132
2020-03-29,Spain,NA,Aragon,1324397,136,19,3280,151
2020-03-30,Spain,NA,Aragon,1324397,131,31,3411,182
2020-03-31,Spain,NA,Aragon,1324397,116,27,3527,209
2020-04-01,Spain,NA,Aragon,1324397,156,29,3683,238
2020-04-02,Spain,NA,Aragon,1324397,127,22,3810,260
2020-04-03,Spain,NA,Aragon,1324397,108,29,3918,289
2020-04-04,Spain,NA,Aragon,1324397,93,20,4011,309
2020-04-05,Spain,NA,Aragon,1324397,94,29,4105,338
2020-04-06,Spain,NA,Aragon,1324397,125,36,4230,374
2020-04-07,Spain,NA,Aragon,1324397,108,31,4338,405
2020-04-08,Spain,NA,Aragon,1324397,110,24,4448,429
2020-04-09,Spain,NA,Aragon,1324397,89,23,4537,452
2020-04-10,Spain,NA,Aragon,1324397,73,32,4610,484
2020-04-11,Spain,NA,Aragon,1324397,57,33,4667,517
2020-04-12,Spain,NA,Aragon,1324397,51,20,4718,537
2020-04-13,Spain,NA,Aragon,1324397,71,22,4789,559
2020-04-14,Spain,NA,Aragon,1324397,44,29,4833,588
2020-04-15,Spain,NA,Aragon,1324397,64,16,4897,604
2020-04-16,Spain,NA,Aragon,1324397,55,17,4952,621
2020-04-17,Spain,NA,Aragon,1324397,53,19,5005,640
2020-04-18,Spain,NA,Aragon,1324397,55,17,5060,657
2020-04-19,Spain,NA,Aragon,1324397,35,10,5095,667
2020-04-20,Spain,NA,Aragon,1324397,30,13,5125,680
2020-04-21,Spain,NA,Aragon,1324397,37,25,5162,705
2020-04-22,Spain,NA,Aragon,1324397,57,12,5219,717
2020-04-23,Spain,NA,Aragon,1324397,21,12,5240,729
2020-04-24,Spain,NA,Aragon,1324397,21,14,5261,743
2020-04-25,Spain,NA,Aragon,1324397,19,10,5280,753
2020-04-26,Spain,NA,Aragon,1324397,16,9,5296,762
2020-04-27,Spain,NA,Aragon,1324397,24,10,5320,772
2020-04-28,Spain,NA,Aragon,1324397,29,7,5349,779
2020-04-29,Spain,NA,Aragon,1324397,23,14,5372,793
2020-04-30,Spain,NA,Aragon,1324397,26,5,5398,798
2020-05-01,Spain,NA,Aragon,1324397,15,1,5413,799
2020-05-02,Spain,NA,Aragon,1324397,15,6,5428,805
2020-05-03,Spain,NA,Aragon,1324397,16,6,5444,811
2020-05-04,Spain,NA,Aragon,1324397,33,10,5477,821
2020-05-05,Spain,NA,Aragon,1324397,6,5,5483,826
2020-05-06,Spain,NA,Aragon,1324397,6,5,5489,831
2020-05-07,Spain,NA,Aragon,1324397,18,10,5507,841
2020-05-08,Spain,NA,Aragon,1324397,11,3,5518,844
2020-05-09,Spain,NA,Aragon,1324397,4,6,5522,850
2020-05-10,Spain,NA,Aragon,1324397,7,3,5529,853
2020-05-11,Spain,NA,Aragon,1324397,5,4,5534,857
2020-05-12,Spain,NA,Aragon,1324397,17,4,5551,861
2020-05-13,Spain,NA,Aragon,1324397,21,5,5572,866
2020-05-14,Spain,NA,Aragon,1324397,25,2,5597,868
2020-05-15,Spain,NA,Aragon,1324397,15,4,5612,872
2020-05-16,Spain,NA,Aragon,1324397,7,1,5619,873
2020-05-17,Spain,NA,Aragon,1324397,8,3,5627,876
2020-05-18,Spain,NA,Aragon,1324397,17,1,5644,877
2020-05-19,Spain,NA,Aragon,1324397,23,2,5667,879
2020-05-20,Spain,NA,Aragon,1324397,13,2,5680,881
2020-05-21,Spain,NA,Aragon,1324397,11,1,5691,882
2020-05-22,Spain,NA,Aragon,1324397,13,0,5704,882
2020-05-23,Spain,NA,Aragon,1324397,11,1,5715,883
2020-05-24,Spain,NA,Aragon,1324397,5,0,5720,883
2020-05-25,Spain,NA,Aragon,1324397,12,4,5732,887
2020-05-26,Spain,NA,Aragon,1324397,12,1,5744,888
2020-05-27,Spain,NA,Aragon,1324397,14,2,5758,890
2020-05-28,Spain,NA,Aragon,1324397,9,2,5767,892
2020-05-29,Spain,NA,Aragon,1324397,11,1,5778,893
2020-05-30,Spain,NA,Aragon,1324397,5,0,5783,893
2020-05-31,Spain,NA,Aragon,1324397,8,2,5791,895
2020-06-01,Spain,NA,Aragon,1324397,8,3,5799,898
2020-06-02,Spain,NA,Aragon,1324397,17,2,5816,900
2020-06-03,Spain,NA,Aragon,1324397,7,0,5823,900
2020-06-04,Spain,NA,Aragon,1324397,10,2,5833,902
2020-06-05,Spain,NA,Aragon,1324397,6,1,5839,903
2020-06-06,Spain,NA,Aragon,1324397,6,1,5845,904
2020-06-07,Spain,NA,Aragon,1324397,5,0,5850,904
2020-06-08,Spain,NA,Aragon,1324397,6,0,5856,904
2020-06-09,Spain,NA,Aragon,1324397,12,0,5868,904
2020-06-10,Spain,NA,Aragon,1324397,2,1,5870,905
2020-06-11,Spain,NA,Aragon,1324397,6,0,5876,905
2020-06-12,Spain,NA,Aragon,1324397,4,0,5880,905
2020-06-13,Spain,NA,Aragon,1324397,3,0,5883,905
2020-06-14,Spain,NA,Aragon,1324397,2,0,5885,905
2020-06-15,Spain,NA,Aragon,1324397,7,0,5892,905
2020-06-16,Spain,NA,Aragon,1324397,11,1,5903,906
2020-06-17,Spain,NA,Aragon,1324397,7,1,5910,907
2020-06-18,Spain,NA,Aragon,1324397,18,1,5928,908
2020-06-19,Spain,NA,Aragon,1324397,25,0,5953,908
2020-06-20,Spain,NA,Aragon,1324397,29,0,5982,908
2020-06-21,Spain,NA,Aragon,1324397,40,0,6022,908
2020-06-22,Spain,NA,Aragon,1324397,58,0,6080,908
2020-06-23,Spain,NA,Aragon,1324397,48,0,6128,908
2020-06-24,Spain,NA,Aragon,1324397,62,0,6190,908
2020-06-25,Spain,NA,Aragon,1324397,47,0,6237,908
2020-06-26,Spain,NA,Aragon,1324397,22,0,6259,908
2020-06-27,Spain,NA,Aragon,1324397,53,0,6312,908
2020-06-28,Spain,NA,Aragon,1324397,17,1,6329,909
2020-06-29,Spain,NA,Aragon,1324397,24,0,6353,909
2020-06-30,Spain,NA,Aragon,1324397,37,0,6390,909
2020-07-01,Spain,NA,Aragon,1324397,36,0,6426,909
2020-07-02,Spain,NA,Aragon,1324397,23,0,6449,909
2020-07-03,Spain,NA,Aragon,1324397,44,3,6493,912
2020-07-04,Spain,NA,Aragon,1324397,32,0,6525,912
2020-07-05,Spain,NA,Aragon,1324397,37,0,6562,912
2020-07-06,Spain,NA,Aragon,1324397,75,1,6637,913
2020-07-07,Spain,NA,Aragon,1324397,88,0,6725,913
2020-07-08,Spain,NA,Aragon,1324397,76,1,6801,914
2020-07-09,Spain,NA,Aragon,1324397,85,0,6886,914
2020-07-10,Spain,NA,Aragon,1324397,126,0,7012,914
2020-07-11,Spain,NA,Aragon,1324397,154,0,7166,914
2020-07-12,Spain,NA,Aragon,1324397,128,0,7294,914
2020-07-13,Spain,NA,Aragon,1324397,225,0,7519,914
2020-07-14,Spain,NA,Aragon,1324397,290,0,7809,914
2020-07-15,Spain,NA,Aragon,1324397,357,0,8166,914
2020-07-16,Spain,NA,Aragon,1324397,294,0,8460,914
2020-07-17,Spain,NA,Aragon,1324397,395,0,8855,914
2020-07-18,Spain,NA,Aragon,1324397,340,0,9195,914
2020-07-19,Spain,NA,Aragon,1324397,334,2,9529,916
2020-07-20,Spain,NA,Aragon,1324397,422,1,9951,917
2020-07-21,Spain,NA,Aragon,1324397,455,1,10406,918
2020-07-22,Spain,NA,Aragon,1324397,462,0,10868,918
2020-07-23,Spain,NA,Aragon,1324397,383,0,11251,918
2020-07-24,Spain,NA,Aragon,1324397,440,0,11691,918
2020-07-25,Spain,NA,Aragon,1324397,390,2,12081,920
2020-07-26,Spain,NA,Aragon,1324397,393,2,12474,922
2020-07-27,Spain,NA,Aragon,1324397,576,0,13050,922
2020-07-28,Spain,NA,Aragon,1324397,529,8,13579,930
2020-07-29,Spain,NA,Aragon,1324397,552,3,14131,933
2020-07-30,Spain,NA,Aragon,1324397,494,3,14625,936
2020-07-31,Spain,NA,Aragon,1324397,504,7,15129,943
2020-08-01,Spain,NA,Aragon,1324397,836,2,15965,945
2020-08-02,Spain,NA,Aragon,1324397,439,3,16404,948
2020-08-03,Spain,NA,Aragon,1324397,446,6,16850,954
2020-08-04,Spain,NA,Aragon,1324397,515,9,17365,963
2020-08-05,Spain,NA,Aragon,1324397,414,4,17779,967
2020-08-06,Spain,NA,Aragon,1324397,496,8,18275,975
2020-08-07,Spain,NA,Aragon,1324397,540,9,18815,984
2020-08-08,Spain,NA,Aragon,1324397,492,17,19307,1001
2020-08-09,Spain,NA,Aragon,1324397,277,5,19584,1006
2020-08-10,Spain,NA,Aragon,1324397,523,9,20107,1015
2020-08-11,Spain,NA,Aragon,1324397,334,12,20441,1027
2020-08-12,Spain,NA,Aragon,1324397,401,12,20842,1039
2020-08-13,Spain,NA,Aragon,1324397,373,6,21215,1045
2020-08-14,Spain,NA,Aragon,1324397,346,11,21561,1056
2020-08-15,Spain,NA,Aragon,1324397,252,5,21813,1061
2020-08-16,Spain,NA,Aragon,1324397,226,5,22039,1066
2020-08-17,Spain,NA,Aragon,1324397,228,8,22267,1074
2020-08-18,Spain,NA,Aragon,1324397,4,10,22271,1084
2020-08-19,Spain,NA,Aragon,1324397,3,0,22274,1084
2020-08-20,Spain,NA,Aragon,1324397,5,0,22279,1084
2020-08-21,Spain,NA,Aragon,1324397,12,0,22291,1084
2020-08-22,Spain,NA,Aragon,1324397,11,0,22302,1084
2020-08-23,Spain,NA,Aragon,1324397,20,0,22322,1084
2020-03-10,Spain,NA,Asturias,1028244,52,0,141,0
2020-03-11,Spain,NA,Asturias,1028244,43,0,184,0
2020-03-12,Spain,NA,Asturias,1028244,57,1,241,1
2020-03-13,Spain,NA,Asturias,1028244,70,0,311,1
2020-03-14,Spain,NA,Asturias,1028244,81,0,392,1
2020-03-15,Spain,NA,Asturias,1028244,89,0,481,1
2020-03-16,Spain,NA,Asturias,1028244,106,0,587,1
2020-03-17,Spain,NA,Asturias,1028244,80,0,667,1
2020-03-18,Spain,NA,Asturias,1028244,91,0,758,1
2020-03-19,Spain,NA,Asturias,1028244,101,2,859,3
2020-03-20,Spain,NA,Asturias,1028244,83,3,942,6
2020-03-21,Spain,NA,Asturias,1028244,68,5,1010,11
2020-03-22,Spain,NA,Asturias,1028244,75,10,1085,21
2020-03-23,Spain,NA,Asturias,1028244,70,4,1155,25
2020-03-24,Spain,NA,Asturias,1028244,58,3,1213,28
2020-03-25,Spain,NA,Asturias,1028244,57,0,1270,28
2020-03-26,Spain,NA,Asturias,1028244,77,10,1347,38
2020-03-27,Spain,NA,Asturias,1028244,70,5,1417,43
2020-03-28,Spain,NA,Asturias,1028244,53,3,1470,46
2020-03-29,Spain,NA,Asturias,1028244,40,12,1510,58
2020-03-30,Spain,NA,Asturias,1028244,45,7,1555,65
2020-03-31,Spain,NA,Asturias,1028244,42,9,1597,74
2020-04-01,Spain,NA,Asturias,1028244,29,1,1626,75
2020-04-02,Spain,NA,Asturias,1028244,54,4,1680,79
2020-04-03,Spain,NA,Asturias,1028244,38,3,1718,82
2020-04-04,Spain,NA,Asturias,1028244,45,4,1763,86
2020-04-05,Spain,NA,Asturias,1028244,43,6,1806,92
2020-04-06,Spain,NA,Asturias,1028244,41,8,1847,100
2020-04-07,Spain,NA,Asturias,1028244,45,6,1892,106
2020-04-08,Spain,NA,Asturias,1028244,48,6,1940,112
2020-04-09,Spain,NA,Asturias,1028244,43,16,1983,128
2020-04-10,Spain,NA,Asturias,1028244,57,5,2040,133
2020-04-11,Spain,NA,Asturias,1028244,53,16,2093,149
2020-04-12,Spain,NA,Asturias,1028244,23,7,2116,156
2020-04-13,Spain,NA,Asturias,1028244,32,8,2148,164
2020-04-14,Spain,NA,Asturias,1028244,30,8,2178,172
2020-04-15,Spain,NA,Asturias,1028244,40,4,2218,176
2020-04-16,Spain,NA,Asturias,1028244,12,10,2230,186
2020-04-17,Spain,NA,Asturias,1028244,12,4,2242,190
2020-04-18,Spain,NA,Asturias,1028244,9,7,2251,197
2020-04-19,Spain,NA,Asturias,1028244,6,2,2257,199
2020-04-20,Spain,NA,Asturias,1028244,7,4,2264,203
2020-04-21,Spain,NA,Asturias,1028244,16,8,2280,211
2020-04-22,Spain,NA,Asturias,1028244,8,11,2288,222
2020-04-23,Spain,NA,Asturias,1028244,9,6,2297,228
2020-04-24,Spain,NA,Asturias,1028244,17,7,2314,235
2020-04-25,Spain,NA,Asturias,1028244,3,8,2317,243
2020-04-26,Spain,NA,Asturias,1028244,5,5,2322,248
2020-04-27,Spain,NA,Asturias,1028244,5,4,2327,252
2020-04-28,Spain,NA,Asturias,1028244,10,7,2337,259
2020-04-29,Spain,NA,Asturias,1028244,3,4,2340,263
2020-04-30,Spain,NA,Asturias,1028244,10,1,2350,264
2020-05-01,Spain,NA,Asturias,1028244,2,6,2352,270
2020-05-02,Spain,NA,Asturias,1028244,3,0,2355,270
2020-05-03,Spain,NA,Asturias,1028244,3,4,2358,274
2020-05-04,Spain,NA,Asturias,1028244,4,1,2362,275
2020-05-05,Spain,NA,Asturias,1028244,4,3,2366,278
2020-05-06,Spain,NA,Asturias,1028244,4,1,2370,279
2020-05-07,Spain,NA,Asturias,1028244,3,1,2373,280
2020-05-08,Spain,NA,Asturias,1028244,3,0,2376,280
2020-05-09,Spain,NA,Asturias,1028244,2,3,2378,283
2020-05-10,Spain,NA,Asturias,1028244,1,5,2379,288
2020-05-11,Spain,NA,Asturias,1028244,5,3,2384,291
2020-05-12,Spain,NA,Asturias,1028244,0,2,2384,293
2020-05-13,Spain,NA,Asturias,1028244,2,1,2386,294
2020-05-14,Spain,NA,Asturias,1028244,2,5,2388,299
2020-05-15,Spain,NA,Asturias,1028244,4,1,2392,300
2020-05-16,Spain,NA,Asturias,1028244,1,0,2393,300
2020-05-17,Spain,NA,Asturias,1028244,4,3,2397,303
2020-05-18,Spain,NA,Asturias,1028244,0,2,2397,305
2020-05-19,Spain,NA,Asturias,1028244,0,2,2397,307
2020-05-20,Spain,NA,Asturias,1028244,1,2,2398,309
2020-05-21,Spain,NA,Asturias,1028244,1,1,2399,310
2020-05-22,Spain,NA,Asturias,1028244,1,0,2400,310
2020-05-23,Spain,NA,Asturias,1028244,1,1,2401,311
2020-05-24,Spain,NA,Asturias,1028244,2,0,2403,311
2020-05-25,Spain,NA,Asturias,1028244,1,0,2404,311
2020-05-26,Spain,NA,Asturias,1028244,2,1,2406,312
2020-05-27,Spain,NA,Asturias,1028244,0,1,2406,313
2020-05-28,Spain,NA,Asturias,1028244,0,0,2406,313
2020-05-29,Spain,NA,Asturias,1028244,14,0,2420,313
2020-05-30,Spain,NA,Asturias,1028244,4,7,2424,320
2020-05-31,Spain,NA,Asturias,1028244,3,1,2427,321
2020-06-01,Spain,NA,Asturias,1028244,0,0,2427,321
2020-06-02,Spain,NA,Asturias,1028244,0,0,2427,321
2020-06-03,Spain,NA,Asturias,1028244,0,1,2427,322
2020-06-04,Spain,NA,Asturias,1028244,0,2,2427,324
2020-06-05,Spain,NA,Asturias,1028244,2,2,2429,326
2020-06-06,Spain,NA,Asturias,1028244,2,2,2431,328
2020-06-07,Spain,NA,Asturias,1028244,1,1,2432,329
2020-06-08,Spain,NA,Asturias,1028244,0,0,2432,329
2020-06-09,Spain,NA,Asturias,1028244,0,1,2432,330
2020-06-10,Spain,NA,Asturias,1028244,0,1,2432,331
2020-06-11,Spain,NA,Asturias,1028244,3,1,2435,332
2020-06-12,Spain,NA,Asturias,1028244,0,0,2435,332
2020-06-13,Spain,NA,Asturias,1028244,0,0,2435,332
2020-06-14,Spain,NA,Asturias,1028244,0,0,2435,332
2020-06-15,Spain,NA,Asturias,1028244,0,0,2435,332
2020-06-16,Spain,NA,Asturias,1028244,0,1,2435,333
2020-06-17,Spain,NA,Asturias,1028244,0,0,2435,333
2020-06-18,Spain,NA,Asturias,1028244,0,0,2435,333
2020-06-19,Spain,NA,Asturias,1028244,0,0,2435,333
2020-06-20,Spain,NA,Asturias,1028244,0,0,2435,333
2020-06-21,Spain,NA,Asturias,1028244,0,1,2435,334
2020-06-22,Spain,NA,Asturias,1028244,0,0,2435,334
2020-06-23,Spain,NA,Asturias,1028244,0,0,2435,334
2020-06-24,Spain,NA,Asturias,1028244,0,0,2435,334
2020-06-25,Spain,NA,Asturias,1028244,0,0,2435,334
2020-06-26,Spain,NA,Asturias,1028244,0,0,2435,334
2020-06-27,Spain,NA,Asturias,1028244,0,0,2435,334
2020-06-28,Spain,NA,Asturias,1028244,0,0,2435,334
2020-06-29,Spain,NA,Asturias,1028244,1,0,2436,334
2020-06-30,Spain,NA,Asturias,1028244,0,0,2436,334
2020-07-01,Spain,NA,Asturias,1028244,1,0,2437,334
2020-07-02,Spain,NA,Asturias,1028244,0,0,2437,334
2020-07-03,Spain,NA,Asturias,1028244,0,0,2437,334
2020-07-04,Spain,NA,Asturias,1028244,0,0,2437,334
2020-07-05,Spain,NA,Asturias,1028244,0,0,2437,334
2020-07-06,Spain,NA,Asturias,1028244,0,0,2437,334
2020-07-07,Spain,NA,Asturias,1028244,0,0,2437,334
2020-07-08,Spain,NA,Asturias,1028244,2,0,2439,334
2020-07-09,Spain,NA,Asturias,1028244,0,0,2439,334
2020-07-10,Spain,NA,Asturias,1028244,2,0,2441,334
2020-07-11,Spain,NA,Asturias,1028244,3,0,2444,334
2020-07-12,Spain,NA,Asturias,1028244,0,0,2444,334
2020-07-13,Spain,NA,Asturias,1028244,0,0,2444,334
2020-07-14,Spain,NA,Asturias,1028244,2,0,2446,334
2020-07-15,Spain,NA,Asturias,1028244,2,0,2448,334
2020-07-16,Spain,NA,Asturias,1028244,1,0,2449,334
2020-07-17,Spain,NA,Asturias,1028244,1,0,2450,334
2020-07-18,Spain,NA,Asturias,1028244,1,0,2451,334
2020-07-19,Spain,NA,Asturias,1028244,2,0,2453,334
2020-07-20,Spain,NA,Asturias,1028244,1,0,2454,334
2020-07-21,Spain,NA,Asturias,1028244,2,0,2456,334
2020-07-22,Spain,NA,Asturias,1028244,2,0,2458,334
2020-07-23,Spain,NA,Asturias,1028244,3,0,2461,334
2020-07-24,Spain,NA,Asturias,1028244,4,0,2465,334
2020-07-25,Spain,NA,Asturias,1028244,7,0,2472,334
2020-07-26,Spain,NA,Asturias,1028244,7,0,2479,334
2020-07-27,Spain,NA,Asturias,1028244,11,0,2490,334
2020-07-28,Spain,NA,Asturias,1028244,11,0,2501,334
2020-07-29,Spain,NA,Asturias,1028244,13,0,2514,334
2020-07-30,Spain,NA,Asturias,1028244,11,0,2525,334
2020-07-31,Spain,NA,Asturias,1028244,12,0,2537,334
2020-08-01,Spain,NA,Asturias,1028244,17,0,2554,334
2020-08-02,Spain,NA,Asturias,1028244,11,0,2565,334
2020-08-03,Spain,NA,Asturias,1028244,11,0,2576,334
2020-08-04,Spain,NA,Asturias,1028244,15,0,2591,334
2020-08-05,Spain,NA,Asturias,1028244,41,0,2632,334
2020-08-06,Spain,NA,Asturias,1028244,38,0,2670,334
2020-08-07,Spain,NA,Asturias,1028244,32,0,2702,334
2020-08-08,Spain,NA,Asturias,1028244,21,0,2723,334
2020-08-09,Spain,NA,Asturias,1028244,19,0,2742,334
2020-08-10,Spain,NA,Asturias,1028244,15,0,2757,334
2020-08-11,Spain,NA,Asturias,1028244,27,0,2784,334
2020-08-12,Spain,NA,Asturias,1028244,45,0,2829,334
2020-08-13,Spain,NA,Asturias,1028244,27,0,2856,334
2020-08-14,Spain,NA,Asturias,1028244,21,0,2877,334
2020-08-15,Spain,NA,Asturias,1028244,30,0,2907,334
2020-08-16,Spain,NA,Asturias,1028244,25,0,2932,334
2020-08-17,Spain,NA,Asturias,1028244,23,0,2955,334
2020-08-18,Spain,NA,Asturias,1028244,30,0,2985,334
2020-08-19,Spain,NA,Asturias,1028244,25,0,3010,334
2020-08-20,Spain,NA,Asturias,1028244,29,0,3039,334
2020-08-21,Spain,NA,Asturias,1028244,35,0,3074,334
2020-08-22,Spain,NA,Asturias,1028244,46,0,3120,334
2020-08-23,Spain,NA,Asturias,1028244,50,1,3170,335
2020-03-12,Spain,NA,Cantabria,580229,36,0,114,0
2020-03-13,Spain,NA,Cantabria,580229,54,0,168,0
2020-03-14,Spain,NA,Cantabria,580229,59,0,227,0
2020-03-15,Spain,NA,Cantabria,580229,68,0,295,0
2020-03-16,Spain,NA,Cantabria,580229,71,0,366,0
2020-03-17,Spain,NA,Cantabria,580229,76,1,442,1
2020-03-18,Spain,NA,Cantabria,580229,89,1,531,2
2020-03-19,Spain,NA,Cantabria,580229,177,0,708,2
2020-03-20,Spain,NA,Cantabria,580229,143,1,851,3
2020-03-21,Spain,NA,Cantabria,580229,99,3,950,6
2020-03-22,Spain,NA,Cantabria,580229,84,2,1034,8
2020-03-23,Spain,NA,Cantabria,580229,87,4,1121,12
2020-03-24,Spain,NA,Cantabria,580229,57,5,1178,17
2020-03-25,Spain,NA,Cantabria,580229,57,2,1235,19
2020-03-26,Spain,NA,Cantabria,580229,39,5,1274,24
2020-03-27,Spain,NA,Cantabria,580229,74,4,1348,28
2020-03-28,Spain,NA,Cantabria,580229,68,5,1416,33
2020-03-29,Spain,NA,Cantabria,580229,39,3,1455,36
2020-03-30,Spain,NA,Cantabria,580229,27,15,1482,51
2020-03-31,Spain,NA,Cantabria,580229,33,10,1515,61
2020-04-01,Spain,NA,Cantabria,580229,72,5,1587,66
2020-04-02,Spain,NA,Cantabria,580229,53,6,1640,72
2020-04-03,Spain,NA,Cantabria,580229,34,3,1674,75
2020-04-04,Spain,NA,Cantabria,580229,62,5,1736,80
2020-04-05,Spain,NA,Cantabria,580229,25,8,1761,88
2020-04-06,Spain,NA,Cantabria,580229,27,8,1788,96
2020-04-07,Spain,NA,Cantabria,580229,13,4,1801,100
2020-04-08,Spain,NA,Cantabria,580229,26,4,1827,104
2020-04-09,Spain,NA,Cantabria,580229,23,3,1850,107
2020-04-10,Spain,NA,Cantabria,580229,29,11,1879,118
2020-04-11,Spain,NA,Cantabria,580229,24,3,1903,121
2020-04-12,Spain,NA,Cantabria,580229,46,7,1949,128
2020-04-13,Spain,NA,Cantabria,580229,35,4,1984,132
2020-04-14,Spain,NA,Cantabria,580229,14,6,1998,138
2020-04-15,Spain,NA,Cantabria,580229,17,6,2015,144
2020-04-16,Spain,NA,Cantabria,580229,18,5,2033,149
2020-04-17,Spain,NA,Cantabria,580229,26,6,2059,155
2020-04-18,Spain,NA,Cantabria,580229,13,5,2072,160
2020-04-19,Spain,NA,Cantabria,580229,15,4,2087,164
2020-04-20,Spain,NA,Cantabria,580229,24,5,2111,169
2020-04-21,Spain,NA,Cantabria,580229,10,3,2121,172
2020-04-22,Spain,NA,Cantabria,580229,26,4,2147,176
2020-04-23,Spain,NA,Cantabria,580229,26,3,2173,179
2020-04-24,Spain,NA,Cantabria,580229,13,4,2186,183
2020-04-25,Spain,NA,Cantabria,580229,12,4,2198,187
2020-04-26,Spain,NA,Cantabria,580229,4,3,2202,190
2020-04-27,Spain,NA,Cantabria,580229,2,1,2204,191
2020-04-28,Spain,NA,Cantabria,580229,5,1,2209,192
2020-04-29,Spain,NA,Cantabria,580229,5,0,2214,192
2020-04-30,Spain,NA,Cantabria,580229,12,1,2226,193
2020-05-01,Spain,NA,Cantabria,580229,16,2,2242,195
2020-05-02,Spain,NA,Cantabria,580229,0,2,2242,197
2020-05-03,Spain,NA,Cantabria,580229,3,1,2245,198
2020-05-04,Spain,NA,Cantabria,580229,1,2,2246,200
2020-05-05,Spain,NA,Cantabria,580229,6,0,2252,200
2020-05-06,Spain,NA,Cantabria,580229,0,2,2252,202
2020-05-07,Spain,NA,Cantabria,580229,0,0,2252,202
2020-05-08,Spain,NA,Cantabria,580229,2,1,2254,203
2020-05-09,Spain,NA,Cantabria,580229,1,0,2255,203
2020-05-10,Spain,NA,Cantabria,580229,1,0,2256,203
2020-05-11,Spain,NA,Cantabria,580229,6,1,2262,204
2020-05-12,Spain,NA,Cantabria,580229,6,0,2268,204
2020-05-13,Spain,NA,Cantabria,580229,2,0,2270,204
2020-05-14,Spain,NA,Cantabria,580229,2,1,2272,205
2020-05-15,Spain,NA,Cantabria,580229,2,0,2274,205
2020-05-16,Spain,NA,Cantabria,580229,4,1,2278,206
2020-05-17,Spain,NA,Cantabria,580229,0,0,2278,206
2020-05-18,Spain,NA,Cantabria,580229,2,0,2280,206
2020-05-19,Spain,NA,Cantabria,580229,2,0,2282,206
2020-05-20,Spain,NA,Cantabria,580229,0,0,2282,206
2020-05-21,Spain,NA,Cantabria,580229,3,0,2285,206
2020-05-22,Spain,NA,Cantabria,580229,1,1,2286,207
2020-05-23,Spain,NA,Cantabria,580229,2,0,2288,207
2020-05-24,Spain,NA,Cantabria,580229,0,0,2288,207
2020-05-25,Spain,NA,Cantabria,580229,1,0,2289,207
2020-05-26,Spain,NA,Cantabria,580229,4,0,2293,207
2020-05-27,Spain,NA,Cantabria,580229,2,0,2295,207
2020-05-28,Spain,NA,Cantabria,580229,1,0,2296,207
2020-05-29,Spain,NA,Cantabria,580229,3,0,2299,207
2020-05-30,Spain,NA,Cantabria,580229,2,0,2301,207
2020-05-31,Spain,NA,Cantabria,580229,1,0,2302,207
2020-06-01,Spain,NA,Cantabria,580229,4,0,2306,207
2020-06-02,Spain,NA,Cantabria,580229,2,0,2308,207
2020-06-03,Spain,NA,Cantabria,580229,0,0,2308,207
2020-06-04,Spain,NA,Cantabria,580229,1,0,2309,207
2020-06-05,Spain,NA,Cantabria,580229,2,0,2311,207
2020-06-06,Spain,NA,Cantabria,580229,0,0,2311,207
2020-06-07,Spain,NA,Cantabria,580229,3,0,2314,207
2020-06-08,Spain,NA,Cantabria,580229,1,0,2315,207
2020-06-09,Spain,NA,Cantabria,580229,0,0,2315,207
2020-06-10,Spain,NA,Cantabria,580229,0,0,2315,207
2020-06-11,Spain,NA,Cantabria,580229,3,0,2318,207
2020-06-12,Spain,NA,Cantabria,580229,2,0,2320,207
2020-06-13,Spain,NA,Cantabria,580229,1,0,2321,207
2020-06-14,Spain,NA,Cantabria,580229,2,0,2323,207
2020-06-15,Spain,NA,Cantabria,580229,1,0,2324,207
2020-06-16,Spain,NA,Cantabria,580229,2,0,2326,207
2020-06-17,Spain,NA,Cantabria,580229,3,0,2329,207
2020-06-18,Spain,NA,Cantabria,580229,5,1,2334,208
2020-06-19,Spain,NA,Cantabria,580229,0,0,2334,208
2020-06-20,Spain,NA,Cantabria,580229,3,0,2337,208
2020-06-21,Spain,NA,Cantabria,580229,2,0,2339,208
2020-06-22,Spain,NA,Cantabria,580229,1,0,2340,208
2020-06-23,Spain,NA,Cantabria,580229,2,0,2342,208
2020-06-24,Spain,NA,Cantabria,580229,2,0,2344,208
2020-06-25,Spain,NA,Cantabria,580229,0,0,2344,208
2020-06-26,Spain,NA,Cantabria,580229,3,0,2347,208
2020-06-27,Spain,NA,Cantabria,580229,2,0,2349,208
2020-06-28,Spain,NA,Cantabria,580229,0,0,2349,208
2020-06-29,Spain,NA,Cantabria,580229,0,0,2349,208
2020-06-30,Spain,NA,Cantabria,580229,1,0,2350,208
2020-07-01,Spain,NA,Cantabria,580229,1,0,2351,208
2020-07-02,Spain,NA,Cantabria,580229,0,0,2351,208
2020-07-03,Spain,NA,Cantabria,580229,3,0,2354,208
2020-07-04,Spain,NA,Cantabria,580229,0,0,2354,208
2020-07-05,Spain,NA,Cantabria,580229,2,0,2356,208
2020-07-06,Spain,NA,Cantabria,580229,0,0,2356,208
2020-07-07,Spain,NA,Cantabria,580229,1,0,2357,208
2020-07-08,Spain,NA,Cantabria,580229,2,0,2359,208
2020-07-09,Spain,NA,Cantabria,580229,1,0,2360,208
2020-07-10,Spain,NA,Cantabria,580229,1,0,2361,208
2020-07-11,Spain,NA,Cantabria,580229,1,0,2362,208
2020-07-12,Spain,NA,Cantabria,580229,2,0,2364,208
2020-07-13,Spain,NA,Cantabria,580229,1,0,2365,208
2020-07-14,Spain,NA,Cantabria,580229,2,0,2367,208
2020-07-15,Spain,NA,Cantabria,580229,4,0,2371,208
2020-07-16,Spain,NA,Cantabria,580229,5,0,2376,208
2020-07-17,Spain,NA,Cantabria,580229,3,0,2379,208
2020-07-18,Spain,NA,Cantabria,580229,12,0,2391,208
2020-07-19,Spain,NA,Cantabria,580229,5,0,2396,208
2020-07-20,Spain,NA,Cantabria,580229,9,0,2405,208
2020-07-21,Spain,NA,Cantabria,580229,5,0,2410,208
2020-07-22,Spain,NA,Cantabria,580229,6,0,2416,208
2020-07-23,Spain,NA,Cantabria,580229,8,0,2424,208
2020-07-24,Spain,NA,Cantabria,580229,6,0,2430,208
2020-07-25,Spain,NA,Cantabria,580229,9,0,2439,208
2020-07-26,Spain,NA,Cantabria,580229,7,0,2446,208
2020-07-27,Spain,NA,Cantabria,580229,6,0,2452,208
2020-07-28,Spain,NA,Cantabria,580229,7,0,2459,208
2020-07-29,Spain,NA,Cantabria,580229,9,0,2468,208
2020-07-30,Spain,NA,Cantabria,580229,26,0,2494,208
2020-07-31,Spain,NA,Cantabria,580229,16,0,2510,208
2020-08-01,Spain,NA,Cantabria,580229,34,0,2544,208
2020-08-02,Spain,NA,Cantabria,580229,22,0,2566,208
2020-08-03,Spain,NA,Cantabria,580229,40,0,2606,208
2020-08-04,Spain,NA,Cantabria,580229,49,0,2655,208
2020-08-05,Spain,NA,Cantabria,580229,31,0,2686,208
2020-08-06,Spain,NA,Cantabria,580229,45,0,2731,208
2020-08-07,Spain,NA,Cantabria,580229,44,0,2775,208
2020-08-08,Spain,NA,Cantabria,580229,43,0,2818,208
2020-08-09,Spain,NA,Cantabria,580229,28,0,2846,208
2020-08-10,Spain,NA,Cantabria,580229,40,0,2886,208
2020-08-11,Spain,NA,Cantabria,580229,75,1,2961,209
2020-08-12,Spain,NA,Cantabria,580229,49,0,3010,209
2020-08-13,Spain,NA,Cantabria,580229,45,0,3055,209
2020-08-14,Spain,NA,Cantabria,580229,59,0,3114,209
2020-08-15,Spain,NA,Cantabria,580229,52,0,3166,209
2020-08-16,Spain,NA,Cantabria,580229,52,0,3218,209
2020-08-17,Spain,NA,Cantabria,580229,50,0,3268,209
2020-08-18,Spain,NA,Cantabria,580229,62,0,3330,209
2020-08-19,Spain,NA,Cantabria,580229,34,0,3364,209
2020-08-20,Spain,NA,Cantabria,580229,37,0,3401,209
2020-08-21,Spain,NA,Cantabria,580229,89,0,3490,209
2020-08-22,Spain,NA,Cantabria,580229,72,0,3562,209
2020-08-23,Spain,NA,Cantabria,580229,23,0,3585,209
2020-03-02,Spain,NA,Castilla y Leon,2418694,37,0,123,0
2020-03-03,Spain,NA,Castilla y Leon,2418694,27,0,150,0
2020-03-04,Spain,NA,Castilla y Leon,2418694,31,0,181,0
2020-03-05,Spain,NA,Castilla y Leon,2418694,46,0,227,0
2020-03-06,Spain,NA,Castilla y Leon,2418694,49,0,276,0
2020-03-07,Spain,NA,Castilla y Leon,2418694,71,0,347,0
2020-03-08,Spain,NA,Castilla y Leon,2418694,70,0,417,0
2020-03-09,Spain,NA,Castilla y Leon,2418694,147,0,564,0
2020-03-10,Spain,NA,Castilla y Leon,2418694,192,0,756,0
2020-03-11,Spain,NA,Castilla y Leon,2418694,220,0,976,0
2020-03-12,Spain,NA,Castilla y Leon,2418694,308,1,1284,1
2020-03-13,Spain,NA,Castilla y Leon,2418694,446,2,1730,3
2020-03-14,Spain,NA,Castilla y Leon,2418694,467,5,2197,8
2020-03-15,Spain,NA,Castilla y Leon,2418694,472,4,2669,12
2020-03-16,Spain,NA,Castilla y Leon,2418694,679,11,3348,23
2020-03-17,Spain,NA,Castilla y Leon,2418694,655,7,4003,30
2020-03-18,Spain,NA,Castilla y Leon,2418694,732,13,4735,43
2020-03-19,Spain,NA,Castilla y Leon,2418694,800,19,5535,62
2020-03-20,Spain,NA,Castilla y Leon,2418694,830,20,6365,82
2020-03-21,Spain,NA,Castilla y Leon,2418694,696,38,7061,120
2020-03-22,Spain,NA,Castilla y Leon,2418694,632,37,7693,157
2020-03-23,Spain,NA,Castilla y Leon,2418694,665,55,8358,212
2020-03-24,Spain,NA,Castilla y Leon,2418694,556,57,8914,269
2020-03-25,Spain,NA,Castilla y Leon,2418694,597,62,9511,331
2020-03-26,Spain,NA,Castilla y Leon,2418694,478,73,9989,404
2020-03-27,Spain,NA,Castilla y Leon,2418694,456,62,10445,466
2020-03-28,Spain,NA,Castilla y Leon,2418694,461,63,10906,529
2020-03-29,Spain,NA,Castilla y Leon,2418694,388,88,11294,617
2020-03-30,Spain,NA,Castilla y Leon,2418694,423,81,11717,698
2020-03-31,Spain,NA,Castilla y Leon,2418694,359,76,12076,774
2020-04-01,Spain,NA,Castilla y Leon,2418694,449,93,12525,867
2020-04-02,Spain,NA,Castilla y Leon,2418694,446,69,12971,936
2020-04-03,Spain,NA,Castilla y Leon,2418694,492,66,13463,1002
2020-04-04,Spain,NA,Castilla y Leon,2418694,482,89,13945,1091
2020-04-05,Spain,NA,Castilla y Leon,2418694,318,78,14263,1169
2020-04-06,Spain,NA,Castilla y Leon,2418694,461,66,14724,1235
2020-04-07,Spain,NA,Castilla y Leon,2418694,328,69,15052,1304
2020-04-08,Spain,NA,Castilla y Leon,2418694,372,68,15424,1372
2020-04-09,Spain,NA,Castilla y Leon,2418694,351,82,15775,1454
2020-04-10,Spain,NA,Castilla y Leon,2418694,324,63,16099,1517
2020-04-11,Spain,NA,Castilla y Leon,2418694,310,73,16409,1590
2020-04-12,Spain,NA,Castilla y Leon,2418694,159,63,16568,1653
2020-04-13,Spain,NA,Castilla y Leon,2418694,234,56,16802,1709
2020-04-14,Spain,NA,Castilla y Leon,2418694,201,60,17003,1769
2020-04-15,Spain,NA,Castilla y Leon,2418694,174,55,17177,1824
2020-04-16,Spain,NA,Castilla y Leon,2418694,143,49,17320,1873
2020-04-17,Spain,NA,Castilla y Leon,2418694,145,48,17465,1921
2020-04-18,Spain,NA,Castilla y Leon,2418694,94,48,17559,1969
2020-04-19,Spain,NA,Castilla y Leon,2418694,136,37,17695,2006
2020-04-20,Spain,NA,Castilla y Leon,2418694,195,42,17890,2048
2020-04-21,Spain,NA,Castilla y Leon,2418694,119,41,18009,2089
2020-04-22,Spain,NA,Castilla y Leon,2418694,163,31,18172,2120
2020-04-23,Spain,NA,Castilla y Leon,2418694,79,49,18251,2169
2020-04-24,Spain,NA,Castilla y Leon,2418694,138,38,18389,2207
2020-04-25,Spain,NA,Castilla y Leon,2418694,87,35,18476,2242
2020-04-26,Spain,NA,Castilla y Leon,2418694,41,29,18517,2271
2020-04-27,Spain,NA,Castilla y Leon,2418694,44,32,18561,2303
2020-04-28,Spain,NA,Castilla y Leon,2418694,64,28,18625,2331
2020-04-29,Spain,NA,Castilla y Leon,2418694,47,23,18672,2354
2020-04-30,Spain,NA,Castilla y Leon,2418694,67,32,18739,2386
2020-05-01,Spain,NA,Castilla y Leon,2418694,53,17,18792,2403
2020-05-02,Spain,NA,Castilla y Leon,2418694,58,32,18850,2435
2020-05-03,Spain,NA,Castilla y Leon,2418694,58,18,18908,2453
2020-05-04,Spain,NA,Castilla y Leon,2418694,28,20,18936,2473
2020-05-05,Spain,NA,Castilla y Leon,2418694,13,21,18949,2494
2020-05-06,Spain,NA,Castilla y Leon,2418694,12,18,18961,2512
2020-05-07,Spain,NA,Castilla y Leon,2418694,21,14,18982,2526
2020-05-08,Spain,NA,Castilla y Leon,2418694,17,19,18999,2545
2020-05-09,Spain,NA,Castilla y Leon,2418694,9,9,19008,2554
2020-05-10,Spain,NA,Castilla y Leon,2418694,10,15,19018,2569
2020-05-11,Spain,NA,Castilla y Leon,2418694,26,6,19044,2575
2020-05-12,Spain,NA,Castilla y Leon,2418694,30,18,19074,2593
2020-05-13,Spain,NA,Castilla y Leon,2418694,55,8,19129,2601
2020-05-14,Spain,NA,Castilla y Leon,2418694,38,5,19167,2606
2020-05-15,Spain,NA,Castilla y Leon,2418694,33,6,19200,2612
2020-05-16,Spain,NA,Castilla y Leon,2418694,28,4,19228,2616
2020-05-17,Spain,NA,Castilla y Leon,2418694,5,8,19233,2624
2020-05-18,Spain,NA,Castilla y Leon,2418694,32,6,19265,2630
2020-05-19,Spain,NA,Castilla y Leon,2418694,34,3,19299,2633
2020-05-20,Spain,NA,Castilla y Leon,2418694,26,5,19325,2638
2020-05-21,Spain,NA,Castilla y Leon,2418694,38,7,19363,2645
2020-05-22,Spain,NA,Castilla y Leon,2418694,40,6,19403,2651
2020-05-23,Spain,NA,Castilla y Leon,2418694,16,5,19419,2656
2020-05-24,Spain,NA,Castilla y Leon,2418694,13,5,19432,2661
2020-05-25,Spain,NA,Castilla y Leon,2418694,34,7,19466,2668
2020-05-26,Spain,NA,Castilla y Leon,2418694,45,8,19511,2676
2020-05-27,Spain,NA,Castilla y Leon,2418694,25,8,19536,2684
2020-05-28,Spain,NA,Castilla y Leon,2418694,43,5,19579,2689
2020-05-29,Spain,NA,Castilla y Leon,2418694,41,7,19620,2696
2020-05-30,Spain,NA,Castilla y Leon,2418694,37,8,19657,2704
2020-05-31,Spain,NA,Castilla y Leon,2418694,19,8,19676,2712
2020-06-01,Spain,NA,Castilla y Leon,2418694,28,5,19704,2717
2020-06-02,Spain,NA,Castilla y Leon,2418694,19,6,19723,2723
2020-06-03,Spain,NA,Castilla y Leon,2418694,27,5,19750,2728
2020-06-04,Spain,NA,Castilla y Leon,2418694,25,7,19775,2735
2020-06-05,Spain,NA,Castilla y Leon,2418694,35,2,19810,2737
2020-06-06,Spain,NA,Castilla y Leon,2418694,11,4,19821,2741
2020-06-07,Spain,NA,Castilla y Leon,2418694,13,7,19834,2748
2020-06-08,Spain,NA,Castilla y Leon,2418694,35,7,19869,2755
2020-06-09,Spain,NA,Castilla y Leon,2418694,25,2,19894,2757
2020-06-10,Spain,NA,Castilla y Leon,2418694,16,5,19910,2762
2020-06-11,Spain,NA,Castilla y Leon,2418694,17,4,19927,2766
2020-06-12,Spain,NA,Castilla y Leon,2418694,20,3,19947,2769
2020-06-13,Spain,NA,Castilla y Leon,2418694,11,3,19958,2772
2020-06-14,Spain,NA,Castilla y Leon,2418694,5,1,19963,2773
2020-06-15,Spain,NA,Castilla y Leon,2418694,15,3,19978,2776
2020-06-16,Spain,NA,Castilla y Leon,2418694,41,0,20019,2776
2020-06-17,Spain,NA,Castilla y Leon,2418694,18,1,20037,2777
2020-06-18,Spain,NA,Castilla y Leon,2418694,10,0,20047,2777
2020-06-19,Spain,NA,Castilla y Leon,2418694,13,2,20060,2779
2020-06-20,Spain,NA,Castilla y Leon,2418694,15,2,20075,2781
2020-06-21,Spain,NA,Castilla y Leon,2418694,6,2,20081,2783
2020-06-22,Spain,NA,Castilla y Leon,2418694,14,0,20095,2783
2020-06-23,Spain,NA,Castilla y Leon,2418694,28,0,20123,2783
2020-06-24,Spain,NA,Castilla y Leon,2418694,14,0,20137,2783
2020-06-25,Spain,NA,Castilla y Leon,2418694,17,0,20154,2783
2020-06-26,Spain,NA,Castilla y Leon,2418694,15,1,20169,2784
2020-06-27,Spain,NA,Castilla y Leon,2418694,13,0,20182,2784
2020-06-28,Spain,NA,Castilla y Leon,2418694,5,1,20187,2785
2020-06-29,Spain,NA,Castilla y Leon,2418694,11,2,20198,2787
2020-06-30,Spain,NA,Castilla y Leon,2418694,13,0,20211,2787
2020-07-01,Spain,NA,Castilla y Leon,2418694,9,0,20220,2787
2020-07-02,Spain,NA,Castilla y Leon,2418694,9,0,20229,2787
2020-07-03,Spain,NA,Castilla y Leon,2418694,11,1,20240,2788
2020-07-04,Spain,NA,Castilla y Leon,2418694,7,1,20247,2789
2020-07-05,Spain,NA,Castilla y Leon,2418694,3,0,20250,2789
2020-07-06,Spain,NA,Castilla y Leon,2418694,12,1,20262,2790
2020-07-07,Spain,NA,Castilla y Leon,2418694,9,1,20271,2791
2020-07-08,Spain,NA,Castilla y Leon,2418694,12,1,20283,2792
2020-07-09,Spain,NA,Castilla y Leon,2418694,8,0,20291,2792
2020-07-10,Spain,NA,Castilla y Leon,2418694,14,1,20305,2793
2020-07-11,Spain,NA,Castilla y Leon,2418694,13,1,20318,2794
2020-07-12,Spain,NA,Castilla y Leon,2418694,7,0,20325,2794
2020-07-13,Spain,NA,Castilla y Leon,2418694,21,0,20346,2794
2020-07-14,Spain,NA,Castilla y Leon,2418694,20,0,20366,2794
2020-07-15,Spain,NA,Castilla y Leon,2418694,14,1,20380,2795
2020-07-16,Spain,NA,Castilla y Leon,2418694,21,0,20401,2795
2020-07-17,Spain,NA,Castilla y Leon,2418694,15,0,20416,2795
2020-07-18,Spain,NA,Castilla y Leon,2418694,25,0,20441,2795
2020-07-19,Spain,NA,Castilla y Leon,2418694,23,1,20464,2796
2020-07-20,Spain,NA,Castilla y Leon,2418694,34,0,20498,2796
2020-07-21,Spain,NA,Castilla y Leon,2418694,20,0,20518,2796
2020-07-22,Spain,NA,Castilla y Leon,2418694,24,0,20542,2796
2020-07-23,Spain,NA,Castilla y Leon,2418694,44,0,20586,2796
2020-07-24,Spain,NA,Castilla y Leon,2418694,38,1,20624,2797
2020-07-25,Spain,NA,Castilla y Leon,2418694,28,0,20652,2797
2020-07-26,Spain,NA,Castilla y Leon,2418694,28,0,20680,2797
2020-07-27,Spain,NA,Castilla y Leon,2418694,70,0,20750,2797
2020-07-28,Spain,NA,Castilla y Leon,2418694,85,0,20835,2797
2020-07-29,Spain,NA,Castilla y Leon,2418694,77,0,20912,2797
2020-07-30,Spain,NA,Castilla y Leon,2418694,74,0,20986,2797
2020-07-31,Spain,NA,Castilla y Leon,2418694,149,0,21135,2797
2020-08-01,Spain,NA,Castilla y Leon,2418694,91,1,21226,2798
2020-08-02,Spain,NA,Castilla y Leon,2418694,91,0,21317,2798
2020-08-03,Spain,NA,Castilla y Leon,2418694,114,1,21431,2799
2020-08-04,Spain,NA,Castilla y Leon,2418694,201,0,21632,2799
2020-08-05,Spain,NA,Castilla y Leon,2418694,228,0,21860,2799
2020-08-06,Spain,NA,Castilla y Leon,2418694,164,1,22024,2800
2020-08-07,Spain,NA,Castilla y Leon,2418694,234,0,22258,2800
2020-08-08,Spain,NA,Castilla y Leon,2418694,181,1,22439,2801
2020-08-09,Spain,NA,Castilla y Leon,2418694,255,1,22694,2802
2020-08-10,Spain,NA,Castilla y Leon,2418694,209,0,22903,2802
2020-08-11,Spain,NA,Castilla y Leon,2418694,265,2,23168,2804
2020-08-12,Spain,NA,Castilla y Leon,2418694,311,1,23479,2805
2020-08-13,Spain,NA,Castilla y Leon,2418694,296,1,23775,2806
2020-08-14,Spain,NA,Castilla y Leon,2418694,339,3,24114,2809
2020-08-15,Spain,NA,Castilla y Leon,2418694,283,0,24397,2809
2020-08-16,Spain,NA,Castilla y Leon,2418694,268,0,24665,2809
2020-08-17,Spain,NA,Castilla y Leon,2418694,302,1,24967,2810
2020-08-18,Spain,NA,Castilla y Leon,2418694,355,0,25322,2810
2020-08-19,Spain,NA,Castilla y Leon,2418694,369,1,25691,2811
2020-08-20,Spain,NA,Castilla y Leon,2418694,452,0,26143,2811
2020-08-21,Spain,NA,Castilla y Leon,2418694,286,0,26429,2811
2020-08-22,Spain,NA,Castilla y Leon,2418694,172,3,26601,2814
2020-08-23,Spain,NA,Castilla y Leon,2418694,199,0,26800,2814
2020-03-06,Spain,NA,Castilla-La Mancha,2106331,27,0,125,1
2020-03-07,Spain,NA,Castilla-La Mancha,2106331,32,0,157,1
2020-03-08,Spain,NA,Castilla-La Mancha,2106331,27,0,184,1
2020-03-09,Spain,NA,Castilla-La Mancha,2106331,45,1,229,2
2020-03-10,Spain,NA,Castilla-La Mancha,2106331,81,0,310,2
2020-03-11,Spain,NA,Castilla-La Mancha,2106331,76,2,386,4
2020-03-12,Spain,NA,Castilla-La Mancha,2106331,111,1,497,5
2020-03-13,Spain,NA,Castilla-La Mancha,2106331,183,5,680,10
2020-03-14,Spain,NA,Castilla-La Mancha,2106331,158,8,838,18
2020-03-15,Spain,NA,Castilla-La Mancha,2106331,250,11,1088,29
2020-03-16,Spain,NA,Castilla-La Mancha,2106331,239,12,1327,41
2020-03-17,Spain,NA,Castilla-La Mancha,2106331,199,20,1526,61
2020-03-18,Spain,NA,Castilla-La Mancha,2106331,216,23,1742,84
2020-03-19,Spain,NA,Castilla-La Mancha,2106331,242,24,1984,108
2020-03-20,Spain,NA,Castilla-La Mancha,2106331,309,38,2293,146
2020-03-21,Spain,NA,Castilla-La Mancha,2106331,199,48,2492,194
2020-03-22,Spain,NA,Castilla-La Mancha,2106331,178,55,2670,249
2020-03-23,Spain,NA,Castilla-La Mancha,2106331,248,83,2918,332
2020-03-24,Spain,NA,Castilla-La Mancha,2106331,249,84,3167,416
2020-03-25,Spain,NA,Castilla-La Mancha,2106331,241,104,3408,520
2020-03-26,Spain,NA,Castilla-La Mancha,2106331,240,112,3648,632
2020-03-27,Spain,NA,Castilla-La Mancha,2106331,200,92,3848,724
2020-03-28,Spain,NA,Castilla-La Mancha,2106331,166,104,4014,828
2020-03-29,Spain,NA,Castilla-La Mancha,2106331,171,67,4185,895
2020-03-30,Spain,NA,Castilla-La Mancha,2106331,230,86,4415,981
2020-03-31,Spain,NA,Castilla-La Mancha,2106331,169,91,4584,1072
2020-04-01,Spain,NA,Castilla-La Mancha,2106331,193,91,4777,1163
2020-04-02,Spain,NA,Castilla-La Mancha,2106331,147,75,4924,1238
2020-04-03,Spain,NA,Castilla-La Mancha,2106331,148,76,5072,1314
2020-04-04,Spain,NA,Castilla-La Mancha,2106331,144,94,5216,1408
2020-04-05,Spain,NA,Castilla-La Mancha,2106331,237,69,5453,1477
2020-04-06,Spain,NA,Castilla-La Mancha,2106331,126,71,5579,1548
2020-04-07,Spain,NA,Castilla-La Mancha,2106331,97,60,5676,1608
2020-04-08,Spain,NA,Castilla-La Mancha,2106331,106,90,5782,1698
2020-04-09,Spain,NA,Castilla-La Mancha,2106331,81,67,5863,1765
2020-04-10,Spain,NA,Castilla-La Mancha,2106331,70,54,5933,1819
2020-04-11,Spain,NA,Castilla-La Mancha,2106331,59,56,5992,1875
2020-04-12,Spain,NA,Castilla-La Mancha,2106331,72,44,6064,1919
2020-04-13,Spain,NA,Castilla-La Mancha,2106331,106,54,6170,1973
2020-04-14,Spain,NA,Castilla-La Mancha,2106331,67,66,6237,2039
2020-04-15,Spain,NA,Castilla-La Mancha,2106331,77,58,6314,2097
2020-04-16,Spain,NA,Castilla-La Mancha,2106331,33,46,6347,2143
2020-04-17,Spain,NA,Castilla-La Mancha,2106331,24,51,6371,2194
2020-04-18,Spain,NA,Castilla-La Mancha,2106331,32,44,6403,2238
2020-04-19,Spain,NA,Castilla-La Mancha,2106331,33,43,6436,2281
2020-04-20,Spain,NA,Castilla-La Mancha,2106331,53,43,6489,2324
2020-04-21,Spain,NA,Castilla-La Mancha,2106331,34,33,6523,2357
2020-04-22,Spain,NA,Castilla-La Mancha,2106331,24,30,6547,2387
2020-04-23,Spain,NA,Castilla-La Mancha,2106331,22,27,6569,2414
2020-04-24,Spain,NA,Castilla-La Mancha,2106331,15,31,6584,2445
2020-04-25,Spain,NA,Castilla-La Mancha,2106331,14,28,6598,2473
2020-04-26,Spain,NA,Castilla-La Mancha,2106331,17,27,6615,2500
2020-04-27,Spain,NA,Castilla-La Mancha,2106331,24,25,6639,2525
2020-04-28,Spain,NA,Castilla-La Mancha,2106331,17,24,6656,2549
2020-04-29,Spain,NA,Castilla-La Mancha,2106331,8,29,6664,2578
2020-04-30,Spain,NA,Castilla-La Mancha,2106331,7,17,6671,2595
2020-05-01,Spain,NA,Castilla-La Mancha,2106331,9,12,6680,2607
2020-05-02,Spain,NA,Castilla-La Mancha,2106331,6,16,6686,2623
2020-05-03,Spain,NA,Castilla-La Mancha,2106331,5,16,6691,2639
2020-05-04,Spain,NA,Castilla-La Mancha,2106331,17,17,6708,2656
2020-05-05,Spain,NA,Castilla-La Mancha,2106331,11,21,6719,2677
2020-05-06,Spain,NA,Castilla-La Mancha,2106331,10,18,6729,2695
2020-05-07,Spain,NA,Castilla-La Mancha,2106331,13,10,6742,2705
2020-05-08,Spain,NA,Castilla-La Mancha,2106331,7,17,6749,2722
2020-05-09,Spain,NA,Castilla-La Mancha,2106331,9,14,6758,2736
2020-05-10,Spain,NA,Castilla-La Mancha,2106331,10,17,6768,2753
2020-05-11,Spain,NA,Castilla-La Mancha,2106331,25,13,6793,2766
2020-05-12,Spain,NA,Castilla-La Mancha,2106331,28,11,6821,2777
2020-05-13,Spain,NA,Castilla-La Mancha,2106331,35,12,6856,2789
2020-05-14,Spain,NA,Castilla-La Mancha,2106331,26,8,6882,2797
2020-05-15,Spain,NA,Castilla-La Mancha,2106331,34,7,6916,2804
2020-05-16,Spain,NA,Castilla-La Mancha,2106331,25,6,6941,2810
2020-05-17,Spain,NA,Castilla-La Mancha,2106331,10,3,6951,2813
2020-05-18,Spain,NA,Castilla-La Mancha,2106331,25,4,6976,2817
2020-05-19,Spain,NA,Castilla-La Mancha,2106331,27,9,7003,2826
2020-05-20,Spain,NA,Castilla-La Mancha,2106331,27,4,7030,2830
2020-05-21,Spain,NA,Castilla-La Mancha,2106331,16,12,7046,2842
2020-05-22,Spain,NA,Castilla-La Mancha,2106331,39,10,7085,2852
2020-05-23,Spain,NA,Castilla-La Mancha,2106331,27,6,7112,2858
2020-05-24,Spain,NA,Castilla-La Mancha,2106331,14,3,7126,2861
2020-05-25,Spain,NA,Castilla-La Mancha,2106331,33,6,7159,2867
2020-05-26,Spain,NA,Castilla-La Mancha,2106331,31,1,7190,2868
2020-05-27,Spain,NA,Castilla-La Mancha,2106331,38,2,7228,2870
2020-05-28,Spain,NA,Castilla-La Mancha,2106331,34,3,7262,2873
2020-05-29,Spain,NA,Castilla-La Mancha,2106331,30,2,7292,2875
2020-05-30,Spain,NA,Castilla-La Mancha,2106331,23,5,7315,2880
2020-05-31,Spain,NA,Castilla-La Mancha,2106331,10,3,7325,2883
2020-06-01,Spain,NA,Castilla-La Mancha,2106331,22,3,7347,2886
2020-06-02,Spain,NA,Castilla-La Mancha,2106331,18,3,7365,2889
2020-06-03,Spain,NA,Castilla-La Mancha,2106331,37,1,7402,2890
2020-06-04,Spain,NA,Castilla-La Mancha,2106331,31,2,7433,2892
2020-06-05,Spain,NA,Castilla-La Mancha,2106331,33,0,7466,2892
2020-06-06,Spain,NA,Castilla-La Mancha,2106331,14,0,7480,2892
2020-06-07,Spain,NA,Castilla-La Mancha,2106331,12,0,7492,2892
2020-06-08,Spain,NA,Castilla-La Mancha,2106331,28,0,7520,2892
2020-06-09,Spain,NA,Castilla-La Mancha,2106331,22,1,7542,2893
2020-06-10,Spain,NA,Castilla-La Mancha,2106331,18,1,7560,2894
2020-06-11,Spain,NA,Castilla-La Mancha,2106331,7,0,7567,2894
2020-06-12,Spain,NA,Castilla-La Mancha,2106331,19,0,7586,2894
2020-06-13,Spain,NA,Castilla-La Mancha,2106331,9,2,7595,2896
2020-06-14,Spain,NA,Castilla-La Mancha,2106331,9,1,7604,2897
2020-06-15,Spain,NA,Castilla-La Mancha,2106331,11,0,7615,2897
2020-06-16,Spain,NA,Castilla-La Mancha,2106331,20,0,7635,2897
2020-06-17,Spain,NA,Castilla-La Mancha,2106331,15,0,7650,2897
2020-06-18,Spain,NA,Castilla-La Mancha,2106331,9,0,7659,2897
2020-06-19,Spain,NA,Castilla-La Mancha,2106331,10,0,7669,2897
2020-06-20,Spain,NA,Castilla-La Mancha,2106331,14,0,7683,2897
2020-06-21,Spain,NA,Castilla-La Mancha,2106331,6,0,7689,2897
2020-06-22,Spain,NA,Castilla-La Mancha,2106331,12,0,7701,2897
2020-06-23,Spain,NA,Castilla-La Mancha,2106331,23,1,7724,2898
2020-06-24,Spain,NA,Castilla-La Mancha,2106331,19,0,7743,2898
2020-06-25,Spain,NA,Castilla-La Mancha,2106331,19,0,7762,2898
2020-06-26,Spain,NA,Castilla-La Mancha,2106331,11,0,7773,2898
2020-06-27,Spain,NA,Castilla-La Mancha,2106331,14,0,7787,2898
2020-06-28,Spain,NA,Castilla-La Mancha,2106331,11,2,7798,2900
2020-06-29,Spain,NA,Castilla-La Mancha,2106331,12,1,7810,2901
2020-06-30,Spain,NA,Castilla-La Mancha,2106331,12,1,7822,2902
2020-07-01,Spain,NA,Castilla-La Mancha,2106331,16,0,7838,2902
2020-07-02,Spain,NA,Castilla-La Mancha,2106331,14,0,7852,2902
2020-07-03,Spain,NA,Castilla-La Mancha,2106331,22,0,7874,2902
2020-07-04,Spain,NA,Castilla-La Mancha,2106331,9,0,7883,2902
2020-07-05,Spain,NA,Castilla-La Mancha,2106331,4,0,7887,2902
2020-07-06,Spain,NA,Castilla-La Mancha,2106331,17,0,7904,2902
2020-07-07,Spain,NA,Castilla-La Mancha,2106331,15,0,7919,2902
2020-07-08,Spain,NA,Castilla-La Mancha,2106331,17,0,7936,2902
2020-07-09,Spain,NA,Castilla-La Mancha,2106331,25,0,7961,2902
2020-07-10,Spain,NA,Castilla-La Mancha,2106331,25,1,7986,2903
2020-07-11,Spain,NA,Castilla-La Mancha,2106331,11,0,7997,2903
2020-07-12,Spain,NA,Castilla-La Mancha,2106331,9,0,8006,2903
2020-07-13,Spain,NA,Castilla-La Mancha,2106331,17,1,8023,2904
2020-07-14,Spain,NA,Castilla-La Mancha,2106331,23,0,8046,2904
2020-07-15,Spain,NA,Castilla-La Mancha,2106331,27,2,8073,2906
2020-07-16,Spain,NA,Castilla-La Mancha,2106331,23,0,8096,2906
2020-07-17,Spain,NA,Castilla-La Mancha,2106331,24,0,8120,2906
2020-07-18,Spain,NA,Castilla-La Mancha,2106331,11,0,8131,2906
2020-07-19,Spain,NA,Castilla-La Mancha,2106331,11,0,8142,2906
2020-07-20,Spain,NA,Castilla-La Mancha,2106331,27,0,8169,2906
2020-07-21,Spain,NA,Castilla-La Mancha,2106331,23,0,8192,2906
2020-07-22,Spain,NA,Castilla-La Mancha,2106331,38,0,8230,2906
2020-07-23,Spain,NA,Castilla-La Mancha,2106331,20,0,8250,2906
2020-07-24,Spain,NA,Castilla-La Mancha,2106331,42,0,8292,2906
2020-07-25,Spain,NA,Castilla-La Mancha,2106331,23,0,8315,2906
2020-07-26,Spain,NA,Castilla-La Mancha,2106331,19,0,8334,2906
2020-07-27,Spain,NA,Castilla-La Mancha,2106331,40,1,8374,2907
2020-07-28,Spain,NA,Castilla-La Mancha,2106331,43,0,8417,2907
2020-07-29,Spain,NA,Castilla-La Mancha,2106331,52,0,8469,2907
2020-07-30,Spain,NA,Castilla-La Mancha,2106331,41,1,8510,2908
2020-07-31,Spain,NA,Castilla-La Mancha,2106331,69,1,8579,2909
2020-08-01,Spain,NA,Castilla-La Mancha,2106331,56,0,8635,2909
2020-08-02,Spain,NA,Castilla-La Mancha,2106331,58,1,8693,2910
2020-08-03,Spain,NA,Castilla-La Mancha,2106331,76,0,8769,2910
2020-08-04,Spain,NA,Castilla-La Mancha,2106331,96,0,8865,2910
2020-08-05,Spain,NA,Castilla-La Mancha,2106331,94,0,8959,2910
2020-08-06,Spain,NA,Castilla-La Mancha,2106331,117,1,9076,2911
2020-08-07,Spain,NA,Castilla-La Mancha,2106331,111,0,9187,2911
2020-08-08,Spain,NA,Castilla-La Mancha,2106331,136,1,9323,2912
2020-08-09,Spain,NA,Castilla-La Mancha,2106331,113,0,9436,2912
2020-08-10,Spain,NA,Castilla-La Mancha,2106331,173,0,9609,2912
2020-08-11,Spain,NA,Castilla-La Mancha,2106331,192,1,9801,2913
2020-08-12,Spain,NA,Castilla-La Mancha,2106331,193,1,9994,2914
2020-08-13,Spain,NA,Castilla-La Mancha,2106331,236,0,10230,2914
2020-08-14,Spain,NA,Castilla-La Mancha,2106331,186,0,10416,2914
2020-08-15,Spain,NA,Castilla-La Mancha,2106331,174,0,10590,2914
2020-08-16,Spain,NA,Castilla-La Mancha,2106331,143,0,10733,2914
2020-08-17,Spain,NA,Castilla-La Mancha,2106331,190,0,10923,2914
2020-08-18,Spain,NA,Castilla-La Mancha,2106331,205,0,11128,2914
2020-08-19,Spain,NA,Castilla-La Mancha,2106331,236,0,11364,2914
2020-08-20,Spain,NA,Castilla-La Mancha,2106331,223,1,11587,2915
2020-08-21,Spain,NA,Castilla-La Mancha,2106331,239,0,11826,2915
2020-08-22,Spain,NA,Castilla-La Mancha,2106331,175,1,12001,2916
2020-08-23,Spain,NA,Castilla-La Mancha,2106331,102,0,12103,2916
2020-02-24,Spain,NA,Cataluna,7619494,9,0,106,0
2020-02-25,Spain,NA,Cataluna,7619494,17,0,123,0
2020-02-26,Spain,NA,Cataluna,7619494,20,0,143,0
2020-02-27,Spain,NA,Cataluna,7619494,12,0,155,0
2020-02-28,Spain,NA,Cataluna,7619494,28,0,183,0
2020-02-29,Spain,NA,Cataluna,7619494,19,0,202,0
2020-03-01,Spain,NA,Cataluna,7619494,76,0,278,0
2020-03-02,Spain,NA,Cataluna,7619494,61,0,339,0
2020-03-03,Spain,NA,Cataluna,7619494,77,0,416,0
2020-03-04,Spain,NA,Cataluna,7619494,127,0,543,0
2020-03-05,Spain,NA,Cataluna,7619494,155,0,698,0
2020-03-06,Spain,NA,Cataluna,7619494,238,1,936,1
2020-03-07,Spain,NA,Cataluna,7619494,262,1,1198,2
2020-03-08,Spain,NA,Cataluna,7619494,303,0,1501,2
2020-03-09,Spain,NA,Cataluna,7619494,515,1,2016,3
2020-03-10,Spain,NA,Cataluna,7619494,724,1,2740,4
2020-03-11,Spain,NA,Cataluna,7619494,703,2,3443,6
2020-03-12,Spain,NA,Cataluna,7619494,969,5,4412,11
2020-03-13,Spain,NA,Cataluna,7619494,1268,11,5680,22
2020-03-14,Spain,NA,Cataluna,7619494,1234,12,6914,34
2020-03-15,Spain,NA,Cataluna,7619494,1290,7,8204,41
2020-03-16,Spain,NA,Cataluna,7619494,1540,19,9744,60
2020-03-17,Spain,NA,Cataluna,7619494,1476,23,11220,83
2020-03-18,Spain,NA,Cataluna,7619494,1581,37,12801,120
2020-03-19,Spain,NA,Cataluna,7619494,1522,49,14323,169
2020-03-20,Spain,NA,Cataluna,7619494,1790,63,16113,232
2020-03-21,Spain,NA,Cataluna,7619494,1386,74,17499,306
2020-03-22,Spain,NA,Cataluna,7619494,1235,88,18734,394
2020-03-23,Spain,NA,Cataluna,7619494,1405,126,20139,520
2020-03-24,Spain,NA,Cataluna,7619494,1333,122,21472,642
2020-03-25,Spain,NA,Cataluna,7619494,1250,153,22722,795
2020-03-26,Spain,NA,Cataluna,7619494,1321,156,24043,951
2020-03-27,Spain,NA,Cataluna,7619494,1196,174,25239,1125
2020-03-28,Spain,NA,Cataluna,7619494,1262,164,26501,1289
2020-03-29,Spain,NA,Cataluna,7619494,971,176,27472,1465
2020-03-30,Spain,NA,Cataluna,7619494,1105,198,28577,1663
2020-03-31,Spain,NA,Cataluna,7619494,1071,178,29648,1841
2020-04-01,Spain,NA,Cataluna,7619494,1217,179,30865,2020
2020-04-02,Spain,NA,Cataluna,7619494,1006,160,31871,2180
2020-04-03,Spain,NA,Cataluna,7619494,1166,160,33037,2340
2020-04-04,Spain,NA,Cataluna,7619494,928,149,33965,2489
2020-04-05,Spain,NA,Cataluna,7619494,805,133,34770,2622
2020-04-06,Spain,NA,Cataluna,7619494,738,152,35508,2774
2020-04-07,Spain,NA,Cataluna,7619494,677,145,36185,2919
2020-04-08,Spain,NA,Cataluna,7619494,952,152,37137,3071
2020-04-09,Spain,NA,Cataluna,7619494,1009,152,38146,3223
2020-04-10,Spain,NA,Cataluna,7619494,966,131,39112,3354
2020-04-11,Spain,NA,Cataluna,7619494,1029,119,40141,3473
2020-04-12,Spain,NA,Cataluna,7619494,646,116,40787,3589
2020-04-13,Spain,NA,Cataluna,7619494,549,113,41336,3702
2020-04-14,Spain,NA,Cataluna,7619494,697,118,42033,3820
2020-04-15,Spain,NA,Cataluna,7619494,726,109,42759,3929
2020-04-16,Spain,NA,Cataluna,7619494,699,101,43458,4030
2020-04-17,Spain,NA,Cataluna,7619494,583,109,44041,4139
2020-04-18,Spain,NA,Cataluna,7619494,427,92,44468,4231
2020-04-19,Spain,NA,Cataluna,7619494,259,87,44727,4318
2020-04-20,Spain,NA,Cataluna,7619494,338,68,45065,4386
2020-04-21,Spain,NA,Cataluna,7619494,179,75,45244,4461
2020-04-22,Spain,NA,Cataluna,7619494,302,68,45546,4529
2020-04-23,Spain,NA,Cataluna,7619494,261,52,45807,4581
2020-04-24,Spain,NA,Cataluna,7619494,245,62,46052,4643
2020-04-25,Spain,NA,Cataluna,7619494,162,63,46214,4706
2020-04-26,Spain,NA,Cataluna,7619494,133,68,46347,4774
2020-04-27,Spain,NA,Cataluna,7619494,125,58,46472,4832
2020-04-28,Spain,NA,Cataluna,7619494,153,65,46625,4897
2020-04-29,Spain,NA,Cataluna,7619494,140,58,46765,4955
2020-04-30,Spain,NA,Cataluna,7619494,176,51,46941,5006
2020-05-01,Spain,NA,Cataluna,7619494,154,47,47095,5053
2020-05-02,Spain,NA,Cataluna,7619494,148,45,47243,5098
2020-05-03,Spain,NA,Cataluna,7619494,130,54,47373,5152
2020-05-04,Spain,NA,Cataluna,7619494,112,44,47485,5196
2020-05-05,Spain,NA,Cataluna,7619494,54,45,47539,5241
2020-05-06,Spain,NA,Cataluna,7619494,42,32,47581,5273
2020-05-07,Spain,NA,Cataluna,7619494,60,42,47641,5315
2020-05-08,Spain,NA,Cataluna,7619494,63,30,47704,5345
2020-05-09,Spain,NA,Cataluna,7619494,51,20,47755,5365
2020-05-10,Spain,NA,Cataluna,7619494,81,23,47836,5388
2020-05-11,Spain,NA,Cataluna,7619494,91,31,47927,5419
2020-05-12,Spain,NA,Cataluna,7619494,106,17,48033,5436
2020-05-13,Spain,NA,Cataluna,7619494,124,14,48157,5450
2020-05-14,Spain,NA,Cataluna,7619494,106,17,48263,5467
2020-05-15,Spain,NA,Cataluna,7619494,165,17,48428,5484
2020-05-16,Spain,NA,Cataluna,7619494,118,12,48546,5496
2020-05-17,Spain,NA,Cataluna,7619494,88,9,48634,5505
2020-05-18,Spain,NA,Cataluna,7619494,156,7,48790,5512
2020-05-19,Spain,NA,Cataluna,7619494,157,13,48947,5525
2020-05-20,Spain,NA,Cataluna,7619494,121,14,49068,5539
2020-05-21,Spain,NA,Cataluna,7619494,141,11,49209,5550
2020-05-22,Spain,NA,Cataluna,7619494,193,14,49402,5564
2020-05-23,Spain,NA,Cataluna,7619494,113,14,49515,5578
2020-05-24,Spain,NA,Cataluna,7619494,127,8,49642,5586
2020-05-25,Spain,NA,Cataluna,7619494,156,11,49798,5597
2020-05-26,Spain,NA,Cataluna,7619494,138,5,49936,5602
2020-05-27,Spain,NA,Cataluna,7619494,108,8,50044,5610
2020-05-28,Spain,NA,Cataluna,7619494,146,7,50190,5617
2020-05-29,Spain,NA,Cataluna,7619494,130,8,50320,5625
2020-05-30,Spain,NA,Cataluna,7619494,85,7,50405,5632
2020-05-31,Spain,NA,Cataluna,7619494,51,6,50456,5638
2020-06-01,Spain,NA,Cataluna,7619494,84,1,50540,5639
2020-06-02,Spain,NA,Cataluna,7619494,91,3,50631,5642
2020-06-03,Spain,NA,Cataluna,7619494,101,4,50732,5646
2020-06-04,Spain,NA,Cataluna,7619494,93,6,50825,5652
2020-06-05,Spain,NA,Cataluna,7619494,146,2,50971,5654
2020-06-06,Spain,NA,Cataluna,7619494,63,0,51034,5654
2020-06-07,Spain,NA,Cataluna,7619494,51,0,51085,5654
2020-06-08,Spain,NA,Cataluna,7619494,95,3,51180,5657
2020-06-09,Spain,NA,Cataluna,7619494,57,0,51237,5657
2020-06-10,Spain,NA,Cataluna,7619494,76,2,51313,5659
2020-06-11,Spain,NA,Cataluna,7619494,65,0,51378,5659
2020-06-12,Spain,NA,Cataluna,7619494,80,1,51458,5660
2020-06-13,Spain,NA,Cataluna,7619494,34,2,51492,5662
2020-06-14,Spain,NA,Cataluna,7619494,41,2,51533,5664
2020-06-15,Spain,NA,Cataluna,7619494,58,2,51591,5666
2020-06-16,Spain,NA,Cataluna,7619494,66,0,51657,5666
2020-06-17,Spain,NA,Cataluna,7619494,79,0,51736,5666
2020-06-18,Spain,NA,Cataluna,7619494,88,0,51824,5666
2020-06-19,Spain,NA,Cataluna,7619494,77,0,51901,5666
2020-06-20,Spain,NA,Cataluna,7619494,84,0,51985,5666
2020-06-21,Spain,NA,Cataluna,7619494,72,1,52057,5667
2020-06-22,Spain,NA,Cataluna,7619494,94,0,52151,5667
2020-06-23,Spain,NA,Cataluna,7619494,100,1,52251,5668
2020-06-24,Spain,NA,Cataluna,7619494,91,0,52342,5668
2020-06-25,Spain,NA,Cataluna,7619494,109,2,52451,5670
2020-06-26,Spain,NA,Cataluna,7619494,162,0,52613,5670
2020-06-27,Spain,NA,Cataluna,7619494,116,0,52729,5670
2020-06-28,Spain,NA,Cataluna,7619494,102,0,52831,5670
2020-06-29,Spain,NA,Cataluna,7619494,161,1,52992,5671
2020-06-30,Spain,NA,Cataluna,7619494,165,1,53157,5672
2020-07-01,Spain,NA,Cataluna,7619494,272,1,53429,5673
2020-07-02,Spain,NA,Cataluna,7619494,212,0,53641,5673
2020-07-03,Spain,NA,Cataluna,7619494,267,1,53908,5674
2020-07-04,Spain,NA,Cataluna,7619494,247,1,54155,5675
2020-07-05,Spain,NA,Cataluna,7619494,251,0,54406,5675
2020-07-06,Spain,NA,Cataluna,7619494,367,0,54773,5675
2020-07-07,Spain,NA,Cataluna,7619494,421,0,55194,5675
2020-07-08,Spain,NA,Cataluna,7619494,471,0,55665,5675
2020-07-09,Spain,NA,Cataluna,7619494,489,1,56154,5676
2020-07-10,Spain,NA,Cataluna,7619494,612,0,56766,5676
2020-07-11,Spain,NA,Cataluna,7619494,371,1,57137,5677
2020-07-12,Spain,NA,Cataluna,7619494,405,0,57542,5677
2020-07-13,Spain,NA,Cataluna,7619494,656,0,58198,5677
2020-07-14,Spain,NA,Cataluna,7619494,609,0,58807,5677
2020-07-15,Spain,NA,Cataluna,7619494,785,0,59592,5677
2020-07-16,Spain,NA,Cataluna,7619494,745,0,60337,5677
2020-07-17,Spain,NA,Cataluna,7619494,957,1,61294,5678
2020-07-18,Spain,NA,Cataluna,7619494,716,1,62010,5679
2020-07-19,Spain,NA,Cataluna,7619494,582,0,62592,5679
2020-07-20,Spain,NA,Cataluna,7619494,1027,0,63619,5679
2020-07-21,Spain,NA,Cataluna,7619494,955,2,64574,5681
2020-07-22,Spain,NA,Cataluna,7619494,1012,1,65586,5682
2020-07-23,Spain,NA,Cataluna,7619494,997,1,66583,5683
2020-07-24,Spain,NA,Cataluna,7619494,1026,2,67609,5685
2020-07-25,Spain,NA,Cataluna,7619494,637,3,68246,5688
2020-07-26,Spain,NA,Cataluna,7619494,562,4,68808,5692
2020-07-27,Spain,NA,Cataluna,7619494,996,6,69804,5698
2020-07-28,Spain,NA,Cataluna,7619494,1027,0,70831,5698
2020-07-29,Spain,NA,Cataluna,7619494,1061,0,71892,5698
2020-07-30,Spain,NA,Cataluna,7619494,1020,2,72912,5700
2020-07-31,Spain,NA,Cataluna,7619494,1131,0,74043,5700
2020-08-01,Spain,NA,Cataluna,7619494,706,2,74749,5702
2020-08-02,Spain,NA,Cataluna,7619494,468,1,75217,5703
2020-08-03,Spain,NA,Cataluna,7619494,896,0,76113,5703
2020-08-04,Spain,NA,Cataluna,7619494,985,0,77098,5703
2020-08-05,Spain,NA,Cataluna,7619494,981,2,78079,5705
2020-08-06,Spain,NA,Cataluna,7619494,937,4,79016,5709
2020-08-07,Spain,NA,Cataluna,7619494,1111,0,80127,5709
2020-08-08,Spain,NA,Cataluna,7619494,686,0,80813,5709
2020-08-09,Spain,NA,Cataluna,7619494,517,2,81330,5711
2020-08-10,Spain,NA,Cataluna,7619494,1032,0,82362,5711
2020-08-11,Spain,NA,Cataluna,7619494,948,1,83310,5712
2020-08-12,Spain,NA,Cataluna,7619494,1006,0,84316,5712
2020-08-13,Spain,NA,Cataluna,7619494,987,2,85303,5714
2020-08-14,Spain,NA,Cataluna,7619494,1074,3,86377,5717
2020-08-15,Spain,NA,Cataluna,7619494,700,4,87077,5721
2020-08-16,Spain,NA,Cataluna,7619494,618,1,87695,5722
2020-08-17,Spain,NA,Cataluna,7619494,1002,4,88697,5726
2020-08-18,Spain,NA,Cataluna,7619494,1058,2,89755,5728
2020-08-19,Spain,NA,Cataluna,7619494,986,1,90741,5729
2020-08-20,Spain,NA,Cataluna,7619494,1059,3,91800,5732
2020-08-21,Spain,NA,Cataluna,7619494,1079,1,92879,5733
2020-08-22,Spain,NA,Cataluna,7619494,468,1,93347,5734
2020-08-23,Spain,NA,Cataluna,7619494,334,0,93681,5734
2020-08-15,Spain,NA,Ceuta,84777,7,0,104,4
2020-08-16,Spain,NA,Ceuta,84777,1,0,105,4
2020-08-17,Spain,NA,Ceuta,84777,12,0,117,4
2020-08-18,Spain,NA,Ceuta,84777,6,0,123,4
2020-08-19,Spain,NA,Ceuta,84777,0,0,123,4
2020-08-20,Spain,NA,Ceuta,84777,3,0,126,4
2020-08-21,Spain,NA,Ceuta,84777,3,0,129,4
2020-08-22,Spain,NA,Ceuta,84777,9,0,138,4
2020-08-23,Spain,NA,Ceuta,84777,4,0,142,4
2020-02-28,Spain,NA,Comunidad Valenciana,5003769,22,0,101,1
2020-02-29,Spain,NA,Comunidad Valenciana,5003769,14,0,115,1
2020-03-01,Spain,NA,Comunidad Valenciana,5003769,34,0,149,1
2020-03-02,Spain,NA,Comunidad Valenciana,5003769,36,0,185,1
2020-03-03,Spain,NA,Comunidad Valenciana,5003769,26,0,211,1
2020-03-04,Spain,NA,Comunidad Valenciana,5003769,34,0,245,1
2020-03-05,Spain,NA,Comunidad Valenciana,5003769,46,0,291,1
2020-03-06,Spain,NA,Comunidad Valenciana,5003769,66,0,357,1
2020-03-07,Spain,NA,Comunidad Valenciana,5003769,64,0,421,1
2020-03-08,Spain,NA,Comunidad Valenciana,5003769,99,0,520,1
2020-03-09,Spain,NA,Comunidad Valenciana,5003769,162,0,682,1
2020-03-10,Spain,NA,Comunidad Valenciana,5003769,266,0,948,1
2020-03-11,Spain,NA,Comunidad Valenciana,5003769,263,0,1211,1
2020-03-12,Spain,NA,Comunidad Valenciana,5003769,358,0,1569,1
2020-03-13,Spain,NA,Comunidad Valenciana,5003769,444,2,2013,3
2020-03-14,Spain,NA,Comunidad Valenciana,5003769,452,7,2465,10
2020-03-15,Spain,NA,Comunidad Valenciana,5003769,469,4,2934,14
2020-03-16,Spain,NA,Comunidad Valenciana,5003769,571,4,3505,18
2020-03-17,Spain,NA,Comunidad Valenciana,5003769,509,2,4014,20
2020-03-18,Spain,NA,Comunidad Valenciana,5003769,481,14,4495,34
2020-03-19,Spain,NA,Comunidad Valenciana,5003769,456,9,4951,43
2020-03-20,Spain,NA,Comunidad Valenciana,5003769,510,19,5461,62
2020-03-21,Spain,NA,Comunidad Valenciana,5003769,412,22,5873,84
2020-03-22,Spain,NA,Comunidad Valenciana,5003769,362,29,6235,113
2020-03-23,Spain,NA,Comunidad Valenciana,5003769,431,23,6666,136
2020-03-24,Spain,NA,Comunidad Valenciana,5003769,306,30,6972,166
2020-03-25,Spain,NA,Comunidad Valenciana,5003769,359,33,7331,199
2020-03-26,Spain,NA,Comunidad Valenciana,5003769,271,37,7602,236
2020-03-27,Spain,NA,Comunidad Valenciana,5003769,294,48,7896,284
2020-03-28,Spain,NA,Comunidad Valenciana,5003769,218,44,8114,328
2020-03-29,Spain,NA,Comunidad Valenciana,5003769,183,35,8297,363
2020-03-30,Spain,NA,Comunidad Valenciana,5003769,222,54,8519,417
2020-03-31,Spain,NA,Comunidad Valenciana,5003769,151,59,8670,476
2020-04-01,Spain,NA,Comunidad Valenciana,5003769,202,44,8872,520
2020-04-02,Spain,NA,Comunidad Valenciana,5003769,181,49,9053,569
2020-04-03,Spain,NA,Comunidad Valenciana,5003769,190,53,9243,622
2020-04-04,Spain,NA,Comunidad Valenciana,5003769,118,45,9361,667
2020-04-05,Spain,NA,Comunidad Valenciana,5003769,105,41,9466,708
2020-04-06,Spain,NA,Comunidad Valenciana,5003769,137,36,9603,744
2020-04-07,Spain,NA,Comunidad Valenciana,5003769,127,58,9730,802
2020-04-08,Spain,NA,Comunidad Valenciana,5003769,125,31,9855,833
2020-04-09,Spain,NA,Comunidad Valenciana,5003769,117,28,9972,861
2020-04-10,Spain,NA,Comunidad Valenciana,5003769,95,32,10067,893
2020-04-11,Spain,NA,Comunidad Valenciana,5003769,78,38,10145,931
2020-04-12,Spain,NA,Comunidad Valenciana,5003769,67,30,10212,961
2020-04-13,Spain,NA,Comunidad Valenciana,5003769,63,35,10275,996
2020-04-14,Spain,NA,Comunidad Valenciana,5003769,63,32,10338,1028
2020-04-15,Spain,NA,Comunidad Valenciana,5003769,72,33,10410,1061
2020-04-16,Spain,NA,Comunidad Valenciana,5003769,52,27,10462,1088
2020-04-17,Spain,NA,Comunidad Valenciana,5003769,82,23,10544,1111
2020-04-18,Spain,NA,Comunidad Valenciana,5003769,52,11,10596,1122
2020-04-19,Spain,NA,Comunidad Valenciana,5003769,25,15,10621,1137
2020-04-20,Spain,NA,Comunidad Valenciana,5003769,35,16,10656,1153
2020-04-21,Spain,NA,Comunidad Valenciana,5003769,50,18,10706,1171
2020-04-22,Spain,NA,Comunidad Valenciana,5003769,35,17,10741,1188
2020-04-23,Spain,NA,Comunidad Valenciana,5003769,43,12,10784,1200
2020-04-24,Spain,NA,Comunidad Valenciana,5003769,40,11,10824,1211
2020-04-25,Spain,NA,Comunidad Valenciana,5003769,38,11,10862,1222
2020-04-26,Spain,NA,Comunidad Valenciana,5003769,19,13,10881,1235
2020-04-27,Spain,NA,Comunidad Valenciana,5003769,20,14,10901,1249
2020-04-28,Spain,NA,Comunidad Valenciana,5003769,37,21,10938,1270
2020-04-29,Spain,NA,Comunidad Valenciana,5003769,34,6,10972,1276
2020-04-30,Spain,NA,Comunidad Valenciana,5003769,19,8,10991,1284
2020-05-01,Spain,NA,Comunidad Valenciana,5003769,24,11,11015,1295
2020-05-02,Spain,NA,Comunidad Valenciana,5003769,31,8,11046,1303
2020-05-03,Spain,NA,Comunidad Valenciana,5003769,15,10,11061,1313
2020-05-04,Spain,NA,Comunidad Valenciana,5003769,6,6,11067,1319
2020-05-05,Spain,NA,Comunidad Valenciana,5003769,12,8,11079,1327
2020-05-06,Spain,NA,Comunidad Valenciana,5003769,12,10,11091,1337
2020-05-07,Spain,NA,Comunidad Valenciana,5003769,4,5,11095,1342
2020-05-08,Spain,NA,Comunidad Valenciana,5003769,5,7,11100,1349
2020-05-09,Spain,NA,Comunidad Valenciana,5003769,7,8,11107,1357
2020-05-10,Spain,NA,Comunidad Valenciana,5003769,8,5,11115,1362
2020-05-11,Spain,NA,Comunidad Valenciana,5003769,20,7,11135,1369
2020-05-12,Spain,NA,Comunidad Valenciana,5003769,18,4,11153,1373
2020-05-13,Spain,NA,Comunidad Valenciana,5003769,12,6,11165,1379
2020-05-14,Spain,NA,Comunidad Valenciana,5003769,19,8,11184,1387
2020-05-15,Spain,NA,Comunidad Valenciana,5003769,13,2,11197,1389
2020-05-16,Spain,NA,Comunidad Valenciana,5003769,8,3,11205,1392
2020-05-17,Spain,NA,Comunidad Valenciana,5003769,7,2,11212,1394
2020-05-18,Spain,NA,Comunidad Valenciana,5003769,10,4,11222,1398
2020-05-19,Spain,NA,Comunidad Valenciana,5003769,12,2,11234,1400
2020-05-20,Spain,NA,Comunidad Valenciana,5003769,14,2,11248,1402
2020-05-21,Spain,NA,Comunidad Valenciana,5003769,7,4,11255,1406
2020-05-22,Spain,NA,Comunidad Valenciana,5003769,17,3,11272,1409
2020-05-23,Spain,NA,Comunidad Valenciana,5003769,8,1,11280,1410
2020-05-24,Spain,NA,Comunidad Valenciana,5003769,9,0,11289,1410
2020-05-25,Spain,NA,Comunidad Valenciana,5003769,5,2,11294,1412
2020-05-26,Spain,NA,Comunidad Valenciana,5003769,13,2,11307,1414
2020-05-27,Spain,NA,Comunidad Valenciana,5003769,16,2,11323,1416
2020-05-28,Spain,NA,Comunidad Valenciana,5003769,9,2,11332,1418
2020-05-29,Spain,NA,Comunidad Valenciana,5003769,8,1,11340,1419
2020-05-30,Spain,NA,Comunidad Valenciana,5003769,5,0,11345,1419
2020-05-31,Spain,NA,Comunidad Valenciana,5003769,7,0,11352,1419
2020-06-01,Spain,NA,Comunidad Valenciana,5003769,14,0,11366,1419
2020-06-02,Spain,NA,Comunidad Valenciana,5003769,19,2,11385,1421
2020-06-03,Spain,NA,Comunidad Valenciana,5003769,11,2,11396,1423
2020-06-04,Spain,NA,Comunidad Valenciana,5003769,9,1,11405,1424
2020-06-05,Spain,NA,Comunidad Valenciana,5003769,8,0,11413,1424
2020-06-06,Spain,NA,Comunidad Valenciana,5003769,8,0,11421,1424
2020-06-07,Spain,NA,Comunidad Valenciana,5003769,7,0,11428,1424
2020-06-08,Spain,NA,Comunidad Valenciana,5003769,5,0,11433,1424
2020-06-09,Spain,NA,Comunidad Valenciana,5003769,8,1,11441,1425
2020-06-10,Spain,NA,Comunidad Valenciana,5003769,3,0,11444,1425
2020-06-11,Spain,NA,Comunidad Valenciana,5003769,11,1,11455,1426
2020-06-12,Spain,NA,Comunidad Valenciana,5003769,11,0,11466,1426
2020-06-13,Spain,NA,Comunidad Valenciana,5003769,3,0,11469,1426
2020-06-14,Spain,NA,Comunidad Valenciana,5003769,1,1,11470,1427
2020-06-15,Spain,NA,Comunidad Valenciana,5003769,11,1,11481,1428
2020-06-16,Spain,NA,Comunidad Valenciana,5003769,10,0,11491,1428
2020-06-17,Spain,NA,Comunidad Valenciana,5003769,8,0,11499,1428
2020-06-18,Spain,NA,Comunidad Valenciana,5003769,8,0,11507,1428
2020-06-19,Spain,NA,Comunidad Valenciana,5003769,10,0,11517,1428
2020-06-20,Spain,NA,Comunidad Valenciana,5003769,5,0,11522,1428
2020-06-21,Spain,NA,Comunidad Valenciana,5003769,10,1,11532,1429
2020-06-22,Spain,NA,Comunidad Valenciana,5003769,7,0,11539,1429
2020-06-23,Spain,NA,Comunidad Valenciana,5003769,12,0,11551,1429
2020-06-24,Spain,NA,Comunidad Valenciana,5003769,6,0,11557,1429
2020-06-25,Spain,NA,Comunidad Valenciana,5003769,8,0,11565,1429
2020-06-26,Spain,NA,Comunidad Valenciana,5003769,13,0,11578,1429
2020-06-27,Spain,NA,Comunidad Valenciana,5003769,13,0,11591,1429
2020-06-28,Spain,NA,Comunidad Valenciana,5003769,13,0,11604,1429
2020-06-29,Spain,NA,Comunidad Valenciana,5003769,18,0,11622,1429
2020-06-30,Spain,NA,Comunidad Valenciana,5003769,18,0,11640,1429
2020-07-01,Spain,NA,Comunidad Valenciana,5003769,22,0,11662,1429
2020-07-02,Spain,NA,Comunidad Valenciana,5003769,23,0,11685,1429
2020-07-03,Spain,NA,Comunidad Valenciana,5003769,14,0,11699,1429
2020-07-04,Spain,NA,Comunidad Valenciana,5003769,6,0,11705,1429
2020-07-05,Spain,NA,Comunidad Valenciana,5003769,11,0,11716,1429
2020-07-06,Spain,NA,Comunidad Valenciana,5003769,20,0,11736,1429
2020-07-07,Spain,NA,Comunidad Valenciana,5003769,26,0,11762,1429
2020-07-08,Spain,NA,Comunidad Valenciana,5003769,29,0,11791,1429
2020-07-09,Spain,NA,Comunidad Valenciana,5003769,28,0,11819,1429
2020-07-10,Spain,NA,Comunidad Valenciana,5003769,32,0,11851,1429
2020-07-11,Spain,NA,Comunidad Valenciana,5003769,35,0,11886,1429
2020-07-12,Spain,NA,Comunidad Valenciana,5003769,17,0,11903,1429
2020-07-13,Spain,NA,Comunidad Valenciana,5003769,48,0,11951,1429
2020-07-14,Spain,NA,Comunidad Valenciana,5003769,55,0,12006,1429
2020-07-15,Spain,NA,Comunidad Valenciana,5003769,77,0,12083,1429
2020-07-16,Spain,NA,Comunidad Valenciana,5003769,64,0,12147,1429
2020-07-17,Spain,NA,Comunidad Valenciana,5003769,93,0,12240,1429
2020-07-18,Spain,NA,Comunidad Valenciana,5003769,91,0,12331,1429
2020-07-19,Spain,NA,Comunidad Valenciana,5003769,79,1,12410,1430
2020-07-20,Spain,NA,Comunidad Valenciana,5003769,113,0,12523,1430
2020-07-21,Spain,NA,Comunidad Valenciana,5003769,126,0,12649,1430
2020-07-22,Spain,NA,Comunidad Valenciana,5003769,133,0,12782,1430
2020-07-23,Spain,NA,Comunidad Valenciana,5003769,119,0,12901,1430
2020-07-24,Spain,NA,Comunidad Valenciana,5003769,151,0,13052,1430
2020-07-25,Spain,NA,Comunidad Valenciana,5003769,159,0,13211,1430
2020-07-26,Spain,NA,Comunidad Valenciana,5003769,118,0,13329,1430
2020-07-27,Spain,NA,Comunidad Valenciana,5003769,188,0,13517,1430
2020-07-28,Spain,NA,Comunidad Valenciana,5003769,174,3,13691,1433
2020-07-29,Spain,NA,Comunidad Valenciana,5003769,257,0,13948,1433
2020-07-30,Spain,NA,Comunidad Valenciana,5003769,228,0,14176,1433
2020-07-31,Spain,NA,Comunidad Valenciana,5003769,218,0,14394,1433
2020-08-01,Spain,NA,Comunidad Valenciana,5003769,239,0,14633,1433
2020-08-02,Spain,NA,Comunidad Valenciana,5003769,180,1,14813,1434
2020-08-03,Spain,NA,Comunidad Valenciana,5003769,241,0,15054,1434
2020-08-04,Spain,NA,Comunidad Valenciana,5003769,305,0,15359,1434
2020-08-05,Spain,NA,Comunidad Valenciana,5003769,318,0,15677,1434
2020-08-06,Spain,NA,Comunidad Valenciana,5003769,283,2,15960,1436
2020-08-07,Spain,NA,Comunidad Valenciana,5003769,306,0,16266,1436
2020-08-08,Spain,NA,Comunidad Valenciana,5003769,276,1,16542,1437
2020-08-09,Spain,NA,Comunidad Valenciana,5003769,230,1,16772,1438
2020-08-10,Spain,NA,Comunidad Valenciana,5003769,338,1,17110,1439
2020-08-11,Spain,NA,Comunidad Valenciana,5003769,338,0,17448,1439
2020-08-12,Spain,NA,Comunidad Valenciana,5003769,396,1,17844,1440
2020-08-13,Spain,NA,Comunidad Valenciana,5003769,367,1,18211,1441
2020-08-14,Spain,NA,Comunidad Valenciana,5003769,432,1,18643,1442
2020-08-15,Spain,NA,Comunidad Valenciana,5003769,351,0,18994,1442
2020-08-16,Spain,NA,Comunidad Valenciana,5003769,278,0,19272,1442
2020-08-17,Spain,NA,Comunidad Valenciana,5003769,377,2,19649,1444
2020-08-18,Spain,NA,Comunidad Valenciana,5003769,370,1,20019,1445
2020-08-19,Spain,NA,Comunidad Valenciana,5003769,376,2,20395,1447
2020-08-20,Spain,NA,Comunidad Valenciana,5003769,358,1,20753,1448
2020-08-21,Spain,NA,Comunidad Valenciana,5003769,351,3,21104,1451
2020-08-22,Spain,NA,Comunidad Valenciana,5003769,299,2,21403,1453
2020-08-23,Spain,NA,Comunidad Valenciana,5003769,152,2,21555,1455
2020-02-13,Spain,NA,Comunidad de Madrid,6747425,15,0,101,0
2020-02-14,Spain,NA,Comunidad de Madrid,6747425,11,0,112,0
2020-02-15,Spain,NA,Comunidad de Madrid,6747425,13,0,125,0
2020-02-16,Spain,NA,Comunidad de Madrid,6747425,15,0,140,0
2020-02-17,Spain,NA,Comunidad de Madrid,6747425,19,0,159,0
2020-02-18,Spain,NA,Comunidad de Madrid,6747425,14,0,173,0
2020-02-19,Spain,NA,Comunidad de Madrid,6747425,12,0,185,0
2020-02-20,Spain,NA,Comunidad de Madrid,6747425,23,0,208,0
2020-02-21,Spain,NA,Comunidad de Madrid,6747425,27,0,235,0
2020-02-22,Spain,NA,Comunidad de Madrid,6747425,30,0,265,0
2020-02-23,Spain,NA,Comunidad de Madrid,6747425,44,0,309,0
2020-02-24,Spain,NA,Comunidad de Madrid,6747425,57,0,366,0
2020-02-25,Spain,NA,Comunidad de Madrid,6747425,50,0,416,0
2020-02-26,Spain,NA,Comunidad de Madrid,6747425,70,0,486,0
2020-02-27,Spain,NA,Comunidad de Madrid,6747425,96,0,582,0
2020-02-28,Spain,NA,Comunidad de Madrid,6747425,161,0,743,0
2020-02-29,Spain,NA,Comunidad de Madrid,6747425,107,0,850,0
2020-03-01,Spain,NA,Comunidad de Madrid,6747425,324,0,1174,0
2020-03-02,Spain,NA,Comunidad de Madrid,6747425,383,0,1557,0
2020-03-03,Spain,NA,Comunidad de Madrid,6747425,396,1,1953,1
2020-03-04,Spain,NA,Comunidad de Madrid,6747425,463,0,2416,1
2020-03-05,Spain,NA,Comunidad de Madrid,6747425,651,1,3067,2
2020-03-06,Spain,NA,Comunidad de Madrid,6747425,790,2,3857,4
2020-03-07,Spain,NA,Comunidad de Madrid,6747425,842,1,4699,5
2020-03-08,Spain,NA,Comunidad de Madrid,6747425,1054,10,5753,15
2020-03-09,Spain,NA,Comunidad de Madrid,6747425,1514,9,7267,24
2020-03-10,Spain,NA,Comunidad de Madrid,6747425,1986,23,9253,47
2020-03-11,Spain,NA,Comunidad de Madrid,6747425,1975,25,11228,72
2020-03-12,Spain,NA,Comunidad de Madrid,6747425,2338,38,13566,110
2020-03-13,Spain,NA,Comunidad de Madrid,6747425,2838,48,16404,158
2020-03-14,Spain,NA,Comunidad de Madrid,6747425,2554,62,18958,220
2020-03-15,Spain,NA,Comunidad de Madrid,6747425,2679,79,21637,299
2020-03-16,Spain,NA,Comunidad de Madrid,6747425,2960,109,24597,408
2020-03-17,Spain,NA,Comunidad de Madrid,6747425,2790,107,27387,515
2020-03-18,Spain,NA,Comunidad de Madrid,6747425,2641,114,30028,629
2020-03-19,Spain,NA,Comunidad de Madrid,6747425,2432,153,32460,782
2020-03-20,Spain,NA,Comunidad de Madrid,6747425,3108,209,35568,991
2020-03-21,Spain,NA,Comunidad de Madrid,6747425,1922,234,37490,1225
2020-03-22,Spain,NA,Comunidad de Madrid,6747425,1647,226,39137,1451
2020-03-23,Spain,NA,Comunidad de Madrid,6747425,2130,267,41267,1718
2020-03-24,Spain,NA,Comunidad de Madrid,6747425,1988,281,43255,1999
2020-03-25,Spain,NA,Comunidad de Madrid,6747425,1780,282,45035,2281
2020-03-26,Spain,NA,Comunidad de Madrid,6747425,1549,289,46584,2570
2020-03-27,Spain,NA,Comunidad de Madrid,6747425,1492,327,48076,2897
2020-03-28,Spain,NA,Comunidad de Madrid,6747425,1255,273,49331,3170
2020-03-29,Spain,NA,Comunidad de Madrid,6747425,869,242,50200,3412
2020-03-30,Spain,NA,Comunidad de Madrid,6747425,1090,233,51290,3645
2020-03-31,Spain,NA,Comunidad de Madrid,6747425,1076,246,52366,3891
2020-04-01,Spain,NA,Comunidad de Madrid,6747425,1348,263,53714,4154
2020-04-02,Spain,NA,Comunidad de Madrid,6747425,1006,246,54720,4400
2020-04-03,Spain,NA,Comunidad de Madrid,6747425,933,180,55653,4580
2020-04-04,Spain,NA,Comunidad de Madrid,6747425,714,139,56367,4719
2020-04-05,Spain,NA,Comunidad de Madrid,6747425,635,185,57002,4904
2020-04-06,Spain,NA,Comunidad de Madrid,6747425,625,188,57627,5092
2020-04-07,Spain,NA,Comunidad de Madrid,6747425,746,170,58373,5262
2020-04-08,Spain,NA,Comunidad de Madrid,6747425,682,172,59055,5434
2020-04-09,Spain,NA,Comunidad de Madrid,6747425,637,119,59692,5553
2020-04-10,Spain,NA,Comunidad de Madrid,6747425,707,154,60399,5707
2020-04-11,Spain,NA,Comunidad de Madrid,6747425,574,139,60973,5846
2020-04-12,Spain,NA,Comunidad de Madrid,6747425,500,123,61473,5969
2020-04-13,Spain,NA,Comunidad de Madrid,6747425,379,140,61852,6109
2020-04-14,Spain,NA,Comunidad de Madrid,6747425,493,132,62345,6241
2020-04-15,Spain,NA,Comunidad de Madrid,6747425,503,129,62848,6370
2020-04-16,Spain,NA,Comunidad de Madrid,6747425,596,109,63444,6479
2020-04-17,Spain,NA,Comunidad de Madrid,6747425,389,107,63833,6586
2020-04-18,Spain,NA,Comunidad de Madrid,6747425,470,92,64303,6678
2020-04-19,Spain,NA,Comunidad de Madrid,6747425,264,99,64567,6777
2020-04-20,Spain,NA,Comunidad de Madrid,6747425,281,98,64848,6875
2020-04-21,Spain,NA,Comunidad de Madrid,6747425,477,99,65325,6974
2020-04-22,Spain,NA,Comunidad de Madrid,6747425,457,83,65782,7057
2020-04-23,Spain,NA,Comunidad de Madrid,6747425,369,76,66151,7133
2020-04-24,Spain,NA,Comunidad de Madrid,6747425,237,80,66388,7213
2020-04-25,Spain,NA,Comunidad de Madrid,6747425,131,64,66519,7277
2020-04-26,Spain,NA,Comunidad de Madrid,6747425,124,58,66643,7335
2020-04-27,Spain,NA,Comunidad de Madrid,6747425,185,54,66828,7389
2020-04-28,Spain,NA,Comunidad de Madrid,6747425,232,46,67060,7435
2020-04-29,Spain,NA,Comunidad de Madrid,6747425,214,55,67274,7490
2020-04-30,Spain,NA,Comunidad de Madrid,6747425,174,54,67448,7544
2020-05-01,Spain,NA,Comunidad de Madrid,6747425,193,40,67641,7584
2020-05-02,Spain,NA,Comunidad de Madrid,6747425,167,47,67808,7631
2020-05-03,Spain,NA,Comunidad de Madrid,6747425,71,41,67879,7672
2020-05-04,Spain,NA,Comunidad de Madrid,6747425,97,46,67976,7718
2020-05-05,Spain,NA,Comunidad de Madrid,6747425,57,35,68033,7753
2020-05-06,Spain,NA,Comunidad de Madrid,6747425,50,36,68083,7789
2020-05-07,Spain,NA,Comunidad de Madrid,6747425,64,41,68147,7830
2020-05-08,Spain,NA,Comunidad de Madrid,6747425,64,40,68211,7870
2020-05-09,Spain,NA,Comunidad de Madrid,6747425,62,41,68273,7911
2020-05-10,Spain,NA,Comunidad de Madrid,6747425,67,20,68340,7931
2020-05-11,Spain,NA,Comunidad de Madrid,6747425,176,29,68516,7960
2020-05-12,Spain,NA,Comunidad de Madrid,6747425,152,33,68668,7993
2020-05-13,Spain,NA,Comunidad de Madrid,6747425,141,25,68809,8018
2020-05-14,Spain,NA,Comunidad de Madrid,6747425,153,24,68962,8042
2020-05-15,Spain,NA,Comunidad de Madrid,6747425,122,19,69084,8061
2020-05-16,Spain,NA,Comunidad de Madrid,6747425,51,15,69135,8076
2020-05-17,Spain,NA,Comunidad de Madrid,6747425,67,14,69202,8090
2020-05-18,Spain,NA,Comunidad de Madrid,6747425,129,23,69331,8113
2020-05-19,Spain,NA,Comunidad de Madrid,6747425,149,18,69480,8131
2020-05-20,Spain,NA,Comunidad de Madrid,6747425,110,17,69590,8148
2020-05-21,Spain,NA,Comunidad de Madrid,6747425,109,12,69699,8160
2020-05-22,Spain,NA,Comunidad de Madrid,6747425,91,15,69790,8175
2020-05-23,Spain,NA,Comunidad de Madrid,6747425,56,21,69846,8196
2020-05-24,Spain,NA,Comunidad de Madrid,6747425,40,19,69886,8215
2020-05-25,Spain,NA,Comunidad de Madrid,6747425,125,18,70011,8233
2020-05-26,Spain,NA,Comunidad de Madrid,6747425,146,14,70157,8247
2020-05-27,Spain,NA,Comunidad de Madrid,6747425,82,7,70239,8254
2020-05-28,Spain,NA,Comunidad de Madrid,6747425,118,9,70357,8263
2020-05-29,Spain,NA,Comunidad de Madrid,6747425,113,10,70470,8273
2020-05-30,Spain,NA,Comunidad de Madrid,6747425,55,4,70525,8277
2020-05-31,Spain,NA,Comunidad de Madrid,6747425,62,9,70587,8286
2020-06-01,Spain,NA,Comunidad de Madrid,6747425,134,9,70721,8295
2020-06-02,Spain,NA,Comunidad de Madrid,6747425,104,10,70825,8305
2020-06-03,Spain,NA,Comunidad de Madrid,6747425,140,6,70965,8311
2020-06-04,Spain,NA,Comunidad de Madrid,6747425,93,8,71058,8319
2020-06-05,Spain,NA,Comunidad de Madrid,6747425,116,4,71174,8323
2020-06-06,Spain,NA,Comunidad de Madrid,6747425,63,8,71237,8331
2020-06-07,Spain,NA,Comunidad de Madrid,6747425,40,3,71277,8334
2020-06-08,Spain,NA,Comunidad de Madrid,6747425,106,5,71383,8339
2020-06-09,Spain,NA,Comunidad de Madrid,6747425,88,5,71471,8344
2020-06-10,Spain,NA,Comunidad de Madrid,6747425,104,7,71575,8351
2020-06-11,Spain,NA,Comunidad de Madrid,6747425,74,7,71649,8358
2020-06-12,Spain,NA,Comunidad de Madrid,6747425,112,4,71761,8362
2020-06-13,Spain,NA,Comunidad de Madrid,6747425,24,1,71785,8363
2020-06-14,Spain,NA,Comunidad de Madrid,6747425,33,4,71818,8367
2020-06-15,Spain,NA,Comunidad de Madrid,6747425,127,3,71945,8370
2020-06-16,Spain,NA,Comunidad de Madrid,6747425,55,4,72000,8374
2020-06-17,Spain,NA,Comunidad de Madrid,6747425,87,2,72087,8376
2020-06-18,Spain,NA,Comunidad de Madrid,6747425,86,0,72173,8376
2020-06-19,Spain,NA,Comunidad de Madrid,6747425,65,1,72238,8377
2020-06-20,Spain,NA,Comunidad de Madrid,6747425,41,1,72279,8378
2020-06-21,Spain,NA,Comunidad de Madrid,6747425,30,0,72309,8378
2020-06-22,Spain,NA,Comunidad de Madrid,6747425,36,1,72345,8379
2020-06-23,Spain,NA,Comunidad de Madrid,6747425,54,1,72399,8380
2020-06-24,Spain,NA,Comunidad de Madrid,6747425,42,1,72441,8381
2020-06-25,Spain,NA,Comunidad de Madrid,6747425,57,2,72498,8383
2020-06-26,Spain,NA,Comunidad de Madrid,6747425,54,1,72552,8384
2020-06-27,Spain,NA,Comunidad de Madrid,6747425,24,1,72576,8385
2020-06-28,Spain,NA,Comunidad de Madrid,6747425,25,2,72601,8387
2020-06-29,Spain,NA,Comunidad de Madrid,6747425,48,0,72649,8387
2020-06-30,Spain,NA,Comunidad de Madrid,6747425,64,1,72713,8388
2020-07-01,Spain,NA,Comunidad de Madrid,6747425,54,2,72767,8390
2020-07-02,Spain,NA,Comunidad de Madrid,6747425,42,0,72809,8390
2020-07-03,Spain,NA,Comunidad de Madrid,6747425,72,0,72881,8390
2020-07-04,Spain,NA,Comunidad de Madrid,6747425,27,1,72908,8391
2020-07-05,Spain,NA,Comunidad de Madrid,6747425,30,0,72938,8391
2020-07-06,Spain,NA,Comunidad de Madrid,6747425,56,0,72994,8391
2020-07-07,Spain,NA,Comunidad de Madrid,6747425,51,1,73045,8392
2020-07-08,Spain,NA,Comunidad de Madrid,6747425,76,0,73121,8392
2020-07-09,Spain,NA,Comunidad de Madrid,6747425,75,1,73196,8393
2020-07-10,Spain,NA,Comunidad de Madrid,6747425,70,0,73266,8393
2020-07-11,Spain,NA,Comunidad de Madrid,6747425,50,0,73316,8393
2020-07-12,Spain,NA,Comunidad de Madrid,6747425,54,0,73370,8393
2020-07-13,Spain,NA,Comunidad de Madrid,6747425,99,1,73469,8394
2020-07-14,Spain,NA,Comunidad de Madrid,6747425,113,0,73582,8394
2020-07-15,Spain,NA,Comunidad de Madrid,6747425,117,1,73699,8395
2020-07-16,Spain,NA,Comunidad de Madrid,6747425,97,0,73796,8395
2020-07-17,Spain,NA,Comunidad de Madrid,6747425,154,1,73950,8396
2020-07-18,Spain,NA,Comunidad de Madrid,6747425,110,0,74060,8396
2020-07-19,Spain,NA,Comunidad de Madrid,6747425,106,1,74166,8397
2020-07-20,Spain,NA,Comunidad de Madrid,6747425,173,1,74339,8398
2020-07-21,Spain,NA,Comunidad de Madrid,6747425,220,1,74559,8399
2020-07-22,Spain,NA,Comunidad de Madrid,6747425,207,1,74766,8400
2020-07-23,Spain,NA,Comunidad de Madrid,6747425,207,0,74973,8400
2020-07-24,Spain,NA,Comunidad de Madrid,6747425,322,1,75295,8401
2020-07-25,Spain,NA,Comunidad de Madrid,6747425,269,0,75564,8401
2020-07-26,Spain,NA,Comunidad de Madrid,6747425,223,0,75787,8401
2020-07-27,Spain,NA,Comunidad de Madrid,6747425,468,0,76255,8401
2020-07-28,Spain,NA,Comunidad de Madrid,6747425,547,0,76802,8401
2020-07-29,Spain,NA,Comunidad de Madrid,6747425,501,0,77303,8401
2020-07-30,Spain,NA,Comunidad de Madrid,6747425,548,2,77851,8403
2020-07-31,Spain,NA,Comunidad de Madrid,6747425,703,1,78554,8404
2020-08-01,Spain,NA,Comunidad de Madrid,6747425,643,0,79197,8404
2020-08-02,Spain,NA,Comunidad de Madrid,6747425,529,3,79726,8407
2020-08-03,Spain,NA,Comunidad de Madrid,6747425,899,1,80625,8408
2020-08-04,Spain,NA,Comunidad de Madrid,6747425,1069,1,81694,8409
2020-08-05,Spain,NA,Comunidad de Madrid,6747425,1042,2,82736,8411
2020-08-06,Spain,NA,Comunidad de Madrid,6747425,1059,1,83795,8412
2020-08-07,Spain,NA,Comunidad de Madrid,6747425,1329,4,85124,8416
2020-08-08,Spain,NA,Comunidad de Madrid,6747425,977,5,86101,8421
2020-08-09,Spain,NA,Comunidad de Madrid,6747425,906,1,87007,8422
2020-08-10,Spain,NA,Comunidad de Madrid,6747425,1398,5,88405,8427
2020-08-11,Spain,NA,Comunidad de Madrid,6747425,1880,4,90285,8431
2020-08-12,Spain,NA,Comunidad de Madrid,6747425,1668,5,91953,8436
2020-08-13,Spain,NA,Comunidad de Madrid,6747425,1597,7,93550,8443
2020-08-14,Spain,NA,Comunidad de Madrid,6747425,2115,6,95665,8449
2020-08-15,Spain,NA,Comunidad de Madrid,6747425,1003,6,96668,8455
2020-08-16,Spain,NA,Comunidad de Madrid,6747425,734,7,97402,8462
2020-08-17,Spain,NA,Comunidad de Madrid,6747425,1170,7,98572,8469
2020-08-18,Spain,NA,Comunidad de Madrid,6747425,2426,9,100998,8478
2020-08-19,Spain,NA,Comunidad de Madrid,6747425,2623,7,103621,8485
2020-08-20,Spain,NA,Comunidad de Madrid,6747425,2390,7,106011,8492
2020-08-21,Spain,NA,Comunidad de Madrid,6747425,3472,6,109483,8498
2020-08-22,Spain,NA,Comunidad de Madrid,6747425,925,8,110408,8506
2020-08-23,Spain,NA,Comunidad de Madrid,6747425,442,14,110850,8520
2020-08-25,Spain,NA,Comunidad de Madrid,6747425,14681,10,109893,8544
2020-03-09,Spain,NA,Extremadura,1067710,31,0,104,0
2020-03-10,Spain,NA,Extremadura,1067710,36,0,140,0
2020-03-11,Spain,NA,Extremadura,1067710,57,1,197,1
2020-03-12,Spain,NA,Extremadura,1067710,72,0,269,1
2020-03-13,Spain,NA,Extremadura,1067710,81,0,350,1
2020-03-14,Spain,NA,Extremadura,1067710,71,0,421,1
2020-03-15,Spain,NA,Extremadura,1067710,62,1,483,2
2020-03-16,Spain,NA,Extremadura,1067710,94,2,577,4
2020-03-17,Spain,NA,Extremadura,1067710,95,2,672,6
2020-03-18,Spain,NA,Extremadura,1067710,105,2,777,8
2020-03-19,Spain,NA,Extremadura,1067710,103,3,880,11
2020-03-20,Spain,NA,Extremadura,1067710,140,3,1020,14
2020-03-21,Spain,NA,Extremadura,1067710,111,4,1131,18
2020-03-22,Spain,NA,Extremadura,1067710,116,6,1247,24
2020-03-23,Spain,NA,Extremadura,1067710,209,10,1456,34
2020-03-24,Spain,NA,Extremadura,1067710,137,17,1593,51
2020-03-25,Spain,NA,Extremadura,1067710,121,11,1714,62
2020-03-26,Spain,NA,Extremadura,1067710,120,16,1834,78
2020-03-27,Spain,NA,Extremadura,1067710,91,22,1925,100
2020-03-28,Spain,NA,Extremadura,1067710,72,16,1997,116
2020-03-29,Spain,NA,Extremadura,1067710,51,16,2048,132
2020-03-30,Spain,NA,Extremadura,1067710,66,23,2114,155
2020-03-31,Spain,NA,Extremadura,1067710,37,17,2151,172
2020-04-01,Spain,NA,Extremadura,1067710,89,20,2240,192
2020-04-02,Spain,NA,Extremadura,1067710,51,21,2291,213
2020-04-03,Spain,NA,Extremadura,1067710,65,17,2356,230
2020-04-04,Spain,NA,Extremadura,1067710,47,11,2403,241
2020-04-05,Spain,NA,Extremadura,1067710,25,14,2428,255
2020-04-06,Spain,NA,Extremadura,1067710,37,18,2465,273
2020-04-07,Spain,NA,Extremadura,1067710,27,10,2492,283
2020-04-08,Spain,NA,Extremadura,1067710,36,14,2528,297
2020-04-09,Spain,NA,Extremadura,1067710,21,17,2549,314
2020-04-10,Spain,NA,Extremadura,1067710,39,13,2588,327
2020-04-11,Spain,NA,Extremadura,1067710,27,6,2615,333
2020-04-12,Spain,NA,Extremadura,1067710,21,11,2636,344
2020-04-13,Spain,NA,Extremadura,1067710,24,9,2660,353
2020-04-14,Spain,NA,Extremadura,1067710,28,8,2688,361
2020-04-15,Spain,NA,Extremadura,1067710,25,12,2713,373
2020-04-16,Spain,NA,Extremadura,1067710,23,7,2736,380
2020-04-17,Spain,NA,Extremadura,1067710,28,3,2764,383
2020-04-18,Spain,NA,Extremadura,1067710,18,7,2782,390
2020-04-19,Spain,NA,Extremadura,1067710,11,5,2793,395
2020-04-20,Spain,NA,Extremadura,1067710,31,7,2824,402
2020-04-21,Spain,NA,Extremadura,1067710,16,7,2840,409
2020-04-22,Spain,NA,Extremadura,1067710,27,6,2867,415
2020-04-23,Spain,NA,Extremadura,1067710,14,2,2881,417
2020-04-24,Spain,NA,Extremadura,1067710,16,12,2897,429
2020-04-25,Spain,NA,Extremadura,1067710,23,6,2920,435
2020-04-26,Spain,NA,Extremadura,1067710,12,6,2932,441
2020-04-27,Spain,NA,Extremadura,1067710,10,6,2942,447
2020-04-28,Spain,NA,Extremadura,1067710,5,4,2947,451
2020-04-29,Spain,NA,Extremadura,1067710,15,7,2962,458
2020-04-30,Spain,NA,Extremadura,1067710,13,2,2975,460
2020-05-01,Spain,NA,Extremadura,1067710,23,3,2998,463
2020-05-02,Spain,NA,Extremadura,1067710,13,2,3011,465
2020-05-03,Spain,NA,Extremadura,1067710,5,0,3016,465
2020-05-04,Spain,NA,Extremadura,1067710,12,0,3028,465
2020-05-05,Spain,NA,Extremadura,1067710,1,5,3029,470
2020-05-06,Spain,NA,Extremadura,1067710,5,4,3034,474
2020-05-07,Spain,NA,Extremadura,1067710,2,4,3036,478
2020-05-08,Spain,NA,Extremadura,1067710,3,4,3039,482
2020-05-09,Spain,NA,Extremadura,1067710,2,2,3041,484
2020-05-10,Spain,NA,Extremadura,1067710,3,0,3044,484
2020-05-11,Spain,NA,Extremadura,1067710,5,4,3049,488
2020-05-12,Spain,NA,Extremadura,1067710,7,5,3056,493
2020-05-13,Spain,NA,Extremadura,1067710,6,2,3062,495
2020-05-14,Spain,NA,Extremadura,1067710,1,1,3063,496
2020-05-15,Spain,NA,Extremadura,1067710,2,2,3065,498
2020-05-16,Spain,NA,Extremadura,1067710,1,0,3066,498
2020-05-17,Spain,NA,Extremadura,1067710,2,2,3068,500
2020-05-18,Spain,NA,Extremadura,1067710,3,4,3071,504
2020-05-19,Spain,NA,Extremadura,1067710,2,1,3073,505
2020-05-20,Spain,NA,Extremadura,1067710,3,1,3076,506
2020-05-21,Spain,NA,Extremadura,1067710,2,1,3078,507
2020-05-22,Spain,NA,Extremadura,1067710,3,0,3081,507
2020-05-23,Spain,NA,Extremadura,1067710,0,0,3081,507
2020-05-24,Spain,NA,Extremadura,1067710,1,2,3082,509
2020-05-25,Spain,NA,Extremadura,1067710,5,1,3087,510
2020-05-26,Spain,NA,Extremadura,1067710,2,1,3089,511
2020-05-27,Spain,NA,Extremadura,1067710,2,1,3091,512
2020-05-28,Spain,NA,Extremadura,1067710,0,0,3091,512
2020-05-29,Spain,NA,Extremadura,1067710,3,1,3094,513
2020-05-30,Spain,NA,Extremadura,1067710,2,1,3096,514
2020-05-31,Spain,NA,Extremadura,1067710,1,1,3097,515
2020-06-01,Spain,NA,Extremadura,1067710,3,0,3100,515
2020-06-02,Spain,NA,Extremadura,1067710,4,1,3104,516
2020-06-03,Spain,NA,Extremadura,1067710,0,1,3104,517
2020-06-04,Spain,NA,Extremadura,1067710,3,0,3107,517
2020-06-05,Spain,NA,Extremadura,1067710,0,0,3107,517
2020-06-06,Spain,NA,Extremadura,1067710,0,0,3107,517
2020-06-07,Spain,NA,Extremadura,1067710,1,0,3108,517
2020-06-08,Spain,NA,Extremadura,1067710,1,0,3109,517
2020-06-09,Spain,NA,Extremadura,1067710,2,0,3111,517
2020-06-10,Spain,NA,Extremadura,1067710,1,1,3112,518
2020-06-11,Spain,NA,Extremadura,1067710,0,0,3112,518
2020-06-12,Spain,NA,Extremadura,1067710,1,0,3113,518
2020-06-13,Spain,NA,Extremadura,1067710,1,0,3114,518
2020-06-14,Spain,NA,Extremadura,1067710,0,0,3114,518
2020-06-15,Spain,NA,Extremadura,1067710,5,0,3119,518
2020-06-16,Spain,NA,Extremadura,1067710,2,0,3121,518
2020-06-17,Spain,NA,Extremadura,1067710,7,0,3128,518
2020-06-18,Spain,NA,Extremadura,1067710,4,0,3132,518
2020-06-19,Spain,NA,Extremadura,1067710,2,0,3134,518
2020-06-20,Spain,NA,Extremadura,1067710,1,0,3135,518
2020-06-21,Spain,NA,Extremadura,1067710,5,0,3140,518
2020-06-22,Spain,NA,Extremadura,1067710,1,0,3141,518
2020-06-23,Spain,NA,Extremadura,1067710,5,0,3146,518
2020-06-24,Spain,NA,Extremadura,1067710,1,0,3147,518
2020-06-25,Spain,NA,Extremadura,1067710,4,0,3151,518
2020-06-26,Spain,NA,Extremadura,1067710,0,0,3151,518
2020-06-27,Spain,NA,Extremadura,1067710,5,0,3156,518
2020-06-28,Spain,NA,Extremadura,1067710,3,0,3159,518
2020-06-29,Spain,NA,Extremadura,1067710,5,0,3164,518
2020-06-30,Spain,NA,Extremadura,1067710,7,0,3171,518
2020-07-01,Spain,NA,Extremadura,1067710,9,0,3180,518
2020-07-02,Spain,NA,Extremadura,1067710,4,0,3184,518
2020-07-03,Spain,NA,Extremadura,1067710,8,0,3192,518
2020-07-04,Spain,NA,Extremadura,1067710,4,0,3196,518
2020-07-05,Spain,NA,Extremadura,1067710,6,0,3202,518
2020-07-06,Spain,NA,Extremadura,1067710,1,0,3203,518
2020-07-07,Spain,NA,Extremadura,1067710,16,0,3219,518
2020-07-08,Spain,NA,Extremadura,1067710,6,0,3225,518
2020-07-09,Spain,NA,Extremadura,1067710,23,0,3248,518
2020-07-10,Spain,NA,Extremadura,1067710,45,0,3293,518
2020-07-11,Spain,NA,Extremadura,1067710,18,0,3311,518
2020-07-12,Spain,NA,Extremadura,1067710,12,0,3323,518
2020-07-13,Spain,NA,Extremadura,1067710,13,0,3336,518
2020-07-14,Spain,NA,Extremadura,1067710,3,0,3339,518
2020-07-15,Spain,NA,Extremadura,1067710,13,0,3352,518
2020-07-16,Spain,NA,Extremadura,1067710,22,0,3374,518
2020-07-17,Spain,NA,Extremadura,1067710,5,0,3379,518
2020-07-18,Spain,NA,Extremadura,1067710,5,0,3384,518
2020-07-19,Spain,NA,Extremadura,1067710,6,0,3390,518
2020-07-20,Spain,NA,Extremadura,1067710,9,0,3399,518
2020-07-21,Spain,NA,Extremadura,1067710,17,0,3416,518
2020-07-22,Spain,NA,Extremadura,1067710,6,0,3422,518
2020-07-23,Spain,NA,Extremadura,1067710,4,0,3426,518
2020-07-24,Spain,NA,Extremadura,1067710,11,0,3437,518
2020-07-25,Spain,NA,Extremadura,1067710,4,0,3441,518
2020-07-26,Spain,NA,Extremadura,1067710,7,0,3448,518
2020-07-27,Spain,NA,Extremadura,1067710,9,0,3457,518
2020-07-28,Spain,NA,Extremadura,1067710,21,0,3478,518
2020-07-29,Spain,NA,Extremadura,1067710,17,1,3495,519
2020-07-30,Spain,NA,Extremadura,1067710,20,0,3515,519
2020-07-31,Spain,NA,Extremadura,1067710,38,0,3553,519
2020-08-01,Spain,NA,Extremadura,1067710,18,0,3571,519
2020-08-02,Spain,NA,Extremadura,1067710,20,0,3591,519
2020-08-03,Spain,NA,Extremadura,1067710,19,0,3610,519
2020-08-04,Spain,NA,Extremadura,1067710,16,0,3626,519
2020-08-05,Spain,NA,Extremadura,1067710,34,0,3660,519
2020-08-06,Spain,NA,Extremadura,1067710,33,1,3693,520
2020-08-07,Spain,NA,Extremadura,1067710,46,0,3739,520
2020-08-08,Spain,NA,Extremadura,1067710,20,0,3759,520
2020-08-09,Spain,NA,Extremadura,1067710,10,0,3769,520
2020-08-10,Spain,NA,Extremadura,1067710,26,0,3795,520
2020-08-11,Spain,NA,Extremadura,1067710,34,1,3829,521
2020-08-12,Spain,NA,Extremadura,1067710,71,0,3900,521
2020-08-13,Spain,NA,Extremadura,1067710,67,0,3967,521
2020-08-14,Spain,NA,Extremadura,1067710,46,0,4013,521
2020-08-15,Spain,NA,Extremadura,1067710,27,1,4040,522
2020-08-16,Spain,NA,Extremadura,1067710,37,0,4077,522
2020-08-17,Spain,NA,Extremadura,1067710,52,0,4129,522
2020-08-18,Spain,NA,Extremadura,1067710,76,0,4205,522
2020-08-19,Spain,NA,Extremadura,1067710,95,1,4300,523
2020-08-20,Spain,NA,Extremadura,1067710,78,0,4378,523
2020-08-21,Spain,NA,Extremadura,1067710,88,1,4466,524
2020-08-22,Spain,NA,Extremadura,1067710,82,1,4548,525
2020-08-23,Spain,NA,Extremadura,1067710,56,0,4604,525
2020-03-06,Spain,NA,Galicia,2708339,24,0,124,0
2020-03-07,Spain,NA,Galicia,2708339,32,0,156,0
2020-03-08,Spain,NA,Galicia,2708339,35,0,191,0
2020-03-09,Spain,NA,Galicia,2708339,80,0,271,0
2020-03-10,Spain,NA,Galicia,2708339,113,0,384,0
2020-03-11,Spain,NA,Galicia,2708339,129,0,513,0
2020-03-12,Spain,NA,Galicia,2708339,181,0,694,0
2020-03-13,Spain,NA,Galicia,2708339,240,0,934,0
2020-03-14,Spain,NA,Galicia,2708339,238,1,1172,1
2020-03-15,Spain,NA,Galicia,2708339,269,1,1441,2
2020-03-16,Spain,NA,Galicia,2708339,383,1,1824,3
2020-03-17,Spain,NA,Galicia,2708339,323,2,2147,5
2020-03-18,Spain,NA,Galicia,2708339,306,0,2453,5
2020-03-19,Spain,NA,Galicia,2708339,290,1,2743,6
2020-03-20,Spain,NA,Galicia,2708339,462,5,3205,11
2020-03-21,Spain,NA,Galicia,2708339,272,5,3477,16
2020-03-22,Spain,NA,Galicia,2708339,249,4,3726,20
2020-03-23,Spain,NA,Galicia,2708339,377,5,4103,25
2020-03-24,Spain,NA,Galicia,2708339,291,7,4394,32
2020-03-25,Spain,NA,Galicia,2708339,283,7,4677,39
2020-03-26,Spain,NA,Galicia,2708339,295,9,4972,48
2020-03-27,Spain,NA,Galicia,2708339,301,11,5273,59
2020-03-28,Spain,NA,Galicia,2708339,333,19,5606,78
2020-03-29,Spain,NA,Galicia,2708339,196,11,5802,89
2020-03-30,Spain,NA,Galicia,2708339,273,28,6075,117
2020-03-31,Spain,NA,Galicia,2708339,161,19,6236,136
2020-04-01,Spain,NA,Galicia,2708339,233,23,6469,159
2020-04-02,Spain,NA,Galicia,2708339,259,24,6728,183
2020-04-03,Spain,NA,Galicia,2708339,209,27,6937,210
2020-04-04,Spain,NA,Galicia,2708339,133,18,7070,228
2020-04-05,Spain,NA,Galicia,2708339,115,27,7185,255
2020-04-06,Spain,NA,Galicia,2708339,177,16,7362,271
2020-04-07,Spain,NA,Galicia,2708339,148,28,7510,299
2020-04-08,Spain,NA,Galicia,2708339,147,12,7657,311
2020-04-09,Spain,NA,Galicia,2708339,149,22,7806,333
2020-04-10,Spain,NA,Galicia,2708339,71,31,7877,364
2020-04-11,Spain,NA,Galicia,2708339,63,12,7940,376
2020-04-12,Spain,NA,Galicia,2708339,62,13,8002,389
2020-04-13,Spain,NA,Galicia,2708339,103,13,8105,402
2020-04-14,Spain,NA,Galicia,2708339,64,16,8169,418
2020-04-15,Spain,NA,Galicia,2708339,97,12,8266,430
2020-04-16,Spain,NA,Galicia,2708339,69,11,8335,441
2020-04-17,Spain,NA,Galicia,2708339,52,12,8387,453
2020-04-18,Spain,NA,Galicia,2708339,62,19,8449,472
2020-04-19,Spain,NA,Galicia,2708339,47,6,8496,478
2020-04-20,Spain,NA,Galicia,2708339,62,10,8558,488
2020-04-21,Spain,NA,Galicia,2708339,43,14,8601,502
2020-04-22,Spain,NA,Galicia,2708339,48,8,8649,510
2020-04-23,Spain,NA,Galicia,2708339,57,6,8706,516
2020-04-24,Spain,NA,Galicia,2708339,38,13,8744,529
2020-04-25,Spain,NA,Galicia,2708339,25,8,8769,537
2020-04-26,Spain,NA,Galicia,2708339,16,6,8785,543
2020-04-27,Spain,NA,Galicia,2708339,28,9,8813,552
2020-04-28,Spain,NA,Galicia,2708339,20,2,8833,554
2020-04-29,Spain,NA,Galicia,2708339,43,3,8876,557
2020-04-30,Spain,NA,Galicia,2708339,24,8,8900,565
2020-05-01,Spain,NA,Galicia,2708339,19,4,8919,569
2020-05-02,Spain,NA,Galicia,2708339,23,6,8942,575
2020-05-03,Spain,NA,Galicia,2708339,9,6,8951,581
2020-05-04,Spain,NA,Galicia,2708339,13,4,8964,585
2020-05-05,Spain,NA,Galicia,2708339,7,6,8971,591
2020-05-06,Spain,NA,Galicia,2708339,15,3,8986,594
2020-05-07,Spain,NA,Galicia,2708339,10,1,8996,595
2020-05-08,Spain,NA,Galicia,2708339,7,4,9003,599
2020-05-09,Spain,NA,Galicia,2708339,8,1,9011,600
2020-05-10,Spain,NA,Galicia,2708339,7,0,9018,600
2020-05-11,Spain,NA,Galicia,2708339,9,1,9027,601
2020-05-12,Spain,NA,Galicia,2708339,16,1,9043,602
2020-05-13,Spain,NA,Galicia,2708339,9,3,9052,605
2020-05-14,Spain,NA,Galicia,2708339,6,0,9058,605
2020-05-15,Spain,NA,Galicia,2708339,7,1,9065,606
2020-05-16,Spain,NA,Galicia,2708339,3,1,9068,607
2020-05-17,Spain,NA,Galicia,2708339,2,1,9070,608
2020-05-18,Spain,NA,Galicia,2708339,7,0,9077,608
2020-05-19,Spain,NA,Galicia,2708339,7,1,9084,609
2020-05-20,Spain,NA,Galicia,2708339,6,0,9090,609
2020-05-21,Spain,NA,Galicia,2708339,12,2,9102,611
2020-05-22,Spain,NA,Galicia,2708339,3,1,9105,612
2020-05-23,Spain,NA,Galicia,2708339,8,1,9113,613
2020-05-24,Spain,NA,Galicia,2708339,5,1,9118,614
2020-05-25,Spain,NA,Galicia,2708339,4,0,9122,614
2020-05-26,Spain,NA,Galicia,2708339,2,1,9124,615
2020-05-27,Spain,NA,Galicia,2708339,1,0,9125,615
2020-05-28,Spain,NA,Galicia,2708339,2,0,9127,615
2020-05-29,Spain,NA,Galicia,2708339,4,1,9131,616
2020-05-30,Spain,NA,Galicia,2708339,0,0,9131,616
2020-05-31,Spain,NA,Galicia,2708339,1,0,9132,616
2020-06-01,Spain,NA,Galicia,2708339,1,1,9133,617
2020-06-02,Spain,NA,Galicia,2708339,1,1,9134,618
2020-06-03,Spain,NA,Galicia,2708339,1,0,9135,618
2020-06-04,Spain,NA,Galicia,2708339,2,0,9137,618
2020-06-05,Spain,NA,Galicia,2708339,4,0,9141,618
2020-06-06,Spain,NA,Galicia,2708339,1,0,9142,618
2020-06-07,Spain,NA,Galicia,2708339,1,0,9143,618
2020-06-08,Spain,NA,Galicia,2708339,4,0,9147,618
2020-06-09,Spain,NA,Galicia,2708339,1,0,9148,618
2020-06-10,Spain,NA,Galicia,2708339,1,1,9149,619
2020-06-11,Spain,NA,Galicia,2708339,2,0,9151,619
2020-06-12,Spain,NA,Galicia,2708339,2,0,9153,619
2020-06-13,Spain,NA,Galicia,2708339,0,0,9153,619
2020-06-14,Spain,NA,Galicia,2708339,1,0,9154,619
2020-06-15,Spain,NA,Galicia,2708339,3,0,9157,619
2020-06-16,Spain,NA,Galicia,2708339,1,0,9158,619
2020-06-17,Spain,NA,Galicia,2708339,4,0,9162,619
2020-06-18,Spain,NA,Galicia,2708339,0,0,9162,619
2020-06-19,Spain,NA,Galicia,2708339,1,0,9163,619
2020-06-20,Spain,NA,Galicia,2708339,7,0,9170,619
2020-06-21,Spain,NA,Galicia,2708339,3,0,9173,619
2020-06-22,Spain,NA,Galicia,2708339,0,0,9173,619
2020-06-23,Spain,NA,Galicia,2708339,5,0,9178,619
2020-06-24,Spain,NA,Galicia,2708339,5,0,9183,619
2020-06-25,Spain,NA,Galicia,2708339,8,0,9191,619
2020-06-26,Spain,NA,Galicia,2708339,4,0,9195,619
2020-06-27,Spain,NA,Galicia,2708339,8,0,9203,619
2020-06-28,Spain,NA,Galicia,2708339,11,0,9214,619
2020-06-29,Spain,NA,Galicia,2708339,8,0,9222,619
2020-06-30,Spain,NA,Galicia,2708339,22,0,9244,619
2020-07-01,Spain,NA,Galicia,2708339,12,0,9256,619
2020-07-02,Spain,NA,Galicia,2708339,24,0,9280,619
2020-07-03,Spain,NA,Galicia,2708339,31,0,9311,619
2020-07-04,Spain,NA,Galicia,2708339,17,0,9328,619
2020-07-05,Spain,NA,Galicia,2708339,12,0,9340,619
2020-07-06,Spain,NA,Galicia,2708339,18,0,9358,619
2020-07-07,Spain,NA,Galicia,2708339,35,0,9393,619
2020-07-08,Spain,NA,Galicia,2708339,24,0,9417,619
2020-07-09,Spain,NA,Galicia,2708339,16,0,9433,619
2020-07-10,Spain,NA,Galicia,2708339,7,0,9440,619
2020-07-11,Spain,NA,Galicia,2708339,15,0,9455,619
2020-07-12,Spain,NA,Galicia,2708339,3,0,9458,619
2020-07-13,Spain,NA,Galicia,2708339,8,0,9466,619
2020-07-14,Spain,NA,Galicia,2708339,13,0,9479,619
2020-07-15,Spain,NA,Galicia,2708339,17,0,9496,619
2020-07-16,Spain,NA,Galicia,2708339,11,0,9507,619
2020-07-17,Spain,NA,Galicia,2708339,9,0,9516,619
2020-07-18,Spain,NA,Galicia,2708339,10,0,9526,619
2020-07-19,Spain,NA,Galicia,2708339,13,0,9539,619
2020-07-20,Spain,NA,Galicia,2708339,11,0,9550,619
2020-07-21,Spain,NA,Galicia,2708339,15,0,9565,619
2020-07-22,Spain,NA,Galicia,2708339,21,0,9586,619
2020-07-23,Spain,NA,Galicia,2708339,15,0,9601,619
2020-07-24,Spain,NA,Galicia,2708339,29,0,9630,619
2020-07-25,Spain,NA,Galicia,2708339,19,0,9649,619
2020-07-26,Spain,NA,Galicia,2708339,7,0,9656,619
2020-07-27,Spain,NA,Galicia,2708339,16,0,9672,619
2020-07-28,Spain,NA,Galicia,2708339,15,0,9687,619
2020-07-29,Spain,NA,Galicia,2708339,21,0,9708,619
2020-07-30,Spain,NA,Galicia,2708339,35,0,9743,619
2020-07-31,Spain,NA,Galicia,2708339,38,0,9781,619
2020-08-01,Spain,NA,Galicia,2708339,40,0,9821,619
2020-08-02,Spain,NA,Galicia,2708339,28,0,9849,619
2020-08-03,Spain,NA,Galicia,2708339,58,0,9907,619
2020-08-04,Spain,NA,Galicia,2708339,53,0,9960,619
2020-08-05,Spain,NA,Galicia,2708339,38,0,9998,619
2020-08-06,Spain,NA,Galicia,2708339,99,0,10097,619
2020-08-07,Spain,NA,Galicia,2708339,114,1,10211,620
2020-08-08,Spain,NA,Galicia,2708339,79,0,10290,620
2020-08-09,Spain,NA,Galicia,2708339,61,2,10351,622
2020-08-10,Spain,NA,Galicia,2708339,105,0,10456,622
2020-08-11,Spain,NA,Galicia,2708339,110,0,10566,622
2020-08-12,Spain,NA,Galicia,2708339,146,0,10712,622
2020-08-13,Spain,NA,Galicia,2708339,124,1,10836,623
2020-08-14,Spain,NA,Galicia,2708339,149,0,10985,623
2020-08-15,Spain,NA,Galicia,2708339,171,2,11156,625
2020-08-16,Spain,NA,Galicia,2708339,109,0,11265,625
2020-08-17,Spain,NA,Galicia,2708339,163,0,11428,625
2020-08-18,Spain,NA,Galicia,2708339,206,0,11634,625
2020-08-19,Spain,NA,Galicia,2708339,252,1,11886,626
2020-08-20,Spain,NA,Galicia,2708339,198,1,12084,627
2020-08-21,Spain,NA,Galicia,2708339,246,3,12330,630
2020-08-22,Spain,NA,Galicia,2708339,198,2,12528,632
2020-08-23,Spain,NA,Galicia,2708339,164,1,12692,633
2020-03-10,Spain,NA,Islas Baleares,1149460,34,0,122,0
2020-03-11,Spain,NA,Islas Baleares,1149460,41,0,163,0
2020-03-12,Spain,NA,Islas Baleares,1149460,39,3,202,3
2020-03-13,Spain,NA,Islas Baleares,1149460,61,0,263,3
2020-03-14,Spain,NA,Islas Baleares,1149460,68,0,331,3
2020-03-15,Spain,NA,Islas Baleares,1149460,83,0,414,3
2020-03-16,Spain,NA,Islas Baleares,1149460,84,0,498,3
2020-03-17,Spain,NA,Islas Baleares,1149460,79,1,577,4
2020-03-18,Spain,NA,Islas Baleares,1149460,80,0,657,4
2020-03-19,Spain,NA,Islas Baleares,1149460,102,1,759,5
2020-03-20,Spain,NA,Islas Baleares,1149460,95,1,854,6
2020-03-21,Spain,NA,Islas Baleares,1149460,61,5,915,11
2020-03-22,Spain,NA,Islas Baleares,1149460,90,3,1005,14
2020-03-23,Spain,NA,Islas Baleares,1149460,79,3,1084,17
2020-03-24,Spain,NA,Islas Baleares,1149460,65,5,1149,22
2020-03-25,Spain,NA,Islas Baleares,1149460,80,3,1229,25
2020-03-26,Spain,NA,Islas Baleares,1149460,68,3,1297,28
2020-03-27,Spain,NA,Islas Baleares,1149460,37,7,1334,35
2020-03-28,Spain,NA,Islas Baleares,1149460,32,6,1366,41
2020-03-29,Spain,NA,Islas Baleares,1149460,36,6,1402,47
2020-03-30,Spain,NA,Islas Baleares,1149460,61,7,1463,54
2020-03-31,Spain,NA,Islas Baleares,1149460,45,8,1508,62
2020-04-01,Spain,NA,Islas Baleares,1149460,81,7,1589,69
2020-04-02,Spain,NA,Islas Baleares,1149460,34,9,1623,78
2020-04-03,Spain,NA,Islas Baleares,1149460,43,5,1666,83
2020-04-04,Spain,NA,Islas Baleares,1149460,23,6,1689,89
2020-04-05,Spain,NA,Islas Baleares,1149460,27,2,1716,91
2020-04-06,Spain,NA,Islas Baleares,1149460,21,2,1737,93
2020-04-07,Spain,NA,Islas Baleares,1149460,18,8,1755,101
2020-04-08,Spain,NA,Islas Baleares,1149460,22,10,1777,111
2020-04-09,Spain,NA,Islas Baleares,1149460,8,5,1785,116
2020-04-10,Spain,NA,Islas Baleares,1149460,17,8,1802,124
2020-04-11,Spain,NA,Islas Baleares,1149460,14,5,1816,129
2020-04-12,Spain,NA,Islas Baleares,1149460,15,2,1831,131
2020-04-13,Spain,NA,Islas Baleares,1149460,10,4,1841,135
2020-04-14,Spain,NA,Islas Baleares,1149460,8,8,1849,143
2020-04-15,Spain,NA,Islas Baleares,1149460,5,8,1854,151
2020-04-16,Spain,NA,Islas Baleares,1149460,14,6,1868,157
2020-04-17,Spain,NA,Islas Baleares,1149460,7,8,1875,165
2020-04-18,Spain,NA,Islas Baleares,1149460,12,3,1887,168
2020-04-19,Spain,NA,Islas Baleares,1149460,8,3,1895,171
2020-04-20,Spain,NA,Islas Baleares,1149460,14,1,1909,172
2020-04-21,Spain,NA,Islas Baleares,1149460,7,3,1916,175
2020-04-22,Spain,NA,Islas Baleares,1149460,5,2,1921,177
2020-04-23,Spain,NA,Islas Baleares,1149460,5,2,1926,179
2020-04-24,Spain,NA,Islas Baleares,1149460,9,1,1935,180
2020-04-25,Spain,NA,Islas Baleares,1149460,10,5,1945,185
2020-04-26,Spain,NA,Islas Baleares,1149460,0,2,1945,187
2020-04-27,Spain,NA,Islas Baleares,1149460,3,2,1948,189
2020-04-28,Spain,NA,Islas Baleares,1149460,4,6,1952,195
2020-04-29,Spain,NA,Islas Baleares,1149460,2,3,1954,198
2020-04-30,Spain,NA,Islas Baleares,1149460,5,4,1959,202
2020-05-01,Spain,NA,Islas Baleares,1149460,8,1,1967,203
2020-05-02,Spain,NA,Islas Baleares,1149460,1,0,1968,203
2020-05-03,Spain,NA,Islas Baleares,1149460,3,1,1971,204
2020-05-04,Spain,NA,Islas Baleares,1149460,1,1,1972,205
2020-05-05,Spain,NA,Islas Baleares,1149460,4,1,1976,206
2020-05-06,Spain,NA,Islas Baleares,1149460,4,0,1980,206
2020-05-07,Spain,NA,Islas Baleares,1149460,2,4,1982,210
2020-05-08,Spain,NA,Islas Baleares,1149460,4,0,1986,210
2020-05-09,Spain,NA,Islas Baleares,1149460,0,0,1986,210
2020-05-10,Spain,NA,Islas Baleares,1149460,6,4,1992,214
2020-05-11,Spain,NA,Islas Baleares,1149460,8,2,2000,216
2020-05-12,Spain,NA,Islas Baleares,1149460,7,0,2007,216
2020-05-13,Spain,NA,Islas Baleares,1149460,10,1,2017,217
2020-05-14,Spain,NA,Islas Baleares,1149460,7,1,2024,218
2020-05-15,Spain,NA,Islas Baleares,1149460,15,1,2039,219
2020-05-16,Spain,NA,Islas Baleares,1149460,0,0,2039,219
2020-05-17,Spain,NA,Islas Baleares,1149460,5,0,2044,219
2020-05-18,Spain,NA,Islas Baleares,1149460,5,2,2049,221
2020-05-19,Spain,NA,Islas Baleares,1149460,12,0,2061,221
2020-05-20,Spain,NA,Islas Baleares,1149460,6,1,2067,222
2020-05-21,Spain,NA,Islas Baleares,1149460,5,0,2072,222
2020-05-22,Spain,NA,Islas Baleares,1149460,3,0,2075,222
2020-05-23,Spain,NA,Islas Baleares,1149460,2,1,2077,223
2020-05-24,Spain,NA,Islas Baleares,1149460,1,0,2078,223
2020-05-25,Spain,NA,Islas Baleares,1149460,3,0,2081,223
2020-05-26,Spain,NA,Islas Baleares,1149460,4,1,2085,224
2020-05-27,Spain,NA,Islas Baleares,1149460,3,0,2088,224
2020-05-28,Spain,NA,Islas Baleares,1149460,12,0,2100,224
2020-05-29,Spain,NA,Islas Baleares,1149460,4,0,2104,224
2020-05-30,Spain,NA,Islas Baleares,1149460,1,0,2105,224
2020-05-31,Spain,NA,Islas Baleares,1149460,2,0,2107,224
2020-06-01,Spain,NA,Islas Baleares,1149460,3,0,2110,224
2020-06-02,Spain,NA,Islas Baleares,1149460,7,0,2117,224
2020-06-03,Spain,NA,Islas Baleares,1149460,3,0,2120,224
2020-06-04,Spain,NA,Islas Baleares,1149460,6,0,2126,224
2020-06-05,Spain,NA,Islas Baleares,1149460,1,0,2127,224
2020-06-06,Spain,NA,Islas Baleares,1149460,2,0,2129,224
2020-06-07,Spain,NA,Islas Baleares,1149460,3,0,2132,224
2020-06-08,Spain,NA,Islas Baleares,1149460,2,0,2134,224
2020-06-09,Spain,NA,Islas Baleares,1149460,1,0,2135,224
2020-06-10,Spain,NA,Islas Baleares,1149460,3,0,2138,224
2020-06-11,Spain,NA,Islas Baleares,1149460,4,0,2142,224
2020-06-12,Spain,NA,Islas Baleares,1149460,6,0,2148,224
2020-06-13,Spain,NA,Islas Baleares,1149460,2,0,2150,224
2020-06-14,Spain,NA,Islas Baleares,1149460,4,0,2154,224
2020-06-15,Spain,NA,Islas Baleares,1149460,3,0,2157,224
2020-06-16,Spain,NA,Islas Baleares,1149460,4,0,2161,224
2020-06-17,Spain,NA,Islas Baleares,1149460,4,0,2165,224
2020-06-18,Spain,NA,Islas Baleares,1149460,5,0,2170,224
2020-06-19,Spain,NA,Islas Baleares,1149460,8,0,2178,224
2020-06-20,Spain,NA,Islas Baleares,1149460,3,0,2181,224
2020-06-21,Spain,NA,Islas Baleares,1149460,1,0,2182,224
2020-06-22,Spain,NA,Islas Baleares,1149460,1,0,2183,224
2020-06-23,Spain,NA,Islas Baleares,1149460,5,0,2188,224
2020-06-24,Spain,NA,Islas Baleares,1149460,3,0,2191,224
2020-06-25,Spain,NA,Islas Baleares,1149460,1,0,2192,224
2020-06-26,Spain,NA,Islas Baleares,1149460,9,0,2201,224
2020-06-27,Spain,NA,Islas Baleares,1149460,5,0,2206,224
2020-06-28,Spain,NA,Islas Baleares,1149460,5,0,2211,224
2020-06-29,Spain,NA,Islas Baleares,1149460,9,0,2220,224
2020-06-30,Spain,NA,Islas Baleares,1149460,3,0,2223,224
2020-07-01,Spain,NA,Islas Baleares,1149460,4,0,2227,224
2020-07-02,Spain,NA,Islas Baleares,1149460,3,0,2230,224
2020-07-03,Spain,NA,Islas Baleares,1149460,4,0,2234,224
2020-07-04,Spain,NA,Islas Baleares,1149460,3,0,2237,224
2020-07-05,Spain,NA,Islas Baleares,1149460,3,0,2240,224
2020-07-06,Spain,NA,Islas Baleares,1149460,3,0,2243,224
2020-07-07,Spain,NA,Islas Baleares,1149460,1,0,2244,224
2020-07-08,Spain,NA,Islas Baleares,1149460,4,0,2248,224
2020-07-09,Spain,NA,Islas Baleares,1149460,6,0,2254,224
2020-07-10,Spain,NA,Islas Baleares,1149460,8,0,2262,224
2020-07-11,Spain,NA,Islas Baleares,1149460,7,0,2269,224
2020-07-12,Spain,NA,Islas Baleares,1149460,4,0,2273,224
2020-07-13,Spain,NA,Islas Baleares,1149460,7,0,2280,224
2020-07-14,Spain,NA,Islas Baleares,1149460,11,0,2291,224
2020-07-15,Spain,NA,Islas Baleares,1149460,14,0,2305,224
2020-07-16,Spain,NA,Islas Baleares,1149460,7,0,2312,224
2020-07-17,Spain,NA,Islas Baleares,1149460,6,0,2318,224
2020-07-18,Spain,NA,Islas Baleares,1149460,7,0,2325,224
2020-07-19,Spain,NA,Islas Baleares,1149460,5,0,2330,224
2020-07-20,Spain,NA,Islas Baleares,1149460,15,0,2345,224
2020-07-21,Spain,NA,Islas Baleares,1149460,14,0,2359,224
2020-07-22,Spain,NA,Islas Baleares,1149460,13,0,2372,224
2020-07-23,Spain,NA,Islas Baleares,1149460,21,0,2393,224
2020-07-24,Spain,NA,Islas Baleares,1149460,26,0,2419,224
2020-07-25,Spain,NA,Islas Baleares,1149460,22,0,2441,224
2020-07-26,Spain,NA,Islas Baleares,1149460,47,0,2488,224
2020-07-27,Spain,NA,Islas Baleares,1149460,40,0,2528,224
2020-07-28,Spain,NA,Islas Baleares,1149460,52,0,2580,224
2020-07-29,Spain,NA,Islas Baleares,1149460,55,0,2635,224
2020-07-30,Spain,NA,Islas Baleares,1149460,76,0,2711,224
2020-07-31,Spain,NA,Islas Baleares,1149460,78,0,2789,224
2020-08-01,Spain,NA,Islas Baleares,1149460,110,0,2899,224
2020-08-02,Spain,NA,Islas Baleares,1149460,95,0,2994,224
2020-08-03,Spain,NA,Islas Baleares,1149460,146,0,3140,224
2020-08-04,Spain,NA,Islas Baleares,1149460,171,0,3311,224
2020-08-05,Spain,NA,Islas Baleares,1149460,159,0,3470,224
2020-08-06,Spain,NA,Islas Baleares,1149460,163,1,3633,225
2020-08-07,Spain,NA,Islas Baleares,1149460,187,0,3820,225
2020-08-08,Spain,NA,Islas Baleares,1149460,187,0,4007,225
2020-08-09,Spain,NA,Islas Baleares,1149460,166,0,4173,225
2020-08-10,Spain,NA,Islas Baleares,1149460,296,0,4469,225
2020-08-11,Spain,NA,Islas Baleares,1149460,249,0,4718,225
2020-08-12,Spain,NA,Islas Baleares,1149460,267,0,4985,225
2020-08-13,Spain,NA,Islas Baleares,1149460,287,0,5272,225
2020-08-14,Spain,NA,Islas Baleares,1149460,269,0,5541,225
2020-08-15,Spain,NA,Islas Baleares,1149460,198,0,5739,225
2020-08-16,Spain,NA,Islas Baleares,1149460,199,1,5938,226
2020-08-17,Spain,NA,Islas Baleares,1149460,331,1,6269,227
2020-08-18,Spain,NA,Islas Baleares,1149460,283,0,6552,227
2020-08-19,Spain,NA,Islas Baleares,1149460,266,1,6818,228
2020-08-20,Spain,NA,Islas Baleares,1149460,246,0,7064,228
2020-08-21,Spain,NA,Islas Baleares,1149460,176,0,7240,228
2020-08-22,Spain,NA,Islas Baleares,1149460,101,0,7341,228
2020-08-23,Spain,NA,Islas Baleares,1149460,54,2,7395,230
2020-03-06,Spain,NA,Islas Canarias,2127685,24,0,112,0
2020-03-07,Spain,NA,Islas Canarias,2127685,18,0,130,0
2020-03-08,Spain,NA,Islas Canarias,2127685,30,0,160,0
2020-03-09,Spain,NA,Islas Canarias,2127685,40,0,200,0
2020-03-10,Spain,NA,Islas Canarias,2127685,50,0,250,0
2020-03-11,Spain,NA,Islas Canarias,2127685,54,0,304,0
2020-03-12,Spain,NA,Islas Canarias,2127685,69,0,373,0
2020-03-13,Spain,NA,Islas Canarias,2127685,100,1,473,1
2020-03-14,Spain,NA,Islas Canarias,2127685,93,0,566,1
2020-03-15,Spain,NA,Islas Canarias,2127685,89,1,655,2
2020-03-16,Spain,NA,Islas Canarias,2127685,117,1,772,3
2020-03-17,Spain,NA,Islas Canarias,2127685,90,1,862,4
2020-03-18,Spain,NA,Islas Canarias,2127685,109,0,971,4
2020-03-19,Spain,NA,Islas Canarias,2127685,70,3,1041,7
2020-03-20,Spain,NA,Islas Canarias,2127685,111,3,1152,10
2020-03-21,Spain,NA,Islas Canarias,2127685,77,0,1229,10
2020-03-22,Spain,NA,Islas Canarias,2127685,73,4,1302,14
2020-03-23,Spain,NA,Islas Canarias,2127685,91,4,1393,18
2020-03-24,Spain,NA,Islas Canarias,2127685,59,5,1452,23
2020-03-25,Spain,NA,Islas Canarias,2127685,54,6,1506,29
2020-03-26,Spain,NA,Islas Canarias,2127685,60,9,1566,38
2020-03-27,Spain,NA,Islas Canarias,2127685,69,10,1635,48
2020-03-28,Spain,NA,Islas Canarias,2127685,35,5,1670,53
2020-03-29,Spain,NA,Islas Canarias,2127685,42,5,1712,58
2020-03-30,Spain,NA,Islas Canarias,2127685,49,4,1761,62
2020-03-31,Spain,NA,Islas Canarias,2127685,27,7,1788,69
2020-04-01,Spain,NA,Islas Canarias,2127685,51,7,1839,76
2020-04-02,Spain,NA,Islas Canarias,2127685,32,7,1871,83
2020-04-03,Spain,NA,Islas Canarias,2127685,17,5,1888,88
2020-04-04,Spain,NA,Islas Canarias,2127685,28,3,1916,91
2020-04-05,Spain,NA,Islas Canarias,2127685,15,2,1931,93
2020-04-06,Spain,NA,Islas Canarias,2127685,13,3,1944,96
2020-04-07,Spain,NA,Islas Canarias,2127685,24,0,1968,96
2020-04-08,Spain,NA,Islas Canarias,2127685,14,4,1982,100
2020-04-09,Spain,NA,Islas Canarias,2127685,23,1,2005,101
2020-04-10,Spain,NA,Islas Canarias,2127685,13,0,2018,101
2020-04-11,Spain,NA,Islas Canarias,2127685,14,2,2032,103
2020-04-12,Spain,NA,Islas Canarias,2127685,8,0,2040,103
2020-04-13,Spain,NA,Islas Canarias,2127685,12,3,2052,106
2020-04-14,Spain,NA,Islas Canarias,2127685,12,2,2064,108
2020-04-15,Spain,NA,Islas Canarias,2127685,15,6,2079,114
2020-04-16,Spain,NA,Islas Canarias,2127685,14,3,2093,117
2020-04-17,Spain,NA,Islas Canarias,2127685,8,3,2101,120
2020-04-18,Spain,NA,Islas Canarias,2127685,9,1,2110,121
2020-04-19,Spain,NA,Islas Canarias,2127685,15,1,2125,122
2020-04-20,Spain,NA,Islas Canarias,2127685,15,1,2140,123
2020-04-21,Spain,NA,Islas Canarias,2127685,7,3,2147,126
2020-04-22,Spain,NA,Islas Canarias,2127685,7,3,2154,129
2020-04-23,Spain,NA,Islas Canarias,2127685,3,3,2157,132
2020-04-24,Spain,NA,Islas Canarias,2127685,10,4,2167,136
2020-04-25,Spain,NA,Islas Canarias,2127685,4,0,2171,136
2020-04-26,Spain,NA,Islas Canarias,2127685,2,1,2173,137
2020-04-27,Spain,NA,Islas Canarias,2127685,3,1,2176,138
2020-04-28,Spain,NA,Islas Canarias,2127685,1,1,2177,139
2020-04-29,Spain,NA,Islas Canarias,2127685,3,1,2180,140
2020-04-30,Spain,NA,Islas Canarias,2127685,4,1,2184,141
2020-05-01,Spain,NA,Islas Canarias,2127685,9,2,2193,143
2020-05-02,Spain,NA,Islas Canarias,2127685,5,1,2198,144
2020-05-03,Spain,NA,Islas Canarias,2127685,0,1,2198,145
2020-05-04,Spain,NA,Islas Canarias,2127685,3,0,2201,145
2020-05-05,Spain,NA,Islas Canarias,2127685,2,1,2203,146
2020-05-06,Spain,NA,Islas Canarias,2127685,0,4,2203,150
2020-05-07,Spain,NA,Islas Canarias,2127685,1,0,2204,150
2020-05-08,Spain,NA,Islas Canarias,2127685,2,1,2206,151
2020-05-09,Spain,NA,Islas Canarias,2127685,2,0,2208,151
2020-05-10,Spain,NA,Islas Canarias,2127685,1,0,2209,151
2020-05-11,Spain,NA,Islas Canarias,2127685,2,1,2211,152
2020-05-12,Spain,NA,Islas Canarias,2127685,4,0,2215,152
2020-05-13,Spain,NA,Islas Canarias,2127685,5,0,2220,152
2020-05-14,Spain,NA,Islas Canarias,2127685,2,0,2222,152
2020-05-15,Spain,NA,Islas Canarias,2127685,3,0,2225,152
2020-05-16,Spain,NA,Islas Canarias,2127685,5,2,2230,154
2020-05-17,Spain,NA,Islas Canarias,2127685,1,2,2231,156
2020-05-18,Spain,NA,Islas Canarias,2127685,3,1,2234,157
2020-05-19,Spain,NA,Islas Canarias,2127685,7,0,2241,157
2020-05-20,Spain,NA,Islas Canarias,2127685,4,0,2245,157
2020-05-21,Spain,NA,Islas Canarias,2127685,5,0,2250,157
2020-05-22,Spain,NA,Islas Canarias,2127685,3,0,2253,157
2020-05-23,Spain,NA,Islas Canarias,2127685,1,0,2254,157
2020-05-24,Spain,NA,Islas Canarias,2127685,2,0,2256,157
2020-05-25,Spain,NA,Islas Canarias,2127685,4,1,2260,158
2020-05-26,Spain,NA,Islas Canarias,2127685,3,1,2263,159
2020-05-27,Spain,NA,Islas Canarias,2127685,2,1,2265,160
2020-05-28,Spain,NA,Islas Canarias,2127685,7,0,2272,160
2020-05-29,Spain,NA,Islas Canarias,2127685,7,0,2279,160
2020-05-30,Spain,NA,Islas Canarias,2127685,2,0,2281,160
2020-05-31,Spain,NA,Islas Canarias,2127685,1,0,2282,160
2020-06-01,Spain,NA,Islas Canarias,2127685,4,0,2286,160
2020-06-02,Spain,NA,Islas Canarias,2127685,4,1,2290,161
2020-06-03,Spain,NA,Islas Canarias,2127685,4,0,2294,161
2020-06-04,Spain,NA,Islas Canarias,2127685,1,0,2295,161
2020-06-05,Spain,NA,Islas Canarias,2127685,1,0,2296,161
2020-06-06,Spain,NA,Islas Canarias,2127685,4,0,2300,161
2020-06-07,Spain,NA,Islas Canarias,2127685,1,0,2301,161
2020-06-08,Spain,NA,Islas Canarias,2127685,2,0,2303,161
2020-06-09,Spain,NA,Islas Canarias,2127685,2,0,2305,161
2020-06-10,Spain,NA,Islas Canarias,2127685,1,1,2306,162
2020-06-11,Spain,NA,Islas Canarias,2127685,1,0,2307,162
2020-06-12,Spain,NA,Islas Canarias,2127685,3,0,2310,162
2020-06-13,Spain,NA,Islas Canarias,2127685,2,0,2312,162
2020-06-14,Spain,NA,Islas Canarias,2127685,1,0,2313,162
2020-06-15,Spain,NA,Islas Canarias,2127685,1,0,2314,162
2020-06-16,Spain,NA,Islas Canarias,2127685,3,0,2317,162
2020-06-17,Spain,NA,Islas Canarias,2127685,14,0,2331,162
2020-06-18,Spain,NA,Islas Canarias,2127685,0,0,2331,162
2020-06-19,Spain,NA,Islas Canarias,2127685,1,0,2332,162
2020-06-20,Spain,NA,Islas Canarias,2127685,11,0,2343,162
2020-06-21,Spain,NA,Islas Canarias,2127685,2,0,2345,162
2020-06-22,Spain,NA,Islas Canarias,2127685,1,0,2346,162
2020-06-23,Spain,NA,Islas Canarias,2127685,6,0,2352,162
2020-06-24,Spain,NA,Islas Canarias,2127685,1,0,2353,162
2020-06-25,Spain,NA,Islas Canarias,2127685,1,0,2354,162
2020-06-26,Spain,NA,Islas Canarias,2127685,1,0,2355,162
2020-06-27,Spain,NA,Islas Canarias,2127685,0,0,2355,162
2020-06-28,Spain,NA,Islas Canarias,2127685,0,0,2355,162
2020-06-29,Spain,NA,Islas Canarias,2127685,0,0,2355,162
2020-06-30,Spain,NA,Islas Canarias,2127685,5,0,2360,162
2020-07-01,Spain,NA,Islas Canarias,2127685,6,0,2366,162
2020-07-02,Spain,NA,Islas Canarias,2127685,1,0,2367,162
2020-07-03,Spain,NA,Islas Canarias,2127685,4,0,2371,162
2020-07-04,Spain,NA,Islas Canarias,2127685,4,0,2375,162
2020-07-05,Spain,NA,Islas Canarias,2127685,1,0,2376,162
2020-07-06,Spain,NA,Islas Canarias,2127685,1,0,2377,162
2020-07-07,Spain,NA,Islas Canarias,2127685,4,0,2381,162
2020-07-08,Spain,NA,Islas Canarias,2127685,8,0,2389,162
2020-07-09,Spain,NA,Islas Canarias,2127685,8,0,2397,162
2020-07-10,Spain,NA,Islas Canarias,2127685,2,0,2399,162
2020-07-11,Spain,NA,Islas Canarias,2127685,1,0,2400,162
2020-07-12,Spain,NA,Islas Canarias,2127685,3,0,2403,162
2020-07-13,Spain,NA,Islas Canarias,2127685,6,0,2409,162
2020-07-14,Spain,NA,Islas Canarias,2127685,2,0,2411,162
2020-07-15,Spain,NA,Islas Canarias,2127685,9,0,2420,162
2020-07-16,Spain,NA,Islas Canarias,2127685,4,0,2424,162
2020-07-17,Spain,NA,Islas Canarias,2127685,7,0,2431,162
2020-07-18,Spain,NA,Islas Canarias,2127685,12,0,2443,162
2020-07-19,Spain,NA,Islas Canarias,2127685,53,0,2496,162
2020-07-20,Spain,NA,Islas Canarias,2127685,2,0,2498,162
2020-07-21,Spain,NA,Islas Canarias,2127685,11,0,2509,162
2020-07-22,Spain,NA,Islas Canarias,2127685,7,0,2516,162
2020-07-23,Spain,NA,Islas Canarias,2127685,11,0,2527,162
2020-07-24,Spain,NA,Islas Canarias,2127685,5,0,2532,162
2020-07-25,Spain,NA,Islas Canarias,2127685,10,0,2542,162
2020-07-26,Spain,NA,Islas Canarias,2127685,7,0,2549,162
2020-07-27,Spain,NA,Islas Canarias,2127685,8,0,2557,162
2020-07-28,Spain,NA,Islas Canarias,2127685,8,0,2565,162
2020-07-29,Spain,NA,Islas Canarias,2127685,6,0,2571,162
2020-07-30,Spain,NA,Islas Canarias,2127685,10,0,2581,162
2020-07-31,Spain,NA,Islas Canarias,2127685,15,0,2596,162
2020-08-01,Spain,NA,Islas Canarias,2127685,30,0,2626,162
2020-08-02,Spain,NA,Islas Canarias,2127685,28,0,2654,162
2020-08-03,Spain,NA,Islas Canarias,2127685,33,0,2687,162
2020-08-04,Spain,NA,Islas Canarias,2127685,53,0,2740,162
2020-08-05,Spain,NA,Islas Canarias,2127685,69,0,2809,162
2020-08-06,Spain,NA,Islas Canarias,2127685,74,0,2883,162
2020-08-07,Spain,NA,Islas Canarias,2127685,66,1,2949,163
2020-08-08,Spain,NA,Islas Canarias,2127685,66,1,3015,164
2020-08-09,Spain,NA,Islas Canarias,2127685,88,0,3103,164
2020-08-10,Spain,NA,Islas Canarias,2127685,135,0,3238,164
2020-08-11,Spain,NA,Islas Canarias,2127685,151,0,3389,164
2020-08-12,Spain,NA,Islas Canarias,2127685,178,0,3567,164
2020-08-13,Spain,NA,Islas Canarias,2127685,146,0,3713,164
2020-08-14,Spain,NA,Islas Canarias,2127685,178,1,3891,165
2020-08-15,Spain,NA,Islas Canarias,2127685,198,0,4089,165
2020-08-16,Spain,NA,Islas Canarias,2127685,135,1,4224,166
2020-08-17,Spain,NA,Islas Canarias,2127685,209,0,4433,166
2020-08-18,Spain,NA,Islas Canarias,2127685,202,0,4635,166
2020-08-19,Spain,NA,Islas Canarias,2127685,159,0,4794,166
2020-08-20,Spain,NA,Islas Canarias,2127685,175,1,4969,167
2020-08-21,Spain,NA,Islas Canarias,2127685,173,0,5142,167
2020-08-22,Spain,NA,Islas Canarias,2127685,180,0,5322,167
2020-08-23,Spain,NA,Islas Canarias,2127685,114,1,5436,168
2020-08-24,Spain,NA,Islas Canarias,2127685,224,0,5244,168
2020-08-25,Spain,NA,Islas Canarias,2127685,305,1,5549,169
2020-08-26,Spain,NA,Islas Canarias,2127685,334,2,5883,171
2020-08-27,Spain,NA,Islas Canarias,2127685,303,1,6186,172
2020-08-28,Spain,NA,Islas Canarias,2127685,260,1,6446,173
2020-08-29,Spain,NA,Islas Canarias,2127685,330,1,6776,174
2020-08-30,Spain,NA,Islas Canarias,2127685,301,0,7077,174
2020-08-31,Spain,NA,Islas Canarias,2127685,29,0,7106,174
2020-03-03,Spain,NA,La Rioja,315675,27,0,120,0
2020-03-04,Spain,NA,La Rioja,315675,25,0,145,0
2020-03-05,Spain,NA,La Rioja,315675,27,0,172,0
2020-03-06,Spain,NA,La Rioja,315675,44,0,216,0
2020-03-07,Spain,NA,La Rioja,315675,39,0,255,0
2020-03-08,Spain,NA,La Rioja,315675,41,0,296,0
2020-03-09,Spain,NA,La Rioja,315675,59,1,355,1
2020-03-10,Spain,NA,La Rioja,315675,88,1,443,2
2020-03-11,Spain,NA,La Rioja,315675,68,0,511,2
2020-03-12,Spain,NA,La Rioja,315675,72,0,583,2
2020-03-13,Spain,NA,La Rioja,315675,106,1,689,3
2020-03-14,Spain,NA,La Rioja,315675,136,0,825,3
2020-03-15,Spain,NA,La Rioja,315675,109,1,934,4
2020-03-16,Spain,NA,La Rioja,315675,154,2,1088,6
2020-03-17,Spain,NA,La Rioja,315675,117,0,1205,6
2020-03-18,Spain,NA,La Rioja,315675,142,0,1347,6
2020-03-19,Spain,NA,La Rioja,315675,167,4,1514,10
2020-03-20,Spain,NA,La Rioja,315675,190,12,1704,22
2020-03-21,Spain,NA,La Rioja,315675,133,9,1837,31
2020-03-22,Spain,NA,La Rioja,315675,108,0,1945,31
2020-03-23,Spain,NA,La Rioja,315675,155,9,2100,40
2020-03-24,Spain,NA,La Rioja,315675,118,6,2218,46
2020-03-25,Spain,NA,La Rioja,315675,132,13,2350,59
2020-03-26,Spain,NA,La Rioja,315675,112,9,2462,68
2020-03-27,Spain,NA,La Rioja,315675,126,6,2588,74
2020-03-28,Spain,NA,La Rioja,315675,100,6,2688,80
2020-03-29,Spain,NA,La Rioja,315675,85,7,2773,87
2020-03-30,Spain,NA,La Rioja,315675,116,10,2889,97
2020-03-31,Spain,NA,La Rioja,315675,105,13,2994,110
2020-04-01,Spain,NA,La Rioja,315675,107,6,3101,116
2020-04-02,Spain,NA,La Rioja,315675,99,15,3200,131
2020-04-03,Spain,NA,La Rioja,315675,75,16,3275,147
2020-04-04,Spain,NA,La Rioja,315675,53,11,3328,158
2020-04-05,Spain,NA,La Rioja,315675,35,11,3363,169
2020-04-06,Spain,NA,La Rioja,315675,41,14,3404,183
2020-04-07,Spain,NA,La Rioja,315675,51,15,3455,198
2020-04-08,Spain,NA,La Rioja,315675,39,15,3494,213
2020-04-09,Spain,NA,La Rioja,315675,42,7,3536,220
2020-04-10,Spain,NA,La Rioja,315675,39,9,3575,229
2020-04-11,Spain,NA,La Rioja,315675,23,4,3598,233
2020-04-12,Spain,NA,La Rioja,315675,22,5,3620,238
2020-04-13,Spain,NA,La Rioja,315675,25,12,3645,250
2020-04-14,Spain,NA,La Rioja,315675,24,11,3669,261
2020-04-15,Spain,NA,La Rioja,315675,14,8,3683,269
2020-04-16,Spain,NA,La Rioja,315675,28,8,3711,277
2020-04-17,Spain,NA,La Rioja,315675,23,8,3734,285
2020-04-18,Spain,NA,La Rioja,315675,17,5,3751,290
2020-04-19,Spain,NA,La Rioja,315675,14,8,3765,298
2020-04-20,Spain,NA,La Rioja,315675,9,3,3774,301
2020-04-21,Spain,NA,La Rioja,315675,4,5,3778,306
2020-04-22,Spain,NA,La Rioja,315675,14,5,3792,311
2020-04-23,Spain,NA,La Rioja,315675,13,2,3805,313
2020-04-24,Spain,NA,La Rioja,315675,3,5,3808,318
2020-04-25,Spain,NA,La Rioja,315675,5,3,3813,321
2020-04-26,Spain,NA,La Rioja,315675,2,5,3815,326
2020-04-27,Spain,NA,La Rioja,315675,4,4,3819,330
2020-04-28,Spain,NA,La Rioja,315675,10,1,3829,331
2020-04-29,Spain,NA,La Rioja,315675,5,2,3834,333
2020-04-30,Spain,NA,La Rioja,315675,2,1,3836,334
2020-05-01,Spain,NA,La Rioja,315675,1,0,3837,334
2020-05-02,Spain,NA,La Rioja,315675,1,1,3838,335
2020-05-03,Spain,NA,La Rioja,315675,2,1,3840,336
2020-05-04,Spain,NA,La Rioja,315675,2,1,3842,337
2020-05-05,Spain,NA,La Rioja,315675,0,1,3842,338
2020-05-06,Spain,NA,La Rioja,315675,0,1,3842,339
2020-05-07,Spain,NA,La Rioja,315675,1,4,3843,343
2020-05-08,Spain,NA,La Rioja,315675,1,2,3844,345
2020-05-09,Spain,NA,La Rioja,315675,0,2,3844,347
2020-05-10,Spain,NA,La Rioja,315675,1,1,3845,348
2020-05-11,Spain,NA,La Rioja,315675,3,1,3848,349
2020-05-12,Spain,NA,La Rioja,315675,3,0,3851,349
2020-05-13,Spain,NA,La Rioja,315675,4,0,3855,349
2020-05-14,Spain,NA,La Rioja,315675,4,0,3859,349
2020-05-15,Spain,NA,La Rioja,315675,1,1,3860,350
2020-05-16,Spain,NA,La Rioja,315675,2,2,3862,352
2020-05-17,Spain,NA,La Rioja,315675,0,1,3862,353
2020-05-18,Spain,NA,La Rioja,315675,5,1,3867,354
2020-05-19,Spain,NA,La Rioja,315675,5,3,3872,357
2020-05-20,Spain,NA,La Rioja,315675,4,0,3876,357
2020-05-21,Spain,NA,La Rioja,315675,3,3,3879,360
2020-05-22,Spain,NA,La Rioja,315675,2,1,3881,361
2020-05-23,Spain,NA,La Rioja,315675,2,1,3883,362
2020-05-24,Spain,NA,La Rioja,315675,0,0,3883,362
2020-05-25,Spain,NA,La Rioja,315675,3,0,3886,362
2020-05-26,Spain,NA,La Rioja,315675,0,0,3886,362
2020-05-27,Spain,NA,La Rioja,315675,1,0,3887,362
2020-05-28,Spain,NA,La Rioja,315675,1,0,3888,362
2020-05-29,Spain,NA,La Rioja,315675,2,0,3890,362
2020-05-30,Spain,NA,La Rioja,315675,1,1,3891,363
2020-05-31,Spain,NA,La Rioja,315675,0,0,3891,363
2020-06-01,Spain,NA,La Rioja,315675,3,0,3894,363
2020-06-02,Spain,NA,La Rioja,315675,1,0,3895,363
2020-06-03,Spain,NA,La Rioja,315675,2,1,3897,364
2020-06-04,Spain,NA,La Rioja,315675,1,0,3898,364
2020-06-05,Spain,NA,La Rioja,315675,2,1,3900,365
2020-06-06,Spain,NA,La Rioja,315675,2,0,3902,365
2020-06-07,Spain,NA,La Rioja,315675,1,0,3903,365
2020-06-08,Spain,NA,La Rioja,315675,0,0,3903,365
2020-06-09,Spain,NA,La Rioja,315675,1,0,3904,365
2020-06-10,Spain,NA,La Rioja,315675,0,0,3904,365
2020-06-11,Spain,NA,La Rioja,315675,1,0,3905,365
2020-06-12,Spain,NA,La Rioja,315675,0,0,3905,365
2020-06-13,Spain,NA,La Rioja,315675,2,0,3907,365
2020-06-14,Spain,NA,La Rioja,315675,1,0,3908,365
2020-06-15,Spain,NA,La Rioja,315675,0,0,3908,365
2020-06-16,Spain,NA,La Rioja,315675,1,0,3909,365
2020-06-17,Spain,NA,La Rioja,315675,0,0,3909,365
2020-06-18,Spain,NA,La Rioja,315675,1,0,3910,365
2020-06-19,Spain,NA,La Rioja,315675,0,0,3910,365
2020-06-20,Spain,NA,La Rioja,315675,1,0,3911,365
2020-06-21,Spain,NA,La Rioja,315675,0,0,3911,365
2020-06-22,Spain,NA,La Rioja,315675,0,0,3911,365
2020-06-23,Spain,NA,La Rioja,315675,1,0,3912,365
2020-06-24,Spain,NA,La Rioja,315675,1,0,3913,365
2020-06-25,Spain,NA,La Rioja,315675,0,0,3913,365
2020-06-26,Spain,NA,La Rioja,315675,0,1,3913,366
2020-06-27,Spain,NA,La Rioja,315675,0,0,3913,366
2020-06-28,Spain,NA,La Rioja,315675,1,0,3914,366
2020-06-29,Spain,NA,La Rioja,315675,1,0,3915,366
2020-06-30,Spain,NA,La Rioja,315675,0,0,3915,366
2020-07-01,Spain,NA,La Rioja,315675,0,0,3915,366
2020-07-02,Spain,NA,La Rioja,315675,0,0,3915,366
2020-07-03,Spain,NA,La Rioja,315675,0,0,3915,366
2020-07-04,Spain,NA,La Rioja,315675,0,0,3915,366
2020-07-05,Spain,NA,La Rioja,315675,1,0,3916,366
2020-07-06,Spain,NA,La Rioja,315675,0,0,3916,366
2020-07-07,Spain,NA,La Rioja,315675,3,0,3919,366
2020-07-08,Spain,NA,La Rioja,315675,5,0,3924,366
2020-07-09,Spain,NA,La Rioja,315675,1,0,3925,366
2020-07-10,Spain,NA,La Rioja,315675,10,0,3935,366
2020-07-11,Spain,NA,La Rioja,315675,3,0,3938,366
2020-07-12,Spain,NA,La Rioja,315675,2,0,3940,366
2020-07-13,Spain,NA,La Rioja,315675,4,0,3944,366
2020-07-14,Spain,NA,La Rioja,315675,6,0,3950,366
2020-07-15,Spain,NA,La Rioja,315675,2,0,3952,366
2020-07-16,Spain,NA,La Rioja,315675,8,0,3960,366
2020-07-17,Spain,NA,La Rioja,315675,5,0,3965,366
2020-07-18,Spain,NA,La Rioja,315675,5,0,3970,366
2020-07-19,Spain,NA,La Rioja,315675,0,0,3970,366
2020-07-20,Spain,NA,La Rioja,315675,5,0,3975,366
2020-07-21,Spain,NA,La Rioja,315675,17,0,3992,366
2020-07-22,Spain,NA,La Rioja,315675,9,0,4001,366
2020-07-23,Spain,NA,La Rioja,315675,5,0,4006,366
2020-07-24,Spain,NA,La Rioja,315675,11,0,4017,366
2020-07-25,Spain,NA,La Rioja,315675,1,0,4018,366
2020-07-26,Spain,NA,La Rioja,315675,1,0,4019,366
2020-07-27,Spain,NA,La Rioja,315675,6,0,4025,366
2020-07-28,Spain,NA,La Rioja,315675,9,0,4034,366
2020-07-29,Spain,NA,La Rioja,315675,3,0,4037,366
2020-07-30,Spain,NA,La Rioja,315675,1,0,4038,366
2020-07-31,Spain,NA,La Rioja,315675,7,0,4045,366
2020-08-01,Spain,NA,La Rioja,315675,3,0,4048,366
2020-08-02,Spain,NA,La Rioja,315675,4,0,4052,366
2020-08-03,Spain,NA,La Rioja,315675,8,0,4060,366
2020-08-04,Spain,NA,La Rioja,315675,7,0,4067,366
2020-08-05,Spain,NA,La Rioja,315675,27,0,4094,366
2020-08-06,Spain,NA,La Rioja,315675,15,0,4109,366
2020-08-07,Spain,NA,La Rioja,315675,20,0,4129,366
2020-08-08,Spain,NA,La Rioja,315675,13,0,4142,366
2020-08-09,Spain,NA,La Rioja,315675,21,0,4163,366
2020-08-10,Spain,NA,La Rioja,315675,53,0,4216,366
2020-08-11,Spain,NA,La Rioja,315675,75,0,4291,366
2020-08-12,Spain,NA,La Rioja,315675,56,0,4347,366
2020-08-13,Spain,NA,La Rioja,315675,61,0,4408,366
2020-08-14,Spain,NA,La Rioja,315675,54,0,4462,366
2020-08-15,Spain,NA,La Rioja,315675,46,0,4508,366
2020-08-16,Spain,NA,La Rioja,315675,48,0,4556,366
2020-08-17,Spain,NA,La Rioja,315675,71,1,4627,367
2020-08-18,Spain,NA,La Rioja,315675,83,0,4710,367
2020-08-19,Spain,NA,La Rioja,315675,81,0,4791,367
2020-08-20,Spain,NA,La Rioja,315675,67,0,4858,367
2020-08-21,Spain,NA,La Rioja,315675,51,1,4909,368
2020-08-22,Spain,NA,La Rioja,315675,75,0,4984,368
2020-08-23,Spain,NA,La Rioja,315675,63,0,5047,368
2020-04-13,Spain,NA,Melilla,86487,1,0,101,2
2020-04-14,Spain,NA,Melilla,86487,0,0,101,2
2020-04-15,Spain,NA,Melilla,86487,0,0,101,2
2020-04-16,Spain,NA,Melilla,86487,0,0,101,2
2020-04-17,Spain,NA,Melilla,86487,0,0,101,2
2020-04-18,Spain,NA,Melilla,86487,0,0,101,2
2020-04-19,Spain,NA,Melilla,86487,0,0,101,2
2020-04-20,Spain,NA,Melilla,86487,2,0,103,2
2020-04-21,Spain,NA,Melilla,86487,0,0,103,2
2020-04-22,Spain,NA,Melilla,86487,1,0,104,2
2020-04-23,Spain,NA,Melilla,86487,0,0,104,2
2020-04-24,Spain,NA,Melilla,86487,1,0,105,2
2020-04-25,Spain,NA,Melilla,86487,1,0,106,2
2020-04-26,Spain,NA,Melilla,86487,0,0,106,2
2020-04-27,Spain,NA,Melilla,86487,0,0,106,2
2020-04-28,Spain,NA,Melilla,86487,0,0,106,2
2020-04-29,Spain,NA,Melilla,86487,1,0,107,2
2020-04-30,Spain,NA,Melilla,86487,1,0,108,2
2020-05-01,Spain,NA,Melilla,86487,0,0,108,2
2020-05-02,Spain,NA,Melilla,86487,0,0,108,2
2020-05-03,Spain,NA,Melilla,86487,0,0,108,2
2020-05-04,Spain,NA,Melilla,86487,0,0,108,2
2020-05-05,Spain,NA,Melilla,86487,0,0,108,2
2020-05-06,Spain,NA,Melilla,86487,0,0,108,2
2020-05-07,Spain,NA,Melilla,86487,0,0,108,2
2020-05-08,Spain,NA,Melilla,86487,0,0,108,2
2020-05-09,Spain,NA,Melilla,86487,0,0,108,2
2020-05-10,Spain,NA,Melilla,86487,0,0,108,2
2020-05-11,Spain,NA,Melilla,86487,0,0,108,2
2020-05-12,Spain,NA,Melilla,86487,0,0,108,2
2020-05-13,Spain,NA,Melilla,86487,0,0,108,2
2020-05-14,Spain,NA,Melilla,86487,0,0,108,2
2020-05-15,Spain,NA,Melilla,86487,0,0,108,2
2020-05-16,Spain,NA,Melilla,86487,0,0,108,2
2020-05-17,Spain,NA,Melilla,86487,0,0,108,2
2020-05-18,Spain,NA,Melilla,86487,1,0,109,2
2020-05-19,Spain,NA,Melilla,86487,0,0,109,2
2020-05-20,Spain,NA,Melilla,86487,0,0,109,2
2020-05-21,Spain,NA,Melilla,86487,0,0,109,2
2020-05-22,Spain,NA,Melilla,86487,0,0,109,2
2020-05-23,Spain,NA,Melilla,86487,0,0,109,2
2020-05-24,Spain,NA,Melilla,86487,0,0,109,2
2020-05-25,Spain,NA,Melilla,86487,0,0,109,2
2020-05-26,Spain,NA,Melilla,86487,0,0,109,2
2020-05-27,Spain,NA,Melilla,86487,0,0,109,2
2020-05-28,Spain,NA,Melilla,86487,0,0,109,2
2020-05-29,Spain,NA,Melilla,86487,0,0,109,2
2020-05-30,Spain,NA,Melilla,86487,0,0,109,2
2020-05-31,Spain,NA,Melilla,86487,0,0,109,2
2020-06-01,Spain,NA,Melilla,86487,1,0,110,2
2020-06-02,Spain,NA,Melilla,86487,0,0,110,2
2020-06-03,Spain,NA,Melilla,86487,0,0,110,2
2020-06-04,Spain,NA,Melilla,86487,0,0,110,2
2020-06-05,Spain,NA,Melilla,86487,0,0,110,2
2020-06-06,Spain,NA,Melilla,86487,0,0,110,2
2020-06-07,Spain,NA,Melilla,86487,0,0,110,2
2020-06-08,Spain,NA,Melilla,86487,0,0,110,2
2020-06-09,Spain,NA,Melilla,86487,1,0,111,2
2020-06-10,Spain,NA,Melilla,86487,0,0,111,2
2020-06-11,Spain,NA,Melilla,86487,0,0,111,2
2020-06-12,Spain,NA,Melilla,86487,0,0,111,2
2020-06-13,Spain,NA,Melilla,86487,0,0,111,2
2020-06-14,Spain,NA,Melilla,86487,0,0,111,2
2020-06-15,Spain,NA,Melilla,86487,1,0,112,2
2020-06-16,Spain,NA,Melilla,86487,0,0,112,2
2020-06-17,Spain,NA,Melilla,86487,0,0,112,2
2020-06-18,Spain,NA,Melilla,86487,0,0,112,2
2020-06-19,Spain,NA,Melilla,86487,0,0,112,2
2020-06-20,Spain,NA,Melilla,86487,0,0,112,2
2020-06-21,Spain,NA,Melilla,86487,2,0,114,2
2020-06-22,Spain,NA,Melilla,86487,0,0,114,2
2020-06-23,Spain,NA,Melilla,86487,0,0,114,2
2020-06-24,Spain,NA,Melilla,86487,0,0,114,2
2020-06-25,Spain,NA,Melilla,86487,0,0,114,2
2020-06-26,Spain,NA,Melilla,86487,0,0,114,2
2020-06-27,Spain,NA,Melilla,86487,0,0,114,2
2020-06-28,Spain,NA,Melilla,86487,0,0,114,2
2020-06-29,Spain,NA,Melilla,86487,0,0,114,2
2020-06-30,Spain,NA,Melilla,86487,0,0,114,2
2020-07-01,Spain,NA,Melilla,86487,0,0,114,2
2020-07-02,Spain,NA,Melilla,86487,0,0,114,2
2020-07-03,Spain,NA,Melilla,86487,0,0,114,2
2020-07-04,Spain,NA,Melilla,86487,0,0,114,2
2020-07-05,Spain,NA,Melilla,86487,0,0,114,2
2020-07-06,Spain,NA,Melilla,86487,0,0,114,2
2020-07-07,Spain,NA,Melilla,86487,0,0,114,2
2020-07-08,Spain,NA,Melilla,86487,0,0,114,2
2020-07-09,Spain,NA,Melilla,86487,0,0,114,2
2020-07-10,Spain,NA,Melilla,86487,0,0,114,2
2020-07-11,Spain,NA,Melilla,86487,0,0,114,2
2020-07-12,Spain,NA,Melilla,86487,2,0,116,2
2020-07-13,Spain,NA,Melilla,86487,0,0,116,2
2020-07-14,Spain,NA,Melilla,86487,0,0,116,2
2020-07-15,Spain,NA,Melilla,86487,0,0,116,2
2020-07-16,Spain,NA,Melilla,86487,0,0,116,2
2020-07-17,Spain,NA,Melilla,86487,0,0,116,2
2020-07-18,Spain,NA,Melilla,86487,0,0,116,2
2020-07-19,Spain,NA,Melilla,86487,0,0,116,2
2020-07-20,Spain,NA,Melilla,86487,0,0,116,2
2020-07-21,Spain,NA,Melilla,86487,0,0,116,2
2020-07-22,Spain,NA,Melilla,86487,0,0,116,2
2020-07-23,Spain,NA,Melilla,86487,0,0,116,2
2020-07-24,Spain,NA,Melilla,86487,0,0,116,2
2020-07-25,Spain,NA,Melilla,86487,0,0,116,2
2020-07-26,Spain,NA,Melilla,86487,4,0,120,2
2020-07-27,Spain,NA,Melilla,86487,1,0,121,2
2020-07-28,Spain,NA,Melilla,86487,1,0,122,2
2020-07-29,Spain,NA,Melilla,86487,1,0,123,2
2020-07-30,Spain,NA,Melilla,86487,4,0,127,2
2020-07-31,Spain,NA,Melilla,86487,0,0,127,2
2020-08-01,Spain,NA,Melilla,86487,8,0,135,2
2020-08-02,Spain,NA,Melilla,86487,4,0,139,2
2020-08-03,Spain,NA,Melilla,86487,4,0,143,2
2020-08-04,Spain,NA,Melilla,86487,5,0,148,2
2020-08-05,Spain,NA,Melilla,86487,1,0,149,2
2020-08-06,Spain,NA,Melilla,86487,2,0,151,2
2020-08-07,Spain,NA,Melilla,86487,5,0,156,2
2020-08-08,Spain,NA,Melilla,86487,3,0,159,2
2020-08-09,Spain,NA,Melilla,86487,5,0,164,2
2020-08-10,Spain,NA,Melilla,86487,13,0,177,2
2020-08-11,Spain,NA,Melilla,86487,7,0,184,2
2020-08-12,Spain,NA,Melilla,86487,8,0,192,2
2020-08-13,Spain,NA,Melilla,86487,0,0,192,2
2020-08-14,Spain,NA,Melilla,86487,6,0,198,2
2020-08-15,Spain,NA,Melilla,86487,11,0,209,2
2020-08-16,Spain,NA,Melilla,86487,2,0,211,2
2020-08-17,Spain,NA,Melilla,86487,7,0,218,2
2020-08-18,Spain,NA,Melilla,86487,4,0,222,2
2020-08-19,Spain,NA,Melilla,86487,4,0,226,2
2020-08-20,Spain,NA,Melilla,86487,3,0,229,2
2020-08-21,Spain,NA,Melilla,86487,6,0,235,2
2020-08-22,Spain,NA,Melilla,86487,4,0,239,2
2020-08-23,Spain,NA,Melilla,86487,12,0,251,2
2020-03-06,Spain,NA,Navarra,647554,19,0,110,0
2020-03-07,Spain,NA,Navarra,647554,42,0,152,0
2020-03-08,Spain,NA,Navarra,647554,38,0,190,0
2020-03-09,Spain,NA,Navarra,647554,77,0,267,0
2020-03-10,Spain,NA,Navarra,647554,84,0,351,0
2020-03-11,Spain,NA,Navarra,647554,109,0,460,0
2020-03-12,Spain,NA,Navarra,647554,140,0,600,0
2020-03-13,Spain,NA,Navarra,647554,138,0,738,0
2020-03-14,Spain,NA,Navarra,647554,121,1,859,1
2020-03-15,Spain,NA,Navarra,647554,166,1,1025,2
2020-03-16,Spain,NA,Navarra,647554,156,1,1181,3
2020-03-17,Spain,NA,Navarra,647554,169,1,1350,4
2020-03-18,Spain,NA,Navarra,647554,176,3,1526,7
2020-03-19,Spain,NA,Navarra,647554,153,2,1679,9
2020-03-20,Spain,NA,Navarra,647554,229,5,1908,14
2020-03-21,Spain,NA,Navarra,647554,152,4,2060,18
2020-03-22,Spain,NA,Navarra,647554,141,9,2201,27
2020-03-23,Spain,NA,Navarra,647554,161,9,2362,36
2020-03-24,Spain,NA,Navarra,647554,198,10,2560,46
2020-03-25,Spain,NA,Navarra,647554,182,12,2742,58
2020-03-26,Spain,NA,Navarra,647554,117,17,2859,75
2020-03-27,Spain,NA,Navarra,647554,115,12,2974,87
2020-03-28,Spain,NA,Navarra,647554,108,22,3082,109
2020-03-29,Spain,NA,Navarra,647554,79,13,3161,122
2020-03-30,Spain,NA,Navarra,647554,211,15,3372,137
2020-03-31,Spain,NA,Navarra,647554,125,15,3497,152
2020-04-01,Spain,NA,Navarra,647554,195,11,3692,163
2020-04-02,Spain,NA,Navarra,647554,126,13,3818,176
2020-04-03,Spain,NA,Navarra,647554,126,18,3944,194
2020-04-04,Spain,NA,Navarra,647554,76,7,4020,201
2020-04-05,Spain,NA,Navarra,647554,86,19,4106,220
2020-04-06,Spain,NA,Navarra,647554,132,16,4238,236
2020-04-07,Spain,NA,Navarra,647554,84,20,4322,256
2020-04-08,Spain,NA,Navarra,647554,93,12,4415,268
2020-04-09,Spain,NA,Navarra,647554,79,17,4494,285
2020-04-10,Spain,NA,Navarra,647554,69,13,4563,298
2020-04-11,Spain,NA,Navarra,647554,45,19,4608,317
2020-04-12,Spain,NA,Navarra,647554,59,11,4667,328
2020-04-13,Spain,NA,Navarra,647554,56,22,4723,350
2020-04-14,Spain,NA,Navarra,647554,48,11,4771,361
2020-04-15,Spain,NA,Navarra,647554,35,15,4806,376
2020-04-16,Spain,NA,Navarra,647554,30,10,4836,386
2020-04-17,Spain,NA,Navarra,647554,44,14,4880,400
2020-04-18,Spain,NA,Navarra,647554,39,14,4919,414
2020-04-19,Spain,NA,Navarra,647554,35,11,4954,425
2020-04-20,Spain,NA,Navarra,647554,31,5,4985,430
2020-04-21,Spain,NA,Navarra,647554,11,10,4996,440
2020-04-22,Spain,NA,Navarra,647554,21,8,5017,448
2020-04-23,Spain,NA,Navarra,647554,19,8,5036,456
2020-04-24,Spain,NA,Navarra,647554,21,6,5057,462
2020-04-25,Spain,NA,Navarra,647554,21,6,5078,468
2020-04-26,Spain,NA,Navarra,647554,8,3,5086,471
2020-04-27,Spain,NA,Navarra,647554,20,6,5106,477
2020-04-28,Spain,NA,Navarra,647554,13,6,5119,483
2020-04-29,Spain,NA,Navarra,647554,18,2,5137,485
2020-04-30,Spain,NA,Navarra,647554,16,3,5153,488
2020-05-01,Spain,NA,Navarra,647554,21,5,5174,493
2020-05-02,Spain,NA,Navarra,647554,16,3,5190,496
2020-05-03,Spain,NA,Navarra,647554,10,6,5200,502
2020-05-04,Spain,NA,Navarra,647554,13,1,5213,503
2020-05-05,Spain,NA,Navarra,647554,5,4,5218,507
2020-05-06,Spain,NA,Navarra,647554,7,3,5225,510
2020-05-07,Spain,NA,Navarra,647554,2,4,5227,514
2020-05-08,Spain,NA,Navarra,647554,7,1,5234,515
2020-05-09,Spain,NA,Navarra,647554,3,1,5237,516
2020-05-10,Spain,NA,Navarra,647554,4,4,5241,520
2020-05-11,Spain,NA,Navarra,647554,12,2,5253,522
2020-05-12,Spain,NA,Navarra,647554,2,1,5255,523
2020-05-13,Spain,NA,Navarra,647554,9,2,5264,525
2020-05-14,Spain,NA,Navarra,647554,19,0,5283,525
2020-05-15,Spain,NA,Navarra,647554,11,0,5294,525
2020-05-16,Spain,NA,Navarra,647554,4,0,5298,525
2020-05-17,Spain,NA,Navarra,647554,21,0,5319,525
2020-05-18,Spain,NA,Navarra,647554,6,0,5325,525
2020-05-19,Spain,NA,Navarra,647554,9,0,5334,525
2020-05-20,Spain,NA,Navarra,647554,4,2,5338,527
2020-05-21,Spain,NA,Navarra,647554,3,0,5341,527
2020-05-22,Spain,NA,Navarra,647554,6,0,5347,527
2020-05-23,Spain,NA,Navarra,647554,12,0,5359,527
2020-05-24,Spain,NA,Navarra,647554,2,0,5361,527
2020-05-25,Spain,NA,Navarra,647554,5,0,5366,527
2020-05-26,Spain,NA,Navarra,647554,4,0,5370,527
2020-05-27,Spain,NA,Navarra,647554,11,1,5381,528
2020-05-28,Spain,NA,Navarra,647554,9,0,5390,528
2020-05-29,Spain,NA,Navarra,647554,5,0,5395,528
2020-05-30,Spain,NA,Navarra,647554,7,0,5402,528
2020-05-31,Spain,NA,Navarra,647554,3,0,5405,528
2020-06-01,Spain,NA,Navarra,647554,1,0,5406,528
2020-06-02,Spain,NA,Navarra,647554,3,0,5409,528
2020-06-03,Spain,NA,Navarra,647554,6,0,5415,528
2020-06-04,Spain,NA,Navarra,647554,7,0,5422,528
2020-06-05,Spain,NA,Navarra,647554,6,0,5428,528
2020-06-06,Spain,NA,Navarra,647554,1,0,5429,528
2020-06-07,Spain,NA,Navarra,647554,2,0,5431,528
2020-06-08,Spain,NA,Navarra,647554,0,0,5431,528
2020-06-09,Spain,NA,Navarra,647554,5,0,5436,528
2020-06-10,Spain,NA,Navarra,647554,4,0,5440,528
2020-06-11,Spain,NA,Navarra,647554,1,0,5441,528
2020-06-12,Spain,NA,Navarra,647554,1,0,5442,528
2020-06-13,Spain,NA,Navarra,647554,1,0,5443,528
2020-06-14,Spain,NA,Navarra,647554,2,0,5445,528
2020-06-15,Spain,NA,Navarra,647554,4,0,5449,528
2020-06-16,Spain,NA,Navarra,647554,12,0,5461,528
2020-06-17,Spain,NA,Navarra,647554,3,0,5464,528
2020-06-18,Spain,NA,Navarra,647554,6,0,5470,528
2020-06-19,Spain,NA,Navarra,647554,9,0,5479,528
2020-06-20,Spain,NA,Navarra,647554,4,0,5483,528
2020-06-21,Spain,NA,Navarra,647554,15,0,5498,528
2020-06-22,Spain,NA,Navarra,647554,18,0,5516,528
2020-06-23,Spain,NA,Navarra,647554,8,0,5524,528
2020-06-24,Spain,NA,Navarra,647554,10,0,5534,528
2020-06-25,Spain,NA,Navarra,647554,6,0,5540,528
2020-06-26,Spain,NA,Navarra,647554,5,0,5545,528
2020-06-27,Spain,NA,Navarra,647554,7,0,5552,528
2020-06-28,Spain,NA,Navarra,647554,2,0,5554,528
2020-06-29,Spain,NA,Navarra,647554,1,0,5555,528
2020-06-30,Spain,NA,Navarra,647554,3,0,5558,528
2020-07-01,Spain,NA,Navarra,647554,6,0,5564,528
2020-07-02,Spain,NA,Navarra,647554,4,0,5568,528
2020-07-03,Spain,NA,Navarra,647554,7,0,5575,528
2020-07-04,Spain,NA,Navarra,647554,5,0,5580,528
2020-07-05,Spain,NA,Navarra,647554,1,0,5581,528
2020-07-06,Spain,NA,Navarra,647554,12,0,5593,528
2020-07-07,Spain,NA,Navarra,647554,13,0,5606,528
2020-07-08,Spain,NA,Navarra,647554,7,0,5613,528
2020-07-09,Spain,NA,Navarra,647554,29,0,5642,528
2020-07-10,Spain,NA,Navarra,647554,20,0,5662,528
2020-07-11,Spain,NA,Navarra,647554,35,0,5697,528
2020-07-12,Spain,NA,Navarra,647554,23,0,5720,528
2020-07-13,Spain,NA,Navarra,647554,40,0,5760,528
2020-07-14,Spain,NA,Navarra,647554,51,0,5811,528
2020-07-15,Spain,NA,Navarra,647554,43,1,5854,529
2020-07-16,Spain,NA,Navarra,647554,47,0,5901,529
2020-07-17,Spain,NA,Navarra,647554,73,0,5974,529
2020-07-18,Spain,NA,Navarra,647554,78,0,6052,529
2020-07-19,Spain,NA,Navarra,647554,51,0,6103,529
2020-07-20,Spain,NA,Navarra,647554,101,0,6204,529
2020-07-21,Spain,NA,Navarra,647554,119,0,6323,529
2020-07-22,Spain,NA,Navarra,647554,65,0,6388,529
2020-07-23,Spain,NA,Navarra,647554,66,0,6454,529
2020-07-24,Spain,NA,Navarra,647554,56,0,6510,529
2020-07-25,Spain,NA,Navarra,647554,82,0,6592,529
2020-07-26,Spain,NA,Navarra,647554,79,0,6671,529
2020-07-27,Spain,NA,Navarra,647554,51,0,6722,529
2020-07-28,Spain,NA,Navarra,647554,40,0,6762,529
2020-07-29,Spain,NA,Navarra,647554,61,0,6823,529
2020-07-30,Spain,NA,Navarra,647554,52,0,6875,529
2020-07-31,Spain,NA,Navarra,647554,72,0,6947,529
2020-08-01,Spain,NA,Navarra,647554,88,0,7035,529
2020-08-02,Spain,NA,Navarra,647554,83,0,7118,529
2020-08-03,Spain,NA,Navarra,647554,106,0,7224,529
2020-08-04,Spain,NA,Navarra,647554,85,0,7309,529
2020-08-05,Spain,NA,Navarra,647554,83,0,7392,529
2020-08-06,Spain,NA,Navarra,647554,86,0,7478,529
2020-08-07,Spain,NA,Navarra,647554,113,1,7591,530
2020-08-08,Spain,NA,Navarra,647554,91,0,7682,530
2020-08-09,Spain,NA,Navarra,647554,116,0,7798,530
2020-08-10,Spain,NA,Navarra,647554,95,1,7893,531
2020-08-11,Spain,NA,Navarra,647554,122,0,8015,531
2020-08-12,Spain,NA,Navarra,647554,94,1,8109,532
2020-08-13,Spain,NA,Navarra,647554,88,0,8197,532
2020-08-14,Spain,NA,Navarra,647554,87,0,8284,532
2020-08-15,Spain,NA,Navarra,647554,121,0,8405,532
2020-08-16,Spain,NA,Navarra,647554,78,0,8483,532
2020-08-17,Spain,NA,Navarra,647554,89,0,8572,532
2020-08-18,Spain,NA,Navarra,647554,98,0,8670,532
2020-08-19,Spain,NA,Navarra,647554,109,0,8779,532
2020-08-20,Spain,NA,Navarra,647554,88,0,8867,532
2020-08-21,Spain,NA,Navarra,647554,118,0,8985,532
2020-08-22,Spain,NA,Navarra,647554,78,1,9063,533
2020-08-23,Spain,NA,Navarra,647554,70,0,9133,533
2020-02-29,Spain,NA,Pais Vasco,2167707,25,0,115,0
2020-03-01,Spain,NA,Pais Vasco,2167707,47,0,162,0
2020-03-02,Spain,NA,Pais Vasco,2167707,54,0,216,0
2020-03-03,Spain,NA,Pais Vasco,2167707,57,0,273,0
2020-03-04,Spain,NA,Pais Vasco,2167707,69,1,342,1
2020-03-05,Spain,NA,Pais Vasco,2167707,75,0,417,1
2020-03-06,Spain,NA,Pais Vasco,2167707,80,0,497,1
2020-03-07,Spain,NA,Pais Vasco,2167707,87,1,584,2
2020-03-08,Spain,NA,Pais Vasco,2167707,98,2,682,4
2020-03-09,Spain,NA,Pais Vasco,2167707,140,2,822,6
2020-03-10,Spain,NA,Pais Vasco,2167707,225,0,1047,6
2020-03-11,Spain,NA,Pais Vasco,2167707,221,5,1268,11
2020-03-12,Spain,NA,Pais Vasco,2167707,264,3,1532,14
2020-03-13,Spain,NA,Pais Vasco,2167707,410,6,1942,20
2020-03-14,Spain,NA,Pais Vasco,2167707,410,2,2352,22
2020-03-15,Spain,NA,Pais Vasco,2167707,417,14,2769,36
2020-03-16,Spain,NA,Pais Vasco,2167707,579,5,3348,41
2020-03-17,Spain,NA,Pais Vasco,2167707,519,11,3867,52
2020-03-18,Spain,NA,Pais Vasco,2167707,544,19,4411,71
2020-03-19,Spain,NA,Pais Vasco,2167707,450,16,4861,87
2020-03-20,Spain,NA,Pais Vasco,2167707,583,16,5444,103
2020-03-21,Spain,NA,Pais Vasco,2167707,423,21,5867,124
2020-03-22,Spain,NA,Pais Vasco,2167707,384,21,6251,145
2020-03-23,Spain,NA,Pais Vasco,2167707,460,17,6711,162
2020-03-24,Spain,NA,Pais Vasco,2167707,377,25,7088,187
2020-03-25,Spain,NA,Pais Vasco,2167707,391,35,7479,222
2020-03-26,Spain,NA,Pais Vasco,2167707,351,26,7830,248
2020-03-27,Spain,NA,Pais Vasco,2167707,387,32,8217,280
2020-03-28,Spain,NA,Pais Vasco,2167707,279,36,8496,316
2020-03-29,Spain,NA,Pais Vasco,2167707,240,39,8736,355
2020-03-30,Spain,NA,Pais Vasco,2167707,304,41,9040,396
2020-03-31,Spain,NA,Pais Vasco,2167707,249,42,9289,438
2020-04-01,Spain,NA,Pais Vasco,2167707,266,43,9555,481
2020-04-02,Spain,NA,Pais Vasco,2167707,239,33,9794,514
2020-04-03,Spain,NA,Pais Vasco,2167707,309,50,10103,564
2020-04-04,Spain,NA,Pais Vasco,2167707,201,51,10304,615
2020-04-05,Spain,NA,Pais Vasco,2167707,218,46,10522,661
2020-04-06,Spain,NA,Pais Vasco,2167707,284,51,10806,712
2020-04-07,Spain,NA,Pais Vasco,2167707,223,47,11029,759
2020-04-08,Spain,NA,Pais Vasco,2167707,218,39,11247,798
2020-04-09,Spain,NA,Pais Vasco,2167707,193,49,11440,847
2020-04-10,Spain,NA,Pais Vasco,2167707,176,38,11616,885
2020-04-11,Spain,NA,Pais Vasco,2167707,124,42,11740,927
2020-04-12,Spain,NA,Pais Vasco,2167707,142,32,11882,959
2020-04-13,Spain,NA,Pais Vasco,2167707,110,45,11992,1004
2020-04-14,Spain,NA,Pais Vasco,2167707,90,32,12082,1036
2020-04-15,Spain,NA,Pais Vasco,2167707,99,29,12181,1065
2020-04-16,Spain,NA,Pais Vasco,2167707,108,27,12289,1092
2020-04-17,Spain,NA,Pais Vasco,2167707,132,31,12421,1123
2020-04-18,Spain,NA,Pais Vasco,2167707,97,26,12518,1149
2020-04-19,Spain,NA,Pais Vasco,2167707,50,23,12568,1172
2020-04-20,Spain,NA,Pais Vasco,2167707,78,15,12646,1187
2020-04-21,Spain,NA,Pais Vasco,2167707,70,28,12716,1215
2020-04-22,Spain,NA,Pais Vasco,2167707,49,14,12765,1229
2020-04-23,Spain,NA,Pais Vasco,2167707,58,16,12823,1245
2020-04-24,Spain,NA,Pais Vasco,2167707,85,13,12908,1258
2020-04-25,Spain,NA,Pais Vasco,2167707,38,15,12946,1273
2020-04-26,Spain,NA,Pais Vasco,2167707,31,9,12977,1282
2020-04-27,Spain,NA,Pais Vasco,2167707,29,13,13006,1295
2020-04-28,Spain,NA,Pais Vasco,2167707,38,18,13044,1313
2020-04-29,Spain,NA,Pais Vasco,2167707,31,8,13075,1321
2020-04-30,Spain,NA,Pais Vasco,2167707,26,10,13101,1331
2020-05-01,Spain,NA,Pais Vasco,2167707,31,12,13132,1343
2020-05-02,Spain,NA,Pais Vasco,2167707,41,11,13173,1354
2020-05-03,Spain,NA,Pais Vasco,2167707,28,12,13201,1366
2020-05-04,Spain,NA,Pais Vasco,2167707,13,12,13214,1378
2020-05-05,Spain,NA,Pais Vasco,2167707,19,9,13233,1387
2020-05-06,Spain,NA,Pais Vasco,2167707,13,5,13246,1392
2020-05-07,Spain,NA,Pais Vasco,2167707,12,10,13258,1402
2020-05-08,Spain,NA,Pais Vasco,2167707,18,9,13276,1411
2020-05-09,Spain,NA,Pais Vasco,2167707,13,7,13289,1418
2020-05-10,Spain,NA,Pais Vasco,2167707,6,5,13295,1423
2020-05-11,Spain,NA,Pais Vasco,2167707,23,8,13318,1431
2020-05-12,Spain,NA,Pais Vasco,2167707,18,8,13336,1439
2020-05-13,Spain,NA,Pais Vasco,2167707,22,1,13358,1440
2020-05-14,Spain,NA,Pais Vasco,2167707,12,3,13370,1443
2020-05-15,Spain,NA,Pais Vasco,2167707,11,5,13381,1448
2020-05-16,Spain,NA,Pais Vasco,2167707,7,8,13388,1456
2020-05-17,Spain,NA,Pais Vasco,2167707,6,2,13394,1458
2020-05-18,Spain,NA,Pais Vasco,2167707,13,6,13407,1464
2020-05-19,Spain,NA,Pais Vasco,2167707,12,4,13419,1468
2020-05-20,Spain,NA,Pais Vasco,2167707,8,4,13427,1472
2020-05-21,Spain,NA,Pais Vasco,2167707,9,4,13436,1476
2020-05-22,Spain,NA,Pais Vasco,2167707,6,7,13442,1483
2020-05-23,Spain,NA,Pais Vasco,2167707,6,3,13448,1486
2020-05-24,Spain,NA,Pais Vasco,2167707,2,9,13450,1495
2020-05-25,Spain,NA,Pais Vasco,2167707,6,3,13456,1498
2020-05-26,Spain,NA,Pais Vasco,2167707,8,3,13464,1501
2020-05-27,Spain,NA,Pais Vasco,2167707,2,2,13466,1503
2020-05-28,Spain,NA,Pais Vasco,2167707,4,4,13470,1507
2020-05-29,Spain,NA,Pais Vasco,2167707,2,6,13472,1513
2020-05-30,Spain,NA,Pais Vasco,2167707,3,4,13475,1517
2020-05-31,Spain,NA,Pais Vasco,2167707,0,2,13475,1519
2020-06-01,Spain,NA,Pais Vasco,2167707,7,3,13482,1522
2020-06-02,Spain,NA,Pais Vasco,2167707,11,5,13493,1527
2020-06-03,Spain,NA,Pais Vasco,2167707,7,2,13500,1529
2020-06-04,Spain,NA,Pais Vasco,2167707,6,5,13506,1534
2020-06-05,Spain,NA,Pais Vasco,2167707,9,4,13515,1538
2020-06-06,Spain,NA,Pais Vasco,2167707,8,4,13523,1542
2020-06-07,Spain,NA,Pais Vasco,2167707,12,2,13535,1544
2020-06-08,Spain,NA,Pais Vasco,2167707,14,2,13549,1546
2020-06-09,Spain,NA,Pais Vasco,2167707,12,1,13561,1547
2020-06-10,Spain,NA,Pais Vasco,2167707,8,3,13569,1550
2020-06-11,Spain,NA,Pais Vasco,2167707,10,2,13579,1552
2020-06-12,Spain,NA,Pais Vasco,2167707,18,0,13597,1552
2020-06-13,Spain,NA,Pais Vasco,2167707,8,2,13605,1554
2020-06-14,Spain,NA,Pais Vasco,2167707,6,0,13611,1554
2020-06-15,Spain,NA,Pais Vasco,2167707,14,0,13625,1554
2020-06-16,Spain,NA,Pais Vasco,2167707,11,0,13636,1554
2020-06-17,Spain,NA,Pais Vasco,2167707,8,0,13644,1554
2020-06-18,Spain,NA,Pais Vasco,2167707,12,1,13656,1555
2020-06-19,Spain,NA,Pais Vasco,2167707,11,0,13667,1555
2020-06-20,Spain,NA,Pais Vasco,2167707,4,0,13671,1555
2020-06-21,Spain,NA,Pais Vasco,2167707,6,0,13677,1555
2020-06-22,Spain,NA,Pais Vasco,2167707,7,0,13684,1555
2020-06-23,Spain,NA,Pais Vasco,2167707,5,1,13689,1556
2020-06-24,Spain,NA,Pais Vasco,2167707,13,0,13702,1556
2020-06-25,Spain,NA,Pais Vasco,2167707,5,1,13707,1557
2020-06-26,Spain,NA,Pais Vasco,2167707,10,0,13717,1557
2020-06-27,Spain,NA,Pais Vasco,2167707,5,0,13722,1557
2020-06-28,Spain,NA,Pais Vasco,2167707,7,1,13729,1558
2020-06-29,Spain,NA,Pais Vasco,2167707,8,1,13737,1559
2020-06-30,Spain,NA,Pais Vasco,2167707,14,0,13751,1559
2020-07-01,Spain,NA,Pais Vasco,2167707,7,2,13758,1561
2020-07-02,Spain,NA,Pais Vasco,2167707,8,0,13766,1561
2020-07-03,Spain,NA,Pais Vasco,2167707,13,0,13779,1561
2020-07-04,Spain,NA,Pais Vasco,2167707,7,0,13786,1561
2020-07-05,Spain,NA,Pais Vasco,2167707,17,0,13803,1561
2020-07-06,Spain,NA,Pais Vasco,2167707,31,0,13834,1561
2020-07-07,Spain,NA,Pais Vasco,2167707,31,0,13865,1561
2020-07-08,Spain,NA,Pais Vasco,2167707,37,0,13902,1561
2020-07-09,Spain,NA,Pais Vasco,2167707,34,0,13936,1561
2020-07-10,Spain,NA,Pais Vasco,2167707,25,0,13961,1561
2020-07-11,Spain,NA,Pais Vasco,2167707,41,0,14002,1561
2020-07-12,Spain,NA,Pais Vasco,2167707,44,1,14046,1562
2020-07-13,Spain,NA,Pais Vasco,2167707,52,0,14098,1562
2020-07-14,Spain,NA,Pais Vasco,2167707,80,1,14178,1563
2020-07-15,Spain,NA,Pais Vasco,2167707,93,0,14271,1563
2020-07-16,Spain,NA,Pais Vasco,2167707,127,0,14398,1563
2020-07-17,Spain,NA,Pais Vasco,2167707,102,0,14500,1563
2020-07-18,Spain,NA,Pais Vasco,2167707,185,1,14685,1564
2020-07-19,Spain,NA,Pais Vasco,2167707,97,0,14782,1564
2020-07-20,Spain,NA,Pais Vasco,2167707,111,0,14893,1564
2020-07-21,Spain,NA,Pais Vasco,2167707,127,0,15020,1564
2020-07-22,Spain,NA,Pais Vasco,2167707,158,0,15178,1564
2020-07-23,Spain,NA,Pais Vasco,2167707,120,0,15298,1564
2020-07-24,Spain,NA,Pais Vasco,2167707,110,0,15408,1564
2020-07-25,Spain,NA,Pais Vasco,2167707,170,0,15578,1564
2020-07-26,Spain,NA,Pais Vasco,2167707,170,0,15748,1564
2020-07-27,Spain,NA,Pais Vasco,2167707,219,0,15967,1564
2020-07-28,Spain,NA,Pais Vasco,2167707,229,0,16196,1564
2020-07-29,Spain,NA,Pais Vasco,2167707,201,0,16397,1564
2020-07-30,Spain,NA,Pais Vasco,2167707,143,0,16540,1564
2020-07-31,Spain,NA,Pais Vasco,2167707,183,0,16723,1564
2020-08-01,Spain,NA,Pais Vasco,2167707,216,0,16939,1564
2020-08-02,Spain,NA,Pais Vasco,2167707,305,0,17244,1564
2020-08-03,Spain,NA,Pais Vasco,2167707,406,0,17650,1564
2020-08-04,Spain,NA,Pais Vasco,2167707,364,1,18014,1565
2020-08-05,Spain,NA,Pais Vasco,2167707,370,0,18384,1565
2020-08-06,Spain,NA,Pais Vasco,2167707,340,0,18724,1565
2020-08-07,Spain,NA,Pais Vasco,2167707,258,0,18982,1565
2020-08-08,Spain,NA,Pais Vasco,2167707,290,0,19272,1565
2020-08-09,Spain,NA,Pais Vasco,2167707,527,1,19799,1566
2020-08-10,Spain,NA,Pais Vasco,2167707,504,0,20303,1566
2020-08-11,Spain,NA,Pais Vasco,2167707,561,0,20864,1566
2020-08-12,Spain,NA,Pais Vasco,2167707,597,0,21461,1566
2020-08-13,Spain,NA,Pais Vasco,2167707,352,0,21813,1566
2020-08-14,Spain,NA,Pais Vasco,2167707,276,1,22089,1567
2020-08-15,Spain,NA,Pais Vasco,2167707,484,0,22573,1567
2020-08-16,Spain,NA,Pais Vasco,2167707,539,0,23112,1567
2020-08-17,Spain,NA,Pais Vasco,2167707,698,1,23810,1568
2020-08-18,Spain,NA,Pais Vasco,2167707,572,0,24382,1568
2020-08-19,Spain,NA,Pais Vasco,2167707,652,2,25034,1570
2020-08-20,Spain,NA,Pais Vasco,2167707,420,1,25454,1571
2020-08-21,Spain,NA,Pais Vasco,2167707,231,2,25685,1573
2020-08-22,Spain,NA,Pais Vasco,2167707,152,0,25837,1573
2020-08-23,Spain,NA,Pais Vasco,2167707,636,3,26473,1576
2020-03-10,Spain,NA,Region de Murcia,1504607,48,0,147,0
2020-03-11,Spain,NA,Region de Murcia,1504607,56,0,203,0
2020-03-12,Spain,NA,Region de Murcia,1504607,40,0,243,0
2020-03-13,Spain,NA,Region de Murcia,1504607,70,0,313,0
2020-03-14,Spain,NA,Region de Murcia,1504607,80,0,393,0
2020-03-15,Spain,NA,Region de Murcia,1504607,70,0,463,0
2020-03-16,Spain,NA,Region de Murcia,1504607,98,0,561,0
2020-03-17,Spain,NA,Region de Murcia,1504607,79,0,640,0
2020-03-18,Spain,NA,Region de Murcia,1504607,91,0,731,0
2020-03-19,Spain,NA,Region de Murcia,1504607,80,0,811,0
2020-03-20,Spain,NA,Region de Murcia,1504607,86,1,897,1
2020-03-21,Spain,NA,Region de Murcia,1504607,67,0,964,1
2020-03-22,Spain,NA,Region de Murcia,1504607,64,2,1028,3
2020-03-23,Spain,NA,Region de Murcia,1504607,100,0,1128,3
2020-03-24,Spain,NA,Region de Murcia,1504607,61,4,1189,7
2020-03-25,Spain,NA,Region de Murcia,1504607,65,4,1254,11
2020-03-26,Spain,NA,Region de Murcia,1504607,36,8,1290,19
2020-03-27,Spain,NA,Region de Murcia,1504607,36,6,1326,25
2020-03-28,Spain,NA,Region de Murcia,1504607,29,6,1355,31
2020-03-29,Spain,NA,Region de Murcia,1504607,23,9,1378,40
2020-03-30,Spain,NA,Region de Murcia,1504607,26,3,1404,43
2020-03-31,Spain,NA,Region de Murcia,1504607,23,6,1427,49
2020-04-01,Spain,NA,Region de Murcia,1504607,19,3,1446,52
2020-04-02,Spain,NA,Region de Murcia,1504607,21,7,1467,59
2020-04-03,Spain,NA,Region de Murcia,1504607,14,7,1481,66
2020-04-04,Spain,NA,Region de Murcia,1504607,19,5,1500,71
2020-04-05,Spain,NA,Region de Murcia,1504607,11,13,1511,84
2020-04-06,Spain,NA,Region de Murcia,1504607,6,5,1517,89
2020-04-07,Spain,NA,Region de Murcia,1504607,4,4,1521,93
2020-04-08,Spain,NA,Region de Murcia,1504607,16,6,1537,99
2020-04-09,Spain,NA,Region de Murcia,1504607,5,2,1542,101
2020-04-10,Spain,NA,Region de Murcia,1504607,5,3,1547,104
2020-04-11,Spain,NA,Region de Murcia,1504607,5,4,1552,108
2020-04-12,Spain,NA,Region de Murcia,1504607,4,4,1556,112
2020-04-13,Spain,NA,Region de Murcia,1504607,1,2,1557,114
2020-04-14,Spain,NA,Region de Murcia,1504607,5,3,1562,117
2020-04-15,Spain,NA,Region de Murcia,1504607,5,0,1567,117
2020-04-16,Spain,NA,Region de Murcia,1504607,1,2,1568,119
2020-04-17,Spain,NA,Region de Murcia,1504607,3,4,1571,123
2020-04-18,Spain,NA,Region de Murcia,1504607,0,1,1571,124
2020-04-19,Spain,NA,Region de Murcia,1504607,3,2,1574,126
2020-04-20,Spain,NA,Region de Murcia,1504607,1,0,1575,126
2020-04-21,Spain,NA,Region de Murcia,1504607,2,2,1577,128
2020-04-22,Spain,NA,Region de Murcia,1504607,3,1,1580,129
2020-04-23,Spain,NA,Region de Murcia,1504607,3,1,1583,130
2020-04-24,Spain,NA,Region de Murcia,1504607,0,1,1583,131
2020-04-25,Spain,NA,Region de Murcia,1504607,2,1,1585,132
2020-04-26,Spain,NA,Region de Murcia,1504607,3,2,1588,134
2020-04-27,Spain,NA,Region de Murcia,1504607,0,0,1588,134
2020-04-28,Spain,NA,Region de Murcia,1504607,0,0,1588,134
2020-04-29,Spain,NA,Region de Murcia,1504607,2,0,1590,134
2020-04-30,Spain,NA,Region de Murcia,1504607,1,2,1591,136
2020-05-01,Spain,NA,Region de Murcia,1504607,1,1,1592,137
2020-05-02,Spain,NA,Region de Murcia,1504607,1,3,1593,140
2020-05-03,Spain,NA,Region de Murcia,1504607,1,0,1594,140
2020-05-04,Spain,NA,Region de Murcia,1504607,1,0,1595,140
2020-05-05,Spain,NA,Region de Murcia,1504607,1,1,1596,141
2020-05-06,Spain,NA,Region de Murcia,1504607,2,0,1598,141
2020-05-07,Spain,NA,Region de Murcia,1504607,2,1,1600,142
2020-05-08,Spain,NA,Region de Murcia,1504607,1,0,1601,142
2020-05-09,Spain,NA,Region de Murcia,1504607,1,0,1602,142
2020-05-10,Spain,NA,Region de Murcia,1504607,1,0,1603,142
2020-05-11,Spain,NA,Region de Murcia,1504607,2,0,1605,142
2020-05-12,Spain,NA,Region de Murcia,1504607,3,1,1608,143
2020-05-13,Spain,NA,Region de Murcia,1504607,5,0,1613,143
2020-05-14,Spain,NA,Region de Murcia,1504607,2,1,1615,144
2020-05-15,Spain,NA,Region de Murcia,1504607,0,0,1615,144
2020-05-16,Spain,NA,Region de Murcia,1504607,1,0,1616,144
2020-05-17,Spain,NA,Region de Murcia,1504607,1,1,1617,145
2020-05-18,Spain,NA,Region de Murcia,1504607,2,0,1619,145
2020-05-19,Spain,NA,Region de Murcia,1504607,2,0,1621,145
2020-05-20,Spain,NA,Region de Murcia,1504607,0,0,1621,145
2020-05-21,Spain,NA,Region de Murcia,1504607,1,1,1622,146
2020-05-22,Spain,NA,Region de Murcia,1504607,1,0,1623,146
2020-05-23,Spain,NA,Region de Murcia,1504607,2,0,1625,146
2020-05-24,Spain,NA,Region de Murcia,1504607,0,0,1625,146
2020-05-25,Spain,NA,Region de Murcia,1504607,1,0,1626,146
2020-05-26,Spain,NA,Region de Murcia,1504607,0,0,1626,146
2020-05-27,Spain,NA,Region de Murcia,1504607,4,0,1630,146
2020-05-28,Spain,NA,Region de Murcia,1504607,2,0,1632,146
2020-05-29,Spain,NA,Region de Murcia,1504607,1,0,1633,146
2020-05-30,Spain,NA,Region de Murcia,1504607,1,0,1634,146
2020-05-31,Spain,NA,Region de Murcia,1504607,0,0,1634,146
2020-06-01,Spain,NA,Region de Murcia,1504607,4,0,1638,146
2020-06-02,Spain,NA,Region de Murcia,1504607,2,0,1640,146
2020-06-03,Spain,NA,Region de Murcia,1504607,2,0,1642,146
2020-06-04,Spain,NA,Region de Murcia,1504607,2,0,1644,146
2020-06-05,Spain,NA,Region de Murcia,1504607,1,0,1645,146
2020-06-06,Spain,NA,Region de Murcia,1504607,3,0,1648,146
2020-06-07,Spain,NA,Region de Murcia,1504607,0,0,1648,146
2020-06-08,Spain,NA,Region de Murcia,1504607,2,1,1650,147
2020-06-09,Spain,NA,Region de Murcia,1504607,2,0,1652,147
2020-06-10,Spain,NA,Region de Murcia,1504607,1,0,1653,147
2020-06-11,Spain,NA,Region de Murcia,1504607,0,0,1653,147
2020-06-12,Spain,NA,Region de Murcia,1504607,0,0,1653,147
2020-06-13,Spain,NA,Region de Murcia,1504607,1,0,1654,147
2020-06-14,Spain,NA,Region de Murcia,1504607,3,0,1657,147
2020-06-15,Spain,NA,Region de Murcia,1504607,2,0,1659,147
2020-06-16,Spain,NA,Region de Murcia,1504607,1,0,1660,147
2020-06-17,Spain,NA,Region de Murcia,1504607,2,0,1662,147
2020-06-18,Spain,NA,Region de Murcia,1504607,2,0,1664,147
2020-06-19,Spain,NA,Region de Murcia,1504607,3,0,1667,147
2020-06-20,Spain,NA,Region de Murcia,1504607,3,0,1670,147
2020-06-21,Spain,NA,Region de Murcia,1504607,4,0,1674,147
2020-06-22,Spain,NA,Region de Murcia,1504607,3,0,1677,147
2020-06-23,Spain,NA,Region de Murcia,1504607,5,0,1682,147
2020-06-24,Spain,NA,Region de Murcia,1504607,7,0,1689,147
2020-06-25,Spain,NA,Region de Murcia,1504607,5,0,1694,147
2020-06-26,Spain,NA,Region de Murcia,1504607,6,0,1700,147
2020-06-27,Spain,NA,Region de Murcia,1504607,6,0,1706,147
2020-06-28,Spain,NA,Region de Murcia,1504607,3,0,1709,147
2020-06-29,Spain,NA,Region de Murcia,1504607,10,0,1719,147
2020-06-30,Spain,NA,Region de Murcia,1504607,3,0,1722,147
2020-07-01,Spain,NA,Region de Murcia,1504607,5,0,1727,147
2020-07-02,Spain,NA,Region de Murcia,1504607,2,0,1729,147
2020-07-03,Spain,NA,Region de Murcia,1504607,2,0,1731,147
2020-07-04,Spain,NA,Region de Murcia,1504607,6,0,1737,147
2020-07-05,Spain,NA,Region de Murcia,1504607,7,0,1744,147
2020-07-06,Spain,NA,Region de Murcia,1504607,8,0,1752,147
2020-07-07,Spain,NA,Region de Murcia,1504607,12,0,1764,147
2020-07-08,Spain,NA,Region de Murcia,1504607,17,0,1781,147
2020-07-09,Spain,NA,Region de Murcia,1504607,6,0,1787,147
2020-07-10,Spain,NA,Region de Murcia,1504607,9,0,1796,147
2020-07-11,Spain,NA,Region de Murcia,1504607,16,0,1812,147
2020-07-12,Spain,NA,Region de Murcia,1504607,12,0,1824,147
2020-07-13,Spain,NA,Region de Murcia,1504607,13,0,1837,147
2020-07-14,Spain,NA,Region de Murcia,1504607,20,0,1857,147
2020-07-15,Spain,NA,Region de Murcia,1504607,32,0,1889,147
2020-07-16,Spain,NA,Region de Murcia,1504607,23,0,1912,147
2020-07-17,Spain,NA,Region de Murcia,1504607,31,0,1943,147
2020-07-18,Spain,NA,Region de Murcia,1504607,21,0,1964,147
2020-07-19,Spain,NA,Region de Murcia,1504607,25,0,1989,147
2020-07-20,Spain,NA,Region de Murcia,1504607,38,0,2027,147
2020-07-21,Spain,NA,Region de Murcia,1504607,47,0,2074,147
2020-07-22,Spain,NA,Region de Murcia,1504607,60,0,2134,147
2020-07-23,Spain,NA,Region de Murcia,1504607,46,0,2180,147
2020-07-24,Spain,NA,Region de Murcia,1504607,58,0,2238,147
2020-07-25,Spain,NA,Region de Murcia,1504607,67,0,2305,147
2020-07-26,Spain,NA,Region de Murcia,1504607,50,0,2355,147
2020-07-27,Spain,NA,Region de Murcia,1504607,60,0,2415,147
2020-07-28,Spain,NA,Region de Murcia,1504607,73,0,2488,147
2020-07-29,Spain,NA,Region de Murcia,1504607,90,0,2578,147
2020-07-30,Spain,NA,Region de Murcia,1504607,63,0,2641,147
2020-07-31,Spain,NA,Region de Murcia,1504607,54,0,2695,147
2020-08-01,Spain,NA,Region de Murcia,1504607,80,0,2775,147
2020-08-02,Spain,NA,Region de Murcia,1504607,59,0,2834,147
2020-08-03,Spain,NA,Region de Murcia,1504607,75,0,2909,147
2020-08-04,Spain,NA,Region de Murcia,1504607,94,0,3003,147
2020-08-05,Spain,NA,Region de Murcia,1504607,61,0,3064,147
2020-08-06,Spain,NA,Region de Murcia,1504607,60,0,3124,147
2020-08-07,Spain,NA,Region de Murcia,1504607,107,0,3231,147
2020-08-08,Spain,NA,Region de Murcia,1504607,85,0,3316,147
2020-08-09,Spain,NA,Region de Murcia,1504607,85,0,3401,147
2020-08-10,Spain,NA,Region de Murcia,1504607,110,0,3511,147
2020-08-11,Spain,NA,Region de Murcia,1504607,111,0,3622,147
2020-08-12,Spain,NA,Region de Murcia,1504607,122,0,3744,147
2020-08-13,Spain,NA,Region de Murcia,1504607,160,0,3904,147
2020-08-14,Spain,NA,Region de Murcia,1504607,136,0,4040,147
2020-08-15,Spain,NA,Region de Murcia,1504607,143,2,4183,149
2020-08-16,Spain,NA,Region de Murcia,1504607,88,0,4271,149
2020-08-17,Spain,NA,Region de Murcia,1504607,115,0,4386,149
2020-08-18,Spain,NA,Region de Murcia,1504607,102,0,4488,149
2020-08-19,Spain,NA,Region de Murcia,1504607,77,0,4565,149
2020-08-20,Spain,NA,Region de Murcia,1504607,86,1,4651,150
2020-08-21,Spain,NA,Region de Murcia,1504607,102,0,4753,150
2020-08-22,Spain,NA,Region de Murcia,1504607,63,0,4816,150
2020-08-23,Spain,NA,Region de Murcia,1504607,47,0,4863,150
2020-04-13,Ukraine,NA,Cherkasy,1220363,3,0,102,2
2020-04-14,Ukraine,NA,Cherkasy,1220363,3,0,105,2
2020-04-15,Ukraine,NA,Cherkasy,1220363,0,0,105,2
2020-04-16,Ukraine,NA,Cherkasy,1220363,5,0,110,2
2020-04-17,Ukraine,NA,Cherkasy,1220363,27,0,137,2
2020-04-18,Ukraine,NA,Cherkasy,1220363,4,0,141,2
2020-04-19,Ukraine,NA,Cherkasy,1220363,10,0,151,2
2020-04-20,Ukraine,NA,Cherkasy,1220363,14,0,165,2
2020-04-21,Ukraine,NA,Cherkasy,1220363,21,1,186,3
2020-04-22,Ukraine,NA,Cherkasy,1220363,20,0,206,3
2020-04-23,Ukraine,NA,Cherkasy,1220363,14,0,220,3
2020-04-24,Ukraine,NA,Cherkasy,1220363,14,0,234,3
2020-04-25,Ukraine,NA,Cherkasy,1220363,15,0,249,3
2020-04-26,Ukraine,NA,Cherkasy,1220363,8,1,257,4
2020-04-27,Ukraine,NA,Cherkasy,1220363,10,3,267,7
2020-04-28,Ukraine,NA,Cherkasy,1220363,9,1,276,8
2020-04-29,Ukraine,NA,Cherkasy,1220363,6,0,282,8
2020-04-30,Ukraine,NA,Cherkasy,1220363,8,0,290,8
2020-05-01,Ukraine,NA,Cherkasy,1220363,6,1,296,9
2020-05-02,Ukraine,NA,Cherkasy,1220363,8,0,304,9
2020-05-03,Ukraine,NA,Cherkasy,1220363,4,0,308,9
2020-05-04,Ukraine,NA,Cherkasy,1220363,4,0,312,9
2020-05-05,Ukraine,NA,Cherkasy,1220363,2,0,314,9
2020-05-06,Ukraine,NA,Cherkasy,1220363,0,1,314,10
2020-05-07,Ukraine,NA,Cherkasy,1220363,10,0,324,10
2020-05-08,Ukraine,NA,Cherkasy,1220363,7,1,331,11
2020-05-09,Ukraine,NA,Cherkasy,1220363,2,1,333,12
2020-05-10,Ukraine,NA,Cherkasy,1220363,8,0,341,12
2020-05-11,Ukraine,NA,Cherkasy,1220363,1,1,342,13
2020-05-12,Ukraine,NA,Cherkasy,1220363,1,0,343,13
2020-05-13,Ukraine,NA,Cherkasy,1220363,3,1,346,14
2020-05-14,Ukraine,NA,Cherkasy,1220363,2,1,348,15
2020-05-15,Ukraine,NA,Cherkasy,1220363,2,0,350,15
2020-05-16,Ukraine,NA,Cherkasy,1220363,13,1,363,16
2020-05-17,Ukraine,NA,Cherkasy,1220363,9,0,372,16
2020-05-18,Ukraine,NA,Cherkasy,1220363,0,0,372,16
2020-05-19,Ukraine,NA,Cherkasy,1220363,4,0,376,16
2020-05-20,Ukraine,NA,Cherkasy,1220363,5,0,381,16
2020-05-21,Ukraine,NA,Cherkasy,1220363,0,0,381,16
2020-05-22,Ukraine,NA,Cherkasy,1220363,2,0,383,16
2020-05-23,Ukraine,NA,Cherkasy,1220363,4,0,387,16
2020-05-24,Ukraine,NA,Cherkasy,1220363,1,0,388,16
2020-05-25,Ukraine,NA,Cherkasy,1220363,3,0,391,16
2020-05-26,Ukraine,NA,Cherkasy,1220363,1,0,392,16
2020-05-27,Ukraine,NA,Cherkasy,1220363,1,0,393,16
2020-05-28,Ukraine,NA,Cherkasy,1220363,8,0,401,16
2020-05-29,Ukraine,NA,Cherkasy,1220363,0,0,401,16
2020-05-30,Ukraine,NA,Cherkasy,1220363,0,0,401,16
2020-05-31,Ukraine,NA,Cherkasy,1220363,1,0,402,16
2020-06-01,Ukraine,NA,Cherkasy,1220363,4,0,406,16
2020-06-02,Ukraine,NA,Cherkasy,1220363,5,0,411,16
2020-06-03,Ukraine,NA,Cherkasy,1220363,5,0,416,16
2020-06-04,Ukraine,NA,Cherkasy,1220363,13,0,429,16
2020-06-05,Ukraine,NA,Cherkasy,1220363,3,0,432,16
2020-06-06,Ukraine,NA,Cherkasy,1220363,16,1,448,17
2020-06-07,Ukraine,NA,Cherkasy,1220363,12,1,460,18
2020-06-08,Ukraine,NA,Cherkasy,1220363,9,0,469,18
2020-06-09,Ukraine,NA,Cherkasy,1220363,21,0,490,18
2020-06-10,Ukraine,NA,Cherkasy,1220363,11,1,501,19
2020-06-11,Ukraine,NA,Cherkasy,1220363,5,0,506,19
2020-06-12,Ukraine,NA,Cherkasy,1220363,11,0,517,19
2020-06-13,Ukraine,NA,Cherkasy,1220363,19,0,536,19
2020-06-14,Ukraine,NA,Cherkasy,1220363,7,0,543,19
2020-06-15,Ukraine,NA,Cherkasy,1220363,9,0,552,19
2020-06-16,Ukraine,NA,Cherkasy,1220363,10,1,562,20
2020-06-17,Ukraine,NA,Cherkasy,1220363,2,1,564,21
2020-06-18,Ukraine,NA,Cherkasy,1220363,4,0,568,21
2020-06-19,Ukraine,NA,Cherkasy,1220363,17,0,585,21
2020-06-20,Ukraine,NA,Cherkasy,1220363,7,0,592,21
2020-06-21,Ukraine,NA,Cherkasy,1220363,11,0,603,21
2020-06-22,Ukraine,NA,Cherkasy,1220363,0,0,603,21
2020-06-23,Ukraine,NA,Cherkasy,1220363,2,0,605,21
2020-06-24,Ukraine,NA,Cherkasy,1220363,9,1,614,22
2020-06-25,Ukraine,NA,Cherkasy,1220363,2,0,616,22
2020-06-26,Ukraine,NA,Cherkasy,1220363,11,1,627,23
2020-06-27,Ukraine,NA,Cherkasy,1220363,8,1,635,24
2020-06-28,Ukraine,NA,Cherkasy,1220363,7,0,642,24
2020-06-29,Ukraine,NA,Cherkasy,1220363,0,0,642,24
2020-06-30,Ukraine,NA,Cherkasy,1220363,0,0,642,24
2020-07-01,Ukraine,NA,Cherkasy,1220363,3,1,645,25
2020-07-02,Ukraine,NA,Cherkasy,1220363,0,1,645,26
2020-07-03,Ukraine,NA,Cherkasy,1220363,8,0,653,26
2020-07-04,Ukraine,NA,Cherkasy,1220363,4,0,657,26
2020-07-05,Ukraine,NA,Cherkasy,1220363,4,0,661,26
2020-07-06,Ukraine,NA,Cherkasy,1220363,9,0,670,26
2020-07-07,Ukraine,NA,Cherkasy,1220363,8,0,678,26
2020-07-08,Ukraine,NA,Cherkasy,1220363,17,1,695,27
2020-07-09,Ukraine,NA,Cherkasy,1220363,12,1,707,28
2020-07-10,Ukraine,NA,Cherkasy,1220363,18,0,725,28
2020-07-11,Ukraine,NA,Cherkasy,1220363,13,1,738,29
2020-07-12,Ukraine,NA,Cherkasy,1220363,10,1,748,30
2020-07-13,Ukraine,NA,Cherkasy,1220363,6,1,754,31
2020-07-14,Ukraine,NA,Cherkasy,1220363,1,0,755,31
2020-07-15,Ukraine,NA,Cherkasy,1220363,16,1,771,32
2020-07-16,Ukraine,NA,Cherkasy,1220363,12,0,783,32
2020-07-17,Ukraine,NA,Cherkasy,1220363,17,0,800,32
2020-07-18,Ukraine,NA,Cherkasy,1220363,18,1,818,33
2020-07-19,Ukraine,NA,Cherkasy,1220363,15,1,833,34
2020-07-20,Ukraine,NA,Cherkasy,1220363,12,0,845,34
2020-07-21,Ukraine,NA,Cherkasy,1220363,2,1,847,35
2020-07-22,Ukraine,NA,Cherkasy,1220363,6,1,853,36
2020-07-23,Ukraine,NA,Cherkasy,1220363,17,0,870,36
2020-07-24,Ukraine,NA,Cherkasy,1220363,18,0,888,36
2020-07-25,Ukraine,NA,Cherkasy,1220363,9,0,897,36
2020-07-26,Ukraine,NA,Cherkasy,1220363,0,0,897,36
2020-07-27,Ukraine,NA,Cherkasy,1220363,5,0,902,36
2020-07-28,Ukraine,NA,Cherkasy,1220363,4,0,906,36
2020-07-29,Ukraine,NA,Cherkasy,1220363,4,1,910,37
2020-07-30,Ukraine,NA,Cherkasy,1220363,9,0,919,37
2020-07-31,Ukraine,NA,Cherkasy,1220363,5,0,924,37
2020-08-01,Ukraine,NA,Cherkasy,1220363,18,0,942,37
2020-08-02,Ukraine,NA,Cherkasy,1220363,7,0,949,37
2020-08-03,Ukraine,NA,Cherkasy,1220363,5,0,954,37
2020-08-04,Ukraine,NA,Cherkasy,1220363,1,0,955,37
2020-08-05,Ukraine,NA,Cherkasy,1220363,4,0,959,37
2020-08-06,Ukraine,NA,Cherkasy,1220363,10,0,969,37
2020-08-07,Ukraine,NA,Cherkasy,1220363,6,0,975,37
2020-08-08,Ukraine,NA,Cherkasy,1220363,21,0,996,37
2020-08-09,Ukraine,NA,Cherkasy,1220363,26,0,1022,37
2020-08-10,Ukraine,NA,Cherkasy,1220363,14,0,1036,37
2020-08-11,Ukraine,NA,Cherkasy,1220363,3,0,1039,37
2020-08-12,Ukraine,NA,Cherkasy,1220363,10,0,1049,37
2020-08-13,Ukraine,NA,Cherkasy,1220363,18,0,1067,37
2020-08-14,Ukraine,NA,Cherkasy,1220363,25,0,1092,37
2020-08-15,Ukraine,NA,Cherkasy,1220363,22,0,1114,37
2020-08-16,Ukraine,NA,Cherkasy,1220363,34,0,1148,37
2020-08-17,Ukraine,NA,Cherkasy,1220363,17,0,1165,37
2020-08-18,Ukraine,NA,Cherkasy,1220363,2,0,1167,37
2020-08-19,Ukraine,NA,Cherkasy,1220363,8,0,1175,37
2020-08-20,Ukraine,NA,Cherkasy,1220363,25,0,1200,37
2020-08-21,Ukraine,NA,Cherkasy,1220363,19,0,1219,37
2020-08-22,Ukraine,NA,Cherkasy,1220363,29,0,1248,37
2020-08-23,Ukraine,NA,Cherkasy,1220363,38,0,1286,37
2020-08-24,Ukraine,NA,Cherkasy,1220363,11,0,1297,37
2020-08-25,Ukraine,NA,Cherkasy,1220363,3,0,1300,37
2020-08-26,Ukraine,NA,Cherkasy,1220363,5,1,1305,38
2020-08-27,Ukraine,NA,Cherkasy,1220363,13,0,1318,38
2020-08-28,Ukraine,NA,Cherkasy,1220363,72,0,1390,38
2020-08-29,Ukraine,NA,Cherkasy,1220363,92,0,1482,38
2020-08-30,Ukraine,NA,Cherkasy,1220363,56,0,1538,38
2020-08-31,Ukraine,NA,Cherkasy,1220363,35,0,1573,38
2020-05-16,Ukraine,NA,Chernihiv,1020078,9,0,105,6
2020-05-17,Ukraine,NA,Chernihiv,1020078,3,0,108,6
2020-05-18,Ukraine,NA,Chernihiv,1020078,0,0,108,6
2020-05-19,Ukraine,NA,Chernihiv,1020078,2,0,110,6
2020-05-20,Ukraine,NA,Chernihiv,1020078,5,0,115,6
2020-05-21,Ukraine,NA,Chernihiv,1020078,2,0,117,6
2020-05-22,Ukraine,NA,Chernihiv,1020078,2,0,119,6
2020-05-23,Ukraine,NA,Chernihiv,1020078,8,0,127,6
2020-05-24,Ukraine,NA,Chernihiv,1020078,2,0,129,6
2020-05-25,Ukraine,NA,Chernihiv,1020078,2,0,131,6
2020-05-26,Ukraine,NA,Chernihiv,1020078,3,0,134,6
2020-05-27,Ukraine,NA,Chernihiv,1020078,3,0,137,6
2020-05-28,Ukraine,NA,Chernihiv,1020078,3,0,140,6
2020-05-29,Ukraine,NA,Chernihiv,1020078,10,0,150,6
2020-05-30,Ukraine,NA,Chernihiv,1020078,9,0,159,6
2020-05-31,Ukraine,NA,Chernihiv,1020078,8,0,167,6
2020-06-01,Ukraine,NA,Chernihiv,1020078,10,0,177,6
2020-06-02,Ukraine,NA,Chernihiv,1020078,11,0,188,6
2020-06-03,Ukraine,NA,Chernihiv,1020078,15,0,203,6
2020-06-04,Ukraine,NA,Chernihiv,1020078,35,1,238,7
2020-06-05,Ukraine,NA,Chernihiv,1020078,12,1,250,8
2020-06-06,Ukraine,NA,Chernihiv,1020078,7,0,257,8
2020-06-07,Ukraine,NA,Chernihiv,1020078,22,0,279,8
2020-06-08,Ukraine,NA,Chernihiv,1020078,20,0,299,8
2020-06-09,Ukraine,NA,Chernihiv,1020078,5,0,304,8
2020-06-10,Ukraine,NA,Chernihiv,1020078,16,0,320,8
2020-06-11,Ukraine,NA,Chernihiv,1020078,21,0,341,8
2020-06-12,Ukraine,NA,Chernihiv,1020078,25,0,366,8
2020-06-13,Ukraine,NA,Chernihiv,1020078,19,1,385,9
2020-06-14,Ukraine,NA,Chernihiv,1020078,25,0,410,9
2020-06-15,Ukraine,NA,Chernihiv,1020078,14,1,424,10
2020-06-16,Ukraine,NA,Chernihiv,1020078,3,0,427,10
2020-06-17,Ukraine,NA,Chernihiv,1020078,13,0,440,10
2020-06-18,Ukraine,NA,Chernihiv,1020078,8,0,448,10
2020-06-19,Ukraine,NA,Chernihiv,1020078,11,0,459,10
2020-06-20,Ukraine,NA,Chernihiv,1020078,8,0,467,10
2020-06-21,Ukraine,NA,Chernihiv,1020078,8,0,475,10
2020-06-22,Ukraine,NA,Chernihiv,1020078,5,0,480,10
2020-06-23,Ukraine,NA,Chernihiv,1020078,5,0,485,10
2020-06-24,Ukraine,NA,Chernihiv,1020078,9,0,494,10
2020-06-25,Ukraine,NA,Chernihiv,1020078,12,0,506,10
2020-06-26,Ukraine,NA,Chernihiv,1020078,8,0,514,10
2020-06-27,Ukraine,NA,Chernihiv,1020078,5,0,519,10
2020-06-28,Ukraine,NA,Chernihiv,1020078,7,0,526,10
2020-06-29,Ukraine,NA,Chernihiv,1020078,9,0,535,10
2020-06-30,Ukraine,NA,Chernihiv,1020078,1,0,536,10
2020-07-01,Ukraine,NA,Chernihiv,1020078,2,0,538,10
2020-07-02,Ukraine,NA,Chernihiv,1020078,9,1,547,11
2020-07-03,Ukraine,NA,Chernihiv,1020078,7,0,554,11
2020-07-04,Ukraine,NA,Chernihiv,1020078,6,0,560,11
2020-07-05,Ukraine,NA,Chernihiv,1020078,12,1,572,12
2020-07-06,Ukraine,NA,Chernihiv,1020078,4,0,576,12
2020-07-07,Ukraine,NA,Chernihiv,1020078,0,1,576,13
2020-07-08,Ukraine,NA,Chernihiv,1020078,2,0,578,13
2020-07-09,Ukraine,NA,Chernihiv,1020078,7,0,585,13
2020-07-10,Ukraine,NA,Chernihiv,1020078,7,1,592,14
2020-07-11,Ukraine,NA,Chernihiv,1020078,2,0,594,14
2020-07-12,Ukraine,NA,Chernihiv,1020078,13,0,607,14
2020-07-13,Ukraine,NA,Chernihiv,1020078,1,0,608,14
2020-07-14,Ukraine,NA,Chernihiv,1020078,4,0,612,14
2020-07-15,Ukraine,NA,Chernihiv,1020078,12,0,624,14
2020-07-16,Ukraine,NA,Chernihiv,1020078,4,0,628,14
2020-07-17,Ukraine,NA,Chernihiv,1020078,4,0,632,14
2020-07-18,Ukraine,NA,Chernihiv,1020078,0,0,632,14
2020-07-19,Ukraine,NA,Chernihiv,1020078,10,0,642,14
2020-07-20,Ukraine,NA,Chernihiv,1020078,0,0,642,14
2020-07-21,Ukraine,NA,Chernihiv,1020078,7,1,649,15
2020-07-22,Ukraine,NA,Chernihiv,1020078,5,0,654,15
2020-07-23,Ukraine,NA,Chernihiv,1020078,13,0,667,15
2020-07-24,Ukraine,NA,Chernihiv,1020078,12,2,679,17
2020-07-25,Ukraine,NA,Chernihiv,1020078,11,0,690,17
2020-07-26,Ukraine,NA,Chernihiv,1020078,21,0,711,17
2020-07-27,Ukraine,NA,Chernihiv,1020078,9,0,720,17
2020-07-28,Ukraine,NA,Chernihiv,1020078,6,1,726,18
2020-07-29,Ukraine,NA,Chernihiv,1020078,19,0,745,18
2020-07-30,Ukraine,NA,Chernihiv,1020078,44,0,789,18
2020-07-31,Ukraine,NA,Chernihiv,1020078,34,0,823,18
2020-08-01,Ukraine,NA,Chernihiv,1020078,20,0,843,18
2020-08-02,Ukraine,NA,Chernihiv,1020078,40,0,883,18
2020-08-03,Ukraine,NA,Chernihiv,1020078,17,0,900,18
2020-08-04,Ukraine,NA,Chernihiv,1020078,9,0,909,18
2020-08-05,Ukraine,NA,Chernihiv,1020078,11,0,920,18
2020-08-06,Ukraine,NA,Chernihiv,1020078,17,0,937,18
2020-08-07,Ukraine,NA,Chernihiv,1020078,28,0,965,18
2020-08-08,Ukraine,NA,Chernihiv,1020078,26,0,991,18
2020-08-09,Ukraine,NA,Chernihiv,1020078,23,0,1014,18
2020-08-10,Ukraine,NA,Chernihiv,1020078,10,0,1024,18
2020-08-11,Ukraine,NA,Chernihiv,1020078,14,0,1038,18
2020-08-12,Ukraine,NA,Chernihiv,1020078,42,0,1080,18
2020-08-13,Ukraine,NA,Chernihiv,1020078,27,0,1107,18
2020-08-14,Ukraine,NA,Chernihiv,1020078,47,0,1154,18
2020-08-15,Ukraine,NA,Chernihiv,1020078,20,1,1174,19
2020-08-16,Ukraine,NA,Chernihiv,1020078,32,0,1206,19
2020-08-17,Ukraine,NA,Chernihiv,1020078,27,0,1233,19
2020-08-18,Ukraine,NA,Chernihiv,1020078,17,2,1250,21
2020-08-19,Ukraine,NA,Chernihiv,1020078,28,0,1278,21
2020-08-20,Ukraine,NA,Chernihiv,1020078,36,1,1314,22
2020-08-21,Ukraine,NA,Chernihiv,1020078,52,0,1366,22
2020-08-22,Ukraine,NA,Chernihiv,1020078,57,0,1423,22
2020-08-23,Ukraine,NA,Chernihiv,1020078,45,0,1468,22
2020-08-24,Ukraine,NA,Chernihiv,1020078,52,0,1520,22
2020-08-25,Ukraine,NA,Chernihiv,1020078,32,0,1552,22
2020-08-26,Ukraine,NA,Chernihiv,1020078,18,0,1570,22
2020-08-27,Ukraine,NA,Chernihiv,1020078,48,0,1618,22
2020-08-28,Ukraine,NA,Chernihiv,1020078,58,0,1676,22
2020-08-29,Ukraine,NA,Chernihiv,1020078,69,0,1745,22
2020-08-30,Ukraine,NA,Chernihiv,1020078,32,0,1777,22
2020-08-31,Ukraine,NA,Chernihiv,1020078,117,0,1894,22
2020-03-31,Ukraine,NA,Chernivtsi,906600,29,3,104,4
2020-04-01,Ukraine,NA,Chernivtsi,906600,39,1,143,5
2020-04-02,Ukraine,NA,Chernivtsi,906600,25,0,168,5
2020-04-03,Ukraine,NA,Chernivtsi,906600,35,0,203,5
2020-04-04,Ukraine,NA,Chernivtsi,906600,17,0,220,5
2020-04-05,Ukraine,NA,Chernivtsi,906600,0,0,220,5
2020-04-06,Ukraine,NA,Chernivtsi,906600,0,0,220,5
2020-04-07,Ukraine,NA,Chernivtsi,906600,27,1,247,6
2020-04-08,Ukraine,NA,Chernivtsi,906600,26,0,273,6
2020-04-09,Ukraine,NA,Chernivtsi,906600,29,0,302,6
2020-04-10,Ukraine,NA,Chernivtsi,906600,64,1,366,7
2020-04-11,Ukraine,NA,Chernivtsi,906600,43,1,409,8
2020-04-12,Ukraine,NA,Chernivtsi,906600,23,0,432,8
2020-04-13,Ukraine,NA,Chernivtsi,906600,30,0,462,8
2020-04-14,Ukraine,NA,Chernivtsi,906600,84,0,546,8
2020-04-15,Ukraine,NA,Chernivtsi,906600,43,0,589,8
2020-04-16,Ukraine,NA,Chernivtsi,906600,73,0,662,8
2020-04-17,Ukraine,NA,Chernivtsi,906600,97,3,759,11
2020-04-18,Ukraine,NA,Chernivtsi,906600,81,1,840,12
2020-04-19,Ukraine,NA,Chernivtsi,906600,49,1,889,13
2020-04-20,Ukraine,NA,Chernivtsi,906600,17,0,906,13
2020-04-21,Ukraine,NA,Chernivtsi,906600,82,3,988,16
2020-04-22,Ukraine,NA,Chernivtsi,906600,65,4,1053,20
2020-04-23,Ukraine,NA,Chernivtsi,906600,87,1,1140,21
2020-04-24,Ukraine,NA,Chernivtsi,906600,59,2,1199,23
2020-04-25,Ukraine,NA,Chernivtsi,906600,109,1,1308,24
2020-04-26,Ukraine,NA,Chernivtsi,906600,33,2,1341,26
2020-04-27,Ukraine,NA,Chernivtsi,906600,34,0,1375,26
2020-04-28,Ukraine,NA,Chernivtsi,906600,54,7,1429,33
2020-04-29,Ukraine,NA,Chernivtsi,906600,60,3,1489,36
2020-04-30,Ukraine,NA,Chernivtsi,906600,82,3,1571,39
2020-05-01,Ukraine,NA,Chernivtsi,906600,96,5,1667,44
2020-05-02,Ukraine,NA,Chernivtsi,906600,78,1,1745,45
2020-05-03,Ukraine,NA,Chernivtsi,906600,73,2,1818,47
2020-05-04,Ukraine,NA,Chernivtsi,906600,69,6,1887,53
2020-05-05,Ukraine,NA,Chernivtsi,906600,61,2,1948,55
2020-05-06,Ukraine,NA,Chernivtsi,906600,37,2,1985,57
2020-05-07,Ukraine,NA,Chernivtsi,906600,63,5,2048,62
2020-05-08,Ukraine,NA,Chernivtsi,906600,49,5,2097,67
2020-05-09,Ukraine,NA,Chernivtsi,906600,82,3,2179,70
2020-05-10,Ukraine,NA,Chernivtsi,906600,89,6,2268,76
2020-05-11,Ukraine,NA,Chernivtsi,906600,56,5,2324,81
2020-05-12,Ukraine,NA,Chernivtsi,906600,72,3,2396,84
2020-05-13,Ukraine,NA,Chernivtsi,906600,48,3,2444,87
2020-05-14,Ukraine,NA,Chernivtsi,906600,72,2,2516,89
2020-05-15,Ukraine,NA,Chernivtsi,906600,84,6,2600,95
2020-05-16,Ukraine,NA,Chernivtsi,906600,47,4,2647,99
2020-05-17,Ukraine,NA,Chernivtsi,906600,47,3,2694,102
2020-05-18,Ukraine,NA,Chernivtsi,906600,19,5,2713,107
2020-05-19,Ukraine,NA,Chernivtsi,906600,29,3,2742,110
2020-05-20,Ukraine,NA,Chernivtsi,906600,54,4,2796,114
2020-05-21,Ukraine,NA,Chernivtsi,906600,46,2,2842,116
2020-05-22,Ukraine,NA,Chernivtsi,906600,63,3,2905,119
2020-05-23,Ukraine,NA,Chernivtsi,906600,59,3,2964,122
2020-05-24,Ukraine,NA,Chernivtsi,906600,64,3,3028,125
2020-05-25,Ukraine,NA,Chernivtsi,906600,55,2,3083,127
2020-05-26,Ukraine,NA,Chernivtsi,906600,18,5,3101,132
2020-05-27,Ukraine,NA,Chernivtsi,906600,43,1,3144,133
2020-05-28,Ukraine,NA,Chernivtsi,906600,57,1,3201,134
2020-05-29,Ukraine,NA,Chernivtsi,906600,58,1,3259,135
2020-05-30,Ukraine,NA,Chernivtsi,906600,47,2,3306,137
2020-05-31,Ukraine,NA,Chernivtsi,906600,43,3,3349,140
2020-06-01,Ukraine,NA,Chernivtsi,906600,28,4,3377,144
2020-06-02,Ukraine,NA,Chernivtsi,906600,33,0,3410,144
2020-06-03,Ukraine,NA,Chernivtsi,906600,32,3,3442,147
2020-06-04,Ukraine,NA,Chernivtsi,906600,39,1,3481,148
2020-06-05,Ukraine,NA,Chernivtsi,906600,38,2,3519,150
2020-06-06,Ukraine,NA,Chernivtsi,906600,66,1,3585,151
2020-06-07,Ukraine,NA,Chernivtsi,906600,54,0,3639,151
2020-06-08,Ukraine,NA,Chernivtsi,906600,59,1,3698,152
2020-06-09,Ukraine,NA,Chernivtsi,906600,31,0,3729,152
2020-06-10,Ukraine,NA,Chernivtsi,906600,28,5,3757,157
2020-06-11,Ukraine,NA,Chernivtsi,906600,36,2,3793,159
2020-06-12,Ukraine,NA,Chernivtsi,906600,38,4,3831,163
2020-06-13,Ukraine,NA,Chernivtsi,906600,38,1,3869,164
2020-06-14,Ukraine,NA,Chernivtsi,906600,47,0,3916,164
2020-06-15,Ukraine,NA,Chernivtsi,906600,43,1,3959,165
2020-06-16,Ukraine,NA,Chernivtsi,906600,54,0,4013,165
2020-06-17,Ukraine,NA,Chernivtsi,906600,69,1,4082,166
2020-06-18,Ukraine,NA,Chernivtsi,906600,53,4,4135,170
2020-06-19,Ukraine,NA,Chernivtsi,906600,76,1,4211,171
2020-06-20,Ukraine,NA,Chernivtsi,906600,57,0,4268,171
2020-06-21,Ukraine,NA,Chernivtsi,906600,56,0,4324,171
2020-06-22,Ukraine,NA,Chernivtsi,906600,33,0,4357,171
2020-06-23,Ukraine,NA,Chernivtsi,906600,62,5,4419,176
2020-06-24,Ukraine,NA,Chernivtsi,906600,59,0,4478,176
2020-06-25,Ukraine,NA,Chernivtsi,906600,53,1,4531,177
2020-06-26,Ukraine,NA,Chernivtsi,906600,51,1,4582,178
2020-06-27,Ukraine,NA,Chernivtsi,906600,49,2,4631,180
2020-06-28,Ukraine,NA,Chernivtsi,906600,55,0,4686,180
2020-06-29,Ukraine,NA,Chernivtsi,906600,59,2,4745,182
2020-06-30,Ukraine,NA,Chernivtsi,906600,56,1,4801,183
2020-07-01,Ukraine,NA,Chernivtsi,906600,49,0,4850,183
2020-07-02,Ukraine,NA,Chernivtsi,906600,44,0,4894,183
2020-07-03,Ukraine,NA,Chernivtsi,906600,41,0,4935,183
2020-07-04,Ukraine,NA,Chernivtsi,906600,37,2,4972,185
2020-07-05,Ukraine,NA,Chernivtsi,906600,30,2,5002,187
2020-07-06,Ukraine,NA,Chernivtsi,906600,16,1,5018,188
2020-07-07,Ukraine,NA,Chernivtsi,906600,14,2,5032,190
2020-07-08,Ukraine,NA,Chernivtsi,906600,19,2,5051,192
2020-07-09,Ukraine,NA,Chernivtsi,906600,23,1,5074,193
2020-07-10,Ukraine,NA,Chernivtsi,906600,22,1,5096,194
2020-07-11,Ukraine,NA,Chernivtsi,906600,21,3,5117,197
2020-07-12,Ukraine,NA,Chernivtsi,906600,23,3,5140,200
2020-07-13,Ukraine,NA,Chernivtsi,906600,21,1,5161,201
2020-07-14,Ukraine,NA,Chernivtsi,906600,23,0,5184,201
2020-07-15,Ukraine,NA,Chernivtsi,906600,24,0,5208,201
2020-07-16,Ukraine,NA,Chernivtsi,906600,24,2,5232,203
2020-07-17,Ukraine,NA,Chernivtsi,906600,30,1,5262,204
2020-07-18,Ukraine,NA,Chernivtsi,906600,27,0,5289,204
2020-07-19,Ukraine,NA,Chernivtsi,906600,22,1,5311,205
2020-07-20,Ukraine,NA,Chernivtsi,906600,21,0,5332,205
2020-07-21,Ukraine,NA,Chernivtsi,906600,31,0,5363,205
2020-07-22,Ukraine,NA,Chernivtsi,906600,41,3,5404,208
2020-07-23,Ukraine,NA,Chernivtsi,906600,39,1,5443,209
2020-07-24,Ukraine,NA,Chernivtsi,906600,42,1,5485,210
2020-07-25,Ukraine,NA,Chernivtsi,906600,63,1,5548,211
2020-07-26,Ukraine,NA,Chernivtsi,906600,44,2,5592,213
2020-07-27,Ukraine,NA,Chernivtsi,906600,42,1,5634,214
2020-07-28,Ukraine,NA,Chernivtsi,906600,58,1,5692,215
2020-07-29,Ukraine,NA,Chernivtsi,906600,59,1,5751,216
2020-07-30,Ukraine,NA,Chernivtsi,906600,61,0,5812,216
2020-07-31,Ukraine,NA,Chernivtsi,906600,63,0,5875,216
2020-08-01,Ukraine,NA,Chernivtsi,906600,89,0,5964,216
2020-08-02,Ukraine,NA,Chernivtsi,906600,97,0,6061,216
2020-08-03,Ukraine,NA,Chernivtsi,906600,82,2,6143,218
2020-08-04,Ukraine,NA,Chernivtsi,906600,86,1,6229,219
2020-08-05,Ukraine,NA,Chernivtsi,906600,69,1,6298,220
2020-08-06,Ukraine,NA,Chernivtsi,906600,85,0,6383,220
2020-08-07,Ukraine,NA,Chernivtsi,906600,94,2,6477,222
2020-08-08,Ukraine,NA,Chernivtsi,906600,88,2,6565,224
2020-08-09,Ukraine,NA,Chernivtsi,906600,104,1,6669,225
2020-08-10,Ukraine,NA,Chernivtsi,906600,108,3,6777,228
2020-08-11,Ukraine,NA,Chernivtsi,906600,90,2,6867,230
2020-08-12,Ukraine,NA,Chernivtsi,906600,113,2,6980,232
2020-08-13,Ukraine,NA,Chernivtsi,906600,130,0,7110,232
2020-08-14,Ukraine,NA,Chernivtsi,906600,154,1,7264,233
2020-08-15,Ukraine,NA,Chernivtsi,906600,170,2,7434,235
2020-08-16,Ukraine,NA,Chernivtsi,906600,183,2,7617,237
2020-08-17,Ukraine,NA,Chernivtsi,906600,165,0,7782,237
2020-08-18,Ukraine,NA,Chernivtsi,906600,172,3,7954,240
2020-08-19,Ukraine,NA,Chernivtsi,906600,154,4,8108,244
2020-08-20,Ukraine,NA,Chernivtsi,906600,189,4,8297,248
2020-08-21,Ukraine,NA,Chernivtsi,906600,208,1,8505,249
2020-08-22,Ukraine,NA,Chernivtsi,906600,208,5,8713,254
2020-08-23,Ukraine,NA,Chernivtsi,906600,213,2,8926,256
2020-08-24,Ukraine,NA,Chernivtsi,906600,241,3,9167,259
2020-08-25,Ukraine,NA,Chernivtsi,906600,204,2,9371,261
2020-08-26,Ukraine,NA,Chernivtsi,906600,170,4,9541,265
2020-08-27,Ukraine,NA,Chernivtsi,906600,159,5,9700,270
2020-08-28,Ukraine,NA,Chernivtsi,906600,155,3,9855,273
2020-08-29,Ukraine,NA,Chernivtsi,906600,142,1,9997,274
2020-08-30,Ukraine,NA,Chernivtsi,906600,148,3,10145,277
2020-08-31,Ukraine,NA,Chernivtsi,906600,158,2,10303,279
2020-04-18,Ukraine,NA,Dnipropetrovsk,3231140,15,0,104,1
2020-04-19,Ukraine,NA,Dnipropetrovsk,3231140,6,0,110,1
2020-04-20,Ukraine,NA,Dnipropetrovsk,3231140,8,0,118,1
2020-04-21,Ukraine,NA,Dnipropetrovsk,3231140,4,0,122,1
2020-04-22,Ukraine,NA,Dnipropetrovsk,3231140,28,0,150,1
2020-04-23,Ukraine,NA,Dnipropetrovsk,3231140,36,0,186,1
2020-04-24,Ukraine,NA,Dnipropetrovsk,3231140,9,0,195,1
2020-04-25,Ukraine,NA,Dnipropetrovsk,3231140,45,0,240,1
2020-04-26,Ukraine,NA,Dnipropetrovsk,3231140,52,0,292,1
2020-04-27,Ukraine,NA,Dnipropetrovsk,3231140,18,0,310,1
2020-04-28,Ukraine,NA,Dnipropetrovsk,3231140,8,1,318,2
2020-04-29,Ukraine,NA,Dnipropetrovsk,3231140,5,1,323,3
2020-04-30,Ukraine,NA,Dnipropetrovsk,3231140,24,0,347,3
2020-05-01,Ukraine,NA,Dnipropetrovsk,3231140,17,0,364,3
2020-05-02,Ukraine,NA,Dnipropetrovsk,3231140,72,0,436,3
2020-05-03,Ukraine,NA,Dnipropetrovsk,3231140,12,1,448,4
2020-05-04,Ukraine,NA,Dnipropetrovsk,3231140,12,0,460,4
2020-05-05,Ukraine,NA,Dnipropetrovsk,3231140,18,0,478,4
2020-05-06,Ukraine,NA,Dnipropetrovsk,3231140,90,0,568,4
2020-05-07,Ukraine,NA,Dnipropetrovsk,3231140,56,0,624,4
2020-05-08,Ukraine,NA,Dnipropetrovsk,3231140,28,1,652,5
2020-05-09,Ukraine,NA,Dnipropetrovsk,3231140,29,0,681,5
2020-05-10,Ukraine,NA,Dnipropetrovsk,3231140,23,1,704,6
2020-05-11,Ukraine,NA,Dnipropetrovsk,3231140,27,0,731,6
2020-05-12,Ukraine,NA,Dnipropetrovsk,3231140,17,1,748,7
2020-05-13,Ukraine,NA,Dnipropetrovsk,3231140,25,2,773,9
2020-05-14,Ukraine,NA,Dnipropetrovsk,3231140,8,1,781,10
2020-05-15,Ukraine,NA,Dnipropetrovsk,3231140,10,0,791,10
2020-05-16,Ukraine,NA,Dnipropetrovsk,3231140,15,1,806,11
2020-05-17,Ukraine,NA,Dnipropetrovsk,3231140,31,1,837,12
2020-05-18,Ukraine,NA,Dnipropetrovsk,3231140,6,1,843,13
2020-05-19,Ukraine,NA,Dnipropetrovsk,3231140,0,0,843,13
2020-05-20,Ukraine,NA,Dnipropetrovsk,3231140,6,0,849,13
2020-05-21,Ukraine,NA,Dnipropetrovsk,3231140,7,0,856,13
2020-05-22,Ukraine,NA,Dnipropetrovsk,3231140,3,0,859,13
2020-05-23,Ukraine,NA,Dnipropetrovsk,3231140,6,3,865,16
2020-05-24,Ukraine,NA,Dnipropetrovsk,3231140,4,1,869,17
2020-05-25,Ukraine,NA,Dnipropetrovsk,3231140,6,0,875,17
2020-05-26,Ukraine,NA,Dnipropetrovsk,3231140,20,1,895,18
2020-05-27,Ukraine,NA,Dnipropetrovsk,3231140,10,1,905,19
2020-05-28,Ukraine,NA,Dnipropetrovsk,3231140,15,0,920,19
2020-05-29,Ukraine,NA,Dnipropetrovsk,3231140,10,1,930,20
2020-05-30,Ukraine,NA,Dnipropetrovsk,3231140,3,0,933,20
2020-05-31,Ukraine,NA,Dnipropetrovsk,3231140,9,1,942,21
2020-06-01,Ukraine,NA,Dnipropetrovsk,3231140,0,0,942,21
2020-06-02,Ukraine,NA,Dnipropetrovsk,3231140,1,0,943,21
2020-06-03,Ukraine,NA,Dnipropetrovsk,3231140,7,0,950,21
2020-06-04,Ukraine,NA,Dnipropetrovsk,3231140,7,0,957,21
2020-06-05,Ukraine,NA,Dnipropetrovsk,3231140,3,0,960,21
2020-06-06,Ukraine,NA,Dnipropetrovsk,3231140,5,0,965,21
2020-06-07,Ukraine,NA,Dnipropetrovsk,3231140,6,1,971,22
2020-06-08,Ukraine,NA,Dnipropetrovsk,3231140,0,0,971,22
2020-06-09,Ukraine,NA,Dnipropetrovsk,3231140,0,0,971,22
2020-06-10,Ukraine,NA,Dnipropetrovsk,3231140,2,0,973,22
2020-06-11,Ukraine,NA,Dnipropetrovsk,3231140,8,0,981,22
2020-06-12,Ukraine,NA,Dnipropetrovsk,3231140,2,0,983,22
2020-06-13,Ukraine,NA,Dnipropetrovsk,3231140,7,0,990,22
2020-06-14,Ukraine,NA,Dnipropetrovsk,3231140,8,0,998,22
2020-06-15,Ukraine,NA,Dnipropetrovsk,3231140,0,0,998,22
2020-06-16,Ukraine,NA,Dnipropetrovsk,3231140,6,0,1004,22
2020-06-17,Ukraine,NA,Dnipropetrovsk,3231140,8,1,1012,23
2020-06-18,Ukraine,NA,Dnipropetrovsk,3231140,9,0,1021,23
2020-06-19,Ukraine,NA,Dnipropetrovsk,3231140,0,0,1021,23
2020-06-20,Ukraine,NA,Dnipropetrovsk,3231140,15,0,1036,23
2020-06-21,Ukraine,NA,Dnipropetrovsk,3231140,6,0,1042,23
2020-06-22,Ukraine,NA,Dnipropetrovsk,3231140,0,0,1042,23
2020-06-23,Ukraine,NA,Dnipropetrovsk,3231140,7,0,1049,23
2020-06-24,Ukraine,NA,Dnipropetrovsk,3231140,11,0,1060,23
2020-06-25,Ukraine,NA,Dnipropetrovsk,3231140,9,0,1069,23
2020-06-26,Ukraine,NA,Dnipropetrovsk,3231140,12,0,1081,23
2020-06-27,Ukraine,NA,Dnipropetrovsk,3231140,6,0,1087,23
2020-06-28,Ukraine,NA,Dnipropetrovsk,3231140,0,0,1087,23
2020-06-29,Ukraine,NA,Dnipropetrovsk,3231140,0,0,1087,23
2020-06-30,Ukraine,NA,Dnipropetrovsk,3231140,0,0,1087,23
2020-07-01,Ukraine,NA,Dnipropetrovsk,3231140,3,0,1090,23
2020-07-02,Ukraine,NA,Dnipropetrovsk,3231140,5,0,1095,23
2020-07-03,Ukraine,NA,Dnipropetrovsk,3231140,8,0,1103,23
2020-07-04,Ukraine,NA,Dnipropetrovsk,3231140,7,0,1110,23
2020-07-05,Ukraine,NA,Dnipropetrovsk,3231140,5,0,1115,23
2020-07-06,Ukraine,NA,Dnipropetrovsk,3231140,0,0,1115,23
2020-07-07,Ukraine,NA,Dnipropetrovsk,3231140,1,0,1116,23
2020-07-08,Ukraine,NA,Dnipropetrovsk,3231140,4,0,1120,23
2020-07-09,Ukraine,NA,Dnipropetrovsk,3231140,10,0,1130,23
2020-07-10,Ukraine,NA,Dnipropetrovsk,3231140,7,0,1137,23
2020-07-11,Ukraine,NA,Dnipropetrovsk,3231140,3,0,1140,23
2020-07-12,Ukraine,NA,Dnipropetrovsk,3231140,4,0,1144,23
2020-07-13,Ukraine,NA,Dnipropetrovsk,3231140,0,0,1144,23
2020-07-14,Ukraine,NA,Dnipropetrovsk,3231140,2,0,1146,23
2020-07-15,Ukraine,NA,Dnipropetrovsk,3231140,9,1,1155,24
2020-07-16,Ukraine,NA,Dnipropetrovsk,3231140,8,0,1163,24
2020-07-17,Ukraine,NA,Dnipropetrovsk,3231140,11,0,1174,24
2020-07-18,Ukraine,NA,Dnipropetrovsk,3231140,9,1,1183,25
2020-07-19,Ukraine,NA,Dnipropetrovsk,3231140,24,0,1207,25
2020-07-20,Ukraine,NA,Dnipropetrovsk,3231140,2,0,1209,25
2020-07-21,Ukraine,NA,Dnipropetrovsk,3231140,15,0,1224,25
2020-07-22,Ukraine,NA,Dnipropetrovsk,3231140,36,0,1260,25
2020-07-23,Ukraine,NA,Dnipropetrovsk,3231140,15,1,1275,26
2020-07-24,Ukraine,NA,Dnipropetrovsk,3231140,27,1,1302,27
2020-07-25,Ukraine,NA,Dnipropetrovsk,3231140,15,0,1317,27
2020-07-26,Ukraine,NA,Dnipropetrovsk,3231140,12,0,1329,27
2020-07-27,Ukraine,NA,Dnipropetrovsk,3231140,1,0,1330,27
2020-07-28,Ukraine,NA,Dnipropetrovsk,3231140,4,0,1334,27
2020-07-29,Ukraine,NA,Dnipropetrovsk,3231140,30,0,1364,27
2020-07-30,Ukraine,NA,Dnipropetrovsk,3231140,30,0,1394,27
2020-07-31,Ukraine,NA,Dnipropetrovsk,3231140,8,0,1402,27
2020-08-01,Ukraine,NA,Dnipropetrovsk,3231140,11,1,1413,28
2020-08-02,Ukraine,NA,Dnipropetrovsk,3231140,8,0,1421,28
2020-08-03,Ukraine,NA,Dnipropetrovsk,3231140,17,1,1438,29
2020-08-04,Ukraine,NA,Dnipropetrovsk,3231140,21,1,1459,30
2020-08-05,Ukraine,NA,Dnipropetrovsk,3231140,15,0,1474,30
2020-08-06,Ukraine,NA,Dnipropetrovsk,3231140,18,1,1492,31
2020-08-07,Ukraine,NA,Dnipropetrovsk,3231140,16,0,1508,31
2020-08-08,Ukraine,NA,Dnipropetrovsk,3231140,17,2,1525,33
2020-08-09,Ukraine,NA,Dnipropetrovsk,3231140,22,0,1547,33
2020-08-10,Ukraine,NA,Dnipropetrovsk,3231140,24,0,1571,33
2020-08-11,Ukraine,NA,Dnipropetrovsk,3231140,0,2,1571,35
2020-08-12,Ukraine,NA,Dnipropetrovsk,3231140,31,1,1602,36
2020-08-13,Ukraine,NA,Dnipropetrovsk,3231140,28,1,1630,37
2020-08-14,Ukraine,NA,Dnipropetrovsk,3231140,28,0,1658,37
2020-08-15,Ukraine,NA,Dnipropetrovsk,3231140,41,2,1699,39
2020-08-16,Ukraine,NA,Dnipropetrovsk,3231140,26,0,1725,39
2020-08-17,Ukraine,NA,Dnipropetrovsk,3231140,25,0,1750,39
2020-08-18,Ukraine,NA,Dnipropetrovsk,3231140,22,1,1772,40
2020-08-19,Ukraine,NA,Dnipropetrovsk,3231140,44,0,1816,40
2020-08-20,Ukraine,NA,Dnipropetrovsk,3231140,57,0,1873,40
2020-08-21,Ukraine,NA,Dnipropetrovsk,3231140,21,1,1894,41
2020-08-22,Ukraine,NA,Dnipropetrovsk,3231140,38,0,1932,41
2020-08-23,Ukraine,NA,Dnipropetrovsk,3231140,34,1,1966,42
2020-08-24,Ukraine,NA,Dnipropetrovsk,3231140,39,0,2005,42
2020-08-25,Ukraine,NA,Dnipropetrovsk,3231140,45,0,2050,42
2020-08-26,Ukraine,NA,Dnipropetrovsk,3231140,5,0,2055,42
2020-08-27,Ukraine,NA,Dnipropetrovsk,3231140,40,2,2095,44
2020-08-28,Ukraine,NA,Dnipropetrovsk,3231140,67,1,2162,45
2020-08-29,Ukraine,NA,Dnipropetrovsk,3231140,74,1,2236,46
2020-08-30,Ukraine,NA,Dnipropetrovsk,3231140,70,1,2306,47
2020-08-31,Ukraine,NA,Dnipropetrovsk,3231140,43,0,2349,47
2020-05-13,Ukraine,NA,Donetsk,4200461,2,0,102,3
2020-05-14,Ukraine,NA,Donetsk,4200461,15,0,117,3
2020-05-15,Ukraine,NA,Donetsk,4200461,4,0,121,3
2020-05-16,Ukraine,NA,Donetsk,4200461,0,0,121,3
2020-05-17,Ukraine,NA,Donetsk,4200461,9,1,130,4
2020-05-18,Ukraine,NA,Donetsk,4200461,1,0,131,4
2020-05-19,Ukraine,NA,Donetsk,4200461,0,0,131,4
2020-05-20,Ukraine,NA,Donetsk,4200461,2,0,133,4
2020-05-21,Ukraine,NA,Donetsk,4200461,5,0,138,4
2020-05-22,Ukraine,NA,Donetsk,4200461,3,0,141,4
2020-05-23,Ukraine,NA,Donetsk,4200461,2,0,143,4
2020-05-24,Ukraine,NA,Donetsk,4200461,0,0,143,4
2020-05-25,Ukraine,NA,Donetsk,4200461,5,0,148,4
2020-05-26,Ukraine,NA,Donetsk,4200461,7,0,155,4
2020-05-27,Ukraine,NA,Donetsk,4200461,0,0,155,4
2020-05-28,Ukraine,NA,Donetsk,4200461,3,0,158,4
2020-05-29,Ukraine,NA,Donetsk,4200461,0,0,158,4
2020-05-30,Ukraine,NA,Donetsk,4200461,0,0,158,4
2020-05-31,Ukraine,NA,Donetsk,4200461,5,0,163,4
2020-06-01,Ukraine,NA,Donetsk,4200461,0,0,163,4
2020-06-02,Ukraine,NA,Donetsk,4200461,1,0,164,4
2020-06-03,Ukraine,NA,Donetsk,4200461,2,1,166,5
2020-06-04,Ukraine,NA,Donetsk,4200461,8,0,174,5
2020-06-05,Ukraine,NA,Donetsk,4200461,21,0,195,5
2020-06-06,Ukraine,NA,Donetsk,4200461,8,0,203,5
2020-06-07,Ukraine,NA,Donetsk,4200461,28,0,231,5
2020-06-08,Ukraine,NA,Donetsk,4200461,0,1,231,6
2020-06-09,Ukraine,NA,Donetsk,4200461,4,0,235,6
2020-06-10,Ukraine,NA,Donetsk,4200461,11,0,246,6
2020-06-11,Ukraine,NA,Donetsk,4200461,23,0,269,6
2020-06-12,Ukraine,NA,Donetsk,4200461,10,0,279,6
2020-06-13,Ukraine,NA,Donetsk,4200461,11,0,290,6
2020-06-14,Ukraine,NA,Donetsk,4200461,2,0,292,6
2020-06-15,Ukraine,NA,Donetsk,4200461,42,0,334,6
2020-06-16,Ukraine,NA,Donetsk,4200461,4,0,338,6
2020-06-17,Ukraine,NA,Donetsk,4200461,0,2,338,8
2020-06-18,Ukraine,NA,Donetsk,4200461,11,0,349,8
2020-06-19,Ukraine,NA,Donetsk,4200461,1,0,350,8
2020-06-20,Ukraine,NA,Donetsk,4200461,5,0,355,8
2020-06-21,Ukraine,NA,Donetsk,4200461,7,0,362,8
2020-06-22,Ukraine,NA,Donetsk,4200461,0,0,362,8
2020-06-23,Ukraine,NA,Donetsk,4200461,6,0,368,8
2020-06-24,Ukraine,NA,Donetsk,4200461,8,0,376,8
2020-06-25,Ukraine,NA,Donetsk,4200461,23,0,399,8
2020-06-26,Ukraine,NA,Donetsk,4200461,13,1,412,9
2020-06-27,Ukraine,NA,Donetsk,4200461,3,0,415,9
2020-06-28,Ukraine,NA,Donetsk,4200461,64,0,479,9
2020-06-29,Ukraine,NA,Donetsk,4200461,2,0,481,9
2020-06-30,Ukraine,NA,Donetsk,4200461,0,0,481,9
2020-07-01,Ukraine,NA,Donetsk,4200461,3,0,484,9
2020-07-02,Ukraine,NA,Donetsk,4200461,78,0,562,9
2020-07-03,Ukraine,NA,Donetsk,4200461,37,0,599,9
2020-07-04,Ukraine,NA,Donetsk,4200461,0,1,599,10
2020-07-05,Ukraine,NA,Donetsk,4200461,81,0,680,10
2020-07-06,Ukraine,NA,Donetsk,4200461,1,0,681,10
2020-07-07,Ukraine,NA,Donetsk,4200461,5,0,686,10
2020-07-08,Ukraine,NA,Donetsk,4200461,27,0,713,10
2020-07-09,Ukraine,NA,Donetsk,4200461,36,0,749,10
2020-07-10,Ukraine,NA,Donetsk,4200461,2,0,751,10
2020-07-11,Ukraine,NA,Donetsk,4200461,7,0,758,10
2020-07-12,Ukraine,NA,Donetsk,4200461,1,0,759,10
2020-07-13,Ukraine,NA,Donetsk,4200461,0,0,759,10
2020-07-14,Ukraine,NA,Donetsk,4200461,6,0,765,10
2020-07-15,Ukraine,NA,Donetsk,4200461,2,0,767,10
2020-07-16,Ukraine,NA,Donetsk,4200461,9,0,776,10
2020-07-17,Ukraine,NA,Donetsk,4200461,5,0,781,10
2020-07-18,Ukraine,NA,Donetsk,4200461,10,0,791,10
2020-07-19,Ukraine,NA,Donetsk,4200461,1,0,792,10
2020-07-20,Ukraine,NA,Donetsk,4200461,2,0,794,10
2020-07-21,Ukraine,NA,Donetsk,4200461,3,1,797,11
2020-07-22,Ukraine,NA,Donetsk,4200461,16,0,813,11
2020-07-23,Ukraine,NA,Donetsk,4200461,5,0,818,11
2020-07-24,Ukraine,NA,Donetsk,4200461,12,0,830,11
2020-07-25,Ukraine,NA,Donetsk,4200461,12,0,842,11
2020-07-26,Ukraine,NA,Donetsk,4200461,8,1,850,12
2020-07-27,Ukraine,NA,Donetsk,4200461,0,0,850,12
2020-07-28,Ukraine,NA,Donetsk,4200461,2,0,852,12
2020-07-29,Ukraine,NA,Donetsk,4200461,9,0,861,12
2020-07-30,Ukraine,NA,Donetsk,4200461,4,0,865,12
2020-07-31,Ukraine,NA,Donetsk,4200461,16,0,881,12
2020-08-01,Ukraine,NA,Donetsk,4200461,8,0,889,12
2020-08-02,Ukraine,NA,Donetsk,4200461,9,0,898,12
2020-08-03,Ukraine,NA,Donetsk,4200461,0,0,898,12
2020-08-04,Ukraine,NA,Donetsk,4200461,5,0,903,12
2020-08-05,Ukraine,NA,Donetsk,4200461,23,0,926,12
2020-08-06,Ukraine,NA,Donetsk,4200461,15,1,941,13
2020-08-07,Ukraine,NA,Donetsk,4200461,4,0,945,13
2020-08-08,Ukraine,NA,Donetsk,4200461,20,0,965,13
2020-08-09,Ukraine,NA,Donetsk,4200461,10,0,975,13
2020-08-10,Ukraine,NA,Donetsk,4200461,1,0,976,13
2020-08-11,Ukraine,NA,Donetsk,4200461,6,0,982,13
2020-08-12,Ukraine,NA,Donetsk,4200461,29,0,1011,13
2020-08-13,Ukraine,NA,Donetsk,4200461,16,0,1027,13
2020-08-14,Ukraine,NA,Donetsk,4200461,22,2,1049,15
2020-08-15,Ukraine,NA,Donetsk,4200461,24,0,1073,15
2020-08-16,Ukraine,NA,Donetsk,4200461,15,0,1088,15
2020-08-17,Ukraine,NA,Donetsk,4200461,6,0,1094,15
2020-08-18,Ukraine,NA,Donetsk,4200461,6,0,1100,15
2020-08-19,Ukraine,NA,Donetsk,4200461,22,0,1122,15
2020-08-20,Ukraine,NA,Donetsk,4200461,34,1,1156,16
2020-08-21,Ukraine,NA,Donetsk,4200461,27,1,1183,17
2020-08-22,Ukraine,NA,Donetsk,4200461,32,2,1215,19
2020-08-23,Ukraine,NA,Donetsk,4200461,19,0,1234,19
2020-08-24,Ukraine,NA,Donetsk,4200461,3,0,1237,19
2020-08-25,Ukraine,NA,Donetsk,4200461,1,1,1238,20
2020-08-26,Ukraine,NA,Donetsk,4200461,18,0,1256,20
2020-08-27,Ukraine,NA,Donetsk,4200461,22,0,1278,20
2020-08-28,Ukraine,NA,Donetsk,4200461,40,0,1318,20
2020-08-29,Ukraine,NA,Donetsk,4200461,51,0,1369,20
2020-08-30,Ukraine,NA,Donetsk,4200461,47,1,1416,21
2020-08-31,Ukraine,NA,Donetsk,4200461,2,0,1418,21
2020-04-04,Ukraine,NA,Ivano-Frankivsk,1377496,11,0,105,6
2020-04-05,Ukraine,NA,Ivano-Frankivsk,1377496,0,1,105,7
2020-04-06,Ukraine,NA,Ivano-Frankivsk,1377496,11,0,116,7
2020-04-07,Ukraine,NA,Ivano-Frankivsk,1377496,44,2,160,9
2020-04-08,Ukraine,NA,Ivano-Frankivsk,1377496,38,4,198,13
2020-04-09,Ukraine,NA,Ivano-Frankivsk,1377496,20,2,218,15
2020-04-10,Ukraine,NA,Ivano-Frankivsk,1377496,36,2,254,17
2020-04-11,Ukraine,NA,Ivano-Frankivsk,1377496,20,0,274,17
2020-04-12,Ukraine,NA,Ivano-Frankivsk,1377496,17,4,291,21
2020-04-13,Ukraine,NA,Ivano-Frankivsk,1377496,9,3,300,24
2020-04-14,Ukraine,NA,Ivano-Frankivsk,1377496,32,2,332,26
2020-04-15,Ukraine,NA,Ivano-Frankivsk,1377496,24,1,356,27
2020-04-16,Ukraine,NA,Ivano-Frankivsk,1377496,45,4,401,31
2020-04-17,Ukraine,NA,Ivano-Frankivsk,1377496,26,3,427,34
2020-04-18,Ukraine,NA,Ivano-Frankivsk,1377496,35,2,462,36
2020-04-19,Ukraine,NA,Ivano-Frankivsk,1377496,18,1,480,37
2020-04-20,Ukraine,NA,Ivano-Frankivsk,1377496,32,0,512,37
2020-04-21,Ukraine,NA,Ivano-Frankivsk,1377496,44,0,556,37
2020-04-22,Ukraine,NA,Ivano-Frankivsk,1377496,33,3,589,40
2020-04-23,Ukraine,NA,Ivano-Frankivsk,1377496,55,3,644,43
2020-04-24,Ukraine,NA,Ivano-Frankivsk,1377496,40,2,684,45
2020-04-25,Ukraine,NA,Ivano-Frankivsk,1377496,16,1,700,46
2020-04-26,Ukraine,NA,Ivano-Frankivsk,1377496,31,1,731,47
2020-04-27,Ukraine,NA,Ivano-Frankivsk,1377496,30,0,761,47
2020-04-28,Ukraine,NA,Ivano-Frankivsk,1377496,22,2,783,49
2020-04-29,Ukraine,NA,Ivano-Frankivsk,1377496,38,1,821,50
2020-04-30,Ukraine,NA,Ivano-Frankivsk,1377496,41,0,862,50
2020-05-01,Ukraine,NA,Ivano-Frankivsk,1377496,37,1,899,51
2020-05-02,Ukraine,NA,Ivano-Frankivsk,1377496,43,2,942,53
2020-05-03,Ukraine,NA,Ivano-Frankivsk,1377496,23,1,965,54
2020-05-04,Ukraine,NA,Ivano-Frankivsk,1377496,19,2,984,56
2020-05-05,Ukraine,NA,Ivano-Frankivsk,1377496,31,1,1015,57
2020-05-06,Ukraine,NA,Ivano-Frankivsk,1377496,22,2,1037,59
2020-05-07,Ukraine,NA,Ivano-Frankivsk,1377496,18,0,1055,59
2020-05-08,Ukraine,NA,Ivano-Frankivsk,1377496,23,1,1078,60
2020-05-09,Ukraine,NA,Ivano-Frankivsk,1377496,17,1,1095,61
2020-05-10,Ukraine,NA,Ivano-Frankivsk,1377496,21,0,1116,61
2020-05-11,Ukraine,NA,Ivano-Frankivsk,1377496,10,0,1126,61
2020-05-12,Ukraine,NA,Ivano-Frankivsk,1377496,7,1,1133,62
2020-05-13,Ukraine,NA,Ivano-Frankivsk,1377496,11,1,1144,63
2020-05-14,Ukraine,NA,Ivano-Frankivsk,1377496,22,2,1166,65
2020-05-15,Ukraine,NA,Ivano-Frankivsk,1377496,22,2,1188,67
2020-05-16,Ukraine,NA,Ivano-Frankivsk,1377496,12,1,1200,68
2020-05-17,Ukraine,NA,Ivano-Frankivsk,1377496,10,0,1210,68
2020-05-18,Ukraine,NA,Ivano-Frankivsk,1377496,11,0,1221,68
2020-05-19,Ukraine,NA,Ivano-Frankivsk,1377496,14,2,1235,70
2020-05-20,Ukraine,NA,Ivano-Frankivsk,1377496,11,1,1246,71
2020-05-21,Ukraine,NA,Ivano-Frankivsk,1377496,11,2,1257,73
2020-05-22,Ukraine,NA,Ivano-Frankivsk,1377496,11,0,1268,73
2020-05-23,Ukraine,NA,Ivano-Frankivsk,1377496,6,0,1274,73
2020-05-24,Ukraine,NA,Ivano-Frankivsk,1377496,3,1,1277,74
2020-05-25,Ukraine,NA,Ivano-Frankivsk,1377496,4,0,1281,74
2020-05-26,Ukraine,NA,Ivano-Frankivsk,1377496,25,0,1306,74
2020-05-27,Ukraine,NA,Ivano-Frankivsk,1377496,21,1,1327,75
2020-05-28,Ukraine,NA,Ivano-Frankivsk,1377496,12,0,1339,75
2020-05-29,Ukraine,NA,Ivano-Frankivsk,1377496,21,3,1360,78
2020-05-30,Ukraine,NA,Ivano-Frankivsk,1377496,19,1,1379,79
2020-05-31,Ukraine,NA,Ivano-Frankivsk,1377496,23,2,1402,81
2020-06-01,Ukraine,NA,Ivano-Frankivsk,1377496,18,0,1420,81
2020-06-02,Ukraine,NA,Ivano-Frankivsk,1377496,22,2,1442,83
2020-06-03,Ukraine,NA,Ivano-Frankivsk,1377496,23,0,1465,83
2020-06-04,Ukraine,NA,Ivano-Frankivsk,1377496,26,1,1491,84
2020-06-05,Ukraine,NA,Ivano-Frankivsk,1377496,16,1,1507,85
2020-06-06,Ukraine,NA,Ivano-Frankivsk,1377496,26,1,1533,86
2020-06-07,Ukraine,NA,Ivano-Frankivsk,1377496,29,1,1562,87
2020-06-08,Ukraine,NA,Ivano-Frankivsk,1377496,20,1,1582,88
2020-06-09,Ukraine,NA,Ivano-Frankivsk,1377496,20,0,1602,88
2020-06-10,Ukraine,NA,Ivano-Frankivsk,1377496,20,1,1622,89
2020-06-11,Ukraine,NA,Ivano-Frankivsk,1377496,27,1,1649,90
2020-06-12,Ukraine,NA,Ivano-Frankivsk,1377496,20,0,1669,90
2020-06-13,Ukraine,NA,Ivano-Frankivsk,1377496,26,0,1695,90
2020-06-14,Ukraine,NA,Ivano-Frankivsk,1377496,33,0,1728,90
2020-06-15,Ukraine,NA,Ivano-Frankivsk,1377496,38,1,1766,91
2020-06-16,Ukraine,NA,Ivano-Frankivsk,1377496,43,0,1809,91
2020-06-17,Ukraine,NA,Ivano-Frankivsk,1377496,40,1,1849,92
2020-06-18,Ukraine,NA,Ivano-Frankivsk,1377496,44,0,1893,92
2020-06-19,Ukraine,NA,Ivano-Frankivsk,1377496,47,2,1940,94
2020-06-20,Ukraine,NA,Ivano-Frankivsk,1377496,41,1,1981,95
2020-06-21,Ukraine,NA,Ivano-Frankivsk,1377496,34,1,2015,96
2020-06-22,Ukraine,NA,Ivano-Frankivsk,1377496,41,1,2056,97
2020-06-23,Ukraine,NA,Ivano-Frankivsk,1377496,35,0,2091,97
2020-06-24,Ukraine,NA,Ivano-Frankivsk,1377496,33,0,2124,97
2020-06-25,Ukraine,NA,Ivano-Frankivsk,1377496,47,1,2171,98
2020-06-26,Ukraine,NA,Ivano-Frankivsk,1377496,46,1,2217,99
2020-06-27,Ukraine,NA,Ivano-Frankivsk,1377496,36,1,2253,100
2020-06-28,Ukraine,NA,Ivano-Frankivsk,1377496,47,1,2300,101
2020-06-29,Ukraine,NA,Ivano-Frankivsk,1377496,50,0,2350,101
2020-06-30,Ukraine,NA,Ivano-Frankivsk,1377496,45,0,2395,101
2020-07-01,Ukraine,NA,Ivano-Frankivsk,1377496,43,0,2438,101
2020-07-02,Ukraine,NA,Ivano-Frankivsk,1377496,51,1,2489,102
2020-07-03,Ukraine,NA,Ivano-Frankivsk,1377496,55,1,2544,103
2020-07-04,Ukraine,NA,Ivano-Frankivsk,1377496,54,0,2598,103
2020-07-05,Ukraine,NA,Ivano-Frankivsk,1377496,57,0,2655,103
2020-07-06,Ukraine,NA,Ivano-Frankivsk,1377496,45,0,2700,103
2020-07-07,Ukraine,NA,Ivano-Frankivsk,1377496,44,1,2744,104
2020-07-08,Ukraine,NA,Ivano-Frankivsk,1377496,53,1,2797,105
2020-07-09,Ukraine,NA,Ivano-Frankivsk,1377496,60,1,2857,106
2020-07-10,Ukraine,NA,Ivano-Frankivsk,1377496,58,1,2915,107
2020-07-11,Ukraine,NA,Ivano-Frankivsk,1377496,56,2,2971,109
2020-07-12,Ukraine,NA,Ivano-Frankivsk,1377496,58,0,3029,109
2020-07-13,Ukraine,NA,Ivano-Frankivsk,1377496,42,0,3071,109
2020-07-14,Ukraine,NA,Ivano-Frankivsk,1377496,56,2,3127,111
2020-07-15,Ukraine,NA,Ivano-Frankivsk,1377496,51,2,3178,113
2020-07-16,Ukraine,NA,Ivano-Frankivsk,1377496,64,3,3242,116
2020-07-17,Ukraine,NA,Ivano-Frankivsk,1377496,67,3,3309,119
2020-07-18,Ukraine,NA,Ivano-Frankivsk,1377496,76,1,3385,120
2020-07-19,Ukraine,NA,Ivano-Frankivsk,1377496,79,0,3464,120
2020-07-20,Ukraine,NA,Ivano-Frankivsk,1377496,72,1,3536,121
2020-07-21,Ukraine,NA,Ivano-Frankivsk,1377496,75,2,3611,123
2020-07-22,Ukraine,NA,Ivano-Frankivsk,1377496,78,2,3689,125
2020-07-23,Ukraine,NA,Ivano-Frankivsk,1377496,76,2,3765,127
2020-07-24,Ukraine,NA,Ivano-Frankivsk,1377496,87,3,3852,130
2020-07-25,Ukraine,NA,Ivano-Frankivsk,1377496,85,2,3937,132
2020-07-26,Ukraine,NA,Ivano-Frankivsk,1377496,88,0,4025,132
2020-07-27,Ukraine,NA,Ivano-Frankivsk,1377496,96,2,4121,134
2020-07-28,Ukraine,NA,Ivano-Frankivsk,1377496,103,1,4224,135
2020-07-29,Ukraine,NA,Ivano-Frankivsk,1377496,118,1,4342,136
2020-07-30,Ukraine,NA,Ivano-Frankivsk,1377496,104,0,4446,136
2020-07-31,Ukraine,NA,Ivano-Frankivsk,1377496,111,2,4557,138
2020-08-01,Ukraine,NA,Ivano-Frankivsk,1377496,123,3,4680,141
2020-08-02,Ukraine,NA,Ivano-Frankivsk,1377496,115,0,4795,141
2020-08-03,Ukraine,NA,Ivano-Frankivsk,1377496,119,0,4914,141
2020-08-04,Ukraine,NA,Ivano-Frankivsk,1377496,127,2,5041,143
2020-08-05,Ukraine,NA,Ivano-Frankivsk,1377496,127,2,5168,145
2020-08-06,Ukraine,NA,Ivano-Frankivsk,1377496,127,3,5295,148
2020-08-07,Ukraine,NA,Ivano-Frankivsk,1377496,131,2,5426,150
2020-08-08,Ukraine,NA,Ivano-Frankivsk,1377496,126,3,5552,153
2020-08-09,Ukraine,NA,Ivano-Frankivsk,1377496,124,2,5676,155
2020-08-10,Ukraine,NA,Ivano-Frankivsk,1377496,121,1,5797,156
2020-08-11,Ukraine,NA,Ivano-Frankivsk,1377496,114,2,5911,158
2020-08-12,Ukraine,NA,Ivano-Frankivsk,1377496,128,2,6039,160
2020-08-13,Ukraine,NA,Ivano-Frankivsk,1377496,138,3,6177,163
2020-08-14,Ukraine,NA,Ivano-Frankivsk,1377496,143,2,6320,165
2020-08-15,Ukraine,NA,Ivano-Frankivsk,1377496,148,2,6468,167
2020-08-16,Ukraine,NA,Ivano-Frankivsk,1377496,158,0,6626,167
2020-08-17,Ukraine,NA,Ivano-Frankivsk,1377496,164,4,6790,171
2020-08-18,Ukraine,NA,Ivano-Frankivsk,1377496,169,3,6959,174
2020-08-19,Ukraine,NA,Ivano-Frankivsk,1377496,163,3,7122,177
2020-08-20,Ukraine,NA,Ivano-Frankivsk,1377496,168,4,7290,181
2020-08-21,Ukraine,NA,Ivano-Frankivsk,1377496,172,4,7462,185
2020-08-22,Ukraine,NA,Ivano-Frankivsk,1377496,169,3,7631,188
2020-08-23,Ukraine,NA,Ivano-Frankivsk,1377496,174,2,7805,190
2020-08-24,Ukraine,NA,Ivano-Frankivsk,1377496,170,2,7975,192
2020-08-25,Ukraine,NA,Ivano-Frankivsk,1377496,179,4,8154,196
2020-08-26,Ukraine,NA,Ivano-Frankivsk,1377496,167,4,8321,200
2020-08-27,Ukraine,NA,Ivano-Frankivsk,1377496,164,4,8485,204
2020-08-28,Ukraine,NA,Ivano-Frankivsk,1377496,176,4,8661,208
2020-08-29,Ukraine,NA,Ivano-Frankivsk,1377496,182,4,8843,212
2020-08-30,Ukraine,NA,Ivano-Frankivsk,1377496,171,2,9014,214
2020-08-31,Ukraine,NA,Ivano-Frankivsk,1377496,165,1,9179,215
2020-04-23,Ukraine,NA,Kharkiv,2694007,19,0,101,2
2020-04-24,Ukraine,NA,Kharkiv,2694007,17,0,118,2
2020-04-25,Ukraine,NA,Kharkiv,2694007,7,0,125,2
2020-04-26,Ukraine,NA,Kharkiv,2694007,22,0,147,2
2020-04-27,Ukraine,NA,Kharkiv,2694007,49,2,196,4
2020-04-28,Ukraine,NA,Kharkiv,2694007,25,0,221,4
2020-04-29,Ukraine,NA,Kharkiv,2694007,16,0,237,4
2020-04-30,Ukraine,NA,Kharkiv,2694007,12,0,249,4
2020-05-01,Ukraine,NA,Kharkiv,2694007,25,0,274,4
2020-05-02,Ukraine,NA,Kharkiv,2694007,37,2,311,6
2020-05-03,Ukraine,NA,Kharkiv,2694007,37,0,348,6
2020-05-04,Ukraine,NA,Kharkiv,2694007,13,3,361,9
2020-05-05,Ukraine,NA,Kharkiv,2694007,16,1,377,10
2020-05-06,Ukraine,NA,Kharkiv,2694007,26,0,403,10
2020-05-07,Ukraine,NA,Kharkiv,2694007,45,0,448,10
2020-05-08,Ukraine,NA,Kharkiv,2694007,30,1,478,11
2020-05-09,Ukraine,NA,Kharkiv,2694007,50,3,528,14
2020-05-10,Ukraine,NA,Kharkiv,2694007,44,2,572,16
2020-05-11,Ukraine,NA,Kharkiv,2694007,23,3,595,19
2020-05-12,Ukraine,NA,Kharkiv,2694007,28,0,623,19
2020-05-13,Ukraine,NA,Kharkiv,2694007,49,1,672,20
2020-05-14,Ukraine,NA,Kharkiv,2694007,41,1,713,21
2020-05-15,Ukraine,NA,Kharkiv,2694007,44,2,757,23
2020-05-16,Ukraine,NA,Kharkiv,2694007,16,3,773,26
2020-05-17,Ukraine,NA,Kharkiv,2694007,13,3,786,29
2020-05-18,Ukraine,NA,Kharkiv,2694007,3,1,789,30
2020-05-19,Ukraine,NA,Kharkiv,2694007,27,0,816,30
2020-05-20,Ukraine,NA,Kharkiv,2694007,20,2,836,32
2020-05-21,Ukraine,NA,Kharkiv,2694007,15,0,851,32
2020-05-22,Ukraine,NA,Kharkiv,2694007,15,1,866,33
2020-05-23,Ukraine,NA,Kharkiv,2694007,26,3,892,36
2020-05-24,Ukraine,NA,Kharkiv,2694007,18,2,910,38
2020-05-25,Ukraine,NA,Kharkiv,2694007,2,0,912,38
2020-05-26,Ukraine,NA,Kharkiv,2694007,18,0,930,38
2020-05-27,Ukraine,NA,Kharkiv,2694007,29,3,959,41
2020-05-28,Ukraine,NA,Kharkiv,2694007,22,1,981,42
2020-05-29,Ukraine,NA,Kharkiv,2694007,30,1,1011,43
2020-05-30,Ukraine,NA,Kharkiv,2694007,14,2,1025,45
2020-05-31,Ukraine,NA,Kharkiv,2694007,41,2,1066,47
2020-06-01,Ukraine,NA,Kharkiv,2694007,17,0,1083,47
2020-06-02,Ukraine,NA,Kharkiv,2694007,22,1,1105,48
2020-06-03,Ukraine,NA,Kharkiv,2694007,26,0,1131,48
2020-06-04,Ukraine,NA,Kharkiv,2694007,35,1,1166,49
2020-06-05,Ukraine,NA,Kharkiv,2694007,30,2,1196,51
2020-06-06,Ukraine,NA,Kharkiv,2694007,26,0,1222,51
2020-06-07,Ukraine,NA,Kharkiv,2694007,29,1,1251,52
2020-06-08,Ukraine,NA,Kharkiv,2694007,36,0,1287,52
2020-06-09,Ukraine,NA,Kharkiv,2694007,18,2,1305,54
2020-06-10,Ukraine,NA,Kharkiv,2694007,33,0,1338,54
2020-06-11,Ukraine,NA,Kharkiv,2694007,36,1,1374,55
2020-06-12,Ukraine,NA,Kharkiv,2694007,52,2,1426,57
2020-06-13,Ukraine,NA,Kharkiv,2694007,56,0,1482,57
2020-06-14,Ukraine,NA,Kharkiv,2694007,39,1,1521,58
2020-06-15,Ukraine,NA,Kharkiv,2694007,21,1,1542,59
2020-06-16,Ukraine,NA,Kharkiv,2694007,53,3,1595,62
2020-06-17,Ukraine,NA,Kharkiv,2694007,57,0,1652,62
2020-06-18,Ukraine,NA,Kharkiv,2694007,55,4,1707,66
2020-06-19,Ukraine,NA,Kharkiv,2694007,37,0,1744,66
2020-06-20,Ukraine,NA,Kharkiv,2694007,35,2,1779,68
2020-06-21,Ukraine,NA,Kharkiv,2694007,26,1,1805,69
2020-06-22,Ukraine,NA,Kharkiv,2694007,6,0,1811,69
2020-06-23,Ukraine,NA,Kharkiv,2694007,33,0,1844,69
2020-06-24,Ukraine,NA,Kharkiv,2694007,47,2,1891,71
2020-06-25,Ukraine,NA,Kharkiv,2694007,56,0,1947,71
2020-06-26,Ukraine,NA,Kharkiv,2694007,46,3,1993,74
2020-06-27,Ukraine,NA,Kharkiv,2694007,53,1,2046,75
2020-06-28,Ukraine,NA,Kharkiv,2694007,36,3,2082,78
2020-06-29,Ukraine,NA,Kharkiv,2694007,16,2,2098,80
2020-06-30,Ukraine,NA,Kharkiv,2694007,36,0,2134,80
2020-07-01,Ukraine,NA,Kharkiv,2694007,35,3,2169,83
2020-07-02,Ukraine,NA,Kharkiv,2694007,38,1,2207,84
2020-07-03,Ukraine,NA,Kharkiv,2694007,48,3,2255,87
2020-07-04,Ukraine,NA,Kharkiv,2694007,56,3,2311,90
2020-07-05,Ukraine,NA,Kharkiv,2694007,37,3,2348,93
2020-07-06,Ukraine,NA,Kharkiv,2694007,23,0,2371,93
2020-07-07,Ukraine,NA,Kharkiv,2694007,45,1,2416,94
2020-07-08,Ukraine,NA,Kharkiv,2694007,50,5,2466,99
2020-07-09,Ukraine,NA,Kharkiv,2694007,55,2,2521,101
2020-07-10,Ukraine,NA,Kharkiv,2694007,56,1,2577,102
2020-07-11,Ukraine,NA,Kharkiv,2694007,44,1,2621,103
2020-07-12,Ukraine,NA,Kharkiv,2694007,28,2,2649,105
2020-07-13,Ukraine,NA,Kharkiv,2694007,28,4,2677,109
2020-07-14,Ukraine,NA,Kharkiv,2694007,46,2,2723,111
2020-07-15,Ukraine,NA,Kharkiv,2694007,64,0,2787,111
2020-07-16,Ukraine,NA,Kharkiv,2694007,58,3,2845,114
2020-07-17,Ukraine,NA,Kharkiv,2694007,64,0,2909,114
2020-07-18,Ukraine,NA,Kharkiv,2694007,62,2,2971,116
2020-07-19,Ukraine,NA,Kharkiv,2694007,43,1,3014,117
2020-07-20,Ukraine,NA,Kharkiv,2694007,19,1,3033,118
2020-07-21,Ukraine,NA,Kharkiv,2694007,49,0,3082,118
2020-07-22,Ukraine,NA,Kharkiv,2694007,57,1,3139,119
2020-07-23,Ukraine,NA,Kharkiv,2694007,64,1,3203,120
2020-07-24,Ukraine,NA,Kharkiv,2694007,74,1,3277,121
2020-07-25,Ukraine,NA,Kharkiv,2694007,65,0,3342,121
2020-07-26,Ukraine,NA,Kharkiv,2694007,39,1,3381,122
2020-07-27,Ukraine,NA,Kharkiv,2694007,50,0,3431,122
2020-07-28,Ukraine,NA,Kharkiv,2694007,47,0,3478,122
2020-07-29,Ukraine,NA,Kharkiv,2694007,78,2,3556,124
2020-07-30,Ukraine,NA,Kharkiv,2694007,70,3,3626,127
2020-07-31,Ukraine,NA,Kharkiv,2694007,85,0,3711,127
2020-08-01,Ukraine,NA,Kharkiv,2694007,75,0,3786,127
2020-08-02,Ukraine,NA,Kharkiv,2694007,76,5,3862,132
2020-08-03,Ukraine,NA,Kharkiv,2694007,88,0,3950,132
2020-08-04,Ukraine,NA,Kharkiv,2694007,143,2,4093,134
2020-08-05,Ukraine,NA,Kharkiv,2694007,146,2,4239,136
2020-08-06,Ukraine,NA,Kharkiv,2694007,142,0,4381,136
2020-08-07,Ukraine,NA,Kharkiv,2694007,146,2,4527,138
2020-08-08,Ukraine,NA,Kharkiv,2694007,134,3,4661,141
2020-08-09,Ukraine,NA,Kharkiv,2694007,123,1,4784,142
2020-08-10,Ukraine,NA,Kharkiv,2694007,117,2,4901,144
2020-08-11,Ukraine,NA,Kharkiv,2694007,129,2,5030,146
2020-08-12,Ukraine,NA,Kharkiv,2694007,139,4,5169,150
2020-08-13,Ukraine,NA,Kharkiv,2694007,209,1,5378,151
2020-08-14,Ukraine,NA,Kharkiv,2694007,205,4,5583,155
2020-08-15,Ukraine,NA,Kharkiv,2694007,254,4,5837,159
2020-08-16,Ukraine,NA,Kharkiv,2694007,228,0,6065,159
2020-08-17,Ukraine,NA,Kharkiv,2694007,91,2,6156,161
2020-08-18,Ukraine,NA,Kharkiv,2694007,204,1,6360,162
2020-08-19,Ukraine,NA,Kharkiv,2694007,247,4,6607,166
2020-08-20,Ukraine,NA,Kharkiv,2694007,242,5,6849,171
2020-08-21,Ukraine,NA,Kharkiv,2694007,184,2,7033,173
2020-08-22,Ukraine,NA,Kharkiv,2694007,291,4,7324,177
2020-08-23,Ukraine,NA,Kharkiv,2694007,169,3,7493,180
2020-08-24,Ukraine,NA,Kharkiv,2694007,141,1,7634,181
2020-08-25,Ukraine,NA,Kharkiv,2694007,173,5,7807,186
2020-08-26,Ukraine,NA,Kharkiv,2694007,177,5,7984,191
2020-08-27,Ukraine,NA,Kharkiv,2694007,218,5,8202,196
2020-08-28,Ukraine,NA,Kharkiv,2694007,242,1,8444,197
2020-08-29,Ukraine,NA,Kharkiv,2694007,247,2,8691,199
2020-08-30,Ukraine,NA,Kharkiv,2694007,198,4,8889,203
2020-08-31,Ukraine,NA,Kharkiv,2694007,187,1,9076,204
2020-04-29,Ukraine,NA,Kherson,1046981,23,0,111,1
2020-04-30,Ukraine,NA,Kherson,1046981,0,1,111,2
2020-05-01,Ukraine,NA,Kherson,1046981,9,0,120,2
2020-05-02,Ukraine,NA,Kherson,1046981,1,0,121,2
2020-05-03,Ukraine,NA,Kherson,1046981,15,0,136,2
2020-05-04,Ukraine,NA,Kherson,1046981,3,0,139,2
2020-05-05,Ukraine,NA,Kherson,1046981,3,0,142,2
2020-05-06,Ukraine,NA,Kherson,1046981,1,0,143,2
2020-05-07,Ukraine,NA,Kherson,1046981,3,0,146,2
2020-05-08,Ukraine,NA,Kherson,1046981,3,0,149,2
2020-05-09,Ukraine,NA,Kherson,1046981,7,0,156,2
2020-05-10,Ukraine,NA,Kherson,1046981,3,0,159,2
2020-05-11,Ukraine,NA,Kherson,1046981,2,0,161,2
2020-05-12,Ukraine,NA,Kherson,1046981,1,0,162,2
2020-05-13,Ukraine,NA,Kherson,1046981,3,0,165,2
2020-05-14,Ukraine,NA,Kherson,1046981,0,0,165,2
2020-05-15,Ukraine,NA,Kherson,1046981,2,0,167,2
2020-05-16,Ukraine,NA,Kherson,1046981,0,0,167,2
2020-05-17,Ukraine,NA,Kherson,1046981,0,0,167,2
2020-05-18,Ukraine,NA,Kherson,1046981,1,0,168,2
2020-05-19,Ukraine,NA,Kherson,1046981,0,0,168,2
2020-05-20,Ukraine,NA,Kherson,1046981,4,0,172,2
2020-05-21,Ukraine,NA,Kherson,1046981,1,0,173,2
2020-05-22,Ukraine,NA,Kherson,1046981,0,0,173,2
2020-05-23,Ukraine,NA,Kherson,1046981,4,0,177,2
2020-05-24,Ukraine,NA,Kherson,1046981,0,0,177,2
2020-05-25,Ukraine,NA,Kherson,1046981,0,0,177,2
2020-05-26,Ukraine,NA,Kherson,1046981,0,0,177,2
2020-05-27,Ukraine,NA,Kherson,1046981,0,1,177,3
2020-05-28,Ukraine,NA,Kherson,1046981,0,0,177,3
2020-05-29,Ukraine,NA,Kherson,1046981,0,0,177,3
2020-05-30,Ukraine,NA,Kherson,1046981,1,0,178,3
2020-05-31,Ukraine,NA,Kherson,1046981,0,0,178,3
2020-06-01,Ukraine,NA,Kherson,1046981,0,0,178,3
2020-06-02,Ukraine,NA,Kherson,1046981,0,0,178,3
2020-06-03,Ukraine,NA,Kherson,1046981,1,0,179,3
2020-06-04,Ukraine,NA,Kherson,1046981,0,0,179,3
2020-06-05,Ukraine,NA,Kherson,1046981,0,0,179,3
2020-06-06,Ukraine,NA,Kherson,1046981,0,0,179,3
2020-06-07,Ukraine,NA,Kherson,1046981,0,0,179,3
2020-06-08,Ukraine,NA,Kherson,1046981,0,0,179,3
2020-06-09,Ukraine,NA,Kherson,1046981,0,0,179,3
2020-06-10,Ukraine,NA,Kherson,1046981,0,0,179,3
2020-06-11,Ukraine,NA,Kherson,1046981,0,0,179,3
2020-06-12,Ukraine,NA,Kherson,1046981,0,0,179,3
2020-06-13,Ukraine,NA,Kherson,1046981,0,0,179,3
2020-06-14,Ukraine,NA,Kherson,1046981,1,0,180,3
2020-06-15,Ukraine,NA,Kherson,1046981,3,0,183,3
2020-06-16,Ukraine,NA,Kherson,1046981,0,0,183,3
2020-06-17,Ukraine,NA,Kherson,1046981,0,0,183,3
2020-06-18,Ukraine,NA,Kherson,1046981,1,0,184,3
2020-06-19,Ukraine,NA,Kherson,1046981,1,0,185,3
2020-06-20,Ukraine,NA,Kherson,1046981,0,0,185,3
2020-06-21,Ukraine,NA,Kherson,1046981,1,0,186,3
2020-06-22,Ukraine,NA,Kherson,1046981,2,0,188,3
2020-06-23,Ukraine,NA,Kherson,1046981,0,0,188,3
2020-06-24,Ukraine,NA,Kherson,1046981,0,0,188,3
2020-06-25,Ukraine,NA,Kherson,1046981,0,0,188,3
2020-06-26,Ukraine,NA,Kherson,1046981,2,0,190,3
2020-06-27,Ukraine,NA,Kherson,1046981,1,0,191,3
2020-06-28,Ukraine,NA,Kherson,1046981,0,0,191,3
2020-06-29,Ukraine,NA,Kherson,1046981,0,0,191,3
2020-06-30,Ukraine,NA,Kherson,1046981,0,0,191,3
2020-07-01,Ukraine,NA,Kherson,1046981,2,0,193,3
2020-07-02,Ukraine,NA,Kherson,1046981,1,0,194,3
2020-07-03,Ukraine,NA,Kherson,1046981,1,0,195,3
2020-07-04,Ukraine,NA,Kherson,1046981,1,0,196,3
2020-07-05,Ukraine,NA,Kherson,1046981,0,0,196,3
2020-07-06,Ukraine,NA,Kherson,1046981,0,0,196,3
2020-07-07,Ukraine,NA,Kherson,1046981,0,0,196,3
2020-07-08,Ukraine,NA,Kherson,1046981,5,0,201,3
2020-07-09,Ukraine,NA,Kherson,1046981,0,0,201,3
2020-07-10,Ukraine,NA,Kherson,1046981,2,0,203,3
2020-07-11,Ukraine,NA,Kherson,1046981,1,0,204,3
2020-07-12,Ukraine,NA,Kherson,1046981,0,0,204,3
2020-07-13,Ukraine,NA,Kherson,1046981,0,0,204,3
2020-07-14,Ukraine,NA,Kherson,1046981,0,0,204,3
2020-07-15,Ukraine,NA,Kherson,1046981,1,0,205,3
2020-07-16,Ukraine,NA,Kherson,1046981,1,0,206,3
2020-07-17,Ukraine,NA,Kherson,1046981,1,0,207,3
2020-07-18,Ukraine,NA,Kherson,1046981,2,0,209,3
2020-07-19,Ukraine,NA,Kherson,1046981,4,0,213,3
2020-07-20,Ukraine,NA,Kherson,1046981,0,0,213,3
2020-07-21,Ukraine,NA,Kherson,1046981,3,0,216,3
2020-07-22,Ukraine,NA,Kherson,1046981,1,0,217,3
2020-07-23,Ukraine,NA,Kherson,1046981,1,0,218,3
2020-07-24,Ukraine,NA,Kherson,1046981,0,0,218,3
2020-07-25,Ukraine,NA,Kherson,1046981,1,0,219,3
2020-07-26,Ukraine,NA,Kherson,1046981,0,0,219,3
2020-07-27,Ukraine,NA,Kherson,1046981,1,0,220,3
2020-07-28,Ukraine,NA,Kherson,1046981,1,0,221,3
2020-07-29,Ukraine,NA,Kherson,1046981,3,0,224,3
2020-07-30,Ukraine,NA,Kherson,1046981,0,0,224,3
2020-07-31,Ukraine,NA,Kherson,1046981,3,0,227,3
2020-08-01,Ukraine,NA,Kherson,1046981,0,0,227,3
2020-08-02,Ukraine,NA,Kherson,1046981,3,0,230,3
2020-08-03,Ukraine,NA,Kherson,1046981,0,0,230,3
2020-08-04,Ukraine,NA,Kherson,1046981,0,0,230,3
2020-08-05,Ukraine,NA,Kherson,1046981,6,0,236,3
2020-08-06,Ukraine,NA,Kherson,1046981,6,0,242,3
2020-08-07,Ukraine,NA,Kherson,1046981,13,0,255,3
2020-08-08,Ukraine,NA,Kherson,1046981,4,1,259,4
2020-08-09,Ukraine,NA,Kherson,1046981,8,0,267,4
2020-08-10,Ukraine,NA,Kherson,1046981,2,0,269,4
2020-08-11,Ukraine,NA,Kherson,1046981,2,1,271,5
2020-08-12,Ukraine,NA,Kherson,1046981,5,0,276,5
2020-08-13,Ukraine,NA,Kherson,1046981,10,0,286,5
2020-08-14,Ukraine,NA,Kherson,1046981,4,0,290,5
2020-08-15,Ukraine,NA,Kherson,1046981,4,0,294,5
2020-08-16,Ukraine,NA,Kherson,1046981,5,0,299,5
2020-08-17,Ukraine,NA,Kherson,1046981,2,1,301,6
2020-08-18,Ukraine,NA,Kherson,1046981,3,0,304,6
2020-08-19,Ukraine,NA,Kherson,1046981,8,0,312,6
2020-08-20,Ukraine,NA,Kherson,1046981,9,1,321,7
2020-08-21,Ukraine,NA,Kherson,1046981,8,0,329,7
2020-08-22,Ukraine,NA,Kherson,1046981,3,0,332,7
2020-08-23,Ukraine,NA,Kherson,1046981,2,0,334,7
2020-08-24,Ukraine,NA,Kherson,1046981,2,1,336,8
2020-08-25,Ukraine,NA,Kherson,1046981,1,0,337,8
2020-08-26,Ukraine,NA,Kherson,1046981,9,1,346,9
2020-08-27,Ukraine,NA,Kherson,1046981,17,0,363,9
2020-08-28,Ukraine,NA,Kherson,1046981,11,0,374,9
2020-08-29,Ukraine,NA,Kherson,1046981,12,2,386,11
2020-08-30,Ukraine,NA,Kherson,1046981,6,0,392,11
2020-08-31,Ukraine,NA,Kherson,1046981,4,1,396,12
2020-05-03,Ukraine,NA,Khmelnytskyi,1274409,17,0,115,5
2020-05-04,Ukraine,NA,Khmelnytskyi,1274409,1,1,116,6
2020-05-05,Ukraine,NA,Khmelnytskyi,1274409,3,0,119,6
2020-05-06,Ukraine,NA,Khmelnytskyi,1274409,15,1,134,7
2020-05-07,Ukraine,NA,Khmelnytskyi,1274409,4,0,138,7
2020-05-08,Ukraine,NA,Khmelnytskyi,1274409,10,0,148,7
2020-05-09,Ukraine,NA,Khmelnytskyi,1274409,17,0,165,7
2020-05-10,Ukraine,NA,Khmelnytskyi,1274409,10,0,175,7
2020-05-11,Ukraine,NA,Khmelnytskyi,1274409,3,0,178,7
2020-05-12,Ukraine,NA,Khmelnytskyi,1274409,4,0,182,7
2020-05-13,Ukraine,NA,Khmelnytskyi,1274409,14,0,196,7
2020-05-14,Ukraine,NA,Khmelnytskyi,1274409,13,1,209,8
2020-05-15,Ukraine,NA,Khmelnytskyi,1274409,13,1,222,9
2020-05-16,Ukraine,NA,Khmelnytskyi,1274409,13,0,235,9
2020-05-17,Ukraine,NA,Khmelnytskyi,1274409,18,0,253,9
2020-05-18,Ukraine,NA,Khmelnytskyi,1274409,14,0,267,9
2020-05-19,Ukraine,NA,Khmelnytskyi,1274409,0,0,267,9
2020-05-20,Ukraine,NA,Khmelnytskyi,1274409,13,0,280,9
2020-05-21,Ukraine,NA,Khmelnytskyi,1274409,14,0,294,9
2020-05-22,Ukraine,NA,Khmelnytskyi,1274409,5,0,299,9
2020-05-23,Ukraine,NA,Khmelnytskyi,1274409,30,0,329,9
2020-05-24,Ukraine,NA,Khmelnytskyi,1274409,17,0,346,9
2020-05-25,Ukraine,NA,Khmelnytskyi,1274409,18,0,364,9
2020-05-26,Ukraine,NA,Khmelnytskyi,1274409,6,1,370,10
2020-05-27,Ukraine,NA,Khmelnytskyi,1274409,11,0,381,10
2020-05-28,Ukraine,NA,Khmelnytskyi,1274409,5,0,386,10
2020-05-29,Ukraine,NA,Khmelnytskyi,1274409,21,0,407,10
2020-05-30,Ukraine,NA,Khmelnytskyi,1274409,25,0,432,10
2020-05-31,Ukraine,NA,Khmelnytskyi,1274409,12,1,444,11
2020-06-01,Ukraine,NA,Khmelnytskyi,1274409,10,0,454,11
2020-06-02,Ukraine,NA,Khmelnytskyi,1274409,4,0,458,11
2020-06-03,Ukraine,NA,Khmelnytskyi,1274409,11,0,469,11
2020-06-04,Ukraine,NA,Khmelnytskyi,1274409,28,0,497,11
2020-06-05,Ukraine,NA,Khmelnytskyi,1274409,4,0,501,11
2020-06-06,Ukraine,NA,Khmelnytskyi,1274409,8,1,509,12
2020-06-07,Ukraine,NA,Khmelnytskyi,1274409,9,1,518,13
2020-06-08,Ukraine,NA,Khmelnytskyi,1274409,0,0,518,13
2020-06-09,Ukraine,NA,Khmelnytskyi,1274409,0,0,518,13
2020-06-10,Ukraine,NA,Khmelnytskyi,1274409,2,1,520,14
2020-06-11,Ukraine,NA,Khmelnytskyi,1274409,3,0,523,14
2020-06-12,Ukraine,NA,Khmelnytskyi,1274409,6,0,529,14
2020-06-13,Ukraine,NA,Khmelnytskyi,1274409,15,0,544,14
2020-06-14,Ukraine,NA,Khmelnytskyi,1274409,12,0,556,14
2020-06-15,Ukraine,NA,Khmelnytskyi,1274409,3,0,559,14
2020-06-16,Ukraine,NA,Khmelnytskyi,1274409,1,0,560,14
2020-06-17,Ukraine,NA,Khmelnytskyi,1274409,17,0,577,14
2020-06-18,Ukraine,NA,Khmelnytskyi,1274409,10,0,587,14
2020-06-19,Ukraine,NA,Khmelnytskyi,1274409,21,0,608,14
2020-06-20,Ukraine,NA,Khmelnytskyi,1274409,4,0,612,14
2020-06-21,Ukraine,NA,Khmelnytskyi,1274409,10,0,622,14
2020-06-22,Ukraine,NA,Khmelnytskyi,1274409,0,1,622,15
2020-06-23,Ukraine,NA,Khmelnytskyi,1274409,0,0,622,15
2020-06-24,Ukraine,NA,Khmelnytskyi,1274409,5,0,627,15
2020-06-25,Ukraine,NA,Khmelnytskyi,1274409,18,0,645,15
2020-06-26,Ukraine,NA,Khmelnytskyi,1274409,79,0,724,15
2020-06-27,Ukraine,NA,Khmelnytskyi,1274409,53,2,777,17
2020-06-28,Ukraine,NA,Khmelnytskyi,1274409,14,0,791,17
2020-06-29,Ukraine,NA,Khmelnytskyi,1274409,7,0,798,17
2020-06-30,Ukraine,NA,Khmelnytskyi,1274409,5,0,803,17
2020-07-01,Ukraine,NA,Khmelnytskyi,1274409,2,1,805,18
2020-07-02,Ukraine,NA,Khmelnytskyi,1274409,3,0,808,18
2020-07-03,Ukraine,NA,Khmelnytskyi,1274409,14,1,822,19
2020-07-04,Ukraine,NA,Khmelnytskyi,1274409,6,0,828,19
2020-07-05,Ukraine,NA,Khmelnytskyi,1274409,11,0,839,19
2020-07-06,Ukraine,NA,Khmelnytskyi,1274409,3,1,842,20
2020-07-07,Ukraine,NA,Khmelnytskyi,1274409,0,0,842,20
2020-07-08,Ukraine,NA,Khmelnytskyi,1274409,21,0,863,20
2020-07-09,Ukraine,NA,Khmelnytskyi,1274409,2,0,865,20
2020-07-10,Ukraine,NA,Khmelnytskyi,1274409,16,0,881,20
2020-07-11,Ukraine,NA,Khmelnytskyi,1274409,7,0,888,20
2020-07-12,Ukraine,NA,Khmelnytskyi,1274409,20,0,908,20
2020-07-13,Ukraine,NA,Khmelnytskyi,1274409,0,0,908,20
2020-07-14,Ukraine,NA,Khmelnytskyi,1274409,1,0,909,20
2020-07-15,Ukraine,NA,Khmelnytskyi,1274409,13,2,922,22
2020-07-16,Ukraine,NA,Khmelnytskyi,1274409,8,0,930,22
2020-07-17,Ukraine,NA,Khmelnytskyi,1274409,12,0,942,22
2020-07-18,Ukraine,NA,Khmelnytskyi,1274409,21,0,963,22
2020-07-19,Ukraine,NA,Khmelnytskyi,1274409,17,0,980,22
2020-07-20,Ukraine,NA,Khmelnytskyi,1274409,0,1,980,23
2020-07-21,Ukraine,NA,Khmelnytskyi,1274409,11,0,991,23
2020-07-22,Ukraine,NA,Khmelnytskyi,1274409,3,0,994,23
2020-07-23,Ukraine,NA,Khmelnytskyi,1274409,14,0,1008,23
2020-07-24,Ukraine,NA,Khmelnytskyi,1274409,13,0,1021,23
2020-07-25,Ukraine,NA,Khmelnytskyi,1274409,16,0,1037,23
2020-07-26,Ukraine,NA,Khmelnytskyi,1274409,22,0,1059,23
2020-07-27,Ukraine,NA,Khmelnytskyi,1274409,0,0,1059,23
2020-07-28,Ukraine,NA,Khmelnytskyi,1274409,10,0,1069,23
2020-07-29,Ukraine,NA,Khmelnytskyi,1274409,17,1,1086,24
2020-07-30,Ukraine,NA,Khmelnytskyi,1274409,23,0,1109,24
2020-07-31,Ukraine,NA,Khmelnytskyi,1274409,29,0,1138,24
2020-08-01,Ukraine,NA,Khmelnytskyi,1274409,25,0,1163,24
2020-08-02,Ukraine,NA,Khmelnytskyi,1274409,17,0,1180,24
2020-08-03,Ukraine,NA,Khmelnytskyi,1274409,9,0,1189,24
2020-08-04,Ukraine,NA,Khmelnytskyi,1274409,11,1,1200,25
2020-08-05,Ukraine,NA,Khmelnytskyi,1274409,32,0,1232,25
2020-08-06,Ukraine,NA,Khmelnytskyi,1274409,25,0,1257,25
2020-08-07,Ukraine,NA,Khmelnytskyi,1274409,29,0,1286,25
2020-08-08,Ukraine,NA,Khmelnytskyi,1274409,37,0,1323,25
2020-08-09,Ukraine,NA,Khmelnytskyi,1274409,23,1,1346,26
2020-08-10,Ukraine,NA,Khmelnytskyi,1274409,22,3,1368,29
2020-08-11,Ukraine,NA,Khmelnytskyi,1274409,8,1,1376,30
2020-08-12,Ukraine,NA,Khmelnytskyi,1274409,37,1,1413,31
2020-08-13,Ukraine,NA,Khmelnytskyi,1274409,55,0,1468,31
2020-08-14,Ukraine,NA,Khmelnytskyi,1274409,46,0,1514,31
2020-08-15,Ukraine,NA,Khmelnytskyi,1274409,25,0,1539,31
2020-08-16,Ukraine,NA,Khmelnytskyi,1274409,42,0,1581,31
2020-08-17,Ukraine,NA,Khmelnytskyi,1274409,37,0,1618,31
2020-08-18,Ukraine,NA,Khmelnytskyi,1274409,10,0,1628,31
2020-08-19,Ukraine,NA,Khmelnytskyi,1274409,50,2,1678,33
2020-08-20,Ukraine,NA,Khmelnytskyi,1274409,90,0,1768,33
2020-08-21,Ukraine,NA,Khmelnytskyi,1274409,60,4,1828,37
2020-08-22,Ukraine,NA,Khmelnytskyi,1274409,76,1,1904,38
2020-08-23,Ukraine,NA,Khmelnytskyi,1274409,42,0,1946,38
2020-08-24,Ukraine,NA,Khmelnytskyi,1274409,64,0,2010,38
2020-08-25,Ukraine,NA,Khmelnytskyi,1274409,37,0,2047,38
2020-08-26,Ukraine,NA,Khmelnytskyi,1274409,15,3,2062,41
2020-08-27,Ukraine,NA,Khmelnytskyi,1274409,40,0,2102,41
2020-08-28,Ukraine,NA,Khmelnytskyi,1274409,92,0,2194,41
2020-08-29,Ukraine,NA,Khmelnytskyi,1274409,103,2,2297,43
2020-08-30,Ukraine,NA,Khmelnytskyi,1274409,105,0,2402,43
2020-08-31,Ukraine,NA,Khmelnytskyi,1274409,79,2,2481,45
2020-03-30,Ukraine,NA,Kiev,2967000,20,0,102,0
2020-03-31,Ukraine,NA,Kiev,2967000,21,0,123,0
2020-04-01,Ukraine,NA,Kiev,2967000,37,0,160,0
2020-04-02,Ukraine,NA,Kiev,2967000,20,0,180,0
2020-04-03,Ukraine,NA,Kiev,2967000,7,0,187,0
2020-04-04,Ukraine,NA,Kiev,2967000,36,3,223,3
2020-04-05,Ukraine,NA,Kiev,2967000,2,1,225,4
2020-04-06,Ukraine,NA,Kiev,2967000,9,0,234,4
2020-04-07,Ukraine,NA,Kiev,2967000,19,0,253,4
2020-04-08,Ukraine,NA,Kiev,2967000,3,1,256,5
2020-04-09,Ukraine,NA,Kiev,2967000,44,0,300,5
2020-04-10,Ukraine,NA,Kiev,2967000,48,1,348,6
2020-04-11,Ukraine,NA,Kiev,2967000,48,0,396,6
2020-04-12,Ukraine,NA,Kiev,2967000,20,0,416,6
2020-04-13,Ukraine,NA,Kiev,2967000,79,3,495,9
2020-04-14,Ukraine,NA,Kiev,2967000,56,1,551,10
2020-04-15,Ukraine,NA,Kiev,2967000,61,1,612,11
2020-04-16,Ukraine,NA,Kiev,2967000,32,1,644,12
2020-04-17,Ukraine,NA,Kiev,2967000,61,0,705,12
2020-04-18,Ukraine,NA,Kiev,2967000,65,2,770,14
2020-04-19,Ukraine,NA,Kiev,2967000,31,1,801,15
2020-04-20,Ukraine,NA,Kiev,2967000,49,2,850,17
2020-04-21,Ukraine,NA,Kiev,2967000,42,2,892,19
2020-04-22,Ukraine,NA,Kiev,2967000,97,0,989,19
2020-04-23,Ukraine,NA,Kiev,2967000,70,1,1059,20
2020-04-24,Ukraine,NA,Kiev,2967000,63,0,1122,20
2020-04-25,Ukraine,NA,Kiev,2967000,37,1,1159,21
2020-04-26,Ukraine,NA,Kiev,2967000,29,1,1188,22
2020-04-27,Ukraine,NA,Kiev,2967000,32,1,1220,23
2020-04-28,Ukraine,NA,Kiev,2967000,78,0,1298,23
2020-04-29,Ukraine,NA,Kiev,2967000,43,1,1341,24
2020-04-30,Ukraine,NA,Kiev,2967000,60,1,1401,25
2020-05-01,Ukraine,NA,Kiev,2967000,52,0,1453,25
2020-05-02,Ukraine,NA,Kiev,2967000,41,0,1494,25
2020-05-03,Ukraine,NA,Kiev,2967000,17,1,1511,26
2020-05-04,Ukraine,NA,Kiev,2967000,24,1,1535,27
2020-05-05,Ukraine,NA,Kiev,2967000,48,1,1583,28
2020-05-06,Ukraine,NA,Kiev,2967000,68,0,1651,28
2020-05-07,Ukraine,NA,Kiev,2967000,24,1,1675,29
2020-05-08,Ukraine,NA,Kiev,2967000,46,3,1721,32
2020-05-09,Ukraine,NA,Kiev,2967000,50,2,1771,34
2020-05-10,Ukraine,NA,Kiev,2967000,34,3,1805,37
2020-05-11,Ukraine,NA,Kiev,2967000,66,0,1871,37
2020-05-12,Ukraine,NA,Kiev,2967000,59,1,1930,38
2020-05-13,Ukraine,NA,Kiev,2967000,30,2,1960,40
2020-05-14,Ukraine,NA,Kiev,2967000,52,2,2012,42
2020-05-15,Ukraine,NA,Kiev,2967000,56,1,2068,43
2020-05-16,Ukraine,NA,Kiev,2967000,153,2,2221,45
2020-05-17,Ukraine,NA,Kiev,2967000,59,3,2280,48
2020-05-18,Ukraine,NA,Kiev,2967000,41,1,2321,49
2020-05-19,Ukraine,NA,Kiev,2967000,38,3,2359,52
2020-05-20,Ukraine,NA,Kiev,2967000,51,2,2410,54
2020-05-21,Ukraine,NA,Kiev,2967000,65,3,2475,57
2020-05-22,Ukraine,NA,Kiev,2967000,47,1,2522,58
2020-05-23,Ukraine,NA,Kiev,2967000,47,0,2569,58
2020-05-24,Ukraine,NA,Kiev,2967000,54,1,2623,59
2020-05-25,Ukraine,NA,Kiev,2967000,29,1,2652,60
2020-05-26,Ukraine,NA,Kiev,2967000,58,1,2710,61
2020-05-27,Ukraine,NA,Kiev,2967000,29,3,2739,64
2020-05-28,Ukraine,NA,Kiev,2967000,54,0,2793,64
2020-05-29,Ukraine,NA,Kiev,2967000,56,1,2849,65
2020-05-30,Ukraine,NA,Kiev,2967000,55,1,2904,66
2020-05-31,Ukraine,NA,Kiev,2967000,81,0,2985,66
2020-06-01,Ukraine,NA,Kiev,2967000,58,2,3043,68
2020-06-02,Ukraine,NA,Kiev,2967000,28,1,3071,69
2020-06-03,Ukraine,NA,Kiev,2967000,62,0,3133,69
2020-06-04,Ukraine,NA,Kiev,2967000,77,0,3210,69
2020-06-05,Ukraine,NA,Kiev,2967000,82,4,3292,73
2020-06-06,Ukraine,NA,Kiev,2967000,83,2,3375,75
2020-06-07,Ukraine,NA,Kiev,2967000,43,2,3418,77
2020-06-08,Ukraine,NA,Kiev,2967000,72,0,3490,77
2020-06-09,Ukraine,NA,Kiev,2967000,33,2,3523,79
2020-06-10,Ukraine,NA,Kiev,2967000,57,1,3580,80
2020-06-11,Ukraine,NA,Kiev,2967000,91,4,3671,84
2020-06-12,Ukraine,NA,Kiev,2967000,95,1,3766,85
2020-06-13,Ukraine,NA,Kiev,2967000,72,2,3838,87
2020-06-14,Ukraine,NA,Kiev,2967000,66,1,3904,88
2020-06-15,Ukraine,NA,Kiev,2967000,53,2,3957,90
2020-06-16,Ukraine,NA,Kiev,2967000,28,2,3985,92
2020-06-17,Ukraine,NA,Kiev,2967000,41,2,4026,94
2020-06-18,Ukraine,NA,Kiev,2967000,58,1,4084,95
2020-06-19,Ukraine,NA,Kiev,2967000,92,1,4176,96
2020-06-20,Ukraine,NA,Kiev,2967000,76,1,4252,97
2020-06-21,Ukraine,NA,Kiev,2967000,73,1,4325,98
2020-06-22,Ukraine,NA,Kiev,2967000,43,0,4368,98
2020-06-23,Ukraine,NA,Kiev,2967000,61,3,4429,101
2020-06-24,Ukraine,NA,Kiev,2967000,99,0,4528,101
2020-06-25,Ukraine,NA,Kiev,2967000,85,0,4613,101
2020-06-26,Ukraine,NA,Kiev,2967000,113,1,4726,102
2020-06-27,Ukraine,NA,Kiev,2967000,140,0,4866,102
2020-06-28,Ukraine,NA,Kiev,2967000,69,4,4935,106
2020-06-29,Ukraine,NA,Kiev,2967000,45,2,4980,108
2020-06-30,Ukraine,NA,Kiev,2967000,57,0,5037,108
2020-07-01,Ukraine,NA,Kiev,2967000,101,0,5138,108
2020-07-02,Ukraine,NA,Kiev,2967000,104,3,5242,111
2020-07-03,Ukraine,NA,Kiev,2967000,105,1,5347,112
2020-07-04,Ukraine,NA,Kiev,2967000,118,2,5465,114
2020-07-05,Ukraine,NA,Kiev,2967000,78,0,5543,114
2020-07-06,Ukraine,NA,Kiev,2967000,59,2,5602,116
2020-07-07,Ukraine,NA,Kiev,2967000,63,3,5665,119
2020-07-08,Ukraine,NA,Kiev,2967000,114,0,5779,119
2020-07-09,Ukraine,NA,Kiev,2967000,93,3,5872,122
2020-07-10,Ukraine,NA,Kiev,2967000,118,0,5990,122
2020-07-11,Ukraine,NA,Kiev,2967000,125,2,6115,124
2020-07-12,Ukraine,NA,Kiev,2967000,67,0,6182,124
2020-07-13,Ukraine,NA,Kiev,2967000,56,0,6238,124
2020-07-14,Ukraine,NA,Kiev,2967000,112,1,6350,125
2020-07-15,Ukraine,NA,Kiev,2967000,147,1,6497,126
2020-07-16,Ukraine,NA,Kiev,2967000,116,0,6613,126
2020-07-17,Ukraine,NA,Kiev,2967000,76,0,6689,126
2020-07-18,Ukraine,NA,Kiev,2967000,108,2,6797,128
2020-07-19,Ukraine,NA,Kiev,2967000,87,0,6884,128
2020-07-20,Ukraine,NA,Kiev,2967000,77,0,6961,128
2020-07-21,Ukraine,NA,Kiev,2967000,73,0,7034,128
2020-07-22,Ukraine,NA,Kiev,2967000,132,0,7166,128
2020-07-23,Ukraine,NA,Kiev,2967000,112,0,7278,128
2020-07-24,Ukraine,NA,Kiev,2967000,118,1,7396,129
2020-07-25,Ukraine,NA,Kiev,2967000,129,0,7525,129
2020-07-26,Ukraine,NA,Kiev,2967000,95,0,7620,129
2020-07-27,Ukraine,NA,Kiev,2967000,70,0,7690,129
2020-07-28,Ukraine,NA,Kiev,2967000,110,1,7800,130
2020-07-29,Ukraine,NA,Kiev,2967000,132,2,7932,132
2020-07-30,Ukraine,NA,Kiev,2967000,199,0,8131,132
2020-07-31,Ukraine,NA,Kiev,2967000,110,0,8241,132
2020-08-01,Ukraine,NA,Kiev,2967000,101,2,8342,134
2020-08-02,Ukraine,NA,Kiev,2967000,110,0,8452,134
2020-08-03,Ukraine,NA,Kiev,2967000,102,1,8554,135
2020-08-04,Ukraine,NA,Kiev,2967000,108,3,8662,138
2020-08-05,Ukraine,NA,Kiev,2967000,150,1,8812,139
2020-08-06,Ukraine,NA,Kiev,2967000,180,3,8992,142
2020-08-07,Ukraine,NA,Kiev,2967000,186,0,9178,142
2020-08-08,Ukraine,NA,Kiev,2967000,200,3,9378,145
2020-08-09,Ukraine,NA,Kiev,2967000,120,2,9498,147
2020-08-10,Ukraine,NA,Kiev,2967000,66,0,9564,147
2020-08-11,Ukraine,NA,Kiev,2967000,123,0,9687,147
2020-08-12,Ukraine,NA,Kiev,2967000,182,0,9869,147
2020-08-13,Ukraine,NA,Kiev,2967000,133,2,10002,149
2020-08-14,Ukraine,NA,Kiev,2967000,158,1,10160,150
2020-08-15,Ukraine,NA,Kiev,2967000,232,1,10392,151
2020-08-16,Ukraine,NA,Kiev,2967000,146,2,10538,153
2020-08-17,Ukraine,NA,Kiev,2967000,104,1,10642,154
2020-08-18,Ukraine,NA,Kiev,2967000,88,1,10730,155
2020-08-19,Ukraine,NA,Kiev,2967000,215,0,10945,155
2020-08-20,Ukraine,NA,Kiev,2967000,227,3,11172,158
2020-08-21,Ukraine,NA,Kiev,2967000,156,0,11328,158
2020-08-22,Ukraine,NA,Kiev,2967000,179,7,11507,165
2020-08-23,Ukraine,NA,Kiev,2967000,307,2,11814,167
2020-08-24,Ukraine,NA,Kiev,2967000,209,3,12023,170
2020-08-25,Ukraine,NA,Kiev,2967000,130,2,12153,172
2020-08-26,Ukraine,NA,Kiev,2967000,95,2,12248,174
2020-08-27,Ukraine,NA,Kiev,2967000,220,4,12468,178
2020-08-28,Ukraine,NA,Kiev,2967000,251,9,12719,187
2020-08-29,Ukraine,NA,Kiev,2967000,265,6,12984,193
2020-08-30,Ukraine,NA,Kiev,2967000,109,9,13093,202
2020-08-31,Ukraine,NA,Kiev,2967000,277,6,13370,208
2020-04-08,Ukraine,NA,Kiev Oblast,1754284,23,0,120,5
2020-04-09,Ukraine,NA,Kiev Oblast,1754284,10,0,130,5
2020-04-10,Ukraine,NA,Kiev Oblast,1754284,10,0,140,5
2020-04-11,Ukraine,NA,Kiev Oblast,1754284,9,0,149,5
2020-04-12,Ukraine,NA,Kiev Oblast,1754284,10,0,159,5
2020-04-13,Ukraine,NA,Kiev Oblast,1754284,57,0,216,5
2020-04-14,Ukraine,NA,Kiev Oblast,1754284,8,2,224,7
2020-04-15,Ukraine,NA,Kiev Oblast,1754284,6,2,230,9
2020-04-16,Ukraine,NA,Kiev Oblast,1754284,4,0,234,9
2020-04-17,Ukraine,NA,Kiev Oblast,1754284,19,0,253,9
2020-04-18,Ukraine,NA,Kiev Oblast,1754284,27,0,280,9
2020-04-19,Ukraine,NA,Kiev Oblast,1754284,24,2,304,11
2020-04-20,Ukraine,NA,Kiev Oblast,1754284,29,0,333,11
2020-04-21,Ukraine,NA,Kiev Oblast,1754284,23,0,356,11
2020-04-22,Ukraine,NA,Kiev Oblast,1754284,34,0,390,11
2020-04-23,Ukraine,NA,Kiev Oblast,1754284,61,1,451,12
2020-04-24,Ukraine,NA,Kiev Oblast,1754284,54,0,505,12
2020-04-25,Ukraine,NA,Kiev Oblast,1754284,14,0,519,12
2020-04-26,Ukraine,NA,Kiev Oblast,1754284,23,0,542,12
2020-04-27,Ukraine,NA,Kiev Oblast,1754284,28,1,570,13
2020-04-28,Ukraine,NA,Kiev Oblast,1754284,34,0,604,13
2020-04-29,Ukraine,NA,Kiev Oblast,1754284,39,2,643,15
2020-04-30,Ukraine,NA,Kiev Oblast,1754284,21,0,664,15
2020-05-01,Ukraine,NA,Kiev Oblast,1754284,30,2,694,17
2020-05-02,Ukraine,NA,Kiev Oblast,1754284,53,0,747,17
2020-05-03,Ukraine,NA,Kiev Oblast,1754284,37,0,784,17
2020-05-04,Ukraine,NA,Kiev Oblast,1754284,69,0,853,17
2020-05-05,Ukraine,NA,Kiev Oblast,1754284,13,0,866,17
2020-05-06,Ukraine,NA,Kiev Oblast,1754284,25,0,891,17
2020-05-07,Ukraine,NA,Kiev Oblast,1754284,25,2,916,19
2020-05-08,Ukraine,NA,Kiev Oblast,1754284,19,1,935,20
2020-05-09,Ukraine,NA,Kiev Oblast,1754284,24,0,959,20
2020-05-10,Ukraine,NA,Kiev Oblast,1754284,13,0,972,20
2020-05-11,Ukraine,NA,Kiev Oblast,1754284,28,0,1000,20
2020-05-12,Ukraine,NA,Kiev Oblast,1754284,23,2,1023,22
2020-05-13,Ukraine,NA,Kiev Oblast,1754284,26,2,1049,24
2020-05-14,Ukraine,NA,Kiev Oblast,1754284,18,0,1067,24
2020-05-15,Ukraine,NA,Kiev Oblast,1754284,27,2,1094,26
2020-05-16,Ukraine,NA,Kiev Oblast,1754284,49,0,1143,26
2020-05-17,Ukraine,NA,Kiev Oblast,1754284,54,0,1197,26
2020-05-18,Ukraine,NA,Kiev Oblast,1754284,27,3,1224,29
2020-05-19,Ukraine,NA,Kiev Oblast,1754284,21,0,1245,29
2020-05-20,Ukraine,NA,Kiev Oblast,1754284,16,0,1261,29
2020-05-21,Ukraine,NA,Kiev Oblast,1754284,55,0,1316,29
2020-05-22,Ukraine,NA,Kiev Oblast,1754284,28,1,1344,30
2020-05-23,Ukraine,NA,Kiev Oblast,1754284,31,0,1375,30
2020-05-24,Ukraine,NA,Kiev Oblast,1754284,44,0,1419,30
2020-05-25,Ukraine,NA,Kiev Oblast,1754284,18,0,1437,30
2020-05-26,Ukraine,NA,Kiev Oblast,1754284,21,0,1458,30
2020-05-27,Ukraine,NA,Kiev Oblast,1754284,16,0,1474,30
2020-05-28,Ukraine,NA,Kiev Oblast,1754284,43,0,1517,30
2020-05-29,Ukraine,NA,Kiev Oblast,1754284,18,0,1535,30
2020-05-30,Ukraine,NA,Kiev Oblast,1754284,21,3,1556,33
2020-05-31,Ukraine,NA,Kiev Oblast,1754284,17,1,1573,34
2020-06-01,Ukraine,NA,Kiev Oblast,1754284,27,1,1600,35
2020-06-02,Ukraine,NA,Kiev Oblast,1754284,23,1,1623,36
2020-06-03,Ukraine,NA,Kiev Oblast,1754284,29,0,1652,36
2020-06-04,Ukraine,NA,Kiev Oblast,1754284,21,1,1673,37
2020-06-05,Ukraine,NA,Kiev Oblast,1754284,38,0,1711,37
2020-06-06,Ukraine,NA,Kiev Oblast,1754284,37,0,1748,37
2020-06-07,Ukraine,NA,Kiev Oblast,1754284,36,0,1784,37
2020-06-08,Ukraine,NA,Kiev Oblast,1754284,28,0,1812,37
2020-06-09,Ukraine,NA,Kiev Oblast,1754284,24,0,1836,37
2020-06-10,Ukraine,NA,Kiev Oblast,1754284,29,1,1865,38
2020-06-11,Ukraine,NA,Kiev Oblast,1754284,54,0,1919,38
2020-06-12,Ukraine,NA,Kiev Oblast,1754284,12,0,1931,38
2020-06-13,Ukraine,NA,Kiev Oblast,1754284,30,0,1961,38
2020-06-14,Ukraine,NA,Kiev Oblast,1754284,34,1,1995,39
2020-06-15,Ukraine,NA,Kiev Oblast,1754284,29,0,2024,39
2020-06-16,Ukraine,NA,Kiev Oblast,1754284,25,0,2049,39
2020-06-17,Ukraine,NA,Kiev Oblast,1754284,29,0,2078,39
2020-06-18,Ukraine,NA,Kiev Oblast,1754284,41,4,2119,43
2020-06-19,Ukraine,NA,Kiev Oblast,1754284,23,1,2142,44
2020-06-20,Ukraine,NA,Kiev Oblast,1754284,32,2,2174,46
2020-06-21,Ukraine,NA,Kiev Oblast,1754284,34,0,2208,46
2020-06-22,Ukraine,NA,Kiev Oblast,1754284,28,0,2236,46
2020-06-23,Ukraine,NA,Kiev Oblast,1754284,49,1,2285,47
2020-06-24,Ukraine,NA,Kiev Oblast,1754284,47,0,2332,47
2020-06-25,Ukraine,NA,Kiev Oblast,1754284,41,1,2373,48
2020-06-26,Ukraine,NA,Kiev Oblast,1754284,46,0,2419,48
2020-06-27,Ukraine,NA,Kiev Oblast,1754284,50,1,2469,49
2020-06-28,Ukraine,NA,Kiev Oblast,1754284,37,0,2506,49
2020-06-29,Ukraine,NA,Kiev Oblast,1754284,40,1,2546,50
2020-06-30,Ukraine,NA,Kiev Oblast,1754284,39,0,2585,50
2020-07-01,Ukraine,NA,Kiev Oblast,1754284,25,0,2610,50
2020-07-02,Ukraine,NA,Kiev Oblast,1754284,45,1,2655,51
2020-07-03,Ukraine,NA,Kiev Oblast,1754284,47,0,2702,51
2020-07-04,Ukraine,NA,Kiev Oblast,1754284,45,0,2747,51
2020-07-05,Ukraine,NA,Kiev Oblast,1754284,27,2,2774,53
2020-07-06,Ukraine,NA,Kiev Oblast,1754284,15,1,2789,54
2020-07-07,Ukraine,NA,Kiev Oblast,1754284,20,1,2809,55
2020-07-08,Ukraine,NA,Kiev Oblast,1754284,44,0,2853,55
2020-07-09,Ukraine,NA,Kiev Oblast,1754284,42,0,2895,55
2020-07-10,Ukraine,NA,Kiev Oblast,1754284,45,0,2940,55
2020-07-11,Ukraine,NA,Kiev Oblast,1754284,46,2,2986,57
2020-07-12,Ukraine,NA,Kiev Oblast,1754284,40,0,3026,57
2020-07-13,Ukraine,NA,Kiev Oblast,1754284,42,1,3068,58
2020-07-14,Ukraine,NA,Kiev Oblast,1754284,22,0,3090,58
2020-07-15,Ukraine,NA,Kiev Oblast,1754284,38,0,3128,58
2020-07-16,Ukraine,NA,Kiev Oblast,1754284,16,1,3144,59
2020-07-17,Ukraine,NA,Kiev Oblast,1754284,40,0,3184,59
2020-07-18,Ukraine,NA,Kiev Oblast,1754284,45,0,3229,59
2020-07-19,Ukraine,NA,Kiev Oblast,1754284,42,0,3271,59
2020-07-20,Ukraine,NA,Kiev Oblast,1754284,37,0,3308,59
2020-07-21,Ukraine,NA,Kiev Oblast,1754284,24,0,3332,59
2020-07-22,Ukraine,NA,Kiev Oblast,1754284,27,0,3359,59
2020-07-23,Ukraine,NA,Kiev Oblast,1754284,32,0,3391,59
2020-07-24,Ukraine,NA,Kiev Oblast,1754284,30,0,3421,59
2020-07-25,Ukraine,NA,Kiev Oblast,1754284,40,0,3461,59
2020-07-26,Ukraine,NA,Kiev Oblast,1754284,42,1,3503,60
2020-07-27,Ukraine,NA,Kiev Oblast,1754284,45,0,3548,60
2020-07-28,Ukraine,NA,Kiev Oblast,1754284,42,0,3590,60
2020-07-29,Ukraine,NA,Kiev Oblast,1754284,39,0,3629,60
2020-07-30,Ukraine,NA,Kiev Oblast,1754284,43,2,3672,62
2020-07-31,Ukraine,NA,Kiev Oblast,1754284,44,1,3716,63
2020-08-01,Ukraine,NA,Kiev Oblast,1754284,71,1,3787,64
2020-08-02,Ukraine,NA,Kiev Oblast,1754284,36,0,3823,64
2020-08-03,Ukraine,NA,Kiev Oblast,1754284,22,0,3845,64
2020-08-04,Ukraine,NA,Kiev Oblast,1754284,32,1,3877,65
2020-08-05,Ukraine,NA,Kiev Oblast,1754284,65,1,3942,66
2020-08-06,Ukraine,NA,Kiev Oblast,1754284,38,1,3980,67
2020-08-07,Ukraine,NA,Kiev Oblast,1754284,78,0,4058,67
2020-08-08,Ukraine,NA,Kiev Oblast,1754284,70,1,4128,68
2020-08-09,Ukraine,NA,Kiev Oblast,1754284,48,0,4176,68
2020-08-10,Ukraine,NA,Kiev Oblast,1754284,21,1,4197,69
2020-08-11,Ukraine,NA,Kiev Oblast,1754284,42,1,4239,70
2020-08-12,Ukraine,NA,Kiev Oblast,1754284,68,1,4307,71
2020-08-13,Ukraine,NA,Kiev Oblast,1754284,70,1,4377,72
2020-08-14,Ukraine,NA,Kiev Oblast,1754284,52,4,4429,76
2020-08-15,Ukraine,NA,Kiev Oblast,1754284,66,3,4495,79
2020-08-16,Ukraine,NA,Kiev Oblast,1754284,35,0,4530,79
2020-08-17,Ukraine,NA,Kiev Oblast,1754284,24,0,4554,79
2020-08-18,Ukraine,NA,Kiev Oblast,1754284,66,1,4620,80
2020-08-19,Ukraine,NA,Kiev Oblast,1754284,65,1,4685,81
2020-08-20,Ukraine,NA,Kiev Oblast,1754284,42,2,4727,83
2020-08-21,Ukraine,NA,Kiev Oblast,1754284,78,0,4805,83
2020-08-22,Ukraine,NA,Kiev Oblast,1754284,76,1,4881,84
2020-08-23,Ukraine,NA,Kiev Oblast,1754284,71,0,4952,84
2020-08-24,Ukraine,NA,Kiev Oblast,1754284,73,0,5025,84
2020-08-25,Ukraine,NA,Kiev Oblast,1754284,90,0,5115,84
2020-08-26,Ukraine,NA,Kiev Oblast,1754284,96,1,5211,85
2020-08-27,Ukraine,NA,Kiev Oblast,1754284,94,6,5305,91
2020-08-28,Ukraine,NA,Kiev Oblast,1754284,92,2,5397,93
2020-08-29,Ukraine,NA,Kiev Oblast,1754284,92,2,5489,95
2020-08-30,Ukraine,NA,Kiev Oblast,1754284,91,1,5580,96
2020-08-31,Ukraine,NA,Kiev Oblast,1754284,89,0,5669,96
2020-04-10,Ukraine,NA,Kirovohrad,956250,28,3,106,6
2020-04-11,Ukraine,NA,Kirovohrad,956250,0,0,106,6
2020-04-12,Ukraine,NA,Kirovohrad,956250,36,1,142,7
2020-04-13,Ukraine,NA,Kirovohrad,956250,2,0,144,7
2020-04-14,Ukraine,NA,Kirovohrad,956250,48,1,192,8
2020-04-15,Ukraine,NA,Kirovohrad,956250,0,0,192,8
2020-04-16,Ukraine,NA,Kirovohrad,956250,6,1,198,9
2020-04-17,Ukraine,NA,Kirovohrad,956250,20,0,218,9
2020-04-18,Ukraine,NA,Kirovohrad,956250,16,2,234,11
2020-04-19,Ukraine,NA,Kirovohrad,956250,11,1,245,12
2020-04-20,Ukraine,NA,Kirovohrad,956250,1,1,246,13
2020-04-21,Ukraine,NA,Kirovohrad,956250,1,0,247,13
2020-04-22,Ukraine,NA,Kirovohrad,956250,4,0,251,13
2020-04-23,Ukraine,NA,Kirovohrad,956250,7,1,258,14
2020-04-24,Ukraine,NA,Kirovohrad,956250,25,0,283,14
2020-04-25,Ukraine,NA,Kirovohrad,956250,23,1,306,15
2020-04-26,Ukraine,NA,Kirovohrad,956250,17,1,323,16
2020-04-27,Ukraine,NA,Kirovohrad,956250,14,1,337,17
2020-04-28,Ukraine,NA,Kirovohrad,956250,19,0,356,17
2020-04-29,Ukraine,NA,Kirovohrad,956250,21,0,377,17
2020-04-30,Ukraine,NA,Kirovohrad,956250,14,1,391,18
2020-05-01,Ukraine,NA,Kirovohrad,956250,1,1,392,19
2020-05-02,Ukraine,NA,Kirovohrad,956250,2,0,394,19
2020-05-03,Ukraine,NA,Kirovohrad,956250,3,0,397,19
2020-05-04,Ukraine,NA,Kirovohrad,956250,4,0,401,19
2020-05-05,Ukraine,NA,Kirovohrad,956250,0,0,401,19
2020-05-06,Ukraine,NA,Kirovohrad,956250,1,0,402,19
2020-05-07,Ukraine,NA,Kirovohrad,956250,1,0,403,19
2020-05-08,Ukraine,NA,Kirovohrad,956250,5,0,408,19
2020-05-09,Ukraine,NA,Kirovohrad,956250,3,1,411,20
2020-05-10,Ukraine,NA,Kirovohrad,956250,5,0,416,20
2020-05-11,Ukraine,NA,Kirovohrad,956250,4,0,420,20
2020-05-12,Ukraine,NA,Kirovohrad,956250,5,0,425,20
2020-05-13,Ukraine,NA,Kirovohrad,956250,3,0,428,20
2020-05-14,Ukraine,NA,Kirovohrad,956250,4,0,432,20
2020-05-15,Ukraine,NA,Kirovohrad,956250,5,0,437,20
2020-05-16,Ukraine,NA,Kirovohrad,956250,4,0,441,20
2020-05-17,Ukraine,NA,Kirovohrad,956250,2,0,443,20
2020-05-18,Ukraine,NA,Kirovohrad,956250,2,0,445,20
2020-05-19,Ukraine,NA,Kirovohrad,956250,0,0,445,20
2020-05-20,Ukraine,NA,Kirovohrad,956250,5,0,450,20
2020-05-21,Ukraine,NA,Kirovohrad,956250,5,1,455,21
2020-05-22,Ukraine,NA,Kirovohrad,956250,5,1,460,22
2020-05-23,Ukraine,NA,Kirovohrad,956250,6,0,466,22
2020-05-24,Ukraine,NA,Kirovohrad,956250,7,1,473,23
2020-05-25,Ukraine,NA,Kirovohrad,956250,5,0,478,23
2020-05-26,Ukraine,NA,Kirovohrad,956250,4,0,482,23
2020-05-27,Ukraine,NA,Kirovohrad,956250,7,0,489,23
2020-05-28,Ukraine,NA,Kirovohrad,956250,6,1,495,24
2020-05-29,Ukraine,NA,Kirovohrad,956250,8,1,503,25
2020-05-30,Ukraine,NA,Kirovohrad,956250,3,0,506,25
2020-05-31,Ukraine,NA,Kirovohrad,956250,5,0,511,25
2020-06-01,Ukraine,NA,Kirovohrad,956250,3,0,514,25
2020-06-02,Ukraine,NA,Kirovohrad,956250,2,0,516,25
2020-06-03,Ukraine,NA,Kirovohrad,956250,7,1,523,26
2020-06-04,Ukraine,NA,Kirovohrad,956250,3,0,526,26
2020-06-05,Ukraine,NA,Kirovohrad,956250,12,1,538,27
2020-06-06,Ukraine,NA,Kirovohrad,956250,8,0,546,27
2020-06-07,Ukraine,NA,Kirovohrad,956250,7,0,553,27
2020-06-08,Ukraine,NA,Kirovohrad,956250,6,0,559,27
2020-06-09,Ukraine,NA,Kirovohrad,956250,3,1,562,28
2020-06-10,Ukraine,NA,Kirovohrad,956250,0,2,562,30
2020-06-11,Ukraine,NA,Kirovohrad,956250,1,0,563,30
2020-06-12,Ukraine,NA,Kirovohrad,956250,5,0,568,30
2020-06-13,Ukraine,NA,Kirovohrad,956250,9,0,577,30
2020-06-14,Ukraine,NA,Kirovohrad,956250,5,0,582,30
2020-06-15,Ukraine,NA,Kirovohrad,956250,4,0,586,30
2020-06-16,Ukraine,NA,Kirovohrad,956250,4,0,590,30
2020-06-17,Ukraine,NA,Kirovohrad,956250,2,0,592,30
2020-06-18,Ukraine,NA,Kirovohrad,956250,12,0,604,30
2020-06-19,Ukraine,NA,Kirovohrad,956250,0,0,604,30
2020-06-20,Ukraine,NA,Kirovohrad,956250,8,0,612,30
2020-06-21,Ukraine,NA,Kirovohrad,956250,8,0,620,30
2020-06-22,Ukraine,NA,Kirovohrad,956250,7,1,627,31
2020-06-23,Ukraine,NA,Kirovohrad,956250,4,0,631,31
2020-06-24,Ukraine,NA,Kirovohrad,956250,3,0,634,31
2020-06-25,Ukraine,NA,Kirovohrad,956250,2,0,636,31
2020-06-26,Ukraine,NA,Kirovohrad,956250,4,0,640,31
2020-06-27,Ukraine,NA,Kirovohrad,956250,2,0,642,31
2020-06-28,Ukraine,NA,Kirovohrad,956250,4,0,646,31
2020-06-29,Ukraine,NA,Kirovohrad,956250,0,0,646,31
2020-06-30,Ukraine,NA,Kirovohrad,956250,0,0,646,31
2020-07-01,Ukraine,NA,Kirovohrad,956250,1,0,647,31
2020-07-02,Ukraine,NA,Kirovohrad,956250,3,0,650,31
2020-07-03,Ukraine,NA,Kirovohrad,956250,3,0,653,31
2020-07-04,Ukraine,NA,Kirovohrad,956250,4,0,657,31
2020-07-05,Ukraine,NA,Kirovohrad,956250,1,0,658,31
2020-07-06,Ukraine,NA,Kirovohrad,956250,1,1,659,32
2020-07-07,Ukraine,NA,Kirovohrad,956250,4,0,663,32
2020-07-08,Ukraine,NA,Kirovohrad,956250,1,0,664,32
2020-07-09,Ukraine,NA,Kirovohrad,956250,5,0,669,32
2020-07-10,Ukraine,NA,Kirovohrad,956250,1,1,670,33
2020-07-11,Ukraine,NA,Kirovohrad,956250,0,0,670,33
2020-07-12,Ukraine,NA,Kirovohrad,956250,3,0,673,33
2020-07-13,Ukraine,NA,Kirovohrad,956250,1,0,674,33
2020-07-14,Ukraine,NA,Kirovohrad,956250,0,0,674,33
2020-07-15,Ukraine,NA,Kirovohrad,956250,0,0,674,33
2020-07-16,Ukraine,NA,Kirovohrad,956250,1,0,675,33
2020-07-17,Ukraine,NA,Kirovohrad,956250,2,0,677,33
2020-07-18,Ukraine,NA,Kirovohrad,956250,0,0,677,33
2020-07-19,Ukraine,NA,Kirovohrad,956250,4,0,681,33
2020-07-20,Ukraine,NA,Kirovohrad,956250,1,0,682,33
2020-07-21,Ukraine,NA,Kirovohrad,956250,4,0,686,33
2020-07-22,Ukraine,NA,Kirovohrad,956250,2,0,688,33
2020-07-23,Ukraine,NA,Kirovohrad,956250,1,0,689,33
2020-07-24,Ukraine,NA,Kirovohrad,956250,0,0,689,33
2020-07-25,Ukraine,NA,Kirovohrad,956250,1,0,690,33
2020-07-26,Ukraine,NA,Kirovohrad,956250,3,1,693,34
2020-07-27,Ukraine,NA,Kirovohrad,956250,2,0,695,34
2020-07-28,Ukraine,NA,Kirovohrad,956250,2,0,697,34
2020-07-29,Ukraine,NA,Kirovohrad,956250,0,0,697,34
2020-07-30,Ukraine,NA,Kirovohrad,956250,5,1,702,35
2020-07-31,Ukraine,NA,Kirovohrad,956250,1,1,703,36
2020-08-01,Ukraine,NA,Kirovohrad,956250,1,0,704,36
2020-08-02,Ukraine,NA,Kirovohrad,956250,6,0,710,36
2020-08-03,Ukraine,NA,Kirovohrad,956250,1,0,711,36
2020-08-04,Ukraine,NA,Kirovohrad,956250,0,0,711,36
2020-08-05,Ukraine,NA,Kirovohrad,956250,0,0,711,36
2020-08-06,Ukraine,NA,Kirovohrad,956250,2,0,713,36
2020-08-07,Ukraine,NA,Kirovohrad,956250,1,2,714,38
2020-08-08,Ukraine,NA,Kirovohrad,956250,4,1,718,39
2020-08-09,Ukraine,NA,Kirovohrad,956250,3,0,721,39
2020-08-10,Ukraine,NA,Kirovohrad,956250,3,0,724,39
2020-08-11,Ukraine,NA,Kirovohrad,956250,1,0,725,39
2020-08-12,Ukraine,NA,Kirovohrad,956250,3,0,728,39
2020-08-13,Ukraine,NA,Kirovohrad,956250,5,0,733,39
2020-08-14,Ukraine,NA,Kirovohrad,956250,6,0,739,39
2020-08-15,Ukraine,NA,Kirovohrad,956250,0,0,739,39
2020-08-16,Ukraine,NA,Kirovohrad,956250,3,0,742,39
2020-08-17,Ukraine,NA,Kirovohrad,956250,1,0,743,39
2020-08-18,Ukraine,NA,Kirovohrad,956250,3,2,746,41
2020-08-19,Ukraine,NA,Kirovohrad,956250,2,0,748,41
2020-08-20,Ukraine,NA,Kirovohrad,956250,1,3,749,44
2020-08-21,Ukraine,NA,Kirovohrad,956250,2,1,751,45
2020-08-22,Ukraine,NA,Kirovohrad,956250,5,0,756,45
2020-08-23,Ukraine,NA,Kirovohrad,956250,8,0,764,45
2020-08-24,Ukraine,NA,Kirovohrad,956250,4,0,768,45
2020-08-25,Ukraine,NA,Kirovohrad,956250,1,0,769,45
2020-08-26,Ukraine,NA,Kirovohrad,956250,2,0,771,45
2020-08-27,Ukraine,NA,Kirovohrad,956250,9,0,780,45
2020-08-28,Ukraine,NA,Kirovohrad,956250,10,0,790,45
2020-08-29,Ukraine,NA,Kirovohrad,956250,5,0,795,45
2020-08-30,Ukraine,NA,Kirovohrad,956250,15,0,810,45
2020-08-31,Ukraine,NA,Kirovohrad,956250,4,0,814,45
2020-07-18,Ukraine,NA,Luhansk,2167802,5,0,105,1
2020-07-19,Ukraine,NA,Luhansk,2167802,1,0,106,1
2020-07-20,Ukraine,NA,Luhansk,2167802,0,0,106,1
2020-07-21,Ukraine,NA,Luhansk,2167802,4,0,110,1
2020-07-22,Ukraine,NA,Luhansk,2167802,0,0,110,1
2020-07-23,Ukraine,NA,Luhansk,2167802,6,0,116,1
2020-07-24,Ukraine,NA,Luhansk,2167802,2,0,118,1
2020-07-25,Ukraine,NA,Luhansk,2167802,1,0,119,1
2020-07-26,Ukraine,NA,Luhansk,2167802,1,0,120,1
2020-07-27,Ukraine,NA,Luhansk,2167802,0,0,120,1
2020-07-28,Ukraine,NA,Luhansk,2167802,1,0,121,1
2020-07-29,Ukraine,NA,Luhansk,2167802,1,0,122,1
2020-07-30,Ukraine,NA,Luhansk,2167802,0,0,122,1
2020-07-31,Ukraine,NA,Luhansk,2167802,4,0,126,1
2020-08-01,Ukraine,NA,Luhansk,2167802,1,0,127,1
2020-08-02,Ukraine,NA,Luhansk,2167802,1,0,128,1
2020-08-03,Ukraine,NA,Luhansk,2167802,0,0,128,1
2020-08-04,Ukraine,NA,Luhansk,2167802,2,0,130,1
2020-08-05,Ukraine,NA,Luhansk,2167802,5,0,135,1
2020-08-06,Ukraine,NA,Luhansk,2167802,0,0,135,1
2020-08-07,Ukraine,NA,Luhansk,2167802,11,0,146,1
2020-08-08,Ukraine,NA,Luhansk,2167802,6,0,152,1
2020-08-09,Ukraine,NA,Luhansk,2167802,1,0,153,1
2020-08-10,Ukraine,NA,Luhansk,2167802,2,0,155,1
2020-08-11,Ukraine,NA,Luhansk,2167802,2,0,157,1
2020-08-12,Ukraine,NA,Luhansk,2167802,3,0,160,1
2020-08-13,Ukraine,NA,Luhansk,2167802,10,0,170,1
2020-08-14,Ukraine,NA,Luhansk,2167802,1,0,171,1
2020-08-15,Ukraine,NA,Luhansk,2167802,7,0,178,1
2020-08-16,Ukraine,NA,Luhansk,2167802,0,0,178,1
2020-08-17,Ukraine,NA,Luhansk,2167802,6,0,184,1
2020-08-18,Ukraine,NA,Luhansk,2167802,1,0,185,1
2020-08-19,Ukraine,NA,Luhansk,2167802,9,0,194,1
2020-08-20,Ukraine,NA,Luhansk,2167802,10,0,204,1
2020-08-21,Ukraine,NA,Luhansk,2167802,9,0,213,1
2020-08-22,Ukraine,NA,Luhansk,2167802,19,0,232,1
2020-08-23,Ukraine,NA,Luhansk,2167802,11,0,243,1
2020-08-24,Ukraine,NA,Luhansk,2167802,1,0,244,1
2020-08-25,Ukraine,NA,Luhansk,2167802,0,0,244,1
2020-08-26,Ukraine,NA,Luhansk,2167802,3,1,247,2
2020-08-27,Ukraine,NA,Luhansk,2167802,17,0,264,2
2020-08-28,Ukraine,NA,Luhansk,2167802,10,0,274,2
2020-08-29,Ukraine,NA,Luhansk,2167802,21,0,295,2
2020-08-30,Ukraine,NA,Luhansk,2167802,17,0,312,2
2020-08-31,Ukraine,NA,Luhansk,2167802,3,0,315,2
2020-04-12,Ukraine,NA,Lviv,2529608,15,1,111,5
2020-04-13,Ukraine,NA,Lviv,2529608,13,0,124,5
2020-04-14,Ukraine,NA,Lviv,2529608,12,0,136,5
2020-04-15,Ukraine,NA,Lviv,2529608,16,1,152,6
2020-04-16,Ukraine,NA,Lviv,2529608,14,0,166,6
2020-04-17,Ukraine,NA,Lviv,2529608,37,2,203,8
2020-04-18,Ukraine,NA,Lviv,2529608,18,0,221,8
2020-04-19,Ukraine,NA,Lviv,2529608,24,0,245,8
2020-04-20,Ukraine,NA,Lviv,2529608,8,2,253,10
2020-04-21,Ukraine,NA,Lviv,2529608,3,0,256,10
2020-04-22,Ukraine,NA,Lviv,2529608,18,0,274,10
2020-04-23,Ukraine,NA,Lviv,2529608,8,2,282,12
2020-04-24,Ukraine,NA,Lviv,2529608,16,0,298,12
2020-04-25,Ukraine,NA,Lviv,2529608,19,0,317,12
2020-04-26,Ukraine,NA,Lviv,2529608,31,0,348,12
2020-04-27,Ukraine,NA,Lviv,2529608,10,0,358,12
2020-04-28,Ukraine,NA,Lviv,2529608,13,1,371,13
2020-04-29,Ukraine,NA,Lviv,2529608,34,0,405,13
2020-04-30,Ukraine,NA,Lviv,2529608,25,1,430,14
2020-05-01,Ukraine,NA,Lviv,2529608,24,0,454,14
2020-05-02,Ukraine,NA,Lviv,2529608,11,0,465,14
2020-05-03,Ukraine,NA,Lviv,2529608,8,1,473,15
2020-05-04,Ukraine,NA,Lviv,2529608,33,0,506,15
2020-05-05,Ukraine,NA,Lviv,2529608,8,1,514,16
2020-05-06,Ukraine,NA,Lviv,2529608,39,0,553,16
2020-05-07,Ukraine,NA,Lviv,2529608,42,1,595,17
2020-05-08,Ukraine,NA,Lviv,2529608,65,1,660,18
2020-05-09,Ukraine,NA,Lviv,2529608,39,0,699,18
2020-05-10,Ukraine,NA,Lviv,2529608,54,1,753,19
2020-05-11,Ukraine,NA,Lviv,2529608,45,1,798,20
2020-05-12,Ukraine,NA,Lviv,2529608,27,2,825,22
2020-05-13,Ukraine,NA,Lviv,2529608,45,0,870,22
2020-05-14,Ukraine,NA,Lviv,2529608,34,0,904,22
2020-05-15,Ukraine,NA,Lviv,2529608,38,1,942,23
2020-05-16,Ukraine,NA,Lviv,2529608,27,4,969,27
2020-05-17,Ukraine,NA,Lviv,2529608,50,0,1019,27
2020-05-18,Ukraine,NA,Lviv,2529608,47,3,1066,30
2020-05-19,Ukraine,NA,Lviv,2529608,32,0,1098,30
2020-05-20,Ukraine,NA,Lviv,2529608,38,1,1136,31
2020-05-21,Ukraine,NA,Lviv,2529608,39,1,1175,32
2020-05-22,Ukraine,NA,Lviv,2529608,65,1,1240,33
2020-05-23,Ukraine,NA,Lviv,2529608,45,0,1285,33
2020-05-24,Ukraine,NA,Lviv,2529608,48,2,1333,35
2020-05-25,Ukraine,NA,Lviv,2529608,27,1,1360,36
2020-05-26,Ukraine,NA,Lviv,2529608,45,6,1405,42
2020-05-27,Ukraine,NA,Lviv,2529608,38,1,1443,43
2020-05-28,Ukraine,NA,Lviv,2529608,70,5,1513,48
2020-05-29,Ukraine,NA,Lviv,2529608,50,1,1563,49
2020-05-30,Ukraine,NA,Lviv,2529608,56,4,1619,53
2020-05-31,Ukraine,NA,Lviv,2529608,50,1,1669,54
2020-06-01,Ukraine,NA,Lviv,2529608,31,1,1700,55
2020-06-02,Ukraine,NA,Lviv,2529608,34,3,1734,58
2020-06-03,Ukraine,NA,Lviv,2529608,96,1,1830,59
2020-06-04,Ukraine,NA,Lviv,2529608,85,3,1915,62
2020-06-05,Ukraine,NA,Lviv,2529608,73,1,1988,63
2020-06-06,Ukraine,NA,Lviv,2529608,65,4,2053,67
2020-06-07,Ukraine,NA,Lviv,2529608,68,2,2121,69
2020-06-08,Ukraine,NA,Lviv,2529608,41,2,2162,71
2020-06-09,Ukraine,NA,Lviv,2529608,49,2,2211,73
2020-06-10,Ukraine,NA,Lviv,2529608,78,4,2289,77
2020-06-11,Ukraine,NA,Lviv,2529608,125,10,2414,87
2020-06-12,Ukraine,NA,Lviv,2529608,112,3,2526,90
2020-06-13,Ukraine,NA,Lviv,2529608,132,2,2658,92
2020-06-14,Ukraine,NA,Lviv,2529608,139,0,2797,92
2020-06-15,Ukraine,NA,Lviv,2529608,136,3,2933,95
2020-06-16,Ukraine,NA,Lviv,2529608,139,1,3072,96
2020-06-17,Ukraine,NA,Lviv,2529608,155,9,3227,105
2020-06-18,Ukraine,NA,Lviv,2529608,171,2,3398,107
2020-06-19,Ukraine,NA,Lviv,2529608,142,4,3540,111
2020-06-20,Ukraine,NA,Lviv,2529608,139,0,3679,111
2020-06-21,Ukraine,NA,Lviv,2529608,101,3,3780,114
2020-06-22,Ukraine,NA,Lviv,2529608,200,0,3980,114
2020-06-23,Ukraine,NA,Lviv,2529608,240,3,4220,117
2020-06-24,Ukraine,NA,Lviv,2529608,203,3,4423,120
2020-06-25,Ukraine,NA,Lviv,2529608,204,3,4627,123
2020-06-26,Ukraine,NA,Lviv,2529608,209,3,4836,126
2020-06-27,Ukraine,NA,Lviv,2529608,168,5,5004,131
2020-06-28,Ukraine,NA,Lviv,2529608,173,6,5177,137
2020-06-29,Ukraine,NA,Lviv,2529608,115,6,5292,143
2020-06-30,Ukraine,NA,Lviv,2529608,143,3,5435,146
2020-07-01,Ukraine,NA,Lviv,2529608,143,0,5578,146
2020-07-02,Ukraine,NA,Lviv,2529608,152,0,5730,146
2020-07-03,Ukraine,NA,Lviv,2529608,153,11,5883,157
2020-07-04,Ukraine,NA,Lviv,2529608,176,2,6059,159
2020-07-05,Ukraine,NA,Lviv,2529608,138,3,6197,162
2020-07-06,Ukraine,NA,Lviv,2529608,104,2,6301,164
2020-07-07,Ukraine,NA,Lviv,2529608,144,0,6445,164
2020-07-08,Ukraine,NA,Lviv,2529608,117,6,6562,170
2020-07-09,Ukraine,NA,Lviv,2529608,119,4,6681,174
2020-07-10,Ukraine,NA,Lviv,2529608,82,4,6763,178
2020-07-11,Ukraine,NA,Lviv,2529608,119,3,6882,181
2020-07-12,Ukraine,NA,Lviv,2529608,121,2,7003,183
2020-07-13,Ukraine,NA,Lviv,2529608,104,3,7107,186
2020-07-14,Ukraine,NA,Lviv,2529608,147,2,7254,188
2020-07-15,Ukraine,NA,Lviv,2529608,171,5,7425,193
2020-07-16,Ukraine,NA,Lviv,2529608,197,6,7622,199
2020-07-17,Ukraine,NA,Lviv,2529608,132,4,7754,203
2020-07-18,Ukraine,NA,Lviv,2529608,137,4,7891,207
2020-07-19,Ukraine,NA,Lviv,2529608,109,1,8000,208
2020-07-20,Ukraine,NA,Lviv,2529608,115,1,8115,209
2020-07-21,Ukraine,NA,Lviv,2529608,114,3,8229,212
2020-07-22,Ukraine,NA,Lviv,2529608,124,0,8353,212
2020-07-23,Ukraine,NA,Lviv,2529608,109,4,8462,216
2020-07-24,Ukraine,NA,Lviv,2529608,126,5,8588,221
2020-07-25,Ukraine,NA,Lviv,2529608,114,6,8702,227
2020-07-26,Ukraine,NA,Lviv,2529608,130,6,8832,233
2020-07-27,Ukraine,NA,Lviv,2529608,120,5,8952,238
2020-07-28,Ukraine,NA,Lviv,2529608,147,7,9099,245
2020-07-29,Ukraine,NA,Lviv,2529608,149,4,9248,249
2020-07-30,Ukraine,NA,Lviv,2529608,131,6,9379,255
2020-07-31,Ukraine,NA,Lviv,2529608,147,5,9526,260
2020-08-01,Ukraine,NA,Lviv,2529608,145,0,9671,260
2020-08-02,Ukraine,NA,Lviv,2529608,112,5,9783,265
2020-08-03,Ukraine,NA,Lviv,2529608,138,2,9921,267
2020-08-04,Ukraine,NA,Lviv,2529608,146,6,10067,273
2020-08-05,Ukraine,NA,Lviv,2529608,156,2,10223,275
2020-08-06,Ukraine,NA,Lviv,2529608,197,8,10420,283
2020-08-07,Ukraine,NA,Lviv,2529608,152,11,10572,294
2020-08-08,Ukraine,NA,Lviv,2529608,154,5,10726,299
2020-08-09,Ukraine,NA,Lviv,2529608,125,3,10851,302
2020-08-10,Ukraine,NA,Lviv,2529608,130,3,10981,305
2020-08-11,Ukraine,NA,Lviv,2529608,161,4,11142,309
2020-08-12,Ukraine,NA,Lviv,2529608,166,1,11308,310
2020-08-13,Ukraine,NA,Lviv,2529608,166,4,11474,314
2020-08-14,Ukraine,NA,Lviv,2529608,184,4,11658,318
2020-08-15,Ukraine,NA,Lviv,2529608,166,6,11824,324
2020-08-16,Ukraine,NA,Lviv,2529608,127,4,11951,328
2020-08-17,Ukraine,NA,Lviv,2529608,128,6,12079,334
2020-08-18,Ukraine,NA,Lviv,2529608,181,3,12260,337
2020-08-19,Ukraine,NA,Lviv,2529608,188,1,12448,338
2020-08-20,Ukraine,NA,Lviv,2529608,183,6,12631,344
2020-08-21,Ukraine,NA,Lviv,2529608,162,3,12793,347
2020-08-22,Ukraine,NA,Lviv,2529608,172,3,12965,350
2020-08-23,Ukraine,NA,Lviv,2529608,146,4,13111,354
2020-08-24,Ukraine,NA,Lviv,2529608,142,4,13253,358
2020-08-25,Ukraine,NA,Lviv,2529608,136,6,13389,364
2020-08-26,Ukraine,NA,Lviv,2529608,171,3,13560,367
2020-08-27,Ukraine,NA,Lviv,2529608,203,7,13763,374
2020-08-28,Ukraine,NA,Lviv,2529608,215,7,13978,381
2020-08-29,Ukraine,NA,Lviv,2529608,190,5,14168,386
2020-08-30,Ukraine,NA,Lviv,2529608,188,3,14356,389
2020-08-31,Ukraine,NA,Lviv,2529608,154,5,14510,394
2020-04-24,Ukraine,NA,Mykolaiv,1141324,4,0,103,1
2020-04-25,Ukraine,NA,Mykolaiv,1141324,0,0,103,1
2020-04-26,Ukraine,NA,Mykolaiv,1141324,8,0,111,1
2020-04-27,Ukraine,NA,Mykolaiv,1141324,4,1,115,2
2020-04-28,Ukraine,NA,Mykolaiv,1141324,1,0,116,2
2020-04-29,Ukraine,NA,Mykolaiv,1141324,0,0,116,2
2020-04-30,Ukraine,NA,Mykolaiv,1141324,10,0,126,2
2020-05-01,Ukraine,NA,Mykolaiv,1141324,0,0,126,2
2020-05-02,Ukraine,NA,Mykolaiv,1141324,14,1,140,3
2020-05-03,Ukraine,NA,Mykolaiv,1141324,9,0,149,3
2020-05-04,Ukraine,NA,Mykolaiv,1141324,12,0,161,3
2020-05-05,Ukraine,NA,Mykolaiv,1141324,2,1,163,4
2020-05-06,Ukraine,NA,Mykolaiv,1141324,2,1,165,5
2020-05-07,Ukraine,NA,Mykolaiv,1141324,6,0,171,5
2020-05-08,Ukraine,NA,Mykolaiv,1141324,8,0,179,5
2020-05-09,Ukraine,NA,Mykolaiv,1141324,25,0,204,5
2020-05-10,Ukraine,NA,Mykolaiv,1141324,17,0,221,5
2020-05-11,Ukraine,NA,Mykolaiv,1141324,2,0,223,5
2020-05-12,Ukraine,NA,Mykolaiv,1141324,2,0,225,5
2020-05-13,Ukraine,NA,Mykolaiv,1141324,0,0,225,5
2020-05-14,Ukraine,NA,Mykolaiv,1141324,3,0,228,5
2020-05-15,Ukraine,NA,Mykolaiv,1141324,0,0,228,5
2020-05-16,Ukraine,NA,Mykolaiv,1141324,8,1,236,6
2020-05-17,Ukraine,NA,Mykolaiv,1141324,2,0,238,6
2020-05-18,Ukraine,NA,Mykolaiv,1141324,24,0,262,6
2020-05-19,Ukraine,NA,Mykolaiv,1141324,1,0,263,6
2020-05-20,Ukraine,NA,Mykolaiv,1141324,1,0,264,6
2020-05-21,Ukraine,NA,Mykolaiv,1141324,10,1,274,7
2020-05-22,Ukraine,NA,Mykolaiv,1141324,3,0,277,7
2020-05-23,Ukraine,NA,Mykolaiv,1141324,3,0,280,7
2020-05-24,Ukraine,NA,Mykolaiv,1141324,0,0,280,7
2020-05-25,Ukraine,NA,Mykolaiv,1141324,1,0,281,7
2020-05-26,Ukraine,NA,Mykolaiv,1141324,0,0,281,7
2020-05-27,Ukraine,NA,Mykolaiv,1141324,0,0,281,7
2020-05-28,Ukraine,NA,Mykolaiv,1141324,1,0,282,7
2020-05-29,Ukraine,NA,Mykolaiv,1141324,2,0,284,7
2020-05-30,Ukraine,NA,Mykolaiv,1141324,4,0,288,7
2020-05-31,Ukraine,NA,Mykolaiv,1141324,5,0,293,7
2020-06-01,Ukraine,NA,Mykolaiv,1141324,1,0,294,7
2020-06-02,Ukraine,NA,Mykolaiv,1141324,0,0,294,7
2020-06-03,Ukraine,NA,Mykolaiv,1141324,1,0,295,7
2020-06-04,Ukraine,NA,Mykolaiv,1141324,0,0,295,7
2020-06-05,Ukraine,NA,Mykolaiv,1141324,12,0,307,7
2020-06-06,Ukraine,NA,Mykolaiv,1141324,0,0,307,7
2020-06-07,Ukraine,NA,Mykolaiv,1141324,2,0,309,7
2020-06-08,Ukraine,NA,Mykolaiv,1141324,0,0,309,7
2020-06-09,Ukraine,NA,Mykolaiv,1141324,0,0,309,7
2020-06-10,Ukraine,NA,Mykolaiv,1141324,0,0,309,7
2020-06-11,Ukraine,NA,Mykolaiv,1141324,2,0,311,7
2020-06-12,Ukraine,NA,Mykolaiv,1141324,5,0,316,7
2020-06-13,Ukraine,NA,Mykolaiv,1141324,4,0,320,7
2020-06-14,Ukraine,NA,Mykolaiv,1141324,1,0,321,7
2020-06-15,Ukraine,NA,Mykolaiv,1141324,0,0,321,7
2020-06-16,Ukraine,NA,Mykolaiv,1141324,0,0,321,7
2020-06-17,Ukraine,NA,Mykolaiv,1141324,2,0,323,7
2020-06-18,Ukraine,NA,Mykolaiv,1141324,0,0,323,7
2020-06-19,Ukraine,NA,Mykolaiv,1141324,15,0,338,7
2020-06-20,Ukraine,NA,Mykolaiv,1141324,11,0,349,7
2020-06-21,Ukraine,NA,Mykolaiv,1141324,9,0,358,7
2020-06-22,Ukraine,NA,Mykolaiv,1141324,8,0,366,7
2020-06-23,Ukraine,NA,Mykolaiv,1141324,0,2,366,9
2020-06-24,Ukraine,NA,Mykolaiv,1141324,2,0,368,9
2020-06-25,Ukraine,NA,Mykolaiv,1141324,9,0,377,9
2020-06-26,Ukraine,NA,Mykolaiv,1141324,7,0,384,9
2020-06-27,Ukraine,NA,Mykolaiv,1141324,8,0,392,9
2020-06-28,Ukraine,NA,Mykolaiv,1141324,44,1,436,10
2020-06-29,Ukraine,NA,Mykolaiv,1141324,6,0,442,10
2020-06-30,Ukraine,NA,Mykolaiv,1141324,2,0,444,10
2020-07-01,Ukraine,NA,Mykolaiv,1141324,3,0,447,10
2020-07-02,Ukraine,NA,Mykolaiv,1141324,0,0,447,10
2020-07-03,Ukraine,NA,Mykolaiv,1141324,3,0,450,10
2020-07-04,Ukraine,NA,Mykolaiv,1141324,5,0,455,10
2020-07-05,Ukraine,NA,Mykolaiv,1141324,3,0,458,10
2020-07-06,Ukraine,NA,Mykolaiv,1141324,3,1,461,11
2020-07-07,Ukraine,NA,Mykolaiv,1141324,0,0,461,11
2020-07-08,Ukraine,NA,Mykolaiv,1141324,2,0,463,11
2020-07-09,Ukraine,NA,Mykolaiv,1141324,2,0,465,11
2020-07-10,Ukraine,NA,Mykolaiv,1141324,2,0,467,11
2020-07-11,Ukraine,NA,Mykolaiv,1141324,10,0,477,11
2020-07-12,Ukraine,NA,Mykolaiv,1141324,4,0,481,11
2020-07-13,Ukraine,NA,Mykolaiv,1141324,1,0,482,11
2020-07-14,Ukraine,NA,Mykolaiv,1141324,5,1,487,12
2020-07-15,Ukraine,NA,Mykolaiv,1141324,7,0,494,12
2020-07-16,Ukraine,NA,Mykolaiv,1141324,4,0,498,12
2020-07-17,Ukraine,NA,Mykolaiv,1141324,6,0,504,12
2020-07-18,Ukraine,NA,Mykolaiv,1141324,6,0,510,12
2020-07-19,Ukraine,NA,Mykolaiv,1141324,3,0,513,12
2020-07-20,Ukraine,NA,Mykolaiv,1141324,9,0,522,12
2020-07-21,Ukraine,NA,Mykolaiv,1141324,2,0,524,12
2020-07-22,Ukraine,NA,Mykolaiv,1141324,3,0,527,12
2020-07-23,Ukraine,NA,Mykolaiv,1141324,3,0,530,12
2020-07-24,Ukraine,NA,Mykolaiv,1141324,6,0,536,12
2020-07-25,Ukraine,NA,Mykolaiv,1141324,3,0,539,12
2020-07-26,Ukraine,NA,Mykolaiv,1141324,7,1,546,13
2020-07-27,Ukraine,NA,Mykolaiv,1141324,13,0,559,13
2020-07-28,Ukraine,NA,Mykolaiv,1141324,3,0,562,13
2020-07-29,Ukraine,NA,Mykolaiv,1141324,1,1,563,14
2020-07-30,Ukraine,NA,Mykolaiv,1141324,15,0,578,14
2020-07-31,Ukraine,NA,Mykolaiv,1141324,12,0,590,14
2020-08-01,Ukraine,NA,Mykolaiv,1141324,12,0,602,14
2020-08-02,Ukraine,NA,Mykolaiv,1141324,19,0,621,14
2020-08-03,Ukraine,NA,Mykolaiv,1141324,21,0,642,14
2020-08-04,Ukraine,NA,Mykolaiv,1141324,6,0,648,14
2020-08-05,Ukraine,NA,Mykolaiv,1141324,10,0,658,14
2020-08-06,Ukraine,NA,Mykolaiv,1141324,8,0,666,14
2020-08-07,Ukraine,NA,Mykolaiv,1141324,16,1,682,15
2020-08-08,Ukraine,NA,Mykolaiv,1141324,14,0,696,15
2020-08-09,Ukraine,NA,Mykolaiv,1141324,9,1,705,16
2020-08-10,Ukraine,NA,Mykolaiv,1141324,11,1,716,17
2020-08-11,Ukraine,NA,Mykolaiv,1141324,13,1,729,18
2020-08-12,Ukraine,NA,Mykolaiv,1141324,15,0,744,18
2020-08-13,Ukraine,NA,Mykolaiv,1141324,11,0,755,18
2020-08-14,Ukraine,NA,Mykolaiv,1141324,15,0,770,18
2020-08-15,Ukraine,NA,Mykolaiv,1141324,27,0,797,18
2020-08-16,Ukraine,NA,Mykolaiv,1141324,11,0,808,18
2020-08-17,Ukraine,NA,Mykolaiv,1141324,11,0,819,18
2020-08-18,Ukraine,NA,Mykolaiv,1141324,13,0,832,18
2020-08-19,Ukraine,NA,Mykolaiv,1141324,25,0,857,18
2020-08-20,Ukraine,NA,Mykolaiv,1141324,36,0,893,18
2020-08-21,Ukraine,NA,Mykolaiv,1141324,19,0,912,18
2020-08-22,Ukraine,NA,Mykolaiv,1141324,26,0,938,18
2020-08-23,Ukraine,NA,Mykolaiv,1141324,43,0,981,18
2020-08-24,Ukraine,NA,Mykolaiv,1141324,16,1,997,19
2020-08-25,Ukraine,NA,Mykolaiv,1141324,7,0,1004,19
2020-08-26,Ukraine,NA,Mykolaiv,1141324,19,2,1023,21
2020-08-27,Ukraine,NA,Mykolaiv,1141324,17,1,1040,22
2020-08-28,Ukraine,NA,Mykolaiv,1141324,37,1,1077,23
2020-08-29,Ukraine,NA,Mykolaiv,1141324,41,2,1118,25
2020-08-30,Ukraine,NA,Mykolaiv,1141324,51,1,1169,26
2020-08-31,Ukraine,NA,Mykolaiv,1141324,83,2,1252,28
2020-04-18,Ukraine,NA,Odessa,2383075,13,0,106,1
2020-04-19,Ukraine,NA,Odessa,2383075,6,0,112,1
2020-04-20,Ukraine,NA,Odessa,2383075,25,0,137,1
2020-04-21,Ukraine,NA,Odessa,2383075,9,0,146,1
2020-04-22,Ukraine,NA,Odessa,2383075,2,1,148,2
2020-04-23,Ukraine,NA,Odessa,2383075,13,0,161,2
2020-04-24,Ukraine,NA,Odessa,2383075,8,1,169,3
2020-04-25,Ukraine,NA,Odessa,2383075,14,0,183,3
2020-04-26,Ukraine,NA,Odessa,2383075,37,0,220,3
2020-04-27,Ukraine,NA,Odessa,2383075,20,0,240,3
2020-04-28,Ukraine,NA,Odessa,2383075,8,0,248,3
2020-04-29,Ukraine,NA,Odessa,2383075,13,0,261,3
2020-04-30,Ukraine,NA,Odessa,2383075,16,0,277,3
2020-05-01,Ukraine,NA,Odessa,2383075,19,0,296,3
2020-05-02,Ukraine,NA,Odessa,2383075,33,0,329,3
2020-05-03,Ukraine,NA,Odessa,2383075,80,0,409,3
2020-05-04,Ukraine,NA,Odessa,2383075,18,0,427,3
2020-05-05,Ukraine,NA,Odessa,2383075,42,0,469,3
2020-05-06,Ukraine,NA,Odessa,2383075,36,0,505,3
2020-05-07,Ukraine,NA,Odessa,2383075,63,1,568,4
2020-05-08,Ukraine,NA,Odessa,2383075,15,1,583,5
2020-05-09,Ukraine,NA,Odessa,2383075,36,0,619,5
2020-05-10,Ukraine,NA,Odessa,2383075,17,0,636,5
2020-05-11,Ukraine,NA,Odessa,2383075,10,0,646,5
2020-05-12,Ukraine,NA,Odessa,2383075,7,1,653,6
2020-05-13,Ukraine,NA,Odessa,2383075,27,0,680,6
2020-05-14,Ukraine,NA,Odessa,2383075,13,1,693,7
2020-05-15,Ukraine,NA,Odessa,2383075,19,0,712,7
2020-05-16,Ukraine,NA,Odessa,2383075,22,1,734,8
2020-05-17,Ukraine,NA,Odessa,2383075,12,0,746,8
2020-05-18,Ukraine,NA,Odessa,2383075,18,2,764,10
2020-05-19,Ukraine,NA,Odessa,2383075,20,3,784,13
2020-05-20,Ukraine,NA,Odessa,2383075,8,0,792,13
2020-05-21,Ukraine,NA,Odessa,2383075,14,1,806,14
2020-05-22,Ukraine,NA,Odessa,2383075,8,0,814,14
2020-05-23,Ukraine,NA,Odessa,2383075,7,0,821,14
2020-05-24,Ukraine,NA,Odessa,2383075,6,0,827,14
2020-05-25,Ukraine,NA,Odessa,2383075,5,0,832,14
2020-05-26,Ukraine,NA,Odessa,2383075,10,0,842,14
2020-05-27,Ukraine,NA,Odessa,2383075,11,0,853,14
2020-05-28,Ukraine,NA,Odessa,2383075,8,0,861,14
2020-05-29,Ukraine,NA,Odessa,2383075,17,1,878,15
2020-05-30,Ukraine,NA,Odessa,2383075,5,0,883,15
2020-05-31,Ukraine,NA,Odessa,2383075,5,1,888,16
2020-06-01,Ukraine,NA,Odessa,2383075,8,1,896,17
2020-06-02,Ukraine,NA,Odessa,2383075,0,0,896,17
2020-06-03,Ukraine,NA,Odessa,2383075,17,0,913,17
2020-06-04,Ukraine,NA,Odessa,2383075,20,1,933,18
2020-06-05,Ukraine,NA,Odessa,2383075,37,0,970,18
2020-06-06,Ukraine,NA,Odessa,2383075,16,0,986,18
2020-06-07,Ukraine,NA,Odessa,2383075,10,0,996,18
2020-06-08,Ukraine,NA,Odessa,2383075,6,0,1002,18
2020-06-09,Ukraine,NA,Odessa,2383075,8,0,1010,18
2020-06-10,Ukraine,NA,Odessa,2383075,18,0,1028,18
2020-06-11,Ukraine,NA,Odessa,2383075,17,0,1045,18
2020-06-12,Ukraine,NA,Odessa,2383075,20,0,1065,18
2020-06-13,Ukraine,NA,Odessa,2383075,16,0,1081,18
2020-06-14,Ukraine,NA,Odessa,2383075,18,0,1099,18
2020-06-15,Ukraine,NA,Odessa,2383075,18,0,1117,18
2020-06-16,Ukraine,NA,Odessa,2383075,16,0,1133,18
2020-06-17,Ukraine,NA,Odessa,2383075,25,1,1158,19
2020-06-18,Ukraine,NA,Odessa,2383075,30,0,1188,19
2020-06-19,Ukraine,NA,Odessa,2383075,12,0,1200,19
2020-06-20,Ukraine,NA,Odessa,2383075,32,0,1232,19
2020-06-21,Ukraine,NA,Odessa,2383075,34,0,1266,19
2020-06-22,Ukraine,NA,Odessa,2383075,38,2,1304,21
2020-06-23,Ukraine,NA,Odessa,2383075,29,0,1333,21
2020-06-24,Ukraine,NA,Odessa,2383075,37,0,1370,21
2020-06-25,Ukraine,NA,Odessa,2383075,95,0,1465,21
2020-06-26,Ukraine,NA,Odessa,2383075,64,0,1529,21
2020-06-27,Ukraine,NA,Odessa,2383075,38,0,1567,21
2020-06-28,Ukraine,NA,Odessa,2383075,34,0,1601,21
2020-06-29,Ukraine,NA,Odessa,2383075,31,0,1632,21
2020-06-30,Ukraine,NA,Odessa,2383075,66,2,1698,23
2020-07-01,Ukraine,NA,Odessa,2383075,14,1,1712,24
2020-07-02,Ukraine,NA,Odessa,2383075,24,0,1736,24
2020-07-03,Ukraine,NA,Odessa,2383075,56,0,1792,24
2020-07-04,Ukraine,NA,Odessa,2383075,43,0,1835,24
2020-07-05,Ukraine,NA,Odessa,2383075,30,1,1865,25
2020-07-06,Ukraine,NA,Odessa,2383075,18,0,1883,25
2020-07-07,Ukraine,NA,Odessa,2383075,36,0,1919,25
2020-07-08,Ukraine,NA,Odessa,2383075,65,0,1984,25
2020-07-09,Ukraine,NA,Odessa,2383075,68,1,2052,26
2020-07-10,Ukraine,NA,Odessa,2383075,56,1,2108,27
2020-07-11,Ukraine,NA,Odessa,2383075,33,0,2141,27
2020-07-12,Ukraine,NA,Odessa,2383075,33,0,2174,27
2020-07-13,Ukraine,NA,Odessa,2383075,34,3,2208,30
2020-07-14,Ukraine,NA,Odessa,2383075,50,0,2258,30
2020-07-15,Ukraine,NA,Odessa,2383075,56,0,2314,30
2020-07-16,Ukraine,NA,Odessa,2383075,61,2,2375,32
2020-07-17,Ukraine,NA,Odessa,2383075,60,0,2435,32
2020-07-18,Ukraine,NA,Odessa,2383075,57,3,2492,35
2020-07-19,Ukraine,NA,Odessa,2383075,40,0,2532,35
2020-07-20,Ukraine,NA,Odessa,2383075,41,2,2573,37
2020-07-21,Ukraine,NA,Odessa,2383075,65,0,2638,37
2020-07-22,Ukraine,NA,Odessa,2383075,22,1,2660,38
2020-07-23,Ukraine,NA,Odessa,2383075,31,1,2691,39
2020-07-24,Ukraine,NA,Odessa,2383075,58,1,2749,40
2020-07-25,Ukraine,NA,Odessa,2383075,97,2,2846,42
2020-07-26,Ukraine,NA,Odessa,2383075,61,0,2907,42
2020-07-27,Ukraine,NA,Odessa,2383075,53,2,2960,44
2020-07-28,Ukraine,NA,Odessa,2383075,71,0,3031,44
2020-07-29,Ukraine,NA,Odessa,2383075,73,0,3104,44
2020-07-30,Ukraine,NA,Odessa,2383075,46,0,3150,44
2020-07-31,Ukraine,NA,Odessa,2383075,64,1,3214,45
2020-08-01,Ukraine,NA,Odessa,2383075,101,2,3315,47
2020-08-02,Ukraine,NA,Odessa,2383075,99,1,3414,48
2020-08-03,Ukraine,NA,Odessa,2383075,68,0,3482,48
2020-08-04,Ukraine,NA,Odessa,2383075,63,1,3545,49
2020-08-05,Ukraine,NA,Odessa,2383075,93,5,3638,54
2020-08-06,Ukraine,NA,Odessa,2383075,110,8,3748,62
2020-08-07,Ukraine,NA,Odessa,2383075,156,3,3904,65
2020-08-08,Ukraine,NA,Odessa,2383075,165,1,4069,66
2020-08-09,Ukraine,NA,Odessa,2383075,96,1,4165,67
2020-08-10,Ukraine,NA,Odessa,2383075,65,4,4230,71
2020-08-11,Ukraine,NA,Odessa,2383075,134,2,4364,73
2020-08-12,Ukraine,NA,Odessa,2383075,94,0,4458,73
2020-08-13,Ukraine,NA,Odessa,2383075,114,1,4572,74
2020-08-14,Ukraine,NA,Odessa,2383075,160,0,4732,74
2020-08-15,Ukraine,NA,Odessa,2383075,139,5,4871,79
2020-08-16,Ukraine,NA,Odessa,2383075,93,1,4964,80
2020-08-17,Ukraine,NA,Odessa,2383075,98,0,5062,80
2020-08-18,Ukraine,NA,Odessa,2383075,96,1,5158,81
2020-08-19,Ukraine,NA,Odessa,2383075,123,1,5281,82
2020-08-20,Ukraine,NA,Odessa,2383075,127,0,5408,82
2020-08-21,Ukraine,NA,Odessa,2383075,170,3,5578,85
2020-08-22,Ukraine,NA,Odessa,2383075,210,1,5788,86
2020-08-23,Ukraine,NA,Odessa,2383075,121,2,5909,88
2020-08-24,Ukraine,NA,Odessa,2383075,145,0,6054,88
2020-08-25,Ukraine,NA,Odessa,2383075,112,0,6166,88
2020-08-26,Ukraine,NA,Odessa,2383075,186,2,6352,90
2020-08-27,Ukraine,NA,Odessa,2383075,185,3,6537,93
2020-08-28,Ukraine,NA,Odessa,2383075,214,6,6751,99
2020-08-29,Ukraine,NA,Odessa,2383075,170,3,6921,102
2020-08-30,Ukraine,NA,Odessa,2383075,173,0,7094,102
2020-08-31,Ukraine,NA,Odessa,2383075,189,0,7283,102
2020-04-21,Ukraine,NA,Poltava,1413829,38,0,101,1
2020-04-22,Ukraine,NA,Poltava,1413829,15,0,116,1
2020-04-23,Ukraine,NA,Poltava,1413829,45,2,161,3
2020-04-24,Ukraine,NA,Poltava,1413829,0,0,161,3
2020-04-25,Ukraine,NA,Poltava,1413829,8,0,169,3
2020-04-26,Ukraine,NA,Poltava,1413829,3,0,172,3
2020-04-27,Ukraine,NA,Poltava,1413829,1,0,173,3
2020-04-28,Ukraine,NA,Poltava,1413829,7,0,180,3
2020-04-29,Ukraine,NA,Poltava,1413829,8,3,188,6
2020-04-30,Ukraine,NA,Poltava,1413829,15,0,203,6
2020-05-01,Ukraine,NA,Poltava,1413829,8,1,211,7
2020-05-02,Ukraine,NA,Poltava,1413829,1,0,212,7
2020-05-03,Ukraine,NA,Poltava,1413829,10,0,222,7
2020-05-04,Ukraine,NA,Poltava,1413829,5,1,227,8
2020-05-05,Ukraine,NA,Poltava,1413829,4,0,231,8
2020-05-06,Ukraine,NA,Poltava,1413829,1,0,232,8
2020-05-07,Ukraine,NA,Poltava,1413829,4,0,236,8
2020-05-08,Ukraine,NA,Poltava,1413829,3,0,239,8
2020-05-09,Ukraine,NA,Poltava,1413829,1,0,240,8
2020-05-10,Ukraine,NA,Poltava,1413829,6,0,246,8
2020-05-11,Ukraine,NA,Poltava,1413829,1,0,247,8
2020-05-12,Ukraine,NA,Poltava,1413829,1,0,248,8
2020-05-13,Ukraine,NA,Poltava,1413829,9,0,257,8
2020-05-14,Ukraine,NA,Poltava,1413829,0,0,257,8
2020-05-15,Ukraine,NA,Poltava,1413829,0,0,257,8
2020-05-16,Ukraine,NA,Poltava,1413829,6,1,263,9
2020-05-17,Ukraine,NA,Poltava,1413829,1,0,264,9
2020-05-18,Ukraine,NA,Poltava,1413829,0,0,264,9
2020-05-19,Ukraine,NA,Poltava,1413829,0,1,264,10
2020-05-20,Ukraine,NA,Poltava,1413829,1,0,265,10
2020-05-21,Ukraine,NA,Poltava,1413829,1,0,266,10
2020-05-22,Ukraine,NA,Poltava,1413829,0,0,266,10
2020-05-23,Ukraine,NA,Poltava,1413829,0,1,266,11
2020-05-24,Ukraine,NA,Poltava,1413829,0,0,266,11
2020-05-25,Ukraine,NA,Poltava,1413829,0,0,266,11
2020-05-26,Ukraine,NA,Poltava,1413829,1,1,267,12
2020-05-27,Ukraine,NA,Poltava,1413829,0,1,267,13
2020-05-28,Ukraine,NA,Poltava,1413829,1,0,268,13
2020-05-29,Ukraine,NA,Poltava,1413829,0,0,268,13
2020-05-30,Ukraine,NA,Poltava,1413829,0,0,268,13
2020-05-31,Ukraine,NA,Poltava,1413829,2,0,270,13
2020-06-01,Ukraine,NA,Poltava,1413829,0,0,270,13
2020-06-02,Ukraine,NA,Poltava,1413829,1,0,271,13
2020-06-03,Ukraine,NA,Poltava,1413829,1,0,272,13
2020-06-04,Ukraine,NA,Poltava,1413829,0,0,272,13
2020-06-05,Ukraine,NA,Poltava,1413829,0,0,272,13
2020-06-06,Ukraine,NA,Poltava,1413829,1,0,273,13
2020-06-07,Ukraine,NA,Poltava,1413829,1,0,274,13
2020-06-08,Ukraine,NA,Poltava,1413829,0,0,274,13
2020-06-09,Ukraine,NA,Poltava,1413829,0,0,274,13
2020-06-10,Ukraine,NA,Poltava,1413829,2,0,276,13
2020-06-11,Ukraine,NA,Poltava,1413829,0,0,276,13
2020-06-12,Ukraine,NA,Poltava,1413829,1,0,277,13
2020-06-13,Ukraine,NA,Poltava,1413829,1,0,278,13
2020-06-14,Ukraine,NA,Poltava,1413829,0,0,278,13
2020-06-15,Ukraine,NA,Poltava,1413829,0,0,278,13
2020-06-16,Ukraine,NA,Poltava,1413829,1,0,279,13
2020-06-17,Ukraine,NA,Poltava,1413829,2,0,281,13
2020-06-18,Ukraine,NA,Poltava,1413829,6,0,287,13
2020-06-19,Ukraine,NA,Poltava,1413829,2,0,289,13
2020-06-20,Ukraine,NA,Poltava,1413829,1,0,290,13
2020-06-21,Ukraine,NA,Poltava,1413829,1,0,291,13
2020-06-22,Ukraine,NA,Poltava,1413829,2,0,293,13
2020-06-23,Ukraine,NA,Poltava,1413829,3,0,296,13
2020-06-24,Ukraine,NA,Poltava,1413829,4,0,300,13
2020-06-25,Ukraine,NA,Poltava,1413829,1,0,301,13
2020-06-26,Ukraine,NA,Poltava,1413829,3,0,304,13
2020-06-27,Ukraine,NA,Poltava,1413829,5,0,309,13
2020-06-28,Ukraine,NA,Poltava,1413829,1,0,310,13
2020-06-29,Ukraine,NA,Poltava,1413829,2,0,312,13
2020-06-30,Ukraine,NA,Poltava,1413829,2,0,314,13
2020-07-01,Ukraine,NA,Poltava,1413829,5,0,319,13
2020-07-02,Ukraine,NA,Poltava,1413829,1,0,320,13
2020-07-03,Ukraine,NA,Poltava,1413829,2,0,322,13
2020-07-04,Ukraine,NA,Poltava,1413829,0,0,322,13
2020-07-05,Ukraine,NA,Poltava,1413829,2,0,324,13
2020-07-06,Ukraine,NA,Poltava,1413829,0,0,324,13
2020-07-07,Ukraine,NA,Poltava,1413829,1,0,325,13
2020-07-08,Ukraine,NA,Poltava,1413829,1,0,326,13
2020-07-09,Ukraine,NA,Poltava,1413829,1,0,327,13
2020-07-10,Ukraine,NA,Poltava,1413829,3,0,330,13
2020-07-11,Ukraine,NA,Poltava,1413829,1,0,331,13
2020-07-12,Ukraine,NA,Poltava,1413829,0,0,331,13
2020-07-13,Ukraine,NA,Poltava,1413829,3,0,334,13
2020-07-14,Ukraine,NA,Poltava,1413829,0,0,334,13
2020-07-15,Ukraine,NA,Poltava,1413829,3,0,337,13
2020-07-16,Ukraine,NA,Poltava,1413829,6,0,343,13
2020-07-17,Ukraine,NA,Poltava,1413829,4,0,347,13
2020-07-18,Ukraine,NA,Poltava,1413829,1,0,348,13
2020-07-19,Ukraine,NA,Poltava,1413829,3,0,351,13
2020-07-20,Ukraine,NA,Poltava,1413829,2,0,353,13
2020-07-21,Ukraine,NA,Poltava,1413829,3,0,356,13
2020-07-22,Ukraine,NA,Poltava,1413829,4,0,360,13
2020-07-23,Ukraine,NA,Poltava,1413829,11,1,371,14
2020-07-24,Ukraine,NA,Poltava,1413829,7,0,378,14
2020-07-25,Ukraine,NA,Poltava,1413829,10,0,388,14
2020-07-26,Ukraine,NA,Poltava,1413829,6,0,394,14
2020-07-27,Ukraine,NA,Poltava,1413829,0,0,394,14
2020-07-28,Ukraine,NA,Poltava,1413829,7,0,401,14
2020-07-29,Ukraine,NA,Poltava,1413829,13,1,414,15
2020-07-30,Ukraine,NA,Poltava,1413829,17,0,431,15
2020-07-31,Ukraine,NA,Poltava,1413829,9,0,440,15
2020-08-01,Ukraine,NA,Poltava,1413829,6,0,446,15
2020-08-02,Ukraine,NA,Poltava,1413829,13,0,459,15
2020-08-03,Ukraine,NA,Poltava,1413829,0,0,459,15
2020-08-04,Ukraine,NA,Poltava,1413829,7,0,466,15
2020-08-05,Ukraine,NA,Poltava,1413829,6,0,472,15
2020-08-06,Ukraine,NA,Poltava,1413829,5,0,477,15
2020-08-07,Ukraine,NA,Poltava,1413829,12,0,489,15
2020-08-08,Ukraine,NA,Poltava,1413829,2,0,491,15
2020-08-09,Ukraine,NA,Poltava,1413829,3,0,494,15
2020-08-10,Ukraine,NA,Poltava,1413829,3,0,497,15
2020-08-11,Ukraine,NA,Poltava,1413829,6,0,503,15
2020-08-12,Ukraine,NA,Poltava,1413829,11,0,514,15
2020-08-13,Ukraine,NA,Poltava,1413829,2,0,516,15
2020-08-14,Ukraine,NA,Poltava,1413829,17,0,533,15
2020-08-15,Ukraine,NA,Poltava,1413829,11,0,544,15
2020-08-16,Ukraine,NA,Poltava,1413829,4,0,548,15
2020-08-17,Ukraine,NA,Poltava,1413829,9,0,557,15
2020-08-18,Ukraine,NA,Poltava,1413829,8,0,565,15
2020-08-19,Ukraine,NA,Poltava,1413829,17,0,582,15
2020-08-20,Ukraine,NA,Poltava,1413829,12,1,594,16
2020-08-21,Ukraine,NA,Poltava,1413829,20,0,614,16
2020-08-22,Ukraine,NA,Poltava,1413829,22,0,636,16
2020-08-23,Ukraine,NA,Poltava,1413829,6,0,642,16
2020-08-24,Ukraine,NA,Poltava,1413829,21,1,663,17
2020-08-25,Ukraine,NA,Poltava,1413829,14,0,677,17
2020-08-26,Ukraine,NA,Poltava,1413829,7,0,684,17
2020-08-27,Ukraine,NA,Poltava,1413829,11,1,695,18
2020-08-28,Ukraine,NA,Poltava,1413829,10,2,705,20
2020-08-29,Ukraine,NA,Poltava,1413829,33,0,738,20
2020-08-30,Ukraine,NA,Poltava,1413829,32,0,770,20
2020-08-31,Ukraine,NA,Poltava,1413829,19,0,789,20
2020-04-11,Ukraine,NA,Rivne,1160647,18,0,103,6
2020-04-12,Ukraine,NA,Rivne,1160647,16,1,119,7
2020-04-13,Ukraine,NA,Rivne,1160647,6,0,125,7
2020-04-14,Ukraine,NA,Rivne,1160647,9,0,134,7
2020-04-15,Ukraine,NA,Rivne,1160647,39,0,173,7
2020-04-16,Ukraine,NA,Rivne,1160647,31,0,204,7
2020-04-17,Ukraine,NA,Rivne,1160647,36,1,240,8
2020-04-18,Ukraine,NA,Rivne,1160647,43,1,283,9
2020-04-19,Ukraine,NA,Rivne,1160647,25,0,308,9
2020-04-20,Ukraine,NA,Rivne,1160647,4,2,312,11
2020-04-21,Ukraine,NA,Rivne,1160647,29,0,341,11
2020-04-22,Ukraine,NA,Rivne,1160647,12,0,353,11
2020-04-23,Ukraine,NA,Rivne,1160647,43,0,396,11
2020-04-24,Ukraine,NA,Rivne,1160647,41,0,437,11
2020-04-25,Ukraine,NA,Rivne,1160647,46,0,483,11
2020-04-26,Ukraine,NA,Rivne,1160647,25,0,508,11
2020-04-27,Ukraine,NA,Rivne,1160647,14,0,522,11
2020-04-28,Ukraine,NA,Rivne,1160647,31,0,553,11
2020-04-29,Ukraine,NA,Rivne,1160647,35,0,588,11
2020-04-30,Ukraine,NA,Rivne,1160647,49,0,637,11
2020-05-01,Ukraine,NA,Rivne,1160647,21,0,658,11
2020-05-02,Ukraine,NA,Rivne,1160647,31,0,689,11
2020-05-03,Ukraine,NA,Rivne,1160647,37,1,726,12
2020-05-04,Ukraine,NA,Rivne,1160647,24,0,750,12
2020-05-05,Ukraine,NA,Rivne,1160647,29,0,779,12
2020-05-06,Ukraine,NA,Rivne,1160647,8,0,787,12
2020-05-07,Ukraine,NA,Rivne,1160647,30,0,817,12
2020-05-08,Ukraine,NA,Rivne,1160647,38,2,855,14
2020-05-09,Ukraine,NA,Rivne,1160647,22,2,877,16
2020-05-10,Ukraine,NA,Rivne,1160647,49,0,926,16
2020-05-11,Ukraine,NA,Rivne,1160647,52,5,978,21
2020-05-12,Ukraine,NA,Rivne,1160647,50,1,1028,22
2020-05-13,Ukraine,NA,Rivne,1160647,17,1,1045,23
2020-05-14,Ukraine,NA,Rivne,1160647,17,1,1062,24
2020-05-15,Ukraine,NA,Rivne,1160647,12,0,1074,24
2020-05-16,Ukraine,NA,Rivne,1160647,30,0,1104,24
2020-05-17,Ukraine,NA,Rivne,1160647,22,1,1126,25
2020-05-18,Ukraine,NA,Rivne,1160647,41,3,1167,28
2020-05-19,Ukraine,NA,Rivne,1160647,21,1,1188,29
2020-05-20,Ukraine,NA,Rivne,1160647,29,0,1217,29
2020-05-21,Ukraine,NA,Rivne,1160647,70,0,1287,29
2020-05-22,Ukraine,NA,Rivne,1160647,36,0,1323,29
2020-05-23,Ukraine,NA,Rivne,1160647,45,1,1368,30
2020-05-24,Ukraine,NA,Rivne,1160647,49,1,1417,31
2020-05-25,Ukraine,NA,Rivne,1160647,17,0,1434,31
2020-05-26,Ukraine,NA,Rivne,1160647,41,3,1475,34
2020-05-27,Ukraine,NA,Rivne,1160647,39,0,1514,34
2020-05-28,Ukraine,NA,Rivne,1160647,74,1,1588,35
2020-05-29,Ukraine,NA,Rivne,1160647,40,0,1628,35
2020-05-30,Ukraine,NA,Rivne,1160647,52,2,1680,37
2020-05-31,Ukraine,NA,Rivne,1160647,33,0,1713,37
2020-06-01,Ukraine,NA,Rivne,1160647,57,1,1770,38
2020-06-02,Ukraine,NA,Rivne,1160647,53,1,1823,39
2020-06-03,Ukraine,NA,Rivne,1160647,50,1,1873,40
2020-06-04,Ukraine,NA,Rivne,1160647,32,0,1905,40
2020-06-05,Ukraine,NA,Rivne,1160647,57,0,1962,40
2020-06-06,Ukraine,NA,Rivne,1160647,52,0,2014,40
2020-06-07,Ukraine,NA,Rivne,1160647,32,0,2046,40
2020-06-08,Ukraine,NA,Rivne,1160647,25,0,2071,40
2020-06-09,Ukraine,NA,Rivne,1160647,23,4,2094,44
2020-06-10,Ukraine,NA,Rivne,1160647,28,1,2122,45
2020-06-11,Ukraine,NA,Rivne,1160647,53,0,2175,45
2020-06-12,Ukraine,NA,Rivne,1160647,56,1,2231,46
2020-06-13,Ukraine,NA,Rivne,1160647,66,0,2297,46
2020-06-14,Ukraine,NA,Rivne,1160647,44,0,2341,46
2020-06-15,Ukraine,NA,Rivne,1160647,28,0,2369,46
2020-06-16,Ukraine,NA,Rivne,1160647,104,1,2473,47
2020-06-17,Ukraine,NA,Rivne,1160647,26,3,2499,50
2020-06-18,Ukraine,NA,Rivne,1160647,73,1,2572,51
2020-06-19,Ukraine,NA,Rivne,1160647,121,2,2693,53
2020-06-20,Ukraine,NA,Rivne,1160647,83,2,2776,55
2020-06-21,Ukraine,NA,Rivne,1160647,96,2,2872,57
2020-06-22,Ukraine,NA,Rivne,1160647,91,0,2963,57
2020-06-23,Ukraine,NA,Rivne,1160647,75,1,3038,58
2020-06-24,Ukraine,NA,Rivne,1160647,126,3,3164,61
2020-06-25,Ukraine,NA,Rivne,1160647,84,3,3248,64
2020-06-26,Ukraine,NA,Rivne,1160647,116,2,3364,66
2020-06-27,Ukraine,NA,Rivne,1160647,111,0,3475,66
2020-06-28,Ukraine,NA,Rivne,1160647,93,0,3568,66
2020-06-29,Ukraine,NA,Rivne,1160647,70,2,3638,68
2020-06-30,Ukraine,NA,Rivne,1160647,74,2,3712,70
2020-07-01,Ukraine,NA,Rivne,1160647,72,0,3784,70
2020-07-02,Ukraine,NA,Rivne,1160647,93,0,3877,70
2020-07-03,Ukraine,NA,Rivne,1160647,73,4,3950,74
2020-07-04,Ukraine,NA,Rivne,1160647,91,1,4041,75
2020-07-05,Ukraine,NA,Rivne,1160647,67,2,4108,77
2020-07-06,Ukraine,NA,Rivne,1160647,82,0,4190,77
2020-07-07,Ukraine,NA,Rivne,1160647,38,1,4228,78
2020-07-08,Ukraine,NA,Rivne,1160647,76,0,4304,78
2020-07-09,Ukraine,NA,Rivne,1160647,76,1,4380,79
2020-07-10,Ukraine,NA,Rivne,1160647,74,0,4454,79
2020-07-11,Ukraine,NA,Rivne,1160647,66,1,4520,80
2020-07-12,Ukraine,NA,Rivne,1160647,78,0,4598,80
2020-07-13,Ukraine,NA,Rivne,1160647,99,0,4697,80
2020-07-14,Ukraine,NA,Rivne,1160647,43,2,4740,82
2020-07-15,Ukraine,NA,Rivne,1160647,42,1,4782,83
2020-07-16,Ukraine,NA,Rivne,1160647,70,0,4852,83
2020-07-17,Ukraine,NA,Rivne,1160647,88,1,4940,84
2020-07-18,Ukraine,NA,Rivne,1160647,75,3,5015,87
2020-07-19,Ukraine,NA,Rivne,1160647,67,0,5082,87
2020-07-20,Ukraine,NA,Rivne,1160647,62,2,5144,89
2020-07-21,Ukraine,NA,Rivne,1160647,39,0,5183,89
2020-07-22,Ukraine,NA,Rivne,1160647,49,2,5232,91
2020-07-23,Ukraine,NA,Rivne,1160647,71,0,5303,91
2020-07-24,Ukraine,NA,Rivne,1160647,96,0,5399,91
2020-07-25,Ukraine,NA,Rivne,1160647,143,0,5542,91
2020-07-26,Ukraine,NA,Rivne,1160647,81,1,5623,92
2020-07-27,Ukraine,NA,Rivne,1160647,78,0,5701,92
2020-07-28,Ukraine,NA,Rivne,1160647,83,0,5784,92
2020-07-29,Ukraine,NA,Rivne,1160647,53,0,5837,92
2020-07-30,Ukraine,NA,Rivne,1160647,105,1,5942,93
2020-07-31,Ukraine,NA,Rivne,1160647,82,0,6024,93
2020-08-01,Ukraine,NA,Rivne,1160647,87,0,6111,93
2020-08-02,Ukraine,NA,Rivne,1160647,84,1,6195,94
2020-08-03,Ukraine,NA,Rivne,1160647,75,3,6270,97
2020-08-04,Ukraine,NA,Rivne,1160647,85,2,6355,99
2020-08-05,Ukraine,NA,Rivne,1160647,87,1,6442,100
2020-08-06,Ukraine,NA,Rivne,1160647,96,1,6538,101
2020-08-07,Ukraine,NA,Rivne,1160647,100,2,6638,103
2020-08-08,Ukraine,NA,Rivne,1160647,109,0,6747,103
2020-08-09,Ukraine,NA,Rivne,1160647,93,0,6840,103
2020-08-10,Ukraine,NA,Rivne,1160647,83,1,6923,104
2020-08-11,Ukraine,NA,Rivne,1160647,95,1,7018,105
2020-08-12,Ukraine,NA,Rivne,1160647,96,1,7114,106
2020-08-13,Ukraine,NA,Rivne,1160647,92,0,7206,106
2020-08-14,Ukraine,NA,Rivne,1160647,120,0,7326,106
2020-08-15,Ukraine,NA,Rivne,1160647,107,1,7433,107
2020-08-16,Ukraine,NA,Rivne,1160647,105,1,7538,108
2020-08-17,Ukraine,NA,Rivne,1160647,178,2,7716,110
2020-08-18,Ukraine,NA,Rivne,1160647,112,0,7828,110
2020-08-19,Ukraine,NA,Rivne,1160647,125,5,7953,115
2020-08-20,Ukraine,NA,Rivne,1160647,138,0,8091,115
2020-08-21,Ukraine,NA,Rivne,1160647,147,0,8238,115
2020-08-22,Ukraine,NA,Rivne,1160647,145,1,8383,116
2020-08-23,Ukraine,NA,Rivne,1160647,77,3,8460,119
2020-08-24,Ukraine,NA,Rivne,1160647,99,0,8559,119
2020-08-25,Ukraine,NA,Rivne,1160647,85,0,8644,119
2020-08-26,Ukraine,NA,Rivne,1160647,93,2,8737,121
2020-08-27,Ukraine,NA,Rivne,1160647,81,3,8818,124
2020-08-28,Ukraine,NA,Rivne,1160647,103,2,8921,126
2020-08-29,Ukraine,NA,Rivne,1160647,98,1,9019,127
2020-08-30,Ukraine,NA,Rivne,1160647,79,2,9098,129
2020-08-31,Ukraine,NA,Rivne,1160647,84,1,9182,130
2020-04-30,Ukraine,NA,Sumy,1094284,4,0,102,4
2020-05-01,Ukraine,NA,Sumy,1094284,1,0,103,4
2020-05-02,Ukraine,NA,Sumy,1094284,2,0,105,4
2020-05-03,Ukraine,NA,Sumy,1094284,5,0,110,4
2020-05-04,Ukraine,NA,Sumy,1094284,2,0,112,4
2020-05-05,Ukraine,NA,Sumy,1094284,0,0,112,4
2020-05-06,Ukraine,NA,Sumy,1094284,18,0,130,4
2020-05-07,Ukraine,NA,Sumy,1094284,1,0,131,4
2020-05-08,Ukraine,NA,Sumy,1094284,16,0,147,4
2020-05-09,Ukraine,NA,Sumy,1094284,5,0,152,4
2020-05-10,Ukraine,NA,Sumy,1094284,2,0,154,4
2020-05-11,Ukraine,NA,Sumy,1094284,0,0,154,4
2020-05-12,Ukraine,NA,Sumy,1094284,3,0,157,4
2020-05-13,Ukraine,NA,Sumy,1094284,0,0,157,4
2020-05-14,Ukraine,NA,Sumy,1094284,1,0,158,4
2020-05-15,Ukraine,NA,Sumy,1094284,0,0,158,4
2020-05-16,Ukraine,NA,Sumy,1094284,3,0,161,4
2020-05-17,Ukraine,NA,Sumy,1094284,1,0,162,4
2020-05-18,Ukraine,NA,Sumy,1094284,1,0,163,4
2020-05-19,Ukraine,NA,Sumy,1094284,1,0,164,4
2020-05-20,Ukraine,NA,Sumy,1094284,0,0,164,4
2020-05-21,Ukraine,NA,Sumy,1094284,1,0,165,4
2020-05-22,Ukraine,NA,Sumy,1094284,1,0,166,4
2020-05-23,Ukraine,NA,Sumy,1094284,0,0,166,4
2020-05-24,Ukraine,NA,Sumy,1094284,0,0,166,4
2020-05-25,Ukraine,NA,Sumy,1094284,0,0,166,4
2020-05-26,Ukraine,NA,Sumy,1094284,0,0,166,4
2020-05-27,Ukraine,NA,Sumy,1094284,0,0,166,4
2020-05-28,Ukraine,NA,Sumy,1094284,0,0,166,4
2020-05-29,Ukraine,NA,Sumy,1094284,1,0,167,4
2020-05-30,Ukraine,NA,Sumy,1094284,1,0,168,4
2020-05-31,Ukraine,NA,Sumy,1094284,0,0,168,4
2020-06-01,Ukraine,NA,Sumy,1094284,2,0,170,4
2020-06-02,Ukraine,NA,Sumy,1094284,3,0,173,4
2020-06-03,Ukraine,NA,Sumy,1094284,1,0,174,4
2020-06-04,Ukraine,NA,Sumy,1094284,3,0,177,4
2020-06-05,Ukraine,NA,Sumy,1094284,11,0,188,4
2020-06-06,Ukraine,NA,Sumy,1094284,4,1,192,5
2020-06-07,Ukraine,NA,Sumy,1094284,1,0,193,5
2020-06-08,Ukraine,NA,Sumy,1094284,0,0,193,5
2020-06-09,Ukraine,NA,Sumy,1094284,5,0,198,5
2020-06-10,Ukraine,NA,Sumy,1094284,0,0,198,5
2020-06-11,Ukraine,NA,Sumy,1094284,5,0,203,5
2020-06-12,Ukraine,NA,Sumy,1094284,1,0,204,5
2020-06-13,Ukraine,NA,Sumy,1094284,4,0,208,5
2020-06-14,Ukraine,NA,Sumy,1094284,7,0,215,5
2020-06-15,Ukraine,NA,Sumy,1094284,12,0,227,5
2020-06-16,Ukraine,NA,Sumy,1094284,1,0,228,5
2020-06-17,Ukraine,NA,Sumy,1094284,2,0,230,5
2020-06-18,Ukraine,NA,Sumy,1094284,6,0,236,5
2020-06-19,Ukraine,NA,Sumy,1094284,10,0,246,5
2020-06-20,Ukraine,NA,Sumy,1094284,6,0,252,5
2020-06-21,Ukraine,NA,Sumy,1094284,5,0,257,5
2020-06-22,Ukraine,NA,Sumy,1094284,1,0,258,5
2020-06-23,Ukraine,NA,Sumy,1094284,5,0,263,5
2020-06-24,Ukraine,NA,Sumy,1094284,9,0,272,5
2020-06-25,Ukraine,NA,Sumy,1094284,5,0,277,5
2020-06-26,Ukraine,NA,Sumy,1094284,7,0,284,5
2020-06-27,Ukraine,NA,Sumy,1094284,3,0,287,5
2020-06-28,Ukraine,NA,Sumy,1094284,8,0,295,5
2020-06-29,Ukraine,NA,Sumy,1094284,1,0,296,5
2020-06-30,Ukraine,NA,Sumy,1094284,1,0,297,5
2020-07-01,Ukraine,NA,Sumy,1094284,0,0,297,5
2020-07-02,Ukraine,NA,Sumy,1094284,5,0,302,5
2020-07-03,Ukraine,NA,Sumy,1094284,2,0,304,5
2020-07-04,Ukraine,NA,Sumy,1094284,4,0,308,5
2020-07-05,Ukraine,NA,Sumy,1094284,9,0,317,5
2020-07-06,Ukraine,NA,Sumy,1094284,4,0,321,5
2020-07-07,Ukraine,NA,Sumy,1094284,0,0,321,5
2020-07-08,Ukraine,NA,Sumy,1094284,2,0,323,5
2020-07-09,Ukraine,NA,Sumy,1094284,5,0,328,5
2020-07-10,Ukraine,NA,Sumy,1094284,4,0,332,5
2020-07-11,Ukraine,NA,Sumy,1094284,5,0,337,5
2020-07-12,Ukraine,NA,Sumy,1094284,3,0,340,5
2020-07-13,Ukraine,NA,Sumy,1094284,1,1,341,6
2020-07-14,Ukraine,NA,Sumy,1094284,0,0,341,6
2020-07-15,Ukraine,NA,Sumy,1094284,5,0,346,6
2020-07-16,Ukraine,NA,Sumy,1094284,2,0,348,6
2020-07-17,Ukraine,NA,Sumy,1094284,4,0,352,6
2020-07-18,Ukraine,NA,Sumy,1094284,3,0,355,6
2020-07-19,Ukraine,NA,Sumy,1094284,15,0,370,6
2020-07-20,Ukraine,NA,Sumy,1094284,1,0,371,6
2020-07-21,Ukraine,NA,Sumy,1094284,0,0,371,6
2020-07-22,Ukraine,NA,Sumy,1094284,12,1,383,7
2020-07-23,Ukraine,NA,Sumy,1094284,10,0,393,7
2020-07-24,Ukraine,NA,Sumy,1094284,4,0,397,7
2020-07-25,Ukraine,NA,Sumy,1094284,14,0,411,7
2020-07-26,Ukraine,NA,Sumy,1094284,19,0,430,7
2020-07-27,Ukraine,NA,Sumy,1094284,15,0,445,7
2020-07-28,Ukraine,NA,Sumy,1094284,9,0,454,7
2020-07-29,Ukraine,NA,Sumy,1094284,13,0,467,7
2020-07-30,Ukraine,NA,Sumy,1094284,17,1,484,8
2020-07-31,Ukraine,NA,Sumy,1094284,1,0,485,8
2020-08-01,Ukraine,NA,Sumy,1094284,24,0,509,8
2020-08-02,Ukraine,NA,Sumy,1094284,20,0,529,8
2020-08-03,Ukraine,NA,Sumy,1094284,12,0,541,8
2020-08-04,Ukraine,NA,Sumy,1094284,19,0,560,8
2020-08-05,Ukraine,NA,Sumy,1094284,10,0,570,8
2020-08-06,Ukraine,NA,Sumy,1094284,24,0,594,8
2020-08-07,Ukraine,NA,Sumy,1094284,42,1,636,9
2020-08-08,Ukraine,NA,Sumy,1094284,17,0,653,9
2020-08-09,Ukraine,NA,Sumy,1094284,15,0,668,9
2020-08-10,Ukraine,NA,Sumy,1094284,31,0,699,9
2020-08-11,Ukraine,NA,Sumy,1094284,3,1,702,10
2020-08-12,Ukraine,NA,Sumy,1094284,14,0,716,10
2020-08-13,Ukraine,NA,Sumy,1094284,38,0,754,10
2020-08-14,Ukraine,NA,Sumy,1094284,29,0,783,10
2020-08-15,Ukraine,NA,Sumy,1094284,32,0,815,10
2020-08-16,Ukraine,NA,Sumy,1094284,39,3,854,13
2020-08-17,Ukraine,NA,Sumy,1094284,37,0,891,13
2020-08-18,Ukraine,NA,Sumy,1094284,75,2,966,15
2020-08-19,Ukraine,NA,Sumy,1094284,57,1,1023,16
2020-08-20,Ukraine,NA,Sumy,1094284,55,0,1078,16
2020-08-21,Ukraine,NA,Sumy,1094284,46,2,1124,18
2020-08-22,Ukraine,NA,Sumy,1094284,21,2,1145,20
2020-08-23,Ukraine,NA,Sumy,1094284,20,0,1165,20
2020-08-24,Ukraine,NA,Sumy,1094284,22,0,1187,20
2020-08-25,Ukraine,NA,Sumy,1094284,59,0,1246,20
2020-08-26,Ukraine,NA,Sumy,1094284,23,0,1269,20
2020-08-27,Ukraine,NA,Sumy,1094284,33,0,1302,20
2020-08-28,Ukraine,NA,Sumy,1094284,59,2,1361,22
2020-08-29,Ukraine,NA,Sumy,1094284,37,2,1398,24
2020-08-30,Ukraine,NA,Sumy,1094284,58,0,1456,24
2020-08-31,Ukraine,NA,Sumy,1094284,14,0,1470,24
2020-04-01,Ukraine,NA,Ternopil,1052312,8,0,106,1
2020-04-02,Ukraine,NA,Ternopil,1052312,8,0,114,1
2020-04-03,Ukraine,NA,Ternopil,1052312,19,1,133,2
2020-04-04,Ukraine,NA,Ternopil,1052312,27,0,160,2
2020-04-05,Ukraine,NA,Ternopil,1052312,0,0,160,2
2020-04-06,Ukraine,NA,Ternopil,1052312,0,0,160,2
2020-04-07,Ukraine,NA,Ternopil,1052312,8,1,168,3
2020-04-08,Ukraine,NA,Ternopil,1052312,0,0,168,3
2020-04-09,Ukraine,NA,Ternopil,1052312,1,0,169,3
2020-04-10,Ukraine,NA,Ternopil,1052312,27,2,196,5
2020-04-11,Ukraine,NA,Ternopil,1052312,12,0,208,5
2020-04-12,Ukraine,NA,Ternopil,1052312,35,0,243,5
2020-04-13,Ukraine,NA,Ternopil,1052312,30,0,273,5
2020-04-14,Ukraine,NA,Ternopil,1052312,7,0,280,5
2020-04-15,Ukraine,NA,Ternopil,1052312,7,0,287,5
2020-04-16,Ukraine,NA,Ternopil,1052312,46,0,333,5
2020-04-17,Ukraine,NA,Ternopil,1052312,20,0,353,5
2020-04-18,Ukraine,NA,Ternopil,1052312,13,0,366,5
2020-04-19,Ukraine,NA,Ternopil,1052312,24,0,390,5
2020-04-20,Ukraine,NA,Ternopil,1052312,24,1,414,6
2020-04-21,Ukraine,NA,Ternopil,1052312,21,1,435,7
2020-04-22,Ukraine,NA,Ternopil,1052312,36,0,471,7
2020-04-23,Ukraine,NA,Ternopil,1052312,28,0,499,7
2020-04-24,Ukraine,NA,Ternopil,1052312,33,0,532,7
2020-04-25,Ukraine,NA,Ternopil,1052312,33,1,565,8
2020-04-26,Ukraine,NA,Ternopil,1052312,42,1,607,9
2020-04-27,Ukraine,NA,Ternopil,1052312,5,1,612,10
2020-04-28,Ukraine,NA,Ternopil,1052312,52,2,664,12
2020-04-29,Ukraine,NA,Ternopil,1052312,44,0,708,12
2020-04-30,Ukraine,NA,Ternopil,1052312,71,2,779,14
2020-05-01,Ukraine,NA,Ternopil,1052312,14,0,793,14
2020-05-02,Ukraine,NA,Ternopil,1052312,30,1,823,15
2020-05-03,Ukraine,NA,Ternopil,1052312,45,0,868,15
2020-05-04,Ukraine,NA,Ternopil,1052312,28,0,896,15
2020-05-05,Ukraine,NA,Ternopil,1052312,27,0,923,15
2020-05-06,Ukraine,NA,Ternopil,1052312,12,0,935,15
2020-05-07,Ukraine,NA,Ternopil,1052312,16,2,951,17
2020-05-08,Ukraine,NA,Ternopil,1052312,8,0,959,17
2020-05-09,Ukraine,NA,Ternopil,1052312,18,1,977,18
2020-05-10,Ukraine,NA,Ternopil,1052312,22,0,999,18
2020-05-11,Ukraine,NA,Ternopil,1052312,19,0,1018,18
2020-05-12,Ukraine,NA,Ternopil,1052312,3,2,1021,20
2020-05-13,Ukraine,NA,Ternopil,1052312,7,0,1028,20
2020-05-14,Ukraine,NA,Ternopil,1052312,5,1,1033,21
2020-05-15,Ukraine,NA,Ternopil,1052312,27,1,1060,22
2020-05-16,Ukraine,NA,Ternopil,1052312,5,0,1065,22
2020-05-17,Ukraine,NA,Ternopil,1052312,13,0,1078,22
2020-05-18,Ukraine,NA,Ternopil,1052312,3,0,1081,22
2020-05-19,Ukraine,NA,Ternopil,1052312,0,0,1081,22
2020-05-20,Ukraine,NA,Ternopil,1052312,8,0,1089,22
2020-05-21,Ukraine,NA,Ternopil,1052312,9,1,1098,23
2020-05-22,Ukraine,NA,Ternopil,1052312,7,0,1105,23
2020-05-23,Ukraine,NA,Ternopil,1052312,3,1,1108,24
2020-05-24,Ukraine,NA,Ternopil,1052312,7,0,1115,24
2020-05-25,Ukraine,NA,Ternopil,1052312,6,0,1121,24
2020-05-26,Ukraine,NA,Ternopil,1052312,3,1,1124,25
2020-05-27,Ukraine,NA,Ternopil,1052312,2,1,1126,26
2020-05-28,Ukraine,NA,Ternopil,1052312,5,0,1131,26
2020-05-29,Ukraine,NA,Ternopil,1052312,14,0,1145,26
2020-05-30,Ukraine,NA,Ternopil,1052312,15,0,1160,26
2020-05-31,Ukraine,NA,Ternopil,1052312,9,0,1169,26
2020-06-01,Ukraine,NA,Ternopil,1052312,7,0,1176,26
2020-06-02,Ukraine,NA,Ternopil,1052312,4,0,1180,26
2020-06-03,Ukraine,NA,Ternopil,1052312,20,0,1200,26
2020-06-04,Ukraine,NA,Ternopil,1052312,20,0,1220,26
2020-06-05,Ukraine,NA,Ternopil,1052312,13,0,1233,26
2020-06-06,Ukraine,NA,Ternopil,1052312,22,0,1255,26
2020-06-07,Ukraine,NA,Ternopil,1052312,20,0,1275,26
2020-06-08,Ukraine,NA,Ternopil,1052312,19,0,1294,26
2020-06-09,Ukraine,NA,Ternopil,1052312,11,0,1305,26
2020-06-10,Ukraine,NA,Ternopil,1052312,8,0,1313,26
2020-06-11,Ukraine,NA,Ternopil,1052312,36,0,1349,26
2020-06-12,Ukraine,NA,Ternopil,1052312,23,0,1372,26
2020-06-13,Ukraine,NA,Ternopil,1052312,31,0,1403,26
2020-06-14,Ukraine,NA,Ternopil,1052312,24,0,1427,26
2020-06-15,Ukraine,NA,Ternopil,1052312,40,0,1467,26
2020-06-16,Ukraine,NA,Ternopil,1052312,16,0,1483,26
2020-06-17,Ukraine,NA,Ternopil,1052312,27,1,1510,27
2020-06-18,Ukraine,NA,Ternopil,1052312,32,0,1542,27
2020-06-19,Ukraine,NA,Ternopil,1052312,63,0,1605,27
2020-06-20,Ukraine,NA,Ternopil,1052312,38,0,1643,27
2020-06-21,Ukraine,NA,Ternopil,1052312,45,0,1688,27
2020-06-22,Ukraine,NA,Ternopil,1052312,40,0,1728,27
2020-06-23,Ukraine,NA,Ternopil,1052312,16,0,1744,27
2020-06-24,Ukraine,NA,Ternopil,1052312,42,0,1786,27
2020-06-25,Ukraine,NA,Ternopil,1052312,29,0,1815,27
2020-06-26,Ukraine,NA,Ternopil,1052312,42,0,1857,27
2020-06-27,Ukraine,NA,Ternopil,1052312,19,1,1876,28
2020-06-28,Ukraine,NA,Ternopil,1052312,17,0,1893,28
2020-06-29,Ukraine,NA,Ternopil,1052312,20,0,1913,28
2020-06-30,Ukraine,NA,Ternopil,1052312,6,0,1919,28
2020-07-01,Ukraine,NA,Ternopil,1052312,11,1,1930,29
2020-07-02,Ukraine,NA,Ternopil,1052312,28,0,1958,29
2020-07-03,Ukraine,NA,Ternopil,1052312,32,0,1990,29
2020-07-04,Ukraine,NA,Ternopil,1052312,35,0,2025,29
2020-07-05,Ukraine,NA,Ternopil,1052312,44,1,2069,30
2020-07-06,Ukraine,NA,Ternopil,1052312,32,0,2101,30
2020-07-07,Ukraine,NA,Ternopil,1052312,7,1,2108,31
2020-07-08,Ukraine,NA,Ternopil,1052312,34,0,2142,31
2020-07-09,Ukraine,NA,Ternopil,1052312,11,0,2153,31
2020-07-10,Ukraine,NA,Ternopil,1052312,21,1,2174,32
2020-07-11,Ukraine,NA,Ternopil,1052312,43,1,2217,33
2020-07-12,Ukraine,NA,Ternopil,1052312,14,1,2231,34
2020-07-13,Ukraine,NA,Ternopil,1052312,29,0,2260,34
2020-07-14,Ukraine,NA,Ternopil,1052312,16,0,2276,34
2020-07-15,Ukraine,NA,Ternopil,1052312,16,0,2292,34
2020-07-16,Ukraine,NA,Ternopil,1052312,45,0,2337,34
2020-07-17,Ukraine,NA,Ternopil,1052312,21,0,2358,34
2020-07-18,Ukraine,NA,Ternopil,1052312,36,0,2394,34
2020-07-19,Ukraine,NA,Ternopil,1052312,36,0,2430,34
2020-07-20,Ukraine,NA,Ternopil,1052312,26,0,2456,34
2020-07-21,Ukraine,NA,Ternopil,1052312,10,1,2466,35
2020-07-22,Ukraine,NA,Ternopil,1052312,42,0,2508,35
2020-07-23,Ukraine,NA,Ternopil,1052312,40,1,2548,36
2020-07-24,Ukraine,NA,Ternopil,1052312,56,0,2604,36
2020-07-25,Ukraine,NA,Ternopil,1052312,68,3,2672,39
2020-07-26,Ukraine,NA,Ternopil,1052312,53,0,2725,39
2020-07-27,Ukraine,NA,Ternopil,1052312,48,0,2773,39
2020-07-28,Ukraine,NA,Ternopil,1052312,49,0,2822,39
2020-07-29,Ukraine,NA,Ternopil,1052312,30,0,2852,39
2020-07-30,Ukraine,NA,Ternopil,1052312,70,0,2922,39
2020-07-31,Ukraine,NA,Ternopil,1052312,54,0,2976,39
2020-08-01,Ukraine,NA,Ternopil,1052312,59,0,3035,39
2020-08-02,Ukraine,NA,Ternopil,1052312,51,0,3086,39
2020-08-03,Ukraine,NA,Ternopil,1052312,27,0,3113,39
2020-08-04,Ukraine,NA,Ternopil,1052312,8,0,3121,39
2020-08-05,Ukraine,NA,Ternopil,1052312,28,1,3149,40
2020-08-06,Ukraine,NA,Ternopil,1052312,28,0,3177,40
2020-08-07,Ukraine,NA,Ternopil,1052312,35,1,3212,41
2020-08-08,Ukraine,NA,Ternopil,1052312,45,0,3257,41
2020-08-09,Ukraine,NA,Ternopil,1052312,32,0,3289,41
2020-08-10,Ukraine,NA,Ternopil,1052312,35,0,3324,41
2020-08-11,Ukraine,NA,Ternopil,1052312,51,3,3375,44
2020-08-12,Ukraine,NA,Ternopil,1052312,38,0,3413,44
2020-08-13,Ukraine,NA,Ternopil,1052312,76,0,3489,44
2020-08-14,Ukraine,NA,Ternopil,1052312,49,0,3538,44
2020-08-15,Ukraine,NA,Ternopil,1052312,97,1,3635,45
2020-08-16,Ukraine,NA,Ternopil,1052312,97,2,3732,47
2020-08-17,Ukraine,NA,Ternopil,1052312,85,0,3817,47
2020-08-18,Ukraine,NA,Ternopil,1052312,85,0,3902,47
2020-08-19,Ukraine,NA,Ternopil,1052312,99,0,4001,47
2020-08-20,Ukraine,NA,Ternopil,1052312,115,3,4116,50
2020-08-21,Ukraine,NA,Ternopil,1052312,185,1,4301,51
2020-08-22,Ukraine,NA,Ternopil,1052312,206,0,4507,51
2020-08-23,Ukraine,NA,Ternopil,1052312,119,3,4626,54
2020-08-24,Ukraine,NA,Ternopil,1052312,139,4,4765,58
2020-08-25,Ukraine,NA,Ternopil,1052312,158,2,4923,60
2020-08-26,Ukraine,NA,Ternopil,1052312,181,1,5104,61
2020-08-27,Ukraine,NA,Ternopil,1052312,141,0,5245,61
2020-08-28,Ukraine,NA,Ternopil,1052312,233,3,5478,64
2020-08-29,Ukraine,NA,Ternopil,1052312,227,2,5705,66
2020-08-30,Ukraine,NA,Ternopil,1052312,160,3,5865,69
2020-08-31,Ukraine,NA,Ternopil,1052312,149,2,6014,71
2020-04-09,Ukraine,NA,Vinnytsia,1575808,13,0,102,0
2020-04-10,Ukraine,NA,Vinnytsia,1575808,17,0,119,0
2020-04-11,Ukraine,NA,Vinnytsia,1575808,32,0,151,0
2020-04-12,Ukraine,NA,Vinnytsia,1575808,23,0,174,0
2020-04-13,Ukraine,NA,Vinnytsia,1575808,20,0,194,0
2020-04-14,Ukraine,NA,Vinnytsia,1575808,6,0,200,0
2020-04-15,Ukraine,NA,Vinnytsia,1575808,41,0,241,0
2020-04-16,Ukraine,NA,Vinnytsia,1575808,38,0,279,0
2020-04-17,Ukraine,NA,Vinnytsia,1575808,17,0,296,0
2020-04-18,Ukraine,NA,Vinnytsia,1575808,23,0,319,0
2020-04-19,Ukraine,NA,Vinnytsia,1575808,11,0,330,0
2020-04-20,Ukraine,NA,Vinnytsia,1575808,0,1,330,1
2020-04-21,Ukraine,NA,Vinnytsia,1575808,8,0,338,1
2020-04-22,Ukraine,NA,Vinnytsia,1575808,11,2,349,3
2020-04-23,Ukraine,NA,Vinnytsia,1575808,4,0,353,3
2020-04-24,Ukraine,NA,Vinnytsia,1575808,17,0,370,3
2020-04-25,Ukraine,NA,Vinnytsia,1575808,7,0,377,3
2020-04-26,Ukraine,NA,Vinnytsia,1575808,11,0,388,3
2020-04-27,Ukraine,NA,Vinnytsia,1575808,10,0,398,3
2020-04-28,Ukraine,NA,Vinnytsia,1575808,8,0,406,3
2020-04-29,Ukraine,NA,Vinnytsia,1575808,6,0,412,3
2020-04-30,Ukraine,NA,Vinnytsia,1575808,5,0,417,3
2020-05-01,Ukraine,NA,Vinnytsia,1575808,8,0,425,3
2020-05-02,Ukraine,NA,Vinnytsia,1575808,2,0,427,3
2020-05-03,Ukraine,NA,Vinnytsia,1575808,8,0,435,3
2020-05-04,Ukraine,NA,Vinnytsia,1575808,1,0,436,3
2020-05-05,Ukraine,NA,Vinnytsia,1575808,18,2,454,5
2020-05-06,Ukraine,NA,Vinnytsia,1575808,18,0,472,5
2020-05-07,Ukraine,NA,Vinnytsia,1575808,13,0,485,5
2020-05-08,Ukraine,NA,Vinnytsia,1575808,29,0,514,5
2020-05-09,Ukraine,NA,Vinnytsia,1575808,8,0,522,5
2020-05-10,Ukraine,NA,Vinnytsia,1575808,22,1,544,6
2020-05-11,Ukraine,NA,Vinnytsia,1575808,9,0,553,6
2020-05-12,Ukraine,NA,Vinnytsia,1575808,27,0,580,6
2020-05-13,Ukraine,NA,Vinnytsia,1575808,48,0,628,6
2020-05-14,Ukraine,NA,Vinnytsia,1575808,26,0,654,6
2020-05-15,Ukraine,NA,Vinnytsia,1575808,20,1,674,7
2020-05-16,Ukraine,NA,Vinnytsia,1575808,26,1,700,8
2020-05-17,Ukraine,NA,Vinnytsia,1575808,15,3,715,11
2020-05-18,Ukraine,NA,Vinnytsia,1575808,18,0,733,11
2020-05-19,Ukraine,NA,Vinnytsia,1575808,18,0,751,11
2020-05-20,Ukraine,NA,Vinnytsia,1575808,15,2,766,13
2020-05-21,Ukraine,NA,Vinnytsia,1575808,22,0,788,13
2020-05-22,Ukraine,NA,Vinnytsia,1575808,36,1,824,14
2020-05-23,Ukraine,NA,Vinnytsia,1575808,29,1,853,15
2020-05-24,Ukraine,NA,Vinnytsia,1575808,36,0,889,15
2020-05-25,Ukraine,NA,Vinnytsia,1575808,3,0,892,15
2020-05-26,Ukraine,NA,Vinnytsia,1575808,18,0,910,15
2020-05-27,Ukraine,NA,Vinnytsia,1575808,22,0,932,15
2020-05-28,Ukraine,NA,Vinnytsia,1575808,15,1,947,16
2020-05-29,Ukraine,NA,Vinnytsia,1575808,10,0,957,16
2020-05-30,Ukraine,NA,Vinnytsia,1575808,1,0,958,16
2020-05-31,Ukraine,NA,Vinnytsia,1575808,35,0,993,16
2020-06-01,Ukraine,NA,Vinnytsia,1575808,12,0,1005,16
2020-06-02,Ukraine,NA,Vinnytsia,1575808,24,0,1029,16
2020-06-03,Ukraine,NA,Vinnytsia,1575808,21,0,1050,16
2020-06-04,Ukraine,NA,Vinnytsia,1575808,27,0,1077,16
2020-06-05,Ukraine,NA,Vinnytsia,1575808,16,1,1093,17
2020-06-06,Ukraine,NA,Vinnytsia,1575808,23,0,1116,17
2020-06-07,Ukraine,NA,Vinnytsia,1575808,20,1,1136,18
2020-06-08,Ukraine,NA,Vinnytsia,1575808,14,1,1150,19
2020-06-09,Ukraine,NA,Vinnytsia,1575808,25,1,1175,20
2020-06-10,Ukraine,NA,Vinnytsia,1575808,17,0,1192,20
2020-06-11,Ukraine,NA,Vinnytsia,1575808,44,0,1236,20
2020-06-12,Ukraine,NA,Vinnytsia,1575808,81,0,1317,20
2020-06-13,Ukraine,NA,Vinnytsia,1575808,52,1,1369,21
2020-06-14,Ukraine,NA,Vinnytsia,1575808,24,2,1393,23
2020-06-15,Ukraine,NA,Vinnytsia,1575808,30,0,1423,23
2020-06-16,Ukraine,NA,Vinnytsia,1575808,32,0,1455,23
2020-06-17,Ukraine,NA,Vinnytsia,1575808,45,1,1500,24
2020-06-18,Ukraine,NA,Vinnytsia,1575808,63,0,1563,24
2020-06-19,Ukraine,NA,Vinnytsia,1575808,33,4,1596,28
2020-06-20,Ukraine,NA,Vinnytsia,1575808,31,0,1627,28
2020-06-21,Ukraine,NA,Vinnytsia,1575808,20,0,1647,28
2020-06-22,Ukraine,NA,Vinnytsia,1575808,13,0,1660,28
2020-06-23,Ukraine,NA,Vinnytsia,1575808,30,0,1690,28
2020-06-24,Ukraine,NA,Vinnytsia,1575808,33,0,1723,28
2020-06-25,Ukraine,NA,Vinnytsia,1575808,30,0,1753,28
2020-06-26,Ukraine,NA,Vinnytsia,1575808,35,0,1788,28
2020-06-27,Ukraine,NA,Vinnytsia,1575808,23,0,1811,28
2020-06-28,Ukraine,NA,Vinnytsia,1575808,22,0,1833,28
2020-06-29,Ukraine,NA,Vinnytsia,1575808,13,0,1846,28
2020-06-30,Ukraine,NA,Vinnytsia,1575808,18,0,1864,28
2020-07-01,Ukraine,NA,Vinnytsia,1575808,12,1,1876,29
2020-07-02,Ukraine,NA,Vinnytsia,1575808,19,1,1895,30
2020-07-03,Ukraine,NA,Vinnytsia,1575808,20,0,1915,30
2020-07-04,Ukraine,NA,Vinnytsia,1575808,21,0,1936,30
2020-07-05,Ukraine,NA,Vinnytsia,1575808,15,0,1951,30
2020-07-06,Ukraine,NA,Vinnytsia,1575808,16,0,1967,30
2020-07-07,Ukraine,NA,Vinnytsia,1575808,12,2,1979,32
2020-07-08,Ukraine,NA,Vinnytsia,1575808,23,1,2002,33
2020-07-09,Ukraine,NA,Vinnytsia,1575808,19,1,2021,34
2020-07-10,Ukraine,NA,Vinnytsia,1575808,39,0,2060,34
2020-07-11,Ukraine,NA,Vinnytsia,1575808,21,2,2081,36
2020-07-12,Ukraine,NA,Vinnytsia,1575808,16,1,2097,37
2020-07-13,Ukraine,NA,Vinnytsia,1575808,25,1,2122,38
2020-07-14,Ukraine,NA,Vinnytsia,1575808,26,0,2148,38
2020-07-15,Ukraine,NA,Vinnytsia,1575808,46,0,2194,38
2020-07-16,Ukraine,NA,Vinnytsia,1575808,27,0,2221,38
2020-07-17,Ukraine,NA,Vinnytsia,1575808,32,0,2253,38
2020-07-18,Ukraine,NA,Vinnytsia,1575808,18,1,2271,39
2020-07-19,Ukraine,NA,Vinnytsia,1575808,28,0,2299,39
2020-07-20,Ukraine,NA,Vinnytsia,1575808,18,1,2317,40
2020-07-21,Ukraine,NA,Vinnytsia,1575808,13,2,2330,42
2020-07-22,Ukraine,NA,Vinnytsia,1575808,34,0,2364,42
2020-07-23,Ukraine,NA,Vinnytsia,1575808,52,1,2416,43
2020-07-24,Ukraine,NA,Vinnytsia,1575808,46,3,2462,46
2020-07-25,Ukraine,NA,Vinnytsia,1575808,50,0,2512,46
2020-07-26,Ukraine,NA,Vinnytsia,1575808,37,0,2549,46
2020-07-27,Ukraine,NA,Vinnytsia,1575808,40,0,2589,46
2020-07-28,Ukraine,NA,Vinnytsia,1575808,38,1,2627,47
2020-07-29,Ukraine,NA,Vinnytsia,1575808,33,2,2660,49
2020-07-30,Ukraine,NA,Vinnytsia,1575808,38,1,2698,50
2020-07-31,Ukraine,NA,Vinnytsia,1575808,38,1,2736,51
2020-08-01,Ukraine,NA,Vinnytsia,1575808,30,1,2766,52
2020-08-02,Ukraine,NA,Vinnytsia,1575808,24,0,2790,52
2020-08-03,Ukraine,NA,Vinnytsia,1575808,25,3,2815,55
2020-08-04,Ukraine,NA,Vinnytsia,1575808,33,0,2848,55
2020-08-05,Ukraine,NA,Vinnytsia,1575808,32,0,2880,55
2020-08-06,Ukraine,NA,Vinnytsia,1575808,18,2,2898,57
2020-08-07,Ukraine,NA,Vinnytsia,1575808,34,1,2932,58
2020-08-08,Ukraine,NA,Vinnytsia,1575808,23,2,2955,60
2020-08-09,Ukraine,NA,Vinnytsia,1575808,19,2,2974,62
2020-08-10,Ukraine,NA,Vinnytsia,1575808,11,0,2985,62
2020-08-11,Ukraine,NA,Vinnytsia,1575808,17,1,3002,63
2020-08-12,Ukraine,NA,Vinnytsia,1575808,41,0,3043,63
2020-08-13,Ukraine,NA,Vinnytsia,1575808,43,2,3086,65
2020-08-14,Ukraine,NA,Vinnytsia,1575808,43,0,3129,65
2020-08-15,Ukraine,NA,Vinnytsia,1575808,46,0,3175,65
2020-08-16,Ukraine,NA,Vinnytsia,1575808,38,1,3213,66
2020-08-17,Ukraine,NA,Vinnytsia,1575808,21,1,3234,67
2020-08-18,Ukraine,NA,Vinnytsia,1575808,38,3,3272,70
2020-08-19,Ukraine,NA,Vinnytsia,1575808,51,1,3323,71
2020-08-20,Ukraine,NA,Vinnytsia,1575808,82,1,3405,72
2020-08-21,Ukraine,NA,Vinnytsia,1575808,73,0,3478,72
2020-08-22,Ukraine,NA,Vinnytsia,1575808,75,1,3553,73
2020-08-23,Ukraine,NA,Vinnytsia,1575808,39,0,3592,73
2020-08-24,Ukraine,NA,Vinnytsia,1575808,32,1,3624,74
2020-08-25,Ukraine,NA,Vinnytsia,1575808,25,0,3649,74
2020-08-26,Ukraine,NA,Vinnytsia,1575808,28,2,3677,76
2020-08-27,Ukraine,NA,Vinnytsia,1575808,59,1,3736,77
2020-08-28,Ukraine,NA,Vinnytsia,1575808,64,3,3800,80
2020-08-29,Ukraine,NA,Vinnytsia,1575808,72,0,3872,80
2020-08-30,Ukraine,NA,Vinnytsia,1575808,76,1,3948,81
2020-08-31,Ukraine,NA,Vinnytsia,1575808,45,2,3993,83
2020-04-16,Ukraine,NA,Volyn,1038457,9,0,109,4
2020-04-17,Ukraine,NA,Volyn,1038457,13,0,122,4
2020-04-18,Ukraine,NA,Volyn,1038457,12,0,134,4
2020-04-19,Ukraine,NA,Volyn,1038457,16,0,150,4
2020-04-20,Ukraine,NA,Volyn,1038457,8,0,158,4
2020-04-21,Ukraine,NA,Volyn,1038457,16,0,174,4
2020-04-22,Ukraine,NA,Volyn,1038457,2,0,176,4
2020-04-23,Ukraine,NA,Volyn,1038457,12,0,188,4
2020-04-24,Ukraine,NA,Volyn,1038457,15,0,203,4
2020-04-25,Ukraine,NA,Volyn,1038457,9,1,212,5
2020-04-26,Ukraine,NA,Volyn,1038457,29,1,241,6
2020-04-27,Ukraine,NA,Volyn,1038457,13,0,254,6
2020-04-28,Ukraine,NA,Volyn,1038457,6,0,260,6
2020-04-29,Ukraine,NA,Volyn,1038457,11,0,271,6
2020-04-30,Ukraine,NA,Volyn,1038457,9,0,280,6
2020-05-01,Ukraine,NA,Volyn,1038457,27,0,307,6
2020-05-02,Ukraine,NA,Volyn,1038457,8,0,315,6
2020-05-03,Ukraine,NA,Volyn,1038457,9,0,324,6
2020-05-04,Ukraine,NA,Volyn,1038457,16,1,340,7
2020-05-05,Ukraine,NA,Volyn,1038457,3,0,343,7
2020-05-06,Ukraine,NA,Volyn,1038457,16,2,359,9
2020-05-07,Ukraine,NA,Volyn,1038457,34,0,393,9
2020-05-08,Ukraine,NA,Volyn,1038457,31,1,424,10
2020-05-09,Ukraine,NA,Volyn,1038457,21,0,445,10
2020-05-10,Ukraine,NA,Volyn,1038457,25,0,470,10
2020-05-11,Ukraine,NA,Volyn,1038457,12,1,482,11
2020-05-12,Ukraine,NA,Volyn,1038457,14,0,496,11
2020-05-13,Ukraine,NA,Volyn,1038457,14,1,510,12
2020-05-14,Ukraine,NA,Volyn,1038457,25,3,535,15
2020-05-15,Ukraine,NA,Volyn,1038457,47,1,582,16
2020-05-16,Ukraine,NA,Volyn,1038457,17,0,599,16
2020-05-17,Ukraine,NA,Volyn,1038457,16,0,615,16
2020-05-18,Ukraine,NA,Volyn,1038457,10,1,625,17
2020-05-19,Ukraine,NA,Volyn,1038457,10,0,635,17
2020-05-20,Ukraine,NA,Volyn,1038457,41,4,676,21
2020-05-21,Ukraine,NA,Volyn,1038457,22,0,698,21
2020-05-22,Ukraine,NA,Volyn,1038457,42,0,740,21
2020-05-23,Ukraine,NA,Volyn,1038457,19,1,759,22
2020-05-24,Ukraine,NA,Volyn,1038457,12,0,771,22
2020-05-25,Ukraine,NA,Volyn,1038457,12,1,783,23
2020-05-26,Ukraine,NA,Volyn,1038457,22,1,805,24
2020-05-27,Ukraine,NA,Volyn,1038457,9,0,814,24
2020-05-28,Ukraine,NA,Volyn,1038457,37,1,851,25
2020-05-29,Ukraine,NA,Volyn,1038457,12,0,863,25
2020-05-30,Ukraine,NA,Volyn,1038457,24,1,887,26
2020-05-31,Ukraine,NA,Volyn,1038457,21,0,908,26
2020-06-01,Ukraine,NA,Volyn,1038457,24,0,932,26
2020-06-02,Ukraine,NA,Volyn,1038457,10,0,942,26
2020-06-03,Ukraine,NA,Volyn,1038457,17,1,959,27
2020-06-04,Ukraine,NA,Volyn,1038457,27,2,986,29
2020-06-05,Ukraine,NA,Volyn,1038457,22,1,1008,30
2020-06-06,Ukraine,NA,Volyn,1038457,29,2,1037,32
2020-06-07,Ukraine,NA,Volyn,1038457,15,0,1052,32
2020-06-08,Ukraine,NA,Volyn,1038457,27,1,1079,33
2020-06-09,Ukraine,NA,Volyn,1038457,34,1,1113,34
2020-06-10,Ukraine,NA,Volyn,1038457,101,3,1214,37
2020-06-11,Ukraine,NA,Volyn,1038457,52,1,1266,38
2020-06-12,Ukraine,NA,Volyn,1038457,47,2,1313,40
2020-06-13,Ukraine,NA,Volyn,1038457,41,1,1354,41
2020-06-14,Ukraine,NA,Volyn,1038457,44,1,1398,42
2020-06-15,Ukraine,NA,Volyn,1038457,40,1,1438,43
2020-06-16,Ukraine,NA,Volyn,1038457,61,2,1499,45
2020-06-17,Ukraine,NA,Volyn,1038457,55,3,1554,48
2020-06-18,Ukraine,NA,Volyn,1038457,56,2,1610,50
2020-06-19,Ukraine,NA,Volyn,1038457,63,2,1673,52
2020-06-20,Ukraine,NA,Volyn,1038457,70,0,1743,52
2020-06-21,Ukraine,NA,Volyn,1038457,39,0,1782,52
2020-06-22,Ukraine,NA,Volyn,1038457,70,0,1852,52
2020-06-23,Ukraine,NA,Volyn,1038457,42,2,1894,54
2020-06-24,Ukraine,NA,Volyn,1038457,61,3,1955,57
2020-06-25,Ukraine,NA,Volyn,1038457,69,0,2024,57
2020-06-26,Ukraine,NA,Volyn,1038457,72,2,2096,59
2020-06-27,Ukraine,NA,Volyn,1038457,65,1,2161,60
2020-06-28,Ukraine,NA,Volyn,1038457,67,0,2228,60
2020-06-29,Ukraine,NA,Volyn,1038457,84,0,2312,60
2020-06-30,Ukraine,NA,Volyn,1038457,56,0,2368,60
2020-07-01,Ukraine,NA,Volyn,1038457,59,2,2427,62
2020-07-02,Ukraine,NA,Volyn,1038457,81,0,2508,62
2020-07-03,Ukraine,NA,Volyn,1038457,63,1,2571,63
2020-07-04,Ukraine,NA,Volyn,1038457,92,4,2663,67
2020-07-05,Ukraine,NA,Volyn,1038457,42,1,2705,68
2020-07-06,Ukraine,NA,Volyn,1038457,47,1,2752,69
2020-07-07,Ukraine,NA,Volyn,1038457,36,1,2788,70
2020-07-08,Ukraine,NA,Volyn,1038457,37,1,2825,71
2020-07-09,Ukraine,NA,Volyn,1038457,50,0,2875,71
2020-07-10,Ukraine,NA,Volyn,1038457,57,0,2932,71
2020-07-11,Ukraine,NA,Volyn,1038457,55,1,2987,72
2020-07-12,Ukraine,NA,Volyn,1038457,55,0,3042,72
2020-07-13,Ukraine,NA,Volyn,1038457,29,0,3071,72
2020-07-14,Ukraine,NA,Volyn,1038457,9,2,3080,74
2020-07-15,Ukraine,NA,Volyn,1038457,37,0,3117,74
2020-07-16,Ukraine,NA,Volyn,1038457,30,0,3147,74
2020-07-17,Ukraine,NA,Volyn,1038457,41,0,3188,74
2020-07-18,Ukraine,NA,Volyn,1038457,31,0,3219,74
2020-07-19,Ukraine,NA,Volyn,1038457,32,0,3251,74
2020-07-20,Ukraine,NA,Volyn,1038457,30,1,3281,75
2020-07-21,Ukraine,NA,Volyn,1038457,37,2,3318,77
2020-07-22,Ukraine,NA,Volyn,1038457,41,2,3359,79
2020-07-23,Ukraine,NA,Volyn,1038457,42,1,3401,80
2020-07-24,Ukraine,NA,Volyn,1038457,45,0,3446,80
2020-07-25,Ukraine,NA,Volyn,1038457,57,3,3503,83
2020-07-26,Ukraine,NA,Volyn,1038457,57,0,3560,83
2020-07-27,Ukraine,NA,Volyn,1038457,56,0,3616,83
2020-07-28,Ukraine,NA,Volyn,1038457,32,1,3648,84
2020-07-29,Ukraine,NA,Volyn,1038457,46,0,3694,84
2020-07-30,Ukraine,NA,Volyn,1038457,41,0,3735,84
2020-07-31,Ukraine,NA,Volyn,1038457,48,0,3783,84
2020-08-01,Ukraine,NA,Volyn,1038457,45,0,3828,84
2020-08-02,Ukraine,NA,Volyn,1038457,60,0,3888,84
2020-08-03,Ukraine,NA,Volyn,1038457,61,0,3949,84
2020-08-04,Ukraine,NA,Volyn,1038457,59,2,4008,86
2020-08-05,Ukraine,NA,Volyn,1038457,56,2,4064,88
2020-08-06,Ukraine,NA,Volyn,1038457,44,1,4108,89
2020-08-07,Ukraine,NA,Volyn,1038457,54,1,4162,90
2020-08-08,Ukraine,NA,Volyn,1038457,64,0,4226,90
2020-08-09,Ukraine,NA,Volyn,1038457,56,1,4282,91
2020-08-10,Ukraine,NA,Volyn,1038457,45,2,4327,93
2020-08-11,Ukraine,NA,Volyn,1038457,48,1,4375,94
2020-08-12,Ukraine,NA,Volyn,1038457,48,1,4423,95
2020-08-13,Ukraine,NA,Volyn,1038457,48,1,4471,96
2020-08-14,Ukraine,NA,Volyn,1038457,58,1,4529,97
2020-08-15,Ukraine,NA,Volyn,1038457,61,1,4590,98
2020-08-16,Ukraine,NA,Volyn,1038457,54,3,4644,101
2020-08-17,Ukraine,NA,Volyn,1038457,63,3,4707,104
2020-08-18,Ukraine,NA,Volyn,1038457,85,2,4792,106
2020-08-19,Ukraine,NA,Volyn,1038457,86,1,4878,107
2020-08-20,Ukraine,NA,Volyn,1038457,51,1,4929,108
2020-08-21,Ukraine,NA,Volyn,1038457,60,0,4989,108
2020-08-22,Ukraine,NA,Volyn,1038457,63,1,5052,109
2020-08-23,Ukraine,NA,Volyn,1038457,50,1,5102,110
2020-08-24,Ukraine,NA,Volyn,1038457,45,1,5147,111
2020-08-25,Ukraine,NA,Volyn,1038457,40,2,5187,113
2020-08-26,Ukraine,NA,Volyn,1038457,34,1,5221,114
2020-08-27,Ukraine,NA,Volyn,1038457,47,2,5268,116
2020-08-28,Ukraine,NA,Volyn,1038457,52,0,5320,116
2020-08-29,Ukraine,NA,Volyn,1038457,50,1,5370,117
2020-08-30,Ukraine,NA,Volyn,1038457,47,0,5417,117
2020-08-31,Ukraine,NA,Volyn,1038457,54,2,5471,119
2020-04-15,Ukraine,NA,Zakarpattia,1258155,11,0,110,4
2020-04-16,Ukraine,NA,Zakarpattia,1258155,6,0,116,4
2020-04-17,Ukraine,NA,Zakarpattia,1258155,34,0,150,4
2020-04-18,Ukraine,NA,Zakarpattia,1258155,16,0,166,4
2020-04-19,Ukraine,NA,Zakarpattia,1258155,16,2,182,6
2020-04-20,Ukraine,NA,Zakarpattia,1258155,14,0,196,6
2020-04-21,Ukraine,NA,Zakarpattia,1258155,9,0,205,6
2020-04-22,Ukraine,NA,Zakarpattia,1258155,13,0,218,6
2020-04-23,Ukraine,NA,Zakarpattia,1258155,12,0,230,6
2020-04-24,Ukraine,NA,Zakarpattia,1258155,30,0,260,6
2020-04-25,Ukraine,NA,Zakarpattia,1258155,26,1,286,7
2020-04-26,Ukraine,NA,Zakarpattia,1258155,43,0,329,7
2020-04-27,Ukraine,NA,Zakarpattia,1258155,46,0,375,7
2020-04-28,Ukraine,NA,Zakarpattia,1258155,12,2,387,9
2020-04-29,Ukraine,NA,Zakarpattia,1258155,16,0,403,9
2020-04-30,Ukraine,NA,Zakarpattia,1258155,16,0,419,9
2020-05-01,Ukraine,NA,Zakarpattia,1258155,13,0,432,9
2020-05-02,Ukraine,NA,Zakarpattia,1258155,64,0,496,9
2020-05-03,Ukraine,NA,Zakarpattia,1258155,12,1,508,10
2020-05-04,Ukraine,NA,Zakarpattia,1258155,23,0,531,10
2020-05-05,Ukraine,NA,Zakarpattia,1258155,15,2,546,12
2020-05-06,Ukraine,NA,Zakarpattia,1258155,26,1,572,13
2020-05-07,Ukraine,NA,Zakarpattia,1258155,28,0,600,13
2020-05-08,Ukraine,NA,Zakarpattia,1258155,44,1,644,14
2020-05-09,Ukraine,NA,Zakarpattia,1258155,34,1,678,15
2020-05-10,Ukraine,NA,Zakarpattia,1258155,17,1,695,16
2020-05-11,Ukraine,NA,Zakarpattia,1258155,35,1,730,17
2020-05-12,Ukraine,NA,Zakarpattia,1258155,18,1,748,18
2020-05-13,Ukraine,NA,Zakarpattia,1258155,16,0,764,18
2020-05-14,Ukraine,NA,Zakarpattia,1258155,27,1,791,19
2020-05-15,Ukraine,NA,Zakarpattia,1258155,25,2,816,21
2020-05-16,Ukraine,NA,Zakarpattia,1258155,42,1,858,22
2020-05-17,Ukraine,NA,Zakarpattia,1258155,27,2,885,24
2020-05-18,Ukraine,NA,Zakarpattia,1258155,16,0,901,24
2020-05-19,Ukraine,NA,Zakarpattia,1258155,10,0,911,24
2020-05-20,Ukraine,NA,Zakarpattia,1258155,11,0,922,24
2020-05-21,Ukraine,NA,Zakarpattia,1258155,42,0,964,24
2020-05-22,Ukraine,NA,Zakarpattia,1258155,39,0,1003,24
2020-05-23,Ukraine,NA,Zakarpattia,1258155,39,2,1042,26
2020-05-24,Ukraine,NA,Zakarpattia,1258155,19,0,1061,26
2020-05-25,Ukraine,NA,Zakarpattia,1258155,21,1,1082,27
2020-05-26,Ukraine,NA,Zakarpattia,1258155,10,0,1092,27
2020-05-27,Ukraine,NA,Zakarpattia,1258155,12,0,1104,27
2020-05-28,Ukraine,NA,Zakarpattia,1258155,20,0,1124,27
2020-05-29,Ukraine,NA,Zakarpattia,1258155,23,0,1147,27
2020-05-30,Ukraine,NA,Zakarpattia,1258155,24,1,1171,28
2020-05-31,Ukraine,NA,Zakarpattia,1258155,18,0,1189,28
2020-06-01,Ukraine,NA,Zakarpattia,1258155,17,0,1206,28
2020-06-02,Ukraine,NA,Zakarpattia,1258155,10,0,1216,28
2020-06-03,Ukraine,NA,Zakarpattia,1258155,20,0,1236,28
2020-06-04,Ukraine,NA,Zakarpattia,1258155,21,0,1257,28
2020-06-05,Ukraine,NA,Zakarpattia,1258155,23,0,1280,28
2020-06-06,Ukraine,NA,Zakarpattia,1258155,21,2,1301,30
2020-06-07,Ukraine,NA,Zakarpattia,1258155,21,0,1322,30
2020-06-08,Ukraine,NA,Zakarpattia,1258155,64,2,1386,32
2020-06-09,Ukraine,NA,Zakarpattia,1258155,39,0,1425,32
2020-06-10,Ukraine,NA,Zakarpattia,1258155,23,1,1448,33
2020-06-11,Ukraine,NA,Zakarpattia,1258155,23,2,1471,35
2020-06-12,Ukraine,NA,Zakarpattia,1258155,35,3,1506,38
2020-06-13,Ukraine,NA,Zakarpattia,1258155,77,1,1583,39
2020-06-14,Ukraine,NA,Zakarpattia,1258155,49,1,1632,40
2020-06-15,Ukraine,NA,Zakarpattia,1258155,48,2,1680,42
2020-06-16,Ukraine,NA,Zakarpattia,1258155,46,0,1726,42
2020-06-17,Ukraine,NA,Zakarpattia,1258155,82,4,1808,46
2020-06-18,Ukraine,NA,Zakarpattia,1258155,74,5,1882,51
2020-06-19,Ukraine,NA,Zakarpattia,1258155,78,2,1960,53
2020-06-20,Ukraine,NA,Zakarpattia,1258155,109,1,2069,54
2020-06-21,Ukraine,NA,Zakarpattia,1258155,80,0,2149,54
2020-06-22,Ukraine,NA,Zakarpattia,1258155,39,3,2188,57
2020-06-23,Ukraine,NA,Zakarpattia,1258155,103,4,2291,61
2020-06-24,Ukraine,NA,Zakarpattia,1258155,78,4,2369,65
2020-06-25,Ukraine,NA,Zakarpattia,1258155,85,5,2454,70
2020-06-26,Ukraine,NA,Zakarpattia,1258155,93,3,2547,73
2020-06-27,Ukraine,NA,Zakarpattia,1258155,93,9,2640,82
2020-06-28,Ukraine,NA,Zakarpattia,1258155,86,2,2726,84
2020-06-29,Ukraine,NA,Zakarpattia,1258155,66,3,2792,87
2020-06-30,Ukraine,NA,Zakarpattia,1258155,97,4,2889,91
2020-07-01,Ukraine,NA,Zakarpattia,1258155,72,4,2961,95
2020-07-02,Ukraine,NA,Zakarpattia,1258155,85,2,3046,97
2020-07-03,Ukraine,NA,Zakarpattia,1258155,80,5,3126,102
2020-07-04,Ukraine,NA,Zakarpattia,1258155,88,0,3214,102
2020-07-05,Ukraine,NA,Zakarpattia,1258155,107,6,3321,108
2020-07-06,Ukraine,NA,Zakarpattia,1258155,54,3,3375,111
2020-07-07,Ukraine,NA,Zakarpattia,1258155,83,6,3458,117
2020-07-08,Ukraine,NA,Zakarpattia,1258155,75,4,3533,121
2020-07-09,Ukraine,NA,Zakarpattia,1258155,89,5,3622,126
2020-07-10,Ukraine,NA,Zakarpattia,1258155,112,6,3734,132
2020-07-11,Ukraine,NA,Zakarpattia,1258155,108,6,3842,138
2020-07-12,Ukraine,NA,Zakarpattia,1258155,67,1,3909,139
2020-07-13,Ukraine,NA,Zakarpattia,1258155,79,0,3988,139
2020-07-14,Ukraine,NA,Zakarpattia,1258155,67,1,4055,140
2020-07-15,Ukraine,NA,Zakarpattia,1258155,57,2,4112,142
2020-07-16,Ukraine,NA,Zakarpattia,1258155,54,1,4166,143
2020-07-17,Ukraine,NA,Zakarpattia,1258155,63,2,4229,145
2020-07-18,Ukraine,NA,Zakarpattia,1258155,89,3,4318,148
2020-07-19,Ukraine,NA,Zakarpattia,1258155,36,4,4354,152
2020-07-20,Ukraine,NA,Zakarpattia,1258155,86,3,4440,155
2020-07-21,Ukraine,NA,Zakarpattia,1258155,78,5,4518,160
2020-07-22,Ukraine,NA,Zakarpattia,1258155,60,3,4578,163
2020-07-23,Ukraine,NA,Zakarpattia,1258155,63,3,4641,166
2020-07-24,Ukraine,NA,Zakarpattia,1258155,65,2,4706,168
2020-07-25,Ukraine,NA,Zakarpattia,1258155,68,2,4774,170
2020-07-26,Ukraine,NA,Zakarpattia,1258155,67,1,4841,171
2020-07-27,Ukraine,NA,Zakarpattia,1258155,33,1,4874,172
2020-07-28,Ukraine,NA,Zakarpattia,1258155,66,0,4940,172
2020-07-29,Ukraine,NA,Zakarpattia,1258155,68,4,5008,176
2020-07-30,Ukraine,NA,Zakarpattia,1258155,70,7,5078,183
2020-07-31,Ukraine,NA,Zakarpattia,1258155,68,9,5146,192
2020-08-01,Ukraine,NA,Zakarpattia,1258155,64,6,5210,198
2020-08-02,Ukraine,NA,Zakarpattia,1258155,57,3,5267,201
2020-08-03,Ukraine,NA,Zakarpattia,1258155,51,1,5318,202
2020-08-04,Ukraine,NA,Zakarpattia,1258155,66,4,5384,206
2020-08-05,Ukraine,NA,Zakarpattia,1258155,78,4,5462,210
2020-08-06,Ukraine,NA,Zakarpattia,1258155,77,2,5539,212
2020-08-07,Ukraine,NA,Zakarpattia,1258155,76,4,5615,216
2020-08-08,Ukraine,NA,Zakarpattia,1258155,82,2,5697,218
2020-08-09,Ukraine,NA,Zakarpattia,1258155,68,2,5765,220
2020-08-10,Ukraine,NA,Zakarpattia,1258155,44,2,5809,222
2020-08-11,Ukraine,NA,Zakarpattia,1258155,66,1,5875,223
2020-08-12,Ukraine,NA,Zakarpattia,1258155,71,3,5946,226
2020-08-13,Ukraine,NA,Zakarpattia,1258155,63,4,6009,230
2020-08-14,Ukraine,NA,Zakarpattia,1258155,71,0,6080,230
2020-08-15,Ukraine,NA,Zakarpattia,1258155,90,4,6170,234
2020-08-16,Ukraine,NA,Zakarpattia,1258155,76,3,6246,237
2020-08-17,Ukraine,NA,Zakarpattia,1258155,83,1,6329,238
2020-08-18,Ukraine,NA,Zakarpattia,1258155,106,1,6435,239
2020-08-19,Ukraine,NA,Zakarpattia,1258155,117,3,6552,242
2020-08-20,Ukraine,NA,Zakarpattia,1258155,110,1,6662,243
2020-08-21,Ukraine,NA,Zakarpattia,1258155,109,0,6771,243
2020-08-22,Ukraine,NA,Zakarpattia,1258155,114,3,6885,246
2020-08-23,Ukraine,NA,Zakarpattia,1258155,102,1,6987,247
2020-08-24,Ukraine,NA,Zakarpattia,1258155,39,0,7026,247
2020-08-25,Ukraine,NA,Zakarpattia,1258155,37,1,7063,248
2020-08-26,Ukraine,NA,Zakarpattia,1258155,80,1,7143,249
2020-08-27,Ukraine,NA,Zakarpattia,1258155,82,3,7225,252
2020-08-28,Ukraine,NA,Zakarpattia,1258155,77,2,7302,254
2020-08-29,Ukraine,NA,Zakarpattia,1258155,83,5,7385,259
2020-08-30,Ukraine,NA,Zakarpattia,1258155,71,0,7456,259
2020-08-31,Ukraine,NA,Zakarpattia,1258155,60,3,7516,262
2020-04-16,Ukraine,NA,Zaporizhzhya,1723171,16,0,115,2
2020-04-17,Ukraine,NA,Zaporizhzhya,1723171,3,0,118,2
2020-04-18,Ukraine,NA,Zaporizhzhya,1723171,9,0,127,2
2020-04-19,Ukraine,NA,Zaporizhzhya,1723171,4,0,131,2
2020-04-20,Ukraine,NA,Zaporizhzhya,1723171,3,0,134,2
2020-04-21,Ukraine,NA,Zaporizhzhya,1723171,3,1,137,3
2020-04-22,Ukraine,NA,Zaporizhzhya,1723171,4,0,141,3
2020-04-23,Ukraine,NA,Zaporizhzhya,1723171,5,1,146,4
2020-04-24,Ukraine,NA,Zaporizhzhya,1723171,17,0,163,4
2020-04-25,Ukraine,NA,Zaporizhzhya,1723171,8,0,171,4
2020-04-26,Ukraine,NA,Zaporizhzhya,1723171,11,0,182,4
2020-04-27,Ukraine,NA,Zaporizhzhya,1723171,22,1,204,5
2020-04-28,Ukraine,NA,Zaporizhzhya,1723171,4,0,208,5
2020-04-29,Ukraine,NA,Zaporizhzhya,1723171,20,0,228,5
2020-04-30,Ukraine,NA,Zaporizhzhya,1723171,15,0,243,5
2020-05-01,Ukraine,NA,Zaporizhzhya,1723171,17,0,260,5
2020-05-02,Ukraine,NA,Zaporizhzhya,1723171,7,0,267,5
2020-05-03,Ukraine,NA,Zaporizhzhya,1723171,8,0,275,5
2020-05-04,Ukraine,NA,Zaporizhzhya,1723171,10,0,285,5
2020-05-05,Ukraine,NA,Zaporizhzhya,1723171,2,0,287,5
2020-05-06,Ukraine,NA,Zaporizhzhya,1723171,11,0,298,5
2020-05-07,Ukraine,NA,Zaporizhzhya,1723171,2,0,300,5
2020-05-08,Ukraine,NA,Zaporizhzhya,1723171,12,2,312,7
2020-05-09,Ukraine,NA,Zaporizhzhya,1723171,8,0,320,7
2020-05-10,Ukraine,NA,Zaporizhzhya,1723171,8,0,328,7
2020-05-11,Ukraine,NA,Zaporizhzhya,1723171,1,0,329,7
2020-05-12,Ukraine,NA,Zaporizhzhya,1723171,2,1,331,8
2020-05-13,Ukraine,NA,Zaporizhzhya,1723171,0,0,331,8
2020-05-14,Ukraine,NA,Zaporizhzhya,1723171,16,0,347,8
2020-05-15,Ukraine,NA,Zaporizhzhya,1723171,9,0,356,8
2020-05-16,Ukraine,NA,Zaporizhzhya,1723171,9,0,365,8
2020-05-17,Ukraine,NA,Zaporizhzhya,1723171,13,0,378,8
2020-05-18,Ukraine,NA,Zaporizhzhya,1723171,4,1,382,9
2020-05-19,Ukraine,NA,Zaporizhzhya,1723171,3,0,385,9
2020-05-20,Ukraine,NA,Zaporizhzhya,1723171,0,0,385,9
2020-05-21,Ukraine,NA,Zaporizhzhya,1723171,13,2,398,11
2020-05-22,Ukraine,NA,Zaporizhzhya,1723171,3,0,401,11
2020-05-23,Ukraine,NA,Zaporizhzhya,1723171,2,1,403,12
2020-05-24,Ukraine,NA,Zaporizhzhya,1723171,7,0,410,12
2020-05-25,Ukraine,NA,Zaporizhzhya,1723171,5,0,415,12
2020-05-26,Ukraine,NA,Zaporizhzhya,1723171,1,0,416,12
2020-05-27,Ukraine,NA,Zaporizhzhya,1723171,4,1,420,13
2020-05-28,Ukraine,NA,Zaporizhzhya,1723171,5,0,425,13
2020-05-29,Ukraine,NA,Zaporizhzhya,1723171,6,0,431,13
2020-05-30,Ukraine,NA,Zaporizhzhya,1723171,9,0,440,13
2020-05-31,Ukraine,NA,Zaporizhzhya,1723171,4,0,444,13
2020-06-01,Ukraine,NA,Zaporizhzhya,1723171,3,0,447,13
2020-06-02,Ukraine,NA,Zaporizhzhya,1723171,3,0,450,13
2020-06-03,Ukraine,NA,Zaporizhzhya,1723171,13,0,463,13
2020-06-04,Ukraine,NA,Zaporizhzhya,1723171,6,1,469,14
2020-06-05,Ukraine,NA,Zaporizhzhya,1723171,8,0,477,14
2020-06-06,Ukraine,NA,Zaporizhzhya,1723171,11,0,488,14
2020-06-07,Ukraine,NA,Zaporizhzhya,1723171,7,0,495,14
2020-06-08,Ukraine,NA,Zaporizhzhya,1723171,1,0,496,14
2020-06-09,Ukraine,NA,Zaporizhzhya,1723171,3,0,499,14
2020-06-10,Ukraine,NA,Zaporizhzhya,1723171,3,1,502,15
2020-06-11,Ukraine,NA,Zaporizhzhya,1723171,8,0,510,15
2020-06-12,Ukraine,NA,Zaporizhzhya,1723171,5,0,515,15
2020-06-13,Ukraine,NA,Zaporizhzhya,1723171,6,1,521,16
2020-06-14,Ukraine,NA,Zaporizhzhya,1723171,6,0,527,16
2020-06-15,Ukraine,NA,Zaporizhzhya,1723171,2,0,529,16
2020-06-16,Ukraine,NA,Zaporizhzhya,1723171,2,0,531,16
2020-06-17,Ukraine,NA,Zaporizhzhya,1723171,7,0,538,16
2020-06-18,Ukraine,NA,Zaporizhzhya,1723171,3,0,541,16
2020-06-19,Ukraine,NA,Zaporizhzhya,1723171,6,0,547,16
2020-06-20,Ukraine,NA,Zaporizhzhya,1723171,4,0,551,16
2020-06-21,Ukraine,NA,Zaporizhzhya,1723171,3,0,554,16
2020-06-22,Ukraine,NA,Zaporizhzhya,1723171,1,0,555,16
2020-06-23,Ukraine,NA,Zaporizhzhya,1723171,0,1,555,17
2020-06-24,Ukraine,NA,Zaporizhzhya,1723171,4,0,559,17
2020-06-25,Ukraine,NA,Zaporizhzhya,1723171,2,0,561,17
2020-06-26,Ukraine,NA,Zaporizhzhya,1723171,0,0,561,17
2020-06-27,Ukraine,NA,Zaporizhzhya,1723171,4,0,565,17
2020-06-28,Ukraine,NA,Zaporizhzhya,1723171,3,0,568,17
2020-06-29,Ukraine,NA,Zaporizhzhya,1723171,2,0,570,17
2020-06-30,Ukraine,NA,Zaporizhzhya,1723171,2,0,572,17
2020-07-01,Ukraine,NA,Zaporizhzhya,1723171,0,0,572,17
2020-07-02,Ukraine,NA,Zaporizhzhya,1723171,4,0,576,17
2020-07-03,Ukraine,NA,Zaporizhzhya,1723171,3,0,579,17
2020-07-04,Ukraine,NA,Zaporizhzhya,1723171,9,0,588,17
2020-07-05,Ukraine,NA,Zaporizhzhya,1723171,9,0,597,17
2020-07-06,Ukraine,NA,Zaporizhzhya,1723171,0,0,597,17
2020-07-07,Ukraine,NA,Zaporizhzhya,1723171,1,1,598,18
2020-07-08,Ukraine,NA,Zaporizhzhya,1723171,1,0,599,18
2020-07-09,Ukraine,NA,Zaporizhzhya,1723171,6,1,605,19
2020-07-10,Ukraine,NA,Zaporizhzhya,1723171,5,0,610,19
2020-07-11,Ukraine,NA,Zaporizhzhya,1723171,2,1,612,20
2020-07-12,Ukraine,NA,Zaporizhzhya,1723171,9,0,621,20
2020-07-13,Ukraine,NA,Zaporizhzhya,1723171,1,0,622,20
2020-07-14,Ukraine,NA,Zaporizhzhya,1723171,0,0,622,20
2020-07-15,Ukraine,NA,Zaporizhzhya,1723171,9,0,631,20
2020-07-16,Ukraine,NA,Zaporizhzhya,1723171,11,0,642,20
2020-07-17,Ukraine,NA,Zaporizhzhya,1723171,16,0,658,20
2020-07-18,Ukraine,NA,Zaporizhzhya,1723171,7,0,665,20
2020-07-19,Ukraine,NA,Zaporizhzhya,1723171,4,0,669,20
2020-07-20,Ukraine,NA,Zaporizhzhya,1723171,9,0,678,20
2020-07-21,Ukraine,NA,Zaporizhzhya,1723171,4,1,682,21
2020-07-22,Ukraine,NA,Zaporizhzhya,1723171,9,0,691,21
2020-07-23,Ukraine,NA,Zaporizhzhya,1723171,9,0,700,21
2020-07-24,Ukraine,NA,Zaporizhzhya,1723171,12,0,712,21
2020-07-25,Ukraine,NA,Zaporizhzhya,1723171,13,0,725,21
2020-07-26,Ukraine,NA,Zaporizhzhya,1723171,9,0,734,21
2020-07-27,Ukraine,NA,Zaporizhzhya,1723171,16,0,750,21
2020-07-28,Ukraine,NA,Zaporizhzhya,1723171,3,0,753,21
2020-07-29,Ukraine,NA,Zaporizhzhya,1723171,14,0,767,21
2020-07-30,Ukraine,NA,Zaporizhzhya,1723171,12,0,779,21
2020-07-31,Ukraine,NA,Zaporizhzhya,1723171,11,0,790,21
2020-08-01,Ukraine,NA,Zaporizhzhya,1723171,10,0,800,21
2020-08-02,Ukraine,NA,Zaporizhzhya,1723171,23,0,823,21
2020-08-03,Ukraine,NA,Zaporizhzhya,1723171,23,0,846,21
2020-08-04,Ukraine,NA,Zaporizhzhya,1723171,5,0,851,21
2020-08-05,Ukraine,NA,Zaporizhzhya,1723171,20,0,871,21
2020-08-06,Ukraine,NA,Zaporizhzhya,1723171,19,0,890,21
2020-08-07,Ukraine,NA,Zaporizhzhya,1723171,5,0,895,21
2020-08-08,Ukraine,NA,Zaporizhzhya,1723171,24,0,919,21
2020-08-09,Ukraine,NA,Zaporizhzhya,1723171,18,1,937,22
2020-08-10,Ukraine,NA,Zaporizhzhya,1723171,16,0,953,22
2020-08-11,Ukraine,NA,Zaporizhzhya,1723171,6,0,959,22
2020-08-12,Ukraine,NA,Zaporizhzhya,1723171,12,0,971,22
2020-08-13,Ukraine,NA,Zaporizhzhya,1723171,39,1,1010,23
2020-08-14,Ukraine,NA,Zaporizhzhya,1723171,28,0,1038,23
2020-08-15,Ukraine,NA,Zaporizhzhya,1723171,14,0,1052,23
2020-08-16,Ukraine,NA,Zaporizhzhya,1723171,33,0,1085,23
2020-08-17,Ukraine,NA,Zaporizhzhya,1723171,33,0,1118,23
2020-08-18,Ukraine,NA,Zaporizhzhya,1723171,36,0,1154,23
2020-08-19,Ukraine,NA,Zaporizhzhya,1723171,25,1,1179,24
2020-08-20,Ukraine,NA,Zaporizhzhya,1723171,34,0,1213,24
2020-08-21,Ukraine,NA,Zaporizhzhya,1723171,21,0,1234,24
2020-08-22,Ukraine,NA,Zaporizhzhya,1723171,53,0,1287,24
2020-08-23,Ukraine,NA,Zaporizhzhya,1723171,44,0,1331,24
2020-08-24,Ukraine,NA,Zaporizhzhya,1723171,46,0,1377,24
2020-08-25,Ukraine,NA,Zaporizhzhya,1723171,30,0,1407,24
2020-08-26,Ukraine,NA,Zaporizhzhya,1723171,32,0,1439,24
2020-08-27,Ukraine,NA,Zaporizhzhya,1723171,15,1,1454,25
2020-08-28,Ukraine,NA,Zaporizhzhya,1723171,33,0,1487,25
2020-08-29,Ukraine,NA,Zaporizhzhya,1723171,33,0,1520,25
2020-08-30,Ukraine,NA,Zaporizhzhya,1723171,38,0,1558,25
2020-08-31,Ukraine,NA,Zaporizhzhya,1723171,38,0,1596,25
2020-04-14,Ukraine,NA,Zhytomyr,1231239,18,0,112,3
2020-04-15,Ukraine,NA,Zhytomyr,1231239,18,1,130,4
2020-04-16,Ukraine,NA,Zhytomyr,1231239,32,0,162,4
2020-04-17,Ukraine,NA,Zhytomyr,1231239,15,0,177,4
2020-04-18,Ukraine,NA,Zhytomyr,1231239,20,0,197,4
2020-04-19,Ukraine,NA,Zhytomyr,1231239,14,0,211,4
2020-04-20,Ukraine,NA,Zhytomyr,1231239,15,1,226,5
2020-04-21,Ukraine,NA,Zhytomyr,1231239,44,1,270,6
2020-04-22,Ukraine,NA,Zhytomyr,1231239,17,0,287,6
2020-04-23,Ukraine,NA,Zhytomyr,1231239,17,0,304,6
2020-04-24,Ukraine,NA,Zhytomyr,1231239,5,1,309,7
2020-04-25,Ukraine,NA,Zhytomyr,1231239,28,0,337,7
2020-04-26,Ukraine,NA,Zhytomyr,1231239,11,0,348,7
2020-04-27,Ukraine,NA,Zhytomyr,1231239,3,0,351,7
2020-04-28,Ukraine,NA,Zhytomyr,1231239,3,1,354,8
2020-04-29,Ukraine,NA,Zhytomyr,1231239,3,0,357,8
2020-04-30,Ukraine,NA,Zhytomyr,1231239,17,2,374,10
2020-05-01,Ukraine,NA,Zhytomyr,1231239,16,0,390,10
2020-05-02,Ukraine,NA,Zhytomyr,1231239,3,0,393,10
2020-05-03,Ukraine,NA,Zhytomyr,1231239,30,0,423,10
2020-05-04,Ukraine,NA,Zhytomyr,1231239,7,0,430,10
2020-05-05,Ukraine,NA,Zhytomyr,1231239,18,0,448,10
2020-05-06,Ukraine,NA,Zhytomyr,1231239,8,1,456,11
2020-05-07,Ukraine,NA,Zhytomyr,1231239,12,0,468,11
2020-05-08,Ukraine,NA,Zhytomyr,1231239,12,0,480,11
2020-05-09,Ukraine,NA,Zhytomyr,1231239,5,0,485,11
2020-05-10,Ukraine,NA,Zhytomyr,1231239,32,0,517,11
2020-05-11,Ukraine,NA,Zhytomyr,1231239,6,0,523,11
2020-05-12,Ukraine,NA,Zhytomyr,1231239,2,1,525,12
2020-05-13,Ukraine,NA,Zhytomyr,1231239,5,0,530,12
2020-05-14,Ukraine,NA,Zhytomyr,1231239,3,0,533,12
2020-05-15,Ukraine,NA,Zhytomyr,1231239,5,0,538,12
2020-05-16,Ukraine,NA,Zhytomyr,1231239,2,0,540,12
2020-05-17,Ukraine,NA,Zhytomyr,1231239,6,0,546,12
2020-05-18,Ukraine,NA,Zhytomyr,1231239,18,0,564,12
2020-05-19,Ukraine,NA,Zhytomyr,1231239,9,0,573,12
2020-05-20,Ukraine,NA,Zhytomyr,1231239,10,0,583,12
2020-05-21,Ukraine,NA,Zhytomyr,1231239,6,1,589,13
2020-05-22,Ukraine,NA,Zhytomyr,1231239,18,0,607,13
2020-05-23,Ukraine,NA,Zhytomyr,1231239,11,0,618,13
2020-05-24,Ukraine,NA,Zhytomyr,1231239,8,0,626,13
2020-05-25,Ukraine,NA,Zhytomyr,1231239,15,0,641,13
2020-05-26,Ukraine,NA,Zhytomyr,1231239,6,1,647,14
2020-05-27,Ukraine,NA,Zhytomyr,1231239,13,0,660,14
2020-05-28,Ukraine,NA,Zhytomyr,1231239,13,0,673,14
2020-05-29,Ukraine,NA,Zhytomyr,1231239,21,0,694,14
2020-05-30,Ukraine,NA,Zhytomyr,1231239,5,0,699,14
2020-05-31,Ukraine,NA,Zhytomyr,1231239,40,0,739,14
2020-06-01,Ukraine,NA,Zhytomyr,1231239,3,0,742,14
2020-06-02,Ukraine,NA,Zhytomyr,1231239,34,0,776,14
2020-06-03,Ukraine,NA,Zhytomyr,1231239,4,0,780,14
2020-06-04,Ukraine,NA,Zhytomyr,1231239,53,0,833,14
2020-06-05,Ukraine,NA,Zhytomyr,1231239,22,1,855,15
2020-06-06,Ukraine,NA,Zhytomyr,1231239,15,0,870,15
2020-06-07,Ukraine,NA,Zhytomyr,1231239,11,1,881,16
2020-06-08,Ukraine,NA,Zhytomyr,1231239,16,0,897,16
2020-06-09,Ukraine,NA,Zhytomyr,1231239,38,0,935,16
2020-06-10,Ukraine,NA,Zhytomyr,1231239,38,1,973,17
2020-06-11,Ukraine,NA,Zhytomyr,1231239,19,0,992,17
2020-06-12,Ukraine,NA,Zhytomyr,1231239,21,0,1013,17
2020-06-13,Ukraine,NA,Zhytomyr,1231239,19,0,1032,17
2020-06-14,Ukraine,NA,Zhytomyr,1231239,13,2,1045,19
2020-06-15,Ukraine,NA,Zhytomyr,1231239,42,0,1087,19
2020-06-16,Ukraine,NA,Zhytomyr,1231239,14,1,1101,20
2020-06-17,Ukraine,NA,Zhytomyr,1231239,46,1,1147,21
2020-06-18,Ukraine,NA,Zhytomyr,1231239,7,0,1154,21
2020-06-19,Ukraine,NA,Zhytomyr,1231239,47,0,1201,21
2020-06-20,Ukraine,NA,Zhytomyr,1231239,28,0,1229,21
2020-06-21,Ukraine,NA,Zhytomyr,1231239,28,0,1257,21
2020-06-22,Ukraine,NA,Zhytomyr,1231239,13,2,1270,23
2020-06-23,Ukraine,NA,Zhytomyr,1231239,25,1,1295,24
2020-06-24,Ukraine,NA,Zhytomyr,1231239,9,0,1304,24
2020-06-25,Ukraine,NA,Zhytomyr,1231239,33,2,1337,26
2020-06-26,Ukraine,NA,Zhytomyr,1231239,29,1,1366,27
2020-06-27,Ukraine,NA,Zhytomyr,1231239,5,0,1371,27
2020-06-28,Ukraine,NA,Zhytomyr,1231239,25,2,1396,29
2020-06-29,Ukraine,NA,Zhytomyr,1231239,8,0,1404,29
2020-06-30,Ukraine,NA,Zhytomyr,1231239,0,0,1404,29
2020-07-01,Ukraine,NA,Zhytomyr,1231239,4,0,1408,29
2020-07-02,Ukraine,NA,Zhytomyr,1231239,13,1,1421,30
2020-07-03,Ukraine,NA,Zhytomyr,1231239,14,0,1435,30
2020-07-04,Ukraine,NA,Zhytomyr,1231239,12,0,1447,30
2020-07-05,Ukraine,NA,Zhytomyr,1231239,14,0,1461,30
2020-07-06,Ukraine,NA,Zhytomyr,1231239,7,0,1468,30
2020-07-07,Ukraine,NA,Zhytomyr,1231239,1,0,1469,30
2020-07-08,Ukraine,NA,Zhytomyr,1231239,15,2,1484,32
2020-07-09,Ukraine,NA,Zhytomyr,1231239,16,0,1500,32
2020-07-10,Ukraine,NA,Zhytomyr,1231239,12,1,1512,33
2020-07-11,Ukraine,NA,Zhytomyr,1231239,9,1,1521,34
2020-07-12,Ukraine,NA,Zhytomyr,1231239,11,0,1532,34
2020-07-13,Ukraine,NA,Zhytomyr,1231239,10,0,1542,34
2020-07-14,Ukraine,NA,Zhytomyr,1231239,0,0,1542,34
2020-07-15,Ukraine,NA,Zhytomyr,1231239,8,0,1550,34
2020-07-16,Ukraine,NA,Zhytomyr,1231239,19,0,1569,34
2020-07-17,Ukraine,NA,Zhytomyr,1231239,11,0,1580,34
2020-07-18,Ukraine,NA,Zhytomyr,1231239,4,0,1584,34
2020-07-19,Ukraine,NA,Zhytomyr,1231239,9,0,1593,34
2020-07-20,Ukraine,NA,Zhytomyr,1231239,9,0,1602,34
2020-07-21,Ukraine,NA,Zhytomyr,1231239,7,1,1609,35
2020-07-22,Ukraine,NA,Zhytomyr,1231239,25,0,1634,35
2020-07-23,Ukraine,NA,Zhytomyr,1231239,20,0,1654,35
2020-07-24,Ukraine,NA,Zhytomyr,1231239,16,0,1670,35
2020-07-25,Ukraine,NA,Zhytomyr,1231239,21,0,1691,35
2020-07-26,Ukraine,NA,Zhytomyr,1231239,18,0,1709,35
2020-07-27,Ukraine,NA,Zhytomyr,1231239,14,0,1723,35
2020-07-28,Ukraine,NA,Zhytomyr,1231239,21,0,1744,35
2020-07-29,Ukraine,NA,Zhytomyr,1231239,20,1,1764,36
2020-07-30,Ukraine,NA,Zhytomyr,1231239,43,1,1807,37
2020-07-31,Ukraine,NA,Zhytomyr,1231239,43,0,1850,37
2020-08-01,Ukraine,NA,Zhytomyr,1231239,46,0,1896,37
2020-08-02,Ukraine,NA,Zhytomyr,1231239,25,1,1921,38
2020-08-03,Ukraine,NA,Zhytomyr,1231239,27,0,1948,38
2020-08-04,Ukraine,NA,Zhytomyr,1231239,19,0,1967,38
2020-08-05,Ukraine,NA,Zhytomyr,1231239,42,2,2009,40
2020-08-06,Ukraine,NA,Zhytomyr,1231239,27,0,2036,40
2020-08-07,Ukraine,NA,Zhytomyr,1231239,28,0,2064,40
2020-08-08,Ukraine,NA,Zhytomyr,1231239,37,1,2101,41
2020-08-09,Ukraine,NA,Zhytomyr,1231239,30,0,2131,41
2020-08-10,Ukraine,NA,Zhytomyr,1231239,23,2,2154,43
2020-08-11,Ukraine,NA,Zhytomyr,1231239,24,3,2178,46
2020-08-12,Ukraine,NA,Zhytomyr,1231239,37,2,2215,48
2020-08-13,Ukraine,NA,Zhytomyr,1231239,51,1,2266,49
2020-08-14,Ukraine,NA,Zhytomyr,1231239,67,0,2333,49
2020-08-15,Ukraine,NA,Zhytomyr,1231239,44,0,2377,49
2020-08-16,Ukraine,NA,Zhytomyr,1231239,53,2,2430,51
2020-08-17,Ukraine,NA,Zhytomyr,1231239,49,0,2479,51
2020-08-18,Ukraine,NA,Zhytomyr,1231239,18,1,2497,52
2020-08-19,Ukraine,NA,Zhytomyr,1231239,39,0,2536,52
2020-08-20,Ukraine,NA,Zhytomyr,1231239,61,3,2597,55
2020-08-21,Ukraine,NA,Zhytomyr,1231239,98,0,2695,55
2020-08-22,Ukraine,NA,Zhytomyr,1231239,39,2,2734,57
2020-08-23,Ukraine,NA,Zhytomyr,1231239,87,3,2821,60
2020-08-24,Ukraine,NA,Zhytomyr,1231239,43,0,2864,60
2020-08-25,Ukraine,NA,Zhytomyr,1231239,59,0,2923,60
2020-08-26,Ukraine,NA,Zhytomyr,1231239,36,0,2959,60
2020-08-27,Ukraine,NA,Zhytomyr,1231239,39,1,2998,61
2020-08-28,Ukraine,NA,Zhytomyr,1231239,65,0,3063,61
2020-08-29,Ukraine,NA,Zhytomyr,1231239,92,0,3155,61
2020-08-30,Ukraine,NA,Zhytomyr,1231239,58,4,3213,65
2020-08-31,Ukraine,NA,Zhytomyr,1231239,89,0,3302,65
2020-03-13,United Kingdom,NA,East Midlands,4533222,22,0,118,0
2020-03-14,United Kingdom,NA,East Midlands,4533222,19,0,137,0
2020-03-15,United Kingdom,NA,East Midlands,4533222,26,0,163,0
2020-03-16,United Kingdom,NA,East Midlands,4533222,34,0,197,0
2020-03-17,United Kingdom,NA,East Midlands,4533222,33,0,230,0
2020-03-18,United Kingdom,NA,East Midlands,4533222,49,0,279,0
2020-03-19,United Kingdom,NA,East Midlands,4533222,66,0,345,0
2020-03-20,United Kingdom,NA,East Midlands,4533222,53,0,398,0
2020-03-21,United Kingdom,NA,East Midlands,4533222,69,0,467,0
2020-03-22,United Kingdom,NA,East Midlands,4533222,99,0,566,0
2020-03-23,United Kingdom,NA,East Midlands,4533222,116,0,682,0
2020-03-24,United Kingdom,NA,East Midlands,4533222,136,0,818,0
2020-03-25,United Kingdom,NA,East Midlands,4533222,116,0,934,0
2020-03-26,United Kingdom,NA,East Midlands,4533222,154,0,1088,0
2020-03-27,United Kingdom,NA,East Midlands,4533222,137,0,1225,0
2020-03-28,United Kingdom,NA,East Midlands,4533222,159,0,1384,0
2020-03-29,United Kingdom,NA,East Midlands,4533222,129,0,1513,0
2020-03-30,United Kingdom,NA,East Midlands,4533222,207,0,1720,0
2020-03-31,United Kingdom,NA,East Midlands,4533222,277,0,1997,0
2020-04-01,United Kingdom,NA,East Midlands,4533222,296,0,2293,0
2020-04-02,United Kingdom,NA,East Midlands,4533222,213,0,2506,0
2020-04-03,United Kingdom,NA,East Midlands,4533222,259,0,2765,0
2020-04-04,United Kingdom,NA,East Midlands,4533222,189,0,2954,0
2020-04-05,United Kingdom,NA,East Midlands,4533222,148,0,3102,0
2020-04-06,United Kingdom,NA,East Midlands,4533222,215,0,3317,0
2020-04-07,United Kingdom,NA,East Midlands,4533222,227,0,3544,0
2020-04-08,United Kingdom,NA,East Midlands,4533222,188,0,3732,0
2020-04-09,United Kingdom,NA,East Midlands,4533222,233,0,3965,0
2020-04-10,United Kingdom,NA,East Midlands,4533222,173,0,4138,0
2020-04-11,United Kingdom,NA,East Midlands,4533222,174,0,4312,0
2020-04-12,United Kingdom,NA,East Midlands,4533222,214,0,4526,0
2020-04-13,United Kingdom,NA,East Midlands,4533222,172,0,4698,0
2020-04-14,United Kingdom,NA,East Midlands,4533222,210,0,4908,0
2020-04-15,United Kingdom,NA,East Midlands,4533222,218,0,5126,0
2020-04-16,United Kingdom,NA,East Midlands,4533222,267,0,5393,0
2020-04-17,United Kingdom,NA,East Midlands,4533222,256,0,5649,0
2020-04-18,United Kingdom,NA,East Midlands,4533222,195,0,5844,0
2020-04-19,United Kingdom,NA,East Midlands,4533222,246,0,6090,0
2020-04-20,United Kingdom,NA,East Midlands,4533222,187,0,6277,0
2020-04-21,United Kingdom,NA,East Midlands,4533222,219,0,6496,0
2020-04-22,United Kingdom,NA,East Midlands,4533222,334,0,6830,0
2020-04-23,United Kingdom,NA,East Midlands,4533222,272,0,7102,0
2020-04-24,United Kingdom,NA,East Midlands,4533222,298,0,7400,0
2020-04-25,United Kingdom,NA,East Midlands,4533222,245,0,7645,0
2020-04-26,United Kingdom,NA,East Midlands,4533222,243,0,7888,0
2020-04-27,United Kingdom,NA,East Midlands,4533222,319,0,8207,0
2020-04-28,United Kingdom,NA,East Midlands,4533222,272,0,8479,0
2020-04-29,United Kingdom,NA,East Midlands,4533222,378,0,8857,0
2020-04-30,United Kingdom,NA,East Midlands,4533222,294,0,9151,0
2020-05-01,United Kingdom,NA,East Midlands,4533222,294,0,9445,0
2020-05-02,United Kingdom,NA,East Midlands,4533222,198,0,9643,0
2020-05-03,United Kingdom,NA,East Midlands,4533222,169,0,9812,0
2020-05-04,United Kingdom,NA,East Midlands,4533222,235,0,10047,0
2020-05-05,United Kingdom,NA,East Midlands,4533222,284,0,10331,0
2020-05-06,United Kingdom,NA,East Midlands,4533222,334,0,10665,0
2020-05-07,United Kingdom,NA,East Midlands,4533222,313,0,10978,0
2020-05-08,United Kingdom,NA,East Midlands,4533222,268,0,11246,0
2020-05-09,United Kingdom,NA,East Midlands,4533222,176,0,11422,0
2020-05-10,United Kingdom,NA,East Midlands,4533222,198,0,11620,0
2020-05-11,United Kingdom,NA,East Midlands,4533222,308,0,11928,0
2020-05-12,United Kingdom,NA,East Midlands,4533222,320,0,12248,0
2020-05-13,United Kingdom,NA,East Midlands,4533222,298,0,12546,0
2020-05-14,United Kingdom,NA,East Midlands,4533222,226,0,12772,0
2020-05-15,United Kingdom,NA,East Midlands,4533222,252,0,13024,0
2020-05-16,United Kingdom,NA,East Midlands,4533222,257,0,13281,0
2020-05-17,United Kingdom,NA,East Midlands,4533222,202,0,13483,0
2020-05-18,United Kingdom,NA,East Midlands,4533222,271,0,13754,0
2020-05-19,United Kingdom,NA,East Midlands,4533222,293,0,14047,0
2020-05-20,United Kingdom,NA,East Midlands,4533222,274,0,14321,0
2020-05-21,United Kingdom,NA,East Midlands,4533222,281,0,14602,0
2020-05-22,United Kingdom,NA,East Midlands,4533222,240,0,14842,0
2020-05-23,United Kingdom,NA,East Midlands,4533222,164,0,15006,0
2020-05-24,United Kingdom,NA,East Midlands,4533222,145,0,15151,0
2020-05-25,United Kingdom,NA,East Midlands,4533222,192,0,15343,0
2020-05-26,United Kingdom,NA,East Midlands,4533222,160,0,15503,0
2020-05-27,United Kingdom,NA,East Midlands,4533222,197,0,15700,0
2020-05-28,United Kingdom,NA,East Midlands,4533222,191,0,15891,0
2020-05-29,United Kingdom,NA,East Midlands,4533222,170,0,16061,0
2020-05-30,United Kingdom,NA,East Midlands,4533222,139,0,16200,0
2020-05-31,United Kingdom,NA,East Midlands,4533222,149,0,16349,0
2020-06-01,United Kingdom,NA,East Midlands,4533222,217,0,16566,0
2020-06-02,United Kingdom,NA,East Midlands,4533222,219,0,16785,0
2020-06-03,United Kingdom,NA,East Midlands,4533222,171,0,16956,0
2020-06-04,United Kingdom,NA,East Midlands,4533222,143,0,17099,0
2020-06-05,United Kingdom,NA,East Midlands,4533222,153,0,17252,0
2020-06-06,United Kingdom,NA,East Midlands,4533222,105,0,17357,0
2020-06-07,United Kingdom,NA,East Midlands,4533222,128,0,17485,0
2020-06-08,United Kingdom,NA,East Midlands,4533222,174,0,17659,0
2020-06-09,United Kingdom,NA,East Midlands,4533222,177,0,17836,0
2020-06-10,United Kingdom,NA,East Midlands,4533222,166,0,18002,0
2020-06-11,United Kingdom,NA,East Midlands,4533222,182,0,18184,0
2020-06-12,United Kingdom,NA,East Midlands,4533222,174,0,18358,0
2020-06-13,United Kingdom,NA,East Midlands,4533222,133,0,18491,0
2020-06-14,United Kingdom,NA,East Midlands,4533222,145,0,18636,0
2020-06-15,United Kingdom,NA,East Midlands,4533222,165,0,18801,0
2020-06-16,United Kingdom,NA,East Midlands,4533222,161,0,18962,0
2020-06-17,United Kingdom,NA,East Midlands,4533222,164,0,19126,0
2020-06-18,United Kingdom,NA,East Midlands,4533222,169,0,19295,0
2020-06-19,United Kingdom,NA,East Midlands,4533222,153,0,19448,0
2020-06-20,United Kingdom,NA,East Midlands,4533222,145,0,19593,0
2020-06-21,United Kingdom,NA,East Midlands,4533222,131,0,19724,0
2020-06-22,United Kingdom,NA,East Midlands,4533222,177,0,19901,0
2020-06-23,United Kingdom,NA,East Midlands,4533222,169,0,20070,0
2020-06-24,United Kingdom,NA,East Midlands,4533222,173,0,20243,0
2020-06-25,United Kingdom,NA,East Midlands,4533222,126,0,20369,0
2020-06-26,United Kingdom,NA,East Midlands,4533222,114,0,20483,0
2020-06-27,United Kingdom,NA,East Midlands,4533222,87,0,20570,0
2020-06-28,United Kingdom,NA,East Midlands,4533222,78,0,20648,0
2020-06-29,United Kingdom,NA,East Midlands,4533222,129,0,20777,0
2020-06-30,United Kingdom,NA,East Midlands,4533222,129,0,20906,0
2020-07-01,United Kingdom,NA,East Midlands,4533222,120,0,21026,0
2020-07-02,United Kingdom,NA,East Midlands,4533222,105,0,21131,0
2020-07-03,United Kingdom,NA,East Midlands,4533222,108,0,21239,0
2020-07-04,United Kingdom,NA,East Midlands,4533222,85,0,21324,0
2020-07-05,United Kingdom,NA,East Midlands,4533222,127,0,21451,0
2020-07-06,United Kingdom,NA,East Midlands,4533222,139,0,21590,0
2020-07-07,United Kingdom,NA,East Midlands,4533222,108,0,21698,0
2020-07-08,United Kingdom,NA,East Midlands,4533222,110,0,21808,0
2020-07-09,United Kingdom,NA,East Midlands,4533222,95,0,21903,0
2020-07-10,United Kingdom,NA,East Midlands,4533222,99,0,22002,0
2020-07-11,United Kingdom,NA,East Midlands,4533222,94,0,22096,0
2020-07-12,United Kingdom,NA,East Midlands,4533222,46,0,22142,0
2020-07-13,United Kingdom,NA,East Midlands,4533222,105,0,22247,0
2020-07-14,United Kingdom,NA,East Midlands,4533222,89,0,22336,0
2020-07-15,United Kingdom,NA,East Midlands,4533222,113,0,22449,0
2020-07-16,United Kingdom,NA,East Midlands,4533222,92,0,22541,0
2020-07-17,United Kingdom,NA,East Midlands,4533222,80,0,22621,0
2020-07-18,United Kingdom,NA,East Midlands,4533222,63,0,22684,0
2020-07-19,United Kingdom,NA,East Midlands,4533222,48,0,22732,0
2020-07-20,United Kingdom,NA,East Midlands,4533222,82,0,22814,0
2020-07-21,United Kingdom,NA,East Midlands,4533222,68,0,22882,0
2020-07-22,United Kingdom,NA,East Midlands,4533222,88,0,22970,0
2020-07-23,United Kingdom,NA,East Midlands,4533222,94,0,23064,0
2020-07-24,United Kingdom,NA,East Midlands,4533222,82,0,23146,0
2020-07-25,United Kingdom,NA,East Midlands,4533222,44,0,23190,0
2020-07-26,United Kingdom,NA,East Midlands,4533222,38,0,23228,0
2020-07-27,United Kingdom,NA,East Midlands,4533222,92,0,23320,0
2020-07-28,United Kingdom,NA,East Midlands,4533222,76,0,23396,0
2020-07-29,United Kingdom,NA,East Midlands,4533222,108,0,23504,0
2020-07-30,United Kingdom,NA,East Midlands,4533222,109,0,23613,0
2020-07-31,United Kingdom,NA,East Midlands,4533222,75,0,23688,0
2020-08-01,United Kingdom,NA,East Midlands,4533222,69,0,23757,0
2020-08-02,United Kingdom,NA,East Midlands,4533222,53,0,23810,0
2020-08-03,United Kingdom,NA,East Midlands,4533222,107,0,23917,0
2020-08-04,United Kingdom,NA,East Midlands,4533222,88,0,24005,0
2020-08-05,United Kingdom,NA,East Midlands,4533222,115,0,24120,0
2020-08-06,United Kingdom,NA,East Midlands,4533222,113,0,24233,0
2020-08-07,United Kingdom,NA,East Midlands,4533222,90,0,24323,0
2020-08-08,United Kingdom,NA,East Midlands,4533222,72,0,24395,0
2020-08-09,United Kingdom,NA,East Midlands,4533222,72,0,24467,0
2020-08-10,United Kingdom,NA,East Midlands,4533222,210,0,24677,0
2020-08-11,United Kingdom,NA,East Midlands,4533222,176,0,24853,0
2020-08-12,United Kingdom,NA,East Midlands,4533222,119,0,24972,0
2020-08-13,United Kingdom,NA,East Midlands,4533222,109,0,25081,0
2020-08-14,United Kingdom,NA,East Midlands,4533222,87,0,25168,0
2020-08-15,United Kingdom,NA,East Midlands,4533222,55,0,25223,0
2020-08-16,United Kingdom,NA,East Midlands,4533222,58,0,25281,0
2020-08-17,United Kingdom,NA,East Midlands,4533222,137,0,25418,0
2020-08-18,United Kingdom,NA,East Midlands,4533222,76,0,25494,0
2020-08-19,United Kingdom,NA,East Midlands,4533222,101,0,25595,0
2020-08-20,United Kingdom,NA,East Midlands,4533222,100,0,25695,0
2020-08-21,United Kingdom,NA,East Midlands,4533222,99,0,25794,0
2020-08-22,United Kingdom,NA,East Midlands,4533222,50,0,25844,0
2020-08-23,United Kingdom,NA,East Midlands,4533222,52,0,25896,0
2020-08-24,United Kingdom,NA,East Midlands,4533222,83,0,25979,0
2020-08-25,United Kingdom,NA,East Midlands,4533222,71,0,26050,0
2020-08-26,United Kingdom,NA,East Midlands,4533222,83,0,26133,0
2020-08-27,United Kingdom,NA,East Midlands,4533222,63,0,26196,0
2020-08-28,United Kingdom,NA,East Midlands,4533222,82,0,26278,0
2020-08-29,United Kingdom,NA,East Midlands,4533222,38,0,26316,0
2020-08-30,United Kingdom,NA,East Midlands,4533222,1,0,26317,0
2020-03-13,United Kingdom,NA,East of England,5907300,37,0,119,0
2020-03-14,United Kingdom,NA,East of England,5907300,16,0,135,0
2020-03-15,United Kingdom,NA,East of England,5907300,35,0,170,0
2020-03-16,United Kingdom,NA,East of England,5907300,22,0,192,0
2020-03-17,United Kingdom,NA,East of England,5907300,38,0,230,0
2020-03-18,United Kingdom,NA,East of England,5907300,74,0,304,0
2020-03-19,United Kingdom,NA,East of England,5907300,56,0,360,0
2020-03-20,United Kingdom,NA,East of England,5907300,71,0,431,0
2020-03-21,United Kingdom,NA,East of England,5907300,77,0,508,0
2020-03-22,United Kingdom,NA,East of England,5907300,91,0,599,0
2020-03-23,United Kingdom,NA,East of England,5907300,196,0,795,0
2020-03-24,United Kingdom,NA,East of England,5907300,165,0,960,0
2020-03-25,United Kingdom,NA,East of England,5907300,188,0,1148,0
2020-03-26,United Kingdom,NA,East of England,5907300,215,0,1363,0
2020-03-27,United Kingdom,NA,East of England,5907300,244,0,1607,0
2020-03-28,United Kingdom,NA,East of England,5907300,183,0,1790,0
2020-03-29,United Kingdom,NA,East of England,5907300,209,0,1999,0
2020-03-30,United Kingdom,NA,East of England,5907300,300,0,2299,0
2020-03-31,United Kingdom,NA,East of England,5907300,322,0,2621,0
2020-04-01,United Kingdom,NA,East of England,5907300,333,0,2954,0
2020-04-02,United Kingdom,NA,East of England,5907300,372,0,3326,0
2020-04-03,United Kingdom,NA,East of England,5907300,352,0,3678,0
2020-04-04,United Kingdom,NA,East of England,5907300,269,0,3947,0
2020-04-05,United Kingdom,NA,East of England,5907300,281,0,4228,0
2020-04-06,United Kingdom,NA,East of England,5907300,385,0,4613,0
2020-04-07,United Kingdom,NA,East of England,5907300,389,0,5002,0
2020-04-08,United Kingdom,NA,East of England,5907300,409,0,5411,0
2020-04-09,United Kingdom,NA,East of England,5907300,323,0,5734,0
2020-04-10,United Kingdom,NA,East of England,5907300,319,0,6053,0
2020-04-11,United Kingdom,NA,East of England,5907300,271,0,6324,0
2020-04-12,United Kingdom,NA,East of England,5907300,259,0,6583,0
2020-04-13,United Kingdom,NA,East of England,5907300,292,0,6875,0
2020-04-14,United Kingdom,NA,East of England,5907300,289,0,7164,0
2020-04-15,United Kingdom,NA,East of England,5907300,296,0,7460,0
2020-04-16,United Kingdom,NA,East of England,5907300,337,0,7797,0
2020-04-17,United Kingdom,NA,East of England,5907300,365,0,8162,0
2020-04-18,United Kingdom,NA,East of England,5907300,329,0,8491,0
2020-04-19,United Kingdom,NA,East of England,5907300,316,0,8807,0
2020-04-20,United Kingdom,NA,East of England,5907300,364,0,9171,0
2020-04-21,United Kingdom,NA,East of England,5907300,407,0,9578,0
2020-04-22,United Kingdom,NA,East of England,5907300,522,0,10100,0
2020-04-23,United Kingdom,NA,East of England,5907300,475,0,10575,0
2020-04-24,United Kingdom,NA,East of England,5907300,423,0,10998,0
2020-04-25,United Kingdom,NA,East of England,5907300,377,0,11375,0
2020-04-26,United Kingdom,NA,East of England,5907300,357,0,11732,0
2020-04-27,United Kingdom,NA,East of England,5907300,511,0,12243,0
2020-04-28,United Kingdom,NA,East of England,5907300,464,0,12707,0
2020-04-29,United Kingdom,NA,East of England,5907300,474,0,13181,0
2020-04-30,United Kingdom,NA,East of England,5907300,424,0,13605,0
2020-05-01,United Kingdom,NA,East of England,5907300,495,0,14100,0
2020-05-02,United Kingdom,NA,East of England,5907300,302,0,14402,0
2020-05-03,United Kingdom,NA,East of England,5907300,317,0,14719,0
2020-05-04,United Kingdom,NA,East of England,5907300,392,0,15111,0
2020-05-05,United Kingdom,NA,East of England,5907300,332,0,15443,0
2020-05-06,United Kingdom,NA,East of England,5907300,388,0,15831,0
2020-05-07,United Kingdom,NA,East of England,5907300,396,0,16227,0
2020-05-08,United Kingdom,NA,East of England,5907300,229,0,16456,0
2020-05-09,United Kingdom,NA,East of England,5907300,202,0,16658,0
2020-05-10,United Kingdom,NA,East of England,5907300,208,0,16866,0
2020-05-11,United Kingdom,NA,East of England,5907300,390,0,17256,0
2020-05-12,United Kingdom,NA,East of England,5907300,315,0,17571,0
2020-05-13,United Kingdom,NA,East of England,5907300,329,0,17900,0
2020-05-14,United Kingdom,NA,East of England,5907300,217,0,18117,0
2020-05-15,United Kingdom,NA,East of England,5907300,211,0,18328,0
2020-05-16,United Kingdom,NA,East of England,5907300,175,0,18503,0
2020-05-17,United Kingdom,NA,East of England,5907300,153,0,18656,0
2020-05-18,United Kingdom,NA,East of England,5907300,283,0,18939,0
2020-05-19,United Kingdom,NA,East of England,5907300,254,0,19193,0
2020-05-20,United Kingdom,NA,East of England,5907300,244,0,19437,0
2020-05-21,United Kingdom,NA,East of England,5907300,246,0,19683,0
2020-05-22,United Kingdom,NA,East of England,5907300,190,0,19873,0
2020-05-23,United Kingdom,NA,East of England,5907300,150,0,20023,0
2020-05-24,United Kingdom,NA,East of England,5907300,102,0,20125,0
2020-05-25,United Kingdom,NA,East of England,5907300,147,0,20272,0
2020-05-26,United Kingdom,NA,East of England,5907300,150,0,20422,0
2020-05-27,United Kingdom,NA,East of England,5907300,149,0,20571,0
2020-05-28,United Kingdom,NA,East of England,5907300,163,0,20734,0
2020-05-29,United Kingdom,NA,East of England,5907300,160,0,20894,0
2020-05-30,United Kingdom,NA,East of England,5907300,83,0,20977,0
2020-05-31,United Kingdom,NA,East of England,5907300,61,0,21038,0
2020-06-01,United Kingdom,NA,East of England,5907300,139,0,21177,0
2020-06-02,United Kingdom,NA,East of England,5907300,131,0,21308,0
2020-06-03,United Kingdom,NA,East of England,5907300,123,0,21431,0
2020-06-04,United Kingdom,NA,East of England,5907300,93,0,21524,0
2020-06-05,United Kingdom,NA,East of England,5907300,109,0,21633,0
2020-06-06,United Kingdom,NA,East of England,5907300,93,0,21726,0
2020-06-07,United Kingdom,NA,East of England,5907300,46,0,21772,0
2020-06-08,United Kingdom,NA,East of England,5907300,95,0,21867,0
2020-06-09,United Kingdom,NA,East of England,5907300,130,0,21997,0
2020-06-10,United Kingdom,NA,East of England,5907300,118,0,22115,0
2020-06-11,United Kingdom,NA,East of England,5907300,71,0,22186,0
2020-06-12,United Kingdom,NA,East of England,5907300,66,0,22252,0
2020-06-13,United Kingdom,NA,East of England,5907300,89,0,22341,0
2020-06-14,United Kingdom,NA,East of England,5907300,73,0,22414,0
2020-06-15,United Kingdom,NA,East of England,5907300,112,0,22526,0
2020-06-16,United Kingdom,NA,East of England,5907300,107,0,22633,0
2020-06-17,United Kingdom,NA,East of England,5907300,77,0,22710,0
2020-06-18,United Kingdom,NA,East of England,5907300,82,0,22792,0
2020-06-19,United Kingdom,NA,East of England,5907300,74,0,22866,0
2020-06-20,United Kingdom,NA,East of England,5907300,31,0,22897,0
2020-06-21,United Kingdom,NA,East of England,5907300,57,0,22954,0
2020-06-22,United Kingdom,NA,East of England,5907300,74,0,23028,0
2020-06-23,United Kingdom,NA,East of England,5907300,44,0,23072,0
2020-06-24,United Kingdom,NA,East of England,5907300,60,0,23132,0
2020-06-25,United Kingdom,NA,East of England,5907300,39,0,23171,0
2020-06-26,United Kingdom,NA,East of England,5907300,59,0,23230,0
2020-06-27,United Kingdom,NA,East of England,5907300,20,0,23250,0
2020-06-28,United Kingdom,NA,East of England,5907300,25,0,23275,0
2020-06-29,United Kingdom,NA,East of England,5907300,50,0,23325,0
2020-06-30,United Kingdom,NA,East of England,5907300,34,0,23359,0
2020-07-01,United Kingdom,NA,East of England,5907300,39,0,23398,0
2020-07-02,United Kingdom,NA,East of England,5907300,62,0,23460,0
2020-07-03,United Kingdom,NA,East of England,5907300,60,0,23520,0
2020-07-04,United Kingdom,NA,East of England,5907300,43,0,23563,0
2020-07-05,United Kingdom,NA,East of England,5907300,36,0,23599,0
2020-07-06,United Kingdom,NA,East of England,5907300,56,0,23655,0
2020-07-07,United Kingdom,NA,East of England,5907300,38,0,23693,0
2020-07-08,United Kingdom,NA,East of England,5907300,76,0,23769,0
2020-07-09,United Kingdom,NA,East of England,5907300,55,0,23824,0
2020-07-10,United Kingdom,NA,East of England,5907300,50,0,23874,0
2020-07-11,United Kingdom,NA,East of England,5907300,42,0,23916,0
2020-07-12,United Kingdom,NA,East of England,5907300,34,0,23950,0
2020-07-13,United Kingdom,NA,East of England,5907300,64,0,24014,0
2020-07-14,United Kingdom,NA,East of England,5907300,81,0,24095,0
2020-07-15,United Kingdom,NA,East of England,5907300,55,0,24150,0
2020-07-16,United Kingdom,NA,East of England,5907300,62,0,24212,0
2020-07-17,United Kingdom,NA,East of England,5907300,51,0,24263,0
2020-07-18,United Kingdom,NA,East of England,5907300,28,0,24291,0
2020-07-19,United Kingdom,NA,East of England,5907300,21,0,24312,0
2020-07-20,United Kingdom,NA,East of England,5907300,81,0,24393,0
2020-07-21,United Kingdom,NA,East of England,5907300,66,0,24459,0
2020-07-22,United Kingdom,NA,East of England,5907300,54,0,24513,0
2020-07-23,United Kingdom,NA,East of England,5907300,51,0,24564,0
2020-07-24,United Kingdom,NA,East of England,5907300,79,0,24643,0
2020-07-25,United Kingdom,NA,East of England,5907300,28,0,24671,0
2020-07-26,United Kingdom,NA,East of England,5907300,28,0,24699,0
2020-07-27,United Kingdom,NA,East of England,5907300,65,0,24764,0
2020-07-28,United Kingdom,NA,East of England,5907300,56,0,24820,0
2020-07-29,United Kingdom,NA,East of England,5907300,66,0,24886,0
2020-07-30,United Kingdom,NA,East of England,5907300,52,0,24938,0
2020-07-31,United Kingdom,NA,East of England,5907300,31,0,24969,0
2020-08-01,United Kingdom,NA,East of England,5907300,22,0,24991,0
2020-08-02,United Kingdom,NA,East of England,5907300,36,0,25027,0
2020-08-03,United Kingdom,NA,East of England,5907300,68,0,25095,0
2020-08-04,United Kingdom,NA,East of England,5907300,55,0,25150,0
2020-08-05,United Kingdom,NA,East of England,5907300,53,0,25203,0
2020-08-06,United Kingdom,NA,East of England,5907300,44,0,25247,0
2020-08-07,United Kingdom,NA,East of England,5907300,70,0,25317,0
2020-08-08,United Kingdom,NA,East of England,5907300,44,0,25361,0
2020-08-09,United Kingdom,NA,East of England,5907300,23,0,25384,0
2020-08-10,United Kingdom,NA,East of England,5907300,67,0,25451,0
2020-08-11,United Kingdom,NA,East of England,5907300,44,0,25495,0
2020-08-12,United Kingdom,NA,East of England,5907300,65,0,25560,0
2020-08-13,United Kingdom,NA,East of England,5907300,61,0,25621,0
2020-08-14,United Kingdom,NA,East of England,5907300,67,0,25688,0
2020-08-15,United Kingdom,NA,East of England,5907300,30,0,25718,0
2020-08-16,United Kingdom,NA,East of England,5907300,27,0,25745,0
2020-08-17,United Kingdom,NA,East of England,5907300,62,0,25807,0
2020-08-18,United Kingdom,NA,East of England,5907300,59,0,25866,0
2020-08-19,United Kingdom,NA,East of England,5907300,63,0,25929,0
2020-08-20,United Kingdom,NA,East of England,5907300,81,0,26010,0
2020-08-21,United Kingdom,NA,East of England,5907300,63,0,26073,0
2020-08-22,United Kingdom,NA,East of England,5907300,48,0,26121,0
2020-08-23,United Kingdom,NA,East of England,5907300,52,0,26173,0
2020-08-24,United Kingdom,NA,East of England,5907300,100,0,26273,0
2020-08-25,United Kingdom,NA,East of England,5907300,99,0,26372,0
2020-08-26,United Kingdom,NA,East of England,5907300,82,0,26454,0
2020-08-27,United Kingdom,NA,East of England,5907300,90,0,26544,0
2020-08-28,United Kingdom,NA,East of England,5907300,69,0,26613,0
2020-08-29,United Kingdom,NA,East of England,5907300,68,0,26681,0
2020-03-02,United Kingdom,NA,England,53012456,39,0,104,0
2020-03-03,United Kingdom,NA,England,53012456,52,0,156,0
2020-03-04,United Kingdom,NA,England,53012456,49,0,205,0
2020-03-05,United Kingdom,NA,England,53012456,47,0,252,0
2020-03-06,United Kingdom,NA,England,53012456,73,1,325,1
2020-03-07,United Kingdom,NA,England,53012456,47,1,372,2
2020-03-08,United Kingdom,NA,England,53012456,50,0,422,2
2020-03-09,United Kingdom,NA,England,53012456,124,1,546,3
2020-03-10,United Kingdom,NA,England,53012456,223,4,769,7
2020-03-11,United Kingdom,NA,England,53012456,353,0,1122,7
2020-03-12,United Kingdom,NA,England,53012456,415,2,1537,9
2020-03-13,United Kingdom,NA,England,53012456,392,1,1929,10
2020-03-14,United Kingdom,NA,England,53012456,314,18,2243,28
2020-03-15,United Kingdom,NA,England,53012456,397,14,2640,42
2020-03-16,United Kingdom,NA,England,53012456,546,22,3186,64
2020-03-17,United Kingdom,NA,England,53012456,680,15,3866,79
2020-03-18,United Kingdom,NA,England,53012456,909,33,4775,112
2020-03-19,United Kingdom,NA,England,53012456,931,42,5706,154
2020-03-20,United Kingdom,NA,England,53012456,1080,32,6786,186
2020-03-21,United Kingdom,NA,England,53012456,1037,54,7823,240
2020-03-22,United Kingdom,NA,England,53012456,1210,24,9033,264
2020-03-23,United Kingdom,NA,England,53012456,2019,67,11052,331
2020-03-24,United Kingdom,NA,England,53012456,2027,143,13079,474
2020-03-25,United Kingdom,NA,England,53012456,2264,178,15343,652
2020-03-26,United Kingdom,NA,England,53012456,2611,169,17954,821
2020-03-27,United Kingdom,NA,England,53012456,2661,272,20615,1093
2020-03-28,United Kingdom,NA,England,53012456,2376,279,22991,1372
2020-03-29,United Kingdom,NA,England,53012456,2441,195,25432,1567
2020-03-30,United Kingdom,NA,England,53012456,3527,353,28959,1920
2020-03-31,United Kingdom,NA,England,53012456,3784,368,32743,2288
2020-04-01,United Kingdom,NA,England,53012456,4100,613,36843,2901
2020-04-02,United Kingdom,NA,England,53012456,4071,603,40914,3504
2020-04-03,United Kingdom,NA,England,53012456,4105,655,45019,4159
2020-04-04,United Kingdom,NA,England,53012456,3385,689,48404,4848
2020-04-05,United Kingdom,NA,England,53012456,3081,578,51485,5426
2020-04-06,United Kingdom,NA,England,53012456,4389,532,55874,5958
2020-04-07,United Kingdom,NA,England,53012456,4582,1010,60456,6968
2020-04-08,United Kingdom,NA,England,53012456,4302,924,64758,7892
2020-04-09,United Kingdom,NA,England,53012456,4061,994,68819,8886
2020-04-10,United Kingdom,NA,England,53012456,3580,1038,72399,9924
2020-04-11,United Kingdom,NA,England,53012456,3082,746,75481,10670
2020-04-12,United Kingdom,NA,England,53012456,2947,606,78428,11276
2020-04-13,United Kingdom,NA,England,53012456,3440,694,81868,11970
2020-04-14,United Kingdom,NA,England,53012456,3563,1013,85431,12983
2020-04-15,United Kingdom,NA,England,53012456,4234,732,89665,13715
2020-04-16,United Kingdom,NA,England,53012456,4366,907,94031,14622
2020-04-17,United Kingdom,NA,England,53012456,4083,827,98114,15449
2020-04-18,United Kingdom,NA,England,53012456,4126,1011,102240,16460
2020-04-19,United Kingdom,NA,England,53012456,3472,384,105712,16844
2020-04-20,United Kingdom,NA,England,53012456,3684,539,109396,17383
2020-04-21,United Kingdom,NA,England,53012456,3970,1123,113366,18506
2020-04-22,United Kingdom,NA,England,53012456,4796,739,118162,19245
2020-04-23,United Kingdom,NA,England,53012456,4570,603,122732,19848
2020-04-24,United Kingdom,NA,England,53012456,4366,825,127098,20673
2020-04-25,United Kingdom,NA,England,53012456,3372,741,130470,21414
2020-04-26,United Kingdom,NA,England,53012456,3138,343,133608,21757
2020-04-27,United Kingdom,NA,England,53012456,4031,307,137639,22064
2020-04-28,United Kingdom,NA,England,53012456,4120,871,141759,22935
2020-04-29,United Kingdom,NA,England,53012456,4744,632,146503,23567
2020-04-30,United Kingdom,NA,England,53012456,4316,560,150819,24127
2020-05-01,United Kingdom,NA,England,53012456,4096,654,154915,24781
2020-05-02,United Kingdom,NA,England,53012456,2740,519,157655,25300
2020-05-03,United Kingdom,NA,England,53012456,2634,246,160289,25546
2020-05-04,United Kingdom,NA,England,53012456,2845,257,163134,25803
2020-05-05,United Kingdom,NA,England,53012456,3144,657,166278,26460
2020-05-06,United Kingdom,NA,England,53012456,3269,570,169547,27030
2020-05-07,United Kingdom,NA,England,53012456,3202,425,172749,27455
2020-05-08,United Kingdom,NA,England,53012456,2621,536,175370,27991
2020-05-09,United Kingdom,NA,England,53012456,1793,283,177163,28274
2020-05-10,United Kingdom,NA,England,53012456,2009,217,179172,28491
2020-05-11,United Kingdom,NA,England,53012456,3068,191,182240,28682
2020-05-12,United Kingdom,NA,England,53012456,2927,606,185167,29288
2020-05-13,United Kingdom,NA,England,53012456,2881,415,188048,29703
2020-05-14,United Kingdom,NA,England,53012456,2209,355,190257,30058
2020-05-15,United Kingdom,NA,England,53012456,2128,336,192385,30394
2020-05-16,United Kingdom,NA,England,53012456,1772,401,194157,30795
2020-05-17,United Kingdom,NA,England,53012456,1591,113,195748,30908
2020-05-18,United Kingdom,NA,England,53012456,2218,144,197966,31052
2020-05-19,United Kingdom,NA,England,53012456,2584,523,200550,31575
2020-05-20,United Kingdom,NA,England,53012456,2353,319,202903,31894
2020-05-21,United Kingdom,NA,England,53012456,2275,274,205178,32168
2020-05-22,United Kingdom,NA,England,53012456,1800,307,206978,32475
2020-05-23,United Kingdom,NA,England,53012456,1299,250,208277,32725
2020-05-24,United Kingdom,NA,England,53012456,1198,417,209475,33142
2020-05-25,United Kingdom,NA,England,53012456,1381,105,210856,33247
2020-05-26,United Kingdom,NA,England,53012456,1464,117,212320,33364
2020-05-27,United Kingdom,NA,England,53012456,1615,414,213935,33778
2020-05-28,United Kingdom,NA,England,53012456,1573,387,215508,34165
2020-05-29,United Kingdom,NA,England,53012456,1372,349,216880,34514
2020-05-30,United Kingdom,NA,England,53012456,1000,198,217880,34712
2020-05-31,United Kingdom,NA,England,53012456,986,81,218866,34793
2020-06-01,United Kingdom,NA,England,53012456,1311,96,220177,34889
2020-06-02,United Kingdom,NA,England,53012456,1353,317,221530,35206
2020-06-03,United Kingdom,NA,England,53012456,1232,334,222762,35540
2020-06-04,United Kingdom,NA,England,53012456,1137,150,223899,35690
2020-06-05,United Kingdom,NA,England,53012456,1012,344,224911,36034
2020-06-06,United Kingdom,NA,England,53012456,717,182,225628,36216
2020-06-07,United Kingdom,NA,England,53012456,664,65,226292,36281
2020-06-08,United Kingdom,NA,England,53012456,993,52,227285,36333
2020-06-09,United Kingdom,NA,England,53012456,1057,280,228342,36613
2020-06-10,United Kingdom,NA,England,53012456,1085,234,229427,36847
2020-06-11,United Kingdom,NA,England,53012456,919,134,230346,36981
2020-06-12,United Kingdom,NA,England,53012456,938,188,231284,37169
2020-06-13,United Kingdom,NA,England,53012456,787,173,232071,37342
2020-06-14,United Kingdom,NA,England,53012456,747,26,232818,37368
2020-06-15,United Kingdom,NA,England,53012456,940,33,233758,37401
2020-06-16,United Kingdom,NA,England,53012456,992,228,234750,37629
2020-06-17,United Kingdom,NA,England,53012456,910,168,235660,37797
2020-06-18,United Kingdom,NA,England,53012456,944,122,236604,37919
2020-06-19,United Kingdom,NA,England,53012456,816,167,237420,38086
2020-06-20,United Kingdom,NA,England,53012456,629,122,238049,38208
2020-06-21,United Kingdom,NA,England,53012456,552,39,238601,38247
2020-06-22,United Kingdom,NA,England,53012456,815,14,239416,38261
2020-06-23,United Kingdom,NA,England,53012456,732,166,240148,38427
2020-06-24,United Kingdom,NA,England,53012456,729,141,240877,38568
2020-06-25,United Kingdom,NA,England,53012456,638,138,241515,38706
2020-06-26,United Kingdom,NA,England,53012456,645,182,242160,38888
2020-06-27,United Kingdom,NA,England,53012456,501,94,242661,38982
2020-06-28,United Kingdom,NA,England,53012456,411,33,243072,39015
2020-06-29,United Kingdom,NA,England,53012456,668,21,243740,39036
2020-06-30,United Kingdom,NA,England,53012456,572,151,244312,39187
2020-07-01,United Kingdom,NA,England,53012456,608,167,244920,39354
2020-07-02,United Kingdom,NA,England,53012456,560,80,245480,39434
2020-07-03,United Kingdom,NA,England,53012456,502,45,244412,45
2020-07-04,United Kingdom,NA,England,53012456,579,27,244991,72
2020-07-05,United Kingdom,NA,England,53012456,492,18,245483,90
2020-07-06,United Kingdom,NA,England,53012456,331,11,245814,101
2020-07-07,United Kingdom,NA,England,53012456,572,50,246386,151
2020-07-08,United Kingdom,NA,England,53012456,606,52,246992,203
2020-07-09,United Kingdom,NA,England,53012456,617,29,247609,232
2020-07-10,United Kingdom,NA,England,53012456,480,34,248089,266
2020-07-11,United Kingdom,NA,England,53012456,806,16,248895,282
2020-07-12,United Kingdom,NA,England,53012456,615,9,249510,291
2020-07-13,United Kingdom,NA,England,53012456,497,8,250007,299
2020-07-14,United Kingdom,NA,England,53012456,372,42,250379,341
2020-07-15,United Kingdom,NA,England,53012456,506,24,250885,365
2020-07-16,United Kingdom,NA,England,53012456,597,23,251482,388
2020-07-17,United Kingdom,NA,England,53012456,635,25,252117,413
2020-07-18,United Kingdom,NA,England,53012456,796,9,252913,422
2020-07-19,United Kingdom,NA,England,53012456,672,10,253585,432
2020-07-20,United Kingdom,NA,England,53012456,535,10,254120,442
2020-07-21,United Kingdom,NA,England,53012456,399,25,254519,467
2020-07-22,United Kingdom,NA,England,53012456,519,16,255038,483
2020-07-23,United Kingdom,NA,England,53012456,702,9,255740,492
2020-07-24,United Kingdom,NA,England,53012456,688,32,256428,524
2020-07-25,United Kingdom,NA,England,53012456,710,15,257138,539
2020-07-26,United Kingdom,NA,England,53012456,721,7,257859,546
2020-07-27,United Kingdom,NA,England,53012456,616,3,258475,549
2020-07-28,United Kingdom,NA,England,53012456,547,21,259022,570
2020-07-29,United Kingdom,NA,England,53012456,700,29,259722,599
2020-07-30,United Kingdom,NA,England,53012456,812,0,260534,599
2020-07-31,United Kingdom,NA,England,53012456,814,14,261348,613
2020-08-01,United Kingdom,NA,England,53012456,722,11,262070,624
2020-08-02,United Kingdom,NA,England,53012456,676,2,262746,626
2020-08-03,United Kingdom,NA,England,53012456,856,1,263602,627
2020-08-04,United Kingdom,NA,England,53012456,617,17,264219,644
2020-08-05,United Kingdom,NA,England,53012456,804,12,265023,656
2020-08-06,United Kingdom,NA,England,53012456,826,15,265849,671
2020-08-07,United Kingdom,NA,England,53012456,796,5,266645,676
2020-08-08,United Kingdom,NA,England,53012456,679,2,267324,678
2020-08-09,United Kingdom,NA,England,53012456,988,5,268312,683
2020-08-10,United Kingdom,NA,England,53012456,699,17,269011,700
2020-08-11,United Kingdom,NA,England,53012456,1035,11,270046,711
2020-08-12,United Kingdom,NA,England,53012456,925,15,270971,726
2020-08-13,United Kingdom,NA,England,53012456,1059,18,272030,744
2020-08-14,United Kingdom,NA,England,53012456,1284,10,273314,754
2020-08-15,United Kingdom,NA,England,53012456,934,2,274248,756
2020-08-16,United Kingdom,NA,England,53012456,952,3,275200,759
2020-08-17,United Kingdom,NA,England,53012456,634,3,275834,762
2020-08-18,United Kingdom,NA,England,53012456,975,11,276809,773
2020-08-19,United Kingdom,NA,England,53012456,707,15,277516,788
2020-08-20,United Kingdom,NA,England,53012456,1035,6,278551,794
2020-08-21,United Kingdom,NA,England,53012456,908,2,279459,796
2020-08-22,United Kingdom,NA,England,53012456,1060,17,280519,813
2020-08-23,United Kingdom,NA,England,53012456,938,4,281457,817
2020-08-24,United Kingdom,NA,England,53012456,758,3,282215,820
2020-08-25,United Kingdom,NA,England,53012456,1065,16,283280,836
2020-08-26,United Kingdom,NA,England,53012456,875,13,284155,849
2020-08-27,United Kingdom,NA,England,53012456,1350,10,285505,859
2020-08-28,United Kingdom,NA,England,53012456,1106,9,286611,868
2020-08-29,United Kingdom,NA,England,53012456,891,12,287502,880
2020-08-30,United Kingdom,NA,England,53012456,1487,1,288989,881
2020-08-31,United Kingdom,NA,England,53012456,1149,2,290138,883
2020-03-07,United Kingdom,NA,Greater London,8899375,14,0,104,0
2020-03-08,United Kingdom,NA,Greater London,8899375,22,0,126,0
2020-03-09,United Kingdom,NA,Greater London,8899375,54,0,180,0
2020-03-10,United Kingdom,NA,Greater London,8899375,91,0,271,0
2020-03-11,United Kingdom,NA,Greater London,8899375,183,0,454,0
2020-03-12,United Kingdom,NA,Greater London,8899375,165,0,619,0
2020-03-13,United Kingdom,NA,Greater London,8899375,136,0,755,0
2020-03-14,United Kingdom,NA,Greater London,8899375,149,0,904,0
2020-03-15,United Kingdom,NA,Greater London,8899375,165,0,1069,0
2020-03-16,United Kingdom,NA,Greater London,8899375,234,0,1303,0
2020-03-17,United Kingdom,NA,Greater London,8899375,310,0,1613,0
2020-03-18,United Kingdom,NA,Greater London,8899375,356,0,1969,0
2020-03-19,United Kingdom,NA,Greater London,8899375,333,0,2302,0
2020-03-20,United Kingdom,NA,Greater London,8899375,426,0,2728,0
2020-03-21,United Kingdom,NA,Greater London,8899375,351,0,3079,0
2020-03-22,United Kingdom,NA,Greater London,8899375,437,0,3516,0
2020-03-23,United Kingdom,NA,Greater London,8899375,689,0,4205,0
2020-03-24,United Kingdom,NA,Greater London,8899375,637,0,4842,0
2020-03-25,United Kingdom,NA,Greater London,8899375,759,0,5601,0
2020-03-26,United Kingdom,NA,Greater London,8899375,766,0,6367,0
2020-03-27,United Kingdom,NA,Greater London,8899375,822,0,7189,0
2020-03-28,United Kingdom,NA,Greater London,8899375,577,0,7766,0
2020-03-29,United Kingdom,NA,Greater London,8899375,596,0,8362,0
2020-03-30,United Kingdom,NA,Greater London,8899375,870,0,9232,0
2020-03-31,United Kingdom,NA,Greater London,8899375,936,0,10168,0
2020-04-01,United Kingdom,NA,Greater London,8899375,980,0,11148,0
2020-04-02,United Kingdom,NA,Greater London,8899375,1072,0,12220,0
2020-04-03,United Kingdom,NA,Greater London,8899375,982,0,13202,0
2020-04-04,United Kingdom,NA,Greater London,8899375,766,0,13968,0
2020-04-05,United Kingdom,NA,Greater London,8899375,635,0,14603,0
2020-04-06,United Kingdom,NA,Greater London,8899375,860,0,15463,0
2020-04-07,United Kingdom,NA,Greater London,8899375,953,0,16416,0
2020-04-08,United Kingdom,NA,Greater London,8899375,874,0,17290,0
2020-04-09,United Kingdom,NA,Greater London,8899375,799,0,18089,0
2020-04-10,United Kingdom,NA,Greater London,8899375,614,0,18703,0
2020-04-11,United Kingdom,NA,Greater London,8899375,521,0,19224,0
2020-04-12,United Kingdom,NA,Greater London,8899375,501,0,19725,0
2020-04-13,United Kingdom,NA,Greater London,8899375,601,0,20326,0
2020-04-14,United Kingdom,NA,Greater London,8899375,604,0,20930,0
2020-04-15,United Kingdom,NA,Greater London,8899375,660,0,21590,0
2020-04-16,United Kingdom,NA,Greater London,8899375,576,0,22166,0
2020-04-17,United Kingdom,NA,Greater London,8899375,578,0,22744,0
2020-04-18,United Kingdom,NA,Greater London,8899375,402,0,23146,0
2020-04-19,United Kingdom,NA,Greater London,8899375,396,0,23542,0
2020-04-20,United Kingdom,NA,Greater London,8899375,433,0,23975,0
2020-04-21,United Kingdom,NA,Greater London,8899375,466,0,24441,0
2020-04-22,United Kingdom,NA,Greater London,8899375,396,0,24837,0
2020-04-23,United Kingdom,NA,Greater London,8899375,523,0,25360,0
2020-04-24,United Kingdom,NA,Greater London,8899375,377,0,25737,0
2020-04-25,United Kingdom,NA,Greater London,8899375,333,0,26070,0
2020-04-26,United Kingdom,NA,Greater London,8899375,310,0,26380,0
2020-04-27,United Kingdom,NA,Greater London,8899375,417,0,26797,0
2020-04-28,United Kingdom,NA,Greater London,8899375,311,0,27108,0
2020-04-29,United Kingdom,NA,Greater London,8899375,431,0,27539,0
2020-04-30,United Kingdom,NA,Greater London,8899375,425,0,27964,0
2020-05-01,United Kingdom,NA,Greater London,8899375,356,0,28320,0
2020-05-02,United Kingdom,NA,Greater London,8899375,249,0,28569,0
2020-05-03,United Kingdom,NA,Greater London,8899375,166,0,28735,0
2020-05-04,United Kingdom,NA,Greater London,8899375,244,0,28979,0
2020-05-05,United Kingdom,NA,Greater London,8899375,221,0,29200,0
2020-05-06,United Kingdom,NA,Greater London,8899375,269,0,29469,0
2020-05-07,United Kingdom,NA,Greater London,8899375,271,0,29740,0
2020-05-08,United Kingdom,NA,Greater London,8899375,207,0,29947,0
2020-05-09,United Kingdom,NA,Greater London,8899375,127,0,30074,0
2020-05-10,United Kingdom,NA,Greater London,8899375,124,0,30198,0
2020-05-11,United Kingdom,NA,Greater London,8899375,159,0,30357,0
2020-05-12,United Kingdom,NA,Greater London,8899375,195,0,30552,0
2020-05-13,United Kingdom,NA,Greater London,8899375,204,0,30756,0
2020-05-14,United Kingdom,NA,Greater London,8899375,157,0,30913,0
2020-05-15,United Kingdom,NA,Greater London,8899375,131,0,31044,0
2020-05-16,United Kingdom,NA,Greater London,8899375,74,0,31118,0
2020-05-17,United Kingdom,NA,Greater London,8899375,79,0,31197,0
2020-05-18,United Kingdom,NA,Greater London,8899375,113,0,31310,0
2020-05-19,United Kingdom,NA,Greater London,8899375,132,0,31442,0
2020-05-20,United Kingdom,NA,Greater London,8899375,144,0,31586,0
2020-05-21,United Kingdom,NA,Greater London,8899375,158,0,31744,0
2020-05-22,United Kingdom,NA,Greater London,8899375,85,0,31829,0
2020-05-23,United Kingdom,NA,Greater London,8899375,65,0,31894,0
2020-05-24,United Kingdom,NA,Greater London,8899375,51,0,31945,0
2020-05-25,United Kingdom,NA,Greater London,8899375,58,0,32003,0
2020-05-26,United Kingdom,NA,Greater London,8899375,66,0,32069,0
2020-05-27,United Kingdom,NA,Greater London,8899375,84,0,32153,0
2020-05-28,United Kingdom,NA,Greater London,8899375,74,0,32227,0
2020-05-29,United Kingdom,NA,Greater London,8899375,57,0,32284,0
2020-05-30,United Kingdom,NA,Greater London,8899375,39,0,32323,0
2020-05-31,United Kingdom,NA,Greater London,8899375,38,0,32361,0
2020-06-01,United Kingdom,NA,Greater London,8899375,49,0,32410,0
2020-06-02,United Kingdom,NA,Greater London,8899375,49,0,32459,0
2020-06-03,United Kingdom,NA,Greater London,8899375,79,0,32538,0
2020-06-04,United Kingdom,NA,Greater London,8899375,57,0,32595,0
2020-06-05,United Kingdom,NA,Greater London,8899375,47,0,32642,0
2020-06-06,United Kingdom,NA,Greater London,8899375,46,0,32688,0
2020-06-07,United Kingdom,NA,Greater London,8899375,45,0,32733,0
2020-06-08,United Kingdom,NA,Greater London,8899375,56,0,32789,0
2020-06-09,United Kingdom,NA,Greater London,8899375,71,0,32860,0
2020-06-10,United Kingdom,NA,Greater London,8899375,53,0,32913,0
2020-06-11,United Kingdom,NA,Greater London,8899375,47,0,32960,0
2020-06-12,United Kingdom,NA,Greater London,8899375,54,0,33014,0
2020-06-13,United Kingdom,NA,Greater London,8899375,39,0,33053,0
2020-06-14,United Kingdom,NA,Greater London,8899375,31,0,33084,0
2020-06-15,United Kingdom,NA,Greater London,8899375,41,0,33125,0
2020-06-16,United Kingdom,NA,Greater London,8899375,47,0,33172,0
2020-06-17,United Kingdom,NA,Greater London,8899375,43,0,33215,0
2020-06-18,United Kingdom,NA,Greater London,8899375,46,0,33261,0
2020-06-19,United Kingdom,NA,Greater London,8899375,37,0,33298,0
2020-06-20,United Kingdom,NA,Greater London,8899375,28,0,33326,0
2020-06-21,United Kingdom,NA,Greater London,8899375,27,0,33353,0
2020-06-22,United Kingdom,NA,Greater London,8899375,51,0,33404,0
2020-06-23,United Kingdom,NA,Greater London,8899375,49,0,33453,0
2020-06-24,United Kingdom,NA,Greater London,8899375,46,0,33499,0
2020-06-25,United Kingdom,NA,Greater London,8899375,57,0,33556,0
2020-06-26,United Kingdom,NA,Greater London,8899375,48,0,33604,0
2020-06-27,United Kingdom,NA,Greater London,8899375,32,0,33636,0
2020-06-28,United Kingdom,NA,Greater London,8899375,22,0,33658,0
2020-06-29,United Kingdom,NA,Greater London,8899375,58,0,33716,0
2020-06-30,United Kingdom,NA,Greater London,8899375,52,0,33768,0
2020-07-01,United Kingdom,NA,Greater London,8899375,42,0,33810,0
2020-07-02,United Kingdom,NA,Greater London,8899375,38,0,33848,0
2020-07-03,United Kingdom,NA,Greater London,8899375,38,0,33886,0
2020-07-04,United Kingdom,NA,Greater London,8899375,32,0,33918,0
2020-07-05,United Kingdom,NA,Greater London,8899375,51,0,33969,0
2020-07-06,United Kingdom,NA,Greater London,8899375,53,0,34022,0
2020-07-07,United Kingdom,NA,Greater London,8899375,59,0,34081,0
2020-07-08,United Kingdom,NA,Greater London,8899375,57,0,34138,0
2020-07-09,United Kingdom,NA,Greater London,8899375,54,0,34192,0
2020-07-10,United Kingdom,NA,Greater London,8899375,40,0,34232,0
2020-07-11,United Kingdom,NA,Greater London,8899375,19,0,34251,0
2020-07-12,United Kingdom,NA,Greater London,8899375,38,0,34289,0
2020-07-13,United Kingdom,NA,Greater London,8899375,85,0,34374,0
2020-07-14,United Kingdom,NA,Greater London,8899375,62,0,34436,0
2020-07-15,United Kingdom,NA,Greater London,8899375,76,0,34512,0
2020-07-16,United Kingdom,NA,Greater London,8899375,70,0,34582,0
2020-07-17,United Kingdom,NA,Greater London,8899375,48,0,34630,0
2020-07-18,United Kingdom,NA,Greater London,8899375,48,0,34678,0
2020-07-19,United Kingdom,NA,Greater London,8899375,41,0,34719,0
2020-07-20,United Kingdom,NA,Greater London,8899375,97,0,34816,0
2020-07-21,United Kingdom,NA,Greater London,8899375,82,0,34898,0
2020-07-22,United Kingdom,NA,Greater London,8899375,80,0,34978,0
2020-07-23,United Kingdom,NA,Greater London,8899375,71,0,35049,0
2020-07-24,United Kingdom,NA,Greater London,8899375,80,0,35129,0
2020-07-25,United Kingdom,NA,Greater London,8899375,55,0,35184,0
2020-07-26,United Kingdom,NA,Greater London,8899375,65,0,35249,0
2020-07-27,United Kingdom,NA,Greater London,8899375,99,0,35348,0
2020-07-28,United Kingdom,NA,Greater London,8899375,98,0,35446,0
2020-07-29,United Kingdom,NA,Greater London,8899375,99,0,35545,0
2020-07-30,United Kingdom,NA,Greater London,8899375,101,0,35646,0
2020-07-31,United Kingdom,NA,Greater London,8899375,73,0,35719,0
2020-08-01,United Kingdom,NA,Greater London,8899375,58,0,35777,0
2020-08-02,United Kingdom,NA,Greater London,8899375,72,0,35849,0
2020-08-03,United Kingdom,NA,Greater London,8899375,87,0,35936,0
2020-08-04,United Kingdom,NA,Greater London,8899375,103,0,36039,0
2020-08-05,United Kingdom,NA,Greater London,8899375,115,0,36154,0
2020-08-06,United Kingdom,NA,Greater London,8899375,105,0,36259,0
2020-08-07,United Kingdom,NA,Greater London,8899375,119,0,36378,0
2020-08-08,United Kingdom,NA,Greater London,8899375,55,0,36433,0
2020-08-09,United Kingdom,NA,Greater London,8899375,67,0,36500,0
2020-08-10,United Kingdom,NA,Greater London,8899375,142,0,36642,0
2020-08-11,United Kingdom,NA,Greater London,8899375,149,0,36791,0
2020-08-12,United Kingdom,NA,Greater London,8899375,150,0,36941,0
2020-08-13,United Kingdom,NA,Greater London,8899375,124,0,37065,0
2020-08-14,United Kingdom,NA,Greater London,8899375,127,0,37192,0
2020-08-15,United Kingdom,NA,Greater London,8899375,105,0,37297,0
2020-08-16,United Kingdom,NA,Greater London,8899375,87,0,37384,0
2020-08-17,United Kingdom,NA,Greater London,8899375,190,0,37574,0
2020-08-18,United Kingdom,NA,Greater London,8899375,181,0,37755,0
2020-08-19,United Kingdom,NA,Greater London,8899375,152,0,37907,0
2020-08-20,United Kingdom,NA,Greater London,8899375,205,0,38112,0
2020-08-21,United Kingdom,NA,Greater London,8899375,164,0,38276,0
2020-08-22,United Kingdom,NA,Greater London,8899375,116,0,38392,0
2020-08-23,United Kingdom,NA,Greater London,8899375,144,0,38536,0
2020-08-24,United Kingdom,NA,Greater London,8899375,194,0,38730,0
2020-08-25,United Kingdom,NA,Greater London,8899375,163,0,38893,0
2020-08-26,United Kingdom,NA,Greater London,8899375,139,0,39032,0
2020-08-27,United Kingdom,NA,Greater London,8899375,152,0,39184,0
2020-08-28,United Kingdom,NA,Greater London,8899375,128,0,39312,0
2020-08-29,United Kingdom,NA,Greater London,8899375,102,0,39414,0
2020-08-30,United Kingdom,NA,Greater London,8899375,5,0,39419,0
2020-03-20,United Kingdom,NA,Northern Ireland,1852168,17,0,104,0
2020-03-21,United Kingdom,NA,Northern Ireland,1852168,22,1,126,3
2020-03-22,United Kingdom,NA,Northern Ireland,1852168,18,1,144,4
2020-03-23,United Kingdom,NA,Northern Ireland,1852168,42,5,186,9
2020-03-24,United Kingdom,NA,Northern Ireland,1852168,41,2,227,11
2020-03-25,United Kingdom,NA,Northern Ireland,1852168,58,4,285,15
2020-03-26,United Kingdom,NA,Northern Ireland,1852168,77,2,362,17
2020-03-27,United Kingdom,NA,Northern Ireland,1852168,73,3,435,20
2020-03-28,United Kingdom,NA,Northern Ireland,1852168,78,8,513,28
2020-03-29,United Kingdom,NA,Northern Ireland,1852168,61,4,574,32
2020-03-30,United Kingdom,NA,Northern Ireland,1852168,85,4,659,36
2020-03-31,United Kingdom,NA,Northern Ireland,1852168,113,5,772,41
2020-04-01,United Kingdom,NA,Northern Ireland,1852168,104,4,876,45
2020-04-02,United Kingdom,NA,Northern Ireland,1852168,105,10,981,55
2020-04-03,United Kingdom,NA,Northern Ireland,1852168,105,10,1086,65
2020-04-04,United Kingdom,NA,Northern Ireland,1852168,89,9,1175,74
2020-04-05,United Kingdom,NA,Northern Ireland,1852168,60,11,1235,85
2020-04-06,United Kingdom,NA,Northern Ireland,1852168,106,6,1341,91
2020-04-07,United Kingdom,NA,Northern Ireland,1852168,130,8,1471,99
2020-04-08,United Kingdom,NA,Northern Ireland,1852168,102,4,1573,103
2020-04-09,United Kingdom,NA,Northern Ireland,1852168,100,18,1673,121
2020-04-10,United Kingdom,NA,Northern Ireland,1852168,97,11,1770,132
2020-04-11,United Kingdom,NA,Northern Ireland,1852168,67,11,1837,143
2020-04-12,United Kingdom,NA,Northern Ireland,1852168,79,16,1916,159
2020-04-13,United Kingdom,NA,Northern Ireland,1852168,114,7,2030,166
2020-04-14,United Kingdom,NA,Northern Ireland,1852168,99,12,2129,178
2020-04-15,United Kingdom,NA,Northern Ireland,1852168,139,16,2268,194
2020-04-16,United Kingdom,NA,Northern Ireland,1852168,139,11,2407,205
2020-04-17,United Kingdom,NA,Northern Ireland,1852168,162,9,2569,214
2020-04-18,United Kingdom,NA,Northern Ireland,1852168,86,10,2655,224
2020-04-19,United Kingdom,NA,Northern Ireland,1852168,43,10,2698,234
2020-04-20,United Kingdom,NA,Northern Ireland,1852168,112,12,2810,246
2020-04-21,United Kingdom,NA,Northern Ireland,1852168,132,13,2942,259
2020-04-22,United Kingdom,NA,Northern Ireland,1852168,100,19,3042,278
2020-04-23,United Kingdom,NA,Northern Ireland,1852168,75,16,3117,294
2020-04-24,United Kingdom,NA,Northern Ireland,1852168,86,11,3203,305
2020-04-25,United Kingdom,NA,Northern Ireland,1852168,55,15,3258,320
2020-04-26,United Kingdom,NA,Northern Ireland,1852168,43,14,3301,334
2020-04-27,United Kingdom,NA,Northern Ireland,1852168,73,13,3374,347
2020-04-28,United Kingdom,NA,Northern Ireland,1852168,72,6,3446,353
2020-04-29,United Kingdom,NA,Northern Ireland,1852168,92,14,3538,367
2020-04-30,United Kingdom,NA,Northern Ireland,1852168,89,8,3627,375
2020-05-01,United Kingdom,NA,Northern Ireland,1852168,85,12,3712,387
2020-05-02,United Kingdom,NA,Northern Ireland,1852168,60,12,3772,399
2020-05-03,United Kingdom,NA,Northern Ireland,1852168,28,11,3800,410
2020-05-04,United Kingdom,NA,Northern Ireland,1852168,56,9,3856,419
2020-05-05,United Kingdom,NA,Northern Ireland,1852168,58,6,3914,425
2020-05-06,United Kingdom,NA,Northern Ireland,1852168,42,3,3956,428
2020-05-07,United Kingdom,NA,Northern Ireland,1852168,60,3,4016,431
2020-05-08,United Kingdom,NA,Northern Ireland,1852168,46,6,4062,437
2020-05-09,United Kingdom,NA,Northern Ireland,1852168,31,7,4093,444
2020-05-10,United Kingdom,NA,Northern Ireland,1852168,47,10,4140,454
2020-05-11,United Kingdom,NA,Northern Ireland,1852168,65,2,4205,456
2020-05-12,United Kingdom,NA,Northern Ireland,1852168,56,4,4261,460
2020-05-13,United Kingdom,NA,Northern Ireland,1852168,31,3,4292,463
2020-05-14,United Kingdom,NA,Northern Ireland,1852168,33,10,4325,473
2020-05-15,United Kingdom,NA,Northern Ireland,1852168,48,3,4373,476
2020-05-16,United Kingdom,NA,Northern Ireland,1852168,24,4,4397,480
2020-05-17,United Kingdom,NA,Northern Ireland,1852168,24,7,4421,487
2020-05-18,United Kingdom,NA,Northern Ireland,1852168,35,7,4456,494
2020-05-19,United Kingdom,NA,Northern Ireland,1852168,44,5,4500,499
2020-05-20,United Kingdom,NA,Northern Ireland,1852168,26,5,4526,504
2020-05-21,United Kingdom,NA,Northern Ireland,1852168,38,4,4564,508
2020-05-22,United Kingdom,NA,Northern Ireland,1852168,18,1,4582,509
2020-05-23,United Kingdom,NA,Northern Ireland,1852168,33,2,4615,511
2020-05-24,United Kingdom,NA,Northern Ireland,1852168,12,7,4627,518
2020-05-25,United Kingdom,NA,Northern Ireland,1852168,21,1,4648,519
2020-05-26,United Kingdom,NA,Northern Ireland,1852168,13,1,4661,520
2020-05-27,United Kingdom,NA,Northern Ireland,1852168,15,4,4676,524
2020-05-28,United Kingdom,NA,Northern Ireland,1852168,18,3,4694,527
2020-05-29,United Kingdom,NA,Northern Ireland,1852168,10,1,4704,528
2020-05-30,United Kingdom,NA,Northern Ireland,1852168,6,2,4710,530
2020-05-31,United Kingdom,NA,Northern Ireland,1852168,11,1,4721,531
2020-06-01,United Kingdom,NA,Northern Ireland,1852168,11,1,4732,532
2020-06-02,United Kingdom,NA,Northern Ireland,1852168,16,2,4748,534
2020-06-03,United Kingdom,NA,Northern Ireland,1852168,3,2,4751,536
2020-06-04,United Kingdom,NA,Northern Ireland,1852168,4,0,4755,0
2020-06-05,United Kingdom,NA,Northern Ireland,1852168,17,1,4772,537
2020-06-06,United Kingdom,NA,Northern Ireland,1852168,3,0,4775,537
2020-06-07,United Kingdom,NA,Northern Ireland,1852168,2,0,4777,537
2020-06-08,United Kingdom,NA,Northern Ireland,1852168,9,0,4786,537
2020-06-09,United Kingdom,NA,Northern Ireland,1852168,11,0,4797,537
2020-06-10,United Kingdom,NA,Northern Ireland,1852168,16,0,4813,537
2020-06-11,United Kingdom,NA,Northern Ireland,1852168,8,2,4821,539
2020-06-12,United Kingdom,NA,Northern Ireland,1852168,5,1,4826,540
2020-06-13,United Kingdom,NA,Northern Ireland,1852168,6,1,4832,541
2020-06-14,United Kingdom,NA,Northern Ireland,1852168,2,0,4834,541
2020-06-15,United Kingdom,NA,Northern Ireland,1852168,7,0,4841,541
2020-06-16,United Kingdom,NA,Northern Ireland,1852168,7,1,4848,542
2020-06-17,United Kingdom,NA,Northern Ireland,1852168,3,1,4851,543
2020-06-18,United Kingdom,NA,Northern Ireland,1852168,0,1,4851,544
2020-06-19,United Kingdom,NA,Northern Ireland,1852168,5,1,4856,545
2020-06-20,United Kingdom,NA,Northern Ireland,1852168,0,0,4856,545
2020-06-21,United Kingdom,NA,Northern Ireland,1852168,2,0,4858,545
2020-06-22,United Kingdom,NA,Northern Ireland,1852168,1,1,4859,546
2020-06-23,United Kingdom,NA,Northern Ireland,1852168,4,1,4863,547
2020-06-24,United Kingdom,NA,Northern Ireland,1852168,1,0,4864,547
2020-06-25,United Kingdom,NA,Northern Ireland,1852168,4,1,4868,548
2020-06-26,United Kingdom,NA,Northern Ireland,1852168,3,2,4871,550
2020-06-27,United Kingdom,NA,Northern Ireland,1852168,1,0,4872,549
2020-06-28,United Kingdom,NA,Northern Ireland,1852168,3,1,4875,550
2020-06-29,United Kingdom,NA,Northern Ireland,1852168,3,1,4878,551
2020-06-30,United Kingdom,NA,Northern Ireland,1852168,2,0,4880,551
2020-07-03,United Kingdom,NA,Northern Ireland,1852168,4,2,5747,2
2020-07-04,United Kingdom,NA,Northern Ireland,1852168,0,0,5747,2
2020-07-05,United Kingdom,NA,Northern Ireland,1852168,0,0,5747,2
2020-07-06,United Kingdom,NA,Northern Ireland,1852168,0,0,5756,2
2020-07-07,United Kingdom,NA,Northern Ireland,1852168,5,0,5761,2
2020-07-08,United Kingdom,NA,Northern Ireland,1852168,4,0,5765,2
2020-07-09,United Kingdom,NA,Northern Ireland,1852168,3,0,5768,2
2020-07-10,United Kingdom,NA,Northern Ireland,1852168,4,0,5772,2
2020-07-11,United Kingdom,NA,Northern Ireland,1852168,0,0,5772,2
2020-07-12,United Kingdom,NA,Northern Ireland,1852168,0,0,5772,2
2020-07-13,United Kingdom,NA,Northern Ireland,1852168,0,2,5788,4
2020-07-14,United Kingdom,NA,Northern Ireland,1852168,2,0,5790,4
2020-07-15,United Kingdom,NA,Northern Ireland,1852168,9,0,5799,4
2020-07-16,United Kingdom,NA,Northern Ireland,1852168,16,0,5815,4
2020-07-17,United Kingdom,NA,Northern Ireland,1852168,19,0,5834,4
2020-07-18,United Kingdom,NA,Northern Ireland,1852168,0,0,5834,4
2020-07-19,United Kingdom,NA,Northern Ireland,1852168,0,0,5834,4
2020-07-20,United Kingdom,NA,Northern Ireland,1852168,0,0,5857,4
2020-07-21,United Kingdom,NA,Northern Ireland,1852168,2,0,5859,4
2020-07-22,United Kingdom,NA,Northern Ireland,1852168,9,0,5868,4
2020-07-23,United Kingdom,NA,Northern Ireland,1852168,8,0,5876,4
2020-07-24,United Kingdom,NA,Northern Ireland,1852168,15,0,5891,4
2020-07-25,United Kingdom,NA,Northern Ireland,1852168,0,0,5891,4
2020-07-26,United Kingdom,NA,Northern Ireland,1852168,0,0,5891,4
2020-07-27,United Kingdom,NA,Northern Ireland,1852168,0,0,5912,4
2020-07-28,United Kingdom,NA,Northern Ireland,1852168,9,0,5921,4
2020-07-29,United Kingdom,NA,Northern Ireland,1852168,9,0,5930,4
2020-07-30,United Kingdom,NA,Northern Ireland,1852168,8,0,5938,4
2020-07-31,United Kingdom,NA,Northern Ireland,1852168,10,0,5948,4
2020-08-01,United Kingdom,NA,Northern Ireland,1852168,0,0,5948,4
2020-08-02,United Kingdom,NA,Northern Ireland,1852168,0,0,5948,4
2020-08-03,United Kingdom,NA,Northern Ireland,1852168,0,0,5988,4
2020-08-04,United Kingdom,NA,Northern Ireland,1852168,8,0,5996,4
2020-08-05,United Kingdom,NA,Northern Ireland,1852168,10,0,6006,4
2020-08-06,United Kingdom,NA,Northern Ireland,1852168,43,0,6049,4
2020-08-07,United Kingdom,NA,Northern Ireland,1852168,15,0,6064,4
2020-08-08,United Kingdom,NA,Northern Ireland,1852168,0,0,6064,4
2020-08-09,United Kingdom,NA,Northern Ireland,1852168,0,0,6064,4
2020-08-10,United Kingdom,NA,Northern Ireland,1852168,0,1,6140,5
2020-08-11,United Kingdom,NA,Northern Ireland,1852168,48,0,6188,5
2020-08-12,United Kingdom,NA,Northern Ireland,1852168,29,0,6217,5
2020-08-13,United Kingdom,NA,Northern Ireland,1852168,8,0,6225,5
2020-08-14,United Kingdom,NA,Northern Ireland,1852168,74,1,6299,6
2020-08-15,United Kingdom,NA,Northern Ireland,1852168,65,0,6364,6
2020-08-16,United Kingdom,NA,Northern Ireland,1852168,27,0,6391,6
2020-08-17,United Kingdom,NA,Northern Ireland,1852168,39,0,6430,6
2020-08-18,United Kingdom,NA,Northern Ireland,1852168,41,1,6471,7
2020-08-19,United Kingdom,NA,Northern Ireland,1852168,34,0,6505,7
2020-08-20,United Kingdom,NA,Northern Ireland,1852168,51,0,6556,7
2020-08-21,United Kingdom,NA,Northern Ireland,1852168,20,0,6576,7
2020-08-22,United Kingdom,NA,Northern Ireland,1852168,71,0,6647,7
2020-08-23,United Kingdom,NA,Northern Ireland,1852168,119,0,6766,7
2020-08-24,United Kingdom,NA,Northern Ireland,1852168,10,0,6776,7
2020-08-25,United Kingdom,NA,Northern Ireland,1852168,47,0,6823,7
2020-08-26,United Kingdom,NA,Northern Ireland,1852168,72,0,6895,7
2020-08-27,United Kingdom,NA,Northern Ireland,1852168,69,1,6964,8
2020-08-28,United Kingdom,NA,Northern Ireland,1852168,85,0,7049,8
2020-08-29,United Kingdom,NA,Northern Ireland,1852168,89,0,7138,8
2020-08-30,United Kingdom,NA,Northern Ireland,1852168,49,0,7187,8
2020-08-31,United Kingdom,NA,Northern Ireland,1852168,58,0,7245,8
2020-03-14,United Kingdom,NA,Scotland,5404700,36,0,121,1
2020-03-15,United Kingdom,NA,Scotland,5404700,32,0,153,1
2020-03-16,United Kingdom,NA,Scotland,5404700,18,0,171,1
2020-03-17,United Kingdom,NA,Scotland,5404700,24,1,195,2
2020-03-18,United Kingdom,NA,Scotland,5404700,32,1,227,3
2020-03-19,United Kingdom,NA,Scotland,5404700,39,3,266,6
2020-03-20,United Kingdom,NA,Scotland,5404700,56,0,322,6
2020-03-21,United Kingdom,NA,Scotland,5404700,51,1,373,7
2020-03-22,United Kingdom,NA,Scotland,5404700,43,3,416,10
2020-03-23,United Kingdom,NA,Scotland,5404700,83,4,499,14
2020-03-24,United Kingdom,NA,Scotland,5404700,85,2,584,16
2020-03-25,United Kingdom,NA,Scotland,5404700,135,6,719,22
2020-03-26,United Kingdom,NA,Scotland,5404700,175,3,894,25
2020-03-27,United Kingdom,NA,Scotland,5404700,165,8,1059,33
2020-03-28,United Kingdom,NA,Scotland,5404700,186,7,1245,40
2020-03-29,United Kingdom,NA,Scotland,5404700,139,1,1384,41
2020-03-30,United Kingdom,NA,Scotland,5404700,179,6,1563,47
2020-03-31,United Kingdom,NA,Scotland,5404700,430,22,1993,69
2020-04-01,United Kingdom,NA,Scotland,5404700,317,28,2310,97
2020-04-02,United Kingdom,NA,Scotland,5404700,292,29,2602,126
2020-04-03,United Kingdom,NA,Scotland,5404700,399,46,3001,172
2020-04-04,United Kingdom,NA,Scotland,5404700,344,46,3345,218
2020-04-05,United Kingdom,NA,Scotland,5404700,361,2,3706,220
2020-04-06,United Kingdom,NA,Scotland,5404700,255,2,3961,222
2020-04-07,United Kingdom,NA,Scotland,5404700,268,74,4229,296
2020-04-08,United Kingdom,NA,Scotland,5404700,336,70,4565,366
2020-04-09,United Kingdom,NA,Scotland,5404700,392,81,4957,447
2020-04-10,United Kingdom,NA,Scotland,5404700,318,48,5275,495
2020-04-11,United Kingdom,NA,Scotland,5404700,315,47,5590,542
2020-04-12,United Kingdom,NA,Scotland,5404700,322,24,5912,566
2020-04-13,United Kingdom,NA,Scotland,5404700,155,9,6067,575
2020-04-14,United Kingdom,NA,Scotland,5404700,291,40,6358,615
2020-04-15,United Kingdom,NA,Scotland,5404700,390,84,6748,699
2020-04-16,United Kingdom,NA,Scotland,5404700,354,80,7102,779
2020-04-17,United Kingdom,NA,Scotland,5404700,307,58,7409,837
2020-04-18,United Kingdom,NA,Scotland,5404700,411,56,7820,893
2020-04-19,United Kingdom,NA,Scotland,5404700,367,10,8187,903
2020-04-20,United Kingdom,NA,Scotland,5404700,263,12,8450,915
2020-04-21,United Kingdom,NA,Scotland,5404700,222,70,8672,985
2020-04-22,United Kingdom,NA,Scotland,5404700,366,77,9038,1062
2020-04-23,United Kingdom,NA,Scotland,5404700,371,58,9409,1120
2020-04-24,United Kingdom,NA,Scotland,5404700,288,64,9697,1184
2020-04-25,United Kingdom,NA,Scotland,5404700,354,47,10051,1231
2020-04-26,United Kingdom,NA,Scotland,5404700,273,18,10324,1249
2020-04-27,United Kingdom,NA,Scotland,5404700,197,13,10521,1262
2020-04-28,United Kingdom,NA,Scotland,5404700,200,70,10721,1332
2020-04-29,United Kingdom,NA,Scotland,5404700,313,83,11034,1415
2020-04-30,United Kingdom,NA,Scotland,5404700,319,60,11353,1475
2020-05-01,United Kingdom,NA,Scotland,5404700,301,40,11654,1515
2020-05-02,United Kingdom,NA,Scotland,5404700,273,44,11927,1559
2020-05-03,United Kingdom,NA,Scotland,5404700,170,12,12097,1571
2020-05-04,United Kingdom,NA,Scotland,5404700,169,5,12266,1576
2020-05-05,United Kingdom,NA,Scotland,5404700,171,44,12437,1620
2020-05-06,United Kingdom,NA,Scotland,5404700,272,83,12709,1703
2020-05-07,United Kingdom,NA,Scotland,5404700,215,59,12924,1762
2020-05-08,United Kingdom,NA,Scotland,5404700,225,49,13149,1811
2020-05-09,United Kingdom,NA,Scotland,5404700,156,36,13305,1847
2020-05-10,United Kingdom,NA,Scotland,5404700,181,10,13486,1857
2020-05-11,United Kingdom,NA,Scotland,5404700,141,5,13627,1862
2020-05-12,United Kingdom,NA,Scotland,5404700,136,50,13763,1912
2020-05-13,United Kingdom,NA,Scotland,5404700,166,61,13929,1973
2020-05-14,United Kingdom,NA,Scotland,5404700,188,34,14117,2007
2020-05-15,United Kingdom,NA,Scotland,5404700,143,46,14260,2053
2020-05-16,United Kingdom,NA,Scotland,5404700,187,41,14447,2094
2020-05-17,United Kingdom,NA,Scotland,5404700,90,9,14537,2103
2020-05-18,United Kingdom,NA,Scotland,5404700,57,2,14594,2105
2020-05-19,United Kingdom,NA,Scotland,5404700,61,29,14655,2134
2020-05-20,United Kingdom,NA,Scotland,5404700,96,50,14751,2184
2020-05-21,United Kingdom,NA,Scotland,5404700,105,37,14856,2221
2020-05-22,United Kingdom,NA,Scotland,5404700,113,24,14969,2245
2020-05-23,United Kingdom,NA,Scotland,5404700,72,16,15041,2261
2020-05-24,United Kingdom,NA,Scotland,5404700,60,9,15101,2270
2020-05-25,United Kingdom,NA,Scotland,5404700,55,3,15156,2273
2020-05-26,United Kingdom,NA,Scotland,5404700,29,18,15185,2291
2020-05-27,United Kingdom,NA,Scotland,5404700,55,13,15240,2304
2020-05-28,United Kingdom,NA,Scotland,5404700,48,12,15288,2316
2020-05-29,United Kingdom,NA,Scotland,5404700,39,15,15327,2331
2020-05-30,United Kingdom,NA,Scotland,5404700,55,22,15382,2353
2020-05-31,United Kingdom,NA,Scotland,5404700,18,9,15400,2362
2020-06-01,United Kingdom,NA,Scotland,5404700,18,1,15418,2363
2020-06-02,United Kingdom,NA,Scotland,5404700,53,12,15471,2375
2020-06-03,United Kingdom,NA,Scotland,5404700,33,11,15504,2386
2020-06-04,United Kingdom,NA,Scotland,5404700,49,9,15553,2395
2020-06-05,United Kingdom,NA,Scotland,5404700,29,14,15582,2409
2020-06-06,United Kingdom,NA,Scotland,5404700,21,6,15603,2415
2020-06-07,United Kingdom,NA,Scotland,5404700,18,0,15621,2415
2020-06-08,United Kingdom,NA,Scotland,5404700,18,0,15639,2415
2020-06-09,United Kingdom,NA,Scotland,5404700,14,7,15653,2422
2020-06-10,United Kingdom,NA,Scotland,5404700,12,12,15665,2434
2020-06-11,United Kingdom,NA,Scotland,5404700,17,5,15682,2439
2020-06-12,United Kingdom,NA,Scotland,5404700,27,3,15709,2442
2020-06-13,United Kingdom,NA,Scotland,5404700,21,5,15730,2447
2020-06-14,United Kingdom,NA,Scotland,5404700,25,1,15755,2448
2020-06-15,United Kingdom,NA,Scotland,5404700,2275,0,18030,2448
2020-06-16,United Kingdom,NA,Scotland,5404700,15,5,18045,2453
2020-06-17,United Kingdom,NA,Scotland,5404700,21,9,18066,2462
2020-06-18,United Kingdom,NA,Scotland,5404700,11,2,18077,2464
2020-06-19,United Kingdom,NA,Scotland,5404700,27,6,18104,2470
2020-06-20,United Kingdom,NA,Scotland,5404700,26,2,18130,2472
2020-06-21,United Kingdom,NA,Scotland,5404700,26,0,18156,2472
2020-06-22,United Kingdom,NA,Scotland,5404700,14,0,18170,2472
2020-06-23,United Kingdom,NA,Scotland,5404700,12,4,18182,2476
2020-06-24,United Kingdom,NA,Scotland,5404700,9,4,18191,2480
2020-06-25,United Kingdom,NA,Scotland,5404700,5,2,18196,2482
2020-06-26,United Kingdom,NA,Scotland,5404700,17,0,18213,2482
2020-06-27,United Kingdom,NA,Scotland,5404700,15,0,18228,2482
2020-06-28,United Kingdom,NA,Scotland,5404700,8,0,18236,2482
2020-06-29,United Kingdom,NA,Scotland,5404700,5,0,18241,2482
2020-06-30,United Kingdom,NA,Scotland,5404700,10,3,18251,2485
2020-07-01,United Kingdom,NA,Scotland,5404700,8,1,18259,2486
2020-07-02,United Kingdom,NA,Scotland,5404700,5,1,18264,2487
2020-07-03,United Kingdom,NA,Scotland,5404700,12,1,18276,1
2020-07-04,United Kingdom,NA,Scotland,5404700,11,0,18287,1
2020-07-05,United Kingdom,NA,Scotland,5404700,9,0,18296,1
2020-07-06,United Kingdom,NA,Scotland,5404700,4,0,18300,1
2020-07-07,United Kingdom,NA,Scotland,5404700,2,1,18302,2
2020-07-08,United Kingdom,NA,Scotland,5404700,7,1,18309,3
2020-07-09,United Kingdom,NA,Scotland,5404700,6,0,18315,3
2020-07-10,United Kingdom,NA,Scotland,5404700,18,0,18333,3
2020-07-11,United Kingdom,NA,Scotland,5404700,7,0,18340,3
2020-07-12,United Kingdom,NA,Scotland,5404700,19,0,18359,3
2020-07-13,United Kingdom,NA,Scotland,5404700,6,0,18365,3
2020-07-14,United Kingdom,NA,Scotland,5404700,3,0,18368,3
2020-07-15,United Kingdom,NA,Scotland,5404700,5,0,18373,3
2020-07-16,United Kingdom,NA,Scotland,5404700,11,1,18384,4
2020-07-17,United Kingdom,NA,Scotland,5404700,17,0,18401,4
2020-07-18,United Kingdom,NA,Scotland,5404700,21,0,18422,4
2020-07-19,United Kingdom,NA,Scotland,5404700,23,0,18445,4
2020-07-20,United Kingdom,NA,Scotland,5404700,7,0,18452,4
2020-07-21,United Kingdom,NA,Scotland,5404700,22,0,18474,4
2020-07-22,United Kingdom,NA,Scotland,5404700,10,0,18484,4
2020-07-23,United Kingdom,NA,Scotland,5404700,16,0,18500,4
2020-07-24,United Kingdom,NA,Scotland,5404700,20,0,18520,4
2020-07-25,United Kingdom,NA,Scotland,5404700,27,0,18547,4
2020-07-26,United Kingdom,NA,Scotland,5404700,4,0,18551,4
2020-07-27,United Kingdom,NA,Scotland,5404700,3,0,18554,4
2020-07-28,United Kingdom,NA,Scotland,5404700,4,0,18558,4
2020-07-29,United Kingdom,NA,Scotland,5404700,22,0,18580,4
2020-07-30,United Kingdom,NA,Scotland,5404700,17,0,18597,4
2020-07-31,United Kingdom,NA,Scotland,5404700,30,0,18627,4
2020-08-01,United Kingdom,NA,Scotland,5404700,18,0,18645,4
2020-08-02,United Kingdom,NA,Scotland,5404700,31,0,18676,4
2020-08-03,United Kingdom,NA,Scotland,5404700,18,0,18694,4
2020-08-04,United Kingdom,NA,Scotland,5404700,23,0,18717,4
2020-08-05,United Kingdom,NA,Scotland,5404700,64,0,18781,4
2020-08-06,United Kingdom,NA,Scotland,5404700,66,0,18847,4
2020-08-07,United Kingdom,NA,Scotland,5404700,43,0,18890,4
2020-08-08,United Kingdom,NA,Scotland,5404700,60,0,18950,4
2020-08-09,United Kingdom,NA,Scotland,5404700,48,0,18998,4
2020-08-10,United Kingdom,NA,Scotland,5404700,29,0,19027,4
2020-08-11,United Kingdom,NA,Scotland,5404700,52,0,19079,4
2020-08-12,United Kingdom,NA,Scotland,5404700,47,0,19126,4
2020-08-13,United Kingdom,NA,Scotland,5404700,47,0,19173,4
2020-08-14,United Kingdom,NA,Scotland,5404700,65,0,19238,4
2020-08-15,United Kingdom,NA,Scotland,5404700,51,0,19289,4
2020-08-16,United Kingdom,NA,Scotland,5404700,43,0,19332,4
2020-08-17,United Kingdom,NA,Scotland,5404700,26,0,19358,4
2020-08-18,United Kingdom,NA,Scotland,5404700,49,0,19407,4
2020-08-19,United Kingdom,NA,Scotland,5404700,50,1,19457,5
2020-08-20,United Kingdom,NA,Scotland,5404700,77,0,19534,5
2020-08-21,United Kingdom,NA,Scotland,5404700,71,0,19605,5
2020-08-22,United Kingdom,NA,Scotland,5404700,123,0,19728,5
2020-08-23,United Kingdom,NA,Scotland,5404700,83,0,19811,5
2020-08-24,United Kingdom,NA,Scotland,5404700,66,0,19877,5
2020-08-25,United Kingdom,NA,Scotland,5404700,44,0,19921,5
2020-08-26,United Kingdom,NA,Scotland,5404700,67,2,19988,7
2020-08-27,United Kingdom,NA,Scotland,5404700,68,0,20056,7
2020-08-28,United Kingdom,NA,Scotland,5404700,51,0,20107,7
2020-08-29,United Kingdom,NA,Scotland,5404700,88,0,20195,7
2020-08-30,United Kingdom,NA,Scotland,5404700,123,0,20318,7
2020-08-31,United Kingdom,NA,Scotland,5404700,160,0,20478,7
2020-03-10,United Kingdom,NA,South East,9180135,34,0,124,0
2020-03-11,United Kingdom,NA,South East,9180135,50,0,174,0
2020-03-12,United Kingdom,NA,South East,9180135,85,0,259,0
2020-03-13,United Kingdom,NA,South East,9180135,53,0,312,0
2020-03-14,United Kingdom,NA,South East,9180135,41,0,353,0
2020-03-15,United Kingdom,NA,South East,9180135,53,0,406,0
2020-03-16,United Kingdom,NA,South East,9180135,78,0,484,0
2020-03-17,United Kingdom,NA,South East,9180135,89,0,573,0
2020-03-18,United Kingdom,NA,South East,9180135,122,0,695,0
2020-03-19,United Kingdom,NA,South East,9180135,127,0,822,0
2020-03-20,United Kingdom,NA,South East,9180135,126,0,948,0
2020-03-21,United Kingdom,NA,South East,9180135,129,0,1077,0
2020-03-22,United Kingdom,NA,South East,9180135,169,0,1246,0
2020-03-23,United Kingdom,NA,South East,9180135,281,0,1527,0
2020-03-24,United Kingdom,NA,South East,9180135,235,0,1762,0
2020-03-25,United Kingdom,NA,South East,9180135,305,0,2067,0
2020-03-26,United Kingdom,NA,South East,9180135,320,0,2387,0
2020-03-27,United Kingdom,NA,South East,9180135,332,0,2719,0
2020-03-28,United Kingdom,NA,South East,9180135,339,0,3058,0
2020-03-29,United Kingdom,NA,South East,9180135,295,0,3353,0
2020-03-30,United Kingdom,NA,South East,9180135,476,0,3829,0
2020-03-31,United Kingdom,NA,South East,9180135,471,0,4300,0
2020-04-01,United Kingdom,NA,South East,9180135,547,0,4847,0
2020-04-02,United Kingdom,NA,South East,9180135,486,0,5333,0
2020-04-03,United Kingdom,NA,South East,9180135,521,0,5854,0
2020-04-04,United Kingdom,NA,South East,9180135,458,0,6312,0
2020-04-05,United Kingdom,NA,South East,9180135,424,0,6736,0
2020-04-06,United Kingdom,NA,South East,9180135,593,0,7329,0
2020-04-07,United Kingdom,NA,South East,9180135,717,0,8046,0
2020-04-08,United Kingdom,NA,South East,9180135,568,0,8614,0
2020-04-09,United Kingdom,NA,South East,9180135,525,0,9139,0
2020-04-10,United Kingdom,NA,South East,9180135,577,0,9716,0
2020-04-11,United Kingdom,NA,South East,9180135,383,0,10099,0
2020-04-12,United Kingdom,NA,South East,9180135,486,0,10585,0
2020-04-13,United Kingdom,NA,South East,9180135,577,0,11162,0
2020-04-14,United Kingdom,NA,South East,9180135,553,0,11715,0
2020-04-15,United Kingdom,NA,South East,9180135,711,0,12426,0
2020-04-16,United Kingdom,NA,South East,9180135,655,0,13081,0
2020-04-17,United Kingdom,NA,South East,9180135,706,0,13787,0
2020-04-18,United Kingdom,NA,South East,9180135,521,0,14308,0
2020-04-19,United Kingdom,NA,South East,9180135,414,0,14722,0
2020-04-20,United Kingdom,NA,South East,9180135,489,0,15211,0
2020-04-21,United Kingdom,NA,South East,9180135,632,0,15843,0
2020-04-22,United Kingdom,NA,South East,9180135,693,0,16536,0
2020-04-23,United Kingdom,NA,South East,9180135,684,0,17220,0
2020-04-24,United Kingdom,NA,South East,9180135,657,0,17877,0
2020-04-25,United Kingdom,NA,South East,9180135,518,0,18395,0
2020-04-26,United Kingdom,NA,South East,9180135,501,0,18896,0
2020-04-27,United Kingdom,NA,South East,9180135,555,0,19451,0
2020-04-28,United Kingdom,NA,South East,9180135,657,0,20108,0
2020-04-29,United Kingdom,NA,South East,9180135,691,0,20799,0
2020-04-30,United Kingdom,NA,South East,9180135,650,0,21449,0
2020-05-01,United Kingdom,NA,South East,9180135,521,0,21970,0
2020-05-02,United Kingdom,NA,South East,9180135,414,0,22384,0
2020-05-03,United Kingdom,NA,South East,9180135,368,0,22752,0
2020-05-04,United Kingdom,NA,South East,9180135,489,0,23241,0
2020-05-05,United Kingdom,NA,South East,9180135,473,0,23714,0
2020-05-06,United Kingdom,NA,South East,9180135,444,0,24158,0
2020-05-07,United Kingdom,NA,South East,9180135,418,0,24576,0
2020-05-08,United Kingdom,NA,South East,9180135,354,0,24930,0
2020-05-09,United Kingdom,NA,South East,9180135,248,0,25178,0
2020-05-10,United Kingdom,NA,South East,9180135,310,0,25488,0
2020-05-11,United Kingdom,NA,South East,9180135,481,0,25969,0
2020-05-12,United Kingdom,NA,South East,9180135,412,0,26381,0
2020-05-13,United Kingdom,NA,South East,9180135,484,0,26865,0
2020-05-14,United Kingdom,NA,South East,9180135,295,0,27160,0
2020-05-15,United Kingdom,NA,South East,9180135,262,0,27422,0
2020-05-16,United Kingdom,NA,South East,9180135,193,0,27615,0
2020-05-17,United Kingdom,NA,South East,9180135,223,0,27838,0
2020-05-18,United Kingdom,NA,South East,9180135,362,0,28200,0
2020-05-19,United Kingdom,NA,South East,9180135,385,0,28585,0
2020-05-20,United Kingdom,NA,South East,9180135,343,0,28928,0
2020-05-21,United Kingdom,NA,South East,9180135,303,0,29231,0
2020-05-22,United Kingdom,NA,South East,9180135,246,0,29477,0
2020-05-23,United Kingdom,NA,South East,9180135,120,0,29597,0
2020-05-24,United Kingdom,NA,South East,9180135,150,0,29747,0
2020-05-25,United Kingdom,NA,South East,9180135,187,0,29934,0
2020-05-26,United Kingdom,NA,South East,9180135,180,0,30114,0
2020-05-27,United Kingdom,NA,South East,9180135,201,0,30315,0
2020-05-28,United Kingdom,NA,South East,9180135,202,0,30517,0
2020-05-29,United Kingdom,NA,South East,9180135,163,0,30680,0
2020-05-30,United Kingdom,NA,South East,9180135,131,0,30811,0
2020-05-31,United Kingdom,NA,South East,9180135,134,0,30945,0
2020-06-01,United Kingdom,NA,South East,9180135,185,0,31130,0
2020-06-02,United Kingdom,NA,South East,9180135,221,0,31351,0
2020-06-03,United Kingdom,NA,South East,9180135,137,0,31488,0
2020-06-04,United Kingdom,NA,South East,9180135,160,0,31648,0
2020-06-05,United Kingdom,NA,South East,9180135,139,0,31787,0
2020-06-06,United Kingdom,NA,South East,9180135,85,0,31872,0
2020-06-07,United Kingdom,NA,South East,9180135,61,0,31933,0
2020-06-08,United Kingdom,NA,South East,9180135,122,0,32055,0
2020-06-09,United Kingdom,NA,South East,9180135,112,0,32167,0
2020-06-10,United Kingdom,NA,South East,9180135,127,0,32294,0
2020-06-11,United Kingdom,NA,South East,9180135,94,0,32388,0
2020-06-12,United Kingdom,NA,South East,9180135,86,0,32474,0
2020-06-13,United Kingdom,NA,South East,9180135,66,0,32540,0
2020-06-14,United Kingdom,NA,South East,9180135,72,0,32612,0
2020-06-15,United Kingdom,NA,South East,9180135,99,0,32711,0
2020-06-16,United Kingdom,NA,South East,9180135,96,0,32807,0
2020-06-17,United Kingdom,NA,South East,9180135,81,0,32888,0
2020-06-18,United Kingdom,NA,South East,9180135,75,0,32963,0
2020-06-19,United Kingdom,NA,South East,9180135,80,0,33043,0
2020-06-20,United Kingdom,NA,South East,9180135,66,0,33109,0
2020-06-21,United Kingdom,NA,South East,9180135,67,0,33176,0
2020-06-22,United Kingdom,NA,South East,9180135,77,0,33253,0
2020-06-23,United Kingdom,NA,South East,9180135,60,0,33313,0
2020-06-24,United Kingdom,NA,South East,9180135,44,0,33357,0
2020-06-25,United Kingdom,NA,South East,9180135,65,0,33422,0
2020-06-26,United Kingdom,NA,South East,9180135,65,0,33487,0
2020-06-27,United Kingdom,NA,South East,9180135,54,0,33541,0
2020-06-28,United Kingdom,NA,South East,9180135,45,0,33586,0
2020-06-29,United Kingdom,NA,South East,9180135,81,0,33667,0
2020-06-30,United Kingdom,NA,South East,9180135,57,0,33724,0
2020-07-01,United Kingdom,NA,South East,9180135,69,0,33793,0
2020-07-02,United Kingdom,NA,South East,9180135,61,0,33854,0
2020-07-03,United Kingdom,NA,South East,9180135,63,0,33917,0
2020-07-04,United Kingdom,NA,South East,9180135,29,0,33946,0
2020-07-05,United Kingdom,NA,South East,9180135,58,0,34004,0
2020-07-06,United Kingdom,NA,South East,9180135,45,0,34049,0
2020-07-07,United Kingdom,NA,South East,9180135,54,0,34103,0
2020-07-08,United Kingdom,NA,South East,9180135,82,0,34185,0
2020-07-09,United Kingdom,NA,South East,9180135,84,0,34269,0
2020-07-10,United Kingdom,NA,South East,9180135,75,0,34344,0
2020-07-11,United Kingdom,NA,South East,9180135,34,0,34378,0
2020-07-12,United Kingdom,NA,South East,9180135,31,0,34409,0
2020-07-13,United Kingdom,NA,South East,9180135,69,0,34478,0
2020-07-14,United Kingdom,NA,South East,9180135,58,0,34536,0
2020-07-15,United Kingdom,NA,South East,9180135,63,0,34599,0
2020-07-16,United Kingdom,NA,South East,9180135,63,0,34662,0
2020-07-17,United Kingdom,NA,South East,9180135,49,0,34711,0
2020-07-18,United Kingdom,NA,South East,9180135,54,0,34765,0
2020-07-19,United Kingdom,NA,South East,9180135,46,0,34811,0
2020-07-20,United Kingdom,NA,South East,9180135,87,0,34898,0
2020-07-21,United Kingdom,NA,South East,9180135,77,0,34975,0
2020-07-22,United Kingdom,NA,South East,9180135,76,0,35051,0
2020-07-23,United Kingdom,NA,South East,9180135,76,0,35127,0
2020-07-24,United Kingdom,NA,South East,9180135,65,0,35192,0
2020-07-25,United Kingdom,NA,South East,9180135,47,0,35239,0
2020-07-26,United Kingdom,NA,South East,9180135,37,0,35276,0
2020-07-27,United Kingdom,NA,South East,9180135,85,0,35361,0
2020-07-28,United Kingdom,NA,South East,9180135,65,0,35426,0
2020-07-29,United Kingdom,NA,South East,9180135,79,0,35505,0
2020-07-30,United Kingdom,NA,South East,9180135,64,0,35569,0
2020-07-31,United Kingdom,NA,South East,9180135,41,0,35610,0
2020-08-01,United Kingdom,NA,South East,9180135,30,0,35640,0
2020-08-02,United Kingdom,NA,South East,9180135,21,0,35661,0
2020-08-03,United Kingdom,NA,South East,9180135,75,0,35736,0
2020-08-04,United Kingdom,NA,South East,9180135,66,0,35802,0
2020-08-05,United Kingdom,NA,South East,9180135,65,0,35867,0
2020-08-06,United Kingdom,NA,South East,9180135,61,0,35928,0
2020-08-07,United Kingdom,NA,South East,9180135,53,0,35981,0
2020-08-08,United Kingdom,NA,South East,9180135,31,0,36012,0
2020-08-09,United Kingdom,NA,South East,9180135,29,0,36041,0
2020-08-10,United Kingdom,NA,South East,9180135,113,0,36154,0
2020-08-11,United Kingdom,NA,South East,9180135,76,0,36230,0
2020-08-12,United Kingdom,NA,South East,9180135,83,0,36313,0
2020-08-13,United Kingdom,NA,South East,9180135,76,0,36389,0
2020-08-14,United Kingdom,NA,South East,9180135,95,0,36484,0
2020-08-15,United Kingdom,NA,South East,9180135,45,0,36529,0
2020-08-16,United Kingdom,NA,South East,9180135,36,0,36565,0
2020-08-17,United Kingdom,NA,South East,9180135,109,0,36674,0
2020-08-18,United Kingdom,NA,South East,9180135,78,0,36752,0
2020-08-19,United Kingdom,NA,South East,9180135,115,0,36867,0
2020-08-20,United Kingdom,NA,South East,9180135,129,0,36996,0
2020-08-21,United Kingdom,NA,South East,9180135,110,0,37106,0
2020-08-22,United Kingdom,NA,South East,9180135,78,0,37184,0
2020-08-23,United Kingdom,NA,South East,9180135,82,0,37266,0
2020-08-24,United Kingdom,NA,South East,9180135,92,0,37358,0
2020-08-25,United Kingdom,NA,South East,9180135,82,0,37440,0
2020-08-26,United Kingdom,NA,South East,9180135,102,0,37542,0
2020-08-27,United Kingdom,NA,South East,9180135,92,0,37634,0
2020-08-28,United Kingdom,NA,South East,9180135,77,0,37711,0
2020-08-29,United Kingdom,NA,South East,9180135,88,0,37799,0
2020-08-30,United Kingdom,NA,South East,9180135,1,0,37800,0
2020-03-14,United Kingdom,NA,Wales,3113000,19,0,107,0
2020-03-15,United Kingdom,NA,Wales,3113000,32,0,139,0
2020-03-16,United Kingdom,NA,Wales,3113000,37,3,176,3
2020-03-17,United Kingdom,NA,Wales,3113000,37,0,213,3
2020-03-18,United Kingdom,NA,Wales,3113000,36,0,249,3
2020-03-19,United Kingdom,NA,Wales,3113000,60,3,309,6
2020-03-20,United Kingdom,NA,Wales,3113000,73,2,382,8
2020-03-21,United Kingdom,NA,Wales,3113000,75,7,457,15
2020-03-22,United Kingdom,NA,Wales,3113000,76,5,533,20
2020-03-23,United Kingdom,NA,Wales,3113000,133,4,666,24
2020-03-24,United Kingdom,NA,Wales,3113000,141,9,807,33
2020-03-25,United Kingdom,NA,Wales,3113000,190,10,997,43
2020-03-26,United Kingdom,NA,Wales,3113000,177,11,1174,54
2020-03-27,United Kingdom,NA,Wales,3113000,193,10,1367,64
2020-03-28,United Kingdom,NA,Wales,3113000,167,15,1534,79
2020-03-29,United Kingdom,NA,Wales,3113000,159,18,1693,97
2020-03-30,United Kingdom,NA,Wales,3113000,343,16,2036,113
2020-03-31,United Kingdom,NA,Wales,3113000,277,15,2313,128
2020-04-01,United Kingdom,NA,Wales,3113000,327,21,2640,149
2020-04-02,United Kingdom,NA,Wales,3113000,336,28,2976,177
2020-04-03,United Kingdom,NA,Wales,3113000,330,29,3306,206
2020-04-04,United Kingdom,NA,Wales,3113000,282,31,3588,237
2020-04-05,United Kingdom,NA,Wales,3113000,223,30,3811,267
2020-04-06,United Kingdom,NA,Wales,3113000,383,20,4194,287
2020-04-07,United Kingdom,NA,Wales,3113000,386,32,4580,319
2020-04-08,United Kingdom,NA,Wales,3113000,386,42,4966,361
2020-04-09,United Kingdom,NA,Wales,3113000,391,43,5357,404
2020-04-10,United Kingdom,NA,Wales,3113000,308,25,5665,429
2020-04-11,United Kingdom,NA,Wales,3113000,247,31,5912,460
2020-04-12,United Kingdom,NA,Wales,3113000,247,37,6159,497
2020-04-13,United Kingdom,NA,Wales,3113000,273,43,6432,540
2020-04-14,United Kingdom,NA,Wales,3113000,317,26,6749,566
2020-04-15,United Kingdom,NA,Wales,3113000,361,38,7110,604
2020-04-16,United Kingdom,NA,Wales,3113000,363,35,7473,639
2020-04-17,United Kingdom,NA,Wales,3113000,324,29,7797,668
2020-04-18,United Kingdom,NA,Wales,3113000,247,32,8044,700
2020-04-19,United Kingdom,NA,Wales,3113000,181,26,8225,726
2020-04-20,United Kingdom,NA,Wales,3113000,281,25,8506,751
2020-04-21,United Kingdom,NA,Wales,3113000,259,30,8765,781
2020-04-22,United Kingdom,NA,Wales,3113000,253,23,9018,804
2020-04-23,United Kingdom,NA,Wales,3113000,201,18,9219,822
2020-04-24,United Kingdom,NA,Wales,3113000,213,31,9432,853
2020-04-25,United Kingdom,NA,Wales,3113000,136,29,9568,882
2020-04-26,United Kingdom,NA,Wales,3113000,121,16,9689,898
2020-04-27,United Kingdom,NA,Wales,3113000,172,16,9861,914
2020-04-28,United Kingdom,NA,Wales,3113000,153,15,10014,929
2020-04-29,United Kingdom,NA,Wales,3113000,176,26,10190,955
2020-04-30,United Kingdom,NA,Wales,3113000,200,16,10390,971
2020-05-01,United Kingdom,NA,Wales,3113000,176,29,10566,1000
2020-05-02,United Kingdom,NA,Wales,3113000,179,14,10745,1014
2020-05-03,United Kingdom,NA,Wales,3113000,105,14,10850,1028
2020-05-04,United Kingdom,NA,Wales,3113000,139,23,10989,1051
2020-05-05,United Kingdom,NA,Wales,3113000,175,17,11164,1068
2020-05-06,United Kingdom,NA,Wales,3113000,171,23,11335,1091
2020-05-07,United Kingdom,NA,Wales,3113000,176,19,11511,1110
2020-05-08,United Kingdom,NA,Wales,3113000,115,13,11626,1123
2020-05-09,United Kingdom,NA,Wales,3113000,136,7,11762,1130
2020-05-10,United Kingdom,NA,Wales,3113000,107,10,11869,1140
2020-05-11,United Kingdom,NA,Wales,3113000,178,15,12047,1155
2020-05-12,United Kingdom,NA,Wales,3113000,150,11,12197,1166
2020-05-13,United Kingdom,NA,Wales,3113000,153,16,12350,1182
2020-05-14,United Kingdom,NA,Wales,3113000,132,12,12482,1194
2020-05-15,United Kingdom,NA,Wales,3113000,179,16,12661,1210
2020-05-16,United Kingdom,NA,Wales,3113000,166,13,12827,1223
2020-05-17,United Kingdom,NA,Wales,3113000,118,11,12945,1234
2020-05-18,United Kingdom,NA,Wales,3113000,168,10,13113,1244
2020-05-19,United Kingdom,NA,Wales,3113000,213,11,13326,1255
2020-05-20,United Kingdom,NA,Wales,3113000,166,7,13492,1262
2020-05-21,United Kingdom,NA,Wales,3113000,132,9,13624,1271
2020-05-22,United Kingdom,NA,Wales,3113000,137,10,13761,1281
2020-05-23,United Kingdom,NA,Wales,3113000,123,7,13884,1288
2020-05-24,United Kingdom,NA,Wales,3113000,82,12,13966,1300
2020-05-25,United Kingdom,NA,Wales,3113000,106,10,14072,1310
2020-05-26,United Kingdom,NA,Wales,3113000,102,10,14174,1320
2020-05-27,United Kingdom,NA,Wales,3113000,118,6,14292,1326
2020-05-28,United Kingdom,NA,Wales,3113000,102,16,14394,1342
2020-05-29,United Kingdom,NA,Wales,3113000,107,11,14501,1353
2020-05-30,United Kingdom,NA,Wales,3113000,70,10,14571,1363
2020-05-31,United Kingdom,NA,Wales,3113000,46,7,14617,1370
2020-06-01,United Kingdom,NA,Wales,3113000,64,9,14681,1379
2020-06-02,United Kingdom,NA,Wales,3113000,73,5,14754,1384
2020-06-03,United Kingdom,NA,Wales,3113000,75,7,14829,1391
2020-06-04,United Kingdom,NA,Wales,3113000,60,12,14889,1403
2020-06-05,United Kingdom,NA,Wales,3113000,55,4,14944,1407
2020-06-06,United Kingdom,NA,Wales,3113000,53,9,14997,1416
2020-06-07,United Kingdom,NA,Wales,3113000,34,8,15031,1424
2020-06-08,United Kingdom,NA,Wales,3113000,74,7,15105,1431
2020-06-09,United Kingdom,NA,Wales,3113000,62,4,15167,1435
2020-06-10,United Kingdom,NA,Wales,3113000,67,7,15234,1442
2020-06-11,United Kingdom,NA,Wales,3113000,66,5,15300,1447
2020-06-12,United Kingdom,NA,Wales,3113000,75,4,15375,1451
2020-06-13,United Kingdom,NA,Wales,3113000,70,6,15445,1457
2020-06-14,United Kingdom,NA,Wales,3113000,54,7,15499,1464
2020-06-15,United Kingdom,NA,Wales,3113000,66,6,15565,1470
2020-06-16,United Kingdom,NA,Wales,3113000,82,8,15647,1478
2020-06-17,United Kingdom,NA,Wales,3113000,65,1,15712,1479
2020-06-18,United Kingdom,NA,Wales,3113000,62,0,15774,1479
2020-06-19,United Kingdom,NA,Wales,3113000,140,4,15914,1483
2020-06-20,United Kingdom,NA,Wales,3113000,47,3,15961,1486
2020-06-21,United Kingdom,NA,Wales,3113000,76,5,16037,1491
2020-06-22,United Kingdom,NA,Wales,3113000,66,2,16103,1493
2020-06-23,United Kingdom,NA,Wales,3113000,131,1,16234,1494
2020-06-24,United Kingdom,NA,Wales,3113000,37,6,16271,1500
2020-06-25,United Kingdom,NA,Wales,3113000,60,9,16331,1509
2020-06-26,United Kingdom,NA,Wales,3113000,19,2,16350,1511
2020-06-27,United Kingdom,NA,Wales,3113000,140,6,16490,1517
2020-06-28,United Kingdom,NA,Wales,3113000,28,2,16518,1519
2020-06-29,United Kingdom,NA,Wales,3113000,43,3,16561,1522
2020-06-30,United Kingdom,NA,Wales,3113000,35,4,16596,1526
2020-07-01,United Kingdom,NA,Wales,3113000,27,4,16623,1530
2020-07-02,United Kingdom,NA,Wales,3113000,28,3,16651,1533
2020-07-03,United Kingdom,NA,Wales,3113000,26,2,15841,2
2020-07-04,United Kingdom,NA,Wales,3113000,34,5,15875,7
2020-07-05,United Kingdom,NA,Wales,3113000,15,1,15890,8
2020-07-06,United Kingdom,NA,Wales,3113000,8,0,15898,8
2020-07-07,United Kingdom,NA,Wales,3113000,2,3,15900,11
2020-07-08,United Kingdom,NA,Wales,3113000,13,4,15913,15
2020-07-09,United Kingdom,NA,Wales,3113000,16,2,15929,17
2020-07-10,United Kingdom,NA,Wales,3113000,10,0,15939,17
2020-07-11,United Kingdom,NA,Wales,3113000,7,1,15946,18
2020-07-12,United Kingdom,NA,Wales,3113000,16,0,15962,18
2020-07-13,United Kingdom,NA,Wales,3113000,11,0,15973,18
2020-07-14,United Kingdom,NA,Wales,3113000,21,2,16836,20
2020-07-15,United Kingdom,NA,Wales,3113000,18,2,16854,22
2020-07-16,United Kingdom,NA,Wales,3113000,18,0,16871,22
2020-07-17,United Kingdom,NA,Wales,3113000,16,1,16887,23
2020-07-18,United Kingdom,NA,Wales,3113000,10,0,16897,23
2020-07-19,United Kingdom,NA,Wales,3113000,0,1,16928,24
2020-07-20,United Kingdom,NA,Wales,3113000,15,0,16943,24
2020-07-21,United Kingdom,NA,Wales,3113000,22,0,16965,24
2020-07-22,United Kingdom,NA,Wales,3113000,22,1,16987,25
2020-07-23,United Kingdom,NA,Wales,3113000,43,0,17030,25
2020-07-24,United Kingdom,NA,Wales,3113000,45,0,17075,25
2020-07-25,United Kingdom,NA,Wales,3113000,30,0,17105,25
2020-07-26,United Kingdom,NA,Wales,3113000,22,1,17125,26
2020-07-27,United Kingdom,NA,Wales,3113000,45,0,17170,26
2020-07-28,United Kingdom,NA,Wales,3113000,21,0,17191,26
2020-07-29,United Kingdom,NA,Wales,3113000,32,5,17223,31
2020-07-30,United Kingdom,NA,Wales,3113000,9,0,17232,31
2020-07-31,United Kingdom,NA,Wales,3113000,26,6,17258,37
2020-08-01,United Kingdom,NA,Wales,3113000,21,2,17279,39
2020-08-02,United Kingdom,NA,Wales,3113000,37,3,17315,42
2020-08-03,United Kingdom,NA,Wales,3113000,24,0,17339,42
2020-08-04,United Kingdom,NA,Wales,3113000,22,1,17361,43
2020-08-05,United Kingdom,NA,Wales,3113000,14,2,17374,45
2020-08-06,United Kingdom,NA,Wales,3113000,15,3,17389,48
2020-08-07,United Kingdom,NA,Wales,3113000,17,7,17406,55
2020-08-08,United Kingdom,NA,Wales,3113000,19,1,17425,56
2020-08-09,United Kingdom,NA,Wales,3113000,26,0,17451,56
2020-08-10,United Kingdom,NA,Wales,3113000,12,0,17463,56
2020-08-11,United Kingdom,NA,Wales,3113000,13,2,17476,58
2020-08-12,United Kingdom,NA,Wales,3113000,8,5,17484,63
2020-08-13,United Kingdom,NA,Wales,3113000,15,0,17499,63
2020-08-14,United Kingdom,NA,Wales,3113000,18,0,17516,63
2020-08-15,United Kingdom,NA,Wales,3113000,27,1,17543,64
2020-08-16,United Kingdom,NA,Wales,3113000,18,2,17561,66
2020-08-17,United Kingdom,NA,Wales,3113000,14,0,17575,66
2020-08-18,United Kingdom,NA,Wales,3113000,24,0,17599,66
2020-08-19,United Kingdom,NA,Wales,3113000,21,0,17620,66
2020-08-20,United Kingdom,NA,Wales,3113000,19,0,17639,66
2020-08-21,United Kingdom,NA,Wales,3113000,34,0,17673,66
2020-08-22,United Kingdom,NA,Wales,3113000,34,1,17707,67
2020-08-23,United Kingdom,NA,Wales,3113000,20,2,17727,69
2020-08-24,United Kingdom,NA,Wales,3113000,19,1,17746,70
2020-08-25,United Kingdom,NA,Wales,3113000,28,0,17774,70
2020-08-26,United Kingdom,NA,Wales,3113000,34,1,17808,71
2020-08-27,United Kingdom,NA,Wales,3113000,35,1,17843,72
2020-08-28,United Kingdom,NA,Wales,3113000,34,0,17877,72
2020-08-29,United Kingdom,NA,Wales,3113000,40,0,17917,72
2020-08-30,United Kingdom,NA,Wales,3113000,56,0,17973,72
2020-08-31,United Kingdom,NA,Wales,3113000,39,0,18012,72
2020-03-12,United Kingdom,NA,West Midlands,5602000,46,0,127,0
2020-03-13,United Kingdom,NA,West Midlands,5602000,40,0,167,0
2020-03-14,United Kingdom,NA,West Midlands,5602000,31,0,198,0
2020-03-15,United Kingdom,NA,West Midlands,5602000,44,0,242,0
2020-03-16,United Kingdom,NA,West Midlands,5602000,56,0,298,0
2020-03-17,United Kingdom,NA,West Midlands,5602000,69,0,367,0
2020-03-18,United Kingdom,NA,West Midlands,5602000,99,0,466,0
2020-03-19,United Kingdom,NA,West Midlands,5602000,123,0,589,0
2020-03-20,United Kingdom,NA,West Midlands,5602000,151,0,740,0
2020-03-21,United Kingdom,NA,West Midlands,5602000,125,0,865,0
2020-03-22,United Kingdom,NA,West Midlands,5602000,111,0,976,0
2020-03-23,United Kingdom,NA,West Midlands,5602000,240,0,1216,0
2020-03-24,United Kingdom,NA,West Midlands,5602000,250,0,1466,0
2020-03-25,United Kingdom,NA,West Midlands,5602000,240,0,1706,0
2020-03-26,United Kingdom,NA,West Midlands,5602000,313,0,2019,0
2020-03-27,United Kingdom,NA,West Midlands,5602000,279,0,2298,0
2020-03-28,United Kingdom,NA,West Midlands,5602000,323,0,2621,0
2020-03-29,United Kingdom,NA,West Midlands,5602000,366,0,2987,0
2020-03-30,United Kingdom,NA,West Midlands,5602000,431,0,3418,0
2020-03-31,United Kingdom,NA,West Midlands,5602000,413,0,3831,0
2020-04-01,United Kingdom,NA,West Midlands,5602000,410,0,4241,0
2020-04-02,United Kingdom,NA,West Midlands,5602000,447,0,4688,0
2020-04-03,United Kingdom,NA,West Midlands,5602000,373,0,5061,0
2020-04-04,United Kingdom,NA,West Midlands,5602000,346,0,5407,0
2020-04-05,United Kingdom,NA,West Midlands,5602000,290,0,5697,0
2020-04-06,United Kingdom,NA,West Midlands,5602000,360,0,6057,0
2020-04-07,United Kingdom,NA,West Midlands,5602000,387,0,6444,0
2020-04-08,United Kingdom,NA,West Midlands,5602000,361,0,6805,0
2020-04-09,United Kingdom,NA,West Midlands,5602000,345,0,7150,0
2020-04-10,United Kingdom,NA,West Midlands,5602000,362,0,7512,0
2020-04-11,United Kingdom,NA,West Midlands,5602000,253,0,7765,0
2020-04-12,United Kingdom,NA,West Midlands,5602000,239,0,8004,0
2020-04-13,United Kingdom,NA,West Midlands,5602000,280,0,8284,0
2020-04-14,United Kingdom,NA,West Midlands,5602000,321,0,8605,0
2020-04-15,United Kingdom,NA,West Midlands,5602000,387,0,8992,0
2020-04-16,United Kingdom,NA,West Midlands,5602000,511,0,9503,0
2020-04-17,United Kingdom,NA,West Midlands,5602000,445,0,9948,0
2020-04-18,United Kingdom,NA,West Midlands,5602000,547,0,10495,0
2020-04-19,United Kingdom,NA,West Midlands,5602000,340,0,10835,0
2020-04-20,United Kingdom,NA,West Midlands,5602000,401,0,11236,0
2020-04-21,United Kingdom,NA,West Midlands,5602000,491,0,11727,0
2020-04-22,United Kingdom,NA,West Midlands,5602000,577,0,12304,0
2020-04-23,United Kingdom,NA,West Midlands,5602000,551,0,12855,0
2020-04-24,United Kingdom,NA,West Midlands,5602000,481,0,13336,0
2020-04-25,United Kingdom,NA,West Midlands,5602000,386,0,13722,0
2020-04-26,United Kingdom,NA,West Midlands,5602000,315,0,14037,0
2020-04-27,United Kingdom,NA,West Midlands,5602000,417,0,14454,0
2020-04-28,United Kingdom,NA,West Midlands,5602000,377,0,14831,0
2020-04-29,United Kingdom,NA,West Midlands,5602000,441,0,15272,0
2020-04-30,United Kingdom,NA,West Midlands,5602000,451,0,15723,0
2020-05-01,United Kingdom,NA,West Midlands,5602000,469,0,16192,0
2020-05-02,United Kingdom,NA,West Midlands,5602000,317,0,16509,0
2020-05-03,United Kingdom,NA,West Midlands,5602000,298,0,16807,0
2020-05-04,United Kingdom,NA,West Midlands,5602000,235,0,17042,0
2020-05-05,United Kingdom,NA,West Midlands,5602000,318,0,17360,0
2020-05-06,United Kingdom,NA,West Midlands,5602000,314,0,17674,0
2020-05-07,United Kingdom,NA,West Midlands,5602000,368,0,18042,0
2020-05-08,United Kingdom,NA,West Midlands,5602000,341,0,18383,0
2020-05-09,United Kingdom,NA,West Midlands,5602000,163,0,18546,0
2020-05-10,United Kingdom,NA,West Midlands,5602000,217,0,18763,0
2020-05-11,United Kingdom,NA,West Midlands,5602000,250,0,19013,0
2020-05-12,United Kingdom,NA,West Midlands,5602000,309,0,19322,0
2020-05-13,United Kingdom,NA,West Midlands,5602000,244,0,19566,0
2020-05-14,United Kingdom,NA,West Midlands,5602000,258,0,19824,0
2020-05-15,United Kingdom,NA,West Midlands,5602000,263,0,20087,0
2020-05-16,United Kingdom,NA,West Midlands,5602000,175,0,20262,0
2020-05-17,United Kingdom,NA,West Midlands,5602000,172,0,20434,0
2020-05-18,United Kingdom,NA,West Midlands,5602000,207,0,20641,0
2020-05-19,United Kingdom,NA,West Midlands,5602000,278,0,20919,0
2020-05-20,United Kingdom,NA,West Midlands,5602000,252,0,21171,0
2020-05-21,United Kingdom,NA,West Midlands,5602000,225,0,21396,0
2020-05-22,United Kingdom,NA,West Midlands,5602000,195,0,21591,0
2020-05-23,United Kingdom,NA,West Midlands,5602000,148,0,21739,0
2020-05-24,United Kingdom,NA,West Midlands,5602000,134,0,21873,0
2020-05-25,United Kingdom,NA,West Midlands,5602000,138,0,22011,0
2020-05-26,United Kingdom,NA,West Midlands,5602000,151,0,22162,0
2020-05-27,United Kingdom,NA,West Midlands,5602000,194,0,22356,0
2020-05-28,United Kingdom,NA,West Midlands,5602000,154,0,22510,0
2020-05-29,United Kingdom,NA,West Midlands,5602000,156,0,22666,0
2020-05-30,United Kingdom,NA,West Midlands,5602000,116,0,22782,0
2020-05-31,United Kingdom,NA,West Midlands,5602000,77,0,22859,0
2020-06-01,United Kingdom,NA,West Midlands,5602000,125,0,22984,0
2020-06-02,United Kingdom,NA,West Midlands,5602000,125,0,23109,0
2020-06-03,United Kingdom,NA,West Midlands,5602000,125,0,23234,0
2020-06-04,United Kingdom,NA,West Midlands,5602000,136,0,23370,0
2020-06-05,United Kingdom,NA,West Midlands,5602000,103,0,23473,0
2020-06-06,United Kingdom,NA,West Midlands,5602000,77,0,23550,0
2020-06-07,United Kingdom,NA,West Midlands,5602000,64,0,23614,0
2020-06-08,United Kingdom,NA,West Midlands,5602000,120,0,23734,0
2020-06-09,United Kingdom,NA,West Midlands,5602000,101,0,23835,0
2020-06-10,United Kingdom,NA,West Midlands,5602000,92,0,23927,0
2020-06-11,United Kingdom,NA,West Midlands,5602000,92,0,24019,0
2020-06-12,United Kingdom,NA,West Midlands,5602000,76,0,24095,0
2020-06-13,United Kingdom,NA,West Midlands,5602000,86,0,24181,0
2020-06-14,United Kingdom,NA,West Midlands,5602000,75,0,24256,0
2020-06-15,United Kingdom,NA,West Midlands,5602000,102,0,24358,0
2020-06-16,United Kingdom,NA,West Midlands,5602000,105,0,24463,0
2020-06-17,United Kingdom,NA,West Midlands,5602000,80,0,24543,0
2020-06-18,United Kingdom,NA,West Midlands,5602000,83,0,24626,0
2020-06-19,United Kingdom,NA,West Midlands,5602000,52,0,24678,0
2020-06-20,United Kingdom,NA,West Midlands,5602000,48,0,24726,0
2020-06-21,United Kingdom,NA,West Midlands,5602000,38,0,24764,0
2020-06-22,United Kingdom,NA,West Midlands,5602000,68,0,24832,0
2020-06-23,United Kingdom,NA,West Midlands,5602000,53,0,24885,0
2020-06-24,United Kingdom,NA,West Midlands,5602000,55,0,24940,0
2020-06-25,United Kingdom,NA,West Midlands,5602000,56,0,24996,0
2020-06-26,United Kingdom,NA,West Midlands,5602000,69,0,25065,0
2020-06-27,United Kingdom,NA,West Midlands,5602000,44,0,25109,0
2020-06-28,United Kingdom,NA,West Midlands,5602000,26,0,25135,0
2020-06-29,United Kingdom,NA,West Midlands,5602000,56,0,25191,0
2020-06-30,United Kingdom,NA,West Midlands,5602000,51,0,25242,0
2020-07-01,United Kingdom,NA,West Midlands,5602000,50,0,25292,0
2020-07-02,United Kingdom,NA,West Midlands,5602000,55,0,25347,0
2020-07-03,United Kingdom,NA,West Midlands,5602000,41,0,25388,0
2020-07-04,United Kingdom,NA,West Midlands,5602000,23,0,25411,0
2020-07-05,United Kingdom,NA,West Midlands,5602000,36,0,25447,0
2020-07-06,United Kingdom,NA,West Midlands,5602000,52,0,25499,0
2020-07-07,United Kingdom,NA,West Midlands,5602000,61,0,25560,0
2020-07-08,United Kingdom,NA,West Midlands,5602000,65,0,25625,0
2020-07-09,United Kingdom,NA,West Midlands,5602000,124,0,25749,0
2020-07-10,United Kingdom,NA,West Midlands,5602000,43,0,25792,0
2020-07-11,United Kingdom,NA,West Midlands,5602000,40,0,25832,0
2020-07-12,United Kingdom,NA,West Midlands,5602000,38,0,25870,0
2020-07-13,United Kingdom,NA,West Midlands,5602000,78,0,25948,0
2020-07-14,United Kingdom,NA,West Midlands,5602000,71,0,26019,0
2020-07-15,United Kingdom,NA,West Midlands,5602000,107,0,26126,0
2020-07-16,United Kingdom,NA,West Midlands,5602000,65,0,26191,0
2020-07-17,United Kingdom,NA,West Midlands,5602000,67,0,26258,0
2020-07-18,United Kingdom,NA,West Midlands,5602000,51,0,26309,0
2020-07-19,United Kingdom,NA,West Midlands,5602000,40,0,26349,0
2020-07-20,United Kingdom,NA,West Midlands,5602000,83,0,26432,0
2020-07-21,United Kingdom,NA,West Midlands,5602000,80,0,26512,0
2020-07-22,United Kingdom,NA,West Midlands,5602000,78,0,26590,0
2020-07-23,United Kingdom,NA,West Midlands,5602000,89,0,26679,0
2020-07-24,United Kingdom,NA,West Midlands,5602000,78,0,26757,0
2020-07-25,United Kingdom,NA,West Midlands,5602000,67,0,26824,0
2020-07-26,United Kingdom,NA,West Midlands,5602000,66,0,26890,0
2020-07-27,United Kingdom,NA,West Midlands,5602000,77,0,26967,0
2020-07-28,United Kingdom,NA,West Midlands,5602000,88,0,27055,0
2020-07-29,United Kingdom,NA,West Midlands,5602000,90,0,27145,0
2020-07-30,United Kingdom,NA,West Midlands,5602000,80,0,27225,0
2020-07-31,United Kingdom,NA,West Midlands,5602000,81,0,27306,0
2020-08-01,United Kingdom,NA,West Midlands,5602000,54,0,27360,0
2020-08-02,United Kingdom,NA,West Midlands,5602000,42,0,27402,0
2020-08-03,United Kingdom,NA,West Midlands,5602000,88,0,27490,0
2020-08-04,United Kingdom,NA,West Midlands,5602000,98,0,27588,0
2020-08-05,United Kingdom,NA,West Midlands,5602000,93,0,27681,0
2020-08-06,United Kingdom,NA,West Midlands,5602000,113,0,27794,0
2020-08-07,United Kingdom,NA,West Midlands,5602000,105,0,27899,0
2020-08-08,United Kingdom,NA,West Midlands,5602000,73,0,27972,0
2020-08-09,United Kingdom,NA,West Midlands,5602000,76,0,28048,0
2020-08-10,United Kingdom,NA,West Midlands,5602000,157,0,28205,0
2020-08-11,United Kingdom,NA,West Midlands,5602000,165,0,28370,0
2020-08-12,United Kingdom,NA,West Midlands,5602000,132,0,28502,0
2020-08-13,United Kingdom,NA,West Midlands,5602000,117,0,28619,0
2020-08-14,United Kingdom,NA,West Midlands,5602000,171,0,28790,0
2020-08-15,United Kingdom,NA,West Midlands,5602000,96,0,28886,0
2020-08-16,United Kingdom,NA,West Midlands,5602000,72,0,28958,0
2020-08-17,United Kingdom,NA,West Midlands,5602000,138,0,29096,0
2020-08-18,United Kingdom,NA,West Midlands,5602000,109,0,29205,0
2020-08-19,United Kingdom,NA,West Midlands,5602000,118,0,29323,0
2020-08-20,United Kingdom,NA,West Midlands,5602000,163,0,29486,0
2020-08-21,United Kingdom,NA,West Midlands,5602000,105,0,29591,0
2020-08-22,United Kingdom,NA,West Midlands,5602000,76,0,29667,0
2020-08-23,United Kingdom,NA,West Midlands,5602000,80,0,29747,0
2020-08-24,United Kingdom,NA,West Midlands,5602000,130,0,29877,0
2020-08-25,United Kingdom,NA,West Midlands,5602000,141,0,30018,0
2020-08-26,United Kingdom,NA,West Midlands,5602000,113,0,30131,0
2020-08-27,United Kingdom,NA,West Midlands,5602000,103,0,30234,0
2020-08-28,United Kingdom,NA,West Midlands,5602000,132,0,30366,0
2020-08-29,United Kingdom,NA,West Midlands,5602000,94,0,30460,0
2020-08-30,United Kingdom,NA,West Midlands,5602000,2,0,30462,0
