date,country,country_population,state_province,state_province_population,new_cases,new_deaths,cumulative_cases,cumulative_deaths
2020-03-14,Argentina,NA,Buenos Aires Province,17370144,2,0,12,3
2020-03-15,Argentina,NA,Buenos Aires Province,17370144,0,0,12,3
2020-03-16,Argentina,NA,Buenos Aires Province,17370144,3,0,15,3
2020-03-17,Argentina,NA,Buenos Aires Province,17370144,3,3,18,6
2020-03-18,Argentina,NA,Buenos Aires Province,17370144,10,0,28,6
2020-03-19,Argentina,NA,Buenos Aires Province,17370144,11,2,39,8
2020-03-20,Argentina,NA,Buenos Aires Province,17370144,8,0,47,8
2020-03-21,Argentina,NA,Buenos Aires Province,17370144,14,2,61,10
2020-03-22,Argentina,NA,Buenos Aires Province,17370144,10,1,71,11
2020-03-23,Argentina,NA,Buenos Aires Province,17370144,9,1,80,12
2020-03-24,Argentina,NA,Buenos Aires Province,17370144,31,4,111,16
2020-03-25,Argentina,NA,Buenos Aires Province,17370144,42,1,153,17
2020-03-26,Argentina,NA,Buenos Aires Province,17370144,35,8,188,25
2020-03-27,Argentina,NA,Buenos Aires Province,17370144,25,5,213,30
2020-03-28,Argentina,NA,Buenos Aires Province,17370144,12,10,225,40
2020-03-29,Argentina,NA,Buenos Aires Province,17370144,19,9,244,49
2020-03-30,Argentina,NA,Buenos Aires Province,17370144,22,6,266,55
2020-03-31,Argentina,NA,Buenos Aires Province,17370144,21,8,287,63
2020-04-01,Argentina,NA,Buenos Aires Province,17370144,29,5,316,68
2020-04-02,Argentina,NA,Buenos Aires Province,17370144,31,11,347,79
2020-04-03,Argentina,NA,Buenos Aires Province,17370144,32,9,379,88
2020-04-04,Argentina,NA,Buenos Aires Province,17370144,31,8,410,96
2020-04-05,Argentina,NA,Buenos Aires Province,17370144,13,18,423,114
2020-04-06,Argentina,NA,Buenos Aires Province,17370144,32,16,455,130
2020-04-07,Argentina,NA,Buenos Aires Province,17370144,17,12,472,142
2020-04-08,Argentina,NA,Buenos Aires Province,17370144,23,14,495,156
2020-04-09,Argentina,NA,Buenos Aires Province,17370144,20,12,515,168
2020-04-10,Argentina,NA,Buenos Aires Province,17370144,43,9,558,177
2020-04-11,Argentina,NA,Buenos Aires Province,17370144,18,9,576,186
2020-04-12,Argentina,NA,Buenos Aires Province,17370144,35,12,611,198
2020-04-13,Argentina,NA,Buenos Aires Province,17370144,23,16,634,214
2020-04-14,Argentina,NA,Buenos Aires Province,17370144,63,11,697,225
2020-04-15,Argentina,NA,Buenos Aires Province,17370144,50,18,747,243
2020-04-16,Argentina,NA,Buenos Aires Province,17370144,41,15,788,258
2020-04-17,Argentina,NA,Buenos Aires Province,17370144,35,15,823,273
2020-04-18,Argentina,NA,Buenos Aires Province,17370144,59,18,882,291
2020-04-19,Argentina,NA,Buenos Aires Province,17370144,26,14,908,305
2020-04-20,Argentina,NA,Buenos Aires Province,17370144,48,13,956,318
2020-04-21,Argentina,NA,Buenos Aires Province,17370144,62,16,1018,334
2020-04-22,Argentina,NA,Buenos Aires Province,17370144,59,18,1077,352
2020-04-23,Argentina,NA,Buenos Aires Province,17370144,69,18,1146,370
2020-04-24,Argentina,NA,Buenos Aires Province,17370144,77,14,1223,384
2020-04-25,Argentina,NA,Buenos Aires Province,17370144,79,13,1302,397
2020-04-26,Argentina,NA,Buenos Aires Province,17370144,30,17,1332,414
2020-04-27,Argentina,NA,Buenos Aires Province,17370144,67,32,1399,446
2020-04-28,Argentina,NA,Buenos Aires Province,17370144,62,16,1461,462
2020-04-29,Argentina,NA,Buenos Aires Province,17370144,89,11,1550,473
2020-04-30,Argentina,NA,Buenos Aires Province,17370144,47,16,1597,489
2020-05-01,Argentina,NA,Buenos Aires Province,17370144,48,17,1645,506
2020-05-02,Argentina,NA,Buenos Aires Province,17370144,39,9,1684,515
2020-05-03,Argentina,NA,Buenos Aires Province,17370144,31,17,1715,532
2020-05-04,Argentina,NA,Buenos Aires Province,17370144,46,14,1761,546
2020-05-05,Argentina,NA,Buenos Aires Province,17370144,77,10,1838,556
2020-05-06,Argentina,NA,Buenos Aires Province,17370144,58,13,1896,569
2020-05-07,Argentina,NA,Buenos Aires Province,17370144,58,22,1954,591
2020-05-08,Argentina,NA,Buenos Aires Province,17370144,74,11,2028,602
2020-05-09,Argentina,NA,Buenos Aires Province,17370144,57,18,2085,620
2020-05-10,Argentina,NA,Buenos Aires Province,17370144,39,17,2124,637
2020-05-11,Argentina,NA,Buenos Aires Province,17370144,57,15,2181,652
2020-05-12,Argentina,NA,Buenos Aires Province,17370144,89,18,2270,670
2020-05-13,Argentina,NA,Buenos Aires Province,17370144,95,14,2365,684
2020-05-14,Argentina,NA,Buenos Aires Province,17370144,92,15,2457,699
2020-05-15,Argentina,NA,Buenos Aires Province,17370144,97,17,2554,716
2020-05-16,Argentina,NA,Buenos Aires Province,17370144,118,21,2672,737
2020-05-17,Argentina,NA,Buenos Aires Province,17370144,53,13,2725,750
2020-05-18,Argentina,NA,Buenos Aires Province,17370144,156,17,2881,767
2020-05-19,Argentina,NA,Buenos Aires Province,17370144,154,15,3035,782
2020-05-20,Argentina,NA,Buenos Aires Province,17370144,194,24,3229,806
2020-05-21,Argentina,NA,Buenos Aires Province,17370144,266,18,3495,824
2020-05-22,Argentina,NA,Buenos Aires Province,17370144,297,25,3792,849
2020-05-23,Argentina,NA,Buenos Aires Province,17370144,224,14,4016,863
2020-05-24,Argentina,NA,Buenos Aires Province,17370144,153,12,4169,875
2020-05-25,Argentina,NA,Buenos Aires Province,17370144,245,23,4414,898
2020-05-26,Argentina,NA,Buenos Aires Province,17370144,270,16,4684,914
2020-05-27,Argentina,NA,Buenos Aires Province,17370144,268,17,4952,931
2020-05-28,Argentina,NA,Buenos Aires Province,17370144,260,18,5212,949
2020-05-29,Argentina,NA,Buenos Aires Province,17370144,331,15,5543,964
2020-05-30,Argentina,NA,Buenos Aires Province,17370144,313,23,5856,987
2020-05-31,Argentina,NA,Buenos Aires Province,17370144,201,23,6057,1010
2020-06-01,Argentina,NA,Buenos Aires Province,17370144,414,27,6471,1037
2020-06-02,Argentina,NA,Buenos Aires Province,17370144,475,24,6946,1061
2020-06-03,Argentina,NA,Buenos Aires Province,17370144,400,26,7346,1087
2020-06-04,Argentina,NA,Buenos Aires Province,17370144,385,25,7731,1112
2020-06-05,Argentina,NA,Buenos Aires Province,17370144,441,23,8172,1135
2020-06-06,Argentina,NA,Buenos Aires Province,17370144,552,30,8724,1165
2020-06-07,Argentina,NA,Buenos Aires Province,17370144,236,31,8960,1196
2020-06-08,Argentina,NA,Buenos Aires Province,17370144,457,33,9417,1229
2020-06-09,Argentina,NA,Buenos Aires Province,17370144,680,29,10097,1258
2020-06-10,Argentina,NA,Buenos Aires Province,17370144,689,28,10786,1286
2020-06-11,Argentina,NA,Buenos Aires Province,17370144,815,24,11601,1310
2020-06-12,Argentina,NA,Buenos Aires Province,17370144,810,24,12411,1334
2020-06-13,Argentina,NA,Buenos Aires Province,17370144,835,29,13246,1363
2020-06-14,Argentina,NA,Buenos Aires Province,17370144,481,32,13727,1395
2020-06-15,Argentina,NA,Buenos Aires Province,17370144,699,32,14426,1427
2020-06-16,Argentina,NA,Buenos Aires Province,17370144,881,38,15307,1465
2020-06-17,Argentina,NA,Buenos Aires Province,17370144,1072,33,16379,1498
2020-06-18,Argentina,NA,Buenos Aires Province,17370144,1103,36,17482,1534
2020-06-19,Argentina,NA,Buenos Aires Province,17370144,1157,28,18639,1562
2020-06-20,Argentina,NA,Buenos Aires Province,17370144,1423,25,20062,1587
2020-06-21,Argentina,NA,Buenos Aires Province,17370144,628,39,20690,1626
2020-06-22,Argentina,NA,Buenos Aires Province,17370144,1144,41,21834,1667
2020-06-23,Argentina,NA,Buenos Aires Province,17370144,1452,36,23286,1703
2020-06-24,Argentina,NA,Buenos Aires Province,17370144,1415,46,24701,1749
2020-06-25,Argentina,NA,Buenos Aires Province,17370144,1738,36,26439,1785
2020-06-26,Argentina,NA,Buenos Aires Province,17370144,1836,58,28275,1843
2020-06-27,Argentina,NA,Buenos Aires Province,17370144,1487,54,29762,1897
2020-06-28,Argentina,NA,Buenos Aires Province,17370144,962,47,30724,1944
2020-06-29,Argentina,NA,Buenos Aires Province,17370144,1348,41,32072,1985
2020-06-30,Argentina,NA,Buenos Aires Province,17370144,1745,55,33817,2040
2020-07-01,Argentina,NA,Buenos Aires Province,17370144,1779,71,35596,2111
2020-07-02,Argentina,NA,Buenos Aires Province,17370144,1737,56,37333,2167
2020-07-03,Argentina,NA,Buenos Aires Province,17370144,2142,55,39475,2222
2020-07-04,Argentina,NA,Buenos Aires Province,17370144,2204,73,41679,2295
2020-07-05,Argentina,NA,Buenos Aires Province,17370144,1061,80,42740,2375
2020-07-06,Argentina,NA,Buenos Aires Province,17370144,1755,66,44495,2441
2020-07-07,Argentina,NA,Buenos Aires Province,17370144,2127,68,46622,2509
2020-07-08,Argentina,NA,Buenos Aires Province,17370144,2670,87,49292,2596
2020-07-09,Argentina,NA,Buenos Aires Province,17370144,2364,70,51656,2666
2020-07-10,Argentina,NA,Buenos Aires Province,17370144,2339,93,53995,2759
2020-07-11,Argentina,NA,Buenos Aires Province,17370144,2188,85,56183,2844
2020-07-12,Argentina,NA,Buenos Aires Province,17370144,1255,63,57438,2907
2020-07-13,Argentina,NA,Buenos Aires Province,17370144,2185,79,59623,2986
2020-07-14,Argentina,NA,Buenos Aires Province,17370144,2718,89,62341,3075
2020-07-15,Argentina,NA,Buenos Aires Province,17370144,2705,111,65046,3186
2020-07-16,Argentina,NA,Buenos Aires Province,17370144,3016,71,68062,3257
2020-07-17,Argentina,NA,Buenos Aires Province,17370144,3152,91,71214,3348
2020-07-18,Argentina,NA,Buenos Aires Province,17370144,3026,104,74240,3452
2020-07-19,Argentina,NA,Buenos Aires Province,17370144,1857,92,76097,3544
2020-07-20,Argentina,NA,Buenos Aires Province,17370144,3069,99,79166,3643
2020-07-21,Argentina,NA,Buenos Aires Province,17370144,3629,111,82795,3754
2020-07-22,Argentina,NA,Buenos Aires Province,17370144,4046,115,86841,3869
2020-07-23,Argentina,NA,Buenos Aires Province,17370144,4109,100,90950,3969
2020-07-24,Argentina,NA,Buenos Aires Province,17370144,4403,102,95353,4071
2020-07-25,Argentina,NA,Buenos Aires Province,17370144,3418,98,98771,4169
2020-07-26,Argentina,NA,Buenos Aires Province,17370144,2124,111,100895,4280
2020-07-27,Argentina,NA,Buenos Aires Province,17370144,3601,126,104496,4406
2020-07-28,Argentina,NA,Buenos Aires Province,17370144,4159,104,108655,4510
2020-07-29,Argentina,NA,Buenos Aires Province,17370144,4509,114,113164,4624
2020-07-30,Argentina,NA,Buenos Aires Province,17370144,4294,111,117458,4735
2020-07-31,Argentina,NA,Buenos Aires Province,17370144,5006,115,122464,4850
2020-08-01,Argentina,NA,Buenos Aires Province,17370144,3427,96,125891,4946
2020-08-02,Argentina,NA,Buenos Aires Province,17370144,2906,115,128797,5061
2020-08-03,Argentina,NA,Buenos Aires Province,17370144,4082,130,132879,5191
2020-08-04,Argentina,NA,Buenos Aires Province,17370144,4810,104,137689,5295
2020-08-05,Argentina,NA,Buenos Aires Province,17370144,5544,112,143233,5407
2020-08-06,Argentina,NA,Buenos Aires Province,17370144,5377,129,148610,5536
2020-08-07,Argentina,NA,Buenos Aires Province,17370144,5709,123,154319,5659
2020-08-08,Argentina,NA,Buenos Aires Province,17370144,4425,114,158744,5773
2020-08-09,Argentina,NA,Buenos Aires Province,17370144,2715,126,161459,5899
2020-08-10,Argentina,NA,Buenos Aires Province,17370144,4392,136,165851,6035
2020-08-11,Argentina,NA,Buenos Aires Province,17370144,4788,101,170639,6136
2020-08-12,Argentina,NA,Buenos Aires Province,17370144,4879,125,175518,6261
2020-08-13,Argentina,NA,Buenos Aires Province,17370144,4751,114,180269,6375
2020-08-14,Argentina,NA,Buenos Aires Province,17370144,4482,138,184751,6513
2020-08-15,Argentina,NA,Buenos Aires Province,17370144,4121,113,188872,6626
2020-08-16,Argentina,NA,Buenos Aires Province,17370144,1774,108,190646,6734
2020-08-17,Argentina,NA,Buenos Aires Province,17370144,3231,134,193877,6868
2020-08-18,Argentina,NA,Buenos Aires Province,17370144,4076,122,197953,6990
2020-08-19,Argentina,NA,Buenos Aires Province,17370144,5014,109,202967,7099
2020-08-20,Argentina,NA,Buenos Aires Province,17370144,5633,100,208600,7199
2020-08-21,Argentina,NA,Buenos Aires Province,17370144,5093,109,213693,7308
2020-08-22,Argentina,NA,Buenos Aires Province,17370144,4541,108,218234,7416
2020-08-23,Argentina,NA,Buenos Aires Province,17370144,2411,105,220645,7521
2020-08-24,Argentina,NA,Buenos Aires Province,17370144,4791,154,225436,7675
2020-08-25,Argentina,NA,Buenos Aires Province,17370144,5440,103,230876,7778
2020-08-26,Argentina,NA,Buenos Aires Province,17370144,6127,85,237003,7863
2020-08-27,Argentina,NA,Buenos Aires Province,17370144,6507,100,243510,7963
2020-08-28,Argentina,NA,Buenos Aires Province,17370144,5883,106,249393,8069
2020-08-29,Argentina,NA,Buenos Aires Province,17370144,4887,109,254280,8178
2020-08-30,Argentina,NA,Buenos Aires Province,17370144,3122,91,257402,8269
2020-08-31,Argentina,NA,Buenos Aires Province,17370144,5144,112,262546,8381
2020-09-01,Argentina,NA,Buenos Aires Province,17370144,5752,109,268298,8490
2020-09-02,Argentina,NA,Buenos Aires Province,17370144,5809,84,274107,8574
2020-09-03,Argentina,NA,Buenos Aires Province,17370144,5285,87,279392,8661
2020-09-04,Argentina,NA,Buenos Aires Province,17370144,4931,78,284323,8739
2020-09-05,Argentina,NA,Buenos Aires Province,17370144,4510,86,288833,8825
2020-09-06,Argentina,NA,Buenos Aires Province,17370144,2488,83,291321,8908
2020-09-07,Argentina,NA,Buenos Aires Province,17370144,4723,88,296044,8996
2020-09-08,Argentina,NA,Buenos Aires Province,17370144,5798,80,301842,9076
2020-09-09,Argentina,NA,Buenos Aires Province,17370144,5763,88,307605,9164
2020-09-10,Argentina,NA,Buenos Aires Province,17370144,5034,64,312639,9228
2020-09-11,Argentina,NA,Buenos Aires Province,17370144,5436,68,318075,9296
2020-09-12,Argentina,NA,Buenos Aires Province,17370144,4185,51,322260,9347
2020-09-13,Argentina,NA,Buenos Aires Province,17370144,2137,56,324397,9403
2020-09-14,Argentina,NA,Buenos Aires Province,17370144,3728,44,328125,9447
2020-09-15,Argentina,NA,Buenos Aires Province,17370144,1693,13,329818,9460
2020-03-16,Argentina,NA,Chaco,1192616,4,0,11,1
2020-03-17,Argentina,NA,Chaco,1192616,1,0,12,1
2020-03-18,Argentina,NA,Chaco,1192616,1,0,13,1
2020-03-19,Argentina,NA,Chaco,1192616,2,0,15,1
2020-03-20,Argentina,NA,Chaco,1192616,1,0,16,1
2020-03-21,Argentina,NA,Chaco,1192616,5,0,21,1
2020-03-22,Argentina,NA,Chaco,1192616,7,0,28,1
2020-03-23,Argentina,NA,Chaco,1192616,4,0,32,1
2020-03-24,Argentina,NA,Chaco,1192616,13,1,45,2
2020-03-25,Argentina,NA,Chaco,1192616,2,4,47,6
2020-03-26,Argentina,NA,Chaco,1192616,7,1,54,7
2020-03-27,Argentina,NA,Chaco,1192616,4,0,58,7
2020-03-28,Argentina,NA,Chaco,1192616,5,1,63,8
2020-03-29,Argentina,NA,Chaco,1192616,13,0,76,8
2020-03-30,Argentina,NA,Chaco,1192616,3,1,79,9
2020-03-31,Argentina,NA,Chaco,1192616,4,1,83,10
2020-04-01,Argentina,NA,Chaco,1192616,8,2,91,12
2020-04-02,Argentina,NA,Chaco,1192616,9,1,100,13
2020-04-03,Argentina,NA,Chaco,1192616,5,0,105,13
2020-04-04,Argentina,NA,Chaco,1192616,2,0,107,13
2020-04-06,Argentina,NA,Chaco,1192616,10,2,117,15
2020-04-07,Argentina,NA,Chaco,1192616,12,0,129,15
2020-04-08,Argentina,NA,Chaco,1192616,3,1,132,16
2020-04-09,Argentina,NA,Chaco,1192616,6,0,138,16
2020-04-10,Argentina,NA,Chaco,1192616,0,0,138,16
2020-04-11,Argentina,NA,Chaco,1192616,1,1,139,17
2020-04-12,Argentina,NA,Chaco,1192616,1,0,140,17
2020-04-13,Argentina,NA,Chaco,1192616,26,1,166,18
2020-04-14,Argentina,NA,Chaco,1192616,2,2,168,20
2020-04-15,Argentina,NA,Chaco,1192616,14,4,182,24
2020-04-16,Argentina,NA,Chaco,1192616,22,1,204,25
2020-04-17,Argentina,NA,Chaco,1192616,16,0,220,25
2020-04-18,Argentina,NA,Chaco,1192616,9,0,229,25
2020-04-19,Argentina,NA,Chaco,1192616,3,3,232,28
2020-04-20,Argentina,NA,Chaco,1192616,4,1,236,29
2020-04-21,Argentina,NA,Chaco,1192616,7,3,243,32
2020-04-22,Argentina,NA,Chaco,1192616,6,1,249,33
2020-04-23,Argentina,NA,Chaco,1192616,7,1,256,34
2020-04-24,Argentina,NA,Chaco,1192616,14,2,270,36
2020-04-25,Argentina,NA,Chaco,1192616,6,1,276,37
2020-04-26,Argentina,NA,Chaco,1192616,8,0,284,37
2020-04-27,Argentina,NA,Chaco,1192616,3,1,287,38
2020-04-28,Argentina,NA,Chaco,1192616,4,2,291,40
2020-04-29,Argentina,NA,Chaco,1192616,3,1,294,41
2020-04-30,Argentina,NA,Chaco,1192616,14,0,308,41
2020-05-01,Argentina,NA,Chaco,1192616,17,4,325,45
2020-05-02,Argentina,NA,Chaco,1192616,4,4,329,49
2020-05-03,Argentina,NA,Chaco,1192616,4,3,333,52
2020-05-04,Argentina,NA,Chaco,1192616,12,3,345,55
2020-05-05,Argentina,NA,Chaco,1192616,7,1,352,56
2020-05-06,Argentina,NA,Chaco,1192616,24,3,376,59
2020-05-07,Argentina,NA,Chaco,1192616,33,1,409,60
2020-05-08,Argentina,NA,Chaco,1192616,11,2,420,62
2020-05-09,Argentina,NA,Chaco,1192616,33,1,453,63
2020-05-10,Argentina,NA,Chaco,1192616,22,2,475,65
2020-05-11,Argentina,NA,Chaco,1192616,0,4,475,69
2020-05-12,Argentina,NA,Chaco,1192616,18,2,493,71
2020-05-13,Argentina,NA,Chaco,1192616,19,2,512,73
2020-05-14,Argentina,NA,Chaco,1192616,27,1,539,74
2020-05-15,Argentina,NA,Chaco,1192616,16,5,555,79
2020-05-16,Argentina,NA,Chaco,1192616,25,3,580,82
2020-05-17,Argentina,NA,Chaco,1192616,14,2,594,84
2020-05-18,Argentina,NA,Chaco,1192616,25,5,619,89
2020-05-19,Argentina,NA,Chaco,1192616,31,1,650,90
2020-05-20,Argentina,NA,Chaco,1192616,25,2,675,92
2020-05-21,Argentina,NA,Chaco,1192616,25,0,700,92
2020-05-22,Argentina,NA,Chaco,1192616,26,4,726,96
2020-05-23,Argentina,NA,Chaco,1192616,23,1,749,97
2020-05-24,Argentina,NA,Chaco,1192616,5,1,754,98
2020-05-25,Argentina,NA,Chaco,1192616,18,2,772,100
2020-05-26,Argentina,NA,Chaco,1192616,14,2,786,102
2020-05-27,Argentina,NA,Chaco,1192616,33,2,819,104
2020-05-28,Argentina,NA,Chaco,1192616,24,6,843,110
2020-05-29,Argentina,NA,Chaco,1192616,28,2,871,112
2020-05-30,Argentina,NA,Chaco,1192616,17,2,888,114
2020-05-31,Argentina,NA,Chaco,1192616,2,3,890,117
2020-06-01,Argentina,NA,Chaco,1192616,32,4,922,121
2020-06-02,Argentina,NA,Chaco,1192616,8,1,930,122
2020-06-03,Argentina,NA,Chaco,1192616,49,3,979,125
2020-06-04,Argentina,NA,Chaco,1192616,40,2,1019,127
2020-06-05,Argentina,NA,Chaco,1192616,19,3,1038,130
2020-06-06,Argentina,NA,Chaco,1192616,19,1,1057,131
2020-06-07,Argentina,NA,Chaco,1192616,37,1,1094,132
2020-06-08,Argentina,NA,Chaco,1192616,37,3,1131,135
2020-06-09,Argentina,NA,Chaco,1192616,36,0,1167,135
2020-06-10,Argentina,NA,Chaco,1192616,67,5,1234,140
2020-06-11,Argentina,NA,Chaco,1192616,17,1,1251,141
2020-06-12,Argentina,NA,Chaco,1192616,52,4,1303,145
2020-06-13,Argentina,NA,Chaco,1192616,50,0,1353,145
2020-06-14,Argentina,NA,Chaco,1192616,34,6,1387,151
2020-06-15,Argentina,NA,Chaco,1192616,23,0,1410,151
2020-06-16,Argentina,NA,Chaco,1192616,25,0,1435,151
2020-06-17,Argentina,NA,Chaco,1192616,59,3,1494,154
2020-06-18,Argentina,NA,Chaco,1192616,45,2,1539,156
2020-06-19,Argentina,NA,Chaco,1192616,38,8,1577,164
2020-06-20,Argentina,NA,Chaco,1192616,55,1,1632,165
2020-06-21,Argentina,NA,Chaco,1192616,26,1,1658,166
2020-06-22,Argentina,NA,Chaco,1192616,45,4,1703,170
2020-06-23,Argentina,NA,Chaco,1192616,54,3,1757,173
2020-06-24,Argentina,NA,Chaco,1192616,40,1,1797,174
2020-06-25,Argentina,NA,Chaco,1192616,41,3,1838,177
2020-06-26,Argentina,NA,Chaco,1192616,89,3,1927,180
2020-06-27,Argentina,NA,Chaco,1192616,70,2,1997,182
2020-06-28,Argentina,NA,Chaco,1192616,29,3,2026,185
2020-06-29,Argentina,NA,Chaco,1192616,43,3,2069,188
2020-06-30,Argentina,NA,Chaco,1192616,48,2,2117,190
2020-07-01,Argentina,NA,Chaco,1192616,81,5,2198,195
2020-07-02,Argentina,NA,Chaco,1192616,42,2,2240,197
2020-07-03,Argentina,NA,Chaco,1192616,58,6,2298,203
2020-07-04,Argentina,NA,Chaco,1192616,46,3,2344,206
2020-07-05,Argentina,NA,Chaco,1192616,26,1,2370,207
2020-07-06,Argentina,NA,Chaco,1192616,25,1,2395,208
2020-07-07,Argentina,NA,Chaco,1192616,58,0,2453,208
2020-07-08,Argentina,NA,Chaco,1192616,32,5,2485,213
2020-07-09,Argentina,NA,Chaco,1192616,49,2,2534,215
2020-07-10,Argentina,NA,Chaco,1192616,57,4,2591,219
2020-07-11,Argentina,NA,Chaco,1192616,25,5,2616,224
2020-07-12,Argentina,NA,Chaco,1192616,22,3,2638,227
2020-07-13,Argentina,NA,Chaco,1192616,77,6,2715,233
2020-07-14,Argentina,NA,Chaco,1192616,67,3,2782,236
2020-07-15,Argentina,NA,Chaco,1192616,37,2,2819,238
2020-07-16,Argentina,NA,Chaco,1192616,59,2,2878,240
2020-07-17,Argentina,NA,Chaco,1192616,50,2,2928,242
2020-07-18,Argentina,NA,Chaco,1192616,50,3,2978,245
2020-07-19,Argentina,NA,Chaco,1192616,29,2,3007,247
2020-07-20,Argentina,NA,Chaco,1192616,42,2,3049,249
2020-07-21,Argentina,NA,Chaco,1192616,74,2,3123,251
2020-07-22,Argentina,NA,Chaco,1192616,49,2,3172,253
2020-07-23,Argentina,NA,Chaco,1192616,58,5,3230,258
2020-07-24,Argentina,NA,Chaco,1192616,39,1,3269,259
2020-07-25,Argentina,NA,Chaco,1192616,71,2,3340,261
2020-07-26,Argentina,NA,Chaco,1192616,27,3,3367,264
2020-07-27,Argentina,NA,Chaco,1192616,22,2,3389,266
2020-07-28,Argentina,NA,Chaco,1192616,82,4,3471,270
2020-07-29,Argentina,NA,Chaco,1192616,65,2,3536,272
2020-07-30,Argentina,NA,Chaco,1192616,56,3,3592,275
2020-07-31,Argentina,NA,Chaco,1192616,51,2,3643,277
2020-08-01,Argentina,NA,Chaco,1192616,44,2,3687,279
2020-08-02,Argentina,NA,Chaco,1192616,29,5,3716,284
2020-08-03,Argentina,NA,Chaco,1192616,55,5,3771,289
2020-08-04,Argentina,NA,Chaco,1192616,69,2,3840,291
2020-08-05,Argentina,NA,Chaco,1192616,47,2,3887,293
2020-08-06,Argentina,NA,Chaco,1192616,75,5,3962,298
2020-08-07,Argentina,NA,Chaco,1192616,54,1,4016,299
2020-08-08,Argentina,NA,Chaco,1192616,72,1,4088,300
2020-08-09,Argentina,NA,Chaco,1192616,14,2,4102,302
2020-08-10,Argentina,NA,Chaco,1192616,64,3,4166,305
2020-08-11,Argentina,NA,Chaco,1192616,70,1,4236,306
2020-08-12,Argentina,NA,Chaco,1192616,58,5,4294,311
2020-08-13,Argentina,NA,Chaco,1192616,53,2,4347,313
2020-08-14,Argentina,NA,Chaco,1192616,38,6,4385,319
2020-08-15,Argentina,NA,Chaco,1192616,73,1,4458,320
2020-08-16,Argentina,NA,Chaco,1192616,69,3,4527,323
2020-08-17,Argentina,NA,Chaco,1192616,55,2,4582,325
2020-08-18,Argentina,NA,Chaco,1192616,50,2,4632,327
2020-08-19,Argentina,NA,Chaco,1192616,79,2,4711,329
2020-08-20,Argentina,NA,Chaco,1192616,60,2,4771,331
2020-08-21,Argentina,NA,Chaco,1192616,53,1,4824,332
2020-08-22,Argentina,NA,Chaco,1192616,52,5,4876,337
2020-08-23,Argentina,NA,Chaco,1192616,40,3,4916,340
2020-08-24,Argentina,NA,Chaco,1192616,50,7,4966,347
2020-08-25,Argentina,NA,Chaco,1192616,83,8,5049,355
2020-08-26,Argentina,NA,Chaco,1192616,52,2,5101,357
2020-08-27,Argentina,NA,Chaco,1192616,75,3,5176,360
2020-08-28,Argentina,NA,Chaco,1192616,93,4,5269,364
2020-08-29,Argentina,NA,Chaco,1192616,71,2,5340,366
2020-08-30,Argentina,NA,Chaco,1192616,63,3,5403,369
2020-08-31,Argentina,NA,Chaco,1192616,76,3,5479,372
2020-09-01,Argentina,NA,Chaco,1192616,83,1,5562,373
2020-09-02,Argentina,NA,Chaco,1192616,107,6,5669,379
2020-09-03,Argentina,NA,Chaco,1192616,95,1,5764,380
2020-09-04,Argentina,NA,Chaco,1192616,123,2,5887,382
2020-09-05,Argentina,NA,Chaco,1192616,124,3,6011,385
2020-09-06,Argentina,NA,Chaco,1192616,45,3,6056,388
2020-09-07,Argentina,NA,Chaco,1192616,91,1,6147,389
2020-09-08,Argentina,NA,Chaco,1192616,122,3,6269,392
2020-09-09,Argentina,NA,Chaco,1192616,144,2,6413,394
2020-09-10,Argentina,NA,Chaco,1192616,97,5,6510,399
2020-09-11,Argentina,NA,Chaco,1192616,135,5,6645,404
2020-09-12,Argentina,NA,Chaco,1192616,98,3,6743,407
2020-09-13,Argentina,NA,Chaco,1192616,43,2,6786,409
2020-09-14,Argentina,NA,Chaco,1192616,82,1,6868,410
2020-09-15,Argentina,NA,Chaco,1192616,11,0,6879,410
2020-06-02,Argentina,NA,Chubut,618994,1,0,11,4
2020-06-03,Argentina,NA,Chubut,618994,0,0,11,4
2020-06-04,Argentina,NA,Chubut,618994,3,0,14,5
2020-06-05,Argentina,NA,Chubut,618994,1,0,15,6
2020-06-06,Argentina,NA,Chubut,618994,6,0,21,8
2020-06-07,Argentina,NA,Chubut,618994,0,0,21,8
2020-06-08,Argentina,NA,Chubut,618994,5,0,26,10
2020-06-09,Argentina,NA,Chubut,618994,1,0,27,11
2020-06-10,Argentina,NA,Chubut,618994,0,1,27,11
2020-06-11,Argentina,NA,Chubut,618994,3,0,30,12
2020-06-12,Argentina,NA,Chubut,618994,8,0,38,13
2020-06-13,Argentina,NA,Chubut,618994,2,0,40,13
2020-06-14,Argentina,NA,Chubut,618994,23,0,63,13
2020-06-15,Argentina,NA,Chubut,618994,9,0,72,13
2020-06-16,Argentina,NA,Chubut,618994,0,0,72,13
2020-06-17,Argentina,NA,Chubut,618994,11,0,83,13
2020-06-18,Argentina,NA,Chubut,618994,3,0,86,13
2020-06-19,Argentina,NA,Chubut,618994,2,0,88,13
2020-06-20,Argentina,NA,Chubut,618994,6,0,94,13
2020-06-21,Argentina,NA,Chubut,618994,4,0,98,13
2020-06-22,Argentina,NA,Chubut,618994,1,0,99,13
2020-06-23,Argentina,NA,Chubut,618994,3,0,102,13
2020-06-24,Argentina,NA,Chubut,618994,1,0,103,13
2020-06-25,Argentina,NA,Chubut,618994,9,2,112,15
2020-06-26,Argentina,NA,Chubut,618994,1,0,113,15
2020-06-27,Argentina,NA,Chubut,618994,5,0,118,15
2020-06-28,Argentina,NA,Chubut,618994,1,0,119,15
2020-06-29,Argentina,NA,Chubut,618994,7,0,126,15
2020-06-30,Argentina,NA,Chubut,618994,4,0,130,15
2020-07-01,Argentina,NA,Chubut,618994,5,0,135,15
2020-07-02,Argentina,NA,Chubut,618994,7,0,142,15
2020-07-03,Argentina,NA,Chubut,618994,5,0,147,15
2020-07-04,Argentina,NA,Chubut,618994,9,0,156,15
2020-07-05,Argentina,NA,Chubut,618994,3,0,159,15
2020-07-06,Argentina,NA,Chubut,618994,5,0,164,15
2020-07-07,Argentina,NA,Chubut,618994,10,0,174,15
2020-07-08,Argentina,NA,Chubut,618994,18,0,192,15
2020-07-09,Argentina,NA,Chubut,618994,4,1,196,16
2020-07-10,Argentina,NA,Chubut,618994,8,0,204,16
2020-07-11,Argentina,NA,Chubut,618994,1,0,205,16
2020-07-12,Argentina,NA,Chubut,618994,7,0,212,16
2020-07-13,Argentina,NA,Chubut,618994,1,0,213,16
2020-07-14,Argentina,NA,Chubut,618994,5,0,218,16
2020-07-15,Argentina,NA,Chubut,618994,1,0,219,16
2020-07-16,Argentina,NA,Chubut,618994,7,0,226,16
2020-07-17,Argentina,NA,Chubut,618994,7,1,233,17
2020-07-18,Argentina,NA,Chubut,618994,3,0,236,17
2020-07-19,Argentina,NA,Chubut,618994,6,0,242,17
2020-07-20,Argentina,NA,Chubut,618994,11,0,253,17
2020-07-21,Argentina,NA,Chubut,618994,1,0,254,17
2020-07-22,Argentina,NA,Chubut,618994,2,0,256,17
2020-07-23,Argentina,NA,Chubut,618994,3,0,259,17
2020-07-24,Argentina,NA,Chubut,618994,3,0,262,17
2020-07-25,Argentina,NA,Chubut,618994,1,0,263,17
2020-07-26,Argentina,NA,Chubut,618994,1,0,264,17
2020-07-27,Argentina,NA,Chubut,618994,4,0,268,17
2020-07-28,Argentina,NA,Chubut,618994,2,0,270,17
2020-07-29,Argentina,NA,Chubut,618994,3,1,273,18
2020-07-30,Argentina,NA,Chubut,618994,2,0,275,18
2020-07-31,Argentina,NA,Chubut,618994,11,0,286,18
2020-08-01,Argentina,NA,Chubut,618994,2,0,288,18
2020-08-02,Argentina,NA,Chubut,618994,4,0,292,18
2020-08-03,Argentina,NA,Chubut,618994,1,0,293,18
2020-08-04,Argentina,NA,Chubut,618994,7,0,300,18
2020-08-05,Argentina,NA,Chubut,618994,5,0,305,18
2020-08-06,Argentina,NA,Chubut,618994,11,0,316,18
2020-08-07,Argentina,NA,Chubut,618994,7,0,323,18
2020-08-08,Argentina,NA,Chubut,618994,20,0,343,18
2020-08-09,Argentina,NA,Chubut,618994,5,0,348,18
2020-08-10,Argentina,NA,Chubut,618994,5,0,353,18
2020-08-11,Argentina,NA,Chubut,618994,7,1,360,19
2020-08-12,Argentina,NA,Chubut,618994,20,0,380,19
2020-08-13,Argentina,NA,Chubut,618994,9,0,389,19
2020-08-14,Argentina,NA,Chubut,618994,2,0,391,19
2020-08-15,Argentina,NA,Chubut,618994,9,0,400,19
2020-08-16,Argentina,NA,Chubut,618994,14,0,414,19
2020-08-17,Argentina,NA,Chubut,618994,9,0,423,19
2020-08-18,Argentina,NA,Chubut,618994,12,1,435,20
2020-08-19,Argentina,NA,Chubut,618994,19,0,454,20
2020-08-20,Argentina,NA,Chubut,618994,11,1,465,21
2020-08-21,Argentina,NA,Chubut,618994,40,0,505,21
2020-08-22,Argentina,NA,Chubut,618994,26,0,531,21
2020-08-23,Argentina,NA,Chubut,618994,18,0,549,21
2020-08-24,Argentina,NA,Chubut,618994,33,0,582,21
2020-08-25,Argentina,NA,Chubut,618994,73,0,655,21
2020-08-26,Argentina,NA,Chubut,618994,45,0,700,21
2020-08-27,Argentina,NA,Chubut,618994,66,1,766,22
2020-08-28,Argentina,NA,Chubut,618994,54,0,820,22
2020-08-29,Argentina,NA,Chubut,618994,36,0,856,22
2020-08-30,Argentina,NA,Chubut,618994,37,0,893,22
2020-08-31,Argentina,NA,Chubut,618994,46,0,939,22
2020-09-01,Argentina,NA,Chubut,618994,35,0,974,22
2020-09-02,Argentina,NA,Chubut,618994,85,0,1059,22
2020-09-03,Argentina,NA,Chubut,618994,49,1,1108,23
2020-09-04,Argentina,NA,Chubut,618994,54,1,1162,24
2020-09-05,Argentina,NA,Chubut,618994,37,0,1199,24
2020-09-06,Argentina,NA,Chubut,618994,20,1,1219,25
2020-09-07,Argentina,NA,Chubut,618994,31,1,1250,26
2020-09-08,Argentina,NA,Chubut,618994,20,0,1270,26
2020-09-09,Argentina,NA,Chubut,618994,28,0,1298,26
2020-09-10,Argentina,NA,Chubut,618994,47,2,1345,28
2020-09-11,Argentina,NA,Chubut,618994,98,2,1443,30
2020-09-12,Argentina,NA,Chubut,618994,33,3,1476,33
2020-09-13,Argentina,NA,Chubut,618994,1,1,1477,34
2020-09-14,Argentina,NA,Chubut,618994,32,2,1509,36
2020-09-15,Argentina,NA,Chubut,618994,6,0,1515,36
2020-03-11,Argentina,NA,City of Buenos Aires,3063728,2,0,12,3
2020-03-12,Argentina,NA,City of Buenos Aires,3063728,1,0,13,3
2020-03-13,Argentina,NA,City of Buenos Aires,3063728,3,0,16,3
2020-03-14,Argentina,NA,City of Buenos Aires,3063728,5,0,21,3
2020-03-15,Argentina,NA,City of Buenos Aires,3063728,7,1,28,4
2020-03-16,Argentina,NA,City of Buenos Aires,3063728,3,0,31,4
2020-03-17,Argentina,NA,City of Buenos Aires,3063728,6,1,37,5
2020-03-18,Argentina,NA,City of Buenos Aires,3063728,17,1,54,6
2020-03-19,Argentina,NA,City of Buenos Aires,3063728,3,3,57,9
2020-03-20,Argentina,NA,City of Buenos Aires,3063728,10,1,67,10
2020-03-21,Argentina,NA,City of Buenos Aires,3063728,27,0,94,10
2020-03-22,Argentina,NA,City of Buenos Aires,3063728,12,1,106,11
2020-03-23,Argentina,NA,City of Buenos Aires,3063728,13,0,119,11
2020-03-24,Argentina,NA,City of Buenos Aires,3063728,27,3,146,14
2020-03-25,Argentina,NA,City of Buenos Aires,3063728,32,3,178,17
2020-03-26,Argentina,NA,City of Buenos Aires,3063728,45,1,223,18
2020-03-27,Argentina,NA,City of Buenos Aires,3063728,23,5,246,23
2020-03-28,Argentina,NA,City of Buenos Aires,3063728,23,6,269,29
2020-03-29,Argentina,NA,City of Buenos Aires,3063728,20,4,289,33
2020-03-30,Argentina,NA,City of Buenos Aires,3063728,16,4,305,37
2020-03-31,Argentina,NA,City of Buenos Aires,3063728,26,3,331,40
2020-04-01,Argentina,NA,City of Buenos Aires,3063728,20,5,351,45
2020-04-02,Argentina,NA,City of Buenos Aires,3063728,34,0,385,45
2020-04-03,Argentina,NA,City of Buenos Aires,3063728,33,4,418,49
2020-04-04,Argentina,NA,City of Buenos Aires,3063728,36,9,454,58
2020-04-05,Argentina,NA,City of Buenos Aires,3063728,20,6,474,64
2020-04-06,Argentina,NA,City of Buenos Aires,3063728,37,8,511,72
2020-04-07,Argentina,NA,City of Buenos Aires,3063728,13,3,524,75
2020-04-08,Argentina,NA,City of Buenos Aires,3063728,28,8,552,83
2020-04-09,Argentina,NA,City of Buenos Aires,3063728,24,16,576,99
2020-04-10,Argentina,NA,City of Buenos Aires,3063728,24,6,600,105
2020-04-11,Argentina,NA,City of Buenos Aires,3063728,8,6,608,111
2020-04-12,Argentina,NA,City of Buenos Aires,3063728,8,6,616,117
2020-04-13,Argentina,NA,City of Buenos Aires,3063728,9,4,625,121
2020-04-14,Argentina,NA,City of Buenos Aires,3063728,16,9,641,130
2020-04-15,Argentina,NA,City of Buenos Aires,3063728,32,11,673,141
2020-04-16,Argentina,NA,City of Buenos Aires,3063728,18,9,691,150
2020-04-17,Argentina,NA,City of Buenos Aires,3063728,15,11,706,161
2020-04-18,Argentina,NA,City of Buenos Aires,3063728,25,2,731,163
2020-04-19,Argentina,NA,City of Buenos Aires,3063728,19,7,750,170
2020-04-20,Argentina,NA,City of Buenos Aires,3063728,15,8,765,178
2020-04-21,Argentina,NA,City of Buenos Aires,3063728,53,8,818,186
2020-04-22,Argentina,NA,City of Buenos Aires,3063728,24,9,842,195
2020-04-23,Argentina,NA,City of Buenos Aires,3063728,49,7,891,202
2020-04-24,Argentina,NA,City of Buenos Aires,3063728,76,12,967,214
2020-04-25,Argentina,NA,City of Buenos Aires,3063728,55,9,1022,223
2020-04-26,Argentina,NA,City of Buenos Aires,3063728,33,6,1055,229
2020-04-27,Argentina,NA,City of Buenos Aires,3063728,39,8,1094,237
2020-04-28,Argentina,NA,City of Buenos Aires,3063728,42,11,1136,248
2020-04-29,Argentina,NA,City of Buenos Aires,3063728,27,12,1163,260
2020-04-30,Argentina,NA,City of Buenos Aires,3063728,26,8,1189,268
2020-05-01,Argentina,NA,City of Buenos Aires,3063728,57,14,1246,282
2020-05-02,Argentina,NA,City of Buenos Aires,3063728,47,4,1293,286
2020-05-03,Argentina,NA,City of Buenos Aires,3063728,41,7,1334,293
2020-05-04,Argentina,NA,City of Buenos Aires,3063728,53,7,1387,300
2020-05-05,Argentina,NA,City of Buenos Aires,3063728,77,5,1464,305
2020-05-06,Argentina,NA,City of Buenos Aires,3063728,103,6,1567,311
2020-05-07,Argentina,NA,City of Buenos Aires,3063728,134,9,1701,320
2020-05-08,Argentina,NA,City of Buenos Aires,3063728,104,6,1805,326
2020-05-09,Argentina,NA,City of Buenos Aires,3063728,146,10,1951,336
2020-05-10,Argentina,NA,City of Buenos Aires,3063728,120,13,2071,349
2020-05-11,Argentina,NA,City of Buenos Aires,3063728,169,9,2240,358
2020-05-12,Argentina,NA,City of Buenos Aires,3063728,168,6,2408,364
2020-05-13,Argentina,NA,City of Buenos Aires,3063728,192,11,2600,375
2020-05-14,Argentina,NA,City of Buenos Aires,3063728,169,2,2769,377
2020-05-15,Argentina,NA,City of Buenos Aires,3063728,264,8,3033,385
2020-05-16,Argentina,NA,City of Buenos Aires,3063728,168,10,3201,395
2020-05-17,Argentina,NA,City of Buenos Aires,3063728,150,11,3351,406
2020-05-18,Argentina,NA,City of Buenos Aires,3063728,179,8,3530,414
2020-05-19,Argentina,NA,City of Buenos Aires,3063728,334,5,3864,419
2020-05-20,Argentina,NA,City of Buenos Aires,3063728,370,9,4234,428
2020-05-21,Argentina,NA,City of Buenos Aires,3063728,435,10,4669,438
2020-05-22,Argentina,NA,City of Buenos Aires,3063728,474,7,5143,445
2020-05-23,Argentina,NA,City of Buenos Aires,3063728,356,7,5499,452
2020-05-24,Argentina,NA,City of Buenos Aires,3063728,334,18,5833,470
2020-05-25,Argentina,NA,City of Buenos Aires,3063728,278,10,6111,480
2020-05-26,Argentina,NA,City of Buenos Aires,3063728,347,13,6458,493
2020-05-27,Argentina,NA,City of Buenos Aires,3063728,397,9,6855,502
2020-05-28,Argentina,NA,City of Buenos Aires,3063728,465,14,7320,516
2020-05-29,Argentina,NA,City of Buenos Aires,3063728,447,15,7767,531
2020-05-30,Argentina,NA,City of Buenos Aires,3063728,349,14,8116,545
2020-05-31,Argentina,NA,City of Buenos Aires,3063728,317,8,8433,553
2020-06-01,Argentina,NA,City of Buenos Aires,3063728,370,11,8803,564
2020-06-02,Argentina,NA,City of Buenos Aires,3063728,411,10,9214,574
2020-06-03,Argentina,NA,City of Buenos Aires,3063728,460,15,9674,589
2020-06-04,Argentina,NA,City of Buenos Aires,3063728,420,23,10094,612
2020-06-05,Argentina,NA,City of Buenos Aires,3063728,476,15,10570,627
2020-06-06,Argentina,NA,City of Buenos Aires,3063728,490,18,11060,645
2020-06-07,Argentina,NA,City of Buenos Aires,3063728,292,11,11352,656
2020-06-08,Argentina,NA,City of Buenos Aires,3063728,505,20,11857,676
2020-06-09,Argentina,NA,City of Buenos Aires,3063728,603,12,12460,688
2020-06-10,Argentina,NA,City of Buenos Aires,3063728,539,19,12999,707
2020-06-11,Argentina,NA,City of Buenos Aires,3063728,652,23,13651,730
2020-06-12,Argentina,NA,City of Buenos Aires,3063728,680,13,14331,743
2020-06-13,Argentina,NA,City of Buenos Aires,3063728,549,17,14880,760
2020-06-14,Argentina,NA,City of Buenos Aires,3063728,474,26,15354,786
2020-06-15,Argentina,NA,City of Buenos Aires,3063728,508,20,15862,806
2020-06-16,Argentina,NA,City of Buenos Aires,3063728,687,27,16549,833
2020-06-17,Argentina,NA,City of Buenos Aires,3063728,722,24,17271,857
2020-06-18,Argentina,NA,City of Buenos Aires,3063728,799,21,18070,878
2020-06-19,Argentina,NA,City of Buenos Aires,3063728,796,20,18866,898
2020-06-20,Argentina,NA,City of Buenos Aires,3063728,809,24,19675,922
2020-06-21,Argentina,NA,City of Buenos Aires,3063728,742,25,20417,947
2020-06-22,Argentina,NA,City of Buenos Aires,3063728,951,24,21368,971
2020-06-23,Argentina,NA,City of Buenos Aires,3063728,974,27,22342,998
2020-06-24,Argentina,NA,City of Buenos Aires,3063728,950,17,23292,1015
2020-06-25,Argentina,NA,City of Buenos Aires,3063728,1016,26,24308,1041
2020-06-26,Argentina,NA,City of Buenos Aires,3063728,975,20,25283,1061
2020-06-27,Argentina,NA,City of Buenos Aires,3063728,705,27,25988,1088
2020-06-28,Argentina,NA,City of Buenos Aires,3063728,737,26,26725,1114
2020-06-29,Argentina,NA,City of Buenos Aires,3063728,804,22,27529,1136
2020-06-30,Argentina,NA,City of Buenos Aires,3063728,922,25,28451,1161
2020-07-01,Argentina,NA,City of Buenos Aires,3063728,815,24,29266,1185
2020-07-02,Argentina,NA,City of Buenos Aires,3063728,955,26,30221,1211
2020-07-03,Argentina,NA,City of Buenos Aires,3063728,1052,26,31273,1237
2020-07-04,Argentina,NA,City of Buenos Aires,3063728,912,25,32185,1262
2020-07-05,Argentina,NA,City of Buenos Aires,3063728,768,31,32953,1293
2020-07-06,Argentina,NA,City of Buenos Aires,3063728,957,14,33910,1307
2020-07-07,Argentina,NA,City of Buenos Aires,3063728,1013,31,34923,1338
2020-07-08,Argentina,NA,City of Buenos Aires,3063728,1199,31,36122,1369
2020-07-09,Argentina,NA,City of Buenos Aires,3063728,1009,22,37131,1391
2020-07-10,Argentina,NA,City of Buenos Aires,3063728,963,23,38094,1414
2020-07-11,Argentina,NA,City of Buenos Aires,3063728,866,34,38960,1448
2020-07-12,Argentina,NA,City of Buenos Aires,3063728,642,35,39602,1483
2020-07-13,Argentina,NA,City of Buenos Aires,3063728,969,37,40571,1520
2020-07-14,Argentina,NA,City of Buenos Aires,3063728,1121,42,41692,1562
2020-07-15,Argentina,NA,City of Buenos Aires,3063728,1182,33,42874,1595
2020-07-16,Argentina,NA,City of Buenos Aires,3063728,1107,46,43981,1641
2020-07-17,Argentina,NA,City of Buenos Aires,3063728,1270,27,45251,1668
2020-07-18,Argentina,NA,City of Buenos Aires,3063728,1130,31,46381,1699
2020-07-19,Argentina,NA,City of Buenos Aires,3063728,860,40,47241,1739
2020-07-20,Argentina,NA,City of Buenos Aires,3063728,1280,44,48521,1783
2020-07-21,Argentina,NA,City of Buenos Aires,3063728,1413,35,49934,1818
2020-07-22,Argentina,NA,City of Buenos Aires,3063728,1208,31,51142,1849
2020-07-23,Argentina,NA,City of Buenos Aires,3063728,1245,26,52387,1875
2020-07-24,Argentina,NA,City of Buenos Aires,3063728,1301,39,53688,1914
2020-07-25,Argentina,NA,City of Buenos Aires,3063728,941,26,54629,1940
2020-07-26,Argentina,NA,City of Buenos Aires,3063728,940,32,55569,1972
2020-07-27,Argentina,NA,City of Buenos Aires,3063728,994,41,56563,2013
2020-07-28,Argentina,NA,City of Buenos Aires,3063728,1252,32,57815,2045
2020-07-29,Argentina,NA,City of Buenos Aires,3063728,1153,34,58968,2079
2020-07-30,Argentina,NA,City of Buenos Aires,3063728,1149,38,60117,2117
2020-07-31,Argentina,NA,City of Buenos Aires,3063728,1147,27,61264,2144
2020-08-01,Argentina,NA,City of Buenos Aires,3063728,1049,32,62313,2176
2020-08-02,Argentina,NA,City of Buenos Aires,3063728,1017,50,63330,2226
2020-08-03,Argentina,NA,City of Buenos Aires,3063728,1364,37,64694,2263
2020-08-04,Argentina,NA,City of Buenos Aires,3063728,1456,33,66150,2296
2020-08-05,Argentina,NA,City of Buenos Aires,3063728,1455,39,67605,2335
2020-08-06,Argentina,NA,City of Buenos Aires,3063728,1207,38,68812,2373
2020-08-07,Argentina,NA,City of Buenos Aires,3063728,1211,39,70023,2412
2020-08-08,Argentina,NA,City of Buenos Aires,3063728,1017,33,71040,2445
2020-08-09,Argentina,NA,City of Buenos Aires,3063728,910,38,71950,2483
2020-08-10,Argentina,NA,City of Buenos Aires,3063728,1140,32,73090,2515
2020-08-11,Argentina,NA,City of Buenos Aires,3063728,1114,33,74204,2548
2020-08-12,Argentina,NA,City of Buenos Aires,3063728,1129,40,75333,2588
2020-08-13,Argentina,NA,City of Buenos Aires,3063728,1190,40,76523,2628
2020-08-14,Argentina,NA,City of Buenos Aires,3063728,1171,31,77694,2659
2020-08-15,Argentina,NA,City of Buenos Aires,3063728,1004,34,78698,2693
2020-08-16,Argentina,NA,City of Buenos Aires,3063728,755,38,79453,2731
2020-08-17,Argentina,NA,City of Buenos Aires,3063728,885,33,80338,2764
2020-08-18,Argentina,NA,City of Buenos Aires,3063728,1165,38,81503,2802
2020-08-19,Argentina,NA,City of Buenos Aires,3063728,1342,37,82845,2839
2020-08-20,Argentina,NA,City of Buenos Aires,3063728,1204,22,84049,2861
2020-08-21,Argentina,NA,City of Buenos Aires,3063728,1147,29,85196,2890
2020-08-22,Argentina,NA,City of Buenos Aires,3063728,1016,29,86212,2919
2020-08-23,Argentina,NA,City of Buenos Aires,3063728,757,29,86969,2948
2020-08-24,Argentina,NA,City of Buenos Aires,3063728,1288,25,88257,2973
2020-08-25,Argentina,NA,City of Buenos Aires,3063728,1377,29,89634,3002
2020-08-26,Argentina,NA,City of Buenos Aires,3063728,1440,34,91074,3036
2020-08-27,Argentina,NA,City of Buenos Aires,3063728,1535,26,92609,3062
2020-08-28,Argentina,NA,City of Buenos Aires,3063728,1330,31,93939,3093
2020-08-29,Argentina,NA,City of Buenos Aires,3063728,1032,28,94971,3121
2020-08-30,Argentina,NA,City of Buenos Aires,3063728,1086,31,96057,3152
2020-08-31,Argentina,NA,City of Buenos Aires,3063728,1250,30,97307,3182
2020-09-01,Argentina,NA,City of Buenos Aires,3063728,1290,41,98597,3223
2020-09-02,Argentina,NA,City of Buenos Aires,3063728,1098,28,99695,3251
2020-09-03,Argentina,NA,City of Buenos Aires,3063728,1172,31,100867,3282
2020-09-04,Argentina,NA,City of Buenos Aires,3063728,1045,34,101912,3316
2020-09-05,Argentina,NA,City of Buenos Aires,3063728,1047,23,102959,3339
2020-09-06,Argentina,NA,City of Buenos Aires,3063728,746,24,103705,3363
2020-09-07,Argentina,NA,City of Buenos Aires,3063728,1052,33,104757,3396
2020-09-08,Argentina,NA,City of Buenos Aires,3063728,1250,31,106007,3427
2020-09-09,Argentina,NA,City of Buenos Aires,3063728,1271,37,107278,3464
2020-09-10,Argentina,NA,City of Buenos Aires,3063728,1089,30,108367,3494
2020-09-11,Argentina,NA,City of Buenos Aires,3063728,1100,29,109467,3523
2020-09-12,Argentina,NA,City of Buenos Aires,3063728,829,21,110296,3544
2020-09-13,Argentina,NA,City of Buenos Aires,3063728,691,19,110987,3563
2020-09-14,Argentina,NA,City of Buenos Aires,3063728,646,22,111633,3585
2020-09-15,Argentina,NA,City of Buenos Aires,3063728,275,9,111908,3594
2020-03-20,Argentina,NA,Cordoba,3722332,4,0,12,0
2020-03-21,Argentina,NA,Cordoba,3722332,0,0,12,0
2020-03-22,Argentina,NA,Cordoba,3722332,8,0,20,0
2020-03-23,Argentina,NA,Cordoba,3722332,3,0,23,0
2020-03-24,Argentina,NA,Cordoba,3722332,6,0,29,0
2020-03-25,Argentina,NA,Cordoba,3722332,8,2,37,2
2020-03-26,Argentina,NA,Cordoba,3722332,1,0,38,2
2020-03-27,Argentina,NA,Cordoba,3722332,1,0,39,2
2020-03-28,Argentina,NA,Cordoba,3722332,3,0,42,2
2020-03-29,Argentina,NA,Cordoba,3722332,17,1,59,3
2020-03-30,Argentina,NA,Cordoba,3722332,9,1,68,4
2020-03-31,Argentina,NA,Cordoba,3722332,5,0,73,4
2020-04-01,Argentina,NA,Cordoba,3722332,16,0,89,4
2020-04-02,Argentina,NA,Cordoba,3722332,20,0,109,4
2020-04-03,Argentina,NA,Cordoba,3722332,4,0,113,4
2020-04-04,Argentina,NA,Cordoba,3722332,5,0,118,4
2020-04-05,Argentina,NA,Cordoba,3722332,8,1,126,5
2020-04-06,Argentina,NA,Cordoba,3722332,7,2,133,7
2020-04-07,Argentina,NA,Cordoba,3722332,5,0,138,7
2020-04-08,Argentina,NA,Cordoba,3722332,6,0,144,7
2020-04-09,Argentina,NA,Cordoba,3722332,20,0,164,7
2020-04-10,Argentina,NA,Cordoba,3722332,33,0,197,7
2020-04-11,Argentina,NA,Cordoba,3722332,6,1,203,8
2020-04-12,Argentina,NA,Cordoba,3722332,6,0,209,8
2020-04-13,Argentina,NA,Cordoba,3722332,14,2,223,10
2020-04-14,Argentina,NA,Cordoba,3722332,14,0,237,10
2020-04-15,Argentina,NA,Cordoba,3722332,2,2,239,12
2020-04-16,Argentina,NA,Cordoba,3722332,6,3,245,15
2020-04-17,Argentina,NA,Cordoba,3722332,2,0,247,15
2020-04-18,Argentina,NA,Cordoba,3722332,11,0,258,15
2020-04-19,Argentina,NA,Cordoba,3722332,0,1,258,16
2020-04-20,Argentina,NA,Cordoba,3722332,1,2,259,18
2020-04-21,Argentina,NA,Cordoba,3722332,2,1,261,19
2020-04-22,Argentina,NA,Cordoba,3722332,4,1,265,20
2020-04-23,Argentina,NA,Cordoba,3722332,2,1,267,21
2020-04-24,Argentina,NA,Cordoba,3722332,1,1,268,22
2020-04-25,Argentina,NA,Cordoba,3722332,1,1,269,23
2020-04-26,Argentina,NA,Cordoba,3722332,2,0,271,23
2020-04-27,Argentina,NA,Cordoba,3722332,2,3,273,26
2020-04-28,Argentina,NA,Cordoba,3722332,0,2,273,28
2020-04-29,Argentina,NA,Cordoba,3722332,3,0,276,28
2020-04-30,Argentina,NA,Cordoba,3722332,13,0,289,28
2020-05-01,Argentina,NA,Cordoba,3722332,13,2,302,30
2020-05-02,Argentina,NA,Cordoba,3722332,0,3,302,33
2020-05-03,Argentina,NA,Cordoba,3722332,7,0,309,33
2020-05-04,Argentina,NA,Cordoba,3722332,1,3,310,36
2020-05-05,Argentina,NA,Cordoba,3722332,6,1,316,37
2020-05-06,Argentina,NA,Cordoba,3722332,2,0,318,37
2020-05-07,Argentina,NA,Cordoba,3722332,3,0,321,37
2020-05-08,Argentina,NA,Cordoba,3722332,3,0,324,37
2020-05-09,Argentina,NA,Cordoba,3722332,8,0,332,37
2020-05-10,Argentina,NA,Cordoba,3722332,14,0,346,37
2020-05-11,Argentina,NA,Cordoba,3722332,3,1,349,38
2020-05-12,Argentina,NA,Cordoba,3722332,7,0,356,38
2020-05-13,Argentina,NA,Cordoba,3722332,8,0,364,38
2020-05-14,Argentina,NA,Cordoba,3722332,3,2,367,40
2020-05-15,Argentina,NA,Cordoba,3722332,7,0,374,40
2020-05-16,Argentina,NA,Cordoba,3722332,18,0,392,40
2020-05-17,Argentina,NA,Cordoba,3722332,16,1,408,41
2020-05-18,Argentina,NA,Cordoba,3722332,16,1,424,42
2020-05-19,Argentina,NA,Cordoba,3722332,3,1,427,43
2020-05-20,Argentina,NA,Cordoba,3722332,12,1,439,44
2020-05-21,Argentina,NA,Cordoba,3722332,8,1,447,45
2020-05-22,Argentina,NA,Cordoba,3722332,0,1,447,46
2020-05-23,Argentina,NA,Cordoba,3722332,0,0,447,46
2020-05-24,Argentina,NA,Cordoba,3722332,6,1,453,47
2020-05-25,Argentina,NA,Cordoba,3722332,1,0,454,47
2020-05-26,Argentina,NA,Cordoba,3722332,0,2,454,49
2020-05-27,Argentina,NA,Cordoba,3722332,1,0,455,49
2020-05-28,Argentina,NA,Cordoba,3722332,0,0,455,49
2020-05-29,Argentina,NA,Cordoba,3722332,0,0,455,49
2020-05-30,Argentina,NA,Cordoba,3722332,1,0,456,49
2020-05-31,Argentina,NA,Cordoba,3722332,0,1,456,50
2020-06-01,Argentina,NA,Cordoba,3722332,0,0,456,50
2020-06-02,Argentina,NA,Cordoba,3722332,2,1,458,51
2020-06-03,Argentina,NA,Cordoba,3722332,0,1,458,52
2020-06-04,Argentina,NA,Cordoba,3722332,4,0,462,52
2020-06-05,Argentina,NA,Cordoba,3722332,1,1,463,53
2020-06-06,Argentina,NA,Cordoba,3722332,0,0,463,53
2020-06-07,Argentina,NA,Cordoba,3722332,0,0,463,53
2020-06-08,Argentina,NA,Cordoba,3722332,1,0,464,53
2020-06-09,Argentina,NA,Cordoba,3722332,4,0,468,53
2020-06-10,Argentina,NA,Cordoba,3722332,2,0,470,53
2020-06-11,Argentina,NA,Cordoba,3722332,11,0,481,53
2020-06-12,Argentina,NA,Cordoba,3722332,2,3,483,56
2020-06-13,Argentina,NA,Cordoba,3722332,8,0,491,56
2020-06-14,Argentina,NA,Cordoba,3722332,5,2,496,58
2020-06-15,Argentina,NA,Cordoba,3722332,2,0,498,58
2020-06-16,Argentina,NA,Cordoba,3722332,3,0,501,58
2020-06-17,Argentina,NA,Cordoba,3722332,7,0,508,58
2020-06-18,Argentina,NA,Cordoba,3722332,15,0,523,58
2020-06-19,Argentina,NA,Cordoba,3722332,18,0,541,58
2020-06-20,Argentina,NA,Cordoba,3722332,17,0,558,58
2020-06-21,Argentina,NA,Cordoba,3722332,19,0,577,58
2020-06-22,Argentina,NA,Cordoba,3722332,3,1,580,59
2020-06-23,Argentina,NA,Cordoba,3722332,19,0,599,59
2020-06-24,Argentina,NA,Cordoba,3722332,3,0,602,59
2020-06-25,Argentina,NA,Cordoba,3722332,8,0,610,59
2020-06-26,Argentina,NA,Cordoba,3722332,20,0,630,59
2020-06-27,Argentina,NA,Cordoba,3722332,3,1,633,60
2020-06-28,Argentina,NA,Cordoba,3722332,4,0,637,60
2020-06-29,Argentina,NA,Cordoba,3722332,4,0,641,60
2020-06-30,Argentina,NA,Cordoba,3722332,11,0,652,60
2020-07-01,Argentina,NA,Cordoba,3722332,9,0,661,60
2020-07-02,Argentina,NA,Cordoba,3722332,10,1,671,61
2020-07-03,Argentina,NA,Cordoba,3722332,8,1,679,62
2020-07-04,Argentina,NA,Cordoba,3722332,14,0,693,62
2020-07-05,Argentina,NA,Cordoba,3722332,18,0,711,62
2020-07-06,Argentina,NA,Cordoba,3722332,40,0,751,62
2020-07-07,Argentina,NA,Cordoba,3722332,36,0,787,62
2020-07-08,Argentina,NA,Cordoba,3722332,36,0,823,62
2020-07-09,Argentina,NA,Cordoba,3722332,11,0,834,62
2020-07-10,Argentina,NA,Cordoba,3722332,35,0,869,62
2020-07-11,Argentina,NA,Cordoba,3722332,31,1,900,63
2020-07-12,Argentina,NA,Cordoba,3722332,47,0,947,63
2020-07-13,Argentina,NA,Cordoba,3722332,29,1,976,64
2020-07-14,Argentina,NA,Cordoba,3722332,32,0,1008,64
2020-07-15,Argentina,NA,Cordoba,3722332,32,0,1040,64
2020-07-16,Argentina,NA,Cordoba,3722332,47,1,1087,65
2020-07-17,Argentina,NA,Cordoba,3722332,82,0,1169,65
2020-07-18,Argentina,NA,Cordoba,3722332,42,1,1211,66
2020-07-19,Argentina,NA,Cordoba,3722332,100,0,1311,66
2020-07-20,Argentina,NA,Cordoba,3722332,71,3,1382,69
2020-07-21,Argentina,NA,Cordoba,3722332,100,1,1482,70
2020-07-22,Argentina,NA,Cordoba,3722332,66,0,1548,70
2020-07-23,Argentina,NA,Cordoba,3722332,79,0,1627,70
2020-07-24,Argentina,NA,Cordoba,3722332,71,1,1698,71
2020-07-25,Argentina,NA,Cordoba,3722332,45,0,1743,71
2020-07-26,Argentina,NA,Cordoba,3722332,117,1,1860,72
2020-07-27,Argentina,NA,Cordoba,3722332,110,0,1970,72
2020-07-28,Argentina,NA,Cordoba,3722332,84,3,2054,75
2020-07-29,Argentina,NA,Cordoba,3722332,104,2,2158,77
2020-07-30,Argentina,NA,Cordoba,3722332,71,1,2229,78
2020-07-31,Argentina,NA,Cordoba,3722332,139,0,2368,78
2020-08-01,Argentina,NA,Cordoba,3722332,92,1,2460,79
2020-08-02,Argentina,NA,Cordoba,3722332,85,1,2545,80
2020-08-03,Argentina,NA,Cordoba,3722332,118,3,2663,83
2020-08-04,Argentina,NA,Cordoba,3722332,206,1,2869,84
2020-08-05,Argentina,NA,Cordoba,3722332,114,3,2983,87
2020-08-06,Argentina,NA,Cordoba,3722332,159,7,3142,94
2020-08-07,Argentina,NA,Cordoba,3722332,188,1,3330,95
2020-08-08,Argentina,NA,Cordoba,3722332,152,2,3482,97
2020-08-09,Argentina,NA,Cordoba,3722332,163,4,3645,101
2020-08-10,Argentina,NA,Cordoba,3722332,175,2,3820,103
2020-08-11,Argentina,NA,Cordoba,3722332,143,3,3963,106
2020-08-12,Argentina,NA,Cordoba,3722332,193,1,4156,107
2020-08-13,Argentina,NA,Cordoba,3722332,184,0,4340,107
2020-08-14,Argentina,NA,Cordoba,3722332,138,0,4478,107
2020-08-15,Argentina,NA,Cordoba,3722332,142,5,4620,112
2020-08-16,Argentina,NA,Cordoba,3722332,119,2,4739,114
2020-08-17,Argentina,NA,Cordoba,3722332,271,3,5010,117
2020-08-18,Argentina,NA,Cordoba,3722332,97,4,5107,121
2020-08-19,Argentina,NA,Cordoba,3722332,264,4,5371,125
2020-08-20,Argentina,NA,Cordoba,3722332,149,2,5520,127
2020-08-21,Argentina,NA,Cordoba,3722332,263,4,5783,131
2020-08-22,Argentina,NA,Cordoba,3722332,177,3,5960,134
2020-08-23,Argentina,NA,Cordoba,3722332,312,5,6272,139
2020-08-24,Argentina,NA,Cordoba,3722332,256,3,6528,142
2020-08-25,Argentina,NA,Cordoba,3722332,392,6,6920,148
2020-08-26,Argentina,NA,Cordoba,3722332,276,1,7196,149
2020-08-27,Argentina,NA,Cordoba,3722332,357,5,7553,154
2020-08-28,Argentina,NA,Cordoba,3722332,400,10,7953,164
2020-08-29,Argentina,NA,Cordoba,3722332,389,3,8342,167
2020-08-30,Argentina,NA,Cordoba,3722332,378,1,8720,168
2020-08-31,Argentina,NA,Cordoba,3722332,441,10,9161,178
2020-09-01,Argentina,NA,Cordoba,3722332,549,5,9710,183
2020-09-02,Argentina,NA,Cordoba,3722332,587,5,10297,188
2020-09-03,Argentina,NA,Cordoba,3722332,467,7,10764,195
2020-09-04,Argentina,NA,Cordoba,3722332,500,7,11264,202
2020-09-05,Argentina,NA,Cordoba,3722332,396,3,11660,205
2020-09-06,Argentina,NA,Cordoba,3722332,417,5,12077,210
2020-09-07,Argentina,NA,Cordoba,3722332,331,7,12408,217
2020-09-08,Argentina,NA,Cordoba,3722332,482,11,12890,228
2020-09-09,Argentina,NA,Cordoba,3722332,361,4,13251,232
2020-09-10,Argentina,NA,Cordoba,3722332,531,5,13782,237
2020-09-11,Argentina,NA,Cordoba,3722332,515,5,14297,242
2020-09-12,Argentina,NA,Cordoba,3722332,819,1,15116,243
2020-09-13,Argentina,NA,Cordoba,3722332,130,2,15246,245
2020-09-14,Argentina,NA,Cordoba,3722332,296,1,15542,246
2020-09-15,Argentina,NA,Cordoba,3722332,140,0,15682,246
2020-03-27,Argentina,NA,Corrientes,1111052,10,0,14,0
2020-03-28,Argentina,NA,Corrientes,1111052,2,0,16,0
2020-03-30,Argentina,NA,Corrientes,1111052,4,0,20,0
2020-03-31,Argentina,NA,Corrientes,1111052,0,0,20,0
2020-04-01,Argentina,NA,Corrientes,1111052,3,0,23,0
2020-04-02,Argentina,NA,Corrientes,1111052,2,0,25,0
2020-04-03,Argentina,NA,Corrientes,1111052,0,0,25,0
2020-04-06,Argentina,NA,Corrientes,1111052,1,0,26,0
2020-04-07,Argentina,NA,Corrientes,1111052,0,0,26,0
2020-04-08,Argentina,NA,Corrientes,1111052,4,0,30,0
2020-04-10,Argentina,NA,Corrientes,1111052,0,0,30,0
2020-04-11,Argentina,NA,Corrientes,1111052,0,0,30,0
2020-04-13,Argentina,NA,Corrientes,1111052,1,0,31,0
2020-04-15,Argentina,NA,Corrientes,1111052,0,0,31,0
2020-04-16,Argentina,NA,Corrientes,1111052,1,0,32,0
2020-04-17,Argentina,NA,Corrientes,1111052,1,0,33,0
2020-04-18,Argentina,NA,Corrientes,1111052,2,0,35,0
2020-04-22,Argentina,NA,Corrientes,1111052,1,0,36,0
2020-04-23,Argentina,NA,Corrientes,1111052,2,0,38,0
2020-04-24,Argentina,NA,Corrientes,1111052,2,0,40,0
2020-04-25,Argentina,NA,Corrientes,1111052,5,0,45,0
2020-04-26,Argentina,NA,Corrientes,1111052,2,0,47,0
2020-04-27,Argentina,NA,Corrientes,1111052,0,0,47,0
2020-04-28,Argentina,NA,Corrientes,1111052,1,0,48,0
2020-04-29,Argentina,NA,Corrientes,1111052,1,0,49,0
2020-04-30,Argentina,NA,Corrientes,1111052,1,0,50,0
2020-05-02,Argentina,NA,Corrientes,1111052,0,0,50,0
2020-05-04,Argentina,NA,Corrientes,1111052,0,0,50,0
2020-05-05,Argentina,NA,Corrientes,1111052,0,0,50,0
2020-05-06,Argentina,NA,Corrientes,1111052,4,0,54,0
2020-05-07,Argentina,NA,Corrientes,1111052,1,0,55,0
2020-05-08,Argentina,NA,Corrientes,1111052,0,0,55,0
2020-05-09,Argentina,NA,Corrientes,1111052,0,0,55,0
2020-05-10,Argentina,NA,Corrientes,1111052,0,0,55,0
2020-05-11,Argentina,NA,Corrientes,1111052,17,0,72,0
2020-05-12,Argentina,NA,Corrientes,1111052,2,0,74,0
2020-05-13,Argentina,NA,Corrientes,1111052,4,0,78,0
2020-05-15,Argentina,NA,Corrientes,1111052,0,0,78,0
2020-05-16,Argentina,NA,Corrientes,1111052,0,0,78,0
2020-05-17,Argentina,NA,Corrientes,1111052,0,0,78,0
2020-05-19,Argentina,NA,Corrientes,1111052,0,0,78,0
2020-05-20,Argentina,NA,Corrientes,1111052,0,0,78,0
2020-05-21,Argentina,NA,Corrientes,1111052,0,0,78,0
2020-05-22,Argentina,NA,Corrientes,1111052,0,0,78,0
2020-05-23,Argentina,NA,Corrientes,1111052,0,0,78,0
2020-05-24,Argentina,NA,Corrientes,1111052,0,1,78,1
2020-05-25,Argentina,NA,Corrientes,1111052,0,0,78,1
2020-05-26,Argentina,NA,Corrientes,1111052,2,0,80,1
2020-05-27,Argentina,NA,Corrientes,1111052,1,0,81,1
2020-05-29,Argentina,NA,Corrientes,1111052,6,0,87,1
2020-05-31,Argentina,NA,Corrientes,1111052,6,0,93,1
2020-06-01,Argentina,NA,Corrientes,1111052,0,0,93,1
2020-06-02,Argentina,NA,Corrientes,1111052,2,0,95,1
2020-06-03,Argentina,NA,Corrientes,1111052,0,0,95,1
2020-06-04,Argentina,NA,Corrientes,1111052,0,1,95,2
2020-06-07,Argentina,NA,Corrientes,1111052,0,0,95,2
2020-06-08,Argentina,NA,Corrientes,1111052,2,0,97,2
2020-06-10,Argentina,NA,Corrientes,1111052,1,0,98,2
2020-06-11,Argentina,NA,Corrientes,1111052,2,0,100,2
2020-06-12,Argentina,NA,Corrientes,1111052,1,0,101,2
2020-06-13,Argentina,NA,Corrientes,1111052,1,0,102,2
2020-06-14,Argentina,NA,Corrientes,1111052,3,0,105,2
2020-06-16,Argentina,NA,Corrientes,1111052,1,0,106,2
2020-06-17,Argentina,NA,Corrientes,1111052,2,0,108,2
2020-06-18,Argentina,NA,Corrientes,1111052,1,0,109,2
2020-06-19,Argentina,NA,Corrientes,1111052,3,0,112,2
2020-06-20,Argentina,NA,Corrientes,1111052,1,0,113,2
2020-06-22,Argentina,NA,Corrientes,1111052,2,0,115,2
2020-06-23,Argentina,NA,Corrientes,1111052,0,0,115,2
2020-06-24,Argentina,NA,Corrientes,1111052,1,0,116,2
2020-06-26,Argentina,NA,Corrientes,1111052,0,0,116,2
2020-06-28,Argentina,NA,Corrientes,1111052,0,0,116,2
2020-06-29,Argentina,NA,Corrientes,1111052,1,0,117,2
2020-06-30,Argentina,NA,Corrientes,1111052,1,0,118,2
2020-07-01,Argentina,NA,Corrientes,1111052,0,0,118,2
2020-07-04,Argentina,NA,Corrientes,1111052,1,0,119,2
2020-07-06,Argentina,NA,Corrientes,1111052,2,0,121,2
2020-07-07,Argentina,NA,Corrientes,1111052,3,0,124,2
2020-07-09,Argentina,NA,Corrientes,1111052,0,0,124,2
2020-07-10,Argentina,NA,Corrientes,1111052,1,0,125,2
2020-07-12,Argentina,NA,Corrientes,1111052,0,0,125,2
2020-07-13,Argentina,NA,Corrientes,1111052,1,0,126,2
2020-07-15,Argentina,NA,Corrientes,1111052,3,0,129,2
2020-07-18,Argentina,NA,Corrientes,1111052,0,1,129,3
2020-07-19,Argentina,NA,Corrientes,1111052,0,0,129,3
2020-07-20,Argentina,NA,Corrientes,1111052,0,0,129,3
2020-07-21,Argentina,NA,Corrientes,1111052,2,0,131,3
2020-07-22,Argentina,NA,Corrientes,1111052,1,0,132,3
2020-07-23,Argentina,NA,Corrientes,1111052,0,0,132,3
2020-07-24,Argentina,NA,Corrientes,1111052,2,0,134,3
2020-07-25,Argentina,NA,Corrientes,1111052,4,0,138,3
2020-07-26,Argentina,NA,Corrientes,1111052,12,0,150,3
2020-07-27,Argentina,NA,Corrientes,1111052,0,0,150,3
2020-07-28,Argentina,NA,Corrientes,1111052,13,0,163,3
2020-07-29,Argentina,NA,Corrientes,1111052,1,0,164,3
2020-07-30,Argentina,NA,Corrientes,1111052,1,0,165,3
2020-07-31,Argentina,NA,Corrientes,1111052,22,1,187,4
2020-08-01,Argentina,NA,Corrientes,1111052,4,0,191,4
2020-08-02,Argentina,NA,Corrientes,1111052,2,0,193,4
2020-08-03,Argentina,NA,Corrientes,1111052,1,0,194,4
2020-08-04,Argentina,NA,Corrientes,1111052,3,0,197,4
2020-08-05,Argentina,NA,Corrientes,1111052,6,0,203,4
2020-08-06,Argentina,NA,Corrientes,1111052,2,0,205,4
2020-08-07,Argentina,NA,Corrientes,1111052,1,0,206,4
2020-08-08,Argentina,NA,Corrientes,1111052,1,1,207,5
2020-08-09,Argentina,NA,Corrientes,1111052,7,0,214,5
2020-08-10,Argentina,NA,Corrientes,1111052,1,0,215,5
2020-08-11,Argentina,NA,Corrientes,1111052,2,0,217,5
2020-08-12,Argentina,NA,Corrientes,1111052,4,0,221,5
2020-08-13,Argentina,NA,Corrientes,1111052,4,0,225,5
2020-08-14,Argentina,NA,Corrientes,1111052,6,0,231,5
2020-08-15,Argentina,NA,Corrientes,1111052,2,0,233,5
2020-08-16,Argentina,NA,Corrientes,1111052,2,0,235,5
2020-08-17,Argentina,NA,Corrientes,1111052,3,0,238,5
2020-08-18,Argentina,NA,Corrientes,1111052,2,0,240,5
2020-08-19,Argentina,NA,Corrientes,1111052,3,0,243,5
2020-08-20,Argentina,NA,Corrientes,1111052,12,0,255,5
2020-08-21,Argentina,NA,Corrientes,1111052,9,0,264,5
2020-08-22,Argentina,NA,Corrientes,1111052,14,0,278,5
2020-08-23,Argentina,NA,Corrientes,1111052,2,0,280,5
2020-08-24,Argentina,NA,Corrientes,1111052,18,0,298,5
2020-08-25,Argentina,NA,Corrientes,1111052,12,0,310,5
2020-08-26,Argentina,NA,Corrientes,1111052,7,0,317,5
2020-08-27,Argentina,NA,Corrientes,1111052,15,0,332,5
2020-08-28,Argentina,NA,Corrientes,1111052,40,0,372,5
2020-08-29,Argentina,NA,Corrientes,1111052,21,0,393,5
2020-08-30,Argentina,NA,Corrientes,1111052,16,0,409,5
2020-08-31,Argentina,NA,Corrientes,1111052,24,0,433,5
2020-09-01,Argentina,NA,Corrientes,1111052,41,0,474,5
2020-09-02,Argentina,NA,Corrientes,1111052,20,0,494,5
2020-09-03,Argentina,NA,Corrientes,1111052,13,0,507,5
2020-09-04,Argentina,NA,Corrientes,1111052,26,0,533,5
2020-09-05,Argentina,NA,Corrientes,1111052,28,0,561,5
2020-09-06,Argentina,NA,Corrientes,1111052,14,0,575,5
2020-09-07,Argentina,NA,Corrientes,1111052,38,0,613,5
2020-09-08,Argentina,NA,Corrientes,1111052,20,0,633,5
2020-09-09,Argentina,NA,Corrientes,1111052,23,0,656,5
2020-09-10,Argentina,NA,Corrientes,1111052,50,0,706,5
2020-09-11,Argentina,NA,Corrientes,1111052,29,0,735,5
2020-09-12,Argentina,NA,Corrientes,1111052,12,0,747,5
2020-09-13,Argentina,NA,Corrientes,1111052,25,0,772,5
2020-09-14,Argentina,NA,Corrientes,1111052,2,0,774,5
2020-09-15,Argentina,NA,Corrientes,1111052,3,0,777,5
2020-03-30,Argentina,NA,Entre Rios,1235994,3,2,12,3
2020-03-31,Argentina,NA,Entre Rios,1235994,0,0,12,3
2020-04-01,Argentina,NA,Entre Rios,1235994,2,0,14,3
2020-04-02,Argentina,NA,Entre Rios,1235994,1,0,15,3
2020-04-03,Argentina,NA,Entre Rios,1235994,2,0,17,3
2020-04-04,Argentina,NA,Entre Rios,1235994,1,0,18,3
2020-04-05,Argentina,NA,Entre Rios,1235994,0,0,18,3
2020-04-06,Argentina,NA,Entre Rios,1235994,1,1,19,4
2020-04-07,Argentina,NA,Entre Rios,1235994,0,1,19,5
2020-04-08,Argentina,NA,Entre Rios,1235994,0,2,19,7
2020-04-09,Argentina,NA,Entre Rios,1235994,1,1,20,8
2020-04-10,Argentina,NA,Entre Rios,1235994,0,5,20,8
2020-04-11,Argentina,NA,Entre Rios,1235994,0,1,20,8
2020-04-12,Argentina,NA,Entre Rios,1235994,0,0,20,8
2020-04-13,Argentina,NA,Entre Rios,1235994,0,0,20,8
2020-04-14,Argentina,NA,Entre Rios,1235994,0,2,20,8
2020-04-15,Argentina,NA,Entre Rios,1235994,1,1,21,8
2020-04-16,Argentina,NA,Entre Rios,1235994,0,1,21,8
2020-04-17,Argentina,NA,Entre Rios,1235994,0,0,21,8
2020-04-18,Argentina,NA,Entre Rios,1235994,0,3,21,8
2020-04-19,Argentina,NA,Entre Rios,1235994,0,1,21,8
2020-04-20,Argentina,NA,Entre Rios,1235994,0,4,21,8
2020-04-21,Argentina,NA,Entre Rios,1235994,0,3,21,8
2020-04-22,Argentina,NA,Entre Rios,1235994,0,1,21,8
2020-04-23,Argentina,NA,Entre Rios,1235994,0,1,21,8
2020-04-24,Argentina,NA,Entre Rios,1235994,0,1,21,8
2020-04-25,Argentina,NA,Entre Rios,1235994,0,0,21,8
2020-04-26,Argentina,NA,Entre Rios,1235994,0,0,21,8
2020-04-27,Argentina,NA,Entre Rios,1235994,1,1,22,9
2020-04-28,Argentina,NA,Entre Rios,1235994,0,1,22,9
2020-04-29,Argentina,NA,Entre Rios,1235994,0,0,22,9
2020-04-30,Argentina,NA,Entre Rios,1235994,2,2,24,10
2020-05-01,Argentina,NA,Entre Rios,1235994,0,0,24,10
2020-05-02,Argentina,NA,Entre Rios,1235994,2,2,26,10
2020-05-03,Argentina,NA,Entre Rios,1235994,0,0,26,10
2020-05-04,Argentina,NA,Entre Rios,1235994,1,0,27,11
2020-05-05,Argentina,NA,Entre Rios,1235994,1,2,28,11
2020-05-06,Argentina,NA,Entre Rios,1235994,0,0,28,11
2020-05-07,Argentina,NA,Entre Rios,1235994,0,1,28,11
2020-05-08,Argentina,NA,Entre Rios,1235994,0,1,28,11
2020-05-09,Argentina,NA,Entre Rios,1235994,0,2,28,11
2020-05-10,Argentina,NA,Entre Rios,1235994,0,0,28,11
2020-05-11,Argentina,NA,Entre Rios,1235994,0,1,28,11
2020-05-12,Argentina,NA,Entre Rios,1235994,1,0,29,12
2020-05-13,Argentina,NA,Entre Rios,1235994,0,1,29,12
2020-05-14,Argentina,NA,Entre Rios,1235994,0,0,29,12
2020-05-15,Argentina,NA,Entre Rios,1235994,0,1,29,12
2020-05-16,Argentina,NA,Entre Rios,1235994,0,1,29,12
2020-05-17,Argentina,NA,Entre Rios,1235994,0,1,29,12
2020-05-18,Argentina,NA,Entre Rios,1235994,0,1,29,12
2020-05-19,Argentina,NA,Entre Rios,1235994,0,0,29,12
2020-05-20,Argentina,NA,Entre Rios,1235994,0,2,29,12
2020-05-21,Argentina,NA,Entre Rios,1235994,0,0,29,12
2020-05-22,Argentina,NA,Entre Rios,1235994,0,1,29,12
2020-05-23,Argentina,NA,Entre Rios,1235994,0,0,29,12
2020-05-24,Argentina,NA,Entre Rios,1235994,0,1,29,12
2020-05-25,Argentina,NA,Entre Rios,1235994,0,1,29,12
2020-05-26,Argentina,NA,Entre Rios,1235994,0,2,29,12
2020-05-27,Argentina,NA,Entre Rios,1235994,0,1,29,12
2020-05-28,Argentina,NA,Entre Rios,1235994,1,0,30,12
2020-05-29,Argentina,NA,Entre Rios,1235994,0,0,30,12
2020-05-30,Argentina,NA,Entre Rios,1235994,1,2,31,13
2020-05-31,Argentina,NA,Entre Rios,1235994,0,1,31,13
2020-06-01,Argentina,NA,Entre Rios,1235994,2,1,33,13
2020-06-02,Argentina,NA,Entre Rios,1235994,0,2,33,13
2020-06-03,Argentina,NA,Entre Rios,1235994,2,0,35,14
2020-06-04,Argentina,NA,Entre Rios,1235994,4,3,39,16
2020-06-05,Argentina,NA,Entre Rios,1235994,7,3,46,19
2020-06-06,Argentina,NA,Entre Rios,1235994,4,2,50,21
2020-06-07,Argentina,NA,Entre Rios,1235994,2,1,52,21
2020-06-08,Argentina,NA,Entre Rios,1235994,2,0,54,22
2020-06-09,Argentina,NA,Entre Rios,1235994,3,1,57,23
2020-06-10,Argentina,NA,Entre Rios,1235994,6,1,63,26
2020-06-11,Argentina,NA,Entre Rios,1235994,5,1,68,28
2020-06-12,Argentina,NA,Entre Rios,1235994,2,1,70,29
2020-06-13,Argentina,NA,Entre Rios,1235994,17,1,87,36
2020-06-14,Argentina,NA,Entre Rios,1235994,1,0,88,36
2020-06-15,Argentina,NA,Entre Rios,1235994,9,3,97,40
2020-06-16,Argentina,NA,Entre Rios,1235994,7,1,104,43
2020-06-17,Argentina,NA,Entre Rios,1235994,5,0,109,45
2020-06-18,Argentina,NA,Entre Rios,1235994,4,2,113,47
2020-06-19,Argentina,NA,Entre Rios,1235994,0,0,113,47
2020-06-20,Argentina,NA,Entre Rios,1235994,19,0,132,55
2020-06-21,Argentina,NA,Entre Rios,1235994,8,3,140,58
2020-06-22,Argentina,NA,Entre Rios,1235994,17,0,157,65
2020-06-23,Argentina,NA,Entre Rios,1235994,17,2,174,73
2020-06-24,Argentina,NA,Entre Rios,1235994,24,2,198,83
2020-06-25,Argentina,NA,Entre Rios,1235994,16,0,214,89
2020-06-26,Argentina,NA,Entre Rios,1235994,20,1,234,92
2020-06-27,Argentina,NA,Entre Rios,1235994,10,1,244,93
2020-06-28,Argentina,NA,Entre Rios,1235994,24,0,268,93
2020-06-29,Argentina,NA,Entre Rios,1235994,5,3,273,96
2020-06-30,Argentina,NA,Entre Rios,1235994,5,2,278,98
2020-07-01,Argentina,NA,Entre Rios,1235994,9,2,287,100
2020-07-02,Argentina,NA,Entre Rios,1235994,15,0,302,100
2020-07-03,Argentina,NA,Entre Rios,1235994,10,1,312,101
2020-07-04,Argentina,NA,Entre Rios,1235994,6,1,318,102
2020-07-05,Argentina,NA,Entre Rios,1235994,6,5,324,107
2020-07-06,Argentina,NA,Entre Rios,1235994,6,1,330,108
2020-07-07,Argentina,NA,Entre Rios,1235994,9,3,339,111
2020-07-08,Argentina,NA,Entre Rios,1235994,11,2,350,113
2020-07-09,Argentina,NA,Entre Rios,1235994,20,4,370,117
2020-07-10,Argentina,NA,Entre Rios,1235994,25,0,395,117
2020-07-11,Argentina,NA,Entre Rios,1235994,31,0,426,117
2020-07-12,Argentina,NA,Entre Rios,1235994,60,3,486,120
2020-07-13,Argentina,NA,Entre Rios,1235994,43,3,529,123
2020-07-14,Argentina,NA,Entre Rios,1235994,20,2,549,125
2020-07-15,Argentina,NA,Entre Rios,1235994,9,3,558,128
2020-07-16,Argentina,NA,Entre Rios,1235994,14,0,572,128
2020-07-17,Argentina,NA,Entre Rios,1235994,24,1,596,129
2020-07-18,Argentina,NA,Entre Rios,1235994,15,0,611,129
2020-07-19,Argentina,NA,Entre Rios,1235994,14,1,625,130
2020-07-20,Argentina,NA,Entre Rios,1235994,19,2,644,132
2020-07-21,Argentina,NA,Entre Rios,1235994,11,3,655,135
2020-07-22,Argentina,NA,Entre Rios,1235994,28,1,683,136
2020-07-23,Argentina,NA,Entre Rios,1235994,28,0,711,136
2020-07-24,Argentina,NA,Entre Rios,1235994,10,1,721,137
2020-07-25,Argentina,NA,Entre Rios,1235994,17,3,738,140
2020-07-26,Argentina,NA,Entre Rios,1235994,22,0,760,140
2020-07-27,Argentina,NA,Entre Rios,1235994,4,3,764,143
2020-07-28,Argentina,NA,Entre Rios,1235994,8,3,772,146
2020-07-29,Argentina,NA,Entre Rios,1235994,14,0,786,146
2020-07-30,Argentina,NA,Entre Rios,1235994,22,0,808,146
2020-07-31,Argentina,NA,Entre Rios,1235994,12,0,820,146
2020-08-01,Argentina,NA,Entre Rios,1235994,12,1,832,147
2020-08-02,Argentina,NA,Entre Rios,1235994,22,3,854,150
2020-08-03,Argentina,NA,Entre Rios,1235994,31,1,885,151
2020-08-04,Argentina,NA,Entre Rios,1235994,23,0,908,151
2020-08-05,Argentina,NA,Entre Rios,1235994,42,4,950,155
2020-08-06,Argentina,NA,Entre Rios,1235994,67,0,1017,155
2020-08-07,Argentina,NA,Entre Rios,1235994,48,0,1065,155
2020-08-08,Argentina,NA,Entre Rios,1235994,31,0,1096,155
2020-08-09,Argentina,NA,Entre Rios,1235994,72,0,1168,155
2020-08-10,Argentina,NA,Entre Rios,1235994,48,2,1216,157
2020-08-11,Argentina,NA,Entre Rios,1235994,35,1,1251,158
2020-08-12,Argentina,NA,Entre Rios,1235994,67,2,1318,160
2020-08-13,Argentina,NA,Entre Rios,1235994,61,2,1379,162
2020-08-14,Argentina,NA,Entre Rios,1235994,110,3,1489,165
2020-08-15,Argentina,NA,Entre Rios,1235994,89,2,1578,167
2020-08-16,Argentina,NA,Entre Rios,1235994,75,3,1653,170
2020-08-17,Argentina,NA,Entre Rios,1235994,60,1,1713,171
2020-08-18,Argentina,NA,Entre Rios,1235994,56,2,1769,173
2020-08-19,Argentina,NA,Entre Rios,1235994,43,0,1812,173
2020-08-20,Argentina,NA,Entre Rios,1235994,60,3,1872,176
2020-08-21,Argentina,NA,Entre Rios,1235994,125,0,1997,176
2020-08-22,Argentina,NA,Entre Rios,1235994,146,2,2143,178
2020-08-23,Argentina,NA,Entre Rios,1235994,91,0,2234,178
2020-08-24,Argentina,NA,Entre Rios,1235994,122,3,2356,181
2020-08-25,Argentina,NA,Entre Rios,1235994,106,3,2462,184
2020-08-26,Argentina,NA,Entre Rios,1235994,99,3,2561,187
2020-08-27,Argentina,NA,Entre Rios,1235994,155,3,2716,190
2020-08-28,Argentina,NA,Entre Rios,1235994,180,3,2896,193
2020-08-29,Argentina,NA,Entre Rios,1235994,96,9,2992,202
2020-08-30,Argentina,NA,Entre Rios,1235994,125,6,3117,208
2020-08-31,Argentina,NA,Entre Rios,1235994,236,5,3353,213
2020-09-01,Argentina,NA,Entre Rios,1235994,179,3,3532,216
2020-09-02,Argentina,NA,Entre Rios,1235994,122,2,3654,218
2020-09-03,Argentina,NA,Entre Rios,1235994,178,3,3832,221
2020-09-04,Argentina,NA,Entre Rios,1235994,144,2,3976,223
2020-09-05,Argentina,NA,Entre Rios,1235994,73,5,4049,228
2020-09-06,Argentina,NA,Entre Rios,1235994,40,5,4089,233
2020-09-07,Argentina,NA,Entre Rios,1235994,84,2,4173,235
2020-09-08,Argentina,NA,Entre Rios,1235994,122,4,4295,239
2020-09-09,Argentina,NA,Entre Rios,1235994,77,4,4372,243
2020-09-10,Argentina,NA,Entre Rios,1235994,143,8,4515,251
2020-09-11,Argentina,NA,Entre Rios,1235994,129,1,4644,252
2020-09-12,Argentina,NA,Entre Rios,1235994,120,2,4764,254
2020-09-13,Argentina,NA,Entre Rios,1235994,57,4,4821,258
2020-09-14,Argentina,NA,Entre Rios,1235994,95,1,4916,259
2020-09-15,Argentina,NA,Entre Rios,1235994,56,1,4972,260
2020-06-16,Argentina,NA,Jujuy,762440,4,0,11,1
2020-06-17,Argentina,NA,Jujuy,762440,4,0,15,1
2020-06-18,Argentina,NA,Jujuy,762440,4,0,19,1
2020-06-19,Argentina,NA,Jujuy,762440,5,0,24,1
2020-06-20,Argentina,NA,Jujuy,762440,13,0,37,1
2020-06-21,Argentina,NA,Jujuy,762440,5,0,42,1
2020-06-22,Argentina,NA,Jujuy,762440,6,1,48,2
2020-06-23,Argentina,NA,Jujuy,762440,3,0,51,2
2020-06-24,Argentina,NA,Jujuy,762440,5,0,56,2
2020-06-25,Argentina,NA,Jujuy,762440,10,0,66,2
2020-06-26,Argentina,NA,Jujuy,762440,10,0,76,2
2020-06-27,Argentina,NA,Jujuy,762440,10,0,86,2
2020-06-28,Argentina,NA,Jujuy,762440,4,1,90,3
2020-06-29,Argentina,NA,Jujuy,762440,4,0,94,3
2020-06-30,Argentina,NA,Jujuy,762440,18,0,112,3
2020-07-01,Argentina,NA,Jujuy,762440,18,2,130,5
2020-07-02,Argentina,NA,Jujuy,762440,33,0,163,5
2020-07-03,Argentina,NA,Jujuy,762440,17,1,180,6
2020-07-04,Argentina,NA,Jujuy,762440,36,1,216,7
2020-07-05,Argentina,NA,Jujuy,762440,24,2,240,9
2020-07-06,Argentina,NA,Jujuy,762440,50,1,290,10
2020-07-07,Argentina,NA,Jujuy,762440,29,1,319,11
2020-07-08,Argentina,NA,Jujuy,762440,34,2,353,13
2020-07-09,Argentina,NA,Jujuy,762440,45,1,398,14
2020-07-10,Argentina,NA,Jujuy,762440,39,0,437,14
2020-07-11,Argentina,NA,Jujuy,762440,65,2,502,16
2020-07-12,Argentina,NA,Jujuy,762440,14,4,516,20
2020-07-13,Argentina,NA,Jujuy,762440,41,2,557,22
2020-07-14,Argentina,NA,Jujuy,762440,34,2,591,24
2020-07-15,Argentina,NA,Jujuy,762440,75,4,666,28
2020-07-16,Argentina,NA,Jujuy,762440,68,5,734,33
2020-07-17,Argentina,NA,Jujuy,762440,104,3,838,36
2020-07-18,Argentina,NA,Jujuy,762440,77,1,915,37
2020-07-19,Argentina,NA,Jujuy,762440,47,1,962,38
2020-07-20,Argentina,NA,Jujuy,762440,102,1,1064,39
2020-07-21,Argentina,NA,Jujuy,762440,189,7,1253,46
2020-07-22,Argentina,NA,Jujuy,762440,202,2,1455,48
2020-07-23,Argentina,NA,Jujuy,762440,160,1,1615,49
2020-07-24,Argentina,NA,Jujuy,762440,149,3,1764,52
2020-07-25,Argentina,NA,Jujuy,762440,92,3,1856,55
2020-07-26,Argentina,NA,Jujuy,762440,98,1,1954,56
2020-07-27,Argentina,NA,Jujuy,762440,195,3,2149,59
2020-07-28,Argentina,NA,Jujuy,762440,111,3,2260,62
2020-07-29,Argentina,NA,Jujuy,762440,154,8,2414,70
2020-07-30,Argentina,NA,Jujuy,762440,110,6,2524,76
2020-07-31,Argentina,NA,Jujuy,762440,192,4,2716,80
2020-08-01,Argentina,NA,Jujuy,762440,128,6,2844,86
2020-08-02,Argentina,NA,Jujuy,762440,60,5,2904,91
2020-08-03,Argentina,NA,Jujuy,762440,124,6,3028,97
2020-08-04,Argentina,NA,Jujuy,762440,146,10,3174,107
2020-08-05,Argentina,NA,Jujuy,762440,165,4,3339,111
2020-08-06,Argentina,NA,Jujuy,762440,117,4,3456,115
2020-08-07,Argentina,NA,Jujuy,762440,220,4,3676,119
2020-08-08,Argentina,NA,Jujuy,762440,124,6,3800,125
2020-08-09,Argentina,NA,Jujuy,762440,84,7,3884,132
2020-08-10,Argentina,NA,Jujuy,762440,112,5,3996,137
2020-08-11,Argentina,NA,Jujuy,762440,239,5,4235,142
2020-08-12,Argentina,NA,Jujuy,762440,157,2,4392,144
2020-08-13,Argentina,NA,Jujuy,762440,173,12,4565,156
2020-08-14,Argentina,NA,Jujuy,762440,199,7,4764,163
2020-08-15,Argentina,NA,Jujuy,762440,291,5,5055,168
2020-08-16,Argentina,NA,Jujuy,762440,139,8,5194,176
2020-08-17,Argentina,NA,Jujuy,762440,150,9,5344,185
2020-08-18,Argentina,NA,Jujuy,762440,218,11,5562,196
2020-08-19,Argentina,NA,Jujuy,762440,255,6,5817,202
2020-08-20,Argentina,NA,Jujuy,762440,169,4,5986,206
2020-08-21,Argentina,NA,Jujuy,762440,234,4,6220,210
2020-08-22,Argentina,NA,Jujuy,762440,252,4,6472,214
2020-08-23,Argentina,NA,Jujuy,762440,235,3,6707,217
2020-08-24,Argentina,NA,Jujuy,762440,231,9,6938,226
2020-08-25,Argentina,NA,Jujuy,762440,304,10,7242,236
2020-08-26,Argentina,NA,Jujuy,762440,287,13,7529,249
2020-08-27,Argentina,NA,Jujuy,762440,336,11,7865,260
2020-08-28,Argentina,NA,Jujuy,762440,320,10,8185,270
2020-08-29,Argentina,NA,Jujuy,762440,324,15,8509,285
2020-08-30,Argentina,NA,Jujuy,762440,180,8,8689,293
2020-08-31,Argentina,NA,Jujuy,762440,222,5,8911,298
2020-09-01,Argentina,NA,Jujuy,762440,178,6,9089,304
2020-09-02,Argentina,NA,Jujuy,762440,443,5,9532,309
2020-09-03,Argentina,NA,Jujuy,762440,406,0,9938,309
2020-09-04,Argentina,NA,Jujuy,762440,277,1,10215,310
2020-09-05,Argentina,NA,Jujuy,762440,248,0,10463,310
2020-09-06,Argentina,NA,Jujuy,762440,177,0,10640,310
2020-09-07,Argentina,NA,Jujuy,762440,326,0,10966,310
2020-09-08,Argentina,NA,Jujuy,762440,291,0,11257,310
2020-09-09,Argentina,NA,Jujuy,762440,410,0,11667,310
2020-09-10,Argentina,NA,Jujuy,762440,218,0,11885,310
2020-09-11,Argentina,NA,Jujuy,762440,243,1,12128,311
2020-09-12,Argentina,NA,Jujuy,762440,234,0,12362,311
2020-09-13,Argentina,NA,Jujuy,762440,247,0,12609,311
2020-09-14,Argentina,NA,Jujuy,762440,29,0,12638,311
2020-09-15,Argentina,NA,Jujuy,762440,65,0,12703,311
2020-04-08,Argentina,NA,La Rioja,388386,4,0,13,4
2020-04-09,Argentina,NA,La Rioja,388386,1,0,14,4
2020-04-10,Argentina,NA,La Rioja,388386,2,0,16,4
2020-04-11,Argentina,NA,La Rioja,388386,2,1,18,5
2020-04-12,Argentina,NA,La Rioja,388386,4,0,22,5
2020-04-13,Argentina,NA,La Rioja,388386,6,2,28,7
2020-04-14,Argentina,NA,La Rioja,388386,1,0,29,7
2020-04-15,Argentina,NA,La Rioja,388386,5,0,34,7
2020-04-16,Argentina,NA,La Rioja,388386,1,0,35,7
2020-04-17,Argentina,NA,La Rioja,388386,0,1,35,8
2020-04-18,Argentina,NA,La Rioja,388386,1,0,36,8
2020-04-19,Argentina,NA,La Rioja,388386,3,0,39,8
2020-04-20,Argentina,NA,La Rioja,388386,1,0,40,8
2020-04-21,Argentina,NA,La Rioja,388386,5,2,45,10
2020-04-22,Argentina,NA,La Rioja,388386,0,1,45,11
2020-04-23,Argentina,NA,La Rioja,388386,0,0,45,11
2020-04-24,Argentina,NA,La Rioja,388386,5,0,50,11
2020-04-25,Argentina,NA,La Rioja,388386,1,0,51,11
2020-04-27,Argentina,NA,La Rioja,388386,1,0,52,11
2020-04-28,Argentina,NA,La Rioja,388386,1,0,53,11
2020-04-29,Argentina,NA,La Rioja,388386,0,0,53,11
2020-04-30,Argentina,NA,La Rioja,388386,3,0,56,11
2020-05-01,Argentina,NA,La Rioja,388386,0,0,56,11
2020-05-02,Argentina,NA,La Rioja,388386,0,0,56,11
2020-05-03,Argentina,NA,La Rioja,388386,0,0,56,11
2020-05-04,Argentina,NA,La Rioja,388386,0,0,56,11
2020-05-05,Argentina,NA,La Rioja,388386,1,0,57,11
2020-05-06,Argentina,NA,La Rioja,388386,1,0,58,11
2020-05-07,Argentina,NA,La Rioja,388386,1,1,59,12
2020-05-08,Argentina,NA,La Rioja,388386,0,1,59,13
2020-05-09,Argentina,NA,La Rioja,388386,0,0,59,13
2020-05-10,Argentina,NA,La Rioja,388386,1,0,60,13
2020-05-11,Argentina,NA,La Rioja,388386,0,0,60,13
2020-05-12,Argentina,NA,La Rioja,388386,0,0,60,13
2020-05-13,Argentina,NA,La Rioja,388386,0,0,60,13
2020-05-14,Argentina,NA,La Rioja,388386,0,0,60,13
2020-05-15,Argentina,NA,La Rioja,388386,0,0,60,13
2020-05-16,Argentina,NA,La Rioja,388386,1,0,61,13
2020-05-17,Argentina,NA,La Rioja,388386,2,1,63,14
2020-05-18,Argentina,NA,La Rioja,388386,0,0,63,14
2020-05-19,Argentina,NA,La Rioja,388386,0,0,63,14
2020-05-20,Argentina,NA,La Rioja,388386,0,1,63,15
2020-05-21,Argentina,NA,La Rioja,388386,0,0,63,15
2020-05-22,Argentina,NA,La Rioja,388386,0,0,63,15
2020-05-23,Argentina,NA,La Rioja,388386,0,0,63,15
2020-05-24,Argentina,NA,La Rioja,388386,0,0,63,15
2020-05-25,Argentina,NA,La Rioja,388386,0,0,63,15
2020-05-26,Argentina,NA,La Rioja,388386,0,0,63,15
2020-05-27,Argentina,NA,La Rioja,388386,0,0,63,15
2020-05-28,Argentina,NA,La Rioja,388386,0,1,63,16
2020-05-29,Argentina,NA,La Rioja,388386,0,2,63,18
2020-05-30,Argentina,NA,La Rioja,388386,0,0,63,18
2020-05-31,Argentina,NA,La Rioja,388386,0,0,63,18
2020-06-01,Argentina,NA,La Rioja,388386,0,0,63,18
2020-06-02,Argentina,NA,La Rioja,388386,0,0,63,18
2020-06-03,Argentina,NA,La Rioja,388386,0,0,63,18
2020-06-04,Argentina,NA,La Rioja,388386,0,0,63,18
2020-06-05,Argentina,NA,La Rioja,388386,0,0,63,18
2020-06-06,Argentina,NA,La Rioja,388386,1,2,64,20
2020-06-07,Argentina,NA,La Rioja,388386,0,0,64,20
2020-06-08,Argentina,NA,La Rioja,388386,0,0,64,20
2020-06-09,Argentina,NA,La Rioja,388386,0,0,64,20
2020-06-10,Argentina,NA,La Rioja,388386,0,0,64,20
2020-06-11,Argentina,NA,La Rioja,388386,0,0,64,20
2020-06-12,Argentina,NA,La Rioja,388386,0,0,64,20
2020-06-13,Argentina,NA,La Rioja,388386,0,0,64,20
2020-06-14,Argentina,NA,La Rioja,388386,0,0,64,20
2020-06-15,Argentina,NA,La Rioja,388386,0,0,64,20
2020-06-16,Argentina,NA,La Rioja,388386,0,0,64,20
2020-06-17,Argentina,NA,La Rioja,388386,0,0,64,20
2020-06-18,Argentina,NA,La Rioja,388386,0,1,64,21
2020-06-19,Argentina,NA,La Rioja,388386,0,0,64,21
2020-06-20,Argentina,NA,La Rioja,388386,0,0,64,21
2020-06-21,Argentina,NA,La Rioja,388386,0,0,64,21
2020-06-22,Argentina,NA,La Rioja,388386,1,0,65,21
2020-06-23,Argentina,NA,La Rioja,388386,6,0,71,21
2020-06-24,Argentina,NA,La Rioja,388386,2,0,73,21
2020-06-25,Argentina,NA,La Rioja,388386,1,0,74,21
2020-06-26,Argentina,NA,La Rioja,388386,0,0,74,21
2020-06-27,Argentina,NA,La Rioja,388386,1,1,75,22
2020-06-28,Argentina,NA,La Rioja,388386,5,0,80,22
2020-06-29,Argentina,NA,La Rioja,388386,4,1,84,23
2020-06-30,Argentina,NA,La Rioja,388386,1,0,85,23
2020-07-01,Argentina,NA,La Rioja,388386,3,0,88,23
2020-07-02,Argentina,NA,La Rioja,388386,3,0,91,23
2020-07-03,Argentina,NA,La Rioja,388386,5,0,96,23
2020-07-04,Argentina,NA,La Rioja,388386,5,0,101,23
2020-07-05,Argentina,NA,La Rioja,388386,4,0,105,23
2020-07-06,Argentina,NA,La Rioja,388386,14,1,119,24
2020-07-07,Argentina,NA,La Rioja,388386,6,0,125,24
2020-07-08,Argentina,NA,La Rioja,388386,1,0,126,24
2020-07-09,Argentina,NA,La Rioja,388386,6,1,132,25
2020-07-10,Argentina,NA,La Rioja,388386,5,1,137,26
2020-07-11,Argentina,NA,La Rioja,388386,5,0,142,26
2020-07-12,Argentina,NA,La Rioja,388386,6,0,148,26
2020-07-13,Argentina,NA,La Rioja,388386,8,0,156,26
2020-07-14,Argentina,NA,La Rioja,388386,2,2,158,28
2020-07-15,Argentina,NA,La Rioja,388386,5,0,163,28
2020-07-16,Argentina,NA,La Rioja,388386,5,0,168,28
2020-07-17,Argentina,NA,La Rioja,388386,17,2,185,30
2020-07-18,Argentina,NA,La Rioja,388386,5,1,190,31
2020-07-20,Argentina,NA,La Rioja,388386,1,0,191,31
2020-07-21,Argentina,NA,La Rioja,388386,10,1,201,32
2020-07-22,Argentina,NA,La Rioja,388386,9,1,210,33
2020-07-23,Argentina,NA,La Rioja,388386,10,0,220,33
2020-07-24,Argentina,NA,La Rioja,388386,16,0,236,33
2020-07-25,Argentina,NA,La Rioja,388386,6,0,242,33
2020-07-26,Argentina,NA,La Rioja,388386,10,1,252,34
2020-07-27,Argentina,NA,La Rioja,388386,12,1,264,35
2020-07-28,Argentina,NA,La Rioja,388386,32,1,296,36
2020-07-29,Argentina,NA,La Rioja,388386,11,0,307,36
2020-07-30,Argentina,NA,La Rioja,388386,36,0,343,36
2020-07-31,Argentina,NA,La Rioja,388386,11,2,354,38
2020-08-01,Argentina,NA,La Rioja,388386,6,0,360,38
2020-08-02,Argentina,NA,La Rioja,388386,8,0,368,38
2020-08-03,Argentina,NA,La Rioja,388386,20,2,388,40
2020-08-04,Argentina,NA,La Rioja,388386,26,1,414,41
2020-08-05,Argentina,NA,La Rioja,388386,39,0,453,41
2020-08-06,Argentina,NA,La Rioja,388386,30,1,483,42
2020-08-07,Argentina,NA,La Rioja,388386,36,2,519,44
2020-08-08,Argentina,NA,La Rioja,388386,8,0,527,44
2020-08-09,Argentina,NA,La Rioja,388386,26,0,553,44
2020-08-10,Argentina,NA,La Rioja,388386,28,2,581,46
2020-08-11,Argentina,NA,La Rioja,388386,33,0,614,46
2020-08-12,Argentina,NA,La Rioja,388386,57,2,671,48
2020-08-13,Argentina,NA,La Rioja,388386,48,0,719,48
2020-08-14,Argentina,NA,La Rioja,388386,87,0,806,48
2020-08-15,Argentina,NA,La Rioja,388386,43,2,849,50
2020-08-16,Argentina,NA,La Rioja,388386,27,0,876,50
2020-08-17,Argentina,NA,La Rioja,388386,21,3,897,53
2020-08-18,Argentina,NA,La Rioja,388386,53,3,950,56
2020-08-19,Argentina,NA,La Rioja,388386,46,1,996,57
2020-08-20,Argentina,NA,La Rioja,388386,59,0,1055,57
2020-08-21,Argentina,NA,La Rioja,388386,33,1,1088,58
2020-08-22,Argentina,NA,La Rioja,388386,30,3,1118,61
2020-08-23,Argentina,NA,La Rioja,388386,58,4,1176,65
2020-08-24,Argentina,NA,La Rioja,388386,42,4,1218,69
2020-08-25,Argentina,NA,La Rioja,388386,83,4,1301,73
2020-08-26,Argentina,NA,La Rioja,388386,105,3,1406,76
2020-08-27,Argentina,NA,La Rioja,388386,97,2,1503,78
2020-08-28,Argentina,NA,La Rioja,388386,96,3,1599,81
2020-08-29,Argentina,NA,La Rioja,388386,93,6,1692,87
2020-08-30,Argentina,NA,La Rioja,388386,97,4,1789,91
2020-08-31,Argentina,NA,La Rioja,388386,100,4,1889,95
2020-09-01,Argentina,NA,La Rioja,388386,154,0,2043,95
2020-09-02,Argentina,NA,La Rioja,388386,55,1,2098,96
2020-09-03,Argentina,NA,La Rioja,388386,42,3,2140,99
2020-09-04,Argentina,NA,La Rioja,388386,135,3,2275,102
2020-09-05,Argentina,NA,La Rioja,388386,131,3,2406,105
2020-09-06,Argentina,NA,La Rioja,388386,22,4,2428,109
2020-09-07,Argentina,NA,La Rioja,388386,118,2,2546,111
2020-09-08,Argentina,NA,La Rioja,388386,50,2,2596,113
2020-09-09,Argentina,NA,La Rioja,388386,103,4,2699,117
2020-09-10,Argentina,NA,La Rioja,388386,126,3,2825,120
2020-09-11,Argentina,NA,La Rioja,388386,32,3,2857,123
2020-09-12,Argentina,NA,La Rioja,388386,46,2,2903,125
2020-09-13,Argentina,NA,La Rioja,388386,80,1,2983,126
2020-09-14,Argentina,NA,La Rioja,388386,13,0,2996,126
2020-09-15,Argentina,NA,La Rioja,388386,6,1,3002,127
2020-03-29,Argentina,NA,Mendoza,1969982,1,0,11,2
2020-03-30,Argentina,NA,Mendoza,1969982,0,0,11,2
2020-03-31,Argentina,NA,Mendoza,1969982,2,0,13,2
2020-04-01,Argentina,NA,Mendoza,1969982,10,2,23,4
2020-04-02,Argentina,NA,Mendoza,1969982,2,2,25,6
2020-04-03,Argentina,NA,Mendoza,1969982,3,0,28,6
2020-04-04,Argentina,NA,Mendoza,1969982,2,2,30,8
2020-04-05,Argentina,NA,Mendoza,1969982,1,1,31,9
2020-04-06,Argentina,NA,Mendoza,1969982,0,0,31,9
2020-04-07,Argentina,NA,Mendoza,1969982,5,2,36,11
2020-04-08,Argentina,NA,Mendoza,1969982,5,0,41,11
2020-04-09,Argentina,NA,Mendoza,1969982,7,0,48,11
2020-04-10,Argentina,NA,Mendoza,1969982,2,0,50,11
2020-04-11,Argentina,NA,Mendoza,1969982,5,0,55,11
2020-04-12,Argentina,NA,Mendoza,1969982,2,1,57,12
2020-04-13,Argentina,NA,Mendoza,1969982,1,1,58,13
2020-04-14,Argentina,NA,Mendoza,1969982,4,2,62,15
2020-04-15,Argentina,NA,Mendoza,1969982,1,1,63,16
2020-04-16,Argentina,NA,Mendoza,1969982,4,2,67,18
2020-04-17,Argentina,NA,Mendoza,1969982,1,0,68,18
2020-04-18,Argentina,NA,Mendoza,1969982,1,1,69,19
2020-04-19,Argentina,NA,Mendoza,1969982,1,3,70,22
2020-04-20,Argentina,NA,Mendoza,1969982,1,0,71,22
2020-04-21,Argentina,NA,Mendoza,1969982,2,1,73,23
2020-04-22,Argentina,NA,Mendoza,1969982,1,0,74,23
2020-04-23,Argentina,NA,Mendoza,1969982,0,3,74,26
2020-04-24,Argentina,NA,Mendoza,1969982,0,0,74,26
2020-04-25,Argentina,NA,Mendoza,1969982,1,0,75,26
2020-04-26,Argentina,NA,Mendoza,1969982,0,0,75,26
2020-04-27,Argentina,NA,Mendoza,1969982,0,2,75,28
2020-04-28,Argentina,NA,Mendoza,1969982,1,4,76,31
2020-04-29,Argentina,NA,Mendoza,1969982,3,0,79,32
2020-04-30,Argentina,NA,Mendoza,1969982,5,1,84,33
2020-05-01,Argentina,NA,Mendoza,1969982,0,1,84,34
2020-05-02,Argentina,NA,Mendoza,1969982,0,0,84,34
2020-05-03,Argentina,NA,Mendoza,1969982,0,1,84,35
2020-05-04,Argentina,NA,Mendoza,1969982,1,0,85,35
2020-05-05,Argentina,NA,Mendoza,1969982,0,0,85,35
2020-05-06,Argentina,NA,Mendoza,1969982,0,1,85,35
2020-05-07,Argentina,NA,Mendoza,1969982,0,0,85,35
2020-05-08,Argentina,NA,Mendoza,1969982,1,1,86,36
2020-05-09,Argentina,NA,Mendoza,1969982,0,0,86,36
2020-05-10,Argentina,NA,Mendoza,1969982,0,4,86,36
2020-05-11,Argentina,NA,Mendoza,1969982,0,0,86,36
2020-05-12,Argentina,NA,Mendoza,1969982,1,0,87,36
2020-05-13,Argentina,NA,Mendoza,1969982,0,0,87,36
2020-05-14,Argentina,NA,Mendoza,1969982,0,1,87,36
2020-05-15,Argentina,NA,Mendoza,1969982,0,0,87,36
2020-05-16,Argentina,NA,Mendoza,1969982,0,0,87,36
2020-05-17,Argentina,NA,Mendoza,1969982,0,0,87,36
2020-05-18,Argentina,NA,Mendoza,1969982,0,1,87,36
2020-05-19,Argentina,NA,Mendoza,1969982,0,0,87,36
2020-05-20,Argentina,NA,Mendoza,1969982,0,1,87,36
2020-05-21,Argentina,NA,Mendoza,1969982,1,0,88,36
2020-05-22,Argentina,NA,Mendoza,1969982,0,0,88,36
2020-05-23,Argentina,NA,Mendoza,1969982,0,0,88,36
2020-05-24,Argentina,NA,Mendoza,1969982,0,1,88,36
2020-05-25,Argentina,NA,Mendoza,1969982,0,2,88,36
2020-05-26,Argentina,NA,Mendoza,1969982,0,3,88,36
2020-05-27,Argentina,NA,Mendoza,1969982,0,0,88,36
2020-05-28,Argentina,NA,Mendoza,1969982,0,2,88,36
2020-05-29,Argentina,NA,Mendoza,1969982,3,1,91,38
2020-05-30,Argentina,NA,Mendoza,1969982,0,0,91,38
2020-05-31,Argentina,NA,Mendoza,1969982,8,0,99,41
2020-06-01,Argentina,NA,Mendoza,1969982,0,0,99,41
2020-06-02,Argentina,NA,Mendoza,1969982,0,1,99,41
2020-06-03,Argentina,NA,Mendoza,1969982,0,0,99,41
2020-06-04,Argentina,NA,Mendoza,1969982,0,0,99,41
2020-06-05,Argentina,NA,Mendoza,1969982,0,0,99,41
2020-06-06,Argentina,NA,Mendoza,1969982,0,0,99,41
2020-06-07,Argentina,NA,Mendoza,1969982,0,1,99,41
2020-06-08,Argentina,NA,Mendoza,1969982,1,0,100,42
2020-06-09,Argentina,NA,Mendoza,1969982,1,0,101,42
2020-06-10,Argentina,NA,Mendoza,1969982,1,0,102,42
2020-06-11,Argentina,NA,Mendoza,1969982,1,1,103,43
2020-06-12,Argentina,NA,Mendoza,1969982,1,0,104,43
2020-06-13,Argentina,NA,Mendoza,1969982,1,0,105,44
2020-06-14,Argentina,NA,Mendoza,1969982,6,0,111,46
2020-06-15,Argentina,NA,Mendoza,1969982,3,1,114,47
2020-06-16,Argentina,NA,Mendoza,1969982,1,1,115,48
2020-06-17,Argentina,NA,Mendoza,1969982,1,2,116,48
2020-06-18,Argentina,NA,Mendoza,1969982,3,0,119,49
2020-06-19,Argentina,NA,Mendoza,1969982,4,0,123,51
2020-06-20,Argentina,NA,Mendoza,1969982,7,0,130,54
2020-06-21,Argentina,NA,Mendoza,1969982,1,0,131,55
2020-06-22,Argentina,NA,Mendoza,1969982,4,1,135,56
2020-06-23,Argentina,NA,Mendoza,1969982,8,2,143,60
2020-06-24,Argentina,NA,Mendoza,1969982,5,0,148,62
2020-06-25,Argentina,NA,Mendoza,1969982,2,0,150,63
2020-06-26,Argentina,NA,Mendoza,1969982,6,0,156,63
2020-06-27,Argentina,NA,Mendoza,1969982,4,2,160,65
2020-06-28,Argentina,NA,Mendoza,1969982,3,1,163,66
2020-06-29,Argentina,NA,Mendoza,1969982,0,0,163,66
2020-06-30,Argentina,NA,Mendoza,1969982,6,0,169,66
2020-07-01,Argentina,NA,Mendoza,1969982,6,0,175,66
2020-07-02,Argentina,NA,Mendoza,1969982,4,0,179,66
2020-07-03,Argentina,NA,Mendoza,1969982,4,0,183,66
2020-07-04,Argentina,NA,Mendoza,1969982,7,0,190,66
2020-07-05,Argentina,NA,Mendoza,1969982,6,1,196,67
2020-07-06,Argentina,NA,Mendoza,1969982,22,1,218,68
2020-07-07,Argentina,NA,Mendoza,1969982,21,0,239,68
2020-07-08,Argentina,NA,Mendoza,1969982,14,1,253,69
2020-07-09,Argentina,NA,Mendoza,1969982,9,0,262,69
2020-07-10,Argentina,NA,Mendoza,1969982,17,0,279,69
2020-07-11,Argentina,NA,Mendoza,1969982,10,0,289,69
2020-07-12,Argentina,NA,Mendoza,1969982,16,0,305,69
2020-07-13,Argentina,NA,Mendoza,1969982,15,1,320,70
2020-07-14,Argentina,NA,Mendoza,1969982,40,0,360,70
2020-07-15,Argentina,NA,Mendoza,1969982,23,2,383,72
2020-07-16,Argentina,NA,Mendoza,1969982,18,3,401,75
2020-07-17,Argentina,NA,Mendoza,1969982,44,2,445,77
2020-07-18,Argentina,NA,Mendoza,1969982,42,2,487,79
2020-07-19,Argentina,NA,Mendoza,1969982,30,1,517,80
2020-07-20,Argentina,NA,Mendoza,1969982,38,1,555,81
2020-07-21,Argentina,NA,Mendoza,1969982,62,0,617,81
2020-07-22,Argentina,NA,Mendoza,1969982,42,2,659,83
2020-07-23,Argentina,NA,Mendoza,1969982,53,3,712,86
2020-07-24,Argentina,NA,Mendoza,1969982,75,1,787,87
2020-07-25,Argentina,NA,Mendoza,1969982,31,4,818,91
2020-07-26,Argentina,NA,Mendoza,1969982,47,2,865,93
2020-07-27,Argentina,NA,Mendoza,1969982,78,2,943,95
2020-07-28,Argentina,NA,Mendoza,1969982,68,3,1011,98
2020-07-29,Argentina,NA,Mendoza,1969982,68,5,1079,103
2020-07-30,Argentina,NA,Mendoza,1969982,109,2,1188,105
2020-07-31,Argentina,NA,Mendoza,1969982,127,1,1315,106
2020-08-01,Argentina,NA,Mendoza,1969982,69,4,1384,110
2020-08-02,Argentina,NA,Mendoza,1969982,111,7,1495,117
2020-08-03,Argentina,NA,Mendoza,1969982,96,3,1591,120
2020-08-04,Argentina,NA,Mendoza,1969982,96,3,1687,123
2020-08-05,Argentina,NA,Mendoza,1969982,83,2,1770,125
2020-08-06,Argentina,NA,Mendoza,1969982,147,2,1917,127
2020-08-07,Argentina,NA,Mendoza,1969982,126,2,2043,129
2020-08-08,Argentina,NA,Mendoza,1969982,117,2,2160,131
2020-08-09,Argentina,NA,Mendoza,1969982,79,3,2239,134
2020-08-10,Argentina,NA,Mendoza,1969982,145,4,2384,138
2020-08-11,Argentina,NA,Mendoza,1969982,178,5,2562,143
2020-08-12,Argentina,NA,Mendoza,1969982,147,3,2709,146
2020-08-13,Argentina,NA,Mendoza,1969982,206,3,2915,149
2020-08-14,Argentina,NA,Mendoza,1969982,237,6,3152,155
2020-08-15,Argentina,NA,Mendoza,1969982,204,3,3356,158
2020-08-16,Argentina,NA,Mendoza,1969982,161,2,3517,160
2020-08-17,Argentina,NA,Mendoza,1969982,144,12,3661,172
2020-08-18,Argentina,NA,Mendoza,1969982,139,4,3800,176
2020-08-19,Argentina,NA,Mendoza,1969982,241,2,4041,178
2020-08-20,Argentina,NA,Mendoza,1969982,271,7,4312,185
2020-08-21,Argentina,NA,Mendoza,1969982,199,4,4511,189
2020-08-22,Argentina,NA,Mendoza,1969982,204,5,4715,194
2020-08-23,Argentina,NA,Mendoza,1969982,139,5,4854,199
2020-08-24,Argentina,NA,Mendoza,1969982,247,8,5101,207
2020-08-25,Argentina,NA,Mendoza,1969982,315,6,5416,213
2020-08-26,Argentina,NA,Mendoza,1969982,305,3,5721,216
2020-08-27,Argentina,NA,Mendoza,1969982,331,7,6052,223
2020-08-28,Argentina,NA,Mendoza,1969982,396,4,6448,227
2020-08-29,Argentina,NA,Mendoza,1969982,339,3,6787,230
2020-08-30,Argentina,NA,Mendoza,1969982,272,9,7059,239
2020-08-31,Argentina,NA,Mendoza,1969982,325,4,7384,243
2020-09-01,Argentina,NA,Mendoza,1969982,485,1,7869,244
2020-09-02,Argentina,NA,Mendoza,1969982,601,2,8470,246
2020-09-03,Argentina,NA,Mendoza,1969982,639,5,9109,251
2020-09-04,Argentina,NA,Mendoza,1969982,637,7,9746,258
2020-09-05,Argentina,NA,Mendoza,1969982,476,3,10222,261
2020-09-06,Argentina,NA,Mendoza,1969982,461,8,10683,269
2020-09-07,Argentina,NA,Mendoza,1969982,551,8,11234,277
2020-09-08,Argentina,NA,Mendoza,1969982,538,6,11772,283
2020-09-09,Argentina,NA,Mendoza,1969982,744,10,12516,293
2020-09-10,Argentina,NA,Mendoza,1969982,721,6,13237,299
2020-09-11,Argentina,NA,Mendoza,1969982,724,2,13961,301
2020-09-12,Argentina,NA,Mendoza,1969982,554,1,14515,302
2020-09-13,Argentina,NA,Mendoza,1969982,329,4,14844,306
2020-09-14,Argentina,NA,Mendoza,1969982,408,2,15252,308
2020-09-15,Argentina,NA,Mendoza,1969982,78,1,15330,309
2020-03-28,Argentina,NA,Neuquen,655501,2,0,11,1
2020-03-29,Argentina,NA,Neuquen,655501,5,0,16,1
2020-03-30,Argentina,NA,Neuquen,655501,4,1,20,2
2020-03-31,Argentina,NA,Neuquen,655501,4,1,24,3
2020-04-01,Argentina,NA,Neuquen,655501,3,0,27,3
2020-04-02,Argentina,NA,Neuquen,655501,3,0,30,3
2020-04-03,Argentina,NA,Neuquen,655501,1,0,31,3
2020-04-04,Argentina,NA,Neuquen,655501,8,0,39,3
2020-04-05,Argentina,NA,Neuquen,655501,11,0,50,3
2020-04-06,Argentina,NA,Neuquen,655501,1,1,51,4
2020-04-07,Argentina,NA,Neuquen,655501,4,0,55,4
2020-04-08,Argentina,NA,Neuquen,655501,12,1,67,5
2020-04-09,Argentina,NA,Neuquen,655501,4,0,71,5
2020-04-10,Argentina,NA,Neuquen,655501,1,0,72,5
2020-04-11,Argentina,NA,Neuquen,655501,1,0,73,5
2020-04-12,Argentina,NA,Neuquen,655501,4,0,77,5
2020-04-13,Argentina,NA,Neuquen,655501,1,0,78,5
2020-04-14,Argentina,NA,Neuquen,655501,2,0,80,5
2020-04-15,Argentina,NA,Neuquen,655501,1,0,81,5
2020-04-16,Argentina,NA,Neuquen,655501,0,0,81,5
2020-04-17,Argentina,NA,Neuquen,655501,3,0,84,5
2020-04-18,Argentina,NA,Neuquen,655501,2,0,86,5
2020-04-19,Argentina,NA,Neuquen,655501,1,0,87,5
2020-04-20,Argentina,NA,Neuquen,655501,4,1,91,6
2020-04-21,Argentina,NA,Neuquen,655501,7,0,98,6
2020-04-22,Argentina,NA,Neuquen,655501,3,0,101,6
2020-04-23,Argentina,NA,Neuquen,655501,0,0,101,6
2020-04-24,Argentina,NA,Neuquen,655501,0,1,101,7
2020-04-25,Argentina,NA,Neuquen,655501,1,0,102,7
2020-04-26,Argentina,NA,Neuquen,655501,3,0,105,7
2020-04-27,Argentina,NA,Neuquen,655501,0,1,105,8
2020-04-28,Argentina,NA,Neuquen,655501,0,1,105,9
2020-04-29,Argentina,NA,Neuquen,655501,2,0,107,9
2020-04-30,Argentina,NA,Neuquen,655501,0,0,107,9
2020-05-01,Argentina,NA,Neuquen,655501,0,0,107,9
2020-05-02,Argentina,NA,Neuquen,655501,0,1,107,10
2020-05-03,Argentina,NA,Neuquen,655501,0,0,107,10
2020-05-04,Argentina,NA,Neuquen,655501,0,0,107,10
2020-05-05,Argentina,NA,Neuquen,655501,1,0,108,10
2020-05-06,Argentina,NA,Neuquen,655501,2,0,110,10
2020-05-07,Argentina,NA,Neuquen,655501,0,0,110,10
2020-05-08,Argentina,NA,Neuquen,655501,0,0,110,10
2020-05-09,Argentina,NA,Neuquen,655501,1,0,111,10
2020-05-10,Argentina,NA,Neuquen,655501,0,0,111,10
2020-05-11,Argentina,NA,Neuquen,655501,0,0,111,10
2020-05-12,Argentina,NA,Neuquen,655501,0,0,111,10
2020-05-13,Argentina,NA,Neuquen,655501,2,0,113,10
2020-05-14,Argentina,NA,Neuquen,655501,1,0,114,10
2020-05-15,Argentina,NA,Neuquen,655501,0,0,114,10
2020-05-16,Argentina,NA,Neuquen,655501,0,0,114,10
2020-05-17,Argentina,NA,Neuquen,655501,0,0,114,10
2020-05-18,Argentina,NA,Neuquen,655501,0,0,114,10
2020-05-19,Argentina,NA,Neuquen,655501,0,0,114,10
2020-05-20,Argentina,NA,Neuquen,655501,0,0,114,10
2020-05-21,Argentina,NA,Neuquen,655501,0,0,114,10
2020-05-22,Argentina,NA,Neuquen,655501,1,0,115,10
2020-05-23,Argentina,NA,Neuquen,655501,0,0,115,10
2020-05-24,Argentina,NA,Neuquen,655501,0,0,115,10
2020-05-25,Argentina,NA,Neuquen,655501,1,0,116,10
2020-05-26,Argentina,NA,Neuquen,655501,1,1,117,11
2020-05-27,Argentina,NA,Neuquen,655501,2,0,119,11
2020-05-28,Argentina,NA,Neuquen,655501,2,0,121,11
2020-05-29,Argentina,NA,Neuquen,655501,4,0,125,11
2020-05-30,Argentina,NA,Neuquen,655501,0,0,125,11
2020-05-31,Argentina,NA,Neuquen,655501,3,0,128,11
2020-06-01,Argentina,NA,Neuquen,655501,4,0,132,11
2020-06-02,Argentina,NA,Neuquen,655501,12,1,144,12
2020-06-03,Argentina,NA,Neuquen,655501,0,1,144,13
2020-06-04,Argentina,NA,Neuquen,655501,1,0,145,13
2020-06-05,Argentina,NA,Neuquen,655501,1,0,146,13
2020-06-06,Argentina,NA,Neuquen,655501,0,0,146,13
2020-06-07,Argentina,NA,Neuquen,655501,0,0,146,13
2020-06-08,Argentina,NA,Neuquen,655501,3,0,149,13
2020-06-09,Argentina,NA,Neuquen,655501,8,0,157,13
2020-06-10,Argentina,NA,Neuquen,655501,14,0,171,13
2020-06-11,Argentina,NA,Neuquen,655501,18,0,189,13
2020-06-12,Argentina,NA,Neuquen,655501,11,1,200,14
2020-06-13,Argentina,NA,Neuquen,655501,10,0,210,14
2020-06-14,Argentina,NA,Neuquen,655501,7,0,217,14
2020-06-15,Argentina,NA,Neuquen,655501,18,1,235,15
2020-06-16,Argentina,NA,Neuquen,655501,12,0,247,15
2020-06-17,Argentina,NA,Neuquen,655501,8,1,255,16
2020-06-18,Argentina,NA,Neuquen,655501,19,0,274,16
2020-06-19,Argentina,NA,Neuquen,655501,16,2,290,18
2020-06-20,Argentina,NA,Neuquen,655501,13,1,303,19
2020-06-21,Argentina,NA,Neuquen,655501,13,0,316,19
2020-06-22,Argentina,NA,Neuquen,655501,24,0,340,19
2020-06-23,Argentina,NA,Neuquen,655501,23,2,363,21
2020-06-24,Argentina,NA,Neuquen,655501,16,1,379,22
2020-06-25,Argentina,NA,Neuquen,655501,28,0,407,22
2020-06-26,Argentina,NA,Neuquen,655501,19,0,426,22
2020-06-27,Argentina,NA,Neuquen,655501,15,1,441,23
2020-06-28,Argentina,NA,Neuquen,655501,16,1,457,24
2020-06-29,Argentina,NA,Neuquen,655501,10,0,467,24
2020-06-30,Argentina,NA,Neuquen,655501,14,0,481,24
2020-07-01,Argentina,NA,Neuquen,655501,18,0,499,24
2020-07-02,Argentina,NA,Neuquen,655501,27,1,526,25
2020-07-03,Argentina,NA,Neuquen,655501,10,2,536,27
2020-07-04,Argentina,NA,Neuquen,655501,14,2,550,29
2020-07-05,Argentina,NA,Neuquen,655501,21,1,571,30
2020-07-06,Argentina,NA,Neuquen,655501,34,0,605,30
2020-07-07,Argentina,NA,Neuquen,655501,22,0,627,30
2020-07-08,Argentina,NA,Neuquen,655501,20,0,647,30
2020-07-09,Argentina,NA,Neuquen,655501,15,0,662,30
2020-07-10,Argentina,NA,Neuquen,655501,13,1,675,31
2020-07-11,Argentina,NA,Neuquen,655501,4,0,679,31
2020-07-12,Argentina,NA,Neuquen,655501,21,0,700,31
2020-07-13,Argentina,NA,Neuquen,655501,41,0,741,31
2020-07-14,Argentina,NA,Neuquen,655501,35,1,776,32
2020-07-15,Argentina,NA,Neuquen,655501,22,0,798,32
2020-07-16,Argentina,NA,Neuquen,655501,16,0,814,32
2020-07-17,Argentina,NA,Neuquen,655501,40,0,854,32
2020-07-18,Argentina,NA,Neuquen,655501,17,0,871,32
2020-07-19,Argentina,NA,Neuquen,655501,17,0,888,32
2020-07-20,Argentina,NA,Neuquen,655501,17,0,905,32
2020-07-21,Argentina,NA,Neuquen,655501,30,0,935,32
2020-07-22,Argentina,NA,Neuquen,655501,17,0,952,32
2020-07-23,Argentina,NA,Neuquen,655501,33,1,985,33
2020-07-24,Argentina,NA,Neuquen,655501,13,0,998,33
2020-07-25,Argentina,NA,Neuquen,655501,23,0,1021,33
2020-07-26,Argentina,NA,Neuquen,655501,16,0,1037,33
2020-07-27,Argentina,NA,Neuquen,655501,44,0,1081,33
2020-07-28,Argentina,NA,Neuquen,655501,30,0,1111,33
2020-07-29,Argentina,NA,Neuquen,655501,17,1,1128,34
2020-07-30,Argentina,NA,Neuquen,655501,33,0,1161,34
2020-07-31,Argentina,NA,Neuquen,655501,24,0,1185,34
2020-08-01,Argentina,NA,Neuquen,655501,19,0,1204,34
2020-08-02,Argentina,NA,Neuquen,655501,23,2,1227,36
2020-08-03,Argentina,NA,Neuquen,655501,16,1,1243,37
2020-08-04,Argentina,NA,Neuquen,655501,75,0,1318,37
2020-08-05,Argentina,NA,Neuquen,655501,28,2,1346,39
2020-08-06,Argentina,NA,Neuquen,655501,40,1,1386,40
2020-08-07,Argentina,NA,Neuquen,655501,48,0,1434,40
2020-08-08,Argentina,NA,Neuquen,655501,27,0,1461,40
2020-08-09,Argentina,NA,Neuquen,655501,29,0,1490,40
2020-08-10,Argentina,NA,Neuquen,655501,83,1,1573,41
2020-08-11,Argentina,NA,Neuquen,655501,86,0,1659,41
2020-08-12,Argentina,NA,Neuquen,655501,35,0,1694,41
2020-08-13,Argentina,NA,Neuquen,655501,46,1,1740,42
2020-08-14,Argentina,NA,Neuquen,655501,40,0,1780,42
2020-08-15,Argentina,NA,Neuquen,655501,43,0,1823,42
2020-08-16,Argentina,NA,Neuquen,655501,50,1,1873,43
2020-08-17,Argentina,NA,Neuquen,655501,56,1,1929,44
2020-08-18,Argentina,NA,Neuquen,655501,33,2,1962,46
2020-08-19,Argentina,NA,Neuquen,655501,50,1,2012,47
2020-08-20,Argentina,NA,Neuquen,655501,64,2,2076,49
2020-08-21,Argentina,NA,Neuquen,655501,88,0,2164,49
2020-08-22,Argentina,NA,Neuquen,655501,83,2,2247,51
2020-08-23,Argentina,NA,Neuquen,655501,70,0,2317,51
2020-08-24,Argentina,NA,Neuquen,655501,104,1,2421,52
2020-08-25,Argentina,NA,Neuquen,655501,85,2,2506,54
2020-08-26,Argentina,NA,Neuquen,655501,135,0,2641,54
2020-08-27,Argentina,NA,Neuquen,655501,98,5,2739,59
2020-08-28,Argentina,NA,Neuquen,655501,100,1,2839,60
2020-08-29,Argentina,NA,Neuquen,655501,93,1,2932,61
2020-08-30,Argentina,NA,Neuquen,655501,69,2,3001,63
2020-08-31,Argentina,NA,Neuquen,655501,139,1,3140,64
2020-09-01,Argentina,NA,Neuquen,655501,148,3,3288,67
2020-09-02,Argentina,NA,Neuquen,655501,110,1,3398,68
2020-09-03,Argentina,NA,Neuquen,655501,137,6,3535,74
2020-09-04,Argentina,NA,Neuquen,655501,191,1,3726,75
2020-09-05,Argentina,NA,Neuquen,655501,141,3,3867,78
2020-09-06,Argentina,NA,Neuquen,655501,110,4,3977,82
2020-09-07,Argentina,NA,Neuquen,655501,122,2,4099,84
2020-09-08,Argentina,NA,Neuquen,655501,168,1,4267,85
2020-09-09,Argentina,NA,Neuquen,655501,113,2,4380,87
2020-09-10,Argentina,NA,Neuquen,655501,114,1,4494,88
2020-09-11,Argentina,NA,Neuquen,655501,151,0,4645,88
2020-09-12,Argentina,NA,Neuquen,655501,40,4,4685,92
2020-09-13,Argentina,NA,Neuquen,655501,246,2,4931,94
2020-09-14,Argentina,NA,Neuquen,655501,43,1,4974,95
2020-09-15,Argentina,NA,Neuquen,655501,8,0,4982,95
2020-04-03,Argentina,NA,Rio Negro,738060,4,0,13,3
2020-04-04,Argentina,NA,Rio Negro,738060,3,0,16,3
2020-04-05,Argentina,NA,Rio Negro,738060,2,0,18,3
2020-04-06,Argentina,NA,Rio Negro,738060,3,0,21,3
2020-04-07,Argentina,NA,Rio Negro,738060,6,1,27,4
2020-04-08,Argentina,NA,Rio Negro,738060,7,0,34,4
2020-04-09,Argentina,NA,Rio Negro,738060,7,2,41,6
2020-04-10,Argentina,NA,Rio Negro,738060,10,0,51,6
2020-04-11,Argentina,NA,Rio Negro,738060,18,0,69,6
2020-04-12,Argentina,NA,Rio Negro,738060,0,0,69,6
2020-04-13,Argentina,NA,Rio Negro,738060,7,1,76,7
2020-04-14,Argentina,NA,Rio Negro,738060,16,0,92,7
2020-04-15,Argentina,NA,Rio Negro,738060,12,0,104,7
2020-04-16,Argentina,NA,Rio Negro,738060,8,0,112,7
2020-04-17,Argentina,NA,Rio Negro,738060,4,0,116,7
2020-04-18,Argentina,NA,Rio Negro,738060,6,0,122,7
2020-04-19,Argentina,NA,Rio Negro,738060,5,1,127,8
2020-04-20,Argentina,NA,Rio Negro,738060,16,2,143,10
2020-04-21,Argentina,NA,Rio Negro,738060,13,0,156,10
2020-04-22,Argentina,NA,Rio Negro,738060,13,0,169,10
2020-04-23,Argentina,NA,Rio Negro,738060,6,0,175,10
2020-04-24,Argentina,NA,Rio Negro,738060,3,1,178,11
2020-04-25,Argentina,NA,Rio Negro,738060,10,1,188,12
2020-04-26,Argentina,NA,Rio Negro,738060,0,0,188,12
2020-04-27,Argentina,NA,Rio Negro,738060,6,1,194,13
2020-04-28,Argentina,NA,Rio Negro,738060,9,0,203,13
2020-04-29,Argentina,NA,Rio Negro,738060,10,1,213,14
2020-04-30,Argentina,NA,Rio Negro,738060,21,0,234,14
2020-05-01,Argentina,NA,Rio Negro,738060,2,0,236,14
2020-05-02,Argentina,NA,Rio Negro,738060,8,0,244,14
2020-05-03,Argentina,NA,Rio Negro,738060,3,1,247,15
2020-05-04,Argentina,NA,Rio Negro,738060,5,2,252,17
2020-05-05,Argentina,NA,Rio Negro,738060,9,0,261,17
2020-05-06,Argentina,NA,Rio Negro,738060,3,1,264,18
2020-05-07,Argentina,NA,Rio Negro,738060,3,0,267,18
2020-05-08,Argentina,NA,Rio Negro,738060,4,0,271,18
2020-05-09,Argentina,NA,Rio Negro,738060,1,1,272,19
2020-05-10,Argentina,NA,Rio Negro,738060,2,1,274,20
2020-05-11,Argentina,NA,Rio Negro,738060,14,0,288,20
2020-05-12,Argentina,NA,Rio Negro,738060,1,0,289,20
2020-05-13,Argentina,NA,Rio Negro,738060,4,1,293,21
2020-05-14,Argentina,NA,Rio Negro,738060,12,0,305,21
2020-05-15,Argentina,NA,Rio Negro,738060,10,1,315,22
2020-05-16,Argentina,NA,Rio Negro,738060,6,1,321,23
2020-05-17,Argentina,NA,Rio Negro,738060,2,0,323,23
2020-05-18,Argentina,NA,Rio Negro,738060,5,0,328,23
2020-05-19,Argentina,NA,Rio Negro,738060,2,1,330,24
2020-05-20,Argentina,NA,Rio Negro,738060,2,0,332,24
2020-05-21,Argentina,NA,Rio Negro,738060,6,1,338,25
2020-05-22,Argentina,NA,Rio Negro,738060,5,3,343,28
2020-05-23,Argentina,NA,Rio Negro,738060,5,0,348,28
2020-05-24,Argentina,NA,Rio Negro,738060,2,0,350,28
2020-05-25,Argentina,NA,Rio Negro,738060,3,1,353,29
2020-05-26,Argentina,NA,Rio Negro,738060,9,0,362,29
2020-05-27,Argentina,NA,Rio Negro,738060,4,0,366,29
2020-05-28,Argentina,NA,Rio Negro,738060,7,0,373,29
2020-05-29,Argentina,NA,Rio Negro,738060,15,0,388,29
2020-05-30,Argentina,NA,Rio Negro,738060,3,0,391,29
2020-05-31,Argentina,NA,Rio Negro,738060,1,1,392,30
2020-06-01,Argentina,NA,Rio Negro,738060,13,0,405,30
2020-06-02,Argentina,NA,Rio Negro,738060,5,0,410,30
2020-06-03,Argentina,NA,Rio Negro,738060,13,2,423,32
2020-06-04,Argentina,NA,Rio Negro,738060,12,0,435,32
2020-06-05,Argentina,NA,Rio Negro,738060,14,0,449,32
2020-06-06,Argentina,NA,Rio Negro,738060,14,1,463,33
2020-06-07,Argentina,NA,Rio Negro,738060,5,1,468,34
2020-06-08,Argentina,NA,Rio Negro,738060,13,3,481,37
2020-06-09,Argentina,NA,Rio Negro,738060,16,1,497,38
2020-06-10,Argentina,NA,Rio Negro,738060,15,1,512,39
2020-06-11,Argentina,NA,Rio Negro,738060,9,3,521,42
2020-06-12,Argentina,NA,Rio Negro,738060,18,1,539,43
2020-06-13,Argentina,NA,Rio Negro,738060,14,1,553,44
2020-06-14,Argentina,NA,Rio Negro,738060,0,0,553,44
2020-06-15,Argentina,NA,Rio Negro,738060,12,1,565,45
2020-06-16,Argentina,NA,Rio Negro,738060,23,0,588,45
2020-06-17,Argentina,NA,Rio Negro,738060,15,3,603,48
2020-06-18,Argentina,NA,Rio Negro,738060,43,1,646,49
2020-06-19,Argentina,NA,Rio Negro,738060,16,1,662,50
2020-06-20,Argentina,NA,Rio Negro,738060,28,2,690,52
2020-06-21,Argentina,NA,Rio Negro,738060,2,2,692,54
2020-06-22,Argentina,NA,Rio Negro,738060,15,2,707,56
2020-06-23,Argentina,NA,Rio Negro,738060,21,1,728,57
2020-06-24,Argentina,NA,Rio Negro,738060,38,1,766,58
2020-06-25,Argentina,NA,Rio Negro,738060,29,0,795,58
2020-06-26,Argentina,NA,Rio Negro,738060,20,1,815,59
2020-06-27,Argentina,NA,Rio Negro,738060,10,0,825,59
2020-06-28,Argentina,NA,Rio Negro,738060,1,0,826,59
2020-06-29,Argentina,NA,Rio Negro,738060,23,0,849,59
2020-06-30,Argentina,NA,Rio Negro,738060,18,0,867,59
2020-07-01,Argentina,NA,Rio Negro,738060,24,0,891,59
2020-07-02,Argentina,NA,Rio Negro,738060,19,0,910,59
2020-07-03,Argentina,NA,Rio Negro,738060,35,0,945,59
2020-07-04,Argentina,NA,Rio Negro,738060,17,0,962,59
2020-07-05,Argentina,NA,Rio Negro,738060,1,3,963,62
2020-07-06,Argentina,NA,Rio Negro,738060,16,2,979,64
2020-07-07,Argentina,NA,Rio Negro,738060,19,0,998,64
2020-07-08,Argentina,NA,Rio Negro,738060,16,2,1014,66
2020-07-09,Argentina,NA,Rio Negro,738060,23,1,1037,67
2020-07-10,Argentina,NA,Rio Negro,738060,26,3,1063,70
2020-07-11,Argentina,NA,Rio Negro,738060,34,0,1097,70
2020-07-12,Argentina,NA,Rio Negro,738060,2,0,1099,70
2020-07-13,Argentina,NA,Rio Negro,738060,52,1,1151,71
2020-07-14,Argentina,NA,Rio Negro,738060,22,2,1173,73
2020-07-15,Argentina,NA,Rio Negro,738060,23,0,1196,73
2020-07-16,Argentina,NA,Rio Negro,738060,52,1,1248,74
2020-07-17,Argentina,NA,Rio Negro,738060,38,3,1286,77
2020-07-18,Argentina,NA,Rio Negro,738060,29,0,1315,77
2020-07-19,Argentina,NA,Rio Negro,738060,7,4,1322,81
2020-07-20,Argentina,NA,Rio Negro,738060,35,3,1357,84
2020-07-21,Argentina,NA,Rio Negro,738060,46,1,1403,85
2020-07-22,Argentina,NA,Rio Negro,738060,60,1,1463,86
2020-07-23,Argentina,NA,Rio Negro,738060,33,0,1496,86
2020-07-24,Argentina,NA,Rio Negro,738060,51,3,1547,89
2020-07-25,Argentina,NA,Rio Negro,738060,47,1,1594,90
2020-07-26,Argentina,NA,Rio Negro,738060,6,1,1600,91
2020-07-27,Argentina,NA,Rio Negro,738060,62,1,1662,92
2020-07-28,Argentina,NA,Rio Negro,738060,66,3,1728,95
2020-07-29,Argentina,NA,Rio Negro,738060,70,2,1798,97
2020-07-30,Argentina,NA,Rio Negro,738060,106,3,1904,100
2020-07-31,Argentina,NA,Rio Negro,738060,103,2,2007,102
2020-08-01,Argentina,NA,Rio Negro,738060,74,1,2081,103
2020-08-02,Argentina,NA,Rio Negro,738060,22,2,2103,105
2020-08-03,Argentina,NA,Rio Negro,738060,183,2,2286,107
2020-08-04,Argentina,NA,Rio Negro,738060,115,3,2401,110
2020-08-05,Argentina,NA,Rio Negro,738060,180,2,2581,112
2020-08-06,Argentina,NA,Rio Negro,738060,144,2,2725,114
2020-08-07,Argentina,NA,Rio Negro,738060,109,0,2834,114
2020-08-08,Argentina,NA,Rio Negro,738060,82,7,2916,121
2020-08-09,Argentina,NA,Rio Negro,738060,32,4,2948,125
2020-08-10,Argentina,NA,Rio Negro,738060,208,5,3156,130
2020-08-11,Argentina,NA,Rio Negro,738060,159,3,3315,133
2020-08-12,Argentina,NA,Rio Negro,738060,151,3,3466,136
2020-08-13,Argentina,NA,Rio Negro,738060,105,3,3571,139
2020-08-14,Argentina,NA,Rio Negro,738060,105,0,3676,139
2020-08-15,Argentina,NA,Rio Negro,738060,102,6,3778,145
2020-08-16,Argentina,NA,Rio Negro,738060,61,3,3839,148
2020-08-17,Argentina,NA,Rio Negro,738060,75,1,3914,149
2020-08-18,Argentina,NA,Rio Negro,738060,122,3,4036,152
2020-08-19,Argentina,NA,Rio Negro,738060,97,7,4133,159
2020-08-20,Argentina,NA,Rio Negro,738060,135,2,4268,161
2020-08-21,Argentina,NA,Rio Negro,738060,173,1,4441,162
2020-08-22,Argentina,NA,Rio Negro,738060,182,4,4623,166
2020-08-23,Argentina,NA,Rio Negro,738060,50,5,4673,171
2020-08-24,Argentina,NA,Rio Negro,738060,165,8,4838,179
2020-08-25,Argentina,NA,Rio Negro,738060,136,6,4974,185
2020-08-26,Argentina,NA,Rio Negro,738060,216,6,5190,191
2020-08-27,Argentina,NA,Rio Negro,738060,135,6,5325,197
2020-08-28,Argentina,NA,Rio Negro,738060,169,3,5494,200
2020-08-29,Argentina,NA,Rio Negro,738060,169,10,5663,210
2020-08-30,Argentina,NA,Rio Negro,738060,55,5,5718,215
2020-08-31,Argentina,NA,Rio Negro,738060,132,3,5850,218
2020-09-01,Argentina,NA,Rio Negro,738060,145,7,5995,225
2020-09-02,Argentina,NA,Rio Negro,738060,143,5,6138,230
2020-09-03,Argentina,NA,Rio Negro,738060,209,4,6347,234
2020-09-04,Argentina,NA,Rio Negro,738060,175,8,6522,242
2020-09-05,Argentina,NA,Rio Negro,738060,170,5,6692,247
2020-09-06,Argentina,NA,Rio Negro,738060,67,8,6759,255
2020-09-07,Argentina,NA,Rio Negro,738060,191,8,6950,263
2020-09-08,Argentina,NA,Rio Negro,738060,266,6,7216,269
2020-09-09,Argentina,NA,Rio Negro,738060,236,8,7452,277
2020-09-10,Argentina,NA,Rio Negro,738060,288,2,7740,279
2020-09-11,Argentina,NA,Rio Negro,738060,191,2,7931,281
2020-09-12,Argentina,NA,Rio Negro,738060,246,5,8177,286
2020-09-13,Argentina,NA,Rio Negro,738060,55,1,8232,287
2020-09-14,Argentina,NA,Rio Negro,738060,193,4,8425,291
2020-09-15,Argentina,NA,Rio Negro,738060,210,1,8635,292
2020-05-31,Argentina,NA,Salta,1406584,3,0,11,4
2020-06-01,Argentina,NA,Salta,1406584,1,0,12,5
2020-06-02,Argentina,NA,Salta,1406584,4,0,16,6
2020-06-03,Argentina,NA,Salta,1406584,0,0,16,6
2020-06-04,Argentina,NA,Salta,1406584,0,0,16,6
2020-06-05,Argentina,NA,Salta,1406584,0,1,16,6
2020-06-06,Argentina,NA,Salta,1406584,0,0,16,6
2020-06-07,Argentina,NA,Salta,1406584,0,1,16,6
2020-06-08,Argentina,NA,Salta,1406584,0,0,16,6
2020-06-09,Argentina,NA,Salta,1406584,1,0,17,7
2020-06-10,Argentina,NA,Salta,1406584,0,0,17,7
2020-06-11,Argentina,NA,Salta,1406584,0,0,17,7
2020-06-13,Argentina,NA,Salta,1406584,2,0,19,7
2020-06-14,Argentina,NA,Salta,1406584,1,0,20,8
2020-06-15,Argentina,NA,Salta,1406584,0,0,20,8
2020-06-16,Argentina,NA,Salta,1406584,0,0,20,8
2020-06-17,Argentina,NA,Salta,1406584,0,0,20,8
2020-06-18,Argentina,NA,Salta,1406584,0,0,20,8
2020-06-19,Argentina,NA,Salta,1406584,0,0,20,8
2020-06-20,Argentina,NA,Salta,1406584,0,0,20,8
2020-06-21,Argentina,NA,Salta,1406584,0,0,20,8
2020-06-22,Argentina,NA,Salta,1406584,1,0,21,8
2020-06-23,Argentina,NA,Salta,1406584,3,0,24,9
2020-06-24,Argentina,NA,Salta,1406584,0,0,24,9
2020-06-25,Argentina,NA,Salta,1406584,0,0,24,9
2020-06-26,Argentina,NA,Salta,1406584,2,0,26,9
2020-06-27,Argentina,NA,Salta,1406584,0,0,26,9
2020-06-28,Argentina,NA,Salta,1406584,0,0,26,9
2020-06-29,Argentina,NA,Salta,1406584,4,0,30,9
2020-06-30,Argentina,NA,Salta,1406584,2,0,32,9
2020-07-01,Argentina,NA,Salta,1406584,0,0,32,9
2020-07-02,Argentina,NA,Salta,1406584,1,1,33,10
2020-07-03,Argentina,NA,Salta,1406584,7,1,40,11
2020-07-04,Argentina,NA,Salta,1406584,10,0,50,11
2020-07-05,Argentina,NA,Salta,1406584,2,0,52,11
2020-07-06,Argentina,NA,Salta,1406584,1,0,53,11
2020-07-07,Argentina,NA,Salta,1406584,10,0,63,11
2020-07-08,Argentina,NA,Salta,1406584,2,0,65,11
2020-07-09,Argentina,NA,Salta,1406584,2,1,67,12
2020-07-10,Argentina,NA,Salta,1406584,5,0,72,12
2020-07-11,Argentina,NA,Salta,1406584,8,0,80,12
2020-07-12,Argentina,NA,Salta,1406584,5,0,85,12
2020-07-13,Argentina,NA,Salta,1406584,6,0,91,12
2020-07-14,Argentina,NA,Salta,1406584,11,0,102,12
2020-07-15,Argentina,NA,Salta,1406584,8,1,110,13
2020-07-16,Argentina,NA,Salta,1406584,4,1,114,14
2020-07-17,Argentina,NA,Salta,1406584,6,0,120,14
2020-07-18,Argentina,NA,Salta,1406584,14,0,134,14
2020-07-19,Argentina,NA,Salta,1406584,2,1,136,15
2020-07-20,Argentina,NA,Salta,1406584,4,0,140,15
2020-07-21,Argentina,NA,Salta,1406584,17,1,157,16
2020-07-22,Argentina,NA,Salta,1406584,12,1,169,17
2020-07-23,Argentina,NA,Salta,1406584,14,0,183,17
2020-07-24,Argentina,NA,Salta,1406584,14,0,197,17
2020-07-25,Argentina,NA,Salta,1406584,12,0,209,17
2020-07-26,Argentina,NA,Salta,1406584,0,2,209,19
2020-07-27,Argentina,NA,Salta,1406584,3,1,212,20
2020-07-28,Argentina,NA,Salta,1406584,4,0,216,20
2020-07-29,Argentina,NA,Salta,1406584,23,0,239,20
2020-07-30,Argentina,NA,Salta,1406584,7,0,246,20
2020-07-31,Argentina,NA,Salta,1406584,20,1,266,21
2020-08-01,Argentina,NA,Salta,1406584,20,0,286,21
2020-08-02,Argentina,NA,Salta,1406584,4,2,290,23
2020-08-03,Argentina,NA,Salta,1406584,31,1,321,24
2020-08-04,Argentina,NA,Salta,1406584,29,0,350,24
2020-08-05,Argentina,NA,Salta,1406584,35,2,385,26
2020-08-06,Argentina,NA,Salta,1406584,64,2,449,28
2020-08-07,Argentina,NA,Salta,1406584,45,1,494,29
2020-08-08,Argentina,NA,Salta,1406584,80,0,574,29
2020-08-09,Argentina,NA,Salta,1406584,31,0,605,29
2020-08-10,Argentina,NA,Salta,1406584,50,1,655,30
2020-08-11,Argentina,NA,Salta,1406584,63,0,718,30
2020-08-12,Argentina,NA,Salta,1406584,91,1,809,31
2020-08-13,Argentina,NA,Salta,1406584,71,1,880,32
2020-08-14,Argentina,NA,Salta,1406584,91,4,971,36
2020-08-15,Argentina,NA,Salta,1406584,102,3,1073,39
2020-08-16,Argentina,NA,Salta,1406584,68,5,1141,44
2020-08-17,Argentina,NA,Salta,1406584,128,2,1269,46
2020-08-18,Argentina,NA,Salta,1406584,87,3,1356,49
2020-08-19,Argentina,NA,Salta,1406584,133,2,1489,51
2020-08-20,Argentina,NA,Salta,1406584,102,5,1591,56
2020-08-21,Argentina,NA,Salta,1406584,136,4,1727,60
2020-08-22,Argentina,NA,Salta,1406584,106,5,1833,65
2020-08-23,Argentina,NA,Salta,1406584,77,6,1910,71
2020-08-24,Argentina,NA,Salta,1406584,150,5,2060,76
2020-08-25,Argentina,NA,Salta,1406584,123,5,2183,81
2020-08-26,Argentina,NA,Salta,1406584,231,3,2414,84
2020-08-27,Argentina,NA,Salta,1406584,282,4,2696,88
2020-08-28,Argentina,NA,Salta,1406584,244,2,2940,90
2020-08-29,Argentina,NA,Salta,1406584,265,4,3205,94
2020-08-30,Argentina,NA,Salta,1406584,121,3,3326,97
2020-08-31,Argentina,NA,Salta,1406584,157,2,3483,99
2020-09-01,Argentina,NA,Salta,1406584,237,1,3720,100
2020-09-02,Argentina,NA,Salta,1406584,193,2,3913,102
2020-09-03,Argentina,NA,Salta,1406584,295,7,4208,109
2020-09-04,Argentina,NA,Salta,1406584,376,4,4584,113
2020-09-05,Argentina,NA,Salta,1406584,296,2,4880,115
2020-09-06,Argentina,NA,Salta,1406584,94,7,4974,122
2020-09-07,Argentina,NA,Salta,1406584,137,1,5111,123
2020-09-08,Argentina,NA,Salta,1406584,332,3,5443,126
2020-09-09,Argentina,NA,Salta,1406584,324,6,5767,132
2020-09-10,Argentina,NA,Salta,1406584,383,4,6150,136
2020-09-11,Argentina,NA,Salta,1406584,327,3,6477,139
2020-09-12,Argentina,NA,Salta,1406584,303,2,6780,141
2020-09-13,Argentina,NA,Salta,1406584,123,3,6903,144
2020-09-14,Argentina,NA,Salta,1406584,274,1,7177,145
2020-09-15,Argentina,NA,Salta,1406584,74,1,7251,146
2020-04-01,Argentina,NA,Santa Cruz,356647,11,0,20,0
2020-04-02,Argentina,NA,Santa Cruz,356647,0,0,20,0
2020-04-03,Argentina,NA,Santa Cruz,356647,1,0,21,0
2020-04-04,Argentina,NA,Santa Cruz,356647,1,0,22,0
2020-04-05,Argentina,NA,Santa Cruz,356647,0,0,22,0
2020-04-06,Argentina,NA,Santa Cruz,356647,0,0,22,0
2020-04-07,Argentina,NA,Santa Cruz,356647,7,0,29,0
2020-04-08,Argentina,NA,Santa Cruz,356647,0,0,29,0
2020-04-09,Argentina,NA,Santa Cruz,356647,2,0,31,0
2020-04-10,Argentina,NA,Santa Cruz,356647,6,0,37,0
2020-04-11,Argentina,NA,Santa Cruz,356647,1,0,38,0
2020-04-12,Argentina,NA,Santa Cruz,356647,0,1,38,1
2020-04-14,Argentina,NA,Santa Cruz,356647,0,0,38,1
2020-04-15,Argentina,NA,Santa Cruz,356647,0,0,38,1
2020-04-16,Argentina,NA,Santa Cruz,356647,0,0,38,1
2020-04-17,Argentina,NA,Santa Cruz,356647,0,0,38,1
2020-04-18,Argentina,NA,Santa Cruz,356647,0,0,38,1
2020-04-19,Argentina,NA,Santa Cruz,356647,0,0,38,1
2020-04-20,Argentina,NA,Santa Cruz,356647,1,0,39,1
2020-04-21,Argentina,NA,Santa Cruz,356647,0,0,39,1
2020-04-22,Argentina,NA,Santa Cruz,356647,0,0,39,1
2020-04-23,Argentina,NA,Santa Cruz,356647,0,0,39,1
2020-04-24,Argentina,NA,Santa Cruz,356647,1,0,40,1
2020-04-25,Argentina,NA,Santa Cruz,356647,0,0,40,1
2020-04-26,Argentina,NA,Santa Cruz,356647,5,0,45,1
2020-04-27,Argentina,NA,Santa Cruz,356647,1,1,46,2
2020-04-28,Argentina,NA,Santa Cruz,356647,0,0,46,2
2020-04-29,Argentina,NA,Santa Cruz,356647,1,1,47,3
2020-05-01,Argentina,NA,Santa Cruz,356647,0,0,47,3
2020-05-02,Argentina,NA,Santa Cruz,356647,0,0,47,3
2020-05-03,Argentina,NA,Santa Cruz,356647,0,0,47,3
2020-05-04,Argentina,NA,Santa Cruz,356647,0,0,47,3
2020-05-05,Argentina,NA,Santa Cruz,356647,0,0,47,3
2020-05-07,Argentina,NA,Santa Cruz,356647,0,0,47,3
2020-05-08,Argentina,NA,Santa Cruz,356647,0,0,47,3
2020-05-11,Argentina,NA,Santa Cruz,356647,0,0,47,3
2020-05-12,Argentina,NA,Santa Cruz,356647,0,0,47,3
2020-05-13,Argentina,NA,Santa Cruz,356647,0,0,47,3
2020-05-14,Argentina,NA,Santa Cruz,356647,0,0,47,3
2020-05-15,Argentina,NA,Santa Cruz,356647,0,0,47,3
2020-05-16,Argentina,NA,Santa Cruz,356647,0,0,47,3
2020-05-18,Argentina,NA,Santa Cruz,356647,0,0,47,3
2020-05-19,Argentina,NA,Santa Cruz,356647,0,0,47,3
2020-05-20,Argentina,NA,Santa Cruz,356647,0,1,47,4
2020-05-21,Argentina,NA,Santa Cruz,356647,0,0,47,4
2020-05-22,Argentina,NA,Santa Cruz,356647,0,0,47,4
2020-05-23,Argentina,NA,Santa Cruz,356647,0,0,47,4
2020-05-24,Argentina,NA,Santa Cruz,356647,0,0,47,4
2020-05-25,Argentina,NA,Santa Cruz,356647,0,0,47,4
2020-05-26,Argentina,NA,Santa Cruz,356647,0,0,47,4
2020-05-27,Argentina,NA,Santa Cruz,356647,0,0,47,4
2020-05-28,Argentina,NA,Santa Cruz,356647,0,0,47,4
2020-05-29,Argentina,NA,Santa Cruz,356647,0,0,47,4
2020-05-30,Argentina,NA,Santa Cruz,356647,1,0,48,4
2020-05-31,Argentina,NA,Santa Cruz,356647,0,0,48,4
2020-06-01,Argentina,NA,Santa Cruz,356647,1,1,49,5
2020-06-02,Argentina,NA,Santa Cruz,356647,0,0,49,5
2020-06-03,Argentina,NA,Santa Cruz,356647,0,0,49,5
2020-06-04,Argentina,NA,Santa Cruz,356647,0,1,49,6
2020-06-05,Argentina,NA,Santa Cruz,356647,0,1,49,7
2020-06-06,Argentina,NA,Santa Cruz,356647,0,0,49,7
2020-06-07,Argentina,NA,Santa Cruz,356647,0,0,49,7
2020-06-08,Argentina,NA,Santa Cruz,356647,0,0,49,7
2020-06-09,Argentina,NA,Santa Cruz,356647,0,0,49,7
2020-06-10,Argentina,NA,Santa Cruz,356647,0,0,49,7
2020-06-11,Argentina,NA,Santa Cruz,356647,0,0,49,7
2020-06-12,Argentina,NA,Santa Cruz,356647,0,0,49,7
2020-06-13,Argentina,NA,Santa Cruz,356647,0,0,49,7
2020-06-14,Argentina,NA,Santa Cruz,356647,0,0,49,7
2020-06-15,Argentina,NA,Santa Cruz,356647,0,0,49,7
2020-06-16,Argentina,NA,Santa Cruz,356647,0,0,49,7
2020-06-17,Argentina,NA,Santa Cruz,356647,0,0,49,7
2020-06-18,Argentina,NA,Santa Cruz,356647,0,1,49,8
2020-06-20,Argentina,NA,Santa Cruz,356647,0,0,49,8
2020-06-21,Argentina,NA,Santa Cruz,356647,0,0,49,8
2020-06-22,Argentina,NA,Santa Cruz,356647,0,0,49,8
2020-06-23,Argentina,NA,Santa Cruz,356647,0,0,49,8
2020-06-24,Argentina,NA,Santa Cruz,356647,0,0,49,8
2020-06-25,Argentina,NA,Santa Cruz,356647,1,0,50,8
2020-06-26,Argentina,NA,Santa Cruz,356647,0,0,50,8
2020-06-27,Argentina,NA,Santa Cruz,356647,0,1,50,9
2020-06-28,Argentina,NA,Santa Cruz,356647,0,0,50,9
2020-06-29,Argentina,NA,Santa Cruz,356647,0,0,50,9
2020-06-30,Argentina,NA,Santa Cruz,356647,0,0,50,9
2020-07-01,Argentina,NA,Santa Cruz,356647,0,0,50,9
2020-07-03,Argentina,NA,Santa Cruz,356647,0,0,50,9
2020-07-04,Argentina,NA,Santa Cruz,356647,5,0,55,9
2020-07-06,Argentina,NA,Santa Cruz,356647,2,0,57,9
2020-07-07,Argentina,NA,Santa Cruz,356647,0,0,57,9
2020-07-08,Argentina,NA,Santa Cruz,356647,0,0,57,9
2020-07-09,Argentina,NA,Santa Cruz,356647,5,0,62,9
2020-07-10,Argentina,NA,Santa Cruz,356647,0,0,62,9
2020-07-11,Argentina,NA,Santa Cruz,356647,0,0,62,9
2020-07-12,Argentina,NA,Santa Cruz,356647,1,0,63,9
2020-07-13,Argentina,NA,Santa Cruz,356647,1,0,64,9
2020-07-14,Argentina,NA,Santa Cruz,356647,1,0,65,9
2020-07-15,Argentina,NA,Santa Cruz,356647,12,0,77,9
2020-07-16,Argentina,NA,Santa Cruz,356647,21,0,98,9
2020-07-17,Argentina,NA,Santa Cruz,356647,24,0,122,9
2020-07-18,Argentina,NA,Santa Cruz,356647,49,0,171,9
2020-07-19,Argentina,NA,Santa Cruz,356647,46,0,217,9
2020-07-20,Argentina,NA,Santa Cruz,356647,17,0,234,9
2020-07-21,Argentina,NA,Santa Cruz,356647,8,0,242,9
2020-07-22,Argentina,NA,Santa Cruz,356647,41,0,283,9
2020-07-23,Argentina,NA,Santa Cruz,356647,10,0,293,9
2020-07-24,Argentina,NA,Santa Cruz,356647,33,1,326,10
2020-07-25,Argentina,NA,Santa Cruz,356647,27,0,353,10
2020-07-26,Argentina,NA,Santa Cruz,356647,26,1,379,11
2020-07-27,Argentina,NA,Santa Cruz,356647,15,0,394,11
2020-07-28,Argentina,NA,Santa Cruz,356647,9,2,403,13
2020-07-29,Argentina,NA,Santa Cruz,356647,42,0,445,13
2020-07-30,Argentina,NA,Santa Cruz,356647,20,1,465,14
2020-07-31,Argentina,NA,Santa Cruz,356647,22,1,487,15
2020-08-01,Argentina,NA,Santa Cruz,356647,37,0,524,15
2020-08-02,Argentina,NA,Santa Cruz,356647,23,1,547,16
2020-08-03,Argentina,NA,Santa Cruz,356647,18,0,565,16
2020-08-04,Argentina,NA,Santa Cruz,356647,50,0,615,16
2020-08-05,Argentina,NA,Santa Cruz,356647,41,0,656,16
2020-08-06,Argentina,NA,Santa Cruz,356647,55,0,711,16
2020-08-07,Argentina,NA,Santa Cruz,356647,24,0,735,16
2020-08-08,Argentina,NA,Santa Cruz,356647,40,0,775,16
2020-08-09,Argentina,NA,Santa Cruz,356647,25,0,800,16
2020-08-10,Argentina,NA,Santa Cruz,356647,23,0,823,16
2020-08-11,Argentina,NA,Santa Cruz,356647,43,0,866,16
2020-08-12,Argentina,NA,Santa Cruz,356647,46,1,912,17
2020-08-13,Argentina,NA,Santa Cruz,356647,51,0,963,17
2020-08-14,Argentina,NA,Santa Cruz,356647,30,0,993,17
2020-08-15,Argentina,NA,Santa Cruz,356647,25,2,1018,19
2020-08-16,Argentina,NA,Santa Cruz,356647,51,0,1069,19
2020-08-17,Argentina,NA,Santa Cruz,356647,12,1,1081,20
2020-08-18,Argentina,NA,Santa Cruz,356647,44,1,1125,21
2020-08-19,Argentina,NA,Santa Cruz,356647,50,0,1175,21
2020-08-20,Argentina,NA,Santa Cruz,356647,49,2,1224,23
2020-08-21,Argentina,NA,Santa Cruz,356647,85,1,1309,24
2020-08-22,Argentina,NA,Santa Cruz,356647,41,0,1350,24
2020-08-23,Argentina,NA,Santa Cruz,356647,42,0,1392,24
2020-08-24,Argentina,NA,Santa Cruz,356647,38,1,1430,25
2020-08-25,Argentina,NA,Santa Cruz,356647,59,1,1489,26
2020-08-26,Argentina,NA,Santa Cruz,356647,37,0,1526,26
2020-08-27,Argentina,NA,Santa Cruz,356647,81,0,1607,26
2020-08-28,Argentina,NA,Santa Cruz,356647,52,2,1659,28
2020-08-29,Argentina,NA,Santa Cruz,356647,67,1,1726,29
2020-08-30,Argentina,NA,Santa Cruz,356647,50,0,1776,29
2020-08-31,Argentina,NA,Santa Cruz,356647,59,0,1835,29
2020-09-01,Argentina,NA,Santa Cruz,356647,57,2,1892,31
2020-09-02,Argentina,NA,Santa Cruz,356647,104,0,1996,31
2020-09-03,Argentina,NA,Santa Cruz,356647,89,0,2085,31
2020-09-04,Argentina,NA,Santa Cruz,356647,94,2,2179,33
2020-09-05,Argentina,NA,Santa Cruz,356647,122,2,2301,35
2020-09-06,Argentina,NA,Santa Cruz,356647,53,2,2354,37
2020-09-07,Argentina,NA,Santa Cruz,356647,82,1,2436,38
2020-09-08,Argentina,NA,Santa Cruz,356647,89,2,2525,40
2020-09-09,Argentina,NA,Santa Cruz,356647,168,1,2693,41
2020-09-10,Argentina,NA,Santa Cruz,356647,142,0,2835,41
2020-09-11,Argentina,NA,Santa Cruz,356647,131,1,2966,42
2020-09-12,Argentina,NA,Santa Cruz,356647,125,0,3091,42
2020-09-13,Argentina,NA,Santa Cruz,356647,25,6,3116,48
2020-09-14,Argentina,NA,Santa Cruz,356647,44,2,3160,50
2020-09-15,Argentina,NA,Santa Cruz,356647,24,0,3184,50
2020-03-22,Argentina,NA,Santa Fe,3509113,11,0,15,2
2020-03-23,Argentina,NA,Santa Fe,3509113,2,1,17,3
2020-03-24,Argentina,NA,Santa Fe,3509113,21,0,38,3
2020-03-25,Argentina,NA,Santa Fe,3509113,9,0,47,3
2020-03-26,Argentina,NA,Santa Fe,3509113,7,1,54,4
2020-03-27,Argentina,NA,Santa Fe,3509113,8,0,62,4
2020-03-28,Argentina,NA,Santa Fe,3509113,14,0,76,4
2020-03-29,Argentina,NA,Santa Fe,3509113,25,0,101,4
2020-03-30,Argentina,NA,Santa Fe,3509113,11,0,112,4
2020-03-31,Argentina,NA,Santa Fe,3509113,22,1,134,5
2020-04-01,Argentina,NA,Santa Fe,3509113,10,2,144,7
2020-04-02,Argentina,NA,Santa Fe,3509113,10,1,154,8
2020-04-03,Argentina,NA,Santa Fe,3509113,7,1,161,9
2020-04-04,Argentina,NA,Santa Fe,3509113,11,1,172,10
2020-04-05,Argentina,NA,Santa Fe,3509113,5,0,177,10
2020-04-06,Argentina,NA,Santa Fe,3509113,5,0,182,10
2020-04-07,Argentina,NA,Santa Fe,3509113,3,1,185,11
2020-04-08,Argentina,NA,Santa Fe,3509113,7,1,192,12
2020-04-09,Argentina,NA,Santa Fe,3509113,2,3,194,15
2020-04-10,Argentina,NA,Santa Fe,3509113,2,0,196,15
2020-04-11,Argentina,NA,Santa Fe,3509113,4,0,200,15
2020-04-12,Argentina,NA,Santa Fe,3509113,2,0,202,15
2020-04-13,Argentina,NA,Santa Fe,3509113,1,0,203,15
2020-04-14,Argentina,NA,Santa Fe,3509113,3,0,206,15
2020-04-15,Argentina,NA,Santa Fe,3509113,3,1,209,16
2020-04-16,Argentina,NA,Santa Fe,3509113,3,1,212,17
2020-04-17,Argentina,NA,Santa Fe,3509113,7,0,219,17
2020-04-18,Argentina,NA,Santa Fe,3509113,1,0,220,17
2020-04-19,Argentina,NA,Santa Fe,3509113,1,3,221,20
2020-04-20,Argentina,NA,Santa Fe,3509113,2,0,223,20
2020-04-21,Argentina,NA,Santa Fe,3509113,6,0,229,20
2020-04-22,Argentina,NA,Santa Fe,3509113,5,0,234,20
2020-04-23,Argentina,NA,Santa Fe,3509113,2,1,236,21
2020-04-24,Argentina,NA,Santa Fe,3509113,2,0,238,21
2020-04-25,Argentina,NA,Santa Fe,3509113,3,3,241,24
2020-04-26,Argentina,NA,Santa Fe,3509113,0,0,241,24
2020-04-27,Argentina,NA,Santa Fe,3509113,0,1,241,25
2020-04-28,Argentina,NA,Santa Fe,3509113,1,0,242,25
2020-04-29,Argentina,NA,Santa Fe,3509113,0,2,242,27
2020-04-30,Argentina,NA,Santa Fe,3509113,0,0,242,27
2020-05-01,Argentina,NA,Santa Fe,3509113,0,0,242,27
2020-05-02,Argentina,NA,Santa Fe,3509113,0,0,242,27
2020-05-03,Argentina,NA,Santa Fe,3509113,0,0,242,27
2020-05-04,Argentina,NA,Santa Fe,3509113,0,0,242,27
2020-05-05,Argentina,NA,Santa Fe,3509113,1,1,243,28
2020-05-06,Argentina,NA,Santa Fe,3509113,0,0,243,28
2020-05-07,Argentina,NA,Santa Fe,3509113,0,1,243,29
2020-05-08,Argentina,NA,Santa Fe,3509113,0,1,243,30
2020-05-09,Argentina,NA,Santa Fe,3509113,0,0,243,30
2020-05-10,Argentina,NA,Santa Fe,3509113,0,0,243,30
2020-05-11,Argentina,NA,Santa Fe,3509113,0,1,243,31
2020-05-12,Argentina,NA,Santa Fe,3509113,0,0,243,31
2020-05-13,Argentina,NA,Santa Fe,3509113,0,1,243,32
2020-05-14,Argentina,NA,Santa Fe,3509113,0,0,243,32
2020-05-15,Argentina,NA,Santa Fe,3509113,0,0,243,32
2020-05-16,Argentina,NA,Santa Fe,3509113,1,0,244,32
2020-05-17,Argentina,NA,Santa Fe,3509113,4,0,248,32
2020-05-18,Argentina,NA,Santa Fe,3509113,0,0,248,32
2020-05-19,Argentina,NA,Santa Fe,3509113,0,0,248,32
2020-05-20,Argentina,NA,Santa Fe,3509113,4,1,252,33
2020-05-21,Argentina,NA,Santa Fe,3509113,1,0,253,33
2020-05-22,Argentina,NA,Santa Fe,3509113,4,0,257,33
2020-05-23,Argentina,NA,Santa Fe,3509113,1,0,258,33
2020-05-24,Argentina,NA,Santa Fe,3509113,0,0,258,33
2020-05-25,Argentina,NA,Santa Fe,3509113,1,0,259,33
2020-05-26,Argentina,NA,Santa Fe,3509113,0,0,259,33
2020-05-27,Argentina,NA,Santa Fe,3509113,0,2,259,35
2020-05-28,Argentina,NA,Santa Fe,3509113,0,0,259,35
2020-05-29,Argentina,NA,Santa Fe,3509113,1,0,260,35
2020-05-30,Argentina,NA,Santa Fe,3509113,1,0,261,35
2020-05-31,Argentina,NA,Santa Fe,3509113,0,0,261,35
2020-06-01,Argentina,NA,Santa Fe,3509113,3,0,264,35
2020-06-02,Argentina,NA,Santa Fe,3509113,0,1,264,36
2020-06-03,Argentina,NA,Santa Fe,3509113,3,0,267,36
2020-06-04,Argentina,NA,Santa Fe,3509113,6,0,273,36
2020-06-05,Argentina,NA,Santa Fe,3509113,0,0,273,36
2020-06-06,Argentina,NA,Santa Fe,3509113,2,0,275,36
2020-06-07,Argentina,NA,Santa Fe,3509113,0,0,275,36
2020-06-08,Argentina,NA,Santa Fe,3509113,1,0,276,36
2020-06-09,Argentina,NA,Santa Fe,3509113,4,0,280,36
2020-06-10,Argentina,NA,Santa Fe,3509113,2,0,282,36
2020-06-11,Argentina,NA,Santa Fe,3509113,1,0,283,36
2020-06-12,Argentina,NA,Santa Fe,3509113,0,0,283,36
2020-06-13,Argentina,NA,Santa Fe,3509113,1,0,284,36
2020-06-14,Argentina,NA,Santa Fe,3509113,0,0,284,36
2020-06-15,Argentina,NA,Santa Fe,3509113,0,1,284,37
2020-06-16,Argentina,NA,Santa Fe,3509113,3,0,287,37
2020-06-17,Argentina,NA,Santa Fe,3509113,7,0,294,37
2020-06-18,Argentina,NA,Santa Fe,3509113,8,1,302,38
2020-06-19,Argentina,NA,Santa Fe,3509113,24,0,326,38
2020-06-20,Argentina,NA,Santa Fe,3509113,6,0,332,38
2020-06-21,Argentina,NA,Santa Fe,3509113,4,0,336,38
2020-06-22,Argentina,NA,Santa Fe,3509113,7,0,343,38
2020-06-23,Argentina,NA,Santa Fe,3509113,24,0,367,38
2020-06-24,Argentina,NA,Santa Fe,3509113,6,0,373,38
2020-06-25,Argentina,NA,Santa Fe,3509113,23,0,396,38
2020-06-26,Argentina,NA,Santa Fe,3509113,10,0,406,38
2020-06-27,Argentina,NA,Santa Fe,3509113,5,0,411,38
2020-06-28,Argentina,NA,Santa Fe,3509113,4,0,415,38
2020-06-29,Argentina,NA,Santa Fe,3509113,1,0,416,38
2020-06-30,Argentina,NA,Santa Fe,3509113,2,0,418,38
2020-07-01,Argentina,NA,Santa Fe,3509113,3,1,421,39
2020-07-02,Argentina,NA,Santa Fe,3509113,5,0,426,39
2020-07-03,Argentina,NA,Santa Fe,3509113,2,2,428,41
2020-07-04,Argentina,NA,Santa Fe,3509113,7,1,435,42
2020-07-05,Argentina,NA,Santa Fe,3509113,4,0,439,42
2020-07-06,Argentina,NA,Santa Fe,3509113,4,0,443,42
2020-07-07,Argentina,NA,Santa Fe,3509113,14,0,457,42
2020-07-08,Argentina,NA,Santa Fe,3509113,18,1,475,43
2020-07-09,Argentina,NA,Santa Fe,3509113,8,1,483,44
2020-07-10,Argentina,NA,Santa Fe,3509113,8,0,491,44
2020-07-11,Argentina,NA,Santa Fe,3509113,24,0,515,44
2020-07-12,Argentina,NA,Santa Fe,3509113,12,0,527,44
2020-07-13,Argentina,NA,Santa Fe,3509113,19,0,546,44
2020-07-14,Argentina,NA,Santa Fe,3509113,27,0,573,44
2020-07-15,Argentina,NA,Santa Fe,3509113,20,1,593,45
2020-07-16,Argentina,NA,Santa Fe,3509113,25,0,618,45
2020-07-17,Argentina,NA,Santa Fe,3509113,39,1,657,46
2020-07-18,Argentina,NA,Santa Fe,3509113,25,1,682,47
2020-07-19,Argentina,NA,Santa Fe,3509113,19,0,701,47
2020-07-20,Argentina,NA,Santa Fe,3509113,40,0,741,47
2020-07-21,Argentina,NA,Santa Fe,3509113,37,2,778,49
2020-07-22,Argentina,NA,Santa Fe,3509113,48,1,826,50
2020-07-23,Argentina,NA,Santa Fe,3509113,24,0,850,50
2020-07-24,Argentina,NA,Santa Fe,3509113,30,0,880,50
2020-07-25,Argentina,NA,Santa Fe,3509113,42,2,922,52
2020-07-26,Argentina,NA,Santa Fe,3509113,30,0,952,52
2020-07-27,Argentina,NA,Santa Fe,3509113,60,2,1012,54
2020-07-28,Argentina,NA,Santa Fe,3509113,66,0,1078,54
2020-07-29,Argentina,NA,Santa Fe,3509113,60,1,1138,55
2020-07-30,Argentina,NA,Santa Fe,3509113,42,1,1180,56
2020-07-31,Argentina,NA,Santa Fe,3509113,80,3,1260,59
2020-08-01,Argentina,NA,Santa Fe,3509113,88,0,1348,59
2020-08-02,Argentina,NA,Santa Fe,3509113,63,1,1411,60
2020-08-03,Argentina,NA,Santa Fe,3509113,82,0,1493,60
2020-08-04,Argentina,NA,Santa Fe,3509113,115,1,1608,61
2020-08-05,Argentina,NA,Santa Fe,3509113,67,0,1675,61
2020-08-06,Argentina,NA,Santa Fe,3509113,189,4,1864,65
2020-08-07,Argentina,NA,Santa Fe,3509113,172,0,2036,65
2020-08-08,Argentina,NA,Santa Fe,3509113,71,0,2107,65
2020-08-09,Argentina,NA,Santa Fe,3509113,74,1,2181,66
2020-08-10,Argentina,NA,Santa Fe,3509113,197,2,2378,68
2020-08-11,Argentina,NA,Santa Fe,3509113,162,3,2540,71
2020-08-12,Argentina,NA,Santa Fe,3509113,163,4,2703,75
2020-08-13,Argentina,NA,Santa Fe,3509113,193,1,2896,76
2020-08-14,Argentina,NA,Santa Fe,3509113,185,0,3081,76
2020-08-15,Argentina,NA,Santa Fe,3509113,143,2,3224,78
2020-08-16,Argentina,NA,Santa Fe,3509113,131,3,3355,81
2020-08-17,Argentina,NA,Santa Fe,3509113,162,1,3517,82
2020-08-18,Argentina,NA,Santa Fe,3509113,223,4,3740,86
2020-08-19,Argentina,NA,Santa Fe,3509113,214,4,3954,90
2020-08-20,Argentina,NA,Santa Fe,3509113,310,3,4264,93
2020-08-21,Argentina,NA,Santa Fe,3509113,274,6,4538,99
2020-08-22,Argentina,NA,Santa Fe,3509113,254,5,4792,104
2020-08-23,Argentina,NA,Santa Fe,3509113,138,6,4930,110
2020-08-24,Argentina,NA,Santa Fe,3509113,387,6,5317,116
2020-08-25,Argentina,NA,Santa Fe,3509113,406,3,5723,119
2020-08-26,Argentina,NA,Santa Fe,3509113,491,4,6214,123
2020-08-27,Argentina,NA,Santa Fe,3509113,532,5,6746,128
2020-08-28,Argentina,NA,Santa Fe,3509113,726,4,7472,132
2020-08-29,Argentina,NA,Santa Fe,3509113,471,3,7943,135
2020-08-30,Argentina,NA,Santa Fe,3509113,386,8,8329,143
2020-08-31,Argentina,NA,Santa Fe,3509113,621,7,8950,150
2020-09-01,Argentina,NA,Santa Fe,3509113,904,5,9854,155
2020-09-02,Argentina,NA,Santa Fe,3509113,849,9,10703,164
2020-09-03,Argentina,NA,Santa Fe,3509113,894,8,11597,172
2020-09-04,Argentina,NA,Santa Fe,3509113,876,7,12473,179
2020-09-05,Argentina,NA,Santa Fe,3509113,527,10,13000,189
2020-09-06,Argentina,NA,Santa Fe,3509113,546,7,13546,196
2020-09-07,Argentina,NA,Santa Fe,3509113,878,12,14424,208
2020-09-08,Argentina,NA,Santa Fe,3509113,1113,8,15537,216
2020-09-09,Argentina,NA,Santa Fe,3509113,984,9,16521,225
2020-09-10,Argentina,NA,Santa Fe,3509113,865,13,17386,238
2020-09-11,Argentina,NA,Santa Fe,3509113,980,10,18366,248
2020-09-12,Argentina,NA,Santa Fe,3509113,666,5,19032,253
2020-09-13,Argentina,NA,Santa Fe,3509113,610,7,19642,260
2020-09-14,Argentina,NA,Santa Fe,3509113,560,8,20202,268
2020-09-15,Argentina,NA,Santa Fe,3509113,266,2,20468,270
2020-04-11,Argentina,NA,Santiago del Estero,968309,2,0,11,4
2020-04-12,Argentina,NA,Santiago del Estero,968309,0,0,11,4
2020-04-13,Argentina,NA,Santiago del Estero,968309,0,0,11,4
2020-04-14,Argentina,NA,Santiago del Estero,968309,0,0,11,4
2020-04-16,Argentina,NA,Santiago del Estero,968309,0,0,11,4
2020-04-19,Argentina,NA,Santiago del Estero,968309,0,0,11,4
2020-04-22,Argentina,NA,Santiago del Estero,968309,0,0,11,4
2020-04-25,Argentina,NA,Santiago del Estero,968309,1,0,12,4
2020-04-26,Argentina,NA,Santiago del Estero,968309,2,0,14,4
2020-05-02,Argentina,NA,Santiago del Estero,968309,0,0,14,4
2020-05-04,Argentina,NA,Santiago del Estero,968309,0,0,14,4
2020-05-05,Argentina,NA,Santiago del Estero,968309,0,1,14,5
2020-05-09,Argentina,NA,Santiago del Estero,968309,1,0,15,5
2020-05-18,Argentina,NA,Santiago del Estero,968309,6,0,21,5
2020-05-23,Argentina,NA,Santiago del Estero,968309,0,0,21,5
2020-05-25,Argentina,NA,Santiago del Estero,968309,0,1,21,6
2020-06-01,Argentina,NA,Santiago del Estero,968309,0,0,21,6
2020-06-02,Argentina,NA,Santiago del Estero,968309,1,1,22,7
2020-06-06,Argentina,NA,Santiago del Estero,968309,0,0,22,7
2020-06-08,Argentina,NA,Santiago del Estero,968309,0,1,22,8
2020-06-09,Argentina,NA,Santiago del Estero,968309,0,0,22,8
2020-06-12,Argentina,NA,Santiago del Estero,968309,0,0,22,8
2020-06-20,Argentina,NA,Santiago del Estero,968309,0,0,22,8
2020-06-27,Argentina,NA,Santiago del Estero,968309,2,0,24,8
2020-06-30,Argentina,NA,Santiago del Estero,968309,0,0,24,8
2020-07-01,Argentina,NA,Santiago del Estero,968309,1,0,25,8
2020-07-03,Argentina,NA,Santiago del Estero,968309,0,0,25,8
2020-07-06,Argentina,NA,Santiago del Estero,968309,0,0,25,8
2020-07-07,Argentina,NA,Santiago del Estero,968309,8,0,33,8
2020-07-08,Argentina,NA,Santiago del Estero,968309,1,0,34,8
2020-07-10,Argentina,NA,Santiago del Estero,968309,1,0,35,8
2020-07-13,Argentina,NA,Santiago del Estero,968309,1,0,36,8
2020-07-16,Argentina,NA,Santiago del Estero,968309,0,1,36,9
2020-07-19,Argentina,NA,Santiago del Estero,968309,1,0,37,9
2020-07-20,Argentina,NA,Santiago del Estero,968309,0,0,37,9
2020-07-24,Argentina,NA,Santiago del Estero,968309,1,0,38,9
2020-07-25,Argentina,NA,Santiago del Estero,968309,1,0,39,9
2020-07-26,Argentina,NA,Santiago del Estero,968309,1,0,40,9
2020-07-28,Argentina,NA,Santiago del Estero,968309,1,0,41,9
2020-07-29,Argentina,NA,Santiago del Estero,968309,1,0,42,9
2020-07-30,Argentina,NA,Santiago del Estero,968309,2,0,44,9
2020-08-03,Argentina,NA,Santiago del Estero,968309,1,0,45,9
2020-08-04,Argentina,NA,Santiago del Estero,968309,19,0,64,9
2020-08-05,Argentina,NA,Santiago del Estero,968309,9,0,73,9
2020-08-06,Argentina,NA,Santiago del Estero,968309,25,0,98,9
2020-08-07,Argentina,NA,Santiago del Estero,968309,20,0,118,9
2020-08-08,Argentina,NA,Santiago del Estero,968309,12,0,130,9
2020-08-09,Argentina,NA,Santiago del Estero,968309,9,0,139,9
2020-08-10,Argentina,NA,Santiago del Estero,968309,17,0,156,9
2020-08-11,Argentina,NA,Santiago del Estero,968309,21,0,177,9
2020-08-12,Argentina,NA,Santiago del Estero,968309,26,0,203,9
2020-08-13,Argentina,NA,Santiago del Estero,968309,24,0,227,9
2020-08-14,Argentina,NA,Santiago del Estero,968309,27,0,254,9
2020-08-15,Argentina,NA,Santiago del Estero,968309,32,0,286,9
2020-08-16,Argentina,NA,Santiago del Estero,968309,67,0,353,9
2020-08-17,Argentina,NA,Santiago del Estero,968309,1,0,354,9
2020-08-18,Argentina,NA,Santiago del Estero,968309,39,0,393,9
2020-08-19,Argentina,NA,Santiago del Estero,968309,35,0,428,9
2020-08-20,Argentina,NA,Santiago del Estero,968309,39,0,467,9
2020-08-21,Argentina,NA,Santiago del Estero,968309,42,0,509,9
2020-08-22,Argentina,NA,Santiago del Estero,968309,35,0,544,9
2020-08-23,Argentina,NA,Santiago del Estero,968309,55,2,599,11
2020-08-24,Argentina,NA,Santiago del Estero,968309,72,2,671,13
2020-08-25,Argentina,NA,Santiago del Estero,968309,39,0,710,13
2020-08-26,Argentina,NA,Santiago del Estero,968309,60,2,770,15
2020-08-27,Argentina,NA,Santiago del Estero,968309,44,1,814,16
2020-08-28,Argentina,NA,Santiago del Estero,968309,32,1,846,17
2020-08-29,Argentina,NA,Santiago del Estero,968309,55,1,901,18
2020-08-30,Argentina,NA,Santiago del Estero,968309,60,1,961,19
2020-08-31,Argentina,NA,Santiago del Estero,968309,38,1,999,20
2020-09-01,Argentina,NA,Santiago del Estero,968309,56,1,1055,21
2020-09-02,Argentina,NA,Santiago del Estero,968309,61,0,1116,21
2020-09-03,Argentina,NA,Santiago del Estero,968309,56,0,1172,21
2020-09-04,Argentina,NA,Santiago del Estero,968309,53,2,1225,23
2020-09-05,Argentina,NA,Santiago del Estero,968309,94,2,1319,25
2020-09-06,Argentina,NA,Santiago del Estero,968309,45,4,1364,29
2020-09-07,Argentina,NA,Santiago del Estero,968309,44,1,1408,30
2020-09-08,Argentina,NA,Santiago del Estero,968309,81,2,1489,32
2020-09-09,Argentina,NA,Santiago del Estero,968309,75,0,1564,32
2020-09-10,Argentina,NA,Santiago del Estero,968309,81,1,1645,33
2020-09-11,Argentina,NA,Santiago del Estero,968309,108,1,1753,34
2020-09-12,Argentina,NA,Santiago del Estero,968309,81,0,1834,34
2020-09-13,Argentina,NA,Santiago del Estero,968309,80,1,1914,35
2020-09-14,Argentina,NA,Santiago del Estero,968309,63,1,1977,36
2020-09-15,Argentina,NA,Santiago del Estero,968309,3,0,1980,36
2020-03-24,Argentina,NA,Tierra del Fuego,169183,4,0,11,0
2020-03-25,Argentina,NA,Tierra del Fuego,169183,4,0,15,0
2020-03-27,Argentina,NA,Tierra del Fuego,169183,4,1,19,1
2020-03-28,Argentina,NA,Tierra del Fuego,169183,4,0,23,1
2020-03-29,Argentina,NA,Tierra del Fuego,169183,5,0,28,1
2020-03-30,Argentina,NA,Tierra del Fuego,169183,12,0,40,1
2020-03-31,Argentina,NA,Tierra del Fuego,169183,1,0,41,1
2020-04-01,Argentina,NA,Tierra del Fuego,169183,0,0,41,1
2020-04-02,Argentina,NA,Tierra del Fuego,169183,24,0,65,1
2020-04-03,Argentina,NA,Tierra del Fuego,169183,7,0,72,1
2020-04-04,Argentina,NA,Tierra del Fuego,169183,2,0,74,1
2020-04-05,Argentina,NA,Tierra del Fuego,169183,3,0,77,1
2020-04-06,Argentina,NA,Tierra del Fuego,169183,1,0,78,1
2020-04-07,Argentina,NA,Tierra del Fuego,169183,2,0,80,1
2020-04-08,Argentina,NA,Tierra del Fuego,169183,0,1,80,2
2020-04-09,Argentina,NA,Tierra del Fuego,169183,2,0,82,2
2020-04-10,Argentina,NA,Tierra del Fuego,169183,3,0,85,2
2020-04-11,Argentina,NA,Tierra del Fuego,169183,4,0,89,2
2020-04-12,Argentina,NA,Tierra del Fuego,169183,5,0,94,2
2020-04-13,Argentina,NA,Tierra del Fuego,169183,2,0,96,2
2020-04-14,Argentina,NA,Tierra del Fuego,169183,3,0,99,2
2020-04-15,Argentina,NA,Tierra del Fuego,169183,7,0,106,2
2020-04-17,Argentina,NA,Tierra del Fuego,169183,3,0,109,2
2020-04-18,Argentina,NA,Tierra del Fuego,169183,3,0,112,2
2020-04-19,Argentina,NA,Tierra del Fuego,169183,0,0,112,2
2020-04-20,Argentina,NA,Tierra del Fuego,169183,1,0,113,2
2020-04-21,Argentina,NA,Tierra del Fuego,169183,0,1,113,3
2020-04-22,Argentina,NA,Tierra del Fuego,169183,1,0,114,3
2020-04-24,Argentina,NA,Tierra del Fuego,169183,3,0,117,3
2020-04-25,Argentina,NA,Tierra del Fuego,169183,0,0,117,3
2020-04-26,Argentina,NA,Tierra del Fuego,169183,1,0,118,3
2020-04-27,Argentina,NA,Tierra del Fuego,169183,3,0,121,3
2020-04-28,Argentina,NA,Tierra del Fuego,169183,3,0,124,3
2020-04-29,Argentina,NA,Tierra del Fuego,169183,2,0,126,3
2020-04-30,Argentina,NA,Tierra del Fuego,169183,2,0,128,3
2020-05-01,Argentina,NA,Tierra del Fuego,169183,2,0,130,3
2020-05-02,Argentina,NA,Tierra del Fuego,169183,1,0,131,3
2020-05-03,Argentina,NA,Tierra del Fuego,169183,1,0,132,3
2020-05-05,Argentina,NA,Tierra del Fuego,169183,0,0,132,3
2020-05-06,Argentina,NA,Tierra del Fuego,169183,0,1,132,4
2020-05-08,Argentina,NA,Tierra del Fuego,169183,1,0,133,4
2020-05-09,Argentina,NA,Tierra del Fuego,169183,2,0,135,4
2020-05-11,Argentina,NA,Tierra del Fuego,169183,0,1,135,5
2020-05-12,Argentina,NA,Tierra del Fuego,169183,0,0,135,5
2020-05-14,Argentina,NA,Tierra del Fuego,169183,0,0,135,5
2020-05-18,Argentina,NA,Tierra del Fuego,169183,0,0,135,5
2020-05-21,Argentina,NA,Tierra del Fuego,169183,2,1,137,6
2020-05-25,Argentina,NA,Tierra del Fuego,169183,0,1,137,7
2020-05-26,Argentina,NA,Tierra del Fuego,169183,1,0,138,7
2020-05-29,Argentina,NA,Tierra del Fuego,169183,0,0,138,7
2020-06-01,Argentina,NA,Tierra del Fuego,169183,0,0,138,7
2020-06-02,Argentina,NA,Tierra del Fuego,169183,0,0,138,7
2020-06-04,Argentina,NA,Tierra del Fuego,169183,0,0,138,7
2020-06-06,Argentina,NA,Tierra del Fuego,169183,0,0,138,7
2020-06-10,Argentina,NA,Tierra del Fuego,169183,0,0,138,7
2020-06-12,Argentina,NA,Tierra del Fuego,169183,0,0,138,7
2020-06-13,Argentina,NA,Tierra del Fuego,169183,0,0,138,7
2020-06-14,Argentina,NA,Tierra del Fuego,169183,0,0,138,7
2020-06-15,Argentina,NA,Tierra del Fuego,169183,0,0,138,7
2020-06-17,Argentina,NA,Tierra del Fuego,169183,0,1,138,8
2020-06-22,Argentina,NA,Tierra del Fuego,169183,0,0,138,8
2020-06-25,Argentina,NA,Tierra del Fuego,169183,0,0,138,8
2020-07-01,Argentina,NA,Tierra del Fuego,169183,1,0,139,8
2020-07-02,Argentina,NA,Tierra del Fuego,169183,0,0,139,8
2020-07-03,Argentina,NA,Tierra del Fuego,169183,3,0,142,8
2020-07-04,Argentina,NA,Tierra del Fuego,169183,1,0,143,8
2020-07-06,Argentina,NA,Tierra del Fuego,169183,0,0,143,8
2020-07-08,Argentina,NA,Tierra del Fuego,169183,1,0,144,8
2020-07-10,Argentina,NA,Tierra del Fuego,169183,0,1,144,9
2020-07-12,Argentina,NA,Tierra del Fuego,169183,8,0,152,9
2020-07-13,Argentina,NA,Tierra del Fuego,169183,48,0,200,9
2020-07-14,Argentina,NA,Tierra del Fuego,169183,1,0,201,9
2020-07-15,Argentina,NA,Tierra del Fuego,169183,1,0,202,9
2020-07-17,Argentina,NA,Tierra del Fuego,169183,23,0,225,9
2020-07-18,Argentina,NA,Tierra del Fuego,169183,3,0,228,9
2020-07-19,Argentina,NA,Tierra del Fuego,169183,0,0,228,9
2020-07-20,Argentina,NA,Tierra del Fuego,169183,8,0,236,9
2020-07-21,Argentina,NA,Tierra del Fuego,169183,11,0,247,9
2020-07-22,Argentina,NA,Tierra del Fuego,169183,8,0,255,9
2020-07-23,Argentina,NA,Tierra del Fuego,169183,16,0,271,9
2020-07-24,Argentina,NA,Tierra del Fuego,169183,24,0,295,9
2020-07-25,Argentina,NA,Tierra del Fuego,169183,38,0,333,9
2020-07-26,Argentina,NA,Tierra del Fuego,169183,35,1,368,10
2020-07-27,Argentina,NA,Tierra del Fuego,169183,7,1,375,11
2020-07-28,Argentina,NA,Tierra del Fuego,169183,21,0,396,11
2020-07-29,Argentina,NA,Tierra del Fuego,169183,28,0,424,11
2020-07-30,Argentina,NA,Tierra del Fuego,169183,32,0,456,11
2020-07-31,Argentina,NA,Tierra del Fuego,169183,21,1,477,12
2020-08-01,Argentina,NA,Tierra del Fuego,169183,53,1,530,13
2020-08-02,Argentina,NA,Tierra del Fuego,169183,118,0,648,13
2020-08-03,Argentina,NA,Tierra del Fuego,169183,38,0,686,13
2020-08-04,Argentina,NA,Tierra del Fuego,169183,47,1,733,14
2020-08-05,Argentina,NA,Tierra del Fuego,169183,51,1,784,15
2020-08-06,Argentina,NA,Tierra del Fuego,169183,100,0,884,15
2020-08-07,Argentina,NA,Tierra del Fuego,169183,45,2,929,17
2020-08-08,Argentina,NA,Tierra del Fuego,169183,25,0,954,17
2020-08-09,Argentina,NA,Tierra del Fuego,169183,49,1,1003,18
2020-08-10,Argentina,NA,Tierra del Fuego,169183,68,1,1071,19
2020-08-11,Argentina,NA,Tierra del Fuego,169183,47,2,1118,21
2020-08-12,Argentina,NA,Tierra del Fuego,169183,68,0,1186,21
2020-08-13,Argentina,NA,Tierra del Fuego,169183,42,2,1228,23
2020-08-14,Argentina,NA,Tierra del Fuego,169183,39,3,1267,26
2020-08-15,Argentina,NA,Tierra del Fuego,169183,70,2,1337,28
2020-08-16,Argentina,NA,Tierra del Fuego,169183,31,2,1368,30
2020-08-17,Argentina,NA,Tierra del Fuego,169183,26,0,1394,30
2020-08-18,Argentina,NA,Tierra del Fuego,169183,48,1,1442,31
2020-08-19,Argentina,NA,Tierra del Fuego,169183,35,0,1477,31
2020-08-20,Argentina,NA,Tierra del Fuego,169183,31,0,1508,31
2020-08-21,Argentina,NA,Tierra del Fuego,169183,26,0,1534,31
2020-08-22,Argentina,NA,Tierra del Fuego,169183,24,1,1558,32
2020-08-23,Argentina,NA,Tierra del Fuego,169183,29,0,1587,32
2020-08-24,Argentina,NA,Tierra del Fuego,169183,21,1,1608,33
2020-08-25,Argentina,NA,Tierra del Fuego,169183,22,2,1630,35
2020-08-26,Argentina,NA,Tierra del Fuego,169183,33,1,1663,36
2020-08-27,Argentina,NA,Tierra del Fuego,169183,50,2,1713,38
2020-08-28,Argentina,NA,Tierra del Fuego,169183,37,1,1750,39
2020-08-29,Argentina,NA,Tierra del Fuego,169183,21,4,1771,43
2020-08-30,Argentina,NA,Tierra del Fuego,169183,22,0,1793,43
2020-08-31,Argentina,NA,Tierra del Fuego,169183,17,1,1810,44
2020-09-01,Argentina,NA,Tierra del Fuego,169183,49,2,1859,46
2020-09-02,Argentina,NA,Tierra del Fuego,169183,35,1,1894,47
2020-09-03,Argentina,NA,Tierra del Fuego,169183,46,2,1940,49
2020-09-04,Argentina,NA,Tierra del Fuego,169183,24,1,1964,50
2020-09-05,Argentina,NA,Tierra del Fuego,169183,33,1,1997,51
2020-09-06,Argentina,NA,Tierra del Fuego,169183,32,0,2029,51
2020-09-07,Argentina,NA,Tierra del Fuego,169183,40,0,2069,51
2020-09-08,Argentina,NA,Tierra del Fuego,169183,38,2,2107,53
2020-09-09,Argentina,NA,Tierra del Fuego,169183,34,1,2141,54
2020-09-10,Argentina,NA,Tierra del Fuego,169183,25,2,2166,56
2020-09-11,Argentina,NA,Tierra del Fuego,169183,44,2,2210,58
2020-09-12,Argentina,NA,Tierra del Fuego,169183,32,0,2242,58
2020-09-13,Argentina,NA,Tierra del Fuego,169183,48,0,2290,58
2020-09-14,Argentina,NA,Tierra del Fuego,169183,54,1,2344,59
2020-09-15,Argentina,NA,Tierra del Fuego,169183,2,0,2346,59
2020-03-26,Argentina,NA,Tucuman,1674622,4,0,13,0
2020-03-27,Argentina,NA,Tucuman,1674622,1,0,14,0
2020-03-28,Argentina,NA,Tucuman,1674622,1,0,15,0
2020-03-29,Argentina,NA,Tucuman,1674622,0,1,15,1
2020-03-30,Argentina,NA,Tucuman,1674622,0,1,15,2
2020-03-31,Argentina,NA,Tucuman,1674622,2,0,17,2
2020-04-01,Argentina,NA,Tucuman,1674622,1,1,18,3
2020-04-02,Argentina,NA,Tucuman,1674622,2,0,20,3
2020-04-03,Argentina,NA,Tucuman,1674622,1,0,21,3
2020-04-04,Argentina,NA,Tucuman,1674622,0,0,21,3
2020-04-05,Argentina,NA,Tucuman,1674622,5,0,26,3
2020-04-06,Argentina,NA,Tucuman,1674622,1,0,27,3
2020-04-07,Argentina,NA,Tucuman,1674622,0,0,27,3
2020-04-08,Argentina,NA,Tucuman,1674622,1,1,28,4
2020-04-09,Argentina,NA,Tucuman,1674622,0,0,28,4
2020-04-10,Argentina,NA,Tucuman,1674622,1,0,29,4
2020-04-11,Argentina,NA,Tucuman,1674622,0,2,29,6
2020-04-12,Argentina,NA,Tucuman,1674622,0,0,29,6
2020-04-13,Argentina,NA,Tucuman,1674622,1,0,30,6
2020-04-14,Argentina,NA,Tucuman,1674622,0,0,30,6
2020-04-15,Argentina,NA,Tucuman,1674622,0,0,30,6
2020-04-16,Argentina,NA,Tucuman,1674622,0,0,30,6
2020-04-17,Argentina,NA,Tucuman,1674622,0,1,30,7
2020-04-18,Argentina,NA,Tucuman,1674622,0,0,30,7
2020-04-19,Argentina,NA,Tucuman,1674622,1,0,31,7
2020-04-20,Argentina,NA,Tucuman,1674622,0,0,31,7
2020-04-21,Argentina,NA,Tucuman,1674622,3,1,34,8
2020-04-22,Argentina,NA,Tucuman,1674622,0,0,34,8
2020-04-23,Argentina,NA,Tucuman,1674622,0,0,34,8
2020-04-24,Argentina,NA,Tucuman,1674622,0,0,34,8
2020-04-25,Argentina,NA,Tucuman,1674622,1,0,35,8
2020-04-26,Argentina,NA,Tucuman,1674622,0,0,35,8
2020-04-27,Argentina,NA,Tucuman,1674622,1,1,36,9
2020-04-28,Argentina,NA,Tucuman,1674622,0,0,36,9
2020-04-29,Argentina,NA,Tucuman,1674622,2,0,38,9
2020-04-30,Argentina,NA,Tucuman,1674622,0,0,38,9
2020-05-01,Argentina,NA,Tucuman,1674622,0,0,38,9
2020-05-02,Argentina,NA,Tucuman,1674622,0,0,38,9
2020-05-03,Argentina,NA,Tucuman,1674622,3,0,41,9
2020-05-04,Argentina,NA,Tucuman,1674622,0,0,41,9
2020-05-05,Argentina,NA,Tucuman,1674622,0,0,41,9
2020-05-06,Argentina,NA,Tucuman,1674622,0,0,41,9
2020-05-07,Argentina,NA,Tucuman,1674622,0,0,41,9
2020-05-08,Argentina,NA,Tucuman,1674622,0,1,41,10
2020-05-09,Argentina,NA,Tucuman,1674622,0,0,41,10
2020-05-10,Argentina,NA,Tucuman,1674622,0,0,41,10
2020-05-11,Argentina,NA,Tucuman,1674622,1,0,42,10
2020-05-12,Argentina,NA,Tucuman,1674622,0,0,42,10
2020-05-13,Argentina,NA,Tucuman,1674622,0,1,42,11
2020-05-14,Argentina,NA,Tucuman,1674622,0,0,42,11
2020-05-15,Argentina,NA,Tucuman,1674622,0,0,42,11
2020-05-16,Argentina,NA,Tucuman,1674622,0,0,42,11
2020-05-17,Argentina,NA,Tucuman,1674622,0,0,42,11
2020-05-18,Argentina,NA,Tucuman,1674622,0,0,42,11
2020-05-19,Argentina,NA,Tucuman,1674622,0,0,42,11
2020-05-20,Argentina,NA,Tucuman,1674622,1,0,43,11
2020-05-21,Argentina,NA,Tucuman,1674622,0,0,43,11
2020-05-22,Argentina,NA,Tucuman,1674622,0,0,43,11
2020-05-23,Argentina,NA,Tucuman,1674622,1,0,44,11
2020-05-24,Argentina,NA,Tucuman,1674622,2,0,46,11
2020-05-25,Argentina,NA,Tucuman,1674622,0,2,46,13
2020-05-26,Argentina,NA,Tucuman,1674622,0,0,46,13
2020-05-27,Argentina,NA,Tucuman,1674622,0,0,46,13
2020-05-28,Argentina,NA,Tucuman,1674622,0,0,46,13
2020-05-29,Argentina,NA,Tucuman,1674622,0,0,46,13
2020-05-30,Argentina,NA,Tucuman,1674622,0,2,46,15
2020-05-31,Argentina,NA,Tucuman,1674622,0,0,46,15
2020-06-01,Argentina,NA,Tucuman,1674622,0,0,46,15
2020-06-02,Argentina,NA,Tucuman,1674622,0,0,46,15
2020-06-03,Argentina,NA,Tucuman,1674622,0,0,46,15
2020-06-04,Argentina,NA,Tucuman,1674622,1,0,47,15
2020-06-05,Argentina,NA,Tucuman,1674622,0,1,47,16
2020-06-06,Argentina,NA,Tucuman,1674622,0,0,47,16
2020-06-07,Argentina,NA,Tucuman,1674622,0,0,47,16
2020-06-08,Argentina,NA,Tucuman,1674622,0,0,47,16
2020-06-09,Argentina,NA,Tucuman,1674622,0,0,47,16
2020-06-10,Argentina,NA,Tucuman,1674622,0,0,47,16
2020-06-11,Argentina,NA,Tucuman,1674622,1,0,48,16
2020-06-12,Argentina,NA,Tucuman,1674622,1,0,49,16
2020-06-13,Argentina,NA,Tucuman,1674622,2,0,51,16
2020-06-14,Argentina,NA,Tucuman,1674622,4,0,55,16
2020-06-15,Argentina,NA,Tucuman,1674622,0,0,55,16
2020-06-16,Argentina,NA,Tucuman,1674622,1,0,56,16
2020-06-17,Argentina,NA,Tucuman,1674622,1,1,57,17
2020-06-18,Argentina,NA,Tucuman,1674622,0,0,57,17
2020-06-19,Argentina,NA,Tucuman,1674622,0,0,57,17
2020-06-20,Argentina,NA,Tucuman,1674622,0,0,57,17
2020-06-21,Argentina,NA,Tucuman,1674622,0,0,57,17
2020-06-22,Argentina,NA,Tucuman,1674622,1,0,58,17
2020-06-23,Argentina,NA,Tucuman,1674622,4,0,62,17
2020-06-24,Argentina,NA,Tucuman,1674622,7,0,69,17
2020-06-25,Argentina,NA,Tucuman,1674622,1,0,70,17
2020-06-26,Argentina,NA,Tucuman,1674622,0,0,70,17
2020-06-27,Argentina,NA,Tucuman,1674622,1,0,71,17
2020-06-28,Argentina,NA,Tucuman,1674622,0,0,71,17
2020-06-29,Argentina,NA,Tucuman,1674622,0,0,71,17
2020-06-30,Argentina,NA,Tucuman,1674622,0,0,71,17
2020-07-01,Argentina,NA,Tucuman,1674622,7,0,78,17
2020-07-02,Argentina,NA,Tucuman,1674622,0,0,78,17
2020-07-03,Argentina,NA,Tucuman,1674622,3,0,81,17
2020-07-04,Argentina,NA,Tucuman,1674622,3,0,84,17
2020-07-05,Argentina,NA,Tucuman,1674622,0,0,84,17
2020-07-06,Argentina,NA,Tucuman,1674622,0,0,84,17
2020-07-07,Argentina,NA,Tucuman,1674622,0,0,84,17
2020-07-08,Argentina,NA,Tucuman,1674622,1,0,85,17
2020-07-09,Argentina,NA,Tucuman,1674622,2,0,87,17
2020-07-10,Argentina,NA,Tucuman,1674622,1,0,88,17
2020-07-11,Argentina,NA,Tucuman,1674622,2,0,90,17
2020-07-12,Argentina,NA,Tucuman,1674622,1,0,91,17
2020-07-13,Argentina,NA,Tucuman,1674622,0,0,91,17
2020-07-14,Argentina,NA,Tucuman,1674622,0,0,91,17
2020-07-15,Argentina,NA,Tucuman,1674622,2,0,93,17
2020-07-16,Argentina,NA,Tucuman,1674622,1,0,94,17
2020-07-17,Argentina,NA,Tucuman,1674622,0,0,94,17
2020-07-18,Argentina,NA,Tucuman,1674622,0,0,94,17
2020-07-19,Argentina,NA,Tucuman,1674622,1,0,95,17
2020-07-20,Argentina,NA,Tucuman,1674622,0,0,95,17
2020-07-21,Argentina,NA,Tucuman,1674622,0,0,95,17
2020-07-22,Argentina,NA,Tucuman,1674622,3,0,98,17
2020-07-23,Argentina,NA,Tucuman,1674622,1,0,99,17
2020-07-24,Argentina,NA,Tucuman,1674622,11,0,110,17
2020-07-25,Argentina,NA,Tucuman,1674622,2,0,112,17
2020-07-26,Argentina,NA,Tucuman,1674622,12,0,124,17
2020-07-27,Argentina,NA,Tucuman,1674622,23,0,147,17
2020-07-28,Argentina,NA,Tucuman,1674622,11,0,158,17
2020-07-29,Argentina,NA,Tucuman,1674622,32,0,190,17
2020-07-30,Argentina,NA,Tucuman,1674622,14,0,204,17
2020-07-31,Argentina,NA,Tucuman,1674622,15,1,219,18
2020-08-01,Argentina,NA,Tucuman,1674622,28,0,247,18
2020-08-02,Argentina,NA,Tucuman,1674622,18,0,265,18
2020-08-03,Argentina,NA,Tucuman,1674622,28,0,293,18
2020-08-04,Argentina,NA,Tucuman,1674622,23,1,316,19
2020-08-05,Argentina,NA,Tucuman,1674622,33,0,349,19
2020-08-06,Argentina,NA,Tucuman,1674622,8,0,357,19
2020-08-07,Argentina,NA,Tucuman,1674622,6,0,363,19
2020-08-08,Argentina,NA,Tucuman,1674622,10,0,373,19
2020-08-09,Argentina,NA,Tucuman,1674622,44,0,417,19
2020-08-10,Argentina,NA,Tucuman,1674622,22,0,439,19
2020-08-11,Argentina,NA,Tucuman,1674622,32,2,471,21
2020-08-12,Argentina,NA,Tucuman,1674622,24,0,495,21
2020-08-13,Argentina,NA,Tucuman,1674622,32,0,527,21
2020-08-14,Argentina,NA,Tucuman,1674622,28,0,555,21
2020-08-15,Argentina,NA,Tucuman,1674622,38,0,593,21
2020-08-16,Argentina,NA,Tucuman,1674622,18,0,611,21
2020-08-17,Argentina,NA,Tucuman,1674622,58,0,669,21
2020-08-18,Argentina,NA,Tucuman,1674622,93,1,762,22
2020-08-19,Argentina,NA,Tucuman,1674622,56,0,818,22
2020-08-20,Argentina,NA,Tucuman,1674622,64,1,882,23
2020-08-21,Argentina,NA,Tucuman,1674622,78,0,960,23
2020-08-22,Argentina,NA,Tucuman,1674622,83,0,1043,23
2020-08-23,Argentina,NA,Tucuman,1674622,82,0,1125,23
2020-08-24,Argentina,NA,Tucuman,1674622,112,0,1237,23
2020-08-25,Argentina,NA,Tucuman,1674622,97,3,1334,26
2020-08-26,Argentina,NA,Tucuman,1674622,98,1,1432,27
2020-08-27,Argentina,NA,Tucuman,1674622,149,2,1581,29
2020-08-28,Argentina,NA,Tucuman,1674622,231,0,1812,29
2020-08-29,Argentina,NA,Tucuman,1674622,141,0,1953,29
2020-08-30,Argentina,NA,Tucuman,1674622,271,0,2224,29
2020-08-31,Argentina,NA,Tucuman,1674622,225,0,2449,29
2020-09-01,Argentina,NA,Tucuman,1674622,292,0,2741,29
2020-09-02,Argentina,NA,Tucuman,1674622,275,0,3016,29
2020-09-03,Argentina,NA,Tucuman,1674622,287,0,3303,29
2020-09-04,Argentina,NA,Tucuman,1674622,399,1,3702,30
2020-09-05,Argentina,NA,Tucuman,1674622,301,0,4003,30
2020-09-06,Argentina,NA,Tucuman,1674622,352,1,4355,31
2020-09-07,Argentina,NA,Tucuman,1674622,304,1,4659,32
2020-09-08,Argentina,NA,Tucuman,1674622,439,1,5098,33
2020-09-09,Argentina,NA,Tucuman,1674622,433,1,5531,34
2020-09-10,Argentina,NA,Tucuman,1674622,407,0,5938,34
2020-09-11,Argentina,NA,Tucuman,1674622,350,0,6288,34
2020-09-12,Argentina,NA,Tucuman,1674622,492,1,6780,35
2020-09-13,Argentina,NA,Tucuman,1674622,464,0,7244,35
2020-09-14,Argentina,NA,Tucuman,1674622,417,2,7661,37
2020-09-15,Argentina,NA,Tucuman,1674622,49,0,7710,37
2020-03-03,Australia,NA,New South Wales,7480228,6,0,15,0
2020-03-04,Australia,NA,New South Wales,7480228,7,0,22,0
2020-03-05,Australia,NA,New South Wales,7480228,3,0,25,0
2020-03-06,Australia,NA,New South Wales,7480228,3,0,28,0
2020-03-07,Australia,NA,New South Wales,7480228,8,0,36,0
2020-03-08,Australia,NA,New South Wales,7480228,4,0,40,0
2020-03-09,Australia,NA,New South Wales,7480228,7,0,47,0
2020-03-10,Australia,NA,New South Wales,7480228,13,0,60,0
2020-03-11,Australia,NA,New South Wales,7480228,4,0,64,0
2020-03-12,Australia,NA,New South Wales,7480228,13,0,77,0
2020-03-13,Australia,NA,New South Wales,7480228,14,0,91,0
2020-03-14,Australia,NA,New South Wales,7480228,20,0,111,0
2020-03-15,Australia,NA,New South Wales,7480228,22,0,133,0
2020-03-16,Australia,NA,New South Wales,7480228,37,0,170,0
2020-03-17,Australia,NA,New South Wales,7480228,39,0,209,0
2020-03-18,Australia,NA,New South Wales,7480228,57,0,266,0
2020-03-19,Australia,NA,New South Wales,7480228,40,0,306,0
2020-03-20,Australia,NA,New South Wales,7480228,75,0,381,0
2020-03-21,Australia,NA,New South Wales,7480228,54,0,435,0
2020-03-22,Australia,NA,New South Wales,7480228,97,6,532,6
2020-03-23,Australia,NA,New South Wales,7480228,172,0,704,6
2020-03-24,Australia,NA,New South Wales,7480228,209,1,913,7
2020-03-25,Australia,NA,New South Wales,7480228,116,0,1029,7
2020-03-26,Australia,NA,New South Wales,7480228,190,0,1219,7
2020-03-27,Australia,NA,New South Wales,7480228,186,0,1405,7
2020-03-28,Australia,NA,New South Wales,7480228,212,1,1617,8
2020-03-29,Australia,NA,New South Wales,7480228,174,0,1791,8
2020-03-30,Australia,NA,New South Wales,7480228,127,0,1918,8
2020-03-31,Australia,NA,New South Wales,7480228,114,0,2032,8
2020-04-01,Australia,NA,New South Wales,7480228,150,2,2182,10
2020-04-02,Australia,NA,New South Wales,7480228,116,0,2298,10
2020-04-03,Australia,NA,New South Wales,7480228,91,2,2389,12
2020-04-04,Australia,NA,New South Wales,7480228,104,0,2493,12
2020-04-05,Australia,NA,New South Wales,7480228,87,4,2580,16
2020-04-06,Australia,NA,New South Wales,7480228,57,3,2637,19
2020-04-07,Australia,NA,New South Wales,7480228,49,2,2686,21
2020-04-08,Australia,NA,New South Wales,7480228,48,0,2734,21
2020-04-09,Australia,NA,New South Wales,7480228,39,0,2773,21
2020-04-10,Australia,NA,New South Wales,7480228,49,1,2822,22
2020-04-11,Australia,NA,New South Wales,7480228,35,1,2857,23
2020-04-12,Australia,NA,New South Wales,7480228,0,0,2857,23
2020-04-13,Australia,NA,New South Wales,7480228,9,2,2863,25
2020-04-14,Australia,NA,New South Wales,7480228,7,0,2870,25
2020-04-15,Australia,NA,New South Wales,7480228,16,0,2886,25
2020-04-16,Australia,NA,New South Wales,7480228,11,0,2897,25
2020-04-17,Australia,NA,New South Wales,7480228,29,0,2926,25
2020-04-18,Australia,NA,New South Wales,7480228,10,2,2936,27
2020-04-19,Australia,NA,New South Wales,7480228,21,1,2957,28
2020-04-20,Australia,NA,New South Wales,7480228,6,0,2963,28
2020-04-21,Australia,NA,New South Wales,7480228,6,1,2969,29
2020-04-22,Australia,NA,New South Wales,7480228,2,2,2971,31
2020-04-23,Australia,NA,New South Wales,7480228,5,1,2976,32
2020-04-24,Australia,NA,New South Wales,7480228,6,1,2982,33
2020-04-25,Australia,NA,New South Wales,7480228,12,1,2994,34
2020-04-26,Australia,NA,New South Wales,7480228,8,0,3002,34
2020-04-27,Australia,NA,New South Wales,7480228,2,0,3004,34
2020-04-28,Australia,NA,New South Wales,7480228,5,5,3009,39
2020-04-29,Australia,NA,New South Wales,7480228,7,1,3016,40
2020-04-30,Australia,NA,New South Wales,7480228,0,0,3016,40
2020-05-01,Australia,NA,New South Wales,7480228,9,1,3025,41
2020-05-02,Australia,NA,New South Wales,7480228,6,0,3031,41
2020-05-03,Australia,NA,New South Wales,7480228,4,1,3035,42
2020-05-04,Australia,NA,New South Wales,7480228,0,0,3035,42
2020-05-05,Australia,NA,New South Wales,7480228,2,2,3035,44
2020-05-06,Australia,NA,New South Wales,7480228,7,0,3042,44
2020-05-07,Australia,NA,New South Wales,7480228,2,0,3044,44
2020-05-08,Australia,NA,New South Wales,7480228,3,0,3047,44
2020-05-09,Australia,NA,New South Wales,7480228,4,0,3051,44
2020-05-10,Australia,NA,New South Wales,7480228,2,0,3053,44
2020-05-11,Australia,NA,New South Wales,7480228,0,0,3053,44
2020-05-12,Australia,NA,New South Wales,7480228,0,0,3053,44
2020-05-13,Australia,NA,New South Wales,7480228,6,1,3059,45
2020-05-14,Australia,NA,New South Wales,7480228,4,0,3063,45
2020-05-15,Australia,NA,New South Wales,7480228,8,0,3071,45
2020-05-16,Australia,NA,New South Wales,7480228,3,0,3074,45
2020-05-17,Australia,NA,New South Wales,7480228,1,0,3075,45
2020-05-18,Australia,NA,New South Wales,7480228,1,1,3076,46
2020-05-19,Australia,NA,New South Wales,7480228,2,1,3078,47
2020-05-20,Australia,NA,New South Wales,7480228,3,0,3081,47
2020-05-21,Australia,NA,New South Wales,7480228,1,0,3082,47
2020-05-22,Australia,NA,New South Wales,7480228,2,1,3084,48
2020-05-23,Australia,NA,New South Wales,7480228,2,0,3086,48
2020-05-24,Australia,NA,New South Wales,7480228,1,0,3087,48
2020-05-25,Australia,NA,New South Wales,7480228,3,0,3090,48
2020-05-26,Australia,NA,New South Wales,7480228,2,0,3092,48
2020-05-27,Australia,NA,New South Wales,7480228,0,0,3092,48
2020-05-28,Australia,NA,New South Wales,7480228,1,0,3092,48
2020-05-29,Australia,NA,New South Wales,7480228,2,0,3092,48
2020-05-30,Australia,NA,New South Wales,7480228,0,0,3092,48
2020-05-31,Australia,NA,New South Wales,7480228,3,0,3095,48
2020-06-01,Australia,NA,New South Wales,7480228,3,0,3098,48
2020-06-02,Australia,NA,New South Wales,7480228,6,0,3104,48
2020-06-03,Australia,NA,New South Wales,7480228,0,0,3104,48
2020-06-04,Australia,NA,New South Wales,7480228,2,0,3106,48
2020-06-05,Australia,NA,New South Wales,7480228,4,0,3110,48
2020-06-06,Australia,NA,New South Wales,7480228,0,0,3110,48
2020-06-07,Australia,NA,New South Wales,7480228,0,0,3110,48
2020-06-08,Australia,NA,New South Wales,7480228,3,0,3112,48
2020-06-09,Australia,NA,New South Wales,7480228,2,0,3114,48
2020-06-10,Australia,NA,New South Wales,7480228,3,0,3117,48
2020-06-11,Australia,NA,New South Wales,7480228,0,0,3117,48
2020-06-12,Australia,NA,New South Wales,7480228,0,0,3117,48
2020-06-13,Australia,NA,New South Wales,7480228,3,0,3119,48
2020-06-14,Australia,NA,New South Wales,7480228,9,0,3128,48
2020-06-15,Australia,NA,New South Wales,7480228,3,0,3131,48
2020-06-16,Australia,NA,New South Wales,7480228,3,0,3134,48
2020-06-17,Australia,NA,New South Wales,7480228,1,0,3135,48
2020-06-18,Australia,NA,New South Wales,7480228,2,0,3137,48
2020-06-19,Australia,NA,New South Wales,7480228,6,0,3143,48
2020-06-20,Australia,NA,New South Wales,7480228,1,0,3144,48
2020-06-21,Australia,NA,New South Wales,7480228,5,0,3149,48
2020-06-22,Australia,NA,New South Wales,7480228,2,0,3151,48
2020-06-23,Australia,NA,New South Wales,7480228,0,0,3151,48
2020-06-24,Australia,NA,New South Wales,7480228,9,0,3159,48
2020-06-25,Australia,NA,New South Wales,7480228,3,1,3162,49
2020-06-26,Australia,NA,New South Wales,7480228,6,0,3168,49
2020-06-27,Australia,NA,New South Wales,7480228,6,0,3174,49
2020-06-28,Australia,NA,New South Wales,7480228,3,0,3177,49
2020-06-29,Australia,NA,New South Wales,7480228,7,0,3184,49
2020-06-30,Australia,NA,New South Wales,7480228,5,0,3189,49
2020-07-01,Australia,NA,New South Wales,7480228,14,0,3203,49
2020-07-02,Australia,NA,New South Wales,7480228,8,0,3211,49
2020-07-03,Australia,NA,New South Wales,7480228,189,0,3400,49
2020-07-04,Australia,NA,New South Wales,7480228,5,0,3405,49
2020-07-05,Australia,NA,New South Wales,7480228,14,0,3419,49
2020-07-06,Australia,NA,New South Wales,7480228,10,0,3429,49
2020-07-07,Australia,NA,New South Wales,7480228,4,0,3433,49
2020-07-08,Australia,NA,New South Wales,7480228,7,0,3440,49
2020-07-09,Australia,NA,New South Wales,7480228,13,0,3453,49
2020-07-10,Australia,NA,New South Wales,7480228,14,0,3467,49
2020-07-11,Australia,NA,New South Wales,7480228,7,0,3474,49
2020-07-12,Australia,NA,New South Wales,7480228,4,0,3478,49
2020-07-13,Australia,NA,New South Wales,7480228,14,0,3492,49
2020-07-14,Australia,NA,New South Wales,7480228,13,0,3505,49
2020-07-15,Australia,NA,New South Wales,7480228,12,0,3517,49
2020-07-16,Australia,NA,New South Wales,7480228,10,0,3527,49
2020-07-17,Australia,NA,New South Wales,7480228,8,0,3535,49
2020-07-18,Australia,NA,New South Wales,7480228,15,0,3550,49
2020-07-19,Australia,NA,New South Wales,7480228,18,0,3568,49
2020-07-20,Australia,NA,New South Wales,7480228,20,0,3588,49
2020-07-21,Australia,NA,New South Wales,7480228,11,0,3599,49
2020-07-22,Australia,NA,New South Wales,7480228,15,0,3614,49
2020-07-23,Australia,NA,New South Wales,7480228,19,0,3633,49
2020-07-24,Australia,NA,New South Wales,7480228,7,0,3640,49
2020-07-25,Australia,NA,New South Wales,7480228,14,0,3654,49
2020-07-26,Australia,NA,New South Wales,7480228,14,0,3668,49
2020-07-27,Australia,NA,New South Wales,7480228,17,0,3685,49
2020-07-28,Australia,NA,New South Wales,7480228,14,0,3699,49
2020-07-29,Australia,NA,New South Wales,7480228,19,0,3718,49
2020-07-30,Australia,NA,New South Wales,7480228,18,0,3736,49
2020-07-31,Australia,NA,New South Wales,7480228,20,0,3756,49
2020-08-01,Australia,NA,New South Wales,7480228,17,0,3773,49
2020-08-02,Australia,NA,New South Wales,7480228,11,1,3784,50
2020-08-03,Australia,NA,New South Wales,7480228,13,0,3797,50
2020-08-04,Australia,NA,New South Wales,7480228,12,0,3809,50
2020-08-05,Australia,NA,New South Wales,7480228,11,0,3820,50
2020-08-06,Australia,NA,New South Wales,7480228,12,0,3832,50
2020-08-07,Australia,NA,New South Wales,7480228,10,0,3842,50
2020-08-08,Australia,NA,New South Wales,7480228,9,0,3851,50
2020-08-09,Australia,NA,New South Wales,7480228,10,0,3861,50
2020-08-10,Australia,NA,New South Wales,7480228,14,0,3875,50
2020-08-11,Australia,NA,New South Wales,7480228,22,0,3897,50
2020-08-12,Australia,NA,New South Wales,7480228,18,0,3915,50
2020-08-13,Australia,NA,New South Wales,7480228,12,1,3927,51
2020-08-14,Australia,NA,New South Wales,7480228,9,0,3936,51
2020-08-15,Australia,NA,New South Wales,7480228,9,0,3945,51
2020-08-16,Australia,NA,New South Wales,7480228,5,1,3950,52
2020-08-17,Australia,NA,New South Wales,7480228,7,0,3957,52
2020-08-18,Australia,NA,New South Wales,7480228,2,0,3959,52
2020-08-19,Australia,NA,New South Wales,7480228,7,0,3966,52
2020-08-20,Australia,NA,New South Wales,7480228,5,0,3971,52
2020-08-21,Australia,NA,New South Wales,7480228,1,0,3972,52
2020-08-22,Australia,NA,New South Wales,7480228,9,0,3981,52
2020-08-23,Australia,NA,New South Wales,7480228,4,0,3985,52
2020-08-24,Australia,NA,New South Wales,7480228,3,0,3988,52
2020-08-25,Australia,NA,New South Wales,7480228,3,0,3991,52
2020-08-26,Australia,NA,New South Wales,7480228,6,0,3997,52
2020-08-27,Australia,NA,New South Wales,7480228,9,0,4006,52
2020-08-28,Australia,NA,New South Wales,7480228,13,0,4019,52
2020-08-29,Australia,NA,New South Wales,7480228,14,0,4033,52
2020-08-30,Australia,NA,New South Wales,7480228,7,0,4040,52
2020-08-31,Australia,NA,New South Wales,7480228,10,0,4050,52
2020-09-01,Australia,NA,New South Wales,7480228,13,0,4063,52
2020-09-02,Australia,NA,New South Wales,7480228,16,0,4079,52
2020-09-03,Australia,NA,New South Wales,7480228,12,0,4091,52
2020-09-04,Australia,NA,New South Wales,7480228,8,0,4099,52
2020-09-05,Australia,NA,New South Wales,7480228,5,0,4104,52
2020-09-06,Australia,NA,New South Wales,7480228,10,0,4114,52
2020-09-07,Australia,NA,New South Wales,7480228,4,0,4118,52
2020-09-08,Australia,NA,New South Wales,7480228,8,0,4126,52
2020-09-09,Australia,NA,New South Wales,7480228,9,0,4135,52
2020-09-10,Australia,NA,New South Wales,7480228,7,0,4142,52
2020-09-11,Australia,NA,New South Wales,7480228,10,0,4152,52
2020-09-12,Australia,NA,New South Wales,7480228,5,0,4157,52
2020-09-13,Australia,NA,New South Wales,7480228,9,0,4166,52
2020-09-14,Australia,NA,New South Wales,7480228,4,0,4170,52
2020-09-15,Australia,NA,New South Wales,7480228,6,0,4176,52
2020-03-04,Australia,NA,Queensland,4703193,1,0,11,0
2020-03-05,Australia,NA,Queensland,4703193,2,0,13,0
2020-03-06,Australia,NA,Queensland,4703193,1,0,14,0
2020-03-07,Australia,NA,Queensland,4703193,0,0,14,0
2020-03-08,Australia,NA,Queensland,4703193,1,0,15,0
2020-03-09,Australia,NA,Queensland,4703193,0,0,15,0
2020-03-10,Australia,NA,Queensland,4703193,3,0,18,0
2020-03-11,Australia,NA,Queensland,4703193,2,0,20,0
2020-03-12,Australia,NA,Queensland,4703193,7,0,27,0
2020-03-13,Australia,NA,Queensland,4703193,8,0,35,0
2020-03-14,Australia,NA,Queensland,4703193,11,0,46,0
2020-03-15,Australia,NA,Queensland,4703193,16,0,62,0
2020-03-16,Australia,NA,Queensland,4703193,6,0,68,0
2020-03-17,Australia,NA,Queensland,4703193,10,0,78,0
2020-03-18,Australia,NA,Queensland,4703193,16,0,94,0
2020-03-19,Australia,NA,Queensland,4703193,50,0,144,0
2020-03-20,Australia,NA,Queensland,4703193,40,0,184,0
2020-03-21,Australia,NA,Queensland,4703193,37,0,221,0
2020-03-22,Australia,NA,Queensland,4703193,38,0,259,0
2020-03-23,Australia,NA,Queensland,4703193,60,0,319,0
2020-03-24,Australia,NA,Queensland,4703193,78,0,397,0
2020-03-25,Australia,NA,Queensland,4703193,46,1,443,1
2020-03-26,Australia,NA,Queensland,4703193,50,0,493,1
2020-03-27,Australia,NA,Queensland,4703193,62,0,555,1
2020-03-28,Australia,NA,Queensland,4703193,70,0,625,1
2020-03-29,Australia,NA,Queensland,4703193,31,1,656,2
2020-03-30,Australia,NA,Queensland,4703193,33,0,689,2
2020-03-31,Australia,NA,Queensland,4703193,54,0,743,2
2020-04-01,Australia,NA,Queensland,4703193,38,0,781,2
2020-04-02,Australia,NA,Queensland,4703193,54,1,835,3
2020-04-03,Australia,NA,Queensland,4703193,38,0,873,3
2020-04-04,Australia,NA,Queensland,4703193,27,0,900,3
2020-04-05,Australia,NA,Queensland,4703193,7,1,907,4
2020-04-06,Australia,NA,Queensland,4703193,14,0,921,4
2020-04-07,Australia,NA,Queensland,4703193,13,0,934,4
2020-04-08,Australia,NA,Queensland,4703193,9,0,943,4
2020-04-09,Australia,NA,Queensland,4703193,10,0,953,4
2020-04-10,Australia,NA,Queensland,4703193,12,0,965,4
2020-04-11,Australia,NA,Queensland,4703193,9,1,974,5
2020-04-12,Australia,NA,Queensland,4703193,9,0,983,5
2020-04-13,Australia,NA,Queensland,4703193,4,0,987,5
2020-04-14,Australia,NA,Queensland,4703193,11,0,998,5
2020-04-15,Australia,NA,Queensland,4703193,1,0,999,5
2020-04-16,Australia,NA,Queensland,4703193,2,0,1001,5
2020-04-17,Australia,NA,Queensland,4703193,6,0,1007,5
2020-04-18,Australia,NA,Queensland,4703193,7,1,1014,6
2020-04-19,Australia,NA,Queensland,4703193,5,0,1019,6
2020-04-20,Australia,NA,Queensland,4703193,0,0,1019,6
2020-04-21,Australia,NA,Queensland,4703193,5,0,1024,6
2020-04-22,Australia,NA,Queensland,4703193,0,0,1024,6
2020-04-23,Australia,NA,Queensland,4703193,2,0,1026,6
2020-04-24,Australia,NA,Queensland,4703193,0,0,1026,6
2020-04-25,Australia,NA,Queensland,4703193,0,0,1026,6
2020-04-26,Australia,NA,Queensland,4703193,4,0,1030,6
2020-04-27,Australia,NA,Queensland,4703193,3,0,1033,6
2020-04-28,Australia,NA,Queensland,4703193,0,0,1033,6
2020-04-29,Australia,NA,Queensland,4703193,1,0,1034,6
2020-04-30,Australia,NA,Queensland,4703193,0,0,1034,6
2020-05-01,Australia,NA,Queensland,4703193,0,0,1034,6
2020-05-02,Australia,NA,Queensland,4703193,1,0,1034,6
2020-05-03,Australia,NA,Queensland,4703193,1,0,1035,6
2020-05-04,Australia,NA,Queensland,4703193,3,0,1038,6
2020-05-05,Australia,NA,Queensland,4703193,5,0,1043,6
2020-05-06,Australia,NA,Queensland,4703193,0,0,1043,6
2020-05-07,Australia,NA,Queensland,4703193,2,0,1045,6
2020-05-08,Australia,NA,Queensland,4703193,0,0,1045,6
2020-05-09,Australia,NA,Queensland,4703193,0,0,1045,6
2020-05-10,Australia,NA,Queensland,4703193,0,0,1045,6
2020-05-11,Australia,NA,Queensland,4703193,0,0,1045,6
2020-05-12,Australia,NA,Queensland,4703193,6,0,1051,6
2020-05-13,Australia,NA,Queensland,4703193,0,0,1051,6
2020-05-14,Australia,NA,Queensland,4703193,1,0,1052,6
2020-05-15,Australia,NA,Queensland,4703193,2,0,1054,6
2020-05-16,Australia,NA,Queensland,4703193,1,0,1055,6
2020-05-17,Australia,NA,Queensland,4703193,0,0,1055,6
2020-05-18,Australia,NA,Queensland,4703193,2,0,1057,6
2020-05-19,Australia,NA,Queensland,4703193,0,0,1057,6
2020-05-20,Australia,NA,Queensland,4703193,1,0,1058,6
2020-05-21,Australia,NA,Queensland,4703193,0,0,1058,6
2020-05-22,Australia,NA,Queensland,4703193,0,0,1058,6
2020-05-23,Australia,NA,Queensland,4703193,0,0,1058,6
2020-05-24,Australia,NA,Queensland,4703193,1,0,1059,6
2020-05-25,Australia,NA,Queensland,4703193,0,0,1059,6
2020-05-26,Australia,NA,Queensland,4703193,1,0,1059,6
2020-05-27,Australia,NA,Queensland,4703193,1,1,1059,7
2020-05-28,Australia,NA,Queensland,4703193,0,0,1059,7
2020-05-29,Australia,NA,Queensland,4703193,0,0,1059,7
2020-05-30,Australia,NA,Queensland,4703193,0,0,1059,7
2020-05-31,Australia,NA,Queensland,4703193,0,0,1059,7
2020-06-01,Australia,NA,Queensland,4703193,0,0,1059,7
2020-06-02,Australia,NA,Queensland,4703193,1,0,1059,7
2020-06-03,Australia,NA,Queensland,4703193,0,0,1059,7
2020-06-04,Australia,NA,Queensland,4703193,1,0,1060,7
2020-06-05,Australia,NA,Queensland,4703193,0,0,1060,7
2020-06-06,Australia,NA,Queensland,4703193,1,0,1061,7
2020-06-07,Australia,NA,Queensland,4703193,1,0,1062,7
2020-06-08,Australia,NA,Queensland,4703193,0,0,1062,7
2020-06-09,Australia,NA,Queensland,4703193,0,0,1062,7
2020-06-10,Australia,NA,Queensland,4703193,0,0,1062,7
2020-06-11,Australia,NA,Queensland,4703193,1,0,1063,7
2020-06-12,Australia,NA,Queensland,4703193,1,0,1064,7
2020-06-13,Australia,NA,Queensland,4703193,1,0,1065,7
2020-06-14,Australia,NA,Queensland,4703193,0,0,1065,7
2020-06-15,Australia,NA,Queensland,4703193,0,0,1065,7
2020-06-16,Australia,NA,Queensland,4703193,0,0,1065,7
2020-06-17,Australia,NA,Queensland,4703193,1,0,1066,7
2020-06-18,Australia,NA,Queensland,4703193,0,0,1066,7
2020-06-19,Australia,NA,Queensland,4703193,0,0,1066,7
2020-06-20,Australia,NA,Queensland,4703193,0,0,1066,7
2020-06-21,Australia,NA,Queensland,4703193,0,0,1066,7
2020-06-22,Australia,NA,Queensland,4703193,0,0,1066,7
2020-06-23,Australia,NA,Queensland,4703193,0,0,1066,7
2020-06-24,Australia,NA,Queensland,4703193,0,0,1066,7
2020-06-25,Australia,NA,Queensland,4703193,0,0,1066,7
2020-06-26,Australia,NA,Queensland,4703193,1,0,1067,7
2020-06-27,Australia,NA,Queensland,4703193,0,0,1067,7
2020-06-28,Australia,NA,Queensland,4703193,0,0,1067,7
2020-06-29,Australia,NA,Queensland,4703193,0,0,1067,7
2020-06-30,Australia,NA,Queensland,4703193,0,0,1067,7
2020-07-01,Australia,NA,Queensland,4703193,0,0,1067,7
2020-07-02,Australia,NA,Queensland,4703193,0,0,1067,7
2020-07-03,Australia,NA,Queensland,4703193,0,0,1067,7
2020-07-04,Australia,NA,Queensland,4703193,0,0,1067,7
2020-07-05,Australia,NA,Queensland,4703193,0,0,1067,7
2020-07-06,Australia,NA,Queensland,4703193,0,0,1067,7
2020-07-07,Australia,NA,Queensland,4703193,1,0,1068,7
2020-07-08,Australia,NA,Queensland,4703193,0,0,1068,7
2020-07-09,Australia,NA,Queensland,4703193,0,0,1068,7
2020-07-10,Australia,NA,Queensland,4703193,0,0,1068,7
2020-07-11,Australia,NA,Queensland,4703193,2,0,1070,7
2020-07-12,Australia,NA,Queensland,4703193,0,0,1070,7
2020-07-13,Australia,NA,Queensland,4703193,1,0,1071,7
2020-07-14,Australia,NA,Queensland,4703193,0,0,1071,7
2020-07-15,Australia,NA,Queensland,4703193,0,0,1071,7
2020-07-16,Australia,NA,Queensland,4703193,0,0,1071,7
2020-07-17,Australia,NA,Queensland,4703193,0,0,1071,7
2020-07-18,Australia,NA,Queensland,4703193,0,0,1071,7
2020-07-19,Australia,NA,Queensland,4703193,0,0,1071,7
2020-07-20,Australia,NA,Queensland,4703193,1,0,1072,7
2020-07-21,Australia,NA,Queensland,4703193,0,0,1072,7
2020-07-22,Australia,NA,Queensland,4703193,1,0,1073,7
2020-07-23,Australia,NA,Queensland,4703193,1,0,1074,7
2020-07-24,Australia,NA,Queensland,4703193,2,0,1076,7
2020-07-25,Australia,NA,Queensland,4703193,0,0,1076,7
2020-07-26,Australia,NA,Queensland,4703193,0,0,1076,7
2020-07-27,Australia,NA,Queensland,4703193,0,0,1076,7
2020-07-28,Australia,NA,Queensland,4703193,0,0,1076,7
2020-07-29,Australia,NA,Queensland,4703193,2,0,1078,7
2020-07-30,Australia,NA,Queensland,4703193,4,0,1082,7
2020-07-31,Australia,NA,Queensland,4703193,1,0,1083,7
2020-08-01,Australia,NA,Queensland,4703193,1,0,1084,7
2020-08-02,Australia,NA,Queensland,4703193,1,0,1085,7
2020-08-03,Australia,NA,Queensland,4703193,0,0,1085,7
2020-08-04,Australia,NA,Queensland,4703193,0,0,1085,7
2020-08-05,Australia,NA,Queensland,4703193,3,0,1088,7
2020-08-06,Australia,NA,Queensland,4703193,0,0,1088,7
2020-08-07,Australia,NA,Queensland,4703193,0,0,1088,7
2020-08-08,Australia,NA,Queensland,4703193,1,0,1088,7
2020-08-09,Australia,NA,Queensland,4703193,0,0,1088,7
2020-08-10,Australia,NA,Queensland,4703193,1,0,1089,7
2020-08-11,Australia,NA,Queensland,4703193,0,0,1089,7
2020-08-12,Australia,NA,Queensland,4703193,0,0,1089,7
2020-08-13,Australia,NA,Queensland,4703193,0,0,1089,7
2020-08-14,Australia,NA,Queensland,4703193,3,0,1092,7
2020-08-15,Australia,NA,Queensland,4703193,0,0,1092,7
2020-08-16,Australia,NA,Queensland,4703193,0,0,1092,7
2020-08-17,Australia,NA,Queensland,4703193,0,0,1092,7
2020-08-18,Australia,NA,Queensland,4703193,0,0,1092,7
2020-08-19,Australia,NA,Queensland,4703193,1,0,1092,7
2020-08-20,Australia,NA,Queensland,4703193,1,0,1093,7
2020-08-21,Australia,NA,Queensland,4703193,1,0,1094,7
2020-08-22,Australia,NA,Queensland,4703193,9,0,1103,7
2020-08-23,Australia,NA,Queensland,4703193,2,0,1105,7
2020-08-24,Australia,NA,Queensland,4703193,1,0,1106,7
2020-08-25,Australia,NA,Queensland,4703193,0,0,1106,7
2020-08-26,Australia,NA,Queensland,4703193,2,0,1108,7
2020-08-27,Australia,NA,Queensland,4703193,2,0,1110,7
2020-08-28,Australia,NA,Queensland,4703193,3,0,1113,7
2020-08-29,Australia,NA,Queensland,4703193,4,0,1117,7
2020-08-30,Australia,NA,Queensland,4703193,4,0,1121,7
2020-08-31,Australia,NA,Queensland,4703193,1,0,1122,7
2020-09-01,Australia,NA,Queensland,4703193,2,0,1124,7
2020-09-02,Australia,NA,Queensland,4703193,2,0,1126,7
2020-09-03,Australia,NA,Queensland,4703193,2,0,1128,7
2020-09-04,Australia,NA,Queensland,4703193,0,0,1128,7
2020-09-05,Australia,NA,Queensland,4703193,1,0,1129,7
2020-09-06,Australia,NA,Queensland,4703193,2,0,1131,7
2020-09-07,Australia,NA,Queensland,4703193,2,0,1133,7
2020-09-08,Australia,NA,Queensland,4703193,1,0,1134,7
2020-09-09,Australia,NA,Queensland,4703193,9,0,1143,7
2020-09-10,Australia,NA,Queensland,4703193,0,0,1143,7
2020-09-11,Australia,NA,Queensland,4703193,2,0,1145,7
2020-09-12,Australia,NA,Queensland,4703193,4,0,1149,7
2020-09-13,Australia,NA,Queensland,4703193,0,0,1149,7
2020-09-14,Australia,NA,Queensland,4703193,0,0,1149,7
2020-09-15,Australia,NA,Queensland,4703193,1,0,1150,7
2020-03-07,Australia,NA,Victoria,5926624,1,0,11,0
2020-03-08,Australia,NA,Victoria,5926624,1,0,12,0
2020-03-09,Australia,NA,Victoria,5926624,3,0,15,0
2020-03-10,Australia,NA,Victoria,5926624,4,0,19,0
2020-03-11,Australia,NA,Victoria,5926624,3,0,22,0
2020-03-12,Australia,NA,Victoria,5926624,5,0,27,0
2020-03-13,Australia,NA,Victoria,5926624,9,0,36,0
2020-03-14,Australia,NA,Victoria,5926624,13,0,49,0
2020-03-15,Australia,NA,Victoria,5926624,8,0,57,0
2020-03-16,Australia,NA,Victoria,5926624,14,0,71,0
2020-03-17,Australia,NA,Victoria,5926624,23,0,94,0
2020-03-18,Australia,NA,Victoria,5926624,27,0,121,0
2020-03-19,Australia,NA,Victoria,5926624,29,0,150,0
2020-03-20,Australia,NA,Victoria,5926624,28,0,178,0
2020-03-21,Australia,NA,Victoria,5926624,51,0,229,0
2020-03-22,Australia,NA,Victoria,5926624,67,0,296,0
2020-03-23,Australia,NA,Victoria,5926624,59,0,355,0
2020-03-24,Australia,NA,Victoria,5926624,56,0,411,0
2020-03-25,Australia,NA,Victoria,5926624,55,0,466,0
2020-03-26,Australia,NA,Victoria,5926624,54,3,520,3
2020-03-27,Australia,NA,Victoria,5926624,54,0,574,3
2020-03-28,Australia,NA,Victoria,5926624,111,0,685,3
2020-03-29,Australia,NA,Victoria,5926624,84,1,769,4
2020-03-30,Australia,NA,Victoria,5926624,52,0,821,4
2020-03-31,Australia,NA,Victoria,5926624,96,0,917,4
2020-04-01,Australia,NA,Victoria,5926624,51,0,968,4
2020-04-02,Australia,NA,Victoria,5926624,68,2,1036,6
2020-04-03,Australia,NA,Victoria,5926624,49,1,1085,7
2020-04-04,Australia,NA,Victoria,5926624,30,1,1115,8
2020-04-05,Australia,NA,Victoria,5926624,20,0,1135,8
2020-04-06,Australia,NA,Victoria,5926624,23,2,1158,10
2020-04-07,Australia,NA,Victoria,5926624,33,1,1191,11
2020-04-08,Australia,NA,Victoria,5926624,21,1,1212,12
2020-04-09,Australia,NA,Victoria,5926624,16,0,1228,12
2020-04-10,Australia,NA,Victoria,5926624,13,1,1241,13
2020-04-11,Australia,NA,Victoria,5926624,24,1,1265,14
2020-04-12,Australia,NA,Victoria,5926624,3,0,1268,14
2020-04-13,Australia,NA,Victoria,5926624,13,0,1281,14
2020-04-14,Australia,NA,Victoria,5926624,10,0,1291,14
2020-04-15,Australia,NA,Victoria,5926624,8,0,1299,14
2020-04-16,Australia,NA,Victoria,5926624,2,0,1301,14
2020-04-17,Australia,NA,Victoria,5926624,1,0,1302,14
2020-04-18,Australia,NA,Victoria,5926624,17,0,1319,14
2020-04-19,Australia,NA,Victoria,5926624,9,1,1328,15
2020-04-20,Australia,NA,Victoria,5926624,1,0,1329,15
2020-04-21,Australia,NA,Victoria,5926624,7,0,1336,15
2020-04-22,Australia,NA,Victoria,5926624,0,0,1336,15
2020-04-23,Australia,NA,Victoria,5926624,1,1,1337,16
2020-04-24,Australia,NA,Victoria,5926624,6,0,1343,16
2020-04-25,Australia,NA,Victoria,5926624,3,0,1346,16
2020-04-26,Australia,NA,Victoria,5926624,3,1,1349,17
2020-04-27,Australia,NA,Victoria,5926624,0,0,1349,17
2020-04-28,Australia,NA,Victoria,5926624,2,0,1351,17
2020-04-29,Australia,NA,Victoria,5926624,3,1,1354,18
2020-04-30,Australia,NA,Victoria,5926624,7,0,1361,18
2020-05-01,Australia,NA,Victoria,5926624,3,0,1364,18
2020-05-02,Australia,NA,Victoria,5926624,7,0,1371,18
2020-05-03,Australia,NA,Victoria,5926624,13,0,1384,18
2020-05-04,Australia,NA,Victoria,5926624,22,0,1406,18
2020-05-05,Australia,NA,Victoria,5926624,17,0,1423,18
2020-05-06,Australia,NA,Victoria,5926624,17,0,1440,18
2020-05-07,Australia,NA,Victoria,5926624,15,0,1455,18
2020-05-08,Australia,NA,Victoria,5926624,13,0,1468,18
2020-05-09,Australia,NA,Victoria,5926624,11,0,1479,18
2020-05-10,Australia,NA,Victoria,5926624,10,0,1489,18
2020-05-11,Australia,NA,Victoria,5926624,7,0,1496,18
2020-05-12,Australia,NA,Victoria,5926624,11,0,1507,18
2020-05-13,Australia,NA,Victoria,5926624,5,0,1512,18
2020-05-14,Australia,NA,Victoria,5926624,8,0,1520,18
2020-05-15,Australia,NA,Victoria,5926624,20,0,1540,18
2020-05-16,Australia,NA,Victoria,5926624,11,0,1551,18
2020-05-17,Australia,NA,Victoria,5926624,7,0,1558,18
2020-05-18,Australia,NA,Victoria,5926624,9,0,1567,18
2020-05-19,Australia,NA,Victoria,5926624,6,0,1573,18
2020-05-20,Australia,NA,Victoria,5926624,7,0,1580,18
2020-05-21,Australia,NA,Victoria,5926624,1,0,1581,18
2020-05-22,Australia,NA,Victoria,5926624,12,0,1593,18
2020-05-23,Australia,NA,Victoria,5926624,9,1,1602,19
2020-05-24,Australia,NA,Victoria,5926624,1,0,1603,19
2020-05-25,Australia,NA,Victoria,5926624,2,0,1605,19
2020-05-26,Australia,NA,Victoria,5926624,5,0,1610,19
2020-05-27,Australia,NA,Victoria,5926624,8,0,1618,19
2020-05-28,Australia,NA,Victoria,5926624,10,0,1628,19
2020-05-29,Australia,NA,Victoria,5926624,6,0,1634,19
2020-05-30,Australia,NA,Victoria,5926624,11,0,1645,19
2020-05-31,Australia,NA,Victoria,5926624,4,0,1649,19
2020-06-01,Australia,NA,Victoria,5926624,4,0,1653,19
2020-06-02,Australia,NA,Victoria,5926624,10,0,1663,19
2020-06-03,Australia,NA,Victoria,5926624,7,0,1670,19
2020-06-04,Australia,NA,Victoria,5926624,8,0,1678,19
2020-06-05,Australia,NA,Victoria,5926624,3,0,1681,19
2020-06-06,Australia,NA,Victoria,5926624,0,0,1681,19
2020-06-07,Australia,NA,Victoria,5926624,4,0,1685,19
2020-06-08,Australia,NA,Victoria,5926624,2,0,1687,19
2020-06-09,Australia,NA,Victoria,5926624,0,0,1687,19
2020-06-10,Australia,NA,Victoria,5926624,4,0,1691,19
2020-06-11,Australia,NA,Victoria,5926624,8,0,1699,19
2020-06-12,Australia,NA,Victoria,5926624,4,0,1703,19
2020-06-13,Australia,NA,Victoria,5926624,8,0,1711,19
2020-06-14,Australia,NA,Victoria,5926624,9,0,1720,19
2020-06-15,Australia,NA,Victoria,5926624,12,0,1732,19
2020-06-16,Australia,NA,Victoria,5926624,9,0,1741,19
2020-06-17,Australia,NA,Victoria,5926624,21,0,1762,19
2020-06-18,Australia,NA,Victoria,5926624,18,0,1780,19
2020-06-19,Australia,NA,Victoria,5926624,12,0,1792,19
2020-06-20,Australia,NA,Victoria,5926624,25,0,1817,19
2020-06-21,Australia,NA,Victoria,5926624,19,0,1836,19
2020-06-22,Australia,NA,Victoria,5926624,11,0,1847,19
2020-06-23,Australia,NA,Victoria,5926624,17,0,1864,19
2020-06-24,Australia,NA,Victoria,5926624,20,1,1884,20
2020-06-25,Australia,NA,Victoria,5926624,33,0,1917,20
2020-06-26,Australia,NA,Victoria,5926624,30,0,1947,20
2020-06-27,Australia,NA,Victoria,5926624,40,0,1987,20
2020-06-28,Australia,NA,Victoria,5926624,41,0,2028,20
2020-06-29,Australia,NA,Victoria,5926624,71,0,2099,20
2020-06-30,Australia,NA,Victoria,5926624,60,0,2159,20
2020-07-01,Australia,NA,Victoria,5926624,72,0,2231,20
2020-07-02,Australia,NA,Victoria,5926624,72,0,2303,20
2020-07-03,Australia,NA,Victoria,5926624,65,0,2368,20
2020-07-04,Australia,NA,Victoria,5926624,101,0,2469,20
2020-07-05,Australia,NA,Victoria,5926624,67,0,2536,20
2020-07-06,Australia,NA,Victoria,5926624,124,2,2660,22
2020-07-07,Australia,NA,Victoria,5926624,164,0,2824,22
2020-07-08,Australia,NA,Victoria,5926624,118,0,2942,22
2020-07-09,Australia,NA,Victoria,5926624,156,0,3098,22
2020-07-10,Australia,NA,Victoria,5926624,281,0,3379,22
2020-07-11,Australia,NA,Victoria,5926624,181,1,3560,23
2020-07-12,Australia,NA,Victoria,5926624,239,1,3799,24
2020-07-13,Australia,NA,Victoria,5926624,168,0,3967,24
2020-07-14,Australia,NA,Victoria,5926624,257,2,4224,26
2020-07-15,Australia,NA,Victoria,5926624,224,1,4448,27
2020-07-16,Australia,NA,Victoria,5926624,302,2,4750,29
2020-07-17,Australia,NA,Victoria,5926624,415,3,5165,32
2020-07-18,Australia,NA,Victoria,5926624,188,3,5353,35
2020-07-19,Australia,NA,Victoria,5926624,343,3,5696,38
2020-07-20,Australia,NA,Victoria,5926624,246,1,5942,39
2020-07-21,Australia,NA,Victoria,5926624,347,3,6289,42
2020-07-22,Australia,NA,Victoria,5926624,450,2,6739,44
2020-07-23,Australia,NA,Victoria,5926624,386,5,7125,49
2020-07-24,Australia,NA,Victoria,5926624,280,7,7405,56
2020-07-25,Australia,NA,Victoria,5926624,339,5,7744,61
2020-07-26,Australia,NA,Victoria,5926624,437,10,8181,71
2020-07-27,Australia,NA,Victoria,5926624,515,6,8696,77
2020-07-28,Australia,NA,Victoria,5926624,353,6,9049,83
2020-07-29,Australia,NA,Victoria,5926624,255,9,9304,92
2020-07-30,Australia,NA,Victoria,5926624,694,14,9998,106
2020-07-31,Australia,NA,Victoria,5926624,579,7,10577,113
2020-08-01,Australia,NA,Victoria,5926624,354,3,10931,116
2020-08-02,Australia,NA,Victoria,5926624,626,7,11557,123
2020-08-03,Australia,NA,Victoria,5926624,380,13,11937,136
2020-08-04,Australia,NA,Victoria,5926624,398,11,12335,147
2020-08-05,Australia,NA,Victoria,5926624,700,15,13035,162
2020-08-06,Australia,NA,Victoria,5926624,434,8,13469,170
2020-08-07,Australia,NA,Victoria,5926624,398,11,13867,181
2020-08-08,Australia,NA,Victoria,5926624,416,12,14283,193
2020-08-09,Australia,NA,Victoria,5926624,376,17,14659,210
2020-08-10,Australia,NA,Victoria,5926624,298,18,14957,228
2020-08-11,Australia,NA,Victoria,5926624,294,18,15251,246
2020-08-12,Australia,NA,Victoria,5926624,395,21,15646,267
2020-08-13,Australia,NA,Victoria,5926624,217,8,15863,275
2020-08-14,Australia,NA,Victoria,5926624,371,14,16234,289
2020-08-15,Australia,NA,Victoria,5926624,283,4,16517,293
2020-08-16,Australia,NA,Victoria,5926624,247,16,16764,309
2020-08-17,Australia,NA,Victoria,5926624,263,25,17027,334
2020-08-18,Australia,NA,Victoria,5926624,211,17,17238,351
2020-08-19,Australia,NA,Victoria,5926624,208,12,17446,363
2020-08-20,Australia,NA,Victoria,5926624,237,13,17683,376
2020-08-21,Australia,NA,Victoria,5926624,169,9,17852,385
2020-08-22,Australia,NA,Victoria,5926624,177,3,18029,388
2020-08-23,Australia,NA,Victoria,5926624,202,27,18231,415
2020-08-24,Australia,NA,Victoria,5926624,99,15,18330,430
2020-08-25,Australia,NA,Victoria,5926624,134,8,18464,438
2020-08-26,Australia,NA,Victoria,5926624,144,24,18608,462
2020-08-27,Australia,NA,Victoria,5926624,106,23,18714,485
2020-08-28,Australia,NA,Victoria,5926624,108,12,18822,497
2020-08-29,Australia,NA,Victoria,5926624,81,16,18903,513
2020-08-30,Australia,NA,Victoria,5926624,112,11,19015,524
2020-08-31,Australia,NA,Victoria,5926624,65,41,19080,565
2020-09-01,Australia,NA,Victoria,5926624,58,5,19138,570
2020-09-02,Australia,NA,Victoria,5926624,86,6,19224,576
2020-09-03,Australia,NA,Victoria,5926624,112,15,19336,591
2020-09-04,Australia,NA,Victoria,5926624,79,59,19415,650
2020-09-05,Australia,NA,Victoria,5926624,64,11,19479,661
2020-09-06,Australia,NA,Victoria,5926624,59,5,19538,666
2020-09-07,Australia,NA,Victoria,5926624,36,9,19574,675
2020-09-08,Australia,NA,Victoria,5926624,41,8,19615,683
2020-09-09,Australia,NA,Victoria,5926624,73,11,19688,694
2020-09-10,Australia,NA,Victoria,5926624,40,7,19728,701
2020-09-11,Australia,NA,Victoria,5926624,39,9,19767,710
2020-09-12,Australia,NA,Victoria,5926624,33,6,19800,716
2020-09-13,Australia,NA,Victoria,5926624,35,7,19835,723
2020-09-14,Australia,NA,Victoria,5926624,37,6,19872,729
2020-09-15,Australia,NA,Victoria,5926624,39,0,19911,729
2020-03-13,Australia,NA,Western Australia,2474410,5,0,14,0
2020-03-14,Australia,NA,Western Australia,2474410,3,0,17,0
2020-03-15,Australia,NA,Western Australia,2474410,1,0,18,0
2020-03-16,Australia,NA,Western Australia,2474410,10,0,28,0
2020-03-17,Australia,NA,Western Australia,2474410,3,0,31,0
2020-03-18,Australia,NA,Western Australia,2474410,4,0,35,0
2020-03-19,Australia,NA,Western Australia,2474410,17,0,52,0
2020-03-20,Australia,NA,Western Australia,2474410,12,0,64,0
2020-03-21,Australia,NA,Western Australia,2474410,26,0,90,0
2020-03-22,Australia,NA,Western Australia,2474410,30,1,120,1
2020-03-23,Australia,NA,Western Australia,2474410,20,0,140,1
2020-03-24,Australia,NA,Western Australia,2474410,35,0,175,1
2020-03-25,Australia,NA,Western Australia,2474410,30,0,205,1
2020-03-26,Australia,NA,Western Australia,2474410,26,1,231,2
2020-03-27,Australia,NA,Western Australia,2474410,24,0,255,2
2020-03-28,Australia,NA,Western Australia,2474410,23,0,278,2
2020-03-29,Australia,NA,Western Australia,2474410,34,0,312,2
2020-03-30,Australia,NA,Western Australia,2474410,43,0,355,2
2020-03-31,Australia,NA,Western Australia,2474410,9,0,364,2
2020-04-01,Australia,NA,Western Australia,2474410,28,0,392,2
2020-04-02,Australia,NA,Western Australia,2474410,8,0,400,2
2020-04-03,Australia,NA,Western Australia,2474410,22,1,422,3
2020-04-04,Australia,NA,Western Australia,2474410,14,0,436,3
2020-04-05,Australia,NA,Western Australia,2474410,17,0,453,3
2020-04-06,Australia,NA,Western Australia,2474410,7,1,460,4
2020-04-07,Australia,NA,Western Australia,2474410,10,2,470,6
2020-04-08,Australia,NA,Western Australia,2474410,11,0,481,6
2020-04-09,Australia,NA,Western Australia,2474410,14,0,495,6
2020-04-10,Australia,NA,Western Australia,2474410,11,0,506,6
2020-04-11,Australia,NA,Western Australia,2474410,8,0,514,6
2020-04-12,Australia,NA,Western Australia,2474410,3,0,517,6
2020-04-13,Australia,NA,Western Australia,2474410,6,0,523,6
2020-04-14,Australia,NA,Western Australia,2474410,4,0,527,6
2020-04-15,Australia,NA,Western Australia,2474410,5,0,532,6
2020-04-16,Australia,NA,Western Australia,2474410,3,0,535,6
2020-04-17,Australia,NA,Western Australia,2474410,6,1,541,7
2020-04-18,Australia,NA,Western Australia,2474410,3,0,544,7
2020-04-19,Australia,NA,Western Australia,2474410,1,0,545,7
2020-04-20,Australia,NA,Western Australia,2474410,0,0,545,7
2020-04-21,Australia,NA,Western Australia,2474410,1,0,546,7
2020-04-22,Australia,NA,Western Australia,2474410,0,0,546,7
2020-04-23,Australia,NA,Western Australia,2474410,0,0,546,7
2020-04-24,Australia,NA,Western Australia,2474410,2,1,548,8
2020-04-25,Australia,NA,Western Australia,2474410,1,0,549,8
2020-04-26,Australia,NA,Western Australia,2474410,0,0,549,8
2020-04-27,Australia,NA,Western Australia,2474410,0,0,549,8
2020-04-28,Australia,NA,Western Australia,2474410,1,0,550,8
2020-04-29,Australia,NA,Western Australia,2474410,1,0,551,8
2020-04-30,Australia,NA,Western Australia,2474410,0,0,551,8
2020-05-01,Australia,NA,Western Australia,2474410,0,0,551,8
2020-05-02,Australia,NA,Western Australia,2474410,0,0,551,8
2020-05-03,Australia,NA,Western Australia,2474410,0,1,551,9
2020-05-04,Australia,NA,Western Australia,2474410,0,0,551,9
2020-05-05,Australia,NA,Western Australia,2474410,0,0,551,9
2020-05-06,Australia,NA,Western Australia,2474410,0,0,551,9
2020-05-07,Australia,NA,Western Australia,2474410,0,0,551,9
2020-05-08,Australia,NA,Western Australia,2474410,1,0,552,9
2020-05-09,Australia,NA,Western Australia,2474410,0,0,552,9
2020-05-10,Australia,NA,Western Australia,2474410,0,0,552,9
2020-05-11,Australia,NA,Western Australia,2474410,0,0,552,9
2020-05-12,Australia,NA,Western Australia,2474410,0,0,552,9
2020-05-13,Australia,NA,Western Australia,2474410,0,0,552,9
2020-05-14,Australia,NA,Western Australia,2474410,1,0,552,9
2020-05-15,Australia,NA,Western Australia,2474410,0,0,552,9
2020-05-16,Australia,NA,Western Australia,2474410,1,0,553,9
2020-05-17,Australia,NA,Western Australia,2474410,1,0,554,9
2020-05-18,Australia,NA,Western Australia,2474410,3,0,557,9
2020-05-19,Australia,NA,Western Australia,2474410,0,0,557,9
2020-05-20,Australia,NA,Western Australia,2474410,0,0,557,9
2020-05-21,Australia,NA,Western Australia,2474410,0,0,557,9
2020-05-22,Australia,NA,Western Australia,2474410,0,0,557,9
2020-05-23,Australia,NA,Western Australia,2474410,0,0,557,9
2020-05-24,Australia,NA,Western Australia,2474410,0,0,557,9
2020-05-25,Australia,NA,Western Australia,2474410,7,0,564,9
2020-05-26,Australia,NA,Western Australia,2474410,6,0,570,9
2020-05-27,Australia,NA,Western Australia,2474410,0,0,570,9
2020-05-28,Australia,NA,Western Australia,2474410,0,0,570,9
2020-05-29,Australia,NA,Western Australia,2474410,15,0,585,9
2020-05-30,Australia,NA,Western Australia,2474410,1,0,586,9
2020-05-31,Australia,NA,Western Australia,2474410,3,0,589,9
2020-06-01,Australia,NA,Western Australia,2474410,2,0,591,9
2020-06-02,Australia,NA,Western Australia,2474410,0,0,591,9
2020-06-03,Australia,NA,Western Australia,2474410,1,0,592,9
2020-06-04,Australia,NA,Western Australia,2474410,0,0,592,9
2020-06-05,Australia,NA,Western Australia,2474410,4,0,596,9
2020-06-06,Australia,NA,Western Australia,2474410,3,0,599,9
2020-06-07,Australia,NA,Western Australia,2474410,0,0,599,9
2020-06-08,Australia,NA,Western Australia,2474410,0,0,599,9
2020-06-09,Australia,NA,Western Australia,2474410,0,0,599,9
2020-06-10,Australia,NA,Western Australia,2474410,2,0,601,9
2020-06-11,Australia,NA,Western Australia,2474410,0,0,601,9
2020-06-12,Australia,NA,Western Australia,2474410,1,0,602,9
2020-06-13,Australia,NA,Western Australia,2474410,0,0,602,9
2020-06-14,Australia,NA,Western Australia,2474410,0,0,602,9
2020-06-15,Australia,NA,Western Australia,2474410,0,0,602,9
2020-06-16,Australia,NA,Western Australia,2474410,0,0,602,9
2020-06-17,Australia,NA,Western Australia,2474410,0,0,602,9
2020-06-18,Australia,NA,Western Australia,2474410,1,0,603,9
2020-06-19,Australia,NA,Western Australia,2474410,0,0,603,9
2020-06-20,Australia,NA,Western Australia,2474410,1,0,604,9
2020-06-21,Australia,NA,Western Australia,2474410,1,0,605,9
2020-06-22,Australia,NA,Western Australia,2474410,0,0,605,9
2020-06-23,Australia,NA,Western Australia,2474410,2,0,607,9
2020-06-24,Australia,NA,Western Australia,2474410,0,0,607,9
2020-06-25,Australia,NA,Western Australia,2474410,1,0,608,9
2020-06-26,Australia,NA,Western Australia,2474410,0,0,608,9
2020-06-27,Australia,NA,Western Australia,2474410,0,0,608,9
2020-06-28,Australia,NA,Western Australia,2474410,1,0,609,9
2020-06-29,Australia,NA,Western Australia,2474410,0,0,609,9
2020-06-30,Australia,NA,Western Australia,2474410,2,0,611,9
2020-07-01,Australia,NA,Western Australia,2474410,0,0,611,9
2020-07-02,Australia,NA,Western Australia,2474410,0,0,611,9
2020-07-03,Australia,NA,Western Australia,2474410,0,0,611,9
2020-07-04,Australia,NA,Western Australia,2474410,1,0,612,9
2020-07-05,Australia,NA,Western Australia,2474410,6,0,618,9
2020-07-06,Australia,NA,Western Australia,2474410,3,0,621,9
2020-07-07,Australia,NA,Western Australia,2474410,0,0,621,9
2020-07-08,Australia,NA,Western Australia,2474410,3,0,624,9
2020-07-09,Australia,NA,Western Australia,2474410,3,0,627,9
2020-07-10,Australia,NA,Western Australia,2474410,3,0,630,9
2020-07-11,Australia,NA,Western Australia,2474410,4,0,634,9
2020-07-12,Australia,NA,Western Australia,2474410,1,0,635,9
2020-07-13,Australia,NA,Western Australia,2474410,0,0,635,9
2020-07-14,Australia,NA,Western Australia,2474410,1,0,636,9
2020-07-15,Australia,NA,Western Australia,2474410,8,0,644,9
2020-07-16,Australia,NA,Western Australia,2474410,2,0,646,9
2020-07-17,Australia,NA,Western Australia,2474410,2,0,648,9
2020-07-18,Australia,NA,Western Australia,2474410,3,0,651,9
2020-07-19,Australia,NA,Western Australia,2474410,0,0,651,9
2020-07-20,Australia,NA,Western Australia,2474410,0,0,651,9
2020-07-21,Australia,NA,Western Australia,2474410,0,0,651,9
2020-07-22,Australia,NA,Western Australia,2474410,0,0,651,9
2020-07-23,Australia,NA,Western Australia,2474410,3,0,654,9
2020-07-24,Australia,NA,Western Australia,2474410,0,0,654,9
2020-07-25,Australia,NA,Western Australia,2474410,2,0,656,9
2020-07-26,Australia,NA,Western Australia,2474410,2,0,658,9
2020-07-27,Australia,NA,Western Australia,2474410,0,0,658,9
2020-07-28,Australia,NA,Western Australia,2474410,1,0,659,9
2020-07-29,Australia,NA,Western Australia,2474410,2,0,661,9
2020-07-30,Australia,NA,Western Australia,2474410,4,0,665,9
2020-07-31,Australia,NA,Western Australia,2474410,1,0,666,9
2020-08-01,Australia,NA,Western Australia,2474410,2,0,668,9
2020-08-02,Australia,NA,Western Australia,2474410,1,0,669,9
2020-08-03,Australia,NA,Western Australia,2474410,0,0,669,9
2020-08-04,Australia,NA,Western Australia,2474410,0,0,669,9
2020-08-05,Australia,NA,Western Australia,2474410,1,0,670,9
2020-08-06,Australia,NA,Western Australia,2474410,0,0,670,9
2020-08-07,Australia,NA,Western Australia,2474410,0,0,670,9
2020-08-08,Australia,NA,Western Australia,2474410,0,0,670,9
2020-08-09,Australia,NA,Western Australia,2474410,0,0,670,9
2020-08-10,Australia,NA,Western Australia,2474410,0,0,670,9
2020-08-11,Australia,NA,Western Australia,2474410,0,0,670,9
2020-08-12,Australia,NA,Western Australia,2474410,0,0,670,9
2020-08-13,Australia,NA,Western Australia,2474410,2,0,670,9
2020-08-14,Australia,NA,Western Australia,2474410,1,0,670,9
2020-08-15,Australia,NA,Western Australia,2474410,1,0,670,9
2020-08-16,Australia,NA,Western Australia,2474410,0,0,670,9
2020-08-17,Australia,NA,Western Australia,2474410,0,0,670,9
2020-08-18,Australia,NA,Western Australia,2474410,1,0,670,9
2020-08-19,Australia,NA,Western Australia,2474410,4,0,670,9
2020-08-20,Australia,NA,Western Australia,2474410,0,0,670,9
2020-08-21,Australia,NA,Western Australia,2474410,0,0,670,9
2020-08-22,Australia,NA,Western Australia,2474410,0,0,670,9
2020-08-23,Australia,NA,Western Australia,2474410,1,0,670,9
2020-08-24,Australia,NA,Western Australia,2474410,1,0,670,9
2020-08-25,Australia,NA,Western Australia,2474410,0,0,670,9
2020-08-26,Australia,NA,Western Australia,2474410,0,0,670,9
2020-08-27,Australia,NA,Western Australia,2474410,0,0,670,9
2020-08-28,Australia,NA,Western Australia,2474410,2,0,670,9
2020-08-29,Australia,NA,Western Australia,2474410,0,0,670,9
2020-08-30,Australia,NA,Western Australia,2474410,0,0,670,9
2020-08-31,Australia,NA,Western Australia,2474410,0,0,670,9
2020-09-01,Australia,NA,Western Australia,2474410,0,0,670,9
2020-09-02,Australia,NA,Western Australia,2474410,0,0,670,9
2020-09-03,Australia,NA,Western Australia,2474410,0,0,670,9
2020-09-04,Australia,NA,Western Australia,2474410,0,0,670,9
2020-09-05,Australia,NA,Western Australia,2474410,0,0,670,9
2020-09-06,Australia,NA,Western Australia,2474410,1,0,670,9
2020-09-07,Australia,NA,Western Australia,2474410,1,0,670,9
2020-09-08,Australia,NA,Western Australia,2474410,1,0,670,9
2020-09-09,Australia,NA,Western Australia,2474410,0,0,670,9
2020-09-10,Australia,NA,Western Australia,2474410,1,0,670,9
2020-03-04,Belgium,NA,Antwerp,1860470,6,0,13,0
2020-03-05,Belgium,NA,Antwerp,1860470,11,0,24,0
2020-03-06,Belgium,NA,Antwerp,1860470,11,0,35,0
2020-03-07,Belgium,NA,Antwerp,1860470,8,0,43,0
2020-03-08,Belgium,NA,Antwerp,1860470,9,0,52,0
2020-03-09,Belgium,NA,Antwerp,1860470,8,0,60,0
2020-03-10,Belgium,NA,Antwerp,1860470,14,0,74,0
2020-03-11,Belgium,NA,Antwerp,1860470,21,0,95,0
2020-03-12,Belgium,NA,Antwerp,1860470,33,0,128,0
2020-03-13,Belgium,NA,Antwerp,1860470,47,0,175,0
2020-03-14,Belgium,NA,Antwerp,1860470,21,0,196,0
2020-03-15,Belgium,NA,Antwerp,1860470,24,0,220,0
2020-03-16,Belgium,NA,Antwerp,1860470,46,0,266,0
2020-03-17,Belgium,NA,Antwerp,1860470,54,0,320,0
2020-03-18,Belgium,NA,Antwerp,1860470,55,0,375,0
2020-03-19,Belgium,NA,Antwerp,1860470,82,0,457,0
2020-03-20,Belgium,NA,Antwerp,1860470,67,0,524,0
2020-03-21,Belgium,NA,Antwerp,1860470,63,0,587,0
2020-03-22,Belgium,NA,Antwerp,1860470,55,0,642,0
2020-03-23,Belgium,NA,Antwerp,1860470,194,0,836,0
2020-03-24,Belgium,NA,Antwerp,1860470,172,0,1008,0
2020-03-25,Belgium,NA,Antwerp,1860470,171,0,1179,0
2020-03-26,Belgium,NA,Antwerp,1860470,183,0,1362,0
2020-03-27,Belgium,NA,Antwerp,1860470,190,0,1552,0
2020-03-28,Belgium,NA,Antwerp,1860470,100,0,1652,0
2020-03-29,Belgium,NA,Antwerp,1860470,102,0,1754,0
2020-03-30,Belgium,NA,Antwerp,1860470,231,0,1985,0
2020-03-31,Belgium,NA,Antwerp,1860470,175,0,2160,0
2020-04-01,Belgium,NA,Antwerp,1860470,178,0,2338,0
2020-04-02,Belgium,NA,Antwerp,1860470,166,0,2504,0
2020-04-03,Belgium,NA,Antwerp,1860470,186,0,2690,0
2020-04-04,Belgium,NA,Antwerp,1860470,108,0,2798,0
2020-04-05,Belgium,NA,Antwerp,1860470,79,0,2877,0
2020-04-06,Belgium,NA,Antwerp,1860470,247,0,3124,0
2020-04-07,Belgium,NA,Antwerp,1860470,179,0,3303,0
2020-04-08,Belgium,NA,Antwerp,1860470,216,0,3519,0
2020-04-09,Belgium,NA,Antwerp,1860470,302,0,3821,0
2020-04-10,Belgium,NA,Antwerp,1860470,264,0,4085,0
2020-04-11,Belgium,NA,Antwerp,1860470,93,0,4178,0
2020-04-12,Belgium,NA,Antwerp,1860470,86,0,4264,0
2020-04-13,Belgium,NA,Antwerp,1860470,65,0,4329,0
2020-04-14,Belgium,NA,Antwerp,1860470,143,0,4472,0
2020-04-15,Belgium,NA,Antwerp,1860470,175,0,4647,0
2020-04-16,Belgium,NA,Antwerp,1860470,211,0,4858,0
2020-04-17,Belgium,NA,Antwerp,1860470,110,0,4968,0
2020-04-18,Belgium,NA,Antwerp,1860470,63,0,5031,0
2020-04-19,Belgium,NA,Antwerp,1860470,51,0,5082,0
2020-04-20,Belgium,NA,Antwerp,1860470,167,0,5249,0
2020-04-21,Belgium,NA,Antwerp,1860470,184,0,5433,0
2020-04-22,Belgium,NA,Antwerp,1860470,102,0,5535,0
2020-04-23,Belgium,NA,Antwerp,1860470,132,0,5667,0
2020-04-24,Belgium,NA,Antwerp,1860470,84,0,5751,0
2020-04-25,Belgium,NA,Antwerp,1860470,38,0,5789,0
2020-04-26,Belgium,NA,Antwerp,1860470,39,0,5828,0
2020-04-27,Belgium,NA,Antwerp,1860470,152,0,5980,0
2020-04-28,Belgium,NA,Antwerp,1860470,124,0,6104,0
2020-04-29,Belgium,NA,Antwerp,1860470,121,0,6225,0
2020-04-30,Belgium,NA,Antwerp,1860470,173,0,6398,0
2020-05-01,Belgium,NA,Antwerp,1860470,71,0,6469,0
2020-05-02,Belgium,NA,Antwerp,1860470,54,0,6523,0
2020-05-03,Belgium,NA,Antwerp,1860470,39,0,6562,0
2020-05-04,Belgium,NA,Antwerp,1860470,168,0,6730,0
2020-05-05,Belgium,NA,Antwerp,1860470,139,0,6869,0
2020-05-06,Belgium,NA,Antwerp,1860470,153,0,7022,0
2020-05-07,Belgium,NA,Antwerp,1860470,94,0,7116,0
2020-05-08,Belgium,NA,Antwerp,1860470,61,0,7177,0
2020-05-09,Belgium,NA,Antwerp,1860470,41,0,7218,0
2020-05-10,Belgium,NA,Antwerp,1860470,28,0,7246,0
2020-05-11,Belgium,NA,Antwerp,1860470,85,0,7331,0
2020-05-12,Belgium,NA,Antwerp,1860470,88,0,7419,0
2020-05-13,Belgium,NA,Antwerp,1860470,56,0,7475,0
2020-05-14,Belgium,NA,Antwerp,1860470,48,0,7523,0
2020-05-15,Belgium,NA,Antwerp,1860470,69,0,7592,0
2020-05-16,Belgium,NA,Antwerp,1860470,21,0,7613,0
2020-05-17,Belgium,NA,Antwerp,1860470,17,0,7630,0
2020-05-18,Belgium,NA,Antwerp,1860470,72,0,7702,0
2020-05-19,Belgium,NA,Antwerp,1860470,36,0,7738,0
2020-05-20,Belgium,NA,Antwerp,1860470,87,0,7825,0
2020-05-21,Belgium,NA,Antwerp,1860470,10,0,7835,0
2020-05-22,Belgium,NA,Antwerp,1860470,49,0,7884,0
2020-05-23,Belgium,NA,Antwerp,1860470,17,0,7901,0
2020-05-24,Belgium,NA,Antwerp,1860470,17,0,7918,0
2020-05-25,Belgium,NA,Antwerp,1860470,50,0,7968,0
2020-05-26,Belgium,NA,Antwerp,1860470,34,0,8002,0
2020-05-27,Belgium,NA,Antwerp,1860470,28,0,8030,0
2020-05-28,Belgium,NA,Antwerp,1860470,35,0,8065,0
2020-05-29,Belgium,NA,Antwerp,1860470,29,0,8094,0
2020-05-30,Belgium,NA,Antwerp,1860470,8,0,8102,0
2020-05-31,Belgium,NA,Antwerp,1860470,7,0,8109,0
2020-06-01,Belgium,NA,Antwerp,1860470,9,0,8118,0
2020-06-02,Belgium,NA,Antwerp,1860470,25,0,8143,0
2020-06-03,Belgium,NA,Antwerp,1860470,30,0,8173,0
2020-06-04,Belgium,NA,Antwerp,1860470,29,0,8202,0
2020-06-05,Belgium,NA,Antwerp,1860470,21,0,8223,0
2020-06-06,Belgium,NA,Antwerp,1860470,10,0,8233,0
2020-06-07,Belgium,NA,Antwerp,1860470,5,0,8238,0
2020-06-08,Belgium,NA,Antwerp,1860470,23,0,8261,0
2020-06-09,Belgium,NA,Antwerp,1860470,20,0,8281,0
2020-06-10,Belgium,NA,Antwerp,1860470,14,0,8295,0
2020-06-11,Belgium,NA,Antwerp,1860470,12,0,8307,0
2020-06-12,Belgium,NA,Antwerp,1860470,15,0,8322,0
2020-06-13,Belgium,NA,Antwerp,1860470,6,0,8328,0
2020-06-14,Belgium,NA,Antwerp,1860470,7,0,8335,0
2020-06-15,Belgium,NA,Antwerp,1860470,31,0,8366,0
2020-06-16,Belgium,NA,Antwerp,1860470,16,0,8382,0
2020-06-17,Belgium,NA,Antwerp,1860470,33,0,8415,0
2020-06-18,Belgium,NA,Antwerp,1860470,13,0,8428,0
2020-06-19,Belgium,NA,Antwerp,1860470,21,0,8449,0
2020-06-20,Belgium,NA,Antwerp,1860470,9,0,8458,0
2020-06-21,Belgium,NA,Antwerp,1860470,3,0,8461,0
2020-06-22,Belgium,NA,Antwerp,1860470,26,0,8487,0
2020-06-23,Belgium,NA,Antwerp,1860470,14,0,8501,0
2020-06-24,Belgium,NA,Antwerp,1860470,20,0,8521,0
2020-06-25,Belgium,NA,Antwerp,1860470,21,0,8542,0
2020-06-26,Belgium,NA,Antwerp,1860470,16,0,8558,0
2020-06-27,Belgium,NA,Antwerp,1860470,4,0,8562,0
2020-06-28,Belgium,NA,Antwerp,1860470,8,0,8570,0
2020-06-29,Belgium,NA,Antwerp,1860470,31,0,8601,0
2020-06-30,Belgium,NA,Antwerp,1860470,14,0,8615,0
2020-07-01,Belgium,NA,Antwerp,1860470,38,0,8653,0
2020-07-02,Belgium,NA,Antwerp,1860470,21,0,8674,0
2020-07-03,Belgium,NA,Antwerp,1860470,27,0,8701,0
2020-07-04,Belgium,NA,Antwerp,1860470,12,0,8713,0
2020-07-05,Belgium,NA,Antwerp,1860470,4,0,8717,0
2020-07-06,Belgium,NA,Antwerp,1860470,33,0,8750,0
2020-07-07,Belgium,NA,Antwerp,1860470,23,0,8773,0
2020-07-08,Belgium,NA,Antwerp,1860470,41,0,8814,0
2020-07-09,Belgium,NA,Antwerp,1860470,20,0,8834,0
2020-07-10,Belgium,NA,Antwerp,1860470,38,0,8872,0
2020-07-11,Belgium,NA,Antwerp,1860470,9,0,8881,0
2020-07-12,Belgium,NA,Antwerp,1860470,8,0,8889,0
2020-07-13,Belgium,NA,Antwerp,1860470,89,0,8978,0
2020-07-14,Belgium,NA,Antwerp,1860470,47,0,9025,0
2020-07-15,Belgium,NA,Antwerp,1860470,77,0,9102,0
2020-07-16,Belgium,NA,Antwerp,1860470,82,0,9184,0
2020-07-17,Belgium,NA,Antwerp,1860470,122,0,9306,0
2020-07-18,Belgium,NA,Antwerp,1860470,54,0,9360,0
2020-07-19,Belgium,NA,Antwerp,1860470,29,0,9389,0
2020-07-20,Belgium,NA,Antwerp,1860470,200,0,9589,0
2020-07-21,Belgium,NA,Antwerp,1860470,54,0,9643,0
2020-07-22,Belgium,NA,Antwerp,1860470,272,0,9915,0
2020-07-23,Belgium,NA,Antwerp,1860470,219,0,10134,0
2020-07-24,Belgium,NA,Antwerp,1860470,256,0,10390,0
2020-07-25,Belgium,NA,Antwerp,1860470,80,0,10470,0
2020-07-26,Belgium,NA,Antwerp,1860470,96,0,10566,0
2020-07-27,Belgium,NA,Antwerp,1860470,307,0,10873,0
2020-07-28,Belgium,NA,Antwerp,1860470,235,0,11108,0
2020-07-29,Belgium,NA,Antwerp,1860470,230,0,11338,0
2020-07-30,Belgium,NA,Antwerp,1860470,232,0,11570,0
2020-07-31,Belgium,NA,Antwerp,1860470,269,0,11839,0
2020-08-01,Belgium,NA,Antwerp,1860470,113,0,11952,0
2020-08-02,Belgium,NA,Antwerp,1860470,47,0,11999,0
2020-08-03,Belgium,NA,Antwerp,1860470,287,0,12286,0
2020-08-04,Belgium,NA,Antwerp,1860470,272,0,12558,0
2020-08-05,Belgium,NA,Antwerp,1860470,233,0,12791,0
2020-08-06,Belgium,NA,Antwerp,1860470,245,0,13036,0
2020-08-07,Belgium,NA,Antwerp,1860470,266,0,13302,0
2020-08-08,Belgium,NA,Antwerp,1860470,86,0,13388,0
2020-08-09,Belgium,NA,Antwerp,1860470,33,0,13421,0
2020-08-10,Belgium,NA,Antwerp,1860470,248,0,13669,0
2020-08-11,Belgium,NA,Antwerp,1860470,191,0,13860,0
2020-08-12,Belgium,NA,Antwerp,1860470,141,0,14001,0
2020-08-13,Belgium,NA,Antwerp,1860470,156,0,14157,0
2020-08-14,Belgium,NA,Antwerp,1860470,149,0,14306,0
2020-08-15,Belgium,NA,Antwerp,1860470,42,0,14348,0
2020-08-16,Belgium,NA,Antwerp,1860470,40,0,14388,0
2020-08-17,Belgium,NA,Antwerp,1860470,156,0,14544,0
2020-08-18,Belgium,NA,Antwerp,1860470,136,0,14680,0
2020-08-19,Belgium,NA,Antwerp,1860470,127,0,14807,0
2020-08-20,Belgium,NA,Antwerp,1860470,140,0,14947,0
2020-08-21,Belgium,NA,Antwerp,1860470,102,0,15049,0
2020-08-22,Belgium,NA,Antwerp,1860470,44,0,15093,0
2020-08-23,Belgium,NA,Antwerp,1860470,27,0,15120,0
2020-08-24,Belgium,NA,Antwerp,1860470,159,0,15279,0
2020-08-25,Belgium,NA,Antwerp,1860470,98,0,15377,0
2020-08-26,Belgium,NA,Antwerp,1860470,98,0,15475,0
2020-08-27,Belgium,NA,Antwerp,1860470,81,0,15556,0
2020-08-28,Belgium,NA,Antwerp,1860470,82,0,15638,0
2020-08-29,Belgium,NA,Antwerp,1860470,40,0,15678,0
2020-08-30,Belgium,NA,Antwerp,1860470,36,0,15714,0
2020-08-31,Belgium,NA,Antwerp,1860470,138,0,15852,0
2020-09-01,Belgium,NA,Antwerp,1860470,92,0,15944,0
2020-09-02,Belgium,NA,Antwerp,1860470,101,0,16045,0
2020-09-03,Belgium,NA,Antwerp,1860470,151,0,16196,0
2020-09-04,Belgium,NA,Antwerp,1860470,144,0,16340,0
2020-09-05,Belgium,NA,Antwerp,1860470,44,0,16384,0
2020-09-06,Belgium,NA,Antwerp,1860470,35,0,16419,0
2020-09-07,Belgium,NA,Antwerp,1860470,182,0,16601,0
2020-09-08,Belgium,NA,Antwerp,1860470,166,0,16767,0
2020-09-09,Belgium,NA,Antwerp,1860470,165,0,16932,0
2020-09-10,Belgium,NA,Antwerp,1860470,228,0,17160,0
2020-09-11,Belgium,NA,Antwerp,1860470,234,0,17394,0
2020-09-12,Belgium,NA,Antwerp,1860470,110,0,17504,0
2020-09-13,Belgium,NA,Antwerp,1860470,46,0,17550,0
2020-09-14,Belgium,NA,Antwerp,1860470,40,0,17590,0
2020-03-03,Belgium,NA,Brussels,1215290,2,0,12,0
2020-03-04,Belgium,NA,Brussels,1215290,5,0,17,0
2020-03-05,Belgium,NA,Brussels,1215290,2,0,19,0
2020-03-06,Belgium,NA,Brussels,1215290,9,0,28,0
2020-03-07,Belgium,NA,Brussels,1215290,5,0,33,0
2020-03-08,Belgium,NA,Brussels,1215290,6,0,39,0
2020-03-09,Belgium,NA,Brussels,1215290,12,0,51,0
2020-03-10,Belgium,NA,Brussels,1215290,13,0,64,0
2020-03-11,Belgium,NA,Brussels,1215290,19,0,83,0
2020-03-12,Belgium,NA,Brussels,1215290,35,0,118,0
2020-03-13,Belgium,NA,Brussels,1215290,40,0,158,0
2020-03-14,Belgium,NA,Brussels,1215290,30,0,188,0
2020-03-15,Belgium,NA,Brussels,1215290,28,0,216,0
2020-03-16,Belgium,NA,Brussels,1215290,62,0,278,0
2020-03-17,Belgium,NA,Brussels,1215290,29,0,307,0
2020-03-18,Belgium,NA,Brussels,1215290,58,0,365,0
2020-03-19,Belgium,NA,Brussels,1215290,55,0,420,0
2020-03-20,Belgium,NA,Brussels,1215290,70,0,490,0
2020-03-21,Belgium,NA,Brussels,1215290,44,0,534,0
2020-03-22,Belgium,NA,Brussels,1215290,63,0,597,0
2020-03-23,Belgium,NA,Brussels,1215290,116,0,713,0
2020-03-24,Belgium,NA,Brussels,1215290,122,0,835,0
2020-03-25,Belgium,NA,Brussels,1215290,142,0,977,0
2020-03-26,Belgium,NA,Brussels,1215290,149,0,1126,0
2020-03-27,Belgium,NA,Brussels,1215290,186,0,1312,0
2020-03-28,Belgium,NA,Brussels,1215290,147,0,1459,0
2020-03-29,Belgium,NA,Brussels,1215290,93,0,1552,0
2020-03-30,Belgium,NA,Brussels,1215290,138,0,1690,0
2020-03-31,Belgium,NA,Brussels,1215290,178,0,1868,0
2020-04-01,Belgium,NA,Brussels,1215290,146,0,2014,0
2020-04-02,Belgium,NA,Brussels,1215290,155,0,2169,0
2020-04-03,Belgium,NA,Brussels,1215290,167,0,2336,0
2020-04-04,Belgium,NA,Brussels,1215290,102,0,2438,0
2020-04-05,Belgium,NA,Brussels,1215290,82,0,2520,0
2020-04-06,Belgium,NA,Brussels,1215290,169,0,2689,0
2020-04-07,Belgium,NA,Brussels,1215290,140,0,2829,0
2020-04-08,Belgium,NA,Brussels,1215290,174,0,3003,0
2020-04-09,Belgium,NA,Brussels,1215290,162,0,3165,0
2020-04-10,Belgium,NA,Brussels,1215290,141,0,3306,0
2020-04-11,Belgium,NA,Brussels,1215290,74,0,3380,0
2020-04-12,Belgium,NA,Brussels,1215290,60,0,3440,0
2020-04-13,Belgium,NA,Brussels,1215290,73,0,3513,0
2020-04-14,Belgium,NA,Brussels,1215290,182,0,3695,0
2020-04-15,Belgium,NA,Brussels,1215290,138,0,3833,0
2020-04-16,Belgium,NA,Brussels,1215290,191,0,4024,0
2020-04-17,Belgium,NA,Brussels,1215290,192,0,4216,0
2020-04-18,Belgium,NA,Brussels,1215290,47,0,4263,0
2020-04-19,Belgium,NA,Brussels,1215290,36,0,4299,0
2020-04-20,Belgium,NA,Brussels,1215290,151,0,4450,0
2020-04-21,Belgium,NA,Brussels,1215290,114,0,4564,0
2020-04-22,Belgium,NA,Brussels,1215290,64,0,4628,0
2020-04-23,Belgium,NA,Brussels,1215290,91,0,4719,0
2020-04-24,Belgium,NA,Brussels,1215290,164,0,4883,0
2020-04-25,Belgium,NA,Brussels,1215290,32,0,4915,0
2020-04-26,Belgium,NA,Brussels,1215290,13,0,4928,0
2020-04-27,Belgium,NA,Brussels,1215290,88,0,5016,0
2020-04-28,Belgium,NA,Brussels,1215290,41,0,5057,0
2020-04-29,Belgium,NA,Brussels,1215290,67,0,5124,0
2020-04-30,Belgium,NA,Brussels,1215290,62,0,5186,0
2020-05-01,Belgium,NA,Brussels,1215290,11,0,5197,0
2020-05-02,Belgium,NA,Brussels,1215290,18,0,5215,0
2020-05-03,Belgium,NA,Brussels,1215290,15,0,5230,0
2020-05-04,Belgium,NA,Brussels,1215290,61,0,5291,0
2020-05-05,Belgium,NA,Brussels,1215290,62,0,5353,0
2020-05-06,Belgium,NA,Brussels,1215290,48,0,5401,0
2020-05-07,Belgium,NA,Brussels,1215290,43,0,5444,0
2020-05-08,Belgium,NA,Brussels,1215290,33,0,5477,0
2020-05-09,Belgium,NA,Brussels,1215290,28,0,5505,0
2020-05-10,Belgium,NA,Brussels,1215290,12,0,5517,0
2020-05-11,Belgium,NA,Brussels,1215290,31,0,5548,0
2020-05-12,Belgium,NA,Brussels,1215290,31,0,5579,0
2020-05-13,Belgium,NA,Brussels,1215290,33,0,5612,0
2020-05-14,Belgium,NA,Brussels,1215290,41,0,5653,0
2020-05-15,Belgium,NA,Brussels,1215290,25,0,5678,0
2020-05-16,Belgium,NA,Brussels,1215290,19,0,5697,0
2020-05-17,Belgium,NA,Brussels,1215290,7,0,5704,0
2020-05-18,Belgium,NA,Brussels,1215290,32,0,5736,0
2020-05-19,Belgium,NA,Brussels,1215290,35,0,5771,0
2020-05-20,Belgium,NA,Brussels,1215290,31,0,5802,0
2020-05-21,Belgium,NA,Brussels,1215290,12,0,5814,0
2020-05-22,Belgium,NA,Brussels,1215290,27,0,5841,0
2020-05-23,Belgium,NA,Brussels,1215290,11,0,5852,0
2020-05-24,Belgium,NA,Brussels,1215290,7,0,5859,0
2020-05-25,Belgium,NA,Brussels,1215290,31,0,5890,0
2020-05-26,Belgium,NA,Brussels,1215290,18,0,5908,0
2020-05-27,Belgium,NA,Brussels,1215290,23,0,5931,0
2020-05-28,Belgium,NA,Brussels,1215290,10,0,5941,0
2020-05-29,Belgium,NA,Brussels,1215290,30,0,5971,0
2020-05-30,Belgium,NA,Brussels,1215290,7,0,5978,0
2020-05-31,Belgium,NA,Brussels,1215290,5,0,5983,0
2020-06-01,Belgium,NA,Brussels,1215290,7,0,5990,0
2020-06-02,Belgium,NA,Brussels,1215290,23,0,6013,0
2020-06-03,Belgium,NA,Brussels,1215290,23,0,6036,0
2020-06-04,Belgium,NA,Brussels,1215290,23,0,6059,0
2020-06-05,Belgium,NA,Brussels,1215290,24,0,6083,0
2020-06-06,Belgium,NA,Brussels,1215290,4,0,6087,0
2020-06-07,Belgium,NA,Brussels,1215290,5,0,6092,0
2020-06-08,Belgium,NA,Brussels,1215290,22,0,6114,0
2020-06-09,Belgium,NA,Brussels,1215290,25,0,6139,0
2020-06-10,Belgium,NA,Brussels,1215290,20,0,6159,0
2020-06-11,Belgium,NA,Brussels,1215290,15,0,6174,0
2020-06-12,Belgium,NA,Brussels,1215290,19,0,6193,0
2020-06-13,Belgium,NA,Brussels,1215290,6,0,6199,0
2020-06-14,Belgium,NA,Brussels,1215290,2,0,6201,0
2020-06-15,Belgium,NA,Brussels,1215290,18,0,6219,0
2020-06-16,Belgium,NA,Brussels,1215290,11,0,6230,0
2020-06-17,Belgium,NA,Brussels,1215290,7,0,6237,0
2020-06-18,Belgium,NA,Brussels,1215290,18,0,6255,0
2020-06-19,Belgium,NA,Brussels,1215290,19,0,6274,0
2020-06-20,Belgium,NA,Brussels,1215290,3,0,6277,0
2020-06-22,Belgium,NA,Brussels,1215290,17,0,6294,0
2020-06-23,Belgium,NA,Brussels,1215290,14,0,6308,0
2020-06-24,Belgium,NA,Brussels,1215290,8,0,6316,0
2020-06-25,Belgium,NA,Brussels,1215290,9,0,6325,0
2020-06-26,Belgium,NA,Brussels,1215290,23,0,6348,0
2020-06-27,Belgium,NA,Brussels,1215290,7,0,6355,0
2020-06-29,Belgium,NA,Brussels,1215290,29,0,6384,0
2020-06-30,Belgium,NA,Brussels,1215290,23,0,6407,0
2020-07-01,Belgium,NA,Brussels,1215290,22,0,6429,0
2020-07-02,Belgium,NA,Brussels,1215290,22,0,6451,0
2020-07-03,Belgium,NA,Brussels,1215290,10,0,6461,0
2020-07-04,Belgium,NA,Brussels,1215290,3,0,6464,0
2020-07-05,Belgium,NA,Brussels,1215290,1,0,6465,0
2020-07-06,Belgium,NA,Brussels,1215290,24,0,6489,0
2020-07-07,Belgium,NA,Brussels,1215290,8,0,6497,0
2020-07-08,Belgium,NA,Brussels,1215290,13,0,6510,0
2020-07-09,Belgium,NA,Brussels,1215290,28,0,6538,0
2020-07-10,Belgium,NA,Brussels,1215290,19,0,6557,0
2020-07-11,Belgium,NA,Brussels,1215290,2,0,6559,0
2020-07-12,Belgium,NA,Brussels,1215290,4,0,6563,0
2020-07-13,Belgium,NA,Brussels,1215290,27,0,6590,0
2020-07-14,Belgium,NA,Brussels,1215290,30,0,6620,0
2020-07-15,Belgium,NA,Brussels,1215290,25,0,6645,0
2020-07-16,Belgium,NA,Brussels,1215290,23,0,6668,0
2020-07-17,Belgium,NA,Brussels,1215290,18,0,6686,0
2020-07-18,Belgium,NA,Brussels,1215290,9,0,6695,0
2020-07-19,Belgium,NA,Brussels,1215290,2,0,6697,0
2020-07-20,Belgium,NA,Brussels,1215290,27,0,6724,0
2020-07-21,Belgium,NA,Brussels,1215290,9,0,6733,0
2020-07-22,Belgium,NA,Brussels,1215290,42,0,6775,0
2020-07-23,Belgium,NA,Brussels,1215290,43,0,6818,0
2020-07-24,Belgium,NA,Brussels,1215290,29,0,6847,0
2020-07-25,Belgium,NA,Brussels,1215290,18,0,6865,0
2020-07-26,Belgium,NA,Brussels,1215290,4,0,6869,0
2020-07-27,Belgium,NA,Brussels,1215290,48,0,6917,0
2020-07-28,Belgium,NA,Brussels,1215290,86,0,7003,0
2020-07-29,Belgium,NA,Brussels,1215290,96,0,7099,0
2020-07-30,Belgium,NA,Brussels,1215290,90,0,7189,0
2020-07-31,Belgium,NA,Brussels,1215290,68,0,7257,0
2020-08-01,Belgium,NA,Brussels,1215290,31,0,7288,0
2020-08-02,Belgium,NA,Brussels,1215290,20,0,7308,0
2020-08-03,Belgium,NA,Brussels,1215290,99,0,7407,0
2020-08-04,Belgium,NA,Brussels,1215290,137,0,7544,0
2020-08-05,Belgium,NA,Brussels,1215290,142,0,7686,0
2020-08-06,Belgium,NA,Brussels,1215290,104,0,7790,0
2020-08-07,Belgium,NA,Brussels,1215290,144,0,7934,0
2020-08-08,Belgium,NA,Brussels,1215290,61,0,7995,0
2020-08-09,Belgium,NA,Brussels,1215290,32,0,8027,0
2020-08-10,Belgium,NA,Brussels,1215290,174,0,8201,0
2020-08-11,Belgium,NA,Brussels,1215290,150,0,8351,0
2020-08-12,Belgium,NA,Brussels,1215290,157,0,8508,0
2020-08-13,Belgium,NA,Brussels,1215290,161,0,8669,0
2020-08-14,Belgium,NA,Brussels,1215290,137,0,8806,0
2020-08-15,Belgium,NA,Brussels,1215290,23,0,8829,0
2020-08-16,Belgium,NA,Brussels,1215290,20,0,8849,0
2020-08-17,Belgium,NA,Brussels,1215290,172,0,9021,0
2020-08-18,Belgium,NA,Brussels,1215290,219,0,9240,0
2020-08-19,Belgium,NA,Brussels,1215290,185,0,9425,0
2020-08-20,Belgium,NA,Brussels,1215290,142,0,9567,0
2020-08-21,Belgium,NA,Brussels,1215290,144,0,9711,0
2020-08-22,Belgium,NA,Brussels,1215290,46,0,9757,0
2020-08-23,Belgium,NA,Brussels,1215290,21,0,9778,0
2020-08-24,Belgium,NA,Brussels,1215290,141,0,9919,0
2020-08-25,Belgium,NA,Brussels,1215290,162,0,10081,0
2020-08-26,Belgium,NA,Brussels,1215290,147,0,10228,0
2020-08-27,Belgium,NA,Brussels,1215290,140,0,10368,0
2020-08-28,Belgium,NA,Brussels,1215290,165,0,10533,0
2020-08-29,Belgium,NA,Brussels,1215290,40,0,10573,0
2020-08-30,Belgium,NA,Brussels,1215290,27,0,10600,0
2020-08-31,Belgium,NA,Brussels,1215290,137,0,10737,0
2020-09-01,Belgium,NA,Brussels,1215290,162,0,10899,0
2020-09-02,Belgium,NA,Brussels,1215290,151,0,11050,0
2020-09-03,Belgium,NA,Brussels,1215290,193,0,11243,0
2020-09-04,Belgium,NA,Brussels,1215290,173,0,11416,0
2020-09-05,Belgium,NA,Brussels,1215290,97,0,11513,0
2020-09-06,Belgium,NA,Brussels,1215290,32,0,11545,0
2020-09-07,Belgium,NA,Brussels,1215290,188,0,11733,0
2020-09-08,Belgium,NA,Brussels,1215290,202,0,11935,0
2020-09-09,Belgium,NA,Brussels,1215290,207,0,12142,0
2020-09-10,Belgium,NA,Brussels,1215290,206,0,12348,0
2020-09-11,Belgium,NA,Brussels,1215290,250,0,12598,0
2020-09-12,Belgium,NA,Brussels,1215290,76,0,12674,0
2020-09-13,Belgium,NA,Brussels,1215290,36,0,12710,0
2020-09-14,Belgium,NA,Brussels,1215290,23,0,12733,0
2020-03-05,Belgium,NA,East Flanders,1516283,9,0,17,0
2020-03-06,Belgium,NA,East Flanders,1516283,16,0,33,0
2020-03-07,Belgium,NA,East Flanders,1516283,1,0,34,0
2020-03-08,Belgium,NA,East Flanders,1516283,5,0,39,0
2020-03-09,Belgium,NA,East Flanders,1516283,6,0,45,0
2020-03-10,Belgium,NA,East Flanders,1516283,16,0,61,0
2020-03-11,Belgium,NA,East Flanders,1516283,25,0,86,0
2020-03-12,Belgium,NA,East Flanders,1516283,31,0,117,0
2020-03-13,Belgium,NA,East Flanders,1516283,29,0,146,0
2020-03-14,Belgium,NA,East Flanders,1516283,13,0,159,0
2020-03-15,Belgium,NA,East Flanders,1516283,19,0,178,0
2020-03-16,Belgium,NA,East Flanders,1516283,36,0,214,0
2020-03-17,Belgium,NA,East Flanders,1516283,39,0,253,0
2020-03-18,Belgium,NA,East Flanders,1516283,53,0,306,0
2020-03-19,Belgium,NA,East Flanders,1516283,59,0,365,0
2020-03-20,Belgium,NA,East Flanders,1516283,74,0,439,0
2020-03-21,Belgium,NA,East Flanders,1516283,39,0,478,0
2020-03-22,Belgium,NA,East Flanders,1516283,44,0,522,0
2020-03-23,Belgium,NA,East Flanders,1516283,144,0,666,0
2020-03-24,Belgium,NA,East Flanders,1516283,155,0,821,0
2020-03-25,Belgium,NA,East Flanders,1516283,145,0,966,0
2020-03-26,Belgium,NA,East Flanders,1516283,163,0,1129,0
2020-03-27,Belgium,NA,East Flanders,1516283,221,0,1350,0
2020-03-28,Belgium,NA,East Flanders,1516283,109,0,1459,0
2020-03-29,Belgium,NA,East Flanders,1516283,70,0,1529,0
2020-03-30,Belgium,NA,East Flanders,1516283,218,0,1747,0
2020-03-31,Belgium,NA,East Flanders,1516283,218,0,1965,0
2020-04-01,Belgium,NA,East Flanders,1516283,174,0,2139,0
2020-04-02,Belgium,NA,East Flanders,1516283,153,0,2292,0
2020-04-03,Belgium,NA,East Flanders,1516283,194,0,2486,0
2020-04-04,Belgium,NA,East Flanders,1516283,131,0,2617,0
2020-04-05,Belgium,NA,East Flanders,1516283,110,0,2727,0
2020-04-06,Belgium,NA,East Flanders,1516283,213,0,2940,0
2020-04-07,Belgium,NA,East Flanders,1516283,146,0,3086,0
2020-04-08,Belgium,NA,East Flanders,1516283,169,0,3255,0
2020-04-09,Belgium,NA,East Flanders,1516283,363,0,3618,0
2020-04-10,Belgium,NA,East Flanders,1516283,401,0,4019,0
2020-04-11,Belgium,NA,East Flanders,1516283,94,0,4113,0
2020-04-12,Belgium,NA,East Flanders,1516283,42,0,4155,0
2020-04-13,Belgium,NA,East Flanders,1516283,64,0,4219,0
2020-04-14,Belgium,NA,East Flanders,1516283,138,0,4357,0
2020-04-15,Belgium,NA,East Flanders,1516283,157,0,4514,0
2020-04-16,Belgium,NA,East Flanders,1516283,240,0,4754,0
2020-04-17,Belgium,NA,East Flanders,1516283,171,0,4925,0
2020-04-18,Belgium,NA,East Flanders,1516283,41,0,4966,0
2020-04-19,Belgium,NA,East Flanders,1516283,25,0,4991,0
2020-04-20,Belgium,NA,East Flanders,1516283,117,0,5108,0
2020-04-21,Belgium,NA,East Flanders,1516283,81,0,5189,0
2020-04-22,Belgium,NA,East Flanders,1516283,77,0,5266,0
2020-04-23,Belgium,NA,East Flanders,1516283,80,0,5346,0
2020-04-24,Belgium,NA,East Flanders,1516283,84,0,5430,0
2020-04-25,Belgium,NA,East Flanders,1516283,40,0,5470,0
2020-04-26,Belgium,NA,East Flanders,1516283,13,0,5483,0
2020-04-27,Belgium,NA,East Flanders,1516283,95,0,5578,0
2020-04-28,Belgium,NA,East Flanders,1516283,85,0,5663,0
2020-04-29,Belgium,NA,East Flanders,1516283,51,0,5714,0
2020-04-30,Belgium,NA,East Flanders,1516283,48,0,5762,0
2020-05-01,Belgium,NA,East Flanders,1516283,20,0,5782,0
2020-05-02,Belgium,NA,East Flanders,1516283,25,0,5807,0
2020-05-03,Belgium,NA,East Flanders,1516283,9,0,5816,0
2020-05-04,Belgium,NA,East Flanders,1516283,60,0,5876,0
2020-05-05,Belgium,NA,East Flanders,1516283,61,0,5937,0
2020-05-06,Belgium,NA,East Flanders,1516283,57,0,5994,0
2020-05-07,Belgium,NA,East Flanders,1516283,35,0,6029,0
2020-05-08,Belgium,NA,East Flanders,1516283,45,0,6074,0
2020-05-09,Belgium,NA,East Flanders,1516283,22,0,6096,0
2020-05-10,Belgium,NA,East Flanders,1516283,3,0,6099,0
2020-05-11,Belgium,NA,East Flanders,1516283,53,0,6152,0
2020-05-12,Belgium,NA,East Flanders,1516283,37,0,6189,0
2020-05-13,Belgium,NA,East Flanders,1516283,19,0,6208,0
2020-05-14,Belgium,NA,East Flanders,1516283,28,0,6236,0
2020-05-15,Belgium,NA,East Flanders,1516283,30,0,6266,0
2020-05-16,Belgium,NA,East Flanders,1516283,23,0,6289,0
2020-05-17,Belgium,NA,East Flanders,1516283,6,0,6295,0
2020-05-18,Belgium,NA,East Flanders,1516283,41,0,6336,0
2020-05-19,Belgium,NA,East Flanders,1516283,42,0,6378,0
2020-05-20,Belgium,NA,East Flanders,1516283,39,0,6417,0
2020-05-21,Belgium,NA,East Flanders,1516283,7,0,6424,0
2020-05-22,Belgium,NA,East Flanders,1516283,32,0,6456,0
2020-05-23,Belgium,NA,East Flanders,1516283,27,0,6483,0
2020-05-24,Belgium,NA,East Flanders,1516283,7,0,6490,0
2020-05-25,Belgium,NA,East Flanders,1516283,55,0,6545,0
2020-05-26,Belgium,NA,East Flanders,1516283,32,0,6577,0
2020-05-27,Belgium,NA,East Flanders,1516283,14,0,6591,0
2020-05-28,Belgium,NA,East Flanders,1516283,21,0,6612,0
2020-05-29,Belgium,NA,East Flanders,1516283,8,0,6620,0
2020-05-30,Belgium,NA,East Flanders,1516283,10,0,6630,0
2020-05-31,Belgium,NA,East Flanders,1516283,3,0,6633,0
2020-06-01,Belgium,NA,East Flanders,1516283,12,0,6645,0
2020-06-02,Belgium,NA,East Flanders,1516283,21,0,6666,0
2020-06-03,Belgium,NA,East Flanders,1516283,13,0,6679,0
2020-06-04,Belgium,NA,East Flanders,1516283,18,0,6697,0
2020-06-05,Belgium,NA,East Flanders,1516283,12,0,6709,0
2020-06-06,Belgium,NA,East Flanders,1516283,7,0,6716,0
2020-06-07,Belgium,NA,East Flanders,1516283,6,0,6722,0
2020-06-08,Belgium,NA,East Flanders,1516283,12,0,6734,0
2020-06-09,Belgium,NA,East Flanders,1516283,12,0,6746,0
2020-06-10,Belgium,NA,East Flanders,1516283,9,0,6755,0
2020-06-11,Belgium,NA,East Flanders,1516283,11,0,6766,0
2020-06-12,Belgium,NA,East Flanders,1516283,6,0,6772,0
2020-06-13,Belgium,NA,East Flanders,1516283,3,0,6775,0
2020-06-14,Belgium,NA,East Flanders,1516283,1,0,6776,0
2020-06-15,Belgium,NA,East Flanders,1516283,12,0,6788,0
2020-06-16,Belgium,NA,East Flanders,1516283,6,0,6794,0
2020-06-17,Belgium,NA,East Flanders,1516283,9,0,6803,0
2020-06-18,Belgium,NA,East Flanders,1516283,6,0,6809,0
2020-06-19,Belgium,NA,East Flanders,1516283,11,0,6820,0
2020-06-20,Belgium,NA,East Flanders,1516283,2,0,6822,0
2020-06-21,Belgium,NA,East Flanders,1516283,1,0,6823,0
2020-06-22,Belgium,NA,East Flanders,1516283,5,0,6828,0
2020-06-23,Belgium,NA,East Flanders,1516283,8,0,6836,0
2020-06-24,Belgium,NA,East Flanders,1516283,6,0,6842,0
2020-06-25,Belgium,NA,East Flanders,1516283,8,0,6850,0
2020-06-26,Belgium,NA,East Flanders,1516283,9,0,6859,0
2020-06-27,Belgium,NA,East Flanders,1516283,6,0,6865,0
2020-06-28,Belgium,NA,East Flanders,1516283,2,0,6867,0
2020-06-29,Belgium,NA,East Flanders,1516283,6,0,6873,0
2020-06-30,Belgium,NA,East Flanders,1516283,9,0,6882,0
2020-07-01,Belgium,NA,East Flanders,1516283,12,0,6894,0
2020-07-02,Belgium,NA,East Flanders,1516283,7,0,6901,0
2020-07-03,Belgium,NA,East Flanders,1516283,12,0,6913,0
2020-07-04,Belgium,NA,East Flanders,1516283,3,0,6916,0
2020-07-05,Belgium,NA,East Flanders,1516283,2,0,6918,0
2020-07-06,Belgium,NA,East Flanders,1516283,6,0,6924,0
2020-07-07,Belgium,NA,East Flanders,1516283,11,0,6935,0
2020-07-08,Belgium,NA,East Flanders,1516283,10,0,6945,0
2020-07-09,Belgium,NA,East Flanders,1516283,10,0,6955,0
2020-07-10,Belgium,NA,East Flanders,1516283,7,0,6962,0
2020-07-11,Belgium,NA,East Flanders,1516283,2,0,6964,0
2020-07-12,Belgium,NA,East Flanders,1516283,4,0,6968,0
2020-07-13,Belgium,NA,East Flanders,1516283,10,0,6978,0
2020-07-14,Belgium,NA,East Flanders,1516283,19,0,6997,0
2020-07-15,Belgium,NA,East Flanders,1516283,16,0,7013,0
2020-07-16,Belgium,NA,East Flanders,1516283,14,0,7027,0
2020-07-17,Belgium,NA,East Flanders,1516283,5,0,7032,0
2020-07-18,Belgium,NA,East Flanders,1516283,7,0,7039,0
2020-07-19,Belgium,NA,East Flanders,1516283,7,0,7046,0
2020-07-20,Belgium,NA,East Flanders,1516283,41,0,7087,0
2020-07-21,Belgium,NA,East Flanders,1516283,11,0,7098,0
2020-07-22,Belgium,NA,East Flanders,1516283,29,0,7127,0
2020-07-23,Belgium,NA,East Flanders,1516283,33,0,7160,0
2020-07-24,Belgium,NA,East Flanders,1516283,41,0,7201,0
2020-07-25,Belgium,NA,East Flanders,1516283,19,0,7220,0
2020-07-26,Belgium,NA,East Flanders,1516283,24,0,7244,0
2020-07-27,Belgium,NA,East Flanders,1516283,47,0,7291,0
2020-07-28,Belgium,NA,East Flanders,1516283,57,0,7348,0
2020-07-29,Belgium,NA,East Flanders,1516283,59,0,7407,0
2020-07-30,Belgium,NA,East Flanders,1516283,47,0,7454,0
2020-07-31,Belgium,NA,East Flanders,1516283,55,0,7509,0
2020-08-01,Belgium,NA,East Flanders,1516283,28,0,7537,0
2020-08-02,Belgium,NA,East Flanders,1516283,19,0,7556,0
2020-08-03,Belgium,NA,East Flanders,1516283,73,0,7629,0
2020-08-04,Belgium,NA,East Flanders,1516283,46,0,7675,0
2020-08-05,Belgium,NA,East Flanders,1516283,71,0,7746,0
2020-08-06,Belgium,NA,East Flanders,1516283,91,0,7837,0
2020-08-07,Belgium,NA,East Flanders,1516283,56,0,7893,0
2020-08-08,Belgium,NA,East Flanders,1516283,32,0,7925,0
2020-08-09,Belgium,NA,East Flanders,1516283,7,0,7932,0
2020-08-10,Belgium,NA,East Flanders,1516283,60,0,7992,0
2020-08-11,Belgium,NA,East Flanders,1516283,55,0,8047,0
2020-08-12,Belgium,NA,East Flanders,1516283,51,0,8098,0
2020-08-13,Belgium,NA,East Flanders,1516283,77,0,8175,0
2020-08-14,Belgium,NA,East Flanders,1516283,60,0,8235,0
2020-08-15,Belgium,NA,East Flanders,1516283,8,0,8243,0
2020-08-16,Belgium,NA,East Flanders,1516283,11,0,8254,0
2020-08-17,Belgium,NA,East Flanders,1516283,67,0,8321,0
2020-08-18,Belgium,NA,East Flanders,1516283,58,0,8379,0
2020-08-19,Belgium,NA,East Flanders,1516283,54,0,8433,0
2020-08-20,Belgium,NA,East Flanders,1516283,44,0,8477,0
2020-08-21,Belgium,NA,East Flanders,1516283,39,0,8516,0
2020-08-22,Belgium,NA,East Flanders,1516283,16,0,8532,0
2020-08-23,Belgium,NA,East Flanders,1516283,7,0,8539,0
2020-08-24,Belgium,NA,East Flanders,1516283,50,0,8589,0
2020-08-25,Belgium,NA,East Flanders,1516283,48,0,8637,0
2020-08-26,Belgium,NA,East Flanders,1516283,32,0,8669,0
2020-08-27,Belgium,NA,East Flanders,1516283,39,0,8708,0
2020-08-28,Belgium,NA,East Flanders,1516283,52,0,8760,0
2020-08-29,Belgium,NA,East Flanders,1516283,13,0,8773,0
2020-08-30,Belgium,NA,East Flanders,1516283,14,0,8787,0
2020-08-31,Belgium,NA,East Flanders,1516283,60,0,8847,0
2020-09-01,Belgium,NA,East Flanders,1516283,37,0,8884,0
2020-09-02,Belgium,NA,East Flanders,1516283,56,0,8940,0
2020-09-03,Belgium,NA,East Flanders,1516283,52,0,8992,0
2020-09-04,Belgium,NA,East Flanders,1516283,75,0,9067,0
2020-09-05,Belgium,NA,East Flanders,1516283,27,0,9094,0
2020-09-06,Belgium,NA,East Flanders,1516283,13,0,9107,0
2020-09-07,Belgium,NA,East Flanders,1516283,109,0,9216,0
2020-09-08,Belgium,NA,East Flanders,1516283,82,0,9298,0
2020-09-09,Belgium,NA,East Flanders,1516283,96,0,9394,0
2020-09-10,Belgium,NA,East Flanders,1516283,116,0,9510,0
2020-09-11,Belgium,NA,East Flanders,1516283,135,0,9645,0
2020-09-12,Belgium,NA,East Flanders,1516283,42,0,9687,0
2020-09-13,Belgium,NA,East Flanders,1516283,21,0,9708,0
2020-09-14,Belgium,NA,East Flanders,1516283,19,0,9727,0
2020-09-15,Belgium,NA,East Flanders,1516283,4,0,9731,0
2020-03-02,Belgium,NA,Flemish Brabant,1146643,8,0,15,0
2020-03-03,Belgium,NA,Flemish Brabant,1146643,6,0,21,0
2020-03-04,Belgium,NA,Flemish Brabant,1146643,11,0,32,0
2020-03-05,Belgium,NA,Flemish Brabant,1146643,17,0,49,0
2020-03-06,Belgium,NA,Flemish Brabant,1146643,17,0,66,0
2020-03-08,Belgium,NA,Flemish Brabant,1146643,6,0,72,0
2020-03-09,Belgium,NA,Flemish Brabant,1146643,14,0,86,0
2020-03-10,Belgium,NA,Flemish Brabant,1146643,12,0,98,0
2020-03-11,Belgium,NA,Flemish Brabant,1146643,27,0,125,0
2020-03-12,Belgium,NA,Flemish Brabant,1146643,31,0,156,0
2020-03-13,Belgium,NA,Flemish Brabant,1146643,37,0,193,0
2020-03-14,Belgium,NA,Flemish Brabant,1146643,12,0,205,0
2020-03-15,Belgium,NA,Flemish Brabant,1146643,27,0,232,0
2020-03-16,Belgium,NA,Flemish Brabant,1146643,43,0,275,0
2020-03-17,Belgium,NA,Flemish Brabant,1146643,41,0,316,0
2020-03-18,Belgium,NA,Flemish Brabant,1146643,61,0,377,0
2020-03-19,Belgium,NA,Flemish Brabant,1146643,70,0,447,0
2020-03-20,Belgium,NA,Flemish Brabant,1146643,77,0,524,0
2020-03-21,Belgium,NA,Flemish Brabant,1146643,47,0,571,0
2020-03-22,Belgium,NA,Flemish Brabant,1146643,43,0,614,0
2020-03-23,Belgium,NA,Flemish Brabant,1146643,132,0,746,0
2020-03-24,Belgium,NA,Flemish Brabant,1146643,105,0,851,0
2020-03-25,Belgium,NA,Flemish Brabant,1146643,128,0,979,0
2020-03-26,Belgium,NA,Flemish Brabant,1146643,140,0,1119,0
2020-03-27,Belgium,NA,Flemish Brabant,1146643,161,0,1280,0
2020-03-28,Belgium,NA,Flemish Brabant,1146643,96,0,1376,0
2020-03-29,Belgium,NA,Flemish Brabant,1146643,58,0,1434,0
2020-03-30,Belgium,NA,Flemish Brabant,1146643,149,0,1583,0
2020-03-31,Belgium,NA,Flemish Brabant,1146643,154,0,1737,0
2020-04-01,Belgium,NA,Flemish Brabant,1146643,152,0,1889,0
2020-04-02,Belgium,NA,Flemish Brabant,1146643,140,0,2029,0
2020-04-03,Belgium,NA,Flemish Brabant,1146643,170,0,2199,0
2020-04-04,Belgium,NA,Flemish Brabant,1146643,132,0,2331,0
2020-04-05,Belgium,NA,Flemish Brabant,1146643,45,0,2376,0
2020-04-06,Belgium,NA,Flemish Brabant,1146643,196,0,2572,0
2020-04-07,Belgium,NA,Flemish Brabant,1146643,131,0,2703,0
2020-04-08,Belgium,NA,Flemish Brabant,1146643,146,0,2849,0
2020-04-09,Belgium,NA,Flemish Brabant,1146643,173,0,3022,0
2020-04-10,Belgium,NA,Flemish Brabant,1146643,227,0,3249,0
2020-04-11,Belgium,NA,Flemish Brabant,1146643,192,0,3441,0
2020-04-12,Belgium,NA,Flemish Brabant,1146643,60,0,3501,0
2020-04-13,Belgium,NA,Flemish Brabant,1146643,86,0,3587,0
2020-04-14,Belgium,NA,Flemish Brabant,1146643,95,0,3682,0
2020-04-15,Belgium,NA,Flemish Brabant,1146643,110,0,3792,0
2020-04-16,Belgium,NA,Flemish Brabant,1146643,128,0,3920,0
2020-04-17,Belgium,NA,Flemish Brabant,1146643,116,0,4036,0
2020-04-18,Belgium,NA,Flemish Brabant,1146643,32,0,4068,0
2020-04-19,Belgium,NA,Flemish Brabant,1146643,23,0,4091,0
2020-04-20,Belgium,NA,Flemish Brabant,1146643,57,0,4148,0
2020-04-21,Belgium,NA,Flemish Brabant,1146643,105,0,4253,0
2020-04-22,Belgium,NA,Flemish Brabant,1146643,105,0,4358,0
2020-04-23,Belgium,NA,Flemish Brabant,1146643,61,0,4419,0
2020-04-24,Belgium,NA,Flemish Brabant,1146643,105,0,4524,0
2020-04-25,Belgium,NA,Flemish Brabant,1146643,20,0,4544,0
2020-04-26,Belgium,NA,Flemish Brabant,1146643,18,0,4562,0
2020-04-27,Belgium,NA,Flemish Brabant,1146643,73,0,4635,0
2020-04-28,Belgium,NA,Flemish Brabant,1146643,55,0,4690,0
2020-04-29,Belgium,NA,Flemish Brabant,1146643,30,0,4720,0
2020-04-30,Belgium,NA,Flemish Brabant,1146643,39,0,4759,0
2020-05-01,Belgium,NA,Flemish Brabant,1146643,20,0,4779,0
2020-05-02,Belgium,NA,Flemish Brabant,1146643,35,0,4814,0
2020-05-03,Belgium,NA,Flemish Brabant,1146643,13,0,4827,0
2020-05-04,Belgium,NA,Flemish Brabant,1146643,49,0,4876,0
2020-05-05,Belgium,NA,Flemish Brabant,1146643,37,0,4913,0
2020-05-06,Belgium,NA,Flemish Brabant,1146643,43,0,4956,0
2020-05-07,Belgium,NA,Flemish Brabant,1146643,19,0,4975,0
2020-05-08,Belgium,NA,Flemish Brabant,1146643,30,0,5005,0
2020-05-09,Belgium,NA,Flemish Brabant,1146643,11,0,5016,0
2020-05-10,Belgium,NA,Flemish Brabant,1146643,7,0,5023,0
2020-05-11,Belgium,NA,Flemish Brabant,1146643,34,0,5057,0
2020-05-12,Belgium,NA,Flemish Brabant,1146643,27,0,5084,0
2020-05-13,Belgium,NA,Flemish Brabant,1146643,25,0,5109,0
2020-05-14,Belgium,NA,Flemish Brabant,1146643,16,0,5125,0
2020-05-15,Belgium,NA,Flemish Brabant,1146643,12,0,5137,0
2020-05-16,Belgium,NA,Flemish Brabant,1146643,11,0,5148,0
2020-05-17,Belgium,NA,Flemish Brabant,1146643,7,0,5155,0
2020-05-18,Belgium,NA,Flemish Brabant,1146643,20,0,5175,0
2020-05-19,Belgium,NA,Flemish Brabant,1146643,16,0,5191,0
2020-05-20,Belgium,NA,Flemish Brabant,1146643,17,0,5208,0
2020-05-21,Belgium,NA,Flemish Brabant,1146643,3,0,5211,0
2020-05-22,Belgium,NA,Flemish Brabant,1146643,17,0,5228,0
2020-05-23,Belgium,NA,Flemish Brabant,1146643,5,0,5233,0
2020-05-24,Belgium,NA,Flemish Brabant,1146643,4,0,5237,0
2020-05-25,Belgium,NA,Flemish Brabant,1146643,14,0,5251,0
2020-05-26,Belgium,NA,Flemish Brabant,1146643,15,0,5266,0
2020-05-27,Belgium,NA,Flemish Brabant,1146643,15,0,5281,0
2020-05-28,Belgium,NA,Flemish Brabant,1146643,6,0,5287,0
2020-05-29,Belgium,NA,Flemish Brabant,1146643,11,0,5298,0
2020-05-30,Belgium,NA,Flemish Brabant,1146643,7,0,5305,0
2020-05-31,Belgium,NA,Flemish Brabant,1146643,2,0,5307,0
2020-06-01,Belgium,NA,Flemish Brabant,1146643,3,0,5310,0
2020-06-02,Belgium,NA,Flemish Brabant,1146643,12,0,5322,0
2020-06-03,Belgium,NA,Flemish Brabant,1146643,14,0,5336,0
2020-06-04,Belgium,NA,Flemish Brabant,1146643,15,0,5351,0
2020-06-05,Belgium,NA,Flemish Brabant,1146643,14,0,5365,0
2020-06-06,Belgium,NA,Flemish Brabant,1146643,6,0,5371,0
2020-06-07,Belgium,NA,Flemish Brabant,1146643,4,0,5375,0
2020-06-08,Belgium,NA,Flemish Brabant,1146643,20,0,5395,0
2020-06-09,Belgium,NA,Flemish Brabant,1146643,12,0,5407,0
2020-06-10,Belgium,NA,Flemish Brabant,1146643,14,0,5421,0
2020-06-11,Belgium,NA,Flemish Brabant,1146643,6,0,5427,0
2020-06-12,Belgium,NA,Flemish Brabant,1146643,7,0,5434,0
2020-06-13,Belgium,NA,Flemish Brabant,1146643,3,0,5437,0
2020-06-14,Belgium,NA,Flemish Brabant,1146643,2,0,5439,0
2020-06-15,Belgium,NA,Flemish Brabant,1146643,9,0,5448,0
2020-06-16,Belgium,NA,Flemish Brabant,1146643,8,0,5456,0
2020-06-17,Belgium,NA,Flemish Brabant,1146643,10,0,5466,0
2020-06-18,Belgium,NA,Flemish Brabant,1146643,8,0,5474,0
2020-06-19,Belgium,NA,Flemish Brabant,1146643,5,0,5479,0
2020-06-20,Belgium,NA,Flemish Brabant,1146643,1,0,5480,0
2020-06-21,Belgium,NA,Flemish Brabant,1146643,2,0,5482,0
2020-06-22,Belgium,NA,Flemish Brabant,1146643,6,0,5488,0
2020-06-23,Belgium,NA,Flemish Brabant,1146643,4,0,5492,0
2020-06-24,Belgium,NA,Flemish Brabant,1146643,5,0,5497,0
2020-06-25,Belgium,NA,Flemish Brabant,1146643,9,0,5506,0
2020-06-26,Belgium,NA,Flemish Brabant,1146643,5,0,5511,0
2020-06-27,Belgium,NA,Flemish Brabant,1146643,3,0,5514,0
2020-06-28,Belgium,NA,Flemish Brabant,1146643,1,0,5515,0
2020-06-29,Belgium,NA,Flemish Brabant,1146643,8,0,5523,0
2020-06-30,Belgium,NA,Flemish Brabant,1146643,5,0,5528,0
2020-07-01,Belgium,NA,Flemish Brabant,1146643,7,0,5535,0
2020-07-02,Belgium,NA,Flemish Brabant,1146643,13,0,5548,0
2020-07-03,Belgium,NA,Flemish Brabant,1146643,2,0,5550,0
2020-07-04,Belgium,NA,Flemish Brabant,1146643,3,0,5553,0
2020-07-06,Belgium,NA,Flemish Brabant,1146643,9,0,5562,0
2020-07-07,Belgium,NA,Flemish Brabant,1146643,8,0,5570,0
2020-07-08,Belgium,NA,Flemish Brabant,1146643,9,0,5579,0
2020-07-09,Belgium,NA,Flemish Brabant,1146643,7,0,5586,0
2020-07-10,Belgium,NA,Flemish Brabant,1146643,10,0,5596,0
2020-07-11,Belgium,NA,Flemish Brabant,1146643,5,0,5601,0
2020-07-12,Belgium,NA,Flemish Brabant,1146643,3,0,5604,0
2020-07-13,Belgium,NA,Flemish Brabant,1146643,9,0,5613,0
2020-07-14,Belgium,NA,Flemish Brabant,1146643,14,0,5627,0
2020-07-15,Belgium,NA,Flemish Brabant,1146643,17,0,5644,0
2020-07-16,Belgium,NA,Flemish Brabant,1146643,18,0,5662,0
2020-07-17,Belgium,NA,Flemish Brabant,1146643,10,0,5672,0
2020-07-18,Belgium,NA,Flemish Brabant,1146643,7,0,5679,0
2020-07-19,Belgium,NA,Flemish Brabant,1146643,1,0,5680,0
2020-07-20,Belgium,NA,Flemish Brabant,1146643,21,0,5701,0
2020-07-21,Belgium,NA,Flemish Brabant,1146643,1,0,5702,0
2020-07-22,Belgium,NA,Flemish Brabant,1146643,27,0,5729,0
2020-07-23,Belgium,NA,Flemish Brabant,1146643,18,0,5747,0
2020-07-24,Belgium,NA,Flemish Brabant,1146643,18,0,5765,0
2020-07-25,Belgium,NA,Flemish Brabant,1146643,7,0,5772,0
2020-07-26,Belgium,NA,Flemish Brabant,1146643,7,0,5779,0
2020-07-27,Belgium,NA,Flemish Brabant,1146643,24,0,5803,0
2020-07-28,Belgium,NA,Flemish Brabant,1146643,32,0,5835,0
2020-07-29,Belgium,NA,Flemish Brabant,1146643,37,0,5872,0
2020-07-30,Belgium,NA,Flemish Brabant,1146643,48,0,5920,0
2020-07-31,Belgium,NA,Flemish Brabant,1146643,30,0,5950,0
2020-08-01,Belgium,NA,Flemish Brabant,1146643,15,0,5965,0
2020-08-02,Belgium,NA,Flemish Brabant,1146643,3,0,5968,0
2020-08-03,Belgium,NA,Flemish Brabant,1146643,48,0,6016,0
2020-08-04,Belgium,NA,Flemish Brabant,1146643,49,0,6065,0
2020-08-05,Belgium,NA,Flemish Brabant,1146643,54,0,6119,0
2020-08-06,Belgium,NA,Flemish Brabant,1146643,36,0,6155,0
2020-08-07,Belgium,NA,Flemish Brabant,1146643,38,0,6193,0
2020-08-08,Belgium,NA,Flemish Brabant,1146643,11,0,6204,0
2020-08-09,Belgium,NA,Flemish Brabant,1146643,11,0,6215,0
2020-08-10,Belgium,NA,Flemish Brabant,1146643,56,0,6271,0
2020-08-11,Belgium,NA,Flemish Brabant,1146643,37,0,6308,0
2020-08-12,Belgium,NA,Flemish Brabant,1146643,29,0,6337,0
2020-08-13,Belgium,NA,Flemish Brabant,1146643,47,0,6384,0
2020-08-14,Belgium,NA,Flemish Brabant,1146643,44,0,6428,0
2020-08-15,Belgium,NA,Flemish Brabant,1146643,14,0,6442,0
2020-08-16,Belgium,NA,Flemish Brabant,1146643,6,0,6448,0
2020-08-17,Belgium,NA,Flemish Brabant,1146643,65,0,6513,0
2020-08-18,Belgium,NA,Flemish Brabant,1146643,58,0,6571,0
2020-08-19,Belgium,NA,Flemish Brabant,1146643,43,0,6614,0
2020-08-20,Belgium,NA,Flemish Brabant,1146643,42,0,6656,0
2020-08-21,Belgium,NA,Flemish Brabant,1146643,49,0,6705,0
2020-08-22,Belgium,NA,Flemish Brabant,1146643,13,0,6718,0
2020-08-23,Belgium,NA,Flemish Brabant,1146643,7,0,6725,0
2020-08-24,Belgium,NA,Flemish Brabant,1146643,64,0,6789,0
2020-08-25,Belgium,NA,Flemish Brabant,1146643,49,0,6838,0
2020-08-26,Belgium,NA,Flemish Brabant,1146643,53,0,6891,0
2020-08-27,Belgium,NA,Flemish Brabant,1146643,59,0,6950,0
2020-08-28,Belgium,NA,Flemish Brabant,1146643,57,0,7007,0
2020-08-29,Belgium,NA,Flemish Brabant,1146643,17,0,7024,0
2020-08-30,Belgium,NA,Flemish Brabant,1146643,10,0,7034,0
2020-08-31,Belgium,NA,Flemish Brabant,1146643,55,0,7089,0
2020-09-01,Belgium,NA,Flemish Brabant,1146643,51,0,7140,0
2020-09-02,Belgium,NA,Flemish Brabant,1146643,38,0,7178,0
2020-09-03,Belgium,NA,Flemish Brabant,1146643,57,0,7235,0
2020-09-04,Belgium,NA,Flemish Brabant,1146643,48,0,7283,0
2020-09-05,Belgium,NA,Flemish Brabant,1146643,23,0,7306,0
2020-09-06,Belgium,NA,Flemish Brabant,1146643,14,0,7320,0
2020-09-07,Belgium,NA,Flemish Brabant,1146643,86,0,7406,0
2020-09-08,Belgium,NA,Flemish Brabant,1146643,72,0,7478,0
2020-09-09,Belgium,NA,Flemish Brabant,1146643,65,0,7543,0
2020-09-10,Belgium,NA,Flemish Brabant,1146643,71,0,7614,0
2020-09-11,Belgium,NA,Flemish Brabant,1146643,69,0,7683,0
2020-09-12,Belgium,NA,Flemish Brabant,1146643,32,0,7715,0
2020-09-13,Belgium,NA,Flemish Brabant,1146643,31,0,7746,0
2020-09-14,Belgium,NA,Flemish Brabant,1146643,7,0,7753,0
2020-03-05,Belgium,NA,Hainaut,1346082,10,0,17,0
2020-03-06,Belgium,NA,Hainaut,1346082,4,0,21,0
2020-03-07,Belgium,NA,Hainaut,1346082,1,0,22,0
2020-03-08,Belgium,NA,Hainaut,1346082,4,0,26,0
2020-03-09,Belgium,NA,Hainaut,1346082,12,0,38,0
2020-03-10,Belgium,NA,Hainaut,1346082,7,0,45,0
2020-03-11,Belgium,NA,Hainaut,1346082,13,0,58,0
2020-03-12,Belgium,NA,Hainaut,1346082,28,0,86,0
2020-03-13,Belgium,NA,Hainaut,1346082,55,0,141,0
2020-03-14,Belgium,NA,Hainaut,1346082,35,0,176,0
2020-03-15,Belgium,NA,Hainaut,1346082,30,0,206,0
2020-03-16,Belgium,NA,Hainaut,1346082,46,0,252,0
2020-03-17,Belgium,NA,Hainaut,1346082,52,0,304,0
2020-03-18,Belgium,NA,Hainaut,1346082,77,0,381,0
2020-03-19,Belgium,NA,Hainaut,1346082,72,0,453,0
2020-03-20,Belgium,NA,Hainaut,1346082,79,0,532,0
2020-03-21,Belgium,NA,Hainaut,1346082,58,0,590,0
2020-03-22,Belgium,NA,Hainaut,1346082,64,0,654,0
2020-03-23,Belgium,NA,Hainaut,1346082,121,0,775,0
2020-03-24,Belgium,NA,Hainaut,1346082,130,0,905,0
2020-03-25,Belgium,NA,Hainaut,1346082,114,0,1019,0
2020-03-26,Belgium,NA,Hainaut,1346082,112,0,1131,0
2020-03-27,Belgium,NA,Hainaut,1346082,151,0,1282,0
2020-03-28,Belgium,NA,Hainaut,1346082,104,0,1386,0
2020-03-29,Belgium,NA,Hainaut,1346082,108,0,1494,0
2020-03-30,Belgium,NA,Hainaut,1346082,154,0,1648,0
2020-03-31,Belgium,NA,Hainaut,1346082,233,0,1881,0
2020-04-01,Belgium,NA,Hainaut,1346082,134,0,2015,0
2020-04-02,Belgium,NA,Hainaut,1346082,133,0,2148,0
2020-04-03,Belgium,NA,Hainaut,1346082,198,0,2346,0
2020-04-04,Belgium,NA,Hainaut,1346082,72,0,2418,0
2020-04-05,Belgium,NA,Hainaut,1346082,78,0,2496,0
2020-04-06,Belgium,NA,Hainaut,1346082,224,0,2720,0
2020-04-07,Belgium,NA,Hainaut,1346082,153,0,2873,0
2020-04-08,Belgium,NA,Hainaut,1346082,166,0,3039,0
2020-04-09,Belgium,NA,Hainaut,1346082,272,0,3311,0
2020-04-10,Belgium,NA,Hainaut,1346082,247,0,3558,0
2020-04-11,Belgium,NA,Hainaut,1346082,59,0,3617,0
2020-04-12,Belgium,NA,Hainaut,1346082,44,0,3661,0
2020-04-13,Belgium,NA,Hainaut,1346082,55,0,3716,0
2020-04-14,Belgium,NA,Hainaut,1346082,182,0,3898,0
2020-04-15,Belgium,NA,Hainaut,1346082,145,0,4043,0
2020-04-16,Belgium,NA,Hainaut,1346082,222,0,4265,0
2020-04-17,Belgium,NA,Hainaut,1346082,174,0,4439,0
2020-04-18,Belgium,NA,Hainaut,1346082,221,0,4660,0
2020-04-19,Belgium,NA,Hainaut,1346082,62,0,4722,0
2020-04-20,Belgium,NA,Hainaut,1346082,170,0,4892,0
2020-04-21,Belgium,NA,Hainaut,1346082,307,0,5199,0
2020-04-22,Belgium,NA,Hainaut,1346082,100,0,5299,0
2020-04-23,Belgium,NA,Hainaut,1346082,163,0,5462,0
2020-04-24,Belgium,NA,Hainaut,1346082,72,0,5534,0
2020-04-25,Belgium,NA,Hainaut,1346082,43,0,5577,0
2020-04-26,Belgium,NA,Hainaut,1346082,38,0,5615,0
2020-04-27,Belgium,NA,Hainaut,1346082,90,0,5705,0
2020-04-28,Belgium,NA,Hainaut,1346082,48,0,5753,0
2020-04-29,Belgium,NA,Hainaut,1346082,36,0,5789,0
2020-04-30,Belgium,NA,Hainaut,1346082,66,0,5855,0
2020-05-01,Belgium,NA,Hainaut,1346082,16,0,5871,0
2020-05-02,Belgium,NA,Hainaut,1346082,47,0,5918,0
2020-05-03,Belgium,NA,Hainaut,1346082,8,0,5926,0
2020-05-04,Belgium,NA,Hainaut,1346082,44,0,5970,0
2020-05-05,Belgium,NA,Hainaut,1346082,49,0,6019,0
2020-05-06,Belgium,NA,Hainaut,1346082,63,0,6082,0
2020-05-07,Belgium,NA,Hainaut,1346082,36,0,6118,0
2020-05-08,Belgium,NA,Hainaut,1346082,63,0,6181,0
2020-05-09,Belgium,NA,Hainaut,1346082,28,0,6209,0
2020-05-10,Belgium,NA,Hainaut,1346082,10,0,6219,0
2020-05-11,Belgium,NA,Hainaut,1346082,40,0,6259,0
2020-05-12,Belgium,NA,Hainaut,1346082,54,0,6313,0
2020-05-13,Belgium,NA,Hainaut,1346082,32,0,6345,0
2020-05-14,Belgium,NA,Hainaut,1346082,34,0,6379,0
2020-05-15,Belgium,NA,Hainaut,1346082,47,0,6426,0
2020-05-16,Belgium,NA,Hainaut,1346082,10,0,6436,0
2020-05-17,Belgium,NA,Hainaut,1346082,6,0,6442,0
2020-05-18,Belgium,NA,Hainaut,1346082,30,0,6472,0
2020-05-19,Belgium,NA,Hainaut,1346082,19,0,6491,0
2020-05-20,Belgium,NA,Hainaut,1346082,54,0,6545,0
2020-05-21,Belgium,NA,Hainaut,1346082,7,0,6552,0
2020-05-22,Belgium,NA,Hainaut,1346082,20,0,6572,0
2020-05-23,Belgium,NA,Hainaut,1346082,13,0,6585,0
2020-05-24,Belgium,NA,Hainaut,1346082,8,0,6593,0
2020-05-25,Belgium,NA,Hainaut,1346082,65,0,6658,0
2020-05-26,Belgium,NA,Hainaut,1346082,15,0,6673,0
2020-05-27,Belgium,NA,Hainaut,1346082,24,0,6697,0
2020-05-28,Belgium,NA,Hainaut,1346082,25,0,6722,0
2020-05-29,Belgium,NA,Hainaut,1346082,6,0,6728,0
2020-05-30,Belgium,NA,Hainaut,1346082,3,0,6731,0
2020-05-31,Belgium,NA,Hainaut,1346082,4,0,6735,0
2020-06-01,Belgium,NA,Hainaut,1346082,6,0,6741,0
2020-06-02,Belgium,NA,Hainaut,1346082,21,0,6762,0
2020-06-03,Belgium,NA,Hainaut,1346082,15,0,6777,0
2020-06-04,Belgium,NA,Hainaut,1346082,11,0,6788,0
2020-06-05,Belgium,NA,Hainaut,1346082,19,0,6807,0
2020-06-06,Belgium,NA,Hainaut,1346082,5,0,6812,0
2020-06-07,Belgium,NA,Hainaut,1346082,7,0,6819,0
2020-06-08,Belgium,NA,Hainaut,1346082,13,0,6832,0
2020-06-09,Belgium,NA,Hainaut,1346082,18,0,6850,0
2020-06-10,Belgium,NA,Hainaut,1346082,21,0,6871,0
2020-06-11,Belgium,NA,Hainaut,1346082,18,0,6889,0
2020-06-12,Belgium,NA,Hainaut,1346082,11,0,6900,0
2020-06-13,Belgium,NA,Hainaut,1346082,4,0,6904,0
2020-06-14,Belgium,NA,Hainaut,1346082,1,0,6905,0
2020-06-15,Belgium,NA,Hainaut,1346082,20,0,6925,0
2020-06-16,Belgium,NA,Hainaut,1346082,10,0,6935,0
2020-06-17,Belgium,NA,Hainaut,1346082,13,0,6948,0
2020-06-18,Belgium,NA,Hainaut,1346082,5,0,6953,0
2020-06-19,Belgium,NA,Hainaut,1346082,8,0,6961,0
2020-06-20,Belgium,NA,Hainaut,1346082,9,0,6970,0
2020-06-21,Belgium,NA,Hainaut,1346082,1,0,6971,0
2020-06-22,Belgium,NA,Hainaut,1346082,33,0,7004,0
2020-06-23,Belgium,NA,Hainaut,1346082,11,0,7015,0
2020-06-24,Belgium,NA,Hainaut,1346082,12,0,7027,0
2020-06-25,Belgium,NA,Hainaut,1346082,12,0,7039,0
2020-06-26,Belgium,NA,Hainaut,1346082,15,0,7054,0
2020-06-27,Belgium,NA,Hainaut,1346082,5,0,7059,0
2020-06-28,Belgium,NA,Hainaut,1346082,5,0,7064,0
2020-06-29,Belgium,NA,Hainaut,1346082,5,0,7069,0
2020-06-30,Belgium,NA,Hainaut,1346082,13,0,7082,0
2020-07-01,Belgium,NA,Hainaut,1346082,15,0,7097,0
2020-07-02,Belgium,NA,Hainaut,1346082,11,0,7108,0
2020-07-03,Belgium,NA,Hainaut,1346082,13,0,7121,0
2020-07-04,Belgium,NA,Hainaut,1346082,12,0,7133,0
2020-07-06,Belgium,NA,Hainaut,1346082,6,0,7139,0
2020-07-07,Belgium,NA,Hainaut,1346082,4,0,7143,0
2020-07-08,Belgium,NA,Hainaut,1346082,7,0,7150,0
2020-07-09,Belgium,NA,Hainaut,1346082,8,0,7158,0
2020-07-10,Belgium,NA,Hainaut,1346082,10,0,7168,0
2020-07-11,Belgium,NA,Hainaut,1346082,6,0,7174,0
2020-07-12,Belgium,NA,Hainaut,1346082,3,0,7177,0
2020-07-13,Belgium,NA,Hainaut,1346082,19,0,7196,0
2020-07-14,Belgium,NA,Hainaut,1346082,18,0,7214,0
2020-07-15,Belgium,NA,Hainaut,1346082,16,0,7230,0
2020-07-16,Belgium,NA,Hainaut,1346082,26,0,7256,0
2020-07-17,Belgium,NA,Hainaut,1346082,18,0,7274,0
2020-07-18,Belgium,NA,Hainaut,1346082,9,0,7283,0
2020-07-19,Belgium,NA,Hainaut,1346082,5,0,7288,0
2020-07-20,Belgium,NA,Hainaut,1346082,25,0,7313,0
2020-07-21,Belgium,NA,Hainaut,1346082,10,0,7323,0
2020-07-22,Belgium,NA,Hainaut,1346082,33,0,7356,0
2020-07-23,Belgium,NA,Hainaut,1346082,9,0,7365,0
2020-07-24,Belgium,NA,Hainaut,1346082,40,0,7405,0
2020-07-25,Belgium,NA,Hainaut,1346082,20,0,7425,0
2020-07-26,Belgium,NA,Hainaut,1346082,8,0,7433,0
2020-07-27,Belgium,NA,Hainaut,1346082,30,0,7463,0
2020-07-28,Belgium,NA,Hainaut,1346082,38,0,7501,0
2020-07-29,Belgium,NA,Hainaut,1346082,58,0,7559,0
2020-07-30,Belgium,NA,Hainaut,1346082,37,0,7596,0
2020-07-31,Belgium,NA,Hainaut,1346082,36,0,7632,0
2020-08-01,Belgium,NA,Hainaut,1346082,28,0,7660,0
2020-08-02,Belgium,NA,Hainaut,1346082,14,0,7674,0
2020-08-03,Belgium,NA,Hainaut,1346082,62,0,7736,0
2020-08-04,Belgium,NA,Hainaut,1346082,52,0,7788,0
2020-08-05,Belgium,NA,Hainaut,1346082,61,0,7849,0
2020-08-06,Belgium,NA,Hainaut,1346082,55,0,7904,0
2020-08-07,Belgium,NA,Hainaut,1346082,44,0,7948,0
2020-08-08,Belgium,NA,Hainaut,1346082,13,0,7961,0
2020-08-09,Belgium,NA,Hainaut,1346082,8,0,7969,0
2020-08-10,Belgium,NA,Hainaut,1346082,53,0,8022,0
2020-08-11,Belgium,NA,Hainaut,1346082,58,0,8080,0
2020-08-12,Belgium,NA,Hainaut,1346082,29,0,8109,0
2020-08-13,Belgium,NA,Hainaut,1346082,47,0,8156,0
2020-08-14,Belgium,NA,Hainaut,1346082,41,0,8197,0
2020-08-15,Belgium,NA,Hainaut,1346082,6,0,8203,0
2020-08-16,Belgium,NA,Hainaut,1346082,10,0,8213,0
2020-08-17,Belgium,NA,Hainaut,1346082,70,0,8283,0
2020-08-18,Belgium,NA,Hainaut,1346082,54,0,8337,0
2020-08-19,Belgium,NA,Hainaut,1346082,65,0,8402,0
2020-08-20,Belgium,NA,Hainaut,1346082,61,0,8463,0
2020-08-21,Belgium,NA,Hainaut,1346082,54,0,8517,0
2020-08-22,Belgium,NA,Hainaut,1346082,15,0,8532,0
2020-08-23,Belgium,NA,Hainaut,1346082,6,0,8538,0
2020-08-24,Belgium,NA,Hainaut,1346082,40,0,8578,0
2020-08-25,Belgium,NA,Hainaut,1346082,37,0,8615,0
2020-08-26,Belgium,NA,Hainaut,1346082,37,0,8652,0
2020-08-27,Belgium,NA,Hainaut,1346082,61,0,8713,0
2020-08-28,Belgium,NA,Hainaut,1346082,62,0,8775,0
2020-08-29,Belgium,NA,Hainaut,1346082,19,0,8794,0
2020-08-30,Belgium,NA,Hainaut,1346082,3,0,8797,0
2020-08-31,Belgium,NA,Hainaut,1346082,40,0,8837,0
2020-09-01,Belgium,NA,Hainaut,1346082,45,0,8882,0
2020-09-02,Belgium,NA,Hainaut,1346082,69,0,8951,0
2020-09-03,Belgium,NA,Hainaut,1346082,44,0,8995,0
2020-09-04,Belgium,NA,Hainaut,1346082,73,0,9068,0
2020-09-05,Belgium,NA,Hainaut,1346082,35,0,9103,0
2020-09-06,Belgium,NA,Hainaut,1346082,8,0,9111,0
2020-09-07,Belgium,NA,Hainaut,1346082,61,0,9172,0
2020-09-08,Belgium,NA,Hainaut,1346082,75,0,9247,0
2020-09-09,Belgium,NA,Hainaut,1346082,83,0,9330,0
2020-09-10,Belgium,NA,Hainaut,1346082,69,0,9399,0
2020-09-11,Belgium,NA,Hainaut,1346082,126,0,9525,0
2020-09-12,Belgium,NA,Hainaut,1346082,59,0,9584,0
2020-09-13,Belgium,NA,Hainaut,1346082,14,0,9598,0
2020-09-14,Belgium,NA,Hainaut,1346082,16,0,9614,0
2020-03-04,Belgium,NA,Liege,1110068,5,0,15,0
2020-03-05,Belgium,NA,Liege,1110068,6,0,21,0
2020-03-06,Belgium,NA,Liege,1110068,8,0,29,0
2020-03-07,Belgium,NA,Liege,1110068,4,0,33,0
2020-03-08,Belgium,NA,Liege,1110068,11,0,44,0
2020-03-09,Belgium,NA,Liege,1110068,22,0,66,0
2020-03-10,Belgium,NA,Liege,1110068,10,0,76,0
2020-03-11,Belgium,NA,Liege,1110068,25,0,101,0
2020-03-12,Belgium,NA,Liege,1110068,29,0,130,0
2020-03-13,Belgium,NA,Liege,1110068,30,0,160,0
2020-03-14,Belgium,NA,Liege,1110068,22,0,182,0
2020-03-15,Belgium,NA,Liege,1110068,15,0,197,0
2020-03-16,Belgium,NA,Liege,1110068,48,0,245,0
2020-03-17,Belgium,NA,Liege,1110068,45,0,290,0
2020-03-18,Belgium,NA,Liege,1110068,47,0,337,0
2020-03-19,Belgium,NA,Liege,1110068,80,0,417,0
2020-03-20,Belgium,NA,Liege,1110068,73,0,490,0
2020-03-21,Belgium,NA,Liege,1110068,74,0,564,0
2020-03-22,Belgium,NA,Liege,1110068,60,0,624,0
2020-03-23,Belgium,NA,Liege,1110068,166,0,790,0
2020-03-24,Belgium,NA,Liege,1110068,163,0,953,0
2020-03-25,Belgium,NA,Liege,1110068,138,0,1091,0
2020-03-26,Belgium,NA,Liege,1110068,157,0,1248,0
2020-03-27,Belgium,NA,Liege,1110068,97,0,1345,0
2020-03-28,Belgium,NA,Liege,1110068,30,0,1375,0
2020-03-29,Belgium,NA,Liege,1110068,54,0,1429,0
2020-03-30,Belgium,NA,Liege,1110068,245,0,1674,0
2020-03-31,Belgium,NA,Liege,1110068,207,0,1881,0
2020-04-01,Belgium,NA,Liege,1110068,175,0,2056,0
2020-04-02,Belgium,NA,Liege,1110068,194,0,2250,0
2020-04-03,Belgium,NA,Liege,1110068,182,0,2432,0
2020-04-04,Belgium,NA,Liege,1110068,115,0,2547,0
2020-04-05,Belgium,NA,Liege,1110068,96,0,2643,0
2020-04-06,Belgium,NA,Liege,1110068,190,0,2833,0
2020-04-07,Belgium,NA,Liege,1110068,202,0,3035,0
2020-04-08,Belgium,NA,Liege,1110068,160,0,3195,0
2020-04-09,Belgium,NA,Liege,1110068,236,0,3431,0
2020-04-10,Belgium,NA,Liege,1110068,234,0,3665,0
2020-04-11,Belgium,NA,Liege,1110068,138,0,3803,0
2020-04-12,Belgium,NA,Liege,1110068,76,0,3879,0
2020-04-13,Belgium,NA,Liege,1110068,63,0,3942,0
2020-04-14,Belgium,NA,Liege,1110068,212,0,4154,0
2020-04-15,Belgium,NA,Liege,1110068,451,0,4605,0
2020-04-16,Belgium,NA,Liege,1110068,137,0,4742,0
2020-04-17,Belgium,NA,Liege,1110068,215,0,4957,0
2020-04-18,Belgium,NA,Liege,1110068,145,0,5102,0
2020-04-19,Belgium,NA,Liege,1110068,93,0,5195,0
2020-04-20,Belgium,NA,Liege,1110068,181,0,5376,0
2020-04-21,Belgium,NA,Liege,1110068,119,0,5495,0
2020-04-22,Belgium,NA,Liege,1110068,83,0,5578,0
2020-04-23,Belgium,NA,Liege,1110068,214,0,5792,0
2020-04-24,Belgium,NA,Liege,1110068,73,0,5865,0
2020-04-25,Belgium,NA,Liege,1110068,90,0,5955,0
2020-04-26,Belgium,NA,Liege,1110068,21,0,5976,0
2020-04-27,Belgium,NA,Liege,1110068,46,0,6022,0
2020-04-28,Belgium,NA,Liege,1110068,58,0,6080,0
2020-04-29,Belgium,NA,Liege,1110068,43,0,6123,0
2020-04-30,Belgium,NA,Liege,1110068,46,0,6169,0
2020-05-01,Belgium,NA,Liege,1110068,27,0,6196,0
2020-05-02,Belgium,NA,Liege,1110068,19,0,6215,0
2020-05-03,Belgium,NA,Liege,1110068,10,0,6225,0
2020-05-04,Belgium,NA,Liege,1110068,50,0,6275,0
2020-05-05,Belgium,NA,Liege,1110068,35,0,6310,0
2020-05-06,Belgium,NA,Liege,1110068,35,0,6345,0
2020-05-07,Belgium,NA,Liege,1110068,50,0,6395,0
2020-05-08,Belgium,NA,Liege,1110068,37,0,6432,0
2020-05-09,Belgium,NA,Liege,1110068,41,0,6473,0
2020-05-10,Belgium,NA,Liege,1110068,25,0,6498,0
2020-05-11,Belgium,NA,Liege,1110068,23,0,6521,0
2020-05-12,Belgium,NA,Liege,1110068,32,0,6553,0
2020-05-13,Belgium,NA,Liege,1110068,22,0,6575,0
2020-05-14,Belgium,NA,Liege,1110068,27,0,6602,0
2020-05-15,Belgium,NA,Liege,1110068,29,0,6631,0
2020-05-16,Belgium,NA,Liege,1110068,13,0,6644,0
2020-05-17,Belgium,NA,Liege,1110068,7,0,6651,0
2020-05-18,Belgium,NA,Liege,1110068,10,0,6661,0
2020-05-19,Belgium,NA,Liege,1110068,25,0,6686,0
2020-05-20,Belgium,NA,Liege,1110068,30,0,6716,0
2020-05-21,Belgium,NA,Liege,1110068,4,0,6720,0
2020-05-22,Belgium,NA,Liege,1110068,17,0,6737,0
2020-05-23,Belgium,NA,Liege,1110068,15,0,6752,0
2020-05-24,Belgium,NA,Liege,1110068,7,0,6759,0
2020-05-25,Belgium,NA,Liege,1110068,9,0,6768,0
2020-05-26,Belgium,NA,Liege,1110068,16,0,6784,0
2020-05-27,Belgium,NA,Liege,1110068,23,0,6807,0
2020-05-28,Belgium,NA,Liege,1110068,5,0,6812,0
2020-05-29,Belgium,NA,Liege,1110068,8,0,6820,0
2020-05-30,Belgium,NA,Liege,1110068,6,0,6826,0
2020-05-31,Belgium,NA,Liege,1110068,7,0,6833,0
2020-06-01,Belgium,NA,Liege,1110068,5,0,6838,0
2020-06-02,Belgium,NA,Liege,1110068,11,0,6849,0
2020-06-03,Belgium,NA,Liege,1110068,7,0,6856,0
2020-06-04,Belgium,NA,Liege,1110068,7,0,6863,0
2020-06-05,Belgium,NA,Liege,1110068,18,0,6881,0
2020-06-06,Belgium,NA,Liege,1110068,8,0,6889,0
2020-06-07,Belgium,NA,Liege,1110068,8,0,6897,0
2020-06-08,Belgium,NA,Liege,1110068,16,0,6913,0
2020-06-09,Belgium,NA,Liege,1110068,6,0,6919,0
2020-06-10,Belgium,NA,Liege,1110068,4,0,6923,0
2020-06-11,Belgium,NA,Liege,1110068,4,0,6927,0
2020-06-12,Belgium,NA,Liege,1110068,10,0,6937,0
2020-06-13,Belgium,NA,Liege,1110068,6,0,6943,0
2020-06-14,Belgium,NA,Liege,1110068,2,0,6945,0
2020-06-15,Belgium,NA,Liege,1110068,5,0,6950,0
2020-06-16,Belgium,NA,Liege,1110068,9,0,6959,0
2020-06-17,Belgium,NA,Liege,1110068,4,0,6963,0
2020-06-18,Belgium,NA,Liege,1110068,16,0,6979,0
2020-06-19,Belgium,NA,Liege,1110068,6,0,6985,0
2020-06-20,Belgium,NA,Liege,1110068,7,0,6992,0
2020-06-21,Belgium,NA,Liege,1110068,3,0,6995,0
2020-06-22,Belgium,NA,Liege,1110068,10,0,7005,0
2020-06-23,Belgium,NA,Liege,1110068,8,0,7013,0
2020-06-24,Belgium,NA,Liege,1110068,8,0,7021,0
2020-06-25,Belgium,NA,Liege,1110068,1,0,7022,0
2020-06-26,Belgium,NA,Liege,1110068,6,0,7028,0
2020-06-27,Belgium,NA,Liege,1110068,3,0,7031,0
2020-06-29,Belgium,NA,Liege,1110068,5,0,7036,0
2020-06-30,Belgium,NA,Liege,1110068,7,0,7043,0
2020-07-01,Belgium,NA,Liege,1110068,1,0,7044,0
2020-07-03,Belgium,NA,Liege,1110068,4,0,7048,0
2020-07-04,Belgium,NA,Liege,1110068,5,0,7053,0
2020-07-06,Belgium,NA,Liege,1110068,5,0,7058,0
2020-07-07,Belgium,NA,Liege,1110068,15,0,7073,0
2020-07-08,Belgium,NA,Liege,1110068,1,0,7074,0
2020-07-09,Belgium,NA,Liege,1110068,7,0,7081,0
2020-07-10,Belgium,NA,Liege,1110068,10,0,7091,0
2020-07-11,Belgium,NA,Liege,1110068,10,0,7101,0
2020-07-12,Belgium,NA,Liege,1110068,1,0,7102,0
2020-07-13,Belgium,NA,Liege,1110068,8,0,7110,0
2020-07-14,Belgium,NA,Liege,1110068,29,0,7139,0
2020-07-15,Belgium,NA,Liege,1110068,17,0,7156,0
2020-07-16,Belgium,NA,Liege,1110068,13,0,7169,0
2020-07-17,Belgium,NA,Liege,1110068,19,0,7188,0
2020-07-18,Belgium,NA,Liege,1110068,9,0,7197,0
2020-07-19,Belgium,NA,Liege,1110068,2,0,7199,0
2020-07-20,Belgium,NA,Liege,1110068,33,0,7232,0
2020-07-21,Belgium,NA,Liege,1110068,4,0,7236,0
2020-07-22,Belgium,NA,Liege,1110068,37,0,7273,0
2020-07-23,Belgium,NA,Liege,1110068,39,0,7312,0
2020-07-24,Belgium,NA,Liege,1110068,32,0,7344,0
2020-07-25,Belgium,NA,Liege,1110068,28,0,7372,0
2020-07-26,Belgium,NA,Liege,1110068,10,0,7382,0
2020-07-27,Belgium,NA,Liege,1110068,41,0,7423,0
2020-07-28,Belgium,NA,Liege,1110068,72,0,7495,0
2020-07-29,Belgium,NA,Liege,1110068,48,0,7543,0
2020-07-30,Belgium,NA,Liege,1110068,91,0,7634,0
2020-07-31,Belgium,NA,Liege,1110068,93,0,7727,0
2020-08-01,Belgium,NA,Liege,1110068,26,0,7753,0
2020-08-02,Belgium,NA,Liege,1110068,20,0,7773,0
2020-08-03,Belgium,NA,Liege,1110068,103,0,7876,0
2020-08-04,Belgium,NA,Liege,1110068,99,0,7975,0
2020-08-05,Belgium,NA,Liege,1110068,63,0,8038,0
2020-08-06,Belgium,NA,Liege,1110068,88,0,8126,0
2020-08-07,Belgium,NA,Liege,1110068,66,0,8192,0
2020-08-08,Belgium,NA,Liege,1110068,28,0,8220,0
2020-08-09,Belgium,NA,Liege,1110068,9,0,8229,0
2020-08-10,Belgium,NA,Liege,1110068,97,0,8326,0
2020-08-11,Belgium,NA,Liege,1110068,91,0,8417,0
2020-08-12,Belgium,NA,Liege,1110068,81,0,8498,0
2020-08-13,Belgium,NA,Liege,1110068,55,0,8553,0
2020-08-14,Belgium,NA,Liege,1110068,61,0,8614,0
2020-08-15,Belgium,NA,Liege,1110068,32,0,8646,0
2020-08-16,Belgium,NA,Liege,1110068,6,0,8652,0
2020-08-17,Belgium,NA,Liege,1110068,48,0,8700,0
2020-08-18,Belgium,NA,Liege,1110068,57,0,8757,0
2020-08-19,Belgium,NA,Liege,1110068,33,0,8790,0
2020-08-20,Belgium,NA,Liege,1110068,31,0,8821,0
2020-08-21,Belgium,NA,Liege,1110068,22,0,8843,0
2020-08-22,Belgium,NA,Liege,1110068,14,0,8857,0
2020-08-23,Belgium,NA,Liege,1110068,12,0,8869,0
2020-08-24,Belgium,NA,Liege,1110068,46,0,8915,0
2020-08-25,Belgium,NA,Liege,1110068,31,0,8946,0
2020-08-26,Belgium,NA,Liege,1110068,55,0,9001,0
2020-08-27,Belgium,NA,Liege,1110068,50,0,9051,0
2020-08-28,Belgium,NA,Liege,1110068,70,0,9121,0
2020-08-29,Belgium,NA,Liege,1110068,16,0,9137,0
2020-08-30,Belgium,NA,Liege,1110068,7,0,9144,0
2020-08-31,Belgium,NA,Liege,1110068,64,0,9208,0
2020-09-01,Belgium,NA,Liege,1110068,54,0,9262,0
2020-09-02,Belgium,NA,Liege,1110068,43,0,9305,0
2020-09-03,Belgium,NA,Liege,1110068,30,0,9335,0
2020-09-04,Belgium,NA,Liege,1110068,51,0,9386,0
2020-09-05,Belgium,NA,Liege,1110068,26,0,9412,0
2020-09-06,Belgium,NA,Liege,1110068,11,0,9423,0
2020-09-07,Belgium,NA,Liege,1110068,94,0,9517,0
2020-09-08,Belgium,NA,Liege,1110068,77,0,9594,0
2020-09-09,Belgium,NA,Liege,1110068,120,0,9714,0
2020-09-10,Belgium,NA,Liege,1110068,84,0,9798,0
2020-09-11,Belgium,NA,Liege,1110068,95,0,9893,0
2020-09-12,Belgium,NA,Liege,1110068,28,0,9921,0
2020-09-13,Belgium,NA,Liege,1110068,19,0,9940,0
2020-09-14,Belgium,NA,Liege,1110068,7,0,9947,0
2020-03-04,Belgium,NA,Limburg,875842,8,0,12,0
2020-03-05,Belgium,NA,Limburg,875842,8,0,20,0
2020-03-06,Belgium,NA,Limburg,875842,17,0,37,0
2020-03-07,Belgium,NA,Limburg,875842,3,0,40,0
2020-03-08,Belgium,NA,Limburg,875842,7,0,47,0
2020-03-09,Belgium,NA,Limburg,875842,6,0,53,0
2020-03-10,Belgium,NA,Limburg,875842,12,0,65,0
2020-03-11,Belgium,NA,Limburg,875842,22,0,87,0
2020-03-12,Belgium,NA,Limburg,875842,25,0,112,0
2020-03-13,Belgium,NA,Limburg,875842,30,0,142,0
2020-03-14,Belgium,NA,Limburg,875842,11,0,153,0
2020-03-15,Belgium,NA,Limburg,875842,37,0,190,0
2020-03-16,Belgium,NA,Limburg,875842,35,0,225,0
2020-03-17,Belgium,NA,Limburg,875842,66,0,291,0
2020-03-18,Belgium,NA,Limburg,875842,58,0,349,0
2020-03-19,Belgium,NA,Limburg,875842,97,0,446,0
2020-03-20,Belgium,NA,Limburg,875842,111,0,557,0
2020-03-21,Belgium,NA,Limburg,875842,62,0,619,0
2020-03-22,Belgium,NA,Limburg,875842,45,0,664,0
2020-03-23,Belgium,NA,Limburg,875842,145,0,809,0
2020-03-24,Belgium,NA,Limburg,875842,135,0,944,0
2020-03-25,Belgium,NA,Limburg,875842,125,0,1069,0
2020-03-26,Belgium,NA,Limburg,875842,179,0,1248,0
2020-03-27,Belgium,NA,Limburg,875842,181,0,1429,0
2020-03-28,Belgium,NA,Limburg,875842,96,0,1525,0
2020-03-29,Belgium,NA,Limburg,875842,72,0,1597,0
2020-03-30,Belgium,NA,Limburg,875842,231,0,1828,0
2020-03-31,Belgium,NA,Limburg,875842,166,0,1994,0
2020-04-01,Belgium,NA,Limburg,875842,170,0,2164,0
2020-04-02,Belgium,NA,Limburg,875842,167,0,2331,0
2020-04-03,Belgium,NA,Limburg,875842,257,0,2588,0
2020-04-04,Belgium,NA,Limburg,875842,86,0,2674,0
2020-04-05,Belgium,NA,Limburg,875842,47,0,2721,0
2020-04-06,Belgium,NA,Limburg,875842,258,0,2979,0
2020-04-07,Belgium,NA,Limburg,875842,221,0,3200,0
2020-04-08,Belgium,NA,Limburg,875842,214,0,3414,0
2020-04-09,Belgium,NA,Limburg,875842,255,0,3669,0
2020-04-10,Belgium,NA,Limburg,875842,324,0,3993,0
2020-04-11,Belgium,NA,Limburg,875842,93,0,4086,0
2020-04-12,Belgium,NA,Limburg,875842,53,0,4139,0
2020-04-13,Belgium,NA,Limburg,875842,40,0,4179,0
2020-04-14,Belgium,NA,Limburg,875842,188,0,4367,0
2020-04-15,Belgium,NA,Limburg,875842,96,0,4463,0
2020-04-16,Belgium,NA,Limburg,875842,126,0,4589,0
2020-04-17,Belgium,NA,Limburg,875842,134,0,4723,0
2020-04-18,Belgium,NA,Limburg,875842,49,0,4772,0
2020-04-19,Belgium,NA,Limburg,875842,29,0,4801,0
2020-04-20,Belgium,NA,Limburg,875842,129,0,4930,0
2020-04-21,Belgium,NA,Limburg,875842,77,0,5007,0
2020-04-22,Belgium,NA,Limburg,875842,56,0,5063,0
2020-04-23,Belgium,NA,Limburg,875842,64,0,5127,0
2020-04-24,Belgium,NA,Limburg,875842,76,0,5203,0
2020-04-25,Belgium,NA,Limburg,875842,20,0,5223,0
2020-04-26,Belgium,NA,Limburg,875842,23,0,5246,0
2020-04-27,Belgium,NA,Limburg,875842,59,0,5305,0
2020-04-28,Belgium,NA,Limburg,875842,44,0,5349,0
2020-04-29,Belgium,NA,Limburg,875842,59,0,5408,0
2020-04-30,Belgium,NA,Limburg,875842,46,0,5454,0
2020-05-01,Belgium,NA,Limburg,875842,24,0,5478,0
2020-05-02,Belgium,NA,Limburg,875842,27,0,5505,0
2020-05-03,Belgium,NA,Limburg,875842,7,0,5512,0
2020-05-04,Belgium,NA,Limburg,875842,43,0,5555,0
2020-05-05,Belgium,NA,Limburg,875842,36,0,5591,0
2020-05-06,Belgium,NA,Limburg,875842,43,0,5634,0
2020-05-07,Belgium,NA,Limburg,875842,39,0,5673,0
2020-05-08,Belgium,NA,Limburg,875842,50,0,5723,0
2020-05-09,Belgium,NA,Limburg,875842,15,0,5738,0
2020-05-10,Belgium,NA,Limburg,875842,9,0,5747,0
2020-05-11,Belgium,NA,Limburg,875842,54,0,5801,0
2020-05-12,Belgium,NA,Limburg,875842,29,0,5830,0
2020-05-13,Belgium,NA,Limburg,875842,31,0,5861,0
2020-05-14,Belgium,NA,Limburg,875842,25,0,5886,0
2020-05-15,Belgium,NA,Limburg,875842,33,0,5919,0
2020-05-16,Belgium,NA,Limburg,875842,10,0,5929,0
2020-05-17,Belgium,NA,Limburg,875842,9,0,5938,0
2020-05-18,Belgium,NA,Limburg,875842,50,0,5988,0
2020-05-19,Belgium,NA,Limburg,875842,45,0,6033,0
2020-05-20,Belgium,NA,Limburg,875842,34,0,6067,0
2020-05-21,Belgium,NA,Limburg,875842,8,0,6075,0
2020-05-22,Belgium,NA,Limburg,875842,24,0,6099,0
2020-05-23,Belgium,NA,Limburg,875842,11,0,6110,0
2020-05-24,Belgium,NA,Limburg,875842,14,0,6124,0
2020-05-25,Belgium,NA,Limburg,875842,29,0,6153,0
2020-05-26,Belgium,NA,Limburg,875842,27,0,6180,0
2020-05-27,Belgium,NA,Limburg,875842,24,0,6204,0
2020-05-28,Belgium,NA,Limburg,875842,18,0,6222,0
2020-05-29,Belgium,NA,Limburg,875842,15,0,6237,0
2020-05-30,Belgium,NA,Limburg,875842,12,0,6249,0
2020-05-31,Belgium,NA,Limburg,875842,7,0,6256,0
2020-06-01,Belgium,NA,Limburg,875842,8,0,6264,0
2020-06-02,Belgium,NA,Limburg,875842,23,0,6287,0
2020-06-03,Belgium,NA,Limburg,875842,21,0,6308,0
2020-06-04,Belgium,NA,Limburg,875842,21,0,6329,0
2020-06-05,Belgium,NA,Limburg,875842,23,0,6352,0
2020-06-06,Belgium,NA,Limburg,875842,18,0,6370,0
2020-06-07,Belgium,NA,Limburg,875842,15,0,6385,0
2020-06-08,Belgium,NA,Limburg,875842,17,0,6402,0
2020-06-09,Belgium,NA,Limburg,875842,16,0,6418,0
2020-06-10,Belgium,NA,Limburg,875842,12,0,6430,0
2020-06-11,Belgium,NA,Limburg,875842,14,0,6444,0
2020-06-12,Belgium,NA,Limburg,875842,7,0,6451,0
2020-06-13,Belgium,NA,Limburg,875842,5,0,6456,0
2020-06-14,Belgium,NA,Limburg,875842,2,0,6458,0
2020-06-15,Belgium,NA,Limburg,875842,20,0,6478,0
2020-06-16,Belgium,NA,Limburg,875842,15,0,6493,0
2020-06-17,Belgium,NA,Limburg,875842,13,0,6506,0
2020-06-18,Belgium,NA,Limburg,875842,5,0,6511,0
2020-06-19,Belgium,NA,Limburg,875842,14,0,6525,0
2020-06-20,Belgium,NA,Limburg,875842,4,0,6529,0
2020-06-21,Belgium,NA,Limburg,875842,4,0,6533,0
2020-06-22,Belgium,NA,Limburg,875842,8,0,6541,0
2020-06-23,Belgium,NA,Limburg,875842,16,0,6557,0
2020-06-24,Belgium,NA,Limburg,875842,16,0,6573,0
2020-06-25,Belgium,NA,Limburg,875842,5,0,6578,0
2020-06-26,Belgium,NA,Limburg,875842,10,0,6588,0
2020-06-27,Belgium,NA,Limburg,875842,1,0,6589,0
2020-06-29,Belgium,NA,Limburg,875842,9,0,6598,0
2020-06-30,Belgium,NA,Limburg,875842,6,0,6604,0
2020-07-01,Belgium,NA,Limburg,875842,9,0,6613,0
2020-07-02,Belgium,NA,Limburg,875842,6,0,6619,0
2020-07-03,Belgium,NA,Limburg,875842,4,0,6623,0
2020-07-04,Belgium,NA,Limburg,875842,7,0,6630,0
2020-07-05,Belgium,NA,Limburg,875842,1,0,6631,0
2020-07-06,Belgium,NA,Limburg,875842,7,0,6638,0
2020-07-07,Belgium,NA,Limburg,875842,7,0,6645,0
2020-07-08,Belgium,NA,Limburg,875842,22,0,6667,0
2020-07-09,Belgium,NA,Limburg,875842,14,0,6681,0
2020-07-10,Belgium,NA,Limburg,875842,10,0,6691,0
2020-07-11,Belgium,NA,Limburg,875842,10,0,6701,0
2020-07-12,Belgium,NA,Limburg,875842,4,0,6705,0
2020-07-13,Belgium,NA,Limburg,875842,19,0,6724,0
2020-07-14,Belgium,NA,Limburg,875842,12,0,6736,0
2020-07-15,Belgium,NA,Limburg,875842,23,0,6759,0
2020-07-16,Belgium,NA,Limburg,875842,11,0,6770,0
2020-07-17,Belgium,NA,Limburg,875842,21,0,6791,0
2020-07-18,Belgium,NA,Limburg,875842,5,0,6796,0
2020-07-19,Belgium,NA,Limburg,875842,12,0,6808,0
2020-07-20,Belgium,NA,Limburg,875842,22,0,6830,0
2020-07-21,Belgium,NA,Limburg,875842,23,0,6853,0
2020-07-22,Belgium,NA,Limburg,875842,46,0,6899,0
2020-07-23,Belgium,NA,Limburg,875842,25,0,6924,0
2020-07-24,Belgium,NA,Limburg,875842,28,0,6952,0
2020-07-25,Belgium,NA,Limburg,875842,19,0,6971,0
2020-07-26,Belgium,NA,Limburg,875842,5,0,6976,0
2020-07-27,Belgium,NA,Limburg,875842,38,0,7014,0
2020-07-28,Belgium,NA,Limburg,875842,31,0,7045,0
2020-07-29,Belgium,NA,Limburg,875842,38,0,7083,0
2020-07-30,Belgium,NA,Limburg,875842,27,0,7110,0
2020-07-31,Belgium,NA,Limburg,875842,22,0,7132,0
2020-08-01,Belgium,NA,Limburg,875842,22,0,7154,0
2020-08-02,Belgium,NA,Limburg,875842,9,0,7163,0
2020-08-03,Belgium,NA,Limburg,875842,26,0,7189,0
2020-08-04,Belgium,NA,Limburg,875842,45,0,7234,0
2020-08-05,Belgium,NA,Limburg,875842,27,0,7261,0
2020-08-06,Belgium,NA,Limburg,875842,27,0,7288,0
2020-08-07,Belgium,NA,Limburg,875842,28,0,7316,0
2020-08-08,Belgium,NA,Limburg,875842,19,0,7335,0
2020-08-09,Belgium,NA,Limburg,875842,2,0,7337,0
2020-08-10,Belgium,NA,Limburg,875842,50,0,7387,0
2020-08-11,Belgium,NA,Limburg,875842,31,0,7418,0
2020-08-12,Belgium,NA,Limburg,875842,9,0,7427,0
2020-08-13,Belgium,NA,Limburg,875842,26,0,7453,0
2020-08-14,Belgium,NA,Limburg,875842,17,0,7470,0
2020-08-15,Belgium,NA,Limburg,875842,12,0,7482,0
2020-08-16,Belgium,NA,Limburg,875842,9,0,7491,0
2020-08-17,Belgium,NA,Limburg,875842,32,0,7523,0
2020-08-18,Belgium,NA,Limburg,875842,31,0,7554,0
2020-08-19,Belgium,NA,Limburg,875842,25,0,7579,0
2020-08-20,Belgium,NA,Limburg,875842,40,0,7619,0
2020-08-21,Belgium,NA,Limburg,875842,25,0,7644,0
2020-08-22,Belgium,NA,Limburg,875842,7,0,7651,0
2020-08-23,Belgium,NA,Limburg,875842,8,0,7659,0
2020-08-24,Belgium,NA,Limburg,875842,32,0,7691,0
2020-08-25,Belgium,NA,Limburg,875842,33,0,7724,0
2020-08-26,Belgium,NA,Limburg,875842,25,0,7749,0
2020-08-27,Belgium,NA,Limburg,875842,31,0,7780,0
2020-08-28,Belgium,NA,Limburg,875842,19,0,7799,0
2020-08-29,Belgium,NA,Limburg,875842,16,0,7815,0
2020-08-30,Belgium,NA,Limburg,875842,7,0,7822,0
2020-08-31,Belgium,NA,Limburg,875842,52,0,7874,0
2020-09-01,Belgium,NA,Limburg,875842,45,0,7919,0
2020-09-02,Belgium,NA,Limburg,875842,25,0,7944,0
2020-09-03,Belgium,NA,Limburg,875842,27,0,7971,0
2020-09-04,Belgium,NA,Limburg,875842,27,0,7998,0
2020-09-05,Belgium,NA,Limburg,875842,6,0,8004,0
2020-09-06,Belgium,NA,Limburg,875842,17,0,8021,0
2020-09-07,Belgium,NA,Limburg,875842,36,0,8057,0
2020-09-08,Belgium,NA,Limburg,875842,44,0,8101,0
2020-09-09,Belgium,NA,Limburg,875842,51,0,8152,0
2020-09-10,Belgium,NA,Limburg,875842,40,0,8192,0
2020-09-11,Belgium,NA,Limburg,875842,47,0,8239,0
2020-09-12,Belgium,NA,Limburg,875842,21,0,8260,0
2020-09-13,Belgium,NA,Limburg,875842,13,0,8273,0
2020-09-14,Belgium,NA,Limburg,875842,12,0,8285,0
2020-03-13,Belgium,NA,Luxembourg,286685,7,0,16,0
2020-03-14,Belgium,NA,Luxembourg,286685,1,0,17,0
2020-03-15,Belgium,NA,Luxembourg,286685,1,0,18,0
2020-03-16,Belgium,NA,Luxembourg,286685,5,0,23,0
2020-03-17,Belgium,NA,Luxembourg,286685,3,0,26,0
2020-03-18,Belgium,NA,Luxembourg,286685,15,0,41,0
2020-03-19,Belgium,NA,Luxembourg,286685,46,0,87,0
2020-03-20,Belgium,NA,Luxembourg,286685,3,0,90,0
2020-03-21,Belgium,NA,Luxembourg,286685,8,0,98,0
2020-03-22,Belgium,NA,Luxembourg,286685,12,0,110,0
2020-03-23,Belgium,NA,Luxembourg,286685,44,0,154,0
2020-03-24,Belgium,NA,Luxembourg,286685,23,0,177,0
2020-03-25,Belgium,NA,Luxembourg,286685,17,0,194,0
2020-03-26,Belgium,NA,Luxembourg,286685,45,0,239,0
2020-03-27,Belgium,NA,Luxembourg,286685,34,0,273,0
2020-03-28,Belgium,NA,Luxembourg,286685,26,0,299,0
2020-03-29,Belgium,NA,Luxembourg,286685,14,0,313,0
2020-03-30,Belgium,NA,Luxembourg,286685,56,0,369,0
2020-03-31,Belgium,NA,Luxembourg,286685,89,0,458,0
2020-04-01,Belgium,NA,Luxembourg,286685,99,0,557,0
2020-04-02,Belgium,NA,Luxembourg,286685,62,0,619,0
2020-04-03,Belgium,NA,Luxembourg,286685,57,0,676,0
2020-04-04,Belgium,NA,Luxembourg,286685,14,0,690,0
2020-04-05,Belgium,NA,Luxembourg,286685,12,0,702,0
2020-04-06,Belgium,NA,Luxembourg,286685,51,0,753,0
2020-04-07,Belgium,NA,Luxembourg,286685,48,0,801,0
2020-04-08,Belgium,NA,Luxembourg,286685,37,0,838,0
2020-04-09,Belgium,NA,Luxembourg,286685,39,0,877,0
2020-04-10,Belgium,NA,Luxembourg,286685,25,0,902,0
2020-04-11,Belgium,NA,Luxembourg,286685,17,0,919,0
2020-04-12,Belgium,NA,Luxembourg,286685,5,0,924,0
2020-04-13,Belgium,NA,Luxembourg,286685,4,0,928,0
2020-04-14,Belgium,NA,Luxembourg,286685,58,0,986,0
2020-04-15,Belgium,NA,Luxembourg,286685,38,0,1024,0
2020-04-16,Belgium,NA,Luxembourg,286685,102,0,1126,0
2020-04-17,Belgium,NA,Luxembourg,286685,23,0,1149,0
2020-04-18,Belgium,NA,Luxembourg,286685,6,0,1155,0
2020-04-19,Belgium,NA,Luxembourg,286685,8,0,1163,0
2020-04-20,Belgium,NA,Luxembourg,286685,11,0,1174,0
2020-04-21,Belgium,NA,Luxembourg,286685,25,0,1199,0
2020-04-22,Belgium,NA,Luxembourg,286685,15,0,1214,0
2020-04-23,Belgium,NA,Luxembourg,286685,16,0,1230,0
2020-04-24,Belgium,NA,Luxembourg,286685,7,0,1237,0
2020-04-25,Belgium,NA,Luxembourg,286685,4,0,1241,0
2020-04-26,Belgium,NA,Luxembourg,286685,2,0,1243,0
2020-04-27,Belgium,NA,Luxembourg,286685,12,0,1255,0
2020-04-28,Belgium,NA,Luxembourg,286685,5,0,1260,0
2020-04-29,Belgium,NA,Luxembourg,286685,10,0,1270,0
2020-04-30,Belgium,NA,Luxembourg,286685,2,0,1272,0
2020-05-01,Belgium,NA,Luxembourg,286685,9,0,1281,0
2020-05-02,Belgium,NA,Luxembourg,286685,4,0,1285,0
2020-05-04,Belgium,NA,Luxembourg,286685,7,0,1292,0
2020-05-05,Belgium,NA,Luxembourg,286685,5,0,1297,0
2020-05-06,Belgium,NA,Luxembourg,286685,8,0,1305,0
2020-05-07,Belgium,NA,Luxembourg,286685,8,0,1313,0
2020-05-08,Belgium,NA,Luxembourg,286685,13,0,1326,0
2020-05-09,Belgium,NA,Luxembourg,286685,4,0,1330,0
2020-05-11,Belgium,NA,Luxembourg,286685,7,0,1337,0
2020-05-12,Belgium,NA,Luxembourg,286685,6,0,1343,0
2020-05-13,Belgium,NA,Luxembourg,286685,5,0,1348,0
2020-05-14,Belgium,NA,Luxembourg,286685,4,0,1352,0
2020-05-15,Belgium,NA,Luxembourg,286685,3,0,1355,0
2020-05-16,Belgium,NA,Luxembourg,286685,2,0,1357,0
2020-05-18,Belgium,NA,Luxembourg,286685,3,0,1360,0
2020-05-19,Belgium,NA,Luxembourg,286685,6,0,1366,0
2020-05-20,Belgium,NA,Luxembourg,286685,6,0,1372,0
2020-05-22,Belgium,NA,Luxembourg,286685,1,0,1373,0
2020-05-24,Belgium,NA,Luxembourg,286685,1,0,1374,0
2020-05-26,Belgium,NA,Luxembourg,286685,8,0,1382,0
2020-05-27,Belgium,NA,Luxembourg,286685,1,0,1383,0
2020-05-28,Belgium,NA,Luxembourg,286685,2,0,1385,0
2020-05-29,Belgium,NA,Luxembourg,286685,7,0,1392,0
2020-05-30,Belgium,NA,Luxembourg,286685,1,0,1393,0
2020-05-31,Belgium,NA,Luxembourg,286685,3,0,1396,0
2020-06-01,Belgium,NA,Luxembourg,286685,1,0,1397,0
2020-06-02,Belgium,NA,Luxembourg,286685,5,0,1402,0
2020-06-03,Belgium,NA,Luxembourg,286685,1,0,1403,0
2020-06-04,Belgium,NA,Luxembourg,286685,1,0,1404,0
2020-06-05,Belgium,NA,Luxembourg,286685,2,0,1406,0
2020-06-06,Belgium,NA,Luxembourg,286685,1,0,1407,0
2020-06-08,Belgium,NA,Luxembourg,286685,3,0,1410,0
2020-06-09,Belgium,NA,Luxembourg,286685,8,0,1418,0
2020-06-10,Belgium,NA,Luxembourg,286685,1,0,1419,0
2020-06-11,Belgium,NA,Luxembourg,286685,1,0,1420,0
2020-06-12,Belgium,NA,Luxembourg,286685,1,0,1421,0
2020-06-13,Belgium,NA,Luxembourg,286685,2,0,1423,0
2020-06-15,Belgium,NA,Luxembourg,286685,2,0,1425,0
2020-06-16,Belgium,NA,Luxembourg,286685,2,0,1427,0
2020-06-18,Belgium,NA,Luxembourg,286685,3,0,1430,0
2020-06-19,Belgium,NA,Luxembourg,286685,5,0,1435,0
2020-06-20,Belgium,NA,Luxembourg,286685,3,0,1438,0
2020-06-21,Belgium,NA,Luxembourg,286685,2,0,1440,0
2020-06-22,Belgium,NA,Luxembourg,286685,6,0,1446,0
2020-06-23,Belgium,NA,Luxembourg,286685,5,0,1451,0
2020-06-24,Belgium,NA,Luxembourg,286685,3,0,1454,0
2020-06-25,Belgium,NA,Luxembourg,286685,3,0,1457,0
2020-06-27,Belgium,NA,Luxembourg,286685,2,0,1459,0
2020-06-28,Belgium,NA,Luxembourg,286685,1,0,1460,0
2020-06-29,Belgium,NA,Luxembourg,286685,3,0,1463,0
2020-06-30,Belgium,NA,Luxembourg,286685,2,0,1465,0
2020-07-01,Belgium,NA,Luxembourg,286685,1,0,1466,0
2020-07-02,Belgium,NA,Luxembourg,286685,2,0,1468,0
2020-07-04,Belgium,NA,Luxembourg,286685,3,0,1471,0
2020-07-05,Belgium,NA,Luxembourg,286685,1,0,1472,0
2020-07-06,Belgium,NA,Luxembourg,286685,3,0,1475,0
2020-07-07,Belgium,NA,Luxembourg,286685,6,0,1481,0
2020-07-08,Belgium,NA,Luxembourg,286685,3,0,1484,0
2020-07-09,Belgium,NA,Luxembourg,286685,3,0,1487,0
2020-07-10,Belgium,NA,Luxembourg,286685,6,0,1493,0
2020-07-11,Belgium,NA,Luxembourg,286685,1,0,1494,0
2020-07-12,Belgium,NA,Luxembourg,286685,1,0,1495,0
2020-07-13,Belgium,NA,Luxembourg,286685,2,0,1497,0
2020-07-14,Belgium,NA,Luxembourg,286685,5,0,1502,0
2020-07-15,Belgium,NA,Luxembourg,286685,20,0,1522,0
2020-07-16,Belgium,NA,Luxembourg,286685,10,0,1532,0
2020-07-17,Belgium,NA,Luxembourg,286685,12,0,1544,0
2020-07-18,Belgium,NA,Luxembourg,286685,3,0,1547,0
2020-07-19,Belgium,NA,Luxembourg,286685,2,0,1549,0
2020-07-20,Belgium,NA,Luxembourg,286685,8,0,1557,0
2020-07-21,Belgium,NA,Luxembourg,286685,2,0,1559,0
2020-07-22,Belgium,NA,Luxembourg,286685,5,0,1564,0
2020-07-23,Belgium,NA,Luxembourg,286685,4,0,1568,0
2020-07-24,Belgium,NA,Luxembourg,286685,7,0,1575,0
2020-07-25,Belgium,NA,Luxembourg,286685,6,0,1581,0
2020-07-26,Belgium,NA,Luxembourg,286685,1,0,1582,0
2020-07-27,Belgium,NA,Luxembourg,286685,2,0,1584,0
2020-07-28,Belgium,NA,Luxembourg,286685,14,0,1598,0
2020-07-29,Belgium,NA,Luxembourg,286685,9,0,1607,0
2020-07-30,Belgium,NA,Luxembourg,286685,9,0,1616,0
2020-07-31,Belgium,NA,Luxembourg,286685,13,0,1629,0
2020-08-01,Belgium,NA,Luxembourg,286685,4,0,1633,0
2020-08-02,Belgium,NA,Luxembourg,286685,3,0,1636,0
2020-08-03,Belgium,NA,Luxembourg,286685,7,0,1643,0
2020-08-04,Belgium,NA,Luxembourg,286685,9,0,1652,0
2020-08-05,Belgium,NA,Luxembourg,286685,8,0,1660,0
2020-08-06,Belgium,NA,Luxembourg,286685,8,0,1668,0
2020-08-07,Belgium,NA,Luxembourg,286685,8,0,1676,0
2020-08-08,Belgium,NA,Luxembourg,286685,12,0,1688,0
2020-08-09,Belgium,NA,Luxembourg,286685,4,0,1692,0
2020-08-10,Belgium,NA,Luxembourg,286685,7,0,1699,0
2020-08-11,Belgium,NA,Luxembourg,286685,23,0,1722,0
2020-08-12,Belgium,NA,Luxembourg,286685,9,0,1731,0
2020-08-13,Belgium,NA,Luxembourg,286685,8,0,1739,0
2020-08-14,Belgium,NA,Luxembourg,286685,5,0,1744,0
2020-08-16,Belgium,NA,Luxembourg,286685,1,0,1745,0
2020-08-17,Belgium,NA,Luxembourg,286685,9,0,1754,0
2020-08-18,Belgium,NA,Luxembourg,286685,13,0,1767,0
2020-08-19,Belgium,NA,Luxembourg,286685,11,0,1778,0
2020-08-20,Belgium,NA,Luxembourg,286685,9,0,1787,0
2020-08-21,Belgium,NA,Luxembourg,286685,4,0,1791,0
2020-08-22,Belgium,NA,Luxembourg,286685,5,0,1796,0
2020-08-24,Belgium,NA,Luxembourg,286685,2,0,1798,0
2020-08-25,Belgium,NA,Luxembourg,286685,8,0,1806,0
2020-08-26,Belgium,NA,Luxembourg,286685,2,0,1808,0
2020-08-27,Belgium,NA,Luxembourg,286685,9,0,1817,0
2020-08-28,Belgium,NA,Luxembourg,286685,18,0,1835,0
2020-08-29,Belgium,NA,Luxembourg,286685,2,0,1837,0
2020-08-30,Belgium,NA,Luxembourg,286685,2,0,1839,0
2020-08-31,Belgium,NA,Luxembourg,286685,2,0,1841,0
2020-09-01,Belgium,NA,Luxembourg,286685,11,0,1852,0
2020-09-02,Belgium,NA,Luxembourg,286685,3,0,1855,0
2020-09-03,Belgium,NA,Luxembourg,286685,8,0,1863,0
2020-09-04,Belgium,NA,Luxembourg,286685,10,0,1873,0
2020-09-05,Belgium,NA,Luxembourg,286685,5,0,1878,0
2020-09-06,Belgium,NA,Luxembourg,286685,3,0,1881,0
2020-09-07,Belgium,NA,Luxembourg,286685,4,0,1885,0
2020-09-08,Belgium,NA,Luxembourg,286685,6,0,1891,0
2020-09-09,Belgium,NA,Luxembourg,286685,12,0,1903,0
2020-09-10,Belgium,NA,Luxembourg,286685,16,0,1919,0
2020-09-11,Belgium,NA,Luxembourg,286685,16,0,1935,0
2020-09-12,Belgium,NA,Luxembourg,286685,10,0,1945,0
2020-09-13,Belgium,NA,Luxembourg,286685,3,0,1948,0
2020-09-14,Belgium,NA,Luxembourg,286685,8,0,1956,0
2020-03-09,Belgium,NA,Namur,496891,3,0,13,0
2020-03-11,Belgium,NA,Namur,496891,5,0,18,0
2020-03-12,Belgium,NA,Namur,496891,2,0,20,0
2020-03-13,Belgium,NA,Namur,496891,7,0,27,0
2020-03-14,Belgium,NA,Namur,496891,4,0,31,0
2020-03-15,Belgium,NA,Namur,496891,1,0,32,0
2020-03-17,Belgium,NA,Namur,496891,9,0,41,0
2020-03-18,Belgium,NA,Namur,496891,21,0,62,0
2020-03-19,Belgium,NA,Namur,496891,21,0,83,0
2020-03-20,Belgium,NA,Namur,496891,15,0,98,0
2020-03-21,Belgium,NA,Namur,496891,10,0,108,0
2020-03-22,Belgium,NA,Namur,496891,16,0,124,0
2020-03-23,Belgium,NA,Namur,496891,32,0,156,0
2020-03-24,Belgium,NA,Namur,496891,29,0,185,0
2020-03-25,Belgium,NA,Namur,496891,38,0,223,0
2020-03-26,Belgium,NA,Namur,496891,33,0,256,0
2020-03-27,Belgium,NA,Namur,496891,46,0,302,0
2020-03-28,Belgium,NA,Namur,496891,31,0,333,0
2020-03-29,Belgium,NA,Namur,496891,23,0,356,0
2020-03-30,Belgium,NA,Namur,496891,48,0,404,0
2020-03-31,Belgium,NA,Namur,496891,49,0,453,0
2020-04-01,Belgium,NA,Namur,496891,58,0,511,0
2020-04-02,Belgium,NA,Namur,496891,78,0,589,0
2020-04-03,Belgium,NA,Namur,496891,68,0,657,0
2020-04-04,Belgium,NA,Namur,496891,38,0,695,0
2020-04-05,Belgium,NA,Namur,496891,37,0,732,0
2020-04-06,Belgium,NA,Namur,496891,76,0,808,0
2020-04-07,Belgium,NA,Namur,496891,77,0,885,0
2020-04-08,Belgium,NA,Namur,496891,70,0,955,0
2020-04-09,Belgium,NA,Namur,496891,55,0,1010,0
2020-04-10,Belgium,NA,Namur,496891,48,0,1058,0
2020-04-11,Belgium,NA,Namur,496891,41,0,1099,0
2020-04-12,Belgium,NA,Namur,496891,24,0,1123,0
2020-04-13,Belgium,NA,Namur,496891,19,0,1142,0
2020-04-14,Belgium,NA,Namur,496891,60,0,1202,0
2020-04-15,Belgium,NA,Namur,496891,120,0,1322,0
2020-04-16,Belgium,NA,Namur,496891,58,0,1380,0
2020-04-17,Belgium,NA,Namur,496891,43,0,1423,0
2020-04-18,Belgium,NA,Namur,496891,22,0,1445,0
2020-04-19,Belgium,NA,Namur,496891,59,0,1504,0
2020-04-20,Belgium,NA,Namur,496891,78,0,1582,0
2020-04-21,Belgium,NA,Namur,496891,53,0,1635,0
2020-04-22,Belgium,NA,Namur,496891,31,0,1666,0
2020-04-23,Belgium,NA,Namur,496891,26,0,1692,0
2020-04-24,Belgium,NA,Namur,496891,61,0,1753,0
2020-04-25,Belgium,NA,Namur,496891,42,0,1795,0
2020-04-26,Belgium,NA,Namur,496891,11,0,1806,0
2020-04-27,Belgium,NA,Namur,496891,45,0,1851,0
2020-04-28,Belgium,NA,Namur,496891,30,0,1881,0
2020-04-29,Belgium,NA,Namur,496891,35,0,1916,0
2020-04-30,Belgium,NA,Namur,496891,21,0,1937,0
2020-05-01,Belgium,NA,Namur,496891,8,0,1945,0
2020-05-02,Belgium,NA,Namur,496891,13,0,1958,0
2020-05-03,Belgium,NA,Namur,496891,14,0,1972,0
2020-05-04,Belgium,NA,Namur,496891,36,0,2008,0
2020-05-05,Belgium,NA,Namur,496891,35,0,2043,0
2020-05-06,Belgium,NA,Namur,496891,21,0,2064,0
2020-05-07,Belgium,NA,Namur,496891,32,0,2096,0
2020-05-08,Belgium,NA,Namur,496891,33,0,2129,0
2020-05-09,Belgium,NA,Namur,496891,11,0,2140,0
2020-05-10,Belgium,NA,Namur,496891,3,0,2143,0
2020-05-11,Belgium,NA,Namur,496891,27,0,2170,0
2020-05-12,Belgium,NA,Namur,496891,18,0,2188,0
2020-05-13,Belgium,NA,Namur,496891,20,0,2208,0
2020-05-14,Belgium,NA,Namur,496891,11,0,2219,0
2020-05-15,Belgium,NA,Namur,496891,9,0,2228,0
2020-05-16,Belgium,NA,Namur,496891,6,0,2234,0
2020-05-17,Belgium,NA,Namur,496891,1,0,2235,0
2020-05-18,Belgium,NA,Namur,496891,10,0,2245,0
2020-05-19,Belgium,NA,Namur,496891,7,0,2252,0
2020-05-20,Belgium,NA,Namur,496891,16,0,2268,0
2020-05-21,Belgium,NA,Namur,496891,2,0,2270,0
2020-05-22,Belgium,NA,Namur,496891,5,0,2275,0
2020-05-23,Belgium,NA,Namur,496891,1,0,2276,0
2020-05-24,Belgium,NA,Namur,496891,4,0,2280,0
2020-05-25,Belgium,NA,Namur,496891,11,0,2291,0
2020-05-26,Belgium,NA,Namur,496891,2,0,2293,0
2020-05-27,Belgium,NA,Namur,496891,5,0,2298,0
2020-05-28,Belgium,NA,Namur,496891,1,0,2299,0
2020-05-29,Belgium,NA,Namur,496891,13,0,2312,0
2020-05-30,Belgium,NA,Namur,496891,2,0,2314,0
2020-05-31,Belgium,NA,Namur,496891,4,0,2318,0
2020-06-01,Belgium,NA,Namur,496891,1,0,2319,0
2020-06-02,Belgium,NA,Namur,496891,6,0,2325,0
2020-06-03,Belgium,NA,Namur,496891,2,0,2327,0
2020-06-04,Belgium,NA,Namur,496891,7,0,2334,0
2020-06-05,Belgium,NA,Namur,496891,6,0,2340,0
2020-06-08,Belgium,NA,Namur,496891,3,0,2343,0
2020-06-09,Belgium,NA,Namur,496891,5,0,2348,0
2020-06-10,Belgium,NA,Namur,496891,3,0,2351,0
2020-06-11,Belgium,NA,Namur,496891,1,0,2352,0
2020-06-12,Belgium,NA,Namur,496891,1,0,2353,0
2020-06-13,Belgium,NA,Namur,496891,2,0,2355,0
2020-06-15,Belgium,NA,Namur,496891,3,0,2358,0
2020-06-16,Belgium,NA,Namur,496891,1,0,2359,0
2020-06-17,Belgium,NA,Namur,496891,2,0,2361,0
2020-06-18,Belgium,NA,Namur,496891,2,0,2363,0
2020-06-19,Belgium,NA,Namur,496891,2,0,2365,0
2020-06-20,Belgium,NA,Namur,496891,2,0,2367,0
2020-06-22,Belgium,NA,Namur,496891,2,0,2369,0
2020-06-23,Belgium,NA,Namur,496891,3,0,2372,0
2020-06-24,Belgium,NA,Namur,496891,2,0,2374,0
2020-06-25,Belgium,NA,Namur,496891,1,0,2375,0
2020-06-26,Belgium,NA,Namur,496891,1,0,2376,0
2020-06-27,Belgium,NA,Namur,496891,1,0,2377,0
2020-06-29,Belgium,NA,Namur,496891,3,0,2380,0
2020-06-30,Belgium,NA,Namur,496891,4,0,2384,0
2020-07-02,Belgium,NA,Namur,496891,1,0,2385,0
2020-07-03,Belgium,NA,Namur,496891,2,0,2387,0
2020-07-04,Belgium,NA,Namur,496891,1,0,2388,0
2020-07-06,Belgium,NA,Namur,496891,1,0,2389,0
2020-07-07,Belgium,NA,Namur,496891,2,0,2391,0
2020-07-11,Belgium,NA,Namur,496891,4,0,2395,0
2020-07-13,Belgium,NA,Namur,496891,1,0,2396,0
2020-07-14,Belgium,NA,Namur,496891,2,0,2398,0
2020-07-15,Belgium,NA,Namur,496891,5,0,2403,0
2020-07-16,Belgium,NA,Namur,496891,5,0,2408,0
2020-07-17,Belgium,NA,Namur,496891,4,0,2412,0
2020-07-18,Belgium,NA,Namur,496891,5,0,2417,0
2020-07-20,Belgium,NA,Namur,496891,9,0,2426,0
2020-07-21,Belgium,NA,Namur,496891,2,0,2428,0
2020-07-22,Belgium,NA,Namur,496891,12,0,2440,0
2020-07-23,Belgium,NA,Namur,496891,7,0,2447,0
2020-07-24,Belgium,NA,Namur,496891,9,0,2456,0
2020-07-25,Belgium,NA,Namur,496891,2,0,2458,0
2020-07-26,Belgium,NA,Namur,496891,6,0,2464,0
2020-07-27,Belgium,NA,Namur,496891,11,0,2475,0
2020-07-28,Belgium,NA,Namur,496891,25,0,2500,0
2020-07-29,Belgium,NA,Namur,496891,33,0,2533,0
2020-07-30,Belgium,NA,Namur,496891,10,0,2543,0
2020-07-31,Belgium,NA,Namur,496891,25,0,2568,0
2020-08-01,Belgium,NA,Namur,496891,5,0,2573,0
2020-08-02,Belgium,NA,Namur,496891,2,0,2575,0
2020-08-03,Belgium,NA,Namur,496891,24,0,2599,0
2020-08-04,Belgium,NA,Namur,496891,31,0,2630,0
2020-08-05,Belgium,NA,Namur,496891,23,0,2653,0
2020-08-06,Belgium,NA,Namur,496891,33,0,2686,0
2020-08-07,Belgium,NA,Namur,496891,25,0,2711,0
2020-08-08,Belgium,NA,Namur,496891,6,0,2717,0
2020-08-09,Belgium,NA,Namur,496891,2,0,2719,0
2020-08-10,Belgium,NA,Namur,496891,45,0,2764,0
2020-08-11,Belgium,NA,Namur,496891,25,0,2789,0
2020-08-12,Belgium,NA,Namur,496891,27,0,2816,0
2020-08-13,Belgium,NA,Namur,496891,16,0,2832,0
2020-08-14,Belgium,NA,Namur,496891,26,0,2858,0
2020-08-15,Belgium,NA,Namur,496891,5,0,2863,0
2020-08-16,Belgium,NA,Namur,496891,9,0,2872,0
2020-08-17,Belgium,NA,Namur,496891,25,0,2897,0
2020-08-18,Belgium,NA,Namur,496891,45,0,2942,0
2020-08-19,Belgium,NA,Namur,496891,13,0,2955,0
2020-08-20,Belgium,NA,Namur,496891,12,0,2967,0
2020-08-21,Belgium,NA,Namur,496891,19,0,2986,0
2020-08-22,Belgium,NA,Namur,496891,7,0,2993,0
2020-08-24,Belgium,NA,Namur,496891,13,0,3006,0
2020-08-25,Belgium,NA,Namur,496891,11,0,3017,0
2020-08-26,Belgium,NA,Namur,496891,22,0,3039,0
2020-08-27,Belgium,NA,Namur,496891,18,0,3057,0
2020-08-28,Belgium,NA,Namur,496891,22,0,3079,0
2020-08-29,Belgium,NA,Namur,496891,7,0,3086,0
2020-08-30,Belgium,NA,Namur,496891,5,0,3091,0
2020-08-31,Belgium,NA,Namur,496891,19,0,3110,0
2020-09-01,Belgium,NA,Namur,496891,12,0,3122,0
2020-09-02,Belgium,NA,Namur,496891,18,0,3140,0
2020-09-03,Belgium,NA,Namur,496891,23,0,3163,0
2020-09-04,Belgium,NA,Namur,496891,18,0,3181,0
2020-09-05,Belgium,NA,Namur,496891,9,0,3190,0
2020-09-06,Belgium,NA,Namur,496891,5,0,3195,0
2020-09-07,Belgium,NA,Namur,496891,16,0,3211,0
2020-09-08,Belgium,NA,Namur,496891,12,0,3223,0
2020-09-09,Belgium,NA,Namur,496891,17,0,3240,0
2020-09-10,Belgium,NA,Namur,496891,39,0,3279,0
2020-09-11,Belgium,NA,Namur,496891,33,0,3312,0
2020-09-12,Belgium,NA,Namur,496891,18,0,3330,0
2020-09-13,Belgium,NA,Namur,496891,2,0,3332,0
2020-09-14,Belgium,NA,Namur,496891,4,0,3336,0
2020-03-06,Belgium,NA,Walloon Brabant,404270,4,0,13,0
2020-03-07,Belgium,NA,Walloon Brabant,404270,1,0,14,0
2020-03-08,Belgium,NA,Walloon Brabant,404270,1,0,15,0
2020-03-09,Belgium,NA,Walloon Brabant,404270,5,0,20,0
2020-03-10,Belgium,NA,Walloon Brabant,404270,3,0,23,0
2020-03-11,Belgium,NA,Walloon Brabant,404270,2,0,25,0
2020-03-12,Belgium,NA,Walloon Brabant,404270,7,0,32,0
2020-03-13,Belgium,NA,Walloon Brabant,404270,13,0,45,0
2020-03-14,Belgium,NA,Walloon Brabant,404270,4,0,49,0
2020-03-15,Belgium,NA,Walloon Brabant,404270,6,0,55,0
2020-03-16,Belgium,NA,Walloon Brabant,404270,17,0,72,0
2020-03-17,Belgium,NA,Walloon Brabant,404270,18,0,90,0
2020-03-18,Belgium,NA,Walloon Brabant,404270,25,0,115,0
2020-03-19,Belgium,NA,Walloon Brabant,404270,26,0,141,0
2020-03-20,Belgium,NA,Walloon Brabant,404270,19,0,160,0
2020-03-21,Belgium,NA,Walloon Brabant,404270,14,0,174,0
2020-03-22,Belgium,NA,Walloon Brabant,404270,23,0,197,0
2020-03-23,Belgium,NA,Walloon Brabant,404270,31,0,228,0
2020-03-24,Belgium,NA,Walloon Brabant,404270,34,0,262,0
2020-03-25,Belgium,NA,Walloon Brabant,404270,21,0,283,0
2020-03-26,Belgium,NA,Walloon Brabant,404270,29,0,312,0
2020-03-27,Belgium,NA,Walloon Brabant,404270,43,0,355,0
2020-03-28,Belgium,NA,Walloon Brabant,404270,15,0,370,0
2020-03-29,Belgium,NA,Walloon Brabant,404270,14,0,384,0
2020-03-30,Belgium,NA,Walloon Brabant,404270,36,0,420,0
2020-03-31,Belgium,NA,Walloon Brabant,404270,28,0,448,0
2020-04-01,Belgium,NA,Walloon Brabant,404270,40,0,488,0
2020-04-02,Belgium,NA,Walloon Brabant,404270,29,0,517,0
2020-04-03,Belgium,NA,Walloon Brabant,404270,45,0,562,0
2020-04-04,Belgium,NA,Walloon Brabant,404270,14,0,576,0
2020-04-05,Belgium,NA,Walloon Brabant,404270,16,0,592,0
2020-04-06,Belgium,NA,Walloon Brabant,404270,48,0,640,0
2020-04-07,Belgium,NA,Walloon Brabant,404270,33,0,673,0
2020-04-08,Belgium,NA,Walloon Brabant,404270,40,0,713,0
2020-04-09,Belgium,NA,Walloon Brabant,404270,53,0,766,0
2020-04-10,Belgium,NA,Walloon Brabant,404270,34,0,800,0
2020-04-11,Belgium,NA,Walloon Brabant,404270,13,0,813,0
2020-04-12,Belgium,NA,Walloon Brabant,404270,5,0,818,0
2020-04-13,Belgium,NA,Walloon Brabant,404270,6,0,824,0
2020-04-14,Belgium,NA,Walloon Brabant,404270,63,0,887,0
2020-04-15,Belgium,NA,Walloon Brabant,404270,38,0,925,0
2020-04-16,Belgium,NA,Walloon Brabant,404270,42,0,967,0
2020-04-17,Belgium,NA,Walloon Brabant,404270,34,0,1001,0
2020-04-18,Belgium,NA,Walloon Brabant,404270,30,0,1031,0
2020-04-19,Belgium,NA,Walloon Brabant,404270,17,0,1048,0
2020-04-20,Belgium,NA,Walloon Brabant,404270,48,0,1096,0
2020-04-21,Belgium,NA,Walloon Brabant,404270,32,0,1128,0
2020-04-22,Belgium,NA,Walloon Brabant,404270,52,0,1180,0
2020-04-23,Belgium,NA,Walloon Brabant,404270,16,0,1196,0
2020-04-24,Belgium,NA,Walloon Brabant,404270,14,0,1210,0
2020-04-25,Belgium,NA,Walloon Brabant,404270,36,0,1246,0
2020-04-26,Belgium,NA,Walloon Brabant,404270,6,0,1252,0
2020-04-27,Belgium,NA,Walloon Brabant,404270,13,0,1265,0
2020-04-28,Belgium,NA,Walloon Brabant,404270,9,0,1274,0
2020-04-29,Belgium,NA,Walloon Brabant,404270,8,0,1282,0
2020-04-30,Belgium,NA,Walloon Brabant,404270,5,0,1287,0
2020-05-01,Belgium,NA,Walloon Brabant,404270,1,0,1288,0
2020-05-02,Belgium,NA,Walloon Brabant,404270,8,0,1296,0
2020-05-03,Belgium,NA,Walloon Brabant,404270,5,0,1301,0
2020-05-04,Belgium,NA,Walloon Brabant,404270,8,0,1309,0
2020-05-05,Belgium,NA,Walloon Brabant,404270,11,0,1320,0
2020-05-06,Belgium,NA,Walloon Brabant,404270,13,0,1333,0
2020-05-07,Belgium,NA,Walloon Brabant,404270,9,0,1342,0
2020-05-08,Belgium,NA,Walloon Brabant,404270,13,0,1355,0
2020-05-09,Belgium,NA,Walloon Brabant,404270,7,0,1362,0
2020-05-10,Belgium,NA,Walloon Brabant,404270,6,0,1368,0
2020-05-11,Belgium,NA,Walloon Brabant,404270,8,0,1376,0
2020-05-12,Belgium,NA,Walloon Brabant,404270,3,0,1379,0
2020-05-13,Belgium,NA,Walloon Brabant,404270,8,0,1387,0
2020-05-14,Belgium,NA,Walloon Brabant,404270,9,0,1396,0
2020-05-15,Belgium,NA,Walloon Brabant,404270,5,0,1401,0
2020-05-16,Belgium,NA,Walloon Brabant,404270,4,0,1405,0
2020-05-17,Belgium,NA,Walloon Brabant,404270,3,0,1408,0
2020-05-18,Belgium,NA,Walloon Brabant,404270,6,0,1414,0
2020-05-19,Belgium,NA,Walloon Brabant,404270,9,0,1423,0
2020-05-20,Belgium,NA,Walloon Brabant,404270,9,0,1432,0
2020-05-21,Belgium,NA,Walloon Brabant,404270,2,0,1434,0
2020-05-22,Belgium,NA,Walloon Brabant,404270,4,0,1438,0
2020-05-23,Belgium,NA,Walloon Brabant,404270,5,0,1443,0
2020-05-24,Belgium,NA,Walloon Brabant,404270,4,0,1447,0
2020-05-25,Belgium,NA,Walloon Brabant,404270,5,0,1452,0
2020-05-26,Belgium,NA,Walloon Brabant,404270,4,0,1456,0
2020-05-27,Belgium,NA,Walloon Brabant,404270,1,0,1457,0
2020-05-28,Belgium,NA,Walloon Brabant,404270,3,0,1460,0
2020-05-29,Belgium,NA,Walloon Brabant,404270,5,0,1465,0
2020-05-30,Belgium,NA,Walloon Brabant,404270,3,0,1468,0
2020-05-31,Belgium,NA,Walloon Brabant,404270,2,0,1470,0
2020-06-01,Belgium,NA,Walloon Brabant,404270,2,0,1472,0
2020-06-02,Belgium,NA,Walloon Brabant,404270,1,0,1473,0
2020-06-03,Belgium,NA,Walloon Brabant,404270,7,0,1480,0
2020-06-04,Belgium,NA,Walloon Brabant,404270,7,0,1487,0
2020-06-05,Belgium,NA,Walloon Brabant,404270,3,0,1490,0
2020-06-06,Belgium,NA,Walloon Brabant,404270,4,0,1494,0
2020-06-07,Belgium,NA,Walloon Brabant,404270,1,0,1495,0
2020-06-08,Belgium,NA,Walloon Brabant,404270,1,0,1496,0
2020-06-09,Belgium,NA,Walloon Brabant,404270,3,0,1499,0
2020-06-10,Belgium,NA,Walloon Brabant,404270,4,0,1503,0
2020-06-11,Belgium,NA,Walloon Brabant,404270,4,0,1507,0
2020-06-12,Belgium,NA,Walloon Brabant,404270,2,0,1509,0
2020-06-13,Belgium,NA,Walloon Brabant,404270,5,0,1514,0
2020-06-15,Belgium,NA,Walloon Brabant,404270,3,0,1517,0
2020-06-16,Belgium,NA,Walloon Brabant,404270,2,0,1519,0
2020-06-18,Belgium,NA,Walloon Brabant,404270,8,0,1527,0
2020-06-20,Belgium,NA,Walloon Brabant,404270,3,0,1530,0
2020-06-22,Belgium,NA,Walloon Brabant,404270,6,0,1536,0
2020-06-23,Belgium,NA,Walloon Brabant,404270,4,0,1540,0
2020-06-24,Belgium,NA,Walloon Brabant,404270,1,0,1541,0
2020-06-25,Belgium,NA,Walloon Brabant,404270,3,0,1544,0
2020-06-26,Belgium,NA,Walloon Brabant,404270,2,0,1546,0
2020-06-27,Belgium,NA,Walloon Brabant,404270,1,0,1547,0
2020-06-29,Belgium,NA,Walloon Brabant,404270,3,0,1550,0
2020-06-30,Belgium,NA,Walloon Brabant,404270,1,0,1551,0
2020-07-01,Belgium,NA,Walloon Brabant,404270,1,0,1552,0
2020-07-02,Belgium,NA,Walloon Brabant,404270,1,0,1553,0
2020-07-03,Belgium,NA,Walloon Brabant,404270,3,0,1556,0
2020-07-04,Belgium,NA,Walloon Brabant,404270,1,0,1557,0
2020-07-05,Belgium,NA,Walloon Brabant,404270,1,0,1558,0
2020-07-06,Belgium,NA,Walloon Brabant,404270,4,0,1562,0
2020-07-07,Belgium,NA,Walloon Brabant,404270,2,0,1564,0
2020-07-08,Belgium,NA,Walloon Brabant,404270,5,0,1569,0
2020-07-09,Belgium,NA,Walloon Brabant,404270,5,0,1574,0
2020-07-11,Belgium,NA,Walloon Brabant,404270,1,0,1575,0
2020-07-12,Belgium,NA,Walloon Brabant,404270,2,0,1577,0
2020-07-13,Belgium,NA,Walloon Brabant,404270,2,0,1579,0
2020-07-14,Belgium,NA,Walloon Brabant,404270,4,0,1583,0
2020-07-15,Belgium,NA,Walloon Brabant,404270,5,0,1588,0
2020-07-17,Belgium,NA,Walloon Brabant,404270,3,0,1591,0
2020-07-18,Belgium,NA,Walloon Brabant,404270,1,0,1592,0
2020-07-19,Belgium,NA,Walloon Brabant,404270,2,0,1594,0
2020-07-20,Belgium,NA,Walloon Brabant,404270,5,0,1599,0
2020-07-21,Belgium,NA,Walloon Brabant,404270,1,0,1600,0
2020-07-22,Belgium,NA,Walloon Brabant,404270,6,0,1606,0
2020-07-23,Belgium,NA,Walloon Brabant,404270,9,0,1615,0
2020-07-24,Belgium,NA,Walloon Brabant,404270,8,0,1623,0
2020-07-25,Belgium,NA,Walloon Brabant,404270,1,0,1624,0
2020-07-26,Belgium,NA,Walloon Brabant,404270,1,0,1625,0
2020-07-27,Belgium,NA,Walloon Brabant,404270,5,0,1630,0
2020-07-28,Belgium,NA,Walloon Brabant,404270,16,0,1646,0
2020-07-29,Belgium,NA,Walloon Brabant,404270,10,0,1656,0
2020-07-30,Belgium,NA,Walloon Brabant,404270,8,0,1664,0
2020-07-31,Belgium,NA,Walloon Brabant,404270,18,0,1682,0
2020-08-01,Belgium,NA,Walloon Brabant,404270,12,0,1694,0
2020-08-02,Belgium,NA,Walloon Brabant,404270,4,0,1698,0
2020-08-03,Belgium,NA,Walloon Brabant,404270,15,0,1713,0
2020-08-04,Belgium,NA,Walloon Brabant,404270,22,0,1735,0
2020-08-05,Belgium,NA,Walloon Brabant,404270,15,0,1750,0
2020-08-06,Belgium,NA,Walloon Brabant,404270,15,0,1765,0
2020-08-07,Belgium,NA,Walloon Brabant,404270,24,0,1789,0
2020-08-08,Belgium,NA,Walloon Brabant,404270,10,0,1799,0
2020-08-09,Belgium,NA,Walloon Brabant,404270,1,0,1800,0
2020-08-10,Belgium,NA,Walloon Brabant,404270,24,0,1824,0
2020-08-11,Belgium,NA,Walloon Brabant,404270,20,0,1844,0
2020-08-12,Belgium,NA,Walloon Brabant,404270,16,0,1860,0
2020-08-13,Belgium,NA,Walloon Brabant,404270,21,0,1881,0
2020-08-14,Belgium,NA,Walloon Brabant,404270,5,0,1886,0
2020-08-15,Belgium,NA,Walloon Brabant,404270,5,0,1891,0
2020-08-16,Belgium,NA,Walloon Brabant,404270,5,0,1896,0
2020-08-17,Belgium,NA,Walloon Brabant,404270,13,0,1909,0
2020-08-18,Belgium,NA,Walloon Brabant,404270,22,0,1931,0
2020-08-19,Belgium,NA,Walloon Brabant,404270,11,0,1942,0
2020-08-20,Belgium,NA,Walloon Brabant,404270,14,0,1956,0
2020-08-21,Belgium,NA,Walloon Brabant,404270,18,0,1974,0
2020-08-22,Belgium,NA,Walloon Brabant,404270,7,0,1981,0
2020-08-23,Belgium,NA,Walloon Brabant,404270,6,0,1987,0
2020-08-24,Belgium,NA,Walloon Brabant,404270,29,0,2016,0
2020-08-25,Belgium,NA,Walloon Brabant,404270,16,0,2032,0
2020-08-26,Belgium,NA,Walloon Brabant,404270,14,0,2046,0
2020-08-27,Belgium,NA,Walloon Brabant,404270,17,0,2063,0
2020-08-28,Belgium,NA,Walloon Brabant,404270,17,0,2080,0
2020-08-29,Belgium,NA,Walloon Brabant,404270,8,0,2088,0
2020-08-30,Belgium,NA,Walloon Brabant,404270,4,0,2092,0
2020-08-31,Belgium,NA,Walloon Brabant,404270,21,0,2113,0
2020-09-01,Belgium,NA,Walloon Brabant,404270,19,0,2132,0
2020-09-02,Belgium,NA,Walloon Brabant,404270,24,0,2156,0
2020-09-03,Belgium,NA,Walloon Brabant,404270,25,0,2181,0
2020-09-04,Belgium,NA,Walloon Brabant,404270,33,0,2214,0
2020-09-05,Belgium,NA,Walloon Brabant,404270,15,0,2229,0
2020-09-06,Belgium,NA,Walloon Brabant,404270,8,0,2237,0
2020-09-07,Belgium,NA,Walloon Brabant,404270,31,0,2268,0
2020-09-08,Belgium,NA,Walloon Brabant,404270,33,0,2301,0
2020-09-09,Belgium,NA,Walloon Brabant,404270,38,0,2339,0
2020-09-10,Belgium,NA,Walloon Brabant,404270,38,0,2377,0
2020-09-11,Belgium,NA,Walloon Brabant,404270,38,0,2415,0
2020-09-12,Belgium,NA,Walloon Brabant,404270,22,0,2437,0
2020-09-13,Belgium,NA,Walloon Brabant,404270,14,0,2451,0
2020-09-14,Belgium,NA,Walloon Brabant,404270,6,0,2457,0
2020-03-05,Belgium,NA,West Flanders,1196995,14,0,21,0
2020-03-06,Belgium,NA,West Flanders,1196995,17,0,38,0
2020-03-07,Belgium,NA,West Flanders,1196995,4,0,42,0
2020-03-08,Belgium,NA,West Flanders,1196995,11,0,53,0
2020-03-09,Belgium,NA,West Flanders,1196995,3,0,56,0
2020-03-10,Belgium,NA,West Flanders,1196995,3,0,59,0
2020-03-11,Belgium,NA,West Flanders,1196995,12,0,71,0
2020-03-12,Belgium,NA,West Flanders,1196995,21,0,92,0
2020-03-13,Belgium,NA,West Flanders,1196995,24,0,116,0
2020-03-14,Belgium,NA,West Flanders,1196995,19,0,135,0
2020-03-15,Belgium,NA,West Flanders,1196995,16,0,151,0
2020-03-16,Belgium,NA,West Flanders,1196995,40,0,191,0
2020-03-17,Belgium,NA,West Flanders,1196995,56,0,247,0
2020-03-18,Belgium,NA,West Flanders,1196995,58,0,305,0
2020-03-19,Belgium,NA,West Flanders,1196995,73,0,378,0
2020-03-20,Belgium,NA,West Flanders,1196995,64,0,442,0
2020-03-21,Belgium,NA,West Flanders,1196995,37,0,479,0
2020-03-22,Belgium,NA,West Flanders,1196995,46,0,525,0
2020-03-23,Belgium,NA,West Flanders,1196995,191,0,716,0
2020-03-24,Belgium,NA,West Flanders,1196995,119,0,835,0
2020-03-25,Belgium,NA,West Flanders,1196995,148,0,983,0
2020-03-26,Belgium,NA,West Flanders,1196995,156,0,1139,0
2020-03-27,Belgium,NA,West Flanders,1196995,185,0,1324,0
2020-03-28,Belgium,NA,West Flanders,1196995,77,0,1401,0
2020-03-29,Belgium,NA,West Flanders,1196995,62,0,1463,0
2020-03-30,Belgium,NA,West Flanders,1196995,204,0,1667,0
2020-03-31,Belgium,NA,West Flanders,1196995,166,0,1833,0
2020-04-01,Belgium,NA,West Flanders,1196995,166,0,1999,0
2020-04-02,Belgium,NA,West Flanders,1196995,173,0,2172,0
2020-04-03,Belgium,NA,West Flanders,1196995,144,0,2316,0
2020-04-04,Belgium,NA,West Flanders,1196995,86,0,2402,0
2020-04-05,Belgium,NA,West Flanders,1196995,40,0,2442,0
2020-04-06,Belgium,NA,West Flanders,1196995,223,0,2665,0
2020-04-07,Belgium,NA,West Flanders,1196995,153,0,2818,0
2020-04-08,Belgium,NA,West Flanders,1196995,172,0,2990,0
2020-04-09,Belgium,NA,West Flanders,1196995,286,0,3276,0
2020-04-10,Belgium,NA,West Flanders,1196995,343,0,3619,0
2020-04-11,Belgium,NA,West Flanders,1196995,197,0,3816,0
2020-04-12,Belgium,NA,West Flanders,1196995,51,0,3867,0
2020-04-13,Belgium,NA,West Flanders,1196995,53,0,3920,0
2020-04-14,Belgium,NA,West Flanders,1196995,140,0,4060,0
2020-04-15,Belgium,NA,West Flanders,1196995,113,0,4173,0
2020-04-16,Belgium,NA,West Flanders,1196995,183,0,4356,0
2020-04-17,Belgium,NA,West Flanders,1196995,151,0,4507,0
2020-04-18,Belgium,NA,West Flanders,1196995,56,0,4563,0
2020-04-19,Belgium,NA,West Flanders,1196995,33,0,4596,0
2020-04-20,Belgium,NA,West Flanders,1196995,132,0,4728,0
2020-04-21,Belgium,NA,West Flanders,1196995,150,0,4878,0
2020-04-22,Belgium,NA,West Flanders,1196995,79,0,4957,0
2020-04-23,Belgium,NA,West Flanders,1196995,101,0,5058,0
2020-04-24,Belgium,NA,West Flanders,1196995,55,0,5113,0
2020-04-25,Belgium,NA,West Flanders,1196995,18,0,5131,0
2020-04-26,Belgium,NA,West Flanders,1196995,18,0,5149,0
2020-04-27,Belgium,NA,West Flanders,1196995,71,0,5220,0
2020-04-28,Belgium,NA,West Flanders,1196995,55,0,5275,0
2020-04-29,Belgium,NA,West Flanders,1196995,55,0,5330,0
2020-04-30,Belgium,NA,West Flanders,1196995,55,0,5385,0
2020-05-01,Belgium,NA,West Flanders,1196995,25,0,5410,0
2020-05-02,Belgium,NA,West Flanders,1196995,31,0,5441,0
2020-05-03,Belgium,NA,West Flanders,1196995,15,0,5456,0
2020-05-04,Belgium,NA,West Flanders,1196995,134,0,5590,0
2020-05-05,Belgium,NA,West Flanders,1196995,71,0,5661,0
2020-05-06,Belgium,NA,West Flanders,1196995,49,0,5710,0
2020-05-07,Belgium,NA,West Flanders,1196995,69,0,5779,0
2020-05-08,Belgium,NA,West Flanders,1196995,63,0,5842,0
2020-05-09,Belgium,NA,West Flanders,1196995,27,0,5869,0
2020-05-10,Belgium,NA,West Flanders,1196995,10,0,5879,0
2020-05-11,Belgium,NA,West Flanders,1196995,97,0,5976,0
2020-05-12,Belgium,NA,West Flanders,1196995,66,0,6042,0
2020-05-13,Belgium,NA,West Flanders,1196995,56,0,6098,0
2020-05-14,Belgium,NA,West Flanders,1196995,53,0,6151,0
2020-05-15,Belgium,NA,West Flanders,1196995,65,0,6216,0
2020-05-16,Belgium,NA,West Flanders,1196995,28,0,6244,0
2020-05-17,Belgium,NA,West Flanders,1196995,18,0,6262,0
2020-05-18,Belgium,NA,West Flanders,1196995,32,0,6294,0
2020-05-19,Belgium,NA,West Flanders,1196995,44,0,6338,0
2020-05-20,Belgium,NA,West Flanders,1196995,43,0,6381,0
2020-05-21,Belgium,NA,West Flanders,1196995,13,0,6394,0
2020-05-22,Belgium,NA,West Flanders,1196995,44,0,6438,0
2020-05-23,Belgium,NA,West Flanders,1196995,18,0,6456,0
2020-05-24,Belgium,NA,West Flanders,1196995,2,0,6458,0
2020-05-25,Belgium,NA,West Flanders,1196995,36,0,6494,0
2020-05-26,Belgium,NA,West Flanders,1196995,29,0,6523,0
2020-05-27,Belgium,NA,West Flanders,1196995,20,0,6543,0
2020-05-28,Belgium,NA,West Flanders,1196995,27,0,6570,0
2020-05-29,Belgium,NA,West Flanders,1196995,25,0,6595,0
2020-05-30,Belgium,NA,West Flanders,1196995,2,0,6597,0
2020-05-31,Belgium,NA,West Flanders,1196995,4,0,6601,0
2020-06-01,Belgium,NA,West Flanders,1196995,5,0,6606,0
2020-06-02,Belgium,NA,West Flanders,1196995,14,0,6620,0
2020-06-03,Belgium,NA,West Flanders,1196995,16,0,6636,0
2020-06-04,Belgium,NA,West Flanders,1196995,24,0,6660,0
2020-06-05,Belgium,NA,West Flanders,1196995,8,0,6668,0
2020-06-06,Belgium,NA,West Flanders,1196995,6,0,6674,0
2020-06-07,Belgium,NA,West Flanders,1196995,2,0,6676,0
2020-06-08,Belgium,NA,West Flanders,1196995,17,0,6693,0
2020-06-09,Belgium,NA,West Flanders,1196995,16,0,6709,0
2020-06-10,Belgium,NA,West Flanders,1196995,8,0,6717,0
2020-06-11,Belgium,NA,West Flanders,1196995,8,0,6725,0
2020-06-12,Belgium,NA,West Flanders,1196995,5,0,6730,0
2020-06-13,Belgium,NA,West Flanders,1196995,5,0,6735,0
2020-06-14,Belgium,NA,West Flanders,1196995,4,0,6739,0
2020-06-15,Belgium,NA,West Flanders,1196995,23,0,6762,0
2020-06-16,Belgium,NA,West Flanders,1196995,18,0,6780,0
2020-06-17,Belgium,NA,West Flanders,1196995,29,0,6809,0
2020-06-18,Belgium,NA,West Flanders,1196995,20,0,6829,0
2020-06-19,Belgium,NA,West Flanders,1196995,25,0,6854,0
2020-06-20,Belgium,NA,West Flanders,1196995,6,0,6860,0
2020-06-21,Belgium,NA,West Flanders,1196995,4,0,6864,0
2020-06-22,Belgium,NA,West Flanders,1196995,20,0,6884,0
2020-06-23,Belgium,NA,West Flanders,1196995,16,0,6900,0
2020-06-24,Belgium,NA,West Flanders,1196995,17,0,6917,0
2020-06-25,Belgium,NA,West Flanders,1196995,3,0,6920,0
2020-06-26,Belgium,NA,West Flanders,1196995,19,0,6939,0
2020-06-27,Belgium,NA,West Flanders,1196995,7,0,6946,0
2020-06-28,Belgium,NA,West Flanders,1196995,6,0,6952,0
2020-06-29,Belgium,NA,West Flanders,1196995,23,0,6975,0
2020-06-30,Belgium,NA,West Flanders,1196995,12,0,6987,0
2020-07-01,Belgium,NA,West Flanders,1196995,20,0,7007,0
2020-07-02,Belgium,NA,West Flanders,1196995,9,0,7016,0
2020-07-03,Belgium,NA,West Flanders,1196995,14,0,7030,0
2020-07-04,Belgium,NA,West Flanders,1196995,6,0,7036,0
2020-07-05,Belgium,NA,West Flanders,1196995,13,0,7049,0
2020-07-06,Belgium,NA,West Flanders,1196995,13,0,7062,0
2020-07-07,Belgium,NA,West Flanders,1196995,12,0,7074,0
2020-07-08,Belgium,NA,West Flanders,1196995,25,0,7099,0
2020-07-09,Belgium,NA,West Flanders,1196995,20,0,7119,0
2020-07-10,Belgium,NA,West Flanders,1196995,13,0,7132,0
2020-07-11,Belgium,NA,West Flanders,1196995,11,0,7143,0
2020-07-12,Belgium,NA,West Flanders,1196995,13,0,7156,0
2020-07-13,Belgium,NA,West Flanders,1196995,36,0,7192,0
2020-07-14,Belgium,NA,West Flanders,1196995,20,0,7212,0
2020-07-15,Belgium,NA,West Flanders,1196995,35,0,7247,0
2020-07-16,Belgium,NA,West Flanders,1196995,21,0,7268,0
2020-07-17,Belgium,NA,West Flanders,1196995,40,0,7308,0
2020-07-18,Belgium,NA,West Flanders,1196995,14,0,7322,0
2020-07-19,Belgium,NA,West Flanders,1196995,3,0,7325,0
2020-07-20,Belgium,NA,West Flanders,1196995,47,0,7372,0
2020-07-21,Belgium,NA,West Flanders,1196995,25,0,7397,0
2020-07-22,Belgium,NA,West Flanders,1196995,34,0,7431,0
2020-07-23,Belgium,NA,West Flanders,1196995,26,0,7457,0
2020-07-24,Belgium,NA,West Flanders,1196995,19,0,7476,0
2020-07-25,Belgium,NA,West Flanders,1196995,24,0,7500,0
2020-07-26,Belgium,NA,West Flanders,1196995,19,0,7519,0
2020-07-27,Belgium,NA,West Flanders,1196995,33,0,7552,0
2020-07-28,Belgium,NA,West Flanders,1196995,19,0,7571,0
2020-07-29,Belgium,NA,West Flanders,1196995,24,0,7595,0
2020-07-30,Belgium,NA,West Flanders,1196995,27,0,7622,0
2020-07-31,Belgium,NA,West Flanders,1196995,32,0,7654,0
2020-08-01,Belgium,NA,West Flanders,1196995,13,0,7667,0
2020-08-02,Belgium,NA,West Flanders,1196995,5,0,7672,0
2020-08-03,Belgium,NA,West Flanders,1196995,41,0,7713,0
2020-08-04,Belgium,NA,West Flanders,1196995,33,0,7746,0
2020-08-05,Belgium,NA,West Flanders,1196995,56,0,7802,0
2020-08-06,Belgium,NA,West Flanders,1196995,51,0,7853,0
2020-08-07,Belgium,NA,West Flanders,1196995,52,0,7905,0
2020-08-08,Belgium,NA,West Flanders,1196995,7,0,7912,0
2020-08-09,Belgium,NA,West Flanders,1196995,9,0,7921,0
2020-08-10,Belgium,NA,West Flanders,1196995,32,0,7953,0
2020-08-11,Belgium,NA,West Flanders,1196995,23,0,7976,0
2020-08-12,Belgium,NA,West Flanders,1196995,32,0,8008,0
2020-08-13,Belgium,NA,West Flanders,1196995,36,0,8044,0
2020-08-14,Belgium,NA,West Flanders,1196995,24,0,8068,0
2020-08-15,Belgium,NA,West Flanders,1196995,2,0,8070,0
2020-08-16,Belgium,NA,West Flanders,1196995,13,0,8083,0
2020-08-17,Belgium,NA,West Flanders,1196995,33,0,8116,0
2020-08-18,Belgium,NA,West Flanders,1196995,18,0,8134,0
2020-08-19,Belgium,NA,West Flanders,1196995,15,0,8149,0
2020-08-20,Belgium,NA,West Flanders,1196995,26,0,8175,0
2020-08-21,Belgium,NA,West Flanders,1196995,20,0,8195,0
2020-08-22,Belgium,NA,West Flanders,1196995,13,0,8208,0
2020-08-23,Belgium,NA,West Flanders,1196995,1,0,8209,0
2020-08-24,Belgium,NA,West Flanders,1196995,19,0,8228,0
2020-08-25,Belgium,NA,West Flanders,1196995,26,0,8254,0
2020-08-26,Belgium,NA,West Flanders,1196995,20,0,8274,0
2020-08-27,Belgium,NA,West Flanders,1196995,19,0,8293,0
2020-08-28,Belgium,NA,West Flanders,1196995,36,0,8329,0
2020-08-29,Belgium,NA,West Flanders,1196995,9,0,8338,0
2020-08-30,Belgium,NA,West Flanders,1196995,1,0,8339,0
2020-08-31,Belgium,NA,West Flanders,1196995,32,0,8371,0
2020-09-01,Belgium,NA,West Flanders,1196995,26,0,8397,0
2020-09-02,Belgium,NA,West Flanders,1196995,27,0,8424,0
2020-09-03,Belgium,NA,West Flanders,1196995,26,0,8450,0
2020-09-04,Belgium,NA,West Flanders,1196995,39,0,8489,0
2020-09-05,Belgium,NA,West Flanders,1196995,28,0,8517,0
2020-09-06,Belgium,NA,West Flanders,1196995,5,0,8522,0
2020-09-07,Belgium,NA,West Flanders,1196995,84,0,8606,0
2020-09-08,Belgium,NA,West Flanders,1196995,52,0,8658,0
2020-09-09,Belgium,NA,West Flanders,1196995,51,0,8709,0
2020-09-10,Belgium,NA,West Flanders,1196995,72,0,8781,0
2020-09-11,Belgium,NA,West Flanders,1196995,72,0,8853,0
2020-09-12,Belgium,NA,West Flanders,1196995,41,0,8894,0
2020-09-13,Belgium,NA,West Flanders,1196995,17,0,8911,0
2020-09-14,Belgium,NA,West Flanders,1196995,14,0,8925,0
2020-03-22,Brazil,NA,Acre,881935,2,0,11,0
2020-03-23,Brazil,NA,Acre,881935,0,0,11,0
2020-03-24,Brazil,NA,Acre,881935,6,0,17,0
2020-03-25,Brazil,NA,Acre,881935,6,0,23,0
2020-03-26,Brazil,NA,Acre,881935,1,0,24,0
2020-03-27,Brazil,NA,Acre,881935,1,0,25,0
2020-03-28,Brazil,NA,Acre,881935,0,0,25,0
2020-03-29,Brazil,NA,Acre,881935,9,0,34,0
2020-03-30,Brazil,NA,Acre,881935,8,0,42,0
2020-03-31,Brazil,NA,Acre,881935,0,0,42,0
2020-04-01,Brazil,NA,Acre,881935,1,0,43,0
2020-04-02,Brazil,NA,Acre,881935,0,0,43,0
2020-04-03,Brazil,NA,Acre,881935,3,0,46,0
2020-04-04,Brazil,NA,Acre,881935,0,0,46,0
2020-04-05,Brazil,NA,Acre,881935,2,0,48,0
2020-04-06,Brazil,NA,Acre,881935,2,0,50,0
2020-04-07,Brazil,NA,Acre,881935,0,1,50,1
2020-04-08,Brazil,NA,Acre,881935,4,1,54,2
2020-04-09,Brazil,NA,Acre,881935,8,0,62,2
2020-04-10,Brazil,NA,Acre,881935,8,0,70,2
2020-04-11,Brazil,NA,Acre,881935,2,0,72,2
2020-04-12,Brazil,NA,Acre,881935,5,0,77,2
2020-04-13,Brazil,NA,Acre,881935,13,1,90,3
2020-04-14,Brazil,NA,Acre,881935,9,0,99,3
2020-04-15,Brazil,NA,Acre,881935,2,0,101,3
2020-04-16,Brazil,NA,Acre,881935,9,2,110,5
2020-04-17,Brazil,NA,Acre,881935,25,0,135,5
2020-04-18,Brazil,NA,Acre,881935,7,0,142,5
2020-04-19,Brazil,NA,Acre,881935,21,1,163,6
2020-04-20,Brazil,NA,Acre,881935,13,2,176,8
2020-04-21,Brazil,NA,Acre,881935,19,0,195,8
2020-04-22,Brazil,NA,Acre,881935,19,0,214,8
2020-04-23,Brazil,NA,Acre,881935,13,2,227,10
2020-04-24,Brazil,NA,Acre,881935,7,1,234,11
2020-04-25,Brazil,NA,Acre,881935,24,0,258,11
2020-04-26,Brazil,NA,Acre,881935,21,0,279,11
2020-04-27,Brazil,NA,Acre,881935,0,3,279,14
2020-04-28,Brazil,NA,Acre,881935,32,2,311,16
2020-04-29,Brazil,NA,Acre,881935,43,1,354,17
2020-04-30,Brazil,NA,Acre,881935,50,2,404,19
2020-05-01,Brazil,NA,Acre,881935,82,0,486,19
2020-05-02,Brazil,NA,Acre,881935,67,2,553,21
2020-05-03,Brazil,NA,Acre,881935,104,3,657,24
2020-05-04,Brazil,NA,Acre,881935,76,4,733,28
2020-05-05,Brazil,NA,Acre,881935,84,1,817,29
2020-05-06,Brazil,NA,Acre,881935,126,4,943,33
2020-05-07,Brazil,NA,Acre,881935,71,3,1014,36
2020-05-08,Brazil,NA,Acre,881935,163,2,1177,38
2020-05-09,Brazil,NA,Acre,881935,158,1,1335,39
2020-05-10,Brazil,NA,Acre,881935,112,2,1447,41
2020-05-11,Brazil,NA,Acre,881935,13,4,1460,45
2020-05-12,Brazil,NA,Acre,881935,130,6,1590,51
2020-05-13,Brazil,NA,Acre,881935,104,1,1694,52
2020-05-14,Brazil,NA,Acre,881935,46,3,1740,55
2020-05-15,Brazil,NA,Acre,881935,45,2,1785,57
2020-05-16,Brazil,NA,Acre,881935,82,2,1867,59
2020-05-17,Brazil,NA,Acre,881935,130,1,1997,60
2020-05-18,Brazil,NA,Acre,881935,237,7,2234,67
2020-05-19,Brazil,NA,Acre,881935,248,5,2482,72
2020-05-20,Brazil,NA,Acre,881935,335,4,2817,76
2020-05-21,Brazil,NA,Acre,881935,286,2,3103,78
2020-05-22,Brazil,NA,Acre,881935,240,2,3343,80
2020-05-23,Brazil,NA,Acre,881935,524,7,3867,87
2020-05-24,Brazil,NA,Acre,881935,293,5,4160,92
2020-05-25,Brazil,NA,Acre,881935,341,5,4501,97
2020-05-26,Brazil,NA,Acre,881935,280,8,4781,105
2020-05-27,Brazil,NA,Acre,881935,470,8,5251,113
2020-05-28,Brazil,NA,Acre,881935,349,9,5600,122
2020-05-29,Brazil,NA,Acre,881935,241,13,5841,135
2020-05-30,Brazil,NA,Acre,881935,231,7,6072,142
2020-05-31,Brazil,NA,Acre,881935,147,6,6219,148
2020-06-01,Brazil,NA,Acre,881935,107,13,6326,161
2020-06-02,Brazil,NA,Acre,881935,139,4,6465,165
2020-06-03,Brazil,NA,Acre,881935,214,6,6679,171
2020-06-04,Brazil,NA,Acre,881935,342,10,7021,181
2020-06-05,Brazil,NA,Acre,881935,263,9,7284,190
2020-06-06,Brazil,NA,Acre,881935,241,11,7525,201
2020-06-07,Brazil,NA,Acre,881935,458,6,7983,207
2020-06-08,Brazil,NA,Acre,881935,145,4,8128,211
2020-06-09,Brazil,NA,Acre,881935,329,12,8457,223
2020-06-10,Brazil,NA,Acre,881935,289,14,8746,237
2020-06-11,Brazil,NA,Acre,881935,345,8,9091,245
2020-06-12,Brazil,NA,Acre,881935,204,9,9295,254
2020-06-13,Brazil,NA,Acre,881935,239,2,9534,256
2020-06-14,Brazil,NA,Acre,881935,108,3,9642,259
2020-06-15,Brazil,NA,Acre,881935,129,6,9771,265
2020-06-16,Brazil,NA,Acre,881935,232,6,10003,271
2020-06-17,Brazil,NA,Acre,881935,336,10,10339,281
2020-06-18,Brazil,NA,Acre,881935,325,6,10664,287
2020-06-19,Brazil,NA,Acre,881935,323,5,10987,292
2020-06-20,Brazil,NA,Acre,881935,276,5,11263,297
2020-06-21,Brazil,NA,Acre,881935,118,3,11381,300
2020-06-22,Brazil,NA,Acre,881935,158,5,11539,305
2020-06-23,Brazil,NA,Acre,881935,271,16,11810,321
2020-06-24,Brazil,NA,Acre,881935,212,5,12022,326
2020-06-25,Brazil,NA,Acre,881935,282,9,12304,335
2020-06-26,Brazil,NA,Acre,881935,340,8,12644,343
2020-06-27,Brazil,NA,Acre,881935,269,8,12913,351
2020-06-28,Brazil,NA,Acre,881935,145,2,13058,353
2020-06-29,Brazil,NA,Acre,881935,88,8,13146,361
2020-06-30,Brazil,NA,Acre,881935,107,4,13253,365
2020-07-01,Brazil,NA,Acre,881935,462,5,13715,370
2020-07-02,Brazil,NA,Acre,881935,333,8,14048,378
2020-07-03,Brazil,NA,Acre,881935,64,9,14112,387
2020-07-04,Brazil,NA,Acre,881935,375,4,14487,391
2020-07-05,Brazil,NA,Acre,881935,135,0,14622,391
2020-07-06,Brazil,NA,Acre,881935,66,3,14688,394
2020-07-07,Brazil,NA,Acre,881935,253,5,14941,399
2020-07-08,Brazil,NA,Acre,881935,226,5,15167,404
2020-07-09,Brazil,NA,Acre,881935,298,7,15465,411
2020-07-10,Brazil,NA,Acre,881935,303,6,15768,417
2020-07-11,Brazil,NA,Acre,881935,312,2,16080,419
2020-07-12,Brazil,NA,Acre,881935,110,7,16190,426
2020-07-13,Brazil,NA,Acre,881935,70,4,16260,430
2020-07-14,Brazil,NA,Acre,881935,219,6,16479,436
2020-07-15,Brazil,NA,Acre,881935,193,10,16672,446
2020-07-16,Brazil,NA,Acre,881935,193,1,16865,447
2020-07-17,Brazil,NA,Acre,881935,100,5,16965,452
2020-07-18,Brazil,NA,Acre,881935,237,5,17202,457
2020-07-19,Brazil,NA,Acre,881935,93,3,17295,460
2020-07-20,Brazil,NA,Acre,881935,167,5,17462,465
2020-07-21,Brazil,NA,Acre,881935,238,4,17700,469
2020-07-22,Brazil,NA,Acre,881935,279,1,17979,470
2020-07-23,Brazil,NA,Acre,881935,178,4,18157,474
2020-07-24,Brazil,NA,Acre,881935,236,6,18393,480
2020-07-25,Brazil,NA,Acre,881935,264,3,18657,483
2020-07-26,Brazil,NA,Acre,881935,88,3,18745,486
2020-07-27,Brazil,NA,Acre,881935,38,7,18783,493
2020-07-28,Brazil,NA,Acre,881935,349,7,19132,500
2020-07-29,Brazil,NA,Acre,881935,234,10,19366,510
2020-07-30,Brazil,NA,Acre,881935,207,11,19573,521
2020-07-31,Brazil,NA,Acre,881935,52,10,19625,531
2020-08-01,Brazil,NA,Acre,881935,305,4,19930,535
2020-08-02,Brazil,NA,Acre,881935,36,2,19966,537
2020-08-03,Brazil,NA,Acre,881935,373,2,20339,539
2020-08-04,Brazil,NA,Acre,881935,369,6,20708,545
2020-08-05,Brazil,NA,Acre,881935,325,2,21033,547
2020-08-06,Brazil,NA,Acre,881935,230,5,21263,552
2020-08-07,Brazil,NA,Acre,881935,113,4,21376,556
2020-08-08,Brazil,NA,Acre,881935,122,3,21498,559
2020-08-09,Brazil,NA,Acre,881935,89,2,21587,561
2020-08-10,Brazil,NA,Acre,881935,32,1,21619,562
2020-08-11,Brazil,NA,Acre,881935,138,3,21757,565
2020-08-12,Brazil,NA,Acre,881935,236,4,21993,569
2020-08-13,Brazil,NA,Acre,881935,249,5,22242,574
2020-08-14,Brazil,NA,Acre,881935,193,2,22435,576
2020-08-15,Brazil,NA,Acre,881935,81,0,22516,576
2020-08-16,Brazil,NA,Acre,881935,32,0,22548,576
2020-08-17,Brazil,NA,Acre,881935,57,6,22605,582
2020-08-18,Brazil,NA,Acre,881935,328,8,22933,590
2020-08-19,Brazil,NA,Acre,881935,213,1,23146,591
2020-08-20,Brazil,NA,Acre,881935,176,4,23322,595
2020-08-21,Brazil,NA,Acre,881935,15,3,23337,598
2020-08-22,Brazil,NA,Acre,881935,328,0,23665,598
2020-08-23,Brazil,NA,Acre,881935,54,2,23719,600
2020-08-24,Brazil,NA,Acre,881935,10,4,23729,604
2020-08-25,Brazil,NA,Acre,881935,207,3,23936,607
2020-08-26,Brazil,NA,Acre,881935,183,0,24119,607
2020-08-27,Brazil,NA,Acre,881935,150,0,24269,607
2020-08-28,Brazil,NA,Acre,881935,193,1,24462,608
2020-08-29,Brazil,NA,Acre,881935,139,0,24601,608
2020-08-30,Brazil,NA,Acre,881935,37,1,24638,609
2020-08-31,Brazil,NA,Acre,881935,9,3,24647,612
2020-09-01,Brazil,NA,Acre,881935,193,4,24840,616
2020-09-02,Brazil,NA,Acre,881935,187,2,25027,618
2020-09-03,Brazil,NA,Acre,881935,108,4,25135,622
2020-09-04,Brazil,NA,Acre,881935,114,1,25249,623
2020-09-05,Brazil,NA,Acre,881935,159,1,25408,624
2020-09-06,Brazil,NA,Acre,881935,35,0,25443,624
2020-09-07,Brazil,NA,Acre,881935,26,0,25469,624
2020-09-08,Brazil,NA,Acre,881935,25,6,25494,630
2020-09-09,Brazil,NA,Acre,881935,174,1,25668,631
2020-09-10,Brazil,NA,Acre,881935,209,4,25877,635
2020-09-11,Brazil,NA,Acre,881935,127,1,26004,636
2020-09-12,Brazil,NA,Acre,881935,144,1,26148,637
2020-09-13,Brazil,NA,Acre,881935,18,3,26166,640
2020-09-14,Brazil,NA,Acre,881935,10,0,26176,640
2020-09-15,Brazil,NA,Acre,881935,111,2,26287,642
2020-03-25,Brazil,NA,Alagoas,3375823,2,0,11,0
2020-03-26,Brazil,NA,Alagoas,3375823,0,0,11,0
2020-03-27,Brazil,NA,Alagoas,3375823,0,0,11,0
2020-03-28,Brazil,NA,Alagoas,3375823,3,0,14,0
2020-03-29,Brazil,NA,Alagoas,3375823,3,0,17,0
2020-03-30,Brazil,NA,Alagoas,3375823,0,0,17,0
2020-03-31,Brazil,NA,Alagoas,3375823,1,1,18,1
2020-04-01,Brazil,NA,Alagoas,3375823,0,0,18,1
2020-04-02,Brazil,NA,Alagoas,3375823,0,0,18,1
2020-04-03,Brazil,NA,Alagoas,3375823,4,1,22,2
2020-04-04,Brazil,NA,Alagoas,3375823,1,0,23,2
2020-04-05,Brazil,NA,Alagoas,3375823,5,0,28,2
2020-04-06,Brazil,NA,Alagoas,3375823,3,0,31,2
2020-04-07,Brazil,NA,Alagoas,3375823,1,0,32,2
2020-04-08,Brazil,NA,Alagoas,3375823,5,0,37,2
2020-04-09,Brazil,NA,Alagoas,3375823,0,1,37,3
2020-04-10,Brazil,NA,Alagoas,3375823,8,0,45,3
2020-04-11,Brazil,NA,Alagoas,3375823,3,0,48,3
2020-04-12,Brazil,NA,Alagoas,3375823,0,0,48,3
2020-04-13,Brazil,NA,Alagoas,3375823,2,0,50,3
2020-04-14,Brazil,NA,Alagoas,3375823,22,1,72,4
2020-04-15,Brazil,NA,Alagoas,3375823,10,1,82,5
2020-04-16,Brazil,NA,Alagoas,3375823,7,0,89,5
2020-04-17,Brazil,NA,Alagoas,3375823,21,2,110,7
2020-04-18,Brazil,NA,Alagoas,3375823,22,0,132,7
2020-04-19,Brazil,NA,Alagoas,3375823,27,8,159,15
2020-04-20,Brazil,NA,Alagoas,3375823,12,3,171,18
2020-04-21,Brazil,NA,Alagoas,3375823,39,1,210,19
2020-04-22,Brazil,NA,Alagoas,3375823,33,1,243,20
2020-04-23,Brazil,NA,Alagoas,3375823,81,2,324,22
2020-04-24,Brazil,NA,Alagoas,3375823,89,5,413,27
2020-04-25,Brazil,NA,Alagoas,3375823,88,2,501,29
2020-04-26,Brazil,NA,Alagoas,3375823,53,3,554,32
2020-04-27,Brazil,NA,Alagoas,3375823,89,2,643,34
2020-04-28,Brazil,NA,Alagoas,3375823,134,2,777,36
2020-04-29,Brazil,NA,Alagoas,3375823,180,5,957,41
2020-04-30,Brazil,NA,Alagoas,3375823,87,6,1044,47
2020-05-01,Brazil,NA,Alagoas,3375823,182,6,1226,53
2020-05-02,Brazil,NA,Alagoas,3375823,146,5,1372,58
2020-05-03,Brazil,NA,Alagoas,3375823,69,6,1441,64
2020-05-04,Brazil,NA,Alagoas,3375823,97,8,1538,72
2020-05-05,Brazil,NA,Alagoas,3375823,68,8,1606,80
2020-05-06,Brazil,NA,Alagoas,3375823,97,9,1703,89
2020-05-07,Brazil,NA,Alagoas,3375823,164,9,1867,98
2020-05-08,Brazil,NA,Alagoas,3375823,166,10,2033,108
2020-05-09,Brazil,NA,Alagoas,3375823,139,6,2172,114
2020-05-10,Brazil,NA,Alagoas,3375823,86,12,2258,126
2020-05-11,Brazil,NA,Alagoas,3375823,85,12,2343,138
2020-05-12,Brazil,NA,Alagoas,3375823,237,12,2580,150
2020-05-13,Brazil,NA,Alagoas,3375823,181,14,2761,164
2020-05-14,Brazil,NA,Alagoas,3375823,211,13,2972,177
2020-05-15,Brazil,NA,Alagoas,3375823,240,10,3212,187
2020-05-16,Brazil,NA,Alagoas,3375823,381,12,3593,199
2020-05-17,Brazil,NA,Alagoas,3375823,223,11,3816,210
2020-05-18,Brazil,NA,Alagoas,3375823,215,11,4031,221
2020-05-19,Brazil,NA,Alagoas,3375823,285,10,4316,231
2020-05-20,Brazil,NA,Alagoas,3375823,121,20,4437,251
2020-05-21,Brazil,NA,Alagoas,3375823,479,11,4916,262
2020-05-22,Brazil,NA,Alagoas,3375823,386,18,5302,280
2020-05-23,Brazil,NA,Alagoas,3375823,328,21,5630,301
2020-05-24,Brazil,NA,Alagoas,3375823,584,15,6214,316
2020-05-25,Brazil,NA,Alagoas,3375823,468,21,6682,337
2020-05-26,Brazil,NA,Alagoas,3375823,376,17,7058,354
2020-05-27,Brazil,NA,Alagoas,3375823,522,14,7580,368
2020-05-28,Brazil,NA,Alagoas,3375823,475,17,8055,385
2020-05-29,Brazil,NA,Alagoas,3375823,563,21,8618,406
2020-05-30,Brazil,NA,Alagoas,3375823,605,18,9223,424
2020-05-31,Brazil,NA,Alagoas,3375823,1065,19,10288,443
2020-06-01,Brazil,NA,Alagoas,3375823,549,18,10837,461
2020-06-02,Brazil,NA,Alagoas,3375823,722,21,11559,482
2020-06-03,Brazil,NA,Alagoas,3375823,848,24,12407,506
2020-06-04,Brazil,NA,Alagoas,3375823,690,25,13097,531
2020-06-05,Brazil,NA,Alagoas,3375823,840,26,13937,557
2020-06-06,Brazil,NA,Alagoas,3375823,881,25,14818,582
2020-06-07,Brazil,NA,Alagoas,3375823,888,19,15706,601
2020-06-08,Brazil,NA,Alagoas,3375823,0,0,15706,601
2020-06-09,Brazil,NA,Alagoas,3375823,1487,39,17193,640
2020-06-10,Brazil,NA,Alagoas,3375823,983,20,18176,660
2020-06-11,Brazil,NA,Alagoas,3375823,1024,21,19200,681
2020-06-12,Brazil,NA,Alagoas,3375823,831,20,20031,701
2020-06-13,Brazil,NA,Alagoas,3375823,856,22,20887,723
2020-06-14,Brazil,NA,Alagoas,3375823,1312,21,22199,744
2020-06-15,Brazil,NA,Alagoas,3375823,763,24,22962,768
2020-06-16,Brazil,NA,Alagoas,3375823,670,25,23632,793
2020-06-17,Brazil,NA,Alagoas,3375823,1235,18,24867,811
2020-06-18,Brazil,NA,Alagoas,3375823,766,20,25633,831
2020-06-19,Brazil,NA,Alagoas,3375823,1273,17,26906,848
2020-06-20,Brazil,NA,Alagoas,3375823,792,18,27698,866
2020-06-21,Brazil,NA,Alagoas,3375823,959,18,28657,884
2020-06-22,Brazil,NA,Alagoas,3375823,738,19,29395,903
2020-06-23,Brazil,NA,Alagoas,3375823,853,17,30248,920
2020-06-24,Brazil,NA,Alagoas,3375823,982,18,31230,938
2020-06-25,Brazil,NA,Alagoas,3375823,835,20,32065,958
2020-06-26,Brazil,NA,Alagoas,3375823,799,17,32864,975
2020-06-27,Brazil,NA,Alagoas,3375823,657,18,33521,993
2020-06-28,Brazil,NA,Alagoas,3375823,791,19,34312,1012
2020-06-29,Brazil,NA,Alagoas,3375823,805,20,35117,1032
2020-06-30,Brazil,NA,Alagoas,3375823,845,20,35962,1052
2020-07-01,Brazil,NA,Alagoas,3375823,857,20,36819,1072
2020-07-02,Brazil,NA,Alagoas,3375823,509,19,37328,1091
2020-07-03,Brazil,NA,Alagoas,3375823,1076,22,38404,1113
2020-07-04,Brazil,NA,Alagoas,3375823,851,21,39255,1134
2020-07-05,Brazil,NA,Alagoas,3375823,680,19,39935,1153
2020-07-06,Brazil,NA,Alagoas,3375823,634,19,40569,1172
2020-07-07,Brazil,NA,Alagoas,3375823,955,20,41524,1192
2020-07-08,Brazil,NA,Alagoas,3375823,798,21,42322,1213
2020-07-09,Brazil,NA,Alagoas,3375823,869,17,43191,1230
2020-07-10,Brazil,NA,Alagoas,3375823,768,16,43959,1246
2020-07-11,Brazil,NA,Alagoas,3375823,674,18,44633,1264
2020-07-12,Brazil,NA,Alagoas,3375823,697,17,45330,1281
2020-07-13,Brazil,NA,Alagoas,3375823,966,16,46296,1297
2020-07-14,Brazil,NA,Alagoas,3375823,709,17,47005,1314
2020-07-15,Brazil,NA,Alagoas,3375823,859,17,47864,1331
2020-07-16,Brazil,NA,Alagoas,3375823,870,17,48734,1348
2020-07-17,Brazil,NA,Alagoas,3375823,519,17,49253,1365
2020-07-18,Brazil,NA,Alagoas,3375823,330,16,49583,1381
2020-07-19,Brazil,NA,Alagoas,3375823,495,16,50078,1397
2020-07-20,Brazil,NA,Alagoas,3375823,229,16,50307,1413
2020-07-21,Brazil,NA,Alagoas,3375823,644,15,50951,1428
2020-07-22,Brazil,NA,Alagoas,3375823,729,15,51680,1443
2020-07-23,Brazil,NA,Alagoas,3375823,849,14,52529,1457
2020-07-24,Brazil,NA,Alagoas,3375823,1184,14,53713,1471
2020-07-25,Brazil,NA,Alagoas,3375823,1017,15,54730,1486
2020-07-26,Brazil,NA,Alagoas,3375823,646,14,55376,1500
2020-07-27,Brazil,NA,Alagoas,3375823,828,14,56204,1514
2020-07-28,Brazil,NA,Alagoas,3375823,938,13,57142,1527
2020-07-29,Brazil,NA,Alagoas,3375823,982,13,58124,1540
2020-07-30,Brazil,NA,Alagoas,3375823,855,14,58979,1554
2020-07-31,Brazil,NA,Alagoas,3375823,746,13,59725,1567
2020-08-01,Brazil,NA,Alagoas,3375823,1267,14,60992,1581
2020-08-02,Brazil,NA,Alagoas,3375823,1248,13,62240,1594
2020-08-03,Brazil,NA,Alagoas,3375823,538,13,62778,1607
2020-08-04,Brazil,NA,Alagoas,3375823,573,14,63351,1621
2020-08-05,Brazil,NA,Alagoas,3375823,843,12,64194,1633
2020-08-06,Brazil,NA,Alagoas,3375823,899,10,65093,1643
2020-08-07,Brazil,NA,Alagoas,3375823,823,11,65916,1654
2020-08-08,Brazil,NA,Alagoas,3375823,832,11,66748,1665
2020-08-09,Brazil,NA,Alagoas,3375823,865,12,67613,1677
2020-08-10,Brazil,NA,Alagoas,3375823,624,11,68237,1688
2020-08-11,Brazil,NA,Alagoas,3375823,698,12,68935,1700
2020-08-12,Brazil,NA,Alagoas,3375823,816,11,69751,1711
2020-08-13,Brazil,NA,Alagoas,3375823,878,10,70629,1721
2020-08-14,Brazil,NA,Alagoas,3375823,603,11,71232,1732
2020-08-15,Brazil,NA,Alagoas,3375823,844,10,72076,1742
2020-08-16,Brazil,NA,Alagoas,3375823,658,11,72734,1753
2020-08-17,Brazil,NA,Alagoas,3375823,204,10,72938,1763
2020-08-18,Brazil,NA,Alagoas,3375823,763,11,73701,1774
2020-08-19,Brazil,NA,Alagoas,3375823,439,10,74140,1784
2020-08-20,Brazil,NA,Alagoas,3375823,482,9,74622,1793
2020-08-21,Brazil,NA,Alagoas,3375823,217,9,74839,1802
2020-08-22,Brazil,NA,Alagoas,3375823,631,8,75470,1810
2020-08-23,Brazil,NA,Alagoas,3375823,387,8,75857,1818
2020-08-24,Brazil,NA,Alagoas,3375823,638,9,76495,1827
2020-08-25,Brazil,NA,Alagoas,3375823,399,9,76894,1836
2020-08-26,Brazil,NA,Alagoas,3375823,423,8,77317,1844
2020-08-27,Brazil,NA,Alagoas,3375823,438,9,77755,1853
2020-08-28,Brazil,NA,Alagoas,3375823,419,8,78174,1861
2020-08-29,Brazil,NA,Alagoas,3375823,309,9,78483,1870
2020-08-30,Brazil,NA,Alagoas,3375823,154,8,78637,1878
2020-08-31,Brazil,NA,Alagoas,3375823,167,9,78804,1887
2020-09-01,Brazil,NA,Alagoas,3375823,454,8,79258,1895
2020-09-02,Brazil,NA,Alagoas,3375823,292,7,79550,1902
2020-09-03,Brazil,NA,Alagoas,3375823,247,8,79797,1910
2020-09-04,Brazil,NA,Alagoas,3375823,306,7,80103,1917
2020-09-05,Brazil,NA,Alagoas,3375823,359,7,80462,1924
2020-09-06,Brazil,NA,Alagoas,3375823,255,6,80717,1930
2020-09-07,Brazil,NA,Alagoas,3375823,69,6,80786,1936
2020-09-08,Brazil,NA,Alagoas,3375823,80,7,80866,1943
2020-09-09,Brazil,NA,Alagoas,3375823,226,6,81092,1949
2020-09-10,Brazil,NA,Alagoas,3375823,238,8,81330,1957
2020-09-11,Brazil,NA,Alagoas,3375823,110,8,81440,1965
2020-09-12,Brazil,NA,Alagoas,3375823,588,7,82028,1972
2020-09-13,Brazil,NA,Alagoas,3375823,202,7,82230,1979
2020-09-14,Brazil,NA,Alagoas,3375823,102,6,82332,1985
2020-09-15,Brazil,NA,Alagoas,3375823,263,6,82595,1991
2020-04-01,Brazil,NA,Amapa,797722,1,0,11,0
2020-04-02,Brazil,NA,Amapa,797722,0,0,11,0
2020-04-03,Brazil,NA,Amapa,797722,8,0,19,0
2020-04-04,Brazil,NA,Amapa,797722,9,1,28,1
2020-04-05,Brazil,NA,Amapa,797722,1,1,29,2
2020-04-06,Brazil,NA,Amapa,797722,5,0,34,2
2020-04-07,Brazil,NA,Amapa,797722,14,0,48,2
2020-04-08,Brazil,NA,Amapa,797722,59,0,107,2
2020-04-09,Brazil,NA,Amapa,797722,21,0,128,2
2020-04-10,Brazil,NA,Amapa,797722,38,0,166,2
2020-04-11,Brazil,NA,Amapa,797722,27,1,193,3
2020-04-12,Brazil,NA,Amapa,797722,37,2,230,5
2020-04-13,Brazil,NA,Amapa,797722,12,0,242,5
2020-04-14,Brazil,NA,Amapa,797722,65,1,307,6
2020-04-15,Brazil,NA,Amapa,797722,27,1,334,7
2020-04-16,Brazil,NA,Amapa,797722,28,2,362,9
2020-04-17,Brazil,NA,Amapa,797722,8,1,370,10
2020-04-18,Brazil,NA,Amapa,797722,23,0,393,10
2020-04-19,Brazil,NA,Amapa,797722,23,1,416,11
2020-04-20,Brazil,NA,Amapa,797722,17,2,433,13
2020-04-21,Brazil,NA,Amapa,797722,24,0,457,13
2020-04-22,Brazil,NA,Amapa,797722,22,1,479,14
2020-04-23,Brazil,NA,Amapa,797722,69,2,548,16
2020-04-24,Brazil,NA,Amapa,797722,85,2,633,18
2020-04-25,Brazil,NA,Amapa,797722,52,1,685,19
2020-04-26,Brazil,NA,Amapa,797722,113,2,798,21
2020-04-27,Brazil,NA,Amapa,797722,44,5,842,26
2020-04-28,Brazil,NA,Amapa,797722,76,2,918,28
2020-04-29,Brazil,NA,Amapa,797722,98,3,1016,31
2020-04-30,Brazil,NA,Amapa,797722,64,3,1080,34
2020-05-01,Brazil,NA,Amapa,797722,41,3,1121,37
2020-05-02,Brazil,NA,Amapa,797722,66,3,1187,40
2020-05-03,Brazil,NA,Amapa,797722,295,3,1482,43
2020-05-04,Brazil,NA,Amapa,797722,251,6,1733,49
2020-05-05,Brazil,NA,Amapa,797722,198,6,1931,55
2020-05-06,Brazil,NA,Amapa,797722,115,1,2046,56
2020-05-07,Brazil,NA,Amapa,797722,153,5,2199,61
2020-05-08,Brazil,NA,Amapa,797722,123,5,2322,66
2020-05-09,Brazil,NA,Amapa,797722,171,3,2493,69
2020-05-10,Brazil,NA,Amapa,797722,120,3,2613,72
2020-05-11,Brazil,NA,Amapa,797722,58,1,2671,73
2020-05-12,Brazil,NA,Amapa,797722,239,13,2910,86
2020-05-13,Brazil,NA,Amapa,797722,95,8,3005,94
2020-05-14,Brazil,NA,Amapa,797722,423,7,3428,101
2020-05-15,Brazil,NA,Amapa,797722,202,2,3630,103
2020-05-16,Brazil,NA,Amapa,797722,204,5,3834,108
2020-05-17,Brazil,NA,Amapa,797722,118,11,3952,119
2020-05-18,Brazil,NA,Amapa,797722,71,8,4023,127
2020-05-19,Brazil,NA,Amapa,797722,287,9,4310,136
2020-05-20,Brazil,NA,Amapa,797722,239,6,4549,142
2020-05-21,Brazil,NA,Amapa,797722,639,9,5188,151
2020-05-22,Brazil,NA,Amapa,797722,467,6,5655,157
2020-05-23,Brazil,NA,Amapa,797722,436,5,6091,162
2020-05-24,Brazil,NA,Amapa,797722,262,1,6353,163
2020-05-25,Brazil,NA,Amapa,797722,231,5,6584,168
2020-05-26,Brazil,NA,Amapa,797722,383,5,6967,173
2020-05-27,Brazil,NA,Amapa,797722,652,10,7619,183
2020-05-28,Brazil,NA,Amapa,797722,533,15,8152,198
2020-05-29,Brazil,NA,Amapa,797722,317,9,8469,207
2020-05-30,Brazil,NA,Amapa,797722,844,8,9313,215
2020-05-31,Brazil,NA,Amapa,797722,289,7,9602,222
2020-06-01,Brazil,NA,Amapa,797722,288,6,9890,228
2020-06-02,Brazil,NA,Amapa,797722,621,9,10511,237
2020-06-03,Brazil,NA,Amapa,797722,596,10,11107,247
2020-06-04,Brazil,NA,Amapa,797722,444,7,11551,254
2020-06-05,Brazil,NA,Amapa,797722,776,6,12327,260
2020-06-06,Brazil,NA,Amapa,797722,446,9,12773,269
2020-06-07,Brazil,NA,Amapa,797722,272,3,13045,272
2020-06-08,Brazil,NA,Amapa,797722,249,6,13294,278
2020-06-09,Brazil,NA,Amapa,797722,477,7,13771,285
2020-06-10,Brazil,NA,Amapa,797722,852,4,14623,289
2020-06-11,Brazil,NA,Amapa,797722,543,14,15166,303
2020-06-12,Brazil,NA,Amapa,797722,517,9,15683,312
2020-06-13,Brazil,NA,Amapa,797722,639,7,16322,319
2020-06-14,Brazil,NA,Amapa,797722,190,5,16512,324
2020-06-15,Brazil,NA,Amapa,797722,301,5,16813,329
2020-06-16,Brazil,NA,Amapa,797722,1211,8,18024,337
2020-06-17,Brazil,NA,Amapa,797722,594,1,18618,338
2020-06-18,Brazil,NA,Amapa,797722,769,4,19387,342
2020-06-19,Brazil,NA,Amapa,797722,535,6,19922,348
2020-06-20,Brazil,NA,Amapa,797722,1652,5,21574,353
2020-06-21,Brazil,NA,Amapa,797722,266,6,21840,359
2020-06-22,Brazil,NA,Amapa,797722,2842,13,24682,372
2020-06-23,Brazil,NA,Amapa,797722,1755,8,26437,380
2020-06-24,Brazil,NA,Amapa,797722,482,7,26919,387
2020-06-25,Brazil,NA,Amapa,797722,496,7,27415,394
2020-06-26,Brazil,NA,Amapa,797722,247,7,27662,401
2020-06-27,Brazil,NA,Amapa,797722,239,5,27901,406
2020-06-28,Brazil,NA,Amapa,797722,84,1,27985,407
2020-06-29,Brazil,NA,Amapa,797722,268,6,28253,413
2020-06-30,Brazil,NA,Amapa,797722,239,4,28492,417
2020-07-01,Brazil,NA,Amapa,797722,435,3,28927,420
2020-07-02,Brazil,NA,Amapa,797722,226,7,29153,427
2020-07-03,Brazil,NA,Amapa,797722,421,11,29574,438
2020-07-04,Brazil,NA,Amapa,797722,235,3,29809,441
2020-07-05,Brazil,NA,Amapa,797722,74,1,29883,442
2020-07-06,Brazil,NA,Amapa,797722,121,7,30004,449
2020-07-07,Brazil,NA,Amapa,797722,290,6,30294,455
2020-07-08,Brazil,NA,Amapa,797722,230,7,30524,462
2020-07-09,Brazil,NA,Amapa,797722,239,5,30763,467
2020-07-10,Brazil,NA,Amapa,797722,317,3,31080,470
2020-07-11,Brazil,NA,Amapa,797722,199,3,31279,473
2020-07-12,Brazil,NA,Amapa,797722,85,1,31364,474
2020-07-13,Brazil,NA,Amapa,797722,188,4,31552,478
2020-07-14,Brazil,NA,Amapa,797722,333,5,31885,483
2020-07-15,Brazil,NA,Amapa,797722,523,5,32408,488
2020-07-16,Brazil,NA,Amapa,797722,596,5,33004,493
2020-07-17,Brazil,NA,Amapa,797722,432,6,33436,499
2020-07-18,Brazil,NA,Amapa,797722,149,6,33585,505
2020-07-19,Brazil,NA,Amapa,797722,120,2,33705,507
2020-07-20,Brazil,NA,Amapa,797722,440,8,34145,515
2020-07-21,Brazil,NA,Amapa,797722,260,18,34405,533
2020-07-22,Brazil,NA,Amapa,797722,255,11,34660,544
2020-07-23,Brazil,NA,Amapa,797722,178,4,34838,548
2020-07-24,Brazil,NA,Amapa,797722,188,4,35026,552
2020-07-25,Brazil,NA,Amapa,797722,136,2,35162,554
2020-07-26,Brazil,NA,Amapa,797722,58,0,35220,554
2020-07-27,Brazil,NA,Amapa,797722,144,2,35364,556
2020-07-28,Brazil,NA,Amapa,797722,333,2,35697,558
2020-07-29,Brazil,NA,Amapa,797722,276,1,35973,559
2020-07-30,Brazil,NA,Amapa,797722,299,2,36272,561
2020-07-31,Brazil,NA,Amapa,797722,196,4,36468,565
2020-08-01,Brazil,NA,Amapa,797722,127,3,36595,568
2020-08-02,Brazil,NA,Amapa,797722,44,3,36639,571
2020-08-03,Brazil,NA,Amapa,797722,165,5,36804,576
2020-08-04,Brazil,NA,Amapa,797722,195,5,36999,581
2020-08-05,Brazil,NA,Amapa,797722,319,7,37318,588
2020-08-06,Brazil,NA,Amapa,797722,417,6,37735,594
2020-08-07,Brazil,NA,Amapa,797722,229,5,37964,599
2020-08-08,Brazil,NA,Amapa,797722,175,2,38139,601
2020-08-09,Brazil,NA,Amapa,797722,69,1,38208,602
2020-08-10,Brazil,NA,Amapa,797722,191,1,38399,603
2020-08-11,Brazil,NA,Amapa,797722,237,1,38636,604
2020-08-12,Brazil,NA,Amapa,797722,165,2,38801,606
2020-08-13,Brazil,NA,Amapa,797722,214,3,39015,609
2020-08-14,Brazil,NA,Amapa,797722,229,3,39244,612
2020-08-15,Brazil,NA,Amapa,797722,187,1,39431,613
2020-08-16,Brazil,NA,Amapa,797722,87,0,39518,613
2020-08-17,Brazil,NA,Amapa,797722,185,4,39703,617
2020-08-18,Brazil,NA,Amapa,797722,254,2,39957,619
2020-08-19,Brazil,NA,Amapa,797722,254,3,40211,622
2020-08-20,Brazil,NA,Amapa,797722,392,4,40603,626
2020-08-21,Brazil,NA,Amapa,797722,272,1,40875,627
2020-08-22,Brazil,NA,Amapa,797722,156,3,41031,630
2020-08-23,Brazil,NA,Amapa,797722,89,1,41120,631
2020-08-24,Brazil,NA,Amapa,797722,134,6,41254,637
2020-08-25,Brazil,NA,Amapa,797722,299,5,41553,642
2020-08-26,Brazil,NA,Amapa,797722,428,5,41981,647
2020-08-27,Brazil,NA,Amapa,797722,304,5,42285,652
2020-08-28,Brazil,NA,Amapa,797722,340,5,42625,657
2020-08-29,Brazil,NA,Amapa,797722,146,2,42771,659
2020-08-30,Brazil,NA,Amapa,797722,121,1,42892,660
2020-08-31,Brazil,NA,Amapa,797722,301,1,43193,661
2020-09-01,Brazil,NA,Amapa,797722,321,2,43514,663
2020-09-02,Brazil,NA,Amapa,797722,286,5,43800,668
2020-09-03,Brazil,NA,Amapa,797722,264,1,44064,669
2020-09-04,Brazil,NA,Amapa,797722,390,1,44454,670
2020-09-05,Brazil,NA,Amapa,797722,228,1,44682,671
2020-09-06,Brazil,NA,Amapa,797722,88,1,44770,672
2020-09-07,Brazil,NA,Amapa,797722,93,1,44863,673
2020-09-08,Brazil,NA,Amapa,797722,136,2,44999,675
2020-09-09,Brazil,NA,Amapa,797722,252,0,45251,675
2020-09-10,Brazil,NA,Amapa,797722,278,1,45529,676
2020-09-11,Brazil,NA,Amapa,797722,136,1,45665,677
2020-09-12,Brazil,NA,Amapa,797722,124,1,45789,678
2020-09-13,Brazil,NA,Amapa,797722,64,0,45853,678
2020-09-14,Brazil,NA,Amapa,797722,102,2,45955,680
2020-09-15,Brazil,NA,Amapa,797722,162,2,46117,682
2020-03-21,Brazil,NA,Amazonas,4063614,8,0,11,0
2020-03-22,Brazil,NA,Amazonas,4063614,15,0,26,0
2020-03-23,Brazil,NA,Amazonas,4063614,6,0,32,0
2020-03-24,Brazil,NA,Amazonas,4063614,15,0,47,0
2020-03-25,Brazil,NA,Amazonas,4063614,7,1,54,1
2020-03-26,Brazil,NA,Amazonas,4063614,13,0,67,1
2020-03-27,Brazil,NA,Amazonas,4063614,14,0,81,1
2020-03-28,Brazil,NA,Amazonas,4063614,30,0,111,1
2020-03-29,Brazil,NA,Amazonas,4063614,29,0,140,1
2020-03-30,Brazil,NA,Amazonas,4063614,11,0,151,1
2020-03-31,Brazil,NA,Amazonas,4063614,24,2,175,3
2020-04-01,Brazil,NA,Amazonas,4063614,25,0,200,3
2020-04-02,Brazil,NA,Amazonas,4063614,29,0,229,3
2020-04-03,Brazil,NA,Amazonas,4063614,31,4,260,7
2020-04-04,Brazil,NA,Amazonas,4063614,51,5,311,12
2020-04-05,Brazil,NA,Amazonas,4063614,106,2,417,14
2020-04-06,Brazil,NA,Amazonas,4063614,115,5,532,19
2020-04-07,Brazil,NA,Amazonas,4063614,104,4,636,23
2020-04-08,Brazil,NA,Amazonas,4063614,168,7,804,30
2020-04-09,Brazil,NA,Amazonas,4063614,95,10,899,40
2020-04-10,Brazil,NA,Amazonas,4063614,82,10,981,50
2020-04-11,Brazil,NA,Amazonas,4063614,69,3,1050,53
2020-04-12,Brazil,NA,Amazonas,4063614,156,9,1206,62
2020-04-13,Brazil,NA,Amazonas,4063614,69,9,1275,71
2020-04-14,Brazil,NA,Amazonas,4063614,209,19,1484,90
2020-04-15,Brazil,NA,Amazonas,4063614,70,16,1554,106
2020-04-16,Brazil,NA,Amazonas,4063614,165,18,1719,124
2020-04-17,Brazil,NA,Amazonas,4063614,90,21,1809,145
2020-04-18,Brazil,NA,Amazonas,4063614,88,16,1897,161
2020-04-19,Brazil,NA,Amazonas,4063614,147,21,2044,182
2020-04-20,Brazil,NA,Amazonas,4063614,116,3,2160,185
2020-04-21,Brazil,NA,Amazonas,4063614,110,8,2270,193
2020-04-22,Brazil,NA,Amazonas,4063614,209,14,2479,207
2020-04-23,Brazil,NA,Amazonas,4063614,409,27,2888,234
2020-04-24,Brazil,NA,Amazonas,4063614,306,21,3194,255
2020-04-25,Brazil,NA,Amazonas,4063614,441,32,3635,287
2020-04-26,Brazil,NA,Amazonas,4063614,198,17,3833,304
2020-04-27,Brazil,NA,Amazonas,4063614,95,16,3928,320
2020-04-28,Brazil,NA,Amazonas,4063614,409,31,4337,351
2020-04-29,Brazil,NA,Amazonas,4063614,464,29,4801,380
2020-04-30,Brazil,NA,Amazonas,4063614,453,45,5254,425
2020-05-01,Brazil,NA,Amazonas,4063614,469,51,5723,476
2020-05-02,Brazil,NA,Amazonas,4063614,339,25,6062,501
2020-05-03,Brazil,NA,Amazonas,4063614,621,47,6683,548
2020-05-04,Brazil,NA,Amazonas,4063614,559,36,7242,584
2020-05-05,Brazil,NA,Amazonas,4063614,867,65,8109,649
2020-05-06,Brazil,NA,Amazonas,4063614,1134,102,9243,751
2020-05-07,Brazil,NA,Amazonas,4063614,856,55,10099,806
2020-05-08,Brazil,NA,Amazonas,4063614,628,68,10727,874
2020-05-09,Brazil,NA,Amazonas,4063614,1198,88,11925,962
2020-05-10,Brazil,NA,Amazonas,4063614,674,42,12599,1004
2020-05-11,Brazil,NA,Amazonas,4063614,320,31,12919,1035
2020-05-12,Brazil,NA,Amazonas,4063614,1249,63,14168,1098
2020-05-13,Brazil,NA,Amazonas,4063614,1648,62,15816,1160
2020-05-14,Brazil,NA,Amazonas,4063614,1365,75,17181,1235
2020-05-15,Brazil,NA,Amazonas,4063614,1211,96,18392,1331
2020-05-16,Brazil,NA,Amazonas,4063614,1285,44,19677,1375
2020-05-17,Brazil,NA,Amazonas,4063614,651,38,20328,1413
2020-05-18,Brazil,NA,Amazonas,4063614,585,20,20913,1433
2020-05-19,Brazil,NA,Amazonas,4063614,1219,58,22132,1491
2020-05-20,Brazil,NA,Amazonas,4063614,1572,70,23704,1561
2020-05-21,Brazil,NA,Amazonas,4063614,1663,59,25367,1620
2020-05-22,Brazil,NA,Amazonas,4063614,1671,49,27038,1669
2020-05-23,Brazil,NA,Amazonas,4063614,1764,75,28802,1744
2020-05-24,Brazil,NA,Amazonas,4063614,1065,14,29867,1758
2020-05-25,Brazil,NA,Amazonas,4063614,415,23,30282,1781
2020-05-26,Brazil,NA,Amazonas,4063614,1667,71,31949,1852
2020-05-27,Brazil,NA,Amazonas,4063614,1559,39,33508,1891
2020-05-28,Brazil,NA,Amazonas,4063614,2638,73,36146,1964
2020-05-29,Brazil,NA,Amazonas,4063614,2763,47,38909,2011
2020-05-30,Brazil,NA,Amazonas,4063614,1651,36,40560,2047
2020-05-31,Brazil,NA,Amazonas,4063614,818,5,41378,2052
2020-06-01,Brazil,NA,Amazonas,4063614,396,19,41774,2071
2020-06-02,Brazil,NA,Amazonas,4063614,1421,31,43195,2102
2020-06-03,Brazil,NA,Amazonas,4063614,1152,36,44347,2138
2020-06-04,Brazil,NA,Amazonas,4063614,2126,45,46473,2183
2020-06-05,Brazil,NA,Amazonas,4063614,1193,16,47666,2199
2020-06-06,Brazil,NA,Amazonas,4063614,1119,33,48785,2232
2020-06-07,Brazil,NA,Amazonas,4063614,484,18,49269,2250
2020-06-08,Brazil,NA,Amazonas,4063614,542,21,49811,2271
2020-06-09,Brazil,NA,Amazonas,4063614,1423,44,51234,2315
2020-06-10,Brazil,NA,Amazonas,4063614,1615,48,52849,2363
2020-06-11,Brazil,NA,Amazonas,4063614,1140,37,53989,2400
2020-06-12,Brazil,NA,Amazonas,4063614,1122,29,55111,2429
2020-06-13,Brazil,NA,Amazonas,4063614,915,36,56026,2465
2020-06-14,Brazil,NA,Amazonas,4063614,480,27,56506,2492
2020-06-15,Brazil,NA,Amazonas,4063614,271,20,56777,2512
2020-06-16,Brazil,NA,Amazonas,4063614,1241,37,58018,2549
2020-06-17,Brazil,NA,Amazonas,4063614,1529,30,59547,2579
2020-06-18,Brazil,NA,Amazonas,4063614,1189,26,60736,2605
2020-06-19,Brazil,NA,Amazonas,4063614,947,19,61683,2624
2020-06-20,Brazil,NA,Amazonas,4063614,1219,26,62902,2650
2020-06-21,Brazil,NA,Amazonas,4063614,508,7,63410,2657
2020-06-22,Brazil,NA,Amazonas,4063614,321,14,63731,2671
2020-06-23,Brazil,NA,Amazonas,4063614,1342,15,65073,2686
2020-06-24,Brazil,NA,Amazonas,4063614,1691,24,66764,2710
2020-06-25,Brazil,NA,Amazonas,4063614,503,21,67267,2731
2020-06-26,Brazil,NA,Amazonas,4063614,953,8,68220,2739
2020-06-27,Brazil,NA,Amazonas,4063614,802,33,69022,2772
2020-06-28,Brazil,NA,Amazonas,4063614,627,8,69649,2780
2020-06-29,Brazil,NA,Amazonas,4063614,244,12,69893,2792
2020-06-30,Brazil,NA,Amazonas,4063614,930,31,70823,2823
2020-07-01,Brazil,NA,Amazonas,4063614,1461,20,72284,2843
2020-07-02,Brazil,NA,Amazonas,4063614,1246,19,73530,2862
2020-07-03,Brazil,NA,Amazonas,4063614,1007,25,74537,2887
2020-07-04,Brazil,NA,Amazonas,4063614,1408,31,75945,2918
2020-07-05,Brazil,NA,Amazonas,4063614,69,11,76014,2929
2020-07-06,Brazil,NA,Amazonas,4063614,410,9,76424,2938
2020-07-07,Brazil,NA,Amazonas,4063614,2743,14,79167,2952
2020-07-08,Brazil,NA,Amazonas,4063614,915,15,80082,2967
2020-07-09,Brazil,NA,Amazonas,4063614,1236,18,81318,2985
2020-07-10,Brazil,NA,Amazonas,4063614,1189,23,82507,3008
2020-07-11,Brazil,NA,Amazonas,4063614,723,15,83230,3023
2020-07-12,Brazil,NA,Amazonas,4063614,296,16,83526,3039
2020-07-13,Brazil,NA,Amazonas,4063614,886,9,84412,3048
2020-07-14,Brazil,NA,Amazonas,4063614,1229,15,85641,3063
2020-07-15,Brazil,NA,Amazonas,4063614,1303,17,86944,3080
2020-07-16,Brazil,NA,Amazonas,4063614,1081,15,88025,3095
2020-07-17,Brazil,NA,Amazonas,4063614,797,23,88822,3118
2020-07-18,Brazil,NA,Amazonas,4063614,1712,11,90534,3129
2020-07-19,Brazil,NA,Amazonas,4063614,379,20,90913,3149
2020-07-20,Brazil,NA,Amazonas,4063614,476,0,91389,3149
2020-07-21,Brazil,NA,Amazonas,4063614,775,23,92164,3169
2020-07-22,Brazil,NA,Amazonas,4063614,557,14,92721,3183
2020-07-23,Brazil,NA,Amazonas,4063614,1498,10,94219,3193
2020-07-24,Brazil,NA,Amazonas,4063614,1205,6,95424,3199
2020-07-25,Brazil,NA,Amazonas,4063614,670,11,96094,3210
2020-07-26,Brazil,NA,Amazonas,4063614,369,7,96463,3217
2020-07-27,Brazil,NA,Amazonas,4063614,616,7,97079,3224
2020-07-28,Brazil,NA,Amazonas,4063614,1039,12,98118,3236
2020-07-29,Brazil,NA,Amazonas,4063614,975,10,99093,3246
2020-07-30,Brazil,NA,Amazonas,4063614,1047,6,100140,3252
2020-07-31,Brazil,NA,Amazonas,4063614,800,16,100940,3268
2020-08-01,Brazil,NA,Amazonas,4063614,837,10,101777,3278
2020-08-02,Brazil,NA,Amazonas,4063614,347,5,102124,3283
2020-08-03,Brazil,NA,Amazonas,4063614,262,5,102386,3288
2020-08-04,Brazil,NA,Amazonas,4063614,883,11,103269,3299
2020-08-05,Brazil,NA,Amazonas,4063614,981,18,104250,3317
2020-08-06,Brazil,NA,Amazonas,4063614,804,18,105054,3335
2020-08-07,Brazil,NA,Amazonas,4063614,803,10,105857,3345
2020-08-08,Brazil,NA,Amazonas,4063614,571,19,106428,3364
2020-08-09,Brazil,NA,Amazonas,4063614,522,0,106950,3364
2020-08-10,Brazil,NA,Amazonas,4063614,247,25,107197,3384
2020-08-11,Brazil,NA,Amazonas,4063614,908,21,108105,3405
2020-08-12,Brazil,NA,Amazonas,4063614,815,12,108920,3417
2020-08-13,Brazil,NA,Amazonas,4063614,882,18,109802,3435
2020-08-14,Brazil,NA,Amazonas,4063614,975,20,110777,3455
2020-08-15,Brazil,NA,Amazonas,4063614,464,8,111241,3463
2020-08-16,Brazil,NA,Amazonas,4063614,671,20,111912,3483
2020-08-17,Brazil,NA,Amazonas,4063614,351,22,112263,3505
2020-08-18,Brazil,NA,Amazonas,4063614,618,19,112881,3524
2020-08-19,Brazil,NA,Amazonas,4063614,711,13,113592,3537
2020-08-20,Brazil,NA,Amazonas,4063614,743,14,114335,3551
2020-08-21,Brazil,NA,Amazonas,4063614,457,5,114792,3556
2020-08-22,Brazil,NA,Amazonas,4063614,577,1,115369,3557
2020-08-23,Brazil,NA,Amazonas,4063614,246,6,115615,3563
2020-08-24,Brazil,NA,Amazonas,4063614,177,15,115792,3578
2020-08-25,Brazil,NA,Amazonas,4063614,787,10,116579,3588
2020-08-26,Brazil,NA,Amazonas,4063614,833,12,117412,3600
2020-08-27,Brazil,NA,Amazonas,4063614,671,16,118083,3616
2020-08-28,Brazil,NA,Amazonas,4063614,761,13,118844,3629
2020-08-29,Brazil,NA,Amazonas,4063614,1015,5,119859,3634
2020-08-30,Brazil,NA,Amazonas,4063614,201,5,120060,3639
2020-08-31,Brazil,NA,Amazonas,4063614,236,10,120296,3649
2020-09-01,Brazil,NA,Amazonas,4063614,623,12,120919,3661
2020-09-02,Brazil,NA,Amazonas,4063614,874,137,121793,3798
2020-09-03,Brazil,NA,Amazonas,4063614,727,30,122520,3828
2020-09-04,Brazil,NA,Amazonas,4063614,667,6,123187,3834
2020-09-05,Brazil,NA,Amazonas,4063614,539,7,123726,3841
2020-09-06,Brazil,NA,Amazonas,4063614,85,6,123811,3847
2020-09-07,Brazil,NA,Amazonas,4063614,94,2,123905,3849
2020-09-08,Brazil,NA,Amazonas,4063614,318,6,124223,3855
2020-09-09,Brazil,NA,Amazonas,4063614,736,7,124959,3862
2020-09-10,Brazil,NA,Amazonas,4063614,701,12,125660,3874
2020-09-11,Brazil,NA,Amazonas,4063614,763,9,126423,3883
2020-09-12,Brazil,NA,Amazonas,4063614,516,5,126939,3888
2020-09-13,Brazil,NA,Amazonas,4063614,193,4,127132,3892
2020-09-14,Brazil,NA,Amazonas,4063614,275,6,127407,3898
2020-09-15,Brazil,NA,Amazonas,4063614,743,9,128150,3907
2020-03-19,Brazil,NA,Bahia,15344447,27,0,30,0
2020-03-20,Brazil,NA,Bahia,15344447,3,0,33,0
2020-03-21,Brazil,NA,Bahia,15344447,8,0,41,0
2020-03-22,Brazil,NA,Bahia,15344447,8,0,49,0
2020-03-23,Brazil,NA,Bahia,15344447,14,0,63,0
2020-03-24,Brazil,NA,Bahia,15344447,13,0,76,0
2020-03-25,Brazil,NA,Bahia,15344447,8,0,84,0
2020-03-26,Brazil,NA,Bahia,15344447,20,0,104,0
2020-03-27,Brazil,NA,Bahia,15344447,11,0,115,0
2020-03-28,Brazil,NA,Bahia,15344447,12,0,127,0
2020-03-29,Brazil,NA,Bahia,15344447,27,1,154,1
2020-03-30,Brazil,NA,Bahia,15344447,22,0,176,1
2020-03-31,Brazil,NA,Bahia,15344447,37,1,213,2
2020-04-01,Brazil,NA,Bahia,15344447,33,0,246,2
2020-04-02,Brazil,NA,Bahia,15344447,21,1,267,3
2020-04-03,Brazil,NA,Bahia,15344447,15,2,282,5
2020-04-04,Brazil,NA,Bahia,15344447,50,2,332,7
2020-04-05,Brazil,NA,Bahia,15344447,69,2,401,9
2020-04-06,Brazil,NA,Bahia,15344447,30,1,431,10
2020-04-07,Brazil,NA,Bahia,15344447,25,2,456,12
2020-04-08,Brazil,NA,Bahia,15344447,41,3,497,15
2020-04-09,Brazil,NA,Bahia,15344447,62,4,559,19
2020-04-10,Brazil,NA,Bahia,15344447,45,0,604,19
2020-04-11,Brazil,NA,Bahia,15344447,31,2,635,21
2020-04-12,Brazil,NA,Bahia,15344447,38,0,673,21
2020-04-13,Brazil,NA,Bahia,15344447,50,1,723,22
2020-04-14,Brazil,NA,Bahia,15344447,36,0,759,22
2020-04-15,Brazil,NA,Bahia,15344447,48,5,807,27
2020-04-16,Brazil,NA,Bahia,15344447,144,3,951,30
2020-04-17,Brazil,NA,Bahia,15344447,108,6,1059,36
2020-04-18,Brazil,NA,Bahia,15344447,134,1,1193,37
2020-04-19,Brazil,NA,Bahia,15344447,37,8,1230,45
2020-04-20,Brazil,NA,Bahia,15344447,111,1,1341,46
2020-04-21,Brazil,NA,Bahia,15344447,148,1,1489,47
2020-04-22,Brazil,NA,Bahia,15344447,155,3,1644,50
2020-04-23,Brazil,NA,Bahia,15344447,145,9,1789,59
2020-04-24,Brazil,NA,Bahia,15344447,173,5,1962,64
2020-04-25,Brazil,NA,Bahia,15344447,119,6,2081,70
2020-04-26,Brazil,NA,Bahia,15344447,128,3,2209,73
2020-04-27,Brazil,NA,Bahia,15344447,145,3,2354,76
2020-04-28,Brazil,NA,Bahia,15344447,186,10,2540,86
2020-04-29,Brazil,NA,Bahia,15344447,106,10,2646,96
2020-04-30,Brazil,NA,Bahia,15344447,205,8,2851,104
2020-05-01,Brazil,NA,Bahia,15344447,234,13,3085,117
2020-05-02,Brazil,NA,Bahia,15344447,182,6,3267,123
2020-05-03,Brazil,NA,Bahia,15344447,228,0,3495,123
2020-05-04,Brazil,NA,Bahia,15344447,239,18,3734,141
2020-05-05,Brazil,NA,Bahia,15344447,306,5,4040,146
2020-05-06,Brazil,NA,Bahia,15344447,261,14,4301,160
2020-05-07,Brazil,NA,Bahia,15344447,227,5,4528,165
2020-05-08,Brazil,NA,Bahia,15344447,290,18,4818,183
2020-05-09,Brazil,NA,Bahia,15344447,356,13,5174,196
2020-05-10,Brazil,NA,Bahia,15344447,384,6,5558,202
2020-05-11,Brazil,NA,Bahia,15344447,250,9,5808,211
2020-05-12,Brazil,NA,Bahia,15344447,396,14,6204,225
2020-05-13,Brazil,NA,Bahia,15344447,343,11,6547,236
2020-05-14,Brazil,NA,Bahia,15344447,408,26,6955,262
2020-05-15,Brazil,NA,Bahia,15344447,1173,19,8128,281
2020-05-16,Brazil,NA,Bahia,15344447,186,5,8314,286
2020-05-17,Brazil,NA,Bahia,15344447,129,9,8443,295
2020-05-18,Brazil,NA,Bahia,15344447,138,17,8581,312
2020-05-19,Brazil,NA,Bahia,15344447,2432,14,11013,326
2020-05-20,Brazil,NA,Bahia,15344447,184,36,11197,362
2020-05-21,Brazil,NA,Bahia,15344447,744,14,11941,376
2020-05-22,Brazil,NA,Bahia,15344447,616,23,12557,399
2020-05-23,Brazil,NA,Bahia,15344447,443,14,13000,413
2020-05-24,Brazil,NA,Bahia,15344447,899,47,13899,460
2020-05-25,Brazil,NA,Bahia,15344447,305,17,14204,477
2020-05-26,Brazil,NA,Bahia,15344447,362,18,14566,495
2020-05-27,Brazil,NA,Bahia,15344447,504,36,15070,531
2020-05-28,Brazil,NA,Bahia,15344447,893,39,15963,570
2020-05-29,Brazil,NA,Bahia,15344447,954,39,16917,609
2020-05-30,Brazil,NA,Bahia,15344447,709,29,17626,638
2020-05-31,Brazil,NA,Bahia,15344447,766,29,18392,667
2020-06-01,Brazil,NA,Bahia,15344447,506,34,18898,701
2020-06-02,Brazil,NA,Bahia,15344447,2532,35,21430,736
2020-06-03,Brazil,NA,Bahia,15344447,1021,26,22451,762
2020-06-04,Brazil,NA,Bahia,15344447,1012,28,23463,790
2020-06-05,Brazil,NA,Bahia,15344447,2956,29,26419,819
2020-06-06,Brazil,NA,Bahia,15344447,977,27,27396,846
2020-06-07,Brazil,NA,Bahia,15344447,854,33,28250,879
2020-06-08,Brazil,NA,Bahia,15344447,465,31,28715,910
2020-06-09,Brazil,NA,Bahia,15344447,1766,27,30481,937
2020-06-10,Brazil,NA,Bahia,15344447,2204,38,32685,975
2020-06-11,Brazil,NA,Bahia,15344447,1206,38,33891,1013
2020-06-12,Brazil,NA,Bahia,15344447,774,26,34665,1039
2020-06-13,Brazil,NA,Bahia,15344447,1123,30,35788,1069
2020-06-14,Brazil,NA,Bahia,15344447,613,36,36401,1105
2020-06-15,Brazil,NA,Bahia,15344447,1219,40,37620,1145
2020-06-16,Brazil,NA,Bahia,15344447,1586,36,39206,1181
2020-06-17,Brazil,NA,Bahia,15344447,1720,41,40926,1222
2020-06-18,Brazil,NA,Bahia,15344447,651,41,41577,1263
2020-06-19,Brazil,NA,Bahia,15344447,2345,42,43922,1305
2020-06-20,Brazil,NA,Bahia,15344447,1382,45,45304,1350
2020-06-21,Brazil,NA,Bahia,15344447,975,41,46279,1391
2020-06-22,Brazil,NA,Bahia,15344447,807,50,47086,1441
2020-06-23,Brazil,NA,Bahia,15344447,1998,50,49084,1491
2020-06-24,Brazil,NA,Bahia,15344447,2847,50,51931,1541
2020-06-25,Brazil,NA,Bahia,15344447,2360,60,54291,1601
2020-06-26,Brazil,NA,Bahia,15344447,2131,41,56422,1642
2020-06-27,Brazil,NA,Bahia,15344447,8822,55,65244,1697
2020-06-28,Brazil,NA,Bahia,15344447,3251,51,68495,1748
2020-06-29,Brazil,NA,Bahia,15344447,972,52,69467,1800
2020-06-30,Brazil,NA,Bahia,15344447,3840,53,73307,1853
2020-07-01,Brazil,NA,Bahia,15344447,3178,49,76485,1902
2020-07-02,Brazil,NA,Bahia,15344447,2864,45,79349,1947
2020-07-03,Brazil,NA,Bahia,15344447,2965,54,82314,2001
2020-07-04,Brazil,NA,Bahia,15344447,3171,49,85485,2050
2020-07-05,Brazil,NA,Bahia,15344447,1563,57,87048,2107
2020-07-06,Brazil,NA,Bahia,15344447,1231,61,88279,2168
2020-07-07,Brazil,NA,Bahia,15344447,3675,48,91954,2216
2020-07-08,Brazil,NA,Bahia,15344447,3582,61,95536,2277
2020-07-09,Brazil,NA,Bahia,15344447,2783,51,98319,2328
2020-07-10,Brazil,NA,Bahia,15344447,2867,55,101186,2383
2020-07-11,Brazil,NA,Bahia,15344447,3002,53,104188,2436
2020-07-12,Brazil,NA,Bahia,15344447,1575,47,105763,2483
2020-07-13,Brazil,NA,Bahia,15344447,1128,52,106891,2535
2020-07-14,Brazil,NA,Bahia,15344447,3138,49,110029,2584
2020-07-15,Brazil,NA,Bahia,15344447,2964,54,112993,2638
2020-07-16,Brazil,NA,Bahia,15344447,3380,55,116373,2693
2020-07-17,Brazil,NA,Bahia,15344447,2284,45,118657,2738
2020-07-18,Brazil,NA,Bahia,15344447,1581,55,120238,2793
2020-07-19,Brazil,NA,Bahia,15344447,1931,47,122169,2840
2020-07-20,Brazil,NA,Bahia,15344447,1123,51,123292,2891
2020-07-21,Brazil,NA,Bahia,15344447,3552,45,126844,2936
2020-07-22,Brazil,NA,Bahia,15344447,6401,52,133245,2988
2020-07-23,Brazil,NA,Bahia,15344447,5113,56,138358,3044
2020-07-24,Brazil,NA,Bahia,15344447,4409,52,142767,3096
2020-07-25,Brazil,NA,Bahia,15344447,3632,44,146399,3140
2020-07-26,Brazil,NA,Bahia,15344447,1780,42,148179,3182
2020-07-27,Brazil,NA,Bahia,15344447,930,45,149109,3227
2020-07-28,Brazil,NA,Bahia,15344447,4204,43,153313,3270
2020-07-29,Brazil,NA,Bahia,15344447,4021,51,157334,3321
2020-07-30,Brazil,NA,Bahia,15344447,4296,70,161630,3391
2020-07-31,Brazil,NA,Bahia,15344447,4524,72,166154,3463
2020-08-01,Brazil,NA,Bahia,15344447,2772,54,168926,3517
2020-08-02,Brazil,NA,Bahia,15344447,1550,55,170476,3572
2020-08-03,Brazil,NA,Bahia,15344447,915,52,171391,3624
2020-08-04,Brazil,NA,Bahia,15344447,3998,54,175389,3678
2020-08-05,Brazil,NA,Bahia,15344447,4348,58,179737,3736
2020-08-06,Brazil,NA,Bahia,15344447,3953,53,183690,3789
2020-08-07,Brazil,NA,Bahia,15344447,4202,54,187892,3843
2020-08-08,Brazil,NA,Bahia,15344447,3509,56,191401,3899
2020-08-09,Brazil,NA,Bahia,15344447,1628,54,193029,3953
2020-08-10,Brazil,NA,Bahia,15344447,1068,58,194097,4011
2020-08-11,Brazil,NA,Bahia,15344447,4670,56,198767,4067
2020-08-12,Brazil,NA,Bahia,15344447,4253,68,203020,4135
2020-08-13,Brazil,NA,Bahia,15344447,3935,67,206955,4202
2020-08-14,Brazil,NA,Bahia,15344447,4038,69,210993,4271
2020-08-15,Brazil,NA,Bahia,15344447,3386,67,214379,4338
2020-08-16,Brazil,NA,Bahia,15344447,1651,68,216030,4406
2020-08-17,Brazil,NA,Bahia,15344447,1085,69,217115,4475
2020-08-18,Brazil,NA,Bahia,15344447,3926,67,221041,4542
2020-08-19,Brazil,NA,Bahia,15344447,3618,69,224659,4611
2020-08-20,Brazil,NA,Bahia,15344447,3937,74,228596,4685
2020-08-21,Brazil,NA,Bahia,15344447,1147,72,229743,4757
2020-08-22,Brazil,NA,Bahia,15344447,4461,75,234204,4832
2020-08-23,Brazil,NA,Bahia,15344447,1846,73,236050,4905
2020-08-24,Brazil,NA,Bahia,15344447,1158,76,237208,4981
2020-08-25,Brazil,NA,Bahia,15344447,3731,70,240939,5051
2020-08-26,Brazil,NA,Bahia,15344447,4082,65,245021,5116
2020-08-27,Brazil,NA,Bahia,15344447,2832,62,247853,5178
2020-08-28,Brazil,NA,Bahia,15344447,3124,65,250977,5243
2020-08-29,Brazil,NA,Bahia,15344447,3813,59,254790,5302
2020-08-30,Brazil,NA,Bahia,15344447,1272,42,256062,5344
2020-08-31,Brazil,NA,Bahia,15344447,665,53,256727,5397
2020-09-01,Brazil,NA,Bahia,15344447,2691,51,259418,5448
2020-09-02,Brazil,NA,Bahia,15344447,2881,54,262299,5502
2020-09-03,Brazil,NA,Bahia,15344447,3440,47,265739,5549
2020-09-04,Brazil,NA,Bahia,15344447,2398,41,268137,5590
2020-09-05,Brazil,NA,Bahia,15344447,2040,37,270177,5627
2020-09-06,Brazil,NA,Bahia,15344447,1048,31,271225,5658
2020-09-07,Brazil,NA,Bahia,15344447,738,35,271963,5693
2020-09-08,Brazil,NA,Bahia,15344447,851,41,272814,5734
2020-09-09,Brazil,NA,Bahia,15344447,2274,40,275088,5774
2020-09-10,Brazil,NA,Bahia,15344447,2239,44,277327,5818
2020-09-11,Brazil,NA,Bahia,15344447,2182,48,279509,5866
2020-09-12,Brazil,NA,Bahia,15344447,2156,46,281665,5912
2020-09-13,Brazil,NA,Bahia,15344447,852,49,282517,5961
2020-09-14,Brazil,NA,Bahia,15344447,718,38,283235,5999
2020-09-15,Brazil,NA,Bahia,15344447,2213,41,285448,6040
2020-03-19,Brazil,NA,Ceara,9020460,11,0,20,0
2020-03-20,Brazil,NA,Ceara,9020460,35,0,55,0
2020-03-21,Brazil,NA,Ceara,9020460,13,0,68,0
2020-03-22,Brazil,NA,Ceara,9020460,44,0,112,0
2020-03-23,Brazil,NA,Ceara,9020460,51,0,163,0
2020-03-24,Brazil,NA,Ceara,9020460,19,0,182,0
2020-03-25,Brazil,NA,Ceara,9020460,18,0,200,0
2020-03-26,Brazil,NA,Ceara,9020460,35,3,235,3
2020-03-27,Brazil,NA,Ceara,9020460,47,0,282,3
2020-03-28,Brazil,NA,Ceara,9020460,32,1,314,4
2020-03-29,Brazil,NA,Ceara,9020460,34,1,348,5
2020-03-30,Brazil,NA,Ceara,9020460,24,0,372,5
2020-03-31,Brazil,NA,Ceara,9020460,18,2,390,7
2020-04-01,Brazil,NA,Ceara,9020460,54,1,444,8
2020-04-02,Brazil,NA,Ceara,9020460,106,12,550,20
2020-04-03,Brazil,NA,Ceara,9020460,77,2,627,22
2020-04-04,Brazil,NA,Ceara,9020460,103,0,730,22
2020-04-05,Brazil,NA,Ceara,9020460,93,4,823,26
2020-04-06,Brazil,NA,Ceara,9020460,190,3,1013,29
2020-04-07,Brazil,NA,Ceara,9020460,38,2,1051,31
2020-04-08,Brazil,NA,Ceara,9020460,240,12,1291,43
2020-04-09,Brazil,NA,Ceara,9020460,134,12,1425,55
2020-04-10,Brazil,NA,Ceara,9020460,53,3,1478,58
2020-04-11,Brazil,NA,Ceara,9020460,104,9,1582,67
2020-04-12,Brazil,NA,Ceara,9020460,94,7,1676,74
2020-04-13,Brazil,NA,Ceara,9020460,124,17,1800,91
2020-04-14,Brazil,NA,Ceara,9020460,205,16,2005,107
2020-04-15,Brazil,NA,Ceara,9020460,152,9,2157,116
2020-04-16,Brazil,NA,Ceara,9020460,229,8,2386,124
2020-04-17,Brazil,NA,Ceara,9020460,298,25,2684,149
2020-04-18,Brazil,NA,Ceara,9020460,350,27,3034,176
2020-04-19,Brazil,NA,Ceara,9020460,218,10,3252,186
2020-04-20,Brazil,NA,Ceara,9020460,230,12,3482,198
2020-04-21,Brazil,NA,Ceara,9020460,234,17,3716,215
2020-04-22,Brazil,NA,Ceara,9020460,194,18,3910,233
2020-04-23,Brazil,NA,Ceara,9020460,688,33,4598,266
2020-04-24,Brazil,NA,Ceara,9020460,202,18,4800,284
2020-04-25,Brazil,NA,Ceara,9020460,621,26,5421,310
2020-04-26,Brazil,NA,Ceara,9020460,412,17,5833,327
2020-04-27,Brazil,NA,Ceara,9020460,893,63,6726,390
2020-04-28,Brazil,NA,Ceara,9020460,192,13,6918,403
2020-04-29,Brazil,NA,Ceara,9020460,349,38,7267,441
2020-04-30,Brazil,NA,Ceara,9020460,339,41,7606,482
2020-05-01,Brazil,NA,Ceara,9020460,273,23,7879,505
2020-05-02,Brazil,NA,Ceara,9020460,352,109,8231,614
2020-05-03,Brazil,NA,Ceara,9020460,139,49,8370,663
2020-05-04,Brazil,NA,Ceara,9020460,2670,49,11040,712
2020-05-05,Brazil,NA,Ceara,9020460,430,83,11470,795
2020-05-06,Brazil,NA,Ceara,9020460,834,53,12304,848
2020-05-07,Brazil,NA,Ceara,9020460,1584,55,13888,903
2020-05-08,Brazil,NA,Ceara,9020460,1068,63,14956,966
2020-05-09,Brazil,NA,Ceara,9020460,923,96,15879,1062
2020-05-10,Brazil,NA,Ceara,9020460,813,52,16692,1114
2020-05-11,Brazil,NA,Ceara,9020460,907,75,17599,1189
2020-05-12,Brazil,NA,Ceara,9020460,813,91,18412,1280
2020-05-13,Brazil,NA,Ceara,9020460,744,109,19156,1389
2020-05-14,Brazil,NA,Ceara,9020460,1921,24,21077,1413
2020-05-15,Brazil,NA,Ceara,9020460,1413,63,22490,1476
2020-05-16,Brazil,NA,Ceara,9020460,1305,138,23795,1614
2020-05-17,Brazil,NA,Ceara,9020460,460,27,24255,1641
2020-05-18,Brazil,NA,Ceara,9020460,2108,107,26363,1748
2020-05-19,Brazil,NA,Ceara,9020460,1749,108,28112,1856
2020-05-20,Brazil,NA,Ceara,9020460,2448,44,30560,1900
2020-05-21,Brazil,NA,Ceara,9020460,853,261,31413,2161
2020-05-22,Brazil,NA,Ceara,9020460,3160,90,34573,2251
2020-05-23,Brazil,NA,Ceara,9020460,549,57,35122,2308
2020-05-24,Brazil,NA,Ceara,9020460,473,16,35595,2324
2020-05-25,Brazil,NA,Ceara,9020460,590,169,36185,2493
2020-05-26,Brazil,NA,Ceara,9020460,836,110,37021,2603
2020-05-27,Brazil,NA,Ceara,9020460,254,68,37275,2671
2020-05-28,Brazil,NA,Ceara,9020460,546,62,37821,2733
2020-05-29,Brazil,NA,Ceara,9020460,574,126,38395,2859
2020-05-30,Brazil,NA,Ceara,9020460,8111,97,46506,2956
2020-05-31,Brazil,NA,Ceara,9020460,1983,54,48489,3010
2020-06-01,Brazil,NA,Ceara,9020460,2015,178,50504,3188
2020-06-02,Brazil,NA,Ceara,9020460,2569,233,53073,3421
2020-06-03,Brazil,NA,Ceara,9020460,2983,184,56056,3605
2020-06-04,Brazil,NA,Ceara,9020460,3739,208,59795,3813
2020-06-05,Brazil,NA,Ceara,9020460,1800,77,61595,3890
2020-06-06,Brazil,NA,Ceara,9020460,1980,75,63575,3965
2020-06-07,Brazil,NA,Ceara,9020460,696,17,64271,3982
2020-06-08,Brazil,NA,Ceara,9020460,1334,138,65605,4120
2020-06-09,Brazil,NA,Ceara,9020460,2779,189,68384,4309
2020-06-10,Brazil,NA,Ceara,9020460,3018,171,71402,4480
2020-06-11,Brazil,NA,Ceara,9020460,2477,183,73879,4663
2020-06-12,Brazil,NA,Ceara,9020460,1826,125,75705,4788
2020-06-13,Brazil,NA,Ceara,9020460,724,41,76429,4829
2020-06-14,Brazil,NA,Ceara,9020460,319,32,76748,4861
2020-06-15,Brazil,NA,Ceara,9020460,2714,138,79462,4999
2020-06-16,Brazil,NA,Ceara,9020460,1827,71,81289,5070
2020-06-17,Brazil,NA,Ceara,9020460,3678,212,84967,5282
2020-06-18,Brazil,NA,Ceara,9020460,2306,95,87273,5377
2020-06-19,Brazil,NA,Ceara,9020460,2590,83,89863,5460
2020-06-20,Brazil,NA,Ceara,9020460,2293,58,92156,5518
2020-06-21,Brazil,NA,Ceara,9020460,710,5,92866,5523
2020-06-22,Brazil,NA,Ceara,9020460,1292,81,94158,5604
2020-06-23,Brazil,NA,Ceara,9020460,3370,113,97528,5717
2020-06-24,Brazil,NA,Ceara,9020460,2050,98,99578,5815
2020-06-25,Brazil,NA,Ceara,9020460,2548,60,102126,5875
2020-06-26,Brazil,NA,Ceara,9020460,2296,45,104422,5920
2020-06-27,Brazil,NA,Ceara,9020460,2206,61,106628,5981
2020-06-28,Brazil,NA,Ceara,9020460,940,9,107568,5990
2020-06-29,Brazil,NA,Ceara,9020460,657,86,108225,6076
2020-06-30,Brazil,NA,Ceara,9020460,474,70,108699,6146
2020-07-01,Brazil,NA,Ceara,9020460,4318,34,113017,6180
2020-07-02,Brazil,NA,Ceara,9020460,2507,104,115524,6284
2020-07-03,Brazil,NA,Ceara,9020460,2517,67,118041,6351
2020-07-04,Brazil,NA,Ceara,9020460,2911,60,120952,6411
2020-07-05,Brazil,NA,Ceara,9020460,512,30,121464,6441
2020-07-06,Brazil,NA,Ceara,9020460,1013,40,122477,6481
2020-07-07,Brazil,NA,Ceara,9020460,2475,75,124952,6556
2020-07-08,Brazil,NA,Ceara,9020460,3519,109,128471,6665
2020-07-09,Brazil,NA,Ceara,9020460,2529,76,131000,6741
2020-07-10,Brazil,NA,Ceara,9020460,2546,36,133546,6777
2020-07-11,Brazil,NA,Ceara,9020460,2399,76,135945,6853
2020-07-12,Brazil,NA,Ceara,9020460,840,15,136785,6868
2020-07-13,Brazil,NA,Ceara,9020460,421,79,137206,6947
2020-07-14,Brazil,NA,Ceara,9020460,2231,30,139437,6977
2020-07-15,Brazil,NA,Ceara,9020460,1811,53,141248,7030
2020-07-16,Brazil,NA,Ceara,9020460,2752,97,144000,7127
2020-07-17,Brazil,NA,Ceara,9020460,1938,38,145938,7165
2020-07-18,Brazil,NA,Ceara,9020460,606,8,146544,7173
2020-07-19,Brazil,NA,Ceara,9020460,428,5,146972,7178
2020-07-20,Brazil,NA,Ceara,9020460,594,7,147566,7185
2020-07-21,Brazil,NA,Ceara,9020460,1420,99,148986,7284
2020-07-22,Brazil,NA,Ceara,9020460,4122,33,153108,7317
2020-07-23,Brazil,NA,Ceara,9020460,3134,57,156242,7374
2020-07-24,Brazil,NA,Ceara,9020460,2582,52,158824,7426
2020-07-25,Brazil,NA,Ceara,9020460,2773,50,161597,7476
2020-07-26,Brazil,NA,Ceara,9020460,488,17,162085,7493
2020-07-27,Brazil,NA,Ceara,9020460,344,16,162429,7509
2020-07-28,Brazil,NA,Ceara,9020460,3121,104,165550,7613
2020-07-29,Brazil,NA,Ceara,9020460,3522,30,169072,7643
2020-07-30,Brazil,NA,Ceara,9020460,2396,18,171468,7661
2020-07-31,Brazil,NA,Ceara,9020460,2414,7,173882,7668
2020-08-01,Brazil,NA,Ceara,9020460,2046,30,175928,7698
2020-08-02,Brazil,NA,Ceara,9020460,652,11,176580,7709
2020-08-03,Brazil,NA,Ceara,9020460,381,43,176961,7752
2020-08-04,Brazil,NA,Ceara,9020460,2380,54,179341,7806
2020-08-05,Brazil,NA,Ceara,9020460,2102,61,181443,7867
2020-08-06,Brazil,NA,Ceara,9020460,1858,26,183301,7893
2020-08-07,Brazil,NA,Ceara,9020460,2108,28,185409,7921
2020-08-08,Brazil,NA,Ceara,9020460,2835,30,188244,7951
2020-08-09,Brazil,NA,Ceara,9020460,298,3,188542,7954
2020-08-10,Brazil,NA,Ceara,9020460,115,25,188657,7979
2020-08-11,Brazil,NA,Ceara,9020460,1893,32,190550,8011
2020-08-12,Brazil,NA,Ceara,9020460,1872,41,192422,8052
2020-08-13,Brazil,NA,Ceara,9020460,1659,36,194081,8088
2020-08-14,Brazil,NA,Ceara,9020460,2063,35,196144,8123
2020-08-15,Brazil,NA,Ceara,9020460,1237,6,197381,8129
2020-08-16,Brazil,NA,Ceara,9020460,238,4,197619,8133
2020-08-17,Brazil,NA,Ceara,9020460,583,30,198202,8163
2020-08-18,Brazil,NA,Ceara,9020460,1056,33,199258,8196
2020-08-19,Brazil,NA,Ceara,9020460,1943,45,201201,8241
2020-08-20,Brazil,NA,Ceara,9020460,1221,4,202422,8245
2020-08-21,Brazil,NA,Ceara,9020460,577,23,202999,8268
2020-08-22,Brazil,NA,Ceara,9020460,1588,18,204587,8286
2020-08-23,Brazil,NA,Ceara,9020460,854,3,205441,8289
2020-08-24,Brazil,NA,Ceara,9020460,123,3,205564,8292
2020-08-25,Brazil,NA,Ceara,9020460,1822,47,207386,8339
2020-08-26,Brazil,NA,Ceara,9020460,1396,12,208782,8351
2020-08-27,Brazil,NA,Ceara,9020460,1945,14,210727,8365
2020-08-28,Brazil,NA,Ceara,9020460,1757,11,212484,8376
2020-08-29,Brazil,NA,Ceara,9020460,1610,6,214094,8382
2020-08-30,Brazil,NA,Ceara,9020460,363,2,214457,8384
2020-08-31,Brazil,NA,Ceara,9020460,496,25,214953,8409
2020-09-01,Brazil,NA,Ceara,9020460,1380,38,216333,8447
2020-09-02,Brazil,NA,Ceara,9020460,2063,33,218396,8480
2020-09-03,Brazil,NA,Ceara,9020460,1276,13,219672,8493
2020-09-04,Brazil,NA,Ceara,9020460,10433,62,230105,8555
2020-09-05,Brazil,NA,Ceara,9020460,0,10,230105,8565
2020-09-06,Brazil,NA,Ceara,9020460,193,0,230105,8565
2020-09-07,Brazil,NA,Ceara,9020460,73,1,230105,8566
2020-09-08,Brazil,NA,Ceara,9020460,132,1,230105,8567
2020-09-09,Brazil,NA,Ceara,9020460,1045,37,230105,8604
2020-09-10,Brazil,NA,Ceara,9020460,1137,35,230105,8639
2020-09-11,Brazil,NA,Ceara,9020460,1119,27,230105,8666
2020-09-12,Brazil,NA,Ceara,9020460,1197,19,230105,8685
2020-09-13,Brazil,NA,Ceara,9020460,374,1,230105,8686
2020-09-14,Brazil,NA,Ceara,9020460,350,12,230105,8698
2020-09-15,Brazil,NA,Ceara,9020460,1273,41,230105,8739
2020-03-16,Brazil,NA,Distrito Federal,3039444,5,0,13,0
2020-03-17,Brazil,NA,Distrito Federal,3039444,9,0,22,0
2020-03-18,Brazil,NA,Distrito Federal,3039444,4,0,26,0
2020-03-19,Brazil,NA,Distrito Federal,3039444,16,0,42,0
2020-03-20,Brazil,NA,Distrito Federal,3039444,45,0,87,0
2020-03-21,Brazil,NA,Distrito Federal,3039444,13,0,100,0
2020-03-22,Brazil,NA,Distrito Federal,3039444,17,0,117,0
2020-03-23,Brazil,NA,Distrito Federal,3039444,16,0,133,0
2020-03-24,Brazil,NA,Distrito Federal,3039444,27,0,160,0
2020-03-25,Brazil,NA,Distrito Federal,3039444,0,0,160,0
2020-03-26,Brazil,NA,Distrito Federal,3039444,40,0,200,0
2020-03-27,Brazil,NA,Distrito Federal,3039444,30,0,230,0
2020-03-28,Brazil,NA,Distrito Federal,3039444,30,0,260,0
2020-03-29,Brazil,NA,Distrito Federal,3039444,29,1,289,1
2020-03-30,Brazil,NA,Distrito Federal,3039444,23,0,312,1
2020-03-31,Brazil,NA,Distrito Federal,3039444,20,2,332,3
2020-04-01,Brazil,NA,Distrito Federal,3039444,23,0,355,3
2020-04-02,Brazil,NA,Distrito Federal,3039444,15,1,370,4
2020-04-03,Brazil,NA,Distrito Federal,3039444,32,1,402,5
2020-04-04,Brazil,NA,Distrito Federal,3039444,52,2,454,7
2020-04-05,Brazil,NA,Distrito Federal,3039444,14,0,468,7
2020-04-06,Brazil,NA,Distrito Federal,3039444,5,3,473,10
2020-04-07,Brazil,NA,Distrito Federal,3039444,19,2,492,12
2020-04-08,Brazil,NA,Distrito Federal,3039444,17,0,509,12
2020-04-09,Brazil,NA,Distrito Federal,3039444,18,1,527,13
2020-04-10,Brazil,NA,Distrito Federal,3039444,28,1,555,14
2020-04-11,Brazil,NA,Distrito Federal,3039444,24,0,579,14
2020-04-12,Brazil,NA,Distrito Federal,3039444,35,0,614,14
2020-04-13,Brazil,NA,Distrito Federal,3039444,24,1,638,15
2020-04-14,Brazil,NA,Distrito Federal,3039444,13,2,651,17
2020-04-15,Brazil,NA,Distrito Federal,3039444,31,0,682,17
2020-04-16,Brazil,NA,Distrito Federal,3039444,34,3,716,20
2020-04-17,Brazil,NA,Distrito Federal,3039444,30,0,746,20
2020-04-18,Brazil,NA,Distrito Federal,3039444,16,4,762,24
2020-04-19,Brazil,NA,Distrito Federal,3039444,65,0,827,24
2020-04-20,Brazil,NA,Distrito Federal,3039444,45,0,872,24
2020-04-21,Brazil,NA,Distrito Federal,3039444,9,0,881,24
2020-04-22,Brazil,NA,Distrito Federal,3039444,65,1,946,25
2020-04-23,Brazil,NA,Distrito Federal,3039444,17,0,963,25
2020-04-24,Brazil,NA,Distrito Federal,3039444,26,1,989,26
2020-04-25,Brazil,NA,Distrito Federal,3039444,24,0,1013,26
2020-04-26,Brazil,NA,Distrito Federal,3039444,53,1,1066,27
2020-04-27,Brazil,NA,Distrito Federal,3039444,80,0,1146,27
2020-04-28,Brazil,NA,Distrito Federal,3039444,67,1,1213,28
2020-04-29,Brazil,NA,Distrito Federal,3039444,62,0,1275,28
2020-04-30,Brazil,NA,Distrito Federal,3039444,81,2,1356,30
2020-05-01,Brazil,NA,Distrito Federal,3039444,110,0,1466,30
2020-05-02,Brazil,NA,Distrito Federal,3039444,100,1,1566,31
2020-05-03,Brazil,NA,Distrito Federal,3039444,83,2,1649,33
2020-05-04,Brazil,NA,Distrito Federal,3039444,119,0,1768,33
2020-05-05,Brazil,NA,Distrito Federal,3039444,50,0,1818,33
2020-05-06,Brazil,NA,Distrito Federal,3039444,88,1,1906,34
2020-05-07,Brazil,NA,Distrito Federal,3039444,352,1,2258,35
2020-05-08,Brazil,NA,Distrito Federal,3039444,184,2,2442,37
2020-05-09,Brazil,NA,Distrito Federal,3039444,134,2,2576,39
2020-05-10,Brazil,NA,Distrito Federal,3039444,106,3,2682,42
2020-05-11,Brazil,NA,Distrito Federal,3039444,101,2,2783,44
2020-05-12,Brazil,NA,Distrito Federal,3039444,196,2,2979,46
2020-05-13,Brazil,NA,Distrito Federal,3039444,213,2,3192,48
2020-05-14,Brazil,NA,Distrito Federal,3039444,224,3,3416,51
2020-05-15,Brazil,NA,Distrito Federal,3039444,371,4,3787,55
2020-05-16,Brazil,NA,Distrito Federal,3039444,353,1,4140,56
2020-05-17,Brazil,NA,Distrito Federal,3039444,228,3,4368,59
2020-05-18,Brazil,NA,Distrito Federal,3039444,251,7,4619,66
2020-05-19,Brazil,NA,Distrito Federal,3039444,234,6,4853,72
2020-05-20,Brazil,NA,Distrito Federal,3039444,308,5,5161,77
2020-05-21,Brazil,NA,Distrito Federal,3039444,381,7,5542,84
2020-05-22,Brazil,NA,Distrito Federal,3039444,406,6,5948,90
2020-05-23,Brazil,NA,Distrito Federal,3039444,303,5,6251,95
2020-05-24,Brazil,NA,Distrito Federal,3039444,387,9,6638,104
2020-05-25,Brazil,NA,Distrito Federal,3039444,292,10,6930,114
2020-05-26,Brazil,NA,Distrito Federal,3039444,280,10,7210,124
2020-05-27,Brazil,NA,Distrito Federal,3039444,551,9,7761,133
2020-05-28,Brazil,NA,Distrito Federal,3039444,539,9,8300,142
2020-05-29,Brazil,NA,Distrito Federal,3039444,422,12,8722,154
2020-05-30,Brazil,NA,Distrito Federal,3039444,752,8,9474,162
2020-05-31,Brazil,NA,Distrito Federal,3039444,306,8,9780,170
2020-06-01,Brazil,NA,Distrito Federal,3039444,730,1,10510,171
2020-06-02,Brazil,NA,Distrito Federal,3039444,746,6,11256,177
2020-06-03,Brazil,NA,Distrito Federal,3039444,764,14,12020,191
2020-06-04,Brazil,NA,Distrito Federal,3039444,903,5,12923,196
2020-06-05,Brazil,NA,Distrito Federal,3039444,1285,6,14208,202
2020-06-06,Brazil,NA,Distrito Federal,3039444,1642,6,15850,208
2020-06-07,Brazil,NA,Distrito Federal,3039444,773,6,16623,214
2020-06-08,Brazil,NA,Distrito Federal,3039444,6,0,16629,214
2020-06-09,Brazil,NA,Distrito Federal,3039444,1461,22,18090,236
2020-06-10,Brazil,NA,Distrito Federal,3039444,1343,20,19433,256
2020-06-11,Brazil,NA,Distrito Federal,3039444,1074,18,20507,274
2020-06-12,Brazil,NA,Distrito Federal,3039444,889,8,21396,282
2020-06-13,Brazil,NA,Distrito Federal,3039444,563,11,21959,293
2020-06-14,Brazil,NA,Distrito Federal,3039444,912,11,22871,304
2020-06-15,Brazil,NA,Distrito Federal,3039444,813,15,23684,319
2020-06-16,Brazil,NA,Distrito Federal,3039444,1696,29,25380,348
2020-06-17,Brazil,NA,Distrito Federal,3039444,1760,17,27140,365
2020-06-18,Brazil,NA,Distrito Federal,3039444,1381,14,28521,379
2020-06-19,Brazil,NA,Distrito Federal,3039444,2381,17,30902,396
2020-06-20,Brazil,NA,Distrito Federal,3039444,1336,8,32238,404
2020-06-21,Brazil,NA,Distrito Federal,3039444,989,19,33227,423
2020-06-22,Brazil,NA,Distrito Federal,3039444,921,26,34148,449
2020-06-23,Brazil,NA,Distrito Federal,3039444,1220,26,35368,475
2020-06-24,Brazil,NA,Distrito Federal,3039444,1886,20,37254,495
2020-06-25,Brazil,NA,Distrito Federal,3039444,1617,14,38871,509
2020-06-26,Brazil,NA,Distrito Federal,3039444,2455,23,41326,532
2020-06-27,Brazil,NA,Distrito Federal,3039444,1440,5,42766,537
2020-06-28,Brazil,NA,Distrito Federal,3039444,2139,11,44905,548
2020-06-29,Brazil,NA,Distrito Federal,3039444,2166,11,47071,559
2020-06-30,Brazil,NA,Distrito Federal,3039444,2147,28,49218,587
2020-07-01,Brazil,NA,Distrito Federal,3039444,1458,33,50676,620
2020-07-02,Brazil,NA,Distrito Federal,3039444,1605,11,52281,631
2020-07-03,Brazil,NA,Distrito Federal,3039444,1715,12,53996,643
2020-07-04,Brazil,NA,Distrito Federal,3039444,1764,28,55760,671
2020-07-05,Brazil,NA,Distrito Federal,3039444,2094,28,57854,699
2020-07-06,Brazil,NA,Distrito Federal,3039444,2529,27,60383,726
2020-07-07,Brazil,NA,Distrito Federal,3039444,2311,41,62694,767
2020-07-08,Brazil,NA,Distrito Federal,3039444,1620,34,64314,801
2020-07-09,Brazil,NA,Distrito Federal,3039444,1363,22,65677,823
2020-07-10,Brazil,NA,Distrito Federal,3039444,1620,33,67297,856
2020-07-11,Brazil,NA,Distrito Federal,3039444,1109,15,68406,871
2020-07-12,Brazil,NA,Distrito Federal,3039444,2306,31,70712,902
2020-07-13,Brazil,NA,Distrito Federal,3039444,1572,28,72284,930
2020-07-14,Brazil,NA,Distrito Federal,3039444,1370,30,73654,960
2020-07-15,Brazil,NA,Distrito Federal,3039444,1725,41,75379,1001
2020-07-16,Brazil,NA,Distrito Federal,3039444,2242,36,77621,1037
2020-07-17,Brazil,NA,Distrito Federal,3039444,1779,23,79400,1060
2020-07-18,Brazil,NA,Distrito Federal,3039444,1763,15,81163,1075
2020-07-19,Brazil,NA,Distrito Federal,3039444,1249,10,82412,1085
2020-07-20,Brazil,NA,Distrito Federal,3039444,1875,27,84287,1112
2020-07-21,Brazil,NA,Distrito Federal,3039444,1789,46,86076,1158
2020-07-22,Brazil,NA,Distrito Federal,3039444,1725,18,87801,1176
2020-07-23,Brazil,NA,Distrito Federal,3039444,2222,42,90023,1218
2020-07-24,Brazil,NA,Distrito Federal,3039444,2391,26,92414,1244
2020-07-25,Brazil,NA,Distrito Federal,3039444,1773,31,94187,1275
2020-07-26,Brazil,NA,Distrito Federal,3039444,2145,33,96332,1308
2020-07-27,Brazil,NA,Distrito Federal,3039444,2148,31,98480,1339
2020-07-28,Brazil,NA,Distrito Federal,3039444,2246,52,100726,1391
2020-07-29,Brazil,NA,Distrito Federal,3039444,1616,28,102342,1419
2020-07-30,Brazil,NA,Distrito Federal,3039444,2100,25,104442,1444
2020-07-31,Brazil,NA,Distrito Federal,3039444,1850,25,106292,1469
2020-08-01,Brazil,NA,Distrito Federal,3039444,1630,21,107922,1490
2020-08-02,Brazil,NA,Distrito Federal,3039444,2106,33,110028,1523
2020-08-03,Brazil,NA,Distrito Federal,3039444,2016,23,112044,1546
2020-08-04,Brazil,NA,Distrito Federal,3039444,1880,26,113924,1572
2020-08-05,Brazil,NA,Distrito Federal,3039444,2042,0,115966,1572
2020-08-06,Brazil,NA,Distrito Federal,3039444,2034,79,118000,1651
2020-08-07,Brazil,NA,Distrito Federal,3039444,1903,31,119903,1682
2020-08-08,Brazil,NA,Distrito Federal,3039444,1921,30,121824,1712
2020-08-09,Brazil,NA,Distrito Federal,3039444,1233,19,123057,1731
2020-08-10,Brazil,NA,Distrito Federal,3039444,3012,31,126069,1762
2020-08-11,Brazil,NA,Distrito Federal,3039444,1415,53,127484,1815
2020-08-12,Brazil,NA,Distrito Federal,3039444,1700,55,129184,1870
2020-08-13,Brazil,NA,Distrito Federal,3039444,1986,35,131170,1905
2020-08-14,Brazil,NA,Distrito Federal,3039444,1996,30,133166,1935
2020-08-15,Brazil,NA,Distrito Federal,3039444,1848,23,135014,1958
2020-08-16,Brazil,NA,Distrito Federal,3039444,1453,18,136467,1976
2020-08-17,Brazil,NA,Distrito Federal,3039444,2268,66,138735,2042
2020-08-18,Brazil,NA,Distrito Federal,3039444,1435,55,140170,2097
2020-08-19,Brazil,NA,Distrito Federal,3039444,1592,51,141762,2148
2020-08-20,Brazil,NA,Distrito Federal,3039444,1997,52,143759,2200
2020-08-21,Brazil,NA,Distrito Federal,3039444,1693,42,145452,2242
2020-08-22,Brazil,NA,Distrito Federal,3039444,1675,15,147127,2257
2020-08-23,Brazil,NA,Distrito Federal,3039444,1871,17,148998,2274
2020-08-24,Brazil,NA,Distrito Federal,3039444,1521,42,150519,2316
2020-08-25,Brazil,NA,Distrito Federal,3039444,3171,28,153690,2344
2020-08-26,Brazil,NA,Distrito Federal,3039444,1563,55,155253,2399
2020-08-27,Brazil,NA,Distrito Federal,3039444,1610,26,156863,2425
2020-08-28,Brazil,NA,Distrito Federal,3039444,1317,15,158180,2440
2020-08-29,Brazil,NA,Distrito Federal,3039444,1346,10,159526,2450
2020-08-30,Brazil,NA,Distrito Federal,3039444,1270,19,160796,2469
2020-08-31,Brazil,NA,Distrito Federal,3039444,1246,52,162042,2521
2020-09-01,Brazil,NA,Distrito Federal,3039444,1456,52,163498,2573
2020-09-02,Brazil,NA,Distrito Federal,3039444,1151,36,164649,2609
2020-09-03,Brazil,NA,Distrito Federal,3039444,1254,32,165903,2641
2020-09-04,Brazil,NA,Distrito Federal,3039444,1297,40,167200,2681
2020-09-05,Brazil,NA,Distrito Federal,3039444,1405,19,168605,2700
2020-09-06,Brazil,NA,Distrito Federal,3039444,1012,10,169617,2710
2020-09-07,Brazil,NA,Distrito Federal,3039444,1189,10,170806,2720
2020-09-08,Brazil,NA,Distrito Federal,3039444,933,43,171739,2763
2020-09-09,Brazil,NA,Distrito Federal,3039444,969,50,172708,2813
2020-09-10,Brazil,NA,Distrito Federal,3039444,923,30,173631,2843
2020-09-11,Brazil,NA,Distrito Federal,3039444,918,24,174549,2867
2020-09-12,Brazil,NA,Distrito Federal,3039444,1097,16,175646,2883
2020-09-13,Brazil,NA,Distrito Federal,3039444,1191,16,176837,2899
2020-09-14,Brazil,NA,Distrito Federal,3039444,1084,31,177921,2930
2020-09-15,Brazil,NA,Distrito Federal,3039444,826,40,178747,2970
2020-03-19,Brazil,NA,Espirito Santo,3885049,2,0,11,0
2020-03-20,Brazil,NA,Espirito Santo,3885049,2,0,13,0
2020-03-21,Brazil,NA,Espirito Santo,3885049,13,0,26,0
2020-03-22,Brazil,NA,Espirito Santo,3885049,0,0,26,0
2020-03-23,Brazil,NA,Espirito Santo,3885049,3,0,29,0
2020-03-24,Brazil,NA,Espirito Santo,3885049,4,0,33,0
2020-03-25,Brazil,NA,Espirito Santo,3885049,6,0,39,0
2020-03-26,Brazil,NA,Espirito Santo,3885049,0,0,39,0
2020-03-27,Brazil,NA,Espirito Santo,3885049,8,0,47,0
2020-03-28,Brazil,NA,Espirito Santo,3885049,6,0,53,0
2020-03-29,Brazil,NA,Espirito Santo,3885049,7,0,60,0
2020-03-30,Brazil,NA,Espirito Santo,3885049,12,0,72,0
2020-03-31,Brazil,NA,Espirito Santo,3885049,12,0,84,0
2020-04-01,Brazil,NA,Espirito Santo,3885049,12,0,96,0
2020-04-02,Brazil,NA,Espirito Santo,3885049,24,1,120,1
2020-04-03,Brazil,NA,Espirito Santo,3885049,19,3,139,4
2020-04-04,Brazil,NA,Espirito Santo,3885049,14,1,153,5
2020-04-05,Brazil,NA,Espirito Santo,3885049,13,1,166,6
2020-04-06,Brazil,NA,Espirito Santo,3885049,28,0,194,6
2020-04-07,Brazil,NA,Espirito Santo,3885049,15,0,209,6
2020-04-08,Brazil,NA,Espirito Santo,3885049,18,0,227,6
2020-04-09,Brazil,NA,Espirito Santo,3885049,46,0,273,6
2020-04-10,Brazil,NA,Espirito Santo,3885049,27,1,300,7
2020-04-11,Brazil,NA,Espirito Santo,3885049,49,2,349,9
2020-04-12,Brazil,NA,Espirito Santo,3885049,34,0,383,9
2020-04-13,Brazil,NA,Espirito Santo,3885049,47,5,430,14
2020-04-14,Brazil,NA,Espirito Santo,3885049,33,3,463,17
2020-04-15,Brazil,NA,Espirito Santo,3885049,94,1,557,18
2020-04-16,Brazil,NA,Espirito Santo,3885049,197,4,754,22
2020-04-17,Brazil,NA,Espirito Santo,3885049,102,3,856,25
2020-04-18,Brazil,NA,Espirito Santo,3885049,96,3,952,28
2020-04-19,Brazil,NA,Espirito Santo,3885049,147,2,1099,30
2020-04-20,Brazil,NA,Espirito Santo,3885049,69,3,1168,33
2020-04-21,Brazil,NA,Espirito Santo,3885049,44,1,1212,34
2020-04-22,Brazil,NA,Espirito Santo,3885049,101,0,1313,34
2020-04-23,Brazil,NA,Espirito Santo,3885049,50,8,1363,42
2020-04-24,Brazil,NA,Espirito Santo,3885049,18,0,1381,42
2020-04-25,Brazil,NA,Espirito Santo,3885049,214,5,1595,47
2020-04-26,Brazil,NA,Espirito Santo,3885049,108,4,1703,51
2020-04-27,Brazil,NA,Espirito Santo,3885049,93,6,1796,57
2020-04-28,Brazil,NA,Espirito Santo,3885049,78,7,1874,64
2020-04-29,Brazil,NA,Espirito Santo,3885049,233,12,2107,76
2020-04-30,Brazil,NA,Espirito Santo,3885049,358,7,2465,83
2020-05-01,Brazil,NA,Espirito Santo,3885049,197,13,2662,96
2020-05-02,Brazil,NA,Espirito Santo,3885049,286,6,2948,102
2020-05-03,Brazil,NA,Espirito Santo,3885049,138,12,3086,114
2020-05-04,Brazil,NA,Espirito Santo,3885049,140,8,3226,122
2020-05-05,Brazil,NA,Espirito Santo,3885049,176,11,3402,133
2020-05-06,Brazil,NA,Espirito Santo,3885049,166,12,3568,145
2020-05-07,Brazil,NA,Espirito Santo,3885049,270,10,3838,155
2020-05-08,Brazil,NA,Espirito Santo,3885049,404,10,4242,165
2020-05-09,Brazil,NA,Espirito Santo,3885049,170,7,4412,172
2020-05-10,Brazil,NA,Espirito Santo,3885049,187,9,4599,181
2020-05-11,Brazil,NA,Espirito Santo,3885049,220,15,4819,196
2020-05-12,Brazil,NA,Espirito Santo,3885049,268,16,5087,212
2020-05-13,Brazil,NA,Espirito Santo,3885049,314,21,5401,233
2020-05-14,Brazil,NA,Espirito Santo,3885049,412,16,5813,249
2020-05-15,Brazil,NA,Espirito Santo,3885049,385,11,6198,260
2020-05-16,Brazil,NA,Espirito Santo,3885049,397,11,6595,271
2020-05-17,Brazil,NA,Espirito Santo,3885049,149,14,6744,285
2020-05-18,Brazil,NA,Espirito Santo,3885049,413,17,7157,302
2020-05-19,Brazil,NA,Espirito Santo,3885049,536,23,7693,325
2020-05-20,Brazil,NA,Espirito Santo,3885049,399,16,8092,341
2020-05-21,Brazil,NA,Espirito Santo,3885049,786,22,8878,363
2020-05-22,Brazil,NA,Espirito Santo,3885049,642,34,9520,397
2020-05-23,Brazil,NA,Espirito Santo,3885049,398,20,9918,417
2020-05-24,Brazil,NA,Espirito Santo,3885049,89,29,10007,446
2020-05-25,Brazil,NA,Espirito Santo,3885049,358,19,10365,465
2020-05-26,Brazil,NA,Espirito Santo,3885049,524,22,10889,487
2020-05-27,Brazil,NA,Espirito Santo,3885049,595,24,11484,511
2020-05-28,Brazil,NA,Espirito Santo,3885049,719,27,12203,538
2020-05-29,Brazil,NA,Espirito Santo,3885049,700,22,12903,560
2020-05-30,Brazil,NA,Espirito Santo,3885049,534,23,13437,583
2020-05-31,Brazil,NA,Espirito Santo,3885049,253,21,13690,604
2020-06-01,Brazil,NA,Espirito Santo,3885049,379,10,14069,614
2020-06-02,Brazil,NA,Espirito Santo,3885049,1082,50,15151,664
2020-06-03,Brazil,NA,Espirito Santo,3885049,970,34,16121,698
2020-06-04,Brazil,NA,Espirito Santo,3885049,773,39,16894,737
2020-06-05,Brazil,NA,Espirito Santo,3885049,1215,43,18109,780
2020-06-06,Brazil,NA,Espirito Santo,3885049,841,26,18950,806
2020-06-07,Brazil,NA,Espirito Santo,3885049,669,26,19619,832
2020-06-08,Brazil,NA,Espirito Santo,3885049,1040,39,20659,871
2020-06-09,Brazil,NA,Espirito Santo,3885049,1305,33,21964,904
2020-06-10,Brazil,NA,Espirito Santo,3885049,1380,32,23344,936
2020-06-11,Brazil,NA,Espirito Santo,3885049,885,26,24229,962
2020-06-12,Brazil,NA,Espirito Santo,3885049,1028,24,25257,986
2020-06-13,Brazil,NA,Espirito Santo,3885049,675,36,25932,1022
2020-06-14,Brazil,NA,Espirito Santo,3885049,509,32,26441,1054
2020-06-15,Brazil,NA,Espirito Santo,3885049,1140,32,27581,1086
2020-06-16,Brazil,NA,Espirito Santo,3885049,1371,45,28952,1131
2020-06-17,Brazil,NA,Espirito Santo,3885049,1489,38,30441,1169
2020-06-18,Brazil,NA,Espirito Santo,3885049,1230,48,31671,1217
2020-06-19,Brazil,NA,Espirito Santo,3885049,1471,48,33142,1265
2020-06-20,Brazil,NA,Espirito Santo,3885049,1074,32,34216,1297
2020-06-21,Brazil,NA,Espirito Santo,3885049,642,29,34858,1326
2020-06-22,Brazil,NA,Espirito Santo,3885049,926,36,35784,1362
2020-06-23,Brazil,NA,Espirito Santo,3885049,1043,63,36827,1425
2020-06-24,Brazil,NA,Espirito Santo,3885049,1654,38,38481,1463
2020-06-25,Brazil,NA,Espirito Santo,3885049,1765,27,40246,1490
2020-06-26,Brazil,NA,Espirito Santo,3885049,1406,17,41652,1507
2020-06-27,Brazil,NA,Espirito Santo,3885049,0,0,41652,1507
2020-06-28,Brazil,NA,Espirito Santo,3885049,2031,61,43683,1568
2020-06-29,Brazil,NA,Espirito Santo,3885049,1414,53,45097,1621
2020-06-30,Brazil,NA,Espirito Santo,3885049,1796,27,46893,1648
2020-07-01,Brazil,NA,Espirito Santo,3885049,1928,45,48821,1693
2020-07-02,Brazil,NA,Espirito Santo,3885049,1419,35,50240,1728
2020-07-03,Brazil,NA,Espirito Santo,3885049,1449,30,51689,1758
2020-07-04,Brazil,NA,Espirito Santo,3885049,1134,23,52823,1781
2020-07-05,Brazil,NA,Espirito Santo,3885049,570,23,53393,1804
2020-07-06,Brazil,NA,Espirito Santo,3885049,1154,34,54547,1838
2020-07-07,Brazil,NA,Espirito Santo,3885049,2151,42,56698,1880
2020-07-08,Brazil,NA,Espirito Santo,3885049,1839,31,58537,1911
2020-07-09,Brazil,NA,Espirito Santo,3885049,1472,19,60009,1930
2020-07-10,Brazil,NA,Espirito Santo,3885049,1347,37,61356,1967
2020-07-11,Brazil,NA,Espirito Santo,3885049,880,17,62236,1984
2020-07-12,Brazil,NA,Espirito Santo,3885049,563,19,62799,2003
2020-07-13,Brazil,NA,Espirito Santo,3885049,1080,37,63879,2040
2020-07-14,Brazil,NA,Espirito Santo,3885049,1334,42,65213,2082
2020-07-15,Brazil,NA,Espirito Santo,3885049,1139,15,66352,2097
2020-07-16,Brazil,NA,Espirito Santo,3885049,1766,39,68118,2136
2020-07-17,Brazil,NA,Espirito Santo,3885049,1343,38,69461,2174
2020-07-18,Brazil,NA,Espirito Santo,3885049,670,28,70131,2202
2020-07-19,Brazil,NA,Espirito Santo,3885049,478,20,70609,2222
2020-07-20,Brazil,NA,Espirito Santo,3885049,1094,34,71703,2256
2020-07-21,Brazil,NA,Espirito Santo,3885049,898,24,72601,2280
2020-07-22,Brazil,NA,Espirito Santo,3885049,1087,25,73688,2305
2020-07-23,Brazil,NA,Espirito Santo,3885049,920,36,74608,2341
2020-07-24,Brazil,NA,Espirito Santo,3885049,1246,32,75854,2373
2020-07-25,Brazil,NA,Espirito Santo,3885049,744,13,76598,2386
2020-07-26,Brazil,NA,Espirito Santo,3885049,602,25,77200,2411
2020-07-27,Brazil,NA,Espirito Santo,3885049,837,25,78037,2436
2020-07-28,Brazil,NA,Espirito Santo,3885049,1427,27,79464,2463
2020-07-29,Brazil,NA,Espirito Santo,3885049,1105,23,80569,2486
2020-07-30,Brazil,NA,Espirito Santo,3885049,1316,28,81885,2514
2020-07-31,Brazil,NA,Espirito Santo,3885049,1407,31,83292,2545
2020-08-01,Brazil,NA,Espirito Santo,3885049,522,21,83814,2566
2020-08-02,Brazil,NA,Espirito Santo,3885049,424,12,84238,2578
2020-08-03,Brazil,NA,Espirito Santo,3885049,977,23,85215,2601
2020-08-04,Brazil,NA,Espirito Santo,3885049,994,27,86209,2628
2020-08-05,Brazil,NA,Espirito Santo,3885049,1033,18,87242,2646
2020-08-06,Brazil,NA,Espirito Santo,3885049,1301,21,88543,2667
2020-08-07,Brazil,NA,Espirito Santo,3885049,1380,31,89923,2698
2020-08-08,Brazil,NA,Espirito Santo,3885049,1223,22,91146,2720
2020-08-09,Brazil,NA,Espirito Santo,3885049,645,15,91791,2735
2020-08-10,Brazil,NA,Espirito Santo,3885049,1278,29,93069,2764
2020-08-11,Brazil,NA,Espirito Santo,3885049,1407,19,94476,2783
2020-08-12,Brazil,NA,Espirito Santo,3885049,1277,22,95753,2805
2020-08-13,Brazil,NA,Espirito Santo,3885049,1196,18,96949,2823
2020-08-14,Brazil,NA,Espirito Santo,3885049,1157,26,98106,2849
2020-08-15,Brazil,NA,Espirito Santo,3885049,659,15,98765,2864
2020-08-16,Brazil,NA,Espirito Santo,3885049,815,11,99580,2875
2020-08-17,Brazil,NA,Espirito Santo,3885049,1279,33,100859,2908
2020-08-18,Brazil,NA,Espirito Santo,3885049,1015,30,101874,2938
2020-08-19,Brazil,NA,Espirito Santo,3885049,1216,25,103090,2963
2020-08-20,Brazil,NA,Espirito Santo,3885049,947,17,104037,2980
2020-08-21,Brazil,NA,Espirito Santo,3885049,874,20,104911,3000
2020-08-22,Brazil,NA,Espirito Santo,3885049,702,16,105613,3016
2020-08-23,Brazil,NA,Espirito Santo,3885049,279,10,105892,3026
2020-08-24,Brazil,NA,Espirito Santo,3885049,601,19,106493,3045
2020-08-25,Brazil,NA,Espirito Santo,3885049,698,23,107191,3068
2020-08-26,Brazil,NA,Espirito Santo,3885049,718,18,107909,3086
2020-08-27,Brazil,NA,Espirito Santo,3885049,753,19,108662,3105
2020-08-28,Brazil,NA,Espirito Santo,3885049,831,12,109493,3117
2020-08-29,Brazil,NA,Espirito Santo,3885049,532,12,110025,3129
2020-08-30,Brazil,NA,Espirito Santo,3885049,326,6,110351,3135
2020-08-31,Brazil,NA,Espirito Santo,3885049,910,23,111261,3158
2020-09-01,Brazil,NA,Espirito Santo,3885049,718,23,111979,3181
2020-09-02,Brazil,NA,Espirito Santo,3885049,846,23,112825,3204
2020-09-03,Brazil,NA,Espirito Santo,3885049,934,17,113759,3221
2020-09-04,Brazil,NA,Espirito Santo,3885049,941,14,114700,3235
2020-09-05,Brazil,NA,Espirito Santo,3885049,472,7,115172,3242
2020-09-06,Brazil,NA,Espirito Santo,3885049,333,14,115505,3256
2020-09-07,Brazil,NA,Espirito Santo,3885049,288,12,115793,3268
2020-09-08,Brazil,NA,Espirito Santo,3885049,785,18,116578,3286
2020-09-09,Brazil,NA,Espirito Santo,3885049,692,12,117270,3298
2020-09-10,Brazil,NA,Espirito Santo,3885049,868,16,118138,3314
2020-09-11,Brazil,NA,Espirito Santo,3885049,675,18,118813,3332
2020-09-12,Brazil,NA,Espirito Santo,3885049,541,6,119354,3338
2020-09-13,Brazil,NA,Espirito Santo,3885049,194,8,119548,3346
2020-09-14,Brazil,NA,Espirito Santo,3885049,703,13,120251,3359
2020-09-15,Brazil,NA,Espirito Santo,3885049,665,13,120916,3372
2020-03-19,Brazil,NA,Goias,6778772,4,0,12,0
2020-03-20,Brazil,NA,Goias,6778772,3,0,15,0
2020-03-21,Brazil,NA,Goias,6778772,5,0,20,0
2020-03-22,Brazil,NA,Goias,6778772,1,0,21,0
2020-03-23,Brazil,NA,Goias,6778772,2,0,23,0
2020-03-24,Brazil,NA,Goias,6778772,4,0,27,0
2020-03-25,Brazil,NA,Goias,6778772,2,0,29,0
2020-03-26,Brazil,NA,Goias,6778772,10,1,39,1
2020-03-27,Brazil,NA,Goias,6778772,10,0,49,1
2020-03-28,Brazil,NA,Goias,6778772,7,0,56,1
2020-03-29,Brazil,NA,Goias,6778772,2,0,58,1
2020-03-30,Brazil,NA,Goias,6778772,3,0,61,1
2020-03-31,Brazil,NA,Goias,6778772,4,0,65,1
2020-04-01,Brazil,NA,Goias,6778772,6,0,71,1
2020-04-02,Brazil,NA,Goias,6778772,2,0,73,1
2020-04-03,Brazil,NA,Goias,6778772,15,1,88,2
2020-04-04,Brazil,NA,Goias,6778772,15,0,103,2
2020-04-05,Brazil,NA,Goias,6778772,12,1,115,3
2020-04-06,Brazil,NA,Goias,6778772,4,2,119,5
2020-04-07,Brazil,NA,Goias,6778772,14,0,133,5
2020-04-08,Brazil,NA,Goias,6778772,25,2,158,7
2020-04-09,Brazil,NA,Goias,6778772,21,0,179,7
2020-04-10,Brazil,NA,Goias,6778772,12,1,191,8
2020-04-11,Brazil,NA,Goias,6778772,18,2,209,10
2020-04-12,Brazil,NA,Goias,6778772,20,4,229,14
2020-04-13,Brazil,NA,Goias,6778772,4,1,233,15
2020-04-14,Brazil,NA,Goias,6778772,51,0,284,15
2020-04-15,Brazil,NA,Goias,6778772,20,0,304,15
2020-04-16,Brazil,NA,Goias,6778772,14,1,318,16
2020-04-17,Brazil,NA,Goias,6778772,17,0,335,16
2020-04-18,Brazil,NA,Goias,6778772,43,2,378,18
2020-04-19,Brazil,NA,Goias,6778772,15,0,393,18
2020-04-20,Brazil,NA,Goias,6778772,10,1,403,19
2020-04-21,Brazil,NA,Goias,6778772,18,0,421,19
2020-04-22,Brazil,NA,Goias,6778772,17,2,438,21
2020-04-23,Brazil,NA,Goias,6778772,15,2,453,23
2020-04-24,Brazil,NA,Goias,6778772,33,1,486,24
2020-04-25,Brazil,NA,Goias,6778772,20,1,506,25
2020-04-26,Brazil,NA,Goias,6778772,67,0,573,25
2020-04-27,Brazil,NA,Goias,6778772,43,1,616,26
2020-04-28,Brazil,NA,Goias,6778772,45,1,661,27
2020-04-29,Brazil,NA,Goias,6778772,44,0,705,27
2020-04-30,Brazil,NA,Goias,6778772,76,2,781,29
2020-05-01,Brazil,NA,Goias,6778772,27,0,808,29
2020-05-02,Brazil,NA,Goias,6778772,17,1,825,30
2020-05-03,Brazil,NA,Goias,6778772,25,0,850,30
2020-05-04,Brazil,NA,Goias,6778772,11,0,861,30
2020-05-05,Brazil,NA,Goias,6778772,61,8,922,38
2020-05-06,Brazil,NA,Goias,6778772,102,6,1024,44
2020-05-07,Brazil,NA,Goias,6778772,3,0,1027,44
2020-05-08,Brazil,NA,Goias,6778772,26,3,1053,47
2020-05-09,Brazil,NA,Goias,6778772,16,0,1069,47
2020-05-10,Brazil,NA,Goias,6778772,24,0,1093,47
2020-05-11,Brazil,NA,Goias,6778772,7,2,1100,49
2020-05-12,Brazil,NA,Goias,6778772,15,3,1115,52
2020-05-13,Brazil,NA,Goias,6778772,19,9,1134,61
2020-05-14,Brazil,NA,Goias,6778772,289,3,1423,64
2020-05-15,Brazil,NA,Goias,6778772,149,3,1572,67
2020-05-16,Brazil,NA,Goias,6778772,68,2,1640,69
2020-05-17,Brazil,NA,Goias,6778772,52,1,1692,70
2020-05-18,Brazil,NA,Goias,6778772,57,3,1749,73
2020-05-19,Brazil,NA,Goias,6778772,97,0,1846,73
2020-05-20,Brazil,NA,Goias,6778772,132,5,1978,78
2020-05-21,Brazil,NA,Goias,6778772,136,7,2114,85
2020-05-22,Brazil,NA,Goias,6778772,190,8,2304,93
2020-05-23,Brazil,NA,Goias,6778772,73,2,2377,95
2020-05-24,Brazil,NA,Goias,6778772,66,0,2443,95
2020-05-25,Brazil,NA,Goias,6778772,69,1,2512,96
2020-05-26,Brazil,NA,Goias,6778772,159,8,2671,104
2020-05-27,Brazil,NA,Goias,6778772,172,4,2843,108
2020-05-28,Brazil,NA,Goias,6778772,247,7,3090,115
2020-05-29,Brazil,NA,Goias,6778772,229,4,3319,119
2020-05-30,Brazil,NA,Goias,6778772,266,3,3585,122
2020-05-31,Brazil,NA,Goias,6778772,117,2,3702,124
2020-06-01,Brazil,NA,Goias,6778772,204,3,3906,127
2020-06-02,Brazil,NA,Goias,6778772,471,24,4377,151
2020-06-03,Brazil,NA,Goias,6778772,193,4,4570,155
2020-06-04,Brazil,NA,Goias,6778772,374,9,4944,164
2020-06-05,Brazil,NA,Goias,6778772,429,3,5373,167
2020-06-06,Brazil,NA,Goias,6778772,296,5,5669,172
2020-06-07,Brazil,NA,Goias,6778772,144,1,5813,173
2020-06-08,Brazil,NA,Goias,6778772,311,0,6124,173
2020-06-09,Brazil,NA,Goias,6778772,397,7,6521,180
2020-06-10,Brazil,NA,Goias,6778772,638,8,7159,188
2020-06-11,Brazil,NA,Goias,6778772,498,1,7657,189
2020-06-12,Brazil,NA,Goias,6778772,189,5,7846,194
2020-06-13,Brazil,NA,Goias,6778772,94,14,7940,208
2020-06-14,Brazil,NA,Goias,6778772,4,3,7944,211
2020-06-15,Brazil,NA,Goias,6778772,2238,15,10182,226
2020-06-16,Brazil,NA,Goias,6778772,1082,20,11264,246
2020-06-17,Brazil,NA,Goias,6778772,972,6,12236,252
2020-06-18,Brazil,NA,Goias,6778772,1068,12,13304,264
2020-06-19,Brazil,NA,Goias,6778772,723,17,14027,281
2020-06-20,Brazil,NA,Goias,6778772,853,14,14880,295
2020-06-21,Brazil,NA,Goias,6778772,739,8,15619,303
2020-06-22,Brazil,NA,Goias,6778772,917,8,16536,311
2020-06-23,Brazil,NA,Goias,6778772,1032,18,17568,329
2020-06-24,Brazil,NA,Goias,6778772,1054,34,18622,363
2020-06-25,Brazil,NA,Goias,6778772,925,21,19547,384
2020-06-26,Brazil,NA,Goias,6778772,1316,25,20863,409
2020-06-27,Brazil,NA,Goias,6778772,757,20,21620,429
2020-06-28,Brazil,NA,Goias,6778772,364,6,21984,435
2020-06-29,Brazil,NA,Goias,6778772,1023,2,23007,437
2020-06-30,Brazil,NA,Goias,6778772,1374,37,24381,474
2020-07-01,Brazil,NA,Goias,6778772,1160,29,25541,503
2020-07-02,Brazil,NA,Goias,6778772,722,42,26263,545
2020-07-03,Brazil,NA,Goias,6778772,67,41,26330,586
2020-07-04,Brazil,NA,Goias,6778772,2164,25,28494,611
2020-07-05,Brazil,NA,Goias,6778772,32,10,28526,621
2020-07-06,Brazil,NA,Goias,6778772,770,33,29296,654
2020-07-07,Brazil,NA,Goias,6778772,2012,47,31308,701
2020-07-08,Brazil,NA,Goias,6778772,1356,32,32664,733
2020-07-09,Brazil,NA,Goias,6778772,1212,36,33876,769
2020-07-10,Brazil,NA,Goias,6778772,1262,38,35138,807
2020-07-11,Brazil,NA,Goias,6778772,655,37,35793,844
2020-07-12,Brazil,NA,Goias,6778772,451,5,36244,849
2020-07-13,Brazil,NA,Goias,6778772,452,3,36696,852
2020-07-14,Brazil,NA,Goias,6778772,1136,28,37832,880
2020-07-15,Brazil,NA,Goias,6778772,1063,47,38895,927
2020-07-16,Brazil,NA,Goias,6778772,1306,59,40201,986
2020-07-17,Brazil,NA,Goias,6778772,480,43,40681,1029
2020-07-18,Brazil,NA,Goias,6778772,114,50,40795,1079
2020-07-19,Brazil,NA,Goias,6778772,0,13,40795,1092
2020-07-20,Brazil,NA,Goias,6778772,3,14,40795,1106
2020-07-21,Brazil,NA,Goias,6778772,3022,48,43794,1154
2020-07-22,Brazil,NA,Goias,6778772,3490,39,47284,1193
2020-07-23,Brazil,NA,Goias,6778772,3174,69,50458,1262
2020-07-24,Brazil,NA,Goias,6778772,2389,70,52847,1332
2020-07-25,Brazil,NA,Goias,6778772,1954,46,54801,1378
2020-07-26,Brazil,NA,Goias,6778772,1113,14,55914,1392
2020-07-27,Brazil,NA,Goias,6778772,2071,8,57985,1400
2020-07-28,Brazil,NA,Goias,6778772,2652,73,60637,1473
2020-07-29,Brazil,NA,Goias,6778772,3021,81,63658,1554
2020-07-30,Brazil,NA,Goias,6778772,1611,10,65269,1564
2020-07-31,Brazil,NA,Goias,6778772,2672,92,67941,1656
2020-08-01,Brazil,NA,Goias,6778772,1546,30,69487,1686
2020-08-02,Brazil,NA,Goias,6778772,628,11,70115,1697
2020-08-03,Brazil,NA,Goias,6778772,137,19,70252,1716
2020-08-04,Brazil,NA,Goias,6778772,2979,75,73231,1791
2020-08-05,Brazil,NA,Goias,6778772,3374,39,76605,1830
2020-08-06,Brazil,NA,Goias,6778772,3292,58,79897,1888
2020-08-07,Brazil,NA,Goias,6778772,2910,58,82807,1946
2020-08-08,Brazil,NA,Goias,6778772,1724,62,84531,2008
2020-08-09,Brazil,NA,Goias,6778772,540,12,85071,2020
2020-08-10,Brazil,NA,Goias,6778772,1380,3,86451,2023
2020-08-11,Brazil,NA,Goias,6778772,3775,76,90226,2099
2020-08-12,Brazil,NA,Goias,6778772,3048,36,93274,2135
2020-08-13,Brazil,NA,Goias,6778772,3475,78,96749,2213
2020-08-14,Brazil,NA,Goias,6778772,2485,73,99234,2286
2020-08-15,Brazil,NA,Goias,6778772,1704,0,100938,2286
2020-08-16,Brazil,NA,Goias,6778772,654,36,101592,2322
2020-08-17,Brazil,NA,Goias,6778772,1073,14,102665,2336
2020-08-18,Brazil,NA,Goias,6778772,3297,78,105962,2414
2020-08-19,Brazil,NA,Goias,6778772,3291,61,109253,2475
2020-08-20,Brazil,NA,Goias,6778772,2583,83,111836,2558
2020-08-21,Brazil,NA,Goias,6778772,1215,89,113051,2647
2020-08-22,Brazil,NA,Goias,6778772,2479,66,115530,2713
2020-08-23,Brazil,NA,Goias,6778772,1134,30,116664,2743
2020-08-24,Brazil,NA,Goias,6778772,1905,15,118569,2758
2020-08-25,Brazil,NA,Goias,6778772,3561,81,122130,2839
2020-08-26,Brazil,NA,Goias,6778772,2463,49,124593,2888
2020-08-27,Brazil,NA,Goias,6778772,2768,74,127361,2962
2020-08-28,Brazil,NA,Goias,6778772,1604,41,128965,3003
2020-08-29,Brazil,NA,Goias,6778772,1351,57,130316,3060
2020-08-30,Brazil,NA,Goias,6778772,547,15,130863,3075
2020-08-31,Brazil,NA,Goias,6778772,1643,19,132506,3094
2020-09-01,Brazil,NA,Goias,6778772,2954,118,135460,3212
2020-09-02,Brazil,NA,Goias,6778772,2948,50,138408,3262
2020-09-03,Brazil,NA,Goias,6778772,2008,83,140416,3345
2020-09-04,Brazil,NA,Goias,6778772,4834,55,145250,3400
2020-09-05,Brazil,NA,Goias,6778772,2107,50,147357,3450
2020-09-06,Brazil,NA,Goias,6778772,258,7,147615,3457
2020-09-07,Brazil,NA,Goias,6778772,113,18,147728,3475
2020-09-08,Brazil,NA,Goias,6778772,1562,9,149290,3484
2020-09-09,Brazil,NA,Goias,6778772,3350,47,152640,3531
2020-09-10,Brazil,NA,Goias,6778772,4252,96,156892,3627
2020-09-11,Brazil,NA,Goias,6778772,3877,90,160769,3717
2020-09-12,Brazil,NA,Goias,6778772,1785,66,162554,3783
2020-09-13,Brazil,NA,Goias,6778772,544,17,163098,3800
2020-09-14,Brazil,NA,Goias,6778772,2338,10,165436,3810
2020-09-15,Brazil,NA,Goias,6778772,4628,75,170064,3885
2020-03-27,Brazil,NA,Maranhao,7000229,3,0,13,0
2020-03-28,Brazil,NA,Maranhao,7000229,1,0,14,0
2020-03-29,Brazil,NA,Maranhao,7000229,2,0,16,0
2020-03-30,Brazil,NA,Maranhao,7000229,7,1,23,1
2020-03-31,Brazil,NA,Maranhao,7000229,8,0,31,1
2020-04-01,Brazil,NA,Maranhao,7000229,21,0,52,1
2020-04-02,Brazil,NA,Maranhao,7000229,19,0,71,1
2020-04-03,Brazil,NA,Maranhao,7000229,10,0,81,1
2020-04-04,Brazil,NA,Maranhao,7000229,7,0,88,1
2020-04-05,Brazil,NA,Maranhao,7000229,8,1,96,2
2020-04-06,Brazil,NA,Maranhao,7000229,37,0,133,2
2020-04-07,Brazil,NA,Maranhao,7000229,39,2,172,4
2020-04-08,Brazil,NA,Maranhao,7000229,58,7,230,11
2020-04-09,Brazil,NA,Maranhao,7000229,43,1,273,12
2020-04-10,Brazil,NA,Maranhao,7000229,20,4,293,16
2020-04-11,Brazil,NA,Maranhao,7000229,51,5,344,21
2020-04-12,Brazil,NA,Maranhao,7000229,54,3,398,24
2020-04-13,Brazil,NA,Maranhao,7000229,47,3,445,27
2020-04-14,Brazil,NA,Maranhao,7000229,33,5,478,32
2020-04-15,Brazil,NA,Maranhao,7000229,152,2,630,34
2020-04-16,Brazil,NA,Maranhao,7000229,65,3,695,37
2020-04-17,Brazil,NA,Maranhao,7000229,102,3,797,40
2020-04-18,Brazil,NA,Maranhao,7000229,243,4,1040,44
2020-04-19,Brazil,NA,Maranhao,7000229,165,4,1205,48
2020-04-20,Brazil,NA,Maranhao,7000229,115,6,1320,54
2020-04-21,Brazil,NA,Maranhao,7000229,76,6,1396,60
2020-04-22,Brazil,NA,Maranhao,7000229,208,6,1604,66
2020-04-23,Brazil,NA,Maranhao,7000229,153,10,1757,76
2020-04-24,Brazil,NA,Maranhao,7000229,194,12,1951,88
2020-04-25,Brazil,NA,Maranhao,7000229,154,12,2105,100
2020-04-26,Brazil,NA,Maranhao,7000229,118,12,2223,112
2020-04-27,Brazil,NA,Maranhao,7000229,187,13,2410,125
2020-04-28,Brazil,NA,Maranhao,7000229,118,20,2528,145
2020-04-29,Brazil,NA,Maranhao,7000229,276,21,2804,166
2020-04-30,Brazil,NA,Maranhao,7000229,386,18,3190,184
2020-05-01,Brazil,NA,Maranhao,7000229,316,20,3506,204
2020-05-02,Brazil,NA,Maranhao,7000229,299,20,3805,224
2020-05-03,Brazil,NA,Maranhao,7000229,235,13,4040,237
2020-05-04,Brazil,NA,Maranhao,7000229,187,12,4227,249
2020-05-05,Brazil,NA,Maranhao,7000229,303,22,4530,271
2020-05-06,Brazil,NA,Maranhao,7000229,498,20,5028,291
2020-05-07,Brazil,NA,Maranhao,7000229,361,14,5389,305
2020-05-08,Brazil,NA,Maranhao,7000229,520,25,5909,330
2020-05-09,Brazil,NA,Maranhao,7000229,856,25,6765,355
2020-05-10,Brazil,NA,Maranhao,7000229,834,24,7599,379
2020-05-11,Brazil,NA,Maranhao,7000229,545,20,8144,399
2020-05-12,Brazil,NA,Maranhao,7000229,382,24,8526,423
2020-05-13,Brazil,NA,Maranhao,7000229,586,21,9112,444
2020-05-14,Brazil,NA,Maranhao,7000229,689,26,9801,470
2020-05-15,Brazil,NA,Maranhao,7000229,938,26,10739,496
2020-05-16,Brazil,NA,Maranhao,7000229,853,28,11592,524
2020-05-17,Brazil,NA,Maranhao,7000229,900,25,12492,549
2020-05-18,Brazil,NA,Maranhao,7000229,746,27,13238,576
2020-05-19,Brazil,NA,Maranhao,7000229,960,28,14198,604
2020-05-20,Brazil,NA,Maranhao,7000229,916,30,15114,634
2020-05-21,Brazil,NA,Maranhao,7000229,944,29,16058,663
2020-05-22,Brazil,NA,Maranhao,7000229,1154,30,17212,693
2020-05-23,Brazil,NA,Maranhao,7000229,1555,29,18767,722
2020-05-24,Brazil,NA,Maranhao,7000229,2424,32,21191,754
2020-05-25,Brazil,NA,Maranhao,7000229,1595,30,22786,784
2020-05-26,Brazil,NA,Maranhao,7000229,1492,33,24278,817
2020-05-27,Brazil,NA,Maranhao,7000229,1867,36,26145,853
2020-05-28,Brazil,NA,Maranhao,7000229,1834,34,27979,887
2020-05-29,Brazil,NA,Maranhao,7000229,2503,24,30482,911
2020-05-30,Brazil,NA,Maranhao,7000229,2138,21,32620,932
2020-05-31,Brazil,NA,Maranhao,7000229,2019,23,34639,955
2020-06-01,Brazil,NA,Maranhao,7000229,658,21,35297,976
2020-06-02,Brazil,NA,Maranhao,7000229,1328,21,36625,997
2020-06-03,Brazil,NA,Maranhao,7000229,1549,31,38174,1028
2020-06-04,Brazil,NA,Maranhao,7000229,2455,34,40629,1062
2020-06-05,Brazil,NA,Maranhao,7000229,2684,33,43313,1095
2020-06-06,Brazil,NA,Maranhao,7000229,2157,37,45470,1132
2020-06-07,Brazil,NA,Maranhao,7000229,2123,38,47593,1170
2020-06-08,Brazil,NA,Maranhao,7000229,1778,77,49371,1247
2020-06-09,Brazil,NA,Maranhao,7000229,2698,38,52069,1285
2020-06-10,Brazil,NA,Maranhao,7000229,1439,37,53508,1322
2020-06-11,Brazil,NA,Maranhao,7000229,2172,38,55680,1360
2020-06-12,Brazil,NA,Maranhao,7000229,1925,39,57605,1399
2020-06-13,Brazil,NA,Maranhao,7000229,1254,37,58859,1436
2020-06-14,Brazil,NA,Maranhao,7000229,991,31,59850,1467
2020-06-15,Brazil,NA,Maranhao,7000229,742,32,60592,1499
2020-06-16,Brazil,NA,Maranhao,7000229,2119,38,62711,1537
2020-06-17,Brazil,NA,Maranhao,7000229,2024,33,64735,1570
2020-06-18,Brazil,NA,Maranhao,7000229,1356,37,66091,1607
2020-06-19,Brazil,NA,Maranhao,7000229,2409,38,68500,1645
2020-06-20,Brazil,NA,Maranhao,7000229,1173,39,69673,1684
2020-06-21,Brazil,NA,Maranhao,7000229,386,37,70059,1721
2020-06-22,Brazil,NA,Maranhao,7000229,630,39,70689,1760
2020-06-23,Brazil,NA,Maranhao,7000229,1332,37,72021,1797
2020-06-24,Brazil,NA,Maranhao,7000229,1293,39,73314,1836
2020-06-25,Brazil,NA,Maranhao,7000229,1611,35,74925,1871
2020-06-26,Brazil,NA,Maranhao,7000229,1773,35,76698,1906
2020-06-27,Brazil,NA,Maranhao,7000229,1417,37,78115,1943
2020-06-28,Brazil,NA,Maranhao,7000229,397,39,78512,1982
2020-06-29,Brazil,NA,Maranhao,7000229,457,30,78969,2012
2020-06-30,Brazil,NA,Maranhao,7000229,1482,36,80451,2048
2020-07-01,Brazil,NA,Maranhao,7000229,2805,33,83256,2081
2020-07-02,Brazil,NA,Maranhao,7000229,2769,38,86025,2119
2020-07-03,Brazil,NA,Maranhao,7000229,2189,34,88214,2153
2020-07-04,Brazil,NA,Maranhao,7000229,843,32,89057,2185
2020-07-05,Brazil,NA,Maranhao,7000229,657,34,89714,2219
2020-07-06,Brazil,NA,Maranhao,7000229,537,31,90251,2250
2020-07-07,Brazil,NA,Maranhao,7000229,1837,36,92088,2286
2020-07-08,Brazil,NA,Maranhao,7000229,851,38,92939,2324
2020-07-09,Brazil,NA,Maranhao,7000229,2384,33,95323,2357
2020-07-10,Brazil,NA,Maranhao,7000229,1395,35,96718,2392
2020-07-11,Brazil,NA,Maranhao,7000229,1680,34,98398,2426
2020-07-12,Brazil,NA,Maranhao,7000229,554,37,98952,2463
2020-07-13,Brazil,NA,Maranhao,7000229,878,38,99830,2501
2020-07-14,Brazil,NA,Maranhao,7000229,1637,35,101467,2536
2020-07-15,Brazil,NA,Maranhao,7000229,1002,36,102469,2572
2020-07-16,Brazil,NA,Maranhao,7000229,1657,36,104126,2608
2020-07-17,Brazil,NA,Maranhao,7000229,1057,32,105183,2640
2020-07-18,Brazil,NA,Maranhao,7000229,909,36,106092,2676
2020-07-19,Brazil,NA,Maranhao,7000229,233,32,106325,2708
2020-07-20,Brazil,NA,Maranhao,7000229,581,32,106906,2740
2020-07-21,Brazil,NA,Maranhao,7000229,1248,38,108154,2778
2020-07-22,Brazil,NA,Maranhao,7000229,1577,32,109731,2810
2020-07-23,Brazil,NA,Maranhao,7000229,1757,30,111488,2840
2020-07-24,Brazil,NA,Maranhao,7000229,1195,31,112683,2871
2020-07-25,Brazil,NA,Maranhao,7000229,880,27,113563,2898
2020-07-26,Brazil,NA,Maranhao,7000229,328,25,113891,2923
2020-07-27,Brazil,NA,Maranhao,7000229,694,20,114585,2943
2020-07-28,Brazil,NA,Maranhao,7000229,1403,16,115988,2959
2020-07-29,Brazil,NA,Maranhao,7000229,1706,19,117694,2978
2020-07-30,Brazil,NA,Maranhao,7000229,1568,18,119262,2996
2020-07-31,Brazil,NA,Maranhao,7000229,1399,17,120661,3013
2020-08-01,Brazil,NA,Maranhao,7000229,920,19,121581,3032
2020-08-02,Brazil,NA,Maranhao,7000229,372,18,121953,3050
2020-08-03,Brazil,NA,Maranhao,7000229,529,19,122482,3069
2020-08-04,Brazil,NA,Maranhao,7000229,1405,16,123887,3085
2020-08-05,Brazil,NA,Maranhao,7000229,1572,18,125459,3103
2020-08-06,Brazil,NA,Maranhao,7000229,1606,17,127065,3120
2020-08-07,Brazil,NA,Maranhao,7000229,1781,18,128846,3138
2020-08-08,Brazil,NA,Maranhao,7000229,854,16,129700,3154
2020-08-09,Brazil,NA,Maranhao,7000229,436,15,130136,3169
2020-08-10,Brazil,NA,Maranhao,7000229,430,18,130566,3187
2020-08-11,Brazil,NA,Maranhao,7000229,1494,17,132060,3204
2020-08-12,Brazil,NA,Maranhao,7000229,1205,11,133265,3215
2020-08-13,Brazil,NA,Maranhao,7000229,928,13,134193,3228
2020-08-14,Brazil,NA,Maranhao,7000229,1131,12,135324,3240
2020-08-15,Brazil,NA,Maranhao,7000229,956,13,136280,3253
2020-08-16,Brazil,NA,Maranhao,7000229,573,11,136853,3264
2020-08-17,Brazil,NA,Maranhao,7000229,555,13,137408,3277
2020-08-18,Brazil,NA,Maranhao,7000229,1777,12,139185,3289
2020-08-19,Brazil,NA,Maranhao,7000229,1386,13,140571,3302
2020-08-20,Brazil,NA,Maranhao,7000229,1289,13,141860,3315
2020-08-21,Brazil,NA,Maranhao,7000229,1243,13,143103,3328
2020-08-22,Brazil,NA,Maranhao,7000229,770,12,143873,3340
2020-08-23,Brazil,NA,Maranhao,7000229,527,12,144400,3352
2020-08-24,Brazil,NA,Maranhao,7000229,495,13,144895,3365
2020-08-25,Brazil,NA,Maranhao,7000229,1026,12,145921,3377
2020-08-26,Brazil,NA,Maranhao,7000229,1755,13,147676,3390
2020-08-27,Brazil,NA,Maranhao,7000229,1247,12,148923,3402
2020-08-28,Brazil,NA,Maranhao,7000229,1221,10,150144,3412
2020-08-29,Brazil,NA,Maranhao,7000229,751,12,150895,3424
2020-08-30,Brazil,NA,Maranhao,7000229,317,12,151212,3436
2020-08-31,Brazil,NA,Maranhao,7000229,403,10,151615,3446
2020-09-01,Brazil,NA,Maranhao,7000229,1066,11,152681,3457
2020-09-02,Brazil,NA,Maranhao,7000229,1787,10,154468,3467
2020-09-03,Brazil,NA,Maranhao,7000229,1249,11,155717,3478
2020-09-04,Brazil,NA,Maranhao,7000229,1335,10,157052,3488
2020-09-05,Brazil,NA,Maranhao,7000229,792,11,157844,3499
2020-09-06,Brazil,NA,Maranhao,7000229,206,9,158050,3508
2020-09-07,Brazil,NA,Maranhao,7000229,260,10,158310,3518
2020-09-08,Brazil,NA,Maranhao,7000229,853,11,159163,3529
2020-09-09,Brazil,NA,Maranhao,7000229,1076,10,160239,3539
2020-09-10,Brazil,NA,Maranhao,7000229,729,11,160968,3550
2020-09-11,Brazil,NA,Maranhao,7000229,1026,10,161994,3560
2020-09-12,Brazil,NA,Maranhao,7000229,482,9,162476,3569
2020-09-13,Brazil,NA,Maranhao,7000229,107,11,162583,3580
2020-09-14,Brazil,NA,Maranhao,7000229,415,10,162998,3590
2020-09-15,Brazil,NA,Maranhao,7000229,804,11,163802,3601
2020-03-26,Brazil,NA,MatoGrosso,3344544,3,0,11,0
2020-03-27,Brazil,NA,MatoGrosso,3344544,0,0,11,0
2020-03-28,Brazil,NA,MatoGrosso,3344544,2,0,13,0
2020-03-29,Brazil,NA,MatoGrosso,3344544,3,0,16,0
2020-03-30,Brazil,NA,MatoGrosso,3344544,2,0,18,0
2020-03-31,Brazil,NA,MatoGrosso,3344544,7,0,25,0
2020-04-01,Brazil,NA,MatoGrosso,3344544,2,0,27,0
2020-04-02,Brazil,NA,MatoGrosso,3344544,9,0,36,0
2020-04-03,Brazil,NA,MatoGrosso,3344544,8,1,44,1
2020-04-04,Brazil,NA,MatoGrosso,3344544,12,0,56,1
2020-04-05,Brazil,NA,MatoGrosso,3344544,4,0,60,1
2020-04-06,Brazil,NA,MatoGrosso,3344544,16,0,76,1
2020-04-07,Brazil,NA,MatoGrosso,3344544,2,0,78,1
2020-04-08,Brazil,NA,MatoGrosso,3344544,12,0,90,1
2020-04-09,Brazil,NA,MatoGrosso,3344544,18,1,108,2
2020-04-10,Brazil,NA,MatoGrosso,3344544,4,0,112,2
2020-04-11,Brazil,NA,MatoGrosso,3344544,9,1,121,3
2020-04-12,Brazil,NA,MatoGrosso,3344544,2,0,123,3
2020-04-13,Brazil,NA,MatoGrosso,3344544,11,1,134,4
2020-04-14,Brazil,NA,MatoGrosso,3344544,4,0,138,4
2020-04-15,Brazil,NA,MatoGrosso,3344544,13,0,151,4
2020-04-16,Brazil,NA,MatoGrosso,3344544,5,1,156,5
2020-04-17,Brazil,NA,MatoGrosso,3344544,6,0,162,5
2020-04-18,Brazil,NA,MatoGrosso,3344544,9,0,171,5
2020-04-19,Brazil,NA,MatoGrosso,3344544,3,0,174,5
2020-04-20,Brazil,NA,MatoGrosso,3344544,7,1,181,6
2020-04-21,Brazil,NA,MatoGrosso,3344544,0,0,181,6
2020-04-22,Brazil,NA,MatoGrosso,3344544,2,0,183,6
2020-04-23,Brazil,NA,MatoGrosso,3344544,38,1,221,7
2020-04-24,Brazil,NA,MatoGrosso,3344544,19,1,240,8
2020-04-25,Brazil,NA,MatoGrosso,3344544,7,1,247,9
2020-04-26,Brazil,NA,MatoGrosso,3344544,3,0,250,9
2020-04-27,Brazil,NA,MatoGrosso,3344544,7,1,257,10
2020-04-28,Brazil,NA,MatoGrosso,3344544,4,1,261,11
2020-04-29,Brazil,NA,MatoGrosso,3344544,31,0,292,11
2020-04-30,Brazil,NA,MatoGrosso,3344544,5,0,297,11
2020-05-01,Brazil,NA,MatoGrosso,3344544,23,0,320,11
2020-05-02,Brazil,NA,MatoGrosso,3344544,11,1,331,12
2020-05-03,Brazil,NA,MatoGrosso,3344544,6,0,337,12
2020-05-04,Brazil,NA,MatoGrosso,3344544,7,1,344,13
2020-05-05,Brazil,NA,MatoGrosso,3344544,21,0,365,13
2020-05-06,Brazil,NA,MatoGrosso,3344544,14,0,379,13
2020-05-07,Brazil,NA,MatoGrosso,3344544,38,0,417,13
2020-05-08,Brazil,NA,MatoGrosso,3344544,40,1,457,14
2020-05-09,Brazil,NA,MatoGrosso,3344544,45,2,502,16
2020-05-10,Brazil,NA,MatoGrosso,3344544,17,2,519,18
2020-05-11,Brazil,NA,MatoGrosso,3344544,22,1,541,19
2020-05-12,Brazil,NA,MatoGrosso,3344544,50,0,591,19
2020-05-13,Brazil,NA,MatoGrosso,3344544,70,1,661,20
2020-05-14,Brazil,NA,MatoGrosso,3344544,58,3,719,23
2020-05-15,Brazil,NA,MatoGrosso,3344544,60,3,779,26
2020-05-16,Brazil,NA,MatoGrosso,3344544,72,1,851,27
2020-05-17,Brazil,NA,MatoGrosso,3344544,50,0,901,27
2020-05-18,Brazil,NA,MatoGrosso,3344544,36,2,937,29
2020-05-19,Brazil,NA,MatoGrosso,3344544,58,3,995,32
2020-05-20,Brazil,NA,MatoGrosso,3344544,59,0,1054,32
2020-05-21,Brazil,NA,MatoGrosso,3344544,118,2,1172,34
2020-05-22,Brazil,NA,MatoGrosso,3344544,48,3,1220,37
2020-05-23,Brazil,NA,MatoGrosso,3344544,132,0,1352,37
2020-05-24,Brazil,NA,MatoGrosso,3344544,110,3,1462,40
2020-05-25,Brazil,NA,MatoGrosso,3344544,38,1,1500,41
2020-05-26,Brazil,NA,MatoGrosso,3344544,128,2,1628,43
2020-05-27,Brazil,NA,MatoGrosso,3344544,211,3,1839,46
2020-05-28,Brazil,NA,MatoGrosso,3344544,112,5,1951,51
2020-05-29,Brazil,NA,MatoGrosso,3344544,152,5,2103,56
2020-05-30,Brazil,NA,MatoGrosso,3344544,258,1,2361,57
2020-05-31,Brazil,NA,MatoGrosso,3344544,68,4,2429,61
2020-06-01,Brazil,NA,MatoGrosso,3344544,112,5,2541,66
2020-06-02,Brazil,NA,MatoGrosso,3344544,168,4,2709,70
2020-06-03,Brazil,NA,MatoGrosso,3344544,139,6,2848,76
2020-06-04,Brazil,NA,MatoGrosso,3344544,346,6,3194,82
2020-06-05,Brazil,NA,MatoGrosso,3344544,287,6,3481,88
2020-06-06,Brazil,NA,MatoGrosso,3344544,181,8,3662,96
2020-06-07,Brazil,NA,MatoGrosso,3344544,216,13,3878,109
2020-06-08,Brazil,NA,MatoGrosso,3344544,222,7,4100,116
2020-06-09,Brazil,NA,MatoGrosso,3344544,239,19,4339,135
2020-06-10,Brazil,NA,MatoGrosso,3344544,263,11,4602,146
2020-06-11,Brazil,NA,MatoGrosso,3344544,490,14,5092,160
2020-06-12,Brazil,NA,MatoGrosso,3344544,271,15,5363,175
2020-06-13,Brazil,NA,MatoGrosso,3344544,161,17,5524,192
2020-06-14,Brazil,NA,MatoGrosso,3344544,337,17,5861,209
2020-06-15,Brazil,NA,MatoGrosso,3344544,324,7,6185,216
2020-06-16,Brazil,NA,MatoGrosso,3344544,203,10,6388,226
2020-06-17,Brazil,NA,MatoGrosso,3344544,736,40,7124,266
2020-06-18,Brazil,NA,MatoGrosso,3344544,388,15,7512,281
2020-06-19,Brazil,NA,MatoGrosso,3344544,841,28,8353,309
2020-06-20,Brazil,NA,MatoGrosso,3344544,609,26,8962,335
2020-06-21,Brazil,NA,MatoGrosso,3344544,508,25,9470,360
2020-06-22,Brazil,NA,MatoGrosso,3344544,551,24,10021,384
2020-06-23,Brazil,NA,MatoGrosso,3344544,638,17,10659,401
2020-06-24,Brazil,NA,MatoGrosso,3344544,784,42,11443,443
2020-06-25,Brazil,NA,MatoGrosso,3344544,714,19,12157,462
2020-06-26,Brazil,NA,MatoGrosso,3344544,869,18,13026,480
2020-06-27,Brazil,NA,MatoGrosso,3344544,779,47,13805,527
2020-06-28,Brazil,NA,MatoGrosso,3344544,882,36,14687,563
2020-06-29,Brazil,NA,MatoGrosso,3344544,399,19,15086,582
2020-06-30,Brazil,NA,MatoGrosso,3344544,550,11,15636,593
2020-07-01,Brazil,NA,MatoGrosso,3344544,985,41,16621,634
2020-07-02,Brazil,NA,MatoGrosso,3344544,1106,40,17727,674
2020-07-03,Brazil,NA,MatoGrosso,3344544,1127,35,18854,709
2020-07-04,Brazil,NA,MatoGrosso,3344544,1244,46,20098,755
2020-07-05,Brazil,NA,MatoGrosso,3344544,793,52,20891,807
2020-07-06,Brazil,NA,MatoGrosso,3344544,605,19,21496,826
2020-07-07,Brazil,NA,MatoGrosso,3344544,910,20,22406,846
2020-07-08,Brazil,NA,MatoGrosso,3344544,1429,36,23835,882
2020-07-09,Brazil,NA,MatoGrosso,3344544,1429,46,25264,928
2020-07-10,Brazil,NA,MatoGrosso,3344544,1132,58,26396,986
2020-07-11,Brazil,NA,MatoGrosso,3344544,1240,43,27636,1029
2020-07-12,Brazil,NA,MatoGrosso,3344544,775,18,28411,1047
2020-07-13,Brazil,NA,MatoGrosso,3344544,381,38,28792,1085
2020-07-14,Brazil,NA,MatoGrosso,3344544,487,20,29279,1105
2020-07-15,Brazil,NA,MatoGrosso,3344544,1040,69,30319,1174
2020-07-16,Brazil,NA,MatoGrosso,3344544,792,33,31111,1207
2020-07-17,Brazil,NA,MatoGrosso,3344544,1860,61,32971,1268
2020-07-18,Brazil,NA,MatoGrosso,3344544,0,37,32971,1305
2020-07-19,Brazil,NA,MatoGrosso,3344544,1429,27,34136,1332
2020-07-20,Brazil,NA,MatoGrosso,3344544,1503,52,35639,1384
2020-07-21,Brazil,NA,MatoGrosso,3344544,1438,16,37077,1400
2020-07-22,Brazil,NA,MatoGrosso,3344544,1695,53,38772,1453
2020-07-23,Brazil,NA,MatoGrosso,3344544,1983,38,40755,1491
2020-07-24,Brazil,NA,MatoGrosso,3344544,1451,10,42206,1501
2020-07-25,Brazil,NA,MatoGrosso,3344544,729,65,42935,1566
2020-07-26,Brazil,NA,MatoGrosso,3344544,396,14,43331,1580
2020-07-27,Brazil,NA,MatoGrosso,3344544,1507,45,44838,1625
2020-07-28,Brazil,NA,MatoGrosso,3344544,1707,44,46545,1669
2020-07-29,Brazil,NA,MatoGrosso,3344544,1772,33,48317,1702
2020-07-30,Brazil,NA,MatoGrosso,3344544,2130,61,50447,1763
2020-07-31,Brazil,NA,MatoGrosso,3344544,1418,56,51865,1819
2020-08-01,Brazil,NA,MatoGrosso,3344544,925,30,52790,1849
2020-08-02,Brazil,NA,MatoGrosso,3344544,573,37,53363,1886
2020-08-03,Brazil,NA,MatoGrosso,3344544,1348,21,54711,1907
2020-08-04,Brazil,NA,MatoGrosso,3344544,1458,14,56169,1921
2020-08-05,Brazil,NA,MatoGrosso,3344544,2337,24,58506,1945
2020-08-06,Brazil,NA,MatoGrosso,3344544,1335,29,59841,1974
2020-08-07,Brazil,NA,MatoGrosso,3344544,2944,63,62785,2037
2020-08-08,Brazil,NA,MatoGrosso,3344544,41,24,62826,2061
2020-08-09,Brazil,NA,MatoGrosso,3344544,590,29,63416,2090
2020-08-10,Brazil,NA,MatoGrosso,3344544,1782,32,65198,2122
2020-08-11,Brazil,NA,MatoGrosso,3344544,1863,67,67061,2189
2020-08-12,Brazil,NA,MatoGrosso,3344544,1863,32,68924,2221
2020-08-13,Brazil,NA,MatoGrosso,3344544,1734,24,70658,2245
2020-08-14,Brazil,NA,MatoGrosso,3344544,1611,40,72269,2285
2020-08-15,Brazil,NA,MatoGrosso,3344544,492,34,72761,2319
2020-08-16,Brazil,NA,MatoGrosso,3344544,508,21,73269,2340
2020-08-17,Brazil,NA,MatoGrosso,3344544,1240,28,74509,2368
2020-08-18,Brazil,NA,MatoGrosso,3344544,1368,16,75877,2384
2020-08-19,Brazil,NA,MatoGrosso,3344544,1399,37,77276,2421
2020-08-20,Brazil,NA,MatoGrosso,3344544,1457,36,78733,2457
2020-08-21,Brazil,NA,MatoGrosso,3344544,1401,35,80134,2492
2020-08-22,Brazil,NA,MatoGrosso,3344544,804,18,80938,2510
2020-08-23,Brazil,NA,MatoGrosso,3344544,315,15,81253,2525
2020-08-24,Brazil,NA,MatoGrosso,3344544,1279,26,82532,2551
2020-08-25,Brazil,NA,MatoGrosso,3344544,1745,40,84277,2591
2020-08-26,Brazil,NA,MatoGrosso,3344544,1432,20,85709,2611
2020-08-27,Brazil,NA,MatoGrosso,3344544,1775,38,87484,2649
2020-08-28,Brazil,NA,MatoGrosso,3344544,1656,28,89140,2677
2020-08-29,Brazil,NA,MatoGrosso,3344544,822,29,89962,2706
2020-08-30,Brazil,NA,MatoGrosso,3344544,375,19,90337,2725
2020-08-31,Brazil,NA,MatoGrosso,3344544,1009,26,91346,2751
2020-09-01,Brazil,NA,MatoGrosso,3344544,1510,35,92856,2786
2020-09-02,Brazil,NA,MatoGrosso,3344544,1446,30,94302,2816
2020-09-03,Brazil,NA,MatoGrosso,3344544,1128,29,95430,2845
2020-09-04,Brazil,NA,MatoGrosso,3344544,1550,28,96980,2873
2020-09-05,Brazil,NA,MatoGrosso,3344544,656,20,97636,2893
2020-09-06,Brazil,NA,MatoGrosso,3344544,183,14,97819,2907
2020-09-07,Brazil,NA,MatoGrosso,3344544,387,25,98206,2932
2020-09-08,Brazil,NA,MatoGrosso,3344544,1278,28,99484,2960
2020-09-09,Brazil,NA,MatoGrosso,3344544,1411,32,100895,2992
2020-09-10,Brazil,NA,MatoGrosso,3344544,1433,33,102328,3025
2020-09-11,Brazil,NA,MatoGrosso,3344544,1601,19,103929,3044
2020-09-12,Brazil,NA,MatoGrosso,3344544,742,19,104671,3063
2020-09-13,Brazil,NA,MatoGrosso,3344544,242,19,104913,3082
2020-09-14,Brazil,NA,MatoGrosso,3344544,1164,25,106077,3107
2020-09-15,Brazil,NA,MatoGrosso,3344544,1409,17,107486,3124
2020-03-21,Brazil,NA,MatoGrosso do Sul,2713147,7,0,16,0
2020-03-22,Brazil,NA,MatoGrosso do Sul,2713147,5,0,21,0
2020-03-23,Brazil,NA,MatoGrosso do Sul,2713147,0,0,21,0
2020-03-24,Brazil,NA,MatoGrosso do Sul,2713147,2,0,23,0
2020-03-25,Brazil,NA,MatoGrosso do Sul,2713147,1,0,24,0
2020-03-26,Brazil,NA,MatoGrosso do Sul,2713147,1,0,25,0
2020-03-27,Brazil,NA,MatoGrosso do Sul,2713147,3,0,28,0
2020-03-28,Brazil,NA,MatoGrosso do Sul,2713147,3,0,31,0
2020-03-29,Brazil,NA,MatoGrosso do Sul,2713147,5,0,36,0
2020-03-30,Brazil,NA,MatoGrosso do Sul,2713147,8,0,44,0
2020-03-31,Brazil,NA,MatoGrosso do Sul,2713147,4,1,48,1
2020-04-01,Brazil,NA,MatoGrosso do Sul,2713147,3,0,51,1
2020-04-02,Brazil,NA,MatoGrosso do Sul,2713147,2,0,53,1
2020-04-03,Brazil,NA,MatoGrosso do Sul,2713147,7,0,60,1
2020-04-04,Brazil,NA,MatoGrosso do Sul,2713147,2,0,62,1
2020-04-05,Brazil,NA,MatoGrosso do Sul,2713147,3,0,65,1
2020-04-06,Brazil,NA,MatoGrosso do Sul,2713147,1,0,66,1
2020-04-07,Brazil,NA,MatoGrosso do Sul,2713147,14,1,80,2
2020-04-08,Brazil,NA,MatoGrosso do Sul,2713147,5,0,85,2
2020-04-09,Brazil,NA,MatoGrosso do Sul,2713147,4,0,89,2
2020-04-10,Brazil,NA,MatoGrosso do Sul,2713147,8,0,97,2
2020-04-11,Brazil,NA,MatoGrosso do Sul,2713147,3,0,100,2
2020-04-12,Brazil,NA,MatoGrosso do Sul,2713147,1,0,101,2
2020-04-13,Brazil,NA,MatoGrosso do Sul,2713147,12,2,113,4
2020-04-14,Brazil,NA,MatoGrosso do Sul,2713147,2,0,115,4
2020-04-15,Brazil,NA,MatoGrosso do Sul,2713147,6,0,121,4
2020-04-16,Brazil,NA,MatoGrosso do Sul,2713147,10,1,131,5
2020-04-17,Brazil,NA,MatoGrosso do Sul,2713147,12,0,143,5
2020-04-18,Brazil,NA,MatoGrosso do Sul,2713147,18,0,161,5
2020-04-19,Brazil,NA,MatoGrosso do Sul,2713147,7,0,168,5
2020-04-20,Brazil,NA,MatoGrosso do Sul,2713147,3,0,171,5
2020-04-21,Brazil,NA,MatoGrosso do Sul,2713147,2,1,173,6
2020-04-22,Brazil,NA,MatoGrosso do Sul,2713147,2,0,175,6
2020-04-23,Brazil,NA,MatoGrosso do Sul,2713147,11,1,186,7
2020-04-24,Brazil,NA,MatoGrosso do Sul,2713147,27,0,213,7
2020-04-25,Brazil,NA,MatoGrosso do Sul,2713147,4,0,217,7
2020-04-26,Brazil,NA,MatoGrosso do Sul,2713147,17,0,234,7
2020-04-27,Brazil,NA,MatoGrosso do Sul,2713147,4,2,238,9
2020-04-28,Brazil,NA,MatoGrosso do Sul,2713147,2,0,240,9
2020-04-29,Brazil,NA,MatoGrosso do Sul,2713147,9,0,249,9
2020-04-30,Brazil,NA,MatoGrosso do Sul,2713147,6,0,255,9
2020-05-01,Brazil,NA,MatoGrosso do Sul,2713147,6,0,261,9
2020-05-02,Brazil,NA,MatoGrosso do Sul,2713147,5,0,266,9
2020-05-03,Brazil,NA,MatoGrosso do Sul,2713147,6,1,272,10
2020-05-04,Brazil,NA,MatoGrosso do Sul,2713147,2,0,274,10
2020-05-05,Brazil,NA,MatoGrosso do Sul,2713147,9,0,283,10
2020-05-06,Brazil,NA,MatoGrosso do Sul,2713147,5,0,288,10
2020-05-07,Brazil,NA,MatoGrosso do Sul,2713147,23,0,311,10
2020-05-08,Brazil,NA,MatoGrosso do Sul,2713147,15,1,326,11
2020-05-09,Brazil,NA,MatoGrosso do Sul,2713147,20,0,346,11
2020-05-10,Brazil,NA,MatoGrosso do Sul,2713147,16,0,362,11
2020-05-11,Brazil,NA,MatoGrosso do Sul,2713147,23,0,385,11
2020-05-12,Brazil,NA,MatoGrosso do Sul,2713147,20,1,405,12
2020-05-13,Brazil,NA,MatoGrosso do Sul,2713147,25,1,430,13
2020-05-14,Brazil,NA,MatoGrosso do Sul,2713147,22,1,452,14
2020-05-15,Brazil,NA,MatoGrosso do Sul,2713147,27,0,479,14
2020-05-16,Brazil,NA,MatoGrosso do Sul,2713147,29,1,508,15
2020-05-17,Brazil,NA,MatoGrosso do Sul,2713147,62,0,570,15
2020-05-18,Brazil,NA,MatoGrosso do Sul,2713147,43,1,613,16
2020-05-19,Brazil,NA,MatoGrosso do Sul,2713147,29,0,642,16
2020-05-20,Brazil,NA,MatoGrosso do Sul,2713147,51,1,693,17
2020-05-21,Brazil,NA,MatoGrosso do Sul,2713147,53,0,746,17
2020-05-22,Brazil,NA,MatoGrosso do Sul,2713147,59,0,805,17
2020-05-23,Brazil,NA,MatoGrosso do Sul,2713147,53,0,858,17
2020-05-24,Brazil,NA,MatoGrosso do Sul,2713147,66,0,924,17
2020-05-25,Brazil,NA,MatoGrosso do Sul,2713147,99,0,1023,17
2020-05-26,Brazil,NA,MatoGrosso do Sul,2713147,77,0,1100,17
2020-05-27,Brazil,NA,MatoGrosso do Sul,2713147,86,1,1186,18
2020-05-28,Brazil,NA,MatoGrosso do Sul,2713147,76,0,1262,18
2020-05-29,Brazil,NA,MatoGrosso do Sul,2713147,94,0,1356,18
2020-05-30,Brazil,NA,MatoGrosso do Sul,2713147,62,1,1418,19
2020-05-31,Brazil,NA,MatoGrosso do Sul,2713147,71,1,1489,20
2020-06-01,Brazil,NA,MatoGrosso do Sul,2713147,79,0,1568,20
2020-06-02,Brazil,NA,MatoGrosso do Sul,2713147,78,0,1646,20
2020-06-03,Brazil,NA,MatoGrosso do Sul,2713147,156,0,1802,20
2020-06-04,Brazil,NA,MatoGrosso do Sul,2713147,123,0,1925,20
2020-06-05,Brazil,NA,MatoGrosso do Sul,2713147,72,1,1997,21
2020-06-06,Brazil,NA,MatoGrosso do Sul,2713147,135,0,2132,21
2020-06-07,Brazil,NA,MatoGrosso do Sul,2713147,121,0,2253,21
2020-06-08,Brazil,NA,MatoGrosso do Sul,2713147,71,1,2324,22
2020-06-09,Brazil,NA,MatoGrosso do Sul,2713147,131,0,2455,22
2020-06-10,Brazil,NA,MatoGrosso do Sul,2713147,142,2,2597,24
2020-06-11,Brazil,NA,MatoGrosso do Sul,2713147,256,1,2853,25
2020-06-12,Brazil,NA,MatoGrosso do Sul,2713147,148,3,3001,28
2020-06-13,Brazil,NA,MatoGrosso do Sul,2713147,234,0,3235,28
2020-06-14,Brazil,NA,MatoGrosso do Sul,2713147,198,3,3433,31
2020-06-15,Brazil,NA,MatoGrosso do Sul,2713147,118,2,3551,33
2020-06-16,Brazil,NA,MatoGrosso do Sul,2713147,234,3,3785,36
2020-06-17,Brazil,NA,MatoGrosso do Sul,2713147,379,0,4164,36
2020-06-18,Brazil,NA,MatoGrosso do Sul,2713147,110,3,4274,39
2020-06-19,Brazil,NA,MatoGrosso do Sul,2713147,392,1,4666,40
2020-06-20,Brazil,NA,MatoGrosso do Sul,2713147,324,3,4990,43
2020-06-21,Brazil,NA,MatoGrosso do Sul,2713147,247,2,5237,45
2020-06-22,Brazil,NA,MatoGrosso do Sul,2713147,154,2,5391,47
2020-06-23,Brazil,NA,MatoGrosso do Sul,2713147,393,8,5784,55
2020-06-24,Brazil,NA,MatoGrosso do Sul,2713147,417,1,6201,56
2020-06-25,Brazil,NA,MatoGrosso do Sul,2713147,322,5,6523,61
2020-06-26,Brazil,NA,MatoGrosso do Sul,2713147,390,4,6913,65
2020-06-27,Brazil,NA,MatoGrosso do Sul,2713147,394,3,7307,68
2020-06-28,Brazil,NA,MatoGrosso do Sul,2713147,220,4,7527,72
2020-06-29,Brazil,NA,MatoGrosso do Sul,2713147,149,3,7676,75
2020-06-30,Brazil,NA,MatoGrosso do Sul,2713147,289,1,7965,76
2020-07-01,Brazil,NA,MatoGrosso do Sul,2713147,711,9,8676,85
2020-07-02,Brazil,NA,MatoGrosso do Sul,2713147,386,6,9062,91
2020-07-03,Brazil,NA,MatoGrosso do Sul,2713147,326,16,9388,107
2020-07-04,Brazil,NA,MatoGrosso do Sul,2713147,522,7,9910,114
2020-07-05,Brazil,NA,MatoGrosso do Sul,2713147,179,3,10089,117
2020-07-06,Brazil,NA,MatoGrosso do Sul,2713147,164,5,10253,122
2020-07-07,Brazil,NA,MatoGrosso do Sul,2713147,434,6,10687,128
2020-07-08,Brazil,NA,MatoGrosso do Sul,2713147,376,6,11063,134
2020-07-09,Brazil,NA,MatoGrosso do Sul,2713147,608,2,11671,136
2020-07-10,Brazil,NA,MatoGrosso do Sul,2713147,590,10,12261,146
2020-07-11,Brazil,NA,MatoGrosso do Sul,2713147,708,7,12969,153
2020-07-12,Brazil,NA,MatoGrosso do Sul,2713147,228,8,13197,161
2020-07-13,Brazil,NA,MatoGrosso do Sul,2713147,264,6,13461,167
2020-07-14,Brazil,NA,MatoGrosso do Sul,2713147,473,10,13934,177
2020-07-15,Brazil,NA,MatoGrosso do Sul,2713147,697,6,14631,183
2020-07-16,Brazil,NA,MatoGrosso do Sul,2713147,699,8,15330,191
2020-07-17,Brazil,NA,MatoGrosso do Sul,2713147,475,12,15805,203
2020-07-18,Brazil,NA,MatoGrosso do Sul,2713147,201,13,16006,216
2020-07-19,Brazil,NA,MatoGrosso do Sul,2713147,397,6,16403,222
2020-07-20,Brazil,NA,MatoGrosso do Sul,2713147,234,6,16637,228
2020-07-21,Brazil,NA,MatoGrosso do Sul,2713147,749,20,17386,248
2020-07-22,Brazil,NA,MatoGrosso do Sul,2713147,1503,9,18889,257
2020-07-23,Brazil,NA,MatoGrosso do Sul,2713147,782,9,19671,266
2020-07-24,Brazil,NA,MatoGrosso do Sul,2713147,632,15,20303,281
2020-07-25,Brazil,NA,MatoGrosso do Sul,2713147,712,11,21015,292
2020-07-26,Brazil,NA,MatoGrosso do Sul,2713147,499,13,21514,305
2020-07-27,Brazil,NA,MatoGrosso do Sul,2713147,288,14,21802,319
2020-07-28,Brazil,NA,MatoGrosso do Sul,2713147,641,9,22443,328
2020-07-29,Brazil,NA,MatoGrosso do Sul,2713147,968,14,23411,342
2020-07-30,Brazil,NA,MatoGrosso do Sul,2713147,876,15,24287,357
2020-07-31,Brazil,NA,MatoGrosso do Sul,2713147,649,19,24936,376
2020-08-01,Brazil,NA,MatoGrosso do Sul,2713147,803,13,25739,389
2020-08-02,Brazil,NA,MatoGrosso do Sul,2713147,264,15,26003,404
2020-08-03,Brazil,NA,MatoGrosso do Sul,2713147,642,17,26645,421
2020-08-04,Brazil,NA,MatoGrosso do Sul,2713147,1033,11,27678,432
2020-08-05,Brazil,NA,MatoGrosso do Sul,2713147,637,10,28315,442
2020-08-06,Brazil,NA,MatoGrosso do Sul,2713147,786,16,29101,458
2020-08-07,Brazil,NA,MatoGrosso do Sul,2713147,887,23,29988,481
2020-08-08,Brazil,NA,MatoGrosso do Sul,2713147,719,11,30707,492
2020-08-09,Brazil,NA,MatoGrosso do Sul,2713147,637,17,31344,509
2020-08-10,Brazil,NA,MatoGrosso do Sul,2713147,395,14,31739,523
2020-08-11,Brazil,NA,MatoGrosso do Sul,2713147,823,21,32562,544
2020-08-12,Brazil,NA,MatoGrosso do Sul,2713147,947,14,33509,558
2020-08-13,Brazil,NA,MatoGrosso do Sul,2713147,1050,12,34559,570
2020-08-14,Brazil,NA,MatoGrosso do Sul,2713147,875,21,35434,591
2020-08-15,Brazil,NA,MatoGrosso do Sul,2713147,1108,7,36542,598
2020-08-16,Brazil,NA,MatoGrosso do Sul,2713147,294,28,36836,626
2020-08-17,Brazil,NA,MatoGrosso do Sul,2713147,589,14,37425,640
2020-08-18,Brazil,NA,MatoGrosso do Sul,2713147,968,17,38393,657
2020-08-19,Brazil,NA,MatoGrosso do Sul,2713147,988,11,39381,668
2020-08-20,Brazil,NA,MatoGrosso do Sul,2713147,820,18,40201,686
2020-08-21,Brazil,NA,MatoGrosso do Sul,2713147,510,10,40711,696
2020-08-22,Brazil,NA,MatoGrosso do Sul,2713147,1177,26,41888,722
2020-08-23,Brazil,NA,MatoGrosso do Sul,2713147,610,16,42498,738
2020-08-24,Brazil,NA,MatoGrosso do Sul,2713147,567,11,43065,749
2020-08-25,Brazil,NA,MatoGrosso do Sul,2713147,1259,18,44324,767
2020-08-26,Brazil,NA,MatoGrosso do Sul,2713147,1035,16,45359,783
2020-08-27,Brazil,NA,MatoGrosso do Sul,2713147,902,17,46261,800
2020-08-28,Brazil,NA,MatoGrosso do Sul,2713147,891,23,47152,823
2020-08-29,Brazil,NA,MatoGrosso do Sul,2713147,871,17,48023,840
2020-08-30,Brazil,NA,MatoGrosso do Sul,2713147,499,11,48522,851
2020-08-31,Brazil,NA,MatoGrosso do Sul,2713147,415,11,48937,862
2020-09-01,Brazil,NA,MatoGrosso do Sul,2713147,883,27,49820,889
2020-09-02,Brazil,NA,MatoGrosso do Sul,2713147,825,14,50645,903
2020-09-03,Brazil,NA,MatoGrosso do Sul,2713147,930,11,51575,914
2020-09-04,Brazil,NA,MatoGrosso do Sul,2713147,831,25,52406,939
2020-09-05,Brazil,NA,MatoGrosso do Sul,2713147,922,14,53328,953
2020-09-06,Brazil,NA,MatoGrosso do Sul,2713147,163,13,53491,966
2020-09-07,Brazil,NA,MatoGrosso do Sul,2713147,634,4,54125,970
2020-09-08,Brazil,NA,MatoGrosso do Sul,2713147,238,17,54363,987
2020-09-09,Brazil,NA,MatoGrosso do Sul,2713147,982,20,55345,1007
2020-09-10,Brazil,NA,MatoGrosso do Sul,2713147,701,17,56046,1024
2020-09-11,Brazil,NA,MatoGrosso do Sul,2713147,2258,11,58304,1035
2020-09-12,Brazil,NA,MatoGrosso do Sul,2713147,367,20,58671,1055
2020-09-13,Brazil,NA,MatoGrosso do Sul,2713147,406,10,59077,1065
2020-09-14,Brazil,NA,MatoGrosso do Sul,2713147,331,20,59408,1085
2020-09-15,Brazil,NA,MatoGrosso do Sul,2713147,889,21,60297,1106
2020-03-18,Brazil,NA,Minas Gerais,21119536,8,0,15,0
2020-03-19,Brazil,NA,Minas Gerais,21119536,14,0,29,0
2020-03-20,Brazil,NA,Minas Gerais,21119536,6,0,35,0
2020-03-21,Brazil,NA,Minas Gerais,21119536,3,0,38,0
2020-03-22,Brazil,NA,Minas Gerais,21119536,45,0,83,0
2020-03-23,Brazil,NA,Minas Gerais,21119536,45,0,128,0
2020-03-24,Brazil,NA,Minas Gerais,21119536,2,0,130,0
2020-03-25,Brazil,NA,Minas Gerais,21119536,3,0,133,0
2020-03-26,Brazil,NA,Minas Gerais,21119536,20,0,153,0
2020-03-27,Brazil,NA,Minas Gerais,21119536,36,0,189,0
2020-03-28,Brazil,NA,Minas Gerais,21119536,16,0,205,0
2020-03-29,Brazil,NA,Minas Gerais,21119536,26,0,231,0
2020-03-30,Brazil,NA,Minas Gerais,21119536,30,1,261,1
2020-03-31,Brazil,NA,Minas Gerais,21119536,14,1,275,2
2020-04-01,Brazil,NA,Minas Gerais,21119536,39,1,314,3
2020-04-02,Brazil,NA,Minas Gerais,21119536,56,1,370,4
2020-04-03,Brazil,NA,Minas Gerais,21119536,27,2,397,6
2020-04-04,Brazil,NA,Minas Gerais,21119536,33,0,430,6
2020-04-05,Brazil,NA,Minas Gerais,21119536,68,0,498,6
2020-04-06,Brazil,NA,Minas Gerais,21119536,27,3,525,9
2020-04-07,Brazil,NA,Minas Gerais,21119536,34,2,559,11
2020-04-08,Brazil,NA,Minas Gerais,21119536,55,3,614,14
2020-04-09,Brazil,NA,Minas Gerais,21119536,41,1,655,15
2020-04-10,Brazil,NA,Minas Gerais,21119536,43,2,698,17
2020-04-11,Brazil,NA,Minas Gerais,21119536,52,0,750,17
2020-04-12,Brazil,NA,Minas Gerais,21119536,56,3,806,20
2020-04-13,Brazil,NA,Minas Gerais,21119536,9,3,815,23
2020-04-14,Brazil,NA,Minas Gerais,21119536,69,4,884,27
2020-04-15,Brazil,NA,Minas Gerais,21119536,19,3,903,30
2020-04-16,Brazil,NA,Minas Gerais,21119536,55,3,958,33
2020-04-17,Brazil,NA,Minas Gerais,21119536,63,2,1021,35
2020-04-18,Brazil,NA,Minas Gerais,21119536,56,4,1077,39
2020-04-19,Brazil,NA,Minas Gerais,21119536,77,0,1154,39
2020-04-20,Brazil,NA,Minas Gerais,21119536,35,2,1189,41
2020-04-21,Brazil,NA,Minas Gerais,21119536,41,3,1230,44
2020-04-22,Brazil,NA,Minas Gerais,21119536,53,3,1283,47
2020-04-23,Brazil,NA,Minas Gerais,21119536,25,4,1308,51
2020-04-24,Brazil,NA,Minas Gerais,21119536,111,3,1419,54
2020-04-25,Brazil,NA,Minas Gerais,21119536,62,4,1481,58
2020-04-26,Brazil,NA,Minas Gerais,21119536,67,3,1548,61
2020-04-27,Brazil,NA,Minas Gerais,21119536,38,1,1586,62
2020-04-28,Brazil,NA,Minas Gerais,21119536,63,9,1649,71
2020-04-29,Brazil,NA,Minas Gerais,21119536,109,9,1758,80
2020-04-30,Brazil,NA,Minas Gerais,21119536,69,2,1827,82
2020-05-01,Brazil,NA,Minas Gerais,21119536,108,6,1935,88
2020-05-02,Brazil,NA,Minas Gerais,21119536,88,0,2023,88
2020-05-03,Brazil,NA,Minas Gerais,21119536,95,1,2118,89
2020-05-04,Brazil,NA,Minas Gerais,21119536,229,1,2347,90
2020-05-05,Brazil,NA,Minas Gerais,21119536,105,4,2452,94
2020-05-06,Brazil,NA,Minas Gerais,21119536,153,3,2605,97
2020-05-07,Brazil,NA,Minas Gerais,21119536,165,9,2770,106
2020-05-08,Brazil,NA,Minas Gerais,21119536,173,5,2943,111
2020-05-09,Brazil,NA,Minas Gerais,21119536,180,7,3123,118
2020-05-10,Brazil,NA,Minas Gerais,21119536,114,1,3237,119
2020-05-11,Brazil,NA,Minas Gerais,21119536,83,2,3320,121
2020-05-12,Brazil,NA,Minas Gerais,21119536,115,6,3435,127
2020-05-13,Brazil,NA,Minas Gerais,21119536,298,8,3733,135
2020-05-14,Brazil,NA,Minas Gerais,21119536,217,4,3950,139
2020-05-15,Brazil,NA,Minas Gerais,21119536,246,7,4196,146
2020-05-16,Brazil,NA,Minas Gerais,21119536,278,4,4474,150
2020-05-17,Brazil,NA,Minas Gerais,21119536,137,6,4611,156
2020-05-18,Brazil,NA,Minas Gerais,21119536,84,5,4695,161
2020-05-19,Brazil,NA,Minas Gerais,21119536,282,6,4977,167
2020-05-20,Brazil,NA,Minas Gerais,21119536,309,10,5286,177
2020-05-21,Brazil,NA,Minas Gerais,21119536,310,14,5596,191
2020-05-22,Brazil,NA,Minas Gerais,21119536,399,10,5995,201
2020-05-23,Brazil,NA,Minas Gerais,21119536,343,16,6338,217
2020-05-24,Brazil,NA,Minas Gerais,21119536,330,9,6668,226
2020-05-25,Brazil,NA,Minas Gerais,21119536,294,4,6962,230
2020-05-26,Brazil,NA,Minas Gerais,21119536,554,4,7516,234
2020-05-27,Brazil,NA,Minas Gerais,21119536,495,6,8011,240
2020-05-28,Brazil,NA,Minas Gerais,21119536,675,15,8686,255
2020-05-29,Brazil,NA,Minas Gerais,21119536,546,2,9232,257
2020-05-30,Brazil,NA,Minas Gerais,21119536,398,6,9630,263
2020-05-31,Brazil,NA,Minas Gerais,21119536,834,8,10464,271
2020-06-01,Brazil,NA,Minas Gerais,21119536,206,7,10670,278
2020-06-02,Brazil,NA,Minas Gerais,21119536,269,11,10939,289
2020-06-03,Brazil,NA,Minas Gerais,21119536,1071,17,12010,306
2020-06-04,Brazil,NA,Minas Gerais,21119536,1024,17,13034,323
2020-06-05,Brazil,NA,Minas Gerais,21119536,961,21,13995,344
2020-06-06,Brazil,NA,Minas Gerais,21119536,944,24,14939,368
2020-06-07,Brazil,NA,Minas Gerais,21119536,764,8,15703,376
2020-06-08,Brazil,NA,Minas Gerais,21119536,180,4,15883,380
2020-06-09,Brazil,NA,Minas Gerais,21119536,219,19,16102,399
2020-06-10,Brazil,NA,Minas Gerais,21119536,1399,10,17501,409
2020-06-11,Brazil,NA,Minas Gerais,21119536,947,22,18448,431
2020-06-12,Brazil,NA,Minas Gerais,21119536,1658,15,20106,446
2020-06-13,Brazil,NA,Minas Gerais,21119536,508,8,20614,454
2020-06-14,Brazil,NA,Minas Gerais,21119536,767,21,21381,475
2020-06-15,Brazil,NA,Minas Gerais,21119536,347,6,21728,481
2020-06-16,Brazil,NA,Minas Gerais,21119536,296,21,22024,502
2020-06-17,Brazil,NA,Minas Gerais,21119536,1323,35,23347,537
2020-06-18,Brazil,NA,Minas Gerais,21119536,1559,33,24906,570
2020-06-19,Brazil,NA,Minas Gerais,21119536,1146,30,26052,600
2020-06-20,Brazil,NA,Minas Gerais,21119536,1253,36,27305,636
2020-06-21,Brazil,NA,Minas Gerais,21119536,336,25,27641,661
2020-06-22,Brazil,NA,Minas Gerais,21119536,1277,27,28918,688
2020-06-23,Brazil,NA,Minas Gerais,21119536,979,32,29897,720
2020-06-24,Brazil,NA,Minas Gerais,21119536,1446,51,31343,771
2020-06-25,Brazil,NA,Minas Gerais,21119536,1426,35,32769,806
2020-06-26,Brazil,NA,Minas Gerais,21119536,6122,27,38891,833
2020-06-27,Brazil,NA,Minas Gerais,21119536,2075,49,40966,882
2020-06-28,Brazil,NA,Minas Gerais,21119536,1775,17,42741,899
2020-06-29,Brazil,NA,Minas Gerais,21119536,1123,41,43864,940
2020-06-30,Brazil,NA,Minas Gerais,21119536,1137,25,45001,965
2020-07-01,Brazil,NA,Minas Gerais,21119536,2583,42,47584,1007
2020-07-02,Brazil,NA,Minas Gerais,21119536,3123,52,50707,1059
2020-07-03,Brazil,NA,Minas Gerais,21119536,2644,51,53351,1110
2020-07-04,Brazil,NA,Minas Gerais,21119536,2607,73,55958,1183
2020-07-05,Brazil,NA,Minas Gerais,21119536,2325,18,58283,1201
2020-07-06,Brazil,NA,Minas Gerais,21119536,1343,29,59626,1230
2020-07-07,Brazil,NA,Minas Gerais,21119536,1271,52,60897,1282
2020-07-08,Brazil,NA,Minas Gerais,21119536,3138,73,64035,1355
2020-07-09,Brazil,NA,Minas Gerais,21119536,2829,90,66864,1445
2020-07-10,Brazil,NA,Minas Gerais,21119536,3222,59,70086,1504
2020-07-11,Brazil,NA,Minas Gerais,21119536,3727,46,73813,1550
2020-07-12,Brazil,NA,Minas Gerais,21119536,2038,26,75851,1576
2020-07-13,Brazil,NA,Minas Gerais,21119536,971,39,76822,1615
2020-07-14,Brazil,NA,Minas Gerais,21119536,1821,73,78643,1688
2020-07-15,Brazil,NA,Minas Gerais,21119536,3367,64,82010,1752
2020-07-16,Brazil,NA,Minas Gerais,21119536,2460,82,84470,1834
2020-07-17,Brazil,NA,Minas Gerais,21119536,2801,70,87271,1904
2020-07-18,Brazil,NA,Minas Gerais,21119536,3604,60,90875,1964
2020-07-19,Brazil,NA,Minas Gerais,21119536,2097,18,92972,1982
2020-07-20,Brazil,NA,Minas Gerais,21119536,1160,22,94132,2004
2020-07-21,Brazil,NA,Minas Gerais,21119536,1434,67,95566,2071
2020-07-22,Brazil,NA,Minas Gerais,21119536,3175,95,98741,2166
2020-07-23,Brazil,NA,Minas Gerais,21119536,3827,72,102568,2238
2020-07-24,Brazil,NA,Minas Gerais,21119536,4244,77,106812,2315
2020-07-25,Brazil,NA,Minas Gerais,21119536,3281,89,110093,2404
2020-07-26,Brazil,NA,Minas Gerais,21119536,2478,25,112571,2429
2020-07-27,Brazil,NA,Minas Gerais,21119536,1147,32,113718,2461
2020-07-28,Brazil,NA,Minas Gerais,21119536,2927,90,116645,2551
2020-07-29,Brazil,NA,Minas Gerais,21119536,2749,57,119394,2608
2020-07-30,Brazil,NA,Minas Gerais,21119536,4021,84,123415,2692
2020-07-31,Brazil,NA,Minas Gerais,21119536,3691,77,127106,2769
2020-08-01,Brazil,NA,Minas Gerais,21119536,2879,92,129985,2861
2020-08-02,Brazil,NA,Minas Gerais,21119536,2816,30,132801,2891
2020-08-03,Brazil,NA,Minas Gerais,21119536,942,3,133743,2894
2020-08-04,Brazil,NA,Minas Gerais,21119536,1985,0,135728,2894
2020-08-05,Brazil,NA,Minas Gerais,21119536,3933,301,139661,3195
2020-08-06,Brazil,NA,Minas Gerais,21119536,3167,109,142828,3304
2020-08-07,Brazil,NA,Minas Gerais,21119536,4495,77,147323,3381
2020-08-08,Brazil,NA,Minas Gerais,21119536,3400,68,150723,3449
2020-08-09,Brazil,NA,Minas Gerais,21119536,3204,88,153927,3537
2020-08-10,Brazil,NA,Minas Gerais,21119536,1148,60,155075,3597
2020-08-11,Brazil,NA,Minas Gerais,21119536,1476,16,156551,3613
2020-08-12,Brazil,NA,Minas Gerais,21119536,3934,170,160485,3783
2020-08-13,Brazil,NA,Minas Gerais,21119536,4430,63,164915,3846
2020-08-14,Brazil,NA,Minas Gerais,21119536,3513,97,168428,3943
2020-08-15,Brazil,NA,Minas Gerais,21119536,3086,101,171514,4044
2020-08-16,Brazil,NA,Minas Gerais,21119536,2888,88,174402,4132
2020-08-17,Brazil,NA,Minas Gerais,21119536,1313,91,175715,4223
2020-08-18,Brazil,NA,Minas Gerais,21119536,2072,83,177787,4306
2020-08-19,Brazil,NA,Minas Gerais,21119536,3371,130,181158,4436
2020-08-20,Brazil,NA,Minas Gerais,21119536,3904,107,185062,4543
2020-08-21,Brazil,NA,Minas Gerais,21119536,3561,120,188623,4663
2020-08-22,Brazil,NA,Minas Gerais,21119536,2884,74,191507,4737
2020-08-23,Brazil,NA,Minas Gerais,21119536,3107,53,194614,4790
2020-08-24,Brazil,NA,Minas Gerais,21119536,1306,15,195920,4805
2020-08-25,Brazil,NA,Minas Gerais,21119536,2816,42,198736,4847
2020-08-26,Brazil,NA,Minas Gerais,21119536,3237,101,201973,4948
2020-08-27,Brazil,NA,Minas Gerais,21119536,3969,101,205942,5049
2020-08-28,Brazil,NA,Minas Gerais,21119536,3523,118,209465,5167
2020-08-29,Brazil,NA,Minas Gerais,21119536,3100,103,212565,5270
2020-08-30,Brazil,NA,Minas Gerais,21119536,2485,56,215050,5326
2020-08-31,Brazil,NA,Minas Gerais,21119536,1507,9,216557,5335
2020-09-01,Brazil,NA,Minas Gerais,21119536,2224,29,218781,5364
2020-09-02,Brazil,NA,Minas Gerais,21119536,3267,141,222048,5505
2020-09-03,Brazil,NA,Minas Gerais,21119536,2939,86,224987,5591
2020-09-04,Brazil,NA,Minas Gerais,21119536,3026,117,228013,5708
2020-09-05,Brazil,NA,Minas Gerais,21119536,3865,0,231878,5708
2020-09-06,Brazil,NA,Minas Gerais,21119536,2926,129,234804,5837
2020-09-07,Brazil,NA,Minas Gerais,21119536,1208,14,236012,5851
2020-09-08,Brazil,NA,Minas Gerais,21119536,651,26,236663,5877
2020-09-09,Brazil,NA,Minas Gerais,21119536,1852,58,238515,5935
2020-09-10,Brazil,NA,Minas Gerais,21119536,4018,74,242533,6009
2020-09-11,Brazil,NA,Minas Gerais,21119536,3616,105,246149,6114
2020-09-12,Brazil,NA,Minas Gerais,21119536,4041,86,250190,6200
2020-09-13,Brazil,NA,Minas Gerais,21119536,2073,76,252263,6276
2020-09-14,Brazil,NA,Minas Gerais,21119536,1734,10,253997,6286
2020-09-15,Brazil,NA,Minas Gerais,21119536,1609,42,255606,6328
2020-03-26,Brazil,NA,Para,8366628,6,0,13,0
2020-03-27,Brazil,NA,Para,8366628,0,0,13,0
2020-03-28,Brazil,NA,Para,8366628,4,0,17,0
2020-03-29,Brazil,NA,Para,8366628,1,0,18,0
2020-03-30,Brazil,NA,Para,8366628,3,0,21,0
2020-03-31,Brazil,NA,Para,8366628,11,0,32,0
2020-04-01,Brazil,NA,Para,8366628,8,1,40,1
2020-04-02,Brazil,NA,Para,8366628,6,0,46,1
2020-04-03,Brazil,NA,Para,8366628,4,0,50,1
2020-04-04,Brazil,NA,Para,8366628,30,0,80,1
2020-04-05,Brazil,NA,Para,8366628,6,0,86,1
2020-04-06,Brazil,NA,Para,8366628,16,2,102,3
2020-04-07,Brazil,NA,Para,8366628,36,2,138,5
2020-04-08,Brazil,NA,Para,8366628,29,1,167,6
2020-04-09,Brazil,NA,Para,8366628,1,1,168,7
2020-04-10,Brazil,NA,Para,8366628,2,2,170,9
2020-04-11,Brazil,NA,Para,8366628,47,1,217,10
2020-04-12,Brazil,NA,Para,8366628,29,3,246,13
2020-04-13,Brazil,NA,Para,8366628,24,2,270,15
2020-04-14,Brazil,NA,Para,8366628,53,4,323,19
2020-04-15,Brazil,NA,Para,8366628,61,2,384,21
2020-04-16,Brazil,NA,Para,8366628,54,3,438,24
2020-04-17,Brazil,NA,Para,8366628,119,2,557,26
2020-04-18,Brazil,NA,Para,8366628,83,7,640,33
2020-04-19,Brazil,NA,Para,8366628,45,1,685,34
2020-04-20,Brazil,NA,Para,8366628,217,1,902,35
2020-04-21,Brazil,NA,Para,8366628,124,3,1026,38
2020-04-22,Brazil,NA,Para,8366628,169,5,1195,43
2020-04-23,Brazil,NA,Para,8366628,72,10,1267,53
2020-04-24,Brazil,NA,Para,8366628,179,22,1446,75
2020-04-25,Brazil,NA,Para,8366628,133,11,1579,86
2020-04-26,Brazil,NA,Para,8366628,288,14,1867,100
2020-04-27,Brazil,NA,Para,8366628,261,14,2128,114
2020-04-28,Brazil,NA,Para,8366628,134,15,2262,129
2020-04-29,Brazil,NA,Para,8366628,160,8,2422,137
2020-04-30,Brazil,NA,Para,8366628,454,71,2876,208
2020-05-01,Brazil,NA,Para,8366628,300,27,3176,235
2020-05-02,Brazil,NA,Para,8366628,284,38,3460,273
2020-05-03,Brazil,NA,Para,8366628,403,36,3863,309
2020-05-04,Brazil,NA,Para,8366628,262,21,4125,330
2020-05-05,Brazil,NA,Para,8366628,347,39,4472,369
2020-05-06,Brazil,NA,Para,8366628,545,23,5017,392
2020-05-07,Brazil,NA,Para,8366628,507,18,5524,410
2020-05-08,Brazil,NA,Para,8366628,617,105,6141,515
2020-05-09,Brazil,NA,Para,8366628,634,63,6775,578
2020-05-10,Brazil,NA,Para,8366628,481,74,7256,652
2020-05-11,Brazil,NA,Para,8366628,307,56,7563,708
2020-05-12,Brazil,NA,Para,8366628,1053,156,8616,864
2020-05-13,Brazil,NA,Para,8366628,1002,82,9618,946
2020-05-14,Brazil,NA,Para,8366628,1249,117,10867,1063
2020-05-15,Brazil,NA,Para,8366628,1242,82,12109,1145
2020-05-16,Brazil,NA,Para,8366628,1075,54,13184,1199
2020-05-17,Brazil,NA,Para,8366628,680,40,13864,1239
2020-05-18,Brazil,NA,Para,8366628,870,90,14734,1329
2020-05-19,Brazil,NA,Para,8366628,1561,190,16295,1519
2020-05-20,Brazil,NA,Para,8366628,1840,114,18135,1633
2020-05-21,Brazil,NA,Para,8366628,1621,219,19756,1852
2020-05-22,Brazil,NA,Para,8366628,1713,85,21469,1937
2020-05-23,Brazil,NA,Para,8366628,1228,64,22697,2001
2020-05-24,Brazil,NA,Para,8366628,1428,147,24125,2148
2020-05-25,Brazil,NA,Para,8366628,1952,224,26077,2372
2020-05-26,Brazil,NA,Para,8366628,2523,97,28600,2469
2020-05-27,Brazil,NA,Para,8366628,2433,76,31033,2545
2020-05-28,Brazil,NA,Para,8366628,2666,159,33699,2704
2020-05-29,Brazil,NA,Para,8366628,2787,123,36486,2827
2020-05-30,Brazil,NA,Para,8366628,810,73,37296,2900
2020-05-31,Brazil,NA,Para,8366628,665,23,37961,2923
2020-06-01,Brazil,NA,Para,8366628,85,2,38046,2925
2020-06-02,Brazil,NA,Para,8366628,3161,115,41207,3040
2020-06-03,Brazil,NA,Para,8366628,3567,153,44774,3193
2020-06-04,Brazil,NA,Para,8366628,3275,223,48049,3416
2020-06-05,Brazil,NA,Para,8366628,2911,122,50960,3538
2020-06-06,Brazil,NA,Para,8366628,2216,74,53176,3612
2020-06-07,Brazil,NA,Para,8366628,1095,66,54271,3678
2020-06-08,Brazil,NA,Para,8366628,1761,94,56032,3772
2020-06-09,Brazil,NA,Para,8366628,3116,81,59148,3853
2020-06-10,Brazil,NA,Para,8366628,2947,74,62095,3927
2020-06-11,Brazil,NA,Para,8366628,2031,103,64126,4030
2020-06-12,Brazil,NA,Para,8366628,2202,102,66328,4132
2020-06-13,Brazil,NA,Para,8366628,2182,45,68510,4177
2020-06-14,Brazil,NA,Para,8366628,669,14,69179,4191
2020-06-15,Brazil,NA,Para,8366628,45,10,69224,4201
2020-06-16,Brazil,NA,Para,8366628,2019,90,71243,4291
2020-06-17,Brazil,NA,Para,8366628,2949,59,74192,4350
2020-06-18,Brazil,NA,Para,8366628,2431,45,76623,4395
2020-06-19,Brazil,NA,Para,8366628,3449,74,80072,4469
2020-06-20,Brazil,NA,Para,8366628,2809,50,82881,4519
2020-06-21,Brazil,NA,Para,8366628,1773,64,84654,4583
2020-06-22,Brazil,NA,Para,8366628,1366,22,86020,4605
2020-06-23,Brazil,NA,Para,8366628,2616,67,88636,4672
2020-06-24,Brazil,NA,Para,8366628,3072,54,91708,4726
2020-06-25,Brazil,NA,Para,8366628,2328,22,94036,4748
2020-06-26,Brazil,NA,Para,8366628,2436,55,96472,4803
2020-06-27,Brazil,NA,Para,8366628,2841,31,99313,4834
2020-06-28,Brazil,NA,Para,8366628,1130,11,100443,4845
2020-06-29,Brazil,NA,Para,8366628,764,25,101207,4870
2020-06-30,Brazil,NA,Para,8366628,1999,50,103206,4920
2020-07-01,Brazil,NA,Para,8366628,2647,40,105853,4960
2020-07-02,Brazil,NA,Para,8366628,2214,44,108067,5004
2020-07-03,Brazil,NA,Para,8366628,2344,46,110411,5050
2020-07-04,Brazil,NA,Para,8366628,2120,19,112531,5069
2020-07-05,Brazil,NA,Para,8366628,1280,27,113811,5096
2020-07-06,Brazil,NA,Para,8366628,724,9,114535,5105
2020-07-07,Brazil,NA,Para,8366628,1617,23,116152,5128
2020-07-08,Brazil,NA,Para,8366628,2592,41,118744,5169
2020-07-09,Brazil,NA,Para,8366628,1987,27,120731,5196
2020-07-10,Brazil,NA,Para,8366628,1943,28,122674,5224
2020-07-11,Brazil,NA,Para,8366628,2260,50,124934,5274
2020-07-12,Brazil,NA,Para,8366628,780,15,125714,5289
2020-07-13,Brazil,NA,Para,8366628,795,4,126509,5293
2020-07-14,Brazil,NA,Para,8366628,2061,25,128570,5318
2020-07-15,Brazil,NA,Para,8366628,2264,19,130834,5337
2020-07-16,Brazil,NA,Para,8366628,2205,48,133039,5385
2020-07-17,Brazil,NA,Para,8366628,2125,63,135164,5448
2020-07-18,Brazil,NA,Para,8366628,1783,30,136947,5478
2020-07-19,Brazil,NA,Para,8366628,537,45,137484,5523
2020-07-20,Brazil,NA,Para,8366628,912,15,138396,5538
2020-07-21,Brazil,NA,Para,8366628,1992,15,140388,5553
2020-07-22,Brazil,NA,Para,8366628,1970,28,142358,5581
2020-07-23,Brazil,NA,Para,8366628,2109,35,144467,5616
2020-07-24,Brazil,NA,Para,8366628,1785,30,146252,5646
2020-07-25,Brazil,NA,Para,8366628,1671,43,147923,5689
2020-07-26,Brazil,NA,Para,8366628,540,27,148463,5716
2020-07-27,Brazil,NA,Para,8366628,360,13,148823,5729
2020-07-28,Brazil,NA,Para,8366628,1362,0,150185,5729
2020-07-29,Brazil,NA,Para,8366628,1664,0,151849,5729
2020-07-30,Brazil,NA,Para,8366628,1501,5,153350,5729
2020-07-31,Brazil,NA,Para,8366628,1335,29,154685,5729
2020-08-01,Brazil,NA,Para,8366628,1368,22,156053,5750
2020-08-02,Brazil,NA,Para,8366628,232,23,156285,5773
2020-08-03,Brazil,NA,Para,8366628,220,11,156505,5784
2020-08-04,Brazil,NA,Para,8366628,1772,15,158277,5799
2020-08-05,Brazil,NA,Para,8366628,2418,19,160695,5818
2020-08-06,Brazil,NA,Para,8366628,2127,17,162822,5835
2020-08-07,Brazil,NA,Para,8366628,1937,19,164759,5854
2020-08-08,Brazil,NA,Para,8366628,2340,17,167099,5871
2020-08-09,Brazil,NA,Para,8366628,543,14,167642,5885
2020-08-10,Brazil,NA,Para,8366628,509,8,168151,5893
2020-08-11,Brazil,NA,Para,8366628,1462,8,169613,5901
2020-08-12,Brazil,NA,Para,8366628,2265,8,171878,5909
2020-08-13,Brazil,NA,Para,8366628,1747,8,173625,5917
2020-08-14,Brazil,NA,Para,8366628,1983,7,175608,5924
2020-08-15,Brazil,NA,Para,8366628,1402,8,177010,5932
2020-08-16,Brazil,NA,Para,8366628,959,8,177969,5940
2020-08-17,Brazil,NA,Para,8366628,406,5,178375,5945
2020-08-18,Brazil,NA,Para,8366628,1715,30,180090,5975
2020-08-19,Brazil,NA,Para,8366628,2141,40,182231,6015
2020-08-20,Brazil,NA,Para,8366628,2022,12,184253,6027
2020-08-21,Brazil,NA,Para,8366628,2393,10,186646,6037
2020-08-22,Brazil,NA,Para,8366628,1998,10,188644,6047
2020-08-23,Brazil,NA,Para,8366628,645,10,189289,6057
2020-08-24,Brazil,NA,Para,8366628,293,5,189582,6062
2020-08-25,Brazil,NA,Para,8366628,2027,16,191609,6078
2020-08-26,Brazil,NA,Para,8366628,1955,19,193564,6097
2020-08-27,Brazil,NA,Para,8366628,1733,5,195297,6102
2020-08-28,Brazil,NA,Para,8366628,1577,4,196874,6106
2020-08-29,Brazil,NA,Para,8366628,1372,3,198246,6109
2020-08-30,Brazil,NA,Para,8366628,925,6,199171,6115
2020-08-31,Brazil,NA,Para,8366628,385,31,199556,6146
2020-09-01,Brazil,NA,Para,8366628,1429,30,200985,6176
2020-09-02,Brazil,NA,Para,8366628,1451,25,202436,6201
2020-09-03,Brazil,NA,Para,8366628,1533,14,203969,6215
2020-09-04,Brazil,NA,Para,8366628,1322,13,205291,6228
2020-09-05,Brazil,NA,Para,8366628,1573,12,206864,6240
2020-09-06,Brazil,NA,Para,8366628,774,9,207638,6249
2020-09-07,Brazil,NA,Para,8366628,621,8,208259,6257
2020-09-08,Brazil,NA,Para,8366628,301,12,208560,6269
2020-09-09,Brazil,NA,Para,8366628,1248,11,209808,6280
2020-09-10,Brazil,NA,Para,8366628,1253,9,211061,6289
2020-09-11,Brazil,NA,Para,8366628,1367,10,212428,6299
2020-09-12,Brazil,NA,Para,8366628,1227,8,213655,6307
2020-09-13,Brazil,NA,Para,8366628,721,37,214376,6344
2020-09-14,Brazil,NA,Para,8366628,430,24,214806,6368
2020-09-15,Brazil,NA,Para,8366628,1512,19,216318,6387
2020-03-28,Brazil,NA,Paraiba,4025558,5,0,14,0
2020-03-29,Brazil,NA,Paraiba,4025558,0,0,14,0
2020-03-30,Brazil,NA,Paraiba,4025558,1,0,15,0
2020-03-31,Brazil,NA,Paraiba,4025558,2,0,17,0
2020-04-01,Brazil,NA,Paraiba,4025558,3,1,20,1
2020-04-02,Brazil,NA,Paraiba,4025558,1,0,21,1
2020-04-03,Brazil,NA,Paraiba,4025558,8,0,29,1
2020-04-04,Brazil,NA,Paraiba,4025558,3,1,32,2
2020-04-05,Brazil,NA,Paraiba,4025558,2,2,34,4
2020-04-06,Brazil,NA,Paraiba,4025558,1,0,35,4
2020-04-07,Brazil,NA,Paraiba,4025558,1,0,36,4
2020-04-08,Brazil,NA,Paraiba,4025558,5,0,41,4
2020-04-09,Brazil,NA,Paraiba,4025558,14,3,55,7
2020-04-10,Brazil,NA,Paraiba,4025558,24,4,79,11
2020-04-11,Brazil,NA,Paraiba,4025558,6,0,85,11
2020-04-12,Brazil,NA,Paraiba,4025558,16,2,101,13
2020-04-13,Brazil,NA,Paraiba,4025558,10,0,111,13
2020-04-14,Brazil,NA,Paraiba,4025558,25,3,136,16
2020-04-15,Brazil,NA,Paraiba,4025558,15,5,151,21
2020-04-16,Brazil,NA,Paraiba,4025558,14,3,165,24
2020-04-17,Brazil,NA,Paraiba,4025558,30,2,195,26
2020-04-18,Brazil,NA,Paraiba,4025558,10,0,205,26
2020-04-19,Brazil,NA,Paraiba,4025558,31,3,236,29
2020-04-20,Brazil,NA,Paraiba,4025558,9,3,245,32
2020-04-21,Brazil,NA,Paraiba,4025558,18,1,263,33
2020-04-22,Brazil,NA,Paraiba,4025558,38,6,301,39
2020-04-23,Brazil,NA,Paraiba,4025558,44,1,345,40
2020-04-24,Brazil,NA,Paraiba,4025558,41,4,386,44
2020-04-25,Brazil,NA,Paraiba,4025558,61,2,447,46
2020-04-26,Brazil,NA,Paraiba,4025558,52,3,499,49
2020-04-27,Brazil,NA,Paraiba,4025558,44,1,543,50
2020-04-28,Brazil,NA,Paraiba,4025558,90,3,633,53
2020-04-29,Brazil,NA,Paraiba,4025558,66,5,699,58
2020-04-30,Brazil,NA,Paraiba,4025558,115,4,814,62
2020-05-01,Brazil,NA,Paraiba,4025558,112,5,926,67
2020-05-02,Brazil,NA,Paraiba,4025558,108,7,1034,74
2020-05-03,Brazil,NA,Paraiba,4025558,135,2,1169,76
2020-05-04,Brazil,NA,Paraiba,4025558,50,3,1219,79
2020-05-05,Brazil,NA,Paraiba,4025558,142,6,1361,85
2020-05-06,Brazil,NA,Paraiba,4025558,132,7,1493,92
2020-05-07,Brazil,NA,Paraiba,4025558,164,9,1657,101
2020-05-08,Brazil,NA,Paraiba,4025558,374,13,2031,114
2020-05-09,Brazil,NA,Paraiba,4025558,125,10,2156,124
2020-05-10,Brazil,NA,Paraiba,4025558,185,11,2341,135
2020-05-11,Brazil,NA,Paraiba,4025558,184,4,2525,139
2020-05-12,Brazil,NA,Paraiba,4025558,252,15,2777,154
2020-05-13,Brazil,NA,Paraiba,4025558,268,3,3045,157
2020-05-14,Brazil,NA,Paraiba,4025558,316,3,3361,160
2020-05-15,Brazil,NA,Paraiba,4025558,378,10,3739,170
2020-05-16,Brazil,NA,Paraiba,4025558,324,13,4063,183
2020-05-17,Brazil,NA,Paraiba,4025558,284,11,4347,194
2020-05-18,Brazil,NA,Paraiba,4025558,439,13,4786,207
2020-05-19,Brazil,NA,Paraiba,4025558,514,12,5300,219
2020-05-20,Brazil,NA,Paraiba,4025558,538,11,5838,230
2020-05-21,Brazil,NA,Paraiba,4025558,400,15,6238,245
2020-05-22,Brazil,NA,Paraiba,4025558,644,3,6882,248
2020-05-23,Brazil,NA,Paraiba,4025558,626,10,7508,258
2020-05-24,Brazil,NA,Paraiba,4025558,315,14,7823,272
2020-05-25,Brazil,NA,Paraiba,4025558,193,7,8016,279
2020-05-26,Brazil,NA,Paraiba,4025558,903,7,8919,286
2020-05-27,Brazil,NA,Paraiba,4025558,1290,12,10209,298
2020-05-28,Brazil,NA,Paraiba,4025558,923,20,11132,318
2020-05-29,Brazil,NA,Paraiba,4025558,879,9,12011,327
2020-05-30,Brazil,NA,Paraiba,4025558,851,20,12862,347
2020-05-31,Brazil,NA,Paraiba,4025558,300,13,13162,360
2020-06-01,Brazil,NA,Paraiba,4025558,533,10,13695,370
2020-06-02,Brazil,NA,Paraiba,4025558,1164,9,14859,379
2020-06-03,Brazil,NA,Paraiba,4025558,1159,35,16018,414
2020-06-04,Brazil,NA,Paraiba,4025558,1561,24,17579,438
2020-06-05,Brazil,NA,Paraiba,4025558,1000,13,18579,451
2020-06-06,Brazil,NA,Paraiba,4025558,1208,16,19787,467
2020-06-07,Brazil,NA,Paraiba,4025558,523,17,20310,484
2020-06-08,Brazil,NA,Paraiba,4025558,641,23,20951,507
2020-06-09,Brazil,NA,Paraiba,4025558,1501,27,22452,534
2020-06-10,Brazil,NA,Paraiba,4025558,1580,25,24032,559
2020-06-11,Brazil,NA,Paraiba,4025558,1338,11,25370,570
2020-06-12,Brazil,NA,Paraiba,4025558,1186,40,26556,610
2020-06-13,Brazil,NA,Paraiba,4025558,898,13,27454,623
2020-06-14,Brazil,NA,Paraiba,4025558,559,10,28013,633
2020-06-15,Brazil,NA,Paraiba,4025558,655,23,28668,656
2020-06-16,Brazil,NA,Paraiba,4025558,1460,15,30128,671
2020-06-17,Brazil,NA,Paraiba,4025558,1584,25,31712,696
2020-06-18,Brazil,NA,Paraiba,4025558,48,13,31760,709
2020-06-19,Brazil,NA,Paraiba,4025558,3333,15,35093,724
2020-06-20,Brazil,NA,Paraiba,4025558,1428,19,36521,743
2020-06-21,Brazil,NA,Paraiba,4025558,263,23,36784,766
2020-06-22,Brazil,NA,Paraiba,4025558,469,18,37253,784
2020-06-23,Brazil,NA,Paraiba,4025558,1746,23,38999,807
2020-06-24,Brazil,NA,Paraiba,4025558,913,21,39912,828
2020-06-25,Brazil,NA,Paraiba,4025558,912,14,40824,842
2020-06-26,Brazil,NA,Paraiba,4025558,2008,22,42832,864
2020-06-27,Brazil,NA,Paraiba,4025558,1410,32,44242,896
2020-06-28,Brazil,NA,Paraiba,4025558,437,15,44679,911
2020-06-29,Brazil,NA,Paraiba,4025558,378,20,45057,931
2020-06-30,Brazil,NA,Paraiba,4025558,1900,46,46957,977
2020-07-01,Brazil,NA,Paraiba,4025558,1218,25,48175,1002
2020-07-02,Brazil,NA,Paraiba,4025558,1361,42,49536,1044
2020-07-03,Brazil,NA,Paraiba,4025558,1229,18,50765,1062
2020-07-04,Brazil,NA,Paraiba,4025558,1541,20,52306,1082
2020-07-05,Brazil,NA,Paraiba,4025558,422,17,52728,1099
2020-07-06,Brazil,NA,Paraiba,4025558,423,19,53151,1118
2020-07-07,Brazil,NA,Paraiba,4025558,1651,27,54802,1145
2020-07-08,Brazil,NA,Paraiba,4025558,1542,26,56344,1171
2020-07-09,Brazil,NA,Paraiba,4025558,1270,25,57614,1196
2020-07-10,Brazil,NA,Paraiba,4025558,1504,33,59118,1229
2020-07-11,Brazil,NA,Paraiba,4025558,1303,21,60421,1250
2020-07-12,Brazil,NA,Paraiba,4025558,363,34,60784,1284
2020-07-13,Brazil,NA,Paraiba,4025558,324,18,61108,1302
2020-07-14,Brazil,NA,Paraiba,4025558,1354,40,62462,1342
2020-07-15,Brazil,NA,Paraiba,4025558,1477,41,63939,1383
2020-07-16,Brazil,NA,Paraiba,4025558,1484,35,65423,1418
2020-07-17,Brazil,NA,Paraiba,4025558,924,28,66347,1446
2020-07-18,Brazil,NA,Paraiba,4025558,624,31,66971,1477
2020-07-19,Brazil,NA,Paraiba,4025558,411,9,67382,1486
2020-07-20,Brazil,NA,Paraiba,4025558,298,31,67680,1517
2020-07-21,Brazil,NA,Paraiba,4025558,1164,41,68844,1558
2020-07-22,Brazil,NA,Paraiba,4025558,2128,23,70972,1581
2020-07-23,Brazil,NA,Paraiba,4025558,2132,37,73104,1618
2020-07-24,Brazil,NA,Paraiba,4025558,1446,35,74550,1653
2020-07-25,Brazil,NA,Paraiba,4025558,1173,22,75723,1675
2020-07-26,Brazil,NA,Paraiba,4025558,430,23,76153,1698
2020-07-27,Brazil,NA,Paraiba,4025558,540,29,76693,1727
2020-07-28,Brazil,NA,Paraiba,4025558,1482,18,78175,1745
2020-07-29,Brazil,NA,Paraiba,4025558,1723,21,79898,1766
2020-07-30,Brazil,NA,Paraiba,4025558,1210,19,81108,1785
2020-07-31,Brazil,NA,Paraiba,4025558,1686,26,82794,1811
2020-08-01,Brazil,NA,Paraiba,4025558,667,22,83461,1833
2020-08-02,Brazil,NA,Paraiba,4025558,547,17,84008,1850
2020-08-03,Brazil,NA,Paraiba,4025558,203,20,84211,1870
2020-08-04,Brazil,NA,Paraiba,4025558,1549,31,85760,1901
2020-08-05,Brazil,NA,Paraiba,4025558,1311,21,87071,1922
2020-08-06,Brazil,NA,Paraiba,4025558,796,23,87867,1945
2020-08-07,Brazil,NA,Paraiba,4025558,1250,20,89117,1965
2020-08-08,Brazil,NA,Paraiba,4025558,776,18,89893,1983
2020-08-09,Brazil,NA,Paraiba,4025558,189,17,90082,2000
2020-08-10,Brazil,NA,Paraiba,4025558,284,23,90366,2023
2020-08-11,Brazil,NA,Paraiba,4025558,1453,23,91819,2046
2020-08-12,Brazil,NA,Paraiba,4025558,1078,25,92897,2071
2020-08-13,Brazil,NA,Paraiba,4025558,897,21,93794,2092
2020-08-14,Brazil,NA,Paraiba,4025558,866,21,94660,2113
2020-08-15,Brazil,NA,Paraiba,4025558,928,25,95588,2138
2020-08-16,Brazil,NA,Paraiba,4025558,445,24,96033,2162
2020-08-17,Brazil,NA,Paraiba,4025558,190,21,96223,2183
2020-08-18,Brazil,NA,Paraiba,4025558,1274,20,97497,2203
2020-08-19,Brazil,NA,Paraiba,4025558,997,20,98494,2223
2020-08-20,Brazil,NA,Paraiba,4025558,951,21,99445,2244
2020-08-21,Brazil,NA,Paraiba,4025558,845,24,100290,2268
2020-08-22,Brazil,NA,Paraiba,4025558,680,20,100970,2288
2020-08-23,Brazil,NA,Paraiba,4025558,162,20,101132,2308
2020-08-24,Brazil,NA,Paraiba,4025558,171,22,101303,2330
2020-08-25,Brazil,NA,Paraiba,4025558,905,20,102208,2350
2020-08-26,Brazil,NA,Paraiba,4025558,1005,21,103213,2371
2020-08-27,Brazil,NA,Paraiba,4025558,883,17,104096,2388
2020-08-28,Brazil,NA,Paraiba,4025558,707,16,104803,2404
2020-08-29,Brazil,NA,Paraiba,4025558,728,16,105531,2420
2020-08-30,Brazil,NA,Paraiba,4025558,130,15,105661,2435
2020-08-31,Brazil,NA,Paraiba,4025558,117,15,105778,2450
2020-09-01,Brazil,NA,Paraiba,4025558,827,15,106605,2465
2020-09-02,Brazil,NA,Paraiba,4025558,779,18,107384,2483
2020-09-03,Brazil,NA,Paraiba,4025558,798,18,108182,2501
2020-09-04,Brazil,NA,Paraiba,4025558,743,16,108925,2517
2020-09-05,Brazil,NA,Paraiba,4025558,605,12,109530,2529
2020-09-06,Brazil,NA,Paraiba,4025558,143,14,109673,2543
2020-09-07,Brazil,NA,Paraiba,4025558,33,7,109706,2550
2020-09-08,Brazil,NA,Paraiba,4025558,154,13,109860,2563
2020-09-09,Brazil,NA,Paraiba,4025558,867,15,110727,2578
2020-09-10,Brazil,NA,Paraiba,4025558,768,12,111495,2590
2020-09-11,Brazil,NA,Paraiba,4025558,523,14,112018,2604
2020-09-12,Brazil,NA,Paraiba,4025558,688,12,112706,2616
2020-09-13,Brazil,NA,Paraiba,4025558,255,11,112961,2627
2020-09-14,Brazil,NA,Paraiba,4025558,202,12,113163,2639
2020-09-15,Brazil,NA,Paraiba,4025558,740,10,113903,2649
2020-03-18,Brazil,NA,Parana,11320892,7,0,13,0
2020-03-19,Brazil,NA,Parana,11320892,10,0,23,0
2020-03-20,Brazil,NA,Parana,11320892,9,0,32,0
2020-03-21,Brazil,NA,Parana,11320892,11,0,43,0
2020-03-22,Brazil,NA,Parana,11320892,7,0,50,0
2020-03-23,Brazil,NA,Parana,11320892,6,0,56,0
2020-03-24,Brazil,NA,Parana,11320892,9,0,65,0
2020-03-25,Brazil,NA,Parana,11320892,16,0,81,0
2020-03-26,Brazil,NA,Parana,11320892,21,0,102,0
2020-03-27,Brazil,NA,Parana,11320892,17,2,119,2
2020-03-28,Brazil,NA,Parana,11320892,14,0,133,2
2020-03-29,Brazil,NA,Parana,11320892,15,0,148,2
2020-03-30,Brazil,NA,Parana,11320892,7,1,155,3
2020-03-31,Brazil,NA,Parana,11320892,24,0,179,3
2020-04-01,Brazil,NA,Parana,11320892,45,0,224,3
2020-04-02,Brazil,NA,Parana,11320892,28,1,252,4
2020-04-03,Brazil,NA,Parana,11320892,49,0,301,4
2020-04-04,Brazil,NA,Parana,11320892,94,2,395,6
2020-04-05,Brazil,NA,Parana,11320892,43,3,438,9
2020-04-06,Brazil,NA,Parana,11320892,20,2,458,11
2020-04-07,Brazil,NA,Parana,11320892,45,4,503,15
2020-04-08,Brazil,NA,Parana,11320892,36,2,539,17
2020-04-09,Brazil,NA,Parana,11320892,70,5,609,22
2020-04-10,Brazil,NA,Parana,11320892,34,3,643,25
2020-04-11,Brazil,NA,Parana,11320892,33,1,676,26
2020-04-12,Brazil,NA,Parana,11320892,62,4,738,30
2020-04-13,Brazil,NA,Parana,11320892,18,1,756,31
2020-04-14,Brazil,NA,Parana,11320892,35,5,791,36
2020-04-15,Brazil,NA,Parana,11320892,12,2,803,38
2020-04-16,Brazil,NA,Parana,11320892,29,3,832,41
2020-04-17,Brazil,NA,Parana,11320892,42,1,874,42
2020-04-18,Brazil,NA,Parana,11320892,71,4,945,46
2020-04-19,Brazil,NA,Parana,11320892,42,2,987,48
2020-04-20,Brazil,NA,Parana,11320892,20,3,1007,51
2020-04-21,Brazil,NA,Parana,11320892,17,0,1024,51
2020-04-22,Brazil,NA,Parana,11320892,39,6,1063,57
2020-04-23,Brazil,NA,Parana,11320892,19,3,1082,60
2020-04-24,Brazil,NA,Parana,11320892,37,4,1119,64
2020-04-25,Brazil,NA,Parana,11320892,21,5,1140,69
2020-04-26,Brazil,NA,Parana,11320892,16,3,1156,72
2020-04-27,Brazil,NA,Parana,11320892,30,3,1186,75
2020-04-28,Brazil,NA,Parana,11320892,85,2,1271,77
2020-04-29,Brazil,NA,Parana,11320892,77,5,1348,82
2020-04-30,Brazil,NA,Parana,11320892,59,1,1407,83
2020-05-01,Brazil,NA,Parana,11320892,40,6,1447,89
2020-05-02,Brazil,NA,Parana,11320892,45,1,1492,90
2020-05-03,Brazil,NA,Parana,11320892,22,3,1514,93
2020-05-04,Brazil,NA,Parana,11320892,48,1,1562,94
2020-05-05,Brazil,NA,Parana,11320892,26,5,1588,99
2020-05-06,Brazil,NA,Parana,11320892,39,2,1627,101
2020-05-07,Brazil,NA,Parana,11320892,29,3,1656,104
2020-05-08,Brazil,NA,Parana,11320892,55,2,1711,106
2020-05-09,Brazil,NA,Parana,11320892,74,1,1785,107
2020-05-10,Brazil,NA,Parana,11320892,50,2,1835,109
2020-05-11,Brazil,NA,Parana,11320892,14,2,1849,111
2020-05-12,Brazil,NA,Parana,11320892,57,2,1906,113
2020-05-13,Brazil,NA,Parana,11320892,90,4,1996,117
2020-05-14,Brazil,NA,Parana,11320892,67,2,2063,119
2020-05-15,Brazil,NA,Parana,11320892,76,1,2139,120
2020-05-16,Brazil,NA,Parana,11320892,103,3,2242,123
2020-05-17,Brazil,NA,Parana,11320892,44,1,2286,124
2020-05-18,Brazil,NA,Parana,11320892,74,3,2360,127
2020-05-19,Brazil,NA,Parana,11320892,121,2,2481,129
2020-05-20,Brazil,NA,Parana,11320892,135,8,2616,137
2020-05-21,Brazil,NA,Parana,11320892,194,4,2810,141
2020-05-22,Brazil,NA,Parana,11320892,129,5,2939,146
2020-05-23,Brazil,NA,Parana,11320892,160,4,3099,150
2020-05-24,Brazil,NA,Parana,11320892,113,3,3212,153
2020-05-25,Brazil,NA,Parana,11320892,119,3,3331,156
2020-05-26,Brazil,NA,Parana,11320892,181,3,3512,159
2020-05-27,Brazil,NA,Parana,11320892,200,3,3712,162
2020-05-28,Brazil,NA,Parana,11320892,272,7,3984,169
2020-05-29,Brazil,NA,Parana,11320892,252,4,4236,173
2020-05-30,Brazil,NA,Parana,11320892,237,8,4473,181
2020-05-31,Brazil,NA,Parana,11320892,214,1,4687,182
2020-06-01,Brazil,NA,Parana,11320892,148,8,4835,190
2020-06-02,Brazil,NA,Parana,11320892,328,9,5163,199
2020-06-03,Brazil,NA,Parana,11320892,331,6,5494,205
2020-06-04,Brazil,NA,Parana,11320892,326,10,5820,215
2020-06-05,Brazil,NA,Parana,11320892,528,12,6348,227
2020-06-06,Brazil,NA,Parana,11320892,257,5,6605,232
2020-06-07,Brazil,NA,Parana,11320892,292,5,6897,237
2020-06-08,Brazil,NA,Parana,11320892,134,6,7031,243
2020-06-09,Brazil,NA,Parana,11320892,283,10,7314,253
2020-06-10,Brazil,NA,Parana,11320892,517,22,7831,275
2020-06-11,Brazil,NA,Parana,11320892,626,5,8457,280
2020-06-12,Brazil,NA,Parana,11320892,248,14,8705,294
2020-06-13,Brazil,NA,Parana,11320892,528,18,9233,312
2020-06-14,Brazil,NA,Parana,11320892,350,14,9583,326
2020-06-15,Brazil,NA,Parana,11320892,133,8,9716,334
2020-06-16,Brazil,NA,Parana,11320892,841,30,10557,364
2020-06-17,Brazil,NA,Parana,11320892,528,22,11085,386
2020-06-18,Brazil,NA,Parana,11320892,834,20,11919,406
2020-06-19,Brazil,NA,Parana,11320892,866,13,12785,419
2020-06-20,Brazil,NA,Parana,11320892,877,9,13662,428
2020-06-21,Brazil,NA,Parana,11320892,839,23,14501,451
2020-06-22,Brazil,NA,Parana,11320892,623,18,15124,469
2020-06-23,Brazil,NA,Parana,11320892,729,29,15853,498
2020-06-24,Brazil,NA,Parana,11320892,1110,23,16963,521
2020-06-25,Brazil,NA,Parana,11320892,858,18,17821,539
2020-06-26,Brazil,NA,Parana,11320892,851,25,18672,564
2020-06-27,Brazil,NA,Parana,11320892,1147,11,19819,575
2020-06-28,Brazil,NA,Parana,11320892,923,24,20742,599
2020-06-29,Brazil,NA,Parana,11320892,584,14,21326,613
2020-06-30,Brazil,NA,Parana,11320892,1551,36,22877,649
2020-07-01,Brazil,NA,Parana,11320892,1348,14,24225,663
2020-07-02,Brazil,NA,Parana,11320892,2079,43,26304,706
2020-07-03,Brazil,NA,Parana,11320892,1862,22,28166,728
2020-07-04,Brazil,NA,Parana,11320892,2404,35,30570,763
2020-07-05,Brazil,NA,Parana,11320892,889,32,31459,795
2020-07-06,Brazil,NA,Parana,11320892,1310,25,32769,820
2020-07-07,Brazil,NA,Parana,11320892,1539,31,34308,851
2020-07-08,Brazil,NA,Parana,11320892,1407,44,35715,895
2020-07-09,Brazil,NA,Parana,11320892,1709,36,37424,931
2020-07-10,Brazil,NA,Parana,11320892,2088,47,39512,978
2020-07-11,Brazil,NA,Parana,11320892,1285,38,40797,1016
2020-07-12,Brazil,NA,Parana,11320892,1740,29,42537,1045
2020-07-13,Brazil,NA,Parana,11320892,1045,44,43582,1089
2020-07-14,Brazil,NA,Parana,11320892,1781,57,45363,1146
2020-07-15,Brazil,NA,Parana,11320892,1761,54,47124,1200
2020-07-16,Brazil,NA,Parana,11320892,2281,46,49405,1246
2020-07-17,Brazil,NA,Parana,11320892,1916,46,51321,1292
2020-07-18,Brazil,NA,Parana,11320892,2232,16,53553,1308
2020-07-19,Brazil,NA,Parana,11320892,1076,19,54629,1327
2020-07-20,Brazil,NA,Parana,11320892,1280,30,55909,1357
2020-07-21,Brazil,NA,Parana,11320892,1629,58,57538,1415
2020-07-22,Brazil,NA,Parana,11320892,2389,71,59927,1486
2020-07-23,Brazil,NA,Parana,11320892,2077,59,62004,1545
2020-07-24,Brazil,NA,Parana,11320892,2255,53,64259,1598
2020-07-25,Brazil,NA,Parana,11320892,1334,55,65593,1653
2020-07-26,Brazil,NA,Parana,11320892,1627,18,67220,1671
2020-07-27,Brazil,NA,Parana,11320892,781,32,68001,1703
2020-07-28,Brazil,NA,Parana,11320892,1391,40,69392,1743
2020-07-29,Brazil,NA,Parana,11320892,1528,71,70920,1814
2020-07-30,Brazil,NA,Parana,11320892,2568,47,73488,1861
2020-07-31,Brazil,NA,Parana,11320892,2624,59,76112,1920
2020-08-01,Brazil,NA,Parana,11320892,1818,55,77930,1975
2020-08-02,Brazil,NA,Parana,11320892,1675,30,79605,2005
2020-08-03,Brazil,NA,Parana,11320892,1260,45,80865,2050
2020-08-04,Brazil,NA,Parana,11320892,1853,78,82718,2128
2020-08-05,Brazil,NA,Parana,11320892,2599,36,85317,2164
2020-08-06,Brazil,NA,Parana,11320892,1952,60,87269,2224
2020-08-07,Brazil,NA,Parana,11320892,1630,46,88899,2270
2020-08-08,Brazil,NA,Parana,11320892,0,0,88899,2270
2020-08-09,Brazil,NA,Parana,11320892,1067,75,89966,2345
2020-08-10,Brazil,NA,Parana,11320892,4158,53,94124,2398
2020-08-11,Brazil,NA,Parana,11320892,1819,47,95943,2445
2020-08-12,Brazil,NA,Parana,11320892,1842,71,97785,2516
2020-08-13,Brazil,NA,Parana,11320892,1882,60,99667,2576
2020-08-14,Brazil,NA,Parana,11320892,2177,36,101844,2612
2020-08-15,Brazil,NA,Parana,11320892,1927,53,103771,2665
2020-08-16,Brazil,NA,Parana,11320892,1333,26,105104,2691
2020-08-17,Brazil,NA,Parana,11320892,1275,42,106379,2733
2020-08-18,Brazil,NA,Parana,11320892,1858,48,108237,2781
2020-08-19,Brazil,NA,Parana,11320892,1659,27,109896,2808
2020-08-20,Brazil,NA,Parana,11320892,2349,83,112245,2891
2020-08-21,Brazil,NA,Parana,11320892,2343,37,114588,2928
2020-08-22,Brazil,NA,Parana,11320892,2260,33,116848,2961
2020-08-23,Brazil,NA,Parana,11320892,1111,16,117959,2977
2020-08-24,Brazil,NA,Parana,11320892,1045,33,119004,3010
2020-08-25,Brazil,NA,Parana,11320892,1533,52,120537,3062
2020-08-26,Brazil,NA,Parana,11320892,1704,40,122241,3102
2020-08-27,Brazil,NA,Parana,11320892,1833,51,124074,3153
2020-08-28,Brazil,NA,Parana,11320892,2890,41,126964,3194
2020-08-29,Brazil,NA,Parana,11320892,2003,40,128967,3234
2020-08-30,Brazil,NA,Parana,11320892,1636,17,130603,3251
2020-08-31,Brazil,NA,Parana,11320892,1303,39,131906,3290
2020-09-01,Brazil,NA,Parana,11320892,1668,55,133574,3345
2020-09-02,Brazil,NA,Parana,11320892,2035,54,135609,3399
2020-09-03,Brazil,NA,Parana,11320892,2256,50,137865,3449
2020-09-04,Brazil,NA,Parana,11320892,1915,56,139780,3505
2020-09-05,Brazil,NA,Parana,11320892,1868,32,141648,3537
2020-09-06,Brazil,NA,Parana,11320892,1426,14,143074,3551
2020-09-07,Brazil,NA,Parana,11320892,779,26,143853,3577
2020-09-08,Brazil,NA,Parana,11320892,1404,38,145257,3615
2020-09-09,Brazil,NA,Parana,11320892,1076,45,146333,3660
2020-09-10,Brazil,NA,Parana,11320892,2000,50,148333,3710
2020-09-11,Brazil,NA,Parana,11320892,2335,71,150668,3781
2020-09-12,Brazil,NA,Parana,11320892,2245,20,152913,3801
2020-09-13,Brazil,NA,Parana,11320892,1258,22,154171,3823
2020-09-14,Brazil,NA,Parana,11320892,649,30,154820,3853
2020-09-15,Brazil,NA,Parana,11320892,1000,65,155820,3918
2020-03-17,Brazil,NA,Pernambuco,9473266,14,0,16,0
2020-03-18,Brazil,NA,Pernambuco,9473266,0,0,16,0
2020-03-19,Brazil,NA,Pernambuco,9473266,12,0,28,0
2020-03-20,Brazil,NA,Pernambuco,9473266,2,0,30,0
2020-03-21,Brazil,NA,Pernambuco,9473266,0,0,30,0
2020-03-22,Brazil,NA,Pernambuco,9473266,7,0,37,0
2020-03-23,Brazil,NA,Pernambuco,9473266,5,0,42,0
2020-03-24,Brazil,NA,Pernambuco,9473266,0,0,42,0
2020-03-25,Brazil,NA,Pernambuco,9473266,4,1,46,1
2020-03-26,Brazil,NA,Pernambuco,9473266,2,2,48,3
2020-03-27,Brazil,NA,Pernambuco,9473266,8,1,56,4
2020-03-28,Brazil,NA,Pernambuco,9473266,12,1,68,5
2020-03-29,Brazil,NA,Pernambuco,9473266,5,0,73,5
2020-03-30,Brazil,NA,Pernambuco,9473266,5,1,78,6
2020-03-31,Brazil,NA,Pernambuco,9473266,9,0,87,6
2020-04-01,Brazil,NA,Pernambuco,9473266,8,2,95,8
2020-04-02,Brazil,NA,Pernambuco,9473266,11,1,106,9
2020-04-03,Brazil,NA,Pernambuco,9473266,30,1,136,10
2020-04-04,Brazil,NA,Pernambuco,9473266,40,4,176,14
2020-04-05,Brazil,NA,Pernambuco,9473266,25,7,201,21
2020-04-06,Brazil,NA,Pernambuco,9473266,22,9,223,30
2020-04-07,Brazil,NA,Pernambuco,9473266,129,4,352,34
2020-04-08,Brazil,NA,Pernambuco,9473266,49,12,401,46
2020-04-09,Brazil,NA,Pernambuco,9473266,154,10,555,56
2020-04-10,Brazil,NA,Pernambuco,9473266,129,9,684,65
2020-04-11,Brazil,NA,Pernambuco,9473266,132,7,816,72
2020-04-12,Brazil,NA,Pernambuco,9473266,144,13,960,85
2020-04-13,Brazil,NA,Pernambuco,9473266,194,17,1154,102
2020-04-14,Brazil,NA,Pernambuco,9473266,130,13,1284,115
2020-04-15,Brazil,NA,Pernambuco,9473266,200,28,1484,143
2020-04-16,Brazil,NA,Pernambuco,9473266,199,17,1683,160
2020-04-17,Brazil,NA,Pernambuco,9473266,323,26,2006,186
2020-04-18,Brazil,NA,Pernambuco,9473266,187,19,2193,205
2020-04-19,Brazil,NA,Pernambuco,9473266,266,11,2459,216
2020-04-20,Brazil,NA,Pernambuco,9473266,231,18,2690,234
2020-04-21,Brazil,NA,Pernambuco,9473266,218,26,2908,260
2020-04-22,Brazil,NA,Pernambuco,9473266,390,22,3298,282
2020-04-23,Brazil,NA,Pernambuco,9473266,221,30,3519,312
2020-04-24,Brazil,NA,Pernambuco,9473266,480,40,3999,352
2020-04-25,Brazil,NA,Pernambuco,9473266,508,29,4507,381
2020-04-26,Brazil,NA,Pernambuco,9473266,391,34,4898,415
2020-04-27,Brazil,NA,Pernambuco,9473266,460,35,5358,450
2020-04-28,Brazil,NA,Pernambuco,9473266,366,58,5724,508
2020-04-29,Brazil,NA,Pernambuco,9473266,470,30,6194,538
2020-04-30,Brazil,NA,Pernambuco,9473266,682,27,6876,565
2020-05-01,Brazil,NA,Pernambuco,9473266,458,38,7334,603
2020-05-02,Brazil,NA,Pernambuco,9473266,811,25,8145,628
2020-05-03,Brazil,NA,Pernambuco,9473266,498,24,8643,652
2020-05-04,Brazil,NA,Pernambuco,9473266,220,39,8863,691
2020-05-05,Brazil,NA,Pernambuco,9473266,462,58,9325,749
2020-05-06,Brazil,NA,Pernambuco,9473266,556,54,9881,803
2020-05-07,Brazil,NA,Pernambuco,9473266,943,42,10824,845
2020-05-08,Brazil,NA,Pernambuco,9473266,763,82,11587,927
2020-05-09,Brazil,NA,Pernambuco,9473266,883,45,12470,972
2020-05-10,Brazil,NA,Pernambuco,9473266,805,75,13275,1047
2020-05-11,Brazil,NA,Pernambuco,9473266,493,40,13768,1087
2020-05-12,Brazil,NA,Pernambuco,9473266,541,70,14309,1157
2020-05-13,Brazil,NA,Pernambuco,9473266,592,67,14901,1224
2020-05-14,Brazil,NA,Pernambuco,9473266,687,74,15588,1298
2020-05-15,Brazil,NA,Pernambuco,9473266,621,83,16209,1381
2020-05-16,Brazil,NA,Pernambuco,9473266,2279,80,18488,1461
2020-05-17,Brazil,NA,Pernambuco,9473266,964,55,19452,1516
2020-05-18,Brazil,NA,Pernambuco,9473266,642,124,20094,1640
2020-05-19,Brazil,NA,Pernambuco,9473266,1148,101,21242,1741
2020-05-20,Brazil,NA,Pernambuco,9473266,1318,93,22560,1834
2020-05-21,Brazil,NA,Pernambuco,9473266,1351,91,23911,1925
2020-05-22,Brazil,NA,Pernambuco,9473266,1849,132,25760,2057
2020-05-23,Brazil,NA,Pernambuco,9473266,1026,87,26786,2144
2020-05-24,Brazil,NA,Pernambuco,9473266,973,56,27759,2200
2020-05-25,Brazil,NA,Pernambuco,9473266,607,48,28366,2248
2020-05-26,Brazil,NA,Pernambuco,9473266,488,80,28854,2328
2020-05-27,Brazil,NA,Pernambuco,9473266,1065,140,29919,2468
2020-05-28,Brazil,NA,Pernambuco,9473266,794,98,30713,2566
2020-05-29,Brazil,NA,Pernambuco,9473266,1542,103,32255,2669
2020-05-30,Brazil,NA,Pernambuco,9473266,1172,71,33427,2740
2020-05-31,Brazil,NA,Pernambuco,9473266,1023,67,34450,2807
2020-06-01,Brazil,NA,Pernambuco,9473266,450,68,34900,2875
2020-06-02,Brazil,NA,Pernambuco,9473266,608,58,35508,2933
2020-06-03,Brazil,NA,Pernambuco,9473266,955,79,36463,3012
2020-06-04,Brazil,NA,Pernambuco,9473266,1044,122,37507,3134
2020-06-05,Brazil,NA,Pernambuco,9473266,1004,71,38511,3205
2020-06-06,Brazil,NA,Pernambuco,9473266,850,65,39361,3270
2020-06-07,Brazil,NA,Pernambuco,9473266,881,35,40242,3305
2020-06-08,Brazil,NA,Pernambuco,9473266,463,45,40705,3350
2020-06-09,Brazil,NA,Pernambuco,9473266,305,103,41010,3453
2020-06-10,Brazil,NA,Pernambuco,9473266,925,78,41935,3531
2020-06-11,Brazil,NA,Pernambuco,9473266,1059,102,42994,3633
2020-06-12,Brazil,NA,Pernambuco,9473266,878,61,43872,3694
2020-06-13,Brazil,NA,Pernambuco,9473266,799,90,44671,3784
2020-06-14,Brazil,NA,Pernambuco,9473266,590,71,45261,3855
2020-06-15,Brazil,NA,Pernambuco,9473266,246,31,45507,3886
2020-06-16,Brazil,NA,Pernambuco,9473266,920,73,46427,3959
2020-06-17,Brazil,NA,Pernambuco,9473266,1019,50,47446,4009
2020-06-18,Brazil,NA,Pernambuco,9473266,1180,48,48626,4057
2020-06-19,Brazil,NA,Pernambuco,9473266,1094,45,49720,4102
2020-06-20,Brazil,NA,Pernambuco,9473266,1398,46,51118,4148
2020-06-21,Brazil,NA,Pernambuco,9473266,995,86,52113,4234
2020-06-22,Brazil,NA,Pernambuco,9473266,381,18,52494,4252
2020-06-23,Brazil,NA,Pernambuco,9473266,337,87,52831,4339
2020-06-24,Brazil,NA,Pernambuco,9473266,1191,86,54022,4425
2020-06-25,Brazil,NA,Pernambuco,9473266,1114,63,55136,4488
2020-06-26,Brazil,NA,Pernambuco,9473266,668,122,55804,4610
2020-06-27,Brazil,NA,Pernambuco,9473266,1285,98,57089,4708
2020-06-28,Brazil,NA,Pernambuco,9473266,1018,43,58107,4751
2020-06-29,Brazil,NA,Pernambuco,9473266,369,31,58476,4782
2020-06-30,Brazil,NA,Pernambuco,9473266,382,47,58858,4829
2020-07-01,Brazil,NA,Pernambuco,9473266,847,65,59705,4894
2020-07-02,Brazil,NA,Pernambuco,9473266,1414,74,61119,4968
2020-07-03,Brazil,NA,Pernambuco,9473266,1243,100,62362,5068
2020-07-04,Brazil,NA,Pernambuco,9473266,1095,48,63457,5116
2020-07-05,Brazil,NA,Pernambuco,9473266,1672,27,65129,5143
2020-07-06,Brazil,NA,Pernambuco,9473266,513,20,65642,5163
2020-07-07,Brazil,NA,Pernambuco,9473266,509,71,66151,5234
2020-07-08,Brazil,NA,Pernambuco,9473266,1453,89,67604,5323
2020-07-09,Brazil,NA,Pernambuco,9473266,1163,86,68767,5409
2020-07-10,Brazil,NA,Pernambuco,9473266,1333,73,70100,5482
2020-07-11,Brazil,NA,Pernambuco,9473266,1270,74,71370,5556
2020-07-12,Brazil,NA,Pernambuco,9473266,1100,39,72470,5595
2020-07-13,Brazil,NA,Pernambuco,9473266,431,57,72901,5652
2020-07-14,Brazil,NA,Pernambuco,9473266,675,63,73576,5715
2020-07-15,Brazil,NA,Pernambuco,9473266,1384,57,74960,5772
2020-07-16,Brazil,NA,Pernambuco,9473266,1131,64,76091,5836
2020-07-17,Brazil,NA,Pernambuco,9473266,1332,33,77423,5869
2020-07-18,Brazil,NA,Pernambuco,9473266,1086,59,78509,5928
2020-07-19,Brazil,NA,Pernambuco,9473266,943,56,79452,5984
2020-07-20,Brazil,NA,Pernambuco,9473266,663,52,80115,6036
2020-07-21,Brazil,NA,Pernambuco,9473266,326,53,80441,6089
2020-07-22,Brazil,NA,Pernambuco,9473266,941,63,81382,6152
2020-07-23,Brazil,NA,Pernambuco,9473266,1858,59,83240,6211
2020-07-24,Brazil,NA,Pernambuco,9473266,1802,26,85042,6237
2020-07-25,Brazil,NA,Pernambuco,9473266,1710,62,86752,6299
2020-07-26,Brazil,NA,Pernambuco,9473266,1714,53,88466,6352
2020-07-27,Brazil,NA,Pernambuco,9473266,666,24,89132,6376
2020-07-28,Brazil,NA,Pernambuco,9473266,546,45,89678,6421
2020-07-29,Brazil,NA,Pernambuco,9473266,1858,63,91536,6484
2020-07-30,Brazil,NA,Pernambuco,9473266,1837,42,93373,6526
2020-07-31,Brazil,NA,Pernambuco,9473266,1632,31,95005,6557
2020-08-01,Brazil,NA,Pernambuco,9473266,1741,40,96746,6597
2020-08-02,Brazil,NA,Pernambuco,9473266,1224,37,97970,6634
2020-08-03,Brazil,NA,Pernambuco,9473266,431,35,98401,6669
2020-08-04,Brazil,NA,Pernambuco,9473266,432,48,98833,6717
2020-08-05,Brazil,NA,Pernambuco,9473266,1488,41,100321,6758
2020-08-06,Brazil,NA,Pernambuco,9473266,1074,70,101395,6828
2020-08-07,Brazil,NA,Pernambuco,9473266,1477,39,102872,6867
2020-08-08,Brazil,NA,Pernambuco,9473266,1241,53,104113,6920
2020-08-09,Brazil,NA,Pernambuco,9473266,1021,21,105134,6941
2020-08-10,Brazil,NA,Pernambuco,9473266,247,29,105381,6970
2020-08-11,Brazil,NA,Pernambuco,9473266,601,38,105982,7008
2020-08-12,Brazil,NA,Pernambuco,9473266,1393,41,107375,7049
2020-08-13,Brazil,NA,Pernambuco,9473266,1467,35,108842,7084
2020-08-14,Brazil,NA,Pernambuco,9473266,1567,27,110409,7111
2020-08-15,Brazil,NA,Pernambuco,9473266,1364,45,111773,7156
2020-08-16,Brazil,NA,Pernambuco,9473266,1185,32,112958,7188
2020-08-17,Brazil,NA,Pernambuco,9473266,225,22,113183,7210
2020-08-18,Brazil,NA,Pernambuco,9473266,605,42,113788,7252
2020-08-19,Brazil,NA,Pernambuco,9473266,1429,28,115217,7280
2020-08-20,Brazil,NA,Pernambuco,9473266,1142,23,116359,7303
2020-08-21,Brazil,NA,Pernambuco,9473266,1072,32,117431,7335
2020-08-22,Brazil,NA,Pernambuco,9473266,596,29,118027,7364
2020-08-23,Brazil,NA,Pernambuco,9473266,1113,26,119140,7390
2020-08-24,Brazil,NA,Pernambuco,9473266,217,9,119357,7399
2020-08-25,Brazil,NA,Pernambuco,9473266,601,26,119958,7425
2020-08-26,Brazil,NA,Pernambuco,9473266,1120,35,121078,7460
2020-08-27,Brazil,NA,Pernambuco,9473266,1069,20,122147,7480
2020-08-28,Brazil,NA,Pernambuco,9473266,999,32,123146,7512
2020-08-29,Brazil,NA,Pernambuco,9473266,1005,35,124151,7547
2020-08-30,Brazil,NA,Pernambuco,9473266,943,27,125094,7574
2020-08-31,Brazil,NA,Pernambuco,9473266,445,19,125539,7593
2020-09-01,Brazil,NA,Pernambuco,9473266,1748,21,127287,7614
2020-09-02,Brazil,NA,Pernambuco,9473266,1437,42,128724,7656
2020-09-03,Brazil,NA,Pernambuco,9473266,1475,0,130199,7656
2020-09-04,Brazil,NA,Pernambuco,9473266,1031,26,131230,7656
2020-09-05,Brazil,NA,Pernambuco,9473266,731,25,131961,7670
2020-09-06,Brazil,NA,Pernambuco,9473266,191,32,132152,7702
2020-09-07,Brazil,NA,Pernambuco,9473266,268,19,132420,7721
2020-09-08,Brazil,NA,Pernambuco,9473266,170,20,132590,7741
2020-09-09,Brazil,NA,Pernambuco,9473266,989,23,133579,7764
2020-09-10,Brazil,NA,Pernambuco,9473266,1040,28,134619,7792
2020-09-11,Brazil,NA,Pernambuco,9473266,1024,25,135643,7817
2020-09-12,Brazil,NA,Pernambuco,9473266,770,35,136413,7852
2020-09-13,Brazil,NA,Pernambuco,9473266,259,22,136672,7874
2020-09-14,Brazil,NA,Pernambuco,9473266,181,14,136853,7888
2020-09-15,Brazil,NA,Pernambuco,9473266,1016,26,137869,7914
2020-03-28,Brazil,NA,Piaui,3219257,2,1,11,1
2020-03-29,Brazil,NA,Piaui,3219257,3,0,14,1
2020-03-30,Brazil,NA,Piaui,3219257,2,2,16,3
2020-03-31,Brazil,NA,Piaui,3219257,2,1,18,4
2020-04-01,Brazil,NA,Piaui,3219257,0,0,18,4
2020-04-02,Brazil,NA,Piaui,3219257,1,0,19,4
2020-04-03,Brazil,NA,Piaui,3219257,2,0,21,4
2020-04-04,Brazil,NA,Piaui,3219257,1,0,22,4
2020-04-05,Brazil,NA,Piaui,3219257,1,0,23,4
2020-04-06,Brazil,NA,Piaui,3219257,0,0,23,4
2020-04-07,Brazil,NA,Piaui,3219257,5,0,28,4
2020-04-08,Brazil,NA,Piaui,3219257,3,1,31,5
2020-04-09,Brazil,NA,Piaui,3219257,7,1,38,6
2020-04-10,Brazil,NA,Piaui,3219257,2,1,40,7
2020-04-11,Brazil,NA,Piaui,3219257,1,0,41,7
2020-04-12,Brazil,NA,Piaui,3219257,3,0,44,7
2020-04-13,Brazil,NA,Piaui,3219257,6,1,50,8
2020-04-14,Brazil,NA,Piaui,3219257,8,0,58,8
2020-04-15,Brazil,NA,Piaui,3219257,17,0,75,8
2020-04-16,Brazil,NA,Piaui,3219257,16,0,91,8
2020-04-17,Brazil,NA,Piaui,3219257,11,0,102,8
2020-04-18,Brazil,NA,Piaui,3219257,21,1,123,9
2020-04-19,Brazil,NA,Piaui,3219257,22,1,145,10
2020-04-20,Brazil,NA,Piaui,3219257,13,2,158,12
2020-04-21,Brazil,NA,Piaui,3219257,28,2,186,14
2020-04-22,Brazil,NA,Piaui,3219257,20,1,206,15
2020-04-23,Brazil,NA,Piaui,3219257,11,0,217,15
2020-04-24,Brazil,NA,Piaui,3219257,39,1,256,16
2020-04-25,Brazil,NA,Piaui,3219257,41,1,297,17
2020-04-26,Brazil,NA,Piaui,3219257,34,1,331,18
2020-04-27,Brazil,NA,Piaui,3219257,33,2,364,20
2020-04-28,Brazil,NA,Piaui,3219257,44,1,408,21
2020-04-29,Brazil,NA,Piaui,3219257,46,3,454,24
2020-04-30,Brazil,NA,Piaui,3219257,59,0,513,24
2020-05-01,Brazil,NA,Piaui,3219257,87,0,600,24
2020-05-02,Brazil,NA,Piaui,3219257,65,2,665,26
2020-05-03,Brazil,NA,Piaui,3219257,77,2,742,28
2020-05-04,Brazil,NA,Piaui,3219257,42,0,784,28
2020-05-05,Brazil,NA,Piaui,3219257,91,1,875,29
2020-05-06,Brazil,NA,Piaui,3219257,74,1,949,30
2020-05-07,Brazil,NA,Piaui,3219257,102,5,1051,35
2020-05-08,Brazil,NA,Piaui,3219257,80,2,1131,37
2020-05-09,Brazil,NA,Piaui,3219257,102,1,1233,38
2020-05-10,Brazil,NA,Piaui,3219257,45,4,1278,42
2020-05-11,Brazil,NA,Piaui,3219257,54,3,1332,45
2020-05-12,Brazil,NA,Piaui,3219257,111,4,1443,49
2020-05-13,Brazil,NA,Piaui,3219257,169,8,1612,57
2020-05-14,Brazil,NA,Piaui,3219257,172,3,1784,60
2020-05-15,Brazil,NA,Piaui,3219257,121,0,1905,60
2020-05-16,Brazil,NA,Piaui,3219257,180,5,2085,65
2020-05-17,Brazil,NA,Piaui,3219257,167,7,2252,72
2020-05-18,Brazil,NA,Piaui,3219257,35,8,2287,80
2020-05-19,Brazil,NA,Piaui,3219257,153,5,2440,85
2020-05-20,Brazil,NA,Piaui,3219257,197,2,2637,87
2020-05-21,Brazil,NA,Piaui,3219257,215,4,2852,91
2020-05-22,Brazil,NA,Piaui,3219257,222,2,3074,93
2020-05-23,Brazil,NA,Piaui,3219257,184,6,3258,99
2020-05-24,Brazil,NA,Piaui,3219257,132,8,3390,107
2020-05-25,Brazil,NA,Piaui,3219257,160,3,3550,110
2020-05-26,Brazil,NA,Piaui,3219257,170,9,3720,119
2020-05-27,Brazil,NA,Piaui,3219257,246,15,3966,134
2020-05-28,Brazil,NA,Piaui,3219257,277,4,4243,138
2020-05-29,Brazil,NA,Piaui,3219257,260,8,4503,146
2020-05-30,Brazil,NA,Piaui,3219257,242,11,4745,157
2020-05-31,Brazil,NA,Piaui,3219257,186,4,4931,161
2020-06-01,Brazil,NA,Piaui,3219257,188,7,5119,168
2020-06-02,Brazil,NA,Piaui,3219257,387,12,5506,180
2020-06-03,Brazil,NA,Piaui,3219257,322,12,5828,192
2020-06-04,Brazil,NA,Piaui,3219257,236,10,6064,202
2020-06-05,Brazil,NA,Piaui,3219257,653,15,6717,217
2020-06-06,Brazil,NA,Piaui,3219257,388,7,7105,224
2020-06-07,Brazil,NA,Piaui,3219257,373,15,7478,239
2020-06-08,Brazil,NA,Piaui,3219257,143,15,7621,254
2020-06-09,Brazil,NA,Piaui,3219257,306,11,7927,265
2020-06-10,Brazil,NA,Piaui,3219257,432,18,8359,283
2020-06-11,Brazil,NA,Piaui,3219257,464,16,8823,299
2020-06-12,Brazil,NA,Piaui,3219257,514,18,9337,317
2020-06-13,Brazil,NA,Piaui,3219257,488,18,9825,335
2020-06-14,Brazil,NA,Piaui,3219257,328,25,10153,360
2020-06-15,Brazil,NA,Piaui,3219257,204,14,10357,374
2020-06-16,Brazil,NA,Piaui,3219257,524,19,10881,393
2020-06-17,Brazil,NA,Piaui,3219257,678,5,11559,398
2020-06-18,Brazil,NA,Piaui,3219257,540,23,12099,421
2020-06-19,Brazil,NA,Piaui,3219257,468,14,12567,435
2020-06-20,Brazil,NA,Piaui,3219257,1246,24,13813,459
2020-06-21,Brazil,NA,Piaui,3219257,451,26,14264,485
2020-06-22,Brazil,NA,Piaui,3219257,212,17,14476,502
2020-06-23,Brazil,NA,Piaui,3219257,793,15,15269,517
2020-06-24,Brazil,NA,Piaui,3219257,958,17,16227,534
2020-06-25,Brazil,NA,Piaui,3219257,853,12,17080,546
2020-06-26,Brazil,NA,Piaui,3219257,943,28,18023,574
2020-06-27,Brazil,NA,Piaui,3219257,642,18,18665,592
2020-06-28,Brazil,NA,Piaui,3219257,493,23,19158,615
2020-06-29,Brazil,NA,Piaui,3219257,595,28,19753,643
2020-06-30,Brazil,NA,Piaui,3219257,669,20,20422,663
2020-07-01,Brazil,NA,Piaui,3219257,1637,23,22059,686
2020-07-02,Brazil,NA,Piaui,3219257,1248,11,23307,697
2020-07-03,Brazil,NA,Piaui,3219257,1069,29,24376,726
2020-07-04,Brazil,NA,Piaui,3219257,1185,36,25561,762
2020-07-05,Brazil,NA,Piaui,3219257,518,22,26079,784
2020-07-06,Brazil,NA,Piaui,3219257,432,25,26511,809
2020-07-07,Brazil,NA,Piaui,3219257,1003,25,27514,834
2020-07-08,Brazil,NA,Piaui,3219257,897,24,28411,858
2020-07-09,Brazil,NA,Piaui,3219257,1334,26,29745,884
2020-07-10,Brazil,NA,Piaui,3219257,1524,12,31269,896
2020-07-11,Brazil,NA,Piaui,3219257,1196,18,32465,914
2020-07-12,Brazil,NA,Piaui,3219257,498,22,32963,936
2020-07-13,Brazil,NA,Piaui,3219257,396,24,33359,960
2020-07-14,Brazil,NA,Piaui,3219257,797,32,34156,992
2020-07-15,Brazil,NA,Piaui,3219257,1289,27,35445,1019
2020-07-16,Brazil,NA,Piaui,3219257,1097,24,36542,1043
2020-07-17,Brazil,NA,Piaui,3219257,515,22,37057,1065
2020-07-18,Brazil,NA,Piaui,3219257,1511,18,38568,1083
2020-07-19,Brazil,NA,Piaui,3219257,728,17,39296,1100
2020-07-20,Brazil,NA,Piaui,3219257,310,18,39606,1118
2020-07-21,Brazil,NA,Piaui,3219257,670,22,40276,1140
2020-07-22,Brazil,NA,Piaui,3219257,1539,18,41815,1158
2020-07-23,Brazil,NA,Piaui,3219257,1364,26,43179,1184
2020-07-24,Brazil,NA,Piaui,3219257,1170,31,44349,1215
2020-07-25,Brazil,NA,Piaui,3219257,1040,13,45389,1228
2020-07-26,Brazil,NA,Piaui,3219257,655,15,46044,1243
2020-07-27,Brazil,NA,Piaui,3219257,540,16,46584,1259
2020-07-28,Brazil,NA,Piaui,3219257,967,19,47551,1278
2020-07-29,Brazil,NA,Piaui,3219257,1411,14,48962,1292
2020-07-30,Brazil,NA,Piaui,3219257,1236,12,50198,1304
2020-07-31,Brazil,NA,Piaui,3219257,1279,25,51477,1329
2020-08-01,Brazil,NA,Piaui,3219257,981,25,52458,1354
2020-08-02,Brazil,NA,Piaui,3219257,535,15,52993,1369
2020-08-03,Brazil,NA,Piaui,3219257,231,16,53224,1385
2020-08-04,Brazil,NA,Piaui,3219257,1219,16,54443,1401
2020-08-05,Brazil,NA,Piaui,3219257,0,0,54443,1401
2020-08-06,Brazil,NA,Piaui,3219257,2657,35,57100,1436
2020-08-07,Brazil,NA,Piaui,3219257,1290,16,58390,1452
2020-08-08,Brazil,NA,Piaui,3219257,1181,17,59571,1469
2020-08-09,Brazil,NA,Piaui,3219257,411,11,59982,1480
2020-08-10,Brazil,NA,Piaui,3219257,196,23,60178,1503
2020-08-11,Brazil,NA,Piaui,3219257,966,23,61144,1526
2020-08-12,Brazil,NA,Piaui,3219257,1321,22,62465,1548
2020-08-13,Brazil,NA,Piaui,3219257,1197,18,63662,1566
2020-08-14,Brazil,NA,Piaui,3219257,933,15,64595,1581
2020-08-15,Brazil,NA,Piaui,3219257,1043,13,65638,1594
2020-08-16,Brazil,NA,Piaui,3219257,440,14,66078,1608
2020-08-17,Brazil,NA,Piaui,3219257,237,11,66315,1619
2020-08-18,Brazil,NA,Piaui,3219257,911,18,67226,1637
2020-08-19,Brazil,NA,Piaui,3219257,1249,16,68475,1653
2020-08-20,Brazil,NA,Piaui,3219257,1364,7,69839,1660
2020-08-21,Brazil,NA,Piaui,3219257,697,12,70536,1672
2020-08-22,Brazil,NA,Piaui,3219257,974,29,71510,1701
2020-08-23,Brazil,NA,Piaui,3219257,389,13,71899,1714
2020-08-24,Brazil,NA,Piaui,3219257,266,10,72165,1724
2020-08-25,Brazil,NA,Piaui,3219257,791,17,72956,1741
2020-08-26,Brazil,NA,Piaui,3219257,1140,13,74096,1754
2020-08-27,Brazil,NA,Piaui,3219257,1064,11,75160,1765
2020-08-28,Brazil,NA,Piaui,3219257,873,20,76033,1785
2020-08-29,Brazil,NA,Piaui,3219257,883,19,76916,1804
2020-08-30,Brazil,NA,Piaui,3219257,349,11,77265,1815
2020-08-31,Brazil,NA,Piaui,3219257,140,10,77405,1825
2020-09-01,Brazil,NA,Piaui,3219257,454,18,77859,1843
2020-09-02,Brazil,NA,Piaui,3219257,1063,3,78922,1846
2020-09-03,Brazil,NA,Piaui,3219257,797,9,79719,1855
2020-09-04,Brazil,NA,Piaui,3219257,1031,13,80750,1868
2020-09-05,Brazil,NA,Piaui,3219257,876,16,81626,1884
2020-09-06,Brazil,NA,Piaui,3219257,380,9,82006,1893
2020-09-07,Brazil,NA,Piaui,3219257,276,8,82282,1901
2020-09-08,Brazil,NA,Piaui,3219257,282,14,82564,1915
2020-09-09,Brazil,NA,Piaui,3219257,938,9,83502,1924
2020-09-10,Brazil,NA,Piaui,3219257,1006,7,84508,1931
2020-09-11,Brazil,NA,Piaui,3219257,717,16,85225,1947
2020-09-12,Brazil,NA,Piaui,3219257,860,11,86085,1958
2020-09-13,Brazil,NA,Piaui,3219257,311,9,86396,1967
2020-09-14,Brazil,NA,Piaui,3219257,142,6,86538,1973
2020-09-15,Brazil,NA,Piaui,3219257,675,15,87213,1988
2020-03-11,Brazil,NA,Rio de Janeiro,16718956,5,0,13,0
2020-03-12,Brazil,NA,Rio de Janeiro,16718956,3,0,16,0
2020-03-13,Brazil,NA,Rio de Janeiro,16718956,0,0,16,0
2020-03-14,Brazil,NA,Rio de Janeiro,16718956,6,0,22,0
2020-03-15,Brazil,NA,Rio de Janeiro,16718956,2,0,24,0
2020-03-16,Brazil,NA,Rio de Janeiro,16718956,7,0,31,0
2020-03-17,Brazil,NA,Rio de Janeiro,16718956,2,0,33,0
2020-03-18,Brazil,NA,Rio de Janeiro,16718956,12,0,45,0
2020-03-19,Brazil,NA,Rio de Janeiro,16718956,20,2,65,2
2020-03-20,Brazil,NA,Rio de Janeiro,16718956,44,0,109,2
2020-03-21,Brazil,NA,Rio de Janeiro,16718956,10,1,119,3
2020-03-22,Brazil,NA,Rio de Janeiro,16718956,67,0,186,3
2020-03-23,Brazil,NA,Rio de Janeiro,16718956,47,1,233,4
2020-03-24,Brazil,NA,Rio de Janeiro,16718956,72,2,305,6
2020-03-25,Brazil,NA,Rio de Janeiro,16718956,65,0,370,6
2020-03-26,Brazil,NA,Rio de Janeiro,16718956,51,3,421,9
2020-03-27,Brazil,NA,Rio de Janeiro,16718956,72,1,493,10
2020-03-28,Brazil,NA,Rio de Janeiro,16718956,65,3,558,13
2020-03-29,Brazil,NA,Rio de Janeiro,16718956,42,4,600,17
2020-03-30,Brazil,NA,Rio de Janeiro,16718956,57,1,657,18
2020-03-31,Brazil,NA,Rio de Janeiro,16718956,51,5,708,23
2020-04-01,Brazil,NA,Rio de Janeiro,16718956,124,5,832,28
2020-04-02,Brazil,NA,Rio de Janeiro,16718956,160,13,992,41
2020-04-03,Brazil,NA,Rio de Janeiro,16718956,82,6,1074,47
2020-04-04,Brazil,NA,Rio de Janeiro,16718956,172,11,1246,58
2020-04-05,Brazil,NA,Rio de Janeiro,16718956,148,6,1394,64
2020-04-06,Brazil,NA,Rio de Janeiro,16718956,67,7,1461,71
2020-04-07,Brazil,NA,Rio de Janeiro,16718956,227,18,1688,89
2020-04-08,Brazil,NA,Rio de Janeiro,16718956,250,17,1938,106
2020-04-09,Brazil,NA,Rio de Janeiro,16718956,278,16,2216,122
2020-04-10,Brazil,NA,Rio de Janeiro,16718956,248,25,2464,147
2020-04-11,Brazil,NA,Rio de Janeiro,16718956,143,8,2607,155
2020-04-12,Brazil,NA,Rio de Janeiro,16718956,248,15,2855,170
2020-04-13,Brazil,NA,Rio de Janeiro,16718956,376,18,3231,188
2020-04-14,Brazil,NA,Rio de Janeiro,16718956,179,36,3410,224
2020-04-15,Brazil,NA,Rio de Janeiro,16718956,333,41,3743,265
2020-04-16,Brazil,NA,Rio de Janeiro,16718956,201,35,3944,300
2020-04-17,Brazil,NA,Rio de Janeiro,16718956,405,41,4349,341
2020-04-18,Brazil,NA,Rio de Janeiro,16718956,194,46,4543,387
2020-04-19,Brazil,NA,Rio de Janeiro,16718956,222,15,4765,402
2020-04-20,Brazil,NA,Rio de Janeiro,16718956,134,20,4899,422
2020-04-21,Brazil,NA,Rio de Janeiro,16718956,407,39,5306,461
2020-04-22,Brazil,NA,Rio de Janeiro,16718956,246,29,5552,490
2020-04-23,Brazil,NA,Rio de Janeiro,16718956,620,40,6172,530
2020-04-24,Brazil,NA,Rio de Janeiro,16718956,110,40,6282,570
2020-04-25,Brazil,NA,Rio de Janeiro,16718956,546,45,6828,615
2020-04-26,Brazil,NA,Rio de Janeiro,16718956,283,30,7111,645
2020-04-27,Brazil,NA,Rio de Janeiro,16718956,833,32,7944,677
2020-04-28,Brazil,NA,Rio de Janeiro,16718956,560,61,8504,738
2020-04-29,Brazil,NA,Rio de Janeiro,16718956,365,56,8869,794
2020-04-30,Brazil,NA,Rio de Janeiro,16718956,584,60,9453,854
2020-05-01,Brazil,NA,Rio de Janeiro,16718956,713,67,10166,921
2020-05-02,Brazil,NA,Rio de Janeiro,16718956,380,50,10546,971
2020-05-03,Brazil,NA,Rio de Janeiro,16718956,593,48,11139,1019
2020-05-04,Brazil,NA,Rio de Janeiro,16718956,582,46,11721,1065
2020-05-05,Brazil,NA,Rio de Janeiro,16718956,670,58,12391,1123
2020-05-06,Brazil,NA,Rio de Janeiro,16718956,904,82,13295,1205
2020-05-07,Brazil,NA,Rio de Janeiro,16718956,861,189,14156,1394
2020-05-08,Brazil,NA,Rio de Janeiro,16718956,1585,109,15741,1503
2020-05-09,Brazil,NA,Rio de Janeiro,16718956,1188,150,16929,1653
2020-05-10,Brazil,NA,Rio de Janeiro,16718956,133,61,17062,1714
2020-05-11,Brazil,NA,Rio de Janeiro,16718956,877,56,17939,1770
2020-05-12,Brazil,NA,Rio de Janeiro,16718956,547,158,18486,1928
2020-05-13,Brazil,NA,Rio de Janeiro,16718956,242,122,18728,2050
2020-05-14,Brazil,NA,Rio de Janeiro,16718956,739,197,19467,2247
2020-05-15,Brazil,NA,Rio de Janeiro,16718956,520,191,19987,2438
2020-05-16,Brazil,NA,Rio de Janeiro,16718956,1614,176,21601,2614
2020-05-17,Brazil,NA,Rio de Janeiro,16718956,637,101,22238,2715
2020-05-18,Brazil,NA,Rio de Janeiro,16718956,4427,137,26665,2852
2020-05-19,Brazil,NA,Rio de Janeiro,16718956,1140,227,27805,3079
2020-05-20,Brazil,NA,Rio de Janeiro,16718956,2567,158,30372,3237
2020-05-21,Brazil,NA,Rio de Janeiro,16718956,1717,175,32089,3412
2020-05-22,Brazil,NA,Rio de Janeiro,16718956,1500,245,33589,3657
2020-05-23,Brazil,NA,Rio de Janeiro,16718956,944,248,34533,3905
2020-05-24,Brazil,NA,Rio de Janeiro,16718956,3379,88,37912,3993
2020-05-25,Brazil,NA,Rio de Janeiro,16718956,1386,112,39298,4105
2020-05-26,Brazil,NA,Rio de Janeiro,16718956,726,256,40024,4361
2020-05-27,Brazil,NA,Rio de Janeiro,16718956,2374,244,42398,4605
2020-05-28,Brazil,NA,Rio de Janeiro,16718956,2488,251,44886,4856
2020-05-29,Brazil,NA,Rio de Janeiro,16718956,3067,223,47953,5079
2020-05-30,Brazil,NA,Rio de Janeiro,16718956,4467,198,52420,5277
2020-05-31,Brazil,NA,Rio de Janeiro,16718956,968,67,53388,5344
2020-06-01,Brazil,NA,Rio de Janeiro,16718956,1142,118,54530,5462
2020-06-02,Brazil,NA,Rio de Janeiro,16718956,2202,224,56732,5686
2020-06-03,Brazil,NA,Rio de Janeiro,16718956,2508,324,59240,6010
2020-06-04,Brazil,NA,Rio de Janeiro,16718956,1692,317,60932,6327
2020-06-05,Brazil,NA,Rio de Janeiro,16718956,2134,146,63066,6473
2020-06-06,Brazil,NA,Rio de Janeiro,16718956,1467,166,64533,6639
2020-06-07,Brazil,NA,Rio de Janeiro,16718956,3223,68,67756,6707
2020-06-08,Brazil,NA,Rio de Janeiro,16718956,1743,74,69499,6781
2020-06-09,Brazil,NA,Rio de Janeiro,16718956,3480,147,72979,6928
2020-06-10,Brazil,NA,Rio de Janeiro,16718956,1394,210,74373,7138
2020-06-11,Brazil,NA,Rio de Janeiro,16718956,1402,225,75775,7363
2020-06-12,Brazil,NA,Rio de Janeiro,16718956,2009,54,77784,7417
2020-06-13,Brazil,NA,Rio de Janeiro,16718956,1052,175,78836,7592
2020-06-14,Brazil,NA,Rio de Janeiro,16718956,736,80,79572,7672
2020-06-15,Brazil,NA,Rio de Janeiro,16718956,1374,56,80946,7728
2020-06-16,Brazil,NA,Rio de Janeiro,16718956,2397,239,83343,7967
2020-06-17,Brazil,NA,Rio de Janeiro,16718956,3620,171,86963,8138
2020-06-18,Brazil,NA,Rio de Janeiro,16718956,354,274,87317,8412
2020-06-19,Brazil,NA,Rio de Janeiro,16718956,6061,183,93378,8595
2020-06-20,Brazil,NA,Rio de Janeiro,16718956,2159,229,95537,8824
2020-06-21,Brazil,NA,Rio de Janeiro,16718956,596,51,96133,8875
2020-06-22,Brazil,NA,Rio de Janeiro,16718956,1439,58,97572,8933
2020-06-23,Brazil,NA,Rio de Janeiro,16718956,3297,220,100869,9153
2020-06-24,Brazil,NA,Rio de Janeiro,16718956,2624,142,103493,9295
2020-06-25,Brazil,NA,Rio de Janeiro,16718956,2404,155,105897,9450
2020-06-26,Brazil,NA,Rio de Janeiro,16718956,2600,137,108497,9587
2020-06-27,Brazil,NA,Rio de Janeiro,16718956,306,202,108803,9789
2020-06-28,Brazil,NA,Rio de Janeiro,16718956,2495,30,111298,9819
2020-06-29,Brazil,NA,Rio de Janeiro,16718956,585,29,111883,9848
2020-06-30,Brazil,NA,Rio de Janeiro,16718956,728,232,112611,10080
2020-07-01,Brazil,NA,Rio de Janeiro,16718956,2667,118,115278,10198
2020-07-02,Brazil,NA,Rio de Janeiro,16718956,1545,134,116823,10332
2020-07-03,Brazil,NA,Rio de Janeiro,16718956,2133,168,118956,10500
2020-07-04,Brazil,NA,Rio de Janeiro,16718956,1484,124,120440,10624
2020-07-05,Brazil,NA,Rio de Janeiro,16718956,852,43,121292,10667
2020-07-06,Brazil,NA,Rio de Janeiro,16718956,587,31,121879,10698
2020-07-07,Brazil,NA,Rio de Janeiro,16718956,2207,183,124086,10881
2020-07-08,Brazil,NA,Rio de Janeiro,16718956,2243,89,126329,10970
2020-07-09,Brazil,NA,Rio de Janeiro,16718956,1995,145,128324,11115
2020-07-10,Brazil,NA,Rio de Janeiro,16718956,1119,165,129443,11280
2020-07-11,Brazil,NA,Rio de Janeiro,16718956,232,126,129675,11406
2020-07-12,Brazil,NA,Rio de Janeiro,16718956,9,9,129684,11415
2020-07-13,Brazil,NA,Rio de Janeiro,16718956,2360,59,132044,11474
2020-07-14,Brazil,NA,Rio de Janeiro,16718956,778,150,132822,11624
2020-07-15,Brazil,NA,Rio de Janeiro,16718956,1627,133,134449,11757
2020-07-16,Brazil,NA,Rio de Janeiro,16718956,124,92,134573,11849
2020-07-17,Brazil,NA,Rio de Janeiro,16718956,657,70,135230,11919
2020-07-18,Brazil,NA,Rio de Janeiro,16718956,0,0,135230,11919
2020-07-19,Brazil,NA,Rio de Janeiro,16718956,3294,195,138524,12114
2020-07-20,Brazil,NA,Rio de Janeiro,16718956,2481,47,141005,12161
2020-07-21,Brazil,NA,Rio de Janeiro,16718956,4116,132,145121,12293
2020-07-22,Brazil,NA,Rio de Janeiro,16718956,3502,150,148623,12443
2020-07-23,Brazil,NA,Rio de Janeiro,16718956,2926,92,151549,12535
2020-07-24,Brazil,NA,Rio de Janeiro,16718956,3330,119,154879,12654
2020-07-25,Brazil,NA,Rio de Janeiro,16718956,1414,154,156293,12808
2020-07-26,Brazil,NA,Rio de Janeiro,16718956,32,27,156325,12835
2020-07-27,Brazil,NA,Rio de Janeiro,16718956,1509,41,157834,12876
2020-07-28,Brazil,NA,Rio de Janeiro,16718956,1805,157,159639,13033
2020-07-29,Brazil,NA,Rio de Janeiro,16718956,2008,165,161647,13198
2020-07-30,Brazil,NA,Rio de Janeiro,16718956,1995,150,163642,13348
2020-07-31,Brazil,NA,Rio de Janeiro,16718956,1853,129,165495,13477
2020-08-01,Brazil,NA,Rio de Janeiro,16718956,1718,79,167213,13556
2020-08-02,Brazil,NA,Rio de Janeiro,16718956,12,16,167225,13572
2020-08-03,Brazil,NA,Rio de Janeiro,16718956,839,32,168064,13604
2020-08-04,Brazil,NA,Rio de Janeiro,16718956,847,111,168911,13715
2020-08-05,Brazil,NA,Rio de Janeiro,16718956,3768,140,172679,13855
2020-08-06,Brazil,NA,Rio de Janeiro,16718956,1385,86,174064,13941
2020-08-07,Brazil,NA,Rio de Janeiro,16718956,1632,87,175696,14028
2020-08-08,Brazil,NA,Rio de Janeiro,16718956,2828,42,178524,14070
2020-08-09,Brazil,NA,Rio de Janeiro,16718956,326,10,178850,14080
2020-08-10,Brazil,NA,Rio de Janeiro,16718956,1166,28,180016,14108
2020-08-11,Brazil,NA,Rio de Janeiro,16718956,2547,104,182563,14212
2020-08-12,Brazil,NA,Rio de Janeiro,16718956,3047,83,185610,14295
2020-08-13,Brazil,NA,Rio de Janeiro,16718956,2475,117,188085,14412
2020-08-14,Brazil,NA,Rio de Janeiro,16718956,1806,95,189891,14507
2020-08-15,Brazil,NA,Rio de Janeiro,16718956,723,19,190614,14526
2020-08-16,Brazil,NA,Rio de Janeiro,16718956,3665,36,194279,14562
2020-08-17,Brazil,NA,Rio de Janeiro,16718956,372,4,194651,14566
2020-08-18,Brazil,NA,Rio de Janeiro,16718956,4829,162,199480,14728
2020-08-19,Brazil,NA,Rio de Janeiro,16718956,3513,185,202993,14913
2020-08-20,Brazil,NA,Rio de Janeiro,16718956,2923,161,205916,15074
2020-08-21,Brazil,NA,Rio de Janeiro,16718956,1120,128,207036,15202
2020-08-22,Brazil,NA,Rio de Janeiro,16718956,3428,65,210464,15267
2020-08-23,Brazil,NA,Rio de Janeiro,16718956,484,25,210948,15292
2020-08-24,Brazil,NA,Rio de Janeiro,16718956,412,100,211360,15392
2020-08-25,Brazil,NA,Rio de Janeiro,16718956,2643,168,214003,15560
2020-08-26,Brazil,NA,Rio de Janeiro,16718956,2672,140,216675,15700
2020-08-27,Brazil,NA,Rio de Janeiro,16718956,2523,159,219198,15859
2020-08-28,Brazil,NA,Rio de Janeiro,16718956,0,0,219198,15859
2020-08-29,Brazil,NA,Rio de Janeiro,16718956,3759,157,222957,16016
2020-08-30,Brazil,NA,Rio de Janeiro,16718956,345,11,223302,16027
2020-08-31,Brazil,NA,Rio de Janeiro,16718956,329,38,223631,16065
2020-09-01,Brazil,NA,Rio de Janeiro,16718956,3169,152,226800,16217
2020-09-02,Brazil,NA,Rio de Janeiro,16718956,1532,98,228332,16315
2020-09-03,Brazil,NA,Rio de Janeiro,16718956,1939,79,230271,16394
2020-09-04,Brazil,NA,Rio de Janeiro,16718956,2218,73,232489,16467
2020-09-05,Brazil,NA,Rio de Janeiro,16718956,258,59,232747,16526
2020-09-06,Brazil,NA,Rio de Janeiro,16718956,71,42,232818,16568
2020-09-07,Brazil,NA,Rio de Janeiro,16718956,234,25,233052,16593
2020-09-08,Brazil,NA,Rio de Janeiro,16718956,321,53,233373,16646
2020-09-09,Brazil,NA,Rio de Janeiro,16718956,500,124,233873,16770
2020-09-10,Brazil,NA,Rio de Janeiro,16718956,940,101,234813,16871
2020-09-11,Brazil,NA,Rio de Janeiro,16718956,5640,12,240453,16883
2020-09-12,Brazil,NA,Rio de Janeiro,16718956,323,102,240776,16985
2020-09-13,Brazil,NA,Rio de Janeiro,16718956,1715,5,242491,16990
2020-09-14,Brazil,NA,Rio de Janeiro,16718956,319,13,242810,17003
2020-09-15,Brazil,NA,Rio de Janeiro,16718956,1608,177,244418,17180
2020-03-23,Brazil,NA,Rio Grande do Norte,3507003,4,0,13,0
2020-03-24,Brazil,NA,Rio Grande do Norte,3507003,0,0,13,0
2020-03-25,Brazil,NA,Rio Grande do Norte,3507003,1,0,14,0
2020-03-26,Brazil,NA,Rio Grande do Norte,3507003,5,0,19,0
2020-03-27,Brazil,NA,Rio Grande do Norte,3507003,9,0,28,0
2020-03-28,Brazil,NA,Rio Grande do Norte,3507003,17,0,45,0
2020-03-29,Brazil,NA,Rio Grande do Norte,3507003,23,1,68,1
2020-03-30,Brazil,NA,Rio Grande do Norte,3507003,9,0,77,1
2020-03-31,Brazil,NA,Rio Grande do Norte,3507003,5,0,82,1
2020-04-01,Brazil,NA,Rio Grande do Norte,3507003,10,1,92,2
2020-04-02,Brazil,NA,Rio Grande do Norte,3507003,13,0,105,2
2020-04-03,Brazil,NA,Rio Grande do Norte,3507003,71,2,176,4
2020-04-04,Brazil,NA,Rio Grande do Norte,3507003,36,1,212,5
2020-04-05,Brazil,NA,Rio Grande do Norte,3507003,30,2,242,7
2020-04-06,Brazil,NA,Rio Grande do Norte,3507003,4,0,246,7
2020-04-07,Brazil,NA,Rio Grande do Norte,3507003,8,1,254,8
2020-04-08,Brazil,NA,Rio Grande do Norte,3507003,7,3,261,11
2020-04-09,Brazil,NA,Rio Grande do Norte,3507003,0,0,261,11
2020-04-10,Brazil,NA,Rio Grande do Norte,3507003,2,0,263,11
2020-04-11,Brazil,NA,Rio Grande do Norte,3507003,26,2,289,13
2020-04-12,Brazil,NA,Rio Grande do Norte,3507003,13,2,302,15
2020-04-13,Brazil,NA,Rio Grande do Norte,3507003,37,2,339,17
2020-04-14,Brazil,NA,Rio Grande do Norte,3507003,37,1,376,18
2020-04-15,Brazil,NA,Rio Grande do Norte,3507003,23,1,399,19
2020-04-16,Brazil,NA,Rio Grande do Norte,3507003,1,1,400,20
2020-04-17,Brazil,NA,Rio Grande do Norte,3507003,63,3,463,23
2020-04-18,Brazil,NA,Rio Grande do Norte,3507003,53,1,516,24
2020-04-19,Brazil,NA,Rio Grande do Norte,3507003,15,1,531,25
2020-04-20,Brazil,NA,Rio Grande do Norte,3507003,64,2,595,27
2020-04-21,Brazil,NA,Rio Grande do Norte,3507003,13,1,608,28
2020-04-22,Brazil,NA,Rio Grande do Norte,3507003,38,1,646,29
2020-04-23,Brazil,NA,Rio Grande do Norte,3507003,62,5,708,34
2020-04-24,Brazil,NA,Rio Grande do Norte,3507003,46,4,754,38
2020-04-25,Brazil,NA,Rio Grande do Norte,3507003,27,2,781,40
2020-04-26,Brazil,NA,Rio Grande do Norte,3507003,44,4,825,44
2020-04-27,Brazil,NA,Rio Grande do Norte,3507003,7,1,832,45
2020-04-28,Brazil,NA,Rio Grande do Norte,3507003,25,3,857,48
2020-04-29,Brazil,NA,Rio Grande do Norte,3507003,229,5,1086,53
2020-04-30,Brazil,NA,Rio Grande do Norte,3507003,91,3,1177,56
2020-05-01,Brazil,NA,Rio Grande do Norte,3507003,120,0,1297,56
2020-05-02,Brazil,NA,Rio Grande do Norte,3507003,69,3,1366,59
2020-05-03,Brazil,NA,Rio Grande do Norte,3507003,26,2,1392,61
2020-05-04,Brazil,NA,Rio Grande do Norte,3507003,29,1,1421,62
2020-05-05,Brazil,NA,Rio Grande do Norte,3507003,115,6,1536,68
2020-05-06,Brazil,NA,Rio Grande do Norte,3507003,38,4,1574,72
2020-05-07,Brazil,NA,Rio Grande do Norte,3507003,165,4,1739,76
2020-05-08,Brazil,NA,Rio Grande do Norte,3507003,82,5,1821,81
2020-05-09,Brazil,NA,Rio Grande do Norte,3507003,98,6,1919,87
2020-05-10,Brazil,NA,Rio Grande do Norte,3507003,9,1,1928,88
2020-05-11,Brazil,NA,Rio Grande do Norte,3507003,61,4,1989,92
2020-05-12,Brazil,NA,Rio Grande do Norte,3507003,44,1,2033,93
2020-05-13,Brazil,NA,Rio Grande do Norte,3507003,334,12,2367,105
2020-05-14,Brazil,NA,Rio Grande do Norte,3507003,170,12,2537,117
2020-05-15,Brazil,NA,Rio Grande do Norte,3507003,249,5,2786,122
2020-05-16,Brazil,NA,Rio Grande do Norte,3507003,218,14,3004,136
2020-05-17,Brazil,NA,Rio Grande do Norte,3507003,133,3,3137,139
2020-05-18,Brazil,NA,Rio Grande do Norte,3507003,47,7,3184,146
2020-05-19,Brazil,NA,Rio Grande do Norte,3507003,299,14,3483,160
2020-05-20,Brazil,NA,Rio Grande do Norte,3507003,313,10,3796,170
2020-05-21,Brazil,NA,Rio Grande do Norte,3507003,264,8,4060,178
2020-05-22,Brazil,NA,Rio Grande do Norte,3507003,191,3,4251,181
2020-05-23,Brazil,NA,Rio Grande do Norte,3507003,348,3,4599,184
2020-05-24,Brazil,NA,Rio Grande do Norte,3507003,98,16,4697,200
2020-05-25,Brazil,NA,Rio Grande do Norte,3507003,62,9,4759,209
2020-05-26,Brazil,NA,Rio Grande do Norte,3507003,713,11,5472,220
2020-05-27,Brazil,NA,Rio Grande do Norte,3507003,158,22,5630,242
2020-05-28,Brazil,NA,Rio Grande do Norte,3507003,0,12,5630,254
2020-05-29,Brazil,NA,Rio Grande do Norte,3507003,833,14,6463,268
2020-05-30,Brazil,NA,Rio Grande do Norte,3507003,939,37,7402,305
2020-05-31,Brazil,NA,Rio Grande do Norte,3507003,0,0,7402,305
2020-06-01,Brazil,NA,Rio Grande do Norte,3507003,562,18,7964,323
2020-06-02,Brazil,NA,Rio Grande do Norte,3507003,269,18,8233,341
2020-06-03,Brazil,NA,Rio Grande do Norte,3507003,916,26,9149,367
2020-06-04,Brazil,NA,Rio Grande do Norte,3507003,133,11,9282,378
2020-06-05,Brazil,NA,Rio Grande do Norte,3507003,158,9,9440,387
2020-06-06,Brazil,NA,Rio Grande do Norte,3507003,9,23,9449,410
2020-06-07,Brazil,NA,Rio Grande do Norte,3507003,3,14,9452,424
2020-06-08,Brazil,NA,Rio Grande do Norte,3507003,1436,7,10888,431
2020-06-09,Brazil,NA,Rio Grande do Norte,3507003,139,28,11027,459
2020-06-10,Brazil,NA,Rio Grande do Norte,3507003,541,28,11568,487
2020-06-11,Brazil,NA,Rio Grande do Norte,3507003,1666,9,13234,496
2020-06-12,Brazil,NA,Rio Grande do Norte,3507003,267,18,13501,514
2020-06-13,Brazil,NA,Rio Grande do Norte,3507003,288,19,13789,533
2020-06-14,Brazil,NA,Rio Grande do Norte,3507003,382,1,14171,534
2020-06-15,Brazil,NA,Rio Grande do Norte,3507003,43,19,14214,553
2020-06-16,Brazil,NA,Rio Grande do Norte,3507003,998,32,15212,585
2020-06-17,Brazil,NA,Rio Grande do Norte,3507003,0,0,15212,585
2020-06-18,Brazil,NA,Rio Grande do Norte,3507003,677,70,15889,655
2020-06-19,Brazil,NA,Rio Grande do Norte,3507003,150,38,16039,693
2020-06-20,Brazil,NA,Rio Grande do Norte,3507003,3167,4,19206,697
2020-06-21,Brazil,NA,Rio Grande do Norte,3507003,84,0,19290,697
2020-06-22,Brazil,NA,Rio Grande do Norte,3507003,667,33,19957,730
2020-06-23,Brazil,NA,Rio Grande do Norte,3507003,118,20,20075,750
2020-06-24,Brazil,NA,Rio Grande do Norte,3507003,1699,57,21774,807
2020-06-25,Brazil,NA,Rio Grande do Norte,3507003,891,51,22665,858
2020-06-26,Brazil,NA,Rio Grande do Norte,3507003,1066,31,23731,889
2020-06-27,Brazil,NA,Rio Grande do Norte,3507003,522,20,24253,909
2020-06-28,Brazil,NA,Rio Grande do Norte,3507003,203,28,24456,937
2020-06-29,Brazil,NA,Rio Grande do Norte,3507003,5265,57,29721,994
2020-06-30,Brazil,NA,Rio Grande do Norte,3507003,566,40,30287,1034
2020-07-01,Brazil,NA,Rio Grande do Norte,3507003,1612,33,31899,1067
2020-07-02,Brazil,NA,Rio Grande do Norte,3507003,998,36,32897,1103
2020-07-03,Brazil,NA,Rio Grande do Norte,3507003,524,68,33421,1171
2020-07-04,Brazil,NA,Rio Grande do Norte,3507003,836,29,34257,1200
2020-07-05,Brazil,NA,Rio Grande do Norte,3507003,388,13,34645,1213
2020-07-06,Brazil,NA,Rio Grande do Norte,3507003,339,35,34984,1248
2020-07-07,Brazil,NA,Rio Grande do Norte,3507003,836,43,35820,1291
2020-07-08,Brazil,NA,Rio Grande do Norte,3507003,691,35,36511,1326
2020-07-09,Brazil,NA,Rio Grande do Norte,3507003,549,19,37060,1345
2020-07-10,Brazil,NA,Rio Grande do Norte,3507003,1205,11,38265,1356
2020-07-11,Brazil,NA,Rio Grande do Norte,3507003,351,24,38616,1380
2020-07-12,Brazil,NA,Rio Grande do Norte,3507003,805,14,39421,1394
2020-07-13,Brazil,NA,Rio Grande do Norte,3507003,379,10,39800,1404
2020-07-14,Brazil,NA,Rio Grande do Norte,3507003,541,28,40341,1432
2020-07-15,Brazil,NA,Rio Grande do Norte,3507003,313,41,40654,1473
2020-07-16,Brazil,NA,Rio Grande do Norte,3507003,324,28,40978,1501
2020-07-17,Brazil,NA,Rio Grande do Norte,3507003,325,25,41303,1526
2020-07-18,Brazil,NA,Rio Grande do Norte,3507003,2148,46,43451,1572
2020-07-19,Brazil,NA,Rio Grande do Norte,3507003,315,5,43766,1577
2020-07-20,Brazil,NA,Rio Grande do Norte,3507003,191,8,43957,1585
2020-07-21,Brazil,NA,Rio Grande do Norte,3507003,310,36,44267,1621
2020-07-22,Brazil,NA,Rio Grande do Norte,3507003,917,15,45184,1636
2020-07-23,Brazil,NA,Rio Grande do Norte,3507003,872,14,46056,1650
2020-07-24,Brazil,NA,Rio Grande do Norte,3507003,627,16,46683,1666
2020-07-25,Brazil,NA,Rio Grande do Norte,3507003,243,6,46926,1672
2020-07-26,Brazil,NA,Rio Grande do Norte,3507003,173,6,47099,1678
2020-07-27,Brazil,NA,Rio Grande do Norte,3507003,192,19,47291,1697
2020-07-28,Brazil,NA,Rio Grande do Norte,3507003,1083,17,48374,1714
2020-07-29,Brazil,NA,Rio Grande do Norte,3507003,677,21,49051,1735
2020-07-30,Brazil,NA,Rio Grande do Norte,3507003,616,16,49667,1751
2020-07-31,Brazil,NA,Rio Grande do Norte,3507003,749,26,50416,1777
2020-08-01,Brazil,NA,Rio Grande do Norte,3507003,1141,102,51557,1879
2020-08-02,Brazil,NA,Rio Grande do Norte,3507003,288,4,51845,1883
2020-08-03,Brazil,NA,Rio Grande do Norte,3507003,185,11,52030,1894
2020-08-04,Brazil,NA,Rio Grande do Norte,3507003,536,32,52566,1926
2020-08-05,Brazil,NA,Rio Grande do Norte,3507003,924,7,53490,1933
2020-08-06,Brazil,NA,Rio Grande do Norte,3507003,616,21,54106,1954
2020-08-07,Brazil,NA,Rio Grande do Norte,3507003,611,11,54717,1965
2020-08-08,Brazil,NA,Rio Grande do Norte,3507003,433,5,55150,1970
2020-08-09,Brazil,NA,Rio Grande do Norte,3507003,140,2,55290,1972
2020-08-10,Brazil,NA,Rio Grande do Norte,3507003,130,5,55420,1977
2020-08-11,Brazil,NA,Rio Grande do Norte,3507003,2501,26,57921,2003
2020-08-12,Brazil,NA,Rio Grande do Norte,3507003,0,16,57921,2019
2020-08-13,Brazil,NA,Rio Grande do Norte,3507003,500,17,57921,2036
2020-08-14,Brazil,NA,Rio Grande do Norte,3507003,395,5,57921,2041
2020-08-15,Brazil,NA,Rio Grande do Norte,3507003,193,21,57921,2062
2020-08-16,Brazil,NA,Rio Grande do Norte,3507003,60,5,57921,2067
2020-08-17,Brazil,NA,Rio Grande do Norte,3507003,178,14,57921,2081
2020-08-18,Brazil,NA,Rio Grande do Norte,3507003,409,21,58307,2102
2020-08-19,Brazil,NA,Rio Grande do Norte,3507003,360,24,58667,2126
2020-08-20,Brazil,NA,Rio Grande do Norte,3507003,471,7,59138,2133
2020-08-21,Brazil,NA,Rio Grande do Norte,3507003,53,21,59191,2154
2020-08-22,Brazil,NA,Rio Grande do Norte,3507003,202,11,59393,2165
2020-08-23,Brazil,NA,Rio Grande do Norte,3507003,189,5,59582,2170
2020-08-24,Brazil,NA,Rio Grande do Norte,3507003,67,3,59649,2173
2020-08-25,Brazil,NA,Rio Grande do Norte,3507003,512,19,60161,2192
2020-08-26,Brazil,NA,Rio Grande do Norte,3507003,281,23,60442,2215
2020-08-27,Brazil,NA,Rio Grande do Norte,3507003,451,4,60893,2219
2020-08-28,Brazil,NA,Rio Grande do Norte,3507003,326,15,61219,2234
2020-08-29,Brazil,NA,Rio Grande do Norte,3507003,288,8,61507,2242
2020-08-30,Brazil,NA,Rio Grande do Norte,3507003,142,6,61649,2248
2020-08-31,Brazil,NA,Rio Grande do Norte,3507003,99,8,61748,2256
2020-09-01,Brazil,NA,Rio Grande do Norte,3507003,243,9,61991,2265
2020-09-02,Brazil,NA,Rio Grande do Norte,3507003,441,10,62432,2275
2020-09-03,Brazil,NA,Rio Grande do Norte,3507003,423,3,62855,2278
2020-09-04,Brazil,NA,Rio Grande do Norte,3507003,434,3,63289,2281
2020-09-05,Brazil,NA,Rio Grande do Norte,3507003,404,4,63693,2285
2020-09-06,Brazil,NA,Rio Grande do Norte,3507003,108,1,63801,2286
2020-09-07,Brazil,NA,Rio Grande do Norte,3507003,9,8,63810,2294
2020-09-08,Brazil,NA,Rio Grande do Norte,3507003,69,1,63879,2295
2020-09-09,Brazil,NA,Rio Grande do Norte,3507003,256,1,64135,2296
2020-09-10,Brazil,NA,Rio Grande do Norte,3507003,384,6,64519,2302
2020-09-11,Brazil,NA,Rio Grande do Norte,3507003,359,6,64878,2308
2020-09-12,Brazil,NA,Rio Grande do Norte,3507003,167,5,65045,2313
2020-09-13,Brazil,NA,Rio Grande do Norte,3507003,255,2,65300,2315
2020-09-14,Brazil,NA,Rio Grande do Norte,3507003,60,2,65360,2317
2020-09-15,Brazil,NA,Rio Grande do Norte,3507003,287,9,65647,2326
2020-03-18,Brazil,NA,Rio Grande do Sul,11322895,9,0,19,0
2020-03-19,Brazil,NA,Rio Grande do Sul,11322895,9,0,28,0
2020-03-20,Brazil,NA,Rio Grande do Sul,11322895,9,0,37,0
2020-03-21,Brazil,NA,Rio Grande do Sul,11322895,23,0,60,0
2020-03-22,Brazil,NA,Rio Grande do Sul,11322895,12,0,72,0
2020-03-23,Brazil,NA,Rio Grande do Sul,11322895,14,0,86,0
2020-03-24,Brazil,NA,Rio Grande do Sul,11322895,12,0,98,0
2020-03-25,Brazil,NA,Rio Grande do Sul,11322895,25,1,123,1
2020-03-26,Brazil,NA,Rio Grande do Sul,11322895,45,0,168,1
2020-03-27,Brazil,NA,Rio Grande do Sul,11322895,27,1,195,2
2020-03-28,Brazil,NA,Rio Grande do Sul,11322895,2,0,197,2
2020-03-29,Brazil,NA,Rio Grande do Sul,11322895,29,0,226,2
2020-03-30,Brazil,NA,Rio Grande do Sul,11322895,15,1,241,3
2020-03-31,Brazil,NA,Rio Grande do Sul,11322895,33,1,274,4
2020-04-01,Brazil,NA,Rio Grande do Sul,11322895,32,0,306,4
2020-04-02,Brazil,NA,Rio Grande do Sul,11322895,28,1,334,5
2020-04-03,Brazil,NA,Rio Grande do Sul,11322895,62,0,396,5
2020-04-04,Brazil,NA,Rio Grande do Sul,11322895,14,1,410,6
2020-04-05,Brazil,NA,Rio Grande do Sul,11322895,8,1,418,7
2020-04-06,Brazil,NA,Rio Grande do Sul,11322895,63,0,481,7
2020-04-07,Brazil,NA,Rio Grande do Sul,11322895,27,1,508,8
2020-04-08,Brazil,NA,Rio Grande do Sul,11322895,47,1,555,9
2020-04-09,Brazil,NA,Rio Grande do Sul,11322895,63,3,618,12
2020-04-10,Brazil,NA,Rio Grande do Sul,11322895,18,2,636,14
2020-04-11,Brazil,NA,Rio Grande do Sul,11322895,4,1,640,15
2020-04-12,Brazil,NA,Rio Grande do Sul,11322895,13,1,653,16
2020-04-13,Brazil,NA,Rio Grande do Sul,11322895,11,0,664,16
2020-04-14,Brazil,NA,Rio Grande do Sul,11322895,36,2,700,18
2020-04-15,Brazil,NA,Rio Grande do Sul,11322895,47,1,747,19
2020-04-16,Brazil,NA,Rio Grande do Sul,11322895,33,0,780,19
2020-04-17,Brazil,NA,Rio Grande do Sul,11322895,22,3,802,22
2020-04-18,Brazil,NA,Rio Grande do Sul,11322895,29,2,831,24
2020-04-19,Brazil,NA,Rio Grande do Sul,11322895,23,0,854,24
2020-04-20,Brazil,NA,Rio Grande do Sul,11322895,35,3,889,27
2020-04-21,Brazil,NA,Rio Grande do Sul,11322895,15,0,904,27
2020-04-22,Brazil,NA,Rio Grande do Sul,11322895,19,0,923,27
2020-04-23,Brazil,NA,Rio Grande do Sul,11322895,71,2,994,29
2020-04-24,Brazil,NA,Rio Grande do Sul,11322895,67,2,1061,31
2020-04-25,Brazil,NA,Rio Grande do Sul,11322895,35,3,1096,34
2020-04-26,Brazil,NA,Rio Grande do Sul,11322895,70,1,1166,35
2020-04-27,Brazil,NA,Rio Grande do Sul,11322895,62,7,1228,42
2020-04-28,Brazil,NA,Rio Grande do Sul,11322895,58,3,1286,45
2020-04-29,Brazil,NA,Rio Grande do Sul,11322895,82,5,1368,50
2020-04-30,Brazil,NA,Rio Grande do Sul,11322895,98,1,1466,51
2020-05-01,Brazil,NA,Rio Grande do Sul,11322895,63,7,1529,58
2020-05-02,Brazil,NA,Rio Grande do Sul,11322895,90,4,1619,62
2020-05-03,Brazil,NA,Rio Grande do Sul,11322895,47,3,1666,65
2020-05-04,Brazil,NA,Rio Grande do Sul,11322895,45,9,1711,74
2020-05-05,Brazil,NA,Rio Grande do Sul,11322895,104,5,1815,79
2020-05-06,Brazil,NA,Rio Grande do Sul,11322895,235,8,2050,87
2020-05-07,Brazil,NA,Rio Grande do Sul,11322895,79,3,2129,90
2020-05-08,Brazil,NA,Rio Grande do Sul,11322895,318,1,2447,91
2020-05-09,Brazil,NA,Rio Grande do Sul,11322895,46,4,2493,95
2020-05-10,Brazil,NA,Rio Grande do Sul,11322895,49,2,2542,97
2020-05-11,Brazil,NA,Rio Grande do Sul,11322895,34,8,2576,105
2020-05-12,Brazil,NA,Rio Grande do Sul,11322895,341,6,2917,111
2020-05-13,Brazil,NA,Rio Grande do Sul,11322895,0,0,2917,111
2020-05-14,Brazil,NA,Rio Grande do Sul,11322895,80,9,2997,120
2020-05-15,Brazil,NA,Rio Grande do Sul,11322895,600,6,3597,126
2020-05-16,Brazil,NA,Rio Grande do Sul,11322895,98,6,3695,132
2020-05-17,Brazil,NA,Rio Grande do Sul,11322895,40,10,3735,142
2020-05-18,Brazil,NA,Rio Grande do Sul,11322895,0,2,3735,144
2020-05-19,Brazil,NA,Rio Grande do Sul,11322895,15,7,3750,151
2020-05-20,Brazil,NA,Rio Grande do Sul,11322895,1223,10,4973,161
2020-05-21,Brazil,NA,Rio Grande do Sul,11322895,500,5,5473,166
2020-05-22,Brazil,NA,Rio Grande do Sul,11322895,445,6,5918,172
2020-05-23,Brazil,NA,Rio Grande do Sul,11322895,418,4,6336,176
2020-05-24,Brazil,NA,Rio Grande do Sul,11322895,134,4,6470,180
2020-05-25,Brazil,NA,Rio Grande do Sul,11322895,89,17,6559,197
2020-05-26,Brazil,NA,Rio Grande do Sul,11322895,226,6,6785,203
2020-05-27,Brazil,NA,Rio Grande do Sul,11322895,263,6,7048,209
2020-05-28,Brazil,NA,Rio Grande do Sul,11322895,1186,4,8234,213
2020-05-29,Brazil,NA,Rio Grande do Sul,11322895,0,0,8234,213
2020-05-30,Brazil,NA,Rio Grande do Sul,11322895,1008,5,9242,218
2020-05-31,Brazil,NA,Rio Grande do Sul,11322895,90,6,9332,224
2020-06-01,Brazil,NA,Rio Grande do Sul,11322895,0,8,9332,232
2020-06-02,Brazil,NA,Rio Grande do Sul,11322895,587,13,9919,245
2020-06-03,Brazil,NA,Rio Grande do Sul,11322895,479,13,10398,258
2020-06-04,Brazil,NA,Rio Grande do Sul,11322895,612,7,11010,265
2020-06-05,Brazil,NA,Rio Grande do Sul,11322895,573,11,11583,276
2020-06-06,Brazil,NA,Rio Grande do Sul,11322895,454,7,12037,283
2020-06-07,Brazil,NA,Rio Grande do Sul,11322895,98,3,12135,286
2020-06-08,Brazil,NA,Rio Grande do Sul,11322895,115,5,12250,291
2020-06-09,Brazil,NA,Rio Grande do Sul,11322895,552,10,12802,301
2020-06-10,Brazil,NA,Rio Grande do Sul,11322895,817,15,13619,316
2020-06-11,Brazil,NA,Rio Grande do Sul,11322895,549,7,14168,323
2020-06-12,Brazil,NA,Rio Grande do Sul,11322895,216,14,14384,337
2020-06-13,Brazil,NA,Rio Grande do Sul,11322895,243,7,14627,344
2020-06-14,Brazil,NA,Rio Grande do Sul,11322895,34,6,14661,350
2020-06-15,Brazil,NA,Rio Grande do Sul,11322895,777,10,15438,360
2020-06-16,Brazil,NA,Rio Grande do Sul,11322895,1033,14,16471,374
2020-06-17,Brazil,NA,Rio Grande do Sul,11322895,657,13,17128,387
2020-06-18,Brazil,NA,Rio Grande do Sul,11322895,694,19,17822,406
2020-06-19,Brazil,NA,Rio Grande do Sul,11322895,765,17,18587,423
2020-06-20,Brazil,NA,Rio Grande do Sul,11322895,551,7,19138,430
2020-06-21,Brazil,NA,Rio Grande do Sul,11322895,210,4,19348,434
2020-06-22,Brazil,NA,Rio Grande do Sul,11322895,362,24,19710,458
2020-06-23,Brazil,NA,Rio Grande do Sul,11322895,1154,19,20864,477
2020-06-24,Brazil,NA,Rio Grande do Sul,11322895,1145,23,22009,500
2020-06-25,Brazil,NA,Rio Grande do Sul,11322895,1051,0,23060,500
2020-06-26,Brazil,NA,Rio Grande do Sul,11322895,1054,40,24114,540
2020-06-27,Brazil,NA,Rio Grande do Sul,11322895,886,14,25000,554
2020-06-28,Brazil,NA,Rio Grande do Sul,11322895,243,5,25243,559
2020-06-29,Brazil,NA,Rio Grande do Sul,11322895,416,23,25659,582
2020-06-30,Brazil,NA,Rio Grande do Sul,11322895,1282,32,26941,614
2020-07-01,Brazil,NA,Rio Grande do Sul,11322895,1230,22,28171,636
2020-07-02,Brazil,NA,Rio Grande do Sul,11322895,1024,27,29195,663
2020-07-03,Brazil,NA,Rio Grande do Sul,11322895,1176,27,30371,690
2020-07-04,Brazil,NA,Rio Grande do Sul,11322895,1248,25,31619,715
2020-07-05,Brazil,NA,Rio Grande do Sul,11322895,336,12,31955,727
2020-07-06,Brazil,NA,Rio Grande do Sul,11322895,446,32,32401,759
2020-07-07,Brazil,NA,Rio Grande do Sul,11322895,1399,32,33800,791
2020-07-08,Brazil,NA,Rio Grande do Sul,11322895,1757,34,35557,825
2020-07-09,Brazil,NA,Rio Grande do Sul,11322895,877,45,36434,870
2020-07-10,Brazil,NA,Rio Grande do Sul,11322895,1056,49,37490,919
2020-07-11,Brazil,NA,Rio Grande do Sul,11322895,1230,24,38720,943
2020-07-12,Brazil,NA,Rio Grande do Sul,11322895,520,19,39240,962
2020-07-13,Brazil,NA,Rio Grande do Sul,11322895,416,33,39656,995
2020-07-14,Brazil,NA,Rio Grande do Sul,11322895,1337,65,40993,1060
2020-07-15,Brazil,NA,Rio Grande do Sul,11322895,1246,41,42239,1101
2020-07-16,Brazil,NA,Rio Grande do Sul,11322895,3105,40,45344,1141
2020-07-17,Brazil,NA,Rio Grande do Sul,11322895,1366,25,46710,1166
2020-07-18,Brazil,NA,Rio Grande do Sul,11322895,137,63,46847,1229
2020-07-19,Brazil,NA,Rio Grande do Sul,11322895,266,23,47113,1252
2020-07-20,Brazil,NA,Rio Grande do Sul,11322895,336,33,47449,1285
2020-07-21,Brazil,NA,Rio Grande do Sul,11322895,2391,64,49840,1349
2020-07-22,Brazil,NA,Rio Grande do Sul,11322895,3233,48,53073,1397
2020-07-23,Brazil,NA,Rio Grande do Sul,11322895,1768,59,54841,1456
2020-07-24,Brazil,NA,Rio Grande do Sul,11322895,2166,38,57007,1494
2020-07-25,Brazil,NA,Rio Grande do Sul,11322895,2111,60,59118,1554
2020-07-26,Brazil,NA,Rio Grande do Sul,11322895,661,17,59779,1571
2020-07-27,Brazil,NA,Rio Grande do Sul,11322895,265,40,60044,1611
2020-07-28,Brazil,NA,Rio Grande do Sul,11322895,2303,69,62347,1680
2020-07-29,Brazil,NA,Rio Grande do Sul,11322895,2149,70,64496,1750
2020-07-30,Brazil,NA,Rio Grande do Sul,11322895,1977,75,66473,1825
2020-07-31,Brazil,NA,Rio Grande do Sul,11322895,219,51,66692,1876
2020-08-01,Brazil,NA,Rio Grande do Sul,11322895,3764,71,70456,1947
2020-08-02,Brazil,NA,Rio Grande do Sul,11322895,584,27,71040,1974
2020-08-03,Brazil,NA,Rio Grande do Sul,11322895,439,42,71479,2016
2020-08-04,Brazil,NA,Rio Grande do Sul,11322895,2139,83,73618,2099
2020-08-05,Brazil,NA,Rio Grande do Sul,11322895,2945,64,76563,2163
2020-08-06,Brazil,NA,Rio Grande do Sul,11322895,2274,68,78837,2231
2020-08-07,Brazil,NA,Rio Grande do Sul,11322895,189,51,79026,2282
2020-08-08,Brazil,NA,Rio Grande do Sul,11322895,4569,64,83595,2346
2020-08-09,Brazil,NA,Rio Grande do Sul,11322895,396,14,83991,2360
2020-08-10,Brazil,NA,Rio Grande do Sul,11322895,43,57,84034,2417
2020-08-11,Brazil,NA,Rio Grande do Sul,11322895,3381,55,87415,2472
2020-08-12,Brazil,NA,Rio Grande do Sul,11322895,2634,68,90049,2540
2020-08-13,Brazil,NA,Rio Grande do Sul,11322895,2511,44,92560,2584
2020-08-14,Brazil,NA,Rio Grande do Sul,11322895,2582,47,95142,2631
2020-08-15,Brazil,NA,Rio Grande do Sul,11322895,2303,16,97445,2647
2020-08-16,Brazil,NA,Rio Grande do Sul,11322895,432,42,97877,2689
2020-08-17,Brazil,NA,Rio Grande do Sul,11322895,130,55,98007,2744
2020-08-18,Brazil,NA,Rio Grande do Sul,11322895,3210,78,101217,2822
2020-08-19,Brazil,NA,Rio Grande do Sul,11322895,2674,59,103891,2881
2020-08-20,Brazil,NA,Rio Grande do Sul,11322895,177,67,104068,2948
2020-08-21,Brazil,NA,Rio Grande do Sul,11322895,267,45,104335,2993
2020-08-22,Brazil,NA,Rio Grande do Sul,11322895,4504,53,108839,3046
2020-08-23,Brazil,NA,Rio Grande do Sul,11322895,1034,16,109873,3062
2020-08-24,Brazil,NA,Rio Grande do Sul,11322895,80,40,109953,3102
2020-08-25,Brazil,NA,Rio Grande do Sul,11322895,2810,59,112763,3161
2020-08-26,Brazil,NA,Rio Grande do Sul,11322895,3221,74,115984,3235
2020-08-27,Brazil,NA,Rio Grande do Sul,11322895,2331,40,118315,3275
2020-08-28,Brazil,NA,Rio Grande do Sul,11322895,2424,48,120739,3323
2020-08-29,Brazil,NA,Rio Grande do Sul,11322895,3677,62,124416,3385
2020-08-30,Brazil,NA,Rio Grande do Sul,11322895,66,10,124482,3395
2020-08-31,Brazil,NA,Rio Grande do Sul,11322895,1331,40,125813,3435
2020-09-01,Brazil,NA,Rio Grande do Sul,11322895,1986,66,127799,3501
2020-09-02,Brazil,NA,Rio Grande do Sul,11322895,3662,42,131461,3543
2020-09-03,Brazil,NA,Rio Grande do Sul,11322895,3149,47,134610,3590
2020-09-04,Brazil,NA,Rio Grande do Sul,11322895,2607,60,137217,3650
2020-09-05,Brazil,NA,Rio Grande do Sul,11322895,6268,64,143485,3714
2020-09-06,Brazil,NA,Rio Grande do Sul,11322895,429,25,143914,3739
2020-09-07,Brazil,NA,Rio Grande do Sul,11322895,38,17,143952,3756
2020-09-08,Brazil,NA,Rio Grande do Sul,11322895,550,44,144502,3800
2020-09-09,Brazil,NA,Rio Grande do Sul,11322895,3074,82,147576,3882
2020-09-10,Brazil,NA,Rio Grande do Sul,11322895,3816,47,151392,3929
2020-09-11,Brazil,NA,Rio Grande do Sul,11322895,2083,68,153475,3997
2020-09-12,Brazil,NA,Rio Grande do Sul,11322895,2789,42,156264,4039
2020-09-13,Brazil,NA,Rio Grande do Sul,11322895,639,16,156903,4055
2020-09-14,Brazil,NA,Rio Grande do Sul,11322895,1004,25,157907,4080
2020-09-15,Brazil,NA,Rio Grande do Sul,11322895,3033,94,160940,4174
2020-04-04,Brazil,NA,Rondonia,1590011,1,0,11,1
2020-04-05,Brazil,NA,Rondonia,1590011,1,0,12,1
2020-04-06,Brazil,NA,Rondonia,1590011,2,0,14,1
2020-04-07,Brazil,NA,Rondonia,1590011,4,0,18,1
2020-04-08,Brazil,NA,Rondonia,1590011,0,0,18,1
2020-04-09,Brazil,NA,Rondonia,1590011,10,1,28,2
2020-04-10,Brazil,NA,Rondonia,1590011,4,0,32,2
2020-04-11,Brazil,NA,Rondonia,1590011,1,0,33,2
2020-04-12,Brazil,NA,Rondonia,1590011,2,0,35,2
2020-04-13,Brazil,NA,Rondonia,1590011,7,0,42,2
2020-04-14,Brazil,NA,Rondonia,1590011,22,0,64,2
2020-04-15,Brazil,NA,Rondonia,1590011,5,0,69,2
2020-04-16,Brazil,NA,Rondonia,1590011,7,1,76,3
2020-04-17,Brazil,NA,Rondonia,1590011,16,0,92,3
2020-04-18,Brazil,NA,Rondonia,1590011,18,0,110,3
2020-04-19,Brazil,NA,Rondonia,1590011,18,1,128,4
2020-04-20,Brazil,NA,Rondonia,1590011,32,0,160,4
2020-04-21,Brazil,NA,Rondonia,1590011,39,0,199,4
2020-04-22,Brazil,NA,Rondonia,1590011,24,1,223,5
2020-04-23,Brazil,NA,Rondonia,1590011,27,0,250,5
2020-04-24,Brazil,NA,Rondonia,1590011,40,0,290,5
2020-04-25,Brazil,NA,Rondonia,1590011,38,2,328,7
2020-04-26,Brazil,NA,Rondonia,1590011,36,3,364,10
2020-04-27,Brazil,NA,Rondonia,1590011,29,0,393,10
2020-04-28,Brazil,NA,Rondonia,1590011,20,1,413,11
2020-04-29,Brazil,NA,Rondonia,1590011,20,4,433,15
2020-04-30,Brazil,NA,Rondonia,1590011,69,1,502,16
2020-05-01,Brazil,NA,Rondonia,1590011,83,2,585,18
2020-05-02,Brazil,NA,Rondonia,1590011,68,5,653,23
2020-05-03,Brazil,NA,Rondonia,1590011,52,1,705,24
2020-05-04,Brazil,NA,Rondonia,1590011,51,1,756,25
2020-05-05,Brazil,NA,Rondonia,1590011,105,4,861,29
2020-05-06,Brazil,NA,Rondonia,1590011,82,4,943,33
2020-05-07,Brazil,NA,Rondonia,1590011,155,4,1098,37
2020-05-08,Brazil,NA,Rondonia,1590011,124,2,1222,39
2020-05-09,Brazil,NA,Rondonia,1590011,41,2,1263,41
2020-05-10,Brazil,NA,Rondonia,1590011,39,2,1302,43
2020-05-11,Brazil,NA,Rondonia,1590011,94,4,1396,47
2020-05-12,Brazil,NA,Rondonia,1590011,64,3,1460,50
2020-05-13,Brazil,NA,Rondonia,1590011,152,0,1612,50
2020-05-14,Brazil,NA,Rondonia,1590011,74,6,1686,56
2020-05-15,Brazil,NA,Rondonia,1590011,103,6,1789,62
2020-05-16,Brazil,NA,Rondonia,1590011,130,7,1919,69
2020-05-17,Brazil,NA,Rondonia,1590011,44,5,1963,74
2020-05-18,Brazil,NA,Rondonia,1590011,80,3,2043,77
2020-05-19,Brazil,NA,Rondonia,1590011,214,10,2257,87
2020-05-20,Brazil,NA,Rondonia,1590011,242,3,2499,90
2020-05-21,Brazil,NA,Rondonia,1590011,160,11,2659,101
2020-05-22,Brazil,NA,Rondonia,1590011,115,5,2774,106
2020-05-23,Brazil,NA,Rondonia,1590011,335,9,3109,115
2020-05-24,Brazil,NA,Rondonia,1590011,92,6,3201,121
2020-05-25,Brazil,NA,Rondonia,1590011,67,0,3268,121
2020-05-26,Brazil,NA,Rondonia,1590011,225,12,3493,133
2020-05-27,Brazil,NA,Rondonia,1590011,369,4,3862,137
2020-05-28,Brazil,NA,Rondonia,1590011,390,5,4252,142
2020-05-29,Brazil,NA,Rondonia,1590011,250,3,4502,145
2020-05-30,Brazil,NA,Rondonia,1590011,241,6,4743,151
2020-05-31,Brazil,NA,Rondonia,1590011,199,5,4942,156
2020-06-01,Brazil,NA,Rondonia,1590011,230,3,5172,159
2020-06-02,Brazil,NA,Rondonia,1590011,305,13,5477,172
2020-06-03,Brazil,NA,Rondonia,1590011,236,8,5713,180
2020-06-04,Brazil,NA,Rondonia,1590011,746,14,6459,194
2020-06-05,Brazil,NA,Rondonia,1590011,403,19,6862,213
2020-06-06,Brazil,NA,Rondonia,1590011,838,15,7700,228
2020-06-07,Brazil,NA,Rondonia,1590011,410,7,8110,235
2020-06-08,Brazil,NA,Rondonia,1590011,516,10,8626,245
2020-06-09,Brazil,NA,Rondonia,1590011,594,10,9220,255
2020-06-10,Brazil,NA,Rondonia,1590011,630,12,9850,267
2020-06-11,Brazil,NA,Rondonia,1590011,697,26,10547,293
2020-06-12,Brazil,NA,Rondonia,1590011,677,3,11224,296
2020-06-13,Brazil,NA,Rondonia,1590011,486,13,11710,309
2020-06-14,Brazil,NA,Rondonia,1590011,155,15,11865,324
2020-06-15,Brazil,NA,Rondonia,1590011,315,8,12180,332
2020-06-16,Brazil,NA,Rondonia,1590011,830,14,13010,346
2020-06-17,Brazil,NA,Rondonia,1590011,557,14,13567,360
2020-06-18,Brazil,NA,Rondonia,1590011,237,14,13804,374
2020-06-19,Brazil,NA,Rondonia,1590011,549,17,14353,391
2020-06-20,Brazil,NA,Rondonia,1590011,599,18,14952,409
2020-06-21,Brazil,NA,Rondonia,1590011,229,8,15181,417
2020-06-22,Brazil,NA,Rondonia,1590011,646,14,15827,431
2020-06-23,Brazil,NA,Rondonia,1590011,671,13,16498,444
2020-06-24,Brazil,NA,Rondonia,1590011,926,11,17424,455
2020-06-25,Brazil,NA,Rondonia,1590011,749,12,18173,467
2020-06-26,Brazil,NA,Rondonia,1590011,1098,9,19271,476
2020-06-27,Brazil,NA,Rondonia,1590011,0,0,19271,476
2020-06-28,Brazil,NA,Rondonia,1590011,549,10,19820,486
2020-06-29,Brazil,NA,Rondonia,1590011,586,14,20406,500
2020-06-30,Brazil,NA,Rondonia,1590011,845,18,21251,518
2020-07-01,Brazil,NA,Rondonia,1590011,211,2,21462,520
2020-07-02,Brazil,NA,Rondonia,1590011,508,10,21970,530
2020-07-03,Brazil,NA,Rondonia,1590011,271,3,22241,533
2020-07-04,Brazil,NA,Rondonia,1590011,716,15,22957,548
2020-07-05,Brazil,NA,Rondonia,1590011,522,7,23479,555
2020-07-06,Brazil,NA,Rondonia,1590011,442,3,23921,558
2020-07-07,Brazil,NA,Rondonia,1590011,643,19,24564,577
2020-07-08,Brazil,NA,Rondonia,1590011,503,8,25067,585
2020-07-09,Brazil,NA,Rondonia,1590011,335,4,25402,589
2020-07-10,Brazil,NA,Rondonia,1590011,598,16,26000,605
2020-07-11,Brazil,NA,Rondonia,1590011,496,12,26496,617
2020-07-12,Brazil,NA,Rondonia,1590011,232,11,26728,628
2020-07-13,Brazil,NA,Rondonia,1590011,322,19,27050,647
2020-07-14,Brazil,NA,Rondonia,1590011,478,16,27528,663
2020-07-15,Brazil,NA,Rondonia,1590011,389,5,27917,668
2020-07-16,Brazil,NA,Rondonia,1590011,737,9,28654,677
2020-07-17,Brazil,NA,Rondonia,1590011,463,9,29117,686
2020-07-18,Brazil,NA,Rondonia,1590011,0,0,29117,686
2020-07-19,Brazil,NA,Rondonia,1590011,0,0,29117,686
2020-07-20,Brazil,NA,Rondonia,1590011,684,24,29801,710
2020-07-21,Brazil,NA,Rondonia,1590011,841,17,30642,727
2020-07-22,Brazil,NA,Rondonia,1590011,2293,31,32935,758
2020-07-23,Brazil,NA,Rondonia,1590011,1145,26,34080,784
2020-07-24,Brazil,NA,Rondonia,1590011,793,17,34873,801
2020-07-25,Brazil,NA,Rondonia,1590011,700,9,35573,810
2020-07-26,Brazil,NA,Rondonia,1590011,237,4,35810,814
2020-07-27,Brazil,NA,Rondonia,1590011,338,16,36148,830
2020-07-28,Brazil,NA,Rondonia,1590011,701,10,36849,840
2020-07-29,Brazil,NA,Rondonia,1590011,785,15,37634,855
2020-07-30,Brazil,NA,Rondonia,1590011,773,9,38407,864
2020-07-31,Brazil,NA,Rondonia,1590011,585,8,38992,872
2020-08-01,Brazil,NA,Rondonia,1590011,512,9,39504,881
2020-08-02,Brazil,NA,Rondonia,1590011,389,3,39893,884
2020-08-03,Brazil,NA,Rondonia,1590011,123,4,40016,888
2020-08-04,Brazil,NA,Rondonia,1590011,1223,10,41239,898
2020-08-05,Brazil,NA,Rondonia,1590011,781,20,42020,918
2020-08-06,Brazil,NA,Rondonia,1590011,705,5,42725,923
2020-08-07,Brazil,NA,Rondonia,1590011,665,11,43390,934
2020-08-08,Brazil,NA,Rondonia,1590011,476,6,43866,940
2020-08-09,Brazil,NA,Rondonia,1590011,144,3,44010,943
2020-08-10,Brazil,NA,Rondonia,1590011,362,1,44372,944
2020-08-11,Brazil,NA,Rondonia,1590011,1096,22,45468,966
2020-08-12,Brazil,NA,Rondonia,1590011,593,15,46061,981
2020-08-13,Brazil,NA,Rondonia,1590011,615,12,46676,993
2020-08-14,Brazil,NA,Rondonia,1590011,612,8,47288,1001
2020-08-15,Brazil,NA,Rondonia,1590011,364,11,47652,1012
2020-08-16,Brazil,NA,Rondonia,1590011,185,1,47837,1013
2020-08-17,Brazil,NA,Rondonia,1590011,395,4,48232,1017
2020-08-18,Brazil,NA,Rondonia,1590011,691,9,48923,1026
2020-08-19,Brazil,NA,Rondonia,1590011,798,11,49721,1037
2020-08-20,Brazil,NA,Rondonia,1590011,426,8,50147,1045
2020-08-21,Brazil,NA,Rondonia,1590011,367,5,50514,1050
2020-08-22,Brazil,NA,Rondonia,1590011,481,11,50995,1061
2020-08-23,Brazil,NA,Rondonia,1590011,426,4,51421,1065
2020-08-24,Brazil,NA,Rondonia,1590011,370,8,51791,1073
2020-08-25,Brazil,NA,Rondonia,1590011,723,14,52514,1087
2020-08-26,Brazil,NA,Rondonia,1590011,605,13,53119,1100
2020-08-27,Brazil,NA,Rondonia,1590011,686,9,53805,1109
2020-08-28,Brazil,NA,Rondonia,1590011,400,5,54205,1114
2020-08-29,Brazil,NA,Rondonia,1590011,291,11,54496,1125
2020-08-30,Brazil,NA,Rondonia,1590011,183,4,54679,1129
2020-08-31,Brazil,NA,Rondonia,1590011,474,19,55153,1148
2020-09-01,Brazil,NA,Rondonia,1590011,615,7,55768,1155
2020-09-02,Brazil,NA,Rondonia,1590011,643,6,56411,1161
2020-09-03,Brazil,NA,Rondonia,1590011,207,4,56618,1165
2020-09-04,Brazil,NA,Rondonia,1590011,734,7,57352,1172
2020-09-05,Brazil,NA,Rondonia,1590011,513,8,57865,1180
2020-09-06,Brazil,NA,Rondonia,1590011,201,5,58066,1185
2020-09-07,Brazil,NA,Rondonia,1590011,171,2,58237,1187
2020-09-08,Brazil,NA,Rondonia,1590011,322,6,58559,1193
2020-09-09,Brazil,NA,Rondonia,1590011,637,14,59196,1207
2020-09-10,Brazil,NA,Rondonia,1590011,424,10,59620,1217
2020-09-11,Brazil,NA,Rondonia,1590011,418,14,60038,1231
2020-09-12,Brazil,NA,Rondonia,1590011,324,9,60362,1240
2020-09-13,Brazil,NA,Rondonia,1590011,122,6,60484,1246
2020-09-14,Brazil,NA,Rondonia,1590011,262,7,60746,1253
2020-09-15,Brazil,NA,Rondonia,1590011,514,16,61260,1269
2020-03-28,Brazil,NA,Roraima,1805788,2,0,12,0
2020-03-29,Brazil,NA,Roraima,1805788,4,0,16,0
2020-03-30,Brazil,NA,Roraima,1805788,0,0,16,0
2020-03-31,Brazil,NA,Roraima,1805788,0,0,16,0
2020-04-01,Brazil,NA,Roraima,1805788,6,0,22,0
2020-04-02,Brazil,NA,Roraima,1805788,4,0,26,0
2020-04-03,Brazil,NA,Roraima,1805788,4,0,30,0
2020-04-04,Brazil,NA,Roraima,1805788,7,1,37,1
2020-04-05,Brazil,NA,Roraima,1805788,5,0,42,1
2020-04-06,Brazil,NA,Roraima,1805788,0,0,42,1
2020-04-07,Brazil,NA,Roraima,1805788,0,0,42,1
2020-04-08,Brazil,NA,Roraima,1805788,7,0,49,1
2020-04-09,Brazil,NA,Roraima,1805788,3,0,52,1
2020-04-10,Brazil,NA,Roraima,1805788,11,2,63,3
2020-04-11,Brazil,NA,Roraima,1805788,12,0,75,3
2020-04-12,Brazil,NA,Roraima,1805788,4,0,79,3
2020-04-13,Brazil,NA,Roraima,1805788,4,0,83,3
2020-04-14,Brazil,NA,Roraima,1805788,30,0,113,3
2020-04-15,Brazil,NA,Roraima,1805788,1,0,114,3
2020-04-16,Brazil,NA,Roraima,1805788,28,0,142,3
2020-04-17,Brazil,NA,Roraima,1805788,22,0,164,3
2020-04-18,Brazil,NA,Roraima,1805788,37,0,201,3
2020-04-19,Brazil,NA,Roraima,1805788,21,0,222,3
2020-04-20,Brazil,NA,Roraima,1805788,22,0,244,3
2020-04-21,Brazil,NA,Roraima,1805788,3,0,247,3
2020-04-22,Brazil,NA,Roraima,1805788,33,0,280,3
2020-04-23,Brazil,NA,Roraima,1805788,17,0,297,3
2020-04-24,Brazil,NA,Roraima,1805788,7,0,304,3
2020-04-25,Brazil,NA,Roraima,1805788,41,0,345,3
2020-04-26,Brazil,NA,Roraima,1805788,56,1,401,4
2020-04-27,Brazil,NA,Roraima,1805788,6,0,407,4
2020-04-28,Brazil,NA,Roraima,1805788,18,2,425,6
2020-04-29,Brazil,NA,Roraima,1805788,27,0,452,6
2020-04-30,Brazil,NA,Roraima,1805788,67,1,519,7
2020-05-01,Brazil,NA,Roraima,1805788,83,1,602,8
2020-05-02,Brazil,NA,Roraima,1805788,66,1,668,9
2020-05-03,Brazil,NA,Roraima,1805788,72,2,740,11
2020-05-04,Brazil,NA,Roraima,1805788,66,0,806,11
2020-05-05,Brazil,NA,Roraima,1805788,63,0,869,11
2020-05-06,Brazil,NA,Roraima,1805788,63,2,932,13
2020-05-07,Brazil,NA,Roraima,1805788,88,1,1020,14
2020-05-08,Brazil,NA,Roraima,1805788,104,2,1124,16
2020-05-09,Brazil,NA,Roraima,1805788,78,2,1202,18
2020-05-10,Brazil,NA,Roraima,1805788,88,3,1290,21
2020-05-11,Brazil,NA,Roraima,1805788,5,3,1295,24
2020-05-12,Brazil,NA,Roraima,1805788,33,3,1328,27
2020-05-13,Brazil,NA,Roraima,1805788,83,2,1411,29
2020-05-14,Brazil,NA,Roraima,1805788,89,8,1500,37
2020-05-15,Brazil,NA,Roraima,1805788,89,3,1589,40
2020-05-16,Brazil,NA,Roraima,1805788,117,9,1706,49
2020-05-17,Brazil,NA,Roraima,1805788,85,2,1791,51
2020-05-18,Brazil,NA,Roraima,1805788,85,9,1876,60
2020-05-19,Brazil,NA,Roraima,1805788,109,1,1985,61
2020-05-20,Brazil,NA,Roraima,1805788,82,3,2067,64
2020-05-21,Brazil,NA,Roraima,1805788,79,8,2146,72
2020-05-22,Brazil,NA,Roraima,1805788,160,9,2306,81
2020-05-23,Brazil,NA,Roraima,1805788,68,0,2374,81
2020-05-24,Brazil,NA,Roraima,1805788,65,3,2439,84
2020-05-25,Brazil,NA,Roraima,1805788,75,2,2514,86
2020-05-26,Brazil,NA,Roraima,1805788,69,16,2583,102
2020-05-27,Brazil,NA,Roraima,1805788,99,0,2682,102
2020-05-28,Brazil,NA,Roraima,1805788,277,0,2959,102
2020-05-29,Brazil,NA,Roraima,1805788,139,6,3098,108
2020-05-30,Brazil,NA,Roraima,1805788,201,2,3299,110
2020-05-31,Brazil,NA,Roraima,1805788,175,6,3474,116
2020-06-01,Brazil,NA,Roraima,1805788,218,0,3692,116
2020-06-02,Brazil,NA,Roraima,1805788,158,4,3850,120
2020-06-03,Brazil,NA,Roraima,1805788,293,4,4143,124
2020-06-04,Brazil,NA,Roraima,1805788,340,3,4483,127
2020-06-05,Brazil,NA,Roraima,1805788,348,12,4831,139
2020-06-06,Brazil,NA,Roraima,1805788,407,0,5238,139
2020-06-07,Brazil,NA,Roraima,1805788,291,3,5529,142
2020-06-08,Brazil,NA,Roraima,1805788,239,3,5768,145
2020-06-09,Brazil,NA,Roraima,1805788,288,23,6056,168
2020-06-10,Brazil,NA,Roraima,1805788,291,14,6347,182
2020-06-11,Brazil,NA,Roraima,1805788,247,6,6594,188
2020-06-12,Brazil,NA,Roraima,1805788,118,4,6712,192
2020-06-13,Brazil,NA,Roraima,1805788,130,5,6842,197
2020-06-14,Brazil,NA,Roraima,1805788,33,3,6875,200
2020-06-15,Brazil,NA,Roraima,1805788,6,3,6881,203
2020-06-16,Brazil,NA,Roraima,1805788,54,13,6935,216
2020-06-17,Brazil,NA,Roraima,1805788,215,8,7150,224
2020-06-18,Brazil,NA,Roraima,1805788,271,7,7421,231
2020-06-19,Brazil,NA,Roraima,1805788,229,8,7650,239
2020-06-20,Brazil,NA,Roraima,1805788,387,6,8037,245
2020-06-21,Brazil,NA,Roraima,1805788,83,6,8120,251
2020-06-22,Brazil,NA,Roraima,1805788,68,0,8188,251
2020-06-23,Brazil,NA,Roraima,1805788,2152,0,10340,251
2020-06-24,Brazil,NA,Roraima,1805788,463,9,10803,259
2020-06-25,Brazil,NA,Roraima,1805788,1069,12,11872,271
2020-06-26,Brazil,NA,Roraima,1805788,1039,2,12911,273
2020-06-27,Brazil,NA,Roraima,1805788,167,8,13078,281
2020-06-28,Brazil,NA,Roraima,1805788,1263,0,14341,281
2020-06-29,Brazil,NA,Roraima,1805788,118,0,14459,281
2020-06-30,Brazil,NA,Roraima,1805788,182,2,14641,283
2020-07-01,Brazil,NA,Roraima,1805788,512,31,15153,314
2020-07-02,Brazil,NA,Roraima,1805788,2430,40,17583,354
2020-07-03,Brazil,NA,Roraima,1805788,740,4,18323,358
2020-07-04,Brazil,NA,Roraima,1805788,446,6,18769,364
2020-07-05,Brazil,NA,Roraima,1805788,153,4,18922,368
2020-07-06,Brazil,NA,Roraima,1805788,26,3,18948,371
2020-07-07,Brazil,NA,Roraima,1805788,140,5,19088,376
2020-07-08,Brazil,NA,Roraima,1805788,196,10,19284,386
2020-07-09,Brazil,NA,Roraima,1805788,870,7,20154,393
2020-07-10,Brazil,NA,Roraima,1805788,1066,0,21220,393
2020-07-11,Brazil,NA,Roraima,1805788,629,3,21849,396
2020-07-12,Brazil,NA,Roraima,1805788,376,0,22225,396
2020-07-13,Brazil,NA,Roraima,1805788,402,1,22627,397
2020-07-14,Brazil,NA,Roraima,1805788,341,1,22968,398
2020-07-15,Brazil,NA,Roraima,1805788,713,5,23681,403
2020-07-16,Brazil,NA,Roraima,1805788,716,12,24397,415
2020-07-17,Brazil,NA,Roraima,1805788,610,10,25007,425
2020-07-18,Brazil,NA,Roraima,1805788,366,4,25373,429
2020-07-19,Brazil,NA,Roraima,1805788,94,0,25467,429
2020-07-20,Brazil,NA,Roraima,1805788,219,2,25686,431
2020-07-21,Brazil,NA,Roraima,1805788,299,4,25985,435
2020-07-22,Brazil,NA,Roraima,1805788,969,16,26954,451
2020-07-23,Brazil,NA,Roraima,1805788,978,7,27932,458
2020-07-24,Brazil,NA,Roraima,1805788,942,7,28874,465
2020-07-25,Brazil,NA,Roraima,1805788,520,8,29394,473
2020-07-26,Brazil,NA,Roraima,1805788,435,0,29829,473
2020-07-27,Brazil,NA,Roraima,1805788,73,1,29902,474
2020-07-28,Brazil,NA,Roraima,1805788,414,5,30316,479
2020-07-29,Brazil,NA,Roraima,1805788,680,14,30996,493
2020-07-30,Brazil,NA,Roraima,1805788,459,8,31455,501
2020-07-31,Brazil,NA,Roraima,1805788,561,4,32016,505
2020-08-01,Brazil,NA,Roraima,1805788,707,8,32723,513
2020-08-02,Brazil,NA,Roraima,1805788,428,0,33151,513
2020-08-03,Brazil,NA,Roraima,1805788,37,0,33188,513
2020-08-04,Brazil,NA,Roraima,1805788,6,15,33194,528
2020-08-05,Brazil,NA,Roraima,1805788,1102,4,34296,532
2020-08-06,Brazil,NA,Roraima,1805788,633,6,34929,538
2020-08-07,Brazil,NA,Roraima,1805788,611,6,35540,544
2020-08-08,Brazil,NA,Roraima,1805788,393,3,35933,547
2020-08-09,Brazil,NA,Roraima,1805788,454,0,36387,547
2020-08-10,Brazil,NA,Roraima,1805788,62,0,36449,547
2020-08-11,Brazil,NA,Roraima,1805788,557,4,37006,551
2020-08-12,Brazil,NA,Roraima,1805788,573,4,37579,555
2020-08-13,Brazil,NA,Roraima,1805788,691,6,38270,561
2020-08-14,Brazil,NA,Roraima,1805788,627,4,38897,565
2020-08-15,Brazil,NA,Roraima,1805788,500,3,39397,568
2020-08-16,Brazil,NA,Roraima,1805788,226,0,39623,568
2020-08-17,Brazil,NA,Roraima,1805788,42,0,39665,568
2020-08-18,Brazil,NA,Roraima,1805788,518,6,40183,574
2020-08-19,Brazil,NA,Roraima,1805788,318,1,40501,575
2020-08-20,Brazil,NA,Roraima,1805788,488,1,40989,576
2020-08-21,Brazil,NA,Roraima,1805788,202,0,41191,576
2020-08-22,Brazil,NA,Roraima,1805788,336,3,41527,579
2020-08-23,Brazil,NA,Roraima,1805788,203,0,41730,579
2020-08-24,Brazil,NA,Roraima,1805788,40,0,41770,579
2020-08-25,Brazil,NA,Roraima,1805788,274,3,42044,582
2020-08-26,Brazil,NA,Roraima,1805788,315,0,42359,582
2020-08-27,Brazil,NA,Roraima,1805788,331,4,42690,586
2020-08-28,Brazil,NA,Roraima,1805788,307,1,42997,587
2020-08-29,Brazil,NA,Roraima,1805788,302,0,43299,587
2020-08-30,Brazil,NA,Roraima,1805788,171,0,43470,587
2020-08-31,Brazil,NA,Roraima,1805788,48,0,43518,587
2020-09-01,Brazil,NA,Roraima,1805788,189,6,43707,593
2020-09-02,Brazil,NA,Roraima,1805788,329,2,44036,595
2020-09-03,Brazil,NA,Roraima,1805788,298,1,44334,596
2020-09-04,Brazil,NA,Roraima,1805788,331,2,44665,598
2020-09-05,Brazil,NA,Roraima,1805788,310,0,44975,598
2020-09-06,Brazil,NA,Roraima,1805788,162,0,45137,598
2020-09-07,Brazil,NA,Roraima,1805788,116,0,45253,598
2020-09-08,Brazil,NA,Roraima,1805788,49,0,45302,598
2020-09-09,Brazil,NA,Roraima,1805788,203,7,45505,605
2020-09-10,Brazil,NA,Roraima,1805788,350,2,45855,607
2020-09-11,Brazil,NA,Roraima,1805788,247,2,46102,609
2020-09-12,Brazil,NA,Roraima,1805788,246,1,46348,610
2020-09-13,Brazil,NA,Roraima,1805788,130,0,46478,610
2020-09-14,Brazil,NA,Roraima,1805788,67,0,46545,610
2020-09-15,Brazil,NA,Roraima,1805788,303,1,46848,611
2020-03-19,Brazil,NA,Santa Catarina,7001161,10,0,20,0
2020-03-20,Brazil,NA,Santa Catarina,7001161,1,0,21,0
2020-03-21,Brazil,NA,Santa Catarina,7001161,30,0,51,0
2020-03-22,Brazil,NA,Santa Catarina,7001161,6,0,57,0
2020-03-23,Brazil,NA,Santa Catarina,7001161,11,0,68,0
2020-03-24,Brazil,NA,Santa Catarina,7001161,39,0,107,0
2020-03-25,Brazil,NA,Santa Catarina,7001161,2,0,109,0
2020-03-26,Brazil,NA,Santa Catarina,7001161,13,1,122,1
2020-03-27,Brazil,NA,Santa Catarina,7001161,27,0,149,1
2020-03-28,Brazil,NA,Santa Catarina,7001161,35,0,184,1
2020-03-29,Brazil,NA,Santa Catarina,7001161,10,0,194,1
2020-03-30,Brazil,NA,Santa Catarina,7001161,3,0,197,1
2020-03-31,Brazil,NA,Santa Catarina,7001161,22,1,219,2
2020-04-01,Brazil,NA,Santa Catarina,7001161,16,0,235,2
2020-04-02,Brazil,NA,Santa Catarina,7001161,12,0,247,2
2020-04-03,Brazil,NA,Santa Catarina,7001161,34,3,281,5
2020-04-04,Brazil,NA,Santa Catarina,7001161,53,0,334,5
2020-04-05,Brazil,NA,Santa Catarina,7001161,23,5,357,10
2020-04-06,Brazil,NA,Santa Catarina,7001161,22,0,379,10
2020-04-07,Brazil,NA,Santa Catarina,7001161,38,1,417,11
2020-04-08,Brazil,NA,Santa Catarina,7001161,40,4,457,15
2020-04-09,Brazil,NA,Santa Catarina,7001161,44,2,501,17
2020-04-10,Brazil,NA,Santa Catarina,7001161,192,1,693,18
2020-04-11,Brazil,NA,Santa Catarina,7001161,39,3,732,21
2020-04-12,Brazil,NA,Santa Catarina,7001161,36,3,768,24
2020-04-13,Brazil,NA,Santa Catarina,7001161,9,0,777,24
2020-04-14,Brazil,NA,Santa Catarina,7001161,49,2,826,26
2020-04-15,Brazil,NA,Santa Catarina,7001161,27,2,853,28
2020-04-16,Brazil,NA,Santa Catarina,7001161,31,1,884,29
2020-04-17,Brazil,NA,Santa Catarina,7001161,42,1,926,30
2020-04-18,Brazil,NA,Santa Catarina,7001161,36,1,962,31
2020-04-19,Brazil,NA,Santa Catarina,7001161,13,1,975,32
2020-04-20,Brazil,NA,Santa Catarina,7001161,50,3,1025,35
2020-04-21,Brazil,NA,Santa Catarina,7001161,38,0,1063,35
2020-04-22,Brazil,NA,Santa Catarina,7001161,28,2,1091,37
2020-04-23,Brazil,NA,Santa Catarina,7001161,24,2,1115,39
2020-04-24,Brazil,NA,Santa Catarina,7001161,55,3,1170,42
2020-04-25,Brazil,NA,Santa Catarina,7001161,39,0,1209,42
2020-04-26,Brazil,NA,Santa Catarina,7001161,26,0,1235,42
2020-04-27,Brazil,NA,Santa Catarina,7001161,102,1,1337,43
2020-04-28,Brazil,NA,Santa Catarina,7001161,139,1,1476,44
2020-04-29,Brazil,NA,Santa Catarina,7001161,519,0,1995,44
2020-04-30,Brazil,NA,Santa Catarina,7001161,90,2,2085,46
2020-05-01,Brazil,NA,Santa Catarina,7001161,19,2,2104,48
2020-05-02,Brazil,NA,Santa Catarina,7001161,242,4,2346,52
2020-05-03,Brazil,NA,Santa Catarina,7001161,0,0,2346,52
2020-05-04,Brazil,NA,Santa Catarina,7001161,173,0,2519,52
2020-05-05,Brazil,NA,Santa Catarina,7001161,104,3,2623,55
2020-05-06,Brazil,NA,Santa Catarina,7001161,294,4,2917,59
2020-05-07,Brazil,NA,Santa Catarina,7001161,165,4,3082,63
2020-05-08,Brazil,NA,Santa Catarina,7001161,123,0,3205,63
2020-05-09,Brazil,NA,Santa Catarina,7001161,167,1,3372,64
2020-05-10,Brazil,NA,Santa Catarina,7001161,57,1,3429,65
2020-05-11,Brazil,NA,Santa Catarina,7001161,100,4,3529,69
2020-05-12,Brazil,NA,Santa Catarina,7001161,204,4,3733,73
2020-05-13,Brazil,NA,Santa Catarina,7001161,95,0,3828,73
2020-05-14,Brazil,NA,Santa Catarina,7001161,504,5,4332,78
2020-05-15,Brazil,NA,Santa Catarina,7001161,230,1,4562,79
2020-05-16,Brazil,NA,Santa Catarina,7001161,116,2,4678,81
2020-05-17,Brazil,NA,Santa Catarina,7001161,98,2,4776,83
2020-05-18,Brazil,NA,Santa Catarina,7001161,399,2,5175,85
2020-05-19,Brazil,NA,Santa Catarina,7001161,238,6,5413,91
2020-05-20,Brazil,NA,Santa Catarina,7001161,86,3,5499,94
2020-05-21,Brazil,NA,Santa Catarina,7001161,111,4,5610,98
2020-05-22,Brazil,NA,Santa Catarina,7001161,848,2,6458,100
2020-05-23,Brazil,NA,Santa Catarina,7001161,149,3,6607,103
2020-05-24,Brazil,NA,Santa Catarina,7001161,89,2,6696,105
2020-05-25,Brazil,NA,Santa Catarina,7001161,179,4,6875,109
2020-05-26,Brazil,NA,Santa Catarina,7001161,141,12,7016,121
2020-05-27,Brazil,NA,Santa Catarina,7001161,356,5,7372,126
2020-05-28,Brazil,NA,Santa Catarina,7001161,628,5,8000,131
2020-05-29,Brazil,NA,Santa Catarina,7001161,530,3,8530,134
2020-05-30,Brazil,NA,Santa Catarina,7001161,248,2,8778,136
2020-05-31,Brazil,NA,Santa Catarina,7001161,259,7,9037,143
2020-06-01,Brazil,NA,Santa Catarina,7001161,461,3,9498,146
2020-06-02,Brazil,NA,Santa Catarina,7001161,162,2,9660,148
2020-06-03,Brazil,NA,Santa Catarina,7001161,374,4,10034,152
2020-06-04,Brazil,NA,Santa Catarina,7001161,498,4,10532,156
2020-06-05,Brazil,NA,Santa Catarina,7001161,314,3,10846,159
2020-06-06,Brazil,NA,Santa Catarina,7001161,439,7,11285,166
2020-06-07,Brazil,NA,Santa Catarina,7001161,280,5,11565,171
2020-06-08,Brazil,NA,Santa Catarina,7001161,0,0,11565,171
2020-06-09,Brazil,NA,Santa Catarina,7001161,627,8,12192,179
2020-06-10,Brazil,NA,Santa Catarina,7001161,402,5,12594,184
2020-06-11,Brazil,NA,Santa Catarina,7001161,359,2,12953,186
2020-06-12,Brazil,NA,Santa Catarina,7001161,212,5,13165,191
2020-06-13,Brazil,NA,Santa Catarina,7001161,131,2,13296,193
2020-06-14,Brazil,NA,Santa Catarina,7001161,64,2,13360,195
2020-06-15,Brazil,NA,Santa Catarina,7001161,600,4,13960,199
2020-06-16,Brazil,NA,Santa Catarina,7001161,442,13,14402,212
2020-06-17,Brazil,NA,Santa Catarina,7001161,613,4,15015,216
2020-06-18,Brazil,NA,Santa Catarina,7001161,558,6,15573,222
2020-06-19,Brazil,NA,Santa Catarina,7001161,749,12,16322,234
2020-06-20,Brazil,NA,Santa Catarina,7001161,786,3,17108,237
2020-06-21,Brazil,NA,Santa Catarina,7001161,474,9,17582,246
2020-06-22,Brazil,NA,Santa Catarina,7001161,355,10,17937,256
2020-06-23,Brazil,NA,Santa Catarina,7001161,1307,7,19244,263
2020-06-24,Brazil,NA,Santa Catarina,7001161,1677,16,20921,279
2020-06-25,Brazil,NA,Santa Catarina,7001161,1030,10,21951,289
2020-06-26,Brazil,NA,Santa Catarina,7001161,996,9,22947,298
2020-06-27,Brazil,NA,Santa Catarina,7001161,861,6,23808,304
2020-06-28,Brazil,NA,Santa Catarina,7001161,556,8,24364,312
2020-06-29,Brazil,NA,Santa Catarina,7001161,692,12,25056,324
2020-06-30,Brazil,NA,Santa Catarina,7001161,1298,17,26354,341
2020-07-01,Brazil,NA,Santa Catarina,7001161,925,6,27279,347
2020-07-02,Brazil,NA,Santa Catarina,7001161,1296,15,28575,362
2020-07-03,Brazil,NA,Santa Catarina,7001161,1686,14,30261,376
2020-07-04,Brazil,NA,Santa Catarina,7001161,1670,7,31931,383
2020-07-05,Brazil,NA,Santa Catarina,7001161,1038,10,32969,393
2020-07-06,Brazil,NA,Santa Catarina,7001161,853,13,33822,406
2020-07-07,Brazil,NA,Santa Catarina,7001161,1520,13,35342,419
2020-07-08,Brazil,NA,Santa Catarina,7001161,1468,13,36810,432
2020-07-09,Brazil,NA,Santa Catarina,7001161,1598,15,38408,447
2020-07-10,Brazil,NA,Santa Catarina,7001161,1698,12,40106,459
2020-07-11,Brazil,NA,Santa Catarina,7001161,1920,26,42026,485
2020-07-12,Brazil,NA,Santa Catarina,7001161,1005,12,43031,497
2020-07-13,Brazil,NA,Santa Catarina,7001161,784,20,43815,517
2020-07-14,Brazil,NA,Santa Catarina,7001161,2235,17,46050,534
2020-07-15,Brazil,NA,Santa Catarina,7001161,1926,35,47976,569
2020-07-16,Brazil,NA,Santa Catarina,7001161,1805,19,49781,588
2020-07-17,Brazil,NA,Santa Catarina,7001161,1768,58,51549,646
2020-07-18,Brazil,NA,Santa Catarina,7001161,982,16,52531,662
2020-07-19,Brazil,NA,Santa Catarina,7001161,805,23,53336,685
2020-07-20,Brazil,NA,Santa Catarina,7001161,1078,9,54414,694
2020-07-21,Brazil,NA,Santa Catarina,7001161,2061,44,56475,738
2020-07-22,Brazil,NA,Santa Catarina,7001161,3081,27,59556,765
2020-07-23,Brazil,NA,Santa Catarina,7001161,2726,47,62282,812
2020-07-24,Brazil,NA,Santa Catarina,7001161,2735,32,65017,844
2020-07-25,Brazil,NA,Santa Catarina,7001161,2316,36,67333,880
2020-07-26,Brazil,NA,Santa Catarina,7001161,1397,27,68730,907
2020-07-27,Brazil,NA,Santa Catarina,7001161,1408,17,70138,924
2020-07-28,Brazil,NA,Santa Catarina,7001161,3633,36,73771,960
2020-07-29,Brazil,NA,Santa Catarina,7001161,3230,42,77001,1002
2020-07-30,Brazil,NA,Santa Catarina,7001161,3903,41,80904,1043
2020-07-31,Brazil,NA,Santa Catarina,7001161,3169,59,84073,1102
2020-08-01,Brazil,NA,Santa Catarina,7001161,2849,52,86922,1154
2020-08-02,Brazil,NA,Santa Catarina,7001161,1060,21,87982,1175
2020-08-03,Brazil,NA,Santa Catarina,7001161,907,21,88889,1196
2020-08-04,Brazil,NA,Santa Catarina,7001161,3268,39,92157,1235
2020-08-05,Brazil,NA,Santa Catarina,7001161,3253,71,95410,1306
2020-08-06,Brazil,NA,Santa Catarina,7001161,3224,51,98634,1357
2020-08-07,Brazil,NA,Santa Catarina,7001161,2948,43,101582,1400
2020-08-08,Brazil,NA,Santa Catarina,7001161,3167,19,104749,1419
2020-08-09,Brazil,NA,Santa Catarina,7001161,1186,26,105935,1445
2020-08-10,Brazil,NA,Santa Catarina,7001161,993,96,106928,1541
2020-08-11,Brazil,NA,Santa Catarina,7001161,2594,78,109522,1619
2020-08-12,Brazil,NA,Santa Catarina,7001161,2879,18,112401,1637
2020-08-13,Brazil,NA,Santa Catarina,7001161,2631,59,115032,1696
2020-08-14,Brazil,NA,Santa Catarina,7001161,3151,46,118183,1742
2020-08-15,Brazil,NA,Santa Catarina,7001161,1818,25,120001,1767
2020-08-16,Brazil,NA,Santa Catarina,7001161,879,30,120880,1797
2020-08-17,Brazil,NA,Santa Catarina,7001161,786,42,121666,1839
2020-08-18,Brazil,NA,Santa Catarina,7001161,2647,44,124313,1883
2020-08-19,Brazil,NA,Santa Catarina,7001161,2537,35,126850,1918
2020-08-20,Brazil,NA,Santa Catarina,7001161,2222,42,129072,1960
2020-08-21,Brazil,NA,Santa Catarina,7001161,1277,35,130349,1995
2020-08-22,Brazil,NA,Santa Catarina,7001161,1659,32,132008,2027
2020-08-23,Brazil,NA,Santa Catarina,7001161,484,15,132492,2042
2020-08-24,Brazil,NA,Santa Catarina,7001161,1041,24,133533,2066
2020-08-25,Brazil,NA,Santa Catarina,7001161,2157,50,135690,2116
2020-08-26,Brazil,NA,Santa Catarina,7001161,1870,26,137560,2142
2020-08-27,Brazil,NA,Santa Catarina,7001161,2078,28,139638,2170
2020-08-28,Brazil,NA,Santa Catarina,7001161,2054,23,141692,2193
2020-08-29,Brazil,NA,Santa Catarina,7001161,4712,25,146404,2218
2020-08-30,Brazil,NA,Santa Catarina,7001161,460,17,146864,2235
2020-08-31,Brazil,NA,Santa Catarina,7001161,30913,25,177777,2260
2020-09-01,Brazil,NA,Santa Catarina,7001161,2697,41,180474,2301
2020-09-02,Brazil,NA,Santa Catarina,7001161,2048,24,182522,2325
2020-09-03,Brazil,NA,Santa Catarina,7001161,1682,27,184204,2352
2020-09-04,Brazil,NA,Santa Catarina,7001161,2392,24,186596,2376
2020-09-05,Brazil,NA,Santa Catarina,7001161,1765,24,188361,2400
2020-09-06,Brazil,NA,Santa Catarina,7001161,667,5,189028,2405
2020-09-07,Brazil,NA,Santa Catarina,7001161,449,17,189477,2422
2020-09-08,Brazil,NA,Santa Catarina,7001161,920,20,190397,2442
2020-09-09,Brazil,NA,Santa Catarina,7001161,2585,18,192982,2460
2020-09-10,Brazil,NA,Santa Catarina,7001161,1194,23,194176,2483
2020-09-11,Brazil,NA,Santa Catarina,7001161,1525,14,195701,2497
2020-09-12,Brazil,NA,Santa Catarina,7001161,1363,18,197064,2515
2020-09-13,Brazil,NA,Santa Catarina,7001161,681,14,197745,2529
2020-09-14,Brazil,NA,Santa Catarina,7001161,895,14,198640,2543
2020-09-15,Brazil,NA,Santa Catarina,7001161,1601,26,200241,2569
2020-03-07,Brazil,NA,Sao Paulo,45094866,3,0,13,0
2020-03-08,Brazil,NA,Sao Paulo,45094866,3,0,16,0
2020-03-09,Brazil,NA,Sao Paulo,45094866,0,0,16,0
2020-03-10,Brazil,NA,Sao Paulo,45094866,3,0,19,0
2020-03-11,Brazil,NA,Sao Paulo,45094866,11,0,30,0
2020-03-12,Brazil,NA,Sao Paulo,45094866,12,0,42,0
2020-03-13,Brazil,NA,Sao Paulo,45094866,14,0,56,0
2020-03-14,Brazil,NA,Sao Paulo,45094866,9,0,65,0
2020-03-15,Brazil,NA,Sao Paulo,45094866,71,0,136,0
2020-03-16,Brazil,NA,Sao Paulo,45094866,16,0,152,0
2020-03-17,Brazil,NA,Sao Paulo,45094866,12,1,164,1
2020-03-18,Brazil,NA,Sao Paulo,45094866,76,3,240,4
2020-03-19,Brazil,NA,Sao Paulo,45094866,46,0,286,4
2020-03-20,Brazil,NA,Sao Paulo,45094866,110,5,396,9
2020-03-21,Brazil,NA,Sao Paulo,45094866,63,6,459,15
2020-03-22,Brazil,NA,Sao Paulo,45094866,172,7,631,22
2020-03-23,Brazil,NA,Sao Paulo,45094866,114,8,745,30
2020-03-24,Brazil,NA,Sao Paulo,45094866,65,10,810,40
2020-03-25,Brazil,NA,Sao Paulo,45094866,52,8,862,48
2020-03-26,Brazil,NA,Sao Paulo,45094866,190,10,1052,58
2020-03-27,Brazil,NA,Sao Paulo,45094866,171,10,1223,68
2020-03-28,Brazil,NA,Sao Paulo,45094866,183,16,1406,84
2020-03-29,Brazil,NA,Sao Paulo,45094866,45,14,1451,98
2020-03-30,Brazil,NA,Sao Paulo,45094866,66,15,1517,113
2020-03-31,Brazil,NA,Sao Paulo,45094866,822,23,2339,136
2020-04-01,Brazil,NA,Sao Paulo,45094866,642,28,2981,164
2020-04-02,Brazil,NA,Sao Paulo,45094866,525,24,3506,188
2020-04-03,Brazil,NA,Sao Paulo,45094866,542,31,4048,219
2020-04-04,Brazil,NA,Sao Paulo,45094866,418,41,4466,260
2020-04-05,Brazil,NA,Sao Paulo,45094866,154,15,4620,275
2020-04-06,Brazil,NA,Sao Paulo,45094866,246,29,4866,304
2020-04-07,Brazil,NA,Sao Paulo,45094866,816,67,5682,371
2020-04-08,Brazil,NA,Sao Paulo,45094866,1026,57,6708,428
2020-04-09,Brazil,NA,Sao Paulo,45094866,772,68,7480,496
2020-04-10,Brazil,NA,Sao Paulo,45094866,736,44,8216,540
2020-04-11,Brazil,NA,Sao Paulo,45094866,203,20,8419,560
2020-04-12,Brazil,NA,Sao Paulo,45094866,336,28,8755,588
2020-04-13,Brazil,NA,Sao Paulo,45094866,140,20,8895,608
2020-04-14,Brazil,NA,Sao Paulo,45094866,476,87,9371,695
2020-04-15,Brazil,NA,Sao Paulo,45094866,1672,83,11043,778
2020-04-16,Brazil,NA,Sao Paulo,45094866,525,75,11568,853
2020-04-17,Brazil,NA,Sao Paulo,45094866,1273,75,12841,928
2020-04-18,Brazil,NA,Sao Paulo,45094866,1053,63,13894,991
2020-04-19,Brazil,NA,Sao Paulo,45094866,373,24,14267,1015
2020-04-20,Brazil,NA,Sao Paulo,45094866,313,22,14580,1037
2020-04-21,Brazil,NA,Sao Paulo,45094866,805,56,15385,1093
2020-04-22,Brazil,NA,Sao Paulo,45094866,529,41,15914,1134
2020-04-23,Brazil,NA,Sao Paulo,45094866,826,211,16740,1345
2020-04-24,Brazil,NA,Sao Paulo,45094866,1086,167,17826,1512
2020-04-25,Brazil,NA,Sao Paulo,45094866,2178,155,20004,1667
2020-04-26,Brazil,NA,Sao Paulo,45094866,711,33,20715,1700
2020-04-27,Brazil,NA,Sao Paulo,45094866,981,125,21696,1825
2020-04-28,Brazil,NA,Sao Paulo,45094866,2345,224,24041,2049
2020-04-29,Brazil,NA,Sao Paulo,45094866,2117,198,26158,2247
2020-04-30,Brazil,NA,Sao Paulo,45094866,2540,128,28698,2375
2020-05-01,Brazil,NA,Sao Paulo,45094866,1676,136,30374,2511
2020-05-02,Brazil,NA,Sao Paulo,45094866,800,75,31174,2586
2020-05-03,Brazil,NA,Sao Paulo,45094866,598,41,31772,2627
2020-05-04,Brazil,NA,Sao Paulo,45094866,415,27,32187,2654
2020-05-05,Brazil,NA,Sao Paulo,45094866,1866,197,34053,2851
2020-05-06,Brazil,NA,Sao Paulo,45094866,3800,194,37853,3045
2020-05-07,Brazil,NA,Sao Paulo,45094866,2075,161,39928,3206
2020-05-08,Brazil,NA,Sao Paulo,45094866,1902,210,41830,3416
2020-05-09,Brazil,NA,Sao Paulo,45094866,2581,192,44411,3608
2020-05-10,Brazil,NA,Sao Paulo,45094866,1033,101,45444,3709
2020-05-11,Brazil,NA,Sao Paulo,45094866,687,34,46131,3743
2020-05-12,Brazil,NA,Sao Paulo,45094866,1588,206,47719,3949
2020-05-13,Brazil,NA,Sao Paulo,45094866,3378,169,51097,4118
2020-05-14,Brazil,NA,Sao Paulo,45094866,3189,197,54286,4315
2020-05-15,Brazil,NA,Sao Paulo,45094866,4092,186,58378,4501
2020-05-16,Brazil,NA,Sao Paulo,45094866,2805,187,61183,4688
2020-05-17,Brazil,NA,Sao Paulo,45094866,1162,94,62345,4782
2020-05-18,Brazil,NA,Sao Paulo,45094866,721,41,63066,4823
2020-05-19,Brazil,NA,Sao Paulo,45094866,2929,324,65995,5147
2020-05-20,Brazil,NA,Sao Paulo,45094866,3864,216,69859,5363
2020-05-21,Brazil,NA,Sao Paulo,45094866,3880,195,73739,5558
2020-05-22,Brazil,NA,Sao Paulo,45094866,3132,215,76871,5773
2020-05-23,Brazil,NA,Sao Paulo,45094866,3687,272,80558,6045
2020-05-24,Brazil,NA,Sao Paulo,45094866,1603,118,82161,6163
2020-05-25,Brazil,NA,Sao Paulo,45094866,1464,57,83625,6220
2020-05-26,Brazil,NA,Sao Paulo,45094866,2392,203,86017,6423
2020-05-27,Brazil,NA,Sao Paulo,45094866,3466,289,89483,6712
2020-05-28,Brazil,NA,Sao Paulo,45094866,6382,268,95865,6980
2020-05-29,Brazil,NA,Sao Paulo,45094866,5691,295,101556,7275
2020-05-30,Brazil,NA,Sao Paulo,45094866,5586,257,107142,7532
2020-05-31,Brazil,NA,Sao Paulo,45094866,2556,83,109698,7615
2020-06-01,Brazil,NA,Sao Paulo,45094866,1598,52,111296,7667
2020-06-02,Brazil,NA,Sao Paulo,45094866,6999,327,118295,7994
2020-06-03,Brazil,NA,Sao Paulo,45094866,5188,282,123483,8276
2020-06-04,Brazil,NA,Sao Paulo,45094866,5717,284,129200,8560
2020-06-05,Brazil,NA,Sao Paulo,45094866,5365,282,134565,8842
2020-06-06,Brazil,NA,Sao Paulo,45094866,5984,216,140549,9058
2020-06-07,Brazil,NA,Sao Paulo,45094866,2524,87,143073,9145
2020-06-08,Brazil,NA,Sao Paulo,45094866,1520,43,144593,9188
2020-06-09,Brazil,NA,Sao Paulo,45094866,5545,334,150138,9522
2020-06-10,Brazil,NA,Sao Paulo,45094866,6178,340,156316,9862
2020-06-11,Brazil,NA,Sao Paulo,45094866,6204,283,162520,10145
2020-06-12,Brazil,NA,Sao Paulo,45094866,5380,223,167900,10368
2020-06-13,Brazil,NA,Sao Paulo,45094866,4975,213,172875,10581
2020-06-14,Brazil,NA,Sao Paulo,45094866,5327,113,178202,10694
2020-06-15,Brazil,NA,Sao Paulo,45094866,3258,73,181460,10767
2020-06-16,Brazil,NA,Sao Paulo,45094866,8825,365,190285,11132
2020-06-17,Brazil,NA,Sao Paulo,45094866,1232,389,191517,11521
2020-06-18,Brazil,NA,Sao Paulo,45094866,1111,325,192628,11846
2020-06-19,Brazil,NA,Sao Paulo,45094866,19030,386,211658,12232
2020-06-20,Brazil,NA,Sao Paulo,45094866,4135,262,215793,12494
2020-06-21,Brazil,NA,Sao Paulo,45094866,3392,94,219185,12588
2020-06-22,Brazil,NA,Sao Paulo,45094866,2788,46,221973,12634
2020-06-23,Brazil,NA,Sao Paulo,45094866,7502,434,229475,13068
2020-06-24,Brazil,NA,Sao Paulo,45094866,9347,284,238822,13352
2020-06-25,Brazil,NA,Sao Paulo,45094866,9765,407,248587,13759
2020-06-26,Brazil,NA,Sao Paulo,45094866,9921,207,258508,13966
2020-06-27,Brazil,NA,Sao Paulo,45094866,7073,297,265581,14263
2020-06-28,Brazil,NA,Sao Paulo,45094866,6156,75,271737,14338
2020-06-29,Brazil,NA,Sao Paulo,45094866,3408,60,275145,14398
2020-06-30,Brazil,NA,Sao Paulo,45094866,6235,365,281380,14763
2020-07-01,Brazil,NA,Sao Paulo,45094866,8555,267,289935,15030
2020-07-02,Brazil,NA,Sao Paulo,45094866,12244,321,302179,15351
2020-07-03,Brazil,NA,Sao Paulo,45094866,8523,343,310702,15694
2020-07-04,Brazil,NA,Sao Paulo,45094866,1828,302,312530,15996
2020-07-05,Brazil,NA,Sao Paulo,45094866,7649,82,320179,16078
2020-07-06,Brazil,NA,Sao Paulo,45094866,2891,56,323070,16134
2020-07-07,Brazil,NA,Sao Paulo,45094866,9638,341,332708,16475
2020-07-08,Brazil,NA,Sao Paulo,45094866,8657,313,341365,16788
2020-07-09,Brazil,NA,Sao Paulo,45094866,8350,330,349715,17118
2020-07-10,Brazil,NA,Sao Paulo,45094866,9395,324,359110,17442
2020-07-11,Brazil,NA,Sao Paulo,45094866,7780,260,366890,17702
2020-07-12,Brazil,NA,Sao Paulo,45094866,5107,146,371997,17848
2020-07-13,Brazil,NA,Sao Paulo,45094866,2610,59,374607,17907
2020-07-14,Brazil,NA,Sao Paulo,45094866,12000,417,386607,18324
2020-07-15,Brazil,NA,Sao Paulo,45094866,6569,316,393176,18640
2020-07-16,Brazil,NA,Sao Paulo,45094866,8872,398,402048,19038
2020-07-17,Brazil,NA,Sao Paulo,45094866,5367,339,407415,19377
2020-07-18,Brazil,NA,Sao Paulo,45094866,4612,270,412027,19647
2020-07-19,Brazil,NA,Sao Paulo,45094866,3022,85,415049,19732
2020-07-20,Brazil,NA,Sao Paulo,45094866,1385,56,416434,19788
2020-07-21,Brazil,NA,Sao Paulo,45094866,6235,383,422669,20171
2020-07-22,Brazil,NA,Sao Paulo,45094866,16777,361,439446,20532
2020-07-23,Brazil,NA,Sao Paulo,45094866,12561,362,452007,20894
2020-07-24,Brazil,NA,Sao Paulo,45094866,11211,312,463218,21206
2020-07-25,Brazil,NA,Sao Paulo,45094866,16263,311,479481,21517
2020-07-26,Brazil,NA,Sao Paulo,45094866,4501,89,483982,21606
2020-07-27,Brazil,NA,Sao Paulo,45094866,3672,70,487654,21676
2020-07-28,Brazil,NA,Sao Paulo,45094866,0,0,487654,21676
2020-07-29,Brazil,NA,Sao Paulo,45094866,26543,713,514197,22389
2020-07-30,Brazil,NA,Sao Paulo,45094866,14809,321,529006,22710
2020-07-31,Brazil,NA,Sao Paulo,45094866,13298,287,542304,22997
2020-08-01,Brazil,NA,Sao Paulo,45094866,10014,239,552318,23236
2020-08-02,Brazil,NA,Sao Paulo,45094866,6367,81,558685,23317
2020-08-03,Brazil,NA,Sao Paulo,45094866,1533,48,560218,23365
2020-08-04,Brazil,NA,Sao Paulo,45094866,15371,337,575589,23702
2020-08-05,Brazil,NA,Sao Paulo,45094866,9676,407,585265,24109
2020-08-06,Brazil,NA,Sao Paulo,45094866,13405,339,598670,24448
2020-08-07,Brazil,NA,Sao Paulo,45094866,9709,287,608379,24735
2020-08-08,Brazil,NA,Sao Paulo,45094866,13352,281,621731,25016
2020-08-09,Brazil,NA,Sao Paulo,45094866,5395,98,627126,25114
2020-08-10,Brazil,NA,Sao Paulo,45094866,1289,37,628415,25151
2020-08-11,Brazil,NA,Sao Paulo,45094866,11147,420,639562,25571
2020-08-12,Brazil,NA,Sao Paulo,45094866,15619,298,655181,25869
2020-08-13,Brazil,NA,Sao Paulo,45094866,19274,455,674455,26324
2020-08-14,Brazil,NA,Sao Paulo,45094866,11667,289,686122,26613
2020-08-15,Brazil,NA,Sao Paulo,45094866,11408,167,697530,26780
2020-08-16,Brazil,NA,Sao Paulo,45094866,1963,72,699493,26852
2020-08-17,Brazil,NA,Sao Paulo,45094866,3172,47,702665,26899
2020-08-18,Brazil,NA,Sao Paulo,45094866,8865,416,711530,27315
2020-08-19,Brazil,NA,Sao Paulo,45094866,9847,276,721377,27591
2020-08-20,Brazil,NA,Sao Paulo,45094866,9451,314,730828,27905
2020-08-21,Brazil,NA,Sao Paulo,45094866,5132,250,735960,28155
2020-08-22,Brazil,NA,Sao Paulo,45094866,13284,237,749244,28392
2020-08-23,Brazil,NA,Sao Paulo,45094866,4885,75,754129,28467
2020-08-24,Brazil,NA,Sao Paulo,45094866,2351,38,756480,28505
2020-08-25,Brazil,NA,Sao Paulo,45094866,9190,407,765670,28912
2020-08-26,Brazil,NA,Sao Paulo,45094866,10465,282,776135,29194
2020-08-27,Brazil,NA,Sao Paulo,45094866,8318,221,784453,29415
2020-08-28,Brazil,NA,Sao Paulo,45094866,11756,279,796209,29694
2020-08-29,Brazil,NA,Sao Paulo,45094866,5213,250,801422,29944
2020-08-30,Brazil,NA,Sao Paulo,45094866,1982,34,803404,29978
2020-08-31,Brazil,NA,Sao Paulo,45094866,938,36,804342,30014
2020-09-01,Brazil,NA,Sao Paulo,45094866,10033,361,814375,30375
2020-09-02,Brazil,NA,Sao Paulo,45094866,11956,298,826331,30673
2020-09-03,Brazil,NA,Sao Paulo,45094866,11647,232,837978,30905
2020-09-04,Brazil,NA,Sao Paulo,45094866,7038,186,845016,31091
2020-09-05,Brazil,NA,Sao Paulo,45094866,8069,222,853085,31313
2020-09-06,Brazil,NA,Sao Paulo,45094866,2637,40,855722,31353
2020-09-07,Brazil,NA,Sao Paulo,45094866,1608,24,857330,31377
2020-09-08,Brazil,NA,Sao Paulo,45094866,1453,53,858783,31430
2020-09-09,Brazil,NA,Sao Paulo,45094866,7793,391,866576,31821
2020-09-10,Brazil,NA,Sao Paulo,45094866,8178,283,874754,32104
2020-09-11,Brazil,NA,Sao Paulo,45094866,8055,234,882809,32338
2020-09-12,Brazil,NA,Sao Paulo,45094866,7881,229,890690,32567
2020-09-13,Brazil,NA,Sao Paulo,45094866,1567,39,892257,32606
2020-09-14,Brazil,NA,Sao Paulo,45094866,1092,36,893349,32642
2020-09-15,Brazil,NA,Sao Paulo,45094866,7922,321,901271,32963
2020-03-24,Brazil,NA,Sergipe,2288116,5,0,15,0
2020-03-25,Brazil,NA,Sergipe,2288116,1,0,16,0
2020-03-26,Brazil,NA,Sergipe,2288116,0,0,16,0
2020-03-27,Brazil,NA,Sergipe,2288116,0,0,16,0
2020-03-28,Brazil,NA,Sergipe,2288116,0,0,16,0
2020-03-29,Brazil,NA,Sergipe,2288116,0,0,16,0
2020-03-30,Brazil,NA,Sergipe,2288116,0,0,16,0
2020-03-31,Brazil,NA,Sergipe,2288116,3,0,19,0
2020-04-01,Brazil,NA,Sergipe,2288116,1,0,20,0
2020-04-02,Brazil,NA,Sergipe,2288116,3,2,23,2
2020-04-03,Brazil,NA,Sergipe,2288116,2,0,25,2
2020-04-04,Brazil,NA,Sergipe,2288116,2,0,27,2
2020-04-05,Brazil,NA,Sergipe,2288116,5,1,32,3
2020-04-06,Brazil,NA,Sergipe,2288116,0,1,32,4
2020-04-07,Brazil,NA,Sergipe,2288116,4,0,36,4
2020-04-08,Brazil,NA,Sergipe,2288116,0,0,36,4
2020-04-09,Brazil,NA,Sergipe,2288116,3,0,39,4
2020-04-10,Brazil,NA,Sergipe,2288116,3,0,42,4
2020-04-11,Brazil,NA,Sergipe,2288116,0,0,42,4
2020-04-12,Brazil,NA,Sergipe,2288116,2,0,44,4
2020-04-13,Brazil,NA,Sergipe,2288116,0,0,44,4
2020-04-14,Brazil,NA,Sergipe,2288116,1,0,45,4
2020-04-15,Brazil,NA,Sergipe,2288116,1,0,46,4
2020-04-16,Brazil,NA,Sergipe,2288116,2,0,48,4
2020-04-17,Brazil,NA,Sergipe,2288116,5,0,53,4
2020-04-18,Brazil,NA,Sergipe,2288116,18,1,71,5
2020-04-19,Brazil,NA,Sergipe,2288116,12,0,83,5
2020-04-20,Brazil,NA,Sergipe,2288116,3,0,86,5
2020-04-21,Brazil,NA,Sergipe,2288116,6,0,92,5
2020-04-22,Brazil,NA,Sergipe,2288116,25,2,117,7
2020-04-23,Brazil,NA,Sergipe,2288116,7,1,124,8
2020-04-24,Brazil,NA,Sergipe,2288116,20,0,144,8
2020-04-25,Brazil,NA,Sergipe,2288116,9,1,153,9
2020-04-26,Brazil,NA,Sergipe,2288116,6,0,159,9
2020-04-27,Brazil,NA,Sergipe,2288116,38,1,197,10
2020-04-28,Brazil,NA,Sergipe,2288116,83,1,280,11
2020-04-29,Brazil,NA,Sergipe,2288116,57,1,337,12
2020-04-30,Brazil,NA,Sergipe,2288116,110,0,447,12
2020-05-01,Brazil,NA,Sergipe,2288116,70,2,517,14
2020-05-02,Brazil,NA,Sergipe,2288116,84,0,601,14
2020-05-03,Brazil,NA,Sergipe,2288116,129,0,730,14
2020-05-04,Brazil,NA,Sergipe,2288116,42,3,772,17
2020-05-05,Brazil,NA,Sergipe,2288116,126,4,898,21
2020-05-06,Brazil,NA,Sergipe,2288116,100,2,998,23
2020-05-07,Brazil,NA,Sergipe,2288116,216,2,1214,25
2020-05-08,Brazil,NA,Sergipe,2288116,224,3,1438,28
2020-05-09,Brazil,NA,Sergipe,2288116,150,5,1588,33
2020-05-10,Brazil,NA,Sergipe,2288116,183,1,1771,34
2020-05-11,Brazil,NA,Sergipe,2288116,29,3,1800,37
2020-05-12,Brazil,NA,Sergipe,2288116,232,0,2032,37
2020-05-13,Brazil,NA,Sergipe,2288116,236,5,2268,42
2020-05-14,Brazil,NA,Sergipe,2288116,226,5,2494,47
2020-05-15,Brazil,NA,Sergipe,2288116,374,3,2868,50
2020-05-16,Brazil,NA,Sergipe,2288116,267,3,3135,53
2020-05-17,Brazil,NA,Sergipe,2288116,208,4,3343,57
2020-05-18,Brazil,NA,Sergipe,2288116,223,2,3566,59
2020-05-19,Brazil,NA,Sergipe,2288116,401,4,3967,63
2020-05-20,Brazil,NA,Sergipe,2288116,310,6,4277,69
2020-05-21,Brazil,NA,Sergipe,2288116,457,7,4734,76
2020-05-22,Brazil,NA,Sergipe,2288116,188,6,4922,82
2020-05-23,Brazil,NA,Sergipe,2288116,209,4,5131,86
2020-05-24,Brazil,NA,Sergipe,2288116,183,7,5314,93
2020-05-25,Brazil,NA,Sergipe,2288116,134,10,5448,103
2020-05-26,Brazil,NA,Sergipe,2288116,287,13,5735,116
2020-05-27,Brazil,NA,Sergipe,2288116,177,11,5912,127
2020-05-28,Brazil,NA,Sergipe,2288116,244,8,6156,135
2020-05-29,Brazil,NA,Sergipe,2288116,306,7,6462,142
2020-05-30,Brazil,NA,Sergipe,2288116,343,7,6805,149
2020-05-31,Brazil,NA,Sergipe,2288116,194,9,6999,158
2020-06-01,Brazil,NA,Sergipe,2288116,234,8,7233,166
2020-06-02,Brazil,NA,Sergipe,2288116,322,6,7555,172
2020-06-03,Brazil,NA,Sergipe,2288116,434,8,7989,180
2020-06-04,Brazil,NA,Sergipe,2288116,211,6,8200,186
2020-06-05,Brazil,NA,Sergipe,2288116,377,12,8577,198
2020-06-06,Brazil,NA,Sergipe,2288116,395,10,8972,208
2020-06-07,Brazil,NA,Sergipe,2288116,318,9,9290,217
2020-06-08,Brazil,NA,Sergipe,2288116,437,17,9727,234
2020-06-09,Brazil,NA,Sergipe,2288116,399,18,10126,252
2020-06-10,Brazil,NA,Sergipe,2288116,489,12,10615,264
2020-06-11,Brazil,NA,Sergipe,2288116,441,19,11056,283
2020-06-12,Brazil,NA,Sergipe,2288116,478,22,11534,305
2020-06-13,Brazil,NA,Sergipe,2288116,1332,11,12866,316
2020-06-14,Brazil,NA,Sergipe,2288116,1102,14,13968,330
2020-06-15,Brazil,NA,Sergipe,2288116,1707,22,15675,352
2020-06-16,Brazil,NA,Sergipe,2288116,635,12,16310,364
2020-06-17,Brazil,NA,Sergipe,2288116,497,19,16807,383
2020-06-18,Brazil,NA,Sergipe,2288116,531,17,17338,400
2020-06-19,Brazil,NA,Sergipe,2288116,470,26,17808,426
2020-06-20,Brazil,NA,Sergipe,2288116,641,22,18449,448
2020-06-21,Brazil,NA,Sergipe,2288116,536,14,18985,462
2020-06-22,Brazil,NA,Sergipe,2288116,399,29,19384,491
2020-06-23,Brazil,NA,Sergipe,2288116,499,20,19883,511
2020-06-24,Brazil,NA,Sergipe,2288116,470,13,20353,524
2020-06-25,Brazil,NA,Sergipe,2288116,728,30,21081,554
2020-06-26,Brazil,NA,Sergipe,2288116,827,25,21908,579
2020-06-27,Brazil,NA,Sergipe,2288116,1411,26,23319,605
2020-06-28,Brazil,NA,Sergipe,2288116,1102,15,24421,620
2020-06-29,Brazil,NA,Sergipe,2288116,396,33,24817,653
2020-06-30,Brazil,NA,Sergipe,2288116,594,23,25411,676
2020-07-01,Brazil,NA,Sergipe,2288116,504,25,25915,701
2020-07-02,Brazil,NA,Sergipe,2288116,697,24,26612,725
2020-07-03,Brazil,NA,Sergipe,2288116,1574,39,28186,764
2020-07-04,Brazil,NA,Sergipe,2288116,1575,19,29761,783
2020-07-05,Brazil,NA,Sergipe,2288116,456,15,30217,798
2020-07-06,Brazil,NA,Sergipe,2288116,501,28,30718,826
2020-07-07,Brazil,NA,Sergipe,2288116,922,25,31640,851
2020-07-08,Brazil,NA,Sergipe,2288116,850,24,32490,875
2020-07-09,Brazil,NA,Sergipe,2288116,926,26,33416,901
2020-07-10,Brazil,NA,Sergipe,2288116,1297,30,34713,931
2020-07-11,Brazil,NA,Sergipe,2288116,1333,23,36046,954
2020-07-12,Brazil,NA,Sergipe,2288116,1585,30,37631,984
2020-07-13,Brazil,NA,Sergipe,2288116,590,28,38221,1012
2020-07-14,Brazil,NA,Sergipe,2288116,946,21,39167,1033
2020-07-15,Brazil,NA,Sergipe,2288116,972,21,40139,1054
2020-07-16,Brazil,NA,Sergipe,2288116,1087,17,41226,1071
2020-07-17,Brazil,NA,Sergipe,2288116,662,17,41888,1088
2020-07-18,Brazil,NA,Sergipe,2288116,1184,23,43072,1111
2020-07-19,Brazil,NA,Sergipe,2288116,2171,14,45243,1125
2020-07-20,Brazil,NA,Sergipe,2288116,816,31,46059,1156
2020-07-21,Brazil,NA,Sergipe,2288116,1051,26,47110,1182
2020-07-22,Brazil,NA,Sergipe,2288116,1030,29,48140,1211
2020-07-23,Brazil,NA,Sergipe,2288116,1257,36,49397,1247
2020-07-24,Brazil,NA,Sergipe,2288116,1735,37,51132,1284
2020-07-25,Brazil,NA,Sergipe,2288116,1132,19,52264,1303
2020-07-26,Brazil,NA,Sergipe,2288116,339,11,52603,1314
2020-07-27,Brazil,NA,Sergipe,2288116,1009,26,53612,1340
2020-07-28,Brazil,NA,Sergipe,2288116,1397,19,55009,1359
2020-07-29,Brazil,NA,Sergipe,2288116,1205,31,56214,1390
2020-07-30,Brazil,NA,Sergipe,2288116,1470,18,57684,1408
2020-07-31,Brazil,NA,Sergipe,2288116,1029,26,58713,1434
2020-08-01,Brazil,NA,Sergipe,2288116,1011,14,59724,1448
2020-08-02,Brazil,NA,Sergipe,2288116,311,17,60035,1465
2020-08-03,Brazil,NA,Sergipe,2288116,444,24,60479,1489
2020-08-04,Brazil,NA,Sergipe,2288116,590,20,61069,1509
2020-08-05,Brazil,NA,Sergipe,2288116,917,16,61986,1525
2020-08-06,Brazil,NA,Sergipe,2288116,858,12,62844,1537
2020-08-07,Brazil,NA,Sergipe,2288116,884,21,63728,1558
2020-08-08,Brazil,NA,Sergipe,2288116,543,19,64271,1577
2020-08-09,Brazil,NA,Sergipe,2288116,422,12,64693,1589
2020-08-10,Brazil,NA,Sergipe,2288116,281,25,64974,1614
2020-08-11,Brazil,NA,Sergipe,2288116,481,19,65455,1633
2020-08-12,Brazil,NA,Sergipe,2288116,410,20,65865,1653
2020-08-13,Brazil,NA,Sergipe,2288116,945,17,66810,1670
2020-08-14,Brazil,NA,Sergipe,2288116,415,14,67225,1684
2020-08-15,Brazil,NA,Sergipe,2288116,476,12,67701,1696
2020-08-16,Brazil,NA,Sergipe,2288116,296,9,67997,1705
2020-08-17,Brazil,NA,Sergipe,2288116,316,12,68313,1717
2020-08-18,Brazil,NA,Sergipe,2288116,386,12,68699,1729
2020-08-19,Brazil,NA,Sergipe,2288116,368,16,69067,1745
2020-08-20,Brazil,NA,Sergipe,2288116,435,12,69502,1757
2020-08-21,Brazil,NA,Sergipe,2288116,343,4,69845,1761
2020-08-22,Brazil,NA,Sergipe,2288116,407,10,70252,1771
2020-08-23,Brazil,NA,Sergipe,2288116,220,11,70472,1782
2020-08-24,Brazil,NA,Sergipe,2288116,134,11,70606,1793
2020-08-25,Brazil,NA,Sergipe,2288116,320,15,70926,1808
2020-08-26,Brazil,NA,Sergipe,2288116,296,14,71222,1822
2020-08-27,Brazil,NA,Sergipe,2288116,377,8,71599,1830
2020-08-28,Brazil,NA,Sergipe,2288116,440,7,72039,1837
2020-08-29,Brazil,NA,Sergipe,2288116,241,2,72280,1839
2020-08-30,Brazil,NA,Sergipe,2288116,137,5,72417,1844
2020-08-31,Brazil,NA,Sergipe,2288116,111,13,72528,1857
2020-09-01,Brazil,NA,Sergipe,2288116,193,10,72721,1867
2020-09-02,Brazil,NA,Sergipe,2288116,210,6,72931,1873
2020-09-03,Brazil,NA,Sergipe,2288116,251,4,73182,1877
2020-09-04,Brazil,NA,Sergipe,2288116,201,3,73383,1880
2020-09-05,Brazil,NA,Sergipe,2288116,248,5,73631,1885
2020-09-06,Brazil,NA,Sergipe,2288116,109,8,73740,1893
2020-09-07,Brazil,NA,Sergipe,2288116,106,5,73846,1898
2020-09-08,Brazil,NA,Sergipe,2288116,125,11,73971,1909
2020-09-09,Brazil,NA,Sergipe,2288116,150,11,74121,1920
2020-09-10,Brazil,NA,Sergipe,2288116,265,13,74386,1933
2020-09-11,Brazil,NA,Sergipe,2288116,259,6,74645,1939
2020-09-12,Brazil,NA,Sergipe,2288116,120,6,74765,1945
2020-09-13,Brazil,NA,Sergipe,2288116,68,4,74833,1949
2020-09-14,Brazil,NA,Sergipe,2288116,213,7,75046,1956
2020-09-15,Brazil,NA,Sergipe,2288116,157,6,75203,1962
2020-03-31,Brazil,NA,Tocantins,1550194,1,0,11,0
2020-04-01,Brazil,NA,Tocantins,1550194,1,0,12,0
2020-04-02,Brazil,NA,Tocantins,1550194,0,0,12,0
2020-04-03,Brazil,NA,Tocantins,1550194,0,0,12,0
2020-04-04,Brazil,NA,Tocantins,1550194,2,0,14,0
2020-04-05,Brazil,NA,Tocantins,1550194,3,0,17,0
2020-04-06,Brazil,NA,Tocantins,1550194,0,0,17,0
2020-04-07,Brazil,NA,Tocantins,1550194,2,0,19,0
2020-04-08,Brazil,NA,Tocantins,1550194,4,0,23,0
2020-04-09,Brazil,NA,Tocantins,1550194,0,0,23,0
2020-04-10,Brazil,NA,Tocantins,1550194,0,0,23,0
2020-04-11,Brazil,NA,Tocantins,1550194,0,0,23,0
2020-04-12,Brazil,NA,Tocantins,1550194,2,0,25,0
2020-04-13,Brazil,NA,Tocantins,1550194,1,0,26,0
2020-04-14,Brazil,NA,Tocantins,1550194,0,0,26,0
2020-04-15,Brazil,NA,Tocantins,1550194,0,1,26,1
2020-04-16,Brazil,NA,Tocantins,1550194,3,0,29,1
2020-04-17,Brazil,NA,Tocantins,1550194,2,0,31,1
2020-04-18,Brazil,NA,Tocantins,1550194,2,0,33,1
2020-04-19,Brazil,NA,Tocantins,1550194,0,0,33,1
2020-04-20,Brazil,NA,Tocantins,1550194,1,0,34,1
2020-04-21,Brazil,NA,Tocantins,1550194,3,0,37,1
2020-04-22,Brazil,NA,Tocantins,1550194,0,0,37,1
2020-04-23,Brazil,NA,Tocantins,1550194,0,1,37,2
2020-04-24,Brazil,NA,Tocantins,1550194,6,0,43,2
2020-04-25,Brazil,NA,Tocantins,1550194,7,0,50,2
2020-04-26,Brazil,NA,Tocantins,1550194,8,0,58,2
2020-04-27,Brazil,NA,Tocantins,1550194,9,0,67,2
2020-04-28,Brazil,NA,Tocantins,1550194,12,0,79,2
2020-04-29,Brazil,NA,Tocantins,1550194,37,1,116,3
2020-04-30,Brazil,NA,Tocantins,1550194,21,0,137,3
2020-05-01,Brazil,NA,Tocantins,1550194,27,0,164,3
2020-05-02,Brazil,NA,Tocantins,1550194,27,1,191,4
2020-05-03,Brazil,NA,Tocantins,1550194,55,0,246,4
2020-05-04,Brazil,NA,Tocantins,1550194,21,2,267,6
2020-05-05,Brazil,NA,Tocantins,1550194,36,1,303,7
2020-05-06,Brazil,NA,Tocantins,1550194,48,2,351,9
2020-05-07,Brazil,NA,Tocantins,1550194,72,0,423,9
2020-05-08,Brazil,NA,Tocantins,1550194,71,0,494,9
2020-05-09,Brazil,NA,Tocantins,1550194,78,0,572,9
2020-05-10,Brazil,NA,Tocantins,1550194,116,2,688,11
2020-05-11,Brazil,NA,Tocantins,1550194,59,1,747,12
2020-05-12,Brazil,NA,Tocantins,1550194,81,2,828,14
2020-05-13,Brazil,NA,Tocantins,1550194,104,7,932,21
2020-05-14,Brazil,NA,Tocantins,1550194,97,2,1029,23
2020-05-15,Brazil,NA,Tocantins,1550194,150,1,1179,24
2020-05-16,Brazil,NA,Tocantins,1550194,100,3,1279,27
2020-05-17,Brazil,NA,Tocantins,1550194,103,4,1382,31
2020-05-18,Brazil,NA,Tocantins,1550194,114,1,1496,32
2020-05-19,Brazil,NA,Tocantins,1550194,150,6,1646,38
2020-05-20,Brazil,NA,Tocantins,1550194,163,4,1809,42
2020-05-21,Brazil,NA,Tocantins,1550194,167,5,1976,47
2020-05-22,Brazil,NA,Tocantins,1550194,229,2,2205,49
2020-05-23,Brazil,NA,Tocantins,1550194,225,2,2430,51
2020-05-24,Brazil,NA,Tocantins,1550194,161,1,2591,52
2020-05-25,Brazil,NA,Tocantins,1550194,105,6,2696,58
2020-05-26,Brazil,NA,Tocantins,1550194,162,6,2858,64
2020-05-27,Brazil,NA,Tocantins,1550194,165,1,3023,65
2020-05-28,Brazil,NA,Tocantins,1550194,254,3,3277,68
2020-05-29,Brazil,NA,Tocantins,1550194,334,2,3611,70
2020-05-30,Brazil,NA,Tocantins,1550194,370,1,3981,71
2020-05-31,Brazil,NA,Tocantins,1550194,195,2,4176,73
2020-06-01,Brazil,NA,Tocantins,1550194,169,3,4345,76
2020-06-02,Brazil,NA,Tocantins,1550194,138,3,4483,79
2020-06-03,Brazil,NA,Tocantins,1550194,215,3,4698,82
2020-06-04,Brazil,NA,Tocantins,1550194,183,5,4881,87
2020-06-05,Brazil,NA,Tocantins,1550194,301,2,5182,89
2020-06-06,Brazil,NA,Tocantins,1550194,323,7,5505,96
2020-06-07,Brazil,NA,Tocantins,1550194,139,3,5644,99
2020-06-08,Brazil,NA,Tocantins,1550194,163,9,5807,108
2020-06-09,Brazil,NA,Tocantins,1550194,245,6,6052,114
2020-06-10,Brazil,NA,Tocantins,1550194,205,6,6257,120
2020-06-11,Brazil,NA,Tocantins,1550194,272,4,6529,124
2020-06-12,Brazil,NA,Tocantins,1550194,215,4,6744,128
2020-06-13,Brazil,NA,Tocantins,1550194,187,2,6931,130
2020-06-14,Brazil,NA,Tocantins,1550194,41,2,6972,132
2020-06-15,Brazil,NA,Tocantins,1550194,165,4,7137,136
2020-06-16,Brazil,NA,Tocantins,1550194,172,4,7309,140
2020-06-17,Brazil,NA,Tocantins,1550194,264,9,7573,149
2020-06-18,Brazil,NA,Tocantins,1550194,201,3,7774,152
2020-06-19,Brazil,NA,Tocantins,1550194,182,7,7956,159
2020-06-20,Brazil,NA,Tocantins,1550194,247,8,8203,167
2020-06-21,Brazil,NA,Tocantins,1550194,151,8,8354,175
2020-06-22,Brazil,NA,Tocantins,1550194,123,3,8477,178
2020-06-23,Brazil,NA,Tocantins,1550194,289,1,8766,179
2020-06-24,Brazil,NA,Tocantins,1550194,332,2,9098,181
2020-06-25,Brazil,NA,Tocantins,1550194,327,2,9425,183
2020-06-26,Brazil,NA,Tocantins,1550194,256,3,9681,186
2020-06-27,Brazil,NA,Tocantins,1550194,285,5,9966,191
2020-06-28,Brazil,NA,Tocantins,1550194,262,1,10228,192
2020-06-29,Brazil,NA,Tocantins,1550194,131,3,10359,195
2020-06-30,Brazil,NA,Tocantins,1550194,405,5,10764,200
2020-07-01,Brazil,NA,Tocantins,1550194,458,4,11222,204
2020-07-02,Brazil,NA,Tocantins,1550194,232,5,11454,209
2020-07-03,Brazil,NA,Tocantins,1550194,282,2,11736,211
2020-07-04,Brazil,NA,Tocantins,1550194,546,4,12282,215
2020-07-05,Brazil,NA,Tocantins,1550194,193,5,12475,220
2020-07-06,Brazil,NA,Tocantins,1550194,165,4,12640,224
2020-07-07,Brazil,NA,Tocantins,1550194,364,4,13004,228
2020-07-08,Brazil,NA,Tocantins,1550194,436,5,13440,233
2020-07-09,Brazil,NA,Tocantins,1550194,405,7,13845,240
2020-07-10,Brazil,NA,Tocantins,1550194,664,5,14509,245
2020-07-11,Brazil,NA,Tocantins,1550194,430,6,14939,251
2020-07-12,Brazil,NA,Tocantins,1550194,193,4,15132,255
2020-07-13,Brazil,NA,Tocantins,1550194,175,4,15307,259
2020-07-14,Brazil,NA,Tocantins,1550194,416,8,15723,267
2020-07-15,Brazil,NA,Tocantins,1550194,308,4,16031,271
2020-07-16,Brazil,NA,Tocantins,1550194,641,7,16672,278
2020-07-17,Brazil,NA,Tocantins,1550194,282,5,16954,283
2020-07-18,Brazil,NA,Tocantins,1550194,255,5,17209,288
2020-07-19,Brazil,NA,Tocantins,1550194,564,6,17773,294
2020-07-20,Brazil,NA,Tocantins,1550194,125,5,17898,299
2020-07-21,Brazil,NA,Tocantins,1550194,456,9,18354,308
2020-07-22,Brazil,NA,Tocantins,1550194,496,7,18850,315
2020-07-23,Brazil,NA,Tocantins,1550194,573,11,19423,326
2020-07-24,Brazil,NA,Tocantins,1550194,542,8,19965,334
2020-07-25,Brazil,NA,Tocantins,1550194,955,6,20920,340
2020-07-26,Brazil,NA,Tocantins,1550194,847,6,21767,346
2020-07-27,Brazil,NA,Tocantins,1550194,339,4,22106,350
2020-07-28,Brazil,NA,Tocantins,1550194,745,7,22851,357
2020-07-29,Brazil,NA,Tocantins,1550194,666,7,23517,364
2020-07-30,Brazil,NA,Tocantins,1550194,761,4,24278,368
2020-07-31,Brazil,NA,Tocantins,1550194,546,13,24824,381
2020-08-01,Brazil,NA,Tocantins,1550194,522,9,25346,390
2020-08-02,Brazil,NA,Tocantins,1550194,1088,5,26434,395
2020-08-03,Brazil,NA,Tocantins,1550194,564,7,26998,402
2020-08-04,Brazil,NA,Tocantins,1550194,666,6,27664,408
2020-08-05,Brazil,NA,Tocantins,1550194,648,7,28312,415
2020-08-06,Brazil,NA,Tocantins,1550194,1227,13,29539,428
2020-08-07,Brazil,NA,Tocantins,1550194,819,9,30358,437
2020-08-08,Brazil,NA,Tocantins,1550194,745,7,31103,444
2020-08-09,Brazil,NA,Tocantins,1550194,560,7,31663,451
2020-08-10,Brazil,NA,Tocantins,1550194,626,10,32289,461
2020-08-11,Brazil,NA,Tocantins,1550194,758,13,33047,474
2020-08-12,Brazil,NA,Tocantins,1550194,719,8,33766,482
2020-08-13,Brazil,NA,Tocantins,1550194,643,11,34409,493
2020-08-14,Brazil,NA,Tocantins,1550194,994,7,35403,500
2020-08-15,Brazil,NA,Tocantins,1550194,1075,6,36478,506
2020-08-16,Brazil,NA,Tocantins,1550194,511,5,36989,511
2020-08-17,Brazil,NA,Tocantins,1550194,867,5,37856,516
2020-08-18,Brazil,NA,Tocantins,1550194,989,15,38845,531
2020-08-19,Brazil,NA,Tocantins,1550194,987,5,39832,536
2020-08-20,Brazil,NA,Tocantins,1550194,954,11,40786,547
2020-08-21,Brazil,NA,Tocantins,1550194,1062,9,41848,556
2020-08-22,Brazil,NA,Tocantins,1550194,991,17,42839,573
2020-08-23,Brazil,NA,Tocantins,1550194,757,12,43596,585
2020-08-24,Brazil,NA,Tocantins,1550194,677,8,44273,593
2020-08-25,Brazil,NA,Tocantins,1550194,1127,17,45400,610
2020-08-26,Brazil,NA,Tocantins,1550194,964,11,46364,621
2020-08-27,Brazil,NA,Tocantins,1550194,1194,14,47558,635
2020-08-28,Brazil,NA,Tocantins,1550194,1022,14,48580,649
2020-08-29,Brazil,NA,Tocantins,1550194,1071,9,49651,658
2020-08-30,Brazil,NA,Tocantins,1550194,722,6,50373,664
2020-08-31,Brazil,NA,Tocantins,1550194,321,9,50694,673
2020-09-01,Brazil,NA,Tocantins,1550194,935,14,51629,687
2020-09-02,Brazil,NA,Tocantins,1550194,495,14,52124,701
2020-09-03,Brazil,NA,Tocantins,1550194,814,11,52938,712
2020-09-04,Brazil,NA,Tocantins,1550194,1075,18,54013,730
2020-09-05,Brazil,NA,Tocantins,1550194,1062,15,55075,745
2020-09-06,Brazil,NA,Tocantins,1550194,438,3,55513,748
2020-09-07,Brazil,NA,Tocantins,1550194,393,6,55906,754
2020-09-08,Brazil,NA,Tocantins,1550194,317,4,56223,758
2020-09-09,Brazil,NA,Tocantins,1550194,461,4,56684,762
2020-09-10,Brazil,NA,Tocantins,1550194,1213,11,57897,773
2020-09-11,Brazil,NA,Tocantins,1550194,758,11,58655,784
2020-09-12,Brazil,NA,Tocantins,1550194,740,15,59395,799
2020-09-13,Brazil,NA,Tocantins,1550194,327,7,59722,806
2020-09-14,Brazil,NA,Tocantins,1550194,313,8,60035,814
2020-09-15,Brazil,NA,Tocantins,1550194,690,8,60725,822
2020-03-10,Canada,NA,Alberta,4067175,0,0,14,0
2020-03-11,Canada,NA,Alberta,4067175,0,0,14,0
2020-03-12,Canada,NA,Alberta,4067175,5,0,19,0
2020-03-13,Canada,NA,Alberta,4067175,4,0,23,0
2020-03-14,Canada,NA,Alberta,4067175,6,0,29,0
2020-03-15,Canada,NA,Alberta,4067175,10,0,39,0
2020-03-16,Canada,NA,Alberta,4067175,17,0,56,0
2020-03-17,Canada,NA,Alberta,4067175,18,0,74,0
2020-03-18,Canada,NA,Alberta,4067175,23,0,97,0
2020-03-19,Canada,NA,Alberta,4067175,49,1,146,1
2020-03-20,Canada,NA,Alberta,4067175,49,0,195,1
2020-03-21,Canada,NA,Alberta,4067175,31,0,226,1
2020-03-22,Canada,NA,Alberta,4067175,33,0,259,1
2020-03-23,Canada,NA,Alberta,4067175,42,0,301,1
2020-03-24,Canada,NA,Alberta,4067175,57,1,358,2
2020-03-25,Canada,NA,Alberta,4067175,61,0,419,2
2020-03-26,Canada,NA,Alberta,4067175,67,0,486,2
2020-03-27,Canada,NA,Alberta,4067175,56,0,542,2
2020-03-28,Canada,NA,Alberta,4067175,0,0,542,2
2020-03-29,Canada,NA,Alberta,4067175,79,0,621,2
2020-03-30,Canada,NA,Alberta,4067175,69,6,690,8
2020-03-31,Canada,NA,Alberta,4067175,64,1,754,9
2020-04-01,Canada,NA,Alberta,4067175,0,0,754,9
2020-04-02,Canada,NA,Alberta,4067175,214,4,968,13
2020-04-03,Canada,NA,Alberta,4067175,107,5,1075,18
2020-04-04,Canada,NA,Alberta,4067175,0,0,1075,18
2020-04-05,Canada,NA,Alberta,4067175,175,5,1250,23
2020-04-06,Canada,NA,Alberta,4067175,98,1,1348,24
2020-04-07,Canada,NA,Alberta,4067175,25,2,1373,26
2020-04-08,Canada,NA,Alberta,4067175,50,3,1423,29
2020-04-09,Canada,NA,Alberta,4067175,28,3,1451,32
2020-04-10,Canada,NA,Alberta,4067175,49,7,1500,39
2020-04-11,Canada,NA,Alberta,4067175,69,1,1569,40
2020-04-12,Canada,NA,Alberta,4067175,82,4,1651,44
2020-04-13,Canada,NA,Alberta,4067175,81,2,1732,46
2020-04-14,Canada,NA,Alberta,4067175,138,2,1870,48
2020-04-15,Canada,NA,Alberta,4067175,126,0,1996,48
2020-04-16,Canada,NA,Alberta,4067175,162,2,2158,50
2020-04-17,Canada,NA,Alberta,4067175,239,0,2397,50
2020-04-18,Canada,NA,Alberta,4067175,165,1,2562,51
2020-04-19,Canada,NA,Alberta,4067175,0,0,2562,51
2020-04-20,Canada,NA,Alberta,4067175,346,8,2908,59
2020-04-21,Canada,NA,Alberta,4067175,187,2,3095,61
2020-04-22,Canada,NA,Alberta,4067175,306,5,3401,66
2020-04-23,Canada,NA,Alberta,4067175,319,1,3720,67
2020-04-24,Canada,NA,Alberta,4067175,297,5,4017,72
2020-04-25,Canada,NA,Alberta,4067175,216,1,4233,73
2020-04-26,Canada,NA,Alberta,4067175,247,0,4480,73
2020-04-27,Canada,NA,Alberta,4067175,216,2,4696,75
2020-04-28,Canada,NA,Alberta,4067175,154,5,4850,80
2020-04-29,Canada,NA,Alberta,4067175,315,7,5165,87
2020-04-30,Canada,NA,Alberta,4067175,190,2,5355,89
2020-05-01,Canada,NA,Alberta,4067175,218,3,5573,92
2020-05-02,Canada,NA,Alberta,4067175,97,2,5670,94
2020-05-03,Canada,NA,Alberta,4067175,96,1,5766,95
2020-05-04,Canada,NA,Alberta,4067175,70,9,5836,104
2020-05-05,Canada,NA,Alberta,4067175,57,2,5893,106
2020-05-06,Canada,NA,Alberta,4067175,70,6,5963,112
2020-05-07,Canada,NA,Alberta,4067175,54,2,6017,114
2020-05-08,Canada,NA,Alberta,4067175,81,1,6098,115
2020-05-09,Canada,NA,Alberta,4067175,59,1,6157,116
2020-05-10,Canada,NA,Alberta,4067175,96,1,6253,117
2020-05-11,Canada,NA,Alberta,4067175,47,0,6300,117
2020-05-12,Canada,NA,Alberta,4067175,45,1,6345,118
2020-05-13,Canada,NA,Alberta,4067175,62,2,6407,120
2020-05-14,Canada,NA,Alberta,4067175,50,1,6457,121
2020-05-15,Canada,NA,Alberta,4067175,58,4,6515,125
2020-05-16,Canada,NA,Alberta,4067175,72,1,6587,126
2020-05-17,Canada,NA,Alberta,4067175,57,1,6644,127
2020-05-18,Canada,NA,Alberta,4067175,39,1,6683,128
2020-05-19,Canada,NA,Alberta,4067175,33,0,6716,128
2020-05-20,Canada,NA,Alberta,4067175,0,0,6716,128
2020-05-21,Canada,NA,Alberta,4067175,52,4,6768,132
2020-05-22,Canada,NA,Alberta,4067175,32,2,6800,134
2020-05-23,Canada,NA,Alberta,4067175,18,1,6818,135
2020-05-24,Canada,NA,Alberta,4067175,42,0,6860,135
2020-05-25,Canada,NA,Alberta,4067175,19,3,6879,138
2020-05-26,Canada,NA,Alberta,4067175,22,1,6901,139
2020-05-27,Canada,NA,Alberta,4067175,25,2,6926,141
2020-05-28,Canada,NA,Alberta,4067175,29,2,6955,143
2020-05-29,Canada,NA,Alberta,4067175,24,0,6979,143
2020-05-30,Canada,NA,Alberta,4067175,13,0,6992,143
2020-05-31,Canada,NA,Alberta,4067175,18,0,7010,143
2020-06-01,Canada,NA,Alberta,4067175,34,0,7044,143
2020-06-02,Canada,NA,Alberta,4067175,13,0,7057,143
2020-06-03,Canada,NA,Alberta,4067175,19,2,7076,145
2020-06-04,Canada,NA,Alberta,4067175,15,1,7091,146
2020-06-05,Canada,NA,Alberta,4067175,7,0,7098,146
2020-06-06,Canada,NA,Alberta,4067175,40,0,7138,146
2020-06-07,Canada,NA,Alberta,4067175,0,0,7138,146
2020-06-08,Canada,NA,Alberta,4067175,64,3,7202,149
2020-06-09,Canada,NA,Alberta,4067175,27,2,7229,151
2020-06-10,Canada,NA,Alberta,4067175,47,0,7276,151
2020-06-11,Canada,NA,Alberta,4067175,40,0,7316,151
2020-06-12,Canada,NA,Alberta,4067175,30,0,7346,151
2020-06-13,Canada,NA,Alberta,4067175,37,1,7383,151
2020-06-14,Canada,NA,Alberta,4067175,50,0,7433,151
2020-06-15,Canada,NA,Alberta,4067175,20,1,7453,151
2020-06-16,Canada,NA,Alberta,4067175,29,0,7482,151
2020-06-17,Canada,NA,Alberta,4067175,48,0,7530,151
2020-06-18,Canada,NA,Alberta,4067175,49,1,7579,152
2020-06-19,Canada,NA,Alberta,4067175,46,0,7625,152
2020-06-20,Canada,NA,Alberta,4067175,48,0,7673,152
2020-06-21,Canada,NA,Alberta,4067175,31,0,7704,152
2020-06-22,Canada,NA,Alberta,4067175,32,1,7736,153
2020-06-23,Canada,NA,Alberta,4067175,45,0,7781,153
2020-06-24,Canada,NA,Alberta,4067175,44,0,7825,153
2020-06-25,Canada,NA,Alberta,4067175,26,1,7851,154
2020-06-26,Canada,NA,Alberta,4067175,37,0,7888,154
2020-06-27,Canada,NA,Alberta,4067175,69,0,7957,154
2020-06-28,Canada,NA,Alberta,4067175,39,0,7996,154
2020-06-29,Canada,NA,Alberta,4067175,71,0,8067,154
2020-06-30,Canada,NA,Alberta,4067175,41,0,8108,154
2020-07-01,Canada,NA,Alberta,4067175,0,0,8108,154
2020-07-02,Canada,NA,Alberta,4067175,94,1,8202,155
2020-07-03,Canada,NA,Alberta,4067175,57,0,8259,155
2020-07-04,Canada,NA,Alberta,4067175,0,0,8259,155
2020-07-05,Canada,NA,Alberta,4067175,0,0,8259,155
2020-07-06,Canada,NA,Alberta,4067175,130,0,8389,155
2020-07-07,Canada,NA,Alberta,4067175,47,2,8436,157
2020-07-08,Canada,NA,Alberta,4067175,46,1,8482,158
2020-07-09,Canada,NA,Alberta,4067175,37,3,8519,161
2020-07-10,Canada,NA,Alberta,4067175,77,0,8596,161
2020-07-11,Canada,NA,Alberta,4067175,0,0,8596,161
2020-07-12,Canada,NA,Alberta,4067175,0,0,8596,161
2020-07-13,Canada,NA,Alberta,4067175,230,1,8826,161
2020-07-14,Canada,NA,Alberta,4067175,86,2,8912,163
2020-07-15,Canada,NA,Alberta,4067175,82,0,8994,163
2020-07-16,Canada,NA,Alberta,4067175,120,2,9114,165
2020-07-17,Canada,NA,Alberta,4067175,105,2,9219,167
2020-07-18,Canada,NA,Alberta,4067175,0,0,9219,167
2020-07-19,Canada,NA,Alberta,4067175,0,0,9219,167
2020-07-20,Canada,NA,Alberta,4067175,368,3,9587,170
2020-07-21,Canada,NA,Alberta,4067175,141,2,9728,172
2020-07-22,Canada,NA,Alberta,4067175,133,2,9861,174
2020-07-23,Canada,NA,Alberta,4067175,114,2,9975,176
2020-07-24,Canada,NA,Alberta,4067175,111,2,10086,178
2020-07-25,Canada,NA,Alberta,4067175,0,0,10086,178
2020-07-26,Canada,NA,Alberta,4067175,0,0,10086,178
2020-07-27,Canada,NA,Alberta,4067175,304,8,10390,186
2020-07-28,Canada,NA,Alberta,4067175,80,1,10470,187
2020-07-29,Canada,NA,Alberta,4067175,133,3,10603,190
2020-07-30,Canada,NA,Alberta,4067175,113,5,10716,195
2020-07-31,Canada,NA,Alberta,4067175,127,1,10843,196
2020-08-01,Canada,NA,Alberta,4067175,0,0,10843,196
2020-08-02,Canada,NA,Alberta,4067175,0,0,10843,196
2020-08-03,Canada,NA,Alberta,4067175,0,0,10843,196
2020-08-04,Canada,NA,Alberta,4067175,303,5,11146,201
2020-08-05,Canada,NA,Alberta,4067175,94,2,11240,203
2020-08-06,Canada,NA,Alberta,4067175,56,2,11296,205
2020-08-07,Canada,NA,Alberta,4067175,134,3,11430,208
2020-08-08,Canada,NA,Alberta,4067175,0,0,11430,208
2020-08-09,Canada,NA,Alberta,4067175,0,0,11430,208
2020-08-10,Canada,NA,Alberta,4067175,257,5,11687,213
2020-08-11,Canada,NA,Alberta,4067175,85,3,11772,216
2020-08-12,Canada,NA,Alberta,4067175,121,1,11893,217
2020-08-13,Canada,NA,Alberta,4067175,76,3,11969,220
2020-08-14,Canada,NA,Alberta,4067175,84,1,12053,221
2020-08-15,Canada,NA,Alberta,4067175,0,0,12053,221
2020-08-16,Canada,NA,Alberta,4067175,0,0,12053,221
2020-08-17,Canada,NA,Alberta,4067175,359,3,12412,224
2020-08-18,Canada,NA,Alberta,4067175,7,1,12419,225
2020-08-19,Canada,NA,Alberta,4067175,82,2,12501,227
2020-08-20,Canada,NA,Alberta,4067175,103,1,12604,228
2020-08-21,Canada,NA,Alberta,4067175,144,2,12748,230
2020-08-22,Canada,NA,Alberta,4067175,0,0,12748,230
2020-08-23,Canada,NA,Alberta,4067175,0,0,12748,230
2020-08-24,Canada,NA,Alberta,4067175,258,4,13006,234
2020-08-25,Canada,NA,Alberta,4067175,77,1,13083,235
2020-08-26,Canada,NA,Alberta,4067175,127,0,13210,235
2020-08-27,Canada,NA,Alberta,4067175,108,2,13318,237
2020-08-28,Canada,NA,Alberta,4067175,158,0,13476,237
2020-08-29,Canada,NA,Alberta,4067175,0,0,13476,237
2020-08-30,Canada,NA,Alberta,4067175,0,0,13476,237
2020-08-31,Canada,NA,Alberta,4067175,426,2,13902,239
2020-09-01,Canada,NA,Alberta,4067175,164,2,14066,241
2020-09-02,Canada,NA,Alberta,4067175,114,1,14180,242
2020-09-03,Canada,NA,Alberta,4067175,130,0,14310,242
2020-09-04,Canada,NA,Alberta,4067175,164,0,14474,242
2020-09-05,Canada,NA,Alberta,4067175,0,0,14474,242
2020-09-06,Canada,NA,Alberta,4067175,0,0,14474,242
2020-09-07,Canada,NA,Alberta,4067175,0,0,14474,242
2020-09-08,Canada,NA,Alberta,4067175,619,5,15093,247
2020-09-09,Canada,NA,Alberta,4067175,98,1,15191,248
2020-09-10,Canada,NA,Alberta,4067175,113,5,15304,253
2020-09-11,Canada,NA,Alberta,4067175,111,0,15415,253
2020-09-12,Canada,NA,Alberta,4067175,0,0,15415,253
2020-09-13,Canada,NA,Alberta,4067175,0,0,15415,253
2020-09-14,Canada,NA,Alberta,4067175,418,1,15833,254
2020-09-15,Canada,NA,Alberta,4067175,124,0,15957,254
2020-03-03,Canada,NA,British Columbia,4841078,4,0,12,0
2020-03-04,Canada,NA,British Columbia,4841078,1,0,13,0
2020-03-05,Canada,NA,British Columbia,4841078,9,0,21,0
2020-03-06,Canada,NA,British Columbia,4841078,0,0,21,0
2020-03-07,Canada,NA,British Columbia,4841078,6,0,27,0
2020-03-08,Canada,NA,British Columbia,4841078,0,1,27,1
2020-03-09,Canada,NA,British Columbia,4841078,5,0,32,1
2020-03-10,Canada,NA,British Columbia,4841078,7,0,39,1
2020-03-11,Canada,NA,British Columbia,4841078,0,0,39,1
2020-03-12,Canada,NA,British Columbia,4841078,7,0,46,1
2020-03-13,Canada,NA,British Columbia,4841078,7,0,53,1
2020-03-14,Canada,NA,British Columbia,4841078,11,0,64,1
2020-03-15,Canada,NA,British Columbia,4841078,9,0,73,1
2020-03-16,Canada,NA,British Columbia,4841078,0,3,73,4
2020-03-17,Canada,NA,British Columbia,4841078,30,3,103,7
2020-03-18,Canada,NA,British Columbia,4841078,83,0,186,7
2020-03-19,Canada,NA,British Columbia,4841078,85,1,271,8
2020-03-20,Canada,NA,British Columbia,4841078,0,1,271,9
2020-03-21,Canada,NA,British Columbia,4841078,153,1,424,10
2020-03-22,Canada,NA,British Columbia,4841078,0,0,424,10
2020-03-23,Canada,NA,British Columbia,4841078,48,3,472,13
2020-03-24,Canada,NA,British Columbia,4841078,145,0,617,13
2020-03-25,Canada,NA,British Columbia,4841078,42,1,659,14
2020-03-26,Canada,NA,British Columbia,4841078,66,0,725,14
2020-03-27,Canada,NA,British Columbia,4841078,0,0,725,14
2020-03-28,Canada,NA,British Columbia,4841078,159,2,884,16
2020-03-29,Canada,NA,British Columbia,4841078,0,1,884,17
2020-03-30,Canada,NA,British Columbia,4841078,76,2,960,19
2020-03-31,Canada,NA,British Columbia,4841078,10,0,970,19
2020-04-01,Canada,NA,British Columbia,4841078,96,6,1066,25
2020-04-02,Canada,NA,British Columbia,4841078,55,6,1121,31
2020-04-03,Canada,NA,British Columbia,4841078,53,4,1174,35
2020-04-04,Canada,NA,British Columbia,4841078,29,3,1203,38
2020-04-05,Canada,NA,British Columbia,4841078,0,0,1203,38
2020-04-06,Canada,NA,British Columbia,4841078,63,1,1266,39
2020-04-07,Canada,NA,British Columbia,4841078,25,4,1291,43
2020-04-08,Canada,NA,British Columbia,4841078,45,5,1336,48
2020-04-09,Canada,NA,British Columbia,4841078,34,2,1370,50
2020-04-10,Canada,NA,British Columbia,4841078,40,5,1410,55
2020-04-11,Canada,NA,British Columbia,4841078,35,3,1445,58
2020-04-12,Canada,NA,British Columbia,4841078,0,0,1445,58
2020-04-13,Canada,NA,British Columbia,4841078,45,11,1490,69
2020-04-14,Canada,NA,British Columbia,4841078,27,3,1517,72
2020-04-15,Canada,NA,British Columbia,4841078,44,3,1561,75
2020-04-16,Canada,NA,British Columbia,4841078,0,0,1561,75
2020-04-17,Canada,NA,British Columbia,4841078,14,2,1575,77
2020-04-18,Canada,NA,British Columbia,4841078,43,1,1618,78
2020-04-19,Canada,NA,British Columbia,4841078,0,0,1618,78
2020-04-20,Canada,NA,British Columbia,4841078,81,8,1699,86
2020-04-21,Canada,NA,British Columbia,4841078,25,1,1724,87
2020-04-22,Canada,NA,British Columbia,4841078,71,3,1795,90
2020-04-23,Canada,NA,British Columbia,4841078,29,4,1824,94
2020-04-24,Canada,NA,British Columbia,4841078,29,4,1853,98
2020-04-25,Canada,NA,British Columbia,4841078,95,2,1948,100
2020-04-26,Canada,NA,British Columbia,4841078,0,0,1948,100
2020-04-27,Canada,NA,British Columbia,4841078,50,3,1998,103
2020-04-28,Canada,NA,British Columbia,4841078,55,2,2053,105
2020-04-29,Canada,NA,British Columbia,4841078,34,4,2087,109
2020-04-30,Canada,NA,British Columbia,4841078,25,2,2112,111
2020-05-01,Canada,NA,British Columbia,4841078,33,1,2145,112
2020-05-02,Canada,NA,British Columbia,4841078,26,2,2171,114
2020-05-03,Canada,NA,British Columbia,4841078,0,0,2171,114
2020-05-04,Canada,NA,British Columbia,4841078,53,3,2224,117
2020-05-05,Canada,NA,British Columbia,4841078,8,4,2232,121
2020-05-06,Canada,NA,British Columbia,4841078,23,3,2255,124
2020-05-07,Canada,NA,British Columbia,4841078,33,2,2288,126
2020-05-08,Canada,NA,British Columbia,4841078,27,1,2315,127
2020-05-09,Canada,NA,British Columbia,4841078,15,2,2330,129
2020-05-10,Canada,NA,British Columbia,4841078,0,0,2330,129
2020-05-11,Canada,NA,British Columbia,4841078,23,1,2353,130
2020-05-12,Canada,NA,British Columbia,4841078,7,1,2360,131
2020-05-13,Canada,NA,British Columbia,4841078,16,1,2376,132
2020-05-14,Canada,NA,British Columbia,4841078,16,3,2392,135
2020-05-15,Canada,NA,British Columbia,4841078,15,5,2407,140
2020-05-16,Canada,NA,British Columbia,4841078,21,1,2428,141
2020-05-17,Canada,NA,British Columbia,4841078,0,0,2428,141
2020-05-18,Canada,NA,British Columbia,4841078,16,2,2444,143
2020-05-19,Canada,NA,British Columbia,4841078,2,3,2446,146
2020-05-20,Canada,NA,British Columbia,4841078,21,3,2467,149
2020-05-21,Canada,NA,British Columbia,4841078,12,3,2479,152
2020-05-22,Canada,NA,British Columbia,4841078,28,3,2507,155
2020-05-23,Canada,NA,British Columbia,4841078,10,2,2517,157
2020-05-24,Canada,NA,British Columbia,4841078,0,0,2517,157
2020-05-25,Canada,NA,British Columbia,4841078,13,4,2530,161
2020-05-26,Canada,NA,British Columbia,4841078,11,0,2541,161
2020-05-27,Canada,NA,British Columbia,4841078,9,1,2550,162
2020-05-28,Canada,NA,British Columbia,4841078,8,2,2558,164
2020-05-29,Canada,NA,British Columbia,4841078,4,0,2562,164
2020-05-30,Canada,NA,British Columbia,4841078,11,0,2573,164
2020-05-31,Canada,NA,British Columbia,4841078,0,0,2573,164
2020-06-01,Canada,NA,British Columbia,4841078,24,1,2597,165
2020-06-02,Canada,NA,British Columbia,4841078,4,0,2601,165
2020-06-03,Canada,NA,British Columbia,4841078,22,1,2623,166
2020-06-04,Canada,NA,British Columbia,4841078,9,0,2632,166
2020-06-05,Canada,NA,British Columbia,4841078,0,1,2632,167
2020-06-06,Canada,NA,British Columbia,4841078,0,0,2632,167
2020-06-07,Canada,NA,British Columbia,4841078,0,0,2632,167
2020-06-08,Canada,NA,British Columbia,4841078,27,0,2659,167
2020-06-09,Canada,NA,British Columbia,4841078,10,0,2669,167
2020-06-10,Canada,NA,British Columbia,4841078,11,0,2680,167
2020-06-11,Canada,NA,British Columbia,4841078,14,0,2694,167
2020-06-12,Canada,NA,British Columbia,4841078,15,1,2709,168
2020-06-13,Canada,NA,British Columbia,4841078,0,0,2709,168
2020-06-14,Canada,NA,British Columbia,4841078,0,0,2709,168
2020-06-15,Canada,NA,British Columbia,4841078,36,0,2745,168
2020-06-16,Canada,NA,British Columbia,4841078,11,0,2756,168
2020-06-17,Canada,NA,British Columbia,4841078,19,0,2775,168
2020-06-18,Canada,NA,British Columbia,4841078,8,0,2783,168
2020-06-19,Canada,NA,British Columbia,4841078,7,0,2790,168
2020-06-20,Canada,NA,British Columbia,4841078,0,0,2790,168
2020-06-21,Canada,NA,British Columbia,4841078,0,0,2790,168
2020-06-22,Canada,NA,British Columbia,4841078,32,1,2822,169
2020-06-23,Canada,NA,British Columbia,4841078,13,1,2835,170
2020-06-24,Canada,NA,British Columbia,4841078,14,1,2849,171
2020-06-25,Canada,NA,British Columbia,4841078,20,2,2869,173
2020-06-26,Canada,NA,British Columbia,4841078,9,1,2878,174
2020-06-27,Canada,NA,British Columbia,4841078,0,0,2878,174
2020-06-28,Canada,NA,British Columbia,4841078,0,0,2878,174
2020-06-29,Canada,NA,British Columbia,4841078,26,0,2904,174
2020-06-30,Canada,NA,British Columbia,4841078,12,0,2916,174
2020-07-01,Canada,NA,British Columbia,4841078,0,0,2916,174
2020-07-02,Canada,NA,British Columbia,4841078,24,3,2940,177
2020-07-03,Canada,NA,British Columbia,4841078,7,0,2947,177
2020-07-04,Canada,NA,British Columbia,4841078,0,0,2947,177
2020-07-05,Canada,NA,British Columbia,4841078,0,0,2947,177
2020-07-06,Canada,NA,British Columbia,4841078,31,6,2978,183
2020-07-07,Canada,NA,British Columbia,4841078,12,0,2990,183
2020-07-08,Canada,NA,British Columbia,4841078,18,3,3008,186
2020-07-09,Canada,NA,British Columbia,4841078,20,0,3028,186
2020-07-10,Canada,NA,British Columbia,4841078,25,1,3053,187
2020-07-11,Canada,NA,British Columbia,4841078,0,0,3053,187
2020-07-12,Canada,NA,British Columbia,4841078,0,0,3053,187
2020-07-13,Canada,NA,British Columbia,4841078,62,2,3115,189
2020-07-14,Canada,NA,British Columbia,4841078,13,0,3128,189
2020-07-15,Canada,NA,British Columbia,4841078,21,0,3149,189
2020-07-16,Canada,NA,British Columbia,4841078,21,0,3170,189
2020-07-17,Canada,NA,British Columbia,4841078,28,0,3198,189
2020-07-18,Canada,NA,British Columbia,4841078,0,0,3198,189
2020-07-19,Canada,NA,British Columbia,4841078,0,0,3198,189
2020-07-20,Canada,NA,British Columbia,4841078,102,0,3300,189
2020-07-21,Canada,NA,British Columbia,4841078,28,0,3328,189
2020-07-22,Canada,NA,British Columbia,4841078,34,0,3362,189
2020-07-23,Canada,NA,British Columbia,4841078,30,1,3392,190
2020-07-24,Canada,NA,British Columbia,4841078,27,1,3419,191
2020-07-25,Canada,NA,British Columbia,4841078,0,0,3419,191
2020-07-26,Canada,NA,British Columbia,4841078,0,0,3419,191
2020-07-27,Canada,NA,British Columbia,4841078,81,2,3500,193
2020-07-28,Canada,NA,British Columbia,4841078,23,1,3523,194
2020-07-29,Canada,NA,British Columbia,4841078,39,0,3562,194
2020-07-30,Canada,NA,British Columbia,4841078,29,0,3591,194
2020-07-31,Canada,NA,British Columbia,4841078,50,1,3641,195
2020-08-01,Canada,NA,British Columbia,4841078,0,0,3641,195
2020-08-02,Canada,NA,British Columbia,4841078,0,0,3641,195
2020-08-03,Canada,NA,British Columbia,4841078,0,0,3641,195
2020-08-04,Canada,NA,British Columbia,4841078,146,0,3787,195
2020-08-05,Canada,NA,British Columbia,4841078,47,0,3834,195
2020-08-06,Canada,NA,British Columbia,4841078,47,0,3881,195
2020-08-07,Canada,NA,British Columbia,4841078,53,0,3934,195
2020-08-08,Canada,NA,British Columbia,4841078,0,0,3934,195
2020-08-09,Canada,NA,British Columbia,4841078,0,0,3934,195
2020-08-10,Canada,NA,British Columbia,4841078,131,0,4065,195
2020-08-11,Canada,NA,British Columbia,4841078,46,0,4111,195
2020-08-12,Canada,NA,British Columbia,4841078,85,1,4196,196
2020-08-13,Canada,NA,British Columbia,4841078,78,0,4274,196
2020-08-14,Canada,NA,British Columbia,4841078,84,0,4358,196
2020-08-15,Canada,NA,British Columbia,4841078,0,0,4358,196
2020-08-16,Canada,NA,British Columbia,4841078,0,0,4358,196
2020-08-17,Canada,NA,British Columbia,4841078,236,2,4594,198
2020-08-18,Canada,NA,British Columbia,4841078,83,0,4677,198
2020-08-19,Canada,NA,British Columbia,4841078,68,0,4745,198
2020-08-20,Canada,NA,British Columbia,4841078,80,2,4825,200
2020-08-21,Canada,NA,British Columbia,4841078,90,2,4915,202
2020-08-22,Canada,NA,British Columbia,4841078,0,0,4915,202
2020-08-23,Canada,NA,British Columbia,4841078,0,0,4915,202
2020-08-24,Canada,NA,British Columbia,4841078,269,1,5184,203
2020-08-25,Canada,NA,British Columbia,4841078,58,0,5242,203
2020-08-26,Canada,NA,British Columbia,4841078,62,0,5304,203
2020-08-27,Canada,NA,British Columbia,4841078,68,1,5372,204
2020-08-28,Canada,NA,British Columbia,4841078,124,0,5496,204
2020-08-29,Canada,NA,British Columbia,4841078,0,0,5496,204
2020-08-30,Canada,NA,British Columbia,4841078,0,0,5496,204
2020-08-31,Canada,NA,British Columbia,4841078,294,4,5790,208
2020-09-01,Canada,NA,British Columbia,4841078,58,1,5848,209
2020-09-02,Canada,NA,British Columbia,4841078,104,0,5952,209
2020-09-03,Canada,NA,British Columbia,4841078,89,1,6041,210
2020-09-04,Canada,NA,British Columbia,4841078,121,1,6162,211
2020-09-05,Canada,NA,British Columbia,4841078,0,0,6162,211
2020-09-06,Canada,NA,British Columbia,4841078,0,0,6162,211
2020-09-07,Canada,NA,British Columbia,4841078,0,0,6162,211
2020-09-08,Canada,NA,British Columbia,4841078,429,2,6591,213
2020-09-09,Canada,NA,British Columbia,4841078,100,0,6691,213
2020-09-10,Canada,NA,British Columbia,4841078,139,0,6830,213
2020-09-11,Canada,NA,British Columbia,4841078,132,0,6962,213
2020-09-12,Canada,NA,British Columbia,4841078,0,0,6962,213
2020-09-13,Canada,NA,British Columbia,4841078,0,0,6962,213
2020-09-14,Canada,NA,British Columbia,4841078,317,6,7279,219
2020-09-15,Canada,NA,British Columbia,4841078,97,0,7376,219
2020-03-19,Canada,NA,Manitoba,1343371,2,0,17,0
2020-03-20,Canada,NA,Manitoba,1343371,0,0,17,0
2020-03-21,Canada,NA,Manitoba,1343371,2,0,17,0
2020-03-22,Canada,NA,Manitoba,1343371,0,0,17,0
2020-03-23,Canada,NA,Manitoba,1343371,1,0,17,0
2020-03-24,Canada,NA,Manitoba,1343371,1,0,17,0
2020-03-25,Canada,NA,Manitoba,1343371,14,0,17,0
2020-03-26,Canada,NA,Manitoba,1343371,1,0,17,0
2020-03-27,Canada,NA,Manitoba,1343371,3,1,25,1
2020-03-28,Canada,NA,Manitoba,1343371,25,0,25,1
2020-03-29,Canada,NA,Manitoba,1343371,8,0,69,1
2020-03-30,Canada,NA,Manitoba,1343371,24,0,83,1
2020-03-31,Canada,NA,Manitoba,1343371,7,0,91,1
2020-04-01,Canada,NA,Manitoba,1343371,24,0,109,1
2020-04-02,Canada,NA,Manitoba,1343371,40,0,152,1
2020-04-03,Canada,NA,Manitoba,1343371,15,1,164,2
2020-04-04,Canada,NA,Manitoba,1343371,12,0,172,2
2020-04-05,Canada,NA,Manitoba,1343371,9,0,187,2
2020-04-06,Canada,NA,Manitoba,1343371,1,0,190,2
2020-04-07,Canada,NA,Manitoba,1343371,13,1,203,3
2020-04-08,Canada,NA,Manitoba,1343371,4,0,206,3
2020-04-09,Canada,NA,Manitoba,1343371,3,0,207,3
2020-04-10,Canada,NA,Manitoba,1343371,6,1,215,4
2020-04-11,Canada,NA,Manitoba,1343371,13,0,226,4
2020-04-12,Canada,NA,Manitoba,1343371,0,0,226,4
2020-04-13,Canada,NA,Manitoba,1343371,4,0,229,4
2020-04-14,Canada,NA,Manitoba,1343371,0,0,229,4
2020-04-15,Canada,NA,Manitoba,1343371,0,1,231,5
2020-04-16,Canada,NA,Manitoba,1343371,4,0,239,5
2020-04-17,Canada,NA,Manitoba,1343371,0,0,239,5
2020-04-18,Canada,NA,Manitoba,1343371,3,0,243,5
2020-04-19,Canada,NA,Manitoba,1343371,0,0,245,5
2020-04-20,Canada,NA,Manitoba,1343371,1,1,246,6
2020-04-21,Canada,NA,Manitoba,1343371,1,0,246,6
2020-04-22,Canada,NA,Manitoba,1343371,2,0,246,6
2020-04-23,Canada,NA,Manitoba,1343371,5,0,251,6
2020-04-24,Canada,NA,Manitoba,1343371,1,0,252,6
2020-04-25,Canada,NA,Manitoba,1343371,4,0,256,6
2020-04-26,Canada,NA,Manitoba,1343371,4,0,260,6
2020-04-27,Canada,NA,Manitoba,1343371,1,0,261,6
2020-04-28,Canada,NA,Manitoba,1343371,0,0,261,6
2020-04-29,Canada,NA,Manitoba,1343371,1,0,263,6
2020-04-30,Canada,NA,Manitoba,1343371,2,0,264,6
2020-05-01,Canada,NA,Manitoba,1343371,4,0,268,6
2020-05-02,Canada,NA,Manitoba,1343371,1,0,269,6
2020-05-03,Canada,NA,Manitoba,1343371,1,0,270,6
2020-05-04,Canada,NA,Manitoba,1343371,0,0,270,6
2020-05-05,Canada,NA,Manitoba,1343371,1,1,271,7
2020-05-06,Canada,NA,Manitoba,1343371,2,0,273,7
2020-05-07,Canada,NA,Manitoba,1343371,0,0,273,7
2020-05-08,Canada,NA,Manitoba,1343371,1,0,273,7
2020-05-09,Canada,NA,Manitoba,1343371,0,0,273,7
2020-05-10,Canada,NA,Manitoba,1343371,3,0,276,7
2020-05-11,Canada,NA,Manitoba,1343371,2,0,278,7
2020-05-12,Canada,NA,Manitoba,1343371,1,0,279,7
2020-05-13,Canada,NA,Manitoba,1343371,0,0,279,7
2020-05-14,Canada,NA,Manitoba,1343371,0,0,279,7
2020-05-15,Canada,NA,Manitoba,1343371,0,0,279,7
2020-05-16,Canada,NA,Manitoba,1343371,0,0,279,7
2020-05-17,Canada,NA,Manitoba,1343371,0,0,279,7
2020-05-18,Canada,NA,Manitoba,1343371,1,0,279,7
2020-05-19,Canada,NA,Manitoba,1343371,0,0,279,7
2020-05-20,Canada,NA,Manitoba,1343371,0,0,279,7
2020-05-21,Canada,NA,Manitoba,1343371,0,0,279,7
2020-05-22,Canada,NA,Manitoba,1343371,2,0,281,7
2020-05-23,Canada,NA,Manitoba,1343371,0,0,281,7
2020-05-24,Canada,NA,Manitoba,1343371,0,0,281,7
2020-05-25,Canada,NA,Manitoba,1343371,0,0,281,7
2020-05-26,Canada,NA,Manitoba,1343371,0,0,281,7
2020-05-27,Canada,NA,Manitoba,1343371,0,0,281,7
2020-05-28,Canada,NA,Manitoba,1343371,2,0,283,7
2020-05-29,Canada,NA,Manitoba,1343371,0,0,283,7
2020-05-30,Canada,NA,Manitoba,1343371,0,0,283,7
2020-05-31,Canada,NA,Manitoba,1343371,1,0,284,7
2020-06-01,Canada,NA,Manitoba,1343371,0,0,284,7
2020-06-02,Canada,NA,Manitoba,1343371,2,0,286,7
2020-06-03,Canada,NA,Manitoba,1343371,1,0,287,7
2020-06-04,Canada,NA,Manitoba,1343371,0,0,287,7
2020-06-05,Canada,NA,Manitoba,1343371,2,0,289,7
2020-06-06,Canada,NA,Manitoba,1343371,0,0,289,7
2020-06-07,Canada,NA,Manitoba,1343371,0,0,289,7
2020-06-08,Canada,NA,Manitoba,1343371,0,0,289,7
2020-06-09,Canada,NA,Manitoba,1343371,0,0,289,7
2020-06-10,Canada,NA,Manitoba,1343371,0,0,289,7
2020-06-11,Canada,NA,Manitoba,1343371,0,0,289,7
2020-06-12,Canada,NA,Manitoba,1343371,1,0,290,7
2020-06-13,Canada,NA,Manitoba,1343371,2,0,292,7
2020-06-14,Canada,NA,Manitoba,1343371,1,0,293,7
2020-06-15,Canada,NA,Manitoba,1343371,0,0,293,7
2020-06-16,Canada,NA,Manitoba,1343371,0,0,293,7
2020-06-17,Canada,NA,Manitoba,1343371,2,0,295,7
2020-06-18,Canada,NA,Manitoba,1343371,2,0,297,7
2020-06-19,Canada,NA,Manitoba,1343371,3,0,300,7
2020-06-20,Canada,NA,Manitoba,1343371,2,0,302,7
2020-06-21,Canada,NA,Manitoba,1343371,0,0,302,7
2020-06-22,Canada,NA,Manitoba,1343371,1,0,303,7
2020-06-23,Canada,NA,Manitoba,1343371,0,0,303,7
2020-06-24,Canada,NA,Manitoba,1343371,1,0,304,7
2020-06-25,Canada,NA,Manitoba,1343371,1,0,305,7
2020-06-26,Canada,NA,Manitoba,1343371,2,0,307,7
2020-06-27,Canada,NA,Manitoba,1343371,4,0,311,7
2020-06-28,Canada,NA,Manitoba,1343371,0,0,311,7
2020-06-29,Canada,NA,Manitoba,1343371,2,0,313,7
2020-06-30,Canada,NA,Manitoba,1343371,1,0,314,7
2020-07-01,Canada,NA,Manitoba,1343371,0,0,314,7
2020-07-02,Canada,NA,Manitoba,1343371,0,0,314,7
2020-07-03,Canada,NA,Manitoba,1343371,0,0,314,7
2020-07-04,Canada,NA,Manitoba,1343371,0,0,314,7
2020-07-05,Canada,NA,Manitoba,1343371,0,0,314,7
2020-07-06,Canada,NA,Manitoba,1343371,0,0,314,7
2020-07-07,Canada,NA,Manitoba,1343371,0,0,314,7
2020-07-08,Canada,NA,Manitoba,1343371,0,0,314,7
2020-07-09,Canada,NA,Manitoba,1343371,0,0,314,7
2020-07-10,Canada,NA,Manitoba,1343371,0,0,314,7
2020-07-11,Canada,NA,Manitoba,1343371,0,0,314,7
2020-07-12,Canada,NA,Manitoba,1343371,0,0,314,7
2020-07-13,Canada,NA,Manitoba,1343371,0,0,314,7
2020-07-14,Canada,NA,Manitoba,1343371,5,0,319,7
2020-07-15,Canada,NA,Manitoba,1343371,0,0,319,7
2020-07-16,Canada,NA,Manitoba,1343371,1,0,320,7
2020-07-17,Canada,NA,Manitoba,1343371,5,0,325,7
2020-07-18,Canada,NA,Manitoba,1343371,1,0,326,7
2020-07-19,Canada,NA,Manitoba,1343371,6,0,332,7
2020-07-20,Canada,NA,Manitoba,1343371,11,0,343,7
2020-07-21,Canada,NA,Manitoba,1343371,12,0,353,7
2020-07-22,Canada,NA,Manitoba,1343371,8,0,361,7
2020-07-23,Canada,NA,Manitoba,1343371,1,0,362,7
2020-07-24,Canada,NA,Manitoba,1343371,9,0,371,7
2020-07-25,Canada,NA,Manitoba,1343371,4,0,375,7
2020-07-26,Canada,NA,Manitoba,1343371,6,0,381,7
2020-07-27,Canada,NA,Manitoba,1343371,6,0,387,7
2020-07-28,Canada,NA,Manitoba,1343371,5,1,391,8
2020-07-29,Canada,NA,Manitoba,1343371,2,0,393,8
2020-07-30,Canada,NA,Manitoba,1343371,2,0,395,8
2020-07-31,Canada,NA,Manitoba,1343371,6,0,401,8
2020-08-01,Canada,NA,Manitoba,1343371,2,0,403,8
2020-08-02,Canada,NA,Manitoba,1343371,18,0,421,8
2020-08-03,Canada,NA,Manitoba,1343371,7,0,428,8
2020-08-04,Canada,NA,Manitoba,1343371,1,0,428,8
2020-08-05,Canada,NA,Manitoba,1343371,1,0,429,8
2020-08-06,Canada,NA,Manitoba,1343371,30,0,459,8
2020-08-07,Canada,NA,Manitoba,1343371,17,0,476,8
2020-08-08,Canada,NA,Manitoba,1343371,16,0,492,8
2020-08-09,Canada,NA,Manitoba,1343371,35,0,527,8
2020-08-10,Canada,NA,Manitoba,1343371,16,0,543,8
2020-08-11,Canada,NA,Manitoba,1343371,4,0,547,8
2020-08-12,Canada,NA,Manitoba,1343371,16,0,563,8
2020-08-13,Canada,NA,Manitoba,1343371,25,0,603,8
2020-08-14,Canada,NA,Manitoba,1343371,40,0,643,8
2020-08-15,Canada,NA,Manitoba,1343371,20,1,663,9
2020-08-16,Canada,NA,Manitoba,1343371,34,0,697,9
2020-08-17,Canada,NA,Manitoba,1343371,34,0,731,9
2020-08-18,Canada,NA,Manitoba,1343371,17,2,748,11
2020-08-19,Canada,NA,Manitoba,1343371,15,1,763,12
2020-08-20,Canada,NA,Manitoba,1343371,33,0,796,12
2020-08-21,Canada,NA,Manitoba,1343371,34,0,830,12
2020-08-22,Canada,NA,Manitoba,1343371,42,0,872,12
2020-08-23,Canada,NA,Manitoba,1343371,72,0,944,12
2020-08-24,Canada,NA,Manitoba,1343371,49,0,993,12
2020-08-25,Canada,NA,Manitoba,1343371,25,1,1018,13
2020-08-26,Canada,NA,Manitoba,1343371,25,0,1043,13
2020-08-27,Canada,NA,Manitoba,1343371,21,1,1064,14
2020-08-28,Canada,NA,Manitoba,1343371,32,0,1096,14
2020-08-29,Canada,NA,Manitoba,1343371,55,0,1151,14
2020-08-30,Canada,NA,Manitoba,1343371,35,0,1186,14
2020-08-31,Canada,NA,Manitoba,1343371,28,0,1214,14
2020-09-01,Canada,NA,Manitoba,1343371,18,0,1232,14
2020-09-02,Canada,NA,Manitoba,1343371,12,0,1244,14
2020-09-03,Canada,NA,Manitoba,1343371,20,2,1264,16
2020-09-04,Canada,NA,Manitoba,1343371,9,0,1273,16
2020-09-05,Canada,NA,Manitoba,1343371,21,0,1294,16
2020-09-06,Canada,NA,Manitoba,1343371,29,0,1323,16
2020-09-07,Canada,NA,Manitoba,1343371,15,0,1338,16
2020-09-08,Canada,NA,Manitoba,1343371,11,0,1349,16
2020-09-09,Canada,NA,Manitoba,1343371,16,0,1365,16
2020-09-10,Canada,NA,Manitoba,1343371,13,0,1378,16
2020-09-11,Canada,NA,Manitoba,1343371,15,0,1393,16
2020-09-12,Canada,NA,Manitoba,1343371,17,0,1410,16
2020-09-13,Canada,NA,Manitoba,1343371,18,0,1428,16
2020-09-14,Canada,NA,Manitoba,1343371,21,0,1449,16
2020-09-15,Canada,NA,Manitoba,1343371,17,0,1466,16
2020-03-22,Canada,NA,Nova Scotia,957600,7,0,28,0
2020-03-23,Canada,NA,Nova Scotia,957600,13,0,41,0
2020-03-24,Canada,NA,Nova Scotia,957600,10,0,51,0
2020-03-25,Canada,NA,Nova Scotia,957600,17,0,68,0
2020-03-26,Canada,NA,Nova Scotia,957600,5,0,73,0
2020-03-27,Canada,NA,Nova Scotia,957600,17,0,90,0
2020-03-28,Canada,NA,Nova Scotia,957600,20,0,110,0
2020-03-29,Canada,NA,Nova Scotia,957600,12,0,122,0
2020-03-30,Canada,NA,Nova Scotia,957600,5,0,127,0
2020-03-31,Canada,NA,Nova Scotia,957600,20,0,147,0
2020-04-01,Canada,NA,Nova Scotia,957600,26,0,173,0
2020-04-02,Canada,NA,Nova Scotia,957600,20,0,193,0
2020-04-03,Canada,NA,Nova Scotia,957600,14,0,207,0
2020-04-04,Canada,NA,Nova Scotia,957600,29,0,236,0
2020-04-05,Canada,NA,Nova Scotia,957600,26,0,262,0
2020-04-06,Canada,NA,Nova Scotia,957600,31,0,293,0
2020-04-07,Canada,NA,Nova Scotia,957600,17,0,310,0
2020-04-08,Canada,NA,Nova Scotia,957600,32,1,342,1
2020-04-09,Canada,NA,Nova Scotia,957600,31,1,373,2
2020-04-10,Canada,NA,Nova Scotia,957600,34,0,407,2
2020-04-11,Canada,NA,Nova Scotia,957600,21,0,428,2
2020-04-12,Canada,NA,Nova Scotia,957600,17,0,445,2
2020-04-13,Canada,NA,Nova Scotia,957600,29,1,474,3
2020-04-14,Canada,NA,Nova Scotia,957600,43,0,517,3
2020-04-15,Canada,NA,Nova Scotia,957600,32,0,549,3
2020-04-16,Canada,NA,Nova Scotia,957600,30,0,579,3
2020-04-17,Canada,NA,Nova Scotia,957600,27,1,606,4
2020-04-18,Canada,NA,Nova Scotia,957600,43,3,649,7
2020-04-19,Canada,NA,Nova Scotia,957600,26,2,675,9
2020-04-20,Canada,NA,Nova Scotia,957600,46,0,721,9
2020-04-21,Canada,NA,Nova Scotia,957600,16,1,737,10
2020-04-22,Canada,NA,Nova Scotia,957600,35,2,772,12
2020-04-23,Canada,NA,Nova Scotia,957600,55,4,827,16
2020-04-24,Canada,NA,Nova Scotia,957600,23,0,850,16
2020-04-25,Canada,NA,Nova Scotia,957600,15,6,865,22
2020-04-26,Canada,NA,Nova Scotia,957600,8,2,873,24
2020-04-27,Canada,NA,Nova Scotia,957600,27,0,900,24
2020-04-28,Canada,NA,Nova Scotia,957600,15,3,915,27
2020-04-29,Canada,NA,Nova Scotia,957600,20,1,935,28
2020-04-30,Canada,NA,Nova Scotia,957600,12,0,947,28
2020-05-01,Canada,NA,Nova Scotia,957600,12,1,959,29
2020-05-02,Canada,NA,Nova Scotia,957600,4,2,963,31
2020-05-03,Canada,NA,Nova Scotia,957600,8,6,971,37
2020-05-04,Canada,NA,Nova Scotia,957600,14,1,985,38
2020-05-05,Canada,NA,Nova Scotia,957600,6,3,991,41
2020-05-06,Canada,NA,Nova Scotia,957600,7,0,998,41
2020-05-07,Canada,NA,Nova Scotia,957600,9,3,1007,44
2020-05-08,Canada,NA,Nova Scotia,957600,1,2,1008,46
2020-05-09,Canada,NA,Nova Scotia,957600,3,1,1011,47
2020-05-10,Canada,NA,Nova Scotia,957600,7,0,1018,47
2020-05-11,Canada,NA,Nova Scotia,957600,1,1,1019,48
2020-05-12,Canada,NA,Nova Scotia,957600,1,0,1020,48
2020-05-13,Canada,NA,Nova Scotia,957600,4,3,1024,51
2020-05-14,Canada,NA,Nova Scotia,957600,2,0,1026,51
2020-05-15,Canada,NA,Nova Scotia,957600,8,4,1034,55
2020-05-16,Canada,NA,Nova Scotia,957600,3,0,1037,55
2020-05-17,Canada,NA,Nova Scotia,957600,3,0,1040,55
2020-05-18,Canada,NA,Nova Scotia,957600,3,0,1043,55
2020-05-19,Canada,NA,Nova Scotia,957600,1,1,1044,56
2020-05-20,Canada,NA,Nova Scotia,957600,1,1,1045,57
2020-05-21,Canada,NA,Nova Scotia,957600,1,1,1046,58
2020-05-22,Canada,NA,Nova Scotia,957600,2,0,1048,58
2020-05-23,Canada,NA,Nova Scotia,957600,1,0,1049,58
2020-05-24,Canada,NA,Nova Scotia,957600,1,0,1050,58
2020-05-25,Canada,NA,Nova Scotia,957600,1,0,1051,58
2020-05-26,Canada,NA,Nova Scotia,957600,1,1,1052,59
2020-05-27,Canada,NA,Nova Scotia,957600,1,0,1053,59
2020-05-28,Canada,NA,Nova Scotia,957600,2,0,1055,59
2020-05-29,Canada,NA,Nova Scotia,957600,0,0,1055,59
2020-05-30,Canada,NA,Nova Scotia,957600,1,1,1056,60
2020-05-31,Canada,NA,Nova Scotia,957600,0,0,1056,60
2020-06-01,Canada,NA,Nova Scotia,957600,1,0,1057,60
2020-06-02,Canada,NA,Nova Scotia,957600,0,0,1057,60
2020-06-03,Canada,NA,Nova Scotia,957600,1,0,1058,60
2020-06-04,Canada,NA,Nova Scotia,957600,0,1,1058,61
2020-06-05,Canada,NA,Nova Scotia,957600,0,0,1058,61
2020-06-06,Canada,NA,Nova Scotia,957600,0,0,1058,61
2020-06-07,Canada,NA,Nova Scotia,957600,1,0,1059,61
2020-06-08,Canada,NA,Nova Scotia,957600,0,0,1059,61
2020-06-09,Canada,NA,Nova Scotia,957600,1,1,1060,62
2020-06-10,Canada,NA,Nova Scotia,957600,1,0,1061,62
2020-06-11,Canada,NA,Nova Scotia,957600,0,0,1061,62
2020-06-12,Canada,NA,Nova Scotia,957600,0,0,1061,62
2020-06-13,Canada,NA,Nova Scotia,957600,0,0,1061,62
2020-06-14,Canada,NA,Nova Scotia,957600,0,0,1061,62
2020-06-15,Canada,NA,Nova Scotia,957600,0,0,1061,62
2020-06-16,Canada,NA,Nova Scotia,957600,0,0,1061,62
2020-06-17,Canada,NA,Nova Scotia,957600,0,0,1061,62
2020-06-18,Canada,NA,Nova Scotia,957600,0,0,1061,62
2020-06-19,Canada,NA,Nova Scotia,957600,0,0,1061,62
2020-06-20,Canada,NA,Nova Scotia,957600,0,0,1061,62
2020-06-21,Canada,NA,Nova Scotia,957600,0,0,1061,62
2020-06-22,Canada,NA,Nova Scotia,957600,0,1,1061,63
2020-06-23,Canada,NA,Nova Scotia,957600,0,0,1061,63
2020-06-24,Canada,NA,Nova Scotia,957600,0,0,1061,63
2020-06-25,Canada,NA,Nova Scotia,957600,0,0,1061,63
2020-06-26,Canada,NA,Nova Scotia,957600,0,0,1061,63
2020-06-27,Canada,NA,Nova Scotia,957600,0,0,1061,63
2020-06-28,Canada,NA,Nova Scotia,957600,0,0,1061,63
2020-06-29,Canada,NA,Nova Scotia,957600,0,0,1061,63
2020-06-30,Canada,NA,Nova Scotia,957600,1,0,1062,63
2020-07-01,Canada,NA,Nova Scotia,957600,0,0,1062,63
2020-07-02,Canada,NA,Nova Scotia,957600,2,0,1064,63
2020-07-03,Canada,NA,Nova Scotia,957600,0,0,1064,63
2020-07-04,Canada,NA,Nova Scotia,957600,0,0,1064,63
2020-07-05,Canada,NA,Nova Scotia,957600,0,0,1064,63
2020-07-06,Canada,NA,Nova Scotia,957600,1,0,1065,63
2020-07-07,Canada,NA,Nova Scotia,957600,0,0,1065,63
2020-07-08,Canada,NA,Nova Scotia,957600,1,0,1066,63
2020-07-09,Canada,NA,Nova Scotia,957600,0,0,1066,63
2020-07-10,Canada,NA,Nova Scotia,957600,0,0,1066,63
2020-07-11,Canada,NA,Nova Scotia,957600,0,0,1066,63
2020-07-12,Canada,NA,Nova Scotia,957600,0,0,1066,63
2020-07-13,Canada,NA,Nova Scotia,957600,0,0,1066,63
2020-07-14,Canada,NA,Nova Scotia,957600,0,0,1066,63
2020-07-15,Canada,NA,Nova Scotia,957600,1,0,1067,63
2020-07-16,Canada,NA,Nova Scotia,957600,0,0,1067,63
2020-07-17,Canada,NA,Nova Scotia,957600,0,0,1067,63
2020-07-18,Canada,NA,Nova Scotia,957600,0,0,1067,63
2020-07-19,Canada,NA,Nova Scotia,957600,0,0,1067,63
2020-07-20,Canada,NA,Nova Scotia,957600,0,0,1067,63
2020-07-21,Canada,NA,Nova Scotia,957600,0,0,1067,63
2020-07-22,Canada,NA,Nova Scotia,957600,0,0,1067,63
2020-07-23,Canada,NA,Nova Scotia,957600,0,0,1067,63
2020-07-24,Canada,NA,Nova Scotia,957600,0,0,1067,63
2020-07-25,Canada,NA,Nova Scotia,957600,0,0,1067,63
2020-07-26,Canada,NA,Nova Scotia,957600,0,0,1067,63
2020-07-27,Canada,NA,Nova Scotia,957600,0,0,1067,63
2020-07-28,Canada,NA,Nova Scotia,957600,0,0,1067,63
2020-07-29,Canada,NA,Nova Scotia,957600,0,1,1067,64
2020-07-30,Canada,NA,Nova Scotia,957600,0,0,1067,64
2020-07-31,Canada,NA,Nova Scotia,957600,2,0,1069,64
2020-08-01,Canada,NA,Nova Scotia,957600,0,0,1069,64
2020-08-02,Canada,NA,Nova Scotia,957600,2,0,1071,64
2020-08-03,Canada,NA,Nova Scotia,957600,0,0,1071,64
2020-08-04,Canada,NA,Nova Scotia,957600,0,0,1071,64
2020-08-05,Canada,NA,Nova Scotia,957600,0,0,1071,64
2020-08-06,Canada,NA,Nova Scotia,957600,0,0,1071,64
2020-08-07,Canada,NA,Nova Scotia,957600,0,0,1071,64
2020-08-08,Canada,NA,Nova Scotia,957600,0,0,1071,64
2020-08-09,Canada,NA,Nova Scotia,957600,0,0,1071,64
2020-08-10,Canada,NA,Nova Scotia,957600,0,0,1071,64
2020-08-11,Canada,NA,Nova Scotia,957600,0,0,1071,64
2020-08-12,Canada,NA,Nova Scotia,957600,0,0,1071,64
2020-08-13,Canada,NA,Nova Scotia,957600,0,0,1071,64
2020-08-14,Canada,NA,Nova Scotia,957600,1,0,1072,64
2020-08-15,Canada,NA,Nova Scotia,957600,2,0,1074,64
2020-08-16,Canada,NA,Nova Scotia,957600,0,0,1074,64
2020-08-17,Canada,NA,Nova Scotia,957600,1,0,1075,64
2020-08-18,Canada,NA,Nova Scotia,957600,0,0,1075,64
2020-08-19,Canada,NA,Nova Scotia,957600,1,0,1076,64
2020-08-20,Canada,NA,Nova Scotia,957600,1,0,1077,64
2020-08-21,Canada,NA,Nova Scotia,957600,0,0,1077,64
2020-08-22,Canada,NA,Nova Scotia,957600,1,0,1078,64
2020-08-23,Canada,NA,Nova Scotia,957600,2,1,1080,65
2020-08-24,Canada,NA,Nova Scotia,957600,0,0,1080,65
2020-08-25,Canada,NA,Nova Scotia,957600,0,0,1080,65
2020-08-26,Canada,NA,Nova Scotia,957600,1,0,1081,65
2020-08-27,Canada,NA,Nova Scotia,957600,0,0,1081,65
2020-08-28,Canada,NA,Nova Scotia,957600,2,0,1083,65
2020-08-29,Canada,NA,Nova Scotia,957600,0,0,1083,65
2020-08-30,Canada,NA,Nova Scotia,957600,0,0,1083,65
2020-08-31,Canada,NA,Nova Scotia,957600,2,0,1085,65
2020-09-01,Canada,NA,Nova Scotia,957600,0,0,1085,65
2020-09-02,Canada,NA,Nova Scotia,957600,0,0,1085,65
2020-09-03,Canada,NA,Nova Scotia,957600,0,0,1085,65
2020-09-04,Canada,NA,Nova Scotia,957600,0,0,1085,65
2020-09-05,Canada,NA,Nova Scotia,957600,0,0,1085,65
2020-09-06,Canada,NA,Nova Scotia,957600,0,0,1085,65
2020-09-07,Canada,NA,Nova Scotia,957600,1,0,1086,65
2020-03-01,Canada,NA,Ontario,14279196,7,0,15,0
2020-03-02,Canada,NA,Ontario,14279196,0,0,15,0
2020-03-03,Canada,NA,Ontario,14279196,5,0,20,0
2020-03-04,Canada,NA,Ontario,14279196,0,0,20,0
2020-03-05,Canada,NA,Ontario,14279196,2,0,22,0
2020-03-06,Canada,NA,Ontario,14279196,6,0,28,0
2020-03-07,Canada,NA,Ontario,14279196,0,0,28,0
2020-03-08,Canada,NA,Ontario,14279196,3,0,31,0
2020-03-09,Canada,NA,Ontario,14279196,3,0,34,0
2020-03-10,Canada,NA,Ontario,14279196,2,0,37,0
2020-03-11,Canada,NA,Ontario,14279196,8,1,42,1
2020-03-12,Canada,NA,Ontario,14279196,17,0,59,1
2020-03-13,Canada,NA,Ontario,14279196,20,0,79,1
2020-03-14,Canada,NA,Ontario,14279196,0,0,79,1
2020-03-15,Canada,NA,Ontario,14279196,24,0,103,1
2020-03-16,Canada,NA,Ontario,14279196,42,0,145,1
2020-03-17,Canada,NA,Ontario,14279196,32,0,177,1
2020-03-18,Canada,NA,Ontario,14279196,12,0,189,1
2020-03-19,Canada,NA,Ontario,14279196,69,1,258,2
2020-03-20,Canada,NA,Ontario,14279196,53,0,311,2
2020-03-21,Canada,NA,Ontario,14279196,66,1,377,3
2020-03-22,Canada,NA,Ontario,14279196,48,2,425,5
2020-03-23,Canada,NA,Ontario,14279196,78,1,503,6
2020-03-24,Canada,NA,Ontario,14279196,85,2,588,8
2020-03-25,Canada,NA,Ontario,14279196,100,5,688,13
2020-03-26,Canada,NA,Ontario,14279196,170,2,858,15
2020-03-27,Canada,NA,Ontario,14279196,135,3,993,18
2020-03-28,Canada,NA,Ontario,14279196,0,0,993,18
2020-03-29,Canada,NA,Ontario,14279196,362,1,1355,19
2020-03-30,Canada,NA,Ontario,14279196,351,14,1706,33
2020-03-31,Canada,NA,Ontario,14279196,260,0,1966,33
2020-04-01,Canada,NA,Ontario,14279196,426,4,2392,37
2020-04-02,Canada,NA,Ontario,14279196,401,16,2793,53
2020-04-03,Canada,NA,Ontario,14279196,462,14,3255,67
2020-04-04,Canada,NA,Ontario,14279196,375,27,3630,94
2020-04-05,Canada,NA,Ontario,14279196,408,25,4038,119
2020-04-06,Canada,NA,Ontario,14279196,309,13,4347,132
2020-04-07,Canada,NA,Ontario,14279196,379,21,4726,153
2020-04-08,Canada,NA,Ontario,14279196,550,21,5276,174
2020-04-09,Canada,NA,Ontario,14279196,483,26,5759,200
2020-04-10,Canada,NA,Ontario,14279196,478,22,6237,222
2020-04-11,Canada,NA,Ontario,14279196,411,31,6648,253
2020-04-12,Canada,NA,Ontario,14279196,401,21,7049,274
2020-04-13,Canada,NA,Ontario,14279196,421,17,7470,291
2020-04-14,Canada,NA,Ontario,14279196,483,43,7953,334
2020-04-15,Canada,NA,Ontario,14279196,494,51,8447,385
2020-04-16,Canada,NA,Ontario,14279196,514,38,8961,423
2020-04-17,Canada,NA,Ontario,14279196,564,55,9525,478
2020-04-18,Canada,NA,Ontario,14279196,485,36,10010,514
2020-04-19,Canada,NA,Ontario,14279196,568,39,10578,553
2020-04-20,Canada,NA,Ontario,14279196,606,31,11184,584
2020-04-21,Canada,NA,Ontario,14279196,551,38,11735,622
2020-04-22,Canada,NA,Ontario,14279196,510,37,12245,659
2020-04-23,Canada,NA,Ontario,14279196,634,54,12879,713
2020-04-24,Canada,NA,Ontario,14279196,640,50,13519,763
2020-04-25,Canada,NA,Ontario,14279196,476,48,13995,811
2020-04-26,Canada,NA,Ontario,14279196,437,24,14432,835
2020-04-27,Canada,NA,Ontario,14279196,424,57,14856,892
2020-04-28,Canada,NA,Ontario,14279196,525,59,15381,951
2020-04-29,Canada,NA,Ontario,14279196,347,45,15728,996
2020-04-30,Canada,NA,Ontario,14279196,459,86,16187,1082
2020-05-01,Canada,NA,Ontario,14279196,421,39,16608,1121
2020-05-02,Canada,NA,Ontario,14279196,511,55,17119,1176
2020-05-03,Canada,NA,Ontario,14279196,434,40,17553,1216
2020-05-04,Canada,NA,Ontario,14279196,370,84,17923,1300
2020-05-05,Canada,NA,Ontario,14279196,387,61,18310,1361
2020-05-06,Canada,NA,Ontario,14279196,412,68,18722,1429
2020-05-07,Canada,NA,Ontario,14279196,399,48,19121,1477
2020-05-08,Canada,NA,Ontario,14279196,477,63,19598,1540
2020-05-09,Canada,NA,Ontario,14279196,346,59,19944,1599
2020-05-10,Canada,NA,Ontario,14279196,294,35,20238,1634
2020-05-11,Canada,NA,Ontario,14279196,308,35,20546,1669
2020-05-12,Canada,NA,Ontario,14279196,361,56,20907,1725
2020-05-13,Canada,NA,Ontario,14279196,329,40,21236,1765
2020-05-14,Canada,NA,Ontario,14279196,345,33,21581,1798
2020-05-15,Canada,NA,Ontario,14279196,341,27,21922,1825
2020-05-16,Canada,NA,Ontario,14279196,391,33,22313,1858
2020-05-17,Canada,NA,Ontario,14279196,340,23,22653,1881
2020-05-18,Canada,NA,Ontario,14279196,304,23,22957,1904
2020-05-19,Canada,NA,Ontario,14279196,427,15,23384,1919
2020-05-20,Canada,NA,Ontario,14279196,390,43,23774,1962
2020-05-21,Canada,NA,Ontario,14279196,413,31,24187,1993
2020-05-22,Canada,NA,Ontario,14279196,441,28,24628,2021
2020-05-23,Canada,NA,Ontario,14279196,412,27,25040,2048
2020-05-24,Canada,NA,Ontario,14279196,460,25,25500,2073
2020-05-25,Canada,NA,Ontario,14279196,404,29,25904,2102
2020-05-26,Canada,NA,Ontario,14279196,287,21,26191,2123
2020-05-27,Canada,NA,Ontario,14279196,292,32,26483,2155
2020-05-28,Canada,NA,Ontario,14279196,383,34,26866,2189
2020-05-29,Canada,NA,Ontario,14279196,344,41,27210,2230
2020-05-30,Canada,NA,Ontario,14279196,323,17,27533,2247
2020-05-31,Canada,NA,Ontario,14279196,326,19,27859,2266
2020-06-01,Canada,NA,Ontario,14279196,404,10,28263,2276
2020-06-02,Canada,NA,Ontario,14279196,446,17,28709,2293
2020-06-03,Canada,NA,Ontario,14279196,338,19,29047,2312
2020-06-04,Canada,NA,Ontario,14279196,356,45,29403,2357
2020-06-05,Canada,NA,Ontario,14279196,344,15,29747,2372
2020-06-06,Canada,NA,Ontario,14279196,455,35,30202,2407
2020-06-07,Canada,NA,Ontario,14279196,415,19,30617,2426
2020-06-08,Canada,NA,Ontario,14279196,243,24,30860,2450
2020-06-09,Canada,NA,Ontario,14279196,230,14,31090,2464
2020-06-10,Canada,NA,Ontario,14279196,251,11,31341,2475
2020-06-11,Canada,NA,Ontario,14279196,203,12,31544,2487
2020-06-12,Canada,NA,Ontario,14279196,182,11,31726,2498
2020-06-13,Canada,NA,Ontario,14279196,266,9,31992,2507
2020-06-14,Canada,NA,Ontario,14279196,197,12,32189,2519
2020-06-15,Canada,NA,Ontario,14279196,181,8,32370,2527
2020-06-16,Canada,NA,Ontario,14279196,184,11,32554,2538
2020-06-17,Canada,NA,Ontario,14279196,190,12,32744,2550
2020-06-18,Canada,NA,Ontario,14279196,173,3,32917,2553
2020-06-19,Canada,NA,Ontario,14279196,178,11,33095,2564
2020-06-20,Canada,NA,Ontario,14279196,206,31,33301,2595
2020-06-21,Canada,NA,Ontario,14279196,175,11,33476,2606
2020-06-22,Canada,NA,Ontario,14279196,161,3,33637,2609
2020-06-23,Canada,NA,Ontario,14279196,216,10,33853,2619
2020-06-24,Canada,NA,Ontario,14279196,163,12,34016,2631
2020-06-25,Canada,NA,Ontario,14279196,189,10,34205,2641
2020-06-26,Canada,NA,Ontario,14279196,111,3,34316,2644
2020-06-27,Canada,NA,Ontario,14279196,160,8,34476,2652
2020-06-28,Canada,NA,Ontario,14279196,178,6,34654,2658
2020-06-29,Canada,NA,Ontario,14279196,257,7,34911,2665
2020-06-30,Canada,NA,Ontario,14279196,157,7,35068,2672
2020-07-01,Canada,NA,Ontario,14279196,0,0,35068,2672
2020-07-02,Canada,NA,Ontario,14279196,302,8,35370,2680
2020-07-03,Canada,NA,Ontario,14279196,165,2,35535,2682
2020-07-04,Canada,NA,Ontario,14279196,121,5,35656,2687
2020-07-05,Canada,NA,Ontario,14279196,138,2,35794,2689
2020-07-06,Canada,NA,Ontario,14279196,154,0,35948,2689
2020-07-07,Canada,NA,Ontario,14279196,112,2,36060,2691
2020-07-08,Canada,NA,Ontario,14279196,118,9,36178,2700
2020-07-09,Canada,NA,Ontario,14279196,170,3,36348,2703
2020-07-10,Canada,NA,Ontario,14279196,116,7,36464,2710
2020-07-11,Canada,NA,Ontario,14279196,130,6,36594,2716
2020-07-12,Canada,NA,Ontario,14279196,129,3,36723,2719
2020-07-13,Canada,NA,Ontario,14279196,116,3,36839,2722
2020-07-14,Canada,NA,Ontario,14279196,111,1,36950,2723
2020-07-15,Canada,NA,Ontario,14279196,102,9,37052,2732
2020-07-16,Canada,NA,Ontario,14279196,111,5,37163,2737
2020-07-17,Canada,NA,Ontario,14279196,111,9,37274,2746
2020-07-18,Canada,NA,Ontario,14279196,166,2,37440,2748
2020-07-19,Canada,NA,Ontario,14279196,164,3,37604,2751
2020-07-20,Canada,NA,Ontario,14279196,135,1,37739,2752
2020-07-21,Canada,NA,Ontario,14279196,203,1,37942,2753
2020-07-22,Canada,NA,Ontario,14279196,165,2,38107,2755
2020-07-23,Canada,NA,Ontario,14279196,103,0,38210,2755
2020-07-24,Canada,NA,Ontario,14279196,195,3,38405,2758
2020-07-25,Canada,NA,Ontario,14279196,138,1,38543,2759
2020-07-26,Canada,NA,Ontario,14279196,137,4,38680,2763
2020-07-27,Canada,NA,Ontario,14279196,119,1,38799,2764
2020-07-28,Canada,NA,Ontario,14279196,111,4,38910,2768
2020-07-29,Canada,NA,Ontario,14279196,76,1,38986,2769
2020-07-30,Canada,NA,Ontario,14279196,89,3,39075,2772
2020-07-31,Canada,NA,Ontario,14279196,134,3,39209,2775
2020-08-01,Canada,NA,Ontario,14279196,124,2,39333,2777
2020-08-02,Canada,NA,Ontario,14279196,116,1,39449,2778
2020-08-03,Canada,NA,Ontario,14279196,0,0,39449,2778
2020-08-04,Canada,NA,Ontario,14279196,179,4,39628,2782
2020-08-05,Canada,NA,Ontario,14279196,86,0,39714,2782
2020-08-06,Canada,NA,Ontario,14279196,95,1,39809,2783
2020-08-07,Canada,NA,Ontario,14279196,88,0,39897,2783
2020-08-08,Canada,NA,Ontario,14279196,70,1,39967,2784
2020-08-09,Canada,NA,Ontario,14279196,79,2,40046,2786
2020-08-10,Canada,NA,Ontario,14279196,115,0,40161,2786
2020-08-11,Canada,NA,Ontario,14279196,33,0,40194,2786
2020-08-12,Canada,NA,Ontario,14279196,95,1,40289,2787
2020-08-13,Canada,NA,Ontario,14279196,78,0,40367,2787
2020-08-14,Canada,NA,Ontario,14279196,92,1,40459,2788
2020-08-15,Canada,NA,Ontario,14279196,106,1,40565,2789
2020-08-16,Canada,NA,Ontario,14279196,81,0,40646,2789
2020-08-17,Canada,NA,Ontario,14279196,99,0,40745,2789
2020-08-18,Canada,NA,Ontario,14279196,125,3,40870,2792
2020-08-19,Canada,NA,Ontario,14279196,102,0,40972,2792
2020-08-20,Canada,NA,Ontario,14279196,76,1,41048,2793
2020-08-21,Canada,NA,Ontario,14279196,131,3,41179,2796
2020-08-22,Canada,NA,Ontario,14279196,108,1,41287,2797
2020-08-23,Canada,NA,Ontario,14279196,115,0,41402,2797
2020-08-24,Canada,NA,Ontario,14279196,105,1,41507,2798
2020-08-25,Canada,NA,Ontario,14279196,100,2,41607,2800
2020-08-26,Canada,NA,Ontario,14279196,88,2,41695,2802
2020-08-27,Canada,NA,Ontario,14279196,118,1,41813,2803
2020-08-28,Canada,NA,Ontario,14279196,122,6,41935,2809
2020-08-29,Canada,NA,Ontario,14279196,148,0,42083,2809
2020-08-30,Canada,NA,Ontario,14279196,112,1,42195,2810
2020-08-31,Canada,NA,Ontario,14279196,114,1,42309,2811
2020-09-01,Canada,NA,Ontario,14279196,112,1,42421,2812
2020-09-02,Canada,NA,Ontario,14279196,133,0,42554,2812
2020-09-03,Canada,NA,Ontario,14279196,132,0,42686,2812
2020-09-04,Canada,NA,Ontario,14279196,148,0,42834,2812
2020-09-05,Canada,NA,Ontario,14279196,169,0,43003,2812
2020-09-06,Canada,NA,Ontario,14279196,158,2,43161,2813
2020-09-07,Canada,NA,Ontario,14279196,0,0,43161,2813
2020-09-08,Canada,NA,Ontario,14279196,375,0,43536,2813
2020-09-09,Canada,NA,Ontario,14279196,149,0,43685,2813
2020-09-10,Canada,NA,Ontario,14279196,170,1,43855,2814
2020-09-11,Canada,NA,Ontario,14279196,213,0,44068,2814
2020-09-12,Canada,NA,Ontario,14279196,232,1,44300,2814
2020-09-13,Canada,NA,Ontario,14279196,204,1,44504,2815
2020-09-14,Canada,NA,Ontario,14279196,313,1,44817,2816
2020-09-15,Canada,NA,Ontario,14279196,251,4,45068,2820
2020-03-12,Canada,NA,Quebec,8484965,6,0,13,0
2020-03-13,Canada,NA,Quebec,8484965,4,0,17,0
2020-03-14,Canada,NA,Quebec,8484965,0,0,17,0
2020-03-15,Canada,NA,Quebec,8484965,7,0,24,0
2020-03-16,Canada,NA,Quebec,8484965,15,0,39,0
2020-03-17,Canada,NA,Quebec,8484965,11,0,50,0
2020-03-18,Canada,NA,Quebec,8484965,24,1,74,1
2020-03-19,Canada,NA,Quebec,8484965,47,0,121,1
2020-03-20,Canada,NA,Quebec,8484965,18,0,139,1
2020-03-21,Canada,NA,Quebec,8484965,82,3,202,4
2020-03-22,Canada,NA,Quebec,8484965,0,0,221,4
2020-03-23,Canada,NA,Quebec,8484965,407,0,221,4
2020-03-24,Canada,NA,Quebec,8484965,385,0,221,4
2020-03-25,Canada,NA,Quebec,8484965,326,2,1339,6
2020-03-26,Canada,NA,Quebec,8484965,290,2,1629,8
2020-03-27,Canada,NA,Quebec,8484965,392,10,2021,18
2020-03-28,Canada,NA,Quebec,8484965,477,4,2498,22
2020-03-29,Canada,NA,Quebec,8484965,342,0,2840,22
2020-03-30,Canada,NA,Quebec,8484965,590,3,3430,25
2020-03-31,Canada,NA,Quebec,8484965,732,6,4162,31
2020-04-01,Canada,NA,Quebec,8484965,449,2,4611,33
2020-04-02,Canada,NA,Quebec,8484965,907,3,5518,36
2020-04-03,Canada,NA,Quebec,8484965,583,25,6101,61
2020-04-04,Canada,NA,Quebec,8484965,896,14,6997,75
2020-04-05,Canada,NA,Quebec,8484965,947,19,7944,94
2020-04-06,Canada,NA,Quebec,8484965,636,27,8580,121
2020-04-07,Canada,NA,Quebec,8484965,760,29,9340,150
2020-04-08,Canada,NA,Quebec,8484965,691,25,10031,175
2020-04-09,Canada,NA,Quebec,8484965,881,41,10912,216
2020-04-10,Canada,NA,Quebec,8484965,765,25,11677,241
2020-04-11,Canada,NA,Quebec,8484965,615,48,12292,289
2020-04-12,Canada,NA,Quebec,8484965,554,39,12846,328
2020-04-13,Canada,NA,Quebec,8484965,711,32,13557,360
2020-04-14,Canada,NA,Quebec,8484965,691,75,14248,435
2020-04-15,Canada,NA,Quebec,8484965,612,52,14860,487
2020-04-16,Canada,NA,Quebec,8484965,997,143,15857,630
2020-04-17,Canada,NA,Quebec,8484965,941,58,16798,688
2020-04-18,Canada,NA,Quebec,8484965,723,117,17521,805
2020-04-19,Canada,NA,Quebec,8484965,836,72,18357,877
2020-04-20,Canada,NA,Quebec,8484965,962,62,19319,939
2020-04-21,Canada,NA,Quebec,8484965,807,102,20126,1041
2020-04-22,Canada,NA,Quebec,8484965,839,93,20965,1134
2020-04-23,Canada,NA,Quebec,8484965,873,109,21838,1243
2020-04-24,Canada,NA,Quebec,8484965,778,97,22616,1340
2020-04-25,Canada,NA,Quebec,8484965,651,106,23267,1446
2020-04-26,Canada,NA,Quebec,8484965,840,69,24107,1515
2020-04-27,Canada,NA,Quebec,8484965,875,84,24982,1599
2020-04-28,Canada,NA,Quebec,8484965,775,83,25757,1682
2020-04-29,Canada,NA,Quebec,8484965,837,79,26594,1761
2020-04-30,Canada,NA,Quebec,8484965,944,98,27538,1859
2020-05-01,Canada,NA,Quebec,8484965,1110,163,28648,2022
2020-05-02,Canada,NA,Quebec,8484965,1008,114,29656,2136
2020-05-03,Canada,NA,Quebec,8484965,2209,69,31865,2205
2020-05-04,Canada,NA,Quebec,8484965,758,75,32623,2280
2020-05-05,Canada,NA,Quebec,8484965,794,118,33417,2398
2020-05-06,Canada,NA,Quebec,8484965,910,112,34327,2510
2020-05-07,Canada,NA,Quebec,8484965,911,121,35238,2631
2020-05-08,Canada,NA,Quebec,8484965,912,94,36150,2725
2020-05-09,Canada,NA,Quebec,8484965,836,61,36986,2786
2020-05-10,Canada,NA,Quebec,8484965,735,142,37721,2928
2020-05-11,Canada,NA,Quebec,8484965,748,85,38469,3013
2020-05-12,Canada,NA,Quebec,8484965,756,118,39225,3131
2020-05-13,Canada,NA,Quebec,8484965,706,89,39931,3220
2020-05-14,Canada,NA,Quebec,8484965,793,131,40724,3351
2020-05-15,Canada,NA,Quebec,8484965,696,50,41420,3401
2020-05-16,Canada,NA,Quebec,8484965,763,82,42183,3483
2020-05-17,Canada,NA,Quebec,8484965,737,79,42920,3562
2020-05-18,Canada,NA,Quebec,8484965,707,34,43627,3596
2020-05-19,Canada,NA,Quebec,8484965,570,51,44197,3647
2020-05-20,Canada,NA,Quebec,8484965,578,71,44775,3718
2020-05-21,Canada,NA,Quebec,8484965,720,82,45495,3800
2020-05-22,Canada,NA,Quebec,8484965,646,65,46141,3865
2020-05-23,Canada,NA,Quebec,8484965,697,75,46838,3940
2020-05-24,Canada,NA,Quebec,8484965,573,44,47411,3984
2020-05-25,Canada,NA,Quebec,8484965,573,85,47984,4069
2020-05-26,Canada,NA,Quebec,8484965,614,70,48598,4139
2020-05-27,Canada,NA,Quebec,8484965,541,89,49139,4228
2020-05-28,Canada,NA,Quebec,8484965,563,74,49702,4302
2020-05-29,Canada,NA,Quebec,8484965,530,61,50232,4363
2020-05-30,Canada,NA,Quebec,8484965,419,76,50651,4439
2020-05-31,Canada,NA,Quebec,8484965,408,202,51059,4641
2020-06-01,Canada,NA,Quebec,8484965,295,20,51354,4661
2020-06-02,Canada,NA,Quebec,8484965,239,52,51593,4713
2020-06-03,Canada,NA,Quebec,8484965,291,81,51884,4794
2020-06-04,Canada,NA,Quebec,8484965,259,91,52143,4885
2020-06-05,Canada,NA,Quebec,8484965,255,50,52398,4935
2020-06-06,Canada,NA,Quebec,8484965,226,35,52624,4970
2020-06-07,Canada,NA,Quebec,8484965,225,8,52849,4978
2020-06-08,Canada,NA,Quebec,8484965,198,6,53047,4984
2020-06-09,Canada,NA,Quebec,8484965,138,45,53185,5029
2020-06-10,Canada,NA,Quebec,8484965,156,52,53341,5081
2020-06-11,Canada,NA,Quebec,8484965,144,24,53485,5105
2020-06-12,Canada,NA,Quebec,8484965,181,43,53666,5148
2020-06-13,Canada,NA,Quebec,8484965,158,47,53824,5195
2020-06-14,Canada,NA,Quebec,8484965,128,27,53952,5222
2020-06-15,Canada,NA,Quebec,8484965,102,20,54054,5242
2020-06-16,Canada,NA,Quebec,8484965,92,27,54146,5269
2020-06-17,Canada,NA,Quebec,8484965,117,29,54263,5298
2020-06-18,Canada,NA,Quebec,8484965,120,42,54383,5340
2020-06-19,Canada,NA,Quebec,8484965,167,35,54550,5375
2020-06-20,Canada,NA,Quebec,8484965,124,33,54674,5408
2020-06-21,Canada,NA,Quebec,8484965,92,9,54766,5417
2020-06-22,Canada,NA,Quebec,8484965,69,0,54835,5417
2020-06-23,Canada,NA,Quebec,8484965,49,7,54884,5424
2020-06-24,Canada,NA,Quebec,8484965,53,17,54937,5441
2020-06-25,Canada,NA,Quebec,8484965,142,7,55079,5448
2020-06-26,Canada,NA,Quebec,8484965,0,0,55079,5448
2020-06-27,Canada,NA,Quebec,8484965,0,0,55079,5448
2020-06-28,Canada,NA,Quebec,8484965,0,0,55079,5448
2020-06-29,Canada,NA,Quebec,8484965,311,37,55390,5485
2020-06-30,Canada,NA,Quebec,8484965,68,18,55458,5503
2020-07-01,Canada,NA,Quebec,8484965,0,0,55458,5503
2020-07-02,Canada,NA,Quebec,8484965,135,38,55593,5541
2020-07-03,Canada,NA,Quebec,8484965,89,19,55682,5560
2020-07-04,Canada,NA,Quebec,8484965,102,6,55784,5566
2020-07-05,Canada,NA,Quebec,8484965,79,8,55863,5574
2020-07-06,Canada,NA,Quebec,8484965,74,3,55937,5577
2020-07-07,Canada,NA,Quebec,8484965,60,13,55997,5590
2020-07-08,Canada,NA,Quebec,8484965,82,13,56079,5603
2020-07-09,Canada,NA,Quebec,8484965,137,6,56216,5609
2020-07-10,Canada,NA,Quebec,8484965,100,3,56316,5612
2020-07-11,Canada,NA,Quebec,8484965,91,8,56407,5620
2020-07-12,Canada,NA,Quebec,8484965,114,7,56521,5627
2020-07-13,Canada,NA,Quebec,8484965,100,1,56621,5628
2020-07-14,Canada,NA,Quebec,8484965,109,5,56730,5633
2020-07-15,Canada,NA,Quebec,8484965,129,3,56859,5636
2020-07-16,Canada,NA,Quebec,8484965,142,10,57001,5646
2020-07-17,Canada,NA,Quebec,8484965,141,1,57142,5647
2020-07-18,Canada,NA,Quebec,8484965,158,7,57300,5654
2020-07-19,Canada,NA,Quebec,8484965,166,1,57466,5655
2020-07-20,Canada,NA,Quebec,8484965,150,2,57616,5657
2020-07-21,Canada,NA,Quebec,8484965,180,1,57796,5658
2020-07-22,Canada,NA,Quebec,8484965,142,4,57938,5662
2020-07-23,Canada,NA,Quebec,8484965,142,0,58080,5662
2020-07-24,Canada,NA,Quebec,8484965,163,1,58243,5663
2020-07-25,Canada,NA,Quebec,8484965,171,3,58414,5666
2020-07-26,Canada,NA,Quebec,8484965,169,1,58583,5667
2020-07-27,Canada,NA,Quebec,8484965,145,0,58728,5667
2020-07-28,Canada,NA,Quebec,8484965,169,3,58897,5670
2020-07-29,Canada,NA,Quebec,8484965,112,2,59009,5672
2020-07-30,Canada,NA,Quebec,8484965,122,1,59131,5673
2020-07-31,Canada,NA,Quebec,8484965,181,1,59312,5674
2020-08-01,Canada,NA,Quebec,8484965,146,4,59458,5678
2020-08-02,Canada,NA,Quebec,8484965,141,3,59599,5681
2020-08-03,Canada,NA,Quebec,8484965,123,2,59722,5683
2020-08-04,Canada,NA,Quebec,8484965,123,2,59845,5685
2020-08-05,Canada,NA,Quebec,8484965,155,2,60000,5687
2020-08-06,Canada,NA,Quebec,8484965,133,0,60133,5687
2020-08-07,Canada,NA,Quebec,8484965,108,0,60241,5687
2020-08-08,Canada,NA,Quebec,8484965,126,5,60367,5692
2020-08-09,Canada,NA,Quebec,8484965,104,3,60471,5695
2020-08-10,Canada,NA,Quebec,8484965,156,1,60627,5696
2020-08-11,Canada,NA,Quebec,8484965,91,1,60718,5697
2020-08-12,Canada,NA,Quebec,8484965,95,12,60813,5709
2020-08-13,Canada,NA,Quebec,8484965,104,6,60917,5715
2020-08-14,Canada,NA,Quebec,8484965,87,3,61004,5718
2020-08-15,Canada,NA,Quebec,8484965,80,1,61084,5719
2020-08-16,Canada,NA,Quebec,8484965,67,1,61151,5720
2020-08-17,Canada,NA,Quebec,8484965,55,1,61206,5721
2020-08-18,Canada,NA,Quebec,8484965,46,6,61252,5727
2020-08-19,Canada,NA,Quebec,8484965,64,2,61316,5729
2020-08-20,Canada,NA,Quebec,8484965,86,1,61402,5730
2020-08-21,Canada,NA,Quebec,8484965,93,3,61495,5733
2020-08-22,Canada,NA,Quebec,8484965,104,6,61599,5739
2020-08-23,Canada,NA,Quebec,8484965,74,1,61673,5740
2020-08-24,Canada,NA,Quebec,8484965,68,4,61741,5744
2020-08-25,Canada,NA,Quebec,8484965,62,2,61803,5746
2020-08-26,Canada,NA,Quebec,8484965,142,1,61945,5747
2020-08-27,Canada,NA,Quebec,8484965,81,3,62026,5750
2020-08-28,Canada,NA,Quebec,8484965,50,5,62076,5755
2020-08-29,Canada,NA,Quebec,8484965,156,0,62232,5755
2020-08-30,Canada,NA,Quebec,8484965,120,3,62352,5758
2020-08-31,Canada,NA,Quebec,8484965,140,2,62492,5760
2020-09-01,Canada,NA,Quebec,8484965,122,2,62614,5762
2020-09-02,Canada,NA,Quebec,8484965,132,2,62746,5764
2020-09-03,Canada,NA,Quebec,8484965,187,3,62933,5767
2020-09-04,Canada,NA,Quebec,8484965,184,0,63117,5767
2020-09-05,Canada,NA,Quebec,8484965,175,2,63292,5769
2020-09-06,Canada,NA,Quebec,8484965,205,0,63497,5769
2020-09-07,Canada,NA,Quebec,8484965,216,1,63713,5770
2020-09-08,Canada,NA,Quebec,8484965,163,0,63876,5770
2020-09-09,Canada,NA,Quebec,8484965,180,1,64056,5771
2020-09-10,Canada,NA,Quebec,8484965,188,2,64244,5773
2020-09-11,Canada,NA,Quebec,8484965,219,1,64463,5774
2020-09-12,Canada,NA,Quebec,8484965,244,6,64707,5780
2020-09-13,Canada,NA,Quebec,8484965,279,0,64986,5780
2020-09-14,Canada,NA,Quebec,8484965,276,0,65262,5780
2020-09-15,Canada,NA,Quebec,8484965,292,5,65554,5785
2020-03-21,Canada,NA,Saskatchewan,1168057,18,0,25,0
2020-03-22,Canada,NA,Saskatchewan,1168057,8,0,33,0
2020-03-23,Canada,NA,Saskatchewan,1168057,14,0,65,0
2020-03-24,Canada,NA,Saskatchewan,1168057,6,0,72,0
2020-03-25,Canada,NA,Saskatchewan,1168057,14,0,86,0
2020-03-26,Canada,NA,Saskatchewan,1168057,9,0,95,0
2020-03-27,Canada,NA,Saskatchewan,1168057,9,0,104,0
2020-03-28,Canada,NA,Saskatchewan,1168057,30,0,134,0
2020-03-29,Canada,NA,Saskatchewan,1168057,0,0,134,0
2020-03-30,Canada,NA,Saskatchewan,1168057,41,2,175,2
2020-03-31,Canada,NA,Saskatchewan,1168057,9,0,184,2
2020-04-01,Canada,NA,Saskatchewan,1168057,9,1,193,3
2020-04-02,Canada,NA,Saskatchewan,1168057,13,0,206,3
2020-04-03,Canada,NA,Saskatchewan,1168057,14,0,220,3
2020-04-04,Canada,NA,Saskatchewan,1168057,11,0,231,3
2020-04-05,Canada,NA,Saskatchewan,1168057,18,0,249,3
2020-04-06,Canada,NA,Saskatchewan,1168057,4,0,253,3
2020-04-07,Canada,NA,Saskatchewan,1168057,7,0,260,3
2020-04-08,Canada,NA,Saskatchewan,1168057,11,0,271,3
2020-04-09,Canada,NA,Saskatchewan,1168057,7,0,278,3
2020-04-10,Canada,NA,Saskatchewan,1168057,7,0,285,3
2020-04-11,Canada,NA,Saskatchewan,1168057,4,1,289,4
2020-04-12,Canada,NA,Saskatchewan,1168057,9,0,296,4
2020-04-13,Canada,NA,Saskatchewan,1168057,2,0,300,4
2020-04-14,Canada,NA,Saskatchewan,1168057,1,0,301,4
2020-04-15,Canada,NA,Saskatchewan,1168057,3,0,304,4
2020-04-16,Canada,NA,Saskatchewan,1168057,1,0,305,4
2020-04-17,Canada,NA,Saskatchewan,1168057,2,0,306,4
2020-04-18,Canada,NA,Saskatchewan,1168057,6,0,310,4
2020-04-19,Canada,NA,Saskatchewan,1168057,2,0,314,4
2020-04-20,Canada,NA,Saskatchewan,1168057,1,0,316,4
2020-04-21,Canada,NA,Saskatchewan,1168057,4,0,320,4
2020-04-22,Canada,NA,Saskatchewan,1168057,6,0,326,4
2020-04-23,Canada,NA,Saskatchewan,1168057,5,0,331,4
2020-04-24,Canada,NA,Saskatchewan,1168057,10,0,341,4
2020-04-25,Canada,NA,Saskatchewan,1168057,8,0,347,4
2020-04-26,Canada,NA,Saskatchewan,1168057,4,0,353,4
2020-04-27,Canada,NA,Saskatchewan,1168057,12,1,365,5
2020-04-28,Canada,NA,Saskatchewan,1168057,1,0,366,5
2020-04-29,Canada,NA,Saskatchewan,1168057,17,1,383,6
2020-04-30,Canada,NA,Saskatchewan,1168057,6,0,389,6
2020-05-01,Canada,NA,Saskatchewan,1168057,26,0,415,6
2020-05-02,Canada,NA,Saskatchewan,1168057,6,0,421,6
2020-05-03,Canada,NA,Saskatchewan,1168057,12,0,433,6
2020-05-04,Canada,NA,Saskatchewan,1168057,34,0,467,6
2020-05-05,Canada,NA,Saskatchewan,1168057,20,0,487,6
2020-05-06,Canada,NA,Saskatchewan,1168057,25,0,512,6
2020-05-07,Canada,NA,Saskatchewan,1168057,19,0,531,6
2020-05-08,Canada,NA,Saskatchewan,1168057,13,0,544,6
2020-05-09,Canada,NA,Saskatchewan,1168057,9,0,553,6
2020-05-10,Canada,NA,Saskatchewan,1168057,11,0,564,6
2020-05-11,Canada,NA,Saskatchewan,1168057,4,0,568,6
2020-05-12,Canada,NA,Saskatchewan,1168057,5,0,573,6
2020-05-13,Canada,NA,Saskatchewan,1168057,4,0,577,6
2020-05-14,Canada,NA,Saskatchewan,1168057,5,0,582,6
2020-05-15,Canada,NA,Saskatchewan,1168057,8,0,590,6
2020-05-16,Canada,NA,Saskatchewan,1168057,1,0,591,6
2020-05-17,Canada,NA,Saskatchewan,1168057,1,0,592,6
2020-05-18,Canada,NA,Saskatchewan,1168057,0,0,592,6
2020-05-19,Canada,NA,Saskatchewan,1168057,7,0,599,6
2020-05-20,Canada,NA,Saskatchewan,1168057,21,0,620,6
2020-05-21,Canada,NA,Saskatchewan,1168057,2,1,622,7
2020-05-22,Canada,NA,Saskatchewan,1168057,5,0,627,7
2020-05-23,Canada,NA,Saskatchewan,1168057,3,0,630,7
2020-05-24,Canada,NA,Saskatchewan,1168057,2,0,632,7
2020-05-25,Canada,NA,Saskatchewan,1168057,2,0,634,7
2020-05-26,Canada,NA,Saskatchewan,1168057,0,1,634,8
2020-05-27,Canada,NA,Saskatchewan,1168057,3,2,637,10
2020-05-28,Canada,NA,Saskatchewan,1168057,2,0,639,10
2020-05-29,Canada,NA,Saskatchewan,1168057,2,0,641,10
2020-05-30,Canada,NA,Saskatchewan,1168057,4,0,645,10
2020-05-31,Canada,NA,Saskatchewan,1168057,1,1,646,11
2020-06-01,Canada,NA,Saskatchewan,1168057,0,0,646,11
2020-06-02,Canada,NA,Saskatchewan,1168057,0,0,646,11
2020-06-03,Canada,NA,Saskatchewan,1168057,1,0,647,11
2020-06-04,Canada,NA,Saskatchewan,1168057,1,0,648,11
2020-06-05,Canada,NA,Saskatchewan,1168057,1,0,649,11
2020-06-06,Canada,NA,Saskatchewan,1168057,1,0,650,11
2020-06-07,Canada,NA,Saskatchewan,1168057,0,0,650,11
2020-06-08,Canada,NA,Saskatchewan,1168057,4,2,654,13
2020-06-09,Canada,NA,Saskatchewan,1168057,2,0,656,13
2020-06-10,Canada,NA,Saskatchewan,1168057,2,0,658,13
2020-06-11,Canada,NA,Saskatchewan,1168057,2,0,660,13
2020-06-12,Canada,NA,Saskatchewan,1168057,3,0,663,13
2020-06-13,Canada,NA,Saskatchewan,1168057,1,0,664,13
2020-06-14,Canada,NA,Saskatchewan,1168057,1,0,665,13
2020-06-15,Canada,NA,Saskatchewan,1168057,18,0,683,13
2020-06-16,Canada,NA,Saskatchewan,1168057,1,0,684,13
2020-06-17,Canada,NA,Saskatchewan,1168057,9,0,693,13
2020-06-18,Canada,NA,Saskatchewan,1168057,15,0,708,13
2020-06-19,Canada,NA,Saskatchewan,1168057,8,0,716,13
2020-06-20,Canada,NA,Saskatchewan,1168057,10,0,726,13
2020-06-21,Canada,NA,Saskatchewan,1168057,20,0,746,13
2020-06-22,Canada,NA,Saskatchewan,1168057,5,0,751,13
2020-06-23,Canada,NA,Saskatchewan,1168057,2,0,753,13
2020-06-24,Canada,NA,Saskatchewan,1168057,4,0,757,13
2020-06-25,Canada,NA,Saskatchewan,1168057,2,0,759,13
2020-06-26,Canada,NA,Saskatchewan,1168057,13,0,772,13
2020-06-27,Canada,NA,Saskatchewan,1168057,5,0,777,13
2020-06-28,Canada,NA,Saskatchewan,1168057,1,0,778,13
2020-06-29,Canada,NA,Saskatchewan,1168057,1,0,779,13
2020-06-30,Canada,NA,Saskatchewan,1168057,6,0,785,13
2020-07-01,Canada,NA,Saskatchewan,1168057,0,0,785,13
2020-07-02,Canada,NA,Saskatchewan,1168057,10,1,795,14
2020-07-03,Canada,NA,Saskatchewan,1168057,1,0,796,14
2020-07-04,Canada,NA,Saskatchewan,1168057,0,0,796,14
2020-07-05,Canada,NA,Saskatchewan,1168057,0,0,796,14
2020-07-06,Canada,NA,Saskatchewan,1168057,9,0,805,14
2020-07-07,Canada,NA,Saskatchewan,1168057,1,1,806,15
2020-07-08,Canada,NA,Saskatchewan,1168057,2,0,808,15
2020-07-09,Canada,NA,Saskatchewan,1168057,5,0,813,15
2020-07-10,Canada,NA,Saskatchewan,1168057,2,0,815,15
2020-07-11,Canada,NA,Saskatchewan,1168057,0,0,815,15
2020-07-12,Canada,NA,Saskatchewan,1168057,0,0,815,15
2020-07-13,Canada,NA,Saskatchewan,1168057,56,0,871,15
2020-07-14,Canada,NA,Saskatchewan,1168057,5,0,876,15
2020-07-15,Canada,NA,Saskatchewan,1168057,5,0,881,15
2020-07-16,Canada,NA,Saskatchewan,1168057,42,0,923,15
2020-07-17,Canada,NA,Saskatchewan,1168057,13,0,936,15
2020-07-18,Canada,NA,Saskatchewan,1168057,5,0,941,15
2020-07-19,Canada,NA,Saskatchewan,1168057,2,0,943,15
2020-07-20,Canada,NA,Saskatchewan,1168057,19,0,962,15
2020-07-21,Canada,NA,Saskatchewan,1168057,8,0,970,15
2020-07-22,Canada,NA,Saskatchewan,1168057,60,0,1030,15
2020-07-23,Canada,NA,Saskatchewan,1168057,42,1,1072,16
2020-07-24,Canada,NA,Saskatchewan,1168057,27,0,1099,16
2020-07-25,Canada,NA,Saskatchewan,1168057,37,0,1136,16
2020-07-26,Canada,NA,Saskatchewan,1168057,42,0,1178,16
2020-07-27,Canada,NA,Saskatchewan,1168057,31,0,1209,16
2020-07-28,Canada,NA,Saskatchewan,1168057,9,1,1218,17
2020-07-29,Canada,NA,Saskatchewan,1168057,50,0,1268,17
2020-07-30,Canada,NA,Saskatchewan,1168057,38,1,1306,18
2020-07-31,Canada,NA,Saskatchewan,1168057,13,0,1319,18
2020-08-01,Canada,NA,Saskatchewan,1168057,15,0,1334,18
2020-08-02,Canada,NA,Saskatchewan,1168057,8,0,1342,18
2020-08-03,Canada,NA,Saskatchewan,1168057,17,0,1359,18
2020-08-04,Canada,NA,Saskatchewan,1168057,9,0,1368,18
2020-08-05,Canada,NA,Saskatchewan,1168057,8,0,1376,18
2020-08-06,Canada,NA,Saskatchewan,1168057,11,1,1387,19
2020-08-07,Canada,NA,Saskatchewan,1168057,22,1,1409,20
2020-08-08,Canada,NA,Saskatchewan,1168057,24,0,1433,20
2020-08-09,Canada,NA,Saskatchewan,1168057,12,0,1445,20
2020-08-10,Canada,NA,Saskatchewan,1168057,5,0,1450,20
2020-08-11,Canada,NA,Saskatchewan,1168057,29,0,1479,20
2020-08-12,Canada,NA,Saskatchewan,1168057,5,0,1484,20
2020-08-13,Canada,NA,Saskatchewan,1168057,27,0,1511,20
2020-08-14,Canada,NA,Saskatchewan,1168057,30,0,1541,20
2020-08-15,Canada,NA,Saskatchewan,1168057,25,1,1566,21
2020-08-16,Canada,NA,Saskatchewan,1168057,14,1,1580,22
2020-08-17,Canada,NA,Saskatchewan,1168057,1,0,1581,22
2020-08-18,Canada,NA,Saskatchewan,1168057,1,0,1582,22
2020-08-19,Canada,NA,Saskatchewan,1168057,4,0,1586,22
2020-08-20,Canada,NA,Saskatchewan,1168057,4,0,1590,22
2020-08-21,Canada,NA,Saskatchewan,1168057,5,0,1595,22
2020-08-22,Canada,NA,Saskatchewan,1168057,2,0,1597,22
2020-08-23,Canada,NA,Saskatchewan,1168057,3,0,1600,22
2020-08-24,Canada,NA,Saskatchewan,1168057,2,0,1602,22
2020-08-25,Canada,NA,Saskatchewan,1168057,0,1,1602,23
2020-08-26,Canada,NA,Saskatchewan,1168057,3,1,1604,24
2020-08-27,Canada,NA,Saskatchewan,1168057,5,0,1609,24
2020-08-28,Canada,NA,Saskatchewan,1168057,2,0,1611,24
2020-08-29,Canada,NA,Saskatchewan,1168057,4,0,1615,24
2020-08-30,Canada,NA,Saskatchewan,1168057,0,0,1615,24
2020-08-31,Canada,NA,Saskatchewan,1168057,4,0,1619,24
2020-09-01,Canada,NA,Saskatchewan,1168057,3,0,1622,24
2020-09-02,Canada,NA,Saskatchewan,1168057,2,0,1624,24
2020-09-03,Canada,NA,Saskatchewan,1168057,10,0,1634,24
2020-09-04,Canada,NA,Saskatchewan,1168057,4,0,1638,24
2020-09-05,Canada,NA,Saskatchewan,1168057,5,0,1643,24
2020-09-06,Canada,NA,Saskatchewan,1168057,8,0,1651,24
2020-09-07,Canada,NA,Saskatchewan,1168057,11,0,1662,24
2020-09-08,Canada,NA,Saskatchewan,1168057,7,0,1669,24
2020-09-09,Canada,NA,Saskatchewan,1168057,1,0,1670,24
2020-09-10,Canada,NA,Saskatchewan,1168057,6,0,1676,24
2020-09-11,Canada,NA,Saskatchewan,1168057,12,0,1688,24
2020-09-12,Canada,NA,Saskatchewan,1168057,21,0,1709,24
2020-09-13,Canada,NA,Saskatchewan,1168057,17,0,1726,24
2020-09-14,Canada,NA,Saskatchewan,1168057,5,0,1731,24
2020-09-15,Canada,NA,Saskatchewan,1168057,10,0,1741,24
2020-03-22,Chile,NA,Antofagasta,607534,1,0,11,0
2020-03-23,Chile,NA,Antofagasta,607534,0,0,11,0
2020-03-24,Chile,NA,Antofagasta,607534,2,0,13,0
2020-03-25,Chile,NA,Antofagasta,607534,6,0,19,0
2020-03-26,Chile,NA,Antofagasta,607534,1,0,20,0
2020-03-27,Chile,NA,Antofagasta,607534,1,0,21,0
2020-03-28,Chile,NA,Antofagasta,607534,4,0,25,0
2020-03-29,Chile,NA,Antofagasta,607534,2,0,27,0
2020-03-30,Chile,NA,Antofagasta,607534,8,0,35,0
2020-03-31,Chile,NA,Antofagasta,607534,0,0,35,0
2020-04-01,Chile,NA,Antofagasta,607534,4,0,39,0
2020-04-02,Chile,NA,Antofagasta,607534,8,0,47,0
2020-04-03,Chile,NA,Antofagasta,607534,7,0,54,0
2020-04-04,Chile,NA,Antofagasta,607534,1,0,55,0
2020-04-05,Chile,NA,Antofagasta,607534,5,0,60,0
2020-04-06,Chile,NA,Antofagasta,607534,8,0,68,0
2020-04-07,Chile,NA,Antofagasta,607534,1,1,69,1
2020-04-08,Chile,NA,Antofagasta,607534,8,0,77,1
2020-04-09,Chile,NA,Antofagasta,607534,15,0,92,1
2020-04-10,Chile,NA,Antofagasta,607534,18,0,110,1
2020-04-11,Chile,NA,Antofagasta,607534,7,0,117,1
2020-04-12,Chile,NA,Antofagasta,607534,21,0,138,1
2020-04-13,Chile,NA,Antofagasta,607534,11,0,149,1
2020-04-14,Chile,NA,Antofagasta,607534,6,0,155,1
2020-04-15,Chile,NA,Antofagasta,607534,21,0,176,1
2020-04-16,Chile,NA,Antofagasta,607534,16,0,192,1
2020-04-17,Chile,NA,Antofagasta,607534,19,0,211,1
2020-04-18,Chile,NA,Antofagasta,607534,15,0,226,1
2020-04-19,Chile,NA,Antofagasta,607534,23,0,249,1
2020-04-20,Chile,NA,Antofagasta,607534,14,0,263,1
2020-04-21,Chile,NA,Antofagasta,607534,28,0,291,1
2020-04-22,Chile,NA,Antofagasta,607534,35,1,326,2
2020-04-23,Chile,NA,Antofagasta,607534,14,0,340,2
2020-04-24,Chile,NA,Antofagasta,607534,26,0,366,2
2020-04-25,Chile,NA,Antofagasta,607534,25,1,391,3
2020-04-26,Chile,NA,Antofagasta,607534,52,1,443,4
2020-04-27,Chile,NA,Antofagasta,607534,14,0,457,4
2020-04-28,Chile,NA,Antofagasta,607534,24,0,481,4
2020-04-29,Chile,NA,Antofagasta,607534,33,0,514,4
2020-04-30,Chile,NA,Antofagasta,607534,32,1,546,5
2020-05-01,Chile,NA,Antofagasta,607534,43,2,589,7
2020-05-02,Chile,NA,Antofagasta,607534,90,0,679,7
2020-05-03,Chile,NA,Antofagasta,607534,61,0,740,7
2020-05-04,Chile,NA,Antofagasta,607534,20,0,760,7
2020-05-05,Chile,NA,Antofagasta,607534,51,0,811,7
2020-05-06,Chile,NA,Antofagasta,607534,44,0,855,7
2020-05-07,Chile,NA,Antofagasta,607534,40,0,895,7
2020-05-08,Chile,NA,Antofagasta,607534,28,2,923,9
2020-05-09,Chile,NA,Antofagasta,607534,24,1,947,10
2020-05-10,Chile,NA,Antofagasta,607534,31,0,978,10
2020-05-11,Chile,NA,Antofagasta,607534,36,0,1014,10
2020-05-12,Chile,NA,Antofagasta,607534,95,0,1109,10
2020-05-13,Chile,NA,Antofagasta,607534,107,1,1216,11
2020-05-14,Chile,NA,Antofagasta,607534,61,0,1277,11
2020-05-15,Chile,NA,Antofagasta,607534,54,1,1331,12
2020-05-16,Chile,NA,Antofagasta,607534,98,0,1429,12
2020-05-17,Chile,NA,Antofagasta,607534,76,1,1505,13
2020-05-18,Chile,NA,Antofagasta,607534,84,1,1589,14
2020-05-19,Chile,NA,Antofagasta,607534,59,2,1648,16
2020-05-20,Chile,NA,Antofagasta,607534,83,1,1731,17
2020-05-21,Chile,NA,Antofagasta,607534,47,0,1778,17
2020-05-22,Chile,NA,Antofagasta,607534,63,0,1841,17
2020-05-23,Chile,NA,Antofagasta,607534,56,4,1897,21
2020-05-24,Chile,NA,Antofagasta,607534,50,0,1947,21
2020-05-25,Chile,NA,Antofagasta,607534,68,0,2015,21
2020-05-26,Chile,NA,Antofagasta,607534,48,2,2063,23
2020-05-27,Chile,NA,Antofagasta,607534,74,2,2137,25
2020-05-28,Chile,NA,Antofagasta,607534,111,3,2248,28
2020-05-29,Chile,NA,Antofagasta,607534,70,0,2318,28
2020-05-30,Chile,NA,Antofagasta,607534,111,1,2429,29
2020-05-31,Chile,NA,Antofagasta,607534,81,2,2510,31
2020-06-01,Chile,NA,Antofagasta,607534,75,1,2585,32
2020-06-02,Chile,NA,Antofagasta,607534,64,2,2649,34
2020-06-03,Chile,NA,Antofagasta,607534,67,2,2716,36
2020-06-04,Chile,NA,Antofagasta,607534,146,2,2862,38
2020-06-05,Chile,NA,Antofagasta,607534,62,4,2924,42
2020-06-06,Chile,NA,Antofagasta,607534,109,5,3033,47
2020-06-07,Chile,NA,Antofagasta,607534,121,0,3154,47
2020-06-08,Chile,NA,Antofagasta,607534,91,1,3245,47
2020-06-09,Chile,NA,Antofagasta,607534,157,0,3402,47
2020-06-10,Chile,NA,Antofagasta,607534,157,11,3559,56
2020-06-11,Chile,NA,Antofagasta,607534,194,1,3753,57
2020-06-12,Chile,NA,Antofagasta,607534,132,8,3885,65
2020-06-13,Chile,NA,Antofagasta,607534,153,2,4038,67
2020-06-14,Chile,NA,Antofagasta,607534,248,5,4286,72
2020-06-15,Chile,NA,Antofagasta,607534,270,0,4556,72
2020-06-16,Chile,NA,Antofagasta,607534,87,0,4643,72
2020-06-17,Chile,NA,Antofagasta,607534,126,9,4769,81
2020-06-18,Chile,NA,Antofagasta,607534,287,6,5056,87
2020-06-19,Chile,NA,Antofagasta,607534,300,6,5356,93
2020-06-20,Chile,NA,Antofagasta,607534,387,1,5743,94
2020-06-21,Chile,NA,Antofagasta,607534,246,6,5989,100
2020-06-22,Chile,NA,Antofagasta,607534,247,0,6236,100
2020-06-23,Chile,NA,Antofagasta,607534,283,0,6519,100
2020-06-24,Chile,NA,Antofagasta,607534,236,13,6755,113
2020-06-25,Chile,NA,Antofagasta,607534,288,9,7043,122
2020-06-26,Chile,NA,Antofagasta,607534,227,6,7270,128
2020-06-27,Chile,NA,Antofagasta,607534,285,14,7555,142
2020-06-28,Chile,NA,Antofagasta,607534,281,5,7836,147
2020-06-29,Chile,NA,Antofagasta,607534,317,0,8153,147
2020-06-30,Chile,NA,Antofagasta,607534,204,0,8357,147
2020-07-01,Chile,NA,Antofagasta,607534,254,0,8611,147
2020-07-02,Chile,NA,Antofagasta,607534,202,16,8813,163
2020-07-03,Chile,NA,Antofagasta,607534,285,8,9098,171
2020-07-04,Chile,NA,Antofagasta,607534,253,3,9351,174
2020-07-05,Chile,NA,Antofagasta,607534,296,9,9647,183
2020-07-06,Chile,NA,Antofagasta,607534,236,0,9883,183
2020-07-07,Chile,NA,Antofagasta,607534,239,0,10122,183
2020-07-08,Chile,NA,Antofagasta,607534,231,14,10353,197
2020-07-09,Chile,NA,Antofagasta,607534,252,6,10605,203
2020-07-10,Chile,NA,Antofagasta,607534,190,13,10795,216
2020-07-11,Chile,NA,Antofagasta,607534,313,2,11108,218
2020-07-12,Chile,NA,Antofagasta,607534,219,6,11327,224
2020-07-13,Chile,NA,Antofagasta,607534,235,1,11562,225
2020-07-14,Chile,NA,Antofagasta,607534,190,3,11752,228
2020-07-15,Chile,NA,Antofagasta,607534,165,4,11917,232
2020-07-16,Chile,NA,Antofagasta,607534,195,4,12112,236
2020-07-17,Chile,NA,Antofagasta,607534,216,35,12328,271
2020-07-18,Chile,NA,Antofagasta,607534,188,8,12516,279
2020-07-19,Chile,NA,Antofagasta,607534,199,1,12715,280
2020-07-20,Chile,NA,Antofagasta,607534,116,13,12831,293
2020-07-21,Chile,NA,Antofagasta,607534,80,0,12911,293
2020-07-22,Chile,NA,Antofagasta,607534,173,5,13084,298
2020-07-23,Chile,NA,Antofagasta,607534,165,7,13249,305
2020-07-24,Chile,NA,Antofagasta,607534,155,5,13404,310
2020-07-25,Chile,NA,Antofagasta,607534,131,6,13535,316
2020-07-26,Chile,NA,Antofagasta,607534,155,12,13690,328
2020-07-27,Chile,NA,Antofagasta,607534,151,4,13841,332
2020-07-28,Chile,NA,Antofagasta,607534,128,2,13969,334
2020-07-29,Chile,NA,Antofagasta,607534,140,1,14109,335
2020-07-30,Chile,NA,Antofagasta,607534,88,6,14197,341
2020-07-31,Chile,NA,Antofagasta,607534,151,6,14348,347
2020-08-01,Chile,NA,Antofagasta,607534,129,5,14477,352
2020-08-02,Chile,NA,Antofagasta,607534,140,1,14617,353
2020-08-03,Chile,NA,Antofagasta,607534,154,5,14771,358
2020-08-04,Chile,NA,Antofagasta,607534,85,0,14856,358
2020-08-05,Chile,NA,Antofagasta,607534,162,3,15018,361
2020-08-06,Chile,NA,Antofagasta,607534,132,6,15150,367
2020-08-07,Chile,NA,Antofagasta,607534,128,5,15278,372
2020-08-08,Chile,NA,Antofagasta,607534,161,4,15439,376
2020-08-09,Chile,NA,Antofagasta,607534,134,2,15573,378
2020-08-10,Chile,NA,Antofagasta,607534,150,3,15723,381
2020-08-11,Chile,NA,Antofagasta,607534,85,6,15808,387
2020-08-12,Chile,NA,Antofagasta,607534,83,1,15891,388
2020-08-13,Chile,NA,Antofagasta,607534,106,4,15997,392
2020-08-14,Chile,NA,Antofagasta,607534,134,2,16131,394
2020-08-15,Chile,NA,Antofagasta,607534,102,5,16233,399
2020-08-16,Chile,NA,Antofagasta,607534,125,4,16358,403
2020-08-17,Chile,NA,Antofagasta,607534,112,4,16470,407
2020-08-18,Chile,NA,Antofagasta,607534,63,3,16533,410
2020-08-19,Chile,NA,Antofagasta,607534,74,1,16607,411
2020-08-20,Chile,NA,Antofagasta,607534,71,4,16678,415
2020-08-21,Chile,NA,Antofagasta,607534,135,1,16813,416
2020-08-22,Chile,NA,Antofagasta,607534,85,1,16898,417
2020-08-23,Chile,NA,Antofagasta,607534,73,2,16971,419
2020-08-24,Chile,NA,Antofagasta,607534,135,3,17106,422
2020-08-25,Chile,NA,Antofagasta,607534,57,4,17163,426
2020-08-26,Chile,NA,Antofagasta,607534,86,2,17249,428
2020-08-27,Chile,NA,Antofagasta,607534,101,4,17350,432
2020-08-28,Chile,NA,Antofagasta,607534,72,5,17422,437
2020-08-29,Chile,NA,Antofagasta,607534,104,2,17526,439
2020-08-30,Chile,NA,Antofagasta,607534,108,3,17634,442
2020-08-31,Chile,NA,Antofagasta,607534,61,2,17695,444
2020-09-01,Chile,NA,Antofagasta,607534,61,2,17756,446
2020-09-02,Chile,NA,Antofagasta,607534,66,0,17822,446
2020-09-03,Chile,NA,Antofagasta,607534,89,2,17911,448
2020-09-04,Chile,NA,Antofagasta,607534,70,2,17981,450
2020-09-05,Chile,NA,Antofagasta,607534,84,3,18065,453
2020-09-06,Chile,NA,Antofagasta,607534,88,3,18153,456
2020-09-07,Chile,NA,Antofagasta,607534,84,2,18237,458
2020-09-08,Chile,NA,Antofagasta,607534,67,2,18304,460
2020-09-09,Chile,NA,Antofagasta,607534,51,0,18355,460
2020-09-10,Chile,NA,Antofagasta,607534,77,6,18432,466
2020-09-11,Chile,NA,Antofagasta,607534,62,4,18494,470
2020-09-12,Chile,NA,Antofagasta,607534,59,3,18553,473
2020-09-13,Chile,NA,Antofagasta,607534,55,0,18608,473
2020-09-14,Chile,NA,Antofagasta,607534,69,5,18677,478
2020-09-15,Chile,NA,Antofagasta,607534,54,0,18731,478
2020-03-21,Chile,NA,Araucania,957224,6,0,15,0
2020-03-22,Chile,NA,Araucania,957224,12,0,27,0
2020-03-23,Chile,NA,Araucania,957224,13,0,40,0
2020-03-24,Chile,NA,Araucania,957224,19,0,59,0
2020-03-25,Chile,NA,Araucania,957224,15,0,74,0
2020-03-26,Chile,NA,Araucania,957224,37,0,111,0
2020-03-27,Chile,NA,Araucania,957224,32,0,143,0
2020-03-28,Chile,NA,Araucania,957224,34,1,177,1
2020-03-29,Chile,NA,Araucania,957224,28,1,205,2
2020-03-30,Chile,NA,Araucania,957224,42,0,247,2
2020-03-31,Chile,NA,Araucania,957224,55,2,302,4
2020-04-01,Chile,NA,Araucania,957224,41,2,343,6
2020-04-02,Chile,NA,Araucania,957224,46,1,389,7
2020-04-03,Chile,NA,Araucania,957224,43,0,432,7
2020-04-04,Chile,NA,Araucania,957224,45,2,477,9
2020-04-05,Chile,NA,Araucania,957224,32,4,509,13
2020-04-06,Chile,NA,Araucania,957224,53,1,562,14
2020-04-07,Chile,NA,Araucania,957224,50,0,612,14
2020-04-08,Chile,NA,Araucania,957224,57,1,669,15
2020-04-09,Chile,NA,Araucania,957224,20,1,689,16
2020-04-10,Chile,NA,Araucania,957224,23,0,712,16
2020-04-11,Chile,NA,Araucania,957224,27,1,739,17
2020-04-12,Chile,NA,Araucania,957224,36,0,775,17
2020-04-13,Chile,NA,Araucania,957224,20,0,795,17
2020-04-14,Chile,NA,Araucania,957224,21,3,816,20
2020-04-15,Chile,NA,Araucania,957224,10,1,826,21
2020-04-16,Chile,NA,Araucania,957224,56,0,882,21
2020-04-17,Chile,NA,Araucania,957224,25,1,907,22
2020-04-18,Chile,NA,Araucania,957224,37,1,944,23
2020-04-19,Chile,NA,Araucania,957224,28,0,972,23
2020-04-20,Chile,NA,Araucania,957224,73,0,1045,23
2020-04-21,Chile,NA,Araucania,957224,47,2,1092,25
2020-04-22,Chile,NA,Araucania,957224,21,1,1113,26
2020-04-23,Chile,NA,Araucania,957224,29,0,1142,26
2020-04-24,Chile,NA,Araucania,957224,42,0,1184,26
2020-04-25,Chile,NA,Araucania,957224,19,1,1203,27
2020-04-26,Chile,NA,Araucania,957224,13,2,1216,29
2020-04-27,Chile,NA,Araucania,957224,20,3,1236,32
2020-04-28,Chile,NA,Araucania,957224,15,0,1251,32
2020-04-29,Chile,NA,Araucania,957224,22,0,1273,32
2020-04-30,Chile,NA,Araucania,957224,20,3,1293,35
2020-05-01,Chile,NA,Araucania,957224,2,1,1295,36
2020-05-02,Chile,NA,Araucania,957224,19,0,1314,36
2020-05-03,Chile,NA,Araucania,957224,14,0,1328,36
2020-05-04,Chile,NA,Araucania,957224,3,0,1331,36
2020-05-05,Chile,NA,Araucania,957224,21,0,1352,36
2020-05-06,Chile,NA,Araucania,957224,10,0,1362,36
2020-05-07,Chile,NA,Araucania,957224,23,0,1385,36
2020-05-08,Chile,NA,Araucania,957224,18,0,1403,36
2020-05-09,Chile,NA,Araucania,957224,15,0,1418,36
2020-05-10,Chile,NA,Araucania,957224,36,1,1454,37
2020-05-11,Chile,NA,Araucania,957224,12,1,1466,38
2020-05-12,Chile,NA,Araucania,957224,16,1,1482,39
2020-05-13,Chile,NA,Araucania,957224,13,0,1495,39
2020-05-14,Chile,NA,Araucania,957224,41,2,1536,41
2020-05-15,Chile,NA,Araucania,957224,28,2,1564,43
2020-05-16,Chile,NA,Araucania,957224,23,0,1587,43
2020-05-17,Chile,NA,Araucania,957224,19,1,1606,44
2020-05-18,Chile,NA,Araucania,957224,33,0,1639,44
2020-05-19,Chile,NA,Araucania,957224,27,0,1666,44
2020-05-20,Chile,NA,Araucania,957224,14,0,1680,44
2020-05-21,Chile,NA,Araucania,957224,35,0,1715,44
2020-05-22,Chile,NA,Araucania,957224,22,1,1737,45
2020-05-23,Chile,NA,Araucania,957224,37,0,1774,45
2020-05-24,Chile,NA,Araucania,957224,34,0,1808,45
2020-05-25,Chile,NA,Araucania,957224,49,0,1857,45
2020-05-26,Chile,NA,Araucania,957224,26,0,1883,45
2020-05-27,Chile,NA,Araucania,957224,33,0,1916,45
2020-05-28,Chile,NA,Araucania,957224,38,0,1954,45
2020-05-29,Chile,NA,Araucania,957224,35,2,1989,47
2020-05-30,Chile,NA,Araucania,957224,71,0,2060,47
2020-05-31,Chile,NA,Araucania,957224,11,0,2071,47
2020-06-01,Chile,NA,Araucania,957224,40,0,2111,47
2020-06-02,Chile,NA,Araucania,957224,30,0,2141,47
2020-06-03,Chile,NA,Araucania,957224,32,0,2173,47
2020-06-04,Chile,NA,Araucania,957224,9,0,2182,47
2020-06-05,Chile,NA,Araucania,957224,106,1,2288,48
2020-06-06,Chile,NA,Araucania,957224,33,1,2321,49
2020-06-07,Chile,NA,Araucania,957224,56,0,2377,49
2020-06-08,Chile,NA,Araucania,957224,33,1,2410,49
2020-06-09,Chile,NA,Araucania,957224,35,0,2445,49
2020-06-10,Chile,NA,Araucania,957224,43,1,2488,49
2020-06-11,Chile,NA,Araucania,957224,47,1,2535,49
2020-06-12,Chile,NA,Araucania,957224,44,1,2579,49
2020-06-13,Chile,NA,Araucania,957224,66,1,2645,49
2020-06-14,Chile,NA,Araucania,957224,30,0,2675,49
2020-06-15,Chile,NA,Araucania,957224,53,0,2728,49
2020-06-16,Chile,NA,Araucania,957224,47,0,2775,49
2020-06-17,Chile,NA,Araucania,957224,19,0,2794,49
2020-06-18,Chile,NA,Araucania,957224,49,1,2843,49
2020-06-19,Chile,NA,Araucania,957224,33,1,2876,49
2020-06-20,Chile,NA,Araucania,957224,23,1,2899,49
2020-06-21,Chile,NA,Araucania,957224,49,0,2948,49
2020-06-22,Chile,NA,Araucania,957224,40,0,2988,49
2020-06-23,Chile,NA,Araucania,957224,18,0,3006,49
2020-06-24,Chile,NA,Araucania,957224,10,1,3016,49
2020-06-25,Chile,NA,Araucania,957224,27,0,3043,49
2020-06-26,Chile,NA,Araucania,957224,41,0,3084,49
2020-06-27,Chile,NA,Araucania,957224,23,0,3107,49
2020-06-28,Chile,NA,Araucania,957224,44,1,3151,49
2020-06-29,Chile,NA,Araucania,957224,40,0,3191,49
2020-06-30,Chile,NA,Araucania,957224,19,0,3210,49
2020-07-01,Chile,NA,Araucania,957224,15,0,3225,49
2020-07-02,Chile,NA,Araucania,957224,21,0,3246,49
2020-07-03,Chile,NA,Araucania,957224,57,3,3303,49
2020-07-04,Chile,NA,Araucania,957224,45,0,3348,49
2020-07-05,Chile,NA,Araucania,957224,30,1,3378,49
2020-07-06,Chile,NA,Araucania,957224,54,0,3432,49
2020-07-07,Chile,NA,Araucania,957224,19,0,3451,49
2020-07-08,Chile,NA,Araucania,957224,10,1,3461,49
2020-07-09,Chile,NA,Araucania,957224,23,1,3484,49
2020-07-10,Chile,NA,Araucania,957224,33,0,3517,49
2020-07-11,Chile,NA,Araucania,957224,19,0,3536,49
2020-07-12,Chile,NA,Araucania,957224,38,1,3574,49
2020-07-13,Chile,NA,Araucania,957224,9,0,3583,49
2020-07-14,Chile,NA,Araucania,957224,11,0,3594,49
2020-07-15,Chile,NA,Araucania,957224,36,1,3630,49
2020-07-16,Chile,NA,Araucania,957224,25,0,3655,49
2020-07-17,Chile,NA,Araucania,957224,21,22,3676,71
2020-07-18,Chile,NA,Araucania,957224,8,0,3684,71
2020-07-19,Chile,NA,Araucania,957224,22,0,3706,71
2020-07-20,Chile,NA,Araucania,957224,23,0,3729,71
2020-07-21,Chile,NA,Araucania,957224,27,0,3756,71
2020-07-22,Chile,NA,Araucania,957224,22,0,3778,71
2020-07-23,Chile,NA,Araucania,957224,24,3,3802,74
2020-07-24,Chile,NA,Araucania,957224,46,0,3848,74
2020-07-25,Chile,NA,Araucania,957224,26,2,3874,76
2020-07-26,Chile,NA,Araucania,957224,23,1,3897,77
2020-07-27,Chile,NA,Araucania,957224,45,0,3942,77
2020-07-28,Chile,NA,Araucania,957224,31,0,3973,77
2020-07-29,Chile,NA,Araucania,957224,45,0,4018,77
2020-07-30,Chile,NA,Araucania,957224,26,0,4044,77
2020-07-31,Chile,NA,Araucania,957224,46,1,4090,78
2020-08-01,Chile,NA,Araucania,957224,28,0,4118,78
2020-08-02,Chile,NA,Araucania,957224,42,1,4160,79
2020-08-03,Chile,NA,Araucania,957224,44,0,4204,79
2020-08-04,Chile,NA,Araucania,957224,27,0,4231,79
2020-08-05,Chile,NA,Araucania,957224,19,0,4250,79
2020-08-06,Chile,NA,Araucania,957224,57,2,4307,81
2020-08-07,Chile,NA,Araucania,957224,30,1,4337,82
2020-08-08,Chile,NA,Araucania,957224,21,1,4358,83
2020-08-09,Chile,NA,Araucania,957224,32,0,4390,83
2020-08-10,Chile,NA,Araucania,957224,40,0,4430,83
2020-08-11,Chile,NA,Araucania,957224,18,0,4448,83
2020-08-12,Chile,NA,Araucania,957224,35,0,4483,83
2020-08-13,Chile,NA,Araucania,957224,38,0,4521,83
2020-08-14,Chile,NA,Araucania,957224,36,1,4557,84
2020-08-15,Chile,NA,Araucania,957224,46,1,4603,85
2020-08-16,Chile,NA,Araucania,957224,29,1,4632,86
2020-08-17,Chile,NA,Araucania,957224,23,0,4655,86
2020-08-18,Chile,NA,Araucania,957224,41,0,4696,86
2020-08-19,Chile,NA,Araucania,957224,30,0,4726,86
2020-08-20,Chile,NA,Araucania,957224,37,1,4763,87
2020-08-21,Chile,NA,Araucania,957224,62,1,4825,88
2020-08-22,Chile,NA,Araucania,957224,48,1,4873,89
2020-08-23,Chile,NA,Araucania,957224,25,1,4898,90
2020-08-24,Chile,NA,Araucania,957224,16,2,4914,92
2020-08-25,Chile,NA,Araucania,957224,40,0,4954,92
2020-08-26,Chile,NA,Araucania,957224,27,0,4981,92
2020-08-27,Chile,NA,Araucania,957224,16,1,4997,93
2020-08-28,Chile,NA,Araucania,957224,43,1,5040,94
2020-08-29,Chile,NA,Araucania,957224,40,0,5080,94
2020-08-30,Chile,NA,Araucania,957224,33,0,5113,94
2020-08-31,Chile,NA,Araucania,957224,31,0,5144,94
2020-09-01,Chile,NA,Araucania,957224,35,0,5179,94
2020-09-02,Chile,NA,Araucania,957224,43,0,5222,94
2020-09-03,Chile,NA,Araucania,957224,60,2,5282,96
2020-09-04,Chile,NA,Araucania,957224,61,0,5343,96
2020-09-05,Chile,NA,Araucania,957224,48,0,5391,96
2020-09-06,Chile,NA,Araucania,957224,45,0,5436,96
2020-09-07,Chile,NA,Araucania,957224,44,0,5480,96
2020-09-08,Chile,NA,Araucania,957224,37,0,5517,96
2020-09-09,Chile,NA,Araucania,957224,71,0,5588,96
2020-09-10,Chile,NA,Araucania,957224,72,0,5660,96
2020-09-11,Chile,NA,Araucania,957224,91,1,5751,97
2020-09-12,Chile,NA,Araucania,957224,72,1,5823,98
2020-09-13,Chile,NA,Araucania,957224,86,1,5909,99
2020-09-14,Chile,NA,Araucania,957224,51,1,5960,100
2020-09-15,Chile,NA,Araucania,957224,99,1,6059,101
2020-04-03,Chile,NA,Arica y Parinacota,226068,5,0,12,0
2020-04-04,Chile,NA,Arica y Parinacota,226068,0,0,12,0
2020-04-05,Chile,NA,Arica y Parinacota,226068,16,0,28,0
2020-04-06,Chile,NA,Arica y Parinacota,226068,13,0,41,0
2020-04-07,Chile,NA,Arica y Parinacota,226068,12,0,53,0
2020-04-08,Chile,NA,Arica y Parinacota,226068,10,0,63,0
2020-04-09,Chile,NA,Arica y Parinacota,226068,12,0,75,0
2020-04-10,Chile,NA,Arica y Parinacota,226068,12,0,87,0
2020-04-11,Chile,NA,Arica y Parinacota,226068,20,0,107,0
2020-04-12,Chile,NA,Arica y Parinacota,226068,8,1,115,1
2020-04-13,Chile,NA,Arica y Parinacota,226068,0,0,115,1
2020-04-14,Chile,NA,Arica y Parinacota,226068,5,0,120,1
2020-04-15,Chile,NA,Arica y Parinacota,226068,4,0,124,1
2020-04-16,Chile,NA,Arica y Parinacota,226068,5,0,129,1
2020-04-17,Chile,NA,Arica y Parinacota,226068,5,1,134,2
2020-04-18,Chile,NA,Arica y Parinacota,226068,8,0,142,2
2020-04-19,Chile,NA,Arica y Parinacota,226068,3,0,145,2
2020-04-20,Chile,NA,Arica y Parinacota,226068,16,0,161,2
2020-04-21,Chile,NA,Arica y Parinacota,226068,9,0,170,2
2020-04-22,Chile,NA,Arica y Parinacota,226068,10,0,180,2
2020-04-23,Chile,NA,Arica y Parinacota,226068,30,0,210,2
2020-04-24,Chile,NA,Arica y Parinacota,226068,29,1,239,3
2020-04-25,Chile,NA,Arica y Parinacota,226068,6,0,245,3
2020-04-26,Chile,NA,Arica y Parinacota,226068,7,0,252,3
2020-04-27,Chile,NA,Arica y Parinacota,226068,13,0,265,3
2020-04-28,Chile,NA,Arica y Parinacota,226068,3,0,268,3
2020-04-29,Chile,NA,Arica y Parinacota,226068,4,1,272,4
2020-04-30,Chile,NA,Arica y Parinacota,226068,7,0,279,4
2020-05-01,Chile,NA,Arica y Parinacota,226068,18,0,297,4
2020-05-02,Chile,NA,Arica y Parinacota,226068,10,0,307,4
2020-05-03,Chile,NA,Arica y Parinacota,226068,1,0,308,4
2020-05-04,Chile,NA,Arica y Parinacota,226068,0,0,308,4
2020-05-05,Chile,NA,Arica y Parinacota,226068,7,0,315,4
2020-05-06,Chile,NA,Arica y Parinacota,226068,3,1,318,5
2020-05-07,Chile,NA,Arica y Parinacota,226068,7,1,325,6
2020-05-08,Chile,NA,Arica y Parinacota,226068,2,0,327,6
2020-05-09,Chile,NA,Arica y Parinacota,226068,10,0,337,6
2020-05-10,Chile,NA,Arica y Parinacota,226068,3,0,340,6
2020-05-11,Chile,NA,Arica y Parinacota,226068,11,1,351,7
2020-05-12,Chile,NA,Arica y Parinacota,226068,0,0,351,7
2020-05-13,Chile,NA,Arica y Parinacota,226068,8,0,359,7
2020-05-14,Chile,NA,Arica y Parinacota,226068,4,0,363,7
2020-05-15,Chile,NA,Arica y Parinacota,226068,5,0,368,7
2020-05-16,Chile,NA,Arica y Parinacota,226068,9,0,377,7
2020-05-17,Chile,NA,Arica y Parinacota,226068,1,0,378,7
2020-05-18,Chile,NA,Arica y Parinacota,226068,20,0,398,7
2020-05-19,Chile,NA,Arica y Parinacota,226068,24,0,422,7
2020-05-20,Chile,NA,Arica y Parinacota,226068,2,0,424,7
2020-05-21,Chile,NA,Arica y Parinacota,226068,29,0,453,7
2020-05-22,Chile,NA,Arica y Parinacota,226068,18,0,471,7
2020-05-23,Chile,NA,Arica y Parinacota,226068,11,0,482,7
2020-05-24,Chile,NA,Arica y Parinacota,226068,16,0,498,7
2020-05-25,Chile,NA,Arica y Parinacota,226068,15,0,513,7
2020-05-26,Chile,NA,Arica y Parinacota,226068,9,0,522,7
2020-05-27,Chile,NA,Arica y Parinacota,226068,19,0,541,7
2020-05-28,Chile,NA,Arica y Parinacota,226068,21,0,562,7
2020-05-29,Chile,NA,Arica y Parinacota,226068,20,0,582,7
2020-05-30,Chile,NA,Arica y Parinacota,226068,6,0,588,7
2020-05-31,Chile,NA,Arica y Parinacota,226068,31,0,619,7
2020-06-01,Chile,NA,Arica y Parinacota,226068,17,1,636,8
2020-06-02,Chile,NA,Arica y Parinacota,226068,18,0,654,8
2020-06-03,Chile,NA,Arica y Parinacota,226068,47,0,701,8
2020-06-04,Chile,NA,Arica y Parinacota,226068,35,0,736,8
2020-06-05,Chile,NA,Arica y Parinacota,226068,46,1,782,9
2020-06-06,Chile,NA,Arica y Parinacota,226068,37,0,819,9
2020-06-07,Chile,NA,Arica y Parinacota,226068,31,0,850,9
2020-06-08,Chile,NA,Arica y Parinacota,226068,24,0,874,9
2020-06-09,Chile,NA,Arica y Parinacota,226068,40,0,914,9
2020-06-10,Chile,NA,Arica y Parinacota,226068,16,2,930,10
2020-06-11,Chile,NA,Arica y Parinacota,226068,37,0,967,10
2020-06-12,Chile,NA,Arica y Parinacota,226068,44,0,1011,10
2020-06-13,Chile,NA,Arica y Parinacota,226068,51,0,1062,10
2020-06-14,Chile,NA,Arica y Parinacota,226068,47,1,1109,11
2020-06-15,Chile,NA,Arica y Parinacota,226068,30,0,1139,11
2020-06-16,Chile,NA,Arica y Parinacota,226068,17,0,1156,11
2020-06-17,Chile,NA,Arica y Parinacota,226068,56,0,1212,11
2020-06-18,Chile,NA,Arica y Parinacota,226068,21,1,1233,12
2020-06-19,Chile,NA,Arica y Parinacota,226068,56,0,1289,12
2020-06-20,Chile,NA,Arica y Parinacota,226068,30,0,1319,12
2020-06-21,Chile,NA,Arica y Parinacota,226068,46,0,1365,12
2020-06-22,Chile,NA,Arica y Parinacota,226068,49,0,1414,12
2020-06-23,Chile,NA,Arica y Parinacota,226068,23,0,1437,12
2020-06-24,Chile,NA,Arica y Parinacota,226068,30,3,1467,15
2020-06-25,Chile,NA,Arica y Parinacota,226068,38,1,1505,16
2020-06-26,Chile,NA,Arica y Parinacota,226068,37,3,1542,19
2020-06-27,Chile,NA,Arica y Parinacota,226068,63,1,1605,20
2020-06-28,Chile,NA,Arica y Parinacota,226068,38,0,1643,20
2020-06-29,Chile,NA,Arica y Parinacota,226068,36,0,1679,20
2020-06-30,Chile,NA,Arica y Parinacota,226068,28,0,1707,20
2020-07-01,Chile,NA,Arica y Parinacota,226068,63,0,1770,20
2020-07-02,Chile,NA,Arica y Parinacota,226068,56,1,1826,21
2020-07-03,Chile,NA,Arica y Parinacota,226068,57,1,1883,22
2020-07-04,Chile,NA,Arica y Parinacota,226068,60,0,1943,22
2020-07-05,Chile,NA,Arica y Parinacota,226068,57,0,2000,22
2020-07-06,Chile,NA,Arica y Parinacota,226068,81,0,2081,22
2020-07-07,Chile,NA,Arica y Parinacota,226068,32,0,2113,22
2020-07-08,Chile,NA,Arica y Parinacota,226068,60,2,2173,24
2020-07-09,Chile,NA,Arica y Parinacota,226068,94,0,2267,24
2020-07-10,Chile,NA,Arica y Parinacota,226068,49,2,2316,26
2020-07-11,Chile,NA,Arica y Parinacota,226068,73,0,2389,26
2020-07-12,Chile,NA,Arica y Parinacota,226068,72,2,2461,28
2020-07-13,Chile,NA,Arica y Parinacota,226068,95,0,2556,28
2020-07-14,Chile,NA,Arica y Parinacota,226068,76,0,2632,28
2020-07-15,Chile,NA,Arica y Parinacota,226068,97,3,2729,31
2020-07-16,Chile,NA,Arica y Parinacota,226068,104,1,2833,32
2020-07-17,Chile,NA,Arica y Parinacota,226068,96,2,2929,34
2020-07-18,Chile,NA,Arica y Parinacota,226068,76,1,3005,35
2020-07-19,Chile,NA,Arica y Parinacota,226068,44,1,3049,36
2020-07-20,Chile,NA,Arica y Parinacota,226068,132,4,3181,40
2020-07-21,Chile,NA,Arica y Parinacota,226068,103,0,3284,40
2020-07-22,Chile,NA,Arica y Parinacota,226068,59,0,3343,40
2020-07-23,Chile,NA,Arica y Parinacota,226068,132,1,3475,41
2020-07-24,Chile,NA,Arica y Parinacota,226068,144,2,3619,43
2020-07-25,Chile,NA,Arica y Parinacota,226068,100,3,3719,46
2020-07-26,Chile,NA,Arica y Parinacota,226068,135,1,3854,47
2020-07-27,Chile,NA,Arica y Parinacota,226068,77,4,3931,51
2020-07-28,Chile,NA,Arica y Parinacota,226068,121,0,4052,51
2020-07-29,Chile,NA,Arica y Parinacota,226068,99,0,4151,51
2020-07-30,Chile,NA,Arica y Parinacota,226068,99,5,4250,56
2020-07-31,Chile,NA,Arica y Parinacota,226068,85,2,4335,58
2020-08-01,Chile,NA,Arica y Parinacota,226068,106,2,4441,60
2020-08-02,Chile,NA,Arica y Parinacota,226068,75,3,4516,63
2020-08-03,Chile,NA,Arica y Parinacota,226068,59,5,4575,68
2020-08-04,Chile,NA,Arica y Parinacota,226068,78,0,4653,68
2020-08-05,Chile,NA,Arica y Parinacota,226068,64,0,4717,68
2020-08-06,Chile,NA,Arica y Parinacota,226068,98,5,4815,73
2020-08-07,Chile,NA,Arica y Parinacota,226068,86,1,4901,74
2020-08-08,Chile,NA,Arica y Parinacota,226068,77,2,4978,76
2020-08-09,Chile,NA,Arica y Parinacota,226068,150,1,5128,77
2020-08-10,Chile,NA,Arica y Parinacota,226068,103,1,5231,78
2020-08-11,Chile,NA,Arica y Parinacota,226068,93,0,5324,78
2020-08-12,Chile,NA,Arica y Parinacota,226068,117,0,5441,78
2020-08-13,Chile,NA,Arica y Parinacota,226068,61,2,5502,80
2020-08-14,Chile,NA,Arica y Parinacota,226068,83,1,5585,81
2020-08-15,Chile,NA,Arica y Parinacota,226068,97,1,5682,82
2020-08-16,Chile,NA,Arica y Parinacota,226068,87,3,5769,85
2020-08-17,Chile,NA,Arica y Parinacota,226068,68,0,5837,85
2020-08-18,Chile,NA,Arica y Parinacota,226068,51,0,5888,85
2020-08-19,Chile,NA,Arica y Parinacota,226068,36,0,5924,85
2020-08-20,Chile,NA,Arica y Parinacota,226068,69,8,5993,93
2020-08-21,Chile,NA,Arica y Parinacota,226068,79,2,6072,95
2020-08-22,Chile,NA,Arica y Parinacota,226068,84,2,6156,97
2020-08-23,Chile,NA,Arica y Parinacota,226068,43,1,6199,98
2020-08-24,Chile,NA,Arica y Parinacota,226068,80,2,6279,100
2020-08-25,Chile,NA,Arica y Parinacota,226068,39,0,6318,100
2020-08-26,Chile,NA,Arica y Parinacota,226068,45,0,6363,100
2020-08-27,Chile,NA,Arica y Parinacota,226068,44,4,6407,104
2020-08-28,Chile,NA,Arica y Parinacota,226068,63,2,6470,106
2020-08-29,Chile,NA,Arica y Parinacota,226068,56,0,6526,106
2020-08-30,Chile,NA,Arica y Parinacota,226068,61,1,6587,107
2020-08-31,Chile,NA,Arica y Parinacota,226068,67,0,6654,107
2020-09-01,Chile,NA,Arica y Parinacota,226068,55,1,6709,108
2020-09-02,Chile,NA,Arica y Parinacota,226068,25,0,6734,108
2020-09-03,Chile,NA,Arica y Parinacota,226068,62,4,6796,112
2020-09-04,Chile,NA,Arica y Parinacota,226068,54,2,6850,114
2020-09-05,Chile,NA,Arica y Parinacota,226068,50,1,6900,115
2020-09-06,Chile,NA,Arica y Parinacota,226068,55,2,6955,117
2020-09-07,Chile,NA,Arica y Parinacota,226068,63,2,7018,119
2020-09-08,Chile,NA,Arica y Parinacota,226068,39,0,7057,119
2020-09-09,Chile,NA,Arica y Parinacota,226068,32,0,7089,119
2020-09-10,Chile,NA,Arica y Parinacota,226068,37,4,7126,123
2020-09-11,Chile,NA,Arica y Parinacota,226068,49,3,7175,126
2020-09-12,Chile,NA,Arica y Parinacota,226068,40,2,7215,128
2020-09-13,Chile,NA,Arica y Parinacota,226068,54,3,7269,131
2020-09-14,Chile,NA,Arica y Parinacota,226068,50,2,7319,133
2020-09-15,Chile,NA,Arica y Parinacota,226068,47,0,7366,133
2020-04-10,Chile,NA,Atacama,286168,3,0,13,0
2020-04-11,Chile,NA,Atacama,286168,0,0,13,0
2020-04-12,Chile,NA,Atacama,286168,0,0,13,0
2020-04-13,Chile,NA,Atacama,286168,0,0,13,0
2020-04-14,Chile,NA,Atacama,286168,0,0,13,0
2020-04-15,Chile,NA,Atacama,286168,0,0,13,0
2020-04-16,Chile,NA,Atacama,286168,0,0,13,0
2020-04-17,Chile,NA,Atacama,286168,0,0,13,0
2020-04-18,Chile,NA,Atacama,286168,0,0,13,0
2020-04-19,Chile,NA,Atacama,286168,0,0,13,0
2020-04-20,Chile,NA,Atacama,286168,0,0,13,0
2020-04-21,Chile,NA,Atacama,286168,0,0,13,0
2020-04-22,Chile,NA,Atacama,286168,0,0,13,0
2020-04-23,Chile,NA,Atacama,286168,5,0,18,0
2020-04-24,Chile,NA,Atacama,286168,3,0,21,0
2020-04-25,Chile,NA,Atacama,286168,3,0,24,0
2020-04-26,Chile,NA,Atacama,286168,5,0,29,0
2020-04-27,Chile,NA,Atacama,286168,6,0,35,0
2020-04-28,Chile,NA,Atacama,286168,0,0,35,0
2020-04-29,Chile,NA,Atacama,286168,7,0,42,0
2020-04-30,Chile,NA,Atacama,286168,1,0,43,0
2020-05-01,Chile,NA,Atacama,286168,0,0,43,0
2020-05-02,Chile,NA,Atacama,286168,16,0,59,0
2020-05-03,Chile,NA,Atacama,286168,8,0,67,0
2020-05-04,Chile,NA,Atacama,286168,3,0,70,0
2020-05-05,Chile,NA,Atacama,286168,8,0,78,0
2020-05-06,Chile,NA,Atacama,286168,2,0,80,0
2020-05-07,Chile,NA,Atacama,286168,7,0,87,0
2020-05-08,Chile,NA,Atacama,286168,1,0,88,0
2020-05-09,Chile,NA,Atacama,286168,29,0,117,0
2020-05-10,Chile,NA,Atacama,286168,7,0,124,0
2020-05-11,Chile,NA,Atacama,286168,9,0,133,0
2020-05-12,Chile,NA,Atacama,286168,1,0,134,0
2020-05-13,Chile,NA,Atacama,286168,5,0,139,0
2020-05-14,Chile,NA,Atacama,286168,1,0,140,0
2020-05-15,Chile,NA,Atacama,286168,3,0,143,0
2020-05-16,Chile,NA,Atacama,286168,3,0,146,0
2020-05-17,Chile,NA,Atacama,286168,3,0,149,0
2020-05-18,Chile,NA,Atacama,286168,8,0,157,0
2020-05-19,Chile,NA,Atacama,286168,1,0,158,0
2020-05-20,Chile,NA,Atacama,286168,5,0,163,0
2020-05-21,Chile,NA,Atacama,286168,5,0,168,0
2020-05-22,Chile,NA,Atacama,286168,7,0,175,0
2020-05-23,Chile,NA,Atacama,286168,7,0,182,0
2020-05-24,Chile,NA,Atacama,286168,0,0,182,0
2020-05-25,Chile,NA,Atacama,286168,3,0,185,0
2020-05-26,Chile,NA,Atacama,286168,3,0,188,0
2020-05-27,Chile,NA,Atacama,286168,9,0,197,0
2020-05-28,Chile,NA,Atacama,286168,5,0,202,0
2020-05-29,Chile,NA,Atacama,286168,5,0,207,0
2020-05-30,Chile,NA,Atacama,286168,8,0,215,0
2020-05-31,Chile,NA,Atacama,286168,3,0,218,0
2020-06-01,Chile,NA,Atacama,286168,14,0,232,0
2020-06-02,Chile,NA,Atacama,286168,4,0,236,0
2020-06-03,Chile,NA,Atacama,286168,6,0,242,0
2020-06-04,Chile,NA,Atacama,286168,16,0,258,0
2020-06-05,Chile,NA,Atacama,286168,11,0,269,0
2020-06-06,Chile,NA,Atacama,286168,12,0,281,0
2020-06-07,Chile,NA,Atacama,286168,25,0,306,0
2020-06-08,Chile,NA,Atacama,286168,33,0,339,0
2020-06-09,Chile,NA,Atacama,286168,9,0,348,0
2020-06-10,Chile,NA,Atacama,286168,17,0,365,0
2020-06-11,Chile,NA,Atacama,286168,24,0,389,0
2020-06-12,Chile,NA,Atacama,286168,24,0,413,0
2020-06-13,Chile,NA,Atacama,286168,23,0,436,0
2020-06-14,Chile,NA,Atacama,286168,12,0,448,0
2020-06-15,Chile,NA,Atacama,286168,36,0,484,0
2020-06-16,Chile,NA,Atacama,286168,18,0,502,0
2020-06-17,Chile,NA,Atacama,286168,49,0,551,0
2020-06-18,Chile,NA,Atacama,286168,25,0,576,0
2020-06-19,Chile,NA,Atacama,286168,37,0,613,0
2020-06-20,Chile,NA,Atacama,286168,27,1,640,1
2020-06-21,Chile,NA,Atacama,286168,33,1,673,2
2020-06-22,Chile,NA,Atacama,286168,35,0,708,2
2020-06-23,Chile,NA,Atacama,286168,29,0,737,2
2020-06-24,Chile,NA,Atacama,286168,38,0,775,2
2020-06-25,Chile,NA,Atacama,286168,52,0,827,2
2020-06-26,Chile,NA,Atacama,286168,50,0,877,2
2020-06-27,Chile,NA,Atacama,286168,38,0,915,2
2020-06-28,Chile,NA,Atacama,286168,31,0,946,2
2020-06-29,Chile,NA,Atacama,286168,50,0,996,2
2020-06-30,Chile,NA,Atacama,286168,37,0,1033,2
2020-07-01,Chile,NA,Atacama,286168,71,0,1104,2
2020-07-02,Chile,NA,Atacama,286168,21,0,1125,2
2020-07-03,Chile,NA,Atacama,286168,31,1,1156,3
2020-07-04,Chile,NA,Atacama,286168,42,2,1198,5
2020-07-05,Chile,NA,Atacama,286168,45,0,1243,5
2020-07-06,Chile,NA,Atacama,286168,48,0,1291,5
2020-07-07,Chile,NA,Atacama,286168,22,0,1313,5
2020-07-08,Chile,NA,Atacama,286168,34,2,1347,7
2020-07-09,Chile,NA,Atacama,286168,72,0,1419,7
2020-07-10,Chile,NA,Atacama,286168,38,2,1457,9
2020-07-11,Chile,NA,Atacama,286168,55,0,1512,9
2020-07-12,Chile,NA,Atacama,286168,54,0,1566,9
2020-07-13,Chile,NA,Atacama,286168,57,0,1623,9
2020-07-14,Chile,NA,Atacama,286168,41,0,1664,9
2020-07-15,Chile,NA,Atacama,286168,48,1,1712,10
2020-07-16,Chile,NA,Atacama,286168,23,0,1735,10
2020-07-17,Chile,NA,Atacama,286168,2,0,1737,10
2020-07-18,Chile,NA,Atacama,286168,43,0,1780,10
2020-07-19,Chile,NA,Atacama,286168,40,0,1820,10
2020-07-20,Chile,NA,Atacama,286168,38,0,1858,10
2020-07-21,Chile,NA,Atacama,286168,63,0,1921,10
2020-07-22,Chile,NA,Atacama,286168,31,0,1952,10
2020-07-23,Chile,NA,Atacama,286168,61,0,2013,10
2020-07-24,Chile,NA,Atacama,286168,61,1,2074,10
2020-07-25,Chile,NA,Atacama,286168,74,0,2148,10
2020-07-26,Chile,NA,Atacama,286168,156,2,2304,12
2020-07-27,Chile,NA,Atacama,286168,14,0,2318,12
2020-07-28,Chile,NA,Atacama,286168,48,0,2366,12
2020-07-29,Chile,NA,Atacama,286168,62,0,2428,12
2020-07-30,Chile,NA,Atacama,286168,114,0,2542,12
2020-07-31,Chile,NA,Atacama,286168,117,0,2659,12
2020-08-01,Chile,NA,Atacama,286168,95,0,2754,12
2020-08-02,Chile,NA,Atacama,286168,99,1,2853,13
2020-08-03,Chile,NA,Atacama,286168,133,0,2986,13
2020-08-04,Chile,NA,Atacama,286168,34,1,3020,14
2020-08-05,Chile,NA,Atacama,286168,167,0,3187,14
2020-08-06,Chile,NA,Atacama,286168,60,2,3247,16
2020-08-07,Chile,NA,Atacama,286168,129,3,3376,19
2020-08-08,Chile,NA,Atacama,286168,138,0,3514,19
2020-08-09,Chile,NA,Atacama,286168,13,0,3527,19
2020-08-10,Chile,NA,Atacama,286168,304,2,3831,21
2020-08-11,Chile,NA,Atacama,286168,130,0,3961,21
2020-08-12,Chile,NA,Atacama,286168,110,0,4071,21
2020-08-13,Chile,NA,Atacama,286168,87,2,4158,23
2020-08-14,Chile,NA,Atacama,286168,117,1,4275,24
2020-08-15,Chile,NA,Atacama,286168,125,2,4400,26
2020-08-16,Chile,NA,Atacama,286168,133,3,4533,29
2020-08-17,Chile,NA,Atacama,286168,111,0,4644,29
2020-08-18,Chile,NA,Atacama,286168,127,0,4771,29
2020-08-19,Chile,NA,Atacama,286168,63,0,4834,29
2020-08-20,Chile,NA,Atacama,286168,43,7,4877,36
2020-08-21,Chile,NA,Atacama,286168,70,1,4947,37
2020-08-22,Chile,NA,Atacama,286168,102,2,5049,39
2020-08-23,Chile,NA,Atacama,286168,67,1,5116,40
2020-08-24,Chile,NA,Atacama,286168,103,0,5219,40
2020-08-25,Chile,NA,Atacama,286168,89,0,5308,40
2020-08-26,Chile,NA,Atacama,286168,28,0,5336,40
2020-08-27,Chile,NA,Atacama,286168,38,6,5374,46
2020-08-28,Chile,NA,Atacama,286168,67,0,5441,46
2020-08-29,Chile,NA,Atacama,286168,76,0,5517,46
2020-08-30,Chile,NA,Atacama,286168,69,0,5586,46
2020-08-31,Chile,NA,Atacama,286168,45,1,5631,47
2020-09-01,Chile,NA,Atacama,286168,68,0,5699,47
2020-09-02,Chile,NA,Atacama,286168,56,0,5755,47
2020-09-03,Chile,NA,Atacama,286168,14,0,5769,47
2020-09-04,Chile,NA,Atacama,286168,36,3,5805,50
2020-09-05,Chile,NA,Atacama,286168,37,1,5842,51
2020-09-06,Chile,NA,Atacama,286168,50,0,5892,51
2020-09-07,Chile,NA,Atacama,286168,35,0,5927,51
2020-09-08,Chile,NA,Atacama,286168,51,0,5978,51
2020-09-09,Chile,NA,Atacama,286168,67,0,6045,51
2020-09-10,Chile,NA,Atacama,286168,28,0,6073,51
2020-09-11,Chile,NA,Atacama,286168,53,1,6126,52
2020-09-12,Chile,NA,Atacama,286168,44,0,6170,52
2020-09-13,Chile,NA,Atacama,286168,46,1,6216,53
2020-09-14,Chile,NA,Atacama,286168,45,0,6261,53
2020-09-15,Chile,NA,Atacama,286168,76,0,6337,53
2020-03-19,Chile,NA,Biobio,1556805,7,0,14,0
2020-03-20,Chile,NA,Biobio,1556805,5,0,19,0
2020-03-21,Chile,NA,Biobio,1556805,11,0,30,0
2020-03-22,Chile,NA,Biobio,1556805,5,0,35,0
2020-03-23,Chile,NA,Biobio,1556805,11,0,46,0
2020-03-24,Chile,NA,Biobio,1556805,27,0,73,0
2020-03-25,Chile,NA,Biobio,1556805,22,1,95,1
2020-03-26,Chile,NA,Biobio,1556805,14,0,109,1
2020-03-27,Chile,NA,Biobio,1556805,26,1,135,2
2020-03-28,Chile,NA,Biobio,1556805,16,0,151,2
2020-03-29,Chile,NA,Biobio,1556805,34,0,185,2
2020-03-30,Chile,NA,Biobio,1556805,16,0,201,2
2020-03-31,Chile,NA,Biobio,1556805,15,0,216,2
2020-04-01,Chile,NA,Biobio,1556805,24,0,240,2
2020-04-02,Chile,NA,Biobio,1556805,35,0,275,2
2020-04-03,Chile,NA,Biobio,1556805,27,0,302,2
2020-04-04,Chile,NA,Biobio,1556805,45,0,347,2
2020-04-05,Chile,NA,Biobio,1556805,18,0,365,2
2020-04-06,Chile,NA,Biobio,1556805,18,0,383,2
2020-04-07,Chile,NA,Biobio,1556805,27,0,410,2
2020-04-08,Chile,NA,Biobio,1556805,29,0,439,2
2020-04-09,Chile,NA,Biobio,1556805,21,0,460,2
2020-04-10,Chile,NA,Biobio,1556805,14,0,474,2
2020-04-11,Chile,NA,Biobio,1556805,16,0,490,2
2020-04-12,Chile,NA,Biobio,1556805,10,0,500,2
2020-04-13,Chile,NA,Biobio,1556805,12,0,512,2
2020-04-14,Chile,NA,Biobio,1556805,16,0,528,2
2020-04-15,Chile,NA,Biobio,1556805,14,0,542,2
2020-04-16,Chile,NA,Biobio,1556805,17,0,559,2
2020-04-17,Chile,NA,Biobio,1556805,19,1,578,3
2020-04-18,Chile,NA,Biobio,1556805,28,0,606,3
2020-04-19,Chile,NA,Biobio,1556805,10,0,616,3
2020-04-20,Chile,NA,Biobio,1556805,10,0,626,3
2020-04-21,Chile,NA,Biobio,1556805,10,1,636,4
2020-04-22,Chile,NA,Biobio,1556805,22,1,658,5
2020-04-23,Chile,NA,Biobio,1556805,17,0,675,5
2020-04-24,Chile,NA,Biobio,1556805,8,0,683,5
2020-04-25,Chile,NA,Biobio,1556805,13,0,696,5
2020-04-26,Chile,NA,Biobio,1556805,7,1,703,6
2020-04-27,Chile,NA,Biobio,1556805,3,0,706,6
2020-04-28,Chile,NA,Biobio,1556805,3,1,709,7
2020-04-29,Chile,NA,Biobio,1556805,10,0,719,7
2020-04-30,Chile,NA,Biobio,1556805,8,0,727,7
2020-05-01,Chile,NA,Biobio,1556805,2,0,729,7
2020-05-02,Chile,NA,Biobio,1556805,22,0,751,7
2020-05-03,Chile,NA,Biobio,1556805,8,0,759,7
2020-05-04,Chile,NA,Biobio,1556805,3,1,762,8
2020-05-05,Chile,NA,Biobio,1556805,12,0,774,8
2020-05-06,Chile,NA,Biobio,1556805,15,0,789,8
2020-05-07,Chile,NA,Biobio,1556805,25,0,814,8
2020-05-08,Chile,NA,Biobio,1556805,28,0,842,8
2020-05-09,Chile,NA,Biobio,1556805,40,0,882,8
2020-05-10,Chile,NA,Biobio,1556805,17,0,899,8
2020-05-11,Chile,NA,Biobio,1556805,33,0,932,8
2020-05-12,Chile,NA,Biobio,1556805,10,1,942,9
2020-05-13,Chile,NA,Biobio,1556805,33,0,975,9
2020-05-14,Chile,NA,Biobio,1556805,20,0,995,9
2020-05-15,Chile,NA,Biobio,1556805,41,0,1036,9
2020-05-16,Chile,NA,Biobio,1556805,38,0,1074,9
2020-05-17,Chile,NA,Biobio,1556805,25,0,1099,9
2020-05-18,Chile,NA,Biobio,1556805,45,0,1144,9
2020-05-19,Chile,NA,Biobio,1556805,28,0,1172,9
2020-05-20,Chile,NA,Biobio,1556805,52,0,1224,9
2020-05-21,Chile,NA,Biobio,1556805,39,0,1263,9
2020-05-22,Chile,NA,Biobio,1556805,48,1,1311,10
2020-05-23,Chile,NA,Biobio,1556805,43,0,1354,10
2020-05-24,Chile,NA,Biobio,1556805,60,0,1414,10
2020-05-25,Chile,NA,Biobio,1556805,44,0,1458,10
2020-05-26,Chile,NA,Biobio,1556805,44,0,1502,10
2020-05-27,Chile,NA,Biobio,1556805,63,0,1565,10
2020-05-28,Chile,NA,Biobio,1556805,112,0,1677,10
2020-05-29,Chile,NA,Biobio,1556805,101,1,1778,11
2020-05-30,Chile,NA,Biobio,1556805,110,0,1888,11
2020-05-31,Chile,NA,Biobio,1556805,91,0,1979,11
2020-06-01,Chile,NA,Biobio,1556805,91,0,2070,11
2020-06-02,Chile,NA,Biobio,1556805,12,0,2082,11
2020-06-03,Chile,NA,Biobio,1556805,133,0,2215,11
2020-06-04,Chile,NA,Biobio,1556805,86,2,2301,13
2020-06-05,Chile,NA,Biobio,1556805,78,0,2379,13
2020-06-06,Chile,NA,Biobio,1556805,111,0,2490,13
2020-06-07,Chile,NA,Biobio,1556805,105,0,2595,13
2020-06-08,Chile,NA,Biobio,1556805,56,0,2651,13
2020-06-09,Chile,NA,Biobio,1556805,43,0,2694,13
2020-06-10,Chile,NA,Biobio,1556805,152,0,2846,13
2020-06-11,Chile,NA,Biobio,1556805,128,1,2974,13
2020-06-12,Chile,NA,Biobio,1556805,129,2,3103,14
2020-06-13,Chile,NA,Biobio,1556805,166,2,3269,16
2020-06-14,Chile,NA,Biobio,1556805,132,2,3401,18
2020-06-15,Chile,NA,Biobio,1556805,59,1,3460,19
2020-06-16,Chile,NA,Biobio,1556805,55,0,3515,19
2020-06-17,Chile,NA,Biobio,1556805,171,6,3686,25
2020-06-18,Chile,NA,Biobio,1556805,168,3,3854,28
2020-06-19,Chile,NA,Biobio,1556805,218,3,4072,31
2020-06-20,Chile,NA,Biobio,1556805,257,1,4329,32
2020-06-21,Chile,NA,Biobio,1556805,253,2,4582,34
2020-06-22,Chile,NA,Biobio,1556805,247,1,4829,35
2020-06-23,Chile,NA,Biobio,1556805,170,0,4999,35
2020-06-24,Chile,NA,Biobio,1556805,136,5,5135,40
2020-06-25,Chile,NA,Biobio,1556805,238,2,5373,42
2020-06-26,Chile,NA,Biobio,1556805,256,3,5629,45
2020-06-27,Chile,NA,Biobio,1556805,181,1,5810,46
2020-06-28,Chile,NA,Biobio,1556805,259,4,6069,50
2020-06-29,Chile,NA,Biobio,1556805,197,0,6266,50
2020-06-30,Chile,NA,Biobio,1556805,102,0,6368,50
2020-07-01,Chile,NA,Biobio,1556805,148,0,6516,50
2020-07-02,Chile,NA,Biobio,1556805,106,8,6622,58
2020-07-03,Chile,NA,Biobio,1556805,180,1,6802,59
2020-07-04,Chile,NA,Biobio,1556805,131,2,6933,61
2020-07-05,Chile,NA,Biobio,1556805,194,3,7127,64
2020-07-06,Chile,NA,Biobio,1556805,155,0,7282,64
2020-07-07,Chile,NA,Biobio,1556805,102,0,7384,64
2020-07-08,Chile,NA,Biobio,1556805,103,1,7487,65
2020-07-09,Chile,NA,Biobio,1556805,164,2,7651,67
2020-07-10,Chile,NA,Biobio,1556805,171,1,7822,68
2020-07-11,Chile,NA,Biobio,1556805,144,4,7966,72
2020-07-12,Chile,NA,Biobio,1556805,164,1,8130,73
2020-07-13,Chile,NA,Biobio,1556805,130,0,8260,73
2020-07-14,Chile,NA,Biobio,1556805,91,2,8351,75
2020-07-15,Chile,NA,Biobio,1556805,112,5,8463,80
2020-07-16,Chile,NA,Biobio,1556805,188,2,8651,82
2020-07-17,Chile,NA,Biobio,1556805,156,13,8807,95
2020-07-18,Chile,NA,Biobio,1556805,150,0,8957,95
2020-07-19,Chile,NA,Biobio,1556805,141,1,9098,96
2020-07-20,Chile,NA,Biobio,1556805,148,3,9246,99
2020-07-21,Chile,NA,Biobio,1556805,105,1,9351,100
2020-07-22,Chile,NA,Biobio,1556805,116,2,9467,102
2020-07-23,Chile,NA,Biobio,1556805,170,1,9637,103
2020-07-24,Chile,NA,Biobio,1556805,181,0,9818,103
2020-07-25,Chile,NA,Biobio,1556805,183,1,10001,104
2020-07-26,Chile,NA,Biobio,1556805,182,1,10183,105
2020-07-27,Chile,NA,Biobio,1556805,145,1,10328,106
2020-07-28,Chile,NA,Biobio,1556805,139,1,10467,107
2020-07-29,Chile,NA,Biobio,1556805,143,4,10610,111
2020-07-30,Chile,NA,Biobio,1556805,153,3,10763,114
2020-07-31,Chile,NA,Biobio,1556805,177,5,10940,119
2020-08-01,Chile,NA,Biobio,1556805,174,1,11114,120
2020-08-02,Chile,NA,Biobio,1556805,182,0,11296,120
2020-08-03,Chile,NA,Biobio,1556805,145,4,11441,124
2020-08-04,Chile,NA,Biobio,1556805,121,1,11562,125
2020-08-05,Chile,NA,Biobio,1556805,152,2,11714,127
2020-08-06,Chile,NA,Biobio,1556805,179,4,11893,131
2020-08-07,Chile,NA,Biobio,1556805,227,1,12120,132
2020-08-08,Chile,NA,Biobio,1556805,175,3,12295,135
2020-08-09,Chile,NA,Biobio,1556805,211,4,12506,139
2020-08-10,Chile,NA,Biobio,1556805,130,1,12636,140
2020-08-11,Chile,NA,Biobio,1556805,153,3,12789,143
2020-08-12,Chile,NA,Biobio,1556805,87,2,12876,145
2020-08-13,Chile,NA,Biobio,1556805,222,7,13098,152
2020-08-14,Chile,NA,Biobio,1556805,200,2,13298,154
2020-08-15,Chile,NA,Biobio,1556805,158,2,13456,156
2020-08-16,Chile,NA,Biobio,1556805,209,1,13665,157
2020-08-17,Chile,NA,Biobio,1556805,197,3,13862,160
2020-08-18,Chile,NA,Biobio,1556805,115,1,13977,161
2020-08-19,Chile,NA,Biobio,1556805,136,3,14113,164
2020-08-20,Chile,NA,Biobio,1556805,249,4,14362,168
2020-08-21,Chile,NA,Biobio,1556805,246,2,14608,170
2020-08-22,Chile,NA,Biobio,1556805,218,2,14826,172
2020-08-23,Chile,NA,Biobio,1556805,282,8,15108,180
2020-08-24,Chile,NA,Biobio,1556805,260,8,15368,188
2020-08-25,Chile,NA,Biobio,1556805,148,2,15516,190
2020-08-26,Chile,NA,Biobio,1556805,140,1,15656,191
2020-08-27,Chile,NA,Biobio,1556805,335,8,15991,199
2020-08-28,Chile,NA,Biobio,1556805,253,2,16244,201
2020-08-29,Chile,NA,Biobio,1556805,359,3,16603,204
2020-08-30,Chile,NA,Biobio,1556805,225,2,16828,206
2020-08-31,Chile,NA,Biobio,1556805,260,5,17088,211
2020-09-01,Chile,NA,Biobio,1556805,155,2,17243,213
2020-09-02,Chile,NA,Biobio,1556805,153,2,17396,215
2020-09-03,Chile,NA,Biobio,1556805,251,7,17647,222
2020-09-04,Chile,NA,Biobio,1556805,296,7,17943,229
2020-09-05,Chile,NA,Biobio,1556805,234,3,18177,232
2020-09-06,Chile,NA,Biobio,1556805,291,0,18468,232
2020-09-07,Chile,NA,Biobio,1556805,212,8,18680,240
2020-09-08,Chile,NA,Biobio,1556805,152,1,18832,241
2020-09-09,Chile,NA,Biobio,1556805,165,0,18997,241
2020-09-10,Chile,NA,Biobio,1556805,246,6,19243,247
2020-09-11,Chile,NA,Biobio,1556805,229,8,19472,255
2020-09-12,Chile,NA,Biobio,1556805,238,3,19710,258
2020-09-13,Chile,NA,Biobio,1556805,244,4,19954,262
2020-09-14,Chile,NA,Biobio,1556805,189,3,20143,265
2020-09-15,Chile,NA,Biobio,1556805,176,3,20319,268
2020-03-24,Chile,NA,Coquimbo,757586,5,0,11,0
2020-03-25,Chile,NA,Coquimbo,757586,1,0,12,0
2020-03-26,Chile,NA,Coquimbo,757586,1,0,13,0
2020-03-27,Chile,NA,Coquimbo,757586,1,0,14,0
2020-03-28,Chile,NA,Coquimbo,757586,1,0,15,0
2020-03-29,Chile,NA,Coquimbo,757586,3,0,18,0
2020-03-30,Chile,NA,Coquimbo,757586,9,0,27,0
2020-03-31,Chile,NA,Coquimbo,757586,1,0,28,0
2020-04-01,Chile,NA,Coquimbo,757586,2,0,30,0
2020-04-02,Chile,NA,Coquimbo,757586,4,0,34,0
2020-04-03,Chile,NA,Coquimbo,757586,1,0,35,0
2020-04-04,Chile,NA,Coquimbo,757586,9,0,44,0
2020-04-05,Chile,NA,Coquimbo,757586,6,0,50,0
2020-04-06,Chile,NA,Coquimbo,757586,1,0,51,0
2020-04-07,Chile,NA,Coquimbo,757586,1,0,52,0
2020-04-08,Chile,NA,Coquimbo,757586,4,0,56,0
2020-04-09,Chile,NA,Coquimbo,757586,5,0,61,0
2020-04-10,Chile,NA,Coquimbo,757586,0,0,61,0
2020-04-11,Chile,NA,Coquimbo,757586,3,0,64,0
2020-04-12,Chile,NA,Coquimbo,757586,2,0,66,0
2020-04-13,Chile,NA,Coquimbo,757586,0,0,66,0
2020-04-14,Chile,NA,Coquimbo,757586,0,0,66,0
2020-04-15,Chile,NA,Coquimbo,757586,0,0,66,0
2020-04-16,Chile,NA,Coquimbo,757586,2,0,68,0
2020-04-17,Chile,NA,Coquimbo,757586,0,0,68,0
2020-04-18,Chile,NA,Coquimbo,757586,0,0,68,0
2020-04-19,Chile,NA,Coquimbo,757586,0,0,68,0
2020-04-20,Chile,NA,Coquimbo,757586,1,0,69,0
2020-04-21,Chile,NA,Coquimbo,757586,0,0,69,0
2020-04-22,Chile,NA,Coquimbo,757586,1,0,70,0
2020-04-23,Chile,NA,Coquimbo,757586,0,0,70,0
2020-04-24,Chile,NA,Coquimbo,757586,2,0,72,0
2020-04-25,Chile,NA,Coquimbo,757586,1,0,73,0
2020-04-26,Chile,NA,Coquimbo,757586,0,0,73,0
2020-04-27,Chile,NA,Coquimbo,757586,1,0,74,0
2020-04-28,Chile,NA,Coquimbo,757586,0,0,74,0
2020-04-29,Chile,NA,Coquimbo,757586,2,0,76,0
2020-04-30,Chile,NA,Coquimbo,757586,0,0,76,0
2020-05-01,Chile,NA,Coquimbo,757586,1,0,77,0
2020-05-02,Chile,NA,Coquimbo,757586,1,0,78,0
2020-05-03,Chile,NA,Coquimbo,757586,10,0,88,0
2020-05-04,Chile,NA,Coquimbo,757586,3,0,91,0
2020-05-05,Chile,NA,Coquimbo,757586,6,0,97,0
2020-05-06,Chile,NA,Coquimbo,757586,0,0,97,0
2020-05-07,Chile,NA,Coquimbo,757586,3,0,100,0
2020-05-08,Chile,NA,Coquimbo,757586,11,0,111,0
2020-05-09,Chile,NA,Coquimbo,757586,18,0,129,0
2020-05-10,Chile,NA,Coquimbo,757586,6,1,135,1
2020-05-11,Chile,NA,Coquimbo,757586,5,0,140,1
2020-05-12,Chile,NA,Coquimbo,757586,8,0,148,1
2020-05-13,Chile,NA,Coquimbo,757586,5,0,153,1
2020-05-14,Chile,NA,Coquimbo,757586,12,0,165,1
2020-05-15,Chile,NA,Coquimbo,757586,15,0,180,1
2020-05-16,Chile,NA,Coquimbo,757586,7,1,187,2
2020-05-17,Chile,NA,Coquimbo,757586,7,0,194,2
2020-05-18,Chile,NA,Coquimbo,757586,18,0,212,2
2020-05-19,Chile,NA,Coquimbo,757586,27,0,239,2
2020-05-20,Chile,NA,Coquimbo,757586,24,0,263,2
2020-05-21,Chile,NA,Coquimbo,757586,5,0,268,2
2020-05-22,Chile,NA,Coquimbo,757586,13,0,281,2
2020-05-23,Chile,NA,Coquimbo,757586,13,0,294,2
2020-05-24,Chile,NA,Coquimbo,757586,29,0,323,2
2020-05-25,Chile,NA,Coquimbo,757586,15,0,338,2
2020-05-26,Chile,NA,Coquimbo,757586,46,0,384,2
2020-05-27,Chile,NA,Coquimbo,757586,71,0,455,2
2020-05-28,Chile,NA,Coquimbo,757586,27,0,482,2
2020-05-29,Chile,NA,Coquimbo,757586,55,0,537,2
2020-05-30,Chile,NA,Coquimbo,757586,60,0,597,2
2020-05-31,Chile,NA,Coquimbo,757586,31,0,628,2
2020-06-01,Chile,NA,Coquimbo,757586,40,0,668,2
2020-06-02,Chile,NA,Coquimbo,757586,19,0,687,2
2020-06-03,Chile,NA,Coquimbo,757586,31,2,718,4
2020-06-04,Chile,NA,Coquimbo,757586,54,0,772,4
2020-06-05,Chile,NA,Coquimbo,757586,60,1,832,5
2020-06-06,Chile,NA,Coquimbo,757586,66,0,898,5
2020-06-07,Chile,NA,Coquimbo,757586,92,0,990,5
2020-06-08,Chile,NA,Coquimbo,757586,133,1,1123,5
2020-06-09,Chile,NA,Coquimbo,757586,52,0,1175,5
2020-06-10,Chile,NA,Coquimbo,757586,81,1,1256,6
2020-06-11,Chile,NA,Coquimbo,757586,89,1,1345,7
2020-06-12,Chile,NA,Coquimbo,757586,93,0,1438,7
2020-06-13,Chile,NA,Coquimbo,757586,74,1,1512,8
2020-06-14,Chile,NA,Coquimbo,757586,44,2,1556,10
2020-06-15,Chile,NA,Coquimbo,757586,120,0,1676,10
2020-06-16,Chile,NA,Coquimbo,757586,44,0,1720,10
2020-06-17,Chile,NA,Coquimbo,757586,87,2,1807,12
2020-06-18,Chile,NA,Coquimbo,757586,96,3,1903,15
2020-06-19,Chile,NA,Coquimbo,757586,119,1,2022,16
2020-06-20,Chile,NA,Coquimbo,757586,78,0,2100,16
2020-06-21,Chile,NA,Coquimbo,757586,86,1,2186,17
2020-06-22,Chile,NA,Coquimbo,757586,69,0,2255,17
2020-06-23,Chile,NA,Coquimbo,757586,57,0,2312,17
2020-06-24,Chile,NA,Coquimbo,757586,54,1,2366,18
2020-06-25,Chile,NA,Coquimbo,757586,98,4,2464,22
2020-06-26,Chile,NA,Coquimbo,757586,69,1,2533,23
2020-06-27,Chile,NA,Coquimbo,757586,75,0,2608,23
2020-06-28,Chile,NA,Coquimbo,757586,76,0,2684,23
2020-06-29,Chile,NA,Coquimbo,757586,104,0,2788,23
2020-06-30,Chile,NA,Coquimbo,757586,89,0,2877,23
2020-07-01,Chile,NA,Coquimbo,757586,69,0,2946,23
2020-07-02,Chile,NA,Coquimbo,757586,51,1,2997,24
2020-07-03,Chile,NA,Coquimbo,757586,54,0,3051,24
2020-07-04,Chile,NA,Coquimbo,757586,109,2,3160,26
2020-07-05,Chile,NA,Coquimbo,757586,101,0,3261,26
2020-07-06,Chile,NA,Coquimbo,757586,111,0,3372,26
2020-07-07,Chile,NA,Coquimbo,757586,76,0,3448,26
2020-07-08,Chile,NA,Coquimbo,757586,67,1,3515,27
2020-07-09,Chile,NA,Coquimbo,757586,91,2,3606,29
2020-07-10,Chile,NA,Coquimbo,757586,139,0,3745,29
2020-07-11,Chile,NA,Coquimbo,757586,108,2,3853,31
2020-07-12,Chile,NA,Coquimbo,757586,77,2,3930,33
2020-07-13,Chile,NA,Coquimbo,757586,63,0,3993,33
2020-07-14,Chile,NA,Coquimbo,757586,13,0,4006,33
2020-07-15,Chile,NA,Coquimbo,757586,98,9,4104,42
2020-07-16,Chile,NA,Coquimbo,757586,74,0,4178,42
2020-07-17,Chile,NA,Coquimbo,757586,125,7,4303,49
2020-07-18,Chile,NA,Coquimbo,757586,87,3,4390,52
2020-07-19,Chile,NA,Coquimbo,757586,158,1,4548,53
2020-07-20,Chile,NA,Coquimbo,757586,126,1,4674,54
2020-07-21,Chile,NA,Coquimbo,757586,71,0,4745,54
2020-07-22,Chile,NA,Coquimbo,757586,68,0,4813,54
2020-07-23,Chile,NA,Coquimbo,757586,145,5,4958,59
2020-07-24,Chile,NA,Coquimbo,757586,152,1,5110,60
2020-07-25,Chile,NA,Coquimbo,757586,161,2,5271,62
2020-07-26,Chile,NA,Coquimbo,757586,161,0,5432,62
2020-07-27,Chile,NA,Coquimbo,757586,124,1,5556,63
2020-07-28,Chile,NA,Coquimbo,757586,105,0,5661,63
2020-07-29,Chile,NA,Coquimbo,757586,141,0,5802,63
2020-07-30,Chile,NA,Coquimbo,757586,104,3,5906,66
2020-07-31,Chile,NA,Coquimbo,757586,173,3,6079,69
2020-08-01,Chile,NA,Coquimbo,757586,88,5,6167,74
2020-08-02,Chile,NA,Coquimbo,757586,128,0,6295,74
2020-08-03,Chile,NA,Coquimbo,757586,82,1,6377,75
2020-08-04,Chile,NA,Coquimbo,757586,108,0,6485,75
2020-08-05,Chile,NA,Coquimbo,757586,81,1,6566,76
2020-08-06,Chile,NA,Coquimbo,757586,129,4,6695,80
2020-08-07,Chile,NA,Coquimbo,757586,114,1,6809,81
2020-08-08,Chile,NA,Coquimbo,757586,95,2,6904,83
2020-08-09,Chile,NA,Coquimbo,757586,146,1,7050,84
2020-08-10,Chile,NA,Coquimbo,757586,134,2,7184,86
2020-08-11,Chile,NA,Coquimbo,757586,101,3,7285,89
2020-08-12,Chile,NA,Coquimbo,757586,81,0,7366,89
2020-08-13,Chile,NA,Coquimbo,757586,146,4,7512,93
2020-08-14,Chile,NA,Coquimbo,757586,111,1,7623,94
2020-08-15,Chile,NA,Coquimbo,757586,175,1,7798,95
2020-08-16,Chile,NA,Coquimbo,757586,148,3,7946,98
2020-08-17,Chile,NA,Coquimbo,757586,101,2,8047,100
2020-08-18,Chile,NA,Coquimbo,757586,119,1,8166,101
2020-08-19,Chile,NA,Coquimbo,757586,94,0,8260,101
2020-08-20,Chile,NA,Coquimbo,757586,109,5,8369,106
2020-08-21,Chile,NA,Coquimbo,757586,105,3,8474,109
2020-08-22,Chile,NA,Coquimbo,757586,157,3,8631,112
2020-08-23,Chile,NA,Coquimbo,757586,197,4,8828,116
2020-08-24,Chile,NA,Coquimbo,757586,132,3,8960,119
2020-08-25,Chile,NA,Coquimbo,757586,98,0,9058,119
2020-08-26,Chile,NA,Coquimbo,757586,121,0,9179,119
2020-08-27,Chile,NA,Coquimbo,757586,100,6,9279,125
2020-08-28,Chile,NA,Coquimbo,757586,129,1,9408,126
2020-08-29,Chile,NA,Coquimbo,757586,58,4,9466,130
2020-08-30,Chile,NA,Coquimbo,757586,80,3,9546,133
2020-08-31,Chile,NA,Coquimbo,757586,132,3,9678,136
2020-09-01,Chile,NA,Coquimbo,757586,60,3,9738,139
2020-09-02,Chile,NA,Coquimbo,757586,112,0,9850,139
2020-09-03,Chile,NA,Coquimbo,757586,91,4,9941,143
2020-09-04,Chile,NA,Coquimbo,757586,91,6,10032,149
2020-09-05,Chile,NA,Coquimbo,757586,104,3,10136,152
2020-09-06,Chile,NA,Coquimbo,757586,85,2,10221,154
2020-09-07,Chile,NA,Coquimbo,757586,96,5,10317,159
2020-09-08,Chile,NA,Coquimbo,757586,53,0,10370,159
2020-09-09,Chile,NA,Coquimbo,757586,72,0,10442,159
2020-09-10,Chile,NA,Coquimbo,757586,78,9,10520,168
2020-09-11,Chile,NA,Coquimbo,757586,95,4,10615,172
2020-09-12,Chile,NA,Coquimbo,757586,121,3,10736,175
2020-09-13,Chile,NA,Coquimbo,757586,89,2,10825,177
2020-09-14,Chile,NA,Coquimbo,757586,79,1,10904,178
2020-09-15,Chile,NA,Coquimbo,757586,88,0,10992,178
2020-03-19,Chile,NA,Los Lagos,828708,8,0,16,0
2020-03-20,Chile,NA,Los Lagos,828708,2,0,18,0
2020-03-21,Chile,NA,Los Lagos,828708,2,0,20,0
2020-03-22,Chile,NA,Los Lagos,828708,3,0,23,0
2020-03-23,Chile,NA,Los Lagos,828708,10,0,33,0
2020-03-24,Chile,NA,Los Lagos,828708,3,0,36,0
2020-03-25,Chile,NA,Los Lagos,828708,8,0,44,0
2020-03-26,Chile,NA,Los Lagos,828708,16,0,60,0
2020-03-27,Chile,NA,Los Lagos,828708,3,0,63,0
2020-03-28,Chile,NA,Los Lagos,828708,30,0,93,0
2020-03-29,Chile,NA,Los Lagos,828708,11,0,104,0
2020-03-30,Chile,NA,Los Lagos,828708,24,0,128,0
2020-03-31,Chile,NA,Los Lagos,828708,23,0,151,0
2020-04-01,Chile,NA,Los Lagos,828708,30,0,181,0
2020-04-02,Chile,NA,Los Lagos,828708,22,0,203,0
2020-04-03,Chile,NA,Los Lagos,828708,31,0,234,0
2020-04-04,Chile,NA,Los Lagos,828708,25,0,259,0
2020-04-05,Chile,NA,Los Lagos,828708,17,1,276,1
2020-04-06,Chile,NA,Los Lagos,828708,10,1,286,2
2020-04-07,Chile,NA,Los Lagos,828708,13,0,299,2
2020-04-08,Chile,NA,Los Lagos,828708,26,0,325,2
2020-04-09,Chile,NA,Los Lagos,828708,15,0,340,2
2020-04-10,Chile,NA,Los Lagos,828708,9,0,349,2
2020-04-11,Chile,NA,Los Lagos,828708,15,3,364,5
2020-04-12,Chile,NA,Los Lagos,828708,8,0,372,5
2020-04-13,Chile,NA,Los Lagos,828708,8,0,380,5
2020-04-14,Chile,NA,Los Lagos,828708,5,0,385,5
2020-04-15,Chile,NA,Los Lagos,828708,5,0,390,5
2020-04-16,Chile,NA,Los Lagos,828708,9,0,399,5
2020-04-17,Chile,NA,Los Lagos,828708,13,1,412,6
2020-04-18,Chile,NA,Los Lagos,828708,4,0,416,6
2020-04-19,Chile,NA,Los Lagos,828708,5,0,421,6
2020-04-20,Chile,NA,Los Lagos,828708,3,0,424,6
2020-04-21,Chile,NA,Los Lagos,828708,8,0,432,6
2020-04-22,Chile,NA,Los Lagos,828708,13,0,445,6
2020-04-23,Chile,NA,Los Lagos,828708,9,1,454,7
2020-04-24,Chile,NA,Los Lagos,828708,6,1,460,8
2020-04-25,Chile,NA,Los Lagos,828708,5,0,465,8
2020-04-26,Chile,NA,Los Lagos,828708,8,0,473,8
2020-04-27,Chile,NA,Los Lagos,828708,4,0,477,8
2020-04-28,Chile,NA,Los Lagos,828708,0,1,477,9
2020-04-29,Chile,NA,Los Lagos,828708,4,0,481,9
2020-04-30,Chile,NA,Los Lagos,828708,6,1,487,10
2020-05-01,Chile,NA,Los Lagos,828708,14,0,501,10
2020-05-02,Chile,NA,Los Lagos,828708,12,0,513,10
2020-05-03,Chile,NA,Los Lagos,828708,4,0,517,10
2020-05-04,Chile,NA,Los Lagos,828708,7,0,524,10
2020-05-05,Chile,NA,Los Lagos,828708,1,0,525,10
2020-05-06,Chile,NA,Los Lagos,828708,16,0,541,10
2020-05-07,Chile,NA,Los Lagos,828708,4,0,545,10
2020-05-08,Chile,NA,Los Lagos,828708,3,0,548,10
2020-05-09,Chile,NA,Los Lagos,828708,11,0,559,10
2020-05-10,Chile,NA,Los Lagos,828708,16,0,575,10
2020-05-11,Chile,NA,Los Lagos,828708,17,0,592,10
2020-05-12,Chile,NA,Los Lagos,828708,2,1,594,11
2020-05-13,Chile,NA,Los Lagos,828708,34,0,628,11
2020-05-14,Chile,NA,Los Lagos,828708,5,0,633,11
2020-05-15,Chile,NA,Los Lagos,828708,8,0,641,11
2020-05-16,Chile,NA,Los Lagos,828708,3,0,644,11
2020-05-17,Chile,NA,Los Lagos,828708,3,0,647,11
2020-05-18,Chile,NA,Los Lagos,828708,5,0,652,11
2020-05-19,Chile,NA,Los Lagos,828708,4,1,656,12
2020-05-20,Chile,NA,Los Lagos,828708,10,0,666,12
2020-05-21,Chile,NA,Los Lagos,828708,27,1,693,13
2020-05-22,Chile,NA,Los Lagos,828708,24,0,717,13
2020-05-23,Chile,NA,Los Lagos,828708,10,0,727,13
2020-05-24,Chile,NA,Los Lagos,828708,9,0,736,13
2020-05-25,Chile,NA,Los Lagos,828708,27,0,763,13
2020-05-26,Chile,NA,Los Lagos,828708,18,0,781,13
2020-05-27,Chile,NA,Los Lagos,828708,10,0,791,13
2020-05-28,Chile,NA,Los Lagos,828708,23,0,814,13
2020-05-29,Chile,NA,Los Lagos,828708,8,0,822,13
2020-05-30,Chile,NA,Los Lagos,828708,38,0,860,13
2020-05-31,Chile,NA,Los Lagos,828708,3,0,863,13
2020-06-01,Chile,NA,Los Lagos,828708,0,0,863,13
2020-06-02,Chile,NA,Los Lagos,828708,31,0,894,13
2020-06-03,Chile,NA,Los Lagos,828708,19,0,913,13
2020-06-04,Chile,NA,Los Lagos,828708,13,0,926,13
2020-06-05,Chile,NA,Los Lagos,828708,42,0,968,13
2020-06-06,Chile,NA,Los Lagos,828708,17,0,985,13
2020-06-07,Chile,NA,Los Lagos,828708,18,0,1003,13
2020-06-08,Chile,NA,Los Lagos,828708,7,0,1010,13
2020-06-09,Chile,NA,Los Lagos,828708,18,0,1028,13
2020-06-10,Chile,NA,Los Lagos,828708,13,0,1041,13
2020-06-11,Chile,NA,Los Lagos,828708,21,0,1062,13
2020-06-12,Chile,NA,Los Lagos,828708,21,0,1083,13
2020-06-13,Chile,NA,Los Lagos,828708,25,1,1108,13
2020-06-14,Chile,NA,Los Lagos,828708,33,0,1141,13
2020-06-15,Chile,NA,Los Lagos,828708,27,0,1168,13
2020-06-16,Chile,NA,Los Lagos,828708,10,0,1178,13
2020-06-17,Chile,NA,Los Lagos,828708,39,1,1217,14
2020-06-18,Chile,NA,Los Lagos,828708,14,0,1231,14
2020-06-19,Chile,NA,Los Lagos,828708,35,0,1266,14
2020-06-20,Chile,NA,Los Lagos,828708,37,1,1303,15
2020-06-21,Chile,NA,Los Lagos,828708,50,2,1353,17
2020-06-22,Chile,NA,Los Lagos,828708,52,0,1405,17
2020-06-23,Chile,NA,Los Lagos,828708,29,0,1434,17
2020-06-24,Chile,NA,Los Lagos,828708,17,1,1451,18
2020-06-25,Chile,NA,Los Lagos,828708,22,1,1473,19
2020-06-26,Chile,NA,Los Lagos,828708,36,1,1509,20
2020-06-27,Chile,NA,Los Lagos,828708,32,0,1541,20
2020-06-28,Chile,NA,Los Lagos,828708,36,1,1577,21
2020-06-29,Chile,NA,Los Lagos,828708,33,0,1610,21
2020-06-30,Chile,NA,Los Lagos,828708,14,0,1624,21
2020-07-01,Chile,NA,Los Lagos,828708,28,0,1652,21
2020-07-02,Chile,NA,Los Lagos,828708,50,0,1702,21
2020-07-03,Chile,NA,Los Lagos,828708,72,0,1774,21
2020-07-04,Chile,NA,Los Lagos,828708,50,0,1824,21
2020-07-05,Chile,NA,Los Lagos,828708,74,0,1898,21
2020-07-06,Chile,NA,Los Lagos,828708,26,0,1924,21
2020-07-07,Chile,NA,Los Lagos,828708,22,0,1946,21
2020-07-08,Chile,NA,Los Lagos,828708,69,0,2015,21
2020-07-09,Chile,NA,Los Lagos,828708,52,1,2067,22
2020-07-10,Chile,NA,Los Lagos,828708,47,0,2114,22
2020-07-11,Chile,NA,Los Lagos,828708,76,0,2190,22
2020-07-12,Chile,NA,Los Lagos,828708,64,1,2254,23
2020-07-13,Chile,NA,Los Lagos,828708,45,0,2299,23
2020-07-14,Chile,NA,Los Lagos,828708,71,0,2370,23
2020-07-15,Chile,NA,Los Lagos,828708,54,1,2424,24
2020-07-16,Chile,NA,Los Lagos,828708,65,1,2489,25
2020-07-17,Chile,NA,Los Lagos,828708,65,5,2554,30
2020-07-18,Chile,NA,Los Lagos,828708,23,2,2577,32
2020-07-19,Chile,NA,Los Lagos,828708,100,0,2677,32
2020-07-20,Chile,NA,Los Lagos,828708,23,0,2700,32
2020-07-21,Chile,NA,Los Lagos,828708,74,0,2774,32
2020-07-22,Chile,NA,Los Lagos,828708,73,0,2847,32
2020-07-23,Chile,NA,Los Lagos,828708,75,1,2922,33
2020-07-24,Chile,NA,Los Lagos,828708,115,0,3037,33
2020-07-25,Chile,NA,Los Lagos,828708,131,0,3168,33
2020-07-26,Chile,NA,Los Lagos,828708,142,1,3310,34
2020-07-27,Chile,NA,Los Lagos,828708,122,0,3432,34
2020-07-28,Chile,NA,Los Lagos,828708,111,0,3543,34
2020-07-29,Chile,NA,Los Lagos,828708,67,0,3610,34
2020-07-30,Chile,NA,Los Lagos,828708,83,2,3693,36
2020-07-31,Chile,NA,Los Lagos,828708,122,3,3815,39
2020-08-01,Chile,NA,Los Lagos,828708,142,2,3957,41
2020-08-02,Chile,NA,Los Lagos,828708,132,1,4089,42
2020-08-03,Chile,NA,Los Lagos,828708,62,0,4151,42
2020-08-04,Chile,NA,Los Lagos,828708,123,1,4274,43
2020-08-05,Chile,NA,Los Lagos,828708,92,0,4366,43
2020-08-06,Chile,NA,Los Lagos,828708,96,6,4462,49
2020-08-07,Chile,NA,Los Lagos,828708,137,2,4599,51
2020-08-08,Chile,NA,Los Lagos,828708,114,1,4713,52
2020-08-09,Chile,NA,Los Lagos,828708,128,2,4841,54
2020-08-10,Chile,NA,Los Lagos,828708,72,0,4913,54
2020-08-11,Chile,NA,Los Lagos,828708,49,0,4962,54
2020-08-12,Chile,NA,Los Lagos,828708,95,0,5057,54
2020-08-13,Chile,NA,Los Lagos,828708,75,0,5132,54
2020-08-14,Chile,NA,Los Lagos,828708,102,2,5234,56
2020-08-15,Chile,NA,Los Lagos,828708,90,0,5324,56
2020-08-16,Chile,NA,Los Lagos,828708,123,0,5447,56
2020-08-17,Chile,NA,Los Lagos,828708,48,1,5495,57
2020-08-18,Chile,NA,Los Lagos,828708,64,0,5559,57
2020-08-19,Chile,NA,Los Lagos,828708,57,0,5616,57
2020-08-20,Chile,NA,Los Lagos,828708,98,3,5714,60
2020-08-21,Chile,NA,Los Lagos,828708,84,1,5798,61
2020-08-22,Chile,NA,Los Lagos,828708,70,2,5868,63
2020-08-23,Chile,NA,Los Lagos,828708,98,0,5966,63
2020-08-24,Chile,NA,Los Lagos,828708,56,3,6022,66
2020-08-25,Chile,NA,Los Lagos,828708,38,0,6060,66
2020-08-26,Chile,NA,Los Lagos,828708,64,0,6124,66
2020-08-27,Chile,NA,Los Lagos,828708,49,0,6173,66
2020-08-28,Chile,NA,Los Lagos,828708,108,0,6281,66
2020-08-29,Chile,NA,Los Lagos,828708,69,1,6350,67
2020-08-30,Chile,NA,Los Lagos,828708,109,0,6459,67
2020-08-31,Chile,NA,Los Lagos,828708,51,1,6510,68
2020-09-01,Chile,NA,Los Lagos,828708,51,0,6561,68
2020-09-02,Chile,NA,Los Lagos,828708,84,0,6645,68
2020-09-03,Chile,NA,Los Lagos,828708,51,2,6696,70
2020-09-04,Chile,NA,Los Lagos,828708,67,2,6763,72
2020-09-05,Chile,NA,Los Lagos,828708,87,0,6850,72
2020-09-06,Chile,NA,Los Lagos,828708,141,0,6991,72
2020-09-07,Chile,NA,Los Lagos,828708,47,0,7038,72
2020-09-08,Chile,NA,Los Lagos,828708,33,0,7071,72
2020-09-09,Chile,NA,Los Lagos,828708,55,0,7126,72
2020-09-10,Chile,NA,Los Lagos,828708,37,2,7163,74
2020-09-11,Chile,NA,Los Lagos,828708,110,2,7273,76
2020-09-12,Chile,NA,Los Lagos,828708,82,1,7355,77
2020-09-13,Chile,NA,Los Lagos,828708,65,1,7420,78
2020-09-14,Chile,NA,Los Lagos,828708,64,3,7484,81
2020-09-15,Chile,NA,Los Lagos,828708,94,0,7578,81
2020-03-25,Chile,NA,Los Rios,384837,5,0,11,0
2020-03-26,Chile,NA,Los Rios,384837,3,0,14,0
2020-03-27,Chile,NA,Los Rios,384837,8,0,22,0
2020-03-28,Chile,NA,Los Rios,384837,5,0,27,0
2020-03-29,Chile,NA,Los Rios,384837,13,0,40,0
2020-03-30,Chile,NA,Los Rios,384837,7,0,47,0
2020-03-31,Chile,NA,Los Rios,384837,11,0,58,0
2020-04-01,Chile,NA,Los Rios,384837,6,1,64,1
2020-04-02,Chile,NA,Los Rios,384837,4,0,68,1
2020-04-03,Chile,NA,Los Rios,384837,10,0,78,1
2020-04-04,Chile,NA,Los Rios,384837,11,0,89,1
2020-04-05,Chile,NA,Los Rios,384837,10,0,99,1
2020-04-06,Chile,NA,Los Rios,384837,5,0,104,1
2020-04-07,Chile,NA,Los Rios,384837,5,1,109,2
2020-04-08,Chile,NA,Los Rios,384837,5,0,114,2
2020-04-09,Chile,NA,Los Rios,384837,4,0,118,2
2020-04-10,Chile,NA,Los Rios,384837,6,0,124,2
2020-04-11,Chile,NA,Los Rios,384837,6,0,130,2
2020-04-12,Chile,NA,Los Rios,384837,5,1,135,3
2020-04-13,Chile,NA,Los Rios,384837,3,0,138,3
2020-04-14,Chile,NA,Los Rios,384837,10,0,148,3
2020-04-15,Chile,NA,Los Rios,384837,2,0,150,3
2020-04-16,Chile,NA,Los Rios,384837,3,0,153,3
2020-04-17,Chile,NA,Los Rios,384837,1,0,154,3
2020-04-18,Chile,NA,Los Rios,384837,2,0,156,3
2020-04-19,Chile,NA,Los Rios,384837,1,0,157,3
2020-04-20,Chile,NA,Los Rios,384837,5,0,162,3
2020-04-21,Chile,NA,Los Rios,384837,5,0,167,3
2020-04-22,Chile,NA,Los Rios,384837,4,0,171,3
2020-04-23,Chile,NA,Los Rios,384837,2,0,173,3
2020-04-24,Chile,NA,Los Rios,384837,1,0,174,3
2020-04-25,Chile,NA,Los Rios,384837,3,0,177,3
2020-04-26,Chile,NA,Los Rios,384837,1,0,178,3
2020-04-27,Chile,NA,Los Rios,384837,2,0,180,3
2020-04-28,Chile,NA,Los Rios,384837,0,1,180,4
2020-04-29,Chile,NA,Los Rios,384837,2,0,182,4
2020-04-30,Chile,NA,Los Rios,384837,7,0,189,4
2020-05-01,Chile,NA,Los Rios,384837,0,0,189,4
2020-05-02,Chile,NA,Los Rios,384837,7,0,196,4
2020-05-03,Chile,NA,Los Rios,384837,2,0,198,4
2020-05-04,Chile,NA,Los Rios,384837,1,0,199,4
2020-05-05,Chile,NA,Los Rios,384837,0,0,199,4
2020-05-06,Chile,NA,Los Rios,384837,1,0,200,4
2020-05-07,Chile,NA,Los Rios,384837,2,0,202,4
2020-05-08,Chile,NA,Los Rios,384837,1,0,203,4
2020-05-09,Chile,NA,Los Rios,384837,3,1,206,5
2020-05-10,Chile,NA,Los Rios,384837,0,0,206,5
2020-05-11,Chile,NA,Los Rios,384837,2,0,208,5
2020-05-12,Chile,NA,Los Rios,384837,3,0,211,5
2020-05-13,Chile,NA,Los Rios,384837,1,1,212,6
2020-05-14,Chile,NA,Los Rios,384837,2,0,214,6
2020-05-15,Chile,NA,Los Rios,384837,5,0,219,6
2020-05-16,Chile,NA,Los Rios,384837,0,0,219,6
2020-05-17,Chile,NA,Los Rios,384837,1,0,220,6
2020-05-18,Chile,NA,Los Rios,384837,4,0,224,6
2020-05-19,Chile,NA,Los Rios,384837,5,0,229,6
2020-05-20,Chile,NA,Los Rios,384837,18,0,247,6
2020-05-21,Chile,NA,Los Rios,384837,11,0,258,6
2020-05-22,Chile,NA,Los Rios,384837,4,0,262,6
2020-05-23,Chile,NA,Los Rios,384837,12,0,274,6
2020-05-24,Chile,NA,Los Rios,384837,16,0,290,6
2020-05-25,Chile,NA,Los Rios,384837,7,0,297,6
2020-05-26,Chile,NA,Los Rios,384837,7,0,304,6
2020-05-27,Chile,NA,Los Rios,384837,5,0,309,6
2020-05-28,Chile,NA,Los Rios,384837,9,0,318,6
2020-05-29,Chile,NA,Los Rios,384837,12,0,330,6
2020-05-30,Chile,NA,Los Rios,384837,15,0,345,6
2020-05-31,Chile,NA,Los Rios,384837,11,0,356,6
2020-06-01,Chile,NA,Los Rios,384837,7,1,363,7
2020-06-02,Chile,NA,Los Rios,384837,5,0,368,7
2020-06-03,Chile,NA,Los Rios,384837,4,1,372,8
2020-06-04,Chile,NA,Los Rios,384837,7,0,379,8
2020-06-05,Chile,NA,Los Rios,384837,11,0,390,8
2020-06-06,Chile,NA,Los Rios,384837,10,0,400,8
2020-06-07,Chile,NA,Los Rios,384837,17,0,417,8
2020-06-08,Chile,NA,Los Rios,384837,8,0,425,8
2020-06-09,Chile,NA,Los Rios,384837,21,0,446,8
2020-06-10,Chile,NA,Los Rios,384837,6,0,452,8
2020-06-11,Chile,NA,Los Rios,384837,10,0,462,8
2020-06-12,Chile,NA,Los Rios,384837,17,1,479,9
2020-06-13,Chile,NA,Los Rios,384837,8,0,487,9
2020-06-14,Chile,NA,Los Rios,384837,10,0,497,9
2020-06-15,Chile,NA,Los Rios,384837,32,0,529,9
2020-06-16,Chile,NA,Los Rios,384837,4,0,533,9
2020-06-17,Chile,NA,Los Rios,384837,8,1,541,10
2020-06-18,Chile,NA,Los Rios,384837,12,0,553,10
2020-06-19,Chile,NA,Los Rios,384837,12,0,565,10
2020-06-20,Chile,NA,Los Rios,384837,10,0,575,10
2020-06-21,Chile,NA,Los Rios,384837,21,0,596,10
2020-06-22,Chile,NA,Los Rios,384837,11,0,607,10
2020-06-23,Chile,NA,Los Rios,384837,4,0,611,10
2020-06-24,Chile,NA,Los Rios,384837,4,0,615,10
2020-06-25,Chile,NA,Los Rios,384837,12,0,627,10
2020-06-26,Chile,NA,Los Rios,384837,11,0,638,10
2020-06-27,Chile,NA,Los Rios,384837,7,0,645,10
2020-06-28,Chile,NA,Los Rios,384837,19,0,664,10
2020-06-29,Chile,NA,Los Rios,384837,11,0,675,10
2020-06-30,Chile,NA,Los Rios,384837,12,0,687,10
2020-07-01,Chile,NA,Los Rios,384837,5,0,692,10
2020-07-02,Chile,NA,Los Rios,384837,2,0,694,10
2020-07-03,Chile,NA,Los Rios,384837,5,0,699,10
2020-07-04,Chile,NA,Los Rios,384837,7,0,706,10
2020-07-05,Chile,NA,Los Rios,384837,4,0,710,10
2020-07-06,Chile,NA,Los Rios,384837,7,0,717,10
2020-07-07,Chile,NA,Los Rios,384837,4,0,721,10
2020-07-08,Chile,NA,Los Rios,384837,5,1,726,11
2020-07-09,Chile,NA,Los Rios,384837,13,0,739,11
2020-07-10,Chile,NA,Los Rios,384837,5,0,744,11
2020-07-11,Chile,NA,Los Rios,384837,7,0,751,11
2020-07-12,Chile,NA,Los Rios,384837,1,0,752,11
2020-07-13,Chile,NA,Los Rios,384837,3,0,755,11
2020-07-14,Chile,NA,Los Rios,384837,8,0,763,11
2020-07-15,Chile,NA,Los Rios,384837,4,0,767,11
2020-07-16,Chile,NA,Los Rios,384837,17,0,784,11
2020-07-17,Chile,NA,Los Rios,384837,24,2,808,13
2020-07-18,Chile,NA,Los Rios,384837,5,0,813,13
2020-07-19,Chile,NA,Los Rios,384837,8,0,821,13
2020-07-20,Chile,NA,Los Rios,384837,10,0,831,13
2020-07-21,Chile,NA,Los Rios,384837,4,0,835,13
2020-07-22,Chile,NA,Los Rios,384837,1,0,836,13
2020-07-23,Chile,NA,Los Rios,384837,7,0,843,13
2020-07-24,Chile,NA,Los Rios,384837,4,0,847,13
2020-07-25,Chile,NA,Los Rios,384837,8,0,855,13
2020-07-26,Chile,NA,Los Rios,384837,8,0,863,13
2020-07-27,Chile,NA,Los Rios,384837,7,0,870,13
2020-07-28,Chile,NA,Los Rios,384837,5,0,875,13
2020-07-29,Chile,NA,Los Rios,384837,3,0,878,13
2020-07-30,Chile,NA,Los Rios,384837,7,0,885,13
2020-07-31,Chile,NA,Los Rios,384837,6,1,891,14
2020-08-01,Chile,NA,Los Rios,384837,1,0,892,14
2020-08-02,Chile,NA,Los Rios,384837,6,0,898,14
2020-08-03,Chile,NA,Los Rios,384837,8,0,906,14
2020-08-04,Chile,NA,Los Rios,384837,4,0,910,14
2020-08-05,Chile,NA,Los Rios,384837,5,0,915,14
2020-08-06,Chile,NA,Los Rios,384837,5,0,920,14
2020-08-07,Chile,NA,Los Rios,384837,4,1,924,15
2020-08-08,Chile,NA,Los Rios,384837,14,0,938,15
2020-08-09,Chile,NA,Los Rios,384837,4,0,942,15
2020-08-10,Chile,NA,Los Rios,384837,13,0,955,15
2020-08-11,Chile,NA,Los Rios,384837,13,0,968,15
2020-08-12,Chile,NA,Los Rios,384837,6,0,974,15
2020-08-13,Chile,NA,Los Rios,384837,9,0,983,15
2020-08-14,Chile,NA,Los Rios,384837,6,0,989,15
2020-08-15,Chile,NA,Los Rios,384837,3,0,992,15
2020-08-16,Chile,NA,Los Rios,384837,6,0,998,15
2020-08-17,Chile,NA,Los Rios,384837,2,0,1000,15
2020-08-18,Chile,NA,Los Rios,384837,2,0,1002,15
2020-08-19,Chile,NA,Los Rios,384837,2,0,1004,15
2020-08-20,Chile,NA,Los Rios,384837,4,0,1008,15
2020-08-21,Chile,NA,Los Rios,384837,8,0,1016,15
2020-08-22,Chile,NA,Los Rios,384837,10,0,1026,15
2020-08-23,Chile,NA,Los Rios,384837,17,0,1043,15
2020-08-24,Chile,NA,Los Rios,384837,5,0,1048,15
2020-08-25,Chile,NA,Los Rios,384837,4,0,1052,15
2020-08-26,Chile,NA,Los Rios,384837,3,0,1055,15
2020-08-27,Chile,NA,Los Rios,384837,11,0,1066,15
2020-08-28,Chile,NA,Los Rios,384837,6,0,1072,15
2020-08-29,Chile,NA,Los Rios,384837,5,0,1077,15
2020-08-30,Chile,NA,Los Rios,384837,7,0,1084,15
2020-08-31,Chile,NA,Los Rios,384837,17,0,1101,15
2020-09-01,Chile,NA,Los Rios,384837,10,0,1111,15
2020-09-02,Chile,NA,Los Rios,384837,4,0,1115,15
2020-09-03,Chile,NA,Los Rios,384837,27,0,1142,15
2020-09-04,Chile,NA,Los Rios,384837,11,0,1153,15
2020-09-05,Chile,NA,Los Rios,384837,15,0,1168,15
2020-09-06,Chile,NA,Los Rios,384837,16,0,1184,15
2020-09-07,Chile,NA,Los Rios,384837,17,0,1201,15
2020-09-08,Chile,NA,Los Rios,384837,11,0,1212,15
2020-09-09,Chile,NA,Los Rios,384837,28,0,1240,15
2020-09-10,Chile,NA,Los Rios,384837,22,0,1262,15
2020-09-11,Chile,NA,Los Rios,384837,30,0,1292,15
2020-09-12,Chile,NA,Los Rios,384837,39,0,1331,15
2020-09-13,Chile,NA,Los Rios,384837,47,0,1378,15
2020-09-14,Chile,NA,Los Rios,384837,27,0,1405,15
2020-09-15,Chile,NA,Los Rios,384837,20,0,1425,15
2020-03-25,Chile,NA,Magallanes,166533,5,0,13,0
2020-03-26,Chile,NA,Magallanes,166533,6,0,19,0
2020-03-27,Chile,NA,Magallanes,166533,3,0,22,0
2020-03-28,Chile,NA,Magallanes,166533,4,0,26,0
2020-03-29,Chile,NA,Magallanes,166533,13,0,39,0
2020-03-30,Chile,NA,Magallanes,166533,0,0,39,0
2020-03-31,Chile,NA,Magallanes,166533,24,0,63,0
2020-04-01,Chile,NA,Magallanes,166533,36,0,99,0
2020-04-02,Chile,NA,Magallanes,166533,15,0,114,0
2020-04-03,Chile,NA,Magallanes,166533,42,1,156,1
2020-04-04,Chile,NA,Magallanes,166533,16,1,172,2
2020-04-05,Chile,NA,Magallanes,166533,18,0,190,2
2020-04-06,Chile,NA,Magallanes,166533,31,0,221,2
2020-04-07,Chile,NA,Magallanes,166533,19,0,240,2
2020-04-08,Chile,NA,Magallanes,166533,26,1,266,3
2020-04-09,Chile,NA,Magallanes,166533,20,0,286,3
2020-04-10,Chile,NA,Magallanes,166533,45,0,331,3
2020-04-11,Chile,NA,Magallanes,166533,46,0,377,3
2020-04-12,Chile,NA,Magallanes,166533,19,1,396,4
2020-04-13,Chile,NA,Magallanes,166533,19,1,415,5
2020-04-14,Chile,NA,Magallanes,166533,14,1,429,6
2020-04-15,Chile,NA,Magallanes,166533,15,0,444,6
2020-04-16,Chile,NA,Magallanes,166533,23,0,467,6
2020-04-17,Chile,NA,Magallanes,166533,34,0,501,6
2020-04-18,Chile,NA,Magallanes,166533,21,0,522,6
2020-04-19,Chile,NA,Magallanes,166533,31,0,553,6
2020-04-20,Chile,NA,Magallanes,166533,13,0,566,6
2020-04-21,Chile,NA,Magallanes,166533,27,1,593,7
2020-04-22,Chile,NA,Magallanes,166533,12,0,605,7
2020-04-23,Chile,NA,Magallanes,166533,10,0,615,7
2020-04-24,Chile,NA,Magallanes,166533,9,1,624,8
2020-04-25,Chile,NA,Magallanes,166533,31,0,655,8
2020-04-26,Chile,NA,Magallanes,166533,13,1,668,9
2020-04-27,Chile,NA,Magallanes,166533,3,1,671,10
2020-04-28,Chile,NA,Magallanes,166533,22,0,693,10
2020-04-29,Chile,NA,Magallanes,166533,21,1,714,11
2020-04-30,Chile,NA,Magallanes,166533,11,0,725,11
2020-05-01,Chile,NA,Magallanes,166533,1,0,726,11
2020-05-02,Chile,NA,Magallanes,166533,26,0,752,11
2020-05-03,Chile,NA,Magallanes,166533,25,0,777,11
2020-05-04,Chile,NA,Magallanes,166533,18,0,795,11
2020-05-05,Chile,NA,Magallanes,166533,14,0,809,11
2020-05-06,Chile,NA,Magallanes,166533,9,0,818,11
2020-05-07,Chile,NA,Magallanes,166533,18,0,836,11
2020-05-08,Chile,NA,Magallanes,166533,31,0,867,11
2020-05-09,Chile,NA,Magallanes,166533,14,0,881,11
2020-05-10,Chile,NA,Magallanes,166533,12,2,893,13
2020-05-11,Chile,NA,Magallanes,166533,8,1,901,14
2020-05-12,Chile,NA,Magallanes,166533,9,0,910,14
2020-05-13,Chile,NA,Magallanes,166533,11,2,921,16
2020-05-14,Chile,NA,Magallanes,166533,14,0,935,16
2020-05-15,Chile,NA,Magallanes,166533,2,0,937,16
2020-05-16,Chile,NA,Magallanes,166533,15,0,952,16
2020-05-17,Chile,NA,Magallanes,166533,9,0,961,16
2020-05-18,Chile,NA,Magallanes,166533,10,0,971,16
2020-05-19,Chile,NA,Magallanes,166533,1,1,972,17
2020-05-20,Chile,NA,Magallanes,166533,5,1,977,18
2020-05-21,Chile,NA,Magallanes,166533,10,0,987,18
2020-05-22,Chile,NA,Magallanes,166533,5,0,992,18
2020-05-23,Chile,NA,Magallanes,166533,5,0,997,18
2020-05-24,Chile,NA,Magallanes,166533,13,0,1010,18
2020-05-25,Chile,NA,Magallanes,166533,6,0,1016,18
2020-05-26,Chile,NA,Magallanes,166533,15,0,1031,18
2020-05-27,Chile,NA,Magallanes,166533,6,0,1037,18
2020-05-28,Chile,NA,Magallanes,166533,3,0,1040,18
2020-05-29,Chile,NA,Magallanes,166533,7,1,1047,19
2020-05-30,Chile,NA,Magallanes,166533,7,0,1054,19
2020-05-31,Chile,NA,Magallanes,166533,2,0,1056,19
2020-06-01,Chile,NA,Magallanes,166533,1,0,1057,19
2020-06-02,Chile,NA,Magallanes,166533,3,0,1060,19
2020-06-03,Chile,NA,Magallanes,166533,3,0,1063,19
2020-06-04,Chile,NA,Magallanes,166533,6,0,1069,19
2020-06-05,Chile,NA,Magallanes,166533,3,0,1072,19
2020-06-06,Chile,NA,Magallanes,166533,9,0,1081,19
2020-06-07,Chile,NA,Magallanes,166533,1,0,1082,19
2020-06-08,Chile,NA,Magallanes,166533,6,1,1088,19
2020-06-09,Chile,NA,Magallanes,166533,0,0,1088,19
2020-06-10,Chile,NA,Magallanes,166533,1,0,1089,19
2020-06-11,Chile,NA,Magallanes,166533,13,0,1102,19
2020-06-12,Chile,NA,Magallanes,166533,5,0,1107,19
2020-06-13,Chile,NA,Magallanes,166533,16,0,1123,19
2020-06-14,Chile,NA,Magallanes,166533,30,0,1153,19
2020-06-15,Chile,NA,Magallanes,166533,32,0,1185,19
2020-06-16,Chile,NA,Magallanes,166533,25,0,1210,19
2020-06-17,Chile,NA,Magallanes,166533,0,0,1210,19
2020-06-18,Chile,NA,Magallanes,166533,9,0,1219,19
2020-06-19,Chile,NA,Magallanes,166533,9,0,1228,19
2020-06-20,Chile,NA,Magallanes,166533,13,0,1241,19
2020-06-21,Chile,NA,Magallanes,166533,20,0,1261,19
2020-06-22,Chile,NA,Magallanes,166533,17,0,1278,19
2020-06-23,Chile,NA,Magallanes,166533,11,0,1289,19
2020-06-24,Chile,NA,Magallanes,166533,0,0,1289,19
2020-06-25,Chile,NA,Magallanes,166533,22,0,1311,19
2020-06-26,Chile,NA,Magallanes,166533,12,0,1323,19
2020-06-27,Chile,NA,Magallanes,166533,26,0,1349,19
2020-06-28,Chile,NA,Magallanes,166533,12,0,1361,19
2020-06-29,Chile,NA,Magallanes,166533,5,0,1366,19
2020-06-30,Chile,NA,Magallanes,166533,12,0,1378,19
2020-07-01,Chile,NA,Magallanes,166533,9,0,1387,19
2020-07-02,Chile,NA,Magallanes,166533,4,0,1391,19
2020-07-03,Chile,NA,Magallanes,166533,11,0,1402,19
2020-07-04,Chile,NA,Magallanes,166533,3,0,1405,19
2020-07-05,Chile,NA,Magallanes,166533,7,0,1412,19
2020-07-06,Chile,NA,Magallanes,166533,15,0,1427,19
2020-07-07,Chile,NA,Magallanes,166533,3,0,1430,19
2020-07-08,Chile,NA,Magallanes,166533,3,2,1433,19
2020-07-09,Chile,NA,Magallanes,166533,13,0,1446,19
2020-07-10,Chile,NA,Magallanes,166533,13,0,1459,19
2020-07-11,Chile,NA,Magallanes,166533,12,0,1471,19
2020-07-12,Chile,NA,Magallanes,166533,10,0,1481,19
2020-07-13,Chile,NA,Magallanes,166533,8,0,1489,19
2020-07-14,Chile,NA,Magallanes,166533,15,0,1504,19
2020-07-15,Chile,NA,Magallanes,166533,9,1,1513,19
2020-07-16,Chile,NA,Magallanes,166533,0,0,1513,19
2020-07-17,Chile,NA,Magallanes,166533,3,10,1516,28
2020-07-18,Chile,NA,Magallanes,166533,8,0,1524,28
2020-07-19,Chile,NA,Magallanes,166533,6,0,1530,28
2020-07-20,Chile,NA,Magallanes,166533,3,0,1533,28
2020-07-21,Chile,NA,Magallanes,166533,3,0,1536,28
2020-07-22,Chile,NA,Magallanes,166533,8,0,1544,28
2020-07-23,Chile,NA,Magallanes,166533,7,0,1551,28
2020-07-24,Chile,NA,Magallanes,166533,4,0,1555,28
2020-07-25,Chile,NA,Magallanes,166533,3,0,1558,28
2020-07-26,Chile,NA,Magallanes,166533,9,0,1567,28
2020-07-27,Chile,NA,Magallanes,166533,14,0,1581,28
2020-07-28,Chile,NA,Magallanes,166533,26,0,1607,28
2020-07-29,Chile,NA,Magallanes,166533,4,0,1611,28
2020-07-30,Chile,NA,Magallanes,166533,56,0,1667,28
2020-07-31,Chile,NA,Magallanes,166533,19,0,1686,28
2020-08-01,Chile,NA,Magallanes,166533,20,0,1706,28
2020-08-02,Chile,NA,Magallanes,166533,24,0,1730,28
2020-08-03,Chile,NA,Magallanes,166533,23,1,1753,29
2020-08-04,Chile,NA,Magallanes,166533,36,0,1789,29
2020-08-05,Chile,NA,Magallanes,166533,27,0,1816,29
2020-08-06,Chile,NA,Magallanes,166533,43,0,1859,29
2020-08-07,Chile,NA,Magallanes,166533,8,1,1867,30
2020-08-08,Chile,NA,Magallanes,166533,49,0,1916,30
2020-08-09,Chile,NA,Magallanes,166533,27,0,1943,30
2020-08-10,Chile,NA,Magallanes,166533,55,0,1998,30
2020-08-11,Chile,NA,Magallanes,166533,36,0,2034,30
2020-08-12,Chile,NA,Magallanes,166533,19,0,2053,30
2020-08-13,Chile,NA,Magallanes,166533,18,0,2071,30
2020-08-14,Chile,NA,Magallanes,166533,50,0,2121,30
2020-08-15,Chile,NA,Magallanes,166533,54,0,2175,30
2020-08-16,Chile,NA,Magallanes,166533,67,0,2242,30
2020-08-17,Chile,NA,Magallanes,166533,22,0,2264,30
2020-08-18,Chile,NA,Magallanes,166533,68,0,2332,30
2020-08-19,Chile,NA,Magallanes,166533,36,0,2368,30
2020-08-20,Chile,NA,Magallanes,166533,65,2,2433,32
2020-08-21,Chile,NA,Magallanes,166533,92,0,2525,32
2020-08-22,Chile,NA,Magallanes,166533,80,0,2605,32
2020-08-23,Chile,NA,Magallanes,166533,115,0,2720,32
2020-08-24,Chile,NA,Magallanes,166533,120,2,2840,34
2020-08-25,Chile,NA,Magallanes,166533,95,0,2935,34
2020-08-26,Chile,NA,Magallanes,166533,59,0,2994,34
2020-08-27,Chile,NA,Magallanes,166533,147,1,3141,35
2020-08-28,Chile,NA,Magallanes,166533,58,0,3199,35
2020-08-29,Chile,NA,Magallanes,166533,106,3,3305,38
2020-08-30,Chile,NA,Magallanes,166533,104,0,3409,38
2020-08-31,Chile,NA,Magallanes,166533,113,1,3522,39
2020-09-01,Chile,NA,Magallanes,166533,113,1,3635,40
2020-09-02,Chile,NA,Magallanes,166533,132,0,3767,40
2020-09-03,Chile,NA,Magallanes,166533,116,3,3883,43
2020-09-04,Chile,NA,Magallanes,166533,107,1,3990,44
2020-09-05,Chile,NA,Magallanes,166533,206,1,4196,45
2020-09-06,Chile,NA,Magallanes,166533,139,0,4335,45
2020-09-07,Chile,NA,Magallanes,166533,225,0,4560,45
2020-09-08,Chile,NA,Magallanes,166533,102,1,4662,46
2020-09-09,Chile,NA,Magallanes,166533,65,0,4727,46
2020-09-10,Chile,NA,Magallanes,166533,59,2,4786,48
2020-09-11,Chile,NA,Magallanes,166533,112,2,4898,50
2020-09-12,Chile,NA,Magallanes,166533,262,0,5160,50
2020-09-13,Chile,NA,Magallanes,166533,234,2,5394,52
2020-09-14,Chile,NA,Magallanes,166533,113,3,5507,55
2020-09-15,Chile,NA,Magallanes,166533,84,0,5591,55
2020-03-19,Chile,NA,Maule,1044950,3,0,13,0
2020-03-20,Chile,NA,Maule,1044950,0,0,13,0
2020-03-21,Chile,NA,Maule,1044950,1,0,14,0
2020-03-22,Chile,NA,Maule,1044950,10,0,24,0
2020-03-23,Chile,NA,Maule,1044950,3,0,27,0
2020-03-24,Chile,NA,Maule,1044950,1,0,28,0
2020-03-25,Chile,NA,Maule,1044950,1,0,29,0
2020-03-26,Chile,NA,Maule,1044950,1,0,30,0
2020-03-27,Chile,NA,Maule,1044950,1,0,31,0
2020-03-28,Chile,NA,Maule,1044950,5,0,36,0
2020-03-29,Chile,NA,Maule,1044950,5,0,41,0
2020-03-30,Chile,NA,Maule,1044950,12,1,53,1
2020-03-31,Chile,NA,Maule,1044950,8,0,61,1
2020-04-01,Chile,NA,Maule,1044950,9,0,70,1
2020-04-02,Chile,NA,Maule,1044950,11,0,81,1
2020-04-03,Chile,NA,Maule,1044950,7,0,88,1
2020-04-04,Chile,NA,Maule,1044950,8,0,96,1
2020-04-05,Chile,NA,Maule,1044950,6,0,102,1
2020-04-06,Chile,NA,Maule,1044950,5,0,107,1
2020-04-07,Chile,NA,Maule,1044950,0,1,107,2
2020-04-08,Chile,NA,Maule,1044950,11,0,118,2
2020-04-09,Chile,NA,Maule,1044950,9,0,127,2
2020-04-10,Chile,NA,Maule,1044950,3,0,130,2
2020-04-11,Chile,NA,Maule,1044950,3,1,133,3
2020-04-12,Chile,NA,Maule,1044950,4,0,137,3
2020-04-13,Chile,NA,Maule,1044950,3,0,140,3
2020-04-14,Chile,NA,Maule,1044950,1,1,141,4
2020-04-15,Chile,NA,Maule,1044950,10,0,151,4
2020-04-16,Chile,NA,Maule,1044950,15,0,166,4
2020-04-17,Chile,NA,Maule,1044950,56,3,222,7
2020-04-18,Chile,NA,Maule,1044950,53,1,275,8
2020-04-19,Chile,NA,Maule,1044950,26,0,301,8
2020-04-20,Chile,NA,Maule,1044950,2,2,303,10
2020-04-21,Chile,NA,Maule,1044950,12,0,315,10
2020-04-22,Chile,NA,Maule,1044950,12,0,327,10
2020-04-23,Chile,NA,Maule,1044950,5,0,332,10
2020-04-24,Chile,NA,Maule,1044950,16,0,348,10
2020-04-25,Chile,NA,Maule,1044950,1,0,349,10
2020-04-26,Chile,NA,Maule,1044950,4,1,353,11
2020-04-27,Chile,NA,Maule,1044950,9,1,362,12
2020-04-28,Chile,NA,Maule,1044950,21,0,383,12
2020-04-29,Chile,NA,Maule,1044950,8,1,391,13
2020-04-30,Chile,NA,Maule,1044950,1,0,392,13
2020-05-01,Chile,NA,Maule,1044950,1,0,393,13
2020-05-02,Chile,NA,Maule,1044950,2,0,395,13
2020-05-03,Chile,NA,Maule,1044950,1,0,396,13
2020-05-04,Chile,NA,Maule,1044950,2,0,398,13
2020-05-05,Chile,NA,Maule,1044950,9,0,407,13
2020-05-06,Chile,NA,Maule,1044950,0,0,407,13
2020-05-07,Chile,NA,Maule,1044950,6,0,413,13
2020-05-08,Chile,NA,Maule,1044950,11,0,424,13
2020-05-09,Chile,NA,Maule,1044950,7,1,431,14
2020-05-10,Chile,NA,Maule,1044950,9,0,440,14
2020-05-11,Chile,NA,Maule,1044950,13,0,453,14
2020-05-12,Chile,NA,Maule,1044950,12,0,465,14
2020-05-13,Chile,NA,Maule,1044950,19,0,484,14
2020-05-14,Chile,NA,Maule,1044950,34,0,518,14
2020-05-15,Chile,NA,Maule,1044950,21,0,539,14
2020-05-16,Chile,NA,Maule,1044950,11,0,550,14
2020-05-17,Chile,NA,Maule,1044950,22,0,572,14
2020-05-18,Chile,NA,Maule,1044950,29,0,601,14
2020-05-19,Chile,NA,Maule,1044950,38,0,639,14
2020-05-20,Chile,NA,Maule,1044950,40,0,679,14
2020-05-21,Chile,NA,Maule,1044950,51,1,730,15
2020-05-22,Chile,NA,Maule,1044950,51,0,781,15
2020-05-23,Chile,NA,Maule,1044950,41,0,822,15
2020-05-24,Chile,NA,Maule,1044950,69,0,891,15
2020-05-25,Chile,NA,Maule,1044950,61,0,952,15
2020-05-26,Chile,NA,Maule,1044950,60,0,1012,15
2020-05-27,Chile,NA,Maule,1044950,53,0,1065,15
2020-05-28,Chile,NA,Maule,1044950,54,0,1119,15
2020-05-29,Chile,NA,Maule,1044950,60,0,1179,15
2020-05-30,Chile,NA,Maule,1044950,76,0,1255,15
2020-05-31,Chile,NA,Maule,1044950,41,0,1296,15
2020-06-01,Chile,NA,Maule,1044950,44,2,1340,17
2020-06-02,Chile,NA,Maule,1044950,40,0,1380,17
2020-06-03,Chile,NA,Maule,1044950,214,2,1594,19
2020-06-04,Chile,NA,Maule,1044950,137,2,1731,21
2020-06-05,Chile,NA,Maule,1044950,102,3,1833,24
2020-06-06,Chile,NA,Maule,1044950,135,0,1968,24
2020-06-07,Chile,NA,Maule,1044950,140,0,2108,24
2020-06-08,Chile,NA,Maule,1044950,67,0,2175,24
2020-06-09,Chile,NA,Maule,1044950,113,0,2288,24
2020-06-10,Chile,NA,Maule,1044950,151,0,2439,24
2020-06-11,Chile,NA,Maule,1044950,120,1,2559,24
2020-06-12,Chile,NA,Maule,1044950,131,0,2690,24
2020-06-13,Chile,NA,Maule,1044950,153,1,2843,24
2020-06-14,Chile,NA,Maule,1044950,153,3,2996,24
2020-06-15,Chile,NA,Maule,1044950,94,0,3090,24
2020-06-16,Chile,NA,Maule,1044950,98,0,3188,24
2020-06-17,Chile,NA,Maule,1044950,93,1,3281,24
2020-06-18,Chile,NA,Maule,1044950,206,1,3487,25
2020-06-19,Chile,NA,Maule,1044950,215,2,3702,27
2020-06-20,Chile,NA,Maule,1044950,151,5,3853,32
2020-06-21,Chile,NA,Maule,1044950,252,1,4105,33
2020-06-22,Chile,NA,Maule,1044950,145,0,4250,33
2020-06-23,Chile,NA,Maule,1044950,149,0,4399,33
2020-06-24,Chile,NA,Maule,1044950,153,3,4552,36
2020-06-25,Chile,NA,Maule,1044950,175,0,4727,36
2020-06-26,Chile,NA,Maule,1044950,181,3,4908,39
2020-06-27,Chile,NA,Maule,1044950,169,2,5077,41
2020-06-28,Chile,NA,Maule,1044950,140,7,5217,48
2020-06-29,Chile,NA,Maule,1044950,141,0,5358,48
2020-06-30,Chile,NA,Maule,1044950,86,0,5444,48
2020-07-01,Chile,NA,Maule,1044950,168,0,5612,48
2020-07-02,Chile,NA,Maule,1044950,103,5,5715,53
2020-07-03,Chile,NA,Maule,1044950,154,6,5869,59
2020-07-04,Chile,NA,Maule,1044950,170,6,6039,65
2020-07-05,Chile,NA,Maule,1044950,121,5,6160,70
2020-07-06,Chile,NA,Maule,1044950,113,3,6273,73
2020-07-07,Chile,NA,Maule,1044950,117,0,6390,73
2020-07-08,Chile,NA,Maule,1044950,86,5,6476,78
2020-07-09,Chile,NA,Maule,1044950,119,3,6595,81
2020-07-10,Chile,NA,Maule,1044950,133,5,6728,86
2020-07-11,Chile,NA,Maule,1044950,113,5,6841,91
2020-07-12,Chile,NA,Maule,1044950,107,3,6948,94
2020-07-13,Chile,NA,Maule,1044950,103,0,7051,94
2020-07-14,Chile,NA,Maule,1044950,85,0,7136,94
2020-07-15,Chile,NA,Maule,1044950,100,2,7236,96
2020-07-16,Chile,NA,Maule,1044950,144,3,7380,99
2020-07-17,Chile,NA,Maule,1044950,141,26,7521,125
2020-07-18,Chile,NA,Maule,1044950,79,2,7600,127
2020-07-19,Chile,NA,Maule,1044950,134,0,7734,127
2020-07-20,Chile,NA,Maule,1044950,67,4,7801,131
2020-07-21,Chile,NA,Maule,1044950,125,0,7926,131
2020-07-22,Chile,NA,Maule,1044950,77,0,8003,131
2020-07-23,Chile,NA,Maule,1044950,118,4,8121,135
2020-07-24,Chile,NA,Maule,1044950,112,1,8233,136
2020-07-25,Chile,NA,Maule,1044950,140,9,8373,145
2020-07-26,Chile,NA,Maule,1044950,122,9,8495,154
2020-07-27,Chile,NA,Maule,1044950,99,6,8594,160
2020-07-28,Chile,NA,Maule,1044950,44,4,8638,164
2020-07-29,Chile,NA,Maule,1044950,112,0,8750,164
2020-07-30,Chile,NA,Maule,1044950,113,10,8863,174
2020-07-31,Chile,NA,Maule,1044950,99,2,8962,176
2020-08-01,Chile,NA,Maule,1044950,60,2,9022,178
2020-08-02,Chile,NA,Maule,1044950,102,4,9124,182
2020-08-03,Chile,NA,Maule,1044950,73,11,9197,193
2020-08-04,Chile,NA,Maule,1044950,89,0,9286,193
2020-08-05,Chile,NA,Maule,1044950,61,0,9347,193
2020-08-06,Chile,NA,Maule,1044950,96,2,9443,195
2020-08-07,Chile,NA,Maule,1044950,122,2,9565,197
2020-08-08,Chile,NA,Maule,1044950,119,7,9684,204
2020-08-09,Chile,NA,Maule,1044950,97,0,9781,204
2020-08-10,Chile,NA,Maule,1044950,67,0,9848,204
2020-08-11,Chile,NA,Maule,1044950,64,0,9912,204
2020-08-12,Chile,NA,Maule,1044950,74,0,9986,204
2020-08-13,Chile,NA,Maule,1044950,84,12,10070,215
2020-08-14,Chile,NA,Maule,1044950,99,1,10169,216
2020-08-15,Chile,NA,Maule,1044950,98,2,10267,218
2020-08-16,Chile,NA,Maule,1044950,122,1,10389,219
2020-08-17,Chile,NA,Maule,1044950,70,6,10459,225
2020-08-18,Chile,NA,Maule,1044950,74,5,10533,230
2020-08-19,Chile,NA,Maule,1044950,77,0,10610,230
2020-08-20,Chile,NA,Maule,1044950,123,5,10733,235
2020-08-21,Chile,NA,Maule,1044950,107,0,10840,235
2020-08-22,Chile,NA,Maule,1044950,103,6,10943,241
2020-08-23,Chile,NA,Maule,1044950,99,5,11042,246
2020-08-24,Chile,NA,Maule,1044950,75,8,11117,254
2020-08-25,Chile,NA,Maule,1044950,71,0,11188,254
2020-08-26,Chile,NA,Maule,1044950,95,0,11283,254
2020-08-27,Chile,NA,Maule,1044950,86,2,11369,256
2020-08-28,Chile,NA,Maule,1044950,90,5,11459,261
2020-08-29,Chile,NA,Maule,1044950,101,0,11560,261
2020-08-30,Chile,NA,Maule,1044950,112,2,11672,263
2020-08-31,Chile,NA,Maule,1044950,79,0,11751,263
2020-09-01,Chile,NA,Maule,1044950,71,0,11822,263
2020-09-02,Chile,NA,Maule,1044950,76,0,11898,263
2020-09-03,Chile,NA,Maule,1044950,122,3,12020,266
2020-09-04,Chile,NA,Maule,1044950,173,4,12193,270
2020-09-05,Chile,NA,Maule,1044950,108,2,12301,272
2020-09-06,Chile,NA,Maule,1044950,133,1,12434,273
2020-09-07,Chile,NA,Maule,1044950,167,2,12601,275
2020-09-08,Chile,NA,Maule,1044950,73,2,12674,277
2020-09-09,Chile,NA,Maule,1044950,113,0,12787,277
2020-09-10,Chile,NA,Maule,1044950,180,1,12967,278
2020-09-11,Chile,NA,Maule,1044950,190,5,13157,283
2020-09-12,Chile,NA,Maule,1044950,172,3,13329,286
2020-09-13,Chile,NA,Maule,1044950,183,1,13512,287
2020-09-14,Chile,NA,Maule,1044950,133,1,13645,288
2020-09-15,Chile,NA,Maule,1044950,98,2,13743,290
2020-03-16,Chile,NA,Nuble,480609,8,0,12,0
2020-03-17,Chile,NA,Nuble,480609,14,0,26,0
2020-03-18,Chile,NA,Nuble,480609,0,0,26,0
2020-03-19,Chile,NA,Nuble,480609,2,0,28,0
2020-03-20,Chile,NA,Nuble,480609,16,0,44,0
2020-03-21,Chile,NA,Nuble,480609,14,0,58,0
2020-03-22,Chile,NA,Nuble,480609,6,0,64,0
2020-03-23,Chile,NA,Nuble,480609,17,0,81,0
2020-03-24,Chile,NA,Nuble,480609,24,0,105,0
2020-03-25,Chile,NA,Nuble,480609,6,0,111,0
2020-03-26,Chile,NA,Nuble,480609,3,0,114,0
2020-03-27,Chile,NA,Nuble,480609,30,0,144,0
2020-03-28,Chile,NA,Nuble,480609,28,0,172,0
2020-03-29,Chile,NA,Nuble,480609,25,0,197,0
2020-03-30,Chile,NA,Nuble,480609,32,0,229,0
2020-03-31,Chile,NA,Nuble,480609,16,0,245,0
2020-04-01,Chile,NA,Nuble,480609,14,0,259,0
2020-04-02,Chile,NA,Nuble,480609,82,0,341,0
2020-04-03,Chile,NA,Nuble,480609,29,1,370,1
2020-04-04,Chile,NA,Nuble,480609,31,1,401,2
2020-04-05,Chile,NA,Nuble,480609,24,1,425,3
2020-04-06,Chile,NA,Nuble,480609,49,1,474,4
2020-04-07,Chile,NA,Nuble,480609,48,1,522,5
2020-04-08,Chile,NA,Nuble,480609,39,0,561,5
2020-04-09,Chile,NA,Nuble,480609,10,1,571,6
2020-04-10,Chile,NA,Nuble,480609,18,0,589,6
2020-04-11,Chile,NA,Nuble,480609,17,0,606,6
2020-04-12,Chile,NA,Nuble,480609,7,1,613,7
2020-04-13,Chile,NA,Nuble,480609,5,0,618,7
2020-04-14,Chile,NA,Nuble,480609,4,1,622,8
2020-04-15,Chile,NA,Nuble,480609,12,0,634,8
2020-04-16,Chile,NA,Nuble,480609,5,2,639,10
2020-04-17,Chile,NA,Nuble,480609,17,1,656,11
2020-04-18,Chile,NA,Nuble,480609,11,1,667,12
2020-04-19,Chile,NA,Nuble,480609,11,1,678,13
2020-04-20,Chile,NA,Nuble,480609,9,0,687,13
2020-04-21,Chile,NA,Nuble,480609,7,0,694,13
2020-04-22,Chile,NA,Nuble,480609,9,0,703,13
2020-04-23,Chile,NA,Nuble,480609,5,0,708,13
2020-04-24,Chile,NA,Nuble,480609,7,1,715,14
2020-04-25,Chile,NA,Nuble,480609,10,0,725,14
2020-04-26,Chile,NA,Nuble,480609,6,0,731,14
2020-04-27,Chile,NA,Nuble,480609,10,0,741,14
2020-04-28,Chile,NA,Nuble,480609,6,0,747,14
2020-04-29,Chile,NA,Nuble,480609,14,0,761,14
2020-04-30,Chile,NA,Nuble,480609,7,0,768,14
2020-05-01,Chile,NA,Nuble,480609,0,0,768,14
2020-05-02,Chile,NA,Nuble,480609,8,2,776,16
2020-05-03,Chile,NA,Nuble,480609,10,0,786,16
2020-05-04,Chile,NA,Nuble,480609,1,1,787,17
2020-05-05,Chile,NA,Nuble,480609,2,0,789,17
2020-05-06,Chile,NA,Nuble,480609,2,0,791,17
2020-05-07,Chile,NA,Nuble,480609,2,0,793,17
2020-05-08,Chile,NA,Nuble,480609,1,1,794,18
2020-05-09,Chile,NA,Nuble,480609,7,0,801,18
2020-05-10,Chile,NA,Nuble,480609,11,0,812,18
2020-05-11,Chile,NA,Nuble,480609,2,0,814,18
2020-05-12,Chile,NA,Nuble,480609,12,1,826,19
2020-05-13,Chile,NA,Nuble,480609,13,0,839,19
2020-05-14,Chile,NA,Nuble,480609,10,1,849,20
2020-05-15,Chile,NA,Nuble,480609,36,0,885,20
2020-05-16,Chile,NA,Nuble,480609,36,0,921,20
2020-05-17,Chile,NA,Nuble,480609,21,0,942,20
2020-05-18,Chile,NA,Nuble,480609,43,1,985,21
2020-05-19,Chile,NA,Nuble,480609,3,0,988,21
2020-05-20,Chile,NA,Nuble,480609,23,0,1011,21
2020-05-21,Chile,NA,Nuble,480609,9,0,1020,21
2020-05-22,Chile,NA,Nuble,480609,5,0,1025,21
2020-05-23,Chile,NA,Nuble,480609,52,0,1077,21
2020-05-24,Chile,NA,Nuble,480609,25,0,1102,21
2020-05-25,Chile,NA,Nuble,480609,37,1,1139,22
2020-05-26,Chile,NA,Nuble,480609,8,0,1147,22
2020-05-27,Chile,NA,Nuble,480609,27,0,1174,22
2020-05-28,Chile,NA,Nuble,480609,31,0,1205,22
2020-05-29,Chile,NA,Nuble,480609,37,0,1242,22
2020-05-30,Chile,NA,Nuble,480609,14,1,1256,23
2020-05-31,Chile,NA,Nuble,480609,1,0,1257,23
2020-06-01,Chile,NA,Nuble,480609,33,0,1290,23
2020-06-02,Chile,NA,Nuble,480609,0,0,1290,23
2020-06-03,Chile,NA,Nuble,480609,39,1,1329,24
2020-06-04,Chile,NA,Nuble,480609,43,0,1372,24
2020-06-05,Chile,NA,Nuble,480609,57,0,1429,24
2020-06-06,Chile,NA,Nuble,480609,41,0,1470,24
2020-06-07,Chile,NA,Nuble,480609,20,0,1490,24
2020-06-08,Chile,NA,Nuble,480609,62,0,1552,24
2020-06-09,Chile,NA,Nuble,480609,32,0,1584,24
2020-06-10,Chile,NA,Nuble,480609,32,2,1616,24
2020-06-11,Chile,NA,Nuble,480609,57,0,1673,24
2020-06-12,Chile,NA,Nuble,480609,45,0,1718,24
2020-06-13,Chile,NA,Nuble,480609,19,2,1737,24
2020-06-14,Chile,NA,Nuble,480609,41,0,1778,24
2020-06-15,Chile,NA,Nuble,480609,54,0,1832,24
2020-06-16,Chile,NA,Nuble,480609,20,0,1852,24
2020-06-17,Chile,NA,Nuble,480609,53,2,1905,24
2020-06-18,Chile,NA,Nuble,480609,45,0,1950,24
2020-06-19,Chile,NA,Nuble,480609,129,1,2079,25
2020-06-20,Chile,NA,Nuble,480609,32,2,2111,27
2020-06-21,Chile,NA,Nuble,480609,24,1,2135,28
2020-06-22,Chile,NA,Nuble,480609,22,0,2157,28
2020-06-23,Chile,NA,Nuble,480609,14,0,2171,28
2020-06-24,Chile,NA,Nuble,480609,24,1,2195,29
2020-06-25,Chile,NA,Nuble,480609,14,1,2209,30
2020-06-26,Chile,NA,Nuble,480609,41,1,2250,31
2020-06-27,Chile,NA,Nuble,480609,43,0,2293,31
2020-06-28,Chile,NA,Nuble,480609,46,1,2339,32
2020-06-29,Chile,NA,Nuble,480609,21,0,2360,32
2020-06-30,Chile,NA,Nuble,480609,13,0,2373,32
2020-07-01,Chile,NA,Nuble,480609,17,0,2390,32
2020-07-02,Chile,NA,Nuble,480609,33,1,2423,33
2020-07-03,Chile,NA,Nuble,480609,43,0,2466,33
2020-07-04,Chile,NA,Nuble,480609,43,0,2509,33
2020-07-05,Chile,NA,Nuble,480609,44,0,2553,33
2020-07-06,Chile,NA,Nuble,480609,40,0,2593,33
2020-07-07,Chile,NA,Nuble,480609,23,0,2616,33
2020-07-08,Chile,NA,Nuble,480609,60,2,2676,35
2020-07-09,Chile,NA,Nuble,480609,82,1,2758,36
2020-07-10,Chile,NA,Nuble,480609,56,1,2814,37
2020-07-11,Chile,NA,Nuble,480609,71,1,2885,38
2020-07-12,Chile,NA,Nuble,480609,56,2,2941,40
2020-07-13,Chile,NA,Nuble,480609,24,0,2965,40
2020-07-14,Chile,NA,Nuble,480609,24,0,2989,40
2020-07-15,Chile,NA,Nuble,480609,19,0,3008,40
2020-07-16,Chile,NA,Nuble,480609,58,0,3066,40
2020-07-17,Chile,NA,Nuble,480609,15,12,3081,52
2020-07-18,Chile,NA,Nuble,480609,98,1,3179,53
2020-07-19,Chile,NA,Nuble,480609,29,0,3208,53
2020-07-20,Chile,NA,Nuble,480609,28,1,3236,54
2020-07-21,Chile,NA,Nuble,480609,23,0,3259,54
2020-07-22,Chile,NA,Nuble,480609,13,0,3272,54
2020-07-23,Chile,NA,Nuble,480609,37,2,3309,56
2020-07-24,Chile,NA,Nuble,480609,27,3,3336,59
2020-07-25,Chile,NA,Nuble,480609,21,1,3357,60
2020-07-26,Chile,NA,Nuble,480609,7,0,3364,60
2020-07-27,Chile,NA,Nuble,480609,59,0,3423,60
2020-07-28,Chile,NA,Nuble,480609,13,0,3436,60
2020-07-29,Chile,NA,Nuble,480609,30,0,3466,60
2020-07-30,Chile,NA,Nuble,480609,25,1,3491,61
2020-07-31,Chile,NA,Nuble,480609,25,1,3516,62
2020-08-01,Chile,NA,Nuble,480609,27,0,3543,62
2020-08-02,Chile,NA,Nuble,480609,27,0,3570,62
2020-08-03,Chile,NA,Nuble,480609,20,1,3590,63
2020-08-04,Chile,NA,Nuble,480609,13,0,3603,63
2020-08-05,Chile,NA,Nuble,480609,28,0,3631,63
2020-08-06,Chile,NA,Nuble,480609,13,2,3644,65
2020-08-07,Chile,NA,Nuble,480609,46,3,3690,68
2020-08-08,Chile,NA,Nuble,480609,49,1,3739,69
2020-08-09,Chile,NA,Nuble,480609,32,0,3771,69
2020-08-10,Chile,NA,Nuble,480609,38,0,3809,69
2020-08-11,Chile,NA,Nuble,480609,20,0,3829,69
2020-08-12,Chile,NA,Nuble,480609,36,0,3865,69
2020-08-13,Chile,NA,Nuble,480609,31,1,3896,70
2020-08-14,Chile,NA,Nuble,480609,32,1,3928,71
2020-08-15,Chile,NA,Nuble,480609,8,2,3936,73
2020-08-16,Chile,NA,Nuble,480609,11,0,3947,73
2020-08-17,Chile,NA,Nuble,480609,37,0,3984,73
2020-08-18,Chile,NA,Nuble,480609,30,0,4014,73
2020-08-19,Chile,NA,Nuble,480609,29,0,4043,73
2020-08-20,Chile,NA,Nuble,480609,44,1,4087,74
2020-08-21,Chile,NA,Nuble,480609,40,1,4127,75
2020-08-22,Chile,NA,Nuble,480609,66,0,4193,75
2020-08-23,Chile,NA,Nuble,480609,38,0,4231,75
2020-08-24,Chile,NA,Nuble,480609,60,0,4291,75
2020-08-25,Chile,NA,Nuble,480609,39,0,4330,75
2020-08-26,Chile,NA,Nuble,480609,70,0,4400,75
2020-08-27,Chile,NA,Nuble,480609,54,1,4454,76
2020-08-28,Chile,NA,Nuble,480609,88,1,4542,77
2020-08-29,Chile,NA,Nuble,480609,92,3,4634,80
2020-08-30,Chile,NA,Nuble,480609,57,0,4691,80
2020-08-31,Chile,NA,Nuble,480609,80,0,4771,80
2020-09-01,Chile,NA,Nuble,480609,25,0,4796,80
2020-09-02,Chile,NA,Nuble,480609,28,0,4824,80
2020-09-03,Chile,NA,Nuble,480609,49,2,4873,82
2020-09-04,Chile,NA,Nuble,480609,89,1,4962,83
2020-09-05,Chile,NA,Nuble,480609,53,1,5015,84
2020-09-06,Chile,NA,Nuble,480609,93,1,5108,85
2020-09-07,Chile,NA,Nuble,480609,41,1,5149,86
2020-09-08,Chile,NA,Nuble,480609,35,0,5184,86
2020-09-09,Chile,NA,Nuble,480609,30,0,5214,86
2020-09-10,Chile,NA,Nuble,480609,43,2,5257,88
2020-09-11,Chile,NA,Nuble,480609,90,4,5347,92
2020-09-12,Chile,NA,Nuble,480609,86,0,5433,92
2020-09-13,Chile,NA,Nuble,480609,103,2,5536,94
2020-09-14,Chile,NA,Nuble,480609,73,3,5609,97
2020-09-15,Chile,NA,Nuble,480609,57,0,5666,97
2020-03-25,Chile,NA,O'Higgins,914555,2,0,11,0
2020-03-26,Chile,NA,O'Higgins,914555,3,0,14,0
2020-03-27,Chile,NA,O'Higgins,914555,2,0,16,0
2020-03-28,Chile,NA,O'Higgins,914555,4,0,20,0
2020-03-29,Chile,NA,O'Higgins,914555,1,0,21,0
2020-03-30,Chile,NA,O'Higgins,914555,0,0,21,0
2020-03-31,Chile,NA,O'Higgins,914555,2,0,23,0
2020-04-01,Chile,NA,O'Higgins,914555,3,0,26,0
2020-04-02,Chile,NA,O'Higgins,914555,6,0,32,0
2020-04-03,Chile,NA,O'Higgins,914555,1,0,33,0
2020-04-04,Chile,NA,O'Higgins,914555,5,0,38,0
2020-04-05,Chile,NA,O'Higgins,914555,3,0,41,0
2020-04-06,Chile,NA,O'Higgins,914555,1,0,42,0
2020-04-07,Chile,NA,O'Higgins,914555,0,0,42,0
2020-04-08,Chile,NA,O'Higgins,914555,1,0,43,0
2020-04-09,Chile,NA,O'Higgins,914555,1,0,44,0
2020-04-10,Chile,NA,O'Higgins,914555,0,0,44,0
2020-04-11,Chile,NA,O'Higgins,914555,1,0,45,0
2020-04-12,Chile,NA,O'Higgins,914555,1,0,46,0
2020-04-13,Chile,NA,O'Higgins,914555,2,0,48,0
2020-04-14,Chile,NA,O'Higgins,914555,5,0,53,0
2020-04-15,Chile,NA,O'Higgins,914555,1,0,54,0
2020-04-16,Chile,NA,O'Higgins,914555,0,0,54,0
2020-04-17,Chile,NA,O'Higgins,914555,1,0,55,0
2020-04-18,Chile,NA,O'Higgins,914555,0,0,55,0
2020-04-19,Chile,NA,O'Higgins,914555,0,0,55,0
2020-04-20,Chile,NA,O'Higgins,914555,1,0,56,0
2020-04-21,Chile,NA,O'Higgins,914555,1,1,57,1
2020-04-22,Chile,NA,O'Higgins,914555,2,0,59,1
2020-04-23,Chile,NA,O'Higgins,914555,17,0,76,1
2020-04-24,Chile,NA,O'Higgins,914555,5,0,81,1
2020-04-25,Chile,NA,O'Higgins,914555,4,0,85,1
2020-04-26,Chile,NA,O'Higgins,914555,7,0,92,1
2020-04-27,Chile,NA,O'Higgins,914555,2,0,94,1
2020-04-28,Chile,NA,O'Higgins,914555,3,0,97,1
2020-04-29,Chile,NA,O'Higgins,914555,7,0,104,1
2020-04-30,Chile,NA,O'Higgins,914555,4,0,108,1
2020-05-01,Chile,NA,O'Higgins,914555,1,0,109,1
2020-05-02,Chile,NA,O'Higgins,914555,11,2,120,3
2020-05-03,Chile,NA,O'Higgins,914555,5,0,125,3
2020-05-04,Chile,NA,O'Higgins,914555,6,0,131,3
2020-05-05,Chile,NA,O'Higgins,914555,5,0,136,3
2020-05-06,Chile,NA,O'Higgins,914555,9,0,145,3
2020-05-07,Chile,NA,O'Higgins,914555,6,0,151,3
2020-05-08,Chile,NA,O'Higgins,914555,16,0,167,3
2020-05-09,Chile,NA,O'Higgins,914555,15,0,182,3
2020-05-10,Chile,NA,O'Higgins,914555,13,0,195,3
2020-05-11,Chile,NA,O'Higgins,914555,21,1,216,4
2020-05-12,Chile,NA,O'Higgins,914555,8,0,224,4
2020-05-13,Chile,NA,O'Higgins,914555,24,0,248,4
2020-05-14,Chile,NA,O'Higgins,914555,47,0,295,4
2020-05-15,Chile,NA,O'Higgins,914555,28,1,323,5
2020-05-16,Chile,NA,O'Higgins,914555,6,0,329,5
2020-05-17,Chile,NA,O'Higgins,914555,37,0,366,5
2020-05-18,Chile,NA,O'Higgins,914555,52,1,418,6
2020-05-19,Chile,NA,O'Higgins,914555,24,1,442,7
2020-05-20,Chile,NA,O'Higgins,914555,13,0,455,7
2020-05-21,Chile,NA,O'Higgins,914555,10,0,465,7
2020-05-22,Chile,NA,O'Higgins,914555,27,1,492,8
2020-05-23,Chile,NA,O'Higgins,914555,26,3,518,11
2020-05-24,Chile,NA,O'Higgins,914555,36,0,554,11
2020-05-25,Chile,NA,O'Higgins,914555,34,2,588,13
2020-05-26,Chile,NA,O'Higgins,914555,66,0,654,13
2020-05-27,Chile,NA,O'Higgins,914555,37,1,691,14
2020-05-28,Chile,NA,O'Higgins,914555,14,0,705,14
2020-05-29,Chile,NA,O'Higgins,914555,40,0,745,14
2020-05-30,Chile,NA,O'Higgins,914555,11,2,756,16
2020-05-31,Chile,NA,O'Higgins,914555,29,2,785,18
2020-06-01,Chile,NA,O'Higgins,914555,28,0,813,18
2020-06-02,Chile,NA,O'Higgins,914555,30,0,843,18
2020-06-03,Chile,NA,O'Higgins,914555,88,2,931,20
2020-06-04,Chile,NA,O'Higgins,914555,36,1,967,21
2020-06-05,Chile,NA,O'Higgins,914555,49,1,1016,22
2020-06-06,Chile,NA,O'Higgins,914555,95,3,1111,25
2020-06-07,Chile,NA,O'Higgins,914555,72,0,1183,25
2020-06-08,Chile,NA,O'Higgins,914555,72,2,1255,25
2020-06-09,Chile,NA,O'Higgins,914555,62,1,1317,25
2020-06-10,Chile,NA,O'Higgins,914555,125,3,1442,26
2020-06-11,Chile,NA,O'Higgins,914555,110,2,1552,28
2020-06-12,Chile,NA,O'Higgins,914555,77,2,1629,30
2020-06-13,Chile,NA,O'Higgins,914555,159,2,1788,32
2020-06-14,Chile,NA,O'Higgins,914555,139,1,1927,33
2020-06-15,Chile,NA,O'Higgins,914555,85,2,2012,35
2020-06-16,Chile,NA,O'Higgins,914555,209,0,2221,35
2020-06-17,Chile,NA,O'Higgins,914555,197,6,2418,41
2020-06-18,Chile,NA,O'Higgins,914555,220,3,2638,44
2020-06-19,Chile,NA,O'Higgins,914555,294,2,2932,46
2020-06-20,Chile,NA,O'Higgins,914555,302,4,3234,50
2020-06-21,Chile,NA,O'Higgins,914555,339,2,3573,52
2020-06-22,Chile,NA,O'Higgins,914555,234,0,3807,52
2020-06-23,Chile,NA,O'Higgins,914555,175,0,3982,52
2020-06-24,Chile,NA,O'Higgins,914555,249,7,4231,59
2020-06-25,Chile,NA,O'Higgins,914555,258,4,4489,63
2020-06-26,Chile,NA,O'Higgins,914555,268,2,4757,65
2020-06-27,Chile,NA,O'Higgins,914555,186,3,4943,68
2020-06-28,Chile,NA,O'Higgins,914555,284,1,5227,69
2020-06-29,Chile,NA,O'Higgins,914555,238,0,5465,69
2020-06-30,Chile,NA,O'Higgins,914555,237,0,5702,69
2020-07-01,Chile,NA,O'Higgins,914555,164,0,5866,69
2020-07-02,Chile,NA,O'Higgins,914555,200,8,6066,77
2020-07-03,Chile,NA,O'Higgins,914555,180,6,6246,83
2020-07-04,Chile,NA,O'Higgins,914555,234,6,6480,89
2020-07-05,Chile,NA,O'Higgins,914555,209,3,6689,92
2020-07-06,Chile,NA,O'Higgins,914555,187,0,6876,92
2020-07-07,Chile,NA,O'Higgins,914555,213,0,7089,92
2020-07-08,Chile,NA,O'Higgins,914555,99,12,7188,104
2020-07-09,Chile,NA,O'Higgins,914555,194,5,7382,109
2020-07-10,Chile,NA,O'Higgins,914555,308,4,7690,113
2020-07-11,Chile,NA,O'Higgins,914555,141,6,7831,119
2020-07-12,Chile,NA,O'Higgins,914555,128,4,7959,123
2020-07-13,Chile,NA,O'Higgins,914555,149,0,8108,123
2020-07-14,Chile,NA,O'Higgins,914555,152,0,8260,123
2020-07-15,Chile,NA,O'Higgins,914555,116,11,8376,134
2020-07-16,Chile,NA,O'Higgins,914555,149,5,8525,139
2020-07-17,Chile,NA,O'Higgins,914555,176,25,8701,164
2020-07-18,Chile,NA,O'Higgins,914555,86,8,8787,172
2020-07-19,Chile,NA,O'Higgins,914555,120,1,8907,173
2020-07-20,Chile,NA,O'Higgins,914555,103,10,9010,183
2020-07-21,Chile,NA,O'Higgins,914555,90,0,9100,183
2020-07-22,Chile,NA,O'Higgins,914555,125,0,9225,183
2020-07-23,Chile,NA,O'Higgins,914555,125,14,9350,197
2020-07-24,Chile,NA,O'Higgins,914555,162,4,9512,201
2020-07-25,Chile,NA,O'Higgins,914555,104,8,9616,209
2020-07-26,Chile,NA,O'Higgins,914555,111,9,9727,218
2020-07-27,Chile,NA,O'Higgins,914555,94,2,9821,220
2020-07-28,Chile,NA,O'Higgins,914555,39,0,9860,220
2020-07-29,Chile,NA,O'Higgins,914555,89,0,9949,220
2020-07-30,Chile,NA,O'Higgins,914555,104,8,10053,228
2020-07-31,Chile,NA,O'Higgins,914555,91,8,10144,236
2020-08-01,Chile,NA,O'Higgins,914555,89,2,10233,238
2020-08-02,Chile,NA,O'Higgins,914555,94,6,10327,244
2020-08-03,Chile,NA,O'Higgins,914555,86,8,10413,252
2020-08-04,Chile,NA,O'Higgins,914555,50,0,10463,252
2020-08-05,Chile,NA,O'Higgins,914555,67,0,10530,252
2020-08-06,Chile,NA,O'Higgins,914555,102,8,10632,260
2020-08-07,Chile,NA,O'Higgins,914555,132,3,10764,263
2020-08-08,Chile,NA,O'Higgins,914555,221,2,10985,265
2020-08-09,Chile,NA,O'Higgins,914555,100,5,11085,270
2020-08-10,Chile,NA,O'Higgins,914555,81,10,11166,280
2020-08-11,Chile,NA,O'Higgins,914555,105,1,11271,281
2020-08-12,Chile,NA,O'Higgins,914555,116,0,11387,281
2020-08-13,Chile,NA,O'Higgins,914555,106,9,11493,290
2020-08-14,Chile,NA,O'Higgins,914555,85,5,11578,295
2020-08-15,Chile,NA,O'Higgins,914555,62,4,11640,299
2020-08-16,Chile,NA,O'Higgins,914555,87,2,11727,301
2020-08-17,Chile,NA,O'Higgins,914555,47,3,11774,304
2020-08-18,Chile,NA,O'Higgins,914555,67,0,11841,304
2020-08-19,Chile,NA,O'Higgins,914555,65,0,11906,304
2020-08-20,Chile,NA,O'Higgins,914555,99,6,12005,310
2020-08-21,Chile,NA,O'Higgins,914555,82,3,12087,313
2020-08-22,Chile,NA,O'Higgins,914555,60,3,12147,316
2020-08-23,Chile,NA,O'Higgins,914555,73,4,12220,320
2020-08-24,Chile,NA,O'Higgins,914555,125,3,12345,323
2020-08-25,Chile,NA,O'Higgins,914555,76,1,12421,324
2020-08-26,Chile,NA,O'Higgins,914555,93,0,12514,324
2020-08-27,Chile,NA,O'Higgins,914555,69,5,12583,329
2020-08-28,Chile,NA,O'Higgins,914555,93,2,12676,331
2020-08-29,Chile,NA,O'Higgins,914555,102,4,12778,335
2020-08-30,Chile,NA,O'Higgins,914555,83,3,12861,338
2020-08-31,Chile,NA,O'Higgins,914555,88,2,12949,340
2020-09-01,Chile,NA,O'Higgins,914555,88,0,13037,340
2020-09-02,Chile,NA,O'Higgins,914555,85,0,13122,340
2020-09-03,Chile,NA,O'Higgins,914555,115,3,13237,343
2020-09-04,Chile,NA,O'Higgins,914555,101,4,13338,347
2020-09-05,Chile,NA,O'Higgins,914555,108,2,13446,349
2020-09-06,Chile,NA,O'Higgins,914555,83,1,13529,350
2020-09-07,Chile,NA,O'Higgins,914555,97,2,13626,352
2020-09-08,Chile,NA,O'Higgins,914555,101,0,13727,352
2020-09-09,Chile,NA,O'Higgins,914555,61,0,13788,352
2020-09-10,Chile,NA,O'Higgins,914555,88,3,13876,355
2020-09-11,Chile,NA,O'Higgins,914555,115,4,13991,359
2020-09-12,Chile,NA,O'Higgins,914555,150,3,14141,362
2020-09-13,Chile,NA,O'Higgins,914555,125,4,14266,366
2020-09-14,Chile,NA,O'Higgins,914555,84,3,14350,369
2020-09-15,Chile,NA,O'Higgins,914555,126,0,14476,369
2020-03-11,Chile,NA,Santiago Metropolitan Region,7112808,4,0,14,0
2020-03-12,Chile,NA,Santiago Metropolitan Region,7112808,9,0,23,0
2020-03-13,Chile,NA,Santiago Metropolitan Region,7112808,6,0,29,0
2020-03-14,Chile,NA,Santiago Metropolitan Region,7112808,11,0,40,0
2020-03-15,Chile,NA,Santiago Metropolitan Region,7112808,14,0,54,0
2020-03-16,Chile,NA,Santiago Metropolitan Region,7112808,69,0,123,0
2020-03-17,Chile,NA,Santiago Metropolitan Region,7112808,29,0,152,0
2020-03-18,Chile,NA,Santiago Metropolitan Region,7112808,22,0,174,0
2020-03-19,Chile,NA,Santiago Metropolitan Region,7112808,73,0,247,0
2020-03-20,Chile,NA,Santiago Metropolitan Region,7112808,57,0,304,0
2020-03-21,Chile,NA,Santiago Metropolitan Region,7112808,55,0,359,0
2020-03-22,Chile,NA,Santiago Metropolitan Region,7112808,50,0,409,1
2020-03-23,Chile,NA,Santiago Metropolitan Region,7112808,50,0,459,1
2020-03-24,Chile,NA,Santiago Metropolitan Region,7112808,81,1,540,2
2020-03-25,Chile,NA,Santiago Metropolitan Region,7112808,142,0,682,2
2020-03-26,Chile,NA,Santiago Metropolitan Region,7112808,64,1,746,3
2020-03-27,Chile,NA,Santiago Metropolitan Region,7112808,192,0,938,3
2020-03-28,Chile,NA,Santiago Metropolitan Region,7112808,146,0,1084,3
2020-03-29,Chile,NA,Santiago Metropolitan Region,7112808,83,0,1167,3
2020-03-30,Chile,NA,Santiago Metropolitan Region,7112808,128,0,1295,3
2020-03-31,Chile,NA,Santiago Metropolitan Region,7112808,125,1,1420,4
2020-04-01,Chile,NA,Santiago Metropolitan Region,7112808,101,1,1521,5
2020-04-02,Chile,NA,Santiago Metropolitan Region,7112808,115,1,1636,6
2020-04-03,Chile,NA,Santiago Metropolitan Region,7112808,106,2,1742,8
2020-04-04,Chile,NA,Santiago Metropolitan Region,7112808,215,1,1957,9
2020-04-05,Chile,NA,Santiago Metropolitan Region,7112808,145,1,2102,10
2020-04-06,Chile,NA,Santiago Metropolitan Region,7112808,142,0,2244,10
2020-04-07,Chile,NA,Santiago Metropolitan Region,7112808,106,2,2350,12
2020-04-08,Chile,NA,Santiago Metropolitan Region,7112808,198,2,2548,14
2020-04-09,Chile,NA,Santiago Metropolitan Region,7112808,284,7,2832,21
2020-04-10,Chile,NA,Santiago Metropolitan Region,7112808,361,8,3193,29
2020-04-11,Chile,NA,Santiago Metropolitan Region,7112808,255,3,3448,32
2020-04-12,Chile,NA,Santiago Metropolitan Region,7112808,151,3,3599,35
2020-04-13,Chile,NA,Santiago Metropolitan Region,7112808,204,1,3803,36
2020-04-14,Chile,NA,Santiago Metropolitan Region,7112808,283,4,4086,40
2020-04-15,Chile,NA,Santiago Metropolitan Region,7112808,248,1,4334,41
2020-04-16,Chile,NA,Santiago Metropolitan Region,7112808,348,7,4682,48
2020-04-17,Chile,NA,Santiago Metropolitan Region,7112808,233,3,4915,51
2020-04-18,Chile,NA,Santiago Metropolitan Region,7112808,277,7,5192,58
2020-04-19,Chile,NA,Santiago Metropolitan Region,7112808,189,5,5381,63
2020-04-20,Chile,NA,Santiago Metropolitan Region,7112808,262,4,5643,67
2020-04-21,Chile,NA,Santiago Metropolitan Region,7112808,145,2,5788,69
2020-04-22,Chile,NA,Santiago Metropolitan Region,7112808,295,9,6083,78
2020-04-23,Chile,NA,Santiago Metropolitan Region,7112808,351,7,6434,85
2020-04-24,Chile,NA,Santiago Metropolitan Region,7112808,327,1,6761,86
2020-04-25,Chile,NA,Santiago Metropolitan Region,7112808,404,3,7165,89
2020-04-26,Chile,NA,Santiago Metropolitan Region,7112808,331,2,7496,91
2020-04-27,Chile,NA,Santiago Metropolitan Region,7112808,362,4,7858,95
2020-04-28,Chile,NA,Santiago Metropolitan Region,7112808,442,5,8300,100
2020-04-29,Chile,NA,Santiago Metropolitan Region,7112808,589,4,8889,104
2020-04-30,Chile,NA,Santiago Metropolitan Region,7112808,736,6,9625,110
2020-05-01,Chile,NA,Santiago Metropolitan Region,7112808,891,4,10516,114
2020-05-02,Chile,NA,Santiago Metropolitan Region,7112808,1145,8,11661,122
2020-05-03,Chile,NA,Santiago Metropolitan Region,7112808,995,13,12656,135
2020-05-04,Chile,NA,Santiago Metropolitan Region,7112808,872,8,13528,143
2020-05-05,Chile,NA,Santiago Metropolitan Region,7112808,1179,3,14707,146
2020-05-06,Chile,NA,Santiago Metropolitan Region,7112808,875,4,15582,150
2020-05-07,Chile,NA,Santiago Metropolitan Region,7112808,1246,2,16828,152
2020-05-08,Chile,NA,Santiago Metropolitan Region,7112808,1151,5,17979,157
2020-05-09,Chile,NA,Santiago Metropolitan Region,7112808,978,6,18957,163
2020-05-10,Chile,NA,Santiago Metropolitan Region,7112808,1396,3,20353,166
2020-05-11,Chile,NA,Santiago Metropolitan Region,7112808,964,6,21317,172
2020-05-12,Chile,NA,Santiago Metropolitan Region,7112808,1392,6,22709,178
2020-05-13,Chile,NA,Santiago Metropolitan Region,7112808,2256,6,24965,184
2020-05-14,Chile,NA,Santiago Metropolitan Region,7112808,2251,18,27216,202
2020-05-15,Chile,NA,Santiago Metropolitan Region,7112808,2060,19,29276,221
2020-05-16,Chile,NA,Santiago Metropolitan Region,7112808,1518,25,30794,246
2020-05-17,Chile,NA,Santiago Metropolitan Region,7112808,1890,24,32684,270
2020-05-18,Chile,NA,Santiago Metropolitan Region,7112808,1767,24,34451,294
2020-05-19,Chile,NA,Santiago Metropolitan Region,7112808,3140,24,37591,318
2020-05-20,Chile,NA,Santiago Metropolitan Region,7112808,3588,30,41179,348
2020-05-21,Chile,NA,Santiago Metropolitan Region,7112808,3462,40,44641,388
2020-05-22,Chile,NA,Santiago Metropolitan Region,7112808,3709,35,48350,423
2020-05-23,Chile,NA,Santiago Metropolitan Region,7112808,3049,32,51399,455
2020-05-24,Chile,NA,Santiago Metropolitan Region,7112808,3145,39,54544,494
2020-05-25,Chile,NA,Santiago Metropolitan Region,7112808,4386,35,58930,529
2020-05-26,Chile,NA,Santiago Metropolitan Region,7112808,3355,38,62285,567
2020-05-27,Chile,NA,Santiago Metropolitan Region,7112808,3726,28,66011,595
2020-05-28,Chile,NA,Santiago Metropolitan Region,7112808,3904,43,69915,638
2020-05-29,Chile,NA,Santiago Metropolitan Region,7112808,2995,47,72910,685
2020-05-30,Chile,NA,Santiago Metropolitan Region,7112808,3341,43,76251,728
2020-05-31,Chile,NA,Santiago Metropolitan Region,7112808,4253,47,80504,775
2020-06-01,Chile,NA,Santiago Metropolitan Region,7112808,4735,49,85239,824
2020-06-02,Chile,NA,Santiago Metropolitan Region,7112808,2955,70,88194,894
2020-06-03,Chile,NA,Santiago Metropolitan Region,7112808,3997,67,92191,961
2020-06-04,Chile,NA,Santiago Metropolitan Region,7112808,3699,73,95890,1034
2020-06-05,Chile,NA,Santiago Metropolitan Region,7112808,3176,71,99066,1105
2020-06-06,Chile,NA,Santiago Metropolitan Region,7112808,4128,79,103194,1184
2020-06-07,Chile,NA,Santiago Metropolitan Region,7112808,5268,700,108462,1884
2020-06-08,Chile,NA,Santiago Metropolitan Region,7112808,3674,66,112136,1950
2020-06-09,Chile,NA,Santiago Metropolitan Region,7112808,2990,18,115126,1968
2020-06-10,Chile,NA,Santiago Metropolitan Region,7112808,4620,147,119746,2115
2020-06-11,Chile,NA,Santiago Metropolitan Region,7112808,4389,158,124135,2273
2020-06-12,Chile,NA,Santiago Metropolitan Region,7112808,5559,195,129694,2468
2020-06-13,Chile,NA,Santiago Metropolitan Region,7112808,5057,213,134751,2681
2020-06-14,Chile,NA,Santiago Metropolitan Region,7112808,5647,197,140398,2878
2020-06-15,Chile,NA,Santiago Metropolitan Region,7112808,3882,35,144280,2913
2020-06-16,Chile,NA,Santiago Metropolitan Region,7112808,4022,21,148302,2934
2020-06-17,Chile,NA,Santiago Metropolitan Region,7112808,3539,180,151841,3114
2020-06-18,Chile,NA,Santiago Metropolitan Region,7112808,3021,205,154862,3319
2020-06-19,Chile,NA,Santiago Metropolitan Region,7112808,4421,226,159283,3545
2020-06-20,Chile,NA,Santiago Metropolitan Region,7112808,3603,170,162886,3715
2020-06-21,Chile,NA,Santiago Metropolitan Region,7112808,3789,155,166675,3870
2020-06-22,Chile,NA,Santiago Metropolitan Region,7112808,3026,22,169701,3892
2020-06-23,Chile,NA,Santiago Metropolitan Region,7112808,2469,3,172170,3895
2020-06-24,Chile,NA,Santiago Metropolitan Region,7112808,2350,170,174520,4065
2020-06-25,Chile,NA,Santiago Metropolitan Region,7112808,3035,141,177555,4206
2020-06-26,Chile,NA,Santiago Metropolitan Region,7112808,2616,136,180171,4342
2020-06-27,Chile,NA,Santiago Metropolitan Region,7112808,2957,242,183128,4584
2020-06-28,Chile,NA,Santiago Metropolitan Region,7112808,2569,127,185697,4711
2020-06-29,Chile,NA,Santiago Metropolitan Region,7112808,2508,66,188205,4777
2020-06-30,Chile,NA,Santiago Metropolitan Region,7112808,2255,112,190460,4889
2020-07-01,Chile,NA,Santiago Metropolitan Region,7112808,1316,65,191776,4954
2020-07-02,Chile,NA,Santiago Metropolitan Region,7112808,1353,101,193129,5055
2020-07-03,Chile,NA,Santiago Metropolitan Region,7112808,2072,90,195201,5145
2020-07-04,Chile,NA,Santiago Metropolitan Region,7112808,2236,106,197437,5251
2020-07-05,Chile,NA,Santiago Metropolitan Region,7112808,2080,77,199517,5328
2020-07-06,Chile,NA,Santiago Metropolitan Region,7112808,1648,73,201165,5401
2020-07-07,Chile,NA,Santiago Metropolitan Region,7112808,1315,50,202480,5451
2020-07-08,Chile,NA,Santiago Metropolitan Region,7112808,987,82,203467,5533
2020-07-09,Chile,NA,Santiago Metropolitan Region,7112808,1687,77,205154,5610
2020-07-10,Chile,NA,Santiago Metropolitan Region,7112808,1525,63,206679,5673
2020-07-11,Chile,NA,Santiago Metropolitan Region,7112808,1329,73,208008,5746
2020-07-12,Chile,NA,Santiago Metropolitan Region,7112808,1661,68,209669,5814
2020-07-13,Chile,NA,Santiago Metropolitan Region,7112808,1431,44,211100,5858
2020-07-14,Chile,NA,Santiago Metropolitan Region,7112808,864,40,211964,5898
2020-07-15,Chile,NA,Santiago Metropolitan Region,7112808,690,59,212654,5957
2020-07-16,Chile,NA,Santiago Metropolitan Region,7112808,1193,70,213847,6027
2020-07-17,Chile,NA,Santiago Metropolitan Region,7112808,1501,831,215348,6858
2020-07-18,Chile,NA,Santiago Metropolitan Region,7112808,1086,66,216434,6924
2020-07-19,Chile,NA,Santiago Metropolitan Region,7112808,828,51,217262,6975
2020-07-20,Chile,NA,Santiago Metropolitan Region,7112808,965,78,218227,7053
2020-07-21,Chile,NA,Santiago Metropolitan Region,7112808,685,43,218912,7096
2020-07-22,Chile,NA,Santiago Metropolitan Region,7112808,714,37,219626,7133
2020-07-23,Chile,NA,Santiago Metropolitan Region,7112808,1013,59,220639,7192
2020-07-24,Chile,NA,Santiago Metropolitan Region,7112808,1066,49,221705,7241
2020-07-25,Chile,NA,Santiago Metropolitan Region,7112808,886,62,222591,7303
2020-07-26,Chile,NA,Santiago Metropolitan Region,7112808,802,50,223393,7353
2020-07-27,Chile,NA,Santiago Metropolitan Region,7112808,912,47,224305,7400
2020-07-28,Chile,NA,Santiago Metropolitan Region,7112808,658,44,224963,7444
2020-07-29,Chile,NA,Santiago Metropolitan Region,7112808,661,33,225624,7477
2020-07-30,Chile,NA,Santiago Metropolitan Region,7112808,684,38,226308,7515
2020-07-31,Chile,NA,Santiago Metropolitan Region,7112808,825,39,227133,7554
2020-08-01,Chile,NA,Santiago Metropolitan Region,7112808,771,45,227904,7599
2020-08-02,Chile,NA,Santiago Metropolitan Region,7112808,773,50,228677,7649
2020-08-03,Chile,NA,Santiago Metropolitan Region,7112808,687,51,229364,7700
2020-08-04,Chile,NA,Santiago Metropolitan Region,7112808,497,35,229861,7735
2020-08-05,Chile,NA,Santiago Metropolitan Region,7112808,664,39,230525,7774
2020-08-06,Chile,NA,Santiago Metropolitan Region,7112808,702,34,231227,7808
2020-08-07,Chile,NA,Santiago Metropolitan Region,7112808,728,39,231955,7847
2020-08-08,Chile,NA,Santiago Metropolitan Region,7112808,700,24,232655,7871
2020-08-09,Chile,NA,Santiago Metropolitan Region,7112808,695,38,233350,7909
2020-08-10,Chile,NA,Santiago Metropolitan Region,7112808,591,37,233941,7946
2020-08-11,Chile,NA,Santiago Metropolitan Region,7112808,446,26,234387,7972
2020-08-12,Chile,NA,Santiago Metropolitan Region,7112808,463,20,234850,7992
2020-08-13,Chile,NA,Santiago Metropolitan Region,7112808,603,31,235453,8023
2020-08-14,Chile,NA,Santiago Metropolitan Region,7112808,764,21,236217,8044
2020-08-15,Chile,NA,Santiago Metropolitan Region,7112808,524,30,236741,8074
2020-08-16,Chile,NA,Santiago Metropolitan Region,7112808,649,31,237390,8105
2020-08-17,Chile,NA,Santiago Metropolitan Region,7112808,494,33,237884,8138
2020-08-18,Chile,NA,Santiago Metropolitan Region,7112808,339,22,238223,8160
2020-08-19,Chile,NA,Santiago Metropolitan Region,7112808,322,27,238545,8187
2020-08-20,Chile,NA,Santiago Metropolitan Region,7112808,595,32,239140,8219
2020-08-21,Chile,NA,Santiago Metropolitan Region,7112808,544,31,239684,8250
2020-08-22,Chile,NA,Santiago Metropolitan Region,7112808,627,38,240311,8288
2020-08-23,Chile,NA,Santiago Metropolitan Region,7112808,553,30,240864,8318
2020-08-24,Chile,NA,Santiago Metropolitan Region,7112808,509,21,241373,8339
2020-08-25,Chile,NA,Santiago Metropolitan Region,7112808,453,34,241826,8373
2020-08-26,Chile,NA,Santiago Metropolitan Region,7112808,357,29,242183,8402
2020-08-27,Chile,NA,Santiago Metropolitan Region,7112808,468,29,242651,8431
2020-08-28,Chile,NA,Santiago Metropolitan Region,7112808,541,31,243192,8462
2020-08-29,Chile,NA,Santiago Metropolitan Region,7112808,559,21,243751,8483
2020-08-30,Chile,NA,Santiago Metropolitan Region,7112808,641,34,244392,8517
2020-08-31,Chile,NA,Santiago Metropolitan Region,7112808,482,21,244874,8538
2020-09-01,Chile,NA,Santiago Metropolitan Region,7112808,424,21,245298,8559
2020-09-02,Chile,NA,Santiago Metropolitan Region,7112808,465,21,245763,8580
2020-09-03,Chile,NA,Santiago Metropolitan Region,7112808,526,28,246289,8608
2020-09-04,Chile,NA,Santiago Metropolitan Region,7112808,569,30,246858,8638
2020-09-05,Chile,NA,Santiago Metropolitan Region,7112808,573,33,247431,8671
2020-09-06,Chile,NA,Santiago Metropolitan Region,7112808,619,22,248050,8693
2020-09-07,Chile,NA,Santiago Metropolitan Region,7112808,476,26,248526,8719
2020-09-08,Chile,NA,Santiago Metropolitan Region,7112808,350,22,248876,8741
2020-09-09,Chile,NA,Santiago Metropolitan Region,7112808,513,20,249389,8761
2020-09-10,Chile,NA,Santiago Metropolitan Region,7112808,469,30,249858,8791
2020-09-11,Chile,NA,Santiago Metropolitan Region,7112808,407,27,250265,8818
2020-09-12,Chile,NA,Santiago Metropolitan Region,7112808,538,20,250803,8838
2020-09-13,Chile,NA,Santiago Metropolitan Region,7112808,480,25,251283,8863
2020-09-14,Chile,NA,Santiago Metropolitan Region,7112808,463,30,251746,8893
2020-09-15,Chile,NA,Santiago Metropolitan Region,7112808,322,21,252068,8914
2020-04-02,Chile,NA,Tarapaca,330558,2,0,12,0
2020-04-03,Chile,NA,Tarapaca,330558,1,0,13,0
2020-04-04,Chile,NA,Tarapaca,330558,4,0,17,0
2020-04-05,Chile,NA,Tarapaca,330558,3,0,20,0
2020-04-06,Chile,NA,Tarapaca,330558,1,0,21,0
2020-04-07,Chile,NA,Tarapaca,330558,2,0,23,0
2020-04-08,Chile,NA,Tarapaca,330558,3,0,26,0
2020-04-09,Chile,NA,Tarapaca,330558,3,0,29,0
2020-04-10,Chile,NA,Tarapaca,330558,6,0,35,0
2020-04-11,Chile,NA,Tarapaca,330558,3,0,38,0
2020-04-12,Chile,NA,Tarapaca,330558,8,0,46,0
2020-04-13,Chile,NA,Tarapaca,330558,6,0,52,0
2020-04-14,Chile,NA,Tarapaca,330558,10,0,62,0
2020-04-15,Chile,NA,Tarapaca,330558,0,0,62,0
2020-04-16,Chile,NA,Tarapaca,330558,4,0,66,0
2020-04-17,Chile,NA,Tarapaca,330558,7,0,73,0
2020-04-18,Chile,NA,Tarapaca,330558,8,0,81,0
2020-04-19,Chile,NA,Tarapaca,330558,9,0,90,0
2020-04-20,Chile,NA,Tarapaca,330558,3,0,93,0
2020-04-21,Chile,NA,Tarapaca,330558,11,0,104,0
2020-04-22,Chile,NA,Tarapaca,330558,10,0,114,0
2020-04-23,Chile,NA,Tarapaca,330558,14,0,128,0
2020-04-24,Chile,NA,Tarapaca,330558,6,0,134,0
2020-04-25,Chile,NA,Tarapaca,330558,9,1,143,1
2020-04-26,Chile,NA,Tarapaca,330558,13,0,156,1
2020-04-27,Chile,NA,Tarapaca,330558,8,0,164,1
2020-04-28,Chile,NA,Tarapaca,330558,5,0,169,1
2020-04-29,Chile,NA,Tarapaca,330558,14,0,183,1
2020-04-30,Chile,NA,Tarapaca,330558,15,0,198,1
2020-05-01,Chile,NA,Tarapaca,330558,2,0,200,1
2020-05-02,Chile,NA,Tarapaca,330558,12,0,212,1
2020-05-03,Chile,NA,Tarapaca,330558,60,0,272,1
2020-05-04,Chile,NA,Tarapaca,330558,23,0,295,1
2020-05-05,Chile,NA,Tarapaca,330558,27,0,322,1
2020-05-06,Chile,NA,Tarapaca,330558,17,0,339,1
2020-05-07,Chile,NA,Tarapaca,330558,78,0,417,1
2020-05-08,Chile,NA,Tarapaca,330558,42,0,459,1
2020-05-09,Chile,NA,Tarapaca,330558,26,0,485,1
2020-05-10,Chile,NA,Tarapaca,330558,35,0,520,1
2020-05-11,Chile,NA,Tarapaca,330558,27,0,547,1
2020-05-12,Chile,NA,Tarapaca,330558,31,0,578,1
2020-05-13,Chile,NA,Tarapaca,330558,37,0,615,1
2020-05-14,Chile,NA,Tarapaca,330558,67,0,682,1
2020-05-15,Chile,NA,Tarapaca,330558,97,1,779,2
2020-05-16,Chile,NA,Tarapaca,330558,66,0,845,2
2020-05-17,Chile,NA,Tarapaca,330558,130,2,975,4
2020-05-18,Chile,NA,Tarapaca,330558,81,0,1056,4
2020-05-19,Chile,NA,Tarapaca,330558,53,0,1109,4
2020-05-20,Chile,NA,Tarapaca,330558,30,0,1139,4
2020-05-21,Chile,NA,Tarapaca,330558,107,0,1246,4
2020-05-22,Chile,NA,Tarapaca,330558,147,1,1393,5
2020-05-23,Chile,NA,Tarapaca,330558,78,0,1471,5
2020-05-24,Chile,NA,Tarapaca,330558,93,2,1564,7
2020-05-25,Chile,NA,Tarapaca,330558,66,0,1630,7
2020-05-26,Chile,NA,Tarapaca,330558,107,1,1737,8
2020-05-27,Chile,NA,Tarapaca,330558,74,3,1811,11
2020-05-28,Chile,NA,Tarapaca,330558,146,1,1957,12
2020-05-29,Chile,NA,Tarapaca,330558,136,2,2093,14
2020-05-30,Chile,NA,Tarapaca,330558,157,4,2250,18
2020-05-31,Chile,NA,Tarapaca,330558,111,3,2361,21
2020-06-01,Chile,NA,Tarapaca,330558,165,1,2526,22
2020-06-02,Chile,NA,Tarapaca,330558,68,1,2594,23
2020-06-03,Chile,NA,Tarapaca,330558,88,5,2682,28
2020-06-04,Chile,NA,Tarapaca,330558,128,0,2810,28
2020-06-05,Chile,NA,Tarapaca,330558,155,0,2965,28
2020-06-06,Chile,NA,Tarapaca,330558,129,2,3094,30
2020-06-07,Chile,NA,Tarapaca,330558,156,5,3250,35
2020-06-08,Chile,NA,Tarapaca,330558,142,0,3392,35
2020-06-09,Chile,NA,Tarapaca,330558,99,0,3491,35
2020-06-10,Chile,NA,Tarapaca,330558,100,11,3591,46
2020-06-11,Chile,NA,Tarapaca,330558,105,0,3696,46
2020-06-12,Chile,NA,Tarapaca,330558,127,2,3823,48
2020-06-13,Chile,NA,Tarapaca,330558,181,4,4004,52
2020-06-14,Chile,NA,Tarapaca,330558,141,6,4145,58
2020-06-15,Chile,NA,Tarapaca,330558,113,0,4258,58
2020-06-16,Chile,NA,Tarapaca,330558,107,0,4365,58
2020-06-17,Chile,NA,Tarapaca,330558,114,9,4479,67
2020-06-18,Chile,NA,Tarapaca,330558,82,1,4561,68
2020-06-19,Chile,NA,Tarapaca,330558,126,3,4687,71
2020-06-20,Chile,NA,Tarapaca,330558,148,8,4835,79
2020-06-21,Chile,NA,Tarapaca,330558,115,1,4950,80
2020-06-22,Chile,NA,Tarapaca,330558,97,0,5047,80
2020-06-23,Chile,NA,Tarapaca,330558,87,0,5134,80
2020-06-24,Chile,NA,Tarapaca,330558,62,4,5196,84
2020-06-25,Chile,NA,Tarapaca,330558,73,1,5269,85
2020-06-26,Chile,NA,Tarapaca,330558,135,0,5404,85
2020-06-27,Chile,NA,Tarapaca,330558,59,3,5463,88
2020-06-28,Chile,NA,Tarapaca,330558,122,3,5585,91
2020-06-29,Chile,NA,Tarapaca,330558,81,0,5666,91
2020-06-30,Chile,NA,Tarapaca,330558,75,0,5741,91
2020-07-01,Chile,NA,Tarapaca,330558,67,0,5808,91
2020-07-02,Chile,NA,Tarapaca,330558,99,4,5907,95
2020-07-03,Chile,NA,Tarapaca,330558,83,1,5990,96
2020-07-04,Chile,NA,Tarapaca,330558,74,2,6064,98
2020-07-05,Chile,NA,Tarapaca,330558,136,4,6200,102
2020-07-06,Chile,NA,Tarapaca,330558,124,0,6324,102
2020-07-07,Chile,NA,Tarapaca,330558,73,0,6397,102
2020-07-08,Chile,NA,Tarapaca,330558,84,3,6481,105
2020-07-09,Chile,NA,Tarapaca,330558,78,2,6559,107
2020-07-10,Chile,NA,Tarapaca,330558,94,0,6653,107
2020-07-11,Chile,NA,Tarapaca,330558,89,1,6742,108
2020-07-12,Chile,NA,Tarapaca,330558,97,3,6839,111
2020-07-13,Chile,NA,Tarapaca,330558,44,0,6883,111
2020-07-14,Chile,NA,Tarapaca,330558,26,0,6909,111
2020-07-15,Chile,NA,Tarapaca,330558,49,4,6958,115
2020-07-16,Chile,NA,Tarapaca,330558,43,2,7001,117
2020-07-17,Chile,NA,Tarapaca,330558,98,22,7099,139
2020-07-18,Chile,NA,Tarapaca,330558,105,1,7204,140
2020-07-19,Chile,NA,Tarapaca,330558,70,1,7274,141
2020-07-20,Chile,NA,Tarapaca,330558,134,3,7408,144
2020-07-21,Chile,NA,Tarapaca,330558,54,0,7462,144
2020-07-22,Chile,NA,Tarapaca,330558,50,0,7512,144
2020-07-23,Chile,NA,Tarapaca,330558,84,6,7596,150
2020-07-24,Chile,NA,Tarapaca,330558,125,0,7721,150
2020-07-25,Chile,NA,Tarapaca,330558,70,3,7791,153
2020-07-26,Chile,NA,Tarapaca,330558,41,2,7832,155
2020-07-27,Chile,NA,Tarapaca,330558,120,4,7952,159
2020-07-28,Chile,NA,Tarapaca,330558,276,1,8228,160
2020-07-29,Chile,NA,Tarapaca,330558,63,0,8291,160
2020-07-30,Chile,NA,Tarapaca,330558,116,2,8407,162
2020-07-31,Chile,NA,Tarapaca,330558,35,4,8442,166
2020-08-01,Chile,NA,Tarapaca,330558,64,2,8506,168
2020-08-02,Chile,NA,Tarapaca,330558,61,2,8567,170
2020-08-03,Chile,NA,Tarapaca,330558,63,3,8630,173
2020-08-04,Chile,NA,Tarapaca,330558,60,0,8690,173
2020-08-05,Chile,NA,Tarapaca,330558,83,0,8773,173
2020-08-06,Chile,NA,Tarapaca,330558,39,4,8812,177
2020-08-07,Chile,NA,Tarapaca,330558,85,1,8897,178
2020-08-08,Chile,NA,Tarapaca,330558,27,2,8924,180
2020-08-09,Chile,NA,Tarapaca,330558,89,1,9013,181
2020-08-10,Chile,NA,Tarapaca,330558,52,1,9065,182
2020-08-11,Chile,NA,Tarapaca,330558,124,0,9189,182
2020-08-12,Chile,NA,Tarapaca,330558,72,0,9261,182
2020-08-13,Chile,NA,Tarapaca,330558,85,3,9346,185
2020-08-14,Chile,NA,Tarapaca,330558,72,0,9418,185
2020-08-15,Chile,NA,Tarapaca,330558,51,0,9469,185
2020-08-16,Chile,NA,Tarapaca,330558,54,1,9523,186
2020-08-17,Chile,NA,Tarapaca,330558,93,0,9616,186
2020-08-18,Chile,NA,Tarapaca,330558,63,0,9679,186
2020-08-19,Chile,NA,Tarapaca,330558,52,0,9731,186
2020-08-20,Chile,NA,Tarapaca,330558,52,5,9783,191
2020-08-21,Chile,NA,Tarapaca,330558,76,0,9859,191
2020-08-22,Chile,NA,Tarapaca,330558,49,2,9908,193
2020-08-23,Chile,NA,Tarapaca,330558,69,0,9977,193
2020-08-24,Chile,NA,Tarapaca,330558,54,3,10031,196
2020-08-25,Chile,NA,Tarapaca,330558,44,0,10075,196
2020-08-26,Chile,NA,Tarapaca,330558,38,0,10113,196
2020-08-27,Chile,NA,Tarapaca,330558,39,2,10152,198
2020-08-28,Chile,NA,Tarapaca,330558,35,1,10187,199
2020-08-29,Chile,NA,Tarapaca,330558,64,0,10251,199
2020-08-30,Chile,NA,Tarapaca,330558,43,4,10294,203
2020-08-31,Chile,NA,Tarapaca,330558,39,1,10333,204
2020-09-01,Chile,NA,Tarapaca,330558,28,0,10361,204
2020-09-02,Chile,NA,Tarapaca,330558,46,0,10407,204
2020-09-03,Chile,NA,Tarapaca,330558,36,2,10443,206
2020-09-04,Chile,NA,Tarapaca,330558,36,1,10479,207
2020-09-05,Chile,NA,Tarapaca,330558,41,0,10520,207
2020-09-06,Chile,NA,Tarapaca,330558,40,3,10560,210
2020-09-07,Chile,NA,Tarapaca,330558,21,1,10581,211
2020-09-08,Chile,NA,Tarapaca,330558,38,0,10619,211
2020-09-09,Chile,NA,Tarapaca,330558,48,0,10667,211
2020-09-10,Chile,NA,Tarapaca,330558,30,2,10697,213
2020-09-11,Chile,NA,Tarapaca,330558,40,0,10737,213
2020-09-12,Chile,NA,Tarapaca,330558,40,0,10777,213
2020-09-13,Chile,NA,Tarapaca,330558,61,1,10838,214
2020-09-14,Chile,NA,Tarapaca,330558,41,1,10879,215
2020-09-15,Chile,NA,Tarapaca,330558,37,0,10916,215
2020-03-21,Chile,NA,Valparaiso,1815902,8,0,13,0
2020-03-22,Chile,NA,Valparaiso,1815902,3,0,16,0
2020-03-23,Chile,NA,Valparaiso,1815902,3,0,19,0
2020-03-24,Chile,NA,Valparaiso,1815902,6,0,25,0
2020-03-25,Chile,NA,Valparaiso,1815902,7,0,32,0
2020-03-26,Chile,NA,Valparaiso,1815902,12,0,44,0
2020-03-27,Chile,NA,Valparaiso,1815902,5,0,49,0
2020-03-28,Chile,NA,Valparaiso,1815902,22,0,71,0
2020-03-29,Chile,NA,Valparaiso,1815902,9,0,80,0
2020-03-30,Chile,NA,Valparaiso,1815902,28,0,108,0
2020-03-31,Chile,NA,Valparaiso,1815902,7,1,115,1
2020-04-01,Chile,NA,Valparaiso,1815902,21,0,136,1
2020-04-02,Chile,NA,Valparaiso,1815902,20,0,156,1
2020-04-03,Chile,NA,Valparaiso,1815902,20,0,176,1
2020-04-04,Chile,NA,Valparaiso,1815902,9,0,185,1
2020-04-05,Chile,NA,Valparaiso,1815902,6,0,191,1
2020-04-06,Chile,NA,Valparaiso,1815902,7,0,198,1
2020-04-07,Chile,NA,Valparaiso,1815902,16,0,214,1
2020-04-08,Chile,NA,Valparaiso,1815902,11,1,225,2
2020-04-09,Chile,NA,Valparaiso,1815902,5,0,230,2
2020-04-10,Chile,NA,Valparaiso,1815902,11,0,241,2
2020-04-11,Chile,NA,Valparaiso,1815902,7,0,248,2
2020-04-12,Chile,NA,Valparaiso,1815902,6,0,254,2
2020-04-13,Chile,NA,Valparaiso,1815902,19,0,273,2
2020-04-14,Chile,NA,Valparaiso,1815902,12,0,285,2
2020-04-15,Chile,NA,Valparaiso,1815902,14,0,299,2
2020-04-16,Chile,NA,Valparaiso,1815902,31,2,330,4
2020-04-17,Chile,NA,Valparaiso,1815902,15,0,345,4
2020-04-18,Chile,NA,Valparaiso,1815902,14,0,359,4
2020-04-19,Chile,NA,Valparaiso,1815902,22,1,381,5
2020-04-20,Chile,NA,Valparaiso,1815902,7,0,388,5
2020-04-21,Chile,NA,Valparaiso,1815902,15,1,403,6
2020-04-22,Chile,NA,Valparaiso,1815902,18,1,421,7
2020-04-23,Chile,NA,Valparaiso,1815902,8,0,429,7
2020-04-24,Chile,NA,Valparaiso,1815902,7,1,436,8
2020-04-25,Chile,NA,Valparaiso,1815902,18,1,454,9
2020-04-26,Chile,NA,Valparaiso,1815902,6,0,460,9
2020-04-27,Chile,NA,Valparaiso,1815902,25,0,485,9
2020-04-28,Chile,NA,Valparaiso,1815902,8,1,493,10
2020-04-29,Chile,NA,Valparaiso,1815902,33,2,526,12
2020-04-30,Chile,NA,Valparaiso,1815902,33,0,559,12
2020-05-01,Chile,NA,Valparaiso,1815902,9,0,568,12
2020-05-02,Chile,NA,Valparaiso,1815902,46,1,614,13
2020-05-03,Chile,NA,Valparaiso,1815902,24,0,638,13
2020-05-04,Chile,NA,Valparaiso,1815902,18,0,656,13
2020-05-05,Chile,NA,Valparaiso,1815902,31,2,687,15
2020-05-06,Chile,NA,Valparaiso,1815902,29,1,716,16
2020-05-07,Chile,NA,Valparaiso,1815902,65,1,781,17
2020-05-08,Chile,NA,Valparaiso,1815902,47,1,828,18
2020-05-09,Chile,NA,Valparaiso,1815902,50,1,878,19
2020-05-10,Chile,NA,Valparaiso,1815902,55,1,933,20
2020-05-11,Chile,NA,Valparaiso,1815902,37,1,970,21
2020-05-12,Chile,NA,Valparaiso,1815902,59,2,1029,23
2020-05-13,Chile,NA,Valparaiso,1815902,94,1,1123,24
2020-05-14,Chile,NA,Valparaiso,1815902,90,1,1213,25
2020-05-15,Chile,NA,Valparaiso,1815902,99,2,1312,27
2020-05-16,Chile,NA,Valparaiso,1815902,53,1,1365,28
2020-05-17,Chile,NA,Valparaiso,1815902,109,1,1474,29
2020-05-18,Chile,NA,Valparaiso,1815902,79,1,1553,30
2020-05-19,Chile,NA,Valparaiso,1815902,86,2,1639,32
2020-05-20,Chile,NA,Valparaiso,1815902,131,3,1770,35
2020-05-21,Chile,NA,Valparaiso,1815902,117,3,1887,38
2020-05-22,Chile,NA,Valparaiso,1815902,133,2,2020,40
2020-05-23,Chile,NA,Valparaiso,1815902,96,4,2116,44
2020-05-24,Chile,NA,Valparaiso,1815902,114,4,2230,48
2020-05-25,Chile,NA,Valparaiso,1815902,75,5,2305,53
2020-05-26,Chile,NA,Valparaiso,1815902,150,4,2455,57
2020-05-27,Chile,NA,Valparaiso,1815902,121,1,2576,58
2020-05-28,Chile,NA,Valparaiso,1815902,154,2,2730,60
2020-05-29,Chile,NA,Valparaiso,1815902,112,1,2842,61
2020-05-30,Chile,NA,Valparaiso,1815902,195,2,3037,63
2020-05-31,Chile,NA,Valparaiso,1815902,130,3,3167,66
2020-06-01,Chile,NA,Valparaiso,1815902,181,4,3348,70
2020-06-02,Chile,NA,Valparaiso,1815902,247,2,3595,72
2020-06-03,Chile,NA,Valparaiso,1815902,174,5,3769,77
2020-06-04,Chile,NA,Valparaiso,1815902,248,1,4017,78
2020-06-05,Chile,NA,Valparaiso,1815902,249,10,4266,88
2020-06-06,Chile,NA,Valparaiso,1815902,314,3,4580,91
2020-06-07,Chile,NA,Valparaiso,1815902,282,0,4862,91
2020-06-08,Chile,NA,Valparaiso,1815902,287,2,5149,91
2020-06-09,Chile,NA,Valparaiso,1815902,242,0,5391,91
2020-06-10,Chile,NA,Valparaiso,1815902,223,14,5614,99
2020-06-11,Chile,NA,Valparaiso,1815902,251,8,5865,107
2020-06-12,Chile,NA,Valparaiso,1815902,306,11,6171,118
2020-06-13,Chile,NA,Valparaiso,1815902,356,2,6527,120
2020-06-14,Chile,NA,Valparaiso,1815902,231,5,6758,125
2020-06-15,Chile,NA,Valparaiso,1815902,254,1,7012,126
2020-06-16,Chile,NA,Valparaiso,1815902,250,0,7262,126
2020-06-17,Chile,NA,Valparaiso,1815902,206,15,7468,141
2020-06-18,Chile,NA,Valparaiso,1815902,220,2,7688,143
2020-06-19,Chile,NA,Valparaiso,1815902,285,7,7973,150
2020-06-20,Chile,NA,Valparaiso,1815902,256,8,8229,158
2020-06-21,Chile,NA,Valparaiso,1815902,284,12,8513,170
2020-06-22,Chile,NA,Valparaiso,1815902,317,0,8830,170
2020-06-23,Chile,NA,Valparaiso,1815902,286,0,9116,170
2020-06-24,Chile,NA,Valparaiso,1815902,286,17,9402,187
2020-06-25,Chile,NA,Valparaiso,1815902,295,8,9697,195
2020-06-26,Chile,NA,Valparaiso,1815902,315,9,10012,204
2020-06-27,Chile,NA,Valparaiso,1815902,257,13,10269,217
2020-06-28,Chile,NA,Valparaiso,1815902,253,12,10522,229
2020-06-29,Chile,NA,Valparaiso,1815902,234,0,10756,229
2020-06-30,Chile,NA,Valparaiso,1815902,211,1,10967,230
2020-07-01,Chile,NA,Valparaiso,1815902,256,0,11223,230
2020-07-02,Chile,NA,Valparaiso,1815902,193,22,11416,252
2020-07-03,Chile,NA,Valparaiso,1815902,264,14,11680,266
2020-07-04,Chile,NA,Valparaiso,1815902,301,12,11981,278
2020-07-05,Chile,NA,Valparaiso,1815902,285,14,12266,292
2020-07-06,Chile,NA,Valparaiso,1815902,180,0,12446,292
2020-07-07,Chile,NA,Valparaiso,1815902,202,0,12648,292
2020-07-08,Chile,NA,Valparaiso,1815902,165,11,12813,303
2020-07-09,Chile,NA,Valparaiso,1815902,199,9,13012,312
2020-07-10,Chile,NA,Valparaiso,1815902,256,8,13268,320
2020-07-11,Chile,NA,Valparaiso,1815902,204,6,13472,326
2020-07-12,Chile,NA,Valparaiso,1815902,259,5,13731,331
2020-07-13,Chile,NA,Valparaiso,1815902,218,0,13949,331
2020-07-14,Chile,NA,Valparaiso,1815902,169,0,14118,331
2020-07-15,Chile,NA,Valparaiso,1815902,113,16,14231,347
2020-07-16,Chile,NA,Valparaiso,1815902,196,16,14427,363
2020-07-17,Chile,NA,Valparaiso,1815902,193,44,14620,407
2020-07-18,Chile,NA,Valparaiso,1815902,142,6,14762,413
2020-07-19,Chile,NA,Valparaiso,1815902,180,1,14942,414
2020-07-20,Chile,NA,Valparaiso,1815902,181,13,15123,427
2020-07-21,Chile,NA,Valparaiso,1815902,146,0,15269,427
2020-07-22,Chile,NA,Valparaiso,1815902,207,1,15476,428
2020-07-23,Chile,NA,Valparaiso,1815902,197,13,15673,441
2020-07-24,Chile,NA,Valparaiso,1815902,160,10,15833,451
2020-07-25,Chile,NA,Valparaiso,1815902,247,9,16080,460
2020-07-26,Chile,NA,Valparaiso,1815902,143,4,16223,464
2020-07-27,Chile,NA,Valparaiso,1815902,147,6,16370,470
2020-07-28,Chile,NA,Valparaiso,1815902,131,1,16501,471
2020-07-29,Chile,NA,Valparaiso,1815902,111,0,16612,471
2020-07-30,Chile,NA,Valparaiso,1815902,176,21,16788,492
2020-07-31,Chile,NA,Valparaiso,1815902,149,5,16937,497
2020-08-01,Chile,NA,Valparaiso,1815902,185,10,17122,507
2020-08-02,Chile,NA,Valparaiso,1815902,193,6,17315,513
2020-08-03,Chile,NA,Valparaiso,1815902,123,9,17438,522
2020-08-04,Chile,NA,Valparaiso,1815902,137,0,17575,522
2020-08-05,Chile,NA,Valparaiso,1815902,109,2,17684,524
2020-08-06,Chile,NA,Valparaiso,1815902,190,18,17874,542
2020-08-07,Chile,NA,Valparaiso,1815902,166,5,18040,547
2020-08-08,Chile,NA,Valparaiso,1815902,240,4,18280,551
2020-08-09,Chile,NA,Valparaiso,1815902,170,13,18450,564
2020-08-10,Chile,NA,Valparaiso,1815902,155,5,18605,569
2020-08-11,Chile,NA,Valparaiso,1815902,127,0,18732,569
2020-08-12,Chile,NA,Valparaiso,1815902,145,4,18877,573
2020-08-13,Chile,NA,Valparaiso,1815902,181,19,19058,592
2020-08-14,Chile,NA,Valparaiso,1815902,186,3,19244,595
2020-08-15,Chile,NA,Valparaiso,1815902,183,5,19427,600
2020-08-16,Chile,NA,Valparaiso,1815902,234,7,19661,607
2020-08-17,Chile,NA,Valparaiso,1815902,130,9,19791,616
2020-08-18,Chile,NA,Valparaiso,1815902,111,1,19902,617
2020-08-19,Chile,NA,Valparaiso,1815902,160,1,20062,618
2020-08-20,Chile,NA,Valparaiso,1815902,154,10,20216,628
2020-08-21,Chile,NA,Valparaiso,1815902,190,6,20406,634
2020-08-22,Chile,NA,Valparaiso,1815902,165,7,20571,641
2020-08-23,Chile,NA,Valparaiso,1815902,193,4,20764,645
2020-08-24,Chile,NA,Valparaiso,1815902,172,6,20936,651
2020-08-25,Chile,NA,Valparaiso,1815902,111,1,21047,652
2020-08-26,Chile,NA,Valparaiso,1815902,141,0,21188,652
2020-08-27,Chile,NA,Valparaiso,1815902,179,13,21367,665
2020-08-28,Chile,NA,Valparaiso,1815902,218,9,21585,674
2020-08-29,Chile,NA,Valparaiso,1815902,233,8,21818,682
2020-08-30,Chile,NA,Valparaiso,1815902,233,11,22051,693
2020-08-31,Chile,NA,Valparaiso,1815902,206,8,22257,701
2020-09-01,Chile,NA,Valparaiso,1815902,171,2,22428,703
2020-09-02,Chile,NA,Valparaiso,1815902,206,0,22634,703
2020-09-03,Chile,NA,Valparaiso,1815902,149,16,22783,719
2020-09-04,Chile,NA,Valparaiso,1815902,204,9,22987,728
2020-09-05,Chile,NA,Valparaiso,1815902,207,7,23194,735
2020-09-06,Chile,NA,Valparaiso,1815902,195,6,23389,741
2020-09-07,Chile,NA,Valparaiso,1815902,139,11,23528,752
2020-09-08,Chile,NA,Valparaiso,1815902,121,2,23649,754
2020-09-09,Chile,NA,Valparaiso,1815902,111,0,23760,754
2020-09-10,Chile,NA,Valparaiso,1815902,166,12,23926,766
2020-09-11,Chile,NA,Valparaiso,1815902,187,4,24113,770
2020-09-12,Chile,NA,Valparaiso,1815902,191,6,24304,776
2020-09-13,Chile,NA,Valparaiso,1815902,200,7,24504,783
2020-09-14,Chile,NA,Valparaiso,1815902,191,8,24695,791
2020-09-15,Chile,NA,Valparaiso,1815902,149,0,24844,791
2020-04-23,Colombia,NA,Amazonas,79020,7,1,14,4
2020-04-24,Colombia,NA,Amazonas,79020,2,1,16,5
2020-04-25,Colombia,NA,Amazonas,79020,23,1,39,6
2020-04-26,Colombia,NA,Amazonas,79020,3,1,42,7
2020-04-28,Colombia,NA,Amazonas,79020,37,2,79,9
2020-04-29,Colombia,NA,Amazonas,79020,27,3,106,12
2020-04-30,Colombia,NA,Amazonas,79020,0,5,106,17
2020-05-01,Colombia,NA,Amazonas,79020,1,2,107,19
2020-05-02,Colombia,NA,Amazonas,79020,34,1,141,20
2020-05-03,Colombia,NA,Amazonas,79020,45,0,186,20
2020-05-04,Colombia,NA,Amazonas,79020,47,1,233,21
2020-05-05,Colombia,NA,Amazonas,79020,1,3,234,24
2020-05-06,Colombia,NA,Amazonas,79020,2,5,236,29
2020-05-07,Colombia,NA,Amazonas,79020,187,8,423,37
2020-05-08,Colombia,NA,Amazonas,79020,12,2,435,39
2020-05-09,Colombia,NA,Amazonas,79020,4,0,439,39
2020-05-10,Colombia,NA,Amazonas,79020,96,0,535,39
2020-05-11,Colombia,NA,Amazonas,79020,189,2,724,41
2020-05-12,Colombia,NA,Amazonas,79020,27,2,751,43
2020-05-13,Colombia,NA,Amazonas,79020,126,4,877,47
2020-05-14,Colombia,NA,Amazonas,79020,53,2,930,49
2020-05-15,Colombia,NA,Amazonas,79020,79,2,1009,51
2020-05-16,Colombia,NA,Amazonas,79020,1,1,1010,52
2020-05-17,Colombia,NA,Amazonas,79020,6,2,1016,54
2020-05-18,Colombia,NA,Amazonas,79020,176,4,1192,58
2020-05-19,Colombia,NA,Amazonas,79020,38,3,1230,61
2020-05-20,Colombia,NA,Amazonas,79020,90,0,1320,61
2020-05-21,Colombia,NA,Amazonas,79020,72,1,1392,62
2020-05-22,Colombia,NA,Amazonas,79020,0,2,1392,64
2020-05-23,Colombia,NA,Amazonas,79020,3,2,1395,66
2020-05-24,Colombia,NA,Amazonas,79020,67,2,1462,68
2020-05-25,Colombia,NA,Amazonas,79020,54,0,1516,68
2020-05-26,Colombia,NA,Amazonas,79020,36,2,1552,70
2020-05-27,Colombia,NA,Amazonas,79020,192,6,1744,76
2020-05-28,Colombia,NA,Amazonas,79020,38,0,1782,76
2020-05-29,Colombia,NA,Amazonas,79020,42,1,1824,77
2020-05-30,Colombia,NA,Amazonas,79020,35,1,1859,78
2020-05-31,Colombia,NA,Amazonas,79020,13,0,1872,78
2020-06-01,Colombia,NA,Amazonas,79020,0,1,1872,79
2020-06-02,Colombia,NA,Amazonas,79020,5,3,1877,82
2020-06-03,Colombia,NA,Amazonas,79020,42,4,1919,86
2020-06-04,Colombia,NA,Amazonas,79020,2,1,1921,87
2020-06-05,Colombia,NA,Amazonas,79020,31,4,1952,91
2020-06-06,Colombia,NA,Amazonas,79020,4,1,1956,92
2020-06-07,Colombia,NA,Amazonas,79020,11,1,1967,93
2020-06-08,Colombia,NA,Amazonas,79020,37,1,2004,94
2020-06-09,Colombia,NA,Amazonas,79020,4,0,2008,94
2020-06-10,Colombia,NA,Amazonas,79020,33,1,2041,95
2020-06-11,Colombia,NA,Amazonas,79020,23,0,2064,95
2020-06-12,Colombia,NA,Amazonas,79020,0,1,2064,96
2020-06-13,Colombia,NA,Amazonas,79020,20,0,2084,96
2020-06-14,Colombia,NA,Amazonas,79020,15,1,2099,97
2020-06-15,Colombia,NA,Amazonas,79020,5,0,2104,97
2020-06-16,Colombia,NA,Amazonas,79020,25,0,2129,97
2020-06-17,Colombia,NA,Amazonas,79020,8,0,2137,97
2020-06-18,Colombia,NA,Amazonas,79020,8,1,2145,98
2020-06-19,Colombia,NA,Amazonas,79020,5,0,2150,98
2020-06-20,Colombia,NA,Amazonas,79020,1,0,2151,98
2020-06-21,Colombia,NA,Amazonas,79020,10,0,2161,98
2020-06-22,Colombia,NA,Amazonas,79020,5,0,2166,98
2020-06-23,Colombia,NA,Amazonas,79020,12,1,2178,99
2020-06-24,Colombia,NA,Amazonas,79020,6,0,2184,99
2020-06-25,Colombia,NA,Amazonas,79020,4,0,2188,99
2020-06-26,Colombia,NA,Amazonas,79020,14,0,2202,99
2020-06-27,Colombia,NA,Amazonas,79020,7,0,2209,99
2020-06-28,Colombia,NA,Amazonas,79020,18,2,2227,101
2020-06-29,Colombia,NA,Amazonas,79020,28,0,2255,101
2020-06-30,Colombia,NA,Amazonas,79020,7,0,2262,101
2020-07-01,Colombia,NA,Amazonas,79020,13,0,2275,101
2020-07-02,Colombia,NA,Amazonas,79020,3,0,2278,101
2020-07-03,Colombia,NA,Amazonas,79020,3,0,2281,101
2020-07-04,Colombia,NA,Amazonas,79020,4,0,2285,101
2020-07-05,Colombia,NA,Amazonas,79020,4,1,2289,102
2020-07-06,Colombia,NA,Amazonas,79020,7,2,2296,104
2020-07-07,Colombia,NA,Amazonas,79020,5,1,2301,105
2020-07-08,Colombia,NA,Amazonas,79020,9,0,2310,105
2020-07-09,Colombia,NA,Amazonas,79020,9,0,2319,105
2020-07-10,Colombia,NA,Amazonas,79020,4,0,2323,105
2020-07-11,Colombia,NA,Amazonas,79020,5,1,2328,106
2020-07-12,Colombia,NA,Amazonas,79020,3,0,2331,106
2020-07-13,Colombia,NA,Amazonas,79020,5,0,2336,106
2020-07-14,Colombia,NA,Amazonas,79020,4,0,2340,106
2020-07-15,Colombia,NA,Amazonas,79020,9,0,2349,106
2020-07-16,Colombia,NA,Amazonas,79020,4,0,2353,106
2020-07-17,Colombia,NA,Amazonas,79020,1,0,2354,106
2020-07-18,Colombia,NA,Amazonas,79020,4,0,2358,106
2020-07-19,Colombia,NA,Amazonas,79020,0,0,2358,106
2020-07-20,Colombia,NA,Amazonas,79020,1,0,2359,106
2020-07-21,Colombia,NA,Amazonas,79020,1,1,2360,107
2020-07-22,Colombia,NA,Amazonas,79020,29,1,2389,108
2020-07-23,Colombia,NA,Amazonas,79020,5,0,2394,108
2020-07-24,Colombia,NA,Amazonas,79020,5,0,2399,108
2020-07-25,Colombia,NA,Amazonas,79020,0,0,2399,108
2020-07-26,Colombia,NA,Amazonas,79020,3,1,2402,109
2020-07-27,Colombia,NA,Amazonas,79020,0,0,2402,109
2020-07-28,Colombia,NA,Amazonas,79020,0,0,2402,109
2020-07-29,Colombia,NA,Amazonas,79020,2,0,2404,109
2020-07-30,Colombia,NA,Amazonas,79020,1,0,2405,109
2020-07-31,Colombia,NA,Amazonas,79020,1,0,2406,109
2020-08-01,Colombia,NA,Amazonas,79020,1,0,2407,109
2020-08-02,Colombia,NA,Amazonas,79020,6,0,2413,109
2020-08-03,Colombia,NA,Amazonas,79020,0,0,2413,109
2020-08-04,Colombia,NA,Amazonas,79020,38,0,2451,109
2020-08-05,Colombia,NA,Amazonas,79020,39,0,2490,109
2020-08-06,Colombia,NA,Amazonas,79020,0,2,2490,111
2020-08-07,Colombia,NA,Amazonas,79020,4,0,2494,111
2020-08-09,Colombia,NA,Amazonas,79020,32,0,2526,111
2020-08-10,Colombia,NA,Amazonas,79020,5,0,2531,111
2020-08-11,Colombia,NA,Amazonas,79020,7,1,2538,112
2020-08-12,Colombia,NA,Amazonas,79020,3,0,2541,112
2020-08-13,Colombia,NA,Amazonas,79020,6,0,2547,112
2020-08-14,Colombia,NA,Amazonas,79020,1,1,2548,113
2020-08-15,Colombia,NA,Amazonas,79020,7,0,2555,113
2020-08-16,Colombia,NA,Amazonas,79020,0,0,2555,113
2020-08-17,Colombia,NA,Amazonas,79020,5,0,2560,113
2020-08-18,Colombia,NA,Amazonas,79020,3,0,2563,113
2020-08-19,Colombia,NA,Amazonas,79020,3,0,2566,113
2020-08-20,Colombia,NA,Amazonas,79020,1,0,2567,113
2020-08-21,Colombia,NA,Amazonas,79020,2,0,2569,113
2020-08-22,Colombia,NA,Amazonas,79020,6,0,2575,113
2020-08-23,Colombia,NA,Amazonas,79020,1,0,2576,113
2020-08-24,Colombia,NA,Amazonas,79020,0,0,2576,113
2020-08-25,Colombia,NA,Amazonas,79020,3,0,2579,113
2020-08-26,Colombia,NA,Amazonas,79020,0,0,2579,113
2020-08-27,Colombia,NA,Amazonas,79020,3,1,2582,114
2020-08-28,Colombia,NA,Amazonas,79020,0,0,2582,114
2020-08-29,Colombia,NA,Amazonas,79020,4,0,2586,114
2020-08-30,Colombia,NA,Amazonas,79020,2,1,2588,115
2020-08-31,Colombia,NA,Amazonas,79020,2,2,2590,117
2020-09-01,Colombia,NA,Amazonas,79020,6,0,2596,117
2020-09-02,Colombia,NA,Amazonas,79020,1,1,2597,118
2020-09-03,Colombia,NA,Amazonas,79020,0,0,2597,118
2020-09-04,Colombia,NA,Amazonas,79020,2,1,2599,119
2020-09-05,Colombia,NA,Amazonas,79020,2,0,2601,119
2020-09-06,Colombia,NA,Amazonas,79020,0,0,2601,119
2020-09-07,Colombia,NA,Amazonas,79020,3,0,2604,119
2020-09-08,Colombia,NA,Amazonas,79020,4,0,2608,119
2020-09-09,Colombia,NA,Amazonas,79020,0,0,2608,119
2020-09-10,Colombia,NA,Amazonas,79020,2,0,2610,119
2020-09-11,Colombia,NA,Amazonas,79020,2,1,2612,120
2020-03-19,Colombia,NA,Antioquia,6677930,3,0,11,0
2020-03-20,Colombia,NA,Antioquia,6677930,11,0,22,0
2020-03-21,Colombia,NA,Antioquia,6677930,3,0,25,0
2020-03-22,Colombia,NA,Antioquia,6677930,5,0,30,0
2020-03-23,Colombia,NA,Antioquia,6677930,22,0,52,0
2020-03-24,Colombia,NA,Antioquia,6677930,0,0,52,0
2020-03-25,Colombia,NA,Antioquia,6677930,8,0,60,0
2020-03-26,Colombia,NA,Antioquia,6677930,0,0,60,0
2020-03-28,Colombia,NA,Antioquia,6677930,7,0,67,0
2020-03-29,Colombia,NA,Antioquia,6677930,19,0,86,0
2020-03-30,Colombia,NA,Antioquia,6677930,10,0,96,0
2020-03-31,Colombia,NA,Antioquia,6677930,5,0,101,0
2020-04-01,Colombia,NA,Antioquia,6677930,6,0,107,0
2020-04-02,Colombia,NA,Antioquia,6677930,20,0,127,0
2020-04-03,Colombia,NA,Antioquia,6677930,18,1,145,1
2020-04-04,Colombia,NA,Antioquia,6677930,5,0,150,1
2020-04-05,Colombia,NA,Antioquia,6677930,22,0,172,1
2020-04-06,Colombia,NA,Antioquia,6677930,11,0,183,1
2020-04-07,Colombia,NA,Antioquia,6677930,15,0,198,1
2020-04-08,Colombia,NA,Antioquia,6677930,37,0,235,1
2020-04-09,Colombia,NA,Antioquia,6677930,4,0,239,1
2020-04-10,Colombia,NA,Antioquia,6677930,7,0,246,1
2020-04-11,Colombia,NA,Antioquia,6677930,6,0,252,1
2020-04-12,Colombia,NA,Antioquia,6677930,8,0,260,1
2020-04-13,Colombia,NA,Antioquia,6677930,13,0,273,1
2020-04-14,Colombia,NA,Antioquia,6677930,17,0,290,1
2020-04-15,Colombia,NA,Antioquia,6677930,12,0,302,1
2020-04-16,Colombia,NA,Antioquia,6677930,7,0,309,1
2020-04-17,Colombia,NA,Antioquia,6677930,16,0,325,1
2020-04-18,Colombia,NA,Antioquia,6677930,9,2,334,3
2020-04-19,Colombia,NA,Antioquia,6677930,18,0,352,3
2020-04-20,Colombia,NA,Antioquia,6677930,11,0,363,3
2020-04-21,Colombia,NA,Antioquia,6677930,3,0,366,3
2020-04-22,Colombia,NA,Antioquia,6677930,12,0,378,3
2020-04-23,Colombia,NA,Antioquia,6677930,23,0,401,3
2020-04-24,Colombia,NA,Antioquia,6677930,6,1,407,4
2020-04-25,Colombia,NA,Antioquia,6677930,2,0,409,4
2020-04-26,Colombia,NA,Antioquia,6677930,3,0,412,4
2020-04-27,Colombia,NA,Antioquia,6677930,8,1,420,5
2020-04-28,Colombia,NA,Antioquia,6677930,3,0,423,5
2020-04-29,Colombia,NA,Antioquia,6677930,5,0,428,5
2020-04-30,Colombia,NA,Antioquia,6677930,4,0,432,5
2020-05-01,Colombia,NA,Antioquia,6677930,3,0,435,5
2020-05-02,Colombia,NA,Antioquia,6677930,1,1,436,6
2020-05-03,Colombia,NA,Antioquia,6677930,7,0,443,6
2020-05-04,Colombia,NA,Antioquia,6677930,5,0,448,6
2020-05-05,Colombia,NA,Antioquia,6677930,3,0,451,6
2020-05-06,Colombia,NA,Antioquia,6677930,5,0,456,6
2020-05-07,Colombia,NA,Antioquia,6677930,4,0,460,6
2020-05-08,Colombia,NA,Antioquia,6677930,4,0,464,6
2020-05-09,Colombia,NA,Antioquia,6677930,2,0,466,6
2020-05-10,Colombia,NA,Antioquia,6677930,2,0,468,6
2020-05-11,Colombia,NA,Antioquia,6677930,6,0,474,6
2020-05-12,Colombia,NA,Antioquia,6677930,7,0,481,6
2020-05-13,Colombia,NA,Antioquia,6677930,10,0,491,6
2020-05-14,Colombia,NA,Antioquia,6677930,11,0,502,6
2020-05-15,Colombia,NA,Antioquia,6677930,8,0,510,6
2020-05-16,Colombia,NA,Antioquia,6677930,9,0,519,6
2020-05-17,Colombia,NA,Antioquia,6677930,16,0,535,6
2020-05-18,Colombia,NA,Antioquia,6677930,9,0,544,6
2020-05-19,Colombia,NA,Antioquia,6677930,18,0,562,6
2020-05-20,Colombia,NA,Antioquia,6677930,12,0,574,6
2020-05-21,Colombia,NA,Antioquia,6677930,14,0,588,6
2020-05-22,Colombia,NA,Antioquia,6677930,29,0,617,6
2020-05-23,Colombia,NA,Antioquia,6677930,61,0,678,6
2020-05-24,Colombia,NA,Antioquia,6677930,43,0,721,6
2020-05-25,Colombia,NA,Antioquia,6677930,141,0,862,6
2020-05-26,Colombia,NA,Antioquia,6677930,68,0,930,6
2020-05-27,Colombia,NA,Antioquia,6677930,25,0,955,6
2020-05-28,Colombia,NA,Antioquia,6677930,48,0,1003,6
2020-05-29,Colombia,NA,Antioquia,6677930,22,0,1025,6
2020-05-30,Colombia,NA,Antioquia,6677930,35,0,1060,6
2020-05-31,Colombia,NA,Antioquia,6677930,45,0,1105,6
2020-06-01,Colombia,NA,Antioquia,6677930,67,0,1172,6
2020-06-02,Colombia,NA,Antioquia,6677930,28,0,1200,6
2020-06-03,Colombia,NA,Antioquia,6677930,61,0,1261,6
2020-06-04,Colombia,NA,Antioquia,6677930,68,0,1329,6
2020-06-05,Colombia,NA,Antioquia,6677930,32,1,1361,7
2020-06-06,Colombia,NA,Antioquia,6677930,91,1,1452,8
2020-06-07,Colombia,NA,Antioquia,6677930,67,1,1519,9
2020-06-08,Colombia,NA,Antioquia,6677930,55,0,1574,9
2020-06-09,Colombia,NA,Antioquia,6677930,74,0,1648,9
2020-06-10,Colombia,NA,Antioquia,6677930,56,0,1704,9
2020-06-11,Colombia,NA,Antioquia,6677930,56,1,1760,10
2020-06-12,Colombia,NA,Antioquia,6677930,60,0,1820,10
2020-06-13,Colombia,NA,Antioquia,6677930,78,0,1898,10
2020-06-14,Colombia,NA,Antioquia,6677930,124,1,2022,11
2020-06-15,Colombia,NA,Antioquia,6677930,113,2,2135,13
2020-06-16,Colombia,NA,Antioquia,6677930,126,0,2261,13
2020-06-17,Colombia,NA,Antioquia,6677930,89,1,2350,14
2020-06-18,Colombia,NA,Antioquia,6677930,126,0,2476,14
2020-06-19,Colombia,NA,Antioquia,6677930,163,0,2639,14
2020-06-20,Colombia,NA,Antioquia,6677930,94,2,2733,16
2020-06-21,Colombia,NA,Antioquia,6677930,165,2,2898,18
2020-06-22,Colombia,NA,Antioquia,6677930,89,2,2987,20
2020-06-23,Colombia,NA,Antioquia,6677930,89,1,3076,21
2020-06-24,Colombia,NA,Antioquia,6677930,148,6,3224,27
2020-06-25,Colombia,NA,Antioquia,6677930,162,1,3386,28
2020-06-26,Colombia,NA,Antioquia,6677930,265,1,3651,29
2020-06-27,Colombia,NA,Antioquia,6677930,142,1,3793,30
2020-06-28,Colombia,NA,Antioquia,6677930,248,2,4041,32
2020-06-29,Colombia,NA,Antioquia,6677930,145,2,4186,34
2020-06-30,Colombia,NA,Antioquia,6677930,212,6,4398,40
2020-07-01,Colombia,NA,Antioquia,6677930,270,5,4668,45
2020-07-02,Colombia,NA,Antioquia,6677930,339,6,5007,51
2020-07-03,Colombia,NA,Antioquia,6677930,319,6,5326,57
2020-07-04,Colombia,NA,Antioquia,6677930,471,4,5797,61
2020-07-05,Colombia,NA,Antioquia,6677930,356,6,6153,67
2020-07-06,Colombia,NA,Antioquia,6677930,438,9,6591,76
2020-07-07,Colombia,NA,Antioquia,6677930,452,3,7043,79
2020-07-08,Colombia,NA,Antioquia,6677930,517,8,7560,87
2020-07-09,Colombia,NA,Antioquia,6677930,803,18,8363,105
2020-07-10,Colombia,NA,Antioquia,6677930,677,16,9040,121
2020-07-11,Colombia,NA,Antioquia,6677930,669,20,9709,141
2020-07-12,Colombia,NA,Antioquia,6677930,461,14,10170,155
2020-07-13,Colombia,NA,Antioquia,6677930,1062,26,11232,181
2020-07-14,Colombia,NA,Antioquia,6677930,1379,18,12611,199
2020-07-15,Colombia,NA,Antioquia,6677930,993,15,13604,214
2020-07-16,Colombia,NA,Antioquia,6677930,1197,28,14801,242
2020-07-17,Colombia,NA,Antioquia,6677930,664,22,15465,264
2020-07-18,Colombia,NA,Antioquia,6677930,850,17,16315,281
2020-07-19,Colombia,NA,Antioquia,6677930,1306,28,17621,309
2020-07-20,Colombia,NA,Antioquia,6677930,533,23,18154,332
2020-07-21,Colombia,NA,Antioquia,6677930,1665,36,19819,368
2020-07-22,Colombia,NA,Antioquia,6677930,1909,29,21728,397
2020-07-23,Colombia,NA,Antioquia,6677930,1528,28,23256,425
2020-07-24,Colombia,NA,Antioquia,6677930,1827,36,25083,461
2020-07-25,Colombia,NA,Antioquia,6677930,1637,30,26720,491
2020-07-26,Colombia,NA,Antioquia,6677930,1945,38,28665,529
2020-07-27,Colombia,NA,Antioquia,6677930,1811,33,30476,562
2020-07-28,Colombia,NA,Antioquia,6677930,1855,45,32331,607
2020-07-29,Colombia,NA,Antioquia,6677930,1836,44,34167,651
2020-07-30,Colombia,NA,Antioquia,6677930,1847,47,36014,698
2020-07-31,Colombia,NA,Antioquia,6677930,2405,38,38419,736
2020-08-01,Colombia,NA,Antioquia,6677930,2293,45,40712,781
2020-08-02,Colombia,NA,Antioquia,6677930,1020,35,41732,816
2020-08-03,Colombia,NA,Antioquia,6677930,1760,47,43492,863
2020-08-04,Colombia,NA,Antioquia,6677930,1504,48,44996,911
2020-08-05,Colombia,NA,Antioquia,6677930,2033,31,47029,942
2020-08-06,Colombia,NA,Antioquia,6677930,2307,48,49336,990
2020-08-07,Colombia,NA,Antioquia,6677930,1715,41,51051,1031
2020-08-08,Colombia,NA,Antioquia,6677930,1999,50,53050,1081
2020-08-09,Colombia,NA,Antioquia,6677930,1223,42,54273,1123
2020-08-10,Colombia,NA,Antioquia,6677930,1519,34,55792,1157
2020-08-11,Colombia,NA,Antioquia,6677930,1944,41,57736,1198
2020-08-12,Colombia,NA,Antioquia,6677930,1993,42,59729,1240
2020-08-13,Colombia,NA,Antioquia,6677930,1483,35,61212,1275
2020-08-14,Colombia,NA,Antioquia,6677930,1741,32,62953,1307
2020-08-15,Colombia,NA,Antioquia,6677930,1295,46,64248,1353
2020-08-16,Colombia,NA,Antioquia,6677930,1110,35,65358,1388
2020-08-17,Colombia,NA,Antioquia,6677930,984,31,66342,1419
2020-08-18,Colombia,NA,Antioquia,6677930,963,42,67305,1461
2020-08-19,Colombia,NA,Antioquia,6677930,1395,37,68700,1498
2020-08-20,Colombia,NA,Antioquia,6677930,1520,34,70220,1532
2020-08-21,Colombia,NA,Antioquia,6677930,1426,45,71646,1577
2020-08-22,Colombia,NA,Antioquia,6677930,1338,34,72984,1611
2020-08-23,Colombia,NA,Antioquia,6677930,885,44,73869,1655
2020-08-24,Colombia,NA,Antioquia,6677930,1180,33,75049,1688
2020-08-25,Colombia,NA,Antioquia,6677930,1648,41,76697,1729
2020-08-26,Colombia,NA,Antioquia,6677930,1337,20,78034,1749
2020-08-27,Colombia,NA,Antioquia,6677930,1287,42,79321,1791
2020-08-28,Colombia,NA,Antioquia,6677930,1242,40,80563,1831
2020-08-29,Colombia,NA,Antioquia,6677930,873,35,81436,1866
2020-08-30,Colombia,NA,Antioquia,6677930,702,30,82138,1896
2020-08-31,Colombia,NA,Antioquia,6677930,1125,33,83263,1929
2020-09-01,Colombia,NA,Antioquia,6677930,1178,26,84441,1955
2020-09-02,Colombia,NA,Antioquia,6677930,1616,30,86057,1985
2020-09-03,Colombia,NA,Antioquia,6677930,989,22,87046,2007
2020-09-04,Colombia,NA,Antioquia,6677930,1051,24,88097,2031
2020-09-05,Colombia,NA,Antioquia,6677930,1075,28,89172,2059
2020-09-06,Colombia,NA,Antioquia,6677930,529,33,89701,2092
2020-09-07,Colombia,NA,Antioquia,6677930,642,27,90343,2119
2020-09-08,Colombia,NA,Antioquia,6677930,1312,23,91655,2142
2020-09-09,Colombia,NA,Antioquia,6677930,1617,33,93272,2175
2020-09-10,Colombia,NA,Antioquia,6677930,1173,14,94445,2189
2020-09-11,Colombia,NA,Antioquia,6677930,1185,21,95630,2210
2020-09-12,Colombia,NA,Antioquia,6677930,929,20,96559,2230
2020-09-13,Colombia,NA,Antioquia,6677930,693,21,97252,2251
2020-09-14,Colombia,NA,Antioquia,6677930,407,11,97659,2262
2020-09-15,Colombia,NA,Antioquia,6677930,1,3,97660,2265
2020-06-13,Colombia,NA,Arauca,294206,13,0,22,0
2020-06-14,Colombia,NA,Arauca,294206,25,0,47,0
2020-06-18,Colombia,NA,Arauca,294206,4,0,51,0
2020-06-19,Colombia,NA,Arauca,294206,3,0,54,0
2020-06-20,Colombia,NA,Arauca,294206,1,0,55,0
2020-06-21,Colombia,NA,Arauca,294206,5,0,60,0
2020-06-22,Colombia,NA,Arauca,294206,9,0,69,0
2020-06-23,Colombia,NA,Arauca,294206,2,0,71,0
2020-06-24,Colombia,NA,Arauca,294206,4,0,75,0
2020-06-26,Colombia,NA,Arauca,294206,1,0,76,0
2020-06-29,Colombia,NA,Arauca,294206,0,0,76,0
2020-07-01,Colombia,NA,Arauca,294206,4,0,80,0
2020-07-02,Colombia,NA,Arauca,294206,3,0,83,0
2020-07-04,Colombia,NA,Arauca,294206,14,0,97,0
2020-07-06,Colombia,NA,Arauca,294206,0,0,97,0
2020-07-07,Colombia,NA,Arauca,294206,33,0,130,0
2020-07-08,Colombia,NA,Arauca,294206,1,0,131,0
2020-07-09,Colombia,NA,Arauca,294206,8,0,139,0
2020-07-10,Colombia,NA,Arauca,294206,3,0,142,0
2020-07-11,Colombia,NA,Arauca,294206,1,0,143,0
2020-07-13,Colombia,NA,Arauca,294206,6,0,149,0
2020-07-14,Colombia,NA,Arauca,294206,12,0,161,0
2020-07-15,Colombia,NA,Arauca,294206,1,0,162,0
2020-07-16,Colombia,NA,Arauca,294206,0,0,162,0
2020-07-17,Colombia,NA,Arauca,294206,7,0,169,0
2020-07-18,Colombia,NA,Arauca,294206,2,0,171,0
2020-07-19,Colombia,NA,Arauca,294206,9,0,180,0
2020-07-20,Colombia,NA,Arauca,294206,5,1,185,1
2020-07-21,Colombia,NA,Arauca,294206,1,1,186,2
2020-07-22,Colombia,NA,Arauca,294206,2,0,188,2
2020-07-23,Colombia,NA,Arauca,294206,0,1,188,3
2020-07-24,Colombia,NA,Arauca,294206,4,1,192,4
2020-07-25,Colombia,NA,Arauca,294206,2,0,194,4
2020-07-26,Colombia,NA,Arauca,294206,0,0,194,4
2020-07-27,Colombia,NA,Arauca,294206,3,1,197,5
2020-07-28,Colombia,NA,Arauca,294206,20,0,217,5
2020-07-29,Colombia,NA,Arauca,294206,3,0,220,5
2020-07-30,Colombia,NA,Arauca,294206,11,0,231,5
2020-07-31,Colombia,NA,Arauca,294206,6,1,237,6
2020-08-01,Colombia,NA,Arauca,294206,65,0,302,6
2020-08-02,Colombia,NA,Arauca,294206,1,1,303,7
2020-08-03,Colombia,NA,Arauca,294206,0,1,303,8
2020-08-04,Colombia,NA,Arauca,294206,5,0,308,8
2020-08-05,Colombia,NA,Arauca,294206,59,0,367,8
2020-08-06,Colombia,NA,Arauca,294206,19,0,386,8
2020-08-07,Colombia,NA,Arauca,294206,9,1,395,9
2020-08-08,Colombia,NA,Arauca,294206,111,0,506,9
2020-08-09,Colombia,NA,Arauca,294206,4,0,510,9
2020-08-10,Colombia,NA,Arauca,294206,7,0,517,9
2020-08-11,Colombia,NA,Arauca,294206,0,0,517,9
2020-08-12,Colombia,NA,Arauca,294206,42,0,559,9
2020-08-13,Colombia,NA,Arauca,294206,6,2,565,11
2020-08-14,Colombia,NA,Arauca,294206,36,0,601,11
2020-08-15,Colombia,NA,Arauca,294206,15,1,616,12
2020-08-16,Colombia,NA,Arauca,294206,1,2,617,14
2020-08-17,Colombia,NA,Arauca,294206,72,1,689,15
2020-08-18,Colombia,NA,Arauca,294206,17,1,706,16
2020-08-19,Colombia,NA,Arauca,294206,48,0,754,16
2020-08-20,Colombia,NA,Arauca,294206,7,0,761,16
2020-08-21,Colombia,NA,Arauca,294206,1,0,762,16
2020-08-22,Colombia,NA,Arauca,294206,14,1,776,17
2020-08-23,Colombia,NA,Arauca,294206,8,1,784,18
2020-08-24,Colombia,NA,Arauca,294206,14,1,798,19
2020-08-25,Colombia,NA,Arauca,294206,6,1,804,20
2020-08-26,Colombia,NA,Arauca,294206,17,1,821,21
2020-08-27,Colombia,NA,Arauca,294206,102,0,923,21
2020-08-28,Colombia,NA,Arauca,294206,18,1,941,22
2020-08-29,Colombia,NA,Arauca,294206,1,0,942,22
2020-08-30,Colombia,NA,Arauca,294206,0,0,942,22
2020-08-31,Colombia,NA,Arauca,294206,50,0,992,22
2020-09-01,Colombia,NA,Arauca,294206,6,2,998,24
2020-09-02,Colombia,NA,Arauca,294206,67,1,1065,25
2020-09-03,Colombia,NA,Arauca,294206,5,1,1070,26
2020-09-04,Colombia,NA,Arauca,294206,24,0,1094,26
2020-09-05,Colombia,NA,Arauca,294206,2,0,1096,26
2020-09-06,Colombia,NA,Arauca,294206,1,1,1097,27
2020-09-07,Colombia,NA,Arauca,294206,25,1,1122,28
2020-09-08,Colombia,NA,Arauca,294206,24,1,1146,29
2020-09-09,Colombia,NA,Arauca,294206,47,1,1193,30
2020-09-10,Colombia,NA,Arauca,294206,43,1,1236,31
2020-09-11,Colombia,NA,Arauca,294206,28,0,1264,31
2020-09-12,Colombia,NA,Arauca,294206,43,0,1307,31
2020-09-13,Colombia,NA,Arauca,294206,18,0,1325,31
2020-09-14,Colombia,NA,Arauca,294206,8,0,1333,31
2020-03-25,Colombia,NA,Atlantico,2722128,4,0,13,0
2020-03-27,Colombia,NA,Atlantico,2722128,3,1,16,1
2020-03-28,Colombia,NA,Atlantico,2722128,4,0,20,1
2020-03-29,Colombia,NA,Atlantico,2722128,4,0,24,1
2020-03-30,Colombia,NA,Atlantico,2722128,1,0,25,1
2020-03-31,Colombia,NA,Atlantico,2722128,8,0,33,1
2020-04-01,Colombia,NA,Atlantico,2722128,3,0,36,1
2020-04-02,Colombia,NA,Atlantico,2722128,1,1,37,2
2020-04-03,Colombia,NA,Atlantico,2722128,11,2,48,4
2020-04-04,Colombia,NA,Atlantico,2722128,0,0,48,4
2020-04-05,Colombia,NA,Atlantico,2722128,4,0,52,4
2020-04-06,Colombia,NA,Atlantico,2722128,2,0,54,4
2020-04-07,Colombia,NA,Atlantico,2722128,8,0,62,4
2020-04-08,Colombia,NA,Atlantico,2722128,6,1,68,5
2020-04-09,Colombia,NA,Atlantico,2722128,7,1,75,6
2020-04-10,Colombia,NA,Atlantico,2722128,6,0,81,6
2020-04-11,Colombia,NA,Atlantico,2722128,5,0,86,6
2020-04-12,Colombia,NA,Atlantico,2722128,5,0,91,6
2020-04-13,Colombia,NA,Atlantico,2722128,3,0,94,6
2020-04-14,Colombia,NA,Atlantico,2722128,1,0,95,6
2020-04-15,Colombia,NA,Atlantico,2722128,1,0,96,6
2020-04-16,Colombia,NA,Atlantico,2722128,2,0,98,6
2020-04-17,Colombia,NA,Atlantico,2722128,3,0,101,6
2020-04-18,Colombia,NA,Atlantico,2722128,6,0,107,6
2020-04-19,Colombia,NA,Atlantico,2722128,4,0,111,6
2020-04-20,Colombia,NA,Atlantico,2722128,3,1,114,7
2020-04-21,Colombia,NA,Atlantico,2722128,6,0,120,7
2020-04-22,Colombia,NA,Atlantico,2722128,3,1,123,8
2020-04-23,Colombia,NA,Atlantico,2722128,7,0,130,8
2020-04-24,Colombia,NA,Atlantico,2722128,10,1,140,9
2020-04-25,Colombia,NA,Atlantico,2722128,22,3,162,12
2020-04-26,Colombia,NA,Atlantico,2722128,21,1,183,13
2020-04-27,Colombia,NA,Atlantico,2722128,41,1,224,14
2020-04-28,Colombia,NA,Atlantico,2722128,18,0,242,14
2020-04-29,Colombia,NA,Atlantico,2722128,17,2,259,16
2020-04-30,Colombia,NA,Atlantico,2722128,55,4,314,20
2020-05-01,Colombia,NA,Atlantico,2722128,54,3,368,23
2020-05-02,Colombia,NA,Atlantico,2722128,53,7,421,30
2020-05-03,Colombia,NA,Atlantico,2722128,77,3,498,33
2020-05-04,Colombia,NA,Atlantico,2722128,39,1,537,34
2020-05-05,Colombia,NA,Atlantico,2722128,109,5,646,39
2020-05-06,Colombia,NA,Atlantico,2722128,39,4,685,43
2020-05-07,Colombia,NA,Atlantico,2722128,83,2,768,45
2020-05-08,Colombia,NA,Atlantico,2722128,108,4,876,49
2020-05-09,Colombia,NA,Atlantico,2722128,41,2,917,51
2020-05-10,Colombia,NA,Atlantico,2722128,66,3,983,54
2020-05-11,Colombia,NA,Atlantico,2722128,55,2,1038,56
2020-05-12,Colombia,NA,Atlantico,2722128,108,2,1146,58
2020-05-13,Colombia,NA,Atlantico,2722128,140,1,1286,59
2020-05-14,Colombia,NA,Atlantico,2722128,116,2,1402,61
2020-05-15,Colombia,NA,Atlantico,2722128,107,5,1509,66
2020-05-16,Colombia,NA,Atlantico,2722128,66,2,1575,68
2020-05-17,Colombia,NA,Atlantico,2722128,188,3,1763,71
2020-05-18,Colombia,NA,Atlantico,2722128,82,3,1845,74
2020-05-19,Colombia,NA,Atlantico,2722128,101,9,1946,83
2020-05-20,Colombia,NA,Atlantico,2722128,123,4,2069,87
2020-05-21,Colombia,NA,Atlantico,2722128,147,4,2216,91
2020-05-22,Colombia,NA,Atlantico,2722128,200,10,2416,101
2020-05-23,Colombia,NA,Atlantico,2722128,231,10,2647,111
2020-05-24,Colombia,NA,Atlantico,2722128,173,8,2820,119
2020-05-25,Colombia,NA,Atlantico,2722128,86,8,2906,127
2020-05-26,Colombia,NA,Atlantico,2722128,168,18,3074,145
2020-05-27,Colombia,NA,Atlantico,2722128,96,7,3170,152
2020-05-28,Colombia,NA,Atlantico,2722128,157,13,3327,165
2020-05-29,Colombia,NA,Atlantico,2722128,153,12,3480,177
2020-05-30,Colombia,NA,Atlantico,2722128,315,20,3795,197
2020-05-31,Colombia,NA,Atlantico,2722128,202,14,3997,211
2020-06-01,Colombia,NA,Atlantico,2722128,224,23,4221,234
2020-06-02,Colombia,NA,Atlantico,2722128,392,29,4613,263
2020-06-03,Colombia,NA,Atlantico,2722128,215,41,4828,304
2020-06-04,Colombia,NA,Atlantico,2722128,605,31,5433,335
2020-06-05,Colombia,NA,Atlantico,2722128,393,26,5826,361
2020-06-06,Colombia,NA,Atlantico,2722128,332,26,6158,387
2020-06-07,Colombia,NA,Atlantico,2722128,375,33,6533,420
2020-06-08,Colombia,NA,Atlantico,2722128,264,30,6797,450
2020-06-09,Colombia,NA,Atlantico,2722128,338,47,7135,497
2020-06-10,Colombia,NA,Atlantico,2722128,404,34,7539,531
2020-06-11,Colombia,NA,Atlantico,2722128,599,45,8138,576
2020-06-12,Colombia,NA,Atlantico,2722128,492,43,8630,619
2020-06-13,Colombia,NA,Atlantico,2722128,628,44,9258,663
2020-06-14,Colombia,NA,Atlantico,2722128,1034,55,10292,718
2020-06-15,Colombia,NA,Atlantico,2722128,647,53,10939,771
2020-06-16,Colombia,NA,Atlantico,2722128,590,68,11529,839
2020-06-17,Colombia,NA,Atlantico,2722128,713,50,12242,889
2020-06-18,Colombia,NA,Atlantico,2722128,833,71,13075,960
2020-06-19,Colombia,NA,Atlantico,2722128,733,55,13808,1015
2020-06-20,Colombia,NA,Atlantico,2722128,846,61,14654,1076
2020-06-21,Colombia,NA,Atlantico,2722128,730,61,15384,1137
2020-06-22,Colombia,NA,Atlantico,2722128,886,67,16270,1204
2020-06-23,Colombia,NA,Atlantico,2722128,852,61,17122,1265
2020-06-24,Colombia,NA,Atlantico,2722128,1181,64,18303,1329
2020-06-25,Colombia,NA,Atlantico,2722128,737,65,19040,1394
2020-06-26,Colombia,NA,Atlantico,2722128,1567,60,20607,1454
2020-06-27,Colombia,NA,Atlantico,2722128,916,58,21523,1512
2020-06-28,Colombia,NA,Atlantico,2722128,842,45,22365,1557
2020-06-29,Colombia,NA,Atlantico,2722128,763,60,23128,1617
2020-06-30,Colombia,NA,Atlantico,2722128,517,46,23645,1663
2020-07-01,Colombia,NA,Atlantico,2722128,1033,54,24678,1717
2020-07-02,Colombia,NA,Atlantico,2722128,999,58,25677,1775
2020-07-03,Colombia,NA,Atlantico,2722128,859,61,26536,1836
2020-07-04,Colombia,NA,Atlantico,2722128,944,49,27480,1885
2020-07-05,Colombia,NA,Atlantico,2722128,808,46,28288,1931
2020-07-06,Colombia,NA,Atlantico,2722128,809,52,29097,1983
2020-07-07,Colombia,NA,Atlantico,2722128,1252,60,30349,2043
2020-07-08,Colombia,NA,Atlantico,2722128,951,52,31300,2095
2020-07-09,Colombia,NA,Atlantico,2722128,1360,42,32660,2137
2020-07-10,Colombia,NA,Atlantico,2722128,1588,42,34248,2179
2020-07-11,Colombia,NA,Atlantico,2722128,1532,32,35780,2211
2020-07-12,Colombia,NA,Atlantico,2722128,1126,33,36906,2244
2020-07-13,Colombia,NA,Atlantico,2722128,1763,42,38669,2286
2020-07-14,Colombia,NA,Atlantico,2722128,1409,34,40078,2320
2020-07-15,Colombia,NA,Atlantico,2722128,1308,31,41386,2351
2020-07-16,Colombia,NA,Atlantico,2722128,869,42,42255,2393
2020-07-17,Colombia,NA,Atlantico,2722128,600,37,42855,2430
2020-07-18,Colombia,NA,Atlantico,2722128,594,53,43449,2483
2020-07-19,Colombia,NA,Atlantico,2722128,791,38,44240,2521
2020-07-20,Colombia,NA,Atlantico,2722128,332,17,44572,2538
2020-07-21,Colombia,NA,Atlantico,2722128,892,25,45464,2563
2020-07-22,Colombia,NA,Atlantico,2722128,844,25,46308,2588
2020-07-23,Colombia,NA,Atlantico,2722128,779,32,47087,2620
2020-07-24,Colombia,NA,Atlantico,2722128,800,18,47887,2638
2020-07-25,Colombia,NA,Atlantico,2722128,647,27,48534,2665
2020-07-26,Colombia,NA,Atlantico,2722128,737,17,49271,2682
2020-07-27,Colombia,NA,Atlantico,2722128,859,19,50130,2701
2020-07-28,Colombia,NA,Atlantico,2722128,694,28,50824,2729
2020-07-29,Colombia,NA,Atlantico,2722128,1117,22,51941,2751
2020-07-30,Colombia,NA,Atlantico,2722128,588,21,52529,2772
2020-07-31,Colombia,NA,Atlantico,2722128,424,13,52953,2785
2020-08-01,Colombia,NA,Atlantico,2722128,418,21,53371,2806
2020-08-02,Colombia,NA,Atlantico,2722128,366,24,53737,2830
2020-08-03,Colombia,NA,Atlantico,2722128,487,12,54224,2842
2020-08-04,Colombia,NA,Atlantico,2722128,472,17,54696,2859
2020-08-05,Colombia,NA,Atlantico,2722128,601,15,55297,2874
2020-08-06,Colombia,NA,Atlantico,2722128,588,10,55885,2884
2020-08-07,Colombia,NA,Atlantico,2722128,644,14,56529,2898
2020-08-08,Colombia,NA,Atlantico,2722128,461,12,56990,2910
2020-08-09,Colombia,NA,Atlantico,2722128,176,11,57166,2921
2020-08-10,Colombia,NA,Atlantico,2722128,603,9,57769,2930
2020-08-11,Colombia,NA,Atlantico,2722128,271,9,58040,2939
2020-08-12,Colombia,NA,Atlantico,2722128,390,12,58430,2951
2020-08-13,Colombia,NA,Atlantico,2722128,413,11,58843,2962
2020-08-14,Colombia,NA,Atlantico,2722128,362,9,59205,2971
2020-08-15,Colombia,NA,Atlantico,2722128,224,8,59429,2979
2020-08-16,Colombia,NA,Atlantico,2722128,218,11,59647,2990
2020-08-17,Colombia,NA,Atlantico,2722128,525,9,60172,2999
2020-08-18,Colombia,NA,Atlantico,2722128,175,6,60347,3005
2020-08-19,Colombia,NA,Atlantico,2722128,330,12,60677,3017
2020-08-20,Colombia,NA,Atlantico,2722128,233,14,60910,3031
2020-08-21,Colombia,NA,Atlantico,2722128,172,11,61082,3042
2020-08-22,Colombia,NA,Atlantico,2722128,194,7,61276,3049
2020-08-23,Colombia,NA,Atlantico,2722128,131,8,61407,3057
2020-08-24,Colombia,NA,Atlantico,2722128,116,12,61523,3069
2020-08-25,Colombia,NA,Atlantico,2722128,260,6,61783,3075
2020-08-26,Colombia,NA,Atlantico,2722128,109,5,61892,3080
2020-08-27,Colombia,NA,Atlantico,2722128,185,11,62077,3091
2020-08-28,Colombia,NA,Atlantico,2722128,100,9,62177,3100
2020-08-29,Colombia,NA,Atlantico,2722128,117,6,62294,3106
2020-08-30,Colombia,NA,Atlantico,2722128,105,6,62399,3112
2020-08-31,Colombia,NA,Atlantico,2722128,115,5,62514,3117
2020-09-01,Colombia,NA,Atlantico,2722128,89,13,62603,3130
2020-09-02,Colombia,NA,Atlantico,2722128,381,6,62984,3136
2020-09-03,Colombia,NA,Atlantico,2722128,115,2,63099,3138
2020-09-04,Colombia,NA,Atlantico,2722128,116,6,63215,3144
2020-09-05,Colombia,NA,Atlantico,2722128,84,7,63299,3151
2020-09-06,Colombia,NA,Atlantico,2722128,39,1,63338,3152
2020-09-07,Colombia,NA,Atlantico,2722128,179,4,63517,3156
2020-09-08,Colombia,NA,Atlantico,2722128,81,1,63598,3157
2020-09-09,Colombia,NA,Atlantico,2722128,122,4,63720,3161
2020-09-10,Colombia,NA,Atlantico,2722128,100,5,63820,3166
2020-09-11,Colombia,NA,Atlantico,2722128,124,4,63944,3170
2020-09-12,Colombia,NA,Atlantico,2722128,64,3,64008,3173
2020-09-13,Colombia,NA,Atlantico,2722128,35,3,64043,3176
2020-09-14,Colombia,NA,Atlantico,2722128,182,1,64225,3177
2020-03-14,Colombia,NA,Bogota D.C.,7743955,10,0,16,0
2020-03-15,Colombia,NA,Bogota D.C.,7743955,10,0,26,0
2020-03-16,Colombia,NA,Bogota D.C.,7743955,6,0,32,0
2020-03-17,Colombia,NA,Bogota D.C.,7743955,7,0,39,0
2020-03-18,Colombia,NA,Bogota D.C.,7743955,5,0,44,0
2020-03-19,Colombia,NA,Bogota D.C.,7743955,8,0,52,0
2020-03-20,Colombia,NA,Bogota D.C.,7743955,27,0,79,0
2020-03-21,Colombia,NA,Bogota D.C.,7743955,5,0,84,0
2020-03-22,Colombia,NA,Bogota D.C.,7743955,4,0,88,0
2020-03-23,Colombia,NA,Bogota D.C.,7743955,29,0,117,0
2020-03-24,Colombia,NA,Bogota D.C.,7743955,41,0,158,0
2020-03-25,Colombia,NA,Bogota D.C.,7743955,14,1,172,1
2020-03-26,Colombia,NA,Bogota D.C.,7743955,7,2,179,3
2020-03-27,Colombia,NA,Bogota D.C.,7743955,38,0,217,3
2020-03-28,Colombia,NA,Bogota D.C.,7743955,38,3,255,6
2020-03-29,Colombia,NA,Bogota D.C.,7743955,33,1,288,7
2020-03-30,Colombia,NA,Bogota D.C.,7743955,55,1,343,8
2020-03-31,Colombia,NA,Bogota D.C.,7743955,40,2,383,10
2020-04-01,Colombia,NA,Bogota D.C.,7743955,81,1,464,11
2020-04-02,Colombia,NA,Bogota D.C.,7743955,68,4,532,15
2020-04-03,Colombia,NA,Bogota D.C.,7743955,44,5,576,20
2020-04-04,Colombia,NA,Bogota D.C.,7743955,104,10,680,30
2020-04-05,Colombia,NA,Bogota D.C.,7743955,30,4,710,34
2020-04-06,Colombia,NA,Bogota D.C.,7743955,53,6,763,40
2020-04-07,Colombia,NA,Bogota D.C.,7743955,84,5,847,45
2020-04-08,Colombia,NA,Bogota D.C.,7743955,130,2,977,47
2020-04-09,Colombia,NA,Bogota D.C.,7743955,36,4,1013,51
2020-04-10,Colombia,NA,Bogota D.C.,7743955,88,3,1101,54
2020-04-11,Colombia,NA,Bogota D.C.,7743955,44,5,1145,59
2020-04-12,Colombia,NA,Bogota D.C.,7743955,19,1,1164,60
2020-04-13,Colombia,NA,Bogota D.C.,7743955,24,4,1188,64
2020-04-14,Colombia,NA,Bogota D.C.,7743955,36,6,1224,70
2020-04-15,Colombia,NA,Bogota D.C.,7743955,48,3,1272,73
2020-04-16,Colombia,NA,Bogota D.C.,7743955,43,4,1315,77
2020-04-17,Colombia,NA,Bogota D.C.,7743955,59,1,1374,78
2020-04-18,Colombia,NA,Bogota D.C.,7743955,86,2,1460,80
2020-04-19,Colombia,NA,Bogota D.C.,7743955,119,4,1579,84
2020-04-20,Colombia,NA,Bogota D.C.,7743955,79,4,1658,88
2020-04-21,Colombia,NA,Bogota D.C.,7743955,74,6,1732,94
2020-04-22,Colombia,NA,Bogota D.C.,7743955,84,1,1816,95
2020-04-23,Colombia,NA,Bogota D.C.,7743955,47,2,1863,97
2020-04-24,Colombia,NA,Bogota D.C.,7743955,179,4,2042,101
2020-04-25,Colombia,NA,Bogota D.C.,7743955,89,1,2131,102
2020-04-26,Colombia,NA,Bogota D.C.,7743955,92,6,2223,108
2020-04-27,Colombia,NA,Bogota D.C.,7743955,105,3,2328,111
2020-04-28,Colombia,NA,Bogota D.C.,7743955,64,6,2392,117
2020-04-29,Colombia,NA,Bogota D.C.,7743955,133,6,2525,123
2020-04-30,Colombia,NA,Bogota D.C.,7743955,89,8,2614,131
2020-05-01,Colombia,NA,Bogota D.C.,7743955,147,3,2761,134
2020-05-02,Colombia,NA,Bogota D.C.,7743955,71,3,2832,137
2020-05-03,Colombia,NA,Bogota D.C.,7743955,111,3,2943,140
2020-05-04,Colombia,NA,Bogota D.C.,7743955,127,5,3070,145
2020-05-05,Colombia,NA,Bogota D.C.,7743955,193,2,3263,147
2020-05-06,Colombia,NA,Bogota D.C.,7743955,200,7,3463,154
2020-05-07,Colombia,NA,Bogota D.C.,7743955,130,3,3593,157
2020-05-08,Colombia,NA,Bogota D.C.,7743955,226,4,3819,161
2020-05-09,Colombia,NA,Bogota D.C.,7743955,209,6,4028,167
2020-05-10,Colombia,NA,Bogota D.C.,7743955,128,7,4156,174
2020-05-11,Colombia,NA,Bogota D.C.,7743955,150,7,4306,181
2020-05-12,Colombia,NA,Bogota D.C.,7743955,258,0,4564,181
2020-05-13,Colombia,NA,Bogota D.C.,7743955,122,3,4686,184
2020-05-14,Colombia,NA,Bogota D.C.,7743955,208,2,4894,186
2020-05-15,Colombia,NA,Bogota D.C.,7743955,115,7,5009,193
2020-05-16,Colombia,NA,Bogota D.C.,7743955,277,4,5286,197
2020-05-17,Colombia,NA,Bogota D.C.,7743955,241,3,5527,200
2020-05-18,Colombia,NA,Bogota D.C.,7743955,197,6,5724,206
2020-05-19,Colombia,NA,Bogota D.C.,7743955,216,5,5940,211
2020-05-20,Colombia,NA,Bogota D.C.,7743955,253,6,6193,217
2020-05-21,Colombia,NA,Bogota D.C.,7743955,122,10,6315,227
2020-05-22,Colombia,NA,Bogota D.C.,7743955,280,9,6595,236
2020-05-23,Colombia,NA,Bogota D.C.,7743955,383,9,6978,245
2020-05-24,Colombia,NA,Bogota D.C.,7743955,238,5,7216,250
2020-05-25,Colombia,NA,Bogota D.C.,7743955,177,4,7393,254
2020-05-26,Colombia,NA,Bogota D.C.,7743955,357,8,7750,262
2020-05-27,Colombia,NA,Bogota D.C.,7743955,305,6,8055,268
2020-05-28,Colombia,NA,Bogota D.C.,7743955,490,4,8545,272
2020-05-29,Colombia,NA,Bogota D.C.,7743955,627,11,9172,283
2020-05-30,Colombia,NA,Bogota D.C.,7743955,478,7,9650,290
2020-05-31,Colombia,NA,Bogota D.C.,7743955,347,11,9997,301
2020-06-01,Colombia,NA,Bogota D.C.,7743955,384,8,10381,309
2020-06-02,Colombia,NA,Bogota D.C.,7743955,374,6,10755,315
2020-06-03,Colombia,NA,Bogota D.C.,7743955,505,9,11260,324
2020-06-04,Colombia,NA,Bogota D.C.,7743955,537,11,11797,335
2020-06-05,Colombia,NA,Bogota D.C.,7743955,404,14,12201,349
2020-06-06,Colombia,NA,Bogota D.C.,7743955,379,9,12580,358
2020-06-07,Colombia,NA,Bogota D.C.,7743955,319,10,12899,368
2020-06-08,Colombia,NA,Bogota D.C.,7743955,443,13,13342,381
2020-06-09,Colombia,NA,Bogota D.C.,7743955,391,14,13733,395
2020-06-10,Colombia,NA,Bogota D.C.,7743955,425,11,14158,406
2020-06-11,Colombia,NA,Bogota D.C.,7743955,410,14,14568,420
2020-06-12,Colombia,NA,Bogota D.C.,7743955,416,8,14984,428
2020-06-13,Colombia,NA,Bogota D.C.,7743955,564,11,15548,439
2020-06-14,Colombia,NA,Bogota D.C.,7743955,627,19,16175,458
2020-06-15,Colombia,NA,Bogota D.C.,7743955,415,18,16590,476
2020-06-16,Colombia,NA,Bogota D.C.,7743955,808,14,17398,490
2020-06-17,Colombia,NA,Bogota D.C.,7743955,79,24,17477,514
2020-06-18,Colombia,NA,Bogota D.C.,7743955,806,9,18283,523
2020-06-19,Colombia,NA,Bogota D.C.,7743955,1080,17,19363,540
2020-06-20,Colombia,NA,Bogota D.C.,7743955,693,12,20056,552
2020-06-21,Colombia,NA,Bogota D.C.,7743955,876,22,20932,574
2020-06-22,Colombia,NA,Bogota D.C.,7743955,1183,20,22115,594
2020-06-23,Colombia,NA,Bogota D.C.,7743955,1333,25,23448,619
2020-06-24,Colombia,NA,Bogota D.C.,7743955,110,24,23558,643
2020-06-25,Colombia,NA,Bogota D.C.,7743955,1275,21,24833,664
2020-06-26,Colombia,NA,Bogota D.C.,7743955,1012,25,25845,689
2020-06-27,Colombia,NA,Bogota D.C.,7743955,2156,31,28001,720
2020-06-28,Colombia,NA,Bogota D.C.,7743955,1466,33,29467,753
2020-06-29,Colombia,NA,Bogota D.C.,7743955,23,25,29490,778
2020-06-30,Colombia,NA,Bogota D.C.,7743955,708,32,30198,810
2020-07-01,Colombia,NA,Bogota D.C.,7743955,1413,29,31611,839
2020-07-02,Colombia,NA,Bogota D.C.,7743955,1336,38,32947,877
2020-07-03,Colombia,NA,Bogota D.C.,7743955,1443,46,34390,923
2020-07-04,Colombia,NA,Bogota D.C.,7743955,1173,34,35563,957
2020-07-05,Colombia,NA,Bogota D.C.,7743955,1286,39,36849,996
2020-07-06,Colombia,NA,Bogota D.C.,7743955,1098,43,37947,1039
2020-07-07,Colombia,NA,Bogota D.C.,7743955,1626,50,39573,1089
2020-07-08,Colombia,NA,Bogota D.C.,7743955,1496,46,41069,1135
2020-07-09,Colombia,NA,Bogota D.C.,7743955,1642,69,42711,1204
2020-07-10,Colombia,NA,Bogota D.C.,7743955,2685,64,45396,1268
2020-07-11,Colombia,NA,Bogota D.C.,7743955,2508,74,47904,1342
2020-07-12,Colombia,NA,Bogota D.C.,7743955,2176,60,50080,1402
2020-07-13,Colombia,NA,Bogota D.C.,7743955,1719,74,51799,1476
2020-07-14,Colombia,NA,Bogota D.C.,7743955,1892,73,53691,1549
2020-07-15,Colombia,NA,Bogota D.C.,7743955,2455,88,56146,1637
2020-07-16,Colombia,NA,Bogota D.C.,7743955,3126,77,59272,1714
2020-07-17,Colombia,NA,Bogota D.C.,7743955,142,100,59414,1814
2020-07-18,Colombia,NA,Bogota D.C.,7743955,1862,83,61276,1897
2020-07-19,Colombia,NA,Bogota D.C.,7743955,3782,66,65058,1963
2020-07-20,Colombia,NA,Bogota D.C.,7743955,4086,95,69144,2058
2020-07-21,Colombia,NA,Bogota D.C.,7743955,3568,114,72712,2172
2020-07-22,Colombia,NA,Bogota D.C.,7743955,3945,96,76657,2268
2020-07-23,Colombia,NA,Bogota D.C.,7743955,2326,112,78983,2380
2020-07-24,Colombia,NA,Bogota D.C.,7743955,3259,108,82242,2488
2020-07-25,Colombia,NA,Bogota D.C.,7743955,2466,104,84708,2592
2020-07-26,Colombia,NA,Bogota D.C.,7743955,87,111,84795,2703
2020-07-27,Colombia,NA,Bogota D.C.,7743955,3205,103,88000,2806
2020-07-28,Colombia,NA,Bogota D.C.,7743955,8552,97,96552,2903
2020-07-29,Colombia,NA,Bogota D.C.,7743955,3229,112,99781,3015
2020-07-30,Colombia,NA,Bogota D.C.,7743955,3170,127,102951,3142
2020-07-31,Colombia,NA,Bogota D.C.,7743955,543,128,103494,3270
2020-08-01,Colombia,NA,Bogota D.C.,7743955,3933,88,107427,3358
2020-08-02,Colombia,NA,Bogota D.C.,7743955,6895,109,114322,3467
2020-08-03,Colombia,NA,Bogota D.C.,7743955,3041,120,117363,3587
2020-08-04,Colombia,NA,Bogota D.C.,7743955,4934,106,122297,3693
2020-08-05,Colombia,NA,Bogota D.C.,7743955,3609,114,125906,3807
2020-08-06,Colombia,NA,Bogota D.C.,7743955,2739,101,128645,3908
2020-08-07,Colombia,NA,Bogota D.C.,7743955,3382,113,132027,4021
2020-08-08,Colombia,NA,Bogota D.C.,7743955,3421,119,135448,4140
2020-08-09,Colombia,NA,Bogota D.C.,7743955,2172,101,137620,4241
2020-08-10,Colombia,NA,Bogota D.C.,7743955,658,87,138278,4328
2020-08-11,Colombia,NA,Bogota D.C.,7743955,8470,103,146748,4431
2020-08-12,Colombia,NA,Bogota D.C.,7743955,1172,85,147920,4516
2020-08-13,Colombia,NA,Bogota D.C.,7743955,7065,87,154985,4603
2020-08-14,Colombia,NA,Bogota D.C.,7743955,100,76,155085,4679
2020-08-15,Colombia,NA,Bogota D.C.,7743955,5053,75,160138,4754
2020-08-16,Colombia,NA,Bogota D.C.,7743955,8423,83,168561,4837
2020-08-17,Colombia,NA,Bogota D.C.,7743955,3556,76,172117,4913
2020-08-18,Colombia,NA,Bogota D.C.,7743955,756,101,172873,5014
2020-08-19,Colombia,NA,Bogota D.C.,7743955,7900,90,180773,5104
2020-08-20,Colombia,NA,Bogota D.C.,7743955,3639,80,184412,5184
2020-08-21,Colombia,NA,Bogota D.C.,7743955,3681,81,188093,5265
2020-08-22,Colombia,NA,Bogota D.C.,7743955,2904,81,190997,5346
2020-08-23,Colombia,NA,Bogota D.C.,7743955,3478,62,194475,5408
2020-08-24,Colombia,NA,Bogota D.C.,7743955,3170,72,197645,5480
2020-08-25,Colombia,NA,Bogota D.C.,7743955,3278,92,200923,5572
2020-08-26,Colombia,NA,Bogota D.C.,7743955,2506,72,203429,5644
2020-08-27,Colombia,NA,Bogota D.C.,7743955,2286,86,205715,5730
2020-08-28,Colombia,NA,Bogota D.C.,7743955,2990,55,208705,5785
2020-08-29,Colombia,NA,Bogota D.C.,7743955,2079,79,210784,5864
2020-08-30,Colombia,NA,Bogota D.C.,7743955,2042,56,212826,5920
2020-08-31,Colombia,NA,Bogota D.C.,7743955,3601,63,216427,5983
2020-09-01,Colombia,NA,Bogota D.C.,7743955,2892,52,219319,6035
2020-09-02,Colombia,NA,Bogota D.C.,7743955,2003,58,221322,6093
2020-09-03,Colombia,NA,Bogota D.C.,7743955,2561,54,223883,6147
2020-09-04,Colombia,NA,Bogota D.C.,7743955,2136,77,226019,6224
2020-09-05,Colombia,NA,Bogota D.C.,7743955,2041,49,228060,6273
2020-09-06,Colombia,NA,Bogota D.C.,7743955,1170,48,229230,6321
2020-09-07,Colombia,NA,Bogota D.C.,7743955,2660,74,231890,6395
2020-09-08,Colombia,NA,Bogota D.C.,7743955,1840,59,233730,6454
2020-09-09,Colombia,NA,Bogota D.C.,7743955,1741,37,235471,6491
2020-09-10,Colombia,NA,Bogota D.C.,7743955,2691,57,238162,6548
2020-09-11,Colombia,NA,Bogota D.C.,7743955,2125,53,240287,6601
2020-09-12,Colombia,NA,Bogota D.C.,7743955,1540,49,241827,6650
2020-09-13,Colombia,NA,Bogota D.C.,7743955,784,48,242611,6698
2020-09-14,Colombia,NA,Bogota D.C.,7743955,756,42,243367,6740
2020-03-20,Colombia,NA,Bolivar,2180976,1,0,11,1
2020-03-21,Colombia,NA,Bolivar,2180976,4,0,15,1
2020-03-23,Colombia,NA,Bolivar,2180976,1,0,16,1
2020-03-24,Colombia,NA,Bolivar,2180976,5,0,21,1
2020-03-25,Colombia,NA,Bolivar,2180976,5,0,26,1
2020-03-27,Colombia,NA,Bolivar,2180976,0,1,26,2
2020-03-28,Colombia,NA,Bolivar,2180976,2,0,28,2
2020-03-29,Colombia,NA,Bolivar,2180976,10,0,38,2
2020-03-30,Colombia,NA,Bolivar,2180976,3,2,41,4
2020-03-31,Colombia,NA,Bolivar,2180976,2,1,43,5
2020-04-03,Colombia,NA,Bolivar,2180976,3,0,46,5
2020-04-04,Colombia,NA,Bolivar,2180976,0,0,46,5
2020-04-05,Colombia,NA,Bolivar,2180976,0,1,46,6
2020-04-06,Colombia,NA,Bolivar,2180976,11,1,57,7
2020-04-07,Colombia,NA,Bolivar,2180976,3,0,60,7
2020-04-08,Colombia,NA,Bolivar,2180976,12,0,72,7
2020-04-09,Colombia,NA,Bolivar,2180976,17,1,89,8
2020-04-10,Colombia,NA,Bolivar,2180976,21,1,110,9
2020-04-11,Colombia,NA,Bolivar,2180976,8,1,118,10
2020-04-12,Colombia,NA,Bolivar,2180976,6,1,124,11
2020-04-13,Colombia,NA,Bolivar,2180976,11,1,135,12
2020-04-14,Colombia,NA,Bolivar,2180976,11,0,146,12
2020-04-15,Colombia,NA,Bolivar,2180976,14,0,160,12
2020-04-16,Colombia,NA,Bolivar,2180976,8,3,168,15
2020-04-17,Colombia,NA,Bolivar,2180976,6,1,174,16
2020-04-18,Colombia,NA,Bolivar,2180976,10,1,184,17
2020-04-19,Colombia,NA,Bolivar,2180976,1,0,185,17
2020-04-20,Colombia,NA,Bolivar,2180976,11,1,196,18
2020-04-21,Colombia,NA,Bolivar,2180976,4,0,200,18
2020-04-22,Colombia,NA,Bolivar,2180976,0,1,200,19
2020-04-23,Colombia,NA,Bolivar,2180976,5,2,205,21
2020-04-24,Colombia,NA,Bolivar,2180976,16,2,221,23
2020-04-25,Colombia,NA,Bolivar,2180976,6,1,227,24
2020-04-26,Colombia,NA,Bolivar,2180976,14,0,241,24
2020-04-27,Colombia,NA,Bolivar,2180976,4,2,245,26
2020-04-28,Colombia,NA,Bolivar,2180976,13,1,258,27
2020-04-29,Colombia,NA,Bolivar,2180976,11,1,269,28
2020-04-30,Colombia,NA,Bolivar,2180976,26,3,295,31
2020-05-01,Colombia,NA,Bolivar,2180976,14,2,309,33
2020-05-02,Colombia,NA,Bolivar,2180976,26,1,335,34
2020-05-03,Colombia,NA,Bolivar,2180976,19,4,354,38
2020-05-04,Colombia,NA,Bolivar,2180976,20,3,374,41
2020-05-05,Colombia,NA,Bolivar,2180976,33,5,407,46
2020-05-06,Colombia,NA,Bolivar,2180976,25,4,432,50
2020-05-07,Colombia,NA,Bolivar,2180976,5,5,437,55
2020-05-08,Colombia,NA,Bolivar,2180976,101,3,538,58
2020-05-09,Colombia,NA,Bolivar,2180976,45,3,583,61
2020-05-10,Colombia,NA,Bolivar,2180976,98,4,681,65
2020-05-11,Colombia,NA,Bolivar,2180976,65,6,746,71
2020-05-12,Colombia,NA,Bolivar,2180976,88,5,834,76
2020-05-13,Colombia,NA,Bolivar,2180976,113,2,947,78
2020-05-14,Colombia,NA,Bolivar,2180976,115,7,1062,85
2020-05-15,Colombia,NA,Bolivar,2180976,95,6,1157,91
2020-05-16,Colombia,NA,Bolivar,2180976,129,5,1286,96
2020-05-17,Colombia,NA,Bolivar,2180976,70,6,1356,102
2020-05-18,Colombia,NA,Bolivar,2180976,148,7,1504,109
2020-05-19,Colombia,NA,Bolivar,2180976,85,5,1589,114
2020-05-20,Colombia,NA,Bolivar,2180976,116,8,1705,122
2020-05-21,Colombia,NA,Bolivar,2180976,130,5,1835,127
2020-05-22,Colombia,NA,Bolivar,2180976,46,5,1881,132
2020-05-23,Colombia,NA,Bolivar,2180976,150,7,2031,139
2020-05-24,Colombia,NA,Bolivar,2180976,242,9,2273,148
2020-05-25,Colombia,NA,Bolivar,2180976,39,8,2312,156
2020-05-26,Colombia,NA,Bolivar,2180976,77,5,2389,161
2020-05-27,Colombia,NA,Bolivar,2180976,137,5,2526,166
2020-05-28,Colombia,NA,Bolivar,2180976,151,9,2677,175
2020-05-29,Colombia,NA,Bolivar,2180976,182,2,2859,177
2020-05-30,Colombia,NA,Bolivar,2180976,197,5,3056,182
2020-05-31,Colombia,NA,Bolivar,2180976,150,5,3206,187
2020-06-01,Colombia,NA,Bolivar,2180976,78,6,3284,193
2020-06-02,Colombia,NA,Bolivar,2180976,95,4,3379,197
2020-06-03,Colombia,NA,Bolivar,2180976,205,7,3584,204
2020-06-04,Colombia,NA,Bolivar,2180976,152,6,3736,210
2020-06-05,Colombia,NA,Bolivar,2180976,140,7,3876,217
2020-06-06,Colombia,NA,Bolivar,2180976,118,9,3994,226
2020-06-07,Colombia,NA,Bolivar,2180976,158,3,4152,229
2020-06-08,Colombia,NA,Bolivar,2180976,90,5,4242,234
2020-06-09,Colombia,NA,Bolivar,2180976,144,5,4386,239
2020-06-10,Colombia,NA,Bolivar,2180976,121,3,4507,242
2020-06-11,Colombia,NA,Bolivar,2180976,196,4,4703,246
2020-06-12,Colombia,NA,Bolivar,2180976,64,10,4767,256
2020-06-13,Colombia,NA,Bolivar,2180976,170,9,4937,265
2020-06-14,Colombia,NA,Bolivar,2180976,183,8,5120,273
2020-06-15,Colombia,NA,Bolivar,2180976,101,7,5221,280
2020-06-16,Colombia,NA,Bolivar,2180976,168,4,5389,284
2020-06-17,Colombia,NA,Bolivar,2180976,131,8,5520,292
2020-06-18,Colombia,NA,Bolivar,2180976,271,18,5791,310
2020-06-19,Colombia,NA,Bolivar,2180976,414,9,6205,319
2020-06-20,Colombia,NA,Bolivar,2180976,222,7,6427,326
2020-06-21,Colombia,NA,Bolivar,2180976,261,16,6688,342
2020-06-22,Colombia,NA,Bolivar,2180976,309,8,6997,350
2020-06-23,Colombia,NA,Bolivar,2180976,205,9,7202,359
2020-06-24,Colombia,NA,Bolivar,2180976,273,12,7475,371
2020-06-25,Colombia,NA,Bolivar,2180976,418,8,7893,379
2020-06-26,Colombia,NA,Bolivar,2180976,483,8,8376,387
2020-06-27,Colombia,NA,Bolivar,2180976,255,14,8631,401
2020-06-28,Colombia,NA,Bolivar,2180976,253,12,8884,413
2020-06-29,Colombia,NA,Bolivar,2180976,219,7,9103,420
2020-06-30,Colombia,NA,Bolivar,2180976,127,7,9230,427
2020-07-01,Colombia,NA,Bolivar,2180976,306,3,9536,430
2020-07-02,Colombia,NA,Bolivar,2180976,253,7,9789,437
2020-07-03,Colombia,NA,Bolivar,2180976,252,13,10041,450
2020-07-04,Colombia,NA,Bolivar,2180976,304,6,10345,456
2020-07-05,Colombia,NA,Bolivar,2180976,392,9,10737,465
2020-07-06,Colombia,NA,Bolivar,2180976,298,4,11035,469
2020-07-07,Colombia,NA,Bolivar,2180976,298,7,11333,476
2020-07-08,Colombia,NA,Bolivar,2180976,402,10,11735,486
2020-07-09,Colombia,NA,Bolivar,2180976,246,6,11981,492
2020-07-10,Colombia,NA,Bolivar,2180976,384,6,12365,498
2020-07-11,Colombia,NA,Bolivar,2180976,416,11,12781,509
2020-07-12,Colombia,NA,Bolivar,2180976,426,9,13207,518
2020-07-13,Colombia,NA,Bolivar,2180976,397,6,13604,524
2020-07-14,Colombia,NA,Bolivar,2180976,445,6,14049,530
2020-07-15,Colombia,NA,Bolivar,2180976,320,6,14369,536
2020-07-16,Colombia,NA,Bolivar,2180976,362,5,14731,541
2020-07-17,Colombia,NA,Bolivar,2180976,134,8,14865,549
2020-07-18,Colombia,NA,Bolivar,2180976,107,4,14972,553
2020-07-19,Colombia,NA,Bolivar,2180976,241,7,15213,560
2020-07-20,Colombia,NA,Bolivar,2180976,149,12,15362,572
2020-07-21,Colombia,NA,Bolivar,2180976,320,3,15682,575
2020-07-22,Colombia,NA,Bolivar,2180976,424,6,16106,581
2020-07-23,Colombia,NA,Bolivar,2180976,277,8,16383,589
2020-07-24,Colombia,NA,Bolivar,2180976,353,9,16736,598
2020-07-25,Colombia,NA,Bolivar,2180976,340,8,17076,606
2020-07-26,Colombia,NA,Bolivar,2180976,138,7,17214,613
2020-07-27,Colombia,NA,Bolivar,2180976,437,5,17651,618
2020-07-28,Colombia,NA,Bolivar,2180976,335,8,17986,626
2020-07-29,Colombia,NA,Bolivar,2180976,362,5,18348,631
2020-07-30,Colombia,NA,Bolivar,2180976,560,6,18908,637
2020-07-31,Colombia,NA,Bolivar,2180976,220,9,19128,646
2020-08-01,Colombia,NA,Bolivar,2180976,139,3,19267,649
2020-08-02,Colombia,NA,Bolivar,2180976,167,10,19434,659
2020-08-03,Colombia,NA,Bolivar,2180976,146,7,19580,666
2020-08-04,Colombia,NA,Bolivar,2180976,234,4,19814,670
2020-08-05,Colombia,NA,Bolivar,2180976,180,6,19994,676
2020-08-06,Colombia,NA,Bolivar,2180976,221,5,20215,681
2020-08-07,Colombia,NA,Bolivar,2180976,227,0,20442,681
2020-08-08,Colombia,NA,Bolivar,2180976,242,2,20684,683
2020-08-09,Colombia,NA,Bolivar,2180976,135,8,20819,691
2020-08-10,Colombia,NA,Bolivar,2180976,196,5,21015,696
2020-08-11,Colombia,NA,Bolivar,2180976,246,2,21261,698
2020-08-12,Colombia,NA,Bolivar,2180976,137,2,21398,700
2020-08-13,Colombia,NA,Bolivar,2180976,297,7,21695,707
2020-08-14,Colombia,NA,Bolivar,2180976,233,2,21928,709
2020-08-15,Colombia,NA,Bolivar,2180976,116,2,22044,711
2020-08-16,Colombia,NA,Bolivar,2180976,183,2,22227,713
2020-08-17,Colombia,NA,Bolivar,2180976,317,2,22544,715
2020-08-18,Colombia,NA,Bolivar,2180976,153,6,22697,721
2020-08-19,Colombia,NA,Bolivar,2180976,64,10,22761,731
2020-08-20,Colombia,NA,Bolivar,2180976,210,3,22971,734
2020-08-21,Colombia,NA,Bolivar,2180976,219,4,23190,738
2020-08-22,Colombia,NA,Bolivar,2180976,136,3,23326,741
2020-08-23,Colombia,NA,Bolivar,2180976,107,4,23433,745
2020-08-24,Colombia,NA,Bolivar,2180976,350,3,23783,748
2020-08-25,Colombia,NA,Bolivar,2180976,313,1,24096,749
2020-08-26,Colombia,NA,Bolivar,2180976,353,4,24449,753
2020-08-27,Colombia,NA,Bolivar,2180976,94,3,24543,756
2020-08-28,Colombia,NA,Bolivar,2180976,187,5,24730,761
2020-08-29,Colombia,NA,Bolivar,2180976,85,0,24815,761
2020-08-30,Colombia,NA,Bolivar,2180976,64,2,24879,763
2020-08-31,Colombia,NA,Bolivar,2180976,188,3,25067,766
2020-09-01,Colombia,NA,Bolivar,2180976,78,4,25145,770
2020-09-02,Colombia,NA,Bolivar,2180976,124,2,25269,772
2020-09-03,Colombia,NA,Bolivar,2180976,66,5,25335,777
2020-09-04,Colombia,NA,Bolivar,2180976,66,3,25401,780
2020-09-05,Colombia,NA,Bolivar,2180976,125,1,25526,781
2020-09-06,Colombia,NA,Bolivar,2180976,49,3,25575,784
2020-09-07,Colombia,NA,Bolivar,2180976,103,3,25678,787
2020-09-08,Colombia,NA,Bolivar,2180976,141,0,25819,787
2020-09-09,Colombia,NA,Bolivar,2180976,444,4,26263,791
2020-09-10,Colombia,NA,Bolivar,2180976,189,0,26452,791
2020-09-11,Colombia,NA,Bolivar,2180976,64,2,26516,793
2020-09-12,Colombia,NA,Bolivar,2180976,256,5,26772,798
2020-09-13,Colombia,NA,Bolivar,2180976,23,0,26795,798
2020-09-14,Colombia,NA,Bolivar,2180976,259,3,27054,801
2020-04-04,Colombia,NA,Boyaca,1242731,7,1,13,1
2020-04-06,Colombia,NA,Boyaca,1242731,0,0,13,1
2020-04-08,Colombia,NA,Boyaca,1242731,6,0,19,1
2020-04-09,Colombia,NA,Boyaca,1242731,5,0,24,1
2020-04-10,Colombia,NA,Boyaca,1242731,4,0,28,1
2020-04-11,Colombia,NA,Boyaca,1242731,3,0,31,1
2020-04-13,Colombia,NA,Boyaca,1242731,0,0,31,1
2020-04-14,Colombia,NA,Boyaca,1242731,0,0,31,1
2020-04-15,Colombia,NA,Boyaca,1242731,0,0,31,1
2020-04-16,Colombia,NA,Boyaca,1242731,1,0,32,1
2020-04-19,Colombia,NA,Boyaca,1242731,0,0,32,1
2020-04-20,Colombia,NA,Boyaca,1242731,1,0,33,1
2020-04-23,Colombia,NA,Boyaca,1242731,0,1,33,2
2020-04-25,Colombia,NA,Boyaca,1242731,0,0,33,2
2020-04-26,Colombia,NA,Boyaca,1242731,2,0,35,2
2020-04-28,Colombia,NA,Boyaca,1242731,2,0,37,2
2020-04-29,Colombia,NA,Boyaca,1242731,0,2,37,4
2020-04-30,Colombia,NA,Boyaca,1242731,2,0,39,4
2020-05-01,Colombia,NA,Boyaca,1242731,7,0,46,4
2020-05-02,Colombia,NA,Boyaca,1242731,1,0,47,4
2020-05-04,Colombia,NA,Boyaca,1242731,11,0,58,4
2020-05-05,Colombia,NA,Boyaca,1242731,2,0,60,4
2020-05-06,Colombia,NA,Boyaca,1242731,0,0,60,4
2020-05-07,Colombia,NA,Boyaca,1242731,1,0,61,4
2020-05-09,Colombia,NA,Boyaca,1242731,0,0,61,4
2020-05-10,Colombia,NA,Boyaca,1242731,6,0,67,4
2020-05-11,Colombia,NA,Boyaca,1242731,10,0,77,4
2020-05-12,Colombia,NA,Boyaca,1242731,2,0,79,4
2020-05-13,Colombia,NA,Boyaca,1242731,8,0,87,4
2020-05-14,Colombia,NA,Boyaca,1242731,1,0,88,4
2020-05-15,Colombia,NA,Boyaca,1242731,0,0,88,4
2020-05-16,Colombia,NA,Boyaca,1242731,17,3,105,7
2020-05-18,Colombia,NA,Boyaca,1242731,3,1,108,8
2020-05-19,Colombia,NA,Boyaca,1242731,12,0,120,8
2020-05-20,Colombia,NA,Boyaca,1242731,6,0,126,8
2020-05-21,Colombia,NA,Boyaca,1242731,10,1,136,9
2020-05-22,Colombia,NA,Boyaca,1242731,8,1,144,10
2020-05-23,Colombia,NA,Boyaca,1242731,8,0,152,10
2020-05-24,Colombia,NA,Boyaca,1242731,7,0,159,10
2020-05-25,Colombia,NA,Boyaca,1242731,3,0,162,10
2020-05-26,Colombia,NA,Boyaca,1242731,4,0,166,10
2020-05-27,Colombia,NA,Boyaca,1242731,11,0,177,10
2020-05-28,Colombia,NA,Boyaca,1242731,4,0,181,10
2020-05-29,Colombia,NA,Boyaca,1242731,8,1,189,11
2020-05-30,Colombia,NA,Boyaca,1242731,1,0,190,11
2020-05-31,Colombia,NA,Boyaca,1242731,21,1,211,12
2020-06-01,Colombia,NA,Boyaca,1242731,0,0,211,12
2020-06-02,Colombia,NA,Boyaca,1242731,0,0,211,12
2020-06-03,Colombia,NA,Boyaca,1242731,2,0,213,12
2020-06-04,Colombia,NA,Boyaca,1242731,6,0,219,12
2020-06-05,Colombia,NA,Boyaca,1242731,2,0,221,12
2020-06-06,Colombia,NA,Boyaca,1242731,2,0,223,12
2020-06-07,Colombia,NA,Boyaca,1242731,0,0,223,12
2020-06-08,Colombia,NA,Boyaca,1242731,2,0,225,12
2020-06-09,Colombia,NA,Boyaca,1242731,2,0,227,12
2020-06-10,Colombia,NA,Boyaca,1242731,4,1,231,13
2020-06-11,Colombia,NA,Boyaca,1242731,4,0,235,13
2020-06-12,Colombia,NA,Boyaca,1242731,0,0,235,13
2020-06-13,Colombia,NA,Boyaca,1242731,5,1,240,14
2020-06-14,Colombia,NA,Boyaca,1242731,5,0,245,14
2020-06-15,Colombia,NA,Boyaca,1242731,5,0,250,14
2020-06-16,Colombia,NA,Boyaca,1242731,5,0,255,14
2020-06-17,Colombia,NA,Boyaca,1242731,6,2,261,16
2020-06-18,Colombia,NA,Boyaca,1242731,4,0,265,16
2020-06-19,Colombia,NA,Boyaca,1242731,24,0,289,16
2020-06-20,Colombia,NA,Boyaca,1242731,7,0,296,16
2020-06-21,Colombia,NA,Boyaca,1242731,8,0,304,16
2020-06-22,Colombia,NA,Boyaca,1242731,4,0,308,16
2020-06-23,Colombia,NA,Boyaca,1242731,5,0,313,16
2020-06-24,Colombia,NA,Boyaca,1242731,18,0,331,16
2020-06-25,Colombia,NA,Boyaca,1242731,5,0,336,16
2020-06-26,Colombia,NA,Boyaca,1242731,5,0,341,16
2020-06-27,Colombia,NA,Boyaca,1242731,9,0,350,16
2020-06-28,Colombia,NA,Boyaca,1242731,4,1,354,17
2020-06-29,Colombia,NA,Boyaca,1242731,3,0,357,17
2020-06-30,Colombia,NA,Boyaca,1242731,8,0,365,17
2020-07-01,Colombia,NA,Boyaca,1242731,14,0,379,17
2020-07-02,Colombia,NA,Boyaca,1242731,17,1,396,18
2020-07-03,Colombia,NA,Boyaca,1242731,7,1,403,19
2020-07-04,Colombia,NA,Boyaca,1242731,10,0,413,19
2020-07-05,Colombia,NA,Boyaca,1242731,16,0,429,19
2020-07-06,Colombia,NA,Boyaca,1242731,6,0,435,19
2020-07-07,Colombia,NA,Boyaca,1242731,12,0,447,19
2020-07-08,Colombia,NA,Boyaca,1242731,3,0,450,19
2020-07-09,Colombia,NA,Boyaca,1242731,15,2,465,21
2020-07-10,Colombia,NA,Boyaca,1242731,21,1,486,22
2020-07-11,Colombia,NA,Boyaca,1242731,11,0,497,22
2020-07-12,Colombia,NA,Boyaca,1242731,12,1,509,23
2020-07-13,Colombia,NA,Boyaca,1242731,18,2,527,25
2020-07-14,Colombia,NA,Boyaca,1242731,6,0,533,25
2020-07-15,Colombia,NA,Boyaca,1242731,10,1,543,26
2020-07-16,Colombia,NA,Boyaca,1242731,72,0,615,26
2020-07-17,Colombia,NA,Boyaca,1242731,7,2,622,28
2020-07-18,Colombia,NA,Boyaca,1242731,21,2,643,30
2020-07-19,Colombia,NA,Boyaca,1242731,14,0,657,30
2020-07-20,Colombia,NA,Boyaca,1242731,0,1,657,31
2020-07-21,Colombia,NA,Boyaca,1242731,8,2,665,33
2020-07-22,Colombia,NA,Boyaca,1242731,48,0,713,33
2020-07-23,Colombia,NA,Boyaca,1242731,26,1,739,34
2020-07-24,Colombia,NA,Boyaca,1242731,28,1,767,35
2020-07-25,Colombia,NA,Boyaca,1242731,30,0,797,35
2020-07-26,Colombia,NA,Boyaca,1242731,27,0,824,35
2020-07-27,Colombia,NA,Boyaca,1242731,33,1,857,36
2020-07-28,Colombia,NA,Boyaca,1242731,83,3,940,39
2020-07-29,Colombia,NA,Boyaca,1242731,62,0,1002,39
2020-07-30,Colombia,NA,Boyaca,1242731,53,1,1055,40
2020-07-31,Colombia,NA,Boyaca,1242731,47,1,1102,41
2020-08-01,Colombia,NA,Boyaca,1242731,57,2,1159,43
2020-08-02,Colombia,NA,Boyaca,1242731,56,0,1215,43
2020-08-03,Colombia,NA,Boyaca,1242731,29,2,1244,45
2020-08-04,Colombia,NA,Boyaca,1242731,73,1,1317,46
2020-08-05,Colombia,NA,Boyaca,1242731,65,3,1382,49
2020-08-06,Colombia,NA,Boyaca,1242731,68,1,1450,50
2020-08-07,Colombia,NA,Boyaca,1242731,76,1,1526,51
2020-08-08,Colombia,NA,Boyaca,1242731,28,4,1554,55
2020-08-09,Colombia,NA,Boyaca,1242731,112,1,1666,56
2020-08-10,Colombia,NA,Boyaca,1242731,70,2,1736,58
2020-08-11,Colombia,NA,Boyaca,1242731,47,3,1783,61
2020-08-12,Colombia,NA,Boyaca,1242731,107,2,1890,63
2020-08-13,Colombia,NA,Boyaca,1242731,100,3,1990,66
2020-08-14,Colombia,NA,Boyaca,1242731,121,3,2111,69
2020-08-15,Colombia,NA,Boyaca,1242731,101,0,2212,69
2020-08-16,Colombia,NA,Boyaca,1242731,90,1,2302,70
2020-08-17,Colombia,NA,Boyaca,1242731,69,2,2371,72
2020-08-18,Colombia,NA,Boyaca,1242731,85,1,2456,73
2020-08-19,Colombia,NA,Boyaca,1242731,66,0,2522,73
2020-08-20,Colombia,NA,Boyaca,1242731,281,5,2803,78
2020-08-21,Colombia,NA,Boyaca,1242731,199,1,3002,79
2020-08-22,Colombia,NA,Boyaca,1242731,128,0,3130,79
2020-08-23,Colombia,NA,Boyaca,1242731,90,2,3220,81
2020-08-24,Colombia,NA,Boyaca,1242731,119,1,3339,82
2020-08-25,Colombia,NA,Boyaca,1242731,75,0,3414,82
2020-08-26,Colombia,NA,Boyaca,1242731,75,4,3489,86
2020-08-27,Colombia,NA,Boyaca,1242731,142,4,3631,90
2020-08-28,Colombia,NA,Boyaca,1242731,102,4,3733,94
2020-08-29,Colombia,NA,Boyaca,1242731,81,2,3814,96
2020-08-30,Colombia,NA,Boyaca,1242731,60,3,3874,99
2020-08-31,Colombia,NA,Boyaca,1242731,69,1,3943,100
2020-09-01,Colombia,NA,Boyaca,1242731,136,0,4079,100
2020-09-02,Colombia,NA,Boyaca,1242731,163,5,4242,105
2020-09-03,Colombia,NA,Boyaca,1242731,61,0,4303,105
2020-09-04,Colombia,NA,Boyaca,1242731,168,3,4471,108
2020-09-05,Colombia,NA,Boyaca,1242731,101,2,4572,110
2020-09-06,Colombia,NA,Boyaca,1242731,66,3,4638,113
2020-09-07,Colombia,NA,Boyaca,1242731,114,2,4752,115
2020-09-08,Colombia,NA,Boyaca,1242731,108,4,4860,119
2020-09-09,Colombia,NA,Boyaca,1242731,92,2,4952,121
2020-09-10,Colombia,NA,Boyaca,1242731,119,2,5071,123
2020-09-11,Colombia,NA,Boyaca,1242731,64,2,5135,125
2020-09-12,Colombia,NA,Boyaca,1242731,123,2,5258,127
2020-09-13,Colombia,NA,Boyaca,1242731,196,1,5454,128
2020-09-14,Colombia,NA,Boyaca,1242731,68,0,5522,128
2020-03-25,Colombia,NA,Caldas,1018453,2,0,11,0
2020-03-26,Colombia,NA,Caldas,1018453,0,0,11,0
2020-03-27,Colombia,NA,Caldas,1018453,1,0,12,0
2020-03-28,Colombia,NA,Caldas,1018453,1,0,13,0
2020-03-29,Colombia,NA,Caldas,1018453,1,0,14,0
2020-03-30,Colombia,NA,Caldas,1018453,1,0,15,0
2020-03-31,Colombia,NA,Caldas,1018453,0,0,15,0
2020-04-01,Colombia,NA,Caldas,1018453,0,1,15,1
2020-04-02,Colombia,NA,Caldas,1018453,1,0,16,1
2020-04-04,Colombia,NA,Caldas,1018453,0,0,16,1
2020-04-05,Colombia,NA,Caldas,1018453,0,0,16,1
2020-04-08,Colombia,NA,Caldas,1018453,3,0,19,1
2020-04-09,Colombia,NA,Caldas,1018453,5,0,24,1
2020-04-10,Colombia,NA,Caldas,1018453,1,0,25,1
2020-04-11,Colombia,NA,Caldas,1018453,8,1,33,2
2020-04-12,Colombia,NA,Caldas,1018453,1,0,34,2
2020-04-13,Colombia,NA,Caldas,1018453,2,0,36,2
2020-04-15,Colombia,NA,Caldas,1018453,6,0,42,2
2020-04-16,Colombia,NA,Caldas,1018453,2,0,44,2
2020-04-17,Colombia,NA,Caldas,1018453,3,0,47,2
2020-04-19,Colombia,NA,Caldas,1018453,0,0,47,2
2020-04-20,Colombia,NA,Caldas,1018453,2,0,49,2
2020-04-21,Colombia,NA,Caldas,1018453,0,0,49,2
2020-04-23,Colombia,NA,Caldas,1018453,0,0,49,2
2020-04-24,Colombia,NA,Caldas,1018453,3,0,52,2
2020-04-26,Colombia,NA,Caldas,1018453,1,0,53,2
2020-04-27,Colombia,NA,Caldas,1018453,0,0,53,2
2020-04-28,Colombia,NA,Caldas,1018453,3,0,56,2
2020-04-29,Colombia,NA,Caldas,1018453,3,0,59,2
2020-04-30,Colombia,NA,Caldas,1018453,10,0,69,2
2020-05-02,Colombia,NA,Caldas,1018453,10,0,79,2
2020-05-03,Colombia,NA,Caldas,1018453,0,1,79,3
2020-05-05,Colombia,NA,Caldas,1018453,12,0,91,3
2020-05-06,Colombia,NA,Caldas,1018453,3,0,94,3
2020-05-07,Colombia,NA,Caldas,1018453,0,0,94,3
2020-05-08,Colombia,NA,Caldas,1018453,0,1,94,4
2020-05-09,Colombia,NA,Caldas,1018453,6,1,100,5
2020-05-10,Colombia,NA,Caldas,1018453,0,0,100,5
2020-05-11,Colombia,NA,Caldas,1018453,0,0,100,5
2020-05-12,Colombia,NA,Caldas,1018453,4,0,104,5
2020-05-13,Colombia,NA,Caldas,1018453,0,0,104,5
2020-05-14,Colombia,NA,Caldas,1018453,4,0,108,5
2020-05-15,Colombia,NA,Caldas,1018453,1,0,109,5
2020-05-16,Colombia,NA,Caldas,1018453,10,0,119,5
2020-05-17,Colombia,NA,Caldas,1018453,1,0,120,5
2020-05-18,Colombia,NA,Caldas,1018453,0,0,120,5
2020-05-19,Colombia,NA,Caldas,1018453,0,0,120,5
2020-05-20,Colombia,NA,Caldas,1018453,6,0,126,5
2020-05-21,Colombia,NA,Caldas,1018453,0,0,126,5
2020-05-22,Colombia,NA,Caldas,1018453,0,0,126,5
2020-05-23,Colombia,NA,Caldas,1018453,1,0,127,5
2020-05-24,Colombia,NA,Caldas,1018453,1,1,128,6
2020-05-25,Colombia,NA,Caldas,1018453,0,0,128,6
2020-05-26,Colombia,NA,Caldas,1018453,2,0,130,6
2020-05-27,Colombia,NA,Caldas,1018453,4,0,134,6
2020-05-28,Colombia,NA,Caldas,1018453,1,0,135,6
2020-05-29,Colombia,NA,Caldas,1018453,0,0,135,6
2020-05-30,Colombia,NA,Caldas,1018453,0,0,135,6
2020-05-31,Colombia,NA,Caldas,1018453,0,0,135,6
2020-06-01,Colombia,NA,Caldas,1018453,3,0,138,6
2020-06-02,Colombia,NA,Caldas,1018453,8,0,146,6
2020-06-03,Colombia,NA,Caldas,1018453,11,1,157,7
2020-06-04,Colombia,NA,Caldas,1018453,5,0,162,7
2020-06-05,Colombia,NA,Caldas,1018453,2,0,164,7
2020-06-06,Colombia,NA,Caldas,1018453,9,0,173,7
2020-06-07,Colombia,NA,Caldas,1018453,3,0,176,7
2020-06-09,Colombia,NA,Caldas,1018453,4,0,180,7
2020-06-10,Colombia,NA,Caldas,1018453,5,0,185,7
2020-06-11,Colombia,NA,Caldas,1018453,3,0,188,7
2020-06-12,Colombia,NA,Caldas,1018453,3,0,191,7
2020-06-13,Colombia,NA,Caldas,1018453,1,0,192,7
2020-06-14,Colombia,NA,Caldas,1018453,5,0,197,7
2020-06-15,Colombia,NA,Caldas,1018453,4,0,201,7
2020-06-16,Colombia,NA,Caldas,1018453,5,0,206,7
2020-06-17,Colombia,NA,Caldas,1018453,0,0,206,7
2020-06-18,Colombia,NA,Caldas,1018453,2,0,208,7
2020-06-19,Colombia,NA,Caldas,1018453,4,0,212,7
2020-06-20,Colombia,NA,Caldas,1018453,5,0,217,7
2020-06-21,Colombia,NA,Caldas,1018453,2,0,219,7
2020-06-22,Colombia,NA,Caldas,1018453,13,0,232,7
2020-06-23,Colombia,NA,Caldas,1018453,6,0,238,7
2020-06-24,Colombia,NA,Caldas,1018453,1,0,239,7
2020-06-25,Colombia,NA,Caldas,1018453,2,0,241,7
2020-06-26,Colombia,NA,Caldas,1018453,3,0,244,7
2020-06-27,Colombia,NA,Caldas,1018453,1,0,245,7
2020-06-28,Colombia,NA,Caldas,1018453,12,0,257,7
2020-06-29,Colombia,NA,Caldas,1018453,2,0,259,7
2020-06-30,Colombia,NA,Caldas,1018453,1,0,260,7
2020-07-01,Colombia,NA,Caldas,1018453,4,1,264,8
2020-07-02,Colombia,NA,Caldas,1018453,3,0,267,8
2020-07-03,Colombia,NA,Caldas,1018453,1,0,268,8
2020-07-04,Colombia,NA,Caldas,1018453,3,0,271,8
2020-07-05,Colombia,NA,Caldas,1018453,0,0,271,8
2020-07-06,Colombia,NA,Caldas,1018453,2,0,273,8
2020-07-07,Colombia,NA,Caldas,1018453,5,0,278,8
2020-07-08,Colombia,NA,Caldas,1018453,1,0,279,8
2020-07-09,Colombia,NA,Caldas,1018453,8,0,287,8
2020-07-10,Colombia,NA,Caldas,1018453,7,0,294,8
2020-07-11,Colombia,NA,Caldas,1018453,0,0,294,8
2020-07-12,Colombia,NA,Caldas,1018453,8,0,302,8
2020-07-13,Colombia,NA,Caldas,1018453,0,0,302,8
2020-07-14,Colombia,NA,Caldas,1018453,10,2,312,10
2020-07-15,Colombia,NA,Caldas,1018453,10,0,322,10
2020-07-16,Colombia,NA,Caldas,1018453,10,0,332,10
2020-07-17,Colombia,NA,Caldas,1018453,35,0,367,10
2020-07-18,Colombia,NA,Caldas,1018453,28,0,395,10
2020-07-19,Colombia,NA,Caldas,1018453,1,1,396,11
2020-07-20,Colombia,NA,Caldas,1018453,9,2,405,13
2020-07-21,Colombia,NA,Caldas,1018453,71,1,476,14
2020-07-22,Colombia,NA,Caldas,1018453,82,0,558,14
2020-07-23,Colombia,NA,Caldas,1018453,29,1,587,15
2020-07-24,Colombia,NA,Caldas,1018453,59,0,646,15
2020-07-25,Colombia,NA,Caldas,1018453,67,0,713,15
2020-07-26,Colombia,NA,Caldas,1018453,7,1,720,16
2020-07-27,Colombia,NA,Caldas,1018453,7,0,727,16
2020-07-28,Colombia,NA,Caldas,1018453,66,1,793,17
2020-07-29,Colombia,NA,Caldas,1018453,59,3,852,20
2020-07-30,Colombia,NA,Caldas,1018453,90,1,942,21
2020-07-31,Colombia,NA,Caldas,1018453,49,1,991,22
2020-08-01,Colombia,NA,Caldas,1018453,29,2,1020,24
2020-08-02,Colombia,NA,Caldas,1018453,12,1,1032,25
2020-08-03,Colombia,NA,Caldas,1018453,25,0,1057,25
2020-08-04,Colombia,NA,Caldas,1018453,89,0,1146,25
2020-08-05,Colombia,NA,Caldas,1018453,17,1,1163,26
2020-08-06,Colombia,NA,Caldas,1018453,19,2,1182,28
2020-08-07,Colombia,NA,Caldas,1018453,35,1,1217,29
2020-08-08,Colombia,NA,Caldas,1018453,93,2,1310,31
2020-08-09,Colombia,NA,Caldas,1018453,77,2,1387,33
2020-08-10,Colombia,NA,Caldas,1018453,30,2,1417,35
2020-08-11,Colombia,NA,Caldas,1018453,40,1,1457,36
2020-08-12,Colombia,NA,Caldas,1018453,32,0,1489,36
2020-08-13,Colombia,NA,Caldas,1018453,61,2,1550,38
2020-08-14,Colombia,NA,Caldas,1018453,47,2,1597,40
2020-08-15,Colombia,NA,Caldas,1018453,70,0,1667,40
2020-08-16,Colombia,NA,Caldas,1018453,20,1,1687,41
2020-08-17,Colombia,NA,Caldas,1018453,70,3,1757,44
2020-08-18,Colombia,NA,Caldas,1018453,77,3,1834,47
2020-08-19,Colombia,NA,Caldas,1018453,126,0,1960,47
2020-08-20,Colombia,NA,Caldas,1018453,175,1,2135,48
2020-08-21,Colombia,NA,Caldas,1018453,90,4,2225,52
2020-08-22,Colombia,NA,Caldas,1018453,81,1,2306,53
2020-08-23,Colombia,NA,Caldas,1018453,55,3,2361,56
2020-08-24,Colombia,NA,Caldas,1018453,99,2,2460,58
2020-08-25,Colombia,NA,Caldas,1018453,84,2,2544,60
2020-08-26,Colombia,NA,Caldas,1018453,66,4,2610,64
2020-08-27,Colombia,NA,Caldas,1018453,90,3,2700,67
2020-08-28,Colombia,NA,Caldas,1018453,118,1,2818,68
2020-08-29,Colombia,NA,Caldas,1018453,63,6,2881,74
2020-08-30,Colombia,NA,Caldas,1018453,81,2,2962,76
2020-08-31,Colombia,NA,Caldas,1018453,53,1,3015,77
2020-09-01,Colombia,NA,Caldas,1018453,62,3,3077,80
2020-09-02,Colombia,NA,Caldas,1018453,122,8,3199,88
2020-09-03,Colombia,NA,Caldas,1018453,47,3,3246,91
2020-09-04,Colombia,NA,Caldas,1018453,75,2,3321,93
2020-09-05,Colombia,NA,Caldas,1018453,69,1,3390,94
2020-09-06,Colombia,NA,Caldas,1018453,66,3,3456,97
2020-09-07,Colombia,NA,Caldas,1018453,76,1,3532,98
2020-09-08,Colombia,NA,Caldas,1018453,65,4,3597,102
2020-09-09,Colombia,NA,Caldas,1018453,64,1,3661,103
2020-09-10,Colombia,NA,Caldas,1018453,156,1,3817,104
2020-09-11,Colombia,NA,Caldas,1018453,76,2,3893,106
2020-09-12,Colombia,NA,Caldas,1018453,121,2,4014,108
2020-09-13,Colombia,NA,Caldas,1018453,53,2,4067,110
2020-09-14,Colombia,NA,Caldas,1018453,112,0,4179,110
2020-05-05,Colombia,NA,Caqueta,410521,6,0,15,1
2020-05-10,Colombia,NA,Caqueta,410521,1,0,16,1
2020-05-12,Colombia,NA,Caqueta,410521,1,0,17,1
2020-05-13,Colombia,NA,Caqueta,410521,2,0,19,1
2020-05-14,Colombia,NA,Caqueta,410521,0,0,19,1
2020-05-15,Colombia,NA,Caqueta,410521,0,0,19,1
2020-05-16,Colombia,NA,Caqueta,410521,1,0,20,1
2020-05-18,Colombia,NA,Caqueta,410521,1,0,21,1
2020-05-20,Colombia,NA,Caqueta,410521,0,0,21,1
2020-05-22,Colombia,NA,Caqueta,410521,0,0,21,1
2020-05-25,Colombia,NA,Caqueta,410521,1,0,22,1
2020-05-26,Colombia,NA,Caqueta,410521,2,0,24,1
2020-05-28,Colombia,NA,Caqueta,410521,0,0,24,1
2020-05-31,Colombia,NA,Caqueta,410521,0,0,24,1
2020-06-02,Colombia,NA,Caqueta,410521,0,0,24,1
2020-06-03,Colombia,NA,Caqueta,410521,0,0,24,1
2020-06-05,Colombia,NA,Caqueta,410521,0,0,24,1
2020-06-07,Colombia,NA,Caqueta,410521,1,0,25,1
2020-06-08,Colombia,NA,Caqueta,410521,0,0,25,1
2020-06-18,Colombia,NA,Caqueta,410521,1,0,26,1
2020-06-19,Colombia,NA,Caqueta,410521,0,0,26,1
2020-06-27,Colombia,NA,Caqueta,410521,5,0,31,1
2020-06-28,Colombia,NA,Caqueta,410521,4,0,35,1
2020-07-01,Colombia,NA,Caqueta,410521,4,0,39,1
2020-07-02,Colombia,NA,Caqueta,410521,4,0,43,1
2020-07-04,Colombia,NA,Caqueta,410521,11,0,54,1
2020-07-05,Colombia,NA,Caqueta,410521,1,1,55,2
2020-07-06,Colombia,NA,Caqueta,410521,5,0,60,2
2020-07-07,Colombia,NA,Caqueta,410521,5,1,65,3
2020-07-08,Colombia,NA,Caqueta,410521,13,1,78,4
2020-07-09,Colombia,NA,Caqueta,410521,1,0,79,4
2020-07-10,Colombia,NA,Caqueta,410521,9,0,88,4
2020-07-11,Colombia,NA,Caqueta,410521,14,1,102,5
2020-07-12,Colombia,NA,Caqueta,410521,17,0,119,5
2020-07-13,Colombia,NA,Caqueta,410521,13,1,132,6
2020-07-14,Colombia,NA,Caqueta,410521,3,1,135,7
2020-07-15,Colombia,NA,Caqueta,410521,54,0,189,7
2020-07-16,Colombia,NA,Caqueta,410521,87,0,276,7
2020-07-17,Colombia,NA,Caqueta,410521,36,1,312,8
2020-07-18,Colombia,NA,Caqueta,410521,113,2,425,10
2020-07-19,Colombia,NA,Caqueta,410521,93,1,518,11
2020-07-20,Colombia,NA,Caqueta,410521,44,1,562,12
2020-07-21,Colombia,NA,Caqueta,410521,13,0,575,12
2020-07-22,Colombia,NA,Caqueta,410521,17,2,592,14
2020-07-23,Colombia,NA,Caqueta,410521,17,1,609,15
2020-07-24,Colombia,NA,Caqueta,410521,122,2,731,17
2020-07-25,Colombia,NA,Caqueta,410521,71,3,802,20
2020-07-26,Colombia,NA,Caqueta,410521,108,2,910,22
2020-07-27,Colombia,NA,Caqueta,410521,94,2,1004,24
2020-07-28,Colombia,NA,Caqueta,410521,106,1,1110,25
2020-07-29,Colombia,NA,Caqueta,410521,98,6,1208,31
2020-07-30,Colombia,NA,Caqueta,410521,109,6,1317,37
2020-07-31,Colombia,NA,Caqueta,410521,180,7,1497,44
2020-08-01,Colombia,NA,Caqueta,410521,139,4,1636,48
2020-08-02,Colombia,NA,Caqueta,410521,145,1,1781,49
2020-08-03,Colombia,NA,Caqueta,410521,111,3,1892,52
2020-08-04,Colombia,NA,Caqueta,410521,203,3,2095,55
2020-08-05,Colombia,NA,Caqueta,410521,107,6,2202,61
2020-08-06,Colombia,NA,Caqueta,410521,133,5,2335,66
2020-08-07,Colombia,NA,Caqueta,410521,166,7,2501,73
2020-08-08,Colombia,NA,Caqueta,410521,227,7,2728,80
2020-08-09,Colombia,NA,Caqueta,410521,155,11,2883,91
2020-08-10,Colombia,NA,Caqueta,410521,145,9,3028,100
2020-08-11,Colombia,NA,Caqueta,410521,226,7,3254,107
2020-08-12,Colombia,NA,Caqueta,410521,198,6,3452,113
2020-08-13,Colombia,NA,Caqueta,410521,198,12,3650,125
2020-08-14,Colombia,NA,Caqueta,410521,215,13,3865,138
2020-08-15,Colombia,NA,Caqueta,410521,209,3,4074,141
2020-08-16,Colombia,NA,Caqueta,410521,258,7,4332,148
2020-08-17,Colombia,NA,Caqueta,410521,112,5,4444,153
2020-08-18,Colombia,NA,Caqueta,410521,84,14,4528,167
2020-08-19,Colombia,NA,Caqueta,410521,67,11,4595,178
2020-08-20,Colombia,NA,Caqueta,410521,147,8,4742,186
2020-08-21,Colombia,NA,Caqueta,410521,154,7,4896,193
2020-08-22,Colombia,NA,Caqueta,410521,77,5,4973,198
2020-08-23,Colombia,NA,Caqueta,410521,227,4,5200,202
2020-08-24,Colombia,NA,Caqueta,410521,70,2,5270,204
2020-08-25,Colombia,NA,Caqueta,410521,176,4,5446,208
2020-08-26,Colombia,NA,Caqueta,410521,179,0,5625,208
2020-08-27,Colombia,NA,Caqueta,410521,199,4,5824,212
2020-08-28,Colombia,NA,Caqueta,410521,143,7,5967,219
2020-08-29,Colombia,NA,Caqueta,410521,35,2,6002,221
2020-08-30,Colombia,NA,Caqueta,410521,78,3,6080,224
2020-08-31,Colombia,NA,Caqueta,410521,180,7,6260,231
2020-09-01,Colombia,NA,Caqueta,410521,71,4,6331,235
2020-09-02,Colombia,NA,Caqueta,410521,131,1,6462,236
2020-09-03,Colombia,NA,Caqueta,410521,176,5,6638,241
2020-09-04,Colombia,NA,Caqueta,410521,56,1,6694,242
2020-09-05,Colombia,NA,Caqueta,410521,219,6,6913,248
2020-09-06,Colombia,NA,Caqueta,410521,6,7,6919,255
2020-09-07,Colombia,NA,Caqueta,410521,137,6,7056,261
2020-09-08,Colombia,NA,Caqueta,410521,80,4,7136,265
2020-09-09,Colombia,NA,Caqueta,410521,69,1,7205,266
2020-09-10,Colombia,NA,Caqueta,410521,69,3,7274,269
2020-09-11,Colombia,NA,Caqueta,410521,12,5,7286,274
2020-09-12,Colombia,NA,Caqueta,410521,30,5,7316,279
2020-09-13,Colombia,NA,Caqueta,410521,1,2,7317,281
2020-09-14,Colombia,NA,Caqueta,410521,26,1,7343,282
2020-04-24,Colombia,NA,Casanare,435195,1,0,11,0
2020-04-28,Colombia,NA,Casanare,435195,5,0,16,0
2020-04-29,Colombia,NA,Casanare,435195,2,0,18,0
2020-05-03,Colombia,NA,Casanare,435195,1,0,19,0
2020-05-04,Colombia,NA,Casanare,435195,1,0,20,0
2020-05-05,Colombia,NA,Casanare,435195,0,0,20,0
2020-05-06,Colombia,NA,Casanare,435195,0,0,20,0
2020-05-07,Colombia,NA,Casanare,435195,0,0,20,0
2020-05-10,Colombia,NA,Casanare,435195,1,0,21,0
2020-05-12,Colombia,NA,Casanare,435195,0,0,21,0
2020-05-13,Colombia,NA,Casanare,435195,4,0,25,0
2020-05-19,Colombia,NA,Casanare,435195,0,0,25,0
2020-05-20,Colombia,NA,Casanare,435195,1,0,26,0
2020-05-21,Colombia,NA,Casanare,435195,0,0,26,0
2020-05-23,Colombia,NA,Casanare,435195,0,0,26,0
2020-05-25,Colombia,NA,Casanare,435195,6,0,32,0
2020-05-26,Colombia,NA,Casanare,435195,0,0,32,0
2020-05-27,Colombia,NA,Casanare,435195,1,0,33,0
2020-05-28,Colombia,NA,Casanare,435195,0,0,33,0
2020-05-29,Colombia,NA,Casanare,435195,1,0,34,0
2020-05-31,Colombia,NA,Casanare,435195,1,0,35,0
2020-06-03,Colombia,NA,Casanare,435195,0,0,35,0
2020-06-04,Colombia,NA,Casanare,435195,1,0,36,0
2020-06-05,Colombia,NA,Casanare,435195,0,0,36,0
2020-06-06,Colombia,NA,Casanare,435195,0,0,36,0
2020-06-11,Colombia,NA,Casanare,435195,0,0,36,0
2020-06-12,Colombia,NA,Casanare,435195,1,0,37,0
2020-06-14,Colombia,NA,Casanare,435195,1,0,38,0
2020-06-17,Colombia,NA,Casanare,435195,2,0,40,0
2020-06-18,Colombia,NA,Casanare,435195,2,0,42,0
2020-06-19,Colombia,NA,Casanare,435195,9,0,51,0
2020-06-20,Colombia,NA,Casanare,435195,1,0,52,0
2020-06-21,Colombia,NA,Casanare,435195,3,0,55,0
2020-06-22,Colombia,NA,Casanare,435195,2,0,57,0
2020-06-23,Colombia,NA,Casanare,435195,1,0,58,0
2020-06-24,Colombia,NA,Casanare,435195,3,0,61,0
2020-06-25,Colombia,NA,Casanare,435195,3,0,64,0
2020-06-26,Colombia,NA,Casanare,435195,1,0,65,0
2020-06-27,Colombia,NA,Casanare,435195,1,0,66,0
2020-06-29,Colombia,NA,Casanare,435195,0,0,66,0
2020-06-30,Colombia,NA,Casanare,435195,0,0,66,0
2020-07-01,Colombia,NA,Casanare,435195,2,0,68,0
2020-07-02,Colombia,NA,Casanare,435195,2,0,70,0
2020-07-03,Colombia,NA,Casanare,435195,15,0,85,0
2020-07-04,Colombia,NA,Casanare,435195,0,0,85,0
2020-07-05,Colombia,NA,Casanare,435195,2,0,87,0
2020-07-06,Colombia,NA,Casanare,435195,2,0,89,0
2020-07-08,Colombia,NA,Casanare,435195,2,1,91,1
2020-07-09,Colombia,NA,Casanare,435195,7,0,98,1
2020-07-10,Colombia,NA,Casanare,435195,15,0,113,1
2020-07-11,Colombia,NA,Casanare,435195,5,0,118,1
2020-07-12,Colombia,NA,Casanare,435195,2,1,120,2
2020-07-13,Colombia,NA,Casanare,435195,13,0,133,2
2020-07-14,Colombia,NA,Casanare,435195,10,0,143,2
2020-07-15,Colombia,NA,Casanare,435195,4,0,147,2
2020-07-16,Colombia,NA,Casanare,435195,3,0,150,2
2020-07-17,Colombia,NA,Casanare,435195,3,0,153,2
2020-07-18,Colombia,NA,Casanare,435195,9,0,162,2
2020-07-19,Colombia,NA,Casanare,435195,23,1,185,3
2020-07-20,Colombia,NA,Casanare,435195,6,0,191,3
2020-07-21,Colombia,NA,Casanare,435195,7,1,198,4
2020-07-22,Colombia,NA,Casanare,435195,10,1,208,5
2020-07-23,Colombia,NA,Casanare,435195,6,0,214,5
2020-07-24,Colombia,NA,Casanare,435195,12,1,226,6
2020-07-25,Colombia,NA,Casanare,435195,11,0,237,6
2020-07-26,Colombia,NA,Casanare,435195,27,1,264,7
2020-07-27,Colombia,NA,Casanare,435195,17,0,281,7
2020-07-28,Colombia,NA,Casanare,435195,10,0,291,7
2020-07-29,Colombia,NA,Casanare,435195,25,2,316,9
2020-07-30,Colombia,NA,Casanare,435195,9,0,325,9
2020-07-31,Colombia,NA,Casanare,435195,8,1,333,10
2020-08-01,Colombia,NA,Casanare,435195,19,0,352,10
2020-08-02,Colombia,NA,Casanare,435195,14,2,366,12
2020-08-03,Colombia,NA,Casanare,435195,12,0,378,12
2020-08-04,Colombia,NA,Casanare,435195,32,0,410,12
2020-08-05,Colombia,NA,Casanare,435195,13,0,423,12
2020-08-06,Colombia,NA,Casanare,435195,15,2,438,14
2020-08-07,Colombia,NA,Casanare,435195,17,0,455,14
2020-08-08,Colombia,NA,Casanare,435195,15,0,470,14
2020-08-09,Colombia,NA,Casanare,435195,49,1,519,15
2020-08-10,Colombia,NA,Casanare,435195,13,0,532,15
2020-08-11,Colombia,NA,Casanare,435195,15,1,547,16
2020-08-12,Colombia,NA,Casanare,435195,47,1,594,17
2020-08-13,Colombia,NA,Casanare,435195,22,0,616,17
2020-08-14,Colombia,NA,Casanare,435195,28,0,644,17
2020-08-15,Colombia,NA,Casanare,435195,29,3,673,20
2020-08-16,Colombia,NA,Casanare,435195,23,1,696,21
2020-08-17,Colombia,NA,Casanare,435195,15,1,711,22
2020-08-18,Colombia,NA,Casanare,435195,51,0,762,22
2020-08-19,Colombia,NA,Casanare,435195,17,0,779,22
2020-08-20,Colombia,NA,Casanare,435195,31,2,810,24
2020-08-21,Colombia,NA,Casanare,435195,38,0,848,24
2020-08-22,Colombia,NA,Casanare,435195,26,0,874,24
2020-08-23,Colombia,NA,Casanare,435195,18,1,892,25
2020-08-24,Colombia,NA,Casanare,435195,23,0,915,25
2020-08-25,Colombia,NA,Casanare,435195,28,1,943,26
2020-08-26,Colombia,NA,Casanare,435195,19,0,962,26
2020-08-27,Colombia,NA,Casanare,435195,30,1,992,27
2020-08-28,Colombia,NA,Casanare,435195,27,2,1019,29
2020-08-29,Colombia,NA,Casanare,435195,19,0,1038,29
2020-08-30,Colombia,NA,Casanare,435195,28,0,1066,29
2020-08-31,Colombia,NA,Casanare,435195,25,0,1091,29
2020-09-01,Colombia,NA,Casanare,435195,42,0,1133,29
2020-09-02,Colombia,NA,Casanare,435195,28,2,1161,31
2020-09-03,Colombia,NA,Casanare,435195,18,1,1179,32
2020-09-04,Colombia,NA,Casanare,435195,69,1,1248,33
2020-09-05,Colombia,NA,Casanare,435195,29,1,1277,34
2020-09-06,Colombia,NA,Casanare,435195,20,2,1297,36
2020-09-07,Colombia,NA,Casanare,435195,32,0,1329,36
2020-09-08,Colombia,NA,Casanare,435195,38,0,1367,36
2020-09-09,Colombia,NA,Casanare,435195,47,1,1414,37
2020-09-10,Colombia,NA,Casanare,435195,63,0,1477,37
2020-09-11,Colombia,NA,Casanare,435195,43,1,1520,38
2020-09-12,Colombia,NA,Casanare,435195,30,1,1550,39
2020-09-13,Colombia,NA,Casanare,435195,18,0,1568,39
2020-09-14,Colombia,NA,Casanare,435195,29,1,1597,40
2020-04-01,Colombia,NA,Cauca,1491937,3,0,12,2
2020-04-06,Colombia,NA,Cauca,1491937,1,0,13,2
2020-04-07,Colombia,NA,Cauca,1491937,1,0,14,2
2020-04-08,Colombia,NA,Cauca,1491937,1,0,15,2
2020-04-09,Colombia,NA,Cauca,1491937,1,0,16,2
2020-04-10,Colombia,NA,Cauca,1491937,3,1,19,3
2020-04-11,Colombia,NA,Cauca,1491937,1,0,20,3
2020-04-14,Colombia,NA,Cauca,1491937,1,0,21,3
2020-04-16,Colombia,NA,Cauca,1491937,2,0,23,3
2020-04-17,Colombia,NA,Cauca,1491937,1,0,24,3
2020-04-19,Colombia,NA,Cauca,1491937,0,0,24,3
2020-04-22,Colombia,NA,Cauca,1491937,1,0,25,3
2020-04-23,Colombia,NA,Cauca,1491937,1,0,26,3
2020-04-24,Colombia,NA,Cauca,1491937,0,1,26,4
2020-04-25,Colombia,NA,Cauca,1491937,1,0,27,4
2020-04-26,Colombia,NA,Cauca,1491937,1,0,28,4
2020-04-27,Colombia,NA,Cauca,1491937,4,0,32,4
2020-04-28,Colombia,NA,Cauca,1491937,3,0,35,4
2020-04-29,Colombia,NA,Cauca,1491937,1,0,36,4
2020-04-30,Colombia,NA,Cauca,1491937,0,0,36,4
2020-05-03,Colombia,NA,Cauca,1491937,0,0,36,4
2020-05-04,Colombia,NA,Cauca,1491937,1,0,37,4
2020-05-05,Colombia,NA,Cauca,1491937,4,0,41,4
2020-05-06,Colombia,NA,Cauca,1491937,0,0,41,4
2020-05-07,Colombia,NA,Cauca,1491937,0,0,41,4
2020-05-08,Colombia,NA,Cauca,1491937,1,0,42,4
2020-05-09,Colombia,NA,Cauca,1491937,0,0,42,4
2020-05-10,Colombia,NA,Cauca,1491937,5,0,47,4
2020-05-11,Colombia,NA,Cauca,1491937,4,0,51,4
2020-05-12,Colombia,NA,Cauca,1491937,2,0,53,4
2020-05-13,Colombia,NA,Cauca,1491937,1,0,54,4
2020-05-15,Colombia,NA,Cauca,1491937,7,0,61,4
2020-05-16,Colombia,NA,Cauca,1491937,0,0,61,4
2020-05-17,Colombia,NA,Cauca,1491937,3,0,64,4
2020-05-18,Colombia,NA,Cauca,1491937,0,0,64,4
2020-05-19,Colombia,NA,Cauca,1491937,0,0,64,4
2020-05-20,Colombia,NA,Cauca,1491937,2,0,66,4
2020-05-21,Colombia,NA,Cauca,1491937,1,0,67,4
2020-05-22,Colombia,NA,Cauca,1491937,5,0,72,4
2020-05-23,Colombia,NA,Cauca,1491937,2,0,74,4
2020-05-24,Colombia,NA,Cauca,1491937,1,0,75,4
2020-05-25,Colombia,NA,Cauca,1491937,0,0,75,4
2020-05-26,Colombia,NA,Cauca,1491937,3,0,78,4
2020-05-27,Colombia,NA,Cauca,1491937,3,0,81,4
2020-05-28,Colombia,NA,Cauca,1491937,10,0,91,4
2020-05-29,Colombia,NA,Cauca,1491937,1,0,92,4
2020-05-30,Colombia,NA,Cauca,1491937,5,0,97,4
2020-05-31,Colombia,NA,Cauca,1491937,6,0,103,4
2020-06-01,Colombia,NA,Cauca,1491937,1,0,104,4
2020-06-02,Colombia,NA,Cauca,1491937,9,0,113,4
2020-06-03,Colombia,NA,Cauca,1491937,3,1,116,5
2020-06-04,Colombia,NA,Cauca,1491937,9,0,125,5
2020-06-05,Colombia,NA,Cauca,1491937,10,1,135,6
2020-06-06,Colombia,NA,Cauca,1491937,8,0,143,6
2020-06-07,Colombia,NA,Cauca,1491937,10,0,153,6
2020-06-08,Colombia,NA,Cauca,1491937,3,1,156,7
2020-06-09,Colombia,NA,Cauca,1491937,2,0,158,7
2020-06-10,Colombia,NA,Cauca,1491937,4,1,162,8
2020-06-11,Colombia,NA,Cauca,1491937,5,0,167,8
2020-06-12,Colombia,NA,Cauca,1491937,3,1,170,9
2020-06-13,Colombia,NA,Cauca,1491937,16,0,186,9
2020-06-14,Colombia,NA,Cauca,1491937,1,1,187,10
2020-06-15,Colombia,NA,Cauca,1491937,3,1,190,11
2020-06-16,Colombia,NA,Cauca,1491937,7,0,197,11
2020-06-17,Colombia,NA,Cauca,1491937,11,1,208,12
2020-06-18,Colombia,NA,Cauca,1491937,6,0,214,12
2020-06-19,Colombia,NA,Cauca,1491937,17,1,231,13
2020-06-20,Colombia,NA,Cauca,1491937,13,0,244,13
2020-06-21,Colombia,NA,Cauca,1491937,7,0,251,13
2020-06-22,Colombia,NA,Cauca,1491937,6,2,257,15
2020-06-23,Colombia,NA,Cauca,1491937,13,2,270,17
2020-06-24,Colombia,NA,Cauca,1491937,20,0,290,17
2020-06-25,Colombia,NA,Cauca,1491937,17,0,307,17
2020-06-26,Colombia,NA,Cauca,1491937,18,0,325,17
2020-06-27,Colombia,NA,Cauca,1491937,12,0,337,17
2020-06-28,Colombia,NA,Cauca,1491937,13,1,350,18
2020-06-29,Colombia,NA,Cauca,1491937,19,1,369,19
2020-06-30,Colombia,NA,Cauca,1491937,8,1,377,20
2020-07-01,Colombia,NA,Cauca,1491937,33,1,410,21
2020-07-02,Colombia,NA,Cauca,1491937,68,0,478,21
2020-07-03,Colombia,NA,Cauca,1491937,14,0,492,21
2020-07-04,Colombia,NA,Cauca,1491937,32,1,524,22
2020-07-05,Colombia,NA,Cauca,1491937,31,0,555,22
2020-07-06,Colombia,NA,Cauca,1491937,18,2,573,24
2020-07-07,Colombia,NA,Cauca,1491937,88,3,661,27
2020-07-08,Colombia,NA,Cauca,1491937,36,0,697,27
2020-07-09,Colombia,NA,Cauca,1491937,38,1,735,28
2020-07-10,Colombia,NA,Cauca,1491937,74,3,809,31
2020-07-11,Colombia,NA,Cauca,1491937,43,1,852,32
2020-07-12,Colombia,NA,Cauca,1491937,42,1,894,33
2020-07-13,Colombia,NA,Cauca,1491937,44,3,938,36
2020-07-14,Colombia,NA,Cauca,1491937,51,1,989,37
2020-07-15,Colombia,NA,Cauca,1491937,24,1,1013,38
2020-07-16,Colombia,NA,Cauca,1491937,79,1,1092,39
2020-07-17,Colombia,NA,Cauca,1491937,22,0,1114,39
2020-07-18,Colombia,NA,Cauca,1491937,55,4,1169,43
2020-07-19,Colombia,NA,Cauca,1491937,16,2,1185,45
2020-07-20,Colombia,NA,Cauca,1491937,30,3,1215,48
2020-07-21,Colombia,NA,Cauca,1491937,125,4,1340,52
2020-07-22,Colombia,NA,Cauca,1491937,111,5,1451,57
2020-07-23,Colombia,NA,Cauca,1491937,27,2,1478,59
2020-07-24,Colombia,NA,Cauca,1491937,110,1,1588,60
2020-07-25,Colombia,NA,Cauca,1491937,66,3,1654,63
2020-07-26,Colombia,NA,Cauca,1491937,45,6,1699,69
2020-07-27,Colombia,NA,Cauca,1491937,100,1,1799,70
2020-07-28,Colombia,NA,Cauca,1491937,67,3,1866,73
2020-07-29,Colombia,NA,Cauca,1491937,83,2,1949,75
2020-07-30,Colombia,NA,Cauca,1491937,77,4,2026,79
2020-07-31,Colombia,NA,Cauca,1491937,90,5,2116,84
2020-08-01,Colombia,NA,Cauca,1491937,63,2,2179,86
2020-08-02,Colombia,NA,Cauca,1491937,35,2,2214,88
2020-08-03,Colombia,NA,Cauca,1491937,42,7,2256,95
2020-08-04,Colombia,NA,Cauca,1491937,189,3,2445,98
2020-08-05,Colombia,NA,Cauca,1491937,48,5,2493,103
2020-08-06,Colombia,NA,Cauca,1491937,69,5,2562,108
2020-08-07,Colombia,NA,Cauca,1491937,68,4,2630,112
2020-08-08,Colombia,NA,Cauca,1491937,98,4,2728,116
2020-08-09,Colombia,NA,Cauca,1491937,7,5,2735,121
2020-08-10,Colombia,NA,Cauca,1491937,88,2,2823,123
2020-08-11,Colombia,NA,Cauca,1491937,55,4,2878,127
2020-08-12,Colombia,NA,Cauca,1491937,216,3,3094,130
2020-08-13,Colombia,NA,Cauca,1491937,120,5,3214,135
2020-08-14,Colombia,NA,Cauca,1491937,99,3,3313,138
2020-08-15,Colombia,NA,Cauca,1491937,86,2,3399,140
2020-08-16,Colombia,NA,Cauca,1491937,12,3,3411,143
2020-08-17,Colombia,NA,Cauca,1491937,83,7,3494,150
2020-08-18,Colombia,NA,Cauca,1491937,90,2,3584,152
2020-08-19,Colombia,NA,Cauca,1491937,159,3,3743,155
2020-08-20,Colombia,NA,Cauca,1491937,200,3,3943,158
2020-08-21,Colombia,NA,Cauca,1491937,154,4,4097,162
2020-08-22,Colombia,NA,Cauca,1491937,209,5,4306,167
2020-08-23,Colombia,NA,Cauca,1491937,48,1,4354,168
2020-08-24,Colombia,NA,Cauca,1491937,104,3,4458,171
2020-08-25,Colombia,NA,Cauca,1491937,191,3,4649,174
2020-08-26,Colombia,NA,Cauca,1491937,56,2,4705,176
2020-08-27,Colombia,NA,Cauca,1491937,68,6,4773,182
2020-08-28,Colombia,NA,Cauca,1491937,328,2,5101,184
2020-08-29,Colombia,NA,Cauca,1491937,184,4,5285,188
2020-08-30,Colombia,NA,Cauca,1491937,23,1,5308,189
2020-08-31,Colombia,NA,Cauca,1491937,95,3,5403,192
2020-09-01,Colombia,NA,Cauca,1491937,284,8,5687,200
2020-09-02,Colombia,NA,Cauca,1491937,248,5,5935,205
2020-09-03,Colombia,NA,Cauca,1491937,45,1,5980,206
2020-09-04,Colombia,NA,Cauca,1491937,230,2,6210,208
2020-09-05,Colombia,NA,Cauca,1491937,208,4,6418,212
2020-09-06,Colombia,NA,Cauca,1491937,21,5,6439,217
2020-09-07,Colombia,NA,Cauca,1491937,246,4,6685,221
2020-09-08,Colombia,NA,Cauca,1491937,207,3,6892,224
2020-09-09,Colombia,NA,Cauca,1491937,95,3,6987,227
2020-09-10,Colombia,NA,Cauca,1491937,147,3,7134,230
2020-09-11,Colombia,NA,Cauca,1491937,129,3,7263,233
2020-09-12,Colombia,NA,Cauca,1491937,58,3,7321,236
2020-09-13,Colombia,NA,Cauca,1491937,26,2,7347,238
2020-09-14,Colombia,NA,Cauca,1491937,80,2,7427,240
2020-03-31,Colombia,NA,Cesar,1295387,7,0,11,0
2020-04-01,Colombia,NA,Cesar,1295387,5,0,16,0
2020-04-03,Colombia,NA,Cesar,1295387,0,0,16,0
2020-04-04,Colombia,NA,Cesar,1295387,0,0,16,0
2020-04-05,Colombia,NA,Cesar,1295387,0,0,16,0
2020-04-07,Colombia,NA,Cesar,1295387,0,0,16,0
2020-04-08,Colombia,NA,Cesar,1295387,1,0,17,0
2020-04-09,Colombia,NA,Cesar,1295387,1,0,18,0
2020-04-10,Colombia,NA,Cesar,1295387,2,0,20,0
2020-04-11,Colombia,NA,Cesar,1295387,12,0,32,0
2020-04-12,Colombia,NA,Cesar,1295387,0,0,32,0
2020-04-13,Colombia,NA,Cesar,1295387,0,0,32,0
2020-04-14,Colombia,NA,Cesar,1295387,0,0,32,0
2020-04-15,Colombia,NA,Cesar,1295387,0,0,32,0
2020-04-16,Colombia,NA,Cesar,1295387,1,1,33,1
2020-04-17,Colombia,NA,Cesar,1295387,0,0,33,1
2020-04-19,Colombia,NA,Cesar,1295387,0,0,33,1
2020-04-20,Colombia,NA,Cesar,1295387,2,0,35,1
2020-04-21,Colombia,NA,Cesar,1295387,0,1,35,2
2020-04-22,Colombia,NA,Cesar,1295387,0,2,35,4
2020-04-24,Colombia,NA,Cesar,1295387,7,2,42,6
2020-04-25,Colombia,NA,Cesar,1295387,11,0,53,6
2020-04-27,Colombia,NA,Cesar,1295387,0,1,53,7
2020-04-28,Colombia,NA,Cesar,1295387,2,0,55,7
2020-04-29,Colombia,NA,Cesar,1295387,0,0,55,7
2020-05-02,Colombia,NA,Cesar,1295387,4,0,59,7
2020-05-03,Colombia,NA,Cesar,1295387,3,2,62,9
2020-05-04,Colombia,NA,Cesar,1295387,0,0,62,9
2020-05-05,Colombia,NA,Cesar,1295387,8,1,70,10
2020-05-06,Colombia,NA,Cesar,1295387,0,0,70,10
2020-05-07,Colombia,NA,Cesar,1295387,0,1,70,11
2020-05-08,Colombia,NA,Cesar,1295387,0,0,70,11
2020-05-09,Colombia,NA,Cesar,1295387,1,0,71,11
2020-05-10,Colombia,NA,Cesar,1295387,1,0,72,11
2020-05-13,Colombia,NA,Cesar,1295387,0,0,72,11
2020-05-14,Colombia,NA,Cesar,1295387,0,1,72,12
2020-05-15,Colombia,NA,Cesar,1295387,0,0,72,12
2020-05-16,Colombia,NA,Cesar,1295387,3,0,75,12
2020-05-17,Colombia,NA,Cesar,1295387,1,0,76,12
2020-05-18,Colombia,NA,Cesar,1295387,1,0,77,12
2020-05-19,Colombia,NA,Cesar,1295387,1,0,78,12
2020-05-20,Colombia,NA,Cesar,1295387,1,0,79,12
2020-05-21,Colombia,NA,Cesar,1295387,1,0,80,12
2020-05-22,Colombia,NA,Cesar,1295387,0,0,80,12
2020-05-23,Colombia,NA,Cesar,1295387,11,0,91,12
2020-05-24,Colombia,NA,Cesar,1295387,4,0,95,12
2020-05-25,Colombia,NA,Cesar,1295387,4,0,99,12
2020-05-26,Colombia,NA,Cesar,1295387,6,0,105,12
2020-05-27,Colombia,NA,Cesar,1295387,15,0,120,12
2020-05-28,Colombia,NA,Cesar,1295387,13,0,133,12
2020-05-29,Colombia,NA,Cesar,1295387,34,0,167,12
2020-05-30,Colombia,NA,Cesar,1295387,44,0,211,12
2020-05-31,Colombia,NA,Cesar,1295387,46,0,257,12
2020-06-01,Colombia,NA,Cesar,1295387,34,0,291,12
2020-06-02,Colombia,NA,Cesar,1295387,36,0,327,12
2020-06-03,Colombia,NA,Cesar,1295387,24,1,351,13
2020-06-04,Colombia,NA,Cesar,1295387,48,1,399,14
2020-06-05,Colombia,NA,Cesar,1295387,20,0,419,14
2020-06-06,Colombia,NA,Cesar,1295387,11,0,430,14
2020-06-07,Colombia,NA,Cesar,1295387,3,1,433,15
2020-06-08,Colombia,NA,Cesar,1295387,21,3,454,18
2020-06-09,Colombia,NA,Cesar,1295387,20,1,474,19
2020-06-10,Colombia,NA,Cesar,1295387,26,1,500,20
2020-06-11,Colombia,NA,Cesar,1295387,3,0,503,20
2020-06-12,Colombia,NA,Cesar,1295387,5,1,508,21
2020-06-13,Colombia,NA,Cesar,1295387,31,1,539,22
2020-06-14,Colombia,NA,Cesar,1295387,7,1,546,23
2020-06-15,Colombia,NA,Cesar,1295387,11,0,557,23
2020-06-16,Colombia,NA,Cesar,1295387,7,0,564,23
2020-06-17,Colombia,NA,Cesar,1295387,30,0,594,23
2020-06-18,Colombia,NA,Cesar,1295387,31,0,625,23
2020-06-19,Colombia,NA,Cesar,1295387,9,2,634,25
2020-06-20,Colombia,NA,Cesar,1295387,79,1,713,26
2020-06-21,Colombia,NA,Cesar,1295387,8,0,721,26
2020-06-22,Colombia,NA,Cesar,1295387,37,0,758,26
2020-06-23,Colombia,NA,Cesar,1295387,22,0,780,26
2020-06-24,Colombia,NA,Cesar,1295387,36,1,816,27
2020-06-25,Colombia,NA,Cesar,1295387,21,2,837,29
2020-06-26,Colombia,NA,Cesar,1295387,59,1,896,30
2020-06-27,Colombia,NA,Cesar,1295387,50,0,946,30
2020-06-28,Colombia,NA,Cesar,1295387,32,3,978,33
2020-06-29,Colombia,NA,Cesar,1295387,23,2,1001,35
2020-06-30,Colombia,NA,Cesar,1295387,13,1,1014,36
2020-07-01,Colombia,NA,Cesar,1295387,34,1,1048,37
2020-07-02,Colombia,NA,Cesar,1295387,8,0,1056,37
2020-07-03,Colombia,NA,Cesar,1295387,96,0,1152,37
2020-07-04,Colombia,NA,Cesar,1295387,86,0,1238,37
2020-07-05,Colombia,NA,Cesar,1295387,38,2,1276,39
2020-07-06,Colombia,NA,Cesar,1295387,35,0,1311,39
2020-07-07,Colombia,NA,Cesar,1295387,19,1,1330,40
2020-07-08,Colombia,NA,Cesar,1295387,16,0,1346,40
2020-07-09,Colombia,NA,Cesar,1295387,34,0,1380,40
2020-07-10,Colombia,NA,Cesar,1295387,50,1,1430,41
2020-07-11,Colombia,NA,Cesar,1295387,36,0,1466,41
2020-07-12,Colombia,NA,Cesar,1295387,70,1,1536,42
2020-07-13,Colombia,NA,Cesar,1295387,56,2,1592,44
2020-07-14,Colombia,NA,Cesar,1295387,95,1,1687,45
2020-07-15,Colombia,NA,Cesar,1295387,40,1,1727,46
2020-07-16,Colombia,NA,Cesar,1295387,84,2,1811,48
2020-07-17,Colombia,NA,Cesar,1295387,20,2,1831,50
2020-07-18,Colombia,NA,Cesar,1295387,123,2,1954,52
2020-07-19,Colombia,NA,Cesar,1295387,105,3,2059,55
2020-07-20,Colombia,NA,Cesar,1295387,1,0,2060,55
2020-07-21,Colombia,NA,Cesar,1295387,89,2,2149,57
2020-07-22,Colombia,NA,Cesar,1295387,146,2,2295,59
2020-07-23,Colombia,NA,Cesar,1295387,91,3,2386,62
2020-07-24,Colombia,NA,Cesar,1295387,108,3,2494,65
2020-07-25,Colombia,NA,Cesar,1295387,130,3,2624,68
2020-07-26,Colombia,NA,Cesar,1295387,2,1,2626,69
2020-07-27,Colombia,NA,Cesar,1295387,206,4,2832,73
2020-07-28,Colombia,NA,Cesar,1295387,68,4,2900,77
2020-07-29,Colombia,NA,Cesar,1295387,137,0,3037,77
2020-07-30,Colombia,NA,Cesar,1295387,82,3,3119,80
2020-07-31,Colombia,NA,Cesar,1295387,228,4,3347,84
2020-08-01,Colombia,NA,Cesar,1295387,157,3,3504,87
2020-08-02,Colombia,NA,Cesar,1295387,4,6,3508,93
2020-08-03,Colombia,NA,Cesar,1295387,202,6,3710,99
2020-08-04,Colombia,NA,Cesar,1295387,105,9,3815,108
2020-08-05,Colombia,NA,Cesar,1295387,198,2,4013,110
2020-08-06,Colombia,NA,Cesar,1295387,306,2,4319,112
2020-08-07,Colombia,NA,Cesar,1295387,91,5,4410,117
2020-08-08,Colombia,NA,Cesar,1295387,22,4,4432,121
2020-08-09,Colombia,NA,Cesar,1295387,39,7,4471,128
2020-08-10,Colombia,NA,Cesar,1295387,335,5,4806,133
2020-08-11,Colombia,NA,Cesar,1295387,138,4,4944,137
2020-08-12,Colombia,NA,Cesar,1295387,380,8,5324,145
2020-08-13,Colombia,NA,Cesar,1295387,156,13,5480,158
2020-08-14,Colombia,NA,Cesar,1295387,190,11,5670,169
2020-08-15,Colombia,NA,Cesar,1295387,297,8,5967,177
2020-08-16,Colombia,NA,Cesar,1295387,63,7,6030,184
2020-08-17,Colombia,NA,Cesar,1295387,39,15,6069,199
2020-08-18,Colombia,NA,Cesar,1295387,438,11,6507,210
2020-08-19,Colombia,NA,Cesar,1295387,310,10,6817,220
2020-08-20,Colombia,NA,Cesar,1295387,544,13,7361,233
2020-08-21,Colombia,NA,Cesar,1295387,499,9,7860,242
2020-08-22,Colombia,NA,Cesar,1295387,253,9,8113,251
2020-08-23,Colombia,NA,Cesar,1295387,83,11,8196,262
2020-08-24,Colombia,NA,Cesar,1295387,260,17,8456,279
2020-08-25,Colombia,NA,Cesar,1295387,519,10,8975,289
2020-08-26,Colombia,NA,Cesar,1295387,580,7,9555,296
2020-08-27,Colombia,NA,Cesar,1295387,439,11,9994,307
2020-08-28,Colombia,NA,Cesar,1295387,334,9,10328,316
2020-08-29,Colombia,NA,Cesar,1295387,352,12,10680,328
2020-08-30,Colombia,NA,Cesar,1295387,68,6,10748,334
2020-08-31,Colombia,NA,Cesar,1295387,477,13,11225,347
2020-09-01,Colombia,NA,Cesar,1295387,507,13,11732,360
2020-09-02,Colombia,NA,Cesar,1295387,326,12,12058,372
2020-09-03,Colombia,NA,Cesar,1295387,209,9,12267,381
2020-09-04,Colombia,NA,Cesar,1295387,516,8,12783,389
2020-09-05,Colombia,NA,Cesar,1295387,276,16,13059,405
2020-09-06,Colombia,NA,Cesar,1295387,50,10,13109,415
2020-09-07,Colombia,NA,Cesar,1295387,483,3,13592,418
2020-09-08,Colombia,NA,Cesar,1295387,309,9,13901,427
2020-09-09,Colombia,NA,Cesar,1295387,664,12,14565,439
2020-09-10,Colombia,NA,Cesar,1295387,547,13,15112,452
2020-09-11,Colombia,NA,Cesar,1295387,280,7,15392,459
2020-09-12,Colombia,NA,Cesar,1295387,198,9,15590,468
2020-09-13,Colombia,NA,Cesar,1295387,96,4,15686,472
2020-09-14,Colombia,NA,Cesar,1295387,331,3,16017,475
2020-04-26,Colombia,NA,Choco,544764,1,0,11,1
2020-04-28,Colombia,NA,Choco,544764,1,0,12,1
2020-04-29,Colombia,NA,Choco,544764,1,0,13,1
2020-04-30,Colombia,NA,Choco,544764,0,1,13,2
2020-05-01,Colombia,NA,Choco,544764,1,0,14,2
2020-05-02,Colombia,NA,Choco,544764,2,1,16,3
2020-05-04,Colombia,NA,Choco,544764,8,0,24,3
2020-05-05,Colombia,NA,Choco,544764,1,0,25,3
2020-05-06,Colombia,NA,Choco,544764,3,0,28,3
2020-05-10,Colombia,NA,Choco,544764,1,0,29,3
2020-05-11,Colombia,NA,Choco,544764,0,0,29,3
2020-05-12,Colombia,NA,Choco,544764,8,0,37,3
2020-05-13,Colombia,NA,Choco,544764,5,0,42,3
2020-05-15,Colombia,NA,Choco,544764,2,0,44,3
2020-05-16,Colombia,NA,Choco,544764,0,1,44,4
2020-05-17,Colombia,NA,Choco,544764,1,1,45,5
2020-05-18,Colombia,NA,Choco,544764,0,0,45,5
2020-05-19,Colombia,NA,Choco,544764,30,0,75,5
2020-05-20,Colombia,NA,Choco,544764,7,0,82,5
2020-05-21,Colombia,NA,Choco,544764,0,0,82,5
2020-05-22,Colombia,NA,Choco,544764,2,0,84,5
2020-05-23,Colombia,NA,Choco,544764,2,0,86,5
2020-05-24,Colombia,NA,Choco,544764,9,0,95,5
2020-05-25,Colombia,NA,Choco,544764,16,1,111,6
2020-05-26,Colombia,NA,Choco,544764,12,1,123,7
2020-05-27,Colombia,NA,Choco,544764,33,0,156,7
2020-05-28,Colombia,NA,Choco,544764,42,1,198,8
2020-05-29,Colombia,NA,Choco,544764,0,5,198,13
2020-05-30,Colombia,NA,Choco,544764,23,0,221,13
2020-05-31,Colombia,NA,Choco,544764,6,1,227,14
2020-06-01,Colombia,NA,Choco,544764,1,1,228,15
2020-06-02,Colombia,NA,Choco,544764,65,1,293,16
2020-06-03,Colombia,NA,Choco,544764,0,3,293,19
2020-06-04,Colombia,NA,Choco,544764,41,1,334,20
2020-06-05,Colombia,NA,Choco,544764,57,2,391,22
2020-06-06,Colombia,NA,Choco,544764,1,3,392,25
2020-06-07,Colombia,NA,Choco,544764,14,3,406,28
2020-06-08,Colombia,NA,Choco,544764,58,2,464,30
2020-06-09,Colombia,NA,Choco,544764,17,2,481,32
2020-06-10,Colombia,NA,Choco,544764,68,2,549,34
2020-06-11,Colombia,NA,Choco,544764,20,0,569,34
2020-06-12,Colombia,NA,Choco,544764,4,0,573,34
2020-06-13,Colombia,NA,Choco,544764,98,4,671,38
2020-06-14,Colombia,NA,Choco,544764,16,0,687,38
2020-06-15,Colombia,NA,Choco,544764,20,4,707,42
2020-06-16,Colombia,NA,Choco,544764,107,2,814,44
2020-06-17,Colombia,NA,Choco,544764,19,4,833,48
2020-06-18,Colombia,NA,Choco,544764,80,3,913,51
2020-06-19,Colombia,NA,Choco,544764,32,5,945,56
2020-06-20,Colombia,NA,Choco,544764,25,2,970,58
2020-06-21,Colombia,NA,Choco,544764,12,4,982,62
2020-06-22,Colombia,NA,Choco,544764,34,1,1016,63
2020-06-23,Colombia,NA,Choco,544764,23,3,1039,66
2020-06-24,Colombia,NA,Choco,544764,106,4,1145,70
2020-06-25,Colombia,NA,Choco,544764,57,0,1202,70
2020-06-26,Colombia,NA,Choco,544764,86,1,1288,71
2020-06-27,Colombia,NA,Choco,544764,71,2,1359,73
2020-06-28,Colombia,NA,Choco,544764,31,3,1390,76
2020-06-29,Colombia,NA,Choco,544764,60,3,1450,79
2020-06-30,Colombia,NA,Choco,544764,52,2,1502,81
2020-07-01,Colombia,NA,Choco,544764,137,3,1639,84
2020-07-02,Colombia,NA,Choco,544764,57,2,1696,86
2020-07-03,Colombia,NA,Choco,544764,13,0,1709,86
2020-07-04,Colombia,NA,Choco,544764,80,2,1789,88
2020-07-05,Colombia,NA,Choco,544764,39,4,1828,92
2020-07-06,Colombia,NA,Choco,544764,116,2,1944,94
2020-07-07,Colombia,NA,Choco,544764,26,2,1970,96
2020-07-08,Colombia,NA,Choco,544764,30,1,2000,97
2020-07-09,Colombia,NA,Choco,544764,61,3,2061,100
2020-07-10,Colombia,NA,Choco,544764,47,2,2108,102
2020-07-11,Colombia,NA,Choco,544764,56,3,2164,105
2020-07-12,Colombia,NA,Choco,544764,62,1,2226,106
2020-07-13,Colombia,NA,Choco,544764,68,3,2294,109
2020-07-14,Colombia,NA,Choco,544764,37,1,2331,110
2020-07-15,Colombia,NA,Choco,544764,48,0,2379,110
2020-07-16,Colombia,NA,Choco,544764,28,1,2407,111
2020-07-17,Colombia,NA,Choco,544764,40,0,2447,111
2020-07-18,Colombia,NA,Choco,544764,28,1,2475,112
2020-07-19,Colombia,NA,Choco,544764,39,2,2514,114
2020-07-20,Colombia,NA,Choco,544764,31,0,2545,114
2020-07-21,Colombia,NA,Choco,544764,74,2,2619,116
2020-07-22,Colombia,NA,Choco,544764,130,0,2749,116
2020-07-23,Colombia,NA,Choco,544764,21,2,2770,118
2020-07-24,Colombia,NA,Choco,544764,28,1,2798,119
2020-07-25,Colombia,NA,Choco,544764,20,1,2818,120
2020-07-26,Colombia,NA,Choco,544764,17,6,2835,126
2020-07-27,Colombia,NA,Choco,544764,66,4,2901,130
2020-07-28,Colombia,NA,Choco,544764,22,2,2923,132
2020-07-29,Colombia,NA,Choco,544764,19,0,2942,132
2020-07-30,Colombia,NA,Choco,544764,19,1,2961,133
2020-07-31,Colombia,NA,Choco,544764,26,0,2987,133
2020-08-01,Colombia,NA,Choco,544764,28,2,3015,135
2020-08-02,Colombia,NA,Choco,544764,0,1,3015,136
2020-08-03,Colombia,NA,Choco,544764,24,0,3039,136
2020-08-04,Colombia,NA,Choco,544764,3,1,3042,137
2020-08-05,Colombia,NA,Choco,544764,26,1,3068,138
2020-08-06,Colombia,NA,Choco,544764,25,2,3093,140
2020-08-07,Colombia,NA,Choco,544764,10,1,3103,141
2020-08-08,Colombia,NA,Choco,544764,60,1,3163,142
2020-08-09,Colombia,NA,Choco,544764,112,1,3275,143
2020-08-10,Colombia,NA,Choco,544764,46,1,3321,144
2020-08-11,Colombia,NA,Choco,544764,14,0,3335,144
2020-08-12,Colombia,NA,Choco,544764,28,0,3363,144
2020-08-13,Colombia,NA,Choco,544764,0,0,3363,144
2020-08-14,Colombia,NA,Choco,544764,5,0,3368,144
2020-08-15,Colombia,NA,Choco,544764,30,0,3398,144
2020-08-16,Colombia,NA,Choco,544764,23,2,3421,146
2020-08-17,Colombia,NA,Choco,544764,29,3,3450,149
2020-08-18,Colombia,NA,Choco,544764,42,1,3492,150
2020-08-19,Colombia,NA,Choco,544764,12,1,3504,151
2020-08-20,Colombia,NA,Choco,544764,26,0,3530,151
2020-08-21,Colombia,NA,Choco,544764,4,1,3534,152
2020-08-22,Colombia,NA,Choco,544764,55,2,3589,154
2020-08-23,Colombia,NA,Choco,544764,1,0,3590,154
2020-08-24,Colombia,NA,Choco,544764,9,1,3599,155
2020-08-25,Colombia,NA,Choco,544764,5,0,3604,155
2020-08-26,Colombia,NA,Choco,544764,11,1,3615,156
2020-08-27,Colombia,NA,Choco,544764,7,1,3622,157
2020-08-28,Colombia,NA,Choco,544764,9,1,3631,158
2020-08-29,Colombia,NA,Choco,544764,11,1,3642,159
2020-08-30,Colombia,NA,Choco,544764,3,2,3645,161
2020-08-31,Colombia,NA,Choco,544764,16,0,3661,161
2020-09-01,Colombia,NA,Choco,544764,12,0,3673,161
2020-09-02,Colombia,NA,Choco,544764,23,1,3696,162
2020-09-03,Colombia,NA,Choco,544764,2,0,3698,162
2020-09-04,Colombia,NA,Choco,544764,6,1,3704,163
2020-09-05,Colombia,NA,Choco,544764,5,1,3709,164
2020-09-06,Colombia,NA,Choco,544764,3,1,3712,165
2020-09-07,Colombia,NA,Choco,544764,5,0,3717,165
2020-09-08,Colombia,NA,Choco,544764,46,0,3763,165
2020-09-09,Colombia,NA,Choco,544764,10,1,3773,166
2020-09-10,Colombia,NA,Choco,544764,5,0,3778,166
2020-09-11,Colombia,NA,Choco,544764,4,0,3782,166
2020-09-12,Colombia,NA,Choco,544764,3,0,3785,166
2020-09-13,Colombia,NA,Choco,544764,2,0,3787,166
2020-09-14,Colombia,NA,Choco,544764,4,0,3791,166
2020-04-11,Colombia,NA,Cordoba,1828947,6,0,13,2
2020-04-13,Colombia,NA,Cordoba,1828947,0,0,13,2
2020-04-14,Colombia,NA,Cordoba,1828947,2,0,15,2
2020-04-16,Colombia,NA,Cordoba,1828947,2,0,17,2
2020-04-18,Colombia,NA,Cordoba,1828947,1,0,18,2
2020-04-19,Colombia,NA,Cordoba,1828947,2,0,20,2
2020-04-22,Colombia,NA,Cordoba,1828947,1,0,21,2
2020-04-23,Colombia,NA,Cordoba,1828947,0,1,21,3
2020-04-24,Colombia,NA,Cordoba,1828947,1,0,22,3
2020-04-25,Colombia,NA,Cordoba,1828947,1,0,23,3
2020-04-28,Colombia,NA,Cordoba,1828947,3,0,26,3
2020-05-01,Colombia,NA,Cordoba,1828947,3,0,29,3
2020-05-03,Colombia,NA,Cordoba,1828947,0,0,29,3
2020-05-06,Colombia,NA,Cordoba,1828947,1,0,30,3
2020-05-08,Colombia,NA,Cordoba,1828947,1,1,31,4
2020-05-09,Colombia,NA,Cordoba,1828947,0,0,31,4
2020-05-10,Colombia,NA,Cordoba,1828947,8,0,39,4
2020-05-12,Colombia,NA,Cordoba,1828947,3,0,42,4
2020-05-14,Colombia,NA,Cordoba,1828947,9,0,51,4
2020-05-15,Colombia,NA,Cordoba,1828947,11,1,62,5
2020-05-16,Colombia,NA,Cordoba,1828947,9,0,71,5
2020-05-17,Colombia,NA,Cordoba,1828947,7,0,78,5
2020-05-19,Colombia,NA,Cordoba,1828947,5,0,83,5
2020-05-20,Colombia,NA,Cordoba,1828947,3,1,86,6
2020-05-21,Colombia,NA,Cordoba,1828947,0,0,86,6
2020-05-22,Colombia,NA,Cordoba,1828947,1,0,87,6
2020-05-23,Colombia,NA,Cordoba,1828947,1,1,88,7
2020-05-24,Colombia,NA,Cordoba,1828947,3,1,91,8
2020-05-25,Colombia,NA,Cordoba,1828947,1,1,92,9
2020-05-26,Colombia,NA,Cordoba,1828947,1,0,93,9
2020-05-27,Colombia,NA,Cordoba,1828947,3,0,96,9
2020-05-28,Colombia,NA,Cordoba,1828947,5,0,101,9
2020-05-29,Colombia,NA,Cordoba,1828947,9,0,110,9
2020-05-30,Colombia,NA,Cordoba,1828947,10,0,120,9
2020-05-31,Colombia,NA,Cordoba,1828947,4,0,124,9
2020-06-01,Colombia,NA,Cordoba,1828947,11,0,135,9
2020-06-02,Colombia,NA,Cordoba,1828947,0,1,135,10
2020-06-03,Colombia,NA,Cordoba,1828947,28,1,163,11
2020-06-04,Colombia,NA,Cordoba,1828947,9,0,172,11
2020-06-05,Colombia,NA,Cordoba,1828947,22,0,194,11
2020-06-06,Colombia,NA,Cordoba,1828947,14,2,208,13
2020-06-07,Colombia,NA,Cordoba,1828947,11,2,219,15
2020-06-08,Colombia,NA,Cordoba,1828947,5,0,224,15
2020-06-09,Colombia,NA,Cordoba,1828947,6,0,230,15
2020-06-10,Colombia,NA,Cordoba,1828947,5,2,235,17
2020-06-11,Colombia,NA,Cordoba,1828947,8,0,243,17
2020-06-12,Colombia,NA,Cordoba,1828947,4,1,247,18
2020-06-13,Colombia,NA,Cordoba,1828947,18,1,265,19
2020-06-14,Colombia,NA,Cordoba,1828947,21,1,286,20
2020-06-15,Colombia,NA,Cordoba,1828947,4,0,290,20
2020-06-16,Colombia,NA,Cordoba,1828947,15,1,305,21
2020-06-17,Colombia,NA,Cordoba,1828947,3,1,308,22
2020-06-18,Colombia,NA,Cordoba,1828947,57,1,365,23
2020-06-19,Colombia,NA,Cordoba,1828947,25,2,390,25
2020-06-20,Colombia,NA,Cordoba,1828947,13,4,403,29
2020-06-21,Colombia,NA,Cordoba,1828947,19,2,422,31
2020-06-22,Colombia,NA,Cordoba,1828947,12,4,434,35
2020-06-23,Colombia,NA,Cordoba,1828947,12,5,446,40
2020-06-24,Colombia,NA,Cordoba,1828947,21,5,467,45
2020-06-25,Colombia,NA,Cordoba,1828947,40,5,507,50
2020-06-26,Colombia,NA,Cordoba,1828947,34,3,541,53
2020-06-27,Colombia,NA,Cordoba,1828947,35,4,576,57
2020-06-28,Colombia,NA,Cordoba,1828947,80,7,656,64
2020-06-29,Colombia,NA,Cordoba,1828947,95,12,751,76
2020-06-30,Colombia,NA,Cordoba,1828947,39,17,790,93
2020-07-01,Colombia,NA,Cordoba,1828947,36,6,826,99
2020-07-02,Colombia,NA,Cordoba,1828947,97,12,923,111
2020-07-03,Colombia,NA,Cordoba,1828947,32,12,955,123
2020-07-04,Colombia,NA,Cordoba,1828947,113,20,1068,143
2020-07-05,Colombia,NA,Cordoba,1828947,56,16,1124,159
2020-07-06,Colombia,NA,Cordoba,1828947,70,22,1194,181
2020-07-07,Colombia,NA,Cordoba,1828947,134,29,1328,210
2020-07-08,Colombia,NA,Cordoba,1828947,139,29,1467,239
2020-07-09,Colombia,NA,Cordoba,1828947,252,28,1719,267
2020-07-10,Colombia,NA,Cordoba,1828947,130,24,1849,291
2020-07-11,Colombia,NA,Cordoba,1828947,59,27,1908,318
2020-07-12,Colombia,NA,Cordoba,1828947,166,30,2074,348
2020-07-13,Colombia,NA,Cordoba,1828947,184,39,2258,387
2020-07-14,Colombia,NA,Cordoba,1828947,242,26,2500,413
2020-07-15,Colombia,NA,Cordoba,1828947,226,32,2726,445
2020-07-16,Colombia,NA,Cordoba,1828947,262,30,2988,475
2020-07-17,Colombia,NA,Cordoba,1828947,245,49,3233,524
2020-07-18,Colombia,NA,Cordoba,1828947,158,30,3391,554
2020-07-19,Colombia,NA,Cordoba,1828947,188,37,3579,591
2020-07-20,Colombia,NA,Cordoba,1828947,105,30,3684,621
2020-07-21,Colombia,NA,Cordoba,1828947,310,41,3994,662
2020-07-22,Colombia,NA,Cordoba,1828947,445,47,4439,709
2020-07-23,Colombia,NA,Cordoba,1828947,341,31,4780,740
2020-07-24,Colombia,NA,Cordoba,1828947,458,41,5238,781
2020-07-25,Colombia,NA,Cordoba,1828947,192,32,5430,813
2020-07-26,Colombia,NA,Cordoba,1828947,504,26,5934,839
2020-07-27,Colombia,NA,Cordoba,1828947,601,42,6535,881
2020-07-28,Colombia,NA,Cordoba,1828947,332,44,6867,925
2020-07-29,Colombia,NA,Cordoba,1828947,352,38,7219,963
2020-07-30,Colombia,NA,Cordoba,1828947,175,37,7394,1000
2020-07-31,Colombia,NA,Cordoba,1828947,284,26,7678,1026
2020-08-01,Colombia,NA,Cordoba,1828947,491,25,8169,1051
2020-08-02,Colombia,NA,Cordoba,1828947,214,27,8383,1078
2020-08-03,Colombia,NA,Cordoba,1828947,393,29,8776,1107
2020-08-04,Colombia,NA,Cordoba,1828947,232,20,9008,1127
2020-08-05,Colombia,NA,Cordoba,1828947,396,16,9404,1143
2020-08-06,Colombia,NA,Cordoba,1828947,352,23,9756,1166
2020-08-07,Colombia,NA,Cordoba,1828947,662,26,10418,1192
2020-08-08,Colombia,NA,Cordoba,1828947,948,22,11366,1214
2020-08-09,Colombia,NA,Cordoba,1828947,318,19,11684,1233
2020-08-10,Colombia,NA,Cordoba,1828947,932,19,12616,1252
2020-08-11,Colombia,NA,Cordoba,1828947,575,20,13191,1272
2020-08-12,Colombia,NA,Cordoba,1828947,758,13,13949,1285
2020-08-13,Colombia,NA,Cordoba,1828947,423,19,14372,1304
2020-08-14,Colombia,NA,Cordoba,1828947,549,17,14921,1321
2020-08-15,Colombia,NA,Cordoba,1828947,555,19,15476,1340
2020-08-16,Colombia,NA,Cordoba,1828947,572,16,16048,1356
2020-08-17,Colombia,NA,Cordoba,1828947,522,17,16570,1373
2020-08-18,Colombia,NA,Cordoba,1828947,332,10,16902,1383
2020-08-19,Colombia,NA,Cordoba,1828947,233,16,17135,1399
2020-08-20,Colombia,NA,Cordoba,1828947,302,13,17437,1412
2020-08-21,Colombia,NA,Cordoba,1828947,207,13,17644,1425
2020-08-22,Colombia,NA,Cordoba,1828947,198,6,17842,1431
2020-08-23,Colombia,NA,Cordoba,1828947,167,14,18009,1445
2020-08-24,Colombia,NA,Cordoba,1828947,365,14,18374,1459
2020-08-25,Colombia,NA,Cordoba,1828947,589,5,18963,1464
2020-08-26,Colombia,NA,Cordoba,1828947,238,9,19201,1473
2020-08-27,Colombia,NA,Cordoba,1828947,219,6,19420,1479
2020-08-28,Colombia,NA,Cordoba,1828947,132,5,19552,1484
2020-08-29,Colombia,NA,Cordoba,1828947,193,10,19745,1494
2020-08-30,Colombia,NA,Cordoba,1828947,184,6,19929,1500
2020-08-31,Colombia,NA,Cordoba,1828947,137,13,20066,1513
2020-09-01,Colombia,NA,Cordoba,1828947,94,6,20160,1519
2020-09-02,Colombia,NA,Cordoba,1828947,300,3,20460,1522
2020-09-03,Colombia,NA,Cordoba,1828947,157,4,20617,1526
2020-09-04,Colombia,NA,Cordoba,1828947,163,4,20780,1530
2020-09-05,Colombia,NA,Cordoba,1828947,252,7,21032,1537
2020-09-06,Colombia,NA,Cordoba,1828947,72,6,21104,1543
2020-09-07,Colombia,NA,Cordoba,1828947,280,5,21384,1548
2020-09-08,Colombia,NA,Cordoba,1828947,146,3,21530,1551
2020-09-09,Colombia,NA,Cordoba,1828947,120,3,21650,1554
2020-09-10,Colombia,NA,Cordoba,1828947,257,6,21907,1560
2020-09-11,Colombia,NA,Cordoba,1828947,89,2,21996,1562
2020-09-12,Colombia,NA,Cordoba,1828947,71,5,22067,1567
2020-09-13,Colombia,NA,Cordoba,1828947,28,4,22095,1571
2020-09-14,Colombia,NA,Cordoba,1828947,77,6,22172,1577
2020-03-21,Colombia,NA,Cundinamarca,3242999,2,0,12,0
2020-03-23,Colombia,NA,Cundinamarca,3242999,6,0,18,0
2020-03-24,Colombia,NA,Cundinamarca,3242999,7,0,25,0
2020-03-25,Colombia,NA,Cundinamarca,3242999,3,0,28,0
2020-03-27,Colombia,NA,Cundinamarca,3242999,1,0,29,0
2020-03-28,Colombia,NA,Cundinamarca,3242999,2,0,31,0
2020-03-30,Colombia,NA,Cundinamarca,3242999,5,0,36,0
2020-03-31,Colombia,NA,Cundinamarca,3242999,9,0,45,0
2020-04-01,Colombia,NA,Cundinamarca,3242999,6,1,51,1
2020-04-02,Colombia,NA,Cundinamarca,3242999,2,0,53,1
2020-04-03,Colombia,NA,Cundinamarca,3242999,3,3,56,4
2020-04-04,Colombia,NA,Cundinamarca,3242999,7,0,63,4
2020-04-05,Colombia,NA,Cundinamarca,3242999,5,0,68,4
2020-04-06,Colombia,NA,Cundinamarca,3242999,4,0,72,4
2020-04-07,Colombia,NA,Cundinamarca,3242999,5,0,77,4
2020-04-08,Colombia,NA,Cundinamarca,3242999,5,0,82,4
2020-04-09,Colombia,NA,Cundinamarca,3242999,9,1,91,5
2020-04-10,Colombia,NA,Cundinamarca,3242999,16,0,107,5
2020-04-11,Colombia,NA,Cundinamarca,3242999,21,0,128,5
2020-04-12,Colombia,NA,Cundinamarca,3242999,7,0,135,5
2020-04-13,Colombia,NA,Cundinamarca,3242999,3,0,138,5
2020-04-14,Colombia,NA,Cundinamarca,3242999,5,0,143,5
2020-04-15,Colombia,NA,Cundinamarca,3242999,8,0,151,5
2020-04-16,Colombia,NA,Cundinamarca,3242999,1,1,152,6
2020-04-17,Colombia,NA,Cundinamarca,3242999,13,1,165,7
2020-04-18,Colombia,NA,Cundinamarca,3242999,7,0,172,7
2020-04-19,Colombia,NA,Cundinamarca,3242999,6,0,178,7
2020-04-20,Colombia,NA,Cundinamarca,3242999,7,0,185,7
2020-04-21,Colombia,NA,Cundinamarca,3242999,10,2,195,9
2020-04-22,Colombia,NA,Cundinamarca,3242999,3,0,198,9
2020-04-23,Colombia,NA,Cundinamarca,3242999,6,0,204,9
2020-04-24,Colombia,NA,Cundinamarca,3242999,7,1,211,10
2020-04-25,Colombia,NA,Cundinamarca,3242999,7,0,218,10
2020-04-26,Colombia,NA,Cundinamarca,3242999,7,1,225,11
2020-04-27,Colombia,NA,Cundinamarca,3242999,6,0,231,11
2020-04-28,Colombia,NA,Cundinamarca,3242999,2,0,233,11
2020-04-29,Colombia,NA,Cundinamarca,3242999,5,0,238,11
2020-04-30,Colombia,NA,Cundinamarca,3242999,5,0,243,11
2020-05-01,Colombia,NA,Cundinamarca,3242999,4,0,247,11
2020-05-02,Colombia,NA,Cundinamarca,3242999,2,0,249,11
2020-05-03,Colombia,NA,Cundinamarca,3242999,11,1,260,12
2020-05-04,Colombia,NA,Cundinamarca,3242999,3,0,263,12
2020-05-05,Colombia,NA,Cundinamarca,3242999,5,0,268,12
2020-05-06,Colombia,NA,Cundinamarca,3242999,0,0,268,12
2020-05-07,Colombia,NA,Cundinamarca,3242999,7,0,275,12
2020-05-08,Colombia,NA,Cundinamarca,3242999,3,0,278,12
2020-05-09,Colombia,NA,Cundinamarca,3242999,2,0,280,12
2020-05-10,Colombia,NA,Cundinamarca,3242999,4,0,284,12
2020-05-11,Colombia,NA,Cundinamarca,3242999,7,0,291,12
2020-05-12,Colombia,NA,Cundinamarca,3242999,18,0,309,12
2020-05-13,Colombia,NA,Cundinamarca,3242999,3,0,312,12
2020-05-14,Colombia,NA,Cundinamarca,3242999,7,0,319,12
2020-05-15,Colombia,NA,Cundinamarca,3242999,16,0,335,12
2020-05-16,Colombia,NA,Cundinamarca,3242999,8,0,343,12
2020-05-17,Colombia,NA,Cundinamarca,3242999,10,0,353,12
2020-05-18,Colombia,NA,Cundinamarca,3242999,11,1,364,13
2020-05-19,Colombia,NA,Cundinamarca,3242999,12,2,376,15
2020-05-20,Colombia,NA,Cundinamarca,3242999,6,0,382,15
2020-05-21,Colombia,NA,Cundinamarca,3242999,7,0,389,15
2020-05-22,Colombia,NA,Cundinamarca,3242999,7,0,396,15
2020-05-23,Colombia,NA,Cundinamarca,3242999,31,0,427,15
2020-05-24,Colombia,NA,Cundinamarca,3242999,34,0,461,15
2020-05-25,Colombia,NA,Cundinamarca,3242999,70,0,531,15
2020-05-26,Colombia,NA,Cundinamarca,3242999,48,1,579,16
2020-05-27,Colombia,NA,Cundinamarca,3242999,51,1,630,17
2020-05-28,Colombia,NA,Cundinamarca,3242999,75,1,705,18
2020-05-29,Colombia,NA,Cundinamarca,3242999,50,1,755,19
2020-05-30,Colombia,NA,Cundinamarca,3242999,36,2,791,21
2020-05-31,Colombia,NA,Cundinamarca,3242999,43,0,834,21
2020-06-01,Colombia,NA,Cundinamarca,3242999,74,4,908,25
2020-06-02,Colombia,NA,Cundinamarca,3242999,58,2,966,27
2020-06-03,Colombia,NA,Cundinamarca,3242999,53,3,1019,30
2020-06-04,Colombia,NA,Cundinamarca,3242999,52,5,1071,35
2020-06-05,Colombia,NA,Cundinamarca,3242999,51,1,1122,36
2020-06-06,Colombia,NA,Cundinamarca,3242999,39,1,1161,37
2020-06-07,Colombia,NA,Cundinamarca,3242999,50,2,1211,39
2020-06-08,Colombia,NA,Cundinamarca,3242999,115,1,1326,40
2020-06-09,Colombia,NA,Cundinamarca,3242999,51,2,1377,42
2020-06-10,Colombia,NA,Cundinamarca,3242999,40,1,1417,43
2020-06-11,Colombia,NA,Cundinamarca,3242999,99,1,1516,44
2020-06-12,Colombia,NA,Cundinamarca,3242999,51,2,1567,46
2020-06-13,Colombia,NA,Cundinamarca,3242999,58,0,1625,46
2020-06-14,Colombia,NA,Cundinamarca,3242999,21,1,1646,47
2020-06-15,Colombia,NA,Cundinamarca,3242999,23,1,1669,48
2020-06-16,Colombia,NA,Cundinamarca,3242999,47,0,1716,48
2020-06-17,Colombia,NA,Cundinamarca,3242999,27,0,1743,48
2020-06-18,Colombia,NA,Cundinamarca,3242999,65,1,1808,49
2020-06-19,Colombia,NA,Cundinamarca,3242999,57,0,1865,49
2020-06-20,Colombia,NA,Cundinamarca,3242999,56,1,1921,50
2020-06-21,Colombia,NA,Cundinamarca,3242999,27,1,1948,51
2020-06-22,Colombia,NA,Cundinamarca,3242999,62,1,2010,52
2020-06-23,Colombia,NA,Cundinamarca,3242999,112,2,2122,54
2020-06-24,Colombia,NA,Cundinamarca,3242999,88,1,2210,55
2020-06-25,Colombia,NA,Cundinamarca,3242999,100,1,2310,56
2020-06-26,Colombia,NA,Cundinamarca,3242999,118,1,2428,57
2020-06-27,Colombia,NA,Cundinamarca,3242999,68,1,2496,58
2020-06-28,Colombia,NA,Cundinamarca,3242999,85,1,2581,59
2020-06-29,Colombia,NA,Cundinamarca,3242999,64,2,2645,61
2020-06-30,Colombia,NA,Cundinamarca,3242999,23,2,2668,63
2020-07-01,Colombia,NA,Cundinamarca,3242999,159,3,2827,66
2020-07-02,Colombia,NA,Cundinamarca,3242999,175,0,3002,66
2020-07-03,Colombia,NA,Cundinamarca,3242999,114,6,3116,72
2020-07-04,Colombia,NA,Cundinamarca,3242999,157,6,3273,78
2020-07-05,Colombia,NA,Cundinamarca,3242999,100,2,3373,80
2020-07-06,Colombia,NA,Cundinamarca,3242999,96,5,3469,85
2020-07-07,Colombia,NA,Cundinamarca,3242999,104,1,3573,86
2020-07-08,Colombia,NA,Cundinamarca,3242999,135,3,3708,89
2020-07-09,Colombia,NA,Cundinamarca,3242999,277,6,3985,95
2020-07-10,Colombia,NA,Cundinamarca,3242999,252,4,4237,99
2020-07-11,Colombia,NA,Cundinamarca,3242999,218,3,4455,102
2020-07-12,Colombia,NA,Cundinamarca,3242999,245,7,4700,109
2020-07-13,Colombia,NA,Cundinamarca,3242999,287,9,4987,118
2020-07-14,Colombia,NA,Cundinamarca,3242999,300,10,5287,128
2020-07-15,Colombia,NA,Cundinamarca,3242999,175,7,5462,135
2020-07-16,Colombia,NA,Cundinamarca,3242999,185,4,5647,139
2020-07-17,Colombia,NA,Cundinamarca,3242999,181,13,5828,152
2020-07-18,Colombia,NA,Cundinamarca,3242999,261,7,6089,159
2020-07-19,Colombia,NA,Cundinamarca,3242999,189,9,6278,168
2020-07-20,Colombia,NA,Cundinamarca,3242999,78,10,6356,178
2020-07-21,Colombia,NA,Cundinamarca,3242999,222,14,6578,192
2020-07-22,Colombia,NA,Cundinamarca,3242999,328,11,6906,203
2020-07-23,Colombia,NA,Cundinamarca,3242999,218,8,7124,211
2020-07-24,Colombia,NA,Cundinamarca,3242999,240,8,7364,219
2020-07-25,Colombia,NA,Cundinamarca,3242999,223,10,7587,229
2020-07-26,Colombia,NA,Cundinamarca,3242999,142,10,7729,239
2020-07-27,Colombia,NA,Cundinamarca,3242999,374,19,8103,258
2020-07-28,Colombia,NA,Cundinamarca,3242999,343,7,8446,265
2020-07-29,Colombia,NA,Cundinamarca,3242999,317,15,8763,280
2020-07-30,Colombia,NA,Cundinamarca,3242999,286,17,9049,297
2020-07-31,Colombia,NA,Cundinamarca,3242999,342,12,9391,309
2020-08-01,Colombia,NA,Cundinamarca,3242999,439,12,9830,321
2020-08-02,Colombia,NA,Cundinamarca,3242999,259,7,10089,328
2020-08-03,Colombia,NA,Cundinamarca,3242999,225,9,10314,337
2020-08-04,Colombia,NA,Cundinamarca,3242999,498,12,10812,349
2020-08-05,Colombia,NA,Cundinamarca,3242999,408,14,11220,363
2020-08-06,Colombia,NA,Cundinamarca,3242999,285,17,11505,380
2020-08-07,Colombia,NA,Cundinamarca,3242999,446,17,11951,397
2020-08-08,Colombia,NA,Cundinamarca,3242999,238,15,12189,412
2020-08-09,Colombia,NA,Cundinamarca,3242999,299,13,12488,425
2020-08-10,Colombia,NA,Cundinamarca,3242999,629,13,13117,438
2020-08-11,Colombia,NA,Cundinamarca,3242999,365,14,13482,452
2020-08-12,Colombia,NA,Cundinamarca,3242999,581,14,14063,466
2020-08-13,Colombia,NA,Cundinamarca,3242999,533,19,14596,485
2020-08-14,Colombia,NA,Cundinamarca,3242999,738,13,15334,498
2020-08-15,Colombia,NA,Cundinamarca,3242999,525,12,15859,510
2020-08-16,Colombia,NA,Cundinamarca,3242999,471,11,16330,521
2020-08-17,Colombia,NA,Cundinamarca,3242999,382,12,16712,533
2020-08-18,Colombia,NA,Cundinamarca,3242999,927,8,17639,541
2020-08-19,Colombia,NA,Cundinamarca,3242999,376,10,18015,551
2020-08-20,Colombia,NA,Cundinamarca,3242999,516,15,18531,566
2020-08-21,Colombia,NA,Cundinamarca,3242999,545,15,19076,581
2020-08-22,Colombia,NA,Cundinamarca,3242999,425,13,19501,594
2020-08-23,Colombia,NA,Cundinamarca,3242999,488,13,19989,607
2020-08-24,Colombia,NA,Cundinamarca,3242999,549,14,20538,621
2020-08-25,Colombia,NA,Cundinamarca,3242999,436,15,20974,636
2020-08-26,Colombia,NA,Cundinamarca,3242999,557,15,21531,651
2020-08-27,Colombia,NA,Cundinamarca,3242999,592,13,22123,664
2020-08-28,Colombia,NA,Cundinamarca,3242999,484,15,22607,679
2020-08-29,Colombia,NA,Cundinamarca,3242999,367,12,22974,691
2020-08-30,Colombia,NA,Cundinamarca,3242999,400,14,23374,705
2020-08-31,Colombia,NA,Cundinamarca,3242999,535,13,23909,718
2020-09-01,Colombia,NA,Cundinamarca,3242999,522,18,24431,736
2020-09-02,Colombia,NA,Cundinamarca,3242999,444,12,24875,748
2020-09-03,Colombia,NA,Cundinamarca,3242999,334,22,25209,770
2020-09-04,Colombia,NA,Cundinamarca,3242999,553,10,25762,780
2020-09-05,Colombia,NA,Cundinamarca,3242999,363,11,26125,791
2020-09-06,Colombia,NA,Cundinamarca,3242999,193,11,26318,802
2020-09-07,Colombia,NA,Cundinamarca,3242999,385,11,26703,813
2020-09-08,Colombia,NA,Cundinamarca,3242999,324,15,27027,828
2020-09-09,Colombia,NA,Cundinamarca,3242999,390,10,27417,838
2020-09-10,Colombia,NA,Cundinamarca,3242999,514,10,27931,848
2020-09-11,Colombia,NA,Cundinamarca,3242999,239,12,28170,860
2020-09-12,Colombia,NA,Cundinamarca,3242999,326,9,28496,869
2020-09-13,Colombia,NA,Cundinamarca,3242999,225,6,28721,875
2020-09-14,Colombia,NA,Cundinamarca,3242999,255,7,28976,882
2020-06-16,Colombia,NA,Guaviare,86657,22,0,31,0
2020-06-17,Colombia,NA,Guaviare,86657,1,0,32,0
2020-06-18,Colombia,NA,Guaviare,86657,3,0,35,0
2020-06-19,Colombia,NA,Guaviare,86657,1,0,36,0
2020-06-20,Colombia,NA,Guaviare,86657,1,0,37,0
2020-06-21,Colombia,NA,Guaviare,86657,0,0,37,0
2020-06-26,Colombia,NA,Guaviare,86657,0,0,37,0
2020-06-27,Colombia,NA,Guaviare,86657,0,0,37,0
2020-06-28,Colombia,NA,Guaviare,86657,0,0,37,0
2020-06-29,Colombia,NA,Guaviare,86657,0,0,37,0
2020-07-01,Colombia,NA,Guaviare,86657,2,0,39,0
2020-07-06,Colombia,NA,Guaviare,86657,0,0,39,0
2020-07-08,Colombia,NA,Guaviare,86657,0,0,39,0
2020-07-09,Colombia,NA,Guaviare,86657,3,0,42,0
2020-07-10,Colombia,NA,Guaviare,86657,0,0,42,0
2020-07-11,Colombia,NA,Guaviare,86657,0,0,42,0
2020-07-12,Colombia,NA,Guaviare,86657,0,0,42,0
2020-07-13,Colombia,NA,Guaviare,86657,0,0,42,0
2020-07-14,Colombia,NA,Guaviare,86657,6,0,48,0
2020-07-15,Colombia,NA,Guaviare,86657,3,0,51,0
2020-07-18,Colombia,NA,Guaviare,86657,1,0,52,0
2020-07-19,Colombia,NA,Guaviare,86657,1,0,53,0
2020-07-21,Colombia,NA,Guaviare,86657,1,0,54,0
2020-07-23,Colombia,NA,Guaviare,86657,27,0,81,0
2020-07-26,Colombia,NA,Guaviare,86657,1,0,82,0
2020-07-27,Colombia,NA,Guaviare,86657,13,0,95,0
2020-07-29,Colombia,NA,Guaviare,86657,6,0,101,0
2020-07-30,Colombia,NA,Guaviare,86657,13,0,114,0
2020-07-31,Colombia,NA,Guaviare,86657,0,0,114,0
2020-08-01,Colombia,NA,Guaviare,86657,9,0,123,0
2020-08-02,Colombia,NA,Guaviare,86657,2,0,125,0
2020-08-03,Colombia,NA,Guaviare,86657,6,1,131,1
2020-08-04,Colombia,NA,Guaviare,86657,8,0,139,1
2020-08-05,Colombia,NA,Guaviare,86657,1,0,140,1
2020-08-06,Colombia,NA,Guaviare,86657,0,0,140,1
2020-08-07,Colombia,NA,Guaviare,86657,4,0,144,1
2020-08-08,Colombia,NA,Guaviare,86657,26,0,170,1
2020-08-09,Colombia,NA,Guaviare,86657,6,0,176,1
2020-08-10,Colombia,NA,Guaviare,86657,16,0,192,1
2020-08-11,Colombia,NA,Guaviare,86657,0,0,192,1
2020-08-12,Colombia,NA,Guaviare,86657,2,0,194,1
2020-08-13,Colombia,NA,Guaviare,86657,2,0,196,1
2020-08-14,Colombia,NA,Guaviare,86657,0,0,196,1
2020-08-15,Colombia,NA,Guaviare,86657,4,0,200,1
2020-08-16,Colombia,NA,Guaviare,86657,0,0,200,1
2020-08-17,Colombia,NA,Guaviare,86657,0,0,200,1
2020-08-18,Colombia,NA,Guaviare,86657,3,1,203,2
2020-08-19,Colombia,NA,Guaviare,86657,2,0,205,2
2020-08-20,Colombia,NA,Guaviare,86657,13,0,218,2
2020-08-21,Colombia,NA,Guaviare,86657,1,0,219,2
2020-08-22,Colombia,NA,Guaviare,86657,18,0,237,2
2020-08-23,Colombia,NA,Guaviare,86657,0,1,237,3
2020-08-24,Colombia,NA,Guaviare,86657,0,0,237,3
2020-08-25,Colombia,NA,Guaviare,86657,0,1,237,4
2020-08-26,Colombia,NA,Guaviare,86657,0,0,237,4
2020-08-27,Colombia,NA,Guaviare,86657,1,0,238,4
2020-08-28,Colombia,NA,Guaviare,86657,2,3,240,7
2020-08-29,Colombia,NA,Guaviare,86657,32,0,272,7
2020-08-30,Colombia,NA,Guaviare,86657,0,0,272,7
2020-08-31,Colombia,NA,Guaviare,86657,7,0,279,7
2020-09-01,Colombia,NA,Guaviare,86657,18,0,297,7
2020-09-02,Colombia,NA,Guaviare,86657,33,0,330,7
2020-09-03,Colombia,NA,Guaviare,86657,3,0,333,7
2020-09-04,Colombia,NA,Guaviare,86657,8,0,341,7
2020-09-05,Colombia,NA,Guaviare,86657,14,0,355,7
2020-09-06,Colombia,NA,Guaviare,86657,5,0,360,7
2020-09-07,Colombia,NA,Guaviare,86657,14,0,374,7
2020-09-08,Colombia,NA,Guaviare,86657,26,0,400,7
2020-09-09,Colombia,NA,Guaviare,86657,39,0,439,7
2020-09-10,Colombia,NA,Guaviare,86657,18,1,457,8
2020-09-11,Colombia,NA,Guaviare,86657,8,0,465,8
2020-09-12,Colombia,NA,Guaviare,86657,19,0,484,8
2020-09-13,Colombia,NA,Guaviare,86657,18,0,502,8
2020-09-14,Colombia,NA,Guaviare,86657,15,0,517,8
2020-03-23,Colombia,NA,Huila,1122622,1,0,11,0
2020-03-24,Colombia,NA,Huila,1122622,3,0,14,0
2020-03-25,Colombia,NA,Huila,1122622,0,1,14,1
2020-03-28,Colombia,NA,Huila,1122622,0,0,14,1
2020-03-29,Colombia,NA,Huila,1122622,2,0,16,1
2020-03-30,Colombia,NA,Huila,1122622,5,0,21,1
2020-03-31,Colombia,NA,Huila,1122622,3,0,24,1
2020-04-01,Colombia,NA,Huila,1122622,6,0,30,1
2020-04-02,Colombia,NA,Huila,1122622,0,0,30,1
2020-04-03,Colombia,NA,Huila,1122622,2,0,32,1
2020-04-04,Colombia,NA,Huila,1122622,2,0,34,1
2020-04-06,Colombia,NA,Huila,1122622,0,1,34,2
2020-04-07,Colombia,NA,Huila,1122622,0,0,34,2
2020-04-08,Colombia,NA,Huila,1122622,4,0,38,2
2020-04-09,Colombia,NA,Huila,1122622,1,1,39,3
2020-04-10,Colombia,NA,Huila,1122622,2,0,41,3
2020-04-11,Colombia,NA,Huila,1122622,11,0,52,3
2020-04-12,Colombia,NA,Huila,1122622,0,0,52,3
2020-04-13,Colombia,NA,Huila,1122622,3,1,55,4
2020-04-14,Colombia,NA,Huila,1122622,0,1,55,5
2020-04-15,Colombia,NA,Huila,1122622,0,0,55,5
2020-04-16,Colombia,NA,Huila,1122622,5,0,60,5
2020-04-17,Colombia,NA,Huila,1122622,2,0,62,5
2020-04-18,Colombia,NA,Huila,1122622,16,0,78,5
2020-04-20,Colombia,NA,Huila,1122622,1,0,79,5
2020-04-21,Colombia,NA,Huila,1122622,2,0,81,5
2020-04-23,Colombia,NA,Huila,1122622,0,0,81,5
2020-04-24,Colombia,NA,Huila,1122622,1,0,82,5
2020-04-25,Colombia,NA,Huila,1122622,2,2,84,7
2020-04-26,Colombia,NA,Huila,1122622,3,1,87,8
2020-04-27,Colombia,NA,Huila,1122622,5,0,92,8
2020-04-28,Colombia,NA,Huila,1122622,9,0,101,8
2020-04-29,Colombia,NA,Huila,1122622,3,0,104,8
2020-04-30,Colombia,NA,Huila,1122622,16,1,120,9
2020-05-01,Colombia,NA,Huila,1122622,13,0,133,9
2020-05-02,Colombia,NA,Huila,1122622,0,0,133,9
2020-05-03,Colombia,NA,Huila,1122622,0,0,133,9
2020-05-04,Colombia,NA,Huila,1122622,1,1,134,10
2020-05-05,Colombia,NA,Huila,1122622,3,0,137,10
2020-05-06,Colombia,NA,Huila,1122622,0,0,137,10
2020-05-07,Colombia,NA,Huila,1122622,10,0,147,10
2020-05-08,Colombia,NA,Huila,1122622,0,0,147,10
2020-05-09,Colombia,NA,Huila,1122622,0,0,147,10
2020-05-10,Colombia,NA,Huila,1122622,31,0,178,10
2020-05-11,Colombia,NA,Huila,1122622,1,0,179,10
2020-05-12,Colombia,NA,Huila,1122622,6,1,185,11
2020-05-13,Colombia,NA,Huila,1122622,1,0,186,11
2020-05-14,Colombia,NA,Huila,1122622,0,0,186,11
2020-05-15,Colombia,NA,Huila,1122622,20,0,206,11
2020-05-16,Colombia,NA,Huila,1122622,1,1,207,12
2020-05-17,Colombia,NA,Huila,1122622,2,1,209,13
2020-05-18,Colombia,NA,Huila,1122622,4,0,213,13
2020-05-19,Colombia,NA,Huila,1122622,0,0,213,13
2020-05-20,Colombia,NA,Huila,1122622,7,0,220,13
2020-05-21,Colombia,NA,Huila,1122622,8,0,228,13
2020-05-22,Colombia,NA,Huila,1122622,4,0,232,13
2020-05-23,Colombia,NA,Huila,1122622,2,0,234,13
2020-05-25,Colombia,NA,Huila,1122622,4,0,238,13
2020-05-26,Colombia,NA,Huila,1122622,2,0,240,13
2020-05-27,Colombia,NA,Huila,1122622,5,0,245,13
2020-05-28,Colombia,NA,Huila,1122622,3,0,248,13
2020-05-29,Colombia,NA,Huila,1122622,0,0,248,13
2020-05-30,Colombia,NA,Huila,1122622,0,0,248,13
2020-05-31,Colombia,NA,Huila,1122622,2,0,250,13
2020-06-01,Colombia,NA,Huila,1122622,2,0,252,13
2020-06-02,Colombia,NA,Huila,1122622,0,0,252,13
2020-06-03,Colombia,NA,Huila,1122622,1,0,253,13
2020-06-04,Colombia,NA,Huila,1122622,1,0,254,13
2020-06-05,Colombia,NA,Huila,1122622,0,0,254,13
2020-06-07,Colombia,NA,Huila,1122622,2,0,256,13
2020-06-08,Colombia,NA,Huila,1122622,2,0,258,13
2020-06-09,Colombia,NA,Huila,1122622,2,0,260,13
2020-06-10,Colombia,NA,Huila,1122622,0,0,260,13
2020-06-11,Colombia,NA,Huila,1122622,7,0,267,13
2020-06-13,Colombia,NA,Huila,1122622,3,0,270,13
2020-06-14,Colombia,NA,Huila,1122622,2,0,272,13
2020-06-15,Colombia,NA,Huila,1122622,2,0,274,13
2020-06-16,Colombia,NA,Huila,1122622,4,0,278,13
2020-06-17,Colombia,NA,Huila,1122622,4,0,282,13
2020-06-18,Colombia,NA,Huila,1122622,4,0,286,13
2020-06-19,Colombia,NA,Huila,1122622,2,0,288,13
2020-06-20,Colombia,NA,Huila,1122622,6,0,294,13
2020-06-21,Colombia,NA,Huila,1122622,13,0,307,13
2020-06-22,Colombia,NA,Huila,1122622,2,1,309,14
2020-06-23,Colombia,NA,Huila,1122622,6,0,315,14
2020-06-24,Colombia,NA,Huila,1122622,1,0,316,14
2020-06-25,Colombia,NA,Huila,1122622,3,0,319,14
2020-06-26,Colombia,NA,Huila,1122622,4,0,323,14
2020-06-27,Colombia,NA,Huila,1122622,1,0,324,14
2020-06-28,Colombia,NA,Huila,1122622,3,0,327,14
2020-06-29,Colombia,NA,Huila,1122622,7,1,334,15
2020-06-30,Colombia,NA,Huila,1122622,3,0,337,15
2020-07-01,Colombia,NA,Huila,1122622,0,0,337,15
2020-07-02,Colombia,NA,Huila,1122622,24,0,361,15
2020-07-03,Colombia,NA,Huila,1122622,4,0,365,15
2020-07-04,Colombia,NA,Huila,1122622,5,0,370,15
2020-07-05,Colombia,NA,Huila,1122622,6,2,376,17
2020-07-06,Colombia,NA,Huila,1122622,5,0,381,17
2020-07-07,Colombia,NA,Huila,1122622,1,0,382,17
2020-07-08,Colombia,NA,Huila,1122622,9,0,391,17
2020-07-09,Colombia,NA,Huila,1122622,8,0,399,17
2020-07-10,Colombia,NA,Huila,1122622,16,0,415,17
2020-07-11,Colombia,NA,Huila,1122622,7,1,422,18
2020-07-12,Colombia,NA,Huila,1122622,10,0,432,18
2020-07-13,Colombia,NA,Huila,1122622,16,0,448,18
2020-07-14,Colombia,NA,Huila,1122622,19,1,467,19
2020-07-15,Colombia,NA,Huila,1122622,22,0,489,19
2020-07-16,Colombia,NA,Huila,1122622,9,1,498,20
2020-07-17,Colombia,NA,Huila,1122622,26,0,524,20
2020-07-18,Colombia,NA,Huila,1122622,43,0,567,20
2020-07-19,Colombia,NA,Huila,1122622,18,1,585,21
2020-07-20,Colombia,NA,Huila,1122622,6,1,591,22
2020-07-21,Colombia,NA,Huila,1122622,20,2,611,24
2020-07-22,Colombia,NA,Huila,1122622,44,0,655,24
2020-07-23,Colombia,NA,Huila,1122622,27,0,682,24
2020-07-24,Colombia,NA,Huila,1122622,39,2,721,26
2020-07-25,Colombia,NA,Huila,1122622,34,0,755,26
2020-07-26,Colombia,NA,Huila,1122622,17,3,772,29
2020-07-27,Colombia,NA,Huila,1122622,36,1,808,30
2020-07-28,Colombia,NA,Huila,1122622,44,1,852,31
2020-07-29,Colombia,NA,Huila,1122622,129,1,981,32
2020-07-30,Colombia,NA,Huila,1122622,26,2,1007,34
2020-07-31,Colombia,NA,Huila,1122622,58,2,1065,36
2020-08-01,Colombia,NA,Huila,1122622,50,1,1115,37
2020-08-02,Colombia,NA,Huila,1122622,84,2,1199,39
2020-08-03,Colombia,NA,Huila,1122622,62,3,1261,42
2020-08-04,Colombia,NA,Huila,1122622,51,3,1312,45
2020-08-05,Colombia,NA,Huila,1122622,61,2,1373,47
2020-08-06,Colombia,NA,Huila,1122622,89,2,1462,49
2020-08-07,Colombia,NA,Huila,1122622,121,3,1583,52
2020-08-08,Colombia,NA,Huila,1122622,197,6,1780,58
2020-08-09,Colombia,NA,Huila,1122622,112,5,1892,63
2020-08-10,Colombia,NA,Huila,1122622,159,6,2051,69
2020-08-11,Colombia,NA,Huila,1122622,85,2,2136,71
2020-08-12,Colombia,NA,Huila,1122622,201,3,2337,74
2020-08-13,Colombia,NA,Huila,1122622,77,3,2414,77
2020-08-14,Colombia,NA,Huila,1122622,174,5,2588,82
2020-08-15,Colombia,NA,Huila,1122622,110,7,2698,89
2020-08-16,Colombia,NA,Huila,1122622,176,4,2874,93
2020-08-17,Colombia,NA,Huila,1122622,159,2,3033,95
2020-08-18,Colombia,NA,Huila,1122622,143,3,3176,98
2020-08-19,Colombia,NA,Huila,1122622,65,3,3241,101
2020-08-20,Colombia,NA,Huila,1122622,213,8,3454,109
2020-08-21,Colombia,NA,Huila,1122622,44,4,3498,113
2020-08-22,Colombia,NA,Huila,1122622,195,3,3693,116
2020-08-23,Colombia,NA,Huila,1122622,61,8,3754,124
2020-08-24,Colombia,NA,Huila,1122622,137,6,3891,130
2020-08-25,Colombia,NA,Huila,1122622,107,11,3998,141
2020-08-26,Colombia,NA,Huila,1122622,494,4,4492,145
2020-08-27,Colombia,NA,Huila,1122622,196,5,4688,150
2020-08-28,Colombia,NA,Huila,1122622,188,8,4876,158
2020-08-29,Colombia,NA,Huila,1122622,255,4,5131,162
2020-08-30,Colombia,NA,Huila,1122622,130,4,5261,166
2020-08-31,Colombia,NA,Huila,1122622,173,4,5434,170
2020-09-01,Colombia,NA,Huila,1122622,180,10,5614,180
2020-09-02,Colombia,NA,Huila,1122622,280,12,5894,192
2020-09-03,Colombia,NA,Huila,1122622,148,7,6042,199
2020-09-04,Colombia,NA,Huila,1122622,189,7,6231,206
2020-09-05,Colombia,NA,Huila,1122622,109,6,6340,212
2020-09-06,Colombia,NA,Huila,1122622,282,8,6622,220
2020-09-07,Colombia,NA,Huila,1122622,178,7,6800,227
2020-09-08,Colombia,NA,Huila,1122622,264,10,7064,237
2020-09-09,Colombia,NA,Huila,1122622,212,6,7276,243
2020-09-10,Colombia,NA,Huila,1122622,227,4,7503,247
2020-09-11,Colombia,NA,Huila,1122622,168,3,7671,250
2020-09-12,Colombia,NA,Huila,1122622,191,3,7862,253
2020-09-13,Colombia,NA,Huila,1122622,82,7,7944,260
2020-09-14,Colombia,NA,Huila,1122622,237,6,8181,266
2020-05-05,Colombia,NA,La Guajira,965718,4,0,14,3
2020-05-06,Colombia,NA,La Guajira,965718,0,1,14,4
2020-05-07,Colombia,NA,La Guajira,965718,0,0,14,4
2020-05-08,Colombia,NA,La Guajira,965718,1,0,15,4
2020-05-10,Colombia,NA,La Guajira,965718,12,0,27,4
2020-05-11,Colombia,NA,La Guajira,965718,0,1,27,5
2020-05-12,Colombia,NA,La Guajira,965718,1,0,28,5
2020-05-13,Colombia,NA,La Guajira,965718,4,0,32,5
2020-05-15,Colombia,NA,La Guajira,965718,3,0,35,5
2020-05-16,Colombia,NA,La Guajira,965718,10,0,45,5
2020-05-17,Colombia,NA,La Guajira,965718,2,0,47,5
2020-05-19,Colombia,NA,La Guajira,965718,0,0,47,5
2020-05-20,Colombia,NA,La Guajira,965718,0,0,47,5
2020-05-21,Colombia,NA,La Guajira,965718,0,0,47,5
2020-05-22,Colombia,NA,La Guajira,965718,0,0,47,5
2020-05-23,Colombia,NA,La Guajira,965718,1,0,48,5
2020-05-25,Colombia,NA,La Guajira,965718,1,0,49,5
2020-05-26,Colombia,NA,La Guajira,965718,5,0,54,5
2020-05-27,Colombia,NA,La Guajira,965718,1,0,55,5
2020-05-28,Colombia,NA,La Guajira,965718,2,0,57,5
2020-05-29,Colombia,NA,La Guajira,965718,0,0,57,5
2020-05-30,Colombia,NA,La Guajira,965718,2,0,59,5
2020-05-31,Colombia,NA,La Guajira,965718,3,0,62,5
2020-06-01,Colombia,NA,La Guajira,965718,2,0,64,5
2020-06-02,Colombia,NA,La Guajira,965718,2,0,66,5
2020-06-03,Colombia,NA,La Guajira,965718,0,0,66,5
2020-06-04,Colombia,NA,La Guajira,965718,3,0,69,5
2020-06-05,Colombia,NA,La Guajira,965718,4,0,73,5
2020-06-06,Colombia,NA,La Guajira,965718,35,1,108,6
2020-06-07,Colombia,NA,La Guajira,965718,1,2,109,8
2020-06-08,Colombia,NA,La Guajira,965718,1,1,110,9
2020-06-09,Colombia,NA,La Guajira,965718,4,0,114,9
2020-06-11,Colombia,NA,La Guajira,965718,1,0,115,9
2020-06-12,Colombia,NA,La Guajira,965718,0,0,115,9
2020-06-13,Colombia,NA,La Guajira,965718,7,0,122,9
2020-06-14,Colombia,NA,La Guajira,965718,7,2,129,11
2020-06-15,Colombia,NA,La Guajira,965718,11,0,140,11
2020-06-16,Colombia,NA,La Guajira,965718,9,0,149,11
2020-06-17,Colombia,NA,La Guajira,965718,9,1,158,12
2020-06-18,Colombia,NA,La Guajira,965718,3,0,161,12
2020-06-19,Colombia,NA,La Guajira,965718,8,0,169,12
2020-06-20,Colombia,NA,La Guajira,965718,14,2,183,14
2020-06-21,Colombia,NA,La Guajira,965718,24,4,207,18
2020-06-22,Colombia,NA,La Guajira,965718,9,0,216,18
2020-06-23,Colombia,NA,La Guajira,965718,8,0,224,18
2020-06-24,Colombia,NA,La Guajira,965718,20,0,244,18
2020-06-25,Colombia,NA,La Guajira,965718,13,2,257,20
2020-06-26,Colombia,NA,La Guajira,965718,25,5,282,25
2020-06-27,Colombia,NA,La Guajira,965718,20,1,302,26
2020-06-28,Colombia,NA,La Guajira,965718,83,2,385,28
2020-06-29,Colombia,NA,La Guajira,965718,53,4,438,32
2020-06-30,Colombia,NA,La Guajira,965718,34,1,472,33
2020-07-01,Colombia,NA,La Guajira,965718,28,7,500,40
2020-07-02,Colombia,NA,La Guajira,965718,65,6,565,46
2020-07-03,Colombia,NA,La Guajira,965718,42,2,607,48
2020-07-04,Colombia,NA,La Guajira,965718,45,1,652,49
2020-07-05,Colombia,NA,La Guajira,965718,44,3,696,52
2020-07-06,Colombia,NA,La Guajira,965718,49,6,745,58
2020-07-07,Colombia,NA,La Guajira,965718,72,1,817,59
2020-07-08,Colombia,NA,La Guajira,965718,76,3,893,62
2020-07-09,Colombia,NA,La Guajira,965718,68,3,961,65
2020-07-10,Colombia,NA,La Guajira,965718,58,4,1019,69
2020-07-11,Colombia,NA,La Guajira,965718,66,8,1085,77
2020-07-12,Colombia,NA,La Guajira,965718,60,4,1145,81
2020-07-13,Colombia,NA,La Guajira,965718,70,4,1215,85
2020-07-14,Colombia,NA,La Guajira,965718,145,4,1360,89
2020-07-15,Colombia,NA,La Guajira,965718,92,6,1452,95
2020-07-16,Colombia,NA,La Guajira,965718,26,4,1478,99
2020-07-17,Colombia,NA,La Guajira,965718,88,3,1566,102
2020-07-18,Colombia,NA,La Guajira,965718,69,1,1635,103
2020-07-19,Colombia,NA,La Guajira,965718,48,4,1683,107
2020-07-20,Colombia,NA,La Guajira,965718,39,5,1722,112
2020-07-21,Colombia,NA,La Guajira,965718,44,6,1766,118
2020-07-22,Colombia,NA,La Guajira,965718,56,4,1822,122
2020-07-23,Colombia,NA,La Guajira,965718,50,3,1872,125
2020-07-24,Colombia,NA,La Guajira,965718,83,9,1955,134
2020-07-25,Colombia,NA,La Guajira,965718,51,0,2006,134
2020-07-26,Colombia,NA,La Guajira,965718,34,3,2040,137
2020-07-27,Colombia,NA,La Guajira,965718,136,0,2176,137
2020-07-28,Colombia,NA,La Guajira,965718,44,1,2220,138
2020-07-29,Colombia,NA,La Guajira,965718,28,4,2248,142
2020-07-30,Colombia,NA,La Guajira,965718,20,3,2268,145
2020-07-31,Colombia,NA,La Guajira,965718,43,3,2311,148
2020-08-01,Colombia,NA,La Guajira,965718,64,3,2375,151
2020-08-02,Colombia,NA,La Guajira,965718,62,5,2437,156
2020-08-03,Colombia,NA,La Guajira,965718,74,6,2511,162
2020-08-04,Colombia,NA,La Guajira,965718,51,4,2562,166
2020-08-05,Colombia,NA,La Guajira,965718,86,2,2648,168
2020-08-06,Colombia,NA,La Guajira,965718,98,0,2746,168
2020-08-07,Colombia,NA,La Guajira,965718,51,5,2797,173
2020-08-08,Colombia,NA,La Guajira,965718,78,2,2875,175
2020-08-09,Colombia,NA,La Guajira,965718,84,2,2959,177
2020-08-10,Colombia,NA,La Guajira,965718,213,4,3172,181
2020-08-11,Colombia,NA,La Guajira,965718,97,8,3269,189
2020-08-12,Colombia,NA,La Guajira,965718,169,3,3438,192
2020-08-13,Colombia,NA,La Guajira,965718,97,2,3535,194
2020-08-14,Colombia,NA,La Guajira,965718,83,5,3618,199
2020-08-15,Colombia,NA,La Guajira,965718,72,3,3690,202
2020-08-16,Colombia,NA,La Guajira,965718,110,2,3800,204
2020-08-17,Colombia,NA,La Guajira,965718,53,4,3853,208
2020-08-18,Colombia,NA,La Guajira,965718,160,6,4013,214
2020-08-19,Colombia,NA,La Guajira,965718,58,4,4071,218
2020-08-20,Colombia,NA,La Guajira,965718,216,2,4287,220
2020-08-21,Colombia,NA,La Guajira,965718,120,6,4407,226
2020-08-22,Colombia,NA,La Guajira,965718,88,5,4495,231
2020-08-23,Colombia,NA,La Guajira,965718,45,1,4540,232
2020-08-24,Colombia,NA,La Guajira,965718,122,2,4662,234
2020-08-25,Colombia,NA,La Guajira,965718,35,5,4697,239
2020-08-26,Colombia,NA,La Guajira,965718,119,0,4816,239
2020-08-27,Colombia,NA,La Guajira,965718,97,4,4913,243
2020-08-28,Colombia,NA,La Guajira,965718,116,1,5029,244
2020-08-29,Colombia,NA,La Guajira,965718,71,3,5100,247
2020-08-30,Colombia,NA,La Guajira,965718,140,1,5240,248
2020-08-31,Colombia,NA,La Guajira,965718,47,2,5287,250
2020-09-01,Colombia,NA,La Guajira,965718,178,4,5465,254
2020-09-02,Colombia,NA,La Guajira,965718,156,3,5621,257
2020-09-03,Colombia,NA,La Guajira,965718,64,6,5685,263
2020-09-04,Colombia,NA,La Guajira,965718,173,1,5858,264
2020-09-05,Colombia,NA,La Guajira,965718,51,0,5909,264
2020-09-06,Colombia,NA,La Guajira,965718,58,2,5967,266
2020-09-07,Colombia,NA,La Guajira,965718,119,1,6086,267
2020-09-08,Colombia,NA,La Guajira,965718,180,2,6266,269
2020-09-09,Colombia,NA,La Guajira,965718,115,3,6381,272
2020-09-10,Colombia,NA,La Guajira,965718,95,0,6476,272
2020-09-11,Colombia,NA,La Guajira,965718,75,0,6551,272
2020-09-12,Colombia,NA,La Guajira,965718,90,4,6641,276
2020-09-13,Colombia,NA,La Guajira,965718,33,2,6674,278
2020-09-14,Colombia,NA,La Guajira,965718,182,1,6856,279
2020-03-31,Colombia,NA,Magdalena,1427026,2,0,11,2
2020-04-01,Colombia,NA,Magdalena,1427026,2,0,13,2
2020-04-05,Colombia,NA,Magdalena,1427026,0,2,13,4
2020-04-06,Colombia,NA,Magdalena,1427026,0,0,13,4
2020-04-07,Colombia,NA,Magdalena,1427026,0,1,13,5
2020-04-08,Colombia,NA,Magdalena,1427026,14,1,27,6
2020-04-09,Colombia,NA,Magdalena,1427026,4,1,31,7
2020-04-10,Colombia,NA,Magdalena,1427026,12,0,43,7
2020-04-11,Colombia,NA,Magdalena,1427026,15,0,58,7
2020-04-12,Colombia,NA,Magdalena,1427026,4,2,62,9
2020-04-13,Colombia,NA,Magdalena,1427026,5,0,67,9
2020-04-14,Colombia,NA,Magdalena,1427026,0,1,67,10
2020-04-15,Colombia,NA,Magdalena,1427026,4,0,71,10
2020-04-16,Colombia,NA,Magdalena,1427026,16,0,87,10
2020-04-17,Colombia,NA,Magdalena,1427026,2,0,89,10
2020-04-18,Colombia,NA,Magdalena,1427026,0,2,89,12
2020-04-20,Colombia,NA,Magdalena,1427026,5,0,94,12
2020-04-21,Colombia,NA,Magdalena,1427026,17,0,111,12
2020-04-22,Colombia,NA,Magdalena,1427026,10,1,121,13
2020-04-23,Colombia,NA,Magdalena,1427026,22,1,143,14
2020-04-24,Colombia,NA,Magdalena,1427026,4,0,147,14
2020-04-25,Colombia,NA,Magdalena,1427026,5,1,152,15
2020-04-26,Colombia,NA,Magdalena,1427026,8,3,160,18
2020-04-27,Colombia,NA,Magdalena,1427026,3,0,163,18
2020-04-28,Colombia,NA,Magdalena,1427026,3,1,166,19
2020-04-29,Colombia,NA,Magdalena,1427026,6,0,172,19
2020-04-30,Colombia,NA,Magdalena,1427026,30,1,202,20
2020-05-01,Colombia,NA,Magdalena,1427026,18,0,220,20
2020-05-02,Colombia,NA,Magdalena,1427026,10,1,230,21
2020-05-03,Colombia,NA,Magdalena,1427026,6,2,236,23
2020-05-04,Colombia,NA,Magdalena,1427026,6,2,242,25
2020-05-05,Colombia,NA,Magdalena,1427026,15,1,257,26
2020-05-06,Colombia,NA,Magdalena,1427026,0,0,257,26
2020-05-07,Colombia,NA,Magdalena,1427026,1,1,258,27
2020-05-08,Colombia,NA,Magdalena,1427026,6,3,264,30
2020-05-09,Colombia,NA,Magdalena,1427026,0,1,264,31
2020-05-10,Colombia,NA,Magdalena,1427026,8,1,272,32
2020-05-11,Colombia,NA,Magdalena,1427026,12,1,284,33
2020-05-12,Colombia,NA,Magdalena,1427026,24,1,308,34
2020-05-13,Colombia,NA,Magdalena,1427026,14,1,322,35
2020-05-14,Colombia,NA,Magdalena,1427026,33,0,355,35
2020-05-15,Colombia,NA,Magdalena,1427026,25,0,380,35
2020-05-16,Colombia,NA,Magdalena,1427026,25,0,405,35
2020-05-17,Colombia,NA,Magdalena,1427026,5,1,410,36
2020-05-18,Colombia,NA,Magdalena,1427026,26,0,436,36
2020-05-19,Colombia,NA,Magdalena,1427026,6,2,442,38
2020-05-20,Colombia,NA,Magdalena,1427026,6,1,448,39
2020-05-21,Colombia,NA,Magdalena,1427026,18,0,466,39
2020-05-22,Colombia,NA,Magdalena,1427026,17,2,483,41
2020-05-23,Colombia,NA,Magdalena,1427026,3,3,486,44
2020-05-24,Colombia,NA,Magdalena,1427026,6,0,492,44
2020-05-25,Colombia,NA,Magdalena,1427026,11,1,503,45
2020-05-26,Colombia,NA,Magdalena,1427026,23,1,526,46
2020-05-27,Colombia,NA,Magdalena,1427026,19,1,545,47
2020-05-28,Colombia,NA,Magdalena,1427026,9,0,554,47
2020-05-29,Colombia,NA,Magdalena,1427026,13,2,567,49
2020-05-30,Colombia,NA,Magdalena,1427026,28,2,595,51
2020-05-31,Colombia,NA,Magdalena,1427026,15,3,610,54
2020-06-01,Colombia,NA,Magdalena,1427026,24,1,634,55
2020-06-02,Colombia,NA,Magdalena,1427026,17,1,651,56
2020-06-03,Colombia,NA,Magdalena,1427026,52,0,703,56
2020-06-04,Colombia,NA,Magdalena,1427026,11,1,714,57
2020-06-05,Colombia,NA,Magdalena,1427026,17,2,731,59
2020-06-06,Colombia,NA,Magdalena,1427026,15,1,746,60
2020-06-07,Colombia,NA,Magdalena,1427026,3,0,749,60
2020-06-08,Colombia,NA,Magdalena,1427026,25,2,774,62
2020-06-09,Colombia,NA,Magdalena,1427026,19,2,793,64
2020-06-10,Colombia,NA,Magdalena,1427026,21,3,814,67
2020-06-11,Colombia,NA,Magdalena,1427026,30,4,844,71
2020-06-12,Colombia,NA,Magdalena,1427026,2,4,846,75
2020-06-13,Colombia,NA,Magdalena,1427026,64,3,910,78
2020-06-14,Colombia,NA,Magdalena,1427026,17,9,927,87
2020-06-15,Colombia,NA,Magdalena,1427026,26,3,953,90
2020-06-16,Colombia,NA,Magdalena,1427026,22,4,975,94
2020-06-17,Colombia,NA,Magdalena,1427026,27,4,1002,98
2020-06-18,Colombia,NA,Magdalena,1427026,88,7,1090,105
2020-06-19,Colombia,NA,Magdalena,1427026,31,5,1121,110
2020-06-20,Colombia,NA,Magdalena,1427026,48,1,1169,111
2020-06-21,Colombia,NA,Magdalena,1427026,60,7,1229,118
2020-06-22,Colombia,NA,Magdalena,1427026,34,11,1263,129
2020-06-23,Colombia,NA,Magdalena,1427026,29,5,1292,134
2020-06-24,Colombia,NA,Magdalena,1427026,70,7,1362,141
2020-06-25,Colombia,NA,Magdalena,1427026,103,11,1465,152
2020-06-26,Colombia,NA,Magdalena,1427026,119,7,1584,159
2020-06-27,Colombia,NA,Magdalena,1427026,72,9,1656,168
2020-06-28,Colombia,NA,Magdalena,1427026,114,7,1770,175
2020-06-29,Colombia,NA,Magdalena,1427026,77,10,1847,185
2020-06-30,Colombia,NA,Magdalena,1427026,82,16,1929,201
2020-07-01,Colombia,NA,Magdalena,1427026,76,13,2005,214
2020-07-02,Colombia,NA,Magdalena,1427026,139,12,2144,226
2020-07-03,Colombia,NA,Magdalena,1427026,58,7,2202,233
2020-07-04,Colombia,NA,Magdalena,1427026,110,6,2312,239
2020-07-05,Colombia,NA,Magdalena,1427026,53,15,2365,254
2020-07-06,Colombia,NA,Magdalena,1427026,93,16,2458,270
2020-07-07,Colombia,NA,Magdalena,1427026,148,11,2606,281
2020-07-08,Colombia,NA,Magdalena,1427026,113,14,2719,295
2020-07-09,Colombia,NA,Magdalena,1427026,241,8,2960,303
2020-07-10,Colombia,NA,Magdalena,1427026,198,7,3158,310
2020-07-11,Colombia,NA,Magdalena,1427026,180,13,3338,323
2020-07-12,Colombia,NA,Magdalena,1427026,47,12,3385,335
2020-07-13,Colombia,NA,Magdalena,1427026,222,5,3607,340
2020-07-14,Colombia,NA,Magdalena,1427026,137,7,3744,347
2020-07-15,Colombia,NA,Magdalena,1427026,163,12,3907,359
2020-07-16,Colombia,NA,Magdalena,1427026,205,14,4112,373
2020-07-17,Colombia,NA,Magdalena,1427026,188,13,4300,386
2020-07-18,Colombia,NA,Magdalena,1427026,248,12,4548,398
2020-07-19,Colombia,NA,Magdalena,1427026,139,4,4687,402
2020-07-20,Colombia,NA,Magdalena,1427026,133,8,4820,410
2020-07-21,Colombia,NA,Magdalena,1427026,229,12,5049,422
2020-07-22,Colombia,NA,Magdalena,1427026,232,7,5281,429
2020-07-23,Colombia,NA,Magdalena,1427026,116,9,5397,438
2020-07-24,Colombia,NA,Magdalena,1427026,131,12,5528,450
2020-07-25,Colombia,NA,Magdalena,1427026,96,6,5624,456
2020-07-26,Colombia,NA,Magdalena,1427026,219,6,5843,462
2020-07-27,Colombia,NA,Magdalena,1427026,203,14,6046,476
2020-07-28,Colombia,NA,Magdalena,1427026,138,10,6184,486
2020-07-29,Colombia,NA,Magdalena,1427026,270,11,6454,497
2020-07-30,Colombia,NA,Magdalena,1427026,178,10,6632,507
2020-07-31,Colombia,NA,Magdalena,1427026,183,15,6815,522
2020-08-01,Colombia,NA,Magdalena,1427026,328,8,7143,530
2020-08-02,Colombia,NA,Magdalena,1427026,162,5,7305,535
2020-08-03,Colombia,NA,Magdalena,1427026,159,13,7464,548
2020-08-04,Colombia,NA,Magdalena,1427026,347,4,7811,552
2020-08-05,Colombia,NA,Magdalena,1427026,251,11,8062,563
2020-08-06,Colombia,NA,Magdalena,1427026,143,10,8205,573
2020-08-07,Colombia,NA,Magdalena,1427026,248,5,8453,578
2020-08-08,Colombia,NA,Magdalena,1427026,117,8,8570,586
2020-08-09,Colombia,NA,Magdalena,1427026,207,5,8777,591
2020-08-10,Colombia,NA,Magdalena,1427026,386,9,9163,600
2020-08-11,Colombia,NA,Magdalena,1427026,276,13,9439,613
2020-08-12,Colombia,NA,Magdalena,1427026,393,5,9832,618
2020-08-13,Colombia,NA,Magdalena,1427026,199,13,10031,631
2020-08-14,Colombia,NA,Magdalena,1427026,198,12,10229,643
2020-08-15,Colombia,NA,Magdalena,1427026,170,13,10399,656
2020-08-16,Colombia,NA,Magdalena,1427026,115,11,10514,667
2020-08-17,Colombia,NA,Magdalena,1427026,192,10,10706,677
2020-08-18,Colombia,NA,Magdalena,1427026,157,6,10863,683
2020-08-19,Colombia,NA,Magdalena,1427026,69,8,10932,691
2020-08-20,Colombia,NA,Magdalena,1427026,149,5,11081,696
2020-08-21,Colombia,NA,Magdalena,1427026,182,8,11263,704
2020-08-22,Colombia,NA,Magdalena,1427026,57,8,11320,712
2020-08-23,Colombia,NA,Magdalena,1427026,94,5,11414,717
2020-08-24,Colombia,NA,Magdalena,1427026,162,11,11576,728
2020-08-25,Colombia,NA,Magdalena,1427026,145,8,11721,736
2020-08-26,Colombia,NA,Magdalena,1427026,135,9,11856,745
2020-08-27,Colombia,NA,Magdalena,1427026,154,8,12010,753
2020-08-28,Colombia,NA,Magdalena,1427026,185,10,12195,763
2020-08-29,Colombia,NA,Magdalena,1427026,101,2,12296,765
2020-08-30,Colombia,NA,Magdalena,1427026,132,3,12428,768
2020-08-31,Colombia,NA,Magdalena,1427026,84,7,12512,775
2020-09-01,Colombia,NA,Magdalena,1427026,123,5,12635,780
2020-09-02,Colombia,NA,Magdalena,1427026,208,3,12843,783
2020-09-03,Colombia,NA,Magdalena,1427026,102,7,12945,790
2020-09-04,Colombia,NA,Magdalena,1427026,78,9,13023,799
2020-09-05,Colombia,NA,Magdalena,1427026,35,4,13058,803
2020-09-06,Colombia,NA,Magdalena,1427026,53,7,13111,810
2020-09-07,Colombia,NA,Magdalena,1427026,180,8,13291,818
2020-09-08,Colombia,NA,Magdalena,1427026,45,2,13336,820
2020-09-09,Colombia,NA,Magdalena,1427026,133,0,13469,820
2020-09-10,Colombia,NA,Magdalena,1427026,146,1,13615,821
2020-09-11,Colombia,NA,Magdalena,1427026,129,2,13744,823
2020-09-12,Colombia,NA,Magdalena,1427026,51,2,13795,825
2020-09-13,Colombia,NA,Magdalena,1427026,16,0,13811,825
2020-09-14,Colombia,NA,Magdalena,1427026,85,5,13896,830
2020-03-31,Colombia,NA,Meta,1062454,4,0,12,0
2020-04-01,Colombia,NA,Meta,1062454,1,0,13,0
2020-04-02,Colombia,NA,Meta,1062454,0,0,13,0
2020-04-03,Colombia,NA,Meta,1062454,1,0,14,0
2020-04-04,Colombia,NA,Meta,1062454,0,0,14,0
2020-04-05,Colombia,NA,Meta,1062454,1,1,15,1
2020-04-06,Colombia,NA,Meta,1062454,0,1,15,2
2020-04-07,Colombia,NA,Meta,1062454,0,1,15,3
2020-04-09,Colombia,NA,Meta,1062454,1,0,16,3
2020-04-10,Colombia,NA,Meta,1062454,1,0,17,3
2020-04-11,Colombia,NA,Meta,1062454,5,0,22,3
2020-04-13,Colombia,NA,Meta,1062454,2,0,24,3
2020-04-14,Colombia,NA,Meta,1062454,15,0,39,3
2020-04-16,Colombia,NA,Meta,1062454,5,1,44,4
2020-04-17,Colombia,NA,Meta,1062454,2,0,46,4
2020-04-18,Colombia,NA,Meta,1062454,2,0,48,4
2020-04-19,Colombia,NA,Meta,1062454,5,0,53,4
2020-04-20,Colombia,NA,Meta,1062454,4,0,57,4
2020-04-21,Colombia,NA,Meta,1062454,3,0,60,4
2020-04-22,Colombia,NA,Meta,1062454,40,0,100,4
2020-04-23,Colombia,NA,Meta,1062454,36,0,136,4
2020-04-24,Colombia,NA,Meta,1062454,26,0,162,4
2020-04-25,Colombia,NA,Meta,1062454,24,0,186,4
2020-04-26,Colombia,NA,Meta,1062454,46,0,232,4
2020-04-27,Colombia,NA,Meta,1062454,16,0,248,4
2020-04-28,Colombia,NA,Meta,1062454,107,0,355,4
2020-04-29,Colombia,NA,Meta,1062454,8,0,363,4
2020-04-30,Colombia,NA,Meta,1062454,22,2,385,6
2020-05-01,Colombia,NA,Meta,1062454,90,1,475,7
2020-05-02,Colombia,NA,Meta,1062454,4,0,479,7
2020-05-03,Colombia,NA,Meta,1062454,86,0,565,7
2020-05-04,Colombia,NA,Meta,1062454,0,0,565,7
2020-05-05,Colombia,NA,Meta,1062454,154,0,719,7
2020-05-06,Colombia,NA,Meta,1062454,23,0,742,7
2020-05-07,Colombia,NA,Meta,1062454,17,0,759,7
2020-05-08,Colombia,NA,Meta,1062454,76,0,835,7
2020-05-09,Colombia,NA,Meta,1062454,63,0,898,7
2020-05-10,Colombia,NA,Meta,1062454,25,0,923,7
2020-05-11,Colombia,NA,Meta,1062454,4,2,927,9
2020-05-12,Colombia,NA,Meta,1062454,9,0,936,9
2020-05-13,Colombia,NA,Meta,1062454,3,0,939,9
2020-05-14,Colombia,NA,Meta,1062454,2,0,941,9
2020-05-15,Colombia,NA,Meta,1062454,0,0,941,9
2020-05-16,Colombia,NA,Meta,1062454,5,0,946,9
2020-05-17,Colombia,NA,Meta,1062454,4,0,950,9
2020-05-18,Colombia,NA,Meta,1062454,2,0,952,9
2020-05-19,Colombia,NA,Meta,1062454,3,0,955,9
2020-05-20,Colombia,NA,Meta,1062454,9,0,964,9
2020-05-21,Colombia,NA,Meta,1062454,3,0,967,9
2020-05-22,Colombia,NA,Meta,1062454,2,0,969,9
2020-05-23,Colombia,NA,Meta,1062454,0,0,969,9
2020-05-24,Colombia,NA,Meta,1062454,2,0,971,9
2020-05-25,Colombia,NA,Meta,1062454,1,0,972,9
2020-05-26,Colombia,NA,Meta,1062454,3,0,975,9
2020-05-27,Colombia,NA,Meta,1062454,0,0,975,9
2020-05-28,Colombia,NA,Meta,1062454,1,1,976,10
2020-05-29,Colombia,NA,Meta,1062454,1,0,977,10
2020-05-30,Colombia,NA,Meta,1062454,0,0,977,10
2020-05-31,Colombia,NA,Meta,1062454,0,1,977,11
2020-06-01,Colombia,NA,Meta,1062454,3,0,980,11
2020-06-02,Colombia,NA,Meta,1062454,4,0,984,11
2020-06-03,Colombia,NA,Meta,1062454,2,0,986,11
2020-06-04,Colombia,NA,Meta,1062454,2,0,988,11
2020-06-05,Colombia,NA,Meta,1062454,2,0,990,11
2020-06-06,Colombia,NA,Meta,1062454,2,0,992,11
2020-06-07,Colombia,NA,Meta,1062454,2,0,994,11
2020-06-08,Colombia,NA,Meta,1062454,1,0,995,11
2020-06-09,Colombia,NA,Meta,1062454,7,0,1002,11
2020-06-10,Colombia,NA,Meta,1062454,2,1,1004,12
2020-06-11,Colombia,NA,Meta,1062454,12,0,1016,12
2020-06-12,Colombia,NA,Meta,1062454,2,0,1018,12
2020-06-13,Colombia,NA,Meta,1062454,3,0,1021,12
2020-06-14,Colombia,NA,Meta,1062454,2,0,1023,12
2020-06-15,Colombia,NA,Meta,1062454,8,0,1031,12
2020-06-16,Colombia,NA,Meta,1062454,1,0,1032,12
2020-06-17,Colombia,NA,Meta,1062454,6,1,1038,13
2020-06-18,Colombia,NA,Meta,1062454,7,0,1045,13
2020-06-19,Colombia,NA,Meta,1062454,22,1,1067,14
2020-06-20,Colombia,NA,Meta,1062454,8,0,1075,14
2020-06-21,Colombia,NA,Meta,1062454,21,0,1096,14
2020-06-22,Colombia,NA,Meta,1062454,6,0,1102,14
2020-06-23,Colombia,NA,Meta,1062454,30,0,1132,14
2020-06-24,Colombia,NA,Meta,1062454,17,0,1149,14
2020-06-25,Colombia,NA,Meta,1062454,13,1,1162,15
2020-06-26,Colombia,NA,Meta,1062454,22,0,1184,15
2020-06-27,Colombia,NA,Meta,1062454,10,0,1194,15
2020-06-28,Colombia,NA,Meta,1062454,23,0,1217,15
2020-06-29,Colombia,NA,Meta,1062454,8,2,1225,17
2020-06-30,Colombia,NA,Meta,1062454,21,0,1246,17
2020-07-01,Colombia,NA,Meta,1062454,25,0,1271,17
2020-07-02,Colombia,NA,Meta,1062454,26,0,1297,17
2020-07-03,Colombia,NA,Meta,1062454,16,0,1313,17
2020-07-04,Colombia,NA,Meta,1062454,33,0,1346,17
2020-07-05,Colombia,NA,Meta,1062454,16,1,1362,18
2020-07-06,Colombia,NA,Meta,1062454,16,1,1378,19
2020-07-07,Colombia,NA,Meta,1062454,44,0,1422,19
2020-07-08,Colombia,NA,Meta,1062454,23,0,1445,19
2020-07-09,Colombia,NA,Meta,1062454,38,0,1483,19
2020-07-10,Colombia,NA,Meta,1062454,82,0,1565,19
2020-07-11,Colombia,NA,Meta,1062454,64,0,1629,19
2020-07-12,Colombia,NA,Meta,1062454,36,1,1665,20
2020-07-13,Colombia,NA,Meta,1062454,36,2,1701,22
2020-07-14,Colombia,NA,Meta,1062454,100,0,1801,22
2020-07-15,Colombia,NA,Meta,1062454,46,2,1847,24
2020-07-16,Colombia,NA,Meta,1062454,53,0,1900,24
2020-07-17,Colombia,NA,Meta,1062454,43,1,1943,25
2020-07-18,Colombia,NA,Meta,1062454,39,0,1982,25
2020-07-19,Colombia,NA,Meta,1062454,25,5,2007,30
2020-07-20,Colombia,NA,Meta,1062454,29,1,2036,31
2020-07-21,Colombia,NA,Meta,1062454,40,2,2076,33
2020-07-22,Colombia,NA,Meta,1062454,107,1,2183,34
2020-07-23,Colombia,NA,Meta,1062454,64,2,2247,36
2020-07-24,Colombia,NA,Meta,1062454,125,0,2372,36
2020-07-25,Colombia,NA,Meta,1062454,36,1,2408,37
2020-07-26,Colombia,NA,Meta,1062454,49,3,2457,40
2020-07-27,Colombia,NA,Meta,1062454,82,2,2539,42
2020-07-28,Colombia,NA,Meta,1062454,146,0,2685,42
2020-07-29,Colombia,NA,Meta,1062454,108,3,2793,45
2020-07-30,Colombia,NA,Meta,1062454,117,5,2910,50
2020-07-31,Colombia,NA,Meta,1062454,102,4,3012,54
2020-08-01,Colombia,NA,Meta,1062454,77,4,3089,58
2020-08-02,Colombia,NA,Meta,1062454,36,2,3125,60
2020-08-03,Colombia,NA,Meta,1062454,93,2,3218,62
2020-08-04,Colombia,NA,Meta,1062454,210,2,3428,64
2020-08-05,Colombia,NA,Meta,1062454,143,4,3571,68
2020-08-06,Colombia,NA,Meta,1062454,171,3,3742,71
2020-08-07,Colombia,NA,Meta,1062454,251,4,3993,75
2020-08-08,Colombia,NA,Meta,1062454,179,4,4172,79
2020-08-09,Colombia,NA,Meta,1062454,118,8,4290,87
2020-08-10,Colombia,NA,Meta,1062454,173,6,4463,93
2020-08-11,Colombia,NA,Meta,1062454,295,5,4758,98
2020-08-12,Colombia,NA,Meta,1062454,172,5,4930,103
2020-08-13,Colombia,NA,Meta,1062454,189,6,5119,109
2020-08-14,Colombia,NA,Meta,1062454,205,6,5324,115
2020-08-15,Colombia,NA,Meta,1062454,150,5,5474,120
2020-08-16,Colombia,NA,Meta,1062454,163,8,5637,128
2020-08-17,Colombia,NA,Meta,1062454,228,11,5865,139
2020-08-18,Colombia,NA,Meta,1062454,264,8,6129,147
2020-08-19,Colombia,NA,Meta,1062454,174,8,6303,155
2020-08-20,Colombia,NA,Meta,1062454,315,9,6618,164
2020-08-21,Colombia,NA,Meta,1062454,195,3,6813,167
2020-08-22,Colombia,NA,Meta,1062454,240,7,7053,174
2020-08-23,Colombia,NA,Meta,1062454,246,7,7299,181
2020-08-24,Colombia,NA,Meta,1062454,231,6,7530,187
2020-08-25,Colombia,NA,Meta,1062454,296,4,7826,191
2020-08-26,Colombia,NA,Meta,1062454,297,6,8123,197
2020-08-27,Colombia,NA,Meta,1062454,353,13,8476,210
2020-08-28,Colombia,NA,Meta,1062454,225,14,8701,224
2020-08-29,Colombia,NA,Meta,1062454,139,10,8840,234
2020-08-30,Colombia,NA,Meta,1062454,292,8,9132,242
2020-08-31,Colombia,NA,Meta,1062454,237,11,9369,253
2020-09-01,Colombia,NA,Meta,1062454,385,11,9754,264
2020-09-02,Colombia,NA,Meta,1062454,373,9,10127,273
2020-09-03,Colombia,NA,Meta,1062454,144,8,10271,281
2020-09-04,Colombia,NA,Meta,1062454,373,6,10644,287
2020-09-05,Colombia,NA,Meta,1062454,261,7,10905,294
2020-09-06,Colombia,NA,Meta,1062454,182,10,11087,304
2020-09-07,Colombia,NA,Meta,1062454,396,4,11483,308
2020-09-08,Colombia,NA,Meta,1062454,175,8,11658,316
2020-09-09,Colombia,NA,Meta,1062454,273,8,11931,324
2020-09-10,Colombia,NA,Meta,1062454,387,3,12318,327
2020-09-11,Colombia,NA,Meta,1062454,127,11,12445,338
2020-09-12,Colombia,NA,Meta,1062454,220,6,12665,344
2020-09-13,Colombia,NA,Meta,1062454,170,5,12835,349
2020-09-14,Colombia,NA,Meta,1062454,174,8,13009,357
2020-04-09,Colombia,NA,Narino,1627589,19,1,28,2
2020-04-10,Colombia,NA,Narino,1627589,3,0,31,2
2020-04-11,Colombia,NA,Narino,1627589,7,1,38,3
2020-04-12,Colombia,NA,Narino,1627589,1,0,39,3
2020-04-14,Colombia,NA,Narino,1627589,3,1,42,4
2020-04-15,Colombia,NA,Narino,1627589,1,1,43,5
2020-04-16,Colombia,NA,Narino,1627589,2,0,45,5
2020-04-17,Colombia,NA,Narino,1627589,2,0,47,5
2020-04-18,Colombia,NA,Narino,1627589,1,1,48,6
2020-04-19,Colombia,NA,Narino,1627589,0,0,48,6
2020-04-20,Colombia,NA,Narino,1627589,5,0,53,6
2020-04-21,Colombia,NA,Narino,1627589,10,0,63,6
2020-04-22,Colombia,NA,Narino,1627589,0,0,63,6
2020-04-24,Colombia,NA,Narino,1627589,17,0,80,6
2020-04-25,Colombia,NA,Narino,1627589,13,0,93,6
2020-04-26,Colombia,NA,Narino,1627589,1,1,94,7
2020-04-27,Colombia,NA,Narino,1627589,3,0,97,7
2020-04-28,Colombia,NA,Narino,1627589,17,1,114,8
2020-04-29,Colombia,NA,Narino,1627589,5,1,119,9
2020-05-01,Colombia,NA,Narino,1627589,36,0,155,9
2020-05-02,Colombia,NA,Narino,1627589,3,1,158,10
2020-05-03,Colombia,NA,Narino,1627589,44,0,202,10
2020-05-04,Colombia,NA,Narino,1627589,0,2,202,12
2020-05-05,Colombia,NA,Narino,1627589,46,2,248,14
2020-05-06,Colombia,NA,Narino,1627589,6,0,254,14
2020-05-07,Colombia,NA,Narino,1627589,0,4,254,18
2020-05-08,Colombia,NA,Narino,1627589,0,2,254,20
2020-05-09,Colombia,NA,Narino,1627589,9,4,263,24
2020-05-10,Colombia,NA,Narino,1627589,34,1,297,25
2020-05-11,Colombia,NA,Narino,1627589,10,3,307,28
2020-05-12,Colombia,NA,Narino,1627589,32,1,339,29
2020-05-13,Colombia,NA,Narino,1627589,0,0,339,29
2020-05-14,Colombia,NA,Narino,1627589,39,2,378,31
2020-05-15,Colombia,NA,Narino,1627589,48,2,426,33
2020-05-16,Colombia,NA,Narino,1627589,65,1,491,34
2020-05-17,Colombia,NA,Narino,1627589,5,2,496,36
2020-05-18,Colombia,NA,Narino,1627589,4,3,500,39
2020-05-19,Colombia,NA,Narino,1627589,20,3,520,42
2020-05-20,Colombia,NA,Narino,1627589,32,3,552,45
2020-05-21,Colombia,NA,Narino,1627589,44,1,596,46
2020-05-22,Colombia,NA,Narino,1627589,40,3,636,49
2020-05-23,Colombia,NA,Narino,1627589,17,5,653,54
2020-05-24,Colombia,NA,Narino,1627589,60,3,713,57
2020-05-25,Colombia,NA,Narino,1627589,79,0,792,57
2020-05-26,Colombia,NA,Narino,1627589,13,4,805,61
2020-05-27,Colombia,NA,Narino,1627589,25,3,830,64
2020-05-28,Colombia,NA,Narino,1627589,43,1,873,65
2020-05-29,Colombia,NA,Narino,1627589,79,4,952,69
2020-05-30,Colombia,NA,Narino,1627589,61,4,1013,73
2020-05-31,Colombia,NA,Narino,1627589,102,1,1115,74
2020-06-01,Colombia,NA,Narino,1627589,106,3,1221,77
2020-06-02,Colombia,NA,Narino,1627589,50,1,1271,78
2020-06-03,Colombia,NA,Narino,1627589,77,3,1348,81
2020-06-04,Colombia,NA,Narino,1627589,38,2,1386,83
2020-06-05,Colombia,NA,Narino,1627589,47,7,1433,90
2020-06-06,Colombia,NA,Narino,1627589,120,1,1553,91
2020-06-07,Colombia,NA,Narino,1627589,74,1,1627,92
2020-06-08,Colombia,NA,Narino,1627589,78,1,1705,93
2020-06-09,Colombia,NA,Narino,1627589,93,1,1798,94
2020-06-10,Colombia,NA,Narino,1627589,195,0,1993,94
2020-06-11,Colombia,NA,Narino,1627589,59,1,2052,95
2020-06-12,Colombia,NA,Narino,1627589,11,0,2063,95
2020-06-13,Colombia,NA,Narino,1627589,32,0,2095,95
2020-06-14,Colombia,NA,Narino,1627589,40,4,2135,99
2020-06-15,Colombia,NA,Narino,1627589,12,3,2147,102
2020-06-16,Colombia,NA,Narino,1627589,35,4,2182,106
2020-06-17,Colombia,NA,Narino,1627589,18,1,2200,107
2020-06-18,Colombia,NA,Narino,1627589,167,2,2367,109
2020-06-19,Colombia,NA,Narino,1627589,99,0,2466,109
2020-06-20,Colombia,NA,Narino,1627589,31,2,2497,111
2020-06-21,Colombia,NA,Narino,1627589,128,5,2625,116
2020-06-22,Colombia,NA,Narino,1627589,62,1,2687,117
2020-06-23,Colombia,NA,Narino,1627589,33,3,2720,120
2020-06-24,Colombia,NA,Narino,1627589,103,0,2823,120
2020-06-25,Colombia,NA,Narino,1627589,102,1,2925,121
2020-06-26,Colombia,NA,Narino,1627589,115,3,3040,124
2020-06-27,Colombia,NA,Narino,1627589,88,1,3128,125
2020-06-28,Colombia,NA,Narino,1627589,118,1,3246,126
2020-06-29,Colombia,NA,Narino,1627589,108,2,3354,128
2020-06-30,Colombia,NA,Narino,1627589,3,1,3357,129
2020-07-01,Colombia,NA,Narino,1627589,89,2,3446,131
2020-07-02,Colombia,NA,Narino,1627589,61,4,3507,135
2020-07-03,Colombia,NA,Narino,1627589,110,1,3617,136
2020-07-04,Colombia,NA,Narino,1627589,69,2,3686,138
2020-07-05,Colombia,NA,Narino,1627589,165,3,3851,141
2020-07-06,Colombia,NA,Narino,1627589,72,2,3923,143
2020-07-07,Colombia,NA,Narino,1627589,111,4,4034,147
2020-07-08,Colombia,NA,Narino,1627589,57,2,4091,149
2020-07-09,Colombia,NA,Narino,1627589,186,5,4277,154
2020-07-10,Colombia,NA,Narino,1627589,164,9,4441,163
2020-07-11,Colombia,NA,Narino,1627589,109,2,4550,165
2020-07-12,Colombia,NA,Narino,1627589,91,8,4641,173
2020-07-13,Colombia,NA,Narino,1627589,162,8,4803,181
2020-07-14,Colombia,NA,Narino,1627589,137,5,4940,186
2020-07-15,Colombia,NA,Narino,1627589,201,7,5141,193
2020-07-16,Colombia,NA,Narino,1627589,140,4,5281,197
2020-07-17,Colombia,NA,Narino,1627589,47,5,5328,202
2020-07-18,Colombia,NA,Narino,1627589,292,5,5620,207
2020-07-19,Colombia,NA,Narino,1627589,233,7,5853,214
2020-07-20,Colombia,NA,Narino,1627589,173,8,6026,222
2020-07-21,Colombia,NA,Narino,1627589,208,3,6234,225
2020-07-22,Colombia,NA,Narino,1627589,347,9,6581,234
2020-07-23,Colombia,NA,Narino,1627589,279,9,6860,243
2020-07-24,Colombia,NA,Narino,1627589,132,8,6992,251
2020-07-25,Colombia,NA,Narino,1627589,163,9,7155,260
2020-07-26,Colombia,NA,Narino,1627589,183,10,7338,270
2020-07-27,Colombia,NA,Narino,1627589,275,5,7613,275
2020-07-28,Colombia,NA,Narino,1627589,308,14,7921,289
2020-07-29,Colombia,NA,Narino,1627589,218,9,8139,298
2020-07-30,Colombia,NA,Narino,1627589,155,12,8294,310
2020-07-31,Colombia,NA,Narino,1627589,138,6,8432,316
2020-08-01,Colombia,NA,Narino,1627589,103,3,8535,319
2020-08-02,Colombia,NA,Narino,1627589,165,5,8700,324
2020-08-03,Colombia,NA,Narino,1627589,225,11,8925,335
2020-08-04,Colombia,NA,Narino,1627589,195,11,9120,346
2020-08-05,Colombia,NA,Narino,1627589,224,11,9344,357
2020-08-06,Colombia,NA,Narino,1627589,118,13,9462,370
2020-08-07,Colombia,NA,Narino,1627589,230,10,9692,380
2020-08-08,Colombia,NA,Narino,1627589,161,9,9853,389
2020-08-09,Colombia,NA,Narino,1627589,163,13,10016,402
2020-08-10,Colombia,NA,Narino,1627589,279,11,10295,413
2020-08-11,Colombia,NA,Narino,1627589,512,8,10807,421
2020-08-12,Colombia,NA,Narino,1627589,253,12,11060,433
2020-08-13,Colombia,NA,Narino,1627589,230,14,11290,447
2020-08-14,Colombia,NA,Narino,1627589,292,7,11582,454
2020-08-15,Colombia,NA,Narino,1627589,97,7,11679,461
2020-08-16,Colombia,NA,Narino,1627589,135,7,11814,468
2020-08-17,Colombia,NA,Narino,1627589,159,7,11973,475
2020-08-18,Colombia,NA,Narino,1627589,120,9,12093,484
2020-08-19,Colombia,NA,Narino,1627589,142,9,12235,493
2020-08-20,Colombia,NA,Narino,1627589,437,1,12672,494
2020-08-21,Colombia,NA,Narino,1627589,156,5,12828,499
2020-08-22,Colombia,NA,Narino,1627589,164,9,12992,508
2020-08-23,Colombia,NA,Narino,1627589,72,8,13064,516
2020-08-24,Colombia,NA,Narino,1627589,184,10,13248,526
2020-08-25,Colombia,NA,Narino,1627589,255,5,13503,531
2020-08-26,Colombia,NA,Narino,1627589,142,11,13645,542
2020-08-27,Colombia,NA,Narino,1627589,176,5,13821,547
2020-08-28,Colombia,NA,Narino,1627589,173,7,13994,554
2020-08-29,Colombia,NA,Narino,1627589,113,11,14107,565
2020-08-30,Colombia,NA,Narino,1627589,131,10,14238,575
2020-08-31,Colombia,NA,Narino,1627589,150,8,14388,583
2020-09-01,Colombia,NA,Narino,1627589,107,7,14495,590
2020-09-02,Colombia,NA,Narino,1627589,225,3,14720,593
2020-09-03,Colombia,NA,Narino,1627589,173,5,14893,598
2020-09-04,Colombia,NA,Narino,1627589,130,9,15023,607
2020-09-05,Colombia,NA,Narino,1627589,107,5,15130,612
2020-09-06,Colombia,NA,Narino,1627589,135,5,15265,617
2020-09-07,Colombia,NA,Narino,1627589,104,5,15369,622
2020-09-08,Colombia,NA,Narino,1627589,94,3,15463,625
2020-09-09,Colombia,NA,Narino,1627589,209,5,15672,630
2020-09-10,Colombia,NA,Narino,1627589,113,6,15785,636
2020-09-11,Colombia,NA,Narino,1627589,109,7,15894,643
2020-09-12,Colombia,NA,Narino,1627589,80,5,15974,648
2020-09-13,Colombia,NA,Narino,1627589,95,6,16069,654
2020-09-14,Colombia,NA,Narino,1627589,77,5,16146,659
2020-03-24,Colombia,NA,Norte de Santander,1620318,3,0,11,0
2020-03-25,Colombia,NA,Norte de Santander,1620318,4,0,15,0
2020-03-27,Colombia,NA,Norte de Santander,1620318,0,1,15,1
2020-03-28,Colombia,NA,Norte de Santander,1620318,0,1,15,2
2020-03-29,Colombia,NA,Norte de Santander,1620318,0,0,15,2
2020-03-30,Colombia,NA,Norte de Santander,1620318,1,0,16,2
2020-03-31,Colombia,NA,Norte de Santander,1620318,3,0,19,2
2020-04-02,Colombia,NA,Norte de Santander,1620318,2,0,21,2
2020-04-03,Colombia,NA,Norte de Santander,1620318,4,0,25,2
2020-04-06,Colombia,NA,Norte de Santander,1620318,0,1,25,3
2020-04-08,Colombia,NA,Norte de Santander,1620318,2,1,27,4
2020-04-09,Colombia,NA,Norte de Santander,1620318,11,0,38,4
2020-04-10,Colombia,NA,Norte de Santander,1620318,2,0,40,4
2020-04-11,Colombia,NA,Norte de Santander,1620318,1,0,41,4
2020-04-12,Colombia,NA,Norte de Santander,1620318,2,0,43,4
2020-04-14,Colombia,NA,Norte de Santander,1620318,7,0,50,4
2020-04-15,Colombia,NA,Norte de Santander,1620318,7,0,57,4
2020-04-16,Colombia,NA,Norte de Santander,1620318,0,0,57,4
2020-04-17,Colombia,NA,Norte de Santander,1620318,0,0,57,4
2020-04-18,Colombia,NA,Norte de Santander,1620318,2,0,59,4
2020-04-19,Colombia,NA,Norte de Santander,1620318,0,0,59,4
2020-04-21,Colombia,NA,Norte de Santander,1620318,0,0,59,4
2020-04-22,Colombia,NA,Norte de Santander,1620318,1,0,60,4
2020-04-23,Colombia,NA,Norte de Santander,1620318,0,0,60,4
2020-04-24,Colombia,NA,Norte de Santander,1620318,0,1,60,5
2020-04-25,Colombia,NA,Norte de Santander,1620318,0,0,60,5
2020-04-26,Colombia,NA,Norte de Santander,1620318,1,2,61,7
2020-04-27,Colombia,NA,Norte de Santander,1620318,1,0,62,7
2020-04-28,Colombia,NA,Norte de Santander,1620318,7,0,69,7
2020-04-29,Colombia,NA,Norte de Santander,1620318,0,1,69,8
2020-04-30,Colombia,NA,Norte de Santander,1620318,1,0,70,8
2020-05-01,Colombia,NA,Norte de Santander,1620318,4,0,74,8
2020-05-02,Colombia,NA,Norte de Santander,1620318,10,0,84,8
2020-05-03,Colombia,NA,Norte de Santander,1620318,0,1,84,9
2020-05-05,Colombia,NA,Norte de Santander,1620318,1,0,85,9
2020-05-06,Colombia,NA,Norte de Santander,1620318,0,0,85,9
2020-05-07,Colombia,NA,Norte de Santander,1620318,0,1,85,10
2020-05-08,Colombia,NA,Norte de Santander,1620318,6,0,91,10
2020-05-09,Colombia,NA,Norte de Santander,1620318,3,0,94,10
2020-05-10,Colombia,NA,Norte de Santander,1620318,5,0,99,10
2020-05-11,Colombia,NA,Norte de Santander,1620318,0,1,99,11
2020-05-12,Colombia,NA,Norte de Santander,1620318,5,0,104,11
2020-05-13,Colombia,NA,Norte de Santander,1620318,0,0,104,11
2020-05-14,Colombia,NA,Norte de Santander,1620318,1,0,105,11
2020-05-15,Colombia,NA,Norte de Santander,1620318,2,1,107,12
2020-05-16,Colombia,NA,Norte de Santander,1620318,5,0,112,12
2020-05-17,Colombia,NA,Norte de Santander,1620318,1,0,113,12
2020-05-18,Colombia,NA,Norte de Santander,1620318,1,0,114,12
2020-05-19,Colombia,NA,Norte de Santander,1620318,0,0,114,12
2020-05-20,Colombia,NA,Norte de Santander,1620318,2,0,116,12
2020-05-21,Colombia,NA,Norte de Santander,1620318,0,1,116,13
2020-05-22,Colombia,NA,Norte de Santander,1620318,3,0,119,13
2020-05-24,Colombia,NA,Norte de Santander,1620318,0,0,119,13
2020-05-25,Colombia,NA,Norte de Santander,1620318,0,0,119,13
2020-05-26,Colombia,NA,Norte de Santander,1620318,2,0,121,13
2020-05-27,Colombia,NA,Norte de Santander,1620318,3,0,124,13
2020-05-28,Colombia,NA,Norte de Santander,1620318,4,0,128,13
2020-05-29,Colombia,NA,Norte de Santander,1620318,0,1,128,14
2020-05-30,Colombia,NA,Norte de Santander,1620318,0,0,128,14
2020-05-31,Colombia,NA,Norte de Santander,1620318,0,0,128,14
2020-06-01,Colombia,NA,Norte de Santander,1620318,0,0,128,14
2020-06-02,Colombia,NA,Norte de Santander,1620318,1,0,129,14
2020-06-03,Colombia,NA,Norte de Santander,1620318,3,0,132,14
2020-06-04,Colombia,NA,Norte de Santander,1620318,0,0,132,14
2020-06-05,Colombia,NA,Norte de Santander,1620318,0,0,132,14
2020-06-07,Colombia,NA,Norte de Santander,1620318,6,1,138,15
2020-06-08,Colombia,NA,Norte de Santander,1620318,7,0,145,15
2020-06-09,Colombia,NA,Norte de Santander,1620318,3,1,148,16
2020-06-10,Colombia,NA,Norte de Santander,1620318,0,0,148,16
2020-06-12,Colombia,NA,Norte de Santander,1620318,0,0,148,16
2020-06-13,Colombia,NA,Norte de Santander,1620318,9,0,157,16
2020-06-14,Colombia,NA,Norte de Santander,1620318,2,0,159,16
2020-06-15,Colombia,NA,Norte de Santander,1620318,1,0,160,16
2020-06-16,Colombia,NA,Norte de Santander,1620318,4,2,164,18
2020-06-17,Colombia,NA,Norte de Santander,1620318,1,0,165,18
2020-06-18,Colombia,NA,Norte de Santander,1620318,19,1,184,19
2020-06-19,Colombia,NA,Norte de Santander,1620318,17,0,201,19
2020-06-20,Colombia,NA,Norte de Santander,1620318,23,0,224,19
2020-06-21,Colombia,NA,Norte de Santander,1620318,18,0,242,19
2020-06-22,Colombia,NA,Norte de Santander,1620318,4,2,246,21
2020-06-23,Colombia,NA,Norte de Santander,1620318,8,0,254,21
2020-06-24,Colombia,NA,Norte de Santander,1620318,13,1,267,22
2020-06-25,Colombia,NA,Norte de Santander,1620318,8,1,275,23
2020-06-26,Colombia,NA,Norte de Santander,1620318,9,0,284,23
2020-06-27,Colombia,NA,Norte de Santander,1620318,18,1,302,24
2020-06-28,Colombia,NA,Norte de Santander,1620318,16,0,318,24
2020-06-29,Colombia,NA,Norte de Santander,1620318,6,0,324,24
2020-06-30,Colombia,NA,Norte de Santander,1620318,2,1,326,25
2020-07-01,Colombia,NA,Norte de Santander,1620318,9,1,335,26
2020-07-02,Colombia,NA,Norte de Santander,1620318,6,0,341,26
2020-07-03,Colombia,NA,Norte de Santander,1620318,11,0,352,26
2020-07-04,Colombia,NA,Norte de Santander,1620318,40,3,392,29
2020-07-05,Colombia,NA,Norte de Santander,1620318,30,1,422,30
2020-07-06,Colombia,NA,Norte de Santander,1620318,29,0,451,30
2020-07-07,Colombia,NA,Norte de Santander,1620318,48,2,499,32
2020-07-08,Colombia,NA,Norte de Santander,1620318,12,1,511,33
2020-07-09,Colombia,NA,Norte de Santander,1620318,34,2,545,35
2020-07-10,Colombia,NA,Norte de Santander,1620318,85,0,630,35
2020-07-11,Colombia,NA,Norte de Santander,1620318,68,1,698,36
2020-07-12,Colombia,NA,Norte de Santander,1620318,38,1,736,37
2020-07-13,Colombia,NA,Norte de Santander,1620318,69,4,805,41
2020-07-14,Colombia,NA,Norte de Santander,1620318,86,2,891,43
2020-07-15,Colombia,NA,Norte de Santander,1620318,75,3,966,46
2020-07-16,Colombia,NA,Norte de Santander,1620318,65,2,1031,48
2020-07-17,Colombia,NA,Norte de Santander,1620318,75,9,1106,57
2020-07-18,Colombia,NA,Norte de Santander,1620318,74,3,1180,60
2020-07-19,Colombia,NA,Norte de Santander,1620318,64,7,1244,67
2020-07-20,Colombia,NA,Norte de Santander,1620318,57,7,1301,74
2020-07-21,Colombia,NA,Norte de Santander,1620318,132,14,1433,88
2020-07-22,Colombia,NA,Norte de Santander,1620318,254,7,1687,95
2020-07-23,Colombia,NA,Norte de Santander,1620318,178,7,1865,102
2020-07-24,Colombia,NA,Norte de Santander,1620318,231,8,2096,110
2020-07-25,Colombia,NA,Norte de Santander,1620318,66,20,2162,130
2020-07-26,Colombia,NA,Norte de Santander,1620318,114,11,2276,141
2020-07-27,Colombia,NA,Norte de Santander,1620318,136,20,2412,161
2020-07-28,Colombia,NA,Norte de Santander,1620318,230,11,2642,172
2020-07-29,Colombia,NA,Norte de Santander,1620318,125,15,2767,187
2020-07-30,Colombia,NA,Norte de Santander,1620318,239,11,3006,198
2020-07-31,Colombia,NA,Norte de Santander,1620318,133,18,3139,216
2020-08-01,Colombia,NA,Norte de Santander,1620318,146,21,3285,237
2020-08-02,Colombia,NA,Norte de Santander,1620318,105,15,3390,252
2020-08-03,Colombia,NA,Norte de Santander,1620318,264,25,3654,277
2020-08-04,Colombia,NA,Norte de Santander,1620318,287,20,3941,297
2020-08-05,Colombia,NA,Norte de Santander,1620318,137,18,4078,315
2020-08-06,Colombia,NA,Norte de Santander,1620318,474,17,4552,332
2020-08-07,Colombia,NA,Norte de Santander,1620318,398,23,4950,355
2020-08-08,Colombia,NA,Norte de Santander,1620318,274,25,5224,380
2020-08-09,Colombia,NA,Norte de Santander,1620318,129,21,5353,401
2020-08-10,Colombia,NA,Norte de Santander,1620318,300,17,5653,418
2020-08-11,Colombia,NA,Norte de Santander,1620318,389,18,6042,436
2020-08-12,Colombia,NA,Norte de Santander,1620318,401,18,6443,454
2020-08-13,Colombia,NA,Norte de Santander,1620318,262,20,6705,474
2020-08-14,Colombia,NA,Norte de Santander,1620318,325,13,7030,487
2020-08-15,Colombia,NA,Norte de Santander,1620318,304,24,7334,511
2020-08-16,Colombia,NA,Norte de Santander,1620318,214,20,7548,531
2020-08-17,Colombia,NA,Norte de Santander,1620318,228,12,7776,543
2020-08-18,Colombia,NA,Norte de Santander,1620318,185,12,7961,555
2020-08-19,Colombia,NA,Norte de Santander,1620318,500,22,8461,577
2020-08-20,Colombia,NA,Norte de Santander,1620318,250,13,8711,590
2020-08-21,Colombia,NA,Norte de Santander,1620318,331,14,9042,604
2020-08-22,Colombia,NA,Norte de Santander,1620318,157,15,9199,619
2020-08-23,Colombia,NA,Norte de Santander,1620318,83,15,9282,634
2020-08-24,Colombia,NA,Norte de Santander,1620318,333,11,9615,645
2020-08-25,Colombia,NA,Norte de Santander,1620318,558,14,10173,659
2020-08-26,Colombia,NA,Norte de Santander,1620318,411,18,10584,677
2020-08-27,Colombia,NA,Norte de Santander,1620318,445,11,11029,688
2020-08-28,Colombia,NA,Norte de Santander,1620318,390,14,11419,702
2020-08-29,Colombia,NA,Norte de Santander,1620318,284,18,11703,720
2020-08-30,Colombia,NA,Norte de Santander,1620318,217,7,11920,727
2020-08-31,Colombia,NA,Norte de Santander,1620318,121,12,12041,739
2020-09-01,Colombia,NA,Norte de Santander,1620318,162,11,12203,750
2020-09-02,Colombia,NA,Norte de Santander,1620318,161,11,12364,761
2020-09-03,Colombia,NA,Norte de Santander,1620318,65,7,12429,768
2020-09-04,Colombia,NA,Norte de Santander,1620318,253,6,12682,774
2020-09-05,Colombia,NA,Norte de Santander,1620318,86,5,12768,779
2020-09-06,Colombia,NA,Norte de Santander,1620318,137,7,12905,786
2020-09-07,Colombia,NA,Norte de Santander,1620318,89,9,12994,795
2020-09-08,Colombia,NA,Norte de Santander,1620318,138,5,13132,800
2020-09-09,Colombia,NA,Norte de Santander,1620318,151,12,13283,812
2020-09-10,Colombia,NA,Norte de Santander,1620318,212,10,13495,822
2020-09-11,Colombia,NA,Norte de Santander,1620318,66,5,13561,827
2020-09-12,Colombia,NA,Norte de Santander,1620318,86,1,13647,828
2020-09-13,Colombia,NA,Norte de Santander,1620318,23,2,13670,830
2020-09-14,Colombia,NA,Norte de Santander,1620318,150,0,13820,830
2020-06-05,Colombia,NA,Putumayo,359127,1,0,11,2
2020-06-08,Colombia,NA,Putumayo,359127,0,1,11,3
2020-06-09,Colombia,NA,Putumayo,359127,0,0,11,3
2020-06-10,Colombia,NA,Putumayo,359127,0,0,11,3
2020-06-11,Colombia,NA,Putumayo,359127,1,0,12,3
2020-06-14,Colombia,NA,Putumayo,359127,1,0,13,3
2020-06-15,Colombia,NA,Putumayo,359127,0,1,13,4
2020-06-17,Colombia,NA,Putumayo,359127,2,0,15,4
2020-06-20,Colombia,NA,Putumayo,359127,2,0,17,4
2020-06-22,Colombia,NA,Putumayo,359127,0,2,17,6
2020-06-23,Colombia,NA,Putumayo,359127,2,0,19,6
2020-06-28,Colombia,NA,Putumayo,359127,3,1,22,7
2020-06-29,Colombia,NA,Putumayo,359127,4,0,26,7
2020-06-30,Colombia,NA,Putumayo,359127,2,0,28,7
2020-07-01,Colombia,NA,Putumayo,359127,1,0,29,7
2020-07-02,Colombia,NA,Putumayo,359127,2,1,31,8
2020-07-03,Colombia,NA,Putumayo,359127,4,0,35,8
2020-07-04,Colombia,NA,Putumayo,359127,3,0,38,8
2020-07-06,Colombia,NA,Putumayo,359127,2,0,40,8
2020-07-07,Colombia,NA,Putumayo,359127,0,1,40,9
2020-07-08,Colombia,NA,Putumayo,359127,1,0,41,9
2020-07-09,Colombia,NA,Putumayo,359127,2,2,43,11
2020-07-10,Colombia,NA,Putumayo,359127,12,0,55,11
2020-07-11,Colombia,NA,Putumayo,359127,40,3,95,14
2020-07-12,Colombia,NA,Putumayo,359127,15,4,110,18
2020-07-13,Colombia,NA,Putumayo,359127,41,0,151,18
2020-07-14,Colombia,NA,Putumayo,359127,5,2,156,20
2020-07-15,Colombia,NA,Putumayo,359127,13,2,169,22
2020-07-16,Colombia,NA,Putumayo,359127,22,1,191,23
2020-07-17,Colombia,NA,Putumayo,359127,70,0,261,23
2020-07-18,Colombia,NA,Putumayo,359127,61,1,322,24
2020-07-19,Colombia,NA,Putumayo,359127,2,3,324,27
2020-07-20,Colombia,NA,Putumayo,359127,27,2,351,29
2020-07-21,Colombia,NA,Putumayo,359127,58,3,409,32
2020-07-22,Colombia,NA,Putumayo,359127,183,4,592,36
2020-07-23,Colombia,NA,Putumayo,359127,97,2,689,38
2020-07-24,Colombia,NA,Putumayo,359127,50,4,739,42
2020-07-25,Colombia,NA,Putumayo,359127,5,3,744,45
2020-07-26,Colombia,NA,Putumayo,359127,120,3,864,48
2020-07-27,Colombia,NA,Putumayo,359127,75,4,939,52
2020-07-28,Colombia,NA,Putumayo,359127,17,0,956,52
2020-07-29,Colombia,NA,Putumayo,359127,73,6,1029,58
2020-07-30,Colombia,NA,Putumayo,359127,53,4,1082,62
2020-07-31,Colombia,NA,Putumayo,359127,14,1,1096,63
2020-08-01,Colombia,NA,Putumayo,359127,56,6,1152,69
2020-08-02,Colombia,NA,Putumayo,359127,98,2,1250,71
2020-08-03,Colombia,NA,Putumayo,359127,87,5,1337,76
2020-08-04,Colombia,NA,Putumayo,359127,85,2,1422,78
2020-08-05,Colombia,NA,Putumayo,359127,16,6,1438,84
2020-08-06,Colombia,NA,Putumayo,359127,30,3,1468,87
2020-08-07,Colombia,NA,Putumayo,359127,32,0,1500,87
2020-08-08,Colombia,NA,Putumayo,359127,30,3,1530,90
2020-08-09,Colombia,NA,Putumayo,359127,141,5,1671,95
2020-08-10,Colombia,NA,Putumayo,359127,15,2,1686,97
2020-08-11,Colombia,NA,Putumayo,359127,112,8,1798,105
2020-08-12,Colombia,NA,Putumayo,359127,44,1,1842,106
2020-08-13,Colombia,NA,Putumayo,359127,142,8,1984,114
2020-08-14,Colombia,NA,Putumayo,359127,44,2,2028,116
2020-08-15,Colombia,NA,Putumayo,359127,25,5,2053,121
2020-08-16,Colombia,NA,Putumayo,359127,148,1,2201,122
2020-08-17,Colombia,NA,Putumayo,359127,59,2,2260,124
2020-08-18,Colombia,NA,Putumayo,359127,34,4,2294,128
2020-08-19,Colombia,NA,Putumayo,359127,24,2,2318,130
2020-08-20,Colombia,NA,Putumayo,359127,78,3,2396,133
2020-08-21,Colombia,NA,Putumayo,359127,54,3,2450,136
2020-08-22,Colombia,NA,Putumayo,359127,43,2,2493,138
2020-08-23,Colombia,NA,Putumayo,359127,49,0,2542,138
2020-08-24,Colombia,NA,Putumayo,359127,48,2,2590,140
2020-08-25,Colombia,NA,Putumayo,359127,71,3,2661,143
2020-08-26,Colombia,NA,Putumayo,359127,49,1,2710,144
2020-08-27,Colombia,NA,Putumayo,359127,71,0,2781,144
2020-08-28,Colombia,NA,Putumayo,359127,50,2,2831,146
2020-08-29,Colombia,NA,Putumayo,359127,16,1,2847,147
2020-08-30,Colombia,NA,Putumayo,359127,129,0,2976,147
2020-08-31,Colombia,NA,Putumayo,359127,35,2,3011,149
2020-09-01,Colombia,NA,Putumayo,359127,23,0,3034,149
2020-09-02,Colombia,NA,Putumayo,359127,88,0,3122,149
2020-09-03,Colombia,NA,Putumayo,359127,18,0,3140,149
2020-09-04,Colombia,NA,Putumayo,359127,26,2,3166,151
2020-09-05,Colombia,NA,Putumayo,359127,63,1,3229,152
2020-09-06,Colombia,NA,Putumayo,359127,39,0,3268,152
2020-09-07,Colombia,NA,Putumayo,359127,8,1,3276,153
2020-09-08,Colombia,NA,Putumayo,359127,11,0,3287,153
2020-09-09,Colombia,NA,Putumayo,359127,29,1,3316,154
2020-09-10,Colombia,NA,Putumayo,359127,23,1,3339,155
2020-09-11,Colombia,NA,Putumayo,359127,14,2,3353,157
2020-09-12,Colombia,NA,Putumayo,359127,11,1,3364,158
2020-09-13,Colombia,NA,Putumayo,359127,16,0,3380,158
2020-09-14,Colombia,NA,Putumayo,359127,18,0,3398,158
2020-03-25,Colombia,NA,Quindio,555401,4,0,12,0
2020-03-27,Colombia,NA,Quindio,555401,3,0,15,0
2020-03-28,Colombia,NA,Quindio,555401,1,0,16,0
2020-03-29,Colombia,NA,Quindio,555401,0,0,16,0
2020-03-30,Colombia,NA,Quindio,555401,0,0,16,0
2020-04-01,Colombia,NA,Quindio,555401,7,0,23,0
2020-04-03,Colombia,NA,Quindio,555401,0,1,23,1
2020-04-04,Colombia,NA,Quindio,555401,0,1,23,2
2020-04-05,Colombia,NA,Quindio,555401,0,0,23,2
2020-04-08,Colombia,NA,Quindio,555401,17,0,40,2
2020-04-09,Colombia,NA,Quindio,555401,1,0,41,2
2020-04-10,Colombia,NA,Quindio,555401,3,0,44,2
2020-04-11,Colombia,NA,Quindio,555401,3,0,47,2
2020-04-12,Colombia,NA,Quindio,555401,0,0,47,2
2020-04-13,Colombia,NA,Quindio,555401,2,0,49,2
2020-04-15,Colombia,NA,Quindio,555401,0,0,49,2
2020-04-17,Colombia,NA,Quindio,555401,2,0,51,2
2020-04-18,Colombia,NA,Quindio,555401,2,0,53,2
2020-04-19,Colombia,NA,Quindio,555401,0,0,53,2
2020-04-20,Colombia,NA,Quindio,555401,2,0,55,2
2020-04-21,Colombia,NA,Quindio,555401,0,0,55,2
2020-04-23,Colombia,NA,Quindio,555401,0,0,55,2
2020-04-24,Colombia,NA,Quindio,555401,0,0,55,2
2020-04-25,Colombia,NA,Quindio,555401,0,0,55,2
2020-04-26,Colombia,NA,Quindio,555401,1,0,56,2
2020-04-27,Colombia,NA,Quindio,555401,2,0,58,2
2020-04-28,Colombia,NA,Quindio,555401,1,0,59,2
2020-04-29,Colombia,NA,Quindio,555401,0,0,59,2
2020-04-30,Colombia,NA,Quindio,555401,0,0,59,2
2020-05-01,Colombia,NA,Quindio,555401,1,0,60,2
2020-05-02,Colombia,NA,Quindio,555401,0,1,60,3
2020-05-04,Colombia,NA,Quindio,555401,0,0,60,3
2020-05-05,Colombia,NA,Quindio,555401,3,0,63,3
2020-05-06,Colombia,NA,Quindio,555401,0,0,63,3
2020-05-07,Colombia,NA,Quindio,555401,2,0,65,3
2020-05-08,Colombia,NA,Quindio,555401,1,0,66,3
2020-05-09,Colombia,NA,Quindio,555401,0,0,66,3
2020-05-10,Colombia,NA,Quindio,555401,1,0,67,3
2020-05-11,Colombia,NA,Quindio,555401,3,1,70,4
2020-05-13,Colombia,NA,Quindio,555401,7,0,77,4
2020-05-14,Colombia,NA,Quindio,555401,0,0,77,4
2020-05-15,Colombia,NA,Quindio,555401,1,0,78,4
2020-05-16,Colombia,NA,Quindio,555401,1,0,79,4
2020-05-17,Colombia,NA,Quindio,555401,0,0,79,4
2020-05-18,Colombia,NA,Quindio,555401,2,0,81,4
2020-05-19,Colombia,NA,Quindio,555401,0,0,81,4
2020-05-20,Colombia,NA,Quindio,555401,3,0,84,4
2020-05-21,Colombia,NA,Quindio,555401,0,0,84,4
2020-05-22,Colombia,NA,Quindio,555401,2,0,86,4
2020-05-23,Colombia,NA,Quindio,555401,2,0,88,4
2020-05-24,Colombia,NA,Quindio,555401,1,0,89,4
2020-05-25,Colombia,NA,Quindio,555401,5,0,94,4
2020-05-26,Colombia,NA,Quindio,555401,0,0,94,4
2020-05-27,Colombia,NA,Quindio,555401,13,0,107,4
2020-05-28,Colombia,NA,Quindio,555401,0,1,107,5
2020-05-29,Colombia,NA,Quindio,555401,0,0,107,5
2020-05-30,Colombia,NA,Quindio,555401,0,0,107,5
2020-05-31,Colombia,NA,Quindio,555401,4,0,111,5
2020-06-01,Colombia,NA,Quindio,555401,1,0,112,5
2020-06-02,Colombia,NA,Quindio,555401,1,0,113,5
2020-06-03,Colombia,NA,Quindio,555401,6,0,119,5
2020-06-04,Colombia,NA,Quindio,555401,0,0,119,5
2020-06-05,Colombia,NA,Quindio,555401,1,0,120,5
2020-06-06,Colombia,NA,Quindio,555401,1,0,121,5
2020-06-07,Colombia,NA,Quindio,555401,0,1,121,6
2020-06-09,Colombia,NA,Quindio,555401,1,0,122,6
2020-06-10,Colombia,NA,Quindio,555401,0,0,122,6
2020-06-11,Colombia,NA,Quindio,555401,2,0,124,6
2020-06-13,Colombia,NA,Quindio,555401,1,0,125,6
2020-06-14,Colombia,NA,Quindio,555401,1,0,126,6
2020-06-15,Colombia,NA,Quindio,555401,2,0,128,6
2020-06-16,Colombia,NA,Quindio,555401,1,0,129,6
2020-06-17,Colombia,NA,Quindio,555401,2,0,131,6
2020-06-18,Colombia,NA,Quindio,555401,8,0,139,6
2020-06-19,Colombia,NA,Quindio,555401,3,1,142,7
2020-06-20,Colombia,NA,Quindio,555401,3,0,145,7
2020-06-21,Colombia,NA,Quindio,555401,2,0,147,7
2020-06-22,Colombia,NA,Quindio,555401,2,0,149,7
2020-06-23,Colombia,NA,Quindio,555401,1,0,150,7
2020-06-24,Colombia,NA,Quindio,555401,2,0,152,7
2020-06-25,Colombia,NA,Quindio,555401,4,0,156,7
2020-06-26,Colombia,NA,Quindio,555401,2,0,158,7
2020-06-27,Colombia,NA,Quindio,555401,1,0,159,7
2020-06-28,Colombia,NA,Quindio,555401,0,0,159,7
2020-06-29,Colombia,NA,Quindio,555401,5,0,164,7
2020-06-30,Colombia,NA,Quindio,555401,2,0,166,7
2020-07-02,Colombia,NA,Quindio,555401,1,0,167,7
2020-07-03,Colombia,NA,Quindio,555401,1,0,168,7
2020-07-04,Colombia,NA,Quindio,555401,9,0,177,7
2020-07-05,Colombia,NA,Quindio,555401,0,0,177,7
2020-07-06,Colombia,NA,Quindio,555401,0,0,177,7
2020-07-07,Colombia,NA,Quindio,555401,0,0,177,7
2020-07-08,Colombia,NA,Quindio,555401,3,0,180,7
2020-07-09,Colombia,NA,Quindio,555401,8,1,188,8
2020-07-10,Colombia,NA,Quindio,555401,4,0,192,8
2020-07-11,Colombia,NA,Quindio,555401,1,0,193,8
2020-07-12,Colombia,NA,Quindio,555401,0,0,193,8
2020-07-13,Colombia,NA,Quindio,555401,7,0,200,8
2020-07-14,Colombia,NA,Quindio,555401,4,1,204,9
2020-07-15,Colombia,NA,Quindio,555401,1,0,205,9
2020-07-16,Colombia,NA,Quindio,555401,3,0,208,9
2020-07-17,Colombia,NA,Quindio,555401,1,0,209,9
2020-07-18,Colombia,NA,Quindio,555401,4,0,213,9
2020-07-19,Colombia,NA,Quindio,555401,4,0,217,9
2020-07-20,Colombia,NA,Quindio,555401,2,0,219,9
2020-07-21,Colombia,NA,Quindio,555401,1,0,220,9
2020-07-22,Colombia,NA,Quindio,555401,10,0,230,9
2020-07-23,Colombia,NA,Quindio,555401,9,0,239,9
2020-07-24,Colombia,NA,Quindio,555401,13,0,252,9
2020-07-25,Colombia,NA,Quindio,555401,3,0,255,9
2020-07-26,Colombia,NA,Quindio,555401,14,1,269,10
2020-07-27,Colombia,NA,Quindio,555401,5,0,274,10
2020-07-28,Colombia,NA,Quindio,555401,40,2,314,12
2020-07-29,Colombia,NA,Quindio,555401,20,0,334,12
2020-07-30,Colombia,NA,Quindio,555401,31,0,365,12
2020-07-31,Colombia,NA,Quindio,555401,9,0,374,12
2020-08-01,Colombia,NA,Quindio,555401,15,1,389,13
2020-08-02,Colombia,NA,Quindio,555401,13,0,402,13
2020-08-03,Colombia,NA,Quindio,555401,15,0,417,13
2020-08-04,Colombia,NA,Quindio,555401,44,1,461,14
2020-08-05,Colombia,NA,Quindio,555401,19,1,480,15
2020-08-06,Colombia,NA,Quindio,555401,5,1,485,16
2020-08-07,Colombia,NA,Quindio,555401,23,1,508,17
2020-08-08,Colombia,NA,Quindio,555401,23,0,531,17
2020-08-09,Colombia,NA,Quindio,555401,2,0,533,17
2020-08-10,Colombia,NA,Quindio,555401,33,0,566,17
2020-08-11,Colombia,NA,Quindio,555401,10,2,576,19
2020-08-12,Colombia,NA,Quindio,555401,14,2,590,21
2020-08-13,Colombia,NA,Quindio,555401,58,2,648,23
2020-08-14,Colombia,NA,Quindio,555401,23,1,671,24
2020-08-15,Colombia,NA,Quindio,555401,18,1,689,25
2020-08-16,Colombia,NA,Quindio,555401,11,1,700,26
2020-08-17,Colombia,NA,Quindio,555401,10,0,710,26
2020-08-18,Colombia,NA,Quindio,555401,28,2,738,28
2020-08-19,Colombia,NA,Quindio,555401,21,3,759,31
2020-08-20,Colombia,NA,Quindio,555401,72,2,831,33
2020-08-21,Colombia,NA,Quindio,555401,45,0,876,33
2020-08-22,Colombia,NA,Quindio,555401,47,2,923,35
2020-08-23,Colombia,NA,Quindio,555401,27,1,950,36
2020-08-24,Colombia,NA,Quindio,555401,41,1,991,37
2020-08-25,Colombia,NA,Quindio,555401,34,2,1025,39
2020-08-26,Colombia,NA,Quindio,555401,29,3,1054,42
2020-08-27,Colombia,NA,Quindio,555401,38,2,1092,44
2020-08-28,Colombia,NA,Quindio,555401,58,1,1150,45
2020-08-29,Colombia,NA,Quindio,555401,131,1,1281,46
2020-08-30,Colombia,NA,Quindio,555401,47,2,1328,48
2020-08-31,Colombia,NA,Quindio,555401,35,0,1363,48
2020-09-01,Colombia,NA,Quindio,555401,66,1,1429,49
2020-09-02,Colombia,NA,Quindio,555401,68,1,1497,50
2020-09-03,Colombia,NA,Quindio,555401,36,2,1533,52
2020-09-04,Colombia,NA,Quindio,555401,53,1,1586,53
2020-09-05,Colombia,NA,Quindio,555401,39,2,1625,55
2020-09-06,Colombia,NA,Quindio,555401,40,0,1665,55
2020-09-07,Colombia,NA,Quindio,555401,40,0,1705,55
2020-09-08,Colombia,NA,Quindio,555401,56,3,1761,58
2020-09-09,Colombia,NA,Quindio,555401,89,0,1850,58
2020-09-10,Colombia,NA,Quindio,555401,81,0,1931,58
2020-09-11,Colombia,NA,Quindio,555401,109,3,2040,61
2020-09-12,Colombia,NA,Quindio,555401,55,1,2095,62
2020-09-13,Colombia,NA,Quindio,555401,35,1,2130,63
2020-09-14,Colombia,NA,Quindio,555401,23,4,2153,67
2020-03-22,Colombia,NA,Risaralda,961055,5,0,12,0
2020-03-23,Colombia,NA,Risaralda,961055,1,0,13,0
2020-03-24,Colombia,NA,Risaralda,961055,3,0,16,0
2020-03-25,Colombia,NA,Risaralda,961055,2,0,18,0
2020-03-26,Colombia,NA,Risaralda,961055,0,0,18,0
2020-03-28,Colombia,NA,Risaralda,961055,0,0,18,0
2020-03-29,Colombia,NA,Risaralda,961055,10,0,28,0
2020-03-30,Colombia,NA,Risaralda,961055,0,1,28,1
2020-03-31,Colombia,NA,Risaralda,961055,6,0,34,1
2020-04-01,Colombia,NA,Risaralda,961055,0,1,34,2
2020-04-02,Colombia,NA,Risaralda,961055,0,0,34,2
2020-04-03,Colombia,NA,Risaralda,961055,2,0,36,2
2020-04-04,Colombia,NA,Risaralda,961055,0,0,36,2
2020-04-07,Colombia,NA,Risaralda,961055,0,0,36,2
2020-04-08,Colombia,NA,Risaralda,961055,10,0,46,2
2020-04-09,Colombia,NA,Risaralda,961055,3,0,49,2
2020-04-10,Colombia,NA,Risaralda,961055,3,0,52,2
2020-04-11,Colombia,NA,Risaralda,961055,6,0,58,2
2020-04-12,Colombia,NA,Risaralda,961055,3,0,61,2
2020-04-13,Colombia,NA,Risaralda,961055,1,0,62,2
2020-04-14,Colombia,NA,Risaralda,961055,8,0,70,2
2020-04-15,Colombia,NA,Risaralda,961055,3,1,73,3
2020-04-16,Colombia,NA,Risaralda,961055,0,1,73,4
2020-04-17,Colombia,NA,Risaralda,961055,40,0,113,4
2020-04-18,Colombia,NA,Risaralda,961055,12,1,125,5
2020-04-19,Colombia,NA,Risaralda,961055,6,0,131,5
2020-04-20,Colombia,NA,Risaralda,961055,0,0,131,5
2020-04-21,Colombia,NA,Risaralda,961055,5,0,136,5
2020-04-22,Colombia,NA,Risaralda,961055,6,0,142,5
2020-04-23,Colombia,NA,Risaralda,961055,4,0,146,5
2020-04-24,Colombia,NA,Risaralda,961055,2,1,148,6
2020-04-25,Colombia,NA,Risaralda,961055,32,0,180,6
2020-04-26,Colombia,NA,Risaralda,961055,5,0,185,6
2020-04-27,Colombia,NA,Risaralda,961055,0,0,185,6
2020-04-28,Colombia,NA,Risaralda,961055,6,0,191,6
2020-04-29,Colombia,NA,Risaralda,961055,2,1,193,7
2020-04-30,Colombia,NA,Risaralda,961055,6,0,199,7
2020-05-01,Colombia,NA,Risaralda,961055,4,0,203,7
2020-05-02,Colombia,NA,Risaralda,961055,5,1,208,8
2020-05-03,Colombia,NA,Risaralda,961055,3,0,211,8
2020-05-04,Colombia,NA,Risaralda,961055,0,0,211,8
2020-05-05,Colombia,NA,Risaralda,961055,0,0,211,8
2020-05-06,Colombia,NA,Risaralda,961055,1,0,212,8
2020-05-07,Colombia,NA,Risaralda,961055,0,0,212,8
2020-05-08,Colombia,NA,Risaralda,961055,2,0,214,8
2020-05-09,Colombia,NA,Risaralda,961055,2,0,216,8
2020-05-10,Colombia,NA,Risaralda,961055,0,0,216,8
2020-05-11,Colombia,NA,Risaralda,961055,0,0,216,8
2020-05-12,Colombia,NA,Risaralda,961055,0,0,216,8
2020-05-13,Colombia,NA,Risaralda,961055,17,0,233,8
2020-05-14,Colombia,NA,Risaralda,961055,3,0,236,8
2020-05-15,Colombia,NA,Risaralda,961055,0,0,236,8
2020-05-17,Colombia,NA,Risaralda,961055,2,0,238,8
2020-05-18,Colombia,NA,Risaralda,961055,0,0,238,8
2020-05-19,Colombia,NA,Risaralda,961055,0,0,238,8
2020-05-20,Colombia,NA,Risaralda,961055,0,0,238,8
2020-05-21,Colombia,NA,Risaralda,961055,1,0,239,8
2020-05-22,Colombia,NA,Risaralda,961055,1,0,240,8
2020-05-23,Colombia,NA,Risaralda,961055,1,0,241,8
2020-05-24,Colombia,NA,Risaralda,961055,4,0,245,8
2020-05-25,Colombia,NA,Risaralda,961055,1,0,246,8
2020-05-27,Colombia,NA,Risaralda,961055,4,0,250,8
2020-05-28,Colombia,NA,Risaralda,961055,1,0,251,8
2020-05-29,Colombia,NA,Risaralda,961055,1,0,252,8
2020-05-30,Colombia,NA,Risaralda,961055,2,1,254,9
2020-05-31,Colombia,NA,Risaralda,961055,2,0,256,9
2020-06-02,Colombia,NA,Risaralda,961055,3,0,259,9
2020-06-03,Colombia,NA,Risaralda,961055,5,0,264,9
2020-06-04,Colombia,NA,Risaralda,961055,3,0,267,9
2020-06-05,Colombia,NA,Risaralda,961055,2,1,269,10
2020-06-06,Colombia,NA,Risaralda,961055,6,0,275,10
2020-06-07,Colombia,NA,Risaralda,961055,4,0,279,10
2020-06-08,Colombia,NA,Risaralda,961055,0,0,279,10
2020-06-09,Colombia,NA,Risaralda,961055,8,1,287,11
2020-06-10,Colombia,NA,Risaralda,961055,8,0,295,11
2020-06-11,Colombia,NA,Risaralda,961055,9,0,304,11
2020-06-12,Colombia,NA,Risaralda,961055,5,0,309,11
2020-06-13,Colombia,NA,Risaralda,961055,9,0,318,11
2020-06-14,Colombia,NA,Risaralda,961055,6,0,324,11
2020-06-16,Colombia,NA,Risaralda,961055,1,0,325,11
2020-06-17,Colombia,NA,Risaralda,961055,8,0,333,11
2020-06-18,Colombia,NA,Risaralda,961055,53,0,386,11
2020-06-19,Colombia,NA,Risaralda,961055,11,2,397,13
2020-06-20,Colombia,NA,Risaralda,961055,14,0,411,13
2020-06-21,Colombia,NA,Risaralda,961055,10,0,421,13
2020-06-22,Colombia,NA,Risaralda,961055,3,0,424,13
2020-06-23,Colombia,NA,Risaralda,961055,13,0,437,13
2020-06-24,Colombia,NA,Risaralda,961055,28,1,465,14
2020-06-25,Colombia,NA,Risaralda,961055,8,1,473,15
2020-06-26,Colombia,NA,Risaralda,961055,24,0,497,15
2020-06-27,Colombia,NA,Risaralda,961055,6,1,503,16
2020-06-28,Colombia,NA,Risaralda,961055,4,0,507,16
2020-06-29,Colombia,NA,Risaralda,961055,4,1,511,17
2020-06-30,Colombia,NA,Risaralda,961055,0,0,511,17
2020-07-01,Colombia,NA,Risaralda,961055,35,0,546,17
2020-07-02,Colombia,NA,Risaralda,961055,18,0,564,17
2020-07-03,Colombia,NA,Risaralda,961055,24,0,588,17
2020-07-04,Colombia,NA,Risaralda,961055,24,0,612,17
2020-07-05,Colombia,NA,Risaralda,961055,3,2,615,19
2020-07-06,Colombia,NA,Risaralda,961055,6,2,621,21
2020-07-07,Colombia,NA,Risaralda,961055,23,0,644,21
2020-07-08,Colombia,NA,Risaralda,961055,18,0,662,21
2020-07-09,Colombia,NA,Risaralda,961055,57,0,719,21
2020-07-10,Colombia,NA,Risaralda,961055,12,0,731,21
2020-07-11,Colombia,NA,Risaralda,961055,25,0,756,21
2020-07-12,Colombia,NA,Risaralda,961055,7,1,763,22
2020-07-13,Colombia,NA,Risaralda,961055,31,0,794,22
2020-07-14,Colombia,NA,Risaralda,961055,81,0,875,22
2020-07-15,Colombia,NA,Risaralda,961055,38,0,913,22
2020-07-16,Colombia,NA,Risaralda,961055,36,0,949,22
2020-07-17,Colombia,NA,Risaralda,961055,45,0,994,22
2020-07-18,Colombia,NA,Risaralda,961055,21,0,1015,22
2020-07-19,Colombia,NA,Risaralda,961055,3,1,1018,23
2020-07-20,Colombia,NA,Risaralda,961055,14,1,1032,24
2020-07-21,Colombia,NA,Risaralda,961055,78,0,1110,24
2020-07-22,Colombia,NA,Risaralda,961055,83,3,1193,27
2020-07-23,Colombia,NA,Risaralda,961055,71,0,1264,27
2020-07-24,Colombia,NA,Risaralda,961055,67,0,1331,27
2020-07-25,Colombia,NA,Risaralda,961055,47,1,1378,28
2020-07-26,Colombia,NA,Risaralda,961055,2,0,1380,28
2020-07-27,Colombia,NA,Risaralda,961055,88,1,1468,29
2020-07-28,Colombia,NA,Risaralda,961055,88,0,1556,29
2020-07-29,Colombia,NA,Risaralda,961055,104,3,1660,32
2020-07-30,Colombia,NA,Risaralda,961055,77,2,1737,34
2020-07-31,Colombia,NA,Risaralda,961055,164,4,1901,38
2020-08-01,Colombia,NA,Risaralda,961055,167,2,2068,40
2020-08-02,Colombia,NA,Risaralda,961055,11,3,2079,43
2020-08-03,Colombia,NA,Risaralda,961055,123,6,2202,49
2020-08-04,Colombia,NA,Risaralda,961055,79,1,2281,50
2020-08-05,Colombia,NA,Risaralda,961055,114,4,2395,54
2020-08-06,Colombia,NA,Risaralda,961055,119,1,2514,55
2020-08-07,Colombia,NA,Risaralda,961055,102,2,2616,57
2020-08-08,Colombia,NA,Risaralda,961055,45,5,2661,62
2020-08-09,Colombia,NA,Risaralda,961055,112,1,2773,63
2020-08-10,Colombia,NA,Risaralda,961055,182,1,2955,64
2020-08-11,Colombia,NA,Risaralda,961055,162,0,3117,64
2020-08-12,Colombia,NA,Risaralda,961055,135,1,3252,65
2020-08-13,Colombia,NA,Risaralda,961055,163,3,3415,68
2020-08-14,Colombia,NA,Risaralda,961055,202,2,3617,70
2020-08-15,Colombia,NA,Risaralda,961055,213,2,3830,72
2020-08-16,Colombia,NA,Risaralda,961055,27,2,3857,74
2020-08-17,Colombia,NA,Risaralda,961055,106,1,3963,75
2020-08-18,Colombia,NA,Risaralda,961055,155,4,4118,79
2020-08-19,Colombia,NA,Risaralda,961055,81,8,4199,87
2020-08-20,Colombia,NA,Risaralda,961055,222,4,4421,91
2020-08-21,Colombia,NA,Risaralda,961055,273,2,4694,93
2020-08-22,Colombia,NA,Risaralda,961055,303,3,4997,96
2020-08-23,Colombia,NA,Risaralda,961055,68,3,5065,99
2020-08-24,Colombia,NA,Risaralda,961055,283,6,5348,105
2020-08-25,Colombia,NA,Risaralda,961055,207,3,5555,108
2020-08-26,Colombia,NA,Risaralda,961055,203,5,5758,113
2020-08-27,Colombia,NA,Risaralda,961055,136,4,5894,117
2020-08-28,Colombia,NA,Risaralda,961055,195,7,6089,124
2020-08-29,Colombia,NA,Risaralda,961055,118,1,6207,125
2020-08-30,Colombia,NA,Risaralda,961055,168,3,6375,128
2020-08-31,Colombia,NA,Risaralda,961055,164,3,6539,131
2020-09-01,Colombia,NA,Risaralda,961055,124,3,6663,134
2020-09-02,Colombia,NA,Risaralda,961055,203,2,6866,136
2020-09-03,Colombia,NA,Risaralda,961055,140,7,7006,143
2020-09-04,Colombia,NA,Risaralda,961055,168,3,7174,146
2020-09-05,Colombia,NA,Risaralda,961055,152,8,7326,154
2020-09-06,Colombia,NA,Risaralda,961055,63,5,7389,159
2020-09-07,Colombia,NA,Risaralda,961055,134,10,7523,169
2020-09-08,Colombia,NA,Risaralda,961055,134,5,7657,174
2020-09-09,Colombia,NA,Risaralda,961055,298,3,7955,177
2020-09-10,Colombia,NA,Risaralda,961055,183,4,8138,181
2020-09-11,Colombia,NA,Risaralda,961055,206,4,8344,185
2020-09-12,Colombia,NA,Risaralda,961055,157,2,8501,187
2020-09-13,Colombia,NA,Risaralda,961055,57,4,8558,191
2020-09-14,Colombia,NA,Risaralda,961055,95,3,8653,194
2020-09-15,Colombia,NA,Risaralda,961055,1,0,8654,194
2020-05-12,Colombia,NA,San Andres and Providencia,63692,9,0,15,0
2020-05-14,Colombia,NA,San Andres and Providencia,63692,0,0,15,0
2020-05-21,Colombia,NA,San Andres and Providencia,63692,0,0,15,0
2020-05-22,Colombia,NA,San Andres and Providencia,63692,0,0,15,0
2020-05-24,Colombia,NA,San Andres and Providencia,63692,0,0,15,0
2020-05-27,Colombia,NA,San Andres and Providencia,63692,2,0,17,0
2020-05-31,Colombia,NA,San Andres and Providencia,63692,0,0,17,0
2020-06-05,Colombia,NA,San Andres and Providencia,63692,0,0,17,0
2020-06-12,Colombia,NA,San Andres and Providencia,63692,1,0,18,0
2020-06-15,Colombia,NA,San Andres and Providencia,63692,1,0,19,0
2020-06-16,Colombia,NA,San Andres and Providencia,63692,1,0,20,0
2020-06-19,Colombia,NA,San Andres and Providencia,63692,3,0,23,0
2020-06-25,Colombia,NA,San Andres and Providencia,63692,0,0,23,0
2020-06-26,Colombia,NA,San Andres and Providencia,63692,0,0,23,0
2020-07-02,Colombia,NA,San Andres and Providencia,63692,5,0,28,0
2020-07-11,Colombia,NA,San Andres and Providencia,63692,1,0,29,0
2020-07-16,Colombia,NA,San Andres and Providencia,63692,1,0,30,0
2020-07-17,Colombia,NA,San Andres and Providencia,63692,1,0,31,0
2020-07-21,Colombia,NA,San Andres and Providencia,63692,1,0,32,0
2020-07-22,Colombia,NA,San Andres and Providencia,63692,2,0,34,0
2020-07-23,Colombia,NA,San Andres and Providencia,63692,0,0,34,0
2020-07-24,Colombia,NA,San Andres and Providencia,63692,2,0,36,0
2020-07-26,Colombia,NA,San Andres and Providencia,63692,2,0,38,0
2020-07-28,Colombia,NA,San Andres and Providencia,63692,2,0,40,0
2020-07-29,Colombia,NA,San Andres and Providencia,63692,0,0,40,0
2020-08-01,Colombia,NA,San Andres and Providencia,63692,4,0,44,0
2020-08-02,Colombia,NA,San Andres and Providencia,63692,1,0,45,0
2020-08-03,Colombia,NA,San Andres and Providencia,63692,1,0,46,0
2020-08-04,Colombia,NA,San Andres and Providencia,63692,0,0,46,0
2020-08-06,Colombia,NA,San Andres and Providencia,63692,4,0,50,0
2020-08-08,Colombia,NA,San Andres and Providencia,63692,4,0,54,0
2020-08-09,Colombia,NA,San Andres and Providencia,63692,1,0,55,0
2020-08-10,Colombia,NA,San Andres and Providencia,63692,3,0,58,0
2020-08-11,Colombia,NA,San Andres and Providencia,63692,2,0,60,0
2020-08-12,Colombia,NA,San Andres and Providencia,63692,5,0,65,0
2020-08-13,Colombia,NA,San Andres and Providencia,63692,3,0,68,0
2020-08-14,Colombia,NA,San Andres and Providencia,63692,10,0,78,0
2020-08-15,Colombia,NA,San Andres and Providencia,63692,6,0,84,0
2020-08-16,Colombia,NA,San Andres and Providencia,63692,17,0,101,0
2020-08-17,Colombia,NA,San Andres and Providencia,63692,0,0,101,0
2020-08-18,Colombia,NA,San Andres and Providencia,63692,13,0,114,0
2020-08-19,Colombia,NA,San Andres and Providencia,63692,4,1,118,1
2020-08-20,Colombia,NA,San Andres and Providencia,63692,1,0,119,1
2020-08-21,Colombia,NA,San Andres and Providencia,63692,8,0,127,1
2020-08-22,Colombia,NA,San Andres and Providencia,63692,0,0,127,1
2020-08-23,Colombia,NA,San Andres and Providencia,63692,0,0,127,1
2020-08-24,Colombia,NA,San Andres and Providencia,63692,46,0,173,1
2020-08-25,Colombia,NA,San Andres and Providencia,63692,3,0,176,1
2020-08-26,Colombia,NA,San Andres and Providencia,63692,0,1,176,2
2020-08-27,Colombia,NA,San Andres and Providencia,63692,0,0,176,2
2020-08-28,Colombia,NA,San Andres and Providencia,63692,0,0,176,2
2020-08-29,Colombia,NA,San Andres and Providencia,63692,33,0,209,2
2020-08-30,Colombia,NA,San Andres and Providencia,63692,15,0,224,2
2020-08-31,Colombia,NA,San Andres and Providencia,63692,40,0,264,2
2020-09-01,Colombia,NA,San Andres and Providencia,63692,11,1,275,3
2020-09-02,Colombia,NA,San Andres and Providencia,63692,5,1,280,4
2020-09-03,Colombia,NA,San Andres and Providencia,63692,17,0,297,4
2020-09-04,Colombia,NA,San Andres and Providencia,63692,5,1,302,5
2020-09-05,Colombia,NA,San Andres and Providencia,63692,38,1,340,6
2020-09-06,Colombia,NA,San Andres and Providencia,63692,56,0,396,6
2020-09-07,Colombia,NA,San Andres and Providencia,63692,21,0,417,6
2020-09-08,Colombia,NA,San Andres and Providencia,63692,51,0,468,6
2020-09-09,Colombia,NA,San Andres and Providencia,63692,11,0,479,6
2020-09-10,Colombia,NA,San Andres and Providencia,63692,29,1,508,7
2020-09-11,Colombia,NA,San Andres and Providencia,63692,43,1,551,8
2020-09-12,Colombia,NA,San Andres and Providencia,63692,38,0,589,8
2020-09-13,Colombia,NA,San Andres and Providencia,63692,2,1,591,9
2020-09-14,Colombia,NA,San Andres and Providencia,63692,5,0,596,9
2020-03-31,Colombia,NA,Santander,2280908,3,0,11,0
2020-04-01,Colombia,NA,Santander,2280908,1,0,12,0
2020-04-06,Colombia,NA,Santander,2280908,2,0,14,0
2020-04-07,Colombia,NA,Santander,2280908,0,1,14,1
2020-04-08,Colombia,NA,Santander,2280908,0,0,14,1
2020-04-09,Colombia,NA,Santander,2280908,7,0,21,1
2020-04-10,Colombia,NA,Santander,2280908,0,0,21,1
2020-04-11,Colombia,NA,Santander,2280908,6,0,27,1
2020-04-12,Colombia,NA,Santander,2280908,2,0,29,1
2020-04-13,Colombia,NA,Santander,2280908,0,0,29,1
2020-04-14,Colombia,NA,Santander,2280908,1,0,30,1
2020-04-16,Colombia,NA,Santander,2280908,3,0,33,1
2020-04-17,Colombia,NA,Santander,2280908,0,1,33,2
2020-04-21,Colombia,NA,Santander,2280908,1,0,34,2
2020-04-22,Colombia,NA,Santander,2280908,2,0,36,2
2020-04-23,Colombia,NA,Santander,2280908,1,0,37,2
2020-04-24,Colombia,NA,Santander,2280908,0,0,37,2
2020-04-25,Colombia,NA,Santander,2280908,1,1,38,3
2020-04-26,Colombia,NA,Santander,2280908,1,0,39,3
2020-04-27,Colombia,NA,Santander,2280908,0,0,39,3
2020-04-28,Colombia,NA,Santander,2280908,1,0,40,3
2020-05-01,Colombia,NA,Santander,2280908,0,0,40,3
2020-05-07,Colombia,NA,Santander,2280908,0,0,40,3
2020-05-08,Colombia,NA,Santander,2280908,1,0,41,3
2020-05-09,Colombia,NA,Santander,2280908,1,0,42,3
2020-05-14,Colombia,NA,Santander,2280908,0,0,42,3
2020-05-16,Colombia,NA,Santander,2280908,7,0,49,3
2020-05-18,Colombia,NA,Santander,2280908,1,0,50,3
2020-05-21,Colombia,NA,Santander,2280908,1,0,51,3
2020-05-22,Colombia,NA,Santander,2280908,1,0,52,3
2020-05-23,Colombia,NA,Santander,2280908,5,0,57,3
2020-05-26,Colombia,NA,Santander,2280908,0,0,57,3
2020-05-27,Colombia,NA,Santander,2280908,0,0,57,3
2020-05-28,Colombia,NA,Santander,2280908,0,0,57,3
2020-05-29,Colombia,NA,Santander,2280908,1,0,58,3
2020-05-30,Colombia,NA,Santander,2280908,0,1,58,4
2020-05-31,Colombia,NA,Santander,2280908,11,0,69,4
2020-06-01,Colombia,NA,Santander,2280908,3,0,72,4
2020-06-02,Colombia,NA,Santander,2280908,11,0,83,4
2020-06-03,Colombia,NA,Santander,2280908,30,1,113,5
2020-06-04,Colombia,NA,Santander,2280908,2,0,115,5
2020-06-05,Colombia,NA,Santander,2280908,20,0,135,5
2020-06-06,Colombia,NA,Santander,2280908,14,2,149,7
2020-06-07,Colombia,NA,Santander,2280908,10,0,159,7
2020-06-08,Colombia,NA,Santander,2280908,7,1,166,8
2020-06-09,Colombia,NA,Santander,2280908,25,0,191,8
2020-06-10,Colombia,NA,Santander,2280908,11,1,202,9
2020-06-11,Colombia,NA,Santander,2280908,9,1,211,10
2020-06-12,Colombia,NA,Santander,2280908,0,0,211,10
2020-06-13,Colombia,NA,Santander,2280908,19,0,230,10
2020-06-14,Colombia,NA,Santander,2280908,11,0,241,10
2020-06-15,Colombia,NA,Santander,2280908,22,0,263,10
2020-06-16,Colombia,NA,Santander,2280908,19,0,282,10
2020-06-17,Colombia,NA,Santander,2280908,32,0,314,10
2020-06-18,Colombia,NA,Santander,2280908,19,1,333,11
2020-06-19,Colombia,NA,Santander,2280908,15,1,348,12
2020-06-20,Colombia,NA,Santander,2280908,18,0,366,12
2020-06-21,Colombia,NA,Santander,2280908,93,0,459,12
2020-06-22,Colombia,NA,Santander,2280908,21,0,480,12
2020-06-23,Colombia,NA,Santander,2280908,10,1,490,13
2020-06-24,Colombia,NA,Santander,2280908,11,0,501,13
2020-06-25,Colombia,NA,Santander,2280908,26,0,527,13
2020-06-26,Colombia,NA,Santander,2280908,51,0,578,13
2020-06-27,Colombia,NA,Santander,2280908,33,2,611,15
2020-06-28,Colombia,NA,Santander,2280908,24,1,635,16
2020-06-29,Colombia,NA,Santander,2280908,35,1,670,17
2020-06-30,Colombia,NA,Santander,2280908,16,0,686,17
2020-07-01,Colombia,NA,Santander,2280908,45,1,731,18
2020-07-02,Colombia,NA,Santander,2280908,56,1,787,19
2020-07-03,Colombia,NA,Santander,2280908,37,2,824,21
2020-07-04,Colombia,NA,Santander,2280908,101,1,925,22
2020-07-05,Colombia,NA,Santander,2280908,47,1,972,23
2020-07-06,Colombia,NA,Santander,2280908,15,3,987,26
2020-07-07,Colombia,NA,Santander,2280908,60,1,1047,27
2020-07-08,Colombia,NA,Santander,2280908,40,0,1087,27
2020-07-09,Colombia,NA,Santander,2280908,65,3,1152,30
2020-07-10,Colombia,NA,Santander,2280908,90,2,1242,32
2020-07-11,Colombia,NA,Santander,2280908,42,3,1284,35
2020-07-12,Colombia,NA,Santander,2280908,46,1,1330,36
2020-07-13,Colombia,NA,Santander,2280908,134,4,1464,40
2020-07-14,Colombia,NA,Santander,2280908,152,5,1616,45
2020-07-15,Colombia,NA,Santander,2280908,88,2,1704,47
2020-07-16,Colombia,NA,Santander,2280908,137,5,1841,52
2020-07-17,Colombia,NA,Santander,2280908,105,3,1946,55
2020-07-18,Colombia,NA,Santander,2280908,78,4,2024,59
2020-07-19,Colombia,NA,Santander,2280908,90,3,2114,62
2020-07-20,Colombia,NA,Santander,2280908,39,5,2153,67
2020-07-21,Colombia,NA,Santander,2280908,91,5,2244,72
2020-07-22,Colombia,NA,Santander,2280908,166,8,2410,80
2020-07-23,Colombia,NA,Santander,2280908,175,4,2585,84
2020-07-24,Colombia,NA,Santander,2280908,181,8,2766,92
2020-07-25,Colombia,NA,Santander,2280908,174,5,2940,97
2020-07-26,Colombia,NA,Santander,2280908,99,10,3039,107
2020-07-27,Colombia,NA,Santander,2280908,235,12,3274,119
2020-07-28,Colombia,NA,Santander,2280908,316,12,3590,131
2020-07-29,Colombia,NA,Santander,2280908,215,12,3805,143
2020-07-30,Colombia,NA,Santander,2280908,244,20,4049,163
2020-07-31,Colombia,NA,Santander,2280908,219,13,4268,176
2020-08-01,Colombia,NA,Santander,2280908,309,24,4577,200
2020-08-02,Colombia,NA,Santander,2280908,138,17,4715,217
2020-08-03,Colombia,NA,Santander,2280908,470,19,5185,236
2020-08-04,Colombia,NA,Santander,2280908,353,9,5538,245
2020-08-05,Colombia,NA,Santander,2280908,501,23,6039,268
2020-08-06,Colombia,NA,Santander,2280908,302,29,6341,297
2020-08-07,Colombia,NA,Santander,2280908,515,19,6856,316
2020-08-08,Colombia,NA,Santander,2280908,595,26,7451,342
2020-08-09,Colombia,NA,Santander,2280908,246,22,7697,364
2020-08-10,Colombia,NA,Santander,2280908,478,31,8175,395
2020-08-11,Colombia,NA,Santander,2280908,587,29,8762,424
2020-08-12,Colombia,NA,Santander,2280908,508,23,9270,447
2020-08-13,Colombia,NA,Santander,2280908,445,18,9715,465
2020-08-14,Colombia,NA,Santander,2280908,412,15,10127,480
2020-08-15,Colombia,NA,Santander,2280908,437,21,10564,501
2020-08-16,Colombia,NA,Santander,2280908,228,29,10792,530
2020-08-17,Colombia,NA,Santander,2280908,472,25,11264,555
2020-08-18,Colombia,NA,Santander,2280908,719,21,11983,576
2020-08-19,Colombia,NA,Santander,2280908,461,28,12444,604
2020-08-20,Colombia,NA,Santander,2280908,754,22,13198,626
2020-08-21,Colombia,NA,Santander,2280908,562,34,13760,660
2020-08-22,Colombia,NA,Santander,2280908,597,22,14357,682
2020-08-23,Colombia,NA,Santander,2280908,440,24,14797,706
2020-08-24,Colombia,NA,Santander,2280908,621,23,15418,729
2020-08-25,Colombia,NA,Santander,2280908,630,25,16048,754
2020-08-26,Colombia,NA,Santander,2280908,587,26,16635,780
2020-08-27,Colombia,NA,Santander,2280908,651,16,17286,796
2020-08-28,Colombia,NA,Santander,2280908,651,21,17937,817
2020-08-29,Colombia,NA,Santander,2280908,531,33,18468,850
2020-08-30,Colombia,NA,Santander,2280908,379,17,18847,867
2020-08-31,Colombia,NA,Santander,2280908,680,16,19527,883
2020-09-01,Colombia,NA,Santander,2280908,610,19,20137,902
2020-09-02,Colombia,NA,Santander,2280908,764,23,20901,925
2020-09-03,Colombia,NA,Santander,2280908,155,21,21056,946
2020-09-04,Colombia,NA,Santander,2280908,457,30,21513,976
2020-09-05,Colombia,NA,Santander,2280908,371,26,21884,1002
2020-09-06,Colombia,NA,Santander,2280908,183,21,22067,1023
2020-09-07,Colombia,NA,Santander,2280908,409,19,22476,1042
2020-09-08,Colombia,NA,Santander,2280908,507,15,22983,1057
2020-09-09,Colombia,NA,Santander,2280908,492,22,23475,1079
2020-09-10,Colombia,NA,Santander,2280908,554,9,24029,1088
2020-09-11,Colombia,NA,Santander,2280908,304,16,24333,1104
2020-09-12,Colombia,NA,Santander,2280908,452,14,24785,1118
2020-09-13,Colombia,NA,Santander,2280908,181,14,24966,1132
2020-09-14,Colombia,NA,Santander,2280908,430,7,25396,1139
2020-05-28,Colombia,NA,Sucre,949252,5,0,15,1
2020-05-30,Colombia,NA,Sucre,949252,4,0,19,1
2020-05-31,Colombia,NA,Sucre,949252,2,1,21,2
2020-06-01,Colombia,NA,Sucre,949252,3,0,24,2
2020-06-02,Colombia,NA,Sucre,949252,1,0,25,2
2020-06-03,Colombia,NA,Sucre,949252,22,0,47,2
2020-06-04,Colombia,NA,Sucre,949252,26,0,73,2
2020-06-05,Colombia,NA,Sucre,949252,8,0,81,2
2020-06-06,Colombia,NA,Sucre,949252,17,1,98,3
2020-06-07,Colombia,NA,Sucre,949252,28,0,126,3
2020-06-08,Colombia,NA,Sucre,949252,6,1,132,4
2020-06-09,Colombia,NA,Sucre,949252,14,2,146,6
2020-06-10,Colombia,NA,Sucre,949252,24,3,170,9
2020-06-11,Colombia,NA,Sucre,949252,8,1,178,10
2020-06-12,Colombia,NA,Sucre,949252,23,2,201,12
2020-06-13,Colombia,NA,Sucre,949252,18,3,219,15
2020-06-14,Colombia,NA,Sucre,949252,24,1,243,16
2020-06-15,Colombia,NA,Sucre,949252,2,2,245,18
2020-06-16,Colombia,NA,Sucre,949252,32,5,277,23
2020-06-17,Colombia,NA,Sucre,949252,29,3,306,26
2020-06-18,Colombia,NA,Sucre,949252,101,2,407,28
2020-06-19,Colombia,NA,Sucre,949252,42,4,449,32
2020-06-20,Colombia,NA,Sucre,949252,46,4,495,36
2020-06-21,Colombia,NA,Sucre,949252,41,5,536,41
2020-06-22,Colombia,NA,Sucre,949252,58,7,594,48
2020-06-23,Colombia,NA,Sucre,949252,63,5,657,53
2020-06-24,Colombia,NA,Sucre,949252,88,7,745,60
2020-06-25,Colombia,NA,Sucre,949252,116,12,861,72
2020-06-26,Colombia,NA,Sucre,949252,88,10,949,82
2020-06-27,Colombia,NA,Sucre,949252,61,11,1010,93
2020-06-28,Colombia,NA,Sucre,949252,126,9,1136,102
2020-06-29,Colombia,NA,Sucre,949252,49,4,1185,106
2020-06-30,Colombia,NA,Sucre,949252,93,8,1278,114
2020-07-01,Colombia,NA,Sucre,949252,148,4,1426,118
2020-07-02,Colombia,NA,Sucre,949252,142,13,1568,131
2020-07-03,Colombia,NA,Sucre,949252,102,10,1670,141
2020-07-04,Colombia,NA,Sucre,949252,155,6,1825,147
2020-07-05,Colombia,NA,Sucre,949252,160,11,1985,158
2020-07-06,Colombia,NA,Sucre,949252,98,13,2083,171
2020-07-07,Colombia,NA,Sucre,949252,141,15,2224,186
2020-07-08,Colombia,NA,Sucre,949252,183,15,2407,201
2020-07-09,Colombia,NA,Sucre,949252,204,10,2611,211
2020-07-10,Colombia,NA,Sucre,949252,210,14,2821,225
2020-07-11,Colombia,NA,Sucre,949252,158,13,2979,238
2020-07-12,Colombia,NA,Sucre,949252,127,12,3106,250
2020-07-13,Colombia,NA,Sucre,949252,224,8,3330,258
2020-07-14,Colombia,NA,Sucre,949252,275,8,3605,266
2020-07-15,Colombia,NA,Sucre,949252,192,8,3797,274
2020-07-16,Colombia,NA,Sucre,949252,211,15,4008,289
2020-07-17,Colombia,NA,Sucre,949252,224,10,4232,299
2020-07-18,Colombia,NA,Sucre,949252,248,15,4480,314
2020-07-19,Colombia,NA,Sucre,949252,119,8,4599,322
2020-07-20,Colombia,NA,Sucre,949252,51,7,4650,329
2020-07-21,Colombia,NA,Sucre,949252,134,6,4784,335
2020-07-22,Colombia,NA,Sucre,949252,291,12,5075,347
2020-07-23,Colombia,NA,Sucre,949252,176,12,5251,359
2020-07-24,Colombia,NA,Sucre,949252,213,15,5464,374
2020-07-25,Colombia,NA,Sucre,949252,132,4,5596,378
2020-07-26,Colombia,NA,Sucre,949252,23,9,5619,387
2020-07-27,Colombia,NA,Sucre,949252,257,4,5876,391
2020-07-28,Colombia,NA,Sucre,949252,182,8,6058,399
2020-07-29,Colombia,NA,Sucre,949252,209,6,6267,405
2020-07-30,Colombia,NA,Sucre,949252,95,5,6362,410
2020-07-31,Colombia,NA,Sucre,949252,63,7,6425,417
2020-08-01,Colombia,NA,Sucre,949252,166,6,6591,423
2020-08-02,Colombia,NA,Sucre,949252,162,7,6753,430
2020-08-03,Colombia,NA,Sucre,949252,174,6,6927,436
2020-08-04,Colombia,NA,Sucre,949252,140,3,7067,439
2020-08-05,Colombia,NA,Sucre,949252,111,2,7178,441
2020-08-06,Colombia,NA,Sucre,949252,250,4,7428,445
2020-08-07,Colombia,NA,Sucre,949252,102,3,7530,448
2020-08-08,Colombia,NA,Sucre,949252,286,5,7816,453
2020-08-09,Colombia,NA,Sucre,949252,65,2,7881,455
2020-08-10,Colombia,NA,Sucre,949252,237,4,8118,459
2020-08-11,Colombia,NA,Sucre,949252,265,2,8383,461
2020-08-12,Colombia,NA,Sucre,949252,269,7,8652,468
2020-08-13,Colombia,NA,Sucre,949252,161,5,8813,473
2020-08-14,Colombia,NA,Sucre,949252,145,7,8958,480
2020-08-15,Colombia,NA,Sucre,949252,143,5,9101,485
2020-08-16,Colombia,NA,Sucre,949252,103,5,9204,490
2020-08-17,Colombia,NA,Sucre,949252,262,5,9466,495
2020-08-18,Colombia,NA,Sucre,949252,343,8,9809,503
2020-08-19,Colombia,NA,Sucre,949252,149,5,9958,508
2020-08-20,Colombia,NA,Sucre,949252,339,3,10297,511
2020-08-21,Colombia,NA,Sucre,949252,80,4,10377,515
2020-08-22,Colombia,NA,Sucre,949252,150,2,10527,517
2020-08-23,Colombia,NA,Sucre,949252,73,2,10600,519
2020-08-24,Colombia,NA,Sucre,949252,251,4,10851,523
2020-08-25,Colombia,NA,Sucre,949252,86,3,10937,526
2020-08-26,Colombia,NA,Sucre,949252,369,5,11306,531
2020-08-27,Colombia,NA,Sucre,949252,142,2,11448,533
2020-08-28,Colombia,NA,Sucre,949252,91,4,11539,537
2020-08-29,Colombia,NA,Sucre,949252,75,1,11614,538
2020-08-30,Colombia,NA,Sucre,949252,98,3,11712,541
2020-08-31,Colombia,NA,Sucre,949252,35,1,11747,542
2020-09-01,Colombia,NA,Sucre,949252,159,3,11906,545
2020-09-02,Colombia,NA,Sucre,949252,168,1,12074,546
2020-09-03,Colombia,NA,Sucre,949252,105,5,12179,551
2020-09-04,Colombia,NA,Sucre,949252,124,4,12303,555
2020-09-05,Colombia,NA,Sucre,949252,161,1,12464,556
2020-09-06,Colombia,NA,Sucre,949252,40,0,12504,556
2020-09-07,Colombia,NA,Sucre,949252,109,1,12613,557
2020-09-08,Colombia,NA,Sucre,949252,127,3,12740,560
2020-09-09,Colombia,NA,Sucre,949252,48,1,12788,561
2020-09-10,Colombia,NA,Sucre,949252,162,2,12950,563
2020-09-11,Colombia,NA,Sucre,949252,92,3,13042,566
2020-09-12,Colombia,NA,Sucre,949252,138,0,13180,566
2020-09-13,Colombia,NA,Sucre,949252,19,1,13199,567
2020-09-14,Colombia,NA,Sucre,949252,49,2,13248,569
2020-04-01,Colombia,NA,Tolima,1339998,5,0,14,0
2020-04-03,Colombia,NA,Tolima,1339998,1,0,15,0
2020-04-04,Colombia,NA,Tolima,1339998,0,0,15,0
2020-04-09,Colombia,NA,Tolima,1339998,1,0,16,0
2020-04-10,Colombia,NA,Tolima,1339998,5,0,21,0
2020-04-11,Colombia,NA,Tolima,1339998,2,1,23,1
2020-04-12,Colombia,NA,Tolima,1339998,0,1,23,2
2020-04-13,Colombia,NA,Tolima,1339998,2,0,25,2
2020-04-15,Colombia,NA,Tolima,1339998,2,0,27,2
2020-04-16,Colombia,NA,Tolima,1339998,1,0,28,2
2020-04-17,Colombia,NA,Tolima,1339998,2,0,30,2
2020-04-18,Colombia,NA,Tolima,1339998,0,0,30,2
2020-04-19,Colombia,NA,Tolima,1339998,2,0,32,2
2020-04-21,Colombia,NA,Tolima,1339998,4,0,36,2
2020-04-22,Colombia,NA,Tolima,1339998,4,0,40,2
2020-04-23,Colombia,NA,Tolima,1339998,1,0,41,2
2020-04-25,Colombia,NA,Tolima,1339998,1,0,42,2
2020-04-26,Colombia,NA,Tolima,1339998,1,0,43,2
2020-04-27,Colombia,NA,Tolima,1339998,12,0,55,2
2020-04-28,Colombia,NA,Tolima,1339998,7,0,62,2
2020-04-29,Colombia,NA,Tolima,1339998,4,1,66,3
2020-04-30,Colombia,NA,Tolima,1339998,2,0,68,3
2020-05-01,Colombia,NA,Tolima,1339998,19,1,87,4
2020-05-02,Colombia,NA,Tolima,1339998,1,1,88,5
2020-05-03,Colombia,NA,Tolima,1339998,5,0,93,5
2020-05-04,Colombia,NA,Tolima,1339998,1,0,94,5
2020-05-05,Colombia,NA,Tolima,1339998,0,1,94,6
2020-05-06,Colombia,NA,Tolima,1339998,0,0,94,6
2020-05-07,Colombia,NA,Tolima,1339998,4,0,98,6
2020-05-08,Colombia,NA,Tolima,1339998,5,0,103,6
2020-05-10,Colombia,NA,Tolima,1339998,27,0,130,6
2020-05-11,Colombia,NA,Tolima,1339998,0,0,130,6
2020-05-12,Colombia,NA,Tolima,1339998,3,0,133,6
2020-05-13,Colombia,NA,Tolima,1339998,1,0,134,6
2020-05-14,Colombia,NA,Tolima,1339998,0,0,134,6
2020-05-15,Colombia,NA,Tolima,1339998,20,0,154,6
2020-05-16,Colombia,NA,Tolima,1339998,5,0,159,6
2020-05-17,Colombia,NA,Tolima,1339998,0,1,159,7
2020-05-18,Colombia,NA,Tolima,1339998,5,0,164,7
2020-05-19,Colombia,NA,Tolima,1339998,10,0,174,7
2020-05-20,Colombia,NA,Tolima,1339998,2,0,176,7
2020-05-21,Colombia,NA,Tolima,1339998,1,0,177,7
2020-05-22,Colombia,NA,Tolima,1339998,4,0,181,7
2020-05-23,Colombia,NA,Tolima,1339998,6,0,187,7
2020-05-24,Colombia,NA,Tolima,1339998,2,0,189,7
2020-05-25,Colombia,NA,Tolima,1339998,36,0,225,7
2020-05-26,Colombia,NA,Tolima,1339998,13,0,238,7
2020-05-27,Colombia,NA,Tolima,1339998,0,0,238,7
2020-05-28,Colombia,NA,Tolima,1339998,9,0,247,7
2020-05-29,Colombia,NA,Tolima,1339998,0,0,247,7
2020-05-30,Colombia,NA,Tolima,1339998,1,0,248,7
2020-05-31,Colombia,NA,Tolima,1339998,15,0,263,7
2020-06-01,Colombia,NA,Tolima,1339998,10,0,273,7
2020-06-02,Colombia,NA,Tolima,1339998,1,0,274,7
2020-06-03,Colombia,NA,Tolima,1339998,0,0,274,7
2020-06-04,Colombia,NA,Tolima,1339998,2,0,276,7
2020-06-05,Colombia,NA,Tolima,1339998,3,1,279,8
2020-06-06,Colombia,NA,Tolima,1339998,1,0,280,8
2020-06-07,Colombia,NA,Tolima,1339998,7,3,287,11
2020-06-08,Colombia,NA,Tolima,1339998,5,1,292,12
2020-06-09,Colombia,NA,Tolima,1339998,2,0,294,12
2020-06-10,Colombia,NA,Tolima,1339998,3,1,297,13
2020-06-11,Colombia,NA,Tolima,1339998,18,1,315,14
2020-06-12,Colombia,NA,Tolima,1339998,26,0,341,14
2020-06-13,Colombia,NA,Tolima,1339998,40,0,381,14
2020-06-14,Colombia,NA,Tolima,1339998,3,1,384,15
2020-06-15,Colombia,NA,Tolima,1339998,9,0,393,15
2020-06-16,Colombia,NA,Tolima,1339998,12,0,405,15
2020-06-17,Colombia,NA,Tolima,1339998,65,0,470,15
2020-06-18,Colombia,NA,Tolima,1339998,33,0,503,15
2020-06-19,Colombia,NA,Tolima,1339998,10,0,513,15
2020-06-20,Colombia,NA,Tolima,1339998,32,3,545,18
2020-06-21,Colombia,NA,Tolima,1339998,70,2,615,20
2020-06-22,Colombia,NA,Tolima,1339998,77,1,692,21
2020-06-23,Colombia,NA,Tolima,1339998,14,1,706,22
2020-06-24,Colombia,NA,Tolima,1339998,32,1,738,23
2020-06-25,Colombia,NA,Tolima,1339998,11,0,749,23
2020-06-26,Colombia,NA,Tolima,1339998,25,1,774,24
2020-06-27,Colombia,NA,Tolima,1339998,24,0,798,24
2020-06-28,Colombia,NA,Tolima,1339998,36,0,834,24
2020-06-29,Colombia,NA,Tolima,1339998,111,0,945,24
2020-06-30,Colombia,NA,Tolima,1339998,12,0,957,24
2020-07-01,Colombia,NA,Tolima,1339998,78,1,1035,25
2020-07-02,Colombia,NA,Tolima,1339998,20,1,1055,26
2020-07-03,Colombia,NA,Tolima,1339998,52,0,1107,26
2020-07-04,Colombia,NA,Tolima,1339998,15,0,1122,26
2020-07-05,Colombia,NA,Tolima,1339998,26,0,1148,26
2020-07-06,Colombia,NA,Tolima,1339998,37,1,1185,27
2020-07-07,Colombia,NA,Tolima,1339998,16,0,1201,27
2020-07-08,Colombia,NA,Tolima,1339998,17,1,1218,28
2020-07-09,Colombia,NA,Tolima,1339998,127,1,1345,29
2020-07-10,Colombia,NA,Tolima,1339998,127,0,1472,29
2020-07-11,Colombia,NA,Tolima,1339998,28,1,1500,30
2020-07-12,Colombia,NA,Tolima,1339998,31,1,1531,31
2020-07-13,Colombia,NA,Tolima,1339998,28,2,1559,33
2020-07-14,Colombia,NA,Tolima,1339998,35,0,1594,33
2020-07-15,Colombia,NA,Tolima,1339998,74,2,1668,35
2020-07-16,Colombia,NA,Tolima,1339998,58,1,1726,36
2020-07-17,Colombia,NA,Tolima,1339998,54,2,1780,38
2020-07-18,Colombia,NA,Tolima,1339998,48,2,1828,40
2020-07-19,Colombia,NA,Tolima,1339998,27,0,1855,40
2020-07-20,Colombia,NA,Tolima,1339998,15,2,1870,42
2020-07-21,Colombia,NA,Tolima,1339998,33,1,1903,43
2020-07-22,Colombia,NA,Tolima,1339998,46,3,1949,46
2020-07-23,Colombia,NA,Tolima,1339998,65,3,2014,49
2020-07-24,Colombia,NA,Tolima,1339998,84,1,2098,50
2020-07-25,Colombia,NA,Tolima,1339998,61,3,2159,53
2020-07-26,Colombia,NA,Tolima,1339998,180,7,2339,60
2020-07-27,Colombia,NA,Tolima,1339998,78,2,2417,62
2020-07-28,Colombia,NA,Tolima,1339998,88,1,2505,63
2020-07-29,Colombia,NA,Tolima,1339998,54,3,2559,66
2020-07-30,Colombia,NA,Tolima,1339998,101,3,2660,69
2020-07-31,Colombia,NA,Tolima,1339998,63,6,2723,75
2020-08-01,Colombia,NA,Tolima,1339998,117,3,2840,78
2020-08-02,Colombia,NA,Tolima,1339998,87,5,2927,83
2020-08-03,Colombia,NA,Tolima,1339998,121,3,3048,86
2020-08-04,Colombia,NA,Tolima,1339998,233,3,3281,89
2020-08-05,Colombia,NA,Tolima,1339998,47,3,3328,92
2020-08-06,Colombia,NA,Tolima,1339998,92,3,3420,95
2020-08-07,Colombia,NA,Tolima,1339998,185,3,3605,98
2020-08-08,Colombia,NA,Tolima,1339998,150,5,3755,103
2020-08-09,Colombia,NA,Tolima,1339998,103,2,3858,105
2020-08-10,Colombia,NA,Tolima,1339998,98,4,3956,109
2020-08-11,Colombia,NA,Tolima,1339998,92,5,4048,114
2020-08-12,Colombia,NA,Tolima,1339998,111,3,4159,117
2020-08-13,Colombia,NA,Tolima,1339998,122,3,4281,120
2020-08-14,Colombia,NA,Tolima,1339998,157,7,4438,127
2020-08-15,Colombia,NA,Tolima,1339998,228,3,4666,130
2020-08-16,Colombia,NA,Tolima,1339998,123,5,4789,135
2020-08-17,Colombia,NA,Tolima,1339998,145,8,4934,143
2020-08-18,Colombia,NA,Tolima,1339998,143,8,5077,151
2020-08-19,Colombia,NA,Tolima,1339998,106,8,5183,159
2020-08-20,Colombia,NA,Tolima,1339998,176,9,5359,168
2020-08-21,Colombia,NA,Tolima,1339998,170,6,5529,174
2020-08-22,Colombia,NA,Tolima,1339998,165,4,5694,178
2020-08-23,Colombia,NA,Tolima,1339998,152,2,5846,180
2020-08-24,Colombia,NA,Tolima,1339998,260,8,6106,188
2020-08-25,Colombia,NA,Tolima,1339998,204,6,6310,194
2020-08-26,Colombia,NA,Tolima,1339998,191,7,6501,201
2020-08-27,Colombia,NA,Tolima,1339998,293,9,6794,210
2020-08-28,Colombia,NA,Tolima,1339998,221,6,7015,216
2020-08-29,Colombia,NA,Tolima,1339998,137,4,7152,220
2020-08-30,Colombia,NA,Tolima,1339998,163,2,7315,222
2020-08-31,Colombia,NA,Tolima,1339998,129,4,7444,226
2020-09-01,Colombia,NA,Tolima,1339998,182,2,7626,228
2020-09-02,Colombia,NA,Tolima,1339998,184,9,7810,237
2020-09-03,Colombia,NA,Tolima,1339998,209,6,8019,243
2020-09-04,Colombia,NA,Tolima,1339998,273,4,8292,247
2020-09-05,Colombia,NA,Tolima,1339998,178,7,8470,254
2020-09-06,Colombia,NA,Tolima,1339998,97,5,8567,259
2020-09-07,Colombia,NA,Tolima,1339998,165,6,8732,265
2020-09-08,Colombia,NA,Tolima,1339998,147,3,8879,268
2020-09-09,Colombia,NA,Tolima,1339998,248,4,9127,272
2020-09-10,Colombia,NA,Tolima,1339998,264,7,9391,279
2020-09-11,Colombia,NA,Tolima,1339998,123,3,9514,282
2020-09-12,Colombia,NA,Tolima,1339998,123,5,9637,287
2020-09-13,Colombia,NA,Tolima,1339998,83,4,9720,291
2020-09-14,Colombia,NA,Tolima,1339998,212,3,9932,294
2020-03-17,Colombia,NA,Valle Del Cauca,4532152,8,0,13,0
2020-03-19,Colombia,NA,Valle Del Cauca,4532152,1,0,14,0
2020-03-20,Colombia,NA,Valle Del Cauca,4532152,1,0,15,0
2020-03-21,Colombia,NA,Valle Del Cauca,4532152,12,0,27,0
2020-03-22,Colombia,NA,Valle Del Cauca,4532152,5,1,32,1
2020-03-23,Colombia,NA,Valle Del Cauca,4532152,6,0,38,1
2020-03-24,Colombia,NA,Valle Del Cauca,4532152,29,0,67,1
2020-03-25,Colombia,NA,Valle Del Cauca,4532152,5,2,72,3
2020-03-26,Colombia,NA,Valle Del Cauca,4532152,2,0,74,3
2020-03-28,Colombia,NA,Valle Del Cauca,4532152,11,0,85,3
2020-03-29,Colombia,NA,Valle Del Cauca,4532152,8,0,93,3
2020-03-30,Colombia,NA,Valle Del Cauca,4532152,13,1,106,4
2020-03-31,Colombia,NA,Valle Del Cauca,4532152,11,1,117,5
2020-04-01,Colombia,NA,Valle Del Cauca,4532152,31,0,148,5
2020-04-02,Colombia,NA,Valle Del Cauca,4532152,3,1,151,6
2020-04-03,Colombia,NA,Valle Del Cauca,4532152,17,1,168,7
2020-04-04,Colombia,NA,Valle Del Cauca,4532152,13,3,181,10
2020-04-05,Colombia,NA,Valle Del Cauca,4532152,17,0,198,10
2020-04-06,Colombia,NA,Valle Del Cauca,4532152,14,2,212,12
2020-04-07,Colombia,NA,Valle Del Cauca,4532152,15,0,227,12
2020-04-08,Colombia,NA,Valle Del Cauca,4532152,92,0,319,12
2020-04-09,Colombia,NA,Valle Del Cauca,4532152,37,3,356,15
2020-04-10,Colombia,NA,Valle Del Cauca,4532152,70,0,426,15
2020-04-11,Colombia,NA,Valle Del Cauca,4532152,60,0,486,15
2020-04-12,Colombia,NA,Valle Del Cauca,4532152,10,7,496,22
2020-04-13,Colombia,NA,Valle Del Cauca,4532152,4,1,500,23
2020-04-14,Colombia,NA,Valle Del Cauca,4532152,16,2,516,25
2020-04-15,Colombia,NA,Valle Del Cauca,4532152,20,6,536,31
2020-04-16,Colombia,NA,Valle Del Cauca,4532152,27,5,563,36
2020-04-17,Colombia,NA,Valle Del Cauca,4532152,44,1,607,37
2020-04-18,Colombia,NA,Valle Del Cauca,4532152,23,3,630,40
2020-04-19,Colombia,NA,Valle Del Cauca,4532152,10,4,640,44
2020-04-20,Colombia,NA,Valle Del Cauca,4532152,49,2,689,46
2020-04-21,Colombia,NA,Valle Del Cauca,4532152,31,1,720,47
2020-04-22,Colombia,NA,Valle Del Cauca,4532152,27,3,747,50
2020-04-23,Colombia,NA,Valle Del Cauca,4532152,35,2,782,52
2020-04-24,Colombia,NA,Valle Del Cauca,4532152,23,0,805,52
2020-04-25,Colombia,NA,Valle Del Cauca,4532152,19,0,824,52
2020-04-26,Colombia,NA,Valle Del Cauca,4532152,26,2,850,54
2020-04-27,Colombia,NA,Valle Del Cauca,4532152,7,3,857,57
2020-04-28,Colombia,NA,Valle Del Cauca,4532152,34,2,891,59
2020-04-29,Colombia,NA,Valle Del Cauca,4532152,22,3,913,62
2020-04-30,Colombia,NA,Valle Del Cauca,4532152,41,1,954,63
2020-05-01,Colombia,NA,Valle Del Cauca,4532152,62,1,1016,64
2020-05-02,Colombia,NA,Valle Del Cauca,4532152,44,3,1060,67
2020-05-03,Colombia,NA,Valle Del Cauca,4532152,2,1,1062,68
2020-05-04,Colombia,NA,Valle Del Cauca,4532152,37,5,1099,73
2020-05-05,Colombia,NA,Valle Del Cauca,4532152,38,0,1137,73
2020-05-06,Colombia,NA,Valle Del Cauca,4532152,42,3,1179,76
2020-05-07,Colombia,NA,Valle Del Cauca,4532152,49,2,1228,78
2020-05-08,Colombia,NA,Valle Del Cauca,4532152,40,1,1268,79
2020-05-09,Colombia,NA,Valle Del Cauca,4532152,57,2,1325,81
2020-05-10,Colombia,NA,Valle Del Cauca,4532152,11,3,1336,84
2020-05-11,Colombia,NA,Valle Del Cauca,4532152,36,6,1372,90
2020-05-12,Colombia,NA,Valle Del Cauca,4532152,48,1,1420,91
2020-05-13,Colombia,NA,Valle Del Cauca,4532152,62,3,1482,94
2020-05-14,Colombia,NA,Valle Del Cauca,4532152,79,5,1561,99
2020-05-15,Colombia,NA,Valle Del Cauca,4532152,42,1,1603,100
2020-05-16,Colombia,NA,Valle Del Cauca,4532152,72,2,1675,102
2020-05-17,Colombia,NA,Valle Del Cauca,4532152,78,5,1753,107
2020-05-18,Colombia,NA,Valle Del Cauca,4532152,47,3,1800,110
2020-05-19,Colombia,NA,Valle Del Cauca,4532152,89,2,1889,112
2020-05-20,Colombia,NA,Valle Del Cauca,4532152,90,8,1979,120
2020-05-21,Colombia,NA,Valle Del Cauca,4532152,69,5,2048,125
2020-05-22,Colombia,NA,Valle Del Cauca,4532152,168,10,2216,135
2020-05-23,Colombia,NA,Valle Del Cauca,4532152,101,5,2317,140
2020-05-24,Colombia,NA,Valle Del Cauca,4532152,114,10,2431,150
2020-05-25,Colombia,NA,Valle Del Cauca,4532152,63,5,2494,155
2020-05-26,Colombia,NA,Valle Del Cauca,4532152,184,7,2678,162
2020-05-27,Colombia,NA,Valle Del Cauca,4532152,156,6,2834,168
2020-05-28,Colombia,NA,Valle Del Cauca,4532152,137,10,2971,178
2020-05-29,Colombia,NA,Valle Del Cauca,4532152,112,9,3083,187
2020-05-30,Colombia,NA,Valle Del Cauca,4532152,283,9,3366,196
2020-05-31,Colombia,NA,Valle Del Cauca,4532152,106,9,3472,205
2020-06-01,Colombia,NA,Valle Del Cauca,4532152,114,5,3586,210
2020-06-02,Colombia,NA,Valle Del Cauca,4532152,132,10,3718,220
2020-06-03,Colombia,NA,Valle Del Cauca,4532152,172,6,3890,226
2020-06-04,Colombia,NA,Valle Del Cauca,4532152,101,4,3991,230
2020-06-05,Colombia,NA,Valle Del Cauca,4532152,205,8,4196,238
2020-06-06,Colombia,NA,Valle Del Cauca,4532152,153,8,4349,246
2020-06-07,Colombia,NA,Valle Del Cauca,4532152,65,9,4414,255
2020-06-08,Colombia,NA,Valle Del Cauca,4532152,248,10,4662,265
2020-06-09,Colombia,NA,Valle Del Cauca,4532152,142,5,4804,270
2020-06-10,Colombia,NA,Valle Del Cauca,4532152,159,5,4963,275
2020-06-11,Colombia,NA,Valle Del Cauca,4532152,362,6,5325,281
2020-06-12,Colombia,NA,Valle Del Cauca,4532152,95,9,5420,290
2020-06-13,Colombia,NA,Valle Del Cauca,4532152,300,6,5720,296
2020-06-14,Colombia,NA,Valle Del Cauca,4532152,78,11,5798,307
2020-06-15,Colombia,NA,Valle Del Cauca,4532152,241,6,6039,313
2020-06-16,Colombia,NA,Valle Del Cauca,4532152,213,11,6252,324
2020-06-17,Colombia,NA,Valle Del Cauca,4532152,222,8,6474,332
2020-06-18,Colombia,NA,Valle Del Cauca,4532152,267,10,6741,342
2020-06-19,Colombia,NA,Valle Del Cauca,4532152,243,10,6984,352
2020-06-20,Colombia,NA,Valle Del Cauca,4532152,212,12,7196,364
2020-06-21,Colombia,NA,Valle Del Cauca,4532152,248,10,7444,374
2020-06-22,Colombia,NA,Valle Del Cauca,4532152,141,11,7585,385
2020-06-23,Colombia,NA,Valle Del Cauca,4532152,276,8,7861,393
2020-06-24,Colombia,NA,Valle Del Cauca,4532152,403,10,8264,403
2020-06-25,Colombia,NA,Valle Del Cauca,4532152,346,9,8610,412
2020-06-26,Colombia,NA,Valle Del Cauca,4532152,446,10,9056,422
2020-06-27,Colombia,NA,Valle Del Cauca,4532152,206,6,9262,428
2020-06-28,Colombia,NA,Valle Del Cauca,4532152,217,3,9479,431
2020-06-29,Colombia,NA,Valle Del Cauca,4532152,291,13,9770,444
2020-06-30,Colombia,NA,Valle Del Cauca,4532152,116,13,9886,457
2020-07-01,Colombia,NA,Valle Del Cauca,4532152,549,16,10435,473
2020-07-02,Colombia,NA,Valle Del Cauca,4532152,398,10,10833,483
2020-07-03,Colombia,NA,Valle Del Cauca,4532152,329,18,11162,501
2020-07-04,Colombia,NA,Valle Del Cauca,4532152,491,13,11653,514
2020-07-05,Colombia,NA,Valle Del Cauca,4532152,217,14,11870,528
2020-07-06,Colombia,NA,Valle Del Cauca,4532152,264,15,12134,543
2020-07-07,Colombia,NA,Valle Del Cauca,4532152,396,24,12530,567
2020-07-08,Colombia,NA,Valle Del Cauca,4532152,465,17,12995,584
2020-07-09,Colombia,NA,Valle Del Cauca,4532152,626,10,13621,594
2020-07-10,Colombia,NA,Valle Del Cauca,4532152,605,14,14226,608
2020-07-11,Colombia,NA,Valle Del Cauca,4532152,325,10,14551,618
2020-07-12,Colombia,NA,Valle Del Cauca,4532152,266,18,14817,636
2020-07-13,Colombia,NA,Valle Del Cauca,4532152,681,23,15498,659
2020-07-14,Colombia,NA,Valle Del Cauca,4532152,803,28,16301,687
2020-07-15,Colombia,NA,Valle Del Cauca,4532152,407,30,16708,717
2020-07-16,Colombia,NA,Valle Del Cauca,4532152,288,17,16996,734
2020-07-17,Colombia,NA,Valle Del Cauca,4532152,441,20,17437,754
2020-07-18,Colombia,NA,Valle Del Cauca,4532152,362,27,17799,781
2020-07-19,Colombia,NA,Valle Del Cauca,4532152,344,26,18143,807
2020-07-20,Colombia,NA,Valle Del Cauca,4532152,396,31,18539,838
2020-07-21,Colombia,NA,Valle Del Cauca,4532152,756,34,19295,872
2020-07-22,Colombia,NA,Valle Del Cauca,4532152,1101,28,20396,900
2020-07-23,Colombia,NA,Valle Del Cauca,4532152,522,37,20918,937
2020-07-24,Colombia,NA,Valle Del Cauca,4532152,674,27,21592,964
2020-07-25,Colombia,NA,Valle Del Cauca,4532152,507,28,22099,992
2020-07-26,Colombia,NA,Valle Del Cauca,4532152,413,23,22512,1015
2020-07-27,Colombia,NA,Valle Del Cauca,4532152,789,35,23301,1050
2020-07-28,Colombia,NA,Valle Del Cauca,4532152,377,32,23678,1082
2020-07-29,Colombia,NA,Valle Del Cauca,4532152,1031,29,24709,1111
2020-07-30,Colombia,NA,Valle Del Cauca,4532152,607,30,25316,1141
2020-07-31,Colombia,NA,Valle Del Cauca,4532152,893,27,26209,1168
2020-08-01,Colombia,NA,Valle Del Cauca,4532152,725,31,26934,1199
2020-08-02,Colombia,NA,Valle Del Cauca,4532152,385,23,27319,1222
2020-08-03,Colombia,NA,Valle Del Cauca,4532152,478,23,27797,1245
2020-08-04,Colombia,NA,Valle Del Cauca,4532152,969,29,28766,1274
2020-08-05,Colombia,NA,Valle Del Cauca,4532152,945,25,29711,1299
2020-08-06,Colombia,NA,Valle Del Cauca,4532152,824,29,30535,1328
2020-08-07,Colombia,NA,Valle Del Cauca,4532152,546,34,31081,1362
2020-08-08,Colombia,NA,Valle Del Cauca,4532152,780,37,31861,1399
2020-08-09,Colombia,NA,Valle Del Cauca,4532152,197,28,32058,1427
2020-08-10,Colombia,NA,Valle Del Cauca,4532152,726,29,32784,1456
2020-08-11,Colombia,NA,Valle Del Cauca,4532152,2183,32,34967,1488
2020-08-12,Colombia,NA,Valle Del Cauca,4532152,795,22,35762,1510
2020-08-13,Colombia,NA,Valle Del Cauca,4532152,721,27,36483,1537
2020-08-14,Colombia,NA,Valle Del Cauca,4532152,813,24,37296,1561
2020-08-15,Colombia,NA,Valle Del Cauca,4532152,755,23,38051,1584
2020-08-16,Colombia,NA,Valle Del Cauca,4532152,265,24,38316,1608
2020-08-17,Colombia,NA,Valle Del Cauca,4532152,1114,26,39430,1634
2020-08-18,Colombia,NA,Valle Del Cauca,4532152,877,15,40307,1649
2020-08-19,Colombia,NA,Valle Del Cauca,4532152,642,24,40949,1673
2020-08-20,Colombia,NA,Valle Del Cauca,4532152,1053,15,42002,1688
2020-08-21,Colombia,NA,Valle Del Cauca,4532152,751,24,42753,1712
2020-08-22,Colombia,NA,Valle Del Cauca,4532152,506,23,43259,1735
2020-08-23,Colombia,NA,Valle Del Cauca,4532152,270,24,43529,1759
2020-08-24,Colombia,NA,Valle Del Cauca,4532152,634,21,44163,1780
2020-08-25,Colombia,NA,Valle Del Cauca,4532152,613,17,44776,1797
2020-08-26,Colombia,NA,Valle Del Cauca,4532152,415,20,45191,1817
2020-08-27,Colombia,NA,Valle Del Cauca,4532152,481,25,45672,1842
2020-08-28,Colombia,NA,Valle Del Cauca,4532152,537,27,46209,1869
2020-08-29,Colombia,NA,Valle Del Cauca,4532152,367,18,46576,1887
2020-08-30,Colombia,NA,Valle Del Cauca,4532152,360,26,46936,1913
2020-08-31,Colombia,NA,Valle Del Cauca,4532152,752,26,47688,1939
2020-09-01,Colombia,NA,Valle Del Cauca,4532152,378,22,48066,1961
2020-09-02,Colombia,NA,Valle Del Cauca,4532152,602,17,48668,1978
2020-09-03,Colombia,NA,Valle Del Cauca,4532152,299,16,48967,1994
2020-09-04,Colombia,NA,Valle Del Cauca,4532152,603,15,49570,2009
2020-09-05,Colombia,NA,Valle Del Cauca,4532152,549,25,50119,2034
2020-09-06,Colombia,NA,Valle Del Cauca,4532152,188,18,50307,2052
2020-09-07,Colombia,NA,Valle Del Cauca,4532152,614,11,50921,2063
2020-09-08,Colombia,NA,Valle Del Cauca,4532152,367,24,51288,2087
2020-09-09,Colombia,NA,Valle Del Cauca,4532152,742,18,52030,2105
2020-09-10,Colombia,NA,Valle Del Cauca,4532152,539,17,52569,2122
2020-09-11,Colombia,NA,Valle Del Cauca,4532152,476,15,53045,2137
2020-09-12,Colombia,NA,Valle Del Cauca,4532152,332,10,53377,2147
2020-09-13,Colombia,NA,Valle Del Cauca,4532152,311,10,53688,2157
2020-09-14,Colombia,NA,Valle Del Cauca,4532152,391,9,54079,2166
2020-09-15,Colombia,NA,Valle Del Cauca,4532152,1,4,54080,2170
2020-05-13,Colombia,NA,Vaupes,44712,9,0,11,0
2020-05-22,Colombia,NA,Vaupes,44712,0,0,11,0
2020-06-04,Colombia,NA,Vaupes,44712,0,0,11,0
2020-06-13,Colombia,NA,Vaupes,44712,16,0,27,0
2020-06-18,Colombia,NA,Vaupes,44712,0,0,27,0
2020-06-19,Colombia,NA,Vaupes,44712,0,0,27,0
2020-06-22,Colombia,NA,Vaupes,44712,1,0,28,0
2020-06-26,Colombia,NA,Vaupes,44712,0,0,28,0
2020-06-29,Colombia,NA,Vaupes,44712,0,0,28,0
2020-07-01,Colombia,NA,Vaupes,44712,0,1,28,1
2020-07-03,Colombia,NA,Vaupes,44712,0,0,28,1
2020-07-04,Colombia,NA,Vaupes,44712,0,0,28,1
2020-07-08,Colombia,NA,Vaupes,44712,1,0,29,1
2020-07-09,Colombia,NA,Vaupes,44712,0,0,29,1
2020-07-11,Colombia,NA,Vaupes,44712,1,0,30,1
2020-07-12,Colombia,NA,Vaupes,44712,1,0,31,1
2020-07-13,Colombia,NA,Vaupes,44712,30,0,61,1
2020-07-15,Colombia,NA,Vaupes,44712,1,0,62,1
2020-07-18,Colombia,NA,Vaupes,44712,0,0,62,1
2020-07-23,Colombia,NA,Vaupes,44712,0,0,62,1
2020-07-24,Colombia,NA,Vaupes,44712,0,0,62,1
2020-07-25,Colombia,NA,Vaupes,44712,0,0,62,1
2020-07-26,Colombia,NA,Vaupes,44712,0,0,62,1
2020-07-27,Colombia,NA,Vaupes,44712,0,0,62,1
2020-08-01,Colombia,NA,Vaupes,44712,0,0,62,1
2020-08-03,Colombia,NA,Vaupes,44712,0,0,62,1
2020-08-10,Colombia,NA,Vaupes,44712,74,0,136,1
2020-08-11,Colombia,NA,Vaupes,44712,2,0,138,1
2020-08-13,Colombia,NA,Vaupes,44712,1,0,139,1
2020-08-14,Colombia,NA,Vaupes,44712,3,0,142,1
2020-08-17,Colombia,NA,Vaupes,44712,22,0,164,1
2020-08-18,Colombia,NA,Vaupes,44712,0,0,164,1
2020-08-19,Colombia,NA,Vaupes,44712,1,0,165,1
2020-08-20,Colombia,NA,Vaupes,44712,3,0,168,1
2020-08-21,Colombia,NA,Vaupes,44712,33,0,201,1
2020-08-22,Colombia,NA,Vaupes,44712,6,0,207,1
2020-08-23,Colombia,NA,Vaupes,44712,2,0,209,1
2020-08-24,Colombia,NA,Vaupes,44712,10,0,219,1
2020-08-25,Colombia,NA,Vaupes,44712,17,0,236,1
2020-08-26,Colombia,NA,Vaupes,44712,11,0,247,1
2020-08-27,Colombia,NA,Vaupes,44712,16,0,263,1
2020-08-28,Colombia,NA,Vaupes,44712,52,0,315,1
2020-08-29,Colombia,NA,Vaupes,44712,22,0,337,1
2020-08-30,Colombia,NA,Vaupes,44712,8,0,345,1
2020-08-31,Colombia,NA,Vaupes,44712,7,0,352,1
2020-09-01,Colombia,NA,Vaupes,44712,37,0,389,1
2020-09-02,Colombia,NA,Vaupes,44712,23,0,412,1
2020-09-03,Colombia,NA,Vaupes,44712,18,2,430,3
2020-09-04,Colombia,NA,Vaupes,44712,18,0,448,3
2020-09-05,Colombia,NA,Vaupes,44712,12,0,460,3
2020-09-06,Colombia,NA,Vaupes,44712,3,0,463,3
2020-09-07,Colombia,NA,Vaupes,44712,56,0,519,3
2020-09-08,Colombia,NA,Vaupes,44712,2,0,521,3
2020-09-09,Colombia,NA,Vaupes,44712,11,0,532,3
2020-09-10,Colombia,NA,Vaupes,44712,4,0,536,3
2020-09-11,Colombia,NA,Vaupes,44712,54,0,590,3
2020-09-12,Colombia,NA,Vaupes,44712,2,0,592,3
2020-03-16,France,NA,Auvergne-Rhone-Alpes,8005882,16,0,20,0
2020-03-17,France,NA,Auvergne-Rhone-Alpes,8005882,9,0,29,0
2020-03-18,France,NA,Auvergne-Rhone-Alpes,8005882,55,0,84,7
2020-03-19,France,NA,Auvergne-Rhone-Alpes,8005882,84,15,168,22
2020-03-20,France,NA,Auvergne-Rhone-Alpes,8005882,105,11,273,33
2020-03-21,France,NA,Auvergne-Rhone-Alpes,8005882,8,5,281,38
2020-03-22,France,NA,Auvergne-Rhone-Alpes,8005882,9,9,290,47
2020-03-23,France,NA,Auvergne-Rhone-Alpes,8005882,96,23,386,70
2020-03-24,France,NA,Auvergne-Rhone-Alpes,8005882,97,16,483,86
2020-03-25,France,NA,Auvergne-Rhone-Alpes,8005882,53,21,536,107
2020-03-26,France,NA,Auvergne-Rhone-Alpes,8005882,60,27,596,134
2020-03-27,France,NA,Auvergne-Rhone-Alpes,8005882,37,31,633,165
2020-03-28,France,NA,Auvergne-Rhone-Alpes,8005882,15,30,648,195
2020-03-29,France,NA,Auvergne-Rhone-Alpes,8005882,4,32,652,227
2020-03-30,France,NA,Auvergne-Rhone-Alpes,8005882,85,37,737,264
2020-03-31,France,NA,Auvergne-Rhone-Alpes,8005882,84,31,821,295
2020-04-01,France,NA,Auvergne-Rhone-Alpes,8005882,64,54,885,349
2020-04-02,France,NA,Auvergne-Rhone-Alpes,8005882,58,55,943,396
2020-04-03,France,NA,Auvergne-Rhone-Alpes,8005882,66,44,1009,423
2020-04-04,France,NA,Auvergne-Rhone-Alpes,8005882,12,30,1021,428
2020-04-05,France,NA,Auvergne-Rhone-Alpes,8005882,0,30,1021,428
2020-04-06,France,NA,Auvergne-Rhone-Alpes,8005882,83,47,1104,463
2020-04-07,France,NA,Auvergne-Rhone-Alpes,8005882,100,45,1204,505
2020-04-08,France,NA,Auvergne-Rhone-Alpes,8005882,60,54,1264,530
2020-04-09,France,NA,Auvergne-Rhone-Alpes,8005882,40,31,1304,547
2020-04-10,France,NA,Auvergne-Rhone-Alpes,8005882,92,36,1396,586
2020-04-11,France,NA,Auvergne-Rhone-Alpes,8005882,19,34,1415,594
2020-04-12,France,NA,Auvergne-Rhone-Alpes,8005882,2,18,1417,595
2020-04-13,France,NA,Auvergne-Rhone-Alpes,8005882,74,21,1491,626
2020-04-14,France,NA,Auvergne-Rhone-Alpes,8005882,89,42,1580,663
2020-04-15,France,NA,Auvergne-Rhone-Alpes,8005882,70,49,1650,693
2020-04-16,France,NA,Auvergne-Rhone-Alpes,8005882,68,42,1718,721
2020-04-17,France,NA,Auvergne-Rhone-Alpes,8005882,35,27,1753,736
2020-04-18,France,NA,Auvergne-Rhone-Alpes,8005882,15,38,1768,742
2020-04-19,France,NA,Auvergne-Rhone-Alpes,8005882,0,19,1768,742
2020-04-20,France,NA,Auvergne-Rhone-Alpes,8005882,39,51,1807,758
2020-04-21,France,NA,Auvergne-Rhone-Alpes,8005882,25,41,1832,769
2020-04-22,France,NA,Auvergne-Rhone-Alpes,8005882,34,30,1866,783
2020-04-23,France,NA,Auvergne-Rhone-Alpes,8005882,87,34,1953,820
2020-04-24,France,NA,Auvergne-Rhone-Alpes,8005882,23,25,1976,829
2020-04-25,France,NA,Auvergne-Rhone-Alpes,8005882,4,20,1980,831
2020-04-26,France,NA,Auvergne-Rhone-Alpes,8005882,2,14,1982,832
2020-04-27,France,NA,Auvergne-Rhone-Alpes,8005882,24,29,2006,842
2020-04-28,France,NA,Auvergne-Rhone-Alpes,8005882,32,20,2038,855
2020-04-29,France,NA,Auvergne-Rhone-Alpes,8005882,12,36,2050,861
2020-04-30,France,NA,Auvergne-Rhone-Alpes,8005882,2,20,2052,861
2020-05-01,France,NA,Auvergne-Rhone-Alpes,8005882,1,15,2053,862
2020-05-02,France,NA,Auvergne-Rhone-Alpes,8005882,0,9,2053,862
2020-05-03,France,NA,Auvergne-Rhone-Alpes,8005882,1,9,2054,862
2020-05-04,France,NA,Auvergne-Rhone-Alpes,8005882,20,22,2074,871
2020-05-05,France,NA,Auvergne-Rhone-Alpes,8005882,16,33,2090,877
2020-05-06,France,NA,Auvergne-Rhone-Alpes,8005882,6,18,2096,880
2020-05-07,France,NA,Auvergne-Rhone-Alpes,8005882,12,25,2108,885
2020-05-08,France,NA,Auvergne-Rhone-Alpes,8005882,1,7,2109,885
2020-05-09,France,NA,Auvergne-Rhone-Alpes,8005882,1,4,2110,886
2020-05-10,France,NA,Auvergne-Rhone-Alpes,8005882,1,10,2111,886
2020-05-11,France,NA,Auvergne-Rhone-Alpes,8005882,5,16,2116,888
2020-05-12,France,NA,Auvergne-Rhone-Alpes,8005882,7,18,2123,891
2020-05-13,France,NA,Auvergne-Rhone-Alpes,8005882,57,9,2180,915
2020-05-14,France,NA,Auvergne-Rhone-Alpes,8005882,103,11,2283,958
2020-05-15,France,NA,Auvergne-Rhone-Alpes,8005882,79,11,2362,992
2020-05-16,France,NA,Auvergne-Rhone-Alpes,8005882,25,14,2387,1002
2020-05-17,France,NA,Auvergne-Rhone-Alpes,8005882,13,2,2400,1008
2020-05-18,France,NA,Auvergne-Rhone-Alpes,8005882,73,7,2473,1038
2020-05-19,France,NA,Auvergne-Rhone-Alpes,8005882,72,20,2545,1068
2020-05-20,France,NA,Auvergne-Rhone-Alpes,8005882,60,12,2605,1094
2020-05-21,France,NA,Auvergne-Rhone-Alpes,8005882,15,5,2620,1100
2020-05-22,France,NA,Auvergne-Rhone-Alpes,8005882,73,7,2693,1131
2020-05-23,France,NA,Auvergne-Rhone-Alpes,8005882,22,8,2715,1140
2020-05-24,France,NA,Auvergne-Rhone-Alpes,8005882,2,0,2717,1141
2020-05-25,France,NA,Auvergne-Rhone-Alpes,8005882,43,10,2760,1159
2020-05-26,France,NA,Auvergne-Rhone-Alpes,8005882,42,12,2802,1176
2020-05-27,France,NA,Auvergne-Rhone-Alpes,8005882,47,7,2849,1196
2020-05-28,France,NA,Auvergne-Rhone-Alpes,8005882,51,9,2900,1218
2020-05-29,France,NA,Auvergne-Rhone-Alpes,8005882,51,8,2951,1239
2020-05-30,France,NA,Auvergne-Rhone-Alpes,8005882,22,1,2973,1248
2020-05-31,France,NA,Auvergne-Rhone-Alpes,8005882,3,3,2976,1249
2020-06-01,France,NA,Auvergne-Rhone-Alpes,8005882,16,2,2992,1256
2020-06-02,France,NA,Auvergne-Rhone-Alpes,8005882,49,10,3041,1277
2020-06-03,France,NA,Auvergne-Rhone-Alpes,8005882,38,7,3079,1293
2020-06-04,France,NA,Auvergne-Rhone-Alpes,8005882,27,2,3106,1304
2020-06-05,France,NA,Auvergne-Rhone-Alpes,8005882,27,0,3133,1315
2020-06-06,France,NA,Auvergne-Rhone-Alpes,8005882,20,2,3153,1324
2020-06-07,France,NA,Auvergne-Rhone-Alpes,8005882,7,1,3160,1327
2020-06-08,France,NA,Auvergne-Rhone-Alpes,8005882,39,7,3199,1343
2020-06-09,France,NA,Auvergne-Rhone-Alpes,8005882,25,3,3224,1354
2020-06-10,France,NA,Auvergne-Rhone-Alpes,8005882,33,5,3257,1367
2020-06-11,France,NA,Auvergne-Rhone-Alpes,8005882,51,4,3308,1389
2020-06-12,France,NA,Auvergne-Rhone-Alpes,8005882,41,1,3349,1406
2020-06-13,France,NA,Auvergne-Rhone-Alpes,8005882,7,1,3356,1409
2020-06-14,France,NA,Auvergne-Rhone-Alpes,8005882,10,0,3366,1413
2020-06-15,France,NA,Auvergne-Rhone-Alpes,8005882,33,2,3399,1427
2020-06-16,France,NA,Auvergne-Rhone-Alpes,8005882,29,1,3428,1439
2020-06-17,France,NA,Auvergne-Rhone-Alpes,8005882,41,0,3469,1456
2020-06-18,France,NA,Auvergne-Rhone-Alpes,8005882,36,1,3505,1472
2020-06-19,France,NA,Auvergne-Rhone-Alpes,8005882,40,0,3545,1488
2020-06-20,France,NA,Auvergne-Rhone-Alpes,8005882,28,1,3573,1500
2020-06-21,France,NA,Auvergne-Rhone-Alpes,8005882,2,0,3575,1501
2020-06-22,France,NA,Auvergne-Rhone-Alpes,8005882,32,3,3607,1514
2020-06-23,France,NA,Auvergne-Rhone-Alpes,8005882,33,1,3640,1528
2020-06-24,France,NA,Auvergne-Rhone-Alpes,8005882,47,1,3687,1548
2020-06-25,France,NA,Auvergne-Rhone-Alpes,8005882,34,0,3721,1562
2020-06-26,France,NA,Auvergne-Rhone-Alpes,8005882,48,1,3769,1582
2020-06-27,France,NA,Auvergne-Rhone-Alpes,8005882,28,0,3797,1582
2020-06-28,France,NA,Auvergne-Rhone-Alpes,8005882,9,1,3806,1582
2020-06-29,France,NA,Auvergne-Rhone-Alpes,8005882,41,0,3847,1582
2020-06-30,France,NA,Auvergne-Rhone-Alpes,8005882,41,1485,3888,1632
2020-07-01,France,NA,Auvergne-Rhone-Alpes,8005882,31,0,3919,1645
2020-07-02,France,NA,Auvergne-Rhone-Alpes,8005882,39,1,3958,1662
2020-07-03,France,NA,Auvergne-Rhone-Alpes,8005882,38,2,3996,1678
2020-07-04,France,NA,Auvergne-Rhone-Alpes,8005882,12,0,4008,1683
2020-07-05,France,NA,Auvergne-Rhone-Alpes,8005882,3,1,4011,1684
2020-07-06,France,NA,Auvergne-Rhone-Alpes,8005882,31,1,4042,1697
2020-07-07,France,NA,Auvergne-Rhone-Alpes,8005882,36,0,4078,1712
2020-07-08,France,NA,Auvergne-Rhone-Alpes,8005882,61,1,4139,1738
2020-07-09,France,NA,Auvergne-Rhone-Alpes,8005882,51,2,4190,1745
2020-07-10,France,NA,Auvergne-Rhone-Alpes,8005882,78,2,4268,1747
2020-07-11,France,NA,Auvergne-Rhone-Alpes,8005882,25,0,4293,1747
2020-07-12,France,NA,Auvergne-Rhone-Alpes,8005882,6,0,4299,1747
2020-07-13,France,NA,Auvergne-Rhone-Alpes,8005882,73,0,4372,1747
2020-07-14,France,NA,Auvergne-Rhone-Alpes,8005882,5,0,4377,1747
2020-07-15,France,NA,Auvergne-Rhone-Alpes,8005882,56,1,4433,1748
2020-07-16,France,NA,Auvergne-Rhone-Alpes,8005882,61,0,4494,1748
2020-07-17,France,NA,Auvergne-Rhone-Alpes,8005882,65,1,4559,1749
2020-07-18,France,NA,Auvergne-Rhone-Alpes,8005882,32,0,4591,1749
2020-07-19,France,NA,Auvergne-Rhone-Alpes,8005882,9,1,4600,1750
2020-07-20,France,NA,Auvergne-Rhone-Alpes,8005882,75,2,4675,1752
2020-07-21,France,NA,Auvergne-Rhone-Alpes,8005882,86,0,4761,1752
2020-07-22,France,NA,Auvergne-Rhone-Alpes,8005882,88,0,4849,1752
2020-07-23,France,NA,Auvergne-Rhone-Alpes,8005882,92,2,4941,1754
2020-07-24,France,NA,Auvergne-Rhone-Alpes,8005882,135,2,5076,1756
2020-07-25,France,NA,Auvergne-Rhone-Alpes,8005882,68,1,5144,1757
2020-07-26,France,NA,Auvergne-Rhone-Alpes,8005882,41,0,5185,1757
2020-07-27,France,NA,Auvergne-Rhone-Alpes,8005882,131,1,5316,1758
2020-07-28,France,NA,Auvergne-Rhone-Alpes,8005882,103,1,5419,1759
2020-07-29,France,NA,Auvergne-Rhone-Alpes,8005882,127,0,5546,1759
2020-07-30,France,NA,Auvergne-Rhone-Alpes,8005882,140,1,5686,1760
2020-07-31,France,NA,Auvergne-Rhone-Alpes,8005882,118,0,5804,1760
2020-08-01,France,NA,Auvergne-Rhone-Alpes,8005882,59,0,5863,1760
2020-08-02,France,NA,Auvergne-Rhone-Alpes,8005882,12,0,5875,1760
2020-08-03,France,NA,Auvergne-Rhone-Alpes,8005882,145,1,6020,1761
2020-08-04,France,NA,Auvergne-Rhone-Alpes,8005882,146,0,6166,1761
2020-08-05,France,NA,Auvergne-Rhone-Alpes,8005882,148,0,6314,1761
2020-08-06,France,NA,Auvergne-Rhone-Alpes,8005882,123,0,6437,1761
2020-08-07,France,NA,Auvergne-Rhone-Alpes,8005882,158,0,6595,1761
2020-08-08,France,NA,Auvergne-Rhone-Alpes,8005882,77,0,6672,1761
2020-08-09,France,NA,Auvergne-Rhone-Alpes,8005882,19,0,6691,1761
2020-08-10,France,NA,Auvergne-Rhone-Alpes,8005882,210,0,6901,1761
2020-08-11,France,NA,Auvergne-Rhone-Alpes,8005882,194,2,7095,1763
2020-08-12,France,NA,Auvergne-Rhone-Alpes,8005882,224,2,7319,1765
2020-08-13,France,NA,Auvergne-Rhone-Alpes,8005882,258,1,7577,1766
2020-08-14,France,NA,Auvergne-Rhone-Alpes,8005882,315,1,7892,1767
2020-08-15,France,NA,Auvergne-Rhone-Alpes,8005882,43,1,7935,1768
2020-08-16,France,NA,Auvergne-Rhone-Alpes,8005882,46,0,7981,1768
2020-08-17,France,NA,Auvergne-Rhone-Alpes,8005882,500,3,8481,1771
2020-08-18,France,NA,Auvergne-Rhone-Alpes,8005882,407,0,8888,1771
2020-08-19,France,NA,Auvergne-Rhone-Alpes,8005882,434,1,9322,1772
2020-08-20,France,NA,Auvergne-Rhone-Alpes,8005882,523,0,9845,1772
2020-08-21,France,NA,Auvergne-Rhone-Alpes,8005882,591,0,10436,1772
2020-08-22,France,NA,Auvergne-Rhone-Alpes,8005882,160,0,10596,1772
2020-08-23,France,NA,Auvergne-Rhone-Alpes,8005882,71,0,10667,1772
2020-08-24,France,NA,Auvergne-Rhone-Alpes,8005882,658,3,11325,1774
2020-08-25,France,NA,Auvergne-Rhone-Alpes,8005882,633,2,11958,1776
2020-08-26,France,NA,Auvergne-Rhone-Alpes,8005882,690,0,12648,1776
2020-08-27,France,NA,Auvergne-Rhone-Alpes,8005882,768,0,13416,1776
2020-08-28,France,NA,Auvergne-Rhone-Alpes,8005882,784,1,14200,1777
2020-08-29,France,NA,Auvergne-Rhone-Alpes,8005882,304,1,14504,1778
2020-08-30,France,NA,Auvergne-Rhone-Alpes,8005882,102,0,14606,1778
2020-08-31,France,NA,Auvergne-Rhone-Alpes,8005882,1025,1,15631,1779
2020-09-01,France,NA,Auvergne-Rhone-Alpes,8005882,1008,1,16639,1780
2020-09-02,France,NA,Auvergne-Rhone-Alpes,8005882,946,1,17585,1781
2020-09-03,France,NA,Auvergne-Rhone-Alpes,8005882,1167,2,18752,1783
2020-09-04,France,NA,Auvergne-Rhone-Alpes,8005882,1077,0,19829,1783
2020-09-05,France,NA,Auvergne-Rhone-Alpes,8005882,400,0,20229,1783
2020-09-06,France,NA,Auvergne-Rhone-Alpes,8005882,117,1,20346,1784
2020-09-07,France,NA,Auvergne-Rhone-Alpes,8005882,1346,3,21692,1787
2020-09-08,France,NA,Auvergne-Rhone-Alpes,8005882,1482,8,23174,1795
2020-09-09,France,NA,Auvergne-Rhone-Alpes,8005882,1282,4,24456,1799
2020-09-10,France,NA,Auvergne-Rhone-Alpes,8005882,1251,2,25707,1801
2020-09-11,France,NA,Auvergne-Rhone-Alpes,8005882,960,0,26667,1801
2020-09-12,France,NA,Auvergne-Rhone-Alpes,8005882,344,2,27011,1803
2020-03-18,France,NA,Bourgogne-Franche-Comte,2793333,8,0,16,6
2020-03-19,France,NA,Bourgogne-Franche-Comte,2793333,13,8,29,12
2020-03-20,France,NA,Bourgogne-Franche-Comte,2793333,13,8,42,17
2020-03-21,France,NA,Bourgogne-Franche-Comte,2793333,8,5,50,21
2020-03-22,France,NA,Bourgogne-Franche-Comte,2793333,0,13,50,21
2020-03-23,France,NA,Bourgogne-Franche-Comte,2793333,41,22,91,38
2020-03-24,France,NA,Bourgogne-Franche-Comte,2793333,43,23,134,56
2020-03-25,France,NA,Bourgogne-Franche-Comte,2793333,46,17,180,75
2020-03-26,France,NA,Bourgogne-Franche-Comte,2793333,43,21,223,93
2020-03-27,France,NA,Bourgogne-Franche-Comte,2793333,38,16,261,109
2020-03-28,France,NA,Bourgogne-Franche-Comte,2793333,16,9,277,116
2020-03-29,France,NA,Bourgogne-Franche-Comte,2793333,0,16,277,116
2020-03-30,France,NA,Bourgogne-Franche-Comte,2793333,38,23,315,132
2020-03-31,France,NA,Bourgogne-Franche-Comte,2793333,51,27,366,153
2020-04-01,France,NA,Bourgogne-Franche-Comte,2793333,45,16,411,172
2020-04-02,France,NA,Bourgogne-Franche-Comte,2793333,52,41,463,194
2020-04-03,France,NA,Bourgogne-Franche-Comte,2793333,58,32,521,218
2020-04-04,France,NA,Bourgogne-Franche-Comte,2793333,3,20,524,220
2020-04-05,France,NA,Bourgogne-Franche-Comte,2793333,0,18,524,220
2020-04-06,France,NA,Bourgogne-Franche-Comte,2793333,76,26,600,252
2020-04-07,France,NA,Bourgogne-Franche-Comte,2793333,46,29,646,271
2020-04-08,France,NA,Bourgogne-Franche-Comte,2793333,56,16,702,294
2020-04-09,France,NA,Bourgogne-Franche-Comte,2793333,77,15,779,327
2020-04-10,France,NA,Bourgogne-Franche-Comte,2793333,82,32,861,361
2020-04-11,France,NA,Bourgogne-Franche-Comte,2793333,5,19,866,363
2020-04-12,France,NA,Bourgogne-Franche-Comte,2793333,2,22,868,364
2020-04-13,France,NA,Bourgogne-Franche-Comte,2793333,6,12,874,367
2020-04-14,France,NA,Bourgogne-Franche-Comte,2793333,71,39,945,396
2020-04-15,France,NA,Bourgogne-Franche-Comte,2793333,59,30,1004,421
2020-04-16,France,NA,Bourgogne-Franche-Comte,2793333,27,26,1031,433
2020-04-17,France,NA,Bourgogne-Franche-Comte,2793333,44,16,1075,451
2020-04-18,France,NA,Bourgogne-Franche-Comte,2793333,5,21,1080,453
2020-04-19,France,NA,Bourgogne-Franche-Comte,2793333,2,13,1082,454
2020-04-20,France,NA,Bourgogne-Franche-Comte,2793333,36,20,1118,469
2020-04-21,France,NA,Bourgogne-Franche-Comte,2793333,34,28,1152,483
2020-04-22,France,NA,Bourgogne-Franche-Comte,2793333,17,16,1169,490
2020-04-23,France,NA,Bourgogne-Franche-Comte,2793333,16,32,1185,497
2020-04-24,France,NA,Bourgogne-Franche-Comte,2793333,17,17,1202,504
2020-04-25,France,NA,Bourgogne-Franche-Comte,2793333,1,16,1203,505
2020-04-26,France,NA,Bourgogne-Franche-Comte,2793333,0,11,1203,505
2020-04-27,France,NA,Bourgogne-Franche-Comte,2793333,8,17,1211,508
2020-04-28,France,NA,Bourgogne-Franche-Comte,2793333,10,5,1221,512
2020-04-29,France,NA,Bourgogne-Franche-Comte,2793333,18,13,1239,520
2020-04-30,France,NA,Bourgogne-Franche-Comte,2793333,13,6,1252,525
2020-05-01,France,NA,Bourgogne-Franche-Comte,2793333,0,5,1252,525
2020-05-02,France,NA,Bourgogne-Franche-Comte,2793333,2,7,1254,526
2020-05-03,France,NA,Bourgogne-Franche-Comte,2793333,0,6,1254,526
2020-05-04,France,NA,Bourgogne-Franche-Comte,2793333,8,13,1262,530
2020-05-05,France,NA,Bourgogne-Franche-Comte,2793333,11,15,1273,534
2020-05-06,France,NA,Bourgogne-Franche-Comte,2793333,12,12,1285,539
2020-05-07,France,NA,Bourgogne-Franche-Comte,2793333,10,10,1295,543
2020-05-08,France,NA,Bourgogne-Franche-Comte,2793333,0,8,1295,543
2020-05-09,France,NA,Bourgogne-Franche-Comte,2793333,0,7,1295,543
2020-05-10,France,NA,Bourgogne-Franche-Comte,2793333,0,5,1295,543
2020-05-11,France,NA,Bourgogne-Franche-Comte,2793333,13,13,1308,549
2020-05-12,France,NA,Bourgogne-Franche-Comte,2793333,1,8,1309,549
2020-05-13,France,NA,Bourgogne-Franche-Comte,2793333,20,6,1329,558
2020-05-14,France,NA,Bourgogne-Franche-Comte,2793333,33,3,1362,572
2020-05-15,France,NA,Bourgogne-Franche-Comte,2793333,64,2,1426,598
2020-05-16,France,NA,Bourgogne-Franche-Comte,2793333,23,1,1449,608
2020-05-17,France,NA,Bourgogne-Franche-Comte,2793333,8,0,1457,611
2020-05-18,France,NA,Bourgogne-Franche-Comte,2793333,41,10,1498,629
2020-05-19,France,NA,Bourgogne-Franche-Comte,2793333,38,9,1536,645
2020-05-20,France,NA,Bourgogne-Franche-Comte,2793333,30,2,1566,657
2020-05-21,France,NA,Bourgogne-Franche-Comte,2793333,5,3,1571,659
2020-05-22,France,NA,Bourgogne-Franche-Comte,2793333,35,5,1606,674
2020-05-23,France,NA,Bourgogne-Franche-Comte,2793333,12,0,1618,679
2020-05-24,France,NA,Bourgogne-Franche-Comte,2793333,6,2,1624,682
2020-05-25,France,NA,Bourgogne-Franche-Comte,2793333,22,4,1646,691
2020-05-26,France,NA,Bourgogne-Franche-Comte,2793333,11,3,1657,695
2020-05-27,France,NA,Bourgogne-Franche-Comte,2793333,15,4,1672,702
2020-05-28,France,NA,Bourgogne-Franche-Comte,2793333,13,3,1685,707
2020-05-29,France,NA,Bourgogne-Franche-Comte,2793333,8,4,1693,711
2020-05-30,France,NA,Bourgogne-Franche-Comte,2793333,12,1,1705,716
2020-05-31,France,NA,Bourgogne-Franche-Comte,2793333,4,1,1709,717
2020-06-01,France,NA,Bourgogne-Franche-Comte,2793333,3,1,1712,719
2020-06-02,France,NA,Bourgogne-Franche-Comte,2793333,26,2,1738,729
2020-06-03,France,NA,Bourgogne-Franche-Comte,2793333,15,4,1753,736
2020-06-04,France,NA,Bourgogne-Franche-Comte,2793333,13,5,1766,741
2020-06-05,France,NA,Bourgogne-Franche-Comte,2793333,12,0,1778,746
2020-06-06,France,NA,Bourgogne-Franche-Comte,2793333,8,0,1786,750
2020-06-07,France,NA,Bourgogne-Franche-Comte,2793333,0,0,1786,750
2020-06-08,France,NA,Bourgogne-Franche-Comte,2793333,9,1,1795,753
2020-06-09,France,NA,Bourgogne-Franche-Comte,2793333,9,4,1804,757
2020-06-10,France,NA,Bourgogne-Franche-Comte,2793333,18,4,1822,765
2020-06-11,France,NA,Bourgogne-Franche-Comte,2793333,8,0,1830,768
2020-06-12,France,NA,Bourgogne-Franche-Comte,2793333,15,0,1845,774
2020-06-13,France,NA,Bourgogne-Franche-Comte,2793333,1,2,1846,775
2020-06-14,France,NA,Bourgogne-Franche-Comte,2793333,3,0,1849,776
2020-06-15,France,NA,Bourgogne-Franche-Comte,2793333,9,0,1858,780
2020-06-16,France,NA,Bourgogne-Franche-Comte,2793333,9,0,1867,784
2020-06-17,France,NA,Bourgogne-Franche-Comte,2793333,9,1,1876,787
2020-06-18,France,NA,Bourgogne-Franche-Comte,2793333,8,1,1884,791
2020-06-19,France,NA,Bourgogne-Franche-Comte,2793333,13,0,1897,796
2020-06-20,France,NA,Bourgogne-Franche-Comte,2793333,2,0,1899,797
2020-06-21,France,NA,Bourgogne-Franche-Comte,2793333,2,0,1901,798
2020-06-22,France,NA,Bourgogne-Franche-Comte,2793333,7,1,1908,801
2020-06-23,France,NA,Bourgogne-Franche-Comte,2793333,9,0,1917,805
2020-06-24,France,NA,Bourgogne-Franche-Comte,2793333,11,1,1928,809
2020-06-25,France,NA,Bourgogne-Franche-Comte,2793333,8,1,1936,813
2020-06-26,France,NA,Bourgogne-Franche-Comte,2793333,7,0,1943,816
2020-06-27,France,NA,Bourgogne-Franche-Comte,2793333,8,0,1951,819
2020-06-28,France,NA,Bourgogne-Franche-Comte,2793333,7,0,1958,822
2020-06-29,France,NA,Bourgogne-Franche-Comte,2793333,13,1,1971,827
2020-06-30,France,NA,Bourgogne-Franche-Comte,2793333,15,0,1986,834
2020-07-01,France,NA,Bourgogne-Franche-Comte,2793333,20,3,2006,842
2020-07-02,France,NA,Bourgogne-Franche-Comte,2793333,8,1,2014,845
2020-07-03,France,NA,Bourgogne-Franche-Comte,2793333,6,0,2020,848
2020-07-04,France,NA,Bourgogne-Franche-Comte,2793333,8,0,2028,851
2020-07-05,France,NA,Bourgogne-Franche-Comte,2793333,3,0,2031,853
2020-07-06,France,NA,Bourgogne-Franche-Comte,2793333,9,0,2040,856
2020-07-07,France,NA,Bourgogne-Franche-Comte,2793333,14,2,2054,862
2020-07-08,France,NA,Bourgogne-Franche-Comte,2793333,17,0,2071,869
2020-07-09,France,NA,Bourgogne-Franche-Comte,2793333,18,1,2089,877
2020-07-10,France,NA,Bourgogne-Franche-Comte,2793333,14,12,2103,883
2020-07-11,France,NA,Bourgogne-Franche-Comte,2793333,11,0,2114,887
2020-07-12,France,NA,Bourgogne-Franche-Comte,2793333,6,0,2120,890
2020-07-13,France,NA,Bourgogne-Franche-Comte,2793333,14,1,2134,896
2020-07-14,France,NA,Bourgogne-Franche-Comte,2793333,4,0,2138,897
2020-07-15,France,NA,Bourgogne-Franche-Comte,2793333,13,2,2151,903
2020-07-16,France,NA,Bourgogne-Franche-Comte,2793333,11,0,2162,908
2020-07-17,France,NA,Bourgogne-Franche-Comte,2793333,21,1,2183,916
2020-07-18,France,NA,Bourgogne-Franche-Comte,2793333,5,0,2188,918
2020-07-19,France,NA,Bourgogne-Franche-Comte,2793333,5,0,2193,921
2020-07-20,France,NA,Bourgogne-Franche-Comte,2793333,20,0,2213,929
2020-07-21,France,NA,Bourgogne-Franche-Comte,2793333,11,0,2224,934
2020-07-22,France,NA,Bourgogne-Franche-Comte,2793333,8,0,2232,937
2020-07-23,France,NA,Bourgogne-Franche-Comte,2793333,23,0,2255,947
2020-07-24,France,NA,Bourgogne-Franche-Comte,2793333,22,1,2277,956
2020-07-25,France,NA,Bourgogne-Franche-Comte,2793333,10,0,2287,960
2020-07-26,France,NA,Bourgogne-Franche-Comte,2793333,7,0,2294,963
2020-07-27,France,NA,Bourgogne-Franche-Comte,2793333,28,0,2322,975
2020-07-28,France,NA,Bourgogne-Franche-Comte,2793333,12,0,2334,980
2020-07-29,France,NA,Bourgogne-Franche-Comte,2793333,19,0,2353,988
2020-07-30,France,NA,Bourgogne-Franche-Comte,2793333,20,0,2373,996
2020-07-31,France,NA,Bourgogne-Franche-Comte,2793333,23,0,2396,1006
2020-08-01,France,NA,Bourgogne-Franche-Comte,2793333,8,0,2404,1009
2020-08-02,France,NA,Bourgogne-Franche-Comte,2793333,6,0,2410,1012
2020-08-03,France,NA,Bourgogne-Franche-Comte,2793333,31,0,2441,1025
2020-08-04,France,NA,Bourgogne-Franche-Comte,2793333,17,0,2458,1032
2020-08-05,France,NA,Bourgogne-Franche-Comte,2793333,33,1,2491,1046
2020-08-06,France,NA,Bourgogne-Franche-Comte,2793333,31,0,2522,1059
2020-08-07,France,NA,Bourgogne-Franche-Comte,2793333,33,0,2555,1062
2020-08-08,France,NA,Bourgogne-Franche-Comte,2793333,19,0,2574,1062
2020-08-09,France,NA,Bourgogne-Franche-Comte,2793333,4,0,2578,1062
2020-08-10,France,NA,Bourgogne-Franche-Comte,2793333,39,0,2617,1062
2020-08-11,France,NA,Bourgogne-Franche-Comte,2793333,38,0,2655,1062
2020-08-12,France,NA,Bourgogne-Franche-Comte,2793333,43,0,2698,1062
2020-08-13,France,NA,Bourgogne-Franche-Comte,2793333,47,0,2745,1062
2020-08-14,France,NA,Bourgogne-Franche-Comte,2793333,60,0,2805,1062
2020-08-15,France,NA,Bourgogne-Franche-Comte,2793333,22,0,2827,1062
2020-08-16,France,NA,Bourgogne-Franche-Comte,2793333,23,0,2850,1062
2020-08-17,France,NA,Bourgogne-Franche-Comte,2793333,98,1,2948,1063
2020-08-18,France,NA,Bourgogne-Franche-Comte,2793333,94,0,3042,1063
2020-08-19,France,NA,Bourgogne-Franche-Comte,2793333,82,1,3124,1064
2020-08-20,France,NA,Bourgogne-Franche-Comte,2793333,85,0,3209,1064
2020-08-21,France,NA,Bourgogne-Franche-Comte,2793333,116,0,3325,1064
2020-08-22,France,NA,Bourgogne-Franche-Comte,2793333,65,0,3390,1064
2020-08-23,France,NA,Bourgogne-Franche-Comte,2793333,37,0,3427,1064
2020-08-24,France,NA,Bourgogne-Franche-Comte,2793333,146,1,3573,1065
2020-08-25,France,NA,Bourgogne-Franche-Comte,2793333,129,0,3702,1065
2020-08-26,France,NA,Bourgogne-Franche-Comte,2793333,146,0,3848,1065
2020-08-27,France,NA,Bourgogne-Franche-Comte,2793333,170,0,4018,1065
2020-08-28,France,NA,Bourgogne-Franche-Comte,2793333,187,0,4205,1065
2020-08-29,France,NA,Bourgogne-Franche-Comte,2793333,85,0,4290,1065
2020-08-30,France,NA,Bourgogne-Franche-Comte,2793333,34,0,4324,1065
2020-08-31,France,NA,Bourgogne-Franche-Comte,2793333,193,0,4517,1065
2020-09-01,France,NA,Bourgogne-Franche-Comte,2793333,188,0,4705,1065
2020-09-02,France,NA,Bourgogne-Franche-Comte,2793333,169,0,4874,1065
2020-09-03,France,NA,Bourgogne-Franche-Comte,2793333,188,0,5062,1065
2020-09-04,France,NA,Bourgogne-Franche-Comte,2793333,228,0,5290,1065
2020-09-05,France,NA,Bourgogne-Franche-Comte,2793333,115,0,5405,1065
2020-09-06,France,NA,Bourgogne-Franche-Comte,2793333,45,0,5450,1065
2020-09-07,France,NA,Bourgogne-Franche-Comte,2793333,261,0,5711,1065
2020-09-08,France,NA,Bourgogne-Franche-Comte,2793333,251,0,5962,1065
2020-09-09,France,NA,Bourgogne-Franche-Comte,2793333,193,1,6155,1066
2020-09-10,France,NA,Bourgogne-Franche-Comte,2793333,249,1,6404,1067
2020-09-11,France,NA,Bourgogne-Franche-Comte,2793333,238,0,6642,1067
2020-09-12,France,NA,Bourgogne-Franche-Comte,2793333,92,0,6734,1067
2020-03-31,France,NA,Brittany,3333720,2,5,12,5
2020-04-01,France,NA,Brittany,3333720,0,5,12,5
2020-04-02,France,NA,Brittany,3333720,1,8,13,5
2020-04-03,France,NA,Brittany,3333720,2,6,15,6
2020-04-04,France,NA,Brittany,3333720,0,6,15,6
2020-04-05,France,NA,Brittany,3333720,0,6,15,6
2020-04-06,France,NA,Brittany,3333720,1,7,16,6
2020-04-07,France,NA,Brittany,3333720,0,9,16,6
2020-04-08,France,NA,Brittany,3333720,0,10,16,6
2020-04-09,France,NA,Brittany,3333720,0,2,16,6
2020-04-10,France,NA,Brittany,3333720,0,12,16,6
2020-04-11,France,NA,Brittany,3333720,0,8,16,6
2020-04-12,France,NA,Brittany,3333720,0,3,16,6
2020-04-13,France,NA,Brittany,3333720,0,4,16,6
2020-04-14,France,NA,Brittany,3333720,0,13,16,6
2020-04-15,France,NA,Brittany,3333720,0,10,16,6
2020-04-16,France,NA,Brittany,3333720,1,7,17,7
2020-04-17,France,NA,Brittany,3333720,0,5,17,7
2020-04-18,France,NA,Brittany,3333720,0,10,17,7
2020-04-19,France,NA,Brittany,3333720,0,4,17,7
2020-04-20,France,NA,Brittany,3333720,1,4,18,7
2020-04-21,France,NA,Brittany,3333720,1,4,19,7
2020-04-22,France,NA,Brittany,3333720,2,0,21,8
2020-04-23,France,NA,Brittany,3333720,1,6,22,9
2020-04-24,France,NA,Brittany,3333720,0,0,22,9
2020-04-25,France,NA,Brittany,3333720,0,3,22,9
2020-04-26,France,NA,Brittany,3333720,0,1,22,9
2020-04-27,France,NA,Brittany,3333720,0,1,22,9
2020-04-28,France,NA,Brittany,3333720,0,3,22,9
2020-04-29,France,NA,Brittany,3333720,0,3,22,9
2020-04-30,France,NA,Brittany,3333720,0,2,22,9
2020-05-01,France,NA,Brittany,3333720,0,0,22,9
2020-05-02,France,NA,Brittany,3333720,0,4,22,9
2020-05-03,France,NA,Brittany,3333720,0,3,22,9
2020-05-04,France,NA,Brittany,3333720,0,3,22,9
2020-05-05,France,NA,Brittany,3333720,0,0,22,9
2020-05-06,France,NA,Brittany,3333720,0,1,22,9
2020-05-07,France,NA,Brittany,3333720,0,1,22,9
2020-05-08,France,NA,Brittany,3333720,0,1,22,9
2020-05-09,France,NA,Brittany,3333720,0,1,22,9
2020-05-10,France,NA,Brittany,3333720,0,1,22,9
2020-05-11,France,NA,Brittany,3333720,0,3,22,9
2020-05-12,France,NA,Brittany,3333720,1,1,23,9
2020-05-13,France,NA,Brittany,3333720,10,1,33,13
2020-05-14,France,NA,Brittany,3333720,17,0,50,21
2020-05-15,France,NA,Brittany,3333720,81,1,131,55
2020-05-16,France,NA,Brittany,3333720,17,2,148,62
2020-05-17,France,NA,Brittany,3333720,3,1,151,63
2020-05-18,France,NA,Brittany,3333720,24,3,175,73
2020-05-19,France,NA,Brittany,3333720,53,1,228,95
2020-05-20,France,NA,Brittany,3333720,37,0,265,111
2020-05-21,France,NA,Brittany,3333720,28,1,293,123
2020-05-22,France,NA,Brittany,3333720,27,1,320,134
2020-05-23,France,NA,Brittany,3333720,11,0,331,139
2020-05-24,France,NA,Brittany,3333720,7,0,338,141
2020-05-25,France,NA,Brittany,3333720,21,2,359,150
2020-05-26,France,NA,Brittany,3333720,18,2,377,158
2020-05-27,France,NA,Brittany,3333720,21,2,398,167
2020-05-28,France,NA,Brittany,3333720,18,1,416,174
2020-05-29,France,NA,Brittany,3333720,6,0,422,177
2020-05-30,France,NA,Brittany,3333720,7,0,429,180
2020-05-31,France,NA,Brittany,3333720,4,0,433,181
2020-06-01,France,NA,Brittany,3333720,1,2,434,182
2020-06-02,France,NA,Brittany,3333720,8,1,442,185
2020-06-03,France,NA,Brittany,3333720,7,1,449,188
2020-06-04,France,NA,Brittany,3333720,5,1,454,190
2020-06-05,France,NA,Brittany,3333720,5,1,459,192
2020-06-06,France,NA,Brittany,3333720,5,0,464,194
2020-06-07,France,NA,Brittany,3333720,1,0,465,195
2020-06-08,France,NA,Brittany,3333720,6,0,471,197
2020-06-09,France,NA,Brittany,3333720,5,0,476,199
2020-06-10,France,NA,Brittany,3333720,5,0,481,202
2020-06-11,France,NA,Brittany,3333720,0,0,481,202
2020-06-12,France,NA,Brittany,3333720,3,1,484,203
2020-06-13,France,NA,Brittany,3333720,0,0,484,203
2020-06-14,France,NA,Brittany,3333720,1,1,485,203
2020-06-15,France,NA,Brittany,3333720,3,0,488,204
2020-06-16,France,NA,Brittany,3333720,5,0,493,207
2020-06-17,France,NA,Brittany,3333720,6,0,499,209
2020-06-18,France,NA,Brittany,3333720,3,0,502,210
2020-06-19,France,NA,Brittany,3333720,4,0,506,212
2020-06-20,France,NA,Brittany,3333720,0,0,506,212
2020-06-21,France,NA,Brittany,3333720,1,0,507,212
2020-06-22,France,NA,Brittany,3333720,5,0,512,215
2020-06-23,France,NA,Brittany,3333720,5,1,517,217
2020-06-24,France,NA,Brittany,3333720,4,0,521,218
2020-06-25,France,NA,Brittany,3333720,7,0,528,221
2020-06-26,France,NA,Brittany,3333720,6,1,534,224
2020-06-27,France,NA,Brittany,3333720,2,0,536,225
2020-06-28,France,NA,Brittany,3333720,1,0,537,225
2020-06-29,France,NA,Brittany,3333720,3,0,540,226
2020-06-30,France,NA,Brittany,3333720,7,0,547,229
2020-07-01,France,NA,Brittany,3333720,4,0,551,231
2020-07-02,France,NA,Brittany,3333720,3,1,554,232
2020-07-03,France,NA,Brittany,3333720,9,0,563,236
2020-07-04,France,NA,Brittany,3333720,2,0,565,237
2020-07-05,France,NA,Brittany,3333720,0,0,565,237
2020-07-06,France,NA,Brittany,3333720,5,0,570,239
2020-07-07,France,NA,Brittany,3333720,3,0,573,240
2020-07-08,France,NA,Brittany,3333720,13,0,586,246
2020-07-09,France,NA,Brittany,3333720,12,0,598,251
2020-07-10,France,NA,Brittany,3333720,49,0,647,260
2020-07-11,France,NA,Brittany,3333720,12,0,659,260
2020-07-12,France,NA,Brittany,3333720,3,0,662,260
2020-07-13,France,NA,Brittany,3333720,55,0,717,260
2020-07-14,France,NA,Brittany,3333720,0,0,717,260
2020-07-15,France,NA,Brittany,3333720,91,0,808,260
2020-07-16,France,NA,Brittany,3333720,55,1,863,261
2020-07-17,France,NA,Brittany,3333720,27,1,890,262
2020-07-18,France,NA,Brittany,3333720,9,0,899,262
2020-07-19,France,NA,Brittany,3333720,1,0,900,262
2020-07-20,France,NA,Brittany,3333720,26,0,926,262
2020-07-21,France,NA,Brittany,3333720,17,0,943,262
2020-07-22,France,NA,Brittany,3333720,42,0,985,262
2020-07-23,France,NA,Brittany,3333720,31,0,1016,262
2020-07-24,France,NA,Brittany,3333720,56,1,1072,263
2020-07-25,France,NA,Brittany,3333720,49,0,1121,263
2020-07-26,France,NA,Brittany,3333720,10,0,1131,263
2020-07-27,France,NA,Brittany,3333720,54,1,1185,264
2020-07-28,France,NA,Brittany,3333720,71,1,1256,265
2020-07-29,France,NA,Brittany,3333720,33,1,1289,266
2020-07-30,France,NA,Brittany,3333720,36,1,1325,267
2020-07-31,France,NA,Brittany,3333720,63,0,1388,267
2020-08-01,France,NA,Brittany,3333720,22,0,1410,267
2020-08-02,France,NA,Brittany,3333720,14,0,1424,267
2020-08-03,France,NA,Brittany,3333720,79,0,1503,267
2020-08-04,France,NA,Brittany,3333720,74,0,1577,267
2020-08-05,France,NA,Brittany,3333720,86,0,1663,267
2020-08-06,France,NA,Brittany,3333720,50,0,1713,267
2020-08-07,France,NA,Brittany,3333720,72,1,1785,268
2020-08-08,France,NA,Brittany,3333720,30,0,1815,268
2020-08-09,France,NA,Brittany,3333720,10,0,1825,268
2020-08-10,France,NA,Brittany,3333720,58,0,1883,268
2020-08-11,France,NA,Brittany,3333720,56,0,1939,268
2020-08-12,France,NA,Brittany,3333720,47,0,1986,268
2020-08-13,France,NA,Brittany,3333720,67,0,2053,268
2020-08-14,France,NA,Brittany,3333720,105,0,2158,268
2020-08-15,France,NA,Brittany,3333720,9,0,2167,268
2020-08-16,France,NA,Brittany,3333720,17,0,2184,268
2020-08-17,France,NA,Brittany,3333720,96,0,2280,268
2020-08-18,France,NA,Brittany,3333720,110,0,2390,268
2020-08-19,France,NA,Brittany,3333720,95,0,2485,268
2020-08-20,France,NA,Brittany,3333720,101,0,2586,268
2020-08-21,France,NA,Brittany,3333720,91,0,2677,268
2020-08-22,France,NA,Brittany,3333720,63,1,2740,269
2020-08-23,France,NA,Brittany,3333720,22,0,2762,269
2020-08-24,France,NA,Brittany,3333720,118,0,2880,269
2020-08-25,France,NA,Brittany,3333720,123,0,3003,269
2020-08-26,France,NA,Brittany,3333720,127,0,3130,269
2020-08-27,France,NA,Brittany,3333720,132,0,3262,269
2020-08-28,France,NA,Brittany,3333720,145,0,3407,269
2020-08-29,France,NA,Brittany,3333720,80,0,3487,269
2020-08-30,France,NA,Brittany,3333720,32,0,3519,269
2020-08-31,France,NA,Brittany,3333720,191,0,3710,269
2020-09-01,France,NA,Brittany,3333720,190,0,3900,269
2020-09-02,France,NA,Brittany,3333720,199,0,4099,269
2020-09-03,France,NA,Brittany,3333720,289,0,4388,269
2020-09-04,France,NA,Brittany,3333720,258,0,4646,269
2020-09-05,France,NA,Brittany,3333720,137,0,4783,269
2020-09-06,France,NA,Brittany,3333720,49,0,4832,269
2020-09-07,France,NA,Brittany,3333720,281,0,5113,269
2020-09-08,France,NA,Brittany,3333720,256,0,5369,269
2020-09-09,France,NA,Brittany,3333720,298,0,5667,269
2020-09-10,France,NA,Brittany,3333720,269,0,5936,269
2020-09-11,France,NA,Brittany,3333720,210,0,6146,269
2020-09-12,France,NA,Brittany,3333720,112,0,6258,269
2020-03-19,France,NA,Centre-Val de Loire,2565258,14,0,23,1
2020-03-20,France,NA,Centre-Val de Loire,2565258,10,1,33,2
2020-03-21,France,NA,Centre-Val de Loire,2565258,11,0,44,2
2020-03-22,France,NA,Centre-Val de Loire,2565258,5,1,49,3
2020-03-23,France,NA,Centre-Val de Loire,2565258,49,5,98,8
2020-03-24,France,NA,Centre-Val de Loire,2565258,61,1,159,9
2020-03-25,France,NA,Centre-Val de Loire,2565258,62,4,221,13
2020-03-26,France,NA,Centre-Val de Loire,2565258,69,7,290,20
2020-03-27,France,NA,Centre-Val de Loire,2565258,78,6,368,26
2020-03-28,France,NA,Centre-Val de Loire,2565258,26,9,394,35
2020-03-29,France,NA,Centre-Val de Loire,2565258,5,4,399,39
2020-03-30,France,NA,Centre-Val de Loire,2565258,81,14,480,53
2020-03-31,France,NA,Centre-Val de Loire,2565258,90,7,570,60
2020-04-01,France,NA,Centre-Val de Loire,2565258,78,17,648,77
2020-04-02,France,NA,Centre-Val de Loire,2565258,82,7,730,84
2020-04-03,France,NA,Centre-Val de Loire,2565258,73,14,803,98
2020-04-04,France,NA,Centre-Val de Loire,2565258,7,8,810,106
2020-04-05,France,NA,Centre-Val de Loire,2565258,0,9,810,115
2020-04-06,France,NA,Centre-Val de Loire,2565258,96,17,906,132
2020-04-07,France,NA,Centre-Val de Loire,2565258,93,8,999,140
2020-04-08,France,NA,Centre-Val de Loire,2565258,106,14,1105,154
2020-04-09,France,NA,Centre-Val de Loire,2565258,87,10,1192,164
2020-04-10,France,NA,Centre-Val de Loire,2565258,154,15,1346,179
2020-04-11,France,NA,Centre-Val de Loire,2565258,12,14,1358,193
2020-04-12,France,NA,Centre-Val de Loire,2565258,1,8,1359,201
2020-04-13,France,NA,Centre-Val de Loire,2565258,1,13,1360,214
2020-04-14,France,NA,Centre-Val de Loire,2565258,42,13,1402,227
2020-04-15,France,NA,Centre-Val de Loire,2565258,47,18,1449,245
2020-04-16,France,NA,Centre-Val de Loire,2565258,31,7,1480,252
2020-04-17,France,NA,Centre-Val de Loire,2565258,35,12,1515,264
2020-04-18,France,NA,Centre-Val de Loire,2565258,1,12,1516,276
2020-04-19,France,NA,Centre-Val de Loire,2565258,1,8,1517,284
2020-04-20,France,NA,Centre-Val de Loire,2565258,26,14,1543,298
2020-04-21,France,NA,Centre-Val de Loire,2565258,33,10,1576,308
2020-04-22,France,NA,Centre-Val de Loire,2565258,21,20,1597,328
2020-04-23,France,NA,Centre-Val de Loire,2565258,47,6,1644,334
2020-04-24,France,NA,Centre-Val de Loire,2565258,20,9,1664,343
2020-04-25,France,NA,Centre-Val de Loire,2565258,3,5,1667,348
2020-04-26,France,NA,Centre-Val de Loire,2565258,0,7,1667,355
2020-04-27,France,NA,Centre-Val de Loire,2565258,11,12,1678,367
2020-04-28,France,NA,Centre-Val de Loire,2565258,15,3,1693,370
2020-04-29,France,NA,Centre-Val de Loire,2565258,15,13,1708,383
2020-04-30,France,NA,Centre-Val de Loire,2565258,11,5,1719,388
2020-05-01,France,NA,Centre-Val de Loire,2565258,0,7,1719,395
2020-05-02,France,NA,Centre-Val de Loire,2565258,2,2,1721,397
2020-05-03,France,NA,Centre-Val de Loire,2565258,0,4,1721,401
2020-05-04,France,NA,Centre-Val de Loire,2565258,21,10,1742,411
2020-05-05,France,NA,Centre-Val de Loire,2565258,17,10,1759,421
2020-05-06,France,NA,Centre-Val de Loire,2565258,8,8,1767,429
2020-05-07,France,NA,Centre-Val de Loire,2565258,6,5,1773,434
2020-05-08,France,NA,Centre-Val de Loire,2565258,4,5,1777,439
2020-05-09,France,NA,Centre-Val de Loire,2565258,0,2,1777,441
2020-05-10,France,NA,Centre-Val de Loire,2565258,0,3,1777,444
2020-05-11,France,NA,Centre-Val de Loire,2565258,25,5,1802,449
2020-05-12,France,NA,Centre-Val de Loire,2565258,2,5,1804,454
2020-05-13,France,NA,Centre-Val de Loire,2565258,30,2,1834,456
2020-05-14,France,NA,Centre-Val de Loire,2565258,33,5,1867,461
2020-05-15,France,NA,Centre-Val de Loire,2565258,54,7,1921,468
2020-05-16,France,NA,Centre-Val de Loire,2565258,35,3,1956,471
2020-05-17,France,NA,Centre-Val de Loire,2565258,17,2,1973,473
2020-05-18,France,NA,Centre-Val de Loire,2565258,51,4,2024,477
2020-05-19,France,NA,Centre-Val de Loire,2565258,45,6,2069,483
2020-05-20,France,NA,Centre-Val de Loire,2565258,53,7,2122,490
2020-05-21,France,NA,Centre-Val de Loire,2565258,11,2,2133,492
2020-05-22,France,NA,Centre-Val de Loire,2565258,19,1,2152,493
2020-05-23,France,NA,Centre-Val de Loire,2565258,7,2,2159,495
2020-05-24,France,NA,Centre-Val de Loire,2565258,9,1,2168,496
2020-05-25,France,NA,Centre-Val de Loire,2565258,31,3,2199,499
2020-05-26,France,NA,Centre-Val de Loire,2565258,24,2,2223,501
2020-05-27,France,NA,Centre-Val de Loire,2565258,16,1,2239,502
2020-05-28,France,NA,Centre-Val de Loire,2565258,44,0,2283,502
2020-05-29,France,NA,Centre-Val de Loire,2565258,28,5,2311,507
2020-05-30,France,NA,Centre-Val de Loire,2565258,5,0,2316,507
2020-05-31,France,NA,Centre-Val de Loire,2565258,6,1,2322,508
2020-06-01,France,NA,Centre-Val de Loire,2565258,2,1,2324,509
2020-06-02,France,NA,Centre-Val de Loire,2565258,12,1,2336,510
2020-06-03,France,NA,Centre-Val de Loire,2565258,15,5,2351,515
2020-06-04,France,NA,Centre-Val de Loire,2565258,19,3,2370,518
2020-06-05,France,NA,Centre-Val de Loire,2565258,10,0,2380,518
2020-06-06,France,NA,Centre-Val de Loire,2565258,2,0,2382,518
2020-06-07,France,NA,Centre-Val de Loire,2565258,0,1,2382,519
2020-06-08,France,NA,Centre-Val de Loire,2565258,13,3,2395,522
2020-06-09,France,NA,Centre-Val de Loire,2565258,16,1,2411,523
2020-06-10,France,NA,Centre-Val de Loire,2565258,9,1,2420,524
2020-06-11,France,NA,Centre-Val de Loire,2565258,13,1,2433,525
2020-06-12,France,NA,Centre-Val de Loire,2565258,9,2,2442,527
2020-06-13,France,NA,Centre-Val de Loire,2565258,6,1,2448,528
2020-06-14,France,NA,Centre-Val de Loire,2565258,2,0,2450,528
2020-06-15,France,NA,Centre-Val de Loire,2565258,13,0,2463,528
2020-06-16,France,NA,Centre-Val de Loire,2565258,7,0,2470,528
2020-06-17,France,NA,Centre-Val de Loire,2565258,11,6,2481,534
2020-06-18,France,NA,Centre-Val de Loire,2565258,8,7,2489,541
2020-06-19,France,NA,Centre-Val de Loire,2565258,20,2,2509,543
2020-06-20,France,NA,Centre-Val de Loire,2565258,11,0,2520,543
2020-06-21,France,NA,Centre-Val de Loire,2565258,1,0,2521,543
2020-06-22,France,NA,Centre-Val de Loire,2565258,7,0,2528,543
2020-06-23,France,NA,Centre-Val de Loire,2565258,12,0,2540,543
2020-06-24,France,NA,Centre-Val de Loire,2565258,5,0,2545,543
2020-06-25,France,NA,Centre-Val de Loire,2565258,5,1,2550,544
2020-06-26,France,NA,Centre-Val de Loire,2565258,18,1,2568,545
2020-06-27,France,NA,Centre-Val de Loire,2565258,6,0,2574,545
2020-06-28,France,NA,Centre-Val de Loire,2565258,4,0,2578,545
2020-06-29,France,NA,Centre-Val de Loire,2565258,16,0,2594,545
2020-06-30,France,NA,Centre-Val de Loire,2565258,13,1,2607,546
2020-07-01,France,NA,Centre-Val de Loire,2565258,13,1,2620,547
2020-07-02,France,NA,Centre-Val de Loire,2565258,17,0,2637,547
2020-07-03,France,NA,Centre-Val de Loire,2565258,7,0,2644,547
2020-07-04,France,NA,Centre-Val de Loire,2565258,2,1,2646,548
2020-07-05,France,NA,Centre-Val de Loire,2565258,2,0,2648,548
2020-07-06,France,NA,Centre-Val de Loire,2565258,29,0,2677,548
2020-07-07,France,NA,Centre-Val de Loire,2565258,8,0,2685,548
2020-07-08,France,NA,Centre-Val de Loire,2565258,7,1,2692,549
2020-07-09,France,NA,Centre-Val de Loire,2565258,7,1,2699,550
2020-07-10,France,NA,Centre-Val de Loire,2565258,9,3,2708,553
2020-07-11,France,NA,Centre-Val de Loire,2565258,1,0,2709,553
2020-07-12,France,NA,Centre-Val de Loire,2565258,2,0,2711,553
2020-07-13,France,NA,Centre-Val de Loire,2565258,6,0,2717,553
2020-07-14,France,NA,Centre-Val de Loire,2565258,1,0,2718,553
2020-07-15,France,NA,Centre-Val de Loire,2565258,3,0,2721,553
2020-07-16,France,NA,Centre-Val de Loire,2565258,8,2,2729,555
2020-07-17,France,NA,Centre-Val de Loire,2565258,13,0,2742,555
2020-07-18,France,NA,Centre-Val de Loire,2565258,4,0,2746,555
2020-07-19,France,NA,Centre-Val de Loire,2565258,2,0,2748,555
2020-07-20,France,NA,Centre-Val de Loire,2565258,17,0,2765,555
2020-07-21,France,NA,Centre-Val de Loire,2565258,15,0,2780,555
2020-07-22,France,NA,Centre-Val de Loire,2565258,32,1,2812,556
2020-07-23,France,NA,Centre-Val de Loire,2565258,30,1,2842,557
2020-07-24,France,NA,Centre-Val de Loire,2565258,37,0,2879,557
2020-07-25,France,NA,Centre-Val de Loire,2565258,16,0,2895,557
2020-07-26,France,NA,Centre-Val de Loire,2565258,4,0,2899,557
2020-07-27,France,NA,Centre-Val de Loire,2565258,34,0,2933,557
2020-07-28,France,NA,Centre-Val de Loire,2565258,36,0,2969,557
2020-07-29,France,NA,Centre-Val de Loire,2565258,25,0,2994,557
2020-07-30,France,NA,Centre-Val de Loire,2565258,40,0,3034,557
2020-07-31,France,NA,Centre-Val de Loire,2565258,43,2,3077,559
2020-08-01,France,NA,Centre-Val de Loire,2565258,12,0,3089,559
2020-08-02,France,NA,Centre-Val de Loire,2565258,5,0,3094,559
2020-08-03,France,NA,Centre-Val de Loire,2565258,41,0,3135,559
2020-08-04,France,NA,Centre-Val de Loire,2565258,39,0,3174,559
2020-08-05,France,NA,Centre-Val de Loire,2565258,28,0,3202,559
2020-08-06,France,NA,Centre-Val de Loire,2565258,65,1,3267,560
2020-08-07,France,NA,Centre-Val de Loire,2565258,56,0,3323,560
2020-08-08,France,NA,Centre-Val de Loire,2565258,37,0,3360,560
2020-08-09,France,NA,Centre-Val de Loire,2565258,2,0,3362,560
2020-08-10,France,NA,Centre-Val de Loire,2565258,74,0,3436,560
2020-08-11,France,NA,Centre-Val de Loire,2565258,56,2,3492,562
2020-08-12,France,NA,Centre-Val de Loire,2565258,79,1,3571,563
2020-08-13,France,NA,Centre-Val de Loire,2565258,117,3,3688,566
2020-08-14,France,NA,Centre-Val de Loire,2565258,123,3,3811,569
2020-08-15,France,NA,Centre-Val de Loire,2565258,25,0,3836,569
2020-08-16,France,NA,Centre-Val de Loire,2565258,26,0,3862,569
2020-08-17,France,NA,Centre-Val de Loire,2565258,166,0,4028,569
2020-08-18,France,NA,Centre-Val de Loire,2565258,138,0,4166,569
2020-08-19,France,NA,Centre-Val de Loire,2565258,70,1,4236,570
2020-08-20,France,NA,Centre-Val de Loire,2565258,128,0,4364,570
2020-08-21,France,NA,Centre-Val de Loire,2565258,129,1,4493,571
2020-08-22,France,NA,Centre-Val de Loire,2565258,56,0,4549,571
2020-08-23,France,NA,Centre-Val de Loire,2565258,16,0,4565,571
2020-08-24,France,NA,Centre-Val de Loire,2565258,165,1,4730,572
2020-08-25,France,NA,Centre-Val de Loire,2565258,138,1,4868,573
2020-08-26,France,NA,Centre-Val de Loire,2565258,144,1,5012,574
2020-08-27,France,NA,Centre-Val de Loire,2565258,178,0,5190,574
2020-08-28,France,NA,Centre-Val de Loire,2565258,158,0,5348,574
2020-08-29,France,NA,Centre-Val de Loire,2565258,84,0,5432,574
2020-08-30,France,NA,Centre-Val de Loire,2565258,23,0,5455,574
2020-08-31,France,NA,Centre-Val de Loire,2565258,178,0,5633,574
2020-09-01,France,NA,Centre-Val de Loire,2565258,166,0,5799,574
2020-09-02,France,NA,Centre-Val de Loire,2565258,218,0,6017,574
2020-09-03,France,NA,Centre-Val de Loire,2565258,177,0,6194,574
2020-09-04,France,NA,Centre-Val de Loire,2565258,232,1,6426,575
2020-09-05,France,NA,Centre-Val de Loire,2565258,103,0,6529,575
2020-09-06,France,NA,Centre-Val de Loire,2565258,24,0,6553,575
2020-09-07,France,NA,Centre-Val de Loire,2565258,256,1,6809,576
2020-09-08,France,NA,Centre-Val de Loire,2565258,251,0,7060,576
2020-09-09,France,NA,Centre-Val de Loire,2565258,181,0,7241,576
2020-09-10,France,NA,Centre-Val de Loire,2565258,209,2,7450,578
2020-09-11,France,NA,Centre-Val de Loire,2565258,189,1,7639,579
2020-09-12,France,NA,Centre-Val de Loire,2565258,75,1,7714,580
2020-05-16,France,NA,Corsica,341554,1,0,11,4
2020-05-17,France,NA,Corsica,341554,0,0,11,4
2020-05-18,France,NA,Corsica,341554,2,1,13,5
2020-05-19,France,NA,Corsica,341554,4,0,17,7
2020-05-20,France,NA,Corsica,341554,3,0,20,8
2020-05-21,France,NA,Corsica,341554,0,0,20,8
2020-05-22,France,NA,Corsica,341554,0,0,20,8
2020-05-23,France,NA,Corsica,341554,2,0,22,9
2020-05-24,France,NA,Corsica,341554,0,1,22,9
2020-05-25,France,NA,Corsica,341554,1,0,23,9
2020-05-26,France,NA,Corsica,341554,1,0,24,10
2020-05-27,France,NA,Corsica,341554,0,0,24,10
2020-05-28,France,NA,Corsica,341554,3,0,27,11
2020-05-29,France,NA,Corsica,341554,1,0,28,11
2020-05-30,France,NA,Corsica,341554,0,0,28,11
2020-05-31,France,NA,Corsica,341554,0,0,28,11
2020-06-01,France,NA,Corsica,341554,0,0,28,11
2020-06-02,France,NA,Corsica,341554,1,0,29,12
2020-06-03,France,NA,Corsica,341554,2,0,31,13
2020-06-04,France,NA,Corsica,341554,1,0,32,13
2020-06-05,France,NA,Corsica,341554,2,0,34,14
2020-06-06,France,NA,Corsica,341554,1,0,35,14
2020-06-07,France,NA,Corsica,341554,0,0,35,14
2020-06-08,France,NA,Corsica,341554,2,0,37,15
2020-06-09,France,NA,Corsica,341554,0,0,37,15
2020-06-10,France,NA,Corsica,341554,1,0,38,15
2020-06-11,France,NA,Corsica,341554,3,0,41,17
2020-06-12,France,NA,Corsica,341554,0,1,41,17
2020-06-13,France,NA,Corsica,341554,0,0,41,17
2020-06-14,France,NA,Corsica,341554,0,0,41,17
2020-06-15,France,NA,Corsica,341554,1,0,42,17
2020-06-16,France,NA,Corsica,341554,2,0,44,18
2020-06-17,France,NA,Corsica,341554,1,0,45,18
2020-06-18,France,NA,Corsica,341554,0,0,45,18
2020-06-19,France,NA,Corsica,341554,0,0,45,18
2020-06-20,France,NA,Corsica,341554,0,0,45,18
2020-06-21,France,NA,Corsica,341554,0,0,45,18
2020-06-22,France,NA,Corsica,341554,1,0,46,19
2020-06-23,France,NA,Corsica,341554,1,0,47,19
2020-06-24,France,NA,Corsica,341554,1,0,48,20
2020-06-25,France,NA,Corsica,341554,0,0,48,20
2020-06-26,France,NA,Corsica,341554,1,0,49,20
2020-06-27,France,NA,Corsica,341554,0,0,49,20
2020-06-28,France,NA,Corsica,341554,0,0,49,20
2020-06-29,France,NA,Corsica,341554,1,0,50,21
2020-06-30,France,NA,Corsica,341554,0,0,50,21
2020-07-01,France,NA,Corsica,341554,2,0,52,21
2020-07-02,France,NA,Corsica,341554,1,0,53,22
2020-07-03,France,NA,Corsica,341554,0,0,53,22
2020-07-04,France,NA,Corsica,341554,0,0,53,22
2020-07-05,France,NA,Corsica,341554,0,0,53,22
2020-07-06,France,NA,Corsica,341554,1,0,54,22
2020-07-07,France,NA,Corsica,341554,0,0,54,22
2020-07-08,France,NA,Corsica,341554,2,0,56,23
2020-07-09,France,NA,Corsica,341554,1,0,57,23
2020-07-10,France,NA,Corsica,341554,1,0,58,24
2020-07-11,France,NA,Corsica,341554,1,0,59,24
2020-07-12,France,NA,Corsica,341554,0,0,59,24
2020-07-13,France,NA,Corsica,341554,6,0,65,27
2020-07-14,France,NA,Corsica,341554,5,0,70,29
2020-07-15,France,NA,Corsica,341554,3,0,73,30
2020-07-16,France,NA,Corsica,341554,2,0,75,31
2020-07-17,France,NA,Corsica,341554,2,0,77,32
2020-07-18,France,NA,Corsica,341554,1,0,78,32
2020-07-19,France,NA,Corsica,341554,0,0,78,32
2020-07-20,France,NA,Corsica,341554,0,0,78,32
2020-07-21,France,NA,Corsica,341554,1,0,79,33
2020-07-22,France,NA,Corsica,341554,1,0,80,33
2020-07-23,France,NA,Corsica,341554,0,0,80,33
2020-07-24,France,NA,Corsica,341554,0,0,80,33
2020-07-25,France,NA,Corsica,341554,1,0,81,34
2020-07-26,France,NA,Corsica,341554,0,0,81,34
2020-07-27,France,NA,Corsica,341554,1,0,82,34
2020-07-28,France,NA,Corsica,341554,1,0,83,34
2020-07-29,France,NA,Corsica,341554,1,0,84,35
2020-07-30,France,NA,Corsica,341554,0,0,84,35
2020-07-31,France,NA,Corsica,341554,3,0,87,36
2020-08-01,France,NA,Corsica,341554,0,0,87,36
2020-08-02,France,NA,Corsica,341554,1,0,88,36
2020-08-03,France,NA,Corsica,341554,3,0,91,38
2020-08-04,France,NA,Corsica,341554,6,0,97,40
2020-08-05,France,NA,Corsica,341554,2,0,99,41
2020-08-06,France,NA,Corsica,341554,4,0,103,43
2020-08-07,France,NA,Corsica,341554,1,0,104,43
2020-08-08,France,NA,Corsica,341554,1,0,105,44
2020-08-09,France,NA,Corsica,341554,1,0,106,44
2020-08-10,France,NA,Corsica,341554,4,0,110,46
2020-08-11,France,NA,Corsica,341554,1,0,111,46
2020-08-12,France,NA,Corsica,341554,4,0,115,48
2020-08-13,France,NA,Corsica,341554,1,0,116,48
2020-08-14,France,NA,Corsica,341554,6,0,122,51
2020-08-15,France,NA,Corsica,341554,0,0,122,51
2020-08-16,France,NA,Corsica,341554,0,0,122,51
2020-08-17,France,NA,Corsica,341554,9,0,131,55
2020-08-18,France,NA,Corsica,341554,6,0,137,57
2020-08-19,France,NA,Corsica,341554,7,0,144,59
2020-08-20,France,NA,Corsica,341554,7,0,151,59
2020-08-21,France,NA,Corsica,341554,6,0,157,59
2020-08-22,France,NA,Corsica,341554,5,0,162,59
2020-08-23,France,NA,Corsica,341554,0,0,162,59
2020-08-24,France,NA,Corsica,341554,32,0,194,59
2020-08-25,France,NA,Corsica,341554,22,0,216,59
2020-08-26,France,NA,Corsica,341554,36,0,252,59
2020-08-27,France,NA,Corsica,341554,50,0,302,59
2020-08-28,France,NA,Corsica,341554,45,0,347,59
2020-08-29,France,NA,Corsica,341554,12,0,359,59
2020-08-30,France,NA,Corsica,341554,5,0,364,59
2020-08-31,France,NA,Corsica,341554,54,0,418,59
2020-09-01,France,NA,Corsica,341554,62,0,480,59
2020-09-02,France,NA,Corsica,341554,55,0,535,59
2020-09-03,France,NA,Corsica,341554,65,0,600,59
2020-09-04,France,NA,Corsica,341554,62,0,662,59
2020-09-05,France,NA,Corsica,341554,19,0,681,59
2020-09-06,France,NA,Corsica,341554,4,0,685,59
2020-09-07,France,NA,Corsica,341554,90,0,775,59
2020-09-08,France,NA,Corsica,341554,46,0,821,59
2020-09-09,France,NA,Corsica,341554,51,0,872,59
2020-09-10,France,NA,Corsica,341554,47,0,919,59
2020-09-11,France,NA,Corsica,341554,40,0,959,59
2020-09-12,France,NA,Corsica,341554,26,0,985,59
2020-03-12,France,NA,Grand Est,5525291,7,0,14,0
2020-03-13,France,NA,Grand Est,5525291,5,0,19,0
2020-03-14,France,NA,Grand Est,5525291,4,0,23,0
2020-03-15,France,NA,Grand Est,5525291,2,0,25,0
2020-03-16,France,NA,Grand Est,5525291,7,0,32,0
2020-03-17,France,NA,Grand Est,5525291,16,0,48,0
2020-03-18,France,NA,Grand Est,5525291,24,0,72,30
2020-03-19,France,NA,Grand Est,5525291,36,28,108,45
2020-03-20,France,NA,Grand Est,5525291,41,35,149,62
2020-03-21,France,NA,Grand Est,5525291,4,26,153,64
2020-03-22,France,NA,Grand Est,5525291,4,43,157,65
2020-03-23,France,NA,Grand Est,5525291,42,75,199,83
2020-03-24,France,NA,Grand Est,5525291,112,80,311,130
2020-03-25,France,NA,Grand Est,5525291,123,98,434,182
2020-03-26,France,NA,Grand Est,5525291,135,79,569,238
2020-03-27,France,NA,Grand Est,5525291,186,73,755,317
2020-03-28,France,NA,Grand Est,5525291,39,96,794,333
2020-03-29,France,NA,Grand Est,5525291,12,62,806,338
2020-03-30,France,NA,Grand Est,5525291,196,104,1002,420
2020-03-31,France,NA,Grand Est,5525291,253,96,1255,527
2020-04-01,France,NA,Grand Est,5525291,206,111,1461,613
2020-04-02,France,NA,Grand Est,5525291,211,52,1672,702
2020-04-03,France,NA,Grand Est,5525291,197,133,1869,784
2020-04-04,France,NA,Grand Est,5525291,15,91,1884,791
2020-04-05,France,NA,Grand Est,5525291,2,69,1886,792
2020-04-06,France,NA,Grand Est,5525291,126,103,2012,845
2020-04-07,France,NA,Grand Est,5525291,116,100,2128,893
2020-04-08,France,NA,Grand Est,5525291,256,107,2384,1001
2020-04-09,France,NA,Grand Est,5525291,205,73,2589,1087
2020-04-10,France,NA,Grand Est,5525291,79,98,2668,1120
2020-04-11,France,NA,Grand Est,5525291,15,56,2683,1126
2020-04-12,France,NA,Grand Est,5525291,1,56,2684,1127
2020-04-13,France,NA,Grand Est,5525291,3,41,2687,1128
2020-04-14,France,NA,Grand Est,5525291,214,61,2901,1218
2020-04-15,France,NA,Grand Est,5525291,98,83,2999,1259
2020-04-16,France,NA,Grand Est,5525291,162,57,3161,1327
2020-04-17,France,NA,Grand Est,5525291,101,52,3262,1370
2020-04-18,France,NA,Grand Est,5525291,5,64,3267,1372
2020-04-19,France,NA,Grand Est,5525291,0,41,3267,1372
2020-04-20,France,NA,Grand Est,5525291,41,52,3308,1389
2020-04-21,France,NA,Grand Est,5525291,68,49,3376,1417
2020-04-22,France,NA,Grand Est,5525291,29,48,3405,1430
2020-04-23,France,NA,Grand Est,5525291,23,34,3428,1439
2020-04-24,France,NA,Grand Est,5525291,29,33,3457,1451
2020-04-25,France,NA,Grand Est,5525291,3,35,3460,1453
2020-04-26,France,NA,Grand Est,5525291,0,23,3460,1453
2020-04-27,France,NA,Grand Est,5525291,11,42,3471,1457
2020-04-28,France,NA,Grand Est,5525291,16,20,3487,1464
2020-04-29,France,NA,Grand Est,5525291,32,64,3519,1477
2020-04-30,France,NA,Grand Est,5525291,16,22,3535,1484
2020-05-01,France,NA,Grand Est,5525291,0,30,3535,1484
2020-05-02,France,NA,Grand Est,5525291,0,22,3535,1484
2020-05-03,France,NA,Grand Est,5525291,0,16,3535,1484
2020-05-04,France,NA,Grand Est,5525291,15,30,3550,1491
2020-05-05,France,NA,Grand Est,5525291,17,28,3567,1498
2020-05-06,France,NA,Grand Est,5525291,6,26,3573,1500
2020-05-07,France,NA,Grand Est,5525291,2,23,3575,1501
2020-05-08,France,NA,Grand Est,5525291,0,30,3575,1501
2020-05-09,France,NA,Grand Est,5525291,0,15,3575,1501
2020-05-10,France,NA,Grand Est,5525291,0,8,3575,1501
2020-05-11,France,NA,Grand Est,5525291,5,25,3580,1503
2020-05-12,France,NA,Grand Est,5525291,10,33,3590,1507
2020-05-13,France,NA,Grand Est,5525291,152,20,3742,1571
2020-05-14,France,NA,Grand Est,5525291,110,31,3852,1617
2020-05-15,France,NA,Grand Est,5525291,150,27,4002,1680
2020-05-16,France,NA,Grand Est,5525291,39,7,4041,1697
2020-05-17,France,NA,Grand Est,5525291,6,16,4047,1699
2020-05-18,France,NA,Grand Est,5525291,165,19,4212,1769
2020-05-19,France,NA,Grand Est,5525291,140,22,4352,1827
2020-05-20,France,NA,Grand Est,5525291,195,18,4547,1909
2020-05-21,France,NA,Grand Est,5525291,22,4,4569,1918
2020-05-22,France,NA,Grand Est,5525291,90,14,4659,1956
2020-05-23,France,NA,Grand Est,5525291,21,8,4680,1965
2020-05-24,France,NA,Grand Est,5525291,7,11,4687,1968
2020-05-25,France,NA,Grand Est,5525291,91,7,4778,2006
2020-05-26,France,NA,Grand Est,5525291,91,4,4869,2044
2020-05-27,France,NA,Grand Est,5525291,59,10,4928,2069
2020-05-28,France,NA,Grand Est,5525291,69,8,4997,2098
2020-05-29,France,NA,Grand Est,5525291,79,11,5076,2131
2020-05-30,France,NA,Grand Est,5525291,23,9,5099,2141
2020-05-31,France,NA,Grand Est,5525291,6,3,5105,2144
2020-06-01,France,NA,Grand Est,5525291,9,4,5114,2147
2020-06-02,France,NA,Grand Est,5525291,140,19,5254,2206
2020-06-03,France,NA,Grand Est,5525291,154,10,5408,2271
2020-06-04,France,NA,Grand Est,5525291,84,8,5492,2306
2020-06-05,France,NA,Grand Est,5525291,69,16,5561,2335
2020-06-06,France,NA,Grand Est,5525291,26,4,5587,2346
2020-06-07,France,NA,Grand Est,5525291,21,2,5608,2355
2020-06-08,France,NA,Grand Est,5525291,76,12,5684,2387
2020-06-09,France,NA,Grand Est,5525291,80,5,5764,2420
2020-06-10,France,NA,Grand Est,5525291,70,0,5834,2450
2020-06-11,France,NA,Grand Est,5525291,58,2,5892,2474
2020-06-12,France,NA,Grand Est,5525291,60,2,5952,2499
2020-06-13,France,NA,Grand Est,5525291,13,3,5965,2505
2020-06-14,France,NA,Grand Est,5525291,4,2,5969,2506
2020-06-15,France,NA,Grand Est,5525291,48,7,6017,2527
2020-06-16,France,NA,Grand Est,5525291,63,5,6080,2553
2020-06-17,France,NA,Grand Est,5525291,58,2,6138,2577
2020-06-18,France,NA,Grand Est,5525291,37,8,6175,2593
2020-06-19,France,NA,Grand Est,5525291,54,4,6229,2616
2020-06-20,France,NA,Grand Est,5525291,18,3,6247,2623
2020-06-21,France,NA,Grand Est,5525291,7,1,6254,2626
2020-06-22,France,NA,Grand Est,5525291,37,5,6291,2642
2020-06-23,France,NA,Grand Est,5525291,27,5,6318,2653
2020-06-24,France,NA,Grand Est,5525291,33,0,6351,2667
2020-06-25,France,NA,Grand Est,5525291,26,4,6377,2678
2020-06-26,France,NA,Grand Est,5525291,28,6,6405,2690
2020-06-27,France,NA,Grand Est,5525291,11,0,6416,2690
2020-06-28,France,NA,Grand Est,5525291,6,0,6422,2690
2020-06-29,France,NA,Grand Est,5525291,20,0,6442,2690
2020-06-30,France,NA,Grand Est,5525291,28,3503,6470,2717
2020-07-01,France,NA,Grand Est,5525291,27,8,6497,2728
2020-07-02,France,NA,Grand Est,5525291,25,2,6522,2739
2020-07-03,France,NA,Grand Est,5525291,27,4,6549,2750
2020-07-04,France,NA,Grand Est,5525291,19,3,6568,2758
2020-07-05,France,NA,Grand Est,5525291,3,0,6571,2759
2020-07-06,France,NA,Grand Est,5525291,26,1,6597,2770
2020-07-07,France,NA,Grand Est,5525291,22,0,6619,2779
2020-07-08,France,NA,Grand Est,5525291,27,2,6646,2791
2020-07-09,France,NA,Grand Est,5525291,38,1,6684,2807
2020-07-10,France,NA,Grand Est,5525291,31,1,6715,2820
2020-07-11,France,NA,Grand Est,5525291,7,0,6722,2823
2020-07-12,France,NA,Grand Est,5525291,5,0,6727,2825
2020-07-13,France,NA,Grand Est,5525291,55,2,6782,2848
2020-07-14,France,NA,Grand Est,5525291,7,1,6789,2851
2020-07-15,France,NA,Grand Est,5525291,65,3,6854,2878
2020-07-16,France,NA,Grand Est,5525291,88,3,6942,2915
2020-07-17,France,NA,Grand Est,5525291,86,5,7028,2951
2020-07-18,France,NA,Grand Est,5525291,34,0,7062,2966
2020-07-19,France,NA,Grand Est,5525291,3,0,7065,2967
2020-07-20,France,NA,Grand Est,5525291,68,1,7133,2995
2020-07-21,France,NA,Grand Est,5525291,63,1,7196,3022
2020-07-22,France,NA,Grand Est,5525291,56,3,7252,3045
2020-07-23,France,NA,Grand Est,5525291,56,4,7308,3069
2020-07-24,France,NA,Grand Est,5525291,73,0,7381,3100
2020-07-25,France,NA,Grand Est,5525291,34,0,7415,3114
2020-07-26,France,NA,Grand Est,5525291,5,0,7420,3116
2020-07-27,France,NA,Grand Est,5525291,80,0,7500,3150
2020-07-28,France,NA,Grand Est,5525291,70,0,7570,3179
2020-07-29,France,NA,Grand Est,5525291,57,2,7627,3203
2020-07-30,France,NA,Grand Est,5525291,73,5,7700,3234
2020-07-31,France,NA,Grand Est,5525291,112,2,7812,3281
2020-08-01,France,NA,Grand Est,5525291,43,4,7855,3299
2020-08-02,France,NA,Grand Est,5525291,9,0,7864,3302
2020-08-03,France,NA,Grand Est,5525291,106,1,7970,3347
2020-08-04,France,NA,Grand Est,5525291,87,1,8057,3383
2020-08-05,France,NA,Grand Est,5525291,80,2,8137,3417
2020-08-06,France,NA,Grand Est,5525291,147,1,8284,3479
2020-08-07,France,NA,Grand Est,5525291,82,2,8366,3513
2020-08-08,France,NA,Grand Est,5525291,42,0,8408,3531
2020-08-09,France,NA,Grand Est,5525291,1,0,8409,3531
2020-08-10,France,NA,Grand Est,5525291,92,1,8501,3570
2020-08-11,France,NA,Grand Est,5525291,109,3,8610,3616
2020-08-12,France,NA,Grand Est,5525291,136,2,8746,3633
2020-08-13,France,NA,Grand Est,5525291,135,3,8881,3636
2020-08-14,France,NA,Grand Est,5525291,155,2,9036,3638
2020-08-15,France,NA,Grand Est,5525291,31,1,9067,3639
2020-08-16,France,NA,Grand Est,5525291,13,0,9080,3639
2020-08-17,France,NA,Grand Est,5525291,215,0,9295,3639
2020-08-18,France,NA,Grand Est,5525291,176,2,9471,3641
2020-08-19,France,NA,Grand Est,5525291,180,1,9651,3642
2020-08-20,France,NA,Grand Est,5525291,167,0,9818,3642
2020-08-21,France,NA,Grand Est,5525291,188,2,10006,3644
2020-08-22,France,NA,Grand Est,5525291,124,1,10130,3645
2020-08-23,France,NA,Grand Est,5525291,28,0,10158,3645
2020-08-24,France,NA,Grand Est,5525291,280,1,10438,3646
2020-08-25,France,NA,Grand Est,5525291,275,13,10713,3659
2020-08-26,France,NA,Grand Est,5525291,251,1,10964,3660
2020-08-27,France,NA,Grand Est,5525291,269,0,11233,3660
2020-08-28,France,NA,Grand Est,5525291,295,4,11528,3664
2020-08-29,France,NA,Grand Est,5525291,157,1,11685,3665
2020-08-30,France,NA,Grand Est,5525291,30,0,11715,3665
2020-08-31,France,NA,Grand Est,5525291,373,3,12088,3668
2020-09-01,France,NA,Grand Est,5525291,261,1,12349,3669
2020-09-02,France,NA,Grand Est,5525291,315,4,12664,3673
2020-09-03,France,NA,Grand Est,5525291,279,1,12943,3674
2020-09-04,France,NA,Grand Est,5525291,311,1,13254,3675
2020-09-05,France,NA,Grand Est,5525291,143,5,13397,3680
2020-09-06,France,NA,Grand Est,5525291,25,0,13422,3680
2020-09-07,France,NA,Grand Est,5525291,357,2,13779,3682
2020-09-08,France,NA,Grand Est,5525291,375,10,14154,3692
2020-09-09,France,NA,Grand Est,5525291,381,4,14535,3696
2020-09-10,France,NA,Grand Est,5525291,445,0,14980,3696
2020-09-11,France,NA,Grand Est,5525291,372,11,15352,3707
2020-09-12,France,NA,Grand Est,5525291,184,0,15536,3707
2020-03-17,France,NA,Hauts-de-France,5977437,5,0,15,0
2020-03-18,France,NA,Hauts-de-France,5977437,7,0,22,9
2020-03-19,France,NA,Hauts-de-France,5977437,16,19,38,15
2020-03-20,France,NA,Hauts-de-France,5977437,19,11,57,23
2020-03-21,France,NA,Hauts-de-France,5977437,7,5,64,26
2020-03-22,France,NA,Hauts-de-France,5977437,6,11,70,29
2020-03-23,France,NA,Hauts-de-France,5977437,52,19,122,51
2020-03-24,France,NA,Hauts-de-France,5977437,81,23,203,85
2020-03-25,France,NA,Hauts-de-France,5977437,77,13,280,117
2020-03-26,France,NA,Hauts-de-France,5977437,99,28,379,150
2020-03-27,France,NA,Hauts-de-France,5977437,65,19,444,169
2020-03-28,France,NA,Hauts-de-France,5977437,26,27,470,196
2020-03-29,France,NA,Hauts-de-France,5977437,11,15,481,202
2020-03-30,France,NA,Hauts-de-France,5977437,146,31,627,242
2020-03-31,France,NA,Hauts-de-France,5977437,144,38,771,280
2020-04-01,France,NA,Hauts-de-France,5977437,112,50,883,330
2020-04-02,France,NA,Hauts-de-France,5977437,145,40,1028,370
2020-04-03,France,NA,Hauts-de-France,5977437,173,68,1201,438
2020-04-04,France,NA,Hauts-de-France,5977437,37,50,1238,488
2020-04-05,France,NA,Hauts-de-France,5977437,6,32,1244,520
2020-04-06,France,NA,Hauts-de-France,5977437,133,57,1377,577
2020-04-07,France,NA,Hauts-de-France,5977437,154,58,1531,635
2020-04-08,France,NA,Hauts-de-France,5977437,162,44,1693,679
2020-04-09,France,NA,Hauts-de-France,5977437,151,36,1844,715
2020-04-10,France,NA,Hauts-de-France,5977437,143,47,1987,762
2020-04-11,France,NA,Hauts-de-France,5977437,25,44,2012,806
2020-04-12,France,NA,Hauts-de-France,5977437,5,34,2017,840
2020-04-13,France,NA,Hauts-de-France,5977437,0,33,2017,847
2020-04-14,France,NA,Hauts-de-France,5977437,112,47,2129,894
2020-04-15,France,NA,Hauts-de-France,5977437,119,55,2248,944
2020-04-16,France,NA,Hauts-de-France,5977437,75,31,2323,975
2020-04-17,France,NA,Hauts-de-France,5977437,57,48,2380,999
2020-04-18,France,NA,Hauts-de-France,5977437,10,23,2390,1003
2020-04-19,France,NA,Hauts-de-France,5977437,2,17,2392,1004
2020-04-20,France,NA,Hauts-de-France,5977437,81,33,2473,1038
2020-04-21,France,NA,Hauts-de-France,5977437,73,36,2546,1069
2020-04-22,France,NA,Hauts-de-France,5977437,60,35,2606,1094
2020-04-23,France,NA,Hauts-de-France,5977437,59,35,2665,1119
2020-04-24,France,NA,Hauts-de-France,5977437,49,24,2714,1139
2020-04-25,France,NA,Hauts-de-France,5977437,7,24,2721,1142
2020-04-26,France,NA,Hauts-de-France,5977437,2,10,2723,1143
2020-04-27,France,NA,Hauts-de-France,5977437,65,24,2788,1170
2020-04-28,France,NA,Hauts-de-France,5977437,77,15,2865,1203
2020-04-29,France,NA,Hauts-de-France,5977437,80,25,2945,1236
2020-04-30,France,NA,Hauts-de-France,5977437,43,19,2988,1254
2020-05-01,France,NA,Hauts-de-France,5977437,0,16,2988,1254
2020-05-02,France,NA,Hauts-de-France,5977437,3,6,2991,1256
2020-05-03,France,NA,Hauts-de-France,5977437,0,14,2991,1256
2020-05-04,France,NA,Hauts-de-France,5977437,54,18,3045,1278
2020-05-05,France,NA,Hauts-de-France,5977437,49,33,3094,1299
2020-05-06,France,NA,Hauts-de-France,5977437,46,19,3140,1318
2020-05-07,France,NA,Hauts-de-France,5977437,32,16,3172,1332
2020-05-08,France,NA,Hauts-de-France,5977437,0,11,3172,1332
2020-05-09,France,NA,Hauts-de-France,5977437,3,4,3175,1333
2020-05-10,France,NA,Hauts-de-France,5977437,1,10,3176,1333
2020-05-11,France,NA,Hauts-de-France,5977437,19,24,3195,1341
2020-05-12,France,NA,Hauts-de-France,5977437,29,25,3224,1354
2020-05-13,France,NA,Hauts-de-France,5977437,78,8,3302,1386
2020-05-14,France,NA,Hauts-de-France,5977437,96,10,3398,1427
2020-05-15,France,NA,Hauts-de-France,5977437,83,16,3481,1462
2020-05-16,France,NA,Hauts-de-France,5977437,30,12,3511,1474
2020-05-17,France,NA,Hauts-de-France,5977437,10,9,3521,1478
2020-05-18,France,NA,Hauts-de-France,5977437,99,15,3620,1520
2020-05-19,France,NA,Hauts-de-France,5977437,130,6,3750,1575
2020-05-20,France,NA,Hauts-de-France,5977437,118,11,3868,1624
2020-05-21,France,NA,Hauts-de-France,5977437,22,7,3890,1633
2020-05-22,France,NA,Hauts-de-France,5977437,143,4,4033,1668
2020-05-23,France,NA,Hauts-de-France,5977437,43,7,4076,1675
2020-05-24,France,NA,Hauts-de-France,5977437,12,4,4088,1679
2020-05-25,France,NA,Hauts-de-France,5977437,110,12,4198,1691
2020-05-26,France,NA,Hauts-de-France,5977437,116,6,4314,1697
2020-05-27,France,NA,Hauts-de-France,5977437,104,7,4418,1704
2020-05-28,France,NA,Hauts-de-France,5977437,55,12,4473,1716
2020-05-29,France,NA,Hauts-de-France,5977437,85,6,4558,1722
2020-05-30,France,NA,Hauts-de-France,5977437,36,8,4594,1730
2020-05-31,France,NA,Hauts-de-France,5977437,5,3,4599,1733
2020-06-01,France,NA,Hauts-de-France,5977437,19,5,4618,1738
2020-06-02,France,NA,Hauts-de-France,5977437,77,7,4695,1745
2020-06-03,France,NA,Hauts-de-France,5977437,80,9,4775,1754
2020-06-04,France,NA,Hauts-de-France,5977437,73,10,4848,1764
2020-06-05,France,NA,Hauts-de-France,5977437,86,8,4934,1772
2020-06-06,France,NA,Hauts-de-France,5977437,47,2,4981,1774
2020-06-07,France,NA,Hauts-de-France,5977437,14,1,4995,1775
2020-06-08,France,NA,Hauts-de-France,5977437,99,8,5094,1783
2020-06-09,France,NA,Hauts-de-France,5977437,68,2,5162,1785
2020-06-10,France,NA,Hauts-de-France,5977437,69,4,5231,1789
2020-06-11,France,NA,Hauts-de-France,5977437,64,1,5295,1790
2020-06-12,France,NA,Hauts-de-France,5977437,37,2,5332,1792
2020-06-13,France,NA,Hauts-de-France,5977437,16,1,5348,1793
2020-06-14,France,NA,Hauts-de-France,5977437,12,1,5360,1794
2020-06-15,France,NA,Hauts-de-France,5977437,65,3,5425,1797
2020-06-16,France,NA,Hauts-de-France,5977437,53,7,5478,1804
2020-06-17,France,NA,Hauts-de-France,5977437,50,5,5528,1809
2020-06-18,France,NA,Hauts-de-France,5977437,35,2,5563,1811
2020-06-19,France,NA,Hauts-de-France,5977437,47,2,5610,1813
2020-06-20,France,NA,Hauts-de-France,5977437,25,2,5635,1815
2020-06-21,France,NA,Hauts-de-France,5977437,5,1,5640,1816
2020-06-22,France,NA,Hauts-de-France,5977437,48,2,5688,1818
2020-06-23,France,NA,Hauts-de-France,5977437,66,0,5754,1818
2020-06-24,France,NA,Hauts-de-France,5977437,41,2,5795,1820
2020-06-25,France,NA,Hauts-de-France,5977437,51,4,5846,1824
2020-06-26,France,NA,Hauts-de-France,5977437,59,3,5905,1827
2020-06-27,France,NA,Hauts-de-France,5977437,20,0,5925,1827
2020-06-28,France,NA,Hauts-de-France,5977437,7,0,5932,1827
2020-06-29,France,NA,Hauts-de-France,5977437,49,0,5981,1827
2020-06-30,France,NA,Hauts-de-France,5977437,46,1556,6027,1830
2020-07-01,France,NA,Hauts-de-France,5977437,54,1,6081,1831
2020-07-02,France,NA,Hauts-de-France,5977437,67,2,6148,1833
2020-07-03,France,NA,Hauts-de-France,5977437,60,2,6208,1835
2020-07-04,France,NA,Hauts-de-France,5977437,21,0,6229,1835
2020-07-05,France,NA,Hauts-de-France,5977437,1,0,6230,1835
2020-07-06,France,NA,Hauts-de-France,5977437,75,4,6305,1839
2020-07-07,France,NA,Hauts-de-France,5977437,49,13,6354,1852
2020-07-08,France,NA,Hauts-de-France,5977437,41,18,6395,1870
2020-07-09,France,NA,Hauts-de-France,5977437,65,4,6460,1874
2020-07-10,France,NA,Hauts-de-France,5977437,54,1,6514,1875
2020-07-11,France,NA,Hauts-de-France,5977437,41,1,6555,1876
2020-07-12,France,NA,Hauts-de-France,5977437,8,0,6563,1876
2020-07-13,France,NA,Hauts-de-France,5977437,59,1,6622,1877
2020-07-14,France,NA,Hauts-de-France,5977437,10,1,6632,1878
2020-07-15,France,NA,Hauts-de-France,5977437,67,7,6699,1885
2020-07-16,France,NA,Hauts-de-France,5977437,91,1,6790,1886
2020-07-17,France,NA,Hauts-de-France,5977437,84,2,6874,1888
2020-07-18,France,NA,Hauts-de-France,5977437,47,0,6921,1888
2020-07-19,France,NA,Hauts-de-France,5977437,6,0,6927,1888
2020-07-20,France,NA,Hauts-de-France,5977437,82,6,7009,1894
2020-07-21,France,NA,Hauts-de-France,5977437,111,2,7120,1896
2020-07-22,France,NA,Hauts-de-France,5977437,119,2,7239,1898
2020-07-23,France,NA,Hauts-de-France,5977437,81,0,7320,1898
2020-07-24,France,NA,Hauts-de-France,5977437,111,1,7431,1899
2020-07-25,France,NA,Hauts-de-France,5977437,72,1,7503,1900
2020-07-26,France,NA,Hauts-de-France,5977437,7,0,7510,1900
2020-07-27,France,NA,Hauts-de-France,5977437,141,3,7651,1903
2020-07-28,France,NA,Hauts-de-France,5977437,110,2,7761,1905
2020-07-29,France,NA,Hauts-de-France,5977437,135,1,7896,1906
2020-07-30,France,NA,Hauts-de-France,5977437,185,3,8081,1909
2020-07-31,France,NA,Hauts-de-France,5977437,136,3,8217,1912
2020-08-01,France,NA,Hauts-de-France,5977437,92,1,8309,1913
2020-08-02,France,NA,Hauts-de-France,5977437,12,0,8321,1913
2020-08-03,France,NA,Hauts-de-France,5977437,206,5,8527,1918
2020-08-04,France,NA,Hauts-de-France,5977437,150,1,8677,1919
2020-08-05,France,NA,Hauts-de-France,5977437,148,0,8825,1919
2020-08-06,France,NA,Hauts-de-France,5977437,162,0,8987,1919
2020-08-07,France,NA,Hauts-de-France,5977437,165,0,9152,1919
2020-08-08,France,NA,Hauts-de-France,5977437,66,0,9218,1919
2020-08-09,France,NA,Hauts-de-France,5977437,15,0,9233,1919
2020-08-10,France,NA,Hauts-de-France,5977437,195,3,9428,1922
2020-08-11,France,NA,Hauts-de-France,5977437,187,3,9615,1925
2020-08-12,France,NA,Hauts-de-France,5977437,179,0,9794,1925
2020-08-13,France,NA,Hauts-de-France,5977437,197,2,9991,1927
2020-08-14,France,NA,Hauts-de-France,5977437,210,2,10201,1929
2020-08-15,France,NA,Hauts-de-France,5977437,26,1,10227,1930
2020-08-16,France,NA,Hauts-de-France,5977437,14,0,10241,1930
2020-08-17,France,NA,Hauts-de-France,5977437,211,1,10452,1931
2020-08-18,France,NA,Hauts-de-France,5977437,228,1,10680,1932
2020-08-19,France,NA,Hauts-de-France,5977437,179,1,10859,1933
2020-08-20,France,NA,Hauts-de-France,5977437,233,1,11092,1934
2020-08-21,France,NA,Hauts-de-France,5977437,256,2,11348,1936
2020-08-22,France,NA,Hauts-de-France,5977437,101,0,11449,1936
2020-08-23,France,NA,Hauts-de-France,5977437,23,0,11472,1936
2020-08-24,France,NA,Hauts-de-France,5977437,278,1,11750,1937
2020-08-25,France,NA,Hauts-de-France,5977437,272,1,12022,1938
2020-08-26,France,NA,Hauts-de-France,5977437,279,0,12301,1938
2020-08-27,France,NA,Hauts-de-France,5977437,356,3,12657,1941
2020-08-28,France,NA,Hauts-de-France,5977437,319,2,12976,1943
2020-08-29,France,NA,Hauts-de-France,5977437,137,0,13113,1943
2020-08-30,France,NA,Hauts-de-France,5977437,46,0,13159,1943
2020-08-31,France,NA,Hauts-de-France,5977437,506,2,13665,1945
2020-09-01,France,NA,Hauts-de-France,5977437,564,2,14229,1947
2020-09-02,France,NA,Hauts-de-France,5977437,787,1,15016,1948
2020-09-03,France,NA,Hauts-de-France,5977437,808,2,15824,1950
2020-09-04,France,NA,Hauts-de-France,5977437,1021,0,16845,1950
2020-09-05,France,NA,Hauts-de-France,5977437,497,0,17342,1950
2020-09-06,France,NA,Hauts-de-France,5977437,72,0,17414,1950
2020-09-07,France,NA,Hauts-de-France,5977437,1331,1,18745,1951
2020-09-08,France,NA,Hauts-de-France,5977437,1145,3,19890,1954
2020-09-09,France,NA,Hauts-de-France,5977437,1029,2,20919,1956
2020-09-10,France,NA,Hauts-de-France,5977437,1045,0,21964,1956
2020-09-11,France,NA,Hauts-de-France,5977437,783,6,22747,1962
2020-09-12,France,NA,Hauts-de-France,5977437,262,0,23009,1962
2020-03-11,France,NA,Ile-de-France,12244807,11,0,15,0
2020-03-12,France,NA,Ile-de-France,12244807,22,0,37,0
2020-03-13,France,NA,Ile-de-France,12244807,49,0,86,0
2020-03-14,France,NA,Ile-de-France,12244807,48,0,134,0
2020-03-15,France,NA,Ile-de-France,12244807,44,0,178,0
2020-03-16,France,NA,Ile-de-France,12244807,140,0,318,0
2020-03-17,France,NA,Ile-de-France,12244807,154,0,472,0
2020-03-18,France,NA,Ile-de-France,12244807,233,0,705,36
2020-03-19,France,NA,Ile-de-France,12244807,264,20,969,56
2020-03-20,France,NA,Ile-de-France,12244807,381,43,1350,99
2020-03-21,France,NA,Ile-de-France,12244807,191,23,1541,122
2020-03-22,France,NA,Ile-de-France,12244807,195,18,1736,140
2020-03-23,France,NA,Ile-de-France,12244807,655,53,2391,193
2020-03-24,France,NA,Ile-de-France,12244807,568,69,2959,262
2020-03-25,France,NA,Ile-de-France,12244807,620,95,3579,357
2020-03-26,France,NA,Ile-de-France,12244807,728,103,4307,460
2020-03-27,France,NA,Ile-de-France,12244807,766,118,5073,578
2020-03-28,France,NA,Ile-de-France,12244807,325,110,5398,688
2020-03-29,France,NA,Ile-de-France,12244807,185,119,5583,807
2020-03-30,France,NA,Ile-de-France,12244807,824,147,6407,954
2020-03-31,France,NA,Ile-de-France,12244807,769,222,7176,1176
2020-04-01,France,NA,Ile-de-France,12244807,608,193,7784,1369
2020-04-02,France,NA,Ile-de-France,12244807,709,202,8493,1571
2020-04-03,France,NA,Ile-de-France,12244807,778,220,9271,1791
2020-04-04,France,NA,Ile-de-France,12244807,222,176,9493,1967
2020-04-05,France,NA,Ile-de-France,12244807,100,140,9593,2107
2020-04-06,France,NA,Ile-de-France,12244807,596,248,10189,2355
2020-04-07,France,NA,Ile-de-France,12244807,589,272,10778,2627
2020-04-08,France,NA,Ile-de-France,12244807,675,223,11453,2850
2020-04-09,France,NA,Ile-de-France,12244807,730,190,12183,3040
2020-04-10,France,NA,Ile-de-France,12244807,960,260,13143,3300
2020-04-11,France,NA,Ile-de-France,12244807,125,116,13268,3416
2020-04-12,France,NA,Ile-de-France,12244807,42,132,13310,3548
2020-04-13,France,NA,Ile-de-France,12244807,102,156,13412,3704
2020-04-14,France,NA,Ile-de-France,12244807,522,233,13934,3937
2020-04-15,France,NA,Ile-de-France,12244807,563,203,14497,4140
2020-04-16,France,NA,Ile-de-France,12244807,486,179,14983,4319
2020-04-17,France,NA,Ile-de-France,12244807,494,191,15477,4510
2020-04-18,France,NA,Ile-de-France,12244807,100,154,15577,4664
2020-04-19,France,NA,Ile-de-France,12244807,21,92,15598,4756
2020-04-20,France,NA,Ile-de-France,12244807,286,186,15884,4942
2020-04-21,France,NA,Ile-de-France,12244807,324,152,16208,5094
2020-04-22,France,NA,Ile-de-France,12244807,301,125,16509,5219
2020-04-23,France,NA,Ile-de-France,12244807,229,111,16738,5330
2020-04-24,France,NA,Ile-de-France,12244807,243,122,16981,5452
2020-04-25,France,NA,Ile-de-France,12244807,30,64,17011,5516
2020-04-26,France,NA,Ile-de-France,12244807,4,62,17015,5578
2020-04-27,France,NA,Ile-de-France,12244807,95,112,17110,5690
2020-04-28,France,NA,Ile-de-France,12244807,125,97,17235,5787
2020-04-29,France,NA,Ile-de-France,12244807,98,151,17333,5938
2020-04-30,France,NA,Ile-de-France,12244807,118,70,17451,6008
2020-05-01,France,NA,Ile-de-France,12244807,3,39,17454,6047
2020-05-02,France,NA,Ile-de-France,12244807,29,38,17483,6085
2020-05-03,France,NA,Ile-de-France,12244807,5,31,17488,6116
2020-05-04,France,NA,Ile-de-France,12244807,98,92,17586,6208
2020-05-05,France,NA,Ile-de-France,12244807,49,77,17635,6285
2020-05-06,France,NA,Ile-de-France,12244807,65,62,17700,6347
2020-05-07,France,NA,Ile-de-France,12244807,51,43,17751,6390
2020-05-08,France,NA,Ile-de-France,12244807,3,31,17754,6421
2020-05-09,France,NA,Ile-de-France,12244807,18,30,17772,6451
2020-05-10,France,NA,Ile-de-France,12244807,7,23,17779,6474
2020-05-11,France,NA,Ile-de-France,12244807,61,54,17840,6528
2020-05-12,France,NA,Ile-de-France,12244807,68,66,17908,6594
2020-05-13,France,NA,Ile-de-France,12244807,283,33,18191,6627
2020-05-14,France,NA,Ile-de-France,12244807,334,36,18525,6663
2020-05-15,France,NA,Ile-de-France,12244807,272,31,18797,6694
2020-05-16,France,NA,Ile-de-France,12244807,63,16,18860,6710
2020-05-17,France,NA,Ile-de-France,12244807,52,17,18912,6727
2020-05-18,France,NA,Ile-de-France,12244807,321,39,19233,6766
2020-05-19,France,NA,Ile-de-France,12244807,310,50,19543,6816
2020-05-20,France,NA,Ile-de-France,12244807,291,28,19834,6844
2020-05-21,France,NA,Ile-de-France,12244807,41,23,19875,6867
2020-05-22,France,NA,Ile-de-France,12244807,195,31,20070,6898
2020-05-23,France,NA,Ile-de-France,12244807,52,9,20122,6907
2020-05-24,France,NA,Ile-de-France,12244807,29,11,20151,6918
2020-05-25,France,NA,Ile-de-France,12244807,224,32,20375,6950
2020-05-26,France,NA,Ile-de-France,12244807,255,38,20630,6988
2020-05-27,France,NA,Ile-de-France,12244807,244,26,20874,7014
2020-05-28,France,NA,Ile-de-France,12244807,177,23,21051,7037
2020-05-29,France,NA,Ile-de-France,12244807,169,16,21220,7053
2020-05-30,France,NA,Ile-de-France,12244807,68,38,21288,7091
2020-05-31,France,NA,Ile-de-France,12244807,29,15,21317,7106
2020-06-01,France,NA,Ile-de-France,12244807,33,13,21350,7119
2020-06-02,France,NA,Ile-de-France,12244807,213,28,21563,7147
2020-06-03,France,NA,Ile-de-France,12244807,171,35,21734,7182
2020-06-04,France,NA,Ile-de-France,12244807,177,12,21911,7194
2020-06-05,France,NA,Ile-de-France,12244807,156,11,22067,7205
2020-06-06,France,NA,Ile-de-France,12244807,70,20,22137,7225
2020-06-07,France,NA,Ile-de-France,12244807,26,5,22163,7230
2020-06-08,France,NA,Ile-de-France,12244807,137,14,22300,7244
2020-06-09,France,NA,Ile-de-France,12244807,142,30,22442,7274
2020-06-10,France,NA,Ile-de-France,12244807,146,9,22588,7283
2020-06-11,France,NA,Ile-de-France,12244807,103,12,22691,7295
2020-06-12,France,NA,Ile-de-France,12244807,156,15,22847,7310
2020-06-13,France,NA,Ile-de-France,12244807,35,15,22882,7325
2020-06-14,France,NA,Ile-de-France,12244807,17,3,22899,7328
2020-06-15,France,NA,Ile-de-France,12244807,117,11,23016,7339
2020-06-16,France,NA,Ile-de-France,12244807,128,19,23144,7358
2020-06-17,France,NA,Ile-de-France,12244807,157,11,23301,7369
2020-06-18,France,NA,Ile-de-France,12244807,146,4,23447,7373
2020-06-19,France,NA,Ile-de-France,12244807,146,2,23593,7375
2020-06-20,France,NA,Ile-de-France,12244807,40,8,23633,7383
2020-06-21,France,NA,Ile-de-France,12244807,24,2,23657,7385
2020-06-22,France,NA,Ile-de-France,12244807,155,8,23812,7393
2020-06-23,France,NA,Ile-de-France,12244807,134,14,23946,7407
2020-06-24,France,NA,Ile-de-France,12244807,131,0,24077,7407
2020-06-25,France,NA,Ile-de-France,12244807,124,7,24201,7414
2020-06-26,France,NA,Ile-de-France,12244807,148,11,24349,7425
2020-06-27,France,NA,Ile-de-France,12244807,46,2,24395,7427
2020-06-28,France,NA,Ile-de-France,12244807,21,0,24416,7427
2020-06-29,France,NA,Ile-de-France,12244807,141,4,24557,7431
2020-06-30,France,NA,Ile-de-France,12244807,147,10,24704,7441
2020-07-01,France,NA,Ile-de-France,12244807,129,2,24833,7443
2020-07-02,France,NA,Ile-de-France,12244807,132,5,24965,7448
2020-07-03,France,NA,Ile-de-France,12244807,196,6,25161,7454
2020-07-04,France,NA,Ile-de-France,12244807,62,6,25223,7460
2020-07-05,France,NA,Ile-de-France,12244807,22,0,25245,7460
2020-07-06,France,NA,Ile-de-France,12244807,183,4,25428,7464
2020-07-07,France,NA,Ile-de-France,12244807,142,16,25570,7480
2020-07-08,France,NA,Ile-de-France,12244807,159,9,25729,7489
2020-07-09,France,NA,Ile-de-France,12244807,197,5,25926,7494
2020-07-10,France,NA,Ile-de-France,12244807,193,2,26119,7496
2020-07-11,France,NA,Ile-de-France,12244807,73,2,26192,7498
2020-07-12,France,NA,Ile-de-France,12244807,14,0,26206,7498
2020-07-13,France,NA,Ile-de-France,12244807,235,8,26441,7506
2020-07-14,France,NA,Ile-de-France,12244807,33,2,26474,7508
2020-07-15,France,NA,Ile-de-France,12244807,242,5,26716,7513
2020-07-16,France,NA,Ile-de-France,12244807,284,6,27000,7519
2020-07-17,France,NA,Ile-de-France,12244807,279,1,27279,7520
2020-07-18,France,NA,Ile-de-France,12244807,121,3,27400,7523
2020-07-19,France,NA,Ile-de-France,12244807,30,0,27430,7523
2020-07-20,France,NA,Ile-de-France,12244807,322,5,27752,7528
2020-07-21,France,NA,Ile-de-France,12244807,333,5,28085,7533
2020-07-22,France,NA,Ile-de-France,12244807,353,0,28438,7533
2020-07-23,France,NA,Ile-de-France,12244807,335,5,28773,7538
2020-07-24,France,NA,Ile-de-France,12244807,326,3,29099,7541
2020-07-25,France,NA,Ile-de-France,12244807,156,4,29255,7545
2020-07-26,France,NA,Ile-de-France,12244807,61,0,29316,7545
2020-07-27,France,NA,Ile-de-France,12244807,491,2,29807,7547
2020-07-28,France,NA,Ile-de-France,12244807,490,9,30297,7556
2020-07-29,France,NA,Ile-de-France,12244807,573,7,30870,7563
2020-07-30,France,NA,Ile-de-France,12244807,529,4,31399,7567
2020-07-31,France,NA,Ile-de-France,12244807,553,2,31952,7569
2020-08-01,France,NA,Ile-de-France,12244807,249,1,32201,7570
2020-08-02,France,NA,Ile-de-France,12244807,108,1,32309,7571
2020-08-03,France,NA,Ile-de-France,12244807,691,12,33000,7583
2020-08-04,France,NA,Ile-de-France,12244807,744,4,33744,7587
2020-08-05,France,NA,Ile-de-France,12244807,712,4,34456,7591
2020-08-06,France,NA,Ile-de-France,12244807,759,4,35215,7595
2020-08-07,France,NA,Ile-de-France,12244807,844,8,36059,7603
2020-08-08,France,NA,Ile-de-France,12244807,352,1,36411,7604
2020-08-09,France,NA,Ile-de-France,12244807,230,0,36641,7604
2020-08-10,France,NA,Ile-de-France,12244807,938,4,37579,7608
2020-08-11,France,NA,Ile-de-France,12244807,896,3,38475,7611
2020-08-12,France,NA,Ile-de-France,12244807,940,9,39415,7620
2020-08-13,France,NA,Ile-de-France,12244807,1154,4,40569,7624
2020-08-14,France,NA,Ile-de-France,12244807,1157,3,41726,7627
2020-08-15,France,NA,Ile-de-France,12244807,214,1,41940,7628
2020-08-16,France,NA,Ile-de-France,12244807,223,0,42163,7628
2020-08-17,France,NA,Ile-de-France,12244807,1398,8,43561,7636
2020-08-18,France,NA,Ile-de-France,12244807,1329,8,44890,7644
2020-08-19,France,NA,Ile-de-France,12244807,1390,6,46280,7650
2020-08-20,France,NA,Ile-de-France,12244807,1544,6,47824,7656
2020-08-21,France,NA,Ile-de-France,12244807,1481,15,49305,7671
2020-08-22,France,NA,Ile-de-France,12244807,595,5,49900,7676
2020-08-23,France,NA,Ile-de-France,12244807,315,1,50215,7677
2020-08-24,France,NA,Ile-de-France,12244807,2156,2,52371,7679
2020-08-25,France,NA,Ile-de-France,12244807,2124,2,54495,7681
2020-08-26,France,NA,Ile-de-France,12244807,2146,12,56641,7693
2020-08-27,France,NA,Ile-de-France,12244807,2257,6,58898,7699
2020-08-28,France,NA,Ile-de-France,12244807,2450,6,61348,7705
2020-08-29,France,NA,Ile-de-France,12244807,760,1,62108,7706
2020-08-30,France,NA,Ile-de-France,12244807,372,2,62480,7708
2020-08-31,France,NA,Ile-de-France,12244807,2825,11,65305,7719
2020-09-01,France,NA,Ile-de-France,12244807,2591,6,67896,7725
2020-09-02,France,NA,Ile-de-France,12244807,2417,14,70313,7739
2020-09-03,France,NA,Ile-de-France,12244807,2494,7,72807,7746
2020-09-04,France,NA,Ile-de-France,12244807,2326,6,75133,7752
2020-09-05,France,NA,Ile-de-France,12244807,981,1,76114,7753
2020-09-06,France,NA,Ile-de-France,12244807,340,0,76454,7753
2020-09-07,France,NA,Ile-de-France,12244807,2657,5,79111,7758
2020-09-08,France,NA,Ile-de-France,12244807,2352,8,81463,7766
2020-09-09,France,NA,Ile-de-France,12244807,2227,7,83690,7773
2020-09-10,France,NA,Ile-de-France,12244807,2177,6,85867,7779
2020-09-11,France,NA,Ile-de-France,12244807,1701,5,87568,7784
2020-09-12,France,NA,Ile-de-France,12244807,430,6,87998,7790
2020-03-19,France,NA,Normandy,3313340,6,2,12,5
2020-03-20,France,NA,Normandy,3313340,15,2,27,7
2020-03-21,France,NA,Normandy,3313340,6,0,33,7
2020-03-22,France,NA,Normandy,3313340,2,2,35,8
2020-03-23,France,NA,Normandy,3313340,40,1,75,9
2020-03-24,France,NA,Normandy,3313340,52,6,127,15
2020-03-25,France,NA,Normandy,3313340,47,3,174,18
2020-03-26,France,NA,Normandy,3313340,52,2,226,20
2020-03-27,France,NA,Normandy,3313340,36,4,262,24
2020-03-28,France,NA,Normandy,3313340,4,2,266,26
2020-03-29,France,NA,Normandy,3313340,0,6,266,32
2020-03-30,France,NA,Normandy,3313340,58,10,324,42
2020-03-31,France,NA,Normandy,3313340,43,20,367,62
2020-04-01,France,NA,Normandy,3313340,38,7,405,69
2020-04-02,France,NA,Normandy,3313340,34,12,439,81
2020-04-03,France,NA,Normandy,3313340,70,12,509,93
2020-04-04,France,NA,Normandy,3313340,2,6,511,99
2020-04-05,France,NA,Normandy,3313340,2,12,513,111
2020-04-06,France,NA,Normandy,3313340,62,16,575,127
2020-04-07,France,NA,Normandy,3313340,86,20,661,147
2020-04-08,France,NA,Normandy,3313340,52,18,713,165
2020-04-09,France,NA,Normandy,3313340,64,14,777,179
2020-04-10,France,NA,Normandy,3313340,82,9,859,188
2020-04-11,France,NA,Normandy,3313340,4,8,863,196
2020-04-12,France,NA,Normandy,3313340,14,5,877,201
2020-04-13,France,NA,Normandy,3313340,1,10,878,211
2020-04-14,France,NA,Normandy,3313340,70,19,948,230
2020-04-15,France,NA,Normandy,3313340,57,12,1005,242
2020-04-16,France,NA,Normandy,3313340,56,10,1061,252
2020-04-17,France,NA,Normandy,3313340,36,10,1097,262
2020-04-18,France,NA,Normandy,3313340,8,5,1105,267
2020-04-19,France,NA,Normandy,3313340,2,7,1107,274
2020-04-20,France,NA,Normandy,3313340,31,9,1138,283
2020-04-21,France,NA,Normandy,3313340,16,9,1154,292
2020-04-22,France,NA,Normandy,3313340,27,7,1181,299
2020-04-23,France,NA,Normandy,3313340,25,8,1206,307
2020-04-24,France,NA,Normandy,3313340,17,5,1223,312
2020-04-25,France,NA,Normandy,3313340,3,2,1226,314
2020-04-26,France,NA,Normandy,3313340,0,5,1226,319
2020-04-27,France,NA,Normandy,3313340,15,5,1241,324
2020-04-28,France,NA,Normandy,3313340,12,7,1253,331
2020-04-29,France,NA,Normandy,3313340,16,12,1269,343
2020-04-30,France,NA,Normandy,3313340,11,3,1280,346
2020-05-01,France,NA,Normandy,3313340,0,1,1280,347
2020-05-02,France,NA,Normandy,3313340,2,3,1282,350
2020-05-03,France,NA,Normandy,3313340,0,1,1282,351
2020-05-04,France,NA,Normandy,3313340,13,8,1295,359
2020-05-05,France,NA,Normandy,3313340,7,4,1302,363
2020-05-06,France,NA,Normandy,3313340,7,2,1309,365
2020-05-07,France,NA,Normandy,3313340,3,2,1312,367
2020-05-08,France,NA,Normandy,3313340,1,3,1313,370
2020-05-09,France,NA,Normandy,3313340,2,0,1315,370
2020-05-10,France,NA,Normandy,3313340,0,1,1315,371
2020-05-11,France,NA,Normandy,3313340,10,9,1325,380
2020-05-12,France,NA,Normandy,3313340,5,3,1330,383
2020-05-13,France,NA,Normandy,3313340,37,4,1367,387
2020-05-14,France,NA,Normandy,3313340,26,4,1393,391
2020-05-15,France,NA,Normandy,3313340,23,2,1416,393
2020-05-16,France,NA,Normandy,3313340,6,1,1422,394
2020-05-17,France,NA,Normandy,3313340,8,0,1430,394
2020-05-18,France,NA,Normandy,3313340,28,3,1458,397
2020-05-19,France,NA,Normandy,3313340,20,7,1478,404
2020-05-20,France,NA,Normandy,3313340,13,1,1491,405
2020-05-21,France,NA,Normandy,3313340,5,2,1496,407
2020-05-22,France,NA,Normandy,3313340,16,0,1512,407
2020-05-23,France,NA,Normandy,3313340,6,1,1518,408
2020-05-24,France,NA,Normandy,3313340,4,0,1522,408
2020-05-25,France,NA,Normandy,3313340,11,5,1533,413
2020-05-26,France,NA,Normandy,3313340,12,4,1545,417
2020-05-27,France,NA,Normandy,3313340,8,1,1553,418
2020-05-28,France,NA,Normandy,3313340,6,0,1559,418
2020-05-29,France,NA,Normandy,3313340,9,2,1568,420
2020-05-30,France,NA,Normandy,3313340,2,0,1570,420
2020-05-31,France,NA,Normandy,3313340,2,0,1572,420
2020-06-01,France,NA,Normandy,3313340,5,0,1577,420
2020-06-02,France,NA,Normandy,3313340,9,0,1586,420
2020-06-03,France,NA,Normandy,3313340,6,1,1592,421
2020-06-04,France,NA,Normandy,3313340,9,0,1601,421
2020-06-05,France,NA,Normandy,3313340,5,1,1606,422
2020-06-06,France,NA,Normandy,3313340,8,0,1614,422
2020-06-07,France,NA,Normandy,3313340,2,1,1616,423
2020-06-08,France,NA,Normandy,3313340,8,2,1624,425
2020-06-09,France,NA,Normandy,3313340,9,0,1633,425
2020-06-10,France,NA,Normandy,3313340,7,0,1640,425
2020-06-11,France,NA,Normandy,3313340,12,0,1652,425
2020-06-12,France,NA,Normandy,3313340,14,0,1666,425
2020-06-13,France,NA,Normandy,3313340,13,0,1679,425
2020-06-14,France,NA,Normandy,3313340,7,0,1686,425
2020-06-15,France,NA,Normandy,3313340,23,0,1709,425
2020-06-16,France,NA,Normandy,3313340,19,2,1728,427
2020-06-17,France,NA,Normandy,3313340,33,1,1761,428
2020-06-18,France,NA,Normandy,3313340,24,0,1785,428
2020-06-19,France,NA,Normandy,3313340,19,0,1804,428
2020-06-20,France,NA,Normandy,3313340,20,0,1824,428
2020-06-21,France,NA,Normandy,3313340,4,0,1828,428
2020-06-22,France,NA,Normandy,3313340,26,2,1854,430
2020-06-23,France,NA,Normandy,3313340,25,0,1879,430
2020-06-24,France,NA,Normandy,3313340,21,0,1900,430
2020-06-25,France,NA,Normandy,3313340,23,1,1923,431
2020-06-26,France,NA,Normandy,3313340,17,0,1940,431
2020-06-27,France,NA,Normandy,3313340,10,0,1950,431
2020-06-28,France,NA,Normandy,3313340,11,0,1961,431
2020-06-29,France,NA,Normandy,3313340,24,1,1985,432
2020-06-30,France,NA,Normandy,3313340,32,1,2017,433
2020-07-01,France,NA,Normandy,3313340,21,1,2038,434
2020-07-02,France,NA,Normandy,3313340,20,0,2058,434
2020-07-03,France,NA,Normandy,3313340,24,0,2082,434
2020-07-04,France,NA,Normandy,3313340,13,0,2095,434
2020-07-05,France,NA,Normandy,3313340,5,0,2100,434
2020-07-06,France,NA,Normandy,3313340,15,0,2115,434
2020-07-07,France,NA,Normandy,3313340,30,0,2145,434
2020-07-08,France,NA,Normandy,3313340,15,0,2160,434
2020-07-09,France,NA,Normandy,3313340,22,0,2182,434
2020-07-10,France,NA,Normandy,3313340,13,1,2195,435
2020-07-11,France,NA,Normandy,3313340,8,0,2203,435
2020-07-12,France,NA,Normandy,3313340,5,0,2208,435
2020-07-13,France,NA,Normandy,3313340,19,1,2227,436
2020-07-14,France,NA,Normandy,3313340,7,0,2234,436
2020-07-15,France,NA,Normandy,3313340,10,0,2244,436
2020-07-16,France,NA,Normandy,3313340,27,2,2271,438
2020-07-17,France,NA,Normandy,3313340,22,1,2293,439
2020-07-18,France,NA,Normandy,3313340,4,1,2297,440
2020-07-19,France,NA,Normandy,3313340,3,0,2300,440
2020-07-20,France,NA,Normandy,3313340,18,0,2318,440
2020-07-21,France,NA,Normandy,3313340,18,0,2336,440
2020-07-22,France,NA,Normandy,3313340,15,0,2351,440
2020-07-23,France,NA,Normandy,3313340,25,0,2376,440
2020-07-24,France,NA,Normandy,3313340,15,0,2391,440
2020-07-25,France,NA,Normandy,3313340,8,1,2399,440
2020-07-26,France,NA,Normandy,3313340,8,0,2407,440
2020-07-27,France,NA,Normandy,3313340,16,0,2423,440
2020-07-28,France,NA,Normandy,3313340,19,0,2442,440
2020-07-29,France,NA,Normandy,3313340,23,0,2465,440
2020-07-30,France,NA,Normandy,3313340,16,0,2481,440
2020-07-31,France,NA,Normandy,3313340,28,1,2509,440
2020-08-01,France,NA,Normandy,3313340,17,0,2526,440
2020-08-02,France,NA,Normandy,3313340,11,0,2537,440
2020-08-03,France,NA,Normandy,3313340,27,1,2564,441
2020-08-04,France,NA,Normandy,3313340,31,1,2595,442
2020-08-05,France,NA,Normandy,3313340,37,0,2632,442
2020-08-06,France,NA,Normandy,3313340,33,0,2665,442
2020-08-07,France,NA,Normandy,3313340,45,0,2710,442
2020-08-08,France,NA,Normandy,3313340,24,0,2734,442
2020-08-09,France,NA,Normandy,3313340,14,0,2748,442
2020-08-10,France,NA,Normandy,3313340,37,0,2785,442
2020-08-11,France,NA,Normandy,3313340,46,0,2831,442
2020-08-12,France,NA,Normandy,3313340,43,1,2874,443
2020-08-13,France,NA,Normandy,3313340,48,0,2922,443
2020-08-14,France,NA,Normandy,3313340,66,2,2988,445
2020-08-15,France,NA,Normandy,3313340,36,0,3024,445
2020-08-16,France,NA,Normandy,3313340,34,0,3058,445
2020-08-17,France,NA,Normandy,3313340,70,0,3128,445
2020-08-18,France,NA,Normandy,3313340,93,2,3221,447
2020-08-19,France,NA,Normandy,3313340,86,0,3307,447
2020-08-20,France,NA,Normandy,3313340,78,0,3385,447
2020-08-21,France,NA,Normandy,3313340,76,0,3461,447
2020-08-22,France,NA,Normandy,3313340,67,0,3528,447
2020-08-23,France,NA,Normandy,3313340,20,0,3548,447
2020-08-24,France,NA,Normandy,3313340,117,0,3665,447
2020-08-25,France,NA,Normandy,3313340,166,0,3831,447
2020-08-26,France,NA,Normandy,3313340,153,0,3984,447
2020-08-27,France,NA,Normandy,3313340,226,0,4210,447
2020-08-28,France,NA,Normandy,3313340,184,1,4394,447
2020-08-29,France,NA,Normandy,3313340,123,0,4517,447
2020-08-30,France,NA,Normandy,3313340,91,0,4608,447
2020-08-31,France,NA,Normandy,3313340,249,0,4857,447
2020-09-01,France,NA,Normandy,3313340,202,1,5059,448
2020-09-02,France,NA,Normandy,3313340,225,0,5284,448
2020-09-03,France,NA,Normandy,3313340,261,0,5545,448
2020-09-04,France,NA,Normandy,3313340,261,0,5806,448
2020-09-05,France,NA,Normandy,3313340,122,0,5928,448
2020-09-06,France,NA,Normandy,3313340,175,0,6103,448
2020-09-07,France,NA,Normandy,3313340,329,0,6432,448
2020-09-08,France,NA,Normandy,3313340,289,1,6721,449
2020-09-09,France,NA,Normandy,3313340,284,0,7005,449
2020-09-10,France,NA,Normandy,3313340,280,0,7285,449
2020-09-11,France,NA,Normandy,3313340,254,0,7539,449
2020-09-12,France,NA,Normandy,3313340,111,0,7650,449
2020-03-17,France,NA,Nouvelle-Aquitaine,5986318,10,0,17,0
2020-03-18,France,NA,Nouvelle-Aquitaine,5986318,9,0,26,2
2020-03-19,France,NA,Nouvelle-Aquitaine,5986318,10,1,36,3
2020-03-20,France,NA,Nouvelle-Aquitaine,5986318,12,1,48,4
2020-03-21,France,NA,Nouvelle-Aquitaine,5986318,4,1,52,5
2020-03-22,France,NA,Nouvelle-Aquitaine,5986318,5,3,57,8
2020-03-23,France,NA,Nouvelle-Aquitaine,5986318,34,5,91,13
2020-03-24,France,NA,Nouvelle-Aquitaine,5986318,42,3,133,16
2020-03-25,France,NA,Nouvelle-Aquitaine,5986318,27,9,160,25
2020-03-26,France,NA,Nouvelle-Aquitaine,5986318,31,9,191,34
2020-03-27,France,NA,Nouvelle-Aquitaine,5986318,40,8,231,42
2020-03-28,France,NA,Nouvelle-Aquitaine,5986318,9,8,240,50
2020-03-29,France,NA,Nouvelle-Aquitaine,5986318,0,8,240,58
2020-03-30,France,NA,Nouvelle-Aquitaine,5986318,61,14,301,72
2020-03-31,France,NA,Nouvelle-Aquitaine,5986318,53,6,354,78
2020-04-01,France,NA,Nouvelle-Aquitaine,5986318,38,4,392,82
2020-04-02,France,NA,Nouvelle-Aquitaine,5986318,38,12,430,94
2020-04-03,France,NA,Nouvelle-Aquitaine,5986318,39,6,469,100
2020-04-04,France,NA,Nouvelle-Aquitaine,5986318,3,11,472,111
2020-04-05,France,NA,Nouvelle-Aquitaine,5986318,1,9,473,120
2020-04-06,France,NA,Nouvelle-Aquitaine,5986318,44,18,517,138
2020-04-07,France,NA,Nouvelle-Aquitaine,5986318,29,14,546,152
2020-04-08,France,NA,Nouvelle-Aquitaine,5986318,29,13,575,165
2020-04-09,France,NA,Nouvelle-Aquitaine,5986318,22,8,597,173
2020-04-10,France,NA,Nouvelle-Aquitaine,5986318,31,1,628,174
2020-04-11,France,NA,Nouvelle-Aquitaine,5986318,3,6,631,180
2020-04-12,France,NA,Nouvelle-Aquitaine,5986318,0,10,631,190
2020-04-13,France,NA,Nouvelle-Aquitaine,5986318,1,4,632,194
2020-04-14,France,NA,Nouvelle-Aquitaine,5986318,62,13,694,207
2020-04-15,France,NA,Nouvelle-Aquitaine,5986318,11,7,705,214
2020-04-16,France,NA,Nouvelle-Aquitaine,5986318,28,6,733,220
2020-04-17,France,NA,Nouvelle-Aquitaine,5986318,16,13,749,233
2020-04-18,France,NA,Nouvelle-Aquitaine,5986318,18,8,767,241
2020-04-19,France,NA,Nouvelle-Aquitaine,5986318,1,6,768,247
2020-04-20,France,NA,Nouvelle-Aquitaine,5986318,6,12,774,259
2020-04-21,France,NA,Nouvelle-Aquitaine,5986318,35,7,809,266
2020-04-22,France,NA,Nouvelle-Aquitaine,5986318,21,1,830,267
2020-04-23,France,NA,Nouvelle-Aquitaine,5986318,11,10,841,277
2020-04-24,France,NA,Nouvelle-Aquitaine,5986318,6,8,847,285
2020-04-25,France,NA,Nouvelle-Aquitaine,5986318,1,4,848,289
2020-04-26,France,NA,Nouvelle-Aquitaine,5986318,0,5,848,294
2020-04-27,France,NA,Nouvelle-Aquitaine,5986318,5,7,853,301
2020-04-28,France,NA,Nouvelle-Aquitaine,5986318,2,1,855,302
2020-04-29,France,NA,Nouvelle-Aquitaine,5986318,12,11,867,313
2020-04-30,France,NA,Nouvelle-Aquitaine,5986318,5,11,872,324
2020-05-01,France,NA,Nouvelle-Aquitaine,5986318,0,0,872,324
2020-05-02,France,NA,Nouvelle-Aquitaine,5986318,0,3,872,327
2020-05-03,France,NA,Nouvelle-Aquitaine,5986318,0,2,872,329
2020-05-04,France,NA,Nouvelle-Aquitaine,5986318,3,7,875,336
2020-05-05,France,NA,Nouvelle-Aquitaine,5986318,9,0,884,336
2020-05-06,France,NA,Nouvelle-Aquitaine,5986318,4,6,888,342
2020-05-07,France,NA,Nouvelle-Aquitaine,5986318,4,5,892,347
2020-05-08,France,NA,Nouvelle-Aquitaine,5986318,0,1,892,348
2020-05-09,France,NA,Nouvelle-Aquitaine,5986318,0,3,892,351
2020-05-10,France,NA,Nouvelle-Aquitaine,5986318,0,2,892,353
2020-05-11,France,NA,Nouvelle-Aquitaine,5986318,23,5,915,358
2020-05-12,France,NA,Nouvelle-Aquitaine,5986318,14,4,929,362
2020-05-13,France,NA,Nouvelle-Aquitaine,5986318,38,2,967,364
2020-05-14,France,NA,Nouvelle-Aquitaine,5986318,23,3,990,367
2020-05-15,France,NA,Nouvelle-Aquitaine,5986318,30,3,1020,370
2020-05-16,France,NA,Nouvelle-Aquitaine,5986318,8,1,1028,371
2020-05-17,France,NA,Nouvelle-Aquitaine,5986318,2,2,1030,373
2020-05-18,France,NA,Nouvelle-Aquitaine,5986318,52,3,1082,376
2020-05-19,France,NA,Nouvelle-Aquitaine,5986318,77,1,1159,377
2020-05-20,France,NA,Nouvelle-Aquitaine,5986318,61,3,1220,380
2020-05-21,France,NA,Nouvelle-Aquitaine,5986318,1,0,1221,380
2020-05-22,France,NA,Nouvelle-Aquitaine,5986318,56,1,1277,381
2020-05-23,France,NA,Nouvelle-Aquitaine,5986318,20,1,1297,382
2020-05-24,France,NA,Nouvelle-Aquitaine,5986318,0,0,1297,382
2020-05-25,France,NA,Nouvelle-Aquitaine,5986318,29,3,1326,385
2020-05-26,France,NA,Nouvelle-Aquitaine,5986318,43,3,1369,388
2020-05-27,France,NA,Nouvelle-Aquitaine,5986318,42,2,1411,390
2020-05-28,France,NA,Nouvelle-Aquitaine,5986318,24,4,1435,394
2020-05-29,France,NA,Nouvelle-Aquitaine,5986318,14,0,1449,394
2020-05-30,France,NA,Nouvelle-Aquitaine,5986318,14,0,1463,394
2020-05-31,France,NA,Nouvelle-Aquitaine,5986318,1,1,1464,395
2020-06-01,France,NA,Nouvelle-Aquitaine,5986318,5,0,1469,395
2020-06-02,France,NA,Nouvelle-Aquitaine,5986318,12,3,1481,398
2020-06-03,France,NA,Nouvelle-Aquitaine,5986318,24,2,1505,400
2020-06-04,France,NA,Nouvelle-Aquitaine,5986318,10,0,1515,400
2020-06-05,France,NA,Nouvelle-Aquitaine,5986318,8,1,1523,401
2020-06-06,France,NA,Nouvelle-Aquitaine,5986318,7,2,1530,403
2020-06-07,France,NA,Nouvelle-Aquitaine,5986318,1,0,1531,403
2020-06-08,France,NA,Nouvelle-Aquitaine,5986318,6,0,1537,403
2020-06-09,France,NA,Nouvelle-Aquitaine,5986318,7,2,1544,405
2020-06-10,France,NA,Nouvelle-Aquitaine,5986318,14,1,1558,406
2020-06-11,France,NA,Nouvelle-Aquitaine,5986318,12,1,1570,407
2020-06-12,France,NA,Nouvelle-Aquitaine,5986318,9,1,1579,408
2020-06-13,France,NA,Nouvelle-Aquitaine,5986318,7,0,1586,408
2020-06-14,France,NA,Nouvelle-Aquitaine,5986318,1,0,1587,408
2020-06-15,France,NA,Nouvelle-Aquitaine,5986318,2,2,1589,410
2020-06-16,France,NA,Nouvelle-Aquitaine,5986318,2,1,1591,411
2020-06-17,France,NA,Nouvelle-Aquitaine,5986318,4,0,1595,411
2020-06-18,France,NA,Nouvelle-Aquitaine,5986318,14,1,1609,412
2020-06-19,France,NA,Nouvelle-Aquitaine,5986318,16,0,1625,412
2020-06-20,France,NA,Nouvelle-Aquitaine,5986318,6,0,1631,412
2020-06-21,France,NA,Nouvelle-Aquitaine,5986318,3,0,1634,412
2020-06-22,France,NA,Nouvelle-Aquitaine,5986318,8,0,1642,412
2020-06-23,France,NA,Nouvelle-Aquitaine,5986318,12,0,1654,412
2020-06-24,France,NA,Nouvelle-Aquitaine,5986318,7,0,1661,412
2020-06-25,France,NA,Nouvelle-Aquitaine,5986318,2,0,1663,412
2020-06-26,France,NA,Nouvelle-Aquitaine,5986318,14,1,1677,413
2020-06-27,France,NA,Nouvelle-Aquitaine,5986318,3,5,1680,418
2020-06-28,France,NA,Nouvelle-Aquitaine,5986318,4,0,1684,418
2020-06-29,France,NA,Nouvelle-Aquitaine,5986318,6,0,1690,418
2020-06-30,France,NA,Nouvelle-Aquitaine,5986318,12,0,1702,418
2020-07-01,France,NA,Nouvelle-Aquitaine,5986318,23,0,1725,418
2020-07-02,France,NA,Nouvelle-Aquitaine,5986318,12,1,1737,419
2020-07-03,France,NA,Nouvelle-Aquitaine,5986318,11,1,1748,420
2020-07-04,France,NA,Nouvelle-Aquitaine,5986318,7,1,1755,421
2020-07-05,France,NA,Nouvelle-Aquitaine,5986318,2,0,1757,421
2020-07-06,France,NA,Nouvelle-Aquitaine,5986318,13,0,1770,421
2020-07-07,France,NA,Nouvelle-Aquitaine,5986318,14,0,1784,421
2020-07-08,France,NA,Nouvelle-Aquitaine,5986318,35,0,1819,421
2020-07-09,France,NA,Nouvelle-Aquitaine,5986318,11,0,1830,421
2020-07-10,France,NA,Nouvelle-Aquitaine,5986318,26,1,1856,422
2020-07-11,France,NA,Nouvelle-Aquitaine,5986318,4,0,1860,422
2020-07-12,France,NA,Nouvelle-Aquitaine,5986318,1,0,1861,422
2020-07-13,France,NA,Nouvelle-Aquitaine,5986318,16,1,1877,423
2020-07-14,France,NA,Nouvelle-Aquitaine,5986318,4,0,1881,423
2020-07-15,France,NA,Nouvelle-Aquitaine,5986318,29,0,1910,423
2020-07-16,France,NA,Nouvelle-Aquitaine,5986318,30,1,1940,424
2020-07-17,France,NA,Nouvelle-Aquitaine,5986318,45,0,1985,424
2020-07-18,France,NA,Nouvelle-Aquitaine,5986318,17,0,2002,424
2020-07-19,France,NA,Nouvelle-Aquitaine,5986318,6,0,2008,424
2020-07-20,France,NA,Nouvelle-Aquitaine,5986318,19,0,2027,424
2020-07-21,France,NA,Nouvelle-Aquitaine,5986318,26,0,2053,424
2020-07-22,France,NA,Nouvelle-Aquitaine,5986318,43,0,2096,424
2020-07-23,France,NA,Nouvelle-Aquitaine,5986318,32,0,2128,424
2020-07-24,France,NA,Nouvelle-Aquitaine,5986318,48,0,2176,424
2020-07-25,France,NA,Nouvelle-Aquitaine,5986318,12,0,2188,424
2020-07-26,France,NA,Nouvelle-Aquitaine,5986318,6,0,2194,424
2020-07-27,France,NA,Nouvelle-Aquitaine,5986318,32,0,2226,424
2020-07-28,France,NA,Nouvelle-Aquitaine,5986318,23,0,2249,424
2020-07-29,France,NA,Nouvelle-Aquitaine,5986318,25,1,2274,425
2020-07-30,France,NA,Nouvelle-Aquitaine,5986318,28,0,2302,425
2020-07-31,France,NA,Nouvelle-Aquitaine,5986318,28,0,2330,425
2020-08-01,France,NA,Nouvelle-Aquitaine,5986318,23,0,2353,425
2020-08-02,France,NA,Nouvelle-Aquitaine,5986318,5,0,2358,425
2020-08-03,France,NA,Nouvelle-Aquitaine,5986318,42,0,2400,425
2020-08-04,France,NA,Nouvelle-Aquitaine,5986318,39,1,2439,426
2020-08-05,France,NA,Nouvelle-Aquitaine,5986318,40,0,2479,426
2020-08-06,France,NA,Nouvelle-Aquitaine,5986318,67,0,2546,426
2020-08-07,France,NA,Nouvelle-Aquitaine,5986318,62,1,2608,427
2020-08-08,France,NA,Nouvelle-Aquitaine,5986318,20,0,2628,427
2020-08-09,France,NA,Nouvelle-Aquitaine,5986318,12,0,2640,427
2020-08-10,France,NA,Nouvelle-Aquitaine,5986318,92,1,2732,428
2020-08-11,France,NA,Nouvelle-Aquitaine,5986318,91,0,2823,428
2020-08-12,France,NA,Nouvelle-Aquitaine,5986318,115,0,2938,428
2020-08-13,France,NA,Nouvelle-Aquitaine,5986318,142,1,3080,429
2020-08-14,France,NA,Nouvelle-Aquitaine,5986318,132,0,3212,429
2020-08-15,France,NA,Nouvelle-Aquitaine,5986318,43,0,3255,429
2020-08-16,France,NA,Nouvelle-Aquitaine,5986318,42,0,3297,429
2020-08-17,France,NA,Nouvelle-Aquitaine,5986318,230,1,3527,430
2020-08-18,France,NA,Nouvelle-Aquitaine,5986318,337,0,3864,430
2020-08-19,France,NA,Nouvelle-Aquitaine,5986318,305,0,4169,430
2020-08-20,France,NA,Nouvelle-Aquitaine,5986318,319,0,4488,430
2020-08-21,France,NA,Nouvelle-Aquitaine,5986318,314,0,4802,430
2020-08-22,France,NA,Nouvelle-Aquitaine,5986318,221,0,5023,430
2020-08-23,France,NA,Nouvelle-Aquitaine,5986318,143,0,5166,430
2020-08-24,France,NA,Nouvelle-Aquitaine,5986318,440,1,5606,431
2020-08-25,France,NA,Nouvelle-Aquitaine,5986318,490,0,6096,431
2020-08-26,France,NA,Nouvelle-Aquitaine,5986318,509,1,6605,432
2020-08-27,France,NA,Nouvelle-Aquitaine,5986318,627,0,7232,432
2020-08-28,France,NA,Nouvelle-Aquitaine,5986318,568,1,7800,433
2020-08-29,France,NA,Nouvelle-Aquitaine,5986318,289,0,8089,433
2020-08-30,France,NA,Nouvelle-Aquitaine,5986318,152,0,8241,433
2020-08-31,France,NA,Nouvelle-Aquitaine,5986318,697,1,8938,434
2020-09-01,France,NA,Nouvelle-Aquitaine,5986318,776,0,9714,434
2020-09-02,France,NA,Nouvelle-Aquitaine,5986318,850,2,10564,436
2020-09-03,France,NA,Nouvelle-Aquitaine,5986318,752,1,11316,437
2020-09-04,France,NA,Nouvelle-Aquitaine,5986318,816,1,12132,438
2020-09-05,France,NA,Nouvelle-Aquitaine,5986318,312,0,12444,438
2020-09-06,France,NA,Nouvelle-Aquitaine,5986318,157,0,12601,438
2020-09-07,France,NA,Nouvelle-Aquitaine,5986318,839,2,13440,440
2020-09-08,France,NA,Nouvelle-Aquitaine,5986318,757,1,14197,441
2020-09-09,France,NA,Nouvelle-Aquitaine,5986318,712,1,14909,442
2020-09-10,France,NA,Nouvelle-Aquitaine,5986318,788,0,15697,442
2020-09-11,France,NA,Nouvelle-Aquitaine,5986318,668,2,16365,444
2020-09-12,France,NA,Nouvelle-Aquitaine,5986318,218,0,16583,444
2020-03-17,France,NA,Occitanie,5899209,11,0,21,0
2020-03-18,France,NA,Occitanie,5899209,28,0,49,6
2020-03-19,France,NA,Occitanie,5899209,46,11,95,17
2020-03-20,France,NA,Occitanie,5899209,60,4,155,21
2020-03-21,France,NA,Occitanie,5899209,13,3,168,24
2020-03-22,France,NA,Occitanie,5899209,19,1,187,25
2020-03-23,France,NA,Occitanie,5899209,105,7,292,32
2020-03-24,France,NA,Occitanie,5899209,109,7,401,39
2020-03-25,France,NA,Occitanie,5899209,104,7,505,46
2020-03-26,France,NA,Occitanie,5899209,124,8,629,54
2020-03-27,France,NA,Occitanie,5899209,100,7,729,61
2020-03-28,France,NA,Occitanie,5899209,34,7,763,68
2020-03-29,France,NA,Occitanie,5899209,5,8,768,76
2020-03-30,France,NA,Occitanie,5899209,132,6,900,82
2020-03-31,France,NA,Occitanie,5899209,101,9,1001,91
2020-04-01,France,NA,Occitanie,5899209,114,17,1115,108
2020-04-02,France,NA,Occitanie,5899209,97,11,1212,119
2020-04-03,France,NA,Occitanie,5899209,90,12,1302,131
2020-04-04,France,NA,Occitanie,5899209,22,17,1324,148
2020-04-05,France,NA,Occitanie,5899209,5,10,1329,158
2020-04-06,France,NA,Occitanie,5899209,86,14,1415,172
2020-04-07,France,NA,Occitanie,5899209,74,8,1489,180
2020-04-08,France,NA,Occitanie,5899209,83,15,1572,195
2020-04-09,France,NA,Occitanie,5899209,65,8,1637,203
2020-04-10,France,NA,Occitanie,5899209,100,19,1737,222
2020-04-11,France,NA,Occitanie,5899209,10,11,1747,233
2020-04-12,France,NA,Occitanie,5899209,2,6,1749,239
2020-04-13,France,NA,Occitanie,5899209,8,9,1757,248
2020-04-14,France,NA,Occitanie,5899209,85,18,1842,266
2020-04-15,France,NA,Occitanie,5899209,54,12,1896,278
2020-04-16,France,NA,Occitanie,5899209,53,3,1949,281
2020-04-17,France,NA,Occitanie,5899209,57,9,2006,290
2020-04-18,France,NA,Occitanie,5899209,10,2,2016,292
2020-04-19,France,NA,Occitanie,5899209,3,3,2019,295
2020-04-20,France,NA,Occitanie,5899209,49,17,2068,312
2020-04-21,France,NA,Occitanie,5899209,40,10,2108,322
2020-04-22,France,NA,Occitanie,5899209,32,6,2140,328
2020-04-23,France,NA,Occitanie,5899209,42,14,2182,342
2020-04-24,France,NA,Occitanie,5899209,36,14,2218,356
2020-04-25,France,NA,Occitanie,5899209,7,5,2225,361
2020-04-26,France,NA,Occitanie,5899209,5,1,2230,362
2020-04-27,France,NA,Occitanie,5899209,16,11,2246,373
2020-04-28,France,NA,Occitanie,5899209,21,7,2267,380
2020-04-29,France,NA,Occitanie,5899209,44,10,2311,390
2020-04-30,France,NA,Occitanie,5899209,20,11,2331,401
2020-05-01,France,NA,Occitanie,5899209,0,0,2331,401
2020-05-02,France,NA,Occitanie,5899209,6,15,2337,409
2020-05-03,France,NA,Occitanie,5899209,5,1,2342,410
2020-05-04,France,NA,Occitanie,5899209,45,14,2387,424
2020-05-05,France,NA,Occitanie,5899209,38,12,2425,436
2020-05-06,France,NA,Occitanie,5899209,19,5,2444,441
2020-05-07,France,NA,Occitanie,5899209,29,7,2473,448
2020-05-08,France,NA,Occitanie,5899209,3,2,2476,450
2020-05-09,France,NA,Occitanie,5899209,8,2,2484,452
2020-05-10,France,NA,Occitanie,5899209,8,1,2492,453
2020-05-11,France,NA,Occitanie,5899209,28,1,2520,454
2020-05-12,France,NA,Occitanie,5899209,22,5,2542,459
2020-05-13,France,NA,Occitanie,5899209,57,1,2599,460
2020-05-14,France,NA,Occitanie,5899209,89,5,2688,465
2020-05-15,France,NA,Occitanie,5899209,78,2,2766,467
2020-05-16,France,NA,Occitanie,5899209,10,2,2776,469
2020-05-17,France,NA,Occitanie,5899209,6,1,2782,470
2020-05-18,France,NA,Occitanie,5899209,85,2,2867,472
2020-05-19,France,NA,Occitanie,5899209,55,0,2922,472
2020-05-20,France,NA,Occitanie,5899209,51,6,2973,477
2020-05-21,France,NA,Occitanie,5899209,1,1,2974,478
2020-05-22,France,NA,Occitanie,5899209,24,3,2998,481
2020-05-23,France,NA,Occitanie,5899209,10,1,3008,482
2020-05-24,France,NA,Occitanie,5899209,7,1,3015,483
2020-05-25,France,NA,Occitanie,5899209,22,3,3037,486
2020-05-26,France,NA,Occitanie,5899209,18,2,3055,488
2020-05-27,France,NA,Occitanie,5899209,32,0,3087,488
2020-05-28,France,NA,Occitanie,5899209,13,3,3100,491
2020-05-29,France,NA,Occitanie,5899209,27,1,3127,492
2020-05-30,France,NA,Occitanie,5899209,11,0,3138,492
2020-05-31,France,NA,Occitanie,5899209,1,3,3139,495
2020-06-01,France,NA,Occitanie,5899209,2,1,3141,496
2020-06-02,France,NA,Occitanie,5899209,19,1,3160,497
2020-06-03,France,NA,Occitanie,5899209,16,2,3176,499
2020-06-04,France,NA,Occitanie,5899209,34,0,3210,499
2020-06-05,France,NA,Occitanie,5899209,18,2,3228,501
2020-06-06,France,NA,Occitanie,5899209,8,1,3236,502
2020-06-07,France,NA,Occitanie,5899209,1,0,3237,502
2020-06-08,France,NA,Occitanie,5899209,16,0,3253,502
2020-06-09,France,NA,Occitanie,5899209,43,1,3296,503
2020-06-10,France,NA,Occitanie,5899209,45,0,3341,503
2020-06-11,France,NA,Occitanie,5899209,48,1,3389,504
2020-06-12,France,NA,Occitanie,5899209,45,2,3434,506
2020-06-13,France,NA,Occitanie,5899209,4,0,3438,506
2020-06-14,France,NA,Occitanie,5899209,1,0,3439,506
2020-06-15,France,NA,Occitanie,5899209,14,2,3453,508
2020-06-16,France,NA,Occitanie,5899209,13,0,3466,508
2020-06-17,France,NA,Occitanie,5899209,15,0,3481,508
2020-06-18,France,NA,Occitanie,5899209,21,0,3502,508
2020-06-19,France,NA,Occitanie,5899209,37,0,3539,508
2020-06-20,France,NA,Occitanie,5899209,1,0,3540,508
2020-06-21,France,NA,Occitanie,5899209,3,0,3543,508
2020-06-22,France,NA,Occitanie,5899209,25,0,3568,508
2020-06-23,France,NA,Occitanie,5899209,21,0,3589,508
2020-06-24,France,NA,Occitanie,5899209,24,2,3613,510
2020-06-25,France,NA,Occitanie,5899209,12,1,3625,511
2020-06-26,France,NA,Occitanie,5899209,34,0,3659,511
2020-06-27,France,NA,Occitanie,5899209,5,0,3664,511
2020-06-28,France,NA,Occitanie,5899209,5,0,3669,511
2020-06-29,France,NA,Occitanie,5899209,27,0,3696,511
2020-06-30,France,NA,Occitanie,5899209,27,510,3723,512
2020-07-01,France,NA,Occitanie,5899209,25,0,3748,512
2020-07-02,France,NA,Occitanie,5899209,20,0,3768,512
2020-07-03,France,NA,Occitanie,5899209,21,0,3789,512
2020-07-04,France,NA,Occitanie,5899209,5,0,3794,512
2020-07-05,France,NA,Occitanie,5899209,3,0,3797,512
2020-07-06,France,NA,Occitanie,5899209,13,0,3810,512
2020-07-07,France,NA,Occitanie,5899209,15,0,3825,512
2020-07-08,France,NA,Occitanie,5899209,25,0,3850,512
2020-07-09,France,NA,Occitanie,5899209,32,0,3882,512
2020-07-10,France,NA,Occitanie,5899209,24,1,3906,513
2020-07-11,France,NA,Occitanie,5899209,7,0,3913,513
2020-07-12,France,NA,Occitanie,5899209,3,0,3916,513
2020-07-13,France,NA,Occitanie,5899209,22,0,3938,513
2020-07-14,France,NA,Occitanie,5899209,3,0,3941,513
2020-07-15,France,NA,Occitanie,5899209,23,0,3964,513
2020-07-16,France,NA,Occitanie,5899209,40,0,4004,513
2020-07-17,France,NA,Occitanie,5899209,38,0,4042,513
2020-07-18,France,NA,Occitanie,5899209,18,0,4060,513
2020-07-19,France,NA,Occitanie,5899209,2,0,4062,513
2020-07-20,France,NA,Occitanie,5899209,58,0,4120,513
2020-07-21,France,NA,Occitanie,5899209,63,0,4183,513
2020-07-22,France,NA,Occitanie,5899209,61,0,4244,513
2020-07-23,France,NA,Occitanie,5899209,84,0,4328,513
2020-07-24,France,NA,Occitanie,5899209,77,0,4405,513
2020-07-25,France,NA,Occitanie,5899209,38,0,4443,513
2020-07-26,France,NA,Occitanie,5899209,5,0,4448,513
2020-07-27,France,NA,Occitanie,5899209,68,0,4516,513
2020-07-28,France,NA,Occitanie,5899209,83,0,4599,513
2020-07-29,France,NA,Occitanie,5899209,101,1,4700,514
2020-07-30,France,NA,Occitanie,5899209,107,0,4807,514
2020-07-31,France,NA,Occitanie,5899209,117,0,4924,514
2020-08-01,France,NA,Occitanie,5899209,39,0,4963,514
2020-08-02,France,NA,Occitanie,5899209,16,0,4979,514
2020-08-03,France,NA,Occitanie,5899209,138,1,5117,515
2020-08-04,France,NA,Occitanie,5899209,134,0,5251,515
2020-08-05,France,NA,Occitanie,5899209,139,0,5390,515
2020-08-06,France,NA,Occitanie,5899209,180,0,5570,515
2020-08-07,France,NA,Occitanie,5899209,162,0,5732,515
2020-08-08,France,NA,Occitanie,5899209,71,0,5803,515
2020-08-09,France,NA,Occitanie,5899209,34,0,5837,515
2020-08-10,France,NA,Occitanie,5899209,190,0,6027,515
2020-08-11,France,NA,Occitanie,5899209,231,1,6258,516
2020-08-12,France,NA,Occitanie,5899209,303,0,6561,516
2020-08-13,France,NA,Occitanie,5899209,327,0,6888,516
2020-08-14,France,NA,Occitanie,5899209,342,0,7230,516
2020-08-15,France,NA,Occitanie,5899209,70,0,7300,516
2020-08-16,France,NA,Occitanie,5899209,41,0,7341,516
2020-08-17,France,NA,Occitanie,5899209,495,2,7836,518
2020-08-18,France,NA,Occitanie,5899209,521,0,8357,518
2020-08-19,France,NA,Occitanie,5899209,447,1,8804,519
2020-08-20,France,NA,Occitanie,5899209,509,1,9313,520
2020-08-21,France,NA,Occitanie,5899209,430,0,9743,520
2020-08-22,France,NA,Occitanie,5899209,195,0,9938,520
2020-08-23,France,NA,Occitanie,5899209,101,0,10039,520
2020-08-24,France,NA,Occitanie,5899209,569,1,10608,521
2020-08-25,France,NA,Occitanie,5899209,591,0,11199,521
2020-08-26,France,NA,Occitanie,5899209,531,0,11730,521
2020-08-27,France,NA,Occitanie,5899209,508,2,12238,523
2020-08-28,France,NA,Occitanie,5899209,605,1,12843,524
2020-08-29,France,NA,Occitanie,5899209,221,1,13064,525
2020-08-30,France,NA,Occitanie,5899209,125,0,13189,525
2020-08-31,France,NA,Occitanie,5899209,658,4,13847,529
2020-09-01,France,NA,Occitanie,5899209,699,1,14546,530
2020-09-02,France,NA,Occitanie,5899209,698,0,15244,530
2020-09-03,France,NA,Occitanie,5899209,898,0,16142,530
2020-09-04,France,NA,Occitanie,5899209,819,3,16961,533
2020-09-05,France,NA,Occitanie,5899209,296,1,17257,534
2020-09-06,France,NA,Occitanie,5899209,145,0,17402,534
2020-09-07,France,NA,Occitanie,5899209,1014,1,18416,535
2020-09-08,France,NA,Occitanie,5899209,985,1,19401,536
2020-09-09,France,NA,Occitanie,5899209,925,1,20326,537
2020-09-10,France,NA,Occitanie,5899209,873,1,21199,538
2020-09-11,France,NA,Occitanie,5899209,708,5,21907,543
2020-09-12,France,NA,Occitanie,5899209,249,1,22156,544
2020-03-22,France,NA,Pays de la Loire,3787400,1,1,11,4
2020-03-23,France,NA,Pays de la Loire,3787400,4,5,15,6
2020-03-24,France,NA,Pays de la Loire,3787400,1,4,16,6
2020-03-25,France,NA,Pays de la Loire,3787400,4,3,20,8
2020-03-26,France,NA,Pays de la Loire,3787400,9,8,29,12
2020-03-27,France,NA,Pays de la Loire,3787400,2,7,31,13
2020-03-28,France,NA,Pays de la Loire,3787400,2,11,33,13
2020-03-29,France,NA,Pays de la Loire,3787400,0,5,33,13
2020-03-30,France,NA,Pays de la Loire,3787400,6,11,39,16
2020-03-31,France,NA,Pays de la Loire,3787400,5,13,44,18
2020-04-01,France,NA,Pays de la Loire,3787400,6,11,50,21
2020-04-02,France,NA,Pays de la Loire,3787400,2,10,52,21
2020-04-03,France,NA,Pays de la Loire,3787400,2,17,54,22
2020-04-04,France,NA,Pays de la Loire,3787400,0,9,54,22
2020-04-05,France,NA,Pays de la Loire,3787400,0,5,54,22
2020-04-06,France,NA,Pays de la Loire,3787400,3,11,57,23
2020-04-07,France,NA,Pays de la Loire,3787400,0,10,57,23
2020-04-08,France,NA,Pays de la Loire,3787400,1,9,58,24
2020-04-09,France,NA,Pays de la Loire,3787400,0,5,58,24
2020-04-10,France,NA,Pays de la Loire,3787400,1,11,59,24
2020-04-11,France,NA,Pays de la Loire,3787400,0,9,59,24
2020-04-12,France,NA,Pays de la Loire,3787400,0,4,59,24
2020-04-13,France,NA,Pays de la Loire,3787400,0,10,59,24
2020-04-14,France,NA,Pays de la Loire,3787400,1,17,60,25
2020-04-15,France,NA,Pays de la Loire,3787400,1,13,61,25
2020-04-16,France,NA,Pays de la Loire,3787400,1,13,62,26
2020-04-17,France,NA,Pays de la Loire,3787400,1,7,63,26
2020-04-18,France,NA,Pays de la Loire,3787400,0,9,63,26
2020-04-19,France,NA,Pays de la Loire,3787400,0,7,63,26
2020-04-20,France,NA,Pays de la Loire,3787400,1,10,64,26
2020-04-21,France,NA,Pays de la Loire,3787400,2,8,66,27
2020-04-22,France,NA,Pays de la Loire,3787400,3,9,69,28
2020-04-23,France,NA,Pays de la Loire,3787400,0,6,69,28
2020-04-24,France,NA,Pays de la Loire,3787400,0,12,69,28
2020-04-25,France,NA,Pays de la Loire,3787400,0,4,69,28
2020-04-26,France,NA,Pays de la Loire,3787400,0,7,69,28
2020-04-27,France,NA,Pays de la Loire,3787400,2,9,71,29
2020-04-28,France,NA,Pays de la Loire,3787400,1,3,72,30
2020-04-29,France,NA,Pays de la Loire,3787400,0,10,72,30
2020-04-30,France,NA,Pays de la Loire,3787400,1,5,73,30
2020-05-01,France,NA,Pays de la Loire,3787400,0,2,73,30
2020-05-02,France,NA,Pays de la Loire,3787400,0,5,73,30
2020-05-03,France,NA,Pays de la Loire,3787400,0,3,73,30
2020-05-04,France,NA,Pays de la Loire,3787400,0,6,73,30
2020-05-05,France,NA,Pays de la Loire,3787400,1,5,74,31
2020-05-06,France,NA,Pays de la Loire,3787400,2,6,76,31
2020-05-07,France,NA,Pays de la Loire,3787400,0,4,76,31
2020-05-08,France,NA,Pays de la Loire,3787400,0,5,76,31
2020-05-09,France,NA,Pays de la Loire,3787400,0,5,76,31
2020-05-10,France,NA,Pays de la Loire,3787400,0,1,76,31
2020-05-11,France,NA,Pays de la Loire,3787400,0,2,76,31
2020-05-12,France,NA,Pays de la Loire,3787400,0,3,76,31
2020-05-13,France,NA,Pays de la Loire,3787400,22,0,98,41
2020-05-14,France,NA,Pays de la Loire,3787400,25,7,123,51
2020-05-15,France,NA,Pays de la Loire,3787400,37,6,160,67
2020-05-16,France,NA,Pays de la Loire,3787400,17,6,177,74
2020-05-17,France,NA,Pays de la Loire,3787400,5,0,182,76
2020-05-18,France,NA,Pays de la Loire,3787400,49,7,231,97
2020-05-19,France,NA,Pays de la Loire,3787400,42,1,273,114
2020-05-20,France,NA,Pays de la Loire,3787400,64,2,337,141
2020-05-21,France,NA,Pays de la Loire,3787400,18,3,355,149
2020-05-22,France,NA,Pays de la Loire,3787400,39,2,394,165
2020-05-23,France,NA,Pays de la Loire,3787400,9,3,403,169
2020-05-24,France,NA,Pays de la Loire,3787400,8,2,411,172
2020-05-25,France,NA,Pays de la Loire,3787400,24,2,435,182
2020-05-26,France,NA,Pays de la Loire,3787400,36,1,471,197
2020-05-27,France,NA,Pays de la Loire,3787400,56,4,527,221
2020-05-28,France,NA,Pays de la Loire,3787400,41,0,568,238
2020-05-29,France,NA,Pays de la Loire,3787400,41,3,609,255
2020-05-30,France,NA,Pays de la Loire,3787400,23,0,632,265
2020-05-31,France,NA,Pays de la Loire,3787400,18,2,650,273
2020-06-01,France,NA,Pays de la Loire,3787400,7,0,657,275
2020-06-02,France,NA,Pays de la Loire,3787400,49,2,706,296
2020-06-03,France,NA,Pays de la Loire,3787400,22,2,728,305
2020-06-04,France,NA,Pays de la Loire,3787400,19,2,747,313
2020-06-05,France,NA,Pays de la Loire,3787400,44,5,791,332
2020-06-06,France,NA,Pays de la Loire,3787400,12,0,803,337
2020-06-07,France,NA,Pays de la Loire,3787400,6,2,809,339
2020-06-08,France,NA,Pays de la Loire,3787400,29,2,838,351
2020-06-09,France,NA,Pays de la Loire,3787400,25,1,863,362
2020-06-10,France,NA,Pays de la Loire,3787400,27,1,890,373
2020-06-11,France,NA,Pays de la Loire,3787400,14,3,904,379
2020-06-12,France,NA,Pays de la Loire,3787400,24,1,928,389
2020-06-13,France,NA,Pays de la Loire,3787400,9,0,937,393
2020-06-14,France,NA,Pays de la Loire,3787400,1,1,938,393
2020-06-15,France,NA,Pays de la Loire,3787400,18,0,956,401
2020-06-16,France,NA,Pays de la Loire,3787400,23,0,979,411
2020-06-17,France,NA,Pays de la Loire,3787400,13,1,992,416
2020-06-18,France,NA,Pays de la Loire,3787400,17,2,1009,423
2020-06-19,France,NA,Pays de la Loire,3787400,21,0,1030,432
2020-06-20,France,NA,Pays de la Loire,3787400,15,0,1045,438
2020-06-21,France,NA,Pays de la Loire,3787400,1,1,1046,439
2020-06-22,France,NA,Pays de la Loire,3787400,15,0,1061,445
2020-06-23,France,NA,Pays de la Loire,3787400,15,0,1076,451
2020-06-24,France,NA,Pays de la Loire,3787400,16,2,1092,458
2020-06-25,France,NA,Pays de la Loire,3787400,11,0,1103,463
2020-06-26,France,NA,Pays de la Loire,3787400,16,0,1119,467
2020-06-27,France,NA,Pays de la Loire,3787400,13,0,1132,467
2020-06-28,France,NA,Pays de la Loire,3787400,3,0,1135,467
2020-06-29,France,NA,Pays de la Loire,3787400,48,0,1183,467
2020-06-30,France,NA,Pays de la Loire,3787400,48,0,1231,467
2020-07-01,France,NA,Pays de la Loire,3787400,34,1,1265,468
2020-07-02,France,NA,Pays de la Loire,3787400,28,1,1293,469
2020-07-03,France,NA,Pays de la Loire,3787400,30,0,1323,469
2020-07-04,France,NA,Pays de la Loire,3787400,20,0,1343,469
2020-07-05,France,NA,Pays de la Loire,3787400,5,0,1348,469
2020-07-06,France,NA,Pays de la Loire,3787400,25,0,1373,469
2020-07-07,France,NA,Pays de la Loire,3787400,25,1,1398,470
2020-07-08,France,NA,Pays de la Loire,3787400,44,0,1442,470
2020-07-09,France,NA,Pays de la Loire,3787400,35,0,1477,470
2020-07-10,France,NA,Pays de la Loire,3787400,76,0,1553,470
2020-07-11,France,NA,Pays de la Loire,3787400,52,0,1605,470
2020-07-12,France,NA,Pays de la Loire,3787400,16,0,1621,470
2020-07-13,France,NA,Pays de la Loire,3787400,84,0,1705,470
2020-07-14,France,NA,Pays de la Loire,3787400,14,0,1719,470
2020-07-15,France,NA,Pays de la Loire,3787400,62,0,1781,470
2020-07-16,France,NA,Pays de la Loire,3787400,61,0,1842,470
2020-07-17,France,NA,Pays de la Loire,3787400,107,0,1949,470
2020-07-18,France,NA,Pays de la Loire,3787400,63,1,2012,471
2020-07-19,France,NA,Pays de la Loire,3787400,24,0,2036,471
2020-07-20,France,NA,Pays de la Loire,3787400,125,0,2161,471
2020-07-21,France,NA,Pays de la Loire,3787400,127,3,2288,474
2020-07-22,France,NA,Pays de la Loire,3787400,113,1,2401,475
2020-07-23,France,NA,Pays de la Loire,3787400,142,0,2543,475
2020-07-24,France,NA,Pays de la Loire,3787400,126,0,2669,475
2020-07-25,France,NA,Pays de la Loire,3787400,49,0,2718,475
2020-07-26,France,NA,Pays de la Loire,3787400,11,0,2729,475
2020-07-27,France,NA,Pays de la Loire,3787400,79,0,2808,475
2020-07-28,France,NA,Pays de la Loire,3787400,89,0,2897,475
2020-07-29,France,NA,Pays de la Loire,3787400,76,0,2973,475
2020-07-30,France,NA,Pays de la Loire,3787400,73,1,3046,476
2020-07-31,France,NA,Pays de la Loire,3787400,100,0,3146,476
2020-08-01,France,NA,Pays de la Loire,3787400,50,0,3196,476
2020-08-02,France,NA,Pays de la Loire,3787400,12,0,3208,476
2020-08-03,France,NA,Pays de la Loire,3787400,83,1,3291,477
2020-08-04,France,NA,Pays de la Loire,3787400,100,0,3391,477
2020-08-05,France,NA,Pays de la Loire,3787400,100,1,3491,478
2020-08-06,France,NA,Pays de la Loire,3787400,101,0,3592,478
2020-08-07,France,NA,Pays de la Loire,3787400,111,0,3703,478
2020-08-08,France,NA,Pays de la Loire,3787400,40,0,3743,478
2020-08-09,France,NA,Pays de la Loire,3787400,16,0,3759,478
2020-08-10,France,NA,Pays de la Loire,3787400,109,2,3868,480
2020-08-11,France,NA,Pays de la Loire,3787400,94,0,3962,480
2020-08-12,France,NA,Pays de la Loire,3787400,104,1,4066,481
2020-08-13,France,NA,Pays de la Loire,3787400,153,2,4219,483
2020-08-14,France,NA,Pays de la Loire,3787400,222,0,4441,483
2020-08-15,France,NA,Pays de la Loire,3787400,59,0,4500,483
2020-08-16,France,NA,Pays de la Loire,3787400,63,0,4563,483
2020-08-17,France,NA,Pays de la Loire,3787400,179,2,4742,485
2020-08-18,France,NA,Pays de la Loire,3787400,185,0,4927,485
2020-08-19,France,NA,Pays de la Loire,3787400,226,2,5153,487
2020-08-20,France,NA,Pays de la Loire,3787400,191,0,5344,487
2020-08-21,France,NA,Pays de la Loire,3787400,164,0,5508,487
2020-08-22,France,NA,Pays de la Loire,3787400,57,1,5565,488
2020-08-23,France,NA,Pays de la Loire,3787400,27,0,5592,488
2020-08-24,France,NA,Pays de la Loire,3787400,178,1,5770,489
2020-08-25,France,NA,Pays de la Loire,3787400,177,0,5947,489
2020-08-26,France,NA,Pays de la Loire,3787400,156,1,6103,490
2020-08-27,France,NA,Pays de la Loire,3787400,177,0,6280,490
2020-08-28,France,NA,Pays de la Loire,3787400,231,2,6511,492
2020-08-29,France,NA,Pays de la Loire,3787400,89,0,6600,492
2020-08-30,France,NA,Pays de la Loire,3787400,26,0,6626,492
2020-08-31,France,NA,Pays de la Loire,3787400,257,0,6883,492
2020-09-01,France,NA,Pays de la Loire,3787400,273,0,7156,492
2020-09-02,France,NA,Pays de la Loire,3787400,289,1,7445,493
2020-09-03,France,NA,Pays de la Loire,3787400,329,1,7774,494
2020-09-04,France,NA,Pays de la Loire,3787400,377,1,8151,495
2020-09-05,France,NA,Pays de la Loire,3787400,169,1,8320,496
2020-09-06,France,NA,Pays de la Loire,3787400,20,0,8340,496
2020-09-07,France,NA,Pays de la Loire,3787400,404,3,8744,499
2020-09-08,France,NA,Pays de la Loire,3787400,341,0,9085,499
2020-09-09,France,NA,Pays de la Loire,3787400,375,0,9460,499
2020-09-10,France,NA,Pays de la Loire,3787400,309,0,9769,499
2020-09-11,France,NA,Pays de la Loire,3787400,295,2,10064,501
2020-09-12,France,NA,Pays de la Loire,3787400,127,0,10191,501
2020-03-17,France,NA,Provence-Alpes-Cote d'Azur,5048405,7,0,16,0
2020-03-18,France,NA,Provence-Alpes-Cote d'Azur,5048405,25,0,41,7
2020-03-19,France,NA,Provence-Alpes-Cote d'Azur,5048405,35,2,76,9
2020-03-20,France,NA,Provence-Alpes-Cote d'Azur,5048405,46,2,122,11
2020-03-21,France,NA,Provence-Alpes-Cote d'Azur,5048405,11,2,133,13
2020-03-22,France,NA,Provence-Alpes-Cote d'Azur,5048405,4,1,137,14
2020-03-23,France,NA,Provence-Alpes-Cote d'Azur,5048405,165,6,302,20
2020-03-24,France,NA,Provence-Alpes-Cote d'Azur,5048405,217,6,519,26
2020-03-25,France,NA,Provence-Alpes-Cote d'Azur,5048405,197,7,716,33
2020-03-26,France,NA,Provence-Alpes-Cote d'Azur,5048405,219,11,935,44
2020-03-27,France,NA,Provence-Alpes-Cote d'Azur,5048405,239,4,1174,48
2020-03-28,France,NA,Provence-Alpes-Cote d'Azur,5048405,26,7,1200,55
2020-03-29,France,NA,Provence-Alpes-Cote d'Azur,5048405,5,10,1205,65
2020-03-30,France,NA,Provence-Alpes-Cote d'Azur,5048405,289,15,1494,80
2020-03-31,France,NA,Provence-Alpes-Cote d'Azur,5048405,195,23,1689,103
2020-04-01,France,NA,Provence-Alpes-Cote d'Azur,5048405,156,21,1845,124
2020-04-02,France,NA,Provence-Alpes-Cote d'Azur,5048405,148,17,1993,141
2020-04-03,France,NA,Provence-Alpes-Cote d'Azur,5048405,119,20,2112,161
2020-04-04,France,NA,Provence-Alpes-Cote d'Azur,5048405,20,17,2132,178
2020-04-05,France,NA,Provence-Alpes-Cote d'Azur,5048405,4,17,2136,195
2020-04-06,France,NA,Provence-Alpes-Cote d'Azur,5048405,196,36,2332,231
2020-04-07,France,NA,Provence-Alpes-Cote d'Azur,5048405,141,22,2473,253
2020-04-08,France,NA,Provence-Alpes-Cote d'Azur,5048405,210,16,2683,269
2020-04-09,France,NA,Provence-Alpes-Cote d'Azur,5048405,148,17,2831,286
2020-04-10,France,NA,Provence-Alpes-Cote d'Azur,5048405,208,13,3039,299
2020-04-11,France,NA,Provence-Alpes-Cote d'Azur,5048405,24,18,3063,317
2020-04-12,France,NA,Provence-Alpes-Cote d'Azur,5048405,2,11,3065,328
2020-04-13,France,NA,Provence-Alpes-Cote d'Azur,5048405,10,20,3075,348
2020-04-14,France,NA,Provence-Alpes-Cote d'Azur,5048405,154,26,3229,374
2020-04-15,France,NA,Provence-Alpes-Cote d'Azur,5048405,132,19,3361,393
2020-04-16,France,NA,Provence-Alpes-Cote d'Azur,5048405,94,28,3455,421
2020-04-17,France,NA,Provence-Alpes-Cote d'Azur,5048405,81,26,3536,447
2020-04-18,France,NA,Provence-Alpes-Cote d'Azur,5048405,14,16,3550,463
2020-04-19,France,NA,Provence-Alpes-Cote d'Azur,5048405,0,7,3550,470
2020-04-20,France,NA,Provence-Alpes-Cote d'Azur,5048405,63,29,3613,499
2020-04-21,France,NA,Provence-Alpes-Cote d'Azur,5048405,46,27,3659,526
2020-04-22,France,NA,Provence-Alpes-Cote d'Azur,5048405,55,35,3714,561
2020-04-23,France,NA,Provence-Alpes-Cote d'Azur,5048405,44,14,3758,575
2020-04-24,France,NA,Provence-Alpes-Cote d'Azur,5048405,31,35,3789,610
2020-04-25,France,NA,Provence-Alpes-Cote d'Azur,5048405,7,15,3796,625
2020-04-26,France,NA,Provence-Alpes-Cote d'Azur,5048405,0,6,3796,631
2020-04-27,France,NA,Provence-Alpes-Cote d'Azur,5048405,39,25,3835,656
2020-04-28,France,NA,Provence-Alpes-Cote d'Azur,5048405,25,9,3860,665
2020-04-29,France,NA,Provence-Alpes-Cote d'Azur,5048405,35,17,3895,682
2020-04-30,France,NA,Provence-Alpes-Cote d'Azur,5048405,25,14,3920,696
2020-05-01,France,NA,Provence-Alpes-Cote d'Azur,5048405,0,8,3920,704
2020-05-02,France,NA,Provence-Alpes-Cote d'Azur,5048405,5,4,3925,708
2020-05-03,France,NA,Provence-Alpes-Cote d'Azur,5048405,0,5,3925,713
2020-05-04,France,NA,Provence-Alpes-Cote d'Azur,5048405,24,19,3949,732
2020-05-05,France,NA,Provence-Alpes-Cote d'Azur,5048405,64,14,4013,746
2020-05-06,France,NA,Provence-Alpes-Cote d'Azur,5048405,31,10,4044,756
2020-05-07,France,NA,Provence-Alpes-Cote d'Azur,5048405,16,8,4060,764
2020-05-08,France,NA,Provence-Alpes-Cote d'Azur,5048405,3,6,4063,770
2020-05-09,France,NA,Provence-Alpes-Cote d'Azur,5048405,1,3,4064,773
2020-05-10,France,NA,Provence-Alpes-Cote d'Azur,5048405,0,4,4064,777
2020-05-11,France,NA,Provence-Alpes-Cote d'Azur,5048405,20,20,4084,797
2020-05-12,France,NA,Provence-Alpes-Cote d'Azur,5048405,18,8,4102,805
2020-05-13,France,NA,Provence-Alpes-Cote d'Azur,5048405,86,11,4188,816
2020-05-14,France,NA,Provence-Alpes-Cote d'Azur,5048405,93,8,4281,824
2020-05-15,France,NA,Provence-Alpes-Cote d'Azur,5048405,74,7,4355,831
2020-05-16,France,NA,Provence-Alpes-Cote d'Azur,5048405,15,5,4370,836
2020-05-17,France,NA,Provence-Alpes-Cote d'Azur,5048405,6,4,4376,840
2020-05-18,France,NA,Provence-Alpes-Cote d'Azur,5048405,119,9,4495,849
2020-05-19,France,NA,Provence-Alpes-Cote d'Azur,5048405,59,6,4554,855
2020-05-20,France,NA,Provence-Alpes-Cote d'Azur,5048405,61,7,4615,862
2020-05-21,France,NA,Provence-Alpes-Cote d'Azur,5048405,9,7,4624,869
2020-05-22,France,NA,Provence-Alpes-Cote d'Azur,5048405,42,5,4666,874
2020-05-23,France,NA,Provence-Alpes-Cote d'Azur,5048405,12,2,4678,876
2020-05-24,France,NA,Provence-Alpes-Cote d'Azur,5048405,4,2,4682,878
2020-05-25,France,NA,Provence-Alpes-Cote d'Azur,5048405,41,6,4723,884
2020-05-26,France,NA,Provence-Alpes-Cote d'Azur,5048405,42,5,4765,889
2020-05-27,France,NA,Provence-Alpes-Cote d'Azur,5048405,40,1,4805,890
2020-05-28,France,NA,Provence-Alpes-Cote d'Azur,5048405,48,3,4853,893
2020-05-29,France,NA,Provence-Alpes-Cote d'Azur,5048405,18,5,4871,898
2020-05-30,France,NA,Provence-Alpes-Cote d'Azur,5048405,11,0,4882,898
2020-05-31,France,NA,Provence-Alpes-Cote d'Azur,5048405,21,0,4903,898
2020-06-01,France,NA,Provence-Alpes-Cote d'Azur,5048405,8,0,4911,898
2020-06-02,France,NA,Provence-Alpes-Cote d'Azur,5048405,50,10,4961,908
2020-06-03,France,NA,Provence-Alpes-Cote d'Azur,5048405,61,3,5022,911
2020-06-04,France,NA,Provence-Alpes-Cote d'Azur,5048405,90,1,5112,912
2020-06-05,France,NA,Provence-Alpes-Cote d'Azur,5048405,47,1,5159,913
2020-06-06,France,NA,Provence-Alpes-Cote d'Azur,5048405,21,0,5180,913
2020-06-07,France,NA,Provence-Alpes-Cote d'Azur,5048405,6,0,5186,913
2020-06-08,France,NA,Provence-Alpes-Cote d'Azur,5048405,40,4,5226,917
2020-06-09,France,NA,Provence-Alpes-Cote d'Azur,5048405,39,2,5265,919
2020-06-10,France,NA,Provence-Alpes-Cote d'Azur,5048405,38,1,5303,920
2020-06-11,France,NA,Provence-Alpes-Cote d'Azur,5048405,61,2,5364,922
2020-06-12,France,NA,Provence-Alpes-Cote d'Azur,5048405,39,1,5403,923
2020-06-13,France,NA,Provence-Alpes-Cote d'Azur,5048405,9,0,5412,923
2020-06-14,France,NA,Provence-Alpes-Cote d'Azur,5048405,4,0,5416,923
2020-06-15,France,NA,Provence-Alpes-Cote d'Azur,5048405,38,2,5454,925
2020-06-16,France,NA,Provence-Alpes-Cote d'Azur,5048405,31,2,5485,927
2020-06-17,France,NA,Provence-Alpes-Cote d'Azur,5048405,24,0,5509,927
2020-06-18,France,NA,Provence-Alpes-Cote d'Azur,5048405,23,2,5532,929
2020-06-19,France,NA,Provence-Alpes-Cote d'Azur,5048405,20,4,5552,933
2020-06-20,France,NA,Provence-Alpes-Cote d'Azur,5048405,3,2,5555,935
2020-06-21,France,NA,Provence-Alpes-Cote d'Azur,5048405,5,0,5560,935
2020-06-22,France,NA,Provence-Alpes-Cote d'Azur,5048405,10,1,5570,936
2020-06-23,France,NA,Provence-Alpes-Cote d'Azur,5048405,16,4,5586,940
2020-06-24,France,NA,Provence-Alpes-Cote d'Azur,5048405,19,1,5605,941
2020-06-25,France,NA,Provence-Alpes-Cote d'Azur,5048405,11,1,5616,942
2020-06-26,France,NA,Provence-Alpes-Cote d'Azur,5048405,19,1,5635,943
2020-06-27,France,NA,Provence-Alpes-Cote d'Azur,5048405,8,0,5643,943
2020-06-28,France,NA,Provence-Alpes-Cote d'Azur,5048405,1,0,5644,943
2020-06-29,France,NA,Provence-Alpes-Cote d'Azur,5048405,39,0,5683,943
2020-06-30,France,NA,Provence-Alpes-Cote d'Azur,5048405,19,730,5702,949
2020-07-01,France,NA,Provence-Alpes-Cote d'Azur,5048405,16,0,5718,949
2020-07-02,France,NA,Provence-Alpes-Cote d'Azur,5048405,22,0,5740,949
2020-07-03,France,NA,Provence-Alpes-Cote d'Azur,5048405,36,3,5776,952
2020-07-04,France,NA,Provence-Alpes-Cote d'Azur,5048405,12,0,5788,952
2020-07-05,France,NA,Provence-Alpes-Cote d'Azur,5048405,1,0,5789,952
2020-07-06,France,NA,Provence-Alpes-Cote d'Azur,5048405,34,0,5823,952
2020-07-07,France,NA,Provence-Alpes-Cote d'Azur,5048405,30,0,5853,952
2020-07-08,France,NA,Provence-Alpes-Cote d'Azur,5048405,52,0,5905,952
2020-07-09,France,NA,Provence-Alpes-Cote d'Azur,5048405,74,0,5979,952
2020-07-10,France,NA,Provence-Alpes-Cote d'Azur,5048405,36,0,6015,952
2020-07-11,France,NA,Provence-Alpes-Cote d'Azur,5048405,18,0,6033,952
2020-07-12,France,NA,Provence-Alpes-Cote d'Azur,5048405,3,1,6036,953
2020-07-13,France,NA,Provence-Alpes-Cote d'Azur,5048405,60,1,6096,954
2020-07-14,France,NA,Provence-Alpes-Cote d'Azur,5048405,6,0,6102,954
2020-07-15,France,NA,Provence-Alpes-Cote d'Azur,5048405,54,0,6156,954
2020-07-16,France,NA,Provence-Alpes-Cote d'Azur,5048405,35,1,6191,955
2020-07-17,France,NA,Provence-Alpes-Cote d'Azur,5048405,43,2,6234,957
2020-07-18,France,NA,Provence-Alpes-Cote d'Azur,5048405,26,0,6260,957
2020-07-19,France,NA,Provence-Alpes-Cote d'Azur,5048405,9,0,6269,957
2020-07-20,France,NA,Provence-Alpes-Cote d'Azur,5048405,64,1,6333,958
2020-07-21,France,NA,Provence-Alpes-Cote d'Azur,5048405,79,1,6412,959
2020-07-22,France,NA,Provence-Alpes-Cote d'Azur,5048405,73,0,6485,959
2020-07-23,France,NA,Provence-Alpes-Cote d'Azur,5048405,62,0,6547,959
2020-07-24,France,NA,Provence-Alpes-Cote d'Azur,5048405,105,2,6652,961
2020-07-25,France,NA,Provence-Alpes-Cote d'Azur,5048405,34,0,6686,961
2020-07-26,France,NA,Provence-Alpes-Cote d'Azur,5048405,15,0,6701,961
2020-07-27,France,NA,Provence-Alpes-Cote d'Azur,5048405,126,1,6827,962
2020-07-28,France,NA,Provence-Alpes-Cote d'Azur,5048405,108,1,6935,963
2020-07-29,France,NA,Provence-Alpes-Cote d'Azur,5048405,145,1,7080,964
2020-07-30,France,NA,Provence-Alpes-Cote d'Azur,5048405,186,1,7266,965
2020-07-31,France,NA,Provence-Alpes-Cote d'Azur,5048405,175,1,7441,966
2020-08-01,France,NA,Provence-Alpes-Cote d'Azur,5048405,104,0,7545,966
2020-08-02,France,NA,Provence-Alpes-Cote d'Azur,5048405,16,0,7561,966
2020-08-03,France,NA,Provence-Alpes-Cote d'Azur,5048405,297,0,7858,966
2020-08-04,France,NA,Provence-Alpes-Cote d'Azur,5048405,284,1,8142,967
2020-08-05,France,NA,Provence-Alpes-Cote d'Azur,5048405,299,0,8441,967
2020-08-06,France,NA,Provence-Alpes-Cote d'Azur,5048405,296,0,8737,967
2020-08-07,France,NA,Provence-Alpes-Cote d'Azur,5048405,354,0,9091,967
2020-08-08,France,NA,Provence-Alpes-Cote d'Azur,5048405,139,0,9230,967
2020-08-09,France,NA,Provence-Alpes-Cote d'Azur,5048405,23,0,9253,967
2020-08-10,France,NA,Provence-Alpes-Cote d'Azur,5048405,557,2,9810,969
2020-08-11,France,NA,Provence-Alpes-Cote d'Azur,5048405,441,1,10251,970
2020-08-12,France,NA,Provence-Alpes-Cote d'Azur,5048405,499,0,10750,970
2020-08-13,France,NA,Provence-Alpes-Cote d'Azur,5048405,600,1,11350,970
2020-08-14,France,NA,Provence-Alpes-Cote d'Azur,5048405,738,2,12088,972
2020-08-15,France,NA,Provence-Alpes-Cote d'Azur,5048405,84,0,12172,972
2020-08-16,France,NA,Provence-Alpes-Cote d'Azur,5048405,64,0,12236,972
2020-08-17,France,NA,Provence-Alpes-Cote d'Azur,5048405,1013,1,13249,972
2020-08-18,France,NA,Provence-Alpes-Cote d'Azur,5048405,786,3,14035,975
2020-08-19,France,NA,Provence-Alpes-Cote d'Azur,5048405,1058,2,15093,977
2020-08-20,France,NA,Provence-Alpes-Cote d'Azur,5048405,894,4,15987,981
2020-08-21,France,NA,Provence-Alpes-Cote d'Azur,5048405,964,2,16951,983
2020-08-22,France,NA,Provence-Alpes-Cote d'Azur,5048405,332,1,17283,984
2020-08-23,France,NA,Provence-Alpes-Cote d'Azur,5048405,93,0,17376,984
2020-08-24,France,NA,Provence-Alpes-Cote d'Azur,5048405,1380,1,18756,985
2020-08-25,France,NA,Provence-Alpes-Cote d'Azur,5048405,1206,1,19962,986
2020-08-26,France,NA,Provence-Alpes-Cote d'Azur,5048405,1031,2,20993,988
2020-08-27,France,NA,Provence-Alpes-Cote d'Azur,5048405,1181,0,22174,988
2020-08-28,France,NA,Provence-Alpes-Cote d'Azur,5048405,1209,0,23383,988
2020-08-29,France,NA,Provence-Alpes-Cote d'Azur,5048405,455,0,23838,988
2020-08-30,France,NA,Provence-Alpes-Cote d'Azur,5048405,105,1,23943,989
2020-08-31,France,NA,Provence-Alpes-Cote d'Azur,5048405,1560,4,25503,993
2020-09-01,France,NA,Provence-Alpes-Cote d'Azur,5048405,1256,2,26759,995
2020-09-02,France,NA,Provence-Alpes-Cote d'Azur,5048405,1236,0,27995,995
2020-09-03,France,NA,Provence-Alpes-Cote d'Azur,5048405,1297,4,29292,999
2020-09-04,France,NA,Provence-Alpes-Cote d'Azur,5048405,1393,4,30685,1003
2020-09-05,France,NA,Provence-Alpes-Cote d'Azur,5048405,426,2,31111,1005
2020-09-06,France,NA,Provence-Alpes-Cote d'Azur,5048405,144,0,31255,1005
2020-09-07,France,NA,Provence-Alpes-Cote d'Azur,5048405,1573,7,32828,1012
2020-09-08,France,NA,Provence-Alpes-Cote d'Azur,5048405,1295,5,34123,1017
2020-09-09,France,NA,Provence-Alpes-Cote d'Azur,5048405,1350,8,35473,1025
2020-09-10,France,NA,Provence-Alpes-Cote d'Azur,5048405,1203,4,36676,1029
2020-09-11,France,NA,Provence-Alpes-Cote d'Azur,5048405,1098,7,37774,1036
2020-09-12,France,NA,Provence-Alpes-Cote d'Azur,5048405,453,7,38227,1043
2020-04-08,India,NA,Andaman and Nicobar Islands,356152,1,0,11,0
2020-04-09,India,NA,Andaman and Nicobar Islands,356152,0,0,11,0
2020-04-10,India,NA,Andaman and Nicobar Islands,356152,0,0,11,0
2020-04-11,India,NA,Andaman and Nicobar Islands,356152,0,0,11,0
2020-04-12,India,NA,Andaman and Nicobar Islands,356152,0,0,11,0
2020-04-13,India,NA,Andaman and Nicobar Islands,356152,0,0,11,0
2020-04-14,India,NA,Andaman and Nicobar Islands,356152,0,0,11,0
2020-04-15,India,NA,Andaman and Nicobar Islands,356152,0,0,11,0
2020-04-16,India,NA,Andaman and Nicobar Islands,356152,0,0,11,0
2020-04-17,India,NA,Andaman and Nicobar Islands,356152,1,0,12,0
2020-04-18,India,NA,Andaman and Nicobar Islands,356152,2,0,14,0
2020-04-19,India,NA,Andaman and Nicobar Islands,356152,1,0,15,0
2020-04-20,India,NA,Andaman and Nicobar Islands,356152,1,0,16,0
2020-04-21,India,NA,Andaman and Nicobar Islands,356152,1,0,17,0
2020-04-22,India,NA,Andaman and Nicobar Islands,356152,1,0,18,0
2020-04-23,India,NA,Andaman and Nicobar Islands,356152,4,0,22,0
2020-04-24,India,NA,Andaman and Nicobar Islands,356152,7,0,29,0
2020-04-25,India,NA,Andaman and Nicobar Islands,356152,4,0,33,0
2020-04-26,India,NA,Andaman and Nicobar Islands,356152,0,0,33,0
2020-04-27,India,NA,Andaman and Nicobar Islands,356152,0,0,33,0
2020-04-28,India,NA,Andaman and Nicobar Islands,356152,0,0,33,0
2020-04-29,India,NA,Andaman and Nicobar Islands,356152,0,0,33,0
2020-04-30,India,NA,Andaman and Nicobar Islands,356152,0,0,33,0
2020-05-01,India,NA,Andaman and Nicobar Islands,356152,0,0,33,0
2020-05-02,India,NA,Andaman and Nicobar Islands,356152,0,0,33,0
2020-05-03,India,NA,Andaman and Nicobar Islands,356152,0,0,33,0
2020-05-04,India,NA,Andaman and Nicobar Islands,356152,0,0,33,0
2020-05-05,India,NA,Andaman and Nicobar Islands,356152,0,0,33,0
2020-05-06,India,NA,Andaman and Nicobar Islands,356152,0,0,33,0
2020-05-07,India,NA,Andaman and Nicobar Islands,356152,0,0,33,0
2020-05-08,India,NA,Andaman and Nicobar Islands,356152,0,0,33,0
2020-05-09,India,NA,Andaman and Nicobar Islands,356152,0,0,33,0
2020-05-10,India,NA,Andaman and Nicobar Islands,356152,0,0,33,0
2020-05-11,India,NA,Andaman and Nicobar Islands,356152,0,0,33,0
2020-05-12,India,NA,Andaman and Nicobar Islands,356152,0,0,33,0
2020-05-13,India,NA,Andaman and Nicobar Islands,356152,0,0,33,0
2020-05-14,India,NA,Andaman and Nicobar Islands,356152,0,0,33,0
2020-05-15,India,NA,Andaman and Nicobar Islands,356152,0,0,33,0
2020-05-16,India,NA,Andaman and Nicobar Islands,356152,0,0,33,0
2020-05-17,India,NA,Andaman and Nicobar Islands,356152,0,0,33,0
2020-05-18,India,NA,Andaman and Nicobar Islands,356152,0,0,33,0
2020-05-19,India,NA,Andaman and Nicobar Islands,356152,0,0,33,0
2020-05-20,India,NA,Andaman and Nicobar Islands,356152,0,0,33,0
2020-05-21,India,NA,Andaman and Nicobar Islands,356152,0,0,33,0
2020-05-22,India,NA,Andaman and Nicobar Islands,356152,0,0,33,0
2020-05-23,India,NA,Andaman and Nicobar Islands,356152,0,0,33,0
2020-05-24,India,NA,Andaman and Nicobar Islands,356152,0,0,33,0
2020-05-25,India,NA,Andaman and Nicobar Islands,356152,0,0,33,0
2020-05-26,India,NA,Andaman and Nicobar Islands,356152,0,0,33,0
2020-05-27,India,NA,Andaman and Nicobar Islands,356152,0,0,33,0
2020-05-28,India,NA,Andaman and Nicobar Islands,356152,0,0,33,0
2020-05-29,India,NA,Andaman and Nicobar Islands,356152,0,0,33,0
2020-05-30,India,NA,Andaman and Nicobar Islands,356152,0,0,33,0
2020-05-31,India,NA,Andaman and Nicobar Islands,356152,0,0,33,0
2020-06-01,India,NA,Andaman and Nicobar Islands,356152,0,0,33,0
2020-06-02,India,NA,Andaman and Nicobar Islands,356152,0,0,33,0
2020-06-03,India,NA,Andaman and Nicobar Islands,356152,0,0,33,0
2020-06-04,India,NA,Andaman and Nicobar Islands,356152,0,0,33,0
2020-06-05,India,NA,Andaman and Nicobar Islands,356152,0,0,33,0
2020-06-06,India,NA,Andaman and Nicobar Islands,356152,0,0,33,0
2020-06-07,India,NA,Andaman and Nicobar Islands,356152,0,0,33,0
2020-06-08,India,NA,Andaman and Nicobar Islands,356152,0,0,33,0
2020-06-09,India,NA,Andaman and Nicobar Islands,356152,1,0,34,0
2020-06-10,India,NA,Andaman and Nicobar Islands,356152,1,0,35,0
2020-06-11,India,NA,Andaman and Nicobar Islands,356152,3,0,38,0
2020-06-12,India,NA,Andaman and Nicobar Islands,356152,0,0,38,0
2020-06-13,India,NA,Andaman and Nicobar Islands,356152,0,0,38,0
2020-06-14,India,NA,Andaman and Nicobar Islands,356152,2,0,40,0
2020-06-15,India,NA,Andaman and Nicobar Islands,356152,1,0,41,0
2020-06-16,India,NA,Andaman and Nicobar Islands,356152,3,0,44,0
2020-06-17,India,NA,Andaman and Nicobar Islands,356152,0,0,44,0
2020-06-18,India,NA,Andaman and Nicobar Islands,356152,1,0,45,0
2020-06-19,India,NA,Andaman and Nicobar Islands,356152,2,0,47,0
2020-06-20,India,NA,Andaman and Nicobar Islands,356152,0,0,47,0
2020-06-21,India,NA,Andaman and Nicobar Islands,356152,1,0,48,0
2020-06-22,India,NA,Andaman and Nicobar Islands,356152,0,0,48,0
2020-06-23,India,NA,Andaman and Nicobar Islands,356152,2,0,50,0
2020-06-24,India,NA,Andaman and Nicobar Islands,356152,6,0,56,0
2020-06-25,India,NA,Andaman and Nicobar Islands,356152,2,0,58,0
2020-06-26,India,NA,Andaman and Nicobar Islands,356152,14,0,72,0
2020-06-27,India,NA,Andaman and Nicobar Islands,356152,0,0,72,0
2020-06-28,India,NA,Andaman and Nicobar Islands,356152,11,0,83,0
2020-06-29,India,NA,Andaman and Nicobar Islands,356152,7,0,90,0
2020-06-30,India,NA,Andaman and Nicobar Islands,356152,7,0,97,0
2020-07-01,India,NA,Andaman and Nicobar Islands,356152,3,0,100,0
2020-07-02,India,NA,Andaman and Nicobar Islands,356152,9,0,109,0
2020-07-03,India,NA,Andaman and Nicobar Islands,356152,7,0,116,0
2020-07-04,India,NA,Andaman and Nicobar Islands,356152,3,0,119,0
2020-07-05,India,NA,Andaman and Nicobar Islands,356152,6,0,125,0
2020-07-06,India,NA,Andaman and Nicobar Islands,356152,16,0,141,0
2020-07-07,India,NA,Andaman and Nicobar Islands,356152,6,0,147,0
2020-07-08,India,NA,Andaman and Nicobar Islands,356152,2,0,149,0
2020-07-09,India,NA,Andaman and Nicobar Islands,356152,7,0,156,0
2020-07-10,India,NA,Andaman and Nicobar Islands,356152,0,0,156,0
2020-07-11,India,NA,Andaman and Nicobar Islands,356152,0,0,156,0
2020-07-12,India,NA,Andaman and Nicobar Islands,356152,7,0,163,0
2020-07-13,India,NA,Andaman and Nicobar Islands,356152,3,0,166,0
2020-07-14,India,NA,Andaman and Nicobar Islands,356152,5,0,171,0
2020-07-15,India,NA,Andaman and Nicobar Islands,356152,5,0,176,0
2020-07-16,India,NA,Andaman and Nicobar Islands,356152,4,0,180,0
2020-07-17,India,NA,Andaman and Nicobar Islands,356152,0,0,180,0
2020-07-18,India,NA,Andaman and Nicobar Islands,356152,4,0,184,0
2020-07-19,India,NA,Andaman and Nicobar Islands,356152,15,0,199,0
2020-07-20,India,NA,Andaman and Nicobar Islands,356152,4,0,203,0
2020-07-21,India,NA,Andaman and Nicobar Islands,356152,5,0,208,0
2020-07-22,India,NA,Andaman and Nicobar Islands,356152,9,0,217,0
2020-07-23,India,NA,Andaman and Nicobar Islands,356152,19,0,236,0
2020-07-24,India,NA,Andaman and Nicobar Islands,356152,19,0,255,0
2020-07-25,India,NA,Andaman and Nicobar Islands,356152,31,0,286,0
2020-07-26,India,NA,Andaman and Nicobar Islands,356152,28,0,314,0
2020-07-27,India,NA,Andaman and Nicobar Islands,356152,20,1,334,1
2020-07-28,India,NA,Andaman and Nicobar Islands,356152,25,0,359,1
2020-07-29,India,NA,Andaman and Nicobar Islands,356152,65,1,424,2
2020-07-30,India,NA,Andaman and Nicobar Islands,356152,42,1,466,3
2020-07-31,India,NA,Andaman and Nicobar Islands,356152,78,2,544,5
2020-08-01,India,NA,Andaman and Nicobar Islands,356152,88,2,632,7
2020-08-02,India,NA,Andaman and Nicobar Islands,356152,98,1,730,8
2020-08-03,India,NA,Andaman and Nicobar Islands,356152,96,2,826,10
2020-08-04,India,NA,Andaman and Nicobar Islands,356152,98,2,924,12
2020-08-05,India,NA,Andaman and Nicobar Islands,356152,99,2,1023,14
2020-08-06,India,NA,Andaman and Nicobar Islands,356152,96,2,1119,16
2020-08-07,India,NA,Andaman and Nicobar Islands,356152,99,3,1218,19
2020-08-08,India,NA,Andaman and Nicobar Islands,356152,129,1,1347,20
2020-08-09,India,NA,Andaman and Nicobar Islands,356152,139,0,1486,20
2020-08-10,India,NA,Andaman and Nicobar Islands,356152,135,0,1621,20
2020-08-11,India,NA,Andaman and Nicobar Islands,356152,139,1,1760,21
2020-08-12,India,NA,Andaman and Nicobar Islands,356152,136,0,1896,21
2020-08-13,India,NA,Andaman and Nicobar Islands,356152,137,1,2033,22
2020-08-14,India,NA,Andaman and Nicobar Islands,356152,149,2,2182,24
2020-08-15,India,NA,Andaman and Nicobar Islands,356152,120,0,2302,24
2020-08-16,India,NA,Andaman and Nicobar Islands,356152,93,4,2395,28
2020-08-17,India,NA,Andaman and Nicobar Islands,356152,46,1,2441,29
2020-08-18,India,NA,Andaman and Nicobar Islands,356152,84,1,2525,30
2020-08-19,India,NA,Andaman and Nicobar Islands,356152,75,0,2600,30
2020-08-20,India,NA,Andaman and Nicobar Islands,356152,76,1,2676,31
2020-08-21,India,NA,Andaman and Nicobar Islands,356152,67,1,2743,32
2020-08-22,India,NA,Andaman and Nicobar Islands,356152,61,0,2804,32
2020-08-23,India,NA,Andaman and Nicobar Islands,356152,52,1,2856,33
2020-08-24,India,NA,Andaman and Nicobar Islands,356152,44,2,2900,35
2020-08-25,India,NA,Andaman and Nicobar Islands,356152,41,2,2941,37
2020-08-26,India,NA,Andaman and Nicobar Islands,356152,40,4,2981,41
2020-08-27,India,NA,Andaman and Nicobar Islands,356152,33,1,3014,42
2020-08-28,India,NA,Andaman and Nicobar Islands,356152,32,0,3046,42
2020-08-29,India,NA,Andaman and Nicobar Islands,356152,31,2,3077,44
2020-08-30,India,NA,Andaman and Nicobar Islands,356152,23,1,3100,45
2020-08-31,India,NA,Andaman and Nicobar Islands,356152,28,1,3128,46
2020-09-01,India,NA,Andaman and Nicobar Islands,356152,28,0,3156,46
2020-09-02,India,NA,Andaman and Nicobar Islands,356152,26,1,3182,47
2020-09-03,India,NA,Andaman and Nicobar Islands,356152,37,1,3219,48
2020-09-04,India,NA,Andaman and Nicobar Islands,356152,34,1,3253,49
2020-09-05,India,NA,Andaman and Nicobar Islands,356152,35,1,3288,50
2020-09-06,India,NA,Andaman and Nicobar Islands,356152,40,0,3328,50
2020-09-07,India,NA,Andaman and Nicobar Islands,356152,27,0,3355,50
2020-09-08,India,NA,Andaman and Nicobar Islands,356152,33,0,3388,50
2020-09-09,India,NA,Andaman and Nicobar Islands,356152,34,1,3422,51
2020-09-10,India,NA,Andaman and Nicobar Islands,356152,39,0,3461,51
2020-09-11,India,NA,Andaman and Nicobar Islands,356152,29,0,3490,51
2020-09-12,India,NA,Andaman and Nicobar Islands,356152,27,0,3517,51
2020-09-13,India,NA,Andaman and Nicobar Islands,356152,25,0,3542,51
2020-09-14,India,NA,Andaman and Nicobar Islands,356152,11,1,3553,52
2020-09-15,India,NA,Andaman and Nicobar Islands,356152,17,0,3570,52
2020-03-26,India,NA,Andhra Pradesh,49386799,1,0,11,0
2020-03-27,India,NA,Andhra Pradesh,49386799,2,0,13,0
2020-03-28,India,NA,Andhra Pradesh,49386799,6,0,19,0
2020-03-29,India,NA,Andhra Pradesh,49386799,2,0,21,0
2020-03-30,India,NA,Andhra Pradesh,49386799,2,0,23,0
2020-03-31,India,NA,Andhra Pradesh,49386799,21,0,44,0
2020-04-01,India,NA,Andhra Pradesh,49386799,67,0,111,0
2020-04-02,India,NA,Andhra Pradesh,49386799,38,0,149,0
2020-04-03,India,NA,Andhra Pradesh,49386799,15,1,164,1
2020-04-04,India,NA,Andhra Pradesh,49386799,28,0,192,1
2020-04-05,India,NA,Andhra Pradesh,49386799,64,0,256,1
2020-04-06,India,NA,Andhra Pradesh,49386799,47,2,303,3
2020-04-07,India,NA,Andhra Pradesh,49386799,11,1,314,4
2020-04-08,India,NA,Andhra Pradesh,49386799,34,0,348,4
2020-04-09,India,NA,Andhra Pradesh,49386799,15,2,363,6
2020-04-10,India,NA,Andhra Pradesh,49386799,18,0,381,6
2020-04-11,India,NA,Andhra Pradesh,49386799,24,0,405,6
2020-04-12,India,NA,Andhra Pradesh,49386799,15,1,420,7
2020-04-13,India,NA,Andhra Pradesh,49386799,19,0,439,7
2020-04-14,India,NA,Andhra Pradesh,49386799,45,4,484,11
2020-04-15,India,NA,Andhra Pradesh,49386799,41,3,525,14
2020-04-16,India,NA,Andhra Pradesh,49386799,9,0,534,14
2020-04-17,India,NA,Andhra Pradesh,49386799,38,0,572,14
2020-04-18,India,NA,Andhra Pradesh,49386799,31,2,603,16
2020-04-19,India,NA,Andhra Pradesh,49386799,44,1,647,17
2020-04-20,India,NA,Andhra Pradesh,49386799,75,3,722,20
2020-04-21,India,NA,Andhra Pradesh,49386799,35,2,757,22
2020-04-22,India,NA,Andhra Pradesh,49386799,56,2,813,24
2020-04-23,India,NA,Andhra Pradesh,49386799,80,3,893,27
2020-04-24,India,NA,Andhra Pradesh,49386799,62,2,955,29
2020-04-25,India,NA,Andhra Pradesh,49386799,61,2,1016,31
2020-04-26,India,NA,Andhra Pradesh,49386799,81,0,1097,31
2020-04-27,India,NA,Andhra Pradesh,49386799,80,0,1177,31
2020-04-28,India,NA,Andhra Pradesh,49386799,82,0,1259,31
2020-04-29,India,NA,Andhra Pradesh,49386799,73,0,1332,31
2020-04-30,India,NA,Andhra Pradesh,49386799,71,0,1403,31
2020-05-01,India,NA,Andhra Pradesh,49386799,60,2,1463,33
2020-05-02,India,NA,Andhra Pradesh,49386799,62,0,1525,33
2020-05-03,India,NA,Andhra Pradesh,49386799,58,0,1583,33
2020-05-04,India,NA,Andhra Pradesh,49386799,67,0,1650,33
2020-05-05,India,NA,Andhra Pradesh,49386799,67,1,1717,34
2020-05-06,India,NA,Andhra Pradesh,49386799,60,2,1777,36
2020-05-07,India,NA,Andhra Pradesh,49386799,56,2,1833,38
2020-05-08,India,NA,Andhra Pradesh,49386799,54,3,1887,41
2020-05-09,India,NA,Andhra Pradesh,49386799,43,3,1930,44
2020-05-10,India,NA,Andhra Pradesh,49386799,50,1,1980,45
2020-05-11,India,NA,Andhra Pradesh,49386799,38,0,2018,45
2020-05-12,India,NA,Andhra Pradesh,49386799,71,1,2089,46
2020-05-13,India,NA,Andhra Pradesh,49386799,48,1,2137,47
2020-05-14,India,NA,Andhra Pradesh,49386799,68,1,2205,48
2020-05-15,India,NA,Andhra Pradesh,49386799,102,0,2307,48
2020-05-16,India,NA,Andhra Pradesh,49386799,48,1,2355,49
2020-05-17,India,NA,Andhra Pradesh,49386799,25,1,2380,50
2020-05-18,India,NA,Andhra Pradesh,49386799,52,0,2432,50
2020-05-19,India,NA,Andhra Pradesh,49386799,57,2,2489,52
2020-05-20,India,NA,Andhra Pradesh,49386799,71,1,2560,53
2020-05-21,India,NA,Andhra Pradesh,49386799,45,1,2605,54
2020-05-22,India,NA,Andhra Pradesh,49386799,62,1,2667,55
2020-05-23,India,NA,Andhra Pradesh,49386799,47,1,2714,56
2020-05-24,India,NA,Andhra Pradesh,49386799,66,0,2780,56
2020-05-25,India,NA,Andhra Pradesh,49386799,106,0,2886,56
2020-05-26,India,NA,Andhra Pradesh,49386799,97,1,2983,57
2020-05-27,India,NA,Andhra Pradesh,49386799,134,1,3117,58
2020-05-28,India,NA,Andhra Pradesh,49386799,128,1,3245,59
2020-05-29,India,NA,Andhra Pradesh,49386799,85,1,3330,60
2020-05-30,India,NA,Andhra Pradesh,49386799,131,0,3461,60
2020-05-31,India,NA,Andhra Pradesh,49386799,110,2,3571,62
2020-06-01,India,NA,Andhra Pradesh,49386799,105,2,3676,64
2020-06-02,India,NA,Andhra Pradesh,49386799,115,0,3791,64
2020-06-03,India,NA,Andhra Pradesh,49386799,180,4,3971,68
2020-06-04,India,NA,Andhra Pradesh,49386799,141,3,4112,71
2020-06-05,India,NA,Andhra Pradesh,49386799,138,2,4250,73
2020-06-06,India,NA,Andhra Pradesh,49386799,210,0,4460,73
2020-06-07,India,NA,Andhra Pradesh,49386799,199,2,4659,75
2020-06-08,India,NA,Andhra Pradesh,49386799,154,0,4813,75
2020-06-09,India,NA,Andhra Pradesh,49386799,69,2,4882,77
2020-06-10,India,NA,Andhra Pradesh,49386799,365,1,5247,78
2020-06-11,India,NA,Andhra Pradesh,49386799,182,2,5429,80
2020-06-12,India,NA,Andhra Pradesh,49386799,207,0,5636,80
2020-06-13,India,NA,Andhra Pradesh,49386799,222,2,5858,82
2020-06-14,India,NA,Andhra Pradesh,49386799,294,2,6152,84
2020-06-15,India,NA,Andhra Pradesh,49386799,304,2,6456,86
2020-06-16,India,NA,Andhra Pradesh,49386799,264,2,6720,88
2020-06-17,India,NA,Andhra Pradesh,49386799,351,2,7071,90
2020-06-18,India,NA,Andhra Pradesh,49386799,425,2,7496,92
2020-06-19,India,NA,Andhra Pradesh,49386799,465,4,7961,96
2020-06-20,India,NA,Andhra Pradesh,49386799,491,5,8452,101
2020-06-21,India,NA,Andhra Pradesh,49386799,477,5,8929,106
2020-06-22,India,NA,Andhra Pradesh,49386799,443,5,9372,111
2020-06-23,India,NA,Andhra Pradesh,49386799,462,8,9834,119
2020-06-24,India,NA,Andhra Pradesh,49386799,497,10,10331,129
2020-06-25,India,NA,Andhra Pradesh,49386799,553,7,10884,136
2020-06-26,India,NA,Andhra Pradesh,49386799,605,10,11489,146
2020-06-27,India,NA,Andhra Pradesh,49386799,796,11,12285,157
2020-06-28,India,NA,Andhra Pradesh,49386799,813,12,13098,169
2020-06-29,India,NA,Andhra Pradesh,49386799,793,11,13891,180
2020-06-30,India,NA,Andhra Pradesh,49386799,704,7,14595,187
2020-07-01,India,NA,Andhra Pradesh,49386799,657,6,15252,193
2020-07-02,India,NA,Andhra Pradesh,49386799,845,5,16097,198
2020-07-03,India,NA,Andhra Pradesh,49386799,837,8,16934,206
2020-07-04,India,NA,Andhra Pradesh,49386799,765,12,17699,218
2020-07-05,India,NA,Andhra Pradesh,49386799,998,14,18697,232
2020-07-06,India,NA,Andhra Pradesh,49386799,1322,7,20019,239
2020-07-07,India,NA,Andhra Pradesh,49386799,1178,13,21197,252
2020-07-08,India,NA,Andhra Pradesh,49386799,1062,12,22259,264
2020-07-09,India,NA,Andhra Pradesh,49386799,1555,13,23814,277
2020-07-10,India,NA,Andhra Pradesh,49386799,1608,15,25422,292
2020-07-11,India,NA,Andhra Pradesh,49386799,1813,17,27235,309
2020-07-12,India,NA,Andhra Pradesh,49386799,1933,19,29168,328
2020-07-13,India,NA,Andhra Pradesh,49386799,1935,37,31103,365
2020-07-14,India,NA,Andhra Pradesh,49386799,1916,43,33019,408
2020-07-15,India,NA,Andhra Pradesh,49386799,2432,44,35451,452
2020-07-16,India,NA,Andhra Pradesh,49386799,2593,40,38044,492
2020-07-17,India,NA,Andhra Pradesh,49386799,2602,42,40646,534
2020-07-18,India,NA,Andhra Pradesh,49386799,3963,52,44609,586
2020-07-19,India,NA,Andhra Pradesh,49386799,5041,56,49650,642
2020-07-20,India,NA,Andhra Pradesh,49386799,4074,54,53724,696
2020-07-21,India,NA,Andhra Pradesh,49386799,4944,62,58668,758
2020-07-22,India,NA,Andhra Pradesh,49386799,6045,65,64713,823
2020-07-23,India,NA,Andhra Pradesh,49386799,7998,61,72711,884
2020-07-24,India,NA,Andhra Pradesh,49386799,8147,49,80858,933
2020-07-25,India,NA,Andhra Pradesh,49386799,7813,52,88671,985
2020-07-26,India,NA,Andhra Pradesh,49386799,7627,56,96298,1041
2020-07-27,India,NA,Andhra Pradesh,49386799,6051,49,102349,1090
2020-07-28,India,NA,Andhra Pradesh,49386799,7948,58,110297,1148
2020-07-29,India,NA,Andhra Pradesh,49386799,10093,65,120390,1213
2020-07-30,India,NA,Andhra Pradesh,49386799,10167,68,130557,1281
2020-07-31,India,NA,Andhra Pradesh,49386799,10376,68,140933,1349
2020-08-01,India,NA,Andhra Pradesh,49386799,9276,58,150209,1407
2020-08-02,India,NA,Andhra Pradesh,49386799,8555,67,158764,1474
2020-08-03,India,NA,Andhra Pradesh,49386799,7822,63,166586,1537
2020-08-04,India,NA,Andhra Pradesh,49386799,9747,67,176333,1604
2020-08-05,India,NA,Andhra Pradesh,49386799,10128,77,186461,1681
2020-08-06,India,NA,Andhra Pradesh,49386799,10328,72,196789,1753
2020-08-07,India,NA,Andhra Pradesh,49386799,10171,89,206960,1842
2020-08-08,India,NA,Andhra Pradesh,49386799,10080,97,217040,1939
2020-08-09,India,NA,Andhra Pradesh,49386799,10820,97,227860,2036
2020-08-10,India,NA,Andhra Pradesh,49386799,7665,80,235525,2116
2020-08-11,India,NA,Andhra Pradesh,49386799,9024,87,244549,2203
2020-08-12,India,NA,Andhra Pradesh,49386799,9597,93,254146,2296
2020-08-13,India,NA,Andhra Pradesh,49386799,9996,82,264142,2378
2020-08-14,India,NA,Andhra Pradesh,49386799,8943,97,273085,2475
2020-08-15,India,NA,Andhra Pradesh,49386799,8732,87,281817,2562
2020-08-16,India,NA,Andhra Pradesh,49386799,8012,88,289829,2650
2020-08-17,India,NA,Andhra Pradesh,49386799,6780,82,296609,2732
2020-08-18,India,NA,Andhra Pradesh,49386799,9652,88,306261,2820
2020-08-19,India,NA,Andhra Pradesh,49386799,9742,86,316003,2906
2020-08-20,India,NA,Andhra Pradesh,49386799,9393,95,325396,3001
2020-08-21,India,NA,Andhra Pradesh,49386799,9544,91,334940,3092
2020-08-22,India,NA,Andhra Pradesh,49386799,10276,97,345216,3189
2020-08-23,India,NA,Andhra Pradesh,49386799,7895,93,353111,3282
2020-08-24,India,NA,Andhra Pradesh,49386799,8601,86,361712,3368
2020-08-25,India,NA,Andhra Pradesh,49386799,9927,92,371639,3460
2020-08-26,India,NA,Andhra Pradesh,49386799,10830,81,382469,3541
2020-08-27,India,NA,Andhra Pradesh,49386799,10621,92,393090,3633
2020-08-28,India,NA,Andhra Pradesh,49386799,10526,81,403616,3714
2020-08-29,India,NA,Andhra Pradesh,49386799,10548,82,414164,3796
2020-08-30,India,NA,Andhra Pradesh,49386799,10603,88,424767,3884
2020-08-31,India,NA,Andhra Pradesh,49386799,10004,85,434771,3969
2020-09-01,India,NA,Andhra Pradesh,49386799,10368,84,445139,4053
2020-09-02,India,NA,Andhra Pradesh,49386799,10392,72,455531,4125
2020-09-03,India,NA,Andhra Pradesh,49386799,10199,75,465730,4200
2020-09-04,India,NA,Andhra Pradesh,49386799,10776,76,476506,4276
2020-09-05,India,NA,Andhra Pradesh,49386799,10825,71,487331,4347
2020-09-06,India,NA,Andhra Pradesh,49386799,10794,70,498125,4417
2020-09-07,India,NA,Andhra Pradesh,49386799,8368,70,506493,4487
2020-09-08,India,NA,Andhra Pradesh,49386799,10601,73,517094,4560
2020-09-09,India,NA,Andhra Pradesh,49386799,10418,74,527512,4634
2020-09-10,India,NA,Andhra Pradesh,49386799,10175,68,537687,4702
2020-09-11,India,NA,Andhra Pradesh,49386799,9999,77,547686,4779
2020-09-12,India,NA,Andhra Pradesh,49386799,9901,67,557587,4846
2020-09-13,India,NA,Andhra Pradesh,49386799,9536,66,567123,4912
2020-09-14,India,NA,Andhra Pradesh,49386799,7956,60,575079,4972
2020-09-15,India,NA,Andhra Pradesh,49386799,8846,69,583925,5041
2020-06-01,India,NA,Arunachal Pradesh,1382611,18,0,22,0
2020-06-02,India,NA,Arunachal Pradesh,1382611,2,0,24,0
2020-06-03,India,NA,Arunachal Pradesh,1382611,10,0,34,0
2020-06-04,India,NA,Arunachal Pradesh,1382611,5,0,39,0
2020-06-05,India,NA,Arunachal Pradesh,1382611,4,0,43,0
2020-06-06,India,NA,Arunachal Pradesh,1382611,2,0,45,0
2020-06-07,India,NA,Arunachal Pradesh,1382611,3,0,48,0
2020-06-08,India,NA,Arunachal Pradesh,1382611,6,0,54,0
2020-06-09,India,NA,Arunachal Pradesh,1382611,0,0,54,0
2020-06-10,India,NA,Arunachal Pradesh,1382611,4,0,58,0
2020-06-11,India,NA,Arunachal Pradesh,1382611,6,0,64,0
2020-06-12,India,NA,Arunachal Pradesh,1382611,19,0,83,0
2020-06-13,India,NA,Arunachal Pradesh,1382611,5,0,88,0
2020-06-14,India,NA,Arunachal Pradesh,1382611,3,0,91,0
2020-06-15,India,NA,Arunachal Pradesh,1382611,4,0,95,0
2020-06-16,India,NA,Arunachal Pradesh,1382611,4,0,99,0
2020-06-17,India,NA,Arunachal Pradesh,1382611,4,0,103,0
2020-06-18,India,NA,Arunachal Pradesh,1382611,0,0,103,0
2020-06-19,India,NA,Arunachal Pradesh,1382611,32,0,135,0
2020-06-20,India,NA,Arunachal Pradesh,1382611,0,0,135,0
2020-06-21,India,NA,Arunachal Pradesh,1382611,4,0,139,0
2020-06-22,India,NA,Arunachal Pradesh,1382611,9,0,148,0
2020-06-23,India,NA,Arunachal Pradesh,1382611,10,0,158,0
2020-06-24,India,NA,Arunachal Pradesh,1382611,2,1,160,1
2020-06-25,India,NA,Arunachal Pradesh,1382611,12,0,172,1
2020-06-26,India,NA,Arunachal Pradesh,1382611,2,0,174,1
2020-06-27,India,NA,Arunachal Pradesh,1382611,3,0,177,1
2020-06-28,India,NA,Arunachal Pradesh,1382611,5,0,182,1
2020-06-29,India,NA,Arunachal Pradesh,1382611,5,0,187,1
2020-06-30,India,NA,Arunachal Pradesh,1382611,4,0,191,1
2020-07-01,India,NA,Arunachal Pradesh,1382611,4,0,195,1
2020-07-02,India,NA,Arunachal Pradesh,1382611,37,0,232,1
2020-07-03,India,NA,Arunachal Pradesh,1382611,20,0,252,1
2020-07-04,India,NA,Arunachal Pradesh,1382611,7,0,259,1
2020-07-05,India,NA,Arunachal Pradesh,1382611,10,0,269,1
2020-07-06,India,NA,Arunachal Pradesh,1382611,1,1,270,2
2020-07-07,India,NA,Arunachal Pradesh,1382611,6,0,276,2
2020-07-08,India,NA,Arunachal Pradesh,1382611,11,0,287,2
2020-07-09,India,NA,Arunachal Pradesh,1382611,15,0,302,2
2020-07-10,India,NA,Arunachal Pradesh,1382611,33,0,335,2
2020-07-11,India,NA,Arunachal Pradesh,1382611,6,0,341,2
2020-07-12,India,NA,Arunachal Pradesh,1382611,19,0,360,2
2020-07-13,India,NA,Arunachal Pradesh,1382611,27,1,387,3
2020-07-14,India,NA,Arunachal Pradesh,1382611,75,0,462,3
2020-07-15,India,NA,Arunachal Pradesh,1382611,29,0,491,3
2020-07-16,India,NA,Arunachal Pradesh,1382611,52,0,543,3
2020-07-17,India,NA,Arunachal Pradesh,1382611,66,0,609,3
2020-07-18,India,NA,Arunachal Pradesh,1382611,41,0,650,3
2020-07-19,India,NA,Arunachal Pradesh,1382611,90,0,740,3
2020-07-20,India,NA,Arunachal Pradesh,1382611,50,0,790,3
2020-07-21,India,NA,Arunachal Pradesh,1382611,68,0,858,3
2020-07-22,India,NA,Arunachal Pradesh,1382611,91,0,949,3
2020-07-23,India,NA,Arunachal Pradesh,1382611,42,0,991,3
2020-07-24,India,NA,Arunachal Pradesh,1382611,65,0,1056,3
2020-07-25,India,NA,Arunachal Pradesh,1382611,70,0,1126,3
2020-07-26,India,NA,Arunachal Pradesh,1382611,32,0,1158,3
2020-07-27,India,NA,Arunachal Pradesh,1382611,81,0,1239,3
2020-07-28,India,NA,Arunachal Pradesh,1382611,91,0,1330,3
2020-07-29,India,NA,Arunachal Pradesh,1382611,80,0,1410,3
2020-07-30,India,NA,Arunachal Pradesh,1382611,74,0,1484,3
2020-07-31,India,NA,Arunachal Pradesh,1382611,107,0,1591,3
2020-08-01,India,NA,Arunachal Pradesh,1382611,83,0,1674,3
2020-08-02,India,NA,Arunachal Pradesh,1382611,24,0,1698,3
2020-08-03,India,NA,Arunachal Pradesh,1382611,60,0,1758,3
2020-08-04,India,NA,Arunachal Pradesh,1382611,32,0,1790,3
2020-08-05,India,NA,Arunachal Pradesh,1382611,65,0,1855,3
2020-08-06,India,NA,Arunachal Pradesh,1382611,93,0,1948,3
2020-08-07,India,NA,Arunachal Pradesh,1382611,101,0,2049,3
2020-08-08,India,NA,Arunachal Pradesh,1382611,68,0,2117,3
2020-08-09,India,NA,Arunachal Pradesh,1382611,38,0,2155,3
2020-08-10,India,NA,Arunachal Pradesh,1382611,76,0,2231,3
2020-08-11,India,NA,Arunachal Pradesh,1382611,96,0,2327,3
2020-08-12,India,NA,Arunachal Pradesh,1382611,103,0,2430,3
2020-08-13,India,NA,Arunachal Pradesh,1382611,82,1,2512,4
2020-08-14,India,NA,Arunachal Pradesh,1382611,95,1,2607,5
2020-08-15,India,NA,Arunachal Pradesh,1382611,51,0,2658,5
2020-08-16,India,NA,Arunachal Pradesh,1382611,43,0,2701,5
2020-08-17,India,NA,Arunachal Pradesh,1382611,40,0,2741,5
2020-08-18,India,NA,Arunachal Pradesh,1382611,134,0,2875,5
2020-08-19,India,NA,Arunachal Pradesh,1382611,75,0,2950,5
2020-08-20,India,NA,Arunachal Pradesh,1382611,116,0,3066,5
2020-08-21,India,NA,Arunachal Pradesh,1382611,60,0,3126,5
2020-08-22,India,NA,Arunachal Pradesh,1382611,97,0,3223,5
2020-08-23,India,NA,Arunachal Pradesh,1382611,40,0,3263,5
2020-08-24,India,NA,Arunachal Pradesh,1382611,49,0,3312,5
2020-08-25,India,NA,Arunachal Pradesh,1382611,100,0,3412,5
2020-08-26,India,NA,Arunachal Pradesh,1382611,143,0,3555,5
2020-08-27,India,NA,Arunachal Pradesh,1382611,78,0,3633,5
2020-08-28,India,NA,Arunachal Pradesh,1382611,112,2,3745,7
2020-08-29,India,NA,Arunachal Pradesh,1382611,132,0,3877,7
2020-08-30,India,NA,Arunachal Pradesh,1382611,157,0,4034,7
2020-08-31,India,NA,Arunachal Pradesh,1382611,78,0,4112,7
2020-09-01,India,NA,Arunachal Pradesh,1382611,100,0,4212,7
2020-09-02,India,NA,Arunachal Pradesh,1382611,148,0,4360,7
2020-09-03,India,NA,Arunachal Pradesh,1382611,214,1,4574,8
2020-09-04,India,NA,Arunachal Pradesh,1382611,201,0,4775,8
2020-09-05,India,NA,Arunachal Pradesh,1382611,139,0,4914,8
2020-09-06,India,NA,Arunachal Pradesh,1382611,86,0,5000,8
2020-09-07,India,NA,Arunachal Pradesh,1382611,180,0,5180,8
2020-09-08,India,NA,Arunachal Pradesh,1382611,221,1,5401,9
2020-09-09,India,NA,Arunachal Pradesh,1382611,144,0,5545,9
2020-09-10,India,NA,Arunachal Pradesh,1382611,127,0,5672,9
2020-09-11,India,NA,Arunachal Pradesh,1382611,153,1,5825,10
2020-09-12,India,NA,Arunachal Pradesh,1382611,136,0,5961,10
2020-09-13,India,NA,Arunachal Pradesh,1382611,160,0,6121,10
2020-09-14,India,NA,Arunachal Pradesh,1382611,176,1,6297,11
2020-09-15,India,NA,Arunachal Pradesh,1382611,169,2,6466,13
2020-04-01,India,NA,Assam,31205576,15,0,16,0
2020-04-02,India,NA,Assam,31205576,0,0,16,0
2020-04-03,India,NA,Assam,31205576,7,0,23,0
2020-04-04,India,NA,Assam,31205576,3,0,26,0
2020-04-05,India,NA,Assam,31205576,0,0,26,0
2020-04-06,India,NA,Assam,31205576,0,0,26,0
2020-04-07,India,NA,Assam,31205576,2,0,28,0
2020-04-08,India,NA,Assam,31205576,0,0,28,0
2020-04-09,India,NA,Assam,31205576,1,0,29,0
2020-04-10,India,NA,Assam,31205576,0,1,29,1
2020-04-11,India,NA,Assam,31205576,0,0,29,1
2020-04-12,India,NA,Assam,31205576,1,0,30,1
2020-04-13,India,NA,Assam,31205576,2,0,32,1
2020-04-14,India,NA,Assam,31205576,1,0,33,1
2020-04-15,India,NA,Assam,31205576,0,0,33,1
2020-04-16,India,NA,Assam,31205576,2,0,35,1
2020-04-17,India,NA,Assam,31205576,0,0,35,1
2020-04-18,India,NA,Assam,31205576,0,0,35,1
2020-04-19,India,NA,Assam,31205576,0,0,35,1
2020-04-20,India,NA,Assam,31205576,0,0,35,1
2020-04-21,India,NA,Assam,31205576,0,0,35,1
2020-04-22,India,NA,Assam,31205576,0,0,35,1
2020-04-23,India,NA,Assam,31205576,1,0,36,1
2020-04-24,India,NA,Assam,31205576,0,0,36,1
2020-04-25,India,NA,Assam,31205576,0,0,36,1
2020-04-26,India,NA,Assam,31205576,0,0,36,1
2020-04-27,India,NA,Assam,31205576,0,0,36,1
2020-04-28,India,NA,Assam,31205576,2,0,38,1
2020-04-29,India,NA,Assam,31205576,0,0,38,1
2020-04-30,India,NA,Assam,31205576,5,0,43,1
2020-05-01,India,NA,Assam,31205576,0,0,43,1
2020-05-02,India,NA,Assam,31205576,0,0,43,1
2020-05-03,India,NA,Assam,31205576,0,0,43,1
2020-05-04,India,NA,Assam,31205576,0,0,43,1
2020-05-05,India,NA,Assam,31205576,2,0,45,1
2020-05-06,India,NA,Assam,31205576,1,0,46,1
2020-05-07,India,NA,Assam,31205576,8,0,54,1
2020-05-08,India,NA,Assam,31205576,6,1,60,2
2020-05-09,India,NA,Assam,31205576,2,0,62,2
2020-05-10,India,NA,Assam,31205576,1,0,63,2
2020-05-11,India,NA,Assam,31205576,2,0,65,2
2020-05-12,India,NA,Assam,31205576,0,0,65,2
2020-05-13,India,NA,Assam,31205576,15,0,80,2
2020-05-14,India,NA,Assam,31205576,7,0,87,2
2020-05-15,India,NA,Assam,31205576,3,0,90,2
2020-05-16,India,NA,Assam,31205576,3,0,93,2
2020-05-17,India,NA,Assam,31205576,8,0,101,2
2020-05-18,India,NA,Assam,31205576,15,2,116,3
2020-05-19,India,NA,Assam,31205576,42,0,158,3
2020-05-20,India,NA,Assam,31205576,31,0,189,3
2020-05-21,India,NA,Assam,31205576,22,0,211,3
2020-05-22,India,NA,Assam,31205576,15,0,226,3
2020-05-23,India,NA,Assam,31205576,121,0,347,3
2020-05-24,India,NA,Assam,31205576,46,0,393,3
2020-05-25,India,NA,Assam,31205576,156,0,549,3
2020-05-26,India,NA,Assam,31205576,134,0,683,3
2020-05-27,India,NA,Assam,31205576,101,0,784,3
2020-05-28,India,NA,Assam,31205576,97,0,881,3
2020-05-29,India,NA,Assam,31205576,177,0,1058,3
2020-05-30,India,NA,Assam,31205576,159,0,1217,3
2020-05-31,India,NA,Assam,31205576,123,0,1340,3
2020-06-01,India,NA,Assam,31205576,146,0,1486,3
2020-06-02,India,NA,Assam,31205576,74,0,1560,3
2020-06-03,India,NA,Assam,31205576,271,0,1831,3
2020-06-04,India,NA,Assam,31205576,285,0,2116,3
2020-06-05,India,NA,Assam,31205576,128,0,2244,3
2020-06-06,India,NA,Assam,31205576,230,0,2474,3
2020-06-07,India,NA,Assam,31205576,208,0,2682,3
2020-06-08,India,NA,Assam,31205576,154,0,2836,3
2020-06-09,India,NA,Assam,31205576,215,1,3051,4
2020-06-10,India,NA,Assam,31205576,235,1,3286,5
2020-06-11,India,NA,Assam,31205576,145,0,3431,5
2020-06-12,India,NA,Assam,31205576,263,2,3694,7
2020-06-13,India,NA,Assam,31205576,207,0,3901,7
2020-06-14,India,NA,Assam,31205576,218,0,4119,7
2020-06-15,India,NA,Assam,31205576,191,0,4310,7
2020-06-16,India,NA,Assam,31205576,201,0,4511,7
2020-06-17,India,NA,Assam,31205576,184,0,4695,7
2020-06-18,India,NA,Assam,31205576,209,1,4904,8
2020-06-19,India,NA,Assam,31205576,0,0,4904,8
2020-06-20,India,NA,Assam,31205576,249,0,5153,8
2020-06-21,India,NA,Assam,31205576,332,0,5485,8
2020-06-22,India,NA,Assam,31205576,267,0,5752,8
2020-06-23,India,NA,Assam,31205576,203,0,5955,8
2020-06-24,India,NA,Assam,31205576,226,0,6181,8
2020-06-25,India,NA,Assam,31205576,364,0,6545,8
2020-06-26,India,NA,Assam,31205576,273,0,6818,8
2020-06-27,India,NA,Assam,31205576,246,1,7064,9
2020-06-28,India,NA,Assam,31205576,327,1,7391,10
2020-06-29,India,NA,Assam,31205576,302,0,7693,10
2020-06-30,India,NA,Assam,31205576,613,1,8306,11
2020-07-01,India,NA,Assam,31205576,548,0,8854,11
2020-07-02,India,NA,Assam,31205576,479,2,9333,13
2020-07-03,India,NA,Assam,31205576,365,0,9698,13
2020-07-04,India,NA,Assam,31205576,1202,0,10900,13
2020-07-05,India,NA,Assam,31205576,735,0,11635,13
2020-07-06,India,NA,Assam,31205576,786,0,12421,13
2020-07-07,India,NA,Assam,31205576,814,2,13235,15
2020-07-08,India,NA,Assam,31205576,696,6,13931,21
2020-07-09,India,NA,Assam,31205576,568,5,14499,26
2020-07-10,India,NA,Assam,31205576,936,8,15435,34
2020-07-11,India,NA,Assam,31205576,535,2,15970,36
2020-07-12,India,NA,Assam,31205576,735,4,16705,40
2020-07-13,India,NA,Assam,31205576,1001,4,17706,44
2020-07-14,India,NA,Assam,31205576,859,6,18565,50
2020-07-15,India,NA,Assam,31205576,1088,2,19653,52
2020-07-16,India,NA,Assam,31205576,892,2,20545,54
2020-07-17,India,NA,Assam,31205576,1218,1,21763,55
2020-07-18,India,NA,Assam,31205576,1117,2,22880,57
2020-07-19,India,NA,Assam,31205576,1018,4,23898,61
2020-07-20,India,NA,Assam,31205576,1093,1,24991,62
2020-07-21,India,NA,Assam,31205576,1680,6,26671,68
2020-07-22,India,NA,Assam,31205576,972,2,27643,70
2020-07-23,India,NA,Assam,31205576,1047,4,28690,74
2020-07-24,India,NA,Assam,31205576,1130,6,29820,80
2020-07-25,India,NA,Assam,31205576,1165,1,30985,81
2020-07-26,India,NA,Assam,31205576,1142,2,32127,83
2020-07-27,India,NA,Assam,31205576,1348,7,33475,90
2020-07-28,India,NA,Assam,31205576,1371,2,34846,92
2020-07-29,India,NA,Assam,31205576,1348,4,36194,96
2020-07-30,India,NA,Assam,31205576,2112,2,38306,98
2020-07-31,India,NA,Assam,31205576,1862,4,40168,102
2020-08-01,India,NA,Assam,31205576,1457,3,41625,105
2020-08-02,India,NA,Assam,31205576,1178,4,42803,109
2020-08-03,India,NA,Assam,31205576,2371,4,45174,113
2020-08-04,India,NA,Assam,31205576,2886,6,48060,119
2020-08-05,India,NA,Assam,31205576,2284,6,50344,125
2020-08-06,India,NA,Assam,31205576,2372,5,52716,130
2020-08-07,India,NA,Assam,31205576,2679,6,55395,136
2020-08-08,India,NA,Assam,31205576,2218,8,57613,144
2020-08-09,India,NA,Assam,31205576,1123,5,58736,149
2020-08-10,India,NA,Assam,31205576,2900,6,61636,155
2020-08-11,India,NA,Assam,31205576,2669,4,64305,159
2020-08-12,India,NA,Assam,31205576,4593,6,68898,165
2020-08-13,India,NA,Assam,31205576,2796,8,71694,173
2020-08-14,India,NA,Assam,31205576,2706,6,74400,179
2020-08-15,India,NA,Assam,31205576,1057,7,75457,186
2020-08-16,India,NA,Assam,31205576,1317,7,76774,193
2020-08-17,India,NA,Assam,31205576,2792,8,79566,201
2020-08-18,India,NA,Assam,31205576,2534,6,82100,207
2020-08-19,India,NA,Assam,31205576,2116,10,84216,217
2020-08-20,India,NA,Assam,31205576,1735,8,85951,225
2020-08-21,India,NA,Assam,31205576,1856,6,87807,231
2020-08-22,India,NA,Assam,31205576,1560,7,89367,238
2020-08-23,India,NA,Assam,31205576,1272,8,90639,246
2020-08-24,India,NA,Assam,31205576,1879,10,92518,256
2020-08-25,India,NA,Assam,31205576,1973,8,94491,264
2020-08-26,India,NA,Assam,31205576,2179,14,96670,278
2020-08-27,India,NA,Assam,31205576,2036,4,98706,282
2020-08-28,India,NA,Assam,31205576,2560,8,101266,290
2020-08-29,India,NA,Assam,31205576,2427,3,103693,293
2020-08-30,India,NA,Assam,31205576,1980,7,105673,300
2020-08-31,India,NA,Assam,31205576,3266,10,108939,310
2020-09-01,India,NA,Assam,31205576,2684,9,111623,319
2020-09-02,India,NA,Assam,31205576,3555,8,115178,327
2020-09-03,India,NA,Assam,31205576,3054,7,118232,334
2020-09-04,India,NA,Assam,31205576,2891,15,121123,349
2020-09-05,India,NA,Assam,31205576,2698,7,123821,356
2020-09-06,India,NA,Assam,31205576,1537,8,125358,364
2020-09-07,India,NA,Assam,31205576,2785,10,128143,374
2020-09-08,India,NA,Assam,31205576,2578,8,130721,382
2020-09-09,India,NA,Assam,31205576,2243,18,132964,400
2020-09-10,India,NA,Assam,31205576,2739,18,135703,418
2020-09-11,India,NA,Assam,31205576,2534,16,138237,434
2020-09-12,India,NA,Assam,31205576,2132,23,140369,457
2020-09-13,India,NA,Assam,31205576,1292,0,141661,457
2020-09-14,India,NA,Assam,31205576,2403,13,144064,470
2020-09-15,India,NA,Assam,31205576,2409,10,146473,480
2020-03-28,India,NA,Bihar,103804637,2,0,11,1
2020-03-29,India,NA,Bihar,103804637,4,0,15,1
2020-03-30,India,NA,Bihar,103804637,0,0,15,1
2020-03-31,India,NA,Bihar,103804637,6,0,21,1
2020-04-01,India,NA,Bihar,103804637,3,0,24,1
2020-04-02,India,NA,Bihar,103804637,5,0,29,1
2020-04-03,India,NA,Bihar,103804637,2,0,31,1
2020-04-04,India,NA,Bihar,103804637,1,0,32,1
2020-04-05,India,NA,Bihar,103804637,0,0,32,1
2020-04-06,India,NA,Bihar,103804637,0,0,32,1
2020-04-07,India,NA,Bihar,103804637,6,0,38,1
2020-04-08,India,NA,Bihar,103804637,1,0,39,1
2020-04-09,India,NA,Bihar,103804637,19,0,58,1
2020-04-10,India,NA,Bihar,103804637,2,0,60,1
2020-04-11,India,NA,Bihar,103804637,4,0,64,1
2020-04-12,India,NA,Bihar,103804637,0,0,64,1
2020-04-13,India,NA,Bihar,103804637,2,0,66,1
2020-04-14,India,NA,Bihar,103804637,0,0,66,1
2020-04-15,India,NA,Bihar,103804637,6,0,72,1
2020-04-16,India,NA,Bihar,103804637,11,0,83,1
2020-04-17,India,NA,Bihar,103804637,2,0,85,1
2020-04-18,India,NA,Bihar,103804637,1,1,86,2
2020-04-19,India,NA,Bihar,103804637,10,0,96,2
2020-04-20,India,NA,Bihar,103804637,17,0,113,2
2020-04-21,India,NA,Bihar,103804637,13,0,126,2
2020-04-22,India,NA,Bihar,103804637,17,0,143,2
2020-04-23,India,NA,Bihar,103804637,27,0,170,2
2020-04-24,India,NA,Bihar,103804637,53,0,223,2
2020-04-25,India,NA,Bihar,103804637,28,0,251,2
2020-04-26,India,NA,Bihar,103804637,26,0,277,2
2020-04-27,India,NA,Bihar,103804637,69,0,346,2
2020-04-28,India,NA,Bihar,103804637,20,0,366,2
2020-04-29,India,NA,Bihar,103804637,37,0,403,2
2020-04-30,India,NA,Bihar,103804637,22,0,425,2
2020-05-01,India,NA,Bihar,103804637,41,1,466,3
2020-05-02,India,NA,Bihar,103804637,15,1,481,4
2020-05-03,India,NA,Bihar,103804637,36,0,517,4
2020-05-04,India,NA,Bihar,103804637,11,0,528,4
2020-05-05,India,NA,Bihar,103804637,7,0,535,4
2020-05-06,India,NA,Bihar,103804637,7,0,542,4
2020-05-07,India,NA,Bihar,103804637,8,1,550,5
2020-05-08,India,NA,Bihar,103804637,29,0,579,5
2020-05-09,India,NA,Bihar,103804637,32,0,611,5
2020-05-10,India,NA,Bihar,103804637,96,1,707,6
2020-05-11,India,NA,Bihar,103804637,42,0,749,6
2020-05-12,India,NA,Bihar,103804637,130,0,879,6
2020-05-13,India,NA,Bihar,103804637,74,1,953,7
2020-05-14,India,NA,Bihar,103804637,46,0,999,7
2020-05-15,India,NA,Bihar,103804637,34,0,1033,7
2020-05-16,India,NA,Bihar,103804637,145,1,1178,8
2020-05-17,India,NA,Bihar,103804637,142,0,1320,8
2020-05-18,India,NA,Bihar,103804637,103,1,1423,9
2020-05-19,India,NA,Bihar,103804637,96,0,1519,9
2020-05-20,India,NA,Bihar,103804637,257,0,1776,9
2020-05-21,India,NA,Bihar,103804637,211,0,1987,9
2020-05-22,India,NA,Bihar,103804637,179,2,2166,11
2020-05-23,India,NA,Bihar,103804637,228,0,2394,11
2020-05-24,India,NA,Bihar,103804637,180,0,2574,11
2020-05-25,India,NA,Bihar,103804637,163,2,2737,13
2020-05-26,India,NA,Bihar,103804637,231,1,2968,14
2020-05-27,India,NA,Bihar,103804637,68,1,3036,15
2020-05-28,India,NA,Bihar,103804637,149,0,3185,15
2020-05-29,India,NA,Bihar,103804637,174,0,3359,15
2020-05-30,India,NA,Bihar,103804637,206,6,3565,21
2020-05-31,India,NA,Bihar,103804637,242,2,3807,23
2020-06-01,India,NA,Bihar,103804637,138,0,3945,23
2020-06-02,India,NA,Bihar,103804637,151,1,4096,24
2020-06-03,India,NA,Bihar,103804637,230,1,4326,25
2020-06-04,India,NA,Bihar,103804637,126,3,4452,28
2020-06-05,India,NA,Bihar,103804637,146,1,4598,29
2020-06-06,India,NA,Bihar,103804637,233,0,4831,29
2020-06-07,India,NA,Bihar,103804637,239,1,5070,30
2020-06-08,India,NA,Bihar,103804637,177,1,5247,31
2020-06-09,India,NA,Bihar,103804637,208,2,5455,33
2020-06-10,India,NA,Bihar,103804637,243,1,5698,34
2020-06-11,India,NA,Bihar,103804637,250,0,5948,34
2020-06-12,India,NA,Bihar,103804637,148,1,6096,35
2020-06-13,India,NA,Bihar,103804637,193,0,6289,35
2020-06-14,India,NA,Bihar,103804637,186,1,6475,36
2020-06-15,India,NA,Bihar,103804637,187,2,6662,38
2020-06-16,India,NA,Bihar,103804637,148,1,6810,39
2020-06-17,India,NA,Bihar,103804637,130,0,6940,39
2020-06-18,India,NA,Bihar,103804637,100,5,7040,44
2020-06-19,India,NA,Bihar,103804637,250,5,7290,49
2020-06-20,India,NA,Bihar,103804637,213,0,7503,49
2020-06-21,India,NA,Bihar,103804637,162,2,7665,51
2020-06-22,India,NA,Bihar,103804637,228,1,7893,52
2020-06-23,India,NA,Bihar,103804637,157,2,8050,54
2020-06-24,India,NA,Bihar,103804637,223,1,8273,55
2020-06-25,India,NA,Bihar,103804637,215,1,8488,56
2020-06-26,India,NA,Bihar,103804637,190,0,8678,56
2020-06-27,India,NA,Bihar,103804637,302,2,8980,58
2020-06-28,India,NA,Bihar,103804637,244,4,9224,62
2020-06-29,India,NA,Bihar,103804637,394,1,9618,63
2020-06-30,India,NA,Bihar,103804637,370,5,9988,68
2020-07-01,India,NA,Bihar,103804637,216,5,10204,73
2020-07-02,India,NA,Bihar,103804637,478,5,10682,78
2020-07-03,India,NA,Bihar,103804637,426,6,11108,84
2020-07-04,India,NA,Bihar,103804637,349,4,11457,88
2020-07-05,India,NA,Bihar,103804637,403,2,11860,90
2020-07-06,India,NA,Bihar,103804637,280,7,12140,97
2020-07-07,India,NA,Bihar,103804637,385,1,12525,98
2020-07-08,India,NA,Bihar,103804637,749,2,13274,100
2020-07-09,India,NA,Bihar,103804637,704,9,13978,109
2020-07-10,India,NA,Bihar,103804637,352,2,14330,111
2020-07-11,India,NA,Bihar,103804637,709,7,15039,118
2020-07-12,India,NA,Bihar,103804637,1266,7,16305,125
2020-07-13,India,NA,Bihar,103804637,1116,9,17421,134
2020-07-14,India,NA,Bihar,103804637,1432,9,18853,143
2020-07-15,India,NA,Bihar,103804637,1320,14,20173,157
2020-07-16,India,NA,Bihar,103804637,1385,10,21558,167
2020-07-17,India,NA,Bihar,103804637,1742,6,23300,173
2020-07-18,India,NA,Bihar,103804637,1667,4,24967,177
2020-07-19,India,NA,Bihar,103804637,1412,2,26379,179
2020-07-20,India,NA,Bihar,103804637,1076,8,27455,187
2020-07-21,India,NA,Bihar,103804637,1109,11,28564,198
2020-07-22,India,NA,Bihar,103804637,1502,10,30066,208
2020-07-23,India,NA,Bihar,103804637,1625,4,31691,212
2020-07-24,India,NA,Bihar,103804637,1820,9,33511,221
2020-07-25,India,NA,Bihar,103804637,2803,11,36314,232
2020-07-26,India,NA,Bihar,103804637,2605,17,38919,249
2020-07-27,India,NA,Bihar,103804637,2192,6,41111,255
2020-07-28,India,NA,Bihar,103804637,2480,14,43591,269
2020-07-29,India,NA,Bihar,103804637,2328,4,45919,273
2020-07-30,India,NA,Bihar,103804637,2082,12,48001,285
2020-07-31,India,NA,Bihar,103804637,2986,13,50987,298
2020-08-01,India,NA,Bihar,103804637,3521,14,54508,312
2020-08-02,India,NA,Bihar,103804637,2762,10,57270,322
2020-08-03,India,NA,Bihar,103804637,2297,14,59567,336
2020-08-04,India,NA,Bihar,103804637,2464,13,62031,349
2020-08-05,India,NA,Bihar,103804637,2701,20,64732,369
2020-08-06,India,NA,Bihar,103804637,3416,19,68148,388
2020-08-07,India,NA,Bihar,103804637,3646,12,71794,400
2020-08-08,India,NA,Bihar,103804637,3992,19,75786,419
2020-08-09,India,NA,Bihar,103804637,3934,10,79720,429
2020-08-10,India,NA,Bihar,103804637,3021,21,82741,450
2020-08-11,India,NA,Bihar,103804637,4071,15,86812,465
2020-08-12,India,NA,Bihar,103804637,3741,9,90553,474
2020-08-13,India,NA,Bihar,103804637,3906,10,94459,484
2020-08-14,India,NA,Bihar,103804637,3911,16,98370,500
2020-08-15,India,NA,Bihar,103804637,3536,15,101906,515
2020-08-16,India,NA,Bihar,103804637,2187,22,104093,537
2020-08-17,India,NA,Bihar,103804637,2525,5,106618,542
2020-08-18,India,NA,Bihar,103804637,3257,16,109875,558
2020-08-19,India,NA,Bihar,103804637,2884,10,112759,568
2020-08-20,India,NA,Bihar,103804637,2451,6,115210,574
2020-08-21,India,NA,Bihar,103804637,2461,14,117671,588
2020-08-22,India,NA,Bihar,103804637,2238,13,119909,601
2020-08-23,India,NA,Bihar,103804637,2247,9,122156,610
2020-08-24,India,NA,Bihar,103804637,1227,17,123383,627
2020-08-25,India,NA,Bihar,103804637,1444,17,124827,644
2020-08-26,India,NA,Bihar,103804637,2163,9,126990,653
2020-08-27,India,NA,Bihar,103804637,1860,9,128850,662
2020-08-28,India,NA,Bihar,103804637,1998,12,130848,674
2020-08-29,India,NA,Bihar,103804637,2087,5,132935,679
2020-08-30,India,NA,Bihar,103804637,2078,9,135013,688
2020-08-31,India,NA,Bihar,103804637,1324,6,136337,694
2020-09-01,India,NA,Bihar,103804637,1928,15,138265,709
2020-09-02,India,NA,Bihar,103804637,1969,13,140234,722
2020-09-03,India,NA,Bihar,103804637,1922,6,142156,728
2020-09-04,India,NA,Bihar,103804637,1978,13,144134,741
2020-09-05,India,NA,Bihar,103804637,1727,9,145861,750
2020-09-06,India,NA,Bihar,103804637,1797,4,147658,754
2020-09-07,India,NA,Bihar,103804637,1369,7,149027,761
2020-09-08,India,NA,Bihar,103804637,1667,4,150694,765
2020-09-09,India,NA,Bihar,103804637,1498,10,152192,775
2020-09-10,India,NA,Bihar,103804637,1543,10,153735,785
2020-09-11,India,NA,Bihar,103804637,1710,12,155445,797
2020-09-12,India,NA,Bihar,103804637,1421,11,156866,808
2020-09-13,India,NA,Bihar,103804637,1523,14,158389,822
2020-09-14,India,NA,Bihar,103804637,1137,9,159526,831
2020-09-15,India,NA,Bihar,103804637,1575,5,161101,836
2020-03-30,India,NA,Chandigarh,1055450,5,0,13,0
2020-03-31,India,NA,Chandigarh,1055450,2,0,15,0
2020-04-01,India,NA,Chandigarh,1055450,2,0,17,0
2020-04-02,India,NA,Chandigarh,1055450,1,0,18,0
2020-04-03,India,NA,Chandigarh,1055450,0,0,18,0
2020-04-04,India,NA,Chandigarh,1055450,0,0,18,0
2020-04-05,India,NA,Chandigarh,1055450,0,0,18,0
2020-04-06,India,NA,Chandigarh,1055450,0,0,18,0
2020-04-07,India,NA,Chandigarh,1055450,0,0,18,0
2020-04-08,India,NA,Chandigarh,1055450,0,0,18,0
2020-04-09,India,NA,Chandigarh,1055450,0,0,18,0
2020-04-10,India,NA,Chandigarh,1055450,1,0,19,0
2020-04-11,India,NA,Chandigarh,1055450,0,0,19,0
2020-04-12,India,NA,Chandigarh,1055450,2,0,21,0
2020-04-13,India,NA,Chandigarh,1055450,0,0,21,0
2020-04-14,India,NA,Chandigarh,1055450,0,0,21,0
2020-04-15,India,NA,Chandigarh,1055450,0,0,21,0
2020-04-16,India,NA,Chandigarh,1055450,0,0,21,0
2020-04-17,India,NA,Chandigarh,1055450,0,0,21,0
2020-04-18,India,NA,Chandigarh,1055450,2,0,23,0
2020-04-19,India,NA,Chandigarh,1055450,3,0,26,0
2020-04-20,India,NA,Chandigarh,1055450,0,0,26,0
2020-04-21,India,NA,Chandigarh,1055450,1,0,27,0
2020-04-22,India,NA,Chandigarh,1055450,0,0,27,0
2020-04-23,India,NA,Chandigarh,1055450,0,0,27,0
2020-04-24,India,NA,Chandigarh,1055450,0,0,27,0
2020-04-25,India,NA,Chandigarh,1055450,1,0,28,0
2020-04-26,India,NA,Chandigarh,1055450,8,0,36,0
2020-04-27,India,NA,Chandigarh,1055450,9,0,45,0
2020-04-28,India,NA,Chandigarh,1055450,11,0,56,0
2020-04-29,India,NA,Chandigarh,1055450,12,0,68,0
2020-04-30,India,NA,Chandigarh,1055450,6,0,74,0
2020-05-01,India,NA,Chandigarh,1055450,14,0,88,0
2020-05-02,India,NA,Chandigarh,1055450,6,0,94,0
2020-05-03,India,NA,Chandigarh,1055450,3,1,97,1
2020-05-04,India,NA,Chandigarh,1055450,5,0,102,1
2020-05-05,India,NA,Chandigarh,1055450,17,0,119,1
2020-05-06,India,NA,Chandigarh,1055450,5,0,124,1
2020-05-07,India,NA,Chandigarh,1055450,11,0,135,1
2020-05-08,India,NA,Chandigarh,1055450,11,1,146,2
2020-05-09,India,NA,Chandigarh,1055450,23,0,169,2
2020-05-10,India,NA,Chandigarh,1055450,4,1,173,3
2020-05-11,India,NA,Chandigarh,1055450,8,0,181,3
2020-05-12,India,NA,Chandigarh,1055450,6,0,187,3
2020-05-13,India,NA,Chandigarh,1055450,4,0,191,3
2020-05-14,India,NA,Chandigarh,1055450,0,0,191,3
2020-05-15,India,NA,Chandigarh,1055450,0,0,191,3
2020-05-16,India,NA,Chandigarh,1055450,0,0,191,3
2020-05-17,India,NA,Chandigarh,1055450,0,0,191,3
2020-05-18,India,NA,Chandigarh,1055450,5,0,196,3
2020-05-19,India,NA,Chandigarh,1055450,3,0,199,3
2020-05-20,India,NA,Chandigarh,1055450,3,0,202,3
2020-05-21,India,NA,Chandigarh,1055450,16,0,218,3
2020-05-22,India,NA,Chandigarh,1055450,1,0,219,3
2020-05-23,India,NA,Chandigarh,1055450,6,0,225,3
2020-05-24,India,NA,Chandigarh,1055450,37,1,262,4
2020-05-25,India,NA,Chandigarh,1055450,4,0,266,4
2020-05-26,India,NA,Chandigarh,1055450,12,0,278,4
2020-05-27,India,NA,Chandigarh,1055450,1,0,279,4
2020-05-28,India,NA,Chandigarh,1055450,10,0,289,4
2020-05-29,India,NA,Chandigarh,1055450,0,0,289,4
2020-05-30,India,NA,Chandigarh,1055450,0,0,289,4
2020-05-31,India,NA,Chandigarh,1055450,4,0,293,4
2020-06-01,India,NA,Chandigarh,1055450,4,0,297,4
2020-06-02,India,NA,Chandigarh,1055450,4,1,301,5
2020-06-03,India,NA,Chandigarh,1055450,0,0,301,5
2020-06-04,India,NA,Chandigarh,1055450,1,0,302,5
2020-06-05,India,NA,Chandigarh,1055450,7,0,309,5
2020-06-06,India,NA,Chandigarh,1055450,3,0,312,5
2020-06-07,India,NA,Chandigarh,1055450,2,0,314,5
2020-06-08,India,NA,Chandigarh,1055450,6,0,320,5
2020-06-09,India,NA,Chandigarh,1055450,6,0,326,5
2020-06-10,India,NA,Chandigarh,1055450,2,0,328,5
2020-06-11,India,NA,Chandigarh,1055450,4,0,332,5
2020-06-12,India,NA,Chandigarh,1055450,13,0,345,5
2020-06-13,India,NA,Chandigarh,1055450,5,0,350,5
2020-06-14,India,NA,Chandigarh,1055450,2,0,352,5
2020-06-15,India,NA,Chandigarh,1055450,5,1,357,6
2020-06-16,India,NA,Chandigarh,1055450,8,0,365,6
2020-06-17,India,NA,Chandigarh,1055450,5,0,370,6
2020-06-18,India,NA,Chandigarh,1055450,4,0,374,6
2020-06-19,India,NA,Chandigarh,1055450,7,0,381,6
2020-06-20,India,NA,Chandigarh,1055450,23,0,404,6
2020-06-21,India,NA,Chandigarh,1055450,2,0,406,6
2020-06-22,India,NA,Chandigarh,1055450,5,0,411,6
2020-06-23,India,NA,Chandigarh,1055450,7,0,418,6
2020-06-24,India,NA,Chandigarh,1055450,2,0,420,6
2020-06-25,India,NA,Chandigarh,1055450,3,0,423,6
2020-06-26,India,NA,Chandigarh,1055450,2,0,425,6
2020-06-27,India,NA,Chandigarh,1055450,3,0,428,6
2020-06-28,India,NA,Chandigarh,1055450,3,0,431,6
2020-06-29,India,NA,Chandigarh,1055450,3,0,434,6
2020-06-30,India,NA,Chandigarh,1055450,6,0,440,6
2020-07-01,India,NA,Chandigarh,1055450,6,0,446,6
2020-07-02,India,NA,Chandigarh,1055450,4,0,450,6
2020-07-03,India,NA,Chandigarh,1055450,4,0,454,6
2020-07-04,India,NA,Chandigarh,1055450,5,0,459,6
2020-07-05,India,NA,Chandigarh,1055450,7,0,466,6
2020-07-06,India,NA,Chandigarh,1055450,21,0,487,6
2020-07-07,India,NA,Chandigarh,1055450,5,1,492,7
2020-07-08,India,NA,Chandigarh,1055450,15,0,507,7
2020-07-09,India,NA,Chandigarh,1055450,16,0,523,7
2020-07-10,India,NA,Chandigarh,1055450,13,0,536,7
2020-07-11,India,NA,Chandigarh,1055450,13,1,549,8
2020-07-12,India,NA,Chandigarh,1055450,10,0,559,8
2020-07-13,India,NA,Chandigarh,1055450,29,0,588,8
2020-07-14,India,NA,Chandigarh,1055450,12,2,600,10
2020-07-15,India,NA,Chandigarh,1055450,19,1,619,11
2020-07-16,India,NA,Chandigarh,1055450,16,0,635,11
2020-07-17,India,NA,Chandigarh,1055450,25,0,660,11
2020-07-18,India,NA,Chandigarh,1055450,31,1,691,12
2020-07-19,India,NA,Chandigarh,1055450,26,0,717,12
2020-07-20,India,NA,Chandigarh,1055450,20,0,737,12
2020-07-21,India,NA,Chandigarh,1055450,14,0,751,12
2020-07-22,India,NA,Chandigarh,1055450,29,1,780,13
2020-07-23,India,NA,Chandigarh,1055450,20,0,800,13
2020-07-24,India,NA,Chandigarh,1055450,23,0,823,13
2020-07-25,India,NA,Chandigarh,1055450,29,0,852,13
2020-07-26,India,NA,Chandigarh,1055450,35,0,887,13
2020-07-27,India,NA,Chandigarh,1055450,23,1,910,14
2020-07-28,India,NA,Chandigarh,1055450,24,0,934,14
2020-07-29,India,NA,Chandigarh,1055450,44,0,978,14
2020-07-30,India,NA,Chandigarh,1055450,38,0,1016,14
2020-07-31,India,NA,Chandigarh,1055450,35,1,1051,15
2020-08-01,India,NA,Chandigarh,1055450,28,3,1079,18
2020-08-02,India,NA,Chandigarh,1055450,38,1,1117,19
2020-08-03,India,NA,Chandigarh,1055450,43,0,1160,19
2020-08-04,India,NA,Chandigarh,1055450,46,1,1206,20
2020-08-05,India,NA,Chandigarh,1055450,64,0,1270,20
2020-08-06,India,NA,Chandigarh,1055450,57,0,1327,20
2020-08-07,India,NA,Chandigarh,1055450,47,3,1374,23
2020-08-08,India,NA,Chandigarh,1055450,52,1,1426,24
2020-08-09,India,NA,Chandigarh,1055450,89,1,1515,25
2020-08-10,India,NA,Chandigarh,1055450,80,0,1595,25
2020-08-11,India,NA,Chandigarh,1055450,75,1,1670,26
2020-08-12,India,NA,Chandigarh,1055450,81,1,1751,27
2020-08-13,India,NA,Chandigarh,1055450,91,1,1842,28
2020-08-14,India,NA,Chandigarh,1055450,86,0,1928,28
2020-08-15,India,NA,Chandigarh,1055450,81,0,2009,28
2020-08-16,India,NA,Chandigarh,1055450,93,1,2102,29
2020-08-17,India,NA,Chandigarh,1055450,114,1,2216,30
2020-08-18,India,NA,Chandigarh,1055450,89,0,2305,30
2020-08-19,India,NA,Chandigarh,1055450,91,1,2396,31
2020-08-20,India,NA,Chandigarh,1055450,119,0,2515,31
2020-08-21,India,NA,Chandigarh,1055450,116,2,2631,33
2020-08-22,India,NA,Chandigarh,1055450,145,0,2776,33
2020-08-23,India,NA,Chandigarh,1055450,142,4,2918,37
2020-08-24,India,NA,Chandigarh,1055450,117,0,3035,37
2020-08-25,India,NA,Chandigarh,1055450,174,3,3209,40
2020-08-26,India,NA,Chandigarh,1055450,167,1,3376,41
2020-08-27,India,NA,Chandigarh,1055450,188,2,3564,43
2020-08-28,India,NA,Chandigarh,1055450,160,2,3724,45
2020-08-29,India,NA,Chandigarh,1055450,261,0,3985,45
2020-08-30,India,NA,Chandigarh,1055450,170,7,4155,52
2020-08-31,India,NA,Chandigarh,1055450,191,4,4346,56
2020-09-01,India,NA,Chandigarh,1055450,204,1,4550,57
2020-09-02,India,NA,Chandigarh,1055450,239,2,4789,59
2020-09-03,India,NA,Chandigarh,1055450,276,4,5065,63
2020-09-04,India,NA,Chandigarh,1055450,203,5,5268,68
2020-09-05,India,NA,Chandigarh,1055450,234,1,5502,69
2020-09-06,India,NA,Chandigarh,1055450,261,2,5763,71
2020-09-07,India,NA,Chandigarh,1055450,232,3,5995,74
2020-09-08,India,NA,Chandigarh,1055450,377,1,6372,75
2020-09-09,India,NA,Chandigarh,1055450,332,2,6704,77
2020-09-10,India,NA,Chandigarh,1055450,283,3,6987,80
2020-09-11,India,NA,Chandigarh,1055450,305,3,7292,83
2020-09-12,India,NA,Chandigarh,1055450,250,6,7542,89
2020-09-13,India,NA,Chandigarh,1055450,449,1,7991,90
2020-09-14,India,NA,Chandigarh,1055450,254,5,8245,95
2020-09-15,India,NA,Chandigarh,1055450,347,1,8592,96
2020-04-09,India,NA,Chhattisgarh,25545198,8,0,18,0
2020-04-10,India,NA,Chhattisgarh,25545198,0,0,18,0
2020-04-11,India,NA,Chhattisgarh,25545198,7,0,25,0
2020-04-12,India,NA,Chhattisgarh,25545198,6,0,31,0
2020-04-13,India,NA,Chhattisgarh,25545198,0,0,31,0
2020-04-14,India,NA,Chhattisgarh,25545198,2,0,33,0
2020-04-15,India,NA,Chhattisgarh,25545198,0,0,33,0
2020-04-16,India,NA,Chhattisgarh,25545198,3,0,36,0
2020-04-17,India,NA,Chhattisgarh,25545198,0,0,36,0
2020-04-18,India,NA,Chhattisgarh,25545198,0,0,36,0
2020-04-19,India,NA,Chhattisgarh,25545198,0,0,36,0
2020-04-20,India,NA,Chhattisgarh,25545198,0,0,36,0
2020-04-21,India,NA,Chhattisgarh,25545198,0,0,36,0
2020-04-22,India,NA,Chhattisgarh,25545198,0,0,36,0
2020-04-23,India,NA,Chhattisgarh,25545198,0,0,36,0
2020-04-24,India,NA,Chhattisgarh,25545198,0,0,36,0
2020-04-25,India,NA,Chhattisgarh,25545198,1,0,37,0
2020-04-26,India,NA,Chhattisgarh,25545198,0,0,37,0
2020-04-27,India,NA,Chhattisgarh,25545198,0,0,37,0
2020-04-28,India,NA,Chhattisgarh,25545198,1,0,38,0
2020-04-29,India,NA,Chhattisgarh,25545198,0,0,38,0
2020-04-30,India,NA,Chhattisgarh,25545198,2,0,40,0
2020-05-01,India,NA,Chhattisgarh,25545198,3,0,43,0
2020-05-02,India,NA,Chhattisgarh,25545198,0,0,43,0
2020-05-03,India,NA,Chhattisgarh,25545198,14,0,57,0
2020-05-04,India,NA,Chhattisgarh,25545198,1,0,58,0
2020-05-05,India,NA,Chhattisgarh,25545198,1,0,59,0
2020-05-06,India,NA,Chhattisgarh,25545198,0,0,59,0
2020-05-07,India,NA,Chhattisgarh,25545198,0,0,59,0
2020-05-08,India,NA,Chhattisgarh,25545198,0,0,59,0
2020-05-09,India,NA,Chhattisgarh,25545198,0,0,59,0
2020-05-10,India,NA,Chhattisgarh,25545198,0,0,59,0
2020-05-11,India,NA,Chhattisgarh,25545198,0,0,59,0
2020-05-12,India,NA,Chhattisgarh,25545198,0,0,59,0
2020-05-13,India,NA,Chhattisgarh,25545198,0,0,59,0
2020-05-14,India,NA,Chhattisgarh,25545198,1,0,60,0
2020-05-15,India,NA,Chhattisgarh,25545198,6,0,66,0
2020-05-16,India,NA,Chhattisgarh,25545198,1,0,67,0
2020-05-17,India,NA,Chhattisgarh,25545198,18,0,85,0
2020-05-18,India,NA,Chhattisgarh,25545198,10,0,95,0
2020-05-19,India,NA,Chhattisgarh,25545198,5,0,100,0
2020-05-20,India,NA,Chhattisgarh,25545198,14,0,114,0
2020-05-21,India,NA,Chhattisgarh,25545198,14,0,128,0
2020-05-22,India,NA,Chhattisgarh,25545198,44,0,172,0
2020-05-23,India,NA,Chhattisgarh,25545198,42,0,214,0
2020-05-24,India,NA,Chhattisgarh,25545198,38,0,252,0
2020-05-25,India,NA,Chhattisgarh,25545198,40,0,292,0
2020-05-26,India,NA,Chhattisgarh,25545198,68,0,360,0
2020-05-27,India,NA,Chhattisgarh,25545198,4,0,364,0
2020-05-28,India,NA,Chhattisgarh,25545198,34,0,398,0
2020-05-29,India,NA,Chhattisgarh,25545198,17,1,415,1
2020-05-30,India,NA,Chhattisgarh,25545198,32,0,447,1
2020-05-31,India,NA,Chhattisgarh,25545198,51,0,498,1
2020-06-01,India,NA,Chhattisgarh,25545198,49,0,547,1
2020-06-02,India,NA,Chhattisgarh,25545198,15,1,562,2
2020-06-03,India,NA,Chhattisgarh,25545198,64,0,626,2
2020-06-04,India,NA,Chhattisgarh,25545198,147,0,773,2
2020-06-05,India,NA,Chhattisgarh,25545198,90,0,863,2
2020-06-06,India,NA,Chhattisgarh,25545198,60,2,923,4
2020-06-07,India,NA,Chhattisgarh,25545198,150,0,1073,4
2020-06-08,India,NA,Chhattisgarh,25545198,124,0,1197,4
2020-06-09,India,NA,Chhattisgarh,25545198,14,1,1211,5
2020-06-10,India,NA,Chhattisgarh,25545198,51,1,1262,6
2020-06-11,India,NA,Chhattisgarh,25545198,136,0,1398,6
2020-06-12,India,NA,Chhattisgarh,25545198,47,0,1445,6
2020-06-13,India,NA,Chhattisgarh,25545198,105,0,1550,6
2020-06-14,India,NA,Chhattisgarh,25545198,121,3,1671,9
2020-06-15,India,NA,Chhattisgarh,25545198,44,0,1715,9
2020-06-16,India,NA,Chhattisgarh,25545198,69,0,1784,9
2020-06-17,India,NA,Chhattisgarh,25545198,80,0,1864,9
2020-06-18,India,NA,Chhattisgarh,25545198,82,0,1946,9
2020-06-19,India,NA,Chhattisgarh,25545198,72,1,2018,10
2020-06-20,India,NA,Chhattisgarh,25545198,116,1,2134,11
2020-06-21,India,NA,Chhattisgarh,25545198,121,0,2255,11
2020-06-22,India,NA,Chhattisgarh,25545198,47,1,2302,12
2020-06-23,India,NA,Chhattisgarh,25545198,83,0,2385,12
2020-06-24,India,NA,Chhattisgarh,25545198,34,0,2419,12
2020-06-25,India,NA,Chhattisgarh,25545198,37,0,2456,12
2020-06-26,India,NA,Chhattisgarh,25545198,89,1,2545,13
2020-06-27,India,NA,Chhattisgarh,25545198,65,0,2610,13
2020-06-28,India,NA,Chhattisgarh,25545198,84,0,2694,13
2020-06-29,India,NA,Chhattisgarh,25545198,101,0,2795,13
2020-06-30,India,NA,Chhattisgarh,25545198,63,0,2858,13
2020-07-01,India,NA,Chhattisgarh,25545198,82,1,2940,14
2020-07-02,India,NA,Chhattisgarh,25545198,73,0,3013,14
2020-07-03,India,NA,Chhattisgarh,25545198,52,0,3065,14
2020-07-04,India,NA,Chhattisgarh,25545198,96,0,3161,14
2020-07-05,India,NA,Chhattisgarh,25545198,46,0,3207,14
2020-07-06,India,NA,Chhattisgarh,25545198,98,0,3305,14
2020-07-07,India,NA,Chhattisgarh,25545198,110,0,3415,14
2020-07-08,India,NA,Chhattisgarh,25545198,111,0,3526,14
2020-07-09,India,NA,Chhattisgarh,25545198,140,1,3666,15
2020-07-10,India,NA,Chhattisgarh,25545198,166,2,3832,17
2020-07-11,India,NA,Chhattisgarh,25545198,65,0,3897,17
2020-07-12,India,NA,Chhattisgarh,25545198,184,2,4081,19
2020-07-13,India,NA,Chhattisgarh,25545198,184,0,4265,19
2020-07-14,India,NA,Chhattisgarh,25545198,114,1,4379,20
2020-07-15,India,NA,Chhattisgarh,25545198,177,0,4556,20
2020-07-16,India,NA,Chhattisgarh,25545198,198,1,4754,21
2020-07-17,India,NA,Chhattisgarh,25545198,249,3,5003,24
2020-07-18,India,NA,Chhattisgarh,25545198,243,0,5246,24
2020-07-19,India,NA,Chhattisgarh,25545198,161,0,5407,24
2020-07-20,India,NA,Chhattisgarh,25545198,191,4,5598,28
2020-07-21,India,NA,Chhattisgarh,25545198,133,1,5731,29
2020-07-22,India,NA,Chhattisgarh,25545198,268,0,5999,29
2020-07-23,India,NA,Chhattisgarh,25545198,371,5,6370,34
2020-07-24,India,NA,Chhattisgarh,25545198,449,2,6819,36
2020-07-25,India,NA,Chhattisgarh,25545198,363,3,7182,39
2020-07-26,India,NA,Chhattisgarh,25545198,431,4,7613,43
2020-07-27,India,NA,Chhattisgarh,25545198,367,2,7980,45
2020-07-28,India,NA,Chhattisgarh,25545198,306,1,8286,46
2020-07-29,India,NA,Chhattisgarh,25545198,314,4,8600,50
2020-07-30,India,NA,Chhattisgarh,25545198,256,1,8856,51
2020-07-31,India,NA,Chhattisgarh,25545198,336,3,9192,54
2020-08-01,India,NA,Chhattisgarh,25545198,235,1,9427,55
2020-08-02,India,NA,Chhattisgarh,25545198,181,3,9608,58
2020-08-03,India,NA,Chhattisgarh,25545198,212,3,9820,61
2020-08-04,India,NA,Chhattisgarh,25545198,382,8,10202,69
2020-08-05,India,NA,Chhattisgarh,25545198,295,2,10497,71
2020-08-06,India,NA,Chhattisgarh,25545198,523,6,11020,77
2020-08-07,India,NA,Chhattisgarh,25545198,388,10,11408,87
2020-08-08,India,NA,Chhattisgarh,25545198,447,3,11855,90
2020-08-09,India,NA,Chhattisgarh,25545198,293,6,12148,96
2020-08-10,India,NA,Chhattisgarh,25545198,477,3,12625,99
2020-08-11,India,NA,Chhattisgarh,25545198,360,5,12985,104
2020-08-12,India,NA,Chhattisgarh,25545198,567,5,13552,109
2020-08-13,India,NA,Chhattisgarh,25545198,478,8,14030,117
2020-08-14,India,NA,Chhattisgarh,25545198,529,13,14559,130
2020-08-15,India,NA,Chhattisgarh,25545198,486,4,15045,134
2020-08-16,India,NA,Chhattisgarh,25545198,576,8,15621,142
2020-08-17,India,NA,Chhattisgarh,25545198,404,8,16025,150
2020-08-18,India,NA,Chhattisgarh,25545198,808,8,16833,158
2020-08-19,India,NA,Chhattisgarh,25545198,752,6,17585,164
2020-08-20,India,NA,Chhattisgarh,25545198,1052,8,18637,172
2020-08-21,India,NA,Chhattisgarh,25545198,873,8,19510,180
2020-08-22,India,NA,Chhattisgarh,25545198,704,10,20214,190
2020-08-23,India,NA,Chhattisgarh,25545198,704,7,20918,197
2020-08-24,India,NA,Chhattisgarh,25545198,1136,9,22054,206
2020-08-25,India,NA,Chhattisgarh,25545198,1287,15,23341,221
2020-08-26,India,NA,Chhattisgarh,25545198,1209,10,24550,231
2020-08-27,India,NA,Chhattisgarh,25545198,1438,14,25988,245
2020-08-28,India,NA,Chhattisgarh,25545198,1245,6,27233,251
2020-08-29,India,NA,Chhattisgarh,25545198,1513,11,28746,262
2020-08-30,India,NA,Chhattisgarh,25545198,1346,7,30092,269
2020-08-31,India,NA,Chhattisgarh,25545198,1411,8,31503,277
2020-09-01,India,NA,Chhattisgarh,25545198,1884,10,33387,287
2020-09-02,India,NA,Chhattisgarh,25545198,2296,12,35683,299
2020-09-03,India,NA,Chhattisgarh,25545198,2284,16,37967,315
2020-09-04,India,NA,Chhattisgarh,25545198,2667,22,40634,337
2020-09-05,India,NA,Chhattisgarh,25545198,2529,19,43163,356
2020-09-06,India,NA,Chhattisgarh,25545198,2100,24,45263,380
2020-09-07,India,NA,Chhattisgarh,25545198,2017,15,47280,395
2020-09-08,India,NA,Chhattisgarh,25545198,2834,12,50114,407
2020-09-09,India,NA,Chhattisgarh,25545198,2818,70,52932,477
2020-09-10,India,NA,Chhattisgarh,25545198,2748,16,55680,493
2020-09-11,India,NA,Chhattisgarh,25545198,2963,25,58643,518
2020-09-12,India,NA,Chhattisgarh,25545198,3120,21,61763,539
2020-09-13,India,NA,Chhattisgarh,25545198,2228,16,63991,555
2020-09-14,India,NA,Chhattisgarh,25545198,3336,18,67327,573
2020-09-15,India,NA,Chhattisgarh,25545198,3450,15,70777,588
2020-06-03,India,NA,Dadra and Nagar Haveli and Daman and Diu,342853,8,0,11,0
2020-06-04,India,NA,Dadra and Nagar Haveli and Daman and Diu,342853,3,0,14,0
2020-06-05,India,NA,Dadra and Nagar Haveli and Daman and Diu,342853,0,0,14,0
2020-06-06,India,NA,Dadra and Nagar Haveli and Daman and Diu,342853,5,0,19,0
2020-06-07,India,NA,Dadra and Nagar Haveli and Daman and Diu,342853,1,0,20,0
2020-06-08,India,NA,Dadra and Nagar Haveli and Daman and Diu,342853,2,0,22,0
2020-06-09,India,NA,Dadra and Nagar Haveli and Daman and Diu,342853,2,0,24,0
2020-06-10,India,NA,Dadra and Nagar Haveli and Daman and Diu,342853,5,0,29,0
2020-06-11,India,NA,Dadra and Nagar Haveli and Daman and Diu,342853,1,0,30,0
2020-06-12,India,NA,Dadra and Nagar Haveli and Daman and Diu,342853,0,0,30,0
2020-06-13,India,NA,Dadra and Nagar Haveli and Daman and Diu,342853,5,0,35,0
2020-06-14,India,NA,Dadra and Nagar Haveli and Daman and Diu,342853,4,0,39,0
2020-06-15,India,NA,Dadra and Nagar Haveli and Daman and Diu,342853,0,0,39,0
2020-06-16,India,NA,Dadra and Nagar Haveli and Daman and Diu,342853,15,0,54,0
2020-06-17,India,NA,Dadra and Nagar Haveli and Daman and Diu,342853,5,0,59,0
2020-06-18,India,NA,Dadra and Nagar Haveli and Daman and Diu,342853,4,0,63,0
2020-06-19,India,NA,Dadra and Nagar Haveli and Daman and Diu,342853,14,0,77,0
2020-06-20,India,NA,Dadra and Nagar Haveli and Daman and Diu,342853,17,0,94,0
2020-06-21,India,NA,Dadra and Nagar Haveli and Daman and Diu,342853,5,0,99,0
2020-06-22,India,NA,Dadra and Nagar Haveli and Daman and Diu,342853,15,0,114,0
2020-06-23,India,NA,Dadra and Nagar Haveli and Daman and Diu,342853,9,0,123,0
2020-06-24,India,NA,Dadra and Nagar Haveli and Daman and Diu,342853,13,0,136,0
2020-06-25,India,NA,Dadra and Nagar Haveli and Daman and Diu,342853,20,0,156,0
2020-06-26,India,NA,Dadra and Nagar Haveli and Daman and Diu,342853,15,0,171,0
2020-06-27,India,NA,Dadra and Nagar Haveli and Daman and Diu,342853,15,0,186,0
2020-06-28,India,NA,Dadra and Nagar Haveli and Daman and Diu,342853,4,0,190,0
2020-06-29,India,NA,Dadra and Nagar Haveli and Daman and Diu,342853,15,0,205,0
2020-06-30,India,NA,Dadra and Nagar Haveli and Daman and Diu,342853,10,0,215,0
2020-07-01,India,NA,Dadra and Nagar Haveli and Daman and Diu,342853,16,0,231,0
2020-07-02,India,NA,Dadra and Nagar Haveli and Daman and Diu,342853,25,0,256,0
2020-07-03,India,NA,Dadra and Nagar Haveli and Daman and Diu,342853,50,0,306,0
2020-07-04,India,NA,Dadra and Nagar Haveli and Daman and Diu,342853,37,0,343,0
2020-07-05,India,NA,Dadra and Nagar Haveli and Daman and Diu,342853,32,0,375,0
2020-07-06,India,NA,Dadra and Nagar Haveli and Daman and Diu,342853,27,0,402,0
2020-07-07,India,NA,Dadra and Nagar Haveli and Daman and Diu,342853,27,1,429,1
2020-07-08,India,NA,Dadra and Nagar Haveli and Daman and Diu,342853,15,0,444,1
2020-07-09,India,NA,Dadra and Nagar Haveli and Daman and Diu,342853,14,0,458,1
2020-07-10,India,NA,Dadra and Nagar Haveli and Daman and Diu,342853,14,0,472,1
2020-07-11,India,NA,Dadra and Nagar Haveli and Daman and Diu,342853,14,0,486,1
2020-07-12,India,NA,Dadra and Nagar Haveli and Daman and Diu,342853,16,0,502,1
2020-07-13,India,NA,Dadra and Nagar Haveli and Daman and Diu,342853,25,0,527,1
2020-07-14,India,NA,Dadra and Nagar Haveli and Daman and Diu,342853,16,0,543,1
2020-07-15,India,NA,Dadra and Nagar Haveli and Daman and Diu,342853,17,1,560,2
2020-07-16,India,NA,Dadra and Nagar Haveli and Daman and Diu,342853,18,0,578,2
2020-07-17,India,NA,Dadra and Nagar Haveli and Daman and Diu,342853,32,0,610,2
2020-07-18,India,NA,Dadra and Nagar Haveli and Daman and Diu,342853,45,0,655,2
2020-07-19,India,NA,Dadra and Nagar Haveli and Daman and Diu,342853,37,0,692,2
2020-07-20,India,NA,Dadra and Nagar Haveli and Daman and Diu,342853,21,0,713,2
2020-07-21,India,NA,Dadra and Nagar Haveli and Daman and Diu,342853,28,0,741,2
2020-07-22,India,NA,Dadra and Nagar Haveli and Daman and Diu,342853,36,0,777,2
2020-07-23,India,NA,Dadra and Nagar Haveli and Daman and Diu,342853,45,0,822,2
2020-07-24,India,NA,Dadra and Nagar Haveli and Daman and Diu,342853,44,0,866,2
2020-07-25,India,NA,Dadra and Nagar Haveli and Daman and Diu,342853,37,0,903,2
2020-07-26,India,NA,Dadra and Nagar Haveli and Daman and Diu,342853,49,0,952,2
2020-07-27,India,NA,Dadra and Nagar Haveli and Daman and Diu,342853,36,0,988,2
2020-07-28,India,NA,Dadra and Nagar Haveli and Daman and Diu,342853,44,0,1032,2
2020-07-29,India,NA,Dadra and Nagar Haveli and Daman and Diu,342853,38,0,1070,2
2020-07-30,India,NA,Dadra and Nagar Haveli and Daman and Diu,342853,35,0,1105,2
2020-07-31,India,NA,Dadra and Nagar Haveli and Daman and Diu,342853,46,0,1151,2
2020-08-01,India,NA,Dadra and Nagar Haveli and Daman and Diu,342853,45,0,1196,2
2020-08-02,India,NA,Dadra and Nagar Haveli and Daman and Diu,342853,55,0,1251,2
2020-08-03,India,NA,Dadra and Nagar Haveli and Daman and Diu,342853,35,0,1286,2
2020-08-04,India,NA,Dadra and Nagar Haveli and Daman and Diu,342853,43,0,1329,2
2020-08-05,India,NA,Dadra and Nagar Haveli and Daman and Diu,342853,45,0,1374,2
2020-08-06,India,NA,Dadra and Nagar Haveli and Daman and Diu,342853,43,0,1417,2
2020-08-07,India,NA,Dadra and Nagar Haveli and Daman and Diu,342853,44,0,1461,2
2020-08-08,India,NA,Dadra and Nagar Haveli and Daman and Diu,342853,51,0,1512,2
2020-08-09,India,NA,Dadra and Nagar Haveli and Daman and Diu,342853,45,0,1557,2
2020-08-10,India,NA,Dadra and Nagar Haveli and Daman and Diu,342853,62,0,1619,2
2020-08-11,India,NA,Dadra and Nagar Haveli and Daman and Diu,342853,39,0,1658,2
2020-08-12,India,NA,Dadra and Nagar Haveli and Daman and Diu,342853,39,0,1697,2
2020-08-13,India,NA,Dadra and Nagar Haveli and Daman and Diu,342853,46,0,1743,2
2020-08-14,India,NA,Dadra and Nagar Haveli and Daman and Diu,342853,41,0,1784,2
2020-08-15,India,NA,Dadra and Nagar Haveli and Daman and Diu,342853,64,0,1848,2
2020-08-16,India,NA,Dadra and Nagar Haveli and Daman and Diu,342853,35,0,1883,2
2020-08-17,India,NA,Dadra and Nagar Haveli and Daman and Diu,342853,27,0,1910,2
2020-08-18,India,NA,Dadra and Nagar Haveli and Daman and Diu,342853,51,0,1961,2
2020-08-19,India,NA,Dadra and Nagar Haveli and Daman and Diu,342853,37,0,1998,2
2020-08-20,India,NA,Dadra and Nagar Haveli and Daman and Diu,342853,34,0,2032,2
2020-08-21,India,NA,Dadra and Nagar Haveli and Daman and Diu,342853,53,0,2085,2
2020-08-22,India,NA,Dadra and Nagar Haveli and Daman and Diu,342853,40,0,2125,2
2020-08-23,India,NA,Dadra and Nagar Haveli and Daman and Diu,342853,36,0,2161,2
2020-08-24,India,NA,Dadra and Nagar Haveli and Daman and Diu,342853,18,0,2179,2
2020-08-25,India,NA,Dadra and Nagar Haveli and Daman and Diu,342853,21,0,2200,2
2020-08-26,India,NA,Dadra and Nagar Haveli and Daman and Diu,342853,22,0,2222,2
2020-08-27,India,NA,Dadra and Nagar Haveli and Daman and Diu,342853,42,0,2264,2
2020-08-28,India,NA,Dadra and Nagar Haveli and Daman and Diu,342853,31,0,2295,2
2020-08-29,India,NA,Dadra and Nagar Haveli and Daman and Diu,342853,15,0,2310,2
2020-08-30,India,NA,Dadra and Nagar Haveli and Daman and Diu,342853,32,0,2342,2
2020-08-31,India,NA,Dadra and Nagar Haveli and Daman and Diu,342853,27,0,2369,2
2020-09-01,India,NA,Dadra and Nagar Haveli and Daman and Diu,342853,19,0,2388,2
2020-09-02,India,NA,Dadra and Nagar Haveli and Daman and Diu,342853,44,0,2432,2
2020-09-03,India,NA,Dadra and Nagar Haveli and Daman and Diu,342853,29,0,2461,2
2020-09-04,India,NA,Dadra and Nagar Haveli and Daman and Diu,342853,51,0,2512,2
2020-09-05,India,NA,Dadra and Nagar Haveli and Daman and Diu,342853,21,0,2533,2
2020-09-06,India,NA,Dadra and Nagar Haveli and Daman and Diu,342853,38,0,2571,2
2020-09-07,India,NA,Dadra and Nagar Haveli and Daman and Diu,342853,15,0,2586,2
2020-09-08,India,NA,Dadra and Nagar Haveli and Daman and Diu,342853,27,0,2613,2
2020-09-09,India,NA,Dadra and Nagar Haveli and Daman and Diu,342853,26,0,2639,2
2020-09-10,India,NA,Dadra and Nagar Haveli and Daman and Diu,342853,28,0,2667,2
2020-09-11,India,NA,Dadra and Nagar Haveli and Daman and Diu,342853,25,0,2692,2
2020-09-12,India,NA,Dadra and Nagar Haveli and Daman and Diu,342853,29,0,2721,2
2020-09-13,India,NA,Dadra and Nagar Haveli and Daman and Diu,342853,20,0,2741,2
2020-09-14,India,NA,Dadra and Nagar Haveli and Daman and Diu,342853,22,0,2763,2
2020-09-15,India,NA,Dadra and Nagar Haveli and Daman and Diu,342853,17,0,2780,2
2020-03-19,India,NA,Delhi,26495000,4,0,14,1
2020-03-20,India,NA,Delhi,26495000,6,0,20,1
2020-03-21,India,NA,Delhi,26495000,7,0,27,1
2020-03-22,India,NA,Delhi,26495000,0,0,27,1
2020-03-23,India,NA,Delhi,26495000,3,0,30,1
2020-03-24,India,NA,Delhi,26495000,0,0,30,1
2020-03-25,India,NA,Delhi,26495000,5,0,35,1
2020-03-26,India,NA,Delhi,26495000,1,0,36,1
2020-03-27,India,NA,Delhi,26495000,4,0,40,1
2020-03-28,India,NA,Delhi,26495000,9,0,49,1
2020-03-29,India,NA,Delhi,26495000,23,1,72,2
2020-03-30,India,NA,Delhi,26495000,25,0,97,2
2020-03-31,India,NA,Delhi,26495000,23,0,120,2
2020-04-01,India,NA,Delhi,26495000,32,0,152,2
2020-04-02,India,NA,Delhi,26495000,141,2,293,4
2020-04-03,India,NA,Delhi,26495000,93,2,386,6
2020-04-04,India,NA,Delhi,26495000,59,0,445,6
2020-04-05,India,NA,Delhi,26495000,58,1,503,7
2020-04-06,India,NA,Delhi,26495000,22,0,525,7
2020-04-07,India,NA,Delhi,26495000,51,2,576,9
2020-04-08,India,NA,Delhi,26495000,93,0,669,9
2020-04-09,India,NA,Delhi,26495000,51,3,720,12
2020-04-10,India,NA,Delhi,26495000,183,2,903,14
2020-04-11,India,NA,Delhi,26495000,166,5,1069,19
2020-04-12,India,NA,Delhi,26495000,85,5,1154,24
2020-04-13,India,NA,Delhi,26495000,356,4,1510,28
2020-04-14,India,NA,Delhi,26495000,51,2,1561,30
2020-04-15,India,NA,Delhi,26495000,17,2,1578,32
2020-04-16,India,NA,Delhi,26495000,62,6,1640,38
2020-04-17,India,NA,Delhi,26495000,67,4,1707,42
2020-04-18,India,NA,Delhi,26495000,186,1,1893,43
2020-04-19,India,NA,Delhi,26495000,110,2,2003,45
2020-04-20,India,NA,Delhi,26495000,78,2,2081,47
2020-04-21,India,NA,Delhi,26495000,75,0,2156,47
2020-04-22,India,NA,Delhi,26495000,92,1,2248,48
2020-04-23,India,NA,Delhi,26495000,128,2,2376,50
2020-04-24,India,NA,Delhi,26495000,138,3,2514,53
2020-04-25,India,NA,Delhi,26495000,111,1,2625,54
2020-04-26,India,NA,Delhi,26495000,293,0,2918,54
2020-04-27,India,NA,Delhi,26495000,190,0,3108,54
2020-04-28,India,NA,Delhi,26495000,206,0,3314,54
2020-04-29,India,NA,Delhi,26495000,125,2,3439,56
2020-04-30,India,NA,Delhi,26495000,76,3,3515,59
2020-05-01,India,NA,Delhi,26495000,223,2,3738,61
2020-05-02,India,NA,Delhi,26495000,384,3,4122,64
2020-05-03,India,NA,Delhi,26495000,427,0,4549,64
2020-05-04,India,NA,Delhi,26495000,349,0,4898,64
2020-05-05,India,NA,Delhi,26495000,206,0,5104,64
2020-05-06,India,NA,Delhi,26495000,428,1,5532,65
2020-05-07,India,NA,Delhi,26495000,448,1,5980,66
2020-05-08,India,NA,Delhi,26495000,338,2,6318,68
2020-05-09,India,NA,Delhi,26495000,224,0,6542,68
2020-05-10,India,NA,Delhi,26495000,381,5,6923,73
2020-05-11,India,NA,Delhi,26495000,310,0,7233,73
2020-05-12,India,NA,Delhi,26495000,406,13,7639,86
2020-05-13,India,NA,Delhi,26495000,359,20,7998,106
2020-05-14,India,NA,Delhi,26495000,472,9,8470,115
2020-05-15,India,NA,Delhi,26495000,425,8,8895,123
2020-05-16,India,NA,Delhi,26495000,438,6,9333,129
2020-05-17,India,NA,Delhi,26495000,422,19,9755,148
2020-05-18,India,NA,Delhi,26495000,299,12,10054,160
2020-05-19,India,NA,Delhi,26495000,500,6,10554,166
2020-05-20,India,NA,Delhi,26495000,534,10,11088,176
2020-05-21,India,NA,Delhi,26495000,571,18,11659,194
2020-05-22,India,NA,Delhi,26495000,660,14,12319,208
2020-05-23,India,NA,Delhi,26495000,591,23,12910,231
2020-05-24,India,NA,Delhi,26495000,508,30,13418,261
2020-05-25,India,NA,Delhi,26495000,635,15,14053,276
2020-05-26,India,NA,Delhi,26495000,412,12,14465,288
2020-05-27,India,NA,Delhi,26495000,792,15,15257,303
2020-05-28,India,NA,Delhi,26495000,1024,13,16281,316
2020-05-29,India,NA,Delhi,26495000,1105,82,17386,398
2020-05-30,India,NA,Delhi,26495000,1163,18,18549,416
2020-05-31,India,NA,Delhi,26495000,1295,57,19844,473
2020-06-01,India,NA,Delhi,26495000,990,50,20834,523
2020-06-02,India,NA,Delhi,26495000,1298,33,22132,556
2020-06-03,India,NA,Delhi,26495000,1513,59,23645,615
2020-06-04,India,NA,Delhi,26495000,1359,44,25004,659
2020-06-05,India,NA,Delhi,26495000,1330,49,26334,708
2020-06-06,India,NA,Delhi,26495000,1320,53,27654,761
2020-06-07,India,NA,Delhi,26495000,1282,51,28936,812
2020-06-08,India,NA,Delhi,26495000,1007,62,29943,874
2020-06-09,India,NA,Delhi,26495000,1366,31,31309,905
2020-06-10,India,NA,Delhi,26495000,1501,79,32810,984
2020-06-11,India,NA,Delhi,26495000,1877,101,34687,1085
2020-06-12,India,NA,Delhi,26495000,2137,129,36824,1214
2020-06-13,India,NA,Delhi,26495000,2134,57,38958,1271
2020-06-14,India,NA,Delhi,26495000,2224,56,41182,1327
2020-06-15,India,NA,Delhi,26495000,1647,73,42829,1400
2020-06-16,India,NA,Delhi,26495000,1859,437,44688,1837
2020-06-17,India,NA,Delhi,26495000,2414,67,47102,1904
2020-06-18,India,NA,Delhi,26495000,2877,65,49979,1969
2020-06-19,India,NA,Delhi,26495000,3137,66,53116,2035
2020-06-20,India,NA,Delhi,26495000,3630,77,56746,2112
2020-06-21,India,NA,Delhi,26495000,3000,63,59746,2175
2020-06-22,India,NA,Delhi,26495000,2909,58,62655,2233
2020-06-23,India,NA,Delhi,26495000,3947,68,66602,2301
2020-06-24,India,NA,Delhi,26495000,3788,64,70390,2365
2020-06-25,India,NA,Delhi,26495000,3390,64,73780,2429
2020-06-26,India,NA,Delhi,26495000,3460,63,77240,2492
2020-06-27,India,NA,Delhi,26495000,2948,66,80188,2558
2020-06-28,India,NA,Delhi,26495000,2889,65,83077,2623
2020-06-29,India,NA,Delhi,26495000,2084,57,85161,2680
2020-06-30,India,NA,Delhi,26495000,2199,62,87360,2742
2020-07-01,India,NA,Delhi,26495000,2442,61,89802,2803
2020-07-02,India,NA,Delhi,26495000,2373,61,92175,2864
2020-07-03,India,NA,Delhi,26495000,2520,59,94695,2923
2020-07-04,India,NA,Delhi,26495000,2505,81,97200,3004
2020-07-05,India,NA,Delhi,26495000,2244,63,99444,3067
2020-07-06,India,NA,Delhi,26495000,1379,48,100823,3115
2020-07-07,India,NA,Delhi,26495000,2008,50,102831,3165
2020-07-08,India,NA,Delhi,26495000,2033,48,104864,3213
2020-07-09,India,NA,Delhi,26495000,2187,45,107051,3258
2020-07-10,India,NA,Delhi,26495000,2089,42,109140,3300
2020-07-11,India,NA,Delhi,26495000,1781,34,110921,3334
2020-07-12,India,NA,Delhi,26495000,1573,37,112494,3371
2020-07-13,India,NA,Delhi,26495000,1246,40,113740,3411
2020-07-14,India,NA,Delhi,26495000,1606,35,115346,3446
2020-07-15,India,NA,Delhi,26495000,1647,41,116993,3487
2020-07-16,India,NA,Delhi,26495000,1652,58,118645,3545
2020-07-17,India,NA,Delhi,26495000,1462,26,120107,3571
2020-07-18,India,NA,Delhi,26495000,1475,26,121582,3597
2020-07-19,India,NA,Delhi,26495000,1211,31,122793,3628
2020-07-20,India,NA,Delhi,26495000,954,35,123747,3663
2020-07-21,India,NA,Delhi,26495000,1349,27,125096,3690
2020-07-22,India,NA,Delhi,26495000,1227,29,126323,3719
2020-07-23,India,NA,Delhi,26495000,1041,26,127364,3745
2020-07-24,India,NA,Delhi,26495000,1025,32,128389,3777
2020-07-25,India,NA,Delhi,26495000,1142,29,129531,3806
2020-07-26,India,NA,Delhi,26495000,1075,21,130606,3827
2020-07-27,India,NA,Delhi,26495000,613,26,131219,3853
2020-07-28,India,NA,Delhi,26495000,1056,28,132275,3881
2020-07-29,India,NA,Delhi,26495000,1035,26,133310,3907
2020-07-30,India,NA,Delhi,26495000,1093,29,134403,3936
2020-07-31,India,NA,Delhi,26495000,1195,27,135598,3963
2020-08-01,India,NA,Delhi,26495000,1118,26,136716,3989
2020-08-02,India,NA,Delhi,26495000,961,15,137677,4004
2020-08-03,India,NA,Delhi,26495000,805,17,138482,4021
2020-08-04,India,NA,Delhi,26495000,674,12,139156,4033
2020-08-05,India,NA,Delhi,26495000,1076,11,140232,4044
2020-08-06,India,NA,Delhi,26495000,1299,15,141531,4059
2020-08-07,India,NA,Delhi,26495000,1192,23,142723,4082
2020-08-08,India,NA,Delhi,26495000,1404,16,144127,4098
2020-08-09,India,NA,Delhi,26495000,1300,13,145427,4111
2020-08-10,India,NA,Delhi,26495000,707,20,146134,4131
2020-08-11,India,NA,Delhi,26495000,1257,8,147391,4139
2020-08-12,India,NA,Delhi,26495000,1113,14,148504,4153
2020-08-13,India,NA,Delhi,26495000,956,14,149460,4167
2020-08-14,India,NA,Delhi,26495000,1192,11,150652,4178
2020-08-15,India,NA,Delhi,26495000,1276,10,151928,4188
2020-08-16,India,NA,Delhi,26495000,652,8,152580,4196
2020-08-17,India,NA,Delhi,26495000,787,18,153367,4214
2020-08-18,India,NA,Delhi,26495000,1374,12,154741,4226
2020-08-19,India,NA,Delhi,26495000,1398,9,156139,4235
2020-08-20,India,NA,Delhi,26495000,1215,22,157354,4257
2020-08-21,India,NA,Delhi,26495000,1250,13,158604,4270
2020-08-22,India,NA,Delhi,26495000,1412,14,160016,4284
2020-08-23,India,NA,Delhi,26495000,1450,16,161466,4300
2020-08-24,India,NA,Delhi,26495000,1061,13,162527,4313
2020-08-25,India,NA,Delhi,26495000,1544,17,164071,4330
2020-08-26,India,NA,Delhi,26495000,1693,17,165764,4347
2020-08-27,India,NA,Delhi,26495000,1840,22,167604,4369
2020-08-28,India,NA,Delhi,26495000,1808,20,169412,4389
2020-08-29,India,NA,Delhi,26495000,1954,15,171366,4404
2020-08-30,India,NA,Delhi,26495000,2024,22,173390,4426
2020-08-31,India,NA,Delhi,26495000,1358,18,174748,4444
2020-09-01,India,NA,Delhi,26495000,2312,18,177060,4462
2020-09-02,India,NA,Delhi,26495000,2509,19,179569,4481
2020-09-03,India,NA,Delhi,26495000,2737,19,182306,4500
2020-09-04,India,NA,Delhi,26495000,2914,13,185220,4513
2020-09-05,India,NA,Delhi,26495000,2973,25,188193,4538
2020-09-06,India,NA,Delhi,26495000,3256,29,191449,4567
2020-09-07,India,NA,Delhi,26495000,2077,32,193526,4599
2020-09-08,India,NA,Delhi,26495000,3609,19,197135,4618
2020-09-09,India,NA,Delhi,26495000,4039,20,201174,4638
2020-09-10,India,NA,Delhi,26495000,4308,28,205482,4666
2020-09-11,India,NA,Delhi,26495000,4266,21,209748,4687
2020-09-12,India,NA,Delhi,26495000,4321,28,214069,4715
2020-09-13,India,NA,Delhi,26495000,4235,29,218304,4744
2020-09-14,India,NA,Delhi,26495000,3229,26,221533,4770
2020-09-15,India,NA,Delhi,26495000,4263,36,225796,4806
2020-05-14,India,NA,Goa,1458545,8,0,15,0
2020-05-15,India,NA,Goa,1458545,0,0,15,0
2020-05-16,India,NA,Goa,1458545,5,0,20,0
2020-05-17,India,NA,Goa,1458545,9,0,29,0
2020-05-18,India,NA,Goa,1458545,9,0,38,0
2020-05-19,India,NA,Goa,1458545,8,0,46,0
2020-05-20,India,NA,Goa,1458545,4,0,50,0
2020-05-21,India,NA,Goa,1458545,2,0,52,0
2020-05-22,India,NA,Goa,1458545,2,0,54,0
2020-05-23,India,NA,Goa,1458545,1,0,55,0
2020-05-24,India,NA,Goa,1458545,11,0,66,0
2020-05-25,India,NA,Goa,1458545,1,0,67,0
2020-05-26,India,NA,Goa,1458545,0,0,67,0
2020-05-27,India,NA,Goa,1458545,1,0,68,0
2020-05-28,India,NA,Goa,1458545,1,0,69,0
2020-05-29,India,NA,Goa,1458545,0,0,69,0
2020-05-30,India,NA,Goa,1458545,1,0,70,0
2020-05-31,India,NA,Goa,1458545,1,0,71,0
2020-06-01,India,NA,Goa,1458545,2,0,73,0
2020-06-02,India,NA,Goa,1458545,6,0,79,0
2020-06-03,India,NA,Goa,1458545,47,0,126,0
2020-06-04,India,NA,Goa,1458545,40,0,166,0
2020-06-05,India,NA,Goa,1458545,30,0,196,0
2020-06-06,India,NA,Goa,1458545,71,0,267,0
2020-06-07,India,NA,Goa,1458545,33,0,300,0
2020-06-08,India,NA,Goa,1458545,30,0,330,0
2020-06-09,India,NA,Goa,1458545,29,0,359,0
2020-06-10,India,NA,Goa,1458545,28,0,387,0
2020-06-11,India,NA,Goa,1458545,30,0,417,0
2020-06-12,India,NA,Goa,1458545,46,0,463,0
2020-06-13,India,NA,Goa,1458545,60,0,523,0
2020-06-14,India,NA,Goa,1458545,41,0,564,0
2020-06-15,India,NA,Goa,1458545,28,0,592,0
2020-06-16,India,NA,Goa,1458545,37,0,629,0
2020-06-17,India,NA,Goa,1458545,27,0,656,0
2020-06-18,India,NA,Goa,1458545,49,0,705,0
2020-06-19,India,NA,Goa,1458545,20,0,725,0
2020-06-20,India,NA,Goa,1458545,29,0,754,0
2020-06-21,India,NA,Goa,1458545,64,0,818,0
2020-06-22,India,NA,Goa,1458545,46,1,864,1
2020-06-23,India,NA,Goa,1458545,45,1,909,2
2020-06-24,India,NA,Goa,1458545,42,0,951,2
2020-06-25,India,NA,Goa,1458545,44,0,995,2
2020-06-26,India,NA,Goa,1458545,44,0,1039,2
2020-06-27,India,NA,Goa,1458545,89,0,1128,2
2020-06-28,India,NA,Goa,1458545,70,1,1198,3
2020-06-29,India,NA,Goa,1458545,53,0,1251,3
2020-06-30,India,NA,Goa,1458545,64,0,1315,3
2020-07-01,India,NA,Goa,1458545,72,1,1387,4
2020-07-02,India,NA,Goa,1458545,95,0,1482,4
2020-07-03,India,NA,Goa,1458545,94,0,1576,4
2020-07-04,India,NA,Goa,1458545,108,2,1684,6
2020-07-05,India,NA,Goa,1458545,77,1,1761,7
2020-07-06,India,NA,Goa,1458545,52,0,1813,7
2020-07-07,India,NA,Goa,1458545,90,1,1903,8
2020-07-08,India,NA,Goa,1458545,136,0,2039,8
2020-07-09,India,NA,Goa,1458545,112,1,2151,9
2020-07-10,India,NA,Goa,1458545,100,0,2251,9
2020-07-11,India,NA,Goa,1458545,117,3,2368,12
2020-07-12,India,NA,Goa,1458545,85,2,2453,14
2020-07-13,India,NA,Goa,1458545,130,3,2583,17
2020-07-14,India,NA,Goa,1458545,170,1,2753,18
2020-07-15,India,NA,Goa,1458545,198,0,2951,18
2020-07-16,India,NA,Goa,1458545,157,1,3108,19
2020-07-17,India,NA,Goa,1458545,196,2,3304,21
2020-07-18,India,NA,Goa,1458545,180,0,3484,21
2020-07-19,India,NA,Goa,1458545,173,1,3657,22
2020-07-20,India,NA,Goa,1458545,196,1,3853,23
2020-07-21,India,NA,Goa,1458545,174,3,4027,26
2020-07-22,India,NA,Goa,1458545,149,2,4176,28
2020-07-23,India,NA,Goa,1458545,174,1,4350,29
2020-07-24,India,NA,Goa,1458545,190,0,4540,29
2020-07-25,India,NA,Goa,1458545,146,4,4686,33
2020-07-26,India,NA,Goa,1458545,175,2,4861,35
2020-07-27,India,NA,Goa,1458545,258,1,5119,36
2020-07-28,India,NA,Goa,1458545,168,0,5287,36
2020-07-29,India,NA,Goa,1458545,202,3,5489,39
2020-07-30,India,NA,Goa,1458545,215,3,5704,42
2020-07-31,India,NA,Goa,1458545,209,3,5913,45
2020-08-01,India,NA,Goa,1458545,280,3,6193,48
2020-08-02,India,NA,Goa,1458545,337,5,6530,53
2020-08-03,India,NA,Goa,1458545,286,3,6816,56
2020-08-04,India,NA,Goa,1458545,259,4,7075,60
2020-08-05,India,NA,Goa,1458545,348,4,7423,64
2020-08-06,India,NA,Goa,1458545,191,2,7614,66
2020-08-07,India,NA,Goa,1458545,333,4,7947,70
2020-08-08,India,NA,Goa,1458545,259,2,8206,72
2020-08-09,India,NA,Goa,1458545,506,3,8712,75
2020-08-10,India,NA,Goa,1458545,317,5,9029,80
2020-08-11,India,NA,Goa,1458545,415,6,9444,86
2020-08-12,India,NA,Goa,1458545,480,3,9924,89
2020-08-13,India,NA,Goa,1458545,570,2,10494,91
2020-08-14,India,NA,Goa,1458545,476,2,10970,93
2020-08-15,India,NA,Goa,1458545,369,5,11339,98
2020-08-16,India,NA,Goa,1458545,300,6,11639,104
2020-08-17,India,NA,Goa,1458545,355,7,11994,111
2020-08-18,India,NA,Goa,1458545,339,5,12333,116
2020-08-19,India,NA,Goa,1458545,342,8,12675,124
2020-08-20,India,NA,Goa,1458545,424,2,13099,126
2020-08-21,India,NA,Goa,1458545,385,9,13484,135
2020-08-22,India,NA,Goa,1458545,306,5,13790,140
2020-08-23,India,NA,Goa,1458545,209,4,13999,144
2020-08-24,India,NA,Goa,1458545,139,4,14138,148
2020-08-25,India,NA,Goa,1458545,392,9,14530,157
2020-08-26,India,NA,Goa,1458545,497,8,15027,165
2020-08-27,India,NA,Goa,1458545,456,6,15483,171
2020-08-28,India,NA,Goa,1458545,523,4,16006,175
2020-08-29,India,NA,Goa,1458545,547,3,16553,178
2020-08-30,India,NA,Goa,1458545,451,5,17004,183
2020-08-31,India,NA,Goa,1458545,414,9,17418,192
2020-09-01,India,NA,Goa,1458545,588,2,18006,194
2020-09-02,India,NA,Goa,1458545,636,10,18642,204
2020-09-03,India,NA,Goa,1458545,713,8,19355,212
2020-09-04,India,NA,Goa,1458545,508,8,19863,220
2020-09-05,India,NA,Goa,1458545,592,9,20455,229
2020-09-06,India,NA,Goa,1458545,374,7,20829,236
2020-09-07,India,NA,Goa,1458545,344,9,21173,245
2020-09-08,India,NA,Goa,1458545,457,11,21630,256
2020-09-09,India,NA,Goa,1458545,621,6,22251,262
2020-09-10,India,NA,Goa,1458545,639,6,22890,268
2020-09-11,India,NA,Goa,1458545,555,8,23445,276
2020-09-12,India,NA,Goa,1458545,740,10,24185,286
2020-09-13,India,NA,Goa,1458545,407,4,24592,290
2020-09-14,India,NA,Goa,1458545,306,14,24898,304
2020-09-15,India,NA,Goa,1458545,613,11,25511,315
2020-03-21,India,NA,Gujarat,60383628,7,0,14,0
2020-03-22,India,NA,Gujarat,60383628,4,1,18,1
2020-03-23,India,NA,Gujarat,60383628,12,0,30,1
2020-03-24,India,NA,Gujarat,60383628,4,0,34,1
2020-03-25,India,NA,Gujarat,60383628,4,0,38,1
2020-03-26,India,NA,Gujarat,60383628,5,2,43,3
2020-03-27,India,NA,Gujarat,60383628,4,0,47,3
2020-03-28,India,NA,Gujarat,60383628,8,1,55,4
2020-03-29,India,NA,Gujarat,60383628,8,1,63,5
2020-03-30,India,NA,Gujarat,60383628,7,1,70,6
2020-03-31,India,NA,Gujarat,60383628,4,0,74,6
2020-04-01,India,NA,Gujarat,60383628,13,0,87,6
2020-04-02,India,NA,Gujarat,60383628,1,1,88,7
2020-04-03,India,NA,Gujarat,60383628,7,2,95,9
2020-04-04,India,NA,Gujarat,60383628,13,1,108,10
2020-04-05,India,NA,Gujarat,60383628,20,1,128,11
2020-04-06,India,NA,Gujarat,60383628,18,1,146,12
2020-04-07,India,NA,Gujarat,60383628,29,2,175,14
2020-04-08,India,NA,Gujarat,60383628,11,2,186,16
2020-04-09,India,NA,Gujarat,60383628,76,2,262,18
2020-04-10,India,NA,Gujarat,60383628,116,1,378,19
2020-04-11,India,NA,Gujarat,60383628,90,3,468,22
2020-04-12,India,NA,Gujarat,60383628,48,2,516,24
2020-04-13,India,NA,Gujarat,60383628,56,2,572,26
2020-04-14,India,NA,Gujarat,60383628,78,2,650,28
2020-04-15,India,NA,Gujarat,60383628,116,5,766,33
2020-04-16,India,NA,Gujarat,60383628,163,3,929,36
2020-04-17,India,NA,Gujarat,60383628,170,5,1099,41
2020-04-18,India,NA,Gujarat,60383628,277,12,1376,53
2020-04-19,India,NA,Gujarat,60383628,367,10,1743,63
2020-04-20,India,NA,Gujarat,60383628,196,8,1939,71
2020-04-21,India,NA,Gujarat,60383628,239,19,2178,90
2020-04-22,India,NA,Gujarat,60383628,229,13,2407,103
2020-04-23,India,NA,Gujarat,60383628,217,9,2624,112
2020-04-24,India,NA,Gujarat,60383628,191,15,2815,127
2020-04-25,India,NA,Gujarat,60383628,256,6,3071,133
2020-04-26,India,NA,Gujarat,60383628,230,18,3301,151
2020-04-27,India,NA,Gujarat,60383628,247,11,3548,162
2020-04-28,India,NA,Gujarat,60383628,226,19,3774,181
2020-04-29,India,NA,Gujarat,60383628,308,16,4082,197
2020-04-30,India,NA,Gujarat,60383628,313,17,4395,214
2020-05-01,India,NA,Gujarat,60383628,326,22,4721,236
2020-05-02,India,NA,Gujarat,60383628,333,26,5054,262
2020-05-03,India,NA,Gujarat,60383628,374,28,5428,290
2020-05-04,India,NA,Gujarat,60383628,376,29,5804,319
2020-05-05,India,NA,Gujarat,60383628,441,49,6245,368
2020-05-06,India,NA,Gujarat,60383628,380,28,6625,396
2020-05-07,India,NA,Gujarat,60383628,388,29,7013,425
2020-05-08,India,NA,Gujarat,60383628,390,24,7403,449
2020-05-09,India,NA,Gujarat,60383628,394,23,7797,472
2020-05-10,India,NA,Gujarat,60383628,398,21,8195,493
2020-05-11,India,NA,Gujarat,60383628,347,20,8542,513
2020-05-12,India,NA,Gujarat,60383628,362,24,8904,537
2020-05-13,India,NA,Gujarat,60383628,364,29,9268,566
2020-05-14,India,NA,Gujarat,60383628,324,20,9592,586
2020-05-15,India,NA,Gujarat,60383628,340,20,9932,606
2020-05-16,India,NA,Gujarat,60383628,1057,19,10989,625
2020-05-17,India,NA,Gujarat,60383628,391,34,11380,659
2020-05-18,India,NA,Gujarat,60383628,366,35,11746,694
2020-05-19,India,NA,Gujarat,60383628,395,25,12141,719
2020-05-20,India,NA,Gujarat,60383628,398,30,12539,749
2020-05-21,India,NA,Gujarat,60383628,371,24,12910,773
2020-05-22,India,NA,Gujarat,60383628,363,29,13273,802
2020-05-23,India,NA,Gujarat,60383628,396,27,13669,829
2020-05-24,India,NA,Gujarat,60383628,394,29,14063,858
2020-05-25,India,NA,Gujarat,60383628,405,30,14468,888
2020-05-26,India,NA,Gujarat,60383628,361,27,14829,915
2020-05-27,India,NA,Gujarat,60383628,376,23,15205,938
2020-05-28,India,NA,Gujarat,60383628,367,22,15572,960
2020-05-29,India,NA,Gujarat,60383628,372,20,15944,980
2020-05-30,India,NA,Gujarat,60383628,412,27,16356,1007
2020-05-31,India,NA,Gujarat,60383628,438,31,16794,1038
2020-06-01,India,NA,Gujarat,60383628,423,25,17217,1063
2020-06-02,India,NA,Gujarat,60383628,415,29,17632,1092
2020-06-03,India,NA,Gujarat,60383628,485,30,18117,1122
2020-06-04,India,NA,Gujarat,60383628,492,33,18609,1155
2020-06-05,India,NA,Gujarat,60383628,510,35,19119,1190
2020-06-06,India,NA,Gujarat,60383628,498,29,19617,1219
2020-06-07,India,NA,Gujarat,60383628,480,30,20097,1249
2020-06-08,India,NA,Gujarat,60383628,477,31,20574,1280
2020-06-09,India,NA,Gujarat,60383628,470,33,21044,1313
2020-06-10,India,NA,Gujarat,60383628,510,34,21554,1347
2020-06-11,India,NA,Gujarat,60383628,513,38,22067,1385
2020-06-12,India,NA,Gujarat,60383628,495,31,22562,1416
2020-06-13,India,NA,Gujarat,60383628,517,33,23079,1449
2020-06-14,India,NA,Gujarat,60383628,511,29,23590,1478
2020-06-15,India,NA,Gujarat,60383628,514,28,24104,1506
2020-06-16,India,NA,Gujarat,60383628,524,28,24628,1534
2020-06-17,India,NA,Gujarat,60383628,520,27,25148,1561
2020-06-18,India,NA,Gujarat,60383628,510,31,25658,1592
2020-06-19,India,NA,Gujarat,60383628,540,27,26198,1619
2020-06-20,India,NA,Gujarat,60383628,539,20,26737,1639
2020-06-21,India,NA,Gujarat,60383628,580,25,27317,1664
2020-06-22,India,NA,Gujarat,60383628,563,21,27880,1685
2020-06-23,India,NA,Gujarat,60383628,549,26,28429,1711
2020-06-24,India,NA,Gujarat,60383628,572,25,29001,1736
2020-06-25,India,NA,Gujarat,60383628,577,18,29578,1754
2020-06-26,India,NA,Gujarat,60383628,580,18,30158,1772
2020-06-27,India,NA,Gujarat,60383628,615,18,30773,1790
2020-06-28,India,NA,Gujarat,60383628,624,19,31397,1809
2020-06-29,India,NA,Gujarat,60383628,626,19,32023,1828
2020-06-30,India,NA,Gujarat,60383628,620,20,32643,1848
2020-07-01,India,NA,Gujarat,60383628,675,21,33318,1869
2020-07-02,India,NA,Gujarat,60383628,681,19,33999,1888
2020-07-03,India,NA,Gujarat,60383628,687,18,34686,1906
2020-07-04,India,NA,Gujarat,60383628,712,21,35398,1927
2020-07-05,India,NA,Gujarat,60383628,725,18,36123,1945
2020-07-06,India,NA,Gujarat,60383628,735,17,36858,1962
2020-07-07,India,NA,Gujarat,60383628,778,17,37636,1979
2020-07-08,India,NA,Gujarat,60383628,783,16,38419,1995
2020-07-09,India,NA,Gujarat,60383628,861,15,39280,2010
2020-07-10,India,NA,Gujarat,60383628,875,14,40155,2024
2020-07-11,India,NA,Gujarat,60383628,872,10,41027,2034
2020-07-12,India,NA,Gujarat,60383628,879,13,41906,2047
2020-07-13,India,NA,Gujarat,60383628,902,10,42808,2057
2020-07-14,India,NA,Gujarat,60383628,915,14,43723,2071
2020-07-15,India,NA,Gujarat,60383628,925,10,44648,2081
2020-07-16,India,NA,Gujarat,60383628,919,10,45567,2091
2020-07-17,India,NA,Gujarat,60383628,949,17,46516,2108
2020-07-18,India,NA,Gujarat,60383628,960,19,47476,2127
2020-07-19,India,NA,Gujarat,60383628,965,20,48441,2147
2020-07-20,India,NA,Gujarat,60383628,998,20,49439,2167
2020-07-21,India,NA,Gujarat,60383628,1026,34,50465,2201
2020-07-22,India,NA,Gujarat,60383628,1020,28,51485,2229
2020-07-23,India,NA,Gujarat,60383628,1078,28,52563,2257
2020-07-24,India,NA,Gujarat,60383628,1068,26,53631,2283
2020-07-25,India,NA,Gujarat,60383628,1081,22,54712,2305
2020-07-26,India,NA,Gujarat,60383628,1110,21,55822,2326
2020-07-27,India,NA,Gujarat,60383628,1052,22,56874,2348
2020-07-28,India,NA,Gujarat,60383628,1108,24,57982,2372
2020-07-29,India,NA,Gujarat,60383628,1144,24,59126,2396
2020-07-30,India,NA,Gujarat,60383628,1159,22,60285,2418
2020-07-31,India,NA,Gujarat,60383628,1153,22,61438,2440
2020-08-01,India,NA,Gujarat,60383628,1136,24,62574,2464
2020-08-02,India,NA,Gujarat,60383628,1101,22,63675,2486
2020-08-03,India,NA,Gujarat,60383628,1009,22,64684,2508
2020-08-04,India,NA,Gujarat,60383628,1020,25,65704,2533
2020-08-05,India,NA,Gujarat,60383628,1073,23,66777,2556
2020-08-06,India,NA,Gujarat,60383628,1034,27,67811,2583
2020-08-07,India,NA,Gujarat,60383628,1074,22,68885,2605
2020-08-08,India,NA,Gujarat,60383628,1101,23,69986,2628
2020-08-09,India,NA,Gujarat,60383628,1078,25,71064,2653
2020-08-10,India,NA,Gujarat,60383628,1056,20,72120,2673
2020-08-11,India,NA,Gujarat,60383628,1118,23,73238,2696
2020-08-12,India,NA,Gujarat,60383628,1152,18,74390,2714
2020-08-13,India,NA,Gujarat,60383628,1092,18,75482,2732
2020-08-14,India,NA,Gujarat,60383628,1087,15,76569,2747
2020-08-15,India,NA,Gujarat,60383628,1094,19,77663,2766
2020-08-16,India,NA,Gujarat,60383628,1120,20,78783,2786
2020-08-17,India,NA,Gujarat,60383628,1033,15,79816,2801
2020-08-18,India,NA,Gujarat,60383628,1126,20,80942,2821
2020-08-19,India,NA,Gujarat,60383628,1145,17,82087,2838
2020-08-20,India,NA,Gujarat,60383628,1175,16,83262,2854
2020-08-21,India,NA,Gujarat,60383628,1204,14,84466,2868
2020-08-22,India,NA,Gujarat,60383628,1212,14,85678,2882
2020-08-23,India,NA,Gujarat,60383628,1101,14,86779,2896
2020-08-24,India,NA,Gujarat,60383628,1067,13,87846,2909
2020-08-25,India,NA,Gujarat,60383628,1096,20,88942,2929
2020-08-26,India,NA,Gujarat,60383628,1197,17,90139,2946
2020-08-27,India,NA,Gujarat,60383628,1190,17,91329,2963
2020-08-28,India,NA,Gujarat,60383628,1272,14,92601,2977
2020-08-29,India,NA,Gujarat,60383628,1282,13,93883,2990
2020-08-30,India,NA,Gujarat,60383628,1272,17,95155,3007
2020-08-31,India,NA,Gujarat,60383628,1280,14,96435,3021
2020-09-01,India,NA,Gujarat,60383628,1310,14,97745,3035
2020-09-02,India,NA,Gujarat,60383628,1305,12,99050,3047
2020-09-03,India,NA,Gujarat,60383628,1325,16,100375,3063
2020-09-04,India,NA,Gujarat,60383628,1320,14,101695,3077
2020-09-05,India,NA,Gujarat,60383628,1311,16,103006,3093
2020-09-06,India,NA,Gujarat,60383628,1335,14,104341,3107
2020-09-07,India,NA,Gujarat,60383628,1330,15,105671,3122
2020-09-08,India,NA,Gujarat,60383628,1295,13,106966,3135
2020-09-09,India,NA,Gujarat,60383628,1329,16,108295,3151
2020-09-10,India,NA,Gujarat,60383628,1332,15,109627,3166
2020-09-11,India,NA,Gujarat,60383628,1344,16,110971,3182
2020-09-12,India,NA,Gujarat,60383628,1365,15,112336,3197
2020-09-13,India,NA,Gujarat,60383628,1326,15,113662,3212
2020-09-14,India,NA,Gujarat,60383628,1334,17,114996,3229
2020-09-15,India,NA,Gujarat,60383628,1349,17,116345,3246
2020-03-04,India,NA,Haryana,27761063,14,0,14,0
2020-03-14,India,NA,Haryana,27761063,14,0,14,0
2020-03-15,India,NA,Haryana,27761063,0,0,14,0
2020-03-16,India,NA,Haryana,27761063,0,0,14,0
2020-03-17,India,NA,Haryana,27761063,1,0,15,0
2020-03-18,India,NA,Haryana,27761063,1,0,16,0
2020-03-19,India,NA,Haryana,27761063,1,0,17,0
2020-03-20,India,NA,Haryana,27761063,2,0,19,0
2020-03-21,India,NA,Haryana,27761063,2,0,21,0
2020-03-22,India,NA,Haryana,27761063,0,0,21,0
2020-03-23,India,NA,Haryana,27761063,7,0,28,0
2020-03-24,India,NA,Haryana,27761063,2,0,30,0
2020-03-25,India,NA,Haryana,27761063,1,0,31,0
2020-03-26,India,NA,Haryana,27761063,1,0,32,0
2020-03-27,India,NA,Haryana,27761063,1,0,33,0
2020-03-28,India,NA,Haryana,27761063,2,0,35,0
2020-03-29,India,NA,Haryana,27761063,0,0,35,0
2020-03-30,India,NA,Haryana,27761063,1,0,36,0
2020-03-31,India,NA,Haryana,27761063,7,0,43,0
2020-04-01,India,NA,Haryana,27761063,0,0,43,0
2020-04-02,India,NA,Haryana,27761063,6,0,49,0
2020-04-03,India,NA,Haryana,27761063,9,0,58,0
2020-04-04,India,NA,Haryana,27761063,26,0,84,0
2020-04-05,India,NA,Haryana,27761063,6,0,90,0
2020-04-06,India,NA,Haryana,27761063,20,2,110,2
2020-04-07,India,NA,Haryana,27761063,33,0,143,2
2020-04-08,India,NA,Haryana,27761063,24,0,167,2
2020-04-09,India,NA,Haryana,27761063,3,0,170,2
2020-04-10,India,NA,Haryana,27761063,6,0,176,2
2020-04-11,India,NA,Haryana,27761063,3,0,179,2
2020-04-12,India,NA,Haryana,27761063,16,1,195,3
2020-04-13,India,NA,Haryana,27761063,1,0,196,3
2020-04-14,India,NA,Haryana,27761063,2,0,198,3
2020-04-15,India,NA,Haryana,27761063,6,0,204,3
2020-04-16,India,NA,Haryana,27761063,11,0,215,3
2020-04-17,India,NA,Haryana,27761063,8,0,223,3
2020-04-18,India,NA,Haryana,27761063,9,0,232,3
2020-04-19,India,NA,Haryana,27761063,18,0,250,3
2020-04-20,India,NA,Haryana,27761063,1,0,251,3
2020-04-21,India,NA,Haryana,27761063,4,0,255,3
2020-04-22,India,NA,Haryana,27761063,9,0,264,3
2020-04-23,India,NA,Haryana,27761063,6,0,270,3
2020-04-24,India,NA,Haryana,27761063,5,0,275,3
2020-04-25,India,NA,Haryana,27761063,12,0,287,3
2020-04-26,India,NA,Haryana,27761063,9,0,296,3
2020-04-27,India,NA,Haryana,27761063,5,0,301,3
2020-04-28,India,NA,Haryana,27761063,7,0,308,3
2020-04-29,India,NA,Haryana,27761063,3,0,311,3
2020-04-30,India,NA,Haryana,27761063,28,1,339,4
2020-05-01,India,NA,Haryana,27761063,18,0,357,4
2020-05-02,India,NA,Haryana,27761063,19,1,376,5
2020-05-03,India,NA,Haryana,27761063,66,0,442,5
2020-05-04,India,NA,Haryana,27761063,75,1,517,6
2020-05-05,India,NA,Haryana,27761063,31,0,548,6
2020-05-06,India,NA,Haryana,27761063,46,1,594,7
2020-05-07,India,NA,Haryana,27761063,31,0,625,7
2020-05-08,India,NA,Haryana,27761063,22,1,647,8
2020-05-09,India,NA,Haryana,27761063,28,1,675,9
2020-05-10,India,NA,Haryana,27761063,28,1,703,10
2020-05-11,India,NA,Haryana,27761063,27,1,730,11
2020-05-12,India,NA,Haryana,27761063,50,0,780,11
2020-05-13,India,NA,Haryana,27761063,13,0,793,11
2020-05-14,India,NA,Haryana,27761063,25,0,818,11
2020-05-15,India,NA,Haryana,27761063,36,2,854,13
2020-05-16,India,NA,Haryana,27761063,33,0,887,13
2020-05-17,India,NA,Haryana,27761063,23,1,910,14
2020-05-18,India,NA,Haryana,27761063,18,0,928,14
2020-05-19,India,NA,Haryana,27761063,36,0,964,14
2020-05-20,India,NA,Haryana,27761063,29,0,993,14
2020-05-21,India,NA,Haryana,27761063,37,0,1030,14
2020-05-22,India,NA,Haryana,27761063,37,2,1067,16
2020-05-23,India,NA,Haryana,27761063,64,0,1131,16
2020-05-24,India,NA,Haryana,27761063,53,0,1184,16
2020-05-25,India,NA,Haryana,27761063,29,0,1213,16
2020-05-26,India,NA,Haryana,27761063,92,0,1305,16
2020-05-27,India,NA,Haryana,27761063,76,2,1381,18
2020-05-28,India,NA,Haryana,27761063,123,1,1504,19
2020-05-29,India,NA,Haryana,27761063,217,0,1721,19
2020-05-30,India,NA,Haryana,27761063,202,1,1923,20
2020-05-31,India,NA,Haryana,27761063,168,0,2091,20
2020-06-01,India,NA,Haryana,27761063,265,1,2356,21
2020-06-02,India,NA,Haryana,27761063,296,2,2652,23
2020-06-03,India,NA,Haryana,27761063,302,0,2954,23
2020-06-04,India,NA,Haryana,27761063,327,1,3281,24
2020-06-05,India,NA,Haryana,27761063,316,0,3597,24
2020-06-06,India,NA,Haryana,27761063,355,0,3952,24
2020-06-07,India,NA,Haryana,27761063,496,4,4448,28
2020-06-08,India,NA,Haryana,27761063,406,11,4854,39
2020-06-09,India,NA,Haryana,27761063,355,6,5209,45
2020-06-10,India,NA,Haryana,27761063,370,7,5579,52
2020-06-11,India,NA,Haryana,27761063,389,12,5968,64
2020-06-12,India,NA,Haryana,27761063,366,6,6334,70
2020-06-13,India,NA,Haryana,27761063,415,8,6749,78
2020-06-14,India,NA,Haryana,27761063,459,10,7208,88
2020-06-15,India,NA,Haryana,27761063,514,12,7722,100
2020-06-16,India,NA,Haryana,27761063,550,18,8272,118
2020-06-17,India,NA,Haryana,27761063,560,12,8832,130
2020-06-18,India,NA,Haryana,27761063,386,4,9218,134
2020-06-19,India,NA,Haryana,27761063,525,10,9743,144
2020-06-20,India,NA,Haryana,27761063,480,5,10223,149
2020-06-21,India,NA,Haryana,27761063,412,11,10635,160
2020-06-22,India,NA,Haryana,27761063,390,9,11025,169
2020-06-23,India,NA,Haryana,27761063,495,9,11520,178
2020-06-24,India,NA,Haryana,27761063,490,10,12010,188
2020-06-25,India,NA,Haryana,27761063,453,10,12463,198
2020-06-26,India,NA,Haryana,27761063,421,13,12884,211
2020-06-27,India,NA,Haryana,27761063,543,7,13427,218
2020-06-28,India,NA,Haryana,27761063,402,5,13829,223
2020-06-29,India,NA,Haryana,27761063,381,9,14210,232
2020-06-30,India,NA,Haryana,27761063,338,4,14548,236
2020-07-01,India,NA,Haryana,27761063,393,4,14941,240
2020-07-02,India,NA,Haryana,27761063,568,11,15509,251
2020-07-03,India,NA,Haryana,27761063,494,4,16003,255
2020-07-04,India,NA,Haryana,27761063,545,5,16548,260
2020-07-05,India,NA,Haryana,27761063,457,5,17005,265
2020-07-06,India,NA,Haryana,27761063,499,11,17504,276
2020-07-07,India,NA,Haryana,27761063,495,3,17999,279
2020-07-08,India,NA,Haryana,27761063,691,3,18690,282
2020-07-09,India,NA,Haryana,27761063,674,5,19364,287
2020-07-10,India,NA,Haryana,27761063,570,3,19934,290
2020-07-11,India,NA,Haryana,27761063,648,7,20582,297
2020-07-12,India,NA,Haryana,27761063,658,4,21240,301
2020-07-13,India,NA,Haryana,27761063,689,7,21929,308
2020-07-14,India,NA,Haryana,27761063,699,4,22628,312
2020-07-15,India,NA,Haryana,27761063,678,7,23306,319
2020-07-16,India,NA,Haryana,27761063,696,3,24002,322
2020-07-17,India,NA,Haryana,27761063,795,5,24797,327
2020-07-18,India,NA,Haryana,27761063,750,17,25547,344
2020-07-19,India,NA,Haryana,27761063,617,5,26164,349
2020-07-20,India,NA,Haryana,27761063,694,6,26858,355
2020-07-21,India,NA,Haryana,27761063,604,9,27462,364
2020-07-22,India,NA,Haryana,27761063,724,8,28186,372
2020-07-23,India,NA,Haryana,27761063,789,6,28975,378
2020-07-24,India,NA,Haryana,27761063,780,4,29755,382
2020-07-25,India,NA,Haryana,27761063,783,7,30538,389
2020-07-26,India,NA,Haryana,27761063,794,3,31332,392
2020-07-27,India,NA,Haryana,27761063,795,5,32127,397
2020-07-28,India,NA,Haryana,27761063,749,9,32876,406
2020-07-29,India,NA,Haryana,27761063,755,7,33631,413
2020-07-30,India,NA,Haryana,27761063,623,4,34254,417
2020-07-31,India,NA,Haryana,27761063,711,4,34965,421
2020-08-01,India,NA,Haryana,27761063,793,7,35758,428
2020-08-02,India,NA,Haryana,27761063,761,5,36519,433
2020-08-03,India,NA,Haryana,27761063,654,7,37173,440
2020-08-04,India,NA,Haryana,27761063,623,8,37796,448
2020-08-05,India,NA,Haryana,27761063,752,7,38548,455
2020-08-06,India,NA,Haryana,27761063,755,3,39303,458
2020-08-07,India,NA,Haryana,27761063,751,9,40054,467
2020-08-08,India,NA,Haryana,27761063,789,7,40843,474
2020-08-09,India,NA,Haryana,27761063,792,9,41635,483
2020-08-10,India,NA,Haryana,27761063,794,6,42429,489
2020-08-11,India,NA,Haryana,27761063,798,11,43227,500
2020-08-12,India,NA,Haryana,27761063,797,3,44024,503
2020-08-13,India,NA,Haryana,27761063,793,8,44817,511
2020-08-14,India,NA,Haryana,27761063,797,7,45614,518
2020-08-15,India,NA,Haryana,27761063,796,10,46410,528
2020-08-16,India,NA,Haryana,27761063,743,10,47153,538
2020-08-17,India,NA,Haryana,27761063,887,12,48040,550
2020-08-18,India,NA,Haryana,27761063,896,7,48936,557
2020-08-19,India,NA,Haryana,27761063,994,10,49930,567
2020-08-20,India,NA,Haryana,27761063,996,11,50926,578
2020-08-21,India,NA,Haryana,27761063,1203,7,52129,585
2020-08-22,India,NA,Haryana,27761063,1161,12,53290,597
2020-08-23,India,NA,Haryana,27761063,1096,6,54386,603
2020-08-24,India,NA,Haryana,27761063,1074,10,55460,613
2020-08-25,India,NA,Haryana,27761063,1148,10,56608,623
2020-08-26,India,NA,Haryana,27761063,1397,11,58005,634
2020-08-27,India,NA,Haryana,27761063,1293,12,59298,646
2020-08-28,India,NA,Haryana,27761063,1298,15,60596,661
2020-08-29,India,NA,Haryana,27761063,1391,9,61987,670
2020-08-30,India,NA,Haryana,27761063,1295,12,63282,682
2020-08-31,India,NA,Haryana,27761063,1450,7,64732,689
2020-09-01,India,NA,Haryana,27761063,1694,17,66426,706
2020-09-02,India,NA,Haryana,27761063,1792,15,68218,721
2020-09-03,India,NA,Haryana,27761063,1881,19,70099,740
2020-09-04,India,NA,Haryana,27761063,1884,19,71983,759
2020-09-05,India,NA,Haryana,27761063,2289,22,74272,781
2020-09-06,India,NA,Haryana,27761063,2277,25,76549,806
2020-09-07,India,NA,Haryana,27761063,2224,23,78773,829
2020-09-08,India,NA,Haryana,27761063,2286,25,81059,854
2020-09-09,India,NA,Haryana,27761063,2294,28,83353,882
2020-09-10,India,NA,Haryana,27761063,2591,25,85944,907
2020-09-11,India,NA,Haryana,27761063,2388,25,88332,932
2020-09-12,India,NA,Haryana,27761063,2783,24,91115,956
2020-09-13,India,NA,Haryana,27761063,2526,19,93641,975
2020-09-14,India,NA,Haryana,27761063,2488,25,96129,1000
2020-09-15,India,NA,Haryana,27761063,2493,26,98622,1026
2020-04-04,India,NA,Himachal Pradesh,6864602,7,0,13,2
2020-04-05,India,NA,Himachal Pradesh,6864602,1,0,14,2
2020-04-06,India,NA,Himachal Pradesh,6864602,4,0,18,2
2020-04-07,India,NA,Himachal Pradesh,6864602,9,0,27,2
2020-04-08,India,NA,Himachal Pradesh,6864602,0,0,27,2
2020-04-09,India,NA,Himachal Pradesh,6864602,1,0,28,2
2020-04-10,India,NA,Himachal Pradesh,6864602,0,0,28,2
2020-04-11,India,NA,Himachal Pradesh,6864602,4,0,32,2
2020-04-12,India,NA,Himachal Pradesh,6864602,0,0,32,2
2020-04-13,India,NA,Himachal Pradesh,6864602,0,0,32,2
2020-04-14,India,NA,Himachal Pradesh,6864602,1,0,33,2
2020-04-15,India,NA,Himachal Pradesh,6864602,2,0,35,2
2020-04-16,India,NA,Himachal Pradesh,6864602,0,0,35,2
2020-04-17,India,NA,Himachal Pradesh,6864602,3,0,38,2
2020-04-18,India,NA,Himachal Pradesh,6864602,1,0,39,2
2020-04-19,India,NA,Himachal Pradesh,6864602,0,0,39,2
2020-04-20,India,NA,Himachal Pradesh,6864602,0,0,39,2
2020-04-21,India,NA,Himachal Pradesh,6864602,0,0,39,2
2020-04-22,India,NA,Himachal Pradesh,6864602,0,0,39,2
2020-04-23,India,NA,Himachal Pradesh,6864602,1,0,40,2
2020-04-24,India,NA,Himachal Pradesh,6864602,0,0,40,2
2020-04-25,India,NA,Himachal Pradesh,6864602,0,0,40,2
2020-04-26,India,NA,Himachal Pradesh,6864602,0,0,40,2
2020-04-27,India,NA,Himachal Pradesh,6864602,0,0,40,2
2020-04-28,India,NA,Himachal Pradesh,6864602,0,0,40,2
2020-04-29,India,NA,Himachal Pradesh,6864602,0,0,40,2
2020-04-30,India,NA,Himachal Pradesh,6864602,0,0,40,2
2020-05-01,India,NA,Himachal Pradesh,6864602,0,0,40,2
2020-05-02,India,NA,Himachal Pradesh,6864602,0,0,40,2
2020-05-03,India,NA,Himachal Pradesh,6864602,0,0,40,2
2020-05-04,India,NA,Himachal Pradesh,6864602,1,0,41,2
2020-05-05,India,NA,Himachal Pradesh,6864602,1,1,42,3
2020-05-06,India,NA,Himachal Pradesh,6864602,1,0,43,3
2020-05-07,India,NA,Himachal Pradesh,6864602,3,0,46,3
2020-05-08,India,NA,Himachal Pradesh,6864602,4,0,50,3
2020-05-09,India,NA,Himachal Pradesh,6864602,2,0,52,3
2020-05-10,India,NA,Himachal Pradesh,6864602,6,0,58,3
2020-05-11,India,NA,Himachal Pradesh,6864602,1,0,59,3
2020-05-12,India,NA,Himachal Pradesh,6864602,8,0,67,3
2020-05-13,India,NA,Himachal Pradesh,6864602,1,0,68,3
2020-05-14,India,NA,Himachal Pradesh,6864602,6,0,74,3
2020-05-15,India,NA,Himachal Pradesh,6864602,2,0,76,3
2020-05-16,India,NA,Himachal Pradesh,6864602,2,0,78,3
2020-05-17,India,NA,Himachal Pradesh,6864602,2,0,80,3
2020-05-18,India,NA,Himachal Pradesh,6864602,10,0,90,3
2020-05-19,India,NA,Himachal Pradesh,6864602,2,1,92,4
2020-05-20,India,NA,Himachal Pradesh,6864602,18,0,110,4
2020-05-21,India,NA,Himachal Pradesh,6864602,42,0,152,4
2020-05-22,India,NA,Himachal Pradesh,6864602,16,0,168,4
2020-05-23,India,NA,Himachal Pradesh,6864602,17,0,185,4
2020-05-24,India,NA,Himachal Pradesh,6864602,18,0,203,4
2020-05-25,India,NA,Himachal Pradesh,6864602,20,0,223,4
2020-05-26,India,NA,Himachal Pradesh,6864602,24,0,247,4
2020-05-27,India,NA,Himachal Pradesh,6864602,26,2,273,6
2020-05-28,India,NA,Himachal Pradesh,6864602,8,0,281,6
2020-05-29,India,NA,Himachal Pradesh,6864602,14,0,295,6
2020-05-30,India,NA,Himachal Pradesh,6864602,18,0,313,6
2020-05-31,India,NA,Himachal Pradesh,6864602,18,0,331,6
2020-06-01,India,NA,Himachal Pradesh,6864602,9,0,340,6
2020-06-02,India,NA,Himachal Pradesh,6864602,5,0,345,6
2020-06-03,India,NA,Himachal Pradesh,6864602,14,0,359,6
2020-06-04,India,NA,Himachal Pradesh,6864602,24,0,383,6
2020-06-05,India,NA,Himachal Pradesh,6864602,10,0,393,6
2020-06-06,India,NA,Himachal Pradesh,6864602,7,0,400,6
2020-06-07,India,NA,Himachal Pradesh,6864602,11,0,411,6
2020-06-08,India,NA,Himachal Pradesh,6864602,10,0,421,6
2020-06-09,India,NA,Himachal Pradesh,6864602,16,0,437,6
2020-06-10,India,NA,Himachal Pradesh,6864602,14,1,451,7
2020-06-11,India,NA,Himachal Pradesh,6864602,19,0,470,7
2020-06-12,India,NA,Himachal Pradesh,6864602,16,0,486,7
2020-06-13,India,NA,Himachal Pradesh,6864602,16,0,502,7
2020-06-14,India,NA,Himachal Pradesh,6864602,16,0,518,7
2020-06-15,India,NA,Himachal Pradesh,6864602,38,0,556,7
2020-06-16,India,NA,Himachal Pradesh,6864602,4,0,560,7
2020-06-17,India,NA,Himachal Pradesh,6864602,25,0,585,7
2020-06-18,India,NA,Himachal Pradesh,6864602,10,0,595,7
2020-06-19,India,NA,Himachal Pradesh,6864602,32,0,627,7
2020-06-20,India,NA,Himachal Pradesh,6864602,29,0,656,7
2020-06-21,India,NA,Himachal Pradesh,6864602,17,0,673,7
2020-06-22,India,NA,Himachal Pradesh,6864602,54,0,727,7
2020-06-23,India,NA,Himachal Pradesh,6864602,48,0,775,7
2020-06-24,India,NA,Himachal Pradesh,6864602,31,0,806,7
2020-06-25,India,NA,Himachal Pradesh,6864602,33,1,839,8
2020-06-26,India,NA,Himachal Pradesh,6864602,25,0,864,8
2020-06-27,India,NA,Himachal Pradesh,6864602,30,0,894,8
2020-06-28,India,NA,Himachal Pradesh,6864602,22,0,916,8
2020-06-29,India,NA,Himachal Pradesh,6864602,26,0,942,8
2020-06-30,India,NA,Himachal Pradesh,6864602,11,1,953,9
2020-07-01,India,NA,Himachal Pradesh,6864602,26,0,979,9
2020-07-02,India,NA,Himachal Pradesh,6864602,35,0,1014,9
2020-07-03,India,NA,Himachal Pradesh,6864602,19,0,1033,9
2020-07-04,India,NA,Himachal Pradesh,6864602,13,1,1046,10
2020-07-05,India,NA,Himachal Pradesh,6864602,17,0,1063,10
2020-07-06,India,NA,Himachal Pradesh,6864602,14,0,1077,10
2020-07-07,India,NA,Himachal Pradesh,6864602,6,0,1083,10
2020-07-08,India,NA,Himachal Pradesh,6864602,18,0,1101,10
2020-07-09,India,NA,Himachal Pradesh,6864602,39,0,1140,10
2020-07-10,India,NA,Himachal Pradesh,6864602,31,0,1171,10
2020-07-11,India,NA,Himachal Pradesh,6864602,11,0,1182,10
2020-07-12,India,NA,Himachal Pradesh,6864602,31,0,1213,10
2020-07-13,India,NA,Himachal Pradesh,6864602,30,0,1243,10
2020-07-14,India,NA,Himachal Pradesh,6864602,66,0,1309,10
2020-07-15,India,NA,Himachal Pradesh,6864602,32,0,1341,10
2020-07-16,India,NA,Himachal Pradesh,6864602,36,0,1377,10
2020-07-17,India,NA,Himachal Pradesh,6864602,40,0,1417,10
2020-07-18,India,NA,Himachal Pradesh,6864602,40,0,1457,10
2020-07-19,India,NA,Himachal Pradesh,6864602,64,0,1521,10
2020-07-20,India,NA,Himachal Pradesh,6864602,110,0,1631,10
2020-07-21,India,NA,Himachal Pradesh,6864602,33,1,1664,11
2020-07-22,India,NA,Himachal Pradesh,6864602,61,0,1725,11
2020-07-23,India,NA,Himachal Pradesh,6864602,109,0,1834,11
2020-07-24,India,NA,Himachal Pradesh,6864602,120,1,1954,12
2020-07-25,India,NA,Himachal Pradesh,6864602,95,0,2049,12
2020-07-26,India,NA,Himachal Pradesh,6864602,127,1,2176,13
2020-07-27,India,NA,Himachal Pradesh,6864602,94,0,2270,13
2020-07-28,India,NA,Himachal Pradesh,6864602,60,0,2330,13
2020-07-29,India,NA,Himachal Pradesh,6864602,73,0,2403,13
2020-07-30,India,NA,Himachal Pradesh,6864602,103,0,2506,13
2020-07-31,India,NA,Himachal Pradesh,6864602,58,0,2564,13
2020-08-01,India,NA,Himachal Pradesh,6864602,70,0,2634,13
2020-08-02,India,NA,Himachal Pradesh,6864602,69,0,2703,13
2020-08-03,India,NA,Himachal Pradesh,6864602,115,0,2818,13
2020-08-04,India,NA,Himachal Pradesh,6864602,61,0,2879,13
2020-08-05,India,NA,Himachal Pradesh,6864602,37,0,2916,13
2020-08-06,India,NA,Himachal Pradesh,6864602,131,0,3047,13
2020-08-07,India,NA,Himachal Pradesh,6864602,103,0,3150,13
2020-08-08,India,NA,Himachal Pradesh,6864602,114,0,3264,13
2020-08-09,India,NA,Himachal Pradesh,6864602,107,1,3371,14
2020-08-10,India,NA,Himachal Pradesh,6864602,92,2,3463,16
2020-08-11,India,NA,Himachal Pradesh,6864602,34,1,3497,17
2020-08-12,India,NA,Himachal Pradesh,6864602,139,0,3636,17
2020-08-13,India,NA,Himachal Pradesh,6864602,180,1,3816,18
2020-08-14,India,NA,Himachal Pradesh,6864602,58,0,3874,18
2020-08-15,India,NA,Himachal Pradesh,6864602,119,0,3993,18
2020-08-16,India,NA,Himachal Pradesh,6864602,163,0,4156,18
2020-08-17,India,NA,Himachal Pradesh,6864602,18,0,4174,18
2020-08-18,India,NA,Himachal Pradesh,6864602,61,0,4235,18
2020-08-19,India,NA,Himachal Pradesh,6864602,176,2,4411,20
2020-08-20,India,NA,Himachal Pradesh,6864602,127,2,4538,22
2020-08-21,India,NA,Himachal Pradesh,6864602,190,2,4728,24
2020-08-22,India,NA,Himachal Pradesh,6864602,167,4,4895,28
2020-08-23,India,NA,Himachal Pradesh,6864602,106,0,5001,28
2020-08-24,India,NA,Himachal Pradesh,6864602,100,0,5101,28
2020-08-25,India,NA,Himachal Pradesh,6864602,53,1,5154,29
2020-08-26,India,NA,Himachal Pradesh,6864602,167,2,5321,31
2020-08-27,India,NA,Himachal Pradesh,6864602,180,1,5501,32
2020-08-28,India,NA,Himachal Pradesh,6864602,136,0,5637,32
2020-08-29,India,NA,Himachal Pradesh,6864602,144,1,5781,33
2020-08-30,India,NA,Himachal Pradesh,6864602,164,1,5945,34
2020-08-31,India,NA,Himachal Pradesh,6864602,171,3,6116,37
2020-09-01,India,NA,Himachal Pradesh,6864602,139,4,6255,41
2020-09-02,India,NA,Himachal Pradesh,6864602,161,1,6416,42
2020-09-03,India,NA,Himachal Pradesh,6864602,199,5,6615,47
2020-09-04,India,NA,Himachal Pradesh,6864602,215,2,6830,49
2020-09-05,India,NA,Himachal Pradesh,6864602,188,4,7018,53
2020-09-06,India,NA,Himachal Pradesh,6864602,397,1,7415,54
2020-09-07,India,NA,Himachal Pradesh,6864602,245,1,7660,55
2020-09-08,India,NA,Himachal Pradesh,6864602,171,4,7831,59
2020-09-09,India,NA,Himachal Pradesh,6864602,316,3,8147,62
2020-09-10,India,NA,Himachal Pradesh,6864602,319,3,8466,65
2020-09-11,India,NA,Himachal Pradesh,6864602,318,5,8784,70
2020-09-12,India,NA,Himachal Pradesh,6864602,445,2,9229,72
2020-09-13,India,NA,Himachal Pradesh,6864602,326,4,9555,76
2020-09-14,India,NA,Himachal Pradesh,6864602,368,5,9923,81
2020-09-15,India,NA,Himachal Pradesh,6864602,412,8,10335,89
2020-03-25,India,NA,Jammu and Kashmir,12258433,5,0,11,0
2020-03-26,India,NA,Jammu and Kashmir,12258433,3,1,14,1
2020-03-27,India,NA,Jammu and Kashmir,12258433,6,0,20,1
2020-03-28,India,NA,Jammu and Kashmir,12258433,13,0,33,1
2020-03-29,India,NA,Jammu and Kashmir,12258433,5,0,38,1
2020-03-30,India,NA,Jammu and Kashmir,12258433,11,0,49,1
2020-03-31,India,NA,Jammu and Kashmir,12258433,6,1,55,2
2020-04-01,India,NA,Jammu and Kashmir,12258433,7,0,62,2
2020-04-02,India,NA,Jammu and Kashmir,12258433,8,0,70,2
2020-04-03,India,NA,Jammu and Kashmir,12258433,5,0,75,2
2020-04-04,India,NA,Jammu and Kashmir,12258433,17,0,92,2
2020-04-05,India,NA,Jammu and Kashmir,12258433,14,0,106,2
2020-04-06,India,NA,Jammu and Kashmir,12258433,3,0,109,2
2020-04-07,India,NA,Jammu and Kashmir,12258433,16,1,125,3
2020-04-08,India,NA,Jammu and Kashmir,12258433,33,0,158,3
2020-04-09,India,NA,Jammu and Kashmir,12258433,26,1,184,4
2020-04-10,India,NA,Jammu and Kashmir,12258433,23,0,207,4
2020-04-11,India,NA,Jammu and Kashmir,12258433,17,0,224,4
2020-04-12,India,NA,Jammu and Kashmir,12258433,21,0,245,4
2020-04-13,India,NA,Jammu and Kashmir,12258433,25,0,270,4
2020-04-14,India,NA,Jammu and Kashmir,12258433,8,0,278,4
2020-04-15,India,NA,Jammu and Kashmir,12258433,22,0,300,4
2020-04-16,India,NA,Jammu and Kashmir,12258433,14,0,314,4
2020-04-17,India,NA,Jammu and Kashmir,12258433,14,1,328,5
2020-04-18,India,NA,Jammu and Kashmir,12258433,13,0,341,5
2020-04-19,India,NA,Jammu and Kashmir,12258433,13,0,354,5
2020-04-20,India,NA,Jammu and Kashmir,12258433,14,0,368,5
2020-04-21,India,NA,Jammu and Kashmir,12258433,12,0,380,5
2020-04-22,India,NA,Jammu and Kashmir,12258433,27,0,407,5
2020-04-23,India,NA,Jammu and Kashmir,12258433,27,0,434,5
2020-04-24,India,NA,Jammu and Kashmir,12258433,20,0,454,5
2020-04-25,India,NA,Jammu and Kashmir,12258433,40,1,494,6
2020-04-26,India,NA,Jammu and Kashmir,12258433,29,0,523,6
2020-04-27,India,NA,Jammu and Kashmir,12258433,23,1,546,7
2020-04-28,India,NA,Jammu and Kashmir,12258433,19,1,565,8
2020-04-29,India,NA,Jammu and Kashmir,12258433,16,0,581,8
2020-04-30,India,NA,Jammu and Kashmir,12258433,33,0,614,8
2020-05-01,India,NA,Jammu and Kashmir,12258433,25,0,639,8
2020-05-02,India,NA,Jammu and Kashmir,12258433,27,0,666,8
2020-05-03,India,NA,Jammu and Kashmir,12258433,35,0,701,8
2020-05-04,India,NA,Jammu and Kashmir,12258433,25,0,726,8
2020-05-05,India,NA,Jammu and Kashmir,12258433,15,0,741,8
2020-05-06,India,NA,Jammu and Kashmir,12258433,34,0,775,8
2020-05-07,India,NA,Jammu and Kashmir,12258433,18,1,793,9
2020-05-08,India,NA,Jammu and Kashmir,12258433,30,0,823,9
2020-05-09,India,NA,Jammu and Kashmir,12258433,13,0,836,9
2020-05-10,India,NA,Jammu and Kashmir,12258433,25,0,861,9
2020-05-11,India,NA,Jammu and Kashmir,12258433,18,1,879,10
2020-05-12,India,NA,Jammu and Kashmir,12258433,55,0,934,10
2020-05-13,India,NA,Jammu and Kashmir,12258433,37,1,971,11
2020-05-14,India,NA,Jammu and Kashmir,12258433,12,0,983,11
2020-05-15,India,NA,Jammu and Kashmir,12258433,30,0,1013,11
2020-05-16,India,NA,Jammu and Kashmir,12258433,108,1,1121,12
2020-05-17,India,NA,Jammu and Kashmir,12258433,62,1,1183,13
2020-05-18,India,NA,Jammu and Kashmir,12258433,106,2,1289,15
2020-05-19,India,NA,Jammu and Kashmir,12258433,28,2,1317,17
2020-05-20,India,NA,Jammu and Kashmir,12258433,73,1,1390,18
2020-05-21,India,NA,Jammu and Kashmir,12258433,59,2,1449,20
2020-05-22,India,NA,Jammu and Kashmir,12258433,40,0,1489,20
2020-05-23,India,NA,Jammu and Kashmir,12258433,80,1,1569,21
2020-05-24,India,NA,Jammu and Kashmir,12258433,52,0,1621,21
2020-05-25,India,NA,Jammu and Kashmir,12258433,47,2,1668,23
2020-05-26,India,NA,Jammu and Kashmir,12258433,91,1,1759,24
2020-05-27,India,NA,Jammu and Kashmir,12258433,162,2,1921,26
2020-05-28,India,NA,Jammu and Kashmir,12258433,115,1,2036,27
2020-05-29,India,NA,Jammu and Kashmir,12258433,128,1,2164,28
2020-05-30,India,NA,Jammu and Kashmir,12258433,177,0,2341,28
2020-05-31,India,NA,Jammu and Kashmir,12258433,105,0,2446,28
2020-06-01,India,NA,Jammu and Kashmir,12258433,155,3,2601,31
2020-06-02,India,NA,Jammu and Kashmir,12258433,117,2,2718,33
2020-06-03,India,NA,Jammu and Kashmir,12258433,139,1,2857,34
2020-06-04,India,NA,Jammu and Kashmir,12258433,285,1,3142,35
2020-06-05,India,NA,Jammu and Kashmir,12258433,182,1,3324,36
2020-06-06,India,NA,Jammu and Kashmir,12258433,143,3,3467,39
2020-06-07,India,NA,Jammu and Kashmir,12258433,620,2,4087,41
2020-06-08,India,NA,Jammu and Kashmir,12258433,198,4,4285,45
2020-06-09,India,NA,Jammu and Kashmir,12258433,61,3,4346,48
2020-06-10,India,NA,Jammu and Kashmir,12258433,161,3,4507,51
2020-06-11,India,NA,Jammu and Kashmir,12258433,67,1,4574,52
2020-06-12,India,NA,Jammu and Kashmir,12258433,156,1,4730,53
2020-06-13,India,NA,Jammu and Kashmir,12258433,148,2,4878,55
2020-06-14,India,NA,Jammu and Kashmir,12258433,163,4,5041,59
2020-06-15,India,NA,Jammu and Kashmir,12258433,179,3,5220,62
2020-06-16,India,NA,Jammu and Kashmir,12258433,78,1,5298,63
2020-06-17,India,NA,Jammu and Kashmir,12258433,108,1,5406,64
2020-06-18,India,NA,Jammu and Kashmir,12258433,149,7,5555,71
2020-06-19,India,NA,Jammu and Kashmir,12258433,125,4,5680,75
2020-06-20,India,NA,Jammu and Kashmir,12258433,154,6,5834,81
2020-06-21,India,NA,Jammu and Kashmir,12258433,122,1,5956,82
2020-06-22,India,NA,Jammu and Kashmir,12258433,132,3,6088,85
2020-06-23,India,NA,Jammu and Kashmir,12258433,148,2,6236,87
2020-06-24,India,NA,Jammu and Kashmir,12258433,186,1,6422,88
2020-06-25,India,NA,Jammu and Kashmir,12258433,127,2,6549,90
2020-06-26,India,NA,Jammu and Kashmir,12258433,213,1,6762,91
2020-06-27,India,NA,Jammu and Kashmir,12258433,204,2,6966,93
2020-06-28,India,NA,Jammu and Kashmir,12258433,127,1,7093,94
2020-06-29,India,NA,Jammu and Kashmir,12258433,144,1,7237,95
2020-06-30,India,NA,Jammu and Kashmir,12258433,260,6,7497,101
2020-07-01,India,NA,Jammu and Kashmir,12258433,198,4,7695,105
2020-07-02,India,NA,Jammu and Kashmir,12258433,154,10,7849,115
2020-07-03,India,NA,Jammu and Kashmir,12258433,170,4,8019,119
2020-07-04,India,NA,Jammu and Kashmir,12258433,227,8,8246,127
2020-07-05,India,NA,Jammu and Kashmir,12258433,183,5,8429,132
2020-07-06,India,NA,Jammu and Kashmir,12258433,246,6,8675,138
2020-07-07,India,NA,Jammu and Kashmir,12258433,256,5,8931,143
2020-07-08,India,NA,Jammu and Kashmir,12258433,330,6,9261,149
2020-07-09,India,NA,Jammu and Kashmir,12258433,240,5,9501,154
2020-07-10,India,NA,Jammu and Kashmir,12258433,387,5,9888,159
2020-07-11,India,NA,Jammu and Kashmir,12258433,268,10,10156,169
2020-07-12,India,NA,Jammu and Kashmir,12258433,357,10,10513,179
2020-07-13,India,NA,Jammu and Kashmir,12258433,314,8,10827,187
2020-07-14,India,NA,Jammu and Kashmir,12258433,346,8,11173,195
2020-07-15,India,NA,Jammu and Kashmir,12258433,493,11,11666,206
2020-07-16,India,NA,Jammu and Kashmir,12258433,490,16,12156,222
2020-07-17,India,NA,Jammu and Kashmir,12258433,601,9,12757,231
2020-07-18,India,NA,Jammu and Kashmir,12258433,441,5,13198,236
2020-07-19,India,NA,Jammu and Kashmir,12258433,701,8,13899,244
2020-07-20,India,NA,Jammu and Kashmir,12258433,751,10,14650,254
2020-07-21,India,NA,Jammu and Kashmir,12258433,608,9,15258,263
2020-07-22,India,NA,Jammu and Kashmir,12258433,453,10,15711,273
2020-07-23,India,NA,Jammu and Kashmir,12258433,718,9,16429,282
2020-07-24,India,NA,Jammu and Kashmir,12258433,353,14,16782,296
2020-07-25,India,NA,Jammu and Kashmir,12258433,523,9,17305,305
2020-07-26,India,NA,Jammu and Kashmir,12258433,615,7,17920,312
2020-07-27,India,NA,Jammu and Kashmir,12258433,470,9,18390,321
2020-07-28,India,NA,Jammu and Kashmir,12258433,489,12,18879,333
2020-07-29,India,NA,Jammu and Kashmir,12258433,540,15,19419,348
2020-07-30,India,NA,Jammu and Kashmir,12258433,450,17,19869,365
2020-07-31,India,NA,Jammu and Kashmir,12258433,490,12,20359,377
2020-08-01,India,NA,Jammu and Kashmir,12258433,613,11,20972,388
2020-08-02,India,NA,Jammu and Kashmir,12258433,444,8,21416,396
2020-08-03,India,NA,Jammu and Kashmir,12258433,590,11,22006,407
2020-08-04,India,NA,Jammu and Kashmir,12258433,390,10,22396,417
2020-08-05,India,NA,Jammu and Kashmir,12258433,559,9,22955,426
2020-08-06,India,NA,Jammu and Kashmir,12258433,499,10,23454,436
2020-08-07,India,NA,Jammu and Kashmir,12258433,473,13,23927,449
2020-08-08,India,NA,Jammu and Kashmir,12258433,463,10,24390,459
2020-08-09,India,NA,Jammu and Kashmir,12258433,507,13,24897,472
2020-08-10,India,NA,Jammu and Kashmir,12258433,470,6,25367,478
2020-08-11,India,NA,Jammu and Kashmir,12258433,564,12,25931,490
2020-08-12,India,NA,Jammu and Kashmir,12258433,482,8,26413,498
2020-08-13,India,NA,Jammu and Kashmir,12258433,536,11,26949,509
2020-08-14,India,NA,Jammu and Kashmir,12258433,540,11,27489,520
2020-08-15,India,NA,Jammu and Kashmir,12258433,532,7,28021,527
2020-08-16,India,NA,Jammu and Kashmir,12258433,449,15,28470,542
2020-08-17,India,NA,Jammu and Kashmir,12258433,422,6,28892,548
2020-08-18,India,NA,Jammu and Kashmir,12258433,434,13,29326,561
2020-08-19,India,NA,Jammu and Kashmir,12258433,708,11,30034,572
2020-08-20,India,NA,Jammu and Kashmir,12258433,683,6,30717,578
2020-08-21,India,NA,Jammu and Kashmir,12258433,654,15,31371,593
2020-08-22,India,NA,Jammu and Kashmir,12258433,610,15,31981,608
2020-08-23,India,NA,Jammu and Kashmir,12258433,666,9,32647,617
2020-08-24,India,NA,Jammu and Kashmir,12258433,428,7,33075,624
2020-08-25,India,NA,Jammu and Kashmir,12258433,701,14,33776,638
2020-08-26,India,NA,Jammu and Kashmir,12258433,704,19,34480,657
2020-08-27,India,NA,Jammu and Kashmir,12258433,655,14,35135,671
2020-08-28,India,NA,Jammu and Kashmir,12258433,696,7,35831,678
2020-08-29,India,NA,Jammu and Kashmir,12258433,546,7,36377,685
2020-08-30,India,NA,Jammu and Kashmir,12258433,786,9,37163,694
2020-08-31,India,NA,Jammu and Kashmir,12258433,535,9,37698,703
2020-09-01,India,NA,Jammu and Kashmir,12258433,525,14,38223,717
2020-09-02,India,NA,Jammu and Kashmir,12258433,641,15,38864,732
2020-09-03,India,NA,Jammu and Kashmir,12258433,1079,11,39943,743
2020-09-04,India,NA,Jammu and Kashmir,12258433,1047,12,40990,755
2020-09-05,India,NA,Jammu and Kashmir,12258433,1251,15,42241,770
2020-09-06,India,NA,Jammu and Kashmir,12258433,1316,14,43557,784
2020-09-07,India,NA,Jammu and Kashmir,12258433,1013,17,44570,801
2020-09-08,India,NA,Jammu and Kashmir,12258433,1355,14,45925,815
2020-09-09,India,NA,Jammu and Kashmir,12258433,1617,17,47542,832
2020-09-10,India,NA,Jammu and Kashmir,12258433,1592,13,49134,845
2020-09-11,India,NA,Jammu and Kashmir,12258433,1578,9,50712,854
2020-09-12,India,NA,Jammu and Kashmir,12258433,1698,10,52410,864
2020-09-13,India,NA,Jammu and Kashmir,12258433,1686,14,54096,878
2020-09-14,India,NA,Jammu and Kashmir,12258433,1229,17,55325,895
2020-09-15,India,NA,Jammu and Kashmir,12258433,1329,19,56654,914
2020-04-09,India,NA,Jharkhand,32988134,9,1,13,1
2020-04-10,India,NA,Jharkhand,32988134,1,0,14,1
2020-04-11,India,NA,Jharkhand,32988134,3,0,17,1
2020-04-12,India,NA,Jharkhand,32988134,2,1,19,2
2020-04-13,India,NA,Jharkhand,32988134,5,0,24,2
2020-04-14,India,NA,Jharkhand,32988134,3,0,27,2
2020-04-15,India,NA,Jharkhand,32988134,1,0,28,2
2020-04-16,India,NA,Jharkhand,32988134,1,0,29,2
2020-04-17,India,NA,Jharkhand,32988134,3,0,32,2
2020-04-18,India,NA,Jharkhand,32988134,1,0,33,2
2020-04-19,India,NA,Jharkhand,32988134,8,0,41,2
2020-04-20,India,NA,Jharkhand,32988134,5,0,46,2
2020-04-21,India,NA,Jharkhand,32988134,0,0,46,2
2020-04-22,India,NA,Jharkhand,32988134,0,0,46,2
2020-04-23,India,NA,Jharkhand,32988134,7,1,53,3
2020-04-24,India,NA,Jharkhand,32988134,6,0,59,3
2020-04-25,India,NA,Jharkhand,32988134,8,0,67,3
2020-04-26,India,NA,Jharkhand,32988134,15,0,82,3
2020-04-27,India,NA,Jharkhand,32988134,21,0,103,3
2020-04-28,India,NA,Jharkhand,32988134,2,0,105,3
2020-04-29,India,NA,Jharkhand,32988134,2,0,107,3
2020-04-30,India,NA,Jharkhand,32988134,3,0,110,3
2020-05-01,India,NA,Jharkhand,32988134,3,0,113,3
2020-05-02,India,NA,Jharkhand,32988134,2,0,115,3
2020-05-03,India,NA,Jharkhand,32988134,0,0,115,3
2020-05-04,India,NA,Jharkhand,32988134,0,0,115,3
2020-05-05,India,NA,Jharkhand,32988134,10,0,125,3
2020-05-06,India,NA,Jharkhand,32988134,2,0,127,3
2020-05-07,India,NA,Jharkhand,32988134,5,0,132,3
2020-05-08,India,NA,Jharkhand,32988134,22,0,154,3
2020-05-09,India,NA,Jharkhand,32988134,2,0,156,3
2020-05-10,India,NA,Jharkhand,32988134,1,0,157,3
2020-05-11,India,NA,Jharkhand,32988134,4,0,161,3
2020-05-12,India,NA,Jharkhand,32988134,11,0,172,3
2020-05-13,India,NA,Jharkhand,32988134,5,0,177,3
2020-05-14,India,NA,Jharkhand,32988134,26,0,203,3
2020-05-15,India,NA,Jharkhand,32988134,8,0,211,3
2020-05-16,India,NA,Jharkhand,32988134,6,0,217,3
2020-05-17,India,NA,Jharkhand,32988134,6,0,223,3
2020-05-18,India,NA,Jharkhand,32988134,5,0,228,3
2020-05-19,India,NA,Jharkhand,32988134,20,0,248,3
2020-05-20,India,NA,Jharkhand,32988134,42,0,290,3
2020-05-21,India,NA,Jharkhand,32988134,13,0,303,3
2020-05-22,India,NA,Jharkhand,32988134,20,0,323,3
2020-05-23,India,NA,Jharkhand,32988134,27,0,350,3
2020-05-24,India,NA,Jharkhand,32988134,20,1,370,4
2020-05-25,India,NA,Jharkhand,32988134,35,0,405,4
2020-05-26,India,NA,Jharkhand,32988134,21,0,426,4
2020-05-27,India,NA,Jharkhand,32988134,7,0,433,4
2020-05-28,India,NA,Jharkhand,32988134,6,0,439,4
2020-05-29,India,NA,Jharkhand,32988134,82,1,521,5
2020-05-30,India,NA,Jharkhand,32988134,73,0,594,5
2020-05-31,India,NA,Jharkhand,32988134,41,0,635,5
2020-06-01,India,NA,Jharkhand,32988134,26,0,661,5
2020-06-02,India,NA,Jharkhand,32988134,61,0,722,5
2020-06-03,India,NA,Jharkhand,32988134,42,0,764,5
2020-06-04,India,NA,Jharkhand,32988134,63,1,827,6
2020-06-05,India,NA,Jharkhand,32988134,95,1,922,7
2020-06-06,India,NA,Jharkhand,32988134,106,0,1028,7
2020-06-07,India,NA,Jharkhand,32988134,75,0,1103,7
2020-06-08,India,NA,Jharkhand,32988134,187,0,1290,7
2020-06-09,India,NA,Jharkhand,32988134,126,1,1416,8
2020-06-10,India,NA,Jharkhand,32988134,135,0,1551,8
2020-06-11,India,NA,Jharkhand,32988134,48,0,1599,8
2020-06-12,India,NA,Jharkhand,32988134,57,0,1656,8
2020-06-13,India,NA,Jharkhand,32988134,55,0,1711,8
2020-06-14,India,NA,Jharkhand,32988134,52,0,1763,8
2020-06-15,India,NA,Jharkhand,32988134,30,1,1793,9
2020-06-16,India,NA,Jharkhand,32988134,46,0,1839,9
2020-06-17,India,NA,Jharkhand,32988134,57,1,1896,10
2020-06-18,India,NA,Jharkhand,32988134,23,1,1919,11
2020-06-19,India,NA,Jharkhand,32988134,42,0,1961,11
2020-06-20,India,NA,Jharkhand,32988134,63,0,2024,11
2020-06-21,India,NA,Jharkhand,32988134,74,0,2098,11
2020-06-22,India,NA,Jharkhand,32988134,42,0,2140,11
2020-06-23,India,NA,Jharkhand,32988134,53,0,2193,11
2020-06-24,India,NA,Jharkhand,32988134,26,1,2219,12
2020-06-25,India,NA,Jharkhand,32988134,44,0,2263,12
2020-06-26,India,NA,Jharkhand,32988134,31,0,2294,12
2020-06-27,India,NA,Jharkhand,32988134,45,0,2339,12
2020-06-28,India,NA,Jharkhand,32988134,25,0,2364,12
2020-06-29,India,NA,Jharkhand,32988134,62,3,2426,15
2020-06-30,India,NA,Jharkhand,32988134,64,0,2490,15
2020-07-01,India,NA,Jharkhand,32988134,35,0,2525,15
2020-07-02,India,NA,Jharkhand,32988134,60,0,2585,15
2020-07-03,India,NA,Jharkhand,32988134,112,0,2697,15
2020-07-04,India,NA,Jharkhand,32988134,42,3,2739,18
2020-07-05,India,NA,Jharkhand,32988134,68,1,2807,19
2020-07-06,India,NA,Jharkhand,32988134,47,1,2854,20
2020-07-07,India,NA,Jharkhand,32988134,164,2,3018,22
2020-07-08,India,NA,Jharkhand,32988134,116,0,3134,22
2020-07-09,India,NA,Jharkhand,32988134,134,1,3268,23
2020-07-10,India,NA,Jharkhand,32988134,250,0,3518,23
2020-07-11,India,NA,Jharkhand,32988134,145,1,3663,24
2020-07-12,India,NA,Jharkhand,32988134,97,7,3760,31
2020-07-13,India,NA,Jharkhand,32988134,203,2,3963,33
2020-07-14,India,NA,Jharkhand,32988134,262,3,4225,36
2020-07-15,India,NA,Jharkhand,32988134,337,2,4562,38
2020-07-16,India,NA,Jharkhand,32988134,221,4,4783,42
2020-07-17,India,NA,Jharkhand,32988134,313,4,5096,46
2020-07-18,India,NA,Jharkhand,32988134,289,2,5385,48
2020-07-19,India,NA,Jharkhand,32988134,167,1,5552,49
2020-07-20,India,NA,Jharkhand,32988134,225,4,5777,53
2020-07-21,India,NA,Jharkhand,32988134,418,8,6195,61
2020-07-22,India,NA,Jharkhand,32988134,487,3,6682,64
2020-07-23,India,NA,Jharkhand,32988134,482,3,7164,67
2020-07-24,India,NA,Jharkhand,32988134,400,9,7564,76
2020-07-25,India,NA,Jharkhand,32988134,277,7,7841,83
2020-07-26,India,NA,Jharkhand,32988134,508,0,8349,83
2020-07-27,India,NA,Jharkhand,32988134,454,7,8803,90
2020-07-28,India,NA,Jharkhand,32988134,760,4,9563,94
2020-07-29,India,NA,Jharkhand,32988134,331,5,9894,99
2020-07-30,India,NA,Jharkhand,32988134,505,4,10399,103
2020-07-31,India,NA,Jharkhand,32988134,915,3,11314,106
2020-08-01,India,NA,Jharkhand,32988134,790,8,12104,114
2020-08-02,India,NA,Jharkhand,32988134,455,4,12559,118
2020-08-03,India,NA,Jharkhand,32988134,941,7,13500,125
2020-08-04,India,NA,Jharkhand,32988134,570,4,14070,129
2020-08-05,India,NA,Jharkhand,32988134,978,7,15048,136
2020-08-06,India,NA,Jharkhand,32988134,708,9,15756,145
2020-08-07,India,NA,Jharkhand,32988134,726,6,16482,151
2020-08-08,India,NA,Jharkhand,32988134,986,9,17468,160
2020-08-09,India,NA,Jharkhand,32988134,688,17,18156,177
2020-08-10,India,NA,Jharkhand,32988134,630,12,18786,189
2020-08-11,India,NA,Jharkhand,32988134,683,5,19469,194
2020-08-12,India,NA,Jharkhand,32988134,788,8,20257,202
2020-08-13,India,NA,Jharkhand,32988134,693,7,20950,209
2020-08-14,India,NA,Jharkhand,32988134,1175,15,22125,224
2020-08-15,India,NA,Jharkhand,32988134,547,5,22672,229
2020-08-16,India,NA,Jharkhand,32988134,552,15,23224,244
2020-08-17,India,NA,Jharkhand,32988134,843,11,24067,255
2020-08-18,India,NA,Jharkhand,32988134,1241,10,25308,265
2020-08-19,India,NA,Jharkhand,32988134,967,13,26275,278
2020-08-20,India,NA,Jharkhand,32988134,638,8,26913,286
2020-08-21,India,NA,Jharkhand,32988134,1258,11,28171,297
2020-08-22,India,NA,Jharkhand,32988134,907,13,29078,310
2020-08-23,India,NA,Jharkhand,32988134,1075,8,30153,318
2020-08-24,India,NA,Jharkhand,32988134,940,17,31093,335
2020-08-25,India,NA,Jharkhand,32988134,1056,12,32149,347
2020-08-26,India,NA,Jharkhand,32988134,1137,15,33286,362
2020-08-27,India,NA,Jharkhand,32988134,1365,15,34651,377
2020-08-28,India,NA,Jharkhand,32988134,1137,12,35788,389
2020-08-29,India,NA,Jharkhand,32988134,1299,9,37087,398
2020-08-30,India,NA,Jharkhand,32988134,1323,12,38410,410
2020-08-31,India,NA,Jharkhand,32988134,3221,7,41631,417
2020-09-01,India,NA,Jharkhand,32988134,2177,11,43808,428
2020-09-02,India,NA,Jharkhand,32988134,1029,10,44837,438
2020-09-03,India,NA,Jharkhand,32988134,1618,6,46455,444
2020-09-04,India,NA,Jharkhand,32988134,1559,3,48014,447
2020-09-05,India,NA,Jharkhand,32988134,1758,15,49772,462
2020-09-06,India,NA,Jharkhand,32988134,1266,7,51038,469
2020-09-07,India,NA,Jharkhand,32988134,1557,13,52595,482
2020-09-08,India,NA,Jharkhand,32988134,2676,14,55271,496
2020-09-09,India,NA,Jharkhand,32988134,1601,16,56872,512
2020-09-10,India,NA,Jharkhand,32988134,1182,5,58054,517
2020-09-11,India,NA,Jharkhand,32988134,961,15,59015,532
2020-09-12,India,NA,Jharkhand,32988134,1420,10,60435,542
2020-09-13,India,NA,Jharkhand,32988134,1014,13,61449,555
2020-09-14,India,NA,Jharkhand,32988134,1263,6,62712,561
2020-09-15,India,NA,Jharkhand,32988134,1702,10,64414,571
2020-03-18,India,NA,Karnataka,61130704,5,0,14,1
2020-03-19,India,NA,Karnataka,61130704,1,0,15,1
2020-03-20,India,NA,Karnataka,61130704,0,0,15,1
2020-03-21,India,NA,Karnataka,61130704,5,0,20,1
2020-03-22,India,NA,Karnataka,61130704,6,0,26,1
2020-03-23,India,NA,Karnataka,61130704,7,0,33,1
2020-03-24,India,NA,Karnataka,61130704,8,0,41,1
2020-03-25,India,NA,Karnataka,61130704,10,0,51,1
2020-03-26,India,NA,Karnataka,61130704,4,1,55,2
2020-03-27,India,NA,Karnataka,61130704,9,1,64,3
2020-03-28,India,NA,Karnataka,61130704,17,0,81,3
2020-03-29,India,NA,Karnataka,61130704,2,0,83,3
2020-03-30,India,NA,Karnataka,61130704,5,0,88,3
2020-03-31,India,NA,Karnataka,61130704,13,0,101,3
2020-04-01,India,NA,Karnataka,61130704,9,0,110,3
2020-04-02,India,NA,Karnataka,61130704,14,0,124,3
2020-04-03,India,NA,Karnataka,61130704,4,1,128,4
2020-04-04,India,NA,Karnataka,61130704,16,0,144,4
2020-04-05,India,NA,Karnataka,61130704,7,0,151,4
2020-04-06,India,NA,Karnataka,61130704,12,0,163,4
2020-04-07,India,NA,Karnataka,61130704,12,0,175,4
2020-04-08,India,NA,Karnataka,61130704,6,1,181,5
2020-04-09,India,NA,Karnataka,61130704,16,1,197,6
2020-04-10,India,NA,Karnataka,61130704,10,0,207,6
2020-04-11,India,NA,Karnataka,61130704,8,0,215,6
2020-04-12,India,NA,Karnataka,61130704,17,0,232,6
2020-04-13,India,NA,Karnataka,61130704,15,2,247,8
2020-04-14,India,NA,Karnataka,61130704,13,2,260,10
2020-04-15,India,NA,Karnataka,61130704,19,2,279,12
2020-04-16,India,NA,Karnataka,61130704,36,1,315,13
2020-04-17,India,NA,Karnataka,61130704,44,0,359,13
2020-04-18,India,NA,Karnataka,61130704,25,1,384,14
2020-04-19,India,NA,Karnataka,61130704,6,2,390,16
2020-04-20,India,NA,Karnataka,61130704,18,0,408,16
2020-04-21,India,NA,Karnataka,61130704,10,1,418,17
2020-04-22,India,NA,Karnataka,61130704,9,0,427,17
2020-04-23,India,NA,Karnataka,61130704,18,0,445,17
2020-04-24,India,NA,Karnataka,61130704,29,1,474,18
2020-04-25,India,NA,Karnataka,61130704,26,0,500,18
2020-04-26,India,NA,Karnataka,61130704,3,1,503,19
2020-04-27,India,NA,Karnataka,61130704,9,1,512,20
2020-04-28,India,NA,Karnataka,61130704,11,0,523,20
2020-04-29,India,NA,Karnataka,61130704,12,1,535,21
2020-04-30,India,NA,Karnataka,61130704,30,1,565,22
2020-05-01,India,NA,Karnataka,61130704,24,0,589,22
2020-05-02,India,NA,Karnataka,61130704,12,3,601,25
2020-05-03,India,NA,Karnataka,61130704,13,0,614,25
2020-05-04,India,NA,Karnataka,61130704,37,2,651,27
2020-05-05,India,NA,Karnataka,61130704,22,2,673,29
2020-05-06,India,NA,Karnataka,61130704,20,0,693,29
2020-05-07,India,NA,Karnataka,61130704,12,1,705,30
2020-05-08,India,NA,Karnataka,61130704,48,0,753,30
2020-05-09,India,NA,Karnataka,61130704,41,0,794,30
2020-05-10,India,NA,Karnataka,61130704,54,1,848,31
2020-05-11,India,NA,Karnataka,61130704,14,0,862,31
2020-05-12,India,NA,Karnataka,61130704,63,0,925,31
2020-05-13,India,NA,Karnataka,61130704,34,2,959,33
2020-05-14,India,NA,Karnataka,61130704,28,2,987,35
2020-05-15,India,NA,Karnataka,61130704,69,1,1056,36
2020-05-16,India,NA,Karnataka,61130704,36,0,1092,36
2020-05-17,India,NA,Karnataka,61130704,55,1,1147,37
2020-05-18,India,NA,Karnataka,61130704,99,0,1246,37
2020-05-19,India,NA,Karnataka,61130704,149,3,1395,40
2020-05-20,India,NA,Karnataka,61130704,67,1,1462,41
2020-05-21,India,NA,Karnataka,61130704,143,0,1605,41
2020-05-22,India,NA,Karnataka,61130704,138,0,1743,41
2020-05-23,India,NA,Karnataka,61130704,216,1,1959,42
2020-05-24,India,NA,Karnataka,61130704,130,0,2089,42
2020-05-25,India,NA,Karnataka,61130704,93,2,2182,44
2020-05-26,India,NA,Karnataka,61130704,101,0,2283,44
2020-05-27,India,NA,Karnataka,61130704,135,3,2418,47
2020-05-28,India,NA,Karnataka,61130704,115,0,2533,47
2020-05-29,India,NA,Karnataka,61130704,248,1,2781,48
2020-05-30,India,NA,Karnataka,61130704,141,1,2922,49
2020-05-31,India,NA,Karnataka,61130704,299,2,3221,51
2020-06-01,India,NA,Karnataka,61130704,187,1,3408,52
2020-06-02,India,NA,Karnataka,61130704,388,0,3796,52
2020-06-03,India,NA,Karnataka,61130704,267,1,4063,53
2020-06-04,India,NA,Karnataka,61130704,257,4,4320,57
2020-06-05,India,NA,Karnataka,61130704,515,0,4835,57
2020-06-06,India,NA,Karnataka,61130704,378,2,5213,59
2020-06-07,India,NA,Karnataka,61130704,239,2,5452,61
2020-06-08,India,NA,Karnataka,61130704,308,3,5760,64
2020-06-09,India,NA,Karnataka,61130704,161,2,5921,66
2020-06-10,India,NA,Karnataka,61130704,120,3,6041,69
2020-06-11,India,NA,Karnataka,61130704,204,3,6245,72
2020-06-12,India,NA,Karnataka,61130704,271,7,6516,79
2020-06-13,India,NA,Karnataka,61130704,308,3,6824,82
2020-06-14,India,NA,Karnataka,61130704,176,5,7000,87
2020-06-15,India,NA,Karnataka,61130704,213,2,7213,89
2020-06-16,India,NA,Karnataka,61130704,317,7,7530,96
2020-06-17,India,NA,Karnataka,61130704,204,8,7734,104
2020-06-18,India,NA,Karnataka,61130704,210,12,7944,116
2020-06-19,India,NA,Karnataka,61130704,337,9,8281,125
2020-06-20,India,NA,Karnataka,61130704,416,9,8697,134
2020-06-21,India,NA,Karnataka,61130704,453,5,9150,139
2020-06-22,India,NA,Karnataka,61130704,249,5,9399,144
2020-06-23,India,NA,Karnataka,61130704,322,8,9721,152
2020-06-24,India,NA,Karnataka,61130704,397,14,10118,166
2020-06-25,India,NA,Karnataka,61130704,442,6,10560,172
2020-06-26,India,NA,Karnataka,61130704,445,10,11005,182
2020-06-27,India,NA,Karnataka,61130704,918,11,11923,193
2020-06-28,India,NA,Karnataka,61130704,1267,16,13190,209
2020-06-29,India,NA,Karnataka,61130704,1105,19,14295,228
2020-06-30,India,NA,Karnataka,61130704,947,20,15242,248
2020-07-01,India,NA,Karnataka,61130704,1272,7,16514,255
2020-07-02,India,NA,Karnataka,61130704,1502,19,18016,274
2020-07-03,India,NA,Karnataka,61130704,1694,21,19710,295
2020-07-04,India,NA,Karnataka,61130704,1839,42,21549,337
2020-07-05,India,NA,Karnataka,61130704,1925,37,23474,374
2020-07-06,India,NA,Karnataka,61130704,1843,30,25317,404
2020-07-07,India,NA,Karnataka,61130704,1498,15,26815,419
2020-07-08,India,NA,Karnataka,61130704,2062,54,28877,473
2020-07-09,India,NA,Karnataka,61130704,2228,17,31105,490
2020-07-10,India,NA,Karnataka,61130704,2313,57,33418,547
2020-07-11,India,NA,Karnataka,61130704,2798,70,36216,617
2020-07-12,India,NA,Karnataka,61130704,2627,71,38843,688
2020-07-13,India,NA,Karnataka,61130704,2738,73,41581,761
2020-07-14,India,NA,Karnataka,61130704,2496,87,44077,848
2020-07-15,India,NA,Karnataka,61130704,3176,87,47253,935
2020-07-16,India,NA,Karnataka,61130704,4169,104,51422,1039
2020-07-17,India,NA,Karnataka,61130704,3693,115,55115,1154
2020-07-18,India,NA,Karnataka,61130704,4537,93,59652,1247
2020-07-19,India,NA,Karnataka,61130704,4120,91,63772,1338
2020-07-20,India,NA,Karnataka,61130704,3648,72,67420,1410
2020-07-21,India,NA,Karnataka,61130704,3649,61,71069,1471
2020-07-22,India,NA,Karnataka,61130704,4764,55,75833,1526
2020-07-23,India,NA,Karnataka,61130704,5030,97,80863,1623
2020-07-24,India,NA,Karnataka,61130704,5007,110,85870,1733
2020-07-25,India,NA,Karnataka,61130704,5072,72,90942,1805
2020-07-26,India,NA,Karnataka,61130704,5199,82,96141,1887
2020-07-27,India,NA,Karnataka,61130704,5324,75,101465,1962
2020-07-28,India,NA,Karnataka,61130704,5536,102,107001,2064
2020-07-29,India,NA,Karnataka,61130704,5503,90,112504,2154
2020-07-30,India,NA,Karnataka,61130704,6128,83,118632,2237
2020-07-31,India,NA,Karnataka,61130704,5483,84,124115,2321
2020-08-01,India,NA,Karnataka,61130704,5172,98,129287,2419
2020-08-02,India,NA,Karnataka,61130704,5532,84,134819,2503
2020-08-03,India,NA,Karnataka,61130704,4752,98,139571,2601
2020-08-04,India,NA,Karnataka,61130704,6259,110,145830,2711
2020-08-05,India,NA,Karnataka,61130704,5619,100,151449,2811
2020-08-06,India,NA,Karnataka,61130704,6805,93,158254,2904
2020-08-07,India,NA,Karnataka,61130704,6670,100,164924,3004
2020-08-08,India,NA,Karnataka,61130704,7178,93,172102,3097
2020-08-09,India,NA,Karnataka,61130704,5985,107,178087,3204
2020-08-10,India,NA,Karnataka,61130704,4267,114,182354,3318
2020-08-11,India,NA,Karnataka,61130704,6257,86,188611,3404
2020-08-12,India,NA,Karnataka,61130704,7883,113,196494,3517
2020-08-13,India,NA,Karnataka,61130704,6706,103,203200,3620
2020-08-14,India,NA,Karnataka,61130704,7908,104,211108,3724
2020-08-15,India,NA,Karnataka,61130704,8818,114,219926,3838
2020-08-16,India,NA,Karnataka,61130704,7040,116,226966,3954
2020-08-17,India,NA,Karnataka,61130704,6317,115,233283,4069
2020-08-18,India,NA,Karnataka,61130704,7665,139,240948,4208
2020-08-19,India,NA,Karnataka,61130704,8642,126,249590,4334
2020-08-20,India,NA,Karnataka,61130704,7385,102,256975,4436
2020-08-21,India,NA,Karnataka,61130704,7571,93,264546,4529
2020-08-22,India,NA,Karnataka,61130704,7330,93,271876,4622
2020-08-23,India,NA,Karnataka,61130704,5938,68,277814,4690
2020-08-24,India,NA,Karnataka,61130704,5851,127,283665,4817
2020-08-25,India,NA,Karnataka,61130704,8161,148,291826,4965
2020-08-26,India,NA,Karnataka,61130704,8580,133,300406,5098
2020-08-27,India,NA,Karnataka,61130704,9386,141,309792,5239
2020-08-28,India,NA,Karnataka,61130704,8960,136,318752,5375
2020-08-29,India,NA,Karnataka,61130704,8324,115,327076,5490
2020-08-30,India,NA,Karnataka,61130704,8852,106,335928,5596
2020-08-31,India,NA,Karnataka,61130704,6495,113,342423,5709
2020-09-01,India,NA,Karnataka,61130704,9058,0,351481,5709
2020-09-02,India,NA,Karnataka,61130704,9860,0,361341,5709
2020-09-03,India,NA,Karnataka,61130704,8865,0,370206,5709
2020-09-04,India,NA,Karnataka,61130704,9280,0,379486,5709
2020-09-05,India,NA,Karnataka,61130704,9746,0,389232,5709
2020-09-06,India,NA,Karnataka,61130704,9319,95,398551,5804
2020-09-07,India,NA,Karnataka,61130704,5773,141,404324,5945
2020-09-08,India,NA,Karnataka,61130704,7866,146,412190,6091
2020-09-09,India,NA,Karnataka,61130704,9540,128,421730,6219
2020-09-10,India,NA,Karnataka,61130704,9217,129,430947,6348
2020-09-11,India,NA,Karnataka,61130704,9464,130,440411,6478
2020-09-12,India,NA,Karnataka,61130704,9140,94,449551,6572
2020-09-13,India,NA,Karnataka,61130704,9894,104,459445,6676
2020-09-14,India,NA,Karnataka,61130704,8244,119,467689,6795
2020-09-15,India,NA,Karnataka,61130704,7576,97,475265,6892
2020-03-11,India,NA,Kerala,34523726,8,0,17,0
2020-03-13,India,NA,Kerala,34523726,2,0,19,0
2020-03-14,India,NA,Kerala,34523726,19,0,19,0
2020-03-15,India,NA,Kerala,34523726,5,0,24,0
2020-03-16,India,NA,Kerala,34523726,3,0,27,0
2020-03-17,India,NA,Kerala,34523726,0,0,27,0
2020-03-18,India,NA,Kerala,34523726,0,0,27,0
2020-03-19,India,NA,Kerala,34523726,1,0,28,0
2020-03-20,India,NA,Kerala,34523726,12,0,40,0
2020-03-21,India,NA,Kerala,34523726,12,0,52,0
2020-03-22,India,NA,Kerala,34523726,15,0,67,0
2020-03-23,India,NA,Kerala,34523726,28,0,95,0
2020-03-24,India,NA,Kerala,34523726,14,0,109,0
2020-03-25,India,NA,Kerala,34523726,9,0,118,0
2020-03-26,India,NA,Kerala,34523726,19,0,137,0
2020-03-27,India,NA,Kerala,34523726,39,0,176,0
2020-03-28,India,NA,Kerala,34523726,6,1,182,1
2020-03-29,India,NA,Kerala,34523726,20,0,202,1
2020-03-30,India,NA,Kerala,34523726,32,0,234,1
2020-03-31,India,NA,Kerala,34523726,7,1,241,2
2020-04-01,India,NA,Kerala,34523726,24,0,265,2
2020-04-02,India,NA,Kerala,34523726,21,0,286,2
2020-04-03,India,NA,Kerala,34523726,9,0,295,2
2020-04-04,India,NA,Kerala,34523726,11,0,306,2
2020-04-05,India,NA,Kerala,34523726,8,0,314,2
2020-04-06,India,NA,Kerala,34523726,13,0,327,2
2020-04-07,India,NA,Kerala,34523726,9,0,336,2
2020-04-08,India,NA,Kerala,34523726,9,0,345,2
2020-04-09,India,NA,Kerala,34523726,12,0,357,2
2020-04-10,India,NA,Kerala,34523726,7,0,364,2
2020-04-11,India,NA,Kerala,34523726,10,1,374,3
2020-04-12,India,NA,Kerala,34523726,2,0,376,3
2020-04-13,India,NA,Kerala,34523726,3,0,379,3
2020-04-14,India,NA,Kerala,34523726,8,0,387,3
2020-04-15,India,NA,Kerala,34523726,1,0,388,3
2020-04-16,India,NA,Kerala,34523726,7,0,395,3
2020-04-17,India,NA,Kerala,34523726,1,0,396,3
2020-04-18,India,NA,Kerala,34523726,4,0,400,3
2020-04-19,India,NA,Kerala,34523726,2,0,402,3
2020-04-20,India,NA,Kerala,34523726,6,0,408,3
2020-04-21,India,NA,Kerala,34523726,19,0,427,3
2020-04-22,India,NA,Kerala,34523726,11,0,438,3
2020-04-23,India,NA,Kerala,34523726,10,0,448,3
2020-04-24,India,NA,Kerala,34523726,3,1,451,4
2020-04-25,India,NA,Kerala,34523726,7,0,458,4
2020-04-26,India,NA,Kerala,34523726,11,0,469,4
2020-04-27,India,NA,Kerala,34523726,13,0,482,4
2020-04-28,India,NA,Kerala,34523726,4,0,486,4
2020-04-29,India,NA,Kerala,34523726,10,0,496,4
2020-04-30,India,NA,Kerala,34523726,2,0,498,4
2020-05-01,India,NA,Kerala,34523726,0,0,498,4
2020-05-02,India,NA,Kerala,34523726,2,0,500,4
2020-05-03,India,NA,Kerala,34523726,0,0,500,4
2020-05-04,India,NA,Kerala,34523726,0,0,500,4
2020-05-05,India,NA,Kerala,34523726,3,0,503,4
2020-05-06,India,NA,Kerala,34523726,0,0,503,4
2020-05-07,India,NA,Kerala,34523726,0,0,503,4
2020-05-08,India,NA,Kerala,34523726,1,0,504,4
2020-05-09,India,NA,Kerala,34523726,2,0,506,4
2020-05-10,India,NA,Kerala,34523726,7,0,513,4
2020-05-11,India,NA,Kerala,34523726,7,0,520,4
2020-05-12,India,NA,Kerala,34523726,5,0,525,4
2020-05-13,India,NA,Kerala,34523726,10,0,535,4
2020-05-14,India,NA,Kerala,34523726,26,0,561,4
2020-05-15,India,NA,Kerala,34523726,16,0,577,4
2020-05-16,India,NA,Kerala,34523726,11,0,588,4
2020-05-17,India,NA,Kerala,34523726,14,0,602,4
2020-05-18,India,NA,Kerala,34523726,29,0,631,4
2020-05-19,India,NA,Kerala,34523726,12,0,643,4
2020-05-20,India,NA,Kerala,34523726,24,0,667,4
2020-05-21,India,NA,Kerala,34523726,24,0,691,4
2020-05-22,India,NA,Kerala,34523726,42,1,733,5
2020-05-23,India,NA,Kerala,34523726,62,0,795,5
2020-05-24,India,NA,Kerala,34523726,53,1,848,6
2020-05-25,India,NA,Kerala,34523726,49,0,897,6
2020-05-26,India,NA,Kerala,34523726,67,1,964,7
2020-05-27,India,NA,Kerala,34523726,40,0,1004,7
2020-05-28,India,NA,Kerala,34523726,85,1,1089,8
2020-05-29,India,NA,Kerala,34523726,62,1,1151,9
2020-05-30,India,NA,Kerala,34523726,58,1,1209,10
2020-05-31,India,NA,Kerala,34523726,61,0,1270,10
2020-06-01,India,NA,Kerala,34523726,57,1,1327,11
2020-06-02,India,NA,Kerala,34523726,86,1,1413,12
2020-06-03,India,NA,Kerala,34523726,82,0,1495,12
2020-06-04,India,NA,Kerala,34523726,94,3,1589,15
2020-06-05,India,NA,Kerala,34523726,111,0,1700,15
2020-06-06,India,NA,Kerala,34523726,108,1,1808,16
2020-06-07,India,NA,Kerala,34523726,107,0,1915,16
2020-06-08,India,NA,Kerala,34523726,91,1,2006,17
2020-06-09,India,NA,Kerala,34523726,91,0,2097,17
2020-06-10,India,NA,Kerala,34523726,65,1,2162,18
2020-06-11,India,NA,Kerala,34523726,83,1,2245,19
2020-06-12,India,NA,Kerala,34523726,78,1,2323,20
2020-06-13,India,NA,Kerala,34523726,85,0,2408,20
2020-06-14,India,NA,Kerala,34523726,54,0,2462,20
2020-06-15,India,NA,Kerala,34523726,82,1,2544,21
2020-06-16,India,NA,Kerala,34523726,79,0,2623,21
2020-06-17,India,NA,Kerala,34523726,75,0,2698,21
2020-06-18,India,NA,Kerala,34523726,97,1,2795,22
2020-06-19,India,NA,Kerala,34523726,118,0,2913,22
2020-06-20,India,NA,Kerala,34523726,127,0,3040,22
2020-06-21,India,NA,Kerala,34523726,133,0,3173,22
2020-06-22,India,NA,Kerala,34523726,138,0,3311,22
2020-06-23,India,NA,Kerala,34523726,141,1,3452,23
2020-06-24,India,NA,Kerala,34523726,152,0,3604,23
2020-06-25,India,NA,Kerala,34523726,123,0,3727,23
2020-06-26,India,NA,Kerala,34523726,150,0,3877,23
2020-06-27,India,NA,Kerala,34523726,195,0,4072,23
2020-06-28,India,NA,Kerala,34523726,118,0,4190,23
2020-06-29,India,NA,Kerala,34523726,122,1,4312,24
2020-06-30,India,NA,Kerala,34523726,131,1,4443,25
2020-07-01,India,NA,Kerala,34523726,151,1,4594,26
2020-07-02,India,NA,Kerala,34523726,160,0,4754,26
2020-07-03,India,NA,Kerala,34523726,211,0,4965,26
2020-07-04,India,NA,Kerala,34523726,240,0,5205,26
2020-07-05,India,NA,Kerala,34523726,225,0,5430,26
2020-07-06,India,NA,Kerala,34523726,193,2,5623,28
2020-07-07,India,NA,Kerala,34523726,272,0,5895,28
2020-07-08,India,NA,Kerala,34523726,301,0,6196,28
2020-07-09,India,NA,Kerala,34523726,339,0,6535,28
2020-07-10,India,NA,Kerala,34523726,416,0,6951,28
2020-07-11,India,NA,Kerala,34523726,488,2,7439,30
2020-07-12,India,NA,Kerala,34523726,435,2,7874,32
2020-07-13,India,NA,Kerala,34523726,449,2,8323,34
2020-07-14,India,NA,Kerala,34523726,608,1,8931,35
2020-07-15,India,NA,Kerala,34523726,623,1,9554,36
2020-07-16,India,NA,Kerala,34523726,722,2,10276,38
2020-07-17,India,NA,Kerala,34523726,791,1,11067,39
2020-07-18,India,NA,Kerala,34523726,593,2,11660,41
2020-07-19,India,NA,Kerala,34523726,821,2,12481,43
2020-07-20,India,NA,Kerala,34523726,794,1,13275,44
2020-07-21,India,NA,Kerala,34523726,720,1,13995,45
2020-07-22,India,NA,Kerala,34523726,1038,1,15033,46
2020-07-23,India,NA,Kerala,34523726,1078,5,16111,51
2020-07-24,India,NA,Kerala,34523726,885,4,16996,55
2020-07-25,India,NA,Kerala,34523726,1103,5,18099,60
2020-07-26,India,NA,Kerala,34523726,927,2,19026,62
2020-07-27,India,NA,Kerala,34523726,702,2,19728,64
2020-07-28,India,NA,Kerala,34523726,1167,4,20895,68
2020-07-29,India,NA,Kerala,34523726,903,1,21798,69
2020-07-30,India,NA,Kerala,34523726,506,2,22304,71
2020-07-31,India,NA,Kerala,34523726,1310,3,23614,74
2020-08-01,India,NA,Kerala,34523726,1129,8,24743,82
2020-08-02,India,NA,Kerala,34523726,1169,1,25912,83
2020-08-03,India,NA,Kerala,34523726,961,2,26873,85
2020-08-04,India,NA,Kerala,34523726,1083,3,27956,88
2020-08-05,India,NA,Kerala,34523726,1195,7,29151,95
2020-08-06,India,NA,Kerala,34523726,1298,3,30449,98
2020-08-07,India,NA,Kerala,34523726,1251,5,31700,103
2020-08-08,India,NA,Kerala,34523726,1420,4,33120,107
2020-08-09,India,NA,Kerala,34523726,1211,2,34331,109
2020-08-10,India,NA,Kerala,34523726,1184,7,35515,116
2020-08-11,India,NA,Kerala,34523726,1417,5,36932,121
2020-08-12,India,NA,Kerala,34523726,1212,6,38144,127
2020-08-13,India,NA,Kerala,34523726,1564,3,39708,130
2020-08-14,India,NA,Kerala,34523726,1569,10,41277,140
2020-08-15,India,NA,Kerala,34523726,1608,7,42885,147
2020-08-16,India,NA,Kerala,34523726,1530,10,44415,157
2020-08-17,India,NA,Kerala,34523726,1725,13,46140,170
2020-08-18,India,NA,Kerala,34523726,1758,6,47898,176
2020-08-19,India,NA,Kerala,34523726,2333,7,50231,183
2020-08-20,India,NA,Kerala,34523726,1968,9,52199,192
2020-08-21,India,NA,Kerala,34523726,1983,12,54182,204
2020-08-22,India,NA,Kerala,34523726,2172,15,56354,219
2020-08-23,India,NA,Kerala,34523726,1908,5,58262,224
2020-08-24,India,NA,Kerala,34523726,1242,11,59504,235
2020-08-25,India,NA,Kerala,34523726,2375,10,61879,245
2020-08-26,India,NA,Kerala,34523726,2476,13,64355,258
2020-08-27,India,NA,Kerala,34523726,2406,10,66761,268
2020-08-28,India,NA,Kerala,34523726,2543,7,69304,275
2020-08-29,India,NA,Kerala,34523726,2397,6,71701,281
2020-08-30,India,NA,Kerala,34523726,2154,7,73855,288
2020-08-31,India,NA,Kerala,34523726,1530,7,75385,295
2020-09-01,India,NA,Kerala,34523726,1140,4,76525,299
2020-09-02,India,NA,Kerala,34523726,1547,7,78072,306
2020-09-03,India,NA,Kerala,34523726,1553,10,79625,316
2020-09-04,India,NA,Kerala,34523726,2479,11,82104,327
2020-09-05,India,NA,Kerala,34523726,2655,11,84759,338
2020-09-06,India,NA,Kerala,34523726,3082,10,87841,348
2020-09-07,India,NA,Kerala,34523726,1648,12,89489,360
2020-09-08,India,NA,Kerala,34523726,3026,13,92515,373
2020-09-09,India,NA,Kerala,34523726,3402,12,95917,385
2020-09-10,India,NA,Kerala,34523726,3349,12,99266,397
2020-09-11,India,NA,Kerala,34523726,2988,14,102254,411
2020-09-12,India,NA,Kerala,34523726,2885,15,105139,426
2020-09-13,India,NA,Kerala,34523726,0,0,105139,426
2020-09-14,India,NA,Kerala,34523726,2540,15,107679,441
2020-09-15,India,NA,Kerala,34523726,3215,12,110894,453
2020-03-21,India,NA,Ladakh,274289,3,0,13,0
2020-03-22,India,NA,Ladakh,274289,0,0,13,0
2020-03-23,India,NA,Ladakh,274289,0,0,13,0
2020-03-24,India,NA,Ladakh,274289,0,0,13,0
2020-03-25,India,NA,Ladakh,274289,0,0,13,0
2020-03-26,India,NA,Ladakh,274289,0,0,13,0
2020-03-27,India,NA,Ladakh,274289,0,0,13,0
2020-03-28,India,NA,Ladakh,274289,0,0,13,0
2020-03-29,India,NA,Ladakh,274289,0,0,13,0
2020-03-30,India,NA,Ladakh,274289,0,0,13,0
2020-03-31,India,NA,Ladakh,274289,0,0,13,0
2020-04-01,India,NA,Ladakh,274289,0,0,13,0
2020-04-02,India,NA,Ladakh,274289,0,0,13,0
2020-04-03,India,NA,Ladakh,274289,1,0,14,0
2020-04-04,India,NA,Ladakh,274289,0,0,14,0
2020-04-05,India,NA,Ladakh,274289,0,0,14,0
2020-04-06,India,NA,Ladakh,274289,0,0,14,0
2020-04-07,India,NA,Ladakh,274289,0,0,14,0
2020-04-08,India,NA,Ladakh,274289,0,0,14,0
2020-04-09,India,NA,Ladakh,274289,0,0,14,0
2020-04-10,India,NA,Ladakh,274289,1,0,15,0
2020-04-11,India,NA,Ladakh,274289,0,0,15,0
2020-04-12,India,NA,Ladakh,274289,0,0,15,0
2020-04-13,India,NA,Ladakh,274289,2,0,17,0
2020-04-14,India,NA,Ladakh,274289,0,0,17,0
2020-04-15,India,NA,Ladakh,274289,1,0,18,0
2020-04-16,India,NA,Ladakh,274289,0,0,18,0
2020-04-17,India,NA,Ladakh,274289,0,0,18,0
2020-04-18,India,NA,Ladakh,274289,0,0,18,0
2020-04-19,India,NA,Ladakh,274289,0,0,18,0
2020-04-20,India,NA,Ladakh,274289,0,0,18,0
2020-04-21,India,NA,Ladakh,274289,0,0,18,0
2020-04-22,India,NA,Ladakh,274289,0,0,18,0
2020-04-23,India,NA,Ladakh,274289,0,0,18,0
2020-04-24,India,NA,Ladakh,274289,0,0,18,0
2020-04-25,India,NA,Ladakh,274289,2,0,20,0
2020-04-26,India,NA,Ladakh,274289,0,0,20,0
2020-04-27,India,NA,Ladakh,274289,0,0,20,0
2020-04-28,India,NA,Ladakh,274289,2,0,22,0
2020-04-29,India,NA,Ladakh,274289,0,0,22,0
2020-04-30,India,NA,Ladakh,274289,0,0,22,0
2020-05-01,India,NA,Ladakh,274289,0,0,22,0
2020-05-02,India,NA,Ladakh,274289,1,0,23,0
2020-05-03,India,NA,Ladakh,274289,19,0,42,0
2020-05-04,India,NA,Ladakh,274289,0,0,42,0
2020-05-05,India,NA,Ladakh,274289,0,0,42,0
2020-05-06,India,NA,Ladakh,274289,0,0,42,0
2020-05-07,India,NA,Ladakh,274289,0,0,42,0
2020-05-08,India,NA,Ladakh,274289,0,0,42,0
2020-05-09,India,NA,Ladakh,274289,0,0,42,0
2020-05-10,India,NA,Ladakh,274289,0,0,42,0
2020-05-11,India,NA,Ladakh,274289,0,0,42,0
2020-05-12,India,NA,Ladakh,274289,0,0,42,0
2020-05-13,India,NA,Ladakh,274289,1,0,43,0
2020-05-14,India,NA,Ladakh,274289,0,0,43,0
2020-05-15,India,NA,Ladakh,274289,0,0,43,0
2020-05-16,India,NA,Ladakh,274289,0,0,43,0
2020-05-17,India,NA,Ladakh,274289,0,0,43,0
2020-05-18,India,NA,Ladakh,274289,0,0,43,0
2020-05-19,India,NA,Ladakh,274289,0,0,43,0
2020-05-20,India,NA,Ladakh,274289,1,0,44,0
2020-05-21,India,NA,Ladakh,274289,0,0,44,0
2020-05-22,India,NA,Ladakh,274289,2,0,46,0
2020-05-23,India,NA,Ladakh,274289,3,0,49,0
2020-05-24,India,NA,Ladakh,274289,3,0,52,0
2020-05-25,India,NA,Ladakh,274289,1,0,53,0
2020-05-26,India,NA,Ladakh,274289,0,0,53,0
2020-05-27,India,NA,Ladakh,274289,1,0,54,0
2020-05-28,India,NA,Ladakh,274289,20,0,74,0
2020-05-29,India,NA,Ladakh,274289,0,0,74,0
2020-05-30,India,NA,Ladakh,274289,3,0,77,0
2020-05-31,India,NA,Ladakh,274289,0,0,77,0
2020-06-01,India,NA,Ladakh,274289,0,0,77,0
2020-06-02,India,NA,Ladakh,274289,4,1,81,1
2020-06-03,India,NA,Ladakh,274289,9,0,90,1
2020-06-04,India,NA,Ladakh,274289,4,0,94,1
2020-06-05,India,NA,Ladakh,274289,3,0,97,1
2020-06-06,India,NA,Ladakh,274289,2,0,99,1
2020-06-07,India,NA,Ladakh,274289,4,0,103,1
2020-06-08,India,NA,Ladakh,274289,0,0,103,1
2020-06-09,India,NA,Ladakh,274289,5,0,108,1
2020-06-10,India,NA,Ladakh,274289,7,0,115,1
2020-06-11,India,NA,Ladakh,274289,20,0,135,1
2020-06-12,India,NA,Ladakh,274289,104,0,239,1
2020-06-13,India,NA,Ladakh,274289,198,0,437,1
2020-06-14,India,NA,Ladakh,274289,112,0,549,1
2020-06-15,India,NA,Ladakh,274289,6,0,555,1
2020-06-16,India,NA,Ladakh,274289,94,0,649,1
2020-06-17,India,NA,Ladakh,274289,38,0,687,1
2020-06-18,India,NA,Ladakh,274289,0,0,687,1
2020-06-19,India,NA,Ladakh,274289,57,0,744,1
2020-06-20,India,NA,Ladakh,274289,92,0,836,1
2020-06-21,India,NA,Ladakh,274289,1,0,837,1
2020-06-22,India,NA,Ladakh,274289,10,0,847,1
2020-06-23,India,NA,Ladakh,274289,85,0,932,1
2020-06-24,India,NA,Ladakh,274289,0,0,932,1
2020-06-25,India,NA,Ladakh,274289,9,0,941,1
2020-06-26,India,NA,Ladakh,274289,5,0,946,1
2020-06-27,India,NA,Ladakh,274289,14,0,960,1
2020-06-28,India,NA,Ladakh,274289,3,0,963,1
2020-06-29,India,NA,Ladakh,274289,1,0,964,1
2020-06-30,India,NA,Ladakh,274289,9,0,973,1
2020-07-01,India,NA,Ladakh,274289,17,0,990,1
2020-07-02,India,NA,Ladakh,274289,1,0,991,1
2020-07-03,India,NA,Ladakh,274289,11,0,1002,1
2020-07-04,India,NA,Ladakh,274289,3,0,1005,1
2020-07-05,India,NA,Ladakh,274289,0,0,1005,1
2020-07-06,India,NA,Ladakh,274289,0,0,1005,1
2020-07-07,India,NA,Ladakh,274289,36,0,1041,1
2020-07-08,India,NA,Ladakh,274289,6,0,1047,1
2020-07-09,India,NA,Ladakh,274289,8,0,1055,1
2020-07-10,India,NA,Ladakh,274289,9,0,1064,1
2020-07-11,India,NA,Ladakh,274289,13,0,1077,1
2020-07-12,India,NA,Ladakh,274289,9,0,1086,1
2020-07-13,India,NA,Ladakh,274289,7,0,1093,1
2020-07-14,India,NA,Ladakh,274289,35,0,1128,1
2020-07-15,India,NA,Ladakh,274289,14,0,1142,1
2020-07-16,India,NA,Ladakh,274289,5,0,1147,1
2020-07-17,India,NA,Ladakh,274289,4,1,1151,2
2020-07-18,India,NA,Ladakh,274289,8,0,1159,2
2020-07-19,India,NA,Ladakh,274289,19,0,1178,2
2020-07-20,India,NA,Ladakh,274289,17,0,1195,2
2020-07-21,India,NA,Ladakh,274289,3,0,1198,2
2020-07-22,India,NA,Ladakh,274289,8,0,1206,2
2020-07-23,India,NA,Ladakh,274289,4,0,1210,2
2020-07-24,India,NA,Ladakh,274289,36,0,1246,2
2020-07-25,India,NA,Ladakh,274289,30,1,1276,3
2020-07-26,India,NA,Ladakh,274289,9,1,1285,4
2020-07-27,India,NA,Ladakh,274289,21,0,1306,4
2020-07-28,India,NA,Ladakh,274289,21,0,1327,4
2020-07-29,India,NA,Ladakh,274289,20,2,1347,6
2020-07-30,India,NA,Ladakh,274289,31,1,1378,7
2020-07-31,India,NA,Ladakh,274289,26,0,1404,7
2020-08-01,India,NA,Ladakh,274289,58,0,1462,7
2020-08-02,India,NA,Ladakh,274289,4,0,1466,7
2020-08-03,India,NA,Ladakh,274289,19,0,1485,7
2020-08-04,India,NA,Ladakh,274289,49,0,1534,7
2020-08-05,India,NA,Ladakh,274289,58,0,1592,7
2020-08-06,India,NA,Ladakh,274289,3,0,1595,7
2020-08-07,India,NA,Ladakh,274289,19,2,1614,9
2020-08-08,India,NA,Ladakh,274289,25,0,1639,9
2020-08-09,India,NA,Ladakh,274289,49,0,1688,9
2020-08-10,India,NA,Ladakh,274289,29,0,1717,9
2020-08-11,India,NA,Ladakh,274289,53,0,1770,9
2020-08-12,India,NA,Ladakh,274289,41,0,1811,9
2020-08-13,India,NA,Ladakh,274289,38,0,1849,9
2020-08-14,India,NA,Ladakh,274289,30,0,1879,9
2020-08-15,India,NA,Ladakh,274289,30,1,1909,10
2020-08-16,India,NA,Ladakh,274289,39,4,1948,14
2020-08-17,India,NA,Ladakh,274289,18,0,1966,14
2020-08-18,India,NA,Ladakh,274289,44,3,2010,17
2020-08-19,India,NA,Ladakh,274289,38,1,2048,18
2020-08-20,India,NA,Ladakh,274289,29,0,2077,18
2020-08-21,India,NA,Ladakh,274289,56,1,2133,19
2020-08-22,India,NA,Ladakh,274289,77,2,2210,21
2020-08-23,India,NA,Ladakh,274289,69,2,2279,23
2020-08-24,India,NA,Ladakh,274289,51,0,2330,23
2020-08-25,India,NA,Ladakh,274289,90,1,2420,24
2020-08-26,India,NA,Ladakh,274289,31,1,2451,25
2020-08-27,India,NA,Ladakh,274289,41,2,2492,27
2020-08-28,India,NA,Ladakh,274289,48,1,2540,28
2020-08-29,India,NA,Ladakh,274289,63,4,2603,32
2020-08-30,India,NA,Ladakh,274289,35,2,2638,34
2020-08-31,India,NA,Ladakh,274289,43,0,2681,34
2020-09-01,India,NA,Ladakh,274289,52,1,2733,35
2020-09-02,India,NA,Ladakh,274289,52,0,2785,35
2020-09-03,India,NA,Ladakh,274289,55,0,2840,35
2020-09-04,India,NA,Ladakh,274289,95,0,2935,35
2020-09-05,India,NA,Ladakh,274289,61,0,2996,35
2020-09-06,India,NA,Ladakh,274289,40,0,3036,35
2020-09-07,India,NA,Ladakh,274289,28,0,3064,35
2020-09-08,India,NA,Ladakh,274289,38,0,3102,35
2020-09-09,India,NA,Ladakh,274289,40,0,3142,35
2020-09-10,India,NA,Ladakh,274289,35,1,3177,36
2020-09-11,India,NA,Ladakh,274289,51,2,3228,38
2020-09-12,India,NA,Ladakh,274289,66,1,3294,39
2020-09-13,India,NA,Ladakh,274289,51,1,3345,40
2020-09-14,India,NA,Ladakh,274289,74,1,3419,41
2020-09-15,India,NA,Ladakh,274289,80,3,3499,44
2020-03-25,India,NA,Madhya Pradesh,72597565,8,1,15,1
2020-03-26,India,NA,Madhya Pradesh,72597565,5,0,20,1
2020-03-27,India,NA,Madhya Pradesh,72597565,9,1,29,2
2020-03-28,India,NA,Madhya Pradesh,72597565,10,0,39,2
2020-03-29,India,NA,Madhya Pradesh,72597565,0,0,39,2
2020-03-30,India,NA,Madhya Pradesh,72597565,8,2,47,4
2020-03-31,India,NA,Madhya Pradesh,72597565,19,1,66,5
2020-04-01,India,NA,Madhya Pradesh,72597565,32,1,98,6
2020-04-02,India,NA,Madhya Pradesh,72597565,9,2,107,8
2020-04-03,India,NA,Madhya Pradesh,72597565,47,0,154,8
2020-04-04,India,NA,Madhya Pradesh,72597565,25,3,179,11
2020-04-05,India,NA,Madhya Pradesh,72597565,14,2,193,13
2020-04-06,India,NA,Madhya Pradesh,72597565,63,2,256,15
2020-04-07,India,NA,Madhya Pradesh,72597565,34,6,290,21
2020-04-08,India,NA,Madhya Pradesh,72597565,51,3,341,24
2020-04-09,India,NA,Madhya Pradesh,72597565,70,9,411,33
2020-04-10,India,NA,Madhya Pradesh,72597565,40,4,451,37
2020-04-11,India,NA,Madhya Pradesh,72597565,78,4,529,41
2020-04-12,India,NA,Madhya Pradesh,72597565,33,3,562,44
2020-04-13,India,NA,Madhya Pradesh,72597565,52,7,614,51
2020-04-14,India,NA,Madhya Pradesh,72597565,127,3,741,54
2020-04-15,India,NA,Madhya Pradesh,72597565,197,0,938,54
2020-04-16,India,NA,Madhya Pradesh,72597565,226,2,1164,56
2020-04-17,India,NA,Madhya Pradesh,72597565,146,14,1310,70
2020-04-18,India,NA,Madhya Pradesh,72597565,92,0,1402,70
2020-04-19,India,NA,Madhya Pradesh,72597565,5,3,1407,73
2020-04-20,India,NA,Madhya Pradesh,72597565,78,4,1485,77
2020-04-21,India,NA,Madhya Pradesh,72597565,67,4,1552,81
2020-04-22,India,NA,Madhya Pradesh,72597565,35,0,1587,81
2020-04-23,India,NA,Madhya Pradesh,72597565,100,3,1687,84
2020-04-24,India,NA,Madhya Pradesh,72597565,159,9,1846,93
2020-04-25,India,NA,Madhya Pradesh,72597565,99,7,1945,100
2020-04-26,India,NA,Madhya Pradesh,72597565,145,4,2090,104
2020-04-27,India,NA,Madhya Pradesh,72597565,75,7,2165,111
2020-04-28,India,NA,Madhya Pradesh,72597565,222,10,2387,121
2020-04-29,India,NA,Madhya Pradesh,72597565,173,10,2560,131
2020-04-30,India,NA,Madhya Pradesh,72597565,65,7,2625,138
2020-05-01,India,NA,Madhya Pradesh,72597565,90,8,2715,146
2020-05-02,India,NA,Madhya Pradesh,72597565,73,6,2788,152
2020-05-03,India,NA,Madhya Pradesh,72597565,49,5,2837,157
2020-05-04,India,NA,Madhya Pradesh,72597565,105,9,2942,166
2020-05-05,India,NA,Madhya Pradesh,72597565,107,11,3049,177
2020-05-06,India,NA,Madhya Pradesh,72597565,89,9,3138,186
2020-05-07,India,NA,Madhya Pradesh,72597565,114,8,3252,194
2020-05-08,India,NA,Madhya Pradesh,72597565,89,7,3341,201
2020-05-09,India,NA,Madhya Pradesh,72597565,116,11,3457,212
2020-05-10,India,NA,Madhya Pradesh,72597565,157,4,3614,216
2020-05-11,India,NA,Madhya Pradesh,72597565,171,6,3785,222
2020-05-12,India,NA,Madhya Pradesh,72597565,201,4,3986,226
2020-05-13,India,NA,Madhya Pradesh,72597565,187,7,4173,233
2020-05-14,India,NA,Madhya Pradesh,72597565,253,5,4426,238
2020-05-15,India,NA,Madhya Pradesh,72597565,169,2,4595,240
2020-05-16,India,NA,Madhya Pradesh,72597565,195,4,4790,244
2020-05-17,India,NA,Madhya Pradesh,72597565,187,5,4977,249
2020-05-18,India,NA,Madhya Pradesh,72597565,259,4,5236,253
2020-05-19,India,NA,Madhya Pradesh,72597565,229,6,5465,259
2020-05-20,India,NA,Madhya Pradesh,72597565,270,9,5735,268
2020-05-21,India,NA,Madhya Pradesh,72597565,246,4,5981,272
2020-05-22,India,NA,Madhya Pradesh,72597565,189,1,6170,273
2020-05-23,India,NA,Madhya Pradesh,72597565,201,9,6371,282
2020-05-24,India,NA,Madhya Pradesh,72597565,294,9,6665,291
2020-05-25,India,NA,Madhya Pradesh,72597565,194,10,6859,301
2020-05-26,India,NA,Madhya Pradesh,72597565,165,5,7024,306
2020-05-27,India,NA,Madhya Pradesh,72597565,237,8,7261,314
2020-05-28,India,NA,Madhya Pradesh,72597565,192,8,7453,322
2020-05-29,India,NA,Madhya Pradesh,72597565,192,13,7645,335
2020-05-30,India,NA,Madhya Pradesh,72597565,246,9,7891,344
2020-05-31,India,NA,Madhya Pradesh,72597565,198,7,8089,351
2020-06-01,India,NA,Madhya Pradesh,72597565,194,8,8283,359
2020-06-02,India,NA,Madhya Pradesh,72597565,137,6,8420,365
2020-06-03,India,NA,Madhya Pradesh,72597565,168,7,8588,372
2020-06-04,India,NA,Madhya Pradesh,72597565,174,6,8762,378
2020-06-05,India,NA,Madhya Pradesh,72597565,234,7,8996,385
2020-06-06,India,NA,Madhya Pradesh,72597565,232,15,9228,400
2020-06-07,India,NA,Madhya Pradesh,72597565,173,13,9401,413
2020-06-08,India,NA,Madhya Pradesh,72597565,237,2,9638,415
2020-06-09,India,NA,Madhya Pradesh,72597565,211,6,9849,421
2020-06-10,India,NA,Madhya Pradesh,72597565,200,7,10049,428
2020-06-11,India,NA,Madhya Pradesh,72597565,192,4,10241,432
2020-06-12,India,NA,Madhya Pradesh,72597565,202,9,10443,441
2020-06-13,India,NA,Madhya Pradesh,72597565,198,7,10641,448
2020-06-14,India,NA,Madhya Pradesh,72597565,161,12,10802,460
2020-06-15,India,NA,Madhya Pradesh,72597565,133,6,10935,466
2020-06-16,India,NA,Madhya Pradesh,72597565,148,11,11083,477
2020-06-17,India,NA,Madhya Pradesh,72597565,161,6,11244,483
2020-06-18,India,NA,Madhya Pradesh,72597565,182,4,11426,487
2020-06-19,India,NA,Madhya Pradesh,72597565,156,9,11582,496
2020-06-20,India,NA,Madhya Pradesh,72597565,142,6,11724,502
2020-06-21,India,NA,Madhya Pradesh,72597565,179,14,11903,516
2020-06-22,India,NA,Madhya Pradesh,72597565,175,6,12078,522
2020-06-23,India,NA,Madhya Pradesh,72597565,183,4,12261,526
2020-06-24,India,NA,Madhya Pradesh,72597565,187,9,12448,535
2020-06-25,India,NA,Madhya Pradesh,72597565,147,8,12595,543
2020-06-26,India,NA,Madhya Pradesh,72597565,203,4,12798,547
2020-06-27,India,NA,Madhya Pradesh,72597565,167,4,12965,551
2020-06-28,India,NA,Madhya Pradesh,72597565,221,7,13186,558
2020-06-29,India,NA,Madhya Pradesh,72597565,184,7,13370,565
2020-06-30,India,NA,Madhya Pradesh,72597565,223,8,13593,573
2020-07-01,India,NA,Madhya Pradesh,72597565,268,9,13861,582
2020-07-02,India,NA,Madhya Pradesh,72597565,245,8,14106,590
2020-07-03,India,NA,Madhya Pradesh,72597565,191,4,14297,594
2020-07-04,India,NA,Madhya Pradesh,72597565,307,5,14604,599
2020-07-05,India,NA,Madhya Pradesh,72597565,326,10,14930,609
2020-07-06,India,NA,Madhya Pradesh,72597565,354,9,15284,618
2020-07-07,India,NA,Madhya Pradesh,72597565,343,5,15627,623
2020-07-08,India,NA,Madhya Pradesh,72597565,409,7,16036,630
2020-07-09,India,NA,Madhya Pradesh,72597565,305,5,16341,635
2020-07-10,India,NA,Madhya Pradesh,72597565,316,4,16657,639
2020-07-11,India,NA,Madhya Pradesh,72597565,544,6,17201,645
2020-07-12,India,NA,Madhya Pradesh,72597565,431,9,17632,654
2020-07-13,India,NA,Madhya Pradesh,72597565,575,10,18207,664
2020-07-14,India,NA,Madhya Pradesh,72597565,798,10,19005,674
2020-07-15,India,NA,Madhya Pradesh,72597565,638,9,19643,683
2020-07-16,India,NA,Madhya Pradesh,72597565,735,7,20378,690
2020-07-17,India,NA,Madhya Pradesh,72597565,704,9,21082,699
2020-07-18,India,NA,Madhya Pradesh,72597565,681,8,21763,707
2020-07-19,India,NA,Madhya Pradesh,72597565,837,15,22600,722
2020-07-20,India,NA,Madhya Pradesh,72597565,710,17,23310,739
2020-07-21,India,NA,Madhya Pradesh,72597565,785,18,24095,757
2020-07-22,India,NA,Madhya Pradesh,72597565,747,14,24842,771
2020-07-23,India,NA,Madhya Pradesh,72597565,632,10,25474,781
2020-07-24,India,NA,Madhya Pradesh,72597565,736,11,26210,792
2020-07-25,India,NA,Madhya Pradesh,72597565,716,8,26926,800
2020-07-26,India,NA,Madhya Pradesh,72597565,874,12,27800,812
2020-07-27,India,NA,Madhya Pradesh,72597565,789,9,28589,821
2020-07-28,India,NA,Madhya Pradesh,72597565,628,10,29217,831
2020-07-29,India,NA,Madhya Pradesh,72597565,917,14,30134,845
2020-07-30,India,NA,Madhya Pradesh,72597565,834,13,30968,858
2020-07-31,India,NA,Madhya Pradesh,72597565,838,10,31806,868
2020-08-01,India,NA,Madhya Pradesh,72597565,808,9,32614,877
2020-08-02,India,NA,Madhya Pradesh,72597565,921,10,33535,887
2020-08-03,India,NA,Madhya Pradesh,72597565,750,14,34285,901
2020-08-04,India,NA,Madhya Pradesh,72597565,797,12,35082,913
2020-08-05,India,NA,Madhya Pradesh,72597565,652,17,35734,930
2020-08-06,India,NA,Madhya Pradesh,72597565,830,17,36564,947
2020-08-07,India,NA,Madhya Pradesh,72597565,734,16,37298,963
2020-08-08,India,NA,Madhya Pradesh,72597565,859,15,38157,978
2020-08-09,India,NA,Madhya Pradesh,72597565,868,19,39025,997
2020-08-10,India,NA,Madhya Pradesh,72597565,866,19,39891,1016
2020-08-11,India,NA,Madhya Pradesh,72597565,843,18,40734,1034
2020-08-12,India,NA,Madhya Pradesh,72597565,870,15,41604,1049
2020-08-13,India,NA,Madhya Pradesh,72597565,1014,17,42618,1066
2020-08-14,India,NA,Madhya Pradesh,72597565,796,16,43414,1082
2020-08-15,India,NA,Madhya Pradesh,72597565,1019,13,44433,1095
2020-08-16,India,NA,Madhya Pradesh,72597565,1022,11,45455,1106
2020-08-17,India,NA,Madhya Pradesh,72597565,930,23,46385,1129
2020-08-18,India,NA,Madhya Pradesh,72597565,990,13,47375,1142
2020-08-19,India,NA,Madhya Pradesh,72597565,976,18,48351,1160
2020-08-20,India,NA,Madhya Pradesh,72597565,1142,12,49493,1172
2020-08-21,India,NA,Madhya Pradesh,72597565,1147,14,50640,1186
2020-08-22,India,NA,Madhya Pradesh,72597565,1226,21,51866,1207
2020-08-23,India,NA,Madhya Pradesh,72597565,1263,23,53129,1230
2020-08-24,India,NA,Madhya Pradesh,72597565,1292,17,54421,1247
2020-08-25,India,NA,Madhya Pradesh,72597565,1379,19,55800,1266
2020-08-26,India,NA,Madhya Pradesh,72597565,1064,17,56864,1283
2020-08-27,India,NA,Madhya Pradesh,72597565,1317,24,58181,1307
2020-08-28,India,NA,Madhya Pradesh,72597565,1252,17,59433,1324
2020-08-29,India,NA,Madhya Pradesh,72597565,1442,22,60875,1346
2020-08-30,India,NA,Madhya Pradesh,72597565,1558,29,62433,1375
2020-08-31,India,NA,Madhya Pradesh,72597565,1532,20,63965,1395
2020-09-01,India,NA,Madhya Pradesh,72597565,1525,32,65490,1427
2020-09-02,India,NA,Madhya Pradesh,72597565,1424,27,66914,1454
2020-09-03,India,NA,Madhya Pradesh,72597565,1672,30,68586,1484
2020-09-04,India,NA,Madhya Pradesh,72597565,1658,30,70244,1514
2020-09-05,India,NA,Madhya Pradesh,72597565,1636,30,71880,1544
2020-09-06,India,NA,Madhya Pradesh,72597565,1694,29,73574,1573
2020-09-07,India,NA,Madhya Pradesh,72597565,1885,17,75459,1590
2020-09-08,India,NA,Madhya Pradesh,72597565,1864,20,77323,1610
2020-09-09,India,NA,Madhya Pradesh,72597565,1869,31,79192,1641
2020-09-10,India,NA,Madhya Pradesh,72597565,2187,21,81379,1662
2020-09-11,India,NA,Madhya Pradesh,72597565,2240,30,83619,1692
2020-09-12,India,NA,Madhya Pradesh,72597565,2347,37,85966,1729
2020-09-13,India,NA,Madhya Pradesh,72597565,2281,34,88247,1763
2020-09-14,India,NA,Madhya Pradesh,72597565,2483,29,90730,1792
2020-09-15,India,NA,Madhya Pradesh,72597565,2323,29,93053,1821
2020-03-13,India,NA,Maharashtra,112372972,3,0,11,0
2020-03-14,India,NA,Maharashtra,112372972,14,0,14,0
2020-03-15,India,NA,Maharashtra,112372972,18,0,32,0
2020-03-16,India,NA,Maharashtra,112372972,6,0,38,0
2020-03-17,India,NA,Maharashtra,112372972,3,1,41,1
2020-03-18,India,NA,Maharashtra,112372972,3,0,44,1
2020-03-19,India,NA,Maharashtra,112372972,4,0,48,1
2020-03-20,India,NA,Maharashtra,112372972,4,0,52,1
2020-03-21,India,NA,Maharashtra,112372972,12,0,64,1
2020-03-22,India,NA,Maharashtra,112372972,10,1,74,2
2020-03-23,India,NA,Maharashtra,112372972,23,0,97,2
2020-03-24,India,NA,Maharashtra,112372972,10,0,107,2
2020-03-25,India,NA,Maharashtra,112372972,15,0,122,2
2020-03-26,India,NA,Maharashtra,112372972,3,1,125,3
2020-03-27,India,NA,Maharashtra,112372972,31,1,156,4
2020-03-28,India,NA,Maharashtra,112372972,30,2,186,6
2020-03-29,India,NA,Maharashtra,112372972,17,1,203,7
2020-03-30,India,NA,Maharashtra,112372972,17,2,220,9
2020-03-31,India,NA,Maharashtra,112372972,82,1,302,10
2020-04-01,India,NA,Maharashtra,112372972,33,3,335,13
2020-04-02,India,NA,Maharashtra,112372972,88,8,423,21
2020-04-03,India,NA,Maharashtra,112372972,64,5,487,26
2020-04-04,India,NA,Maharashtra,112372972,148,6,635,32
2020-04-05,India,NA,Maharashtra,112372972,112,13,747,45
2020-04-06,India,NA,Maharashtra,112372972,121,7,868,52
2020-04-07,India,NA,Maharashtra,112372972,150,12,1018,64
2020-04-08,India,NA,Maharashtra,112372972,117,8,1135,72
2020-04-09,India,NA,Maharashtra,112372972,229,25,1364,97
2020-04-10,India,NA,Maharashtra,112372972,210,12,1574,109
2020-04-11,India,NA,Maharashtra,112372972,187,17,1761,126
2020-04-12,India,NA,Maharashtra,112372972,221,22,1982,148
2020-04-13,India,NA,Maharashtra,112372972,352,11,2334,159
2020-04-14,India,NA,Maharashtra,112372972,346,18,2680,177
2020-04-15,India,NA,Maharashtra,112372972,236,9,2916,186
2020-04-16,India,NA,Maharashtra,112372972,285,7,3201,193
2020-04-17,India,NA,Maharashtra,112372972,120,7,3321,200
2020-04-18,India,NA,Maharashtra,112372972,327,10,3648,210
2020-04-19,India,NA,Maharashtra,112372972,552,12,4200,222
2020-04-20,India,NA,Maharashtra,112372972,466,9,4666,231
2020-04-21,India,NA,Maharashtra,112372972,552,19,5218,250
2020-04-22,India,NA,Maharashtra,112372972,431,18,5649,268
2020-04-23,India,NA,Maharashtra,112372972,778,14,6427,282
2020-04-24,India,NA,Maharashtra,112372972,390,18,6817,300
2020-04-25,India,NA,Maharashtra,112372972,811,22,7628,322
2020-04-26,India,NA,Maharashtra,112372972,440,19,8068,341
2020-04-27,India,NA,Maharashtra,112372972,522,27,8590,368
2020-04-28,India,NA,Maharashtra,112372972,728,31,9318,399
2020-04-29,India,NA,Maharashtra,112372972,597,32,9915,431
2020-04-30,India,NA,Maharashtra,112372972,583,27,10498,458
2020-05-01,India,NA,Maharashtra,112372972,1008,26,11506,484
2020-05-02,India,NA,Maharashtra,112372972,790,36,12296,520
2020-05-03,India,NA,Maharashtra,112372972,678,27,12974,547
2020-05-04,India,NA,Maharashtra,112372972,1567,35,14541,582
2020-05-05,India,NA,Maharashtra,112372972,984,34,15525,616
2020-05-06,India,NA,Maharashtra,112372972,1233,34,16758,650
2020-05-07,India,NA,Maharashtra,112372972,1216,43,17974,693
2020-05-08,India,NA,Maharashtra,112372972,1089,37,19063,730
2020-05-09,India,NA,Maharashtra,112372972,1165,48,20228,778
2020-05-10,India,NA,Maharashtra,112372972,1943,53,22171,831
2020-05-11,India,NA,Maharashtra,112372972,1230,36,23401,867
2020-05-12,India,NA,Maharashtra,112372972,1026,53,24427,920
2020-05-13,India,NA,Maharashtra,112372972,1495,54,25922,974
2020-05-14,India,NA,Maharashtra,112372972,1602,44,27524,1018
2020-05-15,India,NA,Maharashtra,112372972,1576,49,29100,1067
2020-05-16,India,NA,Maharashtra,112372972,1606,67,30706,1134
2020-05-17,India,NA,Maharashtra,112372972,2347,63,33053,1197
2020-05-18,India,NA,Maharashtra,112372972,2005,51,35058,1248
2020-05-19,India,NA,Maharashtra,112372972,2078,76,37136,1324
2020-05-20,India,NA,Maharashtra,112372972,2161,65,39297,1389
2020-05-21,India,NA,Maharashtra,112372972,2345,64,41642,1453
2020-05-22,India,NA,Maharashtra,112372972,2940,63,44582,1516
2020-05-23,India,NA,Maharashtra,112372972,2608,60,47190,1576
2020-05-24,India,NA,Maharashtra,112372972,3041,58,50231,1634
2020-05-25,India,NA,Maharashtra,112372972,2436,60,52667,1694
2020-05-26,India,NA,Maharashtra,112372972,2091,97,54758,1791
2020-05-27,India,NA,Maharashtra,112372972,2190,105,56948,1896
2020-05-28,India,NA,Maharashtra,112372972,2598,85,59546,1981
2020-05-29,India,NA,Maharashtra,112372972,2682,116,62228,2097
2020-05-30,India,NA,Maharashtra,112372972,2940,99,65168,2196
2020-05-31,India,NA,Maharashtra,112372972,2487,89,67655,2285
2020-06-01,India,NA,Maharashtra,112372972,2358,76,70013,2361
2020-06-02,India,NA,Maharashtra,112372972,2287,103,72300,2464
2020-06-03,India,NA,Maharashtra,112372972,2560,122,74860,2586
2020-06-04,India,NA,Maharashtra,112372972,2933,123,77793,2709
2020-06-05,India,NA,Maharashtra,112372972,2436,139,80229,2848
2020-06-06,India,NA,Maharashtra,112372972,2739,120,82968,2968
2020-06-07,India,NA,Maharashtra,112372972,3007,91,85975,3059
2020-06-08,India,NA,Maharashtra,112372972,2554,109,88529,3168
2020-06-09,India,NA,Maharashtra,112372972,2258,120,90787,3288
2020-06-10,India,NA,Maharashtra,112372972,3254,149,94041,3437
2020-06-11,India,NA,Maharashtra,112372972,3607,152,97648,3589
2020-06-12,India,NA,Maharashtra,112372972,3493,127,101141,3716
2020-06-13,India,NA,Maharashtra,112372972,3427,113,104568,3829
2020-06-14,India,NA,Maharashtra,112372972,3390,120,107958,3949
2020-06-15,India,NA,Maharashtra,112372972,2786,178,110744,4127
2020-06-16,India,NA,Maharashtra,112372972,2701,1409,113445,5536
2020-06-17,India,NA,Maharashtra,112372972,3307,114,116752,5650
2020-06-18,India,NA,Maharashtra,112372972,3752,100,120504,5750
2020-06-19,India,NA,Maharashtra,112372972,3827,142,124331,5892
2020-06-20,India,NA,Maharashtra,112372972,3874,91,128205,5983
2020-06-21,India,NA,Maharashtra,112372972,3870,186,132075,6169
2020-06-22,India,NA,Maharashtra,112372972,3721,113,135796,6282
2020-06-23,India,NA,Maharashtra,112372972,3214,248,139010,6530
2020-06-24,India,NA,Maharashtra,112372972,3889,208,142899,6738
2020-06-25,India,NA,Maharashtra,112372972,4842,192,147741,6930
2020-06-26,India,NA,Maharashtra,112372972,5024,175,152765,7105
2020-06-27,India,NA,Maharashtra,112372972,6368,167,159133,7272
2020-06-28,India,NA,Maharashtra,112372972,5493,156,164626,7428
2020-06-29,India,NA,Maharashtra,112372972,5257,181,169883,7609
2020-06-30,India,NA,Maharashtra,112372972,4878,245,174761,7854
2020-07-01,India,NA,Maharashtra,112372972,5537,198,180298,8052
2020-07-02,India,NA,Maharashtra,112372972,6328,125,186626,8177
2020-07-03,India,NA,Maharashtra,112372972,6364,198,192990,8375
2020-07-04,India,NA,Maharashtra,112372972,7074,295,200064,8670
2020-07-05,India,NA,Maharashtra,112372972,6555,151,206619,8821
2020-07-06,India,NA,Maharashtra,112372972,5368,204,211987,9025
2020-07-07,India,NA,Maharashtra,112372972,5134,224,217121,9249
2020-07-08,India,NA,Maharashtra,112372972,6603,198,223724,9447
2020-07-09,India,NA,Maharashtra,112372972,6875,219,230599,9666
2020-07-10,India,NA,Maharashtra,112372972,7862,226,238461,9892
2020-07-11,India,NA,Maharashtra,112372972,8139,223,246600,10115
2020-07-12,India,NA,Maharashtra,112372972,7827,173,254427,10288
2020-07-13,India,NA,Maharashtra,112372972,6497,193,260924,10481
2020-07-14,India,NA,Maharashtra,112372972,6741,213,267665,10694
2020-07-15,India,NA,Maharashtra,112372972,7975,233,275640,10927
2020-07-16,India,NA,Maharashtra,112372972,8641,266,284281,11193
2020-07-17,India,NA,Maharashtra,112372972,8308,258,292589,11451
2020-07-18,India,NA,Maharashtra,112372972,8348,144,300937,11595
2020-07-19,India,NA,Maharashtra,112372972,9518,258,310455,11853
2020-07-20,India,NA,Maharashtra,112372972,8240,176,318695,12029
2020-07-21,India,NA,Maharashtra,112372972,8336,246,327031,12275
2020-07-22,India,NA,Maharashtra,112372972,10576,280,337607,12555
2020-07-23,India,NA,Maharashtra,112372972,9895,298,347502,12853
2020-07-24,India,NA,Maharashtra,112372972,9615,278,357117,13131
2020-07-25,India,NA,Maharashtra,112372972,9251,257,366368,13388
2020-07-26,India,NA,Maharashtra,112372972,9431,267,375799,13655
2020-07-27,India,NA,Maharashtra,112372972,7924,227,383723,13882
2020-07-28,India,NA,Maharashtra,112372972,7717,282,391440,14164
2020-07-29,India,NA,Maharashtra,112372972,9211,298,400651,14462
2020-07-30,India,NA,Maharashtra,112372972,11147,266,411798,14728
2020-07-31,India,NA,Maharashtra,112372972,10320,265,422118,14993
2020-08-01,India,NA,Maharashtra,112372972,9601,322,431719,15315
2020-08-02,India,NA,Maharashtra,112372972,9509,260,441228,15575
2020-08-03,India,NA,Maharashtra,112372972,8968,266,450196,15841
2020-08-04,India,NA,Maharashtra,112372972,7760,300,457956,16141
2020-08-05,India,NA,Maharashtra,112372972,10309,334,468265,16475
2020-08-06,India,NA,Maharashtra,112372972,11514,316,479779,16791
2020-08-07,India,NA,Maharashtra,112372972,10483,300,490262,17091
2020-08-08,India,NA,Maharashtra,112372972,12822,275,503084,17366
2020-08-09,India,NA,Maharashtra,112372972,12248,390,515332,17756
2020-08-10,India,NA,Maharashtra,112372972,9181,293,524513,18049
2020-08-11,India,NA,Maharashtra,112372972,11088,256,535601,18305
2020-08-12,India,NA,Maharashtra,112372972,12712,344,548313,18649
2020-08-13,India,NA,Maharashtra,112372972,11813,413,560126,19062
2020-08-14,India,NA,Maharashtra,112372972,12608,364,572734,19426
2020-08-15,India,NA,Maharashtra,112372972,12020,322,584754,19748
2020-08-16,India,NA,Maharashtra,112372972,11111,288,595865,20036
2020-08-17,India,NA,Maharashtra,112372972,8493,228,604358,20264
2020-08-18,India,NA,Maharashtra,112372972,11119,422,615477,20686
2020-08-19,India,NA,Maharashtra,112372972,13165,346,628642,21032
2020-08-20,India,NA,Maharashtra,112372972,14647,326,643289,21358
2020-08-21,India,NA,Maharashtra,112372972,14161,339,657450,21697
2020-08-22,India,NA,Maharashtra,112372972,14492,297,671942,21994
2020-08-23,India,NA,Maharashtra,112372972,10441,258,682383,22252
2020-08-24,India,NA,Maharashtra,112372972,11015,212,693398,22464
2020-08-25,India,NA,Maharashtra,112372972,10425,329,703823,22793
2020-08-26,India,NA,Maharashtra,112372972,14888,295,718711,23088
2020-08-27,India,NA,Maharashtra,112372972,14857,355,733568,23443
2020-08-28,India,NA,Maharashtra,112372972,14427,331,747995,23774
2020-08-29,India,NA,Maharashtra,112372972,16286,328,764281,24102
2020-08-30,India,NA,Maharashtra,112372972,16408,296,780689,24398
2020-08-31,India,NA,Maharashtra,112372972,11852,184,792541,24582
2020-09-01,India,NA,Maharashtra,112372972,15765,320,808306,24902
2020-09-02,India,NA,Maharashtra,112372972,17433,292,825739,25194
2020-09-03,India,NA,Maharashtra,112372972,18105,391,843844,25585
2020-09-04,India,NA,Maharashtra,112372972,19218,378,863062,25963
2020-09-05,India,NA,Maharashtra,112372972,20800,312,883862,26275
2020-09-06,India,NA,Maharashtra,112372972,23350,328,907212,26603
2020-09-07,India,NA,Maharashtra,112372972,16429,423,923641,27026
2020-09-08,India,NA,Maharashtra,112372972,20131,380,943772,27406
2020-09-09,India,NA,Maharashtra,112372972,23577,380,967349,27786
2020-09-10,India,NA,Maharashtra,112372972,23446,495,990795,28281
2020-09-11,India,NA,Maharashtra,112372972,24886,442,1015681,28723
2020-09-12,India,NA,Maharashtra,112372972,22084,391,1037765,29114
2020-09-13,India,NA,Maharashtra,112372972,22313,416,1060078,29530
2020-09-14,India,NA,Maharashtra,112372972,17066,363,1077144,29893
2020-09-15,India,NA,Maharashtra,112372972,20482,515,1097626,30408
2020-05-20,India,NA,Manipur,2855794,16,0,25,0
2020-05-21,India,NA,Manipur,2855794,0,0,25,0
2020-05-22,India,NA,Manipur,2855794,1,0,26,0
2020-05-23,India,NA,Manipur,2855794,3,0,29,0
2020-05-24,India,NA,Manipur,2855794,3,0,32,0
2020-05-25,India,NA,Manipur,2855794,4,0,36,0
2020-05-26,India,NA,Manipur,2855794,3,0,39,0
2020-05-27,India,NA,Manipur,2855794,5,0,44,0
2020-05-28,India,NA,Manipur,2855794,11,0,55,0
2020-05-29,India,NA,Manipur,2855794,4,0,59,0
2020-05-30,India,NA,Manipur,2855794,1,0,60,0
2020-05-31,India,NA,Manipur,2855794,11,0,71,0
2020-06-01,India,NA,Manipur,2855794,12,0,83,0
2020-06-02,India,NA,Manipur,2855794,6,0,89,0
2020-06-03,India,NA,Manipur,2855794,19,0,108,0
2020-06-04,India,NA,Manipur,2855794,16,0,124,0
2020-06-05,India,NA,Manipur,2855794,8,0,132,0
2020-06-06,India,NA,Manipur,2855794,25,0,157,0
2020-06-07,India,NA,Manipur,2855794,15,0,172,0
2020-06-08,India,NA,Manipur,2855794,100,0,272,0
2020-06-09,India,NA,Manipur,2855794,32,0,304,0
2020-06-10,India,NA,Manipur,2855794,7,0,311,0
2020-06-11,India,NA,Manipur,2855794,55,0,366,0
2020-06-12,India,NA,Manipur,2855794,19,0,385,0
2020-06-13,India,NA,Manipur,2855794,64,0,449,0
2020-06-14,India,NA,Manipur,2855794,9,0,458,0
2020-06-15,India,NA,Manipur,2855794,32,0,490,0
2020-06-16,India,NA,Manipur,2855794,10,0,500,0
2020-06-17,India,NA,Manipur,2855794,52,0,552,0
2020-06-18,India,NA,Manipur,2855794,54,0,606,0
2020-06-19,India,NA,Manipur,2855794,75,0,681,0
2020-06-20,India,NA,Manipur,2855794,96,0,777,0
2020-06-21,India,NA,Manipur,2855794,64,0,841,0
2020-06-22,India,NA,Manipur,2855794,57,0,898,0
2020-06-23,India,NA,Manipur,2855794,23,0,921,0
2020-06-24,India,NA,Manipur,2855794,49,0,970,0
2020-06-25,India,NA,Manipur,2855794,86,0,1056,0
2020-06-26,India,NA,Manipur,2855794,19,0,1075,0
2020-06-27,India,NA,Manipur,2855794,17,0,1092,0
2020-06-28,India,NA,Manipur,2855794,93,0,1185,0
2020-06-29,India,NA,Manipur,2855794,42,0,1227,0
2020-06-30,India,NA,Manipur,2855794,7,0,1234,0
2020-07-01,India,NA,Manipur,2855794,26,0,1260,0
2020-07-02,India,NA,Manipur,2855794,19,0,1279,0
2020-07-03,India,NA,Manipur,2855794,37,0,1316,0
2020-07-04,India,NA,Manipur,2855794,9,0,1325,0
2020-07-05,India,NA,Manipur,2855794,41,0,1366,0
2020-07-06,India,NA,Manipur,2855794,24,0,1390,0
2020-07-07,India,NA,Manipur,2855794,40,0,1430,0
2020-07-08,India,NA,Manipur,2855794,5,0,1435,0
2020-07-09,India,NA,Manipur,2855794,15,0,1450,0
2020-07-10,India,NA,Manipur,2855794,132,0,1582,0
2020-07-11,India,NA,Manipur,2855794,11,0,1593,0
2020-07-12,India,NA,Manipur,2855794,16,0,1609,0
2020-07-13,India,NA,Manipur,2855794,17,0,1626,0
2020-07-14,India,NA,Manipur,2855794,46,0,1672,0
2020-07-15,India,NA,Manipur,2855794,28,0,1700,0
2020-07-16,India,NA,Manipur,2855794,64,0,1764,0
2020-07-17,India,NA,Manipur,2855794,36,0,1800,0
2020-07-18,India,NA,Manipur,2855794,91,0,1891,0
2020-07-19,India,NA,Manipur,2855794,20,0,1911,0
2020-07-20,India,NA,Manipur,2855794,14,0,1925,0
2020-07-21,India,NA,Manipur,2855794,90,0,2015,0
2020-07-22,India,NA,Manipur,2855794,45,0,2060,0
2020-07-23,India,NA,Manipur,2855794,55,0,2115,0
2020-07-24,India,NA,Manipur,2855794,31,0,2146,0
2020-07-25,India,NA,Manipur,2855794,30,0,2176,0
2020-07-26,India,NA,Manipur,2855794,59,0,2235,0
2020-07-27,India,NA,Manipur,2855794,51,0,2286,0
2020-07-28,India,NA,Manipur,2855794,31,0,2317,0
2020-07-29,India,NA,Manipur,2855794,141,1,2458,1
2020-07-30,India,NA,Manipur,2855794,47,3,2505,4
2020-07-31,India,NA,Manipur,2855794,116,1,2621,5
2020-08-01,India,NA,Manipur,2855794,135,1,2756,6
2020-08-02,India,NA,Manipur,2855794,75,1,2831,7
2020-08-03,India,NA,Manipur,2855794,89,0,2920,7
2020-08-04,India,NA,Manipur,2855794,98,0,3018,7
2020-08-05,India,NA,Manipur,2855794,75,0,3093,7
2020-08-06,India,NA,Manipur,2855794,124,1,3217,8
2020-08-07,India,NA,Manipur,2855794,249,2,3466,10
2020-08-08,India,NA,Manipur,2855794,169,1,3635,11
2020-08-09,India,NA,Manipur,2855794,118,0,3753,11
2020-08-10,India,NA,Manipur,2855794,100,0,3853,11
2020-08-11,India,NA,Manipur,2855794,88,1,3941,12
2020-08-12,India,NA,Manipur,2855794,41,0,3982,12
2020-08-13,India,NA,Manipur,2855794,130,1,4112,13
2020-08-14,India,NA,Manipur,2855794,86,0,4198,13
2020-08-15,India,NA,Manipur,2855794,192,0,4390,13
2020-08-16,India,NA,Manipur,2855794,179,3,4569,16
2020-08-17,India,NA,Manipur,2855794,118,1,4687,17
2020-08-18,India,NA,Manipur,2855794,78,1,4765,18
2020-08-19,India,NA,Manipur,2855794,111,0,4876,18
2020-08-20,India,NA,Manipur,2855794,49,0,4925,18
2020-08-21,India,NA,Manipur,2855794,124,2,5049,20
2020-08-22,India,NA,Manipur,2855794,83,2,5132,22
2020-08-23,India,NA,Manipur,2855794,114,0,5246,22
2020-08-24,India,NA,Manipur,2855794,116,0,5362,22
2020-08-25,India,NA,Manipur,2855794,82,2,5444,24
2020-08-26,India,NA,Manipur,2855794,141,1,5585,25
2020-08-27,India,NA,Manipur,2855794,140,0,5725,25
2020-08-28,India,NA,Manipur,2855794,118,2,5843,27
2020-08-29,India,NA,Manipur,2855794,117,1,5960,28
2020-08-30,India,NA,Manipur,2855794,152,0,6112,28
2020-08-31,India,NA,Manipur,2855794,140,0,6252,28
2020-09-01,India,NA,Manipur,2855794,130,1,6382,29
2020-09-02,India,NA,Manipur,2855794,125,0,6507,29
2020-09-03,India,NA,Manipur,2855794,102,3,6609,32
2020-09-04,India,NA,Manipur,2855794,90,3,6699,35
2020-09-05,India,NA,Manipur,2855794,184,1,6883,36
2020-09-06,India,NA,Manipur,2855794,139,2,7022,38
2020-09-07,India,NA,Manipur,2855794,84,0,7106,38
2020-09-08,India,NA,Manipur,2855794,96,1,7202,39
2020-09-09,India,NA,Manipur,2855794,160,1,7362,40
2020-09-10,India,NA,Manipur,2855794,108,4,7470,44
2020-09-11,India,NA,Manipur,2855794,109,0,7579,44
2020-09-12,India,NA,Manipur,2855794,152,1,7731,45
2020-09-13,India,NA,Manipur,2855794,144,1,7875,46
2020-09-14,India,NA,Manipur,2855794,96,0,7971,46
2020-09-15,India,NA,Manipur,2855794,239,1,8210,47
2020-04-18,India,NA,Meghalaya,3211000,2,0,11,1
2020-04-19,India,NA,Meghalaya,3211000,0,0,11,1
2020-04-20,India,NA,Meghalaya,3211000,0,0,11,1
2020-04-21,India,NA,Meghalaya,3211000,1,0,12,1
2020-04-22,India,NA,Meghalaya,3211000,0,0,12,1
2020-04-23,India,NA,Meghalaya,3211000,0,0,12,1
2020-04-24,India,NA,Meghalaya,3211000,0,0,12,1
2020-04-25,India,NA,Meghalaya,3211000,0,0,12,1
2020-04-26,India,NA,Meghalaya,3211000,0,0,12,1
2020-04-27,India,NA,Meghalaya,3211000,0,0,12,1
2020-04-28,India,NA,Meghalaya,3211000,0,0,12,1
2020-04-29,India,NA,Meghalaya,3211000,0,0,12,1
2020-04-30,India,NA,Meghalaya,3211000,0,0,12,1
2020-05-01,India,NA,Meghalaya,3211000,0,0,12,1
2020-05-02,India,NA,Meghalaya,3211000,0,0,12,1
2020-05-03,India,NA,Meghalaya,3211000,0,0,12,1
2020-05-04,India,NA,Meghalaya,3211000,0,0,12,1
2020-05-05,India,NA,Meghalaya,3211000,0,0,12,1
2020-05-06,India,NA,Meghalaya,3211000,0,0,12,1
2020-05-07,India,NA,Meghalaya,3211000,0,0,12,1
2020-05-08,India,NA,Meghalaya,3211000,0,0,12,1
2020-05-09,India,NA,Meghalaya,3211000,1,0,13,1
2020-05-10,India,NA,Meghalaya,3211000,0,0,13,1
2020-05-11,India,NA,Meghalaya,3211000,0,0,13,1
2020-05-12,India,NA,Meghalaya,3211000,0,0,13,1
2020-05-13,India,NA,Meghalaya,3211000,0,0,13,1
2020-05-14,India,NA,Meghalaya,3211000,0,0,13,1
2020-05-15,India,NA,Meghalaya,3211000,0,0,13,1
2020-05-16,India,NA,Meghalaya,3211000,0,0,13,1
2020-05-17,India,NA,Meghalaya,3211000,0,0,13,1
2020-05-18,India,NA,Meghalaya,3211000,0,0,13,1
2020-05-19,India,NA,Meghalaya,3211000,0,0,13,1
2020-05-20,India,NA,Meghalaya,3211000,1,0,14,1
2020-05-21,India,NA,Meghalaya,3211000,0,0,14,1
2020-05-22,India,NA,Meghalaya,3211000,0,0,14,1
2020-05-23,India,NA,Meghalaya,3211000,0,0,14,1
2020-05-24,India,NA,Meghalaya,3211000,0,0,14,1
2020-05-25,India,NA,Meghalaya,3211000,1,0,15,1
2020-05-26,India,NA,Meghalaya,3211000,5,0,20,1
2020-05-27,India,NA,Meghalaya,3211000,0,0,20,1
2020-05-28,India,NA,Meghalaya,3211000,1,0,21,1
2020-05-29,India,NA,Meghalaya,3211000,6,0,27,1
2020-05-30,India,NA,Meghalaya,3211000,0,0,27,1
2020-05-31,India,NA,Meghalaya,3211000,0,0,27,1
2020-06-01,India,NA,Meghalaya,3211000,1,0,28,1
2020-06-02,India,NA,Meghalaya,3211000,2,0,30,1
2020-06-03,India,NA,Meghalaya,3211000,3,0,33,1
2020-06-04,India,NA,Meghalaya,3211000,0,0,33,1
2020-06-05,India,NA,Meghalaya,3211000,0,0,33,1
2020-06-06,India,NA,Meghalaya,3211000,0,0,33,1
2020-06-07,India,NA,Meghalaya,3211000,3,0,36,1
2020-06-08,India,NA,Meghalaya,3211000,3,0,39,1
2020-06-09,India,NA,Meghalaya,3211000,4,0,43,1
2020-06-10,India,NA,Meghalaya,3211000,1,0,44,1
2020-06-11,India,NA,Meghalaya,3211000,0,0,44,1
2020-06-12,India,NA,Meghalaya,3211000,0,0,44,1
2020-06-13,India,NA,Meghalaya,3211000,0,0,44,1
2020-06-14,India,NA,Meghalaya,3211000,0,0,44,1
2020-06-15,India,NA,Meghalaya,3211000,0,0,44,1
2020-06-16,India,NA,Meghalaya,3211000,0,0,44,1
2020-06-17,India,NA,Meghalaya,3211000,0,0,44,1
2020-06-18,India,NA,Meghalaya,3211000,0,0,44,1
2020-06-19,India,NA,Meghalaya,3211000,0,0,44,1
2020-06-20,India,NA,Meghalaya,3211000,0,0,44,1
2020-06-21,India,NA,Meghalaya,3211000,0,0,44,1
2020-06-22,India,NA,Meghalaya,3211000,2,0,45,1
2020-06-23,India,NA,Meghalaya,3211000,1,0,46,1
2020-06-24,India,NA,Meghalaya,3211000,0,0,46,1
2020-06-25,India,NA,Meghalaya,3211000,0,0,46,1
2020-06-26,India,NA,Meghalaya,3211000,2,0,48,1
2020-06-27,India,NA,Meghalaya,3211000,0,0,48,1
2020-06-28,India,NA,Meghalaya,3211000,2,0,50,1
2020-06-29,India,NA,Meghalaya,3211000,1,0,51,1
2020-06-30,India,NA,Meghalaya,3211000,2,0,53,1
2020-07-01,India,NA,Meghalaya,3211000,2,0,55,1
2020-07-02,India,NA,Meghalaya,3211000,3,0,58,1
2020-07-03,India,NA,Meghalaya,3211000,4,0,62,1
2020-07-04,India,NA,Meghalaya,3211000,8,0,70,1
2020-07-05,India,NA,Meghalaya,3211000,2,0,72,1
2020-07-06,India,NA,Meghalaya,3211000,16,0,88,1
2020-07-07,India,NA,Meghalaya,3211000,6,0,94,1
2020-07-08,India,NA,Meghalaya,3211000,6,1,100,2
2020-07-09,India,NA,Meghalaya,3211000,13,0,113,2
2020-07-10,India,NA,Meghalaya,3211000,73,0,186,2
2020-07-11,India,NA,Meghalaya,3211000,76,0,262,2
2020-07-12,India,NA,Meghalaya,3211000,33,0,295,2
2020-07-13,India,NA,Meghalaya,3211000,21,0,316,2
2020-07-14,India,NA,Meghalaya,3211000,2,0,318,2
2020-07-15,India,NA,Meghalaya,3211000,19,0,337,2
2020-07-16,India,NA,Meghalaya,3211000,40,0,377,2
2020-07-17,India,NA,Meghalaya,3211000,26,0,403,2
2020-07-18,India,NA,Meghalaya,3211000,15,0,418,2
2020-07-19,India,NA,Meghalaya,3211000,32,2,450,4
2020-07-20,India,NA,Meghalaya,3211000,19,0,469,4
2020-07-21,India,NA,Meghalaya,3211000,21,0,490,4
2020-07-22,India,NA,Meghalaya,3211000,24,0,514,4
2020-07-23,India,NA,Meghalaya,3211000,20,0,534,4
2020-07-24,India,NA,Meghalaya,3211000,53,1,587,5
2020-07-25,India,NA,Meghalaya,3211000,59,0,646,5
2020-07-26,India,NA,Meghalaya,3211000,56,0,702,5
2020-07-27,India,NA,Meghalaya,3211000,36,0,738,5
2020-07-28,India,NA,Meghalaya,3211000,41,0,779,5
2020-07-29,India,NA,Meghalaya,3211000,5,0,784,5
2020-07-30,India,NA,Meghalaya,3211000,19,0,803,5
2020-07-31,India,NA,Meghalaya,3211000,20,0,823,5
2020-08-01,India,NA,Meghalaya,3211000,33,0,856,5
2020-08-02,India,NA,Meghalaya,3211000,18,0,874,5
2020-08-03,India,NA,Meghalaya,3211000,28,0,902,5
2020-08-04,India,NA,Meghalaya,3211000,15,0,917,5
2020-08-05,India,NA,Meghalaya,3211000,22,0,939,5
2020-08-06,India,NA,Meghalaya,3211000,51,0,990,5
2020-08-07,India,NA,Meghalaya,3211000,16,0,1006,5
2020-08-08,India,NA,Meghalaya,3211000,17,1,1023,6
2020-08-09,India,NA,Meghalaya,3211000,39,0,1062,6
2020-08-10,India,NA,Meghalaya,3211000,53,0,1115,6
2020-08-11,India,NA,Meghalaya,3211000,27,0,1142,6
2020-08-12,India,NA,Meghalaya,3211000,37,0,1179,6
2020-08-13,India,NA,Meghalaya,3211000,14,0,1193,6
2020-08-14,India,NA,Meghalaya,3211000,35,0,1228,6
2020-08-15,India,NA,Meghalaya,3211000,64,0,1292,6
2020-08-16,India,NA,Meghalaya,3211000,82,0,1374,6
2020-08-17,India,NA,Meghalaya,3211000,44,0,1418,6
2020-08-18,India,NA,Meghalaya,3211000,39,0,1457,6
2020-08-19,India,NA,Meghalaya,3211000,78,0,1535,6
2020-08-20,India,NA,Meghalaya,3211000,126,0,1661,6
2020-08-21,India,NA,Meghalaya,3211000,57,0,1718,6
2020-08-22,India,NA,Meghalaya,3211000,93,1,1811,7
2020-08-23,India,NA,Meghalaya,3211000,106,1,1917,8
2020-08-24,India,NA,Meghalaya,3211000,59,0,1976,8
2020-08-25,India,NA,Meghalaya,3211000,42,0,2018,8
2020-08-26,India,NA,Meghalaya,3211000,32,0,2050,8
2020-08-27,India,NA,Meghalaya,3211000,80,1,2130,9
2020-08-28,India,NA,Meghalaya,3211000,110,1,2240,10
2020-08-29,India,NA,Meghalaya,3211000,43,0,2283,10
2020-08-30,India,NA,Meghalaya,3211000,60,0,2343,10
2020-08-31,India,NA,Meghalaya,3211000,25,0,2368,10
2020-09-01,India,NA,Meghalaya,3211000,72,2,2440,12
2020-09-02,India,NA,Meghalaya,3211000,77,1,2517,13
2020-09-03,India,NA,Meghalaya,3211000,109,0,2626,13
2020-09-04,India,NA,Meghalaya,3211000,108,1,2734,14
2020-09-05,India,NA,Meghalaya,3211000,182,1,2916,15
2020-09-06,India,NA,Meghalaya,3211000,89,1,3005,16
2020-09-07,India,NA,Meghalaya,3211000,29,1,3034,17
2020-09-08,India,NA,Meghalaya,3211000,42,0,3076,17
2020-09-09,India,NA,Meghalaya,3211000,121,2,3197,19
2020-09-10,India,NA,Meghalaya,3211000,99,1,3296,20
2020-09-11,India,NA,Meghalaya,3211000,151,4,3447,24
2020-09-12,India,NA,Meghalaya,3211000,168,1,3615,25
2020-09-13,India,NA,Meghalaya,3211000,109,1,3724,26
2020-09-14,India,NA,Meghalaya,3211000,139,2,3863,28
2020-09-15,India,NA,Meghalaya,3211000,174,1,4037,29
2020-06-02,India,NA,Mizoram,1097206,12,0,13,0
2020-06-03,India,NA,Mizoram,1097206,1,0,14,0
2020-06-04,India,NA,Mizoram,1097206,3,0,17,0
2020-06-05,India,NA,Mizoram,1097206,7,0,24,0
2020-06-06,India,NA,Mizoram,1097206,0,0,24,0
2020-06-07,India,NA,Mizoram,1097206,10,0,34,0
2020-06-08,India,NA,Mizoram,1097206,8,0,42,0
2020-06-09,India,NA,Mizoram,1097206,46,0,88,0
2020-06-10,India,NA,Mizoram,1097206,5,0,93,0
2020-06-11,India,NA,Mizoram,1097206,9,0,102,0
2020-06-12,India,NA,Mizoram,1097206,2,0,104,0
2020-06-13,India,NA,Mizoram,1097206,6,0,110,0
2020-06-14,India,NA,Mizoram,1097206,2,0,112,0
2020-06-15,India,NA,Mizoram,1097206,5,0,117,0
2020-06-16,India,NA,Mizoram,1097206,4,0,121,0
2020-06-17,India,NA,Mizoram,1097206,0,0,121,0
2020-06-18,India,NA,Mizoram,1097206,9,0,130,0
2020-06-19,India,NA,Mizoram,1097206,0,0,130,0
2020-06-20,India,NA,Mizoram,1097206,10,0,140,0
2020-06-21,India,NA,Mizoram,1097206,1,0,141,0
2020-06-22,India,NA,Mizoram,1097206,1,0,142,0
2020-06-23,India,NA,Mizoram,1097206,0,0,142,0
2020-06-24,India,NA,Mizoram,1097206,3,0,145,0
2020-06-25,India,NA,Mizoram,1097206,0,0,145,0
2020-06-26,India,NA,Mizoram,1097206,2,0,147,0
2020-06-27,India,NA,Mizoram,1097206,3,0,150,0
2020-06-28,India,NA,Mizoram,1097206,1,0,151,0
2020-06-29,India,NA,Mizoram,1097206,0,0,151,0
2020-06-30,India,NA,Mizoram,1097206,9,0,160,0
2020-07-01,India,NA,Mizoram,1097206,0,0,160,0
2020-07-02,India,NA,Mizoram,1097206,2,0,162,0
2020-07-03,India,NA,Mizoram,1097206,0,0,162,0
2020-07-04,India,NA,Mizoram,1097206,2,0,164,0
2020-07-05,India,NA,Mizoram,1097206,22,0,186,0
2020-07-06,India,NA,Mizoram,1097206,11,0,197,0
2020-07-07,India,NA,Mizoram,1097206,1,0,198,0
2020-07-08,India,NA,Mizoram,1097206,5,0,203,0
2020-07-09,India,NA,Mizoram,1097206,0,0,203,0
2020-07-10,India,NA,Mizoram,1097206,23,0,226,0
2020-07-11,India,NA,Mizoram,1097206,1,0,227,0
2020-07-12,India,NA,Mizoram,1097206,4,0,231,0
2020-07-13,India,NA,Mizoram,1097206,2,0,233,0
2020-07-14,India,NA,Mizoram,1097206,5,0,238,0
2020-07-15,India,NA,Mizoram,1097206,0,0,238,0
2020-07-16,India,NA,Mizoram,1097206,34,0,272,0
2020-07-17,India,NA,Mizoram,1097206,10,0,282,0
2020-07-18,India,NA,Mizoram,1097206,2,0,284,0
2020-07-19,India,NA,Mizoram,1097206,0,0,284,0
2020-07-20,India,NA,Mizoram,1097206,13,0,297,0
2020-07-21,India,NA,Mizoram,1097206,0,0,297,0
2020-07-22,India,NA,Mizoram,1097206,20,0,317,0
2020-07-23,India,NA,Mizoram,1097206,9,0,326,0
2020-07-24,India,NA,Mizoram,1097206,6,0,332,0
2020-07-25,India,NA,Mizoram,1097206,29,0,361,0
2020-07-26,India,NA,Mizoram,1097206,0,0,361,0
2020-07-27,India,NA,Mizoram,1097206,0,0,361,0
2020-07-28,India,NA,Mizoram,1097206,23,0,384,0
2020-07-29,India,NA,Mizoram,1097206,11,0,395,0
2020-07-30,India,NA,Mizoram,1097206,13,0,408,0
2020-07-31,India,NA,Mizoram,1097206,0,0,408,0
2020-08-01,India,NA,Mizoram,1097206,5,0,413,0
2020-08-02,India,NA,Mizoram,1097206,57,0,470,0
2020-08-03,India,NA,Mizoram,1097206,26,0,496,0
2020-08-04,India,NA,Mizoram,1097206,6,0,502,0
2020-08-05,India,NA,Mizoram,1097206,3,0,505,0
2020-08-06,India,NA,Mizoram,1097206,33,0,538,0
2020-08-07,India,NA,Mizoram,1097206,21,0,559,0
2020-08-08,India,NA,Mizoram,1097206,8,0,567,0
2020-08-09,India,NA,Mizoram,1097206,41,0,608,0
2020-08-10,India,NA,Mizoram,1097206,12,0,620,0
2020-08-11,India,NA,Mizoram,1097206,3,0,623,0
2020-08-12,India,NA,Mizoram,1097206,25,0,648,0
2020-08-13,India,NA,Mizoram,1097206,1,0,649,0
2020-08-14,India,NA,Mizoram,1097206,8,0,657,0
2020-08-15,India,NA,Mizoram,1097206,56,0,713,0
2020-08-16,India,NA,Mizoram,1097206,64,0,777,0
2020-08-17,India,NA,Mizoram,1097206,12,0,789,0
2020-08-18,India,NA,Mizoram,1097206,26,0,815,0
2020-08-19,India,NA,Mizoram,1097206,45,0,860,0
2020-08-20,India,NA,Mizoram,1097206,14,0,874,0
2020-08-21,India,NA,Mizoram,1097206,21,0,895,0
2020-08-22,India,NA,Mizoram,1097206,8,0,903,0
2020-08-23,India,NA,Mizoram,1097206,15,0,918,0
2020-08-24,India,NA,Mizoram,1097206,0,0,918,0
2020-08-25,India,NA,Mizoram,1097206,35,0,953,0
2020-08-26,India,NA,Mizoram,1097206,14,0,967,0
2020-08-27,India,NA,Mizoram,1097206,7,0,974,0
2020-08-28,India,NA,Mizoram,1097206,29,0,1003,0
2020-08-29,India,NA,Mizoram,1097206,0,0,1003,0
2020-08-30,India,NA,Mizoram,1097206,5,0,1008,0
2020-08-31,India,NA,Mizoram,1097206,3,0,1011,0
2020-09-01,India,NA,Mizoram,1097206,1,0,1012,0
2020-09-02,India,NA,Mizoram,1097206,8,0,1020,0
2020-09-03,India,NA,Mizoram,1097206,20,0,1040,0
2020-09-04,India,NA,Mizoram,1097206,6,0,1046,0
2020-09-05,India,NA,Mizoram,1097206,16,0,1062,0
2020-09-06,India,NA,Mizoram,1097206,31,0,1093,0
2020-09-07,India,NA,Mizoram,1097206,21,0,1114,0
2020-09-08,India,NA,Mizoram,1097206,9,0,1123,0
2020-09-09,India,NA,Mizoram,1097206,69,0,1192,0
2020-09-10,India,NA,Mizoram,1097206,141,0,1333,0
2020-09-11,India,NA,Mizoram,1097206,20,0,1353,0
2020-09-12,India,NA,Mizoram,1097206,26,0,1379,0
2020-09-13,India,NA,Mizoram,1097206,35,0,1414,0
2020-09-14,India,NA,Mizoram,1097206,14,0,1428,0
2020-09-15,India,NA,Mizoram,1097206,40,0,1468,0
2020-05-28,India,NA,Nagaland,1978502,9,0,18,0
2020-05-29,India,NA,Nagaland,1978502,7,0,25,0
2020-05-30,India,NA,Nagaland,1978502,11,0,36,0
2020-05-31,India,NA,Nagaland,1978502,7,0,43,0
2020-06-01,India,NA,Nagaland,1978502,0,0,43,0
2020-06-02,India,NA,Nagaland,1978502,6,0,49,0
2020-06-03,India,NA,Nagaland,1978502,9,0,58,0
2020-06-04,India,NA,Nagaland,1978502,22,0,80,0
2020-06-05,India,NA,Nagaland,1978502,27,0,107,0
2020-06-06,India,NA,Nagaland,1978502,0,0,107,0
2020-06-07,India,NA,Nagaland,1978502,9,0,116,0
2020-06-08,India,NA,Nagaland,1978502,6,0,122,0
2020-06-09,India,NA,Nagaland,1978502,5,0,127,0
2020-06-10,India,NA,Nagaland,1978502,1,0,128,0
2020-06-11,India,NA,Nagaland,1978502,2,0,130,0
2020-06-12,India,NA,Nagaland,1978502,26,0,156,0
2020-06-13,India,NA,Nagaland,1978502,7,0,163,0
2020-06-14,India,NA,Nagaland,1978502,10,0,173,0
2020-06-15,India,NA,Nagaland,1978502,4,0,177,0
2020-06-16,India,NA,Nagaland,1978502,2,0,179,0
2020-06-17,India,NA,Nagaland,1978502,14,0,193,0
2020-06-18,India,NA,Nagaland,1978502,0,0,193,0
2020-06-19,India,NA,Nagaland,1978502,5,0,198,0
2020-06-20,India,NA,Nagaland,1978502,3,0,201,0
2020-06-21,India,NA,Nagaland,1978502,10,0,211,0
2020-06-22,India,NA,Nagaland,1978502,69,0,280,0
2020-06-23,India,NA,Nagaland,1978502,50,0,330,0
2020-06-24,India,NA,Nagaland,1978502,17,0,347,0
2020-06-25,India,NA,Nagaland,1978502,8,0,355,0
2020-06-26,India,NA,Nagaland,1978502,16,0,371,0
2020-06-27,India,NA,Nagaland,1978502,16,0,387,0
2020-06-28,India,NA,Nagaland,1978502,28,0,415,0
2020-06-29,India,NA,Nagaland,1978502,36,0,451,0
2020-06-30,India,NA,Nagaland,1978502,8,0,459,0
2020-07-01,India,NA,Nagaland,1978502,42,0,501,0
2020-07-02,India,NA,Nagaland,1978502,34,0,535,0
2020-07-03,India,NA,Nagaland,1978502,4,0,539,0
2020-07-04,India,NA,Nagaland,1978502,24,0,563,0
2020-07-05,India,NA,Nagaland,1978502,27,0,590,0
2020-07-06,India,NA,Nagaland,1978502,35,0,625,0
2020-07-07,India,NA,Nagaland,1978502,19,0,644,0
2020-07-08,India,NA,Nagaland,1978502,13,0,657,0
2020-07-09,India,NA,Nagaland,1978502,16,0,673,0
2020-07-10,India,NA,Nagaland,1978502,59,0,732,0
2020-07-11,India,NA,Nagaland,1978502,16,0,748,0
2020-07-12,India,NA,Nagaland,1978502,26,0,774,0
2020-07-13,India,NA,Nagaland,1978502,71,0,845,0
2020-07-14,India,NA,Nagaland,1978502,51,0,896,0
2020-07-15,India,NA,Nagaland,1978502,6,0,902,0
2020-07-16,India,NA,Nagaland,1978502,14,0,916,0
2020-07-17,India,NA,Nagaland,1978502,40,0,956,0
2020-07-18,India,NA,Nagaland,1978502,22,0,978,0
2020-07-19,India,NA,Nagaland,1978502,10,0,988,0
2020-07-20,India,NA,Nagaland,1978502,33,0,1021,0
2020-07-21,India,NA,Nagaland,1978502,9,0,1030,0
2020-07-22,India,NA,Nagaland,1978502,54,0,1084,0
2020-07-23,India,NA,Nagaland,1978502,90,0,1174,0
2020-07-24,India,NA,Nagaland,1978502,65,1,1239,1
2020-07-25,India,NA,Nagaland,1978502,50,3,1289,4
2020-07-26,India,NA,Nagaland,1978502,50,0,1339,4
2020-07-27,India,NA,Nagaland,1978502,46,1,1385,5
2020-07-28,India,NA,Nagaland,1978502,75,0,1460,5
2020-07-29,India,NA,Nagaland,1978502,53,0,1513,5
2020-07-30,India,NA,Nagaland,1978502,53,0,1566,5
2020-07-31,India,NA,Nagaland,1978502,127,0,1693,5
2020-08-01,India,NA,Nagaland,1978502,138,0,1831,5
2020-08-02,India,NA,Nagaland,1978502,104,0,1935,5
2020-08-03,India,NA,Nagaland,1978502,194,0,2129,5
2020-08-04,India,NA,Nagaland,1978502,276,0,2405,5
2020-08-05,India,NA,Nagaland,1978502,93,2,2498,6
2020-08-06,India,NA,Nagaland,1978502,82,0,2580,6
2020-08-07,India,NA,Nagaland,1978502,77,1,2657,7
2020-08-08,India,NA,Nagaland,1978502,31,0,2688,7
2020-08-09,India,NA,Nagaland,1978502,93,1,2781,8
2020-08-10,India,NA,Nagaland,1978502,230,0,3011,8
2020-08-11,India,NA,Nagaland,1978502,20,0,3031,8
2020-08-12,India,NA,Nagaland,1978502,87,0,3118,8
2020-08-13,India,NA,Nagaland,1978502,50,0,3168,8
2020-08-14,India,NA,Nagaland,1978502,154,0,3322,8
2020-08-15,India,NA,Nagaland,1978502,18,0,3340,8
2020-08-16,India,NA,Nagaland,1978502,54,0,3394,8
2020-08-17,India,NA,Nagaland,1978502,61,0,3455,8
2020-08-18,India,NA,Nagaland,1978502,65,0,3520,8
2020-08-19,India,NA,Nagaland,1978502,38,0,3558,8
2020-08-20,India,NA,Nagaland,1978502,25,0,3583,8
2020-08-21,India,NA,Nagaland,1978502,36,0,3619,8
2020-08-22,India,NA,Nagaland,1978502,16,1,3635,8
2020-08-23,India,NA,Nagaland,1978502,51,0,3686,8
2020-08-24,India,NA,Nagaland,1978502,28,0,3714,8
2020-08-25,India,NA,Nagaland,1978502,38,0,3752,8
2020-08-26,India,NA,Nagaland,1978502,26,0,3778,8
2020-08-27,India,NA,Nagaland,1978502,6,0,3784,8
2020-08-28,India,NA,Nagaland,1978502,21,0,3805,8
2020-08-29,India,NA,Nagaland,1978502,46,0,3851,8
2020-08-30,India,NA,Nagaland,1978502,71,0,3922,8
2020-08-31,India,NA,Nagaland,1978502,28,0,3950,8
2020-09-01,India,NA,Nagaland,1978502,53,0,4003,8
2020-09-02,India,NA,Nagaland,1978502,14,0,4017,8
2020-09-03,India,NA,Nagaland,1978502,49,0,4066,8
2020-09-04,India,NA,Nagaland,1978502,41,0,4107,8
2020-09-05,India,NA,Nagaland,1978502,21,0,4128,8
2020-09-06,India,NA,Nagaland,1978502,50,0,4178,8
2020-09-07,India,NA,Nagaland,1978502,42,0,4220,8
2020-09-08,India,NA,Nagaland,1978502,25,0,4245,8
2020-09-09,India,NA,Nagaland,1978502,130,0,4375,8
2020-09-10,India,NA,Nagaland,1978502,261,0,4636,8
2020-09-11,India,NA,Nagaland,1978502,310,0,4946,8
2020-09-12,India,NA,Nagaland,1978502,118,0,5064,8
2020-09-13,India,NA,Nagaland,1978502,19,0,5083,8
2020-09-14,India,NA,Nagaland,1978502,131,0,5214,8
2020-09-15,India,NA,Nagaland,1978502,15,2,5229,10
2020-04-03,India,NA,Odisha,41974218,15,0,20,0
2020-04-04,India,NA,Odisha,41974218,1,0,21,0
2020-04-05,India,NA,Odisha,41974218,18,0,39,0
2020-04-06,India,NA,Odisha,41974218,1,0,40,0
2020-04-07,India,NA,Odisha,41974218,2,1,42,1
2020-04-08,India,NA,Odisha,41974218,0,0,42,1
2020-04-09,India,NA,Odisha,41974218,6,0,48,1
2020-04-10,India,NA,Odisha,41974218,2,0,50,1
2020-04-11,India,NA,Odisha,41974218,4,0,54,1
2020-04-12,India,NA,Odisha,41974218,0,0,54,1
2020-04-13,India,NA,Odisha,41974218,1,0,55,1
2020-04-14,India,NA,Odisha,41974218,5,0,60,1
2020-04-15,India,NA,Odisha,41974218,0,0,60,1
2020-04-16,India,NA,Odisha,41974218,0,0,60,1
2020-04-17,India,NA,Odisha,41974218,0,0,60,1
2020-04-18,India,NA,Odisha,41974218,1,0,61,1
2020-04-19,India,NA,Odisha,41974218,0,0,61,1
2020-04-20,India,NA,Odisha,41974218,13,0,74,1
2020-04-21,India,NA,Odisha,41974218,5,0,79,1
2020-04-22,India,NA,Odisha,41974218,4,0,83,1
2020-04-23,India,NA,Odisha,41974218,6,0,89,1
2020-04-24,India,NA,Odisha,41974218,5,0,94,1
2020-04-25,India,NA,Odisha,41974218,6,0,100,1
2020-04-26,India,NA,Odisha,41974218,3,0,103,1
2020-04-27,India,NA,Odisha,41974218,15,0,118,1
2020-04-28,India,NA,Odisha,41974218,0,0,118,1
2020-04-29,India,NA,Odisha,41974218,7,0,125,1
2020-04-30,India,NA,Odisha,41974218,18,0,143,1
2020-05-01,India,NA,Odisha,41974218,11,0,154,1
2020-05-02,India,NA,Odisha,41974218,6,0,160,1
2020-05-03,India,NA,Odisha,41974218,2,0,162,1
2020-05-04,India,NA,Odisha,41974218,7,0,169,1
2020-05-05,India,NA,Odisha,41974218,8,1,177,2
2020-05-06,India,NA,Odisha,41974218,28,0,205,2
2020-05-07,India,NA,Odisha,41974218,14,0,219,2
2020-05-08,India,NA,Odisha,41974218,51,0,270,2
2020-05-09,India,NA,Odisha,41974218,82,1,352,3
2020-05-10,India,NA,Odisha,41974218,25,0,377,3
2020-05-11,India,NA,Odisha,41974218,38,0,415,3
2020-05-12,India,NA,Odisha,41974218,22,0,437,3
2020-05-13,India,NA,Odisha,41974218,101,0,538,3
2020-05-14,India,NA,Odisha,41974218,134,0,672,3
2020-05-15,India,NA,Odisha,41974218,65,0,737,3
2020-05-16,India,NA,Odisha,41974218,0,0,737,3
2020-05-17,India,NA,Odisha,41974218,91,1,828,4
2020-05-18,India,NA,Odisha,41974218,48,0,876,4
2020-05-19,India,NA,Odisha,41974218,102,1,978,5
2020-05-20,India,NA,Odisha,41974218,74,1,1052,6
2020-05-21,India,NA,Odisha,41974218,51,1,1103,7
2020-05-22,India,NA,Odisha,41974218,86,0,1189,7
2020-05-23,India,NA,Odisha,41974218,80,0,1269,7
2020-05-24,India,NA,Odisha,41974218,67,0,1336,7
2020-05-25,India,NA,Odisha,41974218,102,0,1438,7
2020-05-26,India,NA,Odisha,41974218,79,0,1517,7
2020-05-27,India,NA,Odisha,41974218,76,0,1593,7
2020-05-28,India,NA,Odisha,41974218,67,0,1660,7
2020-05-29,India,NA,Odisha,41974218,63,2,1723,9
2020-05-30,India,NA,Odisha,41974218,96,0,1819,9
2020-05-31,India,NA,Odisha,41974218,129,0,1948,9
2020-06-01,India,NA,Odisha,41974218,156,0,2104,9
2020-06-02,India,NA,Odisha,41974218,141,0,2245,9
2020-06-03,India,NA,Odisha,41974218,143,0,2388,9
2020-06-04,India,NA,Odisha,41974218,90,0,2478,9
2020-06-05,India,NA,Odisha,41974218,130,1,2608,10
2020-06-06,India,NA,Odisha,41974218,173,0,2781,10
2020-06-07,India,NA,Odisha,41974218,75,1,2856,11
2020-06-08,India,NA,Odisha,41974218,138,0,2994,11
2020-06-09,India,NA,Odisha,41974218,146,0,3140,11
2020-06-10,India,NA,Odisha,41974218,110,0,3250,11
2020-06-11,India,NA,Odisha,41974218,136,1,3386,12
2020-06-12,India,NA,Odisha,41974218,112,1,3498,13
2020-06-13,India,NA,Odisha,41974218,225,0,3723,13
2020-06-14,India,NA,Odisha,41974218,186,1,3909,14
2020-06-15,India,NA,Odisha,41974218,146,0,4055,14
2020-06-16,India,NA,Odisha,41974218,108,0,4163,14
2020-06-17,India,NA,Odisha,41974218,175,0,4338,14
2020-06-18,India,NA,Odisha,41974218,174,0,4512,14
2020-06-19,India,NA,Odisha,41974218,165,0,4677,14
2020-06-20,India,NA,Odisha,41974218,179,1,4856,15
2020-06-21,India,NA,Odisha,41974218,304,4,5160,19
2020-06-22,India,NA,Odisha,41974218,143,2,5303,21
2020-06-23,India,NA,Odisha,41974218,167,3,5470,24
2020-06-24,India,NA,Odisha,41974218,282,0,5752,24
2020-06-25,India,NA,Odisha,41974218,210,0,5962,24
2020-06-26,India,NA,Odisha,41974218,218,0,6180,24
2020-06-27,India,NA,Odisha,41974218,170,1,6350,25
2020-06-28,India,NA,Odisha,41974218,264,3,6614,28
2020-06-29,India,NA,Odisha,41974218,245,2,6859,30
2020-06-30,India,NA,Odisha,41974218,206,2,7065,32
2020-07-01,India,NA,Odisha,41974218,251,1,7316,33
2020-07-02,India,NA,Odisha,41974218,229,2,7545,35
2020-07-03,India,NA,Odisha,41974218,561,2,8106,37
2020-07-04,India,NA,Odisha,41974218,495,6,8601,43
2020-07-05,India,NA,Odisha,41974218,469,3,9070,46
2020-07-06,India,NA,Odisha,41974218,456,2,9526,48
2020-07-07,India,NA,Odisha,41974218,571,6,10097,54
2020-07-08,India,NA,Odisha,41974218,527,7,10624,61
2020-07-09,India,NA,Odisha,41974218,577,6,11201,67
2020-07-10,India,NA,Odisha,41974218,755,6,11956,73
2020-07-11,India,NA,Odisha,41974218,570,6,12526,79
2020-07-12,India,NA,Odisha,41974218,595,5,13121,84
2020-07-13,India,NA,Odisha,41974218,616,7,13737,91
2020-07-14,India,NA,Odisha,41974218,543,5,14280,96
2020-07-15,India,NA,Odisha,41974218,618,5,14898,101
2020-07-16,India,NA,Odisha,41974218,494,2,15392,103
2020-07-17,India,NA,Odisha,41974218,718,6,16110,109
2020-07-18,India,NA,Odisha,41974218,591,3,16701,112
2020-07-19,India,NA,Odisha,41974218,736,7,17437,119
2020-07-20,India,NA,Odisha,41974218,673,6,18110,125
2020-07-21,India,NA,Odisha,41974218,647,8,18757,133
2020-07-22,India,NA,Odisha,41974218,1078,6,19835,139
2020-07-23,India,NA,Odisha,41974218,1264,6,21099,145
2020-07-24,India,NA,Odisha,41974218,1594,8,22693,153
2020-07-25,India,NA,Odisha,41974218,1320,10,24013,163
2020-07-26,India,NA,Odisha,41974218,1376,11,25389,174
2020-07-27,India,NA,Odisha,41974218,1503,7,26892,181
2020-07-28,India,NA,Odisha,41974218,1215,8,28107,189
2020-07-29,India,NA,Odisha,41974218,1068,6,29175,195
2020-07-30,India,NA,Odisha,41974218,1203,10,30378,205
2020-07-31,India,NA,Odisha,41974218,1499,9,31877,214
2020-08-01,India,NA,Odisha,41974218,1602,11,33479,225
2020-08-02,India,NA,Odisha,41974218,1434,11,34913,236
2020-08-03,India,NA,Odisha,41974218,1384,12,36297,248
2020-08-04,India,NA,Odisha,41974218,1384,10,37681,258
2020-08-05,India,NA,Odisha,41974218,1337,11,39018,269
2020-08-06,India,NA,Odisha,41974218,1699,11,40717,280
2020-08-07,India,NA,Odisha,41974218,1833,12,42550,292
2020-08-08,India,NA,Odisha,41974218,1643,15,44193,307
2020-08-09,India,NA,Odisha,41974218,1734,14,45927,321
2020-08-10,India,NA,Odisha,41974218,1528,16,47455,337
2020-08-11,India,NA,Odisha,41974218,1341,12,48796,349
2020-08-12,India,NA,Odisha,41974218,1876,9,50672,358
2020-08-13,India,NA,Odisha,41974218,1981,9,52653,367
2020-08-14,India,NA,Odisha,41974218,1977,10,54630,377
2020-08-15,India,NA,Odisha,41974218,2496,9,57126,386
2020-08-16,India,NA,Odisha,41974218,2924,10,60050,396
2020-08-17,India,NA,Odisha,41974218,2244,10,62294,406
2020-08-18,India,NA,Odisha,41974218,2239,9,64533,415
2020-08-19,India,NA,Odisha,41974218,2589,10,67122,425
2020-08-20,India,NA,Odisha,41974218,2898,8,70020,433
2020-08-21,India,NA,Odisha,41974218,2698,10,72718,443
2020-08-22,India,NA,Odisha,41974218,2819,9,75537,452
2020-08-23,India,NA,Odisha,41974218,2993,10,78530,462
2020-08-24,India,NA,Odisha,41974218,2949,10,81479,472
2020-08-25,India,NA,Odisha,41974218,2752,9,84231,481
2020-08-26,India,NA,Odisha,41974218,3371,13,87602,494
2020-08-27,India,NA,Odisha,41974218,3384,7,90986,501
2020-08-28,India,NA,Odisha,41974218,3682,8,94668,509
2020-08-29,India,NA,Odisha,41974218,3252,14,97920,523
2020-08-30,India,NA,Odisha,41974218,3014,12,100934,535
2020-08-31,India,NA,Odisha,41974218,2602,10,103536,545
2020-09-01,India,NA,Odisha,41974218,3025,11,106561,556
2020-09-02,India,NA,Odisha,41974218,3219,11,109780,567
2020-09-03,India,NA,Odisha,41974218,3631,8,113411,575
2020-09-04,India,NA,Odisha,41974218,3267,9,116678,584
2020-09-05,India,NA,Odisha,41974218,3543,7,120221,591
2020-09-06,India,NA,Odisha,41974218,3810,8,124031,599
2020-09-07,India,NA,Odisha,41974218,3861,10,127892,609
2020-09-08,India,NA,Odisha,41974218,3490,13,131382,622
2020-09-09,India,NA,Odisha,41974218,3748,11,135130,633
2020-09-10,India,NA,Odisha,41974218,3991,11,139121,644
2020-09-11,India,NA,Odisha,41974218,3996,14,143117,658
2020-09-12,India,NA,Odisha,41974218,3777,11,146894,669
2020-09-13,India,NA,Odisha,41974218,3913,10,150807,679
2020-09-14,India,NA,Odisha,41974218,4198,11,155005,690
2020-09-15,India,NA,Odisha,41974218,3645,8,158650,698
2020-05-10,India,NA,Puducherry,973829,2,0,12,0
2020-05-11,India,NA,Puducherry,973829,0,0,12,0
2020-05-12,India,NA,Puducherry,973829,0,0,12,0
2020-05-13,India,NA,Puducherry,973829,1,0,13,0
2020-05-14,India,NA,Puducherry,973829,3,0,16,0
2020-05-15,India,NA,Puducherry,973829,0,0,16,0
2020-05-16,India,NA,Puducherry,973829,1,0,17,0
2020-05-17,India,NA,Puducherry,973829,0,0,17,0
2020-05-18,India,NA,Puducherry,973829,0,0,17,0
2020-05-19,India,NA,Puducherry,973829,5,0,22,0
2020-05-20,India,NA,Puducherry,973829,1,0,23,0
2020-05-21,India,NA,Puducherry,973829,0,0,23,0
2020-05-22,India,NA,Puducherry,973829,3,0,26,0
2020-05-23,India,NA,Puducherry,973829,0,0,26,0
2020-05-24,India,NA,Puducherry,973829,15,0,41,0
2020-05-25,India,NA,Puducherry,973829,8,0,49,0
2020-05-26,India,NA,Puducherry,973829,0,0,49,0
2020-05-27,India,NA,Puducherry,973829,0,0,49,0
2020-05-28,India,NA,Puducherry,973829,4,0,53,0
2020-05-29,India,NA,Puducherry,973829,4,0,57,0
2020-05-30,India,NA,Puducherry,973829,0,0,57,0
2020-05-31,India,NA,Puducherry,973829,13,0,70,0
2020-06-01,India,NA,Puducherry,973829,9,0,79,0
2020-06-02,India,NA,Puducherry,973829,0,0,79,0
2020-06-03,India,NA,Puducherry,973829,11,0,90,0
2020-06-04,India,NA,Puducherry,973829,9,0,99,0
2020-06-05,India,NA,Puducherry,973829,5,0,104,0
2020-06-06,India,NA,Puducherry,973829,3,0,107,0
2020-06-07,India,NA,Puducherry,973829,12,0,119,0
2020-06-08,India,NA,Puducherry,973829,9,0,128,0
2020-06-09,India,NA,Puducherry,973829,4,0,132,0
2020-06-10,India,NA,Puducherry,973829,12,0,144,0
2020-06-11,India,NA,Puducherry,973829,13,2,157,2
2020-06-12,India,NA,Puducherry,973829,6,1,163,3
2020-06-13,India,NA,Puducherry,973829,13,0,176,3
2020-06-14,India,NA,Puducherry,973829,18,1,194,4
2020-06-15,India,NA,Puducherry,973829,8,0,202,4
2020-06-16,India,NA,Puducherry,973829,14,0,216,4
2020-06-17,India,NA,Puducherry,973829,29,1,245,5
2020-06-18,India,NA,Puducherry,973829,26,1,271,6
2020-06-19,India,NA,Puducherry,973829,16,1,287,7
2020-06-20,India,NA,Puducherry,973829,51,0,338,7
2020-06-21,India,NA,Puducherry,973829,28,1,366,8
2020-06-22,India,NA,Puducherry,973829,17,0,383,8
2020-06-23,India,NA,Puducherry,973829,19,1,402,9
2020-06-24,India,NA,Puducherry,973829,59,0,461,9
2020-06-25,India,NA,Puducherry,973829,41,0,502,9
2020-06-26,India,NA,Puducherry,973829,32,0,534,9
2020-06-27,India,NA,Puducherry,973829,85,1,619,10
2020-06-28,India,NA,Puducherry,973829,29,1,648,11
2020-06-29,India,NA,Puducherry,973829,42,0,690,11
2020-06-30,India,NA,Puducherry,973829,24,1,714,12
2020-07-01,India,NA,Puducherry,973829,25,0,739,12
2020-07-02,India,NA,Puducherry,973829,63,0,802,12
2020-07-03,India,NA,Puducherry,973829,22,1,824,13
2020-07-04,India,NA,Puducherry,973829,80,1,904,14
2020-07-05,India,NA,Puducherry,973829,42,0,946,14
2020-07-06,India,NA,Puducherry,973829,65,0,1011,14
2020-07-07,India,NA,Puducherry,973829,32,0,1043,14
2020-07-08,India,NA,Puducherry,973829,110,0,1153,14
2020-07-09,India,NA,Puducherry,973829,49,2,1202,16
2020-07-10,India,NA,Puducherry,973829,72,1,1274,17
2020-07-11,India,NA,Puducherry,973829,65,1,1339,18
2020-07-12,India,NA,Puducherry,973829,81,0,1420,18
2020-07-13,India,NA,Puducherry,973829,50,0,1470,18
2020-07-14,India,NA,Puducherry,973829,63,0,1533,18
2020-07-15,India,NA,Puducherry,973829,65,3,1598,21
2020-07-16,India,NA,Puducherry,973829,147,1,1745,22
2020-07-17,India,NA,Puducherry,973829,89,3,1834,25
2020-07-18,India,NA,Puducherry,973829,58,3,1892,28
2020-07-19,India,NA,Puducherry,973829,109,0,2001,28
2020-07-20,India,NA,Puducherry,973829,93,1,2094,29
2020-07-21,India,NA,Puducherry,973829,87,1,2181,30
2020-07-22,India,NA,Puducherry,973829,121,1,2302,31
2020-07-23,India,NA,Puducherry,973829,120,3,2422,34
2020-07-24,India,NA,Puducherry,973829,95,1,2517,35
2020-07-25,India,NA,Puducherry,973829,139,3,2656,38
2020-07-26,India,NA,Puducherry,973829,133,2,2789,40
2020-07-27,India,NA,Puducherry,973829,85,3,2874,43
2020-07-28,India,NA,Puducherry,973829,139,4,3013,47
2020-07-29,India,NA,Puducherry,973829,166,0,3179,47
2020-07-30,India,NA,Puducherry,973829,121,1,3300,48
2020-07-31,India,NA,Puducherry,973829,174,1,3474,49
2020-08-01,India,NA,Puducherry,973829,134,2,3608,51
2020-08-02,India,NA,Puducherry,973829,200,1,3808,52
2020-08-03,India,NA,Puducherry,973829,176,4,3984,56
2020-08-04,India,NA,Puducherry,973829,165,2,4149,58
2020-08-05,India,NA,Puducherry,973829,286,7,4435,65
2020-08-06,India,NA,Puducherry,973829,188,5,4623,70
2020-08-07,India,NA,Puducherry,973829,241,5,4864,75
2020-08-08,India,NA,Puducherry,973829,261,5,5125,80
2020-08-09,India,NA,Puducherry,973829,259,7,5384,87
2020-08-10,India,NA,Puducherry,973829,242,2,5626,89
2020-08-11,India,NA,Puducherry,973829,276,2,5902,91
2020-08-12,India,NA,Puducherry,973829,481,5,6383,96
2020-08-13,India,NA,Puducherry,973829,299,6,6682,102
2020-08-14,India,NA,Puducherry,973829,315,4,6997,106
2020-08-15,India,NA,Puducherry,973829,359,0,7356,106
2020-08-16,India,NA,Puducherry,973829,378,4,7734,110
2020-08-17,India,NA,Puducherry,973829,297,4,8031,114
2020-08-18,India,NA,Puducherry,973829,367,9,8398,123
2020-08-19,India,NA,Puducherry,973829,356,6,8754,129
2020-08-20,India,NA,Puducherry,973829,540,8,9294,137
2020-08-21,India,NA,Puducherry,973829,302,6,9596,143
2020-08-22,India,NA,Puducherry,973829,518,8,10114,151
2020-08-23,India,NA,Puducherry,973829,410,8,10524,159
2020-08-24,India,NA,Puducherry,973829,337,5,10861,164
2020-08-25,India,NA,Puducherry,973829,567,8,11428,172
2020-08-26,India,NA,Puducherry,973829,504,8,11932,180
2020-08-27,India,NA,Puducherry,973829,504,10,12436,190
2020-08-28,India,NA,Puducherry,973829,590,9,13026,199
2020-08-29,India,NA,Puducherry,973829,532,12,13558,211
2020-08-30,India,NA,Puducherry,973829,571,10,14129,221
2020-08-31,India,NA,Puducherry,973829,284,7,14413,228
2020-09-01,India,NA,Puducherry,973829,355,12,14768,240
2020-09-02,India,NA,Puducherry,973829,391,13,15159,253
2020-09-03,India,NA,Puducherry,973829,424,7,15583,260
2020-09-04,India,NA,Puducherry,973829,591,20,16174,280
2020-09-05,India,NA,Puducherry,973829,394,18,16568,298
2020-09-06,India,NA,Puducherry,973829,466,16,17034,314
2020-09-07,India,NA,Puducherry,973829,284,11,17318,325
2020-09-08,India,NA,Puducherry,973829,433,12,17751,337
2020-09-09,India,NA,Puducherry,973829,335,10,18086,347
2020-09-10,India,NA,Puducherry,973829,452,6,18538,353
2020-09-11,India,NA,Puducherry,973829,490,12,19028,365
2020-09-12,India,NA,Puducherry,973829,419,5,19447,370
2020-09-13,India,NA,Puducherry,973829,388,15,19835,385
2020-09-14,India,NA,Puducherry,973829,393,9,20228,394
2020-09-15,India,NA,Puducherry,973829,375,11,20603,405
2020-03-21,India,NA,Punjab,27743338,10,0,13,1
2020-03-22,India,NA,Punjab,27743338,8,0,21,1
2020-03-23,India,NA,Punjab,27743338,2,0,23,1
2020-03-24,India,NA,Punjab,27743338,6,0,29,1
2020-03-25,India,NA,Punjab,27743338,2,0,31,1
2020-03-26,India,NA,Punjab,27743338,2,0,33,1
2020-03-27,India,NA,Punjab,27743338,5,0,38,1
2020-03-28,India,NA,Punjab,27743338,0,0,38,1
2020-03-29,India,NA,Punjab,27743338,0,0,38,1
2020-03-30,India,NA,Punjab,27743338,3,2,41,3
2020-03-31,India,NA,Punjab,27743338,1,1,42,4
2020-04-01,India,NA,Punjab,27743338,4,0,46,4
2020-04-02,India,NA,Punjab,27743338,1,1,47,5
2020-04-03,India,NA,Punjab,27743338,6,0,53,5
2020-04-04,India,NA,Punjab,27743338,12,0,65,5
2020-04-05,India,NA,Punjab,27743338,3,2,68,7
2020-04-06,India,NA,Punjab,27743338,11,0,79,7
2020-04-07,India,NA,Punjab,27743338,20,1,99,8
2020-04-08,India,NA,Punjab,27743338,7,1,106,9
2020-04-09,India,NA,Punjab,27743338,24,1,130,10
2020-04-10,India,NA,Punjab,27743338,21,1,151,11
2020-04-11,India,NA,Punjab,27743338,7,1,158,12
2020-04-12,India,NA,Punjab,27743338,12,0,170,12
2020-04-13,India,NA,Punjab,27743338,6,0,176,12
2020-04-14,India,NA,Punjab,27743338,8,1,184,13
2020-04-15,India,NA,Punjab,27743338,2,0,186,13
2020-04-16,India,NA,Punjab,27743338,11,1,197,14
2020-04-17,India,NA,Punjab,27743338,14,0,211,14
2020-04-18,India,NA,Punjab,27743338,23,2,234,16
2020-04-19,India,NA,Punjab,27743338,10,0,244,16
2020-04-20,India,NA,Punjab,27743338,1,0,245,16
2020-04-21,India,NA,Punjab,27743338,6,0,251,16
2020-04-22,India,NA,Punjab,27743338,27,0,278,16
2020-04-23,India,NA,Punjab,27743338,5,1,283,17
2020-04-24,India,NA,Punjab,27743338,15,0,298,17
2020-04-25,India,NA,Punjab,27743338,10,0,308,17
2020-04-26,India,NA,Punjab,27743338,14,1,322,18
2020-04-27,India,NA,Punjab,27743338,8,1,330,19
2020-04-28,India,NA,Punjab,27743338,12,0,342,19
2020-04-29,India,NA,Punjab,27743338,33,0,375,19
2020-04-30,India,NA,Punjab,27743338,105,1,480,20
2020-05-01,India,NA,Punjab,27743338,105,0,585,20
2020-05-02,India,NA,Punjab,27743338,187,0,772,20
2020-05-03,India,NA,Punjab,27743338,330,1,1102,21
2020-05-04,India,NA,Punjab,27743338,130,2,1232,23
2020-05-05,India,NA,Punjab,27743338,219,2,1451,25
2020-05-06,India,NA,Punjab,27743338,75,2,1526,27
2020-05-07,India,NA,Punjab,27743338,118,1,1644,28
2020-05-08,India,NA,Punjab,27743338,87,1,1731,29
2020-05-09,India,NA,Punjab,27743338,31,2,1762,31
2020-05-10,India,NA,Punjab,27743338,61,0,1823,31
2020-05-11,India,NA,Punjab,27743338,54,0,1877,31
2020-05-12,India,NA,Punjab,27743338,37,1,1914,32
2020-05-13,India,NA,Punjab,27743338,10,0,1924,32
2020-05-14,India,NA,Punjab,27743338,11,0,1935,32
2020-05-15,India,NA,Punjab,27743338,0,0,1935,32
2020-05-16,India,NA,Punjab,27743338,14,0,1946,32
2020-05-17,India,NA,Punjab,27743338,18,3,1964,35
2020-05-18,India,NA,Punjab,27743338,16,2,1980,37
2020-05-19,India,NA,Punjab,27743338,22,1,2002,38
2020-05-20,India,NA,Punjab,27743338,3,0,2005,38
2020-05-21,India,NA,Punjab,27743338,23,1,2028,39
2020-05-22,India,NA,Punjab,27743338,1,0,2029,39
2020-05-23,India,NA,Punjab,27743338,16,0,2045,39
2020-05-24,India,NA,Punjab,27743338,15,1,2060,40
2020-05-25,India,NA,Punjab,27743338,21,0,2081,40
2020-05-26,India,NA,Punjab,27743338,25,0,2106,40
2020-05-27,India,NA,Punjab,27743338,33,0,2139,40
2020-05-28,India,NA,Punjab,27743338,19,0,2158,40
2020-05-29,India,NA,Punjab,27743338,39,2,2197,42
2020-05-30,India,NA,Punjab,27743338,36,2,2233,44
2020-05-31,India,NA,Punjab,27743338,30,1,2263,45
2020-06-01,India,NA,Punjab,27743338,38,0,2301,45
2020-06-02,India,NA,Punjab,27743338,41,2,2342,46
2020-06-03,India,NA,Punjab,27743338,34,1,2376,47
2020-06-04,India,NA,Punjab,27743338,39,0,2415,47
2020-06-05,India,NA,Punjab,27743338,46,1,2461,48
2020-06-06,India,NA,Punjab,27743338,54,2,2515,50
2020-06-07,India,NA,Punjab,27743338,93,1,2608,51
2020-06-08,India,NA,Punjab,27743338,55,2,2663,53
2020-06-09,India,NA,Punjab,27743338,56,2,2719,55
2020-06-10,India,NA,Punjab,27743338,86,0,2805,55
2020-06-11,India,NA,Punjab,27743338,82,4,2887,59
2020-06-12,India,NA,Punjab,27743338,99,4,2986,63
2020-06-13,India,NA,Punjab,27743338,77,2,3063,65
2020-06-14,India,NA,Punjab,27743338,77,2,3140,67
2020-06-15,India,NA,Punjab,27743338,127,4,3267,71
2020-06-16,India,NA,Punjab,27743338,104,1,3371,72
2020-06-17,India,NA,Punjab,27743338,126,6,3497,78
2020-06-18,India,NA,Punjab,27743338,118,5,3615,83
2020-06-19,India,NA,Punjab,27743338,217,9,3832,92
2020-06-20,India,NA,Punjab,27743338,120,6,3952,98
2020-06-21,India,NA,Punjab,27743338,122,1,4074,99
2020-06-22,India,NA,Punjab,27743338,161,2,4235,101
2020-06-23,India,NA,Punjab,27743338,162,4,4397,105
2020-06-24,India,NA,Punjab,27743338,230,8,4627,113
2020-06-25,India,NA,Punjab,27743338,142,7,4769,120
2020-06-26,India,NA,Punjab,27743338,188,2,4957,122
2020-06-27,India,NA,Punjab,27743338,99,6,5056,128
2020-06-28,India,NA,Punjab,27743338,160,5,5216,133
2020-06-29,India,NA,Punjab,27743338,202,5,5418,138
2020-06-30,India,NA,Punjab,27743338,150,6,5568,144
2020-07-01,India,NA,Punjab,27743338,100,5,5668,149
2020-07-02,India,NA,Punjab,27743338,116,3,5784,152
2020-07-03,India,NA,Punjab,27743338,153,5,5937,157
2020-07-04,India,NA,Punjab,27743338,172,5,6109,162
2020-07-05,India,NA,Punjab,27743338,174,2,6283,164
2020-07-06,India,NA,Punjab,27743338,208,5,6491,169
2020-07-07,India,NA,Punjab,27743338,258,6,6749,175
2020-07-08,India,NA,Punjab,27743338,158,3,6907,178
2020-07-09,India,NA,Punjab,27743338,233,5,7140,183
2020-07-10,India,NA,Punjab,27743338,217,4,7357,187
2020-07-11,India,NA,Punjab,27743338,230,8,7587,195
2020-07-12,India,NA,Punjab,27743338,234,4,7821,199
2020-07-13,India,NA,Punjab,27743338,357,5,8178,204
2020-07-14,India,NA,Punjab,27743338,333,9,8511,213
2020-07-15,India,NA,Punjab,27743338,288,8,8799,221
2020-07-16,India,NA,Punjab,27743338,295,9,9094,230
2020-07-17,India,NA,Punjab,27743338,348,9,9442,239
2020-07-18,India,NA,Punjab,27743338,350,7,9792,246
2020-07-19,India,NA,Punjab,27743338,308,8,10100,254
2020-07-20,India,NA,Punjab,27743338,410,8,10510,262
2020-07-21,India,NA,Punjab,27743338,379,1,10889,263
2020-07-22,India,NA,Punjab,27743338,412,6,11301,269
2020-07-23,India,NA,Punjab,27743338,438,8,11739,277
2020-07-24,India,NA,Punjab,27743338,477,5,12216,282
2020-07-25,India,NA,Punjab,27743338,468,9,12684,291
2020-07-26,India,NA,Punjab,27743338,534,15,13218,306
2020-07-27,India,NA,Punjab,27743338,551,12,13769,318
2020-07-28,India,NA,Punjab,27743338,609,18,14378,336
2020-07-29,India,NA,Punjab,27743338,568,25,14946,361
2020-07-30,India,NA,Punjab,27743338,510,9,15456,370
2020-07-31,India,NA,Punjab,27743338,663,16,16119,386
2020-08-01,India,NA,Punjab,27743338,944,19,17063,405
2020-08-02,India,NA,Punjab,27743338,790,18,17853,423
2020-08-03,India,NA,Punjab,27743338,674,19,18527,442
2020-08-04,India,NA,Punjab,27743338,488,20,19015,462
2020-08-05,India,NA,Punjab,27743338,841,29,19856,491
2020-08-06,India,NA,Punjab,27743338,1035,26,20891,517
2020-08-07,India,NA,Punjab,27743338,1039,22,21930,539
2020-08-08,India,NA,Punjab,27743338,998,23,22928,562
2020-08-09,India,NA,Punjab,27743338,975,24,23903,586
2020-08-10,India,NA,Punjab,27743338,986,18,24889,604
2020-08-11,India,NA,Punjab,27743338,1000,32,25889,636
2020-08-12,India,NA,Punjab,27743338,1020,39,26909,675
2020-08-13,India,NA,Punjab,27743338,1027,31,27936,706
2020-08-14,India,NA,Punjab,27743338,1077,25,29013,731
2020-08-15,India,NA,Punjab,27743338,1028,40,30041,771
2020-08-16,India,NA,Punjab,27743338,1165,41,31206,812
2020-08-17,India,NA,Punjab,27743338,1489,50,32695,862
2020-08-18,India,NA,Punjab,27743338,1705,36,34400,898
2020-08-19,India,NA,Punjab,27743338,1683,22,36083,920
2020-08-20,India,NA,Punjab,27743338,1741,37,37824,957
2020-08-21,India,NA,Punjab,27743338,1503,34,39327,991
2020-08-22,India,NA,Punjab,27743338,1316,45,40643,1036
2020-08-23,India,NA,Punjab,27743338,1136,50,41779,1086
2020-08-24,India,NA,Punjab,27743338,1505,43,43284,1129
2020-08-25,India,NA,Punjab,27743338,1293,49,44577,1178
2020-08-26,India,NA,Punjab,27743338,1513,41,46090,1219
2020-08-27,India,NA,Punjab,27743338,1746,37,47836,1256
2020-08-28,India,NA,Punjab,27743338,1542,51,49378,1307
2020-08-29,India,NA,Punjab,27743338,1470,41,50848,1348
2020-08-30,India,NA,Punjab,27743338,1678,56,52526,1404
2020-08-31,India,NA,Punjab,27743338,1466,49,53992,1453
2020-09-01,India,NA,Punjab,27743338,1516,59,55508,1512
2020-09-02,India,NA,Punjab,27743338,1481,106,56989,1618
2020-09-03,India,NA,Punjab,27743338,1526,72,58515,1690
2020-09-04,India,NA,Punjab,27743338,1498,49,60013,1739
2020-09-05,India,NA,Punjab,27743338,1514,69,61527,1808
2020-09-06,India,NA,Punjab,27743338,1946,54,63473,1862
2020-09-07,India,NA,Punjab,27743338,2110,61,65583,1923
2020-09-08,India,NA,Punjab,27743338,1964,67,67547,1990
2020-09-09,India,NA,Punjab,27743338,2137,71,69684,2061
2020-09-10,India,NA,Punjab,27743338,2459,88,72143,2149
2020-09-11,India,NA,Punjab,27743338,2473,63,74616,2212
2020-09-12,India,NA,Punjab,27743338,2441,76,77057,2288
2020-09-13,India,NA,Punjab,27743338,2622,68,79679,2356
2020-09-14,India,NA,Punjab,27743338,2421,67,82100,2423
2020-09-15,India,NA,Punjab,27743338,2382,91,84482,2514
2020-03-20,India,NA,Rajasthan,68548437,8,0,17,0
2020-03-21,India,NA,Rajasthan,68548437,7,0,24,0
2020-03-22,India,NA,Rajasthan,68548437,4,0,28,0
2020-03-23,India,NA,Rajasthan,68548437,4,0,32,0
2020-03-24,India,NA,Rajasthan,68548437,0,0,32,0
2020-03-25,India,NA,Rajasthan,68548437,6,0,38,0
2020-03-26,India,NA,Rajasthan,68548437,2,0,40,0
2020-03-27,India,NA,Rajasthan,68548437,10,0,50,0
2020-03-28,India,NA,Rajasthan,68548437,4,0,54,0
2020-03-29,India,NA,Rajasthan,68548437,5,0,59,0
2020-03-30,India,NA,Rajasthan,68548437,20,0,79,0
2020-03-31,India,NA,Rajasthan,68548437,14,0,93,0
2020-04-01,India,NA,Rajasthan,68548437,27,0,120,0
2020-04-02,India,NA,Rajasthan,68548437,13,0,133,0
2020-04-03,India,NA,Rajasthan,68548437,46,0,179,0
2020-04-04,India,NA,Rajasthan,68548437,27,1,206,1
2020-04-05,India,NA,Rajasthan,68548437,60,0,266,1
2020-04-06,India,NA,Rajasthan,68548437,35,1,301,2
2020-04-07,India,NA,Rajasthan,68548437,42,0,343,2
2020-04-08,India,NA,Rajasthan,68548437,40,1,383,3
2020-04-09,India,NA,Rajasthan,68548437,80,0,463,3
2020-04-10,India,NA,Rajasthan,68548437,98,0,561,3
2020-04-11,India,NA,Rajasthan,68548437,139,6,700,9
2020-04-12,India,NA,Rajasthan,68548437,104,2,804,11
2020-04-13,India,NA,Rajasthan,68548437,93,0,897,11
2020-04-14,India,NA,Rajasthan,68548437,108,0,1005,11
2020-04-15,India,NA,Rajasthan,68548437,71,0,1076,11
2020-04-16,India,NA,Rajasthan,68548437,55,0,1131,11
2020-04-17,India,NA,Rajasthan,68548437,98,6,1229,17
2020-04-18,India,NA,Rajasthan,68548437,122,4,1351,21
2020-04-19,India,NA,Rajasthan,68548437,127,2,1478,23
2020-04-20,India,NA,Rajasthan,68548437,98,2,1576,25
2020-04-21,India,NA,Rajasthan,68548437,159,1,1735,26
2020-04-22,India,NA,Rajasthan,68548437,153,1,1888,27
2020-04-23,India,NA,Rajasthan,68548437,76,1,1964,28
2020-04-24,India,NA,Rajasthan,68548437,70,4,2034,32
2020-04-25,India,NA,Rajasthan,68548437,49,2,2083,34
2020-04-26,India,NA,Rajasthan,68548437,102,7,2185,41
2020-04-27,India,NA,Rajasthan,68548437,77,9,2262,50
2020-04-28,India,NA,Rajasthan,68548437,102,2,2364,52
2020-04-29,India,NA,Rajasthan,68548437,76,3,2440,55
2020-04-30,India,NA,Rajasthan,68548437,144,3,2584,58
2020-05-01,India,NA,Rajasthan,68548437,82,4,2666,62
2020-05-02,India,NA,Rajasthan,68548437,106,6,2772,68
2020-05-03,India,NA,Rajasthan,68548437,114,3,2886,71
2020-05-04,India,NA,Rajasthan,68548437,175,6,3061,77
2020-05-05,India,NA,Rajasthan,68548437,97,12,3158,89
2020-05-06,India,NA,Rajasthan,68548437,159,4,3317,93
2020-05-07,India,NA,Rajasthan,68548437,110,6,3427,99
2020-05-08,India,NA,Rajasthan,68548437,152,4,3579,103
2020-05-09,India,NA,Rajasthan,68548437,129,3,3708,106
2020-05-10,India,NA,Rajasthan,68548437,106,2,3814,108
2020-05-11,India,NA,Rajasthan,68548437,174,5,3988,113
2020-05-12,India,NA,Rajasthan,68548437,138,4,4126,117
2020-05-13,India,NA,Rajasthan,68548437,202,4,4328,121
2020-05-14,India,NA,Rajasthan,68548437,206,4,4534,125
2020-05-15,India,NA,Rajasthan,68548437,213,0,4747,125
2020-05-16,India,NA,Rajasthan,68548437,213,1,4960,126
2020-05-17,India,NA,Rajasthan,68548437,242,5,5202,131
2020-05-18,India,NA,Rajasthan,68548437,305,7,5507,138
2020-05-19,India,NA,Rajasthan,68548437,338,5,5845,143
2020-05-20,India,NA,Rajasthan,68548437,170,4,6015,147
2020-05-21,India,NA,Rajasthan,68548437,212,4,6227,151
2020-05-22,India,NA,Rajasthan,68548437,267,2,6494,153
2020-05-23,India,NA,Rajasthan,68548437,248,7,6742,160
2020-05-24,India,NA,Rajasthan,68548437,286,3,7028,163
2020-05-25,India,NA,Rajasthan,68548437,272,4,7300,167
2020-05-26,India,NA,Rajasthan,68548437,236,3,7536,170
2020-05-27,India,NA,Rajasthan,68548437,280,3,7816,173
2020-05-28,India,NA,Rajasthan,68548437,251,7,8067,180
2020-05-29,India,NA,Rajasthan,68548437,298,4,8365,184
2020-05-30,India,NA,Rajasthan,68548437,252,9,8617,193
2020-05-31,India,NA,Rajasthan,68548437,214,1,8831,194
2020-06-01,India,NA,Rajasthan,68548437,269,5,9100,199
2020-06-02,India,NA,Rajasthan,68548437,273,4,9373,203
2020-06-03,India,NA,Rajasthan,68548437,279,6,9652,209
2020-06-04,India,NA,Rajasthan,68548437,210,4,9862,213
2020-06-05,India,NA,Rajasthan,68548437,222,5,10084,218
2020-06-06,India,NA,Rajasthan,68548437,253,13,10337,231
2020-06-07,India,NA,Rajasthan,68548437,262,9,10599,240
2020-06-08,India,NA,Rajasthan,68548437,277,6,10876,246
2020-06-09,India,NA,Rajasthan,68548437,369,9,11245,255
2020-06-10,India,NA,Rajasthan,68548437,355,4,11600,259
2020-06-11,India,NA,Rajasthan,68548437,238,6,11838,265
2020-06-12,India,NA,Rajasthan,68548437,230,7,12068,272
2020-06-13,India,NA,Rajasthan,68548437,333,10,12401,282
2020-06-14,India,NA,Rajasthan,68548437,293,10,12694,292
2020-06-15,India,NA,Rajasthan,68548437,287,9,12981,301
2020-06-16,India,NA,Rajasthan,68548437,235,7,13216,308
2020-06-17,India,NA,Rajasthan,68548437,326,5,13542,313
2020-06-18,India,NA,Rajasthan,68548437,315,17,13857,330
2020-06-19,India,NA,Rajasthan,68548437,299,3,14156,333
2020-06-20,India,NA,Rajasthan,68548437,381,4,14537,337
2020-06-21,India,NA,Rajasthan,68548437,393,12,14930,349
2020-06-22,India,NA,Rajasthan,68548437,302,7,15232,356
2020-06-23,India,NA,Rajasthan,68548437,395,9,15627,365
2020-06-24,India,NA,Rajasthan,68548437,382,10,16009,375
2020-06-25,India,NA,Rajasthan,68548437,287,4,16296,379
2020-06-26,India,NA,Rajasthan,68548437,364,1,16660,380
2020-06-27,India,NA,Rajasthan,68548437,284,11,16944,391
2020-06-28,India,NA,Rajasthan,68548437,327,8,17271,399
2020-06-29,India,NA,Rajasthan,68548437,389,6,17660,405
2020-06-30,India,NA,Rajasthan,68548437,348,8,18008,413
2020-07-01,India,NA,Rajasthan,68548437,304,8,18312,421
2020-07-02,India,NA,Rajasthan,68548437,350,9,18662,430
2020-07-03,India,NA,Rajasthan,68548437,390,10,19052,440
2020-07-04,India,NA,Rajasthan,68548437,480,7,19532,447
2020-07-05,India,NA,Rajasthan,68548437,632,9,20164,456
2020-07-06,India,NA,Rajasthan,68548437,524,5,20688,461
2020-07-07,India,NA,Rajasthan,68548437,716,11,21404,472
2020-07-08,India,NA,Rajasthan,68548437,659,10,22063,482
2020-07-09,India,NA,Rajasthan,68548437,500,9,22563,491
2020-07-10,India,NA,Rajasthan,68548437,611,6,23174,497
2020-07-11,India,NA,Rajasthan,68548437,574,6,23748,503
2020-07-12,India,NA,Rajasthan,68548437,644,7,24392,510
2020-07-13,India,NA,Rajasthan,68548437,544,8,24936,518
2020-07-14,India,NA,Rajasthan,68548437,635,6,25571,524
2020-07-15,India,NA,Rajasthan,68548437,866,6,26437,530
2020-07-16,India,NA,Rajasthan,68548437,737,8,27174,538
2020-07-17,India,NA,Rajasthan,68548437,615,8,27789,546
2020-07-18,India,NA,Rajasthan,68548437,711,7,28500,553
2020-07-19,India,NA,Rajasthan,68548437,934,6,29434,559
2020-07-20,India,NA,Rajasthan,68548437,956,9,30390,568
2020-07-21,India,NA,Rajasthan,68548437,983,9,31373,577
2020-07-22,India,NA,Rajasthan,68548437,961,6,32334,583
2020-07-23,India,NA,Rajasthan,68548437,886,11,33220,594
2020-07-24,India,NA,Rajasthan,68548437,958,8,34178,602
2020-07-25,India,NA,Rajasthan,68548437,1120,11,35298,613
2020-07-26,India,NA,Rajasthan,68548437,1132,11,36430,624
2020-07-27,India,NA,Rajasthan,68548437,1134,9,37564,633
2020-07-28,India,NA,Rajasthan,68548437,1072,11,38636,644
2020-07-29,India,NA,Rajasthan,68548437,1144,10,39780,654
2020-07-30,India,NA,Rajasthan,68548437,1156,13,40936,667
2020-07-31,India,NA,Rajasthan,68548437,1147,13,42083,680
2020-08-01,India,NA,Rajasthan,68548437,1160,14,43243,694
2020-08-02,India,NA,Rajasthan,68548437,1167,12,44410,706
2020-08-03,India,NA,Rajasthan,68548437,1145,13,45555,719
2020-08-04,India,NA,Rajasthan,68548437,1124,13,46679,732
2020-08-05,India,NA,Rajasthan,68548437,1166,13,47845,745
2020-08-06,India,NA,Rajasthan,68548437,1151,12,48996,757
2020-08-07,India,NA,Rajasthan,68548437,1161,10,50157,767
2020-08-08,India,NA,Rajasthan,68548437,1171,11,51328,778
2020-08-09,India,NA,Rajasthan,68548437,1169,11,52497,789
2020-08-10,India,NA,Rajasthan,68548437,1173,11,53670,800
2020-08-11,India,NA,Rajasthan,68548437,1217,11,54887,811
2020-08-12,India,NA,Rajasthan,68548437,1213,11,56100,822
2020-08-13,India,NA,Rajasthan,68548437,1314,11,57414,833
2020-08-14,India,NA,Rajasthan,68548437,1278,13,58692,846
2020-08-15,India,NA,Rajasthan,68548437,1287,16,59979,862
2020-08-16,India,NA,Rajasthan,68548437,1317,14,61296,876
2020-08-17,India,NA,Rajasthan,68548437,1334,11,62630,887
2020-08-18,India,NA,Rajasthan,68548437,1347,11,63977,898
2020-08-19,India,NA,Rajasthan,68548437,1312,12,65289,910
2020-08-20,India,NA,Rajasthan,68548437,1330,11,66619,921
2020-08-21,India,NA,Rajasthan,68548437,1335,12,67954,933
2020-08-22,India,NA,Rajasthan,68548437,1310,11,69264,944
2020-08-23,India,NA,Rajasthan,68548437,1345,11,70609,955
2020-08-24,India,NA,Rajasthan,68548437,1346,12,71955,967
2020-08-25,India,NA,Rajasthan,68548437,1370,13,73325,980
2020-08-26,India,NA,Rajasthan,68548437,1345,12,74670,992
2020-08-27,India,NA,Rajasthan,68548437,1345,13,76015,1005
2020-08-28,India,NA,Rajasthan,68548437,1355,12,77370,1017
2020-08-29,India,NA,Rajasthan,68548437,1407,13,78777,1030
2020-08-30,India,NA,Rajasthan,68548437,1450,13,80227,1043
2020-08-31,India,NA,Rajasthan,68548437,1466,13,81693,1056
2020-09-01,India,NA,Rajasthan,68548437,1470,13,83163,1069
2020-09-02,India,NA,Rajasthan,68548437,1511,12,84674,1081
2020-09-03,India,NA,Rajasthan,68548437,1553,14,86227,1095
2020-09-04,India,NA,Rajasthan,68548437,1570,13,87797,1108
2020-09-05,India,NA,Rajasthan,68548437,1566,14,89363,1122
2020-09-06,India,NA,Rajasthan,68548437,1593,15,90956,1137
2020-09-07,India,NA,Rajasthan,68548437,1580,14,92536,1151
2020-09-08,India,NA,Rajasthan,68548437,1590,13,94126,1164
2020-09-09,India,NA,Rajasthan,68548437,1610,14,95736,1178
2020-09-10,India,NA,Rajasthan,68548437,1640,14,97376,1192
2020-09-11,India,NA,Rajasthan,68548437,1660,15,99036,1207
2020-09-12,India,NA,Rajasthan,68548437,1669,14,100705,1221
2020-09-13,India,NA,Rajasthan,68548437,1703,15,102408,1236
2020-09-14,India,NA,Rajasthan,68548437,1730,14,104138,1250
2020-09-15,India,NA,Rajasthan,68548437,1760,14,105898,1264
2020-06-09,India,NA,Sikkim,611000,6,0,13,0
2020-06-10,India,NA,Sikkim,611000,0,0,13,0
2020-06-11,India,NA,Sikkim,611000,0,0,13,0
2020-06-12,India,NA,Sikkim,611000,50,0,63,0
2020-06-13,India,NA,Sikkim,611000,0,0,63,0
2020-06-14,India,NA,Sikkim,611000,5,0,68,0
2020-06-15,India,NA,Sikkim,611000,0,0,68,0
2020-06-16,India,NA,Sikkim,611000,0,0,68,0
2020-06-17,India,NA,Sikkim,611000,2,0,70,0
2020-06-18,India,NA,Sikkim,611000,0,0,70,0
2020-06-19,India,NA,Sikkim,611000,0,0,70,0
2020-06-20,India,NA,Sikkim,611000,0,0,70,0
2020-06-21,India,NA,Sikkim,611000,8,0,78,0
2020-06-22,India,NA,Sikkim,611000,0,0,78,0
2020-06-23,India,NA,Sikkim,611000,1,0,79,0
2020-06-24,India,NA,Sikkim,611000,4,0,83,0
2020-06-25,India,NA,Sikkim,611000,2,0,85,0
2020-06-26,India,NA,Sikkim,611000,2,0,87,0
2020-06-27,India,NA,Sikkim,611000,0,0,87,0
2020-06-28,India,NA,Sikkim,611000,1,0,88,0
2020-06-29,India,NA,Sikkim,611000,0,0,88,0
2020-06-30,India,NA,Sikkim,611000,0,0,88,0
2020-07-01,India,NA,Sikkim,611000,1,0,89,0
2020-07-02,India,NA,Sikkim,611000,12,0,101,0
2020-07-03,India,NA,Sikkim,611000,1,0,102,0
2020-07-04,India,NA,Sikkim,611000,1,0,103,0
2020-07-05,India,NA,Sikkim,611000,22,0,125,0
2020-07-06,India,NA,Sikkim,611000,0,0,125,0
2020-07-07,India,NA,Sikkim,611000,2,0,127,0
2020-07-08,India,NA,Sikkim,611000,6,0,133,0
2020-07-09,India,NA,Sikkim,611000,1,0,134,0
2020-07-10,India,NA,Sikkim,611000,0,0,134,0
2020-07-11,India,NA,Sikkim,611000,26,0,160,0
2020-07-12,India,NA,Sikkim,611000,4,0,164,0
2020-07-13,India,NA,Sikkim,611000,2,0,166,0
2020-07-14,India,NA,Sikkim,611000,45,0,211,0
2020-07-15,India,NA,Sikkim,611000,11,0,222,0
2020-07-16,India,NA,Sikkim,611000,13,0,235,0
2020-07-17,India,NA,Sikkim,611000,32,0,267,0
2020-07-18,India,NA,Sikkim,611000,19,0,286,0
2020-07-19,India,NA,Sikkim,611000,10,0,296,0
2020-07-20,India,NA,Sikkim,611000,22,0,318,0
2020-07-21,India,NA,Sikkim,611000,25,0,343,0
2020-07-22,India,NA,Sikkim,611000,108,0,451,0
2020-07-23,India,NA,Sikkim,611000,22,0,473,0
2020-07-24,India,NA,Sikkim,611000,17,0,490,0
2020-07-25,India,NA,Sikkim,611000,22,0,512,0
2020-07-26,India,NA,Sikkim,611000,46,1,558,1
2020-07-27,India,NA,Sikkim,611000,10,0,568,1
2020-07-28,India,NA,Sikkim,611000,24,0,592,1
2020-07-29,India,NA,Sikkim,611000,17,0,609,1
2020-07-30,India,NA,Sikkim,611000,14,0,623,1
2020-07-31,India,NA,Sikkim,611000,29,0,652,1
2020-08-01,India,NA,Sikkim,611000,11,0,663,1
2020-08-02,India,NA,Sikkim,611000,8,0,671,1
2020-08-03,India,NA,Sikkim,611000,30,0,701,1
2020-08-04,India,NA,Sikkim,611000,95,0,796,1
2020-08-05,India,NA,Sikkim,611000,17,0,813,1
2020-08-06,India,NA,Sikkim,611000,29,0,842,1
2020-08-07,India,NA,Sikkim,611000,25,0,867,1
2020-08-08,India,NA,Sikkim,611000,6,0,873,1
2020-08-09,India,NA,Sikkim,611000,6,0,879,1
2020-08-10,India,NA,Sikkim,611000,44,0,923,1
2020-08-11,India,NA,Sikkim,611000,3,0,926,1
2020-08-12,India,NA,Sikkim,611000,17,0,943,1
2020-08-13,India,NA,Sikkim,611000,1,0,944,1
2020-08-14,India,NA,Sikkim,611000,149,0,1093,1
2020-08-15,India,NA,Sikkim,611000,68,0,1161,1
2020-08-16,India,NA,Sikkim,611000,19,0,1180,1
2020-08-17,India,NA,Sikkim,611000,20,0,1200,1
2020-08-18,India,NA,Sikkim,611000,20,1,1220,2
2020-08-19,India,NA,Sikkim,611000,25,1,1245,3
2020-08-20,India,NA,Sikkim,611000,58,0,1303,3
2020-08-21,India,NA,Sikkim,611000,46,0,1349,3
2020-08-22,India,NA,Sikkim,611000,45,0,1394,3
2020-08-23,India,NA,Sikkim,611000,22,0,1416,3
2020-08-24,India,NA,Sikkim,611000,43,0,1459,3
2020-08-25,India,NA,Sikkim,611000,29,0,1488,3
2020-08-26,India,NA,Sikkim,611000,11,0,1499,3
2020-08-27,India,NA,Sikkim,611000,56,0,1555,3
2020-08-28,India,NA,Sikkim,611000,34,0,1589,3
2020-08-29,India,NA,Sikkim,611000,26,0,1615,3
2020-08-30,India,NA,Sikkim,611000,25,0,1640,3
2020-08-31,India,NA,Sikkim,611000,25,0,1665,3
2020-09-01,India,NA,Sikkim,611000,18,1,1683,4
2020-09-02,India,NA,Sikkim,611000,34,0,1717,4
2020-09-03,India,NA,Sikkim,611000,34,1,1751,5
2020-09-04,India,NA,Sikkim,611000,105,0,1856,5
2020-09-05,India,NA,Sikkim,611000,58,0,1914,5
2020-09-06,India,NA,Sikkim,611000,9,0,1923,5
2020-09-07,India,NA,Sikkim,611000,29,0,1952,5
2020-09-08,India,NA,Sikkim,611000,19,2,1971,7
2020-09-09,India,NA,Sikkim,611000,31,0,2002,7
2020-09-10,India,NA,Sikkim,611000,20,0,2022,7
2020-09-11,India,NA,Sikkim,611000,17,4,2039,11
2020-09-12,India,NA,Sikkim,611000,29,2,2068,13
2020-09-13,India,NA,Sikkim,611000,0,0,2068,13
2020-09-14,India,NA,Sikkim,611000,33,0,2101,13
2020-09-15,India,NA,Sikkim,611000,54,4,2155,17
2020-03-23,India,NA,Tamil Nadu,72147030,3,0,12,0
2020-03-24,India,NA,Tamil Nadu,72147030,6,1,18,1
2020-03-25,India,NA,Tamil Nadu,72147030,8,0,26,1
2020-03-26,India,NA,Tamil Nadu,72147030,3,0,29,1
2020-03-27,India,NA,Tamil Nadu,72147030,9,0,38,1
2020-03-28,India,NA,Tamil Nadu,72147030,4,0,42,1
2020-03-29,India,NA,Tamil Nadu,72147030,8,0,50,1
2020-03-30,India,NA,Tamil Nadu,72147030,17,0,67,1
2020-03-31,India,NA,Tamil Nadu,72147030,57,0,124,1
2020-04-01,India,NA,Tamil Nadu,72147030,110,0,234,1
2020-04-02,India,NA,Tamil Nadu,72147030,75,0,309,1
2020-04-03,India,NA,Tamil Nadu,72147030,102,0,411,1
2020-04-04,India,NA,Tamil Nadu,72147030,74,2,485,3
2020-04-05,India,NA,Tamil Nadu,72147030,86,2,571,5
2020-04-06,India,NA,Tamil Nadu,72147030,50,1,621,6
2020-04-07,India,NA,Tamil Nadu,72147030,69,1,690,7
2020-04-08,India,NA,Tamil Nadu,72147030,48,1,738,8
2020-04-09,India,NA,Tamil Nadu,72147030,96,0,834,8
2020-04-10,India,NA,Tamil Nadu,72147030,77,1,911,9
2020-04-11,India,NA,Tamil Nadu,72147030,58,1,969,10
2020-04-12,India,NA,Tamil Nadu,72147030,106,1,1075,11
2020-04-13,India,NA,Tamil Nadu,72147030,98,0,1173,11
2020-04-14,India,NA,Tamil Nadu,72147030,31,1,1204,12
2020-04-15,India,NA,Tamil Nadu,72147030,38,2,1242,14
2020-04-16,India,NA,Tamil Nadu,72147030,25,1,1267,15
2020-04-17,India,NA,Tamil Nadu,72147030,56,0,1323,15
2020-04-18,India,NA,Tamil Nadu,72147030,49,0,1372,15
2020-04-19,India,NA,Tamil Nadu,72147030,105,0,1477,15
2020-04-20,India,NA,Tamil Nadu,72147030,43,2,1520,17
2020-04-21,India,NA,Tamil Nadu,72147030,76,1,1596,18
2020-04-22,India,NA,Tamil Nadu,72147030,33,0,1629,18
2020-04-23,India,NA,Tamil Nadu,72147030,54,2,1683,20
2020-04-24,India,NA,Tamil Nadu,72147030,72,2,1755,22
2020-04-25,India,NA,Tamil Nadu,72147030,66,1,1821,23
2020-04-26,India,NA,Tamil Nadu,72147030,64,1,1885,24
2020-04-27,India,NA,Tamil Nadu,72147030,52,0,1937,24
2020-04-28,India,NA,Tamil Nadu,72147030,121,1,2058,25
2020-04-29,India,NA,Tamil Nadu,72147030,104,2,2162,27
2020-04-30,India,NA,Tamil Nadu,72147030,161,0,2323,27
2020-05-01,India,NA,Tamil Nadu,72147030,203,1,2526,28
2020-05-02,India,NA,Tamil Nadu,72147030,231,1,2757,29
2020-05-03,India,NA,Tamil Nadu,72147030,266,1,3023,30
2020-05-04,India,NA,Tamil Nadu,72147030,527,1,3550,31
2020-05-05,India,NA,Tamil Nadu,72147030,508,2,4058,33
2020-05-06,India,NA,Tamil Nadu,72147030,771,2,4829,35
2020-05-07,India,NA,Tamil Nadu,72147030,580,2,5409,37
2020-05-08,India,NA,Tamil Nadu,72147030,600,3,6009,40
2020-05-09,India,NA,Tamil Nadu,72147030,526,4,6535,44
2020-05-10,India,NA,Tamil Nadu,72147030,669,3,7204,47
2020-05-11,India,NA,Tamil Nadu,72147030,798,6,8002,53
2020-05-12,India,NA,Tamil Nadu,72147030,716,8,8718,61
2020-05-13,India,NA,Tamil Nadu,72147030,509,3,9227,64
2020-05-14,India,NA,Tamil Nadu,72147030,447,2,9674,66
2020-05-15,India,NA,Tamil Nadu,72147030,434,5,10108,71
2020-05-16,India,NA,Tamil Nadu,72147030,477,4,10585,75
2020-05-17,India,NA,Tamil Nadu,72147030,639,4,11224,79
2020-05-18,India,NA,Tamil Nadu,72147030,536,3,11760,82
2020-05-19,India,NA,Tamil Nadu,72147030,688,3,12448,85
2020-05-20,India,NA,Tamil Nadu,72147030,743,3,13191,88
2020-05-21,India,NA,Tamil Nadu,72147030,776,7,13967,95
2020-05-22,India,NA,Tamil Nadu,72147030,786,4,14753,99
2020-05-23,India,NA,Tamil Nadu,72147030,759,5,15512,104
2020-05-24,India,NA,Tamil Nadu,72147030,765,8,16277,112
2020-05-25,India,NA,Tamil Nadu,72147030,805,7,17082,119
2020-05-26,India,NA,Tamil Nadu,72147030,646,11,17728,130
2020-05-27,India,NA,Tamil Nadu,72147030,817,6,18545,136
2020-05-28,India,NA,Tamil Nadu,72147030,827,12,19372,148
2020-05-29,India,NA,Tamil Nadu,72147030,874,9,20246,157
2020-05-30,India,NA,Tamil Nadu,72147030,938,6,21184,163
2020-05-31,India,NA,Tamil Nadu,72147030,1149,13,22333,176
2020-06-01,India,NA,Tamil Nadu,72147030,1162,11,23495,187
2020-06-02,India,NA,Tamil Nadu,72147030,1091,13,24586,200
2020-06-03,India,NA,Tamil Nadu,72147030,1286,8,25872,208
2020-06-04,India,NA,Tamil Nadu,72147030,1384,15,27256,223
2020-06-05,India,NA,Tamil Nadu,72147030,1438,12,28694,235
2020-06-06,India,NA,Tamil Nadu,72147030,1458,19,30152,254
2020-06-07,India,NA,Tamil Nadu,72147030,1515,18,31667,272
2020-06-08,India,NA,Tamil Nadu,72147030,1562,17,33229,289
2020-06-09,India,NA,Tamil Nadu,72147030,1685,18,34914,307
2020-06-10,India,NA,Tamil Nadu,72147030,1927,19,36841,326
2020-06-11,India,NA,Tamil Nadu,72147030,1875,23,38716,349
2020-06-12,India,NA,Tamil Nadu,72147030,1982,18,40698,367
2020-06-13,India,NA,Tamil Nadu,72147030,1989,30,42687,397
2020-06-14,India,NA,Tamil Nadu,72147030,1974,38,44661,435
2020-06-15,India,NA,Tamil Nadu,72147030,1843,44,46504,479
2020-06-16,India,NA,Tamil Nadu,72147030,1515,49,48019,528
2020-06-17,India,NA,Tamil Nadu,72147030,2174,48,50193,576
2020-06-18,India,NA,Tamil Nadu,72147030,2141,49,52334,625
2020-06-19,India,NA,Tamil Nadu,72147030,2115,41,54449,666
2020-06-20,India,NA,Tamil Nadu,72147030,2396,38,56845,704
2020-06-21,India,NA,Tamil Nadu,72147030,2532,53,59377,757
2020-06-22,India,NA,Tamil Nadu,72147030,2710,37,62087,794
2020-06-23,India,NA,Tamil Nadu,72147030,2516,39,64603,833
2020-06-24,India,NA,Tamil Nadu,72147030,2865,33,67468,866
2020-06-25,India,NA,Tamil Nadu,72147030,3509,45,70977,911
2020-06-26,India,NA,Tamil Nadu,72147030,3645,46,74622,957
2020-06-27,India,NA,Tamil Nadu,72147030,3713,68,78335,1025
2020-06-28,India,NA,Tamil Nadu,72147030,3940,54,82275,1079
2020-06-29,India,NA,Tamil Nadu,72147030,3949,62,86224,1141
2020-06-30,India,NA,Tamil Nadu,72147030,3943,60,90167,1201
2020-07-01,India,NA,Tamil Nadu,72147030,3882,63,94049,1264
2020-07-02,India,NA,Tamil Nadu,72147030,4343,57,98392,1321
2020-07-03,India,NA,Tamil Nadu,72147030,4329,64,102721,1385
2020-07-04,India,NA,Tamil Nadu,72147030,4280,65,107001,1450
2020-07-05,India,NA,Tamil Nadu,72147030,4150,60,111151,1510
2020-07-06,India,NA,Tamil Nadu,72147030,3827,61,114978,1571
2020-07-07,India,NA,Tamil Nadu,72147030,3616,65,118594,1636
2020-07-08,India,NA,Tamil Nadu,72147030,3756,64,122350,1700
2020-07-09,India,NA,Tamil Nadu,72147030,4231,65,126581,1765
2020-07-10,India,NA,Tamil Nadu,72147030,3680,64,130261,1829
2020-07-11,India,NA,Tamil Nadu,72147030,3965,69,134226,1898
2020-07-12,India,NA,Tamil Nadu,72147030,4244,68,138470,1966
2020-07-13,India,NA,Tamil Nadu,72147030,4328,66,142798,2032
2020-07-14,India,NA,Tamil Nadu,72147030,4526,67,147324,2099
2020-07-15,India,NA,Tamil Nadu,72147030,4496,68,151820,2167
2020-07-16,India,NA,Tamil Nadu,72147030,4549,69,156369,2236
2020-07-17,India,NA,Tamil Nadu,72147030,4538,79,160907,2315
2020-07-18,India,NA,Tamil Nadu,72147030,4807,88,165714,2403
2020-07-19,India,NA,Tamil Nadu,72147030,4979,78,170693,2481
2020-07-20,India,NA,Tamil Nadu,72147030,4985,70,175678,2551
2020-07-21,India,NA,Tamil Nadu,72147030,4965,75,180643,2626
2020-07-22,India,NA,Tamil Nadu,72147030,5849,518,186492,3144
2020-07-23,India,NA,Tamil Nadu,72147030,6472,88,192964,3232
2020-07-24,India,NA,Tamil Nadu,72147030,6785,88,199749,3320
2020-07-25,India,NA,Tamil Nadu,72147030,6988,89,206737,3409
2020-07-26,India,NA,Tamil Nadu,72147030,6986,85,213723,3494
2020-07-27,India,NA,Tamil Nadu,72147030,6993,77,220716,3571
2020-07-28,India,NA,Tamil Nadu,72147030,6972,88,227688,3659
2020-07-29,India,NA,Tamil Nadu,72147030,6426,82,234114,3741
2020-07-30,India,NA,Tamil Nadu,72147030,5864,100,239978,3841
2020-07-31,India,NA,Tamil Nadu,72147030,5881,94,245859,3935
2020-08-01,India,NA,Tamil Nadu,72147030,5879,99,251738,4034
2020-08-02,India,NA,Tamil Nadu,72147030,5875,98,257613,4132
2020-08-03,India,NA,Tamil Nadu,72147030,5609,109,263222,4241
2020-08-04,India,NA,Tamil Nadu,72147030,5063,108,268285,4349
2020-08-05,India,NA,Tamil Nadu,72147030,5175,112,273460,4461
2020-08-06,India,NA,Tamil Nadu,72147030,5684,110,279144,4571
2020-08-07,India,NA,Tamil Nadu,72147030,5880,119,285024,4690
2020-08-08,India,NA,Tamil Nadu,72147030,5883,118,290907,4808
2020-08-09,India,NA,Tamil Nadu,72147030,5994,119,296901,4927
2020-08-10,India,NA,Tamil Nadu,72147030,5914,114,302815,5041
2020-08-11,India,NA,Tamil Nadu,72147030,5834,118,308649,5159
2020-08-12,India,NA,Tamil Nadu,72147030,5871,119,314520,5278
2020-08-13,India,NA,Tamil Nadu,72147030,5835,119,320355,5397
2020-08-14,India,NA,Tamil Nadu,72147030,5890,117,326245,5514
2020-08-15,India,NA,Tamil Nadu,72147030,5860,127,332105,5641
2020-08-16,India,NA,Tamil Nadu,72147030,5950,125,338055,5766
2020-08-17,India,NA,Tamil Nadu,72147030,5890,120,343945,5886
2020-08-18,India,NA,Tamil Nadu,72147030,5709,121,349654,6007
2020-08-19,India,NA,Tamil Nadu,72147030,5795,116,355449,6123
2020-08-20,India,NA,Tamil Nadu,72147030,5986,116,361435,6239
2020-08-21,India,NA,Tamil Nadu,72147030,5995,101,367430,6340
2020-08-22,India,NA,Tamil Nadu,72147030,5980,80,373410,6420
2020-08-23,India,NA,Tamil Nadu,72147030,5975,97,379385,6517
2020-08-24,India,NA,Tamil Nadu,72147030,5967,97,385352,6614
2020-08-25,India,NA,Tamil Nadu,72147030,5951,107,391303,6721
2020-08-26,India,NA,Tamil Nadu,72147030,5958,118,397261,6839
2020-08-27,India,NA,Tamil Nadu,72147030,5981,109,403242,6948
2020-08-28,India,NA,Tamil Nadu,72147030,5996,102,409238,7050
2020-08-29,India,NA,Tamil Nadu,72147030,6352,87,415590,7137
2020-08-30,India,NA,Tamil Nadu,72147030,6495,94,422085,7231
2020-08-31,India,NA,Tamil Nadu,72147030,5956,91,428041,7322
2020-09-01,India,NA,Tamil Nadu,72147030,5928,96,433969,7418
2020-09-02,India,NA,Tamil Nadu,72147030,5990,98,439959,7516
2020-09-03,India,NA,Tamil Nadu,72147030,5892,92,445851,7608
2020-09-04,India,NA,Tamil Nadu,72147030,5976,79,451827,7687
2020-09-05,India,NA,Tamil Nadu,72147030,5870,64,457697,7751
2020-09-06,India,NA,Tamil Nadu,72147030,5783,85,463480,7836
2020-09-07,India,NA,Tamil Nadu,72147030,5776,89,469256,7925
2020-09-08,India,NA,Tamil Nadu,72147030,5684,87,474940,8012
2020-09-09,India,NA,Tamil Nadu,72147030,5584,78,480524,8090
2020-09-10,India,NA,Tamil Nadu,72147030,5528,64,486052,8154
2020-09-11,India,NA,Tamil Nadu,72147030,5519,77,491571,8231
2020-09-12,India,NA,Tamil Nadu,72147030,5495,76,497066,8307
2020-09-13,India,NA,Tamil Nadu,72147030,5693,74,502759,8381
2020-09-14,India,NA,Tamil Nadu,72147030,5752,53,508511,8434
2020-09-15,India,NA,Tamil Nadu,72147030,5697,68,514208,8502
2020-03-18,India,NA,Telangana,35193978,8,0,13,0
2020-03-19,India,NA,Telangana,35193978,3,0,16,0
2020-03-20,India,NA,Telangana,35193978,3,0,19,0
2020-03-21,India,NA,Telangana,35193978,2,0,21,0
2020-03-22,India,NA,Telangana,35193978,6,0,27,0
2020-03-23,India,NA,Telangana,35193978,6,0,33,0
2020-03-24,India,NA,Telangana,35193978,4,0,37,0
2020-03-25,India,NA,Telangana,35193978,4,0,41,0
2020-03-26,India,NA,Telangana,35193978,3,0,44,0
2020-03-27,India,NA,Telangana,35193978,15,0,59,0
2020-03-28,India,NA,Telangana,35193978,8,1,67,1
2020-03-29,India,NA,Telangana,35193978,3,0,70,1
2020-03-30,India,NA,Telangana,35193978,7,5,77,6
2020-03-31,India,NA,Telangana,35193978,20,0,97,6
2020-04-01,India,NA,Telangana,35193978,30,3,127,9
2020-04-02,India,NA,Telangana,35193978,27,0,154,9
2020-04-03,India,NA,Telangana,35193978,75,2,229,11
2020-04-04,India,NA,Telangana,35193978,43,0,272,11
2020-04-05,India,NA,Telangana,35193978,62,0,334,11
2020-04-06,India,NA,Telangana,35193978,30,0,364,11
2020-04-07,India,NA,Telangana,35193978,40,0,404,11
2020-04-08,India,NA,Telangana,35193978,49,0,453,11
2020-04-09,India,NA,Telangana,35193978,18,1,471,12
2020-04-10,India,NA,Telangana,35193978,16,0,487,12
2020-04-11,India,NA,Telangana,35193978,16,2,503,14
2020-04-12,India,NA,Telangana,35193978,28,2,531,16
2020-04-13,India,NA,Telangana,35193978,61,1,592,17
2020-04-14,India,NA,Telangana,35193978,52,1,644,18
2020-04-15,India,NA,Telangana,35193978,6,0,650,18
2020-04-16,India,NA,Telangana,35193978,50,0,700,18
2020-04-17,India,NA,Telangana,35193978,66,0,766,18
2020-04-18,India,NA,Telangana,35193978,43,0,809,18
2020-04-19,India,NA,Telangana,35193978,49,3,858,21
2020-04-20,India,NA,Telangana,35193978,14,2,872,23
2020-04-21,India,NA,Telangana,35193978,56,0,928,23
2020-04-22,India,NA,Telangana,35193978,15,1,943,24
2020-04-23,India,NA,Telangana,35193978,27,1,970,25
2020-04-24,India,NA,Telangana,35193978,13,0,983,25
2020-04-25,India,NA,Telangana,35193978,7,0,990,25
2020-04-26,India,NA,Telangana,35193978,11,0,1001,25
2020-04-27,India,NA,Telangana,35193978,2,0,1003,25
2020-04-28,India,NA,Telangana,35193978,6,0,1009,25
2020-04-29,India,NA,Telangana,35193978,7,0,1016,25
2020-04-30,India,NA,Telangana,35193978,22,3,1038,28
2020-05-01,India,NA,Telangana,35193978,6,0,1044,28
2020-05-02,India,NA,Telangana,35193978,17,1,1061,29
2020-05-03,India,NA,Telangana,35193978,21,0,1082,29
2020-05-04,India,NA,Telangana,35193978,3,0,1085,29
2020-05-05,India,NA,Telangana,35193978,11,0,1096,29
2020-05-06,India,NA,Telangana,35193978,11,0,1107,29
2020-05-07,India,NA,Telangana,35193978,15,0,1122,29
2020-05-08,India,NA,Telangana,35193978,10,0,1132,29
2020-05-09,India,NA,Telangana,35193978,31,1,1163,30
2020-05-10,India,NA,Telangana,35193978,33,0,1196,30
2020-05-11,India,NA,Telangana,35193978,79,0,1275,30
2020-05-12,India,NA,Telangana,35193978,51,2,1326,32
2020-05-13,India,NA,Telangana,35193978,41,2,1367,34
2020-05-14,India,NA,Telangana,35193978,47,0,1414,34
2020-05-15,India,NA,Telangana,35193978,40,0,1454,34
2020-05-16,India,NA,Telangana,35193978,55,0,1509,34
2020-05-17,India,NA,Telangana,35193978,42,0,1551,34
2020-05-18,India,NA,Telangana,35193978,41,0,1592,34
2020-05-19,India,NA,Telangana,35193978,42,4,1634,38
2020-05-20,India,NA,Telangana,35193978,27,2,1661,40
2020-05-21,India,NA,Telangana,35193978,38,5,1699,45
2020-05-22,India,NA,Telangana,35193978,62,3,1761,48
2020-05-23,India,NA,Telangana,35193978,52,1,1813,49
2020-05-24,India,NA,Telangana,35193978,41,4,1854,53
2020-05-25,India,NA,Telangana,35193978,66,3,1920,56
2020-05-26,India,NA,Telangana,35193978,112,1,2032,57
2020-05-27,India,NA,Telangana,35193978,107,6,2139,63
2020-05-28,India,NA,Telangana,35193978,117,4,2256,67
2020-05-29,India,NA,Telangana,35193978,169,4,2425,71
2020-05-30,India,NA,Telangana,35193978,74,6,2499,77
2020-05-31,India,NA,Telangana,35193978,199,5,2698,82
2020-06-01,India,NA,Telangana,35193978,94,6,2792,88
2020-06-02,India,NA,Telangana,35193978,99,4,2891,92
2020-06-03,India,NA,Telangana,35193978,129,7,3020,99
2020-06-04,India,NA,Telangana,35193978,127,6,3147,105
2020-06-05,India,NA,Telangana,35193978,143,8,3290,113
2020-06-06,India,NA,Telangana,35193978,206,10,3496,123
2020-06-07,India,NA,Telangana,35193978,154,14,3650,137
2020-06-08,India,NA,Telangana,35193978,92,5,3742,142
2020-06-09,India,NA,Telangana,35193978,178,6,3920,148
2020-06-10,India,NA,Telangana,35193978,191,8,4111,156
2020-06-11,India,NA,Telangana,35193978,209,9,4320,165
2020-06-12,India,NA,Telangana,35193978,164,9,4484,174
2020-06-13,India,NA,Telangana,35193978,253,8,4737,182
2020-06-14,India,NA,Telangana,35193978,237,3,4974,185
2020-06-15,India,NA,Telangana,35193978,219,2,5193,187
2020-06-16,India,NA,Telangana,35193978,213,4,5406,191
2020-06-17,India,NA,Telangana,35193978,269,1,5675,192
2020-06-18,India,NA,Telangana,35193978,352,3,6027,195
2020-06-19,India,NA,Telangana,35193978,499,3,6526,198
2020-06-20,India,NA,Telangana,35193978,546,5,7072,203
2020-06-21,India,NA,Telangana,35193978,730,7,7802,210
2020-06-22,India,NA,Telangana,35193978,872,7,8674,217
2020-06-23,India,NA,Telangana,35193978,879,3,9553,220
2020-06-24,India,NA,Telangana,35193978,891,5,10444,225
2020-06-25,India,NA,Telangana,35193978,920,5,11364,230
2020-06-26,India,NA,Telangana,35193978,985,7,12349,237
2020-06-27,India,NA,Telangana,35193978,1087,6,13436,243
2020-06-28,India,NA,Telangana,35193978,983,4,14419,247
2020-06-29,India,NA,Telangana,35193978,975,6,15394,253
2020-06-30,India,NA,Telangana,35193978,945,7,16339,260
2020-07-01,India,NA,Telangana,35193978,1018,7,17357,267
2020-07-02,India,NA,Telangana,35193978,1213,8,18570,275
2020-07-03,India,NA,Telangana,35193978,1892,8,20462,283
2020-07-04,India,NA,Telangana,35193978,1850,5,22312,288
2020-07-05,India,NA,Telangana,35193978,1590,7,23902,295
2020-07-06,India,NA,Telangana,35193978,1831,11,25733,306
2020-07-07,India,NA,Telangana,35193978,1879,7,27612,313
2020-07-08,India,NA,Telangana,35193978,1924,11,29536,324
2020-07-09,India,NA,Telangana,35193978,1410,7,30946,331
2020-07-10,India,NA,Telangana,35193978,1278,8,32224,339
2020-07-11,India,NA,Telangana,35193978,1178,9,33402,348
2020-07-12,India,NA,Telangana,35193978,1269,8,34671,356
2020-07-13,India,NA,Telangana,35193978,1550,9,36221,365
2020-07-14,India,NA,Telangana,35193978,1524,10,37745,375
2020-07-15,India,NA,Telangana,35193978,1597,11,39342,386
2020-07-16,India,NA,Telangana,35193978,1676,10,41018,396
2020-07-17,India,NA,Telangana,35193978,1478,7,42496,403
2020-07-18,India,NA,Telangana,35193978,1284,6,43780,409
2020-07-19,India,NA,Telangana,35193978,1296,6,45076,415
2020-07-20,India,NA,Telangana,35193978,1198,7,46274,422
2020-07-21,India,NA,Telangana,35193978,1430,7,47704,429
2020-07-22,India,NA,Telangana,35193978,1555,9,49259,438
2020-07-23,India,NA,Telangana,35193978,1567,9,50826,447
2020-07-24,India,NA,Telangana,35193978,1640,8,52466,455
2020-07-25,India,NA,Telangana,35193978,1593,8,54059,463
2020-07-26,India,NA,Telangana,35193978,0,0,54059,463
2020-07-27,India,NA,Telangana,35193978,1473,8,55532,471
2020-07-28,India,NA,Telangana,35193978,1610,9,57142,480
2020-07-29,India,NA,Telangana,35193978,1764,12,58906,492
2020-07-30,India,NA,Telangana,35193978,1811,13,60717,505
2020-07-31,India,NA,Telangana,35193978,1986,14,62703,519
2020-08-01,India,NA,Telangana,35193978,2083,11,64786,530
2020-08-02,India,NA,Telangana,35193978,1891,10,66677,540
2020-08-03,India,NA,Telangana,35193978,983,11,67660,551
2020-08-04,India,NA,Telangana,35193978,1286,12,68946,563
2020-08-05,India,NA,Telangana,35193978,2012,13,70958,576
2020-08-06,India,NA,Telangana,35193978,2092,13,73050,589
2020-08-07,India,NA,Telangana,35193978,2207,12,75257,601
2020-08-08,India,NA,Telangana,35193978,2256,14,77513,615
2020-08-09,India,NA,Telangana,35193978,1982,12,79495,627
2020-08-10,India,NA,Telangana,35193978,1256,10,80751,637
2020-08-11,India,NA,Telangana,35193978,1896,8,82647,645
2020-08-12,India,NA,Telangana,35193978,1897,9,84544,654
2020-08-13,India,NA,Telangana,35193978,1931,11,86475,665
2020-08-14,India,NA,Telangana,35193978,1921,9,88396,674
2020-08-15,India,NA,Telangana,35193978,1863,10,90259,684
2020-08-16,India,NA,Telangana,35193978,1102,9,91361,693
2020-08-17,India,NA,Telangana,35193978,894,10,92255,703
2020-08-18,India,NA,Telangana,35193978,1682,8,93937,711
2020-08-19,India,NA,Telangana,35193978,1763,8,95700,719
2020-08-20,India,NA,Telangana,35193978,1724,10,97424,729
2020-08-21,India,NA,Telangana,35193978,1457,8,98881,737
2020-08-22,India,NA,Telangana,35193978,2474,7,101355,744
2020-08-23,India,NA,Telangana,35193978,2384,11,103739,755
2020-08-24,India,NA,Telangana,35193978,1842,6,105581,761
2020-08-25,India,NA,Telangana,35193978,2579,9,108160,770
2020-08-26,India,NA,Telangana,35193978,3018,10,111178,780
2020-08-27,India,NA,Telangana,35193978,2795,8,113973,788
2020-08-28,India,NA,Telangana,35193978,2932,11,116905,799
2020-08-29,India,NA,Telangana,35193978,2751,9,119656,808
2020-08-30,India,NA,Telangana,35193978,2924,10,122580,818
2020-08-31,India,NA,Telangana,35193978,1873,9,124453,827
2020-09-01,India,NA,Telangana,35193978,2734,9,127187,836
2020-09-02,India,NA,Telangana,35193978,2892,10,130079,846
2020-09-03,India,NA,Telangana,35193978,2817,10,132896,856
2020-09-04,India,NA,Telangana,35193978,2478,10,135374,866
2020-09-05,India,NA,Telangana,35193978,2511,11,137885,877
2020-09-06,India,NA,Telangana,35193978,2574,9,140459,886
2020-09-07,India,NA,Telangana,35193978,1802,9,142261,895
2020-09-08,India,NA,Telangana,35193978,2392,11,144653,906
2020-09-09,India,NA,Telangana,35193978,2479,10,147132,916
2020-09-10,India,NA,Telangana,35193978,2534,11,149666,927
2020-09-11,India,NA,Telangana,35193978,2426,13,152092,940
2020-09-12,India,NA,Telangana,35193978,2278,10,154370,950
2020-09-13,India,NA,Telangana,35193978,2216,11,156586,961
2020-09-14,India,NA,Telangana,35193978,1417,13,158003,974
2020-09-15,India,NA,Telangana,35193978,2058,10,160061,984
2020-05-03,India,NA,Tripura,3673917,12,0,17,0
2020-05-04,India,NA,Tripura,3673917,13,0,30,0
2020-05-05,India,NA,Tripura,3673917,13,0,43,0
2020-05-06,India,NA,Tripura,3673917,22,0,65,0
2020-05-07,India,NA,Tripura,3673917,24,0,89,0
2020-05-08,India,NA,Tripura,3673917,30,0,119,0
2020-05-09,India,NA,Tripura,3673917,17,0,136,0
2020-05-10,India,NA,Tripura,3673917,16,0,152,0
2020-05-11,India,NA,Tripura,3673917,0,0,152,0
2020-05-12,India,NA,Tripura,3673917,2,0,154,0
2020-05-13,India,NA,Tripura,3673917,1,0,155,0
2020-05-14,India,NA,Tripura,3673917,1,0,156,0
2020-05-15,India,NA,Tripura,3673917,0,0,156,0
2020-05-16,India,NA,Tripura,3673917,11,0,167,0
2020-05-17,India,NA,Tripura,3673917,0,0,167,0
2020-05-18,India,NA,Tripura,3673917,0,0,167,0
2020-05-19,India,NA,Tripura,3673917,8,0,173,0
2020-05-20,India,NA,Tripura,3673917,0,0,173,0
2020-05-21,India,NA,Tripura,3673917,2,0,175,0
2020-05-22,India,NA,Tripura,3673917,0,0,175,0
2020-05-23,India,NA,Tripura,3673917,16,0,191,0
2020-05-24,India,NA,Tripura,3673917,3,0,194,0
2020-05-25,India,NA,Tripura,3673917,4,0,198,0
2020-05-26,India,NA,Tripura,3673917,34,0,232,0
2020-05-27,India,NA,Tripura,3673917,10,0,242,0
2020-05-28,India,NA,Tripura,3673917,2,0,244,0
2020-05-29,India,NA,Tripura,3673917,10,0,254,0
2020-05-30,India,NA,Tripura,3673917,17,0,271,0
2020-05-31,India,NA,Tripura,3673917,45,0,316,0
2020-06-01,India,NA,Tripura,3673917,107,0,423,0
2020-06-02,India,NA,Tripura,3673917,48,0,471,0
2020-06-03,India,NA,Tripura,3673917,151,0,622,0
2020-06-04,India,NA,Tripura,3673917,24,0,646,0
2020-06-05,India,NA,Tripura,3673917,48,0,694,0
2020-06-06,India,NA,Tripura,3673917,55,0,749,0
2020-06-07,India,NA,Tripura,3673917,53,0,802,0
2020-06-08,India,NA,Tripura,3673917,38,0,840,0
2020-06-09,India,NA,Tripura,3673917,26,1,866,1
2020-06-10,India,NA,Tripura,3673917,31,0,897,1
2020-06-11,India,NA,Tripura,3673917,25,0,922,1
2020-06-12,India,NA,Tripura,3673917,41,0,963,1
2020-06-13,India,NA,Tripura,3673917,83,0,1046,1
2020-06-14,India,NA,Tripura,3673917,33,0,1079,1
2020-06-15,India,NA,Tripura,3673917,10,0,1089,1
2020-06-16,India,NA,Tripura,3673917,1,0,1090,1
2020-06-17,India,NA,Tripura,3673917,43,0,1133,1
2020-06-18,India,NA,Tripura,3673917,21,0,1154,1
2020-06-19,India,NA,Tripura,3673917,27,0,1181,1
2020-06-20,India,NA,Tripura,3673917,8,0,1189,1
2020-06-21,India,NA,Tripura,3673917,35,0,1224,1
2020-06-22,India,NA,Tripura,3673917,16,0,1240,1
2020-06-23,India,NA,Tripura,3673917,23,0,1263,1
2020-06-24,India,NA,Tripura,3673917,0,0,1263,1
2020-06-25,India,NA,Tripura,3673917,32,0,1295,1
2020-06-26,India,NA,Tripura,3673917,35,0,1330,1
2020-06-27,India,NA,Tripura,3673917,9,0,1339,1
2020-06-28,India,NA,Tripura,3673917,12,0,1351,1
2020-06-29,India,NA,Tripura,3673917,34,0,1385,1
2020-06-30,India,NA,Tripura,3673917,8,0,1393,1
2020-07-01,India,NA,Tripura,3673917,8,0,1401,1
2020-07-02,India,NA,Tripura,3673917,39,0,1440,1
2020-07-03,India,NA,Tripura,3673917,93,0,1533,1
2020-07-04,India,NA,Tripura,3673917,25,0,1558,1
2020-07-05,India,NA,Tripura,3673917,23,0,1581,1
2020-07-06,India,NA,Tripura,3673917,111,0,1692,1
2020-07-07,India,NA,Tripura,3673917,24,0,1716,1
2020-07-08,India,NA,Tripura,3673917,57,0,1773,1
2020-07-09,India,NA,Tripura,3673917,16,0,1789,1
2020-07-10,India,NA,Tripura,3673917,142,0,1931,1
2020-07-11,India,NA,Tripura,3673917,31,1,1962,2
2020-07-12,India,NA,Tripura,3673917,105,0,2067,2
2020-07-13,India,NA,Tripura,3673917,26,0,2093,2
2020-07-14,India,NA,Tripura,3673917,90,0,2183,2
2020-07-15,India,NA,Tripura,3673917,98,1,2281,3
2020-07-16,India,NA,Tripura,3673917,98,0,2379,3
2020-07-17,India,NA,Tripura,3673917,118,0,2497,3
2020-07-18,India,NA,Tripura,3673917,171,2,2668,5
2020-07-19,India,NA,Tripura,3673917,223,0,2891,5
2020-07-20,India,NA,Tripura,3673917,202,2,3093,7
2020-07-21,India,NA,Tripura,3673917,252,1,3345,8
2020-07-22,India,NA,Tripura,3673917,126,1,3471,9
2020-07-23,India,NA,Tripura,3673917,206,1,3677,10
2020-07-24,India,NA,Tripura,3673917,100,1,3777,11
2020-07-25,India,NA,Tripura,3673917,105,0,3882,11
2020-07-26,India,NA,Tripura,3673917,37,2,3919,13
2020-07-27,India,NA,Tripura,3673917,147,4,4066,17
2020-07-28,India,NA,Tripura,3673917,221,4,4287,21
2020-07-29,India,NA,Tripura,3673917,216,0,4503,21
2020-07-30,India,NA,Tripura,3673917,219,0,4722,21
2020-07-31,India,NA,Tripura,3673917,274,0,4996,21
2020-08-01,India,NA,Tripura,3673917,252,2,5248,23
2020-08-02,India,NA,Tripura,3673917,141,4,5389,27
2020-08-03,India,NA,Tripura,3673917,0,0,5389,27
2020-08-04,India,NA,Tripura,3673917,131,1,5520,28
2020-08-05,India,NA,Tripura,3673917,122,2,5642,30
2020-08-06,India,NA,Tripura,3673917,98,1,5740,31
2020-08-07,India,NA,Tripura,3673917,128,5,5868,36
2020-08-08,India,NA,Tripura,3673917,146,1,6014,37
2020-08-09,India,NA,Tripura,3673917,147,4,6161,41
2020-08-10,India,NA,Tripura,3673917,62,1,6223,42
2020-08-11,India,NA,Tripura,3673917,164,1,6387,43
2020-08-12,India,NA,Tripura,3673917,110,0,6497,43
2020-08-13,India,NA,Tripura,3673917,121,1,6618,44
2020-08-14,India,NA,Tripura,3673917,164,2,6782,46
2020-08-15,India,NA,Tripura,3673917,167,4,6949,50
2020-08-16,India,NA,Tripura,3673917,127,5,7076,55
2020-08-17,India,NA,Tripura,3673917,143,4,7219,59
2020-08-18,India,NA,Tripura,3673917,205,3,7424,62
2020-08-19,India,NA,Tripura,3673917,236,3,7660,65
2020-08-20,India,NA,Tripura,3673917,190,0,7850,65
2020-08-21,India,NA,Tripura,3673917,256,4,8106,69
2020-08-22,India,NA,Tripura,3673917,280,1,8386,70
2020-08-23,India,NA,Tripura,3673917,331,2,8717,72
2020-08-24,India,NA,Tripura,3673917,200,1,8917,73
2020-08-25,India,NA,Tripura,3673917,293,6,9210,79
2020-08-26,India,NA,Tripura,3673917,329,4,9539,83
2020-08-27,India,NA,Tripura,3673917,385,2,9924,85
2020-08-28,India,NA,Tripura,3673917,509,4,10433,89
2020-08-29,India,NA,Tripura,3673917,443,5,10876,94
2020-08-30,India,NA,Tripura,3673917,447,4,11323,98
2020-08-31,India,NA,Tripura,3673917,321,5,11644,103
2020-09-01,India,NA,Tripura,3673917,509,10,12153,113
2020-09-02,India,NA,Tripura,3673917,566,5,12719,118
2020-09-03,India,NA,Tripura,3673917,590,8,13309,126
2020-09-04,India,NA,Tripura,3673917,524,3,13833,129
2020-09-05,India,NA,Tripura,3673917,691,7,14524,136
2020-09-06,India,NA,Tripura,3673917,603,8,15127,144
2020-09-07,India,NA,Tripura,3673917,399,5,15526,149
2020-09-08,India,NA,Tripura,3673917,628,3,16154,152
2020-09-09,India,NA,Tripura,3673917,582,9,16736,161
2020-09-10,India,NA,Tripura,3673917,535,6,17271,167
2020-09-11,India,NA,Tripura,3673917,559,5,17830,172
2020-09-12,India,NA,Tripura,3673917,470,10,18300,182
2020-09-13,India,NA,Tripura,3673917,629,12,18929,194
2020-09-14,India,NA,Tripura,3673917,255,6,19184,200
2020-09-15,India,NA,Tripura,3673917,531,7,19715,207
2020-03-13,India,NA,Uttar Pradesh,199581477,1,0,11,0
2020-03-14,India,NA,Uttar Pradesh,199581477,12,0,12,0
2020-03-15,India,NA,Uttar Pradesh,199581477,1,0,13,0
2020-03-16,India,NA,Uttar Pradesh,199581477,0,0,13,0
2020-03-17,India,NA,Uttar Pradesh,199581477,2,0,15,0
2020-03-18,India,NA,Uttar Pradesh,199581477,2,0,17,0
2020-03-19,India,NA,Uttar Pradesh,199581477,3,0,20,0
2020-03-20,India,NA,Uttar Pradesh,199581477,4,0,24,0
2020-03-21,India,NA,Uttar Pradesh,199581477,4,0,28,0
2020-03-22,India,NA,Uttar Pradesh,199581477,2,0,30,0
2020-03-23,India,NA,Uttar Pradesh,199581477,2,0,32,0
2020-03-24,India,NA,Uttar Pradesh,199581477,3,0,35,0
2020-03-25,India,NA,Uttar Pradesh,199581477,3,0,38,0
2020-03-26,India,NA,Uttar Pradesh,199581477,4,0,42,0
2020-03-27,India,NA,Uttar Pradesh,199581477,7,0,49,0
2020-03-28,India,NA,Uttar Pradesh,199581477,16,0,65,0
2020-03-29,India,NA,Uttar Pradesh,199581477,7,0,72,0
2020-03-30,India,NA,Uttar Pradesh,199581477,24,0,96,0
2020-03-31,India,NA,Uttar Pradesh,199581477,8,0,104,0
2020-04-01,India,NA,Uttar Pradesh,199581477,13,2,117,2
2020-04-02,India,NA,Uttar Pradesh,199581477,11,0,128,2
2020-04-03,India,NA,Uttar Pradesh,199581477,46,0,174,2
2020-04-04,India,NA,Uttar Pradesh,199581477,60,0,234,2
2020-04-05,India,NA,Uttar Pradesh,199581477,44,1,278,3
2020-04-06,India,NA,Uttar Pradesh,199581477,27,0,305,3
2020-04-07,India,NA,Uttar Pradesh,199581477,27,0,332,3
2020-04-08,India,NA,Uttar Pradesh,199581477,29,1,361,4
2020-04-09,India,NA,Uttar Pradesh,199581477,49,0,410,4
2020-04-10,India,NA,Uttar Pradesh,199581477,23,0,433,4
2020-04-11,India,NA,Uttar Pradesh,199581477,19,1,452,5
2020-04-12,India,NA,Uttar Pradesh,199581477,31,0,483,5
2020-04-13,India,NA,Uttar Pradesh,199581477,75,0,558,5
2020-04-14,India,NA,Uttar Pradesh,199581477,102,3,660,8
2020-04-15,India,NA,Uttar Pradesh,199581477,75,3,735,11
2020-04-16,India,NA,Uttar Pradesh,199581477,70,2,805,13
2020-04-17,India,NA,Uttar Pradesh,199581477,44,1,849,14
2020-04-18,India,NA,Uttar Pradesh,199581477,126,0,975,14
2020-04-19,India,NA,Uttar Pradesh,199581477,125,3,1100,17
2020-04-20,India,NA,Uttar Pradesh,199581477,84,1,1184,18
2020-04-21,India,NA,Uttar Pradesh,199581477,153,3,1337,21
2020-04-22,India,NA,Uttar Pradesh,199581477,112,0,1449,21
2020-04-23,India,NA,Uttar Pradesh,199581477,61,3,1510,24
2020-04-24,India,NA,Uttar Pradesh,199581477,111,1,1621,25
2020-04-25,India,NA,Uttar Pradesh,199581477,172,2,1793,27
2020-04-26,India,NA,Uttar Pradesh,199581477,80,3,1873,30
2020-04-27,India,NA,Uttar Pradesh,199581477,113,1,1986,31
2020-04-28,India,NA,Uttar Pradesh,199581477,67,3,2053,34
2020-04-29,India,NA,Uttar Pradesh,199581477,81,5,2134,39
2020-04-30,India,NA,Uttar Pradesh,199581477,77,1,2211,40
2020-05-01,India,NA,Uttar Pradesh,199581477,117,2,2328,42
2020-05-02,India,NA,Uttar Pradesh,199581477,159,1,2487,43
2020-05-03,India,NA,Uttar Pradesh,199581477,158,0,2645,43
2020-05-04,India,NA,Uttar Pradesh,199581477,121,7,2766,50
2020-05-05,India,NA,Uttar Pradesh,199581477,114,6,2880,56
2020-05-06,India,NA,Uttar Pradesh,199581477,118,4,2998,60
2020-05-07,India,NA,Uttar Pradesh,199581477,73,2,3071,62
2020-05-08,India,NA,Uttar Pradesh,199581477,143,4,3214,66
2020-05-09,India,NA,Uttar Pradesh,199581477,159,8,3373,74
2020-05-10,India,NA,Uttar Pradesh,199581477,94,5,3467,79
2020-05-11,India,NA,Uttar Pradesh,199581477,106,1,3573,80
2020-05-12,India,NA,Uttar Pradesh,199581477,91,2,3664,82
2020-05-13,India,NA,Uttar Pradesh,199581477,94,4,3758,86
2020-05-14,India,NA,Uttar Pradesh,199581477,144,2,3902,88
2020-05-15,India,NA,Uttar Pradesh,199581477,155,7,4057,95
2020-05-16,India,NA,Uttar Pradesh,199581477,201,9,4258,104
2020-05-17,India,NA,Uttar Pradesh,199581477,206,8,4464,112
2020-05-18,India,NA,Uttar Pradesh,199581477,141,6,4605,118
2020-05-19,India,NA,Uttar Pradesh,199581477,321,5,4926,123
2020-05-20,India,NA,Uttar Pradesh,199581477,249,4,5175,127
2020-05-21,India,NA,Uttar Pradesh,199581477,340,11,5515,138
2020-05-22,India,NA,Uttar Pradesh,199581477,220,14,5735,152
2020-05-23,India,NA,Uttar Pradesh,199581477,282,3,6017,155
2020-05-24,India,NA,Uttar Pradesh,199581477,251,6,6268,161
2020-05-25,India,NA,Uttar Pradesh,199581477,229,8,6497,169
2020-05-26,India,NA,Uttar Pradesh,199581477,227,8,6724,177
2020-05-27,India,NA,Uttar Pradesh,199581477,267,5,6991,182
2020-05-28,India,NA,Uttar Pradesh,199581477,179,15,7170,197
2020-05-29,India,NA,Uttar Pradesh,199581477,275,4,7445,201
2020-05-30,India,NA,Uttar Pradesh,199581477,256,12,7701,213
2020-05-31,India,NA,Uttar Pradesh,199581477,374,4,8075,217
2020-06-01,India,NA,Uttar Pradesh,199581477,286,5,8361,222
2020-06-02,India,NA,Uttar Pradesh,199581477,368,7,8729,229
2020-06-03,India,NA,Uttar Pradesh,199581477,141,1,8870,230
2020-06-04,India,NA,Uttar Pradesh,199581477,367,15,9237,245
2020-06-05,India,NA,Uttar Pradesh,199581477,496,12,9733,257
2020-06-06,India,NA,Uttar Pradesh,199581477,370,11,10103,268
2020-06-07,India,NA,Uttar Pradesh,199581477,433,7,10536,275
2020-06-08,India,NA,Uttar Pradesh,199581477,411,8,10947,283
2020-06-09,India,NA,Uttar Pradesh,199581477,388,18,11335,301
2020-06-10,India,NA,Uttar Pradesh,199581477,275,20,11610,321
2020-06-11,India,NA,Uttar Pradesh,199581477,478,24,12088,345
2020-06-12,India,NA,Uttar Pradesh,199581477,528,20,12616,365
2020-06-13,India,NA,Uttar Pradesh,199581477,502,20,13118,385
2020-06-14,India,NA,Uttar Pradesh,199581477,497,14,13615,399
2020-06-15,India,NA,Uttar Pradesh,199581477,476,18,14091,417
2020-06-16,India,NA,Uttar Pradesh,199581477,507,18,14598,435
2020-06-17,India,NA,Uttar Pradesh,199581477,583,30,15181,465
2020-06-18,India,NA,Uttar Pradesh,199581477,604,23,15785,488
2020-06-19,India,NA,Uttar Pradesh,199581477,809,19,16594,507
2020-06-20,India,NA,Uttar Pradesh,199581477,541,22,17135,529
2020-06-21,India,NA,Uttar Pradesh,199581477,596,21,17731,550
2020-06-22,India,NA,Uttar Pradesh,199581477,591,19,18322,569
2020-06-23,India,NA,Uttar Pradesh,199581477,571,19,18893,588
2020-06-24,India,NA,Uttar Pradesh,199581477,664,8,19557,596
2020-06-25,India,NA,Uttar Pradesh,199581477,636,15,20193,611
2020-06-26,India,NA,Uttar Pradesh,199581477,750,19,20943,630
2020-06-27,India,NA,Uttar Pradesh,199581477,606,19,21549,649
2020-06-28,India,NA,Uttar Pradesh,199581477,598,11,22147,660
2020-06-29,India,NA,Uttar Pradesh,199581477,681,12,22828,672
2020-06-30,India,NA,Uttar Pradesh,199581477,664,25,23492,697
2020-07-01,India,NA,Uttar Pradesh,199581477,564,21,24056,718
2020-07-02,India,NA,Uttar Pradesh,199581477,769,17,24825,735
2020-07-03,India,NA,Uttar Pradesh,199581477,972,14,25797,749
2020-07-04,India,NA,Uttar Pradesh,199581477,757,24,26554,773
2020-07-05,India,NA,Uttar Pradesh,199581477,1153,12,27707,785
2020-07-06,India,NA,Uttar Pradesh,199581477,929,24,28636,809
2020-07-07,India,NA,Uttar Pradesh,199581477,1332,18,29968,827
2020-07-08,India,NA,Uttar Pradesh,199581477,1188,18,31156,845
2020-07-09,India,NA,Uttar Pradesh,199581477,1206,17,32362,862
2020-07-10,India,NA,Uttar Pradesh,199581477,1338,27,33700,889
2020-07-11,India,NA,Uttar Pradesh,199581477,1392,24,35092,913
2020-07-12,India,NA,Uttar Pradesh,199581477,1384,21,36476,934
2020-07-13,India,NA,Uttar Pradesh,199581477,1654,21,38130,955
2020-07-14,India,NA,Uttar Pradesh,199581477,1594,28,39724,983
2020-07-15,India,NA,Uttar Pradesh,199581477,1659,29,41383,1012
2020-07-16,India,NA,Uttar Pradesh,199581477,2058,34,43441,1046
2020-07-17,India,NA,Uttar Pradesh,199581477,1722,38,45163,1084
2020-07-18,India,NA,Uttar Pradesh,199581477,1873,24,47036,1108
2020-07-19,India,NA,Uttar Pradesh,199581477,2211,38,49247,1146
2020-07-20,India,NA,Uttar Pradesh,199581477,1913,46,51160,1192
2020-07-21,India,NA,Uttar Pradesh,199581477,2128,37,53288,1229
2020-07-22,India,NA,Uttar Pradesh,199581477,2300,34,55588,1263
2020-07-23,India,NA,Uttar Pradesh,199581477,2516,35,58104,1298
2020-07-24,India,NA,Uttar Pradesh,199581477,2667,50,60771,1348
2020-07-25,India,NA,Uttar Pradesh,199581477,2971,39,63742,1387
2020-07-26,India,NA,Uttar Pradesh,199581477,3246,39,66988,1426
2020-07-27,India,NA,Uttar Pradesh,199581477,3505,30,70493,1456
2020-07-28,India,NA,Uttar Pradesh,199581477,3458,41,73951,1497
2020-07-29,India,NA,Uttar Pradesh,199581477,3383,33,77334,1530
2020-07-30,India,NA,Uttar Pradesh,199581477,3705,57,81039,1587
2020-07-31,India,NA,Uttar Pradesh,199581477,4422,43,85461,1630
2020-08-01,India,NA,Uttar Pradesh,199581477,3587,47,89048,1677
2020-08-02,India,NA,Uttar Pradesh,199581477,3873,53,92921,1730
2020-08-03,India,NA,Uttar Pradesh,199581477,4441,48,97362,1778
2020-08-04,India,NA,Uttar Pradesh,199581477,2948,39,100310,1817
2020-08-05,India,NA,Uttar Pradesh,199581477,4078,40,104388,1857
2020-08-06,India,NA,Uttar Pradesh,199581477,4586,61,108974,1918
2020-08-07,India,NA,Uttar Pradesh,199581477,4404,63,113378,1981
2020-08-08,India,NA,Uttar Pradesh,199581477,4660,47,118038,2028
2020-08-09,India,NA,Uttar Pradesh,199581477,4571,41,122609,2069
2020-08-10,India,NA,Uttar Pradesh,199581477,4113,51,126722,2120
2020-08-11,India,NA,Uttar Pradesh,199581477,5041,56,131763,2176
2020-08-12,India,NA,Uttar Pradesh,199581477,4475,54,136238,2230
2020-08-13,India,NA,Uttar Pradesh,199581477,4537,50,140775,2280
2020-08-14,India,NA,Uttar Pradesh,199581477,4512,55,145287,2335
2020-08-15,India,NA,Uttar Pradesh,199581477,4774,58,150061,2393
2020-08-16,India,NA,Uttar Pradesh,199581477,4357,56,154418,2449
2020-08-17,India,NA,Uttar Pradesh,199581477,3798,66,158216,2515
2020-08-18,India,NA,Uttar Pradesh,199581477,4218,70,162434,2585
2020-08-19,India,NA,Uttar Pradesh,199581477,5076,53,167510,2638
2020-08-20,India,NA,Uttar Pradesh,199581477,4824,95,172334,2733
2020-08-21,India,NA,Uttar Pradesh,199581477,4905,64,177239,2797
2020-08-22,India,NA,Uttar Pradesh,199581477,5217,70,182456,2867
2020-08-23,India,NA,Uttar Pradesh,199581477,5325,59,187781,2926
2020-08-24,India,NA,Uttar Pradesh,199581477,4601,61,192382,2987
2020-08-25,India,NA,Uttar Pradesh,199581477,5006,72,197388,3059
2020-08-26,India,NA,Uttar Pradesh,199581477,5640,82,203028,3141
2020-08-27,India,NA,Uttar Pradesh,199581477,5391,76,208419,3217
2020-08-28,India,NA,Uttar Pradesh,199581477,5405,77,213824,3294
2020-08-29,India,NA,Uttar Pradesh,199581477,5633,62,219457,3356
2020-08-30,India,NA,Uttar Pradesh,199581477,6175,67,225632,3423
2020-08-31,India,NA,Uttar Pradesh,199581477,4782,63,230414,3486
2020-09-01,India,NA,Uttar Pradesh,199581477,5343,56,235757,3542
2020-09-02,India,NA,Uttar Pradesh,199581477,5682,74,241439,3616
2020-09-03,India,NA,Uttar Pradesh,199581477,5662,75,247101,3691
2020-09-04,India,NA,Uttar Pradesh,199581477,6074,71,253175,3762
2020-09-05,India,NA,Uttar Pradesh,199581477,6590,81,259765,3843
2020-09-06,India,NA,Uttar Pradesh,199581477,6518,77,266283,3920
2020-09-07,India,NA,Uttar Pradesh,199581477,5568,56,271851,3976
2020-09-08,India,NA,Uttar Pradesh,199581477,6622,71,278473,4047
2020-09-09,India,NA,Uttar Pradesh,199581477,6568,65,285041,4112
2020-09-10,India,NA,Uttar Pradesh,199581477,6988,94,292029,4206
2020-09-11,India,NA,Uttar Pradesh,199581477,7016,76,299045,4282
2020-09-12,India,NA,Uttar Pradesh,199581477,6786,67,305831,4349
2020-09-13,India,NA,Uttar Pradesh,199581477,6205,80,312036,4429
2020-09-14,India,NA,Uttar Pradesh,199581477,5159,62,317195,4491
2020-09-15,India,NA,Uttar Pradesh,199581477,6841,113,324036,4604
2020-04-03,India,NA,Uttarakhand,10086292,6,0,16,0
2020-04-04,India,NA,Uttarakhand,10086292,6,0,22,0
2020-04-05,India,NA,Uttarakhand,10086292,4,0,26,0
2020-04-06,India,NA,Uttarakhand,10086292,5,0,31,0
2020-04-07,India,NA,Uttarakhand,10086292,0,0,31,0
2020-04-08,India,NA,Uttarakhand,10086292,4,0,35,0
2020-04-09,India,NA,Uttarakhand,10086292,0,0,35,0
2020-04-10,India,NA,Uttarakhand,10086292,0,0,35,0
2020-04-11,India,NA,Uttarakhand,10086292,0,0,35,0
2020-04-12,India,NA,Uttarakhand,10086292,0,0,35,0
2020-04-13,India,NA,Uttarakhand,10086292,0,0,35,0
2020-04-14,India,NA,Uttarakhand,10086292,2,0,37,0
2020-04-15,India,NA,Uttarakhand,10086292,0,0,37,0
2020-04-16,India,NA,Uttarakhand,10086292,0,0,37,0
2020-04-17,India,NA,Uttarakhand,10086292,3,0,40,0
2020-04-18,India,NA,Uttarakhand,10086292,2,0,42,0
2020-04-19,India,NA,Uttarakhand,10086292,2,0,44,0
2020-04-20,India,NA,Uttarakhand,10086292,2,0,46,0
2020-04-21,India,NA,Uttarakhand,10086292,0,0,46,0
2020-04-22,India,NA,Uttarakhand,10086292,0,0,46,0
2020-04-23,India,NA,Uttarakhand,10086292,1,0,47,0
2020-04-24,India,NA,Uttarakhand,10086292,1,0,48,0
2020-04-25,India,NA,Uttarakhand,10086292,0,0,48,0
2020-04-26,India,NA,Uttarakhand,10086292,3,0,51,0
2020-04-27,India,NA,Uttarakhand,10086292,0,0,51,0
2020-04-28,India,NA,Uttarakhand,10086292,3,0,54,0
2020-04-29,India,NA,Uttarakhand,10086292,1,0,55,0
2020-04-30,India,NA,Uttarakhand,10086292,2,0,57,0
2020-05-01,India,NA,Uttarakhand,10086292,0,1,57,1
2020-05-02,India,NA,Uttarakhand,10086292,2,0,59,1
2020-05-03,India,NA,Uttarakhand,10086292,1,0,60,1
2020-05-04,India,NA,Uttarakhand,10086292,0,0,60,1
2020-05-05,India,NA,Uttarakhand,10086292,1,0,61,1
2020-05-06,India,NA,Uttarakhand,10086292,0,0,61,1
2020-05-07,India,NA,Uttarakhand,10086292,0,0,61,1
2020-05-08,India,NA,Uttarakhand,10086292,2,0,63,1
2020-05-09,India,NA,Uttarakhand,10086292,4,0,67,1
2020-05-10,India,NA,Uttarakhand,10086292,1,0,68,1
2020-05-11,India,NA,Uttarakhand,10086292,0,0,68,1
2020-05-12,India,NA,Uttarakhand,10086292,1,0,69,1
2020-05-13,India,NA,Uttarakhand,10086292,3,0,72,1
2020-05-14,India,NA,Uttarakhand,10086292,6,0,78,1
2020-05-15,India,NA,Uttarakhand,10086292,4,0,82,1
2020-05-16,India,NA,Uttarakhand,10086292,9,0,91,1
2020-05-17,India,NA,Uttarakhand,10086292,1,0,92,1
2020-05-18,India,NA,Uttarakhand,10086292,4,0,96,1
2020-05-19,India,NA,Uttarakhand,10086292,15,0,111,1
2020-05-20,India,NA,Uttarakhand,10086292,15,0,126,1
2020-05-21,India,NA,Uttarakhand,10086292,19,0,145,1
2020-05-22,India,NA,Uttarakhand,10086292,8,0,153,1
2020-05-23,India,NA,Uttarakhand,10086292,91,0,244,1
2020-05-24,India,NA,Uttarakhand,10086292,73,2,317,3
2020-05-25,India,NA,Uttarakhand,10086292,32,1,349,4
2020-05-26,India,NA,Uttarakhand,10086292,51,0,400,4
2020-05-27,India,NA,Uttarakhand,10086292,69,0,469,4
2020-05-28,India,NA,Uttarakhand,10086292,31,0,500,4
2020-05-29,India,NA,Uttarakhand,10086292,216,0,716,4
2020-05-30,India,NA,Uttarakhand,10086292,33,1,749,5
2020-05-31,India,NA,Uttarakhand,10086292,158,0,907,5
2020-06-01,India,NA,Uttarakhand,10086292,52,0,959,5
2020-06-02,India,NA,Uttarakhand,10086292,84,2,1043,7
2020-06-03,India,NA,Uttarakhand,10086292,42,1,1085,8
2020-06-04,India,NA,Uttarakhand,10086292,68,2,1153,10
2020-06-05,India,NA,Uttarakhand,10086292,62,1,1215,11
2020-06-06,India,NA,Uttarakhand,10086292,88,0,1303,11
2020-06-07,India,NA,Uttarakhand,10086292,52,2,1355,13
2020-06-08,India,NA,Uttarakhand,10086292,56,0,1411,13
2020-06-09,India,NA,Uttarakhand,10086292,126,0,1537,13
2020-06-10,India,NA,Uttarakhand,10086292,25,2,1562,15
2020-06-11,India,NA,Uttarakhand,10086292,93,1,1655,16
2020-06-12,India,NA,Uttarakhand,10086292,69,5,1724,21
2020-06-13,India,NA,Uttarakhand,10086292,61,2,1785,23
2020-06-14,India,NA,Uttarakhand,10086292,34,1,1819,24
2020-06-15,India,NA,Uttarakhand,10086292,26,0,1845,24
2020-06-16,India,NA,Uttarakhand,10086292,97,1,1942,25
2020-06-17,India,NA,Uttarakhand,10086292,81,1,2023,26
2020-06-18,India,NA,Uttarakhand,10086292,80,0,2103,26
2020-06-19,India,NA,Uttarakhand,10086292,74,0,2177,26
2020-06-20,India,NA,Uttarakhand,10086292,124,1,2301,27
2020-06-21,India,NA,Uttarakhand,10086292,43,0,2344,27
2020-06-22,India,NA,Uttarakhand,10086292,58,1,2402,28
2020-06-23,India,NA,Uttarakhand,10086292,133,2,2535,30
2020-06-24,India,NA,Uttarakhand,10086292,88,5,2623,35
2020-06-25,India,NA,Uttarakhand,10086292,68,1,2691,36
2020-06-26,India,NA,Uttarakhand,10086292,34,1,2725,37
2020-06-27,India,NA,Uttarakhand,10086292,66,0,2791,37
2020-06-28,India,NA,Uttarakhand,10086292,32,1,2823,38
2020-06-29,India,NA,Uttarakhand,10086292,8,1,2831,39
2020-06-30,India,NA,Uttarakhand,10086292,50,2,2881,41
2020-07-01,India,NA,Uttarakhand,10086292,66,0,2947,41
2020-07-02,India,NA,Uttarakhand,10086292,37,1,2984,42
2020-07-03,India,NA,Uttarakhand,10086292,64,0,3048,42
2020-07-04,India,NA,Uttarakhand,10086292,45,0,3093,42
2020-07-05,India,NA,Uttarakhand,10086292,31,0,3124,42
2020-07-06,India,NA,Uttarakhand,10086292,37,0,3161,42
2020-07-07,India,NA,Uttarakhand,10086292,69,1,3230,43
2020-07-08,India,NA,Uttarakhand,10086292,28,3,3258,46
2020-07-09,India,NA,Uttarakhand,10086292,47,0,3305,46
2020-07-10,India,NA,Uttarakhand,10086292,68,0,3373,46
2020-07-11,India,NA,Uttarakhand,10086292,44,0,3417,46
2020-07-12,India,NA,Uttarakhand,10086292,120,1,3537,47
2020-07-13,India,NA,Uttarakhand,10086292,71,2,3608,49
2020-07-14,India,NA,Uttarakhand,10086292,78,1,3686,50
2020-07-15,India,NA,Uttarakhand,10086292,99,0,3785,50
2020-07-16,India,NA,Uttarakhand,10086292,197,0,3982,50
2020-07-17,India,NA,Uttarakhand,10086292,120,1,4102,51
2020-07-18,India,NA,Uttarakhand,10086292,174,1,4276,52
2020-07-19,India,NA,Uttarakhand,10086292,239,0,4515,52
2020-07-20,India,NA,Uttarakhand,10086292,127,3,4642,55
2020-07-21,India,NA,Uttarakhand,10086292,207,0,4849,55
2020-07-22,India,NA,Uttarakhand,10086292,451,2,5300,57
2020-07-23,India,NA,Uttarakhand,10086292,145,3,5445,60
2020-07-24,India,NA,Uttarakhand,10086292,272,2,5717,62
2020-07-25,India,NA,Uttarakhand,10086292,244,1,5961,63
2020-07-26,India,NA,Uttarakhand,10086292,143,0,6104,63
2020-07-27,India,NA,Uttarakhand,10086292,224,3,6328,66
2020-07-28,India,NA,Uttarakhand,10086292,259,4,6587,70
2020-07-29,India,NA,Uttarakhand,10086292,279,2,6866,72
2020-07-30,India,NA,Uttarakhand,10086292,199,4,7065,76
2020-07-31,India,NA,Uttarakhand,10086292,118,4,7183,80
2020-08-01,India,NA,Uttarakhand,10086292,264,3,7447,83
2020-08-02,India,NA,Uttarakhand,10086292,146,3,7593,86
2020-08-03,India,NA,Uttarakhand,10086292,207,4,7800,90
2020-08-04,India,NA,Uttarakhand,10086292,208,5,8008,95
2020-08-05,India,NA,Uttarakhand,10086292,246,3,8254,98
2020-08-06,India,NA,Uttarakhand,10086292,369,4,8623,102
2020-08-07,India,NA,Uttarakhand,10086292,278,10,8901,112
2020-08-08,India,NA,Uttarakhand,10086292,501,5,9402,117
2020-08-09,India,NA,Uttarakhand,10086292,230,8,9632,125
2020-08-10,India,NA,Uttarakhand,10086292,389,9,10021,134
2020-08-11,India,NA,Uttarakhand,10086292,411,2,10432,136
2020-08-12,India,NA,Uttarakhand,10086292,454,4,10886,140
2020-08-13,India,NA,Uttarakhand,10086292,416,3,11302,143
2020-08-14,India,NA,Uttarakhand,10086292,313,4,11615,147
2020-08-15,India,NA,Uttarakhand,10086292,325,4,11940,151
2020-08-16,India,NA,Uttarakhand,10086292,235,1,12175,152
2020-08-17,India,NA,Uttarakhand,10086292,318,6,12493,158
2020-08-18,India,NA,Uttarakhand,10086292,468,6,12961,164
2020-08-19,India,NA,Uttarakhand,10086292,264,14,13225,178
2020-08-20,India,NA,Uttarakhand,10086292,411,9,13636,187
2020-08-21,India,NA,Uttarakhand,10086292,447,5,14083,192
2020-08-22,India,NA,Uttarakhand,10086292,483,3,14566,195
2020-08-23,India,NA,Uttarakhand,10086292,558,5,15124,200
2020-08-24,India,NA,Uttarakhand,10086292,405,7,15529,207
2020-08-25,India,NA,Uttarakhand,10086292,485,6,16014,213
2020-08-26,India,NA,Uttarakhand,10086292,535,6,16549,219
2020-08-27,India,NA,Uttarakhand,10086292,728,9,17277,228
2020-08-28,India,NA,Uttarakhand,10086292,588,11,17865,239
2020-08-29,India,NA,Uttarakhand,10086292,706,11,18571,250
2020-08-30,India,NA,Uttarakhand,10086292,664,7,19235,257
2020-08-31,India,NA,Uttarakhand,10086292,592,12,19827,269
2020-09-01,India,NA,Uttarakhand,10086292,571,11,20398,280
2020-09-02,India,NA,Uttarakhand,10086292,836,11,21234,291
2020-09-03,India,NA,Uttarakhand,10086292,946,9,22180,300
2020-09-04,India,NA,Uttarakhand,10086292,831,12,23011,312
2020-09-05,India,NA,Uttarakhand,10086292,950,18,23961,330
2020-09-06,India,NA,Uttarakhand,10086292,668,11,24629,341
2020-09-07,India,NA,Uttarakhand,10086292,807,7,25436,348
2020-09-08,India,NA,Uttarakhand,10086292,658,12,26094,360
2020-09-09,India,NA,Uttarakhand,10086292,1117,12,27211,372
2020-09-10,India,NA,Uttarakhand,10086292,1015,5,28226,377
2020-09-11,India,NA,Uttarakhand,10086292,995,11,29221,388
2020-09-12,India,NA,Uttarakhand,10086292,1115,14,30336,402
2020-09-13,India,NA,Uttarakhand,10086292,1637,12,31973,414
2020-09-14,India,NA,Uttarakhand,10086292,1043,15,33016,429
2020-09-15,India,NA,Uttarakhand,10086292,1391,9,34407,438
2020-03-27,India,NA,West Bengal,91276115,5,0,15,1
2020-03-28,India,NA,West Bengal,91276115,3,0,18,1
2020-03-29,India,NA,West Bengal,91276115,3,0,21,1
2020-03-30,India,NA,West Bengal,91276115,1,1,22,2
2020-03-31,India,NA,West Bengal,91276115,15,1,37,3
2020-04-01,India,NA,West Bengal,91276115,0,0,37,3
2020-04-02,India,NA,West Bengal,91276115,16,0,53,3
2020-04-03,India,NA,West Bengal,91276115,0,0,53,3
2020-04-04,India,NA,West Bengal,91276115,0,0,53,3
2020-04-05,India,NA,West Bengal,91276115,27,0,80,3
2020-04-06,India,NA,West Bengal,91276115,0,0,80,3
2020-04-07,India,NA,West Bengal,91276115,11,0,91,3
2020-04-08,India,NA,West Bengal,91276115,8,2,99,5
2020-04-09,India,NA,West Bengal,91276115,4,0,103,5
2020-04-10,India,NA,West Bengal,91276115,13,0,116,5
2020-04-11,India,NA,West Bengal,91276115,10,0,126,5
2020-04-12,India,NA,West Bengal,91276115,8,2,134,7
2020-04-13,India,NA,West Bengal,91276115,18,0,152,7
2020-04-14,India,NA,West Bengal,91276115,38,0,190,7
2020-04-15,India,NA,West Bengal,91276115,23,0,213,7
2020-04-16,India,NA,West Bengal,91276115,18,3,231,10
2020-04-17,India,NA,West Bengal,91276115,24,0,255,10
2020-04-18,India,NA,West Bengal,91276115,32,2,287,12
2020-04-19,India,NA,West Bengal,91276115,23,0,310,12
2020-04-20,India,NA,West Bengal,91276115,29,0,339,12
2020-04-21,India,NA,West Bengal,91276115,53,3,392,15
2020-04-22,India,NA,West Bengal,91276115,31,0,423,15
2020-04-23,India,NA,West Bengal,91276115,33,0,456,15
2020-04-24,India,NA,West Bengal,91276115,58,3,514,18
2020-04-25,India,NA,West Bengal,91276115,57,0,571,18
2020-04-26,India,NA,West Bengal,91276115,40,2,611,20
2020-04-27,India,NA,West Bengal,91276115,38,0,649,20
2020-04-28,India,NA,West Bengal,91276115,48,2,697,22
2020-04-29,India,NA,West Bengal,91276115,28,0,725,22
2020-04-30,India,NA,West Bengal,91276115,33,11,758,33
2020-05-01,India,NA,West Bengal,91276115,37,8,795,41
2020-05-02,India,NA,West Bengal,91276115,127,7,922,48
2020-05-03,India,NA,West Bengal,91276115,276,74,1198,122
2020-05-04,India,NA,West Bengal,91276115,61,11,1259,133
2020-05-05,India,NA,West Bengal,91276115,85,7,1344,140
2020-05-06,India,NA,West Bengal,91276115,112,4,1456,144
2020-05-07,India,NA,West Bengal,91276115,92,7,1548,151
2020-05-08,India,NA,West Bengal,91276115,130,9,1678,160
2020-05-09,India,NA,West Bengal,91276115,108,11,1786,171
2020-05-10,India,NA,West Bengal,91276115,153,14,1939,185
2020-05-11,India,NA,West Bengal,91276115,124,5,2063,190
2020-05-12,India,NA,West Bengal,91276115,110,8,2173,198
2020-05-13,India,NA,West Bengal,91276115,117,9,2290,207
2020-05-14,India,NA,West Bengal,91276115,87,8,2377,215
2020-05-15,India,NA,West Bengal,91276115,84,10,2461,225
2020-05-16,India,NA,West Bengal,91276115,115,7,2576,232
2020-05-17,India,NA,West Bengal,91276115,101,6,2677,238
2020-05-18,India,NA,West Bengal,91276115,147,6,2824,244
2020-05-19,India,NA,West Bengal,91276115,137,6,2961,250
2020-05-20,India,NA,West Bengal,91276115,142,3,3103,253
2020-05-21,India,NA,West Bengal,91276115,94,6,3197,259
2020-05-22,India,NA,West Bengal,91276115,135,6,3332,265
2020-05-23,India,NA,West Bengal,91276115,127,4,3459,269
2020-05-24,India,NA,West Bengal,91276115,208,3,3667,272
2020-05-25,India,NA,West Bengal,91276115,149,6,3816,278
2020-05-26,India,NA,West Bengal,91276115,193,5,4009,283
2020-05-27,India,NA,West Bengal,91276115,183,6,4192,289
2020-05-28,India,NA,West Bengal,91276115,344,6,4536,295
2020-05-29,India,NA,West Bengal,91276115,277,7,4813,302
2020-05-30,India,NA,West Bengal,91276115,317,7,5130,309
2020-05-31,India,NA,West Bengal,91276115,371,8,5501,317
2020-06-01,India,NA,West Bengal,91276115,271,8,5772,325
2020-06-02,India,NA,West Bengal,91276115,396,10,6168,335
2020-06-03,India,NA,West Bengal,91276115,340,10,6508,345
2020-06-04,India,NA,West Bengal,91276115,368,10,6876,355
2020-06-05,India,NA,West Bengal,91276115,427,11,7303,366
2020-06-06,India,NA,West Bengal,91276115,435,17,7738,383
2020-06-07,India,NA,West Bengal,91276115,449,13,8187,396
2020-06-08,India,NA,West Bengal,91276115,426,9,8613,405
2020-06-09,India,NA,West Bengal,91276115,372,10,8985,415
2020-06-10,India,NA,West Bengal,91276115,343,17,9328,432
2020-06-11,India,NA,West Bengal,91276115,440,10,9768,442
2020-06-12,India,NA,West Bengal,91276115,476,9,10244,451
2020-06-13,India,NA,West Bengal,91276115,454,12,10698,463
2020-06-14,India,NA,West Bengal,91276115,389,12,11087,475
2020-06-15,India,NA,West Bengal,91276115,407,10,11494,485
2020-06-16,India,NA,West Bengal,91276115,415,10,11909,495
2020-06-17,India,NA,West Bengal,91276115,391,11,12300,506
2020-06-18,India,NA,West Bengal,91276115,435,12,12735,518
2020-06-19,India,NA,West Bengal,91276115,355,11,13090,529
2020-06-20,India,NA,West Bengal,91276115,441,11,13531,540
2020-06-21,India,NA,West Bengal,91276115,414,15,13945,555
2020-06-22,India,NA,West Bengal,91276115,413,14,14358,569
2020-06-23,India,NA,West Bengal,91276115,370,11,14728,580
2020-06-24,India,NA,West Bengal,91276115,445,11,15173,591
2020-06-25,India,NA,West Bengal,91276115,475,15,15648,606
2020-06-26,India,NA,West Bengal,91276115,542,10,16190,616
2020-06-27,India,NA,West Bengal,91276115,521,13,16711,629
2020-06-28,India,NA,West Bengal,91276115,572,10,17283,639
2020-06-29,India,NA,West Bengal,91276115,624,14,17907,653
2020-06-30,India,NA,West Bengal,91276115,652,15,18559,668
2020-07-01,India,NA,West Bengal,91276115,611,15,19170,683
2020-07-02,India,NA,West Bengal,91276115,649,16,19819,699
2020-07-03,India,NA,West Bengal,91276115,669,18,20488,717
2020-07-04,India,NA,West Bengal,91276115,743,19,21231,736
2020-07-05,India,NA,West Bengal,91276115,895,21,22126,757
2020-07-06,India,NA,West Bengal,91276115,861,22,22987,779
2020-07-07,India,NA,West Bengal,91276115,850,25,23837,804
2020-07-08,India,NA,West Bengal,91276115,986,23,24823,827
2020-07-09,India,NA,West Bengal,91276115,1088,27,25911,854
2020-07-10,India,NA,West Bengal,91276115,1198,26,27109,880
2020-07-11,India,NA,West Bengal,91276115,1344,26,28453,906
2020-07-12,India,NA,West Bengal,91276115,1560,26,30013,932
2020-07-13,India,NA,West Bengal,91276115,1435,24,31448,956
2020-07-14,India,NA,West Bengal,91276115,1390,24,32838,980
2020-07-15,India,NA,West Bengal,91276115,1589,20,34427,1000
2020-07-16,India,NA,West Bengal,91276115,1690,23,36117,1023
2020-07-17,India,NA,West Bengal,91276115,1894,26,38011,1049
2020-07-18,India,NA,West Bengal,91276115,2198,27,40209,1076
2020-07-19,India,NA,West Bengal,91276115,2278,36,42487,1112
2020-07-20,India,NA,West Bengal,91276115,2282,35,44769,1147
2020-07-21,India,NA,West Bengal,91276115,2261,35,47030,1182
2020-07-22,India,NA,West Bengal,91276115,2291,39,49321,1221
2020-07-23,India,NA,West Bengal,91276115,2436,34,51757,1255
2020-07-24,India,NA,West Bengal,91276115,2216,35,53973,1290
2020-07-25,India,NA,West Bengal,91276115,2404,42,56377,1332
2020-07-26,India,NA,West Bengal,91276115,2341,40,58718,1372
2020-07-27,India,NA,West Bengal,91276115,2112,39,60830,1411
2020-07-28,India,NA,West Bengal,91276115,2134,38,62964,1449
2020-07-29,India,NA,West Bengal,91276115,2294,41,65258,1490
2020-07-30,India,NA,West Bengal,91276115,2434,46,67692,1536
2020-07-31,India,NA,West Bengal,91276115,2496,45,70188,1581
2020-08-01,India,NA,West Bengal,91276115,2589,48,72777,1629
2020-08-02,India,NA,West Bengal,91276115,2739,49,75516,1678
2020-08-03,India,NA,West Bengal,91276115,2716,53,78232,1731
2020-08-04,India,NA,West Bengal,91276115,2752,54,80984,1785
2020-08-05,India,NA,West Bengal,91276115,2816,61,83800,1846
2020-08-06,India,NA,West Bengal,91276115,2954,56,86754,1902
2020-08-07,India,NA,West Bengal,91276115,2912,52,89666,1954
2020-08-08,India,NA,West Bengal,91276115,2949,51,92615,2005
2020-08-09,India,NA,West Bengal,91276115,2939,54,95554,2059
2020-08-10,India,NA,West Bengal,91276115,2905,41,98459,2100
2020-08-11,India,NA,West Bengal,91276115,2931,49,101390,2149
2020-08-12,India,NA,West Bengal,91276115,2936,54,104326,2203
2020-08-13,India,NA,West Bengal,91276115,2997,56,107323,2259
2020-08-14,India,NA,West Bengal,91276115,3035,60,110358,2319
2020-08-15,India,NA,West Bengal,91276115,3074,58,113432,2377
2020-08-16,India,NA,West Bengal,91276115,3066,51,116498,2428
2020-08-17,India,NA,West Bengal,91276115,3080,45,119578,2473
2020-08-18,India,NA,West Bengal,91276115,3175,55,122753,2528
2020-08-19,India,NA,West Bengal,91276115,3169,53,125922,2581
2020-08-20,India,NA,West Bengal,91276115,3197,53,129119,2634
2020-08-21,India,NA,West Bengal,91276115,3245,55,132364,2689
2020-08-22,India,NA,West Bengal,91276115,3232,48,135596,2737
2020-08-23,India,NA,West Bengal,91276115,3274,57,138870,2794
2020-08-24,India,NA,West Bengal,91276115,2967,57,141837,2851
2020-08-25,India,NA,West Bengal,91276115,2964,58,144801,2909
2020-08-26,India,NA,West Bengal,91276115,2974,55,147775,2964
2020-08-27,India,NA,West Bengal,91276115,2997,53,150772,3017
2020-08-28,India,NA,West Bengal,91276115,2982,56,153754,3073
2020-08-29,India,NA,West Bengal,91276115,3012,53,156766,3126
2020-08-30,India,NA,West Bengal,91276115,3019,50,159785,3176
2020-08-31,India,NA,West Bengal,91276115,2993,52,162778,3228
2020-09-01,India,NA,West Bengal,91276115,2943,55,165721,3283
2020-09-02,India,NA,West Bengal,91276115,2976,56,168697,3339
2020-09-03,India,NA,West Bengal,91276115,2984,55,171681,3394
2020-09-04,India,NA,West Bengal,91276115,2978,58,174659,3452
2020-09-05,India,NA,West Bengal,91276115,3042,58,177701,3510
2020-09-06,India,NA,West Bengal,91276115,3087,52,180788,3562
2020-09-07,India,NA,West Bengal,91276115,3077,58,183865,3620
2020-09-08,India,NA,West Bengal,91276115,3091,57,186956,3677
2020-09-09,India,NA,West Bengal,91276115,3107,53,190063,3730
2020-09-10,India,NA,West Bengal,91276115,3112,41,193175,3771
2020-09-11,India,NA,West Bengal,91276115,3157,57,196332,3828
2020-09-12,India,NA,West Bengal,91276115,3161,59,199493,3887
2020-09-13,India,NA,West Bengal,91276115,3215,58,202708,3945
2020-09-14,India,NA,West Bengal,91276115,3211,58,205919,4003
2020-09-15,India,NA,West Bengal,91276115,3227,59,209146,4062
2020-03-07,Italy,NA,Abruzzo,1311580,2,0,11,0
2020-03-08,Italy,NA,Abruzzo,1311580,6,0,17,0
2020-03-09,Italy,NA,Abruzzo,1311580,13,0,30,0
2020-03-10,Italy,NA,Abruzzo,1311580,8,1,38,1
2020-03-11,Italy,NA,Abruzzo,1311580,0,0,38,1
2020-03-12,Italy,NA,Abruzzo,1311580,46,1,84,2
2020-03-13,Italy,NA,Abruzzo,1311580,5,0,89,2
2020-03-14,Italy,NA,Abruzzo,1311580,23,0,112,2
2020-03-15,Italy,NA,Abruzzo,1311580,25,1,137,3
2020-03-16,Italy,NA,Abruzzo,1311580,39,1,176,4
2020-03-17,Italy,NA,Abruzzo,1311580,53,2,229,6
2020-03-18,Italy,NA,Abruzzo,1311580,34,1,263,7
2020-03-19,Italy,NA,Abruzzo,1311580,122,4,385,11
2020-03-20,Italy,NA,Abruzzo,1311580,64,6,449,17
2020-03-21,Italy,NA,Abruzzo,1311580,80,5,529,22
2020-03-22,Italy,NA,Abruzzo,1311580,58,11,587,33
2020-03-23,Italy,NA,Abruzzo,1311580,76,5,663,38
2020-03-24,Italy,NA,Abruzzo,1311580,26,8,689,46
2020-03-25,Italy,NA,Abruzzo,1311580,124,6,813,52
2020-03-26,Italy,NA,Abruzzo,1311580,133,11,946,63
2020-03-27,Italy,NA,Abruzzo,1311580,71,5,1017,68
2020-03-28,Italy,NA,Abruzzo,1311580,116,8,1133,76
2020-03-29,Italy,NA,Abruzzo,1311580,160,12,1293,88
2020-03-30,Italy,NA,Abruzzo,1311580,52,14,1345,102
2020-03-31,Italy,NA,Abruzzo,1311580,56,13,1401,115
2020-04-01,Italy,NA,Abruzzo,1311580,35,8,1436,123
2020-04-02,Italy,NA,Abruzzo,1311580,61,10,1497,133
2020-04-03,Italy,NA,Abruzzo,1311580,66,13,1563,146
2020-04-04,Italy,NA,Abruzzo,1311580,65,7,1628,153
2020-04-05,Italy,NA,Abruzzo,1311580,75,5,1703,158
2020-04-06,Italy,NA,Abruzzo,1311580,18,11,1721,169
2020-04-07,Italy,NA,Abruzzo,1311580,78,3,1799,172
2020-04-08,Italy,NA,Abruzzo,1311580,60,7,1859,179
2020-04-09,Italy,NA,Abruzzo,1311580,72,15,1931,194
2020-04-10,Italy,NA,Abruzzo,1311580,83,4,2014,198
2020-04-11,Italy,NA,Abruzzo,1311580,106,8,2120,206
2020-04-12,Italy,NA,Abruzzo,1311580,40,6,2160,212
2020-04-13,Italy,NA,Abruzzo,1311580,53,12,2213,224
2020-04-14,Italy,NA,Abruzzo,1311580,32,8,2245,232
2020-04-15,Italy,NA,Abruzzo,1311580,29,8,2274,240
2020-04-16,Italy,NA,Abruzzo,1311580,72,3,2346,243
2020-04-17,Italy,NA,Abruzzo,1311580,97,3,2443,246
2020-04-18,Italy,NA,Abruzzo,1311580,44,7,2487,253
2020-04-19,Italy,NA,Abruzzo,1311580,34,5,2521,258
2020-04-20,Italy,NA,Abruzzo,1311580,91,5,2612,263
2020-04-21,Italy,NA,Abruzzo,1311580,55,8,2667,271
2020-04-22,Italy,NA,Abruzzo,1311580,66,5,2733,276
2020-04-23,Italy,NA,Abruzzo,1311580,52,4,2785,280
2020-04-24,Italy,NA,Abruzzo,1311580,18,6,2803,286
2020-04-25,Italy,NA,Abruzzo,1311580,29,7,2832,293
2020-04-26,Italy,NA,Abruzzo,1311580,27,2,2859,295
2020-04-27,Italy,NA,Abruzzo,1311580,15,4,2874,299
2020-04-28,Italy,NA,Abruzzo,1311580,25,11,2899,310
2020-04-29,Italy,NA,Abruzzo,1311580,24,5,2923,315
2020-04-30,Italy,NA,Abruzzo,1311580,7,5,2930,320
2020-05-01,Italy,NA,Abruzzo,1311580,18,4,2948,324
2020-05-02,Italy,NA,Abruzzo,1311580,16,3,2964,327
2020-05-03,Italy,NA,Abruzzo,1311580,32,3,2996,330
2020-05-04,Italy,NA,Abruzzo,1311580,4,2,3000,332
2020-05-05,Italy,NA,Abruzzo,1311580,25,3,3025,335
2020-05-06,Italy,NA,Abruzzo,1311580,22,6,3047,341
2020-05-07,Italy,NA,Abruzzo,1311580,25,7,3072,348
2020-05-08,Italy,NA,Abruzzo,1311580,6,3,3078,351
2020-05-09,Italy,NA,Abruzzo,1311580,8,4,3086,355
2020-05-10,Italy,NA,Abruzzo,1311580,17,4,3103,359
2020-05-11,Italy,NA,Abruzzo,1311580,4,7,3107,366
2020-05-12,Italy,NA,Abruzzo,1311580,8,4,3115,370
2020-05-13,Italy,NA,Abruzzo,1311580,12,5,3127,375
2020-05-14,Italy,NA,Abruzzo,1311580,9,4,3136,379
2020-05-15,Italy,NA,Abruzzo,1311580,12,2,3148,381
2020-05-16,Italy,NA,Abruzzo,1311580,30,2,3178,383
2020-05-17,Italy,NA,Abruzzo,1311580,8,2,3186,385
2020-05-18,Italy,NA,Abruzzo,1311580,7,3,3193,388
2020-05-19,Italy,NA,Abruzzo,1311580,4,1,3197,389
2020-05-20,Italy,NA,Abruzzo,1311580,8,0,3205,389
2020-05-21,Italy,NA,Abruzzo,1311580,7,2,3212,391
2020-05-22,Italy,NA,Abruzzo,1311580,8,3,3220,394
2020-05-23,Italy,NA,Abruzzo,1311580,1,0,3221,394
2020-05-24,Italy,NA,Abruzzo,1311580,5,4,3226,398
2020-05-25,Italy,NA,Abruzzo,1311580,1,2,3227,400
2020-05-26,Italy,NA,Abruzzo,1311580,3,0,3230,400
2020-05-27,Italy,NA,Abruzzo,1311580,5,0,3235,400
2020-05-28,Italy,NA,Abruzzo,1311580,2,2,3237,402
2020-05-29,Italy,NA,Abruzzo,1311580,0,2,3237,404
2020-05-30,Italy,NA,Abruzzo,1311580,0,0,3237,404
2020-05-31,Italy,NA,Abruzzo,1311580,7,1,3244,405
2020-06-01,Italy,NA,Abruzzo,1311580,1,3,3245,408
2020-06-02,Italy,NA,Abruzzo,1311580,4,5,3249,413
2020-06-03,Italy,NA,Abruzzo,1311580,3,1,3252,414
2020-06-04,Italy,NA,Abruzzo,1311580,3,1,3255,415
2020-06-05,Italy,NA,Abruzzo,1311580,2,0,3257,415
2020-06-06,Italy,NA,Abruzzo,1311580,1,3,3258,418
2020-06-07,Italy,NA,Abruzzo,1311580,7,0,3265,418
2020-06-08,Italy,NA,Abruzzo,1311580,0,0,3265,418
2020-06-09,Italy,NA,Abruzzo,1311580,1,33,3266,451
2020-06-10,Italy,NA,Abruzzo,1311580,0,2,3266,453
2020-06-11,Italy,NA,Abruzzo,1311580,1,0,3267,453
2020-06-12,Italy,NA,Abruzzo,1311580,4,0,3271,453
2020-06-13,Italy,NA,Abruzzo,1311580,4,1,3275,454
2020-06-14,Italy,NA,Abruzzo,1311580,4,2,3279,456
2020-06-15,Italy,NA,Abruzzo,1311580,0,0,3279,456
2020-06-16,Italy,NA,Abruzzo,1311580,1,1,3280,457
2020-06-17,Italy,NA,Abruzzo,1311580,2,0,3281,457
2020-06-18,Italy,NA,Abruzzo,1311580,2,1,3281,458
2020-06-19,Italy,NA,Abruzzo,1311580,1,1,3281,459
2020-06-20,Italy,NA,Abruzzo,1311580,1,0,3281,459
2020-06-21,Italy,NA,Abruzzo,1311580,0,0,3281,459
2020-06-22,Italy,NA,Abruzzo,1311580,1,1,3282,460
2020-06-23,Italy,NA,Abruzzo,1311580,0,0,3282,460
2020-06-24,Italy,NA,Abruzzo,1311580,1,1,3283,461
2020-06-25,Italy,NA,Abruzzo,1311580,1,0,3284,461
2020-06-26,Italy,NA,Abruzzo,1311580,1,0,3285,461
2020-06-27,Italy,NA,Abruzzo,1311580,0,0,3285,461
2020-06-28,Italy,NA,Abruzzo,1311580,1,1,3286,462
2020-06-29,Italy,NA,Abruzzo,1311580,1,0,3287,462
2020-06-30,Italy,NA,Abruzzo,1311580,0,2,3287,464
2020-07-01,Italy,NA,Abruzzo,1311580,2,0,3289,464
2020-07-02,Italy,NA,Abruzzo,1311580,3,0,3292,464
2020-07-03,Italy,NA,Abruzzo,1311580,6,0,3298,464
2020-07-04,Italy,NA,Abruzzo,1311580,7,0,3305,464
2020-07-05,Italy,NA,Abruzzo,1311580,4,0,3309,464
2020-07-06,Italy,NA,Abruzzo,1311580,0,0,3309,464
2020-07-07,Italy,NA,Abruzzo,1311580,0,0,3309,464
2020-07-08,Italy,NA,Abruzzo,1311580,1,0,3310,464
2020-07-09,Italy,NA,Abruzzo,1311580,8,0,3318,464
2020-07-10,Italy,NA,Abruzzo,1311580,3,0,3321,464
2020-07-11,Italy,NA,Abruzzo,1311580,2,0,3323,464
2020-07-12,Italy,NA,Abruzzo,1311580,5,1,3328,465
2020-07-13,Italy,NA,Abruzzo,1311580,0,1,3328,466
2020-07-14,Italy,NA,Abruzzo,1311580,0,1,3328,467
2020-07-15,Italy,NA,Abruzzo,1311580,3,0,3331,467
2020-07-16,Italy,NA,Abruzzo,1311580,2,1,3333,468
2020-07-17,Italy,NA,Abruzzo,1311580,1,0,3334,468
2020-07-18,Italy,NA,Abruzzo,1311580,1,0,3335,468
2020-07-19,Italy,NA,Abruzzo,1311580,1,0,3336,468
2020-07-20,Italy,NA,Abruzzo,1311580,6,0,3342,468
2020-07-21,Italy,NA,Abruzzo,1311580,2,2,3344,470
2020-07-22,Italy,NA,Abruzzo,1311580,0,0,3344,470
2020-07-23,Italy,NA,Abruzzo,1311580,10,0,3352,470
2020-07-24,Italy,NA,Abruzzo,1311580,4,0,3356,470
2020-07-25,Italy,NA,Abruzzo,1311580,3,0,3359,470
2020-07-26,Italy,NA,Abruzzo,1311580,1,0,3359,470
2020-07-27,Italy,NA,Abruzzo,1311580,9,1,3368,471
2020-07-28,Italy,NA,Abruzzo,1311580,1,1,3369,472
2020-07-29,Italy,NA,Abruzzo,1311580,4,0,3373,472
2020-07-30,Italy,NA,Abruzzo,1311580,4,0,3377,472
2020-07-31,Italy,NA,Abruzzo,1311580,5,0,3382,472
2020-08-01,Italy,NA,Abruzzo,1311580,5,0,3387,472
2020-08-02,Italy,NA,Abruzzo,1311580,2,0,3389,472
2020-08-03,Italy,NA,Abruzzo,1311580,9,0,3398,472
2020-08-04,Italy,NA,Abruzzo,1311580,3,0,3401,472
2020-08-05,Italy,NA,Abruzzo,1311580,19,0,3420,472
2020-08-06,Italy,NA,Abruzzo,1311580,15,0,3435,472
2020-08-07,Italy,NA,Abruzzo,1311580,39,0,3474,472
2020-08-08,Italy,NA,Abruzzo,1311580,12,0,3486,472
2020-08-09,Italy,NA,Abruzzo,1311580,16,0,3502,472
2020-08-10,Italy,NA,Abruzzo,1311580,7,0,3509,472
2020-08-11,Italy,NA,Abruzzo,1311580,3,0,3512,472
2020-08-12,Italy,NA,Abruzzo,1311580,9,0,3516,472
2020-08-13,Italy,NA,Abruzzo,1311580,16,0,3532,472
2020-08-14,Italy,NA,Abruzzo,1311580,13,0,3545,472
2020-08-15,Italy,NA,Abruzzo,1311580,13,0,3558,472
2020-08-16,Italy,NA,Abruzzo,1311580,2,0,3560,472
2020-08-17,Italy,NA,Abruzzo,1311580,5,0,3565,472
2020-08-18,Italy,NA,Abruzzo,1311580,5,0,3570,472
2020-08-19,Italy,NA,Abruzzo,1311580,7,0,3577,472
2020-08-20,Italy,NA,Abruzzo,1311580,4,0,3581,472
2020-08-21,Italy,NA,Abruzzo,1311580,23,0,3604,472
2020-08-22,Italy,NA,Abruzzo,1311580,24,0,3628,472
2020-08-23,Italy,NA,Abruzzo,1311580,21,0,3648,472
2020-08-24,Italy,NA,Abruzzo,1311580,4,0,3652,472
2020-08-25,Italy,NA,Abruzzo,1311580,10,0,3662,472
2020-08-26,Italy,NA,Abruzzo,1311580,26,0,3687,472
2020-08-27,Italy,NA,Abruzzo,1311580,18,0,3705,472
2020-08-28,Italy,NA,Abruzzo,1311580,20,0,3725,472
2020-08-29,Italy,NA,Abruzzo,1311580,14,0,3739,472
2020-08-30,Italy,NA,Abruzzo,1311580,34,0,3773,472
2020-08-31,Italy,NA,Abruzzo,1311580,4,0,3777,472
2020-09-01,Italy,NA,Abruzzo,1311580,5,0,3780,472
2020-09-02,Italy,NA,Abruzzo,1311580,24,0,3804,472
2020-09-03,Italy,NA,Abruzzo,1311580,24,0,3828,472
2020-09-04,Italy,NA,Abruzzo,1311580,25,0,3853,472
2020-09-05,Italy,NA,Abruzzo,1311580,13,0,3865,472
2020-09-06,Italy,NA,Abruzzo,1311580,26,0,3891,472
2020-09-07,Italy,NA,Abruzzo,1311580,15,0,3906,472
2020-09-08,Italy,NA,Abruzzo,1311580,14,0,3919,472
2020-09-09,Italy,NA,Abruzzo,1311580,5,0,3921,472
2020-09-10,Italy,NA,Abruzzo,1311580,11,0,3932,472
2020-09-11,Italy,NA,Abruzzo,1311580,35,0,3967,472
2020-09-12,Italy,NA,Abruzzo,1311580,11,0,3978,472
2020-09-13,Italy,NA,Abruzzo,1311580,37,0,4015,472
2020-09-14,Italy,NA,Abruzzo,1311580,1,1,4016,473
2020-09-15,Italy,NA,Abruzzo,1311580,18,0,4034,473
2020-03-09,Italy,NA,Aosta Valley,125666,6,0,15,0
2020-03-10,Italy,NA,Aosta Valley,125666,2,0,17,0
2020-03-11,Italy,NA,Aosta Valley,125666,3,1,20,1
2020-03-12,Italy,NA,Aosta Valley,125666,7,0,27,1
2020-03-13,Italy,NA,Aosta Valley,125666,1,0,28,1
2020-03-14,Italy,NA,Aosta Valley,125666,14,0,42,1
2020-03-15,Italy,NA,Aosta Valley,125666,15,0,57,1
2020-03-16,Italy,NA,Aosta Valley,125666,48,1,105,2
2020-03-17,Italy,NA,Aosta Valley,125666,31,0,136,2
2020-03-18,Italy,NA,Aosta Valley,125666,29,1,165,3
2020-03-19,Italy,NA,Aosta Valley,125666,50,3,215,6
2020-03-20,Italy,NA,Aosta Valley,125666,49,1,264,7
2020-03-21,Italy,NA,Aosta Valley,125666,49,1,313,8
2020-03-22,Italy,NA,Aosta Valley,125666,51,1,364,9
2020-03-23,Italy,NA,Aosta Valley,125666,29,3,393,12
2020-03-24,Italy,NA,Aosta Valley,125666,7,7,400,19
2020-03-25,Italy,NA,Aosta Valley,125666,1,5,401,24
2020-03-26,Italy,NA,Aosta Valley,125666,7,4,408,28
2020-03-27,Italy,NA,Aosta Valley,125666,44,9,452,37
2020-03-28,Italy,NA,Aosta Valley,125666,59,4,511,41
2020-03-29,Italy,NA,Aosta Valley,125666,73,2,584,43
2020-03-30,Italy,NA,Aosta Valley,125666,0,7,584,50
2020-03-31,Italy,NA,Aosta Valley,125666,44,6,628,56
2020-04-01,Italy,NA,Aosta Valley,125666,3,3,631,59
2020-04-02,Italy,NA,Aosta Valley,125666,37,4,668,63
2020-04-03,Italy,NA,Aosta Valley,125666,51,7,719,70
2020-04-04,Italy,NA,Aosta Valley,125666,29,12,748,82
2020-04-05,Italy,NA,Aosta Valley,125666,34,9,782,91
2020-04-06,Italy,NA,Aosta Valley,125666,23,5,805,96
2020-04-07,Italy,NA,Aosta Valley,125666,30,4,835,100
2020-04-08,Italy,NA,Aosta Valley,125666,15,2,850,102
2020-04-09,Italy,NA,Aosta Valley,125666,18,3,868,105
2020-04-10,Italy,NA,Aosta Valley,125666,11,2,879,107
2020-04-11,Italy,NA,Aosta Valley,125666,23,0,902,107
2020-04-12,Italy,NA,Aosta Valley,125666,19,5,921,112
2020-04-13,Italy,NA,Aosta Valley,125666,6,3,927,115
2020-04-14,Italy,NA,Aosta Valley,125666,20,3,947,118
2020-04-15,Italy,NA,Aosta Valley,125666,11,3,958,121
2020-04-16,Italy,NA,Aosta Valley,125666,13,1,971,122
2020-04-17,Italy,NA,Aosta Valley,125666,22,1,993,123
2020-04-18,Italy,NA,Aosta Valley,125666,80,1,1073,124
2020-04-19,Italy,NA,Aosta Valley,125666,15,1,1088,125
2020-04-20,Italy,NA,Aosta Valley,125666,0,2,1088,127
2020-04-21,Italy,NA,Aosta Valley,125666,5,0,1093,127
2020-04-22,Italy,NA,Aosta Valley,125666,2,1,1095,127
2020-04-23,Italy,NA,Aosta Valley,125666,1,0,1096,127
2020-04-24,Italy,NA,Aosta Valley,125666,4,2,1100,129
2020-04-25,Italy,NA,Aosta Valley,125666,0,1,1100,130
2020-04-26,Italy,NA,Aosta Valley,125666,6,1,1106,131
2020-04-27,Italy,NA,Aosta Valley,125666,5,2,1111,133
2020-04-28,Italy,NA,Aosta Valley,125666,8,2,1119,135
2020-04-29,Italy,NA,Aosta Valley,125666,5,2,1124,137
2020-04-30,Italy,NA,Aosta Valley,125666,4,0,1128,137
2020-05-01,Italy,NA,Aosta Valley,125666,5,0,1133,137
2020-05-02,Italy,NA,Aosta Valley,125666,3,0,1136,137
2020-05-03,Italy,NA,Aosta Valley,125666,6,1,1142,138
2020-05-04,Italy,NA,Aosta Valley,125666,1,1,1143,139
2020-05-05,Italy,NA,Aosta Valley,125666,0,0,1143,139
2020-05-06,Italy,NA,Aosta Valley,125666,3,0,1146,139
2020-05-07,Italy,NA,Aosta Valley,125666,4,0,1150,139
2020-05-08,Italy,NA,Aosta Valley,125666,1,0,1151,139
2020-05-09,Italy,NA,Aosta Valley,125666,1,0,1152,139
2020-05-10,Italy,NA,Aosta Valley,125666,5,0,1157,139
2020-05-11,Italy,NA,Aosta Valley,125666,1,0,1158,139
2020-05-12,Italy,NA,Aosta Valley,125666,2,1,1160,140
2020-05-13,Italy,NA,Aosta Valley,125666,3,1,1163,141
2020-05-14,Italy,NA,Aosta Valley,125666,3,0,1166,141
2020-05-15,Italy,NA,Aosta Valley,125666,6,1,1172,142
2020-05-16,Italy,NA,Aosta Valley,125666,1,0,1173,142
2020-05-17,Italy,NA,Aosta Valley,125666,0,1,1173,143
2020-05-18,Italy,NA,Aosta Valley,125666,1,0,1174,143
2020-05-19,Italy,NA,Aosta Valley,125666,1,0,1175,143
2020-05-20,Italy,NA,Aosta Valley,125666,0,0,1175,143
2020-05-21,Italy,NA,Aosta Valley,125666,1,0,1176,143
2020-05-22,Italy,NA,Aosta Valley,125666,1,0,1177,143
2020-05-23,Italy,NA,Aosta Valley,125666,0,0,1177,143
2020-05-24,Italy,NA,Aosta Valley,125666,1,0,1178,143
2020-05-25,Italy,NA,Aosta Valley,125666,1,0,1179,143
2020-05-26,Italy,NA,Aosta Valley,125666,2,0,1181,143
2020-05-27,Italy,NA,Aosta Valley,125666,0,0,1181,143
2020-05-28,Italy,NA,Aosta Valley,125666,1,0,1182,143
2020-05-29,Italy,NA,Aosta Valley,125666,0,0,1182,143
2020-05-30,Italy,NA,Aosta Valley,125666,1,0,1183,143
2020-05-31,Italy,NA,Aosta Valley,125666,1,0,1184,143
2020-06-01,Italy,NA,Aosta Valley,125666,3,0,1187,143
2020-06-02,Italy,NA,Aosta Valley,125666,0,0,1187,143
2020-06-03,Italy,NA,Aosta Valley,125666,0,0,1187,143
2020-06-04,Italy,NA,Aosta Valley,125666,0,0,1187,143
2020-06-05,Italy,NA,Aosta Valley,125666,0,0,1187,143
2020-06-06,Italy,NA,Aosta Valley,125666,2,1,1189,144
2020-06-07,Italy,NA,Aosta Valley,125666,2,0,1191,144
2020-06-08,Italy,NA,Aosta Valley,125666,0,0,1191,144
2020-06-09,Italy,NA,Aosta Valley,125666,0,0,1191,144
2020-06-10,Italy,NA,Aosta Valley,125666,0,0,1191,144
2020-06-11,Italy,NA,Aosta Valley,125666,0,0,1191,144
2020-06-12,Italy,NA,Aosta Valley,125666,0,0,1191,144
2020-06-13,Italy,NA,Aosta Valley,125666,0,0,1191,144
2020-06-14,Italy,NA,Aosta Valley,125666,0,0,1191,144
2020-06-15,Italy,NA,Aosta Valley,125666,0,0,1191,144
2020-06-16,Italy,NA,Aosta Valley,125666,0,0,1191,144
2020-06-17,Italy,NA,Aosta Valley,125666,0,0,1191,144
2020-06-18,Italy,NA,Aosta Valley,125666,0,1,1191,145
2020-06-19,Italy,NA,Aosta Valley,125666,0,1,1191,146
2020-06-20,Italy,NA,Aosta Valley,125666,2,0,1193,146
2020-06-21,Italy,NA,Aosta Valley,125666,0,0,1193,146
2020-06-22,Italy,NA,Aosta Valley,125666,0,0,1193,146
2020-06-23,Italy,NA,Aosta Valley,125666,0,0,1193,146
2020-06-24,Italy,NA,Aosta Valley,125666,1,0,1194,146
2020-06-25,Italy,NA,Aosta Valley,125666,0,0,1194,146
2020-06-26,Italy,NA,Aosta Valley,125666,0,0,1194,146
2020-06-27,Italy,NA,Aosta Valley,125666,0,0,1194,146
2020-06-28,Italy,NA,Aosta Valley,125666,0,0,1194,146
2020-06-29,Italy,NA,Aosta Valley,125666,0,0,1194,146
2020-06-30,Italy,NA,Aosta Valley,125666,1,0,1195,146
2020-07-01,Italy,NA,Aosta Valley,125666,0,0,1195,146
2020-07-02,Italy,NA,Aosta Valley,125666,0,0,1195,146
2020-07-03,Italy,NA,Aosta Valley,125666,1,0,1196,146
2020-07-04,Italy,NA,Aosta Valley,125666,0,0,1196,146
2020-07-05,Italy,NA,Aosta Valley,125666,0,0,1196,146
2020-07-06,Italy,NA,Aosta Valley,125666,0,0,1196,146
2020-07-07,Italy,NA,Aosta Valley,125666,0,0,1196,146
2020-07-08,Italy,NA,Aosta Valley,125666,0,0,1196,146
2020-07-09,Italy,NA,Aosta Valley,125666,0,0,1196,146
2020-07-10,Italy,NA,Aosta Valley,125666,0,0,1196,146
2020-07-11,Italy,NA,Aosta Valley,125666,0,0,1196,146
2020-07-12,Italy,NA,Aosta Valley,125666,0,0,1196,146
2020-07-13,Italy,NA,Aosta Valley,125666,0,0,1196,146
2020-07-14,Italy,NA,Aosta Valley,125666,0,0,1196,146
2020-07-15,Italy,NA,Aosta Valley,125666,0,0,1196,146
2020-07-16,Italy,NA,Aosta Valley,125666,0,0,1196,146
2020-07-17,Italy,NA,Aosta Valley,125666,0,0,1196,146
2020-07-18,Italy,NA,Aosta Valley,125666,0,0,1196,146
2020-07-19,Italy,NA,Aosta Valley,125666,0,0,1196,146
2020-07-20,Italy,NA,Aosta Valley,125666,0,0,1196,146
2020-07-21,Italy,NA,Aosta Valley,125666,0,0,1196,146
2020-07-22,Italy,NA,Aosta Valley,125666,0,0,1196,146
2020-07-23,Italy,NA,Aosta Valley,125666,0,0,1196,146
2020-07-24,Italy,NA,Aosta Valley,125666,0,0,1196,146
2020-07-25,Italy,NA,Aosta Valley,125666,0,0,1196,146
2020-07-26,Italy,NA,Aosta Valley,125666,0,0,1196,146
2020-07-27,Italy,NA,Aosta Valley,125666,0,0,1196,146
2020-07-28,Italy,NA,Aosta Valley,125666,10,0,1206,146
2020-07-29,Italy,NA,Aosta Valley,125666,2,0,1208,146
2020-07-30,Italy,NA,Aosta Valley,125666,0,0,1208,146
2020-07-31,Italy,NA,Aosta Valley,125666,0,0,1208,146
2020-08-01,Italy,NA,Aosta Valley,125666,0,0,1208,146
2020-08-02,Italy,NA,Aosta Valley,125666,1,0,1209,146
2020-08-03,Italy,NA,Aosta Valley,125666,0,0,1209,146
2020-08-04,Italy,NA,Aosta Valley,125666,0,0,1209,146
2020-08-05,Italy,NA,Aosta Valley,125666,0,0,1209,146
2020-08-06,Italy,NA,Aosta Valley,125666,1,0,1210,146
2020-08-07,Italy,NA,Aosta Valley,125666,4,0,1214,146
2020-08-08,Italy,NA,Aosta Valley,125666,2,0,1216,146
2020-08-09,Italy,NA,Aosta Valley,125666,0,0,1216,146
2020-08-10,Italy,NA,Aosta Valley,125666,1,0,1217,146
2020-08-11,Italy,NA,Aosta Valley,125666,0,0,1217,146
2020-08-12,Italy,NA,Aosta Valley,125666,0,0,1217,146
2020-08-13,Italy,NA,Aosta Valley,125666,0,0,1217,146
2020-08-14,Italy,NA,Aosta Valley,125666,0,0,1217,146
2020-08-15,Italy,NA,Aosta Valley,125666,0,0,1217,146
2020-08-16,Italy,NA,Aosta Valley,125666,0,0,1217,146
2020-08-17,Italy,NA,Aosta Valley,125666,1,0,1218,146
2020-08-18,Italy,NA,Aosta Valley,125666,0,0,1218,146
2020-08-19,Italy,NA,Aosta Valley,125666,2,0,1220,146
2020-08-20,Italy,NA,Aosta Valley,125666,1,0,1221,146
2020-08-21,Italy,NA,Aosta Valley,125666,0,0,1221,146
2020-08-22,Italy,NA,Aosta Valley,125666,0,0,1221,146
2020-08-23,Italy,NA,Aosta Valley,125666,0,0,1221,146
2020-08-24,Italy,NA,Aosta Valley,125666,0,0,1221,146
2020-08-25,Italy,NA,Aosta Valley,125666,2,0,1223,146
2020-08-26,Italy,NA,Aosta Valley,125666,0,0,1223,146
2020-08-27,Italy,NA,Aosta Valley,125666,1,0,1224,146
2020-08-28,Italy,NA,Aosta Valley,125666,2,0,1226,146
2020-08-29,Italy,NA,Aosta Valley,125666,4,0,1230,146
2020-08-30,Italy,NA,Aosta Valley,125666,2,0,1232,146
2020-08-31,Italy,NA,Aosta Valley,125666,9,0,1241,146
2020-09-01,Italy,NA,Aosta Valley,125666,0,0,1241,146
2020-09-02,Italy,NA,Aosta Valley,125666,2,0,1243,146
2020-09-03,Italy,NA,Aosta Valley,125666,4,0,1247,146
2020-09-04,Italy,NA,Aosta Valley,125666,2,0,1249,146
2020-09-05,Italy,NA,Aosta Valley,125666,0,0,1249,146
2020-09-06,Italy,NA,Aosta Valley,125666,0,0,1249,146
2020-09-07,Italy,NA,Aosta Valley,125666,0,0,1249,146
2020-09-08,Italy,NA,Aosta Valley,125666,5,0,1254,146
2020-09-09,Italy,NA,Aosta Valley,125666,0,0,1254,146
2020-09-10,Italy,NA,Aosta Valley,125666,0,0,1254,146
2020-09-11,Italy,NA,Aosta Valley,125666,3,0,1257,146
2020-09-12,Italy,NA,Aosta Valley,125666,1,0,1258,146
2020-09-13,Italy,NA,Aosta Valley,125666,2,0,1260,146
2020-09-14,Italy,NA,Aosta Valley,125666,3,0,1263,146
2020-09-15,Italy,NA,Aosta Valley,125666,3,0,1266,146
2020-03-05,Italy,NA,Apulia,4029053,5,0,14,1
2020-03-06,Italy,NA,Apulia,4029053,3,0,17,1
2020-03-07,Italy,NA,Apulia,4029053,9,1,26,2
2020-03-08,Italy,NA,Apulia,4029053,14,1,40,3
2020-03-09,Italy,NA,Apulia,4029053,10,0,50,3
2020-03-10,Italy,NA,Apulia,4029053,9,0,59,3
2020-03-11,Italy,NA,Apulia,4029053,18,2,77,5
2020-03-12,Italy,NA,Apulia,4029053,27,0,104,5
2020-03-13,Italy,NA,Apulia,4029053,25,0,129,5
2020-03-14,Italy,NA,Apulia,4029053,37,3,166,8
2020-03-15,Italy,NA,Apulia,4029053,64,8,230,16
2020-03-16,Italy,NA,Apulia,4029053,0,0,230,16
2020-03-17,Italy,NA,Apulia,4029053,110,2,340,18
2020-03-18,Italy,NA,Apulia,4029053,43,1,383,19
2020-03-19,Italy,NA,Apulia,4029053,95,6,478,25
2020-03-20,Italy,NA,Apulia,4029053,103,1,581,26
2020-03-21,Italy,NA,Apulia,4029053,94,3,675,29
2020-03-22,Italy,NA,Apulia,4029053,111,2,786,31
2020-03-23,Italy,NA,Apulia,4029053,120,6,906,37
2020-03-24,Italy,NA,Apulia,4029053,99,7,1005,44
2020-03-25,Italy,NA,Apulia,4029053,88,4,1093,48
2020-03-26,Italy,NA,Apulia,4029053,89,17,1182,65
2020-03-27,Italy,NA,Apulia,4029053,152,4,1334,69
2020-03-28,Italy,NA,Apulia,4029053,124,2,1458,71
2020-03-29,Italy,NA,Apulia,4029053,91,15,1549,86
2020-03-30,Italy,NA,Apulia,4029053,163,5,1712,91
2020-03-31,Italy,NA,Apulia,4029053,91,19,1803,110
2020-04-01,Italy,NA,Apulia,4029053,143,19,1946,129
2020-04-02,Italy,NA,Apulia,4029053,131,15,2077,144
2020-04-03,Italy,NA,Apulia,4029053,105,20,2182,164
2020-04-04,Italy,NA,Apulia,4029053,58,9,2240,173
2020-04-05,Italy,NA,Apulia,4029053,77,9,2317,182
2020-04-06,Italy,NA,Apulia,4029053,127,13,2444,195
2020-04-07,Italy,NA,Apulia,4029053,70,14,2514,209
2020-04-08,Italy,NA,Apulia,4029053,120,10,2634,219
2020-04-09,Italy,NA,Apulia,4029053,82,6,2716,225
2020-04-10,Italy,NA,Apulia,4029053,93,13,2809,238
2020-04-11,Italy,NA,Apulia,4029053,95,15,2904,253
2020-04-12,Italy,NA,Apulia,4029053,85,7,2989,260
2020-04-13,Italy,NA,Apulia,4029053,76,7,3065,267
2020-04-14,Italy,NA,Apulia,4029053,53,11,3118,278
2020-04-15,Italy,NA,Apulia,4029053,66,10,3184,288
2020-04-16,Italy,NA,Apulia,4029053,74,11,3258,299
2020-04-17,Italy,NA,Apulia,4029053,69,8,3327,307
2020-04-18,Italy,NA,Apulia,4029053,82,7,3409,314
2020-04-19,Italy,NA,Apulia,4029053,120,2,3529,316
2020-04-20,Italy,NA,Apulia,4029053,38,10,3567,326
2020-04-21,Italy,NA,Apulia,4029053,55,25,3622,351
2020-04-22,Italy,NA,Apulia,4029053,108,11,3730,362
2020-04-23,Italy,NA,Apulia,4029053,109,10,3839,372
2020-04-24,Italy,NA,Apulia,4029053,42,11,3881,383
2020-04-25,Italy,NA,Apulia,4029053,31,8,3912,391
2020-04-26,Italy,NA,Apulia,4029053,36,8,3948,399
2020-04-27,Italy,NA,Apulia,4029053,10,6,3958,405
2020-04-28,Italy,NA,Apulia,4029053,22,2,3980,407
2020-04-29,Italy,NA,Apulia,4029053,49,3,4029,410
2020-04-30,Italy,NA,Apulia,4029053,43,5,4072,415
2020-05-01,Italy,NA,Apulia,4029053,27,6,4099,421
2020-05-02,Italy,NA,Apulia,4029053,34,1,4133,422
2020-05-03,Italy,NA,Apulia,4029053,11,2,4144,424
2020-05-04,Italy,NA,Apulia,4029053,9,5,4153,429
2020-05-05,Italy,NA,Apulia,4029053,17,4,4170,433
2020-05-06,Italy,NA,Apulia,4029053,26,5,4196,438
2020-05-07,Italy,NA,Apulia,4029053,49,3,4245,441
2020-05-08,Italy,NA,Apulia,4029053,11,2,4256,443
2020-05-09,Italy,NA,Apulia,4029053,30,0,4286,443
2020-05-10,Italy,NA,Apulia,4029053,27,5,4313,448
2020-05-11,Italy,NA,Apulia,4029053,14,3,4327,451
2020-05-12,Italy,NA,Apulia,4029053,10,5,4337,456
2020-05-13,Italy,NA,Apulia,4029053,11,4,4348,460
2020-05-14,Italy,NA,Apulia,4029053,9,1,4357,461
2020-05-15,Italy,NA,Apulia,4029053,9,0,4366,461
2020-05-16,Italy,NA,Apulia,4029053,8,2,4374,463
2020-05-17,Italy,NA,Apulia,4029053,5,7,4379,470
2020-05-18,Italy,NA,Apulia,4029053,7,1,4386,471
2020-05-19,Italy,NA,Apulia,4029053,10,2,4396,473
2020-05-20,Italy,NA,Apulia,4029053,11,5,4407,478
2020-05-21,Italy,NA,Apulia,4029053,6,0,4413,478
2020-05-22,Italy,NA,Apulia,4029053,27,4,4440,482
2020-05-23,Italy,NA,Apulia,4029053,8,4,4448,486
2020-05-24,Italy,NA,Apulia,4029053,10,1,4458,487
2020-05-25,Italy,NA,Apulia,4029053,9,4,4467,491
2020-05-26,Italy,NA,Apulia,4029053,2,3,4469,494
2020-05-27,Italy,NA,Apulia,4029053,10,1,4479,495
2020-05-28,Italy,NA,Apulia,4029053,2,1,4481,496
2020-05-29,Italy,NA,Apulia,4029053,1,4,4482,500
2020-05-30,Italy,NA,Apulia,4029053,8,0,4490,500
2020-05-31,Italy,NA,Apulia,4029053,4,4,4494,504
2020-06-01,Italy,NA,Apulia,4029053,4,2,4498,506
2020-06-02,Italy,NA,Apulia,4029053,0,2,4498,508
2020-06-03,Italy,NA,Apulia,4029053,1,3,4499,511
2020-06-04,Italy,NA,Apulia,4029053,4,3,4503,514
2020-06-05,Italy,NA,Apulia,4029053,4,7,4507,521
2020-06-06,Italy,NA,Apulia,4029053,4,1,4511,522
2020-06-07,Italy,NA,Apulia,4029053,0,3,4511,525
2020-06-08,Italy,NA,Apulia,4029053,1,0,4512,525
2020-06-09,Italy,NA,Apulia,4029053,0,1,4512,526
2020-06-10,Italy,NA,Apulia,4029053,0,3,4512,529
2020-06-11,Italy,NA,Apulia,4029053,1,1,4513,530
2020-06-12,Italy,NA,Apulia,4029053,2,2,4515,532
2020-06-13,Italy,NA,Apulia,4029053,0,0,4515,532
2020-06-14,Italy,NA,Apulia,4029053,0,0,4515,532
2020-06-15,Italy,NA,Apulia,4029053,1,2,4516,534
2020-06-16,Italy,NA,Apulia,4029053,0,1,4516,535
2020-06-17,Italy,NA,Apulia,4029053,0,1,4516,536
2020-06-18,Italy,NA,Apulia,4029053,3,2,4519,538
2020-06-19,Italy,NA,Apulia,4029053,1,0,4520,538
2020-06-20,Italy,NA,Apulia,4029053,5,2,4525,540
2020-06-21,Italy,NA,Apulia,4029053,2,0,4527,540
2020-06-22,Italy,NA,Apulia,4029053,0,0,4527,540
2020-06-23,Italy,NA,Apulia,4029053,2,2,4529,542
2020-06-24,Italy,NA,Apulia,4029053,0,1,4529,543
2020-06-25,Italy,NA,Apulia,4029053,1,0,4530,543
2020-06-26,Italy,NA,Apulia,4029053,1,0,4531,543
2020-06-27,Italy,NA,Apulia,4029053,0,0,4531,543
2020-06-28,Italy,NA,Apulia,4029053,0,0,4531,543
2020-06-29,Italy,NA,Apulia,4029053,0,0,4531,543
2020-06-30,Italy,NA,Apulia,4029053,0,2,4531,545
2020-07-01,Italy,NA,Apulia,4029053,0,0,4531,545
2020-07-02,Italy,NA,Apulia,4029053,0,0,4531,545
2020-07-03,Italy,NA,Apulia,4029053,3,0,4533,545
2020-07-04,Italy,NA,Apulia,4029053,3,0,4536,545
2020-07-05,Italy,NA,Apulia,4029053,0,0,4536,545
2020-07-06,Italy,NA,Apulia,4029053,0,0,4536,545
2020-07-07,Italy,NA,Apulia,4029053,0,1,4536,546
2020-07-08,Italy,NA,Apulia,4029053,1,0,4536,546
2020-07-09,Italy,NA,Apulia,4029053,0,0,4536,546
2020-07-10,Italy,NA,Apulia,4029053,4,0,4540,546
2020-07-11,Italy,NA,Apulia,4029053,1,0,4541,546
2020-07-12,Italy,NA,Apulia,4029053,0,0,4541,546
2020-07-13,Italy,NA,Apulia,4029053,0,1,4541,547
2020-07-14,Italy,NA,Apulia,4029053,0,0,4541,547
2020-07-15,Italy,NA,Apulia,4029053,0,0,4541,547
2020-07-16,Italy,NA,Apulia,4029053,1,1,4542,548
2020-07-17,Italy,NA,Apulia,4029053,5,0,4547,548
2020-07-18,Italy,NA,Apulia,4029053,3,0,4550,548
2020-07-19,Italy,NA,Apulia,4029053,7,0,4557,548
2020-07-20,Italy,NA,Apulia,4029053,0,0,4557,548
2020-07-21,Italy,NA,Apulia,4029053,0,0,4557,548
2020-07-22,Italy,NA,Apulia,4029053,0,0,4557,548
2020-07-23,Italy,NA,Apulia,4029053,9,0,4565,548
2020-07-24,Italy,NA,Apulia,4029053,13,1,4578,549
2020-07-25,Italy,NA,Apulia,4029053,8,0,4586,549
2020-07-26,Italy,NA,Apulia,4029053,3,1,4589,550
2020-07-27,Italy,NA,Apulia,4029053,3,1,4592,551
2020-07-28,Italy,NA,Apulia,4029053,4,0,4596,551
2020-07-29,Italy,NA,Apulia,4029053,10,0,4606,551
2020-07-30,Italy,NA,Apulia,4029053,3,0,4609,551
2020-07-31,Italy,NA,Apulia,4029053,2,1,4611,552
2020-08-01,Italy,NA,Apulia,4029053,20,0,4631,552
2020-08-02,Italy,NA,Apulia,4029053,8,0,4639,552
2020-08-03,Italy,NA,Apulia,4029053,9,1,4648,553
2020-08-04,Italy,NA,Apulia,4029053,7,0,4655,553
2020-08-05,Italy,NA,Apulia,4029053,23,0,4678,553
2020-08-06,Italy,NA,Apulia,4029053,7,0,4685,553
2020-08-07,Italy,NA,Apulia,4029053,11,0,4696,553
2020-08-08,Italy,NA,Apulia,4029053,9,1,4705,554
2020-08-09,Italy,NA,Apulia,4029053,9,0,4714,554
2020-08-10,Italy,NA,Apulia,4029053,26,0,4740,554
2020-08-11,Italy,NA,Apulia,4029053,20,0,4760,554
2020-08-12,Italy,NA,Apulia,4029053,33,0,4793,554
2020-08-13,Italy,NA,Apulia,4029053,16,0,4809,554
2020-08-14,Italy,NA,Apulia,4029053,12,0,4821,554
2020-08-15,Italy,NA,Apulia,4029053,22,0,4843,554
2020-08-16,Italy,NA,Apulia,4029053,15,0,4858,554
2020-08-17,Italy,NA,Apulia,4029053,4,1,4862,555
2020-08-18,Italy,NA,Apulia,4029053,20,0,4882,555
2020-08-19,Italy,NA,Apulia,4029053,33,0,4915,555
2020-08-20,Italy,NA,Apulia,4029053,20,0,4935,555
2020-08-21,Italy,NA,Apulia,4029053,35,0,4970,555
2020-08-22,Italy,NA,Apulia,4029053,22,0,4992,555
2020-08-23,Italy,NA,Apulia,4029053,33,0,5025,555
2020-08-24,Italy,NA,Apulia,4029053,45,0,5070,555
2020-08-25,Italy,NA,Apulia,4029053,49,0,5119,555
2020-08-26,Italy,NA,Apulia,4029053,51,0,5170,555
2020-08-27,Italy,NA,Apulia,4029053,47,1,5217,556
2020-08-28,Italy,NA,Apulia,4029053,51,0,5268,556
2020-08-29,Italy,NA,Apulia,4029053,65,0,5333,556
2020-08-30,Italy,NA,Apulia,4029053,69,0,5402,556
2020-08-31,Italy,NA,Apulia,4029053,38,0,5440,556
2020-09-01,Italy,NA,Apulia,4029053,39,1,5479,557
2020-09-02,Italy,NA,Apulia,4029053,67,0,5546,557
2020-09-03,Italy,NA,Apulia,4029053,78,3,5624,560
2020-09-04,Italy,NA,Apulia,4029053,117,0,5741,560
2020-09-05,Italy,NA,Apulia,4029053,55,2,5796,562
2020-09-06,Italy,NA,Apulia,4029053,60,1,5856,563
2020-09-07,Italy,NA,Apulia,4029053,43,2,5899,565
2020-09-08,Italy,NA,Apulia,4029053,143,2,6042,567
2020-09-09,Italy,NA,Apulia,4029053,97,0,6139,567
2020-09-10,Italy,NA,Apulia,4029053,70,3,6209,570
2020-09-11,Italy,NA,Apulia,4029053,82,0,6291,570
2020-09-12,Italy,NA,Apulia,4029053,76,0,6367,570
2020-09-13,Italy,NA,Apulia,4029053,82,0,6449,570
2020-09-14,Italy,NA,Apulia,4029053,61,2,6510,572
2020-09-15,Italy,NA,Apulia,4029053,76,1,6586,573
2020-03-15,Italy,NA,Basilicata,562869,1,0,11,0
2020-03-16,Italy,NA,Basilicata,562869,1,0,12,0
2020-03-17,Italy,NA,Basilicata,562869,8,0,20,0
2020-03-18,Italy,NA,Basilicata,562869,7,0,27,0
2020-03-19,Italy,NA,Basilicata,562869,10,0,37,0
2020-03-20,Italy,NA,Basilicata,562869,15,0,52,0
2020-03-21,Italy,NA,Basilicata,562869,14,0,66,0
2020-03-22,Italy,NA,Basilicata,562869,15,0,81,0
2020-03-23,Italy,NA,Basilicata,562869,9,1,90,1
2020-03-24,Italy,NA,Basilicata,562869,2,0,92,1
2020-03-25,Italy,NA,Basilicata,562869,21,0,113,1
2020-03-26,Italy,NA,Basilicata,562869,21,0,134,1
2020-03-27,Italy,NA,Basilicata,562869,17,2,151,3
2020-03-28,Italy,NA,Basilicata,562869,31,0,182,3
2020-03-29,Italy,NA,Basilicata,562869,20,1,202,4
2020-03-30,Italy,NA,Basilicata,562869,12,1,214,5
2020-03-31,Italy,NA,Basilicata,562869,12,2,226,7
2020-04-01,Italy,NA,Basilicata,562869,11,2,237,9
2020-04-02,Italy,NA,Basilicata,562869,9,1,246,10
2020-04-03,Italy,NA,Basilicata,562869,15,1,261,11
2020-04-04,Italy,NA,Basilicata,562869,3,0,264,11
2020-04-05,Italy,NA,Basilicata,562869,14,2,278,13
2020-04-06,Italy,NA,Basilicata,562869,9,0,287,13
2020-04-07,Italy,NA,Basilicata,562869,4,1,291,14
2020-04-08,Italy,NA,Basilicata,562869,6,0,297,14
2020-04-09,Italy,NA,Basilicata,562869,6,1,303,15
2020-04-10,Italy,NA,Basilicata,562869,5,0,308,15
2020-04-11,Italy,NA,Basilicata,562869,4,2,312,17
2020-04-12,Italy,NA,Basilicata,562869,3,1,315,18
2020-04-13,Italy,NA,Basilicata,562869,4,0,319,18
2020-04-14,Italy,NA,Basilicata,562869,0,1,319,19
2020-04-15,Italy,NA,Basilicata,562869,1,2,320,21
2020-04-16,Italy,NA,Basilicata,562869,16,1,336,22
2020-04-17,Italy,NA,Basilicata,562869,1,0,337,22
2020-04-18,Italy,NA,Basilicata,562869,2,1,339,23
2020-04-19,Italy,NA,Basilicata,562869,3,1,342,24
2020-04-20,Italy,NA,Basilicata,562869,0,0,342,24
2020-04-21,Italy,NA,Basilicata,562869,8,0,350,24
2020-04-22,Italy,NA,Basilicata,562869,4,0,354,24
2020-04-23,Italy,NA,Basilicata,562869,2,0,356,24
2020-04-24,Italy,NA,Basilicata,562869,4,0,360,24
2020-04-25,Italy,NA,Basilicata,562869,1,1,361,25
2020-04-26,Italy,NA,Basilicata,562869,5,0,366,25
2020-04-27,Italy,NA,Basilicata,562869,0,0,366,25
2020-04-28,Italy,NA,Basilicata,562869,0,0,366,25
2020-04-29,Italy,NA,Basilicata,562869,0,0,366,25
2020-04-30,Italy,NA,Basilicata,562869,1,0,367,25
2020-05-01,Italy,NA,Basilicata,562869,11,0,378,25
2020-05-02,Italy,NA,Basilicata,562869,2,0,380,25
2020-05-03,Italy,NA,Basilicata,562869,6,0,386,25
2020-05-04,Italy,NA,Basilicata,562869,0,0,386,25
2020-05-05,Italy,NA,Basilicata,562869,10,0,396,25
2020-05-06,Italy,NA,Basilicata,562869,3,0,399,25
2020-05-07,Italy,NA,Basilicata,562869,0,1,399,26
2020-05-08,Italy,NA,Basilicata,562869,0,0,399,26
2020-05-09,Italy,NA,Basilicata,562869,0,1,399,27
2020-05-10,Italy,NA,Basilicata,562869,3,0,399,27
2020-05-11,Italy,NA,Basilicata,562869,1,0,399,27
2020-05-12,Italy,NA,Basilicata,562869,1,0,399,27
2020-05-13,Italy,NA,Basilicata,562869,2,0,399,27
2020-05-14,Italy,NA,Basilicata,562869,0,0,399,27
2020-05-15,Italy,NA,Basilicata,562869,0,0,399,27
2020-05-16,Italy,NA,Basilicata,562869,1,0,399,27
2020-05-17,Italy,NA,Basilicata,562869,2,0,399,27
2020-05-18,Italy,NA,Basilicata,562869,0,0,399,27
2020-05-19,Italy,NA,Basilicata,562869,1,0,399,27
2020-05-20,Italy,NA,Basilicata,562869,0,0,399,27
2020-05-21,Italy,NA,Basilicata,562869,1,0,399,27
2020-05-22,Italy,NA,Basilicata,562869,0,0,399,27
2020-05-23,Italy,NA,Basilicata,562869,4,0,399,27
2020-05-24,Italy,NA,Basilicata,562869,1,0,399,27
2020-05-25,Italy,NA,Basilicata,562869,0,0,399,27
2020-05-26,Italy,NA,Basilicata,562869,0,0,399,27
2020-05-27,Italy,NA,Basilicata,562869,0,0,399,27
2020-05-28,Italy,NA,Basilicata,562869,0,0,399,27
2020-05-29,Italy,NA,Basilicata,562869,0,0,399,27
2020-05-30,Italy,NA,Basilicata,562869,0,0,399,27
2020-05-31,Italy,NA,Basilicata,562869,0,0,399,27
2020-06-01,Italy,NA,Basilicata,562869,0,0,399,27
2020-06-02,Italy,NA,Basilicata,562869,0,0,399,27
2020-06-03,Italy,NA,Basilicata,562869,0,0,399,27
2020-06-04,Italy,NA,Basilicata,562869,0,0,399,27
2020-06-05,Italy,NA,Basilicata,562869,0,0,399,27
2020-06-06,Italy,NA,Basilicata,562869,0,0,399,27
2020-06-07,Italy,NA,Basilicata,562869,0,0,399,27
2020-06-08,Italy,NA,Basilicata,562869,0,0,399,27
2020-06-09,Italy,NA,Basilicata,562869,1,0,400,27
2020-06-10,Italy,NA,Basilicata,562869,0,0,400,27
2020-06-11,Italy,NA,Basilicata,562869,1,0,401,27
2020-06-12,Italy,NA,Basilicata,562869,0,0,401,27
2020-06-13,Italy,NA,Basilicata,562869,0,0,401,27
2020-06-14,Italy,NA,Basilicata,562869,0,0,401,27
2020-06-15,Italy,NA,Basilicata,562869,0,0,401,27
2020-06-16,Italy,NA,Basilicata,562869,0,0,401,27
2020-06-17,Italy,NA,Basilicata,562869,0,0,401,27
2020-06-18,Italy,NA,Basilicata,562869,0,0,401,27
2020-06-19,Italy,NA,Basilicata,562869,0,0,401,27
2020-06-20,Italy,NA,Basilicata,562869,0,0,401,27
2020-06-21,Italy,NA,Basilicata,562869,0,0,401,27
2020-06-22,Italy,NA,Basilicata,562869,0,0,401,27
2020-06-23,Italy,NA,Basilicata,562869,0,0,401,27
2020-06-24,Italy,NA,Basilicata,562869,0,0,401,27
2020-06-25,Italy,NA,Basilicata,562869,0,0,401,27
2020-06-26,Italy,NA,Basilicata,562869,0,0,401,27
2020-06-27,Italy,NA,Basilicata,562869,0,0,401,27
2020-06-28,Italy,NA,Basilicata,562869,0,0,401,27
2020-06-29,Italy,NA,Basilicata,562869,1,0,402,27
2020-06-30,Italy,NA,Basilicata,562869,0,0,402,27
2020-07-01,Italy,NA,Basilicata,562869,0,0,402,27
2020-07-02,Italy,NA,Basilicata,562869,0,0,402,27
2020-07-03,Italy,NA,Basilicata,562869,2,0,404,27
2020-07-04,Italy,NA,Basilicata,562869,0,0,404,27
2020-07-05,Italy,NA,Basilicata,562869,0,0,404,27
2020-07-06,Italy,NA,Basilicata,562869,0,0,404,27
2020-07-07,Italy,NA,Basilicata,562869,0,0,404,27
2020-07-08,Italy,NA,Basilicata,562869,1,0,405,27
2020-07-09,Italy,NA,Basilicata,562869,0,0,405,27
2020-07-10,Italy,NA,Basilicata,562869,0,0,405,27
2020-07-11,Italy,NA,Basilicata,562869,1,0,406,27
2020-07-12,Italy,NA,Basilicata,562869,0,0,406,27
2020-07-13,Italy,NA,Basilicata,562869,0,0,406,27
2020-07-14,Italy,NA,Basilicata,562869,0,0,406,27
2020-07-15,Italy,NA,Basilicata,562869,0,0,406,27
2020-07-16,Italy,NA,Basilicata,562869,0,0,406,27
2020-07-17,Italy,NA,Basilicata,562869,0,0,406,27
2020-07-18,Italy,NA,Basilicata,562869,0,0,406,27
2020-07-19,Italy,NA,Basilicata,562869,3,1,408,28
2020-07-20,Italy,NA,Basilicata,562869,0,0,408,28
2020-07-21,Italy,NA,Basilicata,562869,0,0,408,28
2020-07-22,Italy,NA,Basilicata,562869,36,0,444,28
2020-07-23,Italy,NA,Basilicata,562869,3,0,447,28
2020-07-24,Italy,NA,Basilicata,562869,0,0,447,28
2020-07-25,Italy,NA,Basilicata,562869,1,0,448,28
2020-07-26,Italy,NA,Basilicata,562869,0,0,448,28
2020-07-27,Italy,NA,Basilicata,562869,1,0,449,28
2020-07-28,Italy,NA,Basilicata,562869,0,0,449,28
2020-07-29,Italy,NA,Basilicata,562869,0,0,449,28
2020-07-30,Italy,NA,Basilicata,562869,0,0,449,28
2020-07-31,Italy,NA,Basilicata,562869,3,0,452,28
2020-08-01,Italy,NA,Basilicata,562869,0,0,452,28
2020-08-02,Italy,NA,Basilicata,562869,1,0,453,28
2020-08-03,Italy,NA,Basilicata,562869,0,0,453,28
2020-08-04,Italy,NA,Basilicata,562869,0,0,453,28
2020-08-05,Italy,NA,Basilicata,562869,1,0,454,28
2020-08-06,Italy,NA,Basilicata,562869,0,0,454,28
2020-08-07,Italy,NA,Basilicata,562869,21,0,475,28
2020-08-08,Italy,NA,Basilicata,562869,1,0,476,28
2020-08-09,Italy,NA,Basilicata,562869,0,0,476,28
2020-08-10,Italy,NA,Basilicata,562869,0,0,476,28
2020-08-11,Italy,NA,Basilicata,562869,1,0,477,28
2020-08-12,Italy,NA,Basilicata,562869,0,0,477,28
2020-08-13,Italy,NA,Basilicata,562869,1,0,478,28
2020-08-14,Italy,NA,Basilicata,562869,4,0,482,28
2020-08-15,Italy,NA,Basilicata,562869,4,0,486,28
2020-08-16,Italy,NA,Basilicata,562869,0,0,486,28
2020-08-17,Italy,NA,Basilicata,562869,0,0,486,28
2020-08-18,Italy,NA,Basilicata,562869,8,0,491,28
2020-08-19,Italy,NA,Basilicata,562869,1,0,492,28
2020-08-20,Italy,NA,Basilicata,562869,2,0,494,28
2020-08-21,Italy,NA,Basilicata,562869,0,0,494,28
2020-08-22,Italy,NA,Basilicata,562869,3,0,497,28
2020-08-23,Italy,NA,Basilicata,562869,5,0,502,28
2020-08-24,Italy,NA,Basilicata,562869,0,0,502,28
2020-08-25,Italy,NA,Basilicata,562869,3,0,505,28
2020-08-26,Italy,NA,Basilicata,562869,3,0,508,28
2020-08-27,Italy,NA,Basilicata,562869,6,0,514,28
2020-08-28,Italy,NA,Basilicata,562869,4,0,518,28
2020-08-29,Italy,NA,Basilicata,562869,5,0,523,28
2020-08-30,Italy,NA,Basilicata,562869,1,0,524,28
2020-08-31,Italy,NA,Basilicata,562869,0,0,524,28
2020-09-01,Italy,NA,Basilicata,562869,1,0,524,28
2020-09-02,Italy,NA,Basilicata,562869,2,0,526,28
2020-09-03,Italy,NA,Basilicata,562869,15,0,541,28
2020-09-04,Italy,NA,Basilicata,562869,7,0,548,28
2020-09-05,Italy,NA,Basilicata,562869,7,0,555,28
2020-09-06,Italy,NA,Basilicata,562869,9,0,564,28
2020-09-07,Italy,NA,Basilicata,562869,1,0,565,28
2020-09-08,Italy,NA,Basilicata,562869,8,0,573,28
2020-09-09,Italy,NA,Basilicata,562869,14,0,587,28
2020-09-10,Italy,NA,Basilicata,562869,6,0,593,28
2020-09-11,Italy,NA,Basilicata,562869,12,0,605,28
2020-09-12,Italy,NA,Basilicata,562869,5,0,610,28
2020-09-13,Italy,NA,Basilicata,562869,3,0,613,28
2020-09-14,Italy,NA,Basilicata,562869,0,0,613,28
2020-09-15,Italy,NA,Basilicata,562869,5,0,618,28
2020-03-09,Italy,NA,Calabria,1947131,2,0,11,0
2020-03-10,Italy,NA,Calabria,1947131,2,0,13,0
2020-03-11,Italy,NA,Calabria,1947131,6,0,19,0
2020-03-12,Italy,NA,Calabria,1947131,14,0,33,0
2020-03-13,Italy,NA,Calabria,1947131,5,0,38,0
2020-03-14,Italy,NA,Calabria,1947131,22,0,60,0
2020-03-15,Italy,NA,Calabria,1947131,8,1,68,1
2020-03-16,Italy,NA,Calabria,1947131,21,0,89,1
2020-03-17,Italy,NA,Calabria,1947131,25,0,114,1
2020-03-18,Italy,NA,Calabria,1947131,15,0,129,1
2020-03-19,Italy,NA,Calabria,1947131,40,2,169,3
2020-03-20,Italy,NA,Calabria,1947131,38,1,207,4
2020-03-21,Italy,NA,Calabria,1947131,28,1,235,5
2020-03-22,Italy,NA,Calabria,1947131,38,3,273,8
2020-03-23,Italy,NA,Calabria,1947131,19,0,292,8
2020-03-24,Italy,NA,Calabria,1947131,27,3,319,10
2020-03-25,Italy,NA,Calabria,1947131,32,1,351,11
2020-03-26,Italy,NA,Calabria,1947131,42,3,393,14
2020-03-27,Italy,NA,Calabria,1947131,101,4,494,18
2020-03-28,Italy,NA,Calabria,1947131,61,3,555,21
2020-03-29,Italy,NA,Calabria,1947131,59,4,614,25
2020-03-30,Italy,NA,Calabria,1947131,33,6,647,31
2020-03-31,Italy,NA,Calabria,1947131,12,5,659,36
2020-04-01,Italy,NA,Calabria,1947131,10,2,669,38
2020-04-02,Italy,NA,Calabria,1947131,22,3,691,41
2020-04-03,Italy,NA,Calabria,1947131,42,4,733,45
2020-04-04,Italy,NA,Calabria,1947131,8,4,741,49
2020-04-05,Italy,NA,Calabria,1947131,54,7,795,56
2020-04-06,Italy,NA,Calabria,1947131,22,2,817,58
2020-04-07,Italy,NA,Calabria,1947131,16,2,833,60
2020-04-08,Italy,NA,Calabria,1947131,26,0,859,60
2020-04-09,Italy,NA,Calabria,1947131,15,1,874,61
2020-04-10,Italy,NA,Calabria,1947131,27,4,901,65
2020-04-11,Italy,NA,Calabria,1947131,14,1,915,66
2020-04-12,Italy,NA,Calabria,1947131,8,0,923,66
2020-04-13,Italy,NA,Calabria,1947131,5,1,928,67
2020-04-14,Italy,NA,Calabria,1947131,28,1,956,68
2020-04-15,Italy,NA,Calabria,1947131,15,3,971,71
2020-04-16,Italy,NA,Calabria,1947131,38,1,1009,72
2020-04-17,Italy,NA,Calabria,1947131,0,1,1009,73
2020-04-18,Italy,NA,Calabria,1947131,20,0,1011,73
2020-04-19,Italy,NA,Calabria,1947131,24,2,1035,75
2020-04-20,Italy,NA,Calabria,1947131,3,0,1038,75
2020-04-21,Italy,NA,Calabria,1947131,9,1,1047,76
2020-04-22,Italy,NA,Calabria,1947131,13,0,1060,76
2020-04-23,Italy,NA,Calabria,1947131,9,0,1069,76
2020-04-24,Italy,NA,Calabria,1947131,10,4,1079,80
2020-04-25,Italy,NA,Calabria,1947131,9,0,1088,80
2020-04-26,Italy,NA,Calabria,1947131,1,0,1089,80
2020-04-27,Italy,NA,Calabria,1947131,7,3,1096,83
2020-04-28,Italy,NA,Calabria,1947131,1,2,1097,85
2020-04-29,Italy,NA,Calabria,1947131,5,1,1102,86
2020-04-30,Italy,NA,Calabria,1947131,6,0,1108,86
2020-05-01,Italy,NA,Calabria,1947131,4,0,1112,86
2020-05-02,Italy,NA,Calabria,1947131,0,2,1112,88
2020-05-03,Italy,NA,Calabria,1947131,2,0,1114,88
2020-05-04,Italy,NA,Calabria,1947131,4,0,1118,88
2020-05-05,Italy,NA,Calabria,1947131,1,0,1119,88
2020-05-06,Italy,NA,Calabria,1947131,3,1,1122,89
2020-05-07,Italy,NA,Calabria,1947131,3,0,1125,89
2020-05-08,Italy,NA,Calabria,1947131,1,1,1126,90
2020-05-09,Italy,NA,Calabria,1947131,3,0,1129,90
2020-05-10,Italy,NA,Calabria,1947131,3,1,1132,91
2020-05-11,Italy,NA,Calabria,1947131,2,2,1134,93
2020-05-12,Italy,NA,Calabria,1947131,4,0,1138,93
2020-05-13,Italy,NA,Calabria,1947131,2,0,1140,93
2020-05-14,Italy,NA,Calabria,1947131,3,2,1143,95
2020-05-15,Italy,NA,Calabria,1947131,1,0,1144,95
2020-05-16,Italy,NA,Calabria,1947131,7,0,1151,95
2020-05-17,Italy,NA,Calabria,1947131,0,0,1151,95
2020-05-18,Italy,NA,Calabria,1947131,0,0,1151,95
2020-05-19,Italy,NA,Calabria,1947131,2,0,1153,95
2020-05-20,Italy,NA,Calabria,1947131,3,1,1156,96
2020-05-21,Italy,NA,Calabria,1947131,0,0,1156,96
2020-05-22,Italy,NA,Calabria,1947131,1,0,1157,96
2020-05-23,Italy,NA,Calabria,1947131,0,0,1157,96
2020-05-24,Italy,NA,Calabria,1947131,0,0,1157,96
2020-05-25,Italy,NA,Calabria,1947131,0,0,1157,96
2020-05-26,Italy,NA,Calabria,1947131,0,0,1157,96
2020-05-27,Italy,NA,Calabria,1947131,1,0,1158,96
2020-05-28,Italy,NA,Calabria,1947131,0,0,1158,96
2020-05-29,Italy,NA,Calabria,1947131,0,1,1158,97
2020-05-30,Italy,NA,Calabria,1947131,0,0,1158,97
2020-05-31,Italy,NA,Calabria,1947131,0,0,1158,97
2020-06-01,Italy,NA,Calabria,1947131,0,0,1158,97
2020-06-02,Italy,NA,Calabria,1947131,0,0,1158,97
2020-06-03,Italy,NA,Calabria,1947131,0,0,1158,97
2020-06-04,Italy,NA,Calabria,1947131,0,0,1158,97
2020-06-05,Italy,NA,Calabria,1947131,1,0,1159,97
2020-06-06,Italy,NA,Calabria,1947131,0,0,1159,97
2020-06-07,Italy,NA,Calabria,1947131,0,0,1159,97
2020-06-08,Italy,NA,Calabria,1947131,0,0,1159,97
2020-06-09,Italy,NA,Calabria,1947131,0,0,1159,97
2020-06-10,Italy,NA,Calabria,1947131,0,0,1159,97
2020-06-11,Italy,NA,Calabria,1947131,2,0,1161,97
2020-06-12,Italy,NA,Calabria,1947131,0,0,1161,97
2020-06-13,Italy,NA,Calabria,1947131,1,0,1162,97
2020-06-14,Italy,NA,Calabria,1947131,0,0,1162,97
2020-06-15,Italy,NA,Calabria,1947131,0,0,1162,97
2020-06-16,Italy,NA,Calabria,1947131,0,0,1162,97
2020-06-17,Italy,NA,Calabria,1947131,0,0,1162,97
2020-06-18,Italy,NA,Calabria,1947131,3,0,1165,97
2020-06-19,Italy,NA,Calabria,1947131,0,0,1165,97
2020-06-20,Italy,NA,Calabria,1947131,3,0,1167,97
2020-06-21,Italy,NA,Calabria,1947131,6,0,1173,97
2020-06-22,Italy,NA,Calabria,1947131,1,0,1174,97
2020-06-23,Italy,NA,Calabria,1947131,1,0,1175,97
2020-06-24,Italy,NA,Calabria,1947131,0,0,1175,97
2020-06-25,Italy,NA,Calabria,1947131,0,0,1175,97
2020-06-26,Italy,NA,Calabria,1947131,3,0,1178,97
2020-06-27,Italy,NA,Calabria,1947131,1,0,1179,97
2020-06-28,Italy,NA,Calabria,1947131,1,0,1180,97
2020-06-29,Italy,NA,Calabria,1947131,0,0,1180,97
2020-06-30,Italy,NA,Calabria,1947131,1,0,1181,97
2020-07-01,Italy,NA,Calabria,1947131,0,0,1181,97
2020-07-02,Italy,NA,Calabria,1947131,0,0,1181,97
2020-07-03,Italy,NA,Calabria,1947131,1,0,1182,97
2020-07-04,Italy,NA,Calabria,1947131,1,0,1183,97
2020-07-05,Italy,NA,Calabria,1947131,0,0,1183,97
2020-07-06,Italy,NA,Calabria,1947131,0,0,1183,97
2020-07-07,Italy,NA,Calabria,1947131,1,0,1184,97
2020-07-08,Italy,NA,Calabria,1947131,1,0,1185,97
2020-07-09,Italy,NA,Calabria,1947131,0,0,1185,97
2020-07-10,Italy,NA,Calabria,1947131,1,0,1186,97
2020-07-11,Italy,NA,Calabria,1947131,2,0,1188,97
2020-07-12,Italy,NA,Calabria,1947131,28,0,1216,97
2020-07-13,Italy,NA,Calabria,1947131,0,0,1216,97
2020-07-14,Italy,NA,Calabria,1947131,0,0,1216,97
2020-07-15,Italy,NA,Calabria,1947131,2,0,1218,97
2020-07-16,Italy,NA,Calabria,1947131,8,0,1226,97
2020-07-17,Italy,NA,Calabria,1947131,5,0,1231,97
2020-07-18,Italy,NA,Calabria,1947131,7,0,1238,97
2020-07-19,Italy,NA,Calabria,1947131,1,0,1239,97
2020-07-20,Italy,NA,Calabria,1947131,0,0,1239,97
2020-07-21,Italy,NA,Calabria,1947131,0,0,1239,97
2020-07-22,Italy,NA,Calabria,1947131,4,0,1243,97
2020-07-23,Italy,NA,Calabria,1947131,2,0,1245,97
2020-07-24,Italy,NA,Calabria,1947131,1,0,1246,97
2020-07-25,Italy,NA,Calabria,1947131,1,0,1247,97
2020-07-26,Italy,NA,Calabria,1947131,0,0,1247,97
2020-07-27,Italy,NA,Calabria,1947131,0,0,1247,97
2020-07-28,Italy,NA,Calabria,1947131,5,0,1252,97
2020-07-29,Italy,NA,Calabria,1947131,3,0,1255,97
2020-07-30,Italy,NA,Calabria,1947131,7,0,1262,97
2020-07-31,Italy,NA,Calabria,1947131,4,0,1266,97
2020-08-01,Italy,NA,Calabria,1947131,3,0,1269,97
2020-08-02,Italy,NA,Calabria,1947131,1,0,1270,97
2020-08-03,Italy,NA,Calabria,1947131,0,0,1270,97
2020-08-04,Italy,NA,Calabria,1947131,2,0,1272,97
2020-08-05,Italy,NA,Calabria,1947131,2,0,1274,97
2020-08-06,Italy,NA,Calabria,1947131,2,0,1276,97
2020-08-07,Italy,NA,Calabria,1947131,7,0,1283,97
2020-08-08,Italy,NA,Calabria,1947131,4,0,1287,97
2020-08-09,Italy,NA,Calabria,1947131,0,0,1287,97
2020-08-10,Italy,NA,Calabria,1947131,2,0,1289,97
2020-08-11,Italy,NA,Calabria,1947131,11,0,1300,97
2020-08-12,Italy,NA,Calabria,1947131,4,0,1304,97
2020-08-13,Italy,NA,Calabria,1947131,12,0,1316,97
2020-08-14,Italy,NA,Calabria,1947131,19,0,1335,97
2020-08-15,Italy,NA,Calabria,1947131,10,0,1345,97
2020-08-16,Italy,NA,Calabria,1947131,3,0,1348,97
2020-08-17,Italy,NA,Calabria,1947131,4,0,1352,97
2020-08-18,Italy,NA,Calabria,1947131,5,0,1357,97
2020-08-19,Italy,NA,Calabria,1947131,10,0,1367,97
2020-08-20,Italy,NA,Calabria,1947131,10,0,1377,97
2020-08-21,Italy,NA,Calabria,1947131,2,0,1379,97
2020-08-22,Italy,NA,Calabria,1947131,11,0,1390,97
2020-08-23,Italy,NA,Calabria,1947131,8,0,1398,97
2020-08-24,Italy,NA,Calabria,1947131,2,0,1400,97
2020-08-25,Italy,NA,Calabria,1947131,8,0,1408,97
2020-08-26,Italy,NA,Calabria,1947131,8,0,1416,97
2020-08-27,Italy,NA,Calabria,1947131,6,0,1422,97
2020-08-28,Italy,NA,Calabria,1947131,10,0,1432,97
2020-08-29,Italy,NA,Calabria,1947131,11,0,1443,97
2020-08-30,Italy,NA,Calabria,1947131,34,0,1477,97
2020-08-31,Italy,NA,Calabria,1947131,14,0,1491,97
2020-09-01,Italy,NA,Calabria,1947131,22,0,1513,97
2020-09-02,Italy,NA,Calabria,1947131,32,0,1545,97
2020-09-03,Italy,NA,Calabria,1947131,13,0,1558,97
2020-09-04,Italy,NA,Calabria,1947131,19,0,1577,97
2020-09-05,Italy,NA,Calabria,1947131,19,1,1596,98
2020-09-06,Italy,NA,Calabria,1947131,27,0,1623,98
2020-09-07,Italy,NA,Calabria,1947131,17,0,1640,98
2020-09-08,Italy,NA,Calabria,1947131,8,0,1648,98
2020-09-09,Italy,NA,Calabria,1947131,19,0,1667,98
2020-09-10,Italy,NA,Calabria,1947131,8,0,1675,98
2020-09-11,Italy,NA,Calabria,1947131,8,0,1683,98
2020-09-12,Italy,NA,Calabria,1947131,18,0,1701,98
2020-09-13,Italy,NA,Calabria,1947131,14,0,1715,98
2020-09-14,Italy,NA,Calabria,1947131,3,0,1718,98
2020-09-15,Italy,NA,Calabria,1947131,4,0,1722,98
2020-02-29,Italy,NA,Campania,5801692,9,0,13,0
2020-03-01,Italy,NA,Campania,5801692,4,0,17,0
2020-03-02,Italy,NA,Campania,5801692,0,0,17,0
2020-03-03,Italy,NA,Campania,5801692,13,0,30,0
2020-03-04,Italy,NA,Campania,5801692,1,0,31,0
2020-03-05,Italy,NA,Campania,5801692,14,0,45,0
2020-03-06,Italy,NA,Campania,5801692,12,0,57,0
2020-03-07,Italy,NA,Campania,5801692,4,0,61,0
2020-03-08,Italy,NA,Campania,5801692,40,0,101,0
2020-03-09,Italy,NA,Campania,5801692,19,0,120,0
2020-03-10,Italy,NA,Campania,5801692,7,0,127,0
2020-03-11,Italy,NA,Campania,5801692,27,1,154,1
2020-03-12,Italy,NA,Campania,5801692,25,0,179,1
2020-03-13,Italy,NA,Campania,5801692,41,1,220,2
2020-03-14,Italy,NA,Campania,5801692,52,4,272,6
2020-03-15,Italy,NA,Campania,5801692,61,3,333,9
2020-03-16,Italy,NA,Campania,5801692,67,0,400,9
2020-03-17,Italy,NA,Campania,5801692,60,0,460,9
2020-03-18,Italy,NA,Campania,5801692,0,0,460,9
2020-03-19,Italy,NA,Campania,5801692,192,8,652,17
2020-03-20,Italy,NA,Campania,5801692,97,0,749,17
2020-03-21,Italy,NA,Campania,5801692,95,5,844,22
2020-03-22,Italy,NA,Campania,5801692,92,7,936,29
2020-03-23,Italy,NA,Campania,5801692,90,20,1026,49
2020-03-24,Italy,NA,Campania,5801692,75,7,1101,56
2020-03-25,Italy,NA,Campania,5801692,98,18,1199,74
2020-03-26,Italy,NA,Campania,5801692,111,9,1310,83
2020-03-27,Italy,NA,Campania,5801692,144,15,1454,98
2020-03-28,Italy,NA,Campania,5801692,138,11,1592,109
2020-03-29,Italy,NA,Campania,5801692,167,8,1759,117
2020-03-30,Italy,NA,Campania,5801692,193,8,1952,125
2020-03-31,Italy,NA,Campania,5801692,140,8,2092,133
2020-04-01,Italy,NA,Campania,5801692,139,15,2231,148
2020-04-02,Italy,NA,Campania,5801692,225,19,2456,167
2020-04-03,Italy,NA,Campania,5801692,221,14,2677,181
2020-04-04,Italy,NA,Campania,5801692,151,5,2828,186
2020-04-05,Italy,NA,Campania,5801692,132,3,2960,189
2020-04-06,Italy,NA,Campania,5801692,98,15,3058,204
2020-04-07,Italy,NA,Campania,5801692,90,12,3148,216
2020-04-08,Italy,NA,Campania,5801692,120,5,3268,221
2020-04-09,Italy,NA,Campania,5801692,76,6,3344,227
2020-04-10,Italy,NA,Campania,5801692,98,4,3442,231
2020-04-11,Italy,NA,Campania,5801692,75,7,3517,238
2020-04-12,Italy,NA,Campania,5801692,87,4,3604,242
2020-04-13,Italy,NA,Campania,5801692,66,6,3670,248
2020-04-14,Italy,NA,Campania,5801692,99,12,3769,260
2020-04-15,Italy,NA,Campania,5801692,38,18,3807,278
2020-04-16,Italy,NA,Campania,5801692,80,8,3887,286
2020-04-17,Italy,NA,Campania,5801692,64,7,3951,293
2020-04-18,Italy,NA,Campania,5801692,37,7,3988,300
2020-04-19,Italy,NA,Campania,5801692,41,4,4029,304
2020-04-20,Italy,NA,Campania,5801692,45,5,4074,309
2020-04-21,Italy,NA,Campania,5801692,61,8,4135,317
2020-04-22,Italy,NA,Campania,5801692,50,10,4185,327
2020-04-23,Italy,NA,Campania,5801692,53,5,4238,332
2020-04-24,Italy,NA,Campania,5801692,44,4,4282,336
2020-04-25,Italy,NA,Campania,5801692,17,5,4299,341
2020-04-26,Italy,NA,Campania,5801692,32,4,4331,345
2020-04-27,Italy,NA,Campania,5801692,18,7,4349,352
2020-04-28,Italy,NA,Campania,5801692,31,6,4380,358
2020-04-29,Italy,NA,Campania,5801692,30,1,4410,359
2020-04-30,Italy,NA,Campania,5801692,13,0,4423,359
2020-05-01,Italy,NA,Campania,5801692,21,0,4444,359
2020-05-02,Italy,NA,Campania,5801692,15,3,4459,362
2020-05-03,Italy,NA,Campania,5801692,25,2,4484,364
2020-05-04,Italy,NA,Campania,5801692,14,2,4498,366
2020-05-05,Italy,NA,Campania,5801692,20,3,4518,369
2020-05-06,Italy,NA,Campania,5801692,14,7,4532,376
2020-05-07,Italy,NA,Campania,5801692,9,3,4541,379
2020-05-08,Italy,NA,Campania,5801692,21,7,4562,386
2020-05-09,Italy,NA,Campania,5801692,14,2,4576,388
2020-05-10,Italy,NA,Campania,5801692,12,3,4588,391
2020-05-11,Italy,NA,Campania,5801692,14,1,4602,392
2020-05-12,Italy,NA,Campania,5801692,13,1,4615,393
2020-05-13,Italy,NA,Campania,5801692,15,1,4630,394
2020-05-14,Italy,NA,Campania,5801692,9,0,4639,394
2020-05-15,Italy,NA,Campania,5801692,15,2,4654,396
2020-05-16,Italy,NA,Campania,5801692,14,0,4668,396
2020-05-17,Italy,NA,Campania,5801692,16,0,4684,396
2020-05-18,Italy,NA,Campania,5801692,11,3,4695,399
2020-05-19,Italy,NA,Campania,5801692,12,0,4707,399
2020-05-20,Italy,NA,Campania,5801692,7,2,4714,401
2020-05-21,Italy,NA,Campania,5801692,9,2,4723,403
2020-05-22,Italy,NA,Campania,5801692,10,1,4733,404
2020-05-23,Italy,NA,Campania,5801692,11,0,4744,404
2020-05-24,Italy,NA,Campania,5801692,5,1,4749,405
2020-05-25,Italy,NA,Campania,5801692,6,0,4755,405
2020-05-26,Italy,NA,Campania,5801692,12,0,4767,405
2020-05-27,Italy,NA,Campania,5801692,6,1,4773,406
2020-05-28,Italy,NA,Campania,5801692,4,4,4777,410
2020-05-29,Italy,NA,Campania,5801692,10,1,4787,411
2020-05-30,Italy,NA,Campania,5801692,10,0,4797,411
2020-05-31,Italy,NA,Campania,5801692,5,1,4802,412
2020-06-01,Italy,NA,Campania,5801692,4,1,4806,413
2020-06-02,Italy,NA,Campania,5801692,3,2,4809,415
2020-06-03,Italy,NA,Campania,5801692,12,0,4821,415
2020-06-04,Italy,NA,Campania,5801692,1,5,4822,420
2020-06-05,Italy,NA,Campania,5801692,0,5,4822,425
2020-06-06,Italy,NA,Campania,5801692,0,1,4822,426
2020-06-07,Italy,NA,Campania,5801692,4,0,4826,426
2020-06-08,Italy,NA,Campania,5801692,2,0,4828,426
2020-06-09,Italy,NA,Campania,5801692,5,0,4833,426
2020-06-10,Italy,NA,Campania,5801692,1,2,4834,428
2020-06-11,Italy,NA,Campania,5801692,3,2,4837,430
2020-06-12,Italy,NA,Campania,5801692,0,0,4837,430
2020-06-13,Italy,NA,Campania,5801692,0,0,4837,430
2020-06-14,Italy,NA,Campania,5801692,1,0,4837,430
2020-06-15,Italy,NA,Campania,5801692,4,0,4837,430
2020-06-16,Italy,NA,Campania,5801692,0,0,4837,430
2020-06-17,Italy,NA,Campania,5801692,1,1,4837,431
2020-06-18,Italy,NA,Campania,5801692,1,0,4837,431
2020-06-19,Italy,NA,Campania,5801692,0,0,4837,431
2020-06-20,Italy,NA,Campania,5801692,0,0,4837,431
2020-06-21,Italy,NA,Campania,5801692,2,0,4837,431
2020-06-22,Italy,NA,Campania,5801692,7,0,4837,431
2020-06-23,Italy,NA,Campania,5801692,10,0,4837,431
2020-06-24,Italy,NA,Campania,5801692,11,0,4837,431
2020-06-25,Italy,NA,Campania,5801692,17,0,4837,431
2020-06-26,Italy,NA,Campania,5801692,3,0,4837,431
2020-06-27,Italy,NA,Campania,5801692,0,0,4837,431
2020-06-28,Italy,NA,Campania,5801692,0,0,4837,431
2020-06-29,Italy,NA,Campania,5801692,1,0,4837,431
2020-06-30,Italy,NA,Campania,5801692,24,1,4837,432
2020-07-01,Italy,NA,Campania,5801692,9,0,4837,432
2020-07-02,Italy,NA,Campania,5801692,3,0,4837,432
2020-07-03,Italy,NA,Campania,5801692,10,0,4837,432
2020-07-04,Italy,NA,Campania,5801692,2,0,4837,432
2020-07-05,Italy,NA,Campania,5801692,5,0,4837,432
2020-07-06,Italy,NA,Campania,5801692,27,0,4837,432
2020-07-07,Italy,NA,Campania,5801692,1,0,4837,432
2020-07-08,Italy,NA,Campania,5801692,3,0,4837,432
2020-07-09,Italy,NA,Campania,5801692,5,0,4837,432
2020-07-10,Italy,NA,Campania,5801692,7,0,4837,432
2020-07-11,Italy,NA,Campania,5801692,7,0,4837,432
2020-07-12,Italy,NA,Campania,5801692,3,0,4837,432
2020-07-13,Italy,NA,Campania,5801692,7,0,4837,432
2020-07-14,Italy,NA,Campania,5801692,0,0,4837,432
2020-07-15,Italy,NA,Campania,5801692,8,0,4837,432
2020-07-16,Italy,NA,Campania,5801692,4,0,4837,432
2020-07-17,Italy,NA,Campania,5801692,12,1,4837,433
2020-07-18,Italy,NA,Campania,5801692,15,0,4837,433
2020-07-19,Italy,NA,Campania,5801692,9,0,4837,433
2020-07-20,Italy,NA,Campania,5801692,6,0,4837,433
2020-07-21,Italy,NA,Campania,5801692,6,1,4839,434
2020-07-22,Italy,NA,Campania,5801692,19,0,4858,434
2020-07-23,Italy,NA,Campania,5801692,16,0,4874,434
2020-07-24,Italy,NA,Campania,5801692,6,0,4880,434
2020-07-25,Italy,NA,Campania,5801692,21,0,4901,434
2020-07-26,Italy,NA,Campania,5801692,11,0,4912,434
2020-07-27,Italy,NA,Campania,5801692,14,0,4926,434
2020-07-28,Italy,NA,Campania,5801692,29,0,4955,434
2020-07-29,Italy,NA,Campania,5801692,19,0,4974,434
2020-07-30,Italy,NA,Campania,5801692,16,0,4990,434
2020-07-31,Italy,NA,Campania,5801692,9,1,4999,435
2020-08-01,Italy,NA,Campania,5801692,10,0,5009,435
2020-08-02,Italy,NA,Campania,5801692,7,0,5016,435
2020-08-03,Italy,NA,Campania,5801692,4,1,5020,436
2020-08-04,Italy,NA,Campania,5801692,2,0,5022,436
2020-08-05,Italy,NA,Campania,5801692,8,2,5030,438
2020-08-06,Italy,NA,Campania,5801692,5,0,5035,438
2020-08-07,Italy,NA,Campania,5801692,15,0,5050,438
2020-08-08,Italy,NA,Campania,5801692,5,0,5055,438
2020-08-09,Italy,NA,Campania,5801692,22,0,5077,438
2020-08-10,Italy,NA,Campania,5801692,14,1,5091,439
2020-08-11,Italy,NA,Campania,5801692,23,1,5114,440
2020-08-12,Italy,NA,Campania,5801692,29,0,5143,440
2020-08-13,Italy,NA,Campania,5801692,27,0,5170,440
2020-08-14,Italy,NA,Campania,5801692,44,0,5214,440
2020-08-15,Italy,NA,Campania,5801692,18,0,5232,440
2020-08-16,Italy,NA,Campania,5801692,46,0,5278,440
2020-08-17,Italy,NA,Campania,5801692,34,0,5312,440
2020-08-18,Italy,NA,Campania,5801692,35,0,5347,440
2020-08-19,Italy,NA,Campania,5801692,56,0,5403,440
2020-08-20,Italy,NA,Campania,5801692,53,0,5456,440
2020-08-21,Italy,NA,Campania,5801692,67,0,5523,440
2020-08-22,Italy,NA,Campania,5801692,61,0,5584,440
2020-08-23,Italy,NA,Campania,5801692,138,1,5722,441
2020-08-24,Italy,NA,Campania,5801692,116,0,5838,441
2020-08-25,Italy,NA,Campania,5801692,138,1,5976,442
2020-08-26,Italy,NA,Campania,5801692,135,1,6111,443
2020-08-27,Italy,NA,Campania,5801692,130,2,6241,445
2020-08-28,Italy,NA,Campania,5801692,183,0,6424,445
2020-08-29,Italy,NA,Campania,5801692,188,0,6612,445
2020-08-30,Italy,NA,Campania,5801692,270,0,6882,445
2020-08-31,Italy,NA,Campania,5801692,184,0,7066,445
2020-09-01,Italy,NA,Campania,5801692,102,1,7168,446
2020-09-02,Italy,NA,Campania,5801692,117,0,7285,446
2020-09-03,Italy,NA,Campania,5801692,193,0,7478,446
2020-09-04,Italy,NA,Campania,5801692,171,1,7649,447
2020-09-05,Italy,NA,Campania,5801692,119,1,7768,448
2020-09-06,Italy,NA,Campania,5801692,100,0,7868,448
2020-09-07,Italy,NA,Campania,5801692,218,0,8128,448
2020-09-08,Italy,NA,Campania,5801692,249,0,8377,448
2020-09-09,Italy,NA,Campania,5801692,203,1,8580,449
2020-09-10,Italy,NA,Campania,5801692,180,1,8760,450
2020-09-11,Italy,NA,Campania,5801692,140,1,8900,451
2020-09-12,Italy,NA,Campania,5801692,103,0,9003,451
2020-09-13,Italy,NA,Campania,5801692,122,0,9125,451
2020-09-14,Italy,NA,Campania,5801692,90,1,9215,452
2020-09-15,Italy,NA,Campania,5801692,136,0,9351,452
2020-02-24,Italy,NA,Emilia-Romagna,4459477,18,0,18,0
2020-02-25,Italy,NA,Emilia-Romagna,4459477,8,0,26,0
2020-02-26,Italy,NA,Emilia-Romagna,4459477,21,1,47,1
2020-02-27,Italy,NA,Emilia-Romagna,4459477,50,0,97,1
2020-02-28,Italy,NA,Emilia-Romagna,4459477,48,1,145,2
2020-02-29,Italy,NA,Emilia-Romagna,4459477,72,2,217,4
2020-03-01,Italy,NA,Emilia-Romagna,4459477,68,4,285,8
2020-03-02,Italy,NA,Emilia-Romagna,4459477,50,3,335,11
2020-03-03,Italy,NA,Emilia-Romagna,4459477,85,7,420,18
2020-03-04,Italy,NA,Emilia-Romagna,4459477,124,4,544,22
2020-03-05,Italy,NA,Emilia-Romagna,4459477,154,8,698,30
2020-03-06,Italy,NA,Emilia-Romagna,4459477,172,7,870,37
2020-03-07,Italy,NA,Emilia-Romagna,4459477,140,11,1010,48
2020-03-08,Italy,NA,Emilia-Romagna,4459477,170,8,1180,56
2020-03-09,Italy,NA,Emilia-Romagna,4459477,206,14,1386,70
2020-03-10,Italy,NA,Emilia-Romagna,4459477,147,15,1533,85
2020-03-11,Italy,NA,Emilia-Romagna,4459477,206,28,1739,113
2020-03-12,Italy,NA,Emilia-Romagna,4459477,208,33,1947,146
2020-03-13,Italy,NA,Emilia-Romagna,4459477,316,55,2263,201
2020-03-14,Italy,NA,Emilia-Romagna,4459477,381,40,2644,241
2020-03-15,Italy,NA,Emilia-Romagna,4459477,449,43,3093,284
2020-03-16,Italy,NA,Emilia-Romagna,4459477,429,62,3522,346
2020-03-17,Italy,NA,Emilia-Romagna,4459477,409,47,3931,393
2020-03-18,Italy,NA,Emilia-Romagna,4459477,594,65,4525,458
2020-03-19,Italy,NA,Emilia-Romagna,4459477,689,73,5214,531
2020-03-20,Italy,NA,Emilia-Romagna,4459477,754,109,5968,640
2020-03-21,Italy,NA,Emilia-Romagna,4459477,737,75,6705,715
2020-03-22,Italy,NA,Emilia-Romagna,4459477,850,101,7555,816
2020-03-23,Italy,NA,Emilia-Romagna,4459477,980,76,8535,892
2020-03-24,Italy,NA,Emilia-Romagna,4459477,719,93,9254,985
2020-03-25,Italy,NA,Emilia-Romagna,4459477,800,92,10054,1077
2020-03-26,Italy,NA,Emilia-Romagna,4459477,762,97,10816,1174
2020-03-27,Italy,NA,Emilia-Romagna,4459477,772,93,11588,1267
2020-03-28,Italy,NA,Emilia-Romagna,4459477,795,77,12383,1344
2020-03-29,Italy,NA,Emilia-Romagna,4459477,736,99,13119,1443
2020-03-30,Italy,NA,Emilia-Romagna,4459477,412,95,13531,1538
2020-03-31,Italy,NA,Emilia-Romagna,4459477,543,106,14074,1644
2020-04-01,Italy,NA,Emilia-Romagna,4459477,713,88,14787,1732
2020-04-02,Italy,NA,Emilia-Romagna,4459477,546,79,15333,1811
2020-04-03,Italy,NA,Emilia-Romagna,4459477,599,91,15932,1902
2020-04-04,Italy,NA,Emilia-Romagna,4459477,608,75,16540,1977
2020-04-05,Italy,NA,Emilia-Romagna,4459477,549,74,17089,2051
2020-04-06,Italy,NA,Emilia-Romagna,4459477,467,57,17556,2108
2020-04-07,Italy,NA,Emilia-Romagna,4459477,269,72,17825,2180
2020-04-08,Italy,NA,Emilia-Romagna,4459477,409,54,18234,2234
2020-04-09,Italy,NA,Emilia-Romagna,4459477,443,82,18677,2316
2020-04-10,Italy,NA,Emilia-Romagna,4459477,451,81,19128,2397
2020-04-11,Italy,NA,Emilia-Romagna,4459477,507,84,19635,2481
2020-04-12,Italy,NA,Emilia-Romagna,4459477,463,83,20098,2564
2020-04-13,Italy,NA,Emilia-Romagna,4459477,342,51,20440,2615
2020-04-14,Italy,NA,Emilia-Romagna,4459477,312,90,20752,2705
2020-04-15,Italy,NA,Emilia-Romagna,4459477,277,83,21029,2788
2020-04-16,Italy,NA,Emilia-Romagna,4459477,457,55,21486,2843
2020-04-17,Italy,NA,Emilia-Romagna,4459477,348,60,21834,2903
2020-04-18,Italy,NA,Emilia-Romagna,4459477,350,62,22184,2965
2020-04-19,Italy,NA,Emilia-Romagna,4459477,376,58,22560,3023
2020-04-20,Italy,NA,Emilia-Romagna,4459477,307,56,22867,3079
2020-04-21,Italy,NA,Emilia-Romagna,4459477,225,68,23092,3147
2020-04-22,Italy,NA,Emilia-Romagna,4459477,342,57,23434,3204
2020-04-23,Italy,NA,Emilia-Romagna,4459477,289,65,23723,3269
2020-04-24,Italy,NA,Emilia-Romagna,4459477,247,34,23970,3303
2020-04-25,Italy,NA,Emilia-Romagna,4459477,239,44,24209,3347
2020-04-26,Italy,NA,Emilia-Romagna,4459477,241,39,24450,3386
2020-04-27,Italy,NA,Emilia-Romagna,4459477,212,45,24662,3431
2020-04-28,Italy,NA,Emilia-Romagna,4459477,252,41,24914,3472
2020-04-29,Italy,NA,Emilia-Romagna,4459477,263,40,25177,3512
2020-04-30,Italy,NA,Emilia-Romagna,4459477,259,39,25436,3551
2020-05-01,Italy,NA,Emilia-Romagna,4459477,208,28,25644,3579
2020-05-02,Italy,NA,Emilia-Romagna,4459477,206,35,25850,3614
2020-05-03,Italy,NA,Emilia-Romagna,4459477,166,28,26016,3642
2020-05-04,Italy,NA,Emilia-Romagna,4459477,159,24,26175,3666
2020-05-05,Italy,NA,Emilia-Romagna,4459477,100,39,26275,3705
2020-05-06,Italy,NA,Emilia-Romagna,4459477,104,32,26379,3737
2020-05-07,Italy,NA,Emilia-Romagna,4459477,108,29,26487,3766
2020-05-08,Italy,NA,Emilia-Romagna,4459477,111,31,26598,3797
2020-05-09,Italy,NA,Emilia-Romagna,4459477,121,30,26719,3827
2020-05-10,Italy,NA,Emilia-Romagna,4459477,77,18,26796,3845
2020-05-11,Italy,NA,Emilia-Romagna,4459477,80,22,26876,3867
2020-05-12,Italy,NA,Emilia-Romagna,4459477,53,18,26929,3885
2020-05-13,Italy,NA,Emilia-Romagna,4459477,50,20,26979,3905
2020-05-14,Italy,NA,Emilia-Romagna,4459477,77,25,27056,3930
2020-05-15,Italy,NA,Emilia-Romagna,4459477,54,13,27110,3943
2020-05-16,Italy,NA,Emilia-Romagna,4459477,72,17,27182,3960
2020-05-17,Italy,NA,Emilia-Romagna,4459477,50,13,27232,3973
2020-05-18,Italy,NA,Emilia-Romagna,4459477,35,13,27267,3986
2020-05-19,Italy,NA,Emilia-Romagna,4459477,47,11,27314,3997
2020-05-20,Italy,NA,Emilia-Romagna,4459477,50,11,27364,4008
2020-05-21,Italy,NA,Emilia-Romagna,4459477,53,17,27417,4025
2020-05-22,Italy,NA,Emilia-Romagna,4459477,53,12,27470,4037
2020-05-23,Italy,NA,Emilia-Romagna,4459477,43,10,27513,4047
2020-05-24,Italy,NA,Emilia-Romagna,4459477,45,8,27558,4055
2020-05-25,Italy,NA,Emilia-Romagna,4459477,29,13,27587,4068
2020-05-26,Italy,NA,Emilia-Romagna,4459477,24,8,27611,4076
2020-05-27,Italy,NA,Emilia-Romagna,4459477,16,7,27627,4083
2020-05-28,Italy,NA,Emilia-Romagna,4459477,74,11,27701,4094
2020-05-29,Italy,NA,Emilia-Romagna,4459477,38,8,27739,4102
2020-05-30,Italy,NA,Emilia-Romagna,4459477,20,5,27759,4107
2020-05-31,Italy,NA,Emilia-Romagna,4459477,31,7,27790,4114
2020-06-01,Italy,NA,Emilia-Romagna,4459477,19,10,27809,4124
2020-06-02,Italy,NA,Emilia-Romagna,4459477,19,12,27828,4136
2020-06-03,Italy,NA,Emilia-Romagna,4459477,14,11,27842,4147
2020-06-04,Italy,NA,Emilia-Romagna,4459477,18,7,27860,4154
2020-06-05,Italy,NA,Emilia-Romagna,4459477,17,13,27877,4167
2020-06-06,Italy,NA,Emilia-Romagna,4459477,17,4,27894,4171
2020-06-07,Italy,NA,Emilia-Romagna,4459477,14,4,27908,4175
2020-06-08,Italy,NA,Emilia-Romagna,4459477,20,4,27928,4179
2020-06-09,Italy,NA,Emilia-Romagna,4459477,18,6,27946,4185
2020-06-10,Italy,NA,Emilia-Romagna,4459477,24,7,27970,4192
2020-06-11,Italy,NA,Emilia-Romagna,4459477,25,0,27995,4192
2020-06-12,Italy,NA,Emilia-Romagna,4459477,33,4,28028,4196
2020-06-13,Italy,NA,Emilia-Romagna,4459477,28,3,28056,4199
2020-06-14,Italy,NA,Emilia-Romagna,4459477,17,5,28073,4204
2020-06-15,Italy,NA,Emilia-Romagna,4459477,11,3,28084,4207
2020-06-16,Italy,NA,Emilia-Romagna,4459477,13,2,28097,4209
2020-06-17,Italy,NA,Emilia-Romagna,4459477,14,6,28111,4215
2020-06-18,Italy,NA,Emilia-Romagna,4459477,32,4,28143,4219
2020-06-19,Italy,NA,Emilia-Romagna,4459477,27,5,28170,4224
2020-06-20,Italy,NA,Emilia-Romagna,4459477,28,6,28198,4230
2020-06-21,Italy,NA,Emilia-Romagna,4459477,23,1,28221,4231
2020-06-22,Italy,NA,Emilia-Romagna,4459477,22,4,28243,4235
2020-06-23,Italy,NA,Emilia-Romagna,4459477,17,1,28260,4236
2020-06-24,Italy,NA,Emilia-Romagna,4459477,44,9,28304,4245
2020-06-25,Italy,NA,Emilia-Romagna,4459477,47,4,28351,4249
2020-06-26,Italy,NA,Emilia-Romagna,4459477,46,3,28393,4252
2020-06-27,Italy,NA,Emilia-Romagna,4459477,42,0,28435,4252
2020-06-28,Italy,NA,Emilia-Romagna,4459477,21,1,28456,4253
2020-06-29,Italy,NA,Emilia-Romagna,4459477,16,2,28472,4255
2020-06-30,Italy,NA,Emilia-Romagna,4459477,20,5,28492,4260
2020-07-01,Italy,NA,Emilia-Romagna,4459477,16,4,28508,4264
2020-07-02,Italy,NA,Emilia-Romagna,4459477,27,1,28535,4265
2020-07-03,Italy,NA,Emilia-Romagna,4459477,27,2,28562,4267
2020-07-04,Italy,NA,Emilia-Romagna,4459477,51,0,28613,4267
2020-07-05,Italy,NA,Emilia-Romagna,4459477,24,1,28637,4268
2020-07-06,Italy,NA,Emilia-Romagna,4459477,38,0,28675,4268
2020-07-07,Italy,NA,Emilia-Romagna,4459477,31,1,28706,4269
2020-07-08,Italy,NA,Emilia-Romagna,4459477,49,0,28755,4269
2020-07-09,Italy,NA,Emilia-Romagna,4459477,29,0,28769,4269
2020-07-10,Italy,NA,Emilia-Romagna,4459477,53,0,28822,4269
2020-07-11,Italy,NA,Emilia-Romagna,4459477,47,0,28869,4269
2020-07-12,Italy,NA,Emilia-Romagna,4459477,71,0,28940,4269
2020-07-13,Italy,NA,Emilia-Romagna,4459477,18,0,28958,4269
2020-07-14,Italy,NA,Emilia-Romagna,4459477,13,2,28971,4271
2020-07-15,Italy,NA,Emilia-Romagna,4459477,18,0,28989,4271
2020-07-16,Italy,NA,Emilia-Romagna,4459477,46,0,29035,4271
2020-07-17,Italy,NA,Emilia-Romagna,4459477,54,2,29087,4273
2020-07-18,Italy,NA,Emilia-Romagna,4459477,40,1,29127,4274
2020-07-19,Italy,NA,Emilia-Romagna,4459477,51,0,29178,4274
2020-07-20,Italy,NA,Emilia-Romagna,4459477,42,3,29220,4277
2020-07-21,Italy,NA,Emilia-Romagna,4459477,18,2,29238,4279
2020-07-22,Italy,NA,Emilia-Romagna,4459477,57,2,29295,4281
2020-07-23,Italy,NA,Emilia-Romagna,4459477,55,0,29350,4281
2020-07-24,Italy,NA,Emilia-Romagna,4459477,63,2,29413,4283
2020-07-25,Italy,NA,Emilia-Romagna,4459477,49,1,29461,4284
2020-07-26,Italy,NA,Emilia-Romagna,4459477,61,1,29522,4285
2020-07-27,Italy,NA,Emilia-Romagna,4459477,33,0,29555,4285
2020-07-28,Italy,NA,Emilia-Romagna,4459477,20,1,29575,4286
2020-07-29,Italy,NA,Emilia-Romagna,4459477,28,1,29603,4287
2020-07-30,Italy,NA,Emilia-Romagna,4459477,35,2,29634,4289
2020-07-31,Italy,NA,Emilia-Romagna,4459477,36,0,29670,4289
2020-08-01,Italy,NA,Emilia-Romagna,4459477,56,2,29726,4291
2020-08-02,Italy,NA,Emilia-Romagna,4459477,49,0,29774,4291
2020-08-03,Italy,NA,Emilia-Romagna,4459477,34,0,29808,4291
2020-08-04,Italy,NA,Emilia-Romagna,4459477,42,0,29850,4291
2020-08-05,Italy,NA,Emilia-Romagna,4459477,47,0,29897,4291
2020-08-06,Italy,NA,Emilia-Romagna,4459477,58,0,29954,4291
2020-08-07,Italy,NA,Emilia-Romagna,4459477,54,1,30008,4292
2020-08-08,Italy,NA,Emilia-Romagna,4459477,44,2,30052,4294
2020-08-09,Italy,NA,Emilia-Romagna,4459477,69,1,30121,4295
2020-08-10,Italy,NA,Emilia-Romagna,4459477,39,1,30160,4296
2020-08-11,Italy,NA,Emilia-Romagna,4459477,19,2,30179,4298
2020-08-12,Italy,NA,Emilia-Romagna,4459477,41,0,30220,4298
2020-08-13,Italy,NA,Emilia-Romagna,4459477,37,0,30257,4298
2020-08-14,Italy,NA,Emilia-Romagna,4459477,57,0,30314,4298
2020-08-15,Italy,NA,Emilia-Romagna,4459477,71,155,30385,4453
2020-08-16,Italy,NA,Emilia-Romagna,4459477,51,0,30436,4453
2020-08-17,Italy,NA,Emilia-Romagna,4459477,41,0,30477,4453
2020-08-18,Italy,NA,Emilia-Romagna,4459477,21,1,30498,4454
2020-08-19,Italy,NA,Emilia-Romagna,4459477,76,1,30574,4455
2020-08-20,Italy,NA,Emilia-Romagna,4459477,52,0,30626,4455
2020-08-21,Italy,NA,Emilia-Romagna,4459477,82,0,30708,4455
2020-08-22,Italy,NA,Emilia-Romagna,4459477,80,0,30788,4455
2020-08-23,Italy,NA,Emilia-Romagna,4459477,127,1,30915,4456
2020-08-24,Italy,NA,Emilia-Romagna,4459477,116,2,31031,4458
2020-08-25,Italy,NA,Emilia-Romagna,4459477,65,0,31094,4458
2020-08-26,Italy,NA,Emilia-Romagna,4459477,120,0,31214,4458
2020-08-27,Italy,NA,Emilia-Romagna,4459477,171,0,31385,4458
2020-08-28,Italy,NA,Emilia-Romagna,4459477,164,1,31547,4459
2020-08-29,Italy,NA,Emilia-Romagna,4459477,149,0,31696,4459
2020-08-30,Italy,NA,Emilia-Romagna,4459477,109,0,31805,4459
2020-08-31,Italy,NA,Emilia-Romagna,4459477,117,4,31922,4463
2020-09-01,Italy,NA,Emilia-Romagna,4459477,99,0,32021,4463
2020-09-02,Italy,NA,Emilia-Romagna,4459477,107,0,32128,4463
2020-09-03,Italy,NA,Emilia-Romagna,4459477,118,0,32246,4463
2020-09-04,Italy,NA,Emilia-Romagna,4459477,126,0,32371,4463
2020-09-05,Italy,NA,Emilia-Romagna,4459477,133,0,32504,4463
2020-09-06,Italy,NA,Emilia-Romagna,4459477,124,1,32628,4464
2020-09-07,Italy,NA,Emilia-Romagna,4459477,132,0,32760,4464
2020-09-08,Italy,NA,Emilia-Romagna,4459477,94,1,32854,4465
2020-09-09,Italy,NA,Emilia-Romagna,4459477,110,2,32963,4467
2020-09-10,Italy,NA,Emilia-Romagna,4459477,110,1,33073,4468
2020-09-11,Italy,NA,Emilia-Romagna,4459477,152,0,33225,4468
2020-09-12,Italy,NA,Emilia-Romagna,4459477,138,1,33363,4469
2020-09-13,Italy,NA,Emilia-Romagna,4459477,143,0,33504,4469
2020-09-14,Italy,NA,Emilia-Romagna,4459477,127,0,33631,4469
2020-09-15,Italy,NA,Emilia-Romagna,4459477,125,1,33756,4470
2020-03-03,Italy,NA,Friuli Venezia Giulia,1215220,4,0,13,0
2020-03-04,Italy,NA,Friuli Venezia Giulia,1215220,5,0,18,0
2020-03-05,Italy,NA,Friuli Venezia Giulia,1215220,3,0,21,0
2020-03-06,Italy,NA,Friuli Venezia Giulia,1215220,10,0,31,0
2020-03-07,Italy,NA,Friuli Venezia Giulia,1215220,11,0,42,0
2020-03-08,Italy,NA,Friuli Venezia Giulia,1215220,15,1,57,1
2020-03-09,Italy,NA,Friuli Venezia Giulia,1215220,36,0,93,1
2020-03-10,Italy,NA,Friuli Venezia Giulia,1215220,23,2,116,3
2020-03-11,Italy,NA,Friuli Venezia Giulia,1215220,10,3,126,6
2020-03-12,Italy,NA,Friuli Venezia Giulia,1215220,41,2,167,8
2020-03-13,Italy,NA,Friuli Venezia Giulia,1215220,90,2,257,10
2020-03-14,Italy,NA,Friuli Venezia Giulia,1215220,44,3,301,13
2020-03-15,Italy,NA,Friuli Venezia Giulia,1215220,46,1,347,14
2020-03-16,Italy,NA,Friuli Venezia Giulia,1215220,39,8,386,22
2020-03-17,Italy,NA,Friuli Venezia Giulia,1215220,8,8,394,30
2020-03-18,Italy,NA,Friuli Venezia Giulia,1215220,68,1,462,31
2020-03-19,Italy,NA,Friuli Venezia Giulia,1215220,137,5,599,36
2020-03-20,Italy,NA,Friuli Venezia Giulia,1215220,57,2,656,38
2020-03-21,Italy,NA,Friuli Venezia Giulia,1215220,134,4,790,42
2020-03-22,Italy,NA,Friuli Venezia Giulia,1215220,84,5,874,47
2020-03-23,Italy,NA,Friuli Venezia Giulia,1215220,56,7,930,54
2020-03-24,Italy,NA,Friuli Venezia Giulia,1215220,62,10,992,64
2020-03-25,Italy,NA,Friuli Venezia Giulia,1215220,147,6,1139,70
2020-03-26,Italy,NA,Friuli Venezia Giulia,1215220,84,2,1223,72
2020-03-27,Italy,NA,Friuli Venezia Giulia,1215220,94,4,1317,76
2020-03-28,Italy,NA,Friuli Venezia Giulia,1215220,119,11,1436,87
2020-03-29,Italy,NA,Friuli Venezia Giulia,1215220,44,11,1480,98
2020-03-30,Italy,NA,Friuli Venezia Giulia,1215220,21,9,1501,107
2020-03-31,Italy,NA,Friuli Venezia Giulia,1215220,92,6,1593,113
2020-04-01,Italy,NA,Friuli Venezia Giulia,1215220,92,9,1685,122
2020-04-02,Italy,NA,Friuli Venezia Giulia,1215220,114,7,1799,129
2020-04-03,Italy,NA,Friuli Venezia Giulia,1215220,80,7,1879,136
2020-04-04,Italy,NA,Friuli Venezia Giulia,1215220,107,9,1986,145
2020-04-05,Italy,NA,Friuli Venezia Giulia,1215220,62,9,2048,154
2020-04-06,Italy,NA,Friuli Venezia Giulia,1215220,55,4,2103,158
2020-04-07,Italy,NA,Friuli Venezia Giulia,1215220,50,6,2153,164
2020-04-08,Italy,NA,Friuli Venezia Giulia,1215220,65,5,2218,169
2020-04-09,Italy,NA,Friuli Venezia Giulia,1215220,81,2,2299,171
2020-04-10,Italy,NA,Friuli Venezia Giulia,1215220,50,8,2349,179
2020-04-11,Italy,NA,Friuli Venezia Giulia,1215220,44,6,2393,185
2020-04-12,Italy,NA,Friuli Venezia Giulia,1215220,38,10,2431,195
2020-04-13,Italy,NA,Friuli Venezia Giulia,1215220,51,7,2482,202
2020-04-14,Italy,NA,Friuli Venezia Giulia,1215220,38,4,2520,206
2020-04-15,Italy,NA,Friuli Venezia Giulia,1215220,24,6,2544,212
2020-04-16,Italy,NA,Friuli Venezia Giulia,1215220,72,5,2616,217
2020-04-17,Italy,NA,Friuli Venezia Giulia,1215220,59,3,2675,220
2020-04-18,Italy,NA,Friuli Venezia Giulia,1215220,56,2,2731,222
2020-04-19,Italy,NA,Friuli Venezia Giulia,1215220,14,3,2745,225
2020-04-20,Italy,NA,Friuli Venezia Giulia,1215220,30,14,2775,239
2020-04-21,Italy,NA,Friuli Venezia Giulia,1215220,17,2,2792,241
2020-04-22,Italy,NA,Friuli Venezia Giulia,1215220,25,5,2817,246
2020-04-23,Italy,NA,Friuli Venezia Giulia,1215220,41,10,2858,256
2020-04-24,Italy,NA,Friuli Venezia Giulia,1215220,24,2,2882,258
2020-04-25,Italy,NA,Friuli Venezia Giulia,1215220,21,5,2903,263
2020-04-26,Italy,NA,Friuli Venezia Giulia,1215220,14,1,2917,264
2020-04-27,Italy,NA,Friuli Venezia Giulia,1215220,60,7,2977,271
2020-04-28,Italy,NA,Friuli Venezia Giulia,1215220,18,7,2995,278
2020-04-29,Italy,NA,Friuli Venezia Giulia,1215220,15,7,3010,285
2020-04-30,Italy,NA,Friuli Venezia Giulia,1215220,15,4,3025,289
2020-05-01,Italy,NA,Friuli Venezia Giulia,1215220,16,5,3041,294
2020-05-02,Italy,NA,Friuli Venezia Giulia,1215220,18,1,3059,295
2020-05-03,Italy,NA,Friuli Venezia Giulia,1215220,13,2,3072,297
2020-05-04,Italy,NA,Friuli Venezia Giulia,1215220,4,2,3076,299
2020-05-05,Italy,NA,Friuli Venezia Giulia,1215220,9,4,3085,303
2020-05-06,Italy,NA,Friuli Venezia Giulia,1215220,9,3,3094,306
2020-05-07,Italy,NA,Friuli Venezia Giulia,1215220,13,2,3107,308
2020-05-08,Italy,NA,Friuli Venezia Giulia,1215220,9,0,3116,308
2020-05-09,Italy,NA,Friuli Venezia Giulia,1215220,8,0,3124,308
2020-05-10,Italy,NA,Friuli Venezia Giulia,1215220,6,2,3130,310
2020-05-11,Italy,NA,Friuli Venezia Giulia,1215220,8,2,3138,312
2020-05-12,Italy,NA,Friuli Venezia Giulia,1215220,10,1,3148,313
2020-05-13,Italy,NA,Friuli Venezia Giulia,1215220,8,3,3156,316
2020-05-14,Italy,NA,Friuli Venezia Giulia,1215220,5,1,3161,317
2020-05-15,Italy,NA,Friuli Venezia Giulia,1215220,14,1,3175,318
2020-05-16,Italy,NA,Friuli Venezia Giulia,1215220,8,1,3183,319
2020-05-17,Italy,NA,Friuli Venezia Giulia,1215220,8,0,3191,319
2020-05-18,Italy,NA,Friuli Venezia Giulia,1215220,7,1,3198,320
2020-05-19,Italy,NA,Friuli Venezia Giulia,1215220,5,0,3203,320
2020-05-20,Italy,NA,Friuli Venezia Giulia,1215220,6,2,3209,322
2020-05-21,Italy,NA,Friuli Venezia Giulia,1215220,6,1,3215,323
2020-05-22,Italy,NA,Friuli Venezia Giulia,1215220,12,2,3227,325
2020-05-23,Italy,NA,Friuli Venezia Giulia,1215220,6,2,3233,327
2020-05-24,Italy,NA,Friuli Venezia Giulia,1215220,3,2,3236,329
2020-05-25,Italy,NA,Friuli Venezia Giulia,1215220,4,0,3240,329
2020-05-26,Italy,NA,Friuli Venezia Giulia,1215220,11,0,3251,329
2020-05-27,Italy,NA,Friuli Venezia Giulia,1215220,4,2,3255,331
2020-05-28,Italy,NA,Friuli Venezia Giulia,1215220,7,2,3262,333
2020-05-29,Italy,NA,Friuli Venezia Giulia,1215220,5,0,3267,333
2020-05-30,Italy,NA,Friuli Venezia Giulia,1215220,4,0,3271,333
2020-05-31,Italy,NA,Friuli Venezia Giulia,1215220,2,0,3273,333
2020-06-01,Italy,NA,Friuli Venezia Giulia,1215220,1,2,3274,335
2020-06-02,Italy,NA,Friuli Venezia Giulia,1215220,2,1,3276,336
2020-06-03,Italy,NA,Friuli Venezia Giulia,1215220,0,0,3276,336
2020-06-04,Italy,NA,Friuli Venezia Giulia,1215220,3,0,3279,336
2020-06-05,Italy,NA,Friuli Venezia Giulia,1215220,1,2,3280,338
2020-06-06,Italy,NA,Friuli Venezia Giulia,1215220,3,0,3283,338
2020-06-07,Italy,NA,Friuli Venezia Giulia,1215220,0,1,3283,339
2020-06-08,Italy,NA,Friuli Venezia Giulia,1215220,1,1,3284,340
2020-06-09,Italy,NA,Friuli Venezia Giulia,1215220,0,0,3284,340
2020-06-10,Italy,NA,Friuli Venezia Giulia,1215220,2,1,3286,341
2020-06-11,Italy,NA,Friuli Venezia Giulia,1215220,1,1,3287,342
2020-06-12,Italy,NA,Friuli Venezia Giulia,1215220,3,0,3290,342
2020-06-13,Italy,NA,Friuli Venezia Giulia,1215220,6,1,3296,343
2020-06-14,Italy,NA,Friuli Venezia Giulia,1215220,0,0,3296,343
2020-06-15,Italy,NA,Friuli Venezia Giulia,1215220,0,0,3296,343
2020-06-16,Italy,NA,Friuli Venezia Giulia,1215220,1,0,3297,343
2020-06-17,Italy,NA,Friuli Venezia Giulia,1215220,2,0,3299,343
2020-06-18,Italy,NA,Friuli Venezia Giulia,1215220,2,0,3301,343
2020-06-19,Italy,NA,Friuli Venezia Giulia,1215220,2,0,3303,343
2020-06-20,Italy,NA,Friuli Venezia Giulia,1215220,1,1,3304,344
2020-06-21,Italy,NA,Friuli Venezia Giulia,1215220,1,0,3305,344
2020-06-22,Italy,NA,Friuli Venezia Giulia,1215220,0,0,3305,344
2020-06-23,Italy,NA,Friuli Venezia Giulia,1215220,0,0,3305,344
2020-06-24,Italy,NA,Friuli Venezia Giulia,1215220,0,0,3305,344
2020-06-25,Italy,NA,Friuli Venezia Giulia,1215220,0,1,3305,345
2020-06-26,Italy,NA,Friuli Venezia Giulia,1215220,2,0,3307,345
2020-06-27,Italy,NA,Friuli Venezia Giulia,1215220,0,0,3307,345
2020-06-28,Italy,NA,Friuli Venezia Giulia,1215220,1,0,3308,345
2020-06-29,Italy,NA,Friuli Venezia Giulia,1215220,0,0,3308,345
2020-06-30,Italy,NA,Friuli Venezia Giulia,1215220,0,0,3308,345
2020-07-01,Italy,NA,Friuli Venezia Giulia,1215220,4,0,3312,345
2020-07-02,Italy,NA,Friuli Venezia Giulia,1215220,2,0,3314,345
2020-07-03,Italy,NA,Friuli Venezia Giulia,1215220,4,0,3318,345
2020-07-04,Italy,NA,Friuli Venezia Giulia,1215220,8,0,3326,345
2020-07-05,Italy,NA,Friuli Venezia Giulia,1215220,0,0,3326,345
2020-07-06,Italy,NA,Friuli Venezia Giulia,1215220,0,0,3326,345
2020-07-07,Italy,NA,Friuli Venezia Giulia,1215220,1,0,3327,345
2020-07-08,Italy,NA,Friuli Venezia Giulia,1215220,4,0,3331,345
2020-07-09,Italy,NA,Friuli Venezia Giulia,1215220,1,0,3332,345
2020-07-10,Italy,NA,Friuli Venezia Giulia,1215220,1,0,3333,345
2020-07-11,Italy,NA,Friuli Venezia Giulia,1215220,2,0,3335,345
2020-07-12,Italy,NA,Friuli Venezia Giulia,1215220,0,0,3335,345
2020-07-13,Italy,NA,Friuli Venezia Giulia,1215220,0,0,3335,345
2020-07-14,Italy,NA,Friuli Venezia Giulia,1215220,3,0,3338,345
2020-07-15,Italy,NA,Friuli Venezia Giulia,1215220,1,0,3339,345
2020-07-16,Italy,NA,Friuli Venezia Giulia,1215220,4,0,3343,345
2020-07-17,Italy,NA,Friuli Venezia Giulia,1215220,3,0,3346,345
2020-07-18,Italy,NA,Friuli Venezia Giulia,1215220,4,0,3350,345
2020-07-19,Italy,NA,Friuli Venezia Giulia,1215220,2,0,3352,345
2020-07-20,Italy,NA,Friuli Venezia Giulia,1215220,4,0,3356,345
2020-07-21,Italy,NA,Friuli Venezia Giulia,1215220,2,0,3358,345
2020-07-22,Italy,NA,Friuli Venezia Giulia,1215220,2,0,3360,345
2020-07-23,Italy,NA,Friuli Venezia Giulia,1215220,3,0,3363,345
2020-07-24,Italy,NA,Friuli Venezia Giulia,1215220,5,0,3368,345
2020-07-25,Italy,NA,Friuli Venezia Giulia,1215220,5,0,3373,345
2020-07-26,Italy,NA,Friuli Venezia Giulia,1215220,2,0,3375,345
2020-07-27,Italy,NA,Friuli Venezia Giulia,1215220,0,0,3375,345
2020-07-28,Italy,NA,Friuli Venezia Giulia,1215220,0,0,3375,345
2020-07-29,Italy,NA,Friuli Venezia Giulia,1215220,3,0,3378,345
2020-07-30,Italy,NA,Friuli Venezia Giulia,1215220,13,0,3391,345
2020-07-31,Italy,NA,Friuli Venezia Giulia,1215220,3,0,3394,345
2020-08-01,Italy,NA,Friuli Venezia Giulia,1215220,7,0,3401,345
2020-08-02,Italy,NA,Friuli Venezia Giulia,1215220,10,0,3411,345
2020-08-03,Italy,NA,Friuli Venezia Giulia,1215220,0,1,3411,346
2020-08-04,Italy,NA,Friuli Venezia Giulia,1215220,5,0,3416,346
2020-08-05,Italy,NA,Friuli Venezia Giulia,1215220,9,0,3425,346
2020-08-06,Italy,NA,Friuli Venezia Giulia,1215220,7,0,3432,346
2020-08-07,Italy,NA,Friuli Venezia Giulia,1215220,4,0,3436,346
2020-08-08,Italy,NA,Friuli Venezia Giulia,1215220,6,0,3442,346
2020-08-09,Italy,NA,Friuli Venezia Giulia,1215220,7,0,3449,346
2020-08-10,Italy,NA,Friuli Venezia Giulia,1215220,0,1,3449,347
2020-08-11,Italy,NA,Friuli Venezia Giulia,1215220,3,1,3452,348
2020-08-12,Italy,NA,Friuli Venezia Giulia,1215220,9,0,3461,348
2020-08-13,Italy,NA,Friuli Venezia Giulia,1215220,15,0,3476,348
2020-08-14,Italy,NA,Friuli Venezia Giulia,1215220,8,0,3484,348
2020-08-15,Italy,NA,Friuli Venezia Giulia,1215220,15,0,3499,348
2020-08-16,Italy,NA,Friuli Venezia Giulia,1215220,8,0,3507,348
2020-08-17,Italy,NA,Friuli Venezia Giulia,1215220,5,0,3512,348
2020-08-18,Italy,NA,Friuli Venezia Giulia,1215220,10,0,3522,348
2020-08-19,Italy,NA,Friuli Venezia Giulia,1215220,11,0,3533,348
2020-08-20,Italy,NA,Friuli Venezia Giulia,1215220,14,0,3547,348
2020-08-21,Italy,NA,Friuli Venezia Giulia,1215220,36,0,3583,348
2020-08-22,Italy,NA,Friuli Venezia Giulia,1215220,33,0,3616,348
2020-08-23,Italy,NA,Friuli Venezia Giulia,1215220,24,0,3640,348
2020-08-24,Italy,NA,Friuli Venezia Giulia,1215220,2,0,3642,348
2020-08-25,Italy,NA,Friuli Venezia Giulia,1215220,9,0,3651,348
2020-08-26,Italy,NA,Friuli Venezia Giulia,1215220,33,0,3684,348
2020-08-27,Italy,NA,Friuli Venezia Giulia,1215220,25,0,3709,348
2020-08-28,Italy,NA,Friuli Venezia Giulia,1215220,19,0,3728,348
2020-08-29,Italy,NA,Friuli Venezia Giulia,1215220,20,0,3748,348
2020-08-30,Italy,NA,Friuli Venezia Giulia,1215220,16,0,3764,348
2020-08-31,Italy,NA,Friuli Venezia Giulia,1215220,5,0,3769,348
2020-09-01,Italy,NA,Friuli Venezia Giulia,1215220,17,0,3786,348
2020-09-02,Italy,NA,Friuli Venezia Giulia,1215220,20,1,3806,349
2020-09-03,Italy,NA,Friuli Venezia Giulia,1215220,25,0,3831,349
2020-09-04,Italy,NA,Friuli Venezia Giulia,1215220,23,0,3854,349
2020-09-05,Italy,NA,Friuli Venezia Giulia,1215220,49,0,3903,349
2020-09-06,Italy,NA,Friuli Venezia Giulia,1215220,20,0,3923,349
2020-09-07,Italy,NA,Friuli Venezia Giulia,1215220,11,0,3934,349
2020-09-08,Italy,NA,Friuli Venezia Giulia,1215220,12,0,3946,349
2020-09-09,Italy,NA,Friuli Venezia Giulia,1215220,54,0,4000,349
2020-09-10,Italy,NA,Friuli Venezia Giulia,1215220,39,0,4039,349
2020-09-11,Italy,NA,Friuli Venezia Giulia,1215220,34,0,4073,349
2020-09-12,Italy,NA,Friuli Venezia Giulia,1215220,39,0,4112,349
2020-09-13,Italy,NA,Friuli Venezia Giulia,1215220,45,0,4157,349
2020-09-14,Italy,NA,Friuli Venezia Giulia,1215220,4,0,4161,349
2020-09-15,Italy,NA,Friuli Venezia Giulia,1215220,20,0,4181,349
2020-03-03,Italy,NA,Lazio,5879082,7,0,14,0
2020-03-04,Italy,NA,Lazio,5879082,16,0,30,0
2020-03-05,Italy,NA,Lazio,5879082,14,0,44,0
2020-03-06,Italy,NA,Lazio,5879082,10,1,54,1
2020-03-07,Italy,NA,Lazio,5879082,22,0,76,1
2020-03-08,Italy,NA,Lazio,5879082,11,2,87,3
2020-03-09,Italy,NA,Lazio,5879082,15,2,102,5
2020-03-10,Italy,NA,Lazio,5879082,14,1,116,6
2020-03-11,Italy,NA,Lazio,5879082,34,0,150,6
2020-03-12,Italy,NA,Lazio,5879082,50,3,200,9
2020-03-13,Italy,NA,Lazio,5879082,77,2,277,11
2020-03-14,Italy,NA,Lazio,5879082,80,2,357,13
2020-03-15,Italy,NA,Lazio,5879082,79,3,436,16
2020-03-16,Italy,NA,Lazio,5879082,87,3,523,19
2020-03-17,Italy,NA,Lazio,5879082,84,4,607,23
2020-03-18,Italy,NA,Lazio,5879082,117,9,724,32
2020-03-19,Italy,NA,Lazio,5879082,99,6,823,38
2020-03-20,Italy,NA,Lazio,5879082,185,5,1008,43
2020-03-21,Italy,NA,Lazio,5879082,182,7,1190,50
2020-03-22,Italy,NA,Lazio,5879082,193,3,1383,53
2020-03-23,Italy,NA,Lazio,5879082,157,10,1540,63
2020-03-24,Italy,NA,Lazio,5879082,188,17,1728,80
2020-03-25,Italy,NA,Lazio,5879082,173,15,1901,95
2020-03-26,Italy,NA,Lazio,5879082,195,11,2096,106
2020-03-27,Italy,NA,Lazio,5879082,199,12,2295,118
2020-03-28,Italy,NA,Lazio,5879082,210,6,2505,124
2020-03-29,Italy,NA,Lazio,5879082,201,12,2706,136
2020-03-30,Italy,NA,Lazio,5879082,208,14,2914,150
2020-03-31,Italy,NA,Lazio,5879082,181,12,3095,162
2020-04-01,Italy,NA,Lazio,5879082,169,7,3264,169
2020-04-02,Italy,NA,Lazio,5879082,169,16,3433,185
2020-04-03,Italy,NA,Lazio,5879082,167,14,3600,199
2020-04-04,Italy,NA,Lazio,5879082,157,13,3757,212
2020-04-05,Italy,NA,Lazio,5879082,123,7,3880,219
2020-04-06,Italy,NA,Lazio,5879082,151,10,4031,229
2020-04-07,Italy,NA,Lazio,5879082,118,9,4149,238
2020-04-08,Italy,NA,Lazio,5879082,117,6,4266,244
2020-04-09,Italy,NA,Lazio,5879082,163,9,4429,253
2020-04-10,Italy,NA,Lazio,5879082,154,10,4583,263
2020-04-11,Italy,NA,Lazio,5879082,140,10,4723,273
2020-04-12,Italy,NA,Lazio,5879082,122,6,4845,279
2020-04-13,Italy,NA,Lazio,5879082,123,5,4968,284
2020-04-14,Italy,NA,Lazio,5879082,143,16,5111,300
2020-04-15,Italy,NA,Lazio,5879082,121,11,5232,311
2020-04-16,Italy,NA,Lazio,5879082,148,5,5380,316
2020-04-17,Italy,NA,Lazio,5879082,144,16,5524,332
2020-04-18,Italy,NA,Lazio,5879082,144,8,5668,340
2020-04-19,Italy,NA,Lazio,5879082,87,1,5755,341
2020-04-20,Italy,NA,Lazio,5879082,60,8,5815,349
2020-04-21,Italy,NA,Lazio,5879082,80,14,5895,363
2020-04-22,Italy,NA,Lazio,5879082,80,7,5975,370
2020-04-23,Italy,NA,Lazio,5879082,79,5,6054,375
2020-04-24,Italy,NA,Lazio,5879082,78,9,6132,384
2020-04-25,Italy,NA,Lazio,5879082,92,3,6224,387
2020-04-26,Italy,NA,Lazio,5879082,85,2,6309,389
2020-04-27,Italy,NA,Lazio,5879082,83,8,6392,397
2020-04-28,Italy,NA,Lazio,5879082,75,17,6467,414
2020-04-29,Italy,NA,Lazio,5879082,78,17,6545,431
2020-04-30,Italy,NA,Lazio,5879082,71,10,6616,441
2020-05-01,Italy,NA,Lazio,5879082,56,41,6672,482
2020-05-02,Italy,NA,Lazio,5879082,84,15,6756,497
2020-05-03,Italy,NA,Lazio,5879082,53,11,6809,508
2020-05-04,Italy,NA,Lazio,5879082,38,16,6847,524
2020-05-05,Italy,NA,Lazio,5879082,67,10,6914,534
2020-05-06,Italy,NA,Lazio,5879082,81,4,6995,538
2020-05-07,Italy,NA,Lazio,5879082,39,5,7034,543
2020-05-08,Italy,NA,Lazio,5879082,52,6,7086,549
2020-05-09,Italy,NA,Lazio,5879082,47,4,7133,553
2020-05-10,Italy,NA,Lazio,5879082,32,4,7165,557
2020-05-11,Italy,NA,Lazio,5879082,25,5,7190,562
2020-05-12,Italy,NA,Lazio,5879082,22,4,7212,566
2020-05-13,Italy,NA,Lazio,5879082,38,11,7250,577
2020-05-14,Italy,NA,Lazio,5879082,41,18,7291,595
2020-05-15,Italy,NA,Lazio,5879082,73,9,7364,604
2020-05-16,Italy,NA,Lazio,5879082,32,12,7396,616
2020-05-17,Italy,NA,Lazio,5879082,50,6,7446,622
2020-05-18,Italy,NA,Lazio,5879082,39,6,7485,628
2020-05-19,Italy,NA,Lazio,5879082,20,12,7505,640
2020-05-20,Italy,NA,Lazio,5879082,28,7,7533,647
2020-05-21,Italy,NA,Lazio,5879082,25,15,7558,662
2020-05-22,Italy,NA,Lazio,5879082,31,7,7589,669
2020-05-23,Italy,NA,Lazio,5879082,18,7,7607,676
2020-05-24,Italy,NA,Lazio,5879082,20,8,7627,684
2020-05-25,Italy,NA,Lazio,5879082,16,4,7643,688
2020-05-26,Italy,NA,Lazio,5879082,18,5,7661,693
2020-05-27,Italy,NA,Lazio,5879082,11,8,7672,701
2020-05-28,Italy,NA,Lazio,5879082,21,7,7693,708
2020-05-29,Italy,NA,Lazio,5879082,16,13,7709,721
2020-05-30,Italy,NA,Lazio,5879082,6,7,7715,728
2020-05-31,Italy,NA,Lazio,5879082,13,7,7728,735
2020-06-01,Italy,NA,Lazio,5879082,10,4,7738,739
2020-06-02,Italy,NA,Lazio,5879082,5,2,7743,741
2020-06-03,Italy,NA,Lazio,5879082,10,6,7753,747
2020-06-04,Italy,NA,Lazio,5879082,11,3,7764,750
2020-06-05,Italy,NA,Lazio,5879082,9,4,7773,754
2020-06-06,Italy,NA,Lazio,5879082,28,4,7801,758
2020-06-07,Italy,NA,Lazio,5879082,11,2,7812,760
2020-06-08,Italy,NA,Lazio,5879082,16,3,7828,763
2020-06-09,Italy,NA,Lazio,5879082,23,3,7851,766
2020-06-10,Italy,NA,Lazio,5879082,18,4,7869,770
2020-06-11,Italy,NA,Lazio,5879082,20,6,7889,776
2020-06-12,Italy,NA,Lazio,5879082,27,5,7916,781
2020-06-13,Italy,NA,Lazio,5879082,25,25,7941,806
2020-06-14,Italy,NA,Lazio,5879082,14,2,7955,808
2020-06-15,Italy,NA,Lazio,5879082,3,3,7958,811
2020-06-16,Italy,NA,Lazio,5879082,9,3,7967,814
2020-06-17,Italy,NA,Lazio,5879082,10,4,7977,818
2020-06-18,Italy,NA,Lazio,5879082,9,4,7986,822
2020-06-19,Italy,NA,Lazio,5879082,9,4,7995,826
2020-06-20,Italy,NA,Lazio,5879082,14,1,8009,827
2020-06-21,Italy,NA,Lazio,5879082,8,0,8017,827
2020-06-22,Italy,NA,Lazio,5879082,8,3,8025,830
2020-06-23,Italy,NA,Lazio,5879082,8,2,8033,832
2020-06-24,Italy,NA,Lazio,5879082,6,1,8039,833
2020-06-25,Italy,NA,Lazio,5879082,12,2,8051,835
2020-06-26,Italy,NA,Lazio,5879082,13,1,8064,836
2020-06-27,Italy,NA,Lazio,5879082,18,1,8082,837
2020-06-28,Italy,NA,Lazio,5879082,14,0,8096,837
2020-06-29,Italy,NA,Lazio,5879082,9,0,8105,837
2020-06-30,Italy,NA,Lazio,5879082,5,0,8110,837
2020-07-01,Italy,NA,Lazio,5879082,9,2,8119,839
2020-07-02,Italy,NA,Lazio,5879082,11,0,8130,839
2020-07-03,Italy,NA,Lazio,5879082,11,1,8141,840
2020-07-04,Italy,NA,Lazio,5879082,31,1,8172,841
2020-07-05,Italy,NA,Lazio,5879082,14,0,8186,841
2020-07-06,Italy,NA,Lazio,5879082,19,1,8205,842
2020-07-07,Italy,NA,Lazio,5879082,5,0,8210,842
2020-07-08,Italy,NA,Lazio,5879082,14,0,8224,842
2020-07-09,Italy,NA,Lazio,5879082,28,1,8252,843
2020-07-10,Italy,NA,Lazio,5879082,23,1,8275,844
2020-07-11,Italy,NA,Lazio,5879082,19,0,8294,844
2020-07-12,Italy,NA,Lazio,5879082,20,0,8314,844
2020-07-13,Italy,NA,Lazio,5879082,24,1,8338,845
2020-07-14,Italy,NA,Lazio,5879082,18,1,8356,846
2020-07-15,Italy,NA,Lazio,5879082,20,1,8376,847
2020-07-16,Italy,NA,Lazio,5879082,9,1,8385,848
2020-07-17,Italy,NA,Lazio,5879082,14,1,8399,849
2020-07-18,Italy,NA,Lazio,5879082,20,1,8419,850
2020-07-19,Italy,NA,Lazio,5879082,17,1,8436,851
2020-07-20,Italy,NA,Lazio,5879082,14,0,8450,851
2020-07-21,Italy,NA,Lazio,5879082,6,2,8456,853
2020-07-22,Italy,NA,Lazio,5879082,16,2,8472,855
2020-07-23,Italy,NA,Lazio,5879082,26,1,8498,856
2020-07-24,Italy,NA,Lazio,5879082,18,1,8516,857
2020-07-25,Italy,NA,Lazio,5879082,19,1,8535,858
2020-07-26,Italy,NA,Lazio,5879082,19,2,8554,860
2020-07-27,Italy,NA,Lazio,5879082,13,1,8567,861
2020-07-28,Italy,NA,Lazio,5879082,10,1,8577,862
2020-07-29,Italy,NA,Lazio,5879082,34,0,8611,862
2020-07-30,Italy,NA,Lazio,5879082,18,1,8629,863
2020-07-31,Italy,NA,Lazio,5879082,18,0,8647,863
2020-08-01,Italy,NA,Lazio,5879082,18,0,8665,863
2020-08-02,Italy,NA,Lazio,5879082,17,0,8682,863
2020-08-03,Italy,NA,Lazio,5879082,15,1,8697,864
2020-08-04,Italy,NA,Lazio,5879082,17,0,8714,864
2020-08-05,Italy,NA,Lazio,5879082,12,1,8726,865
2020-08-06,Italy,NA,Lazio,5879082,18,0,8744,865
2020-08-07,Italy,NA,Lazio,5879082,20,0,8764,865
2020-08-08,Italy,NA,Lazio,5879082,20,1,8784,866
2020-08-09,Italy,NA,Lazio,5879082,38,0,8822,866
2020-08-10,Italy,NA,Lazio,5879082,38,1,8860,867
2020-08-11,Italy,NA,Lazio,5879082,23,0,8883,867
2020-08-12,Italy,NA,Lazio,5879082,37,1,8920,868
2020-08-13,Italy,NA,Lazio,5879082,36,1,8956,869
2020-08-14,Italy,NA,Lazio,5879082,45,1,9001,870
2020-08-15,Italy,NA,Lazio,5879082,58,0,9059,870
2020-08-16,Italy,NA,Lazio,5879082,68,0,9127,870
2020-08-17,Italy,NA,Lazio,5879082,51,0,9178,870
2020-08-18,Italy,NA,Lazio,5879082,43,1,9221,871
2020-08-19,Italy,NA,Lazio,5879082,75,0,9296,871
2020-08-20,Italy,NA,Lazio,5879082,115,1,9411,872
2020-08-21,Italy,NA,Lazio,5879082,137,1,9548,873
2020-08-22,Italy,NA,Lazio,5879082,215,0,9763,873
2020-08-23,Italy,NA,Lazio,5879082,184,1,9947,874
2020-08-24,Italy,NA,Lazio,5879082,146,1,10093,875
2020-08-25,Italy,NA,Lazio,5879082,143,0,10236,875
2020-08-26,Italy,NA,Lazio,5879082,162,1,10398,876
2020-08-27,Italy,NA,Lazio,5879082,152,1,10550,877
2020-08-28,Italy,NA,Lazio,5879082,166,1,10716,878
2020-08-29,Italy,NA,Lazio,5879082,171,0,10887,878
2020-08-30,Italy,NA,Lazio,5879082,156,0,11043,878
2020-08-31,Italy,NA,Lazio,5879082,148,0,11191,878
2020-09-01,Italy,NA,Lazio,5879082,125,0,11316,878
2020-09-02,Italy,NA,Lazio,5879082,130,0,11446,878
2020-09-03,Italy,NA,Lazio,5879082,154,1,11600,879
2020-09-04,Italy,NA,Lazio,5879082,171,0,11771,879
2020-09-05,Italy,NA,Lazio,5879082,158,1,11929,880
2020-09-06,Italy,NA,Lazio,5879082,122,1,12051,881
2020-09-07,Italy,NA,Lazio,5879082,159,0,12210,881
2020-09-08,Italy,NA,Lazio,5879082,129,0,12339,881
2020-09-09,Italy,NA,Lazio,5879082,175,0,12514,881
2020-09-10,Italy,NA,Lazio,5879082,163,1,12677,882
2020-09-11,Italy,NA,Lazio,5879082,148,1,12825,883
2020-09-12,Italy,NA,Lazio,5879082,155,1,12980,884
2020-09-13,Italy,NA,Lazio,5879082,143,1,13123,885
2020-09-14,Italy,NA,Lazio,5879082,181,0,13304,885
2020-09-15,Italy,NA,Lazio,5879082,139,2,13443,887
2020-02-26,Italy,NA,Liguria,1550640,10,0,11,0
2020-02-27,Italy,NA,Liguria,1550640,8,0,19,0
2020-02-28,Italy,NA,Liguria,1550640,0,0,19,0
2020-02-29,Italy,NA,Liguria,1550640,23,0,42,0
2020-03-01,Italy,NA,Liguria,1550640,0,0,42,0
2020-03-02,Italy,NA,Liguria,1550640,0,0,42,0
2020-03-03,Italy,NA,Liguria,1550640,2,1,42,1
2020-03-04,Italy,NA,Liguria,1550640,2,0,42,1
2020-03-05,Italy,NA,Liguria,1550640,2,2,42,3
2020-03-06,Italy,NA,Liguria,1550640,4,0,42,3
2020-03-07,Italy,NA,Liguria,1550640,19,1,51,4
2020-03-08,Italy,NA,Liguria,1550640,27,2,78,6
2020-03-09,Italy,NA,Liguria,1550640,31,1,109,7
2020-03-10,Italy,NA,Liguria,1550640,32,1,141,8
2020-03-11,Italy,NA,Liguria,1550640,53,0,194,8
2020-03-12,Italy,NA,Liguria,1550640,80,3,274,11
2020-03-13,Italy,NA,Liguria,1550640,71,6,345,17
2020-03-14,Italy,NA,Liguria,1550640,118,10,463,27
2020-03-15,Italy,NA,Liguria,1550640,96,6,559,33
2020-03-16,Italy,NA,Liguria,1550640,108,17,667,50
2020-03-17,Italy,NA,Liguria,1550640,111,10,778,60
2020-03-18,Italy,NA,Liguria,1550640,109,13,887,73
2020-03-19,Italy,NA,Liguria,1550640,172,18,1059,91
2020-03-20,Italy,NA,Liguria,1550640,162,28,1221,119
2020-03-21,Italy,NA,Liguria,1550640,215,33,1436,152
2020-03-22,Italy,NA,Liguria,1550640,229,19,1665,171
2020-03-23,Italy,NA,Liguria,1550640,259,41,1924,212
2020-03-24,Italy,NA,Liguria,1550640,192,19,2116,231
2020-03-25,Italy,NA,Liguria,1550640,189,23,2305,254
2020-03-26,Italy,NA,Liguria,1550640,262,26,2567,280
2020-03-27,Italy,NA,Liguria,1550640,129,51,2696,331
2020-03-28,Italy,NA,Liguria,1550640,126,27,2822,358
2020-03-29,Italy,NA,Liguria,1550640,254,19,3076,377
2020-03-30,Italy,NA,Liguria,1550640,141,20,3217,397
2020-03-31,Italy,NA,Liguria,1550640,199,31,3416,428
2020-04-01,Italy,NA,Liguria,1550640,244,32,3660,460
2020-04-02,Italy,NA,Liguria,1550640,122,28,3782,488
2020-04-03,Italy,NA,Liguria,1550640,183,31,3965,519
2020-04-04,Italy,NA,Liguria,1550640,238,23,4203,542
2020-04-05,Italy,NA,Liguria,1550640,246,14,4449,556
2020-04-06,Italy,NA,Liguria,1550640,100,39,4549,595
2020-04-07,Italy,NA,Liguria,1550640,208,25,4757,620
2020-04-08,Italy,NA,Liguria,1550640,149,34,4906,654
2020-04-09,Italy,NA,Liguria,1550640,114,28,5020,682
2020-04-10,Italy,NA,Liguria,1550640,171,27,5191,709
2020-04-11,Italy,NA,Liguria,1550640,185,25,5376,734
2020-04-12,Italy,NA,Liguria,1550640,118,15,5494,749
2020-04-13,Italy,NA,Liguria,1550640,102,11,5596,760
2020-04-14,Italy,NA,Liguria,1550640,212,33,5808,793
2020-04-15,Italy,NA,Liguria,1550640,128,14,5936,807
2020-04-16,Italy,NA,Liguria,1550640,103,21,6039,828
2020-04-17,Italy,NA,Liguria,1550640,149,38,6188,866
2020-04-18,Italy,NA,Liguria,1550640,113,31,6301,897
2020-04-19,Italy,NA,Liguria,1550640,227,31,6528,928
2020-04-20,Italy,NA,Liguria,1550640,141,29,6669,957
2020-04-21,Italy,NA,Liguria,1550640,95,33,6764,990
2020-04-22,Italy,NA,Liguria,1550640,154,32,6918,1022
2020-04-23,Italy,NA,Liguria,1550640,131,25,7049,1047
2020-04-24,Italy,NA,Liguria,1550640,124,29,7173,1076
2020-04-25,Italy,NA,Liguria,1550640,128,17,7301,1093
2020-04-26,Italy,NA,Liguria,1550640,187,21,7488,1114
2020-04-27,Italy,NA,Liguria,1550640,154,14,7642,1128
2020-04-28,Italy,NA,Liguria,1550640,130,13,7772,1141
2020-04-29,Italy,NA,Liguria,1550640,117,11,7889,1152
2020-04-30,Italy,NA,Liguria,1550640,104,15,7993,1167
2020-05-01,Italy,NA,Liguria,1550640,133,17,8126,1184
2020-05-02,Italy,NA,Liguria,1550640,186,11,8312,1195
2020-05-03,Italy,NA,Liguria,1550640,47,14,8359,1209
2020-05-04,Italy,NA,Liguria,1550640,53,12,8412,1221
2020-05-05,Italy,NA,Liguria,1550640,63,11,8475,1232
2020-05-06,Italy,NA,Liguria,1550640,76,11,8551,1243
2020-05-07,Italy,NA,Liguria,1550640,94,11,8645,1254
2020-05-08,Italy,NA,Liguria,1550640,78,11,8723,1265
2020-05-09,Italy,NA,Liguria,1550640,15,11,8738,1276
2020-05-10,Italy,NA,Liguria,1550640,50,5,8788,1281
2020-05-11,Italy,NA,Liguria,1550640,44,12,8832,1293
2020-05-12,Italy,NA,Liguria,1550640,31,8,8863,1301
2020-05-13,Italy,NA,Liguria,1550640,67,13,8930,1314
2020-05-14,Italy,NA,Liguria,1550640,65,15,8995,1329
2020-05-15,Italy,NA,Liguria,1550640,65,7,9060,1336
2020-05-16,Italy,NA,Liguria,1550640,51,10,9111,1346
2020-05-17,Italy,NA,Liguria,1550640,48,9,9159,1355
2020-05-18,Italy,NA,Liguria,1550640,32,12,9191,1367
2020-05-19,Italy,NA,Liguria,1550640,66,9,9257,1376
2020-05-20,Italy,NA,Liguria,1550640,32,10,9289,1386
2020-05-21,Italy,NA,Liguria,1550640,55,11,9344,1397
2020-05-22,Italy,NA,Liguria,1550640,45,10,9389,1407
2020-05-23,Italy,NA,Liguria,1550640,38,7,9427,1414
2020-05-24,Italy,NA,Liguria,1550640,53,5,9480,1419
2020-05-25,Italy,NA,Liguria,1550640,17,6,9497,1425
2020-05-26,Italy,NA,Liguria,1550640,53,6,9550,1431
2020-05-27,Italy,NA,Liguria,1550640,39,7,9589,1438
2020-05-28,Italy,NA,Liguria,1550640,16,7,9605,1445
2020-05-29,Italy,NA,Liguria,1550640,14,7,9619,1452
2020-05-30,Italy,NA,Liguria,1550640,32,7,9651,1459
2020-05-31,Italy,NA,Liguria,1550640,12,6,9663,1465
2020-06-01,Italy,NA,Liguria,1550640,56,2,9719,1467
2020-06-02,Italy,NA,Liguria,1550640,15,1,9734,1468
2020-06-03,Italy,NA,Liguria,1550640,17,5,9751,1473
2020-06-04,Italy,NA,Liguria,1550640,21,6,9772,1479
2020-06-05,Italy,NA,Liguria,1550640,14,7,9786,1486
2020-06-06,Italy,NA,Liguria,1550640,13,6,9799,1492
2020-06-07,Italy,NA,Liguria,1550640,13,7,9812,1499
2020-06-08,Italy,NA,Liguria,1550640,14,6,9826,1505
2020-06-09,Italy,NA,Liguria,1550640,8,4,9834,1509
2020-06-10,Italy,NA,Liguria,1550640,20,4,9854,1513
2020-06-11,Italy,NA,Liguria,1550640,10,1,9864,1514
2020-06-12,Italy,NA,Liguria,1550640,7,2,9871,1516
2020-06-13,Italy,NA,Liguria,1550640,4,2,9875,1518
2020-06-14,Italy,NA,Liguria,1550640,4,3,9879,1521
2020-06-15,Italy,NA,Liguria,1550640,8,4,9887,1525
2020-06-16,Italy,NA,Liguria,1550640,4,4,9891,1529
2020-06-17,Italy,NA,Liguria,1550640,5,3,9896,1532
2020-06-18,Italy,NA,Liguria,1550640,7,4,9903,1536
2020-06-19,Italy,NA,Liguria,1550640,7,4,9910,1540
2020-06-20,Italy,NA,Liguria,1550640,10,5,9920,1545
2020-06-21,Italy,NA,Liguria,1550640,7,4,9927,1549
2020-06-22,Italy,NA,Liguria,1550640,8,3,9935,1552
2020-06-23,Italy,NA,Liguria,1550640,4,1,9939,1553
2020-06-24,Italy,NA,Liguria,1550640,1,2,9940,1555
2020-06-25,Italy,NA,Liguria,1550640,14,1,9954,1556
2020-06-26,Italy,NA,Liguria,1550640,4,0,9958,1556
2020-06-27,Italy,NA,Liguria,1550640,5,1,9963,1557
2020-06-28,Italy,NA,Liguria,1550640,4,1,9967,1558
2020-06-29,Italy,NA,Liguria,1550640,7,0,9974,1558
2020-06-30,Italy,NA,Liguria,1550640,3,0,9977,1558
2020-07-01,Italy,NA,Liguria,1550640,5,0,9982,1558
2020-07-02,Italy,NA,Liguria,1550640,2,0,9984,1558
2020-07-03,Italy,NA,Liguria,1550640,3,0,9987,1558
2020-07-04,Italy,NA,Liguria,1550640,4,0,9991,1558
2020-07-05,Italy,NA,Liguria,1550640,8,0,9999,1558
2020-07-06,Italy,NA,Liguria,1550640,2,0,10001,1558
2020-07-07,Italy,NA,Liguria,1550640,2,0,10003,1558
2020-07-08,Italy,NA,Liguria,1550640,3,0,10006,1558
2020-07-09,Italy,NA,Liguria,1550640,4,0,10010,1558
2020-07-10,Italy,NA,Liguria,1550640,15,0,10025,1558
2020-07-11,Italy,NA,Liguria,1550640,6,1,10031,1559
2020-07-12,Italy,NA,Liguria,1550640,0,0,10031,1559
2020-07-13,Italy,NA,Liguria,1550640,1,0,10032,1559
2020-07-14,Italy,NA,Liguria,1550640,6,2,10038,1561
2020-07-15,Italy,NA,Liguria,1550640,4,0,10042,1561
2020-07-16,Italy,NA,Liguria,1550640,8,3,10050,1564
2020-07-17,Italy,NA,Liguria,1550640,2,1,10052,1565
2020-07-18,Italy,NA,Liguria,1550640,18,0,10070,1565
2020-07-19,Italy,NA,Liguria,1550640,23,0,10093,1565
2020-07-20,Italy,NA,Liguria,1550640,12,0,10105,1565
2020-07-21,Italy,NA,Liguria,1550640,12,0,10117,1565
2020-07-22,Italy,NA,Liguria,1550640,7,0,10124,1565
2020-07-23,Italy,NA,Liguria,1550640,15,1,10139,1566
2020-07-24,Italy,NA,Liguria,1550640,5,0,10144,1566
2020-07-25,Italy,NA,Liguria,1550640,3,0,10147,1566
2020-07-26,Italy,NA,Liguria,1550640,3,0,10150,1566
2020-07-27,Italy,NA,Liguria,1550640,24,0,10174,1566
2020-07-28,Italy,NA,Liguria,1550640,3,0,10177,1566
2020-07-29,Italy,NA,Liguria,1550640,20,0,10197,1566
2020-07-30,Italy,NA,Liguria,1550640,13,0,10210,1566
2020-07-31,Italy,NA,Liguria,1550640,4,1,10214,1567
2020-08-01,Italy,NA,Liguria,1550640,16,0,10230,1567
2020-08-02,Italy,NA,Liguria,1550640,6,0,10236,1567
2020-08-03,Italy,NA,Liguria,1550640,2,1,10238,1568
2020-08-04,Italy,NA,Liguria,1550640,5,0,10243,1568
2020-08-05,Italy,NA,Liguria,1550640,7,0,10250,1568
2020-08-06,Italy,NA,Liguria,1550640,13,0,10263,1568
2020-08-07,Italy,NA,Liguria,1550640,9,0,10272,1568
2020-08-08,Italy,NA,Liguria,1550640,4,1,10276,1569
2020-08-09,Italy,NA,Liguria,1550640,7,0,10283,1569
2020-08-10,Italy,NA,Liguria,1550640,10,0,10293,1569
2020-08-11,Italy,NA,Liguria,1550640,11,0,10304,1569
2020-08-12,Italy,NA,Liguria,1550640,26,0,10330,1569
2020-08-13,Italy,NA,Liguria,1550640,63,0,10393,1569
2020-08-14,Italy,NA,Liguria,1550640,20,0,10413,1569
2020-08-15,Italy,NA,Liguria,1550640,33,0,10446,1569
2020-08-16,Italy,NA,Liguria,1550640,12,0,10458,1569
2020-08-17,Italy,NA,Liguria,1550640,16,0,10474,1569
2020-08-18,Italy,NA,Liguria,1550640,27,0,10501,1569
2020-08-19,Italy,NA,Liguria,1550640,30,0,10531,1569
2020-08-20,Italy,NA,Liguria,1550640,31,2,10562,1571
2020-08-21,Italy,NA,Liguria,1550640,21,0,10583,1571
2020-08-22,Italy,NA,Liguria,1550640,34,0,10617,1571
2020-08-23,Italy,NA,Liguria,1550640,28,0,10645,1571
2020-08-24,Italy,NA,Liguria,1550640,26,0,10671,1571
2020-08-25,Italy,NA,Liguria,1550640,12,0,10683,1571
2020-08-26,Italy,NA,Liguria,1550640,41,0,10724,1571
2020-08-27,Italy,NA,Liguria,1550640,37,0,10761,1571
2020-08-28,Italy,NA,Liguria,1550640,46,0,10807,1571
2020-08-29,Italy,NA,Liguria,1550640,47,0,10854,1571
2020-08-30,Italy,NA,Liguria,1550640,53,0,10907,1571
2020-08-31,Italy,NA,Liguria,1550640,44,0,10951,1571
2020-09-01,Italy,NA,Liguria,1550640,19,0,10970,1571
2020-09-02,Italy,NA,Liguria,1550640,47,0,11017,1571
2020-09-03,Italy,NA,Liguria,1550640,22,1,11039,1572
2020-09-04,Italy,NA,Liguria,1550640,47,0,11086,1572
2020-09-05,Italy,NA,Liguria,1550640,95,1,11181,1573
2020-09-06,Italy,NA,Liguria,1550640,111,2,11292,1575
2020-09-07,Italy,NA,Liguria,1550640,59,2,11351,1577
2020-09-08,Italy,NA,Liguria,1550640,64,1,11415,1578
2020-09-09,Italy,NA,Liguria,1550640,51,1,11466,1579
2020-09-10,Italy,NA,Liguria,1550640,114,0,11580,1579
2020-09-11,Italy,NA,Liguria,1550640,82,0,11662,1579
2020-09-12,Italy,NA,Liguria,1550640,112,0,11774,1579
2020-09-13,Italy,NA,Liguria,1550640,78,0,11852,1579
2020-09-14,Italy,NA,Liguria,1550640,65,3,11917,1582
2020-09-15,Italy,NA,Liguria,1550640,141,0,12058,1582
2020-02-24,Italy,NA,Lombardy,10060574,166,0,172,6
2020-02-25,Italy,NA,Lombardy,10060574,68,3,240,9
2020-02-26,Italy,NA,Lombardy,10060574,18,0,258,9
2020-02-27,Italy,NA,Lombardy,10060574,145,5,403,14
2020-02-28,Italy,NA,Lombardy,10060574,128,3,531,17
2020-02-29,Italy,NA,Lombardy,10060574,84,6,615,23
2020-03-01,Italy,NA,Lombardy,10060574,369,1,984,24
2020-03-02,Italy,NA,Lombardy,10060574,270,14,1254,38
2020-03-03,Italy,NA,Lombardy,10060574,266,17,1520,55
2020-03-04,Italy,NA,Lombardy,10060574,300,18,1820,73
2020-03-05,Italy,NA,Lombardy,10060574,431,25,2251,98
2020-03-06,Italy,NA,Lombardy,10060574,361,37,2612,135
2020-03-07,Italy,NA,Lombardy,10060574,808,19,3420,154
2020-03-08,Italy,NA,Lombardy,10060574,769,113,4189,267
2020-03-09,Italy,NA,Lombardy,10060574,1280,66,5469,333
2020-03-10,Italy,NA,Lombardy,10060574,322,135,5791,468
2020-03-11,Italy,NA,Lombardy,10060574,1489,149,7280,617
2020-03-12,Italy,NA,Lombardy,10060574,1445,127,8725,744
2020-03-13,Italy,NA,Lombardy,10060574,1095,146,9820,890
2020-03-14,Italy,NA,Lombardy,10060574,1865,76,11685,966
2020-03-15,Italy,NA,Lombardy,10060574,1587,252,13272,1218
2020-03-16,Italy,NA,Lombardy,10060574,1377,202,14649,1420
2020-03-17,Italy,NA,Lombardy,10060574,1571,220,16220,1640
2020-03-18,Italy,NA,Lombardy,10060574,1493,319,17713,1959
2020-03-19,Italy,NA,Lombardy,10060574,2171,209,19884,2168
2020-03-20,Italy,NA,Lombardy,10060574,2380,381,22264,2549
2020-03-21,Italy,NA,Lombardy,10060574,3251,546,25515,3095
2020-03-22,Italy,NA,Lombardy,10060574,1691,361,27206,3456
2020-03-23,Italy,NA,Lombardy,10060574,1555,320,28761,3776
2020-03-24,Italy,NA,Lombardy,10060574,1942,402,30703,4178
2020-03-25,Italy,NA,Lombardy,10060574,1643,296,32346,4474
2020-03-26,Italy,NA,Lombardy,10060574,2543,387,34889,4861
2020-03-27,Italy,NA,Lombardy,10060574,2409,541,37298,5402
2020-03-28,Italy,NA,Lombardy,10060574,2117,542,39415,5944
2020-03-29,Italy,NA,Lombardy,10060574,1592,416,41007,6360
2020-03-30,Italy,NA,Lombardy,10060574,1154,458,42161,6818
2020-03-31,Italy,NA,Lombardy,10060574,1047,381,43208,7199
2020-04-01,Italy,NA,Lombardy,10060574,1565,394,44773,7593
2020-04-02,Italy,NA,Lombardy,10060574,1292,367,46065,7960
2020-04-03,Italy,NA,Lombardy,10060574,1455,351,47520,8311
2020-04-04,Italy,NA,Lombardy,10060574,1598,345,49118,8656
2020-04-05,Italy,NA,Lombardy,10060574,1337,249,50455,8905
2020-04-06,Italy,NA,Lombardy,10060574,1079,297,51534,9202
2020-04-07,Italy,NA,Lombardy,10060574,791,282,52325,9484
2020-04-08,Italy,NA,Lombardy,10060574,1089,238,53414,9722
2020-04-09,Italy,NA,Lombardy,10060574,1388,300,54802,10022
2020-04-10,Italy,NA,Lombardy,10060574,1246,216,56048,10238
2020-04-11,Italy,NA,Lombardy,10060574,1544,273,57592,10511
2020-04-12,Italy,NA,Lombardy,10060574,1460,110,59052,10621
2020-04-13,Italy,NA,Lombardy,10060574,1262,280,60314,10901
2020-04-14,Italy,NA,Lombardy,10060574,1012,241,61326,11142
2020-04-15,Italy,NA,Lombardy,10060574,827,235,62153,11377
2020-04-16,Italy,NA,Lombardy,10060574,941,231,63094,11608
2020-04-17,Italy,NA,Lombardy,10060574,1041,243,64135,11851
2020-04-18,Italy,NA,Lombardy,10060574,1246,199,65381,12050
2020-04-19,Italy,NA,Lombardy,10060574,855,163,66236,12213
2020-04-20,Italy,NA,Lombardy,10060574,735,163,66971,12376
2020-04-21,Italy,NA,Lombardy,10060574,960,203,67931,12579
2020-04-22,Italy,NA,Lombardy,10060574,1161,161,69092,12740
2020-04-23,Italy,NA,Lombardy,10060574,1073,200,70165,12940
2020-04-24,Italy,NA,Lombardy,10060574,1091,166,71256,13106
2020-04-25,Italy,NA,Lombardy,10060574,713,163,71969,13269
2020-04-26,Italy,NA,Lombardy,10060574,920,56,72889,13325
2020-04-27,Italy,NA,Lombardy,10060574,590,124,73479,13449
2020-04-28,Italy,NA,Lombardy,10060574,869,126,74348,13575
2020-04-29,Italy,NA,Lombardy,10060574,786,104,75134,13679
2020-04-30,Italy,NA,Lombardy,10060574,598,93,75732,13772
2020-05-01,Italy,NA,Lombardy,10060574,737,88,76469,13860
2020-05-02,Italy,NA,Lombardy,10060574,533,329,77002,14189
2020-05-03,Italy,NA,Lombardy,10060574,526,42,77528,14231
2020-05-04,Italy,NA,Lombardy,10060574,577,63,78105,14294
2020-05-05,Italy,NA,Lombardy,10060574,500,95,78605,14389
2020-05-06,Italy,NA,Lombardy,10060574,764,222,79369,14611
2020-05-07,Italy,NA,Lombardy,10060574,720,134,80089,14745
2020-05-08,Italy,NA,Lombardy,10060574,634,94,80723,14839
2020-05-09,Italy,NA,Lombardy,10060574,502,85,81225,14924
2020-05-10,Italy,NA,Lombardy,10060574,282,62,81507,14986
2020-05-11,Italy,NA,Lombardy,10060574,364,68,81871,15054
2020-05-12,Italy,NA,Lombardy,10060574,1033,62,82904,15116
2020-05-13,Italy,NA,Lombardy,10060574,394,69,83298,15185
2020-05-14,Italy,NA,Lombardy,10060574,522,111,83820,15296
2020-05-15,Italy,NA,Lombardy,10060574,299,115,84119,15411
2020-05-16,Italy,NA,Lombardy,10060574,399,39,84518,15450
2020-05-17,Italy,NA,Lombardy,10060574,326,69,84844,15519
2020-05-18,Italy,NA,Lombardy,10060574,175,24,85019,15543
2020-05-19,Italy,NA,Lombardy,10060574,462,54,85481,15597
2020-05-20,Italy,NA,Lombardy,10060574,294,65,85775,15662
2020-05-21,Italy,NA,Lombardy,10060574,316,65,86091,15727
2020-05-22,Italy,NA,Lombardy,10060574,293,57,86384,15784
2020-05-23,Italy,NA,Lombardy,10060574,441,56,86825,15840
2020-05-24,Italy,NA,Lombardy,10060574,285,0,87110,15840
2020-05-25,Italy,NA,Lombardy,10060574,148,34,87258,15874
2020-05-26,Italy,NA,Lombardy,10060574,159,22,87417,15896
2020-05-27,Italy,NA,Lombardy,10060574,384,58,87801,15954
2020-05-28,Italy,NA,Lombardy,10060574,382,20,88183,15974
2020-05-29,Italy,NA,Lombardy,10060574,354,38,88537,16012
2020-05-30,Italy,NA,Lombardy,10060574,221,67,88758,16079
2020-05-31,Italy,NA,Lombardy,10060574,210,33,88968,16112
2020-06-01,Italy,NA,Lombardy,10060574,50,19,89018,16131
2020-06-02,Italy,NA,Lombardy,10060574,187,12,89205,16143
2020-06-03,Italy,NA,Lombardy,10060574,237,29,89442,16172
2020-06-04,Italy,NA,Lombardy,10060574,84,29,89526,16201
2020-06-05,Italy,NA,Lombardy,10060574,402,21,89928,16222
2020-06-06,Italy,NA,Lombardy,10060574,142,27,90070,16249
2020-06-07,Italy,NA,Lombardy,10060574,125,21,90195,16270
2020-06-08,Italy,NA,Lombardy,10060574,194,32,90389,16302
2020-06-09,Italy,NA,Lombardy,10060574,192,15,90581,16317
2020-06-10,Italy,NA,Lombardy,10060574,99,32,90680,16349
2020-06-11,Italy,NA,Lombardy,10060574,252,25,90932,16374
2020-06-12,Italy,NA,Lombardy,10060574,272,31,91204,16405
2020-06-13,Italy,NA,Lombardy,10060574,210,23,91414,16428
2020-06-14,Italy,NA,Lombardy,10060574,244,21,91658,16449
2020-06-15,Italy,NA,Lombardy,10060574,259,8,91917,16457
2020-06-16,Italy,NA,Lombardy,10060574,143,9,92060,16466
2020-06-17,Italy,NA,Lombardy,10060574,242,14,92302,16480
2020-06-18,Italy,NA,Lombardy,10060574,216,36,92518,16516
2020-06-19,Italy,NA,Lombardy,10060574,157,18,92675,16534
2020-06-20,Italy,NA,Lombardy,10060574,165,23,92840,16557
2020-06-21,Italy,NA,Lombardy,10060574,128,13,92968,16570
2020-06-22,Italy,NA,Lombardy,10060574,143,3,93111,16573
2020-06-23,Italy,NA,Lombardy,10060574,62,6,93173,16579
2020-06-24,Italy,NA,Lombardy,10060574,88,7,93261,16586
2020-06-25,Italy,NA,Lombardy,10060574,170,22,93431,16608
2020-06-26,Italy,NA,Lombardy,10060574,156,16,93587,16624
2020-06-27,Italy,NA,Lombardy,10060574,77,2,93664,16626
2020-06-28,Italy,NA,Lombardy,10060574,97,13,93761,16639
2020-06-29,Italy,NA,Lombardy,10060574,78,1,93839,16640
2020-06-30,Italy,NA,Lombardy,10060574,62,4,93901,16644
2020-07-01,Italy,NA,Lombardy,10060574,109,6,94010,16650
2020-07-02,Italy,NA,Lombardy,10060574,98,21,94108,16671
2020-07-03,Italy,NA,Lombardy,10060574,115,4,94223,16675
2020-07-04,Italy,NA,Lombardy,10060574,95,16,94318,16691
2020-07-05,Italy,NA,Lombardy,10060574,98,6,94416,16697
2020-07-06,Italy,NA,Lombardy,10060574,111,3,94527,16700
2020-07-07,Italy,NA,Lombardy,10060574,53,13,94580,16713
2020-07-08,Italy,NA,Lombardy,10060574,71,12,94651,16725
2020-07-09,Italy,NA,Lombardy,10060574,119,5,94770,16730
2020-07-10,Italy,NA,Lombardy,10060574,135,6,94905,16736
2020-07-11,Italy,NA,Lombardy,10060574,67,4,94972,16740
2020-07-12,Italy,NA,Lombardy,10060574,77,8,95049,16748
2020-07-13,Italy,NA,Lombardy,10060574,94,9,95143,16757
2020-07-14,Italy,NA,Lombardy,10060574,30,3,95173,16760
2020-07-15,Italy,NA,Lombardy,10060574,63,5,95236,16765
2020-07-16,Italy,NA,Lombardy,10060574,80,10,95316,16775
2020-07-17,Italy,NA,Lombardy,10060574,55,3,95371,16778
2020-07-18,Italy,NA,Lombardy,10060574,88,10,95459,16788
2020-07-19,Italy,NA,Lombardy,10060574,33,0,95492,16788
2020-07-20,Italy,NA,Lombardy,10060574,56,8,95548,16796
2020-07-21,Italy,NA,Lombardy,10060574,34,1,95582,16797
2020-07-22,Italy,NA,Lombardy,10060574,51,1,95633,16798
2020-07-23,Italy,NA,Lombardy,10060574,82,3,95715,16801
2020-07-24,Italy,NA,Lombardy,10060574,53,0,95768,16801
2020-07-25,Italy,NA,Lombardy,10060574,79,0,95847,16801
2020-07-26,Italy,NA,Lombardy,10060574,74,0,95921,16801
2020-07-27,Italy,NA,Lombardy,10060574,34,0,95955,16801
2020-07-28,Italy,NA,Lombardy,10060574,53,1,96008,16802
2020-07-29,Italy,NA,Lombardy,10060574,46,0,96054,16802
2020-07-30,Italy,NA,Lombardy,10060574,88,0,96142,16802
2020-07-31,Italy,NA,Lombardy,10060574,77,4,96219,16806
2020-08-01,Italy,NA,Lombardy,10060574,55,1,96274,16807
2020-08-02,Italy,NA,Lombardy,10060574,38,8,96312,16815
2020-08-03,Italy,NA,Lombardy,10060574,25,3,96337,16818
2020-08-04,Italy,NA,Lombardy,10060574,44,1,96381,16819
2020-08-05,Italy,NA,Lombardy,10060574,138,5,96519,16824
2020-08-06,Italy,NA,Lombardy,10060574,118,5,96637,16829
2020-08-07,Italy,NA,Lombardy,10060574,69,0,96706,16829
2020-08-08,Italy,NA,Lombardy,10060574,76,3,96782,16832
2020-08-09,Italy,NA,Lombardy,10060574,71,1,96853,16833
2020-08-10,Italy,NA,Lombardy,10060574,31,0,96884,16833
2020-08-11,Italy,NA,Lombardy,10060574,68,0,96952,16833
2020-08-12,Italy,NA,Lombardy,10060574,102,0,97054,16833
2020-08-13,Italy,NA,Lombardy,10060574,74,2,97128,16835
2020-08-14,Italy,NA,Lombardy,10060574,97,1,97225,16836
2020-08-15,Italy,NA,Lombardy,10060574,94,1,97319,16837
2020-08-16,Italy,NA,Lombardy,10060574,61,3,97380,16840
2020-08-17,Italy,NA,Lombardy,10060574,43,0,97423,16840
2020-08-18,Italy,NA,Lombardy,10060574,50,0,97473,16840
2020-08-19,Italy,NA,Lombardy,10060574,91,4,97564,16844
2020-08-20,Italy,NA,Lombardy,10060574,154,2,97718,16846
2020-08-21,Italy,NA,Lombardy,10060574,174,6,97892,16852
2020-08-22,Italy,NA,Lombardy,10060574,185,0,98077,16852
2020-08-23,Italy,NA,Lombardy,10060574,239,4,98316,16856
2020-08-24,Italy,NA,Lombardy,10060574,110,1,98426,16857
2020-08-25,Italy,NA,Lombardy,10060574,119,0,98545,16857
2020-08-26,Italy,NA,Lombardy,10060574,269,0,98814,16857
2020-08-27,Italy,NA,Lombardy,10060574,286,0,99100,16857
2020-08-28,Italy,NA,Lombardy,10060574,316,3,99416,16860
2020-08-29,Italy,NA,Lombardy,10060574,289,0,99705,16860
2020-08-30,Italy,NA,Lombardy,10060574,235,3,99940,16863
2020-08-31,Italy,NA,Lombardy,10060574,135,2,100075,16865
2020-09-01,Italy,NA,Lombardy,10060574,242,2,100317,16867
2020-09-02,Italy,NA,Lombardy,10060574,237,2,100554,16869
2020-09-03,Italy,NA,Lombardy,10060574,228,1,100782,16870
2020-09-04,Italy,NA,Lombardy,10060574,337,6,101119,16876
2020-09-05,Italy,NA,Lombardy,10060574,388,1,101507,16877
2020-09-06,Italy,NA,Lombardy,10060574,198,3,101705,16880
2020-09-07,Italy,NA,Lombardy,10060574,109,6,101814,16886
2020-09-08,Italy,NA,Lombardy,10060574,271,2,102085,16888
2020-09-09,Italy,NA,Lombardy,10060574,218,3,102303,16891
2020-09-10,Italy,NA,Lombardy,10060574,245,1,102548,16892
2020-09-11,Italy,NA,Lombardy,10060574,257,4,102805,16896
2020-09-12,Italy,NA,Lombardy,10060574,269,0,103074,16896
2020-09-13,Italy,NA,Lombardy,10060574,265,3,103339,16899
2020-09-14,Italy,NA,Lombardy,10060574,125,2,103464,16901
2020-09-15,Italy,NA,Lombardy,10060574,176,2,103640,16903
2020-02-29,Italy,NA,Marche,1525271,5,0,11,0
2020-03-01,Italy,NA,Marche,1525271,14,0,25,0
2020-03-02,Italy,NA,Marche,1525271,10,1,35,1
2020-03-03,Italy,NA,Marche,1525271,26,1,61,2
2020-03-04,Italy,NA,Marche,1525271,23,2,84,4
2020-03-05,Italy,NA,Marche,1525271,40,0,124,4
2020-03-06,Italy,NA,Marche,1525271,35,0,159,4
2020-03-07,Italy,NA,Marche,1525271,48,2,207,6
2020-03-08,Italy,NA,Marche,1525271,65,1,272,7
2020-03-09,Italy,NA,Marche,1525271,51,3,323,10
2020-03-10,Italy,NA,Marche,1525271,71,3,394,13
2020-03-11,Italy,NA,Marche,1525271,85,5,479,18
2020-03-12,Italy,NA,Marche,1525271,113,4,592,22
2020-03-13,Italy,NA,Marche,1525271,133,5,725,27
2020-03-14,Italy,NA,Marche,1525271,174,9,899,36
2020-03-15,Italy,NA,Marche,1525271,234,10,1133,46
2020-03-16,Italy,NA,Marche,1525271,109,11,1242,57
2020-03-17,Italy,NA,Marche,1525271,129,12,1371,69
2020-03-18,Italy,NA,Marche,1525271,197,23,1568,92
2020-03-19,Italy,NA,Marche,1525271,169,23,1737,115
2020-03-20,Italy,NA,Marche,1525271,244,22,1981,137
2020-03-21,Italy,NA,Marche,1525271,172,17,2153,154
2020-03-22,Italy,NA,Marche,1525271,268,30,2421,184
2020-03-23,Italy,NA,Marche,1525271,148,19,2569,203
2020-03-24,Italy,NA,Marche,1525271,167,28,2736,231
2020-03-25,Italy,NA,Marche,1525271,198,56,2934,287
2020-03-26,Italy,NA,Marche,1525271,180,23,3114,310
2020-03-27,Italy,NA,Marche,1525271,82,26,3196,336
2020-03-28,Italy,NA,Marche,1525271,177,28,3373,364
2020-03-29,Italy,NA,Marche,1525271,185,22,3558,386
2020-03-30,Italy,NA,Marche,1525271,126,31,3684,417
2020-03-31,Italy,NA,Marche,1525271,141,35,3825,452
2020-04-01,Italy,NA,Marche,1525271,137,25,3962,477
2020-04-02,Italy,NA,Marche,1525271,136,26,4098,503
2020-04-03,Italy,NA,Marche,1525271,132,54,4230,557
2020-04-04,Italy,NA,Marche,1525271,111,17,4341,574
2020-04-05,Italy,NA,Marche,1525271,123,25,4464,599
2020-04-06,Italy,NA,Marche,1525271,150,13,4614,612
2020-04-07,Italy,NA,Marche,1525271,96,18,4710,630
2020-04-08,Italy,NA,Marche,1525271,149,22,4859,652
2020-04-09,Italy,NA,Marche,1525271,96,17,4955,669
2020-04-10,Italy,NA,Marche,1525271,129,13,5084,682
2020-04-11,Italy,NA,Marche,1525271,127,7,5211,689
2020-04-12,Italy,NA,Marche,1525271,92,11,5303,700
2020-04-13,Italy,NA,Marche,1525271,78,13,5381,713
2020-04-14,Italy,NA,Marche,1525271,45,15,5426,728
2020-04-15,Italy,NA,Marche,1525271,77,18,5503,746
2020-04-16,Italy,NA,Marche,1525271,79,18,5582,764
2020-04-17,Italy,NA,Marche,1525271,86,21,5668,785
2020-04-18,Italy,NA,Marche,1525271,53,10,5721,795
2020-04-19,Italy,NA,Marche,1525271,48,12,5769,807
2020-04-20,Italy,NA,Marche,1525271,57,15,5826,822
2020-04-21,Italy,NA,Marche,1525271,51,12,5877,834
2020-04-22,Italy,NA,Marche,1525271,47,11,5924,845
2020-04-23,Italy,NA,Marche,1525271,28,12,5952,857
2020-04-24,Italy,NA,Marche,1525271,76,8,6028,865
2020-04-25,Italy,NA,Marche,1525271,30,9,6058,874
2020-04-26,Italy,NA,Marche,1525271,53,5,6111,879
2020-04-27,Italy,NA,Marche,1525271,16,5,6127,884
2020-04-28,Italy,NA,Marche,1525271,48,9,6175,893
2020-04-29,Italy,NA,Marche,1525271,35,6,6210,899
2020-04-30,Italy,NA,Marche,1525271,37,7,6247,906
2020-05-01,Italy,NA,Marche,1525271,28,5,6275,911
2020-05-02,Italy,NA,Marche,1525271,23,5,6298,916
2020-05-03,Italy,NA,Marche,1525271,21,11,6319,927
2020-05-04,Italy,NA,Marche,1525271,44,5,6363,932
2020-05-05,Italy,NA,Marche,1525271,29,4,6392,936
2020-05-06,Italy,NA,Marche,1525271,29,7,6421,943
2020-05-07,Italy,NA,Marche,1525271,31,5,6452,948
2020-05-08,Italy,NA,Marche,1525271,18,6,6470,954
2020-05-09,Italy,NA,Marche,1525271,23,4,6493,958
2020-05-10,Italy,NA,Marche,1525271,40,2,6533,960
2020-05-11,Italy,NA,Marche,1525271,10,4,6543,964
2020-05-12,Italy,NA,Marche,1525271,25,5,6568,969
2020-05-13,Italy,NA,Marche,1525271,20,2,6588,971
2020-05-14,Italy,NA,Marche,1525271,15,3,6603,974
2020-05-15,Italy,NA,Marche,1525271,16,3,6619,977
2020-05-16,Italy,NA,Marche,1525271,23,5,6642,982
2020-05-17,Italy,NA,Marche,1525271,25,2,6667,984
2020-05-18,Italy,NA,Marche,1525271,11,0,6678,984
2020-05-19,Italy,NA,Marche,1525271,0,2,6678,986
2020-05-20,Italy,NA,Marche,1525271,2,1,6678,987
2020-05-21,Italy,NA,Marche,1525271,12,3,6689,990
2020-05-22,Italy,NA,Marche,1525271,8,0,6697,990
2020-05-23,Italy,NA,Marche,1525271,4,3,6701,993
2020-05-24,Italy,NA,Marche,1525271,13,1,6714,994
2020-05-25,Italy,NA,Marche,1525271,2,1,6716,995
2020-05-26,Italy,NA,Marche,1525271,2,1,6718,996
2020-05-27,Italy,NA,Marche,1525271,0,0,6718,996
2020-05-28,Italy,NA,Marche,1525271,1,1,6719,997
2020-05-29,Italy,NA,Marche,1525271,4,0,6723,997
2020-05-30,Italy,NA,Marche,1525271,4,1,6727,997
2020-05-31,Italy,NA,Marche,1525271,3,0,6730,997
2020-06-01,Italy,NA,Marche,1525271,0,0,6730,997
2020-06-02,Italy,NA,Marche,1525271,4,0,6734,997
2020-06-03,Italy,NA,Marche,1525271,1,0,6735,997
2020-06-04,Italy,NA,Marche,1525271,3,1,6738,997
2020-06-05,Italy,NA,Marche,1525271,2,1,6740,997
2020-06-06,Italy,NA,Marche,1525271,2,2,6742,997
2020-06-07,Italy,NA,Marche,1525271,3,0,6745,997
2020-06-08,Italy,NA,Marche,1525271,2,0,6747,997
2020-06-09,Italy,NA,Marche,1525271,0,1,6747,997
2020-06-10,Italy,NA,Marche,1525271,3,0,6750,997
2020-06-11,Italy,NA,Marche,1525271,1,0,6751,997
2020-06-12,Italy,NA,Marche,1525271,1,1,6752,997
2020-06-13,Italy,NA,Marche,1525271,2,0,6754,997
2020-06-14,Italy,NA,Marche,1525271,4,0,6758,997
2020-06-15,Italy,NA,Marche,1525271,4,0,6762,997
2020-06-16,Italy,NA,Marche,1525271,1,1,6763,997
2020-06-17,Italy,NA,Marche,1525271,1,0,6764,997
2020-06-18,Italy,NA,Marche,1525271,4,0,6768,997
2020-06-19,Italy,NA,Marche,1525271,0,0,6768,997
2020-06-20,Italy,NA,Marche,1525271,0,0,6768,997
2020-06-21,Italy,NA,Marche,1525271,0,0,6768,997
2020-06-22,Italy,NA,Marche,1525271,3,0,6774,997
2020-06-23,Italy,NA,Marche,1525271,1,0,6775,997
2020-06-24,Italy,NA,Marche,1525271,4,0,6779,997
2020-06-25,Italy,NA,Marche,1525271,2,0,6781,997
2020-06-26,Italy,NA,Marche,1525271,2,0,6783,997
2020-06-27,Italy,NA,Marche,1525271,2,0,6785,997
2020-06-28,Italy,NA,Marche,1525271,0,0,6785,997
2020-06-29,Italy,NA,Marche,1525271,0,0,6785,997
2020-06-30,Italy,NA,Marche,1525271,0,0,6785,997
2020-07-01,Italy,NA,Marche,1525271,5,0,6786,997
2020-07-02,Italy,NA,Marche,1525271,3,0,6789,997
2020-07-03,Italy,NA,Marche,1525271,0,0,6789,997
2020-07-04,Italy,NA,Marche,1525271,0,0,6789,997
2020-07-05,Italy,NA,Marche,1525271,1,0,6790,997
2020-07-06,Italy,NA,Marche,1525271,0,0,6790,997
2020-07-07,Italy,NA,Marche,1525271,1,0,6791,997
2020-07-08,Italy,NA,Marche,1525271,3,0,6794,997
2020-07-09,Italy,NA,Marche,1525271,4,0,6798,997
2020-07-10,Italy,NA,Marche,1525271,1,0,6799,997
2020-07-11,Italy,NA,Marche,1525271,4,0,6803,997
2020-07-12,Italy,NA,Marche,1525271,1,0,6804,997
2020-07-13,Italy,NA,Marche,1525271,0,0,6804,997
2020-07-14,Italy,NA,Marche,1525271,1,0,6805,997
2020-07-15,Italy,NA,Marche,1525271,0,0,6805,997
2020-07-16,Italy,NA,Marche,1525271,1,0,6806,997
2020-07-17,Italy,NA,Marche,1525271,3,0,6809,997
2020-07-18,Italy,NA,Marche,1525271,3,0,6812,997
2020-07-19,Italy,NA,Marche,1525271,0,0,6812,997
2020-07-20,Italy,NA,Marche,1525271,0,0,6812,997
2020-07-21,Italy,NA,Marche,1525271,2,0,6813,997
2020-07-22,Italy,NA,Marche,1525271,1,0,6814,997
2020-07-23,Italy,NA,Marche,1525271,1,0,6815,997
2020-07-24,Italy,NA,Marche,1525271,1,0,6816,997
2020-07-25,Italy,NA,Marche,1525271,2,0,6818,997
2020-07-26,Italy,NA,Marche,1525271,7,0,6825,997
2020-07-27,Italy,NA,Marche,1525271,2,0,6827,997
2020-07-28,Italy,NA,Marche,1525271,11,0,6838,997
2020-07-29,Italy,NA,Marche,1525271,17,0,6855,997
2020-07-30,Italy,NA,Marche,1525271,8,0,6863,997
2020-07-31,Italy,NA,Marche,1525271,21,0,6884,997
2020-08-01,Italy,NA,Marche,1525271,5,0,6889,997
2020-08-02,Italy,NA,Marche,1525271,8,0,6897,997
2020-08-03,Italy,NA,Marche,1525271,0,0,6897,997
2020-08-04,Italy,NA,Marche,1525271,2,0,6899,997
2020-08-05,Italy,NA,Marche,1525271,6,0,6905,997
2020-08-06,Italy,NA,Marche,1525271,9,0,6914,997
2020-08-07,Italy,NA,Marche,1525271,21,0,6935,997
2020-08-08,Italy,NA,Marche,1525271,3,0,6938,997
2020-08-09,Italy,NA,Marche,1525271,16,0,6954,997
2020-08-10,Italy,NA,Marche,1525271,2,0,6956,997
2020-08-11,Italy,NA,Marche,1525271,4,0,6960,997
2020-08-12,Italy,NA,Marche,1525271,16,0,6976,997
2020-08-13,Italy,NA,Marche,1525271,11,0,6987,997
2020-08-14,Italy,NA,Marche,1525271,32,0,7019,997
2020-08-15,Italy,NA,Marche,1525271,11,0,7030,997
2020-08-16,Italy,NA,Marche,1525271,5,0,7035,997
2020-08-17,Italy,NA,Marche,1525271,8,0,7043,997
2020-08-18,Italy,NA,Marche,1525271,15,0,7058,997
2020-08-19,Italy,NA,Marche,1525271,7,0,7065,997
2020-08-20,Italy,NA,Marche,1525271,13,0,7078,997
2020-08-21,Italy,NA,Marche,1525271,17,0,7095,997
2020-08-22,Italy,NA,Marche,1525271,10,0,7105,997
2020-08-23,Italy,NA,Marche,1525271,5,0,7110,997
2020-08-24,Italy,NA,Marche,1525271,3,0,7113,997
2020-08-25,Italy,NA,Marche,1525271,11,0,7124,997
2020-08-26,Italy,NA,Marche,1525271,9,0,7133,997
2020-08-27,Italy,NA,Marche,1525271,61,0,7194,997
2020-08-28,Italy,NA,Marche,1525271,17,0,7211,997
2020-08-29,Italy,NA,Marche,1525271,12,0,7223,997
2020-08-30,Italy,NA,Marche,1525271,15,0,7238,997
2020-08-31,Italy,NA,Marche,1525271,2,0,7240,997
2020-09-01,Italy,NA,Marche,1525271,16,0,7256,997
2020-09-02,Italy,NA,Marche,1525271,17,0,7273,997
2020-09-03,Italy,NA,Marche,1525271,21,1,7294,997
2020-09-04,Italy,NA,Marche,1525271,17,0,7311,997
2020-09-05,Italy,NA,Marche,1525271,32,0,7343,997
2020-09-06,Italy,NA,Marche,1525271,20,0,7363,997
2020-09-07,Italy,NA,Marche,1525271,6,0,7369,997
2020-09-08,Italy,NA,Marche,1525271,15,0,7384,997
2020-09-09,Italy,NA,Marche,1525271,19,0,7403,997
2020-09-10,Italy,NA,Marche,1525271,40,1,7443,997
2020-09-11,Italy,NA,Marche,1525271,41,0,7484,997
2020-09-12,Italy,NA,Marche,1525271,27,0,7511,997
2020-09-13,Italy,NA,Marche,1525271,39,0,7550,997
2020-09-14,Italy,NA,Marche,1525271,11,0,7561,997
2020-09-15,Italy,NA,Marche,1525271,14,0,7575,997
2020-03-06,Italy,NA,Molise,305617,5,0,12,0
2020-03-07,Italy,NA,Molise,305617,2,0,14,0
2020-03-08,Italy,NA,Molise,305617,0,0,14,0
2020-03-09,Italy,NA,Molise,305617,0,0,14,0
2020-03-10,Italy,NA,Molise,305617,1,0,15,0
2020-03-11,Italy,NA,Molise,305617,1,0,16,0
2020-03-12,Italy,NA,Molise,305617,0,0,16,0
2020-03-13,Italy,NA,Molise,305617,1,0,17,0
2020-03-14,Italy,NA,Molise,305617,0,0,17,0
2020-03-15,Italy,NA,Molise,305617,0,0,17,0
2020-03-16,Italy,NA,Molise,305617,4,1,21,1
2020-03-17,Italy,NA,Molise,305617,4,0,25,1
2020-03-18,Italy,NA,Molise,305617,3,0,28,1
2020-03-19,Italy,NA,Molise,305617,18,1,46,2
2020-03-20,Italy,NA,Molise,305617,4,3,50,5
2020-03-21,Italy,NA,Molise,305617,11,2,61,7
2020-03-22,Italy,NA,Molise,305617,5,0,66,7
2020-03-23,Italy,NA,Molise,305617,1,0,67,7
2020-03-24,Italy,NA,Molise,305617,6,1,73,8
2020-03-25,Italy,NA,Molise,305617,0,0,73,8
2020-03-26,Italy,NA,Molise,305617,30,0,103,8
2020-03-27,Italy,NA,Molise,305617,6,1,109,9
2020-03-28,Italy,NA,Molise,305617,14,0,123,9
2020-03-29,Italy,NA,Molise,305617,4,0,127,9
2020-03-30,Italy,NA,Molise,305617,7,0,134,9
2020-03-31,Italy,NA,Molise,305617,10,0,144,9
2020-04-01,Italy,NA,Molise,305617,16,1,160,10
2020-04-02,Italy,NA,Molise,305617,5,1,165,11
2020-04-03,Italy,NA,Molise,305617,11,0,176,11
2020-04-04,Italy,NA,Molise,305617,30,0,206,11
2020-04-05,Italy,NA,Molise,305617,18,2,224,13
2020-04-06,Italy,NA,Molise,305617,0,0,224,13
2020-04-07,Italy,NA,Molise,305617,0,0,224,13
2020-04-08,Italy,NA,Molise,305617,2,0,226,13
2020-04-09,Italy,NA,Molise,305617,8,0,234,13
2020-04-10,Italy,NA,Molise,305617,9,0,243,13
2020-04-11,Italy,NA,Molise,305617,3,1,246,14
2020-04-12,Italy,NA,Molise,305617,11,1,257,15
2020-04-13,Italy,NA,Molise,305617,0,0,257,15
2020-04-14,Italy,NA,Molise,305617,0,0,257,15
2020-04-15,Italy,NA,Molise,305617,6,0,263,15
2020-04-16,Italy,NA,Molise,305617,0,1,263,16
2020-04-17,Italy,NA,Molise,305617,6,0,269,16
2020-04-18,Italy,NA,Molise,305617,0,0,269,16
2020-04-19,Italy,NA,Molise,305617,10,1,279,17
2020-04-20,Italy,NA,Molise,305617,2,1,281,18
2020-04-21,Italy,NA,Molise,305617,1,0,282,18
2020-04-22,Italy,NA,Molise,305617,2,1,284,19
2020-04-23,Italy,NA,Molise,305617,0,1,284,20
2020-04-24,Italy,NA,Molise,305617,3,0,287,20
2020-04-25,Italy,NA,Molise,305617,5,1,292,21
2020-04-26,Italy,NA,Molise,305617,4,0,296,21
2020-04-27,Italy,NA,Molise,305617,0,0,296,21
2020-04-28,Italy,NA,Molise,305617,1,0,297,21
2020-04-29,Italy,NA,Molise,305617,0,0,297,21
2020-04-30,Italy,NA,Molise,305617,1,0,298,21
2020-05-01,Italy,NA,Molise,305617,2,0,300,21
2020-05-02,Italy,NA,Molise,305617,1,0,301,21
2020-05-03,Italy,NA,Molise,305617,0,1,301,22
2020-05-04,Italy,NA,Molise,305617,0,0,301,22
2020-05-05,Italy,NA,Molise,305617,0,0,301,22
2020-05-06,Italy,NA,Molise,305617,3,0,304,22
2020-05-07,Italy,NA,Molise,305617,1,0,305,22
2020-05-08,Italy,NA,Molise,305617,22,0,327,22
2020-05-09,Italy,NA,Molise,305617,20,0,347,22
2020-05-10,Italy,NA,Molise,305617,23,0,370,22
2020-05-11,Italy,NA,Molise,305617,13,0,383,22
2020-05-12,Italy,NA,Molise,305617,3,0,386,22
2020-05-13,Italy,NA,Molise,305617,15,0,401,22
2020-05-14,Italy,NA,Molise,305617,2,0,403,22
2020-05-15,Italy,NA,Molise,305617,4,0,407,22
2020-05-16,Italy,NA,Molise,305617,3,0,410,22
2020-05-17,Italy,NA,Molise,305617,1,0,411,22
2020-05-18,Italy,NA,Molise,305617,11,0,422,22
2020-05-19,Italy,NA,Molise,305617,0,0,422,22
2020-05-20,Italy,NA,Molise,305617,0,0,422,22
2020-05-21,Italy,NA,Molise,305617,1,0,423,22
2020-05-22,Italy,NA,Molise,305617,3,0,426,22
2020-05-23,Italy,NA,Molise,305617,5,0,431,22
2020-05-24,Italy,NA,Molise,305617,1,0,432,22
2020-05-25,Italy,NA,Molise,305617,0,0,432,22
2020-05-26,Italy,NA,Molise,305617,0,0,432,22
2020-05-27,Italy,NA,Molise,305617,2,0,434,22
2020-05-28,Italy,NA,Molise,305617,1,0,435,22
2020-05-29,Italy,NA,Molise,305617,1,0,436,22
2020-05-30,Italy,NA,Molise,305617,0,0,436,22
2020-05-31,Italy,NA,Molise,305617,0,0,436,22
2020-06-01,Italy,NA,Molise,305617,0,0,436,22
2020-06-02,Italy,NA,Molise,305617,0,0,436,22
2020-06-03,Italy,NA,Molise,305617,0,0,436,22
2020-06-04,Italy,NA,Molise,305617,0,1,436,23
2020-06-05,Italy,NA,Molise,305617,0,0,436,23
2020-06-06,Italy,NA,Molise,305617,0,0,436,23
2020-06-07,Italy,NA,Molise,305617,0,0,436,23
2020-06-08,Italy,NA,Molise,305617,0,0,436,23
2020-06-09,Italy,NA,Molise,305617,2,0,438,23
2020-06-10,Italy,NA,Molise,305617,1,0,439,23
2020-06-11,Italy,NA,Molise,305617,0,0,439,23
2020-06-12,Italy,NA,Molise,305617,0,0,439,23
2020-06-13,Italy,NA,Molise,305617,0,0,439,23
2020-06-14,Italy,NA,Molise,305617,0,0,439,23
2020-06-15,Italy,NA,Molise,305617,0,0,439,23
2020-06-16,Italy,NA,Molise,305617,0,0,439,23
2020-06-17,Italy,NA,Molise,305617,1,0,440,23
2020-06-18,Italy,NA,Molise,305617,0,0,440,23
2020-06-19,Italy,NA,Molise,305617,1,0,441,23
2020-06-20,Italy,NA,Molise,305617,0,0,441,23
2020-06-21,Italy,NA,Molise,305617,0,0,441,23
2020-06-22,Italy,NA,Molise,305617,3,0,444,23
2020-06-23,Italy,NA,Molise,305617,0,0,444,23
2020-06-24,Italy,NA,Molise,305617,0,0,444,23
2020-06-25,Italy,NA,Molise,305617,0,0,444,23
2020-06-26,Italy,NA,Molise,305617,1,0,445,23
2020-06-27,Italy,NA,Molise,305617,0,0,445,23
2020-06-28,Italy,NA,Molise,305617,0,0,445,23
2020-06-29,Italy,NA,Molise,305617,0,0,445,23
2020-06-30,Italy,NA,Molise,305617,0,0,445,23
2020-07-01,Italy,NA,Molise,305617,0,0,445,23
2020-07-02,Italy,NA,Molise,305617,0,0,445,23
2020-07-03,Italy,NA,Molise,305617,0,0,445,23
2020-07-04,Italy,NA,Molise,305617,0,0,445,23
2020-07-05,Italy,NA,Molise,305617,0,0,445,23
2020-07-06,Italy,NA,Molise,305617,0,0,445,23
2020-07-07,Italy,NA,Molise,305617,0,0,445,23
2020-07-08,Italy,NA,Molise,305617,0,0,445,23
2020-07-09,Italy,NA,Molise,305617,0,0,445,23
2020-07-10,Italy,NA,Molise,305617,0,0,445,23
2020-07-11,Italy,NA,Molise,305617,0,0,445,23
2020-07-12,Italy,NA,Molise,305617,1,0,446,23
2020-07-13,Italy,NA,Molise,305617,0,0,446,23
2020-07-14,Italy,NA,Molise,305617,0,0,446,23
2020-07-15,Italy,NA,Molise,305617,0,0,446,23
2020-07-16,Italy,NA,Molise,305617,0,0,446,23
2020-07-17,Italy,NA,Molise,305617,0,0,446,23
2020-07-18,Italy,NA,Molise,305617,0,0,446,23
2020-07-19,Italy,NA,Molise,305617,0,0,446,23
2020-07-20,Italy,NA,Molise,305617,0,0,446,23
2020-07-21,Italy,NA,Molise,305617,0,0,446,23
2020-07-22,Italy,NA,Molise,305617,4,0,450,23
2020-07-23,Italy,NA,Molise,305617,9,0,459,23
2020-07-24,Italy,NA,Molise,305617,1,0,460,23
2020-07-25,Italy,NA,Molise,305617,3,0,463,23
2020-07-26,Italy,NA,Molise,305617,3,0,466,23
2020-07-27,Italy,NA,Molise,305617,3,0,469,23
2020-07-28,Italy,NA,Molise,305617,0,0,469,23
2020-07-29,Italy,NA,Molise,305617,1,0,470,23
2020-07-30,Italy,NA,Molise,305617,0,0,470,23
2020-07-31,Italy,NA,Molise,305617,1,0,471,23
2020-08-01,Italy,NA,Molise,305617,2,0,473,23
2020-08-02,Italy,NA,Molise,305617,2,0,475,23
2020-08-03,Italy,NA,Molise,305617,2,0,477,23
2020-08-04,Italy,NA,Molise,305617,0,0,477,23
2020-08-05,Italy,NA,Molise,305617,1,0,478,23
2020-08-06,Italy,NA,Molise,305617,0,0,478,23
2020-08-07,Italy,NA,Molise,305617,1,0,479,23
2020-08-08,Italy,NA,Molise,305617,0,0,479,23
2020-08-09,Italy,NA,Molise,305617,0,0,479,23
2020-08-10,Italy,NA,Molise,305617,0,0,479,23
2020-08-11,Italy,NA,Molise,305617,0,0,479,23
2020-08-12,Italy,NA,Molise,305617,0,0,479,23
2020-08-13,Italy,NA,Molise,305617,6,0,485,23
2020-08-14,Italy,NA,Molise,305617,0,0,485,23
2020-08-15,Italy,NA,Molise,305617,2,0,487,23
2020-08-16,Italy,NA,Molise,305617,0,0,487,23
2020-08-17,Italy,NA,Molise,305617,0,0,487,23
2020-08-18,Italy,NA,Molise,305617,9,0,496,23
2020-08-19,Italy,NA,Molise,305617,7,0,503,23
2020-08-20,Italy,NA,Molise,305617,4,0,507,23
2020-08-21,Italy,NA,Molise,305617,2,0,509,23
2020-08-22,Italy,NA,Molise,305617,1,0,510,23
2020-08-23,Italy,NA,Molise,305617,1,0,511,23
2020-08-24,Italy,NA,Molise,305617,0,0,511,23
2020-08-25,Italy,NA,Molise,305617,0,0,511,23
2020-08-26,Italy,NA,Molise,305617,9,0,520,23
2020-08-27,Italy,NA,Molise,305617,1,0,521,23
2020-08-28,Italy,NA,Molise,305617,1,0,522,23
2020-08-29,Italy,NA,Molise,305617,2,0,524,23
2020-08-30,Italy,NA,Molise,305617,1,0,525,23
2020-08-31,Italy,NA,Molise,305617,0,0,525,23
2020-09-01,Italy,NA,Molise,305617,3,0,528,23
2020-09-02,Italy,NA,Molise,305617,0,0,528,23
2020-09-03,Italy,NA,Molise,305617,2,0,530,23
2020-09-04,Italy,NA,Molise,305617,4,0,534,23
2020-09-05,Italy,NA,Molise,305617,0,0,534,23
2020-09-06,Italy,NA,Molise,305617,2,0,536,23
2020-09-07,Italy,NA,Molise,305617,9,0,545,23
2020-09-08,Italy,NA,Molise,305617,3,0,548,23
2020-09-09,Italy,NA,Molise,305617,4,0,552,23
2020-09-10,Italy,NA,Molise,305617,3,0,555,23
2020-09-11,Italy,NA,Molise,305617,4,0,559,23
2020-09-12,Italy,NA,Molise,305617,3,0,562,23
2020-09-13,Italy,NA,Molise,305617,3,0,565,23
2020-09-14,Italy,NA,Molise,305617,4,0,569,23
2020-09-15,Italy,NA,Molise,305617,1,0,570,23
2020-02-28,Italy,NA,Piedmont,4356406,9,0,11,0
2020-02-29,Italy,NA,Piedmont,4356406,0,0,11,0
2020-03-01,Italy,NA,Piedmont,4356406,38,0,49,0
2020-03-02,Italy,NA,Piedmont,4356406,2,0,51,0
2020-03-03,Italy,NA,Piedmont,4356406,5,0,56,0
2020-03-04,Italy,NA,Piedmont,4356406,26,0,82,0
2020-03-05,Italy,NA,Piedmont,4356406,26,2,108,2
2020-03-06,Italy,NA,Piedmont,4356406,35,2,143,4
2020-03-07,Italy,NA,Piedmont,4356406,64,1,207,5
2020-03-08,Italy,NA,Piedmont,4356406,153,0,360,5
2020-03-09,Italy,NA,Piedmont,4356406,0,8,360,13
2020-03-10,Italy,NA,Piedmont,4356406,103,4,453,17
2020-03-11,Italy,NA,Piedmont,4356406,48,4,501,21
2020-03-12,Italy,NA,Piedmont,4356406,79,5,580,26
2020-03-13,Italy,NA,Piedmont,4356406,260,20,840,46
2020-03-14,Italy,NA,Piedmont,4356406,33,13,873,59
2020-03-15,Italy,NA,Piedmont,4356406,238,22,1111,81
2020-03-16,Italy,NA,Piedmont,4356406,405,30,1516,111
2020-03-17,Italy,NA,Piedmont,4356406,381,22,1897,133
2020-03-18,Italy,NA,Piedmont,4356406,444,21,2341,154
2020-03-19,Italy,NA,Piedmont,4356406,591,21,2932,175
2020-03-20,Italy,NA,Piedmont,4356406,529,34,3461,209
2020-03-21,Italy,NA,Piedmont,4356406,291,29,3752,238
2020-03-22,Italy,NA,Piedmont,4356406,668,45,4420,283
2020-03-23,Italy,NA,Piedmont,4356406,441,32,4861,315
2020-03-24,Italy,NA,Piedmont,4356406,654,59,5515,374
2020-03-25,Italy,NA,Piedmont,4356406,509,75,6024,449
2020-03-26,Italy,NA,Piedmont,4356406,510,0,6534,449
2020-03-27,Italy,NA,Piedmont,4356406,558,120,7092,569
2020-03-28,Italy,NA,Piedmont,4356406,579,48,7671,617
2020-03-29,Italy,NA,Piedmont,4356406,535,67,8206,684
2020-03-30,Italy,NA,Piedmont,4356406,506,65,8712,749
2020-03-31,Italy,NA,Piedmont,4356406,589,105,9301,854
2020-04-01,Italy,NA,Piedmont,4356406,494,32,9795,886
2020-04-02,Italy,NA,Piedmont,4356406,558,97,10353,983
2020-04-03,Italy,NA,Piedmont,4356406,543,60,10896,1043
2020-04-04,Italy,NA,Piedmont,4356406,813,85,11709,1128
2020-04-05,Italy,NA,Piedmont,4356406,653,40,12362,1168
2020-04-06,Italy,NA,Piedmont,4356406,562,83,12924,1251
2020-04-07,Italy,NA,Piedmont,4356406,419,68,13343,1319
2020-04-08,Italy,NA,Piedmont,4356406,540,59,13883,1378
2020-04-09,Italy,NA,Piedmont,4356406,639,76,14522,1454
2020-04-10,Italy,NA,Piedmont,4356406,490,78,15012,1532
2020-04-11,Italy,NA,Piedmont,4356406,996,101,16008,1633
2020-04-12,Italy,NA,Piedmont,4356406,652,96,16660,1729
2020-04-13,Italy,NA,Piedmont,4356406,474,97,17134,1826
2020-04-14,Italy,NA,Piedmont,4356406,556,101,17690,1927
2020-04-15,Italy,NA,Piedmont,4356406,539,88,18229,2015
2020-04-16,Italy,NA,Piedmont,4356406,879,79,19108,2094
2020-04-17,Italy,NA,Piedmont,4356406,695,77,19803,2171
2020-04-18,Italy,NA,Piedmont,4356406,661,81,20464,2252
2020-04-19,Italy,NA,Piedmont,4356406,593,79,21057,2331
2020-04-20,Italy,NA,Piedmont,4356406,292,78,21349,2409
2020-04-21,Italy,NA,Piedmont,4356406,606,76,21955,2485
2020-04-22,Italy,NA,Piedmont,4356406,784,74,22739,2559
2020-04-23,Italy,NA,Piedmont,4356406,401,71,23140,2630
2020-04-24,Italy,NA,Piedmont,4356406,682,69,23822,2699
2020-04-25,Italy,NA,Piedmont,4356406,604,68,24426,2767
2020-04-26,Italy,NA,Piedmont,4356406,394,56,24820,2823
2020-04-27,Italy,NA,Piedmont,4356406,278,55,25098,2878
2020-04-28,Italy,NA,Piedmont,4356406,352,58,25450,2936
2020-04-29,Italy,NA,Piedmont,4356406,411,67,25861,3003
2020-04-30,Italy,NA,Piedmont,4356406,428,63,26289,3066
2020-05-01,Italy,NA,Piedmont,4356406,395,31,26684,3097
2020-05-02,Italy,NA,Piedmont,4356406,495,29,27179,3126
2020-05-03,Italy,NA,Piedmont,4356406,251,26,27430,3152
2020-05-04,Italy,NA,Piedmont,4356406,192,34,27622,3186
2020-05-05,Italy,NA,Piedmont,4356406,152,30,27774,3216
2020-05-06,Italy,NA,Piedmont,4356406,165,31,27939,3247
2020-05-07,Italy,NA,Piedmont,4356406,196,35,28135,3282
2020-05-08,Italy,NA,Piedmont,4356406,233,23,28368,3305
2020-05-09,Italy,NA,Piedmont,4356406,181,26,28549,3331
2020-05-10,Italy,NA,Piedmont,4356406,116,36,28665,3367
2020-05-11,Italy,NA,Piedmont,4356406,111,33,28776,3400
2020-05-12,Italy,NA,Piedmont,4356406,113,28,28889,3428
2020-05-13,Italy,NA,Piedmont,4356406,169,32,29058,3460
2020-05-14,Italy,NA,Piedmont,4356406,151,33,29209,3493
2020-05-15,Italy,NA,Piedmont,4356406,137,64,29346,3557
2020-05-16,Italy,NA,Piedmont,4356406,137,37,29483,3594
2020-05-17,Italy,NA,Piedmont,4356406,64,18,29547,3612
2020-05-18,Italy,NA,Piedmont,4356406,72,20,29619,3632
2020-05-19,Italy,NA,Piedmont,4356406,108,47,29727,3679
2020-05-20,Italy,NA,Piedmont,4356406,158,39,29885,3718
2020-05-21,Italy,NA,Piedmont,4356406,105,24,29990,3742
2020-05-22,Italy,NA,Piedmont,4356406,87,15,30077,3757
2020-05-23,Italy,NA,Piedmont,4356406,60,14,30137,3771
2020-05-24,Italy,NA,Piedmont,4356406,43,12,30180,3783
2020-05-25,Italy,NA,Piedmont,4356406,48,15,30228,3798
2020-05-26,Italy,NA,Piedmont,4356406,86,14,30314,3812
2020-05-27,Italy,NA,Piedmont,4356406,73,16,30387,3828
2020-05-28,Italy,NA,Piedmont,4356406,58,10,30445,3838
2020-05-29,Italy,NA,Piedmont,4356406,56,13,30501,3851
2020-05-30,Italy,NA,Piedmont,4356406,82,7,30583,3858
2020-05-31,Italy,NA,Piedmont,4356406,54,9,30637,3867
2020-06-01,Italy,NA,Piedmont,4356406,21,9,30658,3876
2020-06-02,Italy,NA,Piedmont,4356406,57,8,30715,3884
2020-06-03,Italy,NA,Piedmont,4356406,19,14,30734,3898
2020-06-04,Italy,NA,Piedmont,4356406,24,12,30758,3910
2020-06-05,Italy,NA,Piedmont,4356406,49,17,30807,3927
2020-06-06,Italy,NA,Piedmont,4356406,38,7,30845,3934
2020-06-07,Italy,NA,Piedmont,4356406,10,7,30855,3941
2020-06-08,Italy,NA,Piedmont,4356406,14,13,30869,3954
2020-06-09,Italy,NA,Piedmont,4356406,21,7,30890,3961
2020-06-10,Italy,NA,Piedmont,4356406,26,15,30916,3976
2020-06-11,Italy,NA,Piedmont,4356406,42,12,30958,3988
2020-06-12,Italy,NA,Piedmont,4356406,31,8,30989,3996
2020-06-13,Italy,NA,Piedmont,4356406,40,10,31029,4006
2020-06-14,Italy,NA,Piedmont,4356406,30,6,31059,4012
2020-06-15,Italy,NA,Piedmont,4356406,2,0,31061,4012
2020-06-16,Italy,NA,Piedmont,4356406,29,6,31090,4018
2020-06-17,Italy,NA,Piedmont,4356406,41,8,31131,4026
2020-06-18,Italy,NA,Piedmont,4356406,31,6,31162,4032
2020-06-19,Italy,NA,Piedmont,4356406,26,7,31188,4039
2020-06-20,Italy,NA,Piedmont,4356406,27,6,31215,4045
2020-06-21,Italy,NA,Piedmont,4356406,26,6,31241,4051
2020-06-22,Italy,NA,Piedmont,4356406,7,4,31248,4055
2020-06-23,Italy,NA,Piedmont,4356406,6,4,31254,4059
2020-06-24,Italy,NA,Piedmont,4356406,22,7,31276,4066
2020-06-25,Italy,NA,Piedmont,4356406,20,5,31296,4071
2020-06-26,Italy,NA,Piedmont,4356406,15,6,31311,4077
2020-06-27,Italy,NA,Piedmont,4356406,11,3,31322,4080
2020-06-28,Italy,NA,Piedmont,4356406,14,5,31336,4085
2020-06-29,Italy,NA,Piedmont,4356406,2,2,31338,4087
2020-06-30,Italy,NA,Piedmont,4356406,11,3,31349,4090
2020-07-01,Italy,NA,Piedmont,4356406,16,1,31365,4091
2020-07-02,Italy,NA,Piedmont,4356406,13,5,31378,4096
2020-07-03,Italy,NA,Piedmont,4356406,16,4,31394,4100
2020-07-04,Italy,NA,Piedmont,4356406,11,2,31405,4102
2020-07-05,Italy,NA,Piedmont,4356406,18,0,31423,4102
2020-07-06,Italy,NA,Piedmont,4356406,6,2,31429,4104
2020-07-07,Italy,NA,Piedmont,4356406,5,3,31434,4107
2020-07-08,Italy,NA,Piedmont,4356406,25,0,31459,4107
2020-07-09,Italy,NA,Piedmont,4356406,16,1,31475,4108
2020-07-10,Italy,NA,Piedmont,4356406,10,2,31485,4110
2020-07-11,Italy,NA,Piedmont,4356406,9,1,31494,4111
2020-07-12,Italy,NA,Piedmont,4356406,4,0,31498,4111
2020-07-13,Italy,NA,Piedmont,4356406,6,1,31504,4112
2020-07-14,Italy,NA,Piedmont,4356406,3,3,31507,4115
2020-07-15,Italy,NA,Piedmont,4356406,8,3,31515,4118
2020-07-16,Italy,NA,Piedmont,4356406,7,0,31522,4118
2020-07-17,Italy,NA,Piedmont,4356406,8,1,31530,4119
2020-07-18,Italy,NA,Piedmont,4356406,3,0,31533,4119
2020-07-19,Italy,NA,Piedmont,4356406,3,0,31536,4119
2020-07-20,Italy,NA,Piedmont,4356406,1,1,31537,4120
2020-07-21,Italy,NA,Piedmont,4356406,8,3,31545,4123
2020-07-22,Italy,NA,Piedmont,4356406,13,0,31558,4123
2020-07-23,Italy,NA,Piedmont,4356406,9,0,31567,4123
2020-07-24,Italy,NA,Piedmont,4356406,11,0,31578,4123
2020-07-25,Italy,NA,Piedmont,4356406,16,2,31594,4125
2020-07-26,Italy,NA,Piedmont,4356406,12,1,31606,4126
2020-07-27,Italy,NA,Piedmont,4356406,4,1,31610,4127
2020-07-28,Italy,NA,Piedmont,4356406,12,0,31622,4127
2020-07-29,Italy,NA,Piedmont,4356406,14,1,31636,4128
2020-07-30,Italy,NA,Piedmont,4356406,10,0,31646,4128
2020-07-31,Italy,NA,Piedmont,4356406,21,1,31667,4129
2020-08-01,Italy,NA,Piedmont,4356406,16,0,31683,4129
2020-08-02,Italy,NA,Piedmont,4356406,15,0,31698,4129
2020-08-03,Italy,NA,Piedmont,4356406,13,2,31711,4131
2020-08-04,Italy,NA,Piedmont,4356406,8,1,31719,4132
2020-08-05,Italy,NA,Piedmont,4356406,21,2,31740,4134
2020-08-06,Italy,NA,Piedmont,4356406,22,1,31762,4135
2020-08-07,Italy,NA,Piedmont,4356406,37,1,31799,4136
2020-08-08,Italy,NA,Piedmont,4356406,31,0,31830,4136
2020-08-09,Italy,NA,Piedmont,4356406,38,0,31868,4136
2020-08-10,Italy,NA,Piedmont,4356406,20,0,31888,4136
2020-08-11,Italy,NA,Piedmont,4356406,26,0,31914,4136
2020-08-12,Italy,NA,Piedmont,4356406,42,2,31956,4138
2020-08-13,Italy,NA,Piedmont,4356406,26,1,31982,4139
2020-08-14,Italy,NA,Piedmont,4356406,15,0,31997,4139
2020-08-15,Italy,NA,Piedmont,4356406,47,0,32044,4139
2020-08-16,Italy,NA,Piedmont,4356406,40,0,32084,4139
2020-08-17,Italy,NA,Piedmont,4356406,16,1,32100,4140
2020-08-18,Italy,NA,Piedmont,4356406,27,1,32127,4141
2020-08-19,Italy,NA,Piedmont,4356406,42,1,32169,4142
2020-08-20,Italy,NA,Piedmont,4356406,52,0,32221,4142
2020-08-21,Italy,NA,Piedmont,4356406,39,0,32260,4142
2020-08-22,Italy,NA,Piedmont,4356406,41,1,32301,4143
2020-08-23,Italy,NA,Piedmont,4356406,42,0,32343,4143
2020-08-24,Italy,NA,Piedmont,4356406,40,0,32383,4143
2020-08-25,Italy,NA,Piedmont,4356406,57,0,32440,4143
2020-08-26,Italy,NA,Piedmont,4356406,75,1,32515,4144
2020-08-27,Italy,NA,Piedmont,4356406,88,0,32603,4144
2020-08-28,Italy,NA,Piedmont,4356406,91,1,32694,4145
2020-08-29,Italy,NA,Piedmont,4356406,90,0,32784,4145
2020-08-30,Italy,NA,Piedmont,4356406,60,1,32844,4146
2020-08-31,Italy,NA,Piedmont,4356406,37,0,32881,4146
2020-09-01,Italy,NA,Piedmont,4356406,42,0,32923,4146
2020-09-02,Italy,NA,Piedmont,4356406,66,1,32989,4147
2020-09-03,Italy,NA,Piedmont,4356406,75,1,33064,4148
2020-09-04,Italy,NA,Piedmont,4356406,82,1,33146,4149
2020-09-05,Italy,NA,Piedmont,4356406,54,1,33200,4150
2020-09-06,Italy,NA,Piedmont,4356406,56,0,33256,4150
2020-09-07,Italy,NA,Piedmont,4356406,37,1,33293,4151
2020-09-08,Italy,NA,Piedmont,4356406,42,1,33335,4152
2020-09-09,Italy,NA,Piedmont,4356406,112,0,33447,4152
2020-09-10,Italy,NA,Piedmont,4356406,74,1,33521,4153
2020-09-11,Italy,NA,Piedmont,4356406,57,0,33578,4153
2020-09-12,Italy,NA,Piedmont,4356406,93,0,33671,4153
2020-09-13,Italy,NA,Piedmont,4356406,82,0,33753,4153
2020-09-14,Italy,NA,Piedmont,4356406,61,0,33814,4153
2020-09-15,Italy,NA,Piedmont,4356406,39,0,33853,4153
2020-03-08,Italy,NA,Sardinia,1639591,6,0,11,0
2020-03-09,Italy,NA,Sardinia,1639591,8,0,19,0
2020-03-10,Italy,NA,Sardinia,1639591,1,0,20,0
2020-03-11,Italy,NA,Sardinia,1639591,17,0,37,0
2020-03-12,Italy,NA,Sardinia,1639591,2,0,39,0
2020-03-13,Italy,NA,Sardinia,1639591,4,0,43,0
2020-03-14,Italy,NA,Sardinia,1639591,4,0,47,0
2020-03-15,Italy,NA,Sardinia,1639591,30,2,77,2
2020-03-16,Italy,NA,Sardinia,1639591,30,0,107,2
2020-03-17,Italy,NA,Sardinia,1639591,10,0,117,2
2020-03-18,Italy,NA,Sardinia,1639591,17,0,134,2
2020-03-19,Italy,NA,Sardinia,1639591,72,0,206,2
2020-03-20,Italy,NA,Sardinia,1639591,87,0,293,2
2020-03-21,Italy,NA,Sardinia,1639591,37,2,330,4
2020-03-22,Italy,NA,Sardinia,1639591,9,3,339,7
2020-03-23,Italy,NA,Sardinia,1639591,20,4,359,11
2020-03-24,Italy,NA,Sardinia,1639591,62,4,421,15
2020-03-25,Italy,NA,Sardinia,1639591,21,3,442,18
2020-03-26,Italy,NA,Sardinia,1639591,52,1,494,19
2020-03-27,Italy,NA,Sardinia,1639591,36,2,530,21
2020-03-28,Italy,NA,Sardinia,1639591,94,5,624,26
2020-03-29,Italy,NA,Sardinia,1639591,14,1,638,27
2020-03-30,Italy,NA,Sardinia,1639591,44,1,682,28
2020-03-31,Italy,NA,Sardinia,1639591,40,3,722,31
2020-04-01,Italy,NA,Sardinia,1639591,23,3,745,34
2020-04-02,Italy,NA,Sardinia,1639591,49,6,794,40
2020-04-03,Italy,NA,Sardinia,1639591,31,1,825,41
2020-04-04,Italy,NA,Sardinia,1639591,49,0,874,41
2020-04-05,Italy,NA,Sardinia,1639591,33,2,907,43
2020-04-06,Italy,NA,Sardinia,1639591,15,4,922,47
2020-04-07,Italy,NA,Sardinia,1639591,13,5,935,52
2020-04-08,Italy,NA,Sardinia,1639591,40,7,975,59
2020-04-09,Italy,NA,Sardinia,1639591,51,5,1026,64
2020-04-10,Italy,NA,Sardinia,1639591,37,5,1063,69
2020-04-11,Italy,NA,Sardinia,1639591,28,4,1091,73
2020-04-12,Italy,NA,Sardinia,1639591,22,0,1113,73
2020-04-13,Italy,NA,Sardinia,1639591,15,2,1128,75
2020-04-14,Italy,NA,Sardinia,1639591,10,5,1138,80
2020-04-15,Italy,NA,Sardinia,1639591,23,3,1161,83
2020-04-16,Italy,NA,Sardinia,1639591,3,2,1164,85
2020-04-17,Italy,NA,Sardinia,1639591,14,1,1178,86
2020-04-18,Italy,NA,Sardinia,1639591,20,0,1198,86
2020-04-19,Italy,NA,Sardinia,1639591,17,0,1215,86
2020-04-20,Italy,NA,Sardinia,1639591,13,0,1228,86
2020-04-21,Italy,NA,Sardinia,1639591,8,7,1236,93
2020-04-22,Italy,NA,Sardinia,1639591,11,3,1247,96
2020-04-23,Italy,NA,Sardinia,1639591,7,2,1254,98
2020-04-24,Italy,NA,Sardinia,1639591,3,4,1257,102
2020-04-25,Italy,NA,Sardinia,1639591,14,1,1271,103
2020-04-26,Italy,NA,Sardinia,1639591,9,6,1280,109
2020-04-27,Italy,NA,Sardinia,1639591,3,0,1283,109
2020-04-28,Italy,NA,Sardinia,1639591,2,0,1285,109
2020-04-29,Italy,NA,Sardinia,1639591,5,7,1290,116
2020-04-30,Italy,NA,Sardinia,1639591,5,0,1295,116
2020-05-01,Italy,NA,Sardinia,1639591,18,1,1313,117
2020-05-02,Italy,NA,Sardinia,1639591,2,2,1315,119
2020-05-03,Italy,NA,Sardinia,1639591,4,0,1319,119
2020-05-04,Italy,NA,Sardinia,1639591,0,0,1319,119
2020-05-05,Italy,NA,Sardinia,1639591,1,0,1319,119
2020-05-06,Italy,NA,Sardinia,1639591,1,0,1319,119
2020-05-07,Italy,NA,Sardinia,1639591,5,0,1324,119
2020-05-08,Italy,NA,Sardinia,1639591,6,0,1330,119
2020-05-09,Italy,NA,Sardinia,1639591,4,0,1334,119
2020-05-10,Italy,NA,Sardinia,1639591,6,1,1340,120
2020-05-11,Italy,NA,Sardinia,1639591,3,0,1343,120
2020-05-12,Italy,NA,Sardinia,1639591,1,0,1344,120
2020-05-13,Italy,NA,Sardinia,1639591,1,0,1345,120
2020-05-14,Italy,NA,Sardinia,1639591,0,5,1345,125
2020-05-15,Italy,NA,Sardinia,1639591,3,0,1348,125
2020-05-16,Italy,NA,Sardinia,1639591,4,0,1352,125
2020-05-17,Italy,NA,Sardinia,1639591,1,0,1353,125
2020-05-18,Italy,NA,Sardinia,1639591,0,1,1353,126
2020-05-19,Italy,NA,Sardinia,1639591,1,0,1354,126
2020-05-20,Italy,NA,Sardinia,1639591,1,0,1355,126
2020-05-21,Italy,NA,Sardinia,1639591,1,1,1356,127
2020-05-22,Italy,NA,Sardinia,1639591,0,1,1356,128
2020-05-23,Italy,NA,Sardinia,1639591,0,1,1356,129
2020-05-24,Italy,NA,Sardinia,1639591,0,0,1356,129
2020-05-25,Italy,NA,Sardinia,1639591,0,0,1356,129
2020-05-26,Italy,NA,Sardinia,1639591,0,1,1356,130
2020-05-27,Italy,NA,Sardinia,1639591,1,0,1356,130
2020-05-28,Italy,NA,Sardinia,1639591,0,0,1356,130
2020-05-29,Italy,NA,Sardinia,1639591,1,0,1356,130
2020-05-30,Italy,NA,Sardinia,1639591,0,0,1356,130
2020-05-31,Italy,NA,Sardinia,1639591,0,0,1356,130
2020-06-01,Italy,NA,Sardinia,1639591,1,1,1357,131
2020-06-02,Italy,NA,Sardinia,1639591,0,0,1357,131
2020-06-03,Italy,NA,Sardinia,1639591,0,0,1357,131
2020-06-04,Italy,NA,Sardinia,1639591,0,0,1357,131
2020-06-05,Italy,NA,Sardinia,1639591,2,0,1359,131
2020-06-06,Italy,NA,Sardinia,1639591,3,0,1362,131
2020-06-07,Italy,NA,Sardinia,1639591,0,0,1362,131
2020-06-08,Italy,NA,Sardinia,1639591,0,0,1362,131
2020-06-09,Italy,NA,Sardinia,1639591,0,0,1362,131
2020-06-10,Italy,NA,Sardinia,1639591,0,0,1362,131
2020-06-11,Italy,NA,Sardinia,1639591,1,0,1362,131
2020-06-12,Italy,NA,Sardinia,1639591,1,0,1363,131
2020-06-13,Italy,NA,Sardinia,1639591,0,1,1363,132
2020-06-14,Italy,NA,Sardinia,1639591,0,0,1363,132
2020-06-15,Italy,NA,Sardinia,1639591,0,0,1363,132
2020-06-16,Italy,NA,Sardinia,1639591,2,0,1365,132
2020-06-17,Italy,NA,Sardinia,1639591,1,0,1366,132
2020-06-18,Italy,NA,Sardinia,1639591,1,0,1367,132
2020-06-19,Italy,NA,Sardinia,1639591,1,0,1368,132
2020-06-20,Italy,NA,Sardinia,1639591,1,0,1369,132
2020-06-21,Italy,NA,Sardinia,1639591,0,0,1369,132
2020-06-22,Italy,NA,Sardinia,1639591,0,0,1369,132
2020-06-23,Italy,NA,Sardinia,1639591,0,0,1369,132
2020-06-24,Italy,NA,Sardinia,1639591,1,0,1369,132
2020-06-25,Italy,NA,Sardinia,1639591,1,0,1369,132
2020-06-26,Italy,NA,Sardinia,1639591,0,0,1369,132
2020-06-27,Italy,NA,Sardinia,1639591,1,0,1369,132
2020-06-28,Italy,NA,Sardinia,1639591,1,0,1369,132
2020-06-29,Italy,NA,Sardinia,1639591,0,0,1369,132
2020-06-30,Italy,NA,Sardinia,1639591,2,1,1369,133
2020-07-01,Italy,NA,Sardinia,1639591,0,0,1369,133
2020-07-02,Italy,NA,Sardinia,1639591,2,0,1369,133
2020-07-03,Italy,NA,Sardinia,1639591,1,0,1369,133
2020-07-04,Italy,NA,Sardinia,1639591,0,0,1369,133
2020-07-05,Italy,NA,Sardinia,1639591,1,0,1370,133
2020-07-06,Italy,NA,Sardinia,1639591,1,1,1371,134
2020-07-07,Italy,NA,Sardinia,1639591,0,0,1371,134
2020-07-08,Italy,NA,Sardinia,1639591,0,0,1371,134
2020-07-09,Italy,NA,Sardinia,1639591,0,0,1371,134
2020-07-10,Italy,NA,Sardinia,1639591,1,0,1372,134
2020-07-11,Italy,NA,Sardinia,1639591,0,0,1372,134
2020-07-12,Italy,NA,Sardinia,1639591,0,0,1372,134
2020-07-13,Italy,NA,Sardinia,1639591,1,0,1373,134
2020-07-14,Italy,NA,Sardinia,1639591,1,0,1374,134
2020-07-15,Italy,NA,Sardinia,1639591,2,0,1376,134
2020-07-16,Italy,NA,Sardinia,1639591,1,0,1377,134
2020-07-17,Italy,NA,Sardinia,1639591,0,0,1377,134
2020-07-18,Italy,NA,Sardinia,1639591,1,0,1378,134
2020-07-19,Italy,NA,Sardinia,1639591,1,0,1379,134
2020-07-20,Italy,NA,Sardinia,1639591,0,0,1379,134
2020-07-21,Italy,NA,Sardinia,1639591,0,0,1379,134
2020-07-22,Italy,NA,Sardinia,1639591,1,0,1380,134
2020-07-23,Italy,NA,Sardinia,1639591,2,0,1382,134
2020-07-24,Italy,NA,Sardinia,1639591,3,0,1385,134
2020-07-25,Italy,NA,Sardinia,1639591,3,0,1388,134
2020-07-26,Italy,NA,Sardinia,1639591,0,0,1388,134
2020-07-27,Italy,NA,Sardinia,1639591,0,1,1388,135
2020-07-28,Italy,NA,Sardinia,1639591,6,0,1392,135
2020-07-29,Italy,NA,Sardinia,1639591,2,0,1394,135
2020-07-30,Italy,NA,Sardinia,1639591,0,0,1394,135
2020-07-31,Italy,NA,Sardinia,1639591,10,0,1404,135
2020-08-01,Italy,NA,Sardinia,1639591,6,0,1410,135
2020-08-02,Italy,NA,Sardinia,1639591,4,0,1414,135
2020-08-03,Italy,NA,Sardinia,1639591,2,0,1416,135
2020-08-04,Italy,NA,Sardinia,1639591,2,0,1418,135
2020-08-05,Italy,NA,Sardinia,1639591,9,0,1427,135
2020-08-06,Italy,NA,Sardinia,1639591,3,0,1430,135
2020-08-07,Italy,NA,Sardinia,1639591,3,0,1433,135
2020-08-08,Italy,NA,Sardinia,1639591,0,0,1433,135
2020-08-09,Italy,NA,Sardinia,1639591,6,0,1439,135
2020-08-10,Italy,NA,Sardinia,1639591,2,0,1441,135
2020-08-11,Italy,NA,Sardinia,1639591,20,0,1461,135
2020-08-12,Italy,NA,Sardinia,1639591,1,0,1462,135
2020-08-13,Italy,NA,Sardinia,1639591,17,0,1479,135
2020-08-14,Italy,NA,Sardinia,1639591,5,0,1484,135
2020-08-15,Italy,NA,Sardinia,1639591,5,0,1489,135
2020-08-16,Italy,NA,Sardinia,1639591,5,0,1493,135
2020-08-17,Italy,NA,Sardinia,1639591,7,0,1500,135
2020-08-18,Italy,NA,Sardinia,1639591,12,0,1512,135
2020-08-19,Italy,NA,Sardinia,1639591,37,0,1549,135
2020-08-20,Italy,NA,Sardinia,1639591,23,0,1567,135
2020-08-21,Italy,NA,Sardinia,1639591,42,0,1609,135
2020-08-22,Italy,NA,Sardinia,1639591,44,0,1653,135
2020-08-23,Italy,NA,Sardinia,1639591,81,0,1734,135
2020-08-24,Italy,NA,Sardinia,1639591,91,0,1825,135
2020-08-25,Italy,NA,Sardinia,1639591,34,0,1859,135
2020-08-26,Italy,NA,Sardinia,1639591,53,0,1912,135
2020-08-27,Italy,NA,Sardinia,1639591,57,0,1967,135
2020-08-28,Italy,NA,Sardinia,1639591,55,0,2022,135
2020-08-29,Italy,NA,Sardinia,1639591,70,0,2092,135
2020-08-30,Italy,NA,Sardinia,1639591,22,0,2114,135
2020-08-31,Italy,NA,Sardinia,1639591,79,0,2193,135
2020-09-01,Italy,NA,Sardinia,1639591,50,0,2243,135
2020-09-02,Italy,NA,Sardinia,1639591,73,1,2316,135
2020-09-03,Italy,NA,Sardinia,1639591,39,0,2355,135
2020-09-04,Italy,NA,Sardinia,1639591,66,0,2421,135
2020-09-05,Italy,NA,Sardinia,1639591,65,1,2486,136
2020-09-06,Italy,NA,Sardinia,1639591,19,0,2505,136
2020-09-07,Italy,NA,Sardinia,1639591,59,0,2564,136
2020-09-08,Italy,NA,Sardinia,1639591,51,0,2615,136
2020-09-09,Italy,NA,Sardinia,1639591,47,2,2662,138
2020-09-10,Italy,NA,Sardinia,1639591,63,1,2725,139
2020-09-11,Italy,NA,Sardinia,1639591,65,0,2790,139
2020-09-12,Italy,NA,Sardinia,1639591,51,1,2841,140
2020-09-13,Italy,NA,Sardinia,1639591,33,0,2874,140
2020-09-14,Italy,NA,Sardinia,1639591,54,0,2928,140
2020-09-15,Italy,NA,Sardinia,1639591,36,0,2964,140
2020-03-04,Italy,NA,Sicily,4999891,11,0,18,0
2020-03-05,Italy,NA,Sicily,4999891,0,0,18,0
2020-03-06,Italy,NA,Sicily,4999891,6,0,24,0
2020-03-07,Italy,NA,Sicily,4999891,11,0,35,0
2020-03-08,Italy,NA,Sicily,4999891,18,0,53,0
2020-03-09,Italy,NA,Sicily,4999891,1,0,54,0
2020-03-10,Italy,NA,Sicily,4999891,8,0,62,0
2020-03-11,Italy,NA,Sicily,4999891,21,0,83,0
2020-03-12,Italy,NA,Sicily,4999891,32,2,115,2
2020-03-13,Italy,NA,Sicily,4999891,15,0,130,2
2020-03-14,Italy,NA,Sicily,4999891,26,0,156,2
2020-03-15,Italy,NA,Sicily,4999891,32,0,188,2
2020-03-16,Italy,NA,Sicily,4999891,25,0,213,2
2020-03-17,Italy,NA,Sicily,4999891,24,1,237,3
2020-03-18,Italy,NA,Sicily,4999891,45,0,282,3
2020-03-19,Italy,NA,Sicily,4999891,58,1,340,4
2020-03-20,Italy,NA,Sicily,4999891,68,0,408,4
2020-03-21,Italy,NA,Sicily,4999891,82,2,490,6
2020-03-22,Italy,NA,Sicily,4999891,140,2,630,8
2020-03-23,Italy,NA,Sicily,4999891,91,5,721,13
2020-03-24,Italy,NA,Sicily,4999891,125,7,846,20
2020-03-25,Italy,NA,Sicily,4999891,148,5,994,25
2020-03-26,Italy,NA,Sicily,4999891,170,8,1164,33
2020-03-27,Italy,NA,Sicily,4999891,86,6,1250,39
2020-03-28,Italy,NA,Sicily,4999891,109,18,1359,57
2020-03-29,Italy,NA,Sicily,4999891,101,8,1460,65
2020-03-30,Italy,NA,Sicily,4999891,95,11,1555,76
2020-03-31,Italy,NA,Sicily,4999891,92,5,1647,81
2020-04-01,Italy,NA,Sicily,4999891,71,7,1718,88
2020-04-02,Italy,NA,Sicily,4999891,73,5,1791,93
2020-04-03,Italy,NA,Sicily,4999891,68,8,1859,101
2020-04-04,Italy,NA,Sicily,4999891,73,10,1932,111
2020-04-05,Italy,NA,Sicily,4999891,62,5,1994,116
2020-04-06,Italy,NA,Sicily,4999891,52,7,2046,123
2020-04-07,Italy,NA,Sicily,4999891,51,2,2097,125
2020-04-08,Italy,NA,Sicily,4999891,62,8,2159,133
2020-04-09,Italy,NA,Sicily,4999891,73,5,2232,138
2020-04-10,Italy,NA,Sicily,4999891,70,10,2302,148
2020-04-11,Italy,NA,Sicily,4999891,62,6,2364,154
2020-04-12,Italy,NA,Sicily,4999891,52,9,2416,163
2020-04-13,Italy,NA,Sicily,4999891,42,8,2458,171
2020-04-14,Italy,NA,Sicily,4999891,43,4,2501,175
2020-04-15,Italy,NA,Sicily,4999891,34,6,2535,181
2020-04-16,Italy,NA,Sicily,4999891,44,6,2579,187
2020-04-17,Italy,NA,Sicily,4999891,46,3,2625,190
2020-04-18,Italy,NA,Sicily,4999891,47,6,2672,196
2020-04-19,Italy,NA,Sicily,4999891,45,4,2717,200
2020-04-20,Italy,NA,Sicily,4999891,42,3,2759,203
2020-04-21,Italy,NA,Sicily,4999891,76,3,2835,206
2020-04-22,Italy,NA,Sicily,4999891,48,2,2883,208
2020-04-23,Italy,NA,Sicily,4999891,43,5,2926,213
2020-04-24,Italy,NA,Sicily,4999891,55,5,2981,218
2020-04-25,Italy,NA,Sicily,4999891,39,6,3020,224
2020-04-26,Italy,NA,Sicily,4999891,35,4,3055,228
2020-04-27,Italy,NA,Sicily,4999891,30,3,3085,231
2020-04-28,Italy,NA,Sicily,4999891,35,1,3120,232
2020-04-29,Italy,NA,Sicily,4999891,20,0,3140,232
2020-04-30,Italy,NA,Sicily,4999891,26,3,3166,235
2020-05-01,Italy,NA,Sicily,4999891,28,2,3194,237
2020-05-02,Italy,NA,Sicily,4999891,19,3,3213,240
2020-05-03,Italy,NA,Sicily,4999891,27,2,3240,242
2020-05-04,Italy,NA,Sicily,4999891,15,2,3255,244
2020-05-05,Italy,NA,Sicily,4999891,12,3,3267,247
2020-05-06,Italy,NA,Sicily,4999891,14,3,3281,250
2020-05-07,Italy,NA,Sicily,4999891,7,1,3288,251
2020-05-08,Italy,NA,Sicily,4999891,13,2,3301,253
2020-05-09,Italy,NA,Sicily,4999891,12,3,3313,256
2020-05-10,Italy,NA,Sicily,4999891,14,0,3327,256
2020-05-11,Italy,NA,Sicily,4999891,12,1,3339,257
2020-05-12,Italy,NA,Sicily,4999891,4,4,3343,261
2020-05-13,Italy,NA,Sicily,4999891,11,1,3354,262
2020-05-14,Italy,NA,Sicily,4999891,12,1,3366,263
2020-05-15,Italy,NA,Sicily,4999891,8,0,3374,263
2020-05-16,Italy,NA,Sicily,4999891,8,2,3382,265
2020-05-17,Italy,NA,Sicily,4999891,6,2,3388,267
2020-05-18,Italy,NA,Sicily,4999891,7,0,3395,267
2020-05-19,Italy,NA,Sicily,4999891,8,1,3403,268
2020-05-20,Italy,NA,Sicily,4999891,8,0,3411,268
2020-05-21,Italy,NA,Sicily,4999891,6,0,3417,268
2020-05-22,Italy,NA,Sicily,4999891,4,0,3421,268
2020-05-23,Italy,NA,Sicily,4999891,0,1,3421,269
2020-05-24,Italy,NA,Sicily,4999891,2,0,3423,269
2020-05-25,Italy,NA,Sicily,4999891,4,1,3427,270
2020-05-26,Italy,NA,Sicily,4999891,3,1,3430,271
2020-05-27,Italy,NA,Sicily,4999891,5,1,3435,272
2020-05-28,Italy,NA,Sicily,4999891,3,0,3438,272
2020-05-29,Italy,NA,Sicily,4999891,2,0,3440,272
2020-05-30,Italy,NA,Sicily,4999891,2,1,3442,273
2020-05-31,Italy,NA,Sicily,4999891,1,1,3443,274
2020-06-01,Italy,NA,Sicily,4999891,0,0,3443,274
2020-06-02,Italy,NA,Sicily,4999891,4,1,3447,275
2020-06-03,Italy,NA,Sicily,4999891,0,0,3447,275
2020-06-04,Italy,NA,Sicily,4999891,0,1,3447,276
2020-06-05,Italy,NA,Sicily,4999891,1,0,3448,276
2020-06-06,Italy,NA,Sicily,4999891,2,0,3450,276
2020-06-07,Italy,NA,Sicily,4999891,1,1,3451,277
2020-06-08,Italy,NA,Sicily,4999891,1,1,3452,278
2020-06-09,Italy,NA,Sicily,4999891,2,0,3454,278
2020-06-10,Italy,NA,Sicily,4999891,1,0,3455,278
2020-06-11,Italy,NA,Sicily,4999891,0,1,3455,279
2020-06-12,Italy,NA,Sicily,4999891,0,0,3455,279
2020-06-13,Italy,NA,Sicily,4999891,1,0,3456,279
2020-06-14,Italy,NA,Sicily,4999891,1,0,3457,279
2020-06-15,Italy,NA,Sicily,4999891,1,1,3458,280
2020-06-16,Italy,NA,Sicily,4999891,2,0,3460,280
2020-06-17,Italy,NA,Sicily,4999891,2,0,3462,280
2020-06-18,Italy,NA,Sicily,4999891,2,0,3464,280
2020-06-19,Italy,NA,Sicily,4999891,3,0,3464,280
2020-06-20,Italy,NA,Sicily,4999891,0,0,3464,280
2020-06-21,Italy,NA,Sicily,4999891,2,0,3464,280
2020-06-22,Italy,NA,Sicily,4999891,0,0,3464,280
2020-06-23,Italy,NA,Sicily,4999891,1,0,3464,280
2020-06-24,Italy,NA,Sicily,4999891,1,0,3464,280
2020-06-25,Italy,NA,Sicily,4999891,2,0,3464,280
2020-06-26,Italy,NA,Sicily,4999891,0,1,3464,281
2020-06-27,Italy,NA,Sicily,4999891,1,0,3464,281
2020-06-28,Italy,NA,Sicily,4999891,0,0,3464,281
2020-06-29,Italy,NA,Sicily,4999891,1,0,3464,281
2020-06-30,Italy,NA,Sicily,4999891,2,1,3464,282
2020-07-01,Italy,NA,Sicily,4999891,1,0,3464,282
2020-07-02,Italy,NA,Sicily,4999891,9,0,3464,282
2020-07-03,Italy,NA,Sicily,4999891,1,0,3464,282
2020-07-04,Italy,NA,Sicily,4999891,3,0,3464,282
2020-07-05,Italy,NA,Sicily,4999891,0,0,3464,282
2020-07-06,Italy,NA,Sicily,4999891,1,0,3464,282
2020-07-07,Italy,NA,Sicily,4999891,1,0,3464,282
2020-07-08,Italy,NA,Sicily,4999891,1,1,3464,283
2020-07-09,Italy,NA,Sicily,4999891,1,0,3464,283
2020-07-10,Italy,NA,Sicily,4999891,0,0,3464,283
2020-07-11,Italy,NA,Sicily,4999891,1,0,3464,283
2020-07-12,Italy,NA,Sicily,4999891,0,0,3464,283
2020-07-13,Italy,NA,Sicily,4999891,1,0,3464,283
2020-07-14,Italy,NA,Sicily,4999891,15,0,3464,283
2020-07-15,Italy,NA,Sicily,4999891,0,0,3464,283
2020-07-16,Italy,NA,Sicily,4999891,17,0,3464,283
2020-07-17,Italy,NA,Sicily,4999891,4,0,3464,283
2020-07-18,Italy,NA,Sicily,4999891,4,0,3464,283
2020-07-19,Italy,NA,Sicily,4999891,2,0,3464,283
2020-07-20,Italy,NA,Sicily,4999891,2,0,3464,283
2020-07-21,Italy,NA,Sicily,4999891,2,0,3464,283
2020-07-22,Italy,NA,Sicily,4999891,7,0,3464,283
2020-07-23,Italy,NA,Sicily,4999891,5,0,3464,283
2020-07-24,Italy,NA,Sicily,4999891,8,0,3464,283
2020-07-25,Italy,NA,Sicily,4999891,13,0,3464,283
2020-07-26,Italy,NA,Sicily,4999891,14,0,3464,283
2020-07-27,Italy,NA,Sicily,4999891,3,0,3464,283
2020-07-28,Italy,NA,Sicily,4999891,19,0,3464,283
2020-07-29,Italy,NA,Sicily,4999891,18,0,3464,283
2020-07-30,Italy,NA,Sicily,4999891,39,0,3464,283
2020-07-31,Italy,NA,Sicily,4999891,16,0,3464,283
2020-08-01,Italy,NA,Sicily,4999891,10,0,3464,283
2020-08-02,Italy,NA,Sicily,4999891,7,0,3464,283
2020-08-03,Italy,NA,Sicily,4999891,3,0,3464,283
2020-08-04,Italy,NA,Sicily,4999891,10,1,3464,284
2020-08-05,Italy,NA,Sicily,4999891,21,0,3464,284
2020-08-06,Italy,NA,Sicily,4999891,30,0,3464,284
2020-08-07,Italy,NA,Sicily,4999891,27,0,3464,284
2020-08-08,Italy,NA,Sicily,4999891,28,0,3464,284
2020-08-09,Italy,NA,Sicily,4999891,29,0,3464,284
2020-08-10,Italy,NA,Sicily,4999891,32,0,3485,284
2020-08-11,Italy,NA,Sicily,4999891,89,0,3574,284
2020-08-12,Italy,NA,Sicily,4999891,29,0,3603,284
2020-08-13,Italy,NA,Sicily,4999891,42,0,3645,284
2020-08-14,Italy,NA,Sicily,4999891,36,0,3681,284
2020-08-15,Italy,NA,Sicily,4999891,46,0,3727,284
2020-08-16,Italy,NA,Sicily,4999891,39,1,3766,285
2020-08-17,Italy,NA,Sicily,4999891,14,1,3780,286
2020-08-18,Italy,NA,Sicily,4999891,13,0,3793,286
2020-08-19,Italy,NA,Sicily,4999891,45,0,3838,286
2020-08-20,Italy,NA,Sicily,4999891,37,0,3875,286
2020-08-21,Italy,NA,Sicily,4999891,44,0,3919,286
2020-08-22,Italy,NA,Sicily,4999891,48,0,3967,286
2020-08-23,Italy,NA,Sicily,4999891,35,0,4002,286
2020-08-24,Italy,NA,Sicily,4999891,65,0,4067,286
2020-08-25,Italy,NA,Sicily,4999891,24,0,4091,286
2020-08-26,Italy,NA,Sicily,4999891,33,0,4124,286
2020-08-27,Italy,NA,Sicily,4999891,50,0,4174,286
2020-08-28,Italy,NA,Sicily,4999891,54,0,4228,286
2020-08-29,Italy,NA,Sicily,4999891,29,0,4257,286
2020-08-30,Italy,NA,Sicily,4999891,34,0,4291,286
2020-08-31,Italy,NA,Sicily,4999891,26,0,4317,286
2020-09-01,Italy,NA,Sicily,4999891,33,1,4350,287
2020-09-02,Italy,NA,Sicily,4999891,83,0,4433,287
2020-09-03,Italy,NA,Sicily,4999891,54,1,4487,288
2020-09-04,Italy,NA,Sicily,4999891,78,0,4565,288
2020-09-05,Italy,NA,Sicily,4999891,114,1,4679,289
2020-09-06,Italy,NA,Sicily,4999891,37,0,4716,289
2020-09-07,Italy,NA,Sicily,4999891,49,0,4765,289
2020-09-08,Italy,NA,Sicily,4999891,84,0,4849,289
2020-09-09,Italy,NA,Sicily,4999891,77,0,4926,289
2020-09-10,Italy,NA,Sicily,4999891,106,0,5032,289
2020-09-11,Italy,NA,Sicily,4999891,104,0,5136,289
2020-09-12,Italy,NA,Sicily,4999891,44,0,5180,289
2020-09-13,Italy,NA,Sicily,4999891,61,1,5241,290
2020-09-14,Italy,NA,Sicily,4999891,65,2,5306,292
2020-09-15,Italy,NA,Sicily,4999891,77,0,5383,292
2020-03-10,Italy,NA,South Tyrol,531178,29,0,38,0
2020-03-11,Italy,NA,South Tyrol,531178,37,0,75,0
2020-03-12,Italy,NA,South Tyrol,531178,29,1,104,1
2020-03-13,Italy,NA,South Tyrol,531178,21,1,125,2
2020-03-14,Italy,NA,South Tyrol,531178,48,1,173,3
2020-03-15,Italy,NA,South Tyrol,531178,31,2,204,5
2020-03-16,Italy,NA,South Tyrol,531178,37,1,241,6
2020-03-17,Italy,NA,South Tyrol,531178,50,2,291,8
2020-03-18,Italy,NA,South Tyrol,531178,85,1,376,9
2020-03-19,Italy,NA,South Tyrol,531178,60,5,436,14
2020-03-20,Italy,NA,South Tyrol,531178,112,3,548,17
2020-03-21,Italy,NA,South Tyrol,531178,73,3,621,20
2020-03-22,Italy,NA,South Tyrol,531178,57,3,678,23
2020-03-23,Italy,NA,South Tyrol,531178,46,6,724,29
2020-03-24,Italy,NA,South Tyrol,531178,57,9,781,38
2020-03-25,Italy,NA,South Tyrol,531178,77,5,858,43
2020-03-26,Italy,NA,South Tyrol,531178,48,5,906,48
2020-03-27,Italy,NA,South Tyrol,531178,97,12,1003,60
2020-03-28,Italy,NA,South Tyrol,531178,106,4,1109,64
2020-03-29,Italy,NA,South Tyrol,531178,105,0,1214,64
2020-03-30,Italy,NA,South Tyrol,531178,111,10,1325,74
2020-03-31,Italy,NA,South Tyrol,531178,46,2,1371,76
2020-04-01,Italy,NA,South Tyrol,531178,47,40,1418,116
2020-04-02,Italy,NA,South Tyrol,531178,61,13,1479,129
2020-04-03,Italy,NA,South Tyrol,531178,80,10,1559,139
2020-04-04,Italy,NA,South Tyrol,531178,33,7,1592,146
2020-04-05,Italy,NA,South Tyrol,531178,52,12,1644,158
2020-04-06,Italy,NA,South Tyrol,531178,78,6,1722,164
2020-04-07,Italy,NA,South Tyrol,531178,89,10,1811,174
2020-04-08,Italy,NA,South Tyrol,531178,24,9,1835,183
2020-04-09,Italy,NA,South Tyrol,531178,68,4,1903,187
2020-04-10,Italy,NA,South Tyrol,531178,52,4,1955,191
2020-04-11,Italy,NA,South Tyrol,531178,2,9,1957,200
2020-04-12,Italy,NA,South Tyrol,531178,141,5,2098,205
2020-04-13,Italy,NA,South Tyrol,531178,51,7,2149,212
2020-04-14,Italy,NA,South Tyrol,531178,35,2,2184,214
2020-04-15,Italy,NA,South Tyrol,531178,40,9,2224,223
2020-04-16,Italy,NA,South Tyrol,531178,43,2,2267,225
2020-04-17,Italy,NA,South Tyrol,531178,29,9,2296,234
2020-04-18,Italy,NA,South Tyrol,531178,29,5,2325,239
2020-04-19,Italy,NA,South Tyrol,531178,55,6,2380,245
2020-04-20,Italy,NA,South Tyrol,531178,14,4,2394,249
2020-04-21,Italy,NA,South Tyrol,531178,16,2,2410,251
2020-04-22,Italy,NA,South Tyrol,531178,6,5,2416,256
2020-04-23,Italy,NA,South Tyrol,531178,19,5,2435,261
2020-04-24,Italy,NA,South Tyrol,531178,21,2,2456,263
2020-04-25,Italy,NA,South Tyrol,531178,20,2,2476,265
2020-04-26,Italy,NA,South Tyrol,531178,5,4,2481,269
2020-04-27,Italy,NA,South Tyrol,531178,15,1,2496,270
2020-04-28,Italy,NA,South Tyrol,531178,2,2,2498,272
2020-04-29,Italy,NA,South Tyrol,531178,9,2,2507,274
2020-04-30,Italy,NA,South Tyrol,531178,11,1,2518,275
2020-05-01,Italy,NA,South Tyrol,531178,10,3,2528,278
2020-05-02,Italy,NA,South Tyrol,531178,7,1,2535,279
2020-05-03,Italy,NA,South Tyrol,531178,1,2,2536,281
2020-05-04,Italy,NA,South Tyrol,531178,5,3,2541,284
2020-05-05,Italy,NA,South Tyrol,531178,1,2,2542,286
2020-05-06,Italy,NA,South Tyrol,531178,1,0,2543,286
2020-05-07,Italy,NA,South Tyrol,531178,9,0,2552,286
2020-05-08,Italy,NA,South Tyrol,531178,6,3,2558,289
2020-05-09,Italy,NA,South Tyrol,531178,9,1,2567,290
2020-05-10,Italy,NA,South Tyrol,531178,2,0,2569,290
2020-05-11,Italy,NA,South Tyrol,531178,3,0,2572,290
2020-05-12,Italy,NA,South Tyrol,531178,0,0,2572,290
2020-05-13,Italy,NA,South Tyrol,531178,3,0,2575,290
2020-05-14,Italy,NA,South Tyrol,531178,3,0,2578,290
2020-05-15,Italy,NA,South Tyrol,531178,0,0,2578,290
2020-05-16,Italy,NA,South Tyrol,531178,0,0,2578,290
2020-05-17,Italy,NA,South Tyrol,531178,3,0,2581,290
2020-05-18,Italy,NA,South Tyrol,531178,1,1,2582,291
2020-05-19,Italy,NA,South Tyrol,531178,5,0,2587,291
2020-05-20,Italy,NA,South Tyrol,531178,0,0,2587,291
2020-05-21,Italy,NA,South Tyrol,531178,0,0,2587,291
2020-05-22,Italy,NA,South Tyrol,531178,3,0,2590,291
2020-05-23,Italy,NA,South Tyrol,531178,0,0,2590,291
2020-05-24,Italy,NA,South Tyrol,531178,3,0,2593,291
2020-05-25,Italy,NA,South Tyrol,531178,0,0,2593,291
2020-05-26,Italy,NA,South Tyrol,531178,0,0,2593,291
2020-05-27,Italy,NA,South Tyrol,531178,0,0,2593,291
2020-05-28,Italy,NA,South Tyrol,531178,2,0,2595,291
2020-05-29,Italy,NA,South Tyrol,531178,0,0,2595,291
2020-05-30,Italy,NA,South Tyrol,531178,1,0,2596,291
2020-05-31,Italy,NA,South Tyrol,531178,1,0,2597,291
2020-06-01,Italy,NA,South Tyrol,531178,1,0,2598,291
2020-06-02,Italy,NA,South Tyrol,531178,0,0,2598,291
2020-06-03,Italy,NA,South Tyrol,531178,0,0,2598,291
2020-06-04,Italy,NA,South Tyrol,531178,0,1,2598,292
2020-06-05,Italy,NA,South Tyrol,531178,1,0,2599,292
2020-06-06,Italy,NA,South Tyrol,531178,1,0,2600,292
2020-06-07,Italy,NA,South Tyrol,531178,3,0,2603,292
2020-06-08,Italy,NA,South Tyrol,531178,1,0,2604,292
2020-06-09,Italy,NA,South Tyrol,531178,0,0,2604,292
2020-06-10,Italy,NA,South Tyrol,531178,0,0,2604,292
2020-06-11,Italy,NA,South Tyrol,531178,2,0,2606,292
2020-06-12,Italy,NA,South Tyrol,531178,2,0,2608,292
2020-06-13,Italy,NA,South Tyrol,531178,2,0,2610,292
2020-06-14,Italy,NA,South Tyrol,531178,3,0,2613,292
2020-06-15,Italy,NA,South Tyrol,531178,0,1,2613,292
2020-06-16,Italy,NA,South Tyrol,531178,0,0,2613,292
2020-06-17,Italy,NA,South Tyrol,531178,0,0,2613,292
2020-06-18,Italy,NA,South Tyrol,531178,2,0,2613,292
2020-06-19,Italy,NA,South Tyrol,531178,2,0,2615,292
2020-06-20,Italy,NA,South Tyrol,531178,0,0,2618,292
2020-06-21,Italy,NA,South Tyrol,531178,4,0,2622,292
2020-06-22,Italy,NA,South Tyrol,531178,11,0,2633,292
2020-06-23,Italy,NA,South Tyrol,531178,0,0,2633,292
2020-06-24,Italy,NA,South Tyrol,531178,1,0,2634,292
2020-06-25,Italy,NA,South Tyrol,531178,0,0,2634,292
2020-06-26,Italy,NA,South Tyrol,531178,0,0,2634,292
2020-06-27,Italy,NA,South Tyrol,531178,2,0,2636,292
2020-06-28,Italy,NA,South Tyrol,531178,1,0,2637,292
2020-06-29,Italy,NA,South Tyrol,531178,2,0,2639,292
2020-06-30,Italy,NA,South Tyrol,531178,0,0,2639,292
2020-07-01,Italy,NA,South Tyrol,531178,3,0,2642,292
2020-07-02,Italy,NA,South Tyrol,531178,0,0,2642,292
2020-07-03,Italy,NA,South Tyrol,531178,0,0,2642,292
2020-07-04,Italy,NA,South Tyrol,531178,3,0,2645,292
2020-07-05,Italy,NA,South Tyrol,531178,2,0,2647,292
2020-07-06,Italy,NA,South Tyrol,531178,0,0,2647,292
2020-07-07,Italy,NA,South Tyrol,531178,1,0,2648,292
2020-07-08,Italy,NA,South Tyrol,531178,2,0,2650,292
2020-07-09,Italy,NA,South Tyrol,531178,3,0,2653,292
2020-07-10,Italy,NA,South Tyrol,531178,5,0,2658,292
2020-07-11,Italy,NA,South Tyrol,531178,3,0,2661,292
2020-07-12,Italy,NA,South Tyrol,531178,5,0,2666,292
2020-07-13,Italy,NA,South Tyrol,531178,7,0,2673,292
2020-07-14,Italy,NA,South Tyrol,531178,1,0,2674,292
2020-07-15,Italy,NA,South Tyrol,531178,3,0,2677,292
2020-07-16,Italy,NA,South Tyrol,531178,1,0,2678,292
2020-07-17,Italy,NA,South Tyrol,531178,4,0,2682,292
2020-07-18,Italy,NA,South Tyrol,531178,1,0,2683,292
2020-07-19,Italy,NA,South Tyrol,531178,1,0,2684,292
2020-07-20,Italy,NA,South Tyrol,531178,0,0,2684,292
2020-07-21,Italy,NA,South Tyrol,531178,1,0,2685,292
2020-07-22,Italy,NA,South Tyrol,531178,0,0,2685,292
2020-07-23,Italy,NA,South Tyrol,531178,1,0,2686,292
2020-07-24,Italy,NA,South Tyrol,531178,1,0,2687,292
2020-07-25,Italy,NA,South Tyrol,531178,6,0,2693,292
2020-07-26,Italy,NA,South Tyrol,531178,5,0,2698,292
2020-07-27,Italy,NA,South Tyrol,531178,2,0,2700,292
2020-07-28,Italy,NA,South Tyrol,531178,2,0,2700,292
2020-07-29,Italy,NA,South Tyrol,531178,5,0,2700,292
2020-07-30,Italy,NA,South Tyrol,531178,6,0,2702,292
2020-07-31,Italy,NA,South Tyrol,531178,15,0,2717,292
2020-08-01,Italy,NA,South Tyrol,531178,8,0,2725,292
2020-08-02,Italy,NA,South Tyrol,531178,3,0,2728,292
2020-08-03,Italy,NA,South Tyrol,531178,6,0,2734,292
2020-08-04,Italy,NA,South Tyrol,531178,6,0,2740,292
2020-08-05,Italy,NA,South Tyrol,531178,5,0,2745,292
2020-08-06,Italy,NA,South Tyrol,531178,12,0,2757,292
2020-08-07,Italy,NA,South Tyrol,531178,4,0,2761,292
2020-08-08,Italy,NA,South Tyrol,531178,5,0,2766,292
2020-08-09,Italy,NA,South Tyrol,531178,7,0,2773,292
2020-08-10,Italy,NA,South Tyrol,531178,1,0,2774,292
2020-08-11,Italy,NA,South Tyrol,531178,1,0,2775,292
2020-08-12,Italy,NA,South Tyrol,531178,4,0,2779,292
2020-08-13,Italy,NA,South Tyrol,531178,3,0,2781,292
2020-08-14,Italy,NA,South Tyrol,531178,3,0,2784,292
2020-08-15,Italy,NA,South Tyrol,531178,9,0,2793,292
2020-08-16,Italy,NA,South Tyrol,531178,9,0,2802,292
2020-08-17,Italy,NA,South Tyrol,531178,2,0,2804,292
2020-08-18,Italy,NA,South Tyrol,531178,0,0,2804,292
2020-08-19,Italy,NA,South Tyrol,531178,7,0,2811,292
2020-08-20,Italy,NA,South Tyrol,531178,21,0,2832,292
2020-08-21,Italy,NA,South Tyrol,531178,5,0,2837,292
2020-08-22,Italy,NA,South Tyrol,531178,19,0,2856,292
2020-08-23,Italy,NA,South Tyrol,531178,13,0,2869,292
2020-08-24,Italy,NA,South Tyrol,531178,15,0,2884,292
2020-08-25,Italy,NA,South Tyrol,531178,9,0,2893,292
2020-08-26,Italy,NA,South Tyrol,531178,5,0,2898,292
2020-08-27,Italy,NA,South Tyrol,531178,9,0,2907,292
2020-08-28,Italy,NA,South Tyrol,531178,8,0,2915,292
2020-08-29,Italy,NA,South Tyrol,531178,9,0,2924,292
2020-08-30,Italy,NA,South Tyrol,531178,8,0,2932,292
2020-08-31,Italy,NA,South Tyrol,531178,3,0,2935,292
2020-09-01,Italy,NA,South Tyrol,531178,13,0,2948,292
2020-09-02,Italy,NA,South Tyrol,531178,10,0,2958,292
2020-09-03,Italy,NA,South Tyrol,531178,4,0,2962,292
2020-09-04,Italy,NA,South Tyrol,531178,11,0,2973,292
2020-09-05,Italy,NA,South Tyrol,531178,23,0,2996,292
2020-09-06,Italy,NA,South Tyrol,531178,7,0,3003,292
2020-09-07,Italy,NA,South Tyrol,531178,0,0,3003,292
2020-09-08,Italy,NA,South Tyrol,531178,4,0,3007,292
2020-09-09,Italy,NA,South Tyrol,531178,10,0,3017,292
2020-09-10,Italy,NA,South Tyrol,531178,20,0,3037,292
2020-09-11,Italy,NA,South Tyrol,531178,26,0,3063,292
2020-09-12,Italy,NA,South Tyrol,531178,25,0,3088,292
2020-09-13,Italy,NA,South Tyrol,531178,40,0,3128,292
2020-09-14,Italy,NA,South Tyrol,531178,7,0,3135,292
2020-09-15,Italy,NA,South Tyrol,531178,21,0,3156,292
2020-03-07,Italy,NA,Trentino-Alto Adige,541098,4,0,14,0
2020-03-08,Italy,NA,Trentino-Alto Adige,541098,9,0,23,0
2020-03-09,Italy,NA,Trentino-Alto Adige,541098,10,0,33,0
2020-03-10,Italy,NA,Trentino-Alto Adige,541098,19,0,52,0
2020-03-11,Italy,NA,Trentino-Alto Adige,541098,25,0,77,0
2020-03-12,Italy,NA,Trentino-Alto Adige,541098,30,1,107,1
2020-03-13,Italy,NA,Trentino-Alto Adige,541098,56,1,163,2
2020-03-14,Italy,NA,Trentino-Alto Adige,541098,43,0,206,2
2020-03-15,Italy,NA,Trentino-Alto Adige,541098,172,4,378,6
2020-03-16,Italy,NA,Trentino-Alto Adige,541098,0,0,378,6
2020-03-17,Italy,NA,Trentino-Alto Adige,541098,7,1,385,7
2020-03-18,Italy,NA,Trentino-Alto Adige,541098,70,0,455,7
2020-03-19,Italy,NA,Trentino-Alto Adige,541098,68,5,523,12
2020-03-20,Italy,NA,Trentino-Alto Adige,541098,119,1,642,13
2020-03-21,Italy,NA,Trentino-Alto Adige,541098,140,15,782,28
2020-03-22,Italy,NA,Trentino-Alto Adige,541098,172,7,954,35
2020-03-23,Italy,NA,Trentino-Alto Adige,541098,69,6,1023,41
2020-03-24,Italy,NA,Trentino-Alto Adige,541098,87,15,1110,56
2020-03-25,Italy,NA,Trentino-Alto Adige,541098,112,18,1222,74
2020-03-26,Italy,NA,Trentino-Alto Adige,541098,75,12,1297,86
2020-03-27,Italy,NA,Trentino-Alto Adige,541098,94,16,1391,102
2020-03-28,Italy,NA,Trentino-Alto Adige,541098,114,18,1505,120
2020-03-29,Italy,NA,Trentino-Alto Adige,541098,89,9,1594,129
2020-03-30,Italy,NA,Trentino-Alto Adige,541098,88,18,1682,147
2020-03-31,Italy,NA,Trentino-Alto Adige,541098,64,17,1746,164
2020-04-01,Italy,NA,Trentino-Alto Adige,541098,124,9,1870,173
2020-04-02,Italy,NA,Trentino-Alto Adige,541098,133,14,2003,187
2020-04-03,Italy,NA,Trentino-Alto Adige,541098,106,17,2109,204
2020-04-04,Italy,NA,Trentino-Alto Adige,541098,111,6,2220,210
2020-04-05,Italy,NA,Trentino-Alto Adige,541098,65,7,2285,217
2020-04-06,Italy,NA,Trentino-Alto Adige,541098,63,13,2348,230
2020-04-07,Italy,NA,Trentino-Alto Adige,541098,128,14,2476,244
2020-04-08,Italy,NA,Trentino-Alto Adige,541098,126,11,2602,255
2020-04-09,Italy,NA,Trentino-Alto Adige,541098,106,13,2708,268
2020-04-10,Italy,NA,Trentino-Alto Adige,541098,108,7,2816,275
2020-04-11,Italy,NA,Trentino-Alto Adige,541098,154,9,2970,284
2020-04-12,Italy,NA,Trentino-Alto Adige,541098,83,9,3053,293
2020-04-13,Italy,NA,Trentino-Alto Adige,541098,73,7,3126,300
2020-04-14,Italy,NA,Trentino-Alto Adige,541098,15,10,3141,310
2020-04-15,Italy,NA,Trentino-Alto Adige,541098,79,8,3220,318
2020-04-16,Italy,NA,Trentino-Alto Adige,541098,74,4,3294,322
2020-04-17,Italy,NA,Trentino-Alto Adige,541098,82,20,3376,342
2020-04-18,Italy,NA,Trentino-Alto Adige,541098,55,6,3431,348
2020-04-19,Italy,NA,Trentino-Alto Adige,541098,101,12,3532,360
2020-04-20,Italy,NA,Trentino-Alto Adige,541098,58,6,3590,366
2020-04-21,Italy,NA,Trentino-Alto Adige,541098,24,10,3614,376
2020-04-22,Italy,NA,Trentino-Alto Adige,541098,32,5,3646,381
2020-04-23,Italy,NA,Trentino-Alto Adige,541098,81,1,3727,382
2020-04-24,Italy,NA,Trentino-Alto Adige,541098,49,7,3776,389
2020-04-25,Italy,NA,Trentino-Alto Adige,541098,62,11,3838,400
2020-04-26,Italy,NA,Trentino-Alto Adige,541098,56,5,3894,405
2020-04-27,Italy,NA,Trentino-Alto Adige,541098,101,2,3995,407
2020-04-28,Italy,NA,Trentino-Alto Adige,541098,30,5,4025,412
2020-04-29,Italy,NA,Trentino-Alto Adige,541098,44,4,4069,416
2020-04-30,Italy,NA,Trentino-Alto Adige,541098,47,2,4116,418
2020-05-01,Italy,NA,Trentino-Alto Adige,541098,16,5,4132,423
2020-05-02,Italy,NA,Trentino-Alto Adige,541098,49,2,4181,425
2020-05-03,Italy,NA,Trentino-Alto Adige,541098,66,4,4247,429
2020-05-04,Italy,NA,Trentino-Alto Adige,541098,11,1,4258,430
2020-05-05,Italy,NA,Trentino-Alto Adige,541098,3,3,4261,433
2020-05-06,Italy,NA,Trentino-Alto Adige,541098,19,4,4280,437
2020-05-07,Italy,NA,Trentino-Alto Adige,541098,3,1,4283,438
2020-05-08,Italy,NA,Trentino-Alto Adige,541098,2,0,4285,438
2020-05-09,Italy,NA,Trentino-Alto Adige,541098,7,0,4292,438
2020-05-10,Italy,NA,Trentino-Alto Adige,541098,3,3,4295,441
2020-05-11,Italy,NA,Trentino-Alto Adige,541098,2,2,4297,443
2020-05-12,Italy,NA,Trentino-Alto Adige,541098,6,2,4303,445
2020-05-13,Italy,NA,Trentino-Alto Adige,541098,9,1,4312,446
2020-05-14,Italy,NA,Trentino-Alto Adige,541098,3,2,4315,448
2020-05-15,Italy,NA,Trentino-Alto Adige,541098,3,3,4318,451
2020-05-16,Italy,NA,Trentino-Alto Adige,541098,8,2,4326,453
2020-05-17,Italy,NA,Trentino-Alto Adige,541098,12,0,4338,453
2020-05-18,Italy,NA,Trentino-Alto Adige,541098,13,0,4351,453
2020-05-19,Italy,NA,Trentino-Alto Adige,541098,7,2,4358,455
2020-05-20,Italy,NA,Trentino-Alto Adige,541098,10,0,4368,455
2020-05-21,Italy,NA,Trentino-Alto Adige,541098,10,0,4378,455
2020-05-22,Italy,NA,Trentino-Alto Adige,541098,10,0,4388,455
2020-05-23,Italy,NA,Trentino-Alto Adige,541098,7,1,4395,456
2020-05-24,Italy,NA,Trentino-Alto Adige,541098,9,1,4404,457
2020-05-25,Italy,NA,Trentino-Alto Adige,541098,1,1,4405,458
2020-05-26,Italy,NA,Trentino-Alto Adige,541098,10,3,4415,461
2020-05-27,Italy,NA,Trentino-Alto Adige,541098,7,1,4422,462
2020-05-28,Italy,NA,Trentino-Alto Adige,541098,3,0,4425,462
2020-05-29,Italy,NA,Trentino-Alto Adige,541098,3,0,4428,462
2020-05-30,Italy,NA,Trentino-Alto Adige,541098,1,0,4429,462
2020-05-31,Italy,NA,Trentino-Alto Adige,541098,1,0,4430,462
2020-06-01,Italy,NA,Trentino-Alto Adige,541098,2,0,4432,462
2020-06-02,Italy,NA,Trentino-Alto Adige,541098,0,1,4432,463
2020-06-03,Italy,NA,Trentino-Alto Adige,541098,1,0,4433,463
2020-06-04,Italy,NA,Trentino-Alto Adige,541098,0,1,4433,464
2020-06-05,Italy,NA,Trentino-Alto Adige,541098,0,0,4433,464
2020-06-06,Italy,NA,Trentino-Alto Adige,541098,1,0,4434,464
2020-06-07,Italy,NA,Trentino-Alto Adige,541098,1,0,4435,464
2020-06-08,Italy,NA,Trentino-Alto Adige,541098,1,0,4436,464
2020-06-09,Italy,NA,Trentino-Alto Adige,541098,3,0,4439,464
2020-06-10,Italy,NA,Trentino-Alto Adige,541098,0,0,4439,464
2020-06-11,Italy,NA,Trentino-Alto Adige,541098,2,0,4441,464
2020-06-12,Italy,NA,Trentino-Alto Adige,541098,2,0,4443,464
2020-06-13,Italy,NA,Trentino-Alto Adige,541098,3,0,4446,464
2020-06-14,Italy,NA,Trentino-Alto Adige,541098,1,0,4447,464
2020-06-15,Italy,NA,Trentino-Alto Adige,541098,1,1,4448,465
2020-06-16,Italy,NA,Trentino-Alto Adige,541098,0,0,4448,465
2020-06-17,Italy,NA,Trentino-Alto Adige,541098,1,0,4449,465
2020-06-18,Italy,NA,Trentino-Alto Adige,541098,8,0,4457,465
2020-06-19,Italy,NA,Trentino-Alto Adige,541098,1,1,4458,466
2020-06-20,Italy,NA,Trentino-Alto Adige,541098,0,0,4458,466
2020-06-21,Italy,NA,Trentino-Alto Adige,541098,5,0,4463,466
2020-06-22,Italy,NA,Trentino-Alto Adige,541098,1,0,4464,466
2020-06-23,Italy,NA,Trentino-Alto Adige,541098,1,0,4465,466
2020-06-24,Italy,NA,Trentino-Alto Adige,541098,0,0,4852,466
2020-06-25,Italy,NA,Trentino-Alto Adige,541098,3,0,4855,466
2020-06-26,Italy,NA,Trentino-Alto Adige,541098,4,0,4859,466
2020-06-27,Italy,NA,Trentino-Alto Adige,541098,1,0,4860,466
2020-06-28,Italy,NA,Trentino-Alto Adige,541098,3,0,4863,466
2020-06-29,Italy,NA,Trentino-Alto Adige,541098,0,0,4863,466
2020-06-30,Italy,NA,Trentino-Alto Adige,541098,0,0,4863,466
2020-07-01,Italy,NA,Trentino-Alto Adige,541098,1,0,4864,466
2020-07-02,Italy,NA,Trentino-Alto Adige,541098,1,0,4865,466
2020-07-03,Italy,NA,Trentino-Alto Adige,541098,6,0,4871,466
2020-07-04,Italy,NA,Trentino-Alto Adige,541098,2,0,4873,466
2020-07-05,Italy,NA,Trentino-Alto Adige,541098,0,0,4873,466
2020-07-06,Italy,NA,Trentino-Alto Adige,541098,0,0,4873,466
2020-07-07,Italy,NA,Trentino-Alto Adige,541098,3,0,4876,466
2020-07-08,Italy,NA,Trentino-Alto Adige,541098,0,0,4876,466
2020-07-09,Italy,NA,Trentino-Alto Adige,541098,0,0,4876,466
2020-07-10,Italy,NA,Trentino-Alto Adige,541098,3,0,4879,466
2020-07-11,Italy,NA,Trentino-Alto Adige,541098,2,0,4881,466
2020-07-12,Italy,NA,Trentino-Alto Adige,541098,0,0,4881,466
2020-07-13,Italy,NA,Trentino-Alto Adige,541098,0,0,4881,466
2020-07-14,Italy,NA,Trentino-Alto Adige,541098,0,0,4881,466
2020-07-15,Italy,NA,Trentino-Alto Adige,541098,0,0,4881,466
2020-07-16,Italy,NA,Trentino-Alto Adige,541098,0,0,4881,466
2020-07-17,Italy,NA,Trentino-Alto Adige,541098,0,0,4881,466
2020-07-18,Italy,NA,Trentino-Alto Adige,541098,3,0,4884,466
2020-07-19,Italy,NA,Trentino-Alto Adige,541098,1,0,4885,466
2020-07-20,Italy,NA,Trentino-Alto Adige,541098,4,0,4889,466
2020-07-21,Italy,NA,Trentino-Alto Adige,541098,2,0,4891,466
2020-07-22,Italy,NA,Trentino-Alto Adige,541098,20,0,4911,466
2020-07-23,Italy,NA,Trentino-Alto Adige,541098,30,0,4941,466
2020-07-24,Italy,NA,Trentino-Alto Adige,541098,16,0,4957,466
2020-07-25,Italy,NA,Trentino-Alto Adige,541098,2,0,4959,466
2020-07-26,Italy,NA,Trentino-Alto Adige,541098,6,0,4965,466
2020-07-27,Italy,NA,Trentino-Alto Adige,541098,1,0,4966,466
2020-07-28,Italy,NA,Trentino-Alto Adige,541098,0,0,4966,466
2020-07-29,Italy,NA,Trentino-Alto Adige,541098,4,0,4970,466
2020-07-30,Italy,NA,Trentino-Alto Adige,541098,3,0,4973,466
2020-07-31,Italy,NA,Trentino-Alto Adige,541098,2,0,4975,466
2020-08-01,Italy,NA,Trentino-Alto Adige,541098,0,0,4975,466
2020-08-02,Italy,NA,Trentino-Alto Adige,541098,4,0,4979,466
2020-08-03,Italy,NA,Trentino-Alto Adige,541098,2,0,4981,466
2020-08-04,Italy,NA,Trentino-Alto Adige,541098,2,0,4983,466
2020-08-05,Italy,NA,Trentino-Alto Adige,541098,1,0,4984,466
2020-08-06,Italy,NA,Trentino-Alto Adige,541098,4,0,4988,466
2020-08-07,Italy,NA,Trentino-Alto Adige,541098,4,0,4992,466
2020-08-08,Italy,NA,Trentino-Alto Adige,541098,1,0,4993,466
2020-08-09,Italy,NA,Trentino-Alto Adige,541098,2,0,4995,466
2020-08-10,Italy,NA,Trentino-Alto Adige,541098,1,0,4996,466
2020-08-11,Italy,NA,Trentino-Alto Adige,541098,2,0,4998,466
2020-08-12,Italy,NA,Trentino-Alto Adige,541098,0,0,4998,466
2020-08-13,Italy,NA,Trentino-Alto Adige,541098,2,0,5000,466
2020-08-14,Italy,NA,Trentino-Alto Adige,541098,3,0,5003,466
2020-08-15,Italy,NA,Trentino-Alto Adige,541098,0,0,5003,466
2020-08-16,Italy,NA,Trentino-Alto Adige,541098,0,0,5003,466
2020-08-17,Italy,NA,Trentino-Alto Adige,541098,1,0,5004,466
2020-08-18,Italy,NA,Trentino-Alto Adige,541098,2,0,5006,466
2020-08-19,Italy,NA,Trentino-Alto Adige,541098,2,0,5008,466
2020-08-20,Italy,NA,Trentino-Alto Adige,541098,4,0,5012,466
2020-08-21,Italy,NA,Trentino-Alto Adige,541098,4,0,5016,466
2020-08-22,Italy,NA,Trentino-Alto Adige,541098,9,0,5025,466
2020-08-23,Italy,NA,Trentino-Alto Adige,541098,3,0,5028,466
2020-08-24,Italy,NA,Trentino-Alto Adige,541098,1,0,5029,466
2020-08-25,Italy,NA,Trentino-Alto Adige,541098,3,0,5032,466
2020-08-26,Italy,NA,Trentino-Alto Adige,541098,7,0,5039,466
2020-08-27,Italy,NA,Trentino-Alto Adige,541098,15,0,5054,466
2020-08-28,Italy,NA,Trentino-Alto Adige,541098,16,0,5070,466
2020-08-29,Italy,NA,Trentino-Alto Adige,541098,14,0,5084,466
2020-08-30,Italy,NA,Trentino-Alto Adige,541098,8,0,5092,466
2020-08-31,Italy,NA,Trentino-Alto Adige,541098,4,0,5096,466
2020-09-01,Italy,NA,Trentino-Alto Adige,541098,3,0,5099,466
2020-09-02,Italy,NA,Trentino-Alto Adige,541098,33,0,5132,466
2020-09-03,Italy,NA,Trentino-Alto Adige,541098,91,0,5223,466
2020-09-04,Italy,NA,Trentino-Alto Adige,541098,23,0,5246,466
2020-09-05,Italy,NA,Trentino-Alto Adige,541098,53,0,5299,466
2020-09-06,Italy,NA,Trentino-Alto Adige,541098,33,0,5332,466
2020-09-07,Italy,NA,Trentino-Alto Adige,541098,17,0,5349,466
2020-09-08,Italy,NA,Trentino-Alto Adige,541098,3,0,5352,466
2020-09-09,Italy,NA,Trentino-Alto Adige,541098,7,0,5359,466
2020-09-10,Italy,NA,Trentino-Alto Adige,541098,82,0,5441,466
2020-09-11,Italy,NA,Trentino-Alto Adige,541098,29,0,5470,466
2020-09-12,Italy,NA,Trentino-Alto Adige,541098,22,0,5492,466
2020-09-13,Italy,NA,Trentino-Alto Adige,541098,9,0,5501,466
2020-09-14,Italy,NA,Trentino-Alto Adige,541098,20,0,5521,466
2020-09-15,Italy,NA,Trentino-Alto Adige,541098,20,0,5541,466
2020-02-29,Italy,NA,Tuscany,3729641,3,0,11,0
2020-03-01,Italy,NA,Tuscany,3729641,2,0,13,0
2020-03-02,Italy,NA,Tuscany,3729641,0,0,13,0
2020-03-03,Italy,NA,Tuscany,3729641,6,0,19,0
2020-03-04,Italy,NA,Tuscany,3729641,19,0,38,0
2020-03-05,Italy,NA,Tuscany,3729641,23,0,61,0
2020-03-06,Italy,NA,Tuscany,3729641,18,0,79,0
2020-03-07,Italy,NA,Tuscany,3729641,34,0,113,0
2020-03-08,Italy,NA,Tuscany,3729641,53,0,166,0
2020-03-09,Italy,NA,Tuscany,3729641,42,1,208,1
2020-03-10,Italy,NA,Tuscany,3729641,56,0,264,1
2020-03-11,Italy,NA,Tuscany,3729641,56,0,320,1
2020-03-12,Italy,NA,Tuscany,3729641,44,4,364,5
2020-03-13,Italy,NA,Tuscany,3729641,106,0,470,5
2020-03-14,Italy,NA,Tuscany,3729641,160,1,630,6
2020-03-15,Italy,NA,Tuscany,3729641,151,2,781,8
2020-03-16,Italy,NA,Tuscany,3729641,85,6,866,14
2020-03-17,Italy,NA,Tuscany,3729641,187,3,1053,17
2020-03-18,Italy,NA,Tuscany,3729641,277,5,1330,22
2020-03-19,Italy,NA,Tuscany,3729641,152,16,1482,38
2020-03-20,Italy,NA,Tuscany,3729641,311,9,1793,47
2020-03-21,Italy,NA,Tuscany,3729641,219,25,2012,72
2020-03-22,Italy,NA,Tuscany,3729641,265,19,2277,91
2020-03-23,Italy,NA,Tuscany,3729641,184,18,2461,109
2020-03-24,Italy,NA,Tuscany,3729641,238,20,2699,129
2020-03-25,Italy,NA,Tuscany,3729641,273,13,2972,142
2020-03-26,Italy,NA,Tuscany,3729641,254,16,3226,158
2020-03-27,Italy,NA,Tuscany,3729641,224,19,3450,177
2020-03-28,Italy,NA,Tuscany,3729641,367,21,3817,198
2020-03-29,Italy,NA,Tuscany,3729641,305,17,4122,215
2020-03-30,Italy,NA,Tuscany,3729641,290,16,4412,231
2020-03-31,Italy,NA,Tuscany,3729641,196,13,4608,244
2020-04-01,Italy,NA,Tuscany,3729641,259,9,4867,253
2020-04-02,Italy,NA,Tuscany,3729641,406,15,5273,268
2020-04-03,Italy,NA,Tuscany,3729641,226,22,5499,290
2020-04-04,Italy,NA,Tuscany,3729641,172,17,5671,307
2020-04-05,Italy,NA,Tuscany,3729641,176,18,5847,325
2020-04-06,Italy,NA,Tuscany,3729641,154,25,6001,350
2020-04-07,Italy,NA,Tuscany,3729641,172,19,6173,369
2020-04-08,Italy,NA,Tuscany,3729641,206,23,6379,392
2020-04-09,Italy,NA,Tuscany,3729641,173,16,6552,408
2020-04-10,Italy,NA,Tuscany,3729641,175,46,6727,454
2020-04-11,Italy,NA,Tuscany,3729641,231,13,6958,467
2020-04-12,Italy,NA,Tuscany,3729641,277,28,7235,495
2020-04-13,Italy,NA,Tuscany,3729641,155,23,7390,518
2020-04-14,Italy,NA,Tuscany,3729641,137,20,7527,538
2020-04-15,Italy,NA,Tuscany,3729641,139,18,7666,556
2020-04-16,Italy,NA,Tuscany,3729641,277,29,7943,585
2020-04-17,Italy,NA,Tuscany,3729641,167,17,8110,602
2020-04-18,Italy,NA,Tuscany,3729641,127,16,8237,618
2020-04-19,Italy,NA,Tuscany,3729641,135,19,8372,637
2020-04-20,Italy,NA,Tuscany,3729641,135,30,8507,667
2020-04-21,Italy,NA,Tuscany,3729641,96,19,8603,686
2020-04-22,Italy,NA,Tuscany,3729641,97,19,8700,705
2020-04-23,Italy,NA,Tuscany,3729641,80,18,8780,723
2020-04-24,Italy,NA,Tuscany,3729641,97,19,8877,742
2020-04-25,Italy,NA,Tuscany,3729641,138,18,9015,760
2020-04-26,Italy,NA,Tuscany,3729641,132,18,9147,778
2020-04-27,Italy,NA,Tuscany,3729641,32,17,9179,795
2020-04-28,Italy,NA,Tuscany,3729641,52,16,9231,811
2020-04-29,Italy,NA,Tuscany,3729641,61,16,9292,827
2020-04-30,Italy,NA,Tuscany,3729641,60,15,9352,842
2020-05-01,Italy,NA,Tuscany,3729641,93,12,9445,854
2020-05-02,Italy,NA,Tuscany,3729641,80,9,9525,863
2020-05-03,Italy,NA,Tuscany,3729641,38,9,9563,872
2020-05-04,Italy,NA,Tuscany,3729641,38,9,9601,881
2020-05-05,Italy,NA,Tuscany,3729641,30,8,9631,889
2020-05-06,Italy,NA,Tuscany,3729641,26,10,9657,899
2020-05-07,Italy,NA,Tuscany,3729641,26,16,9683,915
2020-05-08,Italy,NA,Tuscany,3729641,38,15,9721,930
2020-05-09,Italy,NA,Tuscany,3729641,24,7,9745,937
2020-05-10,Italy,NA,Tuscany,3729641,29,5,9774,942
2020-05-11,Italy,NA,Tuscany,3729641,13,8,9787,950
2020-05-12,Italy,NA,Tuscany,3729641,15,9,9802,959
2020-05-13,Italy,NA,Tuscany,3729641,27,5,9829,964
2020-05-14,Italy,NA,Tuscany,3729641,30,9,9859,973
2020-05-15,Italy,NA,Tuscany,3729641,24,3,9883,976
2020-05-16,Italy,NA,Tuscany,3729641,30,3,9913,979
2020-05-17,Italy,NA,Tuscany,3729641,35,5,9948,984
2020-05-18,Italy,NA,Tuscany,3729641,13,5,9961,989
2020-05-19,Italy,NA,Tuscany,3729641,7,3,9968,992
2020-05-20,Italy,NA,Tuscany,3729641,14,6,9982,998
2020-05-21,Italy,NA,Tuscany,3729641,18,6,10000,1004
2020-05-22,Italy,NA,Tuscany,3729641,35,5,10035,1009
2020-05-23,Italy,NA,Tuscany,3729641,12,2,10047,1011
2020-05-24,Italy,NA,Tuscany,3729641,15,2,10062,1013
2020-05-25,Italy,NA,Tuscany,3729641,5,2,10067,1015
2020-05-26,Italy,NA,Tuscany,3729641,3,6,10070,1021
2020-05-27,Italy,NA,Tuscany,3729641,12,6,10082,1027
2020-05-28,Italy,NA,Tuscany,3729641,4,2,10086,1029
2020-05-29,Italy,NA,Tuscany,3729641,2,2,10088,1031
2020-05-30,Italy,NA,Tuscany,3729641,12,6,10100,1037
2020-05-31,Italy,NA,Tuscany,3729641,4,4,10104,1041
2020-06-01,Italy,NA,Tuscany,3729641,3,7,10107,1048
2020-06-02,Italy,NA,Tuscany,3729641,10,5,10117,1053
2020-06-03,Italy,NA,Tuscany,3729641,4,2,10121,1055
2020-06-04,Italy,NA,Tuscany,3729641,1,4,10122,1059
2020-06-05,Italy,NA,Tuscany,3729641,7,4,10129,1063
2020-06-06,Italy,NA,Tuscany,3729641,5,5,10134,1068
2020-06-07,Italy,NA,Tuscany,3729641,1,2,10135,1070
2020-06-08,Italy,NA,Tuscany,3729641,9,4,10144,1074
2020-06-09,Italy,NA,Tuscany,3729641,1,3,10145,1077
2020-06-10,Italy,NA,Tuscany,3729641,3,1,10148,1078
2020-06-11,Italy,NA,Tuscany,3729641,10,1,10158,1079
2020-06-12,Italy,NA,Tuscany,3729641,7,1,10165,1080
2020-06-13,Italy,NA,Tuscany,3729641,7,2,10172,1082
2020-06-14,Italy,NA,Tuscany,3729641,8,3,10180,1085
2020-06-15,Italy,NA,Tuscany,3729641,8,3,10188,1088
2020-06-16,Italy,NA,Tuscany,3729641,3,3,10191,1091
2020-06-17,Italy,NA,Tuscany,3729641,2,1,10193,1092
2020-06-18,Italy,NA,Tuscany,3729641,2,1,10195,1093
2020-06-19,Italy,NA,Tuscany,3729641,10,2,10205,1095
2020-06-20,Italy,NA,Tuscany,3729641,2,0,10207,1095
2020-06-21,Italy,NA,Tuscany,3729641,3,0,10210,1095
2020-06-22,Italy,NA,Tuscany,3729641,1,4,10211,1099
2020-06-23,Italy,NA,Tuscany,3729641,6,1,10217,1100
2020-06-24,Italy,NA,Tuscany,3729641,5,1,10222,1101
2020-06-25,Italy,NA,Tuscany,3729641,2,0,10224,1101
2020-06-26,Italy,NA,Tuscany,3729641,2,2,10226,1103
2020-06-27,Italy,NA,Tuscany,3729641,12,0,10238,1103
2020-06-28,Italy,NA,Tuscany,3729641,5,0,10243,1103
2020-06-29,Italy,NA,Tuscany,3729641,5,1,10248,1104
2020-06-30,Italy,NA,Tuscany,3729641,2,0,10250,1104
2020-07-01,Italy,NA,Tuscany,3729641,4,2,10254,1106
2020-07-02,Italy,NA,Tuscany,3729641,4,3,10258,1109
2020-07-03,Italy,NA,Tuscany,3729641,9,3,10267,1112
2020-07-04,Italy,NA,Tuscany,3729641,9,2,10276,1114
2020-07-05,Italy,NA,Tuscany,3729641,9,0,10285,1114
2020-07-06,Italy,NA,Tuscany,3729641,2,0,10287,1114
2020-07-07,Italy,NA,Tuscany,3729641,19,2,10306,1116
2020-07-08,Italy,NA,Tuscany,3729641,7,2,10313,1118
2020-07-09,Italy,NA,Tuscany,3729641,1,2,10314,1120
2020-07-10,Italy,NA,Tuscany,3729641,2,1,10316,1121
2020-07-11,Italy,NA,Tuscany,3729641,5,1,10321,1122
2020-07-12,Italy,NA,Tuscany,3729641,1,0,10322,1122
2020-07-13,Italy,NA,Tuscany,3729641,4,0,10326,1122
2020-07-14,Italy,NA,Tuscany,3729641,4,3,10330,1125
2020-07-15,Italy,NA,Tuscany,3729641,8,2,10338,1127
2020-07-16,Italy,NA,Tuscany,3729641,12,0,10350,1127
2020-07-17,Italy,NA,Tuscany,3729641,6,2,10356,1129
2020-07-18,Italy,NA,Tuscany,3729641,2,0,10358,1129
2020-07-19,Italy,NA,Tuscany,3729641,16,0,10374,1129
2020-07-20,Italy,NA,Tuscany,3729641,1,1,10375,1130
2020-07-21,Italy,NA,Tuscany,3729641,9,1,10384,1131
2020-07-22,Italy,NA,Tuscany,3729641,6,0,10390,1131
2020-07-23,Italy,NA,Tuscany,3729641,4,0,10394,1131
2020-07-24,Italy,NA,Tuscany,3729641,11,0,10405,1131
2020-07-25,Italy,NA,Tuscany,3729641,10,0,10415,1131
2020-07-26,Italy,NA,Tuscany,3729641,15,0,10430,1131
2020-07-27,Italy,NA,Tuscany,3729641,8,0,10438,1131
2020-07-28,Italy,NA,Tuscany,3729641,3,3,10441,1134
2020-07-29,Italy,NA,Tuscany,3729641,17,0,10458,1134
2020-07-30,Italy,NA,Tuscany,3729641,11,0,10469,1134
2020-07-31,Italy,NA,Tuscany,3729641,14,0,10483,1134
2020-08-01,Italy,NA,Tuscany,3729641,6,1,10489,1135
2020-08-02,Italy,NA,Tuscany,3729641,9,0,10498,1135
2020-08-03,Italy,NA,Tuscany,3729641,10,1,10508,1136
2020-08-04,Italy,NA,Tuscany,3729641,11,1,10519,1137
2020-08-05,Italy,NA,Tuscany,3729641,11,0,10530,1137
2020-08-06,Italy,NA,Tuscany,3729641,17,0,10547,1137
2020-08-07,Italy,NA,Tuscany,3729641,13,0,10560,1137
2020-08-08,Italy,NA,Tuscany,3729641,23,0,10583,1137
2020-08-09,Italy,NA,Tuscany,3729641,61,0,10644,1137
2020-08-10,Italy,NA,Tuscany,3729641,8,0,10652,1137
2020-08-11,Italy,NA,Tuscany,3729641,22,0,10674,1137
2020-08-12,Italy,NA,Tuscany,3729641,33,0,10707,1137
2020-08-13,Italy,NA,Tuscany,3729641,28,0,10735,1137
2020-08-14,Italy,NA,Tuscany,3729641,26,0,10761,1137
2020-08-15,Italy,NA,Tuscany,3729641,38,1,10799,1138
2020-08-16,Italy,NA,Tuscany,3729641,34,0,10833,1138
2020-08-17,Italy,NA,Tuscany,3729641,21,1,10854,1139
2020-08-18,Italy,NA,Tuscany,3729641,31,0,10885,1139
2020-08-19,Italy,NA,Tuscany,3729641,40,0,10925,1139
2020-08-20,Italy,NA,Tuscany,3729641,59,0,10984,1139
2020-08-21,Italy,NA,Tuscany,3729641,79,0,11063,1139
2020-08-22,Italy,NA,Tuscany,3729641,53,0,11116,1139
2020-08-23,Italy,NA,Tuscany,3729641,59,0,11175,1139
2020-08-24,Italy,NA,Tuscany,3729641,44,0,11219,1139
2020-08-25,Italy,NA,Tuscany,3729641,34,0,11253,1139
2020-08-26,Italy,NA,Tuscany,3729641,161,1,11414,1140
2020-08-27,Italy,NA,Tuscany,3729641,99,0,11513,1140
2020-08-28,Italy,NA,Tuscany,3729641,82,1,11595,1141
2020-08-29,Italy,NA,Tuscany,3729641,92,0,11687,1141
2020-08-30,Italy,NA,Tuscany,3729641,98,0,11785,1141
2020-08-31,Italy,NA,Tuscany,3729641,73,0,11858,1141
2020-09-01,Italy,NA,Tuscany,3729641,40,1,11898,1142
2020-09-02,Italy,NA,Tuscany,3729641,69,0,11967,1142
2020-09-03,Italy,NA,Tuscany,3729641,113,1,12080,1143
2020-09-04,Italy,NA,Tuscany,3729641,99,0,12179,1143
2020-09-05,Italy,NA,Tuscany,3729641,113,0,12292,1143
2020-09-06,Italy,NA,Tuscany,3729641,122,0,12414,1143
2020-09-07,Italy,NA,Tuscany,3729641,85,1,12499,1144
2020-09-08,Italy,NA,Tuscany,3729641,59,1,12558,1145
2020-09-09,Italy,NA,Tuscany,3729641,88,2,12646,1147
2020-09-10,Italy,NA,Tuscany,3729641,92,0,12738,1147
2020-09-11,Italy,NA,Tuscany,3729641,147,1,12885,1148
2020-09-12,Italy,NA,Tuscany,3729641,138,0,13023,1148
2020-09-13,Italy,NA,Tuscany,3729641,91,1,13114,1149
2020-09-14,Italy,NA,Tuscany,3729641,59,1,13173,1150
2020-09-15,Italy,NA,Tuscany,3729641,41,1,13214,1151
2020-03-06,Italy,NA,Umbria,882015,7,0,16,0
2020-03-07,Italy,NA,Umbria,882015,8,0,24,0
2020-03-08,Italy,NA,Umbria,882015,2,0,26,0
2020-03-09,Italy,NA,Umbria,882015,2,0,28,0
2020-03-10,Italy,NA,Umbria,882015,9,0,37,0
2020-03-11,Italy,NA,Umbria,882015,9,0,46,0
2020-03-12,Italy,NA,Umbria,882015,18,0,64,0
2020-03-13,Italy,NA,Umbria,882015,12,1,76,1
2020-03-14,Italy,NA,Umbria,882015,31,0,107,1
2020-03-15,Italy,NA,Umbria,882015,36,0,143,1
2020-03-16,Italy,NA,Umbria,882015,21,0,164,1
2020-03-17,Italy,NA,Umbria,882015,33,0,197,1
2020-03-18,Italy,NA,Umbria,882015,50,1,247,2
2020-03-19,Italy,NA,Umbria,882015,87,0,334,2
2020-03-20,Italy,NA,Umbria,882015,61,5,395,7
2020-03-21,Italy,NA,Umbria,882015,67,3,462,10
2020-03-22,Italy,NA,Umbria,882015,59,6,521,16
2020-03-23,Italy,NA,Umbria,882015,56,0,577,16
2020-03-24,Italy,NA,Umbria,882015,71,3,648,19
2020-03-25,Italy,NA,Umbria,882015,62,0,710,19
2020-03-26,Italy,NA,Umbria,882015,92,1,802,20
2020-03-27,Italy,NA,Umbria,882015,82,1,884,21
2020-03-28,Italy,NA,Umbria,882015,85,7,969,28
2020-03-29,Italy,NA,Umbria,882015,54,3,1023,31
2020-03-30,Italy,NA,Umbria,882015,28,2,1051,33
2020-03-31,Italy,NA,Umbria,882015,27,4,1078,37
2020-04-01,Italy,NA,Umbria,882015,17,0,1095,37
2020-04-02,Italy,NA,Umbria,882015,33,1,1128,38
2020-04-03,Italy,NA,Umbria,882015,51,1,1179,39
2020-04-04,Italy,NA,Umbria,882015,31,2,1210,41
2020-04-05,Italy,NA,Umbria,882015,29,2,1239,43
2020-04-06,Italy,NA,Umbria,882015,14,1,1253,44
2020-04-07,Italy,NA,Umbria,882015,10,5,1263,49
2020-04-08,Italy,NA,Umbria,882015,26,1,1289,50
2020-04-09,Italy,NA,Umbria,882015,9,1,1298,51
2020-04-10,Italy,NA,Umbria,882015,4,1,1302,52
2020-04-11,Italy,NA,Umbria,882015,7,0,1309,52
2020-04-12,Italy,NA,Umbria,882015,10,0,1319,52
2020-04-13,Italy,NA,Umbria,882015,1,0,1320,52
2020-04-14,Italy,NA,Umbria,882015,1,1,1321,53
2020-04-15,Italy,NA,Umbria,882015,1,1,1322,54
2020-04-16,Italy,NA,Umbria,882015,7,1,1329,55
2020-04-17,Italy,NA,Umbria,882015,8,2,1337,57
2020-04-18,Italy,NA,Umbria,882015,7,0,1344,57
2020-04-19,Italy,NA,Umbria,882015,4,1,1348,58
2020-04-20,Italy,NA,Umbria,882015,1,0,1349,58
2020-04-21,Italy,NA,Umbria,882015,4,2,1353,60
2020-04-22,Italy,NA,Umbria,882015,4,1,1357,61
2020-04-23,Italy,NA,Umbria,882015,5,0,1362,61
2020-04-24,Italy,NA,Umbria,882015,1,1,1363,62
2020-04-25,Italy,NA,Umbria,882015,3,1,1366,63
2020-04-26,Italy,NA,Umbria,882015,2,1,1368,64
2020-04-27,Italy,NA,Umbria,882015,2,1,1370,65
2020-04-28,Italy,NA,Umbria,882015,9,0,1379,65
2020-04-29,Italy,NA,Umbria,882015,12,1,1391,66
2020-04-30,Italy,NA,Umbria,882015,1,1,1392,67
2020-05-01,Italy,NA,Umbria,882015,1,1,1393,68
2020-05-02,Italy,NA,Umbria,882015,1,0,1394,68
2020-05-03,Italy,NA,Umbria,882015,0,0,1394,68
2020-05-04,Italy,NA,Umbria,882015,0,2,1394,70
2020-05-05,Italy,NA,Umbria,882015,6,0,1400,70
2020-05-06,Italy,NA,Umbria,882015,4,0,1404,70
2020-05-07,Italy,NA,Umbria,882015,1,0,1405,70
2020-05-08,Italy,NA,Umbria,882015,1,1,1406,71
2020-05-09,Italy,NA,Umbria,882015,1,0,1407,71
2020-05-10,Italy,NA,Umbria,882015,4,0,1411,71
2020-05-11,Italy,NA,Umbria,882015,1,0,1412,71
2020-05-12,Italy,NA,Umbria,882015,7,0,1419,71
2020-05-13,Italy,NA,Umbria,882015,0,1,1419,72
2020-05-14,Italy,NA,Umbria,882015,1,1,1420,73
2020-05-15,Italy,NA,Umbria,882015,2,0,1422,73
2020-05-16,Italy,NA,Umbria,882015,0,0,1422,73
2020-05-17,Italy,NA,Umbria,882015,2,0,1424,73
2020-05-18,Italy,NA,Umbria,882015,0,0,1424,73
2020-05-19,Italy,NA,Umbria,882015,3,1,1427,74
2020-05-20,Italy,NA,Umbria,882015,0,0,1427,74
2020-05-21,Italy,NA,Umbria,882015,2,0,1429,74
2020-05-22,Italy,NA,Umbria,882015,0,0,1429,74
2020-05-23,Italy,NA,Umbria,882015,1,0,1430,74
2020-05-24,Italy,NA,Umbria,882015,0,1,1430,75
2020-05-25,Italy,NA,Umbria,882015,0,0,1430,75
2020-05-26,Italy,NA,Umbria,882015,1,0,1431,75
2020-05-27,Italy,NA,Umbria,882015,0,0,1431,75
2020-05-28,Italy,NA,Umbria,882015,0,0,1431,75
2020-05-29,Italy,NA,Umbria,882015,0,1,1431,76
2020-05-30,Italy,NA,Umbria,882015,0,0,1431,76
2020-05-31,Italy,NA,Umbria,882015,0,0,1431,76
2020-06-01,Italy,NA,Umbria,882015,0,0,1431,76
2020-06-02,Italy,NA,Umbria,882015,0,0,1431,76
2020-06-03,Italy,NA,Umbria,882015,0,0,1431,76
2020-06-04,Italy,NA,Umbria,882015,0,0,1431,76
2020-06-05,Italy,NA,Umbria,882015,0,0,1431,76
2020-06-06,Italy,NA,Umbria,882015,0,0,1431,76
2020-06-07,Italy,NA,Umbria,882015,1,0,1432,76
2020-06-08,Italy,NA,Umbria,882015,0,0,1432,76
2020-06-09,Italy,NA,Umbria,882015,3,0,1435,76
2020-06-10,Italy,NA,Umbria,882015,1,0,1436,76
2020-06-11,Italy,NA,Umbria,882015,0,0,1436,76
2020-06-12,Italy,NA,Umbria,882015,0,0,1436,76
2020-06-13,Italy,NA,Umbria,882015,0,0,1436,76
2020-06-14,Italy,NA,Umbria,882015,0,1,1436,77
2020-06-15,Italy,NA,Umbria,882015,0,0,1436,77
2020-06-16,Italy,NA,Umbria,882015,1,0,1437,77
2020-06-17,Italy,NA,Umbria,882015,0,0,1437,77
2020-06-18,Italy,NA,Umbria,882015,0,0,1437,77
2020-06-19,Italy,NA,Umbria,882015,1,0,1438,77
2020-06-20,Italy,NA,Umbria,882015,0,1,1438,78
2020-06-21,Italy,NA,Umbria,882015,0,0,1438,78
2020-06-22,Italy,NA,Umbria,882015,0,0,1438,78
2020-06-23,Italy,NA,Umbria,882015,0,0,1438,78
2020-06-24,Italy,NA,Umbria,882015,1,1,1439,79
2020-06-25,Italy,NA,Umbria,882015,0,0,1439,79
2020-06-26,Italy,NA,Umbria,882015,1,0,1440,79
2020-06-27,Italy,NA,Umbria,882015,0,1,1440,80
2020-06-28,Italy,NA,Umbria,882015,0,0,1440,80
2020-06-29,Italy,NA,Umbria,882015,0,0,1440,80
2020-06-30,Italy,NA,Umbria,882015,1,0,1441,80
2020-07-01,Italy,NA,Umbria,882015,0,0,1441,80
2020-07-02,Italy,NA,Umbria,882015,3,0,1444,80
2020-07-03,Italy,NA,Umbria,882015,2,0,1446,80
2020-07-04,Italy,NA,Umbria,882015,1,0,1447,80
2020-07-05,Italy,NA,Umbria,882015,0,0,1447,80
2020-07-06,Italy,NA,Umbria,882015,0,0,1447,80
2020-07-07,Italy,NA,Umbria,882015,0,0,1447,80
2020-07-08,Italy,NA,Umbria,882015,0,0,1447,80
2020-07-09,Italy,NA,Umbria,882015,0,0,1447,80
2020-07-10,Italy,NA,Umbria,882015,1,0,1448,80
2020-07-11,Italy,NA,Umbria,882015,0,0,1448,80
2020-07-12,Italy,NA,Umbria,882015,2,0,1450,80
2020-07-13,Italy,NA,Umbria,882015,0,0,1450,80
2020-07-14,Italy,NA,Umbria,882015,0,0,1450,80
2020-07-15,Italy,NA,Umbria,882015,2,0,1452,80
2020-07-16,Italy,NA,Umbria,882015,0,0,1452,80
2020-07-17,Italy,NA,Umbria,882015,2,0,1454,80
2020-07-18,Italy,NA,Umbria,882015,2,0,1456,80
2020-07-19,Italy,NA,Umbria,882015,0,0,1456,80
2020-07-20,Italy,NA,Umbria,882015,0,0,1456,80
2020-07-21,Italy,NA,Umbria,882015,3,0,1459,80
2020-07-22,Italy,NA,Umbria,882015,2,0,1461,80
2020-07-23,Italy,NA,Umbria,882015,2,0,1463,80
2020-07-24,Italy,NA,Umbria,882015,2,0,1465,80
2020-07-25,Italy,NA,Umbria,882015,0,0,1465,80
2020-07-26,Italy,NA,Umbria,882015,0,0,1465,80
2020-07-27,Italy,NA,Umbria,882015,0,0,1465,80
2020-07-28,Italy,NA,Umbria,882015,0,0,1465,80
2020-07-29,Italy,NA,Umbria,882015,0,0,1465,80
2020-07-30,Italy,NA,Umbria,882015,0,0,1465,80
2020-07-31,Italy,NA,Umbria,882015,1,0,1466,80
2020-08-01,Italy,NA,Umbria,882015,6,0,1472,80
2020-08-02,Italy,NA,Umbria,882015,2,0,1474,80
2020-08-03,Italy,NA,Umbria,882015,1,0,1475,80
2020-08-04,Italy,NA,Umbria,882015,2,0,1477,80
2020-08-05,Italy,NA,Umbria,882015,2,0,1479,80
2020-08-06,Italy,NA,Umbria,882015,3,0,1482,80
2020-08-07,Italy,NA,Umbria,882015,6,0,1488,80
2020-08-08,Italy,NA,Umbria,882015,10,0,1498,80
2020-08-09,Italy,NA,Umbria,882015,7,0,1505,80
2020-08-10,Italy,NA,Umbria,882015,5,0,1510,80
2020-08-11,Italy,NA,Umbria,882015,1,0,1511,80
2020-08-12,Italy,NA,Umbria,882015,6,0,1517,80
2020-08-13,Italy,NA,Umbria,882015,7,0,1524,80
2020-08-14,Italy,NA,Umbria,882015,8,0,1532,80
2020-08-15,Italy,NA,Umbria,882015,13,0,1545,80
2020-08-16,Italy,NA,Umbria,882015,3,0,1548,80
2020-08-17,Italy,NA,Umbria,882015,1,0,1549,80
2020-08-18,Italy,NA,Umbria,882015,10,0,1559,80
2020-08-19,Italy,NA,Umbria,882015,4,0,1563,80
2020-08-20,Italy,NA,Umbria,882015,17,0,1580,80
2020-08-21,Italy,NA,Umbria,882015,22,0,1602,80
2020-08-22,Italy,NA,Umbria,882015,18,0,1620,80
2020-08-23,Italy,NA,Umbria,882015,19,0,1639,80
2020-08-24,Italy,NA,Umbria,882015,11,0,1650,80
2020-08-25,Italy,NA,Umbria,882015,29,0,1679,80
2020-08-26,Italy,NA,Umbria,882015,20,0,1699,80
2020-08-27,Italy,NA,Umbria,882015,20,0,1719,80
2020-08-28,Italy,NA,Umbria,882015,22,0,1741,80
2020-08-29,Italy,NA,Umbria,882015,12,0,1753,80
2020-08-30,Italy,NA,Umbria,882015,31,0,1784,80
2020-08-31,Italy,NA,Umbria,882015,9,0,1793,80
2020-09-01,Italy,NA,Umbria,882015,10,0,1803,80
2020-09-02,Italy,NA,Umbria,882015,27,0,1830,80
2020-09-03,Italy,NA,Umbria,882015,9,0,1839,80
2020-09-04,Italy,NA,Umbria,882015,35,0,1874,80
2020-09-05,Italy,NA,Umbria,882015,16,1,1890,81
2020-09-06,Italy,NA,Umbria,882015,25,0,1915,81
2020-09-07,Italy,NA,Umbria,882015,13,0,1928,81
2020-09-08,Italy,NA,Umbria,882015,7,0,1935,81
2020-09-09,Italy,NA,Umbria,882015,33,0,1968,81
2020-09-10,Italy,NA,Umbria,882015,24,0,1992,81
2020-09-11,Italy,NA,Umbria,882015,17,0,2009,81
2020-09-12,Italy,NA,Umbria,882015,33,0,2042,81
2020-09-13,Italy,NA,Umbria,882015,24,0,2066,81
2020-09-14,Italy,NA,Umbria,882015,12,0,2078,81
2020-09-15,Italy,NA,Umbria,882015,22,0,2100,81
2020-02-24,Italy,NA,Veneto,4905854,32,0,33,1
2020-02-25,Italy,NA,Veneto,4905854,10,0,43,1
2020-02-26,Italy,NA,Veneto,4905854,28,1,71,2
2020-02-27,Italy,NA,Veneto,4905854,40,0,111,2
2020-02-28,Italy,NA,Veneto,4905854,40,0,151,2
2020-02-29,Italy,NA,Veneto,4905854,40,0,191,2
2020-03-01,Italy,NA,Veneto,4905854,72,0,263,2
2020-03-02,Italy,NA,Veneto,4905854,10,0,273,2
2020-03-03,Italy,NA,Veneto,4905854,34,1,307,3
2020-03-04,Italy,NA,Veneto,4905854,53,3,360,6
2020-03-05,Italy,NA,Veneto,4905854,47,4,407,10
2020-03-06,Italy,NA,Veneto,4905854,81,2,488,12
2020-03-07,Italy,NA,Veneto,4905854,55,1,543,13
2020-03-08,Italy,NA,Veneto,4905854,127,5,670,18
2020-03-09,Italy,NA,Veneto,4905854,74,2,744,20
2020-03-10,Italy,NA,Veneto,4905854,112,6,856,26
2020-03-11,Italy,NA,Veneto,4905854,167,3,1023,29
2020-03-12,Italy,NA,Veneto,4905854,361,3,1384,32
2020-03-13,Italy,NA,Veneto,4905854,211,10,1595,42
2020-03-14,Italy,NA,Veneto,4905854,342,13,1937,55
2020-03-15,Italy,NA,Veneto,4905854,235,8,2172,63
2020-03-16,Italy,NA,Veneto,4905854,301,6,2473,69
2020-03-17,Italy,NA,Veneto,4905854,231,11,2704,80
2020-03-18,Italy,NA,Veneto,4905854,510,14,3214,94
2020-03-19,Italy,NA,Veneto,4905854,270,21,3484,115
2020-03-20,Italy,NA,Veneto,4905854,547,16,4031,131
2020-03-21,Italy,NA,Veneto,4905854,586,15,4617,146
2020-03-22,Italy,NA,Veneto,4905854,505,23,5122,169
2020-03-23,Italy,NA,Veneto,4905854,383,23,5505,192
2020-03-24,Italy,NA,Veneto,4905854,443,24,5948,216
2020-03-25,Italy,NA,Veneto,4905854,494,42,6442,258
2020-03-26,Italy,NA,Veneto,4905854,493,29,6935,287
2020-03-27,Italy,NA,Veneto,4905854,562,26,7497,313
2020-03-28,Italy,NA,Veneto,4905854,433,49,7930,362
2020-03-29,Italy,NA,Veneto,4905854,428,30,8358,392
2020-03-30,Italy,NA,Veneto,4905854,366,21,8724,413
2020-03-31,Italy,NA,Veneto,4905854,431,64,9155,477
2020-04-01,Italy,NA,Veneto,4905854,470,22,9625,499
2020-04-02,Italy,NA,Veneto,4905854,486,33,10111,532
2020-04-03,Italy,NA,Veneto,4905854,353,40,10464,572
2020-04-04,Italy,NA,Veneto,4905854,360,35,10824,607
2020-04-05,Italy,NA,Veneto,4905854,402,24,11226,631
2020-04-06,Italy,NA,Veneto,4905854,362,31,11588,662
2020-04-07,Italy,NA,Veneto,4905854,337,33,11925,695
2020-04-08,Italy,NA,Veneto,4905854,485,41,12410,736
2020-04-09,Italy,NA,Veneto,4905854,523,20,12933,756
2020-04-10,Italy,NA,Veneto,4905854,488,37,13421,793
2020-04-11,Italy,NA,Veneto,4905854,347,38,13768,831
2020-04-12,Italy,NA,Veneto,4905854,309,25,14077,856
2020-04-13,Italy,NA,Veneto,4905854,174,26,14251,882
2020-04-14,Italy,NA,Veneto,4905854,181,24,14432,906
2020-04-15,Italy,NA,Veneto,4905854,192,34,14624,940
2020-04-16,Italy,NA,Veneto,4905854,366,41,14990,981
2020-04-17,Italy,NA,Veneto,4905854,384,45,15374,1026
2020-04-18,Italy,NA,Veneto,4905854,318,33,15692,1059
2020-04-19,Italy,NA,Veneto,4905854,243,28,15935,1087
2020-04-20,Italy,NA,Veneto,4905854,192,25,16127,1112
2020-04-21,Italy,NA,Veneto,4905854,277,42,16404,1154
2020-04-22,Italy,NA,Veneto,4905854,334,27,16738,1181
2020-04-23,Italy,NA,Veneto,4905854,143,25,16881,1206
2020-04-24,Italy,NA,Veneto,4905854,348,38,17229,1244
2020-04-25,Italy,NA,Veneto,4905854,162,44,17391,1288
2020-04-26,Italy,NA,Veneto,4905854,80,27,17471,1315
2020-04-27,Italy,NA,Veneto,4905854,108,29,17579,1344
2020-04-28,Italy,NA,Veneto,4905854,129,64,17708,1408
2020-04-29,Italy,NA,Veneto,4905854,117,29,17825,1437
2020-04-30,Italy,NA,Veneto,4905854,135,22,17960,1459
2020-05-01,Italy,NA,Veneto,4905854,138,20,18098,1479
2020-05-02,Italy,NA,Veneto,4905854,126,23,18224,1502
2020-05-03,Italy,NA,Veneto,4905854,94,14,18318,1516
2020-05-04,Italy,NA,Veneto,4905854,55,12,18373,1528
2020-05-05,Italy,NA,Veneto,4905854,29,17,18402,1545
2020-05-06,Italy,NA,Veneto,4905854,77,23,18479,1568
2020-05-07,Italy,NA,Veneto,4905854,74,21,18553,1589
2020-05-08,Italy,NA,Veneto,4905854,65,38,18618,1627
2020-05-09,Italy,NA,Veneto,4905854,53,16,18671,1643
2020-05-10,Italy,NA,Veneto,4905854,51,14,18722,1657
2020-05-11,Italy,NA,Veneto,4905854,19,9,18741,1666
2020-05-12,Italy,NA,Veneto,4905854,41,20,18782,1686
2020-05-13,Italy,NA,Veneto,4905854,31,26,18813,1712
2020-05-14,Italy,NA,Veneto,4905854,32,31,18845,1743
2020-05-15,Italy,NA,Veneto,4905854,44,19,18889,1762
2020-05-16,Italy,NA,Veneto,4905854,39,21,18928,1783
2020-05-17,Italy,NA,Veneto,4905854,13,11,18941,1794
2020-05-18,Italy,NA,Veneto,4905854,9,9,18950,1803
2020-05-19,Italy,NA,Veneto,4905854,47,17,18997,1820
2020-05-20,Italy,NA,Veneto,4905854,33,12,19030,1832
2020-05-21,Italy,NA,Veneto,4905854,8,9,19038,1841
2020-05-22,Italy,NA,Veneto,4905854,21,13,19059,1854
2020-05-23,Italy,NA,Veneto,4905854,10,11,19069,1865
2020-05-24,Italy,NA,Veneto,4905854,17,4,19086,1869
2020-05-25,Italy,NA,Veneto,4905854,11,9,19097,1878
2020-05-26,Italy,NA,Veneto,4905854,8,8,19105,1886
2020-05-27,Italy,NA,Veneto,4905854,8,9,19113,1895
2020-05-28,Italy,NA,Veneto,4905854,12,3,19125,1898
2020-05-29,Italy,NA,Veneto,4905854,9,8,19134,1906
2020-05-30,Italy,NA,Veneto,4905854,12,10,19146,1916
2020-05-31,Italy,NA,Veneto,4905854,6,2,19152,1918
2020-06-01,Italy,NA,Veneto,4905854,2,0,19154,1918
2020-06-02,Italy,NA,Veneto,4905854,8,3,19162,1921
2020-06-03,Italy,NA,Veneto,4905854,2,0,19164,1921
2020-06-04,Italy,NA,Veneto,4905854,4,13,19168,1934
2020-06-05,Italy,NA,Veneto,4905854,6,4,19174,1938
2020-06-06,Italy,NA,Veneto,4905854,8,11,19182,1949
2020-06-07,Italy,NA,Veneto,4905854,1,5,19183,1954
2020-06-08,Italy,NA,Veneto,4905854,4,1,19187,1955
2020-06-09,Italy,NA,Veneto,4905854,4,6,19191,1961
2020-06-10,Italy,NA,Veneto,4905854,3,0,19194,1961
2020-06-11,Italy,NA,Veneto,4905854,5,3,19199,1964
2020-06-12,Italy,NA,Veneto,4905854,0,3,19199,1967
2020-06-13,Italy,NA,Veneto,4905854,13,10,19212,1977
2020-06-14,Italy,NA,Veneto,4905854,7,1,19219,1978
2020-06-15,Italy,NA,Veneto,4905854,1,0,19220,1978
2020-06-16,Italy,NA,Veneto,4905854,1,4,19221,1982
2020-06-17,Italy,NA,Veneto,4905854,4,5,19225,1987
2020-06-18,Italy,NA,Veneto,4905854,8,7,19233,1994
2020-06-19,Italy,NA,Veneto,4905854,2,4,19235,1998
2020-06-20,Italy,NA,Veneto,4905854,3,4,19238,2002
2020-06-21,Italy,NA,Veneto,4905854,7,0,19245,2002
2020-06-22,Italy,NA,Veneto,4905854,2,1,19247,2003
2020-06-23,Italy,NA,Veneto,4905854,3,1,19250,2004
2020-06-24,Italy,NA,Veneto,4905854,3,0,19253,2004
2020-06-25,Italy,NA,Veneto,4905854,4,2,19257,2006
2020-06-26,Italy,NA,Veneto,4905854,5,1,19262,2007
2020-06-27,Italy,NA,Veneto,4905854,2,0,19264,2007
2020-06-28,Italy,NA,Veneto,4905854,11,1,19275,2008
2020-06-29,Italy,NA,Veneto,4905854,3,0,19278,2008
2020-06-30,Italy,NA,Veneto,4905854,8,4,19286,2012
2020-07-01,Italy,NA,Veneto,4905854,3,10,19289,2022
2020-07-02,Italy,NA,Veneto,4905854,20,0,19309,2022
2020-07-03,Italy,NA,Veneto,4905854,5,1,19314,2023
2020-07-04,Italy,NA,Veneto,4905854,4,0,19318,2023
2020-07-05,Italy,NA,Veneto,4905854,8,0,19326,2023
2020-07-06,Italy,NA,Veneto,4905854,1,1,19327,2024
2020-07-07,Italy,NA,Veneto,4905854,14,10,19341,2034
2020-07-08,Italy,NA,Veneto,4905854,7,0,19348,2034
2020-07-09,Italy,NA,Veneto,4905854,10,3,19358,2037
2020-07-10,Italy,NA,Veneto,4905854,11,2,19369,2039
2020-07-11,Italy,NA,Veneto,4905854,10,0,19379,2039
2020-07-12,Italy,NA,Veneto,4905854,16,0,19395,2039
2020-07-13,Italy,NA,Veneto,4905854,6,0,19401,2039
2020-07-14,Italy,NA,Veneto,4905854,19,2,19420,2041
2020-07-15,Italy,NA,Veneto,4905854,21,2,19441,2043
2020-07-16,Italy,NA,Veneto,4905854,29,4,19470,2047
2020-07-17,Italy,NA,Veneto,4905854,55,0,19525,2047
2020-07-18,Italy,NA,Veneto,4905854,34,2,19559,2049
2020-07-19,Italy,NA,Veneto,4905854,48,1,19607,2050
2020-07-20,Italy,NA,Veneto,4905854,42,0,19649,2050
2020-07-21,Italy,NA,Veneto,4905854,22,3,19671,2053
2020-07-22,Italy,NA,Veneto,4905854,36,4,19707,2057
2020-07-23,Italy,NA,Veneto,4905854,22,5,19729,2062
2020-07-24,Italy,NA,Veneto,4905854,30,1,19759,2063
2020-07-25,Italy,NA,Veneto,4905854,31,1,19790,2064
2020-07-26,Italy,NA,Veneto,4905854,19,0,19809,2064
2020-07-27,Italy,NA,Veneto,4905854,16,0,19825,2064
2020-07-28,Italy,NA,Veneto,4905854,24,5,19849,2069
2020-07-29,Italy,NA,Veneto,4905854,42,4,19891,2073
2020-07-30,Italy,NA,Veneto,4905854,112,0,20003,2073
2020-07-31,Italy,NA,Veneto,4905854,117,1,20120,2074
2020-08-01,Italy,NA,Veneto,4905854,46,1,20166,2075
2020-08-02,Italy,NA,Veneto,4905854,45,0,20211,2075
2020-08-03,Italy,NA,Veneto,4905854,22,1,20233,2076
2020-08-04,Italy,NA,Veneto,4905854,20,1,20253,2077
2020-08-05,Italy,NA,Veneto,4905854,41,0,20294,2077
2020-08-06,Italy,NA,Veneto,4905854,58,0,20352,2077
2020-08-07,Italy,NA,Veneto,4905854,183,1,20535,2078
2020-08-08,Italy,NA,Veneto,4905854,63,5,20598,2083
2020-08-09,Italy,NA,Veneto,4905854,58,0,20656,2083
2020-08-10,Italy,NA,Veneto,4905854,20,0,20676,2083
2020-08-11,Italy,NA,Veneto,4905854,65,2,20741,2085
2020-08-12,Italy,NA,Veneto,4905854,60,7,20801,2092
2020-08-13,Italy,NA,Veneto,4905854,84,2,20885,2094
2020-08-14,Italy,NA,Veneto,4905854,127,1,21012,2095
2020-08-15,Italy,NA,Veneto,4905854,120,1,21132,2096
2020-08-16,Italy,NA,Veneto,4905854,78,0,21210,2096
2020-08-17,Italy,NA,Veneto,4905854,46,0,21256,2096
2020-08-18,Italy,NA,Veneto,4905854,60,2,21316,2098
2020-08-19,Italy,NA,Veneto,4905854,59,1,21375,2099
2020-08-20,Italy,NA,Veneto,4905854,159,1,21534,2100
2020-08-21,Italy,NA,Veneto,4905854,116,2,21650,2102
2020-08-22,Italy,NA,Veneto,4905854,160,2,21810,2104
2020-08-23,Italy,NA,Veneto,4905854,145,0,21955,2104
2020-08-24,Italy,NA,Veneto,4905854,116,0,22071,2104
2020-08-25,Italy,NA,Veneto,4905854,119,3,22190,2107
2020-08-26,Italy,NA,Veneto,4905854,147,9,22337,2116
2020-08-27,Italy,NA,Veneto,4905854,132,1,22469,2117
2020-08-28,Italy,NA,Veneto,4905854,135,2,22604,2119
2020-08-29,Italy,NA,Veneto,4905854,151,1,22755,2120
2020-08-30,Italy,NA,Veneto,4905854,109,0,22864,2120
2020-08-31,Italy,NA,Veneto,4905854,65,0,22929,2120
2020-09-01,Italy,NA,Veneto,4905854,97,2,23026,2122
2020-09-02,Italy,NA,Veneto,4905854,163,1,23189,2123
2020-09-03,Italy,NA,Veneto,4905854,115,0,23304,2123
2020-09-04,Italy,NA,Veneto,4905854,273,3,23577,2126
2020-09-05,Italy,NA,Veneto,4905854,188,4,23765,2130
2020-09-06,Italy,NA,Veneto,4905854,179,0,23944,2130
2020-09-07,Italy,NA,Veneto,4905854,69,0,24013,2130
2020-09-08,Italy,NA,Veneto,4905854,105,2,24118,2132
2020-09-09,Italy,NA,Veneto,4905854,91,3,24209,2135
2020-09-10,Italy,NA,Veneto,4905854,147,0,24356,2135
2020-09-11,Italy,NA,Veneto,4905854,173,3,24529,2138
2020-09-12,Italy,NA,Veneto,4905854,138,3,24667,2141
2020-09-13,Italy,NA,Veneto,4905854,142,1,24809,2142
2020-09-14,Italy,NA,Veneto,4905854,55,2,24864,2144
2020-09-15,Italy,NA,Veneto,4905854,115,2,24979,2146
2020-02-21,Japan,NA,Aichi,7549594,2,0,11,0
2020-02-22,Japan,NA,Aichi,7549594,4,0,15,0
2020-02-23,Japan,NA,Aichi,7549594,2,0,17,0
2020-02-24,Japan,NA,Aichi,7549594,0,0,17,0
2020-02-25,Japan,NA,Aichi,7549594,3,0,20,0
2020-02-26,Japan,NA,Aichi,7549594,5,0,25,0
2020-02-27,Japan,NA,Aichi,7549594,2,0,27,0
2020-02-28,Japan,NA,Aichi,7549594,1,0,28,0
2020-02-29,Japan,NA,Aichi,7549594,1,0,29,0
2020-03-01,Japan,NA,Aichi,7549594,3,0,32,0
2020-03-02,Japan,NA,Aichi,7549594,0,0,32,0
2020-03-03,Japan,NA,Aichi,7549594,9,0,41,0
2020-03-04,Japan,NA,Aichi,7549594,8,0,49,0
2020-03-05,Japan,NA,Aichi,7549594,8,0,57,0
2020-03-06,Japan,NA,Aichi,7549594,5,0,62,0
2020-03-07,Japan,NA,Aichi,7549594,7,0,69,0
2020-03-08,Japan,NA,Aichi,7549594,11,1,80,1
2020-03-09,Japan,NA,Aichi,7549594,6,0,86,1
2020-03-10,Japan,NA,Aichi,7549594,13,2,99,3
2020-03-11,Japan,NA,Aichi,7549594,5,2,104,5
2020-03-12,Japan,NA,Aichi,7549594,7,3,111,8
2020-03-13,Japan,NA,Aichi,7549594,3,2,114,10
2020-03-14,Japan,NA,Aichi,7549594,7,1,121,11
2020-03-15,Japan,NA,Aichi,7549594,0,1,121,12
2020-03-16,Japan,NA,Aichi,7549594,2,2,123,14
2020-03-17,Japan,NA,Aichi,7549594,2,0,125,14
2020-03-18,Japan,NA,Aichi,7549594,5,1,130,15
2020-03-19,Japan,NA,Aichi,7549594,4,0,134,15
2020-03-20,Japan,NA,Aichi,7549594,5,1,139,16
2020-03-21,Japan,NA,Aichi,7549594,2,0,141,16
2020-03-22,Japan,NA,Aichi,7549594,2,0,143,16
2020-03-23,Japan,NA,Aichi,7549594,2,1,145,17
2020-03-24,Japan,NA,Aichi,7549594,3,0,148,17
2020-03-25,Japan,NA,Aichi,7549594,6,1,154,18
2020-03-26,Japan,NA,Aichi,7549594,3,1,157,19
2020-03-27,Japan,NA,Aichi,7549594,3,0,160,19
2020-03-28,Japan,NA,Aichi,7549594,4,0,164,19
2020-03-29,Japan,NA,Aichi,7549594,3,0,167,19
2020-03-30,Japan,NA,Aichi,7549594,3,0,170,19
2020-03-31,Japan,NA,Aichi,7549594,8,0,178,19
2020-04-01,Japan,NA,Aichi,7549594,5,0,183,19
2020-04-02,Japan,NA,Aichi,7549594,6,0,189,19
2020-04-03,Japan,NA,Aichi,7549594,12,0,201,19
2020-04-04,Japan,NA,Aichi,7549594,19,0,220,19
2020-04-05,Japan,NA,Aichi,7549594,7,1,227,20
2020-04-06,Japan,NA,Aichi,7549594,11,1,238,21
2020-04-07,Japan,NA,Aichi,7549594,21,0,259,21
2020-04-08,Japan,NA,Aichi,7549594,20,0,279,21
2020-04-09,Japan,NA,Aichi,7549594,21,0,300,21
2020-04-10,Japan,NA,Aichi,7549594,14,1,314,22
2020-04-11,Japan,NA,Aichi,7549594,10,1,324,23
2020-04-12,Japan,NA,Aichi,7549594,2,1,326,24
2020-04-13,Japan,NA,Aichi,7549594,9,0,335,24
2020-04-14,Japan,NA,Aichi,7549594,10,0,345,24
2020-04-15,Japan,NA,Aichi,7549594,11,0,356,24
2020-04-16,Japan,NA,Aichi,7549594,14,0,370,24
2020-04-17,Japan,NA,Aichi,7549594,10,0,380,24
2020-04-18,Japan,NA,Aichi,7549594,15,1,395,25
2020-04-19,Japan,NA,Aichi,7549594,10,0,405,25
2020-04-20,Japan,NA,Aichi,7549594,5,2,410,27
2020-04-21,Japan,NA,Aichi,7549594,16,2,426,29
2020-04-22,Japan,NA,Aichi,7549594,19,0,445,29
2020-04-23,Japan,NA,Aichi,7549594,12,0,457,29
2020-04-24,Japan,NA,Aichi,7549594,14,1,471,30
2020-04-25,Japan,NA,Aichi,7549594,1,1,472,31
2020-04-26,Japan,NA,Aichi,7549594,1,0,473,31
2020-04-27,Japan,NA,Aichi,7549594,0,0,473,31
2020-04-28,Japan,NA,Aichi,7549594,5,0,478,31
2020-04-29,Japan,NA,Aichi,7549594,4,1,482,32
2020-04-30,Japan,NA,Aichi,7549594,1,1,483,33
2020-05-01,Japan,NA,Aichi,7549594,3,0,486,33
2020-05-02,Japan,NA,Aichi,7549594,0,1,486,34
2020-05-03,Japan,NA,Aichi,7549594,1,0,487,34
2020-05-04,Japan,NA,Aichi,7549594,3,0,490,34
2020-05-05,Japan,NA,Aichi,7549594,3,0,493,34
2020-05-06,Japan,NA,Aichi,7549594,0,0,493,34
2020-05-07,Japan,NA,Aichi,7549594,0,0,493,34
2020-05-08,Japan,NA,Aichi,7549594,0,0,493,34
2020-05-09,Japan,NA,Aichi,7549594,3,0,496,34
2020-05-10,Japan,NA,Aichi,7549594,0,0,496,34
2020-05-11,Japan,NA,Aichi,7549594,1,0,497,34
2020-05-12,Japan,NA,Aichi,7549594,1,0,498,34
2020-05-13,Japan,NA,Aichi,7549594,1,0,499,34
2020-05-14,Japan,NA,Aichi,7549594,1,0,500,34
2020-05-15,Japan,NA,Aichi,7549594,1,0,501,34
2020-05-16,Japan,NA,Aichi,7549594,2,0,503,34
2020-05-17,Japan,NA,Aichi,7549594,0,0,503,34
2020-05-18,Japan,NA,Aichi,7549594,0,0,503,34
2020-05-19,Japan,NA,Aichi,7549594,0,0,503,34
2020-05-20,Japan,NA,Aichi,7549594,0,0,503,34
2020-05-21,Japan,NA,Aichi,7549594,0,0,503,34
2020-05-22,Japan,NA,Aichi,7549594,0,0,503,34
2020-05-23,Japan,NA,Aichi,7549594,1,0,504,34
2020-05-24,Japan,NA,Aichi,7549594,0,0,504,34
2020-05-25,Japan,NA,Aichi,7549594,0,0,504,34
2020-05-26,Japan,NA,Aichi,7549594,0,0,504,34
2020-05-27,Japan,NA,Aichi,7549594,0,0,504,34
2020-05-28,Japan,NA,Aichi,7549594,0,0,504,34
2020-05-29,Japan,NA,Aichi,7549594,0,0,504,34
2020-05-30,Japan,NA,Aichi,7549594,1,0,505,34
2020-05-31,Japan,NA,Aichi,7549594,0,0,505,34
2020-06-01,Japan,NA,Aichi,7549594,0,0,505,34
2020-06-02,Japan,NA,Aichi,7549594,1,0,506,34
2020-06-03,Japan,NA,Aichi,7549594,0,0,506,34
2020-06-04,Japan,NA,Aichi,7549594,0,0,506,34
2020-06-05,Japan,NA,Aichi,7549594,1,0,507,34
2020-06-06,Japan,NA,Aichi,7549594,0,0,507,34
2020-06-07,Japan,NA,Aichi,7549594,1,0,508,34
2020-06-08,Japan,NA,Aichi,7549594,0,0,508,34
2020-06-09,Japan,NA,Aichi,7549594,0,0,508,34
2020-06-10,Japan,NA,Aichi,7549594,2,0,510,34
2020-06-11,Japan,NA,Aichi,7549594,0,0,510,34
2020-06-12,Japan,NA,Aichi,7549594,2,0,512,34
2020-06-13,Japan,NA,Aichi,7549594,1,0,513,34
2020-06-14,Japan,NA,Aichi,7549594,0,0,513,34
2020-06-15,Japan,NA,Aichi,7549594,0,0,513,34
2020-06-16,Japan,NA,Aichi,7549594,1,0,514,34
2020-06-17,Japan,NA,Aichi,7549594,3,0,517,34
2020-06-18,Japan,NA,Aichi,7549594,0,0,517,34
2020-06-19,Japan,NA,Aichi,7549594,1,0,518,34
2020-06-20,Japan,NA,Aichi,7549594,1,0,519,34
2020-06-21,Japan,NA,Aichi,7549594,0,0,519,34
2020-06-22,Japan,NA,Aichi,7549594,0,0,519,34
2020-06-23,Japan,NA,Aichi,7549594,0,0,519,34
2020-06-24,Japan,NA,Aichi,7549594,0,0,519,34
2020-06-25,Japan,NA,Aichi,7549594,0,0,519,34
2020-06-26,Japan,NA,Aichi,7549594,0,0,519,34
2020-06-27,Japan,NA,Aichi,7549594,0,0,519,34
2020-06-28,Japan,NA,Aichi,7549594,0,0,519,34
2020-06-29,Japan,NA,Aichi,7549594,1,0,520,34
2020-06-30,Japan,NA,Aichi,7549594,1,0,521,34
2020-07-01,Japan,NA,Aichi,7549594,0,0,521,34
2020-07-02,Japan,NA,Aichi,7549594,0,0,521,34
2020-07-03,Japan,NA,Aichi,7549594,0,0,521,34
2020-07-04,Japan,NA,Aichi,7549594,0,0,521,34
2020-07-05,Japan,NA,Aichi,7549594,0,0,521,34
2020-07-06,Japan,NA,Aichi,7549594,2,0,523,34
2020-07-07,Japan,NA,Aichi,7549594,0,0,523,34
2020-07-08,Japan,NA,Aichi,7549594,2,0,525,34
2020-07-09,Japan,NA,Aichi,7549594,0,0,525,34
2020-07-10,Japan,NA,Aichi,7549594,0,0,525,34
2020-07-11,Japan,NA,Aichi,7549594,2,0,527,34
2020-07-12,Japan,NA,Aichi,7549594,0,0,527,34
2020-07-13,Japan,NA,Aichi,7549594,2,0,529,34
2020-07-14,Japan,NA,Aichi,7549594,5,0,534,34
2020-07-15,Japan,NA,Aichi,7549594,16,0,550,34
2020-07-16,Japan,NA,Aichi,7549594,21,0,571,34
2020-07-17,Japan,NA,Aichi,7549594,19,0,590,34
2020-07-18,Japan,NA,Aichi,7549594,25,0,615,34
2020-07-19,Japan,NA,Aichi,7549594,21,0,636,34
2020-07-20,Japan,NA,Aichi,7549594,21,0,657,34
2020-07-21,Japan,NA,Aichi,7549594,53,0,710,34
2020-07-22,Japan,NA,Aichi,7549594,64,1,774,35
2020-07-23,Japan,NA,Aichi,7549594,97,0,871,35
2020-07-24,Japan,NA,Aichi,7549594,63,0,934,35
2020-07-25,Japan,NA,Aichi,7549594,78,0,1012,35
2020-07-26,Japan,NA,Aichi,7549594,80,0,1092,35
2020-07-27,Japan,NA,Aichi,7549594,76,0,1168,35
2020-07-28,Japan,NA,Aichi,7549594,110,0,1278,35
2020-07-29,Japan,NA,Aichi,7549594,167,0,1445,35
2020-07-30,Japan,NA,Aichi,7549594,160,0,1605,35
2020-07-31,Japan,NA,Aichi,7549594,193,0,1798,35
2020-08-01,Japan,NA,Aichi,7549594,181,0,1979,35
2020-08-02,Japan,NA,Aichi,7549594,160,0,2139,35
2020-08-03,Japan,NA,Aichi,7549594,125,0,2264,35
2020-08-04,Japan,NA,Aichi,7549594,120,0,2384,35
2020-08-05,Japan,NA,Aichi,7549594,147,2,2531,37
2020-08-06,Japan,NA,Aichi,7549594,140,0,2671,37
2020-08-07,Japan,NA,Aichi,7549594,158,0,2829,37
2020-08-08,Japan,NA,Aichi,7549594,177,0,3006,37
2020-08-09,Japan,NA,Aichi,7549594,129,0,3135,37
2020-08-10,Japan,NA,Aichi,7549594,101,0,3236,37
2020-08-11,Japan,NA,Aichi,7549594,67,0,3303,37
2020-08-12,Japan,NA,Aichi,7549594,86,1,3389,38
2020-08-13,Japan,NA,Aichi,7549594,109,1,3498,39
2020-08-14,Japan,NA,Aichi,7549594,88,0,3586,39
2020-08-15,Japan,NA,Aichi,7549594,72,4,3658,43
2020-08-16,Japan,NA,Aichi,7549594,83,1,3741,44
2020-08-17,Japan,NA,Aichi,7549594,43,1,3784,45
2020-08-18,Japan,NA,Aichi,7549594,57,1,3841,46
2020-08-19,Japan,NA,Aichi,7549594,57,2,3898,48
2020-08-20,Japan,NA,Aichi,7549594,82,1,3980,49
2020-08-21,Japan,NA,Aichi,7549594,90,3,4070,52
2020-08-22,Japan,NA,Aichi,7549594,69,2,4139,54
2020-08-23,Japan,NA,Aichi,7549594,50,3,4189,57
2020-08-24,Japan,NA,Aichi,7549594,43,0,4232,57
2020-08-25,Japan,NA,Aichi,7549594,43,1,4275,58
2020-08-26,Japan,NA,Aichi,7549594,50,0,4325,58
2020-08-27,Japan,NA,Aichi,7549594,39,2,4364,60
2020-08-28,Japan,NA,Aichi,7549594,50,1,4414,61
2020-08-29,Japan,NA,Aichi,7549594,45,3,4459,64
2020-08-30,Japan,NA,Aichi,7549594,36,1,4495,65
2020-08-31,Japan,NA,Aichi,7549594,42,0,4537,65
2020-09-01,Japan,NA,Aichi,7549594,24,3,4561,68
2020-09-02,Japan,NA,Aichi,7549594,27,3,4588,71
2020-09-03,Japan,NA,Aichi,7549594,18,1,4606,72
2020-09-04,Japan,NA,Aichi,7549594,33,1,4639,73
2020-09-05,Japan,NA,Aichi,7549594,34,0,4673,73
2020-09-06,Japan,NA,Aichi,7549594,27,1,4700,74
2020-09-07,Japan,NA,Aichi,7549594,21,0,4721,74
2020-09-08,Japan,NA,Aichi,7549594,11,0,4732,74
2020-09-09,Japan,NA,Aichi,7549594,21,0,4753,74
2020-09-10,Japan,NA,Aichi,7549594,36,0,4789,74
2020-09-11,Japan,NA,Aichi,7549594,48,1,4837,75
2020-09-12,Japan,NA,Aichi,7549594,29,0,4866,75
2020-09-13,Japan,NA,Aichi,7549594,33,1,4899,76
2020-09-14,Japan,NA,Aichi,7549594,23,0,4922,76
2020-09-15,Japan,NA,Aichi,7549594,21,1,4943,77
2020-02-26,Japan,NA,Chiba,6279026,3,0,13,0
2020-02-27,Japan,NA,Chiba,6279026,0,0,13,0
2020-02-28,Japan,NA,Chiba,6279026,0,0,13,0
2020-02-29,Japan,NA,Chiba,6279026,0,0,13,0
2020-03-01,Japan,NA,Chiba,6279026,1,0,14,0
2020-03-02,Japan,NA,Chiba,6279026,0,0,14,0
2020-03-03,Japan,NA,Chiba,6279026,0,0,14,0
2020-03-04,Japan,NA,Chiba,6279026,1,0,15,0
2020-03-05,Japan,NA,Chiba,6279026,0,0,15,0
2020-03-06,Japan,NA,Chiba,6279026,2,0,17,0
2020-03-07,Japan,NA,Chiba,6279026,4,0,21,0
2020-03-08,Japan,NA,Chiba,6279026,0,0,21,0
2020-03-09,Japan,NA,Chiba,6279026,1,0,22,0
2020-03-10,Japan,NA,Chiba,6279026,1,0,23,0
2020-03-11,Japan,NA,Chiba,6279026,2,0,25,0
2020-03-12,Japan,NA,Chiba,6279026,2,0,27,0
2020-03-13,Japan,NA,Chiba,6279026,2,0,29,0
2020-03-14,Japan,NA,Chiba,6279026,2,0,31,0
2020-03-15,Japan,NA,Chiba,6279026,0,0,31,0
2020-03-16,Japan,NA,Chiba,6279026,0,0,31,0
2020-03-17,Japan,NA,Chiba,6279026,0,0,31,0
2020-03-18,Japan,NA,Chiba,6279026,2,0,33,0
2020-03-19,Japan,NA,Chiba,6279026,3,0,36,0
2020-03-20,Japan,NA,Chiba,6279026,5,0,41,0
2020-03-21,Japan,NA,Chiba,6279026,1,0,42,0
2020-03-22,Japan,NA,Chiba,6279026,2,0,44,0
2020-03-23,Japan,NA,Chiba,6279026,3,0,47,0
2020-03-24,Japan,NA,Chiba,6279026,1,0,48,0
2020-03-25,Japan,NA,Chiba,6279026,5,0,53,0
2020-03-26,Japan,NA,Chiba,6279026,3,0,56,0
2020-03-27,Japan,NA,Chiba,6279026,7,0,63,0
2020-03-28,Japan,NA,Chiba,6279026,62,1,125,1
2020-03-29,Japan,NA,Chiba,6279026,33,0,158,1
2020-03-30,Japan,NA,Chiba,6279026,0,0,158,1
2020-03-31,Japan,NA,Chiba,6279026,13,0,171,1
2020-04-01,Japan,NA,Chiba,6279026,14,0,185,1
2020-04-02,Japan,NA,Chiba,6279026,5,0,190,1
2020-04-03,Japan,NA,Chiba,6279026,20,0,210,1
2020-04-04,Japan,NA,Chiba,6279026,26,0,236,1
2020-04-05,Japan,NA,Chiba,6279026,26,0,262,1
2020-04-06,Japan,NA,Chiba,6279026,18,0,280,1
2020-04-07,Japan,NA,Chiba,6279026,13,0,293,1
2020-04-08,Japan,NA,Chiba,6279026,34,0,327,1
2020-04-09,Japan,NA,Chiba,6279026,30,0,357,1
2020-04-10,Japan,NA,Chiba,6279026,33,1,390,2
2020-04-11,Japan,NA,Chiba,6279026,36,2,426,4
2020-04-12,Japan,NA,Chiba,6279026,44,1,470,5
2020-04-13,Japan,NA,Chiba,6279026,19,0,489,5
2020-04-14,Japan,NA,Chiba,6279026,16,1,505,6
2020-04-15,Japan,NA,Chiba,6279026,35,1,540,7
2020-04-16,Japan,NA,Chiba,6279026,58,0,598,7
2020-04-17,Japan,NA,Chiba,6279026,35,1,633,8
2020-04-18,Japan,NA,Chiba,6279026,34,2,667,10
2020-04-19,Japan,NA,Chiba,6279026,18,1,685,11
2020-04-20,Japan,NA,Chiba,6279026,22,0,707,11
2020-04-21,Japan,NA,Chiba,6279026,21,2,728,13
2020-04-22,Japan,NA,Chiba,6279026,20,3,748,16
2020-04-23,Japan,NA,Chiba,6279026,24,2,772,18
2020-04-24,Japan,NA,Chiba,6279026,18,3,790,21
2020-04-25,Japan,NA,Chiba,6279026,8,1,798,22
2020-04-26,Japan,NA,Chiba,6279026,8,4,806,26
2020-04-27,Japan,NA,Chiba,6279026,7,3,813,29
2020-04-28,Japan,NA,Chiba,6279026,8,2,821,31
2020-04-29,Japan,NA,Chiba,6279026,4,0,825,31
2020-04-30,Japan,NA,Chiba,6279026,9,1,834,32
2020-05-01,Japan,NA,Chiba,6279026,6,2,840,34
2020-05-02,Japan,NA,Chiba,6279026,6,0,846,34
2020-05-03,Japan,NA,Chiba,6279026,5,0,851,34
2020-05-04,Japan,NA,Chiba,6279026,5,0,856,34
2020-05-05,Japan,NA,Chiba,6279026,1,2,857,36
2020-05-06,Japan,NA,Chiba,6279026,2,1,859,37
2020-05-07,Japan,NA,Chiba,6279026,5,1,864,38
2020-05-08,Japan,NA,Chiba,6279026,3,0,867,38
2020-05-09,Japan,NA,Chiba,6279026,3,1,870,39
2020-05-10,Japan,NA,Chiba,6279026,0,1,870,40
2020-05-11,Japan,NA,Chiba,6279026,3,0,873,40
2020-05-12,Japan,NA,Chiba,6279026,3,0,876,40
2020-05-13,Japan,NA,Chiba,6279026,2,0,878,40
2020-05-14,Japan,NA,Chiba,6279026,0,0,878,40
2020-05-15,Japan,NA,Chiba,6279026,2,2,880,42
2020-05-16,Japan,NA,Chiba,6279026,8,0,888,42
2020-05-17,Japan,NA,Chiba,6279026,0,0,888,42
2020-05-18,Japan,NA,Chiba,6279026,2,0,890,42
2020-05-19,Japan,NA,Chiba,6279026,0,0,890,42
2020-05-20,Japan,NA,Chiba,6279026,1,0,891,42
2020-05-21,Japan,NA,Chiba,6279026,3,2,894,44
2020-05-22,Japan,NA,Chiba,6279026,0,0,894,44
2020-05-23,Japan,NA,Chiba,6279026,0,0,894,44
2020-05-24,Japan,NA,Chiba,6279026,0,0,894,44
2020-05-25,Japan,NA,Chiba,6279026,0,0,894,44
2020-05-26,Japan,NA,Chiba,6279026,0,0,894,44
2020-05-27,Japan,NA,Chiba,6279026,1,0,895,44
2020-05-28,Japan,NA,Chiba,6279026,1,1,896,45
2020-05-29,Japan,NA,Chiba,6279026,0,0,896,45
2020-05-30,Japan,NA,Chiba,6279026,1,0,897,45
2020-05-31,Japan,NA,Chiba,6279026,1,0,898,45
2020-06-01,Japan,NA,Chiba,6279026,0,0,898,45
2020-06-02,Japan,NA,Chiba,6279026,1,0,899,45
2020-06-03,Japan,NA,Chiba,6279026,1,0,900,45
2020-06-04,Japan,NA,Chiba,6279026,0,0,900,45
2020-06-05,Japan,NA,Chiba,6279026,1,0,901,45
2020-06-06,Japan,NA,Chiba,6279026,0,0,901,45
2020-06-07,Japan,NA,Chiba,6279026,3,0,904,45
2020-06-08,Japan,NA,Chiba,6279026,0,0,904,45
2020-06-09,Japan,NA,Chiba,6279026,3,0,907,45
2020-06-10,Japan,NA,Chiba,6279026,2,0,909,45
2020-06-11,Japan,NA,Chiba,6279026,3,0,912,45
2020-06-12,Japan,NA,Chiba,6279026,3,0,915,45
2020-06-13,Japan,NA,Chiba,6279026,1,0,916,45
2020-06-14,Japan,NA,Chiba,6279026,0,0,916,45
2020-06-15,Japan,NA,Chiba,6279026,0,0,916,45
2020-06-16,Japan,NA,Chiba,6279026,0,0,916,45
2020-06-17,Japan,NA,Chiba,6279026,1,0,917,45
2020-06-18,Japan,NA,Chiba,6279026,2,0,919,45
2020-06-19,Japan,NA,Chiba,6279026,0,0,919,45
2020-06-20,Japan,NA,Chiba,6279026,2,0,921,45
2020-06-21,Japan,NA,Chiba,6279026,0,0,921,45
2020-06-22,Japan,NA,Chiba,6279026,2,0,923,45
2020-06-23,Japan,NA,Chiba,6279026,3,0,926,45
2020-06-24,Japan,NA,Chiba,6279026,4,0,930,45
2020-06-25,Japan,NA,Chiba,6279026,4,0,934,45
2020-06-26,Japan,NA,Chiba,6279026,4,0,938,45
2020-06-27,Japan,NA,Chiba,6279026,5,0,943,45
2020-06-28,Japan,NA,Chiba,6279026,3,0,946,45
2020-06-29,Japan,NA,Chiba,6279026,4,0,950,45
2020-06-30,Japan,NA,Chiba,6279026,7,0,957,45
2020-07-01,Japan,NA,Chiba,6279026,6,0,963,45
2020-07-02,Japan,NA,Chiba,6279026,11,0,974,45
2020-07-03,Japan,NA,Chiba,6279026,9,0,983,45
2020-07-04,Japan,NA,Chiba,6279026,15,0,998,45
2020-07-05,Japan,NA,Chiba,6279026,7,0,1005,45
2020-07-06,Japan,NA,Chiba,6279026,9,0,1014,45
2020-07-07,Japan,NA,Chiba,6279026,11,1,1025,46
2020-07-08,Japan,NA,Chiba,6279026,9,0,1034,46
2020-07-09,Japan,NA,Chiba,6279026,22,0,1056,46
2020-07-10,Japan,NA,Chiba,6279026,12,0,1068,46
2020-07-11,Japan,NA,Chiba,6279026,13,0,1081,46
2020-07-12,Japan,NA,Chiba,6279026,31,0,1112,46
2020-07-13,Japan,NA,Chiba,6279026,17,0,1129,46
2020-07-14,Japan,NA,Chiba,6279026,25,0,1154,46
2020-07-15,Japan,NA,Chiba,6279026,29,0,1183,46
2020-07-16,Japan,NA,Chiba,6279026,32,0,1215,46
2020-07-17,Japan,NA,Chiba,6279026,20,0,1235,46
2020-07-18,Japan,NA,Chiba,6279026,32,0,1267,46
2020-07-19,Japan,NA,Chiba,6279026,24,0,1291,46
2020-07-20,Japan,NA,Chiba,6279026,18,0,1309,46
2020-07-21,Japan,NA,Chiba,6279026,15,0,1324,46
2020-07-22,Japan,NA,Chiba,6279026,40,0,1364,46
2020-07-23,Japan,NA,Chiba,6279026,33,0,1397,46
2020-07-24,Japan,NA,Chiba,6279026,26,0,1423,46
2020-07-25,Japan,NA,Chiba,6279026,21,0,1444,46
2020-07-26,Japan,NA,Chiba,6279026,22,0,1466,46
2020-07-27,Japan,NA,Chiba,6279026,24,0,1490,46
2020-07-28,Japan,NA,Chiba,6279026,23,2,1513,48
2020-07-29,Japan,NA,Chiba,6279026,49,0,1562,48
2020-07-30,Japan,NA,Chiba,6279026,49,0,1611,48
2020-07-31,Japan,NA,Chiba,6279026,35,1,1646,49
2020-08-01,Japan,NA,Chiba,6279026,73,0,1719,49
2020-08-02,Japan,NA,Chiba,6279026,51,0,1770,49
2020-08-03,Japan,NA,Chiba,6279026,43,1,1813,50
2020-08-04,Japan,NA,Chiba,6279026,47,0,1860,50
2020-08-05,Japan,NA,Chiba,6279026,50,1,1910,51
2020-08-06,Japan,NA,Chiba,6279026,76,0,1986,51
2020-08-07,Japan,NA,Chiba,6279026,65,1,2051,52
2020-08-08,Japan,NA,Chiba,6279026,53,0,2104,52
2020-08-09,Japan,NA,Chiba,6279026,46,2,2150,54
2020-08-10,Japan,NA,Chiba,6279026,41,0,2191,54
2020-08-11,Japan,NA,Chiba,6279026,18,1,2209,55
2020-08-12,Japan,NA,Chiba,6279026,34,0,2243,55
2020-08-13,Japan,NA,Chiba,6279026,46,0,2289,55
2020-08-14,Japan,NA,Chiba,6279026,51,1,2340,56
2020-08-15,Japan,NA,Chiba,6279026,60,0,2400,56
2020-08-16,Japan,NA,Chiba,6279026,48,0,2448,56
2020-08-17,Japan,NA,Chiba,6279026,32,2,2480,58
2020-08-18,Japan,NA,Chiba,6279026,37,0,2517,58
2020-08-19,Japan,NA,Chiba,6279026,46,0,2563,58
2020-08-20,Japan,NA,Chiba,6279026,64,0,2627,58
2020-08-21,Japan,NA,Chiba,6279026,54,1,2681,59
2020-08-22,Japan,NA,Chiba,6279026,43,0,2724,59
2020-08-23,Japan,NA,Chiba,6279026,36,0,2760,59
2020-08-24,Japan,NA,Chiba,6279026,27,0,2787,59
2020-08-25,Japan,NA,Chiba,6279026,33,1,2820,60
2020-08-26,Japan,NA,Chiba,6279026,43,1,2863,61
2020-08-27,Japan,NA,Chiba,6279026,45,0,2908,61
2020-08-28,Japan,NA,Chiba,6279026,39,0,2947,61
2020-08-29,Japan,NA,Chiba,6279026,33,0,2980,61
2020-08-30,Japan,NA,Chiba,6279026,39,1,3019,62
2020-08-31,Japan,NA,Chiba,6279026,17,0,3036,62
2020-09-01,Japan,NA,Chiba,6279026,17,1,3053,63
2020-09-02,Japan,NA,Chiba,6279026,24,0,3077,63
2020-09-03,Japan,NA,Chiba,6279026,33,0,3110,63
2020-09-04,Japan,NA,Chiba,6279026,35,0,3145,63
2020-09-05,Japan,NA,Chiba,6279026,28,0,3173,63
2020-09-06,Japan,NA,Chiba,6279026,23,1,3196,64
2020-09-07,Japan,NA,Chiba,6279026,14,0,3210,64
2020-09-08,Japan,NA,Chiba,6279026,32,0,3242,64
2020-09-09,Japan,NA,Chiba,6279026,23,1,3265,65
2020-09-10,Japan,NA,Chiba,6279026,28,1,3293,66
2020-09-11,Japan,NA,Chiba,6279026,31,0,3324,66
2020-09-12,Japan,NA,Chiba,6279026,46,1,3370,67
2020-09-13,Japan,NA,Chiba,6279026,20,0,3390,67
2020-09-14,Japan,NA,Chiba,6279026,11,0,3401,67
2020-09-15,Japan,NA,Chiba,6279026,30,0,3431,67
2020-03-26,Japan,NA,Fukuoka,5110113,3,0,12,0
2020-03-27,Japan,NA,Fukuoka,5110113,4,0,16,0
2020-03-28,Japan,NA,Fukuoka,5110113,6,0,22,0
2020-03-29,Japan,NA,Fukuoka,5110113,4,0,26,0
2020-03-30,Japan,NA,Fukuoka,5110113,3,0,29,0
2020-03-31,Japan,NA,Fukuoka,5110113,17,0,46,0
2020-04-01,Japan,NA,Fukuoka,5110113,32,0,78,0
2020-04-02,Japan,NA,Fukuoka,5110113,22,0,100,0
2020-04-03,Japan,NA,Fukuoka,5110113,19,1,119,1
2020-04-04,Japan,NA,Fukuoka,5110113,27,0,146,1
2020-04-05,Japan,NA,Fukuoka,5110113,16,0,162,1
2020-04-06,Japan,NA,Fukuoka,5110113,14,0,176,1
2020-04-07,Japan,NA,Fukuoka,5110113,23,0,199,1
2020-04-08,Japan,NA,Fukuoka,5110113,25,0,224,1
2020-04-09,Japan,NA,Fukuoka,5110113,26,0,250,1
2020-04-10,Japan,NA,Fukuoka,5110113,39,0,289,1
2020-04-11,Japan,NA,Fukuoka,5110113,43,0,332,1
2020-04-12,Japan,NA,Fukuoka,5110113,30,0,362,1
2020-04-13,Japan,NA,Fukuoka,5110113,11,1,373,2
2020-04-14,Japan,NA,Fukuoka,5110113,32,2,405,4
2020-04-15,Japan,NA,Fukuoka,5110113,30,2,435,6
2020-04-16,Japan,NA,Fukuoka,5110113,26,2,461,8
2020-04-17,Japan,NA,Fukuoka,5110113,17,1,478,9
2020-04-18,Japan,NA,Fukuoka,5110113,24,1,502,10
2020-04-19,Japan,NA,Fukuoka,5110113,16,1,518,11
2020-04-20,Japan,NA,Fukuoka,5110113,2,1,520,12
2020-04-21,Japan,NA,Fukuoka,5110113,21,0,541,12
2020-04-22,Japan,NA,Fukuoka,5110113,21,1,562,13
2020-04-23,Japan,NA,Fukuoka,5110113,12,2,574,15
2020-04-24,Japan,NA,Fukuoka,5110113,12,0,586,15
2020-04-25,Japan,NA,Fukuoka,5110113,14,0,600,15
2020-04-26,Japan,NA,Fukuoka,5110113,11,1,611,16
2020-04-27,Japan,NA,Fukuoka,5110113,9,1,620,17
2020-04-28,Japan,NA,Fukuoka,5110113,4,0,624,17
2020-04-29,Japan,NA,Fukuoka,5110113,13,2,637,19
2020-04-30,Japan,NA,Fukuoka,5110113,3,1,640,20
2020-05-01,Japan,NA,Fukuoka,5110113,3,1,643,21
2020-05-02,Japan,NA,Fukuoka,5110113,3,1,646,22
2020-05-03,Japan,NA,Fukuoka,5110113,0,2,646,24
2020-05-04,Japan,NA,Fukuoka,5110113,1,0,647,24
2020-05-05,Japan,NA,Fukuoka,5110113,1,0,648,24
2020-05-06,Japan,NA,Fukuoka,5110113,1,0,649,24
2020-05-07,Japan,NA,Fukuoka,5110113,1,0,650,24
2020-05-08,Japan,NA,Fukuoka,5110113,0,0,650,24
2020-05-09,Japan,NA,Fukuoka,5110113,2,0,652,24
2020-05-10,Japan,NA,Fukuoka,5110113,1,0,653,24
2020-05-11,Japan,NA,Fukuoka,5110113,0,0,653,24
2020-05-12,Japan,NA,Fukuoka,5110113,1,0,654,24
2020-05-13,Japan,NA,Fukuoka,5110113,0,1,654,25
2020-05-14,Japan,NA,Fukuoka,5110113,1,0,655,25
2020-05-15,Japan,NA,Fukuoka,5110113,0,0,655,25
2020-05-16,Japan,NA,Fukuoka,5110113,0,0,655,25
2020-05-17,Japan,NA,Fukuoka,5110113,0,0,655,25
2020-05-18,Japan,NA,Fukuoka,5110113,0,0,655,25
2020-05-19,Japan,NA,Fukuoka,5110113,0,0,655,25
2020-05-20,Japan,NA,Fukuoka,5110113,0,0,655,25
2020-05-21,Japan,NA,Fukuoka,5110113,0,0,655,25
2020-05-22,Japan,NA,Fukuoka,5110113,0,0,655,25
2020-05-23,Japan,NA,Fukuoka,5110113,4,0,659,25
2020-05-24,Japan,NA,Fukuoka,5110113,3,1,662,26
2020-05-25,Japan,NA,Fukuoka,5110113,6,0,668,26
2020-05-26,Japan,NA,Fukuoka,5110113,2,0,670,26
2020-05-27,Japan,NA,Fukuoka,5110113,8,0,678,26
2020-05-28,Japan,NA,Fukuoka,5110113,21,1,699,27
2020-05-29,Japan,NA,Fukuoka,5110113,26,0,725,27
2020-05-30,Japan,NA,Fukuoka,5110113,16,0,741,27
2020-05-31,Japan,NA,Fukuoka,5110113,12,1,753,28
2020-06-01,Japan,NA,Fukuoka,5110113,16,1,769,29
2020-06-02,Japan,NA,Fukuoka,5110113,6,0,775,29
2020-06-03,Japan,NA,Fukuoka,5110113,6,0,781,29
2020-06-04,Japan,NA,Fukuoka,5110113,6,1,787,30
2020-06-05,Japan,NA,Fukuoka,5110113,5,0,792,30
2020-06-06,Japan,NA,Fukuoka,5110113,2,0,794,30
2020-06-07,Japan,NA,Fukuoka,5110113,3,0,797,30
2020-06-08,Japan,NA,Fukuoka,5110113,3,0,800,30
2020-06-09,Japan,NA,Fukuoka,5110113,3,0,803,30
2020-06-10,Japan,NA,Fukuoka,5110113,2,1,805,31
2020-06-11,Japan,NA,Fukuoka,5110113,2,0,807,31
2020-06-12,Japan,NA,Fukuoka,5110113,9,1,816,32
2020-06-13,Japan,NA,Fukuoka,5110113,1,0,817,32
2020-06-14,Japan,NA,Fukuoka,5110113,3,0,820,32
2020-06-15,Japan,NA,Fukuoka,5110113,1,0,821,32
2020-06-16,Japan,NA,Fukuoka,5110113,1,0,822,32
2020-06-17,Japan,NA,Fukuoka,5110113,3,0,825,32
2020-06-18,Japan,NA,Fukuoka,5110113,3,1,828,33
2020-06-19,Japan,NA,Fukuoka,5110113,4,0,832,33
2020-06-20,Japan,NA,Fukuoka,5110113,0,0,832,33
2020-06-21,Japan,NA,Fukuoka,5110113,0,0,832,33
2020-06-22,Japan,NA,Fukuoka,5110113,0,0,832,33
2020-06-23,Japan,NA,Fukuoka,5110113,3,0,835,33
2020-06-24,Japan,NA,Fukuoka,5110113,1,0,836,33
2020-06-25,Japan,NA,Fukuoka,5110113,1,0,837,33
2020-06-26,Japan,NA,Fukuoka,5110113,0,0,837,33
2020-06-27,Japan,NA,Fukuoka,5110113,1,0,838,33
2020-06-28,Japan,NA,Fukuoka,5110113,0,0,838,33
2020-06-29,Japan,NA,Fukuoka,5110113,1,0,839,33
2020-06-30,Japan,NA,Fukuoka,5110113,4,0,843,33
2020-07-01,Japan,NA,Fukuoka,5110113,4,0,847,33
2020-07-02,Japan,NA,Fukuoka,5110113,4,0,851,33
2020-07-03,Japan,NA,Fukuoka,5110113,4,0,855,33
2020-07-04,Japan,NA,Fukuoka,5110113,6,0,861,33
2020-07-05,Japan,NA,Fukuoka,5110113,9,0,870,33
2020-07-06,Japan,NA,Fukuoka,5110113,1,0,871,33
2020-07-07,Japan,NA,Fukuoka,5110113,7,0,878,33
2020-07-08,Japan,NA,Fukuoka,5110113,13,0,891,33
2020-07-09,Japan,NA,Fukuoka,5110113,4,0,895,33
2020-07-10,Japan,NA,Fukuoka,5110113,6,0,901,33
2020-07-11,Japan,NA,Fukuoka,5110113,9,0,910,33
2020-07-12,Japan,NA,Fukuoka,5110113,5,0,915,33
2020-07-13,Japan,NA,Fukuoka,5110113,2,0,917,33
2020-07-14,Japan,NA,Fukuoka,5110113,4,0,921,33
2020-07-15,Japan,NA,Fukuoka,5110113,9,0,930,33
2020-07-16,Japan,NA,Fukuoka,5110113,16,0,946,33
2020-07-17,Japan,NA,Fukuoka,5110113,19,0,965,33
2020-07-18,Japan,NA,Fukuoka,5110113,24,0,989,33
2020-07-19,Japan,NA,Fukuoka,5110113,32,0,1021,33
2020-07-20,Japan,NA,Fukuoka,5110113,32,0,1053,33
2020-07-21,Japan,NA,Fukuoka,5110113,53,0,1106,33
2020-07-22,Japan,NA,Fukuoka,5110113,61,0,1167,33
2020-07-23,Japan,NA,Fukuoka,5110113,66,0,1233,33
2020-07-24,Japan,NA,Fukuoka,5110113,52,0,1285,33
2020-07-25,Japan,NA,Fukuoka,5110113,49,0,1334,33
2020-07-26,Japan,NA,Fukuoka,5110113,90,0,1424,33
2020-07-27,Japan,NA,Fukuoka,5110113,49,0,1473,33
2020-07-28,Japan,NA,Fukuoka,5110113,54,0,1527,33
2020-07-29,Japan,NA,Fukuoka,5110113,101,0,1628,33
2020-07-30,Japan,NA,Fukuoka,5110113,121,0,1749,33
2020-07-31,Japan,NA,Fukuoka,5110113,169,1,1918,34
2020-08-01,Japan,NA,Fukuoka,5110113,121,0,2039,34
2020-08-02,Japan,NA,Fukuoka,5110113,145,0,2184,34
2020-08-03,Japan,NA,Fukuoka,5110113,75,1,2259,35
2020-08-04,Japan,NA,Fukuoka,5110113,87,0,2346,35
2020-08-05,Japan,NA,Fukuoka,5110113,122,0,2468,35
2020-08-06,Japan,NA,Fukuoka,5110113,136,1,2604,36
2020-08-07,Japan,NA,Fukuoka,5110113,139,0,2743,36
2020-08-08,Japan,NA,Fukuoka,5110113,150,1,2893,37
2020-08-09,Japan,NA,Fukuoka,5110113,108,0,3001,37
2020-08-10,Japan,NA,Fukuoka,5110113,72,0,3073,37
2020-08-11,Japan,NA,Fukuoka,5110113,54,1,3127,38
2020-08-12,Japan,NA,Fukuoka,5110113,76,0,3203,38
2020-08-13,Japan,NA,Fukuoka,5110113,143,1,3346,39
2020-08-14,Japan,NA,Fukuoka,5110113,125,0,3471,39
2020-08-15,Japan,NA,Fukuoka,5110113,75,0,3546,39
2020-08-16,Japan,NA,Fukuoka,5110113,73,2,3619,41
2020-08-17,Japan,NA,Fukuoka,5110113,50,1,3669,42
2020-08-18,Japan,NA,Fukuoka,5110113,45,3,3714,45
2020-08-19,Japan,NA,Fukuoka,5110113,102,1,3816,46
2020-08-20,Japan,NA,Fukuoka,5110113,70,1,3886,47
2020-08-21,Japan,NA,Fukuoka,5110113,87,0,3973,47
2020-08-22,Japan,NA,Fukuoka,5110113,68,1,4041,48
2020-08-23,Japan,NA,Fukuoka,5110113,62,2,4103,50
2020-08-24,Japan,NA,Fukuoka,5110113,51,1,4154,51
2020-08-25,Japan,NA,Fukuoka,5110113,53,1,4207,52
2020-08-26,Japan,NA,Fukuoka,5110113,59,1,4266,53
2020-08-27,Japan,NA,Fukuoka,5110113,64,0,4330,53
2020-08-28,Japan,NA,Fukuoka,5110113,66,3,4396,56
2020-08-29,Japan,NA,Fukuoka,5110113,76,3,4472,59
2020-08-30,Japan,NA,Fukuoka,5110113,80,1,4552,60
2020-08-31,Japan,NA,Fukuoka,5110113,30,2,4582,62
2020-09-01,Japan,NA,Fukuoka,5110113,38,1,4620,63
2020-09-02,Japan,NA,Fukuoka,5110113,49,1,4669,64
2020-09-03,Japan,NA,Fukuoka,5110113,36,1,4705,65
2020-09-04,Japan,NA,Fukuoka,5110113,33,2,4738,67
2020-09-05,Japan,NA,Fukuoka,5110113,27,1,4765,68
2020-09-06,Japan,NA,Fukuoka,5110113,35,1,4800,69
2020-09-07,Japan,NA,Fukuoka,5110113,17,0,4817,69
2020-09-08,Japan,NA,Fukuoka,5110113,11,5,4828,74
2020-09-09,Japan,NA,Fukuoka,5110113,26,0,4854,74
2020-09-10,Japan,NA,Fukuoka,5110113,24,3,4878,77
2020-09-11,Japan,NA,Fukuoka,5110113,25,1,4903,78
2020-09-12,Japan,NA,Fukuoka,5110113,14,1,4917,79
2020-09-13,Japan,NA,Fukuoka,5110113,9,1,4926,80
2020-09-14,Japan,NA,Fukuoka,5110113,7,0,4933,80
2020-09-15,Japan,NA,Fukuoka,5110113,11,4,4944,84
2020-03-24,Japan,NA,Gifu,1991390,3,0,11,0
2020-03-25,Japan,NA,Gifu,1991390,1,0,12,0
2020-03-26,Japan,NA,Gifu,1991390,3,0,15,0
2020-03-27,Japan,NA,Gifu,1991390,2,0,17,0
2020-03-28,Japan,NA,Gifu,1991390,2,0,19,0
2020-03-29,Japan,NA,Gifu,1991390,1,0,20,0
2020-03-30,Japan,NA,Gifu,1991390,2,0,22,0
2020-03-31,Japan,NA,Gifu,1991390,4,0,26,0
2020-04-01,Japan,NA,Gifu,1991390,5,0,31,0
2020-04-02,Japan,NA,Gifu,1991390,5,0,36,0
2020-04-03,Japan,NA,Gifu,1991390,4,0,40,0
2020-04-04,Japan,NA,Gifu,1991390,7,1,47,1
2020-04-05,Japan,NA,Gifu,1991390,11,0,58,1
2020-04-06,Japan,NA,Gifu,1991390,1,0,59,1
2020-04-07,Japan,NA,Gifu,1991390,10,0,69,1
2020-04-08,Japan,NA,Gifu,1991390,8,0,77,1
2020-04-09,Japan,NA,Gifu,1991390,9,0,86,1
2020-04-10,Japan,NA,Gifu,1991390,11,0,97,1
2020-04-11,Japan,NA,Gifu,1991390,9,0,106,1
2020-04-12,Japan,NA,Gifu,1991390,6,0,112,1
2020-04-13,Japan,NA,Gifu,1991390,7,0,119,1
2020-04-14,Japan,NA,Gifu,1991390,8,0,127,1
2020-04-15,Japan,NA,Gifu,1991390,3,0,130,1
2020-04-16,Japan,NA,Gifu,1991390,5,0,135,1
2020-04-17,Japan,NA,Gifu,1991390,1,1,136,2
2020-04-18,Japan,NA,Gifu,1991390,1,0,137,2
2020-04-19,Japan,NA,Gifu,1991390,2,1,139,3
2020-04-20,Japan,NA,Gifu,1991390,0,1,139,4
2020-04-21,Japan,NA,Gifu,1991390,5,1,144,5
2020-04-22,Japan,NA,Gifu,1991390,3,1,147,6
2020-04-23,Japan,NA,Gifu,1991390,2,0,149,6
2020-04-24,Japan,NA,Gifu,1991390,0,0,149,6
2020-04-25,Japan,NA,Gifu,1991390,0,0,149,6
2020-04-26,Japan,NA,Gifu,1991390,0,0,149,6
2020-04-27,Japan,NA,Gifu,1991390,0,0,149,6
2020-04-28,Japan,NA,Gifu,1991390,0,0,149,6
2020-04-29,Japan,NA,Gifu,1991390,0,0,149,6
2020-04-30,Japan,NA,Gifu,1991390,0,0,149,6
2020-05-01,Japan,NA,Gifu,1991390,0,0,149,6
2020-05-02,Japan,NA,Gifu,1991390,1,0,150,6
2020-05-03,Japan,NA,Gifu,1991390,0,0,150,6
2020-05-04,Japan,NA,Gifu,1991390,0,0,150,6
2020-05-05,Japan,NA,Gifu,1991390,0,0,150,6
2020-05-06,Japan,NA,Gifu,1991390,0,0,150,6
2020-05-07,Japan,NA,Gifu,1991390,0,0,150,6
2020-05-08,Japan,NA,Gifu,1991390,0,0,150,6
2020-05-09,Japan,NA,Gifu,1991390,0,0,150,6
2020-05-10,Japan,NA,Gifu,1991390,0,0,150,6
2020-05-11,Japan,NA,Gifu,1991390,0,0,150,6
2020-05-12,Japan,NA,Gifu,1991390,0,0,150,6
2020-05-13,Japan,NA,Gifu,1991390,0,0,150,6
2020-05-14,Japan,NA,Gifu,1991390,0,1,150,7
2020-05-15,Japan,NA,Gifu,1991390,0,0,150,7
2020-05-16,Japan,NA,Gifu,1991390,0,0,150,7
2020-05-17,Japan,NA,Gifu,1991390,0,0,150,7
2020-05-18,Japan,NA,Gifu,1991390,0,0,150,7
2020-05-19,Japan,NA,Gifu,1991390,0,0,150,7
2020-05-20,Japan,NA,Gifu,1991390,0,0,150,7
2020-05-21,Japan,NA,Gifu,1991390,0,0,150,7
2020-05-22,Japan,NA,Gifu,1991390,0,0,150,7
2020-05-23,Japan,NA,Gifu,1991390,0,0,150,7
2020-05-24,Japan,NA,Gifu,1991390,0,0,150,7
2020-05-25,Japan,NA,Gifu,1991390,0,0,150,7
2020-05-26,Japan,NA,Gifu,1991390,0,0,150,7
2020-05-27,Japan,NA,Gifu,1991390,0,0,150,7
2020-05-28,Japan,NA,Gifu,1991390,0,0,150,7
2020-05-29,Japan,NA,Gifu,1991390,0,0,150,7
2020-05-30,Japan,NA,Gifu,1991390,0,0,150,7
2020-05-31,Japan,NA,Gifu,1991390,0,0,150,7
2020-06-01,Japan,NA,Gifu,1991390,1,0,151,7
2020-06-02,Japan,NA,Gifu,1991390,0,0,151,7
2020-06-03,Japan,NA,Gifu,1991390,0,0,151,7
2020-06-04,Japan,NA,Gifu,1991390,0,0,151,7
2020-06-05,Japan,NA,Gifu,1991390,0,0,151,7
2020-06-06,Japan,NA,Gifu,1991390,0,0,151,7
2020-06-07,Japan,NA,Gifu,1991390,0,0,151,7
2020-06-08,Japan,NA,Gifu,1991390,1,0,152,7
2020-06-09,Japan,NA,Gifu,1991390,1,0,153,7
2020-06-10,Japan,NA,Gifu,1991390,0,0,153,7
2020-06-11,Japan,NA,Gifu,1991390,0,0,153,7
2020-06-12,Japan,NA,Gifu,1991390,0,0,153,7
2020-06-13,Japan,NA,Gifu,1991390,0,0,153,7
2020-06-14,Japan,NA,Gifu,1991390,0,0,153,7
2020-06-15,Japan,NA,Gifu,1991390,1,0,154,7
2020-06-16,Japan,NA,Gifu,1991390,0,0,154,7
2020-06-17,Japan,NA,Gifu,1991390,1,0,155,7
2020-06-18,Japan,NA,Gifu,1991390,0,0,155,7
2020-06-19,Japan,NA,Gifu,1991390,0,0,155,7
2020-06-20,Japan,NA,Gifu,1991390,1,0,156,7
2020-06-21,Japan,NA,Gifu,1991390,0,0,156,7
2020-06-22,Japan,NA,Gifu,1991390,0,0,156,7
2020-06-23,Japan,NA,Gifu,1991390,0,0,156,7
2020-06-24,Japan,NA,Gifu,1991390,0,0,156,7
2020-06-25,Japan,NA,Gifu,1991390,0,0,156,7
2020-06-26,Japan,NA,Gifu,1991390,0,0,156,7
2020-06-27,Japan,NA,Gifu,1991390,0,0,156,7
2020-06-28,Japan,NA,Gifu,1991390,0,0,156,7
2020-06-29,Japan,NA,Gifu,1991390,0,0,156,7
2020-06-30,Japan,NA,Gifu,1991390,0,0,156,7
2020-07-01,Japan,NA,Gifu,1991390,1,0,157,7
2020-07-02,Japan,NA,Gifu,1991390,3,0,160,7
2020-07-03,Japan,NA,Gifu,1991390,0,0,160,7
2020-07-04,Japan,NA,Gifu,1991390,0,0,160,7
2020-07-05,Japan,NA,Gifu,1991390,0,0,160,7
2020-07-06,Japan,NA,Gifu,1991390,0,0,160,7
2020-07-07,Japan,NA,Gifu,1991390,0,0,160,7
2020-07-08,Japan,NA,Gifu,1991390,0,0,160,7
2020-07-09,Japan,NA,Gifu,1991390,2,0,162,7
2020-07-10,Japan,NA,Gifu,1991390,0,0,162,7
2020-07-11,Japan,NA,Gifu,1991390,0,0,162,7
2020-07-12,Japan,NA,Gifu,1991390,0,0,162,7
2020-07-13,Japan,NA,Gifu,1991390,0,0,162,7
2020-07-14,Japan,NA,Gifu,1991390,3,0,165,7
2020-07-15,Japan,NA,Gifu,1991390,1,0,166,7
2020-07-16,Japan,NA,Gifu,1991390,2,0,168,7
2020-07-17,Japan,NA,Gifu,1991390,4,0,172,7
2020-07-18,Japan,NA,Gifu,1991390,1,0,173,7
2020-07-19,Japan,NA,Gifu,1991390,4,0,177,7
2020-07-20,Japan,NA,Gifu,1991390,3,0,180,7
2020-07-21,Japan,NA,Gifu,1991390,14,0,194,7
2020-07-22,Japan,NA,Gifu,1991390,6,0,200,7
2020-07-23,Japan,NA,Gifu,1991390,8,0,208,7
2020-07-24,Japan,NA,Gifu,1991390,8,0,216,7
2020-07-25,Japan,NA,Gifu,1991390,4,0,220,7
2020-07-26,Japan,NA,Gifu,1991390,11,0,231,7
2020-07-27,Japan,NA,Gifu,1991390,9,0,240,7
2020-07-28,Japan,NA,Gifu,1991390,25,0,265,7
2020-07-29,Japan,NA,Gifu,1991390,30,0,295,7
2020-07-30,Japan,NA,Gifu,1991390,17,0,312,7
2020-07-31,Japan,NA,Gifu,1991390,19,0,331,7
2020-08-01,Japan,NA,Gifu,1991390,13,0,344,7
2020-08-02,Japan,NA,Gifu,1991390,7,0,351,7
2020-08-03,Japan,NA,Gifu,1991390,11,0,362,7
2020-08-04,Japan,NA,Gifu,1991390,17,0,379,7
2020-08-05,Japan,NA,Gifu,1991390,21,0,400,7
2020-08-06,Japan,NA,Gifu,1991390,20,0,420,7
2020-08-07,Japan,NA,Gifu,1991390,15,0,435,7
2020-08-08,Japan,NA,Gifu,1991390,15,0,450,7
2020-08-09,Japan,NA,Gifu,1991390,15,0,465,7
2020-08-10,Japan,NA,Gifu,1991390,7,0,472,7
2020-08-11,Japan,NA,Gifu,1991390,3,0,475,7
2020-08-12,Japan,NA,Gifu,1991390,9,0,484,7
2020-08-13,Japan,NA,Gifu,1991390,8,0,492,7
2020-08-14,Japan,NA,Gifu,1991390,8,0,500,7
2020-08-15,Japan,NA,Gifu,1991390,11,0,511,7
2020-08-16,Japan,NA,Gifu,1991390,1,0,512,7
2020-08-17,Japan,NA,Gifu,1991390,4,1,516,8
2020-08-18,Japan,NA,Gifu,1991390,4,0,520,8
2020-08-19,Japan,NA,Gifu,1991390,3,0,523,8
2020-08-20,Japan,NA,Gifu,1991390,9,0,532,8
2020-08-21,Japan,NA,Gifu,1991390,1,1,533,9
2020-08-22,Japan,NA,Gifu,1991390,5,0,538,9
2020-08-23,Japan,NA,Gifu,1991390,1,0,539,9
2020-08-24,Japan,NA,Gifu,1991390,4,0,543,9
2020-08-25,Japan,NA,Gifu,1991390,5,0,548,9
2020-08-26,Japan,NA,Gifu,1991390,1,0,549,9
2020-08-27,Japan,NA,Gifu,1991390,2,0,551,9
2020-08-28,Japan,NA,Gifu,1991390,0,0,551,9
2020-08-29,Japan,NA,Gifu,1991390,4,1,555,10
2020-08-30,Japan,NA,Gifu,1991390,0,0,555,10
2020-08-31,Japan,NA,Gifu,1991390,0,0,555,10
2020-09-01,Japan,NA,Gifu,1991390,3,0,558,10
2020-09-02,Japan,NA,Gifu,1991390,4,0,562,10
2020-09-03,Japan,NA,Gifu,1991390,1,0,563,10
2020-09-04,Japan,NA,Gifu,1991390,1,0,564,10
2020-09-05,Japan,NA,Gifu,1991390,0,0,564,10
2020-09-06,Japan,NA,Gifu,1991390,0,0,564,10
2020-09-07,Japan,NA,Gifu,1991390,0,0,564,10
2020-09-08,Japan,NA,Gifu,1991390,2,0,566,10
2020-09-09,Japan,NA,Gifu,1991390,2,0,568,10
2020-09-10,Japan,NA,Gifu,1991390,1,0,569,10
2020-09-11,Japan,NA,Gifu,1991390,5,0,574,10
2020-09-12,Japan,NA,Gifu,1991390,6,0,580,10
2020-09-13,Japan,NA,Gifu,1991390,12,0,592,10
2020-09-14,Japan,NA,Gifu,1991390,2,0,594,10
2020-09-15,Japan,NA,Gifu,1991390,2,0,596,10
2020-03-20,Japan,NA,Gunma,1937626,1,0,11,0
2020-03-21,Japan,NA,Gunma,1937626,0,0,11,0
2020-03-22,Japan,NA,Gunma,1937626,0,1,11,1
2020-03-23,Japan,NA,Gunma,1937626,0,0,11,1
2020-03-24,Japan,NA,Gunma,1937626,2,0,13,1
2020-03-25,Japan,NA,Gunma,1937626,1,0,14,1
2020-03-26,Japan,NA,Gunma,1937626,0,0,14,1
2020-03-27,Japan,NA,Gunma,1937626,0,0,14,1
2020-03-28,Japan,NA,Gunma,1937626,4,0,18,1
2020-03-29,Japan,NA,Gunma,1937626,0,0,18,1
2020-03-30,Japan,NA,Gunma,1937626,0,0,18,1
2020-03-31,Japan,NA,Gunma,1937626,1,0,19,1
2020-04-01,Japan,NA,Gunma,1937626,1,0,20,1
2020-04-02,Japan,NA,Gunma,1937626,1,0,21,1
2020-04-03,Japan,NA,Gunma,1937626,4,0,25,1
2020-04-04,Japan,NA,Gunma,1937626,1,0,26,1
2020-04-05,Japan,NA,Gunma,1937626,0,0,26,1
2020-04-06,Japan,NA,Gunma,1937626,0,0,26,1
2020-04-07,Japan,NA,Gunma,1937626,3,0,29,1
2020-04-08,Japan,NA,Gunma,1937626,0,0,29,1
2020-04-09,Japan,NA,Gunma,1937626,4,0,33,1
2020-04-10,Japan,NA,Gunma,1937626,11,0,44,1
2020-04-11,Japan,NA,Gunma,1937626,35,1,79,2
2020-04-12,Japan,NA,Gunma,1937626,11,0,90,2
2020-04-13,Japan,NA,Gunma,1937626,0,0,90,2
2020-04-14,Japan,NA,Gunma,1937626,6,2,96,4
2020-04-15,Japan,NA,Gunma,1937626,10,0,106,4
2020-04-16,Japan,NA,Gunma,1937626,6,0,112,4
2020-04-17,Japan,NA,Gunma,1937626,2,0,114,4
2020-04-18,Japan,NA,Gunma,1937626,6,1,120,5
2020-04-19,Japan,NA,Gunma,1937626,2,1,122,6
2020-04-20,Japan,NA,Gunma,1937626,2,2,124,8
2020-04-21,Japan,NA,Gunma,1937626,7,1,131,9
2020-04-22,Japan,NA,Gunma,1937626,3,0,134,9
2020-04-23,Japan,NA,Gunma,1937626,4,2,138,11
2020-04-24,Japan,NA,Gunma,1937626,2,1,140,12
2020-04-25,Japan,NA,Gunma,1937626,0,0,140,12
2020-04-26,Japan,NA,Gunma,1937626,1,2,141,14
2020-04-27,Japan,NA,Gunma,1937626,5,1,146,15
2020-04-28,Japan,NA,Gunma,1937626,0,0,146,15
2020-04-29,Japan,NA,Gunma,1937626,0,0,146,15
2020-04-30,Japan,NA,Gunma,1937626,0,1,146,16
2020-05-01,Japan,NA,Gunma,1937626,0,0,146,16
2020-05-02,Japan,NA,Gunma,1937626,0,0,146,16
2020-05-03,Japan,NA,Gunma,1937626,0,0,146,16
2020-05-04,Japan,NA,Gunma,1937626,0,0,146,16
2020-05-05,Japan,NA,Gunma,1937626,0,0,146,16
2020-05-06,Japan,NA,Gunma,1937626,1,2,147,18
2020-05-07,Japan,NA,Gunma,1937626,0,0,147,18
2020-05-08,Japan,NA,Gunma,1937626,0,0,147,18
2020-05-09,Japan,NA,Gunma,1937626,0,0,147,18
2020-05-10,Japan,NA,Gunma,1937626,0,0,147,18
2020-05-11,Japan,NA,Gunma,1937626,0,0,147,18
2020-05-12,Japan,NA,Gunma,1937626,0,0,147,18
2020-05-13,Japan,NA,Gunma,1937626,0,0,147,18
2020-05-14,Japan,NA,Gunma,1937626,0,0,147,18
2020-05-15,Japan,NA,Gunma,1937626,0,0,147,18
2020-05-16,Japan,NA,Gunma,1937626,0,0,147,18
2020-05-17,Japan,NA,Gunma,1937626,0,0,147,18
2020-05-18,Japan,NA,Gunma,1937626,0,0,147,18
2020-05-19,Japan,NA,Gunma,1937626,1,0,148,18
2020-05-20,Japan,NA,Gunma,1937626,0,1,148,19
2020-05-21,Japan,NA,Gunma,1937626,0,0,148,19
2020-05-22,Japan,NA,Gunma,1937626,1,0,149,19
2020-05-23,Japan,NA,Gunma,1937626,0,0,149,19
2020-05-24,Japan,NA,Gunma,1937626,0,0,149,19
2020-05-25,Japan,NA,Gunma,1937626,0,0,149,19
2020-05-26,Japan,NA,Gunma,1937626,0,0,149,19
2020-05-27,Japan,NA,Gunma,1937626,0,0,149,19
2020-05-28,Japan,NA,Gunma,1937626,0,0,149,19
2020-05-29,Japan,NA,Gunma,1937626,0,0,149,19
2020-05-30,Japan,NA,Gunma,1937626,0,0,149,19
2020-05-31,Japan,NA,Gunma,1937626,0,0,149,19
2020-06-01,Japan,NA,Gunma,1937626,0,0,149,19
2020-06-02,Japan,NA,Gunma,1937626,0,0,149,19
2020-06-03,Japan,NA,Gunma,1937626,0,0,149,19
2020-06-04,Japan,NA,Gunma,1937626,0,0,149,19
2020-06-05,Japan,NA,Gunma,1937626,2,0,151,19
2020-06-06,Japan,NA,Gunma,1937626,0,0,151,19
2020-06-07,Japan,NA,Gunma,1937626,0,0,151,19
2020-06-08,Japan,NA,Gunma,1937626,0,0,151,19
2020-06-09,Japan,NA,Gunma,1937626,0,0,151,19
2020-06-10,Japan,NA,Gunma,1937626,0,0,151,19
2020-06-11,Japan,NA,Gunma,1937626,0,0,151,19
2020-06-12,Japan,NA,Gunma,1937626,0,0,151,19
2020-06-13,Japan,NA,Gunma,1937626,0,0,151,19
2020-06-14,Japan,NA,Gunma,1937626,0,0,151,19
2020-06-15,Japan,NA,Gunma,1937626,0,0,151,19
2020-06-16,Japan,NA,Gunma,1937626,0,0,151,19
2020-06-17,Japan,NA,Gunma,1937626,0,0,151,19
2020-06-18,Japan,NA,Gunma,1937626,0,0,151,19
2020-06-19,Japan,NA,Gunma,1937626,0,0,151,19
2020-06-20,Japan,NA,Gunma,1937626,0,0,151,19
2020-06-21,Japan,NA,Gunma,1937626,0,0,151,19
2020-06-22,Japan,NA,Gunma,1937626,0,0,151,19
2020-06-23,Japan,NA,Gunma,1937626,0,0,151,19
2020-06-24,Japan,NA,Gunma,1937626,1,0,152,19
2020-06-25,Japan,NA,Gunma,1937626,0,0,152,19
2020-06-26,Japan,NA,Gunma,1937626,0,0,152,19
2020-06-27,Japan,NA,Gunma,1937626,0,0,152,19
2020-06-28,Japan,NA,Gunma,1937626,0,0,152,19
2020-06-29,Japan,NA,Gunma,1937626,0,0,152,19
2020-06-30,Japan,NA,Gunma,1937626,1,0,153,19
2020-07-01,Japan,NA,Gunma,1937626,0,0,153,19
2020-07-02,Japan,NA,Gunma,1937626,0,0,153,19
2020-07-03,Japan,NA,Gunma,1937626,1,0,154,19
2020-07-04,Japan,NA,Gunma,1937626,1,0,155,19
2020-07-05,Japan,NA,Gunma,1937626,0,0,155,19
2020-07-06,Japan,NA,Gunma,1937626,0,0,155,19
2020-07-07,Japan,NA,Gunma,1937626,0,0,155,19
2020-07-08,Japan,NA,Gunma,1937626,0,0,155,19
2020-07-09,Japan,NA,Gunma,1937626,0,0,155,19
2020-07-10,Japan,NA,Gunma,1937626,0,0,155,19
2020-07-11,Japan,NA,Gunma,1937626,0,0,155,19
2020-07-12,Japan,NA,Gunma,1937626,0,0,155,19
2020-07-13,Japan,NA,Gunma,1937626,2,0,157,19
2020-07-14,Japan,NA,Gunma,1937626,0,0,157,19
2020-07-15,Japan,NA,Gunma,1937626,4,0,161,19
2020-07-16,Japan,NA,Gunma,1937626,3,0,164,19
2020-07-17,Japan,NA,Gunma,1937626,2,0,166,19
2020-07-18,Japan,NA,Gunma,1937626,1,0,167,19
2020-07-19,Japan,NA,Gunma,1937626,0,0,167,19
2020-07-20,Japan,NA,Gunma,1937626,0,0,167,19
2020-07-21,Japan,NA,Gunma,1937626,2,0,169,19
2020-07-22,Japan,NA,Gunma,1937626,5,0,174,19
2020-07-23,Japan,NA,Gunma,1937626,3,0,177,19
2020-07-24,Japan,NA,Gunma,1937626,0,0,177,19
2020-07-25,Japan,NA,Gunma,1937626,2,0,179,19
2020-07-26,Japan,NA,Gunma,1937626,0,0,179,19
2020-07-27,Japan,NA,Gunma,1937626,0,0,179,19
2020-07-28,Japan,NA,Gunma,1937626,3,0,182,19
2020-07-29,Japan,NA,Gunma,1937626,1,0,183,19
2020-07-30,Japan,NA,Gunma,1937626,4,0,187,19
2020-07-31,Japan,NA,Gunma,1937626,3,0,190,19
2020-08-01,Japan,NA,Gunma,1937626,1,0,191,19
2020-08-02,Japan,NA,Gunma,1937626,1,0,192,19
2020-08-03,Japan,NA,Gunma,1937626,2,0,194,19
2020-08-04,Japan,NA,Gunma,1937626,3,0,197,19
2020-08-05,Japan,NA,Gunma,1937626,5,0,202,19
2020-08-06,Japan,NA,Gunma,1937626,6,0,208,19
2020-08-07,Japan,NA,Gunma,1937626,6,0,214,19
2020-08-08,Japan,NA,Gunma,1937626,7,0,221,19
2020-08-09,Japan,NA,Gunma,1937626,5,0,226,19
2020-08-10,Japan,NA,Gunma,1937626,8,0,234,19
2020-08-11,Japan,NA,Gunma,1937626,4,0,238,19
2020-08-12,Japan,NA,Gunma,1937626,7,0,245,19
2020-08-13,Japan,NA,Gunma,1937626,9,0,254,19
2020-08-14,Japan,NA,Gunma,1937626,16,0,270,19
2020-08-15,Japan,NA,Gunma,1937626,9,0,279,19
2020-08-16,Japan,NA,Gunma,1937626,19,0,298,19
2020-08-17,Japan,NA,Gunma,1937626,9,0,307,19
2020-08-18,Japan,NA,Gunma,1937626,15,0,322,19
2020-08-19,Japan,NA,Gunma,1937626,15,0,337,19
2020-08-20,Japan,NA,Gunma,1937626,14,0,351,19
2020-08-21,Japan,NA,Gunma,1937626,10,0,361,19
2020-08-22,Japan,NA,Gunma,1937626,13,0,374,19
2020-08-23,Japan,NA,Gunma,1937626,6,0,380,19
2020-08-24,Japan,NA,Gunma,1937626,4,0,384,19
2020-08-25,Japan,NA,Gunma,1937626,8,0,392,19
2020-08-26,Japan,NA,Gunma,1937626,16,0,408,19
2020-08-27,Japan,NA,Gunma,1937626,18,0,426,19
2020-08-28,Japan,NA,Gunma,1937626,6,0,432,19
2020-08-29,Japan,NA,Gunma,1937626,2,0,434,19
2020-08-30,Japan,NA,Gunma,1937626,3,0,437,19
2020-08-31,Japan,NA,Gunma,1937626,3,0,440,19
2020-09-01,Japan,NA,Gunma,1937626,5,0,445,19
2020-09-02,Japan,NA,Gunma,1937626,6,0,451,19
2020-09-03,Japan,NA,Gunma,1937626,12,0,463,19
2020-09-04,Japan,NA,Gunma,1937626,8,0,471,19
2020-09-05,Japan,NA,Gunma,1937626,3,0,474,19
2020-09-06,Japan,NA,Gunma,1937626,8,0,482,19
2020-09-07,Japan,NA,Gunma,1937626,9,0,491,19
2020-09-08,Japan,NA,Gunma,1937626,5,0,496,19
2020-09-09,Japan,NA,Gunma,1937626,5,0,501,19
2020-09-10,Japan,NA,Gunma,1937626,4,0,505,19
2020-09-11,Japan,NA,Gunma,1937626,12,0,517,19
2020-09-12,Japan,NA,Gunma,1937626,24,0,541,19
2020-09-13,Japan,NA,Gunma,1937626,6,0,547,19
2020-09-14,Japan,NA,Gunma,1937626,6,0,553,19
2020-09-15,Japan,NA,Gunma,1937626,14,0,567,19
2020-02-22,Japan,NA,Hokkaido,5273681,9,0,17,0
2020-02-23,Japan,NA,Hokkaido,5273681,9,0,26,0
2020-02-24,Japan,NA,Hokkaido,5273681,4,0,30,0
2020-02-25,Japan,NA,Hokkaido,5273681,5,0,35,0
2020-02-26,Japan,NA,Hokkaido,5273681,4,1,39,1
2020-02-27,Japan,NA,Hokkaido,5273681,15,1,54,2
2020-02-28,Japan,NA,Hokkaido,5273681,12,0,66,2
2020-02-29,Japan,NA,Hokkaido,5273681,4,0,70,2
2020-03-01,Japan,NA,Hokkaido,5273681,2,1,72,3
2020-03-02,Japan,NA,Hokkaido,5273681,5,0,77,3
2020-03-03,Japan,NA,Hokkaido,5273681,2,0,79,3
2020-03-04,Japan,NA,Hokkaido,5273681,3,0,82,3
2020-03-05,Japan,NA,Hokkaido,5273681,1,0,83,3
2020-03-06,Japan,NA,Hokkaido,5273681,7,0,90,3
2020-03-07,Japan,NA,Hokkaido,5273681,8,0,98,3
2020-03-08,Japan,NA,Hokkaido,5273681,3,0,101,3
2020-03-09,Japan,NA,Hokkaido,5273681,7,0,108,3
2020-03-10,Japan,NA,Hokkaido,5273681,3,0,111,3
2020-03-11,Japan,NA,Hokkaido,5273681,7,0,118,3
2020-03-12,Japan,NA,Hokkaido,5273681,10,1,128,4
2020-03-13,Japan,NA,Hokkaido,5273681,9,0,137,4
2020-03-14,Japan,NA,Hokkaido,5273681,7,0,144,4
2020-03-15,Japan,NA,Hokkaido,5273681,4,1,148,5
2020-03-16,Japan,NA,Hokkaido,5273681,4,1,152,6
2020-03-17,Japan,NA,Hokkaido,5273681,0,0,152,6
2020-03-18,Japan,NA,Hokkaido,5273681,2,0,154,6
2020-03-19,Japan,NA,Hokkaido,5273681,3,0,157,6
2020-03-20,Japan,NA,Hokkaido,5273681,1,0,158,6
2020-03-21,Japan,NA,Hokkaido,5273681,1,0,159,6
2020-03-22,Japan,NA,Hokkaido,5273681,3,0,162,6
2020-03-23,Japan,NA,Hokkaido,5273681,0,0,162,6
2020-03-24,Japan,NA,Hokkaido,5273681,1,0,163,6
2020-03-25,Japan,NA,Hokkaido,5273681,4,1,167,7
2020-03-26,Japan,NA,Hokkaido,5273681,1,0,168,7
2020-03-27,Japan,NA,Hokkaido,5273681,1,0,169,7
2020-03-28,Japan,NA,Hokkaido,5273681,2,0,171,7
2020-03-29,Japan,NA,Hokkaido,5273681,4,0,175,7
2020-03-30,Japan,NA,Hokkaido,5273681,1,0,176,7
2020-03-31,Japan,NA,Hokkaido,5273681,0,0,176,7
2020-04-01,Japan,NA,Hokkaido,5273681,4,0,180,7
2020-04-02,Japan,NA,Hokkaido,5273681,3,1,183,8
2020-04-03,Japan,NA,Hokkaido,5273681,5,0,188,8
2020-04-04,Japan,NA,Hokkaido,5273681,3,0,191,8
2020-04-05,Japan,NA,Hokkaido,5273681,0,0,191,8
2020-04-06,Japan,NA,Hokkaido,5273681,0,1,191,9
2020-04-07,Japan,NA,Hokkaido,5273681,4,0,195,9
2020-04-08,Japan,NA,Hokkaido,5273681,10,0,205,9
2020-04-09,Japan,NA,Hokkaido,5273681,18,1,223,10
2020-04-10,Japan,NA,Hokkaido,5273681,13,0,236,10
2020-04-11,Japan,NA,Hokkaido,5273681,16,0,252,10
2020-04-12,Japan,NA,Hokkaido,5273681,12,1,264,11
2020-04-13,Japan,NA,Hokkaido,5273681,5,0,269,11
2020-04-14,Japan,NA,Hokkaido,5273681,18,2,287,13
2020-04-15,Japan,NA,Hokkaido,5273681,23,1,310,14
2020-04-16,Japan,NA,Hokkaido,5273681,22,0,332,14
2020-04-17,Japan,NA,Hokkaido,5273681,32,2,364,16
2020-04-18,Japan,NA,Hokkaido,5273681,38,2,402,18
2020-04-19,Japan,NA,Hokkaido,5273681,27,0,429,18
2020-04-20,Japan,NA,Hokkaido,5273681,17,3,446,21
2020-04-21,Japan,NA,Hokkaido,5273681,22,2,468,23
2020-04-22,Japan,NA,Hokkaido,5273681,22,2,490,25
2020-04-23,Japan,NA,Hokkaido,5273681,45,0,535,25
2020-04-24,Japan,NA,Hokkaido,5273681,22,0,557,25
2020-04-25,Japan,NA,Hokkaido,5273681,39,0,596,25
2020-04-26,Japan,NA,Hokkaido,5273681,14,0,610,25
2020-04-27,Japan,NA,Hokkaido,5273681,35,1,645,26
2020-04-28,Japan,NA,Hokkaido,5273681,38,1,683,27
2020-04-29,Japan,NA,Hokkaido,5273681,38,0,721,27
2020-04-30,Japan,NA,Hokkaido,5273681,41,2,762,29
2020-05-01,Japan,NA,Hokkaido,5273681,23,8,785,37
2020-05-02,Japan,NA,Hokkaido,5273681,33,3,818,40
2020-05-03,Japan,NA,Hokkaido,5273681,25,1,843,41
2020-05-04,Japan,NA,Hokkaido,5273681,31,2,874,43
2020-05-05,Japan,NA,Hokkaido,5273681,11,2,885,45
2020-05-06,Japan,NA,Hokkaido,5273681,22,1,907,46
2020-05-07,Japan,NA,Hokkaido,5273681,14,1,921,47
2020-05-08,Japan,NA,Hokkaido,5273681,6,1,927,48
2020-05-09,Japan,NA,Hokkaido,5273681,11,3,938,51
2020-05-10,Japan,NA,Hokkaido,5273681,9,5,947,56
2020-05-11,Japan,NA,Hokkaido,5273681,10,6,957,62
2020-05-12,Japan,NA,Hokkaido,5273681,13,6,970,68
2020-05-13,Japan,NA,Hokkaido,5273681,4,2,974,70
2020-05-14,Japan,NA,Hokkaido,5273681,6,2,980,72
2020-05-15,Japan,NA,Hokkaido,5273681,8,1,988,73
2020-05-16,Japan,NA,Hokkaido,5273681,7,1,995,74
2020-05-17,Japan,NA,Hokkaido,5273681,7,1,1002,75
2020-05-18,Japan,NA,Hokkaido,5273681,1,1,1003,76
2020-05-19,Japan,NA,Hokkaido,5273681,3,1,1006,77
2020-05-20,Japan,NA,Hokkaido,5273681,1,0,1007,77
2020-05-21,Japan,NA,Hokkaido,5273681,5,1,1012,78
2020-05-22,Japan,NA,Hokkaido,5273681,5,0,1017,78
2020-05-23,Japan,NA,Hokkaido,5273681,8,1,1025,79
2020-05-24,Japan,NA,Hokkaido,5273681,15,2,1040,81
2020-05-25,Japan,NA,Hokkaido,5273681,3,2,1043,83
2020-05-26,Japan,NA,Hokkaido,5273681,9,1,1052,84
2020-05-27,Japan,NA,Hokkaido,5273681,5,1,1057,85
2020-05-28,Japan,NA,Hokkaido,5273681,6,1,1063,86
2020-05-29,Japan,NA,Hokkaido,5273681,3,0,1066,86
2020-05-30,Japan,NA,Hokkaido,5273681,4,0,1070,86
2020-05-31,Japan,NA,Hokkaido,5273681,4,0,1074,86
2020-06-01,Japan,NA,Hokkaido,5273681,5,1,1079,87
2020-06-02,Japan,NA,Hokkaido,5273681,3,0,1082,87
2020-06-03,Japan,NA,Hokkaido,5273681,3,1,1085,88
2020-06-04,Japan,NA,Hokkaido,5273681,3,2,1088,90
2020-06-05,Japan,NA,Hokkaido,5273681,4,0,1092,90
2020-06-06,Japan,NA,Hokkaido,5273681,8,0,1100,90
2020-06-07,Japan,NA,Hokkaido,5273681,4,0,1104,90
2020-06-08,Japan,NA,Hokkaido,5273681,4,1,1108,91
2020-06-09,Japan,NA,Hokkaido,5273681,7,0,1115,91
2020-06-10,Japan,NA,Hokkaido,5273681,5,0,1120,91
2020-06-11,Japan,NA,Hokkaido,5273681,7,0,1127,91
2020-06-12,Japan,NA,Hokkaido,5273681,10,0,1137,91
2020-06-13,Japan,NA,Hokkaido,5273681,9,0,1146,91
2020-06-14,Japan,NA,Hokkaido,5273681,7,0,1153,91
2020-06-15,Japan,NA,Hokkaido,5273681,6,0,1159,91
2020-06-16,Japan,NA,Hokkaido,5273681,2,1,1161,92
2020-06-17,Japan,NA,Hokkaido,5273681,6,0,1167,92
2020-06-18,Japan,NA,Hokkaido,5273681,5,1,1172,93
2020-06-19,Japan,NA,Hokkaido,5273681,3,1,1175,94
2020-06-20,Japan,NA,Hokkaido,5273681,3,0,1178,94
2020-06-21,Japan,NA,Hokkaido,5273681,2,1,1180,95
2020-06-22,Japan,NA,Hokkaido,5273681,2,0,1182,95
2020-06-23,Japan,NA,Hokkaido,5273681,1,2,1183,97
2020-06-24,Japan,NA,Hokkaido,5273681,10,1,1193,98
2020-06-25,Japan,NA,Hokkaido,5273681,6,0,1199,98
2020-06-26,Japan,NA,Hokkaido,5273681,5,0,1204,98
2020-06-27,Japan,NA,Hokkaido,5273681,1,1,1205,99
2020-06-28,Japan,NA,Hokkaido,5273681,17,0,1222,99
2020-06-29,Japan,NA,Hokkaido,5273681,11,0,1233,99
2020-06-30,Japan,NA,Hokkaido,5273681,13,0,1246,99
2020-07-01,Japan,NA,Hokkaido,5273681,4,1,1250,100
2020-07-02,Japan,NA,Hokkaido,5273681,8,1,1258,101
2020-07-03,Japan,NA,Hokkaido,5273681,0,0,1258,101
2020-07-04,Japan,NA,Hokkaido,5273681,1,0,1259,101
2020-07-05,Japan,NA,Hokkaido,5273681,1,0,1260,101
2020-07-06,Japan,NA,Hokkaido,5273681,0,0,1260,101
2020-07-07,Japan,NA,Hokkaido,5273681,1,0,1261,101
2020-07-08,Japan,NA,Hokkaido,5273681,4,0,1265,101
2020-07-09,Japan,NA,Hokkaido,5273681,1,0,1266,101
2020-07-10,Japan,NA,Hokkaido,5273681,6,0,1272,101
2020-07-11,Japan,NA,Hokkaido,5273681,1,0,1273,101
2020-07-12,Japan,NA,Hokkaido,5273681,4,0,1277,101
2020-07-13,Japan,NA,Hokkaido,5273681,2,1,1279,102
2020-07-14,Japan,NA,Hokkaido,5273681,8,0,1287,102
2020-07-15,Japan,NA,Hokkaido,5273681,13,0,1300,102
2020-07-16,Japan,NA,Hokkaido,5273681,6,0,1306,102
2020-07-17,Japan,NA,Hokkaido,5273681,3,0,1309,102
2020-07-18,Japan,NA,Hokkaido,5273681,13,0,1322,102
2020-07-19,Japan,NA,Hokkaido,5273681,9,0,1331,102
2020-07-20,Japan,NA,Hokkaido,5273681,3,0,1334,102
2020-07-21,Japan,NA,Hokkaido,5273681,10,0,1344,102
2020-07-22,Japan,NA,Hokkaido,5273681,6,0,1350,102
2020-07-23,Japan,NA,Hokkaido,5273681,4,1,1354,103
2020-07-24,Japan,NA,Hokkaido,5273681,6,0,1360,103
2020-07-25,Japan,NA,Hokkaido,5273681,8,0,1368,103
2020-07-26,Japan,NA,Hokkaido,5273681,5,0,1373,103
2020-07-27,Japan,NA,Hokkaido,5273681,4,0,1377,103
2020-07-28,Japan,NA,Hokkaido,5273681,3,0,1380,103
2020-07-29,Japan,NA,Hokkaido,5273681,5,0,1385,103
2020-07-30,Japan,NA,Hokkaido,5273681,9,0,1394,103
2020-07-31,Japan,NA,Hokkaido,5273681,15,0,1409,103
2020-08-01,Japan,NA,Hokkaido,5273681,18,0,1427,103
2020-08-02,Japan,NA,Hokkaido,5273681,9,0,1436,103
2020-08-03,Japan,NA,Hokkaido,5273681,23,0,1459,103
2020-08-04,Japan,NA,Hokkaido,5273681,11,0,1470,103
2020-08-05,Japan,NA,Hokkaido,5273681,14,0,1484,103
2020-08-06,Japan,NA,Hokkaido,5273681,11,0,1495,103
2020-08-07,Japan,NA,Hokkaido,5273681,14,0,1509,103
2020-08-08,Japan,NA,Hokkaido,5273681,13,0,1522,103
2020-08-09,Japan,NA,Hokkaido,5273681,10,0,1532,103
2020-08-10,Japan,NA,Hokkaido,5273681,13,0,1545,103
2020-08-11,Japan,NA,Hokkaido,5273681,14,0,1559,103
2020-08-12,Japan,NA,Hokkaido,5273681,4,0,1563,103
2020-08-13,Japan,NA,Hokkaido,5273681,10,0,1573,103
2020-08-14,Japan,NA,Hokkaido,5273681,12,0,1585,103
2020-08-15,Japan,NA,Hokkaido,5273681,14,0,1599,103
2020-08-16,Japan,NA,Hokkaido,5273681,8,0,1607,103
2020-08-17,Japan,NA,Hokkaido,5273681,5,0,1612,103
2020-08-18,Japan,NA,Hokkaido,5273681,6,0,1618,103
2020-08-19,Japan,NA,Hokkaido,5273681,8,0,1626,103
2020-08-20,Japan,NA,Hokkaido,5273681,25,0,1651,103
2020-08-21,Japan,NA,Hokkaido,5273681,10,0,1661,103
2020-08-22,Japan,NA,Hokkaido,5273681,16,0,1677,103
2020-08-23,Japan,NA,Hokkaido,5273681,14,0,1691,103
2020-08-24,Japan,NA,Hokkaido,5273681,8,0,1699,103
2020-08-25,Japan,NA,Hokkaido,5273681,7,0,1706,103
2020-08-26,Japan,NA,Hokkaido,5273681,7,0,1713,103
2020-08-27,Japan,NA,Hokkaido,5273681,10,0,1723,103
2020-08-28,Japan,NA,Hokkaido,5273681,16,0,1739,103
2020-08-29,Japan,NA,Hokkaido,5273681,8,0,1747,103
2020-08-30,Japan,NA,Hokkaido,5273681,4,0,1751,103
2020-08-31,Japan,NA,Hokkaido,5273681,8,0,1759,103
2020-09-01,Japan,NA,Hokkaido,5273681,16,0,1775,103
2020-09-02,Japan,NA,Hokkaido,5273681,6,1,1781,104
2020-09-03,Japan,NA,Hokkaido,5273681,6,0,1787,104
2020-09-04,Japan,NA,Hokkaido,5273681,5,0,1792,104
2020-09-05,Japan,NA,Hokkaido,5273681,10,1,1802,105
2020-09-06,Japan,NA,Hokkaido,5273681,4,0,1806,105
2020-09-07,Japan,NA,Hokkaido,5273681,6,0,1812,105
2020-09-08,Japan,NA,Hokkaido,5273681,11,0,1823,105
2020-09-09,Japan,NA,Hokkaido,5273681,4,0,1827,105
2020-09-10,Japan,NA,Hokkaido,5273681,11,1,1838,106
2020-09-11,Japan,NA,Hokkaido,5273681,6,0,1844,106
2020-09-12,Japan,NA,Hokkaido,5273681,7,0,1851,106
2020-09-13,Japan,NA,Hokkaido,5273681,3,0,1854,106
2020-09-14,Japan,NA,Hokkaido,5273681,8,0,1862,106
2020-09-15,Japan,NA,Hokkaido,5273681,8,0,1870,106
2020-03-08,Japan,NA,Hyogo,5463609,2,0,12,0
2020-03-09,Japan,NA,Hyogo,5463609,4,0,16,0
2020-03-10,Japan,NA,Hyogo,5463609,8,0,24,0
2020-03-11,Japan,NA,Hyogo,5463609,13,1,37,1
2020-03-12,Japan,NA,Hyogo,5463609,9,0,46,1
2020-03-13,Japan,NA,Hyogo,5463609,10,0,56,1
2020-03-14,Japan,NA,Hyogo,5463609,11,0,67,1
2020-03-15,Japan,NA,Hyogo,5463609,11,0,78,1
2020-03-16,Japan,NA,Hyogo,5463609,4,1,82,2
2020-03-17,Japan,NA,Hyogo,5463609,4,0,86,2
2020-03-18,Japan,NA,Hyogo,5463609,5,1,91,3
2020-03-19,Japan,NA,Hyogo,5463609,2,1,93,4
2020-03-20,Japan,NA,Hyogo,5463609,8,0,101,4
2020-03-21,Japan,NA,Hyogo,5463609,6,0,107,4
2020-03-22,Japan,NA,Hyogo,5463609,4,2,111,6
2020-03-23,Japan,NA,Hyogo,5463609,2,0,113,6
2020-03-24,Japan,NA,Hyogo,5463609,5,0,118,6
2020-03-25,Japan,NA,Hyogo,5463609,1,0,119,6
2020-03-26,Japan,NA,Hyogo,5463609,1,1,120,7
2020-03-27,Japan,NA,Hyogo,5463609,3,2,123,9
2020-03-28,Japan,NA,Hyogo,5463609,3,1,126,10
2020-03-29,Japan,NA,Hyogo,5463609,7,0,133,10
2020-03-30,Japan,NA,Hyogo,5463609,4,1,137,11
2020-03-31,Japan,NA,Hyogo,5463609,11,0,148,11
2020-04-01,Japan,NA,Hyogo,5463609,14,0,162,11
2020-04-02,Japan,NA,Hyogo,5463609,7,0,169,11
2020-04-03,Japan,NA,Hyogo,5463609,6,0,175,11
2020-04-04,Japan,NA,Hyogo,5463609,15,0,190,11
2020-04-05,Japan,NA,Hyogo,5463609,13,0,203,11
2020-04-06,Japan,NA,Hyogo,5463609,6,1,209,12
2020-04-07,Japan,NA,Hyogo,5463609,20,0,229,12
2020-04-08,Japan,NA,Hyogo,5463609,19,0,248,12
2020-04-09,Japan,NA,Hyogo,5463609,39,1,287,13
2020-04-10,Japan,NA,Hyogo,5463609,29,0,316,13
2020-04-11,Japan,NA,Hyogo,5463609,42,1,358,14
2020-04-12,Japan,NA,Hyogo,5463609,17,0,375,14
2020-04-13,Japan,NA,Hyogo,5463609,9,1,384,15
2020-04-14,Japan,NA,Hyogo,5463609,19,0,403,15
2020-04-15,Japan,NA,Hyogo,5463609,20,0,423,15
2020-04-16,Japan,NA,Hyogo,5463609,31,1,454,16
2020-04-17,Japan,NA,Hyogo,5463609,27,1,481,17
2020-04-18,Japan,NA,Hyogo,5463609,21,0,502,17
2020-04-19,Japan,NA,Hyogo,5463609,11,2,513,19
2020-04-20,Japan,NA,Hyogo,5463609,11,3,524,22
2020-04-21,Japan,NA,Hyogo,5463609,19,0,543,22
2020-04-22,Japan,NA,Hyogo,5463609,17,0,560,22
2020-04-23,Japan,NA,Hyogo,5463609,20,0,580,22
2020-04-24,Japan,NA,Hyogo,5463609,25,1,605,23
2020-04-25,Japan,NA,Hyogo,5463609,15,1,620,24
2020-04-26,Japan,NA,Hyogo,5463609,9,0,629,24
2020-04-27,Japan,NA,Hyogo,5463609,1,0,630,24
2020-04-28,Japan,NA,Hyogo,5463609,7,3,637,27
2020-04-29,Japan,NA,Hyogo,5463609,6,0,643,27
2020-04-30,Japan,NA,Hyogo,5463609,3,0,646,27
2020-05-01,Japan,NA,Hyogo,5463609,5,0,651,27
2020-05-02,Japan,NA,Hyogo,5463609,4,1,655,28
2020-05-03,Japan,NA,Hyogo,5463609,12,0,667,28
2020-05-04,Japan,NA,Hyogo,5463609,0,1,667,29
2020-05-05,Japan,NA,Hyogo,5463609,6,1,673,30
2020-05-06,Japan,NA,Hyogo,5463609,3,0,676,30
2020-05-07,Japan,NA,Hyogo,5463609,3,2,679,32
2020-05-08,Japan,NA,Hyogo,5463609,1,0,680,32
2020-05-09,Japan,NA,Hyogo,5463609,8,2,688,34
2020-05-10,Japan,NA,Hyogo,5463609,5,0,693,34
2020-05-11,Japan,NA,Hyogo,5463609,1,0,694,34
2020-05-12,Japan,NA,Hyogo,5463609,0,1,694,35
2020-05-13,Japan,NA,Hyogo,5463609,3,2,697,37
2020-05-14,Japan,NA,Hyogo,5463609,1,0,698,37
2020-05-15,Japan,NA,Hyogo,5463609,0,1,698,38
2020-05-16,Japan,NA,Hyogo,5463609,1,0,699,38
2020-05-17,Japan,NA,Hyogo,5463609,0,0,699,38
2020-05-18,Japan,NA,Hyogo,5463609,0,0,699,38
2020-05-19,Japan,NA,Hyogo,5463609,0,0,699,38
2020-05-20,Japan,NA,Hyogo,5463609,0,0,699,38
2020-05-21,Japan,NA,Hyogo,5463609,0,0,699,38
2020-05-22,Japan,NA,Hyogo,5463609,0,2,699,40
2020-05-23,Japan,NA,Hyogo,5463609,0,0,699,40
2020-05-24,Japan,NA,Hyogo,5463609,0,0,699,40
2020-05-25,Japan,NA,Hyogo,5463609,0,0,699,40
2020-05-26,Japan,NA,Hyogo,5463609,0,0,699,40
2020-05-27,Japan,NA,Hyogo,5463609,0,0,699,40
2020-05-28,Japan,NA,Hyogo,5463609,0,1,699,41
2020-05-29,Japan,NA,Hyogo,5463609,0,1,699,42
2020-05-30,Japan,NA,Hyogo,5463609,0,0,699,42
2020-05-31,Japan,NA,Hyogo,5463609,0,0,699,42
2020-06-01,Japan,NA,Hyogo,5463609,0,0,699,42
2020-06-02,Japan,NA,Hyogo,5463609,0,0,699,42
2020-06-03,Japan,NA,Hyogo,5463609,0,0,699,42
2020-06-04,Japan,NA,Hyogo,5463609,0,0,699,42
2020-06-05,Japan,NA,Hyogo,5463609,0,0,699,42
2020-06-06,Japan,NA,Hyogo,5463609,0,0,699,42
2020-06-07,Japan,NA,Hyogo,5463609,0,0,699,42
2020-06-08,Japan,NA,Hyogo,5463609,0,1,699,43
2020-06-09,Japan,NA,Hyogo,5463609,0,0,699,43
2020-06-10,Japan,NA,Hyogo,5463609,0,0,699,43
2020-06-11,Japan,NA,Hyogo,5463609,0,0,699,43
2020-06-12,Japan,NA,Hyogo,5463609,0,0,699,43
2020-06-13,Japan,NA,Hyogo,5463609,0,0,699,43
2020-06-14,Japan,NA,Hyogo,5463609,0,0,699,43
2020-06-15,Japan,NA,Hyogo,5463609,0,0,699,43
2020-06-16,Japan,NA,Hyogo,5463609,0,0,699,43
2020-06-17,Japan,NA,Hyogo,5463609,0,0,699,43
2020-06-18,Japan,NA,Hyogo,5463609,0,0,699,43
2020-06-19,Japan,NA,Hyogo,5463609,1,0,700,43
2020-06-20,Japan,NA,Hyogo,5463609,0,0,700,43
2020-06-21,Japan,NA,Hyogo,5463609,2,0,702,43
2020-06-22,Japan,NA,Hyogo,5463609,0,0,702,43
2020-06-23,Japan,NA,Hyogo,5463609,1,0,703,43
2020-06-24,Japan,NA,Hyogo,5463609,1,0,704,43
2020-06-25,Japan,NA,Hyogo,5463609,0,0,704,43
2020-06-26,Japan,NA,Hyogo,5463609,1,0,705,43
2020-06-27,Japan,NA,Hyogo,5463609,0,0,705,43
2020-06-28,Japan,NA,Hyogo,5463609,0,0,705,43
2020-06-29,Japan,NA,Hyogo,5463609,0,0,705,43
2020-06-30,Japan,NA,Hyogo,5463609,1,2,706,45
2020-07-01,Japan,NA,Hyogo,5463609,2,0,708,45
2020-07-02,Japan,NA,Hyogo,5463609,1,0,709,45
2020-07-03,Japan,NA,Hyogo,5463609,0,0,709,45
2020-07-04,Japan,NA,Hyogo,5463609,1,0,710,45
2020-07-05,Japan,NA,Hyogo,5463609,2,0,712,45
2020-07-06,Japan,NA,Hyogo,5463609,4,0,716,45
2020-07-07,Japan,NA,Hyogo,5463609,1,0,717,45
2020-07-08,Japan,NA,Hyogo,5463609,3,0,720,45
2020-07-09,Japan,NA,Hyogo,5463609,2,0,722,45
2020-07-10,Japan,NA,Hyogo,5463609,4,0,726,45
2020-07-11,Japan,NA,Hyogo,5463609,5,0,731,45
2020-07-12,Japan,NA,Hyogo,5463609,6,0,737,45
2020-07-13,Japan,NA,Hyogo,5463609,1,0,738,45
2020-07-14,Japan,NA,Hyogo,5463609,9,0,747,45
2020-07-15,Japan,NA,Hyogo,5463609,12,0,759,45
2020-07-16,Japan,NA,Hyogo,5463609,17,0,776,45
2020-07-17,Japan,NA,Hyogo,5463609,25,0,801,45
2020-07-18,Japan,NA,Hyogo,5463609,12,0,813,45
2020-07-19,Japan,NA,Hyogo,5463609,21,0,834,45
2020-07-20,Japan,NA,Hyogo,5463609,7,0,841,45
2020-07-21,Japan,NA,Hyogo,5463609,12,0,853,45
2020-07-22,Japan,NA,Hyogo,5463609,30,0,883,45
2020-07-23,Japan,NA,Hyogo,5463609,35,0,918,45
2020-07-24,Japan,NA,Hyogo,5463609,23,0,941,45
2020-07-25,Japan,NA,Hyogo,5463609,24,0,965,45
2020-07-26,Japan,NA,Hyogo,5463609,49,0,1014,45
2020-07-27,Japan,NA,Hyogo,5463609,12,0,1026,45
2020-07-28,Japan,NA,Hyogo,5463609,33,0,1059,45
2020-07-29,Japan,NA,Hyogo,5463609,46,0,1105,45
2020-07-30,Japan,NA,Hyogo,5463609,53,0,1158,45
2020-07-31,Japan,NA,Hyogo,5463609,62,0,1220,45
2020-08-01,Japan,NA,Hyogo,5463609,32,0,1252,45
2020-08-02,Japan,NA,Hyogo,5463609,60,0,1312,45
2020-08-03,Japan,NA,Hyogo,5463609,27,0,1339,45
2020-08-04,Japan,NA,Hyogo,5463609,32,0,1371,45
2020-08-05,Japan,NA,Hyogo,5463609,52,1,1423,46
2020-08-06,Japan,NA,Hyogo,5463609,61,1,1484,47
2020-08-07,Japan,NA,Hyogo,5463609,49,0,1533,47
2020-08-08,Japan,NA,Hyogo,5463609,55,0,1588,47
2020-08-09,Japan,NA,Hyogo,5463609,48,0,1636,47
2020-08-10,Japan,NA,Hyogo,5463609,26,0,1662,47
2020-08-11,Japan,NA,Hyogo,5463609,30,0,1692,47
2020-08-12,Japan,NA,Hyogo,5463609,36,0,1728,47
2020-08-13,Japan,NA,Hyogo,5463609,48,0,1776,47
2020-08-14,Japan,NA,Hyogo,5463609,33,1,1809,48
2020-08-15,Japan,NA,Hyogo,5463609,53,0,1862,48
2020-08-16,Japan,NA,Hyogo,5463609,37,0,1899,48
2020-08-17,Japan,NA,Hyogo,5463609,24,0,1923,48
2020-08-18,Japan,NA,Hyogo,5463609,25,0,1948,48
2020-08-19,Japan,NA,Hyogo,5463609,49,0,1997,48
2020-08-20,Japan,NA,Hyogo,5463609,34,0,2031,48
2020-08-21,Japan,NA,Hyogo,5463609,39,1,2070,49
2020-08-22,Japan,NA,Hyogo,5463609,33,0,2103,49
2020-08-23,Japan,NA,Hyogo,5463609,24,0,2127,49
2020-08-24,Japan,NA,Hyogo,5463609,8,0,2135,49
2020-08-25,Japan,NA,Hyogo,5463609,23,0,2158,49
2020-08-26,Japan,NA,Hyogo,5463609,28,1,2186,50
2020-08-27,Japan,NA,Hyogo,5463609,22,1,2208,51
2020-08-28,Japan,NA,Hyogo,5463609,26,2,2234,53
2020-08-29,Japan,NA,Hyogo,5463609,20,0,2254,53
2020-08-30,Japan,NA,Hyogo,5463609,13,0,2267,53
2020-08-31,Japan,NA,Hyogo,5463609,8,0,2275,53
2020-09-01,Japan,NA,Hyogo,5463609,21,0,2296,53
2020-09-02,Japan,NA,Hyogo,5463609,7,0,2303,53
2020-09-03,Japan,NA,Hyogo,5463609,13,0,2316,53
2020-09-04,Japan,NA,Hyogo,5463609,13,1,2329,54
2020-09-05,Japan,NA,Hyogo,5463609,9,0,2338,54
2020-09-06,Japan,NA,Hyogo,5463609,16,0,2354,54
2020-09-07,Japan,NA,Hyogo,5463609,6,0,2360,54
2020-09-08,Japan,NA,Hyogo,5463609,18,0,2378,54
2020-09-09,Japan,NA,Hyogo,5463609,22,0,2400,54
2020-09-10,Japan,NA,Hyogo,5463609,21,0,2421,54
2020-09-11,Japan,NA,Hyogo,5463609,14,1,2435,55
2020-09-12,Japan,NA,Hyogo,5463609,20,0,2455,55
2020-09-13,Japan,NA,Hyogo,5463609,15,0,2470,55
2020-09-14,Japan,NA,Hyogo,5463609,8,0,2478,55
2020-09-15,Japan,NA,Hyogo,5463609,24,0,2502,55
2020-03-27,Japan,NA,Ibaraki,2868041,3,0,13,0
2020-03-28,Japan,NA,Ibaraki,2868041,3,0,16,0
2020-03-29,Japan,NA,Ibaraki,2868041,0,0,16,0
2020-03-30,Japan,NA,Ibaraki,2868041,4,0,20,0
2020-03-31,Japan,NA,Ibaraki,2868041,4,0,24,0
2020-04-01,Japan,NA,Ibaraki,2868041,18,2,42,2
2020-04-02,Japan,NA,Ibaraki,2868041,2,0,44,2
2020-04-03,Japan,NA,Ibaraki,2868041,10,0,54,2
2020-04-04,Japan,NA,Ibaraki,2868041,5,0,59,2
2020-04-05,Japan,NA,Ibaraki,2868041,5,0,64,2
2020-04-06,Japan,NA,Ibaraki,2868041,7,0,71,2
2020-04-07,Japan,NA,Ibaraki,2868041,6,0,77,2
2020-04-08,Japan,NA,Ibaraki,2868041,0,0,77,2
2020-04-09,Japan,NA,Ibaraki,2868041,5,0,82,2
2020-04-10,Japan,NA,Ibaraki,2868041,9,1,91,3
2020-04-11,Japan,NA,Ibaraki,2868041,12,2,103,5
2020-04-12,Japan,NA,Ibaraki,2868041,6,0,109,5
2020-04-13,Japan,NA,Ibaraki,2868041,1,0,110,5
2020-04-14,Japan,NA,Ibaraki,2868041,6,0,116,5
2020-04-15,Japan,NA,Ibaraki,2868041,3,0,119,5
2020-04-16,Japan,NA,Ibaraki,2868041,4,0,123,5
2020-04-17,Japan,NA,Ibaraki,2868041,8,0,131,5
2020-04-18,Japan,NA,Ibaraki,2868041,4,0,135,5
2020-04-19,Japan,NA,Ibaraki,2868041,4,0,139,5
2020-04-20,Japan,NA,Ibaraki,2868041,4,0,143,5
2020-04-21,Japan,NA,Ibaraki,2868041,3,1,146,6
2020-04-22,Japan,NA,Ibaraki,2868041,5,0,151,6
2020-04-23,Japan,NA,Ibaraki,2868041,2,0,153,6
2020-04-24,Japan,NA,Ibaraki,2868041,4,0,157,6
2020-04-25,Japan,NA,Ibaraki,2868041,3,0,160,6
2020-04-26,Japan,NA,Ibaraki,2868041,1,0,161,6
2020-04-27,Japan,NA,Ibaraki,2868041,0,0,161,6
2020-04-28,Japan,NA,Ibaraki,2868041,1,0,162,6
2020-04-29,Japan,NA,Ibaraki,2868041,1,0,163,6
2020-04-30,Japan,NA,Ibaraki,2868041,0,1,163,7
2020-05-01,Japan,NA,Ibaraki,2868041,2,1,165,8
2020-05-02,Japan,NA,Ibaraki,2868041,0,0,165,8
2020-05-03,Japan,NA,Ibaraki,2868041,0,0,165,8
2020-05-04,Japan,NA,Ibaraki,2868041,2,1,167,9
2020-05-05,Japan,NA,Ibaraki,2868041,1,0,168,9
2020-05-06,Japan,NA,Ibaraki,2868041,0,0,168,9
2020-05-07,Japan,NA,Ibaraki,2868041,0,0,168,9
2020-05-08,Japan,NA,Ibaraki,2868041,0,0,168,9
2020-05-09,Japan,NA,Ibaraki,2868041,0,0,168,9
2020-05-10,Japan,NA,Ibaraki,2868041,0,0,168,9
2020-05-11,Japan,NA,Ibaraki,2868041,0,0,168,9
2020-05-12,Japan,NA,Ibaraki,2868041,0,0,168,9
2020-05-13,Japan,NA,Ibaraki,2868041,0,0,168,9
2020-05-14,Japan,NA,Ibaraki,2868041,0,0,168,9
2020-05-15,Japan,NA,Ibaraki,2868041,0,0,168,9
2020-05-16,Japan,NA,Ibaraki,2868041,0,0,168,9
2020-05-17,Japan,NA,Ibaraki,2868041,0,0,168,9
2020-05-18,Japan,NA,Ibaraki,2868041,0,0,168,9
2020-05-19,Japan,NA,Ibaraki,2868041,0,0,168,9
2020-05-20,Japan,NA,Ibaraki,2868041,0,0,168,9
2020-05-21,Japan,NA,Ibaraki,2868041,0,0,168,9
2020-05-22,Japan,NA,Ibaraki,2868041,0,0,168,9
2020-05-23,Japan,NA,Ibaraki,2868041,0,0,168,9
2020-05-24,Japan,NA,Ibaraki,2868041,0,0,168,9
2020-05-25,Japan,NA,Ibaraki,2868041,0,0,168,9
2020-05-26,Japan,NA,Ibaraki,2868041,0,1,168,10
2020-05-27,Japan,NA,Ibaraki,2868041,0,0,168,10
2020-05-28,Japan,NA,Ibaraki,2868041,0,0,168,10
2020-05-29,Japan,NA,Ibaraki,2868041,0,0,168,10
2020-05-30,Japan,NA,Ibaraki,2868041,0,0,168,10
2020-05-31,Japan,NA,Ibaraki,2868041,0,0,168,10
2020-06-01,Japan,NA,Ibaraki,2868041,0,0,168,10
2020-06-02,Japan,NA,Ibaraki,2868041,0,0,168,10
2020-06-03,Japan,NA,Ibaraki,2868041,0,0,168,10
2020-06-04,Japan,NA,Ibaraki,2868041,0,0,168,10
2020-06-05,Japan,NA,Ibaraki,2868041,0,0,168,10
2020-06-06,Japan,NA,Ibaraki,2868041,0,0,168,10
2020-06-07,Japan,NA,Ibaraki,2868041,0,0,168,10
2020-06-08,Japan,NA,Ibaraki,2868041,0,0,168,10
2020-06-09,Japan,NA,Ibaraki,2868041,0,0,168,10
2020-06-10,Japan,NA,Ibaraki,2868041,0,0,168,10
2020-06-11,Japan,NA,Ibaraki,2868041,0,0,168,10
2020-06-12,Japan,NA,Ibaraki,2868041,0,0,168,10
2020-06-13,Japan,NA,Ibaraki,2868041,0,0,168,10
2020-06-14,Japan,NA,Ibaraki,2868041,0,0,168,10
2020-06-15,Japan,NA,Ibaraki,2868041,0,0,168,10
2020-06-16,Japan,NA,Ibaraki,2868041,0,0,168,10
2020-06-17,Japan,NA,Ibaraki,2868041,0,0,168,10
2020-06-18,Japan,NA,Ibaraki,2868041,0,0,168,10
2020-06-19,Japan,NA,Ibaraki,2868041,0,0,168,10
2020-06-20,Japan,NA,Ibaraki,2868041,2,0,170,10
2020-06-21,Japan,NA,Ibaraki,2868041,0,0,170,10
2020-06-22,Japan,NA,Ibaraki,2868041,0,0,170,10
2020-06-23,Japan,NA,Ibaraki,2868041,0,0,170,10
2020-06-24,Japan,NA,Ibaraki,2868041,0,0,170,10
2020-06-25,Japan,NA,Ibaraki,2868041,0,0,170,10
2020-06-26,Japan,NA,Ibaraki,2868041,2,0,172,10
2020-06-27,Japan,NA,Ibaraki,2868041,0,0,172,10
2020-06-28,Japan,NA,Ibaraki,2868041,1,0,173,10
2020-06-29,Japan,NA,Ibaraki,2868041,1,0,174,10
2020-06-30,Japan,NA,Ibaraki,2868041,0,0,174,10
2020-07-01,Japan,NA,Ibaraki,2868041,0,0,174,10
2020-07-02,Japan,NA,Ibaraki,2868041,2,0,176,10
2020-07-03,Japan,NA,Ibaraki,2868041,6,0,182,10
2020-07-04,Japan,NA,Ibaraki,2868041,1,0,183,10
2020-07-05,Japan,NA,Ibaraki,2868041,0,0,183,10
2020-07-06,Japan,NA,Ibaraki,2868041,3,0,186,10
2020-07-07,Japan,NA,Ibaraki,2868041,1,0,187,10
2020-07-08,Japan,NA,Ibaraki,2868041,1,0,188,10
2020-07-09,Japan,NA,Ibaraki,2868041,1,0,189,10
2020-07-10,Japan,NA,Ibaraki,2868041,7,0,196,10
2020-07-11,Japan,NA,Ibaraki,2868041,0,0,196,10
2020-07-12,Japan,NA,Ibaraki,2868041,3,0,199,10
2020-07-13,Japan,NA,Ibaraki,2868041,3,0,202,10
2020-07-14,Japan,NA,Ibaraki,2868041,2,0,204,10
2020-07-15,Japan,NA,Ibaraki,2868041,5,0,209,10
2020-07-16,Japan,NA,Ibaraki,2868041,2,0,211,10
2020-07-17,Japan,NA,Ibaraki,2868041,4,0,215,10
2020-07-18,Japan,NA,Ibaraki,2868041,5,0,220,10
2020-07-19,Japan,NA,Ibaraki,2868041,5,0,225,10
2020-07-20,Japan,NA,Ibaraki,2868041,1,0,226,10
2020-07-21,Japan,NA,Ibaraki,2868041,4,0,230,10
2020-07-22,Japan,NA,Ibaraki,2868041,5,0,235,10
2020-07-23,Japan,NA,Ibaraki,2868041,2,0,237,10
2020-07-24,Japan,NA,Ibaraki,2868041,2,0,239,10
2020-07-25,Japan,NA,Ibaraki,2868041,0,0,239,10
2020-07-26,Japan,NA,Ibaraki,2868041,3,0,242,10
2020-07-27,Japan,NA,Ibaraki,2868041,2,0,244,10
2020-07-28,Japan,NA,Ibaraki,2868041,15,0,259,10
2020-07-29,Japan,NA,Ibaraki,2868041,9,0,268,10
2020-07-30,Japan,NA,Ibaraki,2868041,12,0,280,10
2020-07-31,Japan,NA,Ibaraki,2868041,14,0,294,10
2020-08-01,Japan,NA,Ibaraki,2868041,14,0,308,10
2020-08-02,Japan,NA,Ibaraki,2868041,14,0,322,10
2020-08-03,Japan,NA,Ibaraki,2868041,5,0,327,10
2020-08-04,Japan,NA,Ibaraki,2868041,7,0,334,10
2020-08-05,Japan,NA,Ibaraki,2868041,10,0,344,10
2020-08-06,Japan,NA,Ibaraki,2868041,12,0,356,10
2020-08-07,Japan,NA,Ibaraki,2868041,12,0,368,10
2020-08-08,Japan,NA,Ibaraki,2868041,12,0,380,10
2020-08-09,Japan,NA,Ibaraki,2868041,17,0,397,10
2020-08-10,Japan,NA,Ibaraki,2868041,6,0,403,10
2020-08-11,Japan,NA,Ibaraki,2868041,3,0,406,10
2020-08-12,Japan,NA,Ibaraki,2868041,10,0,416,10
2020-08-13,Japan,NA,Ibaraki,2868041,15,0,431,10
2020-08-14,Japan,NA,Ibaraki,2868041,12,0,443,10
2020-08-15,Japan,NA,Ibaraki,2868041,7,0,450,10
2020-08-16,Japan,NA,Ibaraki,2868041,2,0,452,10
2020-08-17,Japan,NA,Ibaraki,2868041,4,0,456,10
2020-08-18,Japan,NA,Ibaraki,2868041,7,0,463,10
2020-08-19,Japan,NA,Ibaraki,2868041,13,1,476,11
2020-08-20,Japan,NA,Ibaraki,2868041,3,0,479,11
2020-08-21,Japan,NA,Ibaraki,2868041,11,0,490,11
2020-08-22,Japan,NA,Ibaraki,2868041,8,0,498,11
2020-08-23,Japan,NA,Ibaraki,2868041,5,0,503,11
2020-08-24,Japan,NA,Ibaraki,2868041,4,0,507,11
2020-08-25,Japan,NA,Ibaraki,2868041,5,1,512,12
2020-08-26,Japan,NA,Ibaraki,2868041,12,0,524,12
2020-08-27,Japan,NA,Ibaraki,2868041,8,0,532,12
2020-08-28,Japan,NA,Ibaraki,2868041,6,1,538,13
2020-08-29,Japan,NA,Ibaraki,2868041,4,0,542,13
2020-08-30,Japan,NA,Ibaraki,2868041,2,0,544,13
2020-08-31,Japan,NA,Ibaraki,2868041,1,0,545,13
2020-09-01,Japan,NA,Ibaraki,2868041,4,0,549,13
2020-09-02,Japan,NA,Ibaraki,2868041,6,1,555,14
2020-09-03,Japan,NA,Ibaraki,2868041,4,0,559,14
2020-09-04,Japan,NA,Ibaraki,2868041,8,0,567,14
2020-09-05,Japan,NA,Ibaraki,2868041,6,0,573,14
2020-09-06,Japan,NA,Ibaraki,2868041,10,0,583,14
2020-09-07,Japan,NA,Ibaraki,2868041,0,0,583,14
2020-09-08,Japan,NA,Ibaraki,2868041,5,0,588,14
2020-09-09,Japan,NA,Ibaraki,2868041,1,0,589,14
2020-09-10,Japan,NA,Ibaraki,2868041,4,0,593,14
2020-09-11,Japan,NA,Ibaraki,2868041,13,0,606,14
2020-09-12,Japan,NA,Ibaraki,2868041,3,1,609,15
2020-09-13,Japan,NA,Ibaraki,2868041,3,0,612,15
2020-09-14,Japan,NA,Ibaraki,2868041,2,1,614,16
2020-09-15,Japan,NA,Ibaraki,2868041,2,0,616,16
2020-03-30,Japan,NA,Ishikawa,1137181,2,0,11,0
2020-03-31,Japan,NA,Ishikawa,1137181,2,0,13,0
2020-04-01,Japan,NA,Ishikawa,1137181,2,0,15,0
2020-04-02,Japan,NA,Ishikawa,1137181,1,0,16,0
2020-04-03,Japan,NA,Ishikawa,1137181,8,0,24,0
2020-04-04,Japan,NA,Ishikawa,1137181,8,0,32,0
2020-04-05,Japan,NA,Ishikawa,1137181,11,0,43,0
2020-04-06,Japan,NA,Ishikawa,1137181,2,0,45,0
2020-04-07,Japan,NA,Ishikawa,1137181,10,0,55,0
2020-04-08,Japan,NA,Ishikawa,1137181,11,0,66,0
2020-04-09,Japan,NA,Ishikawa,1137181,7,0,73,0
2020-04-10,Japan,NA,Ishikawa,1137181,19,0,92,0
2020-04-11,Japan,NA,Ishikawa,1137181,12,0,104,0
2020-04-12,Japan,NA,Ishikawa,1137181,9,0,113,0
2020-04-13,Japan,NA,Ishikawa,1137181,8,0,121,0
2020-04-14,Japan,NA,Ishikawa,1137181,10,3,131,3
2020-04-15,Japan,NA,Ishikawa,1137181,9,1,140,4
2020-04-16,Japan,NA,Ishikawa,1137181,6,0,146,4
2020-04-17,Japan,NA,Ishikawa,1137181,14,0,160,4
2020-04-18,Japan,NA,Ishikawa,1137181,13,0,173,4
2020-04-19,Japan,NA,Ishikawa,1137181,5,0,178,4
2020-04-20,Japan,NA,Ishikawa,1137181,3,0,181,4
2020-04-21,Japan,NA,Ishikawa,1137181,12,1,193,5
2020-04-22,Japan,NA,Ishikawa,1137181,6,0,199,5
2020-04-23,Japan,NA,Ishikawa,1137181,17,0,216,5
2020-04-24,Japan,NA,Ishikawa,1137181,6,0,222,5
2020-04-25,Japan,NA,Ishikawa,1137181,4,0,226,5
2020-04-26,Japan,NA,Ishikawa,1137181,9,0,235,5
2020-04-27,Japan,NA,Ishikawa,1137181,6,1,241,6
2020-04-28,Japan,NA,Ishikawa,1137181,8,0,249,6
2020-04-29,Japan,NA,Ishikawa,1137181,1,2,250,8
2020-04-30,Japan,NA,Ishikawa,1137181,1,0,251,8
2020-05-01,Japan,NA,Ishikawa,1137181,3,3,254,11
2020-05-02,Japan,NA,Ishikawa,1137181,6,2,260,13
2020-05-03,Japan,NA,Ishikawa,1137181,4,2,264,15
2020-05-04,Japan,NA,Ishikawa,1137181,3,1,267,16
2020-05-05,Japan,NA,Ishikawa,1137181,1,0,268,16
2020-05-06,Japan,NA,Ishikawa,1137181,3,0,271,16
2020-05-07,Japan,NA,Ishikawa,1137181,4,0,275,16
2020-05-08,Japan,NA,Ishikawa,1137181,0,0,275,16
2020-05-09,Japan,NA,Ishikawa,1137181,2,0,277,16
2020-05-10,Japan,NA,Ishikawa,1137181,1,0,278,16
2020-05-11,Japan,NA,Ishikawa,1137181,2,1,280,17
2020-05-12,Japan,NA,Ishikawa,1137181,3,2,283,19
2020-05-13,Japan,NA,Ishikawa,1137181,1,0,284,19
2020-05-14,Japan,NA,Ishikawa,1137181,0,1,284,20
2020-05-15,Japan,NA,Ishikawa,1137181,1,0,285,20
2020-05-16,Japan,NA,Ishikawa,1137181,1,1,286,21
2020-05-17,Japan,NA,Ishikawa,1137181,1,0,287,21
2020-05-18,Japan,NA,Ishikawa,1137181,0,1,287,22
2020-05-19,Japan,NA,Ishikawa,1137181,3,0,290,22
2020-05-20,Japan,NA,Ishikawa,1137181,0,0,290,22
2020-05-21,Japan,NA,Ishikawa,1137181,2,0,292,22
2020-05-22,Japan,NA,Ishikawa,1137181,2,2,294,24
2020-05-23,Japan,NA,Ishikawa,1137181,1,0,295,24
2020-05-24,Japan,NA,Ishikawa,1137181,0,0,295,24
2020-05-25,Japan,NA,Ishikawa,1137181,0,0,295,24
2020-05-26,Japan,NA,Ishikawa,1137181,1,0,296,24
2020-05-27,Japan,NA,Ishikawa,1137181,0,0,296,24
2020-05-28,Japan,NA,Ishikawa,1137181,1,0,297,24
2020-05-29,Japan,NA,Ishikawa,1137181,1,0,298,24
2020-05-30,Japan,NA,Ishikawa,1137181,0,1,298,25
2020-05-31,Japan,NA,Ishikawa,1137181,0,0,298,25
2020-06-01,Japan,NA,Ishikawa,1137181,0,0,298,25
2020-06-02,Japan,NA,Ishikawa,1137181,0,0,298,25
2020-06-03,Japan,NA,Ishikawa,1137181,0,1,298,26
2020-06-04,Japan,NA,Ishikawa,1137181,0,0,298,26
2020-06-05,Japan,NA,Ishikawa,1137181,1,1,299,27
2020-06-06,Japan,NA,Ishikawa,1137181,0,0,299,27
2020-06-07,Japan,NA,Ishikawa,1137181,0,0,299,27
2020-06-08,Japan,NA,Ishikawa,1137181,0,0,299,27
2020-06-09,Japan,NA,Ishikawa,1137181,0,0,299,27
2020-06-10,Japan,NA,Ishikawa,1137181,0,0,299,27
2020-06-11,Japan,NA,Ishikawa,1137181,0,0,299,27
2020-06-12,Japan,NA,Ishikawa,1137181,0,0,299,27
2020-06-13,Japan,NA,Ishikawa,1137181,0,0,299,27
2020-06-14,Japan,NA,Ishikawa,1137181,0,0,299,27
2020-06-15,Japan,NA,Ishikawa,1137181,0,0,299,27
2020-06-16,Japan,NA,Ishikawa,1137181,0,0,299,27
2020-06-17,Japan,NA,Ishikawa,1137181,0,0,299,27
2020-06-18,Japan,NA,Ishikawa,1137181,0,0,299,27
2020-06-19,Japan,NA,Ishikawa,1137181,0,0,299,27
2020-06-20,Japan,NA,Ishikawa,1137181,0,0,299,27
2020-06-21,Japan,NA,Ishikawa,1137181,0,0,299,27
2020-06-22,Japan,NA,Ishikawa,1137181,1,0,300,27
2020-06-23,Japan,NA,Ishikawa,1137181,0,0,300,27
2020-06-24,Japan,NA,Ishikawa,1137181,0,0,300,27
2020-06-25,Japan,NA,Ishikawa,1137181,0,0,300,27
2020-06-26,Japan,NA,Ishikawa,1137181,0,0,300,27
2020-06-27,Japan,NA,Ishikawa,1137181,0,0,300,27
2020-06-28,Japan,NA,Ishikawa,1137181,0,0,300,27
2020-06-29,Japan,NA,Ishikawa,1137181,0,0,300,27
2020-06-30,Japan,NA,Ishikawa,1137181,0,0,300,27
2020-07-01,Japan,NA,Ishikawa,1137181,0,0,300,27
2020-07-02,Japan,NA,Ishikawa,1137181,0,0,300,27
2020-07-03,Japan,NA,Ishikawa,1137181,0,0,300,27
2020-07-04,Japan,NA,Ishikawa,1137181,0,0,300,27
2020-07-05,Japan,NA,Ishikawa,1137181,0,0,300,27
2020-07-06,Japan,NA,Ishikawa,1137181,0,0,300,27
2020-07-07,Japan,NA,Ishikawa,1137181,0,0,300,27
2020-07-08,Japan,NA,Ishikawa,1137181,0,0,300,27
2020-07-09,Japan,NA,Ishikawa,1137181,0,0,300,27
2020-07-10,Japan,NA,Ishikawa,1137181,0,0,300,27
2020-07-11,Japan,NA,Ishikawa,1137181,0,0,300,27
2020-07-12,Japan,NA,Ishikawa,1137181,0,0,300,27
2020-07-13,Japan,NA,Ishikawa,1137181,0,0,300,27
2020-07-14,Japan,NA,Ishikawa,1137181,0,0,300,27
2020-07-15,Japan,NA,Ishikawa,1137181,0,0,300,27
2020-07-16,Japan,NA,Ishikawa,1137181,0,0,300,27
2020-07-17,Japan,NA,Ishikawa,1137181,1,0,301,27
2020-07-18,Japan,NA,Ishikawa,1137181,2,0,303,27
2020-07-19,Japan,NA,Ishikawa,1137181,0,0,303,27
2020-07-20,Japan,NA,Ishikawa,1137181,0,0,303,27
2020-07-21,Japan,NA,Ishikawa,1137181,3,0,306,27
2020-07-22,Japan,NA,Ishikawa,1137181,0,0,306,27
2020-07-23,Japan,NA,Ishikawa,1137181,1,0,307,27
2020-07-24,Japan,NA,Ishikawa,1137181,3,0,310,27
2020-07-25,Japan,NA,Ishikawa,1137181,0,0,310,27
2020-07-26,Japan,NA,Ishikawa,1137181,3,0,313,27
2020-07-27,Japan,NA,Ishikawa,1137181,0,0,313,27
2020-07-28,Japan,NA,Ishikawa,1137181,1,0,314,27
2020-07-29,Japan,NA,Ishikawa,1137181,2,0,316,27
2020-07-30,Japan,NA,Ishikawa,1137181,4,0,320,27
2020-07-31,Japan,NA,Ishikawa,1137181,1,0,321,27
2020-08-01,Japan,NA,Ishikawa,1137181,1,0,322,27
2020-08-02,Japan,NA,Ishikawa,1137181,1,0,323,27
2020-08-03,Japan,NA,Ishikawa,1137181,0,0,323,27
2020-08-04,Japan,NA,Ishikawa,1137181,1,0,324,27
2020-08-05,Japan,NA,Ishikawa,1137181,0,0,324,27
2020-08-06,Japan,NA,Ishikawa,1137181,6,0,330,27
2020-08-07,Japan,NA,Ishikawa,1137181,1,0,331,27
2020-08-08,Japan,NA,Ishikawa,1137181,11,0,342,27
2020-08-09,Japan,NA,Ishikawa,1137181,22,1,364,28
2020-08-10,Japan,NA,Ishikawa,1137181,12,0,376,28
2020-08-11,Japan,NA,Ishikawa,1137181,14,0,390,28
2020-08-12,Japan,NA,Ishikawa,1137181,9,0,399,28
2020-08-13,Japan,NA,Ishikawa,1137181,13,0,412,28
2020-08-14,Japan,NA,Ishikawa,1137181,13,0,425,28
2020-08-15,Japan,NA,Ishikawa,1137181,13,0,438,28
2020-08-16,Japan,NA,Ishikawa,1137181,18,1,456,29
2020-08-17,Japan,NA,Ishikawa,1137181,19,0,475,29
2020-08-18,Japan,NA,Ishikawa,1137181,11,0,486,29
2020-08-19,Japan,NA,Ishikawa,1137181,19,0,505,29
2020-08-20,Japan,NA,Ishikawa,1137181,19,1,524,30
2020-08-21,Japan,NA,Ishikawa,1137181,8,0,532,30
2020-08-22,Japan,NA,Ishikawa,1137181,18,0,550,30
2020-08-23,Japan,NA,Ishikawa,1137181,16,1,566,31
2020-08-24,Japan,NA,Ishikawa,1137181,7,0,573,31
2020-08-25,Japan,NA,Ishikawa,1137181,12,0,585,31
2020-08-26,Japan,NA,Ishikawa,1137181,7,0,592,31
2020-08-27,Japan,NA,Ishikawa,1137181,13,2,605,33
2020-08-28,Japan,NA,Ishikawa,1137181,8,0,613,33
2020-08-29,Japan,NA,Ishikawa,1137181,7,0,620,33
2020-08-30,Japan,NA,Ishikawa,1137181,4,0,624,33
2020-08-31,Japan,NA,Ishikawa,1137181,2,0,626,33
2020-09-01,Japan,NA,Ishikawa,1137181,27,0,653,33
2020-09-02,Japan,NA,Ishikawa,1137181,13,1,666,34
2020-09-03,Japan,NA,Ishikawa,1137181,11,0,677,34
2020-09-04,Japan,NA,Ishikawa,1137181,4,3,681,37
2020-09-05,Japan,NA,Ishikawa,1137181,16,1,697,38
2020-09-06,Japan,NA,Ishikawa,1137181,7,0,704,38
2020-09-07,Japan,NA,Ishikawa,1137181,4,1,708,39
2020-09-08,Japan,NA,Ishikawa,1137181,4,0,712,39
2020-09-09,Japan,NA,Ishikawa,1137181,6,1,718,40
2020-09-10,Japan,NA,Ishikawa,1137181,4,1,722,41
2020-09-11,Japan,NA,Ishikawa,1137181,2,1,724,42
2020-09-12,Japan,NA,Ishikawa,1137181,6,0,730,42
2020-09-13,Japan,NA,Ishikawa,1137181,0,0,730,42
2020-09-14,Japan,NA,Ishikawa,1137181,1,1,731,43
2020-09-15,Japan,NA,Ishikawa,1137181,5,0,736,43
2020-02-21,Japan,NA,Kanagawa,9200166,3,0,12,1
2020-02-22,Japan,NA,Kanagawa,9200166,4,0,16,1
2020-02-23,Japan,NA,Kanagawa,9200166,0,0,16,1
2020-02-24,Japan,NA,Kanagawa,9200166,1,0,17,1
2020-02-25,Japan,NA,Kanagawa,9200166,0,0,17,1
2020-02-26,Japan,NA,Kanagawa,9200166,1,0,18,1
2020-02-27,Japan,NA,Kanagawa,9200166,3,0,21,1
2020-02-28,Japan,NA,Kanagawa,9200166,1,0,22,1
2020-02-29,Japan,NA,Kanagawa,9200166,0,0,22,1
2020-03-01,Japan,NA,Kanagawa,9200166,3,0,25,1
2020-03-02,Japan,NA,Kanagawa,9200166,5,0,30,1
2020-03-03,Japan,NA,Kanagawa,9200166,1,0,31,1
2020-03-04,Japan,NA,Kanagawa,9200166,0,0,31,1
2020-03-05,Japan,NA,Kanagawa,9200166,3,0,34,1
2020-03-06,Japan,NA,Kanagawa,9200166,6,0,40,1
2020-03-07,Japan,NA,Kanagawa,9200166,1,0,41,1
2020-03-08,Japan,NA,Kanagawa,9200166,0,0,41,1
2020-03-09,Japan,NA,Kanagawa,9200166,0,1,41,2
2020-03-10,Japan,NA,Kanagawa,9200166,2,1,43,3
2020-03-11,Japan,NA,Kanagawa,9200166,3,0,46,3
2020-03-12,Japan,NA,Kanagawa,9200166,3,0,49,3
2020-03-13,Japan,NA,Kanagawa,9200166,1,0,50,3
2020-03-14,Japan,NA,Kanagawa,9200166,0,0,50,3
2020-03-15,Japan,NA,Kanagawa,9200166,5,0,55,3
2020-03-16,Japan,NA,Kanagawa,9200166,0,0,55,3
2020-03-17,Japan,NA,Kanagawa,9200166,4,1,59,4
2020-03-18,Japan,NA,Kanagawa,9200166,1,0,60,4
2020-03-19,Japan,NA,Kanagawa,9200166,6,0,66,4
2020-03-20,Japan,NA,Kanagawa,9200166,2,0,68,4
2020-03-21,Japan,NA,Kanagawa,9200166,4,0,72,4
2020-03-22,Japan,NA,Kanagawa,9200166,5,0,77,4
2020-03-23,Japan,NA,Kanagawa,9200166,0,0,77,4
2020-03-24,Japan,NA,Kanagawa,9200166,6,0,83,4
2020-03-25,Japan,NA,Kanagawa,9200166,4,0,87,4
2020-03-26,Japan,NA,Kanagawa,9200166,6,0,93,4
2020-03-27,Japan,NA,Kanagawa,9200166,11,1,104,5
2020-03-28,Japan,NA,Kanagawa,9200166,12,0,116,5
2020-03-29,Japan,NA,Kanagawa,9200166,9,0,125,5
2020-03-30,Japan,NA,Kanagawa,9200166,3,1,128,6
2020-03-31,Japan,NA,Kanagawa,9200166,14,0,142,6
2020-04-01,Japan,NA,Kanagawa,9200166,19,0,161,6
2020-04-02,Japan,NA,Kanagawa,9200166,25,1,186,7
2020-04-03,Japan,NA,Kanagawa,9200166,31,0,217,7
2020-04-04,Japan,NA,Kanagawa,9200166,21,0,238,7
2020-04-05,Japan,NA,Kanagawa,9200166,27,0,265,7
2020-04-06,Japan,NA,Kanagawa,9200166,6,0,271,7
2020-04-07,Japan,NA,Kanagawa,9200166,18,0,289,7
2020-04-08,Japan,NA,Kanagawa,9200166,64,0,353,7
2020-04-09,Japan,NA,Kanagawa,9200166,28,0,381,7
2020-04-10,Japan,NA,Kanagawa,9200166,55,3,436,10
2020-04-11,Japan,NA,Kanagawa,9200166,76,1,512,11
2020-04-12,Japan,NA,Kanagawa,9200166,31,1,543,12
2020-04-13,Japan,NA,Kanagawa,9200166,15,2,558,14
2020-04-14,Japan,NA,Kanagawa,9200166,20,0,578,14
2020-04-15,Japan,NA,Kanagawa,9200166,40,0,618,14
2020-04-16,Japan,NA,Kanagawa,9200166,56,1,674,15
2020-04-17,Japan,NA,Kanagawa,9200166,33,1,707,16
2020-04-18,Japan,NA,Kanagawa,9200166,44,1,751,17
2020-04-19,Japan,NA,Kanagawa,9200166,30,0,781,17
2020-04-20,Japan,NA,Kanagawa,9200166,17,2,798,19
2020-04-21,Japan,NA,Kanagawa,9200166,13,1,811,20
2020-04-22,Japan,NA,Kanagawa,9200166,25,3,836,23
2020-04-23,Japan,NA,Kanagawa,9200166,39,1,875,24
2020-04-24,Japan,NA,Kanagawa,9200166,32,0,907,24
2020-04-25,Japan,NA,Kanagawa,9200166,31,1,938,25
2020-04-26,Japan,NA,Kanagawa,9200166,16,1,954,26
2020-04-27,Japan,NA,Kanagawa,9200166,7,1,961,27
2020-04-28,Japan,NA,Kanagawa,9200166,11,2,972,29
2020-04-29,Japan,NA,Kanagawa,9200166,25,3,997,32
2020-04-30,Japan,NA,Kanagawa,9200166,26,2,1023,34
2020-05-01,Japan,NA,Kanagawa,9200166,15,3,1038,37
2020-05-02,Japan,NA,Kanagawa,9200166,36,2,1074,39
2020-05-03,Japan,NA,Kanagawa,9200166,23,3,1097,42
2020-05-04,Japan,NA,Kanagawa,9200166,10,3,1107,45
2020-05-05,Japan,NA,Kanagawa,9200166,14,1,1121,46
2020-05-06,Japan,NA,Kanagawa,9200166,7,1,1128,47
2020-05-07,Japan,NA,Kanagawa,9200166,13,0,1141,47
2020-05-08,Japan,NA,Kanagawa,9200166,7,3,1148,50
2020-05-09,Japan,NA,Kanagawa,9200166,7,1,1155,51
2020-05-10,Japan,NA,Kanagawa,9200166,13,2,1168,53
2020-05-11,Japan,NA,Kanagawa,9200166,7,4,1175,57
2020-05-12,Japan,NA,Kanagawa,9200166,15,2,1190,59
2020-05-13,Japan,NA,Kanagawa,9200166,10,3,1200,62
2020-05-14,Japan,NA,Kanagawa,9200166,32,1,1232,63
2020-05-15,Japan,NA,Kanagawa,9200166,16,1,1248,64
2020-05-16,Japan,NA,Kanagawa,9200166,12,0,1260,64
2020-05-17,Japan,NA,Kanagawa,9200166,5,0,1265,64
2020-05-18,Japan,NA,Kanagawa,9200166,8,4,1273,68
2020-05-19,Japan,NA,Kanagawa,9200166,8,0,1281,68
2020-05-20,Japan,NA,Kanagawa,9200166,21,1,1302,69
2020-05-21,Japan,NA,Kanagawa,9200166,10,2,1312,71
2020-05-22,Japan,NA,Kanagawa,9200166,7,2,1319,73
2020-05-23,Japan,NA,Kanagawa,9200166,5,2,1324,75
2020-05-24,Japan,NA,Kanagawa,9200166,5,1,1329,76
2020-05-25,Japan,NA,Kanagawa,9200166,1,0,1330,76
2020-05-26,Japan,NA,Kanagawa,9200166,3,2,1333,78
2020-05-27,Japan,NA,Kanagawa,9200166,5,1,1338,79
2020-05-28,Japan,NA,Kanagawa,9200166,7,3,1345,82
2020-05-29,Japan,NA,Kanagawa,9200166,11,2,1356,84
2020-05-30,Japan,NA,Kanagawa,9200166,3,1,1359,85
2020-05-31,Japan,NA,Kanagawa,9200166,6,1,1365,86
2020-06-01,Japan,NA,Kanagawa,9200166,1,0,1366,86
2020-06-02,Japan,NA,Kanagawa,9200166,3,0,1369,86
2020-06-03,Japan,NA,Kanagawa,9200166,2,1,1371,87
2020-06-04,Japan,NA,Kanagawa,9200166,6,0,1377,87
2020-06-05,Japan,NA,Kanagawa,9200166,6,0,1383,87
2020-06-06,Japan,NA,Kanagawa,9200166,5,0,1388,87
2020-06-07,Japan,NA,Kanagawa,9200166,5,0,1393,87
2020-06-08,Japan,NA,Kanagawa,9200166,0,1,1393,88
2020-06-09,Japan,NA,Kanagawa,9200166,1,1,1394,89
2020-06-10,Japan,NA,Kanagawa,9200166,0,0,1394,89
2020-06-11,Japan,NA,Kanagawa,9200166,1,0,1395,89
2020-06-12,Japan,NA,Kanagawa,9200166,3,1,1398,90
2020-06-13,Japan,NA,Kanagawa,9200166,6,0,1404,90
2020-06-14,Japan,NA,Kanagawa,9200166,0,0,1404,90
2020-06-15,Japan,NA,Kanagawa,9200166,3,1,1407,91
2020-06-16,Japan,NA,Kanagawa,9200166,2,2,1409,93
2020-06-17,Japan,NA,Kanagawa,9200166,7,0,1416,93
2020-06-18,Japan,NA,Kanagawa,9200166,6,0,1422,93
2020-06-19,Japan,NA,Kanagawa,9200166,2,1,1424,94
2020-06-20,Japan,NA,Kanagawa,9200166,5,0,1429,94
2020-06-21,Japan,NA,Kanagawa,9200166,0,0,1429,94
2020-06-22,Japan,NA,Kanagawa,9200166,0,0,1429,94
2020-06-23,Japan,NA,Kanagawa,9200166,1,0,1430,94
2020-06-24,Japan,NA,Kanagawa,9200166,4,0,1434,94
2020-06-25,Japan,NA,Kanagawa,9200166,6,2,1440,96
2020-06-26,Japan,NA,Kanagawa,9200166,7,0,1447,96
2020-06-27,Japan,NA,Kanagawa,9200166,4,0,1451,96
2020-06-28,Japan,NA,Kanagawa,9200166,10,0,1461,96
2020-06-29,Japan,NA,Kanagawa,9200166,6,0,1467,96
2020-06-30,Japan,NA,Kanagawa,9200166,31,0,1498,96
2020-07-01,Japan,NA,Kanagawa,9200166,8,0,1506,96
2020-07-02,Japan,NA,Kanagawa,9200166,11,0,1517,96
2020-07-03,Japan,NA,Kanagawa,9200166,24,0,1541,96
2020-07-04,Japan,NA,Kanagawa,9200166,20,0,1561,96
2020-07-05,Japan,NA,Kanagawa,9200166,21,0,1582,96
2020-07-06,Japan,NA,Kanagawa,9200166,11,0,1593,96
2020-07-07,Japan,NA,Kanagawa,9200166,8,0,1601,96
2020-07-08,Japan,NA,Kanagawa,9200166,23,1,1624,97
2020-07-09,Japan,NA,Kanagawa,9200166,25,0,1649,97
2020-07-10,Japan,NA,Kanagawa,9200166,32,0,1681,97
2020-07-11,Japan,NA,Kanagawa,9200166,35,1,1716,98
2020-07-12,Japan,NA,Kanagawa,9200166,23,0,1739,98
2020-07-13,Japan,NA,Kanagawa,9200166,16,0,1755,98
2020-07-14,Japan,NA,Kanagawa,9200166,28,0,1783,98
2020-07-15,Japan,NA,Kanagawa,9200166,41,0,1824,98
2020-07-16,Japan,NA,Kanagawa,9200166,48,0,1872,98
2020-07-17,Japan,NA,Kanagawa,9200166,43,0,1915,98
2020-07-18,Japan,NA,Kanagawa,9200166,49,0,1964,98
2020-07-19,Japan,NA,Kanagawa,9200166,30,0,1994,98
2020-07-20,Japan,NA,Kanagawa,9200166,11,0,2005,98
2020-07-21,Japan,NA,Kanagawa,9200166,30,0,2035,98
2020-07-22,Japan,NA,Kanagawa,9200166,68,0,2103,98
2020-07-23,Japan,NA,Kanagawa,9200166,53,0,2156,98
2020-07-24,Japan,NA,Kanagawa,9200166,25,0,2181,98
2020-07-25,Japan,NA,Kanagawa,9200166,18,0,2199,98
2020-07-26,Japan,NA,Kanagawa,9200166,33,0,2232,98
2020-07-27,Japan,NA,Kanagawa,9200166,14,0,2246,98
2020-07-28,Japan,NA,Kanagawa,9200166,33,0,2279,98
2020-07-29,Japan,NA,Kanagawa,9200166,70,1,2349,99
2020-07-30,Japan,NA,Kanagawa,9200166,76,0,2425,99
2020-07-31,Japan,NA,Kanagawa,9200166,53,0,2478,99
2020-08-01,Japan,NA,Kanagawa,9200166,58,0,2536,99
2020-08-02,Japan,NA,Kanagawa,9200166,72,0,2608,99
2020-08-03,Japan,NA,Kanagawa,9200166,48,0,2656,99
2020-08-04,Japan,NA,Kanagawa,9200166,89,0,2745,99
2020-08-05,Japan,NA,Kanagawa,9200166,81,1,2826,100
2020-08-06,Japan,NA,Kanagawa,9200166,119,1,2945,101
2020-08-07,Japan,NA,Kanagawa,9200166,107,2,3052,103
2020-08-08,Japan,NA,Kanagawa,9200166,128,0,3180,103
2020-08-09,Japan,NA,Kanagawa,9200166,81,0,3261,103
2020-08-10,Japan,NA,Kanagawa,9200166,38,0,3299,103
2020-08-11,Japan,NA,Kanagawa,9200166,27,1,3326,104
2020-08-12,Japan,NA,Kanagawa,9200166,66,0,3392,104
2020-08-13,Japan,NA,Kanagawa,9200166,123,1,3515,105
2020-08-14,Japan,NA,Kanagawa,9200166,117,0,3632,105
2020-08-15,Japan,NA,Kanagawa,9200166,136,0,3768,105
2020-08-16,Japan,NA,Kanagawa,9200166,80,0,3848,105
2020-08-17,Japan,NA,Kanagawa,9200166,50,1,3898,106
2020-08-18,Japan,NA,Kanagawa,9200166,84,0,3982,106
2020-08-19,Japan,NA,Kanagawa,9200166,95,0,4077,106
2020-08-20,Japan,NA,Kanagawa,9200166,104,1,4181,107
2020-08-21,Japan,NA,Kanagawa,9200166,82,1,4263,108
2020-08-22,Japan,NA,Kanagawa,9200166,101,0,4364,108
2020-08-23,Japan,NA,Kanagawa,9200166,49,0,4413,108
2020-08-24,Japan,NA,Kanagawa,9200166,39,4,4452,112
2020-08-25,Japan,NA,Kanagawa,9200166,57,3,4509,115
2020-08-26,Japan,NA,Kanagawa,9200166,85,1,4594,116
2020-08-27,Japan,NA,Kanagawa,9200166,66,0,4660,116
2020-08-28,Japan,NA,Kanagawa,9200166,75,0,4735,116
2020-08-29,Japan,NA,Kanagawa,9200166,106,2,4841,118
2020-08-30,Japan,NA,Kanagawa,9200166,64,4,4905,122
2020-08-31,Japan,NA,Kanagawa,9200166,50,1,4955,123
2020-09-01,Japan,NA,Kanagawa,9200166,59,1,5014,124
2020-09-02,Japan,NA,Kanagawa,9200166,76,0,5090,124
2020-09-03,Japan,NA,Kanagawa,9200166,81,2,5171,126
2020-09-04,Japan,NA,Kanagawa,9200166,108,0,5279,126
2020-09-05,Japan,NA,Kanagawa,9200166,67,0,5346,126
2020-09-06,Japan,NA,Kanagawa,9200166,79,0,5425,126
2020-09-07,Japan,NA,Kanagawa,9200166,29,0,5454,126
2020-09-08,Japan,NA,Kanagawa,9200166,63,0,5517,126
2020-09-09,Japan,NA,Kanagawa,9200166,106,0,5623,126
2020-09-10,Japan,NA,Kanagawa,9200166,112,0,5735,126
2020-09-11,Japan,NA,Kanagawa,9200166,82,0,5817,126
2020-09-12,Japan,NA,Kanagawa,9200166,68,1,5885,127
2020-09-13,Japan,NA,Kanagawa,9200166,53,1,5938,128
2020-09-14,Japan,NA,Kanagawa,9200166,16,2,5954,130
2020-09-15,Japan,NA,Kanagawa,9200166,52,0,6006,130
2020-03-28,Japan,NA,Kumamoto,1746740,1,0,11,0
2020-03-29,Japan,NA,Kumamoto,1746740,1,0,12,0
2020-03-30,Japan,NA,Kumamoto,1746740,2,0,14,0
2020-03-31,Japan,NA,Kumamoto,1746740,0,0,14,0
2020-04-01,Japan,NA,Kumamoto,1746740,1,0,15,0
2020-04-02,Japan,NA,Kumamoto,1746740,0,0,15,0
2020-04-03,Japan,NA,Kumamoto,1746740,3,0,18,0
2020-04-04,Japan,NA,Kumamoto,1746740,0,0,18,0
2020-04-05,Japan,NA,Kumamoto,1746740,1,0,19,0
2020-04-06,Japan,NA,Kumamoto,1746740,0,0,19,0
2020-04-07,Japan,NA,Kumamoto,1746740,2,0,21,0
2020-04-08,Japan,NA,Kumamoto,1746740,1,0,22,0
2020-04-09,Japan,NA,Kumamoto,1746740,1,0,23,0
2020-04-10,Japan,NA,Kumamoto,1746740,1,1,24,1
2020-04-11,Japan,NA,Kumamoto,1746740,1,0,25,1
2020-04-12,Japan,NA,Kumamoto,1746740,2,0,27,1
2020-04-13,Japan,NA,Kumamoto,1746740,1,0,28,1
2020-04-14,Japan,NA,Kumamoto,1746740,3,0,31,1
2020-04-15,Japan,NA,Kumamoto,1746740,2,0,33,1
2020-04-16,Japan,NA,Kumamoto,1746740,0,0,33,1
2020-04-17,Japan,NA,Kumamoto,1746740,2,0,35,1
2020-04-18,Japan,NA,Kumamoto,1746740,2,0,37,1
2020-04-19,Japan,NA,Kumamoto,1746740,3,0,40,1
2020-04-20,Japan,NA,Kumamoto,1746740,1,0,41,1
2020-04-21,Japan,NA,Kumamoto,1746740,1,0,42,1
2020-04-22,Japan,NA,Kumamoto,1746740,1,0,43,1
2020-04-23,Japan,NA,Kumamoto,1746740,1,0,44,1
2020-04-24,Japan,NA,Kumamoto,1746740,1,0,45,1
2020-04-25,Japan,NA,Kumamoto,1746740,0,0,45,1
2020-04-26,Japan,NA,Kumamoto,1746740,1,0,46,1
2020-04-27,Japan,NA,Kumamoto,1746740,0,0,46,1
2020-04-28,Japan,NA,Kumamoto,1746740,0,0,46,1
2020-04-29,Japan,NA,Kumamoto,1746740,0,0,46,1
2020-04-30,Japan,NA,Kumamoto,1746740,0,0,46,1
2020-05-01,Japan,NA,Kumamoto,1746740,0,0,46,1
2020-05-02,Japan,NA,Kumamoto,1746740,0,0,46,1
2020-05-03,Japan,NA,Kumamoto,1746740,0,1,46,2
2020-05-04,Japan,NA,Kumamoto,1746740,0,0,46,2
2020-05-05,Japan,NA,Kumamoto,1746740,0,0,46,2
2020-05-06,Japan,NA,Kumamoto,1746740,0,0,46,2
2020-05-07,Japan,NA,Kumamoto,1746740,0,0,46,2
2020-05-08,Japan,NA,Kumamoto,1746740,1,0,47,2
2020-05-09,Japan,NA,Kumamoto,1746740,0,1,47,3
2020-05-10,Japan,NA,Kumamoto,1746740,0,0,47,3
2020-05-11,Japan,NA,Kumamoto,1746740,0,0,47,3
2020-05-12,Japan,NA,Kumamoto,1746740,0,0,47,3
2020-05-13,Japan,NA,Kumamoto,1746740,0,0,47,3
2020-05-14,Japan,NA,Kumamoto,1746740,0,0,47,3
2020-05-15,Japan,NA,Kumamoto,1746740,0,0,47,3
2020-05-16,Japan,NA,Kumamoto,1746740,0,0,47,3
2020-05-17,Japan,NA,Kumamoto,1746740,0,0,47,3
2020-05-18,Japan,NA,Kumamoto,1746740,0,0,47,3
2020-05-19,Japan,NA,Kumamoto,1746740,0,0,47,3
2020-05-20,Japan,NA,Kumamoto,1746740,0,0,47,3
2020-05-21,Japan,NA,Kumamoto,1746740,0,0,47,3
2020-05-22,Japan,NA,Kumamoto,1746740,0,0,47,3
2020-05-23,Japan,NA,Kumamoto,1746740,0,0,47,3
2020-05-24,Japan,NA,Kumamoto,1746740,0,0,47,3
2020-05-25,Japan,NA,Kumamoto,1746740,0,0,47,3
2020-05-26,Japan,NA,Kumamoto,1746740,0,0,47,3
2020-05-27,Japan,NA,Kumamoto,1746740,0,0,47,3
2020-05-28,Japan,NA,Kumamoto,1746740,0,0,47,3
2020-05-29,Japan,NA,Kumamoto,1746740,0,0,47,3
2020-05-30,Japan,NA,Kumamoto,1746740,0,0,47,3
2020-05-31,Japan,NA,Kumamoto,1746740,0,0,47,3
2020-06-01,Japan,NA,Kumamoto,1746740,0,0,47,3
2020-06-02,Japan,NA,Kumamoto,1746740,0,0,47,3
2020-06-03,Japan,NA,Kumamoto,1746740,0,0,47,3
2020-06-04,Japan,NA,Kumamoto,1746740,0,0,47,3
2020-06-05,Japan,NA,Kumamoto,1746740,0,0,47,3
2020-06-06,Japan,NA,Kumamoto,1746740,0,0,47,3
2020-06-07,Japan,NA,Kumamoto,1746740,0,0,47,3
2020-06-08,Japan,NA,Kumamoto,1746740,0,0,47,3
2020-06-09,Japan,NA,Kumamoto,1746740,0,0,47,3
2020-06-10,Japan,NA,Kumamoto,1746740,0,0,47,3
2020-06-11,Japan,NA,Kumamoto,1746740,0,0,47,3
2020-06-12,Japan,NA,Kumamoto,1746740,0,0,47,3
2020-06-13,Japan,NA,Kumamoto,1746740,0,0,47,3
2020-06-14,Japan,NA,Kumamoto,1746740,0,0,47,3
2020-06-15,Japan,NA,Kumamoto,1746740,0,0,47,3
2020-06-16,Japan,NA,Kumamoto,1746740,0,0,47,3
2020-06-17,Japan,NA,Kumamoto,1746740,0,0,47,3
2020-06-18,Japan,NA,Kumamoto,1746740,0,0,47,3
2020-06-19,Japan,NA,Kumamoto,1746740,0,0,47,3
2020-06-20,Japan,NA,Kumamoto,1746740,0,0,47,3
2020-06-21,Japan,NA,Kumamoto,1746740,0,0,47,3
2020-06-22,Japan,NA,Kumamoto,1746740,1,0,48,3
2020-06-23,Japan,NA,Kumamoto,1746740,0,0,48,3
2020-06-24,Japan,NA,Kumamoto,1746740,0,0,48,3
2020-06-25,Japan,NA,Kumamoto,1746740,0,0,48,3
2020-06-26,Japan,NA,Kumamoto,1746740,0,0,48,3
2020-06-27,Japan,NA,Kumamoto,1746740,0,0,48,3
2020-06-28,Japan,NA,Kumamoto,1746740,0,0,48,3
2020-06-29,Japan,NA,Kumamoto,1746740,0,0,48,3
2020-06-30,Japan,NA,Kumamoto,1746740,0,0,48,3
2020-07-01,Japan,NA,Kumamoto,1746740,0,0,48,3
2020-07-02,Japan,NA,Kumamoto,1746740,0,0,48,3
2020-07-03,Japan,NA,Kumamoto,1746740,0,0,48,3
2020-07-04,Japan,NA,Kumamoto,1746740,0,0,48,3
2020-07-05,Japan,NA,Kumamoto,1746740,0,0,48,3
2020-07-06,Japan,NA,Kumamoto,1746740,0,0,48,3
2020-07-07,Japan,NA,Kumamoto,1746740,0,0,48,3
2020-07-08,Japan,NA,Kumamoto,1746740,0,0,48,3
2020-07-09,Japan,NA,Kumamoto,1746740,0,0,48,3
2020-07-10,Japan,NA,Kumamoto,1746740,0,0,48,3
2020-07-11,Japan,NA,Kumamoto,1746740,0,0,48,3
2020-07-12,Japan,NA,Kumamoto,1746740,0,0,48,3
2020-07-13,Japan,NA,Kumamoto,1746740,0,0,48,3
2020-07-14,Japan,NA,Kumamoto,1746740,0,0,48,3
2020-07-15,Japan,NA,Kumamoto,1746740,0,0,48,3
2020-07-16,Japan,NA,Kumamoto,1746740,1,0,49,3
2020-07-17,Japan,NA,Kumamoto,1746740,0,0,49,3
2020-07-18,Japan,NA,Kumamoto,1746740,0,0,49,3
2020-07-19,Japan,NA,Kumamoto,1746740,0,0,49,3
2020-07-20,Japan,NA,Kumamoto,1746740,1,0,50,3
2020-07-21,Japan,NA,Kumamoto,1746740,1,0,51,3
2020-07-22,Japan,NA,Kumamoto,1746740,2,0,53,3
2020-07-23,Japan,NA,Kumamoto,1746740,3,0,56,3
2020-07-24,Japan,NA,Kumamoto,1746740,1,0,57,3
2020-07-25,Japan,NA,Kumamoto,1746740,2,0,59,3
2020-07-26,Japan,NA,Kumamoto,1746740,21,0,80,3
2020-07-27,Japan,NA,Kumamoto,1746740,33,0,113,3
2020-07-28,Japan,NA,Kumamoto,1746740,22,0,135,3
2020-07-29,Japan,NA,Kumamoto,1746740,21,0,156,3
2020-07-30,Japan,NA,Kumamoto,1746740,16,0,172,3
2020-07-31,Japan,NA,Kumamoto,1746740,18,0,190,3
2020-08-01,Japan,NA,Kumamoto,1746740,26,0,216,3
2020-08-02,Japan,NA,Kumamoto,1746740,20,0,236,3
2020-08-03,Japan,NA,Kumamoto,1746740,6,1,242,4
2020-08-04,Japan,NA,Kumamoto,1746740,37,0,279,4
2020-08-05,Japan,NA,Kumamoto,1746740,42,1,321,5
2020-08-06,Japan,NA,Kumamoto,1746740,10,0,331,5
2020-08-07,Japan,NA,Kumamoto,1746740,9,0,340,5
2020-08-08,Japan,NA,Kumamoto,1746740,10,0,350,5
2020-08-09,Japan,NA,Kumamoto,1746740,3,0,353,5
2020-08-10,Japan,NA,Kumamoto,1746740,3,0,356,5
2020-08-11,Japan,NA,Kumamoto,1746740,4,0,360,5
2020-08-12,Japan,NA,Kumamoto,1746740,10,0,370,5
2020-08-13,Japan,NA,Kumamoto,1746740,9,0,379,5
2020-08-14,Japan,NA,Kumamoto,1746740,12,0,391,5
2020-08-15,Japan,NA,Kumamoto,1746740,11,1,402,6
2020-08-16,Japan,NA,Kumamoto,1746740,4,0,406,6
2020-08-17,Japan,NA,Kumamoto,1746740,5,0,411,6
2020-08-18,Japan,NA,Kumamoto,1746740,5,1,416,7
2020-08-19,Japan,NA,Kumamoto,1746740,10,0,426,7
2020-08-20,Japan,NA,Kumamoto,1746740,15,0,441,7
2020-08-21,Japan,NA,Kumamoto,1746740,13,0,454,7
2020-08-22,Japan,NA,Kumamoto,1746740,11,0,465,7
2020-08-23,Japan,NA,Kumamoto,1746740,5,0,470,7
2020-08-24,Japan,NA,Kumamoto,1746740,4,0,474,7
2020-08-25,Japan,NA,Kumamoto,1746740,5,0,479,7
2020-08-26,Japan,NA,Kumamoto,1746740,5,0,484,7
2020-08-27,Japan,NA,Kumamoto,1746740,6,0,490,7
2020-08-28,Japan,NA,Kumamoto,1746740,7,0,497,7
2020-08-29,Japan,NA,Kumamoto,1746740,11,0,508,7
2020-08-30,Japan,NA,Kumamoto,1746740,2,0,510,7
2020-08-31,Japan,NA,Kumamoto,1746740,9,0,519,7
2020-09-01,Japan,NA,Kumamoto,1746740,4,0,523,7
2020-09-02,Japan,NA,Kumamoto,1746740,4,0,527,7
2020-09-03,Japan,NA,Kumamoto,1746740,6,0,533,7
2020-09-04,Japan,NA,Kumamoto,1746740,3,0,536,7
2020-09-05,Japan,NA,Kumamoto,1746740,6,0,542,7
2020-09-06,Japan,NA,Kumamoto,1746740,2,1,544,8
2020-09-07,Japan,NA,Kumamoto,1746740,2,0,546,8
2020-09-08,Japan,NA,Kumamoto,1746740,3,0,549,8
2020-09-09,Japan,NA,Kumamoto,1746740,3,0,552,8
2020-09-10,Japan,NA,Kumamoto,1746740,4,0,556,8
2020-09-11,Japan,NA,Kumamoto,1746740,7,0,563,8
2020-09-12,Japan,NA,Kumamoto,1746740,4,0,567,8
2020-09-13,Japan,NA,Kumamoto,1746740,1,0,568,8
2020-09-14,Japan,NA,Kumamoto,1746740,0,0,568,8
2020-09-15,Japan,NA,Kumamoto,1746740,1,0,569,8
2020-03-09,Japan,NA,Kyoto,2583140,4,0,12,0
2020-03-10,Japan,NA,Kyoto,2583140,1,0,13,0
2020-03-11,Japan,NA,Kyoto,2583140,2,0,15,0
2020-03-12,Japan,NA,Kyoto,2583140,2,0,17,0
2020-03-13,Japan,NA,Kyoto,2583140,0,0,17,0
2020-03-14,Japan,NA,Kyoto,2583140,0,0,17,0
2020-03-15,Japan,NA,Kyoto,2583140,0,0,17,0
2020-03-16,Japan,NA,Kyoto,2583140,0,0,17,0
2020-03-17,Japan,NA,Kyoto,2583140,2,0,19,0
2020-03-18,Japan,NA,Kyoto,2583140,2,0,21,0
2020-03-19,Japan,NA,Kyoto,2583140,0,0,21,0
2020-03-20,Japan,NA,Kyoto,2583140,1,0,22,0
2020-03-21,Japan,NA,Kyoto,2583140,1,0,23,0
2020-03-22,Japan,NA,Kyoto,2583140,1,0,24,0
2020-03-23,Japan,NA,Kyoto,2583140,1,0,25,0
2020-03-24,Japan,NA,Kyoto,2583140,2,0,27,0
2020-03-25,Japan,NA,Kyoto,2583140,4,0,31,0
2020-03-26,Japan,NA,Kyoto,2583140,3,0,34,0
2020-03-27,Japan,NA,Kyoto,2583140,1,0,35,0
2020-03-28,Japan,NA,Kyoto,2583140,5,0,40,0
2020-03-29,Japan,NA,Kyoto,2583140,7,0,47,0
2020-03-30,Japan,NA,Kyoto,2583140,9,0,56,0
2020-03-31,Japan,NA,Kyoto,2583140,13,0,69,0
2020-04-01,Japan,NA,Kyoto,2583140,7,0,76,0
2020-04-02,Japan,NA,Kyoto,2583140,12,0,88,0
2020-04-03,Japan,NA,Kyoto,2583140,18,0,106,0
2020-04-04,Japan,NA,Kyoto,2583140,10,0,116,0
2020-04-05,Japan,NA,Kyoto,2583140,9,0,125,0
2020-04-06,Japan,NA,Kyoto,2583140,8,0,133,0
2020-04-07,Japan,NA,Kyoto,2583140,12,0,145,0
2020-04-08,Japan,NA,Kyoto,2583140,10,0,155,0
2020-04-09,Japan,NA,Kyoto,2583140,10,1,165,1
2020-04-10,Japan,NA,Kyoto,2583140,9,0,174,1
2020-04-11,Japan,NA,Kyoto,2583140,7,2,181,3
2020-04-12,Japan,NA,Kyoto,2583140,12,0,193,3
2020-04-13,Japan,NA,Kyoto,2583140,12,0,205,3
2020-04-14,Japan,NA,Kyoto,2583140,5,0,210,3
2020-04-15,Japan,NA,Kyoto,2583140,5,0,215,3
2020-04-16,Japan,NA,Kyoto,2583140,10,0,225,3
2020-04-17,Japan,NA,Kyoto,2583140,10,0,235,3
2020-04-18,Japan,NA,Kyoto,2583140,7,0,242,3
2020-04-19,Japan,NA,Kyoto,2583140,9,0,251,3
2020-04-20,Japan,NA,Kyoto,2583140,8,2,259,5
2020-04-21,Japan,NA,Kyoto,2583140,5,1,264,6
2020-04-22,Japan,NA,Kyoto,2583140,11,2,275,8
2020-04-23,Japan,NA,Kyoto,2583140,7,0,282,8
2020-04-24,Japan,NA,Kyoto,2583140,4,0,286,8
2020-04-25,Japan,NA,Kyoto,2583140,4,0,290,8
2020-04-26,Japan,NA,Kyoto,2583140,4,0,294,8
2020-04-27,Japan,NA,Kyoto,2583140,15,1,309,9
2020-04-28,Japan,NA,Kyoto,2583140,4,0,313,9
2020-04-29,Japan,NA,Kyoto,2583140,4,1,317,10
2020-04-30,Japan,NA,Kyoto,2583140,3,0,320,10
2020-05-01,Japan,NA,Kyoto,2583140,4,1,324,11
2020-05-02,Japan,NA,Kyoto,2583140,5,1,329,12
2020-05-03,Japan,NA,Kyoto,2583140,2,0,331,12
2020-05-04,Japan,NA,Kyoto,2583140,3,0,334,12
2020-05-05,Japan,NA,Kyoto,2583140,4,1,338,13
2020-05-06,Japan,NA,Kyoto,2583140,3,0,341,13
2020-05-07,Japan,NA,Kyoto,2583140,6,0,347,13
2020-05-08,Japan,NA,Kyoto,2583140,1,0,348,13
2020-05-09,Japan,NA,Kyoto,2583140,4,0,352,13
2020-05-10,Japan,NA,Kyoto,2583140,0,0,352,13
2020-05-11,Japan,NA,Kyoto,2583140,0,0,352,13
2020-05-12,Japan,NA,Kyoto,2583140,4,0,356,13
2020-05-13,Japan,NA,Kyoto,2583140,1,0,357,13
2020-05-14,Japan,NA,Kyoto,2583140,1,0,358,13
2020-05-15,Japan,NA,Kyoto,2583140,0,0,358,13
2020-05-16,Japan,NA,Kyoto,2583140,0,1,358,14
2020-05-17,Japan,NA,Kyoto,2583140,0,0,358,14
2020-05-18,Japan,NA,Kyoto,2583140,0,0,358,14
2020-05-19,Japan,NA,Kyoto,2583140,0,0,358,14
2020-05-20,Japan,NA,Kyoto,2583140,0,0,358,14
2020-05-21,Japan,NA,Kyoto,2583140,0,0,358,14
2020-05-22,Japan,NA,Kyoto,2583140,0,0,358,14
2020-05-23,Japan,NA,Kyoto,2583140,0,0,358,14
2020-05-24,Japan,NA,Kyoto,2583140,0,1,358,15
2020-05-25,Japan,NA,Kyoto,2583140,0,0,358,15
2020-05-26,Japan,NA,Kyoto,2583140,0,1,358,16
2020-05-27,Japan,NA,Kyoto,2583140,0,0,358,16
2020-05-28,Japan,NA,Kyoto,2583140,0,1,358,17
2020-05-29,Japan,NA,Kyoto,2583140,0,0,358,17
2020-05-30,Japan,NA,Kyoto,2583140,0,0,358,17
2020-05-31,Japan,NA,Kyoto,2583140,0,0,358,17
2020-06-01,Japan,NA,Kyoto,2583140,0,0,358,17
2020-06-02,Japan,NA,Kyoto,2583140,0,0,358,17
2020-06-03,Japan,NA,Kyoto,2583140,0,0,358,17
2020-06-04,Japan,NA,Kyoto,2583140,0,1,358,18
2020-06-05,Japan,NA,Kyoto,2583140,0,0,358,18
2020-06-06,Japan,NA,Kyoto,2583140,1,0,359,18
2020-06-07,Japan,NA,Kyoto,2583140,0,0,359,18
2020-06-08,Japan,NA,Kyoto,2583140,0,0,359,18
2020-06-09,Japan,NA,Kyoto,2583140,1,0,360,18
2020-06-10,Japan,NA,Kyoto,2583140,0,0,360,18
2020-06-11,Japan,NA,Kyoto,2583140,0,0,360,18
2020-06-12,Japan,NA,Kyoto,2583140,0,0,360,18
2020-06-13,Japan,NA,Kyoto,2583140,0,0,360,18
2020-06-14,Japan,NA,Kyoto,2583140,0,0,360,18
2020-06-15,Japan,NA,Kyoto,2583140,0,0,360,18
2020-06-16,Japan,NA,Kyoto,2583140,3,0,363,18
2020-06-17,Japan,NA,Kyoto,2583140,0,0,363,18
2020-06-18,Japan,NA,Kyoto,2583140,0,0,363,18
2020-06-19,Japan,NA,Kyoto,2583140,1,0,364,18
2020-06-20,Japan,NA,Kyoto,2583140,1,0,365,18
2020-06-21,Japan,NA,Kyoto,2583140,0,0,365,18
2020-06-22,Japan,NA,Kyoto,2583140,0,0,365,18
2020-06-23,Japan,NA,Kyoto,2583140,0,0,365,18
2020-06-24,Japan,NA,Kyoto,2583140,0,0,365,18
2020-06-25,Japan,NA,Kyoto,2583140,1,0,366,18
2020-06-26,Japan,NA,Kyoto,2583140,4,0,370,18
2020-06-27,Japan,NA,Kyoto,2583140,4,0,374,18
2020-06-28,Japan,NA,Kyoto,2583140,1,0,375,18
2020-06-29,Japan,NA,Kyoto,2583140,4,0,379,18
2020-06-30,Japan,NA,Kyoto,2583140,2,0,381,18
2020-07-01,Japan,NA,Kyoto,2583140,2,0,383,18
2020-07-02,Japan,NA,Kyoto,2583140,3,0,386,18
2020-07-03,Japan,NA,Kyoto,2583140,5,0,391,18
2020-07-04,Japan,NA,Kyoto,2583140,9,0,400,18
2020-07-05,Japan,NA,Kyoto,2583140,1,0,401,18
2020-07-06,Japan,NA,Kyoto,2583140,3,0,404,18
2020-07-07,Japan,NA,Kyoto,2583140,9,0,413,18
2020-07-08,Japan,NA,Kyoto,2583140,2,0,415,18
2020-07-09,Japan,NA,Kyoto,2583140,5,0,420,18
2020-07-10,Japan,NA,Kyoto,2583140,10,0,430,18
2020-07-11,Japan,NA,Kyoto,2583140,9,0,439,18
2020-07-12,Japan,NA,Kyoto,2583140,8,0,447,18
2020-07-13,Japan,NA,Kyoto,2583140,9,0,456,18
2020-07-14,Japan,NA,Kyoto,2583140,12,0,468,18
2020-07-15,Japan,NA,Kyoto,2583140,9,0,477,18
2020-07-16,Japan,NA,Kyoto,2583140,13,0,490,18
2020-07-17,Japan,NA,Kyoto,2583140,12,0,502,18
2020-07-18,Japan,NA,Kyoto,2583140,25,0,527,18
2020-07-19,Japan,NA,Kyoto,2583140,12,0,539,18
2020-07-20,Japan,NA,Kyoto,2583140,27,0,566,18
2020-07-21,Japan,NA,Kyoto,2583140,20,0,586,18
2020-07-22,Japan,NA,Kyoto,2583140,19,0,605,18
2020-07-23,Japan,NA,Kyoto,2583140,19,0,624,18
2020-07-24,Japan,NA,Kyoto,2583140,16,1,640,19
2020-07-25,Japan,NA,Kyoto,2583140,4,0,644,19
2020-07-26,Japan,NA,Kyoto,2583140,13,0,657,19
2020-07-27,Japan,NA,Kyoto,2583140,20,1,677,20
2020-07-28,Japan,NA,Kyoto,2583140,31,0,708,20
2020-07-29,Japan,NA,Kyoto,2583140,41,0,749,20
2020-07-30,Japan,NA,Kyoto,2583140,9,0,758,20
2020-07-31,Japan,NA,Kyoto,2583140,29,0,787,20
2020-08-01,Japan,NA,Kyoto,2583140,22,0,809,20
2020-08-02,Japan,NA,Kyoto,2583140,17,0,826,20
2020-08-03,Japan,NA,Kyoto,2583140,29,0,855,20
2020-08-04,Japan,NA,Kyoto,2583140,21,1,876,21
2020-08-05,Japan,NA,Kyoto,2583140,27,0,903,21
2020-08-06,Japan,NA,Kyoto,2583140,20,0,923,21
2020-08-07,Japan,NA,Kyoto,2583140,19,0,942,21
2020-08-08,Japan,NA,Kyoto,2583140,21,0,963,21
2020-08-09,Japan,NA,Kyoto,2583140,20,0,983,21
2020-08-10,Japan,NA,Kyoto,2583140,8,0,991,21
2020-08-11,Japan,NA,Kyoto,2583140,10,0,1001,21
2020-08-12,Japan,NA,Kyoto,2583140,25,0,1026,21
2020-08-13,Japan,NA,Kyoto,2583140,35,0,1061,21
2020-08-14,Japan,NA,Kyoto,2583140,30,0,1091,21
2020-08-15,Japan,NA,Kyoto,2583140,22,0,1113,21
2020-08-16,Japan,NA,Kyoto,2583140,6,0,1119,21
2020-08-17,Japan,NA,Kyoto,2583140,19,0,1138,21
2020-08-18,Japan,NA,Kyoto,2583140,26,0,1164,21
2020-08-19,Japan,NA,Kyoto,2583140,38,0,1202,21
2020-08-20,Japan,NA,Kyoto,2583140,41,0,1243,21
2020-08-21,Japan,NA,Kyoto,2583140,38,0,1281,21
2020-08-22,Japan,NA,Kyoto,2583140,25,0,1306,21
2020-08-23,Japan,NA,Kyoto,2583140,13,0,1319,21
2020-08-24,Japan,NA,Kyoto,2583140,7,0,1326,21
2020-08-25,Japan,NA,Kyoto,2583140,17,1,1343,22
2020-08-26,Japan,NA,Kyoto,2583140,31,0,1374,22
2020-08-27,Japan,NA,Kyoto,2583140,27,0,1401,22
2020-08-28,Japan,NA,Kyoto,2583140,21,0,1422,22
2020-08-29,Japan,NA,Kyoto,2583140,17,0,1439,22
2020-08-30,Japan,NA,Kyoto,2583140,9,1,1448,23
2020-08-31,Japan,NA,Kyoto,2583140,4,0,1452,23
2020-09-01,Japan,NA,Kyoto,2583140,22,0,1474,23
2020-09-02,Japan,NA,Kyoto,2583140,19,2,1493,25
2020-09-03,Japan,NA,Kyoto,2583140,19,0,1512,25
2020-09-04,Japan,NA,Kyoto,2583140,24,0,1536,25
2020-09-05,Japan,NA,Kyoto,2583140,25,0,1561,25
2020-09-06,Japan,NA,Kyoto,2583140,14,0,1575,25
2020-09-07,Japan,NA,Kyoto,2583140,8,0,1583,25
2020-09-08,Japan,NA,Kyoto,2583140,11,0,1594,25
2020-09-09,Japan,NA,Kyoto,2583140,6,0,1600,25
2020-09-10,Japan,NA,Kyoto,2583140,7,0,1607,25
2020-09-11,Japan,NA,Kyoto,2583140,2,0,1609,25
2020-09-12,Japan,NA,Kyoto,2583140,7,0,1616,25
2020-09-13,Japan,NA,Kyoto,2583140,8,0,1624,25
2020-09-14,Japan,NA,Kyoto,2583140,4,0,1628,25
2020-09-15,Japan,NA,Kyoto,2583140,13,0,1641,25
2020-03-28,Japan,NA,Nara,1331330,2,0,11,0
2020-03-29,Japan,NA,Nara,1331330,0,0,11,0
2020-03-30,Japan,NA,Nara,1331330,0,0,11,0
2020-03-31,Japan,NA,Nara,1331330,0,0,11,0
2020-04-01,Japan,NA,Nara,1331330,4,0,15,0
2020-04-02,Japan,NA,Nara,1331330,4,0,19,0
2020-04-03,Japan,NA,Nara,1331330,2,0,21,0
2020-04-04,Japan,NA,Nara,1331330,3,0,24,0
2020-04-05,Japan,NA,Nara,1331330,1,0,25,0
2020-04-06,Japan,NA,Nara,1331330,1,0,26,0
2020-04-07,Japan,NA,Nara,1331330,2,0,28,0
2020-04-08,Japan,NA,Nara,1331330,2,0,30,0
2020-04-09,Japan,NA,Nara,1331330,4,0,34,0
2020-04-10,Japan,NA,Nara,1331330,3,0,37,0
2020-04-11,Japan,NA,Nara,1331330,2,0,39,0
2020-04-12,Japan,NA,Nara,1331330,2,0,41,0
2020-04-13,Japan,NA,Nara,1331330,3,0,44,0
2020-04-14,Japan,NA,Nara,1331330,3,0,47,0
2020-04-15,Japan,NA,Nara,1331330,6,1,53,1
2020-04-16,Japan,NA,Nara,1331330,1,0,54,1
2020-04-17,Japan,NA,Nara,1331330,2,0,56,1
2020-04-18,Japan,NA,Nara,1331330,3,0,59,1
2020-04-19,Japan,NA,Nara,1331330,2,0,61,1
2020-04-20,Japan,NA,Nara,1331330,2,0,63,1
2020-04-21,Japan,NA,Nara,1331330,8,0,71,1
2020-04-22,Japan,NA,Nara,1331330,1,0,72,1
2020-04-23,Japan,NA,Nara,1331330,1,0,73,1
2020-04-24,Japan,NA,Nara,1331330,0,0,73,1
2020-04-25,Japan,NA,Nara,1331330,0,0,73,1
2020-04-26,Japan,NA,Nara,1331330,0,0,73,1
2020-04-27,Japan,NA,Nara,1331330,2,0,75,1
2020-04-28,Japan,NA,Nara,1331330,2,0,77,1
2020-04-29,Japan,NA,Nara,1331330,2,0,79,1
2020-04-30,Japan,NA,Nara,1331330,0,0,79,1
2020-05-01,Japan,NA,Nara,1331330,3,0,82,1
2020-05-02,Japan,NA,Nara,1331330,0,0,82,1
2020-05-03,Japan,NA,Nara,1331330,1,0,83,1
2020-05-04,Japan,NA,Nara,1331330,0,1,83,2
2020-05-05,Japan,NA,Nara,1331330,1,0,84,2
2020-05-06,Japan,NA,Nara,1331330,0,0,84,2
2020-05-07,Japan,NA,Nara,1331330,0,0,84,2
2020-05-08,Japan,NA,Nara,1331330,1,0,85,2
2020-05-09,Japan,NA,Nara,1331330,1,0,86,2
2020-05-10,Japan,NA,Nara,1331330,0,0,86,2
2020-05-11,Japan,NA,Nara,1331330,0,0,86,2
2020-05-12,Japan,NA,Nara,1331330,0,0,86,2
2020-05-13,Japan,NA,Nara,1331330,0,0,86,2
2020-05-14,Japan,NA,Nara,1331330,0,0,86,2
2020-05-15,Japan,NA,Nara,1331330,0,0,86,2
2020-05-16,Japan,NA,Nara,1331330,0,0,86,2
2020-05-17,Japan,NA,Nara,1331330,0,0,86,2
2020-05-18,Japan,NA,Nara,1331330,0,0,86,2
2020-05-19,Japan,NA,Nara,1331330,0,0,86,2
2020-05-20,Japan,NA,Nara,1331330,0,0,86,2
2020-05-21,Japan,NA,Nara,1331330,0,0,86,2
2020-05-22,Japan,NA,Nara,1331330,0,0,86,2
2020-05-23,Japan,NA,Nara,1331330,0,0,86,2
2020-05-24,Japan,NA,Nara,1331330,0,0,86,2
2020-05-25,Japan,NA,Nara,1331330,0,0,86,2
2020-05-26,Japan,NA,Nara,1331330,0,0,86,2
2020-05-27,Japan,NA,Nara,1331330,1,0,87,2
2020-05-28,Japan,NA,Nara,1331330,0,0,87,2
2020-05-29,Japan,NA,Nara,1331330,0,0,87,2
2020-05-30,Japan,NA,Nara,1331330,0,0,87,2
2020-05-31,Japan,NA,Nara,1331330,0,0,87,2
2020-06-01,Japan,NA,Nara,1331330,0,0,87,2
2020-06-02,Japan,NA,Nara,1331330,0,0,87,2
2020-06-03,Japan,NA,Nara,1331330,0,0,87,2
2020-06-04,Japan,NA,Nara,1331330,0,0,87,2
2020-06-05,Japan,NA,Nara,1331330,0,0,87,2
2020-06-06,Japan,NA,Nara,1331330,0,0,87,2
2020-06-07,Japan,NA,Nara,1331330,0,0,87,2
2020-06-08,Japan,NA,Nara,1331330,0,0,87,2
2020-06-09,Japan,NA,Nara,1331330,0,0,87,2
2020-06-10,Japan,NA,Nara,1331330,0,0,87,2
2020-06-11,Japan,NA,Nara,1331330,0,0,87,2
2020-06-12,Japan,NA,Nara,1331330,0,0,87,2
2020-06-13,Japan,NA,Nara,1331330,0,0,87,2
2020-06-14,Japan,NA,Nara,1331330,0,0,87,2
2020-06-15,Japan,NA,Nara,1331330,0,0,87,2
2020-06-16,Japan,NA,Nara,1331330,0,0,87,2
2020-06-17,Japan,NA,Nara,1331330,0,0,87,2
2020-06-18,Japan,NA,Nara,1331330,0,0,87,2
2020-06-19,Japan,NA,Nara,1331330,0,0,87,2
2020-06-20,Japan,NA,Nara,1331330,0,0,87,2
2020-06-21,Japan,NA,Nara,1331330,0,0,87,2
2020-06-22,Japan,NA,Nara,1331330,0,0,87,2
2020-06-23,Japan,NA,Nara,1331330,0,0,87,2
2020-06-24,Japan,NA,Nara,1331330,0,0,87,2
2020-06-25,Japan,NA,Nara,1331330,0,0,87,2
2020-06-26,Japan,NA,Nara,1331330,0,0,87,2
2020-06-27,Japan,NA,Nara,1331330,0,0,87,2
2020-06-28,Japan,NA,Nara,1331330,0,0,87,2
2020-06-29,Japan,NA,Nara,1331330,0,0,87,2
2020-06-30,Japan,NA,Nara,1331330,0,0,87,2
2020-07-01,Japan,NA,Nara,1331330,0,0,87,2
2020-07-02,Japan,NA,Nara,1331330,0,0,87,2
2020-07-03,Japan,NA,Nara,1331330,0,0,87,2
2020-07-04,Japan,NA,Nara,1331330,1,0,88,2
2020-07-05,Japan,NA,Nara,1331330,2,0,90,2
2020-07-06,Japan,NA,Nara,1331330,1,0,91,2
2020-07-07,Japan,NA,Nara,1331330,2,0,93,2
2020-07-08,Japan,NA,Nara,1331330,2,0,95,2
2020-07-09,Japan,NA,Nara,1331330,2,0,97,2
2020-07-10,Japan,NA,Nara,1331330,5,0,102,2
2020-07-11,Japan,NA,Nara,1331330,7,0,109,2
2020-07-12,Japan,NA,Nara,1331330,5,0,114,2
2020-07-13,Japan,NA,Nara,1331330,4,0,118,2
2020-07-14,Japan,NA,Nara,1331330,3,0,121,2
2020-07-15,Japan,NA,Nara,1331330,5,0,126,2
2020-07-16,Japan,NA,Nara,1331330,7,0,133,2
2020-07-17,Japan,NA,Nara,1331330,5,0,138,2
2020-07-18,Japan,NA,Nara,1331330,8,0,146,2
2020-07-19,Japan,NA,Nara,1331330,3,0,149,2
2020-07-20,Japan,NA,Nara,1331330,2,0,151,2
2020-07-21,Japan,NA,Nara,1331330,7,0,158,2
2020-07-22,Japan,NA,Nara,1331330,8,0,166,2
2020-07-23,Japan,NA,Nara,1331330,13,0,179,2
2020-07-24,Japan,NA,Nara,1331330,11,0,190,2
2020-07-25,Japan,NA,Nara,1331330,4,0,194,2
2020-07-26,Japan,NA,Nara,1331330,5,0,199,2
2020-07-27,Japan,NA,Nara,1331330,4,0,203,2
2020-07-28,Japan,NA,Nara,1331330,6,0,209,2
2020-07-29,Japan,NA,Nara,1331330,6,0,215,2
2020-07-30,Japan,NA,Nara,1331330,7,0,222,2
2020-07-31,Japan,NA,Nara,1331330,7,0,229,2
2020-08-01,Japan,NA,Nara,1331330,21,0,250,2
2020-08-02,Japan,NA,Nara,1331330,6,0,256,2
2020-08-03,Japan,NA,Nara,1331330,8,0,264,2
2020-08-04,Japan,NA,Nara,1331330,5,0,269,2
2020-08-05,Japan,NA,Nara,1331330,9,0,278,2
2020-08-06,Japan,NA,Nara,1331330,7,0,285,2
2020-08-07,Japan,NA,Nara,1331330,9,0,294,2
2020-08-08,Japan,NA,Nara,1331330,16,0,310,2
2020-08-09,Japan,NA,Nara,1331330,12,0,322,2
2020-08-10,Japan,NA,Nara,1331330,6,0,328,2
2020-08-11,Japan,NA,Nara,1331330,2,0,330,2
2020-08-12,Japan,NA,Nara,1331330,2,0,332,2
2020-08-13,Japan,NA,Nara,1331330,9,1,341,3
2020-08-14,Japan,NA,Nara,1331330,13,0,354,3
2020-08-15,Japan,NA,Nara,1331330,5,0,359,3
2020-08-16,Japan,NA,Nara,1331330,24,0,383,3
2020-08-17,Japan,NA,Nara,1331330,9,0,392,3
2020-08-18,Japan,NA,Nara,1331330,37,0,429,3
2020-08-19,Japan,NA,Nara,1331330,10,0,439,3
2020-08-20,Japan,NA,Nara,1331330,11,0,450,3
2020-08-21,Japan,NA,Nara,1331330,10,0,460,3
2020-08-22,Japan,NA,Nara,1331330,9,0,469,3
2020-08-23,Japan,NA,Nara,1331330,8,0,477,3
2020-08-24,Japan,NA,Nara,1331330,2,0,479,3
2020-08-25,Japan,NA,Nara,1331330,5,0,484,3
2020-08-26,Japan,NA,Nara,1331330,4,2,488,5
2020-08-27,Japan,NA,Nara,1331330,4,0,492,5
2020-08-28,Japan,NA,Nara,1331330,2,0,494,5
2020-08-29,Japan,NA,Nara,1331330,2,0,496,5
2020-08-30,Japan,NA,Nara,1331330,5,0,501,5
2020-08-31,Japan,NA,Nara,1331330,3,1,504,6
2020-09-01,Japan,NA,Nara,1331330,5,0,509,6
2020-09-02,Japan,NA,Nara,1331330,1,1,510,7
2020-09-03,Japan,NA,Nara,1331330,2,0,512,7
2020-09-04,Japan,NA,Nara,1331330,5,1,517,8
2020-09-05,Japan,NA,Nara,1331330,3,0,520,8
2020-09-06,Japan,NA,Nara,1331330,4,0,524,8
2020-09-07,Japan,NA,Nara,1331330,0,0,524,8
2020-09-08,Japan,NA,Nara,1331330,1,0,525,8
2020-09-09,Japan,NA,Nara,1331330,1,0,526,8
2020-09-10,Japan,NA,Nara,1331330,2,0,528,8
2020-09-11,Japan,NA,Nara,1331330,1,0,529,8
2020-09-12,Japan,NA,Nara,1331330,1,0,530,8
2020-09-13,Japan,NA,Nara,1331330,0,0,530,8
2020-09-14,Japan,NA,Nara,1331330,1,1,531,9
2020-09-15,Japan,NA,Nara,1331330,4,0,535,9
2020-04-03,Japan,NA,Okinawa,1457162,2,0,11,0
2020-04-04,Japan,NA,Okinawa,1457162,5,0,16,0
2020-04-05,Japan,NA,Okinawa,1457162,0,0,16,0
2020-04-06,Japan,NA,Okinawa,1457162,6,0,22,0
2020-04-07,Japan,NA,Okinawa,1457162,11,0,33,0
2020-04-08,Japan,NA,Okinawa,1457162,5,0,38,0
2020-04-09,Japan,NA,Okinawa,1457162,3,0,41,0
2020-04-10,Japan,NA,Okinawa,1457162,7,0,48,0
2020-04-11,Japan,NA,Okinawa,1457162,8,0,56,0
2020-04-12,Japan,NA,Okinawa,1457162,9,0,65,0
2020-04-13,Japan,NA,Okinawa,1457162,7,0,72,0
2020-04-14,Japan,NA,Okinawa,1457162,4,0,76,0
2020-04-15,Japan,NA,Okinawa,1457162,10,0,86,0
2020-04-16,Japan,NA,Okinawa,1457162,8,1,94,1
2020-04-17,Japan,NA,Okinawa,1457162,7,0,101,1
2020-04-18,Japan,NA,Okinawa,1457162,9,0,110,1
2020-04-19,Japan,NA,Okinawa,1457162,5,2,115,3
2020-04-20,Japan,NA,Okinawa,1457162,6,0,121,3
2020-04-21,Japan,NA,Okinawa,1457162,4,0,125,3
2020-04-22,Japan,NA,Okinawa,1457162,5,0,130,3
2020-04-23,Japan,NA,Okinawa,1457162,2,1,132,4
2020-04-24,Japan,NA,Okinawa,1457162,1,0,133,4
2020-04-25,Japan,NA,Okinawa,1457162,1,0,134,4
2020-04-26,Japan,NA,Okinawa,1457162,3,0,137,4
2020-04-27,Japan,NA,Okinawa,1457162,0,0,137,4
2020-04-28,Japan,NA,Okinawa,1457162,4,0,141,4
2020-04-29,Japan,NA,Okinawa,1457162,0,0,141,4
2020-04-30,Japan,NA,Okinawa,1457162,1,1,142,5
2020-05-01,Japan,NA,Okinawa,1457162,0,0,142,5
2020-05-02,Japan,NA,Okinawa,1457162,0,0,142,5
2020-05-03,Japan,NA,Okinawa,1457162,0,0,142,5
2020-05-04,Japan,NA,Okinawa,1457162,0,0,142,5
2020-05-05,Japan,NA,Okinawa,1457162,0,0,142,5
2020-05-06,Japan,NA,Okinawa,1457162,0,0,142,5
2020-05-07,Japan,NA,Okinawa,1457162,0,0,142,5
2020-05-08,Japan,NA,Okinawa,1457162,0,0,142,5
2020-05-09,Japan,NA,Okinawa,1457162,0,0,142,5
2020-05-10,Japan,NA,Okinawa,1457162,0,0,142,5
2020-05-11,Japan,NA,Okinawa,1457162,0,0,142,5
2020-05-12,Japan,NA,Okinawa,1457162,0,1,142,6
2020-05-13,Japan,NA,Okinawa,1457162,0,0,142,6
2020-05-14,Japan,NA,Okinawa,1457162,0,0,142,6
2020-05-15,Japan,NA,Okinawa,1457162,0,0,142,6
2020-05-16,Japan,NA,Okinawa,1457162,0,0,142,6
2020-05-17,Japan,NA,Okinawa,1457162,0,0,142,6
2020-05-18,Japan,NA,Okinawa,1457162,0,0,142,6
2020-05-19,Japan,NA,Okinawa,1457162,0,0,142,6
2020-05-20,Japan,NA,Okinawa,1457162,0,0,142,6
2020-05-21,Japan,NA,Okinawa,1457162,0,0,142,6
2020-05-22,Japan,NA,Okinawa,1457162,0,0,142,6
2020-05-23,Japan,NA,Okinawa,1457162,0,0,142,6
2020-05-24,Japan,NA,Okinawa,1457162,0,0,142,6
2020-05-25,Japan,NA,Okinawa,1457162,0,0,142,6
2020-05-26,Japan,NA,Okinawa,1457162,0,0,142,6
2020-05-27,Japan,NA,Okinawa,1457162,0,0,142,6
2020-05-28,Japan,NA,Okinawa,1457162,0,0,142,6
2020-05-29,Japan,NA,Okinawa,1457162,0,0,142,6
2020-05-30,Japan,NA,Okinawa,1457162,0,0,142,6
2020-05-31,Japan,NA,Okinawa,1457162,0,0,142,6
2020-06-01,Japan,NA,Okinawa,1457162,0,0,142,6
2020-06-02,Japan,NA,Okinawa,1457162,0,0,142,6
2020-06-03,Japan,NA,Okinawa,1457162,0,1,142,7
2020-06-04,Japan,NA,Okinawa,1457162,0,0,142,7
2020-06-05,Japan,NA,Okinawa,1457162,0,0,142,7
2020-06-06,Japan,NA,Okinawa,1457162,0,0,142,7
2020-06-07,Japan,NA,Okinawa,1457162,0,0,142,7
2020-06-08,Japan,NA,Okinawa,1457162,0,0,142,7
2020-06-09,Japan,NA,Okinawa,1457162,0,0,142,7
2020-06-10,Japan,NA,Okinawa,1457162,0,0,142,7
2020-06-11,Japan,NA,Okinawa,1457162,0,0,142,7
2020-06-12,Japan,NA,Okinawa,1457162,0,0,142,7
2020-06-13,Japan,NA,Okinawa,1457162,0,0,142,7
2020-06-14,Japan,NA,Okinawa,1457162,0,0,142,7
2020-06-15,Japan,NA,Okinawa,1457162,0,0,142,7
2020-06-16,Japan,NA,Okinawa,1457162,0,0,142,7
2020-06-17,Japan,NA,Okinawa,1457162,0,0,142,7
2020-06-18,Japan,NA,Okinawa,1457162,0,0,142,7
2020-06-19,Japan,NA,Okinawa,1457162,0,0,142,7
2020-06-20,Japan,NA,Okinawa,1457162,0,0,142,7
2020-06-21,Japan,NA,Okinawa,1457162,0,0,142,7
2020-06-22,Japan,NA,Okinawa,1457162,0,0,142,7
2020-06-23,Japan,NA,Okinawa,1457162,0,0,142,7
2020-06-24,Japan,NA,Okinawa,1457162,0,0,142,7
2020-06-25,Japan,NA,Okinawa,1457162,0,0,142,7
2020-06-26,Japan,NA,Okinawa,1457162,0,0,142,7
2020-06-27,Japan,NA,Okinawa,1457162,0,0,142,7
2020-06-28,Japan,NA,Okinawa,1457162,0,0,142,7
2020-06-29,Japan,NA,Okinawa,1457162,0,0,142,7
2020-06-30,Japan,NA,Okinawa,1457162,0,0,142,7
2020-07-01,Japan,NA,Okinawa,1457162,0,0,142,7
2020-07-02,Japan,NA,Okinawa,1457162,0,0,142,7
2020-07-03,Japan,NA,Okinawa,1457162,0,0,142,7
2020-07-04,Japan,NA,Okinawa,1457162,0,0,142,7
2020-07-05,Japan,NA,Okinawa,1457162,0,0,142,7
2020-07-06,Japan,NA,Okinawa,1457162,0,0,142,7
2020-07-07,Japan,NA,Okinawa,1457162,0,0,142,7
2020-07-08,Japan,NA,Okinawa,1457162,2,0,144,7
2020-07-09,Japan,NA,Okinawa,1457162,1,0,145,7
2020-07-10,Japan,NA,Okinawa,1457162,1,0,146,7
2020-07-11,Japan,NA,Okinawa,1457162,2,0,148,7
2020-07-12,Japan,NA,Okinawa,1457162,0,0,148,7
2020-07-13,Japan,NA,Okinawa,1457162,0,0,148,7
2020-07-14,Japan,NA,Okinawa,1457162,0,0,148,7
2020-07-15,Japan,NA,Okinawa,1457162,0,0,148,7
2020-07-16,Japan,NA,Okinawa,1457162,1,0,149,7
2020-07-17,Japan,NA,Okinawa,1457162,0,0,149,7
2020-07-18,Japan,NA,Okinawa,1457162,0,0,149,7
2020-07-19,Japan,NA,Okinawa,1457162,2,0,151,7
2020-07-20,Japan,NA,Okinawa,1457162,2,0,153,7
2020-07-21,Japan,NA,Okinawa,1457162,2,0,155,7
2020-07-22,Japan,NA,Okinawa,1457162,2,0,157,7
2020-07-23,Japan,NA,Okinawa,1457162,5,0,162,7
2020-07-24,Japan,NA,Okinawa,1457162,10,0,172,7
2020-07-25,Japan,NA,Okinawa,1457162,14,0,186,7
2020-07-26,Japan,NA,Okinawa,1457162,6,0,192,7
2020-07-27,Japan,NA,Okinawa,1457162,18,0,210,7
2020-07-28,Japan,NA,Okinawa,1457162,21,0,231,7
2020-07-29,Japan,NA,Okinawa,1457162,44,0,275,7
2020-07-30,Japan,NA,Okinawa,1457162,49,0,324,7
2020-07-31,Japan,NA,Okinawa,1457162,71,0,395,7
2020-08-01,Japan,NA,Okinawa,1457162,58,0,453,7
2020-08-02,Japan,NA,Okinawa,1457162,63,0,516,7
2020-08-03,Japan,NA,Okinawa,1457162,37,0,553,7
2020-08-04,Japan,NA,Okinawa,1457162,83,0,636,7
2020-08-05,Japan,NA,Okinawa,1457162,74,0,710,7
2020-08-06,Japan,NA,Okinawa,1457162,72,0,782,7
2020-08-07,Japan,NA,Okinawa,1457162,100,0,882,7
2020-08-08,Japan,NA,Okinawa,1457162,84,0,966,7
2020-08-09,Japan,NA,Okinawa,1457162,156,0,1122,7
2020-08-10,Japan,NA,Okinawa,1457162,51,3,1173,10
2020-08-11,Japan,NA,Okinawa,1457162,64,0,1237,10
2020-08-12,Japan,NA,Okinawa,1457162,65,0,1302,10
2020-08-13,Japan,NA,Okinawa,1457162,95,0,1397,10
2020-08-14,Japan,NA,Okinawa,1457162,105,1,1502,11
2020-08-15,Japan,NA,Okinawa,1457162,47,0,1549,11
2020-08-16,Japan,NA,Okinawa,1457162,59,2,1608,13
2020-08-17,Japan,NA,Okinawa,1457162,38,1,1646,14
2020-08-18,Japan,NA,Okinawa,1457162,33,0,1679,14
2020-08-19,Japan,NA,Okinawa,1457162,69,1,1748,15
2020-08-20,Japan,NA,Okinawa,1457162,44,2,1792,17
2020-08-21,Japan,NA,Okinawa,1457162,30,1,1822,18
2020-08-22,Japan,NA,Okinawa,1457162,31,0,1853,18
2020-08-23,Japan,NA,Okinawa,1457162,25,1,1878,19
2020-08-24,Japan,NA,Okinawa,1457162,22,4,1900,23
2020-08-25,Japan,NA,Okinawa,1457162,31,1,1931,24
2020-08-26,Japan,NA,Okinawa,1457162,34,1,1965,25
2020-08-27,Japan,NA,Okinawa,1457162,34,1,1999,26
2020-08-28,Japan,NA,Okinawa,1457162,42,0,2041,26
2020-08-29,Japan,NA,Okinawa,1457162,31,0,2072,26
2020-08-30,Japan,NA,Okinawa,1457162,33,1,2105,27
2020-08-31,Japan,NA,Okinawa,1457162,23,1,2128,28
2020-09-01,Japan,NA,Okinawa,1457162,0,0,2128,28
2020-09-02,Japan,NA,Okinawa,1457162,14,1,2142,29
2020-09-03,Japan,NA,Okinawa,1457162,19,2,2161,31
2020-09-04,Japan,NA,Okinawa,1457162,27,0,2188,31
2020-09-05,Japan,NA,Okinawa,1457162,20,1,2208,32
2020-09-06,Japan,NA,Okinawa,1457162,0,0,2208,32
2020-09-07,Japan,NA,Okinawa,1457162,18,4,2226,36
2020-09-08,Japan,NA,Okinawa,1457162,9,2,2235,38
2020-09-09,Japan,NA,Okinawa,1457162,8,3,2243,41
2020-09-10,Japan,NA,Okinawa,1457162,16,0,2259,41
2020-09-11,Japan,NA,Okinawa,1457162,10,0,2269,41
2020-09-12,Japan,NA,Okinawa,1457162,11,4,2280,45
2020-09-13,Japan,NA,Okinawa,1457162,10,0,2290,45
2020-09-14,Japan,NA,Okinawa,1457162,3,0,2293,45
2020-09-15,Japan,NA,Okinawa,1457162,4,0,2297,45
2020-03-04,Japan,NA,Osaka,8823453,9,0,17,0
2020-03-05,Japan,NA,Osaka,8823453,1,0,18,0
2020-03-06,Japan,NA,Osaka,8823453,13,0,31,0
2020-03-07,Japan,NA,Osaka,8823453,10,0,41,0
2020-03-08,Japan,NA,Osaka,8823453,14,0,55,0
2020-03-09,Japan,NA,Osaka,8823453,0,0,55,0
2020-03-10,Japan,NA,Osaka,8823453,18,0,73,0
2020-03-11,Japan,NA,Osaka,8823453,7,0,80,0
2020-03-12,Japan,NA,Osaka,8823453,9,0,89,0
2020-03-13,Japan,NA,Osaka,8823453,3,0,92,0
2020-03-14,Japan,NA,Osaka,8823453,10,0,102,0
2020-03-15,Japan,NA,Osaka,8823453,4,0,106,0
2020-03-16,Japan,NA,Osaka,8823453,2,0,108,0
2020-03-17,Japan,NA,Osaka,8823453,4,0,112,0
2020-03-18,Japan,NA,Osaka,8823453,5,0,117,0
2020-03-19,Japan,NA,Osaka,8823453,2,1,119,1
2020-03-20,Japan,NA,Osaka,8823453,4,0,123,1
2020-03-21,Japan,NA,Osaka,8823453,2,0,125,1
2020-03-22,Japan,NA,Osaka,8823453,6,1,131,2
2020-03-23,Japan,NA,Osaka,8823453,3,0,134,2
2020-03-24,Japan,NA,Osaka,8823453,8,0,142,2
2020-03-25,Japan,NA,Osaka,8823453,7,0,149,2
2020-03-26,Japan,NA,Osaka,8823453,7,0,156,2
2020-03-27,Japan,NA,Osaka,8823453,20,0,176,2
2020-03-28,Japan,NA,Osaka,8823453,15,0,191,2
2020-03-29,Japan,NA,Osaka,8823453,17,0,208,2
2020-03-30,Japan,NA,Osaka,8823453,8,0,216,2
2020-03-31,Japan,NA,Osaka,8823453,28,0,244,2
2020-04-01,Japan,NA,Osaka,8823453,34,0,278,2
2020-04-02,Japan,NA,Osaka,8823453,33,1,311,3
2020-04-03,Japan,NA,Osaka,8823453,35,0,346,3
2020-04-04,Japan,NA,Osaka,8823453,41,1,387,4
2020-04-05,Japan,NA,Osaka,8823453,21,0,408,4
2020-04-06,Japan,NA,Osaka,8823453,20,0,428,4
2020-04-07,Japan,NA,Osaka,8823453,53,0,481,4
2020-04-08,Japan,NA,Osaka,8823453,43,2,524,6
2020-04-09,Japan,NA,Osaka,8823453,92,0,616,6
2020-04-10,Japan,NA,Osaka,8823453,80,0,696,6
2020-04-11,Japan,NA,Osaka,8823453,70,0,766,6
2020-04-12,Japan,NA,Osaka,8823453,45,0,811,6
2020-04-13,Japan,NA,Osaka,8823453,24,0,835,6
2020-04-14,Japan,NA,Osaka,8823453,59,1,894,7
2020-04-15,Japan,NA,Osaka,8823453,74,1,968,8
2020-04-16,Japan,NA,Osaka,8823453,52,0,1020,8
2020-04-17,Japan,NA,Osaka,8823453,55,1,1075,9
2020-04-18,Japan,NA,Osaka,8823453,88,1,1163,10
2020-04-19,Japan,NA,Osaka,8823453,48,2,1211,12
2020-04-20,Japan,NA,Osaka,8823453,84,1,1295,13
2020-04-21,Japan,NA,Osaka,8823453,54,2,1349,15
2020-04-22,Japan,NA,Osaka,8823453,31,3,1380,18
2020-04-23,Japan,NA,Osaka,8823453,35,4,1415,22
2020-04-24,Japan,NA,Osaka,8823453,31,4,1446,26
2020-04-25,Japan,NA,Osaka,8823453,29,2,1475,28
2020-04-26,Japan,NA,Osaka,8823453,16,2,1491,30
2020-04-27,Japan,NA,Osaka,8823453,30,2,1521,32
2020-04-28,Japan,NA,Osaka,8823453,32,4,1553,36
2020-04-29,Japan,NA,Osaka,8823453,44,3,1597,39
2020-04-30,Japan,NA,Osaka,8823453,28,2,1625,41
2020-05-01,Japan,NA,Osaka,8823453,14,2,1639,43
2020-05-02,Japan,NA,Osaka,8823453,17,3,1656,46
2020-05-03,Japan,NA,Osaka,8823453,10,4,1666,50
2020-05-04,Japan,NA,Osaka,8823453,13,3,1679,53
2020-05-05,Japan,NA,Osaka,8823453,7,3,1686,56
2020-05-06,Japan,NA,Osaka,8823453,12,0,1698,56
2020-05-07,Japan,NA,Osaka,8823453,8,3,1706,59
2020-05-08,Japan,NA,Osaka,8823453,10,0,1716,59
2020-05-09,Japan,NA,Osaka,8823453,16,0,1732,59
2020-05-10,Japan,NA,Osaka,8823453,11,0,1743,59
2020-05-11,Japan,NA,Osaka,8823453,1,2,1744,61
2020-05-12,Japan,NA,Osaka,8823453,6,0,1750,61
2020-05-13,Japan,NA,Osaka,8823453,12,1,1762,62
2020-05-14,Japan,NA,Osaka,8823453,3,1,1765,63
2020-05-15,Japan,NA,Osaka,8823453,3,3,1768,66
2020-05-16,Japan,NA,Osaka,8823453,2,4,1770,70
2020-05-17,Japan,NA,Osaka,8823453,0,0,1770,70
2020-05-18,Japan,NA,Osaka,8823453,1,0,1771,70
2020-05-19,Japan,NA,Osaka,8823453,3,1,1774,71
2020-05-20,Japan,NA,Osaka,8823453,3,5,1777,76
2020-05-21,Japan,NA,Osaka,8823453,3,0,1780,76
2020-05-22,Japan,NA,Osaka,8823453,1,2,1781,78
2020-05-23,Japan,NA,Osaka,8823453,0,0,1781,78
2020-05-24,Japan,NA,Osaka,8823453,0,0,1781,78
2020-05-25,Japan,NA,Osaka,8823453,0,0,1781,78
2020-05-26,Japan,NA,Osaka,8823453,0,2,1781,80
2020-05-27,Japan,NA,Osaka,8823453,1,0,1782,80
2020-05-28,Japan,NA,Osaka,8823453,0,2,1782,82
2020-05-29,Japan,NA,Osaka,8823453,0,0,1782,82
2020-05-30,Japan,NA,Osaka,8823453,0,1,1782,83
2020-05-31,Japan,NA,Osaka,8823453,1,0,1783,83
2020-06-01,Japan,NA,Osaka,8823453,0,0,1783,83
2020-06-02,Japan,NA,Osaka,8823453,0,1,1783,84
2020-06-03,Japan,NA,Osaka,8823453,0,0,1783,84
2020-06-04,Japan,NA,Osaka,8823453,0,0,1783,84
2020-06-05,Japan,NA,Osaka,8823453,0,0,1783,84
2020-06-06,Japan,NA,Osaka,8823453,1,0,1784,84
2020-06-07,Japan,NA,Osaka,8823453,1,0,1785,84
2020-06-08,Japan,NA,Osaka,8823453,0,0,1785,84
2020-06-09,Japan,NA,Osaka,8823453,0,0,1785,84
2020-06-10,Japan,NA,Osaka,8823453,0,1,1785,85
2020-06-11,Japan,NA,Osaka,8823453,1,0,1786,85
2020-06-12,Japan,NA,Osaka,8823453,0,0,1786,85
2020-06-13,Japan,NA,Osaka,8823453,0,1,1786,86
2020-06-14,Japan,NA,Osaka,8823453,1,0,1787,86
2020-06-15,Japan,NA,Osaka,8823453,0,0,1787,86
2020-06-16,Japan,NA,Osaka,8823453,3,0,1790,86
2020-06-17,Japan,NA,Osaka,8823453,4,0,1794,86
2020-06-18,Japan,NA,Osaka,8823453,4,0,1798,86
2020-06-19,Japan,NA,Osaka,8823453,2,0,1800,86
2020-06-20,Japan,NA,Osaka,8823453,6,0,1806,86
2020-06-21,Japan,NA,Osaka,8823453,3,0,1809,86
2020-06-22,Japan,NA,Osaka,8823453,0,0,1809,86
2020-06-23,Japan,NA,Osaka,8823453,0,0,1809,86
2020-06-24,Japan,NA,Osaka,8823453,2,0,1811,86
2020-06-25,Japan,NA,Osaka,8823453,1,0,1812,86
2020-06-26,Japan,NA,Osaka,8823453,2,0,1814,86
2020-06-27,Japan,NA,Osaka,8823453,2,0,1816,86
2020-06-28,Japan,NA,Osaka,8823453,5,0,1821,86
2020-06-29,Japan,NA,Osaka,8823453,7,0,1828,86
2020-06-30,Japan,NA,Osaka,8823453,5,0,1833,86
2020-07-01,Japan,NA,Osaka,8823453,10,0,1843,86
2020-07-02,Japan,NA,Osaka,8823453,8,0,1851,86
2020-07-03,Japan,NA,Osaka,8823453,11,0,1862,86
2020-07-04,Japan,NA,Osaka,8823453,17,0,1879,86
2020-07-05,Japan,NA,Osaka,8823453,6,0,1885,86
2020-07-06,Japan,NA,Osaka,8823453,8,0,1893,86
2020-07-07,Japan,NA,Osaka,8823453,12,0,1905,86
2020-07-08,Japan,NA,Osaka,8823453,10,0,1915,86
2020-07-09,Japan,NA,Osaka,8823453,30,0,1945,86
2020-07-10,Japan,NA,Osaka,8823453,22,0,1967,86
2020-07-11,Japan,NA,Osaka,8823453,28,0,1995,86
2020-07-12,Japan,NA,Osaka,8823453,32,0,2027,86
2020-07-13,Japan,NA,Osaka,8823453,18,0,2045,86
2020-07-14,Japan,NA,Osaka,8823453,20,0,2065,86
2020-07-15,Japan,NA,Osaka,8823453,61,0,2126,86
2020-07-16,Japan,NA,Osaka,8823453,66,0,2192,86
2020-07-17,Japan,NA,Osaka,8823453,53,0,2245,86
2020-07-18,Japan,NA,Osaka,8823453,86,0,2331,86
2020-07-19,Japan,NA,Osaka,8823453,89,0,2420,86
2020-07-20,Japan,NA,Osaka,8823453,49,0,2469,86
2020-07-21,Japan,NA,Osaka,8823453,72,0,2541,86
2020-07-22,Japan,NA,Osaka,8823453,121,0,2662,86
2020-07-23,Japan,NA,Osaka,8823453,104,0,2766,86
2020-07-24,Japan,NA,Osaka,8823453,149,1,2915,87
2020-07-25,Japan,NA,Osaka,8823453,132,1,3047,88
2020-07-26,Japan,NA,Osaka,8823453,141,0,3188,88
2020-07-27,Japan,NA,Osaka,8823453,86,0,3274,88
2020-07-28,Japan,NA,Osaka,8823453,155,0,3429,88
2020-07-29,Japan,NA,Osaka,8823453,221,1,3650,89
2020-07-30,Japan,NA,Osaka,8823453,190,0,3840,89
2020-07-31,Japan,NA,Osaka,8823453,216,1,4056,90
2020-08-01,Japan,NA,Osaka,8823453,195,0,4251,90
2020-08-02,Japan,NA,Osaka,8823453,194,0,4445,90
2020-08-03,Japan,NA,Osaka,8823453,81,1,4526,91
2020-08-04,Japan,NA,Osaka,8823453,193,1,4719,92
2020-08-05,Japan,NA,Osaka,8823453,196,0,4915,92
2020-08-06,Japan,NA,Osaka,8823453,225,1,5140,93
2020-08-07,Japan,NA,Osaka,8823453,255,2,5395,95
2020-08-08,Japan,NA,Osaka,8823453,178,0,5573,95
2020-08-09,Japan,NA,Osaka,8823453,195,1,5768,96
2020-08-10,Japan,NA,Osaka,8823453,123,0,5891,96
2020-08-11,Japan,NA,Osaka,8823453,101,1,5992,97
2020-08-12,Japan,NA,Osaka,8823453,184,1,6176,98
2020-08-13,Japan,NA,Osaka,8823453,177,3,6353,101
2020-08-14,Japan,NA,Osaka,8823453,192,5,6545,106
2020-08-15,Japan,NA,Osaka,8823453,151,0,6696,106
2020-08-16,Japan,NA,Osaka,8823453,147,0,6843,106
2020-08-17,Japan,NA,Osaka,8823453,71,5,6914,111
2020-08-18,Japan,NA,Osaka,8823453,185,6,7099,117
2020-08-19,Japan,NA,Osaka,8823453,187,5,7286,122
2020-08-20,Japan,NA,Osaka,8823453,132,1,7418,123
2020-08-21,Japan,NA,Osaka,8823453,166,5,7584,128
2020-08-22,Japan,NA,Osaka,8823453,134,1,7718,129
2020-08-23,Japan,NA,Osaka,8823453,121,0,7839,129
2020-08-24,Japan,NA,Osaka,8823453,60,2,7899,131
2020-08-25,Japan,NA,Osaka,8823453,119,3,8018,134
2020-08-26,Japan,NA,Osaka,8823453,119,2,8137,136
2020-08-27,Japan,NA,Osaka,8823453,94,2,8231,138
2020-08-28,Japan,NA,Osaka,8823453,106,9,8337,147
2020-08-29,Japan,NA,Osaka,8823453,90,0,8427,147
2020-08-30,Japan,NA,Osaka,8823453,62,1,8489,148
2020-08-31,Japan,NA,Osaka,8823453,53,4,8542,152
2020-09-01,Japan,NA,Osaka,8823453,114,3,8656,155
2020-09-02,Japan,NA,Osaka,8823453,96,2,8752,157
2020-09-03,Japan,NA,Osaka,8823453,74,0,8826,157
2020-09-04,Japan,NA,Osaka,8823453,74,4,8900,161
2020-09-05,Japan,NA,Osaka,8823453,76,2,8976,163
2020-09-06,Japan,NA,Osaka,8823453,67,2,9043,165
2020-09-07,Japan,NA,Osaka,8823453,45,1,9088,166
2020-09-08,Japan,NA,Osaka,8823453,81,2,9169,168
2020-09-09,Japan,NA,Osaka,8823453,63,3,9232,171
2020-09-10,Japan,NA,Osaka,8823453,92,1,9324,172
2020-09-11,Japan,NA,Osaka,8823453,120,3,9444,175
2020-09-12,Japan,NA,Osaka,8823453,83,2,9527,177
2020-09-13,Japan,NA,Osaka,8823453,77,2,9604,179
2020-09-14,Japan,NA,Osaka,8823453,32,1,9636,180
2020-09-15,Japan,NA,Osaka,8823453,89,6,9725,186
2020-03-10,Japan,NA,Saitama,7337330,5,0,12,0
2020-03-11,Japan,NA,Saitama,7337330,2,0,14,0
2020-03-12,Japan,NA,Saitama,7337330,6,0,20,0
2020-03-13,Japan,NA,Saitama,7337330,2,0,22,0
2020-03-14,Japan,NA,Saitama,7337330,7,0,29,0
2020-03-15,Japan,NA,Saitama,7337330,0,0,29,0
2020-03-16,Japan,NA,Saitama,7337330,0,0,29,0
2020-03-17,Japan,NA,Saitama,7337330,4,0,33,0
2020-03-18,Japan,NA,Saitama,7337330,1,0,34,0
2020-03-19,Japan,NA,Saitama,7337330,4,0,38,0
2020-03-20,Japan,NA,Saitama,7337330,3,0,41,0
2020-03-21,Japan,NA,Saitama,7337330,3,0,44,0
2020-03-22,Japan,NA,Saitama,7337330,6,1,50,1
2020-03-23,Japan,NA,Saitama,7337330,1,0,51,1
2020-03-24,Japan,NA,Saitama,7337330,7,0,58,1
2020-03-25,Japan,NA,Saitama,7337330,1,0,59,1
2020-03-26,Japan,NA,Saitama,7337330,7,0,66,1
2020-03-27,Japan,NA,Saitama,7337330,6,1,72,2
2020-03-28,Japan,NA,Saitama,7337330,6,0,78,2
2020-03-29,Japan,NA,Saitama,7337330,5,0,83,2
2020-03-30,Japan,NA,Saitama,7337330,1,0,84,2
2020-03-31,Japan,NA,Saitama,7337330,15,0,99,2
2020-04-01,Japan,NA,Saitama,7337330,4,1,103,3
2020-04-02,Japan,NA,Saitama,7337330,14,0,117,3
2020-04-03,Japan,NA,Saitama,7337330,17,0,134,3
2020-04-04,Japan,NA,Saitama,7337330,25,0,159,3
2020-04-05,Japan,NA,Saitama,7337330,25,0,184,3
2020-04-06,Japan,NA,Saitama,7337330,14,1,198,4
2020-04-07,Japan,NA,Saitama,7337330,17,0,215,4
2020-04-08,Japan,NA,Saitama,7337330,34,1,249,5
2020-04-09,Japan,NA,Saitama,7337330,35,0,284,5
2020-04-10,Japan,NA,Saitama,7337330,53,1,337,6
2020-04-11,Japan,NA,Saitama,7337330,37,0,374,6
2020-04-12,Japan,NA,Saitama,7337330,40,0,414,6
2020-04-13,Japan,NA,Saitama,7337330,15,1,429,7
2020-04-14,Japan,NA,Saitama,7337330,22,2,451,9
2020-04-15,Japan,NA,Saitama,7337330,61,1,512,10
2020-04-16,Japan,NA,Saitama,7337330,51,2,563,12
2020-04-17,Japan,NA,Saitama,7337330,26,1,589,13
2020-04-18,Japan,NA,Saitama,7337330,37,0,626,13
2020-04-19,Japan,NA,Saitama,7337330,37,0,663,13
2020-04-20,Japan,NA,Saitama,7337330,12,0,675,13
2020-04-21,Japan,NA,Saitama,7337330,10,2,685,15
2020-04-22,Japan,NA,Saitama,7337330,39,1,724,16
2020-04-23,Japan,NA,Saitama,7337330,33,7,757,23
2020-04-24,Japan,NA,Saitama,7337330,18,0,775,23
2020-04-25,Japan,NA,Saitama,7337330,22,1,797,24
2020-04-26,Japan,NA,Saitama,7337330,19,1,816,25
2020-04-27,Japan,NA,Saitama,7337330,8,2,824,27
2020-04-28,Japan,NA,Saitama,7337330,7,3,831,30
2020-04-29,Japan,NA,Saitama,7337330,15,0,846,30
2020-04-30,Japan,NA,Saitama,7337330,12,4,858,34
2020-05-01,Japan,NA,Saitama,7337330,5,2,863,36
2020-05-02,Japan,NA,Saitama,7337330,21,1,884,37
2020-05-03,Japan,NA,Saitama,7337330,12,1,896,38
2020-05-04,Japan,NA,Saitama,7337330,5,1,901,39
2020-05-05,Japan,NA,Saitama,7337330,6,0,907,39
2020-05-06,Japan,NA,Saitama,7337330,9,1,916,40
2020-05-07,Japan,NA,Saitama,7337330,14,1,930,41
2020-05-08,Japan,NA,Saitama,7337330,11,0,941,41
2020-05-09,Japan,NA,Saitama,7337330,16,0,957,41
2020-05-10,Japan,NA,Saitama,7337330,5,1,962,42
2020-05-11,Japan,NA,Saitama,7337330,2,0,964,42
2020-05-12,Japan,NA,Saitama,7337330,1,1,965,43
2020-05-13,Japan,NA,Saitama,7337330,4,1,969,44
2020-05-14,Japan,NA,Saitama,7337330,4,1,973,45
2020-05-15,Japan,NA,Saitama,7337330,2,0,975,45
2020-05-16,Japan,NA,Saitama,7337330,5,1,980,46
2020-05-17,Japan,NA,Saitama,7337330,4,0,984,46
2020-05-18,Japan,NA,Saitama,7337330,3,0,987,46
2020-05-19,Japan,NA,Saitama,7337330,0,0,987,46
2020-05-20,Japan,NA,Saitama,7337330,5,0,992,46
2020-05-21,Japan,NA,Saitama,7337330,1,0,993,46
2020-05-22,Japan,NA,Saitama,7337330,1,0,994,46
2020-05-23,Japan,NA,Saitama,7337330,1,0,995,46
2020-05-24,Japan,NA,Saitama,7337330,0,0,995,46
2020-05-25,Japan,NA,Saitama,7337330,0,1,995,47
2020-05-26,Japan,NA,Saitama,7337330,0,0,995,47
2020-05-27,Japan,NA,Saitama,7337330,0,0,995,47
2020-05-28,Japan,NA,Saitama,7337330,2,1,997,48
2020-05-29,Japan,NA,Saitama,7337330,2,0,999,48
2020-05-30,Japan,NA,Saitama,7337330,0,0,999,48
2020-05-31,Japan,NA,Saitama,7337330,0,0,999,48
2020-06-01,Japan,NA,Saitama,7337330,0,0,999,48
2020-06-02,Japan,NA,Saitama,7337330,0,1,999,49
2020-06-03,Japan,NA,Saitama,7337330,2,0,1001,49
2020-06-04,Japan,NA,Saitama,7337330,0,1,1001,50
2020-06-05,Japan,NA,Saitama,7337330,1,1,1002,51
2020-06-06,Japan,NA,Saitama,7337330,1,0,1003,51
2020-06-07,Japan,NA,Saitama,7337330,0,0,1003,51
2020-06-08,Japan,NA,Saitama,7337330,0,0,1003,51
2020-06-09,Japan,NA,Saitama,7337330,1,0,1004,51
2020-06-10,Japan,NA,Saitama,7337330,6,0,1010,51
2020-06-11,Japan,NA,Saitama,7337330,3,0,1013,51
2020-06-12,Japan,NA,Saitama,7337330,2,0,1015,51
2020-06-13,Japan,NA,Saitama,7337330,0,0,1015,51
2020-06-14,Japan,NA,Saitama,7337330,2,0,1017,51
2020-06-15,Japan,NA,Saitama,7337330,0,1,1017,52
2020-06-16,Japan,NA,Saitama,7337330,1,0,1018,52
2020-06-17,Japan,NA,Saitama,7337330,1,0,1019,52
2020-06-18,Japan,NA,Saitama,7337330,2,0,1021,52
2020-06-19,Japan,NA,Saitama,7337330,2,12,1023,64
2020-06-20,Japan,NA,Saitama,7337330,4,0,1027,64
2020-06-21,Japan,NA,Saitama,7337330,7,0,1034,64
2020-06-22,Japan,NA,Saitama,7337330,4,0,1038,64
2020-06-23,Japan,NA,Saitama,7337330,12,0,1050,64
2020-06-24,Japan,NA,Saitama,7337330,9,0,1059,64
2020-06-25,Japan,NA,Saitama,7337330,11,0,1070,64
2020-06-26,Japan,NA,Saitama,7337330,16,0,1086,64
2020-06-27,Japan,NA,Saitama,7337330,11,0,1097,64
2020-06-28,Japan,NA,Saitama,7337330,8,0,1105,64
2020-06-29,Japan,NA,Saitama,7337330,13,0,1118,64
2020-06-30,Japan,NA,Saitama,7337330,10,0,1128,64
2020-07-01,Japan,NA,Saitama,7337330,14,0,1142,64
2020-07-02,Japan,NA,Saitama,7337330,19,0,1161,64
2020-07-03,Japan,NA,Saitama,7337330,26,0,1187,64
2020-07-04,Japan,NA,Saitama,7337330,27,0,1214,64
2020-07-05,Japan,NA,Saitama,7337330,21,0,1235,64
2020-07-06,Japan,NA,Saitama,7337330,16,1,1251,65
2020-07-07,Japan,NA,Saitama,7337330,27,1,1278,66
2020-07-08,Japan,NA,Saitama,7337330,48,0,1326,66
2020-07-09,Japan,NA,Saitama,7337330,22,0,1348,66
2020-07-10,Japan,NA,Saitama,7337330,44,0,1392,66
2020-07-11,Japan,NA,Saitama,7337330,35,0,1427,66
2020-07-12,Japan,NA,Saitama,7337330,31,0,1458,66
2020-07-13,Japan,NA,Saitama,7337330,26,0,1484,66
2020-07-14,Japan,NA,Saitama,7337330,42,0,1526,66
2020-07-15,Japan,NA,Saitama,7337330,38,0,1564,66
2020-07-16,Japan,NA,Saitama,7337330,49,0,1613,66
2020-07-17,Japan,NA,Saitama,7337330,51,0,1664,66
2020-07-18,Japan,NA,Saitama,7337330,49,1,1713,67
2020-07-19,Japan,NA,Saitama,7337330,37,0,1750,67
2020-07-20,Japan,NA,Saitama,7337330,28,1,1778,68
2020-07-21,Japan,NA,Saitama,7337330,47,1,1825,69
2020-07-22,Japan,NA,Saitama,7337330,62,0,1887,69
2020-07-23,Japan,NA,Saitama,7337330,64,1,1951,70
2020-07-24,Japan,NA,Saitama,7337330,45,1,1996,71
2020-07-25,Japan,NA,Saitama,7337330,35,0,2031,71
2020-07-26,Japan,NA,Saitama,7337330,33,0,2064,71
2020-07-27,Japan,NA,Saitama,7337330,23,0,2087,71
2020-07-28,Japan,NA,Saitama,7337330,55,0,2142,71
2020-07-29,Japan,NA,Saitama,7337330,53,1,2195,72
2020-07-30,Japan,NA,Saitama,7337330,57,0,2252,72
2020-07-31,Japan,NA,Saitama,7337330,57,1,2309,73
2020-08-01,Japan,NA,Saitama,7337330,74,0,2383,73
2020-08-02,Japan,NA,Saitama,7337330,74,0,2457,73
2020-08-03,Japan,NA,Saitama,7337330,49,0,2506,73
2020-08-04,Japan,NA,Saitama,7337330,49,2,2555,75
2020-08-05,Japan,NA,Saitama,7337330,64,1,2619,76
2020-08-06,Japan,NA,Saitama,7337330,65,2,2684,78
2020-08-07,Japan,NA,Saitama,7337330,50,0,2734,78
2020-08-08,Japan,NA,Saitama,7337330,84,0,2818,78
2020-08-09,Japan,NA,Saitama,7337330,56,0,2874,78
2020-08-10,Japan,NA,Saitama,7337330,42,0,2916,78
2020-08-11,Japan,NA,Saitama,7337330,36,0,2952,78
2020-08-12,Japan,NA,Saitama,7337330,45,1,2997,79
2020-08-13,Japan,NA,Saitama,7337330,56,0,3053,79
2020-08-14,Japan,NA,Saitama,7337330,56,0,3109,79
2020-08-15,Japan,NA,Saitama,7337330,52,2,3161,81
2020-08-16,Japan,NA,Saitama,7337330,56,0,3217,81
2020-08-17,Japan,NA,Saitama,7337330,35,0,3252,81
2020-08-18,Japan,NA,Saitama,7337330,24,1,3276,82
2020-08-19,Japan,NA,Saitama,7337330,62,1,3338,83
2020-08-20,Japan,NA,Saitama,7337330,71,1,3409,84
2020-08-21,Japan,NA,Saitama,7337330,50,0,3459,84
2020-08-22,Japan,NA,Saitama,7337330,66,1,3525,85
2020-08-23,Japan,NA,Saitama,7337330,31,0,3556,85
2020-08-24,Japan,NA,Saitama,7337330,30,0,3586,85
2020-08-25,Japan,NA,Saitama,7337330,35,0,3621,85
2020-08-26,Japan,NA,Saitama,7337330,54,0,3675,85
2020-08-27,Japan,NA,Saitama,7337330,69,1,3744,86
2020-08-28,Japan,NA,Saitama,7337330,56,1,3800,87
2020-08-29,Japan,NA,Saitama,7337330,55,1,3855,88
2020-08-30,Japan,NA,Saitama,7337330,42,0,3897,88
2020-08-31,Japan,NA,Saitama,7337330,25,0,3922,88
2020-09-01,Japan,NA,Saitama,7337330,46,1,3968,89
2020-09-02,Japan,NA,Saitama,7337330,40,0,4008,89
2020-09-03,Japan,NA,Saitama,7337330,42,0,4050,89
2020-09-04,Japan,NA,Saitama,7337330,24,0,4074,89
2020-09-05,Japan,NA,Saitama,7337330,22,3,4096,92
2020-09-06,Japan,NA,Saitama,7337330,21,0,4117,92
2020-09-07,Japan,NA,Saitama,7337330,14,1,4131,93
2020-09-08,Japan,NA,Saitama,7337330,12,1,4143,94
2020-09-09,Japan,NA,Saitama,7337330,25,2,4168,96
2020-09-10,Japan,NA,Saitama,7337330,30,0,4198,96
2020-09-11,Japan,NA,Saitama,7337330,25,0,4223,96
2020-09-12,Japan,NA,Saitama,7337330,36,0,4259,96
2020-09-13,Japan,NA,Saitama,7337330,22,0,4281,96
2020-09-14,Japan,NA,Saitama,7337330,16,0,4297,96
2020-09-15,Japan,NA,Saitama,7337330,19,0,4316,96
2020-04-01,Japan,NA,Shizuoka,3639226,2,0,12,0
2020-04-02,Japan,NA,Shizuoka,3639226,1,0,13,0
2020-04-03,Japan,NA,Shizuoka,3639226,2,0,15,0
2020-04-04,Japan,NA,Shizuoka,3639226,1,0,16,0
2020-04-05,Japan,NA,Shizuoka,3639226,0,0,16,0
2020-04-06,Japan,NA,Shizuoka,3639226,2,0,18,0
2020-04-07,Japan,NA,Shizuoka,3639226,3,0,21,0
2020-04-08,Japan,NA,Shizuoka,3639226,9,0,30,0
2020-04-09,Japan,NA,Shizuoka,3639226,2,0,32,0
2020-04-10,Japan,NA,Shizuoka,3639226,4,0,36,0
2020-04-11,Japan,NA,Shizuoka,3639226,2,0,38,0
2020-04-12,Japan,NA,Shizuoka,3639226,2,0,40,0
2020-04-13,Japan,NA,Shizuoka,3639226,5,0,45,0
2020-04-14,Japan,NA,Shizuoka,3639226,1,0,46,0
2020-04-15,Japan,NA,Shizuoka,3639226,1,0,47,0
2020-04-16,Japan,NA,Shizuoka,3639226,1,0,48,0
2020-04-17,Japan,NA,Shizuoka,3639226,1,0,49,0
2020-04-18,Japan,NA,Shizuoka,3639226,0,0,49,0
2020-04-19,Japan,NA,Shizuoka,3639226,2,0,51,0
2020-04-20,Japan,NA,Shizuoka,3639226,0,0,51,0
2020-04-21,Japan,NA,Shizuoka,3639226,1,0,52,0
2020-04-22,Japan,NA,Shizuoka,3639226,4,0,56,0
2020-04-23,Japan,NA,Shizuoka,3639226,1,0,57,0
2020-04-24,Japan,NA,Shizuoka,3639226,1,0,58,0
2020-04-25,Japan,NA,Shizuoka,3639226,3,0,61,0
2020-04-26,Japan,NA,Shizuoka,3639226,1,0,62,0
2020-04-27,Japan,NA,Shizuoka,3639226,1,0,63,0
2020-04-28,Japan,NA,Shizuoka,3639226,3,0,66,0
2020-04-29,Japan,NA,Shizuoka,3639226,1,0,67,0
2020-04-30,Japan,NA,Shizuoka,3639226,4,1,71,1
2020-05-01,Japan,NA,Shizuoka,3639226,1,0,72,1
2020-05-02,Japan,NA,Shizuoka,3639226,0,0,72,1
2020-05-03,Japan,NA,Shizuoka,3639226,0,0,72,1
2020-05-04,Japan,NA,Shizuoka,3639226,0,0,72,1
2020-05-05,Japan,NA,Shizuoka,3639226,0,0,72,1
2020-05-06,Japan,NA,Shizuoka,3639226,0,0,72,1
2020-05-07,Japan,NA,Shizuoka,3639226,0,0,72,1
2020-05-08,Japan,NA,Shizuoka,3639226,0,0,72,1
2020-05-09,Japan,NA,Shizuoka,3639226,0,0,72,1
2020-05-10,Japan,NA,Shizuoka,3639226,0,0,72,1
2020-05-11,Japan,NA,Shizuoka,3639226,0,0,72,1
2020-05-12,Japan,NA,Shizuoka,3639226,0,0,72,1
2020-05-13,Japan,NA,Shizuoka,3639226,0,0,72,1
2020-05-14,Japan,NA,Shizuoka,3639226,0,0,72,1
2020-05-15,Japan,NA,Shizuoka,3639226,0,0,72,1
2020-05-16,Japan,NA,Shizuoka,3639226,0,0,72,1
2020-05-17,Japan,NA,Shizuoka,3639226,0,0,72,1
2020-05-18,Japan,NA,Shizuoka,3639226,0,0,72,1
2020-05-19,Japan,NA,Shizuoka,3639226,0,0,72,1
2020-05-20,Japan,NA,Shizuoka,3639226,0,0,72,1
2020-05-21,Japan,NA,Shizuoka,3639226,1,0,73,1
2020-05-22,Japan,NA,Shizuoka,3639226,0,0,73,1
2020-05-23,Japan,NA,Shizuoka,3639226,0,0,73,1
2020-05-24,Japan,NA,Shizuoka,3639226,1,0,74,1
2020-05-25,Japan,NA,Shizuoka,3639226,0,0,74,1
2020-05-26,Japan,NA,Shizuoka,3639226,0,0,74,1
2020-05-27,Japan,NA,Shizuoka,3639226,0,0,74,1
2020-05-28,Japan,NA,Shizuoka,3639226,0,0,74,1
2020-05-29,Japan,NA,Shizuoka,3639226,0,0,74,1
2020-05-30,Japan,NA,Shizuoka,3639226,0,0,74,1
2020-05-31,Japan,NA,Shizuoka,3639226,0,0,74,1
2020-06-01,Japan,NA,Shizuoka,3639226,0,0,74,1
2020-06-02,Japan,NA,Shizuoka,3639226,0,0,74,1
2020-06-03,Japan,NA,Shizuoka,3639226,0,0,74,1
2020-06-04,Japan,NA,Shizuoka,3639226,0,0,74,1
2020-06-05,Japan,NA,Shizuoka,3639226,0,0,74,1
2020-06-06,Japan,NA,Shizuoka,3639226,0,0,74,1
2020-06-07,Japan,NA,Shizuoka,3639226,0,0,74,1
2020-06-08,Japan,NA,Shizuoka,3639226,0,0,74,1
2020-06-09,Japan,NA,Shizuoka,3639226,0,0,74,1
2020-06-10,Japan,NA,Shizuoka,3639226,1,0,75,1
2020-06-11,Japan,NA,Shizuoka,3639226,1,0,76,1
2020-06-12,Japan,NA,Shizuoka,3639226,0,0,76,1
2020-06-13,Japan,NA,Shizuoka,3639226,0,0,76,1
2020-06-14,Japan,NA,Shizuoka,3639226,0,0,76,1
2020-06-15,Japan,NA,Shizuoka,3639226,0,0,76,1
2020-06-16,Japan,NA,Shizuoka,3639226,1,0,77,1
2020-06-17,Japan,NA,Shizuoka,3639226,1,0,78,1
2020-06-18,Japan,NA,Shizuoka,3639226,0,0,78,1
2020-06-19,Japan,NA,Shizuoka,3639226,1,0,79,1
2020-06-20,Japan,NA,Shizuoka,3639226,0,0,79,1
2020-06-21,Japan,NA,Shizuoka,3639226,0,0,79,1
2020-06-22,Japan,NA,Shizuoka,3639226,0,0,79,1
2020-06-23,Japan,NA,Shizuoka,3639226,0,0,79,1
2020-06-24,Japan,NA,Shizuoka,3639226,0,0,79,1
2020-06-25,Japan,NA,Shizuoka,3639226,0,0,79,1
2020-06-26,Japan,NA,Shizuoka,3639226,0,0,79,1
2020-06-27,Japan,NA,Shizuoka,3639226,0,0,79,1
2020-06-28,Japan,NA,Shizuoka,3639226,0,0,79,1
2020-06-29,Japan,NA,Shizuoka,3639226,1,0,80,1
2020-06-30,Japan,NA,Shizuoka,3639226,0,0,80,1
2020-07-01,Japan,NA,Shizuoka,3639226,0,0,80,1
2020-07-02,Japan,NA,Shizuoka,3639226,0,0,80,1
2020-07-03,Japan,NA,Shizuoka,3639226,5,0,85,1
2020-07-04,Japan,NA,Shizuoka,3639226,0,0,85,1
2020-07-05,Japan,NA,Shizuoka,3639226,0,0,85,1
2020-07-06,Japan,NA,Shizuoka,3639226,0,0,85,1
2020-07-07,Japan,NA,Shizuoka,3639226,2,0,87,1
2020-07-08,Japan,NA,Shizuoka,3639226,1,0,88,1
2020-07-09,Japan,NA,Shizuoka,3639226,2,0,90,1
2020-07-10,Japan,NA,Shizuoka,3639226,1,0,91,1
2020-07-11,Japan,NA,Shizuoka,3639226,0,0,91,1
2020-07-12,Japan,NA,Shizuoka,3639226,2,0,93,1
2020-07-13,Japan,NA,Shizuoka,3639226,0,0,93,1
2020-07-14,Japan,NA,Shizuoka,3639226,2,0,95,1
2020-07-15,Japan,NA,Shizuoka,3639226,1,0,96,1
2020-07-16,Japan,NA,Shizuoka,3639226,2,0,98,1
2020-07-17,Japan,NA,Shizuoka,3639226,3,0,101,1
2020-07-18,Japan,NA,Shizuoka,3639226,2,0,103,1
2020-07-19,Japan,NA,Shizuoka,3639226,4,0,107,1
2020-07-20,Japan,NA,Shizuoka,3639226,1,0,108,1
2020-07-21,Japan,NA,Shizuoka,3639226,5,0,113,1
2020-07-22,Japan,NA,Shizuoka,3639226,5,0,118,1
2020-07-23,Japan,NA,Shizuoka,3639226,5,0,123,1
2020-07-24,Japan,NA,Shizuoka,3639226,7,0,130,1
2020-07-25,Japan,NA,Shizuoka,3639226,30,0,160,1
2020-07-26,Japan,NA,Shizuoka,3639226,25,0,185,1
2020-07-27,Japan,NA,Shizuoka,3639226,14,0,199,1
2020-07-28,Japan,NA,Shizuoka,3639226,18,0,217,1
2020-07-29,Japan,NA,Shizuoka,3639226,16,0,233,1
2020-07-30,Japan,NA,Shizuoka,3639226,16,0,249,1
2020-07-31,Japan,NA,Shizuoka,3639226,23,0,272,1
2020-08-01,Japan,NA,Shizuoka,3639226,16,0,288,1
2020-08-02,Japan,NA,Shizuoka,3639226,18,0,306,1
2020-08-03,Japan,NA,Shizuoka,3639226,2,0,308,1
2020-08-04,Japan,NA,Shizuoka,3639226,16,0,324,1
2020-08-05,Japan,NA,Shizuoka,3639226,9,0,333,1
2020-08-06,Japan,NA,Shizuoka,3639226,9,0,342,1
2020-08-07,Japan,NA,Shizuoka,3639226,2,0,344,1
2020-08-08,Japan,NA,Shizuoka,3639226,11,0,355,1
2020-08-09,Japan,NA,Shizuoka,3639226,8,0,363,1
2020-08-10,Japan,NA,Shizuoka,3639226,6,0,369,1
2020-08-11,Japan,NA,Shizuoka,3639226,7,0,376,1
2020-08-12,Japan,NA,Shizuoka,3639226,10,0,386,1
2020-08-13,Japan,NA,Shizuoka,3639226,3,0,389,1
2020-08-14,Japan,NA,Shizuoka,3639226,13,0,402,1
2020-08-15,Japan,NA,Shizuoka,3639226,7,0,409,1
2020-08-16,Japan,NA,Shizuoka,3639226,7,0,416,1
2020-08-17,Japan,NA,Shizuoka,3639226,1,0,417,1
2020-08-18,Japan,NA,Shizuoka,3639226,5,0,422,1
2020-08-19,Japan,NA,Shizuoka,3639226,5,0,427,1
2020-08-20,Japan,NA,Shizuoka,3639226,2,0,429,1
2020-08-21,Japan,NA,Shizuoka,3639226,0,0,429,1
2020-08-22,Japan,NA,Shizuoka,3639226,6,0,435,1
2020-08-23,Japan,NA,Shizuoka,3639226,5,0,440,1
2020-08-24,Japan,NA,Shizuoka,3639226,5,0,445,1
2020-08-25,Japan,NA,Shizuoka,3639226,8,0,453,1
2020-08-26,Japan,NA,Shizuoka,3639226,6,0,459,1
2020-08-27,Japan,NA,Shizuoka,3639226,12,0,471,1
2020-08-28,Japan,NA,Shizuoka,3639226,6,0,477,1
2020-08-29,Japan,NA,Shizuoka,3639226,2,0,479,1
2020-08-30,Japan,NA,Shizuoka,3639226,0,0,479,1
2020-08-31,Japan,NA,Shizuoka,3639226,0,0,479,1
2020-09-01,Japan,NA,Shizuoka,3639226,2,0,481,1
2020-09-02,Japan,NA,Shizuoka,3639226,2,0,483,1
2020-09-03,Japan,NA,Shizuoka,3639226,1,0,484,1
2020-09-04,Japan,NA,Shizuoka,3639226,2,0,486,1
2020-09-05,Japan,NA,Shizuoka,3639226,7,0,493,1
2020-09-06,Japan,NA,Shizuoka,3639226,0,0,493,1
2020-09-07,Japan,NA,Shizuoka,3639226,0,0,493,1
2020-09-08,Japan,NA,Shizuoka,3639226,0,0,493,1
2020-09-09,Japan,NA,Shizuoka,3639226,5,0,498,1
2020-09-10,Japan,NA,Shizuoka,3639226,4,0,502,1
2020-09-11,Japan,NA,Shizuoka,3639226,1,0,503,1
2020-09-12,Japan,NA,Shizuoka,3639226,0,0,503,1
2020-09-13,Japan,NA,Shizuoka,3639226,0,1,503,2
2020-09-14,Japan,NA,Shizuoka,3639226,0,0,503,2
2020-09-15,Japan,NA,Shizuoka,3639226,2,0,505,2
2020-02-15,Japan,NA,Tokyo,13942856,8,0,14,0
2020-02-16,Japan,NA,Tokyo,13942856,5,0,19,0
2020-02-17,Japan,NA,Tokyo,13942856,0,0,19,0
2020-02-18,Japan,NA,Tokyo,13942856,3,0,22,0
2020-02-19,Japan,NA,Tokyo,13942856,3,0,25,0
2020-02-20,Japan,NA,Tokyo,13942856,0,0,25,0
2020-02-21,Japan,NA,Tokyo,13942856,3,0,28,0
2020-02-22,Japan,NA,Tokyo,13942856,1,0,29,0
2020-02-23,Japan,NA,Tokyo,13942856,0,0,29,0
2020-02-24,Japan,NA,Tokyo,13942856,3,0,32,0
2020-02-25,Japan,NA,Tokyo,13942856,0,0,32,0
2020-02-26,Japan,NA,Tokyo,13942856,3,1,35,1
2020-02-27,Japan,NA,Tokyo,13942856,1,0,36,1
2020-02-28,Japan,NA,Tokyo,13942856,0,0,36,1
2020-02-29,Japan,NA,Tokyo,13942856,1,0,37,1
2020-03-01,Japan,NA,Tokyo,13942856,2,0,39,1
2020-03-02,Japan,NA,Tokyo,13942856,0,0,39,1
2020-03-03,Japan,NA,Tokyo,13942856,1,0,40,1
2020-03-04,Japan,NA,Tokyo,13942856,4,0,44,1
2020-03-05,Japan,NA,Tokyo,13942856,8,0,52,1
2020-03-06,Japan,NA,Tokyo,13942856,6,0,58,1
2020-03-07,Japan,NA,Tokyo,13942856,6,0,64,1
2020-03-08,Japan,NA,Tokyo,13942856,0,0,64,1
2020-03-09,Japan,NA,Tokyo,13942856,0,1,64,2
2020-03-10,Japan,NA,Tokyo,13942856,3,0,67,2
2020-03-11,Japan,NA,Tokyo,13942856,6,0,73,2
2020-03-12,Japan,NA,Tokyo,13942856,2,0,75,2
2020-03-13,Japan,NA,Tokyo,13942856,2,0,77,2
2020-03-14,Japan,NA,Tokyo,13942856,10,0,87,2
2020-03-15,Japan,NA,Tokyo,13942856,3,0,90,2
2020-03-16,Japan,NA,Tokyo,13942856,0,0,90,2
2020-03-17,Japan,NA,Tokyo,13942856,12,0,102,2
2020-03-18,Japan,NA,Tokyo,13942856,9,0,111,2
2020-03-19,Japan,NA,Tokyo,13942856,7,0,118,2
2020-03-20,Japan,NA,Tokyo,13942856,11,1,129,3
2020-03-21,Japan,NA,Tokyo,13942856,7,1,136,4
2020-03-22,Japan,NA,Tokyo,13942856,3,0,139,4
2020-03-23,Japan,NA,Tokyo,13942856,16,0,155,4
2020-03-24,Japan,NA,Tokyo,13942856,18,1,173,5
2020-03-25,Japan,NA,Tokyo,13942856,41,0,214,5
2020-03-26,Japan,NA,Tokyo,13942856,46,0,260,5
2020-03-27,Japan,NA,Tokyo,13942856,40,1,300,6
2020-03-28,Japan,NA,Tokyo,13942856,64,1,364,7
2020-03-29,Japan,NA,Tokyo,13942856,72,1,436,8
2020-03-30,Japan,NA,Tokyo,13942856,12,1,448,9
2020-03-31,Japan,NA,Tokyo,13942856,78,7,526,16
2020-04-01,Japan,NA,Tokyo,13942856,67,0,593,16
2020-04-02,Japan,NA,Tokyo,13942856,98,0,691,16
2020-04-03,Japan,NA,Tokyo,13942856,92,2,783,18
2020-04-04,Japan,NA,Tokyo,13942856,118,5,901,23
2020-04-05,Japan,NA,Tokyo,13942856,141,7,1042,30
2020-04-06,Japan,NA,Tokyo,13942856,85,0,1127,30
2020-04-07,Japan,NA,Tokyo,13942856,87,1,1214,31
2020-04-08,Japan,NA,Tokyo,13942856,156,4,1370,35
2020-04-09,Japan,NA,Tokyo,13942856,183,1,1553,36
2020-04-10,Japan,NA,Tokyo,13942856,199,4,1752,40
2020-04-11,Japan,NA,Tokyo,13942856,198,0,1950,40
2020-04-12,Japan,NA,Tokyo,13942856,174,2,2124,42
2020-04-13,Japan,NA,Tokyo,13942856,100,0,2224,42
2020-04-14,Japan,NA,Tokyo,13942856,159,5,2383,47
2020-04-15,Japan,NA,Tokyo,13942856,127,6,2510,53
2020-04-16,Japan,NA,Tokyo,13942856,151,3,2661,56
2020-04-17,Japan,NA,Tokyo,13942856,206,7,2867,63
2020-04-18,Japan,NA,Tokyo,13942856,186,5,3053,68
2020-04-19,Japan,NA,Tokyo,13942856,109,3,3162,71
2020-04-20,Japan,NA,Tokyo,13942856,101,6,3263,77
2020-04-21,Japan,NA,Tokyo,13942856,123,4,3386,81
2020-04-22,Japan,NA,Tokyo,13942856,123,0,3509,81
2020-04-23,Japan,NA,Tokyo,13942856,134,6,3643,87
2020-04-24,Japan,NA,Tokyo,13942856,170,6,3813,93
2020-04-25,Japan,NA,Tokyo,13942856,119,7,3932,100
2020-04-26,Japan,NA,Tokyo,13942856,82,0,4014,100
2020-04-27,Japan,NA,Tokyo,13942856,41,6,4055,106
2020-04-28,Japan,NA,Tokyo,13942856,113,2,4168,108
2020-04-29,Japan,NA,Tokyo,13942856,47,9,4215,117
2020-04-30,Japan,NA,Tokyo,13942856,59,3,4274,120
2020-05-01,Japan,NA,Tokyo,13942856,165,6,4439,126
2020-05-02,Japan,NA,Tokyo,13942856,154,15,4593,141
2020-05-03,Japan,NA,Tokyo,13942856,93,4,4686,145
2020-05-04,Japan,NA,Tokyo,13942856,87,5,4773,150
2020-05-05,Japan,NA,Tokyo,13942856,57,0,4830,150
2020-05-06,Japan,NA,Tokyo,13942856,37,5,4867,155
2020-05-07,Japan,NA,Tokyo,13942856,23,5,4890,160
2020-05-08,Japan,NA,Tokyo,13942856,39,11,4929,171
2020-05-09,Japan,NA,Tokyo,13942856,36,9,4965,180
2020-05-10,Japan,NA,Tokyo,13942856,22,0,4987,180
2020-05-11,Japan,NA,Tokyo,13942856,15,9,5002,189
2020-05-12,Japan,NA,Tokyo,13942856,27,7,5029,196
2020-05-13,Japan,NA,Tokyo,13942856,10,7,5039,203
2020-05-14,Japan,NA,Tokyo,13942856,30,9,5069,212
2020-05-15,Japan,NA,Tokyo,13942856,9,7,5078,219
2020-05-16,Japan,NA,Tokyo,13942856,14,11,5092,230
2020-05-17,Japan,NA,Tokyo,13942856,5,7,5097,237
2020-05-18,Japan,NA,Tokyo,13942856,10,4,5107,241
2020-05-19,Japan,NA,Tokyo,13942856,5,3,5112,244
2020-05-20,Japan,NA,Tokyo,13942856,5,3,5117,247
2020-05-21,Japan,NA,Tokyo,13942856,11,9,5128,256
2020-05-22,Japan,NA,Tokyo,13942856,3,7,5131,263
2020-05-23,Japan,NA,Tokyo,13942856,2,8,5133,271
2020-05-24,Japan,NA,Tokyo,13942856,14,9,5147,280
2020-05-25,Japan,NA,Tokyo,13942856,8,8,5155,288
2020-05-26,Japan,NA,Tokyo,13942856,10,4,5165,292
2020-05-27,Japan,NA,Tokyo,13942856,11,4,5176,296
2020-05-28,Japan,NA,Tokyo,13942856,15,3,5191,299
2020-05-29,Japan,NA,Tokyo,13942856,21,3,5212,302
2020-05-30,Japan,NA,Tokyo,13942856,14,2,5226,304
2020-05-31,Japan,NA,Tokyo,13942856,5,1,5231,305
2020-06-01,Japan,NA,Tokyo,13942856,13,0,5244,305
2020-06-02,Japan,NA,Tokyo,13942856,34,1,5278,306
2020-06-03,Japan,NA,Tokyo,13942856,12,0,5290,306
2020-06-04,Japan,NA,Tokyo,13942856,28,1,5318,307
2020-06-05,Japan,NA,Tokyo,13942856,20,2,5338,309
2020-06-06,Japan,NA,Tokyo,13942856,26,2,5364,311
2020-06-07,Japan,NA,Tokyo,13942856,14,0,5378,311
2020-06-08,Japan,NA,Tokyo,13942856,13,0,5391,311
2020-06-09,Japan,NA,Tokyo,13942856,12,0,5403,311
2020-06-10,Japan,NA,Tokyo,13942856,18,0,5421,311
2020-06-11,Japan,NA,Tokyo,13942856,22,0,5443,311
2020-06-12,Japan,NA,Tokyo,13942856,25,2,5468,313
2020-06-13,Japan,NA,Tokyo,13942856,24,1,5492,314
2020-06-14,Japan,NA,Tokyo,13942856,47,0,5539,314
2020-06-15,Japan,NA,Tokyo,13942856,48,0,5587,314
2020-06-16,Japan,NA,Tokyo,13942856,27,2,5614,316
2020-06-17,Japan,NA,Tokyo,13942856,16,1,5630,317
2020-06-18,Japan,NA,Tokyo,13942856,41,0,5671,317
2020-06-19,Japan,NA,Tokyo,13942856,35,3,5706,320
2020-06-20,Japan,NA,Tokyo,13942856,39,0,5745,320
2020-06-21,Japan,NA,Tokyo,13942856,34,0,5779,320
2020-06-22,Japan,NA,Tokyo,13942856,29,1,5808,321
2020-06-23,Japan,NA,Tokyo,13942856,31,2,5839,323
2020-06-24,Japan,NA,Tokyo,13942856,55,2,5894,325
2020-06-25,Japan,NA,Tokyo,13942856,48,0,5942,325
2020-06-26,Japan,NA,Tokyo,13942856,54,0,5996,325
2020-06-27,Japan,NA,Tokyo,13942856,57,0,6053,325
2020-06-28,Japan,NA,Tokyo,13942856,60,0,6113,325
2020-06-29,Japan,NA,Tokyo,13942856,58,0,6171,325
2020-06-30,Japan,NA,Tokyo,13942856,54,0,6225,325
2020-07-01,Japan,NA,Tokyo,13942856,67,0,6292,325
2020-07-02,Japan,NA,Tokyo,13942856,107,0,6399,325
2020-07-03,Japan,NA,Tokyo,13942856,124,0,6523,325
2020-07-04,Japan,NA,Tokyo,13942856,131,0,6654,325
2020-07-05,Japan,NA,Tokyo,13942856,111,0,6765,325
2020-07-06,Japan,NA,Tokyo,13942856,102,0,6867,325
2020-07-07,Japan,NA,Tokyo,13942856,106,0,6973,325
2020-07-08,Japan,NA,Tokyo,13942856,75,0,7048,325
2020-07-09,Japan,NA,Tokyo,13942856,224,0,7272,325
2020-07-10,Japan,NA,Tokyo,13942856,243,0,7515,325
2020-07-11,Japan,NA,Tokyo,13942856,206,0,7721,325
2020-07-12,Japan,NA,Tokyo,13942856,206,0,7927,325
2020-07-13,Japan,NA,Tokyo,13942856,119,0,8046,325
2020-07-14,Japan,NA,Tokyo,13942856,143,0,8189,325
2020-07-15,Japan,NA,Tokyo,13942856,165,1,8354,326
2020-07-16,Japan,NA,Tokyo,13942856,286,0,8640,326
2020-07-17,Japan,NA,Tokyo,13942856,293,0,8933,326
2020-07-18,Japan,NA,Tokyo,13942856,290,0,9223,326
2020-07-19,Japan,NA,Tokyo,13942856,188,0,9411,326
2020-07-20,Japan,NA,Tokyo,13942856,168,1,9579,327
2020-07-21,Japan,NA,Tokyo,13942856,237,0,9816,327
2020-07-22,Japan,NA,Tokyo,13942856,238,0,10054,327
2020-07-23,Japan,NA,Tokyo,13942856,366,0,10420,327
2020-07-24,Japan,NA,Tokyo,13942856,260,0,10680,327
2020-07-25,Japan,NA,Tokyo,13942856,295,1,10975,328
2020-07-26,Japan,NA,Tokyo,13942856,239,0,11214,328
2020-07-27,Japan,NA,Tokyo,13942856,131,0,11345,328
2020-07-28,Japan,NA,Tokyo,13942856,266,0,11611,328
2020-07-29,Japan,NA,Tokyo,13942856,250,1,11861,329
2020-07-30,Japan,NA,Tokyo,13942856,367,1,12228,330
2020-07-31,Japan,NA,Tokyo,13942856,463,2,12691,332
2020-08-01,Japan,NA,Tokyo,13942856,472,0,13163,332
2020-08-02,Japan,NA,Tokyo,13942856,292,0,13455,332
2020-08-03,Japan,NA,Tokyo,13942856,258,1,13713,333
2020-08-04,Japan,NA,Tokyo,13942856,309,0,14022,333
2020-08-05,Japan,NA,Tokyo,13942856,263,0,14285,333
2020-08-06,Japan,NA,Tokyo,13942856,360,0,14645,333
2020-08-07,Japan,NA,Tokyo,13942856,462,0,15107,333
2020-08-08,Japan,NA,Tokyo,13942856,429,0,15536,333
2020-08-09,Japan,NA,Tokyo,13942856,331,0,15867,333
2020-08-10,Japan,NA,Tokyo,13942856,197,1,16064,334
2020-08-11,Japan,NA,Tokyo,13942856,188,2,16252,336
2020-08-12,Japan,NA,Tokyo,13942856,222,0,16474,336
2020-08-13,Japan,NA,Tokyo,13942856,206,2,16680,338
2020-08-14,Japan,NA,Tokyo,13942856,389,0,17069,338
2020-08-15,Japan,NA,Tokyo,13942856,385,0,17454,338
2020-08-16,Japan,NA,Tokyo,13942856,260,2,17714,340
2020-08-17,Japan,NA,Tokyo,13942856,161,1,17875,341
2020-08-18,Japan,NA,Tokyo,13942856,207,3,18082,344
2020-08-19,Japan,NA,Tokyo,13942856,186,3,18268,347
2020-08-20,Japan,NA,Tokyo,13942856,339,1,18607,348
2020-08-21,Japan,NA,Tokyo,13942856,258,2,18865,350
2020-08-22,Japan,NA,Tokyo,13942856,256,0,19121,350
2020-08-23,Japan,NA,Tokyo,13942856,212,0,19333,350
2020-08-24,Japan,NA,Tokyo,13942856,95,2,19428,352
2020-08-25,Japan,NA,Tokyo,13942856,182,2,19610,354
2020-08-26,Japan,NA,Tokyo,13942856,236,2,19846,356
2020-08-27,Japan,NA,Tokyo,13942856,250,0,20096,356
2020-08-28,Japan,NA,Tokyo,13942856,226,2,20322,358
2020-08-29,Japan,NA,Tokyo,13942856,247,0,20569,358
2020-08-30,Japan,NA,Tokyo,13942856,148,2,20717,360
2020-08-31,Japan,NA,Tokyo,13942856,100,3,20817,363
2020-09-01,Japan,NA,Tokyo,13942856,170,1,20987,364
2020-09-02,Japan,NA,Tokyo,13942856,141,0,21128,364
2020-09-03,Japan,NA,Tokyo,13942856,211,1,21339,365
2020-09-04,Japan,NA,Tokyo,13942856,136,4,21475,369
2020-09-05,Japan,NA,Tokyo,13942856,181,0,21656,369
2020-09-06,Japan,NA,Tokyo,13942856,116,0,21772,369
2020-09-07,Japan,NA,Tokyo,13942856,77,3,21849,372
2020-09-08,Japan,NA,Tokyo,13942856,170,6,22019,378
2020-09-09,Japan,NA,Tokyo,13942856,149,1,22168,379
2020-09-10,Japan,NA,Tokyo,13942856,276,0,22444,379
2020-09-11,Japan,NA,Tokyo,13942856,187,1,22631,380
2020-09-12,Japan,NA,Tokyo,13942856,226,2,22857,382
2020-09-13,Japan,NA,Tokyo,13942856,146,0,23003,382
2020-09-14,Japan,NA,Tokyo,13942856,80,2,23083,384
2020-09-15,Japan,NA,Tokyo,13942856,191,2,23274,386
2020-03-23,Mexico,NA,Aguascalientes,1191191,4,0,14,0
2020-03-25,Mexico,NA,Aguascalientes,1191191,17,0,31,0
2020-03-26,Mexico,NA,Aguascalientes,1191191,4,0,35,0
2020-03-27,Mexico,NA,Aguascalientes,1191191,6,0,41,0
2020-03-28,Mexico,NA,Aguascalientes,1191191,5,0,46,0
2020-03-29,Mexico,NA,Aguascalientes,1191191,3,0,49,0
2020-03-30,Mexico,NA,Aguascalientes,1191191,4,0,53,0
2020-03-31,Mexico,NA,Aguascalientes,1191191,1,0,54,0
2020-04-03,Mexico,NA,Aguascalientes,1191191,2,0,56,0
2020-04-05,Mexico,NA,Aguascalientes,1191191,2,0,58,0
2020-04-06,Mexico,NA,Aguascalientes,1191191,4,0,62,0
2020-04-07,Mexico,NA,Aguascalientes,1191191,1,0,63,0
2020-04-08,Mexico,NA,Aguascalientes,1191191,1,0,64,0
2020-04-10,Mexico,NA,Aguascalientes,1191191,3,1,67,1
2020-04-11,Mexico,NA,Aguascalientes,1191191,1,0,68,1
2020-04-12,Mexico,NA,Aguascalientes,1191191,2,0,70,1
2020-04-13,Mexico,NA,Aguascalientes,1191191,8,1,78,2
2020-04-14,Mexico,NA,Aguascalientes,1191191,2,0,80,2
2020-04-15,Mexico,NA,Aguascalientes,1191191,12,0,92,2
2020-04-16,Mexico,NA,Aguascalientes,1191191,7,0,99,2
2020-04-17,Mexico,NA,Aguascalientes,1191191,18,1,117,3
2020-04-18,Mexico,NA,Aguascalientes,1191191,13,0,130,3
2020-04-19,Mexico,NA,Aguascalientes,1191191,3,1,133,4
2020-04-20,Mexico,NA,Aguascalientes,1191191,17,0,150,4
2020-04-21,Mexico,NA,Aguascalientes,1191191,13,0,163,4
2020-04-22,Mexico,NA,Aguascalientes,1191191,11,1,174,5
2020-04-23,Mexico,NA,Aguascalientes,1191191,21,0,195,5
2020-04-24,Mexico,NA,Aguascalientes,1191191,11,0,206,5
2020-04-25,Mexico,NA,Aguascalientes,1191191,1,0,207,5
2020-04-26,Mexico,NA,Aguascalientes,1191191,7,0,214,5
2020-04-27,Mexico,NA,Aguascalientes,1191191,17,1,231,6
2020-04-28,Mexico,NA,Aguascalientes,1191191,32,1,263,7
2020-04-29,Mexico,NA,Aguascalientes,1191191,18,0,281,7
2020-04-30,Mexico,NA,Aguascalientes,1191191,27,1,308,8
2020-05-01,Mexico,NA,Aguascalientes,1191191,4,0,312,8
2020-05-02,Mexico,NA,Aguascalientes,1191191,4,0,316,8
2020-05-03,Mexico,NA,Aguascalientes,1191191,3,0,319,8
2020-05-04,Mexico,NA,Aguascalientes,1191191,50,1,369,9
2020-05-05,Mexico,NA,Aguascalientes,1191191,12,0,381,9
2020-05-06,Mexico,NA,Aguascalientes,1191191,16,3,397,12
2020-05-07,Mexico,NA,Aguascalientes,1191191,24,3,421,15
2020-05-08,Mexico,NA,Aguascalientes,1191191,14,1,435,16
2020-05-10,Mexico,NA,Aguascalientes,1191191,4,1,439,17
2020-05-11,Mexico,NA,Aguascalientes,1191191,11,0,450,17
2020-05-12,Mexico,NA,Aguascalientes,1191191,43,0,493,17
2020-05-13,Mexico,NA,Aguascalientes,1191191,14,2,507,19
2020-05-14,Mexico,NA,Aguascalientes,1191191,23,1,530,20
2020-05-15,Mexico,NA,Aguascalientes,1191191,28,1,558,21
2020-05-16,Mexico,NA,Aguascalientes,1191191,3,1,561,22
2020-05-17,Mexico,NA,Aguascalientes,1191191,7,4,568,26
2020-05-18,Mexico,NA,Aguascalientes,1191191,37,0,605,26
2020-05-19,Mexico,NA,Aguascalientes,1191191,20,0,625,26
2020-05-20,Mexico,NA,Aguascalientes,1191191,27,0,652,26
2020-05-21,Mexico,NA,Aguascalientes,1191191,30,2,682,28
2020-05-22,Mexico,NA,Aguascalientes,1191191,24,1,706,29
2020-05-23,Mexico,NA,Aguascalientes,1191191,17,0,723,29
2020-05-24,Mexico,NA,Aguascalientes,1191191,8,4,731,33
2020-05-25,Mexico,NA,Aguascalientes,1191191,39,1,770,34
2020-05-26,Mexico,NA,Aguascalientes,1191191,39,1,809,35
2020-05-27,Mexico,NA,Aguascalientes,1191191,36,4,845,39
2020-05-28,Mexico,NA,Aguascalientes,1191191,45,3,890,42
2020-05-29,Mexico,NA,Aguascalientes,1191191,42,3,932,45
2020-05-30,Mexico,NA,Aguascalientes,1191191,15,2,947,47
2020-05-31,Mexico,NA,Aguascalientes,1191191,20,2,967,49
2020-06-01,Mexico,NA,Aguascalientes,1191191,63,2,1030,51
2020-06-02,Mexico,NA,Aguascalientes,1191191,60,3,1090,54
2020-06-03,Mexico,NA,Aguascalientes,1191191,60,4,1150,58
2020-06-04,Mexico,NA,Aguascalientes,1191191,44,4,1194,62
2020-06-05,Mexico,NA,Aguascalientes,1191191,60,1,1254,63
2020-06-06,Mexico,NA,Aguascalientes,1191191,24,5,1278,68
2020-06-07,Mexico,NA,Aguascalientes,1191191,26,4,1304,72
2020-06-08,Mexico,NA,Aguascalientes,1191191,73,2,1377,74
2020-06-09,Mexico,NA,Aguascalientes,1191191,66,4,1443,78
2020-06-10,Mexico,NA,Aguascalientes,1191191,63,6,1506,84
2020-06-11,Mexico,NA,Aguascalientes,1191191,63,3,1569,87
2020-06-12,Mexico,NA,Aguascalientes,1191191,60,7,1629,94
2020-06-13,Mexico,NA,Aguascalientes,1191191,33,2,1662,96
2020-06-14,Mexico,NA,Aguascalientes,1191191,23,3,1685,99
2020-06-15,Mexico,NA,Aguascalientes,1191191,80,3,1765,102
2020-06-16,Mexico,NA,Aguascalientes,1191191,58,5,1823,107
2020-06-17,Mexico,NA,Aguascalientes,1191191,73,4,1896,111
2020-06-18,Mexico,NA,Aguascalientes,1191191,63,6,1959,117
2020-06-19,Mexico,NA,Aguascalientes,1191191,69,5,2028,122
2020-06-20,Mexico,NA,Aguascalientes,1191191,15,4,2043,126
2020-06-21,Mexico,NA,Aguascalientes,1191191,26,5,2069,131
2020-06-22,Mexico,NA,Aguascalientes,1191191,68,1,2137,132
2020-06-23,Mexico,NA,Aguascalientes,1191191,54,2,2191,134
2020-06-24,Mexico,NA,Aguascalientes,1191191,50,6,2241,140
2020-06-25,Mexico,NA,Aguascalientes,1191191,69,3,2310,143
2020-06-26,Mexico,NA,Aguascalientes,1191191,56,10,2366,153
2020-06-27,Mexico,NA,Aguascalientes,1191191,17,4,2383,157
2020-06-28,Mexico,NA,Aguascalientes,1191191,11,1,2394,158
2020-06-29,Mexico,NA,Aguascalientes,1191191,38,4,2432,162
2020-06-30,Mexico,NA,Aguascalientes,1191191,39,2,2471,164
2020-07-01,Mexico,NA,Aguascalientes,1191191,79,2,2550,166
2020-07-02,Mexico,NA,Aguascalientes,1191191,69,3,2619,169
2020-07-03,Mexico,NA,Aguascalientes,1191191,67,4,2686,173
2020-07-04,Mexico,NA,Aguascalientes,1191191,11,8,2697,181
2020-07-05,Mexico,NA,Aguascalientes,1191191,8,4,2705,185
2020-07-06,Mexico,NA,Aguascalientes,1191191,91,2,2796,187
2020-07-07,Mexico,NA,Aguascalientes,1191191,119,6,2915,193
2020-07-08,Mexico,NA,Aguascalientes,1191191,53,6,2968,199
2020-07-09,Mexico,NA,Aguascalientes,1191191,43,3,3011,202
2020-07-10,Mexico,NA,Aguascalientes,1191191,77,1,3088,203
2020-07-11,Mexico,NA,Aguascalientes,1191191,21,4,3109,207
2020-07-12,Mexico,NA,Aguascalientes,1191191,32,4,3141,211
2020-07-13,Mexico,NA,Aguascalientes,1191191,82,3,3223,214
2020-07-14,Mexico,NA,Aguascalientes,1191191,82,5,3305,219
2020-07-15,Mexico,NA,Aguascalientes,1191191,81,3,3386,222
2020-07-16,Mexico,NA,Aguascalientes,1191191,85,4,3471,226
2020-07-17,Mexico,NA,Aguascalientes,1191191,73,2,3544,228
2020-07-18,Mexico,NA,Aguascalientes,1191191,22,3,3566,231
2020-07-19,Mexico,NA,Aguascalientes,1191191,15,2,3581,233
2020-07-20,Mexico,NA,Aguascalientes,1191191,51,4,3632,237
2020-07-21,Mexico,NA,Aguascalientes,1191191,97,2,3729,239
2020-07-22,Mexico,NA,Aguascalientes,1191191,52,2,3781,241
2020-07-23,Mexico,NA,Aguascalientes,1191191,72,8,3853,249
2020-07-24,Mexico,NA,Aguascalientes,1191191,73,8,3926,257
2020-07-25,Mexico,NA,Aguascalientes,1191191,18,5,3944,262
2020-07-26,Mexico,NA,Aguascalientes,1191191,21,4,3965,266
2020-07-27,Mexico,NA,Aguascalientes,1191191,69,3,4034,269
2020-07-28,Mexico,NA,Aguascalientes,1191191,63,3,4097,272
2020-07-29,Mexico,NA,Aguascalientes,1191191,59,2,4156,274
2020-07-30,Mexico,NA,Aguascalientes,1191191,58,3,4214,277
2020-07-31,Mexico,NA,Aguascalientes,1191191,60,4,4274,281
2020-08-01,Mexico,NA,Aguascalientes,1191191,35,3,4309,284
2020-08-02,Mexico,NA,Aguascalientes,1191191,17,2,4326,286
2020-08-03,Mexico,NA,Aguascalientes,1191191,61,2,4387,288
2020-08-04,Mexico,NA,Aguascalientes,1191191,71,6,4458,294
2020-08-05,Mexico,NA,Aguascalientes,1191191,49,2,4507,296
2020-08-06,Mexico,NA,Aguascalientes,1191191,40,6,4547,302
2020-08-07,Mexico,NA,Aguascalientes,1191191,42,7,4589,309
2020-08-08,Mexico,NA,Aguascalientes,1191191,22,5,4611,314
2020-08-09,Mexico,NA,Aguascalientes,1191191,19,5,4630,319
2020-08-10,Mexico,NA,Aguascalientes,1191191,77,3,4707,322
2020-08-11,Mexico,NA,Aguascalientes,1191191,51,3,4758,325
2020-08-12,Mexico,NA,Aguascalientes,1191191,57,5,4815,330
2020-08-13,Mexico,NA,Aguascalientes,1191191,61,5,4876,335
2020-08-14,Mexico,NA,Aguascalientes,1191191,53,5,4929,340
2020-08-15,Mexico,NA,Aguascalientes,1191191,14,8,4943,348
2020-08-16,Mexico,NA,Aguascalientes,1191191,33,4,4976,352
2020-08-17,Mexico,NA,Aguascalientes,1191191,90,4,5066,356
2020-08-18,Mexico,NA,Aguascalientes,1191191,78,5,5144,361
2020-08-19,Mexico,NA,Aguascalientes,1191191,64,4,5208,365
2020-08-20,Mexico,NA,Aguascalientes,1191191,55,5,5263,370
2020-08-21,Mexico,NA,Aguascalientes,1191191,65,5,5328,375
2020-08-22,Mexico,NA,Aguascalientes,1191191,40,2,5368,377
2020-08-23,Mexico,NA,Aguascalientes,1191191,35,2,5403,379
2020-08-24,Mexico,NA,Aguascalientes,1191191,66,13,5469,392
2020-08-25,Mexico,NA,Aguascalientes,1191191,66,6,5535,398
2020-08-26,Mexico,NA,Aguascalientes,1191191,100,5,5635,403
2020-08-27,Mexico,NA,Aguascalientes,1191191,56,10,5691,413
2020-08-28,Mexico,NA,Aguascalientes,1191191,70,6,5761,419
2020-08-29,Mexico,NA,Aguascalientes,1191191,42,4,5803,423
2020-08-30,Mexico,NA,Aguascalientes,1191191,22,1,5825,424
2020-08-31,Mexico,NA,Aguascalientes,1191191,90,9,5915,433
2020-09-01,Mexico,NA,Aguascalientes,1191191,57,4,5972,437
2020-09-02,Mexico,NA,Aguascalientes,1191191,79,13,6051,450
2020-09-03,Mexico,NA,Aguascalientes,1191191,74,6,6125,456
2020-09-04,Mexico,NA,Aguascalientes,1191191,47,9,6172,465
2020-09-05,Mexico,NA,Aguascalientes,1191191,19,8,6191,473
2020-09-06,Mexico,NA,Aguascalientes,1191191,20,3,6211,476
2020-09-07,Mexico,NA,Aguascalientes,1191191,71,8,6282,484
2020-09-08,Mexico,NA,Aguascalientes,1191191,52,9,6334,493
2020-09-09,Mexico,NA,Aguascalientes,1191191,56,7,6390,500
2020-09-10,Mexico,NA,Aguascalientes,1191191,45,2,6435,502
2020-09-11,Mexico,NA,Aguascalientes,1191191,37,1,6472,503
2020-09-12,Mexico,NA,Aguascalientes,1191191,9,6,6481,509
2020-03-19,Mexico,NA,Baja California,3167289,5,0,14,0
2020-03-20,Mexico,NA,Baja California,3167289,6,0,20,0
2020-03-21,Mexico,NA,Baja California,3167289,3,0,23,0
2020-03-22,Mexico,NA,Baja California,3167289,2,0,25,0
2020-03-23,Mexico,NA,Baja California,3167289,10,0,35,0
2020-03-24,Mexico,NA,Baja California,3167289,9,0,44,0
2020-03-25,Mexico,NA,Baja California,3167289,7,0,51,0
2020-03-26,Mexico,NA,Baja California,3167289,11,0,62,0
2020-03-27,Mexico,NA,Baja California,3167289,16,0,78,0
2020-03-28,Mexico,NA,Baja California,3167289,7,0,85,0
2020-03-29,Mexico,NA,Baja California,3167289,21,1,106,1
2020-03-30,Mexico,NA,Baja California,3167289,29,2,135,3
2020-03-31,Mexico,NA,Baja California,3167289,44,2,179,5
2020-04-01,Mexico,NA,Baja California,3167289,66,2,245,7
2020-04-02,Mexico,NA,Baja California,3167289,30,5,275,12
2020-04-03,Mexico,NA,Baja California,3167289,38,2,313,14
2020-04-04,Mexico,NA,Baja California,3167289,25,5,338,19
2020-04-05,Mexico,NA,Baja California,3167289,20,1,358,20
2020-04-06,Mexico,NA,Baja California,3167289,70,10,428,30
2020-04-07,Mexico,NA,Baja California,3167289,41,5,469,35
2020-04-08,Mexico,NA,Baja California,3167289,58,6,527,41
2020-04-09,Mexico,NA,Baja California,3167289,58,5,585,46
2020-04-10,Mexico,NA,Baja California,3167289,49,7,634,53
2020-04-11,Mexico,NA,Baja California,3167289,32,10,666,63
2020-04-12,Mexico,NA,Baja California,3167289,44,12,710,75
2020-04-13,Mexico,NA,Baja California,3167289,81,8,791,83
2020-04-14,Mexico,NA,Baja California,3167289,104,12,895,95
2020-04-15,Mexico,NA,Baja California,3167289,102,17,997,112
2020-04-16,Mexico,NA,Baja California,3167289,84,11,1081,123
2020-04-17,Mexico,NA,Baja California,3167289,99,20,1180,143
2020-04-18,Mexico,NA,Baja California,3167289,46,16,1226,159
2020-04-19,Mexico,NA,Baja California,3167289,44,16,1270,175
2020-04-20,Mexico,NA,Baja California,3167289,110,14,1380,189
2020-04-21,Mexico,NA,Baja California,3167289,108,15,1488,204
2020-04-22,Mexico,NA,Baja California,3167289,91,18,1579,222
2020-04-23,Mexico,NA,Baja California,3167289,111,19,1690,241
2020-04-24,Mexico,NA,Baja California,3167289,87,24,1777,265
2020-04-25,Mexico,NA,Baja California,3167289,44,18,1821,283
2020-04-26,Mexico,NA,Baja California,3167289,68,18,1889,301
2020-04-27,Mexico,NA,Baja California,3167289,112,28,2001,329
2020-04-28,Mexico,NA,Baja California,3167289,98,21,2099,350
2020-04-29,Mexico,NA,Baja California,3167289,109,29,2208,379
2020-04-30,Mexico,NA,Baja California,3167289,89,22,2297,401
2020-05-01,Mexico,NA,Baja California,3167289,92,23,2389,424
2020-05-02,Mexico,NA,Baja California,3167289,78,26,2467,450
2020-05-03,Mexico,NA,Baja California,3167289,91,14,2558,464
2020-05-04,Mexico,NA,Baja California,3167289,145,30,2703,494
2020-05-05,Mexico,NA,Baja California,3167289,141,31,2844,525
2020-05-06,Mexico,NA,Baja California,3167289,118,28,2962,553
2020-05-07,Mexico,NA,Baja California,3167289,124,26,3086,579
2020-05-08,Mexico,NA,Baja California,3167289,142,34,3228,613
2020-05-09,Mexico,NA,Baja California,3167289,75,36,3303,649
2020-05-10,Mexico,NA,Baja California,3167289,69,28,3372,677
2020-05-11,Mexico,NA,Baja California,3167289,130,31,3502,708
2020-05-12,Mexico,NA,Baja California,3167289,125,30,3627,738
2020-05-13,Mexico,NA,Baja California,3167289,129,38,3756,776
2020-05-14,Mexico,NA,Baja California,3167289,113,36,3869,812
2020-05-15,Mexico,NA,Baja California,3167289,147,27,4016,839
2020-05-16,Mexico,NA,Baja California,3167289,70,30,4086,869
2020-05-17,Mexico,NA,Baja California,3167289,72,40,4158,909
2020-05-18,Mexico,NA,Baja California,3167289,215,52,4373,961
2020-05-19,Mexico,NA,Baja California,3167289,156,33,4529,994
2020-05-20,Mexico,NA,Baja California,3167289,170,41,4699,1035
2020-05-21,Mexico,NA,Baja California,3167289,230,21,4929,1056
2020-05-22,Mexico,NA,Baja California,3167289,208,26,5137,1082
2020-05-23,Mexico,NA,Baja California,3167289,66,27,5203,1109
2020-05-24,Mexico,NA,Baja California,3167289,80,32,5283,1141
2020-05-25,Mexico,NA,Baja California,3167289,136,32,5419,1173
2020-05-26,Mexico,NA,Baja California,3167289,134,30,5553,1203
2020-05-27,Mexico,NA,Baja California,3167289,130,29,5683,1232
2020-05-28,Mexico,NA,Baja California,3167289,118,37,5801,1269
2020-05-29,Mexico,NA,Baja California,3167289,115,18,5916,1287
2020-05-30,Mexico,NA,Baja California,3167289,84,33,6000,1320
2020-05-31,Mexico,NA,Baja California,3167289,71,29,6071,1349
2020-06-01,Mexico,NA,Baja California,3167289,152,32,6223,1381
2020-06-02,Mexico,NA,Baja California,3167289,170,29,6393,1410
2020-06-03,Mexico,NA,Baja California,3167289,162,25,6555,1435
2020-06-04,Mexico,NA,Baja California,3167289,147,28,6702,1463
2020-06-05,Mexico,NA,Baja California,3167289,152,26,6854,1489
2020-06-06,Mexico,NA,Baja California,3167289,103,39,6957,1528
2020-06-07,Mexico,NA,Baja California,3167289,69,28,7026,1556
2020-06-08,Mexico,NA,Baja California,3167289,170,30,7196,1586
2020-06-09,Mexico,NA,Baja California,3167289,172,18,7368,1604
2020-06-10,Mexico,NA,Baja California,3167289,145,29,7513,1633
2020-06-11,Mexico,NA,Baja California,3167289,148,21,7661,1654
2020-06-12,Mexico,NA,Baja California,3167289,110,32,7771,1686
2020-06-13,Mexico,NA,Baja California,3167289,87,27,7858,1713
2020-06-14,Mexico,NA,Baja California,3167289,93,30,7951,1743
2020-06-15,Mexico,NA,Baja California,3167289,177,22,8128,1765
2020-06-16,Mexico,NA,Baja California,3167289,187,18,8315,1783
2020-06-17,Mexico,NA,Baja California,3167289,150,30,8465,1813
2020-06-18,Mexico,NA,Baja California,3167289,143,24,8608,1837
2020-06-19,Mexico,NA,Baja California,3167289,175,22,8783,1859
2020-06-20,Mexico,NA,Baja California,3167289,84,13,8867,1872
2020-06-21,Mexico,NA,Baja California,3167289,62,19,8929,1891
2020-06-22,Mexico,NA,Baja California,3167289,208,23,9137,1914
2020-06-23,Mexico,NA,Baja California,3167289,195,24,9332,1938
2020-06-24,Mexico,NA,Baja California,3167289,178,24,9510,1962
2020-06-25,Mexico,NA,Baja California,3167289,173,25,9683,1987
2020-06-26,Mexico,NA,Baja California,3167289,171,25,9854,2012
2020-06-27,Mexico,NA,Baja California,3167289,110,20,9964,2032
2020-06-28,Mexico,NA,Baja California,3167289,62,16,10026,2048
2020-06-29,Mexico,NA,Baja California,3167289,206,28,10232,2076
2020-06-30,Mexico,NA,Baja California,3167289,194,31,10426,2107
2020-07-01,Mexico,NA,Baja California,3167289,176,22,10602,2129
2020-07-02,Mexico,NA,Baja California,3167289,191,25,10793,2154
2020-07-03,Mexico,NA,Baja California,3167289,162,27,10955,2181
2020-07-04,Mexico,NA,Baja California,3167289,71,27,11026,2208
2020-07-05,Mexico,NA,Baja California,3167289,91,33,11117,2241
2020-07-06,Mexico,NA,Baja California,3167289,209,44,11326,2285
2020-07-07,Mexico,NA,Baja California,3167289,208,28,11534,2313
2020-07-08,Mexico,NA,Baja California,3167289,209,23,11743,2336
2020-07-09,Mexico,NA,Baja California,3167289,158,21,11901,2357
2020-07-10,Mexico,NA,Baja California,3167289,126,27,12027,2384
2020-07-11,Mexico,NA,Baja California,3167289,55,24,12082,2408
2020-07-12,Mexico,NA,Baja California,3167289,72,23,12154,2431
2020-07-13,Mexico,NA,Baja California,3167289,145,17,12299,2448
2020-07-14,Mexico,NA,Baja California,3167289,158,18,12457,2466
2020-07-15,Mexico,NA,Baja California,3167289,166,8,12623,2474
2020-07-16,Mexico,NA,Baja California,3167289,149,23,12772,2497
2020-07-17,Mexico,NA,Baja California,3167289,127,26,12899,2523
2020-07-18,Mexico,NA,Baja California,3167289,77,17,12976,2540
2020-07-19,Mexico,NA,Baja California,3167289,89,24,13065,2564
2020-07-20,Mexico,NA,Baja California,3167289,149,25,13214,2589
2020-07-21,Mexico,NA,Baja California,3167289,131,17,13345,2606
2020-07-22,Mexico,NA,Baja California,3167289,130,20,13475,2626
2020-07-23,Mexico,NA,Baja California,3167289,113,22,13588,2648
2020-07-24,Mexico,NA,Baja California,3167289,125,16,13713,2664
2020-07-25,Mexico,NA,Baja California,3167289,77,27,13790,2691
2020-07-26,Mexico,NA,Baja California,3167289,57,16,13847,2707
2020-07-27,Mexico,NA,Baja California,3167289,133,22,13980,2729
2020-07-28,Mexico,NA,Baja California,3167289,119,20,14099,2749
2020-07-29,Mexico,NA,Baja California,3167289,115,15,14214,2764
2020-07-30,Mexico,NA,Baja California,3167289,130,22,14344,2786
2020-07-31,Mexico,NA,Baja California,3167289,152,15,14496,2801
2020-08-01,Mexico,NA,Baja California,3167289,59,14,14555,2815
2020-08-02,Mexico,NA,Baja California,3167289,62,15,14617,2830
2020-08-03,Mexico,NA,Baja California,3167289,144,21,14761,2851
2020-08-04,Mexico,NA,Baja California,3167289,138,29,14899,2880
2020-08-05,Mexico,NA,Baja California,3167289,109,13,15008,2893
2020-08-06,Mexico,NA,Baja California,3167289,111,10,15119,2903
2020-08-07,Mexico,NA,Baja California,3167289,93,13,15212,2916
2020-08-08,Mexico,NA,Baja California,3167289,60,19,15272,2935
2020-08-09,Mexico,NA,Baja California,3167289,46,7,15318,2942
2020-08-10,Mexico,NA,Baja California,3167289,155,16,15473,2958
2020-08-11,Mexico,NA,Baja California,3167289,108,21,15581,2979
2020-08-12,Mexico,NA,Baja California,3167289,106,6,15687,2985
2020-08-13,Mexico,NA,Baja California,3167289,104,11,15791,2996
2020-08-14,Mexico,NA,Baja California,3167289,94,18,15885,3014
2020-08-15,Mexico,NA,Baja California,3167289,39,12,15924,3026
2020-08-16,Mexico,NA,Baja California,3167289,44,16,15968,3042
2020-08-17,Mexico,NA,Baja California,3167289,163,27,16131,3069
2020-08-18,Mexico,NA,Baja California,3167289,122,18,16253,3087
2020-08-19,Mexico,NA,Baja California,3167289,119,12,16372,3099
2020-08-20,Mexico,NA,Baja California,3167289,132,11,16504,3110
2020-08-21,Mexico,NA,Baja California,3167289,96,13,16600,3123
2020-08-22,Mexico,NA,Baja California,3167289,42,14,16642,3137
2020-08-23,Mexico,NA,Baja California,3167289,39,13,16681,3150
2020-08-24,Mexico,NA,Baja California,3167289,147,16,16828,3166
2020-08-25,Mexico,NA,Baja California,3167289,104,11,16932,3177
2020-08-26,Mexico,NA,Baja California,3167289,88,5,17020,3182
2020-08-27,Mexico,NA,Baja California,3167289,109,7,17129,3189
2020-08-28,Mexico,NA,Baja California,3167289,101,15,17230,3204
2020-08-29,Mexico,NA,Baja California,3167289,38,8,17268,3212
2020-08-30,Mexico,NA,Baja California,3167289,31,20,17299,3232
2020-08-31,Mexico,NA,Baja California,3167289,181,13,17480,3245
2020-09-01,Mexico,NA,Baja California,3167289,178,15,17658,3260
2020-09-02,Mexico,NA,Baja California,3167289,149,15,17807,3275
2020-09-03,Mexico,NA,Baja California,3167289,146,7,17953,3282
2020-09-04,Mexico,NA,Baja California,3167289,113,10,18066,3292
2020-09-05,Mexico,NA,Baja California,3167289,55,11,18121,3303
2020-09-06,Mexico,NA,Baja California,3167289,32,7,18153,3310
2020-09-07,Mexico,NA,Baja California,3167289,111,17,18264,3327
2020-09-08,Mexico,NA,Baja California,3167289,39,7,18303,3334
2020-09-09,Mexico,NA,Baja California,3167289,28,10,18331,3344
2020-09-10,Mexico,NA,Baja California,3167289,16,5,18347,3349
2020-09-11,Mexico,NA,Baja California,3167289,9,7,18356,3356
2020-09-12,Mexico,NA,Baja California,3167289,3,7,18359,3363
2020-09-13,Mexico,NA,Baja California,3167289,1,3,18360,3366
2020-03-26,Mexico,NA,Baja California Sur,646618,2,0,12,0
2020-03-27,Mexico,NA,Baja California Sur,646618,4,0,16,0
2020-03-28,Mexico,NA,Baja California Sur,646618,4,0,20,0
2020-03-29,Mexico,NA,Baja California Sur,646618,1,1,21,1
2020-03-30,Mexico,NA,Baja California Sur,646618,14,0,35,1
2020-03-31,Mexico,NA,Baja California Sur,646618,7,1,42,2
2020-04-01,Mexico,NA,Baja California Sur,646618,5,0,47,2
2020-04-02,Mexico,NA,Baja California Sur,646618,11,0,58,2
2020-04-03,Mexico,NA,Baja California Sur,646618,16,0,74,2
2020-04-04,Mexico,NA,Baja California Sur,646618,5,1,79,3
2020-04-05,Mexico,NA,Baja California Sur,646618,5,1,84,4
2020-04-06,Mexico,NA,Baja California Sur,646618,23,0,107,4
2020-04-07,Mexico,NA,Baja California Sur,646618,24,0,131,4
2020-04-08,Mexico,NA,Baja California Sur,646618,24,1,155,5
2020-04-09,Mexico,NA,Baja California Sur,646618,22,0,177,5
2020-04-10,Mexico,NA,Baja California Sur,646618,9,0,186,5
2020-04-11,Mexico,NA,Baja California Sur,646618,7,1,193,6
2020-04-12,Mexico,NA,Baja California Sur,646618,5,1,198,7
2020-04-13,Mexico,NA,Baja California Sur,646618,14,1,212,8
2020-04-14,Mexico,NA,Baja California Sur,646618,17,0,229,8
2020-04-15,Mexico,NA,Baja California Sur,646618,5,0,234,8
2020-04-16,Mexico,NA,Baja California Sur,646618,9,1,243,9
2020-04-17,Mexico,NA,Baja California Sur,646618,6,1,249,10
2020-04-18,Mexico,NA,Baja California Sur,646618,3,0,252,10
2020-04-19,Mexico,NA,Baja California Sur,646618,8,0,260,10
2020-04-20,Mexico,NA,Baja California Sur,646618,7,1,267,11
2020-04-21,Mexico,NA,Baja California Sur,646618,12,1,279,12
2020-04-22,Mexico,NA,Baja California Sur,646618,5,2,284,14
2020-04-23,Mexico,NA,Baja California Sur,646618,9,0,293,14
2020-04-24,Mexico,NA,Baja California Sur,646618,13,1,306,15
2020-04-25,Mexico,NA,Baja California Sur,646618,5,0,311,15
2020-04-26,Mexico,NA,Baja California Sur,646618,7,2,318,17
2020-04-27,Mexico,NA,Baja California Sur,646618,10,0,328,17
2020-04-28,Mexico,NA,Baja California Sur,646618,4,1,332,18
2020-04-29,Mexico,NA,Baja California Sur,646618,4,1,336,19
2020-04-30,Mexico,NA,Baja California Sur,646618,14,0,350,19
2020-05-01,Mexico,NA,Baja California Sur,646618,2,0,352,19
2020-05-02,Mexico,NA,Baja California Sur,646618,9,0,361,19
2020-05-03,Mexico,NA,Baja California Sur,646618,6,1,367,20
2020-05-04,Mexico,NA,Baja California Sur,646618,7,1,374,21
2020-05-05,Mexico,NA,Baja California Sur,646618,12,0,386,21
2020-05-06,Mexico,NA,Baja California Sur,646618,10,2,396,23
2020-05-07,Mexico,NA,Baja California Sur,646618,11,0,407,23
2020-05-08,Mexico,NA,Baja California Sur,646618,9,2,416,25
2020-05-09,Mexico,NA,Baja California Sur,646618,6,0,422,25
2020-05-10,Mexico,NA,Baja California Sur,646618,10,2,432,27
2020-05-11,Mexico,NA,Baja California Sur,646618,7,1,439,28
2020-05-12,Mexico,NA,Baja California Sur,646618,16,0,455,28
2020-05-13,Mexico,NA,Baja California Sur,646618,13,1,468,29
2020-05-14,Mexico,NA,Baja California Sur,646618,8,1,476,30
2020-05-15,Mexico,NA,Baja California Sur,646618,5,0,481,30
2020-05-16,Mexico,NA,Baja California Sur,646618,11,1,492,31
2020-05-17,Mexico,NA,Baja California Sur,646618,3,1,495,32
2020-05-18,Mexico,NA,Baja California Sur,646618,11,1,506,33
2020-05-19,Mexico,NA,Baja California Sur,646618,15,0,521,33
2020-05-20,Mexico,NA,Baja California Sur,646618,17,1,538,34
2020-05-21,Mexico,NA,Baja California Sur,646618,8,0,546,34
2020-05-22,Mexico,NA,Baja California Sur,646618,15,1,561,35
2020-05-23,Mexico,NA,Baja California Sur,646618,7,0,568,35
2020-05-24,Mexico,NA,Baja California Sur,646618,9,1,577,36
2020-05-25,Mexico,NA,Baja California Sur,646618,16,0,593,36
2020-05-26,Mexico,NA,Baja California Sur,646618,14,1,607,37
2020-05-27,Mexico,NA,Baja California Sur,646618,22,2,629,39
2020-05-28,Mexico,NA,Baja California Sur,646618,18,0,647,39
2020-05-29,Mexico,NA,Baja California Sur,646618,22,1,669,40
2020-05-30,Mexico,NA,Baja California Sur,646618,13,0,682,40
2020-05-31,Mexico,NA,Baja California Sur,646618,8,0,690,40
2020-06-01,Mexico,NA,Baja California Sur,646618,36,1,726,41
2020-06-02,Mexico,NA,Baja California Sur,646618,18,1,744,42
2020-06-03,Mexico,NA,Baja California Sur,646618,16,2,760,44
2020-06-04,Mexico,NA,Baja California Sur,646618,22,3,782,47
2020-06-05,Mexico,NA,Baja California Sur,646618,22,3,804,50
2020-06-06,Mexico,NA,Baja California Sur,646618,14,0,818,50
2020-06-07,Mexico,NA,Baja California Sur,646618,20,0,838,50
2020-06-08,Mexico,NA,Baja California Sur,646618,53,0,891,50
2020-06-09,Mexico,NA,Baja California Sur,646618,38,1,929,51
2020-06-10,Mexico,NA,Baja California Sur,646618,47,0,976,51
2020-06-11,Mexico,NA,Baja California Sur,646618,29,2,1005,53
2020-06-12,Mexico,NA,Baja California Sur,646618,25,2,1030,55
2020-06-13,Mexico,NA,Baja California Sur,646618,22,2,1052,57
2020-06-14,Mexico,NA,Baja California Sur,646618,21,4,1073,61
2020-06-15,Mexico,NA,Baja California Sur,646618,52,4,1125,65
2020-06-16,Mexico,NA,Baja California Sur,646618,30,1,1155,66
2020-06-17,Mexico,NA,Baja California Sur,646618,47,1,1202,67
2020-06-18,Mexico,NA,Baja California Sur,646618,48,1,1250,68
2020-06-19,Mexico,NA,Baja California Sur,646618,19,1,1269,69
2020-06-20,Mexico,NA,Baja California Sur,646618,35,2,1304,71
2020-06-21,Mexico,NA,Baja California Sur,646618,17,0,1321,71
2020-06-22,Mexico,NA,Baja California Sur,646618,33,1,1354,72
2020-06-23,Mexico,NA,Baja California Sur,646618,47,1,1401,73
2020-06-24,Mexico,NA,Baja California Sur,646618,53,1,1454,74
2020-06-25,Mexico,NA,Baja California Sur,646618,54,1,1508,75
2020-06-26,Mexico,NA,Baja California Sur,646618,41,1,1549,76
2020-06-27,Mexico,NA,Baja California Sur,646618,45,3,1594,79
2020-06-28,Mexico,NA,Baja California Sur,646618,35,0,1629,79
2020-06-29,Mexico,NA,Baja California Sur,646618,66,1,1695,80
2020-06-30,Mexico,NA,Baja California Sur,646618,59,4,1754,84
2020-07-01,Mexico,NA,Baja California Sur,646618,73,1,1827,85
2020-07-02,Mexico,NA,Baja California Sur,646618,70,5,1897,90
2020-07-03,Mexico,NA,Baja California Sur,646618,64,4,1961,94
2020-07-04,Mexico,NA,Baja California Sur,646618,57,1,2018,95
2020-07-05,Mexico,NA,Baja California Sur,646618,49,2,2067,97
2020-07-06,Mexico,NA,Baja California Sur,646618,89,2,2156,99
2020-07-07,Mexico,NA,Baja California Sur,646618,113,0,2269,99
2020-07-08,Mexico,NA,Baja California Sur,646618,93,1,2362,100
2020-07-09,Mexico,NA,Baja California Sur,646618,126,3,2488,103
2020-07-10,Mexico,NA,Baja California Sur,646618,118,3,2606,106
2020-07-11,Mexico,NA,Baja California Sur,646618,38,4,2644,110
2020-07-12,Mexico,NA,Baja California Sur,646618,49,5,2693,115
2020-07-13,Mexico,NA,Baja California Sur,646618,130,4,2823,119
2020-07-14,Mexico,NA,Baja California Sur,646618,121,4,2944,123
2020-07-15,Mexico,NA,Baja California Sur,646618,132,3,3076,126
2020-07-16,Mexico,NA,Baja California Sur,646618,117,2,3193,128
2020-07-17,Mexico,NA,Baja California Sur,646618,90,7,3283,135
2020-07-18,Mexico,NA,Baja California Sur,646618,62,2,3345,137
2020-07-19,Mexico,NA,Baja California Sur,646618,40,3,3385,140
2020-07-20,Mexico,NA,Baja California Sur,646618,155,4,3540,144
2020-07-21,Mexico,NA,Baja California Sur,646618,111,4,3651,148
2020-07-22,Mexico,NA,Baja California Sur,646618,115,5,3766,153
2020-07-23,Mexico,NA,Baja California Sur,646618,143,4,3909,157
2020-07-24,Mexico,NA,Baja California Sur,646618,106,7,4015,164
2020-07-25,Mexico,NA,Baja California Sur,646618,67,3,4082,167
2020-07-26,Mexico,NA,Baja California Sur,646618,39,7,4121,174
2020-07-27,Mexico,NA,Baja California Sur,646618,173,5,4294,179
2020-07-28,Mexico,NA,Baja California Sur,646618,152,6,4446,185
2020-07-29,Mexico,NA,Baja California Sur,646618,120,8,4566,193
2020-07-30,Mexico,NA,Baja California Sur,646618,153,8,4719,201
2020-07-31,Mexico,NA,Baja California Sur,646618,101,3,4820,204
2020-08-01,Mexico,NA,Baja California Sur,646618,65,6,4885,210
2020-08-02,Mexico,NA,Baja California Sur,646618,40,4,4925,214
2020-08-03,Mexico,NA,Baja California Sur,646618,163,3,5088,217
2020-08-04,Mexico,NA,Baja California Sur,646618,146,4,5234,221
2020-08-05,Mexico,NA,Baja California Sur,646618,152,4,5386,225
2020-08-06,Mexico,NA,Baja California Sur,646618,123,1,5509,226
2020-08-07,Mexico,NA,Baja California Sur,646618,112,6,5621,232
2020-08-08,Mexico,NA,Baja California Sur,646618,82,8,5703,240
2020-08-09,Mexico,NA,Baja California Sur,646618,45,8,5748,248
2020-08-10,Mexico,NA,Baja California Sur,646618,140,5,5888,253
2020-08-11,Mexico,NA,Baja California Sur,646618,122,12,6010,265
2020-08-12,Mexico,NA,Baja California Sur,646618,129,6,6139,271
2020-08-13,Mexico,NA,Baja California Sur,646618,141,3,6280,274
2020-08-14,Mexico,NA,Baja California Sur,646618,132,9,6412,283
2020-08-15,Mexico,NA,Baja California Sur,646618,57,5,6469,288
2020-08-16,Mexico,NA,Baja California Sur,646618,47,7,6516,295
2020-08-17,Mexico,NA,Baja California Sur,646618,144,7,6660,302
2020-08-18,Mexico,NA,Baja California Sur,646618,141,12,6801,314
2020-08-19,Mexico,NA,Baja California Sur,646618,96,8,6897,322
2020-08-20,Mexico,NA,Baja California Sur,646618,35,6,6932,328
2020-08-21,Mexico,NA,Baja California Sur,646618,80,6,7012,334
2020-08-22,Mexico,NA,Baja California Sur,646618,73,4,7085,338
2020-08-23,Mexico,NA,Baja California Sur,646618,49,6,7134,344
2020-08-24,Mexico,NA,Baja California Sur,646618,144,6,7278,350
2020-08-25,Mexico,NA,Baja California Sur,646618,100,8,7378,358
2020-08-26,Mexico,NA,Baja California Sur,646618,108,3,7486,361
2020-08-27,Mexico,NA,Baja California Sur,646618,122,3,7608,364
2020-08-28,Mexico,NA,Baja California Sur,646618,68,3,7676,367
2020-08-29,Mexico,NA,Baja California Sur,646618,52,5,7728,372
2020-08-30,Mexico,NA,Baja California Sur,646618,63,3,7791,375
2020-08-31,Mexico,NA,Baja California Sur,646618,131,8,7922,383
2020-09-01,Mexico,NA,Baja California Sur,646618,120,5,8042,388
2020-09-02,Mexico,NA,Baja California Sur,646618,134,4,8176,392
2020-09-03,Mexico,NA,Baja California Sur,646618,112,6,8288,398
2020-09-04,Mexico,NA,Baja California Sur,646618,105,3,8393,401
2020-09-05,Mexico,NA,Baja California Sur,646618,57,1,8450,402
2020-09-06,Mexico,NA,Baja California Sur,646618,37,3,8487,405
2020-09-07,Mexico,NA,Baja California Sur,646618,134,1,8621,406
2020-09-08,Mexico,NA,Baja California Sur,646618,123,4,8744,410
2020-09-09,Mexico,NA,Baja California Sur,646618,99,6,8843,416
2020-09-10,Mexico,NA,Baja California Sur,646618,83,2,8926,418
2020-09-11,Mexico,NA,Baja California Sur,646618,88,2,9014,420
2020-09-12,Mexico,NA,Baja California Sur,646618,50,1,9064,421
2020-09-13,Mexico,NA,Baja California Sur,646618,6,3,9070,424
2020-04-03,Mexico,NA,Campeche,831433,1,0,11,0
2020-04-05,Mexico,NA,Campeche,831433,3,0,14,0
2020-04-06,Mexico,NA,Campeche,831433,3,1,17,1
2020-04-09,Mexico,NA,Campeche,831433,2,0,19,1
2020-04-10,Mexico,NA,Campeche,831433,1,1,20,2
2020-04-11,Mexico,NA,Campeche,831433,5,0,25,2
2020-04-12,Mexico,NA,Campeche,831433,2,0,27,2
2020-04-13,Mexico,NA,Campeche,831433,2,0,29,2
2020-04-14,Mexico,NA,Campeche,831433,4,1,33,3
2020-04-15,Mexico,NA,Campeche,831433,3,0,36,3
2020-04-16,Mexico,NA,Campeche,831433,4,0,40,3
2020-04-17,Mexico,NA,Campeche,831433,3,1,43,4
2020-04-18,Mexico,NA,Campeche,831433,6,0,49,4
2020-04-19,Mexico,NA,Campeche,831433,2,2,51,6
2020-04-20,Mexico,NA,Campeche,831433,5,0,56,6
2020-04-21,Mexico,NA,Campeche,831433,7,1,63,7
2020-04-22,Mexico,NA,Campeche,831433,6,2,69,9
2020-04-23,Mexico,NA,Campeche,831433,7,2,76,11
2020-04-24,Mexico,NA,Campeche,831433,4,2,80,13
2020-04-25,Mexico,NA,Campeche,831433,6,2,86,15
2020-04-26,Mexico,NA,Campeche,831433,8,1,94,16
2020-04-27,Mexico,NA,Campeche,831433,4,1,98,17
2020-04-28,Mexico,NA,Campeche,831433,6,0,104,17
2020-04-29,Mexico,NA,Campeche,831433,8,3,112,20
2020-04-30,Mexico,NA,Campeche,831433,8,0,120,20
2020-05-01,Mexico,NA,Campeche,831433,6,2,126,22
2020-05-02,Mexico,NA,Campeche,831433,11,2,137,24
2020-05-03,Mexico,NA,Campeche,831433,11,1,148,25
2020-05-04,Mexico,NA,Campeche,831433,18,0,166,25
2020-05-05,Mexico,NA,Campeche,831433,9,1,175,26
2020-05-06,Mexico,NA,Campeche,831433,16,1,191,27
2020-05-07,Mexico,NA,Campeche,831433,11,1,202,28
2020-05-08,Mexico,NA,Campeche,831433,14,1,216,29
2020-05-09,Mexico,NA,Campeche,831433,14,3,230,32
2020-05-10,Mexico,NA,Campeche,831433,7,1,237,33
2020-05-11,Mexico,NA,Campeche,831433,24,2,261,35
2020-05-12,Mexico,NA,Campeche,831433,20,2,281,37
2020-05-13,Mexico,NA,Campeche,831433,16,1,297,38
2020-05-14,Mexico,NA,Campeche,831433,12,4,309,42
2020-05-15,Mexico,NA,Campeche,831433,15,5,324,47
2020-05-16,Mexico,NA,Campeche,831433,15,3,339,50
2020-05-17,Mexico,NA,Campeche,831433,15,2,354,52
2020-05-18,Mexico,NA,Campeche,831433,17,2,371,54
2020-05-19,Mexico,NA,Campeche,831433,21,2,392,56
2020-05-20,Mexico,NA,Campeche,831433,24,4,416,60
2020-05-21,Mexico,NA,Campeche,831433,16,1,432,61
2020-05-22,Mexico,NA,Campeche,831433,25,1,457,62
2020-05-23,Mexico,NA,Campeche,831433,17,1,474,63
2020-05-24,Mexico,NA,Campeche,831433,14,5,488,68
2020-05-25,Mexico,NA,Campeche,831433,33,3,521,71
2020-05-26,Mexico,NA,Campeche,831433,35,3,556,74
2020-05-27,Mexico,NA,Campeche,831433,31,1,587,75
2020-05-28,Mexico,NA,Campeche,831433,29,4,616,79
2020-05-29,Mexico,NA,Campeche,831433,20,3,636,82
2020-05-30,Mexico,NA,Campeche,831433,19,2,655,84
2020-05-31,Mexico,NA,Campeche,831433,7,0,662,84
2020-06-01,Mexico,NA,Campeche,831433,38,2,700,86
2020-06-02,Mexico,NA,Campeche,831433,23,4,723,90
2020-06-03,Mexico,NA,Campeche,831433,19,3,742,93
2020-06-04,Mexico,NA,Campeche,831433,39,2,781,95
2020-06-05,Mexico,NA,Campeche,831433,41,2,822,97
2020-06-06,Mexico,NA,Campeche,831433,24,2,846,99
2020-06-07,Mexico,NA,Campeche,831433,23,6,869,105
2020-06-08,Mexico,NA,Campeche,831433,42,9,911,114
2020-06-09,Mexico,NA,Campeche,831433,59,3,970,117
2020-06-10,Mexico,NA,Campeche,831433,69,2,1039,119
2020-06-11,Mexico,NA,Campeche,831433,74,2,1113,121
2020-06-12,Mexico,NA,Campeche,831433,34,2,1147,123
2020-06-13,Mexico,NA,Campeche,831433,27,7,1174,130
2020-06-14,Mexico,NA,Campeche,831433,21,5,1195,135
2020-06-15,Mexico,NA,Campeche,831433,98,6,1293,141
2020-06-16,Mexico,NA,Campeche,831433,81,3,1374,144
2020-06-17,Mexico,NA,Campeche,831433,104,8,1478,152
2020-06-18,Mexico,NA,Campeche,831433,87,2,1565,154
2020-06-19,Mexico,NA,Campeche,831433,99,4,1664,158
2020-06-20,Mexico,NA,Campeche,831433,54,9,1718,167
2020-06-21,Mexico,NA,Campeche,831433,38,4,1756,171
2020-06-22,Mexico,NA,Campeche,831433,104,5,1860,176
2020-06-23,Mexico,NA,Campeche,831433,92,10,1952,186
2020-06-24,Mexico,NA,Campeche,831433,86,8,2038,194
2020-06-25,Mexico,NA,Campeche,831433,90,5,2128,199
2020-06-26,Mexico,NA,Campeche,831433,94,9,2222,208
2020-06-27,Mexico,NA,Campeche,831433,52,15,2274,223
2020-06-28,Mexico,NA,Campeche,831433,47,13,2321,236
2020-06-29,Mexico,NA,Campeche,831433,69,10,2390,246
2020-06-30,Mexico,NA,Campeche,831433,89,6,2479,252
2020-07-01,Mexico,NA,Campeche,831433,70,12,2549,264
2020-07-02,Mexico,NA,Campeche,831433,92,8,2641,272
2020-07-03,Mexico,NA,Campeche,831433,59,12,2700,284
2020-07-04,Mexico,NA,Campeche,831433,32,9,2732,293
2020-07-05,Mexico,NA,Campeche,831433,36,7,2768,300
2020-07-06,Mexico,NA,Campeche,831433,80,12,2848,312
2020-07-07,Mexico,NA,Campeche,831433,90,16,2938,328
2020-07-08,Mexico,NA,Campeche,831433,90,11,3028,339
2020-07-09,Mexico,NA,Campeche,831433,97,13,3125,352
2020-07-10,Mexico,NA,Campeche,831433,107,17,3232,369
2020-07-11,Mexico,NA,Campeche,831433,51,13,3283,382
2020-07-12,Mexico,NA,Campeche,831433,55,10,3338,392
2020-07-13,Mexico,NA,Campeche,831433,104,11,3442,403
2020-07-14,Mexico,NA,Campeche,831433,63,10,3505,413
2020-07-15,Mexico,NA,Campeche,831433,114,7,3619,420
2020-07-16,Mexico,NA,Campeche,831433,105,15,3724,435
2020-07-17,Mexico,NA,Campeche,831433,89,10,3813,445
2020-07-18,Mexico,NA,Campeche,831433,45,9,3858,454
2020-07-19,Mexico,NA,Campeche,831433,45,14,3903,468
2020-07-20,Mexico,NA,Campeche,831433,104,9,4007,477
2020-07-21,Mexico,NA,Campeche,831433,98,14,4105,491
2020-07-22,Mexico,NA,Campeche,831433,84,8,4189,499
2020-07-23,Mexico,NA,Campeche,831433,79,7,4268,506
2020-07-24,Mexico,NA,Campeche,831433,79,9,4347,515
2020-07-25,Mexico,NA,Campeche,831433,34,10,4381,525
2020-07-26,Mexico,NA,Campeche,831433,24,15,4405,540
2020-07-27,Mexico,NA,Campeche,831433,66,9,4471,549
2020-07-28,Mexico,NA,Campeche,831433,85,8,4556,557
2020-07-29,Mexico,NA,Campeche,831433,67,13,4623,570
2020-07-30,Mexico,NA,Campeche,831433,61,4,4684,574
2020-07-31,Mexico,NA,Campeche,831433,53,10,4737,584
2020-08-01,Mexico,NA,Campeche,831433,31,12,4768,596
2020-08-02,Mexico,NA,Campeche,831433,30,13,4798,609
2020-08-03,Mexico,NA,Campeche,831433,49,17,4847,626
2020-08-04,Mexico,NA,Campeche,831433,65,7,4912,633
2020-08-05,Mexico,NA,Campeche,831433,49,8,4961,641
2020-08-06,Mexico,NA,Campeche,831433,46,12,5007,653
2020-08-07,Mexico,NA,Campeche,831433,23,4,5030,657
2020-08-08,Mexico,NA,Campeche,831433,17,6,5047,663
2020-08-09,Mexico,NA,Campeche,831433,15,9,5062,672
2020-08-10,Mexico,NA,Campeche,831433,40,5,5102,677
2020-08-11,Mexico,NA,Campeche,831433,24,7,5126,684
2020-08-12,Mexico,NA,Campeche,831433,35,5,5161,689
2020-08-13,Mexico,NA,Campeche,831433,35,7,5196,696
2020-08-14,Mexico,NA,Campeche,831433,13,7,5209,703
2020-08-15,Mexico,NA,Campeche,831433,13,9,5222,712
2020-08-16,Mexico,NA,Campeche,831433,10,3,5232,715
2020-08-17,Mexico,NA,Campeche,831433,30,6,5262,721
2020-08-18,Mexico,NA,Campeche,831433,43,4,5305,725
2020-08-19,Mexico,NA,Campeche,831433,31,4,5336,729
2020-08-20,Mexico,NA,Campeche,831433,24,1,5360,730
2020-08-21,Mexico,NA,Campeche,831433,62,3,5422,733
2020-08-22,Mexico,NA,Campeche,831433,13,4,5435,737
2020-08-23,Mexico,NA,Campeche,831433,10,4,5445,741
2020-08-24,Mexico,NA,Campeche,831433,32,2,5477,743
2020-08-25,Mexico,NA,Campeche,831433,30,1,5507,744
2020-08-26,Mexico,NA,Campeche,831433,20,4,5527,748
2020-08-27,Mexico,NA,Campeche,831433,24,1,5551,749
2020-08-28,Mexico,NA,Campeche,831433,45,0,5596,749
2020-08-29,Mexico,NA,Campeche,831433,8,2,5604,751
2020-08-30,Mexico,NA,Campeche,831433,5,11,5609,762
2020-08-31,Mexico,NA,Campeche,831433,32,3,5641,765
2020-09-01,Mexico,NA,Campeche,831433,17,3,5658,768
2020-09-02,Mexico,NA,Campeche,831433,28,2,5686,770
2020-09-03,Mexico,NA,Campeche,831433,23,1,5709,771
2020-09-04,Mexico,NA,Campeche,831433,15,2,5724,773
2020-09-05,Mexico,NA,Campeche,831433,2,2,5726,775
2020-09-06,Mexico,NA,Campeche,831433,6,1,5732,776
2020-09-07,Mexico,NA,Campeche,831433,18,0,5750,776
2020-09-08,Mexico,NA,Campeche,831433,12,2,5762,778
2020-09-09,Mexico,NA,Campeche,831433,11,0,5773,778
2020-09-10,Mexico,NA,Campeche,831433,9,1,5782,779
2020-09-11,Mexico,NA,Campeche,831433,29,1,5811,780
2020-09-12,Mexico,NA,Campeche,831433,7,1,5818,781
2020-09-13,Mexico,NA,Campeche,831433,2,1,5820,782
2020-03-27,Mexico,NA,Chiapas,4848676,5,0,12,0
2020-03-28,Mexico,NA,Chiapas,4848676,1,0,13,0
2020-03-30,Mexico,NA,Chiapas,4848676,2,0,15,0
2020-03-31,Mexico,NA,Chiapas,4848676,2,0,17,0
2020-04-01,Mexico,NA,Chiapas,4848676,4,0,21,0
2020-04-02,Mexico,NA,Chiapas,4848676,2,0,23,0
2020-04-03,Mexico,NA,Chiapas,4848676,5,0,28,0
2020-04-04,Mexico,NA,Chiapas,4848676,1,0,29,0
2020-04-05,Mexico,NA,Chiapas,4848676,1,0,30,0
2020-04-06,Mexico,NA,Chiapas,4848676,5,1,35,1
2020-04-07,Mexico,NA,Chiapas,4848676,2,0,37,1
2020-04-08,Mexico,NA,Chiapas,4848676,6,0,43,1
2020-04-09,Mexico,NA,Chiapas,4848676,3,1,46,2
2020-04-10,Mexico,NA,Chiapas,4848676,3,0,49,2
2020-04-11,Mexico,NA,Chiapas,4848676,1,1,50,3
2020-04-13,Mexico,NA,Chiapas,4848676,5,1,55,4
2020-04-14,Mexico,NA,Chiapas,4848676,5,0,60,4
2020-04-15,Mexico,NA,Chiapas,4848676,6,0,66,4
2020-04-16,Mexico,NA,Chiapas,4848676,3,0,69,4
2020-04-17,Mexico,NA,Chiapas,4848676,10,0,79,4
2020-04-18,Mexico,NA,Chiapas,4848676,4,0,83,4
2020-04-19,Mexico,NA,Chiapas,4848676,7,1,90,5
2020-04-20,Mexico,NA,Chiapas,4848676,10,0,100,5
2020-04-21,Mexico,NA,Chiapas,4848676,9,0,109,5
2020-04-22,Mexico,NA,Chiapas,4848676,11,1,120,6
2020-04-23,Mexico,NA,Chiapas,4848676,15,1,135,7
2020-04-24,Mexico,NA,Chiapas,4848676,13,0,148,7
2020-04-25,Mexico,NA,Chiapas,4848676,9,0,157,7
2020-04-26,Mexico,NA,Chiapas,4848676,12,0,169,7
2020-04-27,Mexico,NA,Chiapas,4848676,21,1,190,8
2020-04-28,Mexico,NA,Chiapas,4848676,9,1,199,9
2020-04-29,Mexico,NA,Chiapas,4848676,19,1,218,10
2020-04-30,Mexico,NA,Chiapas,4848676,13,1,231,11
2020-05-01,Mexico,NA,Chiapas,4848676,18,1,249,12
2020-05-02,Mexico,NA,Chiapas,4848676,9,4,258,16
2020-05-03,Mexico,NA,Chiapas,4848676,14,0,272,16
2020-05-04,Mexico,NA,Chiapas,4848676,31,0,303,16
2020-05-05,Mexico,NA,Chiapas,4848676,27,3,330,19
2020-05-06,Mexico,NA,Chiapas,4848676,35,1,365,20
2020-05-07,Mexico,NA,Chiapas,4848676,34,1,399,21
2020-05-08,Mexico,NA,Chiapas,4848676,34,2,433,23
2020-05-09,Mexico,NA,Chiapas,4848676,23,4,456,27
2020-05-10,Mexico,NA,Chiapas,4848676,21,7,477,34
2020-05-11,Mexico,NA,Chiapas,4848676,32,5,509,39
2020-05-12,Mexico,NA,Chiapas,4848676,46,5,555,44
2020-05-13,Mexico,NA,Chiapas,4848676,67,5,622,49
2020-05-14,Mexico,NA,Chiapas,4848676,66,3,688,52
2020-05-15,Mexico,NA,Chiapas,4848676,82,2,770,54
2020-05-16,Mexico,NA,Chiapas,4848676,40,3,810,57
2020-05-17,Mexico,NA,Chiapas,4848676,34,6,844,63
2020-05-18,Mexico,NA,Chiapas,4848676,93,5,937,68
2020-05-19,Mexico,NA,Chiapas,4848676,64,11,1001,79
2020-05-20,Mexico,NA,Chiapas,4848676,74,6,1075,85
2020-05-21,Mexico,NA,Chiapas,4848676,104,2,1179,87
2020-05-22,Mexico,NA,Chiapas,4848676,99,10,1278,97
2020-05-23,Mexico,NA,Chiapas,4848676,55,8,1333,105
2020-05-24,Mexico,NA,Chiapas,4848676,50,11,1383,116
2020-05-25,Mexico,NA,Chiapas,4848676,146,13,1529,129
2020-05-26,Mexico,NA,Chiapas,4848676,132,4,1661,133
2020-05-27,Mexico,NA,Chiapas,4848676,125,11,1786,144
2020-05-28,Mexico,NA,Chiapas,4848676,142,13,1928,157
2020-05-29,Mexico,NA,Chiapas,4848676,126,12,2054,169
2020-05-30,Mexico,NA,Chiapas,4848676,70,14,2124,183
2020-05-31,Mexico,NA,Chiapas,4848676,70,11,2194,194
2020-06-01,Mexico,NA,Chiapas,4848676,146,15,2340,209
2020-06-02,Mexico,NA,Chiapas,4848676,144,25,2484,234
2020-06-03,Mexico,NA,Chiapas,4848676,114,22,2598,256
2020-06-04,Mexico,NA,Chiapas,4848676,109,16,2707,272
2020-06-05,Mexico,NA,Chiapas,4848676,128,19,2835,291
2020-06-06,Mexico,NA,Chiapas,4848676,70,10,2905,301
2020-06-07,Mexico,NA,Chiapas,4848676,73,24,2978,325
2020-06-08,Mexico,NA,Chiapas,4848676,140,26,3118,351
2020-06-09,Mexico,NA,Chiapas,4848676,129,26,3247,377
2020-06-10,Mexico,NA,Chiapas,4848676,110,15,3357,392
2020-06-11,Mexico,NA,Chiapas,4848676,95,11,3452,403
2020-06-12,Mexico,NA,Chiapas,4848676,105,23,3557,426
2020-06-13,Mexico,NA,Chiapas,4848676,68,13,3625,439
2020-06-14,Mexico,NA,Chiapas,4848676,60,12,3685,451
2020-06-15,Mexico,NA,Chiapas,4848676,95,15,3780,466
2020-06-16,Mexico,NA,Chiapas,4848676,91,21,3871,487
2020-06-17,Mexico,NA,Chiapas,4848676,113,14,3984,501
2020-06-18,Mexico,NA,Chiapas,4848676,94,15,4078,516
2020-06-19,Mexico,NA,Chiapas,4848676,82,11,4160,527
2020-06-20,Mexico,NA,Chiapas,4848676,53,12,4213,539
2020-06-21,Mexico,NA,Chiapas,4848676,39,10,4252,549
2020-06-22,Mexico,NA,Chiapas,4848676,95,17,4347,566
2020-06-23,Mexico,NA,Chiapas,4848676,86,17,4433,583
2020-06-24,Mexico,NA,Chiapas,4848676,97,22,4530,605
2020-06-25,Mexico,NA,Chiapas,4848676,89,12,4619,617
2020-06-26,Mexico,NA,Chiapas,4848676,84,16,4703,633
2020-06-27,Mexico,NA,Chiapas,4848676,42,13,4745,646
2020-06-28,Mexico,NA,Chiapas,4848676,45,26,4790,672
2020-06-29,Mexico,NA,Chiapas,4848676,68,11,4858,683
2020-06-30,Mexico,NA,Chiapas,4848676,54,18,4912,701
2020-07-01,Mexico,NA,Chiapas,4848676,63,11,4975,712
2020-07-02,Mexico,NA,Chiapas,4848676,53,8,5028,720
2020-07-03,Mexico,NA,Chiapas,4848676,62,12,5090,732
2020-07-04,Mexico,NA,Chiapas,4848676,42,15,5132,747
2020-07-05,Mexico,NA,Chiapas,4848676,23,18,5155,765
2020-07-06,Mexico,NA,Chiapas,4848676,43,9,5198,774
2020-07-07,Mexico,NA,Chiapas,4848676,44,18,5242,792
2020-07-08,Mexico,NA,Chiapas,4848676,33,11,5275,803
2020-07-09,Mexico,NA,Chiapas,4848676,30,12,5305,815
2020-07-10,Mexico,NA,Chiapas,4848676,41,14,5346,829
2020-07-11,Mexico,NA,Chiapas,4848676,21,13,5367,842
2020-07-12,Mexico,NA,Chiapas,4848676,25,16,5392,858
2020-07-13,Mexico,NA,Chiapas,4848676,37,10,5429,868
2020-07-14,Mexico,NA,Chiapas,4848676,27,14,5456,882
2020-07-15,Mexico,NA,Chiapas,4848676,29,11,5485,893
2020-07-16,Mexico,NA,Chiapas,4848676,23,11,5508,904
2020-07-17,Mexico,NA,Chiapas,4848676,30,10,5538,914
2020-07-18,Mexico,NA,Chiapas,4848676,10,8,5548,922
2020-07-19,Mexico,NA,Chiapas,4848676,29,2,5577,924
2020-07-20,Mexico,NA,Chiapas,4848676,32,10,5609,934
2020-07-21,Mexico,NA,Chiapas,4848676,21,7,5630,941
2020-07-22,Mexico,NA,Chiapas,4848676,22,6,5652,947
2020-07-23,Mexico,NA,Chiapas,4848676,18,3,5670,950
2020-07-24,Mexico,NA,Chiapas,4848676,33,6,5703,956
2020-07-25,Mexico,NA,Chiapas,4848676,13,3,5716,959
2020-07-26,Mexico,NA,Chiapas,4848676,14,3,5730,962
2020-07-27,Mexico,NA,Chiapas,4848676,22,7,5752,969
2020-07-28,Mexico,NA,Chiapas,4848676,26,3,5778,972
2020-07-29,Mexico,NA,Chiapas,4848676,20,8,5798,980
2020-07-30,Mexico,NA,Chiapas,4848676,18,4,5816,984
2020-07-31,Mexico,NA,Chiapas,4848676,27,6,5843,990
2020-08-01,Mexico,NA,Chiapas,4848676,15,8,5858,998
2020-08-02,Mexico,NA,Chiapas,4848676,11,4,5869,1002
2020-08-03,Mexico,NA,Chiapas,4848676,17,8,5886,1010
2020-08-04,Mexico,NA,Chiapas,4848676,30,5,5916,1015
2020-08-05,Mexico,NA,Chiapas,4848676,33,6,5949,1021
2020-08-06,Mexico,NA,Chiapas,4848676,29,2,5978,1023
2020-08-07,Mexico,NA,Chiapas,4848676,9,0,5987,1023
2020-08-08,Mexico,NA,Chiapas,4848676,7,2,5994,1025
2020-08-09,Mexico,NA,Chiapas,4848676,9,5,6003,1030
2020-08-10,Mexico,NA,Chiapas,4848676,16,4,6019,1034
2020-08-11,Mexico,NA,Chiapas,4848676,16,3,6035,1037
2020-08-12,Mexico,NA,Chiapas,4848676,12,6,6047,1043
2020-08-13,Mexico,NA,Chiapas,4848676,30,5,6077,1048
2020-08-14,Mexico,NA,Chiapas,4848676,15,1,6092,1049
2020-08-15,Mexico,NA,Chiapas,4848676,9,1,6101,1050
2020-08-16,Mexico,NA,Chiapas,4848676,7,2,6108,1052
2020-08-17,Mexico,NA,Chiapas,4848676,18,2,6126,1054
2020-08-18,Mexico,NA,Chiapas,4848676,13,2,6139,1056
2020-08-19,Mexico,NA,Chiapas,4848676,16,4,6155,1060
2020-08-20,Mexico,NA,Chiapas,4848676,22,2,6177,1062
2020-08-21,Mexico,NA,Chiapas,4848676,30,1,6207,1063
2020-08-22,Mexico,NA,Chiapas,4848676,11,1,6218,1064
2020-08-23,Mexico,NA,Chiapas,4848676,9,1,6227,1065
2020-08-24,Mexico,NA,Chiapas,4848676,9,0,6236,1065
2020-08-25,Mexico,NA,Chiapas,4848676,14,3,6250,1068
2020-08-26,Mexico,NA,Chiapas,4848676,11,2,6261,1070
2020-08-27,Mexico,NA,Chiapas,4848676,8,2,6269,1072
2020-08-28,Mexico,NA,Chiapas,4848676,7,0,6276,1072
2020-08-29,Mexico,NA,Chiapas,4848676,3,1,6279,1073
2020-08-30,Mexico,NA,Chiapas,4848676,5,1,6284,1074
2020-08-31,Mexico,NA,Chiapas,4848676,5,0,6289,1074
2020-09-01,Mexico,NA,Chiapas,4848676,15,2,6304,1076
2020-09-02,Mexico,NA,Chiapas,4848676,6,0,6310,1076
2020-09-03,Mexico,NA,Chiapas,4848676,12,1,6322,1077
2020-09-04,Mexico,NA,Chiapas,4848676,9,2,6331,1079
2020-09-05,Mexico,NA,Chiapas,4848676,8,0,6339,1079
2020-09-06,Mexico,NA,Chiapas,4848676,3,0,6342,1079
2020-09-07,Mexico,NA,Chiapas,4848676,13,0,6355,1079
2020-09-08,Mexico,NA,Chiapas,4848676,7,0,6362,1079
2020-09-09,Mexico,NA,Chiapas,4848676,8,0,6370,1079
2020-09-10,Mexico,NA,Chiapas,4848676,18,0,6388,1079
2020-09-11,Mexico,NA,Chiapas,4848676,7,0,6395,1079
2020-09-12,Mexico,NA,Chiapas,4848676,3,0,6398,1079
2020-09-13,Mexico,NA,Chiapas,4848676,3,0,6401,1079
2020-03-25,Mexico,NA,Chihuahua,3441447,2,0,12,0
2020-03-26,Mexico,NA,Chihuahua,3441447,3,0,15,0
2020-03-27,Mexico,NA,Chihuahua,3441447,2,0,17,0
2020-03-28,Mexico,NA,Chihuahua,3441447,2,0,19,0
2020-03-29,Mexico,NA,Chihuahua,3441447,5,0,24,0
2020-03-30,Mexico,NA,Chihuahua,3441447,5,0,29,0
2020-03-31,Mexico,NA,Chihuahua,3441447,5,0,34,0
2020-04-01,Mexico,NA,Chihuahua,3441447,8,0,42,0
2020-04-02,Mexico,NA,Chihuahua,3441447,8,0,50,0
2020-04-03,Mexico,NA,Chihuahua,3441447,5,2,55,2
2020-04-04,Mexico,NA,Chihuahua,3441447,9,1,64,3
2020-04-05,Mexico,NA,Chihuahua,3441447,13,1,77,4
2020-04-06,Mexico,NA,Chihuahua,3441447,14,2,91,6
2020-04-07,Mexico,NA,Chihuahua,3441447,8,6,99,12
2020-04-08,Mexico,NA,Chihuahua,3441447,11,6,110,18
2020-04-09,Mexico,NA,Chihuahua,3441447,11,4,121,22
2020-04-10,Mexico,NA,Chihuahua,3441447,12,1,133,23
2020-04-11,Mexico,NA,Chihuahua,3441447,18,1,151,24
2020-04-12,Mexico,NA,Chihuahua,3441447,11,4,162,28
2020-04-13,Mexico,NA,Chihuahua,3441447,20,3,182,31
2020-04-14,Mexico,NA,Chihuahua,3441447,18,2,200,33
2020-04-15,Mexico,NA,Chihuahua,3441447,26,7,226,40
2020-04-16,Mexico,NA,Chihuahua,3441447,30,2,256,42
2020-04-17,Mexico,NA,Chihuahua,3441447,21,7,277,49
2020-04-18,Mexico,NA,Chihuahua,3441447,23,5,300,54
2020-04-19,Mexico,NA,Chihuahua,3441447,23,4,323,58
2020-04-20,Mexico,NA,Chihuahua,3441447,46,9,369,67
2020-04-21,Mexico,NA,Chihuahua,3441447,41,10,410,77
2020-04-22,Mexico,NA,Chihuahua,3441447,38,7,448,84
2020-04-23,Mexico,NA,Chihuahua,3441447,58,2,506,86
2020-04-24,Mexico,NA,Chihuahua,3441447,49,14,555,100
2020-04-25,Mexico,NA,Chihuahua,3441447,39,8,594,108
2020-04-26,Mexico,NA,Chihuahua,3441447,29,5,623,113
2020-04-27,Mexico,NA,Chihuahua,3441447,58,6,681,119
2020-04-28,Mexico,NA,Chihuahua,3441447,59,7,740,126
2020-04-29,Mexico,NA,Chihuahua,3441447,68,7,808,133
2020-04-30,Mexico,NA,Chihuahua,3441447,75,10,883,143
2020-05-01,Mexico,NA,Chihuahua,3441447,50,15,933,158
2020-05-02,Mexico,NA,Chihuahua,3441447,50,6,983,164
2020-05-03,Mexico,NA,Chihuahua,3441447,31,9,1014,173
2020-05-04,Mexico,NA,Chihuahua,3441447,63,11,1077,184
2020-05-05,Mexico,NA,Chihuahua,3441447,80,5,1157,189
2020-05-06,Mexico,NA,Chihuahua,3441447,76,12,1233,201
2020-05-07,Mexico,NA,Chihuahua,3441447,66,17,1299,218
2020-05-08,Mexico,NA,Chihuahua,3441447,59,11,1358,229
2020-05-09,Mexico,NA,Chihuahua,3441447,46,11,1404,240
2020-05-10,Mexico,NA,Chihuahua,3441447,51,13,1455,253
2020-05-11,Mexico,NA,Chihuahua,3441447,72,8,1527,261
2020-05-12,Mexico,NA,Chihuahua,3441447,52,10,1579,271
2020-05-13,Mexico,NA,Chihuahua,3441447,81,14,1660,285
2020-05-14,Mexico,NA,Chihuahua,3441447,75,14,1735,299
2020-05-15,Mexico,NA,Chihuahua,3441447,65,9,1800,308
2020-05-16,Mexico,NA,Chihuahua,3441447,54,5,1854,313
2020-05-17,Mexico,NA,Chihuahua,3441447,54,8,1908,321
2020-05-18,Mexico,NA,Chihuahua,3441447,85,13,1993,334
2020-05-19,Mexico,NA,Chihuahua,3441447,69,16,2062,350
2020-05-20,Mexico,NA,Chihuahua,3441447,70,8,2132,358
2020-05-21,Mexico,NA,Chihuahua,3441447,90,4,2222,362
2020-05-22,Mexico,NA,Chihuahua,3441447,77,10,2299,372
2020-05-23,Mexico,NA,Chihuahua,3441447,63,13,2362,385
2020-05-24,Mexico,NA,Chihuahua,3441447,29,4,2391,389
2020-05-25,Mexico,NA,Chihuahua,3441447,83,10,2474,399
2020-05-26,Mexico,NA,Chihuahua,3441447,61,14,2535,413
2020-05-27,Mexico,NA,Chihuahua,3441447,58,8,2593,421
2020-05-28,Mexico,NA,Chihuahua,3441447,50,12,2643,433
2020-05-29,Mexico,NA,Chihuahua,3441447,82,11,2725,444
2020-05-30,Mexico,NA,Chihuahua,3441447,23,8,2748,452
2020-05-31,Mexico,NA,Chihuahua,3441447,35,6,2783,458
2020-06-01,Mexico,NA,Chihuahua,3441447,69,11,2852,469
2020-06-02,Mexico,NA,Chihuahua,3441447,77,11,2929,480
2020-06-03,Mexico,NA,Chihuahua,3441447,50,9,2979,489
2020-06-04,Mexico,NA,Chihuahua,3441447,46,6,3025,495
2020-06-05,Mexico,NA,Chihuahua,3441447,65,12,3090,507
2020-06-06,Mexico,NA,Chihuahua,3441447,28,16,3118,523
2020-06-07,Mexico,NA,Chihuahua,3441447,28,14,3146,537
2020-06-08,Mexico,NA,Chihuahua,3441447,70,16,3216,553
2020-06-09,Mexico,NA,Chihuahua,3441447,54,9,3270,562
2020-06-10,Mexico,NA,Chihuahua,3441447,59,9,3329,571
2020-06-11,Mexico,NA,Chihuahua,3441447,59,12,3388,583
2020-06-12,Mexico,NA,Chihuahua,3441447,43,8,3431,591
2020-06-13,Mexico,NA,Chihuahua,3441447,22,7,3453,598
2020-06-14,Mexico,NA,Chihuahua,3441447,24,13,3477,611
2020-06-15,Mexico,NA,Chihuahua,3441447,47,10,3524,621
2020-06-16,Mexico,NA,Chihuahua,3441447,64,11,3588,632
2020-06-17,Mexico,NA,Chihuahua,3441447,49,11,3637,643
2020-06-18,Mexico,NA,Chihuahua,3441447,56,8,3693,651
2020-06-19,Mexico,NA,Chihuahua,3441447,54,6,3747,657
2020-06-20,Mexico,NA,Chihuahua,3441447,31,6,3778,663
2020-06-21,Mexico,NA,Chihuahua,3441447,24,5,3802,668
2020-06-22,Mexico,NA,Chihuahua,3441447,53,10,3855,678
2020-06-23,Mexico,NA,Chihuahua,3441447,52,6,3907,684
2020-06-24,Mexico,NA,Chihuahua,3441447,52,6,3959,690
2020-06-25,Mexico,NA,Chihuahua,3441447,41,7,4000,697
2020-06-26,Mexico,NA,Chihuahua,3441447,72,8,4072,705
2020-06-27,Mexico,NA,Chihuahua,3441447,32,3,4104,708
2020-06-28,Mexico,NA,Chihuahua,3441447,18,7,4122,715
2020-06-29,Mexico,NA,Chihuahua,3441447,71,8,4193,723
2020-06-30,Mexico,NA,Chihuahua,3441447,73,8,4266,731
2020-07-01,Mexico,NA,Chihuahua,3441447,93,5,4359,736
2020-07-02,Mexico,NA,Chihuahua,3441447,81,5,4440,741
2020-07-03,Mexico,NA,Chihuahua,3441447,61,10,4501,751
2020-07-04,Mexico,NA,Chihuahua,3441447,30,4,4531,755
2020-07-05,Mexico,NA,Chihuahua,3441447,28,5,4559,760
2020-07-06,Mexico,NA,Chihuahua,3441447,77,12,4636,772
2020-07-07,Mexico,NA,Chihuahua,3441447,82,11,4718,783
2020-07-08,Mexico,NA,Chihuahua,3441447,90,8,4808,791
2020-07-09,Mexico,NA,Chihuahua,3441447,64,11,4872,802
2020-07-10,Mexico,NA,Chihuahua,3441447,114,11,4986,813
2020-07-11,Mexico,NA,Chihuahua,3441447,54,11,5040,824
2020-07-12,Mexico,NA,Chihuahua,3441447,28,9,5068,833
2020-07-13,Mexico,NA,Chihuahua,3441447,112,11,5180,844
2020-07-14,Mexico,NA,Chihuahua,3441447,90,6,5270,850
2020-07-15,Mexico,NA,Chihuahua,3441447,98,4,5368,854
2020-07-16,Mexico,NA,Chihuahua,3441447,88,6,5456,860
2020-07-17,Mexico,NA,Chihuahua,3441447,73,5,5529,865
2020-07-18,Mexico,NA,Chihuahua,3441447,42,5,5571,870
2020-07-19,Mexico,NA,Chihuahua,3441447,31,9,5602,879
2020-07-20,Mexico,NA,Chihuahua,3441447,91,9,5693,888
2020-07-21,Mexico,NA,Chihuahua,3441447,93,6,5786,894
2020-07-22,Mexico,NA,Chihuahua,3441447,110,11,5896,905
2020-07-23,Mexico,NA,Chihuahua,3441447,106,7,6002,912
2020-07-24,Mexico,NA,Chihuahua,3441447,89,6,6091,918
2020-07-25,Mexico,NA,Chihuahua,3441447,45,7,6136,925
2020-07-26,Mexico,NA,Chihuahua,3441447,34,9,6170,934
2020-07-27,Mexico,NA,Chihuahua,3441447,82,7,6252,941
2020-07-28,Mexico,NA,Chihuahua,3441447,93,16,6345,957
2020-07-29,Mexico,NA,Chihuahua,3441447,92,12,6437,969
2020-07-30,Mexico,NA,Chihuahua,3441447,106,12,6543,981
2020-07-31,Mexico,NA,Chihuahua,3441447,80,5,6623,986
2020-08-01,Mexico,NA,Chihuahua,3441447,51,6,6674,992
2020-08-02,Mexico,NA,Chihuahua,3441447,33,6,6707,998
2020-08-03,Mexico,NA,Chihuahua,3441447,84,10,6791,1008
2020-08-04,Mexico,NA,Chihuahua,3441447,94,14,6885,1022
2020-08-05,Mexico,NA,Chihuahua,3441447,106,11,6991,1033
2020-08-06,Mexico,NA,Chihuahua,3441447,89,10,7080,1043
2020-08-07,Mexico,NA,Chihuahua,3441447,97,11,7177,1054
2020-08-08,Mexico,NA,Chihuahua,3441447,54,8,7231,1062
2020-08-09,Mexico,NA,Chihuahua,3441447,44,11,7275,1073
2020-08-10,Mexico,NA,Chihuahua,3441447,76,7,7351,1080
2020-08-11,Mexico,NA,Chihuahua,3441447,103,8,7454,1088
2020-08-12,Mexico,NA,Chihuahua,3441447,76,10,7530,1098
2020-08-13,Mexico,NA,Chihuahua,3441447,99,3,7629,1101
2020-08-14,Mexico,NA,Chihuahua,3441447,68,4,7697,1105
2020-08-15,Mexico,NA,Chihuahua,3441447,38,6,7735,1111
2020-08-16,Mexico,NA,Chihuahua,3441447,28,4,7763,1115
2020-08-17,Mexico,NA,Chihuahua,3441447,76,6,7839,1121
2020-08-18,Mexico,NA,Chihuahua,3441447,82,4,7921,1125
2020-08-19,Mexico,NA,Chihuahua,3441447,72,7,7993,1132
2020-08-20,Mexico,NA,Chihuahua,3441447,76,6,8069,1138
2020-08-21,Mexico,NA,Chihuahua,3441447,65,10,8134,1148
2020-08-22,Mexico,NA,Chihuahua,3441447,40,5,8174,1153
2020-08-23,Mexico,NA,Chihuahua,3441447,21,4,8195,1157
2020-08-24,Mexico,NA,Chihuahua,3441447,75,8,8270,1165
2020-08-25,Mexico,NA,Chihuahua,3441447,76,6,8346,1171
2020-08-26,Mexico,NA,Chihuahua,3441447,104,6,8450,1177
2020-08-27,Mexico,NA,Chihuahua,3441447,73,9,8523,1186
2020-08-28,Mexico,NA,Chihuahua,3441447,69,6,8592,1192
2020-08-29,Mexico,NA,Chihuahua,3441447,31,4,8623,1196
2020-08-30,Mexico,NA,Chihuahua,3441447,23,1,8646,1197
2020-08-31,Mexico,NA,Chihuahua,3441447,84,11,8730,1208
2020-09-01,Mexico,NA,Chihuahua,3441447,82,4,8812,1212
2020-09-02,Mexico,NA,Chihuahua,3441447,75,3,8887,1215
2020-09-03,Mexico,NA,Chihuahua,3441447,49,7,8936,1222
2020-09-04,Mexico,NA,Chihuahua,3441447,42,9,8978,1231
2020-09-05,Mexico,NA,Chihuahua,3441447,15,3,8993,1234
2020-09-06,Mexico,NA,Chihuahua,3441447,12,5,9005,1239
2020-09-07,Mexico,NA,Chihuahua,3441447,28,1,9033,1240
2020-09-08,Mexico,NA,Chihuahua,3441447,15,2,9048,1242
2020-09-09,Mexico,NA,Chihuahua,3441447,17,5,9065,1247
2020-09-10,Mexico,NA,Chihuahua,3441447,13,4,9078,1251
2020-09-11,Mexico,NA,Chihuahua,3441447,6,4,9084,1255
2020-09-12,Mexico,NA,Chihuahua,3441447,3,1,9087,1256
2020-03-19,Mexico,NA,Coahuila,2758518,3,0,11,0
2020-03-20,Mexico,NA,Coahuila,2758518,4,0,15,0
2020-03-23,Mexico,NA,Coahuila,2758518,1,0,16,0
2020-03-24,Mexico,NA,Coahuila,2758518,6,0,22,0
2020-03-26,Mexico,NA,Coahuila,2758518,3,0,25,0
2020-03-27,Mexico,NA,Coahuila,2758518,4,0,29,0
2020-03-28,Mexico,NA,Coahuila,2758518,4,1,33,1
2020-03-29,Mexico,NA,Coahuila,2758518,8,0,41,1
2020-03-30,Mexico,NA,Coahuila,2758518,18,1,59,2
2020-03-31,Mexico,NA,Coahuila,2758518,14,1,73,3
2020-04-01,Mexico,NA,Coahuila,2758518,21,0,94,3
2020-04-02,Mexico,NA,Coahuila,2758518,22,2,116,5
2020-04-03,Mexico,NA,Coahuila,2758518,25,2,141,7
2020-04-04,Mexico,NA,Coahuila,2758518,11,1,152,8
2020-04-05,Mexico,NA,Coahuila,2758518,4,2,156,10
2020-04-06,Mexico,NA,Coahuila,2758518,26,1,182,11
2020-04-07,Mexico,NA,Coahuila,2758518,8,3,190,14
2020-04-08,Mexico,NA,Coahuila,2758518,18,0,208,14
2020-04-09,Mexico,NA,Coahuila,2758518,6,1,214,15
2020-04-10,Mexico,NA,Coahuila,2758518,14,1,228,16
2020-04-11,Mexico,NA,Coahuila,2758518,9,0,237,16
2020-04-12,Mexico,NA,Coahuila,2758518,7,0,244,16
2020-04-13,Mexico,NA,Coahuila,2758518,15,1,259,17
2020-04-14,Mexico,NA,Coahuila,2758518,17,5,276,22
2020-04-15,Mexico,NA,Coahuila,2758518,16,1,292,23
2020-04-16,Mexico,NA,Coahuila,2758518,5,3,297,26
2020-04-17,Mexico,NA,Coahuila,2758518,10,0,307,26
2020-04-18,Mexico,NA,Coahuila,2758518,9,0,316,26
2020-04-19,Mexico,NA,Coahuila,2758518,9,2,325,28
2020-04-20,Mexico,NA,Coahuila,2758518,9,4,334,32
2020-04-21,Mexico,NA,Coahuila,2758518,22,2,356,34
2020-04-22,Mexico,NA,Coahuila,2758518,14,2,370,36
2020-04-23,Mexico,NA,Coahuila,2758518,10,2,380,38
2020-04-24,Mexico,NA,Coahuila,2758518,13,2,393,40
2020-04-25,Mexico,NA,Coahuila,2758518,3,2,396,42
2020-04-26,Mexico,NA,Coahuila,2758518,4,2,400,44
2020-04-27,Mexico,NA,Coahuila,2758518,24,0,424,44
2020-04-28,Mexico,NA,Coahuila,2758518,18,2,442,46
2020-04-29,Mexico,NA,Coahuila,2758518,13,0,455,46
2020-04-30,Mexico,NA,Coahuila,2758518,20,0,475,46
2020-05-01,Mexico,NA,Coahuila,2758518,15,0,490,46
2020-05-02,Mexico,NA,Coahuila,2758518,5,1,495,47
2020-05-03,Mexico,NA,Coahuila,2758518,5,2,500,49
2020-05-04,Mexico,NA,Coahuila,2758518,26,4,526,53
2020-05-05,Mexico,NA,Coahuila,2758518,31,1,557,54
2020-05-06,Mexico,NA,Coahuila,2758518,34,3,591,57
2020-05-07,Mexico,NA,Coahuila,2758518,23,1,614,58
2020-05-08,Mexico,NA,Coahuila,2758518,19,1,633,59
2020-05-09,Mexico,NA,Coahuila,2758518,9,1,642,60
2020-05-10,Mexico,NA,Coahuila,2758518,15,2,657,62
2020-05-11,Mexico,NA,Coahuila,2758518,29,2,686,64
2020-05-12,Mexico,NA,Coahuila,2758518,31,0,717,64
2020-05-13,Mexico,NA,Coahuila,2758518,17,0,734,64
2020-05-14,Mexico,NA,Coahuila,2758518,32,1,766,65
2020-05-15,Mexico,NA,Coahuila,2758518,37,3,803,68
2020-05-16,Mexico,NA,Coahuila,2758518,17,4,820,72
2020-05-17,Mexico,NA,Coahuila,2758518,12,2,832,74
2020-05-18,Mexico,NA,Coahuila,2758518,61,0,893,74
2020-05-19,Mexico,NA,Coahuila,2758518,48,0,941,74
2020-05-20,Mexico,NA,Coahuila,2758518,42,1,983,75
2020-05-21,Mexico,NA,Coahuila,2758518,64,1,1047,76
2020-05-22,Mexico,NA,Coahuila,2758518,45,1,1092,77
2020-05-23,Mexico,NA,Coahuila,2758518,35,2,1127,79
2020-05-24,Mexico,NA,Coahuila,2758518,17,6,1144,85
2020-05-25,Mexico,NA,Coahuila,2758518,54,2,1198,87
2020-05-26,Mexico,NA,Coahuila,2758518,54,3,1252,90
2020-05-27,Mexico,NA,Coahuila,2758518,70,0,1322,90
2020-05-28,Mexico,NA,Coahuila,2758518,55,3,1377,93
2020-05-29,Mexico,NA,Coahuila,2758518,93,5,1470,98
2020-05-30,Mexico,NA,Coahuila,2758518,36,1,1506,99
2020-05-31,Mexico,NA,Coahuila,2758518,35,1,1541,100
2020-06-01,Mexico,NA,Coahuila,2758518,102,1,1643,101
2020-06-02,Mexico,NA,Coahuila,2758518,77,1,1720,102
2020-06-03,Mexico,NA,Coahuila,2758518,73,4,1793,106
2020-06-04,Mexico,NA,Coahuila,2758518,77,3,1870,109
2020-06-05,Mexico,NA,Coahuila,2758518,89,6,1959,115
2020-06-06,Mexico,NA,Coahuila,2758518,38,4,1997,119
2020-06-07,Mexico,NA,Coahuila,2758518,41,8,2038,127
2020-06-08,Mexico,NA,Coahuila,2758518,139,7,2177,134
2020-06-09,Mexico,NA,Coahuila,2758518,129,4,2306,138
2020-06-10,Mexico,NA,Coahuila,2758518,125,5,2431,143
2020-06-11,Mexico,NA,Coahuila,2758518,127,8,2558,151
2020-06-12,Mexico,NA,Coahuila,2758518,136,4,2694,155
2020-06-13,Mexico,NA,Coahuila,2758518,57,4,2751,159
2020-06-14,Mexico,NA,Coahuila,2758518,45,8,2796,167
2020-06-15,Mexico,NA,Coahuila,2758518,168,5,2964,172
2020-06-16,Mexico,NA,Coahuila,2758518,187,7,3151,179
2020-06-17,Mexico,NA,Coahuila,2758518,179,11,3330,190
2020-06-18,Mexico,NA,Coahuila,2758518,204,3,3534,193
2020-06-19,Mexico,NA,Coahuila,2758518,207,6,3741,199
2020-06-20,Mexico,NA,Coahuila,2758518,118,3,3859,202
2020-06-21,Mexico,NA,Coahuila,2758518,65,13,3924,215
2020-06-22,Mexico,NA,Coahuila,2758518,273,7,4197,222
2020-06-23,Mexico,NA,Coahuila,2758518,330,6,4527,228
2020-06-24,Mexico,NA,Coahuila,2758518,248,12,4775,240
2020-06-25,Mexico,NA,Coahuila,2758518,203,7,4978,247
2020-06-26,Mexico,NA,Coahuila,2758518,244,11,5222,258
2020-06-27,Mexico,NA,Coahuila,2758518,176,9,5398,267
2020-06-28,Mexico,NA,Coahuila,2758518,108,8,5506,275
2020-06-29,Mexico,NA,Coahuila,2758518,334,18,5840,293
2020-06-30,Mexico,NA,Coahuila,2758518,302,17,6142,310
2020-07-01,Mexico,NA,Coahuila,2758518,319,14,6461,324
2020-07-02,Mexico,NA,Coahuila,2758518,243,13,6704,337
2020-07-03,Mexico,NA,Coahuila,2758518,322,18,7026,355
2020-07-04,Mexico,NA,Coahuila,2758518,195,19,7221,374
2020-07-05,Mexico,NA,Coahuila,2758518,140,11,7361,385
2020-07-06,Mexico,NA,Coahuila,2758518,310,15,7671,400
2020-07-07,Mexico,NA,Coahuila,2758518,361,16,8032,416
2020-07-08,Mexico,NA,Coahuila,2758518,310,13,8342,429
2020-07-09,Mexico,NA,Coahuila,2758518,308,17,8650,446
2020-07-10,Mexico,NA,Coahuila,2758518,275,11,8925,457
2020-07-11,Mexico,NA,Coahuila,2758518,118,16,9043,473
2020-07-12,Mexico,NA,Coahuila,2758518,84,13,9127,486
2020-07-13,Mexico,NA,Coahuila,2758518,387,20,9514,506
2020-07-14,Mexico,NA,Coahuila,2758518,367,21,9881,527
2020-07-15,Mexico,NA,Coahuila,2758518,298,29,10179,556
2020-07-16,Mexico,NA,Coahuila,2758518,293,22,10472,578
2020-07-17,Mexico,NA,Coahuila,2758518,300,17,10772,595
2020-07-18,Mexico,NA,Coahuila,2758518,162,18,10934,613
2020-07-19,Mexico,NA,Coahuila,2758518,100,18,11034,631
2020-07-20,Mexico,NA,Coahuila,2758518,308,23,11342,654
2020-07-21,Mexico,NA,Coahuila,2758518,325,29,11667,683
2020-07-22,Mexico,NA,Coahuila,2758518,305,19,11972,702
2020-07-23,Mexico,NA,Coahuila,2758518,324,21,12296,723
2020-07-24,Mexico,NA,Coahuila,2758518,344,14,12640,737
2020-07-25,Mexico,NA,Coahuila,2758518,176,18,12816,755
2020-07-26,Mexico,NA,Coahuila,2758518,105,12,12921,767
2020-07-27,Mexico,NA,Coahuila,2758518,424,14,13345,781
2020-07-28,Mexico,NA,Coahuila,2758518,390,27,13735,808
2020-07-29,Mexico,NA,Coahuila,2758518,323,18,14058,826
2020-07-30,Mexico,NA,Coahuila,2758518,341,32,14399,858
2020-07-31,Mexico,NA,Coahuila,2758518,257,18,14656,876
2020-08-01,Mexico,NA,Coahuila,2758518,225,32,14881,908
2020-08-02,Mexico,NA,Coahuila,2758518,63,20,14944,928
2020-08-03,Mexico,NA,Coahuila,2758518,324,24,15268,952
2020-08-04,Mexico,NA,Coahuila,2758518,402,25,15670,977
2020-08-05,Mexico,NA,Coahuila,2758518,359,23,16029,1000
2020-08-06,Mexico,NA,Coahuila,2758518,351,19,16380,1019
2020-08-07,Mexico,NA,Coahuila,2758518,331,28,16711,1047
2020-08-08,Mexico,NA,Coahuila,2758518,197,19,16908,1066
2020-08-09,Mexico,NA,Coahuila,2758518,84,16,16992,1082
2020-08-10,Mexico,NA,Coahuila,2758518,386,28,17378,1110
2020-08-11,Mexico,NA,Coahuila,2758518,377,17,17755,1127
2020-08-12,Mexico,NA,Coahuila,2758518,285,33,18040,1160
2020-08-13,Mexico,NA,Coahuila,2758518,296,14,18336,1174
2020-08-14,Mexico,NA,Coahuila,2758518,301,15,18637,1189
2020-08-15,Mexico,NA,Coahuila,2758518,215,18,18852,1207
2020-08-16,Mexico,NA,Coahuila,2758518,127,22,18979,1229
2020-08-17,Mexico,NA,Coahuila,2758518,275,20,19254,1249
2020-08-18,Mexico,NA,Coahuila,2758518,281,24,19535,1273
2020-08-19,Mexico,NA,Coahuila,2758518,305,14,19840,1287
2020-08-20,Mexico,NA,Coahuila,2758518,286,13,20126,1300
2020-08-21,Mexico,NA,Coahuila,2758518,371,16,20497,1316
2020-08-22,Mexico,NA,Coahuila,2758518,153,14,20650,1330
2020-08-23,Mexico,NA,Coahuila,2758518,100,13,20750,1343
2020-08-24,Mexico,NA,Coahuila,2758518,302,17,21052,1360
2020-08-25,Mexico,NA,Coahuila,2758518,273,13,21325,1373
2020-08-26,Mexico,NA,Coahuila,2758518,296,16,21621,1389
2020-08-27,Mexico,NA,Coahuila,2758518,255,12,21876,1401
2020-08-28,Mexico,NA,Coahuila,2758518,244,28,22120,1429
2020-08-29,Mexico,NA,Coahuila,2758518,118,13,22238,1442
2020-08-30,Mexico,NA,Coahuila,2758518,51,17,22289,1459
2020-08-31,Mexico,NA,Coahuila,2758518,228,20,22517,1479
2020-09-01,Mexico,NA,Coahuila,2758518,228,17,22745,1496
2020-09-02,Mexico,NA,Coahuila,2758518,192,18,22937,1514
2020-09-03,Mexico,NA,Coahuila,2758518,178,14,23115,1528
2020-09-04,Mexico,NA,Coahuila,2758518,177,14,23292,1542
2020-09-05,Mexico,NA,Coahuila,2758518,87,13,23379,1555
2020-09-06,Mexico,NA,Coahuila,2758518,86,10,23465,1565
2020-09-07,Mexico,NA,Coahuila,2758518,191,19,23656,1584
2020-09-08,Mexico,NA,Coahuila,2758518,194,14,23850,1598
2020-09-09,Mexico,NA,Coahuila,2758518,145,15,23995,1613
2020-09-10,Mexico,NA,Coahuila,2758518,129,8,24124,1621
2020-09-11,Mexico,NA,Coahuila,2758518,129,15,24253,1636
2020-09-12,Mexico,NA,Coahuila,2758518,45,15,24298,1651
2020-09-13,Mexico,NA,Coahuila,2758518,22,9,24320,1660
2020-09-14,Mexico,NA,Coahuila,2758518,15,4,24335,1664
2020-04-15,Mexico,NA,Colima,654775,1,0,11,1
2020-04-16,Mexico,NA,Colima,654775,2,1,13,2
2020-04-17,Mexico,NA,Colima,654775,2,0,15,2
2020-04-18,Mexico,NA,Colima,654775,1,0,16,2
2020-04-19,Mexico,NA,Colima,654775,1,0,17,2
2020-04-20,Mexico,NA,Colima,654775,1,0,18,2
2020-04-21,Mexico,NA,Colima,654775,1,0,19,2
2020-04-22,Mexico,NA,Colima,654775,1,0,20,2
2020-04-23,Mexico,NA,Colima,654775,3,0,23,2
2020-04-24,Mexico,NA,Colima,654775,2,0,25,2
2020-04-25,Mexico,NA,Colima,654775,1,0,26,2
2020-04-26,Mexico,NA,Colima,654775,0,1,26,3
2020-04-27,Mexico,NA,Colima,654775,2,0,28,3
2020-04-30,Mexico,NA,Colima,654775,3,0,31,3
2020-05-01,Mexico,NA,Colima,654775,1,0,32,3
2020-05-02,Mexico,NA,Colima,654775,0,1,32,4
2020-05-03,Mexico,NA,Colima,654775,2,0,34,4
2020-05-04,Mexico,NA,Colima,654775,3,2,37,6
2020-05-05,Mexico,NA,Colima,654775,5,1,42,7
2020-05-06,Mexico,NA,Colima,654775,1,0,43,7
2020-05-07,Mexico,NA,Colima,654775,1,0,44,7
2020-05-08,Mexico,NA,Colima,654775,2,0,46,7
2020-05-09,Mexico,NA,Colima,654775,3,0,49,7
2020-05-10,Mexico,NA,Colima,654775,1,0,50,7
2020-05-11,Mexico,NA,Colima,654775,2,1,52,8
2020-05-12,Mexico,NA,Colima,654775,6,0,58,8
2020-05-13,Mexico,NA,Colima,654775,4,0,62,8
2020-05-14,Mexico,NA,Colima,654775,12,0,74,8
2020-05-15,Mexico,NA,Colima,654775,4,1,78,9
2020-05-16,Mexico,NA,Colima,654775,3,1,81,10
2020-05-17,Mexico,NA,Colima,654775,5,0,86,10
2020-05-18,Mexico,NA,Colima,654775,7,1,93,11
2020-05-19,Mexico,NA,Colima,654775,7,0,100,11
2020-05-20,Mexico,NA,Colima,654775,8,2,108,13
2020-05-21,Mexico,NA,Colima,654775,4,1,112,14
2020-05-22,Mexico,NA,Colima,654775,7,1,119,15
2020-05-23,Mexico,NA,Colima,654775,4,0,123,15
2020-05-24,Mexico,NA,Colima,654775,7,4,130,19
2020-05-25,Mexico,NA,Colima,654775,7,0,137,19
2020-05-26,Mexico,NA,Colima,654775,7,2,144,21
2020-05-27,Mexico,NA,Colima,654775,4,1,148,22
2020-05-28,Mexico,NA,Colima,654775,7,0,155,22
2020-05-29,Mexico,NA,Colima,654775,8,1,163,23
2020-05-30,Mexico,NA,Colima,654775,6,0,169,23
2020-05-31,Mexico,NA,Colima,654775,4,2,173,25
2020-06-01,Mexico,NA,Colima,654775,11,1,184,26
2020-06-02,Mexico,NA,Colima,654775,11,0,195,26
2020-06-03,Mexico,NA,Colima,654775,11,1,206,27
2020-06-04,Mexico,NA,Colima,654775,9,0,215,27
2020-06-05,Mexico,NA,Colima,654775,11,1,226,28
2020-06-06,Mexico,NA,Colima,654775,11,2,237,30
2020-06-07,Mexico,NA,Colima,654775,4,2,241,32
2020-06-08,Mexico,NA,Colima,654775,12,0,253,32
2020-06-09,Mexico,NA,Colima,654775,14,0,267,32
2020-06-10,Mexico,NA,Colima,654775,12,2,279,34
2020-06-11,Mexico,NA,Colima,654775,16,1,295,35
2020-06-12,Mexico,NA,Colima,654775,13,1,308,36
2020-06-13,Mexico,NA,Colima,654775,11,1,319,37
2020-06-14,Mexico,NA,Colima,654775,8,1,327,38
2020-06-15,Mexico,NA,Colima,654775,15,1,342,39
2020-06-16,Mexico,NA,Colima,654775,24,2,366,41
2020-06-17,Mexico,NA,Colima,654775,18,2,384,43
2020-06-18,Mexico,NA,Colima,654775,18,2,402,45
2020-06-19,Mexico,NA,Colima,654775,27,2,429,47
2020-06-20,Mexico,NA,Colima,654775,11,4,440,51
2020-06-21,Mexico,NA,Colima,654775,15,3,455,54
2020-06-22,Mexico,NA,Colima,654775,21,2,476,56
2020-06-23,Mexico,NA,Colima,654775,23,4,499,60
2020-06-24,Mexico,NA,Colima,654775,20,1,519,61
2020-06-25,Mexico,NA,Colima,654775,24,5,543,66
2020-06-26,Mexico,NA,Colima,654775,27,1,570,67
2020-06-27,Mexico,NA,Colima,654775,17,3,587,70
2020-06-28,Mexico,NA,Colima,654775,13,2,600,72
2020-06-29,Mexico,NA,Colima,654775,21,0,621,72
2020-06-30,Mexico,NA,Colima,654775,22,2,643,74
2020-07-01,Mexico,NA,Colima,654775,36,3,679,77
2020-07-02,Mexico,NA,Colima,654775,18,1,697,78
2020-07-03,Mexico,NA,Colima,654775,34,0,731,78
2020-07-04,Mexico,NA,Colima,654775,13,2,744,80
2020-07-05,Mexico,NA,Colima,654775,14,2,758,82
2020-07-06,Mexico,NA,Colima,654775,33,3,791,85
2020-07-07,Mexico,NA,Colima,654775,36,0,827,85
2020-07-08,Mexico,NA,Colima,654775,34,3,861,88
2020-07-09,Mexico,NA,Colima,654775,37,4,898,92
2020-07-10,Mexico,NA,Colima,654775,58,4,956,96
2020-07-11,Mexico,NA,Colima,654775,28,10,984,106
2020-07-12,Mexico,NA,Colima,654775,22,6,1006,112
2020-07-13,Mexico,NA,Colima,654775,54,7,1060,119
2020-07-14,Mexico,NA,Colima,654775,56,4,1116,123
2020-07-15,Mexico,NA,Colima,654775,47,6,1163,129
2020-07-16,Mexico,NA,Colima,654775,68,5,1231,134
2020-07-17,Mexico,NA,Colima,654775,48,7,1279,141
2020-07-18,Mexico,NA,Colima,654775,43,2,1322,143
2020-07-19,Mexico,NA,Colima,654775,34,3,1356,146
2020-07-20,Mexico,NA,Colima,654775,59,5,1415,151
2020-07-21,Mexico,NA,Colima,654775,64,7,1479,158
2020-07-22,Mexico,NA,Colima,654775,77,8,1556,166
2020-07-23,Mexico,NA,Colima,654775,71,1,1627,167
2020-07-24,Mexico,NA,Colima,654775,61,10,1688,177
2020-07-25,Mexico,NA,Colima,654775,40,3,1728,180
2020-07-26,Mexico,NA,Colima,654775,38,4,1766,184
2020-07-27,Mexico,NA,Colima,654775,49,7,1815,191
2020-07-28,Mexico,NA,Colima,654775,68,4,1883,195
2020-07-29,Mexico,NA,Colima,654775,52,2,1935,197
2020-07-30,Mexico,NA,Colima,654775,62,6,1997,203
2020-07-31,Mexico,NA,Colima,654775,43,7,2040,210
2020-08-01,Mexico,NA,Colima,654775,24,9,2064,219
2020-08-02,Mexico,NA,Colima,654775,34,3,2098,222
2020-08-03,Mexico,NA,Colima,654775,76,10,2174,232
2020-08-04,Mexico,NA,Colima,654775,74,5,2248,237
2020-08-05,Mexico,NA,Colima,654775,62,8,2310,245
2020-08-06,Mexico,NA,Colima,654775,63,8,2373,253
2020-08-07,Mexico,NA,Colima,654775,59,4,2432,257
2020-08-08,Mexico,NA,Colima,654775,32,8,2464,265
2020-08-09,Mexico,NA,Colima,654775,35,11,2499,276
2020-08-10,Mexico,NA,Colima,654775,70,9,2569,285
2020-08-11,Mexico,NA,Colima,654775,73,9,2642,294
2020-08-12,Mexico,NA,Colima,654775,79,3,2721,297
2020-08-13,Mexico,NA,Colima,654775,71,6,2792,303
2020-08-14,Mexico,NA,Colima,654775,80,8,2872,311
2020-08-15,Mexico,NA,Colima,654775,42,5,2914,316
2020-08-16,Mexico,NA,Colima,654775,43,3,2957,319
2020-08-17,Mexico,NA,Colima,654775,75,10,3032,329
2020-08-18,Mexico,NA,Colima,654775,61,3,3093,332
2020-08-19,Mexico,NA,Colima,654775,73,4,3166,336
2020-08-20,Mexico,NA,Colima,654775,76,7,3242,343
2020-08-21,Mexico,NA,Colima,654775,65,9,3307,352
2020-08-22,Mexico,NA,Colima,654775,41,8,3348,360
2020-08-23,Mexico,NA,Colima,654775,38,7,3386,367
2020-08-24,Mexico,NA,Colima,654775,77,5,3463,372
2020-08-25,Mexico,NA,Colima,654775,80,8,3543,380
2020-08-26,Mexico,NA,Colima,654775,69,5,3612,385
2020-08-27,Mexico,NA,Colima,654775,59,7,3671,392
2020-08-28,Mexico,NA,Colima,654775,52,5,3723,397
2020-08-29,Mexico,NA,Colima,654775,35,7,3758,404
2020-08-30,Mexico,NA,Colima,654775,28,2,3786,406
2020-08-31,Mexico,NA,Colima,654775,75,5,3861,411
2020-09-01,Mexico,NA,Colima,654775,39,10,3900,421
2020-09-02,Mexico,NA,Colima,654775,32,3,3932,424
2020-09-03,Mexico,NA,Colima,654775,30,0,3962,424
2020-09-04,Mexico,NA,Colima,654775,37,5,3999,429
2020-09-05,Mexico,NA,Colima,654775,20,4,4019,433
2020-09-06,Mexico,NA,Colima,654775,19,2,4038,435
2020-09-07,Mexico,NA,Colima,654775,44,3,4082,438
2020-09-08,Mexico,NA,Colima,654775,37,7,4119,445
2020-09-09,Mexico,NA,Colima,654775,34,2,4153,447
2020-09-10,Mexico,NA,Colima,654775,38,5,4191,452
2020-09-11,Mexico,NA,Colima,654775,38,3,4229,455
2020-09-12,Mexico,NA,Colima,654775,4,6,4233,461
2020-09-13,Mexico,NA,Colima,654775,2,3,4235,464
2020-09-14,Mexico,NA,Colima,654775,4,1,4239,465
2020-03-30,Mexico,NA,Durango,1648107,2,0,11,2
2020-03-31,Mexico,NA,Durango,1648107,2,1,13,3
2020-04-01,Mexico,NA,Durango,1648107,1,1,14,4
2020-04-06,Mexico,NA,Durango,1648107,1,0,15,4
2020-04-08,Mexico,NA,Durango,1648107,1,0,16,4
2020-04-09,Mexico,NA,Durango,1648107,1,0,17,4
2020-04-11,Mexico,NA,Durango,1648107,1,0,18,4
2020-04-15,Mexico,NA,Durango,1648107,2,0,20,4
2020-04-16,Mexico,NA,Durango,1648107,2,0,22,4
2020-04-18,Mexico,NA,Durango,1648107,2,0,24,4
2020-04-19,Mexico,NA,Durango,1648107,10,0,34,4
2020-04-20,Mexico,NA,Durango,1648107,4,0,38,4
2020-04-21,Mexico,NA,Durango,1648107,4,1,42,5
2020-04-22,Mexico,NA,Durango,1648107,2,0,44,5
2020-04-23,Mexico,NA,Durango,1648107,2,0,46,5
2020-04-24,Mexico,NA,Durango,1648107,2,1,48,6
2020-04-25,Mexico,NA,Durango,1648107,5,1,53,7
2020-04-26,Mexico,NA,Durango,1648107,8,1,61,8
2020-04-27,Mexico,NA,Durango,1648107,5,0,66,8
2020-04-28,Mexico,NA,Durango,1648107,3,1,69,9
2020-04-29,Mexico,NA,Durango,1648107,8,0,77,9
2020-04-30,Mexico,NA,Durango,1648107,2,0,79,9
2020-05-01,Mexico,NA,Durango,1648107,6,1,85,10
2020-05-02,Mexico,NA,Durango,1648107,6,2,91,12
2020-05-03,Mexico,NA,Durango,1648107,7,1,98,13
2020-05-04,Mexico,NA,Durango,1648107,3,0,101,13
2020-05-05,Mexico,NA,Durango,1648107,3,0,104,13
2020-05-06,Mexico,NA,Durango,1648107,5,0,109,13
2020-05-07,Mexico,NA,Durango,1648107,11,0,120,13
2020-05-08,Mexico,NA,Durango,1648107,10,2,130,15
2020-05-09,Mexico,NA,Durango,1648107,2,1,132,16
2020-05-10,Mexico,NA,Durango,1648107,1,0,133,16
2020-05-11,Mexico,NA,Durango,1648107,6,0,139,16
2020-05-12,Mexico,NA,Durango,1648107,11,0,150,16
2020-05-13,Mexico,NA,Durango,1648107,10,1,160,17
2020-05-14,Mexico,NA,Durango,1648107,12,3,172,20
2020-05-15,Mexico,NA,Durango,1648107,16,3,188,23
2020-05-16,Mexico,NA,Durango,1648107,3,2,191,25
2020-05-17,Mexico,NA,Durango,1648107,8,1,199,26
2020-05-18,Mexico,NA,Durango,1648107,15,0,214,26
2020-05-19,Mexico,NA,Durango,1648107,7,0,221,26
2020-05-20,Mexico,NA,Durango,1648107,23,5,244,31
2020-05-21,Mexico,NA,Durango,1648107,20,1,264,32
2020-05-22,Mexico,NA,Durango,1648107,23,0,287,32
2020-05-23,Mexico,NA,Durango,1648107,5,0,292,32
2020-05-24,Mexico,NA,Durango,1648107,15,3,307,35
2020-05-25,Mexico,NA,Durango,1648107,27,3,334,38
2020-05-26,Mexico,NA,Durango,1648107,21,2,355,40
2020-05-27,Mexico,NA,Durango,1648107,27,2,382,42
2020-05-28,Mexico,NA,Durango,1648107,23,4,405,46
2020-05-29,Mexico,NA,Durango,1648107,33,3,438,49
2020-05-30,Mexico,NA,Durango,1648107,38,0,476,49
2020-05-31,Mexico,NA,Durango,1648107,12,3,488,52
2020-06-01,Mexico,NA,Durango,1648107,39,1,527,53
2020-06-02,Mexico,NA,Durango,1648107,38,4,565,57
2020-06-03,Mexico,NA,Durango,1648107,28,1,593,58
2020-06-04,Mexico,NA,Durango,1648107,44,2,637,60
2020-06-05,Mexico,NA,Durango,1648107,79,4,716,64
2020-06-06,Mexico,NA,Durango,1648107,22,4,738,68
2020-06-07,Mexico,NA,Durango,1648107,20,2,758,70
2020-06-08,Mexico,NA,Durango,1648107,72,3,830,73
2020-06-09,Mexico,NA,Durango,1648107,69,2,899,75
2020-06-10,Mexico,NA,Durango,1648107,50,6,949,81
2020-06-11,Mexico,NA,Durango,1648107,59,4,1008,85
2020-06-12,Mexico,NA,Durango,1648107,54,7,1062,92
2020-06-13,Mexico,NA,Durango,1648107,17,4,1079,96
2020-06-14,Mexico,NA,Durango,1648107,18,6,1097,102
2020-06-15,Mexico,NA,Durango,1648107,69,6,1166,108
2020-06-16,Mexico,NA,Durango,1648107,90,6,1256,114
2020-06-17,Mexico,NA,Durango,1648107,69,9,1325,123
2020-06-18,Mexico,NA,Durango,1648107,82,2,1407,125
2020-06-19,Mexico,NA,Durango,1648107,52,3,1459,128
2020-06-20,Mexico,NA,Durango,1648107,14,1,1473,129
2020-06-21,Mexico,NA,Durango,1648107,16,3,1489,132
2020-06-22,Mexico,NA,Durango,1648107,72,3,1561,135
2020-06-23,Mexico,NA,Durango,1648107,107,4,1668,139
2020-06-24,Mexico,NA,Durango,1648107,93,5,1761,144
2020-06-25,Mexico,NA,Durango,1648107,70,5,1831,149
2020-06-26,Mexico,NA,Durango,1648107,89,6,1920,155
2020-06-27,Mexico,NA,Durango,1648107,52,2,1972,157
2020-06-28,Mexico,NA,Durango,1648107,38,5,2010,162
2020-06-29,Mexico,NA,Durango,1648107,63,2,2073,164
2020-06-30,Mexico,NA,Durango,1648107,88,2,2161,166
2020-07-01,Mexico,NA,Durango,1648107,110,7,2271,173
2020-07-02,Mexico,NA,Durango,1648107,61,5,2332,178
2020-07-03,Mexico,NA,Durango,1648107,76,2,2408,180
2020-07-04,Mexico,NA,Durango,1648107,20,3,2428,183
2020-07-05,Mexico,NA,Durango,1648107,20,4,2448,187
2020-07-06,Mexico,NA,Durango,1648107,69,4,2517,191
2020-07-07,Mexico,NA,Durango,1648107,66,7,2583,198
2020-07-08,Mexico,NA,Durango,1648107,79,7,2662,205
2020-07-09,Mexico,NA,Durango,1648107,114,6,2776,211
2020-07-10,Mexico,NA,Durango,1648107,73,2,2849,213
2020-07-11,Mexico,NA,Durango,1648107,27,10,2876,223
2020-07-12,Mexico,NA,Durango,1648107,25,7,2901,230
2020-07-13,Mexico,NA,Durango,1648107,104,4,3005,234
2020-07-14,Mexico,NA,Durango,1648107,84,7,3089,241
2020-07-15,Mexico,NA,Durango,1648107,87,4,3176,245
2020-07-16,Mexico,NA,Durango,1648107,80,7,3256,252
2020-07-17,Mexico,NA,Durango,1648107,83,6,3339,258
2020-07-18,Mexico,NA,Durango,1648107,30,6,3369,264
2020-07-19,Mexico,NA,Durango,1648107,14,3,3383,267
2020-07-20,Mexico,NA,Durango,1648107,108,10,3491,277
2020-07-21,Mexico,NA,Durango,1648107,114,2,3605,279
2020-07-22,Mexico,NA,Durango,1648107,85,4,3690,283
2020-07-23,Mexico,NA,Durango,1648107,88,6,3778,289
2020-07-24,Mexico,NA,Durango,1648107,72,1,3850,290
2020-07-25,Mexico,NA,Durango,1648107,21,8,3871,298
2020-07-26,Mexico,NA,Durango,1648107,38,4,3909,302
2020-07-27,Mexico,NA,Durango,1648107,120,4,4029,306
2020-07-28,Mexico,NA,Durango,1648107,94,1,4123,307
2020-07-29,Mexico,NA,Durango,1648107,97,4,4220,311
2020-07-30,Mexico,NA,Durango,1648107,74,7,4294,318
2020-07-31,Mexico,NA,Durango,1648107,86,10,4380,328
2020-08-01,Mexico,NA,Durango,1648107,38,4,4418,332
2020-08-02,Mexico,NA,Durango,1648107,17,3,4435,335
2020-08-03,Mexico,NA,Durango,1648107,104,5,4539,340
2020-08-04,Mexico,NA,Durango,1648107,77,7,4616,347
2020-08-05,Mexico,NA,Durango,1648107,83,9,4699,356
2020-08-06,Mexico,NA,Durango,1648107,103,3,4802,359
2020-08-07,Mexico,NA,Durango,1648107,64,6,4866,365
2020-08-08,Mexico,NA,Durango,1648107,22,5,4888,370
2020-08-09,Mexico,NA,Durango,1648107,21,7,4909,377
2020-08-10,Mexico,NA,Durango,1648107,98,3,5007,380
2020-08-11,Mexico,NA,Durango,1648107,123,5,5130,385
2020-08-12,Mexico,NA,Durango,1648107,87,1,5217,386
2020-08-13,Mexico,NA,Durango,1648107,99,5,5316,391
2020-08-14,Mexico,NA,Durango,1648107,90,6,5406,397
2020-08-15,Mexico,NA,Durango,1648107,16,4,5422,401
2020-08-16,Mexico,NA,Durango,1648107,19,3,5441,404
2020-08-17,Mexico,NA,Durango,1648107,116,2,5557,406
2020-08-18,Mexico,NA,Durango,1648107,112,4,5669,410
2020-08-19,Mexico,NA,Durango,1648107,68,9,5737,419
2020-08-20,Mexico,NA,Durango,1648107,103,2,5840,421
2020-08-21,Mexico,NA,Durango,1648107,101,3,5941,424
2020-08-22,Mexico,NA,Durango,1648107,33,6,5974,430
2020-08-23,Mexico,NA,Durango,1648107,25,5,5999,435
2020-08-24,Mexico,NA,Durango,1648107,129,4,6128,439
2020-08-25,Mexico,NA,Durango,1648107,106,8,6234,447
2020-08-26,Mexico,NA,Durango,1648107,112,3,6346,450
2020-08-27,Mexico,NA,Durango,1648107,101,8,6447,458
2020-08-28,Mexico,NA,Durango,1648107,111,10,6558,468
2020-08-29,Mexico,NA,Durango,1648107,21,7,6579,475
2020-08-30,Mexico,NA,Durango,1648107,25,5,6604,480
2020-08-31,Mexico,NA,Durango,1648107,137,6,6741,486
2020-09-01,Mexico,NA,Durango,1648107,138,6,6879,492
2020-09-02,Mexico,NA,Durango,1648107,144,5,7023,497
2020-09-03,Mexico,NA,Durango,1648107,101,8,7124,505
2020-09-04,Mexico,NA,Durango,1648107,108,4,7232,509
2020-09-05,Mexico,NA,Durango,1648107,23,5,7255,514
2020-09-06,Mexico,NA,Durango,1648107,32,3,7287,517
2020-09-07,Mexico,NA,Durango,1648107,124,3,7411,520
2020-09-08,Mexico,NA,Durango,1648107,104,5,7515,525
2020-09-09,Mexico,NA,Durango,1648107,102,6,7617,531
2020-09-10,Mexico,NA,Durango,1648107,93,4,7710,535
2020-09-11,Mexico,NA,Durango,1648107,90,0,7800,535
2020-09-12,Mexico,NA,Durango,1648107,11,0,7811,535
2020-09-13,Mexico,NA,Durango,1648107,11,0,7822,535
2020-09-14,Mexico,NA,Durango,1648107,14,0,7836,535
2020-03-20,Mexico,NA,Guanajuato,5504468,4,0,11,0
2020-03-21,Mexico,NA,Guanajuato,5504468,11,0,22,0
2020-03-22,Mexico,NA,Guanajuato,5504468,1,0,23,0
2020-03-23,Mexico,NA,Guanajuato,5504468,6,0,29,0
2020-03-24,Mexico,NA,Guanajuato,5504468,1,0,30,0
2020-03-25,Mexico,NA,Guanajuato,5504468,4,0,34,0
2020-03-26,Mexico,NA,Guanajuato,5504468,6,0,40,0
2020-03-27,Mexico,NA,Guanajuato,5504468,5,0,45,0
2020-03-28,Mexico,NA,Guanajuato,5504468,4,0,49,0
2020-03-29,Mexico,NA,Guanajuato,5504468,1,0,50,0
2020-03-30,Mexico,NA,Guanajuato,5504468,5,0,55,0
2020-03-31,Mexico,NA,Guanajuato,5504468,2,0,57,0
2020-04-01,Mexico,NA,Guanajuato,5504468,1,0,58,0
2020-04-02,Mexico,NA,Guanajuato,5504468,2,0,60,0
2020-04-03,Mexico,NA,Guanajuato,5504468,5,0,65,0
2020-04-04,Mexico,NA,Guanajuato,5504468,3,0,68,0
2020-04-05,Mexico,NA,Guanajuato,5504468,3,2,71,2
2020-04-06,Mexico,NA,Guanajuato,5504468,7,0,78,2
2020-04-07,Mexico,NA,Guanajuato,5504468,6,1,84,3
2020-04-08,Mexico,NA,Guanajuato,5504468,9,0,93,3
2020-04-09,Mexico,NA,Guanajuato,5504468,2,1,95,4
2020-04-10,Mexico,NA,Guanajuato,5504468,2,1,97,5
2020-04-11,Mexico,NA,Guanajuato,5504468,4,0,101,5
2020-04-12,Mexico,NA,Guanajuato,5504468,1,0,102,5
2020-04-13,Mexico,NA,Guanajuato,5504468,3,0,105,5
2020-04-14,Mexico,NA,Guanajuato,5504468,4,2,109,7
2020-04-15,Mexico,NA,Guanajuato,5504468,13,1,122,8
2020-04-16,Mexico,NA,Guanajuato,5504468,14,0,136,8
2020-04-17,Mexico,NA,Guanajuato,5504468,29,3,165,11
2020-04-18,Mexico,NA,Guanajuato,5504468,10,0,175,11
2020-04-19,Mexico,NA,Guanajuato,5504468,10,0,185,11
2020-04-20,Mexico,NA,Guanajuato,5504468,14,0,199,11
2020-04-21,Mexico,NA,Guanajuato,5504468,10,2,209,13
2020-04-22,Mexico,NA,Guanajuato,5504468,13,3,222,16
2020-04-23,Mexico,NA,Guanajuato,5504468,9,3,231,19
2020-04-24,Mexico,NA,Guanajuato,5504468,12,1,243,20
2020-04-25,Mexico,NA,Guanajuato,5504468,11,3,254,23
2020-04-26,Mexico,NA,Guanajuato,5504468,7,2,261,25
2020-04-27,Mexico,NA,Guanajuato,5504468,25,0,286,25
2020-04-28,Mexico,NA,Guanajuato,5504468,17,0,303,25
2020-04-29,Mexico,NA,Guanajuato,5504468,14,2,317,27
2020-04-30,Mexico,NA,Guanajuato,5504468,16,3,333,30
2020-05-01,Mexico,NA,Guanajuato,5504468,14,3,347,33
2020-05-02,Mexico,NA,Guanajuato,5504468,10,2,357,35
2020-05-03,Mexico,NA,Guanajuato,5504468,11,3,368,38
2020-05-04,Mexico,NA,Guanajuato,5504468,33,3,401,41
2020-05-05,Mexico,NA,Guanajuato,5504468,23,2,424,43
2020-05-06,Mexico,NA,Guanajuato,5504468,30,3,454,46
2020-05-07,Mexico,NA,Guanajuato,5504468,37,4,491,50
2020-05-08,Mexico,NA,Guanajuato,5504468,43,6,534,56
2020-05-09,Mexico,NA,Guanajuato,5504468,26,4,560,60
2020-05-10,Mexico,NA,Guanajuato,5504468,23,1,583,61
2020-05-11,Mexico,NA,Guanajuato,5504468,41,3,624,64
2020-05-12,Mexico,NA,Guanajuato,5504468,53,1,677,65
2020-05-13,Mexico,NA,Guanajuato,5504468,41,4,718,69
2020-05-14,Mexico,NA,Guanajuato,5504468,51,2,769,71
2020-05-15,Mexico,NA,Guanajuato,5504468,36,6,805,77
2020-05-16,Mexico,NA,Guanajuato,5504468,34,3,839,80
2020-05-17,Mexico,NA,Guanajuato,5504468,20,1,859,81
2020-05-18,Mexico,NA,Guanajuato,5504468,54,6,913,87
2020-05-19,Mexico,NA,Guanajuato,5504468,69,3,982,90
2020-05-20,Mexico,NA,Guanajuato,5504468,58,2,1040,92
2020-05-21,Mexico,NA,Guanajuato,5504468,62,4,1102,96
2020-05-22,Mexico,NA,Guanajuato,5504468,56,5,1158,101
2020-05-23,Mexico,NA,Guanajuato,5504468,52,5,1210,106
2020-05-24,Mexico,NA,Guanajuato,5504468,20,4,1230,110
2020-05-25,Mexico,NA,Guanajuato,5504468,119,6,1349,116
2020-05-26,Mexico,NA,Guanajuato,5504468,97,4,1446,120
2020-05-27,Mexico,NA,Guanajuato,5504468,107,5,1553,125
2020-05-28,Mexico,NA,Guanajuato,5504468,141,7,1694,132
2020-05-29,Mexico,NA,Guanajuato,5504468,144,2,1838,134
2020-05-30,Mexico,NA,Guanajuato,5504468,98,7,1936,141
2020-05-31,Mexico,NA,Guanajuato,5504468,70,6,2006,147
2020-06-01,Mexico,NA,Guanajuato,5504468,182,2,2188,149
2020-06-02,Mexico,NA,Guanajuato,5504468,174,5,2362,154
2020-06-03,Mexico,NA,Guanajuato,5504468,178,5,2540,159
2020-06-04,Mexico,NA,Guanajuato,5504468,218,8,2758,167
2020-06-05,Mexico,NA,Guanajuato,5504468,171,10,2929,177
2020-06-06,Mexico,NA,Guanajuato,5504468,126,16,3055,193
2020-06-07,Mexico,NA,Guanajuato,5504468,81,13,3136,206
2020-06-08,Mexico,NA,Guanajuato,5504468,198,14,3334,220
2020-06-09,Mexico,NA,Guanajuato,5504468,228,11,3562,231
2020-06-10,Mexico,NA,Guanajuato,5504468,187,19,3749,250
2020-06-11,Mexico,NA,Guanajuato,5504468,205,16,3954,266
2020-06-12,Mexico,NA,Guanajuato,5504468,214,15,4168,281
2020-06-13,Mexico,NA,Guanajuato,5504468,126,16,4294,297
2020-06-14,Mexico,NA,Guanajuato,5504468,84,14,4378,311
2020-06-15,Mexico,NA,Guanajuato,5504468,339,20,4717,331
2020-06-16,Mexico,NA,Guanajuato,5504468,319,19,5036,350
2020-06-17,Mexico,NA,Guanajuato,5504468,334,15,5370,365
2020-06-18,Mexico,NA,Guanajuato,5504468,325,25,5695,390
2020-06-19,Mexico,NA,Guanajuato,5504468,372,22,6067,412
2020-06-20,Mexico,NA,Guanajuato,5504468,188,26,6255,438
2020-06-21,Mexico,NA,Guanajuato,5504468,114,16,6369,454
2020-06-22,Mexico,NA,Guanajuato,5504468,385,24,6754,478
2020-06-23,Mexico,NA,Guanajuato,5504468,409,21,7163,499
2020-06-24,Mexico,NA,Guanajuato,5504468,394,24,7557,523
2020-06-25,Mexico,NA,Guanajuato,5504468,299,24,7856,547
2020-06-26,Mexico,NA,Guanajuato,5504468,366,20,8222,567
2020-06-27,Mexico,NA,Guanajuato,5504468,210,25,8432,592
2020-06-28,Mexico,NA,Guanajuato,5504468,121,22,8553,614
2020-06-29,Mexico,NA,Guanajuato,5504468,407,37,8960,651
2020-06-30,Mexico,NA,Guanajuato,5504468,418,27,9378,678
2020-07-01,Mexico,NA,Guanajuato,5504468,414,26,9792,704
2020-07-02,Mexico,NA,Guanajuato,5504468,423,39,10215,743
2020-07-03,Mexico,NA,Guanajuato,5504468,434,33,10649,776
2020-07-04,Mexico,NA,Guanajuato,5504468,224,33,10873,809
2020-07-05,Mexico,NA,Guanajuato,5504468,129,30,11002,839
2020-07-06,Mexico,NA,Guanajuato,5504468,483,34,11485,873
2020-07-07,Mexico,NA,Guanajuato,5504468,516,34,12001,907
2020-07-08,Mexico,NA,Guanajuato,5504468,504,38,12505,945
2020-07-09,Mexico,NA,Guanajuato,5504468,521,36,13026,981
2020-07-10,Mexico,NA,Guanajuato,5504468,450,33,13476,1014
2020-07-11,Mexico,NA,Guanajuato,5504468,187,33,13663,1047
2020-07-12,Mexico,NA,Guanajuato,5504468,166,36,13829,1083
2020-07-13,Mexico,NA,Guanajuato,5504468,545,26,14374,1109
2020-07-14,Mexico,NA,Guanajuato,5504468,559,28,14933,1137
2020-07-15,Mexico,NA,Guanajuato,5504468,626,30,15559,1167
2020-07-16,Mexico,NA,Guanajuato,5504468,531,24,16090,1191
2020-07-17,Mexico,NA,Guanajuato,5504468,438,28,16528,1219
2020-07-18,Mexico,NA,Guanajuato,5504468,230,40,16758,1259
2020-07-19,Mexico,NA,Guanajuato,5504468,140,27,16898,1286
2020-07-20,Mexico,NA,Guanajuato,5504468,500,34,17398,1320
2020-07-21,Mexico,NA,Guanajuato,5504468,653,42,18051,1362
2020-07-22,Mexico,NA,Guanajuato,5504468,543,36,18594,1398
2020-07-23,Mexico,NA,Guanajuato,5504468,536,22,19130,1420
2020-07-24,Mexico,NA,Guanajuato,5504468,505,49,19635,1469
2020-07-25,Mexico,NA,Guanajuato,5504468,211,34,19846,1503
2020-07-26,Mexico,NA,Guanajuato,5504468,181,37,20027,1540
2020-07-27,Mexico,NA,Guanajuato,5504468,606,41,20633,1581
2020-07-28,Mexico,NA,Guanajuato,5504468,615,32,21248,1613
2020-07-29,Mexico,NA,Guanajuato,5504468,486,30,21734,1643
2020-07-30,Mexico,NA,Guanajuato,5504468,547,33,22281,1676
2020-07-31,Mexico,NA,Guanajuato,5504468,421,27,22702,1703
2020-08-01,Mexico,NA,Guanajuato,5504468,170,28,22872,1731
2020-08-02,Mexico,NA,Guanajuato,5504468,149,27,23021,1758
2020-08-03,Mexico,NA,Guanajuato,5504468,511,25,23532,1783
2020-08-04,Mexico,NA,Guanajuato,5504468,451,33,23983,1816
2020-08-05,Mexico,NA,Guanajuato,5504468,380,37,24363,1853
2020-08-06,Mexico,NA,Guanajuato,5504468,358,34,24721,1887
2020-08-07,Mexico,NA,Guanajuato,5504468,431,29,25152,1916
2020-08-08,Mexico,NA,Guanajuato,5504468,183,38,25335,1954
2020-08-09,Mexico,NA,Guanajuato,5504468,113,34,25448,1988
2020-08-10,Mexico,NA,Guanajuato,5504468,430,26,25878,2014
2020-08-11,Mexico,NA,Guanajuato,5504468,439,22,26317,2036
2020-08-12,Mexico,NA,Guanajuato,5504468,425,19,26742,2055
2020-08-13,Mexico,NA,Guanajuato,5504468,443,16,27185,2071
2020-08-14,Mexico,NA,Guanajuato,5504468,392,30,27577,2101
2020-08-15,Mexico,NA,Guanajuato,5504468,160,21,27737,2122
2020-08-16,Mexico,NA,Guanajuato,5504468,105,19,27842,2141
2020-08-17,Mexico,NA,Guanajuato,5504468,361,29,28203,2170
2020-08-18,Mexico,NA,Guanajuato,5504468,362,26,28565,2196
2020-08-19,Mexico,NA,Guanajuato,5504468,441,24,29006,2220
2020-08-20,Mexico,NA,Guanajuato,5504468,416,26,29422,2246
2020-08-21,Mexico,NA,Guanajuato,5504468,470,20,29892,2266
2020-08-22,Mexico,NA,Guanajuato,5504468,160,34,30052,2300
2020-08-23,Mexico,NA,Guanajuato,5504468,151,22,30203,2322
2020-08-24,Mexico,NA,Guanajuato,5504468,511,16,30714,2338
2020-08-25,Mexico,NA,Guanajuato,5504468,420,23,31134,2361
2020-08-26,Mexico,NA,Guanajuato,5504468,465,18,31599,2379
2020-08-27,Mexico,NA,Guanajuato,5504468,431,18,32030,2397
2020-08-28,Mexico,NA,Guanajuato,5504468,424,19,32454,2416
2020-08-29,Mexico,NA,Guanajuato,5504468,202,15,32656,2431
2020-08-30,Mexico,NA,Guanajuato,5504468,157,18,32813,2449
2020-08-31,Mexico,NA,Guanajuato,5504468,562,27,33375,2476
2020-09-01,Mexico,NA,Guanajuato,5504468,466,20,33841,2496
2020-09-02,Mexico,NA,Guanajuato,5504468,382,17,34223,2513
2020-09-03,Mexico,NA,Guanajuato,5504468,396,13,34619,2526
2020-09-04,Mexico,NA,Guanajuato,5504468,414,19,35033,2545
2020-09-05,Mexico,NA,Guanajuato,5504468,121,18,35154,2563
2020-09-06,Mexico,NA,Guanajuato,5504468,139,9,35293,2572
2020-09-07,Mexico,NA,Guanajuato,5504468,415,9,35708,2581
2020-09-08,Mexico,NA,Guanajuato,5504468,433,9,36141,2590
2020-09-09,Mexico,NA,Guanajuato,5504468,350,14,36491,2604
2020-09-10,Mexico,NA,Guanajuato,5504468,342,14,36833,2618
2020-09-11,Mexico,NA,Guanajuato,5504468,311,16,37144,2634
2020-09-12,Mexico,NA,Guanajuato,5504468,50,11,37194,2645
2020-09-13,Mexico,NA,Guanajuato,5504468,1,6,37195,2651
2020-09-14,Mexico,NA,Guanajuato,5504468,1,0,37196,2651
2020-03-21,Mexico,NA,Guerrero,3400317,1,0,11,0
2020-03-23,Mexico,NA,Guerrero,3400317,1,0,12,0
2020-03-25,Mexico,NA,Guerrero,3400317,3,0,15,0
2020-03-26,Mexico,NA,Guerrero,3400317,4,0,19,0
2020-03-27,Mexico,NA,Guerrero,3400317,3,0,22,0
2020-03-28,Mexico,NA,Guerrero,3400317,3,1,25,1
2020-03-29,Mexico,NA,Guerrero,3400317,1,0,26,1
2020-03-30,Mexico,NA,Guerrero,3400317,2,0,28,1
2020-03-31,Mexico,NA,Guerrero,3400317,5,0,33,1
2020-04-01,Mexico,NA,Guerrero,3400317,3,0,36,1
2020-04-02,Mexico,NA,Guerrero,3400317,1,0,37,1
2020-04-03,Mexico,NA,Guerrero,3400317,1,0,38,1
2020-04-04,Mexico,NA,Guerrero,3400317,2,2,40,3
2020-04-05,Mexico,NA,Guerrero,3400317,3,0,43,3
2020-04-06,Mexico,NA,Guerrero,3400317,8,2,51,5
2020-04-07,Mexico,NA,Guerrero,3400317,11,0,62,5
2020-04-08,Mexico,NA,Guerrero,3400317,6,0,68,5
2020-04-09,Mexico,NA,Guerrero,3400317,7,1,75,6
2020-04-10,Mexico,NA,Guerrero,3400317,5,0,80,6
2020-04-11,Mexico,NA,Guerrero,3400317,5,0,85,6
2020-04-12,Mexico,NA,Guerrero,3400317,12,1,97,7
2020-04-13,Mexico,NA,Guerrero,3400317,17,1,114,8
2020-04-14,Mexico,NA,Guerrero,3400317,7,1,121,9
2020-04-15,Mexico,NA,Guerrero,3400317,5,3,126,12
2020-04-16,Mexico,NA,Guerrero,3400317,11,0,137,12
2020-04-17,Mexico,NA,Guerrero,3400317,13,1,150,13
2020-04-18,Mexico,NA,Guerrero,3400317,9,3,159,16
2020-04-19,Mexico,NA,Guerrero,3400317,6,4,165,20
2020-04-20,Mexico,NA,Guerrero,3400317,16,3,181,23
2020-04-21,Mexico,NA,Guerrero,3400317,7,7,188,30
2020-04-22,Mexico,NA,Guerrero,3400317,13,3,201,33
2020-04-23,Mexico,NA,Guerrero,3400317,19,3,220,36
2020-04-24,Mexico,NA,Guerrero,3400317,25,1,245,37
2020-04-25,Mexico,NA,Guerrero,3400317,13,4,258,41
2020-04-26,Mexico,NA,Guerrero,3400317,18,1,276,42
2020-04-27,Mexico,NA,Guerrero,3400317,27,8,303,50
2020-04-28,Mexico,NA,Guerrero,3400317,29,5,332,55
2020-04-29,Mexico,NA,Guerrero,3400317,31,4,363,59
2020-04-30,Mexico,NA,Guerrero,3400317,18,2,381,61
2020-05-01,Mexico,NA,Guerrero,3400317,14,2,395,63
2020-05-02,Mexico,NA,Guerrero,3400317,40,8,435,71
2020-05-03,Mexico,NA,Guerrero,3400317,29,4,464,75
2020-05-04,Mexico,NA,Guerrero,3400317,54,4,518,79
2020-05-05,Mexico,NA,Guerrero,3400317,37,5,555,84
2020-05-06,Mexico,NA,Guerrero,3400317,47,10,602,94
2020-05-07,Mexico,NA,Guerrero,3400317,41,6,643,100
2020-05-08,Mexico,NA,Guerrero,3400317,40,4,683,104
2020-05-09,Mexico,NA,Guerrero,3400317,36,11,719,115
2020-05-10,Mexico,NA,Guerrero,3400317,33,6,752,121
2020-05-11,Mexico,NA,Guerrero,3400317,48,8,800,129
2020-05-12,Mexico,NA,Guerrero,3400317,59,7,859,136
2020-05-13,Mexico,NA,Guerrero,3400317,48,8,907,144
2020-05-14,Mexico,NA,Guerrero,3400317,75,8,982,152
2020-05-15,Mexico,NA,Guerrero,3400317,61,13,1043,165
2020-05-16,Mexico,NA,Guerrero,3400317,51,14,1094,179
2020-05-17,Mexico,NA,Guerrero,3400317,41,16,1135,195
2020-05-18,Mexico,NA,Guerrero,3400317,128,16,1263,211
2020-05-19,Mexico,NA,Guerrero,3400317,110,12,1373,223
2020-05-20,Mexico,NA,Guerrero,3400317,142,23,1515,246
2020-05-21,Mexico,NA,Guerrero,3400317,140,17,1655,263
2020-05-22,Mexico,NA,Guerrero,3400317,131,18,1786,281
2020-05-23,Mexico,NA,Guerrero,3400317,66,19,1852,300
2020-05-24,Mexico,NA,Guerrero,3400317,71,21,1923,321
2020-05-25,Mexico,NA,Guerrero,3400317,136,27,2059,348
2020-05-26,Mexico,NA,Guerrero,3400317,118,22,2177,370
2020-05-27,Mexico,NA,Guerrero,3400317,121,26,2298,396
2020-05-28,Mexico,NA,Guerrero,3400317,114,17,2412,413
2020-05-29,Mexico,NA,Guerrero,3400317,98,22,2510,435
2020-05-30,Mexico,NA,Guerrero,3400317,62,17,2572,452
2020-05-31,Mexico,NA,Guerrero,3400317,79,23,2651,475
2020-06-01,Mexico,NA,Guerrero,3400317,153,21,2804,496
2020-06-02,Mexico,NA,Guerrero,3400317,110,28,2914,524
2020-06-03,Mexico,NA,Guerrero,3400317,116,18,3030,542
2020-06-04,Mexico,NA,Guerrero,3400317,131,17,3161,559
2020-06-05,Mexico,NA,Guerrero,3400317,125,23,3286,582
2020-06-06,Mexico,NA,Guerrero,3400317,93,19,3379,601
2020-06-07,Mexico,NA,Guerrero,3400317,65,24,3444,625
2020-06-08,Mexico,NA,Guerrero,3400317,153,22,3597,647
2020-06-09,Mexico,NA,Guerrero,3400317,108,20,3705,667
2020-06-10,Mexico,NA,Guerrero,3400317,154,23,3859,690
2020-06-11,Mexico,NA,Guerrero,3400317,154,18,4013,708
2020-06-12,Mexico,NA,Guerrero,3400317,152,18,4165,726
2020-06-13,Mexico,NA,Guerrero,3400317,79,27,4244,753
2020-06-14,Mexico,NA,Guerrero,3400317,97,23,4341,776
2020-06-15,Mexico,NA,Guerrero,3400317,143,15,4484,791
2020-06-16,Mexico,NA,Guerrero,3400317,153,19,4637,810
2020-06-17,Mexico,NA,Guerrero,3400317,110,25,4747,835
2020-06-18,Mexico,NA,Guerrero,3400317,106,19,4853,854
2020-06-19,Mexico,NA,Guerrero,3400317,135,30,4988,884
2020-06-20,Mexico,NA,Guerrero,3400317,54,14,5042,898
2020-06-21,Mexico,NA,Guerrero,3400317,71,16,5113,914
2020-06-22,Mexico,NA,Guerrero,3400317,180,29,5293,943
2020-06-23,Mexico,NA,Guerrero,3400317,126,16,5419,959
2020-06-24,Mexico,NA,Guerrero,3400317,97,15,5516,974
2020-06-25,Mexico,NA,Guerrero,3400317,134,16,5650,990
2020-06-26,Mexico,NA,Guerrero,3400317,127,22,5777,1012
2020-06-27,Mexico,NA,Guerrero,3400317,144,24,5921,1036
2020-06-28,Mexico,NA,Guerrero,3400317,173,20,6094,1056
2020-06-29,Mexico,NA,Guerrero,3400317,253,19,6347,1075
2020-06-30,Mexico,NA,Guerrero,3400317,251,22,6598,1097
2020-07-01,Mexico,NA,Guerrero,3400317,264,11,6862,1108
2020-07-02,Mexico,NA,Guerrero,3400317,303,11,7165,1119
2020-07-03,Mexico,NA,Guerrero,3400317,274,15,7439,1134
2020-07-04,Mexico,NA,Guerrero,3400317,191,21,7630,1155
2020-07-05,Mexico,NA,Guerrero,3400317,153,12,7783,1167
2020-07-06,Mexico,NA,Guerrero,3400317,161,14,7944,1181
2020-07-07,Mexico,NA,Guerrero,3400317,147,22,8091,1203
2020-07-08,Mexico,NA,Guerrero,3400317,119,10,8210,1213
2020-07-09,Mexico,NA,Guerrero,3400317,144,12,8354,1225
2020-07-10,Mexico,NA,Guerrero,3400317,139,15,8493,1240
2020-07-11,Mexico,NA,Guerrero,3400317,40,13,8533,1253
2020-07-12,Mexico,NA,Guerrero,3400317,129,7,8662,1260
2020-07-13,Mexico,NA,Guerrero,3400317,161,16,8823,1276
2020-07-14,Mexico,NA,Guerrero,3400317,171,24,8994,1300
2020-07-15,Mexico,NA,Guerrero,3400317,136,12,9130,1312
2020-07-16,Mexico,NA,Guerrero,3400317,169,9,9299,1321
2020-07-17,Mexico,NA,Guerrero,3400317,119,13,9418,1334
2020-07-18,Mexico,NA,Guerrero,3400317,116,13,9534,1347
2020-07-19,Mexico,NA,Guerrero,3400317,129,11,9663,1358
2020-07-20,Mexico,NA,Guerrero,3400317,246,14,9909,1372
2020-07-21,Mexico,NA,Guerrero,3400317,147,15,10056,1387
2020-07-22,Mexico,NA,Guerrero,3400317,153,11,10209,1398
2020-07-23,Mexico,NA,Guerrero,3400317,219,15,10428,1413
2020-07-24,Mexico,NA,Guerrero,3400317,197,10,10625,1423
2020-07-25,Mexico,NA,Guerrero,3400317,96,15,10721,1438
2020-07-26,Mexico,NA,Guerrero,3400317,88,17,10809,1455
2020-07-27,Mexico,NA,Guerrero,3400317,209,9,11018,1464
2020-07-28,Mexico,NA,Guerrero,3400317,182,7,11200,1471
2020-07-29,Mexico,NA,Guerrero,3400317,144,6,11344,1477
2020-07-30,Mexico,NA,Guerrero,3400317,197,12,11541,1489
2020-07-31,Mexico,NA,Guerrero,3400317,167,10,11708,1499
2020-08-01,Mexico,NA,Guerrero,3400317,127,10,11835,1509
2020-08-02,Mexico,NA,Guerrero,3400317,63,11,11898,1520
2020-08-03,Mexico,NA,Guerrero,3400317,187,10,12085,1530
2020-08-04,Mexico,NA,Guerrero,3400317,217,14,12302,1544
2020-08-05,Mexico,NA,Guerrero,3400317,218,7,12520,1551
2020-08-06,Mexico,NA,Guerrero,3400317,160,7,12680,1558
2020-08-07,Mexico,NA,Guerrero,3400317,140,15,12820,1573
2020-08-08,Mexico,NA,Guerrero,3400317,61,7,12881,1580
2020-08-09,Mexico,NA,Guerrero,3400317,42,9,12923,1589
2020-08-10,Mexico,NA,Guerrero,3400317,178,7,13101,1596
2020-08-11,Mexico,NA,Guerrero,3400317,128,9,13229,1605
2020-08-12,Mexico,NA,Guerrero,3400317,106,4,13335,1609
2020-08-13,Mexico,NA,Guerrero,3400317,151,12,13486,1621
2020-08-14,Mexico,NA,Guerrero,3400317,112,4,13598,1625
2020-08-15,Mexico,NA,Guerrero,3400317,75,13,13673,1638
2020-08-16,Mexico,NA,Guerrero,3400317,47,14,13720,1652
2020-08-17,Mexico,NA,Guerrero,3400317,134,7,13854,1659
2020-08-18,Mexico,NA,Guerrero,3400317,122,12,13976,1671
2020-08-19,Mexico,NA,Guerrero,3400317,136,16,14112,1687
2020-08-20,Mexico,NA,Guerrero,3400317,99,8,14211,1695
2020-08-21,Mexico,NA,Guerrero,3400317,93,6,14304,1701
2020-08-22,Mexico,NA,Guerrero,3400317,63,8,14367,1709
2020-08-23,Mexico,NA,Guerrero,3400317,56,5,14423,1714
2020-08-24,Mexico,NA,Guerrero,3400317,127,6,14550,1720
2020-08-25,Mexico,NA,Guerrero,3400317,143,11,14693,1731
2020-08-26,Mexico,NA,Guerrero,3400317,102,8,14795,1739
2020-08-27,Mexico,NA,Guerrero,3400317,115,7,14910,1746
2020-08-28,Mexico,NA,Guerrero,3400317,138,5,15048,1751
2020-08-29,Mexico,NA,Guerrero,3400317,37,14,15085,1765
2020-08-30,Mexico,NA,Guerrero,3400317,39,5,15124,1770
2020-08-31,Mexico,NA,Guerrero,3400317,142,4,15266,1774
2020-09-01,Mexico,NA,Guerrero,3400317,162,4,15428,1778
2020-09-02,Mexico,NA,Guerrero,3400317,172,2,15600,1780
2020-09-03,Mexico,NA,Guerrero,3400317,157,7,15757,1787
2020-09-04,Mexico,NA,Guerrero,3400317,161,3,15918,1790
2020-09-05,Mexico,NA,Guerrero,3400317,53,7,15971,1797
2020-09-06,Mexico,NA,Guerrero,3400317,72,1,16043,1798
2020-09-07,Mexico,NA,Guerrero,3400317,201,9,16244,1807
2020-09-08,Mexico,NA,Guerrero,3400317,146,1,16390,1808
2020-09-09,Mexico,NA,Guerrero,3400317,137,7,16527,1815
2020-09-10,Mexico,NA,Guerrero,3400317,123,3,16650,1818
2020-09-11,Mexico,NA,Guerrero,3400317,84,0,16734,1818
2020-03-23,Mexico,NA,Hidalgo,2668544,1,0,11,0
2020-03-24,Mexico,NA,Hidalgo,2668544,1,0,12,0
2020-03-25,Mexico,NA,Hidalgo,2668544,5,0,17,0
2020-03-26,Mexico,NA,Hidalgo,2668544,4,0,21,0
2020-03-27,Mexico,NA,Hidalgo,2668544,4,1,25,1
2020-03-28,Mexico,NA,Hidalgo,2668544,0,1,25,2
2020-03-29,Mexico,NA,Hidalgo,2668544,2,0,27,2
2020-03-30,Mexico,NA,Hidalgo,2668544,7,1,34,3
2020-03-31,Mexico,NA,Hidalgo,2668544,7,0,41,3
2020-04-01,Mexico,NA,Hidalgo,2668544,5,1,46,4
2020-04-02,Mexico,NA,Hidalgo,2668544,1,0,47,4
2020-04-03,Mexico,NA,Hidalgo,2668544,3,1,50,5
2020-04-04,Mexico,NA,Hidalgo,2668544,2,0,52,5
2020-04-05,Mexico,NA,Hidalgo,2668544,2,0,54,5
2020-04-06,Mexico,NA,Hidalgo,2668544,3,0,57,5
2020-04-07,Mexico,NA,Hidalgo,2668544,3,0,60,5
2020-04-08,Mexico,NA,Hidalgo,2668544,1,2,61,7
2020-04-10,Mexico,NA,Hidalgo,2668544,7,0,68,7
2020-04-11,Mexico,NA,Hidalgo,2668544,3,0,71,7
2020-04-12,Mexico,NA,Hidalgo,2668544,5,0,76,7
2020-04-13,Mexico,NA,Hidalgo,2668544,8,0,84,7
2020-04-14,Mexico,NA,Hidalgo,2668544,9,2,93,9
2020-04-15,Mexico,NA,Hidalgo,2668544,5,3,98,12
2020-04-16,Mexico,NA,Hidalgo,2668544,5,0,103,12
2020-04-17,Mexico,NA,Hidalgo,2668544,9,0,112,12
2020-04-18,Mexico,NA,Hidalgo,2668544,6,2,118,14
2020-04-19,Mexico,NA,Hidalgo,2668544,14,1,132,15
2020-04-20,Mexico,NA,Hidalgo,2668544,19,1,151,16
2020-04-21,Mexico,NA,Hidalgo,2668544,12,2,163,18
2020-04-22,Mexico,NA,Hidalgo,2668544,15,2,178,20
2020-04-23,Mexico,NA,Hidalgo,2668544,19,2,197,22
2020-04-24,Mexico,NA,Hidalgo,2668544,20,1,217,23
2020-04-25,Mexico,NA,Hidalgo,2668544,23,7,240,30
2020-04-26,Mexico,NA,Hidalgo,2668544,18,8,258,38
2020-04-27,Mexico,NA,Hidalgo,2668544,26,1,284,39
2020-04-28,Mexico,NA,Hidalgo,2668544,27,5,311,44
2020-04-29,Mexico,NA,Hidalgo,2668544,28,2,339,46
2020-04-30,Mexico,NA,Hidalgo,2668544,31,5,370,51
2020-05-01,Mexico,NA,Hidalgo,2668544,26,9,396,60
2020-05-02,Mexico,NA,Hidalgo,2668544,21,2,417,62
2020-05-03,Mexico,NA,Hidalgo,2668544,27,7,444,69
2020-05-04,Mexico,NA,Hidalgo,2668544,35,10,479,79
2020-05-05,Mexico,NA,Hidalgo,2668544,30,10,509,89
2020-05-06,Mexico,NA,Hidalgo,2668544,41,7,550,96
2020-05-07,Mexico,NA,Hidalgo,2668544,37,8,587,104
2020-05-08,Mexico,NA,Hidalgo,2668544,36,9,623,113
2020-05-09,Mexico,NA,Hidalgo,2668544,25,6,648,119
2020-05-10,Mexico,NA,Hidalgo,2668544,25,10,673,129
2020-05-11,Mexico,NA,Hidalgo,2668544,51,8,724,137
2020-05-12,Mexico,NA,Hidalgo,2668544,56,12,780,149
2020-05-13,Mexico,NA,Hidalgo,2668544,45,9,825,158
2020-05-14,Mexico,NA,Hidalgo,2668544,67,14,892,172
2020-05-15,Mexico,NA,Hidalgo,2668544,80,15,972,187
2020-05-16,Mexico,NA,Hidalgo,2668544,54,9,1026,196
2020-05-17,Mexico,NA,Hidalgo,2668544,26,12,1052,208
2020-05-18,Mexico,NA,Hidalgo,2668544,80,14,1132,222
2020-05-19,Mexico,NA,Hidalgo,2668544,70,7,1202,229
2020-05-20,Mexico,NA,Hidalgo,2668544,78,16,1280,245
2020-05-21,Mexico,NA,Hidalgo,2668544,92,17,1372,262
2020-05-22,Mexico,NA,Hidalgo,2668544,80,12,1452,274
2020-05-23,Mexico,NA,Hidalgo,2668544,52,11,1504,285
2020-05-24,Mexico,NA,Hidalgo,2668544,40,11,1544,296
2020-05-25,Mexico,NA,Hidalgo,2668544,88,12,1632,308
2020-05-26,Mexico,NA,Hidalgo,2668544,71,11,1703,319
2020-05-27,Mexico,NA,Hidalgo,2668544,81,12,1784,331
2020-05-28,Mexico,NA,Hidalgo,2668544,93,12,1877,343
2020-05-29,Mexico,NA,Hidalgo,2668544,73,11,1950,354
2020-05-30,Mexico,NA,Hidalgo,2668544,47,11,1997,365
2020-05-31,Mexico,NA,Hidalgo,2668544,40,13,2037,378
2020-06-01,Mexico,NA,Hidalgo,2668544,94,9,2131,387
2020-06-02,Mexico,NA,Hidalgo,2668544,79,6,2210,393
2020-06-03,Mexico,NA,Hidalgo,2668544,67,16,2277,409
2020-06-04,Mexico,NA,Hidalgo,2668544,63,5,2340,414
2020-06-05,Mexico,NA,Hidalgo,2668544,66,3,2406,417
2020-06-06,Mexico,NA,Hidalgo,2668544,51,3,2457,420
2020-06-07,Mexico,NA,Hidalgo,2668544,29,12,2486,432
2020-06-08,Mexico,NA,Hidalgo,2668544,87,15,2573,447
2020-06-09,Mexico,NA,Hidalgo,2668544,110,8,2683,455
2020-06-10,Mexico,NA,Hidalgo,2668544,77,12,2760,467
2020-06-11,Mexico,NA,Hidalgo,2668544,73,10,2833,477
2020-06-12,Mexico,NA,Hidalgo,2668544,96,5,2929,482
2020-06-13,Mexico,NA,Hidalgo,2668544,45,8,2974,490
2020-06-14,Mexico,NA,Hidalgo,2668544,42,16,3016,506
2020-06-15,Mexico,NA,Hidalgo,2668544,81,10,3097,516
2020-06-16,Mexico,NA,Hidalgo,2668544,73,11,3170,527
2020-06-17,Mexico,NA,Hidalgo,2668544,73,12,3243,539
2020-06-18,Mexico,NA,Hidalgo,2668544,77,12,3320,551
2020-06-19,Mexico,NA,Hidalgo,2668544,86,11,3406,562
2020-06-20,Mexico,NA,Hidalgo,2668544,54,8,3460,570
2020-06-21,Mexico,NA,Hidalgo,2668544,28,10,3488,580
2020-06-22,Mexico,NA,Hidalgo,2668544,74,8,3562,588
2020-06-23,Mexico,NA,Hidalgo,2668544,80,12,3642,600
2020-06-24,Mexico,NA,Hidalgo,2668544,87,13,3729,613
2020-06-25,Mexico,NA,Hidalgo,2668544,84,8,3813,621
2020-06-26,Mexico,NA,Hidalgo,2668544,88,18,3901,639
2020-06-27,Mexico,NA,Hidalgo,2668544,43,6,3944,645
2020-06-28,Mexico,NA,Hidalgo,2668544,39,12,3983,657
2020-06-29,Mexico,NA,Hidalgo,2668544,94,11,4077,668
2020-06-30,Mexico,NA,Hidalgo,2668544,82,6,4159,674
2020-07-01,Mexico,NA,Hidalgo,2668544,108,18,4267,692
2020-07-02,Mexico,NA,Hidalgo,2668544,91,13,4358,705
2020-07-03,Mexico,NA,Hidalgo,2668544,75,10,4433,715
2020-07-04,Mexico,NA,Hidalgo,2668544,39,5,4472,720
2020-07-05,Mexico,NA,Hidalgo,2668544,32,9,4504,729
2020-07-06,Mexico,NA,Hidalgo,2668544,100,6,4604,735
2020-07-07,Mexico,NA,Hidalgo,2668544,87,10,4691,745
2020-07-08,Mexico,NA,Hidalgo,2668544,84,10,4775,755
2020-07-09,Mexico,NA,Hidalgo,2668544,76,8,4851,763
2020-07-10,Mexico,NA,Hidalgo,2668544,89,15,4940,778
2020-07-11,Mexico,NA,Hidalgo,2668544,49,11,4989,789
2020-07-12,Mexico,NA,Hidalgo,2668544,47,18,5036,807
2020-07-13,Mexico,NA,Hidalgo,2668544,120,14,5156,821
2020-07-14,Mexico,NA,Hidalgo,2668544,106,14,5262,835
2020-07-15,Mexico,NA,Hidalgo,2668544,108,14,5370,849
2020-07-16,Mexico,NA,Hidalgo,2668544,116,15,5486,864
2020-07-17,Mexico,NA,Hidalgo,2668544,107,17,5593,881
2020-07-18,Mexico,NA,Hidalgo,2668544,73,13,5666,894
2020-07-19,Mexico,NA,Hidalgo,2668544,56,8,5722,902
2020-07-20,Mexico,NA,Hidalgo,2668544,176,14,5898,916
2020-07-21,Mexico,NA,Hidalgo,2668544,145,18,6043,934
2020-07-22,Mexico,NA,Hidalgo,2668544,128,12,6171,946
2020-07-23,Mexico,NA,Hidalgo,2668544,132,9,6303,955
2020-07-24,Mexico,NA,Hidalgo,2668544,127,16,6430,971
2020-07-25,Mexico,NA,Hidalgo,2668544,72,20,6502,991
2020-07-26,Mexico,NA,Hidalgo,2668544,70,13,6572,1004
2020-07-27,Mexico,NA,Hidalgo,2668544,134,17,6706,1021
2020-07-28,Mexico,NA,Hidalgo,2668544,133,16,6839,1037
2020-07-29,Mexico,NA,Hidalgo,2668544,122,16,6961,1053
2020-07-30,Mexico,NA,Hidalgo,2668544,132,18,7093,1071
2020-07-31,Mexico,NA,Hidalgo,2668544,129,17,7222,1088
2020-08-01,Mexico,NA,Hidalgo,2668544,73,12,7295,1100
2020-08-02,Mexico,NA,Hidalgo,2668544,79,19,7374,1119
2020-08-03,Mexico,NA,Hidalgo,2668544,150,18,7524,1137
2020-08-04,Mexico,NA,Hidalgo,2668544,133,23,7657,1160
2020-08-05,Mexico,NA,Hidalgo,2668544,159,19,7816,1179
2020-08-06,Mexico,NA,Hidalgo,2668544,131,22,7947,1201
2020-08-07,Mexico,NA,Hidalgo,2668544,136,15,8083,1216
2020-08-08,Mexico,NA,Hidalgo,2668544,101,14,8184,1230
2020-08-09,Mexico,NA,Hidalgo,2668544,66,15,8250,1245
2020-08-10,Mexico,NA,Hidalgo,2668544,125,26,8375,1271
2020-08-11,Mexico,NA,Hidalgo,2668544,136,23,8511,1294
2020-08-12,Mexico,NA,Hidalgo,2668544,133,18,8644,1312
2020-08-13,Mexico,NA,Hidalgo,2668544,149,14,8793,1326
2020-08-14,Mexico,NA,Hidalgo,2668544,123,19,8916,1345
2020-08-15,Mexico,NA,Hidalgo,2668544,80,12,8996,1357
2020-08-16,Mexico,NA,Hidalgo,2668544,68,13,9064,1370
2020-08-17,Mexico,NA,Hidalgo,2668544,112,21,9176,1391
2020-08-18,Mexico,NA,Hidalgo,2668544,101,16,9277,1407
2020-08-19,Mexico,NA,Hidalgo,2668544,114,16,9391,1423
2020-08-20,Mexico,NA,Hidalgo,2668544,138,12,9529,1435
2020-08-21,Mexico,NA,Hidalgo,2668544,127,19,9656,1454
2020-08-22,Mexico,NA,Hidalgo,2668544,70,20,9726,1474
2020-08-23,Mexico,NA,Hidalgo,2668544,69,20,9795,1494
2020-08-24,Mexico,NA,Hidalgo,2668544,160,11,9955,1505
2020-08-25,Mexico,NA,Hidalgo,2668544,140,29,10095,1534
2020-08-26,Mexico,NA,Hidalgo,2668544,116,17,10211,1551
2020-08-27,Mexico,NA,Hidalgo,2668544,103,13,10314,1564
2020-08-28,Mexico,NA,Hidalgo,2668544,94,18,10408,1582
2020-08-29,Mexico,NA,Hidalgo,2668544,68,19,10476,1601
2020-08-30,Mexico,NA,Hidalgo,2668544,60,15,10536,1616
2020-08-31,Mexico,NA,Hidalgo,2668544,110,16,10646,1632
2020-09-01,Mexico,NA,Hidalgo,2668544,102,15,10748,1647
2020-09-02,Mexico,NA,Hidalgo,2668544,113,13,10861,1660
2020-09-03,Mexico,NA,Hidalgo,2668544,87,8,10948,1668
2020-09-04,Mexico,NA,Hidalgo,2668544,86,11,11034,1679
2020-09-05,Mexico,NA,Hidalgo,2668544,40,12,11074,1691
2020-09-06,Mexico,NA,Hidalgo,2668544,43,14,11117,1705
2020-09-07,Mexico,NA,Hidalgo,2668544,91,11,11208,1716
2020-09-08,Mexico,NA,Hidalgo,2668544,70,7,11278,1723
2020-09-09,Mexico,NA,Hidalgo,2668544,102,14,11380,1737
2020-09-10,Mexico,NA,Hidalgo,2668544,72,7,11452,1744
2020-09-11,Mexico,NA,Hidalgo,2668544,82,10,11534,1754
2020-09-12,Mexico,NA,Hidalgo,2668544,39,11,11573,1765
2020-09-13,Mexico,NA,Hidalgo,2668544,29,7,11602,1772
2020-09-14,Mexico,NA,Hidalgo,2668544,34,3,11636,1775
2020-03-14,Mexico,NA,Jalisco,7378533,5,0,12,0
2020-03-15,Mexico,NA,Jalisco,7378533,2,0,14,0
2020-03-16,Mexico,NA,Jalisco,7378533,12,0,26,0
2020-03-17,Mexico,NA,Jalisco,7378533,6,0,32,0
2020-03-18,Mexico,NA,Jalisco,7378533,17,0,49,0
2020-03-19,Mexico,NA,Jalisco,7378533,11,0,60,0
2020-03-20,Mexico,NA,Jalisco,7378533,5,1,65,1
2020-03-21,Mexico,NA,Jalisco,7378533,1,0,66,1
2020-03-22,Mexico,NA,Jalisco,7378533,3,0,69,1
2020-03-23,Mexico,NA,Jalisco,7378533,8,0,77,1
2020-03-24,Mexico,NA,Jalisco,7378533,7,0,84,1
2020-03-25,Mexico,NA,Jalisco,7378533,7,0,91,1
2020-03-26,Mexico,NA,Jalisco,7378533,6,2,97,3
2020-03-27,Mexico,NA,Jalisco,7378533,7,0,104,3
2020-03-28,Mexico,NA,Jalisco,7378533,2,0,106,3
2020-03-29,Mexico,NA,Jalisco,7378533,2,0,108,3
2020-03-30,Mexico,NA,Jalisco,7378533,7,0,115,3
2020-03-31,Mexico,NA,Jalisco,7378533,7,1,122,4
2020-04-01,Mexico,NA,Jalisco,7378533,3,0,125,4
2020-04-02,Mexico,NA,Jalisco,7378533,8,2,133,6
2020-04-03,Mexico,NA,Jalisco,7378533,10,0,143,6
2020-04-04,Mexico,NA,Jalisco,7378533,2,0,145,6
2020-04-05,Mexico,NA,Jalisco,7378533,2,1,147,7
2020-04-06,Mexico,NA,Jalisco,7378533,4,0,151,7
2020-04-07,Mexico,NA,Jalisco,7378533,6,1,157,8
2020-04-08,Mexico,NA,Jalisco,7378533,9,1,166,9
2020-04-09,Mexico,NA,Jalisco,7378533,5,0,171,9
2020-04-10,Mexico,NA,Jalisco,7378533,8,1,179,10
2020-04-11,Mexico,NA,Jalisco,7378533,5,1,184,11
2020-04-12,Mexico,NA,Jalisco,7378533,5,0,189,11
2020-04-13,Mexico,NA,Jalisco,7378533,10,0,199,11
2020-04-14,Mexico,NA,Jalisco,7378533,4,0,203,11
2020-04-15,Mexico,NA,Jalisco,7378533,11,0,214,11
2020-04-16,Mexico,NA,Jalisco,7378533,9,1,223,12
2020-04-17,Mexico,NA,Jalisco,7378533,14,1,237,13
2020-04-18,Mexico,NA,Jalisco,7378533,7,0,244,13
2020-04-19,Mexico,NA,Jalisco,7378533,3,2,247,15
2020-04-20,Mexico,NA,Jalisco,7378533,10,1,257,16
2020-04-21,Mexico,NA,Jalisco,7378533,16,1,273,17
2020-04-22,Mexico,NA,Jalisco,7378533,25,3,298,20
2020-04-23,Mexico,NA,Jalisco,7378533,19,1,317,21
2020-04-24,Mexico,NA,Jalisco,7378533,32,3,349,24
2020-04-25,Mexico,NA,Jalisco,7378533,9,2,358,26
2020-04-26,Mexico,NA,Jalisco,7378533,9,0,367,26
2020-04-27,Mexico,NA,Jalisco,7378533,22,1,389,27
2020-04-28,Mexico,NA,Jalisco,7378533,14,3,403,30
2020-04-29,Mexico,NA,Jalisco,7378533,22,2,425,32
2020-04-30,Mexico,NA,Jalisco,7378533,26,3,451,35
2020-05-01,Mexico,NA,Jalisco,7378533,16,0,467,35
2020-05-02,Mexico,NA,Jalisco,7378533,29,4,496,39
2020-05-03,Mexico,NA,Jalisco,7378533,16,3,512,42
2020-05-04,Mexico,NA,Jalisco,7378533,31,3,543,45
2020-05-05,Mexico,NA,Jalisco,7378533,20,3,563,48
2020-05-06,Mexico,NA,Jalisco,7378533,25,5,588,53
2020-05-07,Mexico,NA,Jalisco,7378533,51,3,639,56
2020-05-08,Mexico,NA,Jalisco,7378533,25,0,664,56
2020-05-09,Mexico,NA,Jalisco,7378533,28,3,692,59
2020-05-10,Mexico,NA,Jalisco,7378533,22,3,714,62
2020-05-11,Mexico,NA,Jalisco,7378533,50,2,764,64
2020-05-12,Mexico,NA,Jalisco,7378533,39,3,803,67
2020-05-13,Mexico,NA,Jalisco,7378533,30,3,833,70
2020-05-14,Mexico,NA,Jalisco,7378533,57,4,890,74
2020-05-15,Mexico,NA,Jalisco,7378533,64,7,954,81
2020-05-16,Mexico,NA,Jalisco,7378533,19,9,973,90
2020-05-17,Mexico,NA,Jalisco,7378533,31,5,1004,95
2020-05-18,Mexico,NA,Jalisco,7378533,58,3,1062,98
2020-05-19,Mexico,NA,Jalisco,7378533,75,1,1137,99
2020-05-20,Mexico,NA,Jalisco,7378533,63,6,1200,105
2020-05-21,Mexico,NA,Jalisco,7378533,64,9,1264,114
2020-05-22,Mexico,NA,Jalisco,7378533,75,2,1339,116
2020-05-23,Mexico,NA,Jalisco,7378533,43,4,1382,120
2020-05-24,Mexico,NA,Jalisco,7378533,38,3,1420,123
2020-05-25,Mexico,NA,Jalisco,7378533,94,8,1514,131
2020-05-26,Mexico,NA,Jalisco,7378533,130,5,1644,136
2020-05-27,Mexico,NA,Jalisco,7378533,143,4,1787,140
2020-05-28,Mexico,NA,Jalisco,7378533,124,3,1911,143
2020-05-29,Mexico,NA,Jalisco,7378533,167,5,2078,148
2020-05-30,Mexico,NA,Jalisco,7378533,127,14,2205,162
2020-05-31,Mexico,NA,Jalisco,7378533,84,10,2289,172
2020-06-01,Mexico,NA,Jalisco,7378533,229,20,2518,192
2020-06-02,Mexico,NA,Jalisco,7378533,197,11,2715,203
2020-06-03,Mexico,NA,Jalisco,7378533,212,18,2927,221
2020-06-04,Mexico,NA,Jalisco,7378533,177,23,3104,244
2020-06-05,Mexico,NA,Jalisco,7378533,224,17,3328,261
2020-06-06,Mexico,NA,Jalisco,7378533,101,17,3429,278
2020-06-07,Mexico,NA,Jalisco,7378533,71,21,3500,299
2020-06-08,Mexico,NA,Jalisco,7378533,263,14,3763,313
2020-06-09,Mexico,NA,Jalisco,7378533,251,23,4014,336
2020-06-10,Mexico,NA,Jalisco,7378533,248,14,4262,350
2020-06-11,Mexico,NA,Jalisco,7378533,230,23,4492,373
2020-06-12,Mexico,NA,Jalisco,7378533,184,28,4676,401
2020-06-13,Mexico,NA,Jalisco,7378533,119,14,4795,415
2020-06-14,Mexico,NA,Jalisco,7378533,88,27,4883,442
2020-06-15,Mexico,NA,Jalisco,7378533,228,18,5111,460
2020-06-16,Mexico,NA,Jalisco,7378533,216,24,5327,484
2020-06-17,Mexico,NA,Jalisco,7378533,215,30,5542,514
2020-06-18,Mexico,NA,Jalisco,7378533,235,17,5777,531
2020-06-19,Mexico,NA,Jalisco,7378533,198,24,5975,555
2020-06-20,Mexico,NA,Jalisco,7378533,139,26,6114,581
2020-06-21,Mexico,NA,Jalisco,7378533,95,26,6209,607
2020-06-22,Mexico,NA,Jalisco,7378533,226,21,6435,628
2020-06-23,Mexico,NA,Jalisco,7378533,235,27,6670,655
2020-06-24,Mexico,NA,Jalisco,7378533,205,27,6875,682
2020-06-25,Mexico,NA,Jalisco,7378533,178,29,7053,711
2020-06-26,Mexico,NA,Jalisco,7378533,223,19,7276,730
2020-06-27,Mexico,NA,Jalisco,7378533,140,23,7416,753
2020-06-28,Mexico,NA,Jalisco,7378533,109,26,7525,779
2020-06-29,Mexico,NA,Jalisco,7378533,191,34,7716,813
2020-06-30,Mexico,NA,Jalisco,7378533,231,20,7947,833
2020-07-01,Mexico,NA,Jalisco,7378533,202,32,8149,865
2020-07-02,Mexico,NA,Jalisco,7378533,208,21,8357,886
2020-07-03,Mexico,NA,Jalisco,7378533,214,33,8571,919
2020-07-04,Mexico,NA,Jalisco,7378533,140,38,8711,957
2020-07-05,Mexico,NA,Jalisco,7378533,96,32,8807,989
2020-07-06,Mexico,NA,Jalisco,7378533,243,27,9050,1016
2020-07-07,Mexico,NA,Jalisco,7378533,248,26,9298,1042
2020-07-08,Mexico,NA,Jalisco,7378533,219,28,9517,1070
2020-07-09,Mexico,NA,Jalisco,7378533,216,27,9733,1097
2020-07-10,Mexico,NA,Jalisco,7378533,244,24,9977,1121
2020-07-11,Mexico,NA,Jalisco,7378533,139,35,10116,1156
2020-07-12,Mexico,NA,Jalisco,7378533,122,30,10238,1186
2020-07-13,Mexico,NA,Jalisco,7378533,298,33,10536,1219
2020-07-14,Mexico,NA,Jalisco,7378533,303,24,10839,1243
2020-07-15,Mexico,NA,Jalisco,7378533,270,38,11109,1281
2020-07-16,Mexico,NA,Jalisco,7378533,258,29,11367,1310
2020-07-17,Mexico,NA,Jalisco,7378533,259,17,11626,1327
2020-07-18,Mexico,NA,Jalisco,7378533,165,22,11791,1349
2020-07-19,Mexico,NA,Jalisco,7378533,101,29,11892,1378
2020-07-20,Mexico,NA,Jalisco,7378533,333,31,12225,1409
2020-07-21,Mexico,NA,Jalisco,7378533,300,33,12525,1442
2020-07-22,Mexico,NA,Jalisco,7378533,272,22,12797,1464
2020-07-23,Mexico,NA,Jalisco,7378533,222,32,13019,1496
2020-07-24,Mexico,NA,Jalisco,7378533,208,23,13227,1519
2020-07-25,Mexico,NA,Jalisco,7378533,124,28,13351,1547
2020-07-26,Mexico,NA,Jalisco,7378533,120,22,13471,1569
2020-07-27,Mexico,NA,Jalisco,7378533,310,32,13781,1601
2020-07-28,Mexico,NA,Jalisco,7378533,242,37,14023,1638
2020-07-29,Mexico,NA,Jalisco,7378533,246,18,14269,1656
2020-07-30,Mexico,NA,Jalisco,7378533,216,37,14485,1693
2020-07-31,Mexico,NA,Jalisco,7378533,188,20,14673,1713
2020-08-01,Mexico,NA,Jalisco,7378533,131,29,14804,1742
2020-08-02,Mexico,NA,Jalisco,7378533,100,23,14904,1765
2020-08-03,Mexico,NA,Jalisco,7378533,262,26,15166,1791
2020-08-04,Mexico,NA,Jalisco,7378533,239,30,15405,1821
2020-08-05,Mexico,NA,Jalisco,7378533,268,31,15673,1852
2020-08-06,Mexico,NA,Jalisco,7378533,248,34,15921,1886
2020-08-07,Mexico,NA,Jalisco,7378533,245,30,16166,1916
2020-08-08,Mexico,NA,Jalisco,7378533,126,35,16292,1951
2020-08-09,Mexico,NA,Jalisco,7378533,114,26,16406,1977
2020-08-10,Mexico,NA,Jalisco,7378533,261,18,16667,1995
2020-08-11,Mexico,NA,Jalisco,7378533,238,36,16905,2031
2020-08-12,Mexico,NA,Jalisco,7378533,239,29,17144,2060
2020-08-13,Mexico,NA,Jalisco,7378533,234,24,17378,2084
2020-08-14,Mexico,NA,Jalisco,7378533,209,26,17587,2110
2020-08-15,Mexico,NA,Jalisco,7378533,104,24,17691,2134
2020-08-16,Mexico,NA,Jalisco,7378533,112,30,17803,2164
2020-08-17,Mexico,NA,Jalisco,7378533,306,27,18109,2191
2020-08-18,Mexico,NA,Jalisco,7378533,256,19,18365,2210
2020-08-19,Mexico,NA,Jalisco,7378533,219,34,18584,2244
2020-08-20,Mexico,NA,Jalisco,7378533,229,28,18813,2272
2020-08-21,Mexico,NA,Jalisco,7378533,207,25,19020,2297
2020-08-22,Mexico,NA,Jalisco,7378533,108,28,19128,2325
2020-08-23,Mexico,NA,Jalisco,7378533,99,36,19227,2361
2020-08-24,Mexico,NA,Jalisco,7378533,268,20,19495,2381
2020-08-25,Mexico,NA,Jalisco,7378533,246,26,19741,2407
2020-08-26,Mexico,NA,Jalisco,7378533,279,29,20020,2436
2020-08-27,Mexico,NA,Jalisco,7378533,235,22,20255,2458
2020-08-28,Mexico,NA,Jalisco,7378533,240,24,20495,2482
2020-08-29,Mexico,NA,Jalisco,7378533,81,22,20576,2504
2020-08-30,Mexico,NA,Jalisco,7378533,107,22,20683,2526
2020-08-31,Mexico,NA,Jalisco,7378533,313,20,20996,2546
2020-09-01,Mexico,NA,Jalisco,7378533,245,26,21241,2572
2020-09-02,Mexico,NA,Jalisco,7378533,248,21,21489,2593
2020-09-03,Mexico,NA,Jalisco,7378533,266,23,21755,2616
2020-09-04,Mexico,NA,Jalisco,7378533,207,20,21962,2636
2020-09-05,Mexico,NA,Jalisco,7378533,92,19,22054,2655
2020-09-06,Mexico,NA,Jalisco,7378533,86,41,22140,2696
2020-09-07,Mexico,NA,Jalisco,7378533,300,20,22440,2716
2020-09-08,Mexico,NA,Jalisco,7378533,272,35,22712,2751
2020-09-09,Mexico,NA,Jalisco,7378533,252,23,22964,2774
2020-09-10,Mexico,NA,Jalisco,7378533,217,21,23181,2795
2020-09-11,Mexico,NA,Jalisco,7378533,191,20,23372,2815
2020-09-12,Mexico,NA,Jalisco,7378533,57,15,23429,2830
2020-09-13,Mexico,NA,Jalisco,7378533,58,18,23487,2848
2020-09-14,Mexico,NA,Jalisco,7378533,78,1,23565,2849
2020-03-11,Mexico,NA,Mexico City,8851639,12,0,22,0
2020-03-12,Mexico,NA,Mexico City,8851639,17,0,39,0
2020-03-13,Mexico,NA,Mexico City,8851639,24,0,63,0
2020-03-14,Mexico,NA,Mexico City,8851639,21,0,84,0
2020-03-15,Mexico,NA,Mexico City,8851639,10,0,94,0
2020-03-16,Mexico,NA,Mexico City,8851639,26,0,120,0
2020-03-17,Mexico,NA,Mexico City,8851639,34,0,154,0
2020-03-18,Mexico,NA,Mexico City,8851639,31,0,185,0
2020-03-19,Mexico,NA,Mexico City,8851639,39,0,224,0
2020-03-20,Mexico,NA,Mexico City,8851639,24,0,248,0
2020-03-21,Mexico,NA,Mexico City,8851639,12,0,260,0
2020-03-22,Mexico,NA,Mexico City,8851639,11,1,271,1
2020-03-23,Mexico,NA,Mexico City,8851639,25,1,296,2
2020-03-24,Mexico,NA,Mexico City,8851639,35,0,331,2
2020-03-25,Mexico,NA,Mexico City,8851639,25,1,356,3
2020-03-26,Mexico,NA,Mexico City,8851639,50,3,406,6
2020-03-27,Mexico,NA,Mexico City,8851639,38,4,444,10
2020-03-28,Mexico,NA,Mexico City,8851639,49,1,493,11
2020-03-29,Mexico,NA,Mexico City,8851639,35,2,528,13
2020-03-30,Mexico,NA,Mexico City,8851639,77,4,605,17
2020-03-31,Mexico,NA,Mexico City,8851639,51,7,656,24
2020-04-01,Mexico,NA,Mexico City,8851639,56,5,712,29
2020-04-02,Mexico,NA,Mexico City,8851639,72,5,784,34
2020-04-03,Mexico,NA,Mexico City,8851639,79,7,863,41
2020-04-04,Mexico,NA,Mexico City,8851639,57,6,920,47
2020-04-05,Mexico,NA,Mexico City,8851639,56,4,976,51
2020-04-06,Mexico,NA,Mexico City,8851639,118,16,1094,67
2020-04-07,Mexico,NA,Mexico City,8851639,127,11,1221,78
2020-04-08,Mexico,NA,Mexico City,8851639,125,6,1346,84
2020-04-09,Mexico,NA,Mexico City,8851639,129,17,1475,101
2020-04-10,Mexico,NA,Mexico City,8851639,147,24,1622,125
2020-04-11,Mexico,NA,Mexico City,8851639,110,22,1732,147
2020-04-12,Mexico,NA,Mexico City,8851639,114,11,1846,158
2020-04-13,Mexico,NA,Mexico City,8851639,268,14,2114,172
2020-04-14,Mexico,NA,Mexico City,8851639,248,24,2362,196
2020-04-15,Mexico,NA,Mexico City,8851639,229,22,2591,218
2020-04-16,Mexico,NA,Mexico City,8851639,251,25,2842,243
2020-04-17,Mexico,NA,Mexico City,8851639,330,18,3172,261
2020-04-18,Mexico,NA,Mexico City,8851639,197,25,3369,286
2020-04-19,Mexico,NA,Mexico City,8851639,185,30,3554,316
2020-04-20,Mexico,NA,Mexico City,8851639,446,35,4000,351
2020-04-21,Mexico,NA,Mexico City,8851639,437,40,4437,391
2020-04-22,Mexico,NA,Mexico City,8851639,401,28,4838,419
2020-04-23,Mexico,NA,Mexico City,8851639,345,36,5183,455
2020-04-24,Mexico,NA,Mexico City,8851639,513,47,5696,502
2020-04-25,Mexico,NA,Mexico City,8851639,249,62,5945,564
2020-04-26,Mexico,NA,Mexico City,8851639,221,57,6166,621
2020-04-27,Mexico,NA,Mexico City,8851639,499,49,6665,670
2020-04-28,Mexico,NA,Mexico City,8851639,538,41,7203,711
2020-04-29,Mexico,NA,Mexico City,8851639,565,64,7768,775
2020-04-30,Mexico,NA,Mexico City,8851639,535,80,8303,855
2020-05-01,Mexico,NA,Mexico City,8851639,327,71,8630,926
2020-05-02,Mexico,NA,Mexico City,8851639,321,56,8951,982
2020-05-03,Mexico,NA,Mexico City,8851639,294,69,9245,1051
2020-05-04,Mexico,NA,Mexico City,8851639,721,66,9966,1117
2020-05-05,Mexico,NA,Mexico City,8851639,590,81,10556,1198
2020-05-06,Mexico,NA,Mexico City,8851639,681,83,11237,1281
2020-05-07,Mexico,NA,Mexico City,8851639,706,70,11943,1351
2020-05-08,Mexico,NA,Mexico City,8851639,790,83,12733,1434
2020-05-09,Mexico,NA,Mexico City,8851639,393,73,13126,1507
2020-05-10,Mexico,NA,Mexico City,8851639,355,82,13481,1589
2020-05-11,Mexico,NA,Mexico City,8851639,804,75,14285,1664
2020-05-12,Mexico,NA,Mexico City,8851639,807,89,15092,1753
2020-05-13,Mexico,NA,Mexico City,8851639,878,94,15970,1847
2020-05-14,Mexico,NA,Mexico City,8851639,795,99,16765,1946
2020-05-15,Mexico,NA,Mexico City,8851639,931,101,17696,2047
2020-05-16,Mexico,NA,Mexico City,8851639,590,98,18286,2145
2020-05-17,Mexico,NA,Mexico City,8851639,360,112,18646,2257
2020-05-18,Mexico,NA,Mexico City,8851639,1061,111,19707,2368
2020-05-19,Mexico,NA,Mexico City,8851639,1008,104,20715,2472
2020-05-20,Mexico,NA,Mexico City,8851639,1032,88,21747,2560
2020-05-21,Mexico,NA,Mexico City,8851639,950,117,22697,2677
2020-05-22,Mexico,NA,Mexico City,8851639,894,96,23591,2773
2020-05-23,Mexico,NA,Mexico City,8851639,463,100,24054,2873
2020-05-24,Mexico,NA,Mexico City,8851639,334,101,24388,2974
2020-05-25,Mexico,NA,Mexico City,8851639,1018,98,25406,3072
2020-05-26,Mexico,NA,Mexico City,8851639,897,97,26303,3169
2020-05-27,Mexico,NA,Mexico City,8851639,975,88,27278,3257
2020-05-28,Mexico,NA,Mexico City,8851639,827,98,28105,3355
2020-05-29,Mexico,NA,Mexico City,8851639,910,84,29015,3439
2020-05-30,Mexico,NA,Mexico City,8851639,530,80,29545,3519
2020-05-31,Mexico,NA,Mexico City,8851639,394,110,29939,3629
2020-06-01,Mexico,NA,Mexico City,8851639,1044,100,30983,3729
2020-06-02,Mexico,NA,Mexico City,8851639,905,75,31888,3804
2020-06-03,Mexico,NA,Mexico City,8851639,965,100,32853,3904
2020-06-04,Mexico,NA,Mexico City,8851639,913,96,33766,4000
2020-06-05,Mexico,NA,Mexico City,8851639,938,93,34704,4093
2020-06-06,Mexico,NA,Mexico City,8851639,503,94,35207,4187
2020-06-07,Mexico,NA,Mexico City,8851639,376,90,35583,4277
2020-06-08,Mexico,NA,Mexico City,8851639,1000,97,36583,4374
2020-06-09,Mexico,NA,Mexico City,8851639,985,90,37568,4464
2020-06-10,Mexico,NA,Mexico City,8851639,938,94,38506,4558
2020-06-11,Mexico,NA,Mexico City,8851639,862,100,39368,4658
2020-06-12,Mexico,NA,Mexico City,8851639,911,104,40279,4762
2020-06-13,Mexico,NA,Mexico City,8851639,383,106,40662,4868
2020-06-14,Mexico,NA,Mexico City,8851639,326,88,40988,4956
2020-06-15,Mexico,NA,Mexico City,8851639,916,64,41904,5020
2020-06-16,Mexico,NA,Mexico City,8851639,971,100,42875,5120
2020-06-17,Mexico,NA,Mexico City,8851639,922,95,43797,5215
2020-06-18,Mexico,NA,Mexico City,8851639,909,85,44706,5300
2020-06-19,Mexico,NA,Mexico City,8851639,869,80,45575,5380
2020-06-20,Mexico,NA,Mexico City,8851639,426,59,46001,5439
2020-06-21,Mexico,NA,Mexico City,8851639,260,79,46261,5518
2020-06-22,Mexico,NA,Mexico City,8851639,833,59,47094,5577
2020-06-23,Mexico,NA,Mexico City,8851639,867,61,47961,5638
2020-06-24,Mexico,NA,Mexico City,8851639,793,53,48754,5691
2020-06-25,Mexico,NA,Mexico City,8851639,810,48,49564,5739
2020-06-26,Mexico,NA,Mexico City,8851639,875,62,50439,5801
2020-06-27,Mexico,NA,Mexico City,8851639,356,72,50795,5873
2020-06-28,Mexico,NA,Mexico City,8851639,290,54,51085,5927
2020-06-29,Mexico,NA,Mexico City,8851639,943,46,52028,5973
2020-06-30,Mexico,NA,Mexico City,8851639,904,62,52932,6035
2020-07-01,Mexico,NA,Mexico City,8851639,969,71,53901,6106
2020-07-02,Mexico,NA,Mexico City,8851639,854,56,54755,6162
2020-07-03,Mexico,NA,Mexico City,8851639,921,57,55676,6219
2020-07-04,Mexico,NA,Mexico City,8851639,357,65,56033,6284
2020-07-05,Mexico,NA,Mexico City,8851639,225,55,56258,6339
2020-07-06,Mexico,NA,Mexico City,8851639,966,62,57224,6401
2020-07-07,Mexico,NA,Mexico City,8851639,926,66,58150,6467
2020-07-08,Mexico,NA,Mexico City,8851639,933,43,59083,6510
2020-07-09,Mexico,NA,Mexico City,8851639,730,46,59813,6556
2020-07-10,Mexico,NA,Mexico City,8851639,838,35,60651,6591
2020-07-11,Mexico,NA,Mexico City,8851639,376,49,61027,6640
2020-07-12,Mexico,NA,Mexico City,8851639,237,57,61264,6697
2020-07-13,Mexico,NA,Mexico City,8851639,1040,41,62304,6738
2020-07-14,Mexico,NA,Mexico City,8851639,898,56,63202,6794
2020-07-15,Mexico,NA,Mexico City,8851639,1175,55,64377,6849
2020-07-16,Mexico,NA,Mexico City,8851639,1087,44,65464,6893
2020-07-17,Mexico,NA,Mexico City,8851639,1136,44,66600,6937
2020-07-18,Mexico,NA,Mexico City,8851639,633,52,67233,6989
2020-07-19,Mexico,NA,Mexico City,8851639,239,47,67472,7036
2020-07-20,Mexico,NA,Mexico City,8851639,1104,42,68576,7078
2020-07-21,Mexico,NA,Mexico City,8851639,1093,41,69669,7119
2020-07-22,Mexico,NA,Mexico City,8851639,1159,26,70828,7145
2020-07-23,Mexico,NA,Mexico City,8851639,1080,38,71908,7183
2020-07-24,Mexico,NA,Mexico City,8851639,1022,32,72930,7215
2020-07-25,Mexico,NA,Mexico City,8851639,515,45,73445,7260
2020-07-26,Mexico,NA,Mexico City,8851639,256,40,73701,7300
2020-07-27,Mexico,NA,Mexico City,8851639,1007,38,74708,7338
2020-07-28,Mexico,NA,Mexico City,8851639,1008,40,75716,7378
2020-07-29,Mexico,NA,Mexico City,8851639,1023,29,76739,7407
2020-07-30,Mexico,NA,Mexico City,8851639,998,47,77737,7454
2020-07-31,Mexico,NA,Mexico City,8851639,916,36,78653,7490
2020-08-01,Mexico,NA,Mexico City,8851639,504,32,79157,7522
2020-08-02,Mexico,NA,Mexico City,8851639,221,41,79378,7563
2020-08-03,Mexico,NA,Mexico City,8851639,836,37,80214,7600
2020-08-04,Mexico,NA,Mexico City,8851639,970,46,81184,7646
2020-08-05,Mexico,NA,Mexico City,8851639,983,47,82167,7693
2020-08-06,Mexico,NA,Mexico City,8851639,880,34,83047,7727
2020-08-07,Mexico,NA,Mexico City,8851639,943,42,83990,7769
2020-08-08,Mexico,NA,Mexico City,8851639,468,53,84458,7822
2020-08-09,Mexico,NA,Mexico City,8851639,165,23,84623,7845
2020-08-10,Mexico,NA,Mexico City,8851639,837,35,85460,7880
2020-08-11,Mexico,NA,Mexico City,8851639,974,33,86434,7913
2020-08-12,Mexico,NA,Mexico City,8851639,963,38,87397,7951
2020-08-13,Mexico,NA,Mexico City,8851639,949,36,88346,7987
2020-08-14,Mexico,NA,Mexico City,8851639,981,37,89327,8024
2020-08-15,Mexico,NA,Mexico City,8851639,464,36,89791,8060
2020-08-16,Mexico,NA,Mexico City,8851639,163,30,89954,8090
2020-08-17,Mexico,NA,Mexico City,8851639,948,33,90902,8123
2020-08-18,Mexico,NA,Mexico City,8851639,1133,40,92035,8163
2020-08-19,Mexico,NA,Mexico City,8851639,1090,37,93125,8200
2020-08-20,Mexico,NA,Mexico City,8851639,901,44,94026,8244
2020-08-21,Mexico,NA,Mexico City,8851639,1035,30,95061,8274
2020-08-22,Mexico,NA,Mexico City,8851639,455,37,95516,8311
2020-08-23,Mexico,NA,Mexico City,8851639,261,36,95777,8347
2020-08-24,Mexico,NA,Mexico City,8851639,1015,36,96792,8383
2020-08-25,Mexico,NA,Mexico City,8851639,1005,39,97797,8422
2020-08-26,Mexico,NA,Mexico City,8851639,1354,39,99151,8461
2020-08-27,Mexico,NA,Mexico City,8851639,1191,30,100342,8491
2020-08-28,Mexico,NA,Mexico City,8851639,1181,41,101523,8532
2020-08-29,Mexico,NA,Mexico City,8851639,667,36,102190,8568
2020-08-30,Mexico,NA,Mexico City,8851639,217,36,102407,8604
2020-08-31,Mexico,NA,Mexico City,8851639,947,39,103354,8643
2020-09-01,Mexico,NA,Mexico City,8851639,1346,43,104700,8686
2020-09-02,Mexico,NA,Mexico City,8851639,1357,35,106057,8721
2020-09-03,Mexico,NA,Mexico City,8851639,1218,34,107275,8755
2020-09-04,Mexico,NA,Mexico City,8851639,1154,34,108429,8789
2020-09-05,Mexico,NA,Mexico City,8851639,563,40,108992,8829
2020-09-06,Mexico,NA,Mexico City,8851639,213,40,109205,8869
2020-09-07,Mexico,NA,Mexico City,8851639,834,33,110039,8902
2020-09-08,Mexico,NA,Mexico City,8851639,1118,29,111157,8931
2020-09-09,Mexico,NA,Mexico City,8851639,893,32,112050,8963
2020-09-10,Mexico,NA,Mexico City,8851639,628,27,112678,8990
2020-09-11,Mexico,NA,Mexico City,8851639,293,19,112971,9009
2020-09-12,Mexico,NA,Mexico City,8851639,104,27,113075,9036
2020-09-13,Mexico,NA,Mexico City,8851639,21,19,113096,9055
2020-09-14,Mexico,NA,Mexico City,8851639,22,8,113118,9063
2020-03-23,Mexico,NA,Michoacan,4371696,3,0,12,0
2020-03-24,Mexico,NA,Michoacan,4371696,3,0,15,0
2020-03-25,Mexico,NA,Michoacan,4371696,2,0,17,0
2020-03-26,Mexico,NA,Michoacan,4371696,3,1,20,1
2020-03-27,Mexico,NA,Michoacan,4371696,1,0,21,1
2020-03-28,Mexico,NA,Michoacan,4371696,1,0,22,1
2020-03-29,Mexico,NA,Michoacan,4371696,3,0,25,1
2020-03-31,Mexico,NA,Michoacan,4371696,4,0,29,1
2020-04-01,Mexico,NA,Michoacan,4371696,4,0,33,1
2020-04-02,Mexico,NA,Michoacan,4371696,1,0,34,1
2020-04-03,Mexico,NA,Michoacan,4371696,6,2,40,3
2020-04-04,Mexico,NA,Michoacan,4371696,2,1,42,4
2020-04-05,Mexico,NA,Michoacan,4371696,2,0,44,4
2020-04-06,Mexico,NA,Michoacan,4371696,6,1,50,5
2020-04-07,Mexico,NA,Michoacan,4371696,6,0,56,5
2020-04-08,Mexico,NA,Michoacan,4371696,4,1,60,6
2020-04-09,Mexico,NA,Michoacan,4371696,9,1,69,7
2020-04-10,Mexico,NA,Michoacan,4371696,3,1,72,8
2020-04-11,Mexico,NA,Michoacan,4371696,2,1,74,9
2020-04-12,Mexico,NA,Michoacan,4371696,4,0,78,9
2020-04-13,Mexico,NA,Michoacan,4371696,13,4,91,13
2020-04-14,Mexico,NA,Michoacan,4371696,16,2,107,15
2020-04-15,Mexico,NA,Michoacan,4371696,9,1,116,16
2020-04-16,Mexico,NA,Michoacan,4371696,8,2,124,18
2020-04-17,Mexico,NA,Michoacan,4371696,14,0,138,18
2020-04-18,Mexico,NA,Michoacan,4371696,7,1,145,19
2020-04-19,Mexico,NA,Michoacan,4371696,8,2,153,21
2020-04-20,Mexico,NA,Michoacan,4371696,28,4,181,25
2020-04-21,Mexico,NA,Michoacan,4371696,12,0,193,25
2020-04-22,Mexico,NA,Michoacan,4371696,12,1,205,26
2020-04-23,Mexico,NA,Michoacan,4371696,20,3,225,29
2020-04-24,Mexico,NA,Michoacan,4371696,23,2,248,31
2020-04-25,Mexico,NA,Michoacan,4371696,27,4,275,35
2020-04-26,Mexico,NA,Michoacan,4371696,20,3,295,38
2020-04-27,Mexico,NA,Michoacan,4371696,32,1,327,39
2020-04-28,Mexico,NA,Michoacan,4371696,29,3,356,42
2020-04-29,Mexico,NA,Michoacan,4371696,23,5,379,47
2020-04-30,Mexico,NA,Michoacan,4371696,26,5,405,52
2020-05-01,Mexico,NA,Michoacan,4371696,24,2,429,54
2020-05-02,Mexico,NA,Michoacan,4371696,16,1,445,55
2020-05-03,Mexico,NA,Michoacan,4371696,27,1,472,56
2020-05-04,Mexico,NA,Michoacan,4371696,43,4,515,60
2020-05-05,Mexico,NA,Michoacan,4371696,21,5,536,65
2020-05-06,Mexico,NA,Michoacan,4371696,35,0,571,65
2020-05-07,Mexico,NA,Michoacan,4371696,29,2,600,67
2020-05-08,Mexico,NA,Michoacan,4371696,43,4,643,71
2020-05-09,Mexico,NA,Michoacan,4371696,45,4,688,75
2020-05-10,Mexico,NA,Michoacan,4371696,25,3,713,78
2020-05-11,Mexico,NA,Michoacan,4371696,69,3,782,81
2020-05-12,Mexico,NA,Michoacan,4371696,58,2,840,83
2020-05-13,Mexico,NA,Michoacan,4371696,101,6,941,89
2020-05-14,Mexico,NA,Michoacan,4371696,77,10,1018,99
2020-05-15,Mexico,NA,Michoacan,4371696,103,4,1121,103
2020-05-16,Mexico,NA,Michoacan,4371696,43,6,1164,109
2020-05-17,Mexico,NA,Michoacan,4371696,27,7,1191,116
2020-05-18,Mexico,NA,Michoacan,4371696,67,4,1258,120
2020-05-19,Mexico,NA,Michoacan,4371696,66,8,1324,128
2020-05-20,Mexico,NA,Michoacan,4371696,101,9,1425,137
2020-05-21,Mexico,NA,Michoacan,4371696,79,10,1504,147
2020-05-22,Mexico,NA,Michoacan,4371696,95,7,1599,154
2020-05-23,Mexico,NA,Michoacan,4371696,21,4,1620,158
2020-05-24,Mexico,NA,Michoacan,4371696,35,9,1655,167
2020-05-25,Mexico,NA,Michoacan,4371696,119,11,1774,178
2020-05-26,Mexico,NA,Michoacan,4371696,101,6,1875,184
2020-05-27,Mexico,NA,Michoacan,4371696,90,12,1965,196
2020-05-28,Mexico,NA,Michoacan,4371696,112,8,2077,204
2020-05-29,Mexico,NA,Michoacan,4371696,128,3,2205,207
2020-05-30,Mexico,NA,Michoacan,4371696,47,4,2252,211
2020-05-31,Mexico,NA,Michoacan,4371696,46,8,2298,219
2020-06-01,Mexico,NA,Michoacan,4371696,168,8,2466,227
2020-06-02,Mexico,NA,Michoacan,4371696,126,6,2592,233
2020-06-03,Mexico,NA,Michoacan,4371696,148,7,2740,240
2020-06-04,Mexico,NA,Michoacan,4371696,143,14,2883,254
2020-06-05,Mexico,NA,Michoacan,4371696,131,7,3014,261
2020-06-06,Mexico,NA,Michoacan,4371696,72,9,3086,270
2020-06-07,Mexico,NA,Michoacan,4371696,39,7,3125,277
2020-06-08,Mexico,NA,Michoacan,4371696,190,12,3315,289
2020-06-09,Mexico,NA,Michoacan,4371696,196,8,3511,297
2020-06-10,Mexico,NA,Michoacan,4371696,152,11,3663,308
2020-06-11,Mexico,NA,Michoacan,4371696,172,12,3835,320
2020-06-12,Mexico,NA,Michoacan,4371696,196,9,4031,329
2020-06-13,Mexico,NA,Michoacan,4371696,79,14,4110,343
2020-06-14,Mexico,NA,Michoacan,4371696,48,18,4158,361
2020-06-15,Mexico,NA,Michoacan,4371696,203,20,4361,381
2020-06-16,Mexico,NA,Michoacan,4371696,194,16,4555,397
2020-06-17,Mexico,NA,Michoacan,4371696,200,24,4755,421
2020-06-18,Mexico,NA,Michoacan,4371696,164,12,4919,433
2020-06-19,Mexico,NA,Michoacan,4371696,244,14,5163,447
2020-06-20,Mexico,NA,Michoacan,4371696,122,14,5285,461
2020-06-21,Mexico,NA,Michoacan,4371696,50,10,5335,471
2020-06-22,Mexico,NA,Michoacan,4371696,218,8,5553,479
2020-06-23,Mexico,NA,Michoacan,4371696,196,10,5749,489
2020-06-24,Mexico,NA,Michoacan,4371696,168,10,5917,499
2020-06-25,Mexico,NA,Michoacan,4371696,155,6,6072,505
2020-06-26,Mexico,NA,Michoacan,4371696,104,8,6176,513
2020-06-27,Mexico,NA,Michoacan,4371696,70,17,6246,530
2020-06-28,Mexico,NA,Michoacan,4371696,29,11,6275,541
2020-06-29,Mexico,NA,Michoacan,4371696,171,6,6446,547
2020-06-30,Mexico,NA,Michoacan,4371696,166,7,6612,554
2020-07-01,Mexico,NA,Michoacan,4371696,116,12,6728,566
2020-07-02,Mexico,NA,Michoacan,4371696,119,9,6847,575
2020-07-03,Mexico,NA,Michoacan,4371696,126,5,6973,580
2020-07-04,Mexico,NA,Michoacan,4371696,43,8,7016,588
2020-07-05,Mexico,NA,Michoacan,4371696,33,10,7049,598
2020-07-06,Mexico,NA,Michoacan,4371696,137,10,7186,608
2020-07-07,Mexico,NA,Michoacan,4371696,127,7,7313,615
2020-07-08,Mexico,NA,Michoacan,4371696,121,10,7434,625
2020-07-09,Mexico,NA,Michoacan,4371696,113,5,7547,630
2020-07-10,Mexico,NA,Michoacan,4371696,115,8,7662,638
2020-07-11,Mexico,NA,Michoacan,4371696,68,15,7730,653
2020-07-12,Mexico,NA,Michoacan,4371696,42,10,7772,663
2020-07-13,Mexico,NA,Michoacan,4371696,143,12,7915,675
2020-07-14,Mexico,NA,Michoacan,4371696,141,8,8056,683
2020-07-15,Mexico,NA,Michoacan,4371696,131,14,8187,697
2020-07-16,Mexico,NA,Michoacan,4371696,119,6,8306,703
2020-07-17,Mexico,NA,Michoacan,4371696,158,13,8464,716
2020-07-18,Mexico,NA,Michoacan,4371696,84,4,8548,720
2020-07-19,Mexico,NA,Michoacan,4371696,46,5,8594,725
2020-07-20,Mexico,NA,Michoacan,4371696,191,5,8785,730
2020-07-21,Mexico,NA,Michoacan,4371696,170,3,8955,733
2020-07-22,Mexico,NA,Michoacan,4371696,163,5,9118,738
2020-07-23,Mexico,NA,Michoacan,4371696,188,8,9306,746
2020-07-24,Mexico,NA,Michoacan,4371696,181,11,9487,757
2020-07-25,Mexico,NA,Michoacan,4371696,79,15,9566,772
2020-07-26,Mexico,NA,Michoacan,4371696,59,17,9625,789
2020-07-27,Mexico,NA,Michoacan,4371696,204,13,9829,802
2020-07-28,Mexico,NA,Michoacan,4371696,232,11,10061,813
2020-07-29,Mexico,NA,Michoacan,4371696,205,15,10266,828
2020-07-30,Mexico,NA,Michoacan,4371696,176,8,10442,836
2020-07-31,Mexico,NA,Michoacan,4371696,174,8,10616,844
2020-08-01,Mexico,NA,Michoacan,4371696,74,18,10690,862
2020-08-02,Mexico,NA,Michoacan,4371696,46,8,10736,870
2020-08-03,Mexico,NA,Michoacan,4371696,202,18,10938,888
2020-08-04,Mexico,NA,Michoacan,4371696,189,7,11127,895
2020-08-05,Mexico,NA,Michoacan,4371696,196,10,11323,905
2020-08-06,Mexico,NA,Michoacan,4371696,199,12,11522,917
2020-08-07,Mexico,NA,Michoacan,4371696,204,15,11726,932
2020-08-08,Mexico,NA,Michoacan,4371696,87,15,11813,947
2020-08-09,Mexico,NA,Michoacan,4371696,67,19,11880,966
2020-08-10,Mexico,NA,Michoacan,4371696,246,16,12126,982
2020-08-11,Mexico,NA,Michoacan,4371696,260,14,12386,996
2020-08-12,Mexico,NA,Michoacan,4371696,192,16,12578,1012
2020-08-13,Mexico,NA,Michoacan,4371696,166,9,12744,1021
2020-08-14,Mexico,NA,Michoacan,4371696,203,11,12947,1032
2020-08-15,Mexico,NA,Michoacan,4371696,81,14,13028,1046
2020-08-16,Mexico,NA,Michoacan,4371696,59,14,13087,1060
2020-08-17,Mexico,NA,Michoacan,4371696,274,20,13361,1080
2020-08-18,Mexico,NA,Michoacan,4371696,244,13,13605,1093
2020-08-19,Mexico,NA,Michoacan,4371696,217,17,13822,1110
2020-08-20,Mexico,NA,Michoacan,4371696,233,6,14055,1116
2020-08-21,Mexico,NA,Michoacan,4371696,204,16,14259,1132
2020-08-22,Mexico,NA,Michoacan,4371696,83,16,14342,1148
2020-08-23,Mexico,NA,Michoacan,4371696,68,18,14410,1166
2020-08-24,Mexico,NA,Michoacan,4371696,282,11,14692,1177
2020-08-25,Mexico,NA,Michoacan,4371696,239,13,14931,1190
2020-08-26,Mexico,NA,Michoacan,4371696,214,15,15145,1205
2020-08-27,Mexico,NA,Michoacan,4371696,213,11,15358,1216
2020-08-28,Mexico,NA,Michoacan,4371696,215,19,15573,1235
2020-08-29,Mexico,NA,Michoacan,4371696,81,19,15654,1254
2020-08-30,Mexico,NA,Michoacan,4371696,75,16,15729,1270
2020-08-31,Mexico,NA,Michoacan,4371696,281,14,16010,1284
2020-09-01,Mexico,NA,Michoacan,4371696,267,17,16277,1301
2020-09-02,Mexico,NA,Michoacan,4371696,235,12,16512,1313
2020-09-03,Mexico,NA,Michoacan,4371696,231,23,16743,1336
2020-09-04,Mexico,NA,Michoacan,4371696,190,13,16933,1349
2020-09-05,Mexico,NA,Michoacan,4371696,80,9,17013,1358
2020-09-06,Mexico,NA,Michoacan,4371696,57,14,17070,1372
2020-09-07,Mexico,NA,Michoacan,4371696,245,8,17315,1380
2020-09-08,Mexico,NA,Michoacan,4371696,238,12,17553,1392
2020-09-09,Mexico,NA,Michoacan,4371696,210,12,17763,1404
2020-09-10,Mexico,NA,Michoacan,4371696,201,16,17964,1420
2020-09-11,Mexico,NA,Michoacan,4371696,57,8,18021,1428
2020-09-12,Mexico,NA,Michoacan,4371696,7,12,18028,1440
2020-09-13,Mexico,NA,Michoacan,4371696,1,5,18029,1445
2020-09-14,Mexico,NA,Michoacan,4371696,2,6,18031,1451
2020-03-24,Mexico,NA,Morelos,1781720,3,0,11,0
2020-03-28,Mexico,NA,Morelos,1781720,3,1,14,1
2020-03-29,Mexico,NA,Morelos,1781720,1,1,15,2
2020-03-30,Mexico,NA,Morelos,1781720,1,0,16,2
2020-03-31,Mexico,NA,Morelos,1781720,1,1,17,3
2020-04-01,Mexico,NA,Morelos,1781720,3,1,20,4
2020-04-02,Mexico,NA,Morelos,1781720,8,0,28,4
2020-04-03,Mexico,NA,Morelos,1781720,1,0,29,4
2020-04-04,Mexico,NA,Morelos,1781720,3,0,32,4
2020-04-05,Mexico,NA,Morelos,1781720,3,0,35,4
2020-04-06,Mexico,NA,Morelos,1781720,8,1,43,5
2020-04-07,Mexico,NA,Morelos,1781720,7,1,50,6
2020-04-08,Mexico,NA,Morelos,1781720,6,1,56,7
2020-04-09,Mexico,NA,Morelos,1781720,8,0,64,7
2020-04-10,Mexico,NA,Morelos,1781720,3,1,67,8
2020-04-11,Mexico,NA,Morelos,1781720,2,0,69,8
2020-04-12,Mexico,NA,Morelos,1781720,4,0,73,8
2020-04-13,Mexico,NA,Morelos,1781720,9,3,82,11
2020-04-14,Mexico,NA,Morelos,1781720,11,1,93,12
2020-04-15,Mexico,NA,Morelos,1781720,10,2,103,14
2020-04-16,Mexico,NA,Morelos,1781720,8,1,111,15
2020-04-17,Mexico,NA,Morelos,1781720,12,3,123,18
2020-04-18,Mexico,NA,Morelos,1781720,9,0,132,18
2020-04-19,Mexico,NA,Morelos,1781720,18,4,150,22
2020-04-20,Mexico,NA,Morelos,1781720,33,6,183,28
2020-04-21,Mexico,NA,Morelos,1781720,22,6,205,34
2020-04-22,Mexico,NA,Morelos,1781720,32,8,237,42
2020-04-23,Mexico,NA,Morelos,1781720,30,6,267,48
2020-04-24,Mexico,NA,Morelos,1781720,36,4,303,52
2020-04-25,Mexico,NA,Morelos,1781720,14,7,317,59
2020-04-26,Mexico,NA,Morelos,1781720,34,8,351,67
2020-04-27,Mexico,NA,Morelos,1781720,48,7,399,74
2020-04-28,Mexico,NA,Morelos,1781720,30,9,429,83
2020-04-29,Mexico,NA,Morelos,1781720,50,11,479,94
2020-04-30,Mexico,NA,Morelos,1781720,41,8,520,102
2020-05-01,Mexico,NA,Morelos,1781720,35,15,555,117
2020-05-02,Mexico,NA,Morelos,1781720,29,16,584,133
2020-05-03,Mexico,NA,Morelos,1781720,50,12,634,145
2020-05-04,Mexico,NA,Morelos,1781720,56,20,690,165
2020-05-05,Mexico,NA,Morelos,1781720,53,16,743,181
2020-05-06,Mexico,NA,Morelos,1781720,56,14,799,195
2020-05-07,Mexico,NA,Morelos,1781720,49,12,848,207
2020-05-08,Mexico,NA,Morelos,1781720,44,13,892,220
2020-05-09,Mexico,NA,Morelos,1781720,27,13,919,233
2020-05-10,Mexico,NA,Morelos,1781720,32,16,951,249
2020-05-11,Mexico,NA,Morelos,1781720,64,16,1015,265
2020-05-12,Mexico,NA,Morelos,1781720,58,12,1073,277
2020-05-13,Mexico,NA,Morelos,1781720,60,22,1133,299
2020-05-14,Mexico,NA,Morelos,1781720,43,10,1176,309
2020-05-15,Mexico,NA,Morelos,1781720,54,10,1230,319
2020-05-16,Mexico,NA,Morelos,1781720,28,9,1258,328
2020-05-17,Mexico,NA,Morelos,1781720,26,10,1284,338
2020-05-18,Mexico,NA,Morelos,1781720,48,15,1332,353
2020-05-19,Mexico,NA,Morelos,1781720,54,18,1386,371
2020-05-20,Mexico,NA,Morelos,1781720,48,22,1434,393
2020-05-21,Mexico,NA,Morelos,1781720,53,15,1487,408
2020-05-22,Mexico,NA,Morelos,1781720,64,9,1551,417
2020-05-23,Mexico,NA,Morelos,1781720,25,15,1576,432
2020-05-24,Mexico,NA,Morelos,1781720,21,7,1597,439
2020-05-25,Mexico,NA,Morelos,1781720,69,9,1666,448
2020-05-26,Mexico,NA,Morelos,1781720,75,10,1741,458
2020-05-27,Mexico,NA,Morelos,1781720,41,6,1782,464
2020-05-28,Mexico,NA,Morelos,1781720,61,7,1843,471
2020-05-29,Mexico,NA,Morelos,1781720,51,5,1894,476
2020-05-30,Mexico,NA,Morelos,1781720,27,7,1921,483
2020-05-31,Mexico,NA,Morelos,1781720,31,12,1952,495
2020-06-01,Mexico,NA,Morelos,1781720,63,13,2015,508
2020-06-02,Mexico,NA,Morelos,1781720,51,13,2066,521
2020-06-03,Mexico,NA,Morelos,1781720,56,6,2122,527
2020-06-04,Mexico,NA,Morelos,1781720,46,7,2168,534
2020-06-05,Mexico,NA,Morelos,1781720,58,8,2226,542
2020-06-06,Mexico,NA,Morelos,1781720,26,11,2252,553
2020-06-07,Mexico,NA,Morelos,1781720,21,9,2273,562
2020-06-08,Mexico,NA,Morelos,1781720,88,9,2361,571
2020-06-09,Mexico,NA,Morelos,1781720,56,9,2417,580
2020-06-10,Mexico,NA,Morelos,1781720,53,12,2470,592
2020-06-11,Mexico,NA,Morelos,1781720,58,9,2528,601
2020-06-12,Mexico,NA,Morelos,1781720,58,8,2586,609
2020-06-13,Mexico,NA,Morelos,1781720,38,10,2624,619
2020-06-14,Mexico,NA,Morelos,1781720,31,11,2655,630
2020-06-15,Mexico,NA,Morelos,1781720,64,7,2719,637
2020-06-16,Mexico,NA,Morelos,1781720,59,11,2778,648
2020-06-17,Mexico,NA,Morelos,1781720,47,7,2825,655
2020-06-18,Mexico,NA,Morelos,1781720,38,5,2863,660
2020-06-19,Mexico,NA,Morelos,1781720,61,9,2924,669
2020-06-20,Mexico,NA,Morelos,1781720,21,3,2945,672
2020-06-21,Mexico,NA,Morelos,1781720,17,9,2962,681
2020-06-22,Mexico,NA,Morelos,1781720,34,7,2996,688
2020-06-23,Mexico,NA,Morelos,1781720,43,9,3039,697
2020-06-24,Mexico,NA,Morelos,1781720,59,4,3098,701
2020-06-25,Mexico,NA,Morelos,1781720,29,1,3127,702
2020-06-26,Mexico,NA,Morelos,1781720,36,8,3163,710
2020-06-27,Mexico,NA,Morelos,1781720,15,3,3178,713
2020-06-28,Mexico,NA,Morelos,1781720,18,4,3196,717
2020-06-29,Mexico,NA,Morelos,1781720,53,9,3249,726
2020-06-30,Mexico,NA,Morelos,1781720,30,6,3279,732
2020-07-01,Mexico,NA,Morelos,1781720,39,8,3318,740
2020-07-02,Mexico,NA,Morelos,1781720,36,4,3354,744
2020-07-03,Mexico,NA,Morelos,1781720,35,6,3389,750
2020-07-04,Mexico,NA,Morelos,1781720,11,5,3400,755
2020-07-05,Mexico,NA,Morelos,1781720,12,4,3412,759
2020-07-06,Mexico,NA,Morelos,1781720,41,3,3453,762
2020-07-07,Mexico,NA,Morelos,1781720,38,3,3491,765
2020-07-08,Mexico,NA,Morelos,1781720,24,4,3515,769
2020-07-09,Mexico,NA,Morelos,1781720,34,4,3549,773
2020-07-10,Mexico,NA,Morelos,1781720,38,7,3587,780
2020-07-11,Mexico,NA,Morelos,1781720,14,4,3601,784
2020-07-12,Mexico,NA,Morelos,1781720,17,2,3618,786
2020-07-13,Mexico,NA,Morelos,1781720,50,7,3668,793
2020-07-14,Mexico,NA,Morelos,1781720,42,4,3710,797
2020-07-15,Mexico,NA,Morelos,1781720,38,3,3748,800
2020-07-16,Mexico,NA,Morelos,1781720,39,5,3787,805
2020-07-17,Mexico,NA,Morelos,1781720,40,4,3827,809
2020-07-18,Mexico,NA,Morelos,1781720,13,3,3840,812
2020-07-19,Mexico,NA,Morelos,1781720,15,8,3855,820
2020-07-20,Mexico,NA,Morelos,1781720,47,3,3902,823
2020-07-21,Mexico,NA,Morelos,1781720,41,5,3943,828
2020-07-22,Mexico,NA,Morelos,1781720,35,1,3978,829
2020-07-23,Mexico,NA,Morelos,1781720,39,4,4017,833
2020-07-24,Mexico,NA,Morelos,1781720,36,12,4053,845
2020-07-25,Mexico,NA,Morelos,1781720,19,4,4072,849
2020-07-26,Mexico,NA,Morelos,1781720,20,3,4092,852
2020-07-27,Mexico,NA,Morelos,1781720,50,2,4142,854
2020-07-28,Mexico,NA,Morelos,1781720,48,3,4190,857
2020-07-29,Mexico,NA,Morelos,1781720,44,2,4234,859
2020-07-30,Mexico,NA,Morelos,1781720,49,2,4283,861
2020-07-31,Mexico,NA,Morelos,1781720,47,3,4330,864
2020-08-01,Mexico,NA,Morelos,1781720,19,4,4349,868
2020-08-02,Mexico,NA,Morelos,1781720,18,3,4367,871
2020-08-03,Mexico,NA,Morelos,1781720,39,10,4406,881
2020-08-04,Mexico,NA,Morelos,1781720,50,7,4456,888
2020-08-05,Mexico,NA,Morelos,1781720,32,5,4488,893
2020-08-06,Mexico,NA,Morelos,1781720,46,9,4534,902
2020-08-07,Mexico,NA,Morelos,1781720,41,6,4575,908
2020-08-08,Mexico,NA,Morelos,1781720,15,4,4590,912
2020-08-09,Mexico,NA,Morelos,1781720,20,4,4610,916
2020-08-10,Mexico,NA,Morelos,1781720,46,5,4656,921
2020-08-11,Mexico,NA,Morelos,1781720,55,9,4711,930
2020-08-12,Mexico,NA,Morelos,1781720,45,2,4756,932
2020-08-13,Mexico,NA,Morelos,1781720,37,6,4793,938
2020-08-14,Mexico,NA,Morelos,1781720,40,4,4833,942
2020-08-15,Mexico,NA,Morelos,1781720,20,2,4853,944
2020-08-16,Mexico,NA,Morelos,1781720,8,8,4861,952
2020-08-17,Mexico,NA,Morelos,1781720,52,5,4913,957
2020-08-18,Mexico,NA,Morelos,1781720,46,5,4959,962
2020-08-19,Mexico,NA,Morelos,1781720,29,2,4988,964
2020-08-20,Mexico,NA,Morelos,1781720,42,2,5030,966
2020-08-21,Mexico,NA,Morelos,1781720,24,3,5054,969
2020-08-22,Mexico,NA,Morelos,1781720,16,3,5070,972
2020-08-23,Mexico,NA,Morelos,1781720,7,5,5077,977
2020-08-24,Mexico,NA,Morelos,1781720,48,3,5125,980
2020-08-25,Mexico,NA,Morelos,1781720,47,6,5172,986
2020-08-26,Mexico,NA,Morelos,1781720,34,6,5206,992
2020-08-27,Mexico,NA,Morelos,1781720,41,2,5247,994
2020-08-28,Mexico,NA,Morelos,1781720,37,5,5284,999
2020-08-29,Mexico,NA,Morelos,1781720,11,3,5295,1002
2020-08-30,Mexico,NA,Morelos,1781720,6,4,5301,1006
2020-08-31,Mexico,NA,Morelos,1781720,49,6,5350,1012
2020-09-01,Mexico,NA,Morelos,1781720,31,1,5381,1013
2020-09-02,Mexico,NA,Morelos,1781720,28,5,5409,1018
2020-09-03,Mexico,NA,Morelos,1781720,23,4,5432,1022
2020-09-04,Mexico,NA,Morelos,1781720,21,3,5453,1025
2020-09-05,Mexico,NA,Morelos,1781720,9,2,5462,1027
2020-09-06,Mexico,NA,Morelos,1781720,2,2,5464,1029
2020-09-07,Mexico,NA,Morelos,1781720,24,5,5488,1034
2020-09-08,Mexico,NA,Morelos,1781720,17,0,5505,1034
2020-09-09,Mexico,NA,Morelos,1781720,27,2,5532,1036
2020-09-10,Mexico,NA,Morelos,1781720,29,2,5561,1038
2020-09-11,Mexico,NA,Morelos,1781720,9,1,5570,1039
2020-09-12,Mexico,NA,Morelos,1781720,1,1,5571,1040
2020-04-03,Mexico,NA,Nayarit,1093466,1,0,11,1
2020-04-04,Mexico,NA,Nayarit,1093466,4,0,15,1
2020-04-05,Mexico,NA,Nayarit,1093466,2,0,17,1
2020-04-06,Mexico,NA,Nayarit,1093466,2,0,19,1
2020-04-07,Mexico,NA,Nayarit,1093466,2,0,21,1
2020-04-08,Mexico,NA,Nayarit,1093466,2,3,23,4
2020-04-09,Mexico,NA,Nayarit,1093466,2,1,25,5
2020-04-11,Mexico,NA,Nayarit,1093466,2,0,27,5
2020-04-12,Mexico,NA,Nayarit,1093466,4,1,31,6
2020-04-13,Mexico,NA,Nayarit,1093466,4,0,35,6
2020-04-14,Mexico,NA,Nayarit,1093466,2,0,37,6
2020-04-15,Mexico,NA,Nayarit,1093466,2,0,39,6
2020-04-16,Mexico,NA,Nayarit,1093466,3,0,42,6
2020-04-17,Mexico,NA,Nayarit,1093466,4,1,46,7
2020-04-18,Mexico,NA,Nayarit,1093466,3,0,49,7
2020-04-19,Mexico,NA,Nayarit,1093466,2,0,51,7
2020-04-20,Mexico,NA,Nayarit,1093466,1,2,52,9
2020-04-21,Mexico,NA,Nayarit,1093466,4,0,56,9
2020-04-22,Mexico,NA,Nayarit,1093466,4,0,60,9
2020-04-23,Mexico,NA,Nayarit,1093466,6,0,66,9
2020-04-24,Mexico,NA,Nayarit,1093466,4,0,70,9
2020-04-25,Mexico,NA,Nayarit,1093466,3,0,73,9
2020-04-26,Mexico,NA,Nayarit,1093466,6,1,79,10
2020-04-27,Mexico,NA,Nayarit,1093466,11,1,90,11
2020-04-28,Mexico,NA,Nayarit,1093466,15,0,105,11
2020-04-29,Mexico,NA,Nayarit,1093466,6,0,111,11
2020-04-30,Mexico,NA,Nayarit,1093466,13,0,124,11
2020-05-01,Mexico,NA,Nayarit,1093466,7,0,131,11
2020-05-02,Mexico,NA,Nayarit,1093466,15,1,146,12
2020-05-03,Mexico,NA,Nayarit,1093466,15,2,161,14
2020-05-04,Mexico,NA,Nayarit,1093466,16,3,177,17
2020-05-05,Mexico,NA,Nayarit,1093466,24,2,201,19
2020-05-06,Mexico,NA,Nayarit,1093466,17,0,218,19
2020-05-07,Mexico,NA,Nayarit,1093466,15,1,233,20
2020-05-08,Mexico,NA,Nayarit,1093466,6,1,239,21
2020-05-09,Mexico,NA,Nayarit,1093466,7,0,246,21
2020-05-10,Mexico,NA,Nayarit,1093466,9,2,255,23
2020-05-11,Mexico,NA,Nayarit,1093466,20,1,275,24
2020-05-12,Mexico,NA,Nayarit,1093466,18,0,293,24
2020-05-13,Mexico,NA,Nayarit,1093466,15,0,308,24
2020-05-14,Mexico,NA,Nayarit,1093466,19,4,327,28
2020-05-15,Mexico,NA,Nayarit,1093466,17,2,344,30
2020-05-16,Mexico,NA,Nayarit,1093466,3,2,347,32
2020-05-17,Mexico,NA,Nayarit,1093466,6,3,353,35
2020-05-18,Mexico,NA,Nayarit,1093466,18,2,371,37
2020-05-19,Mexico,NA,Nayarit,1093466,24,3,395,40
2020-05-20,Mexico,NA,Nayarit,1093466,18,0,413,40
2020-05-21,Mexico,NA,Nayarit,1093466,19,2,432,42
2020-05-22,Mexico,NA,Nayarit,1093466,26,1,458,43
2020-05-23,Mexico,NA,Nayarit,1093466,13,0,471,43
2020-05-24,Mexico,NA,Nayarit,1093466,8,2,479,45
2020-05-25,Mexico,NA,Nayarit,1093466,19,0,498,45
2020-05-26,Mexico,NA,Nayarit,1093466,29,3,527,48
2020-05-27,Mexico,NA,Nayarit,1093466,35,5,562,53
2020-05-28,Mexico,NA,Nayarit,1093466,33,6,595,59
2020-05-29,Mexico,NA,Nayarit,1093466,30,2,625,61
2020-05-30,Mexico,NA,Nayarit,1093466,22,6,647,67
2020-05-31,Mexico,NA,Nayarit,1093466,11,5,658,72
2020-06-01,Mexico,NA,Nayarit,1093466,23,1,681,73
2020-06-02,Mexico,NA,Nayarit,1093466,43,6,724,79
2020-06-03,Mexico,NA,Nayarit,1093466,34,3,758,82
2020-06-04,Mexico,NA,Nayarit,1093466,29,3,787,85
2020-06-05,Mexico,NA,Nayarit,1093466,38,0,825,85
2020-06-06,Mexico,NA,Nayarit,1093466,23,8,848,93
2020-06-07,Mexico,NA,Nayarit,1093466,16,4,864,97
2020-06-08,Mexico,NA,Nayarit,1093466,42,7,906,104
2020-06-09,Mexico,NA,Nayarit,1093466,40,5,946,109
2020-06-10,Mexico,NA,Nayarit,1093466,32,3,978,112
2020-06-11,Mexico,NA,Nayarit,1093466,45,4,1023,116
2020-06-12,Mexico,NA,Nayarit,1093466,57,1,1080,117
2020-06-13,Mexico,NA,Nayarit,1093466,27,1,1107,118
2020-06-14,Mexico,NA,Nayarit,1093466,21,8,1128,126
2020-06-15,Mexico,NA,Nayarit,1093466,49,4,1177,130
2020-06-16,Mexico,NA,Nayarit,1093466,35,5,1212,135
2020-06-17,Mexico,NA,Nayarit,1093466,42,7,1254,142
2020-06-18,Mexico,NA,Nayarit,1093466,46,5,1300,147
2020-06-19,Mexico,NA,Nayarit,1093466,44,9,1344,156
2020-06-20,Mexico,NA,Nayarit,1093466,31,9,1375,165
2020-06-21,Mexico,NA,Nayarit,1093466,33,9,1408,174
2020-06-22,Mexico,NA,Nayarit,1093466,77,3,1485,177
2020-06-23,Mexico,NA,Nayarit,1093466,49,6,1534,183
2020-06-24,Mexico,NA,Nayarit,1093466,48,5,1582,188
2020-06-25,Mexico,NA,Nayarit,1093466,43,8,1625,196
2020-06-26,Mexico,NA,Nayarit,1093466,49,1,1674,197
2020-06-27,Mexico,NA,Nayarit,1093466,44,6,1718,203
2020-06-28,Mexico,NA,Nayarit,1093466,24,8,1742,211
2020-06-29,Mexico,NA,Nayarit,1093466,59,7,1801,218
2020-06-30,Mexico,NA,Nayarit,1093466,60,4,1861,222
2020-07-01,Mexico,NA,Nayarit,1093466,61,1,1922,223
2020-07-02,Mexico,NA,Nayarit,1093466,53,1,1975,224
2020-07-03,Mexico,NA,Nayarit,1093466,60,4,2035,228
2020-07-04,Mexico,NA,Nayarit,1093466,42,3,2077,231
2020-07-05,Mexico,NA,Nayarit,1093466,19,7,2096,238
2020-07-06,Mexico,NA,Nayarit,1093466,77,7,2173,245
2020-07-07,Mexico,NA,Nayarit,1093466,63,6,2236,251
2020-07-08,Mexico,NA,Nayarit,1093466,43,5,2279,256
2020-07-09,Mexico,NA,Nayarit,1093466,60,8,2339,264
2020-07-10,Mexico,NA,Nayarit,1093466,78,4,2417,268
2020-07-11,Mexico,NA,Nayarit,1093466,42,5,2459,273
2020-07-12,Mexico,NA,Nayarit,1093466,32,6,2491,279
2020-07-13,Mexico,NA,Nayarit,1093466,74,8,2565,287
2020-07-14,Mexico,NA,Nayarit,1093466,52,6,2617,293
2020-07-15,Mexico,NA,Nayarit,1093466,63,4,2680,297
2020-07-16,Mexico,NA,Nayarit,1093466,66,5,2746,302
2020-07-17,Mexico,NA,Nayarit,1093466,61,6,2807,308
2020-07-18,Mexico,NA,Nayarit,1093466,51,4,2858,312
2020-07-19,Mexico,NA,Nayarit,1093466,39,13,2897,325
2020-07-20,Mexico,NA,Nayarit,1093466,75,5,2972,330
2020-07-21,Mexico,NA,Nayarit,1093466,73,9,3045,339
2020-07-22,Mexico,NA,Nayarit,1093466,85,7,3130,346
2020-07-23,Mexico,NA,Nayarit,1093466,65,10,3195,356
2020-07-24,Mexico,NA,Nayarit,1093466,82,1,3277,357
2020-07-25,Mexico,NA,Nayarit,1093466,33,9,3310,366
2020-07-26,Mexico,NA,Nayarit,1093466,32,8,3342,374
2020-07-27,Mexico,NA,Nayarit,1093466,78,7,3420,381
2020-07-28,Mexico,NA,Nayarit,1093466,61,9,3481,390
2020-07-29,Mexico,NA,Nayarit,1093466,50,10,3531,400
2020-07-30,Mexico,NA,Nayarit,1093466,55,6,3586,406
2020-07-31,Mexico,NA,Nayarit,1093466,63,3,3649,409
2020-08-01,Mexico,NA,Nayarit,1093466,36,7,3685,416
2020-08-02,Mexico,NA,Nayarit,1093466,30,11,3715,427
2020-08-03,Mexico,NA,Nayarit,1093466,67,6,3782,433
2020-08-04,Mexico,NA,Nayarit,1093466,68,6,3850,439
2020-08-05,Mexico,NA,Nayarit,1093466,56,7,3906,446
2020-08-06,Mexico,NA,Nayarit,1093466,54,7,3960,453
2020-08-07,Mexico,NA,Nayarit,1093466,50,3,4010,456
2020-08-08,Mexico,NA,Nayarit,1093466,45,7,4055,463
2020-08-09,Mexico,NA,Nayarit,1093466,37,7,4092,470
2020-08-10,Mexico,NA,Nayarit,1093466,67,6,4159,476
2020-08-11,Mexico,NA,Nayarit,1093466,52,3,4211,479
2020-08-12,Mexico,NA,Nayarit,1093466,72,2,4283,481
2020-08-13,Mexico,NA,Nayarit,1093466,68,6,4351,487
2020-08-14,Mexico,NA,Nayarit,1093466,53,9,4404,496
2020-08-15,Mexico,NA,Nayarit,1093466,39,11,4443,507
2020-08-16,Mexico,NA,Nayarit,1093466,25,3,4468,510
2020-08-17,Mexico,NA,Nayarit,1093466,49,9,4517,519
2020-08-18,Mexico,NA,Nayarit,1093466,55,8,4572,527
2020-08-19,Mexico,NA,Nayarit,1093466,52,6,4624,533
2020-08-20,Mexico,NA,Nayarit,1093466,34,15,4658,548
2020-08-21,Mexico,NA,Nayarit,1093466,43,4,4701,552
2020-08-22,Mexico,NA,Nayarit,1093466,33,6,4734,558
2020-08-23,Mexico,NA,Nayarit,1093466,22,3,4756,561
2020-08-24,Mexico,NA,Nayarit,1093466,85,5,4841,566
2020-08-25,Mexico,NA,Nayarit,1093466,50,8,4891,574
2020-08-26,Mexico,NA,Nayarit,1093466,53,7,4944,581
2020-08-27,Mexico,NA,Nayarit,1093466,39,8,4983,589
2020-08-28,Mexico,NA,Nayarit,1093466,30,3,5013,592
2020-08-29,Mexico,NA,Nayarit,1093466,22,6,5035,598
2020-08-30,Mexico,NA,Nayarit,1093466,27,12,5062,610
2020-08-31,Mexico,NA,Nayarit,1093466,46,4,5108,614
2020-09-01,Mexico,NA,Nayarit,1093466,54,4,5162,618
2020-09-02,Mexico,NA,Nayarit,1093466,36,4,5198,622
2020-09-03,Mexico,NA,Nayarit,1093466,47,6,5245,628
2020-09-04,Mexico,NA,Nayarit,1093466,30,8,5275,636
2020-09-05,Mexico,NA,Nayarit,1093466,20,6,5295,642
2020-09-06,Mexico,NA,Nayarit,1093466,21,2,5316,644
2020-09-07,Mexico,NA,Nayarit,1093466,56,8,5372,652
2020-09-08,Mexico,NA,Nayarit,1093466,38,5,5410,657
2020-09-09,Mexico,NA,Nayarit,1093466,38,5,5448,662
2020-09-10,Mexico,NA,Nayarit,1093466,31,1,5479,663
2020-09-11,Mexico,NA,Nayarit,1093466,22,5,5501,668
2020-09-12,Mexico,NA,Nayarit,1093466,7,5,5508,673
2020-09-13,Mexico,NA,Nayarit,1093466,16,0,5524,673
2020-09-14,Mexico,NA,Nayarit,1093466,1,5,5525,678
2020-03-13,Mexico,NA,Nuevo Leon,4666880,5,0,12,0
2020-03-14,Mexico,NA,Nuevo Leon,4666880,6,0,18,0
2020-03-16,Mexico,NA,Nuevo Leon,4666880,6,0,24,0
2020-03-17,Mexico,NA,Nuevo Leon,4666880,6,0,30,0
2020-03-18,Mexico,NA,Nuevo Leon,4666880,9,0,39,0
2020-03-19,Mexico,NA,Nuevo Leon,4666880,4,0,43,0
2020-03-20,Mexico,NA,Nuevo Leon,4666880,12,0,55,0
2020-03-21,Mexico,NA,Nuevo Leon,4666880,4,0,59,0
2020-03-22,Mexico,NA,Nuevo Leon,4666880,4,0,63,0
2020-03-23,Mexico,NA,Nuevo Leon,4666880,5,0,68,0
2020-03-24,Mexico,NA,Nuevo Leon,4666880,5,0,73,0
2020-03-26,Mexico,NA,Nuevo Leon,4666880,1,0,74,0
2020-03-27,Mexico,NA,Nuevo Leon,4666880,8,0,82,0
2020-03-28,Mexico,NA,Nuevo Leon,4666880,2,0,84,0
2020-03-29,Mexico,NA,Nuevo Leon,4666880,3,0,87,0
2020-03-30,Mexico,NA,Nuevo Leon,4666880,4,0,91,0
2020-04-02,Mexico,NA,Nuevo Leon,4666880,6,0,97,0
2020-04-03,Mexico,NA,Nuevo Leon,4666880,2,2,99,2
2020-04-04,Mexico,NA,Nuevo Leon,4666880,3,0,102,2
2020-04-05,Mexico,NA,Nuevo Leon,4666880,1,1,103,3
2020-04-06,Mexico,NA,Nuevo Leon,4666880,10,0,113,3
2020-04-07,Mexico,NA,Nuevo Leon,4666880,7,2,120,5
2020-04-08,Mexico,NA,Nuevo Leon,4666880,9,0,129,5
2020-04-09,Mexico,NA,Nuevo Leon,4666880,1,0,130,5
2020-04-10,Mexico,NA,Nuevo Leon,4666880,22,0,152,5
2020-04-11,Mexico,NA,Nuevo Leon,4666880,8,0,160,5
2020-04-12,Mexico,NA,Nuevo Leon,4666880,15,0,175,5
2020-04-13,Mexico,NA,Nuevo Leon,4666880,20,1,195,6
2020-04-14,Mexico,NA,Nuevo Leon,4666880,18,0,213,6
2020-04-15,Mexico,NA,Nuevo Leon,4666880,6,0,219,6
2020-04-16,Mexico,NA,Nuevo Leon,4666880,12,1,231,7
2020-04-17,Mexico,NA,Nuevo Leon,4666880,9,0,240,7
2020-04-18,Mexico,NA,Nuevo Leon,4666880,6,0,246,7
2020-04-19,Mexico,NA,Nuevo Leon,4666880,2,1,248,8
2020-04-20,Mexico,NA,Nuevo Leon,4666880,12,1,260,9
2020-04-21,Mexico,NA,Nuevo Leon,4666880,17,0,277,9
2020-04-22,Mexico,NA,Nuevo Leon,4666880,17,2,294,11
2020-04-23,Mexico,NA,Nuevo Leon,4666880,6,1,300,12
2020-04-24,Mexico,NA,Nuevo Leon,4666880,6,1,306,13
2020-04-25,Mexico,NA,Nuevo Leon,4666880,6,1,312,14
2020-04-26,Mexico,NA,Nuevo Leon,4666880,8,1,320,15
2020-04-27,Mexico,NA,Nuevo Leon,4666880,20,2,340,17
2020-04-28,Mexico,NA,Nuevo Leon,4666880,27,2,367,19
2020-04-29,Mexico,NA,Nuevo Leon,4666880,22,2,389,21
2020-04-30,Mexico,NA,Nuevo Leon,4666880,28,1,417,22
2020-05-01,Mexico,NA,Nuevo Leon,4666880,27,2,444,24
2020-05-02,Mexico,NA,Nuevo Leon,4666880,22,3,466,27
2020-05-03,Mexico,NA,Nuevo Leon,4666880,9,2,475,29
2020-05-04,Mexico,NA,Nuevo Leon,4666880,40,2,515,31
2020-05-05,Mexico,NA,Nuevo Leon,4666880,63,3,578,34
2020-05-06,Mexico,NA,Nuevo Leon,4666880,26,2,604,36
2020-05-07,Mexico,NA,Nuevo Leon,4666880,24,2,628,38
2020-05-08,Mexico,NA,Nuevo Leon,4666880,30,0,658,38
2020-05-09,Mexico,NA,Nuevo Leon,4666880,27,3,685,41
2020-05-10,Mexico,NA,Nuevo Leon,4666880,21,3,706,44
2020-05-11,Mexico,NA,Nuevo Leon,4666880,42,3,748,47
2020-05-12,Mexico,NA,Nuevo Leon,4666880,36,4,784,51
2020-05-13,Mexico,NA,Nuevo Leon,4666880,68,4,852,55
2020-05-14,Mexico,NA,Nuevo Leon,4666880,38,3,890,58
2020-05-15,Mexico,NA,Nuevo Leon,4666880,76,4,966,62
2020-05-16,Mexico,NA,Nuevo Leon,4666880,30,3,996,65
2020-05-17,Mexico,NA,Nuevo Leon,4666880,11,3,1007,68
2020-05-18,Mexico,NA,Nuevo Leon,4666880,46,4,1053,72
2020-05-19,Mexico,NA,Nuevo Leon,4666880,39,5,1092,77
2020-05-20,Mexico,NA,Nuevo Leon,4666880,61,6,1153,83
2020-05-21,Mexico,NA,Nuevo Leon,4666880,35,3,1188,86
2020-05-22,Mexico,NA,Nuevo Leon,4666880,50,3,1238,89
2020-05-23,Mexico,NA,Nuevo Leon,4666880,35,2,1273,91
2020-05-24,Mexico,NA,Nuevo Leon,4666880,26,1,1299,92
2020-05-25,Mexico,NA,Nuevo Leon,4666880,81,9,1380,101
2020-05-26,Mexico,NA,Nuevo Leon,4666880,118,5,1498,106
2020-05-27,Mexico,NA,Nuevo Leon,4666880,69,4,1567,110
2020-05-28,Mexico,NA,Nuevo Leon,4666880,63,4,1630,114
2020-05-29,Mexico,NA,Nuevo Leon,4666880,68,6,1698,120
2020-05-30,Mexico,NA,Nuevo Leon,4666880,42,3,1740,123
2020-05-31,Mexico,NA,Nuevo Leon,4666880,21,2,1761,125
2020-06-01,Mexico,NA,Nuevo Leon,4666880,84,4,1845,129
2020-06-02,Mexico,NA,Nuevo Leon,4666880,94,2,1939,131
2020-06-03,Mexico,NA,Nuevo Leon,4666880,75,8,2014,139
2020-06-04,Mexico,NA,Nuevo Leon,4666880,131,10,2145,149
2020-06-05,Mexico,NA,Nuevo Leon,4666880,147,3,2292,152
2020-06-06,Mexico,NA,Nuevo Leon,4666880,77,7,2369,159
2020-06-07,Mexico,NA,Nuevo Leon,4666880,43,3,2412,162
2020-06-08,Mexico,NA,Nuevo Leon,4666880,203,5,2615,167
2020-06-09,Mexico,NA,Nuevo Leon,4666880,154,6,2769,173
2020-06-10,Mexico,NA,Nuevo Leon,4666880,221,7,2990,180
2020-06-11,Mexico,NA,Nuevo Leon,4666880,199,5,3189,185
2020-06-12,Mexico,NA,Nuevo Leon,4666880,244,10,3433,195
2020-06-13,Mexico,NA,Nuevo Leon,4666880,165,10,3598,205
2020-06-14,Mexico,NA,Nuevo Leon,4666880,104,6,3702,211
2020-06-15,Mexico,NA,Nuevo Leon,4666880,276,13,3978,224
2020-06-16,Mexico,NA,Nuevo Leon,4666880,215,11,4193,235
2020-06-17,Mexico,NA,Nuevo Leon,4666880,179,11,4372,246
2020-06-18,Mexico,NA,Nuevo Leon,4666880,230,11,4602,257
2020-06-19,Mexico,NA,Nuevo Leon,4666880,212,10,4814,267
2020-06-20,Mexico,NA,Nuevo Leon,4666880,173,7,4987,274
2020-06-21,Mexico,NA,Nuevo Leon,4666880,103,14,5090,288
2020-06-22,Mexico,NA,Nuevo Leon,4666880,295,13,5385,301
2020-06-23,Mexico,NA,Nuevo Leon,4666880,310,11,5695,312
2020-06-24,Mexico,NA,Nuevo Leon,4666880,305,11,6000,323
2020-06-25,Mexico,NA,Nuevo Leon,4666880,315,10,6315,333
2020-06-26,Mexico,NA,Nuevo Leon,4666880,326,21,6641,354
2020-06-27,Mexico,NA,Nuevo Leon,4666880,210,13,6851,367
2020-06-28,Mexico,NA,Nuevo Leon,4666880,175,14,7026,381
2020-06-29,Mexico,NA,Nuevo Leon,4666880,405,16,7431,397
2020-06-30,Mexico,NA,Nuevo Leon,4666880,373,23,7804,420
2020-07-01,Mexico,NA,Nuevo Leon,4666880,431,20,8235,440
2020-07-02,Mexico,NA,Nuevo Leon,4666880,342,28,8577,468
2020-07-03,Mexico,NA,Nuevo Leon,4666880,346,23,8923,491
2020-07-04,Mexico,NA,Nuevo Leon,4666880,229,19,9152,510
2020-07-05,Mexico,NA,Nuevo Leon,4666880,195,28,9347,538
2020-07-06,Mexico,NA,Nuevo Leon,4666880,532,27,9879,565
2020-07-07,Mexico,NA,Nuevo Leon,4666880,491,24,10370,589
2020-07-08,Mexico,NA,Nuevo Leon,4666880,454,24,10824,613
2020-07-09,Mexico,NA,Nuevo Leon,4666880,495,27,11319,640
2020-07-10,Mexico,NA,Nuevo Leon,4666880,460,17,11779,657
2020-07-11,Mexico,NA,Nuevo Leon,4666880,317,23,12096,680
2020-07-12,Mexico,NA,Nuevo Leon,4666880,239,26,12335,706
2020-07-13,Mexico,NA,Nuevo Leon,4666880,572,33,12907,739
2020-07-14,Mexico,NA,Nuevo Leon,4666880,576,30,13483,769
2020-07-15,Mexico,NA,Nuevo Leon,4666880,577,40,14060,809
2020-07-16,Mexico,NA,Nuevo Leon,4666880,560,30,14620,839
2020-07-17,Mexico,NA,Nuevo Leon,4666880,516,29,15136,868
2020-07-18,Mexico,NA,Nuevo Leon,4666880,245,37,15381,905
2020-07-19,Mexico,NA,Nuevo Leon,4666880,190,33,15571,938
2020-07-20,Mexico,NA,Nuevo Leon,4666880,565,29,16136,967
2020-07-21,Mexico,NA,Nuevo Leon,4666880,579,36,16715,1003
2020-07-22,Mexico,NA,Nuevo Leon,4666880,523,42,17238,1045
2020-07-23,Mexico,NA,Nuevo Leon,4666880,603,37,17841,1082
2020-07-24,Mexico,NA,Nuevo Leon,4666880,542,40,18383,1122
2020-07-25,Mexico,NA,Nuevo Leon,4666880,269,28,18652,1150
2020-07-26,Mexico,NA,Nuevo Leon,4666880,133,36,18785,1186
2020-07-27,Mexico,NA,Nuevo Leon,4666880,214,46,18999,1232
2020-07-28,Mexico,NA,Nuevo Leon,4666880,361,48,19360,1280
2020-07-29,Mexico,NA,Nuevo Leon,4666880,294,29,19654,1309
2020-07-30,Mexico,NA,Nuevo Leon,4666880,348,31,20002,1340
2020-07-31,Mexico,NA,Nuevo Leon,4666880,329,31,20331,1371
2020-08-01,Mexico,NA,Nuevo Leon,4666880,123,33,20454,1404
2020-08-02,Mexico,NA,Nuevo Leon,4666880,106,36,20560,1440
2020-08-03,Mexico,NA,Nuevo Leon,4666880,365,31,20925,1471
2020-08-04,Mexico,NA,Nuevo Leon,4666880,396,37,21321,1508
2020-08-05,Mexico,NA,Nuevo Leon,4666880,367,40,21688,1548
2020-08-06,Mexico,NA,Nuevo Leon,4666880,357,43,22045,1591
2020-08-07,Mexico,NA,Nuevo Leon,4666880,395,46,22440,1637
2020-08-08,Mexico,NA,Nuevo Leon,4666880,203,27,22643,1664
2020-08-09,Mexico,NA,Nuevo Leon,4666880,155,45,22798,1709
2020-08-10,Mexico,NA,Nuevo Leon,4666880,373,33,23171,1742
2020-08-11,Mexico,NA,Nuevo Leon,4666880,365,32,23536,1774
2020-08-12,Mexico,NA,Nuevo Leon,4666880,361,33,23897,1807
2020-08-13,Mexico,NA,Nuevo Leon,4666880,402,41,24299,1848
2020-08-14,Mexico,NA,Nuevo Leon,4666880,343,27,24642,1875
2020-08-15,Mexico,NA,Nuevo Leon,4666880,195,31,24837,1906
2020-08-16,Mexico,NA,Nuevo Leon,4666880,151,38,24988,1944
2020-08-17,Mexico,NA,Nuevo Leon,4666880,423,35,25411,1979
2020-08-18,Mexico,NA,Nuevo Leon,4666880,379,24,25790,2003
2020-08-19,Mexico,NA,Nuevo Leon,4666880,408,31,26198,2034
2020-08-20,Mexico,NA,Nuevo Leon,4666880,385,38,26583,2072
2020-08-21,Mexico,NA,Nuevo Leon,4666880,324,32,26907,2104
2020-08-22,Mexico,NA,Nuevo Leon,4666880,220,34,27127,2138
2020-08-23,Mexico,NA,Nuevo Leon,4666880,143,24,27270,2162
2020-08-24,Mexico,NA,Nuevo Leon,4666880,400,28,27670,2190
2020-08-25,Mexico,NA,Nuevo Leon,4666880,508,21,28178,2211
2020-08-26,Mexico,NA,Nuevo Leon,4666880,527,27,28705,2238
2020-08-27,Mexico,NA,Nuevo Leon,4666880,480,22,29185,2260
2020-08-28,Mexico,NA,Nuevo Leon,4666880,515,24,29700,2284
2020-08-29,Mexico,NA,Nuevo Leon,4666880,213,28,29913,2312
2020-08-30,Mexico,NA,Nuevo Leon,4666880,142,31,30055,2343
2020-08-31,Mexico,NA,Nuevo Leon,4666880,386,32,30441,2375
2020-09-01,Mexico,NA,Nuevo Leon,4666880,436,26,30877,2401
2020-09-02,Mexico,NA,Nuevo Leon,4666880,449,26,31326,2427
2020-09-03,Mexico,NA,Nuevo Leon,4666880,456,30,31782,2457
2020-09-04,Mexico,NA,Nuevo Leon,4666880,428,31,32210,2488
2020-09-05,Mexico,NA,Nuevo Leon,4666880,135,23,32345,2511
2020-09-06,Mexico,NA,Nuevo Leon,4666880,121,17,32466,2528
2020-09-07,Mexico,NA,Nuevo Leon,4666880,380,22,32846,2550
2020-09-08,Mexico,NA,Nuevo Leon,4666880,464,28,33310,2578
2020-09-09,Mexico,NA,Nuevo Leon,4666880,440,22,33750,2600
2020-09-10,Mexico,NA,Nuevo Leon,4666880,305,25,34055,2625
2020-09-11,Mexico,NA,Nuevo Leon,4666880,273,18,34328,2643
2020-09-12,Mexico,NA,Nuevo Leon,4666880,83,23,34411,2666
2020-09-13,Mexico,NA,Nuevo Leon,4666880,41,22,34452,2688
2020-09-14,Mexico,NA,Nuevo Leon,4666880,18,2,34470,2690
2020-03-25,Mexico,NA,Oaxaca,3814000,3,0,12,0
2020-03-26,Mexico,NA,Oaxaca,3814000,3,0,15,0
2020-03-27,Mexico,NA,Oaxaca,3814000,1,0,16,0
2020-03-28,Mexico,NA,Oaxaca,3814000,1,0,17,0
2020-03-29,Mexico,NA,Oaxaca,3814000,2,1,19,1
2020-03-30,Mexico,NA,Oaxaca,3814000,2,0,21,1
2020-03-31,Mexico,NA,Oaxaca,3814000,6,0,27,1
2020-04-01,Mexico,NA,Oaxaca,3814000,1,0,28,1
2020-04-03,Mexico,NA,Oaxaca,3814000,3,0,31,1
2020-04-04,Mexico,NA,Oaxaca,3814000,2,0,33,1
2020-04-05,Mexico,NA,Oaxaca,3814000,2,0,35,1
2020-04-06,Mexico,NA,Oaxaca,3814000,5,0,40,1
2020-04-08,Mexico,NA,Oaxaca,3814000,5,0,45,1
2020-04-09,Mexico,NA,Oaxaca,3814000,1,1,46,2
2020-04-10,Mexico,NA,Oaxaca,3814000,2,0,48,2
2020-04-11,Mexico,NA,Oaxaca,3814000,2,1,50,3
2020-04-12,Mexico,NA,Oaxaca,3814000,2,0,52,3
2020-04-13,Mexico,NA,Oaxaca,3814000,5,0,57,3
2020-04-14,Mexico,NA,Oaxaca,3814000,4,1,61,4
2020-04-15,Mexico,NA,Oaxaca,3814000,7,0,68,4
2020-04-16,Mexico,NA,Oaxaca,3814000,5,1,73,5
2020-04-17,Mexico,NA,Oaxaca,3814000,8,1,81,6
2020-04-18,Mexico,NA,Oaxaca,3814000,6,0,87,6
2020-04-19,Mexico,NA,Oaxaca,3814000,3,1,90,7
2020-04-20,Mexico,NA,Oaxaca,3814000,6,1,96,8
2020-04-21,Mexico,NA,Oaxaca,3814000,4,1,100,9
2020-04-22,Mexico,NA,Oaxaca,3814000,9,1,109,10
2020-04-23,Mexico,NA,Oaxaca,3814000,8,4,117,14
2020-04-24,Mexico,NA,Oaxaca,3814000,15,1,132,15
2020-04-25,Mexico,NA,Oaxaca,3814000,7,0,139,15
2020-04-26,Mexico,NA,Oaxaca,3814000,13,1,152,16
2020-04-27,Mexico,NA,Oaxaca,3814000,9,3,161,19
2020-04-28,Mexico,NA,Oaxaca,3814000,18,0,179,19
2020-04-29,Mexico,NA,Oaxaca,3814000,12,1,191,20
2020-04-30,Mexico,NA,Oaxaca,3814000,12,4,203,24
2020-05-01,Mexico,NA,Oaxaca,3814000,15,1,218,25
2020-05-02,Mexico,NA,Oaxaca,3814000,9,1,227,26
2020-05-03,Mexico,NA,Oaxaca,3814000,14,2,241,28
2020-05-04,Mexico,NA,Oaxaca,3814000,25,4,266,32
2020-05-05,Mexico,NA,Oaxaca,3814000,34,3,300,35
2020-05-06,Mexico,NA,Oaxaca,3814000,24,4,324,39
2020-05-07,Mexico,NA,Oaxaca,3814000,24,4,348,43
2020-05-08,Mexico,NA,Oaxaca,3814000,23,5,371,48
2020-05-09,Mexico,NA,Oaxaca,3814000,15,4,386,52
2020-05-10,Mexico,NA,Oaxaca,3814000,28,2,414,54
2020-05-11,Mexico,NA,Oaxaca,3814000,54,4,468,58
2020-05-12,Mexico,NA,Oaxaca,3814000,66,5,534,63
2020-05-13,Mexico,NA,Oaxaca,3814000,69,6,603,69
2020-05-14,Mexico,NA,Oaxaca,3814000,66,7,669,76
2020-05-15,Mexico,NA,Oaxaca,3814000,78,8,747,84
2020-05-16,Mexico,NA,Oaxaca,3814000,65,3,812,87
2020-05-17,Mexico,NA,Oaxaca,3814000,17,7,829,94
2020-05-18,Mexico,NA,Oaxaca,3814000,122,7,951,101
2020-05-19,Mexico,NA,Oaxaca,3814000,74,12,1025,113
2020-05-20,Mexico,NA,Oaxaca,3814000,76,5,1101,118
2020-05-21,Mexico,NA,Oaxaca,3814000,103,3,1204,121
2020-05-22,Mexico,NA,Oaxaca,3814000,83,8,1287,129
2020-05-23,Mexico,NA,Oaxaca,3814000,83,9,1370,138
2020-05-24,Mexico,NA,Oaxaca,3814000,37,14,1407,152
2020-05-25,Mexico,NA,Oaxaca,3814000,104,12,1511,164
2020-05-26,Mexico,NA,Oaxaca,3814000,80,8,1591,172
2020-05-27,Mexico,NA,Oaxaca,3814000,92,11,1683,183
2020-05-28,Mexico,NA,Oaxaca,3814000,128,9,1811,192
2020-05-29,Mexico,NA,Oaxaca,3814000,121,13,1932,205
2020-05-30,Mexico,NA,Oaxaca,3814000,114,16,2046,221
2020-05-31,Mexico,NA,Oaxaca,3814000,48,16,2094,237
2020-06-01,Mexico,NA,Oaxaca,3814000,152,14,2246,251
2020-06-02,Mexico,NA,Oaxaca,3814000,155,12,2401,263
2020-06-03,Mexico,NA,Oaxaca,3814000,145,6,2546,269
2020-06-04,Mexico,NA,Oaxaca,3814000,191,14,2737,283
2020-06-05,Mexico,NA,Oaxaca,3814000,176,5,2913,288
2020-06-06,Mexico,NA,Oaxaca,3814000,145,14,3058,302
2020-06-07,Mexico,NA,Oaxaca,3814000,55,17,3113,319
2020-06-08,Mexico,NA,Oaxaca,3814000,183,17,3296,336
2020-06-09,Mexico,NA,Oaxaca,3814000,160,24,3456,360
2020-06-10,Mexico,NA,Oaxaca,3814000,172,22,3628,382
2020-06-11,Mexico,NA,Oaxaca,3814000,156,12,3784,394
2020-06-12,Mexico,NA,Oaxaca,3814000,150,18,3934,412
2020-06-13,Mexico,NA,Oaxaca,3814000,160,26,4094,438
2020-06-14,Mexico,NA,Oaxaca,3814000,72,12,4166,450
2020-06-15,Mexico,NA,Oaxaca,3814000,199,17,4365,467
2020-06-16,Mexico,NA,Oaxaca,3814000,154,21,4519,488
2020-06-17,Mexico,NA,Oaxaca,3814000,190,21,4709,509
2020-06-18,Mexico,NA,Oaxaca,3814000,169,12,4878,521
2020-06-19,Mexico,NA,Oaxaca,3814000,165,10,5043,531
2020-06-20,Mexico,NA,Oaxaca,3814000,135,6,5178,537
2020-06-21,Mexico,NA,Oaxaca,3814000,45,16,5223,553
2020-06-22,Mexico,NA,Oaxaca,3814000,209,19,5432,572
2020-06-23,Mexico,NA,Oaxaca,3814000,183,21,5615,593
2020-06-24,Mexico,NA,Oaxaca,3814000,167,15,5782,608
2020-06-25,Mexico,NA,Oaxaca,3814000,180,12,5962,620
2020-06-26,Mexico,NA,Oaxaca,3814000,177,16,6139,636
2020-06-27,Mexico,NA,Oaxaca,3814000,139,12,6278,648
2020-06-28,Mexico,NA,Oaxaca,3814000,74,9,6352,657
2020-06-29,Mexico,NA,Oaxaca,3814000,192,5,6544,662
2020-06-30,Mexico,NA,Oaxaca,3814000,170,10,6714,672
2020-07-01,Mexico,NA,Oaxaca,3814000,218,18,6932,690
2020-07-02,Mexico,NA,Oaxaca,3814000,212,7,7144,697
2020-07-03,Mexico,NA,Oaxaca,3814000,210,11,7354,708
2020-07-04,Mexico,NA,Oaxaca,3814000,163,17,7517,725
2020-07-05,Mexico,NA,Oaxaca,3814000,52,16,7569,741
2020-07-06,Mexico,NA,Oaxaca,3814000,263,14,7832,755
2020-07-07,Mexico,NA,Oaxaca,3814000,232,16,8064,771
2020-07-08,Mexico,NA,Oaxaca,3814000,200,9,8264,780
2020-07-09,Mexico,NA,Oaxaca,3814000,166,14,8430,794
2020-07-10,Mexico,NA,Oaxaca,3814000,188,15,8618,809
2020-07-11,Mexico,NA,Oaxaca,3814000,107,10,8725,819
2020-07-12,Mexico,NA,Oaxaca,3814000,37,13,8762,832
2020-07-13,Mexico,NA,Oaxaca,3814000,168,17,8930,849
2020-07-14,Mexico,NA,Oaxaca,3814000,179,17,9109,866
2020-07-15,Mexico,NA,Oaxaca,3814000,134,15,9243,881
2020-07-16,Mexico,NA,Oaxaca,3814000,158,10,9401,891
2020-07-17,Mexico,NA,Oaxaca,3814000,144,13,9545,904
2020-07-18,Mexico,NA,Oaxaca,3814000,107,7,9652,911
2020-07-19,Mexico,NA,Oaxaca,3814000,63,18,9715,929
2020-07-20,Mexico,NA,Oaxaca,3814000,186,10,9901,939
2020-07-21,Mexico,NA,Oaxaca,3814000,172,10,10073,949
2020-07-22,Mexico,NA,Oaxaca,3814000,169,18,10242,967
2020-07-23,Mexico,NA,Oaxaca,3814000,147,13,10389,980
2020-07-24,Mexico,NA,Oaxaca,3814000,158,13,10547,993
2020-07-25,Mexico,NA,Oaxaca,3814000,114,6,10661,999
2020-07-26,Mexico,NA,Oaxaca,3814000,53,4,10714,1003
2020-07-27,Mexico,NA,Oaxaca,3814000,168,10,10882,1013
2020-07-28,Mexico,NA,Oaxaca,3814000,141,16,11023,1029
2020-07-29,Mexico,NA,Oaxaca,3814000,154,7,11177,1036
2020-07-30,Mexico,NA,Oaxaca,3814000,131,9,11308,1045
2020-07-31,Mexico,NA,Oaxaca,3814000,120,11,11428,1056
2020-08-01,Mexico,NA,Oaxaca,3814000,68,8,11496,1064
2020-08-02,Mexico,NA,Oaxaca,3814000,27,12,11523,1076
2020-08-03,Mexico,NA,Oaxaca,3814000,125,15,11648,1091
2020-08-04,Mexico,NA,Oaxaca,3814000,153,9,11801,1100
2020-08-05,Mexico,NA,Oaxaca,3814000,117,11,11918,1111
2020-08-06,Mexico,NA,Oaxaca,3814000,98,14,12016,1125
2020-08-07,Mexico,NA,Oaxaca,3814000,74,13,12090,1138
2020-08-08,Mexico,NA,Oaxaca,3814000,89,10,12179,1148
2020-08-09,Mexico,NA,Oaxaca,3814000,23,9,12202,1157
2020-08-10,Mexico,NA,Oaxaca,3814000,120,7,12322,1164
2020-08-11,Mexico,NA,Oaxaca,3814000,93,8,12415,1172
2020-08-12,Mexico,NA,Oaxaca,3814000,107,10,12522,1182
2020-08-13,Mexico,NA,Oaxaca,3814000,123,10,12645,1192
2020-08-14,Mexico,NA,Oaxaca,3814000,97,11,12742,1203
2020-08-15,Mexico,NA,Oaxaca,3814000,90,9,12832,1212
2020-08-16,Mexico,NA,Oaxaca,3814000,24,11,12856,1223
2020-08-17,Mexico,NA,Oaxaca,3814000,103,5,12959,1228
2020-08-18,Mexico,NA,Oaxaca,3814000,115,8,13074,1236
2020-08-19,Mexico,NA,Oaxaca,3814000,86,6,13160,1242
2020-08-20,Mexico,NA,Oaxaca,3814000,83,11,13243,1253
2020-08-21,Mexico,NA,Oaxaca,3814000,97,4,13340,1257
2020-08-22,Mexico,NA,Oaxaca,3814000,68,3,13408,1260
2020-08-23,Mexico,NA,Oaxaca,3814000,23,6,13431,1266
2020-08-24,Mexico,NA,Oaxaca,3814000,143,6,13574,1272
2020-08-25,Mexico,NA,Oaxaca,3814000,85,5,13659,1277
2020-08-26,Mexico,NA,Oaxaca,3814000,87,8,13746,1285
2020-08-27,Mexico,NA,Oaxaca,3814000,107,3,13853,1288
2020-08-28,Mexico,NA,Oaxaca,3814000,67,3,13920,1291
2020-08-29,Mexico,NA,Oaxaca,3814000,68,4,13988,1295
2020-08-30,Mexico,NA,Oaxaca,3814000,20,9,14008,1304
2020-08-31,Mexico,NA,Oaxaca,3814000,89,5,14097,1309
2020-09-01,Mexico,NA,Oaxaca,3814000,95,7,14192,1316
2020-09-02,Mexico,NA,Oaxaca,3814000,84,3,14276,1319
2020-09-03,Mexico,NA,Oaxaca,3814000,114,6,14390,1325
2020-09-04,Mexico,NA,Oaxaca,3814000,85,5,14475,1330
2020-09-05,Mexico,NA,Oaxaca,3814000,81,8,14556,1338
2020-09-06,Mexico,NA,Oaxaca,3814000,24,5,14580,1343
2020-09-07,Mexico,NA,Oaxaca,3814000,121,4,14701,1347
2020-09-08,Mexico,NA,Oaxaca,3814000,103,6,14804,1353
2020-09-09,Mexico,NA,Oaxaca,3814000,86,6,14890,1359
2020-09-10,Mexico,NA,Oaxaca,3814000,46,2,14936,1361
2020-09-11,Mexico,NA,Oaxaca,3814000,32,1,14968,1362
2020-09-12,Mexico,NA,Oaxaca,3814000,7,0,14975,1362
2020-09-13,Mexico,NA,Oaxaca,3814000,3,8,14978,1370
2020-09-14,Mexico,NA,Oaxaca,3814000,2,1,14980,1371
2020-03-15,Mexico,NA,Puebla,5787259,3,0,12,0
2020-03-16,Mexico,NA,Puebla,5787259,2,0,14,0
2020-03-17,Mexico,NA,Puebla,5787259,5,0,19,0
2020-03-18,Mexico,NA,Puebla,5787259,6,0,25,0
2020-03-19,Mexico,NA,Puebla,5787259,7,0,32,0
2020-03-20,Mexico,NA,Puebla,5787259,5,0,37,0
2020-03-21,Mexico,NA,Puebla,5787259,4,0,41,0
2020-03-22,Mexico,NA,Puebla,5787259,2,0,43,0
2020-03-23,Mexico,NA,Puebla,5787259,8,0,51,0
2020-03-24,Mexico,NA,Puebla,5787259,16,0,67,0
2020-03-25,Mexico,NA,Puebla,5787259,6,0,73,0
2020-03-26,Mexico,NA,Puebla,5787259,15,0,88,0
2020-03-27,Mexico,NA,Puebla,5787259,9,1,97,1
2020-03-28,Mexico,NA,Puebla,5787259,13,1,110,2
2020-03-29,Mexico,NA,Puebla,5787259,4,0,114,2
2020-03-30,Mexico,NA,Puebla,5787259,15,0,129,2
2020-03-31,Mexico,NA,Puebla,5787259,21,1,150,3
2020-04-01,Mexico,NA,Puebla,5787259,16,1,166,4
2020-04-02,Mexico,NA,Puebla,5787259,19,1,185,5
2020-04-03,Mexico,NA,Puebla,5787259,14,2,199,7
2020-04-04,Mexico,NA,Puebla,5787259,11,3,210,10
2020-04-05,Mexico,NA,Puebla,5787259,8,3,218,13
2020-04-06,Mexico,NA,Puebla,5787259,24,4,242,17
2020-04-07,Mexico,NA,Puebla,5787259,13,8,255,25
2020-04-08,Mexico,NA,Puebla,5787259,23,1,278,26
2020-04-09,Mexico,NA,Puebla,5787259,11,2,289,28
2020-04-10,Mexico,NA,Puebla,5787259,8,5,297,33
2020-04-11,Mexico,NA,Puebla,5787259,15,5,312,38
2020-04-12,Mexico,NA,Puebla,5787259,5,2,317,40
2020-04-13,Mexico,NA,Puebla,5787259,25,3,342,43
2020-04-14,Mexico,NA,Puebla,5787259,16,4,358,47
2020-04-15,Mexico,NA,Puebla,5787259,28,4,386,51
2020-04-16,Mexico,NA,Puebla,5787259,21,5,407,56
2020-04-17,Mexico,NA,Puebla,5787259,30,5,437,61
2020-04-18,Mexico,NA,Puebla,5787259,24,7,461,68
2020-04-19,Mexico,NA,Puebla,5787259,18,7,479,75
2020-04-20,Mexico,NA,Puebla,5787259,31,8,510,83
2020-04-21,Mexico,NA,Puebla,5787259,22,3,532,86
2020-04-22,Mexico,NA,Puebla,5787259,27,7,559,93
2020-04-23,Mexico,NA,Puebla,5787259,32,5,591,98
2020-04-24,Mexico,NA,Puebla,5787259,40,6,631,104
2020-04-25,Mexico,NA,Puebla,5787259,43,6,674,110
2020-04-26,Mexico,NA,Puebla,5787259,24,9,698,119
2020-04-27,Mexico,NA,Puebla,5787259,35,5,733,124
2020-04-28,Mexico,NA,Puebla,5787259,43,12,776,136
2020-04-29,Mexico,NA,Puebla,5787259,44,9,820,145
2020-04-30,Mexico,NA,Puebla,5787259,46,8,866,153
2020-05-01,Mexico,NA,Puebla,5787259,41,12,907,165
2020-05-02,Mexico,NA,Puebla,5787259,42,5,949,170
2020-05-03,Mexico,NA,Puebla,5787259,37,13,986,183
2020-05-04,Mexico,NA,Puebla,5787259,46,13,1032,196
2020-05-05,Mexico,NA,Puebla,5787259,34,13,1066,209
2020-05-06,Mexico,NA,Puebla,5787259,49,8,1115,217
2020-05-07,Mexico,NA,Puebla,5787259,63,11,1178,228
2020-05-08,Mexico,NA,Puebla,5787259,46,8,1224,236
2020-05-09,Mexico,NA,Puebla,5787259,48,8,1272,244
2020-05-10,Mexico,NA,Puebla,5787259,36,5,1308,249
2020-05-11,Mexico,NA,Puebla,5787259,71,15,1379,264
2020-05-12,Mexico,NA,Puebla,5787259,73,17,1452,281
2020-05-13,Mexico,NA,Puebla,5787259,91,14,1543,295
2020-05-14,Mexico,NA,Puebla,5787259,106,14,1649,309
2020-05-15,Mexico,NA,Puebla,5787259,104,17,1753,326
2020-05-16,Mexico,NA,Puebla,5787259,78,15,1831,341
2020-05-17,Mexico,NA,Puebla,5787259,66,13,1897,354
2020-05-18,Mexico,NA,Puebla,5787259,129,10,2026,364
2020-05-19,Mexico,NA,Puebla,5787259,126,21,2152,385
2020-05-20,Mexico,NA,Puebla,5787259,118,23,2270,408
2020-05-21,Mexico,NA,Puebla,5787259,143,18,2413,426
2020-05-22,Mexico,NA,Puebla,5787259,171,28,2584,454
2020-05-23,Mexico,NA,Puebla,5787259,146,23,2730,477
2020-05-24,Mexico,NA,Puebla,5787259,80,18,2810,495
2020-05-25,Mexico,NA,Puebla,5787259,165,28,2975,523
2020-05-26,Mexico,NA,Puebla,5787259,159,21,3134,544
2020-05-27,Mexico,NA,Puebla,5787259,187,19,3321,563
2020-05-28,Mexico,NA,Puebla,5787259,163,24,3484,587
2020-05-29,Mexico,NA,Puebla,5787259,149,19,3633,606
2020-05-30,Mexico,NA,Puebla,5787259,116,23,3749,629
2020-05-31,Mexico,NA,Puebla,5787259,61,24,3810,653
2020-06-01,Mexico,NA,Puebla,5787259,184,35,3994,688
2020-06-02,Mexico,NA,Puebla,5787259,164,32,4158,720
2020-06-03,Mexico,NA,Puebla,5787259,192,25,4350,745
2020-06-04,Mexico,NA,Puebla,5787259,204,33,4554,778
2020-06-05,Mexico,NA,Puebla,5787259,204,20,4758,798
2020-06-06,Mexico,NA,Puebla,5787259,123,35,4881,833
2020-06-07,Mexico,NA,Puebla,5787259,92,29,4973,862
2020-06-08,Mexico,NA,Puebla,5787259,301,24,5274,886
2020-06-09,Mexico,NA,Puebla,5787259,235,31,5509,917
2020-06-10,Mexico,NA,Puebla,5787259,246,32,5755,949
2020-06-11,Mexico,NA,Puebla,5787259,294,19,6049,968
2020-06-12,Mexico,NA,Puebla,5787259,305,36,6354,1004
2020-06-13,Mexico,NA,Puebla,5787259,171,36,6525,1040
2020-06-14,Mexico,NA,Puebla,5787259,144,35,6669,1075
2020-06-15,Mexico,NA,Puebla,5787259,438,36,7107,1111
2020-06-16,Mexico,NA,Puebla,5787259,413,40,7520,1151
2020-06-17,Mexico,NA,Puebla,5787259,415,38,7935,1189
2020-06-18,Mexico,NA,Puebla,5787259,503,40,8438,1229
2020-06-19,Mexico,NA,Puebla,5787259,430,25,8868,1254
2020-06-20,Mexico,NA,Puebla,5787259,212,34,9080,1288
2020-06-21,Mexico,NA,Puebla,5787259,167,46,9247,1334
2020-06-22,Mexico,NA,Puebla,5787259,489,49,9736,1383
2020-06-23,Mexico,NA,Puebla,5787259,409,28,10145,1411
2020-06-24,Mexico,NA,Puebla,5787259,363,23,10508,1434
2020-06-25,Mexico,NA,Puebla,5787259,448,23,10956,1457
2020-06-26,Mexico,NA,Puebla,5787259,352,28,11308,1485
2020-06-27,Mexico,NA,Puebla,5787259,182,22,11490,1507
2020-06-28,Mexico,NA,Puebla,5787259,142,27,11632,1534
2020-06-29,Mexico,NA,Puebla,5787259,335,33,11967,1567
2020-06-30,Mexico,NA,Puebla,5787259,354,37,12321,1604
2020-07-01,Mexico,NA,Puebla,5787259,317,33,12638,1637
2020-07-02,Mexico,NA,Puebla,5787259,274,29,12912,1666
2020-07-03,Mexico,NA,Puebla,5787259,273,48,13185,1714
2020-07-04,Mexico,NA,Puebla,5787259,175,37,13360,1751
2020-07-05,Mexico,NA,Puebla,5787259,132,41,13492,1792
2020-07-06,Mexico,NA,Puebla,5787259,330,41,13822,1833
2020-07-07,Mexico,NA,Puebla,5787259,338,37,14160,1870
2020-07-08,Mexico,NA,Puebla,5787259,324,40,14484,1910
2020-07-09,Mexico,NA,Puebla,5787259,321,33,14805,1943
2020-07-10,Mexico,NA,Puebla,5787259,314,30,15119,1973
2020-07-11,Mexico,NA,Puebla,5787259,174,28,15293,2001
2020-07-12,Mexico,NA,Puebla,5787259,172,38,15465,2039
2020-07-13,Mexico,NA,Puebla,5787259,417,59,15882,2098
2020-07-14,Mexico,NA,Puebla,5787259,419,25,16301,2123
2020-07-15,Mexico,NA,Puebla,5787259,401,31,16702,2154
2020-07-16,Mexico,NA,Puebla,5787259,385,44,17087,2198
2020-07-17,Mexico,NA,Puebla,5787259,379,40,17466,2238
2020-07-18,Mexico,NA,Puebla,5787259,183,41,17649,2279
2020-07-19,Mexico,NA,Puebla,5787259,160,36,17809,2315
2020-07-20,Mexico,NA,Puebla,5787259,473,37,18282,2352
2020-07-21,Mexico,NA,Puebla,5787259,355,45,18637,2397
2020-07-22,Mexico,NA,Puebla,5787259,379,40,19016,2437
2020-07-23,Mexico,NA,Puebla,5787259,346,42,19362,2479
2020-07-24,Mexico,NA,Puebla,5787259,338,41,19700,2520
2020-07-25,Mexico,NA,Puebla,5787259,223,45,19923,2565
2020-07-26,Mexico,NA,Puebla,5787259,105,43,20028,2608
2020-07-27,Mexico,NA,Puebla,5787259,435,36,20463,2644
2020-07-28,Mexico,NA,Puebla,5787259,326,33,20789,2677
2020-07-29,Mexico,NA,Puebla,5787259,334,44,21123,2721
2020-07-30,Mexico,NA,Puebla,5787259,334,44,21457,2765
2020-07-31,Mexico,NA,Puebla,5787259,250,36,21707,2801
2020-08-01,Mexico,NA,Puebla,5787259,132,33,21839,2834
2020-08-02,Mexico,NA,Puebla,5787259,94,32,21933,2866
2020-08-03,Mexico,NA,Puebla,5787259,308,30,22241,2896
2020-08-04,Mexico,NA,Puebla,5787259,275,30,22516,2926
2020-08-05,Mexico,NA,Puebla,5787259,294,33,22810,2959
2020-08-06,Mexico,NA,Puebla,5787259,318,30,23128,2989
2020-08-07,Mexico,NA,Puebla,5787259,259,31,23387,3020
2020-08-08,Mexico,NA,Puebla,5787259,163,22,23550,3042
2020-08-09,Mexico,NA,Puebla,5787259,96,23,23646,3065
2020-08-10,Mexico,NA,Puebla,5787259,294,35,23940,3100
2020-08-11,Mexico,NA,Puebla,5787259,285,39,24225,3139
2020-08-12,Mexico,NA,Puebla,5787259,257,27,24482,3166
2020-08-13,Mexico,NA,Puebla,5787259,237,31,24719,3197
2020-08-14,Mexico,NA,Puebla,5787259,218,28,24937,3225
2020-08-15,Mexico,NA,Puebla,5787259,121,37,25058,3262
2020-08-16,Mexico,NA,Puebla,5787259,80,34,25138,3296
2020-08-17,Mexico,NA,Puebla,5787259,250,25,25388,3321
2020-08-18,Mexico,NA,Puebla,5787259,220,17,25608,3338
2020-08-19,Mexico,NA,Puebla,5787259,209,30,25817,3368
2020-08-20,Mexico,NA,Puebla,5787259,195,25,26012,3393
2020-08-21,Mexico,NA,Puebla,5787259,188,17,26200,3410
2020-08-22,Mexico,NA,Puebla,5787259,123,19,26323,3429
2020-08-23,Mexico,NA,Puebla,5787259,78,14,26401,3443
2020-08-24,Mexico,NA,Puebla,5787259,259,25,26660,3468
2020-08-25,Mexico,NA,Puebla,5787259,206,21,26866,3489
2020-08-26,Mexico,NA,Puebla,5787259,202,16,27068,3505
2020-08-27,Mexico,NA,Puebla,5787259,189,18,27257,3523
2020-08-28,Mexico,NA,Puebla,5787259,194,16,27451,3539
2020-08-29,Mexico,NA,Puebla,5787259,83,18,27534,3557
2020-08-30,Mexico,NA,Puebla,5787259,90,24,27624,3581
2020-08-31,Mexico,NA,Puebla,5787259,194,26,27818,3607
2020-09-01,Mexico,NA,Puebla,5787259,178,11,27996,3618
2020-09-02,Mexico,NA,Puebla,5787259,180,20,28176,3638
2020-09-03,Mexico,NA,Puebla,5787259,171,13,28347,3651
2020-09-04,Mexico,NA,Puebla,5787259,158,20,28505,3671
2020-09-05,Mexico,NA,Puebla,5787259,97,25,28602,3696
2020-09-06,Mexico,NA,Puebla,5787259,66,17,28668,3713
2020-09-07,Mexico,NA,Puebla,5787259,164,12,28832,3725
2020-09-08,Mexico,NA,Puebla,5787259,129,23,28961,3748
2020-09-09,Mexico,NA,Puebla,5787259,144,15,29105,3763
2020-09-10,Mexico,NA,Puebla,5787259,128,8,29233,3771
2020-09-11,Mexico,NA,Puebla,5787259,75,8,29308,3779
2020-09-12,Mexico,NA,Puebla,5787259,23,8,29331,3787
2020-09-13,Mexico,NA,Puebla,5787259,20,5,29351,3792
2020-09-14,Mexico,NA,Puebla,5787259,29,4,29380,3796
2020-03-18,Mexico,NA,Queretaro,1832201,2,0,11,0
2020-03-19,Mexico,NA,Queretaro,1832201,3,0,14,0
2020-03-21,Mexico,NA,Queretaro,1832201,1,0,15,0
2020-03-23,Mexico,NA,Queretaro,1832201,3,0,18,0
2020-03-24,Mexico,NA,Queretaro,1832201,4,0,22,0
2020-03-25,Mexico,NA,Queretaro,1832201,2,0,24,0
2020-03-26,Mexico,NA,Queretaro,1832201,1,0,25,0
2020-03-27,Mexico,NA,Queretaro,1832201,4,0,29,0
2020-03-28,Mexico,NA,Queretaro,1832201,2,1,31,1
2020-03-29,Mexico,NA,Queretaro,1832201,1,0,32,1
2020-03-30,Mexico,NA,Queretaro,1832201,1,0,33,1
2020-03-31,Mexico,NA,Queretaro,1832201,5,0,38,1
2020-04-01,Mexico,NA,Queretaro,1832201,3,0,41,1
2020-04-02,Mexico,NA,Queretaro,1832201,1,1,42,2
2020-04-03,Mexico,NA,Queretaro,1832201,3,0,45,2
2020-04-04,Mexico,NA,Queretaro,1832201,1,0,46,2
2020-04-06,Mexico,NA,Queretaro,1832201,4,0,50,2
2020-04-07,Mexico,NA,Queretaro,1832201,5,0,55,2
2020-04-08,Mexico,NA,Queretaro,1832201,3,0,58,2
2020-04-09,Mexico,NA,Queretaro,1832201,3,0,61,2
2020-04-10,Mexico,NA,Queretaro,1832201,2,0,63,2
2020-04-11,Mexico,NA,Queretaro,1832201,3,1,66,3
2020-04-12,Mexico,NA,Queretaro,1832201,1,0,67,3
2020-04-13,Mexico,NA,Queretaro,1832201,8,0,75,3
2020-04-14,Mexico,NA,Queretaro,1832201,8,1,83,4
2020-04-15,Mexico,NA,Queretaro,1832201,3,1,86,5
2020-04-16,Mexico,NA,Queretaro,1832201,6,0,92,5
2020-04-17,Mexico,NA,Queretaro,1832201,5,0,97,5
2020-04-18,Mexico,NA,Queretaro,1832201,2,0,99,5
2020-04-19,Mexico,NA,Queretaro,1832201,2,0,101,5
2020-04-20,Mexico,NA,Queretaro,1832201,5,0,106,5
2020-04-21,Mexico,NA,Queretaro,1832201,2,1,108,6
2020-04-22,Mexico,NA,Queretaro,1832201,7,0,115,6
2020-04-23,Mexico,NA,Queretaro,1832201,9,0,124,6
2020-04-24,Mexico,NA,Queretaro,1832201,10,0,134,6
2020-04-25,Mexico,NA,Queretaro,1832201,1,1,135,7
2020-04-26,Mexico,NA,Queretaro,1832201,2,1,137,8
2020-04-27,Mexico,NA,Queretaro,1832201,3,1,140,9
2020-04-28,Mexico,NA,Queretaro,1832201,9,0,149,9
2020-04-29,Mexico,NA,Queretaro,1832201,12,1,161,10
2020-04-30,Mexico,NA,Queretaro,1832201,6,1,167,11
2020-05-01,Mexico,NA,Queretaro,1832201,8,1,175,12
2020-05-02,Mexico,NA,Queretaro,1832201,12,1,187,13
2020-05-03,Mexico,NA,Queretaro,1832201,4,1,191,14
2020-05-04,Mexico,NA,Queretaro,1832201,10,2,201,16
2020-05-05,Mexico,NA,Queretaro,1832201,10,1,211,17
2020-05-06,Mexico,NA,Queretaro,1832201,9,2,220,19
2020-05-07,Mexico,NA,Queretaro,1832201,14,0,234,19
2020-05-08,Mexico,NA,Queretaro,1832201,26,0,260,19
2020-05-09,Mexico,NA,Queretaro,1832201,26,0,286,19
2020-05-10,Mexico,NA,Queretaro,1832201,19,4,305,23
2020-05-11,Mexico,NA,Queretaro,1832201,47,2,352,25
2020-05-12,Mexico,NA,Queretaro,1832201,34,3,386,28
2020-05-13,Mexico,NA,Queretaro,1832201,29,1,415,29
2020-05-14,Mexico,NA,Queretaro,1832201,41,2,456,31
2020-05-15,Mexico,NA,Queretaro,1832201,49,4,505,35
2020-05-16,Mexico,NA,Queretaro,1832201,28,8,533,43
2020-05-17,Mexico,NA,Queretaro,1832201,17,8,550,51
2020-05-18,Mexico,NA,Queretaro,1832201,47,1,597,52
2020-05-19,Mexico,NA,Queretaro,1832201,61,3,658,55
2020-05-20,Mexico,NA,Queretaro,1832201,42,5,700,60
2020-05-21,Mexico,NA,Queretaro,1832201,37,9,737,69
2020-05-22,Mexico,NA,Queretaro,1832201,36,2,773,71
2020-05-23,Mexico,NA,Queretaro,1832201,22,5,795,76
2020-05-24,Mexico,NA,Queretaro,1832201,12,3,807,79
2020-05-25,Mexico,NA,Queretaro,1832201,52,5,859,84
2020-05-26,Mexico,NA,Queretaro,1832201,38,5,897,89
2020-05-27,Mexico,NA,Queretaro,1832201,36,6,933,95
2020-05-28,Mexico,NA,Queretaro,1832201,31,2,964,97
2020-05-29,Mexico,NA,Queretaro,1832201,37,6,1001,103
2020-05-30,Mexico,NA,Queretaro,1832201,27,2,1028,105
2020-05-31,Mexico,NA,Queretaro,1832201,21,7,1049,112
2020-06-01,Mexico,NA,Queretaro,1832201,39,5,1088,117
2020-06-02,Mexico,NA,Queretaro,1832201,50,6,1138,123
2020-06-03,Mexico,NA,Queretaro,1832201,47,5,1185,128
2020-06-04,Mexico,NA,Queretaro,1832201,44,9,1229,137
2020-06-05,Mexico,NA,Queretaro,1832201,36,3,1265,140
2020-06-06,Mexico,NA,Queretaro,1832201,30,7,1295,147
2020-06-07,Mexico,NA,Queretaro,1832201,28,7,1323,154
2020-06-08,Mexico,NA,Queretaro,1832201,53,3,1376,157
2020-06-09,Mexico,NA,Queretaro,1832201,43,7,1419,164
2020-06-10,Mexico,NA,Queretaro,1832201,39,2,1458,166
2020-06-11,Mexico,NA,Queretaro,1832201,33,8,1491,174
2020-06-12,Mexico,NA,Queretaro,1832201,41,7,1532,181
2020-06-13,Mexico,NA,Queretaro,1832201,34,9,1566,190
2020-06-14,Mexico,NA,Queretaro,1832201,22,4,1588,194
2020-06-15,Mexico,NA,Queretaro,1832201,59,7,1647,201
2020-06-16,Mexico,NA,Queretaro,1832201,46,7,1693,208
2020-06-17,Mexico,NA,Queretaro,1832201,44,5,1737,213
2020-06-18,Mexico,NA,Queretaro,1832201,40,6,1777,219
2020-06-19,Mexico,NA,Queretaro,1832201,29,6,1806,225
2020-06-20,Mexico,NA,Queretaro,1832201,32,5,1838,230
2020-06-21,Mexico,NA,Queretaro,1832201,16,3,1854,233
2020-06-22,Mexico,NA,Queretaro,1832201,51,5,1905,238
2020-06-23,Mexico,NA,Queretaro,1832201,40,5,1945,243
2020-06-24,Mexico,NA,Queretaro,1832201,42,3,1987,246
2020-06-25,Mexico,NA,Queretaro,1832201,38,3,2025,249
2020-06-26,Mexico,NA,Queretaro,1832201,44,5,2069,254
2020-06-27,Mexico,NA,Queretaro,1832201,24,9,2093,263
2020-06-28,Mexico,NA,Queretaro,1832201,21,5,2114,268
2020-06-29,Mexico,NA,Queretaro,1832201,60,6,2174,274
2020-06-30,Mexico,NA,Queretaro,1832201,49,5,2223,279
2020-07-01,Mexico,NA,Queretaro,1832201,53,6,2276,285
2020-07-02,Mexico,NA,Queretaro,1832201,64,10,2340,295
2020-07-03,Mexico,NA,Queretaro,1832201,33,5,2373,300
2020-07-04,Mexico,NA,Queretaro,1832201,23,8,2396,308
2020-07-05,Mexico,NA,Queretaro,1832201,32,6,2428,314
2020-07-06,Mexico,NA,Queretaro,1832201,55,5,2483,319
2020-07-07,Mexico,NA,Queretaro,1832201,76,7,2559,326
2020-07-08,Mexico,NA,Queretaro,1832201,63,10,2622,336
2020-07-09,Mexico,NA,Queretaro,1832201,66,4,2688,340
2020-07-10,Mexico,NA,Queretaro,1832201,58,3,2746,343
2020-07-11,Mexico,NA,Queretaro,1832201,48,1,2794,344
2020-07-12,Mexico,NA,Queretaro,1832201,32,7,2826,351
2020-07-13,Mexico,NA,Queretaro,1832201,87,8,2913,359
2020-07-14,Mexico,NA,Queretaro,1832201,60,3,2973,362
2020-07-15,Mexico,NA,Queretaro,1832201,91,4,3064,366
2020-07-16,Mexico,NA,Queretaro,1832201,70,7,3134,373
2020-07-17,Mexico,NA,Queretaro,1832201,80,8,3214,381
2020-07-18,Mexico,NA,Queretaro,1832201,46,5,3260,386
2020-07-19,Mexico,NA,Queretaro,1832201,32,8,3292,394
2020-07-20,Mexico,NA,Queretaro,1832201,84,8,3376,402
2020-07-21,Mexico,NA,Queretaro,1832201,74,3,3450,405
2020-07-22,Mexico,NA,Queretaro,1832201,74,8,3524,413
2020-07-23,Mexico,NA,Queretaro,1832201,67,6,3591,419
2020-07-24,Mexico,NA,Queretaro,1832201,53,4,3644,423
2020-07-25,Mexico,NA,Queretaro,1832201,49,6,3693,429
2020-07-26,Mexico,NA,Queretaro,1832201,37,8,3730,437
2020-07-27,Mexico,NA,Queretaro,1832201,84,3,3814,440
2020-07-28,Mexico,NA,Queretaro,1832201,83,6,3897,446
2020-07-29,Mexico,NA,Queretaro,1832201,86,5,3983,451
2020-07-30,Mexico,NA,Queretaro,1832201,77,7,4060,458
2020-07-31,Mexico,NA,Queretaro,1832201,79,9,4139,467
2020-08-01,Mexico,NA,Queretaro,1832201,48,8,4187,475
2020-08-02,Mexico,NA,Queretaro,1832201,30,11,4217,486
2020-08-03,Mexico,NA,Queretaro,1832201,98,3,4315,489
2020-08-04,Mexico,NA,Queretaro,1832201,90,4,4405,493
2020-08-05,Mexico,NA,Queretaro,1832201,73,10,4478,503
2020-08-06,Mexico,NA,Queretaro,1832201,103,8,4581,511
2020-08-07,Mexico,NA,Queretaro,1832201,81,4,4662,515
2020-08-08,Mexico,NA,Queretaro,1832201,43,9,4705,524
2020-08-09,Mexico,NA,Queretaro,1832201,34,7,4739,531
2020-08-10,Mexico,NA,Queretaro,1832201,117,10,4856,541
2020-08-11,Mexico,NA,Queretaro,1832201,91,6,4947,547
2020-08-12,Mexico,NA,Queretaro,1832201,97,3,5044,550
2020-08-13,Mexico,NA,Queretaro,1832201,71,5,5115,555
2020-08-14,Mexico,NA,Queretaro,1832201,102,10,5217,565
2020-08-15,Mexico,NA,Queretaro,1832201,61,10,5278,575
2020-08-16,Mexico,NA,Queretaro,1832201,52,7,5330,582
2020-08-17,Mexico,NA,Queretaro,1832201,103,3,5433,585
2020-08-18,Mexico,NA,Queretaro,1832201,84,9,5517,594
2020-08-19,Mexico,NA,Queretaro,1832201,117,11,5634,605
2020-08-20,Mexico,NA,Queretaro,1832201,91,8,5725,613
2020-08-21,Mexico,NA,Queretaro,1832201,89,7,5814,620
2020-08-22,Mexico,NA,Queretaro,1832201,49,13,5863,633
2020-08-23,Mexico,NA,Queretaro,1832201,30,6,5893,639
2020-08-24,Mexico,NA,Queretaro,1832201,139,5,6032,644
2020-08-25,Mexico,NA,Queretaro,1832201,120,12,6152,656
2020-08-26,Mexico,NA,Queretaro,1832201,133,10,6285,666
2020-08-27,Mexico,NA,Queretaro,1832201,108,7,6393,673
2020-08-28,Mexico,NA,Queretaro,1832201,99,6,6492,679
2020-08-29,Mexico,NA,Queretaro,1832201,81,13,6573,692
2020-08-30,Mexico,NA,Queretaro,1832201,60,16,6633,708
2020-08-31,Mexico,NA,Queretaro,1832201,131,11,6764,719
2020-09-01,Mexico,NA,Queretaro,1832201,148,6,6912,725
2020-09-02,Mexico,NA,Queretaro,1832201,104,7,7016,732
2020-09-03,Mexico,NA,Queretaro,1832201,93,8,7109,740
2020-09-04,Mexico,NA,Queretaro,1832201,113,9,7222,749
2020-09-05,Mexico,NA,Queretaro,1832201,49,12,7271,761
2020-09-06,Mexico,NA,Queretaro,1832201,41,6,7312,767
2020-09-07,Mexico,NA,Queretaro,1832201,87,17,7399,784
2020-09-08,Mexico,NA,Queretaro,1832201,87,7,7486,791
2020-09-09,Mexico,NA,Queretaro,1832201,80,10,7566,801
2020-09-10,Mexico,NA,Queretaro,1832201,55,13,7621,814
2020-09-11,Mexico,NA,Queretaro,1832201,76,7,7697,821
2020-09-12,Mexico,NA,Queretaro,1832201,27,5,7724,826
2020-09-13,Mexico,NA,Queretaro,1832201,30,6,7754,832
2020-09-14,Mexico,NA,Queretaro,1832201,30,4,7784,836
2020-03-17,Mexico,NA,Quintana Roo,1330846,4,0,14,0
2020-03-18,Mexico,NA,Quintana Roo,1330846,2,0,16,0
2020-03-19,Mexico,NA,Quintana Roo,1330846,5,0,21,0
2020-03-20,Mexico,NA,Quintana Roo,1330846,1,0,22,0
2020-03-21,Mexico,NA,Quintana Roo,1330846,3,0,25,0
2020-03-22,Mexico,NA,Quintana Roo,1330846,4,0,29,0
2020-03-23,Mexico,NA,Quintana Roo,1330846,3,0,32,0
2020-03-24,Mexico,NA,Quintana Roo,1330846,8,0,40,0
2020-03-25,Mexico,NA,Quintana Roo,1330846,10,0,50,0
2020-03-26,Mexico,NA,Quintana Roo,1330846,9,1,59,1
2020-03-27,Mexico,NA,Quintana Roo,1330846,7,1,66,2
2020-03-28,Mexico,NA,Quintana Roo,1330846,7,1,73,3
2020-03-29,Mexico,NA,Quintana Roo,1330846,3,0,76,3
2020-03-30,Mexico,NA,Quintana Roo,1330846,22,0,98,3
2020-03-31,Mexico,NA,Quintana Roo,1330846,15,2,113,5
2020-04-01,Mexico,NA,Quintana Roo,1330846,24,1,137,6
2020-04-02,Mexico,NA,Quintana Roo,1330846,11,2,148,8
2020-04-03,Mexico,NA,Quintana Roo,1330846,13,2,161,10
2020-04-04,Mexico,NA,Quintana Roo,1330846,8,1,169,11
2020-04-05,Mexico,NA,Quintana Roo,1330846,10,1,179,12
2020-04-06,Mexico,NA,Quintana Roo,1330846,32,2,211,14
2020-04-07,Mexico,NA,Quintana Roo,1330846,23,2,234,16
2020-04-08,Mexico,NA,Quintana Roo,1330846,26,3,260,19
2020-04-09,Mexico,NA,Quintana Roo,1330846,9,3,269,22
2020-04-10,Mexico,NA,Quintana Roo,1330846,22,2,291,24
2020-04-11,Mexico,NA,Quintana Roo,1330846,17,2,308,26
2020-04-12,Mexico,NA,Quintana Roo,1330846,22,5,330,31
2020-04-13,Mexico,NA,Quintana Roo,1330846,22,5,352,36
2020-04-14,Mexico,NA,Quintana Roo,1330846,17,3,369,39
2020-04-15,Mexico,NA,Quintana Roo,1330846,20,0,389,39
2020-04-16,Mexico,NA,Quintana Roo,1330846,31,1,420,40
2020-04-17,Mexico,NA,Quintana Roo,1330846,34,4,454,44
2020-04-18,Mexico,NA,Quintana Roo,1330846,45,6,499,50
2020-04-19,Mexico,NA,Quintana Roo,1330846,23,7,522,57
2020-04-20,Mexico,NA,Quintana Roo,1330846,45,10,567,67
2020-04-21,Mexico,NA,Quintana Roo,1330846,42,8,609,75
2020-04-22,Mexico,NA,Quintana Roo,1330846,34,6,643,81
2020-04-23,Mexico,NA,Quintana Roo,1330846,47,7,690,88
2020-04-24,Mexico,NA,Quintana Roo,1330846,23,16,713,104
2020-04-25,Mexico,NA,Quintana Roo,1330846,31,10,744,114
2020-04-26,Mexico,NA,Quintana Roo,1330846,31,10,775,124
2020-04-27,Mexico,NA,Quintana Roo,1330846,43,14,818,138
2020-04-28,Mexico,NA,Quintana Roo,1330846,42,9,860,147
2020-04-29,Mexico,NA,Quintana Roo,1330846,38,12,898,159
2020-04-30,Mexico,NA,Quintana Roo,1330846,34,11,932,170
2020-05-01,Mexico,NA,Quintana Roo,1330846,32,14,964,184
2020-05-02,Mexico,NA,Quintana Roo,1330846,70,5,1034,189
2020-05-03,Mexico,NA,Quintana Roo,1330846,29,8,1063,197
2020-05-04,Mexico,NA,Quintana Roo,1330846,32,6,1095,203
2020-05-05,Mexico,NA,Quintana Roo,1330846,25,7,1120,210
2020-05-06,Mexico,NA,Quintana Roo,1330846,41,9,1161,219
2020-05-07,Mexico,NA,Quintana Roo,1330846,39,8,1200,227
2020-05-08,Mexico,NA,Quintana Roo,1330846,28,5,1228,232
2020-05-09,Mexico,NA,Quintana Roo,1330846,20,9,1248,241
2020-05-10,Mexico,NA,Quintana Roo,1330846,23,8,1271,249
2020-05-11,Mexico,NA,Quintana Roo,1330846,45,6,1316,255
2020-05-12,Mexico,NA,Quintana Roo,1330846,37,12,1353,267
2020-05-13,Mexico,NA,Quintana Roo,1330846,27,7,1380,274
2020-05-14,Mexico,NA,Quintana Roo,1330846,39,11,1419,285
2020-05-15,Mexico,NA,Quintana Roo,1330846,21,10,1440,295
2020-05-16,Mexico,NA,Quintana Roo,1330846,18,6,1458,301
2020-05-17,Mexico,NA,Quintana Roo,1330846,13,5,1471,306
2020-05-18,Mexico,NA,Quintana Roo,1330846,44,10,1515,316
2020-05-19,Mexico,NA,Quintana Roo,1330846,34,8,1549,324
2020-05-20,Mexico,NA,Quintana Roo,1330846,45,4,1594,328
2020-05-21,Mexico,NA,Quintana Roo,1330846,41,6,1635,334
2020-05-22,Mexico,NA,Quintana Roo,1330846,45,5,1680,339
2020-05-23,Mexico,NA,Quintana Roo,1330846,39,3,1719,342
2020-05-24,Mexico,NA,Quintana Roo,1330846,25,10,1744,352
2020-05-25,Mexico,NA,Quintana Roo,1330846,49,6,1793,358
2020-05-26,Mexico,NA,Quintana Roo,1330846,33,6,1826,364
2020-05-27,Mexico,NA,Quintana Roo,1330846,42,7,1868,371
2020-05-28,Mexico,NA,Quintana Roo,1330846,44,7,1912,378
2020-05-29,Mexico,NA,Quintana Roo,1330846,46,8,1958,386
2020-05-30,Mexico,NA,Quintana Roo,1330846,26,8,1984,394
2020-05-31,Mexico,NA,Quintana Roo,1330846,22,6,2006,400
2020-06-01,Mexico,NA,Quintana Roo,1330846,45,12,2051,412
2020-06-02,Mexico,NA,Quintana Roo,1330846,63,7,2114,419
2020-06-03,Mexico,NA,Quintana Roo,1330846,44,4,2158,423
2020-06-04,Mexico,NA,Quintana Roo,1330846,38,5,2196,428
2020-06-05,Mexico,NA,Quintana Roo,1330846,39,8,2235,436
2020-06-06,Mexico,NA,Quintana Roo,1330846,23,9,2258,445
2020-06-07,Mexico,NA,Quintana Roo,1330846,29,12,2287,457
2020-06-08,Mexico,NA,Quintana Roo,1330846,53,6,2340,463
2020-06-09,Mexico,NA,Quintana Roo,1330846,51,7,2391,470
2020-06-10,Mexico,NA,Quintana Roo,1330846,57,8,2448,478
2020-06-11,Mexico,NA,Quintana Roo,1330846,56,4,2504,482
2020-06-12,Mexico,NA,Quintana Roo,1330846,50,6,2554,488
2020-06-13,Mexico,NA,Quintana Roo,1330846,32,7,2586,495
2020-06-14,Mexico,NA,Quintana Roo,1330846,52,6,2638,501
2020-06-15,Mexico,NA,Quintana Roo,1330846,90,5,2728,506
2020-06-16,Mexico,NA,Quintana Roo,1330846,63,5,2791,511
2020-06-17,Mexico,NA,Quintana Roo,1330846,64,7,2855,518
2020-06-18,Mexico,NA,Quintana Roo,1330846,68,6,2923,524
2020-06-19,Mexico,NA,Quintana Roo,1330846,82,5,3005,529
2020-06-20,Mexico,NA,Quintana Roo,1330846,38,5,3043,534
2020-06-21,Mexico,NA,Quintana Roo,1330846,53,8,3096,542
2020-06-22,Mexico,NA,Quintana Roo,1330846,109,9,3205,551
2020-06-23,Mexico,NA,Quintana Roo,1330846,92,6,3297,557
2020-06-24,Mexico,NA,Quintana Roo,1330846,82,8,3379,565
2020-06-25,Mexico,NA,Quintana Roo,1330846,99,10,3478,575
2020-06-26,Mexico,NA,Quintana Roo,1330846,137,10,3615,585
2020-06-27,Mexico,NA,Quintana Roo,1330846,60,6,3675,591
2020-06-28,Mexico,NA,Quintana Roo,1330846,62,10,3737,601
2020-06-29,Mexico,NA,Quintana Roo,1330846,175,13,3912,614
2020-06-30,Mexico,NA,Quintana Roo,1330846,150,9,4062,623
2020-07-01,Mexico,NA,Quintana Roo,1330846,129,10,4191,633
2020-07-02,Mexico,NA,Quintana Roo,1330846,152,8,4343,641
2020-07-03,Mexico,NA,Quintana Roo,1330846,128,11,4471,652
2020-07-04,Mexico,NA,Quintana Roo,1330846,75,6,4546,658
2020-07-05,Mexico,NA,Quintana Roo,1330846,60,16,4606,674
2020-07-06,Mexico,NA,Quintana Roo,1330846,196,11,4802,685
2020-07-07,Mexico,NA,Quintana Roo,1330846,160,13,4962,698
2020-07-08,Mexico,NA,Quintana Roo,1330846,173,13,5135,711
2020-07-09,Mexico,NA,Quintana Roo,1330846,171,23,5306,734
2020-07-10,Mexico,NA,Quintana Roo,1330846,153,21,5459,755
2020-07-11,Mexico,NA,Quintana Roo,1330846,87,16,5546,771
2020-07-12,Mexico,NA,Quintana Roo,1330846,74,14,5620,785
2020-07-13,Mexico,NA,Quintana Roo,1330846,190,12,5810,797
2020-07-14,Mexico,NA,Quintana Roo,1330846,179,18,5989,815
2020-07-15,Mexico,NA,Quintana Roo,1330846,144,11,6133,826
2020-07-16,Mexico,NA,Quintana Roo,1330846,143,10,6276,836
2020-07-17,Mexico,NA,Quintana Roo,1330846,136,23,6412,859
2020-07-18,Mexico,NA,Quintana Roo,1330846,69,13,6481,872
2020-07-19,Mexico,NA,Quintana Roo,1330846,59,15,6540,887
2020-07-20,Mexico,NA,Quintana Roo,1330846,179,27,6719,914
2020-07-21,Mexico,NA,Quintana Roo,1330846,146,24,6865,938
2020-07-22,Mexico,NA,Quintana Roo,1330846,170,14,7035,952
2020-07-23,Mexico,NA,Quintana Roo,1330846,149,16,7184,968
2020-07-24,Mexico,NA,Quintana Roo,1330846,156,16,7340,984
2020-07-25,Mexico,NA,Quintana Roo,1330846,62,14,7402,998
2020-07-26,Mexico,NA,Quintana Roo,1330846,60,14,7462,1012
2020-07-27,Mexico,NA,Quintana Roo,1330846,175,13,7637,1025
2020-07-28,Mexico,NA,Quintana Roo,1330846,141,16,7778,1041
2020-07-29,Mexico,NA,Quintana Roo,1330846,154,12,7932,1053
2020-07-30,Mexico,NA,Quintana Roo,1330846,118,17,8050,1070
2020-07-31,Mexico,NA,Quintana Roo,1330846,124,18,8174,1088
2020-08-01,Mexico,NA,Quintana Roo,1330846,66,10,8240,1098
2020-08-02,Mexico,NA,Quintana Roo,1330846,72,19,8312,1117
2020-08-03,Mexico,NA,Quintana Roo,1330846,136,21,8448,1138
2020-08-04,Mexico,NA,Quintana Roo,1330846,124,18,8572,1156
2020-08-05,Mexico,NA,Quintana Roo,1330846,104,10,8676,1166
2020-08-06,Mexico,NA,Quintana Roo,1330846,103,13,8779,1179
2020-08-07,Mexico,NA,Quintana Roo,1330846,94,13,8873,1192
2020-08-08,Mexico,NA,Quintana Roo,1330846,35,19,8908,1211
2020-08-09,Mexico,NA,Quintana Roo,1330846,48,12,8956,1223
2020-08-10,Mexico,NA,Quintana Roo,1330846,140,18,9096,1241
2020-08-11,Mexico,NA,Quintana Roo,1330846,88,21,9184,1262
2020-08-12,Mexico,NA,Quintana Roo,1330846,95,11,9279,1273
2020-08-13,Mexico,NA,Quintana Roo,1330846,73,7,9352,1280
2020-08-14,Mexico,NA,Quintana Roo,1330846,77,8,9429,1288
2020-08-15,Mexico,NA,Quintana Roo,1330846,41,14,9470,1302
2020-08-16,Mexico,NA,Quintana Roo,1330846,53,8,9523,1310
2020-08-17,Mexico,NA,Quintana Roo,1330846,101,11,9624,1321
2020-08-18,Mexico,NA,Quintana Roo,1330846,75,13,9699,1334
2020-08-19,Mexico,NA,Quintana Roo,1330846,64,14,9763,1348
2020-08-20,Mexico,NA,Quintana Roo,1330846,69,13,9832,1361
2020-08-21,Mexico,NA,Quintana Roo,1330846,84,10,9916,1371
2020-08-22,Mexico,NA,Quintana Roo,1330846,28,11,9944,1382
2020-08-23,Mexico,NA,Quintana Roo,1330846,38,15,9982,1397
2020-08-24,Mexico,NA,Quintana Roo,1330846,116,15,10098,1412
2020-08-25,Mexico,NA,Quintana Roo,1330846,74,10,10172,1422
2020-08-26,Mexico,NA,Quintana Roo,1330846,84,11,10256,1433
2020-08-27,Mexico,NA,Quintana Roo,1330846,76,7,10332,1440
2020-08-28,Mexico,NA,Quintana Roo,1330846,66,3,10398,1443
2020-08-29,Mexico,NA,Quintana Roo,1330846,28,6,10426,1449
2020-08-30,Mexico,NA,Quintana Roo,1330846,48,10,10474,1459
2020-08-31,Mexico,NA,Quintana Roo,1330846,90,6,10564,1465
2020-09-01,Mexico,NA,Quintana Roo,1330846,74,3,10638,1468
2020-09-02,Mexico,NA,Quintana Roo,1330846,63,7,10701,1475
2020-09-03,Mexico,NA,Quintana Roo,1330846,51,13,10752,1488
2020-09-04,Mexico,NA,Quintana Roo,1330846,50,7,10802,1495
2020-09-05,Mexico,NA,Quintana Roo,1330846,26,6,10828,1501
2020-09-06,Mexico,NA,Quintana Roo,1330846,26,4,10854,1505
2020-09-07,Mexico,NA,Quintana Roo,1330846,84,11,10938,1516
2020-09-08,Mexico,NA,Quintana Roo,1330846,68,4,11006,1520
2020-09-09,Mexico,NA,Quintana Roo,1330846,47,6,11053,1526
2020-09-10,Mexico,NA,Quintana Roo,1330846,47,7,11100,1533
2020-09-11,Mexico,NA,Quintana Roo,1330846,24,3,11124,1536
2020-09-12,Mexico,NA,Quintana Roo,1330846,9,4,11133,1540
2020-09-13,Mexico,NA,Quintana Roo,1330846,5,8,11138,1548
2020-09-14,Mexico,NA,Quintana Roo,1330846,2,1,11140,1549
2020-03-19,Mexico,NA,San Luis Potosi,2598831,3,0,12,0
2020-03-20,Mexico,NA,San Luis Potosi,2598831,3,0,15,0
2020-03-21,Mexico,NA,San Luis Potosi,2598831,4,0,19,0
2020-03-22,Mexico,NA,San Luis Potosi,2598831,1,0,20,0
2020-03-23,Mexico,NA,San Luis Potosi,2598831,2,0,22,0
2020-03-24,Mexico,NA,San Luis Potosi,2598831,0,1,22,1
2020-03-25,Mexico,NA,San Luis Potosi,2598831,0,1,22,2
2020-03-26,Mexico,NA,San Luis Potosi,2598831,1,0,23,2
2020-03-27,Mexico,NA,San Luis Potosi,2598831,7,0,30,2
2020-03-29,Mexico,NA,San Luis Potosi,2598831,6,0,36,2
2020-03-30,Mexico,NA,San Luis Potosi,2598831,3,1,39,3
2020-03-31,Mexico,NA,San Luis Potosi,2598831,2,0,41,3
2020-04-04,Mexico,NA,San Luis Potosi,2598831,3,0,44,3
2020-04-05,Mexico,NA,San Luis Potosi,2598831,2,0,46,3
2020-04-06,Mexico,NA,San Luis Potosi,2598831,3,1,49,4
2020-04-07,Mexico,NA,San Luis Potosi,2598831,5,0,54,4
2020-04-08,Mexico,NA,San Luis Potosi,2598831,2,0,56,4
2020-04-09,Mexico,NA,San Luis Potosi,2598831,4,0,60,4
2020-04-10,Mexico,NA,San Luis Potosi,2598831,1,0,61,4
2020-04-11,Mexico,NA,San Luis Potosi,2598831,3,0,64,4
2020-04-13,Mexico,NA,San Luis Potosi,2598831,1,0,65,4
2020-04-14,Mexico,NA,San Luis Potosi,2598831,1,0,66,4
2020-04-15,Mexico,NA,San Luis Potosi,2598831,2,0,68,4
2020-04-16,Mexico,NA,San Luis Potosi,2598831,2,0,70,4
2020-04-17,Mexico,NA,San Luis Potosi,2598831,7,1,77,5
2020-04-18,Mexico,NA,San Luis Potosi,2598831,1,1,78,6
2020-04-20,Mexico,NA,San Luis Potosi,2598831,1,0,79,6
2020-04-21,Mexico,NA,San Luis Potosi,2598831,3,0,82,6
2020-04-22,Mexico,NA,San Luis Potosi,2598831,3,0,85,6
2020-04-23,Mexico,NA,San Luis Potosi,2598831,5,1,90,7
2020-04-24,Mexico,NA,San Luis Potosi,2598831,6,0,96,7
2020-04-25,Mexico,NA,San Luis Potosi,2598831,8,0,104,7
2020-04-26,Mexico,NA,San Luis Potosi,2598831,3,1,107,8
2020-04-27,Mexico,NA,San Luis Potosi,2598831,14,0,121,8
2020-04-28,Mexico,NA,San Luis Potosi,2598831,18,0,139,8
2020-04-29,Mexico,NA,San Luis Potosi,2598831,9,1,148,9
2020-04-30,Mexico,NA,San Luis Potosi,2598831,10,1,158,10
2020-05-01,Mexico,NA,San Luis Potosi,2598831,14,0,172,10
2020-05-02,Mexico,NA,San Luis Potosi,2598831,14,0,186,10
2020-05-03,Mexico,NA,San Luis Potosi,2598831,10,1,196,11
2020-05-04,Mexico,NA,San Luis Potosi,2598831,27,2,223,13
2020-05-05,Mexico,NA,San Luis Potosi,2598831,16,1,239,14
2020-05-06,Mexico,NA,San Luis Potosi,2598831,34,1,273,15
2020-05-07,Mexico,NA,San Luis Potosi,2598831,13,1,286,16
2020-05-08,Mexico,NA,San Luis Potosi,2598831,26,1,312,17
2020-05-09,Mexico,NA,San Luis Potosi,2598831,12,1,324,18
2020-05-10,Mexico,NA,San Luis Potosi,2598831,19,0,343,18
2020-05-11,Mexico,NA,San Luis Potosi,2598831,31,1,374,19
2020-05-12,Mexico,NA,San Luis Potosi,2598831,23,1,397,20
2020-05-13,Mexico,NA,San Luis Potosi,2598831,25,0,422,20
2020-05-14,Mexico,NA,San Luis Potosi,2598831,35,1,457,21
2020-05-15,Mexico,NA,San Luis Potosi,2598831,27,2,484,23
2020-05-16,Mexico,NA,San Luis Potosi,2598831,25,4,509,27
2020-05-17,Mexico,NA,San Luis Potosi,2598831,15,5,524,32
2020-05-18,Mexico,NA,San Luis Potosi,2598831,34,2,558,34
2020-05-19,Mexico,NA,San Luis Potosi,2598831,27,0,585,34
2020-05-20,Mexico,NA,San Luis Potosi,2598831,40,3,625,37
2020-05-21,Mexico,NA,San Luis Potosi,2598831,37,1,662,38
2020-05-22,Mexico,NA,San Luis Potosi,2598831,55,2,717,40
2020-05-23,Mexico,NA,San Luis Potosi,2598831,20,3,737,43
2020-05-24,Mexico,NA,San Luis Potosi,2598831,21,2,758,45
2020-05-25,Mexico,NA,San Luis Potosi,2598831,49,3,807,48
2020-05-26,Mexico,NA,San Luis Potosi,2598831,39,3,846,51
2020-05-27,Mexico,NA,San Luis Potosi,2598831,60,1,906,52
2020-05-28,Mexico,NA,San Luis Potosi,2598831,38,1,944,53
2020-05-29,Mexico,NA,San Luis Potosi,2598831,50,2,994,55
2020-05-30,Mexico,NA,San Luis Potosi,2598831,24,2,1018,57
2020-05-31,Mexico,NA,San Luis Potosi,2598831,18,4,1036,61
2020-06-01,Mexico,NA,San Luis Potosi,2598831,52,6,1088,67
2020-06-02,Mexico,NA,San Luis Potosi,2598831,54,1,1142,68
2020-06-03,Mexico,NA,San Luis Potosi,2598831,77,5,1219,73
2020-06-04,Mexico,NA,San Luis Potosi,2598831,79,5,1298,78
2020-06-05,Mexico,NA,San Luis Potosi,2598831,76,2,1374,80
2020-06-06,Mexico,NA,San Luis Potosi,2598831,59,8,1433,88
2020-06-07,Mexico,NA,San Luis Potosi,2598831,49,6,1482,94
2020-06-08,Mexico,NA,San Luis Potosi,2598831,115,6,1597,100
2020-06-09,Mexico,NA,San Luis Potosi,2598831,93,3,1690,103
2020-06-10,Mexico,NA,San Luis Potosi,2598831,85,4,1775,107
2020-06-11,Mexico,NA,San Luis Potosi,2598831,78,8,1853,115
2020-06-12,Mexico,NA,San Luis Potosi,2598831,60,4,1913,119
2020-06-13,Mexico,NA,San Luis Potosi,2598831,31,2,1944,121
2020-06-14,Mexico,NA,San Luis Potosi,2598831,23,2,1967,123
2020-06-15,Mexico,NA,San Luis Potosi,2598831,115,0,2082,123
2020-06-16,Mexico,NA,San Luis Potosi,2598831,102,7,2184,130
2020-06-17,Mexico,NA,San Luis Potosi,2598831,114,2,2298,132
2020-06-18,Mexico,NA,San Luis Potosi,2598831,93,2,2391,134
2020-06-19,Mexico,NA,San Luis Potosi,2598831,97,3,2488,137
2020-06-20,Mexico,NA,San Luis Potosi,2598831,50,5,2538,142
2020-06-21,Mexico,NA,San Luis Potosi,2598831,40,7,2578,149
2020-06-22,Mexico,NA,San Luis Potosi,2598831,125,7,2703,156
2020-06-23,Mexico,NA,San Luis Potosi,2598831,128,6,2831,162
2020-06-24,Mexico,NA,San Luis Potosi,2598831,118,12,2949,174
2020-06-25,Mexico,NA,San Luis Potosi,2598831,124,10,3073,184
2020-06-26,Mexico,NA,San Luis Potosi,2598831,108,7,3181,191
2020-06-27,Mexico,NA,San Luis Potosi,2598831,95,4,3276,195
2020-06-28,Mexico,NA,San Luis Potosi,2598831,43,8,3319,203
2020-06-29,Mexico,NA,San Luis Potosi,2598831,140,4,3459,207
2020-06-30,Mexico,NA,San Luis Potosi,2598831,142,11,3601,218
2020-07-01,Mexico,NA,San Luis Potosi,2598831,148,8,3749,226
2020-07-02,Mexico,NA,San Luis Potosi,2598831,154,3,3903,229
2020-07-03,Mexico,NA,San Luis Potosi,2598831,170,5,4073,234
2020-07-04,Mexico,NA,San Luis Potosi,2598831,78,3,4151,237
2020-07-05,Mexico,NA,San Luis Potosi,2598831,56,7,4207,244
2020-07-06,Mexico,NA,San Luis Potosi,2598831,207,12,4414,256
2020-07-07,Mexico,NA,San Luis Potosi,2598831,191,10,4605,266
2020-07-08,Mexico,NA,San Luis Potosi,2598831,204,7,4809,273
2020-07-09,Mexico,NA,San Luis Potosi,2598831,230,10,5039,283
2020-07-10,Mexico,NA,San Luis Potosi,2598831,270,12,5309,295
2020-07-11,Mexico,NA,San Luis Potosi,2598831,177,6,5486,301
2020-07-12,Mexico,NA,San Luis Potosi,2598831,105,13,5591,314
2020-07-13,Mexico,NA,San Luis Potosi,2598831,356,15,5947,329
2020-07-14,Mexico,NA,San Luis Potosi,2598831,354,16,6301,345
2020-07-15,Mexico,NA,San Luis Potosi,2598831,420,17,6721,362
2020-07-16,Mexico,NA,San Luis Potosi,2598831,361,23,7082,385
2020-07-17,Mexico,NA,San Luis Potosi,2598831,405,16,7487,401
2020-07-18,Mexico,NA,San Luis Potosi,2598831,219,10,7706,411
2020-07-19,Mexico,NA,San Luis Potosi,2598831,241,18,7947,429
2020-07-20,Mexico,NA,San Luis Potosi,2598831,419,18,8366,447
2020-07-21,Mexico,NA,San Luis Potosi,2598831,409,23,8775,470
2020-07-22,Mexico,NA,San Luis Potosi,2598831,384,26,9159,496
2020-07-23,Mexico,NA,San Luis Potosi,2598831,399,31,9558,527
2020-07-24,Mexico,NA,San Luis Potosi,2598831,396,21,9954,548
2020-07-25,Mexico,NA,San Luis Potosi,2598831,245,24,10199,572
2020-07-26,Mexico,NA,San Luis Potosi,2598831,142,16,10341,588
2020-07-27,Mexico,NA,San Luis Potosi,2598831,398,22,10739,610
2020-07-28,Mexico,NA,San Luis Potosi,2598831,405,33,11144,643
2020-07-29,Mexico,NA,San Luis Potosi,2598831,374,17,11518,660
2020-07-30,Mexico,NA,San Luis Potosi,2598831,297,21,11815,681
2020-07-31,Mexico,NA,San Luis Potosi,2598831,344,26,12159,707
2020-08-01,Mexico,NA,San Luis Potosi,2598831,200,13,12359,720
2020-08-02,Mexico,NA,San Luis Potosi,2598831,124,23,12483,743
2020-08-03,Mexico,NA,San Luis Potosi,2598831,347,29,12830,772
2020-08-04,Mexico,NA,San Luis Potosi,2598831,335,25,13165,797
2020-08-05,Mexico,NA,San Luis Potosi,2598831,354,26,13519,823
2020-08-06,Mexico,NA,San Luis Potosi,2598831,340,22,13859,845
2020-08-07,Mexico,NA,San Luis Potosi,2598831,285,21,14144,866
2020-08-08,Mexico,NA,San Luis Potosi,2598831,182,22,14326,888
2020-08-09,Mexico,NA,San Luis Potosi,2598831,113,24,14439,912
2020-08-10,Mexico,NA,San Luis Potosi,2598831,293,22,14732,934
2020-08-11,Mexico,NA,San Luis Potosi,2598831,251,29,14983,963
2020-08-12,Mexico,NA,San Luis Potosi,2598831,272,22,15255,985
2020-08-13,Mexico,NA,San Luis Potosi,2598831,250,23,15505,1008
2020-08-14,Mexico,NA,San Luis Potosi,2598831,267,29,15772,1037
2020-08-15,Mexico,NA,San Luis Potosi,2598831,146,15,15918,1052
2020-08-16,Mexico,NA,San Luis Potosi,2598831,149,10,16067,1062
2020-08-17,Mexico,NA,San Luis Potosi,2598831,314,21,16381,1083
2020-08-18,Mexico,NA,San Luis Potosi,2598831,279,14,16660,1097
2020-08-19,Mexico,NA,San Luis Potosi,2598831,276,10,16936,1107
2020-08-20,Mexico,NA,San Luis Potosi,2598831,262,18,17198,1125
2020-08-21,Mexico,NA,San Luis Potosi,2598831,282,13,17480,1138
2020-08-22,Mexico,NA,San Luis Potosi,2598831,158,18,17638,1156
2020-08-23,Mexico,NA,San Luis Potosi,2598831,99,11,17737,1167
2020-08-24,Mexico,NA,San Luis Potosi,2598831,284,29,18021,1196
2020-08-25,Mexico,NA,San Luis Potosi,2598831,218,20,18239,1216
2020-08-26,Mexico,NA,San Luis Potosi,2598831,254,14,18493,1230
2020-08-27,Mexico,NA,San Luis Potosi,2598831,184,19,18677,1249
2020-08-28,Mexico,NA,San Luis Potosi,2598831,157,16,18834,1265
2020-08-29,Mexico,NA,San Luis Potosi,2598831,109,10,18943,1275
2020-08-30,Mexico,NA,San Luis Potosi,2598831,110,19,19053,1294
2020-08-31,Mexico,NA,San Luis Potosi,2598831,267,14,19320,1308
2020-09-01,Mexico,NA,San Luis Potosi,2598831,215,11,19535,1319
2020-09-02,Mexico,NA,San Luis Potosi,2598831,247,22,19782,1341
2020-09-03,Mexico,NA,San Luis Potosi,2598831,191,7,19973,1348
2020-09-04,Mexico,NA,San Luis Potosi,2598831,174,11,20147,1359
2020-09-05,Mexico,NA,San Luis Potosi,2598831,80,14,20227,1373
2020-09-06,Mexico,NA,San Luis Potosi,2598831,60,14,20287,1387
2020-09-07,Mexico,NA,San Luis Potosi,2598831,194,13,20481,1400
2020-09-08,Mexico,NA,San Luis Potosi,2598831,159,13,20640,1413
2020-09-09,Mexico,NA,San Luis Potosi,2598831,151,8,20791,1421
2020-09-10,Mexico,NA,San Luis Potosi,2598831,140,6,20931,1427
2020-09-11,Mexico,NA,San Luis Potosi,2598831,77,9,21008,1436
2020-09-12,Mexico,NA,San Luis Potosi,2598831,9,2,21017,1438
2020-09-13,Mexico,NA,San Luis Potosi,2598831,0,4,21017,1442
2020-09-14,Mexico,NA,San Luis Potosi,2598831,5,1,21022,1443
2020-03-24,Mexico,NA,Sinaloa,2783193,6,0,16,0
2020-03-25,Mexico,NA,Sinaloa,2783193,8,0,24,0
2020-03-26,Mexico,NA,Sinaloa,2783193,9,1,33,1
2020-03-27,Mexico,NA,Sinaloa,2783193,9,0,42,1
2020-03-28,Mexico,NA,Sinaloa,2783193,5,1,47,2
2020-03-29,Mexico,NA,Sinaloa,2783193,6,1,53,3
2020-03-30,Mexico,NA,Sinaloa,2783193,11,0,64,3
2020-03-31,Mexico,NA,Sinaloa,2783193,15,1,79,4
2020-04-01,Mexico,NA,Sinaloa,2783193,14,2,93,6
2020-04-02,Mexico,NA,Sinaloa,2783193,28,3,121,9
2020-04-03,Mexico,NA,Sinaloa,2783193,10,2,131,11
2020-04-04,Mexico,NA,Sinaloa,2783193,12,5,143,16
2020-04-05,Mexico,NA,Sinaloa,2783193,15,0,158,16
2020-04-06,Mexico,NA,Sinaloa,2783193,27,1,185,17
2020-04-07,Mexico,NA,Sinaloa,2783193,20,3,205,20
2020-04-08,Mexico,NA,Sinaloa,2783193,29,6,234,26
2020-04-09,Mexico,NA,Sinaloa,2783193,12,7,246,33
2020-04-10,Mexico,NA,Sinaloa,2783193,33,10,279,43
2020-04-11,Mexico,NA,Sinaloa,2783193,24,8,303,51
2020-04-12,Mexico,NA,Sinaloa,2783193,22,7,325,58
2020-04-13,Mexico,NA,Sinaloa,2783193,47,8,372,66
2020-04-14,Mexico,NA,Sinaloa,2783193,46,5,418,71
2020-04-15,Mexico,NA,Sinaloa,2783193,49,6,467,77
2020-04-16,Mexico,NA,Sinaloa,2783193,40,4,507,81
2020-04-17,Mexico,NA,Sinaloa,2783193,38,5,545,86
2020-04-18,Mexico,NA,Sinaloa,2783193,31,5,576,91
2020-04-19,Mexico,NA,Sinaloa,2783193,31,4,607,95
2020-04-20,Mexico,NA,Sinaloa,2783193,61,10,668,105
2020-04-21,Mexico,NA,Sinaloa,2783193,46,6,714,111
2020-04-22,Mexico,NA,Sinaloa,2783193,49,8,763,119
2020-04-23,Mexico,NA,Sinaloa,2783193,67,7,830,126
2020-04-24,Mexico,NA,Sinaloa,2783193,70,6,900,132
2020-04-25,Mexico,NA,Sinaloa,2783193,44,11,944,143
2020-04-26,Mexico,NA,Sinaloa,2783193,36,10,980,153
2020-04-27,Mexico,NA,Sinaloa,2783193,78,10,1058,163
2020-04-28,Mexico,NA,Sinaloa,2783193,46,8,1104,171
2020-04-29,Mexico,NA,Sinaloa,2783193,55,11,1159,182
2020-04-30,Mexico,NA,Sinaloa,2783193,57,12,1216,194
2020-05-01,Mexico,NA,Sinaloa,2783193,58,16,1274,210
2020-05-02,Mexico,NA,Sinaloa,2783193,48,6,1322,216
2020-05-03,Mexico,NA,Sinaloa,2783193,32,9,1354,225
2020-05-04,Mexico,NA,Sinaloa,2783193,76,12,1430,237
2020-05-05,Mexico,NA,Sinaloa,2783193,52,21,1482,258
2020-05-06,Mexico,NA,Sinaloa,2783193,83,6,1565,264
2020-05-07,Mexico,NA,Sinaloa,2783193,64,13,1629,277
2020-05-08,Mexico,NA,Sinaloa,2783193,59,11,1688,288
2020-05-09,Mexico,NA,Sinaloa,2783193,52,4,1740,292
2020-05-10,Mexico,NA,Sinaloa,2783193,40,6,1780,298
2020-05-11,Mexico,NA,Sinaloa,2783193,69,13,1849,311
2020-05-12,Mexico,NA,Sinaloa,2783193,85,15,1934,326
2020-05-13,Mexico,NA,Sinaloa,2783193,77,4,2011,330
2020-05-14,Mexico,NA,Sinaloa,2783193,98,17,2109,347
2020-05-15,Mexico,NA,Sinaloa,2783193,96,17,2205,364
2020-05-16,Mexico,NA,Sinaloa,2783193,67,14,2272,378
2020-05-17,Mexico,NA,Sinaloa,2783193,64,18,2336,396
2020-05-18,Mexico,NA,Sinaloa,2783193,140,18,2476,414
2020-05-19,Mexico,NA,Sinaloa,2783193,102,15,2578,429
2020-05-20,Mexico,NA,Sinaloa,2783193,122,15,2700,444
2020-05-21,Mexico,NA,Sinaloa,2783193,116,24,2816,468
2020-05-22,Mexico,NA,Sinaloa,2783193,143,16,2959,484
2020-05-23,Mexico,NA,Sinaloa,2783193,60,19,3019,503
2020-05-24,Mexico,NA,Sinaloa,2783193,80,15,3099,518
2020-05-25,Mexico,NA,Sinaloa,2783193,169,18,3268,536
2020-05-26,Mexico,NA,Sinaloa,2783193,182,17,3450,553
2020-05-27,Mexico,NA,Sinaloa,2783193,191,28,3641,581
2020-05-28,Mexico,NA,Sinaloa,2783193,159,23,3800,604
2020-05-29,Mexico,NA,Sinaloa,2783193,181,22,3981,626
2020-05-30,Mexico,NA,Sinaloa,2783193,131,23,4112,649
2020-05-31,Mexico,NA,Sinaloa,2783193,69,28,4181,677
2020-06-01,Mexico,NA,Sinaloa,2783193,207,30,4388,707
2020-06-02,Mexico,NA,Sinaloa,2783193,173,27,4561,734
2020-06-03,Mexico,NA,Sinaloa,2783193,211,40,4772,774
2020-06-04,Mexico,NA,Sinaloa,2783193,190,27,4962,801
2020-06-05,Mexico,NA,Sinaloa,2783193,215,34,5177,835
2020-06-06,Mexico,NA,Sinaloa,2783193,153,25,5330,860
2020-06-07,Mexico,NA,Sinaloa,2783193,102,31,5432,891
2020-06-08,Mexico,NA,Sinaloa,2783193,211,37,5643,928
2020-06-09,Mexico,NA,Sinaloa,2783193,240,20,5883,948
2020-06-10,Mexico,NA,Sinaloa,2783193,225,22,6108,970
2020-06-11,Mexico,NA,Sinaloa,2783193,231,21,6339,991
2020-06-12,Mexico,NA,Sinaloa,2783193,291,48,6630,1039
2020-06-13,Mexico,NA,Sinaloa,2783193,91,26,6721,1065
2020-06-14,Mexico,NA,Sinaloa,2783193,85,26,6806,1091
2020-06-15,Mexico,NA,Sinaloa,2783193,187,31,6993,1122
2020-06-16,Mexico,NA,Sinaloa,2783193,207,30,7200,1152
2020-06-17,Mexico,NA,Sinaloa,2783193,191,31,7391,1183
2020-06-18,Mexico,NA,Sinaloa,2783193,163,28,7554,1211
2020-06-19,Mexico,NA,Sinaloa,2783193,173,22,7727,1233
2020-06-20,Mexico,NA,Sinaloa,2783193,136,24,7863,1257
2020-06-21,Mexico,NA,Sinaloa,2783193,85,34,7948,1291
2020-06-22,Mexico,NA,Sinaloa,2783193,209,33,8157,1324
2020-06-23,Mexico,NA,Sinaloa,2783193,198,31,8355,1355
2020-06-24,Mexico,NA,Sinaloa,2783193,207,29,8562,1384
2020-06-25,Mexico,NA,Sinaloa,2783193,137,30,8699,1414
2020-06-26,Mexico,NA,Sinaloa,2783193,182,27,8881,1441
2020-06-27,Mexico,NA,Sinaloa,2783193,94,35,8975,1476
2020-06-28,Mexico,NA,Sinaloa,2783193,80,30,9055,1506
2020-06-29,Mexico,NA,Sinaloa,2783193,172,29,9227,1535
2020-06-30,Mexico,NA,Sinaloa,2783193,168,22,9395,1557
2020-07-01,Mexico,NA,Sinaloa,2783193,188,20,9583,1577
2020-07-02,Mexico,NA,Sinaloa,2783193,150,25,9733,1602
2020-07-03,Mexico,NA,Sinaloa,2783193,161,36,9894,1638
2020-07-04,Mexico,NA,Sinaloa,2783193,95,27,9989,1665
2020-07-05,Mexico,NA,Sinaloa,2783193,83,41,10072,1706
2020-07-06,Mexico,NA,Sinaloa,2783193,150,30,10222,1736
2020-07-07,Mexico,NA,Sinaloa,2783193,183,30,10405,1766
2020-07-08,Mexico,NA,Sinaloa,2783193,171,29,10576,1795
2020-07-09,Mexico,NA,Sinaloa,2783193,156,34,10732,1829
2020-07-10,Mexico,NA,Sinaloa,2783193,161,15,10893,1844
2020-07-11,Mexico,NA,Sinaloa,2783193,90,22,10983,1866
2020-07-12,Mexico,NA,Sinaloa,2783193,98,29,11081,1895
2020-07-13,Mexico,NA,Sinaloa,2783193,190,37,11271,1932
2020-07-14,Mexico,NA,Sinaloa,2783193,176,29,11447,1961
2020-07-15,Mexico,NA,Sinaloa,2783193,162,33,11609,1994
2020-07-16,Mexico,NA,Sinaloa,2783193,128,24,11737,2018
2020-07-17,Mexico,NA,Sinaloa,2783193,143,33,11880,2051
2020-07-18,Mexico,NA,Sinaloa,2783193,74,22,11954,2073
2020-07-19,Mexico,NA,Sinaloa,2783193,52,38,12006,2111
2020-07-20,Mexico,NA,Sinaloa,2783193,143,30,12149,2141
2020-07-21,Mexico,NA,Sinaloa,2783193,132,18,12281,2159
2020-07-22,Mexico,NA,Sinaloa,2783193,127,23,12408,2182
2020-07-23,Mexico,NA,Sinaloa,2783193,129,23,12537,2205
2020-07-24,Mexico,NA,Sinaloa,2783193,120,22,12657,2227
2020-07-25,Mexico,NA,Sinaloa,2783193,71,25,12728,2252
2020-07-26,Mexico,NA,Sinaloa,2783193,78,28,12806,2280
2020-07-27,Mexico,NA,Sinaloa,2783193,193,31,12999,2311
2020-07-28,Mexico,NA,Sinaloa,2783193,149,18,13148,2329
2020-07-29,Mexico,NA,Sinaloa,2783193,140,20,13288,2349
2020-07-30,Mexico,NA,Sinaloa,2783193,130,16,13418,2365
2020-07-31,Mexico,NA,Sinaloa,2783193,101,26,13519,2391
2020-08-01,Mexico,NA,Sinaloa,2783193,73,21,13592,2412
2020-08-02,Mexico,NA,Sinaloa,2783193,49,9,13641,2421
2020-08-03,Mexico,NA,Sinaloa,2783193,158,19,13799,2440
2020-08-04,Mexico,NA,Sinaloa,2783193,126,29,13925,2469
2020-08-05,Mexico,NA,Sinaloa,2783193,115,14,14040,2483
2020-08-06,Mexico,NA,Sinaloa,2783193,123,21,14163,2504
2020-08-07,Mexico,NA,Sinaloa,2783193,112,23,14275,2527
2020-08-08,Mexico,NA,Sinaloa,2783193,68,14,14343,2541
2020-08-09,Mexico,NA,Sinaloa,2783193,59,27,14402,2568
2020-08-10,Mexico,NA,Sinaloa,2783193,129,14,14531,2582
2020-08-11,Mexico,NA,Sinaloa,2783193,108,14,14639,2596
2020-08-12,Mexico,NA,Sinaloa,2783193,117,18,14756,2614
2020-08-13,Mexico,NA,Sinaloa,2783193,114,22,14870,2636
2020-08-14,Mexico,NA,Sinaloa,2783193,109,15,14979,2651
2020-08-15,Mexico,NA,Sinaloa,2783193,56,6,15035,2657
2020-08-16,Mexico,NA,Sinaloa,2783193,42,12,15077,2669
2020-08-17,Mexico,NA,Sinaloa,2783193,122,18,15199,2687
2020-08-18,Mexico,NA,Sinaloa,2783193,115,12,15314,2699
2020-08-19,Mexico,NA,Sinaloa,2783193,133,22,15447,2721
2020-08-20,Mexico,NA,Sinaloa,2783193,109,19,15556,2740
2020-08-21,Mexico,NA,Sinaloa,2783193,103,14,15659,2754
2020-08-22,Mexico,NA,Sinaloa,2783193,47,19,15706,2773
2020-08-23,Mexico,NA,Sinaloa,2783193,50,11,15756,2784
2020-08-24,Mexico,NA,Sinaloa,2783193,109,16,15865,2800
2020-08-25,Mexico,NA,Sinaloa,2783193,122,14,15987,2814
2020-08-26,Mexico,NA,Sinaloa,2783193,124,8,16111,2822
2020-08-27,Mexico,NA,Sinaloa,2783193,100,10,16211,2832
2020-08-28,Mexico,NA,Sinaloa,2783193,99,12,16310,2844
2020-08-29,Mexico,NA,Sinaloa,2783193,48,14,16358,2858
2020-08-30,Mexico,NA,Sinaloa,2783193,47,16,16405,2874
2020-08-31,Mexico,NA,Sinaloa,2783193,121,13,16526,2887
2020-09-01,Mexico,NA,Sinaloa,2783193,136,9,16662,2896
2020-09-02,Mexico,NA,Sinaloa,2783193,147,7,16809,2903
2020-09-03,Mexico,NA,Sinaloa,2783193,76,16,16885,2919
2020-09-04,Mexico,NA,Sinaloa,2783193,113,9,16998,2928
2020-09-05,Mexico,NA,Sinaloa,2783193,31,12,17029,2940
2020-09-06,Mexico,NA,Sinaloa,2783193,39,10,17068,2950
2020-09-07,Mexico,NA,Sinaloa,2783193,101,10,17169,2960
2020-09-08,Mexico,NA,Sinaloa,2783193,95,2,17264,2962
2020-09-09,Mexico,NA,Sinaloa,2783193,69,8,17333,2970
2020-09-10,Mexico,NA,Sinaloa,2783193,73,9,17406,2979
2020-09-11,Mexico,NA,Sinaloa,2783193,53,5,17459,2984
2020-09-12,Mexico,NA,Sinaloa,2783193,14,6,17473,2990
2020-09-13,Mexico,NA,Sinaloa,2783193,4,4,17477,2994
2020-09-14,Mexico,NA,Sinaloa,2783193,5,0,17482,2994
2020-03-24,Mexico,NA,Sonora,2684101,4,0,12,0
2020-03-25,Mexico,NA,Sonora,2684101,3,0,15,0
2020-03-26,Mexico,NA,Sonora,2684101,1,0,16,0
2020-03-27,Mexico,NA,Sonora,2684101,5,0,21,0
2020-03-28,Mexico,NA,Sonora,2684101,4,0,25,0
2020-03-30,Mexico,NA,Sonora,2684101,2,1,27,1
2020-03-31,Mexico,NA,Sonora,2684101,5,0,32,1
2020-04-01,Mexico,NA,Sonora,2684101,1,0,33,1
2020-04-02,Mexico,NA,Sonora,2684101,3,0,36,1
2020-04-03,Mexico,NA,Sonora,2684101,1,0,37,1
2020-04-04,Mexico,NA,Sonora,2684101,7,0,44,1
2020-04-05,Mexico,NA,Sonora,2684101,2,2,46,3
2020-04-06,Mexico,NA,Sonora,2684101,11,1,57,4
2020-04-07,Mexico,NA,Sonora,2684101,14,1,71,5
2020-04-08,Mexico,NA,Sonora,2684101,16,1,87,6
2020-04-09,Mexico,NA,Sonora,2684101,7,1,94,7
2020-04-10,Mexico,NA,Sonora,2684101,7,0,101,7
2020-04-11,Mexico,NA,Sonora,2684101,6,1,107,8
2020-04-12,Mexico,NA,Sonora,2684101,3,3,110,11
2020-04-13,Mexico,NA,Sonora,2684101,18,0,128,11
2020-04-14,Mexico,NA,Sonora,2684101,9,1,137,12
2020-04-15,Mexico,NA,Sonora,2684101,13,2,150,14
2020-04-16,Mexico,NA,Sonora,2684101,15,0,165,14
2020-04-17,Mexico,NA,Sonora,2684101,15,1,180,15
2020-04-18,Mexico,NA,Sonora,2684101,14,0,194,15
2020-04-19,Mexico,NA,Sonora,2684101,7,2,201,17
2020-04-20,Mexico,NA,Sonora,2684101,9,3,210,20
2020-04-21,Mexico,NA,Sonora,2684101,15,3,225,23
2020-04-22,Mexico,NA,Sonora,2684101,22,3,247,26
2020-04-23,Mexico,NA,Sonora,2684101,9,1,256,27
2020-04-24,Mexico,NA,Sonora,2684101,21,1,277,28
2020-04-25,Mexico,NA,Sonora,2684101,9,1,286,29
2020-04-26,Mexico,NA,Sonora,2684101,15,0,301,29
2020-04-27,Mexico,NA,Sonora,2684101,35,3,336,32
2020-04-28,Mexico,NA,Sonora,2684101,15,1,351,33
2020-04-29,Mexico,NA,Sonora,2684101,17,3,368,36
2020-04-30,Mexico,NA,Sonora,2684101,34,1,402,37
2020-05-01,Mexico,NA,Sonora,2684101,24,1,426,38
2020-05-02,Mexico,NA,Sonora,2684101,32,3,458,41
2020-05-03,Mexico,NA,Sonora,2684101,26,1,484,42
2020-05-04,Mexico,NA,Sonora,2684101,67,2,551,44
2020-05-05,Mexico,NA,Sonora,2684101,64,0,615,44
2020-05-06,Mexico,NA,Sonora,2684101,46,0,661,44
2020-05-07,Mexico,NA,Sonora,2684101,44,4,705,48
2020-05-08,Mexico,NA,Sonora,2684101,58,2,763,50
2020-05-09,Mexico,NA,Sonora,2684101,53,2,816,52
2020-05-10,Mexico,NA,Sonora,2684101,29,4,845,56
2020-05-11,Mexico,NA,Sonora,2684101,81,4,926,60
2020-05-12,Mexico,NA,Sonora,2684101,77,1,1003,61
2020-05-13,Mexico,NA,Sonora,2684101,113,4,1116,65
2020-05-14,Mexico,NA,Sonora,2684101,86,7,1202,72
2020-05-15,Mexico,NA,Sonora,2684101,109,5,1311,77
2020-05-16,Mexico,NA,Sonora,2684101,69,7,1380,84
2020-05-17,Mexico,NA,Sonora,2684101,62,9,1442,93
2020-05-18,Mexico,NA,Sonora,2684101,172,7,1614,100
2020-05-19,Mexico,NA,Sonora,2684101,157,10,1771,110
2020-05-20,Mexico,NA,Sonora,2684101,154,10,1925,120
2020-05-21,Mexico,NA,Sonora,2684101,180,4,2105,124
2020-05-22,Mexico,NA,Sonora,2684101,158,9,2263,133
2020-05-23,Mexico,NA,Sonora,2684101,134,14,2397,147
2020-05-24,Mexico,NA,Sonora,2684101,108,11,2505,158
2020-05-25,Mexico,NA,Sonora,2684101,234,14,2739,172
2020-05-26,Mexico,NA,Sonora,2684101,285,17,3024,189
2020-05-27,Mexico,NA,Sonora,2684101,238,12,3262,201
2020-05-28,Mexico,NA,Sonora,2684101,267,14,3529,215
2020-05-29,Mexico,NA,Sonora,2684101,217,23,3746,238
2020-05-30,Mexico,NA,Sonora,2684101,148,18,3894,256
2020-05-31,Mexico,NA,Sonora,2684101,126,13,4020,269
2020-06-01,Mexico,NA,Sonora,2684101,251,21,4271,290
2020-06-02,Mexico,NA,Sonora,2684101,249,13,4520,303
2020-06-03,Mexico,NA,Sonora,2684101,252,16,4772,319
2020-06-04,Mexico,NA,Sonora,2684101,247,24,5019,343
2020-06-05,Mexico,NA,Sonora,2684101,256,35,5275,378
2020-06-06,Mexico,NA,Sonora,2684101,164,25,5439,403
2020-06-07,Mexico,NA,Sonora,2684101,117,22,5556,425
2020-06-08,Mexico,NA,Sonora,2684101,274,29,5830,454
2020-06-09,Mexico,NA,Sonora,2684101,293,24,6123,478
2020-06-10,Mexico,NA,Sonora,2684101,265,33,6388,511
2020-06-11,Mexico,NA,Sonora,2684101,278,33,6666,544
2020-06-12,Mexico,NA,Sonora,2684101,261,36,6927,580
2020-06-13,Mexico,NA,Sonora,2684101,168,25,7095,605
2020-06-14,Mexico,NA,Sonora,2684101,135,31,7230,636
2020-06-15,Mexico,NA,Sonora,2684101,296,40,7526,676
2020-06-16,Mexico,NA,Sonora,2684101,316,42,7842,718
2020-06-17,Mexico,NA,Sonora,2684101,329,33,8171,751
2020-06-18,Mexico,NA,Sonora,2684101,281,41,8452,792
2020-06-19,Mexico,NA,Sonora,2684101,306,31,8758,823
2020-06-20,Mexico,NA,Sonora,2684101,190,37,8948,860
2020-06-21,Mexico,NA,Sonora,2684101,161,25,9109,885
2020-06-22,Mexico,NA,Sonora,2684101,360,39,9469,924
2020-06-23,Mexico,NA,Sonora,2684101,363,54,9832,978
2020-06-24,Mexico,NA,Sonora,2684101,350,48,10182,1026
2020-06-25,Mexico,NA,Sonora,2684101,382,47,10564,1073
2020-06-26,Mexico,NA,Sonora,2684101,339,40,10903,1113
2020-06-27,Mexico,NA,Sonora,2684101,200,35,11103,1148
2020-06-28,Mexico,NA,Sonora,2684101,181,44,11284,1192
2020-06-29,Mexico,NA,Sonora,2684101,371,44,11655,1236
2020-06-30,Mexico,NA,Sonora,2684101,461,37,12116,1273
2020-07-01,Mexico,NA,Sonora,2684101,385,42,12501,1315
2020-07-02,Mexico,NA,Sonora,2684101,408,41,12909,1356
2020-07-03,Mexico,NA,Sonora,2684101,348,39,13257,1395
2020-07-04,Mexico,NA,Sonora,2684101,186,44,13443,1439
2020-07-05,Mexico,NA,Sonora,2684101,227,40,13670,1479
2020-07-06,Mexico,NA,Sonora,2684101,482,44,14152,1523
2020-07-07,Mexico,NA,Sonora,2684101,425,41,14577,1564
2020-07-08,Mexico,NA,Sonora,2684101,396,40,14973,1604
2020-07-09,Mexico,NA,Sonora,2684101,362,50,15335,1654
2020-07-10,Mexico,NA,Sonora,2684101,327,51,15662,1705
2020-07-11,Mexico,NA,Sonora,2684101,199,45,15861,1750
2020-07-12,Mexico,NA,Sonora,2684101,137,40,15998,1790
2020-07-13,Mexico,NA,Sonora,2684101,352,44,16350,1834
2020-07-14,Mexico,NA,Sonora,2684101,276,50,16626,1884
2020-07-15,Mexico,NA,Sonora,2684101,228,38,16854,1922
2020-07-16,Mexico,NA,Sonora,2684101,223,45,17077,1967
2020-07-17,Mexico,NA,Sonora,2684101,189,31,17266,1998
2020-07-18,Mexico,NA,Sonora,2684101,92,37,17358,2035
2020-07-19,Mexico,NA,Sonora,2684101,90,35,17448,2070
2020-07-20,Mexico,NA,Sonora,2684101,210,31,17658,2101
2020-07-21,Mexico,NA,Sonora,2684101,173,45,17831,2146
2020-07-22,Mexico,NA,Sonora,2684101,163,22,17994,2168
2020-07-23,Mexico,NA,Sonora,2684101,151,37,18145,2205
2020-07-24,Mexico,NA,Sonora,2684101,154,22,18299,2227
2020-07-25,Mexico,NA,Sonora,2684101,75,22,18374,2249
2020-07-26,Mexico,NA,Sonora,2684101,76,32,18450,2281
2020-07-27,Mexico,NA,Sonora,2684101,196,34,18646,2315
2020-07-28,Mexico,NA,Sonora,2684101,163,25,18809,2340
2020-07-29,Mexico,NA,Sonora,2684101,183,19,18992,2359
2020-07-30,Mexico,NA,Sonora,2684101,172,27,19164,2386
2020-07-31,Mexico,NA,Sonora,2684101,120,17,19284,2403
2020-08-01,Mexico,NA,Sonora,2684101,88,14,19372,2417
2020-08-02,Mexico,NA,Sonora,2684101,81,11,19453,2428
2020-08-03,Mexico,NA,Sonora,2684101,210,18,19663,2446
2020-08-04,Mexico,NA,Sonora,2684101,142,25,19805,2471
2020-08-05,Mexico,NA,Sonora,2684101,134,12,19939,2483
2020-08-06,Mexico,NA,Sonora,2684101,129,14,20068,2497
2020-08-07,Mexico,NA,Sonora,2684101,116,19,20184,2516
2020-08-08,Mexico,NA,Sonora,2684101,62,12,20246,2528
2020-08-09,Mexico,NA,Sonora,2684101,66,5,20312,2533
2020-08-10,Mexico,NA,Sonora,2684101,146,6,20458,2539
2020-08-11,Mexico,NA,Sonora,2684101,129,22,20587,2561
2020-08-12,Mexico,NA,Sonora,2684101,128,12,20715,2573
2020-08-13,Mexico,NA,Sonora,2684101,127,14,20842,2587
2020-08-14,Mexico,NA,Sonora,2684101,124,11,20966,2598
2020-08-15,Mexico,NA,Sonora,2684101,62,7,21028,2605
2020-08-16,Mexico,NA,Sonora,2684101,38,15,21066,2620
2020-08-17,Mexico,NA,Sonora,2684101,152,15,21218,2635
2020-08-18,Mexico,NA,Sonora,2684101,107,7,21325,2642
2020-08-19,Mexico,NA,Sonora,2684101,116,11,21441,2653
2020-08-20,Mexico,NA,Sonora,2684101,85,9,21526,2662
2020-08-21,Mexico,NA,Sonora,2684101,93,8,21619,2670
2020-08-22,Mexico,NA,Sonora,2684101,64,3,21683,2673
2020-08-23,Mexico,NA,Sonora,2684101,45,6,21728,2679
2020-08-24,Mexico,NA,Sonora,2684101,106,7,21834,2686
2020-08-25,Mexico,NA,Sonora,2684101,128,6,21962,2692
2020-08-26,Mexico,NA,Sonora,2684101,117,9,22079,2701
2020-08-27,Mexico,NA,Sonora,2684101,91,5,22170,2706
2020-08-28,Mexico,NA,Sonora,2684101,95,8,22265,2714
2020-08-29,Mexico,NA,Sonora,2684101,48,5,22313,2719
2020-08-30,Mexico,NA,Sonora,2684101,37,3,22350,2722
2020-08-31,Mexico,NA,Sonora,2684101,121,8,22471,2730
2020-09-01,Mexico,NA,Sonora,2684101,115,2,22586,2732
2020-09-02,Mexico,NA,Sonora,2684101,96,5,22682,2737
2020-09-03,Mexico,NA,Sonora,2684101,77,4,22759,2741
2020-09-04,Mexico,NA,Sonora,2684101,113,7,22872,2748
2020-09-05,Mexico,NA,Sonora,2684101,28,2,22900,2750
2020-09-06,Mexico,NA,Sonora,2684101,44,7,22944,2757
2020-09-07,Mexico,NA,Sonora,2684101,100,6,23044,2763
2020-09-08,Mexico,NA,Sonora,2684101,123,3,23167,2766
2020-09-09,Mexico,NA,Sonora,2684101,119,5,23286,2771
2020-09-10,Mexico,NA,Sonora,2684101,49,2,23335,2773
2020-09-11,Mexico,NA,Sonora,2684101,14,1,23349,2774
2020-09-12,Mexico,NA,Sonora,2684101,0,1,23349,2775
2020-09-13,Mexico,NA,Sonora,2684101,0,2,23349,2777
2020-09-14,Mexico,NA,Sonora,2684101,1,0,23350,2777
2020-03-11,Mexico,NA,State of Mexico,15181290,2,0,11,0
2020-03-12,Mexico,NA,State of Mexico,15181290,3,0,14,0
2020-03-13,Mexico,NA,State of Mexico,15181290,12,0,26,0
2020-03-14,Mexico,NA,State of Mexico,15181290,4,0,30,0
2020-03-15,Mexico,NA,State of Mexico,15181290,10,0,40,0
2020-03-16,Mexico,NA,State of Mexico,15181290,6,0,46,0
2020-03-17,Mexico,NA,State of Mexico,15181290,7,0,53,0
2020-03-18,Mexico,NA,State of Mexico,15181290,6,1,59,1
2020-03-19,Mexico,NA,State of Mexico,15181290,13,0,72,1
2020-03-20,Mexico,NA,State of Mexico,15181290,10,0,82,1
2020-03-21,Mexico,NA,State of Mexico,15181290,5,0,87,1
2020-03-22,Mexico,NA,State of Mexico,15181290,5,0,92,1
2020-03-23,Mexico,NA,State of Mexico,15181290,15,0,107,1
2020-03-24,Mexico,NA,State of Mexico,15181290,23,0,130,1
2020-03-25,Mexico,NA,State of Mexico,15181290,26,0,156,1
2020-03-26,Mexico,NA,State of Mexico,15181290,27,0,183,1
2020-03-27,Mexico,NA,State of Mexico,15181290,43,0,226,1
2020-03-28,Mexico,NA,State of Mexico,15181290,27,4,253,5
2020-03-29,Mexico,NA,State of Mexico,15181290,18,1,271,6
2020-03-30,Mexico,NA,State of Mexico,15181290,55,1,326,7
2020-03-31,Mexico,NA,State of Mexico,15181290,34,2,360,9
2020-04-01,Mexico,NA,State of Mexico,15181290,50,1,410,10
2020-04-02,Mexico,NA,State of Mexico,15181290,50,5,460,15
2020-04-03,Mexico,NA,State of Mexico,15181290,51,3,511,18
2020-04-04,Mexico,NA,State of Mexico,15181290,34,5,545,23
2020-04-05,Mexico,NA,State of Mexico,15181290,41,5,586,28
2020-04-06,Mexico,NA,State of Mexico,15181290,84,4,670,32
2020-04-07,Mexico,NA,State of Mexico,15181290,73,10,743,42
2020-04-08,Mexico,NA,State of Mexico,15181290,88,6,831,48
2020-04-09,Mexico,NA,State of Mexico,15181290,62,5,893,53
2020-04-10,Mexico,NA,State of Mexico,15181290,94,7,987,60
2020-04-11,Mexico,NA,State of Mexico,15181290,78,13,1065,73
2020-04-12,Mexico,NA,State of Mexico,15181290,84,17,1149,90
2020-04-13,Mexico,NA,State of Mexico,15181290,158,19,1307,109
2020-04-14,Mexico,NA,State of Mexico,15181290,161,16,1468,125
2020-04-15,Mexico,NA,State of Mexico,15181290,185,18,1653,143
2020-04-16,Mexico,NA,State of Mexico,15181290,191,18,1844,161
2020-04-17,Mexico,NA,State of Mexico,15181290,161,23,2005,184
2020-04-18,Mexico,NA,State of Mexico,15181290,159,28,2164,212
2020-04-19,Mexico,NA,State of Mexico,15181290,155,27,2319,239
2020-04-20,Mexico,NA,State of Mexico,15181290,264,36,2583,275
2020-04-21,Mexico,NA,State of Mexico,15181290,284,38,2867,313
2020-04-22,Mexico,NA,State of Mexico,15181290,252,40,3119,353
2020-04-23,Mexico,NA,State of Mexico,15181290,274,37,3393,390
2020-04-24,Mexico,NA,State of Mexico,15181290,312,54,3705,444
2020-04-25,Mexico,NA,State of Mexico,15181290,197,48,3902,492
2020-04-26,Mexico,NA,State of Mexico,15181290,214,68,4116,560
2020-04-27,Mexico,NA,State of Mexico,15181290,366,51,4482,611
2020-04-28,Mexico,NA,State of Mexico,15181290,347,59,4829,670
2020-04-29,Mexico,NA,State of Mexico,15181290,323,72,5152,742
2020-04-30,Mexico,NA,State of Mexico,15181290,303,65,5455,807
2020-05-01,Mexico,NA,State of Mexico,15181290,274,78,5729,885
2020-05-02,Mexico,NA,State of Mexico,15181290,235,65,5964,950
2020-05-03,Mexico,NA,State of Mexico,15181290,252,65,6216,1015
2020-05-04,Mexico,NA,State of Mexico,15181290,497,94,6713,1109
2020-05-05,Mexico,NA,State of Mexico,15181290,349,67,7062,1176
2020-05-06,Mexico,NA,State of Mexico,15181290,352,58,7414,1234
2020-05-07,Mexico,NA,State of Mexico,15181290,445,66,7859,1300
2020-05-08,Mexico,NA,State of Mexico,15181290,434,63,8293,1363
2020-05-09,Mexico,NA,State of Mexico,15181290,262,64,8555,1427
2020-05-10,Mexico,NA,State of Mexico,15181290,252,65,8807,1492
2020-05-11,Mexico,NA,State of Mexico,15181290,584,71,9391,1563
2020-05-12,Mexico,NA,State of Mexico,15181290,545,59,9936,1622
2020-05-13,Mexico,NA,State of Mexico,15181290,586,87,10522,1709
2020-05-14,Mexico,NA,State of Mexico,15181290,541,74,11063,1783
2020-05-15,Mexico,NA,State of Mexico,15181290,624,94,11687,1877
2020-05-16,Mexico,NA,State of Mexico,15181290,366,87,12053,1964
2020-05-17,Mexico,NA,State of Mexico,15181290,321,103,12374,2067
2020-05-18,Mexico,NA,State of Mexico,15181290,699,93,13073,2160
2020-05-19,Mexico,NA,State of Mexico,15181290,581,100,13654,2260
2020-05-20,Mexico,NA,State of Mexico,15181290,649,82,14303,2342
2020-05-21,Mexico,NA,State of Mexico,15181290,687,101,14990,2443
2020-05-22,Mexico,NA,State of Mexico,15181290,710,100,15700,2543
2020-05-23,Mexico,NA,State of Mexico,15181290,323,86,16023,2629
2020-05-24,Mexico,NA,State of Mexico,15181290,357,108,16380,2737
2020-05-25,Mexico,NA,State of Mexico,15181290,807,102,17187,2839
2020-05-26,Mexico,NA,State of Mexico,15181290,702,115,17889,2954
2020-05-27,Mexico,NA,State of Mexico,15181290,775,99,18664,3053
2020-05-28,Mexico,NA,State of Mexico,15181290,697,98,19361,3151
2020-05-29,Mexico,NA,State of Mexico,15181290,709,104,20070,3255
2020-05-30,Mexico,NA,State of Mexico,15181290,398,111,20468,3366
2020-05-31,Mexico,NA,State of Mexico,15181290,338,111,20806,3477
2020-06-01,Mexico,NA,State of Mexico,15181290,853,110,21659,3587
2020-06-02,Mexico,NA,State of Mexico,15181290,805,99,22464,3686
2020-06-03,Mexico,NA,State of Mexico,15181290,938,123,23402,3809
2020-06-04,Mexico,NA,State of Mexico,15181290,799,109,24201,3918
2020-06-05,Mexico,NA,State of Mexico,15181290,816,103,25017,4021
2020-06-06,Mexico,NA,State of Mexico,15181290,410,108,25427,4129
2020-06-07,Mexico,NA,State of Mexico,15181290,420,117,25847,4246
2020-06-08,Mexico,NA,State of Mexico,15181290,1061,115,26908,4361
2020-06-09,Mexico,NA,State of Mexico,15181290,893,130,27801,4491
2020-06-10,Mexico,NA,State of Mexico,15181290,899,117,28700,4608
2020-06-11,Mexico,NA,State of Mexico,15181290,749,123,29449,4731
2020-06-12,Mexico,NA,State of Mexico,15181290,748,110,30197,4841
2020-06-13,Mexico,NA,State of Mexico,15181290,375,107,30572,4948
2020-06-14,Mexico,NA,State of Mexico,15181290,377,106,30949,5054
2020-06-15,Mexico,NA,State of Mexico,15181290,882,125,31831,5179
2020-06-16,Mexico,NA,State of Mexico,15181290,864,128,32695,5307
2020-06-17,Mexico,NA,State of Mexico,15181290,774,114,33469,5421
2020-06-18,Mexico,NA,State of Mexico,15181290,749,96,34218,5517
2020-06-19,Mexico,NA,State of Mexico,15181290,754,113,34972,5630
2020-06-20,Mexico,NA,State of Mexico,15181290,375,81,35347,5711
2020-06-21,Mexico,NA,State of Mexico,15181290,258,85,35605,5796
2020-06-22,Mexico,NA,State of Mexico,15181290,764,96,36369,5892
2020-06-23,Mexico,NA,State of Mexico,15181290,665,90,37034,5982
2020-06-24,Mexico,NA,State of Mexico,15181290,703,83,37737,6065
2020-06-25,Mexico,NA,State of Mexico,15181290,591,70,38328,6135
2020-06-26,Mexico,NA,State of Mexico,15181290,691,83,39019,6218
2020-06-27,Mexico,NA,State of Mexico,15181290,280,93,39299,6311
2020-06-28,Mexico,NA,State of Mexico,15181290,270,93,39569,6404
2020-06-29,Mexico,NA,State of Mexico,15181290,829,123,40398,6527
2020-06-30,Mexico,NA,State of Mexico,15181290,634,88,41032,6615
2020-07-01,Mexico,NA,State of Mexico,15181290,840,85,41872,6700
2020-07-02,Mexico,NA,State of Mexico,15181290,656,95,42528,6795
2020-07-03,Mexico,NA,State of Mexico,15181290,683,63,43211,6858
2020-07-04,Mexico,NA,State of Mexico,15181290,332,70,43543,6928
2020-07-05,Mexico,NA,State of Mexico,15181290,264,88,43807,7016
2020-07-06,Mexico,NA,State of Mexico,15181290,733,111,44540,7127
2020-07-07,Mexico,NA,State of Mexico,15181290,651,78,45191,7205
2020-07-08,Mexico,NA,State of Mexico,15181290,663,86,45854,7291
2020-07-09,Mexico,NA,State of Mexico,15181290,516,81,46370,7372
2020-07-10,Mexico,NA,State of Mexico,15181290,688,75,47058,7447
2020-07-11,Mexico,NA,State of Mexico,15181290,262,94,47320,7541
2020-07-12,Mexico,NA,State of Mexico,15181290,225,73,47545,7614
2020-07-13,Mexico,NA,State of Mexico,15181290,671,66,48216,7680
2020-07-14,Mexico,NA,State of Mexico,15181290,586,76,48802,7756
2020-07-15,Mexico,NA,State of Mexico,15181290,698,76,49500,7832
2020-07-16,Mexico,NA,State of Mexico,15181290,611,87,50111,7919
2020-07-17,Mexico,NA,State of Mexico,15181290,618,70,50729,7989
2020-07-18,Mexico,NA,State of Mexico,15181290,280,77,51009,8066
2020-07-19,Mexico,NA,State of Mexico,15181290,272,83,51281,8149
2020-07-20,Mexico,NA,State of Mexico,15181290,789,67,52070,8216
2020-07-21,Mexico,NA,State of Mexico,15181290,769,71,52839,8287
2020-07-22,Mexico,NA,State of Mexico,15181290,703,60,53542,8347
2020-07-23,Mexico,NA,State of Mexico,15181290,577,67,54119,8414
2020-07-24,Mexico,NA,State of Mexico,15181290,589,68,54708,8482
2020-07-25,Mexico,NA,State of Mexico,15181290,234,72,54942,8554
2020-07-26,Mexico,NA,State of Mexico,15181290,194,65,55136,8619
2020-07-27,Mexico,NA,State of Mexico,15181290,687,70,55823,8689
2020-07-28,Mexico,NA,State of Mexico,15181290,589,56,56412,8745
2020-07-29,Mexico,NA,State of Mexico,15181290,645,60,57057,8805
2020-07-30,Mexico,NA,State of Mexico,15181290,546,57,57603,8862
2020-07-31,Mexico,NA,State of Mexico,15181290,537,56,58140,8918
2020-08-01,Mexico,NA,State of Mexico,15181290,255,67,58395,8985
2020-08-02,Mexico,NA,State of Mexico,15181290,209,54,58604,9039
2020-08-03,Mexico,NA,State of Mexico,15181290,643,64,59247,9103
2020-08-04,Mexico,NA,State of Mexico,15181290,615,63,59862,9166
2020-08-05,Mexico,NA,State of Mexico,15181290,576,61,60438,9227
2020-08-06,Mexico,NA,State of Mexico,15181290,512,66,60950,9293
2020-08-07,Mexico,NA,State of Mexico,15181290,541,46,61491,9339
2020-08-08,Mexico,NA,State of Mexico,15181290,225,48,61716,9387
2020-08-09,Mexico,NA,State of Mexico,15181290,179,64,61895,9451
2020-08-10,Mexico,NA,State of Mexico,15181290,610,73,62505,9524
2020-08-11,Mexico,NA,State of Mexico,15181290,516,49,63021,9573
2020-08-12,Mexico,NA,State of Mexico,15181290,515,50,63536,9623
2020-08-13,Mexico,NA,State of Mexico,15181290,500,53,64036,9676
2020-08-14,Mexico,NA,State of Mexico,15181290,456,51,64492,9727
2020-08-15,Mexico,NA,State of Mexico,15181290,232,47,64724,9774
2020-08-16,Mexico,NA,State of Mexico,15181290,146,55,64870,9829
2020-08-17,Mexico,NA,State of Mexico,15181290,548,47,65418,9876
2020-08-18,Mexico,NA,State of Mexico,15181290,549,48,65967,9924
2020-08-19,Mexico,NA,State of Mexico,15181290,446,57,66413,9981
2020-08-20,Mexico,NA,State of Mexico,15181290,448,37,66861,10018
2020-08-21,Mexico,NA,State of Mexico,15181290,492,48,67353,10066
2020-08-22,Mexico,NA,State of Mexico,15181290,210,40,67563,10106
2020-08-23,Mexico,NA,State of Mexico,15181290,194,56,67757,10162
2020-08-24,Mexico,NA,State of Mexico,15181290,525,43,68282,10205
2020-08-25,Mexico,NA,State of Mexico,15181290,532,40,68814,10245
2020-08-26,Mexico,NA,State of Mexico,15181290,447,36,69261,10281
2020-08-27,Mexico,NA,State of Mexico,15181290,461,53,69722,10334
2020-08-28,Mexico,NA,State of Mexico,15181290,479,53,70201,10387
2020-08-29,Mexico,NA,State of Mexico,15181290,196,42,70397,10429
2020-08-30,Mexico,NA,State of Mexico,15181290,130,40,70527,10469
2020-08-31,Mexico,NA,State of Mexico,15181290,531,41,71058,10510
2020-09-01,Mexico,NA,State of Mexico,15181290,482,42,71540,10552
2020-09-02,Mexico,NA,State of Mexico,15181290,526,44,72066,10596
2020-09-03,Mexico,NA,State of Mexico,15181290,412,44,72478,10640
2020-09-04,Mexico,NA,State of Mexico,15181290,464,34,72942,10674
2020-09-05,Mexico,NA,State of Mexico,15181290,201,41,73143,10715
2020-09-06,Mexico,NA,State of Mexico,15181290,130,54,73273,10769
2020-09-07,Mexico,NA,State of Mexico,15181290,448,40,73721,10809
2020-09-08,Mexico,NA,State of Mexico,15181290,349,22,74070,10831
2020-09-09,Mexico,NA,State of Mexico,15181290,299,32,74369,10863
2020-09-10,Mexico,NA,State of Mexico,15181290,266,26,74635,10889
2020-09-11,Mexico,NA,State of Mexico,15181290,176,28,74811,10917
2020-09-12,Mexico,NA,State of Mexico,15181290,38,29,74849,10946
2020-09-13,Mexico,NA,State of Mexico,15181290,17,19,74866,10965
2020-09-14,Mexico,NA,State of Mexico,15181290,28,4,74894,10969
2020-03-23,Mexico,NA,Tabasco,2240834,3,0,11,0
2020-03-24,Mexico,NA,Tabasco,2240834,12,0,23,0
2020-03-25,Mexico,NA,Tabasco,2240834,3,0,26,0
2020-03-26,Mexico,NA,Tabasco,2240834,5,0,31,0
2020-03-27,Mexico,NA,Tabasco,2240834,11,0,42,0
2020-03-28,Mexico,NA,Tabasco,2240834,1,0,43,0
2020-03-29,Mexico,NA,Tabasco,2240834,9,0,52,0
2020-03-30,Mexico,NA,Tabasco,2240834,10,0,62,0
2020-03-31,Mexico,NA,Tabasco,2240834,11,1,73,1
2020-04-01,Mexico,NA,Tabasco,2240834,9,3,82,4
2020-04-02,Mexico,NA,Tabasco,2240834,15,0,97,4
2020-04-03,Mexico,NA,Tabasco,2240834,20,1,117,5
2020-04-04,Mexico,NA,Tabasco,2240834,3,0,120,5
2020-04-05,Mexico,NA,Tabasco,2240834,9,3,129,8
2020-04-06,Mexico,NA,Tabasco,2240834,7,3,136,11
2020-04-07,Mexico,NA,Tabasco,2240834,13,0,149,11
2020-04-08,Mexico,NA,Tabasco,2240834,18,1,167,12
2020-04-09,Mexico,NA,Tabasco,2240834,11,1,178,13
2020-04-10,Mexico,NA,Tabasco,2240834,15,0,193,13
2020-04-11,Mexico,NA,Tabasco,2240834,19,1,212,14
2020-04-12,Mexico,NA,Tabasco,2240834,27,2,239,16
2020-04-13,Mexico,NA,Tabasco,2240834,30,4,269,20
2020-04-14,Mexico,NA,Tabasco,2240834,47,5,316,25
2020-04-15,Mexico,NA,Tabasco,2240834,39,3,355,28
2020-04-16,Mexico,NA,Tabasco,2240834,43,3,398,31
2020-04-17,Mexico,NA,Tabasco,2240834,56,10,454,41
2020-04-18,Mexico,NA,Tabasco,2240834,48,9,502,50
2020-04-19,Mexico,NA,Tabasco,2240834,41,8,543,58
2020-04-20,Mexico,NA,Tabasco,2240834,72,8,615,66
2020-04-21,Mexico,NA,Tabasco,2240834,85,3,700,69
2020-04-22,Mexico,NA,Tabasco,2240834,65,10,765,79
2020-04-23,Mexico,NA,Tabasco,2240834,65,11,830,90
2020-04-24,Mexico,NA,Tabasco,2240834,66,7,896,97
2020-04-25,Mexico,NA,Tabasco,2240834,43,10,939,107
2020-04-26,Mexico,NA,Tabasco,2240834,41,10,980,117
2020-04-27,Mexico,NA,Tabasco,2240834,59,6,1039,123
2020-04-28,Mexico,NA,Tabasco,2240834,58,9,1097,132
2020-04-29,Mexico,NA,Tabasco,2240834,50,9,1147,141
2020-04-30,Mexico,NA,Tabasco,2240834,84,10,1231,151
2020-05-01,Mexico,NA,Tabasco,2240834,54,17,1285,168
2020-05-02,Mexico,NA,Tabasco,2240834,48,13,1333,181
2020-05-03,Mexico,NA,Tabasco,2240834,46,13,1379,194
2020-05-04,Mexico,NA,Tabasco,2240834,85,14,1464,208
2020-05-05,Mexico,NA,Tabasco,2240834,72,7,1536,215
2020-05-06,Mexico,NA,Tabasco,2240834,95,15,1631,230
2020-05-07,Mexico,NA,Tabasco,2240834,104,11,1735,241
2020-05-08,Mexico,NA,Tabasco,2240834,81,23,1816,264
2020-05-09,Mexico,NA,Tabasco,2240834,53,13,1869,277
2020-05-10,Mexico,NA,Tabasco,2240834,65,13,1934,290
2020-05-11,Mexico,NA,Tabasco,2240834,115,15,2049,305
2020-05-12,Mexico,NA,Tabasco,2240834,87,11,2136,316
2020-05-13,Mexico,NA,Tabasco,2240834,116,13,2252,329
2020-05-14,Mexico,NA,Tabasco,2240834,127,15,2379,344
2020-05-15,Mexico,NA,Tabasco,2240834,145,24,2524,368
2020-05-16,Mexico,NA,Tabasco,2240834,86,17,2610,385
2020-05-17,Mexico,NA,Tabasco,2240834,81,17,2691,402
2020-05-18,Mexico,NA,Tabasco,2240834,122,14,2813,416
2020-05-19,Mexico,NA,Tabasco,2240834,106,16,2919,432
2020-05-20,Mexico,NA,Tabasco,2240834,162,21,3081,453
2020-05-21,Mexico,NA,Tabasco,2240834,142,19,3223,472
2020-05-22,Mexico,NA,Tabasco,2240834,139,23,3362,495
2020-05-23,Mexico,NA,Tabasco,2240834,97,21,3459,516
2020-05-24,Mexico,NA,Tabasco,2240834,83,17,3542,533
2020-05-25,Mexico,NA,Tabasco,2240834,175,12,3717,545
2020-05-26,Mexico,NA,Tabasco,2240834,198,22,3915,567
2020-05-27,Mexico,NA,Tabasco,2240834,224,18,4139,585
2020-05-28,Mexico,NA,Tabasco,2240834,222,19,4361,604
2020-05-29,Mexico,NA,Tabasco,2240834,172,18,4533,622
2020-05-30,Mexico,NA,Tabasco,2240834,103,28,4636,650
2020-05-31,Mexico,NA,Tabasco,2240834,74,11,4710,661
2020-06-01,Mexico,NA,Tabasco,2240834,205,24,4915,685
2020-06-02,Mexico,NA,Tabasco,2240834,161,20,5076,705
2020-06-03,Mexico,NA,Tabasco,2240834,180,17,5256,722
2020-06-04,Mexico,NA,Tabasco,2240834,188,17,5444,739
2020-06-05,Mexico,NA,Tabasco,2240834,177,17,5621,756
2020-06-06,Mexico,NA,Tabasco,2240834,133,11,5754,767
2020-06-07,Mexico,NA,Tabasco,2240834,108,18,5862,785
2020-06-08,Mexico,NA,Tabasco,2240834,286,15,6148,800
2020-06-09,Mexico,NA,Tabasco,2240834,295,16,6443,816
2020-06-10,Mexico,NA,Tabasco,2240834,316,17,6759,833
2020-06-11,Mexico,NA,Tabasco,2240834,275,12,7034,845
2020-06-12,Mexico,NA,Tabasco,2240834,367,18,7401,863
2020-06-13,Mexico,NA,Tabasco,2240834,180,17,7581,880
2020-06-14,Mexico,NA,Tabasco,2240834,106,17,7687,897
2020-06-15,Mexico,NA,Tabasco,2240834,310,21,7997,918
2020-06-16,Mexico,NA,Tabasco,2240834,313,26,8310,944
2020-06-17,Mexico,NA,Tabasco,2240834,311,15,8621,959
2020-06-18,Mexico,NA,Tabasco,2240834,318,22,8939,981
2020-06-19,Mexico,NA,Tabasco,2240834,296,18,9235,999
2020-06-20,Mexico,NA,Tabasco,2240834,194,10,9429,1009
2020-06-21,Mexico,NA,Tabasco,2240834,106,23,9535,1032
2020-06-22,Mexico,NA,Tabasco,2240834,273,16,9808,1048
2020-06-23,Mexico,NA,Tabasco,2240834,277,14,10085,1062
2020-06-24,Mexico,NA,Tabasco,2240834,287,14,10372,1076
2020-06-25,Mexico,NA,Tabasco,2240834,321,22,10693,1098
2020-06-26,Mexico,NA,Tabasco,2240834,258,22,10951,1120
2020-06-27,Mexico,NA,Tabasco,2240834,196,26,11147,1146
2020-06-28,Mexico,NA,Tabasco,2240834,150,25,11297,1171
2020-06-29,Mexico,NA,Tabasco,2240834,389,25,11686,1196
2020-06-30,Mexico,NA,Tabasco,2240834,406,29,12092,1225
2020-07-01,Mexico,NA,Tabasco,2240834,405,18,12497,1243
2020-07-02,Mexico,NA,Tabasco,2240834,423,27,12920,1270
2020-07-03,Mexico,NA,Tabasco,2240834,346,24,13266,1294
2020-07-04,Mexico,NA,Tabasco,2240834,152,17,13418,1311
2020-07-05,Mexico,NA,Tabasco,2240834,135,31,13553,1342
2020-07-06,Mexico,NA,Tabasco,2240834,330,41,13883,1383
2020-07-07,Mexico,NA,Tabasco,2240834,376,35,14259,1418
2020-07-08,Mexico,NA,Tabasco,2240834,403,24,14662,1442
2020-07-09,Mexico,NA,Tabasco,2240834,424,33,15086,1475
2020-07-10,Mexico,NA,Tabasco,2240834,344,35,15430,1510
2020-07-11,Mexico,NA,Tabasco,2240834,205,35,15635,1545
2020-07-12,Mexico,NA,Tabasco,2240834,201,31,15836,1576
2020-07-13,Mexico,NA,Tabasco,2240834,427,39,16263,1615
2020-07-14,Mexico,NA,Tabasco,2240834,462,29,16725,1644
2020-07-15,Mexico,NA,Tabasco,2240834,456,29,17181,1673
2020-07-16,Mexico,NA,Tabasco,2240834,403,35,17584,1708
2020-07-17,Mexico,NA,Tabasco,2240834,454,39,18038,1747
2020-07-18,Mexico,NA,Tabasco,2240834,233,25,18271,1772
2020-07-19,Mexico,NA,Tabasco,2240834,204,28,18475,1800
2020-07-20,Mexico,NA,Tabasco,2240834,449,34,18924,1834
2020-07-21,Mexico,NA,Tabasco,2240834,459,37,19383,1871
2020-07-22,Mexico,NA,Tabasco,2240834,400,32,19783,1903
2020-07-23,Mexico,NA,Tabasco,2240834,433,30,20216,1933
2020-07-24,Mexico,NA,Tabasco,2240834,438,21,20654,1954
2020-07-25,Mexico,NA,Tabasco,2240834,209,32,20863,1986
2020-07-26,Mexico,NA,Tabasco,2240834,201,24,21064,2010
2020-07-27,Mexico,NA,Tabasco,2240834,455,27,21519,2037
2020-07-28,Mexico,NA,Tabasco,2240834,400,27,21919,2064
2020-07-29,Mexico,NA,Tabasco,2240834,410,21,22329,2085
2020-07-30,Mexico,NA,Tabasco,2240834,344,32,22673,2117
2020-07-31,Mexico,NA,Tabasco,2240834,354,24,23027,2141
2020-08-01,Mexico,NA,Tabasco,2240834,177,24,23204,2165
2020-08-02,Mexico,NA,Tabasco,2240834,120,19,23324,2184
2020-08-03,Mexico,NA,Tabasco,2240834,279,21,23603,2205
2020-08-04,Mexico,NA,Tabasco,2240834,251,17,23854,2222
2020-08-05,Mexico,NA,Tabasco,2240834,281,20,24135,2242
2020-08-06,Mexico,NA,Tabasco,2240834,293,15,24428,2257
2020-08-07,Mexico,NA,Tabasco,2240834,250,12,24678,2269
2020-08-08,Mexico,NA,Tabasco,2240834,111,18,24789,2287
2020-08-09,Mexico,NA,Tabasco,2240834,90,20,24879,2307
2020-08-10,Mexico,NA,Tabasco,2240834,262,23,25141,2330
2020-08-11,Mexico,NA,Tabasco,2240834,254,18,25395,2348
2020-08-12,Mexico,NA,Tabasco,2240834,193,22,25588,2370
2020-08-13,Mexico,NA,Tabasco,2240834,211,19,25799,2389
2020-08-14,Mexico,NA,Tabasco,2240834,214,14,26013,2403
2020-08-15,Mexico,NA,Tabasco,2240834,108,11,26121,2414
2020-08-16,Mexico,NA,Tabasco,2240834,84,18,26205,2432
2020-08-17,Mexico,NA,Tabasco,2240834,199,8,26404,2440
2020-08-18,Mexico,NA,Tabasco,2240834,196,10,26600,2450
2020-08-19,Mexico,NA,Tabasco,2240834,251,13,26851,2463
2020-08-20,Mexico,NA,Tabasco,2240834,166,10,27017,2473
2020-08-21,Mexico,NA,Tabasco,2240834,188,10,27205,2483
2020-08-22,Mexico,NA,Tabasco,2240834,83,10,27288,2493
2020-08-23,Mexico,NA,Tabasco,2240834,79,8,27367,2501
2020-08-24,Mexico,NA,Tabasco,2240834,150,12,27517,2513
2020-08-25,Mexico,NA,Tabasco,2240834,192,6,27709,2519
2020-08-26,Mexico,NA,Tabasco,2240834,199,20,27908,2539
2020-08-27,Mexico,NA,Tabasco,2240834,217,17,28125,2556
2020-08-28,Mexico,NA,Tabasco,2240834,208,4,28333,2560
2020-08-29,Mexico,NA,Tabasco,2240834,108,13,28441,2573
2020-08-30,Mexico,NA,Tabasco,2240834,79,8,28520,2581
2020-08-31,Mexico,NA,Tabasco,2240834,186,11,28706,2592
2020-09-01,Mexico,NA,Tabasco,2240834,206,10,28912,2602
2020-09-02,Mexico,NA,Tabasco,2240834,184,3,29096,2605
2020-09-03,Mexico,NA,Tabasco,2240834,115,11,29211,2616
2020-09-04,Mexico,NA,Tabasco,2240834,142,7,29353,2623
2020-09-05,Mexico,NA,Tabasco,2240834,70,3,29423,2626
2020-09-06,Mexico,NA,Tabasco,2240834,75,6,29498,2632
2020-09-07,Mexico,NA,Tabasco,2240834,149,6,29647,2638
2020-09-08,Mexico,NA,Tabasco,2240834,134,5,29781,2643
2020-09-09,Mexico,NA,Tabasco,2240834,79,3,29860,2646
2020-09-10,Mexico,NA,Tabasco,2240834,119,3,29979,2649
2020-09-11,Mexico,NA,Tabasco,2240834,111,4,30090,2653
2020-09-12,Mexico,NA,Tabasco,2240834,76,5,30166,2658
2020-09-13,Mexico,NA,Tabasco,2240834,64,4,30230,2662
2020-09-14,Mexico,NA,Tabasco,2240834,21,3,30251,2665
2020-03-28,Mexico,NA,Tamaulipas,3287896,3,0,12,0
2020-03-29,Mexico,NA,Tamaulipas,3287896,3,0,15,0
2020-03-30,Mexico,NA,Tamaulipas,3287896,4,0,19,0
2020-03-31,Mexico,NA,Tamaulipas,3287896,5,0,24,0
2020-04-01,Mexico,NA,Tamaulipas,3287896,9,0,33,0
2020-04-02,Mexico,NA,Tamaulipas,3287896,1,0,34,0
2020-04-03,Mexico,NA,Tamaulipas,3287896,9,1,43,1
2020-04-04,Mexico,NA,Tamaulipas,3287896,3,1,46,2
2020-04-05,Mexico,NA,Tamaulipas,3287896,4,0,50,2
2020-04-06,Mexico,NA,Tamaulipas,3287896,10,1,60,3
2020-04-07,Mexico,NA,Tamaulipas,3287896,7,0,67,3
2020-04-08,Mexico,NA,Tamaulipas,3287896,3,0,70,3
2020-04-09,Mexico,NA,Tamaulipas,3287896,5,0,75,3
2020-04-10,Mexico,NA,Tamaulipas,3287896,11,0,86,3
2020-04-11,Mexico,NA,Tamaulipas,3287896,5,0,91,3
2020-04-12,Mexico,NA,Tamaulipas,3287896,9,0,100,3
2020-04-13,Mexico,NA,Tamaulipas,3287896,14,0,114,3
2020-04-14,Mexico,NA,Tamaulipas,3287896,19,1,133,4
2020-04-15,Mexico,NA,Tamaulipas,3287896,16,1,149,5
2020-04-16,Mexico,NA,Tamaulipas,3287896,27,0,176,5
2020-04-17,Mexico,NA,Tamaulipas,3287896,31,1,207,6
2020-04-18,Mexico,NA,Tamaulipas,3287896,15,0,222,6
2020-04-19,Mexico,NA,Tamaulipas,3287896,11,0,233,6
2020-04-20,Mexico,NA,Tamaulipas,3287896,27,4,260,10
2020-04-21,Mexico,NA,Tamaulipas,3287896,21,0,281,10
2020-04-22,Mexico,NA,Tamaulipas,3287896,30,0,311,10
2020-04-23,Mexico,NA,Tamaulipas,3287896,34,3,345,13
2020-04-24,Mexico,NA,Tamaulipas,3287896,28,1,373,14
2020-04-25,Mexico,NA,Tamaulipas,3287896,40,3,413,17
2020-04-26,Mexico,NA,Tamaulipas,3287896,34,1,447,18
2020-04-27,Mexico,NA,Tamaulipas,3287896,30,2,477,20
2020-04-28,Mexico,NA,Tamaulipas,3287896,42,1,519,21
2020-04-29,Mexico,NA,Tamaulipas,3287896,36,0,555,21
2020-04-30,Mexico,NA,Tamaulipas,3287896,18,3,573,24
2020-05-01,Mexico,NA,Tamaulipas,3287896,33,2,606,26
2020-05-02,Mexico,NA,Tamaulipas,3287896,32,3,638,29
2020-05-03,Mexico,NA,Tamaulipas,3287896,25,1,663,30
2020-05-04,Mexico,NA,Tamaulipas,3287896,44,1,707,31
2020-05-05,Mexico,NA,Tamaulipas,3287896,37,1,744,32
2020-05-06,Mexico,NA,Tamaulipas,3287896,49,3,793,35
2020-05-07,Mexico,NA,Tamaulipas,3287896,46,4,839,39
2020-05-08,Mexico,NA,Tamaulipas,3287896,31,6,870,45
2020-05-09,Mexico,NA,Tamaulipas,3287896,28,3,898,48
2020-05-10,Mexico,NA,Tamaulipas,3287896,22,4,920,52
2020-05-11,Mexico,NA,Tamaulipas,3287896,43,4,963,56
2020-05-12,Mexico,NA,Tamaulipas,3287896,52,3,1015,59
2020-05-13,Mexico,NA,Tamaulipas,3287896,43,3,1058,62
2020-05-14,Mexico,NA,Tamaulipas,3287896,36,6,1094,68
2020-05-15,Mexico,NA,Tamaulipas,3287896,66,2,1160,70
2020-05-16,Mexico,NA,Tamaulipas,3287896,49,3,1209,73
2020-05-17,Mexico,NA,Tamaulipas,3287896,17,0,1226,73
2020-05-18,Mexico,NA,Tamaulipas,3287896,64,4,1290,77
2020-05-19,Mexico,NA,Tamaulipas,3287896,51,5,1341,82
2020-05-20,Mexico,NA,Tamaulipas,3287896,69,2,1410,84
2020-05-21,Mexico,NA,Tamaulipas,3287896,72,5,1482,89
2020-05-22,Mexico,NA,Tamaulipas,3287896,91,4,1573,93
2020-05-23,Mexico,NA,Tamaulipas,3287896,70,3,1643,96
2020-05-24,Mexico,NA,Tamaulipas,3287896,35,5,1678,101
2020-05-25,Mexico,NA,Tamaulipas,3287896,117,4,1795,105
2020-05-26,Mexico,NA,Tamaulipas,3287896,117,3,1912,108
2020-05-27,Mexico,NA,Tamaulipas,3287896,111,4,2023,112
2020-05-28,Mexico,NA,Tamaulipas,3287896,67,10,2090,122
2020-05-29,Mexico,NA,Tamaulipas,3287896,98,2,2188,124
2020-05-30,Mexico,NA,Tamaulipas,3287896,68,7,2256,131
2020-05-31,Mexico,NA,Tamaulipas,3287896,50,9,2306,140
2020-06-01,Mexico,NA,Tamaulipas,3287896,133,6,2439,146
2020-06-02,Mexico,NA,Tamaulipas,3287896,102,6,2541,152
2020-06-03,Mexico,NA,Tamaulipas,3287896,95,7,2636,159
2020-06-04,Mexico,NA,Tamaulipas,3287896,102,5,2738,164
2020-06-05,Mexico,NA,Tamaulipas,3287896,114,2,2852,166
2020-06-06,Mexico,NA,Tamaulipas,3287896,80,2,2932,168
2020-06-07,Mexico,NA,Tamaulipas,3287896,70,5,3002,173
2020-06-08,Mexico,NA,Tamaulipas,3287896,140,7,3142,180
2020-06-09,Mexico,NA,Tamaulipas,3287896,139,7,3281,187
2020-06-10,Mexico,NA,Tamaulipas,3287896,182,9,3463,196
2020-06-11,Mexico,NA,Tamaulipas,3287896,134,4,3597,200
2020-06-12,Mexico,NA,Tamaulipas,3287896,238,11,3835,211
2020-06-13,Mexico,NA,Tamaulipas,3287896,140,6,3975,217
2020-06-14,Mexico,NA,Tamaulipas,3287896,126,20,4101,237
2020-06-15,Mexico,NA,Tamaulipas,3287896,259,15,4360,252
2020-06-16,Mexico,NA,Tamaulipas,3287896,302,12,4662,264
2020-06-17,Mexico,NA,Tamaulipas,3287896,212,19,4874,283
2020-06-18,Mexico,NA,Tamaulipas,3287896,222,22,5096,305
2020-06-19,Mexico,NA,Tamaulipas,3287896,225,20,5321,325
2020-06-20,Mexico,NA,Tamaulipas,3287896,195,9,5516,334
2020-06-21,Mexico,NA,Tamaulipas,3287896,125,16,5641,350
2020-06-22,Mexico,NA,Tamaulipas,3287896,328,28,5969,378
2020-06-23,Mexico,NA,Tamaulipas,3287896,298,20,6267,398
2020-06-24,Mexico,NA,Tamaulipas,3287896,305,12,6572,410
2020-06-25,Mexico,NA,Tamaulipas,3287896,386,23,6958,433
2020-06-26,Mexico,NA,Tamaulipas,3287896,443,27,7401,460
2020-06-27,Mexico,NA,Tamaulipas,3287896,229,29,7630,489
2020-06-28,Mexico,NA,Tamaulipas,3287896,174,28,7804,517
2020-06-29,Mexico,NA,Tamaulipas,3287896,508,29,8312,546
2020-06-30,Mexico,NA,Tamaulipas,3287896,386,31,8698,577
2020-07-01,Mexico,NA,Tamaulipas,3287896,438,19,9136,596
2020-07-02,Mexico,NA,Tamaulipas,3287896,376,26,9512,622
2020-07-03,Mexico,NA,Tamaulipas,3287896,386,17,9898,639
2020-07-04,Mexico,NA,Tamaulipas,3287896,215,35,10113,674
2020-07-05,Mexico,NA,Tamaulipas,3287896,186,38,10299,712
2020-07-06,Mexico,NA,Tamaulipas,3287896,424,39,10723,751
2020-07-07,Mexico,NA,Tamaulipas,3287896,479,34,11202,785
2020-07-08,Mexico,NA,Tamaulipas,3287896,428,31,11630,816
2020-07-09,Mexico,NA,Tamaulipas,3287896,422,20,12052,836
2020-07-10,Mexico,NA,Tamaulipas,3287896,337,19,12389,855
2020-07-11,Mexico,NA,Tamaulipas,3287896,237,13,12626,868
2020-07-12,Mexico,NA,Tamaulipas,3287896,142,15,12768,883
2020-07-13,Mexico,NA,Tamaulipas,3287896,428,37,13196,920
2020-07-14,Mexico,NA,Tamaulipas,3287896,508,15,13704,935
2020-07-15,Mexico,NA,Tamaulipas,3287896,479,22,14183,957
2020-07-16,Mexico,NA,Tamaulipas,3287896,481,33,14664,990
2020-07-17,Mexico,NA,Tamaulipas,3287896,425,25,15089,1015
2020-07-18,Mexico,NA,Tamaulipas,3287896,269,26,15358,1041
2020-07-19,Mexico,NA,Tamaulipas,3287896,226,29,15584,1070
2020-07-20,Mexico,NA,Tamaulipas,3287896,445,27,16029,1097
2020-07-21,Mexico,NA,Tamaulipas,3287896,416,29,16445,1126
2020-07-22,Mexico,NA,Tamaulipas,3287896,395,19,16840,1145
2020-07-23,Mexico,NA,Tamaulipas,3287896,357,32,17197,1177
2020-07-24,Mexico,NA,Tamaulipas,3287896,391,26,17588,1203
2020-07-25,Mexico,NA,Tamaulipas,3287896,235,21,17823,1224
2020-07-26,Mexico,NA,Tamaulipas,3287896,97,29,17920,1253
2020-07-27,Mexico,NA,Tamaulipas,3287896,298,30,18218,1283
2020-07-28,Mexico,NA,Tamaulipas,3287896,321,21,18539,1304
2020-07-29,Mexico,NA,Tamaulipas,3287896,350,24,18889,1328
2020-07-30,Mexico,NA,Tamaulipas,3287896,264,24,19153,1352
2020-07-31,Mexico,NA,Tamaulipas,3287896,210,19,19363,1371
2020-08-01,Mexico,NA,Tamaulipas,3287896,184,25,19547,1396
2020-08-02,Mexico,NA,Tamaulipas,3287896,86,26,19633,1422
2020-08-03,Mexico,NA,Tamaulipas,3287896,327,19,19960,1441
2020-08-04,Mexico,NA,Tamaulipas,3287896,288,28,20248,1469
2020-08-05,Mexico,NA,Tamaulipas,3287896,256,20,20504,1489
2020-08-06,Mexico,NA,Tamaulipas,3287896,270,22,20774,1511
2020-08-07,Mexico,NA,Tamaulipas,3287896,301,16,21075,1527
2020-08-08,Mexico,NA,Tamaulipas,3287896,212,20,21287,1547
2020-08-09,Mexico,NA,Tamaulipas,3287896,118,24,21405,1571
2020-08-10,Mexico,NA,Tamaulipas,3287896,313,17,21718,1588
2020-08-11,Mexico,NA,Tamaulipas,3287896,341,17,22059,1605
2020-08-12,Mexico,NA,Tamaulipas,3287896,231,20,22290,1625
2020-08-13,Mexico,NA,Tamaulipas,3287896,209,15,22499,1640
2020-08-14,Mexico,NA,Tamaulipas,3287896,228,11,22727,1651
2020-08-15,Mexico,NA,Tamaulipas,3287896,122,15,22849,1666
2020-08-16,Mexico,NA,Tamaulipas,3287896,90,18,22939,1684
2020-08-17,Mexico,NA,Tamaulipas,3287896,241,15,23180,1699
2020-08-18,Mexico,NA,Tamaulipas,3287896,223,18,23403,1717
2020-08-19,Mexico,NA,Tamaulipas,3287896,148,11,23551,1728
2020-08-20,Mexico,NA,Tamaulipas,3287896,189,10,23740,1738
2020-08-21,Mexico,NA,Tamaulipas,3287896,262,17,24002,1755
2020-08-22,Mexico,NA,Tamaulipas,3287896,85,13,24087,1768
2020-08-23,Mexico,NA,Tamaulipas,3287896,65,10,24152,1778
2020-08-24,Mexico,NA,Tamaulipas,3287896,181,15,24333,1793
2020-08-25,Mexico,NA,Tamaulipas,3287896,157,7,24490,1800
2020-08-26,Mexico,NA,Tamaulipas,3287896,176,13,24666,1813
2020-08-27,Mexico,NA,Tamaulipas,3287896,166,11,24832,1824
2020-08-28,Mexico,NA,Tamaulipas,3287896,171,12,25003,1836
2020-08-29,Mexico,NA,Tamaulipas,3287896,68,12,25071,1848
2020-08-30,Mexico,NA,Tamaulipas,3287896,76,10,25147,1858
2020-08-31,Mexico,NA,Tamaulipas,3287896,236,7,25383,1865
2020-09-01,Mexico,NA,Tamaulipas,3287896,246,12,25629,1877
2020-09-02,Mexico,NA,Tamaulipas,3287896,234,5,25863,1882
2020-09-03,Mexico,NA,Tamaulipas,3287896,232,8,26095,1890
2020-09-04,Mexico,NA,Tamaulipas,3287896,210,2,26305,1892
2020-09-05,Mexico,NA,Tamaulipas,3287896,111,3,26416,1895
2020-09-06,Mexico,NA,Tamaulipas,3287896,61,10,26477,1905
2020-09-07,Mexico,NA,Tamaulipas,3287896,206,9,26683,1914
2020-09-08,Mexico,NA,Tamaulipas,3287896,162,7,26845,1921
2020-09-09,Mexico,NA,Tamaulipas,3287896,114,9,26959,1930
2020-09-10,Mexico,NA,Tamaulipas,3287896,99,5,27058,1935
2020-09-11,Mexico,NA,Tamaulipas,3287896,64,6,27122,1941
2020-09-12,Mexico,NA,Tamaulipas,3287896,14,9,27136,1950
2020-09-13,Mexico,NA,Tamaulipas,3287896,8,2,27144,1952
2020-09-14,Mexico,NA,Tamaulipas,3287896,1,3,27145,1955
2020-04-02,Mexico,NA,Tlaxcala,1172893,1,0,11,0
2020-04-04,Mexico,NA,Tlaxcala,1172893,2,0,13,0
2020-04-05,Mexico,NA,Tlaxcala,1172893,6,0,19,0
2020-04-06,Mexico,NA,Tlaxcala,1172893,8,0,27,0
2020-04-07,Mexico,NA,Tlaxcala,1172893,7,0,34,0
2020-04-08,Mexico,NA,Tlaxcala,1172893,6,1,40,1
2020-04-09,Mexico,NA,Tlaxcala,1172893,1,0,41,1
2020-04-10,Mexico,NA,Tlaxcala,1172893,6,0,47,1
2020-04-11,Mexico,NA,Tlaxcala,1172893,8,0,55,1
2020-04-12,Mexico,NA,Tlaxcala,1172893,2,3,57,4
2020-04-13,Mexico,NA,Tlaxcala,1172893,7,0,64,4
2020-04-14,Mexico,NA,Tlaxcala,1172893,7,2,71,6
2020-04-15,Mexico,NA,Tlaxcala,1172893,5,0,76,6
2020-04-16,Mexico,NA,Tlaxcala,1172893,9,0,85,6
2020-04-17,Mexico,NA,Tlaxcala,1172893,6,1,91,7
2020-04-18,Mexico,NA,Tlaxcala,1172893,3,0,94,7
2020-04-19,Mexico,NA,Tlaxcala,1172893,10,2,104,9
2020-04-20,Mexico,NA,Tlaxcala,1172893,9,0,113,9
2020-04-21,Mexico,NA,Tlaxcala,1172893,11,2,124,11
2020-04-22,Mexico,NA,Tlaxcala,1172893,8,2,132,13
2020-04-23,Mexico,NA,Tlaxcala,1172893,12,1,144,14
2020-04-24,Mexico,NA,Tlaxcala,1172893,15,1,159,15
2020-04-25,Mexico,NA,Tlaxcala,1172893,21,2,180,17
2020-04-26,Mexico,NA,Tlaxcala,1172893,13,2,193,19
2020-04-27,Mexico,NA,Tlaxcala,1172893,14,4,207,23
2020-04-28,Mexico,NA,Tlaxcala,1172893,24,4,231,27
2020-04-29,Mexico,NA,Tlaxcala,1172893,8,5,239,32
2020-04-30,Mexico,NA,Tlaxcala,1172893,16,3,255,35
2020-05-01,Mexico,NA,Tlaxcala,1172893,9,2,264,37
2020-05-02,Mexico,NA,Tlaxcala,1172893,16,3,280,40
2020-05-03,Mexico,NA,Tlaxcala,1172893,7,2,287,42
2020-05-04,Mexico,NA,Tlaxcala,1172893,25,6,312,48
2020-05-05,Mexico,NA,Tlaxcala,1172893,16,4,328,52
2020-05-06,Mexico,NA,Tlaxcala,1172893,23,3,351,55
2020-05-07,Mexico,NA,Tlaxcala,1172893,17,2,368,57
2020-05-08,Mexico,NA,Tlaxcala,1172893,20,7,388,64
2020-05-09,Mexico,NA,Tlaxcala,1172893,20,1,408,65
2020-05-10,Mexico,NA,Tlaxcala,1172893,16,1,424,66
2020-05-11,Mexico,NA,Tlaxcala,1172893,36,10,460,76
2020-05-12,Mexico,NA,Tlaxcala,1172893,36,9,496,85
2020-05-13,Mexico,NA,Tlaxcala,1172893,41,4,537,89
2020-05-14,Mexico,NA,Tlaxcala,1172893,21,2,558,91
2020-05-15,Mexico,NA,Tlaxcala,1172893,37,8,595,99
2020-05-16,Mexico,NA,Tlaxcala,1172893,29,9,624,108
2020-05-17,Mexico,NA,Tlaxcala,1172893,25,7,649,115
2020-05-18,Mexico,NA,Tlaxcala,1172893,42,3,691,118
2020-05-19,Mexico,NA,Tlaxcala,1172893,50,6,741,124
2020-05-20,Mexico,NA,Tlaxcala,1172893,42,5,783,129
2020-05-21,Mexico,NA,Tlaxcala,1172893,50,5,833,134
2020-05-22,Mexico,NA,Tlaxcala,1172893,44,2,877,136
2020-05-23,Mexico,NA,Tlaxcala,1172893,28,5,905,141
2020-05-24,Mexico,NA,Tlaxcala,1172893,16,13,921,154
2020-05-25,Mexico,NA,Tlaxcala,1172893,59,3,980,157
2020-05-26,Mexico,NA,Tlaxcala,1172893,37,6,1017,163
2020-05-27,Mexico,NA,Tlaxcala,1172893,39,5,1056,168
2020-05-28,Mexico,NA,Tlaxcala,1172893,45,9,1101,177
2020-05-29,Mexico,NA,Tlaxcala,1172893,45,5,1146,182
2020-05-30,Mexico,NA,Tlaxcala,1172893,39,0,1185,182
2020-05-31,Mexico,NA,Tlaxcala,1172893,25,10,1210,192
2020-06-01,Mexico,NA,Tlaxcala,1172893,65,9,1275,201
2020-06-02,Mexico,NA,Tlaxcala,1172893,45,9,1320,210
2020-06-03,Mexico,NA,Tlaxcala,1172893,59,6,1379,216
2020-06-04,Mexico,NA,Tlaxcala,1172893,55,14,1434,230
2020-06-05,Mexico,NA,Tlaxcala,1172893,47,5,1481,235
2020-06-06,Mexico,NA,Tlaxcala,1172893,34,7,1515,242
2020-06-07,Mexico,NA,Tlaxcala,1172893,28,7,1543,249
2020-06-08,Mexico,NA,Tlaxcala,1172893,68,14,1611,263
2020-06-09,Mexico,NA,Tlaxcala,1172893,53,10,1664,273
2020-06-10,Mexico,NA,Tlaxcala,1172893,63,16,1727,289
2020-06-11,Mexico,NA,Tlaxcala,1172893,53,11,1780,300
2020-06-12,Mexico,NA,Tlaxcala,1172893,55,7,1835,307
2020-06-13,Mexico,NA,Tlaxcala,1172893,26,8,1861,315
2020-06-14,Mexico,NA,Tlaxcala,1172893,30,6,1891,321
2020-06-15,Mexico,NA,Tlaxcala,1172893,61,6,1952,327
2020-06-16,Mexico,NA,Tlaxcala,1172893,55,9,2007,336
2020-06-17,Mexico,NA,Tlaxcala,1172893,74,5,2081,341
2020-06-18,Mexico,NA,Tlaxcala,1172893,55,9,2136,350
2020-06-19,Mexico,NA,Tlaxcala,1172893,48,7,2184,357
2020-06-20,Mexico,NA,Tlaxcala,1172893,33,13,2217,370
2020-06-21,Mexico,NA,Tlaxcala,1172893,29,11,2246,381
2020-06-22,Mexico,NA,Tlaxcala,1172893,66,4,2312,385
2020-06-23,Mexico,NA,Tlaxcala,1172893,85,5,2397,390
2020-06-24,Mexico,NA,Tlaxcala,1172893,75,8,2472,398
2020-06-25,Mexico,NA,Tlaxcala,1172893,65,6,2537,404
2020-06-26,Mexico,NA,Tlaxcala,1172893,89,13,2626,417
2020-06-27,Mexico,NA,Tlaxcala,1172893,28,10,2654,427
2020-06-28,Mexico,NA,Tlaxcala,1172893,49,5,2703,432
2020-06-29,Mexico,NA,Tlaxcala,1172893,87,8,2790,440
2020-06-30,Mexico,NA,Tlaxcala,1172893,94,9,2884,449
2020-07-01,Mexico,NA,Tlaxcala,1172893,77,10,2961,459
2020-07-02,Mexico,NA,Tlaxcala,1172893,102,10,3063,469
2020-07-03,Mexico,NA,Tlaxcala,1172893,91,7,3154,476
2020-07-04,Mexico,NA,Tlaxcala,1172893,28,7,3182,483
2020-07-05,Mexico,NA,Tlaxcala,1172893,49,9,3231,492
2020-07-06,Mexico,NA,Tlaxcala,1172893,76,9,3307,501
2020-07-07,Mexico,NA,Tlaxcala,1172893,98,14,3405,515
2020-07-08,Mexico,NA,Tlaxcala,1172893,53,12,3458,527
2020-07-09,Mexico,NA,Tlaxcala,1172893,80,10,3538,537
2020-07-10,Mexico,NA,Tlaxcala,1172893,77,11,3615,548
2020-07-11,Mexico,NA,Tlaxcala,1172893,35,12,3650,560
2020-07-12,Mexico,NA,Tlaxcala,1172893,32,12,3682,572
2020-07-13,Mexico,NA,Tlaxcala,1172893,62,8,3744,580
2020-07-14,Mexico,NA,Tlaxcala,1172893,88,19,3832,599
2020-07-15,Mexico,NA,Tlaxcala,1172893,89,18,3921,617
2020-07-16,Mexico,NA,Tlaxcala,1172893,96,11,4017,628
2020-07-17,Mexico,NA,Tlaxcala,1172893,91,12,4108,640
2020-07-18,Mexico,NA,Tlaxcala,1172893,51,17,4159,657
2020-07-19,Mexico,NA,Tlaxcala,1172893,52,12,4211,669
2020-07-20,Mexico,NA,Tlaxcala,1172893,91,14,4302,683
2020-07-21,Mexico,NA,Tlaxcala,1172893,75,13,4377,696
2020-07-22,Mexico,NA,Tlaxcala,1172893,86,18,4463,714
2020-07-23,Mexico,NA,Tlaxcala,1172893,73,14,4536,728
2020-07-24,Mexico,NA,Tlaxcala,1172893,83,11,4619,739
2020-07-25,Mexico,NA,Tlaxcala,1172893,33,10,4652,749
2020-07-26,Mexico,NA,Tlaxcala,1172893,42,17,4694,766
2020-07-27,Mexico,NA,Tlaxcala,1172893,105,12,4799,778
2020-07-28,Mexico,NA,Tlaxcala,1172893,85,10,4884,788
2020-07-29,Mexico,NA,Tlaxcala,1172893,82,10,4966,798
2020-07-30,Mexico,NA,Tlaxcala,1172893,83,7,5049,805
2020-07-31,Mexico,NA,Tlaxcala,1172893,67,8,5116,813
2020-08-01,Mexico,NA,Tlaxcala,1172893,41,14,5157,827
2020-08-02,Mexico,NA,Tlaxcala,1172893,18,7,5175,834
2020-08-03,Mexico,NA,Tlaxcala,1172893,72,8,5247,842
2020-08-04,Mexico,NA,Tlaxcala,1172893,77,16,5324,858
2020-08-05,Mexico,NA,Tlaxcala,1172893,70,7,5394,865
2020-08-06,Mexico,NA,Tlaxcala,1172893,59,5,5453,870
2020-08-07,Mexico,NA,Tlaxcala,1172893,55,4,5508,874
2020-08-08,Mexico,NA,Tlaxcala,1172893,30,12,5538,886
2020-08-09,Mexico,NA,Tlaxcala,1172893,16,5,5554,891
2020-08-10,Mexico,NA,Tlaxcala,1172893,81,13,5635,904
2020-08-11,Mexico,NA,Tlaxcala,1172893,56,10,5691,914
2020-08-12,Mexico,NA,Tlaxcala,1172893,64,3,5755,917
2020-08-13,Mexico,NA,Tlaxcala,1172893,72,4,5827,921
2020-08-14,Mexico,NA,Tlaxcala,1172893,45,4,5872,925
2020-08-15,Mexico,NA,Tlaxcala,1172893,33,4,5905,929
2020-08-16,Mexico,NA,Tlaxcala,1172893,15,6,5920,935
2020-08-17,Mexico,NA,Tlaxcala,1172893,72,3,5992,938
2020-08-18,Mexico,NA,Tlaxcala,1172893,53,7,6045,945
2020-08-19,Mexico,NA,Tlaxcala,1172893,40,3,6085,948
2020-08-20,Mexico,NA,Tlaxcala,1172893,74,11,6159,959
2020-08-21,Mexico,NA,Tlaxcala,1172893,57,4,6216,963
2020-08-22,Mexico,NA,Tlaxcala,1172893,25,6,6241,969
2020-08-23,Mexico,NA,Tlaxcala,1172893,15,3,6256,972
2020-08-24,Mexico,NA,Tlaxcala,1172893,87,4,6343,976
2020-08-25,Mexico,NA,Tlaxcala,1172893,67,3,6410,979
2020-08-26,Mexico,NA,Tlaxcala,1172893,65,5,6475,984
2020-08-27,Mexico,NA,Tlaxcala,1172893,36,5,6511,989
2020-08-28,Mexico,NA,Tlaxcala,1172893,47,10,6558,999
2020-08-29,Mexico,NA,Tlaxcala,1172893,17,8,6575,1007
2020-08-30,Mexico,NA,Tlaxcala,1172893,18,2,6593,1009
2020-08-31,Mexico,NA,Tlaxcala,1172893,44,5,6637,1014
2020-09-01,Mexico,NA,Tlaxcala,1172893,36,11,6673,1025
2020-09-02,Mexico,NA,Tlaxcala,1172893,39,2,6712,1027
2020-09-03,Mexico,NA,Tlaxcala,1172893,48,4,6760,1031
2020-09-04,Mexico,NA,Tlaxcala,1172893,52,5,6812,1036
2020-09-05,Mexico,NA,Tlaxcala,1172893,44,5,6856,1041
2020-09-06,Mexico,NA,Tlaxcala,1172893,25,3,6881,1044
2020-09-07,Mexico,NA,Tlaxcala,1172893,28,3,6909,1047
2020-09-08,Mexico,NA,Tlaxcala,1172893,33,2,6942,1049
2020-09-09,Mexico,NA,Tlaxcala,1172893,18,0,6960,1049
2020-09-10,Mexico,NA,Tlaxcala,1172893,22,1,6982,1050
2020-09-11,Mexico,NA,Tlaxcala,1172893,17,1,6999,1051
2020-09-12,Mexico,NA,Tlaxcala,1172893,6,3,7005,1054
2020-09-13,Mexico,NA,Tlaxcala,1172893,4,2,7009,1056
2020-09-14,Mexico,NA,Tlaxcala,1172893,3,0,7012,1056
2020-03-19,Mexico,NA,Veracruz,7689219,5,0,14,0
2020-03-20,Mexico,NA,Veracruz,7689219,1,0,15,0
2020-03-21,Mexico,NA,Veracruz,7689219,1,0,16,0
2020-03-23,Mexico,NA,Veracruz,7689219,4,0,20,0
2020-03-24,Mexico,NA,Veracruz,7689219,2,0,22,0
2020-03-25,Mexico,NA,Veracruz,7689219,2,0,24,0
2020-03-26,Mexico,NA,Veracruz,7689219,5,0,29,0
2020-03-27,Mexico,NA,Veracruz,7689219,1,0,30,0
2020-03-28,Mexico,NA,Veracruz,7689219,1,1,31,1
2020-03-29,Mexico,NA,Veracruz,7689219,1,0,32,1
2020-03-30,Mexico,NA,Veracruz,7689219,4,0,36,1
2020-03-31,Mexico,NA,Veracruz,7689219,2,0,38,1
2020-04-01,Mexico,NA,Veracruz,7689219,9,1,47,2
2020-04-02,Mexico,NA,Veracruz,7689219,6,0,53,2
2020-04-03,Mexico,NA,Veracruz,7689219,8,1,61,3
2020-04-04,Mexico,NA,Veracruz,7689219,2,0,63,3
2020-04-05,Mexico,NA,Veracruz,7689219,2,0,65,3
2020-04-06,Mexico,NA,Veracruz,7689219,6,0,71,3
2020-04-07,Mexico,NA,Veracruz,7689219,11,0,82,3
2020-04-08,Mexico,NA,Veracruz,7689219,4,0,86,3
2020-04-09,Mexico,NA,Veracruz,7689219,12,1,98,4
2020-04-10,Mexico,NA,Veracruz,7689219,9,0,107,4
2020-04-11,Mexico,NA,Veracruz,7689219,14,0,121,4
2020-04-12,Mexico,NA,Veracruz,7689219,9,3,130,7
2020-04-13,Mexico,NA,Veracruz,7689219,15,1,145,8
2020-04-14,Mexico,NA,Veracruz,7689219,13,1,158,9
2020-04-15,Mexico,NA,Veracruz,7689219,29,0,187,9
2020-04-16,Mexico,NA,Veracruz,7689219,39,1,226,10
2020-04-17,Mexico,NA,Veracruz,7689219,35,1,261,11
2020-04-18,Mexico,NA,Veracruz,7689219,18,2,279,13
2020-04-19,Mexico,NA,Veracruz,7689219,18,6,297,19
2020-04-20,Mexico,NA,Veracruz,7689219,37,4,334,23
2020-04-21,Mexico,NA,Veracruz,7689219,46,3,380,26
2020-04-22,Mexico,NA,Veracruz,7689219,29,6,409,32
2020-04-23,Mexico,NA,Veracruz,7689219,51,2,460,34
2020-04-24,Mexico,NA,Veracruz,7689219,49,4,509,38
2020-04-25,Mexico,NA,Veracruz,7689219,44,9,553,47
2020-04-26,Mexico,NA,Veracruz,7689219,30,10,583,57
2020-04-27,Mexico,NA,Veracruz,7689219,67,6,650,63
2020-04-28,Mexico,NA,Veracruz,7689219,75,3,725,66
2020-04-29,Mexico,NA,Veracruz,7689219,74,12,799,78
2020-04-30,Mexico,NA,Veracruz,7689219,64,3,863,81
2020-05-01,Mexico,NA,Veracruz,7689219,66,7,929,88
2020-05-02,Mexico,NA,Veracruz,7689219,65,15,994,103
2020-05-03,Mexico,NA,Veracruz,7689219,58,13,1052,116
2020-05-04,Mexico,NA,Veracruz,7689219,94,12,1146,128
2020-05-05,Mexico,NA,Veracruz,7689219,103,15,1249,143
2020-05-06,Mexico,NA,Veracruz,7689219,109,18,1358,161
2020-05-07,Mexico,NA,Veracruz,7689219,120,13,1478,174
2020-05-08,Mexico,NA,Veracruz,7689219,104,19,1582,193
2020-05-09,Mexico,NA,Veracruz,7689219,79,28,1661,221
2020-05-10,Mexico,NA,Veracruz,7689219,70,22,1731,243
2020-05-11,Mexico,NA,Veracruz,7689219,139,25,1870,268
2020-05-12,Mexico,NA,Veracruz,7689219,126,24,1996,292
2020-05-13,Mexico,NA,Veracruz,7689219,133,20,2129,312
2020-05-14,Mexico,NA,Veracruz,7689219,169,36,2298,348
2020-05-15,Mexico,NA,Veracruz,7689219,194,25,2492,373
2020-05-16,Mexico,NA,Veracruz,7689219,132,19,2624,392
2020-05-17,Mexico,NA,Veracruz,7689219,87,22,2711,414
2020-05-18,Mexico,NA,Veracruz,7689219,165,32,2876,446
2020-05-19,Mexico,NA,Veracruz,7689219,156,37,3032,483
2020-05-20,Mexico,NA,Veracruz,7689219,182,37,3214,520
2020-05-21,Mexico,NA,Veracruz,7689219,174,27,3388,547
2020-05-22,Mexico,NA,Veracruz,7689219,176,33,3564,580
2020-05-23,Mexico,NA,Veracruz,7689219,116,28,3680,608
2020-05-24,Mexico,NA,Veracruz,7689219,106,30,3786,638
2020-05-25,Mexico,NA,Veracruz,7689219,212,30,3998,668
2020-05-26,Mexico,NA,Veracruz,7689219,197,34,4195,702
2020-05-27,Mexico,NA,Veracruz,7689219,186,24,4381,726
2020-05-28,Mexico,NA,Veracruz,7689219,178,31,4559,757
2020-05-29,Mexico,NA,Veracruz,7689219,188,25,4747,782
2020-05-30,Mexico,NA,Veracruz,7689219,136,39,4883,821
2020-05-31,Mexico,NA,Veracruz,7689219,113,27,4996,848
2020-06-01,Mexico,NA,Veracruz,7689219,239,35,5235,883
2020-06-02,Mexico,NA,Veracruz,7689219,188,34,5423,917
2020-06-03,Mexico,NA,Veracruz,7689219,196,35,5619,952
2020-06-04,Mexico,NA,Veracruz,7689219,233,26,5852,978
2020-06-05,Mexico,NA,Veracruz,7689219,209,40,6061,1018
2020-06-06,Mexico,NA,Veracruz,7689219,111,29,6172,1047
2020-06-07,Mexico,NA,Veracruz,7689219,102,33,6274,1080
2020-06-08,Mexico,NA,Veracruz,7689219,218,43,6492,1123
2020-06-09,Mexico,NA,Veracruz,7689219,224,39,6716,1162
2020-06-10,Mexico,NA,Veracruz,7689219,235,41,6951,1203
2020-06-11,Mexico,NA,Veracruz,7689219,211,33,7162,1236
2020-06-12,Mexico,NA,Veracruz,7689219,191,33,7353,1269
2020-06-13,Mexico,NA,Veracruz,7689219,137,31,7490,1300
2020-06-14,Mexico,NA,Veracruz,7689219,138,35,7628,1335
2020-06-15,Mexico,NA,Veracruz,7689219,337,40,7965,1375
2020-06-16,Mexico,NA,Veracruz,7689219,309,42,8274,1417
2020-06-17,Mexico,NA,Veracruz,7689219,249,31,8523,1448
2020-06-18,Mexico,NA,Veracruz,7689219,263,31,8786,1479
2020-06-19,Mexico,NA,Veracruz,7689219,279,35,9065,1514
2020-06-20,Mexico,NA,Veracruz,7689219,166,42,9231,1556
2020-06-21,Mexico,NA,Veracruz,7689219,140,40,9371,1596
2020-06-22,Mexico,NA,Veracruz,7689219,370,26,9741,1622
2020-06-23,Mexico,NA,Veracruz,7689219,301,30,10042,1652
2020-06-24,Mexico,NA,Veracruz,7689219,299,34,10341,1686
2020-06-25,Mexico,NA,Veracruz,7689219,314,44,10655,1730
2020-06-26,Mexico,NA,Veracruz,7689219,323,36,10978,1766
2020-06-27,Mexico,NA,Veracruz,7689219,164,41,11142,1807
2020-06-28,Mexico,NA,Veracruz,7689219,162,38,11304,1845
2020-06-29,Mexico,NA,Veracruz,7689219,354,42,11658,1887
2020-06-30,Mexico,NA,Veracruz,7689219,383,31,12041,1918
2020-07-01,Mexico,NA,Veracruz,7689219,391,24,12432,1942
2020-07-02,Mexico,NA,Veracruz,7689219,375,28,12807,1970
2020-07-03,Mexico,NA,Veracruz,7689219,394,33,13201,2003
2020-07-04,Mexico,NA,Veracruz,7689219,173,38,13374,2041
2020-07-05,Mexico,NA,Veracruz,7689219,197,40,13571,2081
2020-07-06,Mexico,NA,Veracruz,7689219,379,45,13950,2126
2020-07-07,Mexico,NA,Veracruz,7689219,426,40,14376,2166
2020-07-08,Mexico,NA,Veracruz,7689219,404,51,14780,2217
2020-07-09,Mexico,NA,Veracruz,7689219,407,44,15187,2261
2020-07-10,Mexico,NA,Veracruz,7689219,343,44,15530,2305
2020-07-11,Mexico,NA,Veracruz,7689219,256,28,15786,2333
2020-07-12,Mexico,NA,Veracruz,7689219,218,29,16004,2362
2020-07-13,Mexico,NA,Veracruz,7689219,466,39,16470,2401
2020-07-14,Mexico,NA,Veracruz,7689219,453,36,16923,2437
2020-07-15,Mexico,NA,Veracruz,7689219,522,38,17445,2475
2020-07-16,Mexico,NA,Veracruz,7689219,443,51,17888,2526
2020-07-17,Mexico,NA,Veracruz,7689219,387,42,18275,2568
2020-07-18,Mexico,NA,Veracruz,7689219,246,43,18521,2611
2020-07-19,Mexico,NA,Veracruz,7689219,211,47,18732,2658
2020-07-20,Mexico,NA,Veracruz,7689219,486,43,19218,2701
2020-07-21,Mexico,NA,Veracruz,7689219,487,39,19705,2740
2020-07-22,Mexico,NA,Veracruz,7689219,428,36,20133,2776
2020-07-23,Mexico,NA,Veracruz,7689219,410,35,20543,2811
2020-07-24,Mexico,NA,Veracruz,7689219,457,39,21000,2850
2020-07-25,Mexico,NA,Veracruz,7689219,206,43,21206,2893
2020-07-26,Mexico,NA,Veracruz,7689219,234,47,21440,2940
2020-07-27,Mexico,NA,Veracruz,7689219,466,42,21906,2982
2020-07-28,Mexico,NA,Veracruz,7689219,366,42,22272,3024
2020-07-29,Mexico,NA,Veracruz,7689219,349,47,22621,3071
2020-07-30,Mexico,NA,Veracruz,7689219,340,35,22961,3106
2020-07-31,Mexico,NA,Veracruz,7689219,293,34,23254,3140
2020-08-01,Mexico,NA,Veracruz,7689219,171,30,23425,3170
2020-08-02,Mexico,NA,Veracruz,7689219,174,47,23599,3217
2020-08-03,Mexico,NA,Veracruz,7689219,360,40,23959,3257
2020-08-04,Mexico,NA,Veracruz,7689219,298,34,24257,3291
2020-08-05,Mexico,NA,Veracruz,7689219,298,28,24555,3319
2020-08-06,Mexico,NA,Veracruz,7689219,247,25,24802,3344
2020-08-07,Mexico,NA,Veracruz,7689219,270,29,25072,3373
2020-08-08,Mexico,NA,Veracruz,7689219,121,32,25193,3405
2020-08-09,Mexico,NA,Veracruz,7689219,112,26,25305,3431
2020-08-10,Mexico,NA,Veracruz,7689219,309,30,25614,3461
2020-08-11,Mexico,NA,Veracruz,7689219,250,25,25864,3486
2020-08-12,Mexico,NA,Veracruz,7689219,245,33,26109,3519
2020-08-13,Mexico,NA,Veracruz,7689219,241,29,26350,3548
2020-08-14,Mexico,NA,Veracruz,7689219,202,21,26552,3569
2020-08-15,Mexico,NA,Veracruz,7689219,108,19,26660,3588
2020-08-16,Mexico,NA,Veracruz,7689219,114,24,26774,3612
2020-08-17,Mexico,NA,Veracruz,7689219,266,22,27040,3634
2020-08-18,Mexico,NA,Veracruz,7689219,243,13,27283,3647
2020-08-19,Mexico,NA,Veracruz,7689219,205,27,27488,3674
2020-08-20,Mexico,NA,Veracruz,7689219,169,27,27657,3701
2020-08-21,Mexico,NA,Veracruz,7689219,164,20,27821,3721
2020-08-22,Mexico,NA,Veracruz,7689219,91,19,27912,3740
2020-08-23,Mexico,NA,Veracruz,7689219,100,18,28012,3758
2020-08-24,Mexico,NA,Veracruz,7689219,239,13,28251,3771
2020-08-25,Mexico,NA,Veracruz,7689219,218,16,28469,3787
2020-08-26,Mexico,NA,Veracruz,7689219,219,13,28688,3800
2020-08-27,Mexico,NA,Veracruz,7689219,183,15,28871,3815
2020-08-28,Mexico,NA,Veracruz,7689219,159,18,29030,3833
2020-08-29,Mexico,NA,Veracruz,7689219,102,16,29132,3849
2020-08-30,Mexico,NA,Veracruz,7689219,97,22,29229,3871
2020-08-31,Mexico,NA,Veracruz,7689219,230,19,29459,3890
2020-09-01,Mexico,NA,Veracruz,7689219,241,20,29700,3910
2020-09-02,Mexico,NA,Veracruz,7689219,237,18,29937,3928
2020-09-03,Mexico,NA,Veracruz,7689219,191,16,30128,3944
2020-09-04,Mexico,NA,Veracruz,7689219,176,16,30304,3960
2020-09-05,Mexico,NA,Veracruz,7689219,77,13,30381,3973
2020-09-06,Mexico,NA,Veracruz,7689219,79,13,30460,3986
2020-09-07,Mexico,NA,Veracruz,7689219,182,21,30642,4007
2020-09-08,Mexico,NA,Veracruz,7689219,213,11,30855,4018
2020-09-09,Mexico,NA,Veracruz,7689219,181,14,31036,4032
2020-09-10,Mexico,NA,Veracruz,7689219,159,16,31195,4048
2020-09-11,Mexico,NA,Veracruz,7689219,101,6,31296,4054
2020-09-12,Mexico,NA,Veracruz,7689219,4,13,31300,4067
2020-09-13,Mexico,NA,Veracruz,7689219,2,1,31302,4068
2020-09-14,Mexico,NA,Veracruz,7689219,3,1,31305,4069
2020-03-17,Mexico,NA,Yucatan,1961350,6,0,13,0
2020-03-19,Mexico,NA,Yucatan,1961350,2,0,15,0
2020-03-20,Mexico,NA,Yucatan,1961350,6,0,21,0
2020-03-22,Mexico,NA,Yucatan,1961350,8,0,29,0
2020-03-23,Mexico,NA,Yucatan,1961350,5,0,34,0
2020-03-24,Mexico,NA,Yucatan,1961350,8,0,42,0
2020-03-25,Mexico,NA,Yucatan,1961350,3,0,45,0
2020-03-27,Mexico,NA,Yucatan,1961350,3,0,48,0
2020-03-28,Mexico,NA,Yucatan,1961350,4,0,52,0
2020-03-29,Mexico,NA,Yucatan,1961350,2,0,54,0
2020-03-30,Mexico,NA,Yucatan,1961350,10,0,64,0
2020-03-31,Mexico,NA,Yucatan,1961350,4,0,68,0
2020-04-01,Mexico,NA,Yucatan,1961350,9,0,77,0
2020-04-02,Mexico,NA,Yucatan,1961350,3,0,80,0
2020-04-03,Mexico,NA,Yucatan,1961350,9,2,89,2
2020-04-04,Mexico,NA,Yucatan,1961350,2,0,91,2
2020-04-05,Mexico,NA,Yucatan,1961350,5,0,96,2
2020-04-06,Mexico,NA,Yucatan,1961350,13,1,109,3
2020-04-07,Mexico,NA,Yucatan,1961350,13,2,122,5
2020-04-08,Mexico,NA,Yucatan,1961350,9,0,131,5
2020-04-09,Mexico,NA,Yucatan,1961350,11,0,142,5
2020-04-10,Mexico,NA,Yucatan,1961350,4,3,146,8
2020-04-11,Mexico,NA,Yucatan,1961350,6,0,152,8
2020-04-12,Mexico,NA,Yucatan,1961350,7,0,159,8
2020-04-13,Mexico,NA,Yucatan,1961350,18,1,177,9
2020-04-14,Mexico,NA,Yucatan,1961350,18,0,195,9
2020-04-15,Mexico,NA,Yucatan,1961350,27,3,222,12
2020-04-16,Mexico,NA,Yucatan,1961350,12,1,234,13
2020-04-17,Mexico,NA,Yucatan,1961350,15,1,249,14
2020-04-18,Mexico,NA,Yucatan,1961350,6,0,255,14
2020-04-19,Mexico,NA,Yucatan,1961350,8,1,263,15
2020-04-20,Mexico,NA,Yucatan,1961350,26,2,289,17
2020-04-21,Mexico,NA,Yucatan,1961350,20,3,309,20
2020-04-22,Mexico,NA,Yucatan,1961350,22,1,331,21
2020-04-23,Mexico,NA,Yucatan,1961350,34,4,365,25
2020-04-24,Mexico,NA,Yucatan,1961350,34,2,399,27
2020-04-25,Mexico,NA,Yucatan,1961350,24,2,423,29
2020-04-26,Mexico,NA,Yucatan,1961350,20,1,443,30
2020-04-27,Mexico,NA,Yucatan,1961350,38,1,481,31
2020-04-28,Mexico,NA,Yucatan,1961350,43,3,524,34
2020-04-29,Mexico,NA,Yucatan,1961350,31,3,555,37
2020-04-30,Mexico,NA,Yucatan,1961350,60,1,615,38
2020-05-01,Mexico,NA,Yucatan,1961350,26,2,641,40
2020-05-02,Mexico,NA,Yucatan,1961350,29,5,670,45
2020-05-03,Mexico,NA,Yucatan,1961350,30,2,700,47
2020-05-04,Mexico,NA,Yucatan,1961350,49,2,749,49
2020-05-05,Mexico,NA,Yucatan,1961350,44,7,793,56
2020-05-06,Mexico,NA,Yucatan,1961350,34,4,827,60
2020-05-07,Mexico,NA,Yucatan,1961350,37,3,864,63
2020-05-08,Mexico,NA,Yucatan,1961350,36,2,900,65
2020-05-09,Mexico,NA,Yucatan,1961350,19,1,919,66
2020-05-10,Mexico,NA,Yucatan,1961350,27,7,946,73
2020-05-11,Mexico,NA,Yucatan,1961350,45,6,991,79
2020-05-12,Mexico,NA,Yucatan,1961350,52,7,1043,86
2020-05-13,Mexico,NA,Yucatan,1961350,59,5,1102,91
2020-05-14,Mexico,NA,Yucatan,1961350,58,7,1160,98
2020-05-15,Mexico,NA,Yucatan,1961350,42,1,1202,99
2020-05-16,Mexico,NA,Yucatan,1961350,32,3,1234,102
2020-05-17,Mexico,NA,Yucatan,1961350,49,8,1283,110
2020-05-18,Mexico,NA,Yucatan,1961350,54,5,1337,115
2020-05-19,Mexico,NA,Yucatan,1961350,53,3,1390,118
2020-05-20,Mexico,NA,Yucatan,1961350,57,11,1447,129
2020-05-21,Mexico,NA,Yucatan,1961350,71,5,1518,134
2020-05-22,Mexico,NA,Yucatan,1961350,62,6,1580,140
2020-05-23,Mexico,NA,Yucatan,1961350,34,8,1614,148
2020-05-24,Mexico,NA,Yucatan,1961350,30,2,1644,150
2020-05-25,Mexico,NA,Yucatan,1961350,53,7,1697,157
2020-05-26,Mexico,NA,Yucatan,1961350,57,10,1754,167
2020-05-27,Mexico,NA,Yucatan,1961350,61,9,1815,176
2020-05-28,Mexico,NA,Yucatan,1961350,60,8,1875,184
2020-05-29,Mexico,NA,Yucatan,1961350,46,7,1921,191
2020-05-30,Mexico,NA,Yucatan,1961350,29,9,1950,200
2020-05-31,Mexico,NA,Yucatan,1961350,25,5,1975,205
2020-06-01,Mexico,NA,Yucatan,1961350,58,10,2033,215
2020-06-02,Mexico,NA,Yucatan,1961350,48,8,2081,223
2020-06-03,Mexico,NA,Yucatan,1961350,50,2,2131,225
2020-06-04,Mexico,NA,Yucatan,1961350,44,5,2175,230
2020-06-05,Mexico,NA,Yucatan,1961350,34,4,2209,234
2020-06-06,Mexico,NA,Yucatan,1961350,44,6,2253,240
2020-06-07,Mexico,NA,Yucatan,1961350,36,4,2289,244
2020-06-08,Mexico,NA,Yucatan,1961350,89,5,2378,249
2020-06-09,Mexico,NA,Yucatan,1961350,68,9,2446,258
2020-06-10,Mexico,NA,Yucatan,1961350,75,10,2521,268
2020-06-11,Mexico,NA,Yucatan,1961350,84,6,2605,274
2020-06-12,Mexico,NA,Yucatan,1961350,67,5,2672,279
2020-06-13,Mexico,NA,Yucatan,1961350,41,8,2713,287
2020-06-14,Mexico,NA,Yucatan,1961350,59,12,2772,299
2020-06-15,Mexico,NA,Yucatan,1961350,104,13,2876,312
2020-06-16,Mexico,NA,Yucatan,1961350,97,6,2973,318
2020-06-17,Mexico,NA,Yucatan,1961350,118,7,3091,325
2020-06-18,Mexico,NA,Yucatan,1961350,101,10,3192,335
2020-06-19,Mexico,NA,Yucatan,1961350,110,3,3302,338
2020-06-20,Mexico,NA,Yucatan,1961350,95,9,3397,347
2020-06-21,Mexico,NA,Yucatan,1961350,89,9,3486,356
2020-06-22,Mexico,NA,Yucatan,1961350,144,7,3630,363
2020-06-23,Mexico,NA,Yucatan,1961350,153,12,3783,375
2020-06-24,Mexico,NA,Yucatan,1961350,173,20,3956,395
2020-06-25,Mexico,NA,Yucatan,1961350,189,17,4145,412
2020-06-26,Mexico,NA,Yucatan,1961350,143,8,4288,420
2020-06-27,Mexico,NA,Yucatan,1961350,98,6,4386,426
2020-06-28,Mexico,NA,Yucatan,1961350,71,6,4457,432
2020-06-29,Mexico,NA,Yucatan,1961350,192,15,4649,447
2020-06-30,Mexico,NA,Yucatan,1961350,160,23,4809,470
2020-07-01,Mexico,NA,Yucatan,1961350,165,15,4974,485
2020-07-02,Mexico,NA,Yucatan,1961350,156,10,5130,495
2020-07-03,Mexico,NA,Yucatan,1961350,195,15,5325,510
2020-07-04,Mexico,NA,Yucatan,1961350,71,16,5396,526
2020-07-05,Mexico,NA,Yucatan,1961350,72,8,5468,534
2020-07-06,Mexico,NA,Yucatan,1961350,174,19,5642,553
2020-07-07,Mexico,NA,Yucatan,1961350,183,22,5825,575
2020-07-08,Mexico,NA,Yucatan,1961350,182,15,6007,590
2020-07-09,Mexico,NA,Yucatan,1961350,187,14,6194,604
2020-07-10,Mexico,NA,Yucatan,1961350,180,23,6374,627
2020-07-11,Mexico,NA,Yucatan,1961350,89,11,6463,638
2020-07-12,Mexico,NA,Yucatan,1961350,94,14,6557,652
2020-07-13,Mexico,NA,Yucatan,1961350,198,19,6755,671
2020-07-14,Mexico,NA,Yucatan,1961350,189,15,6944,686
2020-07-15,Mexico,NA,Yucatan,1961350,192,26,7136,712
2020-07-16,Mexico,NA,Yucatan,1961350,207,15,7343,727
2020-07-17,Mexico,NA,Yucatan,1961350,187,7,7530,734
2020-07-18,Mexico,NA,Yucatan,1961350,94,16,7624,750
2020-07-19,Mexico,NA,Yucatan,1961350,85,12,7709,762
2020-07-20,Mexico,NA,Yucatan,1961350,252,13,7961,775
2020-07-21,Mexico,NA,Yucatan,1961350,232,21,8193,796
2020-07-22,Mexico,NA,Yucatan,1961350,246,22,8439,818
2020-07-23,Mexico,NA,Yucatan,1961350,236,24,8675,842
2020-07-24,Mexico,NA,Yucatan,1961350,246,16,8921,858
2020-07-25,Mexico,NA,Yucatan,1961350,100,13,9021,871
2020-07-26,Mexico,NA,Yucatan,1961350,92,12,9113,883
2020-07-27,Mexico,NA,Yucatan,1961350,262,20,9375,903
2020-07-28,Mexico,NA,Yucatan,1961350,330,21,9705,924
2020-07-29,Mexico,NA,Yucatan,1961350,292,14,9997,938
2020-07-30,Mexico,NA,Yucatan,1961350,369,8,10366,946
2020-07-31,Mexico,NA,Yucatan,1961350,235,17,10601,963
2020-08-01,Mexico,NA,Yucatan,1961350,122,20,10723,983
2020-08-02,Mexico,NA,Yucatan,1961350,80,14,10803,997
2020-08-03,Mexico,NA,Yucatan,1961350,211,18,11014,1015
2020-08-04,Mexico,NA,Yucatan,1961350,194,18,11208,1033
2020-08-05,Mexico,NA,Yucatan,1961350,177,16,11385,1049
2020-08-06,Mexico,NA,Yucatan,1961350,170,19,11555,1068
2020-08-07,Mexico,NA,Yucatan,1961350,158,11,11713,1079
2020-08-08,Mexico,NA,Yucatan,1961350,118,14,11831,1093
2020-08-09,Mexico,NA,Yucatan,1961350,97,14,11928,1107
2020-08-10,Mexico,NA,Yucatan,1961350,156,20,12084,1127
2020-08-11,Mexico,NA,Yucatan,1961350,177,16,12261,1143
2020-08-12,Mexico,NA,Yucatan,1961350,135,14,12396,1157
2020-08-13,Mexico,NA,Yucatan,1961350,143,19,12539,1176
2020-08-14,Mexico,NA,Yucatan,1961350,181,10,12720,1186
2020-08-15,Mexico,NA,Yucatan,1961350,103,14,12823,1200
2020-08-16,Mexico,NA,Yucatan,1961350,94,9,12917,1209
2020-08-17,Mexico,NA,Yucatan,1961350,177,12,13094,1221
2020-08-18,Mexico,NA,Yucatan,1961350,218,15,13312,1236
2020-08-19,Mexico,NA,Yucatan,1961350,137,10,13449,1246
2020-08-20,Mexico,NA,Yucatan,1961350,173,9,13622,1255
2020-08-21,Mexico,NA,Yucatan,1961350,152,20,13774,1275
2020-08-22,Mexico,NA,Yucatan,1961350,59,13,13833,1288
2020-08-23,Mexico,NA,Yucatan,1961350,108,7,13941,1295
2020-08-24,Mexico,NA,Yucatan,1961350,185,5,14126,1300
2020-08-25,Mexico,NA,Yucatan,1961350,169,13,14295,1313
2020-08-26,Mexico,NA,Yucatan,1961350,136,8,14431,1321
2020-08-27,Mexico,NA,Yucatan,1961350,252,12,14683,1333
2020-08-28,Mexico,NA,Yucatan,1961350,223,6,14906,1339
2020-08-29,Mexico,NA,Yucatan,1961350,48,4,14954,1343
2020-08-30,Mexico,NA,Yucatan,1961350,49,9,15003,1352
2020-08-31,Mexico,NA,Yucatan,1961350,171,8,15174,1360
2020-09-01,Mexico,NA,Yucatan,1961350,138,11,15312,1371
2020-09-02,Mexico,NA,Yucatan,1961350,169,15,15481,1386
2020-09-03,Mexico,NA,Yucatan,1961350,163,11,15644,1397
2020-09-04,Mexico,NA,Yucatan,1961350,134,8,15778,1405
2020-09-05,Mexico,NA,Yucatan,1961350,64,8,15842,1413
2020-09-06,Mexico,NA,Yucatan,1961350,72,8,15914,1421
2020-09-07,Mexico,NA,Yucatan,1961350,185,6,16099,1427
2020-09-08,Mexico,NA,Yucatan,1961350,177,3,16276,1430
2020-09-09,Mexico,NA,Yucatan,1961350,150,10,16426,1440
2020-09-10,Mexico,NA,Yucatan,1961350,142,7,16568,1447
2020-09-11,Mexico,NA,Yucatan,1961350,130,5,16698,1452
2020-09-12,Mexico,NA,Yucatan,1961350,61,2,16759,1454
2020-09-13,Mexico,NA,Yucatan,1961350,39,3,16798,1457
2020-09-14,Mexico,NA,Yucatan,1961350,17,3,16815,1460
2020-04-02,Mexico,NA,Zacatecas,1500451,1,0,11,1
2020-04-04,Mexico,NA,Zacatecas,1500451,1,1,12,2
2020-04-05,Mexico,NA,Zacatecas,1500451,1,0,13,2
2020-04-06,Mexico,NA,Zacatecas,1500451,1,0,14,2
2020-04-08,Mexico,NA,Zacatecas,1500451,2,0,16,2
2020-04-09,Mexico,NA,Zacatecas,1500451,2,0,18,2
2020-04-11,Mexico,NA,Zacatecas,1500451,2,0,20,2
2020-04-12,Mexico,NA,Zacatecas,1500451,1,0,21,2
2020-04-14,Mexico,NA,Zacatecas,1500451,1,0,22,2
2020-04-15,Mexico,NA,Zacatecas,1500451,6,0,28,2
2020-04-16,Mexico,NA,Zacatecas,1500451,3,0,31,2
2020-04-17,Mexico,NA,Zacatecas,1500451,2,0,33,2
2020-04-18,Mexico,NA,Zacatecas,1500451,7,0,40,2
2020-04-19,Mexico,NA,Zacatecas,1500451,1,1,41,3
2020-04-20,Mexico,NA,Zacatecas,1500451,9,0,50,3
2020-04-21,Mexico,NA,Zacatecas,1500451,2,0,52,3
2020-04-22,Mexico,NA,Zacatecas,1500451,2,0,54,3
2020-04-23,Mexico,NA,Zacatecas,1500451,8,1,62,4
2020-04-24,Mexico,NA,Zacatecas,1500451,5,0,67,4
2020-04-25,Mexico,NA,Zacatecas,1500451,4,0,71,4
2020-04-26,Mexico,NA,Zacatecas,1500451,3,1,74,5
2020-04-27,Mexico,NA,Zacatecas,1500451,4,1,78,6
2020-04-28,Mexico,NA,Zacatecas,1500451,10,1,88,7
2020-04-29,Mexico,NA,Zacatecas,1500451,9,1,97,8
2020-04-30,Mexico,NA,Zacatecas,1500451,4,1,101,9
2020-05-01,Mexico,NA,Zacatecas,1500451,7,1,108,10
2020-05-02,Mexico,NA,Zacatecas,1500451,7,3,115,13
2020-05-03,Mexico,NA,Zacatecas,1500451,2,3,117,16
2020-05-04,Mexico,NA,Zacatecas,1500451,5,1,122,17
2020-05-05,Mexico,NA,Zacatecas,1500451,5,1,127,18
2020-05-06,Mexico,NA,Zacatecas,1500451,11,0,138,18
2020-05-07,Mexico,NA,Zacatecas,1500451,9,0,147,18
2020-05-08,Mexico,NA,Zacatecas,1500451,9,0,156,18
2020-05-09,Mexico,NA,Zacatecas,1500451,4,1,160,19
2020-05-10,Mexico,NA,Zacatecas,1500451,2,1,162,20
2020-05-11,Mexico,NA,Zacatecas,1500451,10,0,172,20
2020-05-12,Mexico,NA,Zacatecas,1500451,3,1,175,21
2020-05-13,Mexico,NA,Zacatecas,1500451,8,1,183,22
2020-05-14,Mexico,NA,Zacatecas,1500451,13,1,196,23
2020-05-15,Mexico,NA,Zacatecas,1500451,8,2,204,25
2020-05-16,Mexico,NA,Zacatecas,1500451,3,0,207,25
2020-05-17,Mexico,NA,Zacatecas,1500451,3,1,210,26
2020-05-18,Mexico,NA,Zacatecas,1500451,6,0,216,26
2020-05-19,Mexico,NA,Zacatecas,1500451,0,2,216,28
2020-05-20,Mexico,NA,Zacatecas,1500451,15,0,231,28
2020-05-21,Mexico,NA,Zacatecas,1500451,5,0,236,28
2020-05-22,Mexico,NA,Zacatecas,1500451,9,1,245,29
2020-05-23,Mexico,NA,Zacatecas,1500451,11,1,256,30
2020-05-24,Mexico,NA,Zacatecas,1500451,6,0,262,30
2020-05-25,Mexico,NA,Zacatecas,1500451,11,1,273,31
2020-05-26,Mexico,NA,Zacatecas,1500451,12,1,285,32
2020-05-27,Mexico,NA,Zacatecas,1500451,4,1,289,33
2020-05-28,Mexico,NA,Zacatecas,1500451,7,1,296,34
2020-05-29,Mexico,NA,Zacatecas,1500451,15,1,311,35
2020-05-30,Mexico,NA,Zacatecas,1500451,7,1,318,36
2020-05-31,Mexico,NA,Zacatecas,1500451,5,1,323,37
2020-06-01,Mexico,NA,Zacatecas,1500451,16,1,339,38
2020-06-02,Mexico,NA,Zacatecas,1500451,13,3,352,41
2020-06-03,Mexico,NA,Zacatecas,1500451,16,2,368,43
2020-06-04,Mexico,NA,Zacatecas,1500451,17,2,385,45
2020-06-05,Mexico,NA,Zacatecas,1500451,17,2,402,47
2020-06-06,Mexico,NA,Zacatecas,1500451,14,1,416,48
2020-06-07,Mexico,NA,Zacatecas,1500451,12,3,428,51
2020-06-08,Mexico,NA,Zacatecas,1500451,20,5,448,56
2020-06-09,Mexico,NA,Zacatecas,1500451,27,2,475,58
2020-06-10,Mexico,NA,Zacatecas,1500451,34,2,509,60
2020-06-11,Mexico,NA,Zacatecas,1500451,19,2,528,62
2020-06-12,Mexico,NA,Zacatecas,1500451,25,1,553,63
2020-06-13,Mexico,NA,Zacatecas,1500451,19,0,572,63
2020-06-14,Mexico,NA,Zacatecas,1500451,10,4,582,67
2020-06-15,Mexico,NA,Zacatecas,1500451,37,3,619,70
2020-06-16,Mexico,NA,Zacatecas,1500451,34,2,653,72
2020-06-17,Mexico,NA,Zacatecas,1500451,20,5,673,77
2020-06-18,Mexico,NA,Zacatecas,1500451,23,6,696,83
2020-06-19,Mexico,NA,Zacatecas,1500451,16,1,712,84
2020-06-20,Mexico,NA,Zacatecas,1500451,11,2,723,86
2020-06-21,Mexico,NA,Zacatecas,1500451,9,2,732,88
2020-06-22,Mexico,NA,Zacatecas,1500451,22,1,754,89
2020-06-23,Mexico,NA,Zacatecas,1500451,29,2,783,91
2020-06-24,Mexico,NA,Zacatecas,1500451,24,1,807,92
2020-06-25,Mexico,NA,Zacatecas,1500451,32,2,839,94
2020-06-26,Mexico,NA,Zacatecas,1500451,32,3,871,97
2020-06-27,Mexico,NA,Zacatecas,1500451,15,0,886,97
2020-06-28,Mexico,NA,Zacatecas,1500451,24,4,910,101
2020-06-29,Mexico,NA,Zacatecas,1500451,43,3,953,104
2020-06-30,Mexico,NA,Zacatecas,1500451,54,4,1007,108
2020-07-01,Mexico,NA,Zacatecas,1500451,45,3,1052,111
2020-07-02,Mexico,NA,Zacatecas,1500451,47,6,1099,117
2020-07-03,Mexico,NA,Zacatecas,1500451,49,4,1148,121
2020-07-04,Mexico,NA,Zacatecas,1500451,22,2,1170,123
2020-07-05,Mexico,NA,Zacatecas,1500451,20,1,1190,124
2020-07-06,Mexico,NA,Zacatecas,1500451,58,3,1248,127
2020-07-07,Mexico,NA,Zacatecas,1500451,45,7,1293,134
2020-07-08,Mexico,NA,Zacatecas,1500451,54,5,1347,139
2020-07-09,Mexico,NA,Zacatecas,1500451,38,3,1385,142
2020-07-10,Mexico,NA,Zacatecas,1500451,46,6,1431,148
2020-07-11,Mexico,NA,Zacatecas,1500451,55,4,1486,152
2020-07-12,Mexico,NA,Zacatecas,1500451,32,4,1518,156
2020-07-13,Mexico,NA,Zacatecas,1500451,47,1,1565,157
2020-07-14,Mexico,NA,Zacatecas,1500451,61,6,1626,163
2020-07-15,Mexico,NA,Zacatecas,1500451,76,8,1702,171
2020-07-16,Mexico,NA,Zacatecas,1500451,99,5,1801,176
2020-07-17,Mexico,NA,Zacatecas,1500451,56,3,1857,179
2020-07-18,Mexico,NA,Zacatecas,1500451,46,6,1903,185
2020-07-19,Mexico,NA,Zacatecas,1500451,25,5,1928,190
2020-07-20,Mexico,NA,Zacatecas,1500451,89,5,2017,195
2020-07-21,Mexico,NA,Zacatecas,1500451,85,6,2102,201
2020-07-22,Mexico,NA,Zacatecas,1500451,96,2,2198,203
2020-07-23,Mexico,NA,Zacatecas,1500451,82,8,2280,211
2020-07-24,Mexico,NA,Zacatecas,1500451,85,9,2365,220
2020-07-25,Mexico,NA,Zacatecas,1500451,62,8,2427,228
2020-07-26,Mexico,NA,Zacatecas,1500451,26,13,2453,241
2020-07-27,Mexico,NA,Zacatecas,1500451,79,2,2532,243
2020-07-28,Mexico,NA,Zacatecas,1500451,131,7,2663,250
2020-07-29,Mexico,NA,Zacatecas,1500451,73,7,2736,257
2020-07-30,Mexico,NA,Zacatecas,1500451,107,4,2843,261
2020-07-31,Mexico,NA,Zacatecas,1500451,78,7,2921,268
2020-08-01,Mexico,NA,Zacatecas,1500451,50,12,2971,280
2020-08-02,Mexico,NA,Zacatecas,1500451,42,6,3013,286
2020-08-03,Mexico,NA,Zacatecas,1500451,97,10,3110,296
2020-08-04,Mexico,NA,Zacatecas,1500451,87,7,3197,303
2020-08-05,Mexico,NA,Zacatecas,1500451,85,10,3282,313
2020-08-06,Mexico,NA,Zacatecas,1500451,101,11,3383,324
2020-08-07,Mexico,NA,Zacatecas,1500451,87,9,3470,333
2020-08-08,Mexico,NA,Zacatecas,1500451,93,17,3563,350
2020-08-09,Mexico,NA,Zacatecas,1500451,59,10,3622,360
2020-08-10,Mexico,NA,Zacatecas,1500451,113,6,3735,366
2020-08-11,Mexico,NA,Zacatecas,1500451,172,8,3907,374
2020-08-12,Mexico,NA,Zacatecas,1500451,135,8,4042,382
2020-08-13,Mexico,NA,Zacatecas,1500451,64,7,4106,389
2020-08-14,Mexico,NA,Zacatecas,1500451,73,5,4179,394
2020-08-15,Mexico,NA,Zacatecas,1500451,63,9,4242,403
2020-08-16,Mexico,NA,Zacatecas,1500451,47,2,4289,405
2020-08-17,Mexico,NA,Zacatecas,1500451,80,11,4369,416
2020-08-18,Mexico,NA,Zacatecas,1500451,105,5,4474,421
2020-08-19,Mexico,NA,Zacatecas,1500451,85,6,4559,427
2020-08-20,Mexico,NA,Zacatecas,1500451,95,7,4654,434
2020-08-21,Mexico,NA,Zacatecas,1500451,93,6,4747,440
2020-08-22,Mexico,NA,Zacatecas,1500451,50,13,4797,453
2020-08-23,Mexico,NA,Zacatecas,1500451,44,8,4841,461
2020-08-24,Mexico,NA,Zacatecas,1500451,94,9,4935,470
2020-08-25,Mexico,NA,Zacatecas,1500451,113,4,5048,474
2020-08-26,Mexico,NA,Zacatecas,1500451,86,9,5134,483
2020-08-27,Mexico,NA,Zacatecas,1500451,97,9,5231,492
2020-08-28,Mexico,NA,Zacatecas,1500451,95,5,5326,497
2020-08-29,Mexico,NA,Zacatecas,1500451,40,12,5366,509
2020-08-30,Mexico,NA,Zacatecas,1500451,33,5,5399,514
2020-08-31,Mexico,NA,Zacatecas,1500451,65,12,5464,526
2020-09-01,Mexico,NA,Zacatecas,1500451,89,10,5553,536
2020-09-02,Mexico,NA,Zacatecas,1500451,124,8,5677,544
2020-09-03,Mexico,NA,Zacatecas,1500451,77,5,5754,549
2020-09-04,Mexico,NA,Zacatecas,1500451,103,9,5857,558
2020-09-05,Mexico,NA,Zacatecas,1500451,51,4,5908,562
2020-09-06,Mexico,NA,Zacatecas,1500451,38,10,5946,572
2020-09-07,Mexico,NA,Zacatecas,1500451,73,13,6019,585
2020-09-08,Mexico,NA,Zacatecas,1500451,78,6,6097,591
2020-09-09,Mexico,NA,Zacatecas,1500451,77,10,6174,601
2020-09-10,Mexico,NA,Zacatecas,1500451,103,5,6277,606
2020-09-11,Mexico,NA,Zacatecas,1500451,87,3,6364,609
2020-09-12,Mexico,NA,Zacatecas,1500451,35,4,6399,613
2020-09-13,Mexico,NA,Zacatecas,1500451,33,3,6432,616
2020-09-14,Mexico,NA,Zacatecas,1500451,20,0,6452,616
2020-03-13,Netherlands,NA,Drenthe,492167,0,0,13,0
2020-03-14,Netherlands,NA,Drenthe,492167,2,0,15,0
2020-03-15,Netherlands,NA,Drenthe,492167,0,0,15,0
2020-03-16,Netherlands,NA,Drenthe,492167,1,0,16,0
2020-03-17,Netherlands,NA,Drenthe,492167,1,0,17,0
2020-03-18,Netherlands,NA,Drenthe,492167,5,0,22,0
2020-03-19,Netherlands,NA,Drenthe,492167,3,1,25,1
2020-03-20,Netherlands,NA,Drenthe,492167,12,0,37,1
2020-03-21,Netherlands,NA,Drenthe,492167,1,0,38,1
2020-03-22,Netherlands,NA,Drenthe,492167,4,0,42,1
2020-03-23,Netherlands,NA,Drenthe,492167,7,1,49,2
2020-03-24,Netherlands,NA,Drenthe,492167,6,0,55,2
2020-03-25,Netherlands,NA,Drenthe,492167,5,0,60,2
2020-03-26,Netherlands,NA,Drenthe,492167,11,0,71,2
2020-03-27,Netherlands,NA,Drenthe,492167,8,1,79,3
2020-03-28,Netherlands,NA,Drenthe,492167,18,0,97,3
2020-03-29,Netherlands,NA,Drenthe,492167,15,0,112,3
2020-03-30,Netherlands,NA,Drenthe,492167,4,0,116,3
2020-03-31,Netherlands,NA,Drenthe,492167,7,1,123,4
2020-04-01,Netherlands,NA,Drenthe,492167,19,1,142,5
2020-04-02,Netherlands,NA,Drenthe,492167,15,3,157,8
2020-04-03,Netherlands,NA,Drenthe,492167,13,1,170,9
2020-04-04,Netherlands,NA,Drenthe,492167,22,2,192,11
2020-04-05,Netherlands,NA,Drenthe,492167,15,0,207,11
2020-04-06,Netherlands,NA,Drenthe,492167,8,0,215,11
2020-04-07,Netherlands,NA,Drenthe,492167,4,2,219,13
2020-04-08,Netherlands,NA,Drenthe,492167,13,0,232,13
2020-04-09,Netherlands,NA,Drenthe,492167,17,0,249,13
2020-04-10,Netherlands,NA,Drenthe,492167,17,0,266,13
2020-04-11,Netherlands,NA,Drenthe,492167,23,1,289,14
2020-04-12,Netherlands,NA,Drenthe,492167,15,0,304,14
2020-04-13,Netherlands,NA,Drenthe,492167,9,0,313,14
2020-04-14,Netherlands,NA,Drenthe,492167,6,0,319,14
2020-04-15,Netherlands,NA,Drenthe,492167,6,5,325,19
2020-04-16,Netherlands,NA,Drenthe,492167,15,1,340,20
2020-04-17,Netherlands,NA,Drenthe,492167,15,1,355,21
2020-04-18,Netherlands,NA,Drenthe,492167,18,2,373,23
2020-04-19,Netherlands,NA,Drenthe,492167,12,0,385,23
2020-04-20,Netherlands,NA,Drenthe,492167,9,0,394,23
2020-04-21,Netherlands,NA,Drenthe,492167,6,1,400,24
2020-04-22,Netherlands,NA,Drenthe,492167,5,2,405,26
2020-04-23,Netherlands,NA,Drenthe,492167,16,0,421,26
2020-04-24,Netherlands,NA,Drenthe,492167,16,2,437,28
2020-04-25,Netherlands,NA,Drenthe,492167,12,0,449,28
2020-04-26,Netherlands,NA,Drenthe,492167,0,0,449,28
2020-04-27,Netherlands,NA,Drenthe,492167,12,0,461,28
2020-04-28,Netherlands,NA,Drenthe,492167,0,0,461,28
2020-04-29,Netherlands,NA,Drenthe,492167,6,3,467,31
2020-04-30,Netherlands,NA,Drenthe,492167,6,0,473,31
2020-05-01,Netherlands,NA,Drenthe,492167,2,0,475,31
2020-05-02,Netherlands,NA,Drenthe,492167,6,1,481,32
2020-05-03,Netherlands,NA,Drenthe,492167,0,0,481,32
2020-05-04,Netherlands,NA,Drenthe,492167,4,0,485,32
2020-05-05,Netherlands,NA,Drenthe,492167,4,0,489,32
2020-05-06,Netherlands,NA,Drenthe,492167,2,0,491,32
2020-05-07,Netherlands,NA,Drenthe,492167,0,0,491,32
2020-05-08,Netherlands,NA,Drenthe,492167,1,0,492,32
2020-05-09,Netherlands,NA,Drenthe,492167,1,6,493,38
2020-05-10,Netherlands,NA,Drenthe,492167,1,0,494,38
2020-05-11,Netherlands,NA,Drenthe,492167,1,0,495,38
2020-05-12,Netherlands,NA,Drenthe,492167,1,0,496,38
2020-05-13,Netherlands,NA,Drenthe,492167,1,0,497,38
2020-05-14,Netherlands,NA,Drenthe,492167,0,0,497,38
2020-05-15,Netherlands,NA,Drenthe,492167,1,2,498,40
2020-05-16,Netherlands,NA,Drenthe,492167,0,0,498,40
2020-05-17,Netherlands,NA,Drenthe,492167,0,0,498,40
2020-05-18,Netherlands,NA,Drenthe,492167,1,0,499,40
2020-05-19,Netherlands,NA,Drenthe,492167,0,0,499,40
2020-05-20,Netherlands,NA,Drenthe,492167,2,0,501,40
2020-05-21,Netherlands,NA,Drenthe,492167,0,0,501,40
2020-05-22,Netherlands,NA,Drenthe,492167,2,0,503,40
2020-05-23,Netherlands,NA,Drenthe,492167,3,0,506,40
2020-05-24,Netherlands,NA,Drenthe,492167,0,0,506,40
2020-05-25,Netherlands,NA,Drenthe,492167,1,0,507,40
2020-05-26,Netherlands,NA,Drenthe,492167,0,0,507,40
2020-05-27,Netherlands,NA,Drenthe,492167,0,0,507,40
2020-05-28,Netherlands,NA,Drenthe,492167,0,0,507,40
2020-05-29,Netherlands,NA,Drenthe,492167,0,0,507,40
2020-05-30,Netherlands,NA,Drenthe,492167,0,0,507,40
2020-05-31,Netherlands,NA,Drenthe,492167,4,0,511,40
2020-06-01,Netherlands,NA,Drenthe,492167,0,0,511,40
2020-06-02,Netherlands,NA,Drenthe,492167,2,0,513,40
2020-06-03,Netherlands,NA,Drenthe,492167,0,0,513,40
2020-06-04,Netherlands,NA,Drenthe,492167,2,0,515,40
2020-06-05,Netherlands,NA,Drenthe,492167,3,0,518,40
2020-06-06,Netherlands,NA,Drenthe,492167,1,0,519,40
2020-06-07,Netherlands,NA,Drenthe,492167,4,0,523,40
2020-06-08,Netherlands,NA,Drenthe,492167,0,0,523,40
2020-06-09,Netherlands,NA,Drenthe,492167,0,0,523,40
2020-06-10,Netherlands,NA,Drenthe,492167,1,0,524,40
2020-06-11,Netherlands,NA,Drenthe,492167,1,0,525,40
2020-06-12,Netherlands,NA,Drenthe,492167,0,0,525,40
2020-06-13,Netherlands,NA,Drenthe,492167,0,0,525,40
2020-06-14,Netherlands,NA,Drenthe,492167,3,0,528,40
2020-06-15,Netherlands,NA,Drenthe,492167,1,0,529,40
2020-06-16,Netherlands,NA,Drenthe,492167,0,0,529,40
2020-06-17,Netherlands,NA,Drenthe,492167,2,0,531,40
2020-06-18,Netherlands,NA,Drenthe,492167,1,0,532,40
2020-06-19,Netherlands,NA,Drenthe,492167,0,1,532,41
2020-06-20,Netherlands,NA,Drenthe,492167,1,0,533,41
2020-06-21,Netherlands,NA,Drenthe,492167,0,0,533,41
2020-06-22,Netherlands,NA,Drenthe,492167,0,0,533,41
2020-06-23,Netherlands,NA,Drenthe,492167,0,0,533,41
2020-06-24,Netherlands,NA,Drenthe,492167,0,0,533,41
2020-06-25,Netherlands,NA,Drenthe,492167,0,0,533,41
2020-06-26,Netherlands,NA,Drenthe,492167,0,0,533,41
2020-06-27,Netherlands,NA,Drenthe,492167,0,0,533,41
2020-06-28,Netherlands,NA,Drenthe,492167,0,0,533,41
2020-06-29,Netherlands,NA,Drenthe,492167,0,0,533,41
2020-06-30,Netherlands,NA,Drenthe,492167,0,0,533,41
2020-07-01,Netherlands,NA,Drenthe,492167,0,0,533,41
2020-07-02,Netherlands,NA,Drenthe,492167,1,0,534,41
2020-07-03,Netherlands,NA,Drenthe,492167,0,0,534,41
2020-07-04,Netherlands,NA,Drenthe,492167,0,0,534,41
2020-07-05,Netherlands,NA,Drenthe,492167,0,0,534,41
2020-07-06,Netherlands,NA,Drenthe,492167,0,0,534,41
2020-07-07,Netherlands,NA,Drenthe,492167,0,0,534,41
2020-07-08,Netherlands,NA,Drenthe,492167,1,0,534,41
2020-07-09,Netherlands,NA,Drenthe,492167,0,0,534,41
2020-07-10,Netherlands,NA,Drenthe,492167,1,0,534,41
2020-07-11,Netherlands,NA,Drenthe,492167,0,0,534,41
2020-07-12,Netherlands,NA,Drenthe,492167,0,0,534,41
2020-07-13,Netherlands,NA,Drenthe,492167,0,0,534,41
2020-07-14,Netherlands,NA,Drenthe,492167,0,0,534,41
2020-07-15,Netherlands,NA,Drenthe,492167,2,0,534,41
2020-07-16,Netherlands,NA,Drenthe,492167,0,0,534,41
2020-07-17,Netherlands,NA,Drenthe,492167,2,0,536,41
2020-07-18,Netherlands,NA,Drenthe,492167,3,0,539,41
2020-07-19,Netherlands,NA,Drenthe,492167,0,0,539,41
2020-07-20,Netherlands,NA,Drenthe,492167,0,0,539,41
2020-07-21,Netherlands,NA,Drenthe,492167,1,0,540,41
2020-07-22,Netherlands,NA,Drenthe,492167,2,0,542,41
2020-07-23,Netherlands,NA,Drenthe,492167,3,0,545,41
2020-07-24,Netherlands,NA,Drenthe,492167,1,0,546,41
2020-07-25,Netherlands,NA,Drenthe,492167,2,0,548,41
2020-07-26,Netherlands,NA,Drenthe,492167,1,0,549,41
2020-07-27,Netherlands,NA,Drenthe,492167,0,0,549,41
2020-07-28,Netherlands,NA,Drenthe,492167,0,0,549,41
2020-07-29,Netherlands,NA,Drenthe,492167,0,0,549,41
2020-07-30,Netherlands,NA,Drenthe,492167,1,0,550,41
2020-07-31,Netherlands,NA,Drenthe,492167,1,0,551,41
2020-08-01,Netherlands,NA,Drenthe,492167,1,0,552,41
2020-08-02,Netherlands,NA,Drenthe,492167,1,0,553,41
2020-08-03,Netherlands,NA,Drenthe,492167,1,0,554,41
2020-08-04,Netherlands,NA,Drenthe,492167,0,0,554,41
2020-08-05,Netherlands,NA,Drenthe,492167,5,0,559,41
2020-08-06,Netherlands,NA,Drenthe,492167,3,0,562,41
2020-08-07,Netherlands,NA,Drenthe,492167,1,0,563,41
2020-08-08,Netherlands,NA,Drenthe,492167,3,0,566,41
2020-08-09,Netherlands,NA,Drenthe,492167,5,0,571,41
2020-08-10,Netherlands,NA,Drenthe,492167,0,0,571,41
2020-08-11,Netherlands,NA,Drenthe,492167,2,0,573,41
2020-08-12,Netherlands,NA,Drenthe,492167,2,0,575,41
2020-08-13,Netherlands,NA,Drenthe,492167,3,0,578,41
2020-08-14,Netherlands,NA,Drenthe,492167,1,0,579,41
2020-08-15,Netherlands,NA,Drenthe,492167,2,0,581,41
2020-08-16,Netherlands,NA,Drenthe,492167,1,0,582,41
2020-08-17,Netherlands,NA,Drenthe,492167,3,0,585,41
2020-08-18,Netherlands,NA,Drenthe,492167,1,0,586,41
2020-08-19,Netherlands,NA,Drenthe,492167,1,0,587,41
2020-08-20,Netherlands,NA,Drenthe,492167,3,0,590,41
2020-08-21,Netherlands,NA,Drenthe,492167,2,0,592,41
2020-08-22,Netherlands,NA,Drenthe,492167,3,0,595,41
2020-08-23,Netherlands,NA,Drenthe,492167,4,0,599,41
2020-08-24,Netherlands,NA,Drenthe,492167,0,0,599,41
2020-08-25,Netherlands,NA,Drenthe,492167,3,0,602,41
2020-08-26,Netherlands,NA,Drenthe,492167,1,0,603,41
2020-08-27,Netherlands,NA,Drenthe,492167,2,0,605,41
2020-08-28,Netherlands,NA,Drenthe,492167,1,0,606,41
2020-08-29,Netherlands,NA,Drenthe,492167,1,0,607,41
2020-08-30,Netherlands,NA,Drenthe,492167,2,0,609,41
2020-08-31,Netherlands,NA,Drenthe,492167,1,0,610,41
2020-09-01,Netherlands,NA,Drenthe,492167,0,0,610,41
2020-09-02,Netherlands,NA,Drenthe,492167,0,0,610,41
2020-09-03,Netherlands,NA,Drenthe,492167,2,0,612,41
2020-09-04,Netherlands,NA,Drenthe,492167,3,0,615,41
2020-09-05,Netherlands,NA,Drenthe,492167,2,0,617,41
2020-09-06,Netherlands,NA,Drenthe,492167,3,0,620,41
2020-09-07,Netherlands,NA,Drenthe,492167,6,0,626,41
2020-09-08,Netherlands,NA,Drenthe,492167,0,0,626,41
2020-09-09,Netherlands,NA,Drenthe,492167,3,0,629,41
2020-09-10,Netherlands,NA,Drenthe,492167,7,0,636,41
2020-09-11,Netherlands,NA,Drenthe,492167,1,0,637,41
2020-09-12,Netherlands,NA,Drenthe,492167,5,0,642,41
2020-09-13,Netherlands,NA,Drenthe,492167,8,0,650,41
2020-09-14,Netherlands,NA,Drenthe,492167,5,0,655,41
2020-09-15,Netherlands,NA,Drenthe,492167,8,0,663,41
2020-03-14,Netherlands,NA,Flevoland,416546,7,0,14,0
2020-03-15,Netherlands,NA,Flevoland,416546,5,0,19,0
2020-03-16,Netherlands,NA,Flevoland,416546,3,0,22,0
2020-03-17,Netherlands,NA,Flevoland,416546,2,0,24,0
2020-03-18,Netherlands,NA,Flevoland,416546,6,0,30,0
2020-03-19,Netherlands,NA,Flevoland,416546,6,0,36,0
2020-03-20,Netherlands,NA,Flevoland,416546,14,0,50,0
2020-03-21,Netherlands,NA,Flevoland,416546,1,0,51,0
2020-03-22,Netherlands,NA,Flevoland,416546,7,1,58,1
2020-03-23,Netherlands,NA,Flevoland,416546,7,1,65,2
2020-03-24,Netherlands,NA,Flevoland,416546,7,1,72,3
2020-03-25,Netherlands,NA,Flevoland,416546,11,1,83,4
2020-03-26,Netherlands,NA,Flevoland,416546,10,1,93,5
2020-03-27,Netherlands,NA,Flevoland,416546,13,0,106,5
2020-03-28,Netherlands,NA,Flevoland,416546,12,0,118,5
2020-03-29,Netherlands,NA,Flevoland,416546,17,0,135,5
2020-03-30,Netherlands,NA,Flevoland,416546,7,0,142,5
2020-03-31,Netherlands,NA,Flevoland,416546,19,1,161,6
2020-04-01,Netherlands,NA,Flevoland,416546,23,1,184,7
2020-04-02,Netherlands,NA,Flevoland,416546,14,1,198,8
2020-04-03,Netherlands,NA,Flevoland,416546,22,3,220,11
2020-04-04,Netherlands,NA,Flevoland,416546,9,2,229,13
2020-04-05,Netherlands,NA,Flevoland,416546,17,1,246,14
2020-04-06,Netherlands,NA,Flevoland,416546,7,0,253,14
2020-04-07,Netherlands,NA,Flevoland,416546,13,1,266,15
2020-04-08,Netherlands,NA,Flevoland,416546,19,2,285,17
2020-04-09,Netherlands,NA,Flevoland,416546,14,4,299,21
2020-04-10,Netherlands,NA,Flevoland,416546,28,0,327,21
2020-04-11,Netherlands,NA,Flevoland,416546,37,1,364,22
2020-04-12,Netherlands,NA,Flevoland,416546,15,0,379,22
2020-04-13,Netherlands,NA,Flevoland,416546,34,1,413,23
2020-04-14,Netherlands,NA,Flevoland,416546,8,1,421,24
2020-04-15,Netherlands,NA,Flevoland,416546,15,1,436,25
2020-04-16,Netherlands,NA,Flevoland,416546,21,1,457,26
2020-04-17,Netherlands,NA,Flevoland,416546,48,0,505,26
2020-04-18,Netherlands,NA,Flevoland,416546,46,0,551,26
2020-04-19,Netherlands,NA,Flevoland,416546,21,0,572,26
2020-04-20,Netherlands,NA,Flevoland,416546,6,1,578,27
2020-04-21,Netherlands,NA,Flevoland,416546,21,3,599,30
2020-04-22,Netherlands,NA,Flevoland,416546,21,2,620,32
2020-04-23,Netherlands,NA,Flevoland,416546,28,0,648,32
2020-04-24,Netherlands,NA,Flevoland,416546,12,0,660,32
2020-04-25,Netherlands,NA,Flevoland,416546,25,3,685,35
2020-04-26,Netherlands,NA,Flevoland,416546,21,7,706,42
2020-04-27,Netherlands,NA,Flevoland,416546,5,2,711,44
2020-04-28,Netherlands,NA,Flevoland,416546,3,1,714,45
2020-04-29,Netherlands,NA,Flevoland,416546,9,1,723,46
2020-04-30,Netherlands,NA,Flevoland,416546,9,1,732,47
2020-05-01,Netherlands,NA,Flevoland,416546,14,4,746,51
2020-05-02,Netherlands,NA,Flevoland,416546,16,4,762,55
2020-05-03,Netherlands,NA,Flevoland,416546,2,0,764,55
2020-05-04,Netherlands,NA,Flevoland,416546,6,1,770,56
2020-05-05,Netherlands,NA,Flevoland,416546,15,2,785,58
2020-05-06,Netherlands,NA,Flevoland,416546,17,0,802,58
2020-05-07,Netherlands,NA,Flevoland,416546,5,7,807,65
2020-05-08,Netherlands,NA,Flevoland,416546,13,1,820,66
2020-05-09,Netherlands,NA,Flevoland,416546,14,5,834,71
2020-05-10,Netherlands,NA,Flevoland,416546,15,0,849,71
2020-05-11,Netherlands,NA,Flevoland,416546,1,0,850,71
2020-05-12,Netherlands,NA,Flevoland,416546,8,1,858,72
2020-05-13,Netherlands,NA,Flevoland,416546,3,1,861,73
2020-05-14,Netherlands,NA,Flevoland,416546,2,0,863,73
2020-05-15,Netherlands,NA,Flevoland,416546,6,8,869,81
2020-05-16,Netherlands,NA,Flevoland,416546,4,1,873,82
2020-05-17,Netherlands,NA,Flevoland,416546,6,0,879,82
2020-05-18,Netherlands,NA,Flevoland,416546,2,0,881,82
2020-05-19,Netherlands,NA,Flevoland,416546,1,0,882,82
2020-05-20,Netherlands,NA,Flevoland,416546,6,0,888,82
2020-05-21,Netherlands,NA,Flevoland,416546,5,0,893,82
2020-05-22,Netherlands,NA,Flevoland,416546,4,0,897,82
2020-05-23,Netherlands,NA,Flevoland,416546,0,0,897,82
2020-05-24,Netherlands,NA,Flevoland,416546,2,0,899,82
2020-05-25,Netherlands,NA,Flevoland,416546,1,0,900,82
2020-05-26,Netherlands,NA,Flevoland,416546,6,1,906,83
2020-05-27,Netherlands,NA,Flevoland,416546,5,2,911,85
2020-05-28,Netherlands,NA,Flevoland,416546,4,2,915,87
2020-05-29,Netherlands,NA,Flevoland,416546,3,0,918,87
2020-05-30,Netherlands,NA,Flevoland,416546,2,1,920,88
2020-05-31,Netherlands,NA,Flevoland,416546,6,0,926,88
2020-06-01,Netherlands,NA,Flevoland,416546,2,0,928,88
2020-06-02,Netherlands,NA,Flevoland,416546,0,0,928,88
2020-06-03,Netherlands,NA,Flevoland,416546,2,1,930,89
2020-06-04,Netherlands,NA,Flevoland,416546,8,0,938,89
2020-06-05,Netherlands,NA,Flevoland,416546,3,0,941,89
2020-06-06,Netherlands,NA,Flevoland,416546,4,0,945,89
2020-06-07,Netherlands,NA,Flevoland,416546,2,0,947,89
2020-06-08,Netherlands,NA,Flevoland,416546,0,0,947,89
2020-06-09,Netherlands,NA,Flevoland,416546,1,0,948,89
2020-06-10,Netherlands,NA,Flevoland,416546,3,0,951,89
2020-06-11,Netherlands,NA,Flevoland,416546,1,0,952,89
2020-06-12,Netherlands,NA,Flevoland,416546,3,0,955,89
2020-06-13,Netherlands,NA,Flevoland,416546,1,1,956,90
2020-06-14,Netherlands,NA,Flevoland,416546,2,0,958,90
2020-06-15,Netherlands,NA,Flevoland,416546,7,1,965,91
2020-06-16,Netherlands,NA,Flevoland,416546,1,0,966,91
2020-06-17,Netherlands,NA,Flevoland,416546,2,0,968,91
2020-06-18,Netherlands,NA,Flevoland,416546,3,0,971,91
2020-06-19,Netherlands,NA,Flevoland,416546,3,0,974,91
2020-06-20,Netherlands,NA,Flevoland,416546,0,0,974,91
2020-06-21,Netherlands,NA,Flevoland,416546,0,0,974,91
2020-06-22,Netherlands,NA,Flevoland,416546,0,0,974,91
2020-06-23,Netherlands,NA,Flevoland,416546,0,0,974,91
2020-06-24,Netherlands,NA,Flevoland,416546,4,0,976,91
2020-06-25,Netherlands,NA,Flevoland,416546,1,0,977,91
2020-06-26,Netherlands,NA,Flevoland,416546,0,0,977,91
2020-06-27,Netherlands,NA,Flevoland,416546,2,0,979,91
2020-06-28,Netherlands,NA,Flevoland,416546,2,0,981,91
2020-06-29,Netherlands,NA,Flevoland,416546,0,0,981,91
2020-06-30,Netherlands,NA,Flevoland,416546,3,0,984,91
2020-07-01,Netherlands,NA,Flevoland,416546,1,0,985,91
2020-07-02,Netherlands,NA,Flevoland,416546,0,0,985,91
2020-07-03,Netherlands,NA,Flevoland,416546,1,1,986,92
2020-07-04,Netherlands,NA,Flevoland,416546,2,0,988,92
2020-07-05,Netherlands,NA,Flevoland,416546,0,0,988,92
2020-07-06,Netherlands,NA,Flevoland,416546,0,0,988,92
2020-07-07,Netherlands,NA,Flevoland,416546,0,0,988,92
2020-07-08,Netherlands,NA,Flevoland,416546,0,0,988,92
2020-07-09,Netherlands,NA,Flevoland,416546,0,0,988,92
2020-07-10,Netherlands,NA,Flevoland,416546,0,0,988,92
2020-07-11,Netherlands,NA,Flevoland,416546,0,0,988,92
2020-07-12,Netherlands,NA,Flevoland,416546,0,0,988,92
2020-07-13,Netherlands,NA,Flevoland,416546,0,0,988,92
2020-07-14,Netherlands,NA,Flevoland,416546,0,0,988,92
2020-07-15,Netherlands,NA,Flevoland,416546,0,0,988,92
2020-07-16,Netherlands,NA,Flevoland,416546,0,0,988,92
2020-07-17,Netherlands,NA,Flevoland,416546,0,0,988,92
2020-07-18,Netherlands,NA,Flevoland,416546,0,0,988,92
2020-07-19,Netherlands,NA,Flevoland,416546,0,0,988,92
2020-07-20,Netherlands,NA,Flevoland,416546,1,0,988,92
2020-07-21,Netherlands,NA,Flevoland,416546,1,0,988,92
2020-07-22,Netherlands,NA,Flevoland,416546,0,0,988,92
2020-07-23,Netherlands,NA,Flevoland,416546,1,0,988,92
2020-07-24,Netherlands,NA,Flevoland,416546,2,0,988,92
2020-07-25,Netherlands,NA,Flevoland,416546,3,0,989,92
2020-07-26,Netherlands,NA,Flevoland,416546,1,0,990,92
2020-07-27,Netherlands,NA,Flevoland,416546,1,0,991,92
2020-07-28,Netherlands,NA,Flevoland,416546,2,0,993,92
2020-07-29,Netherlands,NA,Flevoland,416546,4,1,997,93
2020-07-30,Netherlands,NA,Flevoland,416546,1,0,998,93
2020-07-31,Netherlands,NA,Flevoland,416546,9,0,1007,93
2020-08-01,Netherlands,NA,Flevoland,416546,8,0,1015,93
2020-08-02,Netherlands,NA,Flevoland,416546,4,0,1019,93
2020-08-03,Netherlands,NA,Flevoland,416546,8,0,1027,93
2020-08-04,Netherlands,NA,Flevoland,416546,6,0,1033,93
2020-08-05,Netherlands,NA,Flevoland,416546,3,0,1036,93
2020-08-06,Netherlands,NA,Flevoland,416546,5,0,1041,93
2020-08-07,Netherlands,NA,Flevoland,416546,5,0,1046,93
2020-08-08,Netherlands,NA,Flevoland,416546,4,0,1050,93
2020-08-09,Netherlands,NA,Flevoland,416546,5,0,1055,93
2020-08-10,Netherlands,NA,Flevoland,416546,2,0,1057,93
2020-08-11,Netherlands,NA,Flevoland,416546,45,0,1102,93
2020-08-12,Netherlands,NA,Flevoland,416546,10,0,1112,93
2020-08-13,Netherlands,NA,Flevoland,416546,9,0,1121,93
2020-08-14,Netherlands,NA,Flevoland,416546,19,0,1140,93
2020-08-15,Netherlands,NA,Flevoland,416546,6,0,1146,93
2020-08-16,Netherlands,NA,Flevoland,416546,10,0,1156,93
2020-08-17,Netherlands,NA,Flevoland,416546,13,0,1169,93
2020-08-18,Netherlands,NA,Flevoland,416546,7,0,1176,93
2020-08-19,Netherlands,NA,Flevoland,416546,15,0,1191,93
2020-08-20,Netherlands,NA,Flevoland,416546,13,0,1204,93
2020-08-21,Netherlands,NA,Flevoland,416546,13,0,1217,93
2020-08-22,Netherlands,NA,Flevoland,416546,16,0,1233,93
2020-08-23,Netherlands,NA,Flevoland,416546,11,0,1244,93
2020-08-24,Netherlands,NA,Flevoland,416546,6,0,1250,93
2020-08-25,Netherlands,NA,Flevoland,416546,12,0,1262,93
2020-08-26,Netherlands,NA,Flevoland,416546,8,0,1270,93
2020-08-27,Netherlands,NA,Flevoland,416546,9,1,1279,94
2020-08-28,Netherlands,NA,Flevoland,416546,12,0,1291,94
2020-08-29,Netherlands,NA,Flevoland,416546,16,0,1307,94
2020-08-30,Netherlands,NA,Flevoland,416546,8,0,1315,94
2020-08-31,Netherlands,NA,Flevoland,416546,3,0,1318,94
2020-09-01,Netherlands,NA,Flevoland,416546,13,1,1331,95
2020-09-02,Netherlands,NA,Flevoland,416546,14,0,1345,95
2020-09-03,Netherlands,NA,Flevoland,416546,17,0,1362,95
2020-09-04,Netherlands,NA,Flevoland,416546,8,0,1370,95
2020-09-05,Netherlands,NA,Flevoland,416546,17,0,1387,95
2020-09-06,Netherlands,NA,Flevoland,416546,24,0,1411,95
2020-09-07,Netherlands,NA,Flevoland,416546,18,0,1429,95
2020-09-08,Netherlands,NA,Flevoland,416546,19,0,1448,95
2020-09-09,Netherlands,NA,Flevoland,416546,27,0,1475,95
2020-09-10,Netherlands,NA,Flevoland,416546,16,1,1491,96
2020-09-11,Netherlands,NA,Flevoland,416546,25,0,1516,96
2020-09-12,Netherlands,NA,Flevoland,416546,22,0,1538,96
2020-09-13,Netherlands,NA,Flevoland,416546,23,0,1561,96
2020-09-14,Netherlands,NA,Flevoland,416546,27,0,1588,96
2020-09-15,Netherlands,NA,Flevoland,416546,25,0,1613,96
2020-03-16,Netherlands,NA,Friesland,647672,3,0,13,0
2020-03-17,Netherlands,NA,Friesland,647672,1,0,14,0
2020-03-18,Netherlands,NA,Friesland,647672,4,0,18,0
2020-03-19,Netherlands,NA,Friesland,647672,2,1,20,1
2020-03-20,Netherlands,NA,Friesland,647672,19,0,39,1
2020-03-21,Netherlands,NA,Friesland,647672,0,0,39,1
2020-03-22,Netherlands,NA,Friesland,647672,1,0,39,1
2020-03-23,Netherlands,NA,Friesland,647672,5,0,39,1
2020-03-24,Netherlands,NA,Friesland,647672,2,0,41,1
2020-03-25,Netherlands,NA,Friesland,647672,10,0,51,1
2020-03-26,Netherlands,NA,Friesland,647672,17,1,68,2
2020-03-27,Netherlands,NA,Friesland,647672,13,1,81,3
2020-03-28,Netherlands,NA,Friesland,647672,15,0,96,3
2020-03-29,Netherlands,NA,Friesland,647672,23,1,119,4
2020-03-30,Netherlands,NA,Friesland,647672,5,2,124,6
2020-03-31,Netherlands,NA,Friesland,647672,7,5,131,11
2020-04-01,Netherlands,NA,Friesland,647672,14,0,145,11
2020-04-02,Netherlands,NA,Friesland,647672,20,2,165,13
2020-04-03,Netherlands,NA,Friesland,647672,17,1,182,14
2020-04-04,Netherlands,NA,Friesland,647672,17,2,199,16
2020-04-05,Netherlands,NA,Friesland,647672,16,0,215,16
2020-04-06,Netherlands,NA,Friesland,647672,7,3,222,19
2020-04-07,Netherlands,NA,Friesland,647672,6,2,228,21
2020-04-08,Netherlands,NA,Friesland,647672,33,0,261,21
2020-04-09,Netherlands,NA,Friesland,647672,36,1,297,22
2020-04-10,Netherlands,NA,Friesland,647672,32,1,329,23
2020-04-11,Netherlands,NA,Friesland,647672,15,0,344,23
2020-04-12,Netherlands,NA,Friesland,647672,18,1,362,24
2020-04-13,Netherlands,NA,Friesland,647672,13,4,375,28
2020-04-14,Netherlands,NA,Friesland,647672,9,1,384,29
2020-04-15,Netherlands,NA,Friesland,647672,10,1,394,30
2020-04-16,Netherlands,NA,Friesland,647672,29,5,423,35
2020-04-17,Netherlands,NA,Friesland,647672,22,1,445,36
2020-04-18,Netherlands,NA,Friesland,647672,11,2,456,38
2020-04-19,Netherlands,NA,Friesland,647672,14,2,470,40
2020-04-20,Netherlands,NA,Friesland,647672,3,3,473,43
2020-04-21,Netherlands,NA,Friesland,647672,6,3,479,46
2020-04-22,Netherlands,NA,Friesland,647672,13,0,492,46
2020-04-23,Netherlands,NA,Friesland,647672,7,2,499,48
2020-04-24,Netherlands,NA,Friesland,647672,12,3,511,51
2020-04-25,Netherlands,NA,Friesland,647672,4,1,515,52
2020-04-26,Netherlands,NA,Friesland,647672,4,0,519,52
2020-04-27,Netherlands,NA,Friesland,647672,1,0,520,52
2020-04-28,Netherlands,NA,Friesland,647672,2,1,522,53
2020-04-29,Netherlands,NA,Friesland,647672,4,2,526,55
2020-04-30,Netherlands,NA,Friesland,647672,3,2,529,57
2020-05-01,Netherlands,NA,Friesland,647672,3,0,532,57
2020-05-02,Netherlands,NA,Friesland,647672,5,0,537,57
2020-05-03,Netherlands,NA,Friesland,647672,0,1,537,58
2020-05-04,Netherlands,NA,Friesland,647672,2,0,539,58
2020-05-05,Netherlands,NA,Friesland,647672,1,1,540,59
2020-05-06,Netherlands,NA,Friesland,647672,5,0,545,59
2020-05-07,Netherlands,NA,Friesland,647672,3,0,548,59
2020-05-08,Netherlands,NA,Friesland,647672,19,0,567,59
2020-05-09,Netherlands,NA,Friesland,647672,4,0,571,59
2020-05-10,Netherlands,NA,Friesland,647672,5,0,576,59
2020-05-11,Netherlands,NA,Friesland,647672,6,0,582,59
2020-05-12,Netherlands,NA,Friesland,647672,6,0,588,59
2020-05-13,Netherlands,NA,Friesland,647672,2,0,590,59
2020-05-14,Netherlands,NA,Friesland,647672,2,1,592,60
2020-05-15,Netherlands,NA,Friesland,647672,2,0,594,60
2020-05-16,Netherlands,NA,Friesland,647672,2,0,596,60
2020-05-17,Netherlands,NA,Friesland,647672,1,0,597,60
2020-05-18,Netherlands,NA,Friesland,647672,1,0,598,60
2020-05-19,Netherlands,NA,Friesland,647672,0,0,598,60
2020-05-20,Netherlands,NA,Friesland,647672,2,0,600,60
2020-05-21,Netherlands,NA,Friesland,647672,2,0,602,60
2020-05-22,Netherlands,NA,Friesland,647672,2,2,604,62
2020-05-23,Netherlands,NA,Friesland,647672,0,0,604,62
2020-05-24,Netherlands,NA,Friesland,647672,1,0,605,62
2020-05-25,Netherlands,NA,Friesland,647672,0,0,605,62
2020-05-26,Netherlands,NA,Friesland,647672,0,0,605,62
2020-05-27,Netherlands,NA,Friesland,647672,1,0,606,62
2020-05-28,Netherlands,NA,Friesland,647672,0,0,606,62
2020-05-29,Netherlands,NA,Friesland,647672,2,2,608,64
2020-05-30,Netherlands,NA,Friesland,647672,0,0,608,64
2020-05-31,Netherlands,NA,Friesland,647672,0,0,608,64
2020-06-01,Netherlands,NA,Friesland,647672,0,0,608,64
2020-06-02,Netherlands,NA,Friesland,647672,0,0,608,64
2020-06-03,Netherlands,NA,Friesland,647672,0,0,608,64
2020-06-04,Netherlands,NA,Friesland,647672,3,1,611,65
2020-06-05,Netherlands,NA,Friesland,647672,1,0,612,65
2020-06-06,Netherlands,NA,Friesland,647672,0,0,612,65
2020-06-07,Netherlands,NA,Friesland,647672,1,0,613,65
2020-06-08,Netherlands,NA,Friesland,647672,1,0,614,65
2020-06-09,Netherlands,NA,Friesland,647672,2,0,616,65
2020-06-10,Netherlands,NA,Friesland,647672,1,0,617,65
2020-06-11,Netherlands,NA,Friesland,647672,2,0,619,65
2020-06-12,Netherlands,NA,Friesland,647672,4,0,623,65
2020-06-13,Netherlands,NA,Friesland,647672,4,0,627,65
2020-06-14,Netherlands,NA,Friesland,647672,0,0,627,65
2020-06-15,Netherlands,NA,Friesland,647672,1,0,628,65
2020-06-16,Netherlands,NA,Friesland,647672,0,0,628,65
2020-06-17,Netherlands,NA,Friesland,647672,2,0,630,65
2020-06-18,Netherlands,NA,Friesland,647672,0,0,630,65
2020-06-19,Netherlands,NA,Friesland,647672,0,0,630,65
2020-06-20,Netherlands,NA,Friesland,647672,0,0,630,65
2020-06-21,Netherlands,NA,Friesland,647672,0,0,630,65
2020-06-22,Netherlands,NA,Friesland,647672,0,0,630,65
2020-06-23,Netherlands,NA,Friesland,647672,0,0,630,65
2020-06-24,Netherlands,NA,Friesland,647672,1,0,630,65
2020-06-25,Netherlands,NA,Friesland,647672,2,0,632,65
2020-06-26,Netherlands,NA,Friesland,647672,0,0,632,65
2020-06-27,Netherlands,NA,Friesland,647672,1,0,633,65
2020-06-28,Netherlands,NA,Friesland,647672,1,0,634,65
2020-06-29,Netherlands,NA,Friesland,647672,0,0,634,65
2020-06-30,Netherlands,NA,Friesland,647672,0,0,634,65
2020-07-01,Netherlands,NA,Friesland,647672,0,0,634,65
2020-07-02,Netherlands,NA,Friesland,647672,2,0,634,65
2020-07-03,Netherlands,NA,Friesland,647672,0,0,634,65
2020-07-04,Netherlands,NA,Friesland,647672,1,4,634,69
2020-07-05,Netherlands,NA,Friesland,647672,1,0,635,69
2020-07-06,Netherlands,NA,Friesland,647672,0,0,635,69
2020-07-07,Netherlands,NA,Friesland,647672,0,0,635,69
2020-07-08,Netherlands,NA,Friesland,647672,1,0,636,69
2020-07-09,Netherlands,NA,Friesland,647672,0,0,636,69
2020-07-10,Netherlands,NA,Friesland,647672,1,0,637,69
2020-07-11,Netherlands,NA,Friesland,647672,0,0,637,69
2020-07-12,Netherlands,NA,Friesland,647672,1,0,638,69
2020-07-13,Netherlands,NA,Friesland,647672,0,0,638,69
2020-07-14,Netherlands,NA,Friesland,647672,1,0,639,69
2020-07-15,Netherlands,NA,Friesland,647672,0,0,639,69
2020-07-16,Netherlands,NA,Friesland,647672,2,0,641,69
2020-07-17,Netherlands,NA,Friesland,647672,1,0,642,69
2020-07-18,Netherlands,NA,Friesland,647672,1,0,643,69
2020-07-19,Netherlands,NA,Friesland,647672,0,0,643,69
2020-07-20,Netherlands,NA,Friesland,647672,0,0,643,69
2020-07-21,Netherlands,NA,Friesland,647672,0,0,643,69
2020-07-22,Netherlands,NA,Friesland,647672,2,0,645,69
2020-07-23,Netherlands,NA,Friesland,647672,0,0,645,69
2020-07-24,Netherlands,NA,Friesland,647672,2,0,647,69
2020-07-25,Netherlands,NA,Friesland,647672,0,0,647,69
2020-07-26,Netherlands,NA,Friesland,647672,0,0,647,69
2020-07-27,Netherlands,NA,Friesland,647672,1,0,648,69
2020-07-28,Netherlands,NA,Friesland,647672,0,0,648,69
2020-07-29,Netherlands,NA,Friesland,647672,1,0,649,69
2020-07-30,Netherlands,NA,Friesland,647672,1,0,650,69
2020-07-31,Netherlands,NA,Friesland,647672,2,0,652,69
2020-08-01,Netherlands,NA,Friesland,647672,1,0,653,69
2020-08-02,Netherlands,NA,Friesland,647672,3,0,656,69
2020-08-03,Netherlands,NA,Friesland,647672,1,0,657,69
2020-08-04,Netherlands,NA,Friesland,647672,0,0,657,69
2020-08-05,Netherlands,NA,Friesland,647672,0,0,657,69
2020-08-06,Netherlands,NA,Friesland,647672,0,0,657,69
2020-08-07,Netherlands,NA,Friesland,647672,1,0,658,69
2020-08-08,Netherlands,NA,Friesland,647672,3,0,661,69
2020-08-09,Netherlands,NA,Friesland,647672,2,0,663,69
2020-08-10,Netherlands,NA,Friesland,647672,14,0,677,69
2020-08-11,Netherlands,NA,Friesland,647672,13,0,690,69
2020-08-12,Netherlands,NA,Friesland,647672,11,0,701,69
2020-08-13,Netherlands,NA,Friesland,647672,9,0,710,69
2020-08-14,Netherlands,NA,Friesland,647672,11,0,721,69
2020-08-15,Netherlands,NA,Friesland,647672,5,0,726,69
2020-08-16,Netherlands,NA,Friesland,647672,6,0,732,69
2020-08-17,Netherlands,NA,Friesland,647672,11,0,743,69
2020-08-18,Netherlands,NA,Friesland,647672,12,0,755,69
2020-08-19,Netherlands,NA,Friesland,647672,8,0,763,69
2020-08-20,Netherlands,NA,Friesland,647672,4,0,767,69
2020-08-21,Netherlands,NA,Friesland,647672,4,0,771,69
2020-08-22,Netherlands,NA,Friesland,647672,6,0,777,69
2020-08-23,Netherlands,NA,Friesland,647672,7,0,784,69
2020-08-24,Netherlands,NA,Friesland,647672,5,0,789,69
2020-08-25,Netherlands,NA,Friesland,647672,4,0,793,69
2020-08-26,Netherlands,NA,Friesland,647672,8,0,801,69
2020-08-27,Netherlands,NA,Friesland,647672,3,0,804,69
2020-08-28,Netherlands,NA,Friesland,647672,3,0,807,69
2020-08-29,Netherlands,NA,Friesland,647672,7,0,814,69
2020-08-30,Netherlands,NA,Friesland,647672,5,0,819,69
2020-08-31,Netherlands,NA,Friesland,647672,5,0,824,69
2020-09-01,Netherlands,NA,Friesland,647672,1,0,825,69
2020-09-02,Netherlands,NA,Friesland,647672,2,0,827,69
2020-09-03,Netherlands,NA,Friesland,647672,5,0,832,69
2020-09-04,Netherlands,NA,Friesland,647672,6,0,838,69
2020-09-05,Netherlands,NA,Friesland,647672,2,0,840,69
2020-09-06,Netherlands,NA,Friesland,647672,6,0,846,69
2020-09-07,Netherlands,NA,Friesland,647672,8,0,854,69
2020-09-08,Netherlands,NA,Friesland,647672,1,0,855,69
2020-09-09,Netherlands,NA,Friesland,647672,9,0,864,69
2020-09-10,Netherlands,NA,Friesland,647672,5,0,869,69
2020-09-11,Netherlands,NA,Friesland,647672,6,0,875,69
2020-09-12,Netherlands,NA,Friesland,647672,5,0,880,69
2020-09-13,Netherlands,NA,Friesland,647672,10,0,890,69
2020-09-14,Netherlands,NA,Friesland,647672,12,0,902,69
2020-09-15,Netherlands,NA,Friesland,647672,19,0,921,69
2020-03-13,Netherlands,NA,Gelderland,2071972,0,0,64,0
2020-03-14,Netherlands,NA,Gelderland,2071972,12,1,76,1
2020-03-15,Netherlands,NA,Gelderland,2071972,24,0,100,1
2020-03-16,Netherlands,NA,Gelderland,2071972,35,0,135,1
2020-03-17,Netherlands,NA,Gelderland,2071972,38,0,173,1
2020-03-18,Netherlands,NA,Gelderland,2071972,37,0,210,1
2020-03-19,Netherlands,NA,Gelderland,2071972,30,1,240,2
2020-03-20,Netherlands,NA,Gelderland,2071972,122,3,362,5
2020-03-21,Netherlands,NA,Gelderland,2071972,6,2,368,7
2020-03-22,Netherlands,NA,Gelderland,2071972,60,1,428,8
2020-03-23,Netherlands,NA,Gelderland,2071972,83,8,511,16
2020-03-24,Netherlands,NA,Gelderland,2071972,74,11,585,27
2020-03-25,Netherlands,NA,Gelderland,2071972,103,6,688,33
2020-03-26,Netherlands,NA,Gelderland,2071972,122,12,810,45
2020-03-27,Netherlands,NA,Gelderland,2071972,131,10,941,55
2020-03-28,Netherlands,NA,Gelderland,2071972,131,7,1072,62
2020-03-29,Netherlands,NA,Gelderland,2071972,182,13,1254,75
2020-03-30,Netherlands,NA,Gelderland,2071972,102,18,1356,93
2020-03-31,Netherlands,NA,Gelderland,2071972,99,24,1455,117
2020-04-01,Netherlands,NA,Gelderland,2071972,140,27,1595,144
2020-04-02,Netherlands,NA,Gelderland,2071972,113,12,1708,156
2020-04-03,Netherlands,NA,Gelderland,2071972,151,19,1859,175
2020-04-04,Netherlands,NA,Gelderland,2071972,97,12,1956,187
2020-04-05,Netherlands,NA,Gelderland,2071972,119,14,2075,201
2020-04-06,Netherlands,NA,Gelderland,2071972,104,18,2179,219
2020-04-07,Netherlands,NA,Gelderland,2071972,92,23,2271,242
2020-04-08,Netherlands,NA,Gelderland,2071972,90,18,2361,260
2020-04-09,Netherlands,NA,Gelderland,2071972,136,18,2497,278
2020-04-10,Netherlands,NA,Gelderland,2071972,160,14,2657,292
2020-04-11,Netherlands,NA,Gelderland,2071972,154,9,2811,301
2020-04-12,Netherlands,NA,Gelderland,2071972,167,11,2978,312
2020-04-13,Netherlands,NA,Gelderland,2071972,208,5,3186,317
2020-04-14,Netherlands,NA,Gelderland,2071972,115,16,3301,333
2020-04-15,Netherlands,NA,Gelderland,2071972,116,24,3417,357
2020-04-16,Netherlands,NA,Gelderland,2071972,121,17,3538,374
2020-04-17,Netherlands,NA,Gelderland,2071972,162,19,3700,393
2020-04-18,Netherlands,NA,Gelderland,2071972,160,19,3860,412
2020-04-19,Netherlands,NA,Gelderland,2071972,202,10,4062,422
2020-04-20,Netherlands,NA,Gelderland,2071972,141,10,4203,432
2020-04-21,Netherlands,NA,Gelderland,2071972,99,20,4302,452
2020-04-22,Netherlands,NA,Gelderland,2071972,89,15,4391,467
2020-04-23,Netherlands,NA,Gelderland,2071972,135,19,4526,486
2020-04-24,Netherlands,NA,Gelderland,2071972,111,19,4637,505
2020-04-25,Netherlands,NA,Gelderland,2071972,94,13,4731,518
2020-04-26,Netherlands,NA,Gelderland,2071972,72,6,4803,524
2020-04-27,Netherlands,NA,Gelderland,2071972,41,4,4844,528
2020-04-28,Netherlands,NA,Gelderland,2071972,23,8,4867,536
2020-04-29,Netherlands,NA,Gelderland,2071972,76,20,4943,556
2020-04-30,Netherlands,NA,Gelderland,2071972,59,10,5002,566
2020-05-01,Netherlands,NA,Gelderland,2071972,71,10,5073,576
2020-05-02,Netherlands,NA,Gelderland,2071972,68,7,5141,583
2020-05-03,Netherlands,NA,Gelderland,2071972,63,7,5204,590
2020-05-04,Netherlands,NA,Gelderland,2071972,24,3,5228,593
2020-05-05,Netherlands,NA,Gelderland,2071972,29,12,5257,605
2020-05-06,Netherlands,NA,Gelderland,2071972,33,6,5290,611
2020-05-07,Netherlands,NA,Gelderland,2071972,25,3,5315,614
2020-05-08,Netherlands,NA,Gelderland,2071972,37,2,5352,616
2020-05-09,Netherlands,NA,Gelderland,2071972,16,8,5368,624
2020-05-10,Netherlands,NA,Gelderland,2071972,25,4,5393,628
2020-05-11,Netherlands,NA,Gelderland,2071972,22,1,5415,629
2020-05-12,Netherlands,NA,Gelderland,2071972,25,3,5440,632
2020-05-13,Netherlands,NA,Gelderland,2071972,18,2,5458,634
2020-05-14,Netherlands,NA,Gelderland,2071972,25,4,5483,638
2020-05-15,Netherlands,NA,Gelderland,2071972,16,6,5499,644
2020-05-16,Netherlands,NA,Gelderland,2071972,20,2,5519,646
2020-05-17,Netherlands,NA,Gelderland,2071972,26,1,5545,647
2020-05-18,Netherlands,NA,Gelderland,2071972,13,3,5558,650
2020-05-19,Netherlands,NA,Gelderland,2071972,16,3,5574,653
2020-05-20,Netherlands,NA,Gelderland,2071972,21,1,5595,654
2020-05-21,Netherlands,NA,Gelderland,2071972,20,2,5615,656
2020-05-22,Netherlands,NA,Gelderland,2071972,29,0,5644,656
2020-05-23,Netherlands,NA,Gelderland,2071972,24,1,5668,657
2020-05-24,Netherlands,NA,Gelderland,2071972,36,0,5704,657
2020-05-25,Netherlands,NA,Gelderland,2071972,45,0,5749,657
2020-05-26,Netherlands,NA,Gelderland,2071972,28,3,5777,660
2020-05-27,Netherlands,NA,Gelderland,2071972,36,1,5813,661
2020-05-28,Netherlands,NA,Gelderland,2071972,39,3,5852,664
2020-05-29,Netherlands,NA,Gelderland,2071972,44,0,5896,664
2020-05-30,Netherlands,NA,Gelderland,2071972,32,2,5928,666
2020-05-31,Netherlands,NA,Gelderland,2071972,27,1,5955,667
2020-06-01,Netherlands,NA,Gelderland,2071972,21,0,5976,667
2020-06-02,Netherlands,NA,Gelderland,2071972,18,2,5994,669
2020-06-03,Netherlands,NA,Gelderland,2071972,9,1,6003,670
2020-06-04,Netherlands,NA,Gelderland,2071972,21,0,6024,670
2020-06-05,Netherlands,NA,Gelderland,2071972,35,1,6059,671
2020-06-06,Netherlands,NA,Gelderland,2071972,26,0,6085,671
2020-06-07,Netherlands,NA,Gelderland,2071972,30,0,6115,671
2020-06-08,Netherlands,NA,Gelderland,2071972,36,1,6151,672
2020-06-09,Netherlands,NA,Gelderland,2071972,20,0,6171,672
2020-06-10,Netherlands,NA,Gelderland,2071972,30,1,6201,673
2020-06-11,Netherlands,NA,Gelderland,2071972,19,0,6220,673
2020-06-12,Netherlands,NA,Gelderland,2071972,31,0,6251,673
2020-06-13,Netherlands,NA,Gelderland,2071972,21,1,6272,674
2020-06-14,Netherlands,NA,Gelderland,2071972,18,1,6290,675
2020-06-15,Netherlands,NA,Gelderland,2071972,40,1,6330,676
2020-06-16,Netherlands,NA,Gelderland,2071972,4,1,6334,677
2020-06-17,Netherlands,NA,Gelderland,2071972,9,1,6343,678
2020-06-18,Netherlands,NA,Gelderland,2071972,14,0,6357,678
2020-06-19,Netherlands,NA,Gelderland,2071972,15,2,6372,680
2020-06-20,Netherlands,NA,Gelderland,2071972,12,1,6384,681
2020-06-21,Netherlands,NA,Gelderland,2071972,13,0,6397,681
2020-06-22,Netherlands,NA,Gelderland,2071972,11,0,6408,681
2020-06-23,Netherlands,NA,Gelderland,2071972,5,0,6413,681
2020-06-24,Netherlands,NA,Gelderland,2071972,3,0,6416,681
2020-06-25,Netherlands,NA,Gelderland,2071972,15,1,6431,682
2020-06-26,Netherlands,NA,Gelderland,2071972,9,0,6440,682
2020-06-27,Netherlands,NA,Gelderland,2071972,16,0,6456,682
2020-06-28,Netherlands,NA,Gelderland,2071972,6,0,6462,682
2020-06-29,Netherlands,NA,Gelderland,2071972,9,1,6471,683
2020-06-30,Netherlands,NA,Gelderland,2071972,1,1,6472,684
2020-07-01,Netherlands,NA,Gelderland,2071972,6,1,6478,685
2020-07-02,Netherlands,NA,Gelderland,2071972,6,1,6484,686
2020-07-03,Netherlands,NA,Gelderland,2071972,3,0,6487,686
2020-07-04,Netherlands,NA,Gelderland,2071972,1,0,6488,686
2020-07-05,Netherlands,NA,Gelderland,2071972,4,0,6492,686
2020-07-06,Netherlands,NA,Gelderland,2071972,2,0,6494,686
2020-07-07,Netherlands,NA,Gelderland,2071972,1,0,6495,686
2020-07-08,Netherlands,NA,Gelderland,2071972,5,0,6500,686
2020-07-09,Netherlands,NA,Gelderland,2071972,2,0,6502,686
2020-07-10,Netherlands,NA,Gelderland,2071972,4,0,6506,686
2020-07-11,Netherlands,NA,Gelderland,2071972,2,0,6508,686
2020-07-12,Netherlands,NA,Gelderland,2071972,5,0,6513,686
2020-07-13,Netherlands,NA,Gelderland,2071972,4,0,6517,686
2020-07-14,Netherlands,NA,Gelderland,2071972,8,0,6525,686
2020-07-15,Netherlands,NA,Gelderland,2071972,6,0,6531,686
2020-07-16,Netherlands,NA,Gelderland,2071972,0,0,6531,686
2020-07-17,Netherlands,NA,Gelderland,2071972,0,0,6531,686
2020-07-18,Netherlands,NA,Gelderland,2071972,6,0,6531,686
2020-07-19,Netherlands,NA,Gelderland,2071972,3,0,6531,686
2020-07-20,Netherlands,NA,Gelderland,2071972,7,0,6534,686
2020-07-21,Netherlands,NA,Gelderland,2071972,10,0,6544,686
2020-07-22,Netherlands,NA,Gelderland,2071972,6,0,6550,686
2020-07-23,Netherlands,NA,Gelderland,2071972,3,0,6553,686
2020-07-24,Netherlands,NA,Gelderland,2071972,5,0,6558,686
2020-07-25,Netherlands,NA,Gelderland,2071972,7,0,6565,686
2020-07-26,Netherlands,NA,Gelderland,2071972,12,0,6577,686
2020-07-27,Netherlands,NA,Gelderland,2071972,6,0,6583,686
2020-07-28,Netherlands,NA,Gelderland,2071972,5,0,6588,686
2020-07-29,Netherlands,NA,Gelderland,2071972,5,0,6593,686
2020-07-30,Netherlands,NA,Gelderland,2071972,12,0,6605,686
2020-07-31,Netherlands,NA,Gelderland,2071972,15,0,6620,686
2020-08-01,Netherlands,NA,Gelderland,2071972,22,0,6642,686
2020-08-02,Netherlands,NA,Gelderland,2071972,14,0,6656,686
2020-08-03,Netherlands,NA,Gelderland,2071972,1,0,6657,686
2020-08-04,Netherlands,NA,Gelderland,2071972,8,0,6665,686
2020-08-05,Netherlands,NA,Gelderland,2071972,7,0,6672,686
2020-08-06,Netherlands,NA,Gelderland,2071972,19,0,6691,686
2020-08-07,Netherlands,NA,Gelderland,2071972,23,0,6714,686
2020-08-08,Netherlands,NA,Gelderland,2071972,19,0,6733,686
2020-08-09,Netherlands,NA,Gelderland,2071972,31,0,6764,686
2020-08-10,Netherlands,NA,Gelderland,2071972,20,0,6784,686
2020-08-11,Netherlands,NA,Gelderland,2071972,35,1,6819,686
2020-08-12,Netherlands,NA,Gelderland,2071972,32,0,6851,686
2020-08-13,Netherlands,NA,Gelderland,2071972,25,0,6876,686
2020-08-14,Netherlands,NA,Gelderland,2071972,25,0,6901,686
2020-08-15,Netherlands,NA,Gelderland,2071972,21,0,6922,686
2020-08-16,Netherlands,NA,Gelderland,2071972,29,0,6951,686
2020-08-17,Netherlands,NA,Gelderland,2071972,19,0,6970,686
2020-08-18,Netherlands,NA,Gelderland,2071972,21,0,6991,686
2020-08-19,Netherlands,NA,Gelderland,2071972,33,1,7024,686
2020-08-20,Netherlands,NA,Gelderland,2071972,26,0,7050,686
2020-08-21,Netherlands,NA,Gelderland,2071972,36,0,7086,686
2020-08-22,Netherlands,NA,Gelderland,2071972,29,1,7115,687
2020-08-23,Netherlands,NA,Gelderland,2071972,41,0,7156,687
2020-08-24,Netherlands,NA,Gelderland,2071972,52,0,7208,687
2020-08-25,Netherlands,NA,Gelderland,2071972,36,0,7244,687
2020-08-26,Netherlands,NA,Gelderland,2071972,35,1,7279,688
2020-08-27,Netherlands,NA,Gelderland,2071972,36,0,7315,688
2020-08-28,Netherlands,NA,Gelderland,2071972,44,0,7359,688
2020-08-29,Netherlands,NA,Gelderland,2071972,31,0,7390,688
2020-08-30,Netherlands,NA,Gelderland,2071972,34,0,7424,688
2020-08-31,Netherlands,NA,Gelderland,2071972,27,0,7451,688
2020-09-01,Netherlands,NA,Gelderland,2071972,29,0,7480,688
2020-09-02,Netherlands,NA,Gelderland,2071972,41,0,7521,688
2020-09-03,Netherlands,NA,Gelderland,2071972,32,1,7553,689
2020-09-04,Netherlands,NA,Gelderland,2071972,39,0,7592,689
2020-09-05,Netherlands,NA,Gelderland,2071972,45,0,7637,689
2020-09-06,Netherlands,NA,Gelderland,2071972,73,1,7710,690
2020-09-07,Netherlands,NA,Gelderland,2071972,68,0,7778,690
2020-09-08,Netherlands,NA,Gelderland,2071972,70,1,7848,691
2020-09-09,Netherlands,NA,Gelderland,2071972,88,0,7936,691
2020-09-10,Netherlands,NA,Gelderland,2071972,94,0,8030,691
2020-09-11,Netherlands,NA,Gelderland,2071972,90,0,8120,691
2020-09-12,Netherlands,NA,Gelderland,2071972,109,1,8229,692
2020-09-13,Netherlands,NA,Gelderland,2071972,72,0,8301,692
2020-09-14,Netherlands,NA,Gelderland,2071972,131,0,8432,692
2020-09-15,Netherlands,NA,Gelderland,2071972,118,0,8550,692
2020-03-18,Netherlands,NA,Groningen,583990,5,0,15,0
2020-03-19,Netherlands,NA,Groningen,583990,14,0,29,0
2020-03-20,Netherlands,NA,Groningen,583990,15,0,44,0
2020-03-21,Netherlands,NA,Groningen,583990,3,0,47,0
2020-03-22,Netherlands,NA,Groningen,583990,10,0,57,0
2020-03-23,Netherlands,NA,Groningen,583990,11,0,68,0
2020-03-24,Netherlands,NA,Groningen,583990,0,0,68,0
2020-03-25,Netherlands,NA,Groningen,583990,14,0,82,0
2020-03-26,Netherlands,NA,Groningen,583990,29,1,111,1
2020-03-27,Netherlands,NA,Groningen,583990,11,0,122,1
2020-03-28,Netherlands,NA,Groningen,583990,12,0,134,1
2020-03-29,Netherlands,NA,Groningen,583990,7,0,141,1
2020-03-30,Netherlands,NA,Groningen,583990,6,0,147,1
2020-03-31,Netherlands,NA,Groningen,583990,11,1,158,2
2020-04-01,Netherlands,NA,Groningen,583990,8,0,166,2
2020-04-02,Netherlands,NA,Groningen,583990,6,0,172,2
2020-04-03,Netherlands,NA,Groningen,583990,6,2,178,4
2020-04-04,Netherlands,NA,Groningen,583990,7,1,185,5
2020-04-05,Netherlands,NA,Groningen,583990,13,0,198,5
2020-04-06,Netherlands,NA,Groningen,583990,4,0,202,5
2020-04-07,Netherlands,NA,Groningen,583990,2,1,204,6
2020-04-08,Netherlands,NA,Groningen,583990,18,0,222,6
2020-04-09,Netherlands,NA,Groningen,583990,7,0,229,6
2020-04-10,Netherlands,NA,Groningen,583990,12,0,241,6
2020-04-11,Netherlands,NA,Groningen,583990,14,1,255,7
2020-04-12,Netherlands,NA,Groningen,583990,10,1,265,8
2020-04-13,Netherlands,NA,Groningen,583990,8,0,273,8
2020-04-14,Netherlands,NA,Groningen,583990,1,0,274,8
2020-04-15,Netherlands,NA,Groningen,583990,6,0,280,8
2020-04-16,Netherlands,NA,Groningen,583990,5,0,285,8
2020-04-17,Netherlands,NA,Groningen,583990,6,1,291,9
2020-04-18,Netherlands,NA,Groningen,583990,3,0,294,9
2020-04-19,Netherlands,NA,Groningen,583990,5,0,299,9
2020-04-20,Netherlands,NA,Groningen,583990,4,0,303,9
2020-04-21,Netherlands,NA,Groningen,583990,4,0,307,9
2020-04-22,Netherlands,NA,Groningen,583990,3,0,310,9
2020-04-23,Netherlands,NA,Groningen,583990,4,2,314,11
2020-04-24,Netherlands,NA,Groningen,583990,9,1,323,12
2020-04-25,Netherlands,NA,Groningen,583990,3,0,326,12
2020-04-26,Netherlands,NA,Groningen,583990,0,0,326,12
2020-04-27,Netherlands,NA,Groningen,583990,0,0,326,12
2020-04-28,Netherlands,NA,Groningen,583990,0,0,326,12
2020-04-29,Netherlands,NA,Groningen,583990,1,1,327,13
2020-04-30,Netherlands,NA,Groningen,583990,3,0,330,13
2020-05-01,Netherlands,NA,Groningen,583990,3,0,333,13
2020-05-02,Netherlands,NA,Groningen,583990,0,0,333,13
2020-05-03,Netherlands,NA,Groningen,583990,0,0,333,13
2020-05-04,Netherlands,NA,Groningen,583990,1,0,334,13
2020-05-05,Netherlands,NA,Groningen,583990,3,0,337,13
2020-05-06,Netherlands,NA,Groningen,583990,1,0,338,13
2020-05-07,Netherlands,NA,Groningen,583990,1,1,339,14
2020-05-08,Netherlands,NA,Groningen,583990,0,0,339,14
2020-05-09,Netherlands,NA,Groningen,583990,0,0,339,14
2020-05-10,Netherlands,NA,Groningen,583990,1,0,340,14
2020-05-11,Netherlands,NA,Groningen,583990,3,0,343,14
2020-05-12,Netherlands,NA,Groningen,583990,0,0,343,14
2020-05-13,Netherlands,NA,Groningen,583990,0,0,343,14
2020-05-14,Netherlands,NA,Groningen,583990,1,0,344,14
2020-05-15,Netherlands,NA,Groningen,583990,0,1,344,15
2020-05-16,Netherlands,NA,Groningen,583990,0,0,344,15
2020-05-17,Netherlands,NA,Groningen,583990,0,0,344,15
2020-05-18,Netherlands,NA,Groningen,583990,0,0,344,15
2020-05-19,Netherlands,NA,Groningen,583990,0,0,344,15
2020-05-20,Netherlands,NA,Groningen,583990,0,0,344,15
2020-05-21,Netherlands,NA,Groningen,583990,2,0,346,15
2020-05-22,Netherlands,NA,Groningen,583990,0,0,346,15
2020-05-23,Netherlands,NA,Groningen,583990,0,1,346,16
2020-05-24,Netherlands,NA,Groningen,583990,0,0,346,16
2020-05-25,Netherlands,NA,Groningen,583990,0,0,346,16
2020-05-26,Netherlands,NA,Groningen,583990,0,0,346,16
2020-05-27,Netherlands,NA,Groningen,583990,0,1,346,17
2020-05-28,Netherlands,NA,Groningen,583990,1,0,347,17
2020-05-29,Netherlands,NA,Groningen,583990,0,0,347,17
2020-05-30,Netherlands,NA,Groningen,583990,1,0,348,17
2020-05-31,Netherlands,NA,Groningen,583990,1,0,349,17
2020-06-01,Netherlands,NA,Groningen,583990,0,0,349,17
2020-06-02,Netherlands,NA,Groningen,583990,0,0,349,17
2020-06-03,Netherlands,NA,Groningen,583990,0,0,349,17
2020-06-04,Netherlands,NA,Groningen,583990,1,0,350,17
2020-06-05,Netherlands,NA,Groningen,583990,0,0,350,17
2020-06-06,Netherlands,NA,Groningen,583990,2,0,352,17
2020-06-07,Netherlands,NA,Groningen,583990,0,0,352,17
2020-06-08,Netherlands,NA,Groningen,583990,0,0,352,17
2020-06-09,Netherlands,NA,Groningen,583990,0,0,352,17
2020-06-10,Netherlands,NA,Groningen,583990,0,0,352,17
2020-06-11,Netherlands,NA,Groningen,583990,1,0,353,17
2020-06-12,Netherlands,NA,Groningen,583990,1,0,354,17
2020-06-13,Netherlands,NA,Groningen,583990,0,0,354,17
2020-06-14,Netherlands,NA,Groningen,583990,2,0,356,17
2020-06-15,Netherlands,NA,Groningen,583990,0,0,356,17
2020-06-16,Netherlands,NA,Groningen,583990,0,0,356,17
2020-06-17,Netherlands,NA,Groningen,583990,1,0,357,17
2020-06-18,Netherlands,NA,Groningen,583990,2,0,359,17
2020-06-19,Netherlands,NA,Groningen,583990,0,0,359,17
2020-06-20,Netherlands,NA,Groningen,583990,0,0,359,17
2020-06-21,Netherlands,NA,Groningen,583990,0,0,359,17
2020-06-22,Netherlands,NA,Groningen,583990,0,0,359,17
2020-06-23,Netherlands,NA,Groningen,583990,0,0,359,17
2020-06-24,Netherlands,NA,Groningen,583990,3,0,362,17
2020-06-25,Netherlands,NA,Groningen,583990,0,0,362,17
2020-06-26,Netherlands,NA,Groningen,583990,0,0,362,17
2020-06-27,Netherlands,NA,Groningen,583990,0,0,362,17
2020-06-28,Netherlands,NA,Groningen,583990,0,0,362,17
2020-06-29,Netherlands,NA,Groningen,583990,0,0,362,17
2020-06-30,Netherlands,NA,Groningen,583990,0,0,362,17
2020-07-01,Netherlands,NA,Groningen,583990,0,0,362,17
2020-07-02,Netherlands,NA,Groningen,583990,0,0,362,17
2020-07-03,Netherlands,NA,Groningen,583990,0,0,362,17
2020-07-04,Netherlands,NA,Groningen,583990,0,0,362,17
2020-07-05,Netherlands,NA,Groningen,583990,2,0,364,17
2020-07-06,Netherlands,NA,Groningen,583990,0,0,364,17
2020-07-07,Netherlands,NA,Groningen,583990,0,0,364,17
2020-07-08,Netherlands,NA,Groningen,583990,1,0,365,17
2020-07-09,Netherlands,NA,Groningen,583990,1,0,366,17
2020-07-10,Netherlands,NA,Groningen,583990,0,0,366,17
2020-07-11,Netherlands,NA,Groningen,583990,1,0,367,17
2020-07-12,Netherlands,NA,Groningen,583990,0,0,367,17
2020-07-13,Netherlands,NA,Groningen,583990,0,0,367,17
2020-07-14,Netherlands,NA,Groningen,583990,0,0,367,17
2020-07-15,Netherlands,NA,Groningen,583990,0,0,367,17
2020-07-16,Netherlands,NA,Groningen,583990,0,0,367,17
2020-07-17,Netherlands,NA,Groningen,583990,0,0,367,17
2020-07-18,Netherlands,NA,Groningen,583990,0,0,367,17
2020-07-19,Netherlands,NA,Groningen,583990,1,0,368,17
2020-07-20,Netherlands,NA,Groningen,583990,0,0,368,17
2020-07-21,Netherlands,NA,Groningen,583990,1,0,369,17
2020-07-22,Netherlands,NA,Groningen,583990,0,0,369,17
2020-07-23,Netherlands,NA,Groningen,583990,0,0,369,17
2020-07-24,Netherlands,NA,Groningen,583990,1,0,370,17
2020-07-25,Netherlands,NA,Groningen,583990,2,0,372,17
2020-07-26,Netherlands,NA,Groningen,583990,3,0,375,17
2020-07-27,Netherlands,NA,Groningen,583990,2,0,377,17
2020-07-28,Netherlands,NA,Groningen,583990,2,0,379,17
2020-07-29,Netherlands,NA,Groningen,583990,1,0,380,17
2020-07-30,Netherlands,NA,Groningen,583990,2,0,382,17
2020-07-31,Netherlands,NA,Groningen,583990,3,0,385,17
2020-08-01,Netherlands,NA,Groningen,583990,3,0,388,17
2020-08-02,Netherlands,NA,Groningen,583990,2,0,390,17
2020-08-03,Netherlands,NA,Groningen,583990,3,0,393,17
2020-08-04,Netherlands,NA,Groningen,583990,7,0,400,17
2020-08-05,Netherlands,NA,Groningen,583990,5,0,405,17
2020-08-06,Netherlands,NA,Groningen,583990,6,0,411,17
2020-08-07,Netherlands,NA,Groningen,583990,7,0,418,17
2020-08-08,Netherlands,NA,Groningen,583990,7,0,425,17
2020-08-09,Netherlands,NA,Groningen,583990,7,0,432,17
2020-08-10,Netherlands,NA,Groningen,583990,9,0,441,17
2020-08-11,Netherlands,NA,Groningen,583990,5,0,446,17
2020-08-12,Netherlands,NA,Groningen,583990,10,0,456,17
2020-08-13,Netherlands,NA,Groningen,583990,14,0,470,17
2020-08-14,Netherlands,NA,Groningen,583990,12,0,482,17
2020-08-15,Netherlands,NA,Groningen,583990,8,0,490,17
2020-08-16,Netherlands,NA,Groningen,583990,10,0,500,17
2020-08-17,Netherlands,NA,Groningen,583990,9,0,509,17
2020-08-18,Netherlands,NA,Groningen,583990,11,0,520,17
2020-08-19,Netherlands,NA,Groningen,583990,5,0,525,17
2020-08-20,Netherlands,NA,Groningen,583990,8,0,533,17
2020-08-21,Netherlands,NA,Groningen,583990,7,0,540,17
2020-08-22,Netherlands,NA,Groningen,583990,9,0,549,17
2020-08-23,Netherlands,NA,Groningen,583990,6,0,555,17
2020-08-24,Netherlands,NA,Groningen,583990,3,0,558,17
2020-08-25,Netherlands,NA,Groningen,583990,5,2,563,19
2020-08-26,Netherlands,NA,Groningen,583990,5,0,568,19
2020-08-27,Netherlands,NA,Groningen,583990,6,0,574,19
2020-08-28,Netherlands,NA,Groningen,583990,10,0,584,19
2020-08-29,Netherlands,NA,Groningen,583990,4,0,588,19
2020-08-30,Netherlands,NA,Groningen,583990,2,0,590,19
2020-08-31,Netherlands,NA,Groningen,583990,8,0,598,19
2020-09-01,Netherlands,NA,Groningen,583990,2,0,600,19
2020-09-02,Netherlands,NA,Groningen,583990,4,0,604,19
2020-09-03,Netherlands,NA,Groningen,583990,8,0,612,19
2020-09-04,Netherlands,NA,Groningen,583990,7,0,619,19
2020-09-05,Netherlands,NA,Groningen,583990,7,0,626,19
2020-09-06,Netherlands,NA,Groningen,583990,6,0,632,19
2020-09-07,Netherlands,NA,Groningen,583990,12,0,644,19
2020-09-08,Netherlands,NA,Groningen,583990,13,0,657,19
2020-09-09,Netherlands,NA,Groningen,583990,16,0,673,19
2020-09-10,Netherlands,NA,Groningen,583990,17,0,690,19
2020-09-11,Netherlands,NA,Groningen,583990,29,0,719,19
2020-09-12,Netherlands,NA,Groningen,583990,34,0,753,19
2020-09-13,Netherlands,NA,Groningen,583990,22,0,775,19
2020-09-14,Netherlands,NA,Groningen,583990,34,0,809,19
2020-09-15,Netherlands,NA,Groningen,583990,41,0,850,19
2020-03-13,Netherlands,NA,Limburg,1116137,0,0,67,3
2020-03-14,Netherlands,NA,Limburg,1116137,37,0,104,3
2020-03-15,Netherlands,NA,Limburg,1116137,25,1,129,4
2020-03-16,Netherlands,NA,Limburg,1116137,20,1,149,5
2020-03-17,Netherlands,NA,Limburg,1116137,48,5,197,10
2020-03-18,Netherlands,NA,Limburg,1116137,61,4,258,14
2020-03-19,Netherlands,NA,Limburg,1116137,33,5,291,19
2020-03-20,Netherlands,NA,Limburg,1116137,105,6,396,25
2020-03-21,Netherlands,NA,Limburg,1116137,14,1,410,26
2020-03-22,Netherlands,NA,Limburg,1116137,29,11,439,37
2020-03-23,Netherlands,NA,Limburg,1116137,43,12,482,49
2020-03-24,Netherlands,NA,Limburg,1116137,192,11,674,60
2020-03-25,Netherlands,NA,Limburg,1116137,94,8,768,68
2020-03-26,Netherlands,NA,Limburg,1116137,94,16,862,84
2020-03-27,Netherlands,NA,Limburg,1116137,86,16,948,100
2020-03-28,Netherlands,NA,Limburg,1116137,130,15,1078,115
2020-03-29,Netherlands,NA,Limburg,1116137,95,22,1173,137
2020-03-30,Netherlands,NA,Limburg,1116137,114,20,1287,157
2020-03-31,Netherlands,NA,Limburg,1116137,115,14,1402,171
2020-04-01,Netherlands,NA,Limburg,1116137,87,13,1489,184
2020-04-02,Netherlands,NA,Limburg,1116137,88,40,1577,224
2020-04-03,Netherlands,NA,Limburg,1116137,112,8,1689,232
2020-04-04,Netherlands,NA,Limburg,1116137,50,18,1739,250
2020-04-05,Netherlands,NA,Limburg,1116137,143,23,1882,273
2020-04-06,Netherlands,NA,Limburg,1116137,107,13,1989,286
2020-04-07,Netherlands,NA,Limburg,1116137,91,47,2080,333
2020-04-08,Netherlands,NA,Limburg,1116137,80,21,2160,354
2020-04-09,Netherlands,NA,Limburg,1116137,124,19,2284,373
2020-04-10,Netherlands,NA,Limburg,1116137,103,14,2387,387
2020-04-11,Netherlands,NA,Limburg,1116137,127,13,2514,400
2020-04-12,Netherlands,NA,Limburg,1116137,119,20,2633,420
2020-04-13,Netherlands,NA,Limburg,1116137,44,7,2677,427
2020-04-14,Netherlands,NA,Limburg,1116137,185,24,2862,451
2020-04-15,Netherlands,NA,Limburg,1116137,45,14,2907,465
2020-04-16,Netherlands,NA,Limburg,1116137,98,13,3005,478
2020-04-17,Netherlands,NA,Limburg,1116137,136,13,3141,491
2020-04-18,Netherlands,NA,Limburg,1116137,113,14,3254,505
2020-04-19,Netherlands,NA,Limburg,1116137,98,7,3352,512
2020-04-20,Netherlands,NA,Limburg,1116137,83,9,3435,521
2020-04-21,Netherlands,NA,Limburg,1116137,86,7,3521,528
2020-04-22,Netherlands,NA,Limburg,1116137,93,10,3614,538
2020-04-23,Netherlands,NA,Limburg,1116137,77,9,3691,547
2020-04-24,Netherlands,NA,Limburg,1116137,103,15,3794,562
2020-04-25,Netherlands,NA,Limburg,1116137,47,17,3841,579
2020-04-26,Netherlands,NA,Limburg,1116137,52,9,3893,588
2020-04-27,Netherlands,NA,Limburg,1116137,65,6,3958,594
2020-04-28,Netherlands,NA,Limburg,1116137,18,2,3976,596
2020-04-29,Netherlands,NA,Limburg,1116137,48,11,4024,607
2020-04-30,Netherlands,NA,Limburg,1116137,59,10,4083,617
2020-05-01,Netherlands,NA,Limburg,1116137,39,9,4122,626
2020-05-02,Netherlands,NA,Limburg,1116137,49,11,4171,637
2020-05-03,Netherlands,NA,Limburg,1116137,24,6,4195,643
2020-05-04,Netherlands,NA,Limburg,1116137,44,4,4239,647
2020-05-05,Netherlands,NA,Limburg,1116137,15,4,4254,651
2020-05-06,Netherlands,NA,Limburg,1116137,20,5,4274,656
2020-05-07,Netherlands,NA,Limburg,1116137,24,8,4298,664
2020-05-08,Netherlands,NA,Limburg,1116137,44,5,4342,669
2020-05-09,Netherlands,NA,Limburg,1116137,23,4,4365,673
2020-05-10,Netherlands,NA,Limburg,1116137,27,5,4392,678
2020-05-11,Netherlands,NA,Limburg,1116137,18,5,4410,683
2020-05-12,Netherlands,NA,Limburg,1116137,10,1,4420,684
2020-05-13,Netherlands,NA,Limburg,1116137,21,8,4441,692
2020-05-14,Netherlands,NA,Limburg,1116137,19,4,4460,696
2020-05-15,Netherlands,NA,Limburg,1116137,36,4,4496,700
2020-05-16,Netherlands,NA,Limburg,1116137,16,2,4512,702
2020-05-17,Netherlands,NA,Limburg,1116137,8,2,4520,704
2020-05-18,Netherlands,NA,Limburg,1116137,11,3,4531,707
2020-05-19,Netherlands,NA,Limburg,1116137,3,0,4534,707
2020-05-20,Netherlands,NA,Limburg,1116137,4,3,4538,710
2020-05-21,Netherlands,NA,Limburg,1116137,16,3,4554,713
2020-05-22,Netherlands,NA,Limburg,1116137,18,3,4572,716
2020-05-23,Netherlands,NA,Limburg,1116137,30,2,4602,718
2020-05-24,Netherlands,NA,Limburg,1116137,7,3,4609,721
2020-05-25,Netherlands,NA,Limburg,1116137,17,0,4626,721
2020-05-26,Netherlands,NA,Limburg,1116137,7,2,4633,723
2020-05-27,Netherlands,NA,Limburg,1116137,5,0,4638,723
2020-05-28,Netherlands,NA,Limburg,1116137,14,6,4652,729
2020-05-29,Netherlands,NA,Limburg,1116137,11,1,4663,730
2020-05-30,Netherlands,NA,Limburg,1116137,6,2,4669,732
2020-05-31,Netherlands,NA,Limburg,1116137,9,1,4678,733
2020-06-01,Netherlands,NA,Limburg,1116137,9,2,4687,735
2020-06-02,Netherlands,NA,Limburg,1116137,7,0,4694,735
2020-06-03,Netherlands,NA,Limburg,1116137,9,1,4703,736
2020-06-04,Netherlands,NA,Limburg,1116137,7,2,4710,738
2020-06-05,Netherlands,NA,Limburg,1116137,18,0,4728,738
2020-06-06,Netherlands,NA,Limburg,1116137,15,0,4743,738
2020-06-07,Netherlands,NA,Limburg,1116137,14,1,4757,739
2020-06-08,Netherlands,NA,Limburg,1116137,8,0,4765,739
2020-06-09,Netherlands,NA,Limburg,1116137,11,3,4776,742
2020-06-10,Netherlands,NA,Limburg,1116137,6,1,4782,743
2020-06-11,Netherlands,NA,Limburg,1116137,9,1,4791,744
2020-06-12,Netherlands,NA,Limburg,1116137,8,1,4799,745
2020-06-13,Netherlands,NA,Limburg,1116137,12,0,4811,745
2020-06-14,Netherlands,NA,Limburg,1116137,9,1,4820,746
2020-06-15,Netherlands,NA,Limburg,1116137,2,1,4822,747
2020-06-16,Netherlands,NA,Limburg,1116137,4,0,4826,747
2020-06-17,Netherlands,NA,Limburg,1116137,4,0,4830,747
2020-06-18,Netherlands,NA,Limburg,1116137,6,0,4836,747
2020-06-19,Netherlands,NA,Limburg,1116137,4,0,4840,747
2020-06-20,Netherlands,NA,Limburg,1116137,4,1,4844,748
2020-06-21,Netherlands,NA,Limburg,1116137,5,0,4849,748
2020-06-22,Netherlands,NA,Limburg,1116137,2,0,4851,748
2020-06-23,Netherlands,NA,Limburg,1116137,2,0,4853,748
2020-06-24,Netherlands,NA,Limburg,1116137,3,0,4856,748
2020-06-25,Netherlands,NA,Limburg,1116137,4,1,4860,749
2020-06-26,Netherlands,NA,Limburg,1116137,1,0,4861,749
2020-06-27,Netherlands,NA,Limburg,1116137,0,0,4861,749
2020-06-28,Netherlands,NA,Limburg,1116137,1,0,4862,749
2020-06-29,Netherlands,NA,Limburg,1116137,1,0,4863,749
2020-06-30,Netherlands,NA,Limburg,1116137,0,0,4863,749
2020-07-01,Netherlands,NA,Limburg,1116137,3,0,4866,749
2020-07-02,Netherlands,NA,Limburg,1116137,3,0,4869,749
2020-07-03,Netherlands,NA,Limburg,1116137,5,0,4874,749
2020-07-04,Netherlands,NA,Limburg,1116137,1,0,4875,749
2020-07-05,Netherlands,NA,Limburg,1116137,1,0,4876,749
2020-07-06,Netherlands,NA,Limburg,1116137,1,0,4877,749
2020-07-07,Netherlands,NA,Limburg,1116137,1,0,4878,749
2020-07-08,Netherlands,NA,Limburg,1116137,1,0,4879,749
2020-07-09,Netherlands,NA,Limburg,1116137,2,0,4881,749
2020-07-10,Netherlands,NA,Limburg,1116137,2,0,4883,749
2020-07-11,Netherlands,NA,Limburg,1116137,0,0,4883,749
2020-07-12,Netherlands,NA,Limburg,1116137,3,0,4886,749
2020-07-13,Netherlands,NA,Limburg,1116137,1,0,4887,749
2020-07-14,Netherlands,NA,Limburg,1116137,0,1,4887,750
2020-07-15,Netherlands,NA,Limburg,1116137,5,0,4887,750
2020-07-16,Netherlands,NA,Limburg,1116137,1,0,4887,750
2020-07-17,Netherlands,NA,Limburg,1116137,1,1,4887,751
2020-07-18,Netherlands,NA,Limburg,1116137,5,1,4890,752
2020-07-19,Netherlands,NA,Limburg,1116137,1,0,4891,752
2020-07-20,Netherlands,NA,Limburg,1116137,4,0,4895,752
2020-07-21,Netherlands,NA,Limburg,1116137,3,1,4898,753
2020-07-22,Netherlands,NA,Limburg,1116137,1,0,4899,753
2020-07-23,Netherlands,NA,Limburg,1116137,0,0,4899,753
2020-07-24,Netherlands,NA,Limburg,1116137,4,0,4903,753
2020-07-25,Netherlands,NA,Limburg,1116137,3,0,4906,753
2020-07-26,Netherlands,NA,Limburg,1116137,2,0,4908,753
2020-07-27,Netherlands,NA,Limburg,1116137,4,0,4912,753
2020-07-28,Netherlands,NA,Limburg,1116137,2,1,4914,754
2020-07-29,Netherlands,NA,Limburg,1116137,3,0,4917,754
2020-07-30,Netherlands,NA,Limburg,1116137,4,0,4921,754
2020-07-31,Netherlands,NA,Limburg,1116137,2,0,4923,754
2020-08-01,Netherlands,NA,Limburg,1116137,7,0,4930,754
2020-08-02,Netherlands,NA,Limburg,1116137,3,0,4933,754
2020-08-03,Netherlands,NA,Limburg,1116137,5,0,4938,754
2020-08-04,Netherlands,NA,Limburg,1116137,4,0,4942,754
2020-08-05,Netherlands,NA,Limburg,1116137,7,0,4949,754
2020-08-06,Netherlands,NA,Limburg,1116137,2,0,4951,754
2020-08-07,Netherlands,NA,Limburg,1116137,9,0,4960,754
2020-08-08,Netherlands,NA,Limburg,1116137,7,0,4967,754
2020-08-09,Netherlands,NA,Limburg,1116137,17,0,4984,754
2020-08-10,Netherlands,NA,Limburg,1116137,12,0,4996,754
2020-08-11,Netherlands,NA,Limburg,1116137,21,0,5017,754
2020-08-12,Netherlands,NA,Limburg,1116137,13,0,5030,754
2020-08-13,Netherlands,NA,Limburg,1116137,17,0,5047,754
2020-08-14,Netherlands,NA,Limburg,1116137,18,0,5065,754
2020-08-15,Netherlands,NA,Limburg,1116137,36,0,5101,754
2020-08-16,Netherlands,NA,Limburg,1116137,21,0,5122,754
2020-08-17,Netherlands,NA,Limburg,1116137,6,0,5128,754
2020-08-18,Netherlands,NA,Limburg,1116137,11,0,5139,754
2020-08-19,Netherlands,NA,Limburg,1116137,13,0,5152,754
2020-08-20,Netherlands,NA,Limburg,1116137,23,0,5175,754
2020-08-21,Netherlands,NA,Limburg,1116137,23,0,5198,754
2020-08-22,Netherlands,NA,Limburg,1116137,23,1,5221,755
2020-08-23,Netherlands,NA,Limburg,1116137,28,0,5249,755
2020-08-24,Netherlands,NA,Limburg,1116137,19,0,5268,755
2020-08-25,Netherlands,NA,Limburg,1116137,25,0,5293,755
2020-08-26,Netherlands,NA,Limburg,1116137,24,0,5317,755
2020-08-27,Netherlands,NA,Limburg,1116137,22,0,5339,755
2020-08-28,Netherlands,NA,Limburg,1116137,18,0,5357,755
2020-08-29,Netherlands,NA,Limburg,1116137,26,1,5383,756
2020-08-30,Netherlands,NA,Limburg,1116137,17,0,5400,756
2020-08-31,Netherlands,NA,Limburg,1116137,24,0,5424,756
2020-09-01,Netherlands,NA,Limburg,1116137,19,0,5443,756
2020-09-02,Netherlands,NA,Limburg,1116137,23,0,5466,756
2020-09-03,Netherlands,NA,Limburg,1116137,17,0,5483,756
2020-09-04,Netherlands,NA,Limburg,1116137,26,1,5509,757
2020-09-05,Netherlands,NA,Limburg,1116137,22,0,5531,757
2020-09-06,Netherlands,NA,Limburg,1116137,25,0,5556,757
2020-09-07,Netherlands,NA,Limburg,1116137,18,0,5574,757
2020-09-08,Netherlands,NA,Limburg,1116137,18,0,5592,757
2020-09-09,Netherlands,NA,Limburg,1116137,26,0,5618,757
2020-09-10,Netherlands,NA,Limburg,1116137,31,1,5649,758
2020-09-11,Netherlands,NA,Limburg,1116137,36,0,5685,758
2020-09-12,Netherlands,NA,Limburg,1116137,37,0,5722,758
2020-09-13,Netherlands,NA,Limburg,1116137,38,0,5760,758
2020-09-14,Netherlands,NA,Limburg,1116137,34,0,5794,758
2020-09-15,Netherlands,NA,Limburg,1116137,25,0,5819,758
2020-03-13,Netherlands,NA,North Brabant,2544806,0,0,360,5
2020-03-14,Netherlands,NA,North Brabant,2544806,43,1,403,6
2020-03-15,Netherlands,NA,North Brabant,2544806,43,7,446,13
2020-03-16,Netherlands,NA,North Brabant,2544806,108,3,554,16
2020-03-17,Netherlands,NA,North Brabant,2544806,80,11,634,27
2020-03-18,Netherlands,NA,North Brabant,2544806,94,10,728,37
2020-03-19,Netherlands,NA,North Brabant,2544806,114,12,842,49
2020-03-20,Netherlands,NA,North Brabant,2544806,265,13,1107,62
2020-03-21,Netherlands,NA,North Brabant,2544806,40,17,1147,79
2020-03-22,Netherlands,NA,North Brabant,2544806,221,22,1368,101
2020-03-23,Netherlands,NA,North Brabant,2544806,152,3,1520,104
2020-03-24,Netherlands,NA,North Brabant,2544806,178,21,1698,125
2020-03-25,Netherlands,NA,North Brabant,2544806,177,48,1875,173
2020-03-26,Netherlands,NA,North Brabant,2544806,242,26,2117,199
2020-03-27,Netherlands,NA,North Brabant,2544806,329,52,2446,251
2020-03-28,Netherlands,NA,North Brabant,2544806,260,33,2706,284
2020-03-29,Netherlands,NA,North Brabant,2544806,271,55,2977,339
2020-03-30,Netherlands,NA,North Brabant,2544806,214,29,3191,368
2020-03-31,Netherlands,NA,North Brabant,2544806,184,77,3375,445
2020-04-01,Netherlands,NA,North Brabant,2544806,153,34,3528,479
2020-04-02,Netherlands,NA,North Brabant,2544806,224,46,3752,525
2020-04-03,Netherlands,NA,North Brabant,2544806,160,51,3912,576
2020-04-04,Netherlands,NA,North Brabant,2544806,136,52,4048,628
2020-04-05,Netherlands,NA,North Brabant,2544806,176,33,4224,661
2020-04-06,Netherlands,NA,North Brabant,2544806,191,10,4415,671
2020-04-07,Netherlands,NA,North Brabant,2544806,154,69,4569,740
2020-04-08,Netherlands,NA,North Brabant,2544806,182,40,4751,780
2020-04-09,Netherlands,NA,North Brabant,2544806,202,42,4953,822
2020-04-10,Netherlands,NA,North Brabant,2544806,248,25,5201,847
2020-04-11,Netherlands,NA,North Brabant,2544806,158,32,5359,879
2020-04-12,Netherlands,NA,North Brabant,2544806,244,20,5603,899
2020-04-13,Netherlands,NA,North Brabant,2544806,136,19,5739,918
2020-04-14,Netherlands,NA,North Brabant,2544806,168,24,5907,942
2020-04-15,Netherlands,NA,North Brabant,2544806,114,41,6021,983
2020-04-16,Netherlands,NA,North Brabant,2544806,205,58,6226,1041
2020-04-17,Netherlands,NA,North Brabant,2544806,167,31,6393,1072
2020-04-18,Netherlands,NA,North Brabant,2544806,184,35,6577,1107
2020-04-19,Netherlands,NA,North Brabant,2544806,166,21,6743,1128
2020-04-20,Netherlands,NA,North Brabant,2544806,156,15,6899,1143
2020-04-21,Netherlands,NA,North Brabant,2544806,137,42,7036,1185
2020-04-22,Netherlands,NA,North Brabant,2544806,117,36,7153,1221
2020-04-23,Netherlands,NA,North Brabant,2544806,124,21,7277,1242
2020-04-24,Netherlands,NA,North Brabant,2544806,153,14,7430,1256
2020-04-25,Netherlands,NA,North Brabant,2544806,120,24,7550,1280
2020-04-26,Netherlands,NA,North Brabant,2544806,144,15,7694,1295
2020-04-27,Netherlands,NA,North Brabant,2544806,97,7,7791,1302
2020-04-28,Netherlands,NA,North Brabant,2544806,38,14,7829,1316
2020-04-29,Netherlands,NA,North Brabant,2544806,33,17,7862,1333
2020-04-30,Netherlands,NA,North Brabant,2544806,102,14,7964,1347
2020-05-01,Netherlands,NA,North Brabant,2544806,88,9,8052,1356
2020-05-02,Netherlands,NA,North Brabant,2544806,83,26,8135,1382
2020-05-03,Netherlands,NA,North Brabant,2544806,74,5,8209,1387
2020-05-04,Netherlands,NA,North Brabant,2544806,36,3,8245,1390
2020-05-05,Netherlands,NA,North Brabant,2544806,36,11,8281,1401
2020-05-06,Netherlands,NA,North Brabant,2544806,16,5,8297,1406
2020-05-07,Netherlands,NA,North Brabant,2544806,52,14,8349,1420
2020-05-08,Netherlands,NA,North Brabant,2544806,36,7,8385,1427
2020-05-09,Netherlands,NA,North Brabant,2544806,54,17,8439,1444
2020-05-10,Netherlands,NA,North Brabant,2544806,28,4,8467,1448
2020-05-11,Netherlands,NA,North Brabant,2544806,21,0,8488,1448
2020-05-12,Netherlands,NA,North Brabant,2544806,37,15,8525,1463
2020-05-13,Netherlands,NA,North Brabant,2544806,18,6,8543,1469
2020-05-14,Netherlands,NA,North Brabant,2544806,47,3,8590,1472
2020-05-15,Netherlands,NA,North Brabant,2544806,21,5,8611,1477
2020-05-16,Netherlands,NA,North Brabant,2544806,33,1,8644,1478
2020-05-17,Netherlands,NA,North Brabant,2544806,11,0,8655,1478
2020-05-18,Netherlands,NA,North Brabant,2544806,18,2,8673,1480
2020-05-19,Netherlands,NA,North Brabant,2544806,19,3,8692,1483
2020-05-20,Netherlands,NA,North Brabant,2544806,29,5,8721,1488
2020-05-21,Netherlands,NA,North Brabant,2544806,21,1,8742,1489
2020-05-22,Netherlands,NA,North Brabant,2544806,16,1,8758,1490
2020-05-23,Netherlands,NA,North Brabant,2544806,31,1,8789,1491
2020-05-24,Netherlands,NA,North Brabant,2544806,24,1,8813,1492
2020-05-25,Netherlands,NA,North Brabant,2544806,16,0,8829,1492
2020-05-26,Netherlands,NA,North Brabant,2544806,26,3,8855,1495
2020-05-27,Netherlands,NA,North Brabant,2544806,21,3,8876,1498
2020-05-28,Netherlands,NA,North Brabant,2544806,45,7,8921,1505
2020-05-29,Netherlands,NA,North Brabant,2544806,22,3,8943,1508
2020-05-30,Netherlands,NA,North Brabant,2544806,24,2,8967,1510
2020-05-31,Netherlands,NA,North Brabant,2544806,36,0,9003,1510
2020-06-01,Netherlands,NA,North Brabant,2544806,7,0,9010,1510
2020-06-02,Netherlands,NA,North Brabant,2544806,21,1,9031,1511
2020-06-03,Netherlands,NA,North Brabant,2544806,17,0,9048,1511
2020-06-04,Netherlands,NA,North Brabant,2544806,34,3,9082,1514
2020-06-05,Netherlands,NA,North Brabant,2544806,41,3,9123,1517
2020-06-06,Netherlands,NA,North Brabant,2544806,29,1,9152,1518
2020-06-07,Netherlands,NA,North Brabant,2544806,20,0,9172,1518
2020-06-08,Netherlands,NA,North Brabant,2544806,38,1,9210,1519
2020-06-09,Netherlands,NA,North Brabant,2544806,22,0,9232,1519
2020-06-10,Netherlands,NA,North Brabant,2544806,27,1,9259,1520
2020-06-11,Netherlands,NA,North Brabant,2544806,28,0,9287,1520
2020-06-12,Netherlands,NA,North Brabant,2544806,40,4,9327,1524
2020-06-13,Netherlands,NA,North Brabant,2544806,34,0,9361,1524
2020-06-14,Netherlands,NA,North Brabant,2544806,21,0,9382,1524
2020-06-15,Netherlands,NA,North Brabant,2544806,11,2,9393,1526
2020-06-16,Netherlands,NA,North Brabant,2544806,27,1,9420,1527
2020-06-17,Netherlands,NA,North Brabant,2544806,23,0,9443,1527
2020-06-18,Netherlands,NA,North Brabant,2544806,14,1,9457,1528
2020-06-19,Netherlands,NA,North Brabant,2544806,20,0,9477,1528
2020-06-20,Netherlands,NA,North Brabant,2544806,7,1,9484,1529
2020-06-21,Netherlands,NA,North Brabant,2544806,16,1,9500,1530
2020-06-22,Netherlands,NA,North Brabant,2544806,8,0,9508,1530
2020-06-23,Netherlands,NA,North Brabant,2544806,10,1,9518,1531
2020-06-24,Netherlands,NA,North Brabant,2544806,18,0,9536,1531
2020-06-25,Netherlands,NA,North Brabant,2544806,16,0,9552,1531
2020-06-26,Netherlands,NA,North Brabant,2544806,14,2,9566,1533
2020-06-27,Netherlands,NA,North Brabant,2544806,8,0,9574,1533
2020-06-28,Netherlands,NA,North Brabant,2544806,2,0,9576,1533
2020-06-29,Netherlands,NA,North Brabant,2544806,12,0,9588,1533
2020-06-30,Netherlands,NA,North Brabant,2544806,5,2,9593,1535
2020-07-01,Netherlands,NA,North Brabant,2544806,8,0,9601,1535
2020-07-02,Netherlands,NA,North Brabant,2544806,8,1,9609,1536
2020-07-03,Netherlands,NA,North Brabant,2544806,7,0,9616,1536
2020-07-04,Netherlands,NA,North Brabant,2544806,13,0,9629,1536
2020-07-05,Netherlands,NA,North Brabant,2544806,9,0,9638,1536
2020-07-06,Netherlands,NA,North Brabant,2544806,3,0,9641,1536
2020-07-07,Netherlands,NA,North Brabant,2544806,12,0,9653,1536
2020-07-08,Netherlands,NA,North Brabant,2544806,10,1,9663,1537
2020-07-09,Netherlands,NA,North Brabant,2544806,9,0,9672,1537
2020-07-10,Netherlands,NA,North Brabant,2544806,12,0,9684,1537
2020-07-11,Netherlands,NA,North Brabant,2544806,14,0,9698,1537
2020-07-12,Netherlands,NA,North Brabant,2544806,19,0,9717,1537
2020-07-13,Netherlands,NA,North Brabant,2544806,13,0,9730,1537
2020-07-14,Netherlands,NA,North Brabant,2544806,0,0,9730,1537
2020-07-15,Netherlands,NA,North Brabant,2544806,5,0,9730,1537
2020-07-16,Netherlands,NA,North Brabant,2544806,16,0,9730,1537
2020-07-17,Netherlands,NA,North Brabant,2544806,17,0,9747,1537
2020-07-18,Netherlands,NA,North Brabant,2544806,16,0,9763,1537
2020-07-19,Netherlands,NA,North Brabant,2544806,19,0,9782,1537
2020-07-20,Netherlands,NA,North Brabant,2544806,23,0,9805,1537
2020-07-21,Netherlands,NA,North Brabant,2544806,14,0,9819,1537
2020-07-22,Netherlands,NA,North Brabant,2544806,26,0,9845,1537
2020-07-23,Netherlands,NA,North Brabant,2544806,9,0,9854,1537
2020-07-24,Netherlands,NA,North Brabant,2544806,24,0,9878,1537
2020-07-25,Netherlands,NA,North Brabant,2544806,14,0,9892,1537
2020-07-26,Netherlands,NA,North Brabant,2544806,27,0,9919,1537
2020-07-27,Netherlands,NA,North Brabant,2544806,16,1,9935,1537
2020-07-28,Netherlands,NA,North Brabant,2544806,35,0,9970,1537
2020-07-29,Netherlands,NA,North Brabant,2544806,39,0,10009,1537
2020-07-30,Netherlands,NA,North Brabant,2544806,43,0,10052,1537
2020-07-31,Netherlands,NA,North Brabant,2544806,36,0,10088,1537
2020-08-01,Netherlands,NA,North Brabant,2544806,50,0,10138,1537
2020-08-02,Netherlands,NA,North Brabant,2544806,61,1,10199,1537
2020-08-03,Netherlands,NA,North Brabant,2544806,53,0,10252,1537
2020-08-04,Netherlands,NA,North Brabant,2544806,51,0,10303,1537
2020-08-05,Netherlands,NA,North Brabant,2544806,53,1,10356,1538
2020-08-06,Netherlands,NA,North Brabant,2544806,60,0,10416,1538
2020-08-07,Netherlands,NA,North Brabant,2544806,70,1,10486,1539
2020-08-08,Netherlands,NA,North Brabant,2544806,72,2,10558,1541
2020-08-09,Netherlands,NA,North Brabant,2544806,85,0,10643,1541
2020-08-10,Netherlands,NA,North Brabant,2544806,66,0,10709,1541
2020-08-11,Netherlands,NA,North Brabant,2544806,107,0,10816,1541
2020-08-12,Netherlands,NA,North Brabant,2544806,57,1,10873,1542
2020-08-13,Netherlands,NA,North Brabant,2544806,51,1,10924,1543
2020-08-14,Netherlands,NA,North Brabant,2544806,71,0,10995,1543
2020-08-15,Netherlands,NA,North Brabant,2544806,69,1,11064,1544
2020-08-16,Netherlands,NA,North Brabant,2544806,72,1,11136,1545
2020-08-17,Netherlands,NA,North Brabant,2544806,61,0,11197,1545
2020-08-18,Netherlands,NA,North Brabant,2544806,67,1,11264,1546
2020-08-19,Netherlands,NA,North Brabant,2544806,66,0,11330,1546
2020-08-20,Netherlands,NA,North Brabant,2544806,50,0,11380,1546
2020-08-21,Netherlands,NA,North Brabant,2544806,82,0,11462,1546
2020-08-22,Netherlands,NA,North Brabant,2544806,61,1,11523,1547
2020-08-23,Netherlands,NA,North Brabant,2544806,68,0,11591,1547
2020-08-24,Netherlands,NA,North Brabant,2544806,85,0,11676,1547
2020-08-25,Netherlands,NA,North Brabant,2544806,59,0,11735,1547
2020-08-26,Netherlands,NA,North Brabant,2544806,99,0,11834,1547
2020-08-27,Netherlands,NA,North Brabant,2544806,72,0,11906,1547
2020-08-28,Netherlands,NA,North Brabant,2544806,88,0,11994,1547
2020-08-29,Netherlands,NA,North Brabant,2544806,86,0,12080,1547
2020-08-30,Netherlands,NA,North Brabant,2544806,65,0,12145,1547
2020-08-31,Netherlands,NA,North Brabant,2544806,70,0,12215,1547
2020-09-01,Netherlands,NA,North Brabant,2544806,51,1,12266,1548
2020-09-02,Netherlands,NA,North Brabant,2544806,70,2,12336,1550
2020-09-03,Netherlands,NA,North Brabant,2544806,64,0,12400,1550
2020-09-04,Netherlands,NA,North Brabant,2544806,74,0,12474,1550
2020-09-05,Netherlands,NA,North Brabant,2544806,80,0,12554,1550
2020-09-06,Netherlands,NA,North Brabant,2544806,97,1,12651,1551
2020-09-07,Netherlands,NA,North Brabant,2544806,86,0,12737,1551
2020-09-08,Netherlands,NA,North Brabant,2544806,90,0,12827,1551
2020-09-09,Netherlands,NA,North Brabant,2544806,114,0,12941,1551
2020-09-10,Netherlands,NA,North Brabant,2544806,84,0,13025,1551
2020-09-11,Netherlands,NA,North Brabant,2544806,101,0,13126,1551
2020-09-12,Netherlands,NA,North Brabant,2544806,112,0,13238,1551
2020-09-13,Netherlands,NA,North Brabant,2544806,119,0,13357,1551
2020-09-14,Netherlands,NA,North Brabant,2544806,113,0,13470,1551
2020-09-15,Netherlands,NA,North Brabant,2544806,109,0,13579,1551
2020-03-13,Netherlands,NA,North Holland,2853359,0,0,63,0
2020-03-14,Netherlands,NA,North Holland,2853359,20,0,83,0
2020-03-15,Netherlands,NA,North Holland,2853359,7,0,90,0
2020-03-16,Netherlands,NA,North Holland,2853359,26,0,116,0
2020-03-17,Netherlands,NA,North Holland,2853359,36,0,152,0
2020-03-18,Netherlands,NA,North Holland,2853359,22,0,174,0
2020-03-19,Netherlands,NA,North Holland,2853359,71,1,245,1
2020-03-20,Netherlands,NA,North Holland,2853359,220,1,465,2
2020-03-21,Netherlands,NA,North Holland,2853359,0,2,465,4
2020-03-22,Netherlands,NA,North Holland,2853359,71,2,508,6
2020-03-23,Netherlands,NA,North Holland,2853359,63,4,571,10
2020-03-24,Netherlands,NA,North Holland,2853359,138,7,709,17
2020-03-25,Netherlands,NA,North Holland,2853359,128,6,837,23
2020-03-26,Netherlands,NA,North Holland,2853359,160,7,997,30
2020-03-27,Netherlands,NA,North Holland,2853359,197,10,1194,40
2020-03-28,Netherlands,NA,North Holland,2853359,168,12,1362,52
2020-03-29,Netherlands,NA,North Holland,2853359,153,12,1515,64
2020-03-30,Netherlands,NA,North Holland,2853359,146,12,1661,76
2020-03-31,Netherlands,NA,North Holland,2853359,149,24,1810,100
2020-04-01,Netherlands,NA,North Holland,2853359,172,17,1982,117
2020-04-02,Netherlands,NA,North Holland,2853359,182,24,2164,141
2020-04-03,Netherlands,NA,North Holland,2853359,168,9,2332,150
2020-04-04,Netherlands,NA,North Holland,2853359,167,29,2499,179
2020-04-05,Netherlands,NA,North Holland,2853359,229,16,2728,195
2020-04-06,Netherlands,NA,North Holland,2853359,117,10,2845,205
2020-04-07,Netherlands,NA,North Holland,2853359,122,22,2967,227
2020-04-08,Netherlands,NA,North Holland,2853359,131,31,3098,258
2020-04-09,Netherlands,NA,North Holland,2853359,179,21,3277,279
2020-04-10,Netherlands,NA,North Holland,2853359,228,11,3505,290
2020-04-11,Netherlands,NA,North Holland,2853359,152,28,3657,318
2020-04-12,Netherlands,NA,North Holland,2853359,175,14,3832,332
2020-04-13,Netherlands,NA,North Holland,2853359,100,16,3932,348
2020-04-14,Netherlands,NA,North Holland,2853359,106,15,4038,363
2020-04-15,Netherlands,NA,North Holland,2853359,105,37,4143,400
2020-04-16,Netherlands,NA,North Holland,2853359,143,18,4286,418
2020-04-17,Netherlands,NA,North Holland,2853359,207,18,4493,436
2020-04-18,Netherlands,NA,North Holland,2853359,152,20,4645,456
2020-04-19,Netherlands,NA,North Holland,2853359,132,11,4777,467
2020-04-20,Netherlands,NA,North Holland,2853359,98,9,4875,476
2020-04-21,Netherlands,NA,North Holland,2853359,101,23,4976,499
2020-04-22,Netherlands,NA,North Holland,2853359,108,14,5084,513
2020-04-23,Netherlands,NA,North Holland,2853359,143,17,5227,530
2020-04-24,Netherlands,NA,North Holland,2853359,84,14,5311,544
2020-04-25,Netherlands,NA,North Holland,2853359,73,11,5384,555
2020-04-26,Netherlands,NA,North Holland,2853359,88,10,5472,565
2020-04-27,Netherlands,NA,North Holland,2853359,43,5,5515,570
2020-04-28,Netherlands,NA,North Holland,2853359,36,6,5551,576
2020-04-29,Netherlands,NA,North Holland,2853359,72,24,5623,600
2020-04-30,Netherlands,NA,North Holland,2853359,52,9,5675,609
2020-05-01,Netherlands,NA,North Holland,2853359,78,7,5753,616
2020-05-02,Netherlands,NA,North Holland,2853359,72,7,5825,623
2020-05-03,Netherlands,NA,North Holland,2853359,34,33,5859,656
2020-05-04,Netherlands,NA,North Holland,2853359,24,7,5883,663
2020-05-05,Netherlands,NA,North Holland,2853359,68,14,5951,677
2020-05-06,Netherlands,NA,North Holland,2853359,59,8,6010,685
2020-05-07,Netherlands,NA,North Holland,2853359,49,18,6059,703
2020-05-08,Netherlands,NA,North Holland,2853359,44,8,6103,711
2020-05-09,Netherlands,NA,North Holland,2853359,47,7,6150,718
2020-05-10,Netherlands,NA,North Holland,2853359,38,1,6188,719
2020-05-11,Netherlands,NA,North Holland,2853359,37,2,6225,721
2020-05-12,Netherlands,NA,North Holland,2853359,24,9,6249,730
2020-05-13,Netherlands,NA,North Holland,2853359,34,8,6283,738
2020-05-14,Netherlands,NA,North Holland,2853359,52,8,6335,746
2020-05-15,Netherlands,NA,North Holland,2853359,38,10,6373,756
2020-05-16,Netherlands,NA,North Holland,2853359,28,5,6401,761
2020-05-17,Netherlands,NA,North Holland,2853359,14,5,6415,766
2020-05-18,Netherlands,NA,North Holland,2853359,16,2,6431,768
2020-05-19,Netherlands,NA,North Holland,2853359,16,1,6447,769
2020-05-20,Netherlands,NA,North Holland,2853359,30,1,6477,770
2020-05-21,Netherlands,NA,North Holland,2853359,32,4,6509,774
2020-05-22,Netherlands,NA,North Holland,2853359,34,5,6543,779
2020-05-23,Netherlands,NA,North Holland,2853359,22,1,6565,780
2020-05-24,Netherlands,NA,North Holland,2853359,12,3,6577,783
2020-05-25,Netherlands,NA,North Holland,2853359,8,3,6585,786
2020-05-26,Netherlands,NA,North Holland,2853359,8,6,6593,792
2020-05-27,Netherlands,NA,North Holland,2853359,30,2,6623,794
2020-05-28,Netherlands,NA,North Holland,2853359,15,2,6638,796
2020-05-29,Netherlands,NA,North Holland,2853359,13,1,6651,797
2020-05-30,Netherlands,NA,North Holland,2853359,21,1,6672,798
2020-05-31,Netherlands,NA,North Holland,2853359,23,1,6695,799
2020-06-01,Netherlands,NA,North Holland,2853359,11,1,6706,800
2020-06-02,Netherlands,NA,North Holland,2853359,5,1,6711,801
2020-06-03,Netherlands,NA,North Holland,2853359,7,1,6718,802
2020-06-04,Netherlands,NA,North Holland,2853359,11,0,6729,802
2020-06-05,Netherlands,NA,North Holland,2853359,11,2,6740,804
2020-06-06,Netherlands,NA,North Holland,2853359,9,1,6749,805
2020-06-07,Netherlands,NA,North Holland,2853359,82,0,6831,805
2020-06-08,Netherlands,NA,North Holland,2853359,28,1,6859,806
2020-06-09,Netherlands,NA,North Holland,2853359,15,3,6874,809
2020-06-10,Netherlands,NA,North Holland,2853359,32,1,6906,810
2020-06-11,Netherlands,NA,North Holland,2853359,31,0,6937,810
2020-06-12,Netherlands,NA,North Holland,2853359,15,0,6952,810
2020-06-13,Netherlands,NA,North Holland,2853359,32,0,6984,810
2020-06-14,Netherlands,NA,North Holland,2853359,21,0,7005,810
2020-06-15,Netherlands,NA,North Holland,2853359,24,0,7029,810
2020-06-16,Netherlands,NA,North Holland,2853359,29,0,7058,810
2020-06-17,Netherlands,NA,North Holland,2853359,23,3,7081,813
2020-06-18,Netherlands,NA,North Holland,2853359,25,1,7106,814
2020-06-19,Netherlands,NA,North Holland,2853359,11,0,7117,814
2020-06-20,Netherlands,NA,North Holland,2853359,10,0,7127,814
2020-06-21,Netherlands,NA,North Holland,2853359,5,0,7132,814
2020-06-22,Netherlands,NA,North Holland,2853359,7,0,7139,814
2020-06-23,Netherlands,NA,North Holland,2853359,12,1,7151,815
2020-06-24,Netherlands,NA,North Holland,2853359,17,1,7168,816
2020-06-25,Netherlands,NA,North Holland,2853359,10,0,7178,816
2020-06-26,Netherlands,NA,North Holland,2853359,16,0,7194,816
2020-06-27,Netherlands,NA,North Holland,2853359,15,0,7209,816
2020-06-28,Netherlands,NA,North Holland,2853359,11,0,7220,816
2020-06-29,Netherlands,NA,North Holland,2853359,9,0,7229,816
2020-06-30,Netherlands,NA,North Holland,2853359,10,0,7239,816
2020-07-01,Netherlands,NA,North Holland,2853359,12,0,7251,816
2020-07-02,Netherlands,NA,North Holland,2853359,19,0,7270,816
2020-07-03,Netherlands,NA,North Holland,2853359,20,0,7290,816
2020-07-04,Netherlands,NA,North Holland,2853359,12,0,7302,816
2020-07-05,Netherlands,NA,North Holland,2853359,10,0,7312,816
2020-07-06,Netherlands,NA,North Holland,2853359,5,0,7317,816
2020-07-07,Netherlands,NA,North Holland,2853359,7,0,7324,816
2020-07-08,Netherlands,NA,North Holland,2853359,12,0,7336,816
2020-07-09,Netherlands,NA,North Holland,2853359,7,1,7343,817
2020-07-10,Netherlands,NA,North Holland,2853359,13,1,7356,818
2020-07-11,Netherlands,NA,North Holland,2853359,13,0,7369,818
2020-07-12,Netherlands,NA,North Holland,2853359,9,0,7378,818
2020-07-13,Netherlands,NA,North Holland,2853359,16,0,7394,818
2020-07-14,Netherlands,NA,North Holland,2853359,8,0,7402,818
2020-07-15,Netherlands,NA,North Holland,2853359,14,0,7416,818
2020-07-16,Netherlands,NA,North Holland,2853359,24,0,7440,818
2020-07-17,Netherlands,NA,North Holland,2853359,19,0,7459,818
2020-07-18,Netherlands,NA,North Holland,2853359,20,0,7479,818
2020-07-19,Netherlands,NA,North Holland,2853359,44,0,7523,818
2020-07-20,Netherlands,NA,North Holland,2853359,35,0,7558,818
2020-07-21,Netherlands,NA,North Holland,2853359,34,0,7592,818
2020-07-22,Netherlands,NA,North Holland,2853359,36,1,7628,818
2020-07-23,Netherlands,NA,North Holland,2853359,31,0,7659,818
2020-07-24,Netherlands,NA,North Holland,2853359,41,0,7700,818
2020-07-25,Netherlands,NA,North Holland,2853359,31,0,7731,818
2020-07-26,Netherlands,NA,North Holland,2853359,46,0,7777,818
2020-07-27,Netherlands,NA,North Holland,2853359,61,0,7838,818
2020-07-28,Netherlands,NA,North Holland,2853359,49,0,7887,818
2020-07-29,Netherlands,NA,North Holland,2853359,43,0,7930,818
2020-07-30,Netherlands,NA,North Holland,2853359,96,0,8026,818
2020-07-31,Netherlands,NA,North Holland,2853359,72,0,8098,818
2020-08-01,Netherlands,NA,North Holland,2853359,95,0,8193,818
2020-08-02,Netherlands,NA,North Holland,2853359,58,0,8251,818
2020-08-03,Netherlands,NA,North Holland,2853359,72,0,8323,818
2020-08-04,Netherlands,NA,North Holland,2853359,178,0,8501,818
2020-08-05,Netherlands,NA,North Holland,2853359,89,0,8590,818
2020-08-06,Netherlands,NA,North Holland,2853359,201,0,8791,818
2020-08-07,Netherlands,NA,North Holland,2853359,115,0,8906,818
2020-08-08,Netherlands,NA,North Holland,2853359,134,1,9040,818
2020-08-09,Netherlands,NA,North Holland,2853359,128,0,9168,818
2020-08-10,Netherlands,NA,North Holland,2853359,210,0,9378,818
2020-08-11,Netherlands,NA,North Holland,2853359,185,0,9563,818
2020-08-12,Netherlands,NA,North Holland,2853359,154,0,9717,818
2020-08-13,Netherlands,NA,North Holland,2853359,120,3,9837,819
2020-08-14,Netherlands,NA,North Holland,2853359,194,1,10031,820
2020-08-15,Netherlands,NA,North Holland,2853359,194,0,10225,820
2020-08-16,Netherlands,NA,North Holland,2853359,130,0,10355,820
2020-08-17,Netherlands,NA,North Holland,2853359,162,0,10517,820
2020-08-18,Netherlands,NA,North Holland,2853359,157,2,10674,822
2020-08-19,Netherlands,NA,North Holland,2853359,156,1,10830,823
2020-08-20,Netherlands,NA,North Holland,2853359,166,0,10996,823
2020-08-21,Netherlands,NA,North Holland,2853359,140,0,11136,823
2020-08-22,Netherlands,NA,North Holland,2853359,88,0,11224,823
2020-08-23,Netherlands,NA,North Holland,2853359,105,0,11329,823
2020-08-24,Netherlands,NA,North Holland,2853359,168,2,11497,825
2020-08-25,Netherlands,NA,North Holland,2853359,142,0,11639,825
2020-08-26,Netherlands,NA,North Holland,2853359,132,0,11771,825
2020-08-27,Netherlands,NA,North Holland,2853359,132,0,11903,825
2020-08-28,Netherlands,NA,North Holland,2853359,133,1,12036,826
2020-08-29,Netherlands,NA,North Holland,2853359,127,1,12163,827
2020-08-30,Netherlands,NA,North Holland,2853359,101,0,12264,827
2020-08-31,Netherlands,NA,North Holland,2853359,160,0,12424,827
2020-09-01,Netherlands,NA,North Holland,2853359,130,1,12554,828
2020-09-02,Netherlands,NA,North Holland,2853359,198,1,12752,829
2020-09-03,Netherlands,NA,North Holland,2853359,151,0,12903,829
2020-09-04,Netherlands,NA,North Holland,2853359,207,1,13110,830
2020-09-05,Netherlands,NA,North Holland,2853359,180,0,13290,830
2020-09-06,Netherlands,NA,North Holland,2853359,207,0,13497,830
2020-09-07,Netherlands,NA,North Holland,2853359,215,0,13712,830
2020-09-08,Netherlands,NA,North Holland,2853359,299,0,14011,830
2020-09-09,Netherlands,NA,North Holland,2853359,263,0,14274,830
2020-09-10,Netherlands,NA,North Holland,2853359,224,0,14498,830
2020-09-11,Netherlands,NA,North Holland,2853359,304,2,14802,832
2020-09-12,Netherlands,NA,North Holland,2853359,312,0,15114,832
2020-09-13,Netherlands,NA,North Holland,2853359,326,1,15440,833
2020-09-14,Netherlands,NA,North Holland,2853359,315,1,15755,834
2020-09-15,Netherlands,NA,North Holland,2853359,412,2,16167,836
2020-03-13,Netherlands,NA,Overijssel,1156431,0,0,18,0
2020-03-14,Netherlands,NA,Overijssel,1156431,5,1,23,1
2020-03-15,Netherlands,NA,Overijssel,1156431,5,0,28,1
2020-03-16,Netherlands,NA,Overijssel,1156431,8,0,36,1
2020-03-17,Netherlands,NA,Overijssel,1156431,9,0,45,1
2020-03-18,Netherlands,NA,Overijssel,1156431,13,1,58,1
2020-03-19,Netherlands,NA,Overijssel,1156431,15,0,73,1
2020-03-20,Netherlands,NA,Overijssel,1156431,57,1,130,2
2020-03-21,Netherlands,NA,Overijssel,1156431,31,2,161,4
2020-03-22,Netherlands,NA,Overijssel,1156431,27,2,188,6
2020-03-23,Netherlands,NA,Overijssel,1156431,29,2,217,8
2020-03-24,Netherlands,NA,Overijssel,1156431,31,3,248,11
2020-03-25,Netherlands,NA,Overijssel,1156431,69,3,317,14
2020-03-26,Netherlands,NA,Overijssel,1156431,71,4,388,18
2020-03-27,Netherlands,NA,Overijssel,1156431,58,4,446,22
2020-03-28,Netherlands,NA,Overijssel,1156431,69,10,515,32
2020-03-29,Netherlands,NA,Overijssel,1156431,73,5,588,37
2020-03-30,Netherlands,NA,Overijssel,1156431,57,2,645,39
2020-03-31,Netherlands,NA,Overijssel,1156431,41,11,686,50
2020-04-01,Netherlands,NA,Overijssel,1156431,78,12,764,62
2020-04-02,Netherlands,NA,Overijssel,1156431,87,10,851,72
2020-04-03,Netherlands,NA,Overijssel,1156431,77,8,928,80
2020-04-04,Netherlands,NA,Overijssel,1156431,110,16,1038,96
2020-04-05,Netherlands,NA,Overijssel,1156431,79,3,1117,99
2020-04-06,Netherlands,NA,Overijssel,1156431,75,13,1192,112
2020-04-07,Netherlands,NA,Overijssel,1156431,66,14,1258,126
2020-04-08,Netherlands,NA,Overijssel,1156431,67,4,1325,130
2020-04-09,Netherlands,NA,Overijssel,1156431,77,2,1402,132
2020-04-10,Netherlands,NA,Overijssel,1156431,191,9,1593,141
2020-04-11,Netherlands,NA,Overijssel,1156431,95,8,1688,149
2020-04-12,Netherlands,NA,Overijssel,1156431,73,5,1761,154
2020-04-13,Netherlands,NA,Overijssel,1156431,56,5,1817,159
2020-04-14,Netherlands,NA,Overijssel,1156431,57,4,1874,163
2020-04-15,Netherlands,NA,Overijssel,1156431,51,9,1925,172
2020-04-16,Netherlands,NA,Overijssel,1156431,90,7,2015,179
2020-04-17,Netherlands,NA,Overijssel,1156431,115,6,2130,185
2020-04-18,Netherlands,NA,Overijssel,1156431,57,4,2187,189
2020-04-19,Netherlands,NA,Overijssel,1156431,75,1,2262,190
2020-04-20,Netherlands,NA,Overijssel,1156431,48,2,2310,192
2020-04-21,Netherlands,NA,Overijssel,1156431,64,13,2374,205
2020-04-22,Netherlands,NA,Overijssel,1156431,37,7,2411,212
2020-04-23,Netherlands,NA,Overijssel,1156431,61,6,2472,218
2020-04-24,Netherlands,NA,Overijssel,1156431,48,5,2520,223
2020-04-25,Netherlands,NA,Overijssel,1156431,38,15,2558,238
2020-04-26,Netherlands,NA,Overijssel,1156431,46,5,2604,243
2020-04-27,Netherlands,NA,Overijssel,1156431,9,0,2613,243
2020-04-28,Netherlands,NA,Overijssel,1156431,5,3,2618,246
2020-04-29,Netherlands,NA,Overijssel,1156431,30,2,2648,248
2020-04-30,Netherlands,NA,Overijssel,1156431,39,3,2687,251
2020-05-01,Netherlands,NA,Overijssel,1156431,18,20,2705,271
2020-05-02,Netherlands,NA,Overijssel,1156431,27,0,2732,271
2020-05-03,Netherlands,NA,Overijssel,1156431,19,0,2751,271
2020-05-04,Netherlands,NA,Overijssel,1156431,12,1,2763,272
2020-05-05,Netherlands,NA,Overijssel,1156431,17,5,2780,277
2020-05-06,Netherlands,NA,Overijssel,1156431,9,1,2789,278
2020-05-07,Netherlands,NA,Overijssel,1156431,18,1,2807,279
2020-05-08,Netherlands,NA,Overijssel,1156431,21,2,2828,281
2020-05-09,Netherlands,NA,Overijssel,1156431,17,2,2845,283
2020-05-10,Netherlands,NA,Overijssel,1156431,7,1,2852,284
2020-05-11,Netherlands,NA,Overijssel,1156431,0,1,2852,285
2020-05-12,Netherlands,NA,Overijssel,1156431,12,2,2858,287
2020-05-13,Netherlands,NA,Overijssel,1156431,13,3,2871,290
2020-05-14,Netherlands,NA,Overijssel,1156431,12,2,2883,292
2020-05-15,Netherlands,NA,Overijssel,1156431,6,1,2889,293
2020-05-16,Netherlands,NA,Overijssel,1156431,11,0,2900,293
2020-05-17,Netherlands,NA,Overijssel,1156431,4,0,2904,293
2020-05-18,Netherlands,NA,Overijssel,1156431,1,1,2905,294
2020-05-19,Netherlands,NA,Overijssel,1156431,6,0,2911,294
2020-05-20,Netherlands,NA,Overijssel,1156431,8,4,2919,298
2020-05-21,Netherlands,NA,Overijssel,1156431,8,1,2927,299
2020-05-22,Netherlands,NA,Overijssel,1156431,7,0,2934,299
2020-05-23,Netherlands,NA,Overijssel,1156431,9,1,2943,300
2020-05-24,Netherlands,NA,Overijssel,1156431,7,0,2950,300
2020-05-25,Netherlands,NA,Overijssel,1156431,5,2,2955,302
2020-05-26,Netherlands,NA,Overijssel,1156431,6,0,2961,302
2020-05-27,Netherlands,NA,Overijssel,1156431,6,0,2967,302
2020-05-28,Netherlands,NA,Overijssel,1156431,5,2,2972,304
2020-05-29,Netherlands,NA,Overijssel,1156431,2,3,2974,307
2020-05-30,Netherlands,NA,Overijssel,1156431,3,0,2977,307
2020-05-31,Netherlands,NA,Overijssel,1156431,4,0,2981,307
2020-06-01,Netherlands,NA,Overijssel,1156431,1,0,2982,307
2020-06-02,Netherlands,NA,Overijssel,1156431,0,0,2982,307
2020-06-03,Netherlands,NA,Overijssel,1156431,0,0,2982,307
2020-06-04,Netherlands,NA,Overijssel,1156431,5,1,2987,307
2020-06-05,Netherlands,NA,Overijssel,1156431,4,0,2991,307
2020-06-06,Netherlands,NA,Overijssel,1156431,7,0,2998,307
2020-06-07,Netherlands,NA,Overijssel,1156431,4,0,3002,307
2020-06-08,Netherlands,NA,Overijssel,1156431,4,0,3006,307
2020-06-09,Netherlands,NA,Overijssel,1156431,4,0,3010,307
2020-06-10,Netherlands,NA,Overijssel,1156431,4,1,3014,308
2020-06-11,Netherlands,NA,Overijssel,1156431,2,0,3016,308
2020-06-12,Netherlands,NA,Overijssel,1156431,1,0,3017,308
2020-06-13,Netherlands,NA,Overijssel,1156431,0,0,3017,308
2020-06-14,Netherlands,NA,Overijssel,1156431,9,0,3025,308
2020-06-15,Netherlands,NA,Overijssel,1156431,12,0,3037,308
2020-06-16,Netherlands,NA,Overijssel,1156431,6,0,3043,308
2020-06-17,Netherlands,NA,Overijssel,1156431,1,0,3044,308
2020-06-18,Netherlands,NA,Overijssel,1156431,3,0,3047,308
2020-06-19,Netherlands,NA,Overijssel,1156431,4,0,3051,308
2020-06-20,Netherlands,NA,Overijssel,1156431,4,0,3055,308
2020-06-21,Netherlands,NA,Overijssel,1156431,13,0,3068,308
2020-06-22,Netherlands,NA,Overijssel,1156431,5,0,3073,308
2020-06-23,Netherlands,NA,Overijssel,1156431,1,0,3074,308
2020-06-24,Netherlands,NA,Overijssel,1156431,3,0,3077,308
2020-06-25,Netherlands,NA,Overijssel,1156431,2,0,3079,308
2020-06-26,Netherlands,NA,Overijssel,1156431,5,1,3084,309
2020-06-27,Netherlands,NA,Overijssel,1156431,1,0,3085,309
2020-06-28,Netherlands,NA,Overijssel,1156431,6,0,3091,309
2020-06-29,Netherlands,NA,Overijssel,1156431,4,0,3095,309
2020-06-30,Netherlands,NA,Overijssel,1156431,3,0,3098,309
2020-07-01,Netherlands,NA,Overijssel,1156431,2,0,3100,309
2020-07-02,Netherlands,NA,Overijssel,1156431,2,0,3102,309
2020-07-03,Netherlands,NA,Overijssel,1156431,5,0,3107,309
2020-07-04,Netherlands,NA,Overijssel,1156431,0,1,3107,310
2020-07-05,Netherlands,NA,Overijssel,1156431,3,0,3110,310
2020-07-06,Netherlands,NA,Overijssel,1156431,1,0,3111,310
2020-07-07,Netherlands,NA,Overijssel,1156431,4,0,3115,310
2020-07-08,Netherlands,NA,Overijssel,1156431,2,0,3117,310
2020-07-09,Netherlands,NA,Overijssel,1156431,0,0,3117,310
2020-07-10,Netherlands,NA,Overijssel,1156431,2,0,3117,310
2020-07-11,Netherlands,NA,Overijssel,1156431,4,1,3120,311
2020-07-12,Netherlands,NA,Overijssel,1156431,4,0,3124,311
2020-07-13,Netherlands,NA,Overijssel,1156431,1,0,3125,311
2020-07-14,Netherlands,NA,Overijssel,1156431,1,0,3126,311
2020-07-15,Netherlands,NA,Overijssel,1156431,5,0,3131,311
2020-07-16,Netherlands,NA,Overijssel,1156431,2,0,3133,311
2020-07-17,Netherlands,NA,Overijssel,1156431,4,0,3137,311
2020-07-18,Netherlands,NA,Overijssel,1156431,2,0,3139,311
2020-07-19,Netherlands,NA,Overijssel,1156431,4,0,3143,311
2020-07-20,Netherlands,NA,Overijssel,1156431,10,0,3153,311
2020-07-21,Netherlands,NA,Overijssel,1156431,3,0,3156,311
2020-07-22,Netherlands,NA,Overijssel,1156431,4,0,3160,311
2020-07-23,Netherlands,NA,Overijssel,1156431,0,0,3160,311
2020-07-24,Netherlands,NA,Overijssel,1156431,1,0,3161,311
2020-07-25,Netherlands,NA,Overijssel,1156431,2,0,3163,311
2020-07-26,Netherlands,NA,Overijssel,1156431,1,0,3164,311
2020-07-27,Netherlands,NA,Overijssel,1156431,4,0,3168,311
2020-07-28,Netherlands,NA,Overijssel,1156431,0,0,3168,311
2020-07-29,Netherlands,NA,Overijssel,1156431,6,0,3174,311
2020-07-30,Netherlands,NA,Overijssel,1156431,0,0,3174,311
2020-07-31,Netherlands,NA,Overijssel,1156431,3,0,3177,311
2020-08-01,Netherlands,NA,Overijssel,1156431,7,0,3184,311
2020-08-02,Netherlands,NA,Overijssel,1156431,3,0,3187,311
2020-08-03,Netherlands,NA,Overijssel,1156431,7,0,3194,311
2020-08-04,Netherlands,NA,Overijssel,1156431,3,0,3197,311
2020-08-05,Netherlands,NA,Overijssel,1156431,5,0,3202,311
2020-08-06,Netherlands,NA,Overijssel,1156431,11,0,3213,311
2020-08-07,Netherlands,NA,Overijssel,1156431,12,0,3225,311
2020-08-08,Netherlands,NA,Overijssel,1156431,10,0,3235,311
2020-08-09,Netherlands,NA,Overijssel,1156431,5,0,3240,311
2020-08-10,Netherlands,NA,Overijssel,1156431,8,0,3248,311
2020-08-11,Netherlands,NA,Overijssel,1156431,7,0,3255,311
2020-08-12,Netherlands,NA,Overijssel,1156431,14,0,3269,311
2020-08-13,Netherlands,NA,Overijssel,1156431,15,0,3284,311
2020-08-14,Netherlands,NA,Overijssel,1156431,17,0,3301,311
2020-08-15,Netherlands,NA,Overijssel,1156431,7,0,3308,311
2020-08-16,Netherlands,NA,Overijssel,1156431,11,0,3319,311
2020-08-17,Netherlands,NA,Overijssel,1156431,9,0,3328,311
2020-08-18,Netherlands,NA,Overijssel,1156431,15,0,3343,311
2020-08-19,Netherlands,NA,Overijssel,1156431,8,0,3351,311
2020-08-20,Netherlands,NA,Overijssel,1156431,18,1,3369,312
2020-08-21,Netherlands,NA,Overijssel,1156431,24,0,3393,312
2020-08-22,Netherlands,NA,Overijssel,1156431,15,0,3408,312
2020-08-23,Netherlands,NA,Overijssel,1156431,13,0,3421,312
2020-08-24,Netherlands,NA,Overijssel,1156431,12,0,3433,312
2020-08-25,Netherlands,NA,Overijssel,1156431,5,0,3438,312
2020-08-26,Netherlands,NA,Overijssel,1156431,16,2,3454,314
2020-08-27,Netherlands,NA,Overijssel,1156431,6,0,3460,314
2020-08-28,Netherlands,NA,Overijssel,1156431,7,0,3467,314
2020-08-29,Netherlands,NA,Overijssel,1156431,13,0,3480,314
2020-08-30,Netherlands,NA,Overijssel,1156431,12,0,3492,314
2020-08-31,Netherlands,NA,Overijssel,1156431,10,0,3502,314
2020-09-01,Netherlands,NA,Overijssel,1156431,3,0,3505,314
2020-09-02,Netherlands,NA,Overijssel,1156431,18,0,3523,314
2020-09-03,Netherlands,NA,Overijssel,1156431,16,0,3539,314
2020-09-04,Netherlands,NA,Overijssel,1156431,9,0,3548,314
2020-09-05,Netherlands,NA,Overijssel,1156431,17,0,3565,314
2020-09-06,Netherlands,NA,Overijssel,1156431,24,0,3589,314
2020-09-07,Netherlands,NA,Overijssel,1156431,15,0,3604,314
2020-09-08,Netherlands,NA,Overijssel,1156431,13,0,3617,314
2020-09-09,Netherlands,NA,Overijssel,1156431,27,0,3644,314
2020-09-10,Netherlands,NA,Overijssel,1156431,24,0,3668,314
2020-09-11,Netherlands,NA,Overijssel,1156431,33,0,3701,314
2020-09-12,Netherlands,NA,Overijssel,1156431,17,0,3718,314
2020-09-13,Netherlands,NA,Overijssel,1156431,31,0,3749,314
2020-09-14,Netherlands,NA,Overijssel,1156431,44,0,3793,314
2020-09-15,Netherlands,NA,Overijssel,1156431,41,0,3834,314
2020-03-13,Netherlands,NA,South Holland,3709139,0,0,81,0
2020-03-14,Netherlands,NA,South Holland,3709139,14,0,95,0
2020-03-15,Netherlands,NA,South Holland,3709139,15,0,110,0
2020-03-16,Netherlands,NA,South Holland,3709139,26,0,136,0
2020-03-17,Netherlands,NA,South Holland,3709139,39,0,175,0
2020-03-18,Netherlands,NA,South Holland,3709139,57,0,232,0
2020-03-19,Netherlands,NA,South Holland,3709139,71,0,303,0
2020-03-20,Netherlands,NA,South Holland,3709139,222,2,525,2
2020-03-21,Netherlands,NA,South Holland,3709139,0,2,525,4
2020-03-22,Netherlands,NA,South Holland,3709139,99,2,578,6
2020-03-23,Netherlands,NA,South Holland,3709139,62,3,640,9
2020-03-24,Netherlands,NA,South Holland,3709139,109,2,749,11
2020-03-25,Netherlands,NA,South Holland,3709139,130,4,879,15
2020-03-26,Netherlands,NA,South Holland,3709139,153,5,1032,20
2020-03-27,Netherlands,NA,South Holland,3709139,205,7,1237,27
2020-03-28,Netherlands,NA,South Holland,3709139,259,10,1496,37
2020-03-29,Netherlands,NA,South Holland,3709139,154,13,1650,50
2020-03-30,Netherlands,NA,South Holland,3709139,143,7,1793,57
2020-03-31,Netherlands,NA,South Holland,3709139,139,6,1932,63
2020-04-01,Netherlands,NA,South Holland,3709139,248,19,2180,82
2020-04-02,Netherlands,NA,South Holland,3709139,222,12,2402,94
2020-04-03,Netherlands,NA,South Holland,3709139,203,27,2605,121
2020-04-04,Netherlands,NA,South Holland,3709139,200,16,2805,137
2020-04-05,Netherlands,NA,South Holland,3709139,288,13,3093,150
2020-04-06,Netherlands,NA,South Holland,3709139,244,22,3337,172
2020-04-07,Netherlands,NA,South Holland,3709139,139,37,3476,209
2020-04-08,Netherlands,NA,South Holland,3709139,244,16,3720,225
2020-04-09,Netherlands,NA,South Holland,3709139,312,26,4032,251
2020-04-10,Netherlands,NA,South Holland,3709139,215,32,4247,283
2020-04-11,Netherlands,NA,South Holland,3709139,405,28,4652,311
2020-04-12,Netherlands,NA,South Holland,3709139,223,12,4875,323
2020-04-13,Netherlands,NA,South Holland,3709139,255,20,5130,343
2020-04-14,Netherlands,NA,South Holland,3709139,141,19,5271,362
2020-04-15,Netherlands,NA,South Holland,3709139,195,36,5466,398
2020-04-16,Netherlands,NA,South Holland,3709139,272,50,5738,448
2020-04-17,Netherlands,NA,South Holland,3709139,264,44,6002,492
2020-04-18,Netherlands,NA,South Holland,3709139,301,35,6303,527
2020-04-19,Netherlands,NA,South Holland,3709139,262,24,6565,551
2020-04-20,Netherlands,NA,South Holland,3709139,139,9,6704,560
2020-04-21,Netherlands,NA,South Holland,3709139,143,39,6847,599
2020-04-22,Netherlands,NA,South Holland,3709139,170,41,7017,640
2020-04-23,Netherlands,NA,South Holland,3709139,210,34,7227,674
2020-04-24,Netherlands,NA,South Holland,3709139,172,36,7399,710
2020-04-25,Netherlands,NA,South Holland,3709139,187,30,7586,740
2020-04-26,Netherlands,NA,South Holland,3709139,140,9,7726,749
2020-04-27,Netherlands,NA,South Holland,3709139,94,13,7820,762
2020-04-28,Netherlands,NA,South Holland,3709139,19,11,7839,773
2020-04-29,Netherlands,NA,South Holland,3709139,94,56,7933,829
2020-04-30,Netherlands,NA,South Holland,3709139,139,24,8072,853
2020-05-01,Netherlands,NA,South Holland,3709139,116,36,8188,889
2020-05-02,Netherlands,NA,South Holland,3709139,93,31,8281,920
2020-05-03,Netherlands,NA,South Holland,3709139,89,14,8370,934
2020-05-04,Netherlands,NA,South Holland,3709139,31,4,8401,938
2020-05-05,Netherlands,NA,South Holland,3709139,82,29,8483,967
2020-05-06,Netherlands,NA,South Holland,3709139,55,9,8538,976
2020-05-07,Netherlands,NA,South Holland,3709139,97,26,8635,1002
2020-05-08,Netherlands,NA,South Holland,3709139,84,38,8719,1040
2020-05-09,Netherlands,NA,South Holland,3709139,84,13,8803,1053
2020-05-10,Netherlands,NA,South Holland,3709139,69,2,8872,1055
2020-05-11,Netherlands,NA,South Holland,3709139,46,3,8918,1058
2020-05-12,Netherlands,NA,South Holland,3709139,61,19,8979,1077
2020-05-13,Netherlands,NA,South Holland,3709139,96,15,9075,1092
2020-05-14,Netherlands,NA,South Holland,3709139,86,4,9161,1096
2020-05-15,Netherlands,NA,South Holland,3709139,56,15,9217,1111
2020-05-16,Netherlands,NA,South Holland,3709139,56,14,9273,1125
2020-05-17,Netherlands,NA,South Holland,3709139,36,0,9309,1125
2020-05-18,Netherlands,NA,South Holland,3709139,64,2,9373,1127
2020-05-19,Netherlands,NA,South Holland,3709139,35,13,9408,1140
2020-05-20,Netherlands,NA,South Holland,3709139,59,16,9467,1156
2020-05-21,Netherlands,NA,South Holland,3709139,87,15,9554,1171
2020-05-22,Netherlands,NA,South Holland,3709139,50,0,9604,1171
2020-05-23,Netherlands,NA,South Holland,3709139,37,13,9641,1184
2020-05-24,Netherlands,NA,South Holland,3709139,45,3,9686,1187
2020-05-25,Netherlands,NA,South Holland,3709139,50,1,9736,1188
2020-05-26,Netherlands,NA,South Holland,3709139,31,11,9767,1199
2020-05-27,Netherlands,NA,South Holland,3709139,64,6,9831,1205
2020-05-28,Netherlands,NA,South Holland,3709139,39,7,9870,1212
2020-05-29,Netherlands,NA,South Holland,3709139,41,15,9911,1227
2020-05-30,Netherlands,NA,South Holland,3709139,28,10,9939,1237
2020-05-31,Netherlands,NA,South Holland,3709139,31,1,9970,1238
2020-06-01,Netherlands,NA,South Holland,3709139,32,0,10002,1238
2020-06-02,Netherlands,NA,South Holland,3709139,23,1,10025,1239
2020-06-03,Netherlands,NA,South Holland,3709139,30,6,10055,1245
2020-06-04,Netherlands,NA,South Holland,3709139,67,3,10122,1248
2020-06-05,Netherlands,NA,South Holland,3709139,61,6,10183,1254
2020-06-06,Netherlands,NA,South Holland,3709139,68,4,10251,1258
2020-06-07,Netherlands,NA,South Holland,3709139,58,0,10309,1258
2020-06-08,Netherlands,NA,South Holland,3709139,38,0,10347,1258
2020-06-09,Netherlands,NA,South Holland,3709139,74,8,10421,1266
2020-06-10,Netherlands,NA,South Holland,3709139,50,6,10471,1272
2020-06-11,Netherlands,NA,South Holland,3709139,57,0,10528,1272
2020-06-12,Netherlands,NA,South Holland,3709139,83,2,10611,1273
2020-06-13,Netherlands,NA,South Holland,3709139,53,2,10664,1275
2020-06-14,Netherlands,NA,South Holland,3709139,41,0,10705,1275
2020-06-15,Netherlands,NA,South Holland,3709139,44,0,10749,1275
2020-06-16,Netherlands,NA,South Holland,3709139,48,3,10797,1278
2020-06-17,Netherlands,NA,South Holland,3709139,40,0,10837,1278
2020-06-18,Netherlands,NA,South Holland,3709139,48,2,10885,1280
2020-06-19,Netherlands,NA,South Holland,3709139,34,0,10919,1280
2020-06-20,Netherlands,NA,South Holland,3709139,36,5,10955,1285
2020-06-21,Netherlands,NA,South Holland,3709139,25,0,10980,1285
2020-06-22,Netherlands,NA,South Holland,3709139,25,0,11005,1285
2020-06-23,Netherlands,NA,South Holland,3709139,24,2,11029,1287
2020-06-24,Netherlands,NA,South Holland,3709139,25,1,11054,1288
2020-06-25,Netherlands,NA,South Holland,3709139,41,1,11095,1289
2020-06-26,Netherlands,NA,South Holland,3709139,38,0,11133,1289
2020-06-27,Netherlands,NA,South Holland,3709139,24,1,11157,1290
2020-06-28,Netherlands,NA,South Holland,3709139,36,0,11193,1290
2020-06-29,Netherlands,NA,South Holland,3709139,35,1,11228,1291
2020-06-30,Netherlands,NA,South Holland,3709139,27,2,11255,1293
2020-07-01,Netherlands,NA,South Holland,3709139,25,1,11280,1294
2020-07-02,Netherlands,NA,South Holland,3709139,32,1,11312,1295
2020-07-03,Netherlands,NA,South Holland,3709139,28,0,11340,1295
2020-07-04,Netherlands,NA,South Holland,3709139,22,1,11362,1296
2020-07-05,Netherlands,NA,South Holland,3709139,27,0,11389,1296
2020-07-06,Netherlands,NA,South Holland,3709139,23,1,11412,1297
2020-07-07,Netherlands,NA,South Holland,3709139,10,3,11422,1300
2020-07-08,Netherlands,NA,South Holland,3709139,18,2,11440,1302
2020-07-09,Netherlands,NA,South Holland,3709139,23,0,11463,1302
2020-07-10,Netherlands,NA,South Holland,3709139,18,0,11481,1302
2020-07-11,Netherlands,NA,South Holland,3709139,35,0,11516,1302
2020-07-12,Netherlands,NA,South Holland,3709139,49,0,11565,1302
2020-07-13,Netherlands,NA,South Holland,3709139,25,0,11590,1302
2020-07-14,Netherlands,NA,South Holland,3709139,52,0,11642,1302
2020-07-15,Netherlands,NA,South Holland,3709139,48,1,11690,1303
2020-07-16,Netherlands,NA,South Holland,3709139,45,1,11735,1304
2020-07-17,Netherlands,NA,South Holland,3709139,51,1,11786,1305
2020-07-18,Netherlands,NA,South Holland,3709139,48,0,11834,1305
2020-07-19,Netherlands,NA,South Holland,3709139,52,0,11886,1305
2020-07-20,Netherlands,NA,South Holland,3709139,73,0,11959,1305
2020-07-21,Netherlands,NA,South Holland,3709139,80,0,12039,1305
2020-07-22,Netherlands,NA,South Holland,3709139,73,2,12112,1306
2020-07-23,Netherlands,NA,South Holland,3709139,92,0,12204,1306
2020-07-24,Netherlands,NA,South Holland,3709139,102,0,12306,1306
2020-07-25,Netherlands,NA,South Holland,3709139,46,1,12352,1307
2020-07-26,Netherlands,NA,South Holland,3709139,98,0,12450,1307
2020-07-27,Netherlands,NA,South Holland,3709139,90,0,12540,1307
2020-07-28,Netherlands,NA,South Holland,3709139,110,2,12650,1309
2020-07-29,Netherlands,NA,South Holland,3709139,108,1,12758,1310
2020-07-30,Netherlands,NA,South Holland,3709139,146,0,12904,1310
2020-07-31,Netherlands,NA,South Holland,3709139,156,0,13060,1310
2020-08-01,Netherlands,NA,South Holland,3709139,202,1,13262,1311
2020-08-02,Netherlands,NA,South Holland,3709139,185,0,13447,1311
2020-08-03,Netherlands,NA,South Holland,3709139,195,0,13642,1311
2020-08-04,Netherlands,NA,South Holland,3709139,195,0,13837,1311
2020-08-05,Netherlands,NA,South Holland,3709139,215,1,14052,1312
2020-08-06,Netherlands,NA,South Holland,3709139,236,0,14288,1312
2020-08-07,Netherlands,NA,South Holland,3709139,220,0,14508,1312
2020-08-08,Netherlands,NA,South Holland,3709139,183,0,14691,1312
2020-08-09,Netherlands,NA,South Holland,3709139,240,0,14931,1312
2020-08-10,Netherlands,NA,South Holland,3709139,253,0,15184,1312
2020-08-11,Netherlands,NA,South Holland,3709139,287,1,15471,1313
2020-08-12,Netherlands,NA,South Holland,3709139,294,1,15765,1314
2020-08-13,Netherlands,NA,South Holland,3709139,247,0,16012,1314
2020-08-14,Netherlands,NA,South Holland,3709139,227,1,16239,1315
2020-08-15,Netherlands,NA,South Holland,3709139,267,1,16506,1316
2020-08-16,Netherlands,NA,South Holland,3709139,168,2,16674,1318
2020-08-17,Netherlands,NA,South Holland,3709139,155,0,16829,1318
2020-08-18,Netherlands,NA,South Holland,3709139,160,0,16989,1318
2020-08-19,Netherlands,NA,South Holland,3709139,187,4,17176,1322
2020-08-20,Netherlands,NA,South Holland,3709139,179,9,17355,1331
2020-08-21,Netherlands,NA,South Holland,3709139,162,4,17517,1335
2020-08-22,Netherlands,NA,South Holland,3709139,191,2,17708,1337
2020-08-23,Netherlands,NA,South Holland,3709139,127,0,17835,1337
2020-08-24,Netherlands,NA,South Holland,3709139,185,0,18020,1337
2020-08-25,Netherlands,NA,South Holland,3709139,98,2,18118,1339
2020-08-26,Netherlands,NA,South Holland,3709139,204,2,18322,1341
2020-08-27,Netherlands,NA,South Holland,3709139,160,2,18482,1343
2020-08-28,Netherlands,NA,South Holland,3709139,154,0,18636,1343
2020-08-29,Netherlands,NA,South Holland,3709139,138,1,18774,1344
2020-08-30,Netherlands,NA,South Holland,3709139,206,0,18980,1344
2020-08-31,Netherlands,NA,South Holland,3709139,165,0,19145,1344
2020-09-01,Netherlands,NA,South Holland,3709139,176,2,19321,1346
2020-09-02,Netherlands,NA,South Holland,3709139,287,2,19608,1348
2020-09-03,Netherlands,NA,South Holland,3709139,248,0,19856,1348
2020-09-04,Netherlands,NA,South Holland,3709139,278,0,20134,1348
2020-09-05,Netherlands,NA,South Holland,3709139,196,3,20330,1350
2020-09-06,Netherlands,NA,South Holland,3709139,373,0,20703,1350
2020-09-07,Netherlands,NA,South Holland,3709139,257,0,20960,1350
2020-09-08,Netherlands,NA,South Holland,3709139,329,0,21289,1350
2020-09-09,Netherlands,NA,South Holland,3709139,449,2,21738,1352
2020-09-10,Netherlands,NA,South Holland,3709139,278,1,22016,1353
2020-09-11,Netherlands,NA,South Holland,3709139,529,1,22545,1354
2020-09-12,Netherlands,NA,South Holland,3709139,435,0,22980,1354
2020-09-13,Netherlands,NA,South Holland,3709139,350,0,23330,1354
2020-09-14,Netherlands,NA,South Holland,3709139,471,1,23801,1355
2020-09-15,Netherlands,NA,South Holland,3709139,457,0,24258,1355
2020-03-13,Netherlands,NA,Utrecht,1306912,0,0,83,0
2020-03-14,Netherlands,NA,Utrecht,1306912,4,0,87,0
2020-03-15,Netherlands,NA,Utrecht,1306912,22,0,109,0
2020-03-16,Netherlands,NA,Utrecht,1306912,31,0,140,0
2020-03-17,Netherlands,NA,Utrecht,1306912,33,0,173,0
2020-03-18,Netherlands,NA,Utrecht,1306912,24,1,197,1
2020-03-19,Netherlands,NA,Utrecht,1306912,40,0,237,1
2020-03-20,Netherlands,NA,Utrecht,1306912,101,1,338,2
2020-03-21,Netherlands,NA,Utrecht,1306912,0,3,338,5
2020-03-22,Netherlands,NA,Utrecht,1306912,31,1,346,6
2020-03-23,Netherlands,NA,Utrecht,1306912,57,0,403,6
2020-03-24,Netherlands,NA,Utrecht,1306912,59,4,462,10
2020-03-25,Netherlands,NA,Utrecht,1306912,89,3,551,13
2020-03-26,Netherlands,NA,Utrecht,1306912,83,5,634,18
2020-03-27,Netherlands,NA,Utrecht,1306912,89,10,723,28
2020-03-28,Netherlands,NA,Utrecht,1306912,82,4,805,32
2020-03-29,Netherlands,NA,Utrecht,1306912,83,9,888,41
2020-03-30,Netherlands,NA,Utrecht,1306912,74,1,962,42
2020-03-31,Netherlands,NA,Utrecht,1306912,62,10,1024,52
2020-04-01,Netherlands,NA,Utrecht,1306912,64,8,1088,60
2020-04-02,Netherlands,NA,Utrecht,1306912,94,15,1182,75
2020-04-03,Netherlands,NA,Utrecht,1306912,69,14,1251,89
2020-04-04,Netherlands,NA,Utrecht,1306912,60,11,1311,100
2020-04-05,Netherlands,NA,Utrecht,1306912,97,12,1408,112
2020-04-06,Netherlands,NA,Utrecht,1306912,53,9,1461,121
2020-04-07,Netherlands,NA,Utrecht,1306912,51,14,1512,135
2020-04-08,Netherlands,NA,Utrecht,1306912,72,9,1584,144
2020-04-09,Netherlands,NA,Utrecht,1306912,58,11,1642,155
2020-04-10,Netherlands,NA,Utrecht,1306912,60,9,1702,164
2020-04-11,Netherlands,NA,Utrecht,1306912,55,9,1757,173
2020-04-12,Netherlands,NA,Utrecht,1306912,76,8,1833,181
2020-04-13,Netherlands,NA,Utrecht,1306912,70,9,1903,190
2020-04-14,Netherlands,NA,Utrecht,1306912,66,17,1969,207
2020-04-15,Netherlands,NA,Utrecht,1306912,68,16,2037,223
2020-04-16,Netherlands,NA,Utrecht,1306912,65,8,2102,231
2020-04-17,Netherlands,NA,Utrecht,1306912,69,9,2171,240
2020-04-18,Netherlands,NA,Utrecht,1306912,66,10,2237,250
2020-04-19,Netherlands,NA,Utrecht,1306912,57,6,2294,256
2020-04-20,Netherlands,NA,Utrecht,1306912,46,9,2340,265
2020-04-21,Netherlands,NA,Utrecht,1306912,54,14,2394,279
2020-04-22,Netherlands,NA,Utrecht,1306912,48,8,2442,287
2020-04-23,Netherlands,NA,Utrecht,1306912,63,10,2505,297
2020-04-24,Netherlands,NA,Utrecht,1306912,67,2,2572,299
2020-04-25,Netherlands,NA,Utrecht,1306912,43,6,2615,305
2020-04-26,Netherlands,NA,Utrecht,1306912,69,4,2684,309
2020-04-27,Netherlands,NA,Utrecht,1306912,28,6,2712,315
2020-04-28,Netherlands,NA,Utrecht,1306912,25,3,2737,318
2020-04-29,Netherlands,NA,Utrecht,1306912,22,7,2759,325
2020-04-30,Netherlands,NA,Utrecht,1306912,43,10,2802,335
2020-05-01,Netherlands,NA,Utrecht,1306912,37,3,2839,338
2020-05-02,Netherlands,NA,Utrecht,1306912,30,9,2869,347
2020-05-03,Netherlands,NA,Utrecht,1306912,25,3,2894,350
2020-05-04,Netherlands,NA,Utrecht,1306912,19,1,2913,351
2020-05-05,Netherlands,NA,Utrecht,1306912,50,7,2963,358
2020-05-06,Netherlands,NA,Utrecht,1306912,6,2,2969,360
2020-05-07,Netherlands,NA,Utrecht,1306912,167,5,3136,365
2020-05-08,Netherlands,NA,Utrecht,1306912,22,5,3158,370
2020-05-09,Netherlands,NA,Utrecht,1306912,26,1,3184,371
2020-05-10,Netherlands,NA,Utrecht,1306912,25,1,3209,372
2020-05-11,Netherlands,NA,Utrecht,1306912,11,4,3220,376
2020-05-12,Netherlands,NA,Utrecht,1306912,11,2,3231,378
2020-05-13,Netherlands,NA,Utrecht,1306912,20,6,3251,384
2020-05-14,Netherlands,NA,Utrecht,1306912,21,2,3272,386
2020-05-15,Netherlands,NA,Utrecht,1306912,14,1,3286,387
2020-05-16,Netherlands,NA,Utrecht,1306912,25,2,3311,389
2020-05-17,Netherlands,NA,Utrecht,1306912,16,2,3327,391
2020-05-18,Netherlands,NA,Utrecht,1306912,17,0,3344,391
2020-05-19,Netherlands,NA,Utrecht,1306912,10,1,3354,392
2020-05-20,Netherlands,NA,Utrecht,1306912,18,3,3372,395
2020-05-21,Netherlands,NA,Utrecht,1306912,25,1,3397,396
2020-05-22,Netherlands,NA,Utrecht,1306912,23,1,3420,397
2020-05-23,Netherlands,NA,Utrecht,1306912,20,2,3440,399
2020-05-24,Netherlands,NA,Utrecht,1306912,19,1,3459,400
2020-05-25,Netherlands,NA,Utrecht,1306912,20,2,3479,402
2020-05-26,Netherlands,NA,Utrecht,1306912,11,0,3490,402
2020-05-27,Netherlands,NA,Utrecht,1306912,24,0,3514,402
2020-05-28,Netherlands,NA,Utrecht,1306912,21,3,3535,405
2020-05-29,Netherlands,NA,Utrecht,1306912,23,3,3558,408
2020-05-30,Netherlands,NA,Utrecht,1306912,13,2,3571,410
2020-05-31,Netherlands,NA,Utrecht,1306912,37,0,3608,410
2020-06-01,Netherlands,NA,Utrecht,1306912,16,3,3624,413
2020-06-02,Netherlands,NA,Utrecht,1306912,21,0,3645,413
2020-06-03,Netherlands,NA,Utrecht,1306912,13,1,3658,414
2020-06-04,Netherlands,NA,Utrecht,1306912,30,1,3688,415
2020-06-05,Netherlands,NA,Utrecht,1306912,27,3,3715,418
2020-06-06,Netherlands,NA,Utrecht,1306912,18,0,3733,418
2020-06-07,Netherlands,NA,Utrecht,1306912,19,1,3752,419
2020-06-08,Netherlands,NA,Utrecht,1306912,13,0,3765,419
2020-06-09,Netherlands,NA,Utrecht,1306912,17,0,3782,419
2020-06-10,Netherlands,NA,Utrecht,1306912,23,0,3805,419
2020-06-11,Netherlands,NA,Utrecht,1306912,14,2,3819,421
2020-06-12,Netherlands,NA,Utrecht,1306912,21,2,3840,423
2020-06-13,Netherlands,NA,Utrecht,1306912,10,0,3850,423
2020-06-14,Netherlands,NA,Utrecht,1306912,12,0,3862,423
2020-06-15,Netherlands,NA,Utrecht,1306912,17,1,3879,424
2020-06-16,Netherlands,NA,Utrecht,1306912,18,0,3897,424
2020-06-17,Netherlands,NA,Utrecht,1306912,12,0,3909,424
2020-06-18,Netherlands,NA,Utrecht,1306912,3,0,3912,424
2020-06-19,Netherlands,NA,Utrecht,1306912,8,0,3920,424
2020-06-20,Netherlands,NA,Utrecht,1306912,8,0,3928,424
2020-06-21,Netherlands,NA,Utrecht,1306912,14,0,3942,424
2020-06-22,Netherlands,NA,Utrecht,1306912,7,0,3949,424
2020-06-23,Netherlands,NA,Utrecht,1306912,10,1,3959,425
2020-06-24,Netherlands,NA,Utrecht,1306912,5,0,3964,425
2020-06-25,Netherlands,NA,Utrecht,1306912,17,0,3981,425
2020-06-26,Netherlands,NA,Utrecht,1306912,9,0,3990,425
2020-06-27,Netherlands,NA,Utrecht,1306912,6,1,3996,426
2020-06-28,Netherlands,NA,Utrecht,1306912,8,0,4004,426
2020-06-29,Netherlands,NA,Utrecht,1306912,9,0,4013,426
2020-06-30,Netherlands,NA,Utrecht,1306912,5,0,4018,426
2020-07-01,Netherlands,NA,Utrecht,1306912,4,0,4022,426
2020-07-02,Netherlands,NA,Utrecht,1306912,1,0,4023,426
2020-07-03,Netherlands,NA,Utrecht,1306912,2,1,4025,427
2020-07-04,Netherlands,NA,Utrecht,1306912,11,0,4036,427
2020-07-05,Netherlands,NA,Utrecht,1306912,13,1,4049,428
2020-07-06,Netherlands,NA,Utrecht,1306912,6,0,4055,428
2020-07-07,Netherlands,NA,Utrecht,1306912,3,1,4058,429
2020-07-08,Netherlands,NA,Utrecht,1306912,0,0,4058,429
2020-07-09,Netherlands,NA,Utrecht,1306912,12,1,4070,430
2020-07-10,Netherlands,NA,Utrecht,1306912,0,0,4070,430
2020-07-11,Netherlands,NA,Utrecht,1306912,9,0,4076,430
2020-07-12,Netherlands,NA,Utrecht,1306912,7,0,4083,430
2020-07-13,Netherlands,NA,Utrecht,1306912,9,0,4092,430
2020-07-14,Netherlands,NA,Utrecht,1306912,8,0,4100,430
2020-07-15,Netherlands,NA,Utrecht,1306912,14,0,4114,430
2020-07-16,Netherlands,NA,Utrecht,1306912,14,1,4128,430
2020-07-17,Netherlands,NA,Utrecht,1306912,9,0,4137,430
2020-07-18,Netherlands,NA,Utrecht,1306912,10,0,4147,430
2020-07-19,Netherlands,NA,Utrecht,1306912,15,0,4162,430
2020-07-20,Netherlands,NA,Utrecht,1306912,24,0,4186,430
2020-07-21,Netherlands,NA,Utrecht,1306912,10,0,4196,430
2020-07-22,Netherlands,NA,Utrecht,1306912,13,0,4209,430
2020-07-23,Netherlands,NA,Utrecht,1306912,16,0,4225,430
2020-07-24,Netherlands,NA,Utrecht,1306912,4,0,4229,430
2020-07-25,Netherlands,NA,Utrecht,1306912,19,0,4248,430
2020-07-26,Netherlands,NA,Utrecht,1306912,16,0,4264,430
2020-07-27,Netherlands,NA,Utrecht,1306912,9,0,4273,430
2020-07-28,Netherlands,NA,Utrecht,1306912,10,1,4283,430
2020-07-29,Netherlands,NA,Utrecht,1306912,24,0,4307,430
2020-07-30,Netherlands,NA,Utrecht,1306912,23,0,4330,430
2020-07-31,Netherlands,NA,Utrecht,1306912,36,0,4366,430
2020-08-01,Netherlands,NA,Utrecht,1306912,22,0,4388,430
2020-08-02,Netherlands,NA,Utrecht,1306912,24,0,4412,430
2020-08-03,Netherlands,NA,Utrecht,1306912,17,0,4429,430
2020-08-04,Netherlands,NA,Utrecht,1306912,26,1,4455,431
2020-08-05,Netherlands,NA,Utrecht,1306912,25,1,4480,432
2020-08-06,Netherlands,NA,Utrecht,1306912,51,0,4531,432
2020-08-07,Netherlands,NA,Utrecht,1306912,51,0,4582,432
2020-08-08,Netherlands,NA,Utrecht,1306912,36,0,4618,432
2020-08-09,Netherlands,NA,Utrecht,1306912,34,0,4652,432
2020-08-10,Netherlands,NA,Utrecht,1306912,33,0,4685,432
2020-08-11,Netherlands,NA,Utrecht,1306912,43,0,4728,432
2020-08-12,Netherlands,NA,Utrecht,1306912,44,0,4772,432
2020-08-13,Netherlands,NA,Utrecht,1306912,51,0,4823,432
2020-08-14,Netherlands,NA,Utrecht,1306912,36,0,4859,432
2020-08-15,Netherlands,NA,Utrecht,1306912,29,0,4888,432
2020-08-16,Netherlands,NA,Utrecht,1306912,35,0,4923,432
2020-08-17,Netherlands,NA,Utrecht,1306912,31,0,4954,432
2020-08-18,Netherlands,NA,Utrecht,1306912,23,0,4977,432
2020-08-19,Netherlands,NA,Utrecht,1306912,45,0,5022,432
2020-08-20,Netherlands,NA,Utrecht,1306912,33,0,5055,432
2020-08-21,Netherlands,NA,Utrecht,1306912,35,0,5090,432
2020-08-22,Netherlands,NA,Utrecht,1306912,48,0,5138,432
2020-08-23,Netherlands,NA,Utrecht,1306912,32,0,5170,432
2020-08-24,Netherlands,NA,Utrecht,1306912,35,0,5205,432
2020-08-25,Netherlands,NA,Utrecht,1306912,24,0,5229,432
2020-08-26,Netherlands,NA,Utrecht,1306912,38,1,5267,433
2020-08-27,Netherlands,NA,Utrecht,1306912,49,0,5316,433
2020-08-28,Netherlands,NA,Utrecht,1306912,34,1,5350,434
2020-08-29,Netherlands,NA,Utrecht,1306912,38,1,5388,435
2020-08-30,Netherlands,NA,Utrecht,1306912,50,0,5438,435
2020-08-31,Netherlands,NA,Utrecht,1306912,49,0,5487,435
2020-09-01,Netherlands,NA,Utrecht,1306912,37,1,5524,436
2020-09-02,Netherlands,NA,Utrecht,1306912,70,0,5594,436
2020-09-03,Netherlands,NA,Utrecht,1306912,32,0,5626,436
2020-09-04,Netherlands,NA,Utrecht,1306912,73,0,5699,436
2020-09-05,Netherlands,NA,Utrecht,1306912,66,1,5765,437
2020-09-06,Netherlands,NA,Utrecht,1306912,71,0,5836,437
2020-09-07,Netherlands,NA,Utrecht,1306912,85,0,5921,437
2020-09-08,Netherlands,NA,Utrecht,1306912,97,0,6018,437
2020-09-09,Netherlands,NA,Utrecht,1306912,102,0,6120,437
2020-09-10,Netherlands,NA,Utrecht,1306912,45,0,6165,437
2020-09-11,Netherlands,NA,Utrecht,1306912,97,0,6262,437
2020-09-12,Netherlands,NA,Utrecht,1306912,110,0,6372,437
2020-09-13,Netherlands,NA,Utrecht,1306912,67,0,6439,437
2020-09-14,Netherlands,NA,Utrecht,1306912,108,0,6547,437
2020-09-15,Netherlands,NA,Utrecht,1306912,112,0,6659,437
2020-03-15,Netherlands,NA,Zeeland,383032,2,0,12,0
2020-03-16,Netherlands,NA,Zeeland,383032,5,0,17,0
2020-03-17,Netherlands,NA,Zeeland,383032,3,0,20,0
2020-03-18,Netherlands,NA,Zeeland,383032,6,0,26,0
2020-03-19,Netherlands,NA,Zeeland,383032,5,0,31,0
2020-03-20,Netherlands,NA,Zeeland,383032,13,0,44,0
2020-03-21,Netherlands,NA,Zeeland,383032,2,1,46,1
2020-03-22,Netherlands,NA,Zeeland,383032,2,2,48,3
2020-03-23,Netherlands,NA,Zeeland,383032,6,0,54,3
2020-03-24,Netherlands,NA,Zeeland,383032,8,1,62,4
2020-03-25,Netherlands,NA,Zeeland,383032,14,1,76,5
2020-03-26,Netherlands,NA,Zeeland,383032,14,0,90,5
2020-03-27,Netherlands,NA,Zeeland,383032,18,0,108,5
2020-03-28,Netherlands,NA,Zeeland,383032,12,2,120,7
2020-03-29,Netherlands,NA,Zeeland,383032,13,1,133,8
2020-03-30,Netherlands,NA,Zeeland,383032,14,2,147,10
2020-03-31,Netherlands,NA,Zeeland,383032,13,2,160,12
2020-04-01,Netherlands,NA,Zeeland,383032,17,2,177,14
2020-04-02,Netherlands,NA,Zeeland,383032,16,2,193,16
2020-04-03,Netherlands,NA,Zeeland,383032,23,6,216,22
2020-04-04,Netherlands,NA,Zeeland,383032,19,3,235,25
2020-04-05,Netherlands,NA,Zeeland,383032,7,1,242,26
2020-04-06,Netherlands,NA,Zeeland,383032,37,0,279,26
2020-04-07,Netherlands,NA,Zeeland,383032,30,2,309,28
2020-04-08,Netherlands,NA,Zeeland,383032,19,6,328,34
2020-04-09,Netherlands,NA,Zeeland,383032,30,0,358,34
2020-04-10,Netherlands,NA,Zeeland,383032,26,0,384,34
2020-04-11,Netherlands,NA,Zeeland,383032,27,2,411,36
2020-04-12,Netherlands,NA,Zeeland,383032,15,1,426,37
2020-04-13,Netherlands,NA,Zeeland,383032,26,1,452,38
2020-04-14,Netherlands,NA,Zeeland,383032,18,1,470,39
2020-04-15,Netherlands,NA,Zeeland,383032,5,3,475,42
2020-04-16,Netherlands,NA,Zeeland,383032,2,2,477,44
2020-04-17,Netherlands,NA,Zeeland,383032,20,1,497,45
2020-04-18,Netherlands,NA,Zeeland,383032,11,0,508,45
2020-04-19,Netherlands,NA,Zeeland,383032,13,0,521,45
2020-04-20,Netherlands,NA,Zeeland,383032,7,0,528,45
2020-04-21,Netherlands,NA,Zeeland,383032,4,0,532,45
2020-04-22,Netherlands,NA,Zeeland,383032,8,3,540,48
2020-04-23,Netherlands,NA,Zeeland,383032,14,1,554,49
2020-04-24,Netherlands,NA,Zeeland,383032,3,1,557,50
2020-04-25,Netherlands,NA,Zeeland,383032,3,0,560,50
2020-04-26,Netherlands,NA,Zeeland,383032,4,1,564,51
2020-04-27,Netherlands,NA,Zeeland,383032,2,0,566,51
2020-04-28,Netherlands,NA,Zeeland,383032,10,0,576,51
2020-04-29,Netherlands,NA,Zeeland,383032,1,1,577,52
2020-04-30,Netherlands,NA,Zeeland,383032,3,0,580,52
2020-05-01,Netherlands,NA,Zeeland,383032,3,0,583,52
2020-05-02,Netherlands,NA,Zeeland,383032,3,0,586,52
2020-05-03,Netherlands,NA,Zeeland,383032,2,0,588,52
2020-05-04,Netherlands,NA,Zeeland,383032,5,1,593,53
2020-05-05,Netherlands,NA,Zeeland,383032,2,0,595,53
2020-05-06,Netherlands,NA,Zeeland,383032,12,0,607,53
2020-05-07,Netherlands,NA,Zeeland,383032,8,1,615,54
2020-05-08,Netherlands,NA,Zeeland,383032,5,3,620,57
2020-05-09,Netherlands,NA,Zeeland,383032,1,1,621,58
2020-05-10,Netherlands,NA,Zeeland,383032,3,0,624,58
2020-05-11,Netherlands,NA,Zeeland,383032,2,0,626,58
2020-05-12,Netherlands,NA,Zeeland,383032,1,1,627,59
2020-05-13,Netherlands,NA,Zeeland,383032,1,3,628,62
2020-05-14,Netherlands,NA,Zeeland,383032,2,0,630,62
2020-05-15,Netherlands,NA,Zeeland,383032,4,0,634,62
2020-05-16,Netherlands,NA,Zeeland,383032,0,0,634,62
2020-05-17,Netherlands,NA,Zeeland,383032,1,0,635,62
2020-05-18,Netherlands,NA,Zeeland,383032,4,1,639,63
2020-05-19,Netherlands,NA,Zeeland,383032,1,0,640,63
2020-05-20,Netherlands,NA,Zeeland,383032,3,0,643,63
2020-05-21,Netherlands,NA,Zeeland,383032,8,0,651,63
2020-05-22,Netherlands,NA,Zeeland,383032,2,1,653,64
2020-05-23,Netherlands,NA,Zeeland,383032,4,1,657,65
2020-05-24,Netherlands,NA,Zeeland,383032,4,0,661,65
2020-05-25,Netherlands,NA,Zeeland,383032,6,0,667,65
2020-05-26,Netherlands,NA,Zeeland,383032,1,0,668,65
2020-05-27,Netherlands,NA,Zeeland,383032,3,0,671,65
2020-05-28,Netherlands,NA,Zeeland,383032,3,0,674,65
2020-05-29,Netherlands,NA,Zeeland,383032,12,0,686,65
2020-05-30,Netherlands,NA,Zeeland,383032,1,0,687,65
2020-05-31,Netherlands,NA,Zeeland,383032,5,1,692,66
2020-06-01,Netherlands,NA,Zeeland,383032,1,0,693,66
2020-06-02,Netherlands,NA,Zeeland,383032,4,0,697,66
2020-06-03,Netherlands,NA,Zeeland,383032,2,0,699,66
2020-06-04,Netherlands,NA,Zeeland,383032,6,1,705,67
2020-06-05,Netherlands,NA,Zeeland,383032,3,0,708,67
2020-06-06,Netherlands,NA,Zeeland,383032,1,0,709,67
2020-06-07,Netherlands,NA,Zeeland,383032,2,0,711,67
2020-06-08,Netherlands,NA,Zeeland,383032,0,0,711,67
2020-06-09,Netherlands,NA,Zeeland,383032,0,1,711,68
2020-06-10,Netherlands,NA,Zeeland,383032,5,0,716,68
2020-06-11,Netherlands,NA,Zeeland,383032,1,0,717,68
2020-06-12,Netherlands,NA,Zeeland,383032,1,0,718,68
2020-06-13,Netherlands,NA,Zeeland,383032,3,0,721,68
2020-06-14,Netherlands,NA,Zeeland,383032,1,0,722,68
2020-06-15,Netherlands,NA,Zeeland,383032,2,0,724,68
2020-06-16,Netherlands,NA,Zeeland,383032,0,0,724,68
2020-06-17,Netherlands,NA,Zeeland,383032,0,0,724,68
2020-06-18,Netherlands,NA,Zeeland,383032,2,0,726,68
2020-06-19,Netherlands,NA,Zeeland,383032,0,0,726,68
2020-06-20,Netherlands,NA,Zeeland,383032,1,0,727,68
2020-06-21,Netherlands,NA,Zeeland,383032,0,0,727,68
2020-06-22,Netherlands,NA,Zeeland,383032,1,0,728,68
2020-06-23,Netherlands,NA,Zeeland,383032,1,0,729,68
2020-06-24,Netherlands,NA,Zeeland,383032,1,0,730,68
2020-06-25,Netherlands,NA,Zeeland,383032,1,0,731,68
2020-06-26,Netherlands,NA,Zeeland,383032,1,0,732,68
2020-06-27,Netherlands,NA,Zeeland,383032,0,0,732,68
2020-06-28,Netherlands,NA,Zeeland,383032,0,0,732,68
2020-06-29,Netherlands,NA,Zeeland,383032,0,0,732,68
2020-06-30,Netherlands,NA,Zeeland,383032,0,1,732,69
2020-07-01,Netherlands,NA,Zeeland,383032,0,0,732,69
2020-07-02,Netherlands,NA,Zeeland,383032,2,0,734,69
2020-07-03,Netherlands,NA,Zeeland,383032,1,0,735,69
2020-07-04,Netherlands,NA,Zeeland,383032,1,0,736,69
2020-07-05,Netherlands,NA,Zeeland,383032,3,0,739,69
2020-07-06,Netherlands,NA,Zeeland,383032,0,0,739,69
2020-07-07,Netherlands,NA,Zeeland,383032,0,0,739,69
2020-07-08,Netherlands,NA,Zeeland,383032,1,0,740,69
2020-07-09,Netherlands,NA,Zeeland,383032,0,0,740,69
2020-07-10,Netherlands,NA,Zeeland,383032,0,0,740,69
2020-07-11,Netherlands,NA,Zeeland,383032,2,0,742,69
2020-07-12,Netherlands,NA,Zeeland,383032,0,0,742,69
2020-07-13,Netherlands,NA,Zeeland,383032,2,0,744,69
2020-07-14,Netherlands,NA,Zeeland,383032,7,0,751,69
2020-07-15,Netherlands,NA,Zeeland,383032,8,0,759,69
2020-07-16,Netherlands,NA,Zeeland,383032,6,0,765,69
2020-07-17,Netherlands,NA,Zeeland,383032,6,0,771,69
2020-07-18,Netherlands,NA,Zeeland,383032,14,0,785,69
2020-07-19,Netherlands,NA,Zeeland,383032,6,0,791,69
2020-07-20,Netherlands,NA,Zeeland,383032,6,0,797,69
2020-07-21,Netherlands,NA,Zeeland,383032,3,0,800,69
2020-07-22,Netherlands,NA,Zeeland,383032,3,0,803,69
2020-07-23,Netherlands,NA,Zeeland,383032,6,0,809,69
2020-07-24,Netherlands,NA,Zeeland,383032,6,0,815,69
2020-07-25,Netherlands,NA,Zeeland,383032,7,0,822,69
2020-07-26,Netherlands,NA,Zeeland,383032,5,0,827,69
2020-07-27,Netherlands,NA,Zeeland,383032,8,0,835,69
2020-07-28,Netherlands,NA,Zeeland,383032,8,0,843,69
2020-07-29,Netherlands,NA,Zeeland,383032,8,0,851,69
2020-07-30,Netherlands,NA,Zeeland,383032,8,0,859,69
2020-07-31,Netherlands,NA,Zeeland,383032,4,0,863,69
2020-08-01,Netherlands,NA,Zeeland,383032,4,0,867,69
2020-08-02,Netherlands,NA,Zeeland,383032,5,0,872,69
2020-08-03,Netherlands,NA,Zeeland,383032,8,0,880,69
2020-08-04,Netherlands,NA,Zeeland,383032,10,0,890,69
2020-08-05,Netherlands,NA,Zeeland,383032,6,0,896,69
2020-08-06,Netherlands,NA,Zeeland,383032,5,0,901,69
2020-08-07,Netherlands,NA,Zeeland,383032,4,0,905,69
2020-08-08,Netherlands,NA,Zeeland,383032,7,0,912,69
2020-08-09,Netherlands,NA,Zeeland,383032,6,0,918,69
2020-08-10,Netherlands,NA,Zeeland,383032,0,0,918,69
2020-08-11,Netherlands,NA,Zeeland,383032,26,0,944,69
2020-08-12,Netherlands,NA,Zeeland,383032,6,0,950,69
2020-08-13,Netherlands,NA,Zeeland,383032,4,0,954,69
2020-08-14,Netherlands,NA,Zeeland,383032,3,0,957,69
2020-08-15,Netherlands,NA,Zeeland,383032,5,0,962,69
2020-08-16,Netherlands,NA,Zeeland,383032,5,0,967,69
2020-08-17,Netherlands,NA,Zeeland,383032,1,0,968,69
2020-08-18,Netherlands,NA,Zeeland,383032,3,0,971,69
2020-08-19,Netherlands,NA,Zeeland,383032,9,0,980,69
2020-08-20,Netherlands,NA,Zeeland,383032,7,0,987,69
2020-08-21,Netherlands,NA,Zeeland,383032,6,0,993,69
2020-08-22,Netherlands,NA,Zeeland,383032,15,0,1008,69
2020-08-23,Netherlands,NA,Zeeland,383032,9,0,1017,69
2020-08-24,Netherlands,NA,Zeeland,383032,5,0,1022,69
2020-08-25,Netherlands,NA,Zeeland,383032,2,1,1024,70
2020-08-26,Netherlands,NA,Zeeland,383032,1,2,1025,72
2020-08-27,Netherlands,NA,Zeeland,383032,7,0,1032,72
2020-08-28,Netherlands,NA,Zeeland,383032,4,0,1036,72
2020-08-29,Netherlands,NA,Zeeland,383032,12,0,1048,72
2020-08-30,Netherlands,NA,Zeeland,383032,3,0,1051,72
2020-08-31,Netherlands,NA,Zeeland,383032,3,0,1054,72
2020-09-01,Netherlands,NA,Zeeland,383032,0,0,1054,72
2020-09-02,Netherlands,NA,Zeeland,383032,2,0,1056,72
2020-09-03,Netherlands,NA,Zeeland,383032,3,0,1059,72
2020-09-04,Netherlands,NA,Zeeland,383032,6,0,1065,72
2020-09-05,Netherlands,NA,Zeeland,383032,10,0,1075,72
2020-09-06,Netherlands,NA,Zeeland,383032,12,0,1087,72
2020-09-07,Netherlands,NA,Zeeland,383032,3,0,1090,72
2020-09-08,Netherlands,NA,Zeeland,383032,7,0,1097,72
2020-09-09,Netherlands,NA,Zeeland,383032,4,0,1101,72
2020-09-10,Netherlands,NA,Zeeland,383032,0,0,1101,72
2020-09-11,Netherlands,NA,Zeeland,383032,14,0,1115,72
2020-09-12,Netherlands,NA,Zeeland,383032,10,0,1125,72
2020-09-13,Netherlands,NA,Zeeland,383032,10,0,1135,72
2020-09-14,Netherlands,NA,Zeeland,383032,4,0,1139,72
2020-09-15,Netherlands,NA,Zeeland,383032,8,0,1147,72
2020-04-08,Peru,NA,Amazonas,379384,5,0,14,0
2020-04-09,Peru,NA,Amazonas,379384,5,0,19,0
2020-04-12,Peru,NA,Amazonas,379384,8,0,27,0
2020-04-14,Peru,NA,Amazonas,379384,8,0,35,0
2020-04-15,Peru,NA,Amazonas,379384,11,0,46,0
2020-04-16,Peru,NA,Amazonas,379384,3,0,49,0
2020-04-17,Peru,NA,Amazonas,379384,1,0,50,0
2020-04-18,Peru,NA,Amazonas,379384,3,0,53,0
2020-04-19,Peru,NA,Amazonas,379384,1,0,54,0
2020-04-20,Peru,NA,Amazonas,379384,3,0,57,0
2020-04-21,Peru,NA,Amazonas,379384,7,0,64,0
2020-04-22,Peru,NA,Amazonas,379384,2,0,66,0
2020-04-23,Peru,NA,Amazonas,379384,2,0,68,0
2020-04-24,Peru,NA,Amazonas,379384,6,0,74,0
2020-04-25,Peru,NA,Amazonas,379384,9,0,83,0
2020-04-26,Peru,NA,Amazonas,379384,8,0,91,0
2020-04-27,Peru,NA,Amazonas,379384,14,0,105,0
2020-04-28,Peru,NA,Amazonas,379384,9,0,114,0
2020-04-29,Peru,NA,Amazonas,379384,14,0,128,0
2020-04-30,Peru,NA,Amazonas,379384,37,0,165,0
2020-05-01,Peru,NA,Amazonas,379384,85,1,250,1
2020-05-02,Peru,NA,Amazonas,379384,50,0,300,1
2020-05-03,Peru,NA,Amazonas,379384,2,1,302,2
2020-05-04,Peru,NA,Amazonas,379384,26,1,328,3
2020-05-05,Peru,NA,Amazonas,379384,12,2,340,5
2020-05-06,Peru,NA,Amazonas,379384,11,2,351,7
2020-05-07,Peru,NA,Amazonas,379384,9,0,360,7
2020-05-08,Peru,NA,Amazonas,379384,20,0,380,7
2020-05-09,Peru,NA,Amazonas,379384,4,1,384,8
2020-05-10,Peru,NA,Amazonas,379384,0,3,384,11
2020-05-11,Peru,NA,Amazonas,379384,12,1,396,12
2020-05-12,Peru,NA,Amazonas,379384,11,0,407,12
2020-05-13,Peru,NA,Amazonas,379384,8,2,415,14
2020-05-14,Peru,NA,Amazonas,379384,3,1,418,15
2020-05-15,Peru,NA,Amazonas,379384,23,1,441,16
2020-05-16,Peru,NA,Amazonas,379384,32,2,473,18
2020-05-17,Peru,NA,Amazonas,379384,1,1,474,19
2020-05-18,Peru,NA,Amazonas,379384,20,1,494,20
2020-05-19,Peru,NA,Amazonas,379384,30,1,524,21
2020-05-20,Peru,NA,Amazonas,379384,12,1,536,22
2020-05-21,Peru,NA,Amazonas,379384,54,1,590,23
2020-05-22,Peru,NA,Amazonas,379384,25,0,615,23
2020-05-23,Peru,NA,Amazonas,379384,8,0,623,23
2020-05-24,Peru,NA,Amazonas,379384,5,0,628,23
2020-05-25,Peru,NA,Amazonas,379384,50,0,678,23
2020-05-26,Peru,NA,Amazonas,379384,22,0,700,23
2020-05-27,Peru,NA,Amazonas,379384,19,1,719,24
2020-05-28,Peru,NA,Amazonas,379384,25,2,744,26
2020-05-29,Peru,NA,Amazonas,379384,13,0,757,26
2020-05-30,Peru,NA,Amazonas,379384,13,0,770,26
2020-05-31,Peru,NA,Amazonas,379384,12,0,782,26
2020-06-01,Peru,NA,Amazonas,379384,14,2,796,28
2020-06-02,Peru,NA,Amazonas,379384,14,2,810,30
2020-06-03,Peru,NA,Amazonas,379384,35,6,845,36
2020-06-04,Peru,NA,Amazonas,379384,36,4,881,40
2020-06-05,Peru,NA,Amazonas,379384,49,0,930,40
2020-06-06,Peru,NA,Amazonas,379384,37,1,967,41
2020-06-07,Peru,NA,Amazonas,379384,12,0,979,41
2020-06-08,Peru,NA,Amazonas,379384,58,2,1037,43
2020-06-09,Peru,NA,Amazonas,379384,75,2,1112,45
2020-06-10,Peru,NA,Amazonas,379384,60,0,1172,45
2020-06-11,Peru,NA,Amazonas,379384,44,1,1216,46
2020-06-12,Peru,NA,Amazonas,379384,71,3,1287,49
2020-06-13,Peru,NA,Amazonas,379384,67,1,1354,50
2020-06-14,Peru,NA,Amazonas,379384,16,1,1370,51
2020-06-15,Peru,NA,Amazonas,379384,199,4,1569,55
2020-06-16,Peru,NA,Amazonas,379384,58,3,1627,58
2020-06-17,Peru,NA,Amazonas,379384,62,3,1689,61
2020-06-18,Peru,NA,Amazonas,379384,35,3,1724,64
2020-06-19,Peru,NA,Amazonas,379384,79,1,1803,65
2020-06-20,Peru,NA,Amazonas,379384,45,2,1848,67
2020-06-21,Peru,NA,Amazonas,379384,13,5,1861,72
2020-06-22,Peru,NA,Amazonas,379384,45,1,1906,73
2020-06-23,Peru,NA,Amazonas,379384,45,0,1951,73
2020-06-24,Peru,NA,Amazonas,379384,174,4,2125,77
2020-06-25,Peru,NA,Amazonas,379384,59,3,2184,80
2020-06-26,Peru,NA,Amazonas,379384,52,6,2236,86
2020-06-27,Peru,NA,Amazonas,379384,55,5,2291,91
2020-06-28,Peru,NA,Amazonas,379384,28,5,2319,96
2020-06-29,Peru,NA,Amazonas,379384,29,6,2348,102
2020-06-30,Peru,NA,Amazonas,379384,101,3,2449,105
2020-07-01,Peru,NA,Amazonas,379384,72,2,2521,107
2020-07-02,Peru,NA,Amazonas,379384,72,2,2593,109
2020-07-03,Peru,NA,Amazonas,379384,206,3,2799,112
2020-07-04,Peru,NA,Amazonas,379384,84,3,2883,115
2020-07-05,Peru,NA,Amazonas,379384,23,3,2906,118
2020-07-06,Peru,NA,Amazonas,379384,145,5,3051,123
2020-07-07,Peru,NA,Amazonas,379384,121,1,3172,124
2020-07-08,Peru,NA,Amazonas,379384,121,0,3293,124
2020-07-09,Peru,NA,Amazonas,379384,68,2,3361,126
2020-07-10,Peru,NA,Amazonas,379384,78,6,3439,132
2020-07-11,Peru,NA,Amazonas,379384,92,3,3531,135
2020-07-12,Peru,NA,Amazonas,379384,90,1,3621,136
2020-07-13,Peru,NA,Amazonas,379384,85,3,3706,139
2020-07-14,Peru,NA,Amazonas,379384,119,1,3825,140
2020-07-15,Peru,NA,Amazonas,379384,85,4,3910,144
2020-07-16,Peru,NA,Amazonas,379384,116,0,4026,144
2020-07-17,Peru,NA,Amazonas,379384,332,0,4358,144
2020-07-18,Peru,NA,Amazonas,379384,156,2,4514,146
2020-07-19,Peru,NA,Amazonas,379384,47,4,4561,150
2020-07-20,Peru,NA,Amazonas,379384,145,2,4706,152
2020-07-21,Peru,NA,Amazonas,379384,106,1,4812,153
2020-07-22,Peru,NA,Amazonas,379384,151,3,4963,156
2020-07-23,Peru,NA,Amazonas,379384,215,2,5178,158
2020-07-24,Peru,NA,Amazonas,379384,323,2,5501,160
2020-07-25,Peru,NA,Amazonas,379384,215,4,5716,164
2020-07-26,Peru,NA,Amazonas,379384,49,2,5765,166
2020-07-27,Peru,NA,Amazonas,379384,189,1,5954,167
2020-07-28,Peru,NA,Amazonas,379384,63,0,6017,167
2020-07-29,Peru,NA,Amazonas,379384,146,1,6163,168
2020-07-30,Peru,NA,Amazonas,379384,135,1,6298,169
2020-07-31,Peru,NA,Amazonas,379384,169,2,6467,171
2020-08-01,Peru,NA,Amazonas,379384,250,1,6717,172
2020-08-02,Peru,NA,Amazonas,379384,46,1,6763,173
2020-08-03,Peru,NA,Amazonas,379384,151,1,6914,174
2020-08-04,Peru,NA,Amazonas,379384,191,1,7105,175
2020-08-05,Peru,NA,Amazonas,379384,150,0,7255,175
2020-08-06,Peru,NA,Amazonas,379384,227,0,7482,175
2020-08-07,Peru,NA,Amazonas,379384,148,2,7630,177
2020-08-08,Peru,NA,Amazonas,379384,133,0,7763,177
2020-08-09,Peru,NA,Amazonas,379384,13,3,7776,180
2020-08-10,Peru,NA,Amazonas,379384,228,4,8004,184
2020-08-11,Peru,NA,Amazonas,379384,183,1,8187,185
2020-08-12,Peru,NA,Amazonas,379384,179,0,8366,185
2020-08-13,Peru,NA,Amazonas,379384,265,1,8631,186
2020-08-14,Peru,NA,Amazonas,379384,250,0,8881,186
2020-08-15,Peru,NA,Amazonas,379384,91,0,8972,186
2020-08-16,Peru,NA,Amazonas,379384,40,0,9012,186
2020-08-17,Peru,NA,Amazonas,379384,191,0,9203,186
2020-08-18,Peru,NA,Amazonas,379384,148,0,9351,186
2020-08-19,Peru,NA,Amazonas,379384,228,0,9579,186
2020-08-20,Peru,NA,Amazonas,379384,250,0,9829,186
2020-08-21,Peru,NA,Amazonas,379384,200,2,10029,188
2020-08-22,Peru,NA,Amazonas,379384,165,0,10194,188
2020-08-23,Peru,NA,Amazonas,379384,39,0,10233,188
2020-08-24,Peru,NA,Amazonas,379384,174,2,10407,190
2020-08-25,Peru,NA,Amazonas,379384,314,0,10721,190
2020-08-26,Peru,NA,Amazonas,379384,188,0,10909,190
2020-08-27,Peru,NA,Amazonas,379384,204,0,11113,190
2020-08-28,Peru,NA,Amazonas,379384,104,0,11217,190
2020-08-29,Peru,NA,Amazonas,379384,107,0,11324,190
2020-08-30,Peru,NA,Amazonas,379384,18,1,11342,191
2020-08-31,Peru,NA,Amazonas,379384,93,0,11435,191
2020-09-01,Peru,NA,Amazonas,379384,91,1,11526,192
2020-09-02,Peru,NA,Amazonas,379384,74,0,11600,192
2020-09-03,Peru,NA,Amazonas,379384,41,0,11641,192
2020-09-04,Peru,NA,Amazonas,379384,247,0,11888,192
2020-09-05,Peru,NA,Amazonas,379384,23,2,11911,194
2020-09-06,Peru,NA,Amazonas,379384,30,3,11941,197
2020-09-07,Peru,NA,Amazonas,379384,88,2,12029,199
2020-09-08,Peru,NA,Amazonas,379384,149,1,12178,200
2020-09-09,Peru,NA,Amazonas,379384,85,2,12263,202
2020-09-10,Peru,NA,Amazonas,379384,20,0,12283,202
2020-09-11,Peru,NA,Amazonas,379384,137,0,12420,202
2020-09-12,Peru,NA,Amazonas,379384,90,1,12510,203
2020-09-13,Peru,NA,Amazonas,379384,14,0,12524,203
2020-03-29,Peru,NA,Ancash,1083519,5,0,11,1
2020-03-31,Peru,NA,Ancash,1083519,2,0,13,1
2020-04-02,Peru,NA,Ancash,1083519,2,0,15,1
2020-04-04,Peru,NA,Ancash,1083519,9,0,24,1
2020-04-05,Peru,NA,Ancash,1083519,7,1,31,2
2020-04-06,Peru,NA,Ancash,1083519,13,0,44,2
2020-04-07,Peru,NA,Ancash,1083519,26,3,70,5
2020-04-08,Peru,NA,Ancash,1083519,10,2,80,7
2020-04-09,Peru,NA,Ancash,1083519,12,0,92,7
2020-04-10,Peru,NA,Ancash,1083519,16,0,108,7
2020-04-11,Peru,NA,Ancash,1083519,25,0,133,7
2020-04-12,Peru,NA,Ancash,1083519,7,2,140,9
2020-04-13,Peru,NA,Ancash,1083519,19,3,159,12
2020-04-14,Peru,NA,Ancash,1083519,28,3,187,15
2020-04-15,Peru,NA,Ancash,1083519,42,3,229,18
2020-04-16,Peru,NA,Ancash,1083519,37,3,266,21
2020-04-17,Peru,NA,Ancash,1083519,25,1,291,22
2020-04-18,Peru,NA,Ancash,1083519,56,5,347,27
2020-04-19,Peru,NA,Ancash,1083519,10,8,357,35
2020-04-20,Peru,NA,Ancash,1083519,34,4,391,39
2020-04-21,Peru,NA,Ancash,1083519,45,1,436,40
2020-04-22,Peru,NA,Ancash,1083519,30,1,466,41
2020-04-23,Peru,NA,Ancash,1083519,46,8,512,49
2020-04-24,Peru,NA,Ancash,1083519,56,7,568,56
2020-04-25,Peru,NA,Ancash,1083519,56,4,624,60
2020-04-26,Peru,NA,Ancash,1083519,12,5,636,65
2020-04-27,Peru,NA,Ancash,1083519,43,14,679,79
2020-04-28,Peru,NA,Ancash,1083519,97,2,776,81
2020-04-29,Peru,NA,Ancash,1083519,71,4,847,85
2020-04-30,Peru,NA,Ancash,1083519,108,8,955,93
2020-05-01,Peru,NA,Ancash,1083519,66,4,1021,97
2020-05-02,Peru,NA,Ancash,1083519,119,10,1140,107
2020-05-03,Peru,NA,Ancash,1083519,25,7,1165,114
2020-05-04,Peru,NA,Ancash,1083519,108,5,1273,119
2020-05-05,Peru,NA,Ancash,1083519,125,6,1398,125
2020-05-06,Peru,NA,Ancash,1083519,74,16,1472,141
2020-05-07,Peru,NA,Ancash,1083519,78,12,1550,153
2020-05-08,Peru,NA,Ancash,1083519,53,11,1603,164
2020-05-09,Peru,NA,Ancash,1083519,69,11,1672,175
2020-05-10,Peru,NA,Ancash,1083519,11,9,1683,184
2020-05-11,Peru,NA,Ancash,1083519,121,6,1804,190
2020-05-12,Peru,NA,Ancash,1083519,101,10,1905,200
2020-05-13,Peru,NA,Ancash,1083519,152,12,2057,212
2020-05-14,Peru,NA,Ancash,1083519,179,5,2236,217
2020-05-15,Peru,NA,Ancash,1083519,166,5,2402,222
2020-05-16,Peru,NA,Ancash,1083519,103,12,2505,234
2020-05-17,Peru,NA,Ancash,1083519,49,12,2554,246
2020-05-18,Peru,NA,Ancash,1083519,97,12,2651,258
2020-05-19,Peru,NA,Ancash,1083519,281,7,2932,265
2020-05-20,Peru,NA,Ancash,1083519,125,3,3057,268
2020-05-21,Peru,NA,Ancash,1083519,134,10,3191,278
2020-05-22,Peru,NA,Ancash,1083519,181,4,3372,282
2020-05-23,Peru,NA,Ancash,1083519,140,6,3512,288
2020-05-24,Peru,NA,Ancash,1083519,52,14,3564,302
2020-05-25,Peru,NA,Ancash,1083519,179,13,3743,315
2020-05-26,Peru,NA,Ancash,1083519,187,12,3930,327
2020-05-27,Peru,NA,Ancash,1083519,226,14,4156,341
2020-05-28,Peru,NA,Ancash,1083519,242,17,4398,358
2020-05-29,Peru,NA,Ancash,1083519,175,14,4573,372
2020-05-30,Peru,NA,Ancash,1083519,146,11,4719,383
2020-05-31,Peru,NA,Ancash,1083519,34,16,4753,399
2020-06-01,Peru,NA,Ancash,1083519,137,14,4890,413
2020-06-02,Peru,NA,Ancash,1083519,139,18,5029,431
2020-06-03,Peru,NA,Ancash,1083519,119,13,5148,444
2020-06-04,Peru,NA,Ancash,1083519,113,17,5261,461
2020-06-05,Peru,NA,Ancash,1083519,83,11,5344,472
2020-06-06,Peru,NA,Ancash,1083519,112,12,5456,484
2020-06-07,Peru,NA,Ancash,1083519,103,23,5559,507
2020-06-08,Peru,NA,Ancash,1083519,167,15,5726,522
2020-06-09,Peru,NA,Ancash,1083519,127,16,5853,538
2020-06-10,Peru,NA,Ancash,1083519,134,9,5987,547
2020-06-11,Peru,NA,Ancash,1083519,134,10,6121,557
2020-06-12,Peru,NA,Ancash,1083519,120,21,6241,578
2020-06-13,Peru,NA,Ancash,1083519,146,18,6387,596
2020-06-14,Peru,NA,Ancash,1083519,90,10,6477,606
2020-06-15,Peru,NA,Ancash,1083519,113,20,6590,626
2020-06-16,Peru,NA,Ancash,1083519,121,11,6711,637
2020-06-17,Peru,NA,Ancash,1083519,99,7,6810,644
2020-06-18,Peru,NA,Ancash,1083519,127,11,6937,655
2020-06-19,Peru,NA,Ancash,1083519,104,16,7041,671
2020-06-20,Peru,NA,Ancash,1083519,104,12,7145,683
2020-06-21,Peru,NA,Ancash,1083519,59,11,7204,694
2020-06-22,Peru,NA,Ancash,1083519,117,13,7321,707
2020-06-23,Peru,NA,Ancash,1083519,117,9,7438,716
2020-06-24,Peru,NA,Ancash,1083519,126,8,7564,724
2020-06-25,Peru,NA,Ancash,1083519,101,8,7665,732
2020-06-26,Peru,NA,Ancash,1083519,111,14,7776,746
2020-06-27,Peru,NA,Ancash,1083519,78,9,7854,755
2020-06-28,Peru,NA,Ancash,1083519,39,20,7893,775
2020-06-29,Peru,NA,Ancash,1083519,129,13,8022,788
2020-06-30,Peru,NA,Ancash,1083519,132,11,8154,799
2020-07-01,Peru,NA,Ancash,1083519,145,9,8299,808
2020-07-02,Peru,NA,Ancash,1083519,125,8,8424,816
2020-07-03,Peru,NA,Ancash,1083519,136,8,8560,824
2020-07-04,Peru,NA,Ancash,1083519,127,2,8687,826
2020-07-05,Peru,NA,Ancash,1083519,47,7,8734,833
2020-07-06,Peru,NA,Ancash,1083519,170,6,8904,839
2020-07-07,Peru,NA,Ancash,1083519,199,9,9103,848
2020-07-08,Peru,NA,Ancash,1083519,87,5,9190,853
2020-07-09,Peru,NA,Ancash,1083519,50,2,9240,855
2020-07-10,Peru,NA,Ancash,1083519,151,7,9391,862
2020-07-11,Peru,NA,Ancash,1083519,189,8,9580,870
2020-07-12,Peru,NA,Ancash,1083519,103,6,9683,876
2020-07-13,Peru,NA,Ancash,1083519,55,6,9738,882
2020-07-14,Peru,NA,Ancash,1083519,148,4,9886,886
2020-07-15,Peru,NA,Ancash,1083519,94,10,9980,896
2020-07-16,Peru,NA,Ancash,1083519,130,7,10110,903
2020-07-17,Peru,NA,Ancash,1083519,97,9,10207,912
2020-07-18,Peru,NA,Ancash,1083519,154,9,10361,921
2020-07-19,Peru,NA,Ancash,1083519,67,10,10428,931
2020-07-20,Peru,NA,Ancash,1083519,130,3,10558,934
2020-07-21,Peru,NA,Ancash,1083519,95,5,10653,939
2020-07-22,Peru,NA,Ancash,1083519,144,7,10797,946
2020-07-23,Peru,NA,Ancash,1083519,239,6,11036,952
2020-07-24,Peru,NA,Ancash,1083519,165,11,11201,963
2020-07-25,Peru,NA,Ancash,1083519,201,8,11402,971
2020-07-26,Peru,NA,Ancash,1083519,51,3,11453,974
2020-07-27,Peru,NA,Ancash,1083519,256,3,11709,977
2020-07-28,Peru,NA,Ancash,1083519,83,5,11792,982
2020-07-29,Peru,NA,Ancash,1083519,198,7,11990,989
2020-07-30,Peru,NA,Ancash,1083519,205,7,12195,996
2020-07-31,Peru,NA,Ancash,1083519,243,2,12438,998
2020-08-01,Peru,NA,Ancash,1083519,198,5,12636,1003
2020-08-02,Peru,NA,Ancash,1083519,89,6,12725,1009
2020-08-03,Peru,NA,Ancash,1083519,242,4,12967,1013
2020-08-04,Peru,NA,Ancash,1083519,262,12,13229,1025
2020-08-05,Peru,NA,Ancash,1083519,250,10,13479,1035
2020-08-06,Peru,NA,Ancash,1083519,203,4,13682,1039
2020-08-07,Peru,NA,Ancash,1083519,180,5,13862,1044
2020-08-08,Peru,NA,Ancash,1083519,241,5,14103,1049
2020-08-09,Peru,NA,Ancash,1083519,89,4,14192,1053
2020-08-10,Peru,NA,Ancash,1083519,240,5,14432,1058
2020-08-11,Peru,NA,Ancash,1083519,225,6,14657,1064
2020-08-12,Peru,NA,Ancash,1083519,191,4,14848,1068
2020-08-13,Peru,NA,Ancash,1083519,207,7,15055,1075
2020-08-14,Peru,NA,Ancash,1083519,253,10,15308,1085
2020-08-15,Peru,NA,Ancash,1083519,265,7,15573,1092
2020-08-16,Peru,NA,Ancash,1083519,54,6,15627,1098
2020-08-17,Peru,NA,Ancash,1083519,270,11,15897,1109
2020-08-18,Peru,NA,Ancash,1083519,203,4,16100,1113
2020-08-19,Peru,NA,Ancash,1083519,245,3,16345,1116
2020-08-20,Peru,NA,Ancash,1083519,228,4,16573,1120
2020-08-21,Peru,NA,Ancash,1083519,239,4,16812,1124
2020-08-22,Peru,NA,Ancash,1083519,174,4,16986,1128
2020-08-23,Peru,NA,Ancash,1083519,55,6,17041,1134
2020-08-24,Peru,NA,Ancash,1083519,228,4,17269,1138
2020-08-25,Peru,NA,Ancash,1083519,290,3,17559,1141
2020-08-26,Peru,NA,Ancash,1083519,328,7,17887,1148
2020-08-27,Peru,NA,Ancash,1083519,158,4,18045,1152
2020-08-28,Peru,NA,Ancash,1083519,324,4,18369,1156
2020-08-29,Peru,NA,Ancash,1083519,157,11,18526,1167
2020-08-30,Peru,NA,Ancash,1083519,59,3,18585,1170
2020-08-31,Peru,NA,Ancash,1083519,184,1,18769,1171
2020-09-01,Peru,NA,Ancash,1083519,179,4,18948,1175
2020-09-02,Peru,NA,Ancash,1083519,142,3,19090,1178
2020-09-03,Peru,NA,Ancash,1083519,55,5,19145,1183
2020-09-04,Peru,NA,Ancash,1083519,229,6,19374,1189
2020-09-05,Peru,NA,Ancash,1083519,130,8,19504,1197
2020-09-06,Peru,NA,Ancash,1083519,65,7,19569,1204
2020-09-07,Peru,NA,Ancash,1083519,118,6,19687,1210
2020-09-08,Peru,NA,Ancash,1083519,110,4,19797,1214
2020-09-09,Peru,NA,Ancash,1083519,180,3,19977,1217
2020-09-10,Peru,NA,Ancash,1083519,115,5,20092,1222
2020-09-11,Peru,NA,Ancash,1083519,204,5,20296,1227
2020-09-12,Peru,NA,Ancash,1083519,192,2,20488,1229
2020-09-13,Peru,NA,Ancash,1083519,42,3,20530,1232
2020-04-13,Peru,NA,Apurimac,405759,7,0,13,0
2020-04-14,Peru,NA,Apurimac,405759,10,0,23,0
2020-04-15,Peru,NA,Apurimac,405759,4,0,27,0
2020-04-16,Peru,NA,Apurimac,405759,4,0,31,0
2020-04-17,Peru,NA,Apurimac,405759,6,0,37,0
2020-04-18,Peru,NA,Apurimac,405759,5,0,42,0
2020-04-20,Peru,NA,Apurimac,405759,1,0,43,0
2020-04-21,Peru,NA,Apurimac,405759,8,0,51,0
2020-04-22,Peru,NA,Apurimac,405759,4,0,55,0
2020-04-23,Peru,NA,Apurimac,405759,5,0,60,0
2020-04-24,Peru,NA,Apurimac,405759,2,0,62,0
2020-04-25,Peru,NA,Apurimac,405759,19,0,81,0
2020-04-26,Peru,NA,Apurimac,405759,5,0,86,0
2020-04-27,Peru,NA,Apurimac,405759,12,0,98,0
2020-04-28,Peru,NA,Apurimac,405759,10,0,108,0
2020-04-29,Peru,NA,Apurimac,405759,13,0,121,0
2020-04-30,Peru,NA,Apurimac,405759,35,0,156,0
2020-05-02,Peru,NA,Apurimac,405759,5,0,161,0
2020-05-04,Peru,NA,Apurimac,405759,6,0,167,0
2020-05-05,Peru,NA,Apurimac,405759,3,0,170,0
2020-05-06,Peru,NA,Apurimac,405759,1,0,171,0
2020-05-09,Peru,NA,Apurimac,405759,1,0,172,0
2020-05-11,Peru,NA,Apurimac,405759,3,0,175,0
2020-05-12,Peru,NA,Apurimac,405759,5,0,180,0
2020-05-13,Peru,NA,Apurimac,405759,2,0,182,0
2020-05-14,Peru,NA,Apurimac,405759,2,0,184,0
2020-05-15,Peru,NA,Apurimac,405759,3,0,187,0
2020-05-17,Peru,NA,Apurimac,405759,2,0,189,0
2020-05-18,Peru,NA,Apurimac,405759,4,0,193,0
2020-05-19,Peru,NA,Apurimac,405759,3,0,196,0
2020-05-21,Peru,NA,Apurimac,405759,5,0,201,0
2020-05-22,Peru,NA,Apurimac,405759,14,0,215,0
2020-05-23,Peru,NA,Apurimac,405759,9,0,224,0
2020-05-24,Peru,NA,Apurimac,405759,0,1,224,1
2020-05-25,Peru,NA,Apurimac,405759,22,0,246,1
2020-05-26,Peru,NA,Apurimac,405759,2,0,248,1
2020-05-27,Peru,NA,Apurimac,405759,8,0,256,1
2020-05-28,Peru,NA,Apurimac,405759,9,1,265,2
2020-05-29,Peru,NA,Apurimac,405759,9,2,274,4
2020-05-30,Peru,NA,Apurimac,405759,9,0,283,4
2020-05-31,Peru,NA,Apurimac,405759,3,0,286,4
2020-06-01,Peru,NA,Apurimac,405759,6,0,292,4
2020-06-02,Peru,NA,Apurimac,405759,13,0,305,4
2020-06-03,Peru,NA,Apurimac,405759,11,0,316,4
2020-06-04,Peru,NA,Apurimac,405759,18,1,334,5
2020-06-05,Peru,NA,Apurimac,405759,12,0,346,5
2020-06-06,Peru,NA,Apurimac,405759,13,0,359,5
2020-06-07,Peru,NA,Apurimac,405759,5,1,364,6
2020-06-08,Peru,NA,Apurimac,405759,10,2,374,8
2020-06-09,Peru,NA,Apurimac,405759,14,0,388,8
2020-06-10,Peru,NA,Apurimac,405759,5,0,393,8
2020-06-11,Peru,NA,Apurimac,405759,13,0,406,8
2020-06-12,Peru,NA,Apurimac,405759,13,0,419,8
2020-06-13,Peru,NA,Apurimac,405759,3,1,422,9
2020-06-14,Peru,NA,Apurimac,405759,1,1,423,10
2020-06-15,Peru,NA,Apurimac,405759,4,0,427,10
2020-06-16,Peru,NA,Apurimac,405759,1,1,428,11
2020-06-17,Peru,NA,Apurimac,405759,8,0,436,11
2020-06-18,Peru,NA,Apurimac,405759,6,1,442,12
2020-06-19,Peru,NA,Apurimac,405759,4,0,446,12
2020-06-20,Peru,NA,Apurimac,405759,26,1,472,13
2020-06-21,Peru,NA,Apurimac,405759,25,2,497,15
2020-06-22,Peru,NA,Apurimac,405759,6,0,503,15
2020-06-23,Peru,NA,Apurimac,405759,11,0,514,15
2020-06-24,Peru,NA,Apurimac,405759,5,1,519,16
2020-06-25,Peru,NA,Apurimac,405759,8,0,527,16
2020-06-26,Peru,NA,Apurimac,405759,18,1,545,17
2020-06-27,Peru,NA,Apurimac,405759,11,0,556,17
2020-06-28,Peru,NA,Apurimac,405759,0,2,556,19
2020-06-29,Peru,NA,Apurimac,405759,4,1,560,20
2020-06-30,Peru,NA,Apurimac,405759,8,0,568,20
2020-07-01,Peru,NA,Apurimac,405759,6,0,574,20
2020-07-02,Peru,NA,Apurimac,405759,9,1,583,21
2020-07-03,Peru,NA,Apurimac,405759,8,0,591,21
2020-07-04,Peru,NA,Apurimac,405759,5,0,596,21
2020-07-05,Peru,NA,Apurimac,405759,3,0,599,21
2020-07-06,Peru,NA,Apurimac,405759,6,1,605,22
2020-07-07,Peru,NA,Apurimac,405759,11,0,616,22
2020-07-08,Peru,NA,Apurimac,405759,2,1,618,23
2020-07-09,Peru,NA,Apurimac,405759,3,0,621,23
2020-07-10,Peru,NA,Apurimac,405759,14,1,635,24
2020-07-11,Peru,NA,Apurimac,405759,28,0,663,24
2020-07-12,Peru,NA,Apurimac,405759,1,0,664,24
2020-07-13,Peru,NA,Apurimac,405759,1,0,665,24
2020-07-14,Peru,NA,Apurimac,405759,6,0,671,24
2020-07-15,Peru,NA,Apurimac,405759,11,2,682,26
2020-07-16,Peru,NA,Apurimac,405759,12,0,694,26
2020-07-17,Peru,NA,Apurimac,405759,13,0,707,26
2020-07-18,Peru,NA,Apurimac,405759,19,2,726,28
2020-07-19,Peru,NA,Apurimac,405759,2,0,728,28
2020-07-20,Peru,NA,Apurimac,405759,11,1,739,29
2020-07-21,Peru,NA,Apurimac,405759,17,1,756,30
2020-07-22,Peru,NA,Apurimac,405759,14,2,770,32
2020-07-23,Peru,NA,Apurimac,405759,14,0,784,32
2020-07-24,Peru,NA,Apurimac,405759,20,1,804,33
2020-07-25,Peru,NA,Apurimac,405759,16,3,820,36
2020-07-26,Peru,NA,Apurimac,405759,11,1,831,37
2020-07-27,Peru,NA,Apurimac,405759,20,0,851,37
2020-07-28,Peru,NA,Apurimac,405759,14,1,865,38
2020-07-29,Peru,NA,Apurimac,405759,25,1,890,39
2020-07-30,Peru,NA,Apurimac,405759,40,1,930,40
2020-07-31,Peru,NA,Apurimac,405759,49,1,979,41
2020-08-01,Peru,NA,Apurimac,405759,22,0,1001,41
2020-08-02,Peru,NA,Apurimac,405759,11,0,1012,41
2020-08-03,Peru,NA,Apurimac,405759,58,0,1070,41
2020-08-04,Peru,NA,Apurimac,405759,43,1,1113,42
2020-08-05,Peru,NA,Apurimac,405759,73,0,1186,42
2020-08-06,Peru,NA,Apurimac,405759,65,0,1251,42
2020-08-07,Peru,NA,Apurimac,405759,49,1,1300,43
2020-08-08,Peru,NA,Apurimac,405759,52,4,1352,47
2020-08-09,Peru,NA,Apurimac,405759,20,0,1372,47
2020-08-10,Peru,NA,Apurimac,405759,91,1,1463,48
2020-08-11,Peru,NA,Apurimac,405759,90,0,1553,48
2020-08-12,Peru,NA,Apurimac,405759,83,2,1636,50
2020-08-13,Peru,NA,Apurimac,405759,61,1,1697,51
2020-08-14,Peru,NA,Apurimac,405759,97,2,1794,53
2020-08-15,Peru,NA,Apurimac,405759,47,0,1841,53
2020-08-16,Peru,NA,Apurimac,405759,11,2,1852,55
2020-08-17,Peru,NA,Apurimac,405759,106,0,1958,55
2020-08-18,Peru,NA,Apurimac,405759,65,0,2023,55
2020-08-19,Peru,NA,Apurimac,405759,58,1,2081,56
2020-08-20,Peru,NA,Apurimac,405759,81,1,2162,57
2020-08-21,Peru,NA,Apurimac,405759,83,1,2245,58
2020-08-22,Peru,NA,Apurimac,405759,85,0,2330,58
2020-08-23,Peru,NA,Apurimac,405759,9,2,2339,60
2020-08-24,Peru,NA,Apurimac,405759,89,0,2428,60
2020-08-25,Peru,NA,Apurimac,405759,124,0,2552,60
2020-08-26,Peru,NA,Apurimac,405759,106,1,2658,61
2020-08-27,Peru,NA,Apurimac,405759,67,1,2725,62
2020-08-28,Peru,NA,Apurimac,405759,96,1,2821,63
2020-08-29,Peru,NA,Apurimac,405759,60,1,2881,64
2020-08-30,Peru,NA,Apurimac,405759,17,1,2898,65
2020-08-31,Peru,NA,Apurimac,405759,102,0,3000,65
2020-09-01,Peru,NA,Apurimac,405759,54,2,3054,67
2020-09-02,Peru,NA,Apurimac,405759,55,0,3109,67
2020-09-03,Peru,NA,Apurimac,405759,29,2,3138,69
2020-09-04,Peru,NA,Apurimac,405759,218,0,3356,69
2020-09-05,Peru,NA,Apurimac,405759,29,0,3385,69
2020-09-06,Peru,NA,Apurimac,405759,25,2,3410,71
2020-09-07,Peru,NA,Apurimac,405759,120,3,3530,74
2020-09-08,Peru,NA,Apurimac,405759,127,1,3657,75
2020-09-09,Peru,NA,Apurimac,405759,153,0,3810,75
2020-09-10,Peru,NA,Apurimac,405759,19,1,3829,76
2020-09-11,Peru,NA,Apurimac,405759,115,1,3944,77
2020-09-12,Peru,NA,Apurimac,405759,41,0,3985,77
2020-09-13,Peru,NA,Apurimac,405759,25,1,4010,78
2020-03-25,Peru,NA,Arequipa,1382730,5,0,15,0
2020-03-29,Peru,NA,Arequipa,1382730,6,1,21,1
2020-03-30,Peru,NA,Arequipa,1382730,5,0,26,1
2020-03-31,Peru,NA,Arequipa,1382730,4,1,30,2
2020-04-02,Peru,NA,Arequipa,1382730,7,0,37,2
2020-04-04,Peru,NA,Arequipa,1382730,14,4,51,6
2020-04-05,Peru,NA,Arequipa,1382730,9,0,60,6
2020-04-06,Peru,NA,Arequipa,1382730,7,0,67,6
2020-04-07,Peru,NA,Arequipa,1382730,4,0,71,6
2020-04-08,Peru,NA,Arequipa,1382730,5,0,76,6
2020-04-09,Peru,NA,Arequipa,1382730,6,0,82,6
2020-04-10,Peru,NA,Arequipa,1382730,2,0,84,6
2020-04-11,Peru,NA,Arequipa,1382730,12,0,96,6
2020-04-12,Peru,NA,Arequipa,1382730,15,1,111,7
2020-04-13,Peru,NA,Arequipa,1382730,12,2,123,9
2020-04-14,Peru,NA,Arequipa,1382730,13,0,136,9
2020-04-15,Peru,NA,Arequipa,1382730,27,1,163,10
2020-04-16,Peru,NA,Arequipa,1382730,41,1,204,11
2020-04-17,Peru,NA,Arequipa,1382730,12,0,216,11
2020-04-18,Peru,NA,Arequipa,1382730,33,0,249,11
2020-04-19,Peru,NA,Arequipa,1382730,3,3,252,14
2020-04-20,Peru,NA,Arequipa,1382730,28,1,280,15
2020-04-21,Peru,NA,Arequipa,1382730,28,0,308,15
2020-04-22,Peru,NA,Arequipa,1382730,43,0,351,15
2020-04-23,Peru,NA,Arequipa,1382730,56,1,407,16
2020-04-24,Peru,NA,Arequipa,1382730,66,0,473,16
2020-04-25,Peru,NA,Arequipa,1382730,24,2,497,18
2020-04-26,Peru,NA,Arequipa,1382730,4,0,501,18
2020-04-27,Peru,NA,Arequipa,1382730,76,0,577,18
2020-04-28,Peru,NA,Arequipa,1382730,76,0,653,18
2020-04-29,Peru,NA,Arequipa,1382730,111,0,764,18
2020-04-30,Peru,NA,Arequipa,1382730,69,0,833,18
2020-05-01,Peru,NA,Arequipa,1382730,38,1,871,19
2020-05-02,Peru,NA,Arequipa,1382730,31,1,902,20
2020-05-03,Peru,NA,Arequipa,1382730,7,0,909,20
2020-05-04,Peru,NA,Arequipa,1382730,60,0,969,20
2020-05-05,Peru,NA,Arequipa,1382730,57,0,1026,20
2020-05-06,Peru,NA,Arequipa,1382730,56,0,1082,20
2020-05-07,Peru,NA,Arequipa,1382730,47,3,1129,23
2020-05-08,Peru,NA,Arequipa,1382730,39,0,1168,23
2020-05-09,Peru,NA,Arequipa,1382730,59,0,1227,23
2020-05-10,Peru,NA,Arequipa,1382730,25,1,1252,24
2020-05-11,Peru,NA,Arequipa,1382730,51,1,1303,25
2020-05-12,Peru,NA,Arequipa,1382730,104,0,1407,25
2020-05-13,Peru,NA,Arequipa,1382730,112,0,1519,25
2020-05-14,Peru,NA,Arequipa,1382730,121,0,1640,25
2020-05-15,Peru,NA,Arequipa,1382730,96,0,1736,25
2020-05-16,Peru,NA,Arequipa,1382730,85,1,1821,26
2020-05-17,Peru,NA,Arequipa,1382730,8,0,1829,26
2020-05-18,Peru,NA,Arequipa,1382730,86,4,1915,30
2020-05-19,Peru,NA,Arequipa,1382730,122,2,2037,32
2020-05-20,Peru,NA,Arequipa,1382730,156,1,2193,33
2020-05-21,Peru,NA,Arequipa,1382730,144,1,2337,34
2020-05-22,Peru,NA,Arequipa,1382730,197,2,2534,36
2020-05-23,Peru,NA,Arequipa,1382730,146,4,2680,40
2020-05-24,Peru,NA,Arequipa,1382730,35,2,2715,42
2020-05-25,Peru,NA,Arequipa,1382730,192,0,2907,42
2020-05-26,Peru,NA,Arequipa,1382730,128,1,3035,43
2020-05-27,Peru,NA,Arequipa,1382730,186,3,3221,46
2020-05-28,Peru,NA,Arequipa,1382730,186,2,3407,48
2020-05-29,Peru,NA,Arequipa,1382730,173,6,3580,54
2020-05-30,Peru,NA,Arequipa,1382730,96,5,3676,59
2020-05-31,Peru,NA,Arequipa,1382730,20,5,3696,64
2020-06-01,Peru,NA,Arequipa,1382730,63,1,3759,65
2020-06-02,Peru,NA,Arequipa,1382730,99,1,3858,66
2020-06-03,Peru,NA,Arequipa,1382730,55,5,3913,71
2020-06-04,Peru,NA,Arequipa,1382730,51,3,3964,74
2020-06-05,Peru,NA,Arequipa,1382730,118,1,4082,75
2020-06-06,Peru,NA,Arequipa,1382730,138,0,4220,75
2020-06-07,Peru,NA,Arequipa,1382730,34,5,4254,80
2020-06-08,Peru,NA,Arequipa,1382730,105,6,4359,86
2020-06-09,Peru,NA,Arequipa,1382730,126,10,4485,96
2020-06-10,Peru,NA,Arequipa,1382730,144,4,4629,100
2020-06-11,Peru,NA,Arequipa,1382730,103,10,4732,110
2020-06-12,Peru,NA,Arequipa,1382730,119,11,4851,121
2020-06-13,Peru,NA,Arequipa,1382730,174,3,5025,124
2020-06-14,Peru,NA,Arequipa,1382730,19,6,5044,130
2020-06-15,Peru,NA,Arequipa,1382730,94,6,5138,136
2020-06-16,Peru,NA,Arequipa,1382730,90,13,5228,149
2020-06-17,Peru,NA,Arequipa,1382730,168,11,5396,160
2020-06-18,Peru,NA,Arequipa,1382730,68,9,5464,169
2020-06-19,Peru,NA,Arequipa,1382730,114,5,5578,174
2020-06-20,Peru,NA,Arequipa,1382730,74,7,5652,181
2020-06-21,Peru,NA,Arequipa,1382730,118,13,5770,194
2020-06-22,Peru,NA,Arequipa,1382730,115,9,5885,203
2020-06-23,Peru,NA,Arequipa,1382730,188,15,6073,218
2020-06-24,Peru,NA,Arequipa,1382730,231,6,6304,224
2020-06-25,Peru,NA,Arequipa,1382730,153,3,6457,227
2020-06-26,Peru,NA,Arequipa,1382730,166,13,6623,240
2020-06-27,Peru,NA,Arequipa,1382730,273,5,6896,245
2020-06-28,Peru,NA,Arequipa,1382730,58,15,6954,260
2020-06-29,Peru,NA,Arequipa,1382730,58,8,7012,268
2020-06-30,Peru,NA,Arequipa,1382730,134,11,7146,279
2020-07-01,Peru,NA,Arequipa,1382730,186,16,7332,295
2020-07-02,Peru,NA,Arequipa,1382730,117,10,7449,305
2020-07-03,Peru,NA,Arequipa,1382730,119,12,7568,317
2020-07-04,Peru,NA,Arequipa,1382730,212,7,7780,324
2020-07-05,Peru,NA,Arequipa,1382730,68,14,7848,338
2020-07-06,Peru,NA,Arequipa,1382730,78,10,7926,348
2020-07-07,Peru,NA,Arequipa,1382730,176,10,8102,358
2020-07-08,Peru,NA,Arequipa,1382730,168,13,8270,371
2020-07-09,Peru,NA,Arequipa,1382730,135,12,8405,383
2020-07-10,Peru,NA,Arequipa,1382730,334,22,8739,405
2020-07-11,Peru,NA,Arequipa,1382730,320,16,9059,421
2020-07-12,Peru,NA,Arequipa,1382730,54,21,9113,442
2020-07-13,Peru,NA,Arequipa,1382730,122,22,9235,464
2020-07-14,Peru,NA,Arequipa,1382730,206,25,9441,489
2020-07-15,Peru,NA,Arequipa,1382730,258,21,9699,510
2020-07-16,Peru,NA,Arequipa,1382730,211,13,9910,523
2020-07-17,Peru,NA,Arequipa,1382730,200,26,10110,549
2020-07-18,Peru,NA,Arequipa,1382730,324,21,10434,570
2020-07-19,Peru,NA,Arequipa,1382730,70,15,10504,585
2020-07-20,Peru,NA,Arequipa,1382730,161,15,10665,600
2020-07-21,Peru,NA,Arequipa,1382730,399,16,11064,616
2020-07-22,Peru,NA,Arequipa,1382730,524,27,11588,643
2020-07-23,Peru,NA,Arequipa,1382730,345,21,11933,664
2020-07-24,Peru,NA,Arequipa,1382730,399,15,12332,679
2020-07-25,Peru,NA,Arequipa,1382730,453,18,12785,697
2020-07-26,Peru,NA,Arequipa,1382730,102,14,12887,711
2020-07-27,Peru,NA,Arequipa,1382730,496,15,13383,726
2020-07-28,Peru,NA,Arequipa,1382730,148,7,13531,733
2020-07-29,Peru,NA,Arequipa,1382730,363,8,13894,741
2020-07-30,Peru,NA,Arequipa,1382730,547,15,14441,756
2020-07-31,Peru,NA,Arequipa,1382730,640,14,15081,770
2020-08-01,Peru,NA,Arequipa,1382730,665,21,15746,791
2020-08-02,Peru,NA,Arequipa,1382730,96,16,15842,807
2020-08-03,Peru,NA,Arequipa,1382730,698,14,16540,821
2020-08-04,Peru,NA,Arequipa,1382730,611,25,17151,846
2020-08-05,Peru,NA,Arequipa,1382730,839,9,17990,855
2020-08-06,Peru,NA,Arequipa,1382730,840,27,18830,882
2020-08-07,Peru,NA,Arequipa,1382730,680,13,19510,895
2020-08-08,Peru,NA,Arequipa,1382730,613,11,20123,906
2020-08-09,Peru,NA,Arequipa,1382730,116,19,20239,925
2020-08-10,Peru,NA,Arequipa,1382730,668,16,20907,941
2020-08-11,Peru,NA,Arequipa,1382730,689,10,21596,951
2020-08-12,Peru,NA,Arequipa,1382730,785,10,22381,961
2020-08-13,Peru,NA,Arequipa,1382730,855,12,23236,973
2020-08-14,Peru,NA,Arequipa,1382730,699,11,23935,984
2020-08-15,Peru,NA,Arequipa,1382730,489,8,24424,992
2020-08-16,Peru,NA,Arequipa,1382730,108,13,24532,1005
2020-08-17,Peru,NA,Arequipa,1382730,687,18,25219,1023
2020-08-18,Peru,NA,Arequipa,1382730,622,7,25841,1030
2020-08-19,Peru,NA,Arequipa,1382730,880,9,26721,1039
2020-08-20,Peru,NA,Arequipa,1382730,1388,17,28109,1056
2020-08-21,Peru,NA,Arequipa,1382730,754,12,28863,1068
2020-08-22,Peru,NA,Arequipa,1382730,895,10,29758,1078
2020-08-23,Peru,NA,Arequipa,1382730,51,5,29809,1083
2020-08-24,Peru,NA,Arequipa,1382730,397,12,30206,1095
2020-08-25,Peru,NA,Arequipa,1382730,888,11,31094,1106
2020-08-26,Peru,NA,Arequipa,1382730,554,15,31648,1121
2020-08-27,Peru,NA,Arequipa,1382730,592,11,32240,1132
2020-08-28,Peru,NA,Arequipa,1382730,456,5,32696,1137
2020-08-29,Peru,NA,Arequipa,1382730,433,8,33129,1145
2020-08-30,Peru,NA,Arequipa,1382730,104,14,33233,1159
2020-08-31,Peru,NA,Arequipa,1382730,494,11,33727,1170
2020-09-01,Peru,NA,Arequipa,1382730,389,7,34116,1177
2020-09-02,Peru,NA,Arequipa,1382730,346,9,34462,1186
2020-09-03,Peru,NA,Arequipa,1382730,159,7,34621,1193
2020-09-04,Peru,NA,Arequipa,1382730,574,6,35195,1199
2020-09-05,Peru,NA,Arequipa,1382730,183,6,35378,1205
2020-09-06,Peru,NA,Arequipa,1382730,54,7,35432,1212
2020-09-07,Peru,NA,Arequipa,1382730,340,9,35772,1221
2020-09-08,Peru,NA,Arequipa,1382730,776,5,36548,1226
2020-09-09,Peru,NA,Arequipa,1382730,269,3,36817,1229
2020-09-10,Peru,NA,Arequipa,1382730,100,7,36917,1236
2020-09-11,Peru,NA,Arequipa,1382730,741,9,37658,1245
2020-09-12,Peru,NA,Arequipa,1382730,181,8,37839,1253
2020-09-13,Peru,NA,Arequipa,1382730,25,12,37864,1265
2020-04-10,Peru,NA,Ayacucho,616176,2,0,12,0
2020-04-13,Peru,NA,Ayacucho,616176,5,0,17,0
2020-04-14,Peru,NA,Ayacucho,616176,5,0,22,0
2020-04-15,Peru,NA,Ayacucho,616176,4,0,26,0
2020-04-16,Peru,NA,Ayacucho,616176,1,0,27,0
2020-04-17,Peru,NA,Ayacucho,616176,4,0,31,0
2020-04-19,Peru,NA,Ayacucho,616176,3,0,34,0
2020-04-20,Peru,NA,Ayacucho,616176,3,0,37,0
2020-04-21,Peru,NA,Ayacucho,616176,1,0,38,0
2020-04-22,Peru,NA,Ayacucho,616176,2,0,40,0
2020-04-23,Peru,NA,Ayacucho,616176,2,0,42,0
2020-04-24,Peru,NA,Ayacucho,616176,5,0,47,0
2020-04-25,Peru,NA,Ayacucho,616176,7,0,54,0
2020-04-26,Peru,NA,Ayacucho,616176,13,0,67,0
2020-04-27,Peru,NA,Ayacucho,616176,18,0,85,0
2020-04-28,Peru,NA,Ayacucho,616176,13,0,98,0
2020-04-29,Peru,NA,Ayacucho,616176,32,0,130,0
2020-04-30,Peru,NA,Ayacucho,616176,21,0,151,0
2020-05-01,Peru,NA,Ayacucho,616176,26,0,177,0
2020-05-02,Peru,NA,Ayacucho,616176,20,0,197,0
2020-05-03,Peru,NA,Ayacucho,616176,5,2,202,2
2020-05-04,Peru,NA,Ayacucho,616176,27,2,229,4
2020-05-05,Peru,NA,Ayacucho,616176,18,0,247,4
2020-05-06,Peru,NA,Ayacucho,616176,23,0,270,4
2020-05-07,Peru,NA,Ayacucho,616176,15,1,285,5
2020-05-08,Peru,NA,Ayacucho,616176,25,0,310,5
2020-05-09,Peru,NA,Ayacucho,616176,11,1,321,6
2020-05-10,Peru,NA,Ayacucho,616176,2,0,323,6
2020-05-11,Peru,NA,Ayacucho,616176,15,0,338,6
2020-05-12,Peru,NA,Ayacucho,616176,19,0,357,6
2020-05-13,Peru,NA,Ayacucho,616176,20,0,377,6
2020-05-14,Peru,NA,Ayacucho,616176,13,1,390,7
2020-05-15,Peru,NA,Ayacucho,616176,50,1,440,8
2020-05-16,Peru,NA,Ayacucho,616176,40,1,480,9
2020-05-17,Peru,NA,Ayacucho,616176,9,1,489,10
2020-05-18,Peru,NA,Ayacucho,616176,15,1,504,11
2020-05-19,Peru,NA,Ayacucho,616176,17,2,521,13
2020-05-20,Peru,NA,Ayacucho,616176,17,2,538,15
2020-05-21,Peru,NA,Ayacucho,616176,22,0,560,15
2020-05-22,Peru,NA,Ayacucho,616176,41,0,601,15
2020-05-23,Peru,NA,Ayacucho,616176,36,0,637,15
2020-05-24,Peru,NA,Ayacucho,616176,6,1,643,16
2020-05-25,Peru,NA,Ayacucho,616176,27,1,670,17
2020-05-26,Peru,NA,Ayacucho,616176,24,0,694,17
2020-05-27,Peru,NA,Ayacucho,616176,53,1,747,18
2020-05-28,Peru,NA,Ayacucho,616176,30,0,777,18
2020-05-29,Peru,NA,Ayacucho,616176,17,2,794,20
2020-05-30,Peru,NA,Ayacucho,616176,51,1,845,21
2020-05-31,Peru,NA,Ayacucho,616176,4,2,849,23
2020-06-01,Peru,NA,Ayacucho,616176,33,2,882,25
2020-06-02,Peru,NA,Ayacucho,616176,27,0,909,25
2020-06-03,Peru,NA,Ayacucho,616176,18,1,927,26
2020-06-04,Peru,NA,Ayacucho,616176,40,1,967,27
2020-06-05,Peru,NA,Ayacucho,616176,18,0,985,27
2020-06-06,Peru,NA,Ayacucho,616176,29,0,1014,27
2020-06-07,Peru,NA,Ayacucho,616176,10,0,1024,27
2020-06-08,Peru,NA,Ayacucho,616176,41,1,1065,28
2020-06-09,Peru,NA,Ayacucho,616176,32,3,1097,31
2020-06-10,Peru,NA,Ayacucho,616176,20,4,1117,35
2020-06-11,Peru,NA,Ayacucho,616176,38,0,1155,35
2020-06-12,Peru,NA,Ayacucho,616176,37,2,1192,37
2020-06-13,Peru,NA,Ayacucho,616176,60,3,1252,40
2020-06-14,Peru,NA,Ayacucho,616176,8,2,1260,42
2020-06-15,Peru,NA,Ayacucho,616176,60,1,1320,43
2020-06-16,Peru,NA,Ayacucho,616176,28,2,1348,45
2020-06-17,Peru,NA,Ayacucho,616176,41,2,1389,47
2020-06-18,Peru,NA,Ayacucho,616176,42,2,1431,49
2020-06-19,Peru,NA,Ayacucho,616176,77,1,1508,50
2020-06-20,Peru,NA,Ayacucho,616176,21,1,1529,51
2020-06-21,Peru,NA,Ayacucho,616176,12,6,1541,57
2020-06-22,Peru,NA,Ayacucho,616176,34,1,1575,58
2020-06-23,Peru,NA,Ayacucho,616176,45,1,1620,59
2020-06-24,Peru,NA,Ayacucho,616176,47,1,1667,60
2020-06-25,Peru,NA,Ayacucho,616176,29,1,1696,61
2020-06-26,Peru,NA,Ayacucho,616176,30,3,1726,64
2020-06-27,Peru,NA,Ayacucho,616176,27,2,1753,66
2020-06-28,Peru,NA,Ayacucho,616176,11,3,1764,69
2020-06-29,Peru,NA,Ayacucho,616176,32,2,1796,71
2020-06-30,Peru,NA,Ayacucho,616176,43,2,1839,73
2020-07-01,Peru,NA,Ayacucho,616176,32,1,1871,74
2020-07-02,Peru,NA,Ayacucho,616176,48,1,1919,75
2020-07-03,Peru,NA,Ayacucho,616176,25,3,1944,78
2020-07-04,Peru,NA,Ayacucho,616176,48,2,1992,80
2020-07-05,Peru,NA,Ayacucho,616176,14,2,2006,82
2020-07-06,Peru,NA,Ayacucho,616176,48,3,2054,85
2020-07-07,Peru,NA,Ayacucho,616176,43,4,2097,89
2020-07-08,Peru,NA,Ayacucho,616176,58,1,2155,90
2020-07-09,Peru,NA,Ayacucho,616176,33,3,2188,93
2020-07-10,Peru,NA,Ayacucho,616176,71,1,2259,94
2020-07-11,Peru,NA,Ayacucho,616176,50,5,2309,99
2020-07-12,Peru,NA,Ayacucho,616176,23,7,2332,106
2020-07-13,Peru,NA,Ayacucho,616176,39,2,2371,108
2020-07-14,Peru,NA,Ayacucho,616176,79,5,2450,113
2020-07-15,Peru,NA,Ayacucho,616176,75,4,2525,117
2020-07-16,Peru,NA,Ayacucho,616176,90,8,2615,125
2020-07-17,Peru,NA,Ayacucho,616176,115,1,2730,126
2020-07-18,Peru,NA,Ayacucho,616176,106,4,2836,130
2020-07-19,Peru,NA,Ayacucho,616176,25,4,2861,134
2020-07-20,Peru,NA,Ayacucho,616176,106,5,2967,139
2020-07-21,Peru,NA,Ayacucho,616176,84,6,3051,145
2020-07-22,Peru,NA,Ayacucho,616176,123,5,3174,150
2020-07-23,Peru,NA,Ayacucho,616176,78,8,3252,158
2020-07-24,Peru,NA,Ayacucho,616176,108,8,3360,166
2020-07-25,Peru,NA,Ayacucho,616176,133,3,3493,169
2020-07-26,Peru,NA,Ayacucho,616176,24,7,3517,176
2020-07-27,Peru,NA,Ayacucho,616176,124,8,3641,184
2020-07-28,Peru,NA,Ayacucho,616176,123,1,3764,185
2020-07-29,Peru,NA,Ayacucho,616176,117,4,3881,189
2020-07-30,Peru,NA,Ayacucho,616176,121,7,4002,196
2020-07-31,Peru,NA,Ayacucho,616176,122,5,4124,201
2020-08-01,Peru,NA,Ayacucho,616176,118,4,4242,205
2020-08-02,Peru,NA,Ayacucho,616176,36,4,4278,209
2020-08-03,Peru,NA,Ayacucho,616176,122,6,4400,215
2020-08-04,Peru,NA,Ayacucho,616176,119,6,4519,221
2020-08-05,Peru,NA,Ayacucho,616176,147,2,4666,223
2020-08-06,Peru,NA,Ayacucho,616176,175,1,4841,224
2020-08-07,Peru,NA,Ayacucho,616176,176,2,5017,226
2020-08-08,Peru,NA,Ayacucho,616176,121,2,5138,228
2020-08-09,Peru,NA,Ayacucho,616176,60,0,5198,228
2020-08-10,Peru,NA,Ayacucho,616176,158,0,5356,228
2020-08-11,Peru,NA,Ayacucho,616176,197,0,5553,228
2020-08-12,Peru,NA,Ayacucho,616176,192,1,5745,229
2020-08-13,Peru,NA,Ayacucho,616176,190,0,5935,229
2020-08-14,Peru,NA,Ayacucho,616176,183,2,6118,231
2020-08-15,Peru,NA,Ayacucho,616176,127,2,6245,233
2020-08-16,Peru,NA,Ayacucho,616176,67,1,6312,234
2020-08-17,Peru,NA,Ayacucho,616176,187,1,6499,235
2020-08-18,Peru,NA,Ayacucho,616176,198,5,6697,240
2020-08-19,Peru,NA,Ayacucho,616176,173,1,6870,241
2020-08-20,Peru,NA,Ayacucho,616176,245,3,7115,244
2020-08-21,Peru,NA,Ayacucho,616176,166,1,7281,245
2020-08-22,Peru,NA,Ayacucho,616176,196,4,7477,249
2020-08-23,Peru,NA,Ayacucho,616176,21,0,7498,249
2020-08-24,Peru,NA,Ayacucho,616176,136,2,7634,251
2020-08-25,Peru,NA,Ayacucho,616176,213,2,7847,253
2020-08-26,Peru,NA,Ayacucho,616176,150,3,7997,256
2020-08-27,Peru,NA,Ayacucho,616176,157,0,8154,256
2020-08-28,Peru,NA,Ayacucho,616176,144,1,8298,257
2020-08-29,Peru,NA,Ayacucho,616176,101,2,8399,259
2020-08-30,Peru,NA,Ayacucho,616176,34,1,8433,260
2020-08-31,Peru,NA,Ayacucho,616176,105,1,8538,261
2020-09-01,Peru,NA,Ayacucho,616176,146,4,8684,265
2020-09-02,Peru,NA,Ayacucho,616176,108,2,8792,267
2020-09-03,Peru,NA,Ayacucho,616176,73,4,8865,271
2020-09-04,Peru,NA,Ayacucho,616176,253,2,9118,273
2020-09-05,Peru,NA,Ayacucho,616176,57,3,9175,276
2020-09-06,Peru,NA,Ayacucho,616176,22,1,9197,277
2020-09-07,Peru,NA,Ayacucho,616176,161,2,9358,279
2020-09-08,Peru,NA,Ayacucho,616176,138,0,9496,279
2020-09-09,Peru,NA,Ayacucho,616176,149,2,9645,281
2020-09-10,Peru,NA,Ayacucho,616176,51,1,9696,282
2020-09-11,Peru,NA,Ayacucho,616176,109,0,9805,282
2020-09-12,Peru,NA,Ayacucho,616176,98,1,9903,283
2020-09-13,Peru,NA,Ayacucho,616176,21,1,9924,284
2020-04-08,Peru,NA,Cajamarca,1341012,3,0,11,0
2020-04-09,Peru,NA,Cajamarca,1341012,6,0,17,0
2020-04-11,Peru,NA,Cajamarca,1341012,1,0,18,0
2020-04-12,Peru,NA,Cajamarca,1341012,1,0,19,0
2020-04-13,Peru,NA,Cajamarca,1341012,4,2,23,2
2020-04-14,Peru,NA,Cajamarca,1341012,7,0,30,2
2020-04-15,Peru,NA,Cajamarca,1341012,10,0,40,2
2020-04-16,Peru,NA,Cajamarca,1341012,6,1,46,3
2020-04-17,Peru,NA,Cajamarca,1341012,10,0,56,3
2020-04-18,Peru,NA,Cajamarca,1341012,7,0,63,3
2020-04-19,Peru,NA,Cajamarca,1341012,2,0,65,3
2020-04-20,Peru,NA,Cajamarca,1341012,11,1,76,4
2020-04-21,Peru,NA,Cajamarca,1341012,9,0,85,4
2020-04-22,Peru,NA,Cajamarca,1341012,35,0,120,4
2020-04-23,Peru,NA,Cajamarca,1341012,8,0,128,4
2020-04-24,Peru,NA,Cajamarca,1341012,22,0,150,4
2020-04-25,Peru,NA,Cajamarca,1341012,17,1,167,5
2020-04-26,Peru,NA,Cajamarca,1341012,3,0,170,5
2020-04-27,Peru,NA,Cajamarca,1341012,11,2,181,7
2020-04-28,Peru,NA,Cajamarca,1341012,14,0,195,7
2020-04-29,Peru,NA,Cajamarca,1341012,29,2,224,9
2020-04-30,Peru,NA,Cajamarca,1341012,48,0,272,9
2020-05-01,Peru,NA,Cajamarca,1341012,19,1,291,10
2020-05-02,Peru,NA,Cajamarca,1341012,29,0,320,10
2020-05-03,Peru,NA,Cajamarca,1341012,13,0,333,10
2020-05-04,Peru,NA,Cajamarca,1341012,15,0,348,10
2020-05-05,Peru,NA,Cajamarca,1341012,17,0,365,10
2020-05-06,Peru,NA,Cajamarca,1341012,10,1,375,11
2020-05-07,Peru,NA,Cajamarca,1341012,8,0,383,11
2020-05-08,Peru,NA,Cajamarca,1341012,11,0,394,11
2020-05-09,Peru,NA,Cajamarca,1341012,6,1,400,12
2020-05-10,Peru,NA,Cajamarca,1341012,2,1,402,13
2020-05-11,Peru,NA,Cajamarca,1341012,13,0,415,13
2020-05-12,Peru,NA,Cajamarca,1341012,22,0,437,13
2020-05-13,Peru,NA,Cajamarca,1341012,3,0,440,13
2020-05-14,Peru,NA,Cajamarca,1341012,12,1,452,14
2020-05-15,Peru,NA,Cajamarca,1341012,20,0,472,14
2020-05-16,Peru,NA,Cajamarca,1341012,13,3,485,17
2020-05-17,Peru,NA,Cajamarca,1341012,2,0,487,17
2020-05-18,Peru,NA,Cajamarca,1341012,20,2,507,19
2020-05-19,Peru,NA,Cajamarca,1341012,28,2,535,21
2020-05-20,Peru,NA,Cajamarca,1341012,27,0,562,21
2020-05-21,Peru,NA,Cajamarca,1341012,19,0,581,21
2020-05-22,Peru,NA,Cajamarca,1341012,29,2,610,23
2020-05-23,Peru,NA,Cajamarca,1341012,50,0,660,23
2020-05-24,Peru,NA,Cajamarca,1341012,7,0,667,23
2020-05-25,Peru,NA,Cajamarca,1341012,33,1,700,24
2020-05-26,Peru,NA,Cajamarca,1341012,31,0,731,24
2020-05-27,Peru,NA,Cajamarca,1341012,20,0,751,24
2020-05-28,Peru,NA,Cajamarca,1341012,32,2,783,26
2020-05-29,Peru,NA,Cajamarca,1341012,20,1,803,27
2020-05-30,Peru,NA,Cajamarca,1341012,17,2,820,29
2020-05-31,Peru,NA,Cajamarca,1341012,5,1,825,30
2020-06-01,Peru,NA,Cajamarca,1341012,30,1,855,31
2020-06-02,Peru,NA,Cajamarca,1341012,23,0,878,31
2020-06-03,Peru,NA,Cajamarca,1341012,34,3,912,34
2020-06-04,Peru,NA,Cajamarca,1341012,21,2,933,36
2020-06-05,Peru,NA,Cajamarca,1341012,53,0,986,36
2020-06-06,Peru,NA,Cajamarca,1341012,44,3,1030,39
2020-06-07,Peru,NA,Cajamarca,1341012,14,2,1044,41
2020-06-08,Peru,NA,Cajamarca,1341012,44,2,1088,43
2020-06-09,Peru,NA,Cajamarca,1341012,44,3,1132,46
2020-06-10,Peru,NA,Cajamarca,1341012,47,2,1179,48
2020-06-11,Peru,NA,Cajamarca,1341012,50,2,1229,50
2020-06-12,Peru,NA,Cajamarca,1341012,68,3,1297,53
2020-06-13,Peru,NA,Cajamarca,1341012,55,2,1352,55
2020-06-14,Peru,NA,Cajamarca,1341012,23,1,1375,56
2020-06-15,Peru,NA,Cajamarca,1341012,45,5,1420,61
2020-06-16,Peru,NA,Cajamarca,1341012,15,3,1435,64
2020-06-17,Peru,NA,Cajamarca,1341012,57,2,1492,66
2020-06-18,Peru,NA,Cajamarca,1341012,58,3,1550,69
2020-06-19,Peru,NA,Cajamarca,1341012,48,4,1598,73
2020-06-20,Peru,NA,Cajamarca,1341012,54,4,1652,77
2020-06-21,Peru,NA,Cajamarca,1341012,15,2,1667,79
2020-06-22,Peru,NA,Cajamarca,1341012,76,6,1743,85
2020-06-23,Peru,NA,Cajamarca,1341012,73,4,1816,89
2020-06-24,Peru,NA,Cajamarca,1341012,93,5,1909,94
2020-06-25,Peru,NA,Cajamarca,1341012,75,1,1984,95
2020-06-26,Peru,NA,Cajamarca,1341012,84,7,2068,102
2020-06-27,Peru,NA,Cajamarca,1341012,62,11,2130,113
2020-06-28,Peru,NA,Cajamarca,1341012,30,11,2160,124
2020-06-29,Peru,NA,Cajamarca,1341012,57,10,2217,134
2020-06-30,Peru,NA,Cajamarca,1341012,93,9,2310,143
2020-07-01,Peru,NA,Cajamarca,1341012,66,6,2376,149
2020-07-02,Peru,NA,Cajamarca,1341012,159,10,2535,159
2020-07-03,Peru,NA,Cajamarca,1341012,95,8,2630,167
2020-07-04,Peru,NA,Cajamarca,1341012,113,6,2743,173
2020-07-05,Peru,NA,Cajamarca,1341012,98,11,2841,184
2020-07-06,Peru,NA,Cajamarca,1341012,151,16,2992,200
2020-07-07,Peru,NA,Cajamarca,1341012,168,7,3160,207
2020-07-08,Peru,NA,Cajamarca,1341012,135,11,3295,218
2020-07-09,Peru,NA,Cajamarca,1341012,66,4,3361,222
2020-07-10,Peru,NA,Cajamarca,1341012,180,4,3541,226
2020-07-11,Peru,NA,Cajamarca,1341012,169,4,3710,230
2020-07-12,Peru,NA,Cajamarca,1341012,102,2,3812,232
2020-07-13,Peru,NA,Cajamarca,1341012,98,0,3910,232
2020-07-14,Peru,NA,Cajamarca,1341012,135,3,4045,235
2020-07-15,Peru,NA,Cajamarca,1341012,147,1,4192,236
2020-07-16,Peru,NA,Cajamarca,1341012,99,5,4291,241
2020-07-17,Peru,NA,Cajamarca,1341012,96,2,4387,243
2020-07-18,Peru,NA,Cajamarca,1341012,196,2,4583,245
2020-07-19,Peru,NA,Cajamarca,1341012,70,4,4653,249
2020-07-20,Peru,NA,Cajamarca,1341012,98,2,4751,251
2020-07-21,Peru,NA,Cajamarca,1341012,140,1,4891,252
2020-07-22,Peru,NA,Cajamarca,1341012,182,2,5073,254
2020-07-23,Peru,NA,Cajamarca,1341012,142,3,5215,257
2020-07-24,Peru,NA,Cajamarca,1341012,189,5,5404,262
2020-07-25,Peru,NA,Cajamarca,1341012,235,8,5639,270
2020-07-26,Peru,NA,Cajamarca,1341012,78,4,5717,274
2020-07-27,Peru,NA,Cajamarca,1341012,249,3,5966,277
2020-07-28,Peru,NA,Cajamarca,1341012,151,2,6117,279
2020-07-29,Peru,NA,Cajamarca,1341012,409,2,6526,281
2020-07-30,Peru,NA,Cajamarca,1341012,424,2,6950,283
2020-07-31,Peru,NA,Cajamarca,1341012,637,2,7587,285
2020-08-01,Peru,NA,Cajamarca,1341012,276,5,7863,290
2020-08-02,Peru,NA,Cajamarca,1341012,78,3,7941,293
2020-08-03,Peru,NA,Cajamarca,1341012,286,5,8227,298
2020-08-04,Peru,NA,Cajamarca,1341012,249,7,8476,305
2020-08-05,Peru,NA,Cajamarca,1341012,281,1,8757,306
2020-08-06,Peru,NA,Cajamarca,1341012,338,10,9095,316
2020-08-07,Peru,NA,Cajamarca,1341012,298,4,9393,320
2020-08-08,Peru,NA,Cajamarca,1341012,411,4,9804,324
2020-08-09,Peru,NA,Cajamarca,1341012,172,3,9976,327
2020-08-10,Peru,NA,Cajamarca,1341012,374,8,10350,335
2020-08-11,Peru,NA,Cajamarca,1341012,295,3,10645,338
2020-08-12,Peru,NA,Cajamarca,1341012,345,4,10990,342
2020-08-13,Peru,NA,Cajamarca,1341012,359,2,11349,344
2020-08-14,Peru,NA,Cajamarca,1341012,488,5,11837,349
2020-08-15,Peru,NA,Cajamarca,1341012,242,1,12079,350
2020-08-16,Peru,NA,Cajamarca,1341012,84,3,12163,353
2020-08-17,Peru,NA,Cajamarca,1341012,368,3,12531,356
2020-08-18,Peru,NA,Cajamarca,1341012,368,2,12899,358
2020-08-19,Peru,NA,Cajamarca,1341012,327,4,13226,362
2020-08-20,Peru,NA,Cajamarca,1341012,273,1,13499,363
2020-08-21,Peru,NA,Cajamarca,1341012,404,3,13903,366
2020-08-22,Peru,NA,Cajamarca,1341012,300,3,14203,369
2020-08-23,Peru,NA,Cajamarca,1341012,43,4,14246,373
2020-08-24,Peru,NA,Cajamarca,1341012,359,2,14605,375
2020-08-25,Peru,NA,Cajamarca,1341012,455,2,15060,377
2020-08-26,Peru,NA,Cajamarca,1341012,215,2,15275,379
2020-08-27,Peru,NA,Cajamarca,1341012,178,1,15453,380
2020-08-28,Peru,NA,Cajamarca,1341012,225,3,15678,383
2020-08-29,Peru,NA,Cajamarca,1341012,160,2,15838,385
2020-08-30,Peru,NA,Cajamarca,1341012,60,3,15898,388
2020-08-31,Peru,NA,Cajamarca,1341012,142,0,16040,388
2020-09-01,Peru,NA,Cajamarca,1341012,224,5,16264,393
2020-09-02,Peru,NA,Cajamarca,1341012,148,4,16412,397
2020-09-03,Peru,NA,Cajamarca,1341012,80,0,16492,397
2020-09-04,Peru,NA,Cajamarca,1341012,349,3,16841,400
2020-09-05,Peru,NA,Cajamarca,1341012,77,3,16918,403
2020-09-06,Peru,NA,Cajamarca,1341012,23,4,16941,407
2020-09-07,Peru,NA,Cajamarca,1341012,130,1,17071,408
2020-09-08,Peru,NA,Cajamarca,1341012,141,4,17212,412
2020-09-09,Peru,NA,Cajamarca,1341012,120,4,17332,416
2020-09-10,Peru,NA,Cajamarca,1341012,37,1,17369,417
2020-09-11,Peru,NA,Cajamarca,1341012,201,3,17570,420
2020-09-12,Peru,NA,Cajamarca,1341012,63,3,17633,423
2020-09-13,Peru,NA,Cajamarca,1341012,10,3,17643,426
2020-03-25,Peru,NA,Callao,994494,5,0,15,1
2020-03-26,Peru,NA,Callao,994494,2,0,17,1
2020-03-27,Peru,NA,Callao,994494,1,0,18,1
2020-03-28,Peru,NA,Callao,994494,5,0,23,1
2020-03-29,Peru,NA,Callao,994494,10,0,33,1
2020-03-30,Peru,NA,Callao,994494,1,0,34,1
2020-03-31,Peru,NA,Callao,994494,12,2,46,3
2020-04-01,Peru,NA,Callao,994494,22,3,68,6
2020-04-02,Peru,NA,Callao,994494,6,2,74,8
2020-04-03,Peru,NA,Callao,994494,14,1,88,9
2020-04-04,Peru,NA,Callao,994494,174,2,262,11
2020-04-05,Peru,NA,Callao,994494,48,1,310,12
2020-04-06,Peru,NA,Callao,994494,66,4,376,16
2020-04-07,Peru,NA,Callao,994494,51,1,427,17
2020-04-08,Peru,NA,Callao,994494,127,1,554,18
2020-04-09,Peru,NA,Callao,994494,48,3,602,21
2020-04-10,Peru,NA,Callao,994494,88,4,690,25
2020-04-11,Peru,NA,Callao,994494,303,3,993,28
2020-04-12,Peru,NA,Callao,994494,38,4,1031,32
2020-04-13,Peru,NA,Callao,994494,311,5,1342,37
2020-04-14,Peru,NA,Callao,994494,83,6,1425,43
2020-04-15,Peru,NA,Callao,994494,100,3,1525,46
2020-04-16,Peru,NA,Callao,994494,100,8,1625,54
2020-04-17,Peru,NA,Callao,994494,116,6,1741,60
2020-04-18,Peru,NA,Callao,994494,107,8,1848,68
2020-04-19,Peru,NA,Callao,994494,79,3,1927,71
2020-04-20,Peru,NA,Callao,994494,374,7,2301,78
2020-04-21,Peru,NA,Callao,994494,432,12,2733,90
2020-04-22,Peru,NA,Callao,994494,124,8,2857,98
2020-04-23,Peru,NA,Callao,994494,159,12,3016,110
2020-04-24,Peru,NA,Callao,994494,124,16,3140,126
2020-04-25,Peru,NA,Callao,994494,170,6,3310,132
2020-04-26,Peru,NA,Callao,994494,67,12,3377,144
2020-04-27,Peru,NA,Callao,994494,230,9,3607,153
2020-04-28,Peru,NA,Callao,994494,199,8,3806,161
2020-04-29,Peru,NA,Callao,994494,189,15,3995,176
2020-04-30,Peru,NA,Callao,994494,255,16,4250,192
2020-05-01,Peru,NA,Callao,994494,115,10,4365,202
2020-05-02,Peru,NA,Callao,994494,214,12,4579,214
2020-05-03,Peru,NA,Callao,994494,95,17,4674,231
2020-05-04,Peru,NA,Callao,994494,200,16,4874,247
2020-05-05,Peru,NA,Callao,994494,270,16,5144,263
2020-05-06,Peru,NA,Callao,994494,253,20,5397,283
2020-05-07,Peru,NA,Callao,994494,329,18,5726,301
2020-05-08,Peru,NA,Callao,994494,224,20,5950,321
2020-05-09,Peru,NA,Callao,994494,185,16,6135,337
2020-05-10,Peru,NA,Callao,994494,42,18,6177,355
2020-05-11,Peru,NA,Callao,994494,212,20,6389,375
2020-05-12,Peru,NA,Callao,994494,316,17,6705,392
2020-05-13,Peru,NA,Callao,994494,351,9,7056,401
2020-05-14,Peru,NA,Callao,994494,325,21,7381,422
2020-05-15,Peru,NA,Callao,994494,310,21,7691,443
2020-05-16,Peru,NA,Callao,994494,215,23,7906,466
2020-05-17,Peru,NA,Callao,994494,108,27,8014,493
2020-05-18,Peru,NA,Callao,994494,238,24,8252,517
2020-05-19,Peru,NA,Callao,994494,382,20,8634,537
2020-05-20,Peru,NA,Callao,994494,349,32,8983,569
2020-05-21,Peru,NA,Callao,994494,382,32,9365,601
2020-05-22,Peru,NA,Callao,994494,428,28,9793,629
2020-05-23,Peru,NA,Callao,994494,346,29,10139,658
2020-05-24,Peru,NA,Callao,994494,72,31,10211,689
2020-05-25,Peru,NA,Callao,994494,409,12,10620,701
2020-05-26,Peru,NA,Callao,994494,496,23,11116,724
2020-05-27,Peru,NA,Callao,994494,510,20,11626,744
2020-05-28,Peru,NA,Callao,994494,509,24,12135,768
2020-05-29,Peru,NA,Callao,994494,358,28,12493,796
2020-05-30,Peru,NA,Callao,994494,250,22,12743,818
2020-05-31,Peru,NA,Callao,994494,142,23,12885,841
2020-06-01,Peru,NA,Callao,994494,188,24,13073,865
2020-06-02,Peru,NA,Callao,994494,187,24,13260,889
2020-06-03,Peru,NA,Callao,994494,154,34,13414,923
2020-06-04,Peru,NA,Callao,994494,214,10,13628,933
2020-06-05,Peru,NA,Callao,994494,241,11,13869,944
2020-06-06,Peru,NA,Callao,994494,266,12,14135,956
2020-06-07,Peru,NA,Callao,994494,98,3,14233,959
2020-06-08,Peru,NA,Callao,994494,278,10,14511,969
2020-06-09,Peru,NA,Callao,994494,213,9,14724,978
2020-06-10,Peru,NA,Callao,994494,418,8,15142,986
2020-06-11,Peru,NA,Callao,994494,327,16,15469,1002
2020-06-12,Peru,NA,Callao,994494,292,5,15761,1007
2020-06-13,Peru,NA,Callao,994494,199,13,15960,1020
2020-06-14,Peru,NA,Callao,994494,150,12,16110,1032
2020-06-15,Peru,NA,Callao,994494,130,13,16240,1045
2020-06-16,Peru,NA,Callao,994494,96,21,16336,1066
2020-06-17,Peru,NA,Callao,994494,228,8,16564,1074
2020-06-18,Peru,NA,Callao,994494,244,7,16808,1081
2020-06-19,Peru,NA,Callao,994494,180,14,16988,1095
2020-06-20,Peru,NA,Callao,994494,136,14,17124,1109
2020-06-21,Peru,NA,Callao,994494,83,9,17207,1118
2020-06-22,Peru,NA,Callao,994494,125,5,17332,1123
2020-06-23,Peru,NA,Callao,994494,90,8,17422,1131
2020-06-24,Peru,NA,Callao,994494,90,9,17512,1140
2020-06-25,Peru,NA,Callao,994494,177,12,17689,1152
2020-06-26,Peru,NA,Callao,994494,206,12,17895,1164
2020-06-27,Peru,NA,Callao,994494,108,15,18003,1179
2020-06-28,Peru,NA,Callao,994494,30,8,18033,1187
2020-06-29,Peru,NA,Callao,994494,69,6,18102,1193
2020-06-30,Peru,NA,Callao,994494,146,8,18248,1201
2020-07-01,Peru,NA,Callao,994494,56,10,18304,1211
2020-07-02,Peru,NA,Callao,994494,52,3,18356,1214
2020-07-03,Peru,NA,Callao,994494,84,4,18440,1218
2020-07-04,Peru,NA,Callao,994494,61,8,18501,1226
2020-07-05,Peru,NA,Callao,994494,35,6,18536,1232
2020-07-06,Peru,NA,Callao,994494,91,9,18627,1241
2020-07-07,Peru,NA,Callao,994494,165,5,18792,1246
2020-07-08,Peru,NA,Callao,994494,91,10,18883,1256
2020-07-09,Peru,NA,Callao,994494,114,9,18997,1265
2020-07-10,Peru,NA,Callao,994494,115,5,19112,1270
2020-07-11,Peru,NA,Callao,994494,77,8,19189,1278
2020-07-12,Peru,NA,Callao,994494,61,7,19250,1285
2020-07-13,Peru,NA,Callao,994494,54,3,19304,1288
2020-07-14,Peru,NA,Callao,994494,60,10,19364,1298
2020-07-15,Peru,NA,Callao,994494,146,13,19510,1311
2020-07-16,Peru,NA,Callao,994494,153,7,19663,1318
2020-07-17,Peru,NA,Callao,994494,183,9,19846,1327
2020-07-18,Peru,NA,Callao,994494,142,6,19988,1333
2020-07-19,Peru,NA,Callao,994494,24,9,20012,1342
2020-07-20,Peru,NA,Callao,994494,60,3,20072,1345
2020-07-21,Peru,NA,Callao,994494,111,4,20183,1349
2020-07-22,Peru,NA,Callao,994494,179,9,20362,1358
2020-07-23,Peru,NA,Callao,994494,195,11,20557,1369
2020-07-24,Peru,NA,Callao,994494,163,6,20720,1375
2020-07-25,Peru,NA,Callao,994494,159,1,20879,1376
2020-07-26,Peru,NA,Callao,994494,70,0,20949,1376
2020-07-27,Peru,NA,Callao,994494,191,0,21140,1376
2020-07-28,Peru,NA,Callao,994494,54,0,21194,1376
2020-07-29,Peru,NA,Callao,994494,159,0,21353,1376
2020-07-30,Peru,NA,Callao,994494,184,0,21537,1376
2020-07-31,Peru,NA,Callao,994494,252,0,21789,1376
2020-08-01,Peru,NA,Callao,994494,173,0,21962,1376
2020-08-02,Peru,NA,Callao,994494,74,0,22036,1376
2020-08-03,Peru,NA,Callao,994494,271,0,22307,1376
2020-08-04,Peru,NA,Callao,994494,208,3,22515,1379
2020-08-05,Peru,NA,Callao,994494,213,7,22728,1386
2020-08-06,Peru,NA,Callao,994494,220,13,22948,1399
2020-08-07,Peru,NA,Callao,994494,185,8,23133,1407
2020-08-08,Peru,NA,Callao,994494,186,10,23319,1417
2020-08-09,Peru,NA,Callao,994494,62,5,23381,1422
2020-08-10,Peru,NA,Callao,994494,218,2,23599,1424
2020-08-11,Peru,NA,Callao,994494,323,9,23922,1433
2020-08-12,Peru,NA,Callao,994494,409,5,24331,1438
2020-08-13,Peru,NA,Callao,994494,268,6,24599,1444
2020-08-14,Peru,NA,Callao,994494,229,12,24828,1456
2020-08-15,Peru,NA,Callao,994494,252,6,25080,1462
2020-08-16,Peru,NA,Callao,994494,71,5,25151,1467
2020-08-17,Peru,NA,Callao,994494,203,12,25354,1479
2020-08-18,Peru,NA,Callao,994494,232,2,25586,1481
2020-08-19,Peru,NA,Callao,994494,243,5,25829,1486
2020-08-20,Peru,NA,Callao,994494,278,13,26107,1499
2020-08-21,Peru,NA,Callao,994494,217,6,26324,1505
2020-08-22,Peru,NA,Callao,994494,152,9,26476,1514
2020-08-23,Peru,NA,Callao,994494,21,7,26497,1521
2020-08-24,Peru,NA,Callao,994494,316,6,26813,1527
2020-08-25,Peru,NA,Callao,994494,243,6,27056,1533
2020-08-26,Peru,NA,Callao,994494,226,6,27282,1539
2020-08-27,Peru,NA,Callao,994494,178,12,27460,1551
2020-08-28,Peru,NA,Callao,994494,225,7,27685,1558
2020-08-29,Peru,NA,Callao,994494,127,5,27812,1563
2020-08-30,Peru,NA,Callao,994494,70,6,27882,1569
2020-08-31,Peru,NA,Callao,994494,162,3,28044,1572
2020-09-01,Peru,NA,Callao,994494,162,8,28206,1580
2020-09-02,Peru,NA,Callao,994494,181,5,28387,1585
2020-09-03,Peru,NA,Callao,994494,124,4,28511,1589
2020-09-04,Peru,NA,Callao,994494,220,4,28731,1593
2020-09-05,Peru,NA,Callao,994494,90,8,28821,1601
2020-09-06,Peru,NA,Callao,994494,42,8,28863,1609
2020-09-07,Peru,NA,Callao,994494,145,7,29008,1616
2020-09-08,Peru,NA,Callao,994494,233,6,29241,1622
2020-09-09,Peru,NA,Callao,994494,191,7,29432,1629
2020-09-10,Peru,NA,Callao,994494,232,5,29664,1634
2020-09-11,Peru,NA,Callao,994494,274,5,29938,1639
2020-09-12,Peru,NA,Callao,994494,166,9,30104,1648
2020-09-13,Peru,NA,Callao,994494,36,9,30140,1657
2020-03-27,Peru,NA,Cusco,1205527,1,2,11,3
2020-03-28,Peru,NA,Cusco,1205527,6,0,17,3
2020-03-29,Peru,NA,Cusco,1205527,8,0,25,3
2020-03-30,Peru,NA,Cusco,1205527,1,0,26,3
2020-03-31,Peru,NA,Cusco,1205527,8,0,34,3
2020-04-01,Peru,NA,Cusco,1205527,4,0,38,3
2020-04-02,Peru,NA,Cusco,1205527,7,1,45,4
2020-04-03,Peru,NA,Cusco,1205527,4,0,49,4
2020-04-04,Peru,NA,Cusco,1205527,11,0,60,4
2020-04-05,Peru,NA,Cusco,1205527,2,0,62,4
2020-04-06,Peru,NA,Cusco,1205527,1,0,63,4
2020-04-08,Peru,NA,Cusco,1205527,3,0,66,4
2020-04-09,Peru,NA,Cusco,1205527,2,0,68,4
2020-04-10,Peru,NA,Cusco,1205527,3,0,71,4
2020-04-11,Peru,NA,Cusco,1205527,43,0,114,4
2020-04-13,Peru,NA,Cusco,1205527,1,0,115,4
2020-04-14,Peru,NA,Cusco,1205527,3,0,118,4
2020-04-15,Peru,NA,Cusco,1205527,1,0,119,4
2020-04-16,Peru,NA,Cusco,1205527,9,0,128,4
2020-04-17,Peru,NA,Cusco,1205527,12,0,140,4
2020-04-18,Peru,NA,Cusco,1205527,15,0,155,4
2020-04-20,Peru,NA,Cusco,1205527,15,0,170,4
2020-04-21,Peru,NA,Cusco,1205527,7,0,177,4
2020-04-22,Peru,NA,Cusco,1205527,19,1,196,5
2020-04-23,Peru,NA,Cusco,1205527,14,1,210,6
2020-04-24,Peru,NA,Cusco,1205527,3,0,213,6
2020-04-25,Peru,NA,Cusco,1205527,11,0,224,6
2020-04-26,Peru,NA,Cusco,1205527,1,1,225,7
2020-04-27,Peru,NA,Cusco,1205527,14,0,239,7
2020-04-28,Peru,NA,Cusco,1205527,23,0,262,7
2020-04-29,Peru,NA,Cusco,1205527,22,0,284,7
2020-04-30,Peru,NA,Cusco,1205527,34,0,318,7
2020-05-01,Peru,NA,Cusco,1205527,6,0,324,7
2020-05-02,Peru,NA,Cusco,1205527,13,0,337,7
2020-05-03,Peru,NA,Cusco,1205527,2,0,339,7
2020-05-04,Peru,NA,Cusco,1205527,8,0,347,7
2020-05-05,Peru,NA,Cusco,1205527,26,0,373,7
2020-05-06,Peru,NA,Cusco,1205527,50,0,423,7
2020-05-07,Peru,NA,Cusco,1205527,48,0,471,7
2020-05-08,Peru,NA,Cusco,1205527,49,0,520,7
2020-05-09,Peru,NA,Cusco,1205527,11,0,531,7
2020-05-10,Peru,NA,Cusco,1205527,2,0,533,7
2020-05-11,Peru,NA,Cusco,1205527,56,0,589,7
2020-05-12,Peru,NA,Cusco,1205527,33,1,622,8
2020-05-13,Peru,NA,Cusco,1205527,47,2,669,10
2020-05-14,Peru,NA,Cusco,1205527,31,0,700,10
2020-05-15,Peru,NA,Cusco,1205527,6,2,706,12
2020-05-16,Peru,NA,Cusco,1205527,10,0,716,12
2020-05-18,Peru,NA,Cusco,1205527,7,0,723,12
2020-05-19,Peru,NA,Cusco,1205527,40,1,763,13
2020-05-20,Peru,NA,Cusco,1205527,31,0,794,13
2020-05-21,Peru,NA,Cusco,1205527,41,0,835,13
2020-05-22,Peru,NA,Cusco,1205527,44,0,879,13
2020-05-23,Peru,NA,Cusco,1205527,32,0,911,13
2020-05-24,Peru,NA,Cusco,1205527,6,0,917,13
2020-05-25,Peru,NA,Cusco,1205527,51,0,968,13
2020-05-26,Peru,NA,Cusco,1205527,30,0,998,13
2020-05-27,Peru,NA,Cusco,1205527,37,0,1035,13
2020-05-28,Peru,NA,Cusco,1205527,46,0,1081,13
2020-05-29,Peru,NA,Cusco,1205527,57,0,1138,13
2020-05-30,Peru,NA,Cusco,1205527,19,0,1157,13
2020-05-31,Peru,NA,Cusco,1205527,1,0,1158,13
2020-06-01,Peru,NA,Cusco,1205527,25,0,1183,13
2020-06-02,Peru,NA,Cusco,1205527,23,0,1206,13
2020-06-03,Peru,NA,Cusco,1205527,14,2,1220,15
2020-06-04,Peru,NA,Cusco,1205527,30,2,1250,17
2020-06-05,Peru,NA,Cusco,1205527,18,1,1268,18
2020-06-06,Peru,NA,Cusco,1205527,40,0,1308,18
2020-06-07,Peru,NA,Cusco,1205527,20,1,1328,19
2020-06-08,Peru,NA,Cusco,1205527,17,0,1345,19
2020-06-09,Peru,NA,Cusco,1205527,37,1,1382,20
2020-06-10,Peru,NA,Cusco,1205527,35,0,1417,20
2020-06-11,Peru,NA,Cusco,1205527,19,1,1436,21
2020-06-12,Peru,NA,Cusco,1205527,48,1,1484,22
2020-06-13,Peru,NA,Cusco,1205527,18,3,1502,25
2020-06-14,Peru,NA,Cusco,1205527,9,1,1511,26
2020-06-15,Peru,NA,Cusco,1205527,15,1,1526,27
2020-06-16,Peru,NA,Cusco,1205527,13,1,1539,28
2020-06-17,Peru,NA,Cusco,1205527,22,4,1561,32
2020-06-18,Peru,NA,Cusco,1205527,13,0,1574,32
2020-06-19,Peru,NA,Cusco,1205527,21,2,1595,34
2020-06-20,Peru,NA,Cusco,1205527,35,0,1630,34
2020-06-21,Peru,NA,Cusco,1205527,1,0,1631,34
2020-06-22,Peru,NA,Cusco,1205527,16,0,1647,34
2020-06-23,Peru,NA,Cusco,1205527,29,0,1676,34
2020-06-24,Peru,NA,Cusco,1205527,14,1,1690,35
2020-06-25,Peru,NA,Cusco,1205527,18,3,1708,38
2020-06-26,Peru,NA,Cusco,1205527,41,1,1749,39
2020-06-27,Peru,NA,Cusco,1205527,31,1,1780,40
2020-06-28,Peru,NA,Cusco,1205527,6,2,1786,42
2020-06-29,Peru,NA,Cusco,1205527,29,1,1815,43
2020-06-30,Peru,NA,Cusco,1205527,27,1,1842,44
2020-07-01,Peru,NA,Cusco,1205527,18,0,1860,44
2020-07-02,Peru,NA,Cusco,1205527,36,0,1896,44
2020-07-03,Peru,NA,Cusco,1205527,27,1,1923,45
2020-07-04,Peru,NA,Cusco,1205527,45,1,1968,46
2020-07-05,Peru,NA,Cusco,1205527,26,1,1994,47
2020-07-06,Peru,NA,Cusco,1205527,40,0,2034,47
2020-07-07,Peru,NA,Cusco,1205527,38,1,2072,48
2020-07-08,Peru,NA,Cusco,1205527,28,0,2100,48
2020-07-09,Peru,NA,Cusco,1205527,25,1,2125,49
2020-07-10,Peru,NA,Cusco,1205527,94,0,2219,49
2020-07-11,Peru,NA,Cusco,1205527,87,2,2306,51
2020-07-12,Peru,NA,Cusco,1205527,13,1,2319,52
2020-07-13,Peru,NA,Cusco,1205527,82,0,2401,52
2020-07-14,Peru,NA,Cusco,1205527,67,2,2468,54
2020-07-15,Peru,NA,Cusco,1205527,70,1,2538,55
2020-07-16,Peru,NA,Cusco,1205527,54,5,2592,60
2020-07-17,Peru,NA,Cusco,1205527,85,2,2677,62
2020-07-18,Peru,NA,Cusco,1205527,120,4,2797,66
2020-07-19,Peru,NA,Cusco,1205527,25,1,2822,67
2020-07-20,Peru,NA,Cusco,1205527,86,5,2908,72
2020-07-21,Peru,NA,Cusco,1205527,138,2,3046,74
2020-07-22,Peru,NA,Cusco,1205527,214,10,3260,84
2020-07-23,Peru,NA,Cusco,1205527,61,1,3321,85
2020-07-24,Peru,NA,Cusco,1205527,175,1,3496,86
2020-07-25,Peru,NA,Cusco,1205527,188,4,3684,90
2020-07-26,Peru,NA,Cusco,1205527,172,2,3856,92
2020-07-27,Peru,NA,Cusco,1205527,154,2,4010,94
2020-07-28,Peru,NA,Cusco,1205527,86,5,4096,99
2020-07-29,Peru,NA,Cusco,1205527,255,2,4351,101
2020-07-30,Peru,NA,Cusco,1205527,198,6,4549,107
2020-07-31,Peru,NA,Cusco,1205527,336,8,4885,115
2020-08-01,Peru,NA,Cusco,1205527,161,10,5046,125
2020-08-02,Peru,NA,Cusco,1205527,80,9,5126,134
2020-08-03,Peru,NA,Cusco,1205527,236,4,5362,138
2020-08-04,Peru,NA,Cusco,1205527,258,10,5620,148
2020-08-05,Peru,NA,Cusco,1205527,242,2,5862,150
2020-08-06,Peru,NA,Cusco,1205527,313,8,6175,158
2020-08-07,Peru,NA,Cusco,1205527,345,6,6520,164
2020-08-08,Peru,NA,Cusco,1205527,194,6,6714,170
2020-08-09,Peru,NA,Cusco,1205527,222,1,6936,171
2020-08-10,Peru,NA,Cusco,1205527,323,6,7259,177
2020-08-11,Peru,NA,Cusco,1205527,401,5,7660,182
2020-08-12,Peru,NA,Cusco,1205527,374,7,8034,189
2020-08-13,Peru,NA,Cusco,1205527,405,5,8439,194
2020-08-14,Peru,NA,Cusco,1205527,395,9,8834,203
2020-08-15,Peru,NA,Cusco,1205527,306,4,9140,207
2020-08-16,Peru,NA,Cusco,1205527,64,6,9204,213
2020-08-17,Peru,NA,Cusco,1205527,337,5,9541,218
2020-08-18,Peru,NA,Cusco,1205527,467,6,10008,224
2020-08-19,Peru,NA,Cusco,1205527,448,10,10456,234
2020-08-20,Peru,NA,Cusco,1205527,763,12,11219,246
2020-08-21,Peru,NA,Cusco,1205527,643,8,11862,254
2020-08-22,Peru,NA,Cusco,1205527,532,7,12394,261
2020-08-23,Peru,NA,Cusco,1205527,64,3,12458,264
2020-08-24,Peru,NA,Cusco,1205527,736,9,13194,273
2020-08-25,Peru,NA,Cusco,1205527,558,7,13752,280
2020-08-26,Peru,NA,Cusco,1205527,346,9,14098,289
2020-08-27,Peru,NA,Cusco,1205527,347,13,14445,302
2020-08-28,Peru,NA,Cusco,1205527,654,8,15099,310
2020-08-29,Peru,NA,Cusco,1205527,277,11,15376,321
2020-08-30,Peru,NA,Cusco,1205527,39,5,15415,326
2020-08-31,Peru,NA,Cusco,1205527,266,4,15681,330
2020-09-01,Peru,NA,Cusco,1205527,224,2,15905,332
2020-09-02,Peru,NA,Cusco,1205527,264,7,16169,339
2020-09-03,Peru,NA,Cusco,1205527,94,2,16263,341
2020-09-04,Peru,NA,Cusco,1205527,372,1,16635,342
2020-09-05,Peru,NA,Cusco,1205527,119,7,16754,349
2020-09-06,Peru,NA,Cusco,1205527,159,2,16913,351
2020-09-07,Peru,NA,Cusco,1205527,266,2,17179,353
2020-09-08,Peru,NA,Cusco,1205527,296,5,17475,358
2020-09-09,Peru,NA,Cusco,1205527,256,5,17731,363
2020-09-10,Peru,NA,Cusco,1205527,104,4,17835,367
2020-09-11,Peru,NA,Cusco,1205527,458,6,18293,373
2020-09-12,Peru,NA,Cusco,1205527,147,2,18440,375
2020-09-13,Peru,NA,Cusco,1205527,17,1,18457,376
2020-04-11,Peru,NA,Huancavelica,347639,2,0,11,1
2020-04-12,Peru,NA,Huancavelica,347639,2,0,13,1
2020-04-13,Peru,NA,Huancavelica,347639,1,0,14,1
2020-04-14,Peru,NA,Huancavelica,347639,1,0,15,1
2020-04-15,Peru,NA,Huancavelica,347639,4,0,19,1
2020-04-16,Peru,NA,Huancavelica,347639,6,0,25,1
2020-04-17,Peru,NA,Huancavelica,347639,1,0,26,1
2020-04-19,Peru,NA,Huancavelica,347639,2,0,28,1
2020-04-20,Peru,NA,Huancavelica,347639,3,1,31,2
2020-04-21,Peru,NA,Huancavelica,347639,1,0,32,2
2020-04-22,Peru,NA,Huancavelica,347639,4,0,36,2
2020-04-23,Peru,NA,Huancavelica,347639,3,0,39,2
2020-04-24,Peru,NA,Huancavelica,347639,3,0,42,2
2020-04-25,Peru,NA,Huancavelica,347639,14,0,56,2
2020-04-26,Peru,NA,Huancavelica,347639,11,0,67,2
2020-04-27,Peru,NA,Huancavelica,347639,18,0,85,2
2020-04-28,Peru,NA,Huancavelica,347639,13,0,98,2
2020-04-29,Peru,NA,Huancavelica,347639,20,0,118,2
2020-04-30,Peru,NA,Huancavelica,347639,17,0,135,2
2020-05-01,Peru,NA,Huancavelica,347639,68,0,203,2
2020-05-02,Peru,NA,Huancavelica,347639,61,0,264,2
2020-05-03,Peru,NA,Huancavelica,347639,25,0,289,2
2020-05-04,Peru,NA,Huancavelica,347639,12,0,301,2
2020-05-05,Peru,NA,Huancavelica,347639,36,0,337,2
2020-05-06,Peru,NA,Huancavelica,347639,3,0,340,2
2020-05-07,Peru,NA,Huancavelica,347639,5,0,345,2
2020-05-08,Peru,NA,Huancavelica,347639,13,0,358,2
2020-05-09,Peru,NA,Huancavelica,347639,5,0,363,2
2020-05-10,Peru,NA,Huancavelica,347639,1,0,364,2
2020-05-11,Peru,NA,Huancavelica,347639,1,0,365,2
2020-05-12,Peru,NA,Huancavelica,347639,1,0,366,2
2020-05-13,Peru,NA,Huancavelica,347639,5,0,371,2
2020-05-14,Peru,NA,Huancavelica,347639,12,0,383,2
2020-05-15,Peru,NA,Huancavelica,347639,6,0,389,2
2020-05-16,Peru,NA,Huancavelica,347639,5,0,394,2
2020-05-17,Peru,NA,Huancavelica,347639,9,0,403,2
2020-05-18,Peru,NA,Huancavelica,347639,6,0,409,2
2020-05-19,Peru,NA,Huancavelica,347639,16,0,425,2
2020-05-20,Peru,NA,Huancavelica,347639,10,0,435,2
2020-05-21,Peru,NA,Huancavelica,347639,17,0,452,2
2020-05-22,Peru,NA,Huancavelica,347639,24,0,476,2
2020-05-23,Peru,NA,Huancavelica,347639,6,0,482,2
2020-05-24,Peru,NA,Huancavelica,347639,7,0,489,2
2020-05-25,Peru,NA,Huancavelica,347639,12,0,501,2
2020-05-26,Peru,NA,Huancavelica,347639,9,0,510,2
2020-05-27,Peru,NA,Huancavelica,347639,14,0,524,2
2020-05-28,Peru,NA,Huancavelica,347639,10,0,534,2
2020-05-29,Peru,NA,Huancavelica,347639,11,0,545,2
2020-05-30,Peru,NA,Huancavelica,347639,11,0,556,2
2020-05-31,Peru,NA,Huancavelica,347639,3,0,559,2
2020-06-01,Peru,NA,Huancavelica,347639,12,0,571,2
2020-06-02,Peru,NA,Huancavelica,347639,5,0,576,2
2020-06-03,Peru,NA,Huancavelica,347639,29,1,605,3
2020-06-04,Peru,NA,Huancavelica,347639,15,0,620,3
2020-06-05,Peru,NA,Huancavelica,347639,7,0,627,3
2020-06-06,Peru,NA,Huancavelica,347639,11,2,638,5
2020-06-07,Peru,NA,Huancavelica,347639,13,0,651,5
2020-06-08,Peru,NA,Huancavelica,347639,13,1,664,6
2020-06-09,Peru,NA,Huancavelica,347639,16,0,680,6
2020-06-10,Peru,NA,Huancavelica,347639,17,0,697,6
2020-06-11,Peru,NA,Huancavelica,347639,17,0,714,6
2020-06-12,Peru,NA,Huancavelica,347639,13,0,727,6
2020-06-13,Peru,NA,Huancavelica,347639,12,1,739,7
2020-06-14,Peru,NA,Huancavelica,347639,6,0,745,7
2020-06-15,Peru,NA,Huancavelica,347639,14,2,759,9
2020-06-16,Peru,NA,Huancavelica,347639,3,2,762,11
2020-06-17,Peru,NA,Huancavelica,347639,4,0,766,11
2020-06-18,Peru,NA,Huancavelica,347639,3,0,769,11
2020-06-19,Peru,NA,Huancavelica,347639,7,0,776,11
2020-06-20,Peru,NA,Huancavelica,347639,11,0,787,11
2020-06-21,Peru,NA,Huancavelica,347639,4,0,791,11
2020-06-22,Peru,NA,Huancavelica,347639,6,0,797,11
2020-06-23,Peru,NA,Huancavelica,347639,13,1,810,12
2020-06-24,Peru,NA,Huancavelica,347639,19,0,829,12
2020-06-25,Peru,NA,Huancavelica,347639,11,1,840,13
2020-06-26,Peru,NA,Huancavelica,347639,4,0,844,13
2020-06-27,Peru,NA,Huancavelica,347639,25,0,869,13
2020-06-28,Peru,NA,Huancavelica,347639,8,0,877,13
2020-06-29,Peru,NA,Huancavelica,347639,15,0,892,13
2020-06-30,Peru,NA,Huancavelica,347639,7,1,899,14
2020-07-01,Peru,NA,Huancavelica,347639,11,0,910,14
2020-07-02,Peru,NA,Huancavelica,347639,11,1,921,15
2020-07-03,Peru,NA,Huancavelica,347639,15,0,936,15
2020-07-04,Peru,NA,Huancavelica,347639,18,2,954,17
2020-07-05,Peru,NA,Huancavelica,347639,24,1,978,18
2020-07-06,Peru,NA,Huancavelica,347639,24,2,1002,20
2020-07-07,Peru,NA,Huancavelica,347639,14,1,1016,21
2020-07-08,Peru,NA,Huancavelica,347639,11,3,1027,24
2020-07-09,Peru,NA,Huancavelica,347639,9,2,1036,26
2020-07-10,Peru,NA,Huancavelica,347639,20,0,1056,26
2020-07-11,Peru,NA,Huancavelica,347639,16,0,1072,26
2020-07-12,Peru,NA,Huancavelica,347639,24,0,1096,26
2020-07-13,Peru,NA,Huancavelica,347639,15,0,1111,26
2020-07-14,Peru,NA,Huancavelica,347639,19,0,1130,26
2020-07-15,Peru,NA,Huancavelica,347639,10,0,1140,26
2020-07-16,Peru,NA,Huancavelica,347639,18,2,1158,28
2020-07-17,Peru,NA,Huancavelica,347639,49,1,1207,29
2020-07-18,Peru,NA,Huancavelica,347639,27,0,1234,29
2020-07-19,Peru,NA,Huancavelica,347639,17,1,1251,30
2020-07-20,Peru,NA,Huancavelica,347639,42,0,1293,30
2020-07-21,Peru,NA,Huancavelica,347639,6,2,1299,32
2020-07-22,Peru,NA,Huancavelica,347639,59,0,1358,32
2020-07-23,Peru,NA,Huancavelica,347639,64,2,1422,34
2020-07-24,Peru,NA,Huancavelica,347639,32,0,1454,34
2020-07-25,Peru,NA,Huancavelica,347639,39,3,1493,37
2020-07-26,Peru,NA,Huancavelica,347639,31,1,1524,38
2020-07-27,Peru,NA,Huancavelica,347639,41,0,1565,38
2020-07-28,Peru,NA,Huancavelica,347639,40,0,1605,38
2020-07-29,Peru,NA,Huancavelica,347639,102,1,1707,39
2020-07-30,Peru,NA,Huancavelica,347639,55,0,1762,39
2020-07-31,Peru,NA,Huancavelica,347639,70,0,1832,39
2020-08-01,Peru,NA,Huancavelica,347639,79,0,1911,39
2020-08-02,Peru,NA,Huancavelica,347639,26,1,1937,40
2020-08-03,Peru,NA,Huancavelica,347639,63,0,2000,40
2020-08-04,Peru,NA,Huancavelica,347639,90,0,2090,40
2020-08-05,Peru,NA,Huancavelica,347639,91,0,2181,40
2020-08-06,Peru,NA,Huancavelica,347639,106,2,2287,42
2020-08-07,Peru,NA,Huancavelica,347639,138,0,2425,42
2020-08-08,Peru,NA,Huancavelica,347639,120,2,2545,44
2020-08-09,Peru,NA,Huancavelica,347639,30,1,2575,45
2020-08-10,Peru,NA,Huancavelica,347639,83,5,2658,50
2020-08-11,Peru,NA,Huancavelica,347639,138,1,2796,51
2020-08-12,Peru,NA,Huancavelica,347639,162,2,2958,53
2020-08-13,Peru,NA,Huancavelica,347639,166,5,3124,58
2020-08-14,Peru,NA,Huancavelica,347639,124,2,3248,60
2020-08-15,Peru,NA,Huancavelica,347639,157,0,3405,60
2020-08-16,Peru,NA,Huancavelica,347639,69,2,3474,62
2020-08-17,Peru,NA,Huancavelica,347639,154,0,3628,62
2020-08-18,Peru,NA,Huancavelica,347639,153,1,3781,63
2020-08-19,Peru,NA,Huancavelica,347639,208,0,3989,63
2020-08-20,Peru,NA,Huancavelica,347639,133,1,4122,64
2020-08-21,Peru,NA,Huancavelica,347639,107,2,4229,66
2020-08-22,Peru,NA,Huancavelica,347639,71,3,4300,69
2020-08-23,Peru,NA,Huancavelica,347639,9,4,4309,73
2020-08-24,Peru,NA,Huancavelica,347639,80,4,4389,77
2020-08-25,Peru,NA,Huancavelica,347639,146,0,4535,77
2020-08-26,Peru,NA,Huancavelica,347639,99,0,4634,77
2020-08-27,Peru,NA,Huancavelica,347639,40,3,4674,80
2020-08-28,Peru,NA,Huancavelica,347639,71,2,4745,82
2020-08-29,Peru,NA,Huancavelica,347639,65,2,4810,84
2020-08-30,Peru,NA,Huancavelica,347639,69,0,4879,84
2020-08-31,Peru,NA,Huancavelica,347639,60,0,4939,84
2020-09-01,Peru,NA,Huancavelica,347639,70,3,5009,87
2020-09-02,Peru,NA,Huancavelica,347639,88,0,5097,87
2020-09-03,Peru,NA,Huancavelica,347639,14,1,5111,88
2020-09-04,Peru,NA,Huancavelica,347639,197,1,5308,89
2020-09-05,Peru,NA,Huancavelica,347639,8,1,5316,90
2020-09-06,Peru,NA,Huancavelica,347639,7,1,5323,91
2020-09-07,Peru,NA,Huancavelica,347639,95,1,5418,92
2020-09-08,Peru,NA,Huancavelica,347639,70,1,5488,93
2020-09-09,Peru,NA,Huancavelica,347639,110,1,5598,94
2020-09-10,Peru,NA,Huancavelica,347639,7,0,5605,94
2020-09-11,Peru,NA,Huancavelica,347639,82,0,5687,94
2020-09-12,Peru,NA,Huancavelica,347639,53,4,5740,98
2020-09-13,Peru,NA,Huancavelica,347639,6,2,5746,100
2020-04-07,Peru,NA,Huanuco,721047,2,0,12,1
2020-04-08,Peru,NA,Huanuco,721047,5,0,17,1
2020-04-09,Peru,NA,Huanuco,721047,7,0,24,1
2020-04-10,Peru,NA,Huanuco,721047,3,0,27,1
2020-04-11,Peru,NA,Huanuco,721047,7,0,34,1
2020-04-12,Peru,NA,Huanuco,721047,4,0,38,1
2020-04-13,Peru,NA,Huanuco,721047,5,0,43,1
2020-04-14,Peru,NA,Huanuco,721047,10,0,53,1
2020-04-15,Peru,NA,Huanuco,721047,14,0,67,1
2020-04-16,Peru,NA,Huanuco,721047,11,0,78,1
2020-04-17,Peru,NA,Huanuco,721047,38,0,116,1
2020-04-18,Peru,NA,Huanuco,721047,20,0,136,1
2020-04-19,Peru,NA,Huanuco,721047,4,0,140,1
2020-04-20,Peru,NA,Huanuco,721047,7,0,147,1
2020-04-21,Peru,NA,Huanuco,721047,10,0,157,1
2020-04-22,Peru,NA,Huanuco,721047,5,0,162,1
2020-04-23,Peru,NA,Huanuco,721047,9,0,171,1
2020-04-24,Peru,NA,Huanuco,721047,9,0,180,1
2020-04-25,Peru,NA,Huanuco,721047,48,0,228,1
2020-04-26,Peru,NA,Huanuco,721047,6,0,234,1
2020-04-27,Peru,NA,Huanuco,721047,20,0,254,1
2020-04-28,Peru,NA,Huanuco,721047,15,0,269,1
2020-04-29,Peru,NA,Huanuco,721047,13,0,282,1
2020-04-30,Peru,NA,Huanuco,721047,19,1,301,2
2020-05-01,Peru,NA,Huanuco,721047,8,1,309,3
2020-05-02,Peru,NA,Huanuco,721047,3,1,312,4
2020-05-03,Peru,NA,Huanuco,721047,4,0,316,4
2020-05-04,Peru,NA,Huanuco,721047,16,1,332,5
2020-05-05,Peru,NA,Huanuco,721047,10,3,342,8
2020-05-06,Peru,NA,Huanuco,721047,11,1,353,9
2020-05-07,Peru,NA,Huanuco,721047,12,1,365,10
2020-05-08,Peru,NA,Huanuco,721047,5,0,370,10
2020-05-09,Peru,NA,Huanuco,721047,13,1,383,11
2020-05-10,Peru,NA,Huanuco,721047,2,0,385,11
2020-05-11,Peru,NA,Huanuco,721047,16,0,401,11
2020-05-12,Peru,NA,Huanuco,721047,13,0,414,11
2020-05-13,Peru,NA,Huanuco,721047,62,0,476,11
2020-05-14,Peru,NA,Huanuco,721047,26,0,502,11
2020-05-15,Peru,NA,Huanuco,721047,23,1,525,12
2020-05-16,Peru,NA,Huanuco,721047,8,1,533,13
2020-05-17,Peru,NA,Huanuco,721047,5,2,538,15
2020-05-18,Peru,NA,Huanuco,721047,17,0,555,15
2020-05-19,Peru,NA,Huanuco,721047,20,1,575,16
2020-05-20,Peru,NA,Huanuco,721047,17,2,592,18
2020-05-21,Peru,NA,Huanuco,721047,10,3,602,21
2020-05-22,Peru,NA,Huanuco,721047,36,2,638,23
2020-05-23,Peru,NA,Huanuco,721047,22,1,660,24
2020-05-24,Peru,NA,Huanuco,721047,7,0,667,24
2020-05-25,Peru,NA,Huanuco,721047,30,1,697,25
2020-05-26,Peru,NA,Huanuco,721047,21,1,718,26
2020-05-27,Peru,NA,Huanuco,721047,32,4,750,30
2020-05-28,Peru,NA,Huanuco,721047,24,2,774,32
2020-05-29,Peru,NA,Huanuco,721047,33,2,807,34
2020-05-30,Peru,NA,Huanuco,721047,10,2,817,36
2020-05-31,Peru,NA,Huanuco,721047,9,1,826,37
2020-06-01,Peru,NA,Huanuco,721047,19,0,845,37
2020-06-02,Peru,NA,Huanuco,721047,28,1,873,38
2020-06-03,Peru,NA,Huanuco,721047,38,0,911,38
2020-06-04,Peru,NA,Huanuco,721047,80,3,991,41
2020-06-05,Peru,NA,Huanuco,721047,43,2,1034,43
2020-06-06,Peru,NA,Huanuco,721047,15,4,1049,47
2020-06-07,Peru,NA,Huanuco,721047,14,3,1063,50
2020-06-08,Peru,NA,Huanuco,721047,43,4,1106,54
2020-06-09,Peru,NA,Huanuco,721047,35,3,1141,57
2020-06-10,Peru,NA,Huanuco,721047,36,5,1177,62
2020-06-11,Peru,NA,Huanuco,721047,95,3,1272,65
2020-06-12,Peru,NA,Huanuco,721047,52,3,1324,68
2020-06-13,Peru,NA,Huanuco,721047,49,2,1373,70
2020-06-14,Peru,NA,Huanuco,721047,23,4,1396,74
2020-06-15,Peru,NA,Huanuco,721047,63,5,1459,79
2020-06-16,Peru,NA,Huanuco,721047,37,5,1496,84
2020-06-17,Peru,NA,Huanuco,721047,43,5,1539,89
2020-06-18,Peru,NA,Huanuco,721047,71,2,1610,91
2020-06-19,Peru,NA,Huanuco,721047,61,6,1671,97
2020-06-20,Peru,NA,Huanuco,721047,40,3,1711,100
2020-06-21,Peru,NA,Huanuco,721047,25,8,1736,108
2020-06-22,Peru,NA,Huanuco,721047,34,4,1770,112
2020-06-23,Peru,NA,Huanuco,721047,46,3,1816,115
2020-06-24,Peru,NA,Huanuco,721047,75,5,1891,120
2020-06-25,Peru,NA,Huanuco,721047,59,4,1950,124
2020-06-26,Peru,NA,Huanuco,721047,51,6,2001,130
2020-06-27,Peru,NA,Huanuco,721047,99,3,2100,133
2020-06-28,Peru,NA,Huanuco,721047,81,3,2181,136
2020-06-29,Peru,NA,Huanuco,721047,79,10,2260,146
2020-06-30,Peru,NA,Huanuco,721047,95,0,2355,146
2020-07-01,Peru,NA,Huanuco,721047,82,5,2437,151
2020-07-02,Peru,NA,Huanuco,721047,71,3,2508,154
2020-07-03,Peru,NA,Huanuco,721047,204,3,2712,157
2020-07-04,Peru,NA,Huanuco,721047,242,5,2954,162
2020-07-05,Peru,NA,Huanuco,721047,37,3,2991,165
2020-07-06,Peru,NA,Huanuco,721047,110,4,3101,169
2020-07-07,Peru,NA,Huanuco,721047,156,3,3257,172
2020-07-08,Peru,NA,Huanuco,721047,44,2,3301,174
2020-07-09,Peru,NA,Huanuco,721047,122,2,3423,176
2020-07-10,Peru,NA,Huanuco,721047,120,3,3543,179
2020-07-11,Peru,NA,Huanuco,721047,235,2,3778,181
2020-07-12,Peru,NA,Huanuco,721047,182,9,3960,190
2020-07-13,Peru,NA,Huanuco,721047,71,6,4031,196
2020-07-14,Peru,NA,Huanuco,721047,195,5,4226,201
2020-07-15,Peru,NA,Huanuco,721047,111,5,4337,206
2020-07-16,Peru,NA,Huanuco,721047,142,5,4479,211
2020-07-17,Peru,NA,Huanuco,721047,207,3,4686,214
2020-07-18,Peru,NA,Huanuco,721047,213,4,4899,218
2020-07-19,Peru,NA,Huanuco,721047,88,2,4987,220
2020-07-20,Peru,NA,Huanuco,721047,58,3,5045,223
2020-07-21,Peru,NA,Huanuco,721047,126,5,5171,228
2020-07-22,Peru,NA,Huanuco,721047,138,2,5309,230
2020-07-23,Peru,NA,Huanuco,721047,133,5,5442,235
2020-07-24,Peru,NA,Huanuco,721047,250,3,5692,238
2020-07-25,Peru,NA,Huanuco,721047,134,4,5826,242
2020-07-26,Peru,NA,Huanuco,721047,57,2,5883,244
2020-07-27,Peru,NA,Huanuco,721047,244,1,6127,245
2020-07-28,Peru,NA,Huanuco,721047,171,0,6298,245
2020-07-29,Peru,NA,Huanuco,721047,272,2,6570,247
2020-07-30,Peru,NA,Huanuco,721047,265,2,6835,249
2020-07-31,Peru,NA,Huanuco,721047,185,1,7020,250
2020-08-01,Peru,NA,Huanuco,721047,214,2,7234,252
2020-08-02,Peru,NA,Huanuco,721047,133,1,7367,253
2020-08-03,Peru,NA,Huanuco,721047,200,6,7567,259
2020-08-04,Peru,NA,Huanuco,721047,183,6,7750,265
2020-08-05,Peru,NA,Huanuco,721047,211,1,7961,266
2020-08-06,Peru,NA,Huanuco,721047,166,2,8127,268
2020-08-07,Peru,NA,Huanuco,721047,204,7,8331,275
2020-08-08,Peru,NA,Huanuco,721047,164,3,8495,278
2020-08-09,Peru,NA,Huanuco,721047,139,2,8634,280
2020-08-10,Peru,NA,Huanuco,721047,226,3,8860,283
2020-08-11,Peru,NA,Huanuco,721047,215,0,9075,283
2020-08-12,Peru,NA,Huanuco,721047,195,1,9270,284
2020-08-13,Peru,NA,Huanuco,721047,254,1,9524,285
2020-08-14,Peru,NA,Huanuco,721047,339,7,9863,292
2020-08-15,Peru,NA,Huanuco,721047,417,2,10280,294
2020-08-16,Peru,NA,Huanuco,721047,107,1,10387,295
2020-08-17,Peru,NA,Huanuco,721047,201,1,10588,296
2020-08-18,Peru,NA,Huanuco,721047,223,5,10811,301
2020-08-19,Peru,NA,Huanuco,721047,209,4,11020,305
2020-08-20,Peru,NA,Huanuco,721047,234,1,11254,306
2020-08-21,Peru,NA,Huanuco,721047,225,3,11479,309
2020-08-22,Peru,NA,Huanuco,721047,136,3,11615,312
2020-08-23,Peru,NA,Huanuco,721047,32,4,11647,316
2020-08-24,Peru,NA,Huanuco,721047,251,2,11898,318
2020-08-25,Peru,NA,Huanuco,721047,304,1,12202,319
2020-08-26,Peru,NA,Huanuco,721047,138,2,12340,321
2020-08-27,Peru,NA,Huanuco,721047,121,3,12461,324
2020-08-28,Peru,NA,Huanuco,721047,188,0,12649,324
2020-08-29,Peru,NA,Huanuco,721047,162,3,12811,327
2020-08-30,Peru,NA,Huanuco,721047,40,4,12851,331
2020-08-31,Peru,NA,Huanuco,721047,153,2,13004,333
2020-09-01,Peru,NA,Huanuco,721047,125,2,13129,335
2020-09-02,Peru,NA,Huanuco,721047,146,4,13275,339
2020-09-03,Peru,NA,Huanuco,721047,42,5,13317,344
2020-09-04,Peru,NA,Huanuco,721047,217,0,13534,344
2020-09-05,Peru,NA,Huanuco,721047,27,2,13561,346
2020-09-06,Peru,NA,Huanuco,721047,48,1,13609,347
2020-09-07,Peru,NA,Huanuco,721047,109,0,13718,347
2020-09-08,Peru,NA,Huanuco,721047,95,1,13813,348
2020-09-09,Peru,NA,Huanuco,721047,110,6,13923,354
2020-09-10,Peru,NA,Huanuco,721047,41,3,13964,357
2020-09-11,Peru,NA,Huanuco,721047,174,0,14138,357
2020-09-12,Peru,NA,Huanuco,721047,147,1,14285,358
2020-09-13,Peru,NA,Huanuco,721047,12,0,14297,358
2020-04-03,Peru,NA,Ica,850765,4,1,12,4
2020-04-04,Peru,NA,Ica,850765,5,1,17,5
2020-04-05,Peru,NA,Ica,850765,4,0,21,5
2020-04-06,Peru,NA,Ica,850765,7,0,28,5
2020-04-07,Peru,NA,Ica,850765,9,0,37,5
2020-04-08,Peru,NA,Ica,850765,9,0,46,5
2020-04-09,Peru,NA,Ica,850765,5,2,51,7
2020-04-10,Peru,NA,Ica,850765,15,1,66,8
2020-04-11,Peru,NA,Ica,850765,20,2,86,10
2020-04-12,Peru,NA,Ica,850765,3,1,89,11
2020-04-13,Peru,NA,Ica,850765,27,3,116,14
2020-04-14,Peru,NA,Ica,850765,6,2,122,16
2020-04-15,Peru,NA,Ica,850765,14,1,136,17
2020-04-16,Peru,NA,Ica,850765,23,1,159,18
2020-04-17,Peru,NA,Ica,850765,22,2,181,20
2020-04-18,Peru,NA,Ica,850765,19,1,200,21
2020-04-19,Peru,NA,Ica,850765,4,2,204,23
2020-04-20,Peru,NA,Ica,850765,28,1,232,24
2020-04-21,Peru,NA,Ica,850765,22,2,254,26
2020-04-22,Peru,NA,Ica,850765,32,5,286,31
2020-04-23,Peru,NA,Ica,850765,34,5,320,36
2020-04-24,Peru,NA,Ica,850765,16,2,336,38
2020-04-25,Peru,NA,Ica,850765,30,5,366,43
2020-04-26,Peru,NA,Ica,850765,10,3,376,46
2020-04-27,Peru,NA,Ica,850765,51,3,427,49
2020-04-28,Peru,NA,Ica,850765,92,5,519,54
2020-04-29,Peru,NA,Ica,850765,134,3,653,57
2020-04-30,Peru,NA,Ica,850765,53,9,706,66
2020-05-01,Peru,NA,Ica,850765,38,7,744,73
2020-05-02,Peru,NA,Ica,850765,53,4,797,77
2020-05-03,Peru,NA,Ica,850765,31,8,828,85
2020-05-04,Peru,NA,Ica,850765,70,8,898,93
2020-05-05,Peru,NA,Ica,850765,47,6,945,99
2020-05-06,Peru,NA,Ica,850765,65,8,1010,107
2020-05-07,Peru,NA,Ica,850765,78,6,1088,113
2020-05-08,Peru,NA,Ica,850765,102,8,1190,121
2020-05-09,Peru,NA,Ica,850765,39,3,1229,124
2020-05-10,Peru,NA,Ica,850765,12,3,1241,127
2020-05-11,Peru,NA,Ica,850765,43,14,1284,141
2020-05-12,Peru,NA,Ica,850765,98,5,1382,146
2020-05-13,Peru,NA,Ica,850765,77,6,1459,152
2020-05-14,Peru,NA,Ica,850765,90,5,1549,157
2020-05-15,Peru,NA,Ica,850765,104,6,1653,163
2020-05-16,Peru,NA,Ica,850765,122,6,1775,169
2020-05-17,Peru,NA,Ica,850765,34,4,1809,173
2020-05-18,Peru,NA,Ica,850765,184,11,1993,184
2020-05-19,Peru,NA,Ica,850765,95,12,2088,196
2020-05-20,Peru,NA,Ica,850765,107,12,2195,208
2020-05-21,Peru,NA,Ica,850765,178,7,2373,215
2020-05-22,Peru,NA,Ica,850765,108,15,2481,230
2020-05-23,Peru,NA,Ica,850765,92,3,2573,233
2020-05-24,Peru,NA,Ica,850765,20,15,2593,248
2020-05-25,Peru,NA,Ica,850765,247,14,2840,262
2020-05-26,Peru,NA,Ica,850765,170,14,3010,276
2020-05-27,Peru,NA,Ica,850765,210,6,3220,282
2020-05-28,Peru,NA,Ica,850765,132,13,3352,295
2020-05-29,Peru,NA,Ica,850765,297,18,3649,313
2020-05-30,Peru,NA,Ica,850765,108,12,3757,325
2020-05-31,Peru,NA,Ica,850765,28,16,3785,341
2020-06-01,Peru,NA,Ica,850765,178,23,3963,364
2020-06-02,Peru,NA,Ica,850765,195,11,4158,375
2020-06-03,Peru,NA,Ica,850765,131,25,4289,400
2020-06-04,Peru,NA,Ica,850765,101,24,4390,424
2020-06-05,Peru,NA,Ica,850765,107,14,4497,438
2020-06-06,Peru,NA,Ica,850765,150,19,4647,457
2020-06-07,Peru,NA,Ica,850765,78,13,4725,470
2020-06-08,Peru,NA,Ica,850765,159,15,4884,485
2020-06-09,Peru,NA,Ica,850765,152,16,5036,501
2020-06-10,Peru,NA,Ica,850765,190,23,5226,524
2020-06-11,Peru,NA,Ica,850765,169,18,5395,542
2020-06-12,Peru,NA,Ica,850765,188,14,5583,556
2020-06-13,Peru,NA,Ica,850765,153,22,5736,578
2020-06-14,Peru,NA,Ica,850765,28,23,5764,601
2020-06-15,Peru,NA,Ica,850765,124,12,5888,613
2020-06-16,Peru,NA,Ica,850765,89,26,5977,639
2020-06-17,Peru,NA,Ica,850765,172,20,6149,659
2020-06-18,Peru,NA,Ica,850765,79,23,6228,682
2020-06-19,Peru,NA,Ica,850765,106,16,6334,698
2020-06-20,Peru,NA,Ica,850765,124,30,6458,728
2020-06-21,Peru,NA,Ica,850765,44,23,6502,751
2020-06-22,Peru,NA,Ica,850765,203,20,6705,771
2020-06-23,Peru,NA,Ica,850765,167,20,6872,791
2020-06-24,Peru,NA,Ica,850765,144,21,7016,812
2020-06-25,Peru,NA,Ica,850765,142,23,7158,835
2020-06-26,Peru,NA,Ica,850765,211,16,7369,851
2020-06-27,Peru,NA,Ica,850765,157,14,7526,865
2020-06-28,Peru,NA,Ica,850765,96,18,7622,883
2020-06-29,Peru,NA,Ica,850765,133,16,7755,899
2020-06-30,Peru,NA,Ica,850765,102,18,7857,917
2020-07-01,Peru,NA,Ica,850765,182,12,8039,929
2020-07-02,Peru,NA,Ica,850765,173,6,8212,935
2020-07-03,Peru,NA,Ica,850765,184,11,8396,946
2020-07-04,Peru,NA,Ica,850765,176,16,8572,962
2020-07-05,Peru,NA,Ica,850765,134,10,8706,972
2020-07-06,Peru,NA,Ica,850765,192,12,8898,984
2020-07-07,Peru,NA,Ica,850765,159,15,9057,999
2020-07-08,Peru,NA,Ica,850765,100,8,9157,1007
2020-07-09,Peru,NA,Ica,850765,116,12,9273,1019
2020-07-10,Peru,NA,Ica,850765,192,14,9465,1033
2020-07-11,Peru,NA,Ica,850765,155,16,9620,1049
2020-07-12,Peru,NA,Ica,850765,56,13,9676,1062
2020-07-13,Peru,NA,Ica,850765,96,10,9772,1072
2020-07-14,Peru,NA,Ica,850765,178,14,9950,1086
2020-07-15,Peru,NA,Ica,850765,203,8,10153,1094
2020-07-16,Peru,NA,Ica,850765,207,10,10360,1104
2020-07-17,Peru,NA,Ica,850765,334,11,10694,1115
2020-07-18,Peru,NA,Ica,850765,260,7,10954,1122
2020-07-19,Peru,NA,Ica,850765,59,9,11013,1131
2020-07-20,Peru,NA,Ica,850765,91,10,11104,1141
2020-07-21,Peru,NA,Ica,850765,200,9,11304,1150
2020-07-22,Peru,NA,Ica,850765,263,7,11567,1157
2020-07-23,Peru,NA,Ica,850765,421,10,11988,1167
2020-07-24,Peru,NA,Ica,850765,219,6,12207,1173
2020-07-25,Peru,NA,Ica,850765,247,5,12454,1178
2020-07-26,Peru,NA,Ica,850765,84,6,12538,1184
2020-07-27,Peru,NA,Ica,850765,253,11,12791,1195
2020-07-28,Peru,NA,Ica,850765,113,7,12904,1202
2020-07-29,Peru,NA,Ica,850765,168,10,13072,1212
2020-07-30,Peru,NA,Ica,850765,225,7,13297,1219
2020-07-31,Peru,NA,Ica,850765,328,10,13625,1229
2020-08-01,Peru,NA,Ica,850765,225,11,13850,1240
2020-08-02,Peru,NA,Ica,850765,57,11,13907,1251
2020-08-03,Peru,NA,Ica,850765,325,12,14232,1263
2020-08-04,Peru,NA,Ica,850765,296,13,14528,1276
2020-08-05,Peru,NA,Ica,850765,301,12,14829,1288
2020-08-06,Peru,NA,Ica,850765,412,11,15241,1299
2020-08-07,Peru,NA,Ica,850765,318,11,15559,1310
2020-08-08,Peru,NA,Ica,850765,267,7,15826,1317
2020-08-09,Peru,NA,Ica,850765,106,7,15932,1324
2020-08-10,Peru,NA,Ica,850765,487,11,16419,1335
2020-08-11,Peru,NA,Ica,850765,301,6,16720,1341
2020-08-12,Peru,NA,Ica,850765,277,6,16997,1347
2020-08-13,Peru,NA,Ica,850765,282,1,17279,1348
2020-08-14,Peru,NA,Ica,850765,261,5,17540,1353
2020-08-15,Peru,NA,Ica,850765,164,5,17704,1358
2020-08-16,Peru,NA,Ica,850765,115,13,17819,1371
2020-08-17,Peru,NA,Ica,850765,303,12,18122,1383
2020-08-18,Peru,NA,Ica,850765,261,6,18383,1389
2020-08-19,Peru,NA,Ica,850765,326,2,18709,1391
2020-08-20,Peru,NA,Ica,850765,357,14,19066,1405
2020-08-21,Peru,NA,Ica,850765,398,6,19464,1411
2020-08-22,Peru,NA,Ica,850765,251,7,19715,1418
2020-08-23,Peru,NA,Ica,850765,15,3,19730,1421
2020-08-24,Peru,NA,Ica,850765,329,5,20059,1426
2020-08-25,Peru,NA,Ica,850765,566,3,20625,1429
2020-08-26,Peru,NA,Ica,850765,259,5,20884,1434
2020-08-27,Peru,NA,Ica,850765,324,7,21208,1441
2020-08-28,Peru,NA,Ica,850765,281,5,21489,1446
2020-08-29,Peru,NA,Ica,850765,255,5,21744,1451
2020-08-30,Peru,NA,Ica,850765,62,4,21806,1455
2020-08-31,Peru,NA,Ica,850765,182,2,21988,1457
2020-09-01,Peru,NA,Ica,850765,196,7,22184,1464
2020-09-02,Peru,NA,Ica,850765,182,6,22366,1470
2020-09-03,Peru,NA,Ica,850765,97,11,22463,1481
2020-09-04,Peru,NA,Ica,850765,527,3,22990,1484
2020-09-05,Peru,NA,Ica,850765,88,2,23078,1486
2020-09-06,Peru,NA,Ica,850765,48,5,23126,1491
2020-09-07,Peru,NA,Ica,850765,228,6,23354,1497
2020-09-08,Peru,NA,Ica,850765,229,5,23583,1502
2020-09-09,Peru,NA,Ica,850765,227,1,23810,1503
2020-09-10,Peru,NA,Ica,850765,37,7,23847,1510
2020-09-11,Peru,NA,Ica,850765,316,7,24163,1517
2020-09-12,Peru,NA,Ica,850765,142,6,24305,1523
2020-09-13,Peru,NA,Ica,850765,6,2,24311,1525
2020-03-26,Peru,NA,Junin,1246038,1,0,11,0
2020-03-28,Peru,NA,Junin,1246038,1,0,12,0
2020-03-30,Peru,NA,Junin,1246038,4,1,16,1
2020-04-01,Peru,NA,Junin,1246038,2,0,18,1
2020-04-03,Peru,NA,Junin,1246038,8,0,26,1
2020-04-04,Peru,NA,Junin,1246038,0,1,26,2
2020-04-05,Peru,NA,Junin,1246038,4,0,30,2
2020-04-07,Peru,NA,Junin,1246038,13,0,43,2
2020-04-08,Peru,NA,Junin,1246038,2,0,45,2
2020-04-09,Peru,NA,Junin,1246038,14,0,59,2
2020-04-10,Peru,NA,Junin,1246038,2,0,61,2
2020-04-11,Peru,NA,Junin,1246038,8,0,69,2
2020-04-12,Peru,NA,Junin,1246038,4,0,73,2
2020-04-13,Peru,NA,Junin,1246038,9,1,82,3
2020-04-14,Peru,NA,Junin,1246038,33,2,115,5
2020-04-15,Peru,NA,Junin,1246038,12,0,127,5
2020-04-16,Peru,NA,Junin,1246038,28,0,155,5
2020-04-17,Peru,NA,Junin,1246038,20,0,175,5
2020-04-18,Peru,NA,Junin,1246038,14,2,189,7
2020-04-19,Peru,NA,Junin,1246038,5,1,194,8
2020-04-20,Peru,NA,Junin,1246038,19,0,213,8
2020-04-21,Peru,NA,Junin,1246038,28,0,241,8
2020-04-22,Peru,NA,Junin,1246038,20,1,261,9
2020-04-23,Peru,NA,Junin,1246038,22,1,283,10
2020-04-24,Peru,NA,Junin,1246038,11,0,294,10
2020-04-25,Peru,NA,Junin,1246038,15,1,309,11
2020-04-26,Peru,NA,Junin,1246038,12,2,321,13
2020-04-27,Peru,NA,Junin,1246038,33,1,354,14
2020-04-28,Peru,NA,Junin,1246038,43,0,397,14
2020-04-29,Peru,NA,Junin,1246038,45,0,442,14
2020-04-30,Peru,NA,Junin,1246038,66,0,508,14
2020-05-01,Peru,NA,Junin,1246038,26,0,534,14
2020-05-02,Peru,NA,Junin,1246038,55,2,589,16
2020-05-03,Peru,NA,Junin,1246038,48,1,637,17
2020-05-04,Peru,NA,Junin,1246038,49,3,686,20
2020-05-05,Peru,NA,Junin,1246038,69,0,755,20
2020-05-06,Peru,NA,Junin,1246038,57,0,812,20
2020-05-07,Peru,NA,Junin,1246038,63,0,875,20
2020-05-08,Peru,NA,Junin,1246038,41,4,916,24
2020-05-09,Peru,NA,Junin,1246038,35,3,951,27
2020-05-10,Peru,NA,Junin,1246038,18,6,969,33
2020-05-11,Peru,NA,Junin,1246038,44,2,1013,35
2020-05-12,Peru,NA,Junin,1246038,38,2,1051,37
2020-05-13,Peru,NA,Junin,1246038,74,3,1125,40
2020-05-14,Peru,NA,Junin,1246038,29,0,1154,40
2020-05-15,Peru,NA,Junin,1246038,48,1,1202,41
2020-05-16,Peru,NA,Junin,1246038,43,1,1245,42
2020-05-17,Peru,NA,Junin,1246038,8,5,1253,47
2020-05-18,Peru,NA,Junin,1246038,102,3,1355,50
2020-05-19,Peru,NA,Junin,1246038,41,1,1396,51
2020-05-20,Peru,NA,Junin,1246038,46,3,1442,54
2020-05-21,Peru,NA,Junin,1246038,39,3,1481,57
2020-05-22,Peru,NA,Junin,1246038,54,2,1535,59
2020-05-23,Peru,NA,Junin,1246038,38,1,1573,60
2020-05-24,Peru,NA,Junin,1246038,21,1,1594,61
2020-05-25,Peru,NA,Junin,1246038,51,2,1645,63
2020-05-26,Peru,NA,Junin,1246038,53,3,1698,66
2020-05-27,Peru,NA,Junin,1246038,90,4,1788,70
2020-05-28,Peru,NA,Junin,1246038,68,1,1856,71
2020-05-29,Peru,NA,Junin,1246038,76,3,1932,74
2020-05-30,Peru,NA,Junin,1246038,48,3,1980,77
2020-05-31,Peru,NA,Junin,1246038,15,2,1995,79
2020-06-01,Peru,NA,Junin,1246038,47,2,2042,81
2020-06-02,Peru,NA,Junin,1246038,67,1,2109,82
2020-06-03,Peru,NA,Junin,1246038,46,3,2155,85
2020-06-04,Peru,NA,Junin,1246038,31,3,2186,88
2020-06-05,Peru,NA,Junin,1246038,28,3,2214,91
2020-06-06,Peru,NA,Junin,1246038,50,2,2264,93
2020-06-07,Peru,NA,Junin,1246038,41,2,2305,95
2020-06-08,Peru,NA,Junin,1246038,86,4,2391,99
2020-06-09,Peru,NA,Junin,1246038,58,4,2449,103
2020-06-10,Peru,NA,Junin,1246038,98,8,2547,111
2020-06-11,Peru,NA,Junin,1246038,90,4,2637,115
2020-06-12,Peru,NA,Junin,1246038,69,6,2706,121
2020-06-13,Peru,NA,Junin,1246038,69,10,2775,131
2020-06-14,Peru,NA,Junin,1246038,55,6,2830,137
2020-06-15,Peru,NA,Junin,1246038,61,0,2891,137
2020-06-16,Peru,NA,Junin,1246038,56,9,2947,146
2020-06-17,Peru,NA,Junin,1246038,97,5,3044,151
2020-06-18,Peru,NA,Junin,1246038,86,5,3130,156
2020-06-19,Peru,NA,Junin,1246038,39,1,3169,157
2020-06-20,Peru,NA,Junin,1246038,85,1,3254,158
2020-06-21,Peru,NA,Junin,1246038,28,1,3282,159
2020-06-22,Peru,NA,Junin,1246038,92,4,3374,163
2020-06-23,Peru,NA,Junin,1246038,76,4,3450,167
2020-06-24,Peru,NA,Junin,1246038,62,4,3512,171
2020-06-25,Peru,NA,Junin,1246038,102,4,3614,175
2020-06-26,Peru,NA,Junin,1246038,85,4,3699,179
2020-06-27,Peru,NA,Junin,1246038,82,5,3781,184
2020-06-28,Peru,NA,Junin,1246038,85,2,3866,186
2020-06-29,Peru,NA,Junin,1246038,116,3,3982,189
2020-06-30,Peru,NA,Junin,1246038,68,2,4050,191
2020-07-01,Peru,NA,Junin,1246038,74,6,4124,197
2020-07-02,Peru,NA,Junin,1246038,83,4,4207,201
2020-07-03,Peru,NA,Junin,1246038,121,6,4328,207
2020-07-04,Peru,NA,Junin,1246038,75,6,4403,213
2020-07-05,Peru,NA,Junin,1246038,162,5,4565,218
2020-07-06,Peru,NA,Junin,1246038,188,12,4753,230
2020-07-07,Peru,NA,Junin,1246038,101,10,4854,240
2020-07-08,Peru,NA,Junin,1246038,57,2,4911,242
2020-07-09,Peru,NA,Junin,1246038,26,7,4937,249
2020-07-10,Peru,NA,Junin,1246038,150,6,5087,255
2020-07-11,Peru,NA,Junin,1246038,201,9,5288,264
2020-07-12,Peru,NA,Junin,1246038,114,8,5402,272
2020-07-13,Peru,NA,Junin,1246038,42,8,5444,280
2020-07-14,Peru,NA,Junin,1246038,160,12,5604,292
2020-07-15,Peru,NA,Junin,1246038,77,8,5681,300
2020-07-16,Peru,NA,Junin,1246038,164,11,5845,311
2020-07-17,Peru,NA,Junin,1246038,166,14,6011,325
2020-07-18,Peru,NA,Junin,1246038,169,11,6180,336
2020-07-19,Peru,NA,Junin,1246038,57,4,6237,340
2020-07-20,Peru,NA,Junin,1246038,107,6,6344,346
2020-07-21,Peru,NA,Junin,1246038,120,7,6464,353
2020-07-22,Peru,NA,Junin,1246038,196,11,6660,364
2020-07-23,Peru,NA,Junin,1246038,158,9,6818,373
2020-07-24,Peru,NA,Junin,1246038,153,12,6971,385
2020-07-25,Peru,NA,Junin,1246038,136,7,7107,392
2020-07-26,Peru,NA,Junin,1246038,139,5,7246,397
2020-07-27,Peru,NA,Junin,1246038,238,6,7484,403
2020-07-28,Peru,NA,Junin,1246038,129,12,7613,415
2020-07-29,Peru,NA,Junin,1246038,182,6,7795,421
2020-07-30,Peru,NA,Junin,1246038,169,8,7964,429
2020-07-31,Peru,NA,Junin,1246038,244,4,8208,433
2020-08-01,Peru,NA,Junin,1246038,183,12,8391,445
2020-08-02,Peru,NA,Junin,1246038,107,7,8498,452
2020-08-03,Peru,NA,Junin,1246038,269,6,8767,458
2020-08-04,Peru,NA,Junin,1246038,220,10,8987,468
2020-08-05,Peru,NA,Junin,1246038,238,8,9225,476
2020-08-06,Peru,NA,Junin,1246038,299,3,9524,479
2020-08-07,Peru,NA,Junin,1246038,234,7,9758,486
2020-08-08,Peru,NA,Junin,1246038,157,15,9915,501
2020-08-09,Peru,NA,Junin,1246038,87,8,10002,509
2020-08-10,Peru,NA,Junin,1246038,318,8,10320,517
2020-08-11,Peru,NA,Junin,1246038,228,6,10548,523
2020-08-12,Peru,NA,Junin,1246038,267,11,10815,534
2020-08-13,Peru,NA,Junin,1246038,302,7,11117,541
2020-08-14,Peru,NA,Junin,1246038,457,8,11574,549
2020-08-15,Peru,NA,Junin,1246038,394,7,11968,556
2020-08-16,Peru,NA,Junin,1246038,77,6,12045,562
2020-08-17,Peru,NA,Junin,1246038,384,2,12429,564
2020-08-18,Peru,NA,Junin,1246038,298,4,12727,568
2020-08-19,Peru,NA,Junin,1246038,252,3,12979,571
2020-08-20,Peru,NA,Junin,1246038,243,8,13222,579
2020-08-21,Peru,NA,Junin,1246038,195,7,13417,586
2020-08-22,Peru,NA,Junin,1246038,183,12,13600,598
2020-08-23,Peru,NA,Junin,1246038,67,5,13667,603
2020-08-24,Peru,NA,Junin,1246038,192,8,13859,611
2020-08-25,Peru,NA,Junin,1246038,372,3,14231,614
2020-08-26,Peru,NA,Junin,1246038,302,8,14533,622
2020-08-27,Peru,NA,Junin,1246038,204,7,14737,629
2020-08-28,Peru,NA,Junin,1246038,262,9,14999,638
2020-08-29,Peru,NA,Junin,1246038,242,9,15241,647
2020-08-30,Peru,NA,Junin,1246038,70,7,15311,654
2020-08-31,Peru,NA,Junin,1246038,169,2,15480,656
2020-09-01,Peru,NA,Junin,1246038,158,6,15638,662
2020-09-02,Peru,NA,Junin,1246038,185,3,15823,665
2020-09-03,Peru,NA,Junin,1246038,73,6,15896,671
2020-09-04,Peru,NA,Junin,1246038,328,7,16224,678
2020-09-05,Peru,NA,Junin,1246038,71,4,16295,682
2020-09-06,Peru,NA,Junin,1246038,84,6,16379,688
2020-09-07,Peru,NA,Junin,1246038,152,6,16531,694
2020-09-08,Peru,NA,Junin,1246038,202,3,16733,697
2020-09-09,Peru,NA,Junin,1246038,125,3,16858,700
2020-09-10,Peru,NA,Junin,1246038,76,4,16934,704
2020-09-11,Peru,NA,Junin,1246038,302,3,17236,707
2020-09-12,Peru,NA,Junin,1246038,109,1,17345,708
2020-09-13,Peru,NA,Junin,1246038,17,1,17362,709
2020-03-28,Peru,NA,La Libertad,1778080,2,0,12,2
2020-03-29,Peru,NA,La Libertad,1778080,2,0,14,2
2020-03-30,Peru,NA,La Libertad,1778080,4,0,18,2
2020-03-31,Peru,NA,La Libertad,1778080,11,1,29,3
2020-04-01,Peru,NA,La Libertad,1778080,7,0,36,3
2020-04-02,Peru,NA,La Libertad,1778080,7,1,43,4
2020-04-03,Peru,NA,La Libertad,1778080,5,0,48,4
2020-04-04,Peru,NA,La Libertad,1778080,1,1,49,5
2020-04-05,Peru,NA,La Libertad,1778080,7,0,56,5
2020-04-06,Peru,NA,La Libertad,1778080,4,2,60,7
2020-04-07,Peru,NA,La Libertad,1778080,22,0,82,7
2020-04-08,Peru,NA,La Libertad,1778080,22,1,104,8
2020-04-09,Peru,NA,La Libertad,1778080,7,0,111,8
2020-04-10,Peru,NA,La Libertad,1778080,5,0,116,8
2020-04-11,Peru,NA,La Libertad,1778080,9,0,125,8
2020-04-12,Peru,NA,La Libertad,1778080,3,3,128,11
2020-04-13,Peru,NA,La Libertad,1778080,23,1,151,12
2020-04-14,Peru,NA,La Libertad,1778080,25,3,176,15
2020-04-15,Peru,NA,La Libertad,1778080,27,3,203,18
2020-04-16,Peru,NA,La Libertad,1778080,25,0,228,18
2020-04-17,Peru,NA,La Libertad,1778080,26,1,254,19
2020-04-18,Peru,NA,La Libertad,1778080,27,1,281,20
2020-04-19,Peru,NA,La Libertad,1778080,10,3,291,23
2020-04-20,Peru,NA,La Libertad,1778080,53,2,344,25
2020-04-21,Peru,NA,La Libertad,1778080,45,0,389,25
2020-04-22,Peru,NA,La Libertad,1778080,46,2,435,27
2020-04-23,Peru,NA,La Libertad,1778080,40,4,475,31
2020-04-24,Peru,NA,La Libertad,1778080,22,1,497,32
2020-04-25,Peru,NA,La Libertad,1778080,53,0,550,32
2020-04-26,Peru,NA,La Libertad,1778080,8,7,558,39
2020-04-27,Peru,NA,La Libertad,1778080,71,3,629,42
2020-04-28,Peru,NA,La Libertad,1778080,177,7,806,49
2020-04-29,Peru,NA,La Libertad,1778080,142,3,948,52
2020-04-30,Peru,NA,La Libertad,1778080,136,4,1084,56
2020-05-01,Peru,NA,La Libertad,1778080,54,5,1138,61
2020-05-02,Peru,NA,La Libertad,1778080,116,8,1254,69
2020-05-03,Peru,NA,La Libertad,1778080,52,4,1306,73
2020-05-04,Peru,NA,La Libertad,1778080,126,3,1432,76
2020-05-05,Peru,NA,La Libertad,1778080,151,4,1583,80
2020-05-06,Peru,NA,La Libertad,1778080,112,6,1695,86
2020-05-07,Peru,NA,La Libertad,1778080,54,6,1749,92
2020-05-08,Peru,NA,La Libertad,1778080,73,6,1822,98
2020-05-09,Peru,NA,La Libertad,1778080,84,9,1906,107
2020-05-10,Peru,NA,La Libertad,1778080,38,0,1944,107
2020-05-11,Peru,NA,La Libertad,1778080,58,10,2002,117
2020-05-12,Peru,NA,La Libertad,1778080,105,1,2107,118
2020-05-13,Peru,NA,La Libertad,1778080,72,4,2179,122
2020-05-14,Peru,NA,La Libertad,1778080,85,8,2264,130
2020-05-15,Peru,NA,La Libertad,1778080,212,2,2476,132
2020-05-16,Peru,NA,La Libertad,1778080,145,5,2621,137
2020-05-17,Peru,NA,La Libertad,1778080,6,2,2627,139
2020-05-18,Peru,NA,La Libertad,1778080,120,6,2747,145
2020-05-19,Peru,NA,La Libertad,1778080,134,12,2881,157
2020-05-20,Peru,NA,La Libertad,1778080,142,10,3023,167
2020-05-21,Peru,NA,La Libertad,1778080,267,5,3290,172
2020-05-22,Peru,NA,La Libertad,1778080,234,9,3524,181
2020-05-23,Peru,NA,La Libertad,1778080,187,17,3711,198
2020-05-24,Peru,NA,La Libertad,1778080,68,11,3779,209
2020-05-25,Peru,NA,La Libertad,1778080,269,13,4048,222
2020-05-26,Peru,NA,La Libertad,1778080,182,12,4230,234
2020-05-27,Peru,NA,La Libertad,1778080,181,25,4411,259
2020-05-28,Peru,NA,La Libertad,1778080,307,15,4718,274
2020-05-29,Peru,NA,La Libertad,1778080,160,21,4878,295
2020-05-30,Peru,NA,La Libertad,1778080,173,34,5051,329
2020-05-31,Peru,NA,La Libertad,1778080,100,23,5151,352
2020-06-01,Peru,NA,La Libertad,1778080,226,22,5377,374
2020-06-02,Peru,NA,La Libertad,1778080,101,22,5478,396
2020-06-03,Peru,NA,La Libertad,1778080,97,27,5575,423
2020-06-04,Peru,NA,La Libertad,1778080,178,27,5753,450
2020-06-05,Peru,NA,La Libertad,1778080,126,36,5879,486
2020-06-06,Peru,NA,La Libertad,1778080,153,26,6032,512
2020-06-07,Peru,NA,La Libertad,1778080,46,28,6078,540
2020-06-08,Peru,NA,La Libertad,1778080,192,31,6270,571
2020-06-09,Peru,NA,La Libertad,1778080,258,43,6528,614
2020-06-10,Peru,NA,La Libertad,1778080,327,25,6855,639
2020-06-11,Peru,NA,La Libertad,1778080,210,32,7065,671
2020-06-12,Peru,NA,La Libertad,1778080,222,29,7287,700
2020-06-13,Peru,NA,La Libertad,1778080,203,42,7490,742
2020-06-14,Peru,NA,La Libertad,1778080,72,40,7562,782
2020-06-15,Peru,NA,La Libertad,1778080,220,43,7782,825
2020-06-16,Peru,NA,La Libertad,1778080,127,44,7909,869
2020-06-17,Peru,NA,La Libertad,1778080,250,32,8159,901
2020-06-18,Peru,NA,La Libertad,1778080,142,42,8301,943
2020-06-19,Peru,NA,La Libertad,1778080,218,35,8519,978
2020-06-20,Peru,NA,La Libertad,1778080,193,33,8712,1011
2020-06-21,Peru,NA,La Libertad,1778080,69,36,8781,1047
2020-06-22,Peru,NA,La Libertad,1778080,236,41,9017,1088
2020-06-23,Peru,NA,La Libertad,1778080,242,32,9259,1120
2020-06-24,Peru,NA,La Libertad,1778080,198,40,9457,1160
2020-06-25,Peru,NA,La Libertad,1778080,171,36,9628,1196
2020-06-26,Peru,NA,La Libertad,1778080,225,20,9853,1216
2020-06-27,Peru,NA,La Libertad,1778080,219,37,10072,1253
2020-06-28,Peru,NA,La Libertad,1778080,83,36,10155,1289
2020-06-29,Peru,NA,La Libertad,1778080,113,40,10268,1329
2020-06-30,Peru,NA,La Libertad,1778080,209,42,10477,1371
2020-07-01,Peru,NA,La Libertad,1778080,156,27,10633,1398
2020-07-02,Peru,NA,La Libertad,1778080,213,30,10846,1428
2020-07-03,Peru,NA,La Libertad,1778080,234,21,11080,1449
2020-07-04,Peru,NA,La Libertad,1778080,194,14,11274,1463
2020-07-05,Peru,NA,La Libertad,1778080,43,14,11317,1477
2020-07-06,Peru,NA,La Libertad,1778080,177,17,11494,1494
2020-07-07,Peru,NA,La Libertad,1778080,184,18,11678,1512
2020-07-08,Peru,NA,La Libertad,1778080,115,13,11793,1525
2020-07-09,Peru,NA,La Libertad,1778080,127,7,11920,1532
2020-07-10,Peru,NA,La Libertad,1778080,305,14,12225,1546
2020-07-11,Peru,NA,La Libertad,1778080,204,14,12429,1560
2020-07-12,Peru,NA,La Libertad,1778080,74,15,12503,1575
2020-07-13,Peru,NA,La Libertad,1778080,113,23,12616,1598
2020-07-14,Peru,NA,La Libertad,1778080,122,16,12738,1614
2020-07-15,Peru,NA,La Libertad,1778080,266,14,13004,1628
2020-07-16,Peru,NA,La Libertad,1778080,157,13,13161,1641
2020-07-17,Peru,NA,La Libertad,1778080,171,12,13332,1653
2020-07-18,Peru,NA,La Libertad,1778080,247,10,13579,1663
2020-07-19,Peru,NA,La Libertad,1778080,42,14,13621,1677
2020-07-20,Peru,NA,La Libertad,1778080,112,7,13733,1684
2020-07-21,Peru,NA,La Libertad,1778080,205,12,13938,1696
2020-07-22,Peru,NA,La Libertad,1778080,220,17,14158,1713
2020-07-23,Peru,NA,La Libertad,1778080,261,14,14419,1727
2020-07-24,Peru,NA,La Libertad,1778080,216,14,14635,1741
2020-07-25,Peru,NA,La Libertad,1778080,212,8,14847,1749
2020-07-26,Peru,NA,La Libertad,1778080,51,10,14898,1759
2020-07-27,Peru,NA,La Libertad,1778080,307,11,15205,1770
2020-07-28,Peru,NA,La Libertad,1778080,78,7,15283,1777
2020-07-29,Peru,NA,La Libertad,1778080,286,4,15569,1781
2020-07-30,Peru,NA,La Libertad,1778080,284,10,15853,1791
2020-07-31,Peru,NA,La Libertad,1778080,321,14,16174,1805
2020-08-01,Peru,NA,La Libertad,1778080,230,8,16404,1813
2020-08-02,Peru,NA,La Libertad,1778080,68,10,16472,1823
2020-08-03,Peru,NA,La Libertad,1778080,253,6,16725,1829
2020-08-04,Peru,NA,La Libertad,1778080,268,12,16993,1841
2020-08-05,Peru,NA,La Libertad,1778080,250,6,17243,1847
2020-08-06,Peru,NA,La Libertad,1778080,277,15,17520,1862
2020-08-07,Peru,NA,La Libertad,1778080,301,4,17821,1866
2020-08-08,Peru,NA,La Libertad,1778080,250,8,18071,1874
2020-08-09,Peru,NA,La Libertad,1778080,76,8,18147,1882
2020-08-10,Peru,NA,La Libertad,1778080,299,15,18446,1897
2020-08-11,Peru,NA,La Libertad,1778080,267,10,18713,1907
2020-08-12,Peru,NA,La Libertad,1778080,262,7,18975,1914
2020-08-13,Peru,NA,La Libertad,1778080,263,9,19238,1923
2020-08-14,Peru,NA,La Libertad,1778080,295,11,19533,1934
2020-08-15,Peru,NA,La Libertad,1778080,209,7,19742,1941
2020-08-16,Peru,NA,La Libertad,1778080,62,14,19804,1955
2020-08-17,Peru,NA,La Libertad,1778080,247,4,20051,1959
2020-08-18,Peru,NA,La Libertad,1778080,284,2,20335,1961
2020-08-19,Peru,NA,La Libertad,1778080,301,8,20636,1969
2020-08-20,Peru,NA,La Libertad,1778080,321,11,20957,1980
2020-08-21,Peru,NA,La Libertad,1778080,245,7,21202,1987
2020-08-22,Peru,NA,La Libertad,1778080,219,4,21421,1991
2020-08-23,Peru,NA,La Libertad,1778080,58,7,21479,1998
2020-08-24,Peru,NA,La Libertad,1778080,243,14,21722,2012
2020-08-25,Peru,NA,La Libertad,1778080,380,4,22102,2016
2020-08-26,Peru,NA,La Libertad,1778080,198,7,22300,2023
2020-08-27,Peru,NA,La Libertad,1778080,276,5,22576,2028
2020-08-28,Peru,NA,La Libertad,1778080,262,6,22838,2034
2020-08-29,Peru,NA,La Libertad,1778080,198,8,23036,2042
2020-08-30,Peru,NA,La Libertad,1778080,67,10,23103,2052
2020-08-31,Peru,NA,La Libertad,1778080,181,5,23284,2057
2020-09-01,Peru,NA,La Libertad,1778080,169,10,23453,2067
2020-09-02,Peru,NA,La Libertad,1778080,214,6,23667,2073
2020-09-03,Peru,NA,La Libertad,1778080,84,9,23751,2082
2020-09-04,Peru,NA,La Libertad,1778080,219,9,23970,2091
2020-09-05,Peru,NA,La Libertad,1778080,110,5,24080,2096
2020-09-06,Peru,NA,La Libertad,1778080,28,4,24108,2100
2020-09-07,Peru,NA,La Libertad,1778080,188,11,24296,2111
2020-09-08,Peru,NA,La Libertad,1778080,219,3,24515,2114
2020-09-09,Peru,NA,La Libertad,1778080,176,1,24691,2115
2020-09-10,Peru,NA,La Libertad,1778080,107,6,24798,2121
2020-09-11,Peru,NA,La Libertad,1778080,526,6,25324,2127
2020-09-12,Peru,NA,La Libertad,1778080,213,7,25537,2134
2020-09-13,Peru,NA,La Libertad,1778080,20,3,25557,2137
2020-03-24,Peru,NA,Lambayeque,1197260,4,0,12,0
2020-03-26,Peru,NA,Lambayeque,1197260,1,2,13,2
2020-03-27,Peru,NA,Lambayeque,1197260,2,0,15,2
2020-03-28,Peru,NA,Lambayeque,1197260,7,0,22,2
2020-03-29,Peru,NA,Lambayeque,1197260,1,1,23,3
2020-03-30,Peru,NA,Lambayeque,1197260,8,2,31,5
2020-03-31,Peru,NA,Lambayeque,1197260,4,1,35,6
2020-04-01,Peru,NA,Lambayeque,1197260,1,1,36,7
2020-04-02,Peru,NA,Lambayeque,1197260,5,0,41,7
2020-04-03,Peru,NA,Lambayeque,1197260,31,4,72,11
2020-04-04,Peru,NA,Lambayeque,1197260,49,5,121,16
2020-04-05,Peru,NA,Lambayeque,1197260,8,3,129,19
2020-04-06,Peru,NA,Lambayeque,1197260,28,4,157,23
2020-04-07,Peru,NA,Lambayeque,1197260,156,2,313,25
2020-04-08,Peru,NA,Lambayeque,1197260,75,9,388,34
2020-04-09,Peru,NA,Lambayeque,1197260,20,10,408,44
2020-04-10,Peru,NA,Lambayeque,1197260,59,15,467,59
2020-04-11,Peru,NA,Lambayeque,1197260,67,8,534,67
2020-04-12,Peru,NA,Lambayeque,1197260,56,8,590,75
2020-04-13,Peru,NA,Lambayeque,1197260,59,5,649,80
2020-04-14,Peru,NA,Lambayeque,1197260,60,11,709,91
2020-04-15,Peru,NA,Lambayeque,1197260,176,14,885,105
2020-04-16,Peru,NA,Lambayeque,1197260,86,13,971,118
2020-04-17,Peru,NA,Lambayeque,1197260,77,19,1048,137
2020-04-18,Peru,NA,Lambayeque,1197260,48,15,1096,152
2020-04-19,Peru,NA,Lambayeque,1197260,27,8,1123,160
2020-04-20,Peru,NA,Lambayeque,1197260,146,11,1269,171
2020-04-21,Peru,NA,Lambayeque,1197260,133,10,1402,181
2020-04-22,Peru,NA,Lambayeque,1197260,138,16,1540,197
2020-04-23,Peru,NA,Lambayeque,1197260,177,22,1717,219
2020-04-24,Peru,NA,Lambayeque,1197260,214,20,1931,239
2020-04-25,Peru,NA,Lambayeque,1197260,136,25,2067,264
2020-04-26,Peru,NA,Lambayeque,1197260,71,18,2138,282
2020-04-27,Peru,NA,Lambayeque,1197260,296,25,2434,307
2020-04-28,Peru,NA,Lambayeque,1197260,241,26,2675,333
2020-04-29,Peru,NA,Lambayeque,1197260,251,21,2926,354
2020-04-30,Peru,NA,Lambayeque,1197260,217,26,3143,380
2020-05-01,Peru,NA,Lambayeque,1197260,234,22,3377,402
2020-05-02,Peru,NA,Lambayeque,1197260,146,20,3523,422
2020-05-03,Peru,NA,Lambayeque,1197260,132,24,3655,446
2020-05-04,Peru,NA,Lambayeque,1197260,332,17,3987,463
2020-05-05,Peru,NA,Lambayeque,1197260,234,22,4221,485
2020-05-06,Peru,NA,Lambayeque,1197260,165,28,4386,513
2020-05-07,Peru,NA,Lambayeque,1197260,158,27,4544,540
2020-05-08,Peru,NA,Lambayeque,1197260,154,20,4698,560
2020-05-09,Peru,NA,Lambayeque,1197260,68,20,4766,580
2020-05-10,Peru,NA,Lambayeque,1197260,27,19,4793,599
2020-05-11,Peru,NA,Lambayeque,1197260,127,20,4920,619
2020-05-12,Peru,NA,Lambayeque,1197260,130,16,5050,635
2020-05-13,Peru,NA,Lambayeque,1197260,165,16,5215,651
2020-05-14,Peru,NA,Lambayeque,1197260,182,26,5397,677
2020-05-15,Peru,NA,Lambayeque,1197260,262,22,5659,699
2020-05-16,Peru,NA,Lambayeque,1197260,134,14,5793,713
2020-05-17,Peru,NA,Lambayeque,1197260,27,18,5820,731
2020-05-18,Peru,NA,Lambayeque,1197260,225,20,6045,751
2020-05-19,Peru,NA,Lambayeque,1197260,218,12,6263,763
2020-05-20,Peru,NA,Lambayeque,1197260,134,16,6397,779
2020-05-21,Peru,NA,Lambayeque,1197260,165,20,6562,799
2020-05-22,Peru,NA,Lambayeque,1197260,157,17,6719,816
2020-05-23,Peru,NA,Lambayeque,1197260,200,16,6919,832
2020-05-24,Peru,NA,Lambayeque,1197260,96,17,7015,849
2020-05-25,Peru,NA,Lambayeque,1197260,320,12,7335,861
2020-05-26,Peru,NA,Lambayeque,1197260,460,15,7795,876
2020-05-27,Peru,NA,Lambayeque,1197260,508,18,8303,894
2020-05-28,Peru,NA,Lambayeque,1197260,315,17,8618,911
2020-05-29,Peru,NA,Lambayeque,1197260,242,22,8860,933
2020-05-30,Peru,NA,Lambayeque,1197260,325,14,9185,947
2020-05-31,Peru,NA,Lambayeque,1197260,60,15,9245,962
2020-06-01,Peru,NA,Lambayeque,1197260,154,14,9399,976
2020-06-02,Peru,NA,Lambayeque,1197260,172,8,9571,984
2020-06-03,Peru,NA,Lambayeque,1197260,135,7,9706,991
2020-06-04,Peru,NA,Lambayeque,1197260,178,23,9884,1014
2020-06-05,Peru,NA,Lambayeque,1197260,88,9,9972,1023
2020-06-06,Peru,NA,Lambayeque,1197260,156,10,10128,1033
2020-06-07,Peru,NA,Lambayeque,1197260,115,16,10243,1049
2020-06-08,Peru,NA,Lambayeque,1197260,178,18,10421,1067
2020-06-09,Peru,NA,Lambayeque,1197260,200,18,10621,1085
2020-06-10,Peru,NA,Lambayeque,1197260,256,14,10877,1099
2020-06-11,Peru,NA,Lambayeque,1197260,229,23,11106,1122
2020-06-12,Peru,NA,Lambayeque,1197260,283,13,11389,1135
2020-06-13,Peru,NA,Lambayeque,1197260,204,11,11593,1146
2020-06-14,Peru,NA,Lambayeque,1197260,39,20,11632,1166
2020-06-15,Peru,NA,Lambayeque,1197260,179,14,11811,1180
2020-06-16,Peru,NA,Lambayeque,1197260,127,18,11938,1198
2020-06-17,Peru,NA,Lambayeque,1197260,201,16,12139,1214
2020-06-18,Peru,NA,Lambayeque,1197260,164,15,12303,1229
2020-06-19,Peru,NA,Lambayeque,1197260,178,20,12481,1249
2020-06-20,Peru,NA,Lambayeque,1197260,107,16,12588,1265
2020-06-21,Peru,NA,Lambayeque,1197260,50,7,12638,1272
2020-06-22,Peru,NA,Lambayeque,1197260,174,9,12812,1281
2020-06-23,Peru,NA,Lambayeque,1197260,116,15,12928,1296
2020-06-24,Peru,NA,Lambayeque,1197260,257,17,13185,1313
2020-06-25,Peru,NA,Lambayeque,1197260,142,10,13327,1323
2020-06-26,Peru,NA,Lambayeque,1197260,256,13,13583,1336
2020-06-27,Peru,NA,Lambayeque,1197260,146,13,13729,1349
2020-06-28,Peru,NA,Lambayeque,1197260,31,10,13760,1359
2020-06-29,Peru,NA,Lambayeque,1197260,57,6,13817,1365
2020-06-30,Peru,NA,Lambayeque,1197260,135,4,13952,1369
2020-07-01,Peru,NA,Lambayeque,1197260,133,5,14085,1374
2020-07-02,Peru,NA,Lambayeque,1197260,114,8,14199,1382
2020-07-03,Peru,NA,Lambayeque,1197260,153,4,14352,1386
2020-07-04,Peru,NA,Lambayeque,1197260,88,0,14440,1386
2020-07-05,Peru,NA,Lambayeque,1197260,38,6,14478,1392
2020-07-06,Peru,NA,Lambayeque,1197260,153,2,14631,1394
2020-07-07,Peru,NA,Lambayeque,1197260,106,2,14737,1396
2020-07-08,Peru,NA,Lambayeque,1197260,158,3,14895,1399
2020-07-09,Peru,NA,Lambayeque,1197260,51,4,14946,1403
2020-07-10,Peru,NA,Lambayeque,1197260,162,9,15108,1412
2020-07-11,Peru,NA,Lambayeque,1197260,114,5,15222,1417
2020-07-12,Peru,NA,Lambayeque,1197260,41,1,15263,1418
2020-07-13,Peru,NA,Lambayeque,1197260,66,4,15329,1422
2020-07-14,Peru,NA,Lambayeque,1197260,98,2,15427,1424
2020-07-15,Peru,NA,Lambayeque,1197260,89,3,15516,1427
2020-07-16,Peru,NA,Lambayeque,1197260,102,5,15618,1432
2020-07-17,Peru,NA,Lambayeque,1197260,113,4,15731,1436
2020-07-18,Peru,NA,Lambayeque,1197260,150,2,15881,1438
2020-07-19,Peru,NA,Lambayeque,1197260,23,9,15904,1447
2020-07-20,Peru,NA,Lambayeque,1197260,62,1,15966,1448
2020-07-21,Peru,NA,Lambayeque,1197260,117,4,16083,1452
2020-07-22,Peru,NA,Lambayeque,1197260,152,2,16235,1454
2020-07-23,Peru,NA,Lambayeque,1197260,137,4,16372,1458
2020-07-24,Peru,NA,Lambayeque,1197260,164,0,16536,1458
2020-07-25,Peru,NA,Lambayeque,1197260,143,3,16679,1461
2020-07-26,Peru,NA,Lambayeque,1197260,38,3,16717,1464
2020-07-27,Peru,NA,Lambayeque,1197260,268,4,16985,1468
2020-07-28,Peru,NA,Lambayeque,1197260,57,4,17042,1472
2020-07-29,Peru,NA,Lambayeque,1197260,188,1,17230,1473
2020-07-30,Peru,NA,Lambayeque,1197260,194,3,17424,1476
2020-07-31,Peru,NA,Lambayeque,1197260,166,6,17590,1482
2020-08-01,Peru,NA,Lambayeque,1197260,143,1,17733,1483
2020-08-02,Peru,NA,Lambayeque,1197260,68,9,17801,1492
2020-08-03,Peru,NA,Lambayeque,1197260,184,3,17985,1495
2020-08-04,Peru,NA,Lambayeque,1197260,212,4,18197,1499
2020-08-05,Peru,NA,Lambayeque,1197260,125,7,18322,1506
2020-08-06,Peru,NA,Lambayeque,1197260,218,2,18540,1508
2020-08-07,Peru,NA,Lambayeque,1197260,213,6,18753,1514
2020-08-08,Peru,NA,Lambayeque,1197260,168,3,18921,1517
2020-08-09,Peru,NA,Lambayeque,1197260,36,3,18957,1520
2020-08-10,Peru,NA,Lambayeque,1197260,190,5,19147,1525
2020-08-11,Peru,NA,Lambayeque,1197260,183,2,19330,1527
2020-08-12,Peru,NA,Lambayeque,1197260,190,2,19520,1529
2020-08-13,Peru,NA,Lambayeque,1197260,200,4,19720,1533
2020-08-14,Peru,NA,Lambayeque,1197260,169,11,19889,1544
2020-08-15,Peru,NA,Lambayeque,1197260,147,1,20036,1545
2020-08-16,Peru,NA,Lambayeque,1197260,44,7,20080,1552
2020-08-17,Peru,NA,Lambayeque,1197260,169,2,20249,1554
2020-08-18,Peru,NA,Lambayeque,1197260,151,3,20400,1557
2020-08-19,Peru,NA,Lambayeque,1197260,214,1,20614,1558
2020-08-20,Peru,NA,Lambayeque,1197260,307,3,20921,1561
2020-08-21,Peru,NA,Lambayeque,1197260,182,6,21103,1567
2020-08-22,Peru,NA,Lambayeque,1197260,121,3,21224,1570
2020-08-23,Peru,NA,Lambayeque,1197260,40,2,21264,1572
2020-08-24,Peru,NA,Lambayeque,1197260,112,2,21376,1574
2020-08-25,Peru,NA,Lambayeque,1197260,253,2,21629,1576
2020-08-26,Peru,NA,Lambayeque,1197260,155,1,21784,1577
2020-08-27,Peru,NA,Lambayeque,1197260,149,1,21933,1578
2020-08-28,Peru,NA,Lambayeque,1197260,249,3,22182,1581
2020-08-29,Peru,NA,Lambayeque,1197260,160,3,22342,1584
2020-08-30,Peru,NA,Lambayeque,1197260,40,4,22382,1588
2020-08-31,Peru,NA,Lambayeque,1197260,127,4,22509,1592
2020-09-01,Peru,NA,Lambayeque,1197260,180,1,22689,1593
2020-09-02,Peru,NA,Lambayeque,1197260,97,3,22786,1596
2020-09-03,Peru,NA,Lambayeque,1197260,41,5,22827,1601
2020-09-04,Peru,NA,Lambayeque,1197260,222,4,23049,1605
2020-09-05,Peru,NA,Lambayeque,1197260,106,4,23155,1609
2020-09-06,Peru,NA,Lambayeque,1197260,20,6,23175,1615
2020-09-07,Peru,NA,Lambayeque,1197260,128,4,23303,1619
2020-09-08,Peru,NA,Lambayeque,1197260,99,3,23402,1622
2020-09-09,Peru,NA,Lambayeque,1197260,151,3,23553,1625
2020-09-10,Peru,NA,Lambayeque,1197260,98,3,23651,1628
2020-09-11,Peru,NA,Lambayeque,1197260,223,6,23874,1634
2020-09-12,Peru,NA,Lambayeque,1197260,120,5,23994,1639
2020-09-13,Peru,NA,Lambayeque,1197260,26,1,24020,1640
2020-03-30,Peru,NA,Lima Region,910431,6,0,12,0
2020-03-31,Peru,NA,Lima Region,910431,2,1,14,1
2020-04-01,Peru,NA,Lima Region,910431,3,0,17,1
2020-04-02,Peru,NA,Lima Region,910431,2,1,19,2
2020-04-03,Peru,NA,Lima Region,910431,16,1,35,3
2020-04-04,Peru,NA,Lima Region,910431,19,0,54,3
2020-04-05,Peru,NA,Lima Region,910431,5,1,59,4
2020-04-06,Peru,NA,Lima Region,910431,9,1,68,5
2020-04-07,Peru,NA,Lima Region,910431,18,1,86,6
2020-04-08,Peru,NA,Lima Region,910431,22,2,108,8
2020-04-09,Peru,NA,Lima Region,910431,16,4,124,12
2020-04-10,Peru,NA,Lima Region,910431,26,1,150,13
2020-04-11,Peru,NA,Lima Region,910431,24,3,174,16
2020-04-12,Peru,NA,Lima Region,910431,8,0,182,16
2020-04-13,Peru,NA,Lima Region,910431,18,2,200,18
2020-04-14,Peru,NA,Lima Region,910431,8,2,208,20
2020-04-15,Peru,NA,Lima Region,910431,30,4,238,24
2020-04-16,Peru,NA,Lima Region,910431,23,3,261,27
2020-04-17,Peru,NA,Lima Region,910431,31,7,292,34
2020-04-18,Peru,NA,Lima Region,910431,31,6,323,40
2020-04-19,Peru,NA,Lima Region,910431,38,6,361,46
2020-04-20,Peru,NA,Lima Region,910431,51,4,412,50
2020-04-21,Peru,NA,Lima Region,910431,51,8,463,58
2020-04-22,Peru,NA,Lima Region,910431,70,6,533,64
2020-04-23,Peru,NA,Lima Region,910431,50,7,583,71
2020-04-24,Peru,NA,Lima Region,910431,58,4,641,75
2020-04-25,Peru,NA,Lima Region,910431,88,3,729,78
2020-04-26,Peru,NA,Lima Region,910431,34,4,763,82
2020-04-27,Peru,NA,Lima Region,910431,103,5,866,87
2020-04-28,Peru,NA,Lima Region,910431,66,5,932,92
2020-04-29,Peru,NA,Lima Region,910431,74,4,1006,96
2020-04-30,Peru,NA,Lima Region,910431,146,10,1152,106
2020-05-01,Peru,NA,Lima Region,910431,107,12,1259,118
2020-05-02,Peru,NA,Lima Region,910431,92,15,1351,133
2020-05-03,Peru,NA,Lima Region,910431,65,16,1416,149
2020-05-04,Peru,NA,Lima Region,910431,233,20,1649,169
2020-05-05,Peru,NA,Lima Region,910431,109,32,1758,201
2020-05-06,Peru,NA,Lima Region,910431,49,18,1807,219
2020-05-07,Peru,NA,Lima Region,910431,102,16,1909,235
2020-05-08,Peru,NA,Lima Region,910431,73,15,1982,250
2020-05-09,Peru,NA,Lima Region,910431,43,23,2025,273
2020-05-10,Peru,NA,Lima Region,910431,13,26,2038,299
2020-05-11,Peru,NA,Lima Region,910431,124,24,2162,323
2020-05-12,Peru,NA,Lima Region,910431,95,15,2257,338
2020-05-13,Peru,NA,Lima Region,910431,178,14,2435,352
2020-05-14,Peru,NA,Lima Region,910431,79,20,2514,372
2020-05-15,Peru,NA,Lima Region,910431,210,13,2724,385
2020-05-16,Peru,NA,Lima Region,910431,110,8,2834,393
2020-05-17,Peru,NA,Lima Region,910431,50,8,2884,401
2020-05-18,Peru,NA,Lima Region,910431,198,26,3082,427
2020-05-19,Peru,NA,Lima Region,910431,158,17,3240,444
2020-05-20,Peru,NA,Lima Region,910431,199,32,3439,476
2020-05-21,Peru,NA,Lima Region,910431,99,15,3538,491
2020-05-22,Peru,NA,Lima Region,910431,197,9,3735,500
2020-05-23,Peru,NA,Lima Region,910431,258,7,3993,507
2020-05-24,Peru,NA,Lima Region,910431,59,7,4052,514
2020-05-25,Peru,NA,Lima Region,910431,303,13,4355,527
2020-05-26,Peru,NA,Lima Region,910431,286,12,4641,539
2020-05-27,Peru,NA,Lima Region,910431,256,9,4897,548
2020-05-28,Peru,NA,Lima Region,910431,202,13,5099,561
2020-05-29,Peru,NA,Lima Region,910431,239,12,5338,573
2020-05-30,Peru,NA,Lima Region,910431,194,12,5532,585
2020-05-31,Peru,NA,Lima Region,910431,102,11,5634,596
2020-06-01,Peru,NA,Lima Region,910431,164,14,5798,610
2020-06-02,Peru,NA,Lima Region,910431,125,11,5923,621
2020-06-03,Peru,NA,Lima Region,910431,223,9,6146,630
2020-06-04,Peru,NA,Lima Region,910431,147,11,6293,641
2020-06-05,Peru,NA,Lima Region,910431,241,13,6534,654
2020-06-06,Peru,NA,Lima Region,910431,241,18,6775,672
2020-06-07,Peru,NA,Lima Region,910431,268,12,7043,684
2020-06-08,Peru,NA,Lima Region,910431,264,15,7307,699
2020-06-09,Peru,NA,Lima Region,910431,406,14,7713,713
2020-06-10,Peru,NA,Lima Region,910431,354,23,8067,736
2020-06-11,Peru,NA,Lima Region,910431,480,17,8547,753
2020-06-12,Peru,NA,Lima Region,910431,523,13,9070,766
2020-06-13,Peru,NA,Lima Region,910431,390,10,9460,776
2020-06-14,Peru,NA,Lima Region,910431,305,13,9765,789
2020-06-15,Peru,NA,Lima Region,910431,344,14,10109,803
2020-06-16,Peru,NA,Lima Region,910431,382,24,10491,827
2020-06-17,Peru,NA,Lima Region,910431,447,15,10938,842
2020-06-18,Peru,NA,Lima Region,910431,260,16,11198,858
2020-06-19,Peru,NA,Lima Region,910431,288,17,11486,875
2020-06-20,Peru,NA,Lima Region,910431,446,17,11932,892
2020-06-21,Peru,NA,Lima Region,910431,139,19,12071,911
2020-06-22,Peru,NA,Lima Region,910431,612,17,12683,928
2020-06-23,Peru,NA,Lima Region,910431,390,19,13073,947
2020-06-24,Peru,NA,Lima Region,910431,428,16,13501,963
2020-06-25,Peru,NA,Lima Region,910431,449,21,13950,984
2020-06-26,Peru,NA,Lima Region,910431,342,24,14292,1008
2020-06-27,Peru,NA,Lima Region,910431,234,22,14526,1030
2020-06-28,Peru,NA,Lima Region,910431,93,28,14619,1058
2020-06-29,Peru,NA,Lima Region,910431,242,17,14861,1075
2020-06-30,Peru,NA,Lima Region,910431,209,20,15070,1095
2020-07-01,Peru,NA,Lima Region,910431,311,16,15381,1111
2020-07-02,Peru,NA,Lima Region,910431,250,15,15631,1126
2020-07-03,Peru,NA,Lima Region,910431,275,12,15906,1138
2020-07-04,Peru,NA,Lima Region,910431,195,7,16101,1145
2020-07-05,Peru,NA,Lima Region,910431,199,5,16300,1150
2020-07-06,Peru,NA,Lima Region,910431,295,6,16595,1156
2020-07-07,Peru,NA,Lima Region,910431,316,7,16911,1163
2020-07-08,Peru,NA,Lima Region,910431,184,5,17095,1168
2020-07-09,Peru,NA,Lima Region,910431,178,11,17273,1179
2020-07-10,Peru,NA,Lima Region,910431,327,4,17600,1183
2020-07-11,Peru,NA,Lima Region,910431,354,9,17954,1192
2020-07-12,Peru,NA,Lima Region,910431,244,6,18198,1198
2020-07-13,Peru,NA,Lima Region,910431,412,5,18610,1203
2020-07-14,Peru,NA,Lima Region,910431,616,14,19226,1217
2020-07-15,Peru,NA,Lima Region,910431,449,10,19675,1227
2020-07-16,Peru,NA,Lima Region,910431,537,8,20212,1235
2020-07-17,Peru,NA,Lima Region,910431,467,7,20679,1242
2020-07-18,Peru,NA,Lima Region,910431,392,6,21071,1248
2020-07-19,Peru,NA,Lima Region,910431,120,8,21191,1256
2020-07-20,Peru,NA,Lima Region,910431,587,6,21778,1262
2020-07-21,Peru,NA,Lima Region,910431,446,7,22224,1269
2020-07-22,Peru,NA,Lima Region,910431,600,16,22824,1285
2020-07-23,Peru,NA,Lima Region,910431,461,7,23285,1292
2020-07-24,Peru,NA,Lima Region,910431,503,13,23788,1305
2020-07-25,Peru,NA,Lima Region,910431,272,6,24060,1311
2020-07-26,Peru,NA,Lima Region,910431,226,7,24286,1318
2020-07-27,Peru,NA,Lima Region,910431,443,5,24729,1323
2020-07-28,Peru,NA,Lima Region,910431,240,9,24969,1332
2020-07-29,Peru,NA,Lima Region,910431,319,6,25288,1338
2020-07-30,Peru,NA,Lima Region,910431,466,4,25754,1342
2020-07-31,Peru,NA,Lima Region,910431,427,9,26181,1351
2020-08-01,Peru,NA,Lima Region,910431,332,10,26513,1361
2020-08-02,Peru,NA,Lima Region,910431,218,5,26731,1366
2020-08-03,Peru,NA,Lima Region,910431,530,0,27261,1366
2020-08-04,Peru,NA,Lima Region,910431,530,5,27791,1371
2020-08-05,Peru,NA,Lima Region,910431,575,3,28366,1374
2020-08-06,Peru,NA,Lima Region,910431,471,9,28837,1383
2020-08-07,Peru,NA,Lima Region,910431,411,7,29248,1390
2020-08-08,Peru,NA,Lima Region,910431,563,8,29811,1398
2020-08-09,Peru,NA,Lima Region,910431,402,8,30213,1406
2020-08-10,Peru,NA,Lima Region,910431,334,8,30547,1414
2020-08-11,Peru,NA,Lima Region,910431,493,6,31040,1420
2020-08-12,Peru,NA,Lima Region,910431,676,8,31716,1428
2020-08-13,Peru,NA,Lima Region,910431,617,2,32333,1430
2020-08-14,Peru,NA,Lima Region,910431,699,6,33032,1436
2020-08-15,Peru,NA,Lima Region,910431,635,7,33667,1443
2020-08-16,Peru,NA,Lima Region,910431,418,4,34085,1447
2020-08-17,Peru,NA,Lima Region,910431,570,8,34655,1455
2020-08-18,Peru,NA,Lima Region,910431,702,4,35357,1459
2020-08-19,Peru,NA,Lima Region,910431,606,4,35963,1463
2020-08-20,Peru,NA,Lima Region,910431,467,9,36430,1472
2020-08-21,Peru,NA,Lima Region,910431,373,7,36803,1479
2020-08-22,Peru,NA,Lima Region,910431,352,11,37155,1490
2020-08-23,Peru,NA,Lima Region,910431,257,6,37412,1496
2020-08-24,Peru,NA,Lima Region,910431,417,8,37829,1504
2020-08-25,Peru,NA,Lima Region,910431,467,4,38296,1508
2020-08-26,Peru,NA,Lima Region,910431,741,2,39037,1510
2020-08-27,Peru,NA,Lima Region,910431,525,10,39562,1520
2020-08-28,Peru,NA,Lima Region,910431,676,4,40238,1524
2020-08-29,Peru,NA,Lima Region,910431,428,1,40666,1525
2020-08-30,Peru,NA,Lima Region,910431,262,7,40928,1532
2020-08-31,Peru,NA,Lima Region,910431,372,4,41300,1536
2020-09-01,Peru,NA,Lima Region,910431,457,8,41757,1544
2020-09-02,Peru,NA,Lima Region,910431,374,9,42131,1553
2020-09-03,Peru,NA,Lima Region,910431,266,5,42397,1558
2020-09-04,Peru,NA,Lima Region,910431,565,4,42962,1562
2020-09-05,Peru,NA,Lima Region,910431,252,8,43214,1570
2020-09-06,Peru,NA,Lima Region,910431,141,6,43355,1576
2020-09-07,Peru,NA,Lima Region,910431,365,6,43720,1582
2020-09-08,Peru,NA,Lima Region,910431,287,3,44007,1585
2020-09-09,Peru,NA,Lima Region,910431,479,7,44486,1592
2020-09-10,Peru,NA,Lima Region,910431,204,1,44690,1593
2020-09-11,Peru,NA,Lima Region,910431,234,1,44924,1594
2020-09-12,Peru,NA,Lima Region,910431,261,6,45185,1600
2020-09-13,Peru,NA,Lima Region,910431,156,2,45341,1602
2020-03-18,Peru,NA,Loreto,883510,1,0,11,0
2020-03-19,Peru,NA,Loreto,883510,1,0,12,0
2020-03-20,Peru,NA,Loreto,883510,2,0,14,0
2020-03-21,Peru,NA,Loreto,883510,2,0,16,0
2020-03-22,Peru,NA,Loreto,883510,0,1,16,1
2020-03-24,Peru,NA,Loreto,883510,2,0,18,1
2020-03-26,Peru,NA,Loreto,883510,5,0,23,1
2020-03-27,Peru,NA,Loreto,883510,4,0,27,1
2020-03-28,Peru,NA,Loreto,883510,25,0,52,1
2020-03-29,Peru,NA,Loreto,883510,1,0,53,1
2020-03-30,Peru,NA,Loreto,883510,5,2,58,3
2020-03-31,Peru,NA,Loreto,883510,4,1,62,4
2020-04-01,Peru,NA,Loreto,883510,11,0,73,4
2020-04-02,Peru,NA,Loreto,883510,9,0,82,4
2020-04-03,Peru,NA,Loreto,883510,25,0,107,4
2020-04-04,Peru,NA,Loreto,883510,40,0,147,4
2020-04-05,Peru,NA,Loreto,883510,31,1,178,5
2020-04-06,Peru,NA,Loreto,883510,10,0,188,5
2020-04-07,Peru,NA,Loreto,883510,100,1,288,6
2020-04-08,Peru,NA,Loreto,883510,68,1,356,7
2020-04-09,Peru,NA,Loreto,883510,4,2,360,9
2020-04-10,Peru,NA,Loreto,883510,7,2,367,11
2020-04-11,Peru,NA,Loreto,883510,13,1,380,12
2020-04-12,Peru,NA,Loreto,883510,25,3,405,15
2020-04-13,Peru,NA,Loreto,883510,26,0,431,15
2020-04-14,Peru,NA,Loreto,883510,31,5,462,20
2020-04-15,Peru,NA,Loreto,883510,12,3,474,23
2020-04-16,Peru,NA,Loreto,883510,8,2,482,25
2020-04-17,Peru,NA,Loreto,883510,58,4,540,29
2020-04-18,Peru,NA,Loreto,883510,71,5,611,34
2020-04-19,Peru,NA,Loreto,883510,42,0,653,34
2020-04-20,Peru,NA,Loreto,883510,42,0,695,34
2020-04-21,Peru,NA,Loreto,883510,19,2,714,36
2020-04-22,Peru,NA,Loreto,883510,18,10,732,46
2020-04-23,Peru,NA,Loreto,883510,25,15,757,61
2020-04-24,Peru,NA,Loreto,883510,79,13,836,74
2020-04-25,Peru,NA,Loreto,883510,84,17,920,91
2020-04-26,Peru,NA,Loreto,883510,59,16,979,107
2020-04-27,Peru,NA,Loreto,883510,74,13,1053,120
2020-04-28,Peru,NA,Loreto,883510,173,27,1226,147
2020-04-29,Peru,NA,Loreto,883510,230,27,1456,174
2020-04-30,Peru,NA,Loreto,883510,94,26,1550,200
2020-05-01,Peru,NA,Loreto,883510,145,25,1695,225
2020-05-02,Peru,NA,Loreto,883510,106,27,1801,252
2020-05-03,Peru,NA,Loreto,883510,25,28,1826,280
2020-05-04,Peru,NA,Loreto,883510,133,26,1959,306
2020-05-05,Peru,NA,Loreto,883510,60,25,2019,331
2020-05-06,Peru,NA,Loreto,883510,110,19,2129,350
2020-05-07,Peru,NA,Loreto,883510,76,8,2205,358
2020-05-08,Peru,NA,Loreto,883510,126,15,2331,373
2020-05-09,Peru,NA,Loreto,883510,105,19,2436,392
2020-05-10,Peru,NA,Loreto,883510,51,15,2487,407
2020-05-11,Peru,NA,Loreto,883510,193,22,2680,429
2020-05-12,Peru,NA,Loreto,883510,124,5,2804,434
2020-05-13,Peru,NA,Loreto,883510,157,3,2961,437
2020-05-14,Peru,NA,Loreto,883510,133,8,3094,445
2020-05-15,Peru,NA,Loreto,883510,240,7,3334,452
2020-05-16,Peru,NA,Loreto,883510,156,16,3490,468
2020-05-17,Peru,NA,Loreto,883510,76,15,3566,483
2020-05-18,Peru,NA,Loreto,883510,165,20,3731,503
2020-05-19,Peru,NA,Loreto,883510,257,15,3988,518
2020-05-20,Peru,NA,Loreto,883510,196,7,4184,525
2020-05-21,Peru,NA,Loreto,883510,202,14,4386,539
2020-05-22,Peru,NA,Loreto,883510,152,18,4538,557
2020-05-23,Peru,NA,Loreto,883510,149,15,4687,572
2020-05-24,Peru,NA,Loreto,883510,96,9,4783,581
2020-05-25,Peru,NA,Loreto,883510,135,17,4918,598
2020-05-26,Peru,NA,Loreto,883510,204,10,5122,608
2020-05-27,Peru,NA,Loreto,883510,149,9,5271,617
2020-05-28,Peru,NA,Loreto,883510,83,13,5354,630
2020-05-29,Peru,NA,Loreto,883510,184,14,5538,644
2020-05-30,Peru,NA,Loreto,883510,108,10,5646,654
2020-05-31,Peru,NA,Loreto,883510,290,9,5936,663
2020-06-01,Peru,NA,Loreto,883510,154,17,6090,680
2020-06-02,Peru,NA,Loreto,883510,165,6,6255,686
2020-06-03,Peru,NA,Loreto,883510,88,7,6343,693
2020-06-04,Peru,NA,Loreto,883510,196,9,6539,702
2020-06-05,Peru,NA,Loreto,883510,298,18,6837,720
2020-06-06,Peru,NA,Loreto,883510,183,9,7020,729
2020-06-07,Peru,NA,Loreto,883510,28,7,7048,736
2020-06-08,Peru,NA,Loreto,883510,171,11,7219,747
2020-06-09,Peru,NA,Loreto,883510,117,8,7336,755
2020-06-10,Peru,NA,Loreto,883510,221,8,7557,763
2020-06-11,Peru,NA,Loreto,883510,222,7,7779,770
2020-06-12,Peru,NA,Loreto,883510,196,10,7975,780
2020-06-13,Peru,NA,Loreto,883510,157,5,8132,785
2020-06-14,Peru,NA,Loreto,883510,16,5,8148,790
2020-06-15,Peru,NA,Loreto,883510,67,8,8215,798
2020-06-16,Peru,NA,Loreto,883510,62,3,8277,801
2020-06-17,Peru,NA,Loreto,883510,76,9,8353,810
2020-06-18,Peru,NA,Loreto,883510,136,6,8489,816
2020-06-19,Peru,NA,Loreto,883510,126,6,8615,822
2020-06-20,Peru,NA,Loreto,883510,96,4,8711,826
2020-06-21,Peru,NA,Loreto,883510,15,3,8726,829
2020-06-22,Peru,NA,Loreto,883510,254,3,8980,832
2020-06-23,Peru,NA,Loreto,883510,128,3,9108,835
2020-06-24,Peru,NA,Loreto,883510,37,5,9145,840
2020-06-25,Peru,NA,Loreto,883510,65,0,9210,840
2020-06-26,Peru,NA,Loreto,883510,88,5,9298,845
2020-06-27,Peru,NA,Loreto,883510,44,2,9342,847
2020-06-28,Peru,NA,Loreto,883510,30,3,9372,850
2020-06-29,Peru,NA,Loreto,883510,52,1,9424,851
2020-06-30,Peru,NA,Loreto,883510,57,1,9481,852
2020-07-01,Peru,NA,Loreto,883510,123,1,9604,853
2020-07-02,Peru,NA,Loreto,883510,79,1,9683,854
2020-07-03,Peru,NA,Loreto,883510,64,2,9747,856
2020-07-04,Peru,NA,Loreto,883510,74,1,9821,857
2020-07-05,Peru,NA,Loreto,883510,52,0,9873,857
2020-07-06,Peru,NA,Loreto,883510,113,2,9986,859
2020-07-07,Peru,NA,Loreto,883510,120,1,10106,860
2020-07-08,Peru,NA,Loreto,883510,60,1,10166,861
2020-07-09,Peru,NA,Loreto,883510,60,1,10226,862
2020-07-10,Peru,NA,Loreto,883510,118,3,10344,865
2020-07-11,Peru,NA,Loreto,883510,90,1,10434,866
2020-07-12,Peru,NA,Loreto,883510,50,1,10484,867
2020-07-13,Peru,NA,Loreto,883510,72,1,10556,868
2020-07-14,Peru,NA,Loreto,883510,81,2,10637,870
2020-07-15,Peru,NA,Loreto,883510,87,2,10724,872
2020-07-16,Peru,NA,Loreto,883510,105,0,10829,872
2020-07-17,Peru,NA,Loreto,883510,114,2,10943,874
2020-07-18,Peru,NA,Loreto,883510,100,1,11043,875
2020-07-19,Peru,NA,Loreto,883510,22,0,11065,875
2020-07-20,Peru,NA,Loreto,883510,168,2,11233,877
2020-07-21,Peru,NA,Loreto,883510,102,0,11335,877
2020-07-22,Peru,NA,Loreto,883510,77,1,11412,878
2020-07-23,Peru,NA,Loreto,883510,160,0,11572,878
2020-07-24,Peru,NA,Loreto,883510,157,2,11729,880
2020-07-25,Peru,NA,Loreto,883510,113,0,11842,880
2020-07-26,Peru,NA,Loreto,883510,40,0,11882,880
2020-07-27,Peru,NA,Loreto,883510,185,0,12067,880
2020-07-28,Peru,NA,Loreto,883510,68,1,12135,881
2020-07-29,Peru,NA,Loreto,883510,134,0,12269,881
2020-07-30,Peru,NA,Loreto,883510,164,1,12433,882
2020-07-31,Peru,NA,Loreto,883510,109,0,12542,882
2020-08-01,Peru,NA,Loreto,883510,162,3,12704,885
2020-08-02,Peru,NA,Loreto,883510,51,2,12755,887
2020-08-03,Peru,NA,Loreto,883510,182,1,12937,888
2020-08-04,Peru,NA,Loreto,883510,139,3,13076,891
2020-08-05,Peru,NA,Loreto,883510,97,2,13173,893
2020-08-06,Peru,NA,Loreto,883510,148,2,13321,895
2020-08-07,Peru,NA,Loreto,883510,119,3,13440,898
2020-08-08,Peru,NA,Loreto,883510,109,3,13549,901
2020-08-09,Peru,NA,Loreto,883510,29,1,13578,902
2020-08-10,Peru,NA,Loreto,883510,166,1,13744,903
2020-08-11,Peru,NA,Loreto,883510,130,0,13874,903
2020-08-12,Peru,NA,Loreto,883510,149,0,14023,903
2020-08-13,Peru,NA,Loreto,883510,159,1,14182,904
2020-08-14,Peru,NA,Loreto,883510,190,1,14372,905
2020-08-15,Peru,NA,Loreto,883510,137,0,14509,905
2020-08-16,Peru,NA,Loreto,883510,66,3,14575,908
2020-08-17,Peru,NA,Loreto,883510,147,2,14722,910
2020-08-18,Peru,NA,Loreto,883510,161,1,14883,911
2020-08-19,Peru,NA,Loreto,883510,167,2,15050,913
2020-08-20,Peru,NA,Loreto,883510,199,0,15249,913
2020-08-21,Peru,NA,Loreto,883510,113,2,15362,915
2020-08-22,Peru,NA,Loreto,883510,95,1,15457,916
2020-08-23,Peru,NA,Loreto,883510,34,3,15491,919
2020-08-24,Peru,NA,Loreto,883510,187,0,15678,919
2020-08-25,Peru,NA,Loreto,883510,181,0,15859,919
2020-08-26,Peru,NA,Loreto,883510,114,0,15973,919
2020-08-27,Peru,NA,Loreto,883510,112,2,16085,921
2020-08-28,Peru,NA,Loreto,883510,82,1,16167,922
2020-08-29,Peru,NA,Loreto,883510,62,0,16229,922
2020-08-30,Peru,NA,Loreto,883510,20,0,16249,922
2020-08-31,Peru,NA,Loreto,883510,80,1,16329,923
2020-09-01,Peru,NA,Loreto,883510,150,0,16479,923
2020-09-02,Peru,NA,Loreto,883510,113,0,16592,923
2020-09-03,Peru,NA,Loreto,883510,35,1,16627,924
2020-09-04,Peru,NA,Loreto,883510,139,3,16766,927
2020-09-05,Peru,NA,Loreto,883510,51,2,16817,929
2020-09-06,Peru,NA,Loreto,883510,10,0,16827,929
2020-09-07,Peru,NA,Loreto,883510,85,1,16912,930
2020-09-08,Peru,NA,Loreto,883510,63,2,16975,932
2020-09-09,Peru,NA,Loreto,883510,59,2,17034,934
2020-09-10,Peru,NA,Loreto,883510,21,1,17055,935
2020-09-11,Peru,NA,Loreto,883510,52,1,17107,936
2020-09-12,Peru,NA,Loreto,883510,32,2,17139,938
2020-09-13,Peru,NA,Loreto,883510,6,0,17145,938
2020-04-11,Peru,NA,Madre de Dios,141070,16,0,22,0
2020-04-12,Peru,NA,Madre de Dios,141070,14,0,36,0
2020-04-13,Peru,NA,Madre de Dios,141070,5,0,41,0
2020-04-14,Peru,NA,Madre de Dios,141070,4,0,45,0
2020-04-15,Peru,NA,Madre de Dios,141070,7,0,52,0
2020-04-16,Peru,NA,Madre de Dios,141070,6,0,58,0
2020-04-17,Peru,NA,Madre de Dios,141070,5,0,63,0
2020-04-18,Peru,NA,Madre de Dios,141070,4,0,67,0
2020-04-20,Peru,NA,Madre de Dios,141070,5,0,72,0
2020-04-21,Peru,NA,Madre de Dios,141070,6,0,78,0
2020-04-22,Peru,NA,Madre de Dios,141070,13,0,91,0
2020-04-23,Peru,NA,Madre de Dios,141070,3,0,94,0
2020-04-24,Peru,NA,Madre de Dios,141070,3,0,97,0
2020-04-25,Peru,NA,Madre de Dios,141070,7,1,104,1
2020-04-26,Peru,NA,Madre de Dios,141070,1,0,105,1
2020-04-27,Peru,NA,Madre de Dios,141070,10,0,115,1
2020-04-28,Peru,NA,Madre de Dios,141070,3,0,118,1
2020-04-29,Peru,NA,Madre de Dios,141070,8,0,126,1
2020-04-30,Peru,NA,Madre de Dios,141070,3,0,129,1
2020-05-01,Peru,NA,Madre de Dios,141070,3,0,132,1
2020-05-02,Peru,NA,Madre de Dios,141070,3,0,135,1
2020-05-04,Peru,NA,Madre de Dios,141070,5,0,140,1
2020-05-05,Peru,NA,Madre de Dios,141070,5,0,145,1
2020-05-06,Peru,NA,Madre de Dios,141070,6,1,151,2
2020-05-07,Peru,NA,Madre de Dios,141070,3,0,154,2
2020-05-08,Peru,NA,Madre de Dios,141070,5,0,159,2
2020-05-09,Peru,NA,Madre de Dios,141070,14,1,173,3
2020-05-11,Peru,NA,Madre de Dios,141070,18,0,191,3
2020-05-12,Peru,NA,Madre de Dios,141070,12,0,203,3
2020-05-13,Peru,NA,Madre de Dios,141070,17,0,220,3
2020-05-14,Peru,NA,Madre de Dios,141070,10,0,230,3
2020-05-15,Peru,NA,Madre de Dios,141070,5,1,235,4
2020-05-16,Peru,NA,Madre de Dios,141070,20,0,255,4
2020-05-18,Peru,NA,Madre de Dios,141070,17,0,272,4
2020-05-19,Peru,NA,Madre de Dios,141070,10,0,282,4
2020-05-20,Peru,NA,Madre de Dios,141070,6,3,288,7
2020-05-21,Peru,NA,Madre de Dios,141070,10,1,298,8
2020-05-22,Peru,NA,Madre de Dios,141070,42,0,340,8
2020-05-23,Peru,NA,Madre de Dios,141070,32,0,372,8
2020-05-24,Peru,NA,Madre de Dios,141070,1,1,373,9
2020-05-25,Peru,NA,Madre de Dios,141070,39,0,412,9
2020-05-26,Peru,NA,Madre de Dios,141070,21,0,433,9
2020-05-27,Peru,NA,Madre de Dios,141070,27,0,460,9
2020-05-28,Peru,NA,Madre de Dios,141070,54,0,514,9
2020-05-29,Peru,NA,Madre de Dios,141070,53,0,567,9
2020-05-30,Peru,NA,Madre de Dios,141070,23,0,590,9
2020-05-31,Peru,NA,Madre de Dios,141070,2,1,592,10
2020-06-01,Peru,NA,Madre de Dios,141070,42,0,634,10
2020-06-02,Peru,NA,Madre de Dios,141070,36,0,670,10
2020-06-03,Peru,NA,Madre de Dios,141070,39,2,709,12
2020-06-04,Peru,NA,Madre de Dios,141070,106,3,815,15
2020-06-05,Peru,NA,Madre de Dios,141070,26,3,841,18
2020-06-06,Peru,NA,Madre de Dios,141070,23,2,864,20
2020-06-07,Peru,NA,Madre de Dios,141070,8,0,872,20
2020-06-08,Peru,NA,Madre de Dios,141070,56,4,928,24
2020-06-09,Peru,NA,Madre de Dios,141070,39,2,967,26
2020-06-10,Peru,NA,Madre de Dios,141070,63,3,1030,29
2020-06-11,Peru,NA,Madre de Dios,141070,30,1,1060,30
2020-06-12,Peru,NA,Madre de Dios,141070,34,2,1094,32
2020-06-13,Peru,NA,Madre de Dios,141070,38,3,1132,35
2020-06-14,Peru,NA,Madre de Dios,141070,7,3,1139,38
2020-06-15,Peru,NA,Madre de Dios,141070,64,0,1203,38
2020-06-16,Peru,NA,Madre de Dios,141070,105,1,1308,39
2020-06-17,Peru,NA,Madre de Dios,141070,43,2,1351,41
2020-06-18,Peru,NA,Madre de Dios,141070,24,2,1375,43
2020-06-19,Peru,NA,Madre de Dios,141070,63,1,1438,44
2020-06-20,Peru,NA,Madre de Dios,141070,38,4,1476,48
2020-06-21,Peru,NA,Madre de Dios,141070,5,5,1481,53
2020-06-22,Peru,NA,Madre de Dios,141070,42,4,1523,57
2020-06-23,Peru,NA,Madre de Dios,141070,55,3,1578,60
2020-06-24,Peru,NA,Madre de Dios,141070,42,7,1620,67
2020-06-25,Peru,NA,Madre de Dios,141070,70,1,1690,68
2020-06-26,Peru,NA,Madre de Dios,141070,63,4,1753,72
2020-06-27,Peru,NA,Madre de Dios,141070,81,1,1834,73
2020-06-28,Peru,NA,Madre de Dios,141070,14,3,1848,76
2020-06-29,Peru,NA,Madre de Dios,141070,41,3,1889,79
2020-06-30,Peru,NA,Madre de Dios,141070,74,4,1963,83
2020-07-01,Peru,NA,Madre de Dios,141070,78,5,2041,88
2020-07-02,Peru,NA,Madre de Dios,141070,72,2,2113,90
2020-07-03,Peru,NA,Madre de Dios,141070,72,1,2185,91
2020-07-04,Peru,NA,Madre de Dios,141070,58,0,2243,91
2020-07-05,Peru,NA,Madre de Dios,141070,12,3,2255,94
2020-07-06,Peru,NA,Madre de Dios,141070,58,0,2313,94
2020-07-07,Peru,NA,Madre de Dios,141070,53,2,2366,96
2020-07-08,Peru,NA,Madre de Dios,141070,9,1,2375,97
2020-07-09,Peru,NA,Madre de Dios,141070,11,2,2386,99
2020-07-10,Peru,NA,Madre de Dios,141070,53,0,2439,99
2020-07-11,Peru,NA,Madre de Dios,141070,41,1,2480,100
2020-07-12,Peru,NA,Madre de Dios,141070,12,1,2492,101
2020-07-13,Peru,NA,Madre de Dios,141070,15,0,2507,101
2020-07-14,Peru,NA,Madre de Dios,141070,77,1,2584,102
2020-07-15,Peru,NA,Madre de Dios,141070,2,0,2586,102
2020-07-16,Peru,NA,Madre de Dios,141070,19,1,2605,103
2020-07-17,Peru,NA,Madre de Dios,141070,48,1,2653,104
2020-07-18,Peru,NA,Madre de Dios,141070,43,0,2696,104
2020-07-19,Peru,NA,Madre de Dios,141070,9,1,2705,105
2020-07-20,Peru,NA,Madre de Dios,141070,74,0,2779,105
2020-07-21,Peru,NA,Madre de Dios,141070,58,1,2837,106
2020-07-22,Peru,NA,Madre de Dios,141070,67,0,2904,106
2020-07-23,Peru,NA,Madre de Dios,141070,87,2,2991,108
2020-07-24,Peru,NA,Madre de Dios,141070,92,0,3083,108
2020-07-25,Peru,NA,Madre de Dios,141070,73,0,3156,108
2020-07-26,Peru,NA,Madre de Dios,141070,17,0,3173,108
2020-07-27,Peru,NA,Madre de Dios,141070,103,0,3276,108
2020-07-28,Peru,NA,Madre de Dios,141070,74,1,3350,109
2020-07-29,Peru,NA,Madre de Dios,141070,66,0,3416,109
2020-07-30,Peru,NA,Madre de Dios,141070,115,3,3531,112
2020-07-31,Peru,NA,Madre de Dios,141070,153,0,3684,112
2020-08-01,Peru,NA,Madre de Dios,141070,51,4,3735,116
2020-08-02,Peru,NA,Madre de Dios,141070,16,0,3751,116
2020-08-03,Peru,NA,Madre de Dios,141070,87,0,3838,116
2020-08-04,Peru,NA,Madre de Dios,141070,89,2,3927,118
2020-08-05,Peru,NA,Madre de Dios,141070,97,0,4024,118
2020-08-06,Peru,NA,Madre de Dios,141070,201,0,4225,118
2020-08-07,Peru,NA,Madre de Dios,141070,60,1,4285,119
2020-08-08,Peru,NA,Madre de Dios,141070,40,0,4325,119
2020-08-09,Peru,NA,Madre de Dios,141070,17,0,4342,119
2020-08-10,Peru,NA,Madre de Dios,141070,89,2,4431,121
2020-08-11,Peru,NA,Madre de Dios,141070,74,0,4505,121
2020-08-12,Peru,NA,Madre de Dios,141070,142,1,4647,122
2020-08-13,Peru,NA,Madre de Dios,141070,146,2,4793,124
2020-08-14,Peru,NA,Madre de Dios,141070,106,2,4899,126
2020-08-15,Peru,NA,Madre de Dios,141070,46,1,4945,127
2020-08-16,Peru,NA,Madre de Dios,141070,6,1,4951,128
2020-08-17,Peru,NA,Madre de Dios,141070,73,0,5024,128
2020-08-18,Peru,NA,Madre de Dios,141070,112,0,5136,128
2020-08-19,Peru,NA,Madre de Dios,141070,109,0,5245,128
2020-08-20,Peru,NA,Madre de Dios,141070,105,0,5350,128
2020-08-21,Peru,NA,Madre de Dios,141070,66,0,5416,128
2020-08-22,Peru,NA,Madre de Dios,141070,73,1,5489,129
2020-08-23,Peru,NA,Madre de Dios,141070,11,0,5500,129
2020-08-24,Peru,NA,Madre de Dios,141070,79,0,5579,129
2020-08-25,Peru,NA,Madre de Dios,141070,190,0,5769,129
2020-08-26,Peru,NA,Madre de Dios,141070,124,0,5893,129
2020-08-27,Peru,NA,Madre de Dios,141070,93,0,5986,129
2020-08-28,Peru,NA,Madre de Dios,141070,116,0,6102,129
2020-08-29,Peru,NA,Madre de Dios,141070,81,0,6183,129
2020-08-30,Peru,NA,Madre de Dios,141070,6,0,6189,129
2020-08-31,Peru,NA,Madre de Dios,141070,86,0,6275,129
2020-09-01,Peru,NA,Madre de Dios,141070,69,0,6344,129
2020-09-02,Peru,NA,Madre de Dios,141070,101,0,6445,129
2020-09-03,Peru,NA,Madre de Dios,141070,14,2,6459,131
2020-09-04,Peru,NA,Madre de Dios,141070,80,0,6539,131
2020-09-05,Peru,NA,Madre de Dios,141070,17,0,6556,131
2020-09-06,Peru,NA,Madre de Dios,141070,15,0,6571,131
2020-09-07,Peru,NA,Madre de Dios,141070,45,0,6616,131
2020-09-08,Peru,NA,Madre de Dios,141070,59,1,6675,132
2020-09-09,Peru,NA,Madre de Dios,141070,38,0,6713,132
2020-09-10,Peru,NA,Madre de Dios,141070,55,0,6768,132
2020-09-11,Peru,NA,Madre de Dios,141070,242,0,7010,132
2020-09-12,Peru,NA,Madre de Dios,141070,154,0,7164,132
2020-09-13,Peru,NA,Madre de Dios,141070,2,0,7166,132
2020-03-11,Peru,NA,Metropolitan Municipality of Lima,8574974,6,0,15,0
2020-03-12,Peru,NA,Metropolitan Municipality of Lima,8574974,8,0,23,0
2020-03-13,Peru,NA,Metropolitan Municipality of Lima,8574974,9,0,32,0
2020-03-14,Peru,NA,Metropolitan Municipality of Lima,8574974,15,0,47,0
2020-03-15,Peru,NA,Metropolitan Municipality of Lima,8574974,22,0,69,0
2020-03-16,Peru,NA,Metropolitan Municipality of Lima,8574974,15,0,84,0
2020-03-17,Peru,NA,Metropolitan Municipality of Lima,8574974,16,0,100,0
2020-03-18,Peru,NA,Metropolitan Municipality of Lima,8574974,50,1,150,1
2020-03-19,Peru,NA,Metropolitan Municipality of Lima,8574974,53,3,203,4
2020-03-20,Peru,NA,Metropolitan Municipality of Lima,8574974,26,2,229,6
2020-03-21,Peru,NA,Metropolitan Municipality of Lima,8574974,27,0,256,6
2020-03-22,Peru,NA,Metropolitan Municipality of Lima,8574974,32,0,288,6
2020-03-23,Peru,NA,Metropolitan Municipality of Lima,8574974,26,1,314,7
2020-03-24,Peru,NA,Metropolitan Municipality of Lima,8574974,47,2,361,9
2020-03-25,Peru,NA,Metropolitan Municipality of Lima,8574974,83,0,444,9
2020-03-26,Peru,NA,Metropolitan Municipality of Lima,8574974,38,3,482,12
2020-03-27,Peru,NA,Metropolitan Municipality of Lima,8574974,21,6,503,18
2020-03-28,Peru,NA,Metropolitan Municipality of Lima,8574974,82,3,585,21
2020-03-29,Peru,NA,Metropolitan Municipality of Lima,8574974,107,9,692,30
2020-03-30,Peru,NA,Metropolitan Municipality of Lima,8574974,90,6,782,36
2020-03-31,Peru,NA,Metropolitan Municipality of Lima,8574974,190,12,972,48
2020-04-01,Peru,NA,Metropolitan Municipality of Lima,8574974,58,7,1030,55
2020-04-02,Peru,NA,Metropolitan Municipality of Lima,8574974,168,7,1198,62
2020-04-03,Peru,NA,Metropolitan Municipality of Lima,8574974,170,24,1368,86
2020-04-04,Peru,NA,Metropolitan Municipality of Lima,8574974,480,25,1848,111
2020-04-05,Peru,NA,Metropolitan Municipality of Lima,8574974,308,7,2156,118
2020-04-06,Peru,NA,Metropolitan Municipality of Lima,8574974,473,16,2629,134
2020-04-07,Peru,NA,Metropolitan Municipality of Lima,8574974,614,19,3243,153
2020-04-08,Peru,NA,Metropolitan Municipality of Lima,8574974,673,39,3916,192
2020-04-09,Peru,NA,Metropolitan Municipality of Lima,8574974,607,27,4523,219
2020-04-10,Peru,NA,Metropolitan Municipality of Lima,8574974,763,23,5286,242
2020-04-11,Peru,NA,Metropolitan Municipality of Lima,8574974,742,24,6028,266
2020-04-12,Peru,NA,Metropolitan Municipality of Lima,8574974,509,40,6537,306
2020-04-13,Peru,NA,Metropolitan Municipality of Lima,8574974,694,34,7231,340
2020-04-14,Peru,NA,Metropolitan Municipality of Lima,8574974,606,47,7837,387
2020-04-15,Peru,NA,Metropolitan Municipality of Lima,8574974,746,52,8583,439
2020-04-16,Peru,NA,Metropolitan Municipality of Lima,8574974,813,59,9396,498
2020-04-17,Peru,NA,Metropolitan Municipality of Lima,8574974,541,50,9937,548
2020-04-18,Peru,NA,Metropolitan Municipality of Lima,8574974,835,53,10772,601
2020-04-19,Peru,NA,Metropolitan Municipality of Lima,8574974,800,65,11572,666
2020-04-20,Peru,NA,Metropolitan Municipality of Lima,8574974,1073,72,12645,738
2020-04-21,Peru,NA,Metropolitan Municipality of Lima,8574974,1197,64,13842,802
2020-04-22,Peru,NA,Metropolitan Municipality of Lima,8574974,1363,72,15205,874
2020-04-23,Peru,NA,Metropolitan Municipality of Lima,8574974,1229,49,16434,923
2020-04-24,Peru,NA,Metropolitan Municipality of Lima,8574974,1253,65,17687,988
2020-04-25,Peru,NA,Metropolitan Municipality of Lima,8574974,1327,59,19014,1047
2020-04-26,Peru,NA,Metropolitan Municipality of Lima,8574974,944,74,19958,1121
2020-04-27,Peru,NA,Metropolitan Municipality of Lima,8574974,1870,77,21828,1198
2020-04-28,Peru,NA,Metropolitan Municipality of Lima,8574974,1654,76,23482,1274
2020-04-29,Peru,NA,Metropolitan Municipality of Lima,8574974,2447,60,25929,1334
2020-04-30,Peru,NA,Metropolitan Municipality of Lima,8574974,1652,68,27581,1402
2020-05-01,Peru,NA,Metropolitan Municipality of Lima,8574974,1299,101,28880,1503
2020-05-02,Peru,NA,Metropolitan Municipality of Lima,8574974,1842,77,30722,1580
2020-05-03,Peru,NA,Metropolitan Municipality of Lima,8574974,1157,91,31879,1671
2020-05-04,Peru,NA,Metropolitan Municipality of Lima,8574974,2148,80,34027,1751
2020-05-05,Peru,NA,Metropolitan Municipality of Lima,8574974,2313,83,36340,1834
2020-05-06,Peru,NA,Metropolitan Municipality of Lima,8574974,2211,85,38551,1919
2020-05-07,Peru,NA,Metropolitan Municipality of Lima,8574974,2266,85,40817,2004
2020-05-08,Peru,NA,Metropolitan Municipality of Lima,8574974,1943,88,42760,2092
2020-05-09,Peru,NA,Metropolitan Municipality of Lima,8574974,1360,105,44120,2197
2020-05-10,Peru,NA,Metropolitan Municipality of Lima,8574974,586,97,44706,2294
2020-05-11,Peru,NA,Metropolitan Municipality of Lima,8574974,2225,100,46931,2394
2020-05-12,Peru,NA,Metropolitan Municipality of Lima,8574974,2837,99,49768,2493
2020-05-13,Peru,NA,Metropolitan Municipality of Lima,8574974,2619,97,52387,2590
2020-05-14,Peru,NA,Metropolitan Municipality of Lima,8574974,2063,113,54450,2703
2020-05-15,Peru,NA,Metropolitan Municipality of Lima,8574974,2221,89,56671,2792
2020-05-16,Peru,NA,Metropolitan Municipality of Lima,8574974,2282,94,58953,2886
2020-05-17,Peru,NA,Metropolitan Municipality of Lima,8574974,1241,103,60194,2989
2020-05-18,Peru,NA,Metropolitan Municipality of Lima,8574974,2885,106,63079,3095
2020-05-19,Peru,NA,Metropolitan Municipality of Lima,8574974,2647,98,65726,3193
2020-05-20,Peru,NA,Metropolitan Municipality of Lima,8574974,2748,117,68474,3310
2020-05-21,Peru,NA,Metropolitan Municipality of Lima,8574974,2864,93,71338,3403
2020-05-22,Peru,NA,Metropolitan Municipality of Lima,8574974,3222,107,74560,3510
2020-05-23,Peru,NA,Metropolitan Municipality of Lima,8574974,2792,101,77352,3611
2020-05-24,Peru,NA,Metropolitan Municipality of Lima,8574974,923,133,78275,3744
2020-05-25,Peru,NA,Metropolitan Municipality of Lima,8574974,3839,122,82114,3866
2020-05-26,Peru,NA,Metropolitan Municipality of Lima,8574974,3809,34,85923,3900
2020-05-27,Peru,NA,Metropolitan Municipality of Lima,8574974,4020,64,89943,3964
2020-05-28,Peru,NA,Metropolitan Municipality of Lima,8574974,3377,68,93320,4032
2020-05-29,Peru,NA,Metropolitan Municipality of Lima,8574974,3000,75,96320,4107
2020-05-30,Peru,NA,Metropolitan Municipality of Lima,8574974,2436,81,98756,4188
2020-05-31,Peru,NA,Metropolitan Municipality of Lima,8574974,1300,72,100056,4260
2020-06-01,Peru,NA,Metropolitan Municipality of Lima,8574974,1935,84,101991,4344
2020-06-02,Peru,NA,Metropolitan Municipality of Lima,8574974,1806,74,103797,4418
2020-06-03,Peru,NA,Metropolitan Municipality of Lima,8574974,848,64,104645,4482
2020-06-04,Peru,NA,Metropolitan Municipality of Lima,8574974,1764,76,106409,4558
2020-06-05,Peru,NA,Metropolitan Municipality of Lima,8574974,2612,85,109021,4643
2020-06-06,Peru,NA,Metropolitan Municipality of Lima,8574974,2340,91,111361,4734
2020-06-07,Peru,NA,Metropolitan Municipality of Lima,8574974,1528,62,112889,4796
2020-06-08,Peru,NA,Metropolitan Municipality of Lima,8574974,2069,90,114958,4886
2020-06-09,Peru,NA,Metropolitan Municipality of Lima,8574974,2452,88,117410,4974
2020-06-10,Peru,NA,Metropolitan Municipality of Lima,8574974,2499,122,119909,5096
2020-06-11,Peru,NA,Metropolitan Municipality of Lima,8574974,1825,103,121734,5199
2020-06-12,Peru,NA,Metropolitan Municipality of Lima,8574974,1419,102,123153,5301
2020-06-13,Peru,NA,Metropolitan Municipality of Lima,8574974,1801,90,124954,5391
2020-06-14,Peru,NA,Metropolitan Municipality of Lima,8574974,1374,90,126328,5481
2020-06-15,Peru,NA,Metropolitan Municipality of Lima,8574974,1981,105,128309,5586
2020-06-16,Peru,NA,Metropolitan Municipality of Lima,8574974,1517,71,129826,5657
2020-06-17,Peru,NA,Metropolitan Municipality of Lima,8574974,1419,103,131245,5760
2020-06-18,Peru,NA,Metropolitan Municipality of Lima,8574974,1408,90,132653,5850
2020-06-19,Peru,NA,Metropolitan Municipality of Lima,8574974,1153,86,133806,5936
2020-06-20,Peru,NA,Metropolitan Municipality of Lima,8574974,1349,88,135155,6024
2020-06-21,Peru,NA,Metropolitan Municipality of Lima,8574974,513,73,135668,6097
2020-06-22,Peru,NA,Metropolitan Municipality of Lima,8574974,1598,82,137266,6179
2020-06-23,Peru,NA,Metropolitan Municipality of Lima,8574974,1450,84,138716,6263
2020-06-24,Peru,NA,Metropolitan Municipality of Lima,8574974,1607,72,140323,6335
2020-06-25,Peru,NA,Metropolitan Municipality of Lima,8574974,1708,81,142031,6416
2020-06-26,Peru,NA,Metropolitan Municipality of Lima,8574974,1577,93,143608,6509
2020-06-27,Peru,NA,Metropolitan Municipality of Lima,8574974,1221,79,144829,6588
2020-06-28,Peru,NA,Metropolitan Municipality of Lima,8574974,720,83,145549,6671
2020-06-29,Peru,NA,Metropolitan Municipality of Lima,8574974,964,62,146513,6733
2020-06-30,Peru,NA,Metropolitan Municipality of Lima,8574974,1299,81,147812,6814
2020-07-01,Peru,NA,Metropolitan Municipality of Lima,8574974,1240,64,149052,6878
2020-07-02,Peru,NA,Metropolitan Municipality of Lima,8574974,1049,66,150101,6944
2020-07-03,Peru,NA,Metropolitan Municipality of Lima,8574974,1345,82,151446,7026
2020-07-04,Peru,NA,Metropolitan Municipality of Lima,8574974,1212,70,152658,7096
2020-07-05,Peru,NA,Metropolitan Municipality of Lima,8574974,1026,73,153684,7169
2020-07-06,Peru,NA,Metropolitan Municipality of Lima,8574974,1326,49,155010,7218
2020-07-07,Peru,NA,Metropolitan Municipality of Lima,8574974,1489,60,156499,7278
2020-07-08,Peru,NA,Metropolitan Municipality of Lima,8574974,878,91,157377,7369
2020-07-09,Peru,NA,Metropolitan Municipality of Lima,8574974,998,77,158375,7446
2020-07-10,Peru,NA,Metropolitan Municipality of Lima,8574974,1599,83,159974,7529
2020-07-11,Peru,NA,Metropolitan Municipality of Lima,8574974,1160,74,161134,7603
2020-07-12,Peru,NA,Metropolitan Municipality of Lima,8574974,922,75,162056,7678
2020-07-13,Peru,NA,Metropolitan Municipality of Lima,8574974,1478,68,163534,7746
2020-07-14,Peru,NA,Metropolitan Municipality of Lima,8574974,1429,65,164963,7811
2020-07-15,Peru,NA,Metropolitan Municipality of Lima,8574974,1785,83,166748,7894
2020-07-16,Peru,NA,Metropolitan Municipality of Lima,8574974,1817,75,168565,7969
2020-07-17,Peru,NA,Metropolitan Municipality of Lima,8574974,1815,86,170380,8055
2020-07-18,Peru,NA,Metropolitan Municipality of Lima,8574974,1663,79,172043,8134
2020-07-19,Peru,NA,Metropolitan Municipality of Lima,8574974,1107,79,173150,8213
2020-07-20,Peru,NA,Metropolitan Municipality of Lima,8574974,1401,72,174551,8285
2020-07-21,Peru,NA,Metropolitan Municipality of Lima,8574974,1831,67,176382,8352
2020-07-22,Peru,NA,Metropolitan Municipality of Lima,8574974,2010,70,178392,8422
2020-07-23,Peru,NA,Metropolitan Municipality of Lima,8574974,1775,75,180167,8497
2020-07-24,Peru,NA,Metropolitan Municipality of Lima,8574974,1992,68,182159,8565
2020-07-25,Peru,NA,Metropolitan Municipality of Lima,8574974,1819,70,183978,8635
2020-07-26,Peru,NA,Metropolitan Municipality of Lima,8574974,1446,61,185424,8696
2020-07-27,Peru,NA,Metropolitan Municipality of Lima,8574974,2361,61,187785,8757
2020-07-28,Peru,NA,Metropolitan Municipality of Lima,8574974,1015,78,188800,8835
2020-07-29,Peru,NA,Metropolitan Municipality of Lima,8574974,2430,73,191230,8908
2020-07-30,Peru,NA,Metropolitan Municipality of Lima,8574974,2591,67,193821,8975
2020-07-31,Peru,NA,Metropolitan Municipality of Lima,8574974,2465,73,196286,9048
2020-08-01,Peru,NA,Metropolitan Municipality of Lima,8574974,2616,83,198902,9131
2020-08-02,Peru,NA,Metropolitan Municipality of Lima,8574974,1555,65,200457,9196
2020-08-03,Peru,NA,Metropolitan Municipality of Lima,8574974,2792,0,203249,9196
2020-08-04,Peru,NA,Metropolitan Municipality of Lima,8574974,2723,82,205972,9278
2020-08-05,Peru,NA,Metropolitan Municipality of Lima,8574974,2435,81,208407,9359
2020-08-06,Peru,NA,Metropolitan Municipality of Lima,8574974,2659,108,211066,9467
2020-08-07,Peru,NA,Metropolitan Municipality of Lima,8574974,2286,68,213352,9535
2020-08-08,Peru,NA,Metropolitan Municipality of Lima,8574974,2275,113,215627,9648
2020-08-09,Peru,NA,Metropolitan Municipality of Lima,8574974,1471,73,217098,9721
2020-08-10,Peru,NA,Metropolitan Municipality of Lima,8574974,2587,98,219685,9819
2020-08-11,Peru,NA,Metropolitan Municipality of Lima,8574974,3069,78,222754,9897
2020-08-12,Peru,NA,Metropolitan Municipality of Lima,8574974,3282,82,226036,9979
2020-08-13,Peru,NA,Metropolitan Municipality of Lima,8574974,2907,59,228943,10038
2020-08-14,Peru,NA,Metropolitan Municipality of Lima,8574974,3221,88,232164,10126
2020-08-15,Peru,NA,Metropolitan Municipality of Lima,8574974,3080,64,235244,10190
2020-08-16,Peru,NA,Metropolitan Municipality of Lima,8574974,1737,87,236981,10277
2020-08-17,Peru,NA,Metropolitan Municipality of Lima,8574974,3276,75,240257,10352
2020-08-18,Peru,NA,Metropolitan Municipality of Lima,8574974,2984,42,243241,10394
2020-08-19,Peru,NA,Metropolitan Municipality of Lima,8574974,3037,62,246278,10456
2020-08-20,Peru,NA,Metropolitan Municipality of Lima,8574974,2594,98,248872,10554
2020-08-21,Peru,NA,Metropolitan Municipality of Lima,8574974,2836,75,251708,10629
2020-08-22,Peru,NA,Metropolitan Municipality of Lima,8574974,2390,101,254098,10730
2020-08-23,Peru,NA,Metropolitan Municipality of Lima,8574974,939,69,255037,10799
2020-08-24,Peru,NA,Metropolitan Municipality of Lima,8574974,2436,91,257473,10890
2020-08-25,Peru,NA,Metropolitan Municipality of Lima,8574974,2707,51,260180,10941
2020-08-26,Peru,NA,Metropolitan Municipality of Lima,8574974,2540,70,262720,11011
2020-08-27,Peru,NA,Metropolitan Municipality of Lima,8574974,2318,80,265038,11091
2020-08-28,Peru,NA,Metropolitan Municipality of Lima,8574974,3000,61,268038,11152
2020-08-29,Peru,NA,Metropolitan Municipality of Lima,8574974,1888,88,269926,11240
2020-08-30,Peru,NA,Metropolitan Municipality of Lima,8574974,994,68,270920,11308
2020-08-31,Peru,NA,Metropolitan Municipality of Lima,8574974,2130,69,273050,11377
2020-09-01,Peru,NA,Metropolitan Municipality of Lima,8574974,1933,100,274983,11477
2020-09-02,Peru,NA,Metropolitan Municipality of Lima,8574974,1989,78,276972,11555
2020-09-03,Peru,NA,Metropolitan Municipality of Lima,8574974,1559,62,278531,11617
2020-09-04,Peru,NA,Metropolitan Municipality of Lima,8574974,2587,68,281118,11685
2020-09-05,Peru,NA,Metropolitan Municipality of Lima,8574974,1475,65,282593,11750
2020-09-06,Peru,NA,Metropolitan Municipality of Lima,8574974,776,53,283369,11803
2020-09-07,Peru,NA,Metropolitan Municipality of Lima,8574974,1890,66,285259,11869
2020-09-08,Peru,NA,Metropolitan Municipality of Lima,8574974,1742,58,287001,11927
2020-09-09,Peru,NA,Metropolitan Municipality of Lima,8574974,1934,48,288935,11975
2020-09-10,Peru,NA,Metropolitan Municipality of Lima,8574974,1047,62,289982,12037
2020-09-11,Peru,NA,Metropolitan Municipality of Lima,8574974,3392,55,293374,12092
2020-09-12,Peru,NA,Metropolitan Municipality of Lima,8574974,1583,47,294957,12139
2020-09-13,Peru,NA,Metropolitan Municipality of Lima,8574974,614,47,295571,12186
2020-04-13,Peru,NA,Moquegua,174863,2,0,12,0
2020-04-14,Peru,NA,Moquegua,174863,6,0,18,0
2020-04-15,Peru,NA,Moquegua,174863,4,0,22,0
2020-04-16,Peru,NA,Moquegua,174863,5,0,27,0
2020-04-17,Peru,NA,Moquegua,174863,5,0,32,0
2020-04-19,Peru,NA,Moquegua,174863,1,0,33,0
2020-04-20,Peru,NA,Moquegua,174863,9,0,42,0
2020-04-21,Peru,NA,Moquegua,174863,8,0,50,0
2020-04-22,Peru,NA,Moquegua,174863,4,0,54,0
2020-04-23,Peru,NA,Moquegua,174863,7,0,61,0
2020-04-24,Peru,NA,Moquegua,174863,16,0,77,0
2020-04-25,Peru,NA,Moquegua,174863,19,0,96,0
2020-04-26,Peru,NA,Moquegua,174863,6,0,102,0
2020-04-27,Peru,NA,Moquegua,174863,3,0,105,0
2020-04-28,Peru,NA,Moquegua,174863,12,1,117,1
2020-04-29,Peru,NA,Moquegua,174863,23,0,140,1
2020-04-30,Peru,NA,Moquegua,174863,10,0,150,1
2020-05-01,Peru,NA,Moquegua,174863,12,0,162,1
2020-05-02,Peru,NA,Moquegua,174863,6,0,168,1
2020-05-04,Peru,NA,Moquegua,174863,16,0,184,1
2020-05-05,Peru,NA,Moquegua,174863,14,0,198,1
2020-05-06,Peru,NA,Moquegua,174863,5,0,203,1
2020-05-07,Peru,NA,Moquegua,174863,4,0,207,1
2020-05-08,Peru,NA,Moquegua,174863,25,0,232,1
2020-05-09,Peru,NA,Moquegua,174863,2,0,234,1
2020-05-11,Peru,NA,Moquegua,174863,5,0,239,1
2020-05-12,Peru,NA,Moquegua,174863,2,0,241,1
2020-05-13,Peru,NA,Moquegua,174863,12,0,253,1
2020-05-14,Peru,NA,Moquegua,174863,9,0,262,1
2020-05-15,Peru,NA,Moquegua,174863,1,1,263,2
2020-05-16,Peru,NA,Moquegua,174863,13,0,276,2
2020-05-17,Peru,NA,Moquegua,174863,1,0,277,2
2020-05-18,Peru,NA,Moquegua,174863,11,1,288,3
2020-05-19,Peru,NA,Moquegua,174863,45,0,333,3
2020-05-20,Peru,NA,Moquegua,174863,64,0,397,3
2020-05-21,Peru,NA,Moquegua,174863,49,1,446,4
2020-05-22,Peru,NA,Moquegua,174863,60,0,506,4
2020-05-23,Peru,NA,Moquegua,174863,36,0,542,4
2020-05-24,Peru,NA,Moquegua,174863,18,0,560,4
2020-05-25,Peru,NA,Moquegua,174863,32,1,592,5
2020-05-26,Peru,NA,Moquegua,174863,27,0,619,5
2020-05-27,Peru,NA,Moquegua,174863,39,0,658,5
2020-05-28,Peru,NA,Moquegua,174863,17,0,675,5
2020-05-29,Peru,NA,Moquegua,174863,16,1,691,6
2020-05-30,Peru,NA,Moquegua,174863,11,0,702,6
2020-05-31,Peru,NA,Moquegua,174863,1,0,703,6
2020-06-01,Peru,NA,Moquegua,174863,8,0,711,6
2020-06-02,Peru,NA,Moquegua,174863,10,0,721,6
2020-06-03,Peru,NA,Moquegua,174863,14,0,735,6
2020-06-04,Peru,NA,Moquegua,174863,22,0,757,6
2020-06-05,Peru,NA,Moquegua,174863,5,0,762,6
2020-06-06,Peru,NA,Moquegua,174863,2,1,764,7
2020-06-07,Peru,NA,Moquegua,174863,2,2,766,9
2020-06-08,Peru,NA,Moquegua,174863,7,0,773,9
2020-06-09,Peru,NA,Moquegua,174863,4,1,777,10
2020-06-10,Peru,NA,Moquegua,174863,5,0,782,10
2020-06-11,Peru,NA,Moquegua,174863,10,1,792,11
2020-06-12,Peru,NA,Moquegua,174863,9,0,801,11
2020-06-13,Peru,NA,Moquegua,174863,13,0,814,11
2020-06-14,Peru,NA,Moquegua,174863,3,1,817,12
2020-06-15,Peru,NA,Moquegua,174863,14,0,831,12
2020-06-16,Peru,NA,Moquegua,174863,4,0,835,12
2020-06-17,Peru,NA,Moquegua,174863,2,2,837,14
2020-06-18,Peru,NA,Moquegua,174863,5,1,842,15
2020-06-19,Peru,NA,Moquegua,174863,7,0,849,15
2020-06-20,Peru,NA,Moquegua,174863,11,1,860,16
2020-06-21,Peru,NA,Moquegua,174863,4,0,864,16
2020-06-22,Peru,NA,Moquegua,174863,4,0,868,16
2020-06-23,Peru,NA,Moquegua,174863,11,2,879,18
2020-06-24,Peru,NA,Moquegua,174863,22,3,901,21
2020-06-25,Peru,NA,Moquegua,174863,12,0,913,21
2020-06-26,Peru,NA,Moquegua,174863,15,0,928,21
2020-06-27,Peru,NA,Moquegua,174863,12,2,940,23
2020-06-28,Peru,NA,Moquegua,174863,6,0,946,23
2020-06-29,Peru,NA,Moquegua,174863,6,4,952,27
2020-06-30,Peru,NA,Moquegua,174863,53,2,1005,29
2020-07-01,Peru,NA,Moquegua,174863,35,2,1040,31
2020-07-02,Peru,NA,Moquegua,174863,21,0,1061,31
2020-07-03,Peru,NA,Moquegua,174863,38,2,1099,33
2020-07-04,Peru,NA,Moquegua,174863,52,3,1151,36
2020-07-05,Peru,NA,Moquegua,174863,10,1,1161,37
2020-07-06,Peru,NA,Moquegua,174863,39,3,1200,40
2020-07-07,Peru,NA,Moquegua,174863,40,2,1240,42
2020-07-08,Peru,NA,Moquegua,174863,33,4,1273,46
2020-07-09,Peru,NA,Moquegua,174863,24,2,1297,48
2020-07-10,Peru,NA,Moquegua,174863,79,2,1376,50
2020-07-11,Peru,NA,Moquegua,174863,57,3,1433,53
2020-07-12,Peru,NA,Moquegua,174863,25,1,1458,54
2020-07-13,Peru,NA,Moquegua,174863,21,4,1479,58
2020-07-14,Peru,NA,Moquegua,174863,91,8,1570,66
2020-07-15,Peru,NA,Moquegua,174863,49,5,1619,71
2020-07-16,Peru,NA,Moquegua,174863,86,5,1705,76
2020-07-17,Peru,NA,Moquegua,174863,123,2,1828,78
2020-07-18,Peru,NA,Moquegua,174863,76,5,1904,83
2020-07-19,Peru,NA,Moquegua,174863,57,12,1961,95
2020-07-20,Peru,NA,Moquegua,174863,52,11,2013,106
2020-07-21,Peru,NA,Moquegua,174863,120,5,2133,111
2020-07-22,Peru,NA,Moquegua,174863,129,4,2262,115
2020-07-23,Peru,NA,Moquegua,174863,86,2,2348,117
2020-07-24,Peru,NA,Moquegua,174863,89,2,2437,119
2020-07-25,Peru,NA,Moquegua,174863,130,0,2567,119
2020-07-26,Peru,NA,Moquegua,174863,25,1,2592,120
2020-07-27,Peru,NA,Moquegua,174863,144,2,2736,122
2020-07-28,Peru,NA,Moquegua,174863,57,1,2793,123
2020-07-29,Peru,NA,Moquegua,174863,91,2,2884,125
2020-07-30,Peru,NA,Moquegua,174863,203,2,3087,127
2020-07-31,Peru,NA,Moquegua,174863,130,3,3217,130
2020-08-01,Peru,NA,Moquegua,174863,98,7,3315,137
2020-08-02,Peru,NA,Moquegua,174863,49,1,3364,138
2020-08-03,Peru,NA,Moquegua,174863,180,0,3544,138
2020-08-04,Peru,NA,Moquegua,174863,243,8,3787,146
2020-08-05,Peru,NA,Moquegua,174863,255,1,4042,147
2020-08-06,Peru,NA,Moquegua,174863,358,2,4400,149
2020-08-07,Peru,NA,Moquegua,174863,310,8,4710,157
2020-08-08,Peru,NA,Moquegua,174863,88,3,4798,160
2020-08-09,Peru,NA,Moquegua,174863,63,0,4861,160
2020-08-10,Peru,NA,Moquegua,174863,208,6,5069,166
2020-08-11,Peru,NA,Moquegua,174863,521,3,5590,169
2020-08-12,Peru,NA,Moquegua,174863,212,4,5802,173
2020-08-13,Peru,NA,Moquegua,174863,286,3,6088,176
2020-08-14,Peru,NA,Moquegua,174863,253,3,6341,179
2020-08-15,Peru,NA,Moquegua,174863,274,5,6615,184
2020-08-16,Peru,NA,Moquegua,174863,56,2,6671,186
2020-08-17,Peru,NA,Moquegua,174863,299,5,6970,191
2020-08-18,Peru,NA,Moquegua,174863,178,2,7148,193
2020-08-19,Peru,NA,Moquegua,174863,331,3,7479,196
2020-08-20,Peru,NA,Moquegua,174863,213,1,7692,197
2020-08-21,Peru,NA,Moquegua,174863,195,3,7887,200
2020-08-22,Peru,NA,Moquegua,174863,86,8,7973,208
2020-08-23,Peru,NA,Moquegua,174863,75,4,8048,212
2020-08-24,Peru,NA,Moquegua,174863,197,2,8245,214
2020-08-25,Peru,NA,Moquegua,174863,236,6,8481,220
2020-08-26,Peru,NA,Moquegua,174863,196,1,8677,221
2020-08-27,Peru,NA,Moquegua,174863,126,2,8803,223
2020-08-28,Peru,NA,Moquegua,174863,218,2,9021,225
2020-08-29,Peru,NA,Moquegua,174863,66,2,9087,227
2020-08-30,Peru,NA,Moquegua,174863,15,2,9102,229
2020-08-31,Peru,NA,Moquegua,174863,172,0,9274,229
2020-09-01,Peru,NA,Moquegua,174863,90,3,9364,232
2020-09-02,Peru,NA,Moquegua,174863,151,1,9515,233
2020-09-03,Peru,NA,Moquegua,174863,42,2,9557,235
2020-09-04,Peru,NA,Moquegua,174863,210,2,9767,237
2020-09-05,Peru,NA,Moquegua,174863,27,1,9794,238
2020-09-06,Peru,NA,Moquegua,174863,11,3,9805,241
2020-09-07,Peru,NA,Moquegua,174863,89,0,9894,241
2020-09-08,Peru,NA,Moquegua,174863,152,0,10046,241
2020-09-09,Peru,NA,Moquegua,174863,118,0,10164,241
2020-09-10,Peru,NA,Moquegua,174863,151,2,10315,243
2020-09-11,Peru,NA,Moquegua,174863,403,1,10718,244
2020-09-12,Peru,NA,Moquegua,174863,188,2,10906,246
2020-09-13,Peru,NA,Moquegua,174863,3,1,10909,247
2020-04-10,Peru,NA,Pasco,254065,1,0,11,0
2020-04-11,Peru,NA,Pasco,254065,2,0,13,0
2020-04-14,Peru,NA,Pasco,254065,2,0,15,0
2020-04-15,Peru,NA,Pasco,254065,3,0,18,0
2020-04-16,Peru,NA,Pasco,254065,3,0,21,0
2020-04-17,Peru,NA,Pasco,254065,3,1,24,1
2020-04-18,Peru,NA,Pasco,254065,16,0,40,1
2020-04-19,Peru,NA,Pasco,254065,2,0,42,1
2020-04-20,Peru,NA,Pasco,254065,13,0,55,1
2020-04-21,Peru,NA,Pasco,254065,12,0,67,1
2020-04-22,Peru,NA,Pasco,254065,9,0,76,1
2020-04-23,Peru,NA,Pasco,254065,12,0,88,1
2020-04-24,Peru,NA,Pasco,254065,10,0,98,1
2020-04-25,Peru,NA,Pasco,254065,16,0,114,1
2020-04-26,Peru,NA,Pasco,254065,6,0,120,1
2020-04-27,Peru,NA,Pasco,254065,15,0,135,1
2020-04-28,Peru,NA,Pasco,254065,9,0,144,1
2020-04-29,Peru,NA,Pasco,254065,14,0,158,1
2020-04-30,Peru,NA,Pasco,254065,3,0,161,1
2020-05-01,Peru,NA,Pasco,254065,7,1,168,2
2020-05-02,Peru,NA,Pasco,254065,11,1,179,3
2020-05-03,Peru,NA,Pasco,254065,5,0,184,3
2020-05-04,Peru,NA,Pasco,254065,31,0,215,3
2020-05-05,Peru,NA,Pasco,254065,11,0,226,3
2020-05-06,Peru,NA,Pasco,254065,10,1,236,4
2020-05-07,Peru,NA,Pasco,254065,7,0,243,4
2020-05-08,Peru,NA,Pasco,254065,3,0,246,4
2020-05-09,Peru,NA,Pasco,254065,8,0,254,4
2020-05-10,Peru,NA,Pasco,254065,2,0,256,4
2020-05-11,Peru,NA,Pasco,254065,3,0,259,4
2020-05-12,Peru,NA,Pasco,254065,12,0,271,4
2020-05-13,Peru,NA,Pasco,254065,10,0,281,4
2020-05-14,Peru,NA,Pasco,254065,16,0,297,4
2020-05-15,Peru,NA,Pasco,254065,10,0,307,4
2020-05-16,Peru,NA,Pasco,254065,20,0,327,4
2020-05-17,Peru,NA,Pasco,254065,8,1,335,5
2020-05-18,Peru,NA,Pasco,254065,10,0,345,5
2020-05-19,Peru,NA,Pasco,254065,22,0,367,5
2020-05-20,Peru,NA,Pasco,254065,25,2,392,7
2020-05-21,Peru,NA,Pasco,254065,33,1,425,8
2020-05-22,Peru,NA,Pasco,254065,52,1,477,9
2020-05-23,Peru,NA,Pasco,254065,45,0,522,9
2020-05-24,Peru,NA,Pasco,254065,25,0,547,9
2020-05-25,Peru,NA,Pasco,254065,20,0,567,9
2020-05-26,Peru,NA,Pasco,254065,20,0,587,9
2020-05-27,Peru,NA,Pasco,254065,26,0,613,9
2020-05-28,Peru,NA,Pasco,254065,22,0,635,9
2020-05-29,Peru,NA,Pasco,254065,4,1,639,10
2020-05-30,Peru,NA,Pasco,254065,12,0,651,10
2020-05-31,Peru,NA,Pasco,254065,3,0,654,10
2020-06-01,Peru,NA,Pasco,254065,33,2,687,12
2020-06-02,Peru,NA,Pasco,254065,9,1,696,13
2020-06-03,Peru,NA,Pasco,254065,33,0,729,13
2020-06-04,Peru,NA,Pasco,254065,29,0,758,13
2020-06-05,Peru,NA,Pasco,254065,13,0,771,13
2020-06-06,Peru,NA,Pasco,254065,8,0,779,13
2020-06-07,Peru,NA,Pasco,254065,11,0,790,13
2020-06-08,Peru,NA,Pasco,254065,21,1,811,14
2020-06-09,Peru,NA,Pasco,254065,27,1,838,15
2020-06-10,Peru,NA,Pasco,254065,28,0,866,15
2020-06-11,Peru,NA,Pasco,254065,18,0,884,15
2020-06-12,Peru,NA,Pasco,254065,12,0,896,15
2020-06-13,Peru,NA,Pasco,254065,35,0,931,15
2020-06-14,Peru,NA,Pasco,254065,13,2,944,17
2020-06-15,Peru,NA,Pasco,254065,24,2,968,19
2020-06-16,Peru,NA,Pasco,254065,6,1,974,20
2020-06-17,Peru,NA,Pasco,254065,4,0,978,20
2020-06-18,Peru,NA,Pasco,254065,14,1,992,21
2020-06-19,Peru,NA,Pasco,254065,18,0,1010,21
2020-06-20,Peru,NA,Pasco,254065,10,3,1020,24
2020-06-21,Peru,NA,Pasco,254065,1,4,1021,28
2020-06-22,Peru,NA,Pasco,254065,7,0,1028,28
2020-06-23,Peru,NA,Pasco,254065,13,1,1041,29
2020-06-24,Peru,NA,Pasco,254065,11,0,1052,29
2020-06-25,Peru,NA,Pasco,254065,13,1,1065,30
2020-06-26,Peru,NA,Pasco,254065,17,0,1082,30
2020-06-27,Peru,NA,Pasco,254065,15,0,1097,30
2020-06-28,Peru,NA,Pasco,254065,8,0,1105,30
2020-06-29,Peru,NA,Pasco,254065,15,1,1120,31
2020-06-30,Peru,NA,Pasco,254065,13,3,1133,34
2020-07-01,Peru,NA,Pasco,254065,13,0,1146,34
2020-07-02,Peru,NA,Pasco,254065,22,0,1168,34
2020-07-03,Peru,NA,Pasco,254065,6,1,1174,35
2020-07-04,Peru,NA,Pasco,254065,19,0,1193,35
2020-07-05,Peru,NA,Pasco,254065,11,1,1204,36
2020-07-06,Peru,NA,Pasco,254065,24,0,1228,36
2020-07-07,Peru,NA,Pasco,254065,22,0,1250,36
2020-07-08,Peru,NA,Pasco,254065,27,0,1277,36
2020-07-09,Peru,NA,Pasco,254065,9,0,1286,36
2020-07-10,Peru,NA,Pasco,254065,72,0,1358,36
2020-07-11,Peru,NA,Pasco,254065,34,3,1392,39
2020-07-12,Peru,NA,Pasco,254065,20,1,1412,40
2020-07-13,Peru,NA,Pasco,254065,27,1,1439,41
2020-07-14,Peru,NA,Pasco,254065,16,2,1455,43
2020-07-15,Peru,NA,Pasco,254065,15,1,1470,44
2020-07-16,Peru,NA,Pasco,254065,14,1,1484,45
2020-07-17,Peru,NA,Pasco,254065,19,1,1503,46
2020-07-18,Peru,NA,Pasco,254065,34,2,1537,48
2020-07-19,Peru,NA,Pasco,254065,12,0,1549,48
2020-07-20,Peru,NA,Pasco,254065,18,1,1567,49
2020-07-21,Peru,NA,Pasco,254065,28,0,1595,49
2020-07-22,Peru,NA,Pasco,254065,31,0,1626,49
2020-07-23,Peru,NA,Pasco,254065,31,1,1657,50
2020-07-24,Peru,NA,Pasco,254065,33,0,1690,50
2020-07-25,Peru,NA,Pasco,254065,50,2,1740,52
2020-07-26,Peru,NA,Pasco,254065,31,1,1771,53
2020-07-27,Peru,NA,Pasco,254065,57,1,1828,54
2020-07-28,Peru,NA,Pasco,254065,23,0,1851,54
2020-07-29,Peru,NA,Pasco,254065,58,3,1909,57
2020-07-30,Peru,NA,Pasco,254065,68,2,1977,59
2020-07-31,Peru,NA,Pasco,254065,57,2,2034,61
2020-08-01,Peru,NA,Pasco,254065,36,1,2070,62
2020-08-02,Peru,NA,Pasco,254065,94,0,2164,62
2020-08-03,Peru,NA,Pasco,254065,64,0,2228,62
2020-08-04,Peru,NA,Pasco,254065,111,2,2339,64
2020-08-05,Peru,NA,Pasco,254065,67,0,2406,64
2020-08-06,Peru,NA,Pasco,254065,105,0,2511,64
2020-08-07,Peru,NA,Pasco,254065,69,1,2580,65
2020-08-08,Peru,NA,Pasco,254065,65,0,2645,65
2020-08-09,Peru,NA,Pasco,254065,59,1,2704,66
2020-08-10,Peru,NA,Pasco,254065,84,3,2788,69
2020-08-11,Peru,NA,Pasco,254065,87,1,2875,70
2020-08-12,Peru,NA,Pasco,254065,55,0,2930,70
2020-08-13,Peru,NA,Pasco,254065,54,1,2984,71
2020-08-14,Peru,NA,Pasco,254065,69,2,3053,73
2020-08-15,Peru,NA,Pasco,254065,40,2,3093,75
2020-08-16,Peru,NA,Pasco,254065,40,0,3133,75
2020-08-17,Peru,NA,Pasco,254065,60,0,3193,75
2020-08-18,Peru,NA,Pasco,254065,51,1,3244,76
2020-08-19,Peru,NA,Pasco,254065,58,0,3302,76
2020-08-20,Peru,NA,Pasco,254065,81,1,3383,77
2020-08-21,Peru,NA,Pasco,254065,59,1,3442,78
2020-08-22,Peru,NA,Pasco,254065,23,1,3465,79
2020-08-23,Peru,NA,Pasco,254065,4,2,3469,81
2020-08-24,Peru,NA,Pasco,254065,45,1,3514,82
2020-08-25,Peru,NA,Pasco,254065,100,0,3614,82
2020-08-26,Peru,NA,Pasco,254065,46,1,3660,83
2020-08-27,Peru,NA,Pasco,254065,81,2,3741,85
2020-08-28,Peru,NA,Pasco,254065,65,2,3806,87
2020-08-29,Peru,NA,Pasco,254065,72,1,3878,88
2020-08-30,Peru,NA,Pasco,254065,14,1,3892,89
2020-08-31,Peru,NA,Pasco,254065,54,0,3946,89
2020-09-01,Peru,NA,Pasco,254065,38,0,3984,89
2020-09-02,Peru,NA,Pasco,254065,66,0,4050,89
2020-09-03,Peru,NA,Pasco,254065,12,2,4062,91
2020-09-04,Peru,NA,Pasco,254065,108,0,4170,91
2020-09-05,Peru,NA,Pasco,254065,31,1,4201,92
2020-09-06,Peru,NA,Pasco,254065,7,0,4208,92
2020-09-07,Peru,NA,Pasco,254065,59,0,4267,92
2020-09-08,Peru,NA,Pasco,254065,47,0,4314,92
2020-09-09,Peru,NA,Pasco,254065,45,1,4359,93
2020-09-10,Peru,NA,Pasco,254065,12,1,4371,94
2020-09-11,Peru,NA,Pasco,254065,58,0,4429,94
2020-09-12,Peru,NA,Pasco,254065,17,2,4446,96
2020-03-20,Peru,NA,Piura,1856809,15,0,17,0
2020-03-21,Peru,NA,Piura,1856809,1,1,18,1
2020-03-25,Peru,NA,Piura,1856809,1,0,19,1
2020-03-28,Peru,NA,Piura,1856809,1,0,20,1
2020-03-29,Peru,NA,Piura,1856809,0,1,20,2
2020-03-31,Peru,NA,Piura,1856809,5,0,25,2
2020-04-01,Peru,NA,Piura,1856809,4,0,29,2
2020-04-02,Peru,NA,Piura,1856809,1,1,30,3
2020-04-03,Peru,NA,Piura,1856809,2,1,32,4
2020-04-04,Peru,NA,Piura,1856809,5,4,37,8
2020-04-05,Peru,NA,Piura,1856809,1,0,38,8
2020-04-06,Peru,NA,Piura,1856809,8,1,46,9
2020-04-07,Peru,NA,Piura,1856809,11,2,57,11
2020-04-08,Peru,NA,Piura,1856809,21,2,78,13
2020-04-09,Peru,NA,Piura,1856809,40,1,118,14
2020-04-10,Peru,NA,Piura,1856809,36,6,154,20
2020-04-11,Peru,NA,Piura,1856809,49,3,203,23
2020-04-12,Peru,NA,Piura,1856809,32,4,235,27
2020-04-13,Peru,NA,Piura,1856809,31,6,266,33
2020-04-14,Peru,NA,Piura,1856809,55,6,321,39
2020-04-15,Peru,NA,Piura,1856809,77,6,398,45
2020-04-16,Peru,NA,Piura,1856809,52,7,450,52
2020-04-17,Peru,NA,Piura,1856809,49,6,499,58
2020-04-18,Peru,NA,Piura,1856809,42,6,541,64
2020-04-19,Peru,NA,Piura,1856809,12,8,553,72
2020-04-20,Peru,NA,Piura,1856809,54,7,607,79
2020-04-21,Peru,NA,Piura,1856809,50,9,657,88
2020-04-22,Peru,NA,Piura,1856809,72,4,729,92
2020-04-23,Peru,NA,Piura,1856809,103,7,832,99
2020-04-24,Peru,NA,Piura,1856809,152,12,984,111
2020-04-25,Peru,NA,Piura,1856809,158,7,1142,118
2020-04-26,Peru,NA,Piura,1856809,80,13,1222,131
2020-04-27,Peru,NA,Piura,1856809,237,13,1459,144
2020-04-28,Peru,NA,Piura,1856809,143,14,1602,158
2020-04-29,Peru,NA,Piura,1856809,153,19,1755,177
2020-04-30,Peru,NA,Piura,1856809,180,15,1935,192
2020-05-01,Peru,NA,Piura,1856809,142,13,2077,205
2020-05-02,Peru,NA,Piura,1856809,196,18,2273,223
2020-05-03,Peru,NA,Piura,1856809,86,22,2359,245
2020-05-04,Peru,NA,Piura,1856809,223,16,2582,261
2020-05-05,Peru,NA,Piura,1856809,247,18,2829,279
2020-05-06,Peru,NA,Piura,1856809,213,26,3042,305
2020-05-07,Peru,NA,Piura,1856809,156,16,3198,321
2020-05-08,Peru,NA,Piura,1856809,145,28,3343,349
2020-05-09,Peru,NA,Piura,1856809,91,18,3434,367
2020-05-10,Peru,NA,Piura,1856809,38,26,3472,393
2020-05-11,Peru,NA,Piura,1856809,164,26,3636,419
2020-05-12,Peru,NA,Piura,1856809,135,12,3771,431
2020-05-13,Peru,NA,Piura,1856809,115,24,3886,455
2020-05-14,Peru,NA,Piura,1856809,135,18,4021,473
2020-05-15,Peru,NA,Piura,1856809,102,20,4123,493
2020-05-16,Peru,NA,Piura,1856809,58,14,4181,507
2020-05-17,Peru,NA,Piura,1856809,50,12,4231,519
2020-05-18,Peru,NA,Piura,1856809,203,19,4434,538
2020-05-19,Peru,NA,Piura,1856809,340,15,4774,553
2020-05-20,Peru,NA,Piura,1856809,467,20,5241,573
2020-05-21,Peru,NA,Piura,1856809,434,15,5675,588
2020-05-22,Peru,NA,Piura,1856809,481,17,6156,605
2020-05-23,Peru,NA,Piura,1856809,539,19,6695,624
2020-05-24,Peru,NA,Piura,1856809,199,23,6894,647
2020-05-25,Peru,NA,Piura,1856809,482,18,7376,665
2020-05-26,Peru,NA,Piura,1856809,419,14,7795,679
2020-05-27,Peru,NA,Piura,1856809,458,32,8253,711
2020-05-28,Peru,NA,Piura,1856809,375,19,8628,730
2020-05-29,Peru,NA,Piura,1856809,293,20,8921,750
2020-05-30,Peru,NA,Piura,1856809,216,29,9137,779
2020-05-31,Peru,NA,Piura,1856809,25,23,9162,802
2020-06-01,Peru,NA,Piura,1856809,505,21,9667,823
2020-06-02,Peru,NA,Piura,1856809,347,25,10014,848
2020-06-03,Peru,NA,Piura,1856809,276,28,10290,876
2020-06-04,Peru,NA,Piura,1856809,494,22,10784,898
2020-06-05,Peru,NA,Piura,1856809,470,24,11254,922
2020-06-06,Peru,NA,Piura,1856809,445,30,11699,952
2020-06-07,Peru,NA,Piura,1856809,74,29,11773,981
2020-06-08,Peru,NA,Piura,1856809,345,30,12118,1011
2020-06-09,Peru,NA,Piura,1856809,470,21,12588,1032
2020-06-10,Peru,NA,Piura,1856809,422,29,13010,1061
2020-06-11,Peru,NA,Piura,1856809,510,17,13520,1078
2020-06-12,Peru,NA,Piura,1856809,441,26,13961,1104
2020-06-13,Peru,NA,Piura,1856809,219,26,14180,1130
2020-06-14,Peru,NA,Piura,1856809,116,17,14296,1147
2020-06-15,Peru,NA,Piura,1856809,349,25,14645,1172
2020-06-16,Peru,NA,Piura,1856809,185,19,14830,1191
2020-06-17,Peru,NA,Piura,1856809,223,25,15053,1216
2020-06-18,Peru,NA,Piura,1856809,220,13,15273,1229
2020-06-19,Peru,NA,Piura,1856809,264,36,15537,1265
2020-06-20,Peru,NA,Piura,1856809,200,24,15737,1289
2020-06-21,Peru,NA,Piura,1856809,41,18,15778,1307
2020-06-22,Peru,NA,Piura,1856809,235,21,16013,1328
2020-06-23,Peru,NA,Piura,1856809,197,27,16210,1355
2020-06-24,Peru,NA,Piura,1856809,178,25,16388,1380
2020-06-25,Peru,NA,Piura,1856809,203,20,16591,1400
2020-06-26,Peru,NA,Piura,1856809,234,14,16825,1414
2020-06-27,Peru,NA,Piura,1856809,146,23,16971,1437
2020-06-28,Peru,NA,Piura,1856809,37,16,17008,1453
2020-06-29,Peru,NA,Piura,1856809,129,17,17137,1470
2020-06-30,Peru,NA,Piura,1856809,220,16,17357,1486
2020-07-01,Peru,NA,Piura,1856809,235,10,17592,1496
2020-07-02,Peru,NA,Piura,1856809,179,13,17771,1509
2020-07-03,Peru,NA,Piura,1856809,147,5,17918,1514
2020-07-04,Peru,NA,Piura,1856809,143,3,18061,1517
2020-07-05,Peru,NA,Piura,1856809,53,6,18114,1523
2020-07-06,Peru,NA,Piura,1856809,97,3,18211,1526
2020-07-07,Peru,NA,Piura,1856809,154,1,18365,1527
2020-07-08,Peru,NA,Piura,1856809,106,11,18471,1538
2020-07-09,Peru,NA,Piura,1856809,60,7,18531,1545
2020-07-10,Peru,NA,Piura,1856809,269,2,18800,1547
2020-07-11,Peru,NA,Piura,1856809,240,10,19040,1557
2020-07-12,Peru,NA,Piura,1856809,52,6,19092,1563
2020-07-13,Peru,NA,Piura,1856809,72,6,19164,1569
2020-07-14,Peru,NA,Piura,1856809,84,2,19248,1571
2020-07-15,Peru,NA,Piura,1856809,139,7,19387,1578
2020-07-16,Peru,NA,Piura,1856809,86,7,19473,1585
2020-07-17,Peru,NA,Piura,1856809,171,1,19644,1586
2020-07-18,Peru,NA,Piura,1856809,230,6,19874,1592
2020-07-19,Peru,NA,Piura,1856809,102,6,19976,1598
2020-07-20,Peru,NA,Piura,1856809,115,6,20091,1604
2020-07-21,Peru,NA,Piura,1856809,185,6,20276,1610
2020-07-22,Peru,NA,Piura,1856809,165,6,20441,1616
2020-07-23,Peru,NA,Piura,1856809,173,7,20614,1623
2020-07-24,Peru,NA,Piura,1856809,137,5,20751,1628
2020-07-25,Peru,NA,Piura,1856809,258,4,21009,1632
2020-07-26,Peru,NA,Piura,1856809,45,5,21054,1637
2020-07-27,Peru,NA,Piura,1856809,214,3,21268,1640
2020-07-28,Peru,NA,Piura,1856809,67,2,21335,1642
2020-07-29,Peru,NA,Piura,1856809,155,3,21490,1645
2020-07-30,Peru,NA,Piura,1856809,179,5,21669,1650
2020-07-31,Peru,NA,Piura,1856809,149,1,21818,1651
2020-08-01,Peru,NA,Piura,1856809,136,8,21954,1659
2020-08-02,Peru,NA,Piura,1856809,60,8,22014,1667
2020-08-03,Peru,NA,Piura,1856809,207,2,22221,1669
2020-08-04,Peru,NA,Piura,1856809,164,13,22385,1682
2020-08-05,Peru,NA,Piura,1856809,167,8,22552,1690
2020-08-06,Peru,NA,Piura,1856809,220,3,22772,1693
2020-08-07,Peru,NA,Piura,1856809,254,5,23026,1698
2020-08-08,Peru,NA,Piura,1856809,173,7,23199,1705
2020-08-09,Peru,NA,Piura,1856809,63,2,23262,1707
2020-08-10,Peru,NA,Piura,1856809,301,7,23563,1714
2020-08-11,Peru,NA,Piura,1856809,270,4,23833,1718
2020-08-12,Peru,NA,Piura,1856809,241,4,24074,1722
2020-08-13,Peru,NA,Piura,1856809,288,9,24362,1731
2020-08-14,Peru,NA,Piura,1856809,268,9,24630,1740
2020-08-15,Peru,NA,Piura,1856809,283,3,24913,1743
2020-08-16,Peru,NA,Piura,1856809,65,8,24978,1751
2020-08-17,Peru,NA,Piura,1856809,336,4,25314,1755
2020-08-18,Peru,NA,Piura,1856809,335,5,25649,1760
2020-08-19,Peru,NA,Piura,1856809,263,5,25912,1765
2020-08-20,Peru,NA,Piura,1856809,340,7,26252,1772
2020-08-21,Peru,NA,Piura,1856809,301,6,26553,1778
2020-08-22,Peru,NA,Piura,1856809,258,7,26811,1785
2020-08-23,Peru,NA,Piura,1856809,13,2,26824,1787
2020-08-24,Peru,NA,Piura,1856809,456,4,27280,1791
2020-08-25,Peru,NA,Piura,1856809,585,8,27865,1799
2020-08-26,Peru,NA,Piura,1856809,344,4,28209,1803
2020-08-27,Peru,NA,Piura,1856809,364,7,28573,1810
2020-08-28,Peru,NA,Piura,1856809,378,3,28951,1813
2020-08-29,Peru,NA,Piura,1856809,272,5,29223,1818
2020-08-30,Peru,NA,Piura,1856809,49,7,29272,1825
2020-08-31,Peru,NA,Piura,1856809,273,5,29545,1830
2020-09-01,Peru,NA,Piura,1856809,400,10,29945,1840
2020-09-02,Peru,NA,Piura,1856809,384,2,30329,1842
2020-09-03,Peru,NA,Piura,1856809,127,3,30456,1845
2020-09-04,Peru,NA,Piura,1856809,481,3,30937,1848
2020-09-05,Peru,NA,Piura,1856809,96,5,31033,1853
2020-09-06,Peru,NA,Piura,1856809,33,8,31066,1861
2020-09-07,Peru,NA,Piura,1856809,326,6,31392,1867
2020-09-08,Peru,NA,Piura,1856809,226,2,31618,1869
2020-09-09,Peru,NA,Piura,1856809,287,2,31905,1871
2020-09-10,Peru,NA,Piura,1856809,55,4,31960,1875
2020-09-11,Peru,NA,Piura,1856809,373,7,32333,1882
2020-09-12,Peru,NA,Piura,1856809,143,6,32476,1888
2020-09-13,Peru,NA,Piura,1856809,1,3,32477,1891
2020-04-16,Peru,NA,Puno,1172697,2,0,11,0
2020-04-17,Peru,NA,Puno,1172697,4,0,15,0
2020-04-18,Peru,NA,Puno,1172697,9,0,24,0
2020-04-20,Peru,NA,Puno,1172697,10,1,34,1
2020-04-21,Peru,NA,Puno,1172697,16,0,50,1
2020-04-22,Peru,NA,Puno,1172697,8,0,58,1
2020-04-23,Peru,NA,Puno,1172697,8,0,66,1
2020-04-24,Peru,NA,Puno,1172697,17,0,83,1
2020-04-25,Peru,NA,Puno,1172697,20,0,103,1
2020-04-26,Peru,NA,Puno,1172697,14,0,117,1
2020-04-27,Peru,NA,Puno,1172697,28,0,145,1
2020-04-28,Peru,NA,Puno,1172697,22,0,167,1
2020-04-29,Peru,NA,Puno,1172697,20,1,187,2
2020-04-30,Peru,NA,Puno,1172697,29,0,216,2
2020-05-01,Peru,NA,Puno,1172697,10,0,226,2
2020-05-02,Peru,NA,Puno,1172697,14,0,240,2
2020-05-03,Peru,NA,Puno,1172697,11,1,251,3
2020-05-04,Peru,NA,Puno,1172697,13,0,264,3
2020-05-05,Peru,NA,Puno,1172697,20,1,284,4
2020-05-06,Peru,NA,Puno,1172697,6,0,290,4
2020-05-07,Peru,NA,Puno,1172697,3,0,293,4
2020-05-08,Peru,NA,Puno,1172697,1,0,294,4
2020-05-09,Peru,NA,Puno,1172697,8,0,302,4
2020-05-10,Peru,NA,Puno,1172697,1,0,303,4
2020-05-11,Peru,NA,Puno,1172697,4,0,307,4
2020-05-12,Peru,NA,Puno,1172697,6,0,313,4
2020-05-13,Peru,NA,Puno,1172697,3,0,316,4
2020-05-14,Peru,NA,Puno,1172697,2,0,318,4
2020-05-15,Peru,NA,Puno,1172697,9,0,327,4
2020-05-16,Peru,NA,Puno,1172697,3,1,330,5
2020-05-18,Peru,NA,Puno,1172697,7,1,337,6
2020-05-19,Peru,NA,Puno,1172697,7,0,344,6
2020-05-20,Peru,NA,Puno,1172697,9,0,353,6
2020-05-21,Peru,NA,Puno,1172697,40,0,393,6
2020-05-22,Peru,NA,Puno,1172697,25,0,418,6
2020-05-23,Peru,NA,Puno,1172697,10,0,428,6
2020-05-24,Peru,NA,Puno,1172697,2,0,430,6
2020-05-25,Peru,NA,Puno,1172697,35,0,465,6
2020-05-26,Peru,NA,Puno,1172697,3,1,468,7
2020-05-27,Peru,NA,Puno,1172697,22,0,490,7
2020-05-28,Peru,NA,Puno,1172697,16,1,506,8
2020-05-29,Peru,NA,Puno,1172697,42,0,548,8
2020-05-30,Peru,NA,Puno,1172697,17,0,565,8
2020-05-31,Peru,NA,Puno,1172697,1,0,566,8
2020-06-01,Peru,NA,Puno,1172697,7,0,573,8
2020-06-02,Peru,NA,Puno,1172697,15,1,588,9
2020-06-03,Peru,NA,Puno,1172697,19,0,607,9
2020-06-04,Peru,NA,Puno,1172697,27,1,634,10
2020-06-05,Peru,NA,Puno,1172697,7,0,641,10
2020-06-06,Peru,NA,Puno,1172697,7,0,648,10
2020-06-07,Peru,NA,Puno,1172697,2,0,650,10
2020-06-08,Peru,NA,Puno,1172697,18,0,668,10
2020-06-09,Peru,NA,Puno,1172697,23,2,691,12
2020-06-10,Peru,NA,Puno,1172697,31,0,722,12
2020-06-11,Peru,NA,Puno,1172697,9,2,731,14
2020-06-12,Peru,NA,Puno,1172697,13,2,744,16
2020-06-13,Peru,NA,Puno,1172697,15,1,759,17
2020-06-14,Peru,NA,Puno,1172697,9,0,768,17
2020-06-15,Peru,NA,Puno,1172697,11,1,779,18
2020-06-16,Peru,NA,Puno,1172697,8,1,787,19
2020-06-17,Peru,NA,Puno,1172697,11,3,798,22
2020-06-18,Peru,NA,Puno,1172697,8,1,806,23
2020-06-19,Peru,NA,Puno,1172697,15,2,821,25
2020-06-20,Peru,NA,Puno,1172697,11,0,832,25
2020-06-21,Peru,NA,Puno,1172697,12,0,844,25
2020-06-22,Peru,NA,Puno,1172697,23,1,867,26
2020-06-23,Peru,NA,Puno,1172697,19,0,886,26
2020-06-24,Peru,NA,Puno,1172697,15,0,901,26
2020-06-25,Peru,NA,Puno,1172697,4,2,905,28
2020-06-26,Peru,NA,Puno,1172697,23,0,928,28
2020-06-27,Peru,NA,Puno,1172697,17,1,945,29
2020-06-28,Peru,NA,Puno,1172697,3,0,948,29
2020-06-29,Peru,NA,Puno,1172697,24,2,972,31
2020-06-30,Peru,NA,Puno,1172697,20,1,992,32
2020-07-01,Peru,NA,Puno,1172697,19,3,1011,35
2020-07-02,Peru,NA,Puno,1172697,20,2,1031,37
2020-07-03,Peru,NA,Puno,1172697,19,1,1050,38
2020-07-04,Peru,NA,Puno,1172697,20,0,1070,38
2020-07-05,Peru,NA,Puno,1172697,15,3,1085,41
2020-07-06,Peru,NA,Puno,1172697,23,1,1108,42
2020-07-07,Peru,NA,Puno,1172697,20,1,1128,43
2020-07-08,Peru,NA,Puno,1172697,6,2,1134,45
2020-07-09,Peru,NA,Puno,1172697,3,1,1137,46
2020-07-10,Peru,NA,Puno,1172697,21,0,1158,46
2020-07-11,Peru,NA,Puno,1172697,12,1,1170,47
2020-07-12,Peru,NA,Puno,1172697,15,1,1185,48
2020-07-13,Peru,NA,Puno,1172697,7,0,1192,48
2020-07-14,Peru,NA,Puno,1172697,9,0,1201,48
2020-07-15,Peru,NA,Puno,1172697,18,2,1219,50
2020-07-16,Peru,NA,Puno,1172697,74,2,1293,52
2020-07-17,Peru,NA,Puno,1172697,13,2,1306,54
2020-07-18,Peru,NA,Puno,1172697,40,5,1346,59
2020-07-19,Peru,NA,Puno,1172697,73,1,1419,60
2020-07-20,Peru,NA,Puno,1172697,41,1,1460,61
2020-07-21,Peru,NA,Puno,1172697,38,1,1498,62
2020-07-22,Peru,NA,Puno,1172697,73,1,1571,63
2020-07-23,Peru,NA,Puno,1172697,88,2,1659,65
2020-07-24,Peru,NA,Puno,1172697,117,3,1776,68
2020-07-25,Peru,NA,Puno,1172697,113,4,1889,72
2020-07-26,Peru,NA,Puno,1172697,60,6,1949,78
2020-07-27,Peru,NA,Puno,1172697,126,2,2075,80
2020-07-28,Peru,NA,Puno,1172697,53,2,2128,82
2020-07-29,Peru,NA,Puno,1172697,190,0,2318,82
2020-07-30,Peru,NA,Puno,1172697,115,1,2433,83
2020-07-31,Peru,NA,Puno,1172697,110,5,2543,88
2020-08-01,Peru,NA,Puno,1172697,85,4,2628,92
2020-08-02,Peru,NA,Puno,1172697,77,5,2705,97
2020-08-03,Peru,NA,Puno,1172697,148,1,2853,98
2020-08-04,Peru,NA,Puno,1172697,206,2,3059,100
2020-08-05,Peru,NA,Puno,1172697,150,4,3209,104
2020-08-06,Peru,NA,Puno,1172697,257,2,3466,106
2020-08-07,Peru,NA,Puno,1172697,211,6,3677,112
2020-08-08,Peru,NA,Puno,1172697,137,8,3814,120
2020-08-09,Peru,NA,Puno,1172697,94,3,3908,123
2020-08-10,Peru,NA,Puno,1172697,190,5,4098,128
2020-08-11,Peru,NA,Puno,1172697,217,4,4315,132
2020-08-12,Peru,NA,Puno,1172697,202,1,4517,133
2020-08-13,Peru,NA,Puno,1172697,208,5,4725,138
2020-08-14,Peru,NA,Puno,1172697,439,8,5164,146
2020-08-15,Peru,NA,Puno,1172697,849,6,6013,152
2020-08-16,Peru,NA,Puno,1172697,274,7,6287,159
2020-08-17,Peru,NA,Puno,1172697,266,6,6553,165
2020-08-18,Peru,NA,Puno,1172697,230,8,6783,173
2020-08-19,Peru,NA,Puno,1172697,200,10,6983,183
2020-08-20,Peru,NA,Puno,1172697,245,0,7228,183
2020-08-21,Peru,NA,Puno,1172697,168,6,7396,189
2020-08-22,Peru,NA,Puno,1172697,147,5,7543,194
2020-08-23,Peru,NA,Puno,1172697,25,9,7568,203
2020-08-24,Peru,NA,Puno,1172697,193,4,7761,207
2020-08-25,Peru,NA,Puno,1172697,348,4,8109,211
2020-08-26,Peru,NA,Puno,1172697,224,4,8333,215
2020-08-27,Peru,NA,Puno,1172697,216,8,8549,223
2020-08-28,Peru,NA,Puno,1172697,196,6,8745,229
2020-08-29,Peru,NA,Puno,1172697,160,2,8905,231
2020-08-30,Peru,NA,Puno,1172697,41,6,8946,237
2020-08-31,Peru,NA,Puno,1172697,145,2,9091,239
2020-09-01,Peru,NA,Puno,1172697,140,2,9231,241
2020-09-02,Peru,NA,Puno,1172697,199,2,9430,243
2020-09-03,Peru,NA,Puno,1172697,54,3,9484,246
2020-09-04,Peru,NA,Puno,1172697,388,4,9872,250
2020-09-05,Peru,NA,Puno,1172697,78,6,9950,256
2020-09-06,Peru,NA,Puno,1172697,44,3,9994,259
2020-09-07,Peru,NA,Puno,1172697,150,3,10144,262
2020-09-08,Peru,NA,Puno,1172697,148,2,10292,264
2020-09-09,Peru,NA,Puno,1172697,124,2,10416,266
2020-09-10,Peru,NA,Puno,1172697,46,1,10462,267
2020-09-11,Peru,NA,Puno,1172697,267,0,10729,267
2020-09-12,Peru,NA,Puno,1172697,129,0,10858,267
2020-09-13,Peru,NA,Puno,1172697,12,3,10870,270
2020-04-07,Peru,NA,San Martin,813381,3,0,11,2
2020-04-08,Peru,NA,San Martin,813381,4,0,15,2
2020-04-09,Peru,NA,San Martin,813381,5,0,20,2
2020-04-11,Peru,NA,San Martin,813381,15,0,35,2
2020-04-14,Peru,NA,San Martin,813381,6,0,41,2
2020-04-15,Peru,NA,San Martin,813381,13,0,54,2
2020-04-16,Peru,NA,San Martin,813381,11,0,65,2
2020-04-17,Peru,NA,San Martin,813381,12,0,77,2
2020-04-18,Peru,NA,San Martin,813381,12,0,89,2
2020-04-19,Peru,NA,San Martin,813381,1,1,90,3
2020-04-20,Peru,NA,San Martin,813381,7,1,97,4
2020-04-21,Peru,NA,San Martin,813381,5,1,102,5
2020-04-22,Peru,NA,San Martin,813381,5,0,107,5
2020-04-23,Peru,NA,San Martin,813381,2,0,109,5
2020-04-24,Peru,NA,San Martin,813381,13,0,122,5
2020-04-25,Peru,NA,San Martin,813381,29,0,151,5
2020-04-26,Peru,NA,San Martin,813381,16,0,167,5
2020-04-27,Peru,NA,San Martin,813381,23,1,190,6
2020-04-28,Peru,NA,San Martin,813381,43,0,233,6
2020-04-29,Peru,NA,San Martin,813381,21,1,254,7
2020-04-30,Peru,NA,San Martin,813381,15,0,269,7
2020-05-01,Peru,NA,San Martin,813381,18,0,287,7
2020-05-02,Peru,NA,San Martin,813381,30,0,317,7
2020-05-03,Peru,NA,San Martin,813381,20,0,337,7
2020-05-04,Peru,NA,San Martin,813381,9,0,346,7
2020-05-05,Peru,NA,San Martin,813381,20,1,366,8
2020-05-06,Peru,NA,San Martin,813381,31,0,397,8
2020-05-07,Peru,NA,San Martin,813381,62,2,459,10
2020-05-08,Peru,NA,San Martin,813381,50,2,509,12
2020-05-09,Peru,NA,San Martin,813381,28,1,537,13
2020-05-10,Peru,NA,San Martin,813381,14,3,551,16
2020-05-11,Peru,NA,San Martin,813381,11,0,562,16
2020-05-12,Peru,NA,San Martin,813381,12,1,574,17
2020-05-13,Peru,NA,San Martin,813381,29,1,603,18
2020-05-14,Peru,NA,San Martin,813381,38,1,641,19
2020-05-15,Peru,NA,San Martin,813381,22,2,663,21
2020-05-16,Peru,NA,San Martin,813381,54,3,717,24
2020-05-17,Peru,NA,San Martin,813381,19,1,736,25
2020-05-18,Peru,NA,San Martin,813381,93,4,829,29
2020-05-19,Peru,NA,San Martin,813381,89,1,918,30
2020-05-20,Peru,NA,San Martin,813381,44,0,962,30
2020-05-21,Peru,NA,San Martin,813381,52,0,1014,30
2020-05-22,Peru,NA,San Martin,813381,27,2,1041,32
2020-05-23,Peru,NA,San Martin,813381,20,2,1061,34
2020-05-24,Peru,NA,San Martin,813381,15,3,1076,37
2020-05-25,Peru,NA,San Martin,813381,28,0,1104,37
2020-05-26,Peru,NA,San Martin,813381,63,3,1167,40
2020-05-27,Peru,NA,San Martin,813381,65,3,1232,43
2020-05-28,Peru,NA,San Martin,813381,66,2,1298,45
2020-05-29,Peru,NA,San Martin,813381,52,0,1350,45
2020-05-30,Peru,NA,San Martin,813381,63,3,1413,48
2020-05-31,Peru,NA,San Martin,813381,39,5,1452,53
2020-06-01,Peru,NA,San Martin,813381,97,7,1549,60
2020-06-02,Peru,NA,San Martin,813381,106,5,1655,65
2020-06-03,Peru,NA,San Martin,813381,67,10,1722,75
2020-06-04,Peru,NA,San Martin,813381,79,5,1801,80
2020-06-05,Peru,NA,San Martin,813381,71,10,1872,90
2020-06-06,Peru,NA,San Martin,813381,64,13,1936,103
2020-06-07,Peru,NA,San Martin,813381,55,3,1991,106
2020-06-08,Peru,NA,San Martin,813381,158,10,2149,116
2020-06-09,Peru,NA,San Martin,813381,106,7,2255,123
2020-06-10,Peru,NA,San Martin,813381,145,10,2400,133
2020-06-11,Peru,NA,San Martin,813381,165,11,2565,144
2020-06-12,Peru,NA,San Martin,813381,195,15,2760,159
2020-06-13,Peru,NA,San Martin,813381,123,18,2883,177
2020-06-14,Peru,NA,San Martin,813381,17,9,2900,186
2020-06-15,Peru,NA,San Martin,813381,51,17,2951,203
2020-06-16,Peru,NA,San Martin,813381,151,16,3102,219
2020-06-17,Peru,NA,San Martin,813381,83,20,3185,239
2020-06-18,Peru,NA,San Martin,813381,138,12,3323,251
2020-06-19,Peru,NA,San Martin,813381,135,12,3458,263
2020-06-20,Peru,NA,San Martin,813381,167,21,3625,284
2020-06-21,Peru,NA,San Martin,813381,17,9,3642,293
2020-06-22,Peru,NA,San Martin,813381,175,15,3817,308
2020-06-23,Peru,NA,San Martin,813381,169,11,3986,319
2020-06-24,Peru,NA,San Martin,813381,182,16,4168,335
2020-06-25,Peru,NA,San Martin,813381,240,16,4408,351
2020-06-26,Peru,NA,San Martin,813381,295,19,4703,370
2020-06-27,Peru,NA,San Martin,813381,207,16,4910,386
2020-06-28,Peru,NA,San Martin,813381,60,17,4970,403
2020-06-29,Peru,NA,San Martin,813381,211,17,5181,420
2020-06-30,Peru,NA,San Martin,813381,258,12,5439,432
2020-07-01,Peru,NA,San Martin,813381,189,9,5628,441
2020-07-02,Peru,NA,San Martin,813381,205,8,5833,449
2020-07-03,Peru,NA,San Martin,813381,159,5,5992,454
2020-07-04,Peru,NA,San Martin,813381,155,6,6147,460
2020-07-05,Peru,NA,San Martin,813381,100,8,6247,468
2020-07-06,Peru,NA,San Martin,813381,89,4,6336,472
2020-07-07,Peru,NA,San Martin,813381,63,9,6399,481
2020-07-08,Peru,NA,San Martin,813381,45,15,6444,496
2020-07-09,Peru,NA,San Martin,813381,81,5,6525,501
2020-07-10,Peru,NA,San Martin,813381,166,5,6691,506
2020-07-11,Peru,NA,San Martin,813381,92,7,6783,513
2020-07-12,Peru,NA,San Martin,813381,48,10,6831,523
2020-07-13,Peru,NA,San Martin,813381,44,5,6875,528
2020-07-14,Peru,NA,San Martin,813381,89,7,6964,535
2020-07-15,Peru,NA,San Martin,813381,85,2,7049,537
2020-07-16,Peru,NA,San Martin,813381,92,5,7141,542
2020-07-17,Peru,NA,San Martin,813381,84,3,7225,545
2020-07-18,Peru,NA,San Martin,813381,170,6,7395,551
2020-07-19,Peru,NA,San Martin,813381,36,5,7431,556
2020-07-20,Peru,NA,San Martin,813381,65,9,7496,565
2020-07-21,Peru,NA,San Martin,813381,133,7,7629,572
2020-07-22,Peru,NA,San Martin,813381,155,7,7784,579
2020-07-23,Peru,NA,San Martin,813381,212,7,7996,586
2020-07-24,Peru,NA,San Martin,813381,217,1,8213,587
2020-07-25,Peru,NA,San Martin,813381,227,0,8440,587
2020-07-26,Peru,NA,San Martin,813381,50,2,8490,589
2020-07-27,Peru,NA,San Martin,813381,220,1,8710,590
2020-07-28,Peru,NA,San Martin,813381,87,1,8797,591
2020-07-29,Peru,NA,San Martin,813381,165,3,8962,594
2020-07-30,Peru,NA,San Martin,813381,172,6,9134,600
2020-07-31,Peru,NA,San Martin,813381,204,3,9338,603
2020-08-01,Peru,NA,San Martin,813381,151,1,9489,604
2020-08-02,Peru,NA,San Martin,813381,54,3,9543,607
2020-08-03,Peru,NA,San Martin,813381,200,0,9743,607
2020-08-04,Peru,NA,San Martin,813381,227,1,9970,608
2020-08-05,Peru,NA,San Martin,813381,182,3,10152,611
2020-08-06,Peru,NA,San Martin,813381,271,2,10423,613
2020-08-07,Peru,NA,San Martin,813381,177,2,10600,615
2020-08-08,Peru,NA,San Martin,813381,163,1,10763,616
2020-08-09,Peru,NA,San Martin,813381,47,1,10810,617
2020-08-10,Peru,NA,San Martin,813381,208,2,11018,619
2020-08-11,Peru,NA,San Martin,813381,203,1,11221,620
2020-08-12,Peru,NA,San Martin,813381,201,4,11422,624
2020-08-13,Peru,NA,San Martin,813381,159,5,11581,629
2020-08-14,Peru,NA,San Martin,813381,151,3,11732,632
2020-08-15,Peru,NA,San Martin,813381,123,3,11855,635
2020-08-16,Peru,NA,San Martin,813381,46,2,11901,637
2020-08-17,Peru,NA,San Martin,813381,214,3,12115,640
2020-08-18,Peru,NA,San Martin,813381,178,2,12293,642
2020-08-19,Peru,NA,San Martin,813381,166,0,12459,642
2020-08-20,Peru,NA,San Martin,813381,187,3,12646,645
2020-08-21,Peru,NA,San Martin,813381,127,4,12773,649
2020-08-22,Peru,NA,San Martin,813381,115,1,12888,650
2020-08-23,Peru,NA,San Martin,813381,39,0,12927,650
2020-08-24,Peru,NA,San Martin,813381,207,2,13134,652
2020-08-25,Peru,NA,San Martin,813381,319,2,13453,654
2020-08-26,Peru,NA,San Martin,813381,163,2,13616,656
2020-08-27,Peru,NA,San Martin,813381,137,3,13753,659
2020-08-28,Peru,NA,San Martin,813381,226,0,13979,659
2020-08-29,Peru,NA,San Martin,813381,86,2,14065,661
2020-08-30,Peru,NA,San Martin,813381,34,0,14099,661
2020-08-31,Peru,NA,San Martin,813381,104,3,14203,664
2020-09-01,Peru,NA,San Martin,813381,126,0,14329,664
2020-09-02,Peru,NA,San Martin,813381,154,0,14483,664
2020-09-03,Peru,NA,San Martin,813381,82,1,14565,665
2020-09-04,Peru,NA,San Martin,813381,197,0,14762,665
2020-09-05,Peru,NA,San Martin,813381,88,4,14850,669
2020-09-06,Peru,NA,San Martin,813381,16,1,14866,670
2020-09-07,Peru,NA,San Martin,813381,103,1,14969,671
2020-09-08,Peru,NA,San Martin,813381,152,0,15121,671
2020-09-09,Peru,NA,San Martin,813381,113,1,15234,672
2020-09-10,Peru,NA,San Martin,813381,33,3,15267,675
2020-09-11,Peru,NA,San Martin,813381,206,2,15473,677
2020-09-12,Peru,NA,San Martin,813381,68,0,15541,677
2020-09-13,Peru,NA,San Martin,813381,4,4,15545,681
2020-04-14,Peru,NA,Tacna,329332,3,0,12,0
2020-04-15,Peru,NA,Tacna,329332,2,0,14,0
2020-04-16,Peru,NA,Tacna,329332,7,0,21,0
2020-04-17,Peru,NA,Tacna,329332,9,0,30,0
2020-04-18,Peru,NA,Tacna,329332,8,0,38,0
2020-04-19,Peru,NA,Tacna,329332,4,0,42,0
2020-04-20,Peru,NA,Tacna,329332,7,0,49,0
2020-04-21,Peru,NA,Tacna,329332,6,0,55,0
2020-04-22,Peru,NA,Tacna,329332,8,0,63,0
2020-04-23,Peru,NA,Tacna,329332,14,1,77,1
2020-04-24,Peru,NA,Tacna,329332,8,0,85,1
2020-04-25,Peru,NA,Tacna,329332,7,0,92,1
2020-04-26,Peru,NA,Tacna,329332,4,0,96,1
2020-04-27,Peru,NA,Tacna,329332,5,0,101,1
2020-04-28,Peru,NA,Tacna,329332,22,0,123,1
2020-04-29,Peru,NA,Tacna,329332,23,0,146,1
2020-04-30,Peru,NA,Tacna,329332,16,0,162,1
2020-05-01,Peru,NA,Tacna,329332,6,0,168,1
2020-05-02,Peru,NA,Tacna,329332,6,1,174,2
2020-05-03,Peru,NA,Tacna,329332,7,0,181,2
2020-05-04,Peru,NA,Tacna,329332,8,0,189,2
2020-05-05,Peru,NA,Tacna,329332,10,1,199,3
2020-05-06,Peru,NA,Tacna,329332,7,0,206,3
2020-05-07,Peru,NA,Tacna,329332,3,0,209,3
2020-05-08,Peru,NA,Tacna,329332,6,0,215,3
2020-05-09,Peru,NA,Tacna,329332,9,0,224,3
2020-05-11,Peru,NA,Tacna,329332,4,0,228,3
2020-05-12,Peru,NA,Tacna,329332,4,0,232,3
2020-05-13,Peru,NA,Tacna,329332,7,0,239,3
2020-05-14,Peru,NA,Tacna,329332,10,0,249,3
2020-05-15,Peru,NA,Tacna,329332,15,0,264,3
2020-05-16,Peru,NA,Tacna,329332,11,0,275,3
2020-05-18,Peru,NA,Tacna,329332,22,3,297,6
2020-05-19,Peru,NA,Tacna,329332,14,0,311,6
2020-05-20,Peru,NA,Tacna,329332,13,0,324,6
2020-05-21,Peru,NA,Tacna,329332,44,0,368,6
2020-05-22,Peru,NA,Tacna,329332,35,0,403,6
2020-05-23,Peru,NA,Tacna,329332,52,0,455,6
2020-05-24,Peru,NA,Tacna,329332,2,2,457,8
2020-05-25,Peru,NA,Tacna,329332,43,1,500,9
2020-05-26,Peru,NA,Tacna,329332,14,0,514,9
2020-05-27,Peru,NA,Tacna,329332,11,0,525,9
2020-05-28,Peru,NA,Tacna,329332,34,0,559,9
2020-05-29,Peru,NA,Tacna,329332,11,0,570,9
2020-05-30,Peru,NA,Tacna,329332,22,1,592,10
2020-05-31,Peru,NA,Tacna,329332,3,1,595,11
2020-06-01,Peru,NA,Tacna,329332,14,0,609,11
2020-06-02,Peru,NA,Tacna,329332,15,1,624,12
2020-06-03,Peru,NA,Tacna,329332,14,0,638,12
2020-06-04,Peru,NA,Tacna,329332,15,0,653,12
2020-06-05,Peru,NA,Tacna,329332,22,0,675,12
2020-06-06,Peru,NA,Tacna,329332,16,1,691,13
2020-06-07,Peru,NA,Tacna,329332,3,0,694,13
2020-06-08,Peru,NA,Tacna,329332,13,2,707,15
2020-06-09,Peru,NA,Tacna,329332,16,0,723,15
2020-06-10,Peru,NA,Tacna,329332,8,0,731,15
2020-06-11,Peru,NA,Tacna,329332,20,0,751,15
2020-06-12,Peru,NA,Tacna,329332,15,0,766,15
2020-06-13,Peru,NA,Tacna,329332,9,0,775,15
2020-06-14,Peru,NA,Tacna,329332,2,1,777,16
2020-06-15,Peru,NA,Tacna,329332,27,1,804,17
2020-06-16,Peru,NA,Tacna,329332,13,2,817,19
2020-06-17,Peru,NA,Tacna,329332,22,0,839,19
2020-06-18,Peru,NA,Tacna,329332,9,0,848,19
2020-06-19,Peru,NA,Tacna,329332,23,1,871,20
2020-06-20,Peru,NA,Tacna,329332,23,0,894,20
2020-06-21,Peru,NA,Tacna,329332,1,0,895,20
2020-06-22,Peru,NA,Tacna,329332,11,0,906,20
2020-06-23,Peru,NA,Tacna,329332,13,2,919,22
2020-06-24,Peru,NA,Tacna,329332,18,0,937,22
2020-06-25,Peru,NA,Tacna,329332,28,1,965,23
2020-06-26,Peru,NA,Tacna,329332,32,0,997,23
2020-06-27,Peru,NA,Tacna,329332,18,1,1015,24
2020-06-28,Peru,NA,Tacna,329332,5,1,1020,25
2020-06-29,Peru,NA,Tacna,329332,19,0,1039,25
2020-06-30,Peru,NA,Tacna,329332,42,2,1081,27
2020-07-01,Peru,NA,Tacna,329332,22,0,1103,27
2020-07-02,Peru,NA,Tacna,329332,33,1,1136,28
2020-07-03,Peru,NA,Tacna,329332,27,0,1163,28
2020-07-04,Peru,NA,Tacna,329332,21,1,1184,29
2020-07-05,Peru,NA,Tacna,329332,3,0,1187,29
2020-07-06,Peru,NA,Tacna,329332,45,0,1232,29
2020-07-07,Peru,NA,Tacna,329332,47,1,1279,30
2020-07-08,Peru,NA,Tacna,329332,42,1,1321,31
2020-07-09,Peru,NA,Tacna,329332,76,2,1397,33
2020-07-10,Peru,NA,Tacna,329332,65,1,1462,34
2020-07-11,Peru,NA,Tacna,329332,70,3,1532,37
2020-07-12,Peru,NA,Tacna,329332,17,1,1549,38
2020-07-13,Peru,NA,Tacna,329332,56,7,1605,45
2020-07-14,Peru,NA,Tacna,329332,80,1,1685,46
2020-07-15,Peru,NA,Tacna,329332,61,1,1746,47
2020-07-16,Peru,NA,Tacna,329332,51,3,1797,50
2020-07-17,Peru,NA,Tacna,329332,93,1,1890,51
2020-07-18,Peru,NA,Tacna,329332,50,1,1940,52
2020-07-19,Peru,NA,Tacna,329332,38,1,1978,53
2020-07-20,Peru,NA,Tacna,329332,32,1,2010,54
2020-07-21,Peru,NA,Tacna,329332,88,0,2098,54
2020-07-22,Peru,NA,Tacna,329332,108,3,2206,57
2020-07-23,Peru,NA,Tacna,329332,65,2,2271,59
2020-07-24,Peru,NA,Tacna,329332,66,2,2337,61
2020-07-25,Peru,NA,Tacna,329332,95,0,2432,61
2020-07-26,Peru,NA,Tacna,329332,32,0,2464,61
2020-07-27,Peru,NA,Tacna,329332,137,1,2601,62
2020-07-28,Peru,NA,Tacna,329332,52,0,2653,62
2020-07-29,Peru,NA,Tacna,329332,100,3,2753,65
2020-07-30,Peru,NA,Tacna,329332,154,2,2907,67
2020-07-31,Peru,NA,Tacna,329332,114,1,3021,68
2020-08-01,Peru,NA,Tacna,329332,159,1,3180,69
2020-08-02,Peru,NA,Tacna,329332,56,0,3236,69
2020-08-03,Peru,NA,Tacna,329332,140,0,3376,69
2020-08-04,Peru,NA,Tacna,329332,186,1,3562,70
2020-08-05,Peru,NA,Tacna,329332,194,4,3756,74
2020-08-06,Peru,NA,Tacna,329332,201,1,3957,75
2020-08-07,Peru,NA,Tacna,329332,218,3,4175,78
2020-08-08,Peru,NA,Tacna,329332,172,5,4347,83
2020-08-09,Peru,NA,Tacna,329332,96,0,4443,83
2020-08-10,Peru,NA,Tacna,329332,127,6,4570,89
2020-08-11,Peru,NA,Tacna,329332,176,0,4746,89
2020-08-12,Peru,NA,Tacna,329332,258,2,5004,91
2020-08-13,Peru,NA,Tacna,329332,251,7,5255,98
2020-08-14,Peru,NA,Tacna,329332,277,2,5532,100
2020-08-15,Peru,NA,Tacna,329332,210,1,5742,101
2020-08-16,Peru,NA,Tacna,329332,57,3,5799,104
2020-08-17,Peru,NA,Tacna,329332,223,2,6022,106
2020-08-18,Peru,NA,Tacna,329332,173,4,6195,110
2020-08-19,Peru,NA,Tacna,329332,224,2,6419,112
2020-08-20,Peru,NA,Tacna,329332,402,2,6821,114
2020-08-21,Peru,NA,Tacna,329332,264,5,7085,119
2020-08-22,Peru,NA,Tacna,329332,259,3,7344,122
2020-08-23,Peru,NA,Tacna,329332,11,1,7355,123
2020-08-24,Peru,NA,Tacna,329332,291,3,7646,126
2020-08-25,Peru,NA,Tacna,329332,347,0,7993,126
2020-08-26,Peru,NA,Tacna,329332,197,2,8190,128
2020-08-27,Peru,NA,Tacna,329332,308,11,8498,139
2020-08-28,Peru,NA,Tacna,329332,24,2,8522,141
2020-08-29,Peru,NA,Tacna,329332,164,5,8686,146
2020-08-30,Peru,NA,Tacna,329332,26,1,8712,147
2020-08-31,Peru,NA,Tacna,329332,184,1,8896,148
2020-09-01,Peru,NA,Tacna,329332,107,3,9003,151
2020-09-02,Peru,NA,Tacna,329332,173,2,9176,153
2020-09-03,Peru,NA,Tacna,329332,50,4,9226,157
2020-09-04,Peru,NA,Tacna,329332,295,2,9521,159
2020-09-05,Peru,NA,Tacna,329332,103,4,9624,163
2020-09-06,Peru,NA,Tacna,329332,10,4,9634,167
2020-09-07,Peru,NA,Tacna,329332,281,2,9915,169
2020-09-08,Peru,NA,Tacna,329332,187,3,10102,172
2020-09-09,Peru,NA,Tacna,329332,118,2,10220,174
2020-09-10,Peru,NA,Tacna,329332,89,1,10309,175
2020-09-11,Peru,NA,Tacna,329332,253,4,10562,179
2020-09-12,Peru,NA,Tacna,329332,70,1,10632,180
2020-03-31,Peru,NA,Tumbes,224863,3,0,13,1
2020-04-01,Peru,NA,Tumbes,224863,2,1,15,2
2020-04-02,Peru,NA,Tumbes,224863,6,1,21,3
2020-04-03,Peru,NA,Tumbes,224863,5,1,26,4
2020-04-04,Peru,NA,Tumbes,224863,10,0,36,4
2020-04-06,Peru,NA,Tumbes,224863,5,2,41,6
2020-04-07,Peru,NA,Tumbes,224863,4,0,45,6
2020-04-08,Peru,NA,Tumbes,224863,22,0,67,6
2020-04-09,Peru,NA,Tumbes,224863,1,2,68,8
2020-04-10,Peru,NA,Tumbes,224863,3,0,71,8
2020-04-11,Peru,NA,Tumbes,224863,39,1,110,9
2020-04-12,Peru,NA,Tumbes,224863,6,1,116,10
2020-04-13,Peru,NA,Tumbes,224863,13,2,129,12
2020-04-14,Peru,NA,Tumbes,224863,22,0,151,12
2020-04-15,Peru,NA,Tumbes,224863,18,0,169,12
2020-04-16,Peru,NA,Tumbes,224863,12,0,181,12
2020-04-17,Peru,NA,Tumbes,224863,7,1,188,13
2020-04-18,Peru,NA,Tumbes,224863,6,1,194,14
2020-04-19,Peru,NA,Tumbes,224863,6,2,200,16
2020-04-20,Peru,NA,Tumbes,224863,17,1,217,17
2020-04-21,Peru,NA,Tumbes,224863,2,2,219,19
2020-04-22,Peru,NA,Tumbes,224863,7,3,226,22
2020-04-23,Peru,NA,Tumbes,224863,12,1,238,23
2020-04-24,Peru,NA,Tumbes,224863,20,3,258,26
2020-04-25,Peru,NA,Tumbes,224863,12,2,270,28
2020-04-26,Peru,NA,Tumbes,224863,9,1,279,29
2020-04-27,Peru,NA,Tumbes,224863,16,0,295,29
2020-04-28,Peru,NA,Tumbes,224863,14,0,309,29
2020-04-29,Peru,NA,Tumbes,224863,52,0,361,29
2020-04-30,Peru,NA,Tumbes,224863,30,0,391,29
2020-05-01,Peru,NA,Tumbes,224863,18,3,409,32
2020-05-02,Peru,NA,Tumbes,224863,44,2,453,34
2020-05-03,Peru,NA,Tumbes,224863,11,0,464,34
2020-05-04,Peru,NA,Tumbes,224863,26,2,490,36
2020-05-05,Peru,NA,Tumbes,224863,33,2,523,38
2020-05-06,Peru,NA,Tumbes,224863,14,4,537,42
2020-05-07,Peru,NA,Tumbes,224863,14,3,551,45
2020-05-08,Peru,NA,Tumbes,224863,12,2,563,47
2020-05-09,Peru,NA,Tumbes,224863,22,4,585,51
2020-05-10,Peru,NA,Tumbes,224863,2,1,587,52
2020-05-11,Peru,NA,Tumbes,224863,31,6,618,58
2020-05-12,Peru,NA,Tumbes,224863,29,3,647,61
2020-05-13,Peru,NA,Tumbes,224863,36,2,683,63
2020-05-14,Peru,NA,Tumbes,224863,23,3,706,66
2020-05-15,Peru,NA,Tumbes,224863,38,2,744,68
2020-05-16,Peru,NA,Tumbes,224863,37,1,781,69
2020-05-17,Peru,NA,Tumbes,224863,15,1,796,70
2020-05-18,Peru,NA,Tumbes,224863,24,3,820,73
2020-05-19,Peru,NA,Tumbes,224863,43,2,863,75
2020-05-20,Peru,NA,Tumbes,224863,31,5,894,80
2020-05-21,Peru,NA,Tumbes,224863,48,5,942,85
2020-05-22,Peru,NA,Tumbes,224863,45,5,987,90
2020-05-23,Peru,NA,Tumbes,224863,34,3,1021,93
2020-05-24,Peru,NA,Tumbes,224863,14,8,1035,101
2020-05-25,Peru,NA,Tumbes,224863,47,2,1082,103
2020-05-26,Peru,NA,Tumbes,224863,45,2,1127,105
2020-05-27,Peru,NA,Tumbes,224863,31,1,1158,106
2020-05-28,Peru,NA,Tumbes,224863,56,7,1214,113
2020-05-29,Peru,NA,Tumbes,224863,45,4,1259,117
2020-05-30,Peru,NA,Tumbes,224863,33,8,1292,125
2020-05-31,Peru,NA,Tumbes,224863,10,3,1302,128
2020-06-01,Peru,NA,Tumbes,224863,50,6,1352,134
2020-06-02,Peru,NA,Tumbes,224863,41,8,1393,142
2020-06-03,Peru,NA,Tumbes,224863,47,6,1440,148
2020-06-04,Peru,NA,Tumbes,224863,38,6,1478,154
2020-06-05,Peru,NA,Tumbes,224863,78,5,1556,159
2020-06-06,Peru,NA,Tumbes,224863,61,7,1617,166
2020-06-07,Peru,NA,Tumbes,224863,10,4,1627,170
2020-06-08,Peru,NA,Tumbes,224863,57,6,1684,176
2020-06-09,Peru,NA,Tumbes,224863,70,0,1754,176
2020-06-10,Peru,NA,Tumbes,224863,66,5,1820,181
2020-06-11,Peru,NA,Tumbes,224863,84,4,1904,185
2020-06-12,Peru,NA,Tumbes,224863,70,2,1974,187
2020-06-13,Peru,NA,Tumbes,224863,53,3,2027,190
2020-06-14,Peru,NA,Tumbes,224863,17,6,2044,196
2020-06-15,Peru,NA,Tumbes,224863,81,9,2125,205
2020-06-16,Peru,NA,Tumbes,224863,68,2,2193,207
2020-06-17,Peru,NA,Tumbes,224863,93,2,2286,209
2020-06-18,Peru,NA,Tumbes,224863,44,1,2330,210
2020-06-19,Peru,NA,Tumbes,224863,37,5,2367,215
2020-06-20,Peru,NA,Tumbes,224863,67,2,2434,217
2020-06-21,Peru,NA,Tumbes,224863,22,4,2456,221
2020-06-22,Peru,NA,Tumbes,224863,47,7,2503,228
2020-06-23,Peru,NA,Tumbes,224863,56,2,2559,230
2020-06-24,Peru,NA,Tumbes,224863,76,1,2635,231
2020-06-25,Peru,NA,Tumbes,224863,63,7,2698,238
2020-06-26,Peru,NA,Tumbes,224863,61,3,2759,241
2020-06-27,Peru,NA,Tumbes,224863,89,2,2848,243
2020-06-28,Peru,NA,Tumbes,224863,30,0,2878,243
2020-06-29,Peru,NA,Tumbes,224863,88,1,2966,244
2020-06-30,Peru,NA,Tumbes,224863,145,2,3111,246
2020-07-01,Peru,NA,Tumbes,224863,66,2,3177,248
2020-07-02,Peru,NA,Tumbes,224863,122,2,3299,250
2020-07-03,Peru,NA,Tumbes,224863,55,0,3354,250
2020-07-04,Peru,NA,Tumbes,224863,42,0,3396,250
2020-07-05,Peru,NA,Tumbes,224863,30,0,3426,250
2020-07-06,Peru,NA,Tumbes,224863,45,0,3471,250
2020-07-07,Peru,NA,Tumbes,224863,38,0,3509,250
2020-07-08,Peru,NA,Tumbes,224863,27,0,3536,250
2020-07-09,Peru,NA,Tumbes,224863,43,0,3579,250
2020-07-10,Peru,NA,Tumbes,224863,75,0,3654,250
2020-07-11,Peru,NA,Tumbes,224863,76,0,3730,250
2020-07-12,Peru,NA,Tumbes,224863,17,0,3747,250
2020-07-13,Peru,NA,Tumbes,224863,15,0,3762,250
2020-07-14,Peru,NA,Tumbes,224863,12,2,3774,252
2020-07-15,Peru,NA,Tumbes,224863,82,0,3856,252
2020-07-16,Peru,NA,Tumbes,224863,14,0,3870,252
2020-07-17,Peru,NA,Tumbes,224863,88,2,3958,254
2020-07-18,Peru,NA,Tumbes,224863,32,1,3990,255
2020-07-19,Peru,NA,Tumbes,224863,17,0,4007,255
2020-07-20,Peru,NA,Tumbes,224863,19,1,4026,256
2020-07-21,Peru,NA,Tumbes,224863,17,0,4043,256
2020-07-22,Peru,NA,Tumbes,224863,74,1,4117,257
2020-07-23,Peru,NA,Tumbes,224863,35,0,4152,257
2020-07-24,Peru,NA,Tumbes,224863,38,0,4190,257
2020-07-25,Peru,NA,Tumbes,224863,45,1,4235,258
2020-07-26,Peru,NA,Tumbes,224863,20,0,4255,258
2020-07-27,Peru,NA,Tumbes,224863,65,0,4320,258
2020-07-28,Peru,NA,Tumbes,224863,19,0,4339,258
2020-07-29,Peru,NA,Tumbes,224863,59,2,4398,260
2020-07-30,Peru,NA,Tumbes,224863,38,3,4436,263
2020-07-31,Peru,NA,Tumbes,224863,49,0,4485,263
2020-08-01,Peru,NA,Tumbes,224863,39,0,4524,263
2020-08-02,Peru,NA,Tumbes,224863,45,0,4569,263
2020-08-03,Peru,NA,Tumbes,224863,85,0,4654,263
2020-08-04,Peru,NA,Tumbes,224863,59,0,4713,263
2020-08-05,Peru,NA,Tumbes,224863,52,0,4765,263
2020-08-06,Peru,NA,Tumbes,224863,56,0,4821,263
2020-08-07,Peru,NA,Tumbes,224863,77,1,4898,264
2020-08-08,Peru,NA,Tumbes,224863,48,0,4946,264
2020-08-09,Peru,NA,Tumbes,224863,27,0,4973,264
2020-08-10,Peru,NA,Tumbes,224863,50,0,5023,264
2020-08-11,Peru,NA,Tumbes,224863,83,1,5106,265
2020-08-12,Peru,NA,Tumbes,224863,58,0,5164,265
2020-08-13,Peru,NA,Tumbes,224863,55,2,5219,267
2020-08-14,Peru,NA,Tumbes,224863,49,0,5268,267
2020-08-15,Peru,NA,Tumbes,224863,56,0,5324,267
2020-08-16,Peru,NA,Tumbes,224863,10,1,5334,268
2020-08-17,Peru,NA,Tumbes,224863,23,0,5357,268
2020-08-18,Peru,NA,Tumbes,224863,53,0,5410,268
2020-08-19,Peru,NA,Tumbes,224863,93,0,5503,268
2020-08-20,Peru,NA,Tumbes,224863,47,0,5550,268
2020-08-21,Peru,NA,Tumbes,224863,51,0,5601,268
2020-08-22,Peru,NA,Tumbes,224863,31,2,5632,270
2020-08-23,Peru,NA,Tumbes,224863,0,1,5632,271
2020-08-24,Peru,NA,Tumbes,224863,67,1,5699,272
2020-08-25,Peru,NA,Tumbes,224863,73,1,5772,273
2020-08-26,Peru,NA,Tumbes,224863,44,1,5816,274
2020-08-27,Peru,NA,Tumbes,224863,29,1,5845,275
2020-08-28,Peru,NA,Tumbes,224863,29,0,5874,275
2020-08-29,Peru,NA,Tumbes,224863,44,1,5918,276
2020-08-30,Peru,NA,Tumbes,224863,9,1,5927,277
2020-08-31,Peru,NA,Tumbes,224863,31,1,5958,278
2020-09-01,Peru,NA,Tumbes,224863,61,2,6019,280
2020-09-02,Peru,NA,Tumbes,224863,34,0,6053,280
2020-09-03,Peru,NA,Tumbes,224863,11,3,6064,283
2020-09-04,Peru,NA,Tumbes,224863,38,0,6102,283
2020-09-05,Peru,NA,Tumbes,224863,21,0,6123,283
2020-09-06,Peru,NA,Tumbes,224863,16,1,6139,284
2020-09-07,Peru,NA,Tumbes,224863,66,1,6205,285
2020-09-08,Peru,NA,Tumbes,224863,53,0,6258,285
2020-09-09,Peru,NA,Tumbes,224863,44,2,6302,287
2020-09-10,Peru,NA,Tumbes,224863,10,3,6312,290
2020-09-11,Peru,NA,Tumbes,224863,55,1,6367,291
2020-09-12,Peru,NA,Tumbes,224863,25,0,6392,291
2020-09-13,Peru,NA,Tumbes,224863,2,1,6394,292
2020-04-06,Peru,NA,Ucayali,496459,5,0,13,1
2020-04-07,Peru,NA,Ucayali,496459,1,0,14,1
2020-04-10,Peru,NA,Ucayali,496459,3,1,17,2
2020-04-11,Peru,NA,Ucayali,496459,1,0,18,2
2020-04-12,Peru,NA,Ucayali,496459,3,0,21,2
2020-04-13,Peru,NA,Ucayali,496459,11,0,32,2
2020-04-14,Peru,NA,Ucayali,496459,6,0,38,2
2020-04-15,Peru,NA,Ucayali,496459,22,2,60,4
2020-04-16,Peru,NA,Ucayali,496459,7,1,67,5
2020-04-17,Peru,NA,Ucayali,496459,15,0,82,5
2020-04-18,Peru,NA,Ucayali,496459,19,2,101,7
2020-04-19,Peru,NA,Ucayali,496459,22,4,123,11
2020-04-20,Peru,NA,Ucayali,496459,26,2,149,13
2020-04-21,Peru,NA,Ucayali,496459,23,3,172,16
2020-04-22,Peru,NA,Ucayali,496459,24,8,196,24
2020-04-23,Peru,NA,Ucayali,496459,15,3,211,27
2020-04-24,Peru,NA,Ucayali,496459,51,4,262,31
2020-04-25,Peru,NA,Ucayali,496459,21,7,283,38
2020-04-26,Peru,NA,Ucayali,496459,18,6,301,44
2020-04-27,Peru,NA,Ucayali,496459,109,1,410,45
2020-04-28,Peru,NA,Ucayali,496459,184,3,594,48
2020-04-29,Peru,NA,Ucayali,496459,87,2,681,50
2020-04-30,Peru,NA,Ucayali,496459,79,2,760,52
2020-05-01,Peru,NA,Ucayali,496459,76,8,836,60
2020-05-02,Peru,NA,Ucayali,496459,106,4,942,64
2020-05-03,Peru,NA,Ucayali,496459,94,3,1036,67
2020-05-04,Peru,NA,Ucayali,496459,91,2,1127,69
2020-05-05,Peru,NA,Ucayali,496459,59,6,1186,75
2020-05-06,Peru,NA,Ucayali,496459,81,3,1267,78
2020-05-07,Peru,NA,Ucayali,496459,12,3,1279,81
2020-05-08,Peru,NA,Ucayali,496459,101,4,1380,85
2020-05-09,Peru,NA,Ucayali,496459,190,3,1570,88
2020-05-10,Peru,NA,Ucayali,496459,47,2,1617,90
2020-05-11,Peru,NA,Ucayali,496459,47,7,1664,97
2020-05-12,Peru,NA,Ucayali,496459,84,3,1748,100
2020-05-13,Peru,NA,Ucayali,496459,109,1,1857,101
2020-05-14,Peru,NA,Ucayali,496459,111,3,1968,104
2020-05-15,Peru,NA,Ucayali,496459,104,2,2072,106
2020-05-16,Peru,NA,Ucayali,496459,407,4,2479,110
2020-05-17,Peru,NA,Ucayali,496459,57,3,2536,113
2020-05-18,Peru,NA,Ucayali,496459,354,4,2890,117
2020-05-19,Peru,NA,Ucayali,496459,140,3,3030,120
2020-05-20,Peru,NA,Ucayali,496459,317,2,3347,122
2020-05-21,Peru,NA,Ucayali,496459,170,4,3517,126
2020-05-22,Peru,NA,Ucayali,496459,192,5,3709,131
2020-05-23,Peru,NA,Ucayali,496459,125,6,3834,137
2020-05-24,Peru,NA,Ucayali,496459,36,1,3870,138
2020-05-25,Peru,NA,Ucayali,496459,77,1,3947,139
2020-05-26,Peru,NA,Ucayali,496459,197,4,4144,143
2020-05-27,Peru,NA,Ucayali,496459,176,5,4320,148
2020-05-28,Peru,NA,Ucayali,496459,209,2,4529,150
2020-05-29,Peru,NA,Ucayali,496459,172,3,4701,153
2020-05-30,Peru,NA,Ucayali,496459,207,3,4908,156
2020-05-31,Peru,NA,Ucayali,496459,50,1,4958,157
2020-06-01,Peru,NA,Ucayali,496459,114,4,5072,161
2020-06-02,Peru,NA,Ucayali,496459,39,4,5111,165
2020-06-03,Peru,NA,Ucayali,496459,58,1,5169,166
2020-06-04,Peru,NA,Ucayali,496459,61,4,5230,170
2020-06-05,Peru,NA,Ucayali,496459,153,3,5383,173
2020-06-06,Peru,NA,Ucayali,496459,172,4,5555,177
2020-06-07,Peru,NA,Ucayali,496459,50,1,5605,178
2020-06-08,Peru,NA,Ucayali,496459,198,4,5803,182
2020-06-09,Peru,NA,Ucayali,496459,209,3,6012,185
2020-06-10,Peru,NA,Ucayali,496459,117,4,6129,189
2020-06-11,Peru,NA,Ucayali,496459,183,3,6312,192
2020-06-12,Peru,NA,Ucayali,496459,150,1,6462,193
2020-06-13,Peru,NA,Ucayali,496459,239,7,6701,200
2020-06-14,Peru,NA,Ucayali,496459,30,2,6731,202
2020-06-15,Peru,NA,Ucayali,496459,44,2,6775,204
2020-06-16,Peru,NA,Ucayali,496459,45,4,6820,208
2020-06-17,Peru,NA,Ucayali,496459,53,8,6873,216
2020-06-18,Peru,NA,Ucayali,496459,49,2,6922,218
2020-06-19,Peru,NA,Ucayali,496459,132,4,7054,222
2020-06-20,Peru,NA,Ucayali,496459,65,2,7119,224
2020-06-21,Peru,NA,Ucayali,496459,131,2,7250,226
2020-06-22,Peru,NA,Ucayali,496459,73,2,7323,228
2020-06-23,Peru,NA,Ucayali,496459,53,3,7376,231
2020-06-24,Peru,NA,Ucayali,496459,22,0,7398,231
2020-06-25,Peru,NA,Ucayali,496459,97,1,7495,232
2020-06-26,Peru,NA,Ucayali,496459,110,0,7605,232
2020-06-27,Peru,NA,Ucayali,496459,102,3,7707,235
2020-06-28,Peru,NA,Ucayali,496459,23,3,7730,238
2020-06-29,Peru,NA,Ucayali,496459,42,0,7772,238
2020-06-30,Peru,NA,Ucayali,496459,107,3,7879,241
2020-07-01,Peru,NA,Ucayali,496459,145,1,8024,242
2020-07-02,Peru,NA,Ucayali,496459,48,1,8072,243
2020-07-03,Peru,NA,Ucayali,496459,139,0,8211,243
2020-07-04,Peru,NA,Ucayali,496459,57,0,8268,243
2020-07-05,Peru,NA,Ucayali,496459,48,3,8316,246
2020-07-06,Peru,NA,Ucayali,496459,101,0,8417,246
2020-07-07,Peru,NA,Ucayali,496459,103,1,8520,247
2020-07-08,Peru,NA,Ucayali,496459,56,1,8576,248
2020-07-09,Peru,NA,Ucayali,496459,48,0,8624,248
2020-07-10,Peru,NA,Ucayali,496459,163,1,8787,249
2020-07-11,Peru,NA,Ucayali,496459,113,0,8900,249
2020-07-12,Peru,NA,Ucayali,496459,36,4,8936,253
2020-07-13,Peru,NA,Ucayali,496459,24,3,8960,256
2020-07-14,Peru,NA,Ucayali,496459,71,0,9031,256
2020-07-15,Peru,NA,Ucayali,496459,92,3,9123,259
2020-07-16,Peru,NA,Ucayali,496459,68,2,9191,261
2020-07-17,Peru,NA,Ucayali,496459,52,1,9243,262
2020-07-18,Peru,NA,Ucayali,496459,111,1,9354,263
2020-07-19,Peru,NA,Ucayali,496459,57,1,9411,264
2020-07-20,Peru,NA,Ucayali,496459,35,0,9446,264
2020-07-21,Peru,NA,Ucayali,496459,41,2,9487,266
2020-07-22,Peru,NA,Ucayali,496459,41,0,9528,266
2020-07-23,Peru,NA,Ucayali,496459,49,0,9577,266
2020-07-24,Peru,NA,Ucayali,496459,76,2,9653,268
2020-07-25,Peru,NA,Ucayali,496459,73,0,9726,268
2020-07-26,Peru,NA,Ucayali,496459,39,1,9765,269
2020-07-27,Peru,NA,Ucayali,496459,122,2,9887,271
2020-07-28,Peru,NA,Ucayali,496459,41,0,9928,271
2020-07-29,Peru,NA,Ucayali,496459,148,2,10076,273
2020-07-30,Peru,NA,Ucayali,496459,97,0,10173,273
2020-07-31,Peru,NA,Ucayali,496459,121,0,10294,273
2020-08-01,Peru,NA,Ucayali,496459,108,2,10402,275
2020-08-02,Peru,NA,Ucayali,496459,28,1,10430,276
2020-08-03,Peru,NA,Ucayali,496459,96,0,10526,276
2020-08-04,Peru,NA,Ucayali,496459,136,0,10662,276
2020-08-05,Peru,NA,Ucayali,496459,122,2,10784,278
2020-08-06,Peru,NA,Ucayali,496459,129,0,10913,278
2020-08-07,Peru,NA,Ucayali,496459,98,1,11011,279
2020-08-08,Peru,NA,Ucayali,496459,160,0,11171,279
2020-08-09,Peru,NA,Ucayali,496459,26,0,11197,279
2020-08-10,Peru,NA,Ucayali,496459,180,1,11377,280
2020-08-11,Peru,NA,Ucayali,496459,134,0,11511,280
2020-08-12,Peru,NA,Ucayali,496459,172,0,11683,280
2020-08-13,Peru,NA,Ucayali,496459,215,1,11898,281
2020-08-14,Peru,NA,Ucayali,496459,144,0,12042,281
2020-08-15,Peru,NA,Ucayali,496459,91,0,12133,281
2020-08-16,Peru,NA,Ucayali,496459,33,3,12166,284
2020-08-17,Peru,NA,Ucayali,496459,153,1,12319,285
2020-08-18,Peru,NA,Ucayali,496459,233,0,12552,285
2020-08-19,Peru,NA,Ucayali,496459,193,1,12745,286
2020-08-20,Peru,NA,Ucayali,496459,215,1,12960,287
2020-08-21,Peru,NA,Ucayali,496459,63,1,13023,288
2020-08-22,Peru,NA,Ucayali,496459,112,0,13135,288
2020-08-23,Peru,NA,Ucayali,496459,28,1,13163,289
2020-08-24,Peru,NA,Ucayali,496459,142,0,13305,289
2020-08-25,Peru,NA,Ucayali,496459,226,3,13531,292
2020-08-26,Peru,NA,Ucayali,496459,216,0,13747,292
2020-08-27,Peru,NA,Ucayali,496459,120,0,13867,292
2020-08-28,Peru,NA,Ucayali,496459,116,1,13983,293
2020-08-29,Peru,NA,Ucayali,496459,119,4,14102,297
2020-08-30,Peru,NA,Ucayali,496459,46,0,14148,297
2020-08-31,Peru,NA,Ucayali,496459,78,3,14226,300
2020-09-01,Peru,NA,Ucayali,496459,88,1,14314,301
2020-09-02,Peru,NA,Ucayali,496459,80,0,14394,301
2020-09-03,Peru,NA,Ucayali,496459,45,0,14439,301
2020-09-04,Peru,NA,Ucayali,496459,110,1,14549,302
2020-09-05,Peru,NA,Ucayali,496459,64,0,14613,302
2020-09-06,Peru,NA,Ucayali,496459,31,2,14644,304
2020-09-07,Peru,NA,Ucayali,496459,84,1,14728,305
2020-09-08,Peru,NA,Ucayali,496459,76,0,14804,305
2020-09-09,Peru,NA,Ucayali,496459,62,0,14866,305
2020-09-10,Peru,NA,Ucayali,496459,27,0,14893,305
2020-09-11,Peru,NA,Ucayali,496459,105,0,14998,305
2020-09-12,Peru,NA,Ucayali,496459,26,1,15024,306
2020-09-13,Peru,NA,Ucayali,496459,7,0,15031,306
2020-03-28,Philippines,NA,Bicol Region,5796989,2,0,11,0
2020-03-30,Philippines,NA,Bicol Region,5796989,2,0,13,0
2020-03-31,Philippines,NA,Bicol Region,5796989,1,0,14,0
2020-04-02,Philippines,NA,Bicol Region,5796989,1,0,15,0
2020-04-03,Philippines,NA,Bicol Region,5796989,0,1,15,1
2020-04-05,Philippines,NA,Bicol Region,5796989,0,0,15,1
2020-04-06,Philippines,NA,Bicol Region,5796989,2,0,17,1
2020-04-07,Philippines,NA,Bicol Region,5796989,1,0,18,1
2020-04-08,Philippines,NA,Bicol Region,5796989,1,0,19,1
2020-04-10,Philippines,NA,Bicol Region,5796989,1,0,20,1
2020-04-13,Philippines,NA,Bicol Region,5796989,1,0,21,1
2020-04-14,Philippines,NA,Bicol Region,5796989,0,0,21,1
2020-04-15,Philippines,NA,Bicol Region,5796989,0,0,21,1
2020-04-17,Philippines,NA,Bicol Region,5796989,4,0,25,1
2020-04-19,Philippines,NA,Bicol Region,5796989,1,1,26,2
2020-04-20,Philippines,NA,Bicol Region,5796989,2,0,28,2
2020-04-21,Philippines,NA,Bicol Region,5796989,6,0,34,2
2020-04-22,Philippines,NA,Bicol Region,5796989,1,0,35,2
2020-04-23,Philippines,NA,Bicol Region,5796989,0,1,35,3
2020-04-24,Philippines,NA,Bicol Region,5796989,0,0,35,3
2020-04-26,Philippines,NA,Bicol Region,5796989,0,0,35,3
2020-04-27,Philippines,NA,Bicol Region,5796989,5,1,40,4
2020-04-28,Philippines,NA,Bicol Region,5796989,0,0,40,4
2020-04-29,Philippines,NA,Bicol Region,5796989,3,0,43,4
2020-04-30,Philippines,NA,Bicol Region,5796989,1,0,44,4
2020-05-01,Philippines,NA,Bicol Region,5796989,3,0,47,4
2020-05-04,Philippines,NA,Bicol Region,5796989,5,0,52,4
2020-05-05,Philippines,NA,Bicol Region,5796989,0,0,52,4
2020-05-06,Philippines,NA,Bicol Region,5796989,5,0,57,4
2020-05-07,Philippines,NA,Bicol Region,5796989,2,0,59,4
2020-05-08,Philippines,NA,Bicol Region,5796989,2,0,61,4
2020-05-09,Philippines,NA,Bicol Region,5796989,0,0,61,4
2020-05-11,Philippines,NA,Bicol Region,5796989,3,0,64,4
2020-05-12,Philippines,NA,Bicol Region,5796989,3,0,67,4
2020-05-13,Philippines,NA,Bicol Region,5796989,1,0,68,4
2020-05-14,Philippines,NA,Bicol Region,5796989,1,0,69,4
2020-05-15,Philippines,NA,Bicol Region,5796989,0,1,69,5
2020-05-16,Philippines,NA,Bicol Region,5796989,1,0,70,5
2020-05-19,Philippines,NA,Bicol Region,5796989,1,0,71,5
2020-05-21,Philippines,NA,Bicol Region,5796989,3,0,74,5
2020-05-22,Philippines,NA,Bicol Region,5796989,0,0,74,5
2020-05-23,Philippines,NA,Bicol Region,5796989,0,0,74,5
2020-05-25,Philippines,NA,Bicol Region,5796989,1,0,75,5
2020-05-26,Philippines,NA,Bicol Region,5796989,2,0,77,5
2020-05-28,Philippines,NA,Bicol Region,5796989,0,0,77,5
2020-05-29,Philippines,NA,Bicol Region,5796989,0,0,77,5
2020-05-30,Philippines,NA,Bicol Region,5796989,2,0,79,5
2020-05-31,Philippines,NA,Bicol Region,5796989,1,0,80,5
2020-06-01,Philippines,NA,Bicol Region,5796989,2,0,82,5
2020-06-02,Philippines,NA,Bicol Region,5796989,1,0,83,5
2020-06-03,Philippines,NA,Bicol Region,5796989,2,0,85,5
2020-06-04,Philippines,NA,Bicol Region,5796989,1,0,86,5
2020-06-06,Philippines,NA,Bicol Region,5796989,0,0,86,5
2020-06-08,Philippines,NA,Bicol Region,5796989,5,0,91,5
2020-06-09,Philippines,NA,Bicol Region,5796989,0,0,91,5
2020-06-10,Philippines,NA,Bicol Region,5796989,1,0,92,5
2020-06-12,Philippines,NA,Bicol Region,5796989,1,0,93,5
2020-06-14,Philippines,NA,Bicol Region,5796989,0,0,93,5
2020-06-15,Philippines,NA,Bicol Region,5796989,3,0,96,5
2020-06-16,Philippines,NA,Bicol Region,5796989,2,0,98,5
2020-06-17,Philippines,NA,Bicol Region,5796989,3,0,101,5
2020-06-18,Philippines,NA,Bicol Region,5796989,2,0,103,5
2020-06-19,Philippines,NA,Bicol Region,5796989,2,0,105,5
2020-06-20,Philippines,NA,Bicol Region,5796989,0,0,105,5
2020-06-22,Philippines,NA,Bicol Region,5796989,2,0,107,5
2020-06-23,Philippines,NA,Bicol Region,5796989,3,0,110,5
2020-06-24,Philippines,NA,Bicol Region,5796989,1,0,111,5
2020-06-25,Philippines,NA,Bicol Region,5796989,5,0,116,5
2020-06-26,Philippines,NA,Bicol Region,5796989,12,0,128,5
2020-06-27,Philippines,NA,Bicol Region,5796989,8,0,136,5
2020-06-28,Philippines,NA,Bicol Region,5796989,4,0,140,5
2020-06-29,Philippines,NA,Bicol Region,5796989,10,1,150,6
2020-06-30,Philippines,NA,Bicol Region,5796989,12,0,162,6
2020-07-01,Philippines,NA,Bicol Region,5796989,20,0,182,6
2020-07-02,Philippines,NA,Bicol Region,5796989,12,0,194,6
2020-07-03,Philippines,NA,Bicol Region,5796989,11,0,205,6
2020-07-04,Philippines,NA,Bicol Region,5796989,8,0,213,6
2020-07-05,Philippines,NA,Bicol Region,5796989,12,0,225,6
2020-07-06,Philippines,NA,Bicol Region,5796989,21,0,246,6
2020-07-07,Philippines,NA,Bicol Region,5796989,14,0,260,6
2020-07-08,Philippines,NA,Bicol Region,5796989,6,0,266,6
2020-07-09,Philippines,NA,Bicol Region,5796989,8,0,274,6
2020-07-10,Philippines,NA,Bicol Region,5796989,8,0,282,6
2020-07-11,Philippines,NA,Bicol Region,5796989,3,1,285,7
2020-07-12,Philippines,NA,Bicol Region,5796989,4,0,289,7
2020-07-13,Philippines,NA,Bicol Region,5796989,11,0,300,7
2020-07-14,Philippines,NA,Bicol Region,5796989,5,1,305,8
2020-07-15,Philippines,NA,Bicol Region,5796989,16,0,321,8
2020-07-16,Philippines,NA,Bicol Region,5796989,21,0,342,8
2020-07-17,Philippines,NA,Bicol Region,5796989,12,0,354,8
2020-07-18,Philippines,NA,Bicol Region,5796989,10,0,364,8
2020-07-19,Philippines,NA,Bicol Region,5796989,3,0,367,8
2020-07-20,Philippines,NA,Bicol Region,5796989,13,0,380,8
2020-07-21,Philippines,NA,Bicol Region,5796989,26,0,406,8
2020-07-22,Philippines,NA,Bicol Region,5796989,21,0,427,8
2020-07-23,Philippines,NA,Bicol Region,5796989,36,0,463,8
2020-07-24,Philippines,NA,Bicol Region,5796989,33,0,496,8
2020-07-25,Philippines,NA,Bicol Region,5796989,11,0,507,8
2020-07-26,Philippines,NA,Bicol Region,5796989,17,0,524,8
2020-07-27,Philippines,NA,Bicol Region,5796989,56,1,580,9
2020-07-28,Philippines,NA,Bicol Region,5796989,36,1,616,10
2020-07-29,Philippines,NA,Bicol Region,5796989,25,0,641,10
2020-07-30,Philippines,NA,Bicol Region,5796989,35,1,676,11
2020-07-31,Philippines,NA,Bicol Region,5796989,32,0,708,11
2020-08-01,Philippines,NA,Bicol Region,5796989,6,0,714,11
2020-08-02,Philippines,NA,Bicol Region,5796989,4,0,718,11
2020-08-03,Philippines,NA,Bicol Region,5796989,35,1,753,12
2020-08-04,Philippines,NA,Bicol Region,5796989,48,1,801,13
2020-08-05,Philippines,NA,Bicol Region,5796989,57,1,858,14
2020-08-06,Philippines,NA,Bicol Region,5796989,56,0,914,14
2020-08-07,Philippines,NA,Bicol Region,5796989,55,0,969,14
2020-08-08,Philippines,NA,Bicol Region,5796989,13,0,982,14
2020-08-09,Philippines,NA,Bicol Region,5796989,9,1,991,15
2020-08-10,Philippines,NA,Bicol Region,5796989,66,1,1057,16
2020-08-11,Philippines,NA,Bicol Region,5796989,46,2,1103,18
2020-08-12,Philippines,NA,Bicol Region,5796989,43,2,1146,20
2020-08-13,Philippines,NA,Bicol Region,5796989,23,0,1169,20
2020-08-14,Philippines,NA,Bicol Region,5796989,21,0,1190,20
2020-08-15,Philippines,NA,Bicol Region,5796989,16,0,1206,20
2020-08-16,Philippines,NA,Bicol Region,5796989,64,1,1270,21
2020-08-17,Philippines,NA,Bicol Region,5796989,46,0,1316,21
2020-08-18,Philippines,NA,Bicol Region,5796989,30,0,1346,21
2020-08-19,Philippines,NA,Bicol Region,5796989,46,1,1392,22
2020-08-20,Philippines,NA,Bicol Region,5796989,30,0,1422,22
2020-08-21,Philippines,NA,Bicol Region,5796989,25,0,1447,22
2020-08-22,Philippines,NA,Bicol Region,5796989,5,0,1452,22
2020-08-23,Philippines,NA,Bicol Region,5796989,3,0,1455,22
2020-08-24,Philippines,NA,Bicol Region,5796989,7,0,1462,22
2020-03-23,Philippines,NA,Cagayan Valley,3451410,7,0,15,1
2020-03-26,Philippines,NA,Cagayan Valley,3451410,3,0,18,1
2020-03-27,Philippines,NA,Cagayan Valley,3451410,2,0,20,1
2020-04-01,Philippines,NA,Cagayan Valley,3451410,0,0,20,1
2020-04-02,Philippines,NA,Cagayan Valley,3451410,2,0,22,1
2020-04-06,Philippines,NA,Cagayan Valley,3451410,2,0,24,1
2020-04-08,Philippines,NA,Cagayan Valley,3451410,2,0,26,1
2020-04-09,Philippines,NA,Cagayan Valley,3451410,0,0,26,1
2020-04-10,Philippines,NA,Cagayan Valley,3451410,1,0,27,1
2020-04-11,Philippines,NA,Cagayan Valley,3451410,0,0,27,1
2020-04-14,Philippines,NA,Cagayan Valley,3451410,0,0,27,1
2020-04-15,Philippines,NA,Cagayan Valley,3451410,0,0,27,1
2020-04-16,Philippines,NA,Cagayan Valley,3451410,0,0,27,1
2020-04-17,Philippines,NA,Cagayan Valley,3451410,0,0,27,1
2020-04-18,Philippines,NA,Cagayan Valley,3451410,0,0,27,1
2020-04-19,Philippines,NA,Cagayan Valley,3451410,0,0,27,1
2020-04-20,Philippines,NA,Cagayan Valley,3451410,0,0,27,1
2020-04-21,Philippines,NA,Cagayan Valley,3451410,0,0,27,1
2020-04-22,Philippines,NA,Cagayan Valley,3451410,3,0,30,1
2020-04-23,Philippines,NA,Cagayan Valley,3451410,1,0,31,1
2020-04-26,Philippines,NA,Cagayan Valley,3451410,1,0,32,1
2020-04-27,Philippines,NA,Cagayan Valley,3451410,1,0,33,1
2020-05-04,Philippines,NA,Cagayan Valley,3451410,0,0,33,1
2020-05-06,Philippines,NA,Cagayan Valley,3451410,0,0,33,1
2020-05-07,Philippines,NA,Cagayan Valley,3451410,0,0,33,1
2020-05-11,Philippines,NA,Cagayan Valley,3451410,0,0,33,1
2020-05-12,Philippines,NA,Cagayan Valley,3451410,0,0,33,1
2020-05-13,Philippines,NA,Cagayan Valley,3451410,0,0,33,1
2020-05-20,Philippines,NA,Cagayan Valley,3451410,1,0,34,1
2020-05-22,Philippines,NA,Cagayan Valley,3451410,1,0,35,1
2020-05-26,Philippines,NA,Cagayan Valley,3451410,0,0,35,1
2020-05-27,Philippines,NA,Cagayan Valley,3451410,1,0,36,1
2020-05-31,Philippines,NA,Cagayan Valley,3451410,1,0,37,1
2020-06-03,Philippines,NA,Cagayan Valley,3451410,2,0,39,1
2020-06-04,Philippines,NA,Cagayan Valley,3451410,1,0,40,1
2020-06-07,Philippines,NA,Cagayan Valley,3451410,2,0,42,1
2020-06-08,Philippines,NA,Cagayan Valley,3451410,5,0,47,1
2020-06-10,Philippines,NA,Cagayan Valley,3451410,4,0,51,1
2020-06-11,Philippines,NA,Cagayan Valley,3451410,2,0,53,1
2020-06-12,Philippines,NA,Cagayan Valley,3451410,1,0,54,1
2020-06-13,Philippines,NA,Cagayan Valley,3451410,1,0,55,1
2020-06-14,Philippines,NA,Cagayan Valley,3451410,1,0,56,1
2020-06-15,Philippines,NA,Cagayan Valley,3451410,2,0,58,1
2020-06-17,Philippines,NA,Cagayan Valley,3451410,2,0,60,1
2020-06-18,Philippines,NA,Cagayan Valley,3451410,1,0,61,1
2020-06-19,Philippines,NA,Cagayan Valley,3451410,3,0,64,1
2020-06-20,Philippines,NA,Cagayan Valley,3451410,3,0,67,1
2020-06-21,Philippines,NA,Cagayan Valley,3451410,2,0,69,1
2020-06-22,Philippines,NA,Cagayan Valley,3451410,7,0,76,1
2020-06-23,Philippines,NA,Cagayan Valley,3451410,2,0,78,1
2020-06-24,Philippines,NA,Cagayan Valley,3451410,4,0,82,1
2020-06-25,Philippines,NA,Cagayan Valley,3451410,1,0,83,1
2020-06-26,Philippines,NA,Cagayan Valley,3451410,3,0,86,1
2020-06-27,Philippines,NA,Cagayan Valley,3451410,2,0,88,1
2020-06-28,Philippines,NA,Cagayan Valley,3451410,7,0,95,1
2020-06-29,Philippines,NA,Cagayan Valley,3451410,9,0,104,1
2020-06-30,Philippines,NA,Cagayan Valley,3451410,3,0,107,1
2020-07-01,Philippines,NA,Cagayan Valley,3451410,5,0,112,1
2020-07-02,Philippines,NA,Cagayan Valley,3451410,8,0,120,1
2020-07-03,Philippines,NA,Cagayan Valley,3451410,5,0,125,1
2020-07-04,Philippines,NA,Cagayan Valley,3451410,10,0,135,1
2020-07-05,Philippines,NA,Cagayan Valley,3451410,3,0,138,1
2020-07-06,Philippines,NA,Cagayan Valley,3451410,7,0,145,1
2020-07-07,Philippines,NA,Cagayan Valley,3451410,3,0,148,1
2020-07-08,Philippines,NA,Cagayan Valley,3451410,7,0,155,1
2020-07-09,Philippines,NA,Cagayan Valley,3451410,10,0,165,1
2020-07-10,Philippines,NA,Cagayan Valley,3451410,5,0,170,1
2020-07-11,Philippines,NA,Cagayan Valley,3451410,6,0,176,1
2020-07-12,Philippines,NA,Cagayan Valley,3451410,4,1,180,2
2020-07-13,Philippines,NA,Cagayan Valley,3451410,12,0,192,2
2020-07-14,Philippines,NA,Cagayan Valley,3451410,10,0,202,2
2020-07-15,Philippines,NA,Cagayan Valley,3451410,10,0,212,2
2020-07-16,Philippines,NA,Cagayan Valley,3451410,7,0,219,2
2020-07-17,Philippines,NA,Cagayan Valley,3451410,12,0,231,2
2020-07-18,Philippines,NA,Cagayan Valley,3451410,12,0,243,2
2020-07-19,Philippines,NA,Cagayan Valley,3451410,2,0,245,2
2020-07-20,Philippines,NA,Cagayan Valley,3451410,7,0,252,2
2020-07-21,Philippines,NA,Cagayan Valley,3451410,10,0,262,2
2020-07-22,Philippines,NA,Cagayan Valley,3451410,22,0,284,2
2020-07-23,Philippines,NA,Cagayan Valley,3451410,6,1,290,3
2020-07-24,Philippines,NA,Cagayan Valley,3451410,3,0,293,3
2020-07-25,Philippines,NA,Cagayan Valley,3451410,9,0,302,3
2020-07-26,Philippines,NA,Cagayan Valley,3451410,2,0,304,3
2020-07-27,Philippines,NA,Cagayan Valley,3451410,10,0,314,3
2020-07-28,Philippines,NA,Cagayan Valley,3451410,11,0,325,3
2020-07-29,Philippines,NA,Cagayan Valley,3451410,8,0,333,3
2020-07-30,Philippines,NA,Cagayan Valley,3451410,18,0,351,3
2020-07-31,Philippines,NA,Cagayan Valley,3451410,18,0,369,3
2020-08-01,Philippines,NA,Cagayan Valley,3451410,8,0,377,3
2020-08-02,Philippines,NA,Cagayan Valley,3451410,5,0,382,3
2020-08-03,Philippines,NA,Cagayan Valley,3451410,33,0,415,3
2020-08-04,Philippines,NA,Cagayan Valley,3451410,42,0,457,3
2020-08-05,Philippines,NA,Cagayan Valley,3451410,39,0,496,3
2020-08-06,Philippines,NA,Cagayan Valley,3451410,16,0,512,3
2020-08-07,Philippines,NA,Cagayan Valley,3451410,18,0,530,3
2020-08-08,Philippines,NA,Cagayan Valley,3451410,1,0,531,3
2020-08-09,Philippines,NA,Cagayan Valley,3451410,3,0,534,3
2020-08-10,Philippines,NA,Cagayan Valley,3451410,20,0,554,3
2020-08-11,Philippines,NA,Cagayan Valley,3451410,14,0,568,3
2020-08-12,Philippines,NA,Cagayan Valley,3451410,19,0,587,3
2020-08-13,Philippines,NA,Cagayan Valley,3451410,16,0,603,3
2020-08-14,Philippines,NA,Cagayan Valley,3451410,11,1,614,4
2020-08-15,Philippines,NA,Cagayan Valley,3451410,7,0,621,4
2020-08-16,Philippines,NA,Cagayan Valley,3451410,5,0,626,4
2020-08-17,Philippines,NA,Cagayan Valley,3451410,18,0,644,4
2020-08-18,Philippines,NA,Cagayan Valley,3451410,8,0,652,4
2020-08-19,Philippines,NA,Cagayan Valley,3451410,13,0,665,4
2020-08-20,Philippines,NA,Cagayan Valley,3451410,18,0,683,4
2020-08-21,Philippines,NA,Cagayan Valley,3451410,12,0,695,4
2020-08-22,Philippines,NA,Cagayan Valley,3451410,13,0,708,4
2020-08-23,Philippines,NA,Cagayan Valley,3451410,10,0,718,4
2020-08-24,Philippines,NA,Cagayan Valley,3451410,3,0,721,4
2020-03-08,Philippines,NA,Calabarzon,14414774,36,0,40,0
2020-03-09,Philippines,NA,Calabarzon,14414774,1,0,41,0
2020-03-10,Philippines,NA,Calabarzon,14414774,3,0,44,0
2020-03-11,Philippines,NA,Calabarzon,14414774,5,1,49,1
2020-03-12,Philippines,NA,Calabarzon,14414774,7,1,56,2
2020-03-13,Philippines,NA,Calabarzon,14414774,8,1,64,3
2020-03-14,Philippines,NA,Calabarzon,14414774,17,1,81,4
2020-03-15,Philippines,NA,Calabarzon,14414774,9,1,90,5
2020-03-16,Philippines,NA,Calabarzon,14414774,9,1,99,6
2020-03-17,Philippines,NA,Calabarzon,14414774,15,2,114,8
2020-03-18,Philippines,NA,Calabarzon,14414774,22,0,136,8
2020-03-19,Philippines,NA,Calabarzon,14414774,24,0,160,8
2020-03-20,Philippines,NA,Calabarzon,14414774,18,2,178,10
2020-03-21,Philippines,NA,Calabarzon,14414774,12,1,190,11
2020-03-22,Philippines,NA,Calabarzon,14414774,14,1,204,12
2020-03-23,Philippines,NA,Calabarzon,14414774,22,6,226,18
2020-03-24,Philippines,NA,Calabarzon,14414774,20,2,246,20
2020-03-25,Philippines,NA,Calabarzon,14414774,14,4,260,24
2020-03-26,Philippines,NA,Calabarzon,14414774,39,3,299,27
2020-03-27,Philippines,NA,Calabarzon,14414774,36,3,335,30
2020-03-28,Philippines,NA,Calabarzon,14414774,26,3,361,33
2020-03-29,Philippines,NA,Calabarzon,14414774,18,4,379,37
2020-03-30,Philippines,NA,Calabarzon,14414774,28,6,407,43
2020-03-31,Philippines,NA,Calabarzon,14414774,28,4,435,47
2020-04-01,Philippines,NA,Calabarzon,14414774,38,4,473,51
2020-04-02,Philippines,NA,Calabarzon,14414774,84,4,557,55
2020-04-03,Philippines,NA,Calabarzon,14414774,29,4,586,59
2020-04-04,Philippines,NA,Calabarzon,14414774,30,8,616,67
2020-04-05,Philippines,NA,Calabarzon,14414774,18,8,634,75
2020-04-06,Philippines,NA,Calabarzon,14414774,44,2,678,77
2020-04-07,Philippines,NA,Calabarzon,14414774,69,3,747,80
2020-04-08,Philippines,NA,Calabarzon,14414774,104,2,851,82
2020-04-09,Philippines,NA,Calabarzon,14414774,39,4,890,86
2020-04-10,Philippines,NA,Calabarzon,14414774,43,3,933,89
2020-04-11,Philippines,NA,Calabarzon,14414774,52,3,985,92
2020-04-12,Philippines,NA,Calabarzon,14414774,47,4,1032,96
2020-04-13,Philippines,NA,Calabarzon,14414774,43,2,1075,98
2020-04-14,Philippines,NA,Calabarzon,14414774,24,0,1099,98
2020-04-15,Philippines,NA,Calabarzon,14414774,40,2,1139,100
2020-04-16,Philippines,NA,Calabarzon,14414774,32,2,1171,102
2020-04-17,Philippines,NA,Calabarzon,14414774,57,3,1228,105
2020-04-18,Philippines,NA,Calabarzon,14414774,8,2,1236,107
2020-04-19,Philippines,NA,Calabarzon,14414774,7,2,1243,109
2020-04-20,Philippines,NA,Calabarzon,14414774,15,2,1258,111
2020-04-21,Philippines,NA,Calabarzon,14414774,8,0,1266,111
2020-04-22,Philippines,NA,Calabarzon,14414774,24,2,1290,113
2020-04-23,Philippines,NA,Calabarzon,14414774,10,3,1300,116
2020-04-24,Philippines,NA,Calabarzon,14414774,15,0,1315,116
2020-04-25,Philippines,NA,Calabarzon,14414774,13,1,1328,117
2020-04-26,Philippines,NA,Calabarzon,14414774,7,1,1335,118
2020-04-27,Philippines,NA,Calabarzon,14414774,17,1,1352,119
2020-04-28,Philippines,NA,Calabarzon,14414774,10,2,1362,121
2020-04-29,Philippines,NA,Calabarzon,14414774,26,0,1388,121
2020-04-30,Philippines,NA,Calabarzon,14414774,11,1,1399,122
2020-05-01,Philippines,NA,Calabarzon,14414774,16,0,1415,122
2020-05-02,Philippines,NA,Calabarzon,14414774,7,0,1422,122
2020-05-03,Philippines,NA,Calabarzon,14414774,10,2,1432,124
2020-05-04,Philippines,NA,Calabarzon,14414774,7,2,1439,126
2020-05-05,Philippines,NA,Calabarzon,14414774,11,0,1450,126
2020-05-06,Philippines,NA,Calabarzon,14414774,15,2,1465,128
2020-05-07,Philippines,NA,Calabarzon,14414774,17,0,1482,128
2020-05-08,Philippines,NA,Calabarzon,14414774,28,1,1510,129
2020-05-09,Philippines,NA,Calabarzon,14414774,10,2,1520,131
2020-05-10,Philippines,NA,Calabarzon,14414774,5,0,1525,131
2020-05-11,Philippines,NA,Calabarzon,14414774,23,2,1548,133
2020-05-12,Philippines,NA,Calabarzon,14414774,21,1,1569,134
2020-05-13,Philippines,NA,Calabarzon,14414774,18,1,1587,135
2020-05-14,Philippines,NA,Calabarzon,14414774,15,1,1602,136
2020-05-15,Philippines,NA,Calabarzon,14414774,16,1,1618,137
2020-05-16,Philippines,NA,Calabarzon,14414774,5,1,1623,138
2020-05-17,Philippines,NA,Calabarzon,14414774,15,2,1638,140
2020-05-18,Philippines,NA,Calabarzon,14414774,25,0,1663,140
2020-05-19,Philippines,NA,Calabarzon,14414774,30,4,1693,144
2020-05-20,Philippines,NA,Calabarzon,14414774,38,0,1731,144
2020-05-21,Philippines,NA,Calabarzon,14414774,31,0,1762,144
2020-05-22,Philippines,NA,Calabarzon,14414774,26,2,1788,146
2020-05-23,Philippines,NA,Calabarzon,14414774,15,2,1803,148
2020-05-24,Philippines,NA,Calabarzon,14414774,9,1,1812,149
2020-05-25,Philippines,NA,Calabarzon,14414774,14,0,1826,149
2020-05-26,Philippines,NA,Calabarzon,14414774,23,2,1849,151
2020-05-27,Philippines,NA,Calabarzon,14414774,24,0,1873,151
2020-05-28,Philippines,NA,Calabarzon,14414774,29,0,1902,151
2020-05-29,Philippines,NA,Calabarzon,14414774,21,1,1923,152
2020-05-30,Philippines,NA,Calabarzon,14414774,7,0,1930,152
2020-05-31,Philippines,NA,Calabarzon,14414774,8,1,1938,153
2020-06-01,Philippines,NA,Calabarzon,14414774,27,1,1965,154
2020-06-02,Philippines,NA,Calabarzon,14414774,22,0,1987,154
2020-06-03,Philippines,NA,Calabarzon,14414774,32,0,2019,154
2020-06-04,Philippines,NA,Calabarzon,14414774,50,2,2069,156
2020-06-05,Philippines,NA,Calabarzon,14414774,44,2,2113,158
2020-06-06,Philippines,NA,Calabarzon,14414774,18,0,2131,158
2020-06-07,Philippines,NA,Calabarzon,14414774,10,0,2141,158
2020-06-08,Philippines,NA,Calabarzon,14414774,54,1,2195,159
2020-06-09,Philippines,NA,Calabarzon,14414774,39,0,2234,159
2020-06-10,Philippines,NA,Calabarzon,14414774,34,1,2268,160
2020-06-11,Philippines,NA,Calabarzon,14414774,59,0,2327,160
2020-06-12,Philippines,NA,Calabarzon,14414774,18,0,2345,160
2020-06-13,Philippines,NA,Calabarzon,14414774,25,1,2370,161
2020-06-14,Philippines,NA,Calabarzon,14414774,26,1,2396,162
2020-06-15,Philippines,NA,Calabarzon,14414774,50,0,2446,162
2020-06-16,Philippines,NA,Calabarzon,14414774,63,1,2509,163
2020-06-17,Philippines,NA,Calabarzon,14414774,66,1,2575,164
2020-06-18,Philippines,NA,Calabarzon,14414774,65,0,2640,164
2020-06-19,Philippines,NA,Calabarzon,14414774,62,1,2702,165
2020-06-20,Philippines,NA,Calabarzon,14414774,51,1,2753,166
2020-06-21,Philippines,NA,Calabarzon,14414774,42,0,2795,166
2020-06-22,Philippines,NA,Calabarzon,14414774,94,0,2889,166
2020-06-23,Philippines,NA,Calabarzon,14414774,118,0,3007,166
2020-06-24,Philippines,NA,Calabarzon,14414774,88,1,3095,167
2020-06-25,Philippines,NA,Calabarzon,14414774,167,0,3262,167
2020-06-26,Philippines,NA,Calabarzon,14414774,126,0,3388,167
2020-06-27,Philippines,NA,Calabarzon,14414774,49,0,3437,167
2020-06-28,Philippines,NA,Calabarzon,14414774,47,0,3484,167
2020-06-29,Philippines,NA,Calabarzon,14414774,177,1,3661,168
2020-06-30,Philippines,NA,Calabarzon,14414774,155,0,3816,168
2020-07-01,Philippines,NA,Calabarzon,14414774,177,0,3993,168
2020-07-02,Philippines,NA,Calabarzon,14414774,128,0,4121,168
2020-07-03,Philippines,NA,Calabarzon,14414774,239,0,4360,168
2020-07-04,Philippines,NA,Calabarzon,14414774,145,0,4505,168
2020-07-05,Philippines,NA,Calabarzon,14414774,73,0,4578,168
2020-07-06,Philippines,NA,Calabarzon,14414774,200,1,4778,169
2020-07-07,Philippines,NA,Calabarzon,14414774,231,0,5009,169
2020-07-08,Philippines,NA,Calabarzon,14414774,201,1,5210,170
2020-07-09,Philippines,NA,Calabarzon,14414774,229,1,5439,171
2020-07-10,Philippines,NA,Calabarzon,14414774,277,0,5716,171
2020-07-11,Philippines,NA,Calabarzon,14414774,203,1,5919,172
2020-07-12,Philippines,NA,Calabarzon,14414774,116,0,6035,172
2020-07-13,Philippines,NA,Calabarzon,14414774,237,0,6272,172
2020-07-14,Philippines,NA,Calabarzon,14414774,233,2,6505,174
2020-07-15,Philippines,NA,Calabarzon,14414774,257,3,6762,177
2020-07-16,Philippines,NA,Calabarzon,14414774,496,0,7258,177
2020-07-17,Philippines,NA,Calabarzon,14414774,625,2,7883,179
2020-07-18,Philippines,NA,Calabarzon,14414774,263,1,8146,180
2020-07-19,Philippines,NA,Calabarzon,14414774,165,1,8311,181
2020-07-20,Philippines,NA,Calabarzon,14414774,828,3,9139,184
2020-07-21,Philippines,NA,Calabarzon,14414774,640,3,9779,187
2020-07-22,Philippines,NA,Calabarzon,14414774,680,1,10459,188
2020-07-23,Philippines,NA,Calabarzon,14414774,1067,4,11526,192
2020-07-24,Philippines,NA,Calabarzon,14414774,826,1,12352,193
2020-07-25,Philippines,NA,Calabarzon,14414774,656,1,13008,194
2020-07-26,Philippines,NA,Calabarzon,14414774,236,2,13244,196
2020-07-27,Philippines,NA,Calabarzon,14414774,848,2,14092,198
2020-07-28,Philippines,NA,Calabarzon,14414774,834,2,14926,200
2020-07-29,Philippines,NA,Calabarzon,14414774,712,7,15638,207
2020-07-30,Philippines,NA,Calabarzon,14414774,620,2,16258,209
2020-07-31,Philippines,NA,Calabarzon,14414774,487,4,16745,213
2020-08-01,Philippines,NA,Calabarzon,14414774,368,4,17113,217
2020-08-02,Philippines,NA,Calabarzon,14414774,210,3,17323,220
2020-08-03,Philippines,NA,Calabarzon,14414774,725,0,18048,220
2020-08-04,Philippines,NA,Calabarzon,14414774,716,4,18764,224
2020-08-05,Philippines,NA,Calabarzon,14414774,637,4,19401,228
2020-08-06,Philippines,NA,Calabarzon,14414774,713,1,20114,229
2020-08-07,Philippines,NA,Calabarzon,14414774,635,4,20749,233
2020-08-08,Philippines,NA,Calabarzon,14414774,413,4,21162,237
2020-08-09,Philippines,NA,Calabarzon,14414774,287,3,21449,240
2020-08-10,Philippines,NA,Calabarzon,14414774,850,5,22299,245
2020-08-11,Philippines,NA,Calabarzon,14414774,809,9,23108,254
2020-08-12,Philippines,NA,Calabarzon,14414774,755,3,23863,257
2020-08-13,Philippines,NA,Calabarzon,14414774,734,4,24597,261
2020-08-14,Philippines,NA,Calabarzon,14414774,829,7,25426,268
2020-08-15,Philippines,NA,Calabarzon,14414774,335,2,25761,270
2020-08-16,Philippines,NA,Calabarzon,14414774,269,1,26030,271
2020-08-17,Philippines,NA,Calabarzon,14414774,799,1,26829,272
2020-08-18,Philippines,NA,Calabarzon,14414774,685,2,27514,274
2020-08-19,Philippines,NA,Calabarzon,14414774,667,2,28181,276
2020-08-20,Philippines,NA,Calabarzon,14414774,677,1,28858,277
2020-08-21,Philippines,NA,Calabarzon,14414774,468,1,29326,278
2020-08-22,Philippines,NA,Calabarzon,14414774,247,1,29573,279
2020-08-23,Philippines,NA,Calabarzon,14414774,73,0,29646,279
2020-08-24,Philippines,NA,Calabarzon,14414774,77,0,29723,279
2020-08-25,Philippines,NA,Calabarzon,14414774,12,0,29735,279
2020-03-10,Philippines,NA,Central Luzon,11218177,2,0,11,0
2020-03-11,Philippines,NA,Central Luzon,11218177,2,0,13,0
2020-03-12,Philippines,NA,Central Luzon,11218177,2,0,15,0
2020-03-13,Philippines,NA,Central Luzon,11218177,1,1,16,1
2020-03-14,Philippines,NA,Central Luzon,11218177,4,0,20,1
2020-03-15,Philippines,NA,Central Luzon,11218177,5,1,25,2
2020-03-16,Philippines,NA,Central Luzon,11218177,9,0,34,2
2020-03-17,Philippines,NA,Central Luzon,11218177,3,0,37,2
2020-03-18,Philippines,NA,Central Luzon,11218177,4,0,41,2
2020-03-19,Philippines,NA,Central Luzon,11218177,7,0,48,2
2020-03-20,Philippines,NA,Central Luzon,11218177,4,2,52,4
2020-03-21,Philippines,NA,Central Luzon,11218177,9,0,61,4
2020-03-22,Philippines,NA,Central Luzon,11218177,7,0,68,4
2020-03-23,Philippines,NA,Central Luzon,11218177,10,1,78,5
2020-03-24,Philippines,NA,Central Luzon,11218177,12,3,90,8
2020-03-25,Philippines,NA,Central Luzon,11218177,17,4,107,12
2020-03-26,Philippines,NA,Central Luzon,11218177,15,3,122,15
2020-03-27,Philippines,NA,Central Luzon,11218177,14,2,136,17
2020-03-28,Philippines,NA,Central Luzon,11218177,6,2,142,19
2020-03-29,Philippines,NA,Central Luzon,11218177,6,2,148,21
2020-03-30,Philippines,NA,Central Luzon,11218177,9,0,157,21
2020-03-31,Philippines,NA,Central Luzon,11218177,17,1,174,22
2020-04-01,Philippines,NA,Central Luzon,11218177,10,2,184,24
2020-04-02,Philippines,NA,Central Luzon,11218177,13,2,197,26
2020-04-03,Philippines,NA,Central Luzon,11218177,9,0,206,26
2020-04-04,Philippines,NA,Central Luzon,11218177,9,2,215,28
2020-04-05,Philippines,NA,Central Luzon,11218177,3,1,218,29
2020-04-06,Philippines,NA,Central Luzon,11218177,10,0,228,29
2020-04-07,Philippines,NA,Central Luzon,11218177,13,0,241,29
2020-04-08,Philippines,NA,Central Luzon,11218177,33,4,274,33
2020-04-09,Philippines,NA,Central Luzon,11218177,12,1,286,34
2020-04-10,Philippines,NA,Central Luzon,11218177,39,3,325,37
2020-04-11,Philippines,NA,Central Luzon,11218177,17,0,342,37
2020-04-12,Philippines,NA,Central Luzon,11218177,15,0,357,37
2020-04-13,Philippines,NA,Central Luzon,11218177,9,2,366,39
2020-04-14,Philippines,NA,Central Luzon,11218177,8,0,374,39
2020-04-15,Philippines,NA,Central Luzon,11218177,9,0,383,39
2020-04-16,Philippines,NA,Central Luzon,11218177,8,0,391,39
2020-04-17,Philippines,NA,Central Luzon,11218177,8,0,399,39
2020-04-18,Philippines,NA,Central Luzon,11218177,9,1,408,40
2020-04-19,Philippines,NA,Central Luzon,11218177,13,0,421,40
2020-04-20,Philippines,NA,Central Luzon,11218177,20,2,441,42
2020-04-21,Philippines,NA,Central Luzon,11218177,10,2,451,44
2020-04-22,Philippines,NA,Central Luzon,11218177,14,1,465,45
2020-04-23,Philippines,NA,Central Luzon,11218177,7,1,472,46
2020-04-24,Philippines,NA,Central Luzon,11218177,15,0,487,46
2020-04-25,Philippines,NA,Central Luzon,11218177,14,1,501,47
2020-04-26,Philippines,NA,Central Luzon,11218177,5,0,506,47
2020-04-27,Philippines,NA,Central Luzon,11218177,9,0,515,47
2020-04-28,Philippines,NA,Central Luzon,11218177,5,0,520,47
2020-04-29,Philippines,NA,Central Luzon,11218177,10,1,530,48
2020-04-30,Philippines,NA,Central Luzon,11218177,5,0,535,48
2020-05-01,Philippines,NA,Central Luzon,11218177,5,1,540,49
2020-05-02,Philippines,NA,Central Luzon,11218177,2,0,542,49
2020-05-03,Philippines,NA,Central Luzon,11218177,1,0,543,49
2020-05-04,Philippines,NA,Central Luzon,11218177,1,1,544,50
2020-05-05,Philippines,NA,Central Luzon,11218177,10,0,554,50
2020-05-06,Philippines,NA,Central Luzon,11218177,4,1,558,51
2020-05-07,Philippines,NA,Central Luzon,11218177,8,0,566,51
2020-05-08,Philippines,NA,Central Luzon,11218177,4,2,570,53
2020-05-09,Philippines,NA,Central Luzon,11218177,3,0,573,53
2020-05-10,Philippines,NA,Central Luzon,11218177,2,1,575,54
2020-05-11,Philippines,NA,Central Luzon,11218177,4,0,579,54
2020-05-12,Philippines,NA,Central Luzon,11218177,4,0,583,54
2020-05-13,Philippines,NA,Central Luzon,11218177,8,0,591,54
2020-05-14,Philippines,NA,Central Luzon,11218177,4,0,595,54
2020-05-15,Philippines,NA,Central Luzon,11218177,8,0,603,54
2020-05-16,Philippines,NA,Central Luzon,11218177,1,0,604,54
2020-05-17,Philippines,NA,Central Luzon,11218177,1,1,605,55
2020-05-18,Philippines,NA,Central Luzon,11218177,6,0,611,55
2020-05-19,Philippines,NA,Central Luzon,11218177,14,0,625,55
2020-05-20,Philippines,NA,Central Luzon,11218177,9,0,634,55
2020-05-21,Philippines,NA,Central Luzon,11218177,4,0,638,55
2020-05-22,Philippines,NA,Central Luzon,11218177,15,0,653,55
2020-05-23,Philippines,NA,Central Luzon,11218177,2,1,655,56
2020-05-24,Philippines,NA,Central Luzon,11218177,1,0,656,56
2020-05-25,Philippines,NA,Central Luzon,11218177,12,2,668,58
2020-05-26,Philippines,NA,Central Luzon,11218177,10,0,678,58
2020-05-27,Philippines,NA,Central Luzon,11218177,8,1,686,59
2020-05-28,Philippines,NA,Central Luzon,11218177,7,0,693,59
2020-05-29,Philippines,NA,Central Luzon,11218177,4,0,697,59
2020-05-30,Philippines,NA,Central Luzon,11218177,3,1,700,60
2020-05-31,Philippines,NA,Central Luzon,11218177,3,0,703,60
2020-06-01,Philippines,NA,Central Luzon,11218177,14,0,717,60
2020-06-02,Philippines,NA,Central Luzon,11218177,10,0,727,60
2020-06-03,Philippines,NA,Central Luzon,11218177,9,0,736,60
2020-06-04,Philippines,NA,Central Luzon,11218177,15,0,751,60
2020-06-05,Philippines,NA,Central Luzon,11218177,11,0,762,60
2020-06-06,Philippines,NA,Central Luzon,11218177,3,0,765,60
2020-06-07,Philippines,NA,Central Luzon,11218177,2,0,767,60
2020-06-08,Philippines,NA,Central Luzon,11218177,19,0,786,60
2020-06-09,Philippines,NA,Central Luzon,11218177,11,0,797,60
2020-06-10,Philippines,NA,Central Luzon,11218177,7,0,804,60
2020-06-11,Philippines,NA,Central Luzon,11218177,10,0,814,60
2020-06-12,Philippines,NA,Central Luzon,11218177,7,0,821,60
2020-06-13,Philippines,NA,Central Luzon,11218177,2,0,823,60
2020-06-14,Philippines,NA,Central Luzon,11218177,3,1,826,61
2020-06-15,Philippines,NA,Central Luzon,11218177,17,2,843,63
2020-06-16,Philippines,NA,Central Luzon,11218177,7,0,850,63
2020-06-17,Philippines,NA,Central Luzon,11218177,17,0,867,63
2020-06-18,Philippines,NA,Central Luzon,11218177,23,0,890,63
2020-06-19,Philippines,NA,Central Luzon,11218177,16,1,906,64
2020-06-20,Philippines,NA,Central Luzon,11218177,8,0,914,64
2020-06-21,Philippines,NA,Central Luzon,11218177,9,0,923,64
2020-06-22,Philippines,NA,Central Luzon,11218177,33,0,956,64
2020-06-23,Philippines,NA,Central Luzon,11218177,22,0,978,64
2020-06-24,Philippines,NA,Central Luzon,11218177,26,0,1004,64
2020-06-25,Philippines,NA,Central Luzon,11218177,28,0,1032,64
2020-06-26,Philippines,NA,Central Luzon,11218177,28,0,1060,64
2020-06-27,Philippines,NA,Central Luzon,11218177,28,2,1088,66
2020-06-28,Philippines,NA,Central Luzon,11218177,7,0,1095,66
2020-06-29,Philippines,NA,Central Luzon,11218177,41,0,1136,66
2020-06-30,Philippines,NA,Central Luzon,11218177,60,0,1196,66
2020-07-01,Philippines,NA,Central Luzon,11218177,48,0,1244,66
2020-07-02,Philippines,NA,Central Luzon,11218177,48,0,1292,66
2020-07-03,Philippines,NA,Central Luzon,11218177,50,0,1342,66
2020-07-04,Philippines,NA,Central Luzon,11218177,39,0,1381,66
2020-07-05,Philippines,NA,Central Luzon,11218177,13,0,1394,66
2020-07-06,Philippines,NA,Central Luzon,11218177,57,0,1451,66
2020-07-07,Philippines,NA,Central Luzon,11218177,52,0,1503,66
2020-07-08,Philippines,NA,Central Luzon,11218177,57,0,1560,66
2020-07-09,Philippines,NA,Central Luzon,11218177,56,0,1616,66
2020-07-10,Philippines,NA,Central Luzon,11218177,58,0,1674,66
2020-07-11,Philippines,NA,Central Luzon,11218177,38,1,1712,67
2020-07-12,Philippines,NA,Central Luzon,11218177,18,0,1730,67
2020-07-13,Philippines,NA,Central Luzon,11218177,71,1,1801,68
2020-07-14,Philippines,NA,Central Luzon,11218177,96,1,1897,69
2020-07-15,Philippines,NA,Central Luzon,11218177,74,1,1971,70
2020-07-16,Philippines,NA,Central Luzon,11218177,85,0,2056,70
2020-07-17,Philippines,NA,Central Luzon,11218177,88,0,2144,70
2020-07-18,Philippines,NA,Central Luzon,11218177,93,0,2237,70
2020-07-19,Philippines,NA,Central Luzon,11218177,29,0,2266,70
2020-07-20,Philippines,NA,Central Luzon,11218177,101,0,2367,70
2020-07-21,Philippines,NA,Central Luzon,11218177,114,1,2481,71
2020-07-22,Philippines,NA,Central Luzon,11218177,100,0,2581,71
2020-07-23,Philippines,NA,Central Luzon,11218177,146,0,2727,71
2020-07-24,Philippines,NA,Central Luzon,11218177,90,0,2817,71
2020-07-25,Philippines,NA,Central Luzon,11218177,108,0,2925,71
2020-07-26,Philippines,NA,Central Luzon,11218177,37,1,2962,72
2020-07-27,Philippines,NA,Central Luzon,11218177,226,1,3188,73
2020-07-28,Philippines,NA,Central Luzon,11218177,138,0,3326,73
2020-07-29,Philippines,NA,Central Luzon,11218177,126,1,3452,74
2020-07-30,Philippines,NA,Central Luzon,11218177,152,2,3604,76
2020-07-31,Philippines,NA,Central Luzon,11218177,118,1,3722,77
2020-08-01,Philippines,NA,Central Luzon,11218177,69,0,3791,77
2020-08-02,Philippines,NA,Central Luzon,11218177,30,0,3821,77
2020-08-03,Philippines,NA,Central Luzon,11218177,171,0,3992,77
2020-08-04,Philippines,NA,Central Luzon,11218177,147,3,4139,80
2020-08-05,Philippines,NA,Central Luzon,11218177,173,0,4312,80
2020-08-06,Philippines,NA,Central Luzon,11218177,211,0,4523,80
2020-08-07,Philippines,NA,Central Luzon,11218177,159,1,4682,81
2020-08-08,Philippines,NA,Central Luzon,11218177,106,0,4788,81
2020-08-09,Philippines,NA,Central Luzon,11218177,62,0,4850,81
2020-08-10,Philippines,NA,Central Luzon,11218177,235,3,5085,84
2020-08-11,Philippines,NA,Central Luzon,11218177,183,0,5268,84
2020-08-12,Philippines,NA,Central Luzon,11218177,216,2,5484,86
2020-08-13,Philippines,NA,Central Luzon,11218177,162,4,5646,90
2020-08-14,Philippines,NA,Central Luzon,11218177,247,1,5893,91
2020-08-15,Philippines,NA,Central Luzon,11218177,130,1,6023,92
2020-08-16,Philippines,NA,Central Luzon,11218177,62,0,6085,92
2020-08-17,Philippines,NA,Central Luzon,11218177,283,1,6368,93
2020-08-18,Philippines,NA,Central Luzon,11218177,197,1,6565,94
2020-08-19,Philippines,NA,Central Luzon,11218177,170,2,6735,96
2020-08-20,Philippines,NA,Central Luzon,11218177,271,0,7006,96
2020-08-21,Philippines,NA,Central Luzon,11218177,150,0,7156,96
2020-08-22,Philippines,NA,Central Luzon,11218177,169,0,7325,96
2020-08-23,Philippines,NA,Central Luzon,11218177,21,0,7346,96
2020-08-24,Philippines,NA,Central Luzon,11218177,31,0,7377,96
2020-08-25,Philippines,NA,Central Luzon,11218177,23,0,7400,96
2020-03-13,Philippines,NA,Central Visayas,7396898,1,0,11,1
2020-03-18,Philippines,NA,Central Visayas,7396898,2,0,13,1
2020-03-19,Philippines,NA,Central Visayas,7396898,5,0,18,1
2020-03-20,Philippines,NA,Central Visayas,7396898,5,0,23,1
2020-03-21,Philippines,NA,Central Visayas,7396898,1,0,24,1
2020-03-22,Philippines,NA,Central Visayas,7396898,5,0,29,1
2020-03-23,Philippines,NA,Central Visayas,7396898,3,0,32,1
2020-03-24,Philippines,NA,Central Visayas,7396898,3,1,35,2
2020-03-25,Philippines,NA,Central Visayas,7396898,6,0,41,2
2020-03-26,Philippines,NA,Central Visayas,7396898,4,0,45,2
2020-03-27,Philippines,NA,Central Visayas,7396898,2,2,47,4
2020-03-28,Philippines,NA,Central Visayas,7396898,0,1,47,5
2020-03-29,Philippines,NA,Central Visayas,7396898,1,0,48,5
2020-04-01,Philippines,NA,Central Visayas,7396898,1,0,49,5
2020-04-02,Philippines,NA,Central Visayas,7396898,1,1,50,6
2020-04-03,Philippines,NA,Central Visayas,7396898,1,1,51,7
2020-04-04,Philippines,NA,Central Visayas,7396898,2,0,53,7
2020-04-05,Philippines,NA,Central Visayas,7396898,0,2,53,9
2020-04-06,Philippines,NA,Central Visayas,7396898,3,1,56,10
2020-04-07,Philippines,NA,Central Visayas,7396898,2,0,58,10
2020-04-08,Philippines,NA,Central Visayas,7396898,2,1,60,11
2020-04-09,Philippines,NA,Central Visayas,7396898,1,0,61,11
2020-04-11,Philippines,NA,Central Visayas,7396898,0,0,61,11
2020-04-12,Philippines,NA,Central Visayas,7396898,2,0,63,11
2020-04-13,Philippines,NA,Central Visayas,7396898,24,0,87,11
2020-04-14,Philippines,NA,Central Visayas,7396898,24,0,111,11
2020-04-15,Philippines,NA,Central Visayas,7396898,68,0,179,11
2020-04-16,Philippines,NA,Central Visayas,7396898,4,0,183,11
2020-04-17,Philippines,NA,Central Visayas,7396898,3,0,186,11
2020-04-18,Philippines,NA,Central Visayas,7396898,3,1,189,12
2020-04-19,Philippines,NA,Central Visayas,7396898,5,0,194,12
2020-04-20,Philippines,NA,Central Visayas,7396898,135,1,329,13
2020-04-21,Philippines,NA,Central Visayas,7396898,4,0,333,13
2020-04-22,Philippines,NA,Central Visayas,7396898,69,0,402,13
2020-04-23,Philippines,NA,Central Visayas,7396898,42,0,444,13
2020-04-24,Philippines,NA,Central Visayas,7396898,75,0,519,13
2020-04-25,Philippines,NA,Central Visayas,7396898,28,2,547,15
2020-04-26,Philippines,NA,Central Visayas,7396898,2,0,549,15
2020-04-27,Philippines,NA,Central Visayas,7396898,89,0,638,15
2020-04-28,Philippines,NA,Central Visayas,7396898,152,1,790,16
2020-04-29,Philippines,NA,Central Visayas,7396898,92,2,882,18
2020-04-30,Philippines,NA,Central Visayas,7396898,431,2,1313,20
2020-05-01,Philippines,NA,Central Visayas,7396898,69,1,1382,21
2020-05-02,Philippines,NA,Central Visayas,7396898,12,1,1394,22
2020-05-03,Philippines,NA,Central Visayas,7396898,4,1,1398,23
2020-05-04,Philippines,NA,Central Visayas,7396898,121,0,1519,23
2020-05-05,Philippines,NA,Central Visayas,7396898,37,3,1556,26
2020-05-06,Philippines,NA,Central Visayas,7396898,75,0,1631,26
2020-05-07,Philippines,NA,Central Visayas,7396898,166,1,1797,27
2020-05-08,Philippines,NA,Central Visayas,7396898,54,1,1851,28
2020-05-09,Philippines,NA,Central Visayas,7396898,12,2,1863,30
2020-05-10,Philippines,NA,Central Visayas,7396898,9,1,1872,31
2020-05-11,Philippines,NA,Central Visayas,7396898,42,2,1914,33
2020-05-12,Philippines,NA,Central Visayas,7396898,34,2,1948,35
2020-05-13,Philippines,NA,Central Visayas,7396898,79,5,2027,40
2020-05-14,Philippines,NA,Central Visayas,7396898,99,3,2126,43
2020-05-15,Philippines,NA,Central Visayas,7396898,61,2,2187,45
2020-05-16,Philippines,NA,Central Visayas,7396898,19,2,2206,47
2020-05-17,Philippines,NA,Central Visayas,7396898,18,2,2224,49
2020-05-18,Philippines,NA,Central Visayas,7396898,12,2,2236,51
2020-05-19,Philippines,NA,Central Visayas,7396898,58,6,2294,57
2020-05-20,Philippines,NA,Central Visayas,7396898,104,2,2398,59
2020-05-21,Philippines,NA,Central Visayas,7396898,66,5,2464,64
2020-05-22,Philippines,NA,Central Visayas,7396898,47,4,2511,68
2020-05-23,Philippines,NA,Central Visayas,7396898,31,3,2542,71
2020-05-24,Philippines,NA,Central Visayas,7396898,41,1,2583,72
2020-05-25,Philippines,NA,Central Visayas,7396898,40,5,2623,77
2020-05-26,Philippines,NA,Central Visayas,7396898,88,1,2711,78
2020-05-27,Philippines,NA,Central Visayas,7396898,117,6,2828,84
2020-05-28,Philippines,NA,Central Visayas,7396898,95,4,2923,88
2020-05-29,Philippines,NA,Central Visayas,7396898,125,8,3048,96
2020-05-30,Philippines,NA,Central Visayas,7396898,36,3,3084,99
2020-05-31,Philippines,NA,Central Visayas,7396898,43,4,3127,103
2020-06-01,Philippines,NA,Central Visayas,7396898,79,10,3206,113
2020-06-02,Philippines,NA,Central Visayas,7396898,88,5,3294,118
2020-06-03,Philippines,NA,Central Visayas,7396898,139,9,3433,127
2020-06-04,Philippines,NA,Central Visayas,7396898,182,8,3615,135
2020-06-05,Philippines,NA,Central Visayas,7396898,257,10,3872,145
2020-06-06,Philippines,NA,Central Visayas,7396898,76,8,3948,153
2020-06-07,Philippines,NA,Central Visayas,7396898,92,13,4040,166
2020-06-08,Philippines,NA,Central Visayas,7396898,229,11,4269,177
2020-06-09,Philippines,NA,Central Visayas,7396898,266,11,4535,188
2020-06-10,Philippines,NA,Central Visayas,7396898,226,12,4761,200
2020-06-11,Philippines,NA,Central Visayas,7396898,204,21,4965,221
2020-06-12,Philippines,NA,Central Visayas,7396898,161,5,5126,226
2020-06-13,Philippines,NA,Central Visayas,7396898,97,13,5223,239
2020-06-14,Philippines,NA,Central Visayas,7396898,76,25,5299,264
2020-06-15,Philippines,NA,Central Visayas,7396898,142,11,5441,275
2020-06-16,Philippines,NA,Central Visayas,7396898,175,18,5616,293
2020-06-17,Philippines,NA,Central Visayas,7396898,334,13,5950,306
2020-06-18,Philippines,NA,Central Visayas,7396898,176,8,6126,314
2020-06-19,Philippines,NA,Central Visayas,7396898,161,18,6287,332
2020-06-20,Philippines,NA,Central Visayas,7396898,175,15,6462,347
2020-06-21,Philippines,NA,Central Visayas,7396898,131,18,6593,365
2020-06-22,Philippines,NA,Central Visayas,7396898,217,19,6810,384
2020-06-23,Philippines,NA,Central Visayas,7396898,213,19,7023,403
2020-06-24,Philippines,NA,Central Visayas,7396898,258,19,7281,422
2020-06-25,Philippines,NA,Central Visayas,7396898,319,22,7600,444
2020-06-26,Philippines,NA,Central Visayas,7396898,357,22,7957,466
2020-06-27,Philippines,NA,Central Visayas,7396898,177,20,8134,486
2020-06-28,Philippines,NA,Central Visayas,7396898,146,18,8280,504
2020-06-29,Philippines,NA,Central Visayas,7396898,453,25,8733,529
2020-06-30,Philippines,NA,Central Visayas,7396898,409,20,9142,549
2020-07-01,Philippines,NA,Central Visayas,7396898,431,22,9573,571
2020-07-02,Philippines,NA,Central Visayas,7396898,339,18,9912,589
2020-07-03,Philippines,NA,Central Visayas,7396898,354,19,10266,608
2020-07-04,Philippines,NA,Central Visayas,7396898,304,17,10570,625
2020-07-05,Philippines,NA,Central Visayas,7396898,123,24,10693,649
2020-07-06,Philippines,NA,Central Visayas,7396898,350,16,11043,665
2020-07-07,Philippines,NA,Central Visayas,7396898,343,14,11386,679
2020-07-08,Philippines,NA,Central Visayas,7396898,261,20,11647,699
2020-07-09,Philippines,NA,Central Visayas,7396898,264,17,11911,716
2020-07-10,Philippines,NA,Central Visayas,7396898,398,17,12309,733
2020-07-11,Philippines,NA,Central Visayas,7396898,202,9,12511,742
2020-07-12,Philippines,NA,Central Visayas,7396898,125,12,12636,754
2020-07-13,Philippines,NA,Central Visayas,7396898,287,19,12923,773
2020-07-14,Philippines,NA,Central Visayas,7396898,271,14,13194,787
2020-07-15,Philippines,NA,Central Visayas,7396898,341,10,13535,797
2020-07-16,Philippines,NA,Central Visayas,7396898,164,9,13699,806
2020-07-17,Philippines,NA,Central Visayas,7396898,250,7,13949,813
2020-07-18,Philippines,NA,Central Visayas,7396898,151,7,14100,820
2020-07-19,Philippines,NA,Central Visayas,7396898,75,15,14175,835
2020-07-20,Philippines,NA,Central Visayas,7396898,298,14,14473,849
2020-07-21,Philippines,NA,Central Visayas,7396898,302,11,14775,860
2020-07-22,Philippines,NA,Central Visayas,7396898,214,13,14989,873
2020-07-23,Philippines,NA,Central Visayas,7396898,151,13,15140,886
2020-07-24,Philippines,NA,Central Visayas,7396898,219,5,15359,891
2020-07-25,Philippines,NA,Central Visayas,7396898,110,8,15469,899
2020-07-26,Philippines,NA,Central Visayas,7396898,56,5,15525,904
2020-07-27,Philippines,NA,Central Visayas,7396898,217,5,15742,909
2020-07-28,Philippines,NA,Central Visayas,7396898,243,10,15985,919
2020-07-29,Philippines,NA,Central Visayas,7396898,192,5,16177,924
2020-07-30,Philippines,NA,Central Visayas,7396898,208,10,16385,934
2020-07-31,Philippines,NA,Central Visayas,7396898,79,4,16464,938
2020-08-01,Philippines,NA,Central Visayas,7396898,104,4,16568,942
2020-08-02,Philippines,NA,Central Visayas,7396898,92,10,16660,952
2020-08-03,Philippines,NA,Central Visayas,7396898,190,3,16850,955
2020-08-04,Philippines,NA,Central Visayas,7396898,114,2,16964,957
2020-08-05,Philippines,NA,Central Visayas,7396898,154,2,17118,959
2020-08-06,Philippines,NA,Central Visayas,7396898,80,4,17198,963
2020-08-07,Philippines,NA,Central Visayas,7396898,96,4,17294,967
2020-08-08,Philippines,NA,Central Visayas,7396898,47,3,17341,970
2020-08-09,Philippines,NA,Central Visayas,7396898,27,1,17368,971
2020-08-10,Philippines,NA,Central Visayas,7396898,159,2,17527,973
2020-08-11,Philippines,NA,Central Visayas,7396898,132,0,17659,973
2020-08-12,Philippines,NA,Central Visayas,7396898,101,2,17760,975
2020-08-13,Philippines,NA,Central Visayas,7396898,67,4,17827,979
2020-08-14,Philippines,NA,Central Visayas,7396898,106,1,17933,980
2020-08-15,Philippines,NA,Central Visayas,7396898,65,2,17998,982
2020-08-16,Philippines,NA,Central Visayas,7396898,30,3,18028,985
2020-08-17,Philippines,NA,Central Visayas,7396898,108,1,18136,986
2020-08-18,Philippines,NA,Central Visayas,7396898,109,0,18245,986
2020-08-19,Philippines,NA,Central Visayas,7396898,144,2,18389,988
2020-08-20,Philippines,NA,Central Visayas,7396898,83,1,18472,989
2020-08-21,Philippines,NA,Central Visayas,7396898,36,1,18508,990
2020-08-22,Philippines,NA,Central Visayas,7396898,46,1,18554,991
2020-08-23,Philippines,NA,Central Visayas,7396898,11,0,18565,991
2020-08-24,Philippines,NA,Central Visayas,7396898,67,0,18632,991
2020-08-25,Philippines,NA,Central Visayas,7396898,1,0,18633,991
2020-03-26,Philippines,NA,Cordillera Administrative Region,1722006,1,0,11,1
2020-03-27,Philippines,NA,Cordillera Administrative Region,1722006,1,0,12,1
2020-03-28,Philippines,NA,Cordillera Administrative Region,1722006,1,0,13,1
2020-03-29,Philippines,NA,Cordillera Administrative Region,1722006,1,0,14,1
2020-03-30,Philippines,NA,Cordillera Administrative Region,1722006,1,0,15,1
2020-04-03,Philippines,NA,Cordillera Administrative Region,1722006,1,0,16,1
2020-04-04,Philippines,NA,Cordillera Administrative Region,1722006,1,0,17,1
2020-04-07,Philippines,NA,Cordillera Administrative Region,1722006,2,0,19,1
2020-04-08,Philippines,NA,Cordillera Administrative Region,1722006,3,0,22,1
2020-04-09,Philippines,NA,Cordillera Administrative Region,1722006,1,0,23,1
2020-04-12,Philippines,NA,Cordillera Administrative Region,1722006,0,0,23,1
2020-04-13,Philippines,NA,Cordillera Administrative Region,1722006,1,0,24,1
2020-04-14,Philippines,NA,Cordillera Administrative Region,1722006,1,0,25,1
2020-04-16,Philippines,NA,Cordillera Administrative Region,1722006,0,0,25,1
2020-04-20,Philippines,NA,Cordillera Administrative Region,1722006,1,0,26,1
2020-04-22,Philippines,NA,Cordillera Administrative Region,1722006,3,0,29,1
2020-04-23,Philippines,NA,Cordillera Administrative Region,1722006,1,0,30,1
2020-04-24,Philippines,NA,Cordillera Administrative Region,1722006,10,0,40,1
2020-04-25,Philippines,NA,Cordillera Administrative Region,1722006,4,0,44,1
2020-04-27,Philippines,NA,Cordillera Administrative Region,1722006,0,0,44,1
2020-05-02,Philippines,NA,Cordillera Administrative Region,1722006,0,0,44,1
2020-05-03,Philippines,NA,Cordillera Administrative Region,1722006,1,0,45,1
2020-05-04,Philippines,NA,Cordillera Administrative Region,1722006,1,0,46,1
2020-05-06,Philippines,NA,Cordillera Administrative Region,1722006,0,0,46,1
2020-05-07,Philippines,NA,Cordillera Administrative Region,1722006,0,0,46,1
2020-05-08,Philippines,NA,Cordillera Administrative Region,1722006,0,0,46,1
2020-05-09,Philippines,NA,Cordillera Administrative Region,1722006,0,0,46,1
2020-05-11,Philippines,NA,Cordillera Administrative Region,1722006,0,0,46,1
2020-05-12,Philippines,NA,Cordillera Administrative Region,1722006,0,0,46,1
2020-05-14,Philippines,NA,Cordillera Administrative Region,1722006,0,0,46,1
2020-05-15,Philippines,NA,Cordillera Administrative Region,1722006,1,0,47,1
2020-05-16,Philippines,NA,Cordillera Administrative Region,1722006,1,0,48,1
2020-05-20,Philippines,NA,Cordillera Administrative Region,1722006,0,0,48,1
2020-05-21,Philippines,NA,Cordillera Administrative Region,1722006,1,0,49,1
2020-05-28,Philippines,NA,Cordillera Administrative Region,1722006,0,0,49,1
2020-05-29,Philippines,NA,Cordillera Administrative Region,1722006,3,0,52,1
2020-06-01,Philippines,NA,Cordillera Administrative Region,1722006,2,0,54,1
2020-06-02,Philippines,NA,Cordillera Administrative Region,1722006,2,0,56,1
2020-06-04,Philippines,NA,Cordillera Administrative Region,1722006,1,0,57,1
2020-06-07,Philippines,NA,Cordillera Administrative Region,1722006,1,0,58,1
2020-06-08,Philippines,NA,Cordillera Administrative Region,1722006,14,0,72,1
2020-06-09,Philippines,NA,Cordillera Administrative Region,1722006,6,0,78,1
2020-06-10,Philippines,NA,Cordillera Administrative Region,1722006,4,0,82,1
2020-06-11,Philippines,NA,Cordillera Administrative Region,1722006,8,0,90,1
2020-06-12,Philippines,NA,Cordillera Administrative Region,1722006,1,0,91,1
2020-06-13,Philippines,NA,Cordillera Administrative Region,1722006,6,0,97,1
2020-06-15,Philippines,NA,Cordillera Administrative Region,1722006,5,0,102,1
2020-06-16,Philippines,NA,Cordillera Administrative Region,1722006,1,1,103,2
2020-06-17,Philippines,NA,Cordillera Administrative Region,1722006,1,0,104,2
2020-06-22,Philippines,NA,Cordillera Administrative Region,1722006,1,0,105,2
2020-06-23,Philippines,NA,Cordillera Administrative Region,1722006,1,0,106,2
2020-06-24,Philippines,NA,Cordillera Administrative Region,1722006,2,0,108,2
2020-06-25,Philippines,NA,Cordillera Administrative Region,1722006,0,0,108,2
2020-06-26,Philippines,NA,Cordillera Administrative Region,1722006,0,0,108,2
2020-06-27,Philippines,NA,Cordillera Administrative Region,1722006,1,0,109,2
2020-06-28,Philippines,NA,Cordillera Administrative Region,1722006,2,0,111,2
2020-06-29,Philippines,NA,Cordillera Administrative Region,1722006,2,0,113,2
2020-06-30,Philippines,NA,Cordillera Administrative Region,1722006,0,0,113,2
2020-07-01,Philippines,NA,Cordillera Administrative Region,1722006,0,0,113,2
2020-07-02,Philippines,NA,Cordillera Administrative Region,1722006,3,0,116,2
2020-07-03,Philippines,NA,Cordillera Administrative Region,1722006,1,0,117,2
2020-07-04,Philippines,NA,Cordillera Administrative Region,1722006,3,0,120,2
2020-07-05,Philippines,NA,Cordillera Administrative Region,1722006,1,0,121,2
2020-07-06,Philippines,NA,Cordillera Administrative Region,1722006,1,0,122,2
2020-07-07,Philippines,NA,Cordillera Administrative Region,1722006,1,0,123,2
2020-07-08,Philippines,NA,Cordillera Administrative Region,1722006,10,0,133,2
2020-07-09,Philippines,NA,Cordillera Administrative Region,1722006,5,0,138,2
2020-07-10,Philippines,NA,Cordillera Administrative Region,1722006,2,0,140,2
2020-07-11,Philippines,NA,Cordillera Administrative Region,1722006,3,0,143,2
2020-07-13,Philippines,NA,Cordillera Administrative Region,1722006,2,0,145,2
2020-07-14,Philippines,NA,Cordillera Administrative Region,1722006,1,0,146,2
2020-07-15,Philippines,NA,Cordillera Administrative Region,1722006,3,0,149,2
2020-07-16,Philippines,NA,Cordillera Administrative Region,1722006,3,0,152,2
2020-07-17,Philippines,NA,Cordillera Administrative Region,1722006,12,0,164,2
2020-07-18,Philippines,NA,Cordillera Administrative Region,1722006,6,0,170,2
2020-07-19,Philippines,NA,Cordillera Administrative Region,1722006,2,0,172,2
2020-07-20,Philippines,NA,Cordillera Administrative Region,1722006,10,0,182,2
2020-07-21,Philippines,NA,Cordillera Administrative Region,1722006,7,0,189,2
2020-07-22,Philippines,NA,Cordillera Administrative Region,1722006,33,0,222,2
2020-07-23,Philippines,NA,Cordillera Administrative Region,1722006,28,0,250,2
2020-07-24,Philippines,NA,Cordillera Administrative Region,1722006,14,0,264,2
2020-07-25,Philippines,NA,Cordillera Administrative Region,1722006,2,0,266,2
2020-07-27,Philippines,NA,Cordillera Administrative Region,1722006,5,0,271,2
2020-07-28,Philippines,NA,Cordillera Administrative Region,1722006,16,0,287,2
2020-07-29,Philippines,NA,Cordillera Administrative Region,1722006,27,0,314,2
2020-07-30,Philippines,NA,Cordillera Administrative Region,1722006,16,1,330,3
2020-07-31,Philippines,NA,Cordillera Administrative Region,1722006,11,1,341,4
2020-08-01,Philippines,NA,Cordillera Administrative Region,1722006,9,0,350,4
2020-08-02,Philippines,NA,Cordillera Administrative Region,1722006,3,0,353,4
2020-08-03,Philippines,NA,Cordillera Administrative Region,1722006,14,0,367,4
2020-08-04,Philippines,NA,Cordillera Administrative Region,1722006,19,0,386,4
2020-08-05,Philippines,NA,Cordillera Administrative Region,1722006,12,1,398,5
2020-08-06,Philippines,NA,Cordillera Administrative Region,1722006,23,0,421,5
2020-08-07,Philippines,NA,Cordillera Administrative Region,1722006,37,1,458,6
2020-08-08,Philippines,NA,Cordillera Administrative Region,1722006,18,1,476,7
2020-08-09,Philippines,NA,Cordillera Administrative Region,1722006,1,0,477,7
2020-08-10,Philippines,NA,Cordillera Administrative Region,1722006,21,0,498,7
2020-08-11,Philippines,NA,Cordillera Administrative Region,1722006,13,0,511,7
2020-08-12,Philippines,NA,Cordillera Administrative Region,1722006,59,0,570,7
2020-08-13,Philippines,NA,Cordillera Administrative Region,1722006,10,0,580,7
2020-08-14,Philippines,NA,Cordillera Administrative Region,1722006,14,1,594,8
2020-08-15,Philippines,NA,Cordillera Administrative Region,1722006,4,1,598,9
2020-08-16,Philippines,NA,Cordillera Administrative Region,1722006,10,0,608,9
2020-08-17,Philippines,NA,Cordillera Administrative Region,1722006,28,0,636,9
2020-08-18,Philippines,NA,Cordillera Administrative Region,1722006,11,0,647,9
2020-08-19,Philippines,NA,Cordillera Administrative Region,1722006,19,0,666,9
2020-08-20,Philippines,NA,Cordillera Administrative Region,1722006,21,0,687,9
2020-08-21,Philippines,NA,Cordillera Administrative Region,1722006,34,0,721,9
2020-08-22,Philippines,NA,Cordillera Administrative Region,1722006,21,0,742,9
2020-08-23,Philippines,NA,Cordillera Administrative Region,1722006,2,0,744,9
2020-08-24,Philippines,NA,Cordillera Administrative Region,1722006,7,0,751,9
2020-03-16,Philippines,NA,Davao Region,65463,3,0,12,0
2020-03-17,Philippines,NA,Davao Region,65463,1,0,13,0
2020-03-18,Philippines,NA,Davao Region,65463,2,0,15,0
2020-03-19,Philippines,NA,Davao Region,65463,3,0,18,0
2020-03-20,Philippines,NA,Davao Region,65463,1,1,19,1
2020-03-21,Philippines,NA,Davao Region,65463,3,0,22,1
2020-03-22,Philippines,NA,Davao Region,65463,3,0,25,1
2020-03-23,Philippines,NA,Davao Region,65463,8,2,33,3
2020-03-24,Philippines,NA,Davao Region,65463,11,0,44,3
2020-03-25,Philippines,NA,Davao Region,65463,6,0,50,3
2020-03-26,Philippines,NA,Davao Region,65463,5,1,55,4
2020-03-27,Philippines,NA,Davao Region,65463,5,0,60,4
2020-03-28,Philippines,NA,Davao Region,65463,6,0,66,4
2020-03-29,Philippines,NA,Davao Region,65463,0,1,66,5
2020-03-30,Philippines,NA,Davao Region,65463,4,1,70,6
2020-03-31,Philippines,NA,Davao Region,65463,3,2,73,8
2020-04-01,Philippines,NA,Davao Region,65463,6,1,79,9
2020-04-02,Philippines,NA,Davao Region,65463,1,0,80,9
2020-04-03,Philippines,NA,Davao Region,65463,1,0,81,9
2020-04-04,Philippines,NA,Davao Region,65463,1,1,82,10
2020-04-05,Philippines,NA,Davao Region,65463,1,0,83,10
2020-04-06,Philippines,NA,Davao Region,65463,1,0,84,10
2020-04-07,Philippines,NA,Davao Region,65463,2,1,86,11
2020-04-08,Philippines,NA,Davao Region,65463,2,0,88,11
2020-04-09,Philippines,NA,Davao Region,65463,2,0,90,11
2020-04-10,Philippines,NA,Davao Region,65463,3,2,93,13
2020-04-11,Philippines,NA,Davao Region,65463,4,0,97,13
2020-04-12,Philippines,NA,Davao Region,65463,1,0,98,13
2020-04-13,Philippines,NA,Davao Region,65463,4,0,102,13
2020-04-14,Philippines,NA,Davao Region,65463,2,1,104,14
2020-04-15,Philippines,NA,Davao Region,65463,6,0,110,14
2020-04-16,Philippines,NA,Davao Region,65463,1,0,111,14
2020-04-17,Philippines,NA,Davao Region,65463,3,0,114,14
2020-04-18,Philippines,NA,Davao Region,65463,1,0,115,14
2020-04-20,Philippines,NA,Davao Region,65463,0,0,115,14
2020-04-21,Philippines,NA,Davao Region,65463,0,0,115,14
2020-04-22,Philippines,NA,Davao Region,65463,6,1,121,15
2020-04-23,Philippines,NA,Davao Region,65463,4,0,125,15
2020-04-24,Philippines,NA,Davao Region,65463,4,0,129,15
2020-04-25,Philippines,NA,Davao Region,65463,0,0,129,15
2020-04-26,Philippines,NA,Davao Region,65463,0,1,129,16
2020-04-27,Philippines,NA,Davao Region,65463,4,1,133,17
2020-04-28,Philippines,NA,Davao Region,65463,3,1,136,18
2020-04-29,Philippines,NA,Davao Region,65463,1,0,137,18
2020-04-30,Philippines,NA,Davao Region,65463,6,0,143,18
2020-05-02,Philippines,NA,Davao Region,65463,11,0,154,18
2020-05-03,Philippines,NA,Davao Region,65463,2,0,156,18
2020-05-04,Philippines,NA,Davao Region,65463,13,1,169,19
2020-05-05,Philippines,NA,Davao Region,65463,1,0,170,19
2020-05-06,Philippines,NA,Davao Region,65463,8,0,178,19
2020-05-07,Philippines,NA,Davao Region,65463,1,0,179,19
2020-05-08,Philippines,NA,Davao Region,65463,2,0,181,19
2020-05-09,Philippines,NA,Davao Region,65463,0,1,181,20
2020-05-10,Philippines,NA,Davao Region,65463,0,0,181,20
2020-05-11,Philippines,NA,Davao Region,65463,2,1,183,21
2020-05-12,Philippines,NA,Davao Region,65463,6,0,189,21
2020-05-13,Philippines,NA,Davao Region,65463,5,1,194,22
2020-05-14,Philippines,NA,Davao Region,65463,2,1,196,23
2020-05-15,Philippines,NA,Davao Region,65463,21,0,217,23
2020-05-16,Philippines,NA,Davao Region,65463,5,0,222,23
2020-05-17,Philippines,NA,Davao Region,65463,1,0,223,23
2020-05-18,Philippines,NA,Davao Region,65463,2,0,225,23
2020-05-19,Philippines,NA,Davao Region,65463,7,0,232,23
2020-05-20,Philippines,NA,Davao Region,65463,8,0,240,23
2020-05-21,Philippines,NA,Davao Region,65463,3,0,243,23
2020-05-22,Philippines,NA,Davao Region,65463,17,0,260,23
2020-05-23,Philippines,NA,Davao Region,65463,4,0,264,23
2020-05-24,Philippines,NA,Davao Region,65463,5,0,269,23
2020-05-25,Philippines,NA,Davao Region,65463,5,0,274,23
2020-05-26,Philippines,NA,Davao Region,65463,14,3,288,26
2020-05-27,Philippines,NA,Davao Region,65463,29,0,317,26
2020-05-28,Philippines,NA,Davao Region,65463,15,1,332,27
2020-05-29,Philippines,NA,Davao Region,65463,6,1,338,28
2020-05-30,Philippines,NA,Davao Region,65463,5,0,343,28
2020-05-31,Philippines,NA,Davao Region,65463,0,0,343,28
2020-06-01,Philippines,NA,Davao Region,65463,3,0,346,28
2020-06-02,Philippines,NA,Davao Region,65463,5,0,351,28
2020-06-03,Philippines,NA,Davao Region,65463,4,0,355,28
2020-06-04,Philippines,NA,Davao Region,65463,2,0,357,28
2020-06-05,Philippines,NA,Davao Region,65463,1,1,358,29
2020-06-06,Philippines,NA,Davao Region,65463,1,0,359,29
2020-06-07,Philippines,NA,Davao Region,65463,1,0,360,29
2020-06-08,Philippines,NA,Davao Region,65463,6,0,366,29
2020-06-09,Philippines,NA,Davao Region,65463,34,0,400,29
2020-06-10,Philippines,NA,Davao Region,65463,5,0,405,29
2020-06-11,Philippines,NA,Davao Region,65463,18,0,423,29
2020-06-12,Philippines,NA,Davao Region,65463,0,0,423,29
2020-06-13,Philippines,NA,Davao Region,65463,1,0,424,29
2020-06-14,Philippines,NA,Davao Region,65463,1,0,425,29
2020-06-15,Philippines,NA,Davao Region,65463,5,0,430,29
2020-06-16,Philippines,NA,Davao Region,65463,5,0,435,29
2020-06-17,Philippines,NA,Davao Region,65463,8,0,443,29
2020-06-18,Philippines,NA,Davao Region,65463,14,0,457,29
2020-06-19,Philippines,NA,Davao Region,65463,1,0,458,29
2020-06-20,Philippines,NA,Davao Region,65463,3,0,461,29
2020-06-21,Philippines,NA,Davao Region,65463,0,0,461,29
2020-06-22,Philippines,NA,Davao Region,65463,16,0,477,29
2020-06-23,Philippines,NA,Davao Region,65463,6,0,483,29
2020-06-24,Philippines,NA,Davao Region,65463,11,0,494,29
2020-06-25,Philippines,NA,Davao Region,65463,11,0,505,29
2020-06-26,Philippines,NA,Davao Region,65463,16,0,521,29
2020-06-27,Philippines,NA,Davao Region,65463,6,0,527,29
2020-06-28,Philippines,NA,Davao Region,65463,2,2,529,31
2020-06-29,Philippines,NA,Davao Region,65463,29,0,558,31
2020-06-30,Philippines,NA,Davao Region,65463,16,0,574,31
2020-07-01,Philippines,NA,Davao Region,65463,10,0,584,31
2020-07-02,Philippines,NA,Davao Region,65463,14,0,598,31
2020-07-03,Philippines,NA,Davao Region,65463,15,0,613,31
2020-07-04,Philippines,NA,Davao Region,65463,4,0,617,31
2020-07-05,Philippines,NA,Davao Region,65463,12,0,629,31
2020-07-06,Philippines,NA,Davao Region,65463,36,0,665,31
2020-07-07,Philippines,NA,Davao Region,65463,41,0,706,31
2020-07-08,Philippines,NA,Davao Region,65463,12,0,718,31
2020-07-09,Philippines,NA,Davao Region,65463,15,0,733,31
2020-07-10,Philippines,NA,Davao Region,65463,46,1,779,32
2020-07-11,Philippines,NA,Davao Region,65463,16,1,795,33
2020-07-12,Philippines,NA,Davao Region,65463,29,3,824,36
2020-07-13,Philippines,NA,Davao Region,65463,22,2,846,38
2020-07-14,Philippines,NA,Davao Region,65463,33,1,879,39
2020-07-15,Philippines,NA,Davao Region,65463,45,2,924,41
2020-07-16,Philippines,NA,Davao Region,65463,24,0,948,41
2020-07-17,Philippines,NA,Davao Region,65463,24,0,972,41
2020-07-18,Philippines,NA,Davao Region,65463,11,0,983,41
2020-07-19,Philippines,NA,Davao Region,65463,7,0,990,41
2020-07-20,Philippines,NA,Davao Region,65463,38,0,1028,41
2020-07-21,Philippines,NA,Davao Region,65463,46,0,1074,41
2020-07-22,Philippines,NA,Davao Region,65463,39,1,1113,42
2020-07-23,Philippines,NA,Davao Region,65463,27,1,1140,43
2020-07-24,Philippines,NA,Davao Region,65463,51,0,1191,43
2020-07-25,Philippines,NA,Davao Region,65463,19,0,1210,43
2020-07-26,Philippines,NA,Davao Region,65463,5,1,1215,44
2020-07-27,Philippines,NA,Davao Region,65463,68,1,1283,45
2020-07-28,Philippines,NA,Davao Region,65463,37,0,1320,45
2020-07-29,Philippines,NA,Davao Region,65463,46,1,1366,46
2020-07-30,Philippines,NA,Davao Region,65463,38,1,1404,47
2020-07-31,Philippines,NA,Davao Region,65463,14,1,1418,48
2020-08-01,Philippines,NA,Davao Region,65463,7,0,1425,48
2020-08-02,Philippines,NA,Davao Region,65463,10,4,1435,52
2020-08-03,Philippines,NA,Davao Region,65463,36,0,1471,52
2020-08-04,Philippines,NA,Davao Region,65463,45,0,1516,52
2020-08-05,Philippines,NA,Davao Region,65463,31,0,1547,52
2020-08-06,Philippines,NA,Davao Region,65463,38,0,1585,52
2020-08-07,Philippines,NA,Davao Region,65463,67,0,1652,52
2020-08-08,Philippines,NA,Davao Region,65463,24,0,1676,52
2020-08-09,Philippines,NA,Davao Region,65463,9,0,1685,52
2020-08-10,Philippines,NA,Davao Region,65463,51,0,1736,52
2020-08-11,Philippines,NA,Davao Region,65463,35,0,1771,52
2020-08-12,Philippines,NA,Davao Region,65463,40,0,1811,52
2020-08-13,Philippines,NA,Davao Region,65463,22,1,1833,53
2020-08-14,Philippines,NA,Davao Region,65463,62,1,1895,54
2020-08-15,Philippines,NA,Davao Region,65463,8,1,1903,55
2020-08-16,Philippines,NA,Davao Region,65463,5,0,1908,55
2020-08-17,Philippines,NA,Davao Region,65463,30,0,1938,55
2020-08-18,Philippines,NA,Davao Region,65463,21,1,1959,56
2020-08-19,Philippines,NA,Davao Region,65463,28,0,1987,56
2020-08-20,Philippines,NA,Davao Region,65463,25,0,2012,56
2020-08-21,Philippines,NA,Davao Region,65463,13,0,2025,56
2020-08-22,Philippines,NA,Davao Region,65463,6,1,2031,57
2020-08-23,Philippines,NA,Davao Region,65463,5,0,2036,57
2020-08-24,Philippines,NA,Davao Region,65463,6,0,2042,57
2020-08-25,Philippines,NA,Davao Region,65463,2,0,2044,57
2020-04-21,Philippines,NA,Eastern Visayas,4440150,6,0,14,0
2020-04-27,Philippines,NA,Eastern Visayas,4440150,1,0,15,0
2020-04-28,Philippines,NA,Eastern Visayas,4440150,1,0,16,0
2020-04-29,Philippines,NA,Eastern Visayas,4440150,2,0,18,0
2020-04-30,Philippines,NA,Eastern Visayas,4440150,4,0,22,0
2020-05-04,Philippines,NA,Eastern Visayas,4440150,0,0,22,0
2020-05-10,Philippines,NA,Eastern Visayas,4440150,0,0,22,0
2020-05-11,Philippines,NA,Eastern Visayas,4440150,6,0,28,0
2020-05-12,Philippines,NA,Eastern Visayas,4440150,1,0,29,0
2020-05-15,Philippines,NA,Eastern Visayas,4440150,1,0,30,0
2020-05-16,Philippines,NA,Eastern Visayas,4440150,0,0,30,0
2020-05-17,Philippines,NA,Eastern Visayas,4440150,0,0,30,0
2020-05-19,Philippines,NA,Eastern Visayas,4440150,1,0,31,0
2020-05-21,Philippines,NA,Eastern Visayas,4440150,2,0,33,0
2020-05-25,Philippines,NA,Eastern Visayas,4440150,1,0,34,0
2020-05-26,Philippines,NA,Eastern Visayas,4440150,5,0,39,0
2020-05-28,Philippines,NA,Eastern Visayas,4440150,2,0,41,0
2020-05-29,Philippines,NA,Eastern Visayas,4440150,2,0,43,0
2020-05-30,Philippines,NA,Eastern Visayas,4440150,0,0,43,0
2020-05-31,Philippines,NA,Eastern Visayas,4440150,1,0,44,0
2020-06-02,Philippines,NA,Eastern Visayas,4440150,1,0,45,0
2020-06-03,Philippines,NA,Eastern Visayas,4440150,1,0,46,0
2020-06-04,Philippines,NA,Eastern Visayas,4440150,2,0,48,0
2020-06-05,Philippines,NA,Eastern Visayas,4440150,1,0,49,0
2020-06-07,Philippines,NA,Eastern Visayas,4440150,17,0,66,0
2020-06-08,Philippines,NA,Eastern Visayas,4440150,7,0,73,0
2020-06-09,Philippines,NA,Eastern Visayas,4440150,12,0,85,0
2020-06-10,Philippines,NA,Eastern Visayas,4440150,38,0,123,0
2020-06-11,Philippines,NA,Eastern Visayas,4440150,46,0,169,0
2020-06-12,Philippines,NA,Eastern Visayas,4440150,15,0,184,0
2020-06-13,Philippines,NA,Eastern Visayas,4440150,11,0,195,0
2020-06-14,Philippines,NA,Eastern Visayas,4440150,19,1,214,1
2020-06-15,Philippines,NA,Eastern Visayas,4440150,90,0,304,1
2020-06-16,Philippines,NA,Eastern Visayas,4440150,28,0,332,1
2020-06-17,Philippines,NA,Eastern Visayas,4440150,33,0,365,1
2020-06-18,Philippines,NA,Eastern Visayas,4440150,75,0,440,1
2020-06-19,Philippines,NA,Eastern Visayas,4440150,9,0,449,1
2020-06-20,Philippines,NA,Eastern Visayas,4440150,9,0,458,1
2020-06-22,Philippines,NA,Eastern Visayas,4440150,3,0,461,1
2020-06-23,Philippines,NA,Eastern Visayas,4440150,1,0,462,1
2020-06-24,Philippines,NA,Eastern Visayas,4440150,31,1,493,2
2020-06-25,Philippines,NA,Eastern Visayas,4440150,34,0,527,2
2020-06-26,Philippines,NA,Eastern Visayas,4440150,5,0,532,2
2020-06-27,Philippines,NA,Eastern Visayas,4440150,0,0,532,2
2020-06-28,Philippines,NA,Eastern Visayas,4440150,4,0,536,2
2020-06-29,Philippines,NA,Eastern Visayas,4440150,25,0,561,2
2020-06-30,Philippines,NA,Eastern Visayas,4440150,14,0,575,2
2020-07-01,Philippines,NA,Eastern Visayas,4440150,12,0,587,2
2020-07-02,Philippines,NA,Eastern Visayas,4440150,7,0,594,2
2020-07-03,Philippines,NA,Eastern Visayas,4440150,0,0,594,2
2020-07-04,Philippines,NA,Eastern Visayas,4440150,3,0,597,2
2020-07-05,Philippines,NA,Eastern Visayas,4440150,1,0,598,2
2020-07-06,Philippines,NA,Eastern Visayas,4440150,2,0,600,2
2020-07-07,Philippines,NA,Eastern Visayas,4440150,5,0,605,2
2020-07-08,Philippines,NA,Eastern Visayas,4440150,3,0,608,2
2020-07-09,Philippines,NA,Eastern Visayas,4440150,2,0,610,2
2020-07-10,Philippines,NA,Eastern Visayas,4440150,3,0,613,2
2020-07-11,Philippines,NA,Eastern Visayas,4440150,3,0,616,2
2020-07-12,Philippines,NA,Eastern Visayas,4440150,1,0,617,2
2020-07-13,Philippines,NA,Eastern Visayas,4440150,6,0,623,2
2020-07-14,Philippines,NA,Eastern Visayas,4440150,10,0,633,2
2020-07-15,Philippines,NA,Eastern Visayas,4440150,6,0,639,2
2020-07-16,Philippines,NA,Eastern Visayas,4440150,6,0,645,2
2020-07-17,Philippines,NA,Eastern Visayas,4440150,5,0,650,2
2020-07-18,Philippines,NA,Eastern Visayas,4440150,2,0,652,2
2020-07-19,Philippines,NA,Eastern Visayas,4440150,4,0,656,2
2020-07-20,Philippines,NA,Eastern Visayas,4440150,49,0,705,2
2020-07-21,Philippines,NA,Eastern Visayas,4440150,29,0,734,2
2020-07-22,Philippines,NA,Eastern Visayas,4440150,19,0,753,2
2020-07-23,Philippines,NA,Eastern Visayas,4440150,26,0,779,2
2020-07-24,Philippines,NA,Eastern Visayas,4440150,12,0,791,2
2020-07-25,Philippines,NA,Eastern Visayas,4440150,6,0,797,2
2020-07-26,Philippines,NA,Eastern Visayas,4440150,22,0,819,2
2020-07-27,Philippines,NA,Eastern Visayas,4440150,38,0,857,2
2020-07-28,Philippines,NA,Eastern Visayas,4440150,45,0,902,2
2020-07-29,Philippines,NA,Eastern Visayas,4440150,54,0,956,2
2020-07-30,Philippines,NA,Eastern Visayas,4440150,16,0,972,2
2020-07-31,Philippines,NA,Eastern Visayas,4440150,15,0,987,2
2020-08-01,Philippines,NA,Eastern Visayas,4440150,3,0,990,2
2020-08-02,Philippines,NA,Eastern Visayas,4440150,20,0,1010,2
2020-08-03,Philippines,NA,Eastern Visayas,4440150,73,0,1083,2
2020-08-04,Philippines,NA,Eastern Visayas,4440150,73,1,1156,3
2020-08-05,Philippines,NA,Eastern Visayas,4440150,67,0,1223,3
2020-08-06,Philippines,NA,Eastern Visayas,4440150,89,0,1312,3
2020-08-07,Philippines,NA,Eastern Visayas,4440150,31,1,1343,4
2020-08-08,Philippines,NA,Eastern Visayas,4440150,18,0,1361,4
2020-08-09,Philippines,NA,Eastern Visayas,4440150,25,0,1386,4
2020-08-10,Philippines,NA,Eastern Visayas,4440150,70,1,1456,5
2020-08-11,Philippines,NA,Eastern Visayas,4440150,54,0,1510,5
2020-08-12,Philippines,NA,Eastern Visayas,4440150,59,1,1569,6
2020-08-13,Philippines,NA,Eastern Visayas,4440150,55,0,1624,6
2020-08-14,Philippines,NA,Eastern Visayas,4440150,27,0,1651,6
2020-08-15,Philippines,NA,Eastern Visayas,4440150,20,1,1671,7
2020-08-16,Philippines,NA,Eastern Visayas,4440150,93,1,1764,8
2020-08-17,Philippines,NA,Eastern Visayas,4440150,135,0,1899,8
2020-08-18,Philippines,NA,Eastern Visayas,4440150,35,0,1934,8
2020-08-19,Philippines,NA,Eastern Visayas,4440150,129,0,2063,8
2020-08-20,Philippines,NA,Eastern Visayas,4440150,103,0,2166,8
2020-08-21,Philippines,NA,Eastern Visayas,4440150,151,0,2317,8
2020-08-22,Philippines,NA,Eastern Visayas,4440150,15,0,2332,8
2020-08-23,Philippines,NA,Eastern Visayas,4440150,42,0,2374,8
2020-08-24,Philippines,NA,Eastern Visayas,4440150,57,0,2431,8
2020-03-16,Philippines,NA,Ilocos Region,5026128,5,0,14,0
2020-03-18,Philippines,NA,Ilocos Region,5026128,1,1,15,1
2020-03-20,Philippines,NA,Ilocos Region,5026128,0,1,15,2
2020-03-21,Philippines,NA,Ilocos Region,5026128,1,0,16,2
2020-03-22,Philippines,NA,Ilocos Region,5026128,3,0,19,2
2020-03-23,Philippines,NA,Ilocos Region,5026128,1,0,20,2
2020-03-24,Philippines,NA,Ilocos Region,5026128,3,2,23,4
2020-03-25,Philippines,NA,Ilocos Region,5026128,2,0,25,4
2020-03-26,Philippines,NA,Ilocos Region,5026128,6,2,31,6
2020-03-27,Philippines,NA,Ilocos Region,5026128,7,1,38,7
2020-03-28,Philippines,NA,Ilocos Region,5026128,1,2,39,9
2020-03-29,Philippines,NA,Ilocos Region,5026128,1,0,40,9
2020-03-30,Philippines,NA,Ilocos Region,5026128,1,1,41,10
2020-03-31,Philippines,NA,Ilocos Region,5026128,3,0,44,10
2020-04-01,Philippines,NA,Ilocos Region,5026128,2,2,46,12
2020-04-04,Philippines,NA,Ilocos Region,5026128,1,0,47,12
2020-04-05,Philippines,NA,Ilocos Region,5026128,1,0,48,12
2020-04-06,Philippines,NA,Ilocos Region,5026128,2,0,50,12
2020-04-07,Philippines,NA,Ilocos Region,5026128,1,0,51,12
2020-04-08,Philippines,NA,Ilocos Region,5026128,2,0,53,12
2020-04-09,Philippines,NA,Ilocos Region,5026128,1,0,54,12
2020-04-10,Philippines,NA,Ilocos Region,5026128,0,0,54,12
2020-04-12,Philippines,NA,Ilocos Region,5026128,1,0,55,12
2020-04-13,Philippines,NA,Ilocos Region,5026128,1,0,56,12
2020-04-14,Philippines,NA,Ilocos Region,5026128,0,0,56,12
2020-04-15,Philippines,NA,Ilocos Region,5026128,0,0,56,12
2020-04-16,Philippines,NA,Ilocos Region,5026128,1,0,57,12
2020-04-18,Philippines,NA,Ilocos Region,5026128,1,0,58,12
2020-04-19,Philippines,NA,Ilocos Region,5026128,0,0,58,12
2020-04-20,Philippines,NA,Ilocos Region,5026128,6,1,64,13
2020-04-21,Philippines,NA,Ilocos Region,5026128,1,0,65,13
2020-04-22,Philippines,NA,Ilocos Region,5026128,0,0,65,13
2020-04-24,Philippines,NA,Ilocos Region,5026128,2,0,67,13
2020-04-25,Philippines,NA,Ilocos Region,5026128,2,0,69,13
2020-04-27,Philippines,NA,Ilocos Region,5026128,0,0,69,13
2020-04-28,Philippines,NA,Ilocos Region,5026128,0,0,69,13
2020-05-01,Philippines,NA,Ilocos Region,5026128,0,0,69,13
2020-05-06,Philippines,NA,Ilocos Region,5026128,1,0,70,13
2020-05-07,Philippines,NA,Ilocos Region,5026128,1,0,71,13
2020-05-09,Philippines,NA,Ilocos Region,5026128,0,0,71,13
2020-05-12,Philippines,NA,Ilocos Region,5026128,0,0,71,13
2020-05-13,Philippines,NA,Ilocos Region,5026128,2,0,73,13
2020-05-15,Philippines,NA,Ilocos Region,5026128,0,0,73,13
2020-05-17,Philippines,NA,Ilocos Region,5026128,1,0,74,13
2020-05-18,Philippines,NA,Ilocos Region,5026128,1,0,75,13
2020-05-20,Philippines,NA,Ilocos Region,5026128,0,0,75,13
2020-05-21,Philippines,NA,Ilocos Region,5026128,1,0,76,13
2020-05-27,Philippines,NA,Ilocos Region,5026128,8,0,84,13
2020-05-28,Philippines,NA,Ilocos Region,5026128,5,0,89,13
2020-05-29,Philippines,NA,Ilocos Region,5026128,0,0,89,13
2020-05-30,Philippines,NA,Ilocos Region,5026128,4,0,93,13
2020-05-31,Philippines,NA,Ilocos Region,5026128,0,0,93,13
2020-06-01,Philippines,NA,Ilocos Region,5026128,1,0,94,13
2020-06-02,Philippines,NA,Ilocos Region,5026128,5,0,99,13
2020-06-03,Philippines,NA,Ilocos Region,5026128,9,0,108,13
2020-06-04,Philippines,NA,Ilocos Region,5026128,1,0,109,13
2020-06-05,Philippines,NA,Ilocos Region,5026128,1,0,110,13
2020-06-07,Philippines,NA,Ilocos Region,5026128,1,0,111,13
2020-06-08,Philippines,NA,Ilocos Region,5026128,3,0,114,13
2020-06-09,Philippines,NA,Ilocos Region,5026128,1,0,115,13
2020-06-11,Philippines,NA,Ilocos Region,5026128,4,0,119,13
2020-06-12,Philippines,NA,Ilocos Region,5026128,0,0,119,13
2020-06-15,Philippines,NA,Ilocos Region,5026128,0,0,119,13
2020-06-16,Philippines,NA,Ilocos Region,5026128,4,0,123,13
2020-06-17,Philippines,NA,Ilocos Region,5026128,2,0,125,13
2020-06-18,Philippines,NA,Ilocos Region,5026128,2,0,127,13
2020-06-19,Philippines,NA,Ilocos Region,5026128,2,0,129,13
2020-06-20,Philippines,NA,Ilocos Region,5026128,4,0,133,13
2020-06-21,Philippines,NA,Ilocos Region,5026128,1,0,134,13
2020-06-22,Philippines,NA,Ilocos Region,5026128,7,0,141,13
2020-06-23,Philippines,NA,Ilocos Region,5026128,3,0,144,13
2020-06-24,Philippines,NA,Ilocos Region,5026128,5,0,149,13
2020-06-25,Philippines,NA,Ilocos Region,5026128,5,0,154,13
2020-06-26,Philippines,NA,Ilocos Region,5026128,3,0,157,13
2020-06-27,Philippines,NA,Ilocos Region,5026128,3,0,160,13
2020-06-29,Philippines,NA,Ilocos Region,5026128,8,1,168,14
2020-06-30,Philippines,NA,Ilocos Region,5026128,2,0,170,14
2020-07-01,Philippines,NA,Ilocos Region,5026128,4,0,174,14
2020-07-02,Philippines,NA,Ilocos Region,5026128,10,0,184,14
2020-07-03,Philippines,NA,Ilocos Region,5026128,3,0,187,14
2020-07-04,Philippines,NA,Ilocos Region,5026128,4,0,191,14
2020-07-05,Philippines,NA,Ilocos Region,5026128,0,0,191,14
2020-07-07,Philippines,NA,Ilocos Region,5026128,6,0,197,14
2020-07-08,Philippines,NA,Ilocos Region,5026128,4,0,201,14
2020-07-09,Philippines,NA,Ilocos Region,5026128,6,0,207,14
2020-07-10,Philippines,NA,Ilocos Region,5026128,1,0,208,14
2020-07-11,Philippines,NA,Ilocos Region,5026128,6,0,214,14
2020-07-12,Philippines,NA,Ilocos Region,5026128,6,1,220,15
2020-07-13,Philippines,NA,Ilocos Region,5026128,1,0,221,15
2020-07-14,Philippines,NA,Ilocos Region,5026128,34,0,255,15
2020-07-15,Philippines,NA,Ilocos Region,5026128,6,0,261,15
2020-07-16,Philippines,NA,Ilocos Region,5026128,16,0,277,15
2020-07-17,Philippines,NA,Ilocos Region,5026128,23,0,300,15
2020-07-18,Philippines,NA,Ilocos Region,5026128,25,1,325,16
2020-07-19,Philippines,NA,Ilocos Region,5026128,4,1,329,17
2020-07-20,Philippines,NA,Ilocos Region,5026128,13,0,342,17
2020-07-21,Philippines,NA,Ilocos Region,5026128,19,1,361,18
2020-07-22,Philippines,NA,Ilocos Region,5026128,39,0,400,18
2020-07-23,Philippines,NA,Ilocos Region,5026128,17,0,417,18
2020-07-24,Philippines,NA,Ilocos Region,5026128,20,0,437,18
2020-07-25,Philippines,NA,Ilocos Region,5026128,21,0,458,18
2020-07-26,Philippines,NA,Ilocos Region,5026128,9,0,467,18
2020-07-27,Philippines,NA,Ilocos Region,5026128,36,1,503,19
2020-07-28,Philippines,NA,Ilocos Region,5026128,27,0,530,19
2020-07-29,Philippines,NA,Ilocos Region,5026128,21,0,551,19
2020-07-30,Philippines,NA,Ilocos Region,5026128,20,1,571,20
2020-07-31,Philippines,NA,Ilocos Region,5026128,9,1,580,21
2020-08-01,Philippines,NA,Ilocos Region,5026128,16,0,596,21
2020-08-02,Philippines,NA,Ilocos Region,5026128,19,0,615,21
2020-08-03,Philippines,NA,Ilocos Region,5026128,33,0,648,21
2020-08-04,Philippines,NA,Ilocos Region,5026128,22,0,670,21
2020-08-05,Philippines,NA,Ilocos Region,5026128,33,0,703,21
2020-08-06,Philippines,NA,Ilocos Region,5026128,22,1,725,22
2020-08-07,Philippines,NA,Ilocos Region,5026128,26,0,751,22
2020-08-08,Philippines,NA,Ilocos Region,5026128,3,0,754,22
2020-08-09,Philippines,NA,Ilocos Region,5026128,42,0,796,22
2020-08-10,Philippines,NA,Ilocos Region,5026128,37,0,833,22
2020-08-11,Philippines,NA,Ilocos Region,5026128,16,0,849,22
2020-08-12,Philippines,NA,Ilocos Region,5026128,26,1,875,23
2020-08-13,Philippines,NA,Ilocos Region,5026128,19,0,894,23
2020-08-14,Philippines,NA,Ilocos Region,5026128,24,0,918,23
2020-08-15,Philippines,NA,Ilocos Region,5026128,5,0,923,23
2020-08-16,Philippines,NA,Ilocos Region,5026128,6,1,929,24
2020-08-17,Philippines,NA,Ilocos Region,5026128,26,1,955,25
2020-08-18,Philippines,NA,Ilocos Region,5026128,16,0,971,25
2020-08-19,Philippines,NA,Ilocos Region,5026128,21,1,992,26
2020-08-20,Philippines,NA,Ilocos Region,5026128,16,0,1008,26
2020-08-21,Philippines,NA,Ilocos Region,5026128,20,0,1028,26
2020-08-22,Philippines,NA,Ilocos Region,5026128,6,0,1034,26
2020-08-23,Philippines,NA,Ilocos Region,5026128,7,0,1041,26
2020-08-24,Philippines,NA,Ilocos Region,5026128,6,0,1047,26
2020-03-05,Philippines,NA,Metro Manila,12877253,6,0,12,0
2020-03-06,Philippines,NA,Metro Manila,12877253,23,0,35,0
2020-03-07,Philippines,NA,Metro Manila,12877253,108,0,143,0
2020-03-08,Philippines,NA,Metro Manila,12877253,362,0,505,0
2020-03-09,Philippines,NA,Metro Manila,12877253,20,0,525,0
2020-03-10,Philippines,NA,Metro Manila,12877253,40,0,565,0
2020-03-11,Philippines,NA,Metro Manila,12877253,80,2,645,2
2020-03-12,Philippines,NA,Metro Manila,12877253,136,4,781,6
2020-03-13,Philippines,NA,Metro Manila,12877253,120,4,901,10
2020-03-14,Philippines,NA,Metro Manila,12877253,192,2,1093,12
2020-03-15,Philippines,NA,Metro Manila,12877253,204,6,1297,18
2020-03-16,Philippines,NA,Metro Manila,12877253,184,8,1481,26
2020-03-17,Philippines,NA,Metro Manila,12877253,204,14,1685,40
2020-03-18,Philippines,NA,Metro Manila,12877253,218,20,1903,60
2020-03-19,Philippines,NA,Metro Manila,12877253,203,22,2106,82
2020-03-20,Philippines,NA,Metro Manila,12877253,207,16,2313,98
2020-03-21,Philippines,NA,Metro Manila,12877253,236,22,2549,120
2020-03-22,Philippines,NA,Metro Manila,12877253,190,46,2739,166
2020-03-23,Philippines,NA,Metro Manila,12877253,296,52,3035,218
2020-03-24,Philippines,NA,Metro Manila,12877253,266,32,3301,250
2020-03-25,Philippines,NA,Metro Manila,12877253,296,26,3597,276
2020-03-26,Philippines,NA,Metro Manila,12877253,240,56,3837,332
2020-03-27,Philippines,NA,Metro Manila,12877253,314,62,4151,394
2020-03-28,Philippines,NA,Metro Manila,12877253,287,52,4438,446
2020-03-29,Philippines,NA,Metro Manila,12877253,238,42,4676,488
2020-03-30,Philippines,NA,Metro Manila,12877253,247,60,4923,548
2020-03-31,Philippines,NA,Metro Manila,12877253,329,40,5252,588
2020-04-01,Philippines,NA,Metro Manila,12877253,337,49,5589,637
2020-04-02,Philippines,NA,Metro Manila,12877253,425,41,6014,678
2020-04-03,Philippines,NA,Metro Manila,12877253,221,28,6235,706
2020-04-04,Philippines,NA,Metro Manila,12877253,272,36,6507,742
2020-04-05,Philippines,NA,Metro Manila,12877253,207,30,6714,772
2020-04-06,Philippines,NA,Metro Manila,12877253,359,37,7073,809
2020-04-07,Philippines,NA,Metro Manila,12877253,413,24,7486,833
2020-04-08,Philippines,NA,Metro Manila,12877253,483,32,7969,865
2020-04-09,Philippines,NA,Metro Manila,12877253,443,18,8412,883
2020-04-10,Philippines,NA,Metro Manila,12877253,392,25,8804,908
2020-04-11,Philippines,NA,Metro Manila,12877253,392,40,9196,948
2020-04-12,Philippines,NA,Metro Manila,12877253,300,30,9496,978
2020-04-13,Philippines,NA,Metro Manila,12877253,287,45,9783,1023
2020-04-14,Philippines,NA,Metro Manila,12877253,249,22,10032,1045
2020-04-15,Philippines,NA,Metro Manila,12877253,280,32,10312,1077
2020-04-16,Philippines,NA,Metro Manila,12877253,296,8,10608,1085
2020-04-17,Philippines,NA,Metro Manila,12877253,268,14,10876,1099
2020-04-18,Philippines,NA,Metro Manila,12877253,189,26,11065,1125
2020-04-19,Philippines,NA,Metro Manila,12877253,106,16,11171,1141
2020-04-20,Philippines,NA,Metro Manila,12877253,261,24,11432,1165
2020-04-21,Philippines,NA,Metro Manila,12877253,243,20,11675,1185
2020-04-22,Philippines,NA,Metro Manila,12877253,259,18,11934,1203
2020-04-23,Philippines,NA,Metro Manila,12877253,190,32,12124,1235
2020-04-24,Philippines,NA,Metro Manila,12877253,236,14,12360,1249
2020-04-25,Philippines,NA,Metro Manila,12877253,267,12,12627,1261
2020-04-26,Philippines,NA,Metro Manila,12877253,168,9,12795,1270
2020-04-27,Philippines,NA,Metro Manila,12877253,260,27,13055,1297
2020-04-28,Philippines,NA,Metro Manila,12877253,287,2,13342,1299
2020-04-29,Philippines,NA,Metro Manila,12877253,295,10,13637,1309
2020-04-30,Philippines,NA,Metro Manila,12877253,303,14,13940,1323
2020-05-01,Philippines,NA,Metro Manila,12877253,218,6,14158,1329
2020-05-02,Philippines,NA,Metro Manila,12877253,123,20,14281,1349
2020-05-03,Philippines,NA,Metro Manila,12877253,119,8,14400,1357
2020-05-04,Philippines,NA,Metro Manila,12877253,296,11,14696,1368
2020-05-05,Philippines,NA,Metro Manila,12877253,354,12,15050,1380
2020-05-06,Philippines,NA,Metro Manila,12877253,348,18,15398,1398
2020-05-07,Philippines,NA,Metro Manila,12877253,274,10,15672,1408
2020-05-08,Philippines,NA,Metro Manila,12877253,534,16,16206,1424
2020-05-09,Philippines,NA,Metro Manila,12877253,164,17,16370,1441
2020-05-10,Philippines,NA,Metro Manila,12877253,168,8,16538,1449
2020-05-11,Philippines,NA,Metro Manila,12877253,348,21,16886,1470
2020-05-12,Philippines,NA,Metro Manila,12877253,323,8,17209,1478
2020-05-13,Philippines,NA,Metro Manila,12877253,248,9,17457,1487
2020-05-14,Philippines,NA,Metro Manila,12877253,399,18,17856,1505
2020-05-15,Philippines,NA,Metro Manila,12877253,371,12,18227,1517
2020-05-16,Philippines,NA,Metro Manila,12877253,211,12,18438,1529
2020-05-17,Philippines,NA,Metro Manila,12877253,163,4,18601,1533
2020-05-18,Philippines,NA,Metro Manila,12877253,438,2,19039,1535
2020-05-19,Philippines,NA,Metro Manila,12877253,503,17,19542,1552
2020-05-20,Philippines,NA,Metro Manila,12877253,479,8,20021,1560
2020-05-21,Philippines,NA,Metro Manila,12877253,431,6,20452,1566
2020-05-22,Philippines,NA,Metro Manila,12877253,469,22,20921,1588
2020-05-23,Philippines,NA,Metro Manila,12877253,286,10,21207,1598
2020-05-24,Philippines,NA,Metro Manila,12877253,119,4,21326,1602
2020-05-25,Philippines,NA,Metro Manila,12877253,234,8,21560,1610
2020-05-26,Philippines,NA,Metro Manila,12877253,404,8,21964,1618
2020-05-27,Philippines,NA,Metro Manila,12877253,469,4,22433,1622
2020-05-28,Philippines,NA,Metro Manila,12877253,462,6,22895,1628
2020-05-29,Philippines,NA,Metro Manila,12877253,330,8,23225,1636
2020-05-30,Philippines,NA,Metro Manila,12877253,209,4,23434,1640
2020-05-31,Philippines,NA,Metro Manila,12877253,126,2,23560,1642
2020-06-01,Philippines,NA,Metro Manila,12877253,397,6,23957,1648
2020-06-02,Philippines,NA,Metro Manila,12877253,410,9,24367,1657
2020-06-03,Philippines,NA,Metro Manila,12877253,471,6,24838,1663
2020-06-04,Philippines,NA,Metro Manila,12877253,482,6,25320,1669
2020-06-05,Philippines,NA,Metro Manila,12877253,374,12,25694,1681
2020-06-06,Philippines,NA,Metro Manila,12877253,216,4,25910,1685
2020-06-07,Philippines,NA,Metro Manila,12877253,160,6,26070,1691
2020-06-08,Philippines,NA,Metro Manila,12877253,764,12,26834,1703
2020-06-09,Philippines,NA,Metro Manila,12877253,511,8,27345,1711
2020-06-10,Philippines,NA,Metro Manila,12877253,473,15,27818,1726
2020-06-11,Philippines,NA,Metro Manila,12877253,672,4,28490,1730
2020-06-12,Philippines,NA,Metro Manila,12877253,280,6,28770,1736
2020-06-13,Philippines,NA,Metro Manila,12877253,278,14,29048,1750
2020-06-14,Philippines,NA,Metro Manila,12877253,270,15,29318,1765
2020-06-15,Philippines,NA,Metro Manila,12877253,734,8,30052,1773
2020-06-16,Philippines,NA,Metro Manila,12877253,569,12,30621,1785
2020-06-17,Philippines,NA,Metro Manila,12877253,636,18,31257,1803
2020-06-18,Philippines,NA,Metro Manila,12877253,722,6,31979,1809
2020-06-19,Philippines,NA,Metro Manila,12877253,771,4,32750,1813
2020-06-20,Philippines,NA,Metro Manila,12877253,727,12,33477,1825
2020-06-21,Philippines,NA,Metro Manila,12877253,318,10,33795,1835
2020-06-22,Philippines,NA,Metro Manila,12877253,946,16,34741,1851
2020-06-23,Philippines,NA,Metro Manila,12877253,928,14,35669,1865
2020-06-24,Philippines,NA,Metro Manila,12877253,1056,9,36725,1874
2020-06-25,Philippines,NA,Metro Manila,12877253,1462,10,38187,1884
2020-06-26,Philippines,NA,Metro Manila,12877253,966,7,39153,1891
2020-06-27,Philippines,NA,Metro Manila,12877253,727,12,39880,1903
2020-06-28,Philippines,NA,Metro Manila,12877253,543,7,40423,1910
2020-06-29,Philippines,NA,Metro Manila,12877253,1890,8,42313,1918
2020-06-30,Philippines,NA,Metro Manila,12877253,1960,15,44273,1933
2020-07-01,Philippines,NA,Metro Manila,12877253,1960,13,46233,1946
2020-07-02,Philippines,NA,Metro Manila,12877253,1845,11,48078,1957
2020-07-03,Philippines,NA,Metro Manila,12877253,1931,12,50009,1969
2020-07-04,Philippines,NA,Metro Manila,12877253,1190,14,51199,1983
2020-07-05,Philippines,NA,Metro Manila,12877253,933,10,52132,1993
2020-07-06,Philippines,NA,Metro Manila,12877253,2321,6,54453,1999
2020-07-07,Philippines,NA,Metro Manila,12877253,2336,14,56789,2013
2020-07-08,Philippines,NA,Metro Manila,12877253,2346,6,59135,2019
2020-07-09,Philippines,NA,Metro Manila,12877253,3192,2,62327,2021
2020-07-10,Philippines,NA,Metro Manila,12877253,2473,8,64800,2029
2020-07-11,Philippines,NA,Metro Manila,12877253,2016,12,66816,2041
2020-07-12,Philippines,NA,Metro Manila,12877253,1265,14,68081,2055
2020-07-13,Philippines,NA,Metro Manila,12877253,2745,12,70826,2067
2020-07-14,Philippines,NA,Metro Manila,12877253,2520,16,73346,2083
2020-07-15,Philippines,NA,Metro Manila,12877253,3351,12,76697,2095
2020-07-16,Philippines,NA,Metro Manila,12877253,3557,20,80254,2115
2020-07-17,Philippines,NA,Metro Manila,12877253,4003,25,84257,2140
2020-07-18,Philippines,NA,Metro Manila,12877253,2328,39,86585,2179
2020-07-19,Philippines,NA,Metro Manila,12877253,1208,12,87793,2191
2020-07-20,Philippines,NA,Metro Manila,12877253,3473,8,91266,2199
2020-07-21,Philippines,NA,Metro Manila,12877253,4032,15,95298,2214
2020-07-22,Philippines,NA,Metro Manila,12877253,4391,29,99689,2243
2020-07-23,Philippines,NA,Metro Manila,12877253,4273,25,103962,2268
2020-07-24,Philippines,NA,Metro Manila,12877253,4336,33,108298,2301
2020-07-25,Philippines,NA,Metro Manila,12877253,2489,15,110787,2316
2020-07-26,Philippines,NA,Metro Manila,12877253,1478,14,112265,2330
2020-07-27,Philippines,NA,Metro Manila,12877253,5041,31,117306,2361
2020-07-28,Philippines,NA,Metro Manila,12877253,4189,34,121495,2395
2020-07-29,Philippines,NA,Metro Manila,12877253,3763,28,125258,2423
2020-07-30,Philippines,NA,Metro Manila,12877253,4023,29,129281,2452
2020-07-31,Philippines,NA,Metro Manila,12877253,3063,22,132344,2474
2020-08-01,Philippines,NA,Metro Manila,12877253,1924,34,134268,2508
2020-08-02,Philippines,NA,Metro Manila,12877253,1270,28,135538,2536
2020-08-03,Philippines,NA,Metro Manila,12877253,4251,22,139789,2558
2020-08-04,Philippines,NA,Metro Manila,12877253,4617,32,144406,2590
2020-08-05,Philippines,NA,Metro Manila,12877253,4016,34,148422,2624
2020-08-06,Philippines,NA,Metro Manila,12877253,4855,44,153277,2668
2020-08-07,Philippines,NA,Metro Manila,12877253,4693,34,157970,2702
2020-08-08,Philippines,NA,Metro Manila,12877253,2750,16,160720,2718
2020-08-09,Philippines,NA,Metro Manila,12877253,1660,30,162380,2748
2020-08-10,Philippines,NA,Metro Manila,12877253,4946,26,167326,2774
2020-08-11,Philippines,NA,Metro Manila,12877253,5161,46,172487,2820
2020-08-12,Philippines,NA,Metro Manila,12877253,4864,36,177351,2856
2020-08-13,Philippines,NA,Metro Manila,12877253,4060,32,181411,2888
2020-08-14,Philippines,NA,Metro Manila,12877253,4093,24,185504,2912
2020-08-15,Philippines,NA,Metro Manila,12877253,1910,24,187414,2936
2020-08-16,Philippines,NA,Metro Manila,12877253,1188,24,188602,2960
2020-08-17,Philippines,NA,Metro Manila,12877253,4475,18,193077,2978
2020-08-18,Philippines,NA,Metro Manila,12877253,4010,14,197087,2992
2020-08-19,Philippines,NA,Metro Manila,12877253,3760,14,200847,3006
2020-08-20,Philippines,NA,Metro Manila,12877253,3442,14,204289,3020
2020-08-21,Philippines,NA,Metro Manila,12877253,2652,2,206941,3022
2020-08-22,Philippines,NA,Metro Manila,12877253,1442,6,208383,3028
2020-08-23,Philippines,NA,Metro Manila,12877253,448,0,208831,3028
2020-08-24,Philippines,NA,Metro Manila,12877253,314,8,209145,3036
2020-08-25,Philippines,NA,Metro Manila,12877253,30,0,209175,3036
2020-03-24,Philippines,NA,Mimaropa,2963360,3,0,12,1
2020-04-02,Philippines,NA,Mimaropa,2963360,1,0,13,1
2020-04-05,Philippines,NA,Mimaropa,2963360,1,0,14,1
2020-04-06,Philippines,NA,Mimaropa,2963360,2,0,16,1
2020-04-07,Philippines,NA,Mimaropa,2963360,1,1,17,2
2020-04-08,Philippines,NA,Mimaropa,2963360,2,0,19,2
2020-04-09,Philippines,NA,Mimaropa,2963360,1,0,20,2
2020-04-10,Philippines,NA,Mimaropa,2963360,1,0,21,2
2020-04-11,Philippines,NA,Mimaropa,2963360,0,0,21,2
2020-04-12,Philippines,NA,Mimaropa,2963360,0,0,21,2
2020-04-13,Philippines,NA,Mimaropa,2963360,1,0,22,2
2020-04-14,Philippines,NA,Mimaropa,2963360,3,0,25,2
2020-04-15,Philippines,NA,Mimaropa,2963360,1,0,26,2
2020-04-16,Philippines,NA,Mimaropa,2963360,1,0,27,2
2020-04-18,Philippines,NA,Mimaropa,2963360,1,0,28,2
2020-04-19,Philippines,NA,Mimaropa,2963360,1,0,29,2
2020-04-20,Philippines,NA,Mimaropa,2963360,1,0,30,2
2020-04-21,Philippines,NA,Mimaropa,2963360,0,1,30,3
2020-04-23,Philippines,NA,Mimaropa,2963360,0,0,30,3
2020-04-24,Philippines,NA,Mimaropa,2963360,1,0,31,3
2020-04-26,Philippines,NA,Mimaropa,2963360,0,0,31,3
2020-04-29,Philippines,NA,Mimaropa,2963360,1,0,32,3
2020-04-30,Philippines,NA,Mimaropa,2963360,4,0,36,3
2020-05-02,Philippines,NA,Mimaropa,2963360,1,0,37,3
2020-05-04,Philippines,NA,Mimaropa,2963360,0,0,37,3
2020-05-05,Philippines,NA,Mimaropa,2963360,2,0,39,3
2020-05-06,Philippines,NA,Mimaropa,2963360,0,1,39,4
2020-05-07,Philippines,NA,Mimaropa,2963360,0,0,39,4
2020-05-10,Philippines,NA,Mimaropa,2963360,1,0,40,4
2020-05-11,Philippines,NA,Mimaropa,2963360,0,0,40,4
2020-05-12,Philippines,NA,Mimaropa,2963360,1,0,41,4
2020-05-13,Philippines,NA,Mimaropa,2963360,0,0,41,4
2020-05-14,Philippines,NA,Mimaropa,2963360,1,0,42,4
2020-05-15,Philippines,NA,Mimaropa,2963360,1,0,43,4
2020-05-16,Philippines,NA,Mimaropa,2963360,1,0,44,4
2020-05-19,Philippines,NA,Mimaropa,2963360,2,0,46,4
2020-05-20,Philippines,NA,Mimaropa,2963360,1,0,47,4
2020-05-21,Philippines,NA,Mimaropa,2963360,3,0,50,4
2020-05-24,Philippines,NA,Mimaropa,2963360,14,0,64,4
2020-05-25,Philippines,NA,Mimaropa,2963360,6,0,70,4
2020-05-27,Philippines,NA,Mimaropa,2963360,2,0,72,4
2020-05-28,Philippines,NA,Mimaropa,2963360,3,0,75,4
2020-05-29,Philippines,NA,Mimaropa,2963360,1,0,76,4
2020-06-01,Philippines,NA,Mimaropa,2963360,2,0,78,4
2020-06-04,Philippines,NA,Mimaropa,2963360,1,0,79,4
2020-06-06,Philippines,NA,Mimaropa,2963360,2,0,81,4
2020-06-07,Philippines,NA,Mimaropa,2963360,1,0,82,4
2020-06-08,Philippines,NA,Mimaropa,2963360,0,0,82,4
2020-06-09,Philippines,NA,Mimaropa,2963360,1,0,83,4
2020-06-12,Philippines,NA,Mimaropa,2963360,0,0,83,4
2020-06-13,Philippines,NA,Mimaropa,2963360,0,0,83,4
2020-06-14,Philippines,NA,Mimaropa,2963360,2,0,85,4
2020-06-15,Philippines,NA,Mimaropa,2963360,4,0,89,4
2020-06-16,Philippines,NA,Mimaropa,2963360,2,0,91,4
2020-06-17,Philippines,NA,Mimaropa,2963360,6,0,97,4
2020-06-18,Philippines,NA,Mimaropa,2963360,1,0,98,4
2020-06-19,Philippines,NA,Mimaropa,2963360,1,0,99,4
2020-06-20,Philippines,NA,Mimaropa,2963360,3,1,102,5
2020-06-22,Philippines,NA,Mimaropa,2963360,6,0,108,5
2020-06-23,Philippines,NA,Mimaropa,2963360,8,0,116,5
2020-06-24,Philippines,NA,Mimaropa,2963360,2,0,118,5
2020-06-25,Philippines,NA,Mimaropa,2963360,2,0,120,5
2020-06-26,Philippines,NA,Mimaropa,2963360,3,0,123,5
2020-06-27,Philippines,NA,Mimaropa,2963360,2,0,125,5
2020-06-28,Philippines,NA,Mimaropa,2963360,2,0,127,5
2020-06-29,Philippines,NA,Mimaropa,2963360,8,0,135,5
2020-06-30,Philippines,NA,Mimaropa,2963360,3,0,138,5
2020-07-01,Philippines,NA,Mimaropa,2963360,3,0,141,5
2020-07-02,Philippines,NA,Mimaropa,2963360,4,0,145,5
2020-07-03,Philippines,NA,Mimaropa,2963360,3,0,148,5
2020-07-04,Philippines,NA,Mimaropa,2963360,4,0,152,5
2020-07-05,Philippines,NA,Mimaropa,2963360,2,0,154,5
2020-07-06,Philippines,NA,Mimaropa,2963360,4,0,158,5
2020-07-07,Philippines,NA,Mimaropa,2963360,3,0,161,5
2020-07-08,Philippines,NA,Mimaropa,2963360,7,0,168,5
2020-07-09,Philippines,NA,Mimaropa,2963360,3,0,171,5
2020-07-10,Philippines,NA,Mimaropa,2963360,2,0,173,5
2020-07-12,Philippines,NA,Mimaropa,2963360,5,0,178,5
2020-07-13,Philippines,NA,Mimaropa,2963360,4,0,182,5
2020-07-14,Philippines,NA,Mimaropa,2963360,8,0,190,5
2020-07-15,Philippines,NA,Mimaropa,2963360,4,0,194,5
2020-07-16,Philippines,NA,Mimaropa,2963360,6,0,200,5
2020-07-17,Philippines,NA,Mimaropa,2963360,20,0,220,5
2020-07-18,Philippines,NA,Mimaropa,2963360,8,0,228,5
2020-07-19,Philippines,NA,Mimaropa,2963360,0,0,228,5
2020-07-20,Philippines,NA,Mimaropa,2963360,5,1,233,6
2020-07-21,Philippines,NA,Mimaropa,2963360,5,0,238,6
2020-07-22,Philippines,NA,Mimaropa,2963360,19,0,257,6
2020-07-23,Philippines,NA,Mimaropa,2963360,6,0,263,6
2020-07-24,Philippines,NA,Mimaropa,2963360,7,0,270,6
2020-07-25,Philippines,NA,Mimaropa,2963360,2,0,272,6
2020-07-26,Philippines,NA,Mimaropa,2963360,8,0,280,6
2020-07-27,Philippines,NA,Mimaropa,2963360,12,0,292,6
2020-07-28,Philippines,NA,Mimaropa,2963360,20,0,312,6
2020-07-29,Philippines,NA,Mimaropa,2963360,9,0,321,6
2020-07-30,Philippines,NA,Mimaropa,2963360,15,0,336,6
2020-07-31,Philippines,NA,Mimaropa,2963360,2,0,338,6
2020-08-01,Philippines,NA,Mimaropa,2963360,17,0,355,6
2020-08-02,Philippines,NA,Mimaropa,2963360,4,0,359,6
2020-08-03,Philippines,NA,Mimaropa,2963360,26,0,385,6
2020-08-04,Philippines,NA,Mimaropa,2963360,12,0,397,6
2020-08-05,Philippines,NA,Mimaropa,2963360,25,0,422,6
2020-08-06,Philippines,NA,Mimaropa,2963360,18,0,440,6
2020-08-07,Philippines,NA,Mimaropa,2963360,15,0,455,6
2020-08-08,Philippines,NA,Mimaropa,2963360,6,0,461,6
2020-08-09,Philippines,NA,Mimaropa,2963360,43,0,504,6
2020-08-10,Philippines,NA,Mimaropa,2963360,14,0,518,6
2020-08-11,Philippines,NA,Mimaropa,2963360,14,0,532,6
2020-08-12,Philippines,NA,Mimaropa,2963360,10,0,542,6
2020-08-13,Philippines,NA,Mimaropa,2963360,11,0,553,6
2020-08-14,Philippines,NA,Mimaropa,2963360,8,0,561,6
2020-08-15,Philippines,NA,Mimaropa,2963360,17,0,578,6
2020-08-16,Philippines,NA,Mimaropa,2963360,3,0,581,6
2020-08-17,Philippines,NA,Mimaropa,2963360,20,0,601,6
2020-08-18,Philippines,NA,Mimaropa,2963360,22,1,623,7
2020-08-19,Philippines,NA,Mimaropa,2963360,21,0,644,7
2020-08-20,Philippines,NA,Mimaropa,2963360,4,0,648,7
2020-08-21,Philippines,NA,Mimaropa,2963360,5,0,653,7
2020-08-22,Philippines,NA,Mimaropa,2963360,3,0,656,7
2020-08-23,Philippines,NA,Mimaropa,2963360,1,0,657,7
2020-04-28,Philippines,NA,Northern Mindanao,4689302,1,0,11,4
2020-04-29,Philippines,NA,Northern Mindanao,4689302,1,0,12,5
2020-04-30,Philippines,NA,Northern Mindanao,4689302,2,0,14,5
2020-05-01,Philippines,NA,Northern Mindanao,4689302,1,0,15,6
2020-05-03,Philippines,NA,Northern Mindanao,4689302,1,0,16,6
2020-05-05,Philippines,NA,Northern Mindanao,4689302,0,1,16,6
2020-05-06,Philippines,NA,Northern Mindanao,4689302,0,1,16,6
2020-05-08,Philippines,NA,Northern Mindanao,4689302,1,0,17,7
2020-05-09,Philippines,NA,Northern Mindanao,4689302,0,0,17,7
2020-05-15,Philippines,NA,Northern Mindanao,4689302,2,1,19,7
2020-05-18,Philippines,NA,Northern Mindanao,4689302,0,0,19,7
2020-05-21,Philippines,NA,Northern Mindanao,4689302,2,0,21,8
2020-05-23,Philippines,NA,Northern Mindanao,4689302,1,0,22,9
2020-05-24,Philippines,NA,Northern Mindanao,4689302,1,0,23,9
2020-05-25,Philippines,NA,Northern Mindanao,4689302,3,0,26,9
2020-05-29,Philippines,NA,Northern Mindanao,4689302,1,0,27,9
2020-05-30,Philippines,NA,Northern Mindanao,4689302,1,0,28,9
2020-06-01,Philippines,NA,Northern Mindanao,4689302,1,0,29,9
2020-06-03,Philippines,NA,Northern Mindanao,4689302,1,0,30,9
2020-06-04,Philippines,NA,Northern Mindanao,4689302,3,0,33,9
2020-06-05,Philippines,NA,Northern Mindanao,4689302,3,0,36,9
2020-06-07,Philippines,NA,Northern Mindanao,4689302,1,1,37,10
2020-06-08,Philippines,NA,Northern Mindanao,4689302,2,0,39,10
2020-06-09,Philippines,NA,Northern Mindanao,4689302,5,0,44,10
2020-06-10,Philippines,NA,Northern Mindanao,4689302,2,0,46,10
2020-06-11,Philippines,NA,Northern Mindanao,4689302,3,0,49,10
2020-06-12,Philippines,NA,Northern Mindanao,4689302,6,0,55,10
2020-06-13,Philippines,NA,Northern Mindanao,4689302,5,0,60,10
2020-06-14,Philippines,NA,Northern Mindanao,4689302,4,0,64,10
2020-06-15,Philippines,NA,Northern Mindanao,4689302,4,0,68,10
2020-06-16,Philippines,NA,Northern Mindanao,4689302,3,0,71,10
2020-06-17,Philippines,NA,Northern Mindanao,4689302,6,0,77,10
2020-06-18,Philippines,NA,Northern Mindanao,4689302,1,0,78,10
2020-06-19,Philippines,NA,Northern Mindanao,4689302,6,0,84,10
2020-06-20,Philippines,NA,Northern Mindanao,4689302,7,0,91,10
2020-06-21,Philippines,NA,Northern Mindanao,4689302,13,0,104,10
2020-06-22,Philippines,NA,Northern Mindanao,4689302,3,0,107,10
2020-06-23,Philippines,NA,Northern Mindanao,4689302,9,0,116,10
2020-06-24,Philippines,NA,Northern Mindanao,4689302,13,0,129,10
2020-06-25,Philippines,NA,Northern Mindanao,4689302,9,0,138,10
2020-06-26,Philippines,NA,Northern Mindanao,4689302,12,0,150,10
2020-06-27,Philippines,NA,Northern Mindanao,4689302,5,0,155,10
2020-06-28,Philippines,NA,Northern Mindanao,4689302,16,0,171,10
2020-06-29,Philippines,NA,Northern Mindanao,4689302,14,0,185,10
2020-06-30,Philippines,NA,Northern Mindanao,4689302,32,0,217,10
2020-07-01,Philippines,NA,Northern Mindanao,4689302,16,0,233,10
2020-07-02,Philippines,NA,Northern Mindanao,4689302,25,0,258,10
2020-07-03,Philippines,NA,Northern Mindanao,4689302,16,0,274,10
2020-07-04,Philippines,NA,Northern Mindanao,4689302,7,0,281,10
2020-07-05,Philippines,NA,Northern Mindanao,4689302,12,0,293,10
2020-07-06,Philippines,NA,Northern Mindanao,4689302,19,0,312,10
2020-07-07,Philippines,NA,Northern Mindanao,4689302,11,0,323,10
2020-07-08,Philippines,NA,Northern Mindanao,4689302,15,0,338,10
2020-07-09,Philippines,NA,Northern Mindanao,4689302,17,0,355,10
2020-07-10,Philippines,NA,Northern Mindanao,4689302,23,0,378,10
2020-07-11,Philippines,NA,Northern Mindanao,4689302,9,1,387,11
2020-07-12,Philippines,NA,Northern Mindanao,4689302,14,0,401,11
2020-07-13,Philippines,NA,Northern Mindanao,4689302,13,0,414,11
2020-07-14,Philippines,NA,Northern Mindanao,4689302,20,1,434,12
2020-07-15,Philippines,NA,Northern Mindanao,4689302,10,0,444,12
2020-07-16,Philippines,NA,Northern Mindanao,4689302,17,0,461,12
2020-07-17,Philippines,NA,Northern Mindanao,4689302,19,0,480,12
2020-07-18,Philippines,NA,Northern Mindanao,4689302,7,0,487,12
2020-07-19,Philippines,NA,Northern Mindanao,4689302,3,0,490,12
2020-07-20,Philippines,NA,Northern Mindanao,4689302,10,0,500,12
2020-07-21,Philippines,NA,Northern Mindanao,4689302,14,0,514,12
2020-07-22,Philippines,NA,Northern Mindanao,4689302,15,0,529,12
2020-07-23,Philippines,NA,Northern Mindanao,4689302,15,0,544,12
2020-07-24,Philippines,NA,Northern Mindanao,4689302,11,0,555,12
2020-07-25,Philippines,NA,Northern Mindanao,4689302,12,0,567,12
2020-07-26,Philippines,NA,Northern Mindanao,4689302,9,0,576,12
2020-07-27,Philippines,NA,Northern Mindanao,4689302,30,0,606,12
2020-07-28,Philippines,NA,Northern Mindanao,4689302,16,0,622,12
2020-07-29,Philippines,NA,Northern Mindanao,4689302,29,0,651,12
2020-07-30,Philippines,NA,Northern Mindanao,4689302,15,0,666,12
2020-07-31,Philippines,NA,Northern Mindanao,4689302,36,0,702,12
2020-08-01,Philippines,NA,Northern Mindanao,4689302,23,0,725,12
2020-08-02,Philippines,NA,Northern Mindanao,4689302,12,0,737,12
2020-08-03,Philippines,NA,Northern Mindanao,4689302,20,0,757,12
2020-08-04,Philippines,NA,Northern Mindanao,4689302,19,1,776,13
2020-08-05,Philippines,NA,Northern Mindanao,4689302,31,0,807,13
2020-08-06,Philippines,NA,Northern Mindanao,4689302,27,0,834,13
2020-08-07,Philippines,NA,Northern Mindanao,4689302,42,0,876,13
2020-08-08,Philippines,NA,Northern Mindanao,4689302,26,0,902,13
2020-08-09,Philippines,NA,Northern Mindanao,4689302,8,0,910,13
2020-08-10,Philippines,NA,Northern Mindanao,4689302,40,0,950,13
2020-08-11,Philippines,NA,Northern Mindanao,4689302,37,1,987,14
2020-08-12,Philippines,NA,Northern Mindanao,4689302,30,0,1017,14
2020-08-13,Philippines,NA,Northern Mindanao,4689302,35,1,1052,15
2020-08-14,Philippines,NA,Northern Mindanao,4689302,56,0,1108,15
2020-08-15,Philippines,NA,Northern Mindanao,4689302,38,1,1146,16
2020-08-16,Philippines,NA,Northern Mindanao,4689302,26,0,1172,16
2020-08-17,Philippines,NA,Northern Mindanao,4689302,23,0,1195,16
2020-08-18,Philippines,NA,Northern Mindanao,4689302,26,0,1221,16
2020-08-19,Philippines,NA,Northern Mindanao,4689302,29,0,1250,16
2020-08-20,Philippines,NA,Northern Mindanao,4689302,45,1,1295,17
2020-08-21,Philippines,NA,Northern Mindanao,4689302,29,0,1324,17
2020-08-22,Philippines,NA,Northern Mindanao,4689302,18,0,1342,17
2020-08-23,Philippines,NA,Northern Mindanao,4689302,21,0,1363,17
2020-08-24,Philippines,NA,Northern Mindanao,4689302,6,0,1369,17
2020-03-27,Philippines,NA,Soccsksargen,4245838,1,0,11,1
2020-03-28,Philippines,NA,Soccsksargen,4245838,1,0,12,1
2020-03-29,Philippines,NA,Soccsksargen,4245838,1,0,13,1
2020-03-31,Philippines,NA,Soccsksargen,4245838,1,0,14,1
2020-04-09,Philippines,NA,Soccsksargen,4245838,0,0,14,1
2020-04-12,Philippines,NA,Soccsksargen,4245838,0,0,14,1
2020-04-13,Philippines,NA,Soccsksargen,4245838,0,0,14,1
2020-04-15,Philippines,NA,Soccsksargen,4245838,0,0,14,1
2020-04-16,Philippines,NA,Soccsksargen,4245838,0,0,14,1
2020-04-22,Philippines,NA,Soccsksargen,4245838,0,0,14,1
2020-04-23,Philippines,NA,Soccsksargen,4245838,0,0,14,1
2020-04-29,Philippines,NA,Soccsksargen,4245838,1,0,15,1
2020-05-03,Philippines,NA,Soccsksargen,4245838,1,0,16,1
2020-05-05,Philippines,NA,Soccsksargen,4245838,1,0,17,1
2020-05-07,Philippines,NA,Soccsksargen,4245838,1,0,18,1
2020-05-12,Philippines,NA,Soccsksargen,4245838,2,0,20,1
2020-05-13,Philippines,NA,Soccsksargen,4245838,1,0,21,1
2020-05-14,Philippines,NA,Soccsksargen,4245838,2,0,23,1
2020-05-16,Philippines,NA,Soccsksargen,4245838,1,0,24,1
2020-05-22,Philippines,NA,Soccsksargen,4245838,0,0,24,1
2020-05-29,Philippines,NA,Soccsksargen,4245838,1,0,25,1
2020-05-30,Philippines,NA,Soccsksargen,4245838,0,0,25,1
2020-05-31,Philippines,NA,Soccsksargen,4245838,0,0,25,1
2020-06-01,Philippines,NA,Soccsksargen,4245838,1,0,26,1
2020-06-03,Philippines,NA,Soccsksargen,4245838,0,0,26,1
2020-06-05,Philippines,NA,Soccsksargen,4245838,1,0,27,1
2020-06-06,Philippines,NA,Soccsksargen,4245838,1,0,28,1
2020-06-08,Philippines,NA,Soccsksargen,4245838,3,0,31,1
2020-06-09,Philippines,NA,Soccsksargen,4245838,1,0,32,1
2020-06-10,Philippines,NA,Soccsksargen,4245838,2,0,34,1
2020-06-11,Philippines,NA,Soccsksargen,4245838,1,0,35,1
2020-06-12,Philippines,NA,Soccsksargen,4245838,1,0,36,1
2020-06-13,Philippines,NA,Soccsksargen,4245838,1,0,37,1
2020-06-14,Philippines,NA,Soccsksargen,4245838,1,0,38,1
2020-06-15,Philippines,NA,Soccsksargen,4245838,2,0,40,1
2020-06-17,Philippines,NA,Soccsksargen,4245838,3,0,43,1
2020-06-18,Philippines,NA,Soccsksargen,4245838,3,0,46,1
2020-06-19,Philippines,NA,Soccsksargen,4245838,1,0,47,1
2020-06-20,Philippines,NA,Soccsksargen,4245838,0,0,47,1
2020-06-22,Philippines,NA,Soccsksargen,4245838,5,0,52,1
2020-06-23,Philippines,NA,Soccsksargen,4245838,1,0,53,1
2020-06-24,Philippines,NA,Soccsksargen,4245838,2,0,55,1
2020-06-25,Philippines,NA,Soccsksargen,4245838,1,0,56,1
2020-06-26,Philippines,NA,Soccsksargen,4245838,4,0,60,1
2020-06-27,Philippines,NA,Soccsksargen,4245838,3,0,63,1
2020-06-29,Philippines,NA,Soccsksargen,4245838,11,0,74,1
2020-06-30,Philippines,NA,Soccsksargen,4245838,0,1,74,2
2020-07-01,Philippines,NA,Soccsksargen,4245838,1,0,75,2
2020-07-02,Philippines,NA,Soccsksargen,4245838,2,0,77,2
2020-07-03,Philippines,NA,Soccsksargen,4245838,1,0,78,2
2020-07-04,Philippines,NA,Soccsksargen,4245838,3,0,81,2
2020-07-05,Philippines,NA,Soccsksargen,4245838,3,0,84,2
2020-07-06,Philippines,NA,Soccsksargen,4245838,3,0,87,2
2020-07-07,Philippines,NA,Soccsksargen,4245838,11,0,98,2
2020-07-08,Philippines,NA,Soccsksargen,4245838,6,0,104,2
2020-07-09,Philippines,NA,Soccsksargen,4245838,20,0,124,2
2020-07-10,Philippines,NA,Soccsksargen,4245838,11,0,135,2
2020-07-11,Philippines,NA,Soccsksargen,4245838,11,0,146,2
2020-07-12,Philippines,NA,Soccsksargen,4245838,8,0,154,2
2020-07-13,Philippines,NA,Soccsksargen,4245838,10,0,164,2
2020-07-14,Philippines,NA,Soccsksargen,4245838,23,0,187,2
2020-07-15,Philippines,NA,Soccsksargen,4245838,28,0,215,2
2020-07-16,Philippines,NA,Soccsksargen,4245838,9,0,224,2
2020-07-17,Philippines,NA,Soccsksargen,4245838,17,0,241,2
2020-07-18,Philippines,NA,Soccsksargen,4245838,1,0,242,2
2020-07-19,Philippines,NA,Soccsksargen,4245838,10,0,252,2
2020-07-20,Philippines,NA,Soccsksargen,4245838,15,0,267,2
2020-07-21,Philippines,NA,Soccsksargen,4245838,20,0,287,2
2020-07-22,Philippines,NA,Soccsksargen,4245838,14,0,301,2
2020-07-23,Philippines,NA,Soccsksargen,4245838,8,0,309,2
2020-07-24,Philippines,NA,Soccsksargen,4245838,6,1,315,3
2020-07-25,Philippines,NA,Soccsksargen,4245838,10,0,325,3
2020-07-26,Philippines,NA,Soccsksargen,4245838,2,0,327,3
2020-07-27,Philippines,NA,Soccsksargen,4245838,12,0,339,3
2020-07-28,Philippines,NA,Soccsksargen,4245838,22,0,361,3
2020-07-29,Philippines,NA,Soccsksargen,4245838,22,0,383,3
2020-07-30,Philippines,NA,Soccsksargen,4245838,11,0,394,3
2020-07-31,Philippines,NA,Soccsksargen,4245838,5,0,399,3
2020-08-01,Philippines,NA,Soccsksargen,4245838,3,0,402,3
2020-08-02,Philippines,NA,Soccsksargen,4245838,0,0,402,3
2020-08-03,Philippines,NA,Soccsksargen,4245838,8,0,410,3
2020-08-04,Philippines,NA,Soccsksargen,4245838,11,0,421,3
2020-08-05,Philippines,NA,Soccsksargen,4245838,11,0,432,3
2020-08-06,Philippines,NA,Soccsksargen,4245838,4,0,436,3
2020-08-07,Philippines,NA,Soccsksargen,4245838,7,0,443,3
2020-08-08,Philippines,NA,Soccsksargen,4245838,3,0,446,3
2020-08-09,Philippines,NA,Soccsksargen,4245838,3,0,449,3
2020-08-10,Philippines,NA,Soccsksargen,4245838,12,0,461,3
2020-08-11,Philippines,NA,Soccsksargen,4245838,10,0,471,3
2020-08-12,Philippines,NA,Soccsksargen,4245838,12,0,483,3
2020-08-13,Philippines,NA,Soccsksargen,4245838,11,1,494,4
2020-08-14,Philippines,NA,Soccsksargen,4245838,9,0,503,4
2020-08-15,Philippines,NA,Soccsksargen,4245838,12,0,515,4
2020-08-16,Philippines,NA,Soccsksargen,4245838,1,0,516,4
2020-08-17,Philippines,NA,Soccsksargen,4245838,11,0,527,4
2020-08-18,Philippines,NA,Soccsksargen,4245838,12,0,539,4
2020-08-19,Philippines,NA,Soccsksargen,4245838,9,0,548,4
2020-08-20,Philippines,NA,Soccsksargen,4245838,9,0,557,4
2020-08-21,Philippines,NA,Soccsksargen,4245838,11,0,568,4
2020-08-22,Philippines,NA,Soccsksargen,4245838,5,0,573,4
2020-08-23,Philippines,NA,Soccsksargen,4245838,1,0,574,4
2020-08-24,Philippines,NA,Soccsksargen,4245838,6,0,580,4
2020-03-18,Philippines,NA,Western Visayas,7536383,4,0,12,0
2020-03-20,Philippines,NA,Western Visayas,7536383,3,0,15,0
2020-03-21,Philippines,NA,Western Visayas,7536383,3,1,18,1
2020-03-23,Philippines,NA,Western Visayas,7536383,2,0,20,1
2020-03-24,Philippines,NA,Western Visayas,7536383,2,0,22,1
2020-03-26,Philippines,NA,Western Visayas,7536383,2,0,24,1
2020-03-27,Philippines,NA,Western Visayas,7536383,2,0,26,1
2020-03-28,Philippines,NA,Western Visayas,7536383,1,0,27,1
2020-03-29,Philippines,NA,Western Visayas,7536383,1,2,28,3
2020-03-30,Philippines,NA,Western Visayas,7536383,5,1,33,4
2020-03-31,Philippines,NA,Western Visayas,7536383,2,1,35,5
2020-04-01,Philippines,NA,Western Visayas,7536383,2,0,37,5
2020-04-02,Philippines,NA,Western Visayas,7536383,1,0,38,5
2020-04-03,Philippines,NA,Western Visayas,7536383,0,0,38,5
2020-04-04,Philippines,NA,Western Visayas,7536383,1,1,39,6
2020-04-05,Philippines,NA,Western Visayas,7536383,2,0,41,6
2020-04-08,Philippines,NA,Western Visayas,7536383,6,1,47,7
2020-04-09,Philippines,NA,Western Visayas,7536383,1,1,48,8
2020-04-10,Philippines,NA,Western Visayas,7536383,3,0,51,8
2020-04-12,Philippines,NA,Western Visayas,7536383,3,0,54,8
2020-04-13,Philippines,NA,Western Visayas,7536383,1,0,55,8
2020-04-14,Philippines,NA,Western Visayas,7536383,0,0,55,8
2020-04-16,Philippines,NA,Western Visayas,7536383,0,0,55,8
2020-04-17,Philippines,NA,Western Visayas,7536383,2,0,57,8
2020-04-19,Philippines,NA,Western Visayas,7536383,0,0,57,8
2020-04-20,Philippines,NA,Western Visayas,7536383,1,0,58,8
2020-04-21,Philippines,NA,Western Visayas,7536383,2,0,60,8
2020-04-22,Philippines,NA,Western Visayas,7536383,1,0,61,8
2020-04-23,Philippines,NA,Western Visayas,7536383,3,0,64,8
2020-04-24,Philippines,NA,Western Visayas,7536383,0,1,64,9
2020-04-27,Philippines,NA,Western Visayas,7536383,1,0,65,9
2020-04-30,Philippines,NA,Western Visayas,7536383,4,0,69,9
2020-05-01,Philippines,NA,Western Visayas,7536383,1,0,70,9
2020-05-03,Philippines,NA,Western Visayas,7536383,1,1,71,10
2020-05-04,Philippines,NA,Western Visayas,7536383,0,0,71,10
2020-05-05,Philippines,NA,Western Visayas,7536383,1,0,72,10
2020-05-06,Philippines,NA,Western Visayas,7536383,1,0,73,10
2020-05-07,Philippines,NA,Western Visayas,7536383,0,0,73,10
2020-05-08,Philippines,NA,Western Visayas,7536383,1,0,74,10
2020-05-09,Philippines,NA,Western Visayas,7536383,0,0,74,10
2020-05-12,Philippines,NA,Western Visayas,7536383,1,0,75,10
2020-05-13,Philippines,NA,Western Visayas,7536383,1,0,76,10
2020-05-14,Philippines,NA,Western Visayas,7536383,0,0,76,10
2020-05-15,Philippines,NA,Western Visayas,7536383,1,0,77,10
2020-05-16,Philippines,NA,Western Visayas,7536383,0,0,77,10
2020-05-18,Philippines,NA,Western Visayas,7536383,1,0,78,10
2020-05-20,Philippines,NA,Western Visayas,7536383,2,0,80,10
2020-05-21,Philippines,NA,Western Visayas,7536383,0,0,80,10
2020-05-22,Philippines,NA,Western Visayas,7536383,2,0,82,10
2020-05-23,Philippines,NA,Western Visayas,7536383,1,0,83,10
2020-05-27,Philippines,NA,Western Visayas,7536383,1,0,84,10
2020-05-29,Philippines,NA,Western Visayas,7536383,1,0,85,10
2020-05-31,Philippines,NA,Western Visayas,7536383,1,0,86,10
2020-06-01,Philippines,NA,Western Visayas,7536383,2,0,88,10
2020-06-02,Philippines,NA,Western Visayas,7536383,2,0,90,10
2020-06-03,Philippines,NA,Western Visayas,7536383,1,0,91,10
2020-06-05,Philippines,NA,Western Visayas,7536383,3,0,94,10
2020-06-06,Philippines,NA,Western Visayas,7536383,3,0,97,10
2020-06-08,Philippines,NA,Western Visayas,7536383,9,0,106,10
2020-06-09,Philippines,NA,Western Visayas,7536383,2,0,108,10
2020-06-10,Philippines,NA,Western Visayas,7536383,1,0,109,10
2020-06-11,Philippines,NA,Western Visayas,7536383,3,0,112,10
2020-06-12,Philippines,NA,Western Visayas,7536383,3,0,115,10
2020-06-13,Philippines,NA,Western Visayas,7536383,2,0,117,10
2020-06-15,Philippines,NA,Western Visayas,7536383,5,0,122,10
2020-06-16,Philippines,NA,Western Visayas,7536383,17,0,139,10
2020-06-17,Philippines,NA,Western Visayas,7536383,15,0,154,10
2020-06-18,Philippines,NA,Western Visayas,7536383,33,0,187,10
2020-06-19,Philippines,NA,Western Visayas,7536383,9,0,196,10
2020-06-20,Philippines,NA,Western Visayas,7536383,4,0,200,10
2020-06-21,Philippines,NA,Western Visayas,7536383,16,0,216,10
2020-06-22,Philippines,NA,Western Visayas,7536383,20,0,236,10
2020-06-23,Philippines,NA,Western Visayas,7536383,40,0,276,10
2020-06-24,Philippines,NA,Western Visayas,7536383,15,0,291,10
2020-06-25,Philippines,NA,Western Visayas,7536383,26,0,317,10
2020-06-26,Philippines,NA,Western Visayas,7536383,23,0,340,10
2020-06-27,Philippines,NA,Western Visayas,7536383,31,0,371,10
2020-06-28,Philippines,NA,Western Visayas,7536383,23,0,394,10
2020-06-29,Philippines,NA,Western Visayas,7536383,125,0,519,10
2020-06-30,Philippines,NA,Western Visayas,7536383,38,0,557,10
2020-07-01,Philippines,NA,Western Visayas,7536383,23,0,580,10
2020-07-02,Philippines,NA,Western Visayas,7536383,39,0,619,10
2020-07-03,Philippines,NA,Western Visayas,7536383,22,0,641,10
2020-07-04,Philippines,NA,Western Visayas,7536383,12,0,653,10
2020-07-05,Philippines,NA,Western Visayas,7536383,7,0,660,10
2020-07-06,Philippines,NA,Western Visayas,7536383,15,0,675,10
2020-07-07,Philippines,NA,Western Visayas,7536383,18,2,693,12
2020-07-08,Philippines,NA,Western Visayas,7536383,18,0,711,12
2020-07-09,Philippines,NA,Western Visayas,7536383,23,0,734,12
2020-07-10,Philippines,NA,Western Visayas,7536383,21,0,755,12
2020-07-11,Philippines,NA,Western Visayas,7536383,13,0,768,12
2020-07-12,Philippines,NA,Western Visayas,7536383,7,0,775,12
2020-07-13,Philippines,NA,Western Visayas,7536383,6,0,781,12
2020-07-14,Philippines,NA,Western Visayas,7536383,24,0,805,12
2020-07-15,Philippines,NA,Western Visayas,7536383,25,1,830,13
2020-07-16,Philippines,NA,Western Visayas,7536383,15,0,845,13
2020-07-17,Philippines,NA,Western Visayas,7536383,74,1,919,14
2020-07-18,Philippines,NA,Western Visayas,7536383,27,0,946,14
2020-07-19,Philippines,NA,Western Visayas,7536383,22,1,968,15
2020-07-20,Philippines,NA,Western Visayas,7536383,45,0,1013,15
2020-07-21,Philippines,NA,Western Visayas,7536383,90,0,1103,15
2020-07-22,Philippines,NA,Western Visayas,7536383,50,0,1153,15
2020-07-23,Philippines,NA,Western Visayas,7536383,55,0,1208,15
2020-07-24,Philippines,NA,Western Visayas,7536383,43,0,1251,15
2020-07-25,Philippines,NA,Western Visayas,7536383,63,0,1314,15
2020-07-26,Philippines,NA,Western Visayas,7536383,29,0,1343,15
2020-07-27,Philippines,NA,Western Visayas,7536383,84,1,1427,16
2020-07-28,Philippines,NA,Western Visayas,7536383,134,1,1561,17
2020-07-29,Philippines,NA,Western Visayas,7536383,37,1,1598,18
2020-07-30,Philippines,NA,Western Visayas,7536383,72,1,1670,19
2020-07-31,Philippines,NA,Western Visayas,7536383,47,1,1717,20
2020-08-01,Philippines,NA,Western Visayas,7536383,61,0,1778,20
2020-08-02,Philippines,NA,Western Visayas,7536383,34,1,1812,21
2020-08-03,Philippines,NA,Western Visayas,7536383,148,1,1960,22
2020-08-04,Philippines,NA,Western Visayas,7536383,100,2,2060,24
2020-08-05,Philippines,NA,Western Visayas,7536383,84,2,2144,26
2020-08-06,Philippines,NA,Western Visayas,7536383,239,2,2383,28
2020-08-07,Philippines,NA,Western Visayas,7536383,221,2,2604,30
2020-08-08,Philippines,NA,Western Visayas,7536383,157,2,2761,32
2020-08-09,Philippines,NA,Western Visayas,7536383,56,2,2817,34
2020-08-10,Philippines,NA,Western Visayas,7536383,226,3,3043,37
2020-08-11,Philippines,NA,Western Visayas,7536383,164,1,3207,38
2020-08-12,Philippines,NA,Western Visayas,7536383,74,1,3281,39
2020-08-13,Philippines,NA,Western Visayas,7536383,142,2,3423,41
2020-08-14,Philippines,NA,Western Visayas,7536383,201,3,3624,44
2020-08-15,Philippines,NA,Western Visayas,7536383,101,2,3725,46
2020-08-16,Philippines,NA,Western Visayas,7536383,65,2,3790,48
2020-08-17,Philippines,NA,Western Visayas,7536383,186,0,3976,48
2020-08-18,Philippines,NA,Western Visayas,7536383,176,1,4152,49
2020-08-19,Philippines,NA,Western Visayas,7536383,165,1,4317,50
2020-08-20,Philippines,NA,Western Visayas,7536383,158,1,4475,51
2020-08-21,Philippines,NA,Western Visayas,7536383,113,0,4588,51
2020-08-22,Philippines,NA,Western Visayas,7536383,56,0,4644,51
2020-08-23,Philippines,NA,Western Visayas,7536383,31,0,4675,51
2020-08-24,Philippines,NA,Western Visayas,7536383,24,0,4699,51
2020-08-25,Philippines,NA,Western Visayas,7536383,9,0,4708,51
2020-04-04,Philippines,NA,Zamboanga Peninsula,3629783,1,0,11,0
2020-04-06,Philippines,NA,Zamboanga Peninsula,3629783,0,0,11,0
2020-04-07,Philippines,NA,Zamboanga Peninsula,3629783,1,0,12,0
2020-04-12,Philippines,NA,Zamboanga Peninsula,3629783,0,0,12,0
2020-04-14,Philippines,NA,Zamboanga Peninsula,3629783,0,0,12,0
2020-04-17,Philippines,NA,Zamboanga Peninsula,3629783,1,0,13,0
2020-04-18,Philippines,NA,Zamboanga Peninsula,3629783,1,0,14,0
2020-04-19,Philippines,NA,Zamboanga Peninsula,3629783,0,1,14,1
2020-04-20,Philippines,NA,Zamboanga Peninsula,3629783,1,0,15,1
2020-04-21,Philippines,NA,Zamboanga Peninsula,3629783,0,1,15,2
2020-04-25,Philippines,NA,Zamboanga Peninsula,3629783,0,1,15,3
2020-04-26,Philippines,NA,Zamboanga Peninsula,3629783,1,0,16,3
2020-04-27,Philippines,NA,Zamboanga Peninsula,3629783,25,0,41,3
2020-04-29,Philippines,NA,Zamboanga Peninsula,3629783,21,0,62,3
2020-04-30,Philippines,NA,Zamboanga Peninsula,3629783,2,1,64,4
2020-05-01,Philippines,NA,Zamboanga Peninsula,3629783,0,0,64,4
2020-05-05,Philippines,NA,Zamboanga Peninsula,3629783,7,0,71,4
2020-05-08,Philippines,NA,Zamboanga Peninsula,3629783,34,0,105,4
2020-05-09,Philippines,NA,Zamboanga Peninsula,3629783,1,0,106,4
2020-05-11,Philippines,NA,Zamboanga Peninsula,3629783,23,0,129,4
2020-05-12,Philippines,NA,Zamboanga Peninsula,3629783,2,0,131,4
2020-05-13,Philippines,NA,Zamboanga Peninsula,3629783,16,0,147,4
2020-05-17,Philippines,NA,Zamboanga Peninsula,3629783,0,0,147,4
2020-05-20,Philippines,NA,Zamboanga Peninsula,3629783,2,0,149,4
2020-05-22,Philippines,NA,Zamboanga Peninsula,3629783,7,0,156,4
2020-05-23,Philippines,NA,Zamboanga Peninsula,3629783,1,0,157,4
2020-05-25,Philippines,NA,Zamboanga Peninsula,3629783,1,1,158,5
2020-05-28,Philippines,NA,Zamboanga Peninsula,3629783,0,0,158,5
2020-05-29,Philippines,NA,Zamboanga Peninsula,3629783,4,0,162,5
2020-05-30,Philippines,NA,Zamboanga Peninsula,3629783,1,0,163,5
2020-06-02,Philippines,NA,Zamboanga Peninsula,3629783,0,0,163,5
2020-06-04,Philippines,NA,Zamboanga Peninsula,3629783,1,0,164,5
2020-06-05,Philippines,NA,Zamboanga Peninsula,3629783,24,0,188,5
2020-06-08,Philippines,NA,Zamboanga Peninsula,3629783,1,0,189,5
2020-06-09,Philippines,NA,Zamboanga Peninsula,3629783,1,0,190,5
2020-06-10,Philippines,NA,Zamboanga Peninsula,3629783,2,0,192,5
2020-06-12,Philippines,NA,Zamboanga Peninsula,3629783,1,0,193,5
2020-06-13,Philippines,NA,Zamboanga Peninsula,3629783,0,1,193,6
2020-06-14,Philippines,NA,Zamboanga Peninsula,3629783,4,0,197,6
2020-06-15,Philippines,NA,Zamboanga Peninsula,3629783,3,0,200,6
2020-06-16,Philippines,NA,Zamboanga Peninsula,3629783,2,0,202,6
2020-06-17,Philippines,NA,Zamboanga Peninsula,3629783,6,0,208,6
2020-06-18,Philippines,NA,Zamboanga Peninsula,3629783,1,0,209,6
2020-06-19,Philippines,NA,Zamboanga Peninsula,3629783,4,0,213,6
2020-06-20,Philippines,NA,Zamboanga Peninsula,3629783,2,0,215,6
2020-06-21,Philippines,NA,Zamboanga Peninsula,3629783,1,0,216,6
2020-06-22,Philippines,NA,Zamboanga Peninsula,3629783,9,0,225,6
2020-06-23,Philippines,NA,Zamboanga Peninsula,3629783,11,0,236,6
2020-06-24,Philippines,NA,Zamboanga Peninsula,3629783,17,0,253,6
2020-06-25,Philippines,NA,Zamboanga Peninsula,3629783,8,0,261,6
2020-06-26,Philippines,NA,Zamboanga Peninsula,3629783,1,0,262,6
2020-06-27,Philippines,NA,Zamboanga Peninsula,3629783,3,1,265,7
2020-06-28,Philippines,NA,Zamboanga Peninsula,3629783,1,0,266,7
2020-06-29,Philippines,NA,Zamboanga Peninsula,3629783,8,0,274,7
2020-06-30,Philippines,NA,Zamboanga Peninsula,3629783,33,0,307,7
2020-07-01,Philippines,NA,Zamboanga Peninsula,3629783,12,0,319,7
2020-07-02,Philippines,NA,Zamboanga Peninsula,3629783,10,0,329,7
2020-07-03,Philippines,NA,Zamboanga Peninsula,3629783,11,1,340,8
2020-07-04,Philippines,NA,Zamboanga Peninsula,3629783,25,1,365,9
2020-07-05,Philippines,NA,Zamboanga Peninsula,3629783,19,0,384,9
2020-07-06,Philippines,NA,Zamboanga Peninsula,3629783,10,1,394,10
2020-07-07,Philippines,NA,Zamboanga Peninsula,3629783,23,1,417,11
2020-07-08,Philippines,NA,Zamboanga Peninsula,3629783,22,0,439,11
2020-07-09,Philippines,NA,Zamboanga Peninsula,3629783,15,0,454,11
2020-07-10,Philippines,NA,Zamboanga Peninsula,3629783,36,0,490,11
2020-07-11,Philippines,NA,Zamboanga Peninsula,3629783,13,1,503,12
2020-07-12,Philippines,NA,Zamboanga Peninsula,3629783,11,0,514,12
2020-07-13,Philippines,NA,Zamboanga Peninsula,3629783,18,0,532,12
2020-07-14,Philippines,NA,Zamboanga Peninsula,3629783,20,0,552,12
2020-07-15,Philippines,NA,Zamboanga Peninsula,3629783,5,0,557,12
2020-07-16,Philippines,NA,Zamboanga Peninsula,3629783,15,0,572,12
2020-07-17,Philippines,NA,Zamboanga Peninsula,3629783,25,1,597,13
2020-07-18,Philippines,NA,Zamboanga Peninsula,3629783,16,0,613,13
2020-07-19,Philippines,NA,Zamboanga Peninsula,3629783,42,0,655,13
2020-07-20,Philippines,NA,Zamboanga Peninsula,3629783,27,0,682,13
2020-07-21,Philippines,NA,Zamboanga Peninsula,3629783,16,0,698,13
2020-07-22,Philippines,NA,Zamboanga Peninsula,3629783,11,1,709,14
2020-07-23,Philippines,NA,Zamboanga Peninsula,3629783,9,1,718,15
2020-07-24,Philippines,NA,Zamboanga Peninsula,3629783,10,0,728,15
2020-07-25,Philippines,NA,Zamboanga Peninsula,3629783,9,0,737,15
2020-07-26,Philippines,NA,Zamboanga Peninsula,3629783,8,1,745,16
2020-07-27,Philippines,NA,Zamboanga Peninsula,3629783,22,0,767,16
2020-07-28,Philippines,NA,Zamboanga Peninsula,3629783,15,0,782,16
2020-07-29,Philippines,NA,Zamboanga Peninsula,3629783,12,1,794,17
2020-07-30,Philippines,NA,Zamboanga Peninsula,3629783,26,2,820,19
2020-07-31,Philippines,NA,Zamboanga Peninsula,3629783,16,0,836,19
2020-08-01,Philippines,NA,Zamboanga Peninsula,3629783,29,0,865,19
2020-08-02,Philippines,NA,Zamboanga Peninsula,3629783,13,1,878,20
2020-08-03,Philippines,NA,Zamboanga Peninsula,3629783,52,0,930,20
2020-08-04,Philippines,NA,Zamboanga Peninsula,3629783,17,1,947,21
2020-08-05,Philippines,NA,Zamboanga Peninsula,3629783,22,2,969,23
2020-08-06,Philippines,NA,Zamboanga Peninsula,3629783,41,1,1010,24
2020-08-07,Philippines,NA,Zamboanga Peninsula,3629783,30,4,1040,28
2020-08-08,Philippines,NA,Zamboanga Peninsula,3629783,20,0,1060,28
2020-08-09,Philippines,NA,Zamboanga Peninsula,3629783,12,1,1072,29
2020-08-10,Philippines,NA,Zamboanga Peninsula,3629783,48,0,1120,29
2020-08-11,Philippines,NA,Zamboanga Peninsula,3629783,26,2,1146,31
2020-08-12,Philippines,NA,Zamboanga Peninsula,3629783,37,0,1183,31
2020-08-13,Philippines,NA,Zamboanga Peninsula,3629783,21,0,1204,31
2020-08-14,Philippines,NA,Zamboanga Peninsula,3629783,28,2,1232,33
2020-08-15,Philippines,NA,Zamboanga Peninsula,3629783,34,2,1266,35
2020-08-16,Philippines,NA,Zamboanga Peninsula,3629783,16,1,1282,36
2020-08-17,Philippines,NA,Zamboanga Peninsula,3629783,17,1,1299,37
2020-08-18,Philippines,NA,Zamboanga Peninsula,3629783,19,3,1318,40
2020-08-19,Philippines,NA,Zamboanga Peninsula,3629783,19,0,1337,40
2020-08-20,Philippines,NA,Zamboanga Peninsula,3629783,32,1,1369,41
2020-08-21,Philippines,NA,Zamboanga Peninsula,3629783,27,2,1396,43
2020-08-22,Philippines,NA,Zamboanga Peninsula,3629783,11,0,1407,43
2020-08-23,Philippines,NA,Zamboanga Peninsula,3629783,11,1,1418,44
2020-08-24,Philippines,NA,Zamboanga Peninsula,3629783,9,0,1427,44
2020-04-06,Russia,NA,Adygea,453376,6,0,13,0
2020-04-10,Russia,NA,Adygea,453376,7,0,20,0
2020-04-14,Russia,NA,Adygea,453376,7,0,27,0
2020-04-16,Russia,NA,Adygea,453376,16,0,43,0
2020-04-17,Russia,NA,Adygea,453376,36,0,79,0
2020-04-18,Russia,NA,Adygea,453376,5,0,84,0
2020-04-19,Russia,NA,Adygea,453376,7,0,91,0
2020-04-20,Russia,NA,Adygea,453376,9,0,100,0
2020-04-21,Russia,NA,Adygea,453376,8,0,108,0
2020-04-22,Russia,NA,Adygea,453376,5,0,113,0
2020-04-23,Russia,NA,Adygea,453376,1,0,114,0
2020-04-24,Russia,NA,Adygea,453376,3,0,117,0
2020-04-25,Russia,NA,Adygea,453376,2,0,119,0
2020-04-26,Russia,NA,Adygea,453376,15,0,134,0
2020-04-27,Russia,NA,Adygea,453376,8,0,142,0
2020-04-28,Russia,NA,Adygea,453376,8,0,150,0
2020-04-29,Russia,NA,Adygea,453376,4,0,154,0
2020-04-30,Russia,NA,Adygea,453376,9,0,163,0
2020-05-01,Russia,NA,Adygea,453376,2,0,165,0
2020-05-02,Russia,NA,Adygea,453376,3,0,168,0
2020-05-03,Russia,NA,Adygea,453376,10,0,178,0
2020-05-04,Russia,NA,Adygea,453376,7,0,185,0
2020-05-05,Russia,NA,Adygea,453376,5,0,190,0
2020-05-06,Russia,NA,Adygea,453376,12,0,202,0
2020-05-07,Russia,NA,Adygea,453376,4,0,206,0
2020-05-08,Russia,NA,Adygea,453376,6,0,212,0
2020-05-09,Russia,NA,Adygea,453376,8,0,220,0
2020-05-10,Russia,NA,Adygea,453376,4,0,224,0
2020-05-11,Russia,NA,Adygea,453376,17,0,241,0
2020-05-12,Russia,NA,Adygea,453376,11,0,252,0
2020-05-13,Russia,NA,Adygea,453376,19,0,271,0
2020-05-14,Russia,NA,Adygea,453376,5,0,276,0
2020-05-15,Russia,NA,Adygea,453376,31,0,307,0
2020-05-16,Russia,NA,Adygea,453376,40,0,347,0
2020-05-17,Russia,NA,Adygea,453376,51,0,398,0
2020-05-18,Russia,NA,Adygea,453376,32,0,430,0
2020-05-19,Russia,NA,Adygea,453376,31,0,461,0
2020-05-20,Russia,NA,Adygea,453376,64,0,525,0
2020-05-21,Russia,NA,Adygea,453376,36,0,561,0
2020-05-22,Russia,NA,Adygea,453376,30,0,591,0
2020-05-23,Russia,NA,Adygea,453376,31,0,622,0
2020-05-24,Russia,NA,Adygea,453376,49,0,671,0
2020-05-25,Russia,NA,Adygea,453376,25,0,696,0
2020-05-26,Russia,NA,Adygea,453376,25,0,721,0
2020-05-27,Russia,NA,Adygea,453376,38,0,759,0
2020-05-28,Russia,NA,Adygea,453376,24,0,783,0
2020-05-29,Russia,NA,Adygea,453376,11,0,794,0
2020-05-30,Russia,NA,Adygea,453376,19,0,813,0
2020-05-31,Russia,NA,Adygea,453376,41,0,854,0
2020-06-01,Russia,NA,Adygea,453376,20,0,874,0
2020-06-02,Russia,NA,Adygea,453376,16,0,890,0
2020-06-03,Russia,NA,Adygea,453376,14,0,904,0
2020-06-04,Russia,NA,Adygea,453376,33,0,937,0
2020-06-05,Russia,NA,Adygea,453376,25,0,962,0
2020-06-06,Russia,NA,Adygea,453376,33,0,995,0
2020-06-07,Russia,NA,Adygea,453376,30,0,1025,0
2020-06-08,Russia,NA,Adygea,453376,44,0,1069,0
2020-06-09,Russia,NA,Adygea,453376,46,0,1115,0
2020-06-10,Russia,NA,Adygea,453376,43,0,1158,0
2020-06-11,Russia,NA,Adygea,453376,55,0,1213,0
2020-06-12,Russia,NA,Adygea,453376,38,0,1251,0
2020-06-13,Russia,NA,Adygea,453376,27,0,1278,0
2020-06-14,Russia,NA,Adygea,453376,33,0,1311,0
2020-06-15,Russia,NA,Adygea,453376,29,0,1340,0
2020-06-16,Russia,NA,Adygea,453376,49,0,1389,0
2020-06-17,Russia,NA,Adygea,453376,26,0,1415,0
2020-06-18,Russia,NA,Adygea,453376,31,0,1446,0
2020-06-19,Russia,NA,Adygea,453376,38,0,1484,0
2020-06-20,Russia,NA,Adygea,453376,27,0,1511,0
2020-06-21,Russia,NA,Adygea,453376,30,0,1541,0
2020-06-22,Russia,NA,Adygea,453376,28,0,1569,0
2020-06-23,Russia,NA,Adygea,453376,38,0,1607,0
2020-06-24,Russia,NA,Adygea,453376,40,0,1647,0
2020-06-25,Russia,NA,Adygea,453376,35,0,1682,0
2020-06-26,Russia,NA,Adygea,453376,30,0,1712,0
2020-06-27,Russia,NA,Adygea,453376,34,0,1746,0
2020-06-28,Russia,NA,Adygea,453376,49,0,1795,0
2020-06-29,Russia,NA,Adygea,453376,52,0,1847,0
2020-06-30,Russia,NA,Adygea,453376,51,0,1898,0
2020-07-01,Russia,NA,Adygea,453376,37,0,1935,0
2020-07-02,Russia,NA,Adygea,453376,46,0,1981,0
2020-07-03,Russia,NA,Adygea,453376,58,0,2039,0
2020-07-04,Russia,NA,Adygea,453376,29,0,2068,0
2020-07-05,Russia,NA,Adygea,453376,26,0,2094,0
2020-07-06,Russia,NA,Adygea,453376,27,0,2121,0
2020-07-07,Russia,NA,Adygea,453376,24,0,2145,0
2020-07-08,Russia,NA,Adygea,453376,22,0,2167,0
2020-07-09,Russia,NA,Adygea,453376,20,0,2187,0
2020-07-10,Russia,NA,Adygea,453376,18,0,2205,0
2020-07-11,Russia,NA,Adygea,453376,19,0,2224,0
2020-07-12,Russia,NA,Adygea,453376,18,0,2242,0
2020-07-13,Russia,NA,Adygea,453376,16,0,2258,0
2020-07-14,Russia,NA,Adygea,453376,17,0,2275,0
2020-07-15,Russia,NA,Adygea,453376,16,0,2291,0
2020-07-16,Russia,NA,Adygea,453376,17,0,2308,0
2020-07-17,Russia,NA,Adygea,453376,18,0,2326,0
2020-07-18,Russia,NA,Adygea,453376,18,0,2344,0
2020-07-19,Russia,NA,Adygea,453376,20,0,2364,0
2020-07-20,Russia,NA,Adygea,453376,20,0,2384,0
2020-07-21,Russia,NA,Adygea,453376,27,0,2411,0
2020-07-22,Russia,NA,Adygea,453376,25,0,2436,0
2020-07-23,Russia,NA,Adygea,453376,34,0,2470,0
2020-07-24,Russia,NA,Adygea,453376,26,0,2496,0
2020-07-25,Russia,NA,Adygea,453376,34,0,2530,0
2020-07-26,Russia,NA,Adygea,453376,38,0,2568,0
2020-07-27,Russia,NA,Adygea,453376,36,0,2604,0
2020-07-28,Russia,NA,Adygea,453376,38,0,2642,0
2020-07-29,Russia,NA,Adygea,453376,37,0,2679,0
2020-07-30,Russia,NA,Adygea,453376,35,0,2714,0
2020-07-31,Russia,NA,Adygea,453376,33,0,2747,0
2020-08-01,Russia,NA,Adygea,453376,28,0,2775,0
2020-08-02,Russia,NA,Adygea,453376,28,0,2803,0
2020-08-17,Russia,NA,Adygea,453376,0,0,3129,23
2020-08-18,Russia,NA,Adygea,453376,15,1,3144,24
2020-08-19,Russia,NA,Adygea,453376,17,0,3161,24
2020-08-20,Russia,NA,Adygea,453376,18,0,3179,24
2020-08-21,Russia,NA,Adygea,453376,16,1,3195,25
2020-08-22,Russia,NA,Adygea,453376,19,0,3214,25
2020-08-23,Russia,NA,Adygea,453376,20,0,3234,25
2020-08-24,Russia,NA,Adygea,453376,20,0,3254,25
2020-08-25,Russia,NA,Adygea,453376,19,1,3273,26
2020-08-26,Russia,NA,Adygea,453376,18,0,3291,26
2020-08-27,Russia,NA,Adygea,453376,17,0,3308,26
2020-08-28,Russia,NA,Adygea,453376,19,1,3327,27
2020-08-29,Russia,NA,Adygea,453376,19,0,3346,27
2020-08-30,Russia,NA,Adygea,453376,18,0,3364,27
2020-08-31,Russia,NA,Adygea,453376,22,0,3386,27
2020-09-01,Russia,NA,Adygea,453376,14,0,3400,27
2020-09-02,Russia,NA,Adygea,453376,20,0,3420,27
2020-09-03,Russia,NA,Adygea,453376,20,0,3440,27
2020-09-04,Russia,NA,Adygea,453376,21,1,3461,28
2020-09-05,Russia,NA,Adygea,453376,19,1,3480,29
2020-09-06,Russia,NA,Adygea,453376,20,0,3500,29
2020-09-07,Russia,NA,Adygea,453376,22,1,3522,30
2020-09-08,Russia,NA,Adygea,453376,24,0,3546,30
2020-09-09,Russia,NA,Adygea,453376,21,0,3567,30
2020-09-10,Russia,NA,Adygea,453376,20,0,3587,30
2020-09-11,Russia,NA,Adygea,453376,22,0,3609,30
2020-09-12,Russia,NA,Adygea,453376,21,0,3630,30
2020-09-13,Russia,NA,Adygea,453376,20,0,3650,30
2020-09-14,Russia,NA,Adygea,453376,19,0,3669,30
2020-09-15,Russia,NA,Adygea,453376,20,0,3689,30
2020-04-06,Russia,NA,Altai Krai,2350080,5,0,12,0
2020-04-08,Russia,NA,Altai Krai,2350080,6,0,18,0
2020-04-09,Russia,NA,Altai Krai,2350080,3,0,21,0
2020-04-11,Russia,NA,Altai Krai,2350080,8,0,29,0
2020-04-13,Russia,NA,Altai Krai,2350080,2,0,31,0
2020-04-14,Russia,NA,Altai Krai,2350080,5,0,36,0
2020-04-15,Russia,NA,Altai Krai,2350080,3,0,39,0
2020-04-16,Russia,NA,Altai Krai,2350080,9,0,48,0
2020-04-17,Russia,NA,Altai Krai,2350080,5,0,53,0
2020-04-18,Russia,NA,Altai Krai,2350080,10,0,63,0
2020-04-19,Russia,NA,Altai Krai,2350080,9,0,72,0
2020-04-20,Russia,NA,Altai Krai,2350080,12,0,84,0
2020-04-21,Russia,NA,Altai Krai,2350080,43,0,127,0
2020-04-22,Russia,NA,Altai Krai,2350080,9,0,136,0
2020-04-23,Russia,NA,Altai Krai,2350080,8,0,144,0
2020-04-24,Russia,NA,Altai Krai,2350080,8,0,152,0
2020-04-25,Russia,NA,Altai Krai,2350080,63,0,215,0
2020-04-26,Russia,NA,Altai Krai,2350080,68,0,283,0
2020-04-27,Russia,NA,Altai Krai,2350080,27,0,310,0
2020-04-28,Russia,NA,Altai Krai,2350080,14,0,324,0
2020-04-29,Russia,NA,Altai Krai,2350080,24,0,348,0
2020-04-30,Russia,NA,Altai Krai,2350080,34,0,382,0
2020-05-01,Russia,NA,Altai Krai,2350080,41,0,423,0
2020-05-02,Russia,NA,Altai Krai,2350080,28,0,451,0
2020-05-03,Russia,NA,Altai Krai,2350080,47,0,498,0
2020-05-04,Russia,NA,Altai Krai,2350080,36,0,534,0
2020-05-05,Russia,NA,Altai Krai,2350080,21,0,555,0
2020-05-06,Russia,NA,Altai Krai,2350080,33,0,588,0
2020-05-07,Russia,NA,Altai Krai,2350080,17,0,605,0
2020-05-08,Russia,NA,Altai Krai,2350080,16,0,621,0
2020-05-09,Russia,NA,Altai Krai,2350080,20,0,641,0
2020-05-10,Russia,NA,Altai Krai,2350080,28,0,669,0
2020-05-11,Russia,NA,Altai Krai,2350080,38,0,707,0
2020-05-12,Russia,NA,Altai Krai,2350080,20,0,727,0
2020-05-13,Russia,NA,Altai Krai,2350080,43,0,770,0
2020-05-14,Russia,NA,Altai Krai,2350080,39,0,809,0
2020-05-15,Russia,NA,Altai Krai,2350080,38,0,847,0
2020-05-16,Russia,NA,Altai Krai,2350080,38,0,885,0
2020-05-17,Russia,NA,Altai Krai,2350080,40,0,925,0
2020-05-18,Russia,NA,Altai Krai,2350080,45,0,970,0
2020-05-19,Russia,NA,Altai Krai,2350080,44,0,1014,0
2020-05-20,Russia,NA,Altai Krai,2350080,40,0,1054,0
2020-05-21,Russia,NA,Altai Krai,2350080,57,0,1111,0
2020-05-22,Russia,NA,Altai Krai,2350080,74,0,1185,0
2020-05-23,Russia,NA,Altai Krai,2350080,69,0,1254,0
2020-05-24,Russia,NA,Altai Krai,2350080,71,0,1325,0
2020-05-25,Russia,NA,Altai Krai,2350080,81,0,1406,0
2020-05-26,Russia,NA,Altai Krai,2350080,79,0,1485,0
2020-05-27,Russia,NA,Altai Krai,2350080,69,0,1554,0
2020-05-28,Russia,NA,Altai Krai,2350080,79,0,1633,0
2020-05-29,Russia,NA,Altai Krai,2350080,75,0,1708,0
2020-05-30,Russia,NA,Altai Krai,2350080,71,0,1779,0
2020-05-31,Russia,NA,Altai Krai,2350080,69,0,1848,0
2020-06-01,Russia,NA,Altai Krai,2350080,67,0,1915,0
2020-06-02,Russia,NA,Altai Krai,2350080,70,0,1985,0
2020-06-03,Russia,NA,Altai Krai,2350080,81,0,2066,0
2020-06-04,Russia,NA,Altai Krai,2350080,69,0,2135,0
2020-06-05,Russia,NA,Altai Krai,2350080,57,0,2192,0
2020-06-06,Russia,NA,Altai Krai,2350080,63,0,2255,0
2020-06-07,Russia,NA,Altai Krai,2350080,64,0,2319,0
2020-06-08,Russia,NA,Altai Krai,2350080,71,0,2390,0
2020-06-09,Russia,NA,Altai Krai,2350080,68,0,2458,0
2020-06-10,Russia,NA,Altai Krai,2350080,66,0,2524,0
2020-06-11,Russia,NA,Altai Krai,2350080,69,0,2593,0
2020-06-12,Russia,NA,Altai Krai,2350080,66,0,2659,0
2020-06-13,Russia,NA,Altai Krai,2350080,67,0,2726,0
2020-06-14,Russia,NA,Altai Krai,2350080,69,0,2795,0
2020-06-15,Russia,NA,Altai Krai,2350080,72,0,2867,0
2020-06-16,Russia,NA,Altai Krai,2350080,72,0,2939,0
2020-06-17,Russia,NA,Altai Krai,2350080,71,0,3010,0
2020-06-18,Russia,NA,Altai Krai,2350080,68,0,3078,0
2020-06-19,Russia,NA,Altai Krai,2350080,75,0,3153,0
2020-06-20,Russia,NA,Altai Krai,2350080,73,0,3226,0
2020-06-21,Russia,NA,Altai Krai,2350080,72,0,3298,0
2020-06-22,Russia,NA,Altai Krai,2350080,73,0,3371,0
2020-06-23,Russia,NA,Altai Krai,2350080,74,0,3445,0
2020-06-24,Russia,NA,Altai Krai,2350080,77,0,3522,0
2020-06-25,Russia,NA,Altai Krai,2350080,78,0,3600,0
2020-06-26,Russia,NA,Altai Krai,2350080,76,0,3676,0
2020-06-27,Russia,NA,Altai Krai,2350080,77,0,3753,0
2020-06-28,Russia,NA,Altai Krai,2350080,78,0,3831,0
2020-06-29,Russia,NA,Altai Krai,2350080,78,0,3909,0
2020-06-30,Russia,NA,Altai Krai,2350080,76,0,3985,0
2020-07-01,Russia,NA,Altai Krai,2350080,74,0,4059,0
2020-07-02,Russia,NA,Altai Krai,2350080,75,0,4134,0
2020-07-03,Russia,NA,Altai Krai,2350080,73,0,4207,0
2020-07-04,Russia,NA,Altai Krai,2350080,92,0,4299,0
2020-07-05,Russia,NA,Altai Krai,2350080,115,0,4414,0
2020-07-06,Russia,NA,Altai Krai,2350080,124,0,4538,0
2020-07-07,Russia,NA,Altai Krai,2350080,171,0,4709,0
2020-07-08,Russia,NA,Altai Krai,2350080,188,0,4897,0
2020-07-09,Russia,NA,Altai Krai,2350080,224,0,5121,0
2020-07-10,Russia,NA,Altai Krai,2350080,240,0,5361,0
2020-07-11,Russia,NA,Altai Krai,2350080,228,0,5589,0
2020-07-12,Russia,NA,Altai Krai,2350080,232,0,5821,0
2020-07-13,Russia,NA,Altai Krai,2350080,235,0,6056,0
2020-07-14,Russia,NA,Altai Krai,2350080,238,0,6294,0
2020-07-15,Russia,NA,Altai Krai,2350080,246,0,6540,0
2020-07-16,Russia,NA,Altai Krai,2350080,215,0,6755,0
2020-07-17,Russia,NA,Altai Krai,2350080,228,0,6983,0
2020-07-18,Russia,NA,Altai Krai,2350080,201,0,7184,0
2020-07-19,Russia,NA,Altai Krai,2350080,198,0,7382,0
2020-07-20,Russia,NA,Altai Krai,2350080,191,0,7573,0
2020-07-21,Russia,NA,Altai Krai,2350080,185,0,7758,0
2020-07-22,Russia,NA,Altai Krai,2350080,183,0,7941,0
2020-07-23,Russia,NA,Altai Krai,2350080,166,0,8107,0
2020-07-24,Russia,NA,Altai Krai,2350080,146,0,8253,0
2020-07-25,Russia,NA,Altai Krai,2350080,138,0,8391,0
2020-07-26,Russia,NA,Altai Krai,2350080,140,0,8531,0
2020-07-27,Russia,NA,Altai Krai,2350080,134,0,8665,0
2020-07-28,Russia,NA,Altai Krai,2350080,121,0,8786,0
2020-07-29,Russia,NA,Altai Krai,2350080,107,0,8893,0
2020-07-30,Russia,NA,Altai Krai,2350080,105,0,8998,0
2020-07-31,Russia,NA,Altai Krai,2350080,111,0,9109,0
2020-08-01,Russia,NA,Altai Krai,2350080,108,0,9217,0
2020-08-02,Russia,NA,Altai Krai,2350080,109,0,9326,0
2020-08-17,Russia,NA,Altai Krai,2350080,0,0,10711,99
2020-08-18,Russia,NA,Altai Krai,2350080,91,8,10802,107
2020-08-19,Russia,NA,Altai Krai,2350080,85,0,10887,107
2020-08-20,Russia,NA,Altai Krai,2350080,81,1,10968,108
2020-08-21,Russia,NA,Altai Krai,2350080,74,2,11042,110
2020-08-22,Russia,NA,Altai Krai,2350080,73,0,11115,110
2020-08-23,Russia,NA,Altai Krai,2350080,71,0,11186,110
2020-08-24,Russia,NA,Altai Krai,2350080,65,0,11251,110
2020-08-25,Russia,NA,Altai Krai,2350080,66,1,11317,111
2020-08-26,Russia,NA,Altai Krai,2350080,70,1,11387,112
2020-08-27,Russia,NA,Altai Krai,2350080,69,0,11456,112
2020-08-28,Russia,NA,Altai Krai,2350080,67,2,11523,114
2020-08-29,Russia,NA,Altai Krai,2350080,68,2,11591,116
2020-08-30,Russia,NA,Altai Krai,2350080,64,1,11655,117
2020-08-31,Russia,NA,Altai Krai,2350080,65,2,11720,119
2020-09-01,Russia,NA,Altai Krai,2350080,61,0,11781,119
2020-09-02,Russia,NA,Altai Krai,2350080,63,0,11844,119
2020-09-03,Russia,NA,Altai Krai,2350080,64,1,11908,120
2020-09-04,Russia,NA,Altai Krai,2350080,62,2,11970,122
2020-09-05,Russia,NA,Altai Krai,2350080,63,1,12033,123
2020-09-06,Russia,NA,Altai Krai,2350080,61,4,12094,127
2020-09-07,Russia,NA,Altai Krai,2350080,62,0,12156,127
2020-09-08,Russia,NA,Altai Krai,2350080,60,4,12216,131
2020-09-09,Russia,NA,Altai Krai,2350080,64,5,12280,136
2020-09-10,Russia,NA,Altai Krai,2350080,62,3,12342,139
2020-09-11,Russia,NA,Altai Krai,2350080,63,0,12405,139
2020-09-12,Russia,NA,Altai Krai,2350080,61,2,12466,141
2020-09-13,Russia,NA,Altai Krai,2350080,62,2,12528,143
2020-09-14,Russia,NA,Altai Krai,2350080,60,0,12588,143
2020-09-15,Russia,NA,Altai Krai,2350080,63,9,12651,152
2020-04-25,Russia,NA,Altai Republic,215263,5,0,14,0
2020-04-26,Russia,NA,Altai Republic,215263,1,0,15,0
2020-04-27,Russia,NA,Altai Republic,215263,12,0,27,0
2020-04-29,Russia,NA,Altai Republic,215263,3,0,30,0
2020-04-30,Russia,NA,Altai Republic,215263,2,0,32,0
2020-05-01,Russia,NA,Altai Republic,215263,1,0,33,0
2020-05-02,Russia,NA,Altai Republic,215263,2,0,35,0
2020-05-03,Russia,NA,Altai Republic,215263,1,0,36,0
2020-05-05,Russia,NA,Altai Republic,215263,1,0,37,0
2020-05-06,Russia,NA,Altai Republic,215263,1,0,38,0
2020-05-07,Russia,NA,Altai Republic,215263,2,0,40,0
2020-05-08,Russia,NA,Altai Republic,215263,1,0,41,0
2020-05-09,Russia,NA,Altai Republic,215263,10,0,51,0
2020-05-10,Russia,NA,Altai Republic,215263,1,0,52,0
2020-05-11,Russia,NA,Altai Republic,215263,2,0,54,0
2020-05-12,Russia,NA,Altai Republic,215263,2,0,56,0
2020-05-13,Russia,NA,Altai Republic,215263,4,0,60,0
2020-05-14,Russia,NA,Altai Republic,215263,3,0,63,0
2020-05-15,Russia,NA,Altai Republic,215263,2,0,65,0
2020-05-16,Russia,NA,Altai Republic,215263,4,0,69,0
2020-05-17,Russia,NA,Altai Republic,215263,6,0,75,0
2020-05-18,Russia,NA,Altai Republic,215263,3,0,78,0
2020-05-19,Russia,NA,Altai Republic,215263,3,0,81,0
2020-05-20,Russia,NA,Altai Republic,215263,1,0,82,0
2020-05-21,Russia,NA,Altai Republic,215263,6,0,88,0
2020-05-22,Russia,NA,Altai Republic,215263,4,0,92,0
2020-05-24,Russia,NA,Altai Republic,215263,3,0,95,0
2020-05-25,Russia,NA,Altai Republic,215263,7,0,102,0
2020-05-26,Russia,NA,Altai Republic,215263,2,0,104,0
2020-05-27,Russia,NA,Altai Republic,215263,1,0,105,0
2020-05-28,Russia,NA,Altai Republic,215263,4,0,109,0
2020-05-29,Russia,NA,Altai Republic,215263,1,0,110,0
2020-05-30,Russia,NA,Altai Republic,215263,6,0,116,0
2020-05-31,Russia,NA,Altai Republic,215263,6,0,122,0
2020-06-01,Russia,NA,Altai Republic,215263,10,0,132,0
2020-06-02,Russia,NA,Altai Republic,215263,1,0,133,0
2020-06-03,Russia,NA,Altai Republic,215263,5,0,138,0
2020-06-04,Russia,NA,Altai Republic,215263,16,0,154,0
2020-06-05,Russia,NA,Altai Republic,215263,2,0,156,0
2020-06-06,Russia,NA,Altai Republic,215263,7,0,163,0
2020-06-07,Russia,NA,Altai Republic,215263,9,0,172,0
2020-06-08,Russia,NA,Altai Republic,215263,8,0,180,0
2020-06-09,Russia,NA,Altai Republic,215263,10,0,190,0
2020-06-10,Russia,NA,Altai Republic,215263,14,0,204,0
2020-06-11,Russia,NA,Altai Republic,215263,8,0,212,0
2020-06-12,Russia,NA,Altai Republic,215263,8,0,220,0
2020-06-13,Russia,NA,Altai Republic,215263,23,0,243,0
2020-06-14,Russia,NA,Altai Republic,215263,13,0,256,0
2020-06-15,Russia,NA,Altai Republic,215263,19,0,275,0
2020-06-16,Russia,NA,Altai Republic,215263,4,0,279,0
2020-06-17,Russia,NA,Altai Republic,215263,21,0,300,0
2020-06-18,Russia,NA,Altai Republic,215263,34,0,334,0
2020-06-19,Russia,NA,Altai Republic,215263,2,0,336,0
2020-06-20,Russia,NA,Altai Republic,215263,60,0,396,0
2020-06-21,Russia,NA,Altai Republic,215263,25,0,421,0
2020-06-22,Russia,NA,Altai Republic,215263,15,0,436,0
2020-06-23,Russia,NA,Altai Republic,215263,30,0,466,0
2020-06-24,Russia,NA,Altai Republic,215263,17,0,483,0
2020-06-25,Russia,NA,Altai Republic,215263,28,0,511,0
2020-06-26,Russia,NA,Altai Republic,215263,11,0,522,0
2020-06-27,Russia,NA,Altai Republic,215263,39,0,561,0
2020-06-28,Russia,NA,Altai Republic,215263,36,0,597,0
2020-06-29,Russia,NA,Altai Republic,215263,20,0,617,0
2020-06-30,Russia,NA,Altai Republic,215263,33,0,650,0
2020-07-01,Russia,NA,Altai Republic,215263,31,0,681,0
2020-07-02,Russia,NA,Altai Republic,215263,64,0,745,0
2020-07-03,Russia,NA,Altai Republic,215263,32,0,777,0
2020-07-04,Russia,NA,Altai Republic,215263,31,0,808,0
2020-07-05,Russia,NA,Altai Republic,215263,41,0,849,0
2020-07-06,Russia,NA,Altai Republic,215263,20,0,869,0
2020-07-07,Russia,NA,Altai Republic,215263,22,0,891,0
2020-07-08,Russia,NA,Altai Republic,215263,45,0,936,0
2020-07-09,Russia,NA,Altai Republic,215263,26,0,962,0
2020-07-10,Russia,NA,Altai Republic,215263,31,0,993,0
2020-07-11,Russia,NA,Altai Republic,215263,43,0,1036,0
2020-07-12,Russia,NA,Altai Republic,215263,17,0,1053,0
2020-07-13,Russia,NA,Altai Republic,215263,46,0,1099,0
2020-07-14,Russia,NA,Altai Republic,215263,12,0,1111,0
2020-07-15,Russia,NA,Altai Republic,215263,28,0,1139,0
2020-07-16,Russia,NA,Altai Republic,215263,15,0,1154,0
2020-07-17,Russia,NA,Altai Republic,215263,43,0,1197,0
2020-07-18,Russia,NA,Altai Republic,215263,20,0,1217,0
2020-07-19,Russia,NA,Altai Republic,215263,22,0,1239,0
2020-07-20,Russia,NA,Altai Republic,215263,37,0,1276,0
2020-07-21,Russia,NA,Altai Republic,215263,28,0,1304,0
2020-07-22,Russia,NA,Altai Republic,215263,27,0,1331,0
2020-07-23,Russia,NA,Altai Republic,215263,20,0,1351,0
2020-07-24,Russia,NA,Altai Republic,215263,36,0,1387,0
2020-07-25,Russia,NA,Altai Republic,215263,32,0,1419,0
2020-07-26,Russia,NA,Altai Republic,215263,18,0,1437,0
2020-07-27,Russia,NA,Altai Republic,215263,25,0,1462,0
2020-07-28,Russia,NA,Altai Republic,215263,14,0,1476,0
2020-07-29,Russia,NA,Altai Republic,215263,22,0,1498,0
2020-07-30,Russia,NA,Altai Republic,215263,31,0,1529,0
2020-07-31,Russia,NA,Altai Republic,215263,22,0,1551,0
2020-08-01,Russia,NA,Altai Republic,215263,28,0,1579,0
2020-08-02,Russia,NA,Altai Republic,215263,27,0,1606,0
2020-04-17,Russia,NA,Amur Oblast,798424,2,0,11,0
2020-04-18,Russia,NA,Amur Oblast,798424,3,0,14,0
2020-04-19,Russia,NA,Amur Oblast,798424,2,0,16,0
2020-04-20,Russia,NA,Amur Oblast,798424,4,0,20,0
2020-04-22,Russia,NA,Amur Oblast,798424,3,0,23,0
2020-04-23,Russia,NA,Amur Oblast,798424,2,0,25,0
2020-04-24,Russia,NA,Amur Oblast,798424,3,0,28,0
2020-04-25,Russia,NA,Amur Oblast,798424,5,0,33,0
2020-04-26,Russia,NA,Amur Oblast,798424,3,0,36,0
2020-04-27,Russia,NA,Amur Oblast,798424,4,0,40,0
2020-04-28,Russia,NA,Amur Oblast,798424,1,0,41,0
2020-04-29,Russia,NA,Amur Oblast,798424,5,0,46,0
2020-04-30,Russia,NA,Amur Oblast,798424,10,0,56,0
2020-05-01,Russia,NA,Amur Oblast,798424,11,0,67,0
2020-05-02,Russia,NA,Amur Oblast,798424,5,0,72,0
2020-05-03,Russia,NA,Amur Oblast,798424,7,0,79,0
2020-05-04,Russia,NA,Amur Oblast,798424,5,0,84,0
2020-05-05,Russia,NA,Amur Oblast,798424,14,0,98,0
2020-05-06,Russia,NA,Amur Oblast,798424,8,0,106,0
2020-05-07,Russia,NA,Amur Oblast,798424,6,0,112,0
2020-05-08,Russia,NA,Amur Oblast,798424,11,0,123,0
2020-05-09,Russia,NA,Amur Oblast,798424,12,0,135,0
2020-05-10,Russia,NA,Amur Oblast,798424,5,0,140,0
2020-05-11,Russia,NA,Amur Oblast,798424,12,0,152,0
2020-05-12,Russia,NA,Amur Oblast,798424,17,0,169,0
2020-05-13,Russia,NA,Amur Oblast,798424,13,0,182,0
2020-05-14,Russia,NA,Amur Oblast,798424,12,0,194,0
2020-05-15,Russia,NA,Amur Oblast,798424,10,0,204,0
2020-05-16,Russia,NA,Amur Oblast,798424,8,0,212,0
2020-05-17,Russia,NA,Amur Oblast,798424,10,0,222,0
2020-05-18,Russia,NA,Amur Oblast,798424,16,0,238,0
2020-05-19,Russia,NA,Amur Oblast,798424,9,0,247,0
2020-05-20,Russia,NA,Amur Oblast,798424,30,0,277,0
2020-05-21,Russia,NA,Amur Oblast,798424,17,0,294,0
2020-05-22,Russia,NA,Amur Oblast,798424,23,0,317,0
2020-05-23,Russia,NA,Amur Oblast,798424,23,0,340,0
2020-05-24,Russia,NA,Amur Oblast,798424,15,0,355,0
2020-05-25,Russia,NA,Amur Oblast,798424,30,0,385,0
2020-05-26,Russia,NA,Amur Oblast,798424,16,0,401,0
2020-05-27,Russia,NA,Amur Oblast,798424,13,0,414,0
2020-05-28,Russia,NA,Amur Oblast,798424,19,0,433,0
2020-05-29,Russia,NA,Amur Oblast,798424,28,0,461,0
2020-05-30,Russia,NA,Amur Oblast,798424,25,0,486,0
2020-05-31,Russia,NA,Amur Oblast,798424,20,0,506,0
2020-06-01,Russia,NA,Amur Oblast,798424,22,0,528,0
2020-06-02,Russia,NA,Amur Oblast,798424,18,0,546,0
2020-06-03,Russia,NA,Amur Oblast,798424,20,0,566,0
2020-06-04,Russia,NA,Amur Oblast,798424,22,0,588,0
2020-06-05,Russia,NA,Amur Oblast,798424,27,0,615,0
2020-06-06,Russia,NA,Amur Oblast,798424,42,0,657,0
2020-06-07,Russia,NA,Amur Oblast,798424,45,0,702,0
2020-06-08,Russia,NA,Amur Oblast,798424,46,0,748,0
2020-06-09,Russia,NA,Amur Oblast,798424,48,0,796,0
2020-06-10,Russia,NA,Amur Oblast,798424,39,0,835,0
2020-06-11,Russia,NA,Amur Oblast,798424,38,0,873,0
2020-06-12,Russia,NA,Amur Oblast,798424,41,0,914,0
2020-06-13,Russia,NA,Amur Oblast,798424,59,0,973,0
2020-06-14,Russia,NA,Amur Oblast,798424,45,0,1018,0
2020-06-15,Russia,NA,Amur Oblast,798424,44,0,1062,0
2020-06-16,Russia,NA,Amur Oblast,798424,38,0,1100,0
2020-06-17,Russia,NA,Amur Oblast,798424,38,0,1138,0
2020-06-18,Russia,NA,Amur Oblast,798424,43,0,1181,0
2020-06-19,Russia,NA,Amur Oblast,798424,49,0,1230,0
2020-06-20,Russia,NA,Amur Oblast,798424,53,0,1283,0
2020-06-21,Russia,NA,Amur Oblast,798424,57,0,1340,0
2020-06-22,Russia,NA,Amur Oblast,798424,59,0,1399,0
2020-06-23,Russia,NA,Amur Oblast,798424,45,0,1444,0
2020-06-24,Russia,NA,Amur Oblast,798424,46,0,1490,0
2020-06-25,Russia,NA,Amur Oblast,798424,38,0,1528,0
2020-06-26,Russia,NA,Amur Oblast,798424,44,0,1572,0
2020-06-27,Russia,NA,Amur Oblast,798424,38,0,1610,0
2020-06-28,Russia,NA,Amur Oblast,798424,41,0,1651,0
2020-06-29,Russia,NA,Amur Oblast,798424,31,0,1682,0
2020-06-30,Russia,NA,Amur Oblast,798424,25,0,1707,0
2020-07-01,Russia,NA,Amur Oblast,798424,27,0,1734,0
2020-07-02,Russia,NA,Amur Oblast,798424,31,0,1765,0
2020-07-03,Russia,NA,Amur Oblast,798424,30,0,1795,0
2020-07-04,Russia,NA,Amur Oblast,798424,31,0,1826,0
2020-07-05,Russia,NA,Amur Oblast,798424,34,0,1860,0
2020-07-06,Russia,NA,Amur Oblast,798424,29,0,1889,0
2020-07-07,Russia,NA,Amur Oblast,798424,28,0,1917,0
2020-07-08,Russia,NA,Amur Oblast,798424,27,0,1944,0
2020-07-09,Russia,NA,Amur Oblast,798424,31,0,1975,0
2020-07-10,Russia,NA,Amur Oblast,798424,44,0,2019,0
2020-07-11,Russia,NA,Amur Oblast,798424,38,0,2057,0
2020-07-12,Russia,NA,Amur Oblast,798424,40,0,2097,0
2020-07-13,Russia,NA,Amur Oblast,798424,46,0,2143,0
2020-07-14,Russia,NA,Amur Oblast,798424,42,0,2185,0
2020-07-15,Russia,NA,Amur Oblast,798424,42,0,2227,0
2020-07-16,Russia,NA,Amur Oblast,798424,44,0,2271,0
2020-07-17,Russia,NA,Amur Oblast,798424,43,0,2314,0
2020-07-18,Russia,NA,Amur Oblast,798424,40,0,2354,0
2020-07-19,Russia,NA,Amur Oblast,798424,39,0,2393,0
2020-07-20,Russia,NA,Amur Oblast,798424,30,0,2423,0
2020-07-21,Russia,NA,Amur Oblast,798424,28,0,2451,0
2020-07-22,Russia,NA,Amur Oblast,798424,27,0,2478,0
2020-07-23,Russia,NA,Amur Oblast,798424,28,0,2506,0
2020-07-24,Russia,NA,Amur Oblast,798424,28,0,2534,0
2020-07-25,Russia,NA,Amur Oblast,798424,32,0,2566,0
2020-07-26,Russia,NA,Amur Oblast,798424,34,0,2600,0
2020-07-27,Russia,NA,Amur Oblast,798424,32,0,2632,0
2020-07-28,Russia,NA,Amur Oblast,798424,28,0,2660,0
2020-07-29,Russia,NA,Amur Oblast,798424,29,0,2689,0
2020-07-30,Russia,NA,Amur Oblast,798424,35,0,2724,0
2020-07-31,Russia,NA,Amur Oblast,798424,28,0,2752,0
2020-08-01,Russia,NA,Amur Oblast,798424,24,0,2776,0
2020-08-02,Russia,NA,Amur Oblast,798424,25,0,2801,0
2020-08-17,Russia,NA,Amur Oblast,798424,0,0,3081,47
2020-08-18,Russia,NA,Amur Oblast,798424,17,0,3098,47
2020-08-19,Russia,NA,Amur Oblast,798424,20,0,3118,47
2020-08-20,Russia,NA,Amur Oblast,798424,22,0,3140,47
2020-08-21,Russia,NA,Amur Oblast,798424,17,0,3157,47
2020-08-22,Russia,NA,Amur Oblast,798424,15,0,3172,47
2020-08-23,Russia,NA,Amur Oblast,798424,17,0,3189,47
2020-08-24,Russia,NA,Amur Oblast,798424,19,0,3208,47
2020-08-25,Russia,NA,Amur Oblast,798424,20,0,3228,47
2020-08-26,Russia,NA,Amur Oblast,798424,22,0,3250,47
2020-08-27,Russia,NA,Amur Oblast,798424,24,0,3274,47
2020-08-28,Russia,NA,Amur Oblast,798424,25,0,3299,47
2020-08-29,Russia,NA,Amur Oblast,798424,27,0,3326,47
2020-08-30,Russia,NA,Amur Oblast,798424,29,0,3355,47
2020-08-31,Russia,NA,Amur Oblast,798424,31,0,3386,47
2020-09-01,Russia,NA,Amur Oblast,798424,32,0,3418,47
2020-09-02,Russia,NA,Amur Oblast,798424,31,0,3449,47
2020-09-03,Russia,NA,Amur Oblast,798424,30,0,3479,47
2020-09-04,Russia,NA,Amur Oblast,798424,29,0,3508,47
2020-09-05,Russia,NA,Amur Oblast,798424,29,0,3537,47
2020-09-06,Russia,NA,Amur Oblast,798424,35,0,3572,47
2020-09-07,Russia,NA,Amur Oblast,798424,36,0,3608,47
2020-09-08,Russia,NA,Amur Oblast,798424,33,0,3641,47
2020-09-09,Russia,NA,Amur Oblast,798424,30,2,3671,49
2020-09-10,Russia,NA,Amur Oblast,798424,29,1,3700,50
2020-09-11,Russia,NA,Amur Oblast,798424,31,0,3731,50
2020-09-12,Russia,NA,Amur Oblast,798424,30,0,3761,50
2020-09-13,Russia,NA,Amur Oblast,798424,28,0,3789,50
2020-09-14,Russia,NA,Amur Oblast,798424,27,0,3816,50
2020-09-15,Russia,NA,Amur Oblast,798424,26,0,3842,50
2020-04-06,Russia,NA,Arkhangelsk Oblast,1155028,6,0,14,0
2020-04-09,Russia,NA,Arkhangelsk Oblast,1155028,10,0,24,0
2020-04-13,Russia,NA,Arkhangelsk Oblast,1155028,7,0,31,0
2020-04-14,Russia,NA,Arkhangelsk Oblast,1155028,1,0,32,0
2020-04-16,Russia,NA,Arkhangelsk Oblast,1155028,1,0,33,0
2020-04-17,Russia,NA,Arkhangelsk Oblast,1155028,1,0,34,0
2020-04-18,Russia,NA,Arkhangelsk Oblast,1155028,5,0,39,0
2020-04-19,Russia,NA,Arkhangelsk Oblast,1155028,68,0,107,0
2020-04-20,Russia,NA,Arkhangelsk Oblast,1155028,7,0,114,0
2020-04-21,Russia,NA,Arkhangelsk Oblast,1155028,4,0,118,0
2020-04-22,Russia,NA,Arkhangelsk Oblast,1155028,2,0,120,0
2020-04-23,Russia,NA,Arkhangelsk Oblast,1155028,3,0,123,0
2020-04-24,Russia,NA,Arkhangelsk Oblast,1155028,14,0,137,0
2020-04-25,Russia,NA,Arkhangelsk Oblast,1155028,10,0,147,0
2020-04-26,Russia,NA,Arkhangelsk Oblast,1155028,20,0,167,0
2020-04-27,Russia,NA,Arkhangelsk Oblast,1155028,8,0,175,0
2020-04-28,Russia,NA,Arkhangelsk Oblast,1155028,6,0,181,0
2020-04-29,Russia,NA,Arkhangelsk Oblast,1155028,4,0,185,0
2020-04-30,Russia,NA,Arkhangelsk Oblast,1155028,13,0,198,0
2020-05-01,Russia,NA,Arkhangelsk Oblast,1155028,15,0,213,0
2020-05-02,Russia,NA,Arkhangelsk Oblast,1155028,25,0,238,0
2020-05-03,Russia,NA,Arkhangelsk Oblast,1155028,22,0,260,0
2020-05-04,Russia,NA,Arkhangelsk Oblast,1155028,39,0,299,0
2020-05-05,Russia,NA,Arkhangelsk Oblast,1155028,6,0,305,0
2020-05-06,Russia,NA,Arkhangelsk Oblast,1155028,24,0,329,0
2020-05-07,Russia,NA,Arkhangelsk Oblast,1155028,25,0,354,0
2020-05-08,Russia,NA,Arkhangelsk Oblast,1155028,18,0,372,0
2020-05-09,Russia,NA,Arkhangelsk Oblast,1155028,28,0,400,0
2020-05-10,Russia,NA,Arkhangelsk Oblast,1155028,25,0,425,0
2020-05-11,Russia,NA,Arkhangelsk Oblast,1155028,32,0,457,0
2020-05-12,Russia,NA,Arkhangelsk Oblast,1155028,37,0,494,0
2020-05-13,Russia,NA,Arkhangelsk Oblast,1155028,19,0,513,0
2020-05-14,Russia,NA,Arkhangelsk Oblast,1155028,41,0,554,0
2020-05-15,Russia,NA,Arkhangelsk Oblast,1155028,32,0,586,0
2020-05-16,Russia,NA,Arkhangelsk Oblast,1155028,52,0,638,0
2020-05-17,Russia,NA,Arkhangelsk Oblast,1155028,50,0,688,0
2020-05-18,Russia,NA,Arkhangelsk Oblast,1155028,32,0,720,0
2020-05-19,Russia,NA,Arkhangelsk Oblast,1155028,72,0,792,0
2020-05-20,Russia,NA,Arkhangelsk Oblast,1155028,25,0,817,0
2020-05-21,Russia,NA,Arkhangelsk Oblast,1155028,41,0,858,0
2020-05-22,Russia,NA,Arkhangelsk Oblast,1155028,30,0,888,0
2020-05-23,Russia,NA,Arkhangelsk Oblast,1155028,37,0,925,0
2020-05-24,Russia,NA,Arkhangelsk Oblast,1155028,95,0,1020,0
2020-05-25,Russia,NA,Arkhangelsk Oblast,1155028,126,0,1146,0
2020-05-26,Russia,NA,Arkhangelsk Oblast,1155028,169,0,1315,0
2020-05-27,Russia,NA,Arkhangelsk Oblast,1155028,95,0,1410,0
2020-05-28,Russia,NA,Arkhangelsk Oblast,1155028,127,0,1537,0
2020-05-29,Russia,NA,Arkhangelsk Oblast,1155028,101,0,1638,0
2020-05-30,Russia,NA,Arkhangelsk Oblast,1155028,158,0,1796,0
2020-05-31,Russia,NA,Arkhangelsk Oblast,1155028,137,0,1933,0
2020-06-01,Russia,NA,Arkhangelsk Oblast,1155028,135,0,2068,0
2020-06-02,Russia,NA,Arkhangelsk Oblast,1155028,56,0,2124,0
2020-06-03,Russia,NA,Arkhangelsk Oblast,1155028,239,0,2363,0
2020-06-04,Russia,NA,Arkhangelsk Oblast,1155028,133,0,2496,0
2020-06-05,Russia,NA,Arkhangelsk Oblast,1155028,125,0,2621,0
2020-06-06,Russia,NA,Arkhangelsk Oblast,1155028,125,0,2746,0
2020-06-07,Russia,NA,Arkhangelsk Oblast,1155028,122,0,2868,0
2020-06-08,Russia,NA,Arkhangelsk Oblast,1155028,121,0,2989,0
2020-06-09,Russia,NA,Arkhangelsk Oblast,1155028,96,0,3085,0
2020-06-10,Russia,NA,Arkhangelsk Oblast,1155028,132,0,3217,0
2020-06-11,Russia,NA,Arkhangelsk Oblast,1155028,145,0,3362,0
2020-06-12,Russia,NA,Arkhangelsk Oblast,1155028,112,0,3474,0
2020-06-13,Russia,NA,Arkhangelsk Oblast,1155028,113,0,3587,0
2020-06-14,Russia,NA,Arkhangelsk Oblast,1155028,109,0,3696,0
2020-06-15,Russia,NA,Arkhangelsk Oblast,1155028,107,0,3803,0
2020-06-16,Russia,NA,Arkhangelsk Oblast,1155028,109,0,3912,0
2020-06-17,Russia,NA,Arkhangelsk Oblast,1155028,123,0,4035,0
2020-06-18,Russia,NA,Arkhangelsk Oblast,1155028,121,0,4156,0
2020-06-19,Russia,NA,Arkhangelsk Oblast,1155028,118,0,4274,0
2020-06-20,Russia,NA,Arkhangelsk Oblast,1155028,121,0,4395,0
2020-06-21,Russia,NA,Arkhangelsk Oblast,1155028,129,0,4524,0
2020-06-22,Russia,NA,Arkhangelsk Oblast,1155028,107,0,4631,0
2020-06-23,Russia,NA,Arkhangelsk Oblast,1155028,124,0,4755,0
2020-06-24,Russia,NA,Arkhangelsk Oblast,1155028,120,0,4875,0
2020-06-25,Russia,NA,Arkhangelsk Oblast,1155028,117,0,4992,0
2020-06-26,Russia,NA,Arkhangelsk Oblast,1155028,115,0,5107,0
2020-06-27,Russia,NA,Arkhangelsk Oblast,1155028,118,0,5225,0
2020-06-28,Russia,NA,Arkhangelsk Oblast,1155028,114,0,5339,0
2020-06-29,Russia,NA,Arkhangelsk Oblast,1155028,115,0,5454,0
2020-06-30,Russia,NA,Arkhangelsk Oblast,1155028,102,0,5556,0
2020-07-01,Russia,NA,Arkhangelsk Oblast,1155028,118,0,5674,0
2020-07-02,Russia,NA,Arkhangelsk Oblast,1155028,116,0,5790,0
2020-07-03,Russia,NA,Arkhangelsk Oblast,1155028,119,0,5909,0
2020-07-04,Russia,NA,Arkhangelsk Oblast,1155028,117,0,6026,0
2020-07-05,Russia,NA,Arkhangelsk Oblast,1155028,170,0,6196,0
2020-07-06,Russia,NA,Arkhangelsk Oblast,1155028,104,0,6300,0
2020-07-07,Russia,NA,Arkhangelsk Oblast,1155028,119,0,6419,0
2020-07-08,Russia,NA,Arkhangelsk Oblast,1155028,115,0,6534,0
2020-07-09,Russia,NA,Arkhangelsk Oblast,1155028,113,0,6647,0
2020-07-10,Russia,NA,Arkhangelsk Oblast,1155028,112,0,6759,0
2020-07-11,Russia,NA,Arkhangelsk Oblast,1155028,114,0,6873,0
2020-07-12,Russia,NA,Arkhangelsk Oblast,1155028,115,0,6988,0
2020-07-13,Russia,NA,Arkhangelsk Oblast,1155028,134,0,7122,0
2020-07-14,Russia,NA,Arkhangelsk Oblast,1155028,129,0,7251,0
2020-07-15,Russia,NA,Arkhangelsk Oblast,1155028,119,0,7370,0
2020-07-16,Russia,NA,Arkhangelsk Oblast,1155028,122,0,7492,0
2020-07-17,Russia,NA,Arkhangelsk Oblast,1155028,116,0,7608,0
2020-07-18,Russia,NA,Arkhangelsk Oblast,1155028,104,0,7712,0
2020-07-19,Russia,NA,Arkhangelsk Oblast,1155028,107,0,7819,0
2020-07-20,Russia,NA,Arkhangelsk Oblast,1155028,89,0,7908,0
2020-07-21,Russia,NA,Arkhangelsk Oblast,1155028,81,0,7989,0
2020-07-22,Russia,NA,Arkhangelsk Oblast,1155028,92,0,8081,0
2020-07-23,Russia,NA,Arkhangelsk Oblast,1155028,76,0,8157,0
2020-07-24,Russia,NA,Arkhangelsk Oblast,1155028,68,0,8225,0
2020-07-25,Russia,NA,Arkhangelsk Oblast,1155028,66,0,8291,0
2020-07-26,Russia,NA,Arkhangelsk Oblast,1155028,74,0,8365,0
2020-07-27,Russia,NA,Arkhangelsk Oblast,1155028,69,0,8434,0
2020-07-28,Russia,NA,Arkhangelsk Oblast,1155028,63,0,8497,0
2020-07-29,Russia,NA,Arkhangelsk Oblast,1155028,68,0,8565,0
2020-07-30,Russia,NA,Arkhangelsk Oblast,1155028,76,0,8641,0
2020-07-31,Russia,NA,Arkhangelsk Oblast,1155028,69,0,8710,0
2020-08-01,Russia,NA,Arkhangelsk Oblast,1155028,57,0,8767,0
2020-08-02,Russia,NA,Arkhangelsk Oblast,1155028,75,0,8842,0
2020-08-17,Russia,NA,Arkhangelsk Oblast,1155028,0,0,9838,241
2020-08-18,Russia,NA,Arkhangelsk Oblast,1155028,83,0,9921,241
2020-08-19,Russia,NA,Arkhangelsk Oblast,1155028,67,0,9988,241
2020-08-20,Russia,NA,Arkhangelsk Oblast,1155028,71,0,10059,241
2020-08-21,Russia,NA,Arkhangelsk Oblast,1155028,77,0,10136,241
2020-08-22,Russia,NA,Arkhangelsk Oblast,1155028,89,2,10225,243
2020-08-23,Russia,NA,Arkhangelsk Oblast,1155028,81,2,10306,245
2020-08-24,Russia,NA,Arkhangelsk Oblast,1155028,52,0,10358,245
2020-08-25,Russia,NA,Arkhangelsk Oblast,1155028,24,0,10382,245
2020-08-26,Russia,NA,Arkhangelsk Oblast,1155028,60,0,10442,245
2020-08-27,Russia,NA,Arkhangelsk Oblast,1155028,73,3,10515,248
2020-08-28,Russia,NA,Arkhangelsk Oblast,1155028,87,1,10602,249
2020-08-29,Russia,NA,Arkhangelsk Oblast,1155028,100,2,10702,251
2020-08-30,Russia,NA,Arkhangelsk Oblast,1155028,81,0,10783,251
2020-08-31,Russia,NA,Arkhangelsk Oblast,1155028,42,0,10825,251
2020-09-01,Russia,NA,Arkhangelsk Oblast,1155028,63,1,10888,252
2020-09-02,Russia,NA,Arkhangelsk Oblast,1155028,49,0,10937,252
2020-09-03,Russia,NA,Arkhangelsk Oblast,1155028,48,0,10985,252
2020-09-04,Russia,NA,Arkhangelsk Oblast,1155028,74,0,11059,252
2020-09-05,Russia,NA,Arkhangelsk Oblast,1155028,72,2,11131,254
2020-09-06,Russia,NA,Arkhangelsk Oblast,1155028,60,1,11191,255
2020-09-07,Russia,NA,Arkhangelsk Oblast,1155028,78,0,11269,255
2020-09-08,Russia,NA,Arkhangelsk Oblast,1155028,68,0,11337,255
2020-09-09,Russia,NA,Arkhangelsk Oblast,1155028,69,0,11406,255
2020-09-10,Russia,NA,Arkhangelsk Oblast,1155028,85,1,11491,256
2020-09-11,Russia,NA,Arkhangelsk Oblast,1155028,83,0,11574,256
2020-09-12,Russia,NA,Arkhangelsk Oblast,1155028,83,0,11657,256
2020-09-13,Russia,NA,Arkhangelsk Oblast,1155028,96,0,11753,256
2020-09-14,Russia,NA,Arkhangelsk Oblast,1155028,91,0,11844,256
2020-09-15,Russia,NA,Arkhangelsk Oblast,1155028,88,0,11932,256
2020-04-09,Russia,NA,Astrakhan Oblast,1017514,16,0,21,0
2020-04-12,Russia,NA,Astrakhan Oblast,1017514,8,0,29,0
2020-04-13,Russia,NA,Astrakhan Oblast,1017514,1,0,30,0
2020-04-15,Russia,NA,Astrakhan Oblast,1017514,17,0,47,0
2020-04-16,Russia,NA,Astrakhan Oblast,1017514,13,0,60,0
2020-04-17,Russia,NA,Astrakhan Oblast,1017514,4,0,64,0
2020-04-18,Russia,NA,Astrakhan Oblast,1017514,35,0,99,0
2020-04-19,Russia,NA,Astrakhan Oblast,1017514,24,0,123,0
2020-04-20,Russia,NA,Astrakhan Oblast,1017514,13,0,136,0
2020-04-21,Russia,NA,Astrakhan Oblast,1017514,1,0,137,0
2020-04-22,Russia,NA,Astrakhan Oblast,1017514,11,0,148,0
2020-04-23,Russia,NA,Astrakhan Oblast,1017514,17,0,165,0
2020-04-24,Russia,NA,Astrakhan Oblast,1017514,21,0,186,0
2020-04-25,Russia,NA,Astrakhan Oblast,1017514,25,0,211,0
2020-04-26,Russia,NA,Astrakhan Oblast,1017514,66,0,277,0
2020-04-27,Russia,NA,Astrakhan Oblast,1017514,21,0,298,0
2020-04-28,Russia,NA,Astrakhan Oblast,1017514,8,0,306,0
2020-04-29,Russia,NA,Astrakhan Oblast,1017514,44,0,350,0
2020-04-30,Russia,NA,Astrakhan Oblast,1017514,15,0,365,0
2020-05-01,Russia,NA,Astrakhan Oblast,1017514,19,0,384,0
2020-05-02,Russia,NA,Astrakhan Oblast,1017514,27,0,411,0
2020-05-03,Russia,NA,Astrakhan Oblast,1017514,76,0,487,0
2020-05-04,Russia,NA,Astrakhan Oblast,1017514,17,0,504,0
2020-05-05,Russia,NA,Astrakhan Oblast,1017514,31,0,535,0
2020-05-06,Russia,NA,Astrakhan Oblast,1017514,29,0,564,0
2020-05-07,Russia,NA,Astrakhan Oblast,1017514,25,0,589,0
2020-05-08,Russia,NA,Astrakhan Oblast,1017514,40,0,629,0
2020-05-09,Russia,NA,Astrakhan Oblast,1017514,44,0,673,0
2020-05-10,Russia,NA,Astrakhan Oblast,1017514,58,0,731,0
2020-05-11,Russia,NA,Astrakhan Oblast,1017514,33,0,764,0
2020-05-12,Russia,NA,Astrakhan Oblast,1017514,42,0,806,0
2020-05-13,Russia,NA,Astrakhan Oblast,1017514,44,0,850,0
2020-05-14,Russia,NA,Astrakhan Oblast,1017514,45,0,895,0
2020-05-15,Russia,NA,Astrakhan Oblast,1017514,50,0,945,0
2020-05-16,Russia,NA,Astrakhan Oblast,1017514,39,0,984,0
2020-05-17,Russia,NA,Astrakhan Oblast,1017514,45,0,1029,0
2020-05-18,Russia,NA,Astrakhan Oblast,1017514,36,0,1065,0
2020-05-19,Russia,NA,Astrakhan Oblast,1017514,34,0,1099,0
2020-05-20,Russia,NA,Astrakhan Oblast,1017514,55,0,1154,0
2020-05-21,Russia,NA,Astrakhan Oblast,1017514,48,0,1202,0
2020-05-22,Russia,NA,Astrakhan Oblast,1017514,45,0,1247,0
2020-05-23,Russia,NA,Astrakhan Oblast,1017514,51,0,1298,0
2020-05-24,Russia,NA,Astrakhan Oblast,1017514,50,0,1348,0
2020-05-25,Russia,NA,Astrakhan Oblast,1017514,153,0,1501,0
2020-05-26,Russia,NA,Astrakhan Oblast,1017514,57,0,1558,0
2020-05-27,Russia,NA,Astrakhan Oblast,1017514,38,0,1596,0
2020-05-28,Russia,NA,Astrakhan Oblast,1017514,18,0,1614,0
2020-05-29,Russia,NA,Astrakhan Oblast,1017514,40,0,1654,0
2020-05-30,Russia,NA,Astrakhan Oblast,1017514,39,0,1693,0
2020-05-31,Russia,NA,Astrakhan Oblast,1017514,59,0,1752,0
2020-06-01,Russia,NA,Astrakhan Oblast,1017514,131,0,1883,0
2020-06-02,Russia,NA,Astrakhan Oblast,1017514,54,0,1937,0
2020-06-03,Russia,NA,Astrakhan Oblast,1017514,67,0,2004,0
2020-06-04,Russia,NA,Astrakhan Oblast,1017514,93,0,2097,0
2020-06-05,Russia,NA,Astrakhan Oblast,1017514,75,0,2172,0
2020-06-06,Russia,NA,Astrakhan Oblast,1017514,61,0,2233,0
2020-06-07,Russia,NA,Astrakhan Oblast,1017514,60,0,2293,0
2020-06-08,Russia,NA,Astrakhan Oblast,1017514,44,0,2337,0
2020-06-09,Russia,NA,Astrakhan Oblast,1017514,83,0,2420,0
2020-06-10,Russia,NA,Astrakhan Oblast,1017514,81,0,2501,0
2020-06-11,Russia,NA,Astrakhan Oblast,1017514,85,0,2586,0
2020-06-12,Russia,NA,Astrakhan Oblast,1017514,44,0,2630,0
2020-06-13,Russia,NA,Astrakhan Oblast,1017514,44,0,2674,0
2020-06-14,Russia,NA,Astrakhan Oblast,1017514,59,0,2733,0
2020-06-15,Russia,NA,Astrakhan Oblast,1017514,61,0,2794,0
2020-06-16,Russia,NA,Astrakhan Oblast,1017514,68,0,2862,0
2020-06-17,Russia,NA,Astrakhan Oblast,1017514,65,0,2927,0
2020-06-18,Russia,NA,Astrakhan Oblast,1017514,60,0,2987,0
2020-06-19,Russia,NA,Astrakhan Oblast,1017514,59,0,3046,0
2020-06-20,Russia,NA,Astrakhan Oblast,1017514,57,0,3103,0
2020-06-21,Russia,NA,Astrakhan Oblast,1017514,55,0,3158,0
2020-06-22,Russia,NA,Astrakhan Oblast,1017514,48,0,3206,0
2020-06-23,Russia,NA,Astrakhan Oblast,1017514,36,0,3242,0
2020-06-24,Russia,NA,Astrakhan Oblast,1017514,33,0,3275,0
2020-06-25,Russia,NA,Astrakhan Oblast,1017514,32,0,3307,0
2020-06-26,Russia,NA,Astrakhan Oblast,1017514,40,0,3347,0
2020-06-27,Russia,NA,Astrakhan Oblast,1017514,35,0,3382,0
2020-06-28,Russia,NA,Astrakhan Oblast,1017514,37,0,3419,0
2020-06-29,Russia,NA,Astrakhan Oblast,1017514,29,0,3448,0
2020-06-30,Russia,NA,Astrakhan Oblast,1017514,31,0,3479,0
2020-07-01,Russia,NA,Astrakhan Oblast,1017514,34,0,3513,0
2020-07-02,Russia,NA,Astrakhan Oblast,1017514,35,0,3548,0
2020-07-03,Russia,NA,Astrakhan Oblast,1017514,29,0,3577,0
2020-07-04,Russia,NA,Astrakhan Oblast,1017514,40,0,3617,0
2020-07-05,Russia,NA,Astrakhan Oblast,1017514,39,0,3656,0
2020-07-06,Russia,NA,Astrakhan Oblast,1017514,42,0,3698,0
2020-07-07,Russia,NA,Astrakhan Oblast,1017514,40,0,3738,0
2020-07-08,Russia,NA,Astrakhan Oblast,1017514,35,0,3773,0
2020-07-09,Russia,NA,Astrakhan Oblast,1017514,33,0,3806,0
2020-07-10,Russia,NA,Astrakhan Oblast,1017514,36,0,3842,0
2020-07-11,Russia,NA,Astrakhan Oblast,1017514,31,0,3873,0
2020-07-12,Russia,NA,Astrakhan Oblast,1017514,37,0,3910,0
2020-07-13,Russia,NA,Astrakhan Oblast,1017514,33,0,3943,0
2020-07-14,Russia,NA,Astrakhan Oblast,1017514,34,0,3977,0
2020-07-15,Russia,NA,Astrakhan Oblast,1017514,36,0,4013,0
2020-07-16,Russia,NA,Astrakhan Oblast,1017514,32,0,4045,0
2020-07-17,Russia,NA,Astrakhan Oblast,1017514,41,0,4086,0
2020-07-18,Russia,NA,Astrakhan Oblast,1017514,58,0,4144,0
2020-07-19,Russia,NA,Astrakhan Oblast,1017514,32,0,4176,0
2020-07-20,Russia,NA,Astrakhan Oblast,1017514,37,0,4213,0
2020-07-21,Russia,NA,Astrakhan Oblast,1017514,32,0,4245,0
2020-07-22,Russia,NA,Astrakhan Oblast,1017514,35,0,4280,0
2020-07-23,Russia,NA,Astrakhan Oblast,1017514,31,0,4311,0
2020-07-24,Russia,NA,Astrakhan Oblast,1017514,30,0,4341,0
2020-07-25,Russia,NA,Astrakhan Oblast,1017514,30,0,4371,0
2020-07-26,Russia,NA,Astrakhan Oblast,1017514,34,0,4405,0
2020-07-27,Russia,NA,Astrakhan Oblast,1017514,32,0,4437,0
2020-07-28,Russia,NA,Astrakhan Oblast,1017514,36,0,4473,0
2020-07-29,Russia,NA,Astrakhan Oblast,1017514,30,0,4503,0
2020-07-30,Russia,NA,Astrakhan Oblast,1017514,35,0,4538,0
2020-07-31,Russia,NA,Astrakhan Oblast,1017514,31,0,4569,0
2020-08-01,Russia,NA,Astrakhan Oblast,1017514,51,0,4620,0
2020-08-02,Russia,NA,Astrakhan Oblast,1017514,37,0,4657,0
2020-08-17,Russia,NA,Astrakhan Oblast,1017514,0,0,5185,59
2020-08-18,Russia,NA,Astrakhan Oblast,1017514,44,1,5229,60
2020-08-19,Russia,NA,Astrakhan Oblast,1017514,35,1,5264,61
2020-08-20,Russia,NA,Astrakhan Oblast,1017514,30,1,5294,62
2020-08-21,Russia,NA,Astrakhan Oblast,1017514,37,1,5331,63
2020-08-22,Russia,NA,Astrakhan Oblast,1017514,38,2,5369,65
2020-08-23,Russia,NA,Astrakhan Oblast,1017514,41,0,5410,65
2020-08-24,Russia,NA,Astrakhan Oblast,1017514,35,1,5445,66
2020-08-25,Russia,NA,Astrakhan Oblast,1017514,33,1,5478,67
2020-08-26,Russia,NA,Astrakhan Oblast,1017514,30,1,5508,68
2020-08-27,Russia,NA,Astrakhan Oblast,1017514,43,1,5551,69
2020-08-28,Russia,NA,Astrakhan Oblast,1017514,40,1,5591,70
2020-08-29,Russia,NA,Astrakhan Oblast,1017514,37,2,5628,72
2020-08-30,Russia,NA,Astrakhan Oblast,1017514,30,0,5658,72
2020-08-31,Russia,NA,Astrakhan Oblast,1017514,35,1,5693,73
2020-09-01,Russia,NA,Astrakhan Oblast,1017514,37,1,5730,74
2020-09-02,Russia,NA,Astrakhan Oblast,1017514,41,1,5771,75
2020-09-03,Russia,NA,Astrakhan Oblast,1017514,38,0,5809,75
2020-09-04,Russia,NA,Astrakhan Oblast,1017514,35,2,5844,77
2020-09-05,Russia,NA,Astrakhan Oblast,1017514,50,2,5894,79
2020-09-06,Russia,NA,Astrakhan Oblast,1017514,41,0,5935,79
2020-09-07,Russia,NA,Astrakhan Oblast,1017514,43,1,5978,80
2020-09-08,Russia,NA,Astrakhan Oblast,1017514,48,1,6026,81
2020-09-09,Russia,NA,Astrakhan Oblast,1017514,50,1,6076,82
2020-09-10,Russia,NA,Astrakhan Oblast,1017514,39,2,6115,84
2020-09-11,Russia,NA,Astrakhan Oblast,1017514,53,1,6168,85
2020-09-12,Russia,NA,Astrakhan Oblast,1017514,50,2,6218,87
2020-09-13,Russia,NA,Astrakhan Oblast,1017514,45,0,6263,87
2020-09-14,Russia,NA,Astrakhan Oblast,1017514,42,1,6305,88
2020-09-15,Russia,NA,Astrakhan Oblast,1017514,51,1,6356,89
2020-04-07,Russia,NA,Bashkortostan,4063293,2,0,12,0
2020-04-08,Russia,NA,Bashkortostan,4063293,4,0,16,0
2020-04-09,Russia,NA,Bashkortostan,4063293,6,0,22,0
2020-04-10,Russia,NA,Bashkortostan,4063293,18,0,40,0
2020-04-11,Russia,NA,Bashkortostan,4063293,25,0,65,0
2020-04-12,Russia,NA,Bashkortostan,4063293,19,0,84,0
2020-04-13,Russia,NA,Bashkortostan,4063293,23,0,107,0
2020-04-14,Russia,NA,Bashkortostan,4063293,22,0,129,0
2020-04-15,Russia,NA,Bashkortostan,4063293,20,0,149,0
2020-04-16,Russia,NA,Bashkortostan,4063293,42,0,191,0
2020-04-17,Russia,NA,Bashkortostan,4063293,22,0,213,0
2020-04-18,Russia,NA,Bashkortostan,4063293,39,0,252,0
2020-04-20,Russia,NA,Bashkortostan,4063293,45,0,297,0
2020-04-21,Russia,NA,Bashkortostan,4063293,74,0,371,0
2020-04-22,Russia,NA,Bashkortostan,4063293,25,0,396,0
2020-04-23,Russia,NA,Bashkortostan,4063293,26,0,422,0
2020-04-24,Russia,NA,Bashkortostan,4063293,33,0,455,0
2020-04-25,Russia,NA,Bashkortostan,4063293,35,0,490,0
2020-04-26,Russia,NA,Bashkortostan,4063293,37,0,527,0
2020-04-27,Russia,NA,Bashkortostan,4063293,43,0,570,0
2020-04-28,Russia,NA,Bashkortostan,4063293,61,0,631,0
2020-04-29,Russia,NA,Bashkortostan,4063293,60,0,691,0
2020-04-30,Russia,NA,Bashkortostan,4063293,75,0,766,0
2020-05-01,Russia,NA,Bashkortostan,4063293,77,0,843,0
2020-05-02,Russia,NA,Bashkortostan,4063293,92,0,935,0
2020-05-03,Russia,NA,Bashkortostan,4063293,87,0,1022,0
2020-05-04,Russia,NA,Bashkortostan,4063293,80,0,1102,0
2020-05-05,Russia,NA,Bashkortostan,4063293,34,0,1136,0
2020-05-06,Russia,NA,Bashkortostan,4063293,24,0,1160,0
2020-05-07,Russia,NA,Bashkortostan,4063293,83,0,1243,0
2020-05-08,Russia,NA,Bashkortostan,4063293,89,0,1332,0
2020-05-09,Russia,NA,Bashkortostan,4063293,84,0,1416,0
2020-05-10,Russia,NA,Bashkortostan,4063293,75,0,1491,0
2020-05-11,Russia,NA,Bashkortostan,4063293,76,0,1567,0
2020-05-12,Russia,NA,Bashkortostan,4063293,80,0,1647,0
2020-05-13,Russia,NA,Bashkortostan,4063293,49,0,1696,0
2020-05-14,Russia,NA,Bashkortostan,4063293,88,0,1784,0
2020-05-15,Russia,NA,Bashkortostan,4063293,90,0,1874,0
2020-05-16,Russia,NA,Bashkortostan,4063293,89,0,1963,0
2020-05-17,Russia,NA,Bashkortostan,4063293,98,0,2061,0
2020-05-18,Russia,NA,Bashkortostan,4063293,94,0,2155,0
2020-05-19,Russia,NA,Bashkortostan,4063293,92,0,2247,0
2020-05-20,Russia,NA,Bashkortostan,4063293,88,0,2335,0
2020-05-21,Russia,NA,Bashkortostan,4063293,89,0,2424,0
2020-05-22,Russia,NA,Bashkortostan,4063293,90,0,2514,0
2020-05-23,Russia,NA,Bashkortostan,4063293,88,0,2602,0
2020-05-24,Russia,NA,Bashkortostan,4063293,81,0,2683,0
2020-05-25,Russia,NA,Bashkortostan,4063293,89,0,2772,0
2020-05-26,Russia,NA,Bashkortostan,4063293,79,0,2851,0
2020-05-27,Russia,NA,Bashkortostan,4063293,91,0,2942,0
2020-05-28,Russia,NA,Bashkortostan,4063293,79,0,3021,0
2020-05-29,Russia,NA,Bashkortostan,4063293,84,0,3105,0
2020-05-30,Russia,NA,Bashkortostan,4063293,80,0,3185,0
2020-05-31,Russia,NA,Bashkortostan,4063293,75,0,3260,0
2020-06-01,Russia,NA,Bashkortostan,4063293,77,0,3337,0
2020-06-02,Russia,NA,Bashkortostan,4063293,72,0,3409,0
2020-06-03,Russia,NA,Bashkortostan,4063293,92,0,3501,0
2020-06-04,Russia,NA,Bashkortostan,4063293,107,0,3608,0
2020-06-05,Russia,NA,Bashkortostan,4063293,119,0,3727,0
2020-06-06,Russia,NA,Bashkortostan,4063293,105,0,3832,0
2020-06-07,Russia,NA,Bashkortostan,4063293,96,0,3928,0
2020-06-08,Russia,NA,Bashkortostan,4063293,89,0,4017,0
2020-06-09,Russia,NA,Bashkortostan,4063293,96,0,4113,0
2020-06-10,Russia,NA,Bashkortostan,4063293,81,0,4194,0
2020-06-11,Russia,NA,Bashkortostan,4063293,79,0,4273,0
2020-06-12,Russia,NA,Bashkortostan,4063293,75,0,4348,0
2020-06-13,Russia,NA,Bashkortostan,4063293,70,0,4418,0
2020-06-14,Russia,NA,Bashkortostan,4063293,68,0,4486,0
2020-06-15,Russia,NA,Bashkortostan,4063293,61,0,4547,0
2020-06-16,Russia,NA,Bashkortostan,4063293,64,0,4611,0
2020-06-17,Russia,NA,Bashkortostan,4063293,59,0,4670,0
2020-06-18,Russia,NA,Bashkortostan,4063293,60,0,4730,0
2020-06-19,Russia,NA,Bashkortostan,4063293,62,0,4792,0
2020-06-20,Russia,NA,Bashkortostan,4063293,58,0,4850,0
2020-06-21,Russia,NA,Bashkortostan,4063293,56,0,4906,0
2020-06-22,Russia,NA,Bashkortostan,4063293,53,0,4959,0
2020-06-23,Russia,NA,Bashkortostan,4063293,52,0,5011,0
2020-06-24,Russia,NA,Bashkortostan,4063293,57,0,5068,0
2020-06-25,Russia,NA,Bashkortostan,4063293,53,0,5121,0
2020-06-26,Russia,NA,Bashkortostan,4063293,50,0,5171,0
2020-06-27,Russia,NA,Bashkortostan,4063293,49,0,5220,0
2020-06-28,Russia,NA,Bashkortostan,4063293,47,0,5267,0
2020-06-29,Russia,NA,Bashkortostan,4063293,48,0,5315,0
2020-06-30,Russia,NA,Bashkortostan,4063293,46,0,5361,0
2020-07-01,Russia,NA,Bashkortostan,4063293,44,0,5405,0
2020-07-02,Russia,NA,Bashkortostan,4063293,45,0,5450,0
2020-07-03,Russia,NA,Bashkortostan,4063293,47,0,5497,0
2020-07-04,Russia,NA,Bashkortostan,4063293,46,0,5543,0
2020-07-05,Russia,NA,Bashkortostan,4063293,48,0,5591,0
2020-07-06,Russia,NA,Bashkortostan,4063293,47,0,5638,0
2020-07-07,Russia,NA,Bashkortostan,4063293,48,0,5686,0
2020-07-08,Russia,NA,Bashkortostan,4063293,45,0,5731,0
2020-07-09,Russia,NA,Bashkortostan,4063293,47,0,5778,0
2020-07-10,Russia,NA,Bashkortostan,4063293,48,0,5826,0
2020-07-11,Russia,NA,Bashkortostan,4063293,49,0,5875,0
2020-07-12,Russia,NA,Bashkortostan,4063293,46,0,5921,0
2020-07-13,Russia,NA,Bashkortostan,4063293,46,0,5967,0
2020-07-14,Russia,NA,Bashkortostan,4063293,47,0,6014,0
2020-07-15,Russia,NA,Bashkortostan,4063293,63,0,6077,0
2020-07-16,Russia,NA,Bashkortostan,4063293,57,0,6134,0
2020-07-17,Russia,NA,Bashkortostan,4063293,60,0,6194,0
2020-07-18,Russia,NA,Bashkortostan,4063293,55,0,6249,0
2020-07-19,Russia,NA,Bashkortostan,4063293,58,0,6307,0
2020-07-20,Russia,NA,Bashkortostan,4063293,41,0,6348,0
2020-07-21,Russia,NA,Bashkortostan,4063293,38,0,6386,0
2020-07-22,Russia,NA,Bashkortostan,4063293,40,0,6426,0
2020-07-23,Russia,NA,Bashkortostan,4063293,37,0,6463,0
2020-07-24,Russia,NA,Bashkortostan,4063293,37,0,6500,0
2020-07-25,Russia,NA,Bashkortostan,4063293,36,0,6536,0
2020-07-26,Russia,NA,Bashkortostan,4063293,35,0,6571,0
2020-07-27,Russia,NA,Bashkortostan,4063293,36,0,6607,0
2020-07-28,Russia,NA,Bashkortostan,4063293,33,0,6640,0
2020-07-29,Russia,NA,Bashkortostan,4063293,35,0,6675,0
2020-07-30,Russia,NA,Bashkortostan,4063293,36,0,6711,0
2020-07-31,Russia,NA,Bashkortostan,4063293,34,0,6745,0
2020-08-01,Russia,NA,Bashkortostan,4063293,35,0,6780,0
2020-08-02,Russia,NA,Bashkortostan,4063293,35,0,6815,0
2020-08-17,Russia,NA,Bashkortostan,4063293,0,0,7333,26
2020-08-18,Russia,NA,Bashkortostan,4063293,34,0,7367,26
2020-08-19,Russia,NA,Bashkortostan,4063293,35,1,7402,27
2020-08-20,Russia,NA,Bashkortostan,4063293,33,0,7435,27
2020-08-21,Russia,NA,Bashkortostan,4063293,34,0,7469,27
2020-08-22,Russia,NA,Bashkortostan,4063293,31,0,7500,27
2020-08-23,Russia,NA,Bashkortostan,4063293,34,0,7534,27
2020-08-24,Russia,NA,Bashkortostan,4063293,33,1,7567,28
2020-08-25,Russia,NA,Bashkortostan,4063293,34,0,7601,28
2020-08-26,Russia,NA,Bashkortostan,4063293,33,0,7634,28
2020-08-27,Russia,NA,Bashkortostan,4063293,33,0,7667,28
2020-08-28,Russia,NA,Bashkortostan,4063293,31,0,7698,28
2020-08-29,Russia,NA,Bashkortostan,4063293,33,1,7731,29
2020-08-30,Russia,NA,Bashkortostan,4063293,32,0,7763,29
2020-08-31,Russia,NA,Bashkortostan,4063293,32,0,7795,29
2020-09-01,Russia,NA,Bashkortostan,4063293,30,0,7825,29
2020-09-02,Russia,NA,Bashkortostan,4063293,31,0,7856,29
2020-09-03,Russia,NA,Bashkortostan,4063293,32,0,7888,29
2020-09-04,Russia,NA,Bashkortostan,4063293,30,0,7918,29
2020-09-05,Russia,NA,Bashkortostan,4063293,31,0,7949,29
2020-09-06,Russia,NA,Bashkortostan,4063293,32,0,7981,29
2020-09-07,Russia,NA,Bashkortostan,4063293,30,0,8011,29
2020-09-08,Russia,NA,Bashkortostan,4063293,31,0,8042,29
2020-09-09,Russia,NA,Bashkortostan,4063293,30,0,8072,29
2020-09-10,Russia,NA,Bashkortostan,4063293,29,1,8101,30
2020-09-11,Russia,NA,Bashkortostan,4063293,30,0,8131,30
2020-09-12,Russia,NA,Bashkortostan,4063293,30,0,8161,30
2020-09-13,Russia,NA,Bashkortostan,4063293,32,1,8193,31
2020-09-14,Russia,NA,Bashkortostan,4063293,30,0,8223,31
2020-09-15,Russia,NA,Bashkortostan,4063293,31,0,8254,31
2020-04-06,Russia,NA,Belgorod Oblast,1549876,4,0,11,0
2020-04-07,Russia,NA,Belgorod Oblast,1549876,3,0,14,0
2020-04-08,Russia,NA,Belgorod Oblast,1549876,4,0,18,0
2020-04-10,Russia,NA,Belgorod Oblast,1549876,8,0,26,0
2020-04-12,Russia,NA,Belgorod Oblast,1549876,5,0,31,0
2020-04-14,Russia,NA,Belgorod Oblast,1549876,10,0,41,0
2020-04-15,Russia,NA,Belgorod Oblast,1549876,4,0,45,0
2020-04-16,Russia,NA,Belgorod Oblast,1549876,13,0,58,0
2020-04-17,Russia,NA,Belgorod Oblast,1549876,12,0,70,0
2020-04-18,Russia,NA,Belgorod Oblast,1549876,11,0,81,0
2020-04-19,Russia,NA,Belgorod Oblast,1549876,9,0,90,0
2020-04-20,Russia,NA,Belgorod Oblast,1549876,22,0,112,0
2020-04-21,Russia,NA,Belgorod Oblast,1549876,10,0,122,0
2020-04-22,Russia,NA,Belgorod Oblast,1549876,22,0,144,0
2020-04-23,Russia,NA,Belgorod Oblast,1549876,32,0,176,0
2020-04-24,Russia,NA,Belgorod Oblast,1549876,26,0,202,0
2020-04-25,Russia,NA,Belgorod Oblast,1549876,19,0,221,0
2020-04-26,Russia,NA,Belgorod Oblast,1549876,21,0,242,0
2020-04-27,Russia,NA,Belgorod Oblast,1549876,27,0,269,0
2020-04-28,Russia,NA,Belgorod Oblast,1549876,30,0,299,0
2020-04-29,Russia,NA,Belgorod Oblast,1549876,28,0,327,0
2020-04-30,Russia,NA,Belgorod Oblast,1549876,28,0,355,0
2020-05-01,Russia,NA,Belgorod Oblast,1549876,28,0,383,0
2020-05-02,Russia,NA,Belgorod Oblast,1549876,36,0,419,0
2020-05-03,Russia,NA,Belgorod Oblast,1549876,35,0,454,0
2020-05-04,Russia,NA,Belgorod Oblast,1549876,31,0,485,0
2020-05-05,Russia,NA,Belgorod Oblast,1549876,39,0,524,0
2020-05-06,Russia,NA,Belgorod Oblast,1549876,16,0,540,0
2020-05-07,Russia,NA,Belgorod Oblast,1549876,34,0,574,0
2020-05-08,Russia,NA,Belgorod Oblast,1549876,39,0,613,0
2020-05-09,Russia,NA,Belgorod Oblast,1549876,46,0,659,0
2020-05-10,Russia,NA,Belgorod Oblast,1549876,48,0,707,0
2020-05-11,Russia,NA,Belgorod Oblast,1549876,91,0,798,0
2020-05-12,Russia,NA,Belgorod Oblast,1549876,54,0,852,0
2020-05-13,Russia,NA,Belgorod Oblast,1549876,90,0,942,0
2020-05-14,Russia,NA,Belgorod Oblast,1549876,52,0,994,0
2020-05-15,Russia,NA,Belgorod Oblast,1549876,79,0,1073,0
2020-05-16,Russia,NA,Belgorod Oblast,1549876,76,0,1149,0
2020-05-17,Russia,NA,Belgorod Oblast,1549876,73,0,1222,0
2020-05-18,Russia,NA,Belgorod Oblast,1549876,70,0,1292,0
2020-05-19,Russia,NA,Belgorod Oblast,1549876,69,0,1361,0
2020-05-20,Russia,NA,Belgorod Oblast,1549876,67,0,1428,0
2020-05-21,Russia,NA,Belgorod Oblast,1549876,71,0,1499,0
2020-05-22,Russia,NA,Belgorod Oblast,1549876,82,0,1581,0
2020-05-23,Russia,NA,Belgorod Oblast,1549876,73,0,1654,0
2020-05-24,Russia,NA,Belgorod Oblast,1549876,82,0,1736,0
2020-05-25,Russia,NA,Belgorod Oblast,1549876,89,0,1825,0
2020-05-26,Russia,NA,Belgorod Oblast,1549876,76,0,1901,0
2020-05-27,Russia,NA,Belgorod Oblast,1549876,79,0,1980,0
2020-05-28,Russia,NA,Belgorod Oblast,1549876,79,0,2059,0
2020-05-29,Russia,NA,Belgorod Oblast,1549876,81,0,2140,0
2020-05-30,Russia,NA,Belgorod Oblast,1549876,83,0,2223,0
2020-05-31,Russia,NA,Belgorod Oblast,1549876,87,0,2310,0
2020-06-01,Russia,NA,Belgorod Oblast,1549876,82,0,2392,0
2020-06-02,Russia,NA,Belgorod Oblast,1549876,79,0,2471,0
2020-06-03,Russia,NA,Belgorod Oblast,1549876,77,0,2548,0
2020-06-04,Russia,NA,Belgorod Oblast,1549876,76,0,2624,0
2020-06-05,Russia,NA,Belgorod Oblast,1549876,71,0,2695,0
2020-06-06,Russia,NA,Belgorod Oblast,1549876,74,0,2769,0
2020-06-07,Russia,NA,Belgorod Oblast,1549876,71,0,2840,0
2020-06-08,Russia,NA,Belgorod Oblast,1549876,73,0,2913,0
2020-06-09,Russia,NA,Belgorod Oblast,1549876,75,0,2988,0
2020-06-10,Russia,NA,Belgorod Oblast,1549876,73,0,3061,0
2020-06-11,Russia,NA,Belgorod Oblast,1549876,76,0,3137,0
2020-06-12,Russia,NA,Belgorod Oblast,1549876,70,0,3207,0
2020-06-13,Russia,NA,Belgorod Oblast,1549876,77,0,3284,0
2020-06-14,Russia,NA,Belgorod Oblast,1549876,80,0,3364,0
2020-06-15,Russia,NA,Belgorod Oblast,1549876,78,0,3442,0
2020-06-16,Russia,NA,Belgorod Oblast,1549876,72,0,3514,0
2020-06-17,Russia,NA,Belgorod Oblast,1549876,78,0,3592,0
2020-06-18,Russia,NA,Belgorod Oblast,1549876,74,0,3666,0
2020-06-19,Russia,NA,Belgorod Oblast,1549876,81,0,3747,0
2020-06-20,Russia,NA,Belgorod Oblast,1549876,73,0,3820,0
2020-06-21,Russia,NA,Belgorod Oblast,1549876,76,0,3896,0
2020-06-22,Russia,NA,Belgorod Oblast,1549876,80,0,3976,0
2020-06-23,Russia,NA,Belgorod Oblast,1549876,72,0,4048,0
2020-06-24,Russia,NA,Belgorod Oblast,1549876,72,0,4120,0
2020-06-25,Russia,NA,Belgorod Oblast,1549876,69,0,4189,0
2020-06-26,Russia,NA,Belgorod Oblast,1549876,72,0,4261,0
2020-06-27,Russia,NA,Belgorod Oblast,1549876,70,0,4331,0
2020-06-28,Russia,NA,Belgorod Oblast,1549876,68,0,4399,0
2020-06-29,Russia,NA,Belgorod Oblast,1549876,65,0,4464,0
2020-06-30,Russia,NA,Belgorod Oblast,1549876,60,0,4524,0
2020-07-01,Russia,NA,Belgorod Oblast,1549876,59,0,4583,0
2020-07-02,Russia,NA,Belgorod Oblast,1549876,54,0,4637,0
2020-07-03,Russia,NA,Belgorod Oblast,1549876,60,0,4697,0
2020-07-04,Russia,NA,Belgorod Oblast,1549876,52,0,4749,0
2020-07-05,Russia,NA,Belgorod Oblast,1549876,57,0,4806,0
2020-07-06,Russia,NA,Belgorod Oblast,1549876,51,0,4857,0
2020-07-07,Russia,NA,Belgorod Oblast,1549876,49,0,4906,0
2020-07-08,Russia,NA,Belgorod Oblast,1549876,44,0,4950,0
2020-07-09,Russia,NA,Belgorod Oblast,1549876,48,0,4998,0
2020-07-10,Russia,NA,Belgorod Oblast,1549876,40,0,5038,0
2020-07-11,Russia,NA,Belgorod Oblast,1549876,47,0,5085,0
2020-07-12,Russia,NA,Belgorod Oblast,1549876,43,0,5128,0
2020-07-13,Russia,NA,Belgorod Oblast,1549876,48,0,5176,0
2020-07-14,Russia,NA,Belgorod Oblast,1549876,51,0,5227,0
2020-07-15,Russia,NA,Belgorod Oblast,1549876,44,0,5271,0
2020-07-16,Russia,NA,Belgorod Oblast,1549876,48,0,5319,0
2020-07-17,Russia,NA,Belgorod Oblast,1549876,41,0,5360,0
2020-07-18,Russia,NA,Belgorod Oblast,1549876,38,0,5398,0
2020-07-19,Russia,NA,Belgorod Oblast,1549876,43,0,5441,0
2020-07-20,Russia,NA,Belgorod Oblast,1549876,45,0,5486,0
2020-07-21,Russia,NA,Belgorod Oblast,1549876,41,0,5527,0
2020-07-22,Russia,NA,Belgorod Oblast,1549876,44,0,5571,0
2020-07-23,Russia,NA,Belgorod Oblast,1549876,46,0,5617,0
2020-07-24,Russia,NA,Belgorod Oblast,1549876,39,0,5656,0
2020-07-25,Russia,NA,Belgorod Oblast,1549876,47,0,5703,0
2020-07-26,Russia,NA,Belgorod Oblast,1549876,42,0,5745,0
2020-07-27,Russia,NA,Belgorod Oblast,1549876,39,0,5784,0
2020-07-28,Russia,NA,Belgorod Oblast,1549876,45,0,5829,0
2020-07-29,Russia,NA,Belgorod Oblast,1549876,42,0,5871,0
2020-07-30,Russia,NA,Belgorod Oblast,1549876,39,0,5910,0
2020-07-31,Russia,NA,Belgorod Oblast,1549876,42,0,5952,0
2020-08-01,Russia,NA,Belgorod Oblast,1549876,46,0,5998,0
2020-08-02,Russia,NA,Belgorod Oblast,1549876,44,0,6042,0
2020-08-17,Russia,NA,Belgorod Oblast,1549876,0,0,6762,51
2020-08-18,Russia,NA,Belgorod Oblast,1549876,45,0,6807,51
2020-08-19,Russia,NA,Belgorod Oblast,1549876,47,0,6854,51
2020-08-20,Russia,NA,Belgorod Oblast,1549876,47,0,6901,51
2020-08-21,Russia,NA,Belgorod Oblast,1549876,43,0,6944,51
2020-08-22,Russia,NA,Belgorod Oblast,1549876,46,0,6990,51
2020-08-23,Russia,NA,Belgorod Oblast,1549876,43,0,7033,51
2020-08-24,Russia,NA,Belgorod Oblast,1549876,41,0,7074,51
2020-08-25,Russia,NA,Belgorod Oblast,1549876,43,0,7117,51
2020-08-26,Russia,NA,Belgorod Oblast,1549876,40,0,7157,51
2020-08-27,Russia,NA,Belgorod Oblast,1549876,38,0,7195,51
2020-08-28,Russia,NA,Belgorod Oblast,1549876,44,0,7239,51
2020-08-29,Russia,NA,Belgorod Oblast,1549876,40,2,7279,53
2020-08-30,Russia,NA,Belgorod Oblast,1549876,41,0,7320,53
2020-08-31,Russia,NA,Belgorod Oblast,1549876,45,0,7365,53
2020-09-01,Russia,NA,Belgorod Oblast,1549876,40,0,7405,53
2020-09-02,Russia,NA,Belgorod Oblast,1549876,44,0,7449,53
2020-09-03,Russia,NA,Belgorod Oblast,1549876,42,1,7491,54
2020-09-04,Russia,NA,Belgorod Oblast,1549876,40,0,7531,54
2020-09-05,Russia,NA,Belgorod Oblast,1549876,38,0,7569,54
2020-09-06,Russia,NA,Belgorod Oblast,1549876,41,0,7610,54
2020-09-07,Russia,NA,Belgorod Oblast,1549876,44,0,7654,54
2020-09-08,Russia,NA,Belgorod Oblast,1549876,45,0,7699,54
2020-09-09,Russia,NA,Belgorod Oblast,1549876,43,1,7742,55
2020-09-10,Russia,NA,Belgorod Oblast,1549876,44,0,7786,55
2020-09-11,Russia,NA,Belgorod Oblast,1549876,46,0,7832,55
2020-09-12,Russia,NA,Belgorod Oblast,1549876,42,0,7874,55
2020-09-13,Russia,NA,Belgorod Oblast,1549876,45,0,7919,55
2020-09-14,Russia,NA,Belgorod Oblast,1549876,43,0,7962,55
2020-09-15,Russia,NA,Belgorod Oblast,1549876,46,0,8008,55
2020-04-04,Russia,NA,Bryansk Oblast,1210982,12,0,19,0
2020-04-06,Russia,NA,Bryansk Oblast,1210982,5,0,24,0
2020-04-07,Russia,NA,Bryansk Oblast,1210982,32,0,56,0
2020-04-08,Russia,NA,Bryansk Oblast,1210982,1,0,57,0
2020-04-09,Russia,NA,Bryansk Oblast,1210982,40,0,97,0
2020-04-11,Russia,NA,Bryansk Oblast,1210982,26,0,123,0
2020-04-12,Russia,NA,Bryansk Oblast,1210982,18,0,141,0
2020-04-13,Russia,NA,Bryansk Oblast,1210982,1,0,142,0
2020-04-15,Russia,NA,Bryansk Oblast,1210982,22,0,164,0
2020-04-16,Russia,NA,Bryansk Oblast,1210982,37,0,201,0
2020-04-17,Russia,NA,Bryansk Oblast,1210982,27,0,228,0
2020-04-18,Russia,NA,Bryansk Oblast,1210982,28,0,256,0
2020-04-19,Russia,NA,Bryansk Oblast,1210982,23,0,279,0
2020-04-20,Russia,NA,Bryansk Oblast,1210982,42,0,321,0
2020-04-21,Russia,NA,Bryansk Oblast,1210982,29,0,350,0
2020-04-22,Russia,NA,Bryansk Oblast,1210982,49,0,399,0
2020-04-23,Russia,NA,Bryansk Oblast,1210982,60,0,459,0
2020-04-24,Russia,NA,Bryansk Oblast,1210982,35,0,494,0
2020-04-25,Russia,NA,Bryansk Oblast,1210982,27,0,521,0
2020-04-26,Russia,NA,Bryansk Oblast,1210982,78,0,599,0
2020-04-27,Russia,NA,Bryansk Oblast,1210982,43,0,642,0
2020-04-28,Russia,NA,Bryansk Oblast,1210982,26,0,668,0
2020-04-29,Russia,NA,Bryansk Oblast,1210982,115,0,783,0
2020-04-30,Russia,NA,Bryansk Oblast,1210982,118,0,901,0
2020-05-01,Russia,NA,Bryansk Oblast,1210982,88,0,989,0
2020-05-02,Russia,NA,Bryansk Oblast,1210982,73,0,1062,0
2020-05-03,Russia,NA,Bryansk Oblast,1210982,86,0,1148,0
2020-05-04,Russia,NA,Bryansk Oblast,1210982,102,0,1250,0
2020-05-05,Russia,NA,Bryansk Oblast,1210982,37,0,1287,0
2020-05-06,Russia,NA,Bryansk Oblast,1210982,80,0,1367,0
2020-05-07,Russia,NA,Bryansk Oblast,1210982,75,0,1442,0
2020-05-08,Russia,NA,Bryansk Oblast,1210982,72,0,1514,0
2020-05-09,Russia,NA,Bryansk Oblast,1210982,23,0,1537,0
2020-05-10,Russia,NA,Bryansk Oblast,1210982,68,0,1605,0
2020-05-11,Russia,NA,Bryansk Oblast,1210982,73,0,1678,0
2020-05-12,Russia,NA,Bryansk Oblast,1210982,75,0,1753,0
2020-05-13,Russia,NA,Bryansk Oblast,1210982,73,0,1826,0
2020-05-14,Russia,NA,Bryansk Oblast,1210982,82,0,1908,0
2020-05-15,Russia,NA,Bryansk Oblast,1210982,87,0,1995,0
2020-05-16,Russia,NA,Bryansk Oblast,1210982,85,0,2080,0
2020-05-17,Russia,NA,Bryansk Oblast,1210982,98,0,2178,0
2020-05-18,Russia,NA,Bryansk Oblast,1210982,115,0,2293,0
2020-05-19,Russia,NA,Bryansk Oblast,1210982,112,0,2405,0
2020-05-20,Russia,NA,Bryansk Oblast,1210982,110,0,2515,0
2020-05-21,Russia,NA,Bryansk Oblast,1210982,117,0,2632,0
2020-05-22,Russia,NA,Bryansk Oblast,1210982,105,0,2737,0
2020-05-23,Russia,NA,Bryansk Oblast,1210982,103,0,2840,0
2020-05-24,Russia,NA,Bryansk Oblast,1210982,111,0,2951,0
2020-05-25,Russia,NA,Bryansk Oblast,1210982,106,0,3057,0
2020-05-26,Russia,NA,Bryansk Oblast,1210982,99,0,3156,0
2020-05-27,Russia,NA,Bryansk Oblast,1210982,98,0,3254,0
2020-05-28,Russia,NA,Bryansk Oblast,1210982,109,0,3363,0
2020-05-29,Russia,NA,Bryansk Oblast,1210982,110,0,3473,0
2020-05-30,Russia,NA,Bryansk Oblast,1210982,105,0,3578,0
2020-05-31,Russia,NA,Bryansk Oblast,1210982,107,0,3685,0
2020-06-01,Russia,NA,Bryansk Oblast,1210982,102,0,3787,0
2020-06-02,Russia,NA,Bryansk Oblast,1210982,98,0,3885,0
2020-06-03,Russia,NA,Bryansk Oblast,1210982,97,0,3982,0
2020-06-04,Russia,NA,Bryansk Oblast,1210982,96,0,4078,0
2020-06-05,Russia,NA,Bryansk Oblast,1210982,96,0,4174,0
2020-06-06,Russia,NA,Bryansk Oblast,1210982,95,0,4269,0
2020-06-07,Russia,NA,Bryansk Oblast,1210982,95,0,4364,0
2020-06-08,Russia,NA,Bryansk Oblast,1210982,94,0,4458,0
2020-06-09,Russia,NA,Bryansk Oblast,1210982,93,0,4551,0
2020-06-10,Russia,NA,Bryansk Oblast,1210982,90,0,4641,0
2020-06-11,Russia,NA,Bryansk Oblast,1210982,91,0,4732,0
2020-06-12,Russia,NA,Bryansk Oblast,1210982,93,0,4825,0
2020-06-13,Russia,NA,Bryansk Oblast,1210982,95,0,4920,0
2020-06-14,Russia,NA,Bryansk Oblast,1210982,91,0,5011,0
2020-06-15,Russia,NA,Bryansk Oblast,1210982,87,0,5098,0
2020-06-16,Russia,NA,Bryansk Oblast,1210982,85,0,5183,0
2020-06-17,Russia,NA,Bryansk Oblast,1210982,87,0,5270,0
2020-06-18,Russia,NA,Bryansk Oblast,1210982,75,0,5345,0
2020-06-19,Russia,NA,Bryansk Oblast,1210982,76,0,5421,0
2020-06-20,Russia,NA,Bryansk Oblast,1210982,77,0,5498,0
2020-06-21,Russia,NA,Bryansk Oblast,1210982,81,0,5579,0
2020-06-22,Russia,NA,Bryansk Oblast,1210982,76,0,5655,0
2020-06-23,Russia,NA,Bryansk Oblast,1210982,74,0,5729,0
2020-06-24,Russia,NA,Bryansk Oblast,1210982,72,0,5801,0
2020-06-25,Russia,NA,Bryansk Oblast,1210982,69,0,5870,0
2020-06-26,Russia,NA,Bryansk Oblast,1210982,71,0,5941,0
2020-06-27,Russia,NA,Bryansk Oblast,1210982,70,0,6011,0
2020-06-28,Russia,NA,Bryansk Oblast,1210982,68,0,6079,0
2020-06-29,Russia,NA,Bryansk Oblast,1210982,68,0,6147,0
2020-06-30,Russia,NA,Bryansk Oblast,1210982,65,0,6212,0
2020-07-01,Russia,NA,Bryansk Oblast,1210982,59,0,6271,0
2020-07-02,Russia,NA,Bryansk Oblast,1210982,54,0,6325,0
2020-07-03,Russia,NA,Bryansk Oblast,1210982,53,0,6378,0
2020-07-04,Russia,NA,Bryansk Oblast,1210982,51,0,6429,0
2020-07-05,Russia,NA,Bryansk Oblast,1210982,50,0,6479,0
2020-07-06,Russia,NA,Bryansk Oblast,1210982,43,0,6522,0
2020-07-07,Russia,NA,Bryansk Oblast,1210982,41,0,6563,0
2020-07-08,Russia,NA,Bryansk Oblast,1210982,40,0,6603,0
2020-07-09,Russia,NA,Bryansk Oblast,1210982,40,0,6643,0
2020-07-10,Russia,NA,Bryansk Oblast,1210982,36,0,6679,0
2020-07-11,Russia,NA,Bryansk Oblast,1210982,46,0,6725,0
2020-07-12,Russia,NA,Bryansk Oblast,1210982,45,0,6770,0
2020-07-13,Russia,NA,Bryansk Oblast,1210982,47,0,6817,0
2020-07-14,Russia,NA,Bryansk Oblast,1210982,45,0,6862,0
2020-07-15,Russia,NA,Bryansk Oblast,1210982,44,0,6906,0
2020-07-16,Russia,NA,Bryansk Oblast,1210982,41,0,6947,0
2020-07-17,Russia,NA,Bryansk Oblast,1210982,31,0,6978,0
2020-07-18,Russia,NA,Bryansk Oblast,1210982,30,0,7008,0
2020-07-19,Russia,NA,Bryansk Oblast,1210982,30,0,7038,0
2020-07-20,Russia,NA,Bryansk Oblast,1210982,30,0,7068,0
2020-07-21,Russia,NA,Bryansk Oblast,1210982,23,0,7091,0
2020-07-22,Russia,NA,Bryansk Oblast,1210982,25,0,7116,0
2020-07-23,Russia,NA,Bryansk Oblast,1210982,25,0,7141,0
2020-07-24,Russia,NA,Bryansk Oblast,1210982,23,0,7164,0
2020-07-25,Russia,NA,Bryansk Oblast,1210982,30,0,7194,0
2020-07-26,Russia,NA,Bryansk Oblast,1210982,27,0,7221,0
2020-07-27,Russia,NA,Bryansk Oblast,1210982,24,0,7245,0
2020-07-28,Russia,NA,Bryansk Oblast,1210982,27,0,7272,0
2020-07-29,Russia,NA,Bryansk Oblast,1210982,33,0,7305,0
2020-07-30,Russia,NA,Bryansk Oblast,1210982,35,0,7340,0
2020-07-31,Russia,NA,Bryansk Oblast,1210982,30,0,7370,0
2020-08-01,Russia,NA,Bryansk Oblast,1210982,30,0,7400,0
2020-08-02,Russia,NA,Bryansk Oblast,1210982,30,0,7430,0
2020-08-17,Russia,NA,Bryansk Oblast,1210982,0,0,7852,35
2020-08-18,Russia,NA,Bryansk Oblast,1210982,17,0,7869,35
2020-08-19,Russia,NA,Bryansk Oblast,1210982,20,0,7889,35
2020-08-20,Russia,NA,Bryansk Oblast,1210982,15,0,7904,35
2020-08-21,Russia,NA,Bryansk Oblast,1210982,30,0,7934,35
2020-08-22,Russia,NA,Bryansk Oblast,1210982,29,0,7963,35
2020-08-23,Russia,NA,Bryansk Oblast,1210982,30,0,7993,35
2020-08-24,Russia,NA,Bryansk Oblast,1210982,29,0,8022,35
2020-08-25,Russia,NA,Bryansk Oblast,1210982,25,0,8047,35
2020-08-26,Russia,NA,Bryansk Oblast,1210982,26,0,8073,35
2020-08-27,Russia,NA,Bryansk Oblast,1210982,24,0,8097,35
2020-08-28,Russia,NA,Bryansk Oblast,1210982,28,0,8125,35
2020-08-29,Russia,NA,Bryansk Oblast,1210982,34,0,8159,35
2020-08-30,Russia,NA,Bryansk Oblast,1210982,35,0,8194,35
2020-08-31,Russia,NA,Bryansk Oblast,1210982,33,0,8227,35
2020-09-01,Russia,NA,Bryansk Oblast,1210982,25,0,8252,35
2020-09-02,Russia,NA,Bryansk Oblast,1210982,26,0,8278,35
2020-09-03,Russia,NA,Bryansk Oblast,1210982,27,0,8305,35
2020-09-04,Russia,NA,Bryansk Oblast,1210982,32,0,8337,35
2020-09-05,Russia,NA,Bryansk Oblast,1210982,33,0,8370,35
2020-09-06,Russia,NA,Bryansk Oblast,1210982,35,0,8405,35
2020-09-07,Russia,NA,Bryansk Oblast,1210982,32,0,8437,35
2020-09-08,Russia,NA,Bryansk Oblast,1210982,28,0,8465,35
2020-09-09,Russia,NA,Bryansk Oblast,1210982,32,0,8497,35
2020-09-10,Russia,NA,Bryansk Oblast,1210982,36,0,8533,35
2020-09-11,Russia,NA,Bryansk Oblast,1210982,38,0,8571,35
2020-09-12,Russia,NA,Bryansk Oblast,1210982,35,0,8606,35
2020-09-13,Russia,NA,Bryansk Oblast,1210982,39,0,8645,35
2020-09-14,Russia,NA,Bryansk Oblast,1210982,42,0,8687,35
2020-09-15,Russia,NA,Bryansk Oblast,1210982,46,0,8733,35
2020-03-30,Russia,NA,Buryatia,984511,5,0,13,0
2020-03-31,Russia,NA,Buryatia,984511,6,0,19,0
2020-04-01,Russia,NA,Buryatia,984511,6,0,25,0
2020-04-02,Russia,NA,Buryatia,984511,5,0,30,0
2020-04-03,Russia,NA,Buryatia,984511,1,0,31,0
2020-04-04,Russia,NA,Buryatia,984511,4,0,35,0
2020-04-06,Russia,NA,Buryatia,984511,8,0,43,0
2020-04-08,Russia,NA,Buryatia,984511,7,0,50,0
2020-04-09,Russia,NA,Buryatia,984511,4,0,54,0
2020-04-10,Russia,NA,Buryatia,984511,6,0,60,0
2020-04-11,Russia,NA,Buryatia,984511,1,0,61,0
2020-04-12,Russia,NA,Buryatia,984511,12,0,73,0
2020-04-13,Russia,NA,Buryatia,984511,4,0,77,0
2020-04-14,Russia,NA,Buryatia,984511,9,0,86,0
2020-04-15,Russia,NA,Buryatia,984511,6,0,92,0
2020-04-16,Russia,NA,Buryatia,984511,8,0,100,0
2020-04-17,Russia,NA,Buryatia,984511,3,0,103,0
2020-04-18,Russia,NA,Buryatia,984511,9,0,112,0
2020-04-19,Russia,NA,Buryatia,984511,3,0,115,0
2020-04-21,Russia,NA,Buryatia,984511,10,0,125,0
2020-04-22,Russia,NA,Buryatia,984511,28,0,153,0
2020-04-23,Russia,NA,Buryatia,984511,10,0,163,0
2020-04-24,Russia,NA,Buryatia,984511,4,0,167,0
2020-04-25,Russia,NA,Buryatia,984511,13,0,180,0
2020-04-26,Russia,NA,Buryatia,984511,6,0,186,0
2020-04-27,Russia,NA,Buryatia,984511,23,0,209,0
2020-04-28,Russia,NA,Buryatia,984511,18,0,227,0
2020-04-29,Russia,NA,Buryatia,984511,18,0,245,0
2020-04-30,Russia,NA,Buryatia,984511,26,0,271,0
2020-05-01,Russia,NA,Buryatia,984511,26,0,297,0
2020-05-02,Russia,NA,Buryatia,984511,28,0,325,0
2020-05-03,Russia,NA,Buryatia,984511,30,0,355,0
2020-05-04,Russia,NA,Buryatia,984511,18,0,373,0
2020-05-05,Russia,NA,Buryatia,984511,34,0,407,0
2020-05-06,Russia,NA,Buryatia,984511,43,0,450,0
2020-05-07,Russia,NA,Buryatia,984511,49,0,499,0
2020-05-08,Russia,NA,Buryatia,984511,19,0,518,0
2020-05-09,Russia,NA,Buryatia,984511,30,0,548,0
2020-05-10,Russia,NA,Buryatia,984511,22,0,570,0
2020-05-11,Russia,NA,Buryatia,984511,50,0,620,0
2020-05-12,Russia,NA,Buryatia,984511,39,0,659,0
2020-05-13,Russia,NA,Buryatia,984511,28,0,687,0
2020-05-14,Russia,NA,Buryatia,984511,49,0,736,0
2020-05-15,Russia,NA,Buryatia,984511,88,0,824,0
2020-05-16,Russia,NA,Buryatia,984511,41,0,865,0
2020-05-17,Russia,NA,Buryatia,984511,27,0,892,0
2020-05-18,Russia,NA,Buryatia,984511,56,0,948,0
2020-05-19,Russia,NA,Buryatia,984511,25,0,973,0
2020-05-20,Russia,NA,Buryatia,984511,42,0,1015,0
2020-05-21,Russia,NA,Buryatia,984511,27,0,1042,0
2020-05-22,Russia,NA,Buryatia,984511,48,0,1090,0
2020-05-23,Russia,NA,Buryatia,984511,34,0,1124,0
2020-05-24,Russia,NA,Buryatia,984511,19,0,1143,0
2020-05-25,Russia,NA,Buryatia,984511,66,0,1209,0
2020-05-26,Russia,NA,Buryatia,984511,45,0,1254,0
2020-05-27,Russia,NA,Buryatia,984511,59,0,1313,0
2020-05-28,Russia,NA,Buryatia,984511,51,0,1364,0
2020-05-29,Russia,NA,Buryatia,984511,47,0,1411,0
2020-05-30,Russia,NA,Buryatia,984511,27,0,1438,0
2020-05-31,Russia,NA,Buryatia,984511,29,0,1467,0
2020-06-01,Russia,NA,Buryatia,984511,46,0,1513,0
2020-06-02,Russia,NA,Buryatia,984511,50,0,1563,0
2020-06-03,Russia,NA,Buryatia,984511,24,0,1587,0
2020-06-04,Russia,NA,Buryatia,984511,46,0,1633,0
2020-06-05,Russia,NA,Buryatia,984511,48,0,1681,0
2020-06-06,Russia,NA,Buryatia,984511,52,0,1733,0
2020-06-07,Russia,NA,Buryatia,984511,52,0,1785,0
2020-06-08,Russia,NA,Buryatia,984511,48,0,1833,0
2020-06-09,Russia,NA,Buryatia,984511,44,0,1877,0
2020-06-10,Russia,NA,Buryatia,984511,79,0,1956,0
2020-06-11,Russia,NA,Buryatia,984511,64,0,2020,0
2020-06-12,Russia,NA,Buryatia,984511,90,0,2110,0
2020-06-13,Russia,NA,Buryatia,984511,43,0,2153,0
2020-06-14,Russia,NA,Buryatia,984511,50,0,2203,0
2020-06-15,Russia,NA,Buryatia,984511,49,0,2252,0
2020-06-16,Russia,NA,Buryatia,984511,51,0,2303,0
2020-06-17,Russia,NA,Buryatia,984511,38,0,2341,0
2020-06-18,Russia,NA,Buryatia,984511,51,0,2392,0
2020-06-19,Russia,NA,Buryatia,984511,54,0,2446,0
2020-06-20,Russia,NA,Buryatia,984511,55,0,2501,0
2020-06-21,Russia,NA,Buryatia,984511,48,0,2549,0
2020-06-22,Russia,NA,Buryatia,984511,42,0,2591,0
2020-06-23,Russia,NA,Buryatia,984511,43,0,2634,0
2020-06-24,Russia,NA,Buryatia,984511,48,0,2682,0
2020-06-25,Russia,NA,Buryatia,984511,49,0,2731,0
2020-06-26,Russia,NA,Buryatia,984511,44,0,2775,0
2020-06-27,Russia,NA,Buryatia,984511,56,0,2831,0
2020-06-28,Russia,NA,Buryatia,984511,26,0,2857,0
2020-06-29,Russia,NA,Buryatia,984511,29,0,2886,0
2020-06-30,Russia,NA,Buryatia,984511,38,0,2924,0
2020-07-01,Russia,NA,Buryatia,984511,33,0,2957,0
2020-07-02,Russia,NA,Buryatia,984511,34,0,2991,0
2020-07-03,Russia,NA,Buryatia,984511,43,0,3034,0
2020-07-04,Russia,NA,Buryatia,984511,37,0,3071,0
2020-07-05,Russia,NA,Buryatia,984511,29,0,3100,0
2020-07-06,Russia,NA,Buryatia,984511,41,0,3141,0
2020-07-07,Russia,NA,Buryatia,984511,34,0,3175,0
2020-07-08,Russia,NA,Buryatia,984511,44,0,3219,0
2020-07-09,Russia,NA,Buryatia,984511,38,0,3257,0
2020-07-10,Russia,NA,Buryatia,984511,41,0,3298,0
2020-07-11,Russia,NA,Buryatia,984511,43,0,3341,0
2020-07-12,Russia,NA,Buryatia,984511,37,0,3378,0
2020-07-13,Russia,NA,Buryatia,984511,36,0,3414,0
2020-07-14,Russia,NA,Buryatia,984511,35,0,3449,0
2020-07-15,Russia,NA,Buryatia,984511,32,0,3481,0
2020-07-16,Russia,NA,Buryatia,984511,41,0,3522,0
2020-07-17,Russia,NA,Buryatia,984511,44,0,3566,0
2020-07-18,Russia,NA,Buryatia,984511,42,0,3608,0
2020-07-19,Russia,NA,Buryatia,984511,43,0,3651,0
2020-07-20,Russia,NA,Buryatia,984511,41,0,3692,0
2020-07-21,Russia,NA,Buryatia,984511,37,0,3729,0
2020-07-22,Russia,NA,Buryatia,984511,38,0,3767,0
2020-07-23,Russia,NA,Buryatia,984511,19,0,3786,0
2020-07-24,Russia,NA,Buryatia,984511,38,0,3824,0
2020-07-25,Russia,NA,Buryatia,984511,40,0,3864,0
2020-07-26,Russia,NA,Buryatia,984511,38,0,3902,0
2020-07-27,Russia,NA,Buryatia,984511,32,0,3934,0
2020-07-28,Russia,NA,Buryatia,984511,35,0,3969,0
2020-07-29,Russia,NA,Buryatia,984511,38,0,4007,0
2020-07-30,Russia,NA,Buryatia,984511,39,0,4046,0
2020-07-31,Russia,NA,Buryatia,984511,35,0,4081,0
2020-08-01,Russia,NA,Buryatia,984511,42,0,4123,0
2020-08-02,Russia,NA,Buryatia,984511,36,0,4159,0
2020-08-17,Russia,NA,Buryatia,984511,0,0,4630,42
2020-08-18,Russia,NA,Buryatia,984511,33,0,4663,42
2020-08-19,Russia,NA,Buryatia,984511,36,0,4699,42
2020-08-20,Russia,NA,Buryatia,984511,32,1,4731,43
2020-08-21,Russia,NA,Buryatia,984511,38,0,4769,43
2020-08-22,Russia,NA,Buryatia,984511,35,0,4804,43
2020-08-23,Russia,NA,Buryatia,984511,56,1,4860,44
2020-08-24,Russia,NA,Buryatia,984511,46,1,4906,45
2020-08-25,Russia,NA,Buryatia,984511,48,1,4954,46
2020-08-26,Russia,NA,Buryatia,984511,47,0,5001,46
2020-08-27,Russia,NA,Buryatia,984511,41,0,5042,46
2020-08-28,Russia,NA,Buryatia,984511,45,0,5087,46
2020-08-29,Russia,NA,Buryatia,984511,49,0,5136,46
2020-08-30,Russia,NA,Buryatia,984511,54,1,5190,47
2020-08-31,Russia,NA,Buryatia,984511,53,0,5243,47
2020-09-01,Russia,NA,Buryatia,984511,48,3,5291,50
2020-09-02,Russia,NA,Buryatia,984511,40,3,5331,53
2020-09-03,Russia,NA,Buryatia,984511,49,1,5380,54
2020-09-04,Russia,NA,Buryatia,984511,47,1,5427,55
2020-09-05,Russia,NA,Buryatia,984511,54,0,5481,55
2020-09-06,Russia,NA,Buryatia,984511,50,0,5531,55
2020-09-07,Russia,NA,Buryatia,984511,51,0,5582,55
2020-09-08,Russia,NA,Buryatia,984511,50,0,5632,55
2020-09-09,Russia,NA,Buryatia,984511,34,5,5666,60
2020-09-10,Russia,NA,Buryatia,984511,39,0,5705,60
2020-09-11,Russia,NA,Buryatia,984511,43,0,5748,60
2020-09-12,Russia,NA,Buryatia,984511,48,0,5796,60
2020-09-13,Russia,NA,Buryatia,984511,48,1,5844,61
2020-09-14,Russia,NA,Buryatia,984511,45,0,5889,61
2020-09-15,Russia,NA,Buryatia,984511,48,0,5937,61
2020-04-03,Russia,NA,Chechnya,1436981,2,0,12,0
2020-04-04,Russia,NA,Chechnya,1436981,3,0,15,0
2020-04-06,Russia,NA,Chechnya,1436981,1,0,16,0
2020-04-07,Russia,NA,Chechnya,1436981,1,0,17,0
2020-04-08,Russia,NA,Chechnya,1436981,5,0,22,0
2020-04-11,Russia,NA,Chechnya,1436981,8,0,30,0
2020-04-12,Russia,NA,Chechnya,1436981,17,0,47,0
2020-04-13,Russia,NA,Chechnya,1436981,2,0,49,0
2020-04-14,Russia,NA,Chechnya,1436981,15,0,64,0
2020-04-15,Russia,NA,Chechnya,1436981,41,0,105,0
2020-04-16,Russia,NA,Chechnya,1436981,3,0,108,0
2020-04-17,Russia,NA,Chechnya,1436981,7,0,115,0
2020-04-18,Russia,NA,Chechnya,1436981,60,0,175,0
2020-04-19,Russia,NA,Chechnya,1436981,44,0,219,0
2020-04-20,Russia,NA,Chechnya,1436981,45,0,264,0
2020-04-21,Russia,NA,Chechnya,1436981,39,0,303,0
2020-04-22,Russia,NA,Chechnya,1436981,20,0,323,0
2020-04-23,Russia,NA,Chechnya,1436981,24,0,347,0
2020-04-24,Russia,NA,Chechnya,1436981,18,0,365,0
2020-04-25,Russia,NA,Chechnya,1436981,22,0,387,0
2020-04-26,Russia,NA,Chechnya,1436981,22,0,409,0
2020-04-27,Russia,NA,Chechnya,1436981,20,0,429,0
2020-04-28,Russia,NA,Chechnya,1436981,18,0,447,0
2020-04-29,Russia,NA,Chechnya,1436981,18,0,465,0
2020-04-30,Russia,NA,Chechnya,1436981,20,0,485,0
2020-05-01,Russia,NA,Chechnya,1436981,19,0,504,0
2020-05-02,Russia,NA,Chechnya,1436981,21,0,525,0
2020-05-03,Russia,NA,Chechnya,1436981,28,0,553,0
2020-05-04,Russia,NA,Chechnya,1436981,30,0,583,0
2020-05-05,Russia,NA,Chechnya,1436981,32,0,615,0
2020-05-06,Russia,NA,Chechnya,1436981,30,0,645,0
2020-05-07,Russia,NA,Chechnya,1436981,29,0,674,0
2020-05-08,Russia,NA,Chechnya,1436981,31,0,705,0
2020-05-09,Russia,NA,Chechnya,1436981,28,0,733,0
2020-05-10,Russia,NA,Chechnya,1436981,26,0,759,0
2020-05-11,Russia,NA,Chechnya,1436981,28,0,787,0
2020-05-12,Russia,NA,Chechnya,1436981,26,0,813,0
2020-05-13,Russia,NA,Chechnya,1436981,28,0,841,0
2020-05-14,Russia,NA,Chechnya,1436981,24,0,865,0
2020-05-15,Russia,NA,Chechnya,1436981,26,0,891,0
2020-05-16,Russia,NA,Chechnya,1436981,27,0,918,0
2020-05-17,Russia,NA,Chechnya,1436981,25,0,943,0
2020-05-18,Russia,NA,Chechnya,1436981,23,0,966,0
2020-05-19,Russia,NA,Chechnya,1436981,20,0,986,0
2020-05-20,Russia,NA,Chechnya,1436981,19,0,1005,0
2020-05-21,Russia,NA,Chechnya,1436981,21,0,1026,0
2020-05-22,Russia,NA,Chechnya,1436981,20,0,1046,0
2020-05-23,Russia,NA,Chechnya,1436981,20,0,1066,0
2020-05-24,Russia,NA,Chechnya,1436981,24,0,1090,0
2020-05-25,Russia,NA,Chechnya,1436981,22,0,1112,0
2020-05-26,Russia,NA,Chechnya,1436981,21,0,1133,0
2020-05-27,Russia,NA,Chechnya,1436981,19,0,1152,0
2020-05-28,Russia,NA,Chechnya,1436981,22,0,1174,0
2020-05-29,Russia,NA,Chechnya,1436981,18,0,1192,0
2020-05-30,Russia,NA,Chechnya,1436981,17,0,1209,0
2020-05-31,Russia,NA,Chechnya,1436981,18,0,1227,0
2020-06-01,Russia,NA,Chechnya,1436981,20,0,1247,0
2020-06-02,Russia,NA,Chechnya,1436981,17,0,1264,0
2020-06-03,Russia,NA,Chechnya,1436981,14,0,1278,0
2020-06-04,Russia,NA,Chechnya,1436981,13,0,1291,0
2020-06-05,Russia,NA,Chechnya,1436981,15,0,1306,0
2020-06-06,Russia,NA,Chechnya,1436981,20,0,1326,0
2020-06-07,Russia,NA,Chechnya,1436981,19,0,1345,0
2020-06-08,Russia,NA,Chechnya,1436981,20,0,1365,0
2020-06-09,Russia,NA,Chechnya,1436981,19,0,1384,0
2020-06-10,Russia,NA,Chechnya,1436981,16,0,1400,0
2020-06-11,Russia,NA,Chechnya,1436981,20,0,1420,0
2020-06-12,Russia,NA,Chechnya,1436981,21,0,1441,0
2020-06-13,Russia,NA,Chechnya,1436981,23,0,1464,0
2020-06-14,Russia,NA,Chechnya,1436981,17,0,1481,0
2020-06-15,Russia,NA,Chechnya,1436981,15,0,1496,0
2020-06-16,Russia,NA,Chechnya,1436981,17,0,1513,0
2020-06-17,Russia,NA,Chechnya,1436981,16,0,1529,0
2020-06-18,Russia,NA,Chechnya,1436981,14,0,1543,0
2020-06-19,Russia,NA,Chechnya,1436981,17,0,1560,0
2020-06-20,Russia,NA,Chechnya,1436981,19,0,1579,0
2020-06-21,Russia,NA,Chechnya,1436981,21,0,1600,0
2020-06-22,Russia,NA,Chechnya,1436981,19,0,1619,0
2020-06-23,Russia,NA,Chechnya,1436981,15,0,1634,0
2020-06-24,Russia,NA,Chechnya,1436981,11,0,1645,0
2020-06-25,Russia,NA,Chechnya,1436981,9,0,1654,0
2020-06-26,Russia,NA,Chechnya,1436981,10,0,1664,0
2020-06-27,Russia,NA,Chechnya,1436981,13,0,1677,0
2020-06-28,Russia,NA,Chechnya,1436981,17,0,1694,0
2020-06-29,Russia,NA,Chechnya,1436981,14,0,1708,0
2020-06-30,Russia,NA,Chechnya,1436981,5,0,1713,0
2020-07-01,Russia,NA,Chechnya,1436981,10,0,1723,0
2020-07-02,Russia,NA,Chechnya,1436981,13,0,1736,0
2020-07-03,Russia,NA,Chechnya,1436981,12,0,1748,0
2020-07-04,Russia,NA,Chechnya,1436981,9,0,1757,0
2020-07-05,Russia,NA,Chechnya,1436981,15,0,1772,0
2020-07-06,Russia,NA,Chechnya,1436981,14,0,1786,0
2020-07-07,Russia,NA,Chechnya,1436981,9,0,1795,0
2020-07-08,Russia,NA,Chechnya,1436981,6,0,1801,0
2020-07-09,Russia,NA,Chechnya,1436981,8,0,1809,0
2020-07-10,Russia,NA,Chechnya,1436981,5,0,1814,0
2020-07-11,Russia,NA,Chechnya,1436981,7,0,1821,0
2020-07-12,Russia,NA,Chechnya,1436981,11,0,1832,0
2020-07-13,Russia,NA,Chechnya,1436981,10,0,1842,0
2020-07-14,Russia,NA,Chechnya,1436981,9,0,1851,0
2020-07-15,Russia,NA,Chechnya,1436981,12,0,1863,0
2020-07-16,Russia,NA,Chechnya,1436981,15,0,1878,0
2020-07-17,Russia,NA,Chechnya,1436981,17,0,1895,0
2020-07-18,Russia,NA,Chechnya,1436981,13,0,1908,0
2020-07-19,Russia,NA,Chechnya,1436981,11,0,1919,0
2020-07-20,Russia,NA,Chechnya,1436981,8,0,1927,0
2020-07-21,Russia,NA,Chechnya,1436981,10,0,1937,0
2020-07-22,Russia,NA,Chechnya,1436981,12,0,1949,0
2020-07-23,Russia,NA,Chechnya,1436981,9,0,1958,0
2020-07-24,Russia,NA,Chechnya,1436981,13,0,1971,0
2020-07-25,Russia,NA,Chechnya,1436981,14,0,1985,0
2020-07-26,Russia,NA,Chechnya,1436981,15,0,2000,0
2020-07-27,Russia,NA,Chechnya,1436981,10,0,2010,0
2020-07-28,Russia,NA,Chechnya,1436981,8,0,2018,0
2020-07-29,Russia,NA,Chechnya,1436981,12,0,2030,0
2020-07-30,Russia,NA,Chechnya,1436981,16,0,2046,0
2020-07-31,Russia,NA,Chechnya,1436981,14,0,2060,0
2020-08-01,Russia,NA,Chechnya,1436981,12,0,2072,0
2020-08-02,Russia,NA,Chechnya,1436981,10,0,2082,0
2020-08-17,Russia,NA,Chechnya,1436981,0,0,2194,37
2020-08-18,Russia,NA,Chechnya,1436981,6,0,2200,37
2020-08-19,Russia,NA,Chechnya,1436981,5,0,2205,37
2020-08-20,Russia,NA,Chechnya,1436981,4,0,2209,37
2020-08-21,Russia,NA,Chechnya,1436981,6,1,2215,38
2020-08-22,Russia,NA,Chechnya,1436981,7,0,2222,38
2020-08-23,Russia,NA,Chechnya,1436981,6,0,2228,38
2020-08-24,Russia,NA,Chechnya,1436981,5,0,2233,38
2020-08-25,Russia,NA,Chechnya,1436981,7,0,2240,38
2020-08-26,Russia,NA,Chechnya,1436981,5,0,2245,38
2020-08-27,Russia,NA,Chechnya,1436981,4,0,2249,38
2020-08-28,Russia,NA,Chechnya,1436981,4,0,2253,38
2020-08-29,Russia,NA,Chechnya,1436981,5,0,2258,38
2020-08-30,Russia,NA,Chechnya,1436981,7,0,2265,38
2020-08-31,Russia,NA,Chechnya,1436981,5,0,2270,38
2020-09-01,Russia,NA,Chechnya,1436981,4,0,2274,38
2020-09-02,Russia,NA,Chechnya,1436981,6,0,2280,38
2020-09-03,Russia,NA,Chechnya,1436981,6,0,2286,38
2020-09-04,Russia,NA,Chechnya,1436981,4,1,2290,39
2020-09-05,Russia,NA,Chechnya,1436981,6,0,2296,39
2020-09-06,Russia,NA,Chechnya,1436981,7,0,2303,39
2020-09-07,Russia,NA,Chechnya,1436981,4,1,2307,40
2020-09-08,Russia,NA,Chechnya,1436981,7,0,2314,40
2020-09-09,Russia,NA,Chechnya,1436981,8,0,2322,40
2020-09-10,Russia,NA,Chechnya,1436981,5,0,2327,40
2020-09-11,Russia,NA,Chechnya,1436981,6,0,2333,40
2020-09-12,Russia,NA,Chechnya,1436981,4,0,2337,40
2020-09-13,Russia,NA,Chechnya,1436981,4,0,2341,40
2020-09-14,Russia,NA,Chechnya,1436981,6,0,2347,40
2020-09-15,Russia,NA,Chechnya,1436981,5,0,2352,40
2020-03-29,Russia,NA,Chelyabinsk Oblast,3500361,3,0,12,0
2020-03-30,Russia,NA,Chelyabinsk Oblast,3500361,2,0,14,0
2020-04-01,Russia,NA,Chelyabinsk Oblast,3500361,7,0,21,0
2020-04-03,Russia,NA,Chelyabinsk Oblast,3500361,2,0,23,0
2020-04-04,Russia,NA,Chelyabinsk Oblast,3500361,3,0,26,0
2020-04-05,Russia,NA,Chelyabinsk Oblast,3500361,1,0,27,0
2020-04-06,Russia,NA,Chelyabinsk Oblast,3500361,4,0,31,0
2020-04-07,Russia,NA,Chelyabinsk Oblast,3500361,1,0,32,0
2020-04-09,Russia,NA,Chelyabinsk Oblast,3500361,2,0,34,0
2020-04-11,Russia,NA,Chelyabinsk Oblast,3500361,6,0,40,0
2020-04-13,Russia,NA,Chelyabinsk Oblast,3500361,3,0,43,0
2020-04-14,Russia,NA,Chelyabinsk Oblast,3500361,5,0,48,0
2020-04-15,Russia,NA,Chelyabinsk Oblast,3500361,3,0,51,0
2020-04-16,Russia,NA,Chelyabinsk Oblast,3500361,2,0,53,0
2020-04-17,Russia,NA,Chelyabinsk Oblast,3500361,4,0,57,0
2020-04-18,Russia,NA,Chelyabinsk Oblast,3500361,4,0,61,0
2020-04-19,Russia,NA,Chelyabinsk Oblast,3500361,7,0,68,0
2020-04-20,Russia,NA,Chelyabinsk Oblast,3500361,10,0,78,0
2020-04-21,Russia,NA,Chelyabinsk Oblast,3500361,14,0,92,0
2020-04-22,Russia,NA,Chelyabinsk Oblast,3500361,10,0,102,0
2020-04-23,Russia,NA,Chelyabinsk Oblast,3500361,9,0,111,0
2020-04-24,Russia,NA,Chelyabinsk Oblast,3500361,57,0,168,0
2020-04-25,Russia,NA,Chelyabinsk Oblast,3500361,72,0,240,0
2020-04-26,Russia,NA,Chelyabinsk Oblast,3500361,62,0,302,0
2020-04-27,Russia,NA,Chelyabinsk Oblast,3500361,58,0,360,0
2020-04-28,Russia,NA,Chelyabinsk Oblast,3500361,48,0,408,0
2020-04-29,Russia,NA,Chelyabinsk Oblast,3500361,19,0,427,0
2020-04-30,Russia,NA,Chelyabinsk Oblast,3500361,67,0,494,0
2020-05-01,Russia,NA,Chelyabinsk Oblast,3500361,44,0,538,0
2020-05-02,Russia,NA,Chelyabinsk Oblast,3500361,30,0,568,0
2020-05-03,Russia,NA,Chelyabinsk Oblast,3500361,63,0,631,0
2020-05-04,Russia,NA,Chelyabinsk Oblast,3500361,51,0,682,0
2020-05-05,Russia,NA,Chelyabinsk Oblast,3500361,86,0,768,0
2020-05-06,Russia,NA,Chelyabinsk Oblast,3500361,44,0,812,0
2020-05-07,Russia,NA,Chelyabinsk Oblast,3500361,27,0,839,0
2020-05-08,Russia,NA,Chelyabinsk Oblast,3500361,42,0,881,0
2020-05-09,Russia,NA,Chelyabinsk Oblast,3500361,70,0,951,0
2020-05-10,Russia,NA,Chelyabinsk Oblast,3500361,90,0,1041,0
2020-05-11,Russia,NA,Chelyabinsk Oblast,3500361,77,0,1118,0
2020-05-12,Russia,NA,Chelyabinsk Oblast,3500361,94,0,1212,0
2020-05-13,Russia,NA,Chelyabinsk Oblast,3500361,51,0,1263,0
2020-05-14,Russia,NA,Chelyabinsk Oblast,3500361,44,0,1307,0
2020-05-15,Russia,NA,Chelyabinsk Oblast,3500361,100,0,1407,0
2020-05-16,Russia,NA,Chelyabinsk Oblast,3500361,69,0,1476,0
2020-05-17,Russia,NA,Chelyabinsk Oblast,3500361,98,0,1574,0
2020-05-18,Russia,NA,Chelyabinsk Oblast,3500361,85,0,1659,0
2020-05-19,Russia,NA,Chelyabinsk Oblast,3500361,96,0,1755,0
2020-05-20,Russia,NA,Chelyabinsk Oblast,3500361,74,0,1829,0
2020-05-21,Russia,NA,Chelyabinsk Oblast,3500361,84,0,1913,0
2020-05-22,Russia,NA,Chelyabinsk Oblast,3500361,80,0,1993,0
2020-05-23,Russia,NA,Chelyabinsk Oblast,3500361,80,0,2073,0
2020-05-24,Russia,NA,Chelyabinsk Oblast,3500361,62,0,2135,0
2020-05-25,Russia,NA,Chelyabinsk Oblast,3500361,45,0,2180,0
2020-05-26,Russia,NA,Chelyabinsk Oblast,3500361,36,0,2216,0
2020-05-27,Russia,NA,Chelyabinsk Oblast,3500361,70,0,2286,0
2020-05-28,Russia,NA,Chelyabinsk Oblast,3500361,82,0,2368,0
2020-05-29,Russia,NA,Chelyabinsk Oblast,3500361,141,0,2509,0
2020-05-30,Russia,NA,Chelyabinsk Oblast,3500361,150,0,2659,0
2020-05-31,Russia,NA,Chelyabinsk Oblast,3500361,136,0,2795,0
2020-06-01,Russia,NA,Chelyabinsk Oblast,3500361,134,0,2929,0
2020-06-02,Russia,NA,Chelyabinsk Oblast,3500361,113,0,3042,0
2020-06-03,Russia,NA,Chelyabinsk Oblast,3500361,108,0,3150,0
2020-06-04,Russia,NA,Chelyabinsk Oblast,3500361,113,0,3263,0
2020-06-05,Russia,NA,Chelyabinsk Oblast,3500361,108,0,3371,0
2020-06-06,Russia,NA,Chelyabinsk Oblast,3500361,128,0,3499,0
2020-06-07,Russia,NA,Chelyabinsk Oblast,3500361,115,0,3614,0
2020-06-08,Russia,NA,Chelyabinsk Oblast,3500361,123,0,3737,0
2020-06-09,Russia,NA,Chelyabinsk Oblast,3500361,143,0,3880,0
2020-06-10,Russia,NA,Chelyabinsk Oblast,3500361,135,0,4015,0
2020-06-11,Russia,NA,Chelyabinsk Oblast,3500361,115,0,4130,0
2020-06-12,Russia,NA,Chelyabinsk Oblast,3500361,91,0,4221,0
2020-06-13,Russia,NA,Chelyabinsk Oblast,3500361,120,0,4341,0
2020-06-14,Russia,NA,Chelyabinsk Oblast,3500361,141,0,4482,0
2020-06-15,Russia,NA,Chelyabinsk Oblast,3500361,169,0,4651,0
2020-06-16,Russia,NA,Chelyabinsk Oblast,3500361,171,0,4822,0
2020-06-17,Russia,NA,Chelyabinsk Oblast,3500361,136,0,4958,0
2020-06-18,Russia,NA,Chelyabinsk Oblast,3500361,167,0,5125,0
2020-06-19,Russia,NA,Chelyabinsk Oblast,3500361,166,0,5291,0
2020-06-20,Russia,NA,Chelyabinsk Oblast,3500361,176,0,5467,0
2020-06-21,Russia,NA,Chelyabinsk Oblast,3500361,182,0,5649,0
2020-06-22,Russia,NA,Chelyabinsk Oblast,3500361,176,0,5825,0
2020-06-23,Russia,NA,Chelyabinsk Oblast,3500361,258,0,6083,0
2020-06-24,Russia,NA,Chelyabinsk Oblast,3500361,185,0,6268,0
2020-06-25,Russia,NA,Chelyabinsk Oblast,3500361,174,0,6442,0
2020-06-26,Russia,NA,Chelyabinsk Oblast,3500361,160,0,6602,0
2020-06-27,Russia,NA,Chelyabinsk Oblast,3500361,158,0,6760,0
2020-06-28,Russia,NA,Chelyabinsk Oblast,3500361,152,0,6912,0
2020-06-29,Russia,NA,Chelyabinsk Oblast,3500361,146,0,7058,0
2020-06-30,Russia,NA,Chelyabinsk Oblast,3500361,144,0,7202,0
2020-07-01,Russia,NA,Chelyabinsk Oblast,3500361,137,0,7339,0
2020-07-02,Russia,NA,Chelyabinsk Oblast,3500361,134,0,7473,0
2020-07-03,Russia,NA,Chelyabinsk Oblast,3500361,129,0,7602,0
2020-07-04,Russia,NA,Chelyabinsk Oblast,3500361,128,0,7730,0
2020-07-05,Russia,NA,Chelyabinsk Oblast,3500361,131,0,7861,0
2020-07-06,Russia,NA,Chelyabinsk Oblast,3500361,128,0,7989,0
2020-07-07,Russia,NA,Chelyabinsk Oblast,3500361,138,0,8127,0
2020-07-08,Russia,NA,Chelyabinsk Oblast,3500361,135,0,8262,0
2020-07-09,Russia,NA,Chelyabinsk Oblast,3500361,129,0,8391,0
2020-07-10,Russia,NA,Chelyabinsk Oblast,3500361,129,0,8520,0
2020-07-11,Russia,NA,Chelyabinsk Oblast,3500361,129,0,8649,0
2020-07-12,Russia,NA,Chelyabinsk Oblast,3500361,119,0,8768,0
2020-07-13,Russia,NA,Chelyabinsk Oblast,3500361,132,0,8900,0
2020-07-14,Russia,NA,Chelyabinsk Oblast,3500361,132,0,9032,0
2020-07-15,Russia,NA,Chelyabinsk Oblast,3500361,132,0,9164,0
2020-07-16,Russia,NA,Chelyabinsk Oblast,3500361,125,0,9289,0
2020-07-17,Russia,NA,Chelyabinsk Oblast,3500361,131,0,9420,0
2020-07-18,Russia,NA,Chelyabinsk Oblast,3500361,132,0,9552,0
2020-07-19,Russia,NA,Chelyabinsk Oblast,3500361,130,0,9682,0
2020-07-20,Russia,NA,Chelyabinsk Oblast,3500361,134,0,9816,0
2020-07-21,Russia,NA,Chelyabinsk Oblast,3500361,130,0,9946,0
2020-07-22,Russia,NA,Chelyabinsk Oblast,3500361,132,0,10078,0
2020-07-23,Russia,NA,Chelyabinsk Oblast,3500361,130,0,10208,0
2020-07-24,Russia,NA,Chelyabinsk Oblast,3500361,121,0,10329,0
2020-07-25,Russia,NA,Chelyabinsk Oblast,3500361,124,0,10453,0
2020-07-26,Russia,NA,Chelyabinsk Oblast,3500361,131,0,10584,0
2020-07-27,Russia,NA,Chelyabinsk Oblast,3500361,128,0,10712,0
2020-07-28,Russia,NA,Chelyabinsk Oblast,3500361,124,0,10836,0
2020-07-29,Russia,NA,Chelyabinsk Oblast,3500361,125,0,10961,0
2020-07-30,Russia,NA,Chelyabinsk Oblast,3500361,119,0,11080,0
2020-07-31,Russia,NA,Chelyabinsk Oblast,3500361,117,0,11197,0
2020-08-01,Russia,NA,Chelyabinsk Oblast,3500361,110,0,11307,0
2020-08-02,Russia,NA,Chelyabinsk Oblast,3500361,109,0,11416,0
2020-08-17,Russia,NA,Chelyabinsk Oblast,3500361,0,0,12737,99
2020-08-18,Russia,NA,Chelyabinsk Oblast,3500361,67,2,12804,101
2020-08-19,Russia,NA,Chelyabinsk Oblast,3500361,71,0,12875,101
2020-08-20,Russia,NA,Chelyabinsk Oblast,3500361,71,0,12946,101
2020-08-21,Russia,NA,Chelyabinsk Oblast,3500361,73,1,13019,102
2020-08-22,Russia,NA,Chelyabinsk Oblast,3500361,71,1,13090,103
2020-08-23,Russia,NA,Chelyabinsk Oblast,3500361,70,0,13160,103
2020-08-24,Russia,NA,Chelyabinsk Oblast,3500361,59,0,13219,103
2020-08-25,Russia,NA,Chelyabinsk Oblast,3500361,70,0,13289,103
2020-08-26,Russia,NA,Chelyabinsk Oblast,3500361,62,0,13351,103
2020-08-27,Russia,NA,Chelyabinsk Oblast,3500361,69,1,13420,104
2020-08-28,Russia,NA,Chelyabinsk Oblast,3500361,68,0,13488,104
2020-08-29,Russia,NA,Chelyabinsk Oblast,3500361,70,0,13558,104
2020-08-30,Russia,NA,Chelyabinsk Oblast,3500361,62,0,13620,104
2020-08-31,Russia,NA,Chelyabinsk Oblast,3500361,62,0,13682,104
2020-09-01,Russia,NA,Chelyabinsk Oblast,3500361,71,0,13753,104
2020-09-02,Russia,NA,Chelyabinsk Oblast,3500361,73,1,13826,105
2020-09-03,Russia,NA,Chelyabinsk Oblast,3500361,51,3,13877,108
2020-09-04,Russia,NA,Chelyabinsk Oblast,3500361,57,0,13934,108
2020-09-05,Russia,NA,Chelyabinsk Oblast,3500361,66,0,14000,108
2020-09-06,Russia,NA,Chelyabinsk Oblast,3500361,63,0,14063,108
2020-09-07,Russia,NA,Chelyabinsk Oblast,3500361,59,0,14122,108
2020-09-08,Russia,NA,Chelyabinsk Oblast,3500361,65,0,14187,108
2020-09-09,Russia,NA,Chelyabinsk Oblast,3500361,62,1,14249,109
2020-09-10,Russia,NA,Chelyabinsk Oblast,3500361,69,0,14318,109
2020-09-11,Russia,NA,Chelyabinsk Oblast,3500361,66,2,14384,111
2020-09-12,Russia,NA,Chelyabinsk Oblast,3500361,69,0,14453,111
2020-09-13,Russia,NA,Chelyabinsk Oblast,3500361,61,0,14514,111
2020-09-14,Russia,NA,Chelyabinsk Oblast,3500361,67,0,14581,111
2020-09-15,Russia,NA,Chelyabinsk Oblast,3500361,71,0,14652,111
2020-04-08,Russia,NA,Chuvashia,1231117,9,0,15,0
2020-04-09,Russia,NA,Chuvashia,1231117,2,0,17,0
2020-04-10,Russia,NA,Chuvashia,1231117,15,0,32,0
2020-04-11,Russia,NA,Chuvashia,1231117,7,0,39,0
2020-04-12,Russia,NA,Chuvashia,1231117,11,0,50,0
2020-04-13,Russia,NA,Chuvashia,1231117,15,0,65,0
2020-04-15,Russia,NA,Chuvashia,1231117,13,0,78,0
2020-04-16,Russia,NA,Chuvashia,1231117,47,0,125,0
2020-04-17,Russia,NA,Chuvashia,1231117,12,0,137,0
2020-04-18,Russia,NA,Chuvashia,1231117,27,0,164,0
2020-04-19,Russia,NA,Chuvashia,1231117,29,0,193,0
2020-04-20,Russia,NA,Chuvashia,1231117,32,0,225,0
2020-04-21,Russia,NA,Chuvashia,1231117,10,0,235,0
2020-04-22,Russia,NA,Chuvashia,1231117,27,0,262,0
2020-04-23,Russia,NA,Chuvashia,1231117,43,0,305,0
2020-04-24,Russia,NA,Chuvashia,1231117,43,0,348,0
2020-04-25,Russia,NA,Chuvashia,1231117,35,0,383,0
2020-04-26,Russia,NA,Chuvashia,1231117,38,0,421,0
2020-04-27,Russia,NA,Chuvashia,1231117,42,0,463,0
2020-04-29,Russia,NA,Chuvashia,1231117,37,0,500,0
2020-04-30,Russia,NA,Chuvashia,1231117,47,0,547,0
2020-05-01,Russia,NA,Chuvashia,1231117,41,0,588,0
2020-05-02,Russia,NA,Chuvashia,1231117,49,0,637,0
2020-05-03,Russia,NA,Chuvashia,1231117,55,0,692,0
2020-05-04,Russia,NA,Chuvashia,1231117,64,0,756,0
2020-05-05,Russia,NA,Chuvashia,1231117,49,0,805,0
2020-05-06,Russia,NA,Chuvashia,1231117,48,0,853,0
2020-05-07,Russia,NA,Chuvashia,1231117,58,0,911,0
2020-05-08,Russia,NA,Chuvashia,1231117,68,0,979,0
2020-05-09,Russia,NA,Chuvashia,1231117,63,0,1042,0
2020-05-10,Russia,NA,Chuvashia,1231117,63,0,1105,0
2020-05-11,Russia,NA,Chuvashia,1231117,76,0,1181,0
2020-05-12,Russia,NA,Chuvashia,1231117,62,0,1243,0
2020-05-13,Russia,NA,Chuvashia,1231117,78,0,1321,0
2020-05-14,Russia,NA,Chuvashia,1231117,79,0,1400,0
2020-05-15,Russia,NA,Chuvashia,1231117,83,0,1483,0
2020-05-16,Russia,NA,Chuvashia,1231117,81,0,1564,0
2020-05-17,Russia,NA,Chuvashia,1231117,97,0,1661,0
2020-05-18,Russia,NA,Chuvashia,1231117,87,0,1748,0
2020-05-19,Russia,NA,Chuvashia,1231117,76,0,1824,0
2020-05-20,Russia,NA,Chuvashia,1231117,73,0,1897,0
2020-05-21,Russia,NA,Chuvashia,1231117,78,0,1975,0
2020-05-22,Russia,NA,Chuvashia,1231117,90,0,2065,0
2020-05-23,Russia,NA,Chuvashia,1231117,91,0,2156,0
2020-05-24,Russia,NA,Chuvashia,1231117,95,0,2251,0
2020-05-25,Russia,NA,Chuvashia,1231117,97,0,2348,0
2020-05-26,Russia,NA,Chuvashia,1231117,85,0,2433,0
2020-05-27,Russia,NA,Chuvashia,1231117,73,0,2506,0
2020-05-28,Russia,NA,Chuvashia,1231117,81,0,2587,0
2020-05-29,Russia,NA,Chuvashia,1231117,83,0,2670,0
2020-05-30,Russia,NA,Chuvashia,1231117,89,0,2759,0
2020-05-31,Russia,NA,Chuvashia,1231117,87,0,2846,0
2020-06-01,Russia,NA,Chuvashia,1231117,88,0,2934,0
2020-06-02,Russia,NA,Chuvashia,1231117,88,0,3022,0
2020-06-03,Russia,NA,Chuvashia,1231117,87,0,3109,0
2020-06-04,Russia,NA,Chuvashia,1231117,83,0,3192,0
2020-06-05,Russia,NA,Chuvashia,1231117,80,0,3272,0
2020-06-06,Russia,NA,Chuvashia,1231117,84,0,3356,0
2020-06-07,Russia,NA,Chuvashia,1231117,80,0,3436,0
2020-06-08,Russia,NA,Chuvashia,1231117,86,0,3522,0
2020-06-09,Russia,NA,Chuvashia,1231117,85,0,3607,0
2020-06-10,Russia,NA,Chuvashia,1231117,79,0,3686,0
2020-06-11,Russia,NA,Chuvashia,1231117,77,0,3763,0
2020-06-12,Russia,NA,Chuvashia,1231117,76,0,3839,0
2020-06-13,Russia,NA,Chuvashia,1231117,78,0,3917,0
2020-06-14,Russia,NA,Chuvashia,1231117,77,0,3994,0
2020-06-15,Russia,NA,Chuvashia,1231117,79,0,4073,0
2020-06-16,Russia,NA,Chuvashia,1231117,74,0,4147,0
2020-06-17,Russia,NA,Chuvashia,1231117,73,0,4220,0
2020-06-18,Russia,NA,Chuvashia,1231117,72,0,4292,0
2020-06-19,Russia,NA,Chuvashia,1231117,70,0,4362,0
2020-06-20,Russia,NA,Chuvashia,1231117,71,0,4433,0
2020-06-21,Russia,NA,Chuvashia,1231117,69,0,4502,0
2020-06-22,Russia,NA,Chuvashia,1231117,71,0,4573,0
2020-06-23,Russia,NA,Chuvashia,1231117,66,0,4639,0
2020-06-24,Russia,NA,Chuvashia,1231117,62,0,4701,0
2020-06-25,Russia,NA,Chuvashia,1231117,62,0,4763,0
2020-06-26,Russia,NA,Chuvashia,1231117,58,0,4821,0
2020-06-27,Russia,NA,Chuvashia,1231117,55,0,4876,0
2020-06-28,Russia,NA,Chuvashia,1231117,58,0,4934,0
2020-06-29,Russia,NA,Chuvashia,1231117,52,0,4986,0
2020-06-30,Russia,NA,Chuvashia,1231117,51,0,5037,0
2020-07-01,Russia,NA,Chuvashia,1231117,58,0,5095,0
2020-07-02,Russia,NA,Chuvashia,1231117,60,0,5155,0
2020-07-03,Russia,NA,Chuvashia,1231117,59,0,5214,0
2020-07-04,Russia,NA,Chuvashia,1231117,62,0,5276,0
2020-07-05,Russia,NA,Chuvashia,1231117,71,0,5347,0
2020-07-06,Russia,NA,Chuvashia,1231117,68,0,5415,0
2020-07-07,Russia,NA,Chuvashia,1231117,67,0,5482,0
2020-07-08,Russia,NA,Chuvashia,1231117,69,0,5551,0
2020-07-09,Russia,NA,Chuvashia,1231117,67,0,5618,0
2020-07-10,Russia,NA,Chuvashia,1231117,61,0,5679,0
2020-07-11,Russia,NA,Chuvashia,1231117,57,0,5736,0
2020-07-12,Russia,NA,Chuvashia,1231117,55,0,5791,0
2020-07-13,Russia,NA,Chuvashia,1231117,56,0,5847,0
2020-07-14,Russia,NA,Chuvashia,1231117,54,0,5901,0
2020-07-15,Russia,NA,Chuvashia,1231117,58,0,5959,0
2020-07-16,Russia,NA,Chuvashia,1231117,57,0,6016,0
2020-07-17,Russia,NA,Chuvashia,1231117,55,0,6071,0
2020-07-18,Russia,NA,Chuvashia,1231117,54,0,6125,0
2020-07-19,Russia,NA,Chuvashia,1231117,52,0,6177,0
2020-07-20,Russia,NA,Chuvashia,1231117,48,0,6225,0
2020-07-21,Russia,NA,Chuvashia,1231117,46,0,6271,0
2020-07-22,Russia,NA,Chuvashia,1231117,42,0,6313,0
2020-07-23,Russia,NA,Chuvashia,1231117,46,0,6359,0
2020-07-24,Russia,NA,Chuvashia,1231117,42,0,6401,0
2020-07-25,Russia,NA,Chuvashia,1231117,44,0,6445,0
2020-07-26,Russia,NA,Chuvashia,1231117,45,0,6490,0
2020-07-27,Russia,NA,Chuvashia,1231117,38,0,6528,0
2020-07-28,Russia,NA,Chuvashia,1231117,42,0,6570,0
2020-07-29,Russia,NA,Chuvashia,1231117,44,0,6614,0
2020-07-30,Russia,NA,Chuvashia,1231117,41,0,6655,0
2020-07-31,Russia,NA,Chuvashia,1231117,40,0,6695,0
2020-08-01,Russia,NA,Chuvashia,1231117,40,0,6735,0
2020-08-02,Russia,NA,Chuvashia,1231117,37,0,6772,0
2020-08-17,Russia,NA,Chuvashia,1231117,0,0,7309,68
2020-08-18,Russia,NA,Chuvashia,1231117,33,0,7342,68
2020-08-19,Russia,NA,Chuvashia,1231117,36,0,7378,68
2020-08-20,Russia,NA,Chuvashia,1231117,36,0,7414,68
2020-08-21,Russia,NA,Chuvashia,1231117,34,0,7448,68
2020-08-22,Russia,NA,Chuvashia,1231117,33,0,7481,68
2020-08-23,Russia,NA,Chuvashia,1231117,35,0,7516,68
2020-08-24,Russia,NA,Chuvashia,1231117,35,0,7551,68
2020-08-25,Russia,NA,Chuvashia,1231117,34,0,7585,68
2020-08-26,Russia,NA,Chuvashia,1231117,34,0,7619,68
2020-08-27,Russia,NA,Chuvashia,1231117,32,0,7651,68
2020-08-28,Russia,NA,Chuvashia,1231117,31,2,7682,70
2020-08-29,Russia,NA,Chuvashia,1231117,31,0,7713,70
2020-08-30,Russia,NA,Chuvashia,1231117,30,0,7743,70
2020-08-31,Russia,NA,Chuvashia,1231117,31,0,7774,70
2020-09-01,Russia,NA,Chuvashia,1231117,29,0,7803,70
2020-09-02,Russia,NA,Chuvashia,1231117,33,1,7836,71
2020-09-03,Russia,NA,Chuvashia,1231117,29,0,7865,71
2020-09-04,Russia,NA,Chuvashia,1231117,30,1,7895,72
2020-09-05,Russia,NA,Chuvashia,1231117,28,1,7923,73
2020-09-06,Russia,NA,Chuvashia,1231117,30,0,7953,73
2020-09-07,Russia,NA,Chuvashia,1231117,30,0,7983,73
2020-09-08,Russia,NA,Chuvashia,1231117,31,1,8014,74
2020-09-09,Russia,NA,Chuvashia,1231117,29,1,8043,75
2020-09-10,Russia,NA,Chuvashia,1231117,27,1,8070,76
2020-09-11,Russia,NA,Chuvashia,1231117,26,0,8096,76
2020-09-12,Russia,NA,Chuvashia,1231117,25,1,8121,77
2020-09-13,Russia,NA,Chuvashia,1231117,24,2,8145,79
2020-09-14,Russia,NA,Chuvashia,1231117,24,2,8169,81
2020-09-15,Russia,NA,Chuvashia,1231117,25,0,8194,81
2020-03-31,Russia,NA,Dagestan,3063885,9,0,13,0
2020-04-01,Russia,NA,Dagestan,3063885,2,0,15,0
2020-04-02,Russia,NA,Dagestan,3063885,10,0,25,0
2020-04-06,Russia,NA,Dagestan,3063885,5,0,30,0
2020-04-07,Russia,NA,Dagestan,3063885,13,0,43,0
2020-04-08,Russia,NA,Dagestan,3063885,1,0,44,0
2020-04-09,Russia,NA,Dagestan,3063885,13,0,57,0
2020-04-10,Russia,NA,Dagestan,3063885,1,0,58,0
2020-04-11,Russia,NA,Dagestan,3063885,26,0,84,0
2020-04-14,Russia,NA,Dagestan,3063885,16,0,100,0
2020-04-15,Russia,NA,Dagestan,3063885,5,0,105,0
2020-04-16,Russia,NA,Dagestan,3063885,49,0,154,0
2020-04-17,Russia,NA,Dagestan,3063885,59,0,213,0
2020-04-18,Russia,NA,Dagestan,3063885,44,0,257,0
2020-04-19,Russia,NA,Dagestan,3063885,35,0,292,0
2020-04-20,Russia,NA,Dagestan,3063885,39,0,331,0
2020-04-21,Russia,NA,Dagestan,3063885,40,0,371,0
2020-04-22,Russia,NA,Dagestan,3063885,46,0,417,0
2020-04-23,Russia,NA,Dagestan,3063885,37,0,454,0
2020-04-24,Russia,NA,Dagestan,3063885,113,0,567,0
2020-04-25,Russia,NA,Dagestan,3063885,157,0,724,0
2020-04-26,Russia,NA,Dagestan,3063885,103,0,827,0
2020-04-27,Russia,NA,Dagestan,3063885,167,0,994,0
2020-04-28,Russia,NA,Dagestan,3063885,153,0,1147,0
2020-04-29,Russia,NA,Dagestan,3063885,84,0,1231,0
2020-04-30,Russia,NA,Dagestan,3063885,158,0,1389,0
2020-05-01,Russia,NA,Dagestan,3063885,164,0,1553,0
2020-05-02,Russia,NA,Dagestan,3063885,109,0,1662,0
2020-05-03,Russia,NA,Dagestan,3063885,136,0,1798,0
2020-05-04,Russia,NA,Dagestan,3063885,160,0,1958,0
2020-05-05,Russia,NA,Dagestan,3063885,128,0,2086,0
2020-05-06,Russia,NA,Dagestan,3063885,181,0,2267,0
2020-05-07,Russia,NA,Dagestan,3063885,105,0,2372,0
2020-05-08,Russia,NA,Dagestan,3063885,96,0,2468,0
2020-05-09,Russia,NA,Dagestan,3063885,92,0,2560,0
2020-05-10,Russia,NA,Dagestan,3063885,93,0,2653,0
2020-05-11,Russia,NA,Dagestan,3063885,119,0,2772,0
2020-05-12,Russia,NA,Dagestan,3063885,116,0,2888,0
2020-05-13,Russia,NA,Dagestan,3063885,109,0,2997,0
2020-05-14,Russia,NA,Dagestan,3063885,98,0,3095,0
2020-05-15,Russia,NA,Dagestan,3063885,97,0,3192,0
2020-05-16,Russia,NA,Dagestan,3063885,88,0,3280,0
2020-05-17,Russia,NA,Dagestan,3063885,91,0,3371,0
2020-05-18,Russia,NA,Dagestan,3063885,89,0,3460,0
2020-05-19,Russia,NA,Dagestan,3063885,93,0,3553,0
2020-05-20,Russia,NA,Dagestan,3063885,90,0,3643,0
2020-05-21,Russia,NA,Dagestan,3063885,103,0,3746,0
2020-05-22,Russia,NA,Dagestan,3063885,109,0,3855,0
2020-05-23,Russia,NA,Dagestan,3063885,127,0,3982,0
2020-05-24,Russia,NA,Dagestan,3063885,113,0,4095,0
2020-05-25,Russia,NA,Dagestan,3063885,110,0,4205,0
2020-05-26,Russia,NA,Dagestan,3063885,89,0,4294,0
2020-05-27,Russia,NA,Dagestan,3063885,161,0,4455,0
2020-05-28,Russia,NA,Dagestan,3063885,124,0,4579,0
2020-05-29,Russia,NA,Dagestan,3063885,125,0,4704,0
2020-05-30,Russia,NA,Dagestan,3063885,126,0,4830,0
2020-05-31,Russia,NA,Dagestan,3063885,125,0,4955,0
2020-06-01,Russia,NA,Dagestan,3063885,141,0,5096,0
2020-06-02,Russia,NA,Dagestan,3063885,132,0,5228,0
2020-06-03,Russia,NA,Dagestan,3063885,113,0,5341,0
2020-06-04,Russia,NA,Dagestan,3063885,122,0,5463,0
2020-06-05,Russia,NA,Dagestan,3063885,124,0,5587,0
2020-06-06,Russia,NA,Dagestan,3063885,156,0,5743,0
2020-06-07,Russia,NA,Dagestan,3063885,115,0,5858,0
2020-06-08,Russia,NA,Dagestan,3063885,112,0,5970,0
2020-06-09,Russia,NA,Dagestan,3063885,107,0,6077,0
2020-06-10,Russia,NA,Dagestan,3063885,98,0,6175,0
2020-06-11,Russia,NA,Dagestan,3063885,97,0,6272,0
2020-06-12,Russia,NA,Dagestan,3063885,95,0,6367,0
2020-06-13,Russia,NA,Dagestan,3063885,96,0,6463,0
2020-06-14,Russia,NA,Dagestan,3063885,94,0,6557,0
2020-06-15,Russia,NA,Dagestan,3063885,95,0,6652,0
2020-06-16,Russia,NA,Dagestan,3063885,93,0,6745,0
2020-06-17,Russia,NA,Dagestan,3063885,92,0,6837,0
2020-06-18,Russia,NA,Dagestan,3063885,90,0,6927,0
2020-06-19,Russia,NA,Dagestan,3063885,88,0,7015,0
2020-06-20,Russia,NA,Dagestan,3063885,88,0,7103,0
2020-06-21,Russia,NA,Dagestan,3063885,85,0,7188,0
2020-06-22,Russia,NA,Dagestan,3063885,79,0,7267,0
2020-06-23,Russia,NA,Dagestan,3063885,73,0,7340,0
2020-06-24,Russia,NA,Dagestan,3063885,75,0,7415,0
2020-06-25,Russia,NA,Dagestan,3063885,73,0,7488,0
2020-06-26,Russia,NA,Dagestan,3063885,73,0,7561,0
2020-06-27,Russia,NA,Dagestan,3063885,75,0,7636,0
2020-06-28,Russia,NA,Dagestan,3063885,71,0,7707,0
2020-06-29,Russia,NA,Dagestan,3063885,68,0,7775,0
2020-06-30,Russia,NA,Dagestan,3063885,65,0,7840,0
2020-07-01,Russia,NA,Dagestan,3063885,65,0,7905,0
2020-07-02,Russia,NA,Dagestan,3063885,63,0,7968,0
2020-07-03,Russia,NA,Dagestan,3063885,57,0,8025,0
2020-07-04,Russia,NA,Dagestan,3063885,55,0,8080,0
2020-07-05,Russia,NA,Dagestan,3063885,52,0,8132,0
2020-07-06,Russia,NA,Dagestan,3063885,52,0,8184,0
2020-07-07,Russia,NA,Dagestan,3063885,48,0,8232,0
2020-07-08,Russia,NA,Dagestan,3063885,48,0,8280,0
2020-07-09,Russia,NA,Dagestan,3063885,47,0,8327,0
2020-07-10,Russia,NA,Dagestan,3063885,47,0,8374,0
2020-07-11,Russia,NA,Dagestan,3063885,48,0,8422,0
2020-07-12,Russia,NA,Dagestan,3063885,46,0,8468,0
2020-07-13,Russia,NA,Dagestan,3063885,46,0,8514,0
2020-07-14,Russia,NA,Dagestan,3063885,46,0,8560,0
2020-07-15,Russia,NA,Dagestan,3063885,42,0,8602,0
2020-07-16,Russia,NA,Dagestan,3063885,45,0,8647,0
2020-07-17,Russia,NA,Dagestan,3063885,44,0,8691,0
2020-07-18,Russia,NA,Dagestan,3063885,44,0,8735,0
2020-07-19,Russia,NA,Dagestan,3063885,43,0,8778,0
2020-07-20,Russia,NA,Dagestan,3063885,41,0,8819,0
2020-07-21,Russia,NA,Dagestan,3063885,41,0,8860,0
2020-07-22,Russia,NA,Dagestan,3063885,41,0,8901,0
2020-07-23,Russia,NA,Dagestan,3063885,40,0,8941,0
2020-07-24,Russia,NA,Dagestan,3063885,40,0,8981,0
2020-07-25,Russia,NA,Dagestan,3063885,40,0,9021,0
2020-07-26,Russia,NA,Dagestan,3063885,41,0,9062,0
2020-07-27,Russia,NA,Dagestan,3063885,41,0,9103,0
2020-07-28,Russia,NA,Dagestan,3063885,40,0,9143,0
2020-07-29,Russia,NA,Dagestan,3063885,40,0,9183,0
2020-07-30,Russia,NA,Dagestan,3063885,40,0,9223,0
2020-07-31,Russia,NA,Dagestan,3063885,43,0,9266,0
2020-08-01,Russia,NA,Dagestan,3063885,42,0,9308,0
2020-08-02,Russia,NA,Dagestan,3063885,42,0,9350,0
2020-08-17,Russia,NA,Dagestan,3063885,0,0,10091,470
2020-08-18,Russia,NA,Dagestan,3063885,60,0,10151,470
2020-08-19,Russia,NA,Dagestan,3063885,59,4,10210,474
2020-08-20,Russia,NA,Dagestan,3063885,62,3,10272,477
2020-08-21,Russia,NA,Dagestan,3063885,62,1,10334,478
2020-08-22,Russia,NA,Dagestan,3063885,61,4,10395,482
2020-08-23,Russia,NA,Dagestan,3063885,63,1,10458,483
2020-08-24,Russia,NA,Dagestan,3063885,63,2,10521,485
2020-08-25,Russia,NA,Dagestan,3063885,65,0,10586,485
2020-08-26,Russia,NA,Dagestan,3063885,65,2,10651,487
2020-08-27,Russia,NA,Dagestan,3063885,65,2,10716,489
2020-08-28,Russia,NA,Dagestan,3063885,72,5,10788,494
2020-08-29,Russia,NA,Dagestan,3063885,70,1,10858,495
2020-08-30,Russia,NA,Dagestan,3063885,70,0,10928,495
2020-08-31,Russia,NA,Dagestan,3063885,71,2,10999,497
2020-09-01,Russia,NA,Dagestan,3063885,74,2,11073,499
2020-09-02,Russia,NA,Dagestan,3063885,72,3,11145,502
2020-09-03,Russia,NA,Dagestan,3063885,74,3,11219,505
2020-09-04,Russia,NA,Dagestan,3063885,73,1,11292,506
2020-09-05,Russia,NA,Dagestan,3063885,75,1,11367,507
2020-09-06,Russia,NA,Dagestan,3063885,75,0,11442,507
2020-09-07,Russia,NA,Dagestan,3063885,78,3,11520,510
2020-09-08,Russia,NA,Dagestan,3063885,78,2,11598,512
2020-09-09,Russia,NA,Dagestan,3063885,80,2,11678,514
2020-09-10,Russia,NA,Dagestan,3063885,82,1,11760,515
2020-09-11,Russia,NA,Dagestan,3063885,82,2,11842,517
2020-09-12,Russia,NA,Dagestan,3063885,83,4,11925,521
2020-09-13,Russia,NA,Dagestan,3063885,83,2,12008,523
2020-09-14,Russia,NA,Dagestan,3063885,84,1,12092,524
2020-09-15,Russia,NA,Dagestan,3063885,83,4,12175,528
2020-04-08,Russia,NA,Ingushetia,488043,18,0,25,0
2020-04-10,Russia,NA,Ingushetia,488043,4,0,29,0
2020-04-13,Russia,NA,Ingushetia,488043,5,0,34,0
2020-04-15,Russia,NA,Ingushetia,488043,56,0,90,0
2020-04-16,Russia,NA,Ingushetia,488043,63,0,153,0
2020-04-17,Russia,NA,Ingushetia,488043,38,0,191,0
2020-04-18,Russia,NA,Ingushetia,488043,36,0,227,0
2020-04-19,Russia,NA,Ingushetia,488043,42,0,269,0
2020-04-20,Russia,NA,Ingushetia,488043,39,0,308,0
2020-04-21,Russia,NA,Ingushetia,488043,46,0,354,0
2020-04-22,Russia,NA,Ingushetia,488043,43,0,397,0
2020-04-23,Russia,NA,Ingushetia,488043,39,0,436,0
2020-04-24,Russia,NA,Ingushetia,488043,38,0,474,0
2020-04-25,Russia,NA,Ingushetia,488043,41,0,515,0
2020-04-26,Russia,NA,Ingushetia,488043,37,0,552,0
2020-04-27,Russia,NA,Ingushetia,488043,38,0,590,0
2020-04-28,Russia,NA,Ingushetia,488043,43,0,633,0
2020-04-29,Russia,NA,Ingushetia,488043,46,0,679,0
2020-04-30,Russia,NA,Ingushetia,488043,43,0,722,0
2020-05-01,Russia,NA,Ingushetia,488043,47,0,769,0
2020-05-02,Russia,NA,Ingushetia,488043,45,0,814,0
2020-05-03,Russia,NA,Ingushetia,488043,51,0,865,0
2020-05-04,Russia,NA,Ingushetia,488043,53,0,918,0
2020-05-05,Russia,NA,Ingushetia,488043,48,0,966,0
2020-05-06,Russia,NA,Ingushetia,488043,52,0,1018,0
2020-05-07,Russia,NA,Ingushetia,488043,49,0,1067,0
2020-05-08,Russia,NA,Ingushetia,488043,41,0,1108,0
2020-05-09,Russia,NA,Ingushetia,488043,44,0,1152,0
2020-05-10,Russia,NA,Ingushetia,488043,47,0,1199,0
2020-05-11,Russia,NA,Ingushetia,488043,46,0,1245,0
2020-05-12,Russia,NA,Ingushetia,488043,45,0,1290,0
2020-05-13,Russia,NA,Ingushetia,488043,43,0,1333,0
2020-05-14,Russia,NA,Ingushetia,488043,39,0,1372,0
2020-05-15,Russia,NA,Ingushetia,488043,35,0,1407,0
2020-05-16,Russia,NA,Ingushetia,488043,36,0,1443,0
2020-05-17,Russia,NA,Ingushetia,488043,37,0,1480,0
2020-05-18,Russia,NA,Ingushetia,488043,35,0,1515,0
2020-05-19,Russia,NA,Ingushetia,488043,46,0,1561,0
2020-05-20,Russia,NA,Ingushetia,488043,44,0,1605,0
2020-05-21,Russia,NA,Ingushetia,488043,43,0,1648,0
2020-05-22,Russia,NA,Ingushetia,488043,44,0,1692,0
2020-05-23,Russia,NA,Ingushetia,488043,42,0,1734,0
2020-05-24,Russia,NA,Ingushetia,488043,44,0,1778,0
2020-05-25,Russia,NA,Ingushetia,488043,45,0,1823,0
2020-05-26,Russia,NA,Ingushetia,488043,43,0,1866,0
2020-05-27,Russia,NA,Ingushetia,488043,40,0,1906,0
2020-05-28,Russia,NA,Ingushetia,488043,49,0,1955,0
2020-05-29,Russia,NA,Ingushetia,488043,45,0,2000,0
2020-05-30,Russia,NA,Ingushetia,488043,44,0,2044,0
2020-05-31,Russia,NA,Ingushetia,488043,39,0,2083,0
2020-06-01,Russia,NA,Ingushetia,488043,44,0,2127,0
2020-06-02,Russia,NA,Ingushetia,488043,37,0,2164,0
2020-06-03,Russia,NA,Ingushetia,488043,33,0,2197,0
2020-06-04,Russia,NA,Ingushetia,488043,31,0,2228,0
2020-06-05,Russia,NA,Ingushetia,488043,40,0,2268,0
2020-06-06,Russia,NA,Ingushetia,488043,39,0,2307,0
2020-06-07,Russia,NA,Ingushetia,488043,35,0,2342,0
2020-06-08,Russia,NA,Ingushetia,488043,26,0,2368,0
2020-06-09,Russia,NA,Ingushetia,488043,31,0,2399,0
2020-06-10,Russia,NA,Ingushetia,488043,39,0,2438,0
2020-06-11,Russia,NA,Ingushetia,488043,36,0,2474,0
2020-06-12,Russia,NA,Ingushetia,488043,36,0,2510,0
2020-06-13,Russia,NA,Ingushetia,488043,40,0,2550,0
2020-06-14,Russia,NA,Ingushetia,488043,37,0,2587,0
2020-06-15,Russia,NA,Ingushetia,488043,36,0,2623,0
2020-06-16,Russia,NA,Ingushetia,488043,34,0,2657,0
2020-06-17,Russia,NA,Ingushetia,488043,36,0,2693,0
2020-06-18,Russia,NA,Ingushetia,488043,32,0,2725,0
2020-06-19,Russia,NA,Ingushetia,488043,30,0,2755,0
2020-06-20,Russia,NA,Ingushetia,488043,27,0,2782,0
2020-06-21,Russia,NA,Ingushetia,488043,24,0,2806,0
2020-06-22,Russia,NA,Ingushetia,488043,22,0,2828,0
2020-06-23,Russia,NA,Ingushetia,488043,32,0,2860,0
2020-06-24,Russia,NA,Ingushetia,488043,29,0,2889,0
2020-06-25,Russia,NA,Ingushetia,488043,27,0,2916,0
2020-06-26,Russia,NA,Ingushetia,488043,30,0,2946,0
2020-06-27,Russia,NA,Ingushetia,488043,32,0,2978,0
2020-06-28,Russia,NA,Ingushetia,488043,17,0,2995,0
2020-06-29,Russia,NA,Ingushetia,488043,25,0,3020,0
2020-06-30,Russia,NA,Ingushetia,488043,27,0,3047,0
2020-07-01,Russia,NA,Ingushetia,488043,22,0,3069,0
2020-07-02,Russia,NA,Ingushetia,488043,19,0,3088,0
2020-07-03,Russia,NA,Ingushetia,488043,24,0,3112,0
2020-07-04,Russia,NA,Ingushetia,488043,26,0,3138,0
2020-07-05,Russia,NA,Ingushetia,488043,16,0,3154,0
2020-07-06,Russia,NA,Ingushetia,488043,15,0,3169,0
2020-07-07,Russia,NA,Ingushetia,488043,16,0,3185,0
2020-07-08,Russia,NA,Ingushetia,488043,20,0,3205,0
2020-07-09,Russia,NA,Ingushetia,488043,23,0,3228,0
2020-07-10,Russia,NA,Ingushetia,488043,25,0,3253,0
2020-07-11,Russia,NA,Ingushetia,488043,27,0,3280,0
2020-07-12,Russia,NA,Ingushetia,488043,22,0,3302,0
2020-07-13,Russia,NA,Ingushetia,488043,16,0,3318,0
2020-07-14,Russia,NA,Ingushetia,488043,10,0,3328,0
2020-07-15,Russia,NA,Ingushetia,488043,16,0,3344,0
2020-07-16,Russia,NA,Ingushetia,488043,22,0,3366,0
2020-07-17,Russia,NA,Ingushetia,488043,27,0,3393,0
2020-07-18,Russia,NA,Ingushetia,488043,26,0,3419,0
2020-07-19,Russia,NA,Ingushetia,488043,19,0,3438,0
2020-07-20,Russia,NA,Ingushetia,488043,10,0,3448,0
2020-07-21,Russia,NA,Ingushetia,488043,11,0,3459,0
2020-07-22,Russia,NA,Ingushetia,488043,22,0,3481,0
2020-07-23,Russia,NA,Ingushetia,488043,21,0,3502,0
2020-07-24,Russia,NA,Ingushetia,488043,27,0,3529,0
2020-07-25,Russia,NA,Ingushetia,488043,20,0,3549,0
2020-07-26,Russia,NA,Ingushetia,488043,29,0,3578,0
2020-07-27,Russia,NA,Ingushetia,488043,27,0,3605,0
2020-07-28,Russia,NA,Ingushetia,488043,15,0,3620,0
2020-07-29,Russia,NA,Ingushetia,488043,24,0,3644,0
2020-07-30,Russia,NA,Ingushetia,488043,21,0,3665,0
2020-07-31,Russia,NA,Ingushetia,488043,23,0,3688,0
2020-08-01,Russia,NA,Ingushetia,488043,21,0,3709,0
2020-08-02,Russia,NA,Ingushetia,488043,20,0,3729,0
2020-08-17,Russia,NA,Ingushetia,488043,0,0,4045,75
2020-08-18,Russia,NA,Ingushetia,488043,24,0,4069,75
2020-08-19,Russia,NA,Ingushetia,488043,26,0,4095,75
2020-08-20,Russia,NA,Ingushetia,488043,21,1,4116,76
2020-08-21,Russia,NA,Ingushetia,488043,24,0,4140,76
2020-08-22,Russia,NA,Ingushetia,488043,22,0,4162,76
2020-08-23,Russia,NA,Ingushetia,488043,20,0,4182,76
2020-08-24,Russia,NA,Ingushetia,488043,23,0,4205,76
2020-08-25,Russia,NA,Ingushetia,488043,27,0,4232,76
2020-08-26,Russia,NA,Ingushetia,488043,24,0,4256,76
2020-08-27,Russia,NA,Ingushetia,488043,21,0,4277,76
2020-08-28,Russia,NA,Ingushetia,488043,29,0,4306,76
2020-08-29,Russia,NA,Ingushetia,488043,32,0,4338,76
2020-08-30,Russia,NA,Ingushetia,488043,30,0,4368,76
2020-08-31,Russia,NA,Ingushetia,488043,29,0,4397,76
2020-09-01,Russia,NA,Ingushetia,488043,27,0,4424,76
2020-09-02,Russia,NA,Ingushetia,488043,30,0,4454,76
2020-09-03,Russia,NA,Ingushetia,488043,23,0,4477,76
2020-09-04,Russia,NA,Ingushetia,488043,33,0,4510,76
2020-09-05,Russia,NA,Ingushetia,488043,37,0,4547,76
2020-09-06,Russia,NA,Ingushetia,488043,39,1,4586,77
2020-09-07,Russia,NA,Ingushetia,488043,36,0,4622,77
2020-09-08,Russia,NA,Ingushetia,488043,41,0,4663,77
2020-09-09,Russia,NA,Ingushetia,488043,39,0,4702,77
2020-09-10,Russia,NA,Ingushetia,488043,34,0,4736,77
2020-09-11,Russia,NA,Ingushetia,488043,37,0,4773,77
2020-09-12,Russia,NA,Ingushetia,488043,41,0,4814,77
2020-09-13,Russia,NA,Ingushetia,488043,45,0,4859,77
2020-09-14,Russia,NA,Ingushetia,488043,42,0,4901,77
2020-09-15,Russia,NA,Ingushetia,488043,48,0,4949,77
2020-04-06,Russia,NA,Irkutsk Oblast,2404195,3,0,11,0
2020-04-07,Russia,NA,Irkutsk Oblast,2404195,3,0,14,0
2020-04-09,Russia,NA,Irkutsk Oblast,2404195,3,0,17,0
2020-04-10,Russia,NA,Irkutsk Oblast,2404195,4,0,21,0
2020-04-11,Russia,NA,Irkutsk Oblast,2404195,2,0,23,0
2020-04-12,Russia,NA,Irkutsk Oblast,2404195,5,0,28,0
2020-04-13,Russia,NA,Irkutsk Oblast,2404195,7,0,35,0
2020-04-14,Russia,NA,Irkutsk Oblast,2404195,4,0,39,0
2020-04-16,Russia,NA,Irkutsk Oblast,2404195,6,0,45,0
2020-04-17,Russia,NA,Irkutsk Oblast,2404195,2,0,47,0
2020-04-18,Russia,NA,Irkutsk Oblast,2404195,7,0,54,0
2020-04-19,Russia,NA,Irkutsk Oblast,2404195,1,0,55,0
2020-04-20,Russia,NA,Irkutsk Oblast,2404195,10,0,65,0
2020-04-21,Russia,NA,Irkutsk Oblast,2404195,3,0,68,0
2020-04-22,Russia,NA,Irkutsk Oblast,2404195,7,0,75,0
2020-04-24,Russia,NA,Irkutsk Oblast,2404195,5,0,80,0
2020-04-25,Russia,NA,Irkutsk Oblast,2404195,5,0,85,0
2020-04-26,Russia,NA,Irkutsk Oblast,2404195,2,0,87,0
2020-04-28,Russia,NA,Irkutsk Oblast,2404195,8,0,95,0
2020-04-29,Russia,NA,Irkutsk Oblast,2404195,6,0,101,0
2020-04-30,Russia,NA,Irkutsk Oblast,2404195,4,0,105,0
2020-05-01,Russia,NA,Irkutsk Oblast,2404195,18,0,123,0
2020-05-02,Russia,NA,Irkutsk Oblast,2404195,7,0,130,0
2020-05-03,Russia,NA,Irkutsk Oblast,2404195,20,0,150,0
2020-05-04,Russia,NA,Irkutsk Oblast,2404195,27,0,177,0
2020-05-05,Russia,NA,Irkutsk Oblast,2404195,23,0,200,0
2020-05-06,Russia,NA,Irkutsk Oblast,2404195,31,0,231,0
2020-05-07,Russia,NA,Irkutsk Oblast,2404195,6,0,237,0
2020-05-08,Russia,NA,Irkutsk Oblast,2404195,18,0,255,0
2020-05-09,Russia,NA,Irkutsk Oblast,2404195,16,0,271,0
2020-05-10,Russia,NA,Irkutsk Oblast,2404195,18,0,289,0
2020-05-11,Russia,NA,Irkutsk Oblast,2404195,24,0,313,0
2020-05-12,Russia,NA,Irkutsk Oblast,2404195,20,0,333,0
2020-05-13,Russia,NA,Irkutsk Oblast,2404195,20,0,353,0
2020-05-14,Russia,NA,Irkutsk Oblast,2404195,26,0,379,0
2020-05-15,Russia,NA,Irkutsk Oblast,2404195,95,0,474,0
2020-05-16,Russia,NA,Irkutsk Oblast,2404195,25,0,499,0
2020-05-17,Russia,NA,Irkutsk Oblast,2404195,27,0,526,0
2020-05-18,Russia,NA,Irkutsk Oblast,2404195,75,0,601,0
2020-05-19,Russia,NA,Irkutsk Oblast,2404195,97,0,698,0
2020-05-20,Russia,NA,Irkutsk Oblast,2404195,48,0,746,0
2020-05-21,Russia,NA,Irkutsk Oblast,2404195,34,0,780,0
2020-05-22,Russia,NA,Irkutsk Oblast,2404195,83,0,863,0
2020-05-23,Russia,NA,Irkutsk Oblast,2404195,95,0,958,0
2020-05-24,Russia,NA,Irkutsk Oblast,2404195,120,0,1078,0
2020-05-25,Russia,NA,Irkutsk Oblast,2404195,116,0,1194,0
2020-05-26,Russia,NA,Irkutsk Oblast,2404195,112,0,1306,0
2020-05-27,Russia,NA,Irkutsk Oblast,2404195,70,0,1376,0
2020-05-28,Russia,NA,Irkutsk Oblast,2404195,62,0,1438,0
2020-05-29,Russia,NA,Irkutsk Oblast,2404195,60,0,1498,0
2020-05-30,Russia,NA,Irkutsk Oblast,2404195,162,0,1660,0
2020-05-31,Russia,NA,Irkutsk Oblast,2404195,90,0,1750,0
2020-06-01,Russia,NA,Irkutsk Oblast,2404195,229,0,1979,0
2020-06-02,Russia,NA,Irkutsk Oblast,2404195,210,0,2189,0
2020-06-03,Russia,NA,Irkutsk Oblast,2404195,120,0,2309,0
2020-06-04,Russia,NA,Irkutsk Oblast,2404195,138,0,2447,0
2020-06-05,Russia,NA,Irkutsk Oblast,2404195,95,0,2542,0
2020-06-06,Russia,NA,Irkutsk Oblast,2404195,71,0,2613,0
2020-06-07,Russia,NA,Irkutsk Oblast,2404195,179,0,2792,0
2020-06-08,Russia,NA,Irkutsk Oblast,2404195,85,0,2877,0
2020-06-09,Russia,NA,Irkutsk Oblast,2404195,206,0,3083,0
2020-06-10,Russia,NA,Irkutsk Oblast,2404195,182,0,3265,0
2020-06-11,Russia,NA,Irkutsk Oblast,2404195,240,0,3505,0
2020-06-12,Russia,NA,Irkutsk Oblast,2404195,151,0,3656,0
2020-06-13,Russia,NA,Irkutsk Oblast,2404195,163,0,3819,0
2020-06-14,Russia,NA,Irkutsk Oblast,2404195,209,0,4028,0
2020-06-15,Russia,NA,Irkutsk Oblast,2404195,127,0,4155,0
2020-06-16,Russia,NA,Irkutsk Oblast,2404195,319,0,4474,0
2020-06-17,Russia,NA,Irkutsk Oblast,2404195,179,0,4653,0
2020-06-18,Russia,NA,Irkutsk Oblast,2404195,133,0,4786,0
2020-06-19,Russia,NA,Irkutsk Oblast,2404195,164,0,4950,0
2020-06-20,Russia,NA,Irkutsk Oblast,2404195,193,0,5143,0
2020-06-21,Russia,NA,Irkutsk Oblast,2404195,191,0,5334,0
2020-06-22,Russia,NA,Irkutsk Oblast,2404195,194,0,5528,0
2020-06-23,Russia,NA,Irkutsk Oblast,2404195,198,0,5726,0
2020-06-24,Russia,NA,Irkutsk Oblast,2404195,193,0,5919,0
2020-06-25,Russia,NA,Irkutsk Oblast,2404195,209,0,6128,0
2020-06-26,Russia,NA,Irkutsk Oblast,2404195,210,0,6338,0
2020-06-27,Russia,NA,Irkutsk Oblast,2404195,237,0,6575,0
2020-06-28,Russia,NA,Irkutsk Oblast,2404195,232,0,6807,0
2020-06-29,Russia,NA,Irkutsk Oblast,2404195,236,0,7043,0
2020-06-30,Russia,NA,Irkutsk Oblast,2404195,242,0,7285,0
2020-07-01,Russia,NA,Irkutsk Oblast,2404195,248,0,7533,0
2020-07-02,Russia,NA,Irkutsk Oblast,2404195,243,0,7776,0
2020-07-03,Russia,NA,Irkutsk Oblast,2404195,249,0,8025,0
2020-07-04,Russia,NA,Irkutsk Oblast,2404195,235,0,8260,0
2020-07-05,Russia,NA,Irkutsk Oblast,2404195,241,0,8501,0
2020-07-06,Russia,NA,Irkutsk Oblast,2404195,239,0,8740,0
2020-07-07,Russia,NA,Irkutsk Oblast,2404195,245,0,8985,0
2020-07-08,Russia,NA,Irkutsk Oblast,2404195,240,0,9225,0
2020-07-09,Russia,NA,Irkutsk Oblast,2404195,243,0,9468,0
2020-07-10,Russia,NA,Irkutsk Oblast,2404195,211,0,9679,0
2020-07-11,Russia,NA,Irkutsk Oblast,2404195,206,0,9885,0
2020-07-12,Russia,NA,Irkutsk Oblast,2404195,209,0,10094,0
2020-07-13,Russia,NA,Irkutsk Oblast,2404195,203,0,10297,0
2020-07-14,Russia,NA,Irkutsk Oblast,2404195,198,0,10495,0
2020-07-15,Russia,NA,Irkutsk Oblast,2404195,190,0,10685,0
2020-07-16,Russia,NA,Irkutsk Oblast,2404195,196,0,10881,0
2020-07-17,Russia,NA,Irkutsk Oblast,2404195,193,0,11074,0
2020-07-18,Russia,NA,Irkutsk Oblast,2404195,188,0,11262,0
2020-07-19,Russia,NA,Irkutsk Oblast,2404195,185,0,11447,0
2020-07-20,Russia,NA,Irkutsk Oblast,2404195,178,0,11625,0
2020-07-21,Russia,NA,Irkutsk Oblast,2404195,181,0,11806,0
2020-07-22,Russia,NA,Irkutsk Oblast,2404195,170,0,11976,0
2020-07-23,Russia,NA,Irkutsk Oblast,2404195,176,0,12152,0
2020-07-24,Russia,NA,Irkutsk Oblast,2404195,171,0,12323,0
2020-07-25,Russia,NA,Irkutsk Oblast,2404195,164,0,12487,0
2020-07-26,Russia,NA,Irkutsk Oblast,2404195,161,0,12648,0
2020-07-27,Russia,NA,Irkutsk Oblast,2404195,165,0,12813,0
2020-07-28,Russia,NA,Irkutsk Oblast,2404195,162,0,12975,0
2020-07-29,Russia,NA,Irkutsk Oblast,2404195,159,0,13134,0
2020-07-30,Russia,NA,Irkutsk Oblast,2404195,148,0,13282,0
2020-07-31,Russia,NA,Irkutsk Oblast,2404195,140,0,13422,0
2020-08-01,Russia,NA,Irkutsk Oblast,2404195,146,0,13568,0
2020-08-02,Russia,NA,Irkutsk Oblast,2404195,143,0,13711,0
2020-08-17,Russia,NA,Irkutsk Oblast,2404195,0,0,15556,228
2020-08-18,Russia,NA,Irkutsk Oblast,2404195,108,9,15664,237
2020-08-19,Russia,NA,Irkutsk Oblast,2404195,111,2,15775,239
2020-08-20,Russia,NA,Irkutsk Oblast,2404195,105,0,15880,239
2020-08-21,Russia,NA,Irkutsk Oblast,2404195,101,0,15981,239
2020-08-22,Russia,NA,Irkutsk Oblast,2404195,105,0,16086,239
2020-08-23,Russia,NA,Irkutsk Oblast,2404195,98,0,16184,239
2020-08-24,Russia,NA,Irkutsk Oblast,2404195,89,0,16273,239
2020-08-25,Russia,NA,Irkutsk Oblast,2404195,87,3,16360,242
2020-08-26,Russia,NA,Irkutsk Oblast,2404195,74,3,16434,245
2020-08-27,Russia,NA,Irkutsk Oblast,2404195,76,3,16510,248
2020-08-28,Russia,NA,Irkutsk Oblast,2404195,73,0,16583,248
2020-08-29,Russia,NA,Irkutsk Oblast,2404195,77,0,16660,248
2020-08-30,Russia,NA,Irkutsk Oblast,2404195,72,0,16732,248
2020-08-31,Russia,NA,Irkutsk Oblast,2404195,78,0,16810,248
2020-09-01,Russia,NA,Irkutsk Oblast,2404195,76,2,16886,250
2020-09-02,Russia,NA,Irkutsk Oblast,2404195,72,1,16958,251
2020-09-03,Russia,NA,Irkutsk Oblast,2404195,75,1,17033,252
2020-09-04,Russia,NA,Irkutsk Oblast,2404195,70,2,17103,254
2020-09-05,Russia,NA,Irkutsk Oblast,2404195,81,0,17184,254
2020-09-06,Russia,NA,Irkutsk Oblast,2404195,69,0,17253,254
2020-09-07,Russia,NA,Irkutsk Oblast,2404195,75,0,17328,254
2020-09-08,Russia,NA,Irkutsk Oblast,2404195,67,0,17395,254
2020-09-09,Russia,NA,Irkutsk Oblast,2404195,71,5,17466,259
2020-09-10,Russia,NA,Irkutsk Oblast,2404195,76,1,17542,260
2020-09-11,Russia,NA,Irkutsk Oblast,2404195,73,1,17615,261
2020-09-12,Russia,NA,Irkutsk Oblast,2404195,76,1,17691,262
2020-09-13,Russia,NA,Irkutsk Oblast,2404195,69,0,17760,262
2020-09-14,Russia,NA,Irkutsk Oblast,2404195,72,0,17832,262
2020-09-15,Russia,NA,Irkutsk Oblast,2404195,73,2,17905,264
2020-04-01,Russia,NA,Ivanovo Oblast,1014646,2,0,11,0
2020-04-03,Russia,NA,Ivanovo Oblast,1014646,2,0,13,0
2020-04-04,Russia,NA,Ivanovo Oblast,1014646,10,0,23,0
2020-04-06,Russia,NA,Ivanovo Oblast,1014646,10,0,33,0
2020-04-07,Russia,NA,Ivanovo Oblast,1014646,14,0,47,0
2020-04-09,Russia,NA,Ivanovo Oblast,1014646,13,0,60,0
2020-04-11,Russia,NA,Ivanovo Oblast,1014646,2,0,62,0
2020-04-12,Russia,NA,Ivanovo Oblast,1014646,18,0,80,0
2020-04-13,Russia,NA,Ivanovo Oblast,1014646,6,0,86,0
2020-04-14,Russia,NA,Ivanovo Oblast,1014646,10,0,96,0
2020-04-15,Russia,NA,Ivanovo Oblast,1014646,25,0,121,0
2020-04-16,Russia,NA,Ivanovo Oblast,1014646,15,0,136,0
2020-04-17,Russia,NA,Ivanovo Oblast,1014646,13,0,149,0
2020-04-18,Russia,NA,Ivanovo Oblast,1014646,15,0,164,0
2020-04-19,Russia,NA,Ivanovo Oblast,1014646,19,0,183,0
2020-04-20,Russia,NA,Ivanovo Oblast,1014646,20,0,203,0
2020-04-21,Russia,NA,Ivanovo Oblast,1014646,10,0,213,0
2020-04-22,Russia,NA,Ivanovo Oblast,1014646,12,0,225,0
2020-04-23,Russia,NA,Ivanovo Oblast,1014646,14,0,239,0
2020-04-24,Russia,NA,Ivanovo Oblast,1014646,8,0,247,0
2020-04-25,Russia,NA,Ivanovo Oblast,1014646,16,0,263,0
2020-04-26,Russia,NA,Ivanovo Oblast,1014646,11,0,274,0
2020-04-27,Russia,NA,Ivanovo Oblast,1014646,8,0,282,0
2020-04-28,Russia,NA,Ivanovo Oblast,1014646,14,0,296,0
2020-04-29,Russia,NA,Ivanovo Oblast,1014646,31,0,327,0
2020-04-30,Russia,NA,Ivanovo Oblast,1014646,32,0,359,0
2020-05-01,Russia,NA,Ivanovo Oblast,1014646,44,0,403,0
2020-05-02,Russia,NA,Ivanovo Oblast,1014646,31,0,434,0
2020-05-03,Russia,NA,Ivanovo Oblast,1014646,22,0,456,0
2020-05-04,Russia,NA,Ivanovo Oblast,1014646,29,0,485,0
2020-05-05,Russia,NA,Ivanovo Oblast,1014646,32,0,517,0
2020-05-06,Russia,NA,Ivanovo Oblast,1014646,20,0,537,0
2020-05-07,Russia,NA,Ivanovo Oblast,1014646,58,0,595,0
2020-05-08,Russia,NA,Ivanovo Oblast,1014646,58,0,653,0
2020-05-09,Russia,NA,Ivanovo Oblast,1014646,26,0,679,0
2020-05-10,Russia,NA,Ivanovo Oblast,1014646,79,0,758,0
2020-05-11,Russia,NA,Ivanovo Oblast,1014646,85,0,843,0
2020-05-12,Russia,NA,Ivanovo Oblast,1014646,68,0,911,0
2020-05-13,Russia,NA,Ivanovo Oblast,1014646,10,0,921,0
2020-05-14,Russia,NA,Ivanovo Oblast,1014646,102,0,1023,0
2020-05-15,Russia,NA,Ivanovo Oblast,1014646,101,0,1124,0
2020-05-16,Russia,NA,Ivanovo Oblast,1014646,68,0,1192,0
2020-05-17,Russia,NA,Ivanovo Oblast,1014646,53,0,1245,0
2020-05-18,Russia,NA,Ivanovo Oblast,1014646,46,0,1291,0
2020-05-19,Russia,NA,Ivanovo Oblast,1014646,22,0,1313,0
2020-05-20,Russia,NA,Ivanovo Oblast,1014646,47,0,1360,0
2020-05-21,Russia,NA,Ivanovo Oblast,1014646,55,0,1415,0
2020-05-22,Russia,NA,Ivanovo Oblast,1014646,48,0,1463,0
2020-05-23,Russia,NA,Ivanovo Oblast,1014646,42,0,1505,0
2020-05-24,Russia,NA,Ivanovo Oblast,1014646,61,0,1566,0
2020-05-25,Russia,NA,Ivanovo Oblast,1014646,36,0,1602,0
2020-05-26,Russia,NA,Ivanovo Oblast,1014646,37,0,1639,0
2020-05-27,Russia,NA,Ivanovo Oblast,1014646,47,0,1686,0
2020-05-28,Russia,NA,Ivanovo Oblast,1014646,59,0,1745,0
2020-05-29,Russia,NA,Ivanovo Oblast,1014646,68,0,1813,0
2020-05-30,Russia,NA,Ivanovo Oblast,1014646,87,0,1900,0
2020-05-31,Russia,NA,Ivanovo Oblast,1014646,77,0,1977,0
2020-06-01,Russia,NA,Ivanovo Oblast,1014646,80,0,2057,0
2020-06-02,Russia,NA,Ivanovo Oblast,1014646,83,0,2140,0
2020-06-03,Russia,NA,Ivanovo Oblast,1014646,65,0,2205,0
2020-06-04,Russia,NA,Ivanovo Oblast,1014646,117,0,2322,0
2020-06-05,Russia,NA,Ivanovo Oblast,1014646,125,0,2447,0
2020-06-06,Russia,NA,Ivanovo Oblast,1014646,130,0,2577,0
2020-06-07,Russia,NA,Ivanovo Oblast,1014646,128,0,2705,0
2020-06-08,Russia,NA,Ivanovo Oblast,1014646,117,0,2822,0
2020-06-09,Russia,NA,Ivanovo Oblast,1014646,108,0,2930,0
2020-06-10,Russia,NA,Ivanovo Oblast,1014646,101,0,3031,0
2020-06-11,Russia,NA,Ivanovo Oblast,1014646,99,0,3130,0
2020-06-12,Russia,NA,Ivanovo Oblast,1014646,98,0,3228,0
2020-06-13,Russia,NA,Ivanovo Oblast,1014646,95,0,3323,0
2020-06-14,Russia,NA,Ivanovo Oblast,1014646,94,0,3417,0
2020-06-15,Russia,NA,Ivanovo Oblast,1014646,91,0,3508,0
2020-06-16,Russia,NA,Ivanovo Oblast,1014646,91,0,3599,0
2020-06-17,Russia,NA,Ivanovo Oblast,1014646,86,0,3685,0
2020-06-18,Russia,NA,Ivanovo Oblast,1014646,83,0,3768,0
2020-06-19,Russia,NA,Ivanovo Oblast,1014646,85,0,3853,0
2020-06-20,Russia,NA,Ivanovo Oblast,1014646,81,0,3934,0
2020-06-21,Russia,NA,Ivanovo Oblast,1014646,83,0,4017,0
2020-06-22,Russia,NA,Ivanovo Oblast,1014646,81,0,4098,0
2020-06-23,Russia,NA,Ivanovo Oblast,1014646,78,0,4176,0
2020-06-24,Russia,NA,Ivanovo Oblast,1014646,77,0,4253,0
2020-06-25,Russia,NA,Ivanovo Oblast,1014646,77,0,4330,0
2020-06-26,Russia,NA,Ivanovo Oblast,1014646,75,0,4405,0
2020-06-27,Russia,NA,Ivanovo Oblast,1014646,74,0,4479,0
2020-06-28,Russia,NA,Ivanovo Oblast,1014646,71,0,4550,0
2020-06-29,Russia,NA,Ivanovo Oblast,1014646,71,0,4621,0
2020-06-30,Russia,NA,Ivanovo Oblast,1014646,70,0,4691,0
2020-07-01,Russia,NA,Ivanovo Oblast,1014646,70,0,4761,0
2020-07-02,Russia,NA,Ivanovo Oblast,1014646,68,0,4829,0
2020-07-03,Russia,NA,Ivanovo Oblast,1014646,69,0,4898,0
2020-07-04,Russia,NA,Ivanovo Oblast,1014646,67,0,4965,0
2020-07-05,Russia,NA,Ivanovo Oblast,1014646,69,0,5034,0
2020-07-06,Russia,NA,Ivanovo Oblast,1014646,68,0,5102,0
2020-07-07,Russia,NA,Ivanovo Oblast,1014646,66,0,5168,0
2020-07-08,Russia,NA,Ivanovo Oblast,1014646,64,0,5232,0
2020-07-09,Russia,NA,Ivanovo Oblast,1014646,72,0,5304,0
2020-07-10,Russia,NA,Ivanovo Oblast,1014646,67,0,5371,0
2020-07-11,Russia,NA,Ivanovo Oblast,1014646,65,0,5436,0
2020-07-12,Russia,NA,Ivanovo Oblast,1014646,65,0,5501,0
2020-07-13,Russia,NA,Ivanovo Oblast,1014646,64,0,5565,0
2020-07-14,Russia,NA,Ivanovo Oblast,1014646,64,0,5629,0
2020-07-15,Russia,NA,Ivanovo Oblast,1014646,62,0,5691,0
2020-07-16,Russia,NA,Ivanovo Oblast,1014646,61,0,5752,0
2020-07-17,Russia,NA,Ivanovo Oblast,1014646,61,0,5813,0
2020-07-18,Russia,NA,Ivanovo Oblast,1014646,63,0,5876,0
2020-07-19,Russia,NA,Ivanovo Oblast,1014646,62,0,5938,0
2020-07-20,Russia,NA,Ivanovo Oblast,1014646,60,0,5998,0
2020-07-21,Russia,NA,Ivanovo Oblast,1014646,61,0,6059,0
2020-07-22,Russia,NA,Ivanovo Oblast,1014646,57,0,6116,0
2020-07-23,Russia,NA,Ivanovo Oblast,1014646,56,0,6172,0
2020-07-24,Russia,NA,Ivanovo Oblast,1014646,50,0,6222,0
2020-07-25,Russia,NA,Ivanovo Oblast,1014646,43,0,6265,0
2020-07-26,Russia,NA,Ivanovo Oblast,1014646,38,0,6303,0
2020-07-27,Russia,NA,Ivanovo Oblast,1014646,27,0,6330,0
2020-07-28,Russia,NA,Ivanovo Oblast,1014646,22,0,6352,0
2020-07-29,Russia,NA,Ivanovo Oblast,1014646,25,0,6377,0
2020-07-30,Russia,NA,Ivanovo Oblast,1014646,24,0,6401,0
2020-07-31,Russia,NA,Ivanovo Oblast,1014646,25,0,6426,0
2020-08-01,Russia,NA,Ivanovo Oblast,1014646,26,0,6452,0
2020-08-02,Russia,NA,Ivanovo Oblast,1014646,27,0,6479,0
2020-08-17,Russia,NA,Ivanovo Oblast,1014646,0,0,6909,111
2020-08-18,Russia,NA,Ivanovo Oblast,1014646,32,1,6941,112
2020-08-19,Russia,NA,Ivanovo Oblast,1014646,33,0,6974,112
2020-08-20,Russia,NA,Ivanovo Oblast,1014646,35,0,7009,112
2020-08-21,Russia,NA,Ivanovo Oblast,1014646,33,0,7042,112
2020-08-22,Russia,NA,Ivanovo Oblast,1014646,33,0,7075,112
2020-08-23,Russia,NA,Ivanovo Oblast,1014646,35,0,7110,112
2020-08-24,Russia,NA,Ivanovo Oblast,1014646,33,2,7143,114
2020-08-25,Russia,NA,Ivanovo Oblast,1014646,32,1,7175,115
2020-08-26,Russia,NA,Ivanovo Oblast,1014646,35,0,7210,115
2020-08-27,Russia,NA,Ivanovo Oblast,1014646,38,2,7248,117
2020-08-28,Russia,NA,Ivanovo Oblast,1014646,37,0,7285,117
2020-08-29,Russia,NA,Ivanovo Oblast,1014646,36,1,7321,118
2020-08-30,Russia,NA,Ivanovo Oblast,1014646,39,0,7360,118
2020-08-31,Russia,NA,Ivanovo Oblast,1014646,37,0,7397,118
2020-09-01,Russia,NA,Ivanovo Oblast,1014646,36,1,7433,119
2020-09-02,Russia,NA,Ivanovo Oblast,1014646,38,0,7471,119
2020-09-03,Russia,NA,Ivanovo Oblast,1014646,38,0,7509,119
2020-09-04,Russia,NA,Ivanovo Oblast,1014646,40,1,7549,120
2020-09-05,Russia,NA,Ivanovo Oblast,1014646,42,1,7591,121
2020-09-06,Russia,NA,Ivanovo Oblast,1014646,43,0,7634,121
2020-09-07,Russia,NA,Ivanovo Oblast,1014646,41,1,7675,122
2020-09-08,Russia,NA,Ivanovo Oblast,1014646,40,0,7715,122
2020-09-09,Russia,NA,Ivanovo Oblast,1014646,42,1,7757,123
2020-09-10,Russia,NA,Ivanovo Oblast,1014646,43,0,7800,123
2020-09-11,Russia,NA,Ivanovo Oblast,1014646,42,0,7842,123
2020-09-12,Russia,NA,Ivanovo Oblast,1014646,41,2,7883,125
2020-09-13,Russia,NA,Ivanovo Oblast,1014646,42,0,7925,125
2020-09-14,Russia,NA,Ivanovo Oblast,1014646,43,0,7968,125
2020-09-15,Russia,NA,Ivanovo Oblast,1014646,41,1,8009,126
2020-04-17,Russia,NA,Jewish Avtonomnyy Okrug,158381,6,0,16,0
2020-04-18,Russia,NA,Jewish Avtonomnyy Okrug,158381,3,0,19,0
2020-04-19,Russia,NA,Jewish Avtonomnyy Okrug,158381,1,0,20,0
2020-04-20,Russia,NA,Jewish Avtonomnyy Okrug,158381,2,0,22,0
2020-04-21,Russia,NA,Jewish Avtonomnyy Okrug,158381,21,0,43,0
2020-04-22,Russia,NA,Jewish Avtonomnyy Okrug,158381,9,0,52,0
2020-04-23,Russia,NA,Jewish Avtonomnyy Okrug,158381,14,0,66,0
2020-04-24,Russia,NA,Jewish Avtonomnyy Okrug,158381,14,0,80,0
2020-04-25,Russia,NA,Jewish Avtonomnyy Okrug,158381,6,0,86,0
2020-04-27,Russia,NA,Jewish Avtonomnyy Okrug,158381,15,0,101,0
2020-04-28,Russia,NA,Jewish Avtonomnyy Okrug,158381,12,0,113,0
2020-04-29,Russia,NA,Jewish Avtonomnyy Okrug,158381,5,0,118,0
2020-04-30,Russia,NA,Jewish Avtonomnyy Okrug,158381,6,0,124,0
2020-05-01,Russia,NA,Jewish Avtonomnyy Okrug,158381,7,0,131,0
2020-05-02,Russia,NA,Jewish Avtonomnyy Okrug,158381,3,0,134,0
2020-05-03,Russia,NA,Jewish Avtonomnyy Okrug,158381,9,0,143,0
2020-05-04,Russia,NA,Jewish Avtonomnyy Okrug,158381,2,0,145,0
2020-05-05,Russia,NA,Jewish Avtonomnyy Okrug,158381,3,0,148,0
2020-05-06,Russia,NA,Jewish Avtonomnyy Okrug,158381,5,0,153,0
2020-05-07,Russia,NA,Jewish Avtonomnyy Okrug,158381,6,0,159,0
2020-05-08,Russia,NA,Jewish Avtonomnyy Okrug,158381,11,0,170,0
2020-05-09,Russia,NA,Jewish Avtonomnyy Okrug,158381,5,0,175,0
2020-05-10,Russia,NA,Jewish Avtonomnyy Okrug,158381,4,0,179,0
2020-05-11,Russia,NA,Jewish Avtonomnyy Okrug,158381,6,0,185,0
2020-05-12,Russia,NA,Jewish Avtonomnyy Okrug,158381,3,0,188,0
2020-05-13,Russia,NA,Jewish Avtonomnyy Okrug,158381,24,0,212,0
2020-05-14,Russia,NA,Jewish Avtonomnyy Okrug,158381,6,0,218,0
2020-05-15,Russia,NA,Jewish Avtonomnyy Okrug,158381,4,0,222,0
2020-05-16,Russia,NA,Jewish Avtonomnyy Okrug,158381,3,0,225,0
2020-05-17,Russia,NA,Jewish Avtonomnyy Okrug,158381,5,0,230,0
2020-05-19,Russia,NA,Jewish Avtonomnyy Okrug,158381,6,0,236,0
2020-05-20,Russia,NA,Jewish Avtonomnyy Okrug,158381,10,0,246,0
2020-05-21,Russia,NA,Jewish Avtonomnyy Okrug,158381,15,0,261,0
2020-05-22,Russia,NA,Jewish Avtonomnyy Okrug,158381,1,0,262,0
2020-05-23,Russia,NA,Jewish Avtonomnyy Okrug,158381,1,0,263,0
2020-05-24,Russia,NA,Jewish Avtonomnyy Okrug,158381,3,0,266,0
2020-05-25,Russia,NA,Jewish Avtonomnyy Okrug,158381,1,0,267,0
2020-05-26,Russia,NA,Jewish Avtonomnyy Okrug,158381,5,0,272,0
2020-05-27,Russia,NA,Jewish Avtonomnyy Okrug,158381,2,0,274,0
2020-05-28,Russia,NA,Jewish Avtonomnyy Okrug,158381,7,0,281,0
2020-05-29,Russia,NA,Jewish Avtonomnyy Okrug,158381,7,0,288,0
2020-05-30,Russia,NA,Jewish Avtonomnyy Okrug,158381,11,0,299,0
2020-05-31,Russia,NA,Jewish Avtonomnyy Okrug,158381,10,0,309,0
2020-06-01,Russia,NA,Jewish Avtonomnyy Okrug,158381,5,0,314,0
2020-06-03,Russia,NA,Jewish Avtonomnyy Okrug,158381,3,0,317,0
2020-06-04,Russia,NA,Jewish Avtonomnyy Okrug,158381,6,0,323,0
2020-06-05,Russia,NA,Jewish Avtonomnyy Okrug,158381,6,0,329,0
2020-06-06,Russia,NA,Jewish Avtonomnyy Okrug,158381,7,0,336,0
2020-06-07,Russia,NA,Jewish Avtonomnyy Okrug,158381,7,0,343,0
2020-06-08,Russia,NA,Jewish Avtonomnyy Okrug,158381,4,0,347,0
2020-06-09,Russia,NA,Jewish Avtonomnyy Okrug,158381,3,0,350,0
2020-06-10,Russia,NA,Jewish Avtonomnyy Okrug,158381,6,0,356,0
2020-06-11,Russia,NA,Jewish Avtonomnyy Okrug,158381,7,0,363,0
2020-06-12,Russia,NA,Jewish Avtonomnyy Okrug,158381,4,0,367,0
2020-06-13,Russia,NA,Jewish Avtonomnyy Okrug,158381,4,0,371,0
2020-06-14,Russia,NA,Jewish Avtonomnyy Okrug,158381,3,0,374,0
2020-06-16,Russia,NA,Jewish Avtonomnyy Okrug,158381,4,0,378,0
2020-06-17,Russia,NA,Jewish Avtonomnyy Okrug,158381,4,0,382,0
2020-06-18,Russia,NA,Jewish Avtonomnyy Okrug,158381,4,0,386,0
2020-06-19,Russia,NA,Jewish Avtonomnyy Okrug,158381,4,0,390,0
2020-06-20,Russia,NA,Jewish Avtonomnyy Okrug,158381,4,0,394,0
2020-06-21,Russia,NA,Jewish Avtonomnyy Okrug,158381,3,0,397,0
2020-06-22,Russia,NA,Jewish Avtonomnyy Okrug,158381,2,0,399,0
2020-06-23,Russia,NA,Jewish Avtonomnyy Okrug,158381,1,0,400,0
2020-06-24,Russia,NA,Jewish Avtonomnyy Okrug,158381,4,0,404,0
2020-06-25,Russia,NA,Jewish Avtonomnyy Okrug,158381,4,0,408,0
2020-06-26,Russia,NA,Jewish Avtonomnyy Okrug,158381,5,0,413,0
2020-06-27,Russia,NA,Jewish Avtonomnyy Okrug,158381,4,0,417,0
2020-06-28,Russia,NA,Jewish Avtonomnyy Okrug,158381,4,0,421,0
2020-06-29,Russia,NA,Jewish Avtonomnyy Okrug,158381,3,0,424,0
2020-06-30,Russia,NA,Jewish Avtonomnyy Okrug,158381,2,0,426,0
2020-07-01,Russia,NA,Jewish Avtonomnyy Okrug,158381,2,0,428,0
2020-07-02,Russia,NA,Jewish Avtonomnyy Okrug,158381,2,0,430,0
2020-07-03,Russia,NA,Jewish Avtonomnyy Okrug,158381,3,0,433,0
2020-07-04,Russia,NA,Jewish Avtonomnyy Okrug,158381,2,0,435,0
2020-07-05,Russia,NA,Jewish Avtonomnyy Okrug,158381,3,0,438,0
2020-07-06,Russia,NA,Jewish Avtonomnyy Okrug,158381,3,0,441,0
2020-07-07,Russia,NA,Jewish Avtonomnyy Okrug,158381,5,0,446,0
2020-07-08,Russia,NA,Jewish Avtonomnyy Okrug,158381,6,0,452,0
2020-07-09,Russia,NA,Jewish Avtonomnyy Okrug,158381,5,0,457,0
2020-07-10,Russia,NA,Jewish Avtonomnyy Okrug,158381,5,0,462,0
2020-07-11,Russia,NA,Jewish Avtonomnyy Okrug,158381,7,0,469,0
2020-07-12,Russia,NA,Jewish Avtonomnyy Okrug,158381,7,0,476,0
2020-07-13,Russia,NA,Jewish Avtonomnyy Okrug,158381,6,0,482,0
2020-07-14,Russia,NA,Jewish Avtonomnyy Okrug,158381,5,0,487,0
2020-07-15,Russia,NA,Jewish Avtonomnyy Okrug,158381,4,0,491,0
2020-07-16,Russia,NA,Jewish Avtonomnyy Okrug,158381,4,0,495,0
2020-07-17,Russia,NA,Jewish Avtonomnyy Okrug,158381,4,0,499,0
2020-07-18,Russia,NA,Jewish Avtonomnyy Okrug,158381,4,0,503,0
2020-07-19,Russia,NA,Jewish Avtonomnyy Okrug,158381,3,0,506,0
2020-07-20,Russia,NA,Jewish Avtonomnyy Okrug,158381,1,0,507,0
2020-07-21,Russia,NA,Jewish Avtonomnyy Okrug,158381,2,0,509,0
2020-07-22,Russia,NA,Jewish Avtonomnyy Okrug,158381,2,0,511,0
2020-07-23,Russia,NA,Jewish Avtonomnyy Okrug,158381,1,0,512,0
2020-07-24,Russia,NA,Jewish Avtonomnyy Okrug,158381,2,0,514,0
2020-07-25,Russia,NA,Jewish Avtonomnyy Okrug,158381,3,0,517,0
2020-07-26,Russia,NA,Jewish Avtonomnyy Okrug,158381,3,0,520,0
2020-07-27,Russia,NA,Jewish Avtonomnyy Okrug,158381,3,0,523,0
2020-07-28,Russia,NA,Jewish Avtonomnyy Okrug,158381,2,0,525,0
2020-07-29,Russia,NA,Jewish Avtonomnyy Okrug,158381,4,0,529,0
2020-07-30,Russia,NA,Jewish Avtonomnyy Okrug,158381,3,0,532,0
2020-07-31,Russia,NA,Jewish Avtonomnyy Okrug,158381,2,0,534,0
2020-08-01,Russia,NA,Jewish Avtonomnyy Okrug,158381,3,0,537,0
2020-08-02,Russia,NA,Jewish Avtonomnyy Okrug,158381,1,0,538,0
2020-08-17,Russia,NA,Jewish Avtonomnyy Okrug,158381,0,0,582,8
2020-08-18,Russia,NA,Jewish Avtonomnyy Okrug,158381,2,0,584,8
2020-08-19,Russia,NA,Jewish Avtonomnyy Okrug,158381,1,1,585,9
2020-08-20,Russia,NA,Jewish Avtonomnyy Okrug,158381,2,0,587,9
2020-08-21,Russia,NA,Jewish Avtonomnyy Okrug,158381,1,0,588,9
2020-08-22,Russia,NA,Jewish Avtonomnyy Okrug,158381,2,0,590,9
2020-08-23,Russia,NA,Jewish Avtonomnyy Okrug,158381,2,0,592,9
2020-08-24,Russia,NA,Jewish Avtonomnyy Okrug,158381,2,0,594,9
2020-08-25,Russia,NA,Jewish Avtonomnyy Okrug,158381,4,0,598,9
2020-08-26,Russia,NA,Jewish Avtonomnyy Okrug,158381,4,0,602,9
2020-08-27,Russia,NA,Jewish Avtonomnyy Okrug,158381,3,0,605,9
2020-08-28,Russia,NA,Jewish Avtonomnyy Okrug,158381,4,0,609,9
2020-08-29,Russia,NA,Jewish Avtonomnyy Okrug,158381,6,0,615,9
2020-08-30,Russia,NA,Jewish Avtonomnyy Okrug,158381,5,0,620,9
2020-08-31,Russia,NA,Jewish Avtonomnyy Okrug,158381,6,0,626,9
2020-09-01,Russia,NA,Jewish Avtonomnyy Okrug,158381,6,0,632,9
2020-09-02,Russia,NA,Jewish Avtonomnyy Okrug,158381,7,0,639,9
2020-09-03,Russia,NA,Jewish Avtonomnyy Okrug,158381,7,0,646,9
2020-09-04,Russia,NA,Jewish Avtonomnyy Okrug,158381,9,0,655,9
2020-09-05,Russia,NA,Jewish Avtonomnyy Okrug,158381,8,0,663,9
2020-09-06,Russia,NA,Jewish Avtonomnyy Okrug,158381,7,0,670,9
2020-09-07,Russia,NA,Jewish Avtonomnyy Okrug,158381,7,0,677,9
2020-09-08,Russia,NA,Jewish Avtonomnyy Okrug,158381,8,0,685,9
2020-09-09,Russia,NA,Jewish Avtonomnyy Okrug,158381,8,0,693,9
2020-09-10,Russia,NA,Jewish Avtonomnyy Okrug,158381,7,0,700,9
2020-09-11,Russia,NA,Jewish Avtonomnyy Okrug,158381,5,0,705,9
2020-09-12,Russia,NA,Jewish Avtonomnyy Okrug,158381,7,0,712,9
2020-09-13,Russia,NA,Jewish Avtonomnyy Okrug,158381,6,0,718,9
2020-09-14,Russia,NA,Jewish Avtonomnyy Okrug,158381,7,1,725,10
2020-09-15,Russia,NA,Jewish Avtonomnyy Okrug,158381,8,0,733,10
2020-04-07,Russia,NA,Kabardino-Balkaria,865828,5,0,13,0
2020-04-08,Russia,NA,Kabardino-Balkaria,865828,2,0,15,0
2020-04-10,Russia,NA,Kabardino-Balkaria,865828,4,0,19,0
2020-04-11,Russia,NA,Kabardino-Balkaria,865828,3,0,22,0
2020-04-12,Russia,NA,Kabardino-Balkaria,865828,5,0,27,0
2020-04-13,Russia,NA,Kabardino-Balkaria,865828,15,0,42,0
2020-04-16,Russia,NA,Kabardino-Balkaria,865828,19,0,61,0
2020-04-17,Russia,NA,Kabardino-Balkaria,865828,23,0,84,0
2020-04-18,Russia,NA,Kabardino-Balkaria,865828,22,0,106,0
2020-04-19,Russia,NA,Kabardino-Balkaria,865828,22,0,128,0
2020-04-20,Russia,NA,Kabardino-Balkaria,865828,16,0,144,0
2020-04-21,Russia,NA,Kabardino-Balkaria,865828,18,0,162,0
2020-04-22,Russia,NA,Kabardino-Balkaria,865828,23,0,185,0
2020-04-23,Russia,NA,Kabardino-Balkaria,865828,25,0,210,0
2020-04-24,Russia,NA,Kabardino-Balkaria,865828,25,0,235,0
2020-04-25,Russia,NA,Kabardino-Balkaria,865828,29,0,264,0
2020-04-26,Russia,NA,Kabardino-Balkaria,865828,28,0,292,0
2020-04-27,Russia,NA,Kabardino-Balkaria,865828,29,0,321,0
2020-04-28,Russia,NA,Kabardino-Balkaria,865828,38,0,359,0
2020-04-29,Russia,NA,Kabardino-Balkaria,865828,45,0,404,0
2020-04-30,Russia,NA,Kabardino-Balkaria,865828,44,0,448,0
2020-05-01,Russia,NA,Kabardino-Balkaria,865828,43,0,491,0
2020-05-02,Russia,NA,Kabardino-Balkaria,865828,45,0,536,0
2020-05-03,Russia,NA,Kabardino-Balkaria,865828,90,0,626,0
2020-05-04,Russia,NA,Kabardino-Balkaria,865828,105,0,731,0
2020-05-05,Russia,NA,Kabardino-Balkaria,865828,81,0,812,0
2020-05-06,Russia,NA,Kabardino-Balkaria,865828,105,0,917,0
2020-05-07,Russia,NA,Kabardino-Balkaria,865828,83,0,1000,0
2020-05-08,Russia,NA,Kabardino-Balkaria,865828,81,0,1081,0
2020-05-09,Russia,NA,Kabardino-Balkaria,865828,79,0,1160,0
2020-05-10,Russia,NA,Kabardino-Balkaria,865828,77,0,1237,0
2020-05-11,Russia,NA,Kabardino-Balkaria,865828,80,0,1317,0
2020-05-12,Russia,NA,Kabardino-Balkaria,865828,76,0,1393,0
2020-05-13,Russia,NA,Kabardino-Balkaria,865828,74,0,1467,0
2020-05-14,Russia,NA,Kabardino-Balkaria,865828,73,0,1540,0
2020-05-15,Russia,NA,Kabardino-Balkaria,865828,71,0,1611,0
2020-05-16,Russia,NA,Kabardino-Balkaria,865828,71,0,1682,0
2020-05-17,Russia,NA,Kabardino-Balkaria,865828,69,0,1751,0
2020-05-18,Russia,NA,Kabardino-Balkaria,865828,65,0,1816,0
2020-05-19,Russia,NA,Kabardino-Balkaria,865828,62,0,1878,0
2020-05-20,Russia,NA,Kabardino-Balkaria,865828,66,0,1944,0
2020-05-21,Russia,NA,Kabardino-Balkaria,865828,68,0,2012,0
2020-05-22,Russia,NA,Kabardino-Balkaria,865828,71,0,2083,0
2020-05-23,Russia,NA,Kabardino-Balkaria,865828,80,0,2163,0
2020-05-24,Russia,NA,Kabardino-Balkaria,865828,80,0,2243,0
2020-05-25,Russia,NA,Kabardino-Balkaria,865828,83,0,2326,0
2020-05-26,Russia,NA,Kabardino-Balkaria,865828,88,0,2414,0
2020-05-27,Russia,NA,Kabardino-Balkaria,865828,87,0,2501,0
2020-05-28,Russia,NA,Kabardino-Balkaria,865828,83,0,2584,0
2020-05-29,Russia,NA,Kabardino-Balkaria,865828,81,0,2665,0
2020-05-30,Russia,NA,Kabardino-Balkaria,865828,77,0,2742,0
2020-05-31,Russia,NA,Kabardino-Balkaria,865828,77,0,2819,0
2020-06-01,Russia,NA,Kabardino-Balkaria,865828,76,0,2895,0
2020-06-02,Russia,NA,Kabardino-Balkaria,865828,75,0,2970,0
2020-06-03,Russia,NA,Kabardino-Balkaria,865828,74,0,3044,0
2020-06-04,Russia,NA,Kabardino-Balkaria,865828,74,0,3118,0
2020-06-05,Russia,NA,Kabardino-Balkaria,865828,73,0,3191,0
2020-06-06,Russia,NA,Kabardino-Balkaria,865828,73,0,3264,0
2020-06-07,Russia,NA,Kabardino-Balkaria,865828,76,0,3340,0
2020-06-08,Russia,NA,Kabardino-Balkaria,865828,76,0,3416,0
2020-06-09,Russia,NA,Kabardino-Balkaria,865828,75,0,3491,0
2020-06-10,Russia,NA,Kabardino-Balkaria,865828,77,0,3568,0
2020-06-11,Russia,NA,Kabardino-Balkaria,865828,79,0,3647,0
2020-06-12,Russia,NA,Kabardino-Balkaria,865828,79,0,3726,0
2020-06-13,Russia,NA,Kabardino-Balkaria,865828,81,0,3807,0
2020-06-14,Russia,NA,Kabardino-Balkaria,865828,80,0,3887,0
2020-06-15,Russia,NA,Kabardino-Balkaria,865828,80,0,3967,0
2020-06-16,Russia,NA,Kabardino-Balkaria,865828,80,0,4047,0
2020-06-17,Russia,NA,Kabardino-Balkaria,865828,77,0,4124,0
2020-06-18,Russia,NA,Kabardino-Balkaria,865828,77,0,4201,0
2020-06-19,Russia,NA,Kabardino-Balkaria,865828,76,0,4277,0
2020-06-20,Russia,NA,Kabardino-Balkaria,865828,76,0,4353,0
2020-06-21,Russia,NA,Kabardino-Balkaria,865828,75,0,4428,0
2020-06-22,Russia,NA,Kabardino-Balkaria,865828,75,0,4503,0
2020-06-23,Russia,NA,Kabardino-Balkaria,865828,74,0,4577,0
2020-06-24,Russia,NA,Kabardino-Balkaria,865828,71,0,4648,0
2020-06-25,Russia,NA,Kabardino-Balkaria,865828,70,0,4718,0
2020-06-26,Russia,NA,Kabardino-Balkaria,865828,65,0,4783,0
2020-06-27,Russia,NA,Kabardino-Balkaria,865828,60,0,4843,0
2020-06-28,Russia,NA,Kabardino-Balkaria,865828,54,0,4897,0
2020-06-29,Russia,NA,Kabardino-Balkaria,865828,53,0,4950,0
2020-06-30,Russia,NA,Kabardino-Balkaria,865828,52,0,5002,0
2020-07-01,Russia,NA,Kabardino-Balkaria,865828,51,0,5053,0
2020-07-02,Russia,NA,Kabardino-Balkaria,865828,48,0,5101,0
2020-07-03,Russia,NA,Kabardino-Balkaria,865828,48,0,5149,0
2020-07-04,Russia,NA,Kabardino-Balkaria,865828,47,0,5196,0
2020-07-05,Russia,NA,Kabardino-Balkaria,865828,47,0,5243,0
2020-07-06,Russia,NA,Kabardino-Balkaria,865828,46,0,5289,0
2020-07-07,Russia,NA,Kabardino-Balkaria,865828,46,0,5335,0
2020-07-08,Russia,NA,Kabardino-Balkaria,865828,45,0,5380,0
2020-07-09,Russia,NA,Kabardino-Balkaria,865828,45,0,5425,0
2020-07-10,Russia,NA,Kabardino-Balkaria,865828,44,0,5469,0
2020-07-11,Russia,NA,Kabardino-Balkaria,865828,43,0,5512,0
2020-07-12,Russia,NA,Kabardino-Balkaria,865828,42,0,5554,0
2020-07-13,Russia,NA,Kabardino-Balkaria,865828,42,0,5596,0
2020-07-14,Russia,NA,Kabardino-Balkaria,865828,41,0,5637,0
2020-07-15,Russia,NA,Kabardino-Balkaria,865828,41,0,5678,0
2020-07-16,Russia,NA,Kabardino-Balkaria,865828,40,0,5718,0
2020-07-17,Russia,NA,Kabardino-Balkaria,865828,25,0,5743,0
2020-07-18,Russia,NA,Kabardino-Balkaria,865828,20,0,5763,0
2020-07-19,Russia,NA,Kabardino-Balkaria,865828,20,0,5783,0
2020-07-20,Russia,NA,Kabardino-Balkaria,865828,16,0,5799,0
2020-07-21,Russia,NA,Kabardino-Balkaria,865828,16,0,5815,0
2020-07-22,Russia,NA,Kabardino-Balkaria,865828,16,0,5831,0
2020-07-23,Russia,NA,Kabardino-Balkaria,865828,16,0,5847,0
2020-07-24,Russia,NA,Kabardino-Balkaria,865828,15,0,5862,0
2020-07-25,Russia,NA,Kabardino-Balkaria,865828,15,0,5877,0
2020-07-26,Russia,NA,Kabardino-Balkaria,865828,15,0,5892,0
2020-07-27,Russia,NA,Kabardino-Balkaria,865828,16,0,5908,0
2020-07-28,Russia,NA,Kabardino-Balkaria,865828,15,0,5923,0
2020-07-29,Russia,NA,Kabardino-Balkaria,865828,15,0,5938,0
2020-07-30,Russia,NA,Kabardino-Balkaria,865828,16,0,5954,0
2020-07-31,Russia,NA,Kabardino-Balkaria,865828,15,0,5969,0
2020-08-01,Russia,NA,Kabardino-Balkaria,865828,16,0,5985,0
2020-08-02,Russia,NA,Kabardino-Balkaria,865828,15,0,6000,0
2020-08-17,Russia,NA,Kabardino-Balkaria,865828,0,0,6239,75
2020-08-18,Russia,NA,Kabardino-Balkaria,865828,17,0,6256,75
2020-08-19,Russia,NA,Kabardino-Balkaria,865828,17,0,6273,75
2020-08-20,Russia,NA,Kabardino-Balkaria,865828,16,0,6289,75
2020-08-21,Russia,NA,Kabardino-Balkaria,865828,16,0,6305,75
2020-08-22,Russia,NA,Kabardino-Balkaria,865828,18,1,6323,76
2020-08-23,Russia,NA,Kabardino-Balkaria,865828,17,1,6340,77
2020-08-24,Russia,NA,Kabardino-Balkaria,865828,18,0,6358,77
2020-08-25,Russia,NA,Kabardino-Balkaria,865828,19,0,6377,77
2020-08-26,Russia,NA,Kabardino-Balkaria,865828,20,0,6397,77
2020-08-27,Russia,NA,Kabardino-Balkaria,865828,20,0,6417,77
2020-08-28,Russia,NA,Kabardino-Balkaria,865828,22,0,6439,77
2020-08-29,Russia,NA,Kabardino-Balkaria,865828,24,0,6463,77
2020-08-30,Russia,NA,Kabardino-Balkaria,865828,25,0,6488,77
2020-08-31,Russia,NA,Kabardino-Balkaria,865828,26,1,6514,78
2020-09-01,Russia,NA,Kabardino-Balkaria,865828,28,1,6542,79
2020-09-02,Russia,NA,Kabardino-Balkaria,865828,28,0,6570,79
2020-09-03,Russia,NA,Kabardino-Balkaria,865828,29,0,6599,79
2020-09-04,Russia,NA,Kabardino-Balkaria,865828,30,0,6629,79
2020-09-05,Russia,NA,Kabardino-Balkaria,865828,30,0,6659,79
2020-09-06,Russia,NA,Kabardino-Balkaria,865828,32,0,6691,79
2020-09-07,Russia,NA,Kabardino-Balkaria,865828,33,0,6724,79
2020-09-08,Russia,NA,Kabardino-Balkaria,865828,33,0,6757,79
2020-09-09,Russia,NA,Kabardino-Balkaria,865828,35,0,6792,79
2020-09-10,Russia,NA,Kabardino-Balkaria,865828,35,1,6827,80
2020-09-11,Russia,NA,Kabardino-Balkaria,865828,37,1,6864,81
2020-09-12,Russia,NA,Kabardino-Balkaria,865828,37,0,6901,81
2020-09-13,Russia,NA,Kabardino-Balkaria,865828,40,1,6941,82
2020-09-14,Russia,NA,Kabardino-Balkaria,865828,40,0,6981,82
2020-09-15,Russia,NA,Kabardino-Balkaria,865828,42,1,7023,83
2020-03-28,Russia,NA,Kaliningrad Oblast,994599,3,0,11,0
2020-03-30,Russia,NA,Kaliningrad Oblast,994599,1,0,12,0
2020-04-02,Russia,NA,Kaliningrad Oblast,994599,7,0,19,0
2020-04-07,Russia,NA,Kaliningrad Oblast,994599,29,0,48,0
2020-04-08,Russia,NA,Kaliningrad Oblast,994599,1,0,49,0
2020-04-09,Russia,NA,Kaliningrad Oblast,994599,3,0,52,0
2020-04-10,Russia,NA,Kaliningrad Oblast,994599,10,0,62,0
2020-04-11,Russia,NA,Kaliningrad Oblast,994599,3,0,65,0
2020-04-12,Russia,NA,Kaliningrad Oblast,994599,5,0,70,0
2020-04-13,Russia,NA,Kaliningrad Oblast,994599,4,0,74,0
2020-04-14,Russia,NA,Kaliningrad Oblast,994599,5,0,79,0
2020-04-15,Russia,NA,Kaliningrad Oblast,994599,5,0,84,0
2020-04-16,Russia,NA,Kaliningrad Oblast,994599,8,0,92,0
2020-04-17,Russia,NA,Kaliningrad Oblast,994599,12,0,104,0
2020-04-18,Russia,NA,Kaliningrad Oblast,994599,11,0,115,0
2020-04-19,Russia,NA,Kaliningrad Oblast,994599,11,0,126,0
2020-04-20,Russia,NA,Kaliningrad Oblast,994599,12,0,138,0
2020-04-21,Russia,NA,Kaliningrad Oblast,994599,6,0,144,0
2020-04-22,Russia,NA,Kaliningrad Oblast,994599,19,0,163,0
2020-04-23,Russia,NA,Kaliningrad Oblast,994599,8,0,171,0
2020-04-24,Russia,NA,Kaliningrad Oblast,994599,18,0,189,0
2020-04-25,Russia,NA,Kaliningrad Oblast,994599,21,0,210,0
2020-04-26,Russia,NA,Kaliningrad Oblast,994599,26,0,236,0
2020-04-27,Russia,NA,Kaliningrad Oblast,994599,28,0,264,0
2020-04-28,Russia,NA,Kaliningrad Oblast,994599,39,0,303,0
2020-04-29,Russia,NA,Kaliningrad Oblast,994599,23,0,326,0
2020-04-30,Russia,NA,Kaliningrad Oblast,994599,32,0,358,0
2020-05-01,Russia,NA,Kaliningrad Oblast,994599,37,0,395,0
2020-05-02,Russia,NA,Kaliningrad Oblast,994599,43,0,438,0
2020-05-03,Russia,NA,Kaliningrad Oblast,994599,41,0,479,0
2020-05-04,Russia,NA,Kaliningrad Oblast,994599,45,0,524,0
2020-05-05,Russia,NA,Kaliningrad Oblast,994599,42,0,566,0
2020-05-06,Russia,NA,Kaliningrad Oblast,994599,17,0,583,0
2020-05-07,Russia,NA,Kaliningrad Oblast,994599,16,0,599,0
2020-05-08,Russia,NA,Kaliningrad Oblast,994599,38,0,637,0
2020-05-09,Russia,NA,Kaliningrad Oblast,994599,34,0,671,0
2020-05-10,Russia,NA,Kaliningrad Oblast,994599,42,0,713,0
2020-05-11,Russia,NA,Kaliningrad Oblast,994599,40,0,753,0
2020-05-12,Russia,NA,Kaliningrad Oblast,994599,19,0,772,0
2020-05-13,Russia,NA,Kaliningrad Oblast,994599,40,0,812,0
2020-05-14,Russia,NA,Kaliningrad Oblast,994599,36,0,848,0
2020-05-15,Russia,NA,Kaliningrad Oblast,994599,33,0,881,0
2020-05-16,Russia,NA,Kaliningrad Oblast,994599,35,0,916,0
2020-05-17,Russia,NA,Kaliningrad Oblast,994599,36,0,952,0
2020-05-18,Russia,NA,Kaliningrad Oblast,994599,26,0,978,0
2020-05-19,Russia,NA,Kaliningrad Oblast,994599,32,0,1010,0
2020-05-20,Russia,NA,Kaliningrad Oblast,994599,32,0,1042,0
2020-05-21,Russia,NA,Kaliningrad Oblast,994599,34,0,1076,0
2020-05-22,Russia,NA,Kaliningrad Oblast,994599,41,0,1117,0
2020-05-23,Russia,NA,Kaliningrad Oblast,994599,41,0,1158,0
2020-05-24,Russia,NA,Kaliningrad Oblast,994599,43,0,1201,0
2020-05-25,Russia,NA,Kaliningrad Oblast,994599,43,0,1244,0
2020-05-26,Russia,NA,Kaliningrad Oblast,994599,50,0,1294,0
2020-05-27,Russia,NA,Kaliningrad Oblast,994599,44,0,1338,0
2020-05-28,Russia,NA,Kaliningrad Oblast,994599,38,0,1376,0
2020-05-29,Russia,NA,Kaliningrad Oblast,994599,33,0,1409,0
2020-05-30,Russia,NA,Kaliningrad Oblast,994599,51,0,1460,0
2020-05-31,Russia,NA,Kaliningrad Oblast,994599,48,0,1508,0
2020-06-01,Russia,NA,Kaliningrad Oblast,994599,45,0,1553,0
2020-06-02,Russia,NA,Kaliningrad Oblast,994599,54,0,1607,0
2020-06-03,Russia,NA,Kaliningrad Oblast,994599,35,0,1642,0
2020-06-04,Russia,NA,Kaliningrad Oblast,994599,23,0,1665,0
2020-06-05,Russia,NA,Kaliningrad Oblast,994599,35,0,1700,0
2020-06-06,Russia,NA,Kaliningrad Oblast,994599,36,0,1736,0
2020-06-07,Russia,NA,Kaliningrad Oblast,994599,40,0,1776,0
2020-06-08,Russia,NA,Kaliningrad Oblast,994599,37,0,1813,0
2020-06-09,Russia,NA,Kaliningrad Oblast,994599,45,0,1858,0
2020-06-10,Russia,NA,Kaliningrad Oblast,994599,46,0,1904,0
2020-06-11,Russia,NA,Kaliningrad Oblast,994599,42,0,1946,0
2020-06-12,Russia,NA,Kaliningrad Oblast,994599,38,0,1984,0
2020-06-13,Russia,NA,Kaliningrad Oblast,994599,43,0,2027,0
2020-06-14,Russia,NA,Kaliningrad Oblast,994599,45,0,2072,0
2020-06-15,Russia,NA,Kaliningrad Oblast,994599,40,0,2112,0
2020-06-16,Russia,NA,Kaliningrad Oblast,994599,12,0,2124,0
2020-06-17,Russia,NA,Kaliningrad Oblast,994599,37,0,2161,0
2020-06-18,Russia,NA,Kaliningrad Oblast,994599,34,0,2195,0
2020-06-19,Russia,NA,Kaliningrad Oblast,994599,32,0,2227,0
2020-06-20,Russia,NA,Kaliningrad Oblast,994599,35,0,2262,0
2020-06-21,Russia,NA,Kaliningrad Oblast,994599,30,0,2292,0
2020-06-22,Russia,NA,Kaliningrad Oblast,994599,29,0,2321,0
2020-06-23,Russia,NA,Kaliningrad Oblast,994599,27,0,2348,0
2020-06-24,Russia,NA,Kaliningrad Oblast,994599,8,0,2356,0
2020-06-25,Russia,NA,Kaliningrad Oblast,994599,17,0,2373,0
2020-06-26,Russia,NA,Kaliningrad Oblast,994599,19,0,2392,0
2020-06-27,Russia,NA,Kaliningrad Oblast,994599,19,0,2411,0
2020-06-28,Russia,NA,Kaliningrad Oblast,994599,15,0,2426,0
2020-06-29,Russia,NA,Kaliningrad Oblast,994599,10,0,2436,0
2020-06-30,Russia,NA,Kaliningrad Oblast,994599,10,0,2446,0
2020-07-01,Russia,NA,Kaliningrad Oblast,994599,9,0,2455,0
2020-07-02,Russia,NA,Kaliningrad Oblast,994599,17,0,2472,0
2020-07-03,Russia,NA,Kaliningrad Oblast,994599,15,0,2487,0
2020-07-04,Russia,NA,Kaliningrad Oblast,994599,18,0,2505,0
2020-07-05,Russia,NA,Kaliningrad Oblast,994599,16,0,2521,0
2020-07-06,Russia,NA,Kaliningrad Oblast,994599,18,0,2539,0
2020-07-07,Russia,NA,Kaliningrad Oblast,994599,14,0,2553,0
2020-07-08,Russia,NA,Kaliningrad Oblast,994599,11,0,2564,0
2020-07-09,Russia,NA,Kaliningrad Oblast,994599,14,0,2578,0
2020-07-10,Russia,NA,Kaliningrad Oblast,994599,13,0,2591,0
2020-07-11,Russia,NA,Kaliningrad Oblast,994599,14,0,2605,0
2020-07-12,Russia,NA,Kaliningrad Oblast,994599,10,0,2615,0
2020-07-13,Russia,NA,Kaliningrad Oblast,994599,12,0,2627,0
2020-07-14,Russia,NA,Kaliningrad Oblast,994599,9,0,2636,0
2020-07-15,Russia,NA,Kaliningrad Oblast,994599,12,0,2648,0
2020-07-16,Russia,NA,Kaliningrad Oblast,994599,14,0,2662,0
2020-07-17,Russia,NA,Kaliningrad Oblast,994599,14,0,2676,0
2020-07-18,Russia,NA,Kaliningrad Oblast,994599,15,0,2691,0
2020-07-19,Russia,NA,Kaliningrad Oblast,994599,14,0,2705,0
2020-07-20,Russia,NA,Kaliningrad Oblast,994599,13,0,2718,0
2020-07-21,Russia,NA,Kaliningrad Oblast,994599,11,0,2729,0
2020-07-22,Russia,NA,Kaliningrad Oblast,994599,7,0,2736,0
2020-07-23,Russia,NA,Kaliningrad Oblast,994599,10,0,2746,0
2020-07-24,Russia,NA,Kaliningrad Oblast,994599,13,0,2759,0
2020-07-25,Russia,NA,Kaliningrad Oblast,994599,16,0,2775,0
2020-07-26,Russia,NA,Kaliningrad Oblast,994599,15,0,2790,0
2020-07-27,Russia,NA,Kaliningrad Oblast,994599,15,0,2805,0
2020-07-28,Russia,NA,Kaliningrad Oblast,994599,16,0,2821,0
2020-07-29,Russia,NA,Kaliningrad Oblast,994599,14,0,2835,0
2020-07-30,Russia,NA,Kaliningrad Oblast,994599,19,0,2854,0
2020-07-31,Russia,NA,Kaliningrad Oblast,994599,21,0,2875,0
2020-08-01,Russia,NA,Kaliningrad Oblast,994599,23,0,2898,0
2020-08-02,Russia,NA,Kaliningrad Oblast,994599,19,0,2917,0
2020-08-17,Russia,NA,Kaliningrad Oblast,994599,0,0,3147,53
2020-08-18,Russia,NA,Kaliningrad Oblast,994599,23,0,3170,53
2020-08-19,Russia,NA,Kaliningrad Oblast,994599,9,2,3179,55
2020-08-20,Russia,NA,Kaliningrad Oblast,994599,15,0,3194,55
2020-08-21,Russia,NA,Kaliningrad Oblast,994599,18,0,3212,55
2020-08-22,Russia,NA,Kaliningrad Oblast,994599,18,2,3230,57
2020-08-23,Russia,NA,Kaliningrad Oblast,994599,30,1,3260,58
2020-08-24,Russia,NA,Kaliningrad Oblast,994599,23,0,3283,58
2020-08-25,Russia,NA,Kaliningrad Oblast,994599,21,0,3304,58
2020-08-26,Russia,NA,Kaliningrad Oblast,994599,26,0,3330,58
2020-08-27,Russia,NA,Kaliningrad Oblast,994599,18,0,3348,58
2020-08-28,Russia,NA,Kaliningrad Oblast,994599,21,0,3369,58
2020-08-29,Russia,NA,Kaliningrad Oblast,994599,24,0,3393,58
2020-08-30,Russia,NA,Kaliningrad Oblast,994599,22,0,3415,58
2020-08-31,Russia,NA,Kaliningrad Oblast,994599,15,0,3430,58
2020-09-01,Russia,NA,Kaliningrad Oblast,994599,16,0,3446,58
2020-09-02,Russia,NA,Kaliningrad Oblast,994599,17,0,3463,58
2020-09-03,Russia,NA,Kaliningrad Oblast,994599,20,0,3483,58
2020-09-04,Russia,NA,Kaliningrad Oblast,994599,19,0,3502,58
2020-09-05,Russia,NA,Kaliningrad Oblast,994599,21,0,3523,58
2020-09-06,Russia,NA,Kaliningrad Oblast,994599,20,0,3543,58
2020-09-07,Russia,NA,Kaliningrad Oblast,994599,25,0,3568,58
2020-09-08,Russia,NA,Kaliningrad Oblast,994599,28,0,3596,58
2020-09-09,Russia,NA,Kaliningrad Oblast,994599,30,0,3626,58
2020-09-10,Russia,NA,Kaliningrad Oblast,994599,29,0,3655,58
2020-09-11,Russia,NA,Kaliningrad Oblast,994599,30,0,3685,58
2020-09-12,Russia,NA,Kaliningrad Oblast,994599,27,0,3712,58
2020-09-13,Russia,NA,Kaliningrad Oblast,994599,32,0,3744,58
2020-09-14,Russia,NA,Kaliningrad Oblast,994599,31,0,3775,58
2020-09-15,Russia,NA,Kaliningrad Oblast,994599,35,3,3810,61
2020-04-07,Russia,NA,Kalmykia,275413,4,0,11,0
2020-04-08,Russia,NA,Kalmykia,275413,4,0,15,0
2020-04-09,Russia,NA,Kalmykia,275413,8,0,23,0
2020-04-11,Russia,NA,Kalmykia,275413,9,0,32,0
2020-04-15,Russia,NA,Kalmykia,275413,3,0,35,0
2020-04-16,Russia,NA,Kalmykia,275413,1,0,36,0
2020-04-17,Russia,NA,Kalmykia,275413,17,0,53,0
2020-04-18,Russia,NA,Kalmykia,275413,14,0,67,0
2020-04-19,Russia,NA,Kalmykia,275413,7,0,74,0
2020-04-20,Russia,NA,Kalmykia,275413,3,0,77,0
2020-04-22,Russia,NA,Kalmykia,275413,11,0,88,0
2020-04-23,Russia,NA,Kalmykia,275413,6,0,94,0
2020-04-24,Russia,NA,Kalmykia,275413,10,0,104,0
2020-04-25,Russia,NA,Kalmykia,275413,18,0,122,0
2020-04-26,Russia,NA,Kalmykia,275413,24,0,146,0
2020-04-27,Russia,NA,Kalmykia,275413,12,0,158,0
2020-04-28,Russia,NA,Kalmykia,275413,9,0,167,0
2020-04-29,Russia,NA,Kalmykia,275413,16,0,183,0
2020-04-30,Russia,NA,Kalmykia,275413,9,0,192,0
2020-05-01,Russia,NA,Kalmykia,275413,39,0,231,0
2020-05-02,Russia,NA,Kalmykia,275413,23,0,254,0
2020-05-03,Russia,NA,Kalmykia,275413,29,0,283,0
2020-05-04,Russia,NA,Kalmykia,275413,38,0,321,0
2020-05-05,Russia,NA,Kalmykia,275413,1,0,322,0
2020-05-06,Russia,NA,Kalmykia,275413,29,0,351,0
2020-05-07,Russia,NA,Kalmykia,275413,28,0,379,0
2020-05-08,Russia,NA,Kalmykia,275413,26,0,405,0
2020-05-09,Russia,NA,Kalmykia,275413,50,0,455,0
2020-05-10,Russia,NA,Kalmykia,275413,18,0,473,0
2020-05-11,Russia,NA,Kalmykia,275413,21,0,494,0
2020-05-12,Russia,NA,Kalmykia,275413,3,0,497,0
2020-05-13,Russia,NA,Kalmykia,275413,35,0,532,0
2020-05-14,Russia,NA,Kalmykia,275413,35,0,567,0
2020-05-15,Russia,NA,Kalmykia,275413,51,0,618,0
2020-05-16,Russia,NA,Kalmykia,275413,37,0,655,0
2020-05-17,Russia,NA,Kalmykia,275413,38,0,693,0
2020-05-18,Russia,NA,Kalmykia,275413,28,0,721,0
2020-05-20,Russia,NA,Kalmykia,275413,23,0,744,0
2020-05-21,Russia,NA,Kalmykia,275413,32,0,776,0
2020-05-22,Russia,NA,Kalmykia,275413,34,0,810,0
2020-05-23,Russia,NA,Kalmykia,275413,46,0,856,0
2020-05-24,Russia,NA,Kalmykia,275413,23,0,879,0
2020-05-25,Russia,NA,Kalmykia,275413,24,0,903,0
2020-05-27,Russia,NA,Kalmykia,275413,41,0,944,0
2020-05-28,Russia,NA,Kalmykia,275413,29,0,973,0
2020-05-29,Russia,NA,Kalmykia,275413,26,0,999,0
2020-05-30,Russia,NA,Kalmykia,275413,20,0,1019,0
2020-05-31,Russia,NA,Kalmykia,275413,35,0,1054,0
2020-06-01,Russia,NA,Kalmykia,275413,20,0,1074,0
2020-06-02,Russia,NA,Kalmykia,275413,11,0,1085,0
2020-06-03,Russia,NA,Kalmykia,275413,23,0,1108,0
2020-06-04,Russia,NA,Kalmykia,275413,19,0,1127,0
2020-06-05,Russia,NA,Kalmykia,275413,9,0,1136,0
2020-06-06,Russia,NA,Kalmykia,275413,13,0,1149,0
2020-06-07,Russia,NA,Kalmykia,275413,19,0,1168,0
2020-06-08,Russia,NA,Kalmykia,275413,11,0,1179,0
2020-06-09,Russia,NA,Kalmykia,275413,1,0,1180,0
2020-06-10,Russia,NA,Kalmykia,275413,23,0,1203,0
2020-06-11,Russia,NA,Kalmykia,275413,12,0,1215,0
2020-06-12,Russia,NA,Kalmykia,275413,18,0,1233,0
2020-06-13,Russia,NA,Kalmykia,275413,14,0,1247,0
2020-06-14,Russia,NA,Kalmykia,275413,16,0,1263,0
2020-06-15,Russia,NA,Kalmykia,275413,9,0,1272,0
2020-06-17,Russia,NA,Kalmykia,275413,16,0,1288,0
2020-06-18,Russia,NA,Kalmykia,275413,4,0,1292,0
2020-06-19,Russia,NA,Kalmykia,275413,8,0,1300,0
2020-06-20,Russia,NA,Kalmykia,275413,14,0,1314,0
2020-06-21,Russia,NA,Kalmykia,275413,13,0,1327,0
2020-06-22,Russia,NA,Kalmykia,275413,12,0,1339,0
2020-06-23,Russia,NA,Kalmykia,275413,1,0,1340,0
2020-06-24,Russia,NA,Kalmykia,275413,22,0,1362,0
2020-06-25,Russia,NA,Kalmykia,275413,30,0,1392,0
2020-06-26,Russia,NA,Kalmykia,275413,18,0,1410,0
2020-06-27,Russia,NA,Kalmykia,275413,32,0,1442,0
2020-06-28,Russia,NA,Kalmykia,275413,20,0,1462,0
2020-06-29,Russia,NA,Kalmykia,275413,19,0,1481,0
2020-06-30,Russia,NA,Kalmykia,275413,2,0,1483,0
2020-07-01,Russia,NA,Kalmykia,275413,40,0,1523,0
2020-07-02,Russia,NA,Kalmykia,275413,194,0,1717,0
2020-07-03,Russia,NA,Kalmykia,275413,122,0,1839,0
2020-07-04,Russia,NA,Kalmykia,275413,39,0,1878,0
2020-07-05,Russia,NA,Kalmykia,275413,37,0,1915,0
2020-07-06,Russia,NA,Kalmykia,275413,32,0,1947,0
2020-07-08,Russia,NA,Kalmykia,275413,40,0,1987,0
2020-07-09,Russia,NA,Kalmykia,275413,41,0,2028,0
2020-07-10,Russia,NA,Kalmykia,275413,45,0,2073,0
2020-07-11,Russia,NA,Kalmykia,275413,34,0,2107,0
2020-07-12,Russia,NA,Kalmykia,275413,42,0,2149,0
2020-07-13,Russia,NA,Kalmykia,275413,33,0,2182,0
2020-07-15,Russia,NA,Kalmykia,275413,38,0,2220,0
2020-07-16,Russia,NA,Kalmykia,275413,55,0,2275,0
2020-07-17,Russia,NA,Kalmykia,275413,40,0,2315,0
2020-07-18,Russia,NA,Kalmykia,275413,31,0,2346,0
2020-07-19,Russia,NA,Kalmykia,275413,17,0,2363,0
2020-07-20,Russia,NA,Kalmykia,275413,8,0,2371,0
2020-07-22,Russia,NA,Kalmykia,275413,34,0,2405,0
2020-07-23,Russia,NA,Kalmykia,275413,5,0,2410,0
2020-07-24,Russia,NA,Kalmykia,275413,29,0,2439,0
2020-07-25,Russia,NA,Kalmykia,275413,37,0,2476,0
2020-07-26,Russia,NA,Kalmykia,275413,19,0,2495,0
2020-07-27,Russia,NA,Kalmykia,275413,15,0,2510,0
2020-07-28,Russia,NA,Kalmykia,275413,2,0,2512,0
2020-07-29,Russia,NA,Kalmykia,275413,49,0,2561,0
2020-07-30,Russia,NA,Kalmykia,275413,28,0,2589,0
2020-07-31,Russia,NA,Kalmykia,275413,32,0,2621,0
2020-08-01,Russia,NA,Kalmykia,275413,19,0,2640,0
2020-08-02,Russia,NA,Kalmykia,275413,19,0,2659,0
2020-08-17,Russia,NA,Kalmykia,275413,0,0,3407,42
2020-08-18,Russia,NA,Kalmykia,275413,6,1,3413,43
2020-08-19,Russia,NA,Kalmykia,275413,59,3,3472,46
2020-08-20,Russia,NA,Kalmykia,275413,58,2,3530,48
2020-08-21,Russia,NA,Kalmykia,275413,70,0,3600,48
2020-08-22,Russia,NA,Kalmykia,275413,69,0,3669,48
2020-08-23,Russia,NA,Kalmykia,275413,52,0,3721,48
2020-08-24,Russia,NA,Kalmykia,275413,54,0,3775,48
2020-08-25,Russia,NA,Kalmykia,275413,9,0,3784,48
2020-08-26,Russia,NA,Kalmykia,275413,72,2,3856,50
2020-08-27,Russia,NA,Kalmykia,275413,57,2,3913,52
2020-08-28,Russia,NA,Kalmykia,275413,68,3,3981,55
2020-08-29,Russia,NA,Kalmykia,275413,73,1,4054,56
2020-08-30,Russia,NA,Kalmykia,275413,83,0,4137,56
2020-08-31,Russia,NA,Kalmykia,275413,132,0,4269,56
2020-09-01,Russia,NA,Kalmykia,275413,57,0,4326,56
2020-09-02,Russia,NA,Kalmykia,275413,85,0,4411,56
2020-09-03,Russia,NA,Kalmykia,275413,79,0,4490,56
2020-09-04,Russia,NA,Kalmykia,275413,83,0,4573,56
2020-09-05,Russia,NA,Kalmykia,275413,82,0,4655,56
2020-09-06,Russia,NA,Kalmykia,275413,85,0,4740,56
2020-09-07,Russia,NA,Kalmykia,275413,83,0,4823,56
2020-09-08,Russia,NA,Kalmykia,275413,59,3,4882,59
2020-09-09,Russia,NA,Kalmykia,275413,84,2,4966,61
2020-09-10,Russia,NA,Kalmykia,275413,90,1,5056,62
2020-09-11,Russia,NA,Kalmykia,275413,103,3,5159,65
2020-09-12,Russia,NA,Kalmykia,275413,88,0,5247,65
2020-09-13,Russia,NA,Kalmykia,275413,68,0,5315,65
2020-09-14,Russia,NA,Kalmykia,275413,63,0,5378,65
2020-09-15,Russia,NA,Kalmykia,275413,73,0,5451,65
2020-04-07,Russia,NA,Kaluga Oblast,1012156,4,0,11,0
2020-04-10,Russia,NA,Kaluga Oblast,1012156,7,0,18,0
2020-04-11,Russia,NA,Kaluga Oblast,1012156,6,0,24,0
2020-04-13,Russia,NA,Kaluga Oblast,1012156,10,0,34,0
2020-04-14,Russia,NA,Kaluga Oblast,1012156,15,0,49,0
2020-04-15,Russia,NA,Kaluga Oblast,1012156,25,0,74,0
2020-04-16,Russia,NA,Kaluga Oblast,1012156,28,0,102,0
2020-04-17,Russia,NA,Kaluga Oblast,1012156,20,0,122,0
2020-04-18,Russia,NA,Kaluga Oblast,1012156,29,0,151,0
2020-04-19,Russia,NA,Kaluga Oblast,1012156,37,0,188,0
2020-04-20,Russia,NA,Kaluga Oblast,1012156,40,0,228,0
2020-04-21,Russia,NA,Kaluga Oblast,1012156,30,0,258,0
2020-04-22,Russia,NA,Kaluga Oblast,1012156,72,0,330,0
2020-04-23,Russia,NA,Kaluga Oblast,1012156,53,0,383,0
2020-04-24,Russia,NA,Kaluga Oblast,1012156,61,0,444,0
2020-04-25,Russia,NA,Kaluga Oblast,1012156,69,0,513,0
2020-04-26,Russia,NA,Kaluga Oblast,1012156,70,0,583,0
2020-04-27,Russia,NA,Kaluga Oblast,1012156,56,0,639,0
2020-04-28,Russia,NA,Kaluga Oblast,1012156,67,0,706,0
2020-04-29,Russia,NA,Kaluga Oblast,1012156,66,0,772,0
2020-04-30,Russia,NA,Kaluga Oblast,1012156,113,0,885,0
2020-05-01,Russia,NA,Kaluga Oblast,1012156,121,0,1006,0
2020-05-02,Russia,NA,Kaluga Oblast,1012156,59,0,1065,0
2020-05-03,Russia,NA,Kaluga Oblast,1012156,71,0,1136,0
2020-05-04,Russia,NA,Kaluga Oblast,1012156,81,0,1217,0
2020-05-05,Russia,NA,Kaluga Oblast,1012156,92,0,1309,0
2020-05-06,Russia,NA,Kaluga Oblast,1012156,98,0,1407,0
2020-05-07,Russia,NA,Kaluga Oblast,1012156,79,0,1486,0
2020-05-08,Russia,NA,Kaluga Oblast,1012156,78,0,1564,0
2020-05-09,Russia,NA,Kaluga Oblast,1012156,77,0,1641,0
2020-05-10,Russia,NA,Kaluga Oblast,1012156,89,0,1730,0
2020-05-11,Russia,NA,Kaluga Oblast,1012156,98,0,1828,0
2020-05-12,Russia,NA,Kaluga Oblast,1012156,96,0,1924,0
2020-05-13,Russia,NA,Kaluga Oblast,1012156,94,0,2018,0
2020-05-14,Russia,NA,Kaluga Oblast,1012156,97,0,2115,0
2020-05-15,Russia,NA,Kaluga Oblast,1012156,98,0,2213,0
2020-05-16,Russia,NA,Kaluga Oblast,1012156,99,0,2312,0
2020-05-17,Russia,NA,Kaluga Oblast,1012156,97,0,2409,0
2020-05-18,Russia,NA,Kaluga Oblast,1012156,109,0,2518,0
2020-05-19,Russia,NA,Kaluga Oblast,1012156,114,0,2632,0
2020-05-20,Russia,NA,Kaluga Oblast,1012156,118,0,2750,0
2020-05-21,Russia,NA,Kaluga Oblast,1012156,121,0,2871,0
2020-05-22,Russia,NA,Kaluga Oblast,1012156,127,0,2998,0
2020-05-23,Russia,NA,Kaluga Oblast,1012156,125,0,3123,0
2020-05-24,Russia,NA,Kaluga Oblast,1012156,123,0,3246,0
2020-05-25,Russia,NA,Kaluga Oblast,1012156,108,0,3354,0
2020-05-26,Russia,NA,Kaluga Oblast,1012156,105,0,3459,0
2020-05-27,Russia,NA,Kaluga Oblast,1012156,101,0,3560,0
2020-05-28,Russia,NA,Kaluga Oblast,1012156,93,0,3653,0
2020-05-29,Russia,NA,Kaluga Oblast,1012156,91,0,3744,0
2020-05-30,Russia,NA,Kaluga Oblast,1012156,90,0,3834,0
2020-05-31,Russia,NA,Kaluga Oblast,1012156,89,0,3923,0
2020-06-01,Russia,NA,Kaluga Oblast,1012156,86,0,4009,0
2020-06-02,Russia,NA,Kaluga Oblast,1012156,83,0,4092,0
2020-06-03,Russia,NA,Kaluga Oblast,1012156,87,0,4179,0
2020-06-04,Russia,NA,Kaluga Oblast,1012156,91,0,4270,0
2020-06-05,Russia,NA,Kaluga Oblast,1012156,87,0,4357,0
2020-06-06,Russia,NA,Kaluga Oblast,1012156,74,0,4431,0
2020-06-07,Russia,NA,Kaluga Oblast,1012156,80,0,4511,0
2020-06-08,Russia,NA,Kaluga Oblast,1012156,89,0,4600,0
2020-06-09,Russia,NA,Kaluga Oblast,1012156,91,0,4691,0
2020-06-10,Russia,NA,Kaluga Oblast,1012156,70,0,4761,0
2020-06-11,Russia,NA,Kaluga Oblast,1012156,68,0,4829,0
2020-06-12,Russia,NA,Kaluga Oblast,1012156,94,0,4923,0
2020-06-13,Russia,NA,Kaluga Oblast,1012156,88,0,5011,0
2020-06-14,Russia,NA,Kaluga Oblast,1012156,80,0,5091,0
2020-06-15,Russia,NA,Kaluga Oblast,1012156,78,0,5169,0
2020-06-16,Russia,NA,Kaluga Oblast,1012156,77,0,5246,0
2020-06-17,Russia,NA,Kaluga Oblast,1012156,75,0,5321,0
2020-06-18,Russia,NA,Kaluga Oblast,1012156,78,0,5399,0
2020-06-19,Russia,NA,Kaluga Oblast,1012156,63,0,5462,0
2020-06-20,Russia,NA,Kaluga Oblast,1012156,60,0,5522,0
2020-06-21,Russia,NA,Kaluga Oblast,1012156,58,0,5580,0
2020-06-22,Russia,NA,Kaluga Oblast,1012156,60,0,5640,0
2020-06-23,Russia,NA,Kaluga Oblast,1012156,54,0,5694,0
2020-06-24,Russia,NA,Kaluga Oblast,1012156,50,0,5744,0
2020-06-25,Russia,NA,Kaluga Oblast,1012156,44,0,5788,0
2020-06-26,Russia,NA,Kaluga Oblast,1012156,46,0,5834,0
2020-06-27,Russia,NA,Kaluga Oblast,1012156,46,0,5880,0
2020-06-28,Russia,NA,Kaluga Oblast,1012156,45,0,5925,0
2020-06-29,Russia,NA,Kaluga Oblast,1012156,48,0,5973,0
2020-06-30,Russia,NA,Kaluga Oblast,1012156,45,0,6018,0
2020-07-01,Russia,NA,Kaluga Oblast,1012156,48,0,6066,0
2020-07-02,Russia,NA,Kaluga Oblast,1012156,51,0,6117,0
2020-07-03,Russia,NA,Kaluga Oblast,1012156,53,0,6170,0
2020-07-04,Russia,NA,Kaluga Oblast,1012156,52,0,6222,0
2020-07-05,Russia,NA,Kaluga Oblast,1012156,50,0,6272,0
2020-07-06,Russia,NA,Kaluga Oblast,1012156,49,0,6321,0
2020-07-07,Russia,NA,Kaluga Oblast,1012156,47,0,6368,0
2020-07-08,Russia,NA,Kaluga Oblast,1012156,45,0,6413,0
2020-07-09,Russia,NA,Kaluga Oblast,1012156,45,0,6458,0
2020-07-10,Russia,NA,Kaluga Oblast,1012156,51,0,6509,0
2020-07-11,Russia,NA,Kaluga Oblast,1012156,50,0,6559,0
2020-07-12,Russia,NA,Kaluga Oblast,1012156,49,0,6608,0
2020-07-13,Russia,NA,Kaluga Oblast,1012156,48,0,6656,0
2020-07-14,Russia,NA,Kaluga Oblast,1012156,41,0,6697,0
2020-07-15,Russia,NA,Kaluga Oblast,1012156,45,0,6742,0
2020-07-16,Russia,NA,Kaluga Oblast,1012156,39,0,6781,0
2020-07-17,Russia,NA,Kaluga Oblast,1012156,37,0,6818,0
2020-07-18,Russia,NA,Kaluga Oblast,1012156,36,0,6854,0
2020-07-19,Russia,NA,Kaluga Oblast,1012156,35,0,6889,0
2020-07-20,Russia,NA,Kaluga Oblast,1012156,34,0,6923,0
2020-07-21,Russia,NA,Kaluga Oblast,1012156,34,0,6957,0
2020-07-22,Russia,NA,Kaluga Oblast,1012156,30,0,6987,0
2020-07-23,Russia,NA,Kaluga Oblast,1012156,33,0,7020,0
2020-07-24,Russia,NA,Kaluga Oblast,1012156,24,0,7044,0
2020-07-25,Russia,NA,Kaluga Oblast,1012156,23,0,7067,0
2020-07-26,Russia,NA,Kaluga Oblast,1012156,23,0,7090,0
2020-07-27,Russia,NA,Kaluga Oblast,1012156,21,0,7111,0
2020-07-28,Russia,NA,Kaluga Oblast,1012156,22,0,7133,0
2020-07-29,Russia,NA,Kaluga Oblast,1012156,22,0,7155,0
2020-07-30,Russia,NA,Kaluga Oblast,1012156,24,0,7179,0
2020-07-31,Russia,NA,Kaluga Oblast,1012156,25,0,7204,0
2020-08-01,Russia,NA,Kaluga Oblast,1012156,28,0,7232,0
2020-08-02,Russia,NA,Kaluga Oblast,1012156,28,0,7260,0
2020-08-17,Russia,NA,Kaluga Oblast,1012156,0,0,7654,58
2020-08-18,Russia,NA,Kaluga Oblast,1012156,25,2,7679,60
2020-08-19,Russia,NA,Kaluga Oblast,1012156,23,0,7702,60
2020-08-20,Russia,NA,Kaluga Oblast,1012156,26,0,7728,60
2020-08-21,Russia,NA,Kaluga Oblast,1012156,31,0,7759,60
2020-08-22,Russia,NA,Kaluga Oblast,1012156,33,2,7792,62
2020-08-23,Russia,NA,Kaluga Oblast,1012156,31,0,7823,62
2020-08-24,Russia,NA,Kaluga Oblast,1012156,30,0,7853,62
2020-08-25,Russia,NA,Kaluga Oblast,1012156,29,2,7882,64
2020-08-26,Russia,NA,Kaluga Oblast,1012156,28,0,7910,64
2020-08-27,Russia,NA,Kaluga Oblast,1012156,26,3,7936,67
2020-08-28,Russia,NA,Kaluga Oblast,1012156,28,0,7964,67
2020-08-29,Russia,NA,Kaluga Oblast,1012156,29,0,7993,67
2020-08-30,Russia,NA,Kaluga Oblast,1012156,30,0,8023,67
2020-08-31,Russia,NA,Kaluga Oblast,1012156,32,0,8055,67
2020-09-01,Russia,NA,Kaluga Oblast,1012156,24,0,8079,67
2020-09-02,Russia,NA,Kaluga Oblast,1012156,29,2,8108,69
2020-09-03,Russia,NA,Kaluga Oblast,1012156,26,0,8134,69
2020-09-04,Russia,NA,Kaluga Oblast,1012156,32,0,8166,69
2020-09-05,Russia,NA,Kaluga Oblast,1012156,29,0,8195,69
2020-09-06,Russia,NA,Kaluga Oblast,1012156,27,2,8222,71
2020-09-07,Russia,NA,Kaluga Oblast,1012156,29,0,8251,71
2020-09-08,Russia,NA,Kaluga Oblast,1012156,22,0,8273,71
2020-09-09,Russia,NA,Kaluga Oblast,1012156,27,0,8300,71
2020-09-10,Russia,NA,Kaluga Oblast,1012156,29,0,8329,71
2020-09-11,Russia,NA,Kaluga Oblast,1012156,32,0,8361,71
2020-09-12,Russia,NA,Kaluga Oblast,1012156,35,0,8396,71
2020-09-13,Russia,NA,Kaluga Oblast,1012156,37,0,8433,71
2020-09-14,Russia,NA,Kaluga Oblast,1012156,39,0,8472,71
2020-09-15,Russia,NA,Kaluga Oblast,1012156,30,0,8502,71
2020-04-16,Russia,NA,Kamchatka Krai,315557,11,0,21,0
2020-04-17,Russia,NA,Kamchatka Krai,315557,8,0,29,0
2020-04-19,Russia,NA,Kamchatka Krai,315557,5,0,34,0
2020-04-20,Russia,NA,Kamchatka Krai,315557,7,0,41,0
2020-04-21,Russia,NA,Kamchatka Krai,315557,7,0,48,0
2020-04-22,Russia,NA,Kamchatka Krai,315557,15,0,63,0
2020-04-23,Russia,NA,Kamchatka Krai,315557,15,0,78,0
2020-04-24,Russia,NA,Kamchatka Krai,315557,6,0,84,0
2020-04-25,Russia,NA,Kamchatka Krai,315557,3,0,87,0
2020-04-26,Russia,NA,Kamchatka Krai,315557,23,0,110,0
2020-04-27,Russia,NA,Kamchatka Krai,315557,85,0,195,0
2020-04-28,Russia,NA,Kamchatka Krai,315557,8,0,203,0
2020-04-29,Russia,NA,Kamchatka Krai,315557,38,0,241,0
2020-04-30,Russia,NA,Kamchatka Krai,315557,24,0,265,0
2020-05-01,Russia,NA,Kamchatka Krai,315557,16,0,281,0
2020-05-02,Russia,NA,Kamchatka Krai,315557,5,0,286,0
2020-05-03,Russia,NA,Kamchatka Krai,315557,25,0,311,0
2020-05-04,Russia,NA,Kamchatka Krai,315557,28,0,339,0
2020-05-05,Russia,NA,Kamchatka Krai,315557,8,0,347,0
2020-05-06,Russia,NA,Kamchatka Krai,315557,1,0,348,0
2020-05-07,Russia,NA,Kamchatka Krai,315557,2,0,350,0
2020-05-08,Russia,NA,Kamchatka Krai,315557,3,0,353,0
2020-05-09,Russia,NA,Kamchatka Krai,315557,10,0,363,0
2020-05-10,Russia,NA,Kamchatka Krai,315557,13,0,376,0
2020-05-11,Russia,NA,Kamchatka Krai,315557,8,0,384,0
2020-05-12,Russia,NA,Kamchatka Krai,315557,14,0,398,0
2020-05-13,Russia,NA,Kamchatka Krai,315557,20,0,418,0
2020-05-14,Russia,NA,Kamchatka Krai,315557,11,0,429,0
2020-05-15,Russia,NA,Kamchatka Krai,315557,14,0,443,0
2020-05-16,Russia,NA,Kamchatka Krai,315557,18,0,461,0
2020-05-17,Russia,NA,Kamchatka Krai,315557,16,0,477,0
2020-05-18,Russia,NA,Kamchatka Krai,315557,18,0,495,0
2020-05-19,Russia,NA,Kamchatka Krai,315557,20,0,515,0
2020-05-20,Russia,NA,Kamchatka Krai,315557,21,0,536,0
2020-05-21,Russia,NA,Kamchatka Krai,315557,18,0,554,0
2020-05-22,Russia,NA,Kamchatka Krai,315557,18,0,572,0
2020-05-23,Russia,NA,Kamchatka Krai,315557,23,0,595,0
2020-05-24,Russia,NA,Kamchatka Krai,315557,32,0,627,0
2020-05-25,Russia,NA,Kamchatka Krai,315557,31,0,658,0
2020-05-26,Russia,NA,Kamchatka Krai,315557,20,0,678,0
2020-05-27,Russia,NA,Kamchatka Krai,315557,22,0,700,0
2020-05-28,Russia,NA,Kamchatka Krai,315557,25,0,725,0
2020-05-29,Russia,NA,Kamchatka Krai,315557,34,0,759,0
2020-05-30,Russia,NA,Kamchatka Krai,315557,46,0,805,0
2020-05-31,Russia,NA,Kamchatka Krai,315557,44,0,849,0
2020-06-01,Russia,NA,Kamchatka Krai,315557,32,0,881,0
2020-06-02,Russia,NA,Kamchatka Krai,315557,35,0,916,0
2020-06-03,Russia,NA,Kamchatka Krai,315557,33,0,949,0
2020-06-04,Russia,NA,Kamchatka Krai,315557,35,0,984,0
2020-06-05,Russia,NA,Kamchatka Krai,315557,49,0,1033,0
2020-06-06,Russia,NA,Kamchatka Krai,315557,52,0,1085,0
2020-06-07,Russia,NA,Kamchatka Krai,315557,40,0,1125,0
2020-06-08,Russia,NA,Kamchatka Krai,315557,43,0,1168,0
2020-06-09,Russia,NA,Kamchatka Krai,315557,46,0,1214,0
2020-06-10,Russia,NA,Kamchatka Krai,315557,41,0,1255,0
2020-06-11,Russia,NA,Kamchatka Krai,315557,51,0,1306,0
2020-06-12,Russia,NA,Kamchatka Krai,315557,54,0,1360,0
2020-06-13,Russia,NA,Kamchatka Krai,315557,49,0,1409,0
2020-06-14,Russia,NA,Kamchatka Krai,315557,45,0,1454,0
2020-06-15,Russia,NA,Kamchatka Krai,315557,42,0,1496,0
2020-06-16,Russia,NA,Kamchatka Krai,315557,40,0,1536,0
2020-06-17,Russia,NA,Kamchatka Krai,315557,39,0,1575,0
2020-06-18,Russia,NA,Kamchatka Krai,315557,42,0,1617,0
2020-06-19,Russia,NA,Kamchatka Krai,315557,45,0,1662,0
2020-06-20,Russia,NA,Kamchatka Krai,315557,52,0,1714,0
2020-06-21,Russia,NA,Kamchatka Krai,315557,41,0,1755,0
2020-06-22,Russia,NA,Kamchatka Krai,315557,38,0,1793,0
2020-06-23,Russia,NA,Kamchatka Krai,315557,41,0,1834,0
2020-06-24,Russia,NA,Kamchatka Krai,315557,93,0,1927,0
2020-06-25,Russia,NA,Kamchatka Krai,315557,42,0,1969,0
2020-06-26,Russia,NA,Kamchatka Krai,315557,39,0,2008,0
2020-06-27,Russia,NA,Kamchatka Krai,315557,44,0,2052,0
2020-06-28,Russia,NA,Kamchatka Krai,315557,41,0,2093,0
2020-06-29,Russia,NA,Kamchatka Krai,315557,52,0,2145,0
2020-06-30,Russia,NA,Kamchatka Krai,315557,45,0,2190,0
2020-07-01,Russia,NA,Kamchatka Krai,315557,55,0,2245,0
2020-07-02,Russia,NA,Kamchatka Krai,315557,48,0,2293,0
2020-07-03,Russia,NA,Kamchatka Krai,315557,41,0,2334,0
2020-07-04,Russia,NA,Kamchatka Krai,315557,46,0,2380,0
2020-07-05,Russia,NA,Kamchatka Krai,315557,42,0,2422,0
2020-07-06,Russia,NA,Kamchatka Krai,315557,47,0,2469,0
2020-07-07,Russia,NA,Kamchatka Krai,315557,45,0,2514,0
2020-07-08,Russia,NA,Kamchatka Krai,315557,46,0,2560,0
2020-07-09,Russia,NA,Kamchatka Krai,315557,42,0,2602,0
2020-07-10,Russia,NA,Kamchatka Krai,315557,38,0,2640,0
2020-07-11,Russia,NA,Kamchatka Krai,315557,36,0,2676,0
2020-07-12,Russia,NA,Kamchatka Krai,315557,37,0,2713,0
2020-07-13,Russia,NA,Kamchatka Krai,315557,44,0,2757,0
2020-07-14,Russia,NA,Kamchatka Krai,315557,41,0,2798,0
2020-07-15,Russia,NA,Kamchatka Krai,315557,42,0,2840,0
2020-07-16,Russia,NA,Kamchatka Krai,315557,36,0,2876,0
2020-07-17,Russia,NA,Kamchatka Krai,315557,34,0,2910,0
2020-07-18,Russia,NA,Kamchatka Krai,315557,35,0,2945,0
2020-07-19,Russia,NA,Kamchatka Krai,315557,37,0,2982,0
2020-07-20,Russia,NA,Kamchatka Krai,315557,35,0,3017,0
2020-07-21,Russia,NA,Kamchatka Krai,315557,34,0,3051,0
2020-07-22,Russia,NA,Kamchatka Krai,315557,35,0,3086,0
2020-07-23,Russia,NA,Kamchatka Krai,315557,36,0,3122,0
2020-07-24,Russia,NA,Kamchatka Krai,315557,38,0,3160,0
2020-07-25,Russia,NA,Kamchatka Krai,315557,41,0,3201,0
2020-07-26,Russia,NA,Kamchatka Krai,315557,39,0,3240,0
2020-07-27,Russia,NA,Kamchatka Krai,315557,30,0,3270,0
2020-07-28,Russia,NA,Kamchatka Krai,315557,19,0,3289,0
2020-07-29,Russia,NA,Kamchatka Krai,315557,25,0,3314,0
2020-07-30,Russia,NA,Kamchatka Krai,315557,22,0,3336,0
2020-07-31,Russia,NA,Kamchatka Krai,315557,26,0,3362,0
2020-08-01,Russia,NA,Kamchatka Krai,315557,16,0,3378,0
2020-08-02,Russia,NA,Kamchatka Krai,315557,23,0,3401,0
2020-08-17,Russia,NA,Kamchatka Krai,315557,0,0,3627,42
2020-08-18,Russia,NA,Kamchatka Krai,315557,14,0,3641,42
2020-08-19,Russia,NA,Kamchatka Krai,315557,13,0,3654,42
2020-08-20,Russia,NA,Kamchatka Krai,315557,13,0,3667,42
2020-08-21,Russia,NA,Kamchatka Krai,315557,70,0,3737,42
2020-08-22,Russia,NA,Kamchatka Krai,315557,11,0,3748,42
2020-08-23,Russia,NA,Kamchatka Krai,315557,11,0,3759,42
2020-08-24,Russia,NA,Kamchatka Krai,315557,9,0,3768,42
2020-08-25,Russia,NA,Kamchatka Krai,315557,11,0,3779,42
2020-08-26,Russia,NA,Kamchatka Krai,315557,12,0,3791,42
2020-08-27,Russia,NA,Kamchatka Krai,315557,12,0,3803,42
2020-08-28,Russia,NA,Kamchatka Krai,315557,13,0,3816,42
2020-08-29,Russia,NA,Kamchatka Krai,315557,12,0,3828,42
2020-08-30,Russia,NA,Kamchatka Krai,315557,13,0,3841,42
2020-08-31,Russia,NA,Kamchatka Krai,315557,11,0,3852,42
2020-09-01,Russia,NA,Kamchatka Krai,315557,12,0,3864,42
2020-09-02,Russia,NA,Kamchatka Krai,315557,13,0,3877,42
2020-09-03,Russia,NA,Kamchatka Krai,315557,24,0,3901,42
2020-09-04,Russia,NA,Kamchatka Krai,315557,14,0,3915,42
2020-09-05,Russia,NA,Kamchatka Krai,315557,14,0,3929,42
2020-09-06,Russia,NA,Kamchatka Krai,315557,13,0,3942,42
2020-09-07,Russia,NA,Kamchatka Krai,315557,13,0,3955,42
2020-09-08,Russia,NA,Kamchatka Krai,315557,12,0,3967,42
2020-09-09,Russia,NA,Kamchatka Krai,315557,14,0,3981,42
2020-09-10,Russia,NA,Kamchatka Krai,315557,15,1,3996,43
2020-09-11,Russia,NA,Kamchatka Krai,315557,30,6,4026,49
2020-09-12,Russia,NA,Kamchatka Krai,315557,27,5,4053,54
2020-09-13,Russia,NA,Kamchatka Krai,315557,25,3,4078,57
2020-09-14,Russia,NA,Kamchatka Krai,315557,21,3,4099,60
2020-09-15,Russia,NA,Kamchatka Krai,315557,23,4,4122,64
2020-04-08,Russia,NA,Karachay-Cherkessia,466305,10,0,13,0
2020-04-09,Russia,NA,Karachay-Cherkessia,466305,1,0,14,0
2020-04-10,Russia,NA,Karachay-Cherkessia,466305,3,0,17,0
2020-04-12,Russia,NA,Karachay-Cherkessia,466305,2,0,19,0
2020-04-13,Russia,NA,Karachay-Cherkessia,466305,2,0,21,0
2020-04-15,Russia,NA,Karachay-Cherkessia,466305,7,0,28,0
2020-04-16,Russia,NA,Karachay-Cherkessia,466305,7,0,35,0
2020-04-17,Russia,NA,Karachay-Cherkessia,466305,19,0,54,0
2020-04-18,Russia,NA,Karachay-Cherkessia,466305,1,0,55,0
2020-04-19,Russia,NA,Karachay-Cherkessia,466305,17,0,72,0
2020-04-20,Russia,NA,Karachay-Cherkessia,466305,20,0,92,0
2020-04-21,Russia,NA,Karachay-Cherkessia,466305,19,0,111,0
2020-04-22,Russia,NA,Karachay-Cherkessia,466305,39,0,150,0
2020-04-23,Russia,NA,Karachay-Cherkessia,466305,24,0,174,0
2020-04-24,Russia,NA,Karachay-Cherkessia,466305,25,0,199,0
2020-04-25,Russia,NA,Karachay-Cherkessia,466305,46,0,245,0
2020-04-26,Russia,NA,Karachay-Cherkessia,466305,42,0,287,0
2020-04-27,Russia,NA,Karachay-Cherkessia,466305,19,0,306,0
2020-04-28,Russia,NA,Karachay-Cherkessia,466305,13,0,319,0
2020-04-29,Russia,NA,Karachay-Cherkessia,466305,16,0,335,0
2020-04-30,Russia,NA,Karachay-Cherkessia,466305,22,0,357,0
2020-05-01,Russia,NA,Karachay-Cherkessia,466305,46,0,403,0
2020-05-02,Russia,NA,Karachay-Cherkessia,466305,14,0,417,0
2020-05-03,Russia,NA,Karachay-Cherkessia,466305,18,0,435,0
2020-05-04,Russia,NA,Karachay-Cherkessia,466305,11,0,446,0
2020-05-05,Russia,NA,Karachay-Cherkessia,466305,12,0,458,0
2020-05-06,Russia,NA,Karachay-Cherkessia,466305,4,0,462,0
2020-05-07,Russia,NA,Karachay-Cherkessia,466305,6,0,468,0
2020-05-08,Russia,NA,Karachay-Cherkessia,466305,15,0,483,0
2020-05-09,Russia,NA,Karachay-Cherkessia,466305,31,0,514,0
2020-05-10,Russia,NA,Karachay-Cherkessia,466305,18,0,532,0
2020-05-11,Russia,NA,Karachay-Cherkessia,466305,12,0,544,0
2020-05-12,Russia,NA,Karachay-Cherkessia,466305,10,0,554,0
2020-05-13,Russia,NA,Karachay-Cherkessia,466305,12,0,566,0
2020-05-14,Russia,NA,Karachay-Cherkessia,466305,27,0,593,0
2020-05-15,Russia,NA,Karachay-Cherkessia,466305,26,0,619,0
2020-05-16,Russia,NA,Karachay-Cherkessia,466305,18,0,637,0
2020-05-17,Russia,NA,Karachay-Cherkessia,466305,19,0,656,0
2020-05-18,Russia,NA,Karachay-Cherkessia,466305,15,0,671,0
2020-05-19,Russia,NA,Karachay-Cherkessia,466305,11,0,682,0
2020-05-20,Russia,NA,Karachay-Cherkessia,466305,12,0,694,0
2020-05-21,Russia,NA,Karachay-Cherkessia,466305,12,0,706,0
2020-05-22,Russia,NA,Karachay-Cherkessia,466305,11,0,717,0
2020-05-23,Russia,NA,Karachay-Cherkessia,466305,20,0,737,0
2020-05-24,Russia,NA,Karachay-Cherkessia,466305,25,0,762,0
2020-05-25,Russia,NA,Karachay-Cherkessia,466305,26,0,788,0
2020-05-26,Russia,NA,Karachay-Cherkessia,466305,31,0,819,0
2020-05-27,Russia,NA,Karachay-Cherkessia,466305,39,0,858,0
2020-05-28,Russia,NA,Karachay-Cherkessia,466305,42,0,900,0
2020-05-29,Russia,NA,Karachay-Cherkessia,466305,56,0,956,0
2020-05-30,Russia,NA,Karachay-Cherkessia,466305,54,0,1010,0
2020-05-31,Russia,NA,Karachay-Cherkessia,466305,62,0,1072,0
2020-06-01,Russia,NA,Karachay-Cherkessia,466305,70,0,1142,0
2020-06-02,Russia,NA,Karachay-Cherkessia,466305,67,0,1209,0
2020-06-03,Russia,NA,Karachay-Cherkessia,466305,72,0,1281,0
2020-06-04,Russia,NA,Karachay-Cherkessia,466305,78,0,1359,0
2020-06-05,Russia,NA,Karachay-Cherkessia,466305,76,0,1435,0
2020-06-06,Russia,NA,Karachay-Cherkessia,466305,75,0,1510,0
2020-06-07,Russia,NA,Karachay-Cherkessia,466305,75,0,1585,0
2020-06-08,Russia,NA,Karachay-Cherkessia,466305,74,0,1659,0
2020-06-09,Russia,NA,Karachay-Cherkessia,466305,75,0,1734,0
2020-06-10,Russia,NA,Karachay-Cherkessia,466305,78,0,1812,0
2020-06-11,Russia,NA,Karachay-Cherkessia,466305,82,0,1894,0
2020-06-12,Russia,NA,Karachay-Cherkessia,466305,80,0,1974,0
2020-06-13,Russia,NA,Karachay-Cherkessia,466305,89,0,2063,0
2020-06-14,Russia,NA,Karachay-Cherkessia,466305,98,0,2161,0
2020-06-15,Russia,NA,Karachay-Cherkessia,466305,99,0,2260,0
2020-06-16,Russia,NA,Karachay-Cherkessia,466305,94,0,2354,0
2020-06-17,Russia,NA,Karachay-Cherkessia,466305,97,0,2451,0
2020-06-18,Russia,NA,Karachay-Cherkessia,466305,99,0,2550,0
2020-06-19,Russia,NA,Karachay-Cherkessia,466305,94,0,2644,0
2020-06-20,Russia,NA,Karachay-Cherkessia,466305,91,0,2735,0
2020-06-21,Russia,NA,Karachay-Cherkessia,466305,85,0,2820,0
2020-06-22,Russia,NA,Karachay-Cherkessia,466305,87,0,2907,0
2020-06-23,Russia,NA,Karachay-Cherkessia,466305,81,0,2988,0
2020-06-24,Russia,NA,Karachay-Cherkessia,466305,84,0,3072,0
2020-06-25,Russia,NA,Karachay-Cherkessia,466305,82,0,3154,0
2020-06-26,Russia,NA,Karachay-Cherkessia,466305,72,0,3226,0
2020-06-27,Russia,NA,Karachay-Cherkessia,466305,84,0,3310,0
2020-06-28,Russia,NA,Karachay-Cherkessia,466305,74,0,3384,0
2020-06-29,Russia,NA,Karachay-Cherkessia,466305,69,0,3453,0
2020-06-30,Russia,NA,Karachay-Cherkessia,466305,72,0,3525,0
2020-07-01,Russia,NA,Karachay-Cherkessia,466305,79,0,3604,0
2020-07-02,Russia,NA,Karachay-Cherkessia,466305,69,0,3673,0
2020-07-03,Russia,NA,Karachay-Cherkessia,466305,62,0,3735,0
2020-07-04,Russia,NA,Karachay-Cherkessia,466305,44,0,3779,0
2020-07-05,Russia,NA,Karachay-Cherkessia,466305,43,0,3822,0
2020-07-06,Russia,NA,Karachay-Cherkessia,466305,33,0,3855,0
2020-07-07,Russia,NA,Karachay-Cherkessia,466305,32,0,3887,0
2020-07-08,Russia,NA,Karachay-Cherkessia,466305,37,0,3924,0
2020-07-09,Russia,NA,Karachay-Cherkessia,466305,38,0,3962,0
2020-07-10,Russia,NA,Karachay-Cherkessia,466305,31,0,3993,0
2020-07-11,Russia,NA,Karachay-Cherkessia,466305,29,0,4022,0
2020-07-12,Russia,NA,Karachay-Cherkessia,466305,27,0,4049,0
2020-07-13,Russia,NA,Karachay-Cherkessia,466305,21,0,4070,0
2020-07-14,Russia,NA,Karachay-Cherkessia,466305,19,0,4089,0
2020-07-15,Russia,NA,Karachay-Cherkessia,466305,25,0,4114,0
2020-07-16,Russia,NA,Karachay-Cherkessia,466305,25,0,4139,0
2020-07-17,Russia,NA,Karachay-Cherkessia,466305,28,0,4167,0
2020-07-18,Russia,NA,Karachay-Cherkessia,466305,23,0,4190,0
2020-07-19,Russia,NA,Karachay-Cherkessia,466305,27,0,4217,0
2020-07-20,Russia,NA,Karachay-Cherkessia,466305,22,0,4239,0
2020-07-21,Russia,NA,Karachay-Cherkessia,466305,25,0,4264,0
2020-07-22,Russia,NA,Karachay-Cherkessia,466305,24,0,4288,0
2020-07-23,Russia,NA,Karachay-Cherkessia,466305,27,0,4315,0
2020-07-24,Russia,NA,Karachay-Cherkessia,466305,23,0,4338,0
2020-07-25,Russia,NA,Karachay-Cherkessia,466305,21,0,4359,0
2020-07-26,Russia,NA,Karachay-Cherkessia,466305,24,0,4383,0
2020-07-27,Russia,NA,Karachay-Cherkessia,466305,19,0,4402,0
2020-07-28,Russia,NA,Karachay-Cherkessia,466305,18,0,4420,0
2020-07-29,Russia,NA,Karachay-Cherkessia,466305,8,0,4428,0
2020-07-30,Russia,NA,Karachay-Cherkessia,466305,10,0,4438,0
2020-07-31,Russia,NA,Karachay-Cherkessia,466305,9,0,4447,0
2020-08-01,Russia,NA,Karachay-Cherkessia,466305,11,0,4458,0
2020-08-02,Russia,NA,Karachay-Cherkessia,466305,12,0,4470,0
2020-08-17,Russia,NA,Karachay-Cherkessia,466305,0,0,4652,25
2020-08-18,Russia,NA,Karachay-Cherkessia,466305,18,0,4670,25
2020-08-19,Russia,NA,Karachay-Cherkessia,466305,18,0,4688,25
2020-08-20,Russia,NA,Karachay-Cherkessia,466305,21,1,4709,26
2020-08-21,Russia,NA,Karachay-Cherkessia,466305,23,0,4732,26
2020-08-22,Russia,NA,Karachay-Cherkessia,466305,31,0,4763,26
2020-08-23,Russia,NA,Karachay-Cherkessia,466305,35,0,4798,26
2020-08-24,Russia,NA,Karachay-Cherkessia,466305,32,0,4830,26
2020-08-25,Russia,NA,Karachay-Cherkessia,466305,30,0,4860,26
2020-08-26,Russia,NA,Karachay-Cherkessia,466305,38,0,4898,26
2020-08-27,Russia,NA,Karachay-Cherkessia,466305,39,0,4937,26
2020-08-28,Russia,NA,Karachay-Cherkessia,466305,39,0,4976,26
2020-08-29,Russia,NA,Karachay-Cherkessia,466305,45,0,5021,26
2020-08-30,Russia,NA,Karachay-Cherkessia,466305,45,0,5066,26
2020-08-31,Russia,NA,Karachay-Cherkessia,466305,49,0,5115,26
2020-09-01,Russia,NA,Karachay-Cherkessia,466305,48,0,5163,26
2020-09-02,Russia,NA,Karachay-Cherkessia,466305,53,0,5216,26
2020-09-03,Russia,NA,Karachay-Cherkessia,466305,56,0,5272,26
2020-09-04,Russia,NA,Karachay-Cherkessia,466305,63,2,5335,28
2020-09-05,Russia,NA,Karachay-Cherkessia,466305,64,0,5399,28
2020-09-06,Russia,NA,Karachay-Cherkessia,466305,59,0,5458,28
2020-09-07,Russia,NA,Karachay-Cherkessia,466305,65,0,5523,28
2020-09-08,Russia,NA,Karachay-Cherkessia,466305,63,0,5586,28
2020-09-09,Russia,NA,Karachay-Cherkessia,466305,65,0,5651,28
2020-09-10,Russia,NA,Karachay-Cherkessia,466305,64,0,5715,28
2020-09-11,Russia,NA,Karachay-Cherkessia,466305,62,0,5777,28
2020-09-12,Russia,NA,Karachay-Cherkessia,466305,63,0,5840,28
2020-09-13,Russia,NA,Karachay-Cherkessia,466305,59,0,5899,28
2020-09-14,Russia,NA,Karachay-Cherkessia,466305,63,0,5962,28
2020-09-15,Russia,NA,Karachay-Cherkessia,466305,65,0,6027,28
2020-04-10,Russia,NA,Kemerovo Oblast,2694877,4,0,11,0
2020-04-11,Russia,NA,Kemerovo Oblast,2694877,1,0,12,0
2020-04-13,Russia,NA,Kemerovo Oblast,2694877,2,0,14,0
2020-04-15,Russia,NA,Kemerovo Oblast,2694877,1,0,15,0
2020-04-16,Russia,NA,Kemerovo Oblast,2694877,3,0,18,0
2020-04-17,Russia,NA,Kemerovo Oblast,2694877,4,0,22,0
2020-04-18,Russia,NA,Kemerovo Oblast,2694877,4,0,26,0
2020-04-19,Russia,NA,Kemerovo Oblast,2694877,9,0,35,0
2020-04-20,Russia,NA,Kemerovo Oblast,2694877,6,0,41,0
2020-04-21,Russia,NA,Kemerovo Oblast,2694877,6,0,47,0
2020-04-22,Russia,NA,Kemerovo Oblast,2694877,9,0,56,0
2020-04-23,Russia,NA,Kemerovo Oblast,2694877,11,0,67,0
2020-04-24,Russia,NA,Kemerovo Oblast,2694877,9,0,76,0
2020-04-25,Russia,NA,Kemerovo Oblast,2694877,6,0,82,0
2020-04-26,Russia,NA,Kemerovo Oblast,2694877,21,0,103,0
2020-04-27,Russia,NA,Kemerovo Oblast,2694877,4,0,107,0
2020-04-28,Russia,NA,Kemerovo Oblast,2694877,4,0,111,0
2020-04-29,Russia,NA,Kemerovo Oblast,2694877,3,0,114,0
2020-04-30,Russia,NA,Kemerovo Oblast,2694877,12,0,126,0
2020-05-01,Russia,NA,Kemerovo Oblast,2694877,2,0,128,0
2020-05-02,Russia,NA,Kemerovo Oblast,2694877,14,0,142,0
2020-05-03,Russia,NA,Kemerovo Oblast,2694877,11,0,153,0
2020-05-04,Russia,NA,Kemerovo Oblast,2694877,13,0,166,0
2020-05-06,Russia,NA,Kemerovo Oblast,2694877,14,0,180,0
2020-05-07,Russia,NA,Kemerovo Oblast,2694877,18,0,198,0
2020-05-08,Russia,NA,Kemerovo Oblast,2694877,6,0,204,0
2020-05-09,Russia,NA,Kemerovo Oblast,2694877,10,0,214,0
2020-05-10,Russia,NA,Kemerovo Oblast,2694877,19,0,233,0
2020-05-11,Russia,NA,Kemerovo Oblast,2694877,18,0,251,0
2020-05-12,Russia,NA,Kemerovo Oblast,2694877,9,0,260,0
2020-05-13,Russia,NA,Kemerovo Oblast,2694877,9,0,269,0
2020-05-14,Russia,NA,Kemerovo Oblast,2694877,13,0,282,0
2020-05-15,Russia,NA,Kemerovo Oblast,2694877,14,0,296,0
2020-05-16,Russia,NA,Kemerovo Oblast,2694877,11,0,307,0
2020-05-17,Russia,NA,Kemerovo Oblast,2694877,14,0,321,0
2020-05-18,Russia,NA,Kemerovo Oblast,2694877,7,0,328,0
2020-05-19,Russia,NA,Kemerovo Oblast,2694877,5,0,333,0
2020-05-20,Russia,NA,Kemerovo Oblast,2694877,9,0,342,0
2020-05-21,Russia,NA,Kemerovo Oblast,2694877,23,0,365,0
2020-05-22,Russia,NA,Kemerovo Oblast,2694877,12,0,377,0
2020-05-23,Russia,NA,Kemerovo Oblast,2694877,14,0,391,0
2020-05-24,Russia,NA,Kemerovo Oblast,2694877,15,0,406,0
2020-05-25,Russia,NA,Kemerovo Oblast,2694877,12,0,418,0
2020-05-26,Russia,NA,Kemerovo Oblast,2694877,13,0,431,0
2020-05-27,Russia,NA,Kemerovo Oblast,2694877,13,0,444,0
2020-05-28,Russia,NA,Kemerovo Oblast,2694877,18,0,462,0
2020-05-29,Russia,NA,Kemerovo Oblast,2694877,20,0,482,0
2020-05-30,Russia,NA,Kemerovo Oblast,2694877,13,0,495,0
2020-05-31,Russia,NA,Kemerovo Oblast,2694877,25,0,520,0
2020-06-01,Russia,NA,Kemerovo Oblast,2694877,25,0,545,0
2020-06-02,Russia,NA,Kemerovo Oblast,2694877,44,0,589,0
2020-06-03,Russia,NA,Kemerovo Oblast,2694877,27,0,616,0
2020-06-04,Russia,NA,Kemerovo Oblast,2694877,22,0,638,0
2020-06-05,Russia,NA,Kemerovo Oblast,2694877,28,0,666,0
2020-06-06,Russia,NA,Kemerovo Oblast,2694877,19,0,685,0
2020-06-07,Russia,NA,Kemerovo Oblast,2694877,36,0,721,0
2020-06-08,Russia,NA,Kemerovo Oblast,2694877,31,0,752,0
2020-06-09,Russia,NA,Kemerovo Oblast,2694877,34,0,786,0
2020-06-10,Russia,NA,Kemerovo Oblast,2694877,48,0,834,0
2020-06-11,Russia,NA,Kemerovo Oblast,2694877,34,0,868,0
2020-06-12,Russia,NA,Kemerovo Oblast,2694877,61,0,929,0
2020-06-13,Russia,NA,Kemerovo Oblast,2694877,68,0,997,0
2020-06-14,Russia,NA,Kemerovo Oblast,2694877,22,0,1019,0
2020-06-15,Russia,NA,Kemerovo Oblast,2694877,23,0,1042,0
2020-06-16,Russia,NA,Kemerovo Oblast,2694877,20,0,1062,0
2020-06-17,Russia,NA,Kemerovo Oblast,2694877,17,0,1079,0
2020-06-18,Russia,NA,Kemerovo Oblast,2694877,20,0,1099,0
2020-06-19,Russia,NA,Kemerovo Oblast,2694877,58,0,1157,0
2020-06-20,Russia,NA,Kemerovo Oblast,2694877,61,0,1218,0
2020-06-21,Russia,NA,Kemerovo Oblast,2694877,59,0,1277,0
2020-06-22,Russia,NA,Kemerovo Oblast,2694877,75,0,1352,0
2020-06-23,Russia,NA,Kemerovo Oblast,2694877,44,0,1396,0
2020-06-24,Russia,NA,Kemerovo Oblast,2694877,28,0,1424,0
2020-06-25,Russia,NA,Kemerovo Oblast,2694877,30,0,1454,0
2020-06-26,Russia,NA,Kemerovo Oblast,2694877,34,0,1488,0
2020-06-27,Russia,NA,Kemerovo Oblast,2694877,44,0,1532,0
2020-06-28,Russia,NA,Kemerovo Oblast,2694877,47,0,1579,0
2020-06-29,Russia,NA,Kemerovo Oblast,2694877,43,0,1622,0
2020-06-30,Russia,NA,Kemerovo Oblast,2694877,40,0,1662,0
2020-07-01,Russia,NA,Kemerovo Oblast,2694877,41,0,1703,0
2020-07-02,Russia,NA,Kemerovo Oblast,2694877,41,0,1744,0
2020-07-03,Russia,NA,Kemerovo Oblast,2694877,62,0,1806,0
2020-07-04,Russia,NA,Kemerovo Oblast,2694877,67,0,1873,0
2020-07-05,Russia,NA,Kemerovo Oblast,2694877,71,0,1944,0
2020-07-06,Russia,NA,Kemerovo Oblast,2694877,74,0,2018,0
2020-07-07,Russia,NA,Kemerovo Oblast,2694877,67,0,2085,0
2020-07-08,Russia,NA,Kemerovo Oblast,2694877,49,0,2134,0
2020-07-09,Russia,NA,Kemerovo Oblast,2694877,69,0,2203,0
2020-07-10,Russia,NA,Kemerovo Oblast,2694877,77,0,2280,0
2020-07-11,Russia,NA,Kemerovo Oblast,2694877,74,0,2354,0
2020-07-12,Russia,NA,Kemerovo Oblast,2694877,52,0,2406,0
2020-07-13,Russia,NA,Kemerovo Oblast,2694877,51,0,2457,0
2020-07-14,Russia,NA,Kemerovo Oblast,2694877,50,0,2507,0
2020-07-15,Russia,NA,Kemerovo Oblast,2694877,46,0,2553,0
2020-07-16,Russia,NA,Kemerovo Oblast,2694877,49,0,2602,0
2020-07-17,Russia,NA,Kemerovo Oblast,2694877,48,0,2650,0
2020-07-18,Russia,NA,Kemerovo Oblast,2694877,45,0,2695,0
2020-07-19,Russia,NA,Kemerovo Oblast,2694877,45,0,2740,0
2020-07-20,Russia,NA,Kemerovo Oblast,2694877,56,0,2796,0
2020-07-21,Russia,NA,Kemerovo Oblast,2694877,61,0,2857,0
2020-07-22,Russia,NA,Kemerovo Oblast,2694877,62,0,2919,0
2020-07-23,Russia,NA,Kemerovo Oblast,2694877,64,0,2983,0
2020-07-24,Russia,NA,Kemerovo Oblast,2694877,67,0,3050,0
2020-07-25,Russia,NA,Kemerovo Oblast,2694877,68,0,3118,0
2020-07-26,Russia,NA,Kemerovo Oblast,2694877,75,0,3193,0
2020-07-27,Russia,NA,Kemerovo Oblast,2694877,67,0,3260,0
2020-07-28,Russia,NA,Kemerovo Oblast,2694877,69,0,3329,0
2020-07-29,Russia,NA,Kemerovo Oblast,2694877,79,0,3408,0
2020-07-30,Russia,NA,Kemerovo Oblast,2694877,73,0,3481,0
2020-07-31,Russia,NA,Kemerovo Oblast,2694877,74,0,3555,0
2020-08-01,Russia,NA,Kemerovo Oblast,2694877,72,0,3627,0
2020-08-02,Russia,NA,Kemerovo Oblast,2694877,75,0,3702,0
2020-08-17,Russia,NA,Kemerovo Oblast,2694877,0,0,5119,19
2020-08-18,Russia,NA,Kemerovo Oblast,2694877,96,1,5215,20
2020-08-19,Russia,NA,Kemerovo Oblast,2694877,91,1,5306,21
2020-08-20,Russia,NA,Kemerovo Oblast,2694877,92,0,5398,21
2020-08-21,Russia,NA,Kemerovo Oblast,2694877,93,0,5491,21
2020-08-22,Russia,NA,Kemerovo Oblast,2694877,91,0,5582,21
2020-08-23,Russia,NA,Kemerovo Oblast,2694877,95,0,5677,21
2020-08-24,Russia,NA,Kemerovo Oblast,2694877,92,0,5769,21
2020-08-25,Russia,NA,Kemerovo Oblast,2694877,98,5,5867,26
2020-08-26,Russia,NA,Kemerovo Oblast,2694877,95,4,5962,30
2020-08-27,Russia,NA,Kemerovo Oblast,2694877,98,5,6060,35
2020-08-28,Russia,NA,Kemerovo Oblast,2694877,96,6,6156,41
2020-08-29,Russia,NA,Kemerovo Oblast,2694877,93,3,6249,44
2020-08-30,Russia,NA,Kemerovo Oblast,2694877,96,0,6345,44
2020-08-31,Russia,NA,Kemerovo Oblast,2694877,92,0,6437,44
2020-09-01,Russia,NA,Kemerovo Oblast,2694877,90,1,6527,45
2020-09-02,Russia,NA,Kemerovo Oblast,2694877,88,0,6615,45
2020-09-03,Russia,NA,Kemerovo Oblast,2694877,86,0,6701,45
2020-09-04,Russia,NA,Kemerovo Oblast,2694877,90,2,6791,47
2020-09-05,Russia,NA,Kemerovo Oblast,2694877,89,1,6880,48
2020-09-06,Russia,NA,Kemerovo Oblast,2694877,85,0,6965,48
2020-09-07,Russia,NA,Kemerovo Oblast,2694877,83,0,7048,48
2020-09-08,Russia,NA,Kemerovo Oblast,2694877,85,1,7133,49
2020-09-09,Russia,NA,Kemerovo Oblast,2694877,84,0,7217,49
2020-09-10,Russia,NA,Kemerovo Oblast,2694877,87,0,7304,49
2020-09-11,Russia,NA,Kemerovo Oblast,2694877,95,0,7399,49
2020-09-12,Russia,NA,Kemerovo Oblast,2694877,93,1,7492,50
2020-09-13,Russia,NA,Kemerovo Oblast,2694877,97,0,7589,50
2020-09-14,Russia,NA,Kemerovo Oblast,2694877,105,0,7694,50
2020-09-15,Russia,NA,Kemerovo Oblast,2694877,115,5,7809,55
2020-04-05,Russia,NA,Khabarovsk Krai,1328302,1,0,11,0
2020-04-07,Russia,NA,Khabarovsk Krai,1328302,5,0,16,0
2020-04-08,Russia,NA,Khabarovsk Krai,1328302,8,0,24,0
2020-04-10,Russia,NA,Khabarovsk Krai,1328302,4,0,28,0
2020-04-11,Russia,NA,Khabarovsk Krai,1328302,1,0,29,0
2020-04-12,Russia,NA,Khabarovsk Krai,1328302,11,0,40,0
2020-04-13,Russia,NA,Khabarovsk Krai,1328302,14,0,54,0
2020-04-15,Russia,NA,Khabarovsk Krai,1328302,23,0,77,0
2020-04-16,Russia,NA,Khabarovsk Krai,1328302,14,0,91,0
2020-04-17,Russia,NA,Khabarovsk Krai,1328302,18,0,109,0
2020-04-18,Russia,NA,Khabarovsk Krai,1328302,38,0,147,0
2020-04-19,Russia,NA,Khabarovsk Krai,1328302,38,0,185,0
2020-04-20,Russia,NA,Khabarovsk Krai,1328302,30,0,215,0
2020-04-21,Russia,NA,Khabarovsk Krai,1328302,28,0,243,0
2020-04-22,Russia,NA,Khabarovsk Krai,1328302,29,0,272,0
2020-04-23,Russia,NA,Khabarovsk Krai,1328302,38,0,310,0
2020-04-24,Russia,NA,Khabarovsk Krai,1328302,41,0,351,0
2020-04-25,Russia,NA,Khabarovsk Krai,1328302,28,0,379,0
2020-04-26,Russia,NA,Khabarovsk Krai,1328302,27,0,406,0
2020-04-27,Russia,NA,Khabarovsk Krai,1328302,33,0,439,0
2020-04-28,Russia,NA,Khabarovsk Krai,1328302,28,0,467,0
2020-04-29,Russia,NA,Khabarovsk Krai,1328302,31,0,498,0
2020-04-30,Russia,NA,Khabarovsk Krai,1328302,38,0,536,0
2020-05-01,Russia,NA,Khabarovsk Krai,1328302,30,0,566,0
2020-05-02,Russia,NA,Khabarovsk Krai,1328302,29,0,595,0
2020-05-03,Russia,NA,Khabarovsk Krai,1328302,34,0,629,0
2020-05-04,Russia,NA,Khabarovsk Krai,1328302,39,0,668,0
2020-05-05,Russia,NA,Khabarovsk Krai,1328302,31,0,699,0
2020-05-06,Russia,NA,Khabarovsk Krai,1328302,39,0,738,0
2020-05-07,Russia,NA,Khabarovsk Krai,1328302,43,0,781,0
2020-05-08,Russia,NA,Khabarovsk Krai,1328302,40,0,821,0
2020-05-09,Russia,NA,Khabarovsk Krai,1328302,41,0,862,0
2020-05-10,Russia,NA,Khabarovsk Krai,1328302,34,0,896,0
2020-05-11,Russia,NA,Khabarovsk Krai,1328302,39,0,935,0
2020-05-12,Russia,NA,Khabarovsk Krai,1328302,42,0,977,0
2020-05-13,Russia,NA,Khabarovsk Krai,1328302,46,0,1023,0
2020-05-14,Russia,NA,Khabarovsk Krai,1328302,51,0,1074,0
2020-05-15,Russia,NA,Khabarovsk Krai,1328302,52,0,1126,0
2020-05-16,Russia,NA,Khabarovsk Krai,1328302,50,0,1176,0
2020-05-17,Russia,NA,Khabarovsk Krai,1328302,47,0,1223,0
2020-05-18,Russia,NA,Khabarovsk Krai,1328302,50,0,1273,0
2020-05-19,Russia,NA,Khabarovsk Krai,1328302,52,0,1325,0
2020-05-20,Russia,NA,Khabarovsk Krai,1328302,55,0,1380,0
2020-05-21,Russia,NA,Khabarovsk Krai,1328302,64,0,1444,0
2020-05-22,Russia,NA,Khabarovsk Krai,1328302,65,0,1509,0
2020-05-23,Russia,NA,Khabarovsk Krai,1328302,63,0,1572,0
2020-05-24,Russia,NA,Khabarovsk Krai,1328302,61,0,1633,0
2020-05-25,Russia,NA,Khabarovsk Krai,1328302,65,0,1698,0
2020-05-26,Russia,NA,Khabarovsk Krai,1328302,62,0,1760,0
2020-05-27,Russia,NA,Khabarovsk Krai,1328302,67,0,1827,0
2020-05-28,Russia,NA,Khabarovsk Krai,1328302,63,0,1890,0
2020-05-29,Russia,NA,Khabarovsk Krai,1328302,69,0,1959,0
2020-05-30,Russia,NA,Khabarovsk Krai,1328302,59,0,2018,0
2020-05-31,Russia,NA,Khabarovsk Krai,1328302,63,0,2081,0
2020-06-01,Russia,NA,Khabarovsk Krai,1328302,61,0,2142,0
2020-06-02,Russia,NA,Khabarovsk Krai,1328302,67,0,2209,0
2020-06-03,Russia,NA,Khabarovsk Krai,1328302,64,0,2273,0
2020-06-04,Russia,NA,Khabarovsk Krai,1328302,60,0,2333,0
2020-06-05,Russia,NA,Khabarovsk Krai,1328302,65,0,2398,0
2020-06-06,Russia,NA,Khabarovsk Krai,1328302,70,0,2468,0
2020-06-07,Russia,NA,Khabarovsk Krai,1328302,69,0,2537,0
2020-06-08,Russia,NA,Khabarovsk Krai,1328302,59,0,2596,0
2020-06-09,Russia,NA,Khabarovsk Krai,1328302,65,0,2661,0
2020-06-10,Russia,NA,Khabarovsk Krai,1328302,72,0,2733,0
2020-06-11,Russia,NA,Khabarovsk Krai,1328302,71,0,2804,0
2020-06-12,Russia,NA,Khabarovsk Krai,1328302,65,0,2869,0
2020-06-13,Russia,NA,Khabarovsk Krai,1328302,69,0,2938,0
2020-06-14,Russia,NA,Khabarovsk Krai,1328302,71,0,3009,0
2020-06-15,Russia,NA,Khabarovsk Krai,1328302,74,0,3083,0
2020-06-16,Russia,NA,Khabarovsk Krai,1328302,70,0,3153,0
2020-06-17,Russia,NA,Khabarovsk Krai,1328302,73,0,3226,0
2020-06-18,Russia,NA,Khabarovsk Krai,1328302,68,0,3294,0
2020-06-19,Russia,NA,Khabarovsk Krai,1328302,78,0,3372,0
2020-06-20,Russia,NA,Khabarovsk Krai,1328302,75,0,3447,0
2020-06-21,Russia,NA,Khabarovsk Krai,1328302,77,0,3524,0
2020-06-22,Russia,NA,Khabarovsk Krai,1328302,66,0,3590,0
2020-06-23,Russia,NA,Khabarovsk Krai,1328302,79,0,3669,0
2020-06-24,Russia,NA,Khabarovsk Krai,1328302,83,0,3752,0
2020-06-25,Russia,NA,Khabarovsk Krai,1328302,72,0,3824,0
2020-06-26,Russia,NA,Khabarovsk Krai,1328302,75,0,3899,0
2020-06-27,Russia,NA,Khabarovsk Krai,1328302,79,0,3978,0
2020-06-28,Russia,NA,Khabarovsk Krai,1328302,85,0,4063,0
2020-06-29,Russia,NA,Khabarovsk Krai,1328302,77,0,4140,0
2020-06-30,Russia,NA,Khabarovsk Krai,1328302,81,0,4221,0
2020-07-01,Russia,NA,Khabarovsk Krai,1328302,79,0,4300,0
2020-07-02,Russia,NA,Khabarovsk Krai,1328302,86,0,4386,0
2020-07-03,Russia,NA,Khabarovsk Krai,1328302,95,0,4481,0
2020-07-04,Russia,NA,Khabarovsk Krai,1328302,74,0,4555,0
2020-07-05,Russia,NA,Khabarovsk Krai,1328302,89,0,4644,0
2020-07-06,Russia,NA,Khabarovsk Krai,1328302,82,0,4726,0
2020-07-07,Russia,NA,Khabarovsk Krai,1328302,94,0,4820,0
2020-07-08,Russia,NA,Khabarovsk Krai,1328302,98,0,4918,0
2020-07-09,Russia,NA,Khabarovsk Krai,1328302,96,0,5014,0
2020-07-10,Russia,NA,Khabarovsk Krai,1328302,100,0,5114,0
2020-07-11,Russia,NA,Khabarovsk Krai,1328302,103,0,5217,0
2020-07-12,Russia,NA,Khabarovsk Krai,1328302,94,0,5311,0
2020-07-13,Russia,NA,Khabarovsk Krai,1328302,121,0,5432,0
2020-07-14,Russia,NA,Khabarovsk Krai,1328302,107,0,5539,0
2020-07-15,Russia,NA,Khabarovsk Krai,1328302,98,0,5637,0
2020-07-16,Russia,NA,Khabarovsk Krai,1328302,117,0,5754,0
2020-07-17,Russia,NA,Khabarovsk Krai,1328302,119,0,5873,0
2020-07-18,Russia,NA,Khabarovsk Krai,1328302,113,0,5986,0
2020-07-19,Russia,NA,Khabarovsk Krai,1328302,102,0,6088,0
2020-07-20,Russia,NA,Khabarovsk Krai,1328302,120,0,6208,0
2020-07-21,Russia,NA,Khabarovsk Krai,1328302,126,0,6334,0
2020-07-22,Russia,NA,Khabarovsk Krai,1328302,123,0,6457,0
2020-07-23,Russia,NA,Khabarovsk Krai,1328302,127,0,6584,0
2020-07-24,Russia,NA,Khabarovsk Krai,1328302,130,0,6714,0
2020-07-25,Russia,NA,Khabarovsk Krai,1328302,137,0,6851,0
2020-07-26,Russia,NA,Khabarovsk Krai,1328302,122,0,6973,0
2020-07-27,Russia,NA,Khabarovsk Krai,1328302,118,0,7091,0
2020-07-28,Russia,NA,Khabarovsk Krai,1328302,101,0,7192,0
2020-07-29,Russia,NA,Khabarovsk Krai,1328302,120,0,7312,0
2020-07-30,Russia,NA,Khabarovsk Krai,1328302,116,0,7428,0
2020-07-31,Russia,NA,Khabarovsk Krai,1328302,112,0,7540,0
2020-08-01,Russia,NA,Khabarovsk Krai,1328302,110,0,7650,0
2020-08-02,Russia,NA,Khabarovsk Krai,1328302,109,0,7759,0
2020-08-17,Russia,NA,Khabarovsk Krai,1328302,0,0,9086,81
2020-08-18,Russia,NA,Khabarovsk Krai,1328302,73,2,9159,83
2020-08-19,Russia,NA,Khabarovsk Krai,1328302,70,0,9229,83
2020-08-20,Russia,NA,Khabarovsk Krai,1328302,75,0,9304,83
2020-08-21,Russia,NA,Khabarovsk Krai,1328302,71,0,9375,83
2020-08-22,Russia,NA,Khabarovsk Krai,1328302,68,0,9443,83
2020-08-23,Russia,NA,Khabarovsk Krai,1328302,82,0,9525,83
2020-08-24,Russia,NA,Khabarovsk Krai,1328302,68,0,9593,83
2020-08-25,Russia,NA,Khabarovsk Krai,1328302,125,1,9718,84
2020-08-26,Russia,NA,Khabarovsk Krai,1328302,77,1,9795,85
2020-08-27,Russia,NA,Khabarovsk Krai,1328302,65,1,9860,86
2020-08-28,Russia,NA,Khabarovsk Krai,1328302,50,1,9910,87
2020-08-29,Russia,NA,Khabarovsk Krai,1328302,62,0,9972,87
2020-08-30,Russia,NA,Khabarovsk Krai,1328302,61,2,10033,89
2020-08-31,Russia,NA,Khabarovsk Krai,1328302,68,1,10101,90
2020-09-01,Russia,NA,Khabarovsk Krai,1328302,49,1,10150,91
2020-09-02,Russia,NA,Khabarovsk Krai,1328302,86,1,10236,92
2020-09-03,Russia,NA,Khabarovsk Krai,1328302,73,1,10309,93
2020-09-04,Russia,NA,Khabarovsk Krai,1328302,60,0,10369,93
2020-09-05,Russia,NA,Khabarovsk Krai,1328302,50,0,10419,93
2020-09-06,Russia,NA,Khabarovsk Krai,1328302,53,0,10472,93
2020-09-07,Russia,NA,Khabarovsk Krai,1328302,47,0,10519,93
2020-09-08,Russia,NA,Khabarovsk Krai,1328302,57,1,10576,94
2020-09-09,Russia,NA,Khabarovsk Krai,1328302,62,0,10638,94
2020-09-10,Russia,NA,Khabarovsk Krai,1328302,67,1,10705,95
2020-09-11,Russia,NA,Khabarovsk Krai,1328302,77,0,10782,95
2020-09-12,Russia,NA,Khabarovsk Krai,1328302,72,0,10854,95
2020-09-13,Russia,NA,Khabarovsk Krai,1328302,69,0,10923,95
2020-09-14,Russia,NA,Khabarovsk Krai,1328302,70,1,10993,96
2020-09-15,Russia,NA,Khabarovsk Krai,1328302,66,1,11059,97
2020-04-11,Russia,NA,Khakassia,537513,3,0,12,0
2020-04-14,Russia,NA,Khakassia,537513,8,0,20,0
2020-04-15,Russia,NA,Khakassia,537513,6,0,26,0
2020-04-16,Russia,NA,Khakassia,537513,1,0,27,0
2020-04-17,Russia,NA,Khakassia,537513,11,0,38,0
2020-04-18,Russia,NA,Khakassia,537513,8,0,46,0
2020-04-19,Russia,NA,Khakassia,537513,22,0,68,0
2020-04-20,Russia,NA,Khakassia,537513,8,0,76,0
2020-04-21,Russia,NA,Khakassia,537513,8,0,84,0
2020-04-22,Russia,NA,Khakassia,537513,3,0,87,0
2020-04-23,Russia,NA,Khakassia,537513,12,0,99,0
2020-04-24,Russia,NA,Khakassia,537513,3,0,102,0
2020-04-25,Russia,NA,Khakassia,537513,49,0,151,0
2020-04-26,Russia,NA,Khakassia,537513,25,0,176,0
2020-04-27,Russia,NA,Khakassia,537513,8,0,184,0
2020-04-28,Russia,NA,Khakassia,537513,22,0,206,0
2020-04-29,Russia,NA,Khakassia,537513,22,0,228,0
2020-04-30,Russia,NA,Khakassia,537513,4,0,232,0
2020-05-01,Russia,NA,Khakassia,537513,25,0,257,0
2020-05-02,Russia,NA,Khakassia,537513,9,0,266,0
2020-05-03,Russia,NA,Khakassia,537513,6,0,272,0
2020-05-04,Russia,NA,Khakassia,537513,30,0,302,0
2020-05-05,Russia,NA,Khakassia,537513,16,0,318,0
2020-05-06,Russia,NA,Khakassia,537513,22,0,340,0
2020-05-07,Russia,NA,Khakassia,537513,12,0,352,0
2020-05-08,Russia,NA,Khakassia,537513,15,0,367,0
2020-05-09,Russia,NA,Khakassia,537513,36,0,403,0
2020-05-10,Russia,NA,Khakassia,537513,22,0,425,0
2020-05-11,Russia,NA,Khakassia,537513,41,0,466,0
2020-05-12,Russia,NA,Khakassia,537513,37,0,503,0
2020-05-13,Russia,NA,Khakassia,537513,21,0,524,0
2020-05-14,Russia,NA,Khakassia,537513,8,0,532,0
2020-05-15,Russia,NA,Khakassia,537513,25,0,557,0
2020-05-16,Russia,NA,Khakassia,537513,38,0,595,0
2020-05-17,Russia,NA,Khakassia,537513,23,0,618,0
2020-05-18,Russia,NA,Khakassia,537513,24,0,642,0
2020-05-19,Russia,NA,Khakassia,537513,25,0,667,0
2020-05-20,Russia,NA,Khakassia,537513,28,0,695,0
2020-05-21,Russia,NA,Khakassia,537513,29,0,724,0
2020-05-22,Russia,NA,Khakassia,537513,23,0,747,0
2020-05-23,Russia,NA,Khakassia,537513,31,0,778,0
2020-05-24,Russia,NA,Khakassia,537513,11,0,789,0
2020-05-25,Russia,NA,Khakassia,537513,24,0,813,0
2020-05-26,Russia,NA,Khakassia,537513,23,0,836,0
2020-05-27,Russia,NA,Khakassia,537513,20,0,856,0
2020-05-28,Russia,NA,Khakassia,537513,22,0,878,0
2020-05-29,Russia,NA,Khakassia,537513,32,0,910,0
2020-05-30,Russia,NA,Khakassia,537513,30,0,940,0
2020-05-31,Russia,NA,Khakassia,537513,24,0,964,0
2020-06-01,Russia,NA,Khakassia,537513,21,0,985,0
2020-06-02,Russia,NA,Khakassia,537513,35,0,1020,0
2020-06-03,Russia,NA,Khakassia,537513,32,0,1052,0
2020-06-04,Russia,NA,Khakassia,537513,25,0,1077,0
2020-06-05,Russia,NA,Khakassia,537513,25,0,1102,0
2020-06-06,Russia,NA,Khakassia,537513,9,0,1111,0
2020-06-07,Russia,NA,Khakassia,537513,17,0,1128,0
2020-06-08,Russia,NA,Khakassia,537513,13,0,1141,0
2020-06-09,Russia,NA,Khakassia,537513,24,0,1165,0
2020-06-10,Russia,NA,Khakassia,537513,26,0,1191,0
2020-06-11,Russia,NA,Khakassia,537513,38,0,1229,0
2020-06-12,Russia,NA,Khakassia,537513,37,0,1266,0
2020-06-13,Russia,NA,Khakassia,537513,33,0,1299,0
2020-06-14,Russia,NA,Khakassia,537513,33,0,1332,0
2020-06-15,Russia,NA,Khakassia,537513,24,0,1356,0
2020-06-16,Russia,NA,Khakassia,537513,25,0,1381,0
2020-06-17,Russia,NA,Khakassia,537513,28,0,1409,0
2020-06-18,Russia,NA,Khakassia,537513,35,0,1444,0
2020-06-19,Russia,NA,Khakassia,537513,46,0,1490,0
2020-06-20,Russia,NA,Khakassia,537513,47,0,1537,0
2020-06-21,Russia,NA,Khakassia,537513,46,0,1583,0
2020-06-22,Russia,NA,Khakassia,537513,29,0,1612,0
2020-06-23,Russia,NA,Khakassia,537513,19,0,1631,0
2020-06-24,Russia,NA,Khakassia,537513,30,0,1661,0
2020-06-25,Russia,NA,Khakassia,537513,35,0,1696,0
2020-06-26,Russia,NA,Khakassia,537513,39,0,1735,0
2020-06-27,Russia,NA,Khakassia,537513,36,0,1771,0
2020-06-28,Russia,NA,Khakassia,537513,41,0,1812,0
2020-06-29,Russia,NA,Khakassia,537513,32,0,1844,0
2020-06-30,Russia,NA,Khakassia,537513,28,0,1872,0
2020-07-01,Russia,NA,Khakassia,537513,32,0,1904,0
2020-07-02,Russia,NA,Khakassia,537513,31,0,1935,0
2020-07-03,Russia,NA,Khakassia,537513,38,0,1973,0
2020-07-04,Russia,NA,Khakassia,537513,40,0,2013,0
2020-07-05,Russia,NA,Khakassia,537513,42,0,2055,0
2020-07-06,Russia,NA,Khakassia,537513,28,0,2083,0
2020-07-07,Russia,NA,Khakassia,537513,26,0,2109,0
2020-07-08,Russia,NA,Khakassia,537513,33,0,2142,0
2020-07-09,Russia,NA,Khakassia,537513,45,0,2187,0
2020-07-10,Russia,NA,Khakassia,537513,49,0,2236,0
2020-07-11,Russia,NA,Khakassia,537513,49,0,2285,0
2020-07-12,Russia,NA,Khakassia,537513,44,0,2329,0
2020-07-13,Russia,NA,Khakassia,537513,45,0,2374,0
2020-07-14,Russia,NA,Khakassia,537513,41,0,2415,0
2020-07-15,Russia,NA,Khakassia,537513,35,0,2450,0
2020-07-16,Russia,NA,Khakassia,537513,34,0,2484,0
2020-07-17,Russia,NA,Khakassia,537513,36,0,2520,0
2020-07-18,Russia,NA,Khakassia,537513,38,0,2558,0
2020-07-19,Russia,NA,Khakassia,537513,37,0,2595,0
2020-07-20,Russia,NA,Khakassia,537513,33,0,2628,0
2020-07-21,Russia,NA,Khakassia,537513,21,0,2649,0
2020-07-22,Russia,NA,Khakassia,537513,19,0,2668,0
2020-07-23,Russia,NA,Khakassia,537513,21,0,2689,0
2020-07-24,Russia,NA,Khakassia,537513,20,0,2709,0
2020-07-25,Russia,NA,Khakassia,537513,21,0,2730,0
2020-07-26,Russia,NA,Khakassia,537513,19,0,2749,0
2020-07-27,Russia,NA,Khakassia,537513,20,0,2769,0
2020-07-28,Russia,NA,Khakassia,537513,17,0,2786,0
2020-07-29,Russia,NA,Khakassia,537513,16,0,2802,0
2020-07-30,Russia,NA,Khakassia,537513,16,0,2818,0
2020-07-31,Russia,NA,Khakassia,537513,18,0,2836,0
2020-08-01,Russia,NA,Khakassia,537513,19,0,2855,0
2020-08-02,Russia,NA,Khakassia,537513,21,0,2876,0
2020-08-17,Russia,NA,Khakassia,537513,0,0,3161,37
2020-08-18,Russia,NA,Khakassia,537513,16,0,3177,37
2020-08-19,Russia,NA,Khakassia,537513,18,1,3195,38
2020-08-20,Russia,NA,Khakassia,537513,19,1,3214,39
2020-08-21,Russia,NA,Khakassia,537513,20,0,3234,39
2020-08-22,Russia,NA,Khakassia,537513,19,0,3253,39
2020-08-23,Russia,NA,Khakassia,537513,18,0,3271,39
2020-08-24,Russia,NA,Khakassia,537513,18,0,3289,39
2020-08-25,Russia,NA,Khakassia,537513,19,0,3308,39
2020-08-26,Russia,NA,Khakassia,537513,18,0,3326,39
2020-08-27,Russia,NA,Khakassia,537513,19,2,3345,41
2020-08-28,Russia,NA,Khakassia,537513,17,1,3362,42
2020-08-29,Russia,NA,Khakassia,537513,17,0,3379,42
2020-08-30,Russia,NA,Khakassia,537513,17,0,3396,42
2020-08-31,Russia,NA,Khakassia,537513,19,0,3415,42
2020-09-01,Russia,NA,Khakassia,537513,19,1,3434,43
2020-09-02,Russia,NA,Khakassia,537513,21,2,3455,45
2020-09-03,Russia,NA,Khakassia,537513,23,0,3478,45
2020-09-04,Russia,NA,Khakassia,537513,25,0,3503,45
2020-09-05,Russia,NA,Khakassia,537513,26,2,3529,47
2020-09-06,Russia,NA,Khakassia,537513,27,0,3556,47
2020-09-07,Russia,NA,Khakassia,537513,27,0,3583,47
2020-09-08,Russia,NA,Khakassia,537513,28,0,3611,47
2020-09-09,Russia,NA,Khakassia,537513,30,0,3641,47
2020-09-10,Russia,NA,Khakassia,537513,33,0,3674,47
2020-09-11,Russia,NA,Khakassia,537513,34,0,3708,47
2020-09-12,Russia,NA,Khakassia,537513,33,0,3741,47
2020-09-13,Russia,NA,Khakassia,537513,33,0,3774,47
2020-09-14,Russia,NA,Khakassia,537513,32,0,3806,47
2020-09-15,Russia,NA,Khakassia,537513,29,0,3835,47
2020-04-03,Russia,NA,Khanty-Mansi Avtonomnyy Okrug,1625501,8,0,16,0
2020-04-05,Russia,NA,Khanty-Mansi Avtonomnyy Okrug,1625501,3,0,19,0
2020-04-07,Russia,NA,Khanty-Mansi Avtonomnyy Okrug,1625501,19,0,38,0
2020-04-08,Russia,NA,Khanty-Mansi Avtonomnyy Okrug,1625501,3,0,41,0
2020-04-14,Russia,NA,Khanty-Mansi Avtonomnyy Okrug,1625501,15,0,56,0
2020-04-15,Russia,NA,Khanty-Mansi Avtonomnyy Okrug,1625501,15,0,71,0
2020-04-16,Russia,NA,Khanty-Mansi Avtonomnyy Okrug,1625501,39,0,110,0
2020-04-17,Russia,NA,Khanty-Mansi Avtonomnyy Okrug,1625501,18,0,128,0
2020-04-18,Russia,NA,Khanty-Mansi Avtonomnyy Okrug,1625501,33,0,161,0
2020-04-19,Russia,NA,Khanty-Mansi Avtonomnyy Okrug,1625501,14,0,175,0
2020-04-20,Russia,NA,Khanty-Mansi Avtonomnyy Okrug,1625501,13,0,188,0
2020-04-21,Russia,NA,Khanty-Mansi Avtonomnyy Okrug,1625501,9,0,197,0
2020-04-22,Russia,NA,Khanty-Mansi Avtonomnyy Okrug,1625501,6,0,203,0
2020-04-23,Russia,NA,Khanty-Mansi Avtonomnyy Okrug,1625501,12,0,215,0
2020-04-24,Russia,NA,Khanty-Mansi Avtonomnyy Okrug,1625501,2,0,217,0
2020-04-25,Russia,NA,Khanty-Mansi Avtonomnyy Okrug,1625501,16,0,233,0
2020-04-26,Russia,NA,Khanty-Mansi Avtonomnyy Okrug,1625501,41,0,274,0
2020-04-27,Russia,NA,Khanty-Mansi Avtonomnyy Okrug,1625501,23,0,297,0
2020-04-28,Russia,NA,Khanty-Mansi Avtonomnyy Okrug,1625501,41,0,338,0
2020-04-29,Russia,NA,Khanty-Mansi Avtonomnyy Okrug,1625501,28,0,366,0
2020-04-30,Russia,NA,Khanty-Mansi Avtonomnyy Okrug,1625501,21,0,387,0
2020-05-01,Russia,NA,Khanty-Mansi Avtonomnyy Okrug,1625501,18,0,405,0
2020-05-02,Russia,NA,Khanty-Mansi Avtonomnyy Okrug,1625501,9,0,414,0
2020-05-03,Russia,NA,Khanty-Mansi Avtonomnyy Okrug,1625501,35,0,449,0
2020-05-04,Russia,NA,Khanty-Mansi Avtonomnyy Okrug,1625501,18,0,467,0
2020-05-05,Russia,NA,Khanty-Mansi Avtonomnyy Okrug,1625501,41,0,508,0
2020-05-06,Russia,NA,Khanty-Mansi Avtonomnyy Okrug,1625501,29,0,537,0
2020-05-07,Russia,NA,Khanty-Mansi Avtonomnyy Okrug,1625501,14,0,551,0
2020-05-08,Russia,NA,Khanty-Mansi Avtonomnyy Okrug,1625501,32,0,583,0
2020-05-09,Russia,NA,Khanty-Mansi Avtonomnyy Okrug,1625501,43,0,626,0
2020-05-10,Russia,NA,Khanty-Mansi Avtonomnyy Okrug,1625501,67,0,693,0
2020-05-11,Russia,NA,Khanty-Mansi Avtonomnyy Okrug,1625501,84,0,777,0
2020-05-12,Russia,NA,Khanty-Mansi Avtonomnyy Okrug,1625501,45,0,822,0
2020-05-13,Russia,NA,Khanty-Mansi Avtonomnyy Okrug,1625501,43,0,865,0
2020-05-14,Russia,NA,Khanty-Mansi Avtonomnyy Okrug,1625501,61,0,926,0
2020-05-15,Russia,NA,Khanty-Mansi Avtonomnyy Okrug,1625501,39,0,965,0
2020-05-16,Russia,NA,Khanty-Mansi Avtonomnyy Okrug,1625501,83,0,1048,0
2020-05-17,Russia,NA,Khanty-Mansi Avtonomnyy Okrug,1625501,118,0,1166,0
2020-05-18,Russia,NA,Khanty-Mansi Avtonomnyy Okrug,1625501,86,0,1252,0
2020-05-19,Russia,NA,Khanty-Mansi Avtonomnyy Okrug,1625501,56,0,1308,0
2020-05-20,Russia,NA,Khanty-Mansi Avtonomnyy Okrug,1625501,63,0,1371,0
2020-05-21,Russia,NA,Khanty-Mansi Avtonomnyy Okrug,1625501,59,0,1430,0
2020-05-22,Russia,NA,Khanty-Mansi Avtonomnyy Okrug,1625501,80,0,1510,0
2020-05-23,Russia,NA,Khanty-Mansi Avtonomnyy Okrug,1625501,58,0,1568,0
2020-05-24,Russia,NA,Khanty-Mansi Avtonomnyy Okrug,1625501,102,0,1670,0
2020-05-25,Russia,NA,Khanty-Mansi Avtonomnyy Okrug,1625501,85,0,1755,0
2020-05-26,Russia,NA,Khanty-Mansi Avtonomnyy Okrug,1625501,94,0,1849,0
2020-05-27,Russia,NA,Khanty-Mansi Avtonomnyy Okrug,1625501,75,0,1924,0
2020-05-28,Russia,NA,Khanty-Mansi Avtonomnyy Okrug,1625501,104,0,2028,0
2020-05-29,Russia,NA,Khanty-Mansi Avtonomnyy Okrug,1625501,105,0,2133,0
2020-05-30,Russia,NA,Khanty-Mansi Avtonomnyy Okrug,1625501,167,0,2300,0
2020-05-31,Russia,NA,Khanty-Mansi Avtonomnyy Okrug,1625501,136,0,2436,0
2020-06-01,Russia,NA,Khanty-Mansi Avtonomnyy Okrug,1625501,151,0,2587,0
2020-06-02,Russia,NA,Khanty-Mansi Avtonomnyy Okrug,1625501,149,0,2736,0
2020-06-03,Russia,NA,Khanty-Mansi Avtonomnyy Okrug,1625501,111,0,2847,0
2020-06-04,Russia,NA,Khanty-Mansi Avtonomnyy Okrug,1625501,140,0,2987,0
2020-06-05,Russia,NA,Khanty-Mansi Avtonomnyy Okrug,1625501,117,0,3104,0
2020-06-06,Russia,NA,Khanty-Mansi Avtonomnyy Okrug,1625501,127,0,3231,0
2020-06-07,Russia,NA,Khanty-Mansi Avtonomnyy Okrug,1625501,115,0,3346,0
2020-06-08,Russia,NA,Khanty-Mansi Avtonomnyy Okrug,1625501,129,0,3475,0
2020-06-09,Russia,NA,Khanty-Mansi Avtonomnyy Okrug,1625501,149,0,3624,0
2020-06-10,Russia,NA,Khanty-Mansi Avtonomnyy Okrug,1625501,197,0,3821,0
2020-06-11,Russia,NA,Khanty-Mansi Avtonomnyy Okrug,1625501,186,0,4007,0
2020-06-12,Russia,NA,Khanty-Mansi Avtonomnyy Okrug,1625501,150,0,4157,0
2020-06-13,Russia,NA,Khanty-Mansi Avtonomnyy Okrug,1625501,183,0,4340,0
2020-06-14,Russia,NA,Khanty-Mansi Avtonomnyy Okrug,1625501,229,0,4569,0
2020-06-15,Russia,NA,Khanty-Mansi Avtonomnyy Okrug,1625501,184,0,4753,0
2020-06-16,Russia,NA,Khanty-Mansi Avtonomnyy Okrug,1625501,220,0,4973,0
2020-06-17,Russia,NA,Khanty-Mansi Avtonomnyy Okrug,1625501,237,0,5210,0
2020-06-18,Russia,NA,Khanty-Mansi Avtonomnyy Okrug,1625501,243,0,5453,0
2020-06-19,Russia,NA,Khanty-Mansi Avtonomnyy Okrug,1625501,259,0,5712,0
2020-06-20,Russia,NA,Khanty-Mansi Avtonomnyy Okrug,1625501,280,0,5992,0
2020-06-21,Russia,NA,Khanty-Mansi Avtonomnyy Okrug,1625501,294,0,6286,0
2020-06-22,Russia,NA,Khanty-Mansi Avtonomnyy Okrug,1625501,295,0,6581,0
2020-06-23,Russia,NA,Khanty-Mansi Avtonomnyy Okrug,1625501,319,0,6900,0
2020-06-24,Russia,NA,Khanty-Mansi Avtonomnyy Okrug,1625501,323,0,7223,0
2020-06-25,Russia,NA,Khanty-Mansi Avtonomnyy Okrug,1625501,319,0,7542,0
2020-06-26,Russia,NA,Khanty-Mansi Avtonomnyy Okrug,1625501,295,0,7837,0
2020-06-27,Russia,NA,Khanty-Mansi Avtonomnyy Okrug,1625501,280,0,8117,0
2020-06-28,Russia,NA,Khanty-Mansi Avtonomnyy Okrug,1625501,285,0,8402,0
2020-06-29,Russia,NA,Khanty-Mansi Avtonomnyy Okrug,1625501,277,0,8679,0
2020-06-30,Russia,NA,Khanty-Mansi Avtonomnyy Okrug,1625501,279,0,8958,0
2020-07-01,Russia,NA,Khanty-Mansi Avtonomnyy Okrug,1625501,261,0,9219,0
2020-07-02,Russia,NA,Khanty-Mansi Avtonomnyy Okrug,1625501,266,0,9485,0
2020-07-03,Russia,NA,Khanty-Mansi Avtonomnyy Okrug,1625501,271,0,9756,0
2020-07-04,Russia,NA,Khanty-Mansi Avtonomnyy Okrug,1625501,273,0,10029,0
2020-07-05,Russia,NA,Khanty-Mansi Avtonomnyy Okrug,1625501,272,0,10301,0
2020-07-06,Russia,NA,Khanty-Mansi Avtonomnyy Okrug,1625501,289,0,10590,0
2020-07-07,Russia,NA,Khanty-Mansi Avtonomnyy Okrug,1625501,283,0,10873,0
2020-07-08,Russia,NA,Khanty-Mansi Avtonomnyy Okrug,1625501,268,0,11141,0
2020-07-09,Russia,NA,Khanty-Mansi Avtonomnyy Okrug,1625501,265,0,11406,0
2020-07-10,Russia,NA,Khanty-Mansi Avtonomnyy Okrug,1625501,263,0,11669,0
2020-07-11,Russia,NA,Khanty-Mansi Avtonomnyy Okrug,1625501,268,0,11937,0
2020-07-12,Russia,NA,Khanty-Mansi Avtonomnyy Okrug,1625501,267,0,12204,0
2020-07-13,Russia,NA,Khanty-Mansi Avtonomnyy Okrug,1625501,270,0,12474,0
2020-07-14,Russia,NA,Khanty-Mansi Avtonomnyy Okrug,1625501,268,0,12742,0
2020-07-15,Russia,NA,Khanty-Mansi Avtonomnyy Okrug,1625501,251,0,12993,0
2020-07-16,Russia,NA,Khanty-Mansi Avtonomnyy Okrug,1625501,252,0,13245,0
2020-07-17,Russia,NA,Khanty-Mansi Avtonomnyy Okrug,1625501,249,0,13494,0
2020-07-18,Russia,NA,Khanty-Mansi Avtonomnyy Okrug,1625501,247,0,13741,0
2020-07-19,Russia,NA,Khanty-Mansi Avtonomnyy Okrug,1625501,237,0,13978,0
2020-07-20,Russia,NA,Khanty-Mansi Avtonomnyy Okrug,1625501,236,0,14214,0
2020-07-21,Russia,NA,Khanty-Mansi Avtonomnyy Okrug,1625501,228,0,14442,0
2020-07-22,Russia,NA,Khanty-Mansi Avtonomnyy Okrug,1625501,221,0,14663,0
2020-07-23,Russia,NA,Khanty-Mansi Avtonomnyy Okrug,1625501,198,0,14861,0
2020-07-24,Russia,NA,Khanty-Mansi Avtonomnyy Okrug,1625501,196,0,15057,0
2020-07-25,Russia,NA,Khanty-Mansi Avtonomnyy Okrug,1625501,193,0,15250,0
2020-07-26,Russia,NA,Khanty-Mansi Avtonomnyy Okrug,1625501,192,0,15442,0
2020-07-27,Russia,NA,Khanty-Mansi Avtonomnyy Okrug,1625501,188,0,15630,0
2020-07-28,Russia,NA,Khanty-Mansi Avtonomnyy Okrug,1625501,187,0,15817,0
2020-07-29,Russia,NA,Khanty-Mansi Avtonomnyy Okrug,1625501,173,0,15990,0
2020-07-30,Russia,NA,Khanty-Mansi Avtonomnyy Okrug,1625501,172,0,16162,0
2020-07-31,Russia,NA,Khanty-Mansi Avtonomnyy Okrug,1625501,171,0,16333,0
2020-08-01,Russia,NA,Khanty-Mansi Avtonomnyy Okrug,1625501,170,0,16503,0
2020-08-02,Russia,NA,Khanty-Mansi Avtonomnyy Okrug,1625501,168,0,16671,0
2020-08-17,Russia,NA,Khanty-Mansi Avtonomnyy Okrug,1625501,0,0,18592,150
2020-08-18,Russia,NA,Khanty-Mansi Avtonomnyy Okrug,1625501,72,1,18664,151
2020-08-19,Russia,NA,Khanty-Mansi Avtonomnyy Okrug,1625501,83,2,18747,153
2020-08-20,Russia,NA,Khanty-Mansi Avtonomnyy Okrug,1625501,84,1,18831,154
2020-08-21,Russia,NA,Khanty-Mansi Avtonomnyy Okrug,1625501,85,1,18916,155
2020-08-22,Russia,NA,Khanty-Mansi Avtonomnyy Okrug,1625501,83,1,18999,156
2020-08-23,Russia,NA,Khanty-Mansi Avtonomnyy Okrug,1625501,77,1,19076,157
2020-08-24,Russia,NA,Khanty-Mansi Avtonomnyy Okrug,1625501,76,1,19152,158
2020-08-25,Russia,NA,Khanty-Mansi Avtonomnyy Okrug,1625501,69,2,19221,160
2020-08-26,Russia,NA,Khanty-Mansi Avtonomnyy Okrug,1625501,64,1,19285,161
2020-08-27,Russia,NA,Khanty-Mansi Avtonomnyy Okrug,1625501,65,1,19350,162
2020-08-28,Russia,NA,Khanty-Mansi Avtonomnyy Okrug,1625501,64,1,19414,163
2020-08-29,Russia,NA,Khanty-Mansi Avtonomnyy Okrug,1625501,64,1,19478,164
2020-08-30,Russia,NA,Khanty-Mansi Avtonomnyy Okrug,1625501,65,1,19543,165
2020-08-31,Russia,NA,Khanty-Mansi Avtonomnyy Okrug,1625501,66,1,19609,166
2020-09-01,Russia,NA,Khanty-Mansi Avtonomnyy Okrug,1625501,67,1,19676,167
2020-09-02,Russia,NA,Khanty-Mansi Avtonomnyy Okrug,1625501,68,2,19744,169
2020-09-03,Russia,NA,Khanty-Mansi Avtonomnyy Okrug,1625501,72,1,19816,170
2020-09-04,Russia,NA,Khanty-Mansi Avtonomnyy Okrug,1625501,75,2,19891,172
2020-09-05,Russia,NA,Khanty-Mansi Avtonomnyy Okrug,1625501,76,2,19967,174
2020-09-06,Russia,NA,Khanty-Mansi Avtonomnyy Okrug,1625501,78,0,20045,174
2020-09-07,Russia,NA,Khanty-Mansi Avtonomnyy Okrug,1625501,76,1,20121,175
2020-09-08,Russia,NA,Khanty-Mansi Avtonomnyy Okrug,1625501,72,0,20193,175
2020-09-09,Russia,NA,Khanty-Mansi Avtonomnyy Okrug,1625501,77,1,20270,176
2020-09-10,Russia,NA,Khanty-Mansi Avtonomnyy Okrug,1625501,80,0,20350,176
2020-09-11,Russia,NA,Khanty-Mansi Avtonomnyy Okrug,1625501,80,1,20430,177
2020-09-12,Russia,NA,Khanty-Mansi Avtonomnyy Okrug,1625501,75,0,20505,177
2020-09-13,Russia,NA,Khanty-Mansi Avtonomnyy Okrug,1625501,78,0,20583,177
2020-09-14,Russia,NA,Khanty-Mansi Avtonomnyy Okrug,1625501,82,0,20665,177
2020-09-15,Russia,NA,Khanty-Mansi Avtonomnyy Okrug,1625501,83,1,20748,178
2020-03-30,Russia,NA,Kirov Oblast,1283238,3,0,12,0
2020-04-03,Russia,NA,Kirov Oblast,1283238,3,0,15,0
2020-04-04,Russia,NA,Kirov Oblast,1283238,3,0,18,0
2020-04-07,Russia,NA,Kirov Oblast,1283238,2,0,20,0
2020-04-09,Russia,NA,Kirov Oblast,1283238,8,0,28,0
2020-04-10,Russia,NA,Kirov Oblast,1283238,1,0,29,0
2020-04-11,Russia,NA,Kirov Oblast,1283238,6,0,35,0
2020-04-12,Russia,NA,Kirov Oblast,1283238,1,0,36,0
2020-04-13,Russia,NA,Kirov Oblast,1283238,15,0,51,0
2020-04-15,Russia,NA,Kirov Oblast,1283238,13,0,64,0
2020-04-16,Russia,NA,Kirov Oblast,1283238,9,0,73,0
2020-04-17,Russia,NA,Kirov Oblast,1283238,18,0,91,0
2020-04-18,Russia,NA,Kirov Oblast,1283238,20,0,111,0
2020-04-19,Russia,NA,Kirov Oblast,1283238,39,0,150,0
2020-04-20,Russia,NA,Kirov Oblast,1283238,19,0,169,0
2020-04-21,Russia,NA,Kirov Oblast,1283238,19,0,188,0
2020-04-22,Russia,NA,Kirov Oblast,1283238,28,0,216,0
2020-04-23,Russia,NA,Kirov Oblast,1283238,24,0,240,0
2020-04-24,Russia,NA,Kirov Oblast,1283238,36,0,276,0
2020-04-25,Russia,NA,Kirov Oblast,1283238,40,0,316,0
2020-04-26,Russia,NA,Kirov Oblast,1283238,46,0,362,0
2020-04-27,Russia,NA,Kirov Oblast,1283238,26,0,388,0
2020-04-28,Russia,NA,Kirov Oblast,1283238,35,0,423,0
2020-04-29,Russia,NA,Kirov Oblast,1283238,43,0,466,0
2020-04-30,Russia,NA,Kirov Oblast,1283238,27,0,493,0
2020-05-01,Russia,NA,Kirov Oblast,1283238,18,0,511,0
2020-05-02,Russia,NA,Kirov Oblast,1283238,32,0,543,0
2020-05-03,Russia,NA,Kirov Oblast,1283238,42,0,585,0
2020-05-04,Russia,NA,Kirov Oblast,1283238,33,0,618,0
2020-05-05,Russia,NA,Kirov Oblast,1283238,26,0,644,0
2020-05-06,Russia,NA,Kirov Oblast,1283238,17,0,661,0
2020-05-07,Russia,NA,Kirov Oblast,1283238,25,0,686,0
2020-05-08,Russia,NA,Kirov Oblast,1283238,32,0,718,0
2020-05-09,Russia,NA,Kirov Oblast,1283238,43,0,761,0
2020-05-10,Russia,NA,Kirov Oblast,1283238,46,0,807,0
2020-05-11,Russia,NA,Kirov Oblast,1283238,28,0,835,0
2020-05-12,Russia,NA,Kirov Oblast,1283238,41,0,876,0
2020-05-13,Russia,NA,Kirov Oblast,1283238,20,0,896,0
2020-05-14,Russia,NA,Kirov Oblast,1283238,15,0,911,0
2020-05-15,Russia,NA,Kirov Oblast,1283238,21,0,932,0
2020-05-16,Russia,NA,Kirov Oblast,1283238,35,0,967,0
2020-05-17,Russia,NA,Kirov Oblast,1283238,34,0,1001,0
2020-05-18,Russia,NA,Kirov Oblast,1283238,7,0,1008,0
2020-05-19,Russia,NA,Kirov Oblast,1283238,12,0,1020,0
2020-05-20,Russia,NA,Kirov Oblast,1283238,44,0,1064,0
2020-05-21,Russia,NA,Kirov Oblast,1283238,27,0,1091,0
2020-05-22,Russia,NA,Kirov Oblast,1283238,70,0,1161,0
2020-05-23,Russia,NA,Kirov Oblast,1283238,30,0,1191,0
2020-05-24,Russia,NA,Kirov Oblast,1283238,68,0,1259,0
2020-05-25,Russia,NA,Kirov Oblast,1283238,64,0,1323,0
2020-05-26,Russia,NA,Kirov Oblast,1283238,47,0,1370,0
2020-05-27,Russia,NA,Kirov Oblast,1283238,68,0,1438,0
2020-05-28,Russia,NA,Kirov Oblast,1283238,57,0,1495,0
2020-05-29,Russia,NA,Kirov Oblast,1283238,56,0,1551,0
2020-05-30,Russia,NA,Kirov Oblast,1283238,78,0,1629,0
2020-05-31,Russia,NA,Kirov Oblast,1283238,54,0,1683,0
2020-06-01,Russia,NA,Kirov Oblast,1283238,68,0,1751,0
2020-06-02,Russia,NA,Kirov Oblast,1283238,77,0,1828,0
2020-06-03,Russia,NA,Kirov Oblast,1283238,76,0,1904,0
2020-06-04,Russia,NA,Kirov Oblast,1283238,63,0,1967,0
2020-06-05,Russia,NA,Kirov Oblast,1283238,75,0,2042,0
2020-06-06,Russia,NA,Kirov Oblast,1283238,79,0,2121,0
2020-06-07,Russia,NA,Kirov Oblast,1283238,61,0,2182,0
2020-06-08,Russia,NA,Kirov Oblast,1283238,78,0,2260,0
2020-06-09,Russia,NA,Kirov Oblast,1283238,40,0,2300,0
2020-06-10,Russia,NA,Kirov Oblast,1283238,60,0,2360,0
2020-06-11,Russia,NA,Kirov Oblast,1283238,61,0,2421,0
2020-06-12,Russia,NA,Kirov Oblast,1283238,58,0,2479,0
2020-06-13,Russia,NA,Kirov Oblast,1283238,29,0,2508,0
2020-06-14,Russia,NA,Kirov Oblast,1283238,39,0,2547,0
2020-06-15,Russia,NA,Kirov Oblast,1283238,53,0,2600,0
2020-06-16,Russia,NA,Kirov Oblast,1283238,48,0,2648,0
2020-06-17,Russia,NA,Kirov Oblast,1283238,45,0,2693,0
2020-06-18,Russia,NA,Kirov Oblast,1283238,41,0,2734,0
2020-06-19,Russia,NA,Kirov Oblast,1283238,43,0,2777,0
2020-06-20,Russia,NA,Kirov Oblast,1283238,43,0,2820,0
2020-06-21,Russia,NA,Kirov Oblast,1283238,49,0,2869,0
2020-06-22,Russia,NA,Kirov Oblast,1283238,47,0,2916,0
2020-06-23,Russia,NA,Kirov Oblast,1283238,36,0,2952,0
2020-06-24,Russia,NA,Kirov Oblast,1283238,34,0,2986,0
2020-06-25,Russia,NA,Kirov Oblast,1283238,40,0,3026,0
2020-06-26,Russia,NA,Kirov Oblast,1283238,50,0,3076,0
2020-06-27,Russia,NA,Kirov Oblast,1283238,41,0,3117,0
2020-06-28,Russia,NA,Kirov Oblast,1283238,31,0,3148,0
2020-06-29,Russia,NA,Kirov Oblast,1283238,31,0,3179,0
2020-06-30,Russia,NA,Kirov Oblast,1283238,35,0,3214,0
2020-07-01,Russia,NA,Kirov Oblast,1283238,32,0,3246,0
2020-07-02,Russia,NA,Kirov Oblast,1283238,30,0,3276,0
2020-07-03,Russia,NA,Kirov Oblast,1283238,45,0,3321,0
2020-07-04,Russia,NA,Kirov Oblast,1283238,33,0,3354,0
2020-07-05,Russia,NA,Kirov Oblast,1283238,50,0,3404,0
2020-07-06,Russia,NA,Kirov Oblast,1283238,55,0,3459,0
2020-07-07,Russia,NA,Kirov Oblast,1283238,53,0,3512,0
2020-07-08,Russia,NA,Kirov Oblast,1283238,45,0,3557,0
2020-07-09,Russia,NA,Kirov Oblast,1283238,57,0,3614,0
2020-07-10,Russia,NA,Kirov Oblast,1283238,55,0,3669,0
2020-07-11,Russia,NA,Kirov Oblast,1283238,58,0,3727,0
2020-07-12,Russia,NA,Kirov Oblast,1283238,52,0,3779,0
2020-07-13,Russia,NA,Kirov Oblast,1283238,54,0,3833,0
2020-07-14,Russia,NA,Kirov Oblast,1283238,44,0,3877,0
2020-07-15,Russia,NA,Kirov Oblast,1283238,56,0,3933,0
2020-07-16,Russia,NA,Kirov Oblast,1283238,57,0,3990,0
2020-07-17,Russia,NA,Kirov Oblast,1283238,56,0,4046,0
2020-07-18,Russia,NA,Kirov Oblast,1283238,45,0,4091,0
2020-07-19,Russia,NA,Kirov Oblast,1283238,51,0,4142,0
2020-07-20,Russia,NA,Kirov Oblast,1283238,56,0,4198,0
2020-07-21,Russia,NA,Kirov Oblast,1283238,58,0,4256,0
2020-07-22,Russia,NA,Kirov Oblast,1283238,46,0,4302,0
2020-07-23,Russia,NA,Kirov Oblast,1283238,47,0,4349,0
2020-07-24,Russia,NA,Kirov Oblast,1283238,55,0,4404,0
2020-07-25,Russia,NA,Kirov Oblast,1283238,58,0,4462,0
2020-07-26,Russia,NA,Kirov Oblast,1283238,49,0,4511,0
2020-07-27,Russia,NA,Kirov Oblast,1283238,59,0,4570,0
2020-07-28,Russia,NA,Kirov Oblast,1283238,47,0,4617,0
2020-07-29,Russia,NA,Kirov Oblast,1283238,48,0,4665,0
2020-07-30,Russia,NA,Kirov Oblast,1283238,58,0,4723,0
2020-07-31,Russia,NA,Kirov Oblast,1283238,66,0,4789,0
2020-08-01,Russia,NA,Kirov Oblast,1283238,50,0,4839,0
2020-08-02,Russia,NA,Kirov Oblast,1283238,49,0,4888,0
2020-08-17,Russia,NA,Kirov Oblast,1283238,0,0,5694,87
2020-08-18,Russia,NA,Kirov Oblast,1283238,51,1,5745,88
2020-08-19,Russia,NA,Kirov Oblast,1283238,57,1,5802,89
2020-08-20,Russia,NA,Kirov Oblast,1283238,60,1,5862,90
2020-08-21,Russia,NA,Kirov Oblast,1283238,64,1,5926,91
2020-08-22,Russia,NA,Kirov Oblast,1283238,60,1,5986,92
2020-08-23,Russia,NA,Kirov Oblast,1283238,61,1,6047,93
2020-08-24,Russia,NA,Kirov Oblast,1283238,63,1,6110,94
2020-08-25,Russia,NA,Kirov Oblast,1283238,63,1,6173,95
2020-08-26,Russia,NA,Kirov Oblast,1283238,62,1,6235,96
2020-08-27,Russia,NA,Kirov Oblast,1283238,63,1,6298,97
2020-08-28,Russia,NA,Kirov Oblast,1283238,63,1,6361,98
2020-08-29,Russia,NA,Kirov Oblast,1283238,65,0,6426,98
2020-08-30,Russia,NA,Kirov Oblast,1283238,64,0,6490,98
2020-08-31,Russia,NA,Kirov Oblast,1283238,65,0,6555,98
2020-09-01,Russia,NA,Kirov Oblast,1283238,64,0,6619,98
2020-09-02,Russia,NA,Kirov Oblast,1283238,64,0,6683,98
2020-09-03,Russia,NA,Kirov Oblast,1283238,65,0,6748,98
2020-09-04,Russia,NA,Kirov Oblast,1283238,64,0,6812,98
2020-09-05,Russia,NA,Kirov Oblast,1283238,65,0,6877,98
2020-09-06,Russia,NA,Kirov Oblast,1283238,63,0,6940,98
2020-09-07,Russia,NA,Kirov Oblast,1283238,62,0,7002,98
2020-09-08,Russia,NA,Kirov Oblast,1283238,63,2,7065,100
2020-09-09,Russia,NA,Kirov Oblast,1283238,60,0,7125,100
2020-09-10,Russia,NA,Kirov Oblast,1283238,65,2,7190,102
2020-09-11,Russia,NA,Kirov Oblast,1283238,65,2,7255,104
2020-09-12,Russia,NA,Kirov Oblast,1283238,66,2,7321,106
2020-09-13,Russia,NA,Kirov Oblast,1283238,62,2,7383,108
2020-09-14,Russia,NA,Kirov Oblast,1283238,66,2,7449,110
2020-09-15,Russia,NA,Kirov Oblast,1283238,63,2,7512,112
2020-03-30,Russia,NA,Komi Republic,840873,15,0,22,0
2020-04-01,Russia,NA,Komi Republic,840873,32,0,54,0
2020-04-02,Russia,NA,Komi Republic,840873,2,0,56,0
2020-04-04,Russia,NA,Komi Republic,840873,3,0,59,0
2020-04-06,Russia,NA,Komi Republic,840873,31,0,90,0
2020-04-07,Russia,NA,Komi Republic,840873,11,0,101,0
2020-04-08,Russia,NA,Komi Republic,840873,18,0,119,0
2020-04-09,Russia,NA,Komi Republic,840873,31,0,150,0
2020-04-10,Russia,NA,Komi Republic,840873,58,0,208,0
2020-04-14,Russia,NA,Komi Republic,840873,97,0,305,0
2020-04-15,Russia,NA,Komi Republic,840873,97,0,402,0
2020-04-16,Russia,NA,Komi Republic,840873,39,0,441,0
2020-04-17,Russia,NA,Komi Republic,840873,14,0,455,0
2020-04-18,Russia,NA,Komi Republic,840873,19,0,474,0
2020-04-19,Russia,NA,Komi Republic,840873,7,0,481,0
2020-04-20,Russia,NA,Komi Republic,840873,10,0,491,0
2020-04-21,Russia,NA,Komi Republic,840873,16,0,507,0
2020-04-22,Russia,NA,Komi Republic,840873,20,0,527,0
2020-04-23,Russia,NA,Komi Republic,840873,15,0,542,0
2020-04-24,Russia,NA,Komi Republic,840873,11,0,553,0
2020-04-25,Russia,NA,Komi Republic,840873,8,0,561,0
2020-04-26,Russia,NA,Komi Republic,840873,17,0,578,0
2020-04-27,Russia,NA,Komi Republic,840873,12,0,590,0
2020-04-28,Russia,NA,Komi Republic,840873,7,0,597,0
2020-04-29,Russia,NA,Komi Republic,840873,14,0,611,0
2020-04-30,Russia,NA,Komi Republic,840873,10,0,621,0
2020-05-01,Russia,NA,Komi Republic,840873,28,0,649,0
2020-05-02,Russia,NA,Komi Republic,840873,7,0,656,0
2020-05-03,Russia,NA,Komi Republic,840873,20,0,676,0
2020-05-04,Russia,NA,Komi Republic,840873,6,0,682,0
2020-05-05,Russia,NA,Komi Republic,840873,16,0,698,0
2020-05-06,Russia,NA,Komi Republic,840873,28,0,726,0
2020-05-07,Russia,NA,Komi Republic,840873,56,0,782,0
2020-05-08,Russia,NA,Komi Republic,840873,11,0,793,0
2020-05-09,Russia,NA,Komi Republic,840873,10,0,803,0
2020-05-10,Russia,NA,Komi Republic,840873,20,0,823,0
2020-05-11,Russia,NA,Komi Republic,840873,21,0,844,0
2020-05-12,Russia,NA,Komi Republic,840873,3,0,847,0
2020-05-13,Russia,NA,Komi Republic,840873,12,0,859,0
2020-05-14,Russia,NA,Komi Republic,840873,8,0,867,0
2020-05-15,Russia,NA,Komi Republic,840873,15,0,882,0
2020-05-16,Russia,NA,Komi Republic,840873,29,0,911,0
2020-05-17,Russia,NA,Komi Republic,840873,20,0,931,0
2020-05-18,Russia,NA,Komi Republic,840873,37,0,968,0
2020-05-19,Russia,NA,Komi Republic,840873,39,0,1007,0
2020-05-20,Russia,NA,Komi Republic,840873,12,0,1019,0
2020-05-21,Russia,NA,Komi Republic,840873,13,0,1032,0
2020-05-22,Russia,NA,Komi Republic,840873,35,0,1067,0
2020-05-23,Russia,NA,Komi Republic,840873,38,0,1105,0
2020-05-24,Russia,NA,Komi Republic,840873,24,0,1129,0
2020-05-25,Russia,NA,Komi Republic,840873,6,0,1135,0
2020-05-26,Russia,NA,Komi Republic,840873,9,0,1144,0
2020-05-27,Russia,NA,Komi Republic,840873,44,0,1188,0
2020-05-28,Russia,NA,Komi Republic,840873,50,0,1238,0
2020-05-29,Russia,NA,Komi Republic,840873,24,0,1262,0
2020-05-30,Russia,NA,Komi Republic,840873,31,0,1293,0
2020-05-31,Russia,NA,Komi Republic,840873,29,0,1322,0
2020-06-01,Russia,NA,Komi Republic,840873,30,0,1352,0
2020-06-02,Russia,NA,Komi Republic,840873,41,0,1393,0
2020-06-03,Russia,NA,Komi Republic,840873,33,0,1426,0
2020-06-04,Russia,NA,Komi Republic,840873,29,0,1455,0
2020-06-05,Russia,NA,Komi Republic,840873,25,0,1480,0
2020-06-06,Russia,NA,Komi Republic,840873,38,0,1518,0
2020-06-07,Russia,NA,Komi Republic,840873,46,0,1564,0
2020-06-08,Russia,NA,Komi Republic,840873,36,0,1600,0
2020-06-09,Russia,NA,Komi Republic,840873,26,0,1626,0
2020-06-10,Russia,NA,Komi Republic,840873,67,0,1693,0
2020-06-11,Russia,NA,Komi Republic,840873,111,0,1804,0
2020-06-12,Russia,NA,Komi Republic,840873,125,0,1929,0
2020-06-13,Russia,NA,Komi Republic,840873,156,0,2085,0
2020-06-14,Russia,NA,Komi Republic,840873,181,0,2266,0
2020-06-15,Russia,NA,Komi Republic,840873,86,0,2352,0
2020-06-16,Russia,NA,Komi Republic,840873,85,0,2437,0
2020-06-17,Russia,NA,Komi Republic,840873,54,0,2491,0
2020-06-18,Russia,NA,Komi Republic,840873,82,0,2573,0
2020-06-19,Russia,NA,Komi Republic,840873,114,0,2687,0
2020-06-20,Russia,NA,Komi Republic,840873,57,0,2744,0
2020-06-21,Russia,NA,Komi Republic,840873,61,0,2805,0
2020-06-22,Russia,NA,Komi Republic,840873,59,0,2864,0
2020-06-23,Russia,NA,Komi Republic,840873,62,0,2926,0
2020-06-24,Russia,NA,Komi Republic,840873,60,0,2986,0
2020-06-25,Russia,NA,Komi Republic,840873,64,0,3050,0
2020-06-26,Russia,NA,Komi Republic,840873,58,0,3108,0
2020-06-27,Russia,NA,Komi Republic,840873,65,0,3173,0
2020-06-28,Russia,NA,Komi Republic,840873,114,0,3287,0
2020-06-29,Russia,NA,Komi Republic,840873,69,0,3356,0
2020-06-30,Russia,NA,Komi Republic,840873,53,0,3409,0
2020-07-01,Russia,NA,Komi Republic,840873,54,0,3463,0
2020-07-02,Russia,NA,Komi Republic,840873,50,0,3513,0
2020-07-03,Russia,NA,Komi Republic,840873,64,0,3577,0
2020-07-04,Russia,NA,Komi Republic,840873,63,0,3640,0
2020-07-05,Russia,NA,Komi Republic,840873,55,0,3695,0
2020-07-06,Russia,NA,Komi Republic,840873,67,0,3762,0
2020-07-07,Russia,NA,Komi Republic,840873,104,0,3866,0
2020-07-08,Russia,NA,Komi Republic,840873,83,0,3949,0
2020-07-09,Russia,NA,Komi Republic,840873,79,0,4028,0
2020-07-10,Russia,NA,Komi Republic,840873,79,0,4107,0
2020-07-11,Russia,NA,Komi Republic,840873,72,0,4179,0
2020-07-12,Russia,NA,Komi Republic,840873,70,0,4249,0
2020-07-13,Russia,NA,Komi Republic,840873,59,0,4308,0
2020-07-14,Russia,NA,Komi Republic,840873,58,0,4366,0
2020-07-15,Russia,NA,Komi Republic,840873,50,0,4416,0
2020-07-16,Russia,NA,Komi Republic,840873,53,0,4469,0
2020-07-17,Russia,NA,Komi Republic,840873,73,0,4542,0
2020-07-18,Russia,NA,Komi Republic,840873,68,0,4610,0
2020-07-19,Russia,NA,Komi Republic,840873,70,0,4680,0
2020-07-20,Russia,NA,Komi Republic,840873,81,0,4761,0
2020-07-21,Russia,NA,Komi Republic,840873,58,0,4819,0
2020-07-22,Russia,NA,Komi Republic,840873,47,0,4866,0
2020-07-23,Russia,NA,Komi Republic,840873,45,0,4911,0
2020-07-24,Russia,NA,Komi Republic,840873,53,0,4964,0
2020-07-25,Russia,NA,Komi Republic,840873,70,0,5034,0
2020-07-26,Russia,NA,Komi Republic,840873,66,0,5100,0
2020-07-27,Russia,NA,Komi Republic,840873,44,0,5144,0
2020-07-28,Russia,NA,Komi Republic,840873,41,0,5185,0
2020-07-29,Russia,NA,Komi Republic,840873,36,0,5221,0
2020-07-30,Russia,NA,Komi Republic,840873,38,0,5259,0
2020-07-31,Russia,NA,Komi Republic,840873,44,0,5303,0
2020-08-01,Russia,NA,Komi Republic,840873,48,0,5351,0
2020-08-02,Russia,NA,Komi Republic,840873,45,0,5396,0
2020-08-17,Russia,NA,Komi Republic,840873,0,0,6117,76
2020-08-18,Russia,NA,Komi Republic,840873,31,0,6148,76
2020-08-19,Russia,NA,Komi Republic,840873,43,0,6191,76
2020-08-20,Russia,NA,Komi Republic,840873,33,0,6224,76
2020-08-21,Russia,NA,Komi Republic,840873,37,1,6261,77
2020-08-22,Russia,NA,Komi Republic,840873,33,1,6294,78
2020-08-23,Russia,NA,Komi Republic,840873,36,1,6330,79
2020-08-24,Russia,NA,Komi Republic,840873,40,0,6370,79
2020-08-25,Russia,NA,Komi Republic,840873,37,0,6407,79
2020-08-26,Russia,NA,Komi Republic,840873,22,4,6429,83
2020-08-27,Russia,NA,Komi Republic,840873,24,0,6453,83
2020-08-28,Russia,NA,Komi Republic,840873,27,1,6480,84
2020-08-29,Russia,NA,Komi Republic,840873,24,1,6504,85
2020-08-30,Russia,NA,Komi Republic,840873,29,0,6533,85
2020-08-31,Russia,NA,Komi Republic,840873,30,0,6563,85
2020-09-01,Russia,NA,Komi Republic,840873,29,0,6592,85
2020-09-02,Russia,NA,Komi Republic,840873,28,0,6620,85
2020-09-03,Russia,NA,Komi Republic,840873,24,0,6644,85
2020-09-04,Russia,NA,Komi Republic,840873,35,0,6679,85
2020-09-05,Russia,NA,Komi Republic,840873,37,0,6716,85
2020-09-06,Russia,NA,Komi Republic,840873,38,0,6754,85
2020-09-07,Russia,NA,Komi Republic,840873,33,0,6787,85
2020-09-08,Russia,NA,Komi Republic,840873,29,1,6816,86
2020-09-09,Russia,NA,Komi Republic,840873,36,2,6852,88
2020-09-10,Russia,NA,Komi Republic,840873,46,1,6898,89
2020-09-11,Russia,NA,Komi Republic,840873,44,1,6942,90
2020-09-12,Russia,NA,Komi Republic,840873,61,1,7003,91
2020-09-13,Russia,NA,Komi Republic,840873,58,0,7061,91
2020-09-14,Russia,NA,Komi Republic,840873,53,0,7114,91
2020-09-15,Russia,NA,Komi Republic,840873,51,0,7165,91
2020-04-09,Russia,NA,Kostroma Oblast,643324,3,0,12,0
2020-04-10,Russia,NA,Kostroma Oblast,643324,3,0,15,0
2020-04-12,Russia,NA,Kostroma Oblast,643324,4,0,19,0
2020-04-15,Russia,NA,Kostroma Oblast,643324,9,0,28,0
2020-04-16,Russia,NA,Kostroma Oblast,643324,11,0,39,0
2020-04-17,Russia,NA,Kostroma Oblast,643324,9,0,48,0
2020-04-18,Russia,NA,Kostroma Oblast,643324,6,0,54,0
2020-04-19,Russia,NA,Kostroma Oblast,643324,13,0,67,0
2020-04-20,Russia,NA,Kostroma Oblast,643324,4,0,71,0
2020-04-21,Russia,NA,Kostroma Oblast,643324,11,0,82,0
2020-04-22,Russia,NA,Kostroma Oblast,643324,7,0,89,0
2020-04-23,Russia,NA,Kostroma Oblast,643324,16,0,105,0
2020-04-24,Russia,NA,Kostroma Oblast,643324,16,0,121,0
2020-04-25,Russia,NA,Kostroma Oblast,643324,17,0,138,0
2020-04-26,Russia,NA,Kostroma Oblast,643324,11,0,149,0
2020-04-27,Russia,NA,Kostroma Oblast,643324,10,0,159,0
2020-04-28,Russia,NA,Kostroma Oblast,643324,22,0,181,0
2020-04-29,Russia,NA,Kostroma Oblast,643324,13,0,194,0
2020-04-30,Russia,NA,Kostroma Oblast,643324,18,0,212,0
2020-05-01,Russia,NA,Kostroma Oblast,643324,16,0,228,0
2020-05-02,Russia,NA,Kostroma Oblast,643324,14,0,242,0
2020-05-03,Russia,NA,Kostroma Oblast,643324,12,0,254,0
2020-05-04,Russia,NA,Kostroma Oblast,643324,13,0,267,0
2020-05-05,Russia,NA,Kostroma Oblast,643324,12,0,279,0
2020-05-06,Russia,NA,Kostroma Oblast,643324,15,0,294,0
2020-05-07,Russia,NA,Kostroma Oblast,643324,18,0,312,0
2020-05-08,Russia,NA,Kostroma Oblast,643324,22,0,334,0
2020-05-09,Russia,NA,Kostroma Oblast,643324,10,0,344,0
2020-05-10,Russia,NA,Kostroma Oblast,643324,14,0,358,0
2020-05-11,Russia,NA,Kostroma Oblast,643324,15,0,373,0
2020-05-12,Russia,NA,Kostroma Oblast,643324,12,0,385,0
2020-05-13,Russia,NA,Kostroma Oblast,643324,18,0,403,0
2020-05-14,Russia,NA,Kostroma Oblast,643324,31,0,434,0
2020-05-15,Russia,NA,Kostroma Oblast,643324,19,0,453,0
2020-05-16,Russia,NA,Kostroma Oblast,643324,8,0,461,0
2020-05-17,Russia,NA,Kostroma Oblast,643324,17,0,478,0
2020-05-18,Russia,NA,Kostroma Oblast,643324,10,0,488,0
2020-05-19,Russia,NA,Kostroma Oblast,643324,13,0,501,0
2020-05-20,Russia,NA,Kostroma Oblast,643324,16,0,517,0
2020-05-21,Russia,NA,Kostroma Oblast,643324,11,0,528,0
2020-05-22,Russia,NA,Kostroma Oblast,643324,13,0,541,0
2020-05-23,Russia,NA,Kostroma Oblast,643324,20,0,561,0
2020-05-24,Russia,NA,Kostroma Oblast,643324,7,0,568,0
2020-05-25,Russia,NA,Kostroma Oblast,643324,13,0,581,0
2020-05-26,Russia,NA,Kostroma Oblast,643324,21,0,602,0
2020-05-27,Russia,NA,Kostroma Oblast,643324,16,0,618,0
2020-05-28,Russia,NA,Kostroma Oblast,643324,39,0,657,0
2020-05-29,Russia,NA,Kostroma Oblast,643324,35,0,692,0
2020-05-30,Russia,NA,Kostroma Oblast,643324,28,0,720,0
2020-05-31,Russia,NA,Kostroma Oblast,643324,39,0,759,0
2020-06-01,Russia,NA,Kostroma Oblast,643324,14,0,773,0
2020-06-02,Russia,NA,Kostroma Oblast,643324,32,0,805,0
2020-06-03,Russia,NA,Kostroma Oblast,643324,21,0,826,0
2020-06-04,Russia,NA,Kostroma Oblast,643324,17,0,843,0
2020-06-05,Russia,NA,Kostroma Oblast,643324,20,0,863,0
2020-06-06,Russia,NA,Kostroma Oblast,643324,26,0,889,0
2020-06-07,Russia,NA,Kostroma Oblast,643324,13,0,902,0
2020-06-08,Russia,NA,Kostroma Oblast,643324,25,0,927,0
2020-06-09,Russia,NA,Kostroma Oblast,643324,27,0,954,0
2020-06-10,Russia,NA,Kostroma Oblast,643324,24,0,978,0
2020-06-11,Russia,NA,Kostroma Oblast,643324,51,0,1029,0
2020-06-12,Russia,NA,Kostroma Oblast,643324,38,0,1067,0
2020-06-13,Russia,NA,Kostroma Oblast,643324,43,0,1110,0
2020-06-14,Russia,NA,Kostroma Oblast,643324,27,0,1137,0
2020-06-15,Russia,NA,Kostroma Oblast,643324,25,0,1162,0
2020-06-16,Russia,NA,Kostroma Oblast,643324,14,0,1176,0
2020-06-17,Russia,NA,Kostroma Oblast,643324,39,0,1215,0
2020-06-18,Russia,NA,Kostroma Oblast,643324,32,0,1247,0
2020-06-19,Russia,NA,Kostroma Oblast,643324,16,0,1263,0
2020-06-20,Russia,NA,Kostroma Oblast,643324,36,0,1299,0
2020-06-21,Russia,NA,Kostroma Oblast,643324,33,0,1332,0
2020-06-22,Russia,NA,Kostroma Oblast,643324,29,0,1361,0
2020-06-23,Russia,NA,Kostroma Oblast,643324,26,0,1387,0
2020-06-24,Russia,NA,Kostroma Oblast,643324,25,0,1412,0
2020-06-25,Russia,NA,Kostroma Oblast,643324,31,0,1443,0
2020-06-26,Russia,NA,Kostroma Oblast,643324,28,0,1471,0
2020-06-27,Russia,NA,Kostroma Oblast,643324,24,0,1495,0
2020-06-28,Russia,NA,Kostroma Oblast,643324,37,0,1532,0
2020-06-29,Russia,NA,Kostroma Oblast,643324,34,0,1566,0
2020-06-30,Russia,NA,Kostroma Oblast,643324,18,0,1584,0
2020-07-01,Russia,NA,Kostroma Oblast,643324,8,0,1592,0
2020-07-02,Russia,NA,Kostroma Oblast,643324,21,0,1613,0
2020-07-03,Russia,NA,Kostroma Oblast,643324,20,0,1633,0
2020-07-04,Russia,NA,Kostroma Oblast,643324,22,0,1655,0
2020-07-05,Russia,NA,Kostroma Oblast,643324,22,0,1677,0
2020-07-06,Russia,NA,Kostroma Oblast,643324,20,0,1697,0
2020-07-07,Russia,NA,Kostroma Oblast,643324,34,0,1731,0
2020-07-08,Russia,NA,Kostroma Oblast,643324,22,0,1753,0
2020-07-09,Russia,NA,Kostroma Oblast,643324,26,0,1779,0
2020-07-10,Russia,NA,Kostroma Oblast,643324,36,0,1815,0
2020-07-11,Russia,NA,Kostroma Oblast,643324,11,0,1826,0
2020-07-12,Russia,NA,Kostroma Oblast,643324,19,0,1845,0
2020-07-13,Russia,NA,Kostroma Oblast,643324,11,0,1856,0
2020-07-14,Russia,NA,Kostroma Oblast,643324,8,0,1864,0
2020-07-15,Russia,NA,Kostroma Oblast,643324,23,0,1887,0
2020-07-16,Russia,NA,Kostroma Oblast,643324,16,0,1903,0
2020-07-17,Russia,NA,Kostroma Oblast,643324,20,0,1923,0
2020-07-18,Russia,NA,Kostroma Oblast,643324,24,0,1947,0
2020-07-19,Russia,NA,Kostroma Oblast,643324,17,0,1964,0
2020-07-20,Russia,NA,Kostroma Oblast,643324,32,0,1996,0
2020-07-21,Russia,NA,Kostroma Oblast,643324,10,0,2006,0
2020-07-22,Russia,NA,Kostroma Oblast,643324,11,0,2017,0
2020-07-23,Russia,NA,Kostroma Oblast,643324,12,0,2029,0
2020-07-24,Russia,NA,Kostroma Oblast,643324,12,0,2041,0
2020-07-25,Russia,NA,Kostroma Oblast,643324,34,0,2075,0
2020-07-26,Russia,NA,Kostroma Oblast,643324,45,0,2120,0
2020-07-27,Russia,NA,Kostroma Oblast,643324,18,0,2138,0
2020-07-28,Russia,NA,Kostroma Oblast,643324,17,0,2155,0
2020-07-29,Russia,NA,Kostroma Oblast,643324,12,0,2167,0
2020-07-30,Russia,NA,Kostroma Oblast,643324,9,0,2176,0
2020-07-31,Russia,NA,Kostroma Oblast,643324,31,0,2207,0
2020-08-01,Russia,NA,Kostroma Oblast,643324,28,0,2235,0
2020-08-02,Russia,NA,Kostroma Oblast,643324,27,0,2262,0
2020-08-17,Russia,NA,Kostroma Oblast,643324,0,0,2947,33
2020-08-18,Russia,NA,Kostroma Oblast,643324,28,2,2975,35
2020-08-19,Russia,NA,Kostroma Oblast,643324,18,2,2993,37
2020-08-20,Russia,NA,Kostroma Oblast,643324,50,0,3043,37
2020-08-21,Russia,NA,Kostroma Oblast,643324,50,1,3093,38
2020-08-22,Russia,NA,Kostroma Oblast,643324,64,0,3157,38
2020-08-23,Russia,NA,Kostroma Oblast,643324,52,0,3209,38
2020-08-24,Russia,NA,Kostroma Oblast,643324,52,0,3261,38
2020-08-25,Russia,NA,Kostroma Oblast,643324,64,0,3325,38
2020-08-26,Russia,NA,Kostroma Oblast,643324,30,1,3355,39
2020-08-27,Russia,NA,Kostroma Oblast,643324,38,1,3393,40
2020-08-28,Russia,NA,Kostroma Oblast,643324,36,0,3429,40
2020-08-29,Russia,NA,Kostroma Oblast,643324,38,0,3467,40
2020-08-30,Russia,NA,Kostroma Oblast,643324,43,0,3510,40
2020-08-31,Russia,NA,Kostroma Oblast,643324,36,0,3546,40
2020-09-01,Russia,NA,Kostroma Oblast,643324,32,0,3578,40
2020-09-02,Russia,NA,Kostroma Oblast,643324,23,1,3601,41
2020-09-03,Russia,NA,Kostroma Oblast,643324,24,0,3625,41
2020-09-04,Russia,NA,Kostroma Oblast,643324,34,0,3659,41
2020-09-05,Russia,NA,Kostroma Oblast,643324,37,0,3696,41
2020-09-06,Russia,NA,Kostroma Oblast,643324,46,0,3742,41
2020-09-07,Russia,NA,Kostroma Oblast,643324,44,0,3786,41
2020-09-08,Russia,NA,Kostroma Oblast,643324,31,3,3817,44
2020-09-09,Russia,NA,Kostroma Oblast,643324,46,0,3863,44
2020-09-10,Russia,NA,Kostroma Oblast,643324,48,3,3911,47
2020-09-11,Russia,NA,Kostroma Oblast,643324,41,2,3952,49
2020-09-12,Russia,NA,Kostroma Oblast,643324,47,1,3999,50
2020-09-13,Russia,NA,Kostroma Oblast,643324,47,0,4046,50
2020-09-14,Russia,NA,Kostroma Oblast,643324,53,0,4099,50
2020-09-15,Russia,NA,Kostroma Oblast,643324,16,3,4115,53
2020-03-28,Russia,NA,Krasnodar Krai,5514250,8,0,17,0
2020-04-01,Russia,NA,Krasnodar Krai,5514250,5,0,22,0
2020-04-03,Russia,NA,Krasnodar Krai,5514250,17,0,39,0
2020-04-06,Russia,NA,Krasnodar Krai,5514250,11,0,50,0
2020-04-07,Russia,NA,Krasnodar Krai,5514250,11,0,61,0
2020-04-08,Russia,NA,Krasnodar Krai,5514250,24,0,85,0
2020-04-09,Russia,NA,Krasnodar Krai,5514250,20,0,105,0
2020-04-10,Russia,NA,Krasnodar Krai,5514250,20,0,125,0
2020-04-11,Russia,NA,Krasnodar Krai,5514250,13,0,138,0
2020-04-12,Russia,NA,Krasnodar Krai,5514250,31,0,169,0
2020-04-13,Russia,NA,Krasnodar Krai,5514250,41,0,210,0
2020-04-14,Russia,NA,Krasnodar Krai,5514250,5,0,215,0
2020-04-15,Russia,NA,Krasnodar Krai,5514250,24,0,239,0
2020-04-16,Russia,NA,Krasnodar Krai,5514250,21,0,260,0
2020-04-17,Russia,NA,Krasnodar Krai,5514250,30,0,290,0
2020-04-18,Russia,NA,Krasnodar Krai,5514250,45,0,335,0
2020-04-19,Russia,NA,Krasnodar Krai,5514250,48,0,383,0
2020-04-20,Russia,NA,Krasnodar Krai,5514250,34,0,417,0
2020-04-21,Russia,NA,Krasnodar Krai,5514250,44,0,461,0
2020-04-22,Russia,NA,Krasnodar Krai,5514250,20,0,481,0
2020-04-23,Russia,NA,Krasnodar Krai,5514250,58,0,539,0
2020-04-24,Russia,NA,Krasnodar Krai,5514250,84,0,623,0
2020-04-25,Russia,NA,Krasnodar Krai,5514250,84,0,707,0
2020-04-26,Russia,NA,Krasnodar Krai,5514250,73,0,780,0
2020-04-27,Russia,NA,Krasnodar Krai,5514250,57,0,837,0
2020-04-28,Russia,NA,Krasnodar Krai,5514250,51,0,888,0
2020-04-29,Russia,NA,Krasnodar Krai,5514250,63,0,951,0
2020-04-30,Russia,NA,Krasnodar Krai,5514250,66,0,1017,0
2020-05-01,Russia,NA,Krasnodar Krai,5514250,66,0,1083,0
2020-05-02,Russia,NA,Krasnodar Krai,5514250,79,0,1162,0
2020-05-03,Russia,NA,Krasnodar Krai,5514250,82,0,1244,0
2020-05-04,Russia,NA,Krasnodar Krai,5514250,96,0,1340,0
2020-05-05,Russia,NA,Krasnodar Krai,5514250,97,0,1437,0
2020-05-06,Russia,NA,Krasnodar Krai,5514250,97,0,1534,0
2020-05-07,Russia,NA,Krasnodar Krai,5514250,99,0,1633,0
2020-05-08,Russia,NA,Krasnodar Krai,5514250,99,0,1732,0
2020-05-09,Russia,NA,Krasnodar Krai,5514250,98,0,1830,0
2020-05-10,Russia,NA,Krasnodar Krai,5514250,99,0,1929,0
2020-05-11,Russia,NA,Krasnodar Krai,5514250,98,0,2027,0
2020-05-12,Russia,NA,Krasnodar Krai,5514250,99,0,2126,0
2020-05-13,Russia,NA,Krasnodar Krai,5514250,96,0,2222,0
2020-05-14,Russia,NA,Krasnodar Krai,5514250,97,0,2319,0
2020-05-15,Russia,NA,Krasnodar Krai,5514250,99,0,2418,0
2020-05-16,Russia,NA,Krasnodar Krai,5514250,92,0,2510,0
2020-05-17,Russia,NA,Krasnodar Krai,5514250,95,0,2605,0
2020-05-18,Russia,NA,Krasnodar Krai,5514250,94,0,2699,0
2020-05-19,Russia,NA,Krasnodar Krai,5514250,93,0,2792,0
2020-05-20,Russia,NA,Krasnodar Krai,5514250,91,0,2883,0
2020-05-21,Russia,NA,Krasnodar Krai,5514250,91,0,2974,0
2020-05-22,Russia,NA,Krasnodar Krai,5514250,92,0,3066,0
2020-05-23,Russia,NA,Krasnodar Krai,5514250,89,0,3155,0
2020-05-24,Russia,NA,Krasnodar Krai,5514250,92,0,3247,0
2020-05-25,Russia,NA,Krasnodar Krai,5514250,90,0,3337,0
2020-05-26,Russia,NA,Krasnodar Krai,5514250,89,0,3426,0
2020-05-27,Russia,NA,Krasnodar Krai,5514250,80,0,3506,0
2020-05-28,Russia,NA,Krasnodar Krai,5514250,76,0,3582,0
2020-05-29,Russia,NA,Krasnodar Krai,5514250,80,0,3662,0
2020-05-30,Russia,NA,Krasnodar Krai,5514250,82,0,3744,0
2020-05-31,Russia,NA,Krasnodar Krai,5514250,80,0,3824,0
2020-06-01,Russia,NA,Krasnodar Krai,5514250,84,0,3908,0
2020-06-02,Russia,NA,Krasnodar Krai,5514250,79,0,3987,0
2020-06-03,Russia,NA,Krasnodar Krai,5514250,81,0,4068,0
2020-06-04,Russia,NA,Krasnodar Krai,5514250,80,0,4148,0
2020-06-05,Russia,NA,Krasnodar Krai,5514250,83,0,4231,0
2020-06-06,Russia,NA,Krasnodar Krai,5514250,81,0,4312,0
2020-06-07,Russia,NA,Krasnodar Krai,5514250,87,0,4399,0
2020-06-08,Russia,NA,Krasnodar Krai,5514250,86,0,4485,0
2020-06-09,Russia,NA,Krasnodar Krai,5514250,89,0,4574,0
2020-06-10,Russia,NA,Krasnodar Krai,5514250,81,0,4655,0
2020-06-11,Russia,NA,Krasnodar Krai,5514250,80,0,4735,0
2020-06-12,Russia,NA,Krasnodar Krai,5514250,80,0,4815,0
2020-06-13,Russia,NA,Krasnodar Krai,5514250,78,0,4893,0
2020-06-14,Russia,NA,Krasnodar Krai,5514250,77,0,4970,0
2020-06-15,Russia,NA,Krasnodar Krai,5514250,72,0,5042,0
2020-06-16,Russia,NA,Krasnodar Krai,5514250,70,0,5112,0
2020-06-17,Russia,NA,Krasnodar Krai,5514250,71,0,5183,0
2020-06-18,Russia,NA,Krasnodar Krai,5514250,69,0,5252,0
2020-06-19,Russia,NA,Krasnodar Krai,5514250,64,0,5316,0
2020-06-20,Russia,NA,Krasnodar Krai,5514250,60,0,5376,0
2020-06-21,Russia,NA,Krasnodar Krai,5514250,64,0,5440,0
2020-06-22,Russia,NA,Krasnodar Krai,5514250,61,0,5501,0
2020-06-23,Russia,NA,Krasnodar Krai,5514250,60,0,5561,0
2020-06-24,Russia,NA,Krasnodar Krai,5514250,63,0,5624,0
2020-06-25,Russia,NA,Krasnodar Krai,5514250,59,0,5683,0
2020-06-26,Russia,NA,Krasnodar Krai,5514250,60,0,5743,0
2020-06-27,Russia,NA,Krasnodar Krai,5514250,58,0,5801,0
2020-06-28,Russia,NA,Krasnodar Krai,5514250,59,0,5860,0
2020-06-29,Russia,NA,Krasnodar Krai,5514250,62,0,5922,0
2020-06-30,Russia,NA,Krasnodar Krai,5514250,60,0,5982,0
2020-07-01,Russia,NA,Krasnodar Krai,5514250,61,0,6043,0
2020-07-02,Russia,NA,Krasnodar Krai,5514250,59,0,6102,0
2020-07-03,Russia,NA,Krasnodar Krai,5514250,57,0,6159,0
2020-07-04,Russia,NA,Krasnodar Krai,5514250,59,0,6218,0
2020-07-05,Russia,NA,Krasnodar Krai,5514250,62,0,6280,0
2020-07-06,Russia,NA,Krasnodar Krai,5514250,60,0,6340,0
2020-07-07,Russia,NA,Krasnodar Krai,5514250,59,0,6399,0
2020-07-08,Russia,NA,Krasnodar Krai,5514250,61,0,6460,0
2020-07-09,Russia,NA,Krasnodar Krai,5514250,63,0,6523,0
2020-07-10,Russia,NA,Krasnodar Krai,5514250,66,0,6589,0
2020-07-11,Russia,NA,Krasnodar Krai,5514250,65,0,6654,0
2020-07-12,Russia,NA,Krasnodar Krai,5514250,67,0,6721,0
2020-07-13,Russia,NA,Krasnodar Krai,5514250,64,0,6785,0
2020-07-14,Russia,NA,Krasnodar Krai,5514250,62,0,6847,0
2020-07-15,Russia,NA,Krasnodar Krai,5514250,65,0,6912,0
2020-07-16,Russia,NA,Krasnodar Krai,5514250,67,0,6979,0
2020-07-17,Russia,NA,Krasnodar Krai,5514250,66,0,7045,0
2020-07-18,Russia,NA,Krasnodar Krai,5514250,70,0,7115,0
2020-07-19,Russia,NA,Krasnodar Krai,5514250,75,0,7190,0
2020-07-20,Russia,NA,Krasnodar Krai,5514250,72,0,7262,0
2020-07-21,Russia,NA,Krasnodar Krai,5514250,78,0,7340,0
2020-07-22,Russia,NA,Krasnodar Krai,5514250,83,0,7423,0
2020-07-23,Russia,NA,Krasnodar Krai,5514250,85,0,7508,0
2020-07-24,Russia,NA,Krasnodar Krai,5514250,90,0,7598,0
2020-07-25,Russia,NA,Krasnodar Krai,5514250,92,0,7690,0
2020-07-26,Russia,NA,Krasnodar Krai,5514250,94,0,7784,0
2020-07-27,Russia,NA,Krasnodar Krai,5514250,96,0,7880,0
2020-07-28,Russia,NA,Krasnodar Krai,5514250,95,0,7975,0
2020-07-29,Russia,NA,Krasnodar Krai,5514250,97,0,8072,0
2020-07-30,Russia,NA,Krasnodar Krai,5514250,98,0,8170,0
2020-07-31,Russia,NA,Krasnodar Krai,5514250,96,0,8266,0
2020-08-01,Russia,NA,Krasnodar Krai,5514250,99,0,8365,0
2020-08-02,Russia,NA,Krasnodar Krai,5514250,107,0,8472,0
2020-08-17,Russia,NA,Krasnodar Krai,5514250,0,0,9991,143
2020-08-18,Russia,NA,Krasnodar Krai,5514250,84,2,10075,145
2020-08-19,Russia,NA,Krasnodar Krai,5514250,86,3,10161,148
2020-08-20,Russia,NA,Krasnodar Krai,5514250,84,3,10245,151
2020-08-21,Russia,NA,Krasnodar Krai,5514250,89,3,10334,154
2020-08-22,Russia,NA,Krasnodar Krai,5514250,88,3,10422,157
2020-08-23,Russia,NA,Krasnodar Krai,5514250,85,3,10507,160
2020-08-24,Russia,NA,Krasnodar Krai,5514250,88,3,10595,163
2020-08-25,Russia,NA,Krasnodar Krai,5514250,86,3,10681,166
2020-08-26,Russia,NA,Krasnodar Krai,5514250,90,3,10771,169
2020-08-27,Russia,NA,Krasnodar Krai,5514250,86,3,10857,172
2020-08-28,Russia,NA,Krasnodar Krai,5514250,84,2,10941,174
2020-08-29,Russia,NA,Krasnodar Krai,5514250,90,2,11031,176
2020-08-30,Russia,NA,Krasnodar Krai,5514250,90,1,11121,177
2020-08-31,Russia,NA,Krasnodar Krai,5514250,87,5,11208,182
2020-09-01,Russia,NA,Krasnodar Krai,5514250,86,3,11294,185
2020-09-02,Russia,NA,Krasnodar Krai,5514250,88,2,11382,187
2020-09-03,Russia,NA,Krasnodar Krai,5514250,90,0,11472,187
2020-09-04,Russia,NA,Krasnodar Krai,5514250,92,2,11564,189
2020-09-05,Russia,NA,Krasnodar Krai,5514250,90,2,11654,191
2020-09-06,Russia,NA,Krasnodar Krai,5514250,93,2,11747,193
2020-09-07,Russia,NA,Krasnodar Krai,5514250,91,1,11838,194
2020-09-08,Russia,NA,Krasnodar Krai,5514250,92,2,11930,196
2020-09-09,Russia,NA,Krasnodar Krai,5514250,90,6,12020,202
2020-09-10,Russia,NA,Krasnodar Krai,5514250,87,3,12107,205
2020-09-11,Russia,NA,Krasnodar Krai,5514250,88,4,12195,209
2020-09-12,Russia,NA,Krasnodar Krai,5514250,90,6,12285,215
2020-09-13,Russia,NA,Krasnodar Krai,5514250,92,5,12377,220
2020-09-14,Russia,NA,Krasnodar Krai,5514250,92,4,12469,224
2020-09-15,Russia,NA,Krasnodar Krai,5514250,94,4,12563,228
2020-03-28,Russia,NA,Krasnoyarsk Krai,2876497,4,0,12,0
2020-03-30,Russia,NA,Krasnoyarsk Krai,2876497,2,0,14,0
2020-04-01,Russia,NA,Krasnoyarsk Krai,2876497,6,0,20,0
2020-04-02,Russia,NA,Krasnoyarsk Krai,2876497,5,0,25,0
2020-04-05,Russia,NA,Krasnoyarsk Krai,2876497,4,0,29,0
2020-04-06,Russia,NA,Krasnoyarsk Krai,2876497,3,0,32,0
2020-04-08,Russia,NA,Krasnoyarsk Krai,2876497,7,0,39,0
2020-04-11,Russia,NA,Krasnoyarsk Krai,2876497,21,0,60,0
2020-04-12,Russia,NA,Krasnoyarsk Krai,2876497,25,0,85,0
2020-04-13,Russia,NA,Krasnoyarsk Krai,2876497,25,0,110,0
2020-04-14,Russia,NA,Krasnoyarsk Krai,2876497,21,0,131,0
2020-04-15,Russia,NA,Krasnoyarsk Krai,2876497,11,0,142,0
2020-04-16,Russia,NA,Krasnoyarsk Krai,2876497,60,0,202,0
2020-04-17,Russia,NA,Krasnoyarsk Krai,2876497,29,0,231,0
2020-04-18,Russia,NA,Krasnoyarsk Krai,2876497,45,0,276,0
2020-04-19,Russia,NA,Krasnoyarsk Krai,2876497,24,0,300,0
2020-04-20,Russia,NA,Krasnoyarsk Krai,2876497,6,0,306,0
2020-04-21,Russia,NA,Krasnoyarsk Krai,2876497,64,0,370,0
2020-04-22,Russia,NA,Krasnoyarsk Krai,2876497,22,0,392,0
2020-04-23,Russia,NA,Krasnoyarsk Krai,2876497,35,0,427,0
2020-04-24,Russia,NA,Krasnoyarsk Krai,2876497,22,0,449,0
2020-04-25,Russia,NA,Krasnoyarsk Krai,2876497,18,0,467,0
2020-04-26,Russia,NA,Krasnoyarsk Krai,2876497,41,0,508,0
2020-04-27,Russia,NA,Krasnoyarsk Krai,2876497,19,0,527,0
2020-04-28,Russia,NA,Krasnoyarsk Krai,2876497,47,0,574,0
2020-04-29,Russia,NA,Krasnoyarsk Krai,2876497,35,0,609,0
2020-04-30,Russia,NA,Krasnoyarsk Krai,2876497,57,0,666,0
2020-05-01,Russia,NA,Krasnoyarsk Krai,2876497,48,0,714,0
2020-05-02,Russia,NA,Krasnoyarsk Krai,2876497,50,0,764,0
2020-05-03,Russia,NA,Krasnoyarsk Krai,2876497,17,0,781,0
2020-05-04,Russia,NA,Krasnoyarsk Krai,2876497,42,0,823,0
2020-05-05,Russia,NA,Krasnoyarsk Krai,2876497,45,0,868,0
2020-05-06,Russia,NA,Krasnoyarsk Krai,2876497,42,0,910,0
2020-05-07,Russia,NA,Krasnoyarsk Krai,2876497,23,0,933,0
2020-05-08,Russia,NA,Krasnoyarsk Krai,2876497,31,0,964,0
2020-05-09,Russia,NA,Krasnoyarsk Krai,2876497,106,0,1070,0
2020-05-10,Russia,NA,Krasnoyarsk Krai,2876497,73,0,1143,0
2020-05-11,Russia,NA,Krasnoyarsk Krai,2876497,58,0,1201,0
2020-05-12,Russia,NA,Krasnoyarsk Krai,2876497,227,0,1428,0
2020-05-13,Russia,NA,Krasnoyarsk Krai,2876497,93,0,1521,0
2020-05-14,Russia,NA,Krasnoyarsk Krai,2876497,21,0,1542,0
2020-05-15,Russia,NA,Krasnoyarsk Krai,2876497,48,0,1590,0
2020-05-16,Russia,NA,Krasnoyarsk Krai,2876497,61,0,1651,0
2020-05-17,Russia,NA,Krasnoyarsk Krai,2876497,114,0,1765,0
2020-05-18,Russia,NA,Krasnoyarsk Krai,2876497,107,0,1872,0
2020-05-19,Russia,NA,Krasnoyarsk Krai,2876497,69,0,1941,0
2020-05-20,Russia,NA,Krasnoyarsk Krai,2876497,504,0,2445,0
2020-05-21,Russia,NA,Krasnoyarsk Krai,2876497,376,0,2821,0
2020-05-22,Russia,NA,Krasnoyarsk Krai,2876497,150,0,2971,0
2020-05-23,Russia,NA,Krasnoyarsk Krai,2876497,148,0,3119,0
2020-05-24,Russia,NA,Krasnoyarsk Krai,2876497,146,0,3265,0
2020-05-25,Russia,NA,Krasnoyarsk Krai,2876497,145,0,3410,0
2020-05-26,Russia,NA,Krasnoyarsk Krai,2876497,148,0,3558,0
2020-05-27,Russia,NA,Krasnoyarsk Krai,2876497,142,0,3700,0
2020-05-28,Russia,NA,Krasnoyarsk Krai,2876497,147,0,3847,0
2020-05-29,Russia,NA,Krasnoyarsk Krai,2876497,138,0,3985,0
2020-05-30,Russia,NA,Krasnoyarsk Krai,2876497,136,0,4121,0
2020-05-31,Russia,NA,Krasnoyarsk Krai,2876497,128,0,4249,0
2020-06-01,Russia,NA,Krasnoyarsk Krai,2876497,131,0,4380,0
2020-06-02,Russia,NA,Krasnoyarsk Krai,2876497,150,0,4530,0
2020-06-03,Russia,NA,Krasnoyarsk Krai,2876497,124,0,4654,0
2020-06-04,Russia,NA,Krasnoyarsk Krai,2876497,141,0,4795,0
2020-06-05,Russia,NA,Krasnoyarsk Krai,2876497,173,0,4968,0
2020-06-06,Russia,NA,Krasnoyarsk Krai,2876497,168,0,5136,0
2020-06-07,Russia,NA,Krasnoyarsk Krai,2876497,165,0,5301,0
2020-06-08,Russia,NA,Krasnoyarsk Krai,2876497,159,0,5460,0
2020-06-09,Russia,NA,Krasnoyarsk Krai,2876497,157,0,5617,0
2020-06-10,Russia,NA,Krasnoyarsk Krai,2876497,174,0,5791,0
2020-06-11,Russia,NA,Krasnoyarsk Krai,2876497,190,0,5981,0
2020-06-12,Russia,NA,Krasnoyarsk Krai,2876497,178,0,6159,0
2020-06-13,Russia,NA,Krasnoyarsk Krai,2876497,169,0,6328,0
2020-06-14,Russia,NA,Krasnoyarsk Krai,2876497,166,0,6494,0
2020-06-15,Russia,NA,Krasnoyarsk Krai,2876497,161,0,6655,0
2020-06-16,Russia,NA,Krasnoyarsk Krai,2876497,158,0,6813,0
2020-06-17,Russia,NA,Krasnoyarsk Krai,2876497,160,0,6973,0
2020-06-18,Russia,NA,Krasnoyarsk Krai,2876497,156,0,7129,0
2020-06-19,Russia,NA,Krasnoyarsk Krai,2876497,151,0,7280,0
2020-06-20,Russia,NA,Krasnoyarsk Krai,2876497,152,0,7432,0
2020-06-21,Russia,NA,Krasnoyarsk Krai,2876497,148,0,7580,0
2020-06-22,Russia,NA,Krasnoyarsk Krai,2876497,146,0,7726,0
2020-06-23,Russia,NA,Krasnoyarsk Krai,2876497,149,0,7875,0
2020-06-24,Russia,NA,Krasnoyarsk Krai,2876497,154,0,8029,0
2020-06-25,Russia,NA,Krasnoyarsk Krai,2876497,153,0,8182,0
2020-06-26,Russia,NA,Krasnoyarsk Krai,2876497,149,0,8331,0
2020-06-27,Russia,NA,Krasnoyarsk Krai,2876497,145,0,8476,0
2020-06-28,Russia,NA,Krasnoyarsk Krai,2876497,143,0,8619,0
2020-06-29,Russia,NA,Krasnoyarsk Krai,2876497,141,0,8760,0
2020-06-30,Russia,NA,Krasnoyarsk Krai,2876497,144,0,8904,0
2020-07-01,Russia,NA,Krasnoyarsk Krai,2876497,140,0,9044,0
2020-07-02,Russia,NA,Krasnoyarsk Krai,2876497,137,0,9181,0
2020-07-03,Russia,NA,Krasnoyarsk Krai,2876497,135,0,9316,0
2020-07-04,Russia,NA,Krasnoyarsk Krai,2876497,136,0,9452,0
2020-07-05,Russia,NA,Krasnoyarsk Krai,2876497,133,0,9585,0
2020-07-06,Russia,NA,Krasnoyarsk Krai,2876497,131,0,9716,0
2020-07-07,Russia,NA,Krasnoyarsk Krai,2876497,132,0,9848,0
2020-07-08,Russia,NA,Krasnoyarsk Krai,2876497,130,0,9978,0
2020-07-09,Russia,NA,Krasnoyarsk Krai,2876497,128,0,10106,0
2020-07-10,Russia,NA,Krasnoyarsk Krai,2876497,129,0,10235,0
2020-07-11,Russia,NA,Krasnoyarsk Krai,2876497,134,0,10369,0
2020-07-12,Russia,NA,Krasnoyarsk Krai,2876497,131,0,10500,0
2020-07-13,Russia,NA,Krasnoyarsk Krai,2876497,128,0,10628,0
2020-07-14,Russia,NA,Krasnoyarsk Krai,2876497,128,0,10756,0
2020-07-15,Russia,NA,Krasnoyarsk Krai,2876497,133,0,10889,0
2020-07-16,Russia,NA,Krasnoyarsk Krai,2876497,131,0,11020,0
2020-07-17,Russia,NA,Krasnoyarsk Krai,2876497,129,0,11149,0
2020-07-18,Russia,NA,Krasnoyarsk Krai,2876497,127,0,11276,0
2020-07-19,Russia,NA,Krasnoyarsk Krai,2876497,127,0,11403,0
2020-07-20,Russia,NA,Krasnoyarsk Krai,2876497,125,0,11528,0
2020-07-21,Russia,NA,Krasnoyarsk Krai,2876497,127,0,11655,0
2020-07-22,Russia,NA,Krasnoyarsk Krai,2876497,135,0,11790,0
2020-07-23,Russia,NA,Krasnoyarsk Krai,2876497,133,0,11923,0
2020-07-24,Russia,NA,Krasnoyarsk Krai,2876497,134,0,12057,0
2020-07-25,Russia,NA,Krasnoyarsk Krai,2876497,187,0,12244,0
2020-07-26,Russia,NA,Krasnoyarsk Krai,2876497,175,0,12419,0
2020-07-27,Russia,NA,Krasnoyarsk Krai,2876497,162,0,12581,0
2020-07-28,Russia,NA,Krasnoyarsk Krai,2876497,153,0,12734,0
2020-07-29,Russia,NA,Krasnoyarsk Krai,2876497,125,0,12859,0
2020-07-30,Russia,NA,Krasnoyarsk Krai,2876497,141,0,13000,0
2020-07-31,Russia,NA,Krasnoyarsk Krai,2876497,145,0,13145,0
2020-08-01,Russia,NA,Krasnoyarsk Krai,2876497,143,0,13288,0
2020-08-02,Russia,NA,Krasnoyarsk Krai,2876497,134,0,13422,0
2020-08-17,Russia,NA,Krasnoyarsk Krai,2876497,0,0,15285,387
2020-08-18,Russia,NA,Krasnoyarsk Krai,2876497,117,5,15402,392
2020-08-19,Russia,NA,Krasnoyarsk Krai,2876497,115,6,15517,398
2020-08-20,Russia,NA,Krasnoyarsk Krai,2876497,114,5,15631,403
2020-08-21,Russia,NA,Krasnoyarsk Krai,2876497,117,7,15748,410
2020-08-22,Russia,NA,Krasnoyarsk Krai,2876497,114,6,15862,416
2020-08-23,Russia,NA,Krasnoyarsk Krai,2876497,112,7,15974,423
2020-08-24,Russia,NA,Krasnoyarsk Krai,2876497,115,6,16089,429
2020-08-25,Russia,NA,Krasnoyarsk Krai,2876497,113,8,16202,437
2020-08-26,Russia,NA,Krasnoyarsk Krai,2876497,114,5,16316,442
2020-08-27,Russia,NA,Krasnoyarsk Krai,2876497,112,8,16428,450
2020-08-28,Russia,NA,Krasnoyarsk Krai,2876497,111,8,16539,458
2020-08-29,Russia,NA,Krasnoyarsk Krai,2876497,110,6,16649,464
2020-08-30,Russia,NA,Krasnoyarsk Krai,2876497,111,6,16760,470
2020-08-31,Russia,NA,Krasnoyarsk Krai,2876497,110,7,16870,477
2020-09-01,Russia,NA,Krasnoyarsk Krai,2876497,109,4,16979,481
2020-09-02,Russia,NA,Krasnoyarsk Krai,2876497,110,5,17089,486
2020-09-03,Russia,NA,Krasnoyarsk Krai,2876497,108,6,17197,492
2020-09-04,Russia,NA,Krasnoyarsk Krai,2876497,107,6,17304,498
2020-09-05,Russia,NA,Krasnoyarsk Krai,2876497,109,3,17413,501
2020-09-06,Russia,NA,Krasnoyarsk Krai,2876497,107,2,17520,503
2020-09-07,Russia,NA,Krasnoyarsk Krai,2876497,106,3,17626,506
2020-09-08,Russia,NA,Krasnoyarsk Krai,2876497,103,4,17729,510
2020-09-09,Russia,NA,Krasnoyarsk Krai,2876497,105,3,17834,513
2020-09-10,Russia,NA,Krasnoyarsk Krai,2876497,102,3,17936,516
2020-09-11,Russia,NA,Krasnoyarsk Krai,2876497,102,2,18038,518
2020-09-12,Russia,NA,Krasnoyarsk Krai,2876497,101,2,18139,520
2020-09-13,Russia,NA,Krasnoyarsk Krai,2876497,103,1,18242,521
2020-09-14,Russia,NA,Krasnoyarsk Krai,2876497,102,0,18344,521
2020-09-15,Russia,NA,Krasnoyarsk Krai,2876497,101,2,18445,523
2020-04-16,Russia,NA,Kurgan Oblast,845537,1,0,11,0
2020-04-17,Russia,NA,Kurgan Oblast,845537,1,0,12,0
2020-04-18,Russia,NA,Kurgan Oblast,845537,1,0,13,0
2020-04-21,Russia,NA,Kurgan Oblast,845537,2,0,15,0
2020-04-23,Russia,NA,Kurgan Oblast,845537,5,0,20,0
2020-04-24,Russia,NA,Kurgan Oblast,845537,2,0,22,0
2020-04-25,Russia,NA,Kurgan Oblast,845537,5,0,27,0
2020-04-26,Russia,NA,Kurgan Oblast,845537,2,0,29,0
2020-04-27,Russia,NA,Kurgan Oblast,845537,2,0,31,0
2020-04-28,Russia,NA,Kurgan Oblast,845537,2,0,33,0
2020-04-29,Russia,NA,Kurgan Oblast,845537,6,0,39,0
2020-04-30,Russia,NA,Kurgan Oblast,845537,1,0,40,0
2020-05-01,Russia,NA,Kurgan Oblast,845537,5,0,45,0
2020-05-02,Russia,NA,Kurgan Oblast,845537,4,0,49,0
2020-05-03,Russia,NA,Kurgan Oblast,845537,2,0,51,0
2020-05-04,Russia,NA,Kurgan Oblast,845537,1,0,52,0
2020-05-05,Russia,NA,Kurgan Oblast,845537,3,0,55,0
2020-05-06,Russia,NA,Kurgan Oblast,845537,1,0,56,0
2020-05-07,Russia,NA,Kurgan Oblast,845537,5,0,61,0
2020-05-08,Russia,NA,Kurgan Oblast,845537,4,0,65,0
2020-05-09,Russia,NA,Kurgan Oblast,845537,6,0,71,0
2020-05-10,Russia,NA,Kurgan Oblast,845537,2,0,73,0
2020-05-11,Russia,NA,Kurgan Oblast,845537,6,0,79,0
2020-05-12,Russia,NA,Kurgan Oblast,845537,5,0,84,0
2020-05-13,Russia,NA,Kurgan Oblast,845537,2,0,86,0
2020-05-14,Russia,NA,Kurgan Oblast,845537,9,0,95,0
2020-05-15,Russia,NA,Kurgan Oblast,845537,8,0,103,0
2020-05-16,Russia,NA,Kurgan Oblast,845537,6,0,109,0
2020-05-17,Russia,NA,Kurgan Oblast,845537,2,0,111,0
2020-05-18,Russia,NA,Kurgan Oblast,845537,8,0,119,0
2020-05-19,Russia,NA,Kurgan Oblast,845537,11,0,130,0
2020-05-20,Russia,NA,Kurgan Oblast,845537,3,0,133,0
2020-05-21,Russia,NA,Kurgan Oblast,845537,17,0,150,0
2020-05-22,Russia,NA,Kurgan Oblast,845537,19,0,169,0
2020-05-23,Russia,NA,Kurgan Oblast,845537,8,0,177,0
2020-05-24,Russia,NA,Kurgan Oblast,845537,2,0,179,0
2020-05-25,Russia,NA,Kurgan Oblast,845537,4,0,183,0
2020-05-26,Russia,NA,Kurgan Oblast,845537,6,0,189,0
2020-05-27,Russia,NA,Kurgan Oblast,845537,3,0,192,0
2020-05-28,Russia,NA,Kurgan Oblast,845537,7,0,199,0
2020-05-29,Russia,NA,Kurgan Oblast,845537,3,0,202,0
2020-05-30,Russia,NA,Kurgan Oblast,845537,16,0,218,0
2020-05-31,Russia,NA,Kurgan Oblast,845537,13,0,231,0
2020-06-01,Russia,NA,Kurgan Oblast,845537,14,0,245,0
2020-06-02,Russia,NA,Kurgan Oblast,845537,7,0,252,0
2020-06-03,Russia,NA,Kurgan Oblast,845537,3,0,255,0
2020-06-04,Russia,NA,Kurgan Oblast,845537,4,0,259,0
2020-06-05,Russia,NA,Kurgan Oblast,845537,9,0,268,0
2020-06-06,Russia,NA,Kurgan Oblast,845537,12,0,280,0
2020-06-07,Russia,NA,Kurgan Oblast,845537,8,0,288,0
2020-06-08,Russia,NA,Kurgan Oblast,845537,18,0,306,0
2020-06-09,Russia,NA,Kurgan Oblast,845537,8,0,314,0
2020-06-10,Russia,NA,Kurgan Oblast,845537,16,0,330,0
2020-06-11,Russia,NA,Kurgan Oblast,845537,14,0,344,0
2020-06-12,Russia,NA,Kurgan Oblast,845537,11,0,355,0
2020-06-13,Russia,NA,Kurgan Oblast,845537,14,0,369,0
2020-06-14,Russia,NA,Kurgan Oblast,845537,15,0,384,0
2020-06-15,Russia,NA,Kurgan Oblast,845537,20,0,404,0
2020-06-16,Russia,NA,Kurgan Oblast,845537,9,0,413,0
2020-06-17,Russia,NA,Kurgan Oblast,845537,9,0,422,0
2020-06-18,Russia,NA,Kurgan Oblast,845537,19,0,441,0
2020-06-19,Russia,NA,Kurgan Oblast,845537,32,0,473,0
2020-06-20,Russia,NA,Kurgan Oblast,845537,28,0,501,0
2020-06-21,Russia,NA,Kurgan Oblast,845537,27,0,528,0
2020-06-22,Russia,NA,Kurgan Oblast,845537,43,0,571,0
2020-06-23,Russia,NA,Kurgan Oblast,845537,20,0,591,0
2020-06-24,Russia,NA,Kurgan Oblast,845537,34,0,625,0
2020-06-25,Russia,NA,Kurgan Oblast,845537,35,0,660,0
2020-06-26,Russia,NA,Kurgan Oblast,845537,19,0,679,0
2020-06-27,Russia,NA,Kurgan Oblast,845537,21,0,700,0
2020-06-28,Russia,NA,Kurgan Oblast,845537,39,0,739,0
2020-06-29,Russia,NA,Kurgan Oblast,845537,14,0,753,0
2020-06-30,Russia,NA,Kurgan Oblast,845537,33,0,786,0
2020-07-01,Russia,NA,Kurgan Oblast,845537,8,0,794,0
2020-07-02,Russia,NA,Kurgan Oblast,845537,40,0,834,0
2020-07-03,Russia,NA,Kurgan Oblast,845537,30,0,864,0
2020-07-04,Russia,NA,Kurgan Oblast,845537,41,0,905,0
2020-07-05,Russia,NA,Kurgan Oblast,845537,42,0,947,0
2020-07-06,Russia,NA,Kurgan Oblast,845537,53,0,1000,0
2020-07-07,Russia,NA,Kurgan Oblast,845537,58,0,1058,0
2020-07-08,Russia,NA,Kurgan Oblast,845537,61,0,1119,0
2020-07-09,Russia,NA,Kurgan Oblast,845537,61,0,1180,0
2020-07-10,Russia,NA,Kurgan Oblast,845537,60,0,1240,0
2020-07-11,Russia,NA,Kurgan Oblast,845537,63,0,1303,0
2020-07-12,Russia,NA,Kurgan Oblast,845537,65,0,1368,0
2020-07-13,Russia,NA,Kurgan Oblast,845537,64,0,1432,0
2020-07-14,Russia,NA,Kurgan Oblast,845537,58,0,1490,0
2020-07-15,Russia,NA,Kurgan Oblast,845537,56,0,1546,0
2020-07-16,Russia,NA,Kurgan Oblast,845537,55,0,1601,0
2020-07-17,Russia,NA,Kurgan Oblast,845537,52,0,1653,0
2020-07-18,Russia,NA,Kurgan Oblast,845537,50,0,1703,0
2020-07-19,Russia,NA,Kurgan Oblast,845537,49,0,1752,0
2020-07-20,Russia,NA,Kurgan Oblast,845537,51,0,1803,0
2020-07-21,Russia,NA,Kurgan Oblast,845537,47,0,1850,0
2020-07-22,Russia,NA,Kurgan Oblast,845537,44,0,1894,0
2020-07-23,Russia,NA,Kurgan Oblast,845537,42,0,1936,0
2020-07-24,Russia,NA,Kurgan Oblast,845537,43,0,1979,0
2020-07-25,Russia,NA,Kurgan Oblast,845537,38,0,2017,0
2020-07-26,Russia,NA,Kurgan Oblast,845537,38,0,2055,0
2020-07-27,Russia,NA,Kurgan Oblast,845537,36,0,2091,0
2020-07-28,Russia,NA,Kurgan Oblast,845537,35,0,2126,0
2020-07-29,Russia,NA,Kurgan Oblast,845537,37,0,2163,0
2020-07-30,Russia,NA,Kurgan Oblast,845537,36,0,2199,0
2020-07-31,Russia,NA,Kurgan Oblast,845537,35,0,2234,0
2020-08-01,Russia,NA,Kurgan Oblast,845537,33,0,2267,0
2020-08-02,Russia,NA,Kurgan Oblast,845537,36,0,2303,0
2020-08-17,Russia,NA,Kurgan Oblast,845537,0,0,2654,14
2020-08-18,Russia,NA,Kurgan Oblast,845537,25,0,2679,14
2020-08-19,Russia,NA,Kurgan Oblast,845537,24,1,2703,15
2020-08-20,Russia,NA,Kurgan Oblast,845537,26,1,2729,16
2020-08-21,Russia,NA,Kurgan Oblast,845537,23,1,2752,17
2020-08-22,Russia,NA,Kurgan Oblast,845537,25,0,2777,17
2020-08-23,Russia,NA,Kurgan Oblast,845537,23,0,2800,17
2020-08-24,Russia,NA,Kurgan Oblast,845537,24,0,2824,17
2020-08-25,Russia,NA,Kurgan Oblast,845537,22,0,2846,17
2020-08-26,Russia,NA,Kurgan Oblast,845537,24,0,2870,17
2020-08-27,Russia,NA,Kurgan Oblast,845537,21,0,2891,17
2020-08-28,Russia,NA,Kurgan Oblast,845537,23,0,2914,17
2020-08-29,Russia,NA,Kurgan Oblast,845537,20,0,2934,17
2020-08-30,Russia,NA,Kurgan Oblast,845537,23,0,2957,17
2020-08-31,Russia,NA,Kurgan Oblast,845537,24,0,2981,17
2020-09-01,Russia,NA,Kurgan Oblast,845537,22,0,3003,17
2020-09-02,Russia,NA,Kurgan Oblast,845537,24,0,3027,17
2020-09-03,Russia,NA,Kurgan Oblast,845537,23,1,3050,18
2020-09-04,Russia,NA,Kurgan Oblast,845537,21,1,3071,19
2020-09-05,Russia,NA,Kurgan Oblast,845537,25,0,3096,19
2020-09-06,Russia,NA,Kurgan Oblast,845537,25,0,3121,19
2020-09-07,Russia,NA,Kurgan Oblast,845537,24,0,3145,19
2020-09-08,Russia,NA,Kurgan Oblast,845537,27,1,3172,20
2020-09-09,Russia,NA,Kurgan Oblast,845537,26,1,3198,21
2020-09-10,Russia,NA,Kurgan Oblast,845537,26,0,3224,21
2020-09-11,Russia,NA,Kurgan Oblast,845537,29,0,3253,21
2020-09-12,Russia,NA,Kurgan Oblast,845537,29,1,3282,22
2020-09-13,Russia,NA,Kurgan Oblast,845537,28,0,3310,22
2020-09-14,Russia,NA,Kurgan Oblast,845537,26,0,3336,22
2020-09-15,Russia,NA,Kurgan Oblast,845537,25,1,3361,23
2020-04-09,Russia,NA,Kursk Oblast,1115237,10,0,20,0
2020-04-10,Russia,NA,Kursk Oblast,1115237,1,0,21,0
2020-04-11,Russia,NA,Kursk Oblast,1115237,21,0,42,0
2020-04-12,Russia,NA,Kursk Oblast,1115237,1,0,43,0
2020-04-13,Russia,NA,Kursk Oblast,1115237,15,0,58,0
2020-04-15,Russia,NA,Kursk Oblast,1115237,31,0,89,0
2020-04-16,Russia,NA,Kursk Oblast,1115237,31,0,120,0
2020-04-17,Russia,NA,Kursk Oblast,1115237,25,0,145,0
2020-04-18,Russia,NA,Kursk Oblast,1115237,25,0,170,0
2020-04-19,Russia,NA,Kursk Oblast,1115237,26,0,196,0
2020-04-20,Russia,NA,Kursk Oblast,1115237,24,0,220,0
2020-04-21,Russia,NA,Kursk Oblast,1115237,22,0,242,0
2020-04-22,Russia,NA,Kursk Oblast,1115237,34,0,276,0
2020-04-23,Russia,NA,Kursk Oblast,1115237,32,0,308,0
2020-04-24,Russia,NA,Kursk Oblast,1115237,37,0,345,0
2020-04-25,Russia,NA,Kursk Oblast,1115237,44,0,389,0
2020-04-26,Russia,NA,Kursk Oblast,1115237,67,0,456,0
2020-04-27,Russia,NA,Kursk Oblast,1115237,69,0,525,0
2020-04-28,Russia,NA,Kursk Oblast,1115237,65,0,590,0
2020-04-29,Russia,NA,Kursk Oblast,1115237,68,0,658,0
2020-04-30,Russia,NA,Kursk Oblast,1115237,68,0,726,0
2020-05-01,Russia,NA,Kursk Oblast,1115237,66,0,792,0
2020-05-02,Russia,NA,Kursk Oblast,1115237,69,0,861,0
2020-05-03,Russia,NA,Kursk Oblast,1115237,67,0,928,0
2020-05-04,Russia,NA,Kursk Oblast,1115237,69,0,997,0
2020-05-05,Russia,NA,Kursk Oblast,1115237,65,0,1062,0
2020-05-06,Russia,NA,Kursk Oblast,1115237,67,0,1129,0
2020-05-07,Russia,NA,Kursk Oblast,1115237,68,0,1197,0
2020-05-08,Russia,NA,Kursk Oblast,1115237,71,0,1268,0
2020-05-09,Russia,NA,Kursk Oblast,1115237,71,0,1339,0
2020-05-10,Russia,NA,Kursk Oblast,1115237,71,0,1410,0
2020-05-11,Russia,NA,Kursk Oblast,1115237,74,0,1484,0
2020-05-12,Russia,NA,Kursk Oblast,1115237,70,0,1554,0
2020-05-13,Russia,NA,Kursk Oblast,1115237,67,0,1621,0
2020-05-14,Russia,NA,Kursk Oblast,1115237,76,0,1697,0
2020-05-15,Russia,NA,Kursk Oblast,1115237,80,0,1777,0
2020-05-16,Russia,NA,Kursk Oblast,1115237,78,0,1855,0
2020-05-17,Russia,NA,Kursk Oblast,1115237,81,0,1936,0
2020-05-18,Russia,NA,Kursk Oblast,1115237,79,0,2015,0
2020-05-19,Russia,NA,Kursk Oblast,1115237,80,0,2095,0
2020-05-20,Russia,NA,Kursk Oblast,1115237,82,0,2177,0
2020-05-21,Russia,NA,Kursk Oblast,1115237,81,0,2258,0
2020-05-22,Russia,NA,Kursk Oblast,1115237,81,0,2339,0
2020-05-23,Russia,NA,Kursk Oblast,1115237,83,0,2422,0
2020-05-24,Russia,NA,Kursk Oblast,1115237,85,0,2507,0
2020-05-25,Russia,NA,Kursk Oblast,1115237,74,0,2581,0
2020-05-26,Russia,NA,Kursk Oblast,1115237,67,0,2648,0
2020-05-27,Russia,NA,Kursk Oblast,1115237,71,0,2719,0
2020-05-28,Russia,NA,Kursk Oblast,1115237,68,0,2787,0
2020-05-29,Russia,NA,Kursk Oblast,1115237,64,0,2851,0
2020-05-30,Russia,NA,Kursk Oblast,1115237,71,0,2922,0
2020-05-31,Russia,NA,Kursk Oblast,1115237,78,0,3000,0
2020-06-01,Russia,NA,Kursk Oblast,1115237,63,0,3063,0
2020-06-02,Russia,NA,Kursk Oblast,1115237,60,0,3123,0
2020-06-03,Russia,NA,Kursk Oblast,1115237,76,0,3199,0
2020-06-04,Russia,NA,Kursk Oblast,1115237,73,0,3272,0
2020-06-05,Russia,NA,Kursk Oblast,1115237,85,0,3357,0
2020-06-06,Russia,NA,Kursk Oblast,1115237,68,0,3425,0
2020-06-07,Russia,NA,Kursk Oblast,1115237,76,0,3501,0
2020-06-08,Russia,NA,Kursk Oblast,1115237,60,0,3561,0
2020-06-09,Russia,NA,Kursk Oblast,1115237,58,0,3619,0
2020-06-10,Russia,NA,Kursk Oblast,1115237,71,0,3690,0
2020-06-11,Russia,NA,Kursk Oblast,1115237,79,0,3769,0
2020-06-12,Russia,NA,Kursk Oblast,1115237,70,0,3839,0
2020-06-13,Russia,NA,Kursk Oblast,1115237,83,0,3922,0
2020-06-14,Russia,NA,Kursk Oblast,1115237,72,0,3994,0
2020-06-15,Russia,NA,Kursk Oblast,1115237,64,0,4058,0
2020-06-16,Russia,NA,Kursk Oblast,1115237,60,0,4118,0
2020-06-17,Russia,NA,Kursk Oblast,1115237,63,0,4181,0
2020-06-18,Russia,NA,Kursk Oblast,1115237,75,0,4256,0
2020-06-19,Russia,NA,Kursk Oblast,1115237,77,0,4333,0
2020-06-20,Russia,NA,Kursk Oblast,1115237,70,0,4403,0
2020-06-21,Russia,NA,Kursk Oblast,1115237,79,0,4482,0
2020-06-22,Russia,NA,Kursk Oblast,1115237,68,0,4550,0
2020-06-23,Russia,NA,Kursk Oblast,1115237,57,0,4607,0
2020-06-24,Russia,NA,Kursk Oblast,1115237,66,0,4673,0
2020-06-25,Russia,NA,Kursk Oblast,1115237,74,0,4747,0
2020-06-26,Russia,NA,Kursk Oblast,1115237,70,0,4817,0
2020-06-27,Russia,NA,Kursk Oblast,1115237,65,0,4882,0
2020-06-28,Russia,NA,Kursk Oblast,1115237,76,0,4958,0
2020-06-29,Russia,NA,Kursk Oblast,1115237,63,0,5021,0
2020-06-30,Russia,NA,Kursk Oblast,1115237,59,0,5080,0
2020-07-01,Russia,NA,Kursk Oblast,1115237,58,0,5138,0
2020-07-02,Russia,NA,Kursk Oblast,1115237,55,0,5193,0
2020-07-03,Russia,NA,Kursk Oblast,1115237,50,0,5243,0
2020-07-04,Russia,NA,Kursk Oblast,1115237,51,0,5294,0
2020-07-05,Russia,NA,Kursk Oblast,1115237,46,0,5340,0
2020-07-06,Russia,NA,Kursk Oblast,1115237,43,0,5383,0
2020-07-07,Russia,NA,Kursk Oblast,1115237,39,0,5422,0
2020-07-08,Russia,NA,Kursk Oblast,1115237,44,0,5466,0
2020-07-09,Russia,NA,Kursk Oblast,1115237,48,0,5514,0
2020-07-10,Russia,NA,Kursk Oblast,1115237,46,0,5560,0
2020-07-11,Russia,NA,Kursk Oblast,1115237,40,0,5600,0
2020-07-12,Russia,NA,Kursk Oblast,1115237,34,0,5634,0
2020-07-13,Russia,NA,Kursk Oblast,1115237,32,0,5666,0
2020-07-14,Russia,NA,Kursk Oblast,1115237,35,0,5701,0
2020-07-15,Russia,NA,Kursk Oblast,1115237,33,0,5734,0
2020-07-16,Russia,NA,Kursk Oblast,1115237,31,0,5765,0
2020-07-17,Russia,NA,Kursk Oblast,1115237,34,0,5799,0
2020-07-18,Russia,NA,Kursk Oblast,1115237,29,0,5828,0
2020-07-19,Russia,NA,Kursk Oblast,1115237,33,0,5861,0
2020-07-20,Russia,NA,Kursk Oblast,1115237,32,0,5893,0
2020-07-21,Russia,NA,Kursk Oblast,1115237,28,0,5921,0
2020-07-22,Russia,NA,Kursk Oblast,1115237,36,0,5957,0
2020-07-23,Russia,NA,Kursk Oblast,1115237,34,0,5991,0
2020-07-24,Russia,NA,Kursk Oblast,1115237,35,0,6026,0
2020-07-25,Russia,NA,Kursk Oblast,1115237,30,0,6056,0
2020-07-26,Russia,NA,Kursk Oblast,1115237,31,0,6087,0
2020-07-27,Russia,NA,Kursk Oblast,1115237,29,0,6116,0
2020-07-28,Russia,NA,Kursk Oblast,1115237,21,0,6137,0
2020-07-29,Russia,NA,Kursk Oblast,1115237,25,0,6162,0
2020-07-30,Russia,NA,Kursk Oblast,1115237,27,0,6189,0
2020-07-31,Russia,NA,Kursk Oblast,1115237,26,0,6215,0
2020-08-01,Russia,NA,Kursk Oblast,1115237,25,0,6240,0
2020-08-02,Russia,NA,Kursk Oblast,1115237,30,0,6270,0
2020-08-17,Russia,NA,Kursk Oblast,1115237,0,0,6683,51
2020-08-18,Russia,NA,Kursk Oblast,1115237,28,0,6711,51
2020-08-19,Russia,NA,Kursk Oblast,1115237,30,0,6741,51
2020-08-20,Russia,NA,Kursk Oblast,1115237,36,0,6777,51
2020-08-21,Russia,NA,Kursk Oblast,1115237,33,1,6810,52
2020-08-22,Russia,NA,Kursk Oblast,1115237,34,0,6844,52
2020-08-23,Russia,NA,Kursk Oblast,1115237,35,0,6879,52
2020-08-24,Russia,NA,Kursk Oblast,1115237,34,0,6913,52
2020-08-25,Russia,NA,Kursk Oblast,1115237,28,1,6941,53
2020-08-26,Russia,NA,Kursk Oblast,1115237,34,0,6975,53
2020-08-27,Russia,NA,Kursk Oblast,1115237,33,0,7008,53
2020-08-28,Russia,NA,Kursk Oblast,1115237,33,0,7041,53
2020-08-29,Russia,NA,Kursk Oblast,1115237,31,0,7072,53
2020-08-30,Russia,NA,Kursk Oblast,1115237,23,0,7095,53
2020-08-31,Russia,NA,Kursk Oblast,1115237,25,0,7120,53
2020-09-01,Russia,NA,Kursk Oblast,1115237,25,0,7145,53
2020-09-02,Russia,NA,Kursk Oblast,1115237,32,0,7177,53
2020-09-03,Russia,NA,Kursk Oblast,1115237,28,1,7205,54
2020-09-04,Russia,NA,Kursk Oblast,1115237,35,0,7240,54
2020-09-05,Russia,NA,Kursk Oblast,1115237,29,0,7269,54
2020-09-06,Russia,NA,Kursk Oblast,1115237,22,0,7291,54
2020-09-07,Russia,NA,Kursk Oblast,1115237,24,0,7315,54
2020-09-08,Russia,NA,Kursk Oblast,1115237,28,0,7343,54
2020-09-09,Russia,NA,Kursk Oblast,1115237,29,0,7372,54
2020-09-10,Russia,NA,Kursk Oblast,1115237,33,0,7405,54
2020-09-11,Russia,NA,Kursk Oblast,1115237,38,0,7443,54
2020-09-12,Russia,NA,Kursk Oblast,1115237,36,0,7479,54
2020-09-13,Russia,NA,Kursk Oblast,1115237,27,0,7506,54
2020-09-14,Russia,NA,Kursk Oblast,1115237,23,0,7529,54
2020-09-15,Russia,NA,Kursk Oblast,1115237,29,1,7558,55
2020-03-30,Russia,NA,Leningrad Oblast,1813816,2,0,11,0
2020-03-31,Russia,NA,Leningrad Oblast,1813816,3,0,14,0
2020-04-01,Russia,NA,Leningrad Oblast,1813816,6,0,20,0
2020-04-02,Russia,NA,Leningrad Oblast,1813816,11,0,31,0
2020-04-03,Russia,NA,Leningrad Oblast,1813816,10,0,41,0
2020-04-04,Russia,NA,Leningrad Oblast,1813816,6,0,47,0
2020-04-05,Russia,NA,Leningrad Oblast,1813816,10,0,57,0
2020-04-06,Russia,NA,Leningrad Oblast,1813816,5,0,62,0
2020-04-08,Russia,NA,Leningrad Oblast,1813816,32,0,94,0
2020-04-09,Russia,NA,Leningrad Oblast,1813816,18,0,112,0
2020-04-10,Russia,NA,Leningrad Oblast,1813816,17,0,129,0
2020-04-11,Russia,NA,Leningrad Oblast,1813816,5,0,134,0
2020-04-12,Russia,NA,Leningrad Oblast,1813816,5,0,139,0
2020-04-13,Russia,NA,Leningrad Oblast,1813816,16,0,155,0
2020-04-14,Russia,NA,Leningrad Oblast,1813816,35,0,190,0
2020-04-15,Russia,NA,Leningrad Oblast,1813816,108,0,298,0
2020-04-16,Russia,NA,Leningrad Oblast,1813816,32,0,330,0
2020-04-17,Russia,NA,Leningrad Oblast,1813816,24,0,354,0
2020-04-18,Russia,NA,Leningrad Oblast,1813816,34,0,388,0
2020-04-19,Russia,NA,Leningrad Oblast,1813816,29,0,417,0
2020-04-20,Russia,NA,Leningrad Oblast,1813816,37,0,454,0
2020-04-21,Russia,NA,Leningrad Oblast,1813816,42,0,496,0
2020-04-22,Russia,NA,Leningrad Oblast,1813816,41,0,537,0
2020-04-23,Russia,NA,Leningrad Oblast,1813816,39,0,576,0
2020-04-24,Russia,NA,Leningrad Oblast,1813816,39,0,615,0
2020-04-25,Russia,NA,Leningrad Oblast,1813816,43,0,658,0
2020-04-26,Russia,NA,Leningrad Oblast,1813816,42,0,700,0
2020-04-27,Russia,NA,Leningrad Oblast,1813816,43,0,743,0
2020-04-29,Russia,NA,Leningrad Oblast,1813816,53,0,796,0
2020-04-30,Russia,NA,Leningrad Oblast,1813816,51,0,847,0
2020-05-01,Russia,NA,Leningrad Oblast,1813816,44,0,891,0
2020-05-02,Russia,NA,Leningrad Oblast,1813816,46,0,937,0
2020-05-03,Russia,NA,Leningrad Oblast,1813816,62,0,999,0
2020-05-04,Russia,NA,Leningrad Oblast,1813816,59,0,1058,0
2020-05-05,Russia,NA,Leningrad Oblast,1813816,53,0,1111,0
2020-05-06,Russia,NA,Leningrad Oblast,1813816,51,0,1162,0
2020-05-07,Russia,NA,Leningrad Oblast,1813816,63,0,1225,0
2020-05-08,Russia,NA,Leningrad Oblast,1813816,91,0,1316,0
2020-05-09,Russia,NA,Leningrad Oblast,1813816,79,0,1395,0
2020-05-10,Russia,NA,Leningrad Oblast,1813816,67,0,1462,0
2020-05-11,Russia,NA,Leningrad Oblast,1813816,66,0,1528,0
2020-05-12,Russia,NA,Leningrad Oblast,1813816,74,0,1602,0
2020-05-13,Russia,NA,Leningrad Oblast,1813816,66,0,1668,0
2020-05-14,Russia,NA,Leningrad Oblast,1813816,69,0,1737,0
2020-05-15,Russia,NA,Leningrad Oblast,1813816,66,0,1803,0
2020-05-16,Russia,NA,Leningrad Oblast,1813816,72,0,1875,0
2020-05-17,Russia,NA,Leningrad Oblast,1813816,69,0,1944,0
2020-05-18,Russia,NA,Leningrad Oblast,1813816,70,0,2014,0
2020-05-19,Russia,NA,Leningrad Oblast,1813816,81,0,2095,0
2020-05-20,Russia,NA,Leningrad Oblast,1813816,75,0,2170,0
2020-05-21,Russia,NA,Leningrad Oblast,1813816,61,0,2231,0
2020-05-22,Russia,NA,Leningrad Oblast,1813816,54,0,2285,0
2020-05-23,Russia,NA,Leningrad Oblast,1813816,57,0,2342,0
2020-05-24,Russia,NA,Leningrad Oblast,1813816,57,0,2399,0
2020-05-25,Russia,NA,Leningrad Oblast,1813816,58,0,2457,0
2020-05-26,Russia,NA,Leningrad Oblast,1813816,58,0,2515,0
2020-05-27,Russia,NA,Leningrad Oblast,1813816,56,0,2571,0
2020-05-28,Russia,NA,Leningrad Oblast,1813816,51,0,2622,0
2020-05-29,Russia,NA,Leningrad Oblast,1813816,53,0,2675,0
2020-05-30,Russia,NA,Leningrad Oblast,1813816,55,0,2730,0
2020-05-31,Russia,NA,Leningrad Oblast,1813816,54,0,2784,0
2020-06-01,Russia,NA,Leningrad Oblast,1813816,53,0,2837,0
2020-06-02,Russia,NA,Leningrad Oblast,1813816,53,0,2890,0
2020-06-03,Russia,NA,Leningrad Oblast,1813816,54,0,2944,0
2020-06-04,Russia,NA,Leningrad Oblast,1813816,52,0,2996,0
2020-06-05,Russia,NA,Leningrad Oblast,1813816,52,0,3048,0
2020-06-06,Russia,NA,Leningrad Oblast,1813816,51,0,3099,0
2020-06-07,Russia,NA,Leningrad Oblast,1813816,51,0,3150,0
2020-06-08,Russia,NA,Leningrad Oblast,1813816,50,0,3200,0
2020-06-09,Russia,NA,Leningrad Oblast,1813816,49,0,3249,0
2020-06-10,Russia,NA,Leningrad Oblast,1813816,55,0,3304,0
2020-06-11,Russia,NA,Leningrad Oblast,1813816,54,0,3358,0
2020-06-12,Russia,NA,Leningrad Oblast,1813816,52,0,3410,0
2020-06-13,Russia,NA,Leningrad Oblast,1813816,53,0,3463,0
2020-06-14,Russia,NA,Leningrad Oblast,1813816,52,0,3515,0
2020-06-15,Russia,NA,Leningrad Oblast,1813816,73,0,3588,0
2020-06-16,Russia,NA,Leningrad Oblast,1813816,70,0,3658,0
2020-06-17,Russia,NA,Leningrad Oblast,1813816,55,0,3713,0
2020-06-18,Russia,NA,Leningrad Oblast,1813816,54,0,3767,0
2020-06-19,Russia,NA,Leningrad Oblast,1813816,53,0,3820,0
2020-06-20,Russia,NA,Leningrad Oblast,1813816,54,0,3874,0
2020-06-21,Russia,NA,Leningrad Oblast,1813816,52,0,3926,0
2020-06-22,Russia,NA,Leningrad Oblast,1813816,52,0,3978,0
2020-06-23,Russia,NA,Leningrad Oblast,1813816,51,0,4029,0
2020-06-24,Russia,NA,Leningrad Oblast,1813816,52,0,4081,0
2020-06-25,Russia,NA,Leningrad Oblast,1813816,51,0,4132,0
2020-06-26,Russia,NA,Leningrad Oblast,1813816,50,0,4182,0
2020-06-27,Russia,NA,Leningrad Oblast,1813816,51,0,4233,0
2020-06-28,Russia,NA,Leningrad Oblast,1813816,50,0,4283,0
2020-06-29,Russia,NA,Leningrad Oblast,1813816,49,0,4332,0
2020-06-30,Russia,NA,Leningrad Oblast,1813816,50,0,4382,0
2020-07-01,Russia,NA,Leningrad Oblast,1813816,53,0,4435,0
2020-07-02,Russia,NA,Leningrad Oblast,1813816,57,0,4492,0
2020-07-03,Russia,NA,Leningrad Oblast,1813816,54,0,4546,0
2020-07-04,Russia,NA,Leningrad Oblast,1813816,51,0,4597,0
2020-07-05,Russia,NA,Leningrad Oblast,1813816,53,0,4650,0
2020-07-06,Russia,NA,Leningrad Oblast,1813816,52,0,4702,0
2020-07-07,Russia,NA,Leningrad Oblast,1813816,52,0,4754,0
2020-07-08,Russia,NA,Leningrad Oblast,1813816,50,0,4804,0
2020-07-09,Russia,NA,Leningrad Oblast,1813816,50,0,4854,0
2020-07-10,Russia,NA,Leningrad Oblast,1813816,50,0,4904,0
2020-07-11,Russia,NA,Leningrad Oblast,1813816,47,0,4951,0
2020-07-12,Russia,NA,Leningrad Oblast,1813816,48,0,4999,0
2020-07-13,Russia,NA,Leningrad Oblast,1813816,47,0,5046,0
2020-07-14,Russia,NA,Leningrad Oblast,1813816,46,0,5092,0
2020-07-15,Russia,NA,Leningrad Oblast,1813816,47,0,5139,0
2020-07-16,Russia,NA,Leningrad Oblast,1813816,47,0,5186,0
2020-07-17,Russia,NA,Leningrad Oblast,1813816,45,0,5231,0
2020-07-18,Russia,NA,Leningrad Oblast,1813816,46,0,5277,0
2020-07-19,Russia,NA,Leningrad Oblast,1813816,45,0,5322,0
2020-07-20,Russia,NA,Leningrad Oblast,1813816,45,0,5367,0
2020-07-21,Russia,NA,Leningrad Oblast,1813816,44,0,5411,0
2020-07-22,Russia,NA,Leningrad Oblast,1813816,44,0,5455,0
2020-07-23,Russia,NA,Leningrad Oblast,1813816,45,0,5500,0
2020-07-24,Russia,NA,Leningrad Oblast,1813816,45,0,5545,0
2020-07-25,Russia,NA,Leningrad Oblast,1813816,43,0,5588,0
2020-07-26,Russia,NA,Leningrad Oblast,1813816,43,0,5631,0
2020-07-27,Russia,NA,Leningrad Oblast,1813816,41,0,5672,0
2020-07-28,Russia,NA,Leningrad Oblast,1813816,47,0,5719,0
2020-07-29,Russia,NA,Leningrad Oblast,1813816,40,0,5759,0
2020-07-30,Russia,NA,Leningrad Oblast,1813816,40,0,5799,0
2020-07-31,Russia,NA,Leningrad Oblast,1813816,39,0,5838,0
2020-08-01,Russia,NA,Leningrad Oblast,1813816,40,0,5878,0
2020-08-02,Russia,NA,Leningrad Oblast,1813816,39,0,5917,0
2020-08-17,Russia,NA,Leningrad Oblast,1813816,0,0,6401,68
2020-08-18,Russia,NA,Leningrad Oblast,1813816,26,2,6427,70
2020-08-19,Russia,NA,Leningrad Oblast,1813816,28,0,6455,70
2020-08-20,Russia,NA,Leningrad Oblast,1813816,29,0,6484,70
2020-08-21,Russia,NA,Leningrad Oblast,1813816,29,0,6513,70
2020-08-22,Russia,NA,Leningrad Oblast,1813816,28,4,6541,74
2020-08-23,Russia,NA,Leningrad Oblast,1813816,28,0,6569,74
2020-08-24,Russia,NA,Leningrad Oblast,1813816,27,0,6596,74
2020-08-25,Russia,NA,Leningrad Oblast,1813816,30,0,6626,74
2020-08-26,Russia,NA,Leningrad Oblast,1813816,30,0,6656,74
2020-08-27,Russia,NA,Leningrad Oblast,1813816,29,5,6685,79
2020-08-28,Russia,NA,Leningrad Oblast,1813816,31,0,6716,79
2020-08-29,Russia,NA,Leningrad Oblast,1813816,31,0,6747,79
2020-08-30,Russia,NA,Leningrad Oblast,1813816,32,0,6779,79
2020-08-31,Russia,NA,Leningrad Oblast,1813816,32,0,6811,79
2020-09-01,Russia,NA,Leningrad Oblast,1813816,31,0,6842,79
2020-09-02,Russia,NA,Leningrad Oblast,1813816,35,1,6877,80
2020-09-03,Russia,NA,Leningrad Oblast,1813816,34,0,6911,80
2020-09-04,Russia,NA,Leningrad Oblast,1813816,33,2,6944,82
2020-09-05,Russia,NA,Leningrad Oblast,1813816,34,0,6978,82
2020-09-06,Russia,NA,Leningrad Oblast,1813816,35,1,7013,83
2020-09-07,Russia,NA,Leningrad Oblast,1813816,36,0,7049,83
2020-09-08,Russia,NA,Leningrad Oblast,1813816,37,2,7086,85
2020-09-09,Russia,NA,Leningrad Oblast,1813816,35,1,7121,86
2020-09-10,Russia,NA,Leningrad Oblast,1813816,35,0,7156,86
2020-09-11,Russia,NA,Leningrad Oblast,1813816,36,0,7192,86
2020-09-12,Russia,NA,Leningrad Oblast,1813816,36,0,7228,86
2020-09-13,Russia,NA,Leningrad Oblast,1813816,37,0,7265,86
2020-09-14,Russia,NA,Leningrad Oblast,1813816,36,1,7301,87
2020-09-15,Russia,NA,Leningrad Oblast,1813816,38,3,7339,90
2020-04-01,Russia,NA,Lipetsk Oblast,1150201,1,0,11,0
2020-04-02,Russia,NA,Lipetsk Oblast,1150201,4,0,15,0
2020-04-03,Russia,NA,Lipetsk Oblast,1150201,3,0,18,0
2020-04-06,Russia,NA,Lipetsk Oblast,1150201,8,0,26,0
2020-04-08,Russia,NA,Lipetsk Oblast,1150201,18,0,44,0
2020-04-09,Russia,NA,Lipetsk Oblast,1150201,4,0,48,0
2020-04-10,Russia,NA,Lipetsk Oblast,1150201,7,0,55,0
2020-04-11,Russia,NA,Lipetsk Oblast,1150201,3,0,58,0
2020-04-12,Russia,NA,Lipetsk Oblast,1150201,5,0,63,0
2020-04-13,Russia,NA,Lipetsk Oblast,1150201,6,0,69,0
2020-04-14,Russia,NA,Lipetsk Oblast,1150201,5,0,74,0
2020-04-15,Russia,NA,Lipetsk Oblast,1150201,11,0,85,0
2020-04-16,Russia,NA,Lipetsk Oblast,1150201,11,0,96,0
2020-04-17,Russia,NA,Lipetsk Oblast,1150201,12,0,108,0
2020-04-18,Russia,NA,Lipetsk Oblast,1150201,21,0,129,0
2020-04-19,Russia,NA,Lipetsk Oblast,1150201,20,0,149,0
2020-04-20,Russia,NA,Lipetsk Oblast,1150201,20,0,169,0
2020-04-21,Russia,NA,Lipetsk Oblast,1150201,20,0,189,0
2020-04-22,Russia,NA,Lipetsk Oblast,1150201,24,0,213,0
2020-04-23,Russia,NA,Lipetsk Oblast,1150201,25,0,238,0
2020-04-24,Russia,NA,Lipetsk Oblast,1150201,25,0,263,0
2020-04-25,Russia,NA,Lipetsk Oblast,1150201,21,0,284,0
2020-04-26,Russia,NA,Lipetsk Oblast,1150201,22,0,306,0
2020-04-27,Russia,NA,Lipetsk Oblast,1150201,24,0,330,0
2020-04-28,Russia,NA,Lipetsk Oblast,1150201,26,0,356,0
2020-04-29,Russia,NA,Lipetsk Oblast,1150201,28,0,384,0
2020-04-30,Russia,NA,Lipetsk Oblast,1150201,31,0,415,0
2020-05-01,Russia,NA,Lipetsk Oblast,1150201,31,0,446,0
2020-05-02,Russia,NA,Lipetsk Oblast,1150201,35,0,481,0
2020-05-03,Russia,NA,Lipetsk Oblast,1150201,39,0,520,0
2020-05-04,Russia,NA,Lipetsk Oblast,1150201,43,0,563,0
2020-05-05,Russia,NA,Lipetsk Oblast,1150201,47,0,610,0
2020-05-06,Russia,NA,Lipetsk Oblast,1150201,46,0,656,0
2020-05-07,Russia,NA,Lipetsk Oblast,1150201,47,0,703,0
2020-05-08,Russia,NA,Lipetsk Oblast,1150201,49,0,752,0
2020-05-09,Russia,NA,Lipetsk Oblast,1150201,49,0,801,0
2020-05-10,Russia,NA,Lipetsk Oblast,1150201,48,0,849,0
2020-05-11,Russia,NA,Lipetsk Oblast,1150201,48,0,897,0
2020-05-12,Russia,NA,Lipetsk Oblast,1150201,47,0,944,0
2020-05-13,Russia,NA,Lipetsk Oblast,1150201,46,0,990,0
2020-05-14,Russia,NA,Lipetsk Oblast,1150201,46,0,1036,0
2020-05-15,Russia,NA,Lipetsk Oblast,1150201,47,0,1083,0
2020-05-16,Russia,NA,Lipetsk Oblast,1150201,50,0,1133,0
2020-05-17,Russia,NA,Lipetsk Oblast,1150201,53,0,1186,0
2020-05-18,Russia,NA,Lipetsk Oblast,1150201,54,0,1240,0
2020-05-19,Russia,NA,Lipetsk Oblast,1150201,58,0,1298,0
2020-05-20,Russia,NA,Lipetsk Oblast,1150201,79,0,1377,0
2020-05-21,Russia,NA,Lipetsk Oblast,1150201,62,0,1439,0
2020-05-22,Russia,NA,Lipetsk Oblast,1150201,64,0,1503,0
2020-05-23,Russia,NA,Lipetsk Oblast,1150201,65,0,1568,0
2020-05-24,Russia,NA,Lipetsk Oblast,1150201,65,0,1633,0
2020-05-25,Russia,NA,Lipetsk Oblast,1150201,63,0,1696,0
2020-05-26,Russia,NA,Lipetsk Oblast,1150201,68,0,1764,0
2020-05-27,Russia,NA,Lipetsk Oblast,1150201,72,0,1836,0
2020-05-28,Russia,NA,Lipetsk Oblast,1150201,70,0,1906,0
2020-05-29,Russia,NA,Lipetsk Oblast,1150201,70,0,1976,0
2020-05-30,Russia,NA,Lipetsk Oblast,1150201,72,0,2048,0
2020-05-31,Russia,NA,Lipetsk Oblast,1150201,75,0,2123,0
2020-06-01,Russia,NA,Lipetsk Oblast,1150201,71,0,2194,0
2020-06-02,Russia,NA,Lipetsk Oblast,1150201,67,0,2261,0
2020-06-03,Russia,NA,Lipetsk Oblast,1150201,65,0,2326,0
2020-06-04,Russia,NA,Lipetsk Oblast,1150201,62,0,2388,0
2020-06-05,Russia,NA,Lipetsk Oblast,1150201,64,0,2452,0
2020-06-06,Russia,NA,Lipetsk Oblast,1150201,64,0,2516,0
2020-06-07,Russia,NA,Lipetsk Oblast,1150201,61,0,2577,0
2020-06-08,Russia,NA,Lipetsk Oblast,1150201,60,0,2637,0
2020-06-09,Russia,NA,Lipetsk Oblast,1150201,60,0,2697,0
2020-06-10,Russia,NA,Lipetsk Oblast,1150201,61,0,2758,0
2020-06-11,Russia,NA,Lipetsk Oblast,1150201,59,0,2817,0
2020-06-12,Russia,NA,Lipetsk Oblast,1150201,61,0,2878,0
2020-06-13,Russia,NA,Lipetsk Oblast,1150201,59,0,2937,0
2020-06-14,Russia,NA,Lipetsk Oblast,1150201,58,0,2995,0
2020-06-15,Russia,NA,Lipetsk Oblast,1150201,58,0,3053,0
2020-06-16,Russia,NA,Lipetsk Oblast,1150201,60,0,3113,0
2020-06-17,Russia,NA,Lipetsk Oblast,1150201,58,0,3171,0
2020-06-18,Russia,NA,Lipetsk Oblast,1150201,57,0,3228,0
2020-06-19,Russia,NA,Lipetsk Oblast,1150201,57,0,3285,0
2020-06-20,Russia,NA,Lipetsk Oblast,1150201,52,0,3337,0
2020-06-21,Russia,NA,Lipetsk Oblast,1150201,51,0,3388,0
2020-06-22,Russia,NA,Lipetsk Oblast,1150201,50,0,3438,0
2020-06-23,Russia,NA,Lipetsk Oblast,1150201,49,0,3487,0
2020-06-24,Russia,NA,Lipetsk Oblast,1150201,49,0,3536,0
2020-06-25,Russia,NA,Lipetsk Oblast,1150201,47,0,3583,0
2020-06-26,Russia,NA,Lipetsk Oblast,1150201,40,0,3623,0
2020-06-27,Russia,NA,Lipetsk Oblast,1150201,40,0,3663,0
2020-06-28,Russia,NA,Lipetsk Oblast,1150201,39,0,3702,0
2020-06-29,Russia,NA,Lipetsk Oblast,1150201,39,0,3741,0
2020-06-30,Russia,NA,Lipetsk Oblast,1150201,38,0,3779,0
2020-07-01,Russia,NA,Lipetsk Oblast,1150201,37,0,3816,0
2020-07-02,Russia,NA,Lipetsk Oblast,1150201,36,0,3852,0
2020-07-03,Russia,NA,Lipetsk Oblast,1150201,36,0,3888,0
2020-07-04,Russia,NA,Lipetsk Oblast,1150201,35,0,3923,0
2020-07-05,Russia,NA,Lipetsk Oblast,1150201,35,0,3958,0
2020-07-06,Russia,NA,Lipetsk Oblast,1150201,34,0,3992,0
2020-07-07,Russia,NA,Lipetsk Oblast,1150201,34,0,4026,0
2020-07-08,Russia,NA,Lipetsk Oblast,1150201,34,0,4060,0
2020-07-09,Russia,NA,Lipetsk Oblast,1150201,33,0,4093,0
2020-07-10,Russia,NA,Lipetsk Oblast,1150201,32,0,4125,0
2020-07-11,Russia,NA,Lipetsk Oblast,1150201,33,0,4158,0
2020-07-12,Russia,NA,Lipetsk Oblast,1150201,32,0,4190,0
2020-07-13,Russia,NA,Lipetsk Oblast,1150201,33,0,4223,0
2020-07-14,Russia,NA,Lipetsk Oblast,1150201,32,0,4255,0
2020-07-15,Russia,NA,Lipetsk Oblast,1150201,32,0,4287,0
2020-07-16,Russia,NA,Lipetsk Oblast,1150201,31,0,4318,0
2020-07-17,Russia,NA,Lipetsk Oblast,1150201,31,0,4349,0
2020-07-18,Russia,NA,Lipetsk Oblast,1150201,25,0,4374,0
2020-07-19,Russia,NA,Lipetsk Oblast,1150201,21,0,4395,0
2020-07-20,Russia,NA,Lipetsk Oblast,1150201,15,0,4410,0
2020-07-21,Russia,NA,Lipetsk Oblast,1150201,13,0,4423,0
2020-07-22,Russia,NA,Lipetsk Oblast,1150201,12,0,4435,0
2020-07-23,Russia,NA,Lipetsk Oblast,1150201,13,0,4448,0
2020-07-24,Russia,NA,Lipetsk Oblast,1150201,12,0,4460,0
2020-07-25,Russia,NA,Lipetsk Oblast,1150201,14,0,4474,0
2020-07-26,Russia,NA,Lipetsk Oblast,1150201,14,0,4488,0
2020-07-27,Russia,NA,Lipetsk Oblast,1150201,11,0,4499,0
2020-07-28,Russia,NA,Lipetsk Oblast,1150201,11,0,4510,0
2020-07-29,Russia,NA,Lipetsk Oblast,1150201,12,0,4522,0
2020-07-30,Russia,NA,Lipetsk Oblast,1150201,14,0,4536,0
2020-07-31,Russia,NA,Lipetsk Oblast,1150201,14,0,4550,0
2020-08-01,Russia,NA,Lipetsk Oblast,1150201,15,0,4565,0
2020-08-02,Russia,NA,Lipetsk Oblast,1150201,13,0,4578,0
2020-08-17,Russia,NA,Lipetsk Oblast,1150201,0,0,4834,23
2020-08-18,Russia,NA,Lipetsk Oblast,1150201,16,1,4850,24
2020-08-19,Russia,NA,Lipetsk Oblast,1150201,17,0,4867,24
2020-08-20,Russia,NA,Lipetsk Oblast,1150201,16,1,4883,25
2020-08-21,Russia,NA,Lipetsk Oblast,1150201,18,0,4901,25
2020-08-22,Russia,NA,Lipetsk Oblast,1150201,17,0,4918,25
2020-08-23,Russia,NA,Lipetsk Oblast,1150201,16,0,4934,25
2020-08-24,Russia,NA,Lipetsk Oblast,1150201,18,0,4952,25
2020-08-25,Russia,NA,Lipetsk Oblast,1150201,16,0,4968,25
2020-08-26,Russia,NA,Lipetsk Oblast,1150201,17,0,4985,25
2020-08-27,Russia,NA,Lipetsk Oblast,1150201,16,1,5001,26
2020-08-28,Russia,NA,Lipetsk Oblast,1150201,19,0,5020,26
2020-08-29,Russia,NA,Lipetsk Oblast,1150201,21,0,5041,26
2020-08-30,Russia,NA,Lipetsk Oblast,1150201,22,0,5063,26
2020-08-31,Russia,NA,Lipetsk Oblast,1150201,31,0,5094,26
2020-09-01,Russia,NA,Lipetsk Oblast,1150201,31,1,5125,27
2020-09-02,Russia,NA,Lipetsk Oblast,1150201,34,0,5159,27
2020-09-03,Russia,NA,Lipetsk Oblast,1150201,34,1,5193,28
2020-09-04,Russia,NA,Lipetsk Oblast,1150201,32,1,5225,29
2020-09-05,Russia,NA,Lipetsk Oblast,1150201,32,1,5257,30
2020-09-06,Russia,NA,Lipetsk Oblast,1150201,31,0,5288,30
2020-09-07,Russia,NA,Lipetsk Oblast,1150201,30,0,5318,30
2020-09-08,Russia,NA,Lipetsk Oblast,1150201,33,0,5351,30
2020-09-09,Russia,NA,Lipetsk Oblast,1150201,35,0,5386,30
2020-09-10,Russia,NA,Lipetsk Oblast,1150201,37,1,5423,31
2020-09-11,Russia,NA,Lipetsk Oblast,1150201,33,1,5456,32
2020-09-12,Russia,NA,Lipetsk Oblast,1150201,32,0,5488,32
2020-09-13,Russia,NA,Lipetsk Oblast,1150201,30,0,5518,32
2020-09-14,Russia,NA,Lipetsk Oblast,1150201,31,2,5549,34
2020-09-15,Russia,NA,Lipetsk Oblast,1150201,33,0,5582,34
2020-04-16,Russia,NA,Magadan Oblast,144091,15,0,18,0
2020-04-18,Russia,NA,Magadan Oblast,144091,44,0,62,0
2020-04-19,Russia,NA,Magadan Oblast,144091,1,0,63,0
2020-04-21,Russia,NA,Magadan Oblast,144091,2,0,65,0
2020-04-22,Russia,NA,Magadan Oblast,144091,2,0,67,0
2020-04-23,Russia,NA,Magadan Oblast,144091,9,0,76,0
2020-04-24,Russia,NA,Magadan Oblast,144091,2,0,78,0
2020-04-25,Russia,NA,Magadan Oblast,144091,9,0,87,0
2020-04-26,Russia,NA,Magadan Oblast,144091,1,0,88,0
2020-04-27,Russia,NA,Magadan Oblast,144091,3,0,91,0
2020-04-28,Russia,NA,Magadan Oblast,144091,1,0,92,0
2020-04-29,Russia,NA,Magadan Oblast,144091,7,0,99,0
2020-04-30,Russia,NA,Magadan Oblast,144091,2,0,101,0
2020-05-01,Russia,NA,Magadan Oblast,144091,9,0,110,0
2020-05-02,Russia,NA,Magadan Oblast,144091,4,0,114,0
2020-05-03,Russia,NA,Magadan Oblast,144091,2,0,116,0
2020-05-05,Russia,NA,Magadan Oblast,144091,15,0,131,0
2020-05-06,Russia,NA,Magadan Oblast,144091,5,0,136,0
2020-05-07,Russia,NA,Magadan Oblast,144091,2,0,138,0
2020-05-08,Russia,NA,Magadan Oblast,144091,8,0,146,0
2020-05-09,Russia,NA,Magadan Oblast,144091,8,0,154,0
2020-05-10,Russia,NA,Magadan Oblast,144091,1,0,155,0
2020-05-12,Russia,NA,Magadan Oblast,144091,2,0,157,0
2020-05-13,Russia,NA,Magadan Oblast,144091,5,0,162,0
2020-05-14,Russia,NA,Magadan Oblast,144091,1,0,163,0
2020-05-15,Russia,NA,Magadan Oblast,144091,8,0,171,0
2020-05-16,Russia,NA,Magadan Oblast,144091,3,0,174,0
2020-05-17,Russia,NA,Magadan Oblast,144091,12,0,186,0
2020-05-18,Russia,NA,Magadan Oblast,144091,3,0,189,0
2020-05-19,Russia,NA,Magadan Oblast,144091,7,0,196,0
2020-05-20,Russia,NA,Magadan Oblast,144091,5,0,201,0
2020-05-21,Russia,NA,Magadan Oblast,144091,5,0,206,0
2020-05-22,Russia,NA,Magadan Oblast,144091,3,0,209,0
2020-05-23,Russia,NA,Magadan Oblast,144091,9,0,218,0
2020-05-24,Russia,NA,Magadan Oblast,144091,5,0,223,0
2020-05-26,Russia,NA,Magadan Oblast,144091,4,0,227,0
2020-05-27,Russia,NA,Magadan Oblast,144091,1,0,228,0
2020-05-28,Russia,NA,Magadan Oblast,144091,2,0,230,0
2020-05-29,Russia,NA,Magadan Oblast,144091,8,0,238,0
2020-05-31,Russia,NA,Magadan Oblast,144091,5,0,243,0
2020-06-01,Russia,NA,Magadan Oblast,144091,3,0,246,0
2020-06-02,Russia,NA,Magadan Oblast,144091,2,0,248,0
2020-06-03,Russia,NA,Magadan Oblast,144091,12,0,260,0
2020-06-04,Russia,NA,Magadan Oblast,144091,11,0,271,0
2020-06-05,Russia,NA,Magadan Oblast,144091,15,0,286,0
2020-06-06,Russia,NA,Magadan Oblast,144091,27,0,313,0
2020-06-07,Russia,NA,Magadan Oblast,144091,14,0,327,0
2020-06-08,Russia,NA,Magadan Oblast,144091,12,0,339,0
2020-06-09,Russia,NA,Magadan Oblast,144091,9,0,348,0
2020-06-10,Russia,NA,Magadan Oblast,144091,11,0,359,0
2020-06-11,Russia,NA,Magadan Oblast,144091,38,0,397,0
2020-06-12,Russia,NA,Magadan Oblast,144091,35,0,432,0
2020-06-13,Russia,NA,Magadan Oblast,144091,27,0,459,0
2020-06-14,Russia,NA,Magadan Oblast,144091,21,0,480,0
2020-06-15,Russia,NA,Magadan Oblast,144091,21,0,501,0
2020-06-16,Russia,NA,Magadan Oblast,144091,10,0,511,0
2020-06-17,Russia,NA,Magadan Oblast,144091,8,0,519,0
2020-06-18,Russia,NA,Magadan Oblast,144091,2,0,521,0
2020-06-19,Russia,NA,Magadan Oblast,144091,19,0,540,0
2020-06-20,Russia,NA,Magadan Oblast,144091,19,0,559,0
2020-06-21,Russia,NA,Magadan Oblast,144091,27,0,586,0
2020-06-22,Russia,NA,Magadan Oblast,144091,20,0,606,0
2020-06-23,Russia,NA,Magadan Oblast,144091,3,0,609,0
2020-06-24,Russia,NA,Magadan Oblast,144091,11,0,620,0
2020-06-25,Russia,NA,Magadan Oblast,144091,22,0,642,0
2020-06-26,Russia,NA,Magadan Oblast,144091,12,0,654,0
2020-06-27,Russia,NA,Magadan Oblast,144091,15,0,669,0
2020-06-28,Russia,NA,Magadan Oblast,144091,28,0,697,0
2020-06-29,Russia,NA,Magadan Oblast,144091,34,0,731,0
2020-06-30,Russia,NA,Magadan Oblast,144091,33,0,764,0
2020-07-01,Russia,NA,Magadan Oblast,144091,27,0,791,0
2020-07-02,Russia,NA,Magadan Oblast,144091,42,0,833,0
2020-07-03,Russia,NA,Magadan Oblast,144091,42,0,875,0
2020-07-04,Russia,NA,Magadan Oblast,144091,32,0,907,0
2020-07-05,Russia,NA,Magadan Oblast,144091,21,0,928,0
2020-07-06,Russia,NA,Magadan Oblast,144091,7,0,935,0
2020-07-07,Russia,NA,Magadan Oblast,144091,12,0,947,0
2020-07-08,Russia,NA,Magadan Oblast,144091,4,0,951,0
2020-07-09,Russia,NA,Magadan Oblast,144091,27,0,978,0
2020-07-10,Russia,NA,Magadan Oblast,144091,23,0,1001,0
2020-07-11,Russia,NA,Magadan Oblast,144091,13,0,1014,0
2020-07-12,Russia,NA,Magadan Oblast,144091,24,0,1038,0
2020-07-13,Russia,NA,Magadan Oblast,144091,17,0,1055,0
2020-07-14,Russia,NA,Magadan Oblast,144091,13,0,1068,0
2020-07-15,Russia,NA,Magadan Oblast,144091,6,0,1074,0
2020-07-16,Russia,NA,Magadan Oblast,144091,24,0,1098,0
2020-07-17,Russia,NA,Magadan Oblast,144091,22,0,1120,0
2020-07-18,Russia,NA,Magadan Oblast,144091,12,0,1132,0
2020-07-19,Russia,NA,Magadan Oblast,144091,12,0,1144,0
2020-07-20,Russia,NA,Magadan Oblast,144091,17,0,1161,0
2020-07-21,Russia,NA,Magadan Oblast,144091,7,0,1168,0
2020-07-22,Russia,NA,Magadan Oblast,144091,18,0,1186,0
2020-07-23,Russia,NA,Magadan Oblast,144091,17,0,1203,0
2020-07-24,Russia,NA,Magadan Oblast,144091,13,0,1216,0
2020-07-25,Russia,NA,Magadan Oblast,144091,15,0,1231,0
2020-07-26,Russia,NA,Magadan Oblast,144091,12,0,1243,0
2020-07-27,Russia,NA,Magadan Oblast,144091,20,0,1263,0
2020-07-28,Russia,NA,Magadan Oblast,144091,6,0,1269,0
2020-07-29,Russia,NA,Magadan Oblast,144091,9,0,1278,0
2020-07-30,Russia,NA,Magadan Oblast,144091,20,0,1298,0
2020-07-31,Russia,NA,Magadan Oblast,144091,19,0,1317,0
2020-08-01,Russia,NA,Magadan Oblast,144091,19,0,1336,0
2020-08-02,Russia,NA,Magadan Oblast,144091,21,0,1357,0
2020-08-17,Russia,NA,Magadan Oblast,144091,0,0,1664,15
2020-08-18,Russia,NA,Magadan Oblast,144091,24,1,1688,16
2020-08-19,Russia,NA,Magadan Oblast,144091,13,0,1701,16
2020-08-20,Russia,NA,Magadan Oblast,144091,20,0,1721,16
2020-08-21,Russia,NA,Magadan Oblast,144091,19,0,1740,16
2020-08-22,Russia,NA,Magadan Oblast,144091,25,1,1765,17
2020-08-23,Russia,NA,Magadan Oblast,144091,16,1,1781,18
2020-08-24,Russia,NA,Magadan Oblast,144091,6,0,1787,18
2020-08-25,Russia,NA,Magadan Oblast,144091,6,0,1793,18
2020-08-26,Russia,NA,Magadan Oblast,144091,16,0,1809,18
2020-08-27,Russia,NA,Magadan Oblast,144091,16,0,1825,18
2020-08-28,Russia,NA,Magadan Oblast,144091,32,0,1857,18
2020-08-29,Russia,NA,Magadan Oblast,144091,26,0,1883,18
2020-08-30,Russia,NA,Magadan Oblast,144091,21,0,1904,18
2020-08-31,Russia,NA,Magadan Oblast,144091,24,0,1928,18
2020-09-01,Russia,NA,Magadan Oblast,144091,15,0,1943,18
2020-09-02,Russia,NA,Magadan Oblast,144091,23,0,1966,18
2020-09-03,Russia,NA,Magadan Oblast,144091,26,0,1992,18
2020-09-04,Russia,NA,Magadan Oblast,144091,28,0,2020,18
2020-09-05,Russia,NA,Magadan Oblast,144091,29,0,2049,18
2020-09-06,Russia,NA,Magadan Oblast,144091,34,0,2083,18
2020-09-07,Russia,NA,Magadan Oblast,144091,33,0,2116,18
2020-09-08,Russia,NA,Magadan Oblast,144091,34,0,2150,18
2020-09-09,Russia,NA,Magadan Oblast,144091,31,1,2181,19
2020-09-10,Russia,NA,Magadan Oblast,144091,29,0,2210,19
2020-09-11,Russia,NA,Magadan Oblast,144091,31,0,2241,19
2020-09-12,Russia,NA,Magadan Oblast,144091,34,0,2275,19
2020-09-13,Russia,NA,Magadan Oblast,144091,33,0,2308,19
2020-09-14,Russia,NA,Magadan Oblast,144091,32,0,2340,19
2020-09-15,Russia,NA,Magadan Oblast,144091,32,0,2372,19
2020-04-06,Russia,NA,Mari El,680380,9,0,13,0
2020-04-08,Russia,NA,Mari El,680380,27,0,40,0
2020-04-09,Russia,NA,Mari El,680380,1,0,41,0
2020-04-10,Russia,NA,Mari El,680380,22,0,63,0
2020-04-12,Russia,NA,Mari El,680380,7,0,70,0
2020-04-13,Russia,NA,Mari El,680380,10,0,80,0
2020-04-14,Russia,NA,Mari El,680380,11,0,91,0
2020-04-15,Russia,NA,Mari El,680380,27,0,118,0
2020-04-16,Russia,NA,Mari El,680380,29,0,147,0
2020-04-17,Russia,NA,Mari El,680380,32,0,179,0
2020-04-18,Russia,NA,Mari El,680380,40,0,219,0
2020-04-19,Russia,NA,Mari El,680380,43,0,262,0
2020-04-20,Russia,NA,Mari El,680380,29,0,291,0
2020-04-21,Russia,NA,Mari El,680380,20,0,311,0
2020-04-22,Russia,NA,Mari El,680380,22,0,333,0
2020-04-23,Russia,NA,Mari El,680380,15,0,348,0
2020-04-24,Russia,NA,Mari El,680380,29,0,377,0
2020-04-25,Russia,NA,Mari El,680380,30,0,407,0
2020-04-26,Russia,NA,Mari El,680380,24,0,431,0
2020-04-27,Russia,NA,Mari El,680380,31,0,462,0
2020-04-28,Russia,NA,Mari El,680380,38,0,500,0
2020-04-29,Russia,NA,Mari El,680380,35,0,535,0
2020-04-30,Russia,NA,Mari El,680380,31,0,566,0
2020-05-01,Russia,NA,Mari El,680380,31,0,597,0
2020-05-02,Russia,NA,Mari El,680380,31,0,628,0
2020-05-03,Russia,NA,Mari El,680380,40,0,668,0
2020-05-04,Russia,NA,Mari El,680380,49,0,717,0
2020-05-05,Russia,NA,Mari El,680380,33,0,750,0
2020-05-06,Russia,NA,Mari El,680380,33,0,783,0
2020-05-07,Russia,NA,Mari El,680380,31,0,814,0
2020-05-08,Russia,NA,Mari El,680380,31,0,845,0
2020-05-09,Russia,NA,Mari El,680380,37,0,882,0
2020-05-10,Russia,NA,Mari El,680380,21,0,903,0
2020-05-11,Russia,NA,Mari El,680380,25,0,928,0
2020-05-12,Russia,NA,Mari El,680380,36,0,964,0
2020-05-13,Russia,NA,Mari El,680380,32,0,996,0
2020-05-14,Russia,NA,Mari El,680380,37,0,1033,0
2020-05-15,Russia,NA,Mari El,680380,45,0,1078,0
2020-05-16,Russia,NA,Mari El,680380,52,0,1130,0
2020-05-17,Russia,NA,Mari El,680380,54,0,1184,0
2020-05-18,Russia,NA,Mari El,680380,51,0,1235,0
2020-05-19,Russia,NA,Mari El,680380,50,0,1285,0
2020-05-20,Russia,NA,Mari El,680380,37,0,1322,0
2020-05-21,Russia,NA,Mari El,680380,38,0,1360,0
2020-05-22,Russia,NA,Mari El,680380,37,0,1397,0
2020-05-23,Russia,NA,Mari El,680380,41,0,1438,0
2020-05-24,Russia,NA,Mari El,680380,41,0,1479,0
2020-05-25,Russia,NA,Mari El,680380,39,0,1518,0
2020-05-26,Russia,NA,Mari El,680380,41,0,1559,0
2020-05-27,Russia,NA,Mari El,680380,43,0,1602,0
2020-05-28,Russia,NA,Mari El,680380,41,0,1643,0
2020-05-29,Russia,NA,Mari El,680380,46,0,1689,0
2020-05-30,Russia,NA,Mari El,680380,44,0,1733,0
2020-05-31,Russia,NA,Mari El,680380,41,0,1774,0
2020-06-01,Russia,NA,Mari El,680380,41,0,1815,0
2020-06-02,Russia,NA,Mari El,680380,39,0,1854,0
2020-06-03,Russia,NA,Mari El,680380,40,0,1894,0
2020-06-04,Russia,NA,Mari El,680380,39,0,1933,0
2020-06-05,Russia,NA,Mari El,680380,42,0,1975,0
2020-06-06,Russia,NA,Mari El,680380,44,0,2019,0
2020-06-07,Russia,NA,Mari El,680380,42,0,2061,0
2020-06-08,Russia,NA,Mari El,680380,43,0,2104,0
2020-06-09,Russia,NA,Mari El,680380,47,0,2151,0
2020-06-10,Russia,NA,Mari El,680380,42,0,2193,0
2020-06-11,Russia,NA,Mari El,680380,43,0,2236,0
2020-06-12,Russia,NA,Mari El,680380,47,0,2283,0
2020-06-13,Russia,NA,Mari El,680380,48,0,2331,0
2020-06-14,Russia,NA,Mari El,680380,44,0,2375,0
2020-06-15,Russia,NA,Mari El,680380,44,0,2419,0
2020-06-16,Russia,NA,Mari El,680380,43,0,2462,0
2020-06-17,Russia,NA,Mari El,680380,48,0,2510,0
2020-06-18,Russia,NA,Mari El,680380,47,0,2557,0
2020-06-19,Russia,NA,Mari El,680380,45,0,2602,0
2020-06-20,Russia,NA,Mari El,680380,40,0,2642,0
2020-06-21,Russia,NA,Mari El,680380,37,0,2679,0
2020-06-22,Russia,NA,Mari El,680380,31,0,2710,0
2020-06-23,Russia,NA,Mari El,680380,35,0,2745,0
2020-06-24,Russia,NA,Mari El,680380,38,0,2783,0
2020-06-25,Russia,NA,Mari El,680380,36,0,2819,0
2020-06-26,Russia,NA,Mari El,680380,30,0,2849,0
2020-06-27,Russia,NA,Mari El,680380,31,0,2880,0
2020-06-28,Russia,NA,Mari El,680380,25,0,2905,0
2020-06-29,Russia,NA,Mari El,680380,25,0,2930,0
2020-06-30,Russia,NA,Mari El,680380,29,0,2959,0
2020-07-01,Russia,NA,Mari El,680380,31,0,2990,0
2020-07-02,Russia,NA,Mari El,680380,30,0,3020,0
2020-07-03,Russia,NA,Mari El,680380,25,0,3045,0
2020-07-04,Russia,NA,Mari El,680380,28,0,3073,0
2020-07-05,Russia,NA,Mari El,680380,27,0,3100,0
2020-07-06,Russia,NA,Mari El,680380,28,0,3128,0
2020-07-07,Russia,NA,Mari El,680380,29,0,3157,0
2020-07-08,Russia,NA,Mari El,680380,27,0,3184,0
2020-07-09,Russia,NA,Mari El,680380,29,0,3213,0
2020-07-10,Russia,NA,Mari El,680380,28,0,3241,0
2020-07-11,Russia,NA,Mari El,680380,27,0,3268,0
2020-07-12,Russia,NA,Mari El,680380,28,0,3296,0
2020-07-13,Russia,NA,Mari El,680380,29,0,3325,0
2020-07-14,Russia,NA,Mari El,680380,28,0,3353,0
2020-07-15,Russia,NA,Mari El,680380,27,0,3380,0
2020-07-16,Russia,NA,Mari El,680380,29,0,3409,0
2020-07-17,Russia,NA,Mari El,680380,27,0,3436,0
2020-07-18,Russia,NA,Mari El,680380,28,0,3464,0
2020-07-19,Russia,NA,Mari El,680380,29,0,3493,0
2020-07-20,Russia,NA,Mari El,680380,27,0,3520,0
2020-07-21,Russia,NA,Mari El,680380,28,0,3548,0
2020-07-22,Russia,NA,Mari El,680380,26,0,3574,0
2020-07-23,Russia,NA,Mari El,680380,27,0,3601,0
2020-07-24,Russia,NA,Mari El,680380,26,0,3627,0
2020-07-25,Russia,NA,Mari El,680380,25,0,3652,0
2020-07-26,Russia,NA,Mari El,680380,23,0,3675,0
2020-07-27,Russia,NA,Mari El,680380,22,0,3697,0
2020-07-28,Russia,NA,Mari El,680380,19,0,3716,0
2020-07-29,Russia,NA,Mari El,680380,18,0,3734,0
2020-07-30,Russia,NA,Mari El,680380,18,0,3752,0
2020-07-31,Russia,NA,Mari El,680380,18,0,3770,0
2020-08-01,Russia,NA,Mari El,680380,16,0,3786,0
2020-08-02,Russia,NA,Mari El,680380,14,0,3800,0
2020-08-17,Russia,NA,Mari El,680380,0,0,4028,36
2020-08-18,Russia,NA,Mari El,680380,17,0,4045,36
2020-08-19,Russia,NA,Mari El,680380,16,0,4061,36
2020-08-20,Russia,NA,Mari El,680380,17,0,4078,36
2020-08-21,Russia,NA,Mari El,680380,17,0,4095,36
2020-08-22,Russia,NA,Mari El,680380,17,1,4112,37
2020-08-23,Russia,NA,Mari El,680380,16,0,4128,37
2020-08-24,Russia,NA,Mari El,680380,16,0,4144,37
2020-08-25,Russia,NA,Mari El,680380,17,0,4161,37
2020-08-26,Russia,NA,Mari El,680380,17,1,4178,38
2020-08-27,Russia,NA,Mari El,680380,16,1,4194,39
2020-08-28,Russia,NA,Mari El,680380,17,0,4211,39
2020-08-29,Russia,NA,Mari El,680380,16,0,4227,39
2020-08-30,Russia,NA,Mari El,680380,17,0,4244,39
2020-08-31,Russia,NA,Mari El,680380,16,0,4260,39
2020-09-01,Russia,NA,Mari El,680380,16,0,4276,39
2020-09-02,Russia,NA,Mari El,680380,17,0,4293,39
2020-09-03,Russia,NA,Mari El,680380,16,2,4309,41
2020-09-04,Russia,NA,Mari El,680380,17,0,4326,41
2020-09-05,Russia,NA,Mari El,680380,17,0,4343,41
2020-09-06,Russia,NA,Mari El,680380,16,0,4359,41
2020-09-07,Russia,NA,Mari El,680380,16,0,4375,41
2020-09-08,Russia,NA,Mari El,680380,17,2,4392,43
2020-09-09,Russia,NA,Mari El,680380,18,1,4410,44
2020-09-10,Russia,NA,Mari El,680380,17,0,4427,44
2020-09-11,Russia,NA,Mari El,680380,17,0,4444,44
2020-09-12,Russia,NA,Mari El,680380,21,1,4465,45
2020-09-13,Russia,NA,Mari El,680380,19,0,4484,45
2020-09-14,Russia,NA,Mari El,680380,21,0,4505,45
2020-09-15,Russia,NA,Mari El,680380,22,1,4527,46
2020-04-08,Russia,NA,Mordovia,805056,7,0,13,0
2020-04-09,Russia,NA,Mordovia,805056,4,0,17,0
2020-04-10,Russia,NA,Mordovia,805056,2,0,19,0
2020-04-12,Russia,NA,Mordovia,805056,23,0,42,0
2020-04-13,Russia,NA,Mordovia,805056,16,0,58,0
2020-04-14,Russia,NA,Mordovia,805056,13,0,71,0
2020-04-17,Russia,NA,Mordovia,805056,65,0,136,0
2020-04-18,Russia,NA,Mordovia,805056,62,0,198,0
2020-04-19,Russia,NA,Mordovia,805056,60,0,258,0
2020-04-20,Russia,NA,Mordovia,805056,35,0,293,0
2020-04-21,Russia,NA,Mordovia,805056,34,0,327,0
2020-04-22,Russia,NA,Mordovia,805056,30,0,357,0
2020-04-23,Russia,NA,Mordovia,805056,28,0,385,0
2020-04-24,Russia,NA,Mordovia,805056,39,0,424,0
2020-04-25,Russia,NA,Mordovia,805056,45,0,469,0
2020-04-26,Russia,NA,Mordovia,805056,49,0,518,0
2020-04-27,Russia,NA,Mordovia,805056,42,0,560,0
2020-04-28,Russia,NA,Mordovia,805056,32,0,592,0
2020-04-29,Russia,NA,Mordovia,805056,67,0,659,0
2020-04-30,Russia,NA,Mordovia,805056,39,0,698,0
2020-05-01,Russia,NA,Mordovia,805056,30,0,728,0
2020-05-02,Russia,NA,Mordovia,805056,37,0,765,0
2020-05-03,Russia,NA,Mordovia,805056,43,0,808,0
2020-05-04,Russia,NA,Mordovia,805056,59,0,867,0
2020-05-05,Russia,NA,Mordovia,805056,56,0,923,0
2020-05-06,Russia,NA,Mordovia,805056,54,0,977,0
2020-05-07,Russia,NA,Mordovia,805056,41,0,1018,0
2020-05-08,Russia,NA,Mordovia,805056,37,0,1055,0
2020-05-09,Russia,NA,Mordovia,805056,47,0,1102,0
2020-05-10,Russia,NA,Mordovia,805056,46,0,1148,0
2020-05-11,Russia,NA,Mordovia,805056,42,0,1190,0
2020-05-12,Russia,NA,Mordovia,805056,35,0,1225,0
2020-05-13,Russia,NA,Mordovia,805056,37,0,1262,0
2020-05-14,Russia,NA,Mordovia,805056,34,0,1296,0
2020-05-15,Russia,NA,Mordovia,805056,27,0,1323,0
2020-05-16,Russia,NA,Mordovia,805056,25,0,1348,0
2020-05-17,Russia,NA,Mordovia,805056,28,0,1376,0
2020-05-18,Russia,NA,Mordovia,805056,33,0,1409,0
2020-05-19,Russia,NA,Mordovia,805056,34,0,1443,0
2020-05-20,Russia,NA,Mordovia,805056,34,0,1477,0
2020-05-21,Russia,NA,Mordovia,805056,35,0,1512,0
2020-05-22,Russia,NA,Mordovia,805056,36,0,1548,0
2020-05-23,Russia,NA,Mordovia,805056,32,0,1580,0
2020-05-24,Russia,NA,Mordovia,805056,32,0,1612,0
2020-05-25,Russia,NA,Mordovia,805056,34,0,1646,0
2020-05-26,Russia,NA,Mordovia,805056,38,0,1684,0
2020-05-27,Russia,NA,Mordovia,805056,43,0,1727,0
2020-05-28,Russia,NA,Mordovia,805056,49,0,1776,0
2020-05-29,Russia,NA,Mordovia,805056,44,0,1820,0
2020-05-30,Russia,NA,Mordovia,805056,40,0,1860,0
2020-05-31,Russia,NA,Mordovia,805056,35,0,1895,0
2020-06-01,Russia,NA,Mordovia,805056,36,0,1931,0
2020-06-02,Russia,NA,Mordovia,805056,39,0,1970,0
2020-06-03,Russia,NA,Mordovia,805056,42,0,2012,0
2020-06-04,Russia,NA,Mordovia,805056,39,0,2051,0
2020-06-05,Russia,NA,Mordovia,805056,47,0,2098,0
2020-06-06,Russia,NA,Mordovia,805056,40,0,2138,0
2020-06-07,Russia,NA,Mordovia,805056,47,0,2185,0
2020-06-08,Russia,NA,Mordovia,805056,45,0,2230,0
2020-06-09,Russia,NA,Mordovia,805056,66,0,2296,0
2020-06-10,Russia,NA,Mordovia,805056,64,0,2360,0
2020-06-11,Russia,NA,Mordovia,805056,58,0,2418,0
2020-06-12,Russia,NA,Mordovia,805056,62,0,2480,0
2020-06-13,Russia,NA,Mordovia,805056,58,0,2538,0
2020-06-14,Russia,NA,Mordovia,805056,58,0,2596,0
2020-06-15,Russia,NA,Mordovia,805056,56,0,2652,0
2020-06-16,Russia,NA,Mordovia,805056,55,0,2707,0
2020-06-17,Russia,NA,Mordovia,805056,55,0,2762,0
2020-06-18,Russia,NA,Mordovia,805056,56,0,2818,0
2020-06-19,Russia,NA,Mordovia,805056,56,0,2874,0
2020-06-20,Russia,NA,Mordovia,805056,57,0,2931,0
2020-06-21,Russia,NA,Mordovia,805056,55,0,2986,0
2020-06-22,Russia,NA,Mordovia,805056,54,0,3040,0
2020-06-23,Russia,NA,Mordovia,805056,54,0,3094,0
2020-06-24,Russia,NA,Mordovia,805056,49,0,3143,0
2020-06-25,Russia,NA,Mordovia,805056,49,0,3192,0
2020-06-26,Russia,NA,Mordovia,805056,48,0,3240,0
2020-06-27,Russia,NA,Mordovia,805056,44,0,3284,0
2020-06-28,Russia,NA,Mordovia,805056,40,0,3324,0
2020-06-29,Russia,NA,Mordovia,805056,35,0,3359,0
2020-06-30,Russia,NA,Mordovia,805056,35,0,3394,0
2020-07-01,Russia,NA,Mordovia,805056,37,0,3431,0
2020-07-02,Russia,NA,Mordovia,805056,36,0,3467,0
2020-07-03,Russia,NA,Mordovia,805056,38,0,3505,0
2020-07-04,Russia,NA,Mordovia,805056,37,0,3542,0
2020-07-05,Russia,NA,Mordovia,805056,35,0,3577,0
2020-07-06,Russia,NA,Mordovia,805056,34,0,3611,0
2020-07-07,Russia,NA,Mordovia,805056,35,0,3646,0
2020-07-08,Russia,NA,Mordovia,805056,34,0,3680,0
2020-07-09,Russia,NA,Mordovia,805056,37,0,3717,0
2020-07-10,Russia,NA,Mordovia,805056,38,0,3755,0
2020-07-11,Russia,NA,Mordovia,805056,37,0,3792,0
2020-07-12,Russia,NA,Mordovia,805056,37,0,3829,0
2020-07-13,Russia,NA,Mordovia,805056,36,0,3865,0
2020-07-14,Russia,NA,Mordovia,805056,36,0,3901,0
2020-07-15,Russia,NA,Mordovia,805056,37,0,3938,0
2020-07-16,Russia,NA,Mordovia,805056,38,0,3976,0
2020-07-17,Russia,NA,Mordovia,805056,38,0,4014,0
2020-07-18,Russia,NA,Mordovia,805056,37,0,4051,0
2020-07-19,Russia,NA,Mordovia,805056,35,0,4086,0
2020-07-20,Russia,NA,Mordovia,805056,35,0,4121,0
2020-07-21,Russia,NA,Mordovia,805056,36,0,4157,0
2020-07-22,Russia,NA,Mordovia,805056,35,0,4192,0
2020-07-23,Russia,NA,Mordovia,805056,35,0,4227,0
2020-07-24,Russia,NA,Mordovia,805056,34,0,4261,0
2020-07-25,Russia,NA,Mordovia,805056,34,0,4295,0
2020-07-26,Russia,NA,Mordovia,805056,33,0,4328,0
2020-07-27,Russia,NA,Mordovia,805056,32,0,4360,0
2020-07-28,Russia,NA,Mordovia,805056,32,0,4392,0
2020-07-29,Russia,NA,Mordovia,805056,32,0,4424,0
2020-07-30,Russia,NA,Mordovia,805056,33,0,4457,0
2020-07-31,Russia,NA,Mordovia,805056,33,0,4490,0
2020-08-01,Russia,NA,Mordovia,805056,32,0,4522,0
2020-08-02,Russia,NA,Mordovia,805056,31,0,4553,0
2020-08-17,Russia,NA,Mordovia,805056,0,0,5015,38
2020-08-18,Russia,NA,Mordovia,805056,32,0,5047,38
2020-08-19,Russia,NA,Mordovia,805056,31,0,5078,38
2020-08-20,Russia,NA,Mordovia,805056,31,0,5109,38
2020-08-21,Russia,NA,Mordovia,805056,32,0,5141,38
2020-08-22,Russia,NA,Mordovia,805056,33,0,5174,38
2020-08-23,Russia,NA,Mordovia,805056,33,0,5207,38
2020-08-24,Russia,NA,Mordovia,805056,31,0,5238,38
2020-08-25,Russia,NA,Mordovia,805056,31,0,5269,38
2020-08-26,Russia,NA,Mordovia,805056,32,0,5301,38
2020-08-27,Russia,NA,Mordovia,805056,33,0,5334,38
2020-08-28,Russia,NA,Mordovia,805056,33,0,5367,38
2020-08-29,Russia,NA,Mordovia,805056,32,0,5399,38
2020-08-30,Russia,NA,Mordovia,805056,31,0,5430,38
2020-08-31,Russia,NA,Mordovia,805056,32,0,5462,38
2020-09-01,Russia,NA,Mordovia,805056,31,0,5493,38
2020-09-02,Russia,NA,Mordovia,805056,31,0,5524,38
2020-09-03,Russia,NA,Mordovia,805056,32,0,5556,38
2020-09-04,Russia,NA,Mordovia,805056,31,0,5587,38
2020-09-05,Russia,NA,Mordovia,805056,33,0,5620,38
2020-09-06,Russia,NA,Mordovia,805056,32,0,5652,38
2020-09-07,Russia,NA,Mordovia,805056,31,0,5683,38
2020-09-08,Russia,NA,Mordovia,805056,31,0,5714,38
2020-09-09,Russia,NA,Mordovia,805056,31,0,5745,38
2020-09-10,Russia,NA,Mordovia,805056,31,0,5776,38
2020-09-11,Russia,NA,Mordovia,805056,32,1,5808,39
2020-09-12,Russia,NA,Mordovia,805056,30,0,5838,39
2020-09-13,Russia,NA,Mordovia,805056,32,0,5870,39
2020-09-14,Russia,NA,Mordovia,805056,31,0,5901,39
2020-09-15,Russia,NA,Mordovia,805056,30,0,5931,39
2020-03-11,Russia,NA,Moscow,12500123,6,0,14,0
2020-03-12,Russia,NA,Moscow,12500123,4,0,18,0
2020-03-13,Russia,NA,Moscow,12500123,5,0,23,0
2020-03-14,Russia,NA,Moscow,12500123,9,0,32,0
2020-03-16,Russia,NA,Moscow,12500123,20,0,52,0
2020-03-17,Russia,NA,Moscow,12500123,4,0,56,0
2020-03-18,Russia,NA,Moscow,12500123,31,0,87,0
2020-03-19,Russia,NA,Moscow,12500123,12,0,99,0
2020-03-20,Russia,NA,Moscow,12500123,33,0,132,0
2020-03-21,Russia,NA,Moscow,12500123,6,0,138,0
2020-03-22,Russia,NA,Moscow,12500123,54,0,192,0
2020-03-23,Russia,NA,Moscow,12500123,71,0,263,0
2020-03-24,Russia,NA,Moscow,12500123,28,0,291,0
2020-03-25,Russia,NA,Moscow,12500123,120,0,411,0
2020-03-26,Russia,NA,Moscow,12500123,136,0,547,0
2020-03-27,Russia,NA,Moscow,12500123,157,0,704,0
2020-03-28,Russia,NA,Moscow,12500123,114,0,818,0
2020-03-29,Russia,NA,Moscow,12500123,197,0,1015,0
2020-03-30,Russia,NA,Moscow,12500123,212,0,1227,0
2020-03-31,Russia,NA,Moscow,12500123,387,0,1614,0
2020-04-01,Russia,NA,Moscow,12500123,267,0,1881,0
2020-04-02,Russia,NA,Moscow,12500123,595,0,2476,0
2020-04-03,Russia,NA,Moscow,12500123,448,0,2924,0
2020-04-04,Russia,NA,Moscow,12500123,434,0,3358,0
2020-04-05,Russia,NA,Moscow,12500123,536,0,3894,0
2020-04-06,Russia,NA,Moscow,12500123,591,0,4485,0
2020-04-07,Russia,NA,Moscow,12500123,697,0,5182,0
2020-04-08,Russia,NA,Moscow,12500123,660,0,5842,0
2020-04-09,Russia,NA,Moscow,12500123,857,0,6699,0
2020-04-10,Russia,NA,Moscow,12500123,1124,0,7823,0
2020-04-11,Russia,NA,Moscow,12500123,1030,0,8853,0
2020-04-12,Russia,NA,Moscow,12500123,1306,0,10159,0
2020-04-13,Russia,NA,Moscow,12500123,1355,0,11514,0
2020-04-14,Russia,NA,Moscow,12500123,1489,0,13003,0
2020-04-15,Russia,NA,Moscow,12500123,1774,0,14777,0
2020-04-16,Russia,NA,Moscow,12500123,1370,0,16147,0
2020-04-17,Russia,NA,Moscow,12500123,1959,0,18106,0
2020-04-18,Russia,NA,Moscow,12500123,2649,0,20755,0
2020-04-19,Russia,NA,Moscow,12500123,3570,0,24325,0
2020-04-20,Russia,NA,Moscow,12500123,2026,0,26351,0
2020-04-21,Russia,NA,Moscow,12500123,3083,0,29434,0
2020-04-22,Russia,NA,Moscow,12500123,2548,0,31982,0
2020-04-23,Russia,NA,Moscow,12500123,1959,0,33941,0
2020-04-24,Russia,NA,Moscow,12500123,2957,0,36898,0
2020-04-25,Russia,NA,Moscow,12500123,2612,0,39510,0
2020-04-26,Russia,NA,Moscow,12500123,2971,0,42481,0
2020-04-27,Russia,NA,Moscow,12500123,2871,0,45352,0
2020-04-28,Russia,NA,Moscow,12500123,3075,0,48427,0
2020-04-29,Russia,NA,Moscow,12500123,2220,0,50647,0
2020-04-30,Russia,NA,Moscow,12500123,3093,0,53740,0
2020-05-01,Russia,NA,Moscow,12500123,3561,0,57301,0
2020-05-02,Russia,NA,Moscow,12500123,5358,0,62659,0
2020-05-03,Russia,NA,Moscow,12500123,5948,0,68607,0
2020-05-04,Russia,NA,Moscow,12500123,5795,0,74402,0
2020-05-05,Russia,NA,Moscow,12500123,5714,0,80116,0
2020-05-06,Russia,NA,Moscow,12500123,5858,0,85974,0
2020-05-07,Russia,NA,Moscow,12500123,6703,0,92677,0
2020-05-08,Russia,NA,Moscow,12500123,5846,0,98523,0
2020-05-09,Russia,NA,Moscow,12500123,5667,0,104190,0
2020-05-10,Russia,NA,Moscow,12500123,5551,0,109741,0
2020-05-11,Russia,NA,Moscow,12500123,6169,0,115910,0
2020-05-12,Russia,NA,Moscow,12500123,5392,0,121302,0
2020-05-13,Russia,NA,Moscow,12500123,4703,0,126005,0
2020-05-14,Russia,NA,Moscow,12500123,4712,0,130717,0
2020-05-15,Russia,NA,Moscow,12500123,4748,0,135465,0
2020-05-16,Russia,NA,Moscow,12500123,3505,0,138970,0
2020-05-17,Russia,NA,Moscow,12500123,3855,0,142825,0
2020-05-18,Russia,NA,Moscow,12500123,3238,0,146063,0
2020-05-19,Russia,NA,Moscow,12500123,3545,0,149608,0
2020-05-20,Russia,NA,Moscow,12500123,2699,0,152307,0
2020-05-21,Russia,NA,Moscow,12500123,2913,0,155220,0
2020-05-22,Russia,NA,Moscow,12500123,2988,0,158208,0
2020-05-23,Russia,NA,Moscow,12500123,3190,0,161398,0
2020-05-24,Russia,NA,Moscow,12500123,2516,0,163914,0
2020-05-25,Russia,NA,Moscow,12500123,2560,0,166474,0
2020-05-26,Russia,NA,Moscow,12500123,2830,0,169304,0
2020-05-27,Russia,NA,Moscow,12500123,2140,0,171444,0
2020-05-28,Russia,NA,Moscow,12500123,2054,0,173498,0
2020-05-29,Russia,NA,Moscow,12500123,2332,0,175830,0
2020-05-30,Russia,NA,Moscow,12500123,2367,0,178197,0
2020-05-31,Russia,NA,Moscow,12500123,2595,0,180792,0
2020-06-01,Russia,NA,Moscow,12500123,2297,0,183089,0
2020-06-02,Russia,NA,Moscow,12500123,2286,0,185375,0
2020-06-03,Russia,NA,Moscow,12500123,1842,0,187217,0
2020-06-04,Russia,NA,Moscow,12500123,1998,0,189215,0
2020-06-05,Russia,NA,Moscow,12500123,1855,0,191070,0
2020-06-06,Russia,NA,Moscow,12500123,1992,0,193062,0
2020-06-07,Russia,NA,Moscow,12500123,1956,0,195018,0
2020-06-08,Russia,NA,Moscow,12500123,2001,0,197019,0
2020-06-09,Russia,NA,Moscow,12500123,1572,0,198591,0
2020-06-10,Russia,NA,Moscow,12500123,1195,0,199786,0
2020-06-11,Russia,NA,Moscow,12500123,1436,0,201222,0
2020-06-12,Russia,NA,Moscow,12500123,1714,0,202936,0
2020-06-13,Russia,NA,Moscow,12500123,1493,0,204429,0
2020-06-14,Russia,NA,Moscow,12500123,1477,0,205906,0
2020-06-15,Russia,NA,Moscow,12500123,1359,0,207265,0
2020-06-16,Russia,NA,Moscow,12500123,1416,0,208681,0
2020-06-17,Russia,NA,Moscow,12500123,1065,0,209746,0
2020-06-18,Russia,NA,Moscow,12500123,1040,0,210786,0
2020-06-19,Russia,NA,Moscow,12500123,1136,0,211922,0
2020-06-20,Russia,NA,Moscow,12500123,1057,0,212979,0
2020-06-21,Russia,NA,Moscow,12500123,968,0,213947,0
2020-06-22,Russia,NA,Moscow,12500123,1068,0,215015,0
2020-06-23,Russia,NA,Moscow,12500123,1081,0,216096,0
2020-06-24,Russia,NA,Moscow,12500123,811,0,216907,0
2020-06-25,Russia,NA,Moscow,12500123,885,0,217792,0
2020-06-26,Russia,NA,Moscow,12500123,813,0,218605,0
2020-06-27,Russia,NA,Moscow,12500123,750,0,219355,0
2020-06-28,Russia,NA,Moscow,12500123,717,0,220072,0
2020-06-29,Russia,NA,Moscow,12500123,782,0,220854,0
2020-06-30,Russia,NA,Moscow,12500123,745,0,221599,0
2020-07-01,Russia,NA,Moscow,12500123,611,0,222210,0
2020-07-02,Russia,NA,Moscow,12500123,662,0,222872,0
2020-07-03,Russia,NA,Moscow,12500123,659,0,223531,0
2020-07-04,Russia,NA,Moscow,12500123,680,0,224211,0
2020-07-05,Russia,NA,Moscow,12500123,650,0,224861,0
2020-07-06,Russia,NA,Moscow,12500123,685,0,225546,0
2020-07-07,Russia,NA,Moscow,12500123,629,0,226175,0
2020-07-08,Russia,NA,Moscow,12500123,621,0,226796,0
2020-07-09,Russia,NA,Moscow,12500123,568,0,227364,0
2020-07-10,Russia,NA,Moscow,12500123,637,0,228001,0
2020-07-11,Russia,NA,Moscow,12500123,678,0,228679,0
2020-07-12,Russia,NA,Moscow,12500123,679,0,229358,0
2020-07-13,Russia,NA,Moscow,12500123,672,0,230030,0
2020-07-14,Russia,NA,Moscow,12500123,613,0,230643,0
2020-07-15,Russia,NA,Moscow,12500123,628,0,231271,0
2020-07-16,Russia,NA,Moscow,12500123,531,0,231802,0
2020-07-17,Russia,NA,Moscow,12500123,575,0,232377,0
2020-07-18,Russia,NA,Moscow,12500123,578,0,232955,0
2020-07-19,Russia,NA,Moscow,12500123,591,0,233546,0
2020-07-20,Russia,NA,Moscow,12500123,578,0,234124,0
2020-07-21,Russia,NA,Moscow,12500123,602,0,234726,0
2020-07-22,Russia,NA,Moscow,12500123,638,0,235364,0
2020-07-23,Russia,NA,Moscow,12500123,608,0,235972,0
2020-07-24,Russia,NA,Moscow,12500123,645,0,236617,0
2020-07-25,Russia,NA,Moscow,12500123,648,0,237265,0
2020-07-26,Russia,NA,Moscow,12500123,683,0,237948,0
2020-07-27,Russia,NA,Moscow,12500123,694,0,238642,0
2020-07-28,Russia,NA,Moscow,12500123,674,0,239316,0
2020-07-29,Russia,NA,Moscow,12500123,671,0,239987,0
2020-07-30,Russia,NA,Moscow,12500123,678,0,240665,0
2020-07-31,Russia,NA,Moscow,12500123,695,0,241360,0
2020-08-01,Russia,NA,Moscow,12500123,690,0,242050,0
2020-08-02,Russia,NA,Moscow,12500123,664,0,242714,0
2020-08-17,Russia,NA,Moscow,12500123,0,0,253064,4666
2020-08-18,Russia,NA,Moscow,12500123,693,11,253757,4677
2020-08-19,Russia,NA,Moscow,12500123,691,10,254448,4687
2020-08-20,Russia,NA,Moscow,12500123,688,11,255136,4698
2020-08-21,Russia,NA,Moscow,12500123,690,12,255826,4710
2020-08-22,Russia,NA,Moscow,12500123,687,10,256513,4720
2020-08-23,Russia,NA,Moscow,12500123,611,11,257124,4731
2020-08-24,Russia,NA,Moscow,12500123,625,10,257749,4741
2020-08-25,Russia,NA,Moscow,12500123,681,12,258430,4753
2020-08-26,Russia,NA,Moscow,12500123,640,11,259070,4764
2020-08-27,Russia,NA,Moscow,12500123,637,12,259707,4776
2020-08-28,Russia,NA,Moscow,12500123,654,10,260361,4786
2020-08-29,Russia,NA,Moscow,12500123,677,12,261038,4798
2020-08-30,Russia,NA,Moscow,12500123,695,11,261733,4809
2020-08-31,Russia,NA,Moscow,12500123,685,12,262418,4821
2020-09-01,Russia,NA,Moscow,12500123,641,11,263059,4832
2020-09-02,Russia,NA,Moscow,12500123,625,12,263684,4844
2020-09-03,Russia,NA,Moscow,12500123,690,13,264374,4857
2020-09-04,Russia,NA,Moscow,12500123,692,10,265066,4867
2020-09-05,Russia,NA,Moscow,12500123,671,11,265737,4878
2020-09-06,Russia,NA,Moscow,12500123,620,13,266357,4891
2020-09-07,Russia,NA,Moscow,12500123,690,14,267047,4905
2020-09-08,Russia,NA,Moscow,12500123,695,16,267742,4921
2020-09-09,Russia,NA,Moscow,12500123,642,12,268384,4933
2020-09-10,Russia,NA,Moscow,12500123,695,14,269079,4947
2020-09-11,Russia,NA,Moscow,12500123,698,9,269777,4956
2020-09-12,Russia,NA,Moscow,12500123,670,12,270447,4968
2020-09-13,Russia,NA,Moscow,12500123,650,14,271097,4982
2020-09-14,Russia,NA,Moscow,12500123,696,11,271793,4993
2020-09-15,Russia,NA,Moscow,12500123,730,13,272523,5006
2020-03-17,Russia,NA,Moscow Oblast,7503385,1,0,11,0
2020-03-19,Russia,NA,Moscow Oblast,7503385,5,0,16,0
2020-03-20,Russia,NA,Moscow Oblast,7503385,1,0,17,0
2020-03-21,Russia,NA,Moscow Oblast,7503385,17,0,34,0
2020-03-25,Russia,NA,Moscow Oblast,7503385,6,0,40,0
2020-03-27,Russia,NA,Moscow Oblast,7503385,8,0,48,0
2020-03-28,Russia,NA,Moscow Oblast,7503385,36,0,84,0
2020-03-29,Russia,NA,Moscow Oblast,7503385,27,0,111,0
2020-03-30,Russia,NA,Moscow Oblast,7503385,7,0,118,0
2020-04-01,Russia,NA,Moscow Oblast,7503385,15,0,133,0
2020-04-02,Russia,NA,Moscow Oblast,7503385,43,0,176,0
2020-04-03,Russia,NA,Moscow Oblast,7503385,34,0,210,0
2020-04-04,Russia,NA,Moscow Oblast,7503385,49,0,259,0
2020-04-05,Russia,NA,Moscow Oblast,7503385,45,0,304,0
2020-04-06,Russia,NA,Moscow Oblast,7503385,82,0,386,0
2020-04-07,Russia,NA,Moscow Oblast,7503385,67,0,453,0
2020-04-08,Russia,NA,Moscow Oblast,7503385,95,0,548,0
2020-04-09,Russia,NA,Moscow Oblast,7503385,199,0,747,0
2020-04-10,Russia,NA,Moscow Oblast,7503385,182,0,929,0
2020-04-11,Russia,NA,Moscow Oblast,7503385,152,0,1081,0
2020-04-12,Russia,NA,Moscow Oblast,7503385,278,0,1359,0
2020-04-13,Russia,NA,Moscow Oblast,7503385,495,0,1854,0
2020-04-14,Russia,NA,Moscow Oblast,7503385,460,0,2314,0
2020-04-15,Russia,NA,Moscow Oblast,7503385,272,0,2586,0
2020-04-16,Russia,NA,Moscow Oblast,7503385,467,0,3053,0
2020-04-17,Russia,NA,Moscow Oblast,7503385,472,0,3525,0
2020-04-18,Russia,NA,Moscow Oblast,7503385,428,0,3953,0
2020-04-19,Russia,NA,Moscow Oblast,7503385,709,0,4662,0
2020-04-20,Russia,NA,Moscow Oblast,7503385,578,0,5240,0
2020-04-21,Russia,NA,Moscow Oblast,7503385,718,0,5958,0
2020-04-22,Russia,NA,Moscow Oblast,7503385,631,0,6589,0
2020-04-23,Russia,NA,Moscow Oblast,7503385,688,0,7277,0
2020-04-24,Russia,NA,Moscow Oblast,7503385,611,0,7888,0
2020-04-25,Russia,NA,Moscow Oblast,7503385,605,0,8493,0
2020-04-26,Russia,NA,Moscow Oblast,7503385,576,0,9069,0
2020-04-27,Russia,NA,Moscow Oblast,7503385,638,0,9707,0
2020-04-28,Russia,NA,Moscow Oblast,7503385,523,0,10230,0
2020-04-29,Russia,NA,Moscow Oblast,7503385,686,0,10916,0
2020-04-30,Russia,NA,Moscow Oblast,7503385,793,0,11709,0
2020-05-01,Russia,NA,Moscow Oblast,7503385,797,0,12506,0
2020-05-02,Russia,NA,Moscow Oblast,7503385,807,0,13313,0
2020-05-03,Russia,NA,Moscow Oblast,7503385,822,0,14135,0
2020-05-04,Russia,NA,Moscow Oblast,7503385,803,0,14938,0
2020-05-05,Russia,NA,Moscow Oblast,7503385,822,0,15760,0
2020-05-06,Russia,NA,Moscow Oblast,7503385,829,0,16589,0
2020-05-07,Russia,NA,Moscow Oblast,7503385,842,0,17431,0
2020-05-08,Russia,NA,Moscow Oblast,7503385,918,0,18349,0
2020-05-09,Russia,NA,Moscow Oblast,7503385,1075,0,19424,0
2020-05-10,Russia,NA,Moscow Oblast,7503385,1133,0,20557,0
2020-05-11,Russia,NA,Moscow Oblast,7503385,1079,0,21636,0
2020-05-12,Russia,NA,Moscow Oblast,7503385,1063,0,22699,0
2020-05-13,Russia,NA,Moscow Oblast,7503385,962,0,23661,0
2020-05-14,Russia,NA,Moscow Oblast,7503385,918,0,24579,0
2020-05-15,Russia,NA,Moscow Oblast,7503385,945,0,25524,0
2020-05-16,Russia,NA,Moscow Oblast,7503385,937,0,26461,0
2020-05-17,Russia,NA,Moscow Oblast,7503385,907,0,27368,0
2020-05-18,Russia,NA,Moscow Oblast,7503385,921,0,28289,0
2020-05-19,Russia,NA,Moscow Oblast,7503385,898,0,29187,0
2020-05-20,Russia,NA,Moscow Oblast,7503385,903,0,30090,0
2020-05-21,Russia,NA,Moscow Oblast,7503385,892,0,30982,0
2020-05-22,Russia,NA,Moscow Oblast,7503385,824,0,31806,0
2020-05-23,Russia,NA,Moscow Oblast,7503385,846,0,32652,0
2020-05-24,Russia,NA,Moscow Oblast,7503385,862,0,33514,0
2020-05-25,Russia,NA,Moscow Oblast,7503385,831,0,34345,0
2020-05-26,Russia,NA,Moscow Oblast,7503385,817,0,35162,0
2020-05-27,Russia,NA,Moscow Oblast,7503385,793,0,35955,0
2020-05-28,Russia,NA,Moscow Oblast,7503385,774,0,36729,0
2020-05-29,Russia,NA,Moscow Oblast,7503385,773,0,37502,0
2020-05-30,Russia,NA,Moscow Oblast,7503385,735,0,38237,0
2020-05-31,Russia,NA,Moscow Oblast,7503385,757,0,38994,0
2020-06-01,Russia,NA,Moscow Oblast,7503385,728,0,39722,0
2020-06-02,Russia,NA,Moscow Oblast,7503385,732,0,40454,0
2020-06-03,Russia,NA,Moscow Oblast,7503385,736,0,41190,0
2020-06-04,Russia,NA,Moscow Oblast,7503385,767,0,41957,0
2020-06-05,Russia,NA,Moscow Oblast,7503385,762,0,42719,0
2020-06-06,Russia,NA,Moscow Oblast,7503385,758,0,43477,0
2020-06-07,Russia,NA,Moscow Oblast,7503385,754,0,44231,0
2020-06-08,Russia,NA,Moscow Oblast,7503385,751,0,44982,0
2020-06-09,Russia,NA,Moscow Oblast,7503385,739,0,45721,0
2020-06-10,Russia,NA,Moscow Oblast,7503385,735,0,46456,0
2020-06-11,Russia,NA,Moscow Oblast,7503385,724,0,47180,0
2020-06-12,Russia,NA,Moscow Oblast,7503385,730,0,47910,0
2020-06-13,Russia,NA,Moscow Oblast,7503385,725,0,48635,0
2020-06-14,Russia,NA,Moscow Oblast,7503385,717,0,49352,0
2020-06-15,Russia,NA,Moscow Oblast,7503385,689,0,50041,0
2020-06-16,Russia,NA,Moscow Oblast,7503385,694,0,50735,0
2020-06-17,Russia,NA,Moscow Oblast,7503385,680,0,51415,0
2020-06-18,Russia,NA,Moscow Oblast,7503385,667,0,52082,0
2020-06-19,Russia,NA,Moscow Oblast,7503385,646,0,52728,0
2020-06-20,Russia,NA,Moscow Oblast,7503385,591,0,53319,0
2020-06-21,Russia,NA,Moscow Oblast,7503385,549,0,53868,0
2020-06-22,Russia,NA,Moscow Oblast,7503385,506,0,54374,0
2020-06-23,Russia,NA,Moscow Oblast,7503385,504,0,54878,0
2020-06-24,Russia,NA,Moscow Oblast,7503385,507,0,55385,0
2020-06-25,Russia,NA,Moscow Oblast,7503385,467,0,55852,0
2020-06-26,Russia,NA,Moscow Oblast,7503385,390,0,56242,0
2020-06-27,Russia,NA,Moscow Oblast,7503385,366,0,56608,0
2020-06-28,Russia,NA,Moscow Oblast,7503385,325,0,56933,0
2020-06-29,Russia,NA,Moscow Oblast,7503385,335,0,57268,0
2020-06-30,Russia,NA,Moscow Oblast,7503385,301,0,57569,0
2020-07-01,Russia,NA,Moscow Oblast,7503385,306,0,57875,0
2020-07-02,Russia,NA,Moscow Oblast,7503385,317,0,58192,0
2020-07-03,Russia,NA,Moscow Oblast,7503385,298,0,58490,0
2020-07-04,Russia,NA,Moscow Oblast,7503385,275,0,58765,0
2020-07-05,Russia,NA,Moscow Oblast,7503385,287,0,59052,0
2020-07-06,Russia,NA,Moscow Oblast,7503385,292,0,59344,0
2020-07-07,Russia,NA,Moscow Oblast,7503385,177,0,59521,0
2020-07-08,Russia,NA,Moscow Oblast,7503385,194,0,59715,0
2020-07-09,Russia,NA,Moscow Oblast,7503385,192,0,59907,0
2020-07-10,Russia,NA,Moscow Oblast,7503385,199,0,60106,0
2020-07-11,Russia,NA,Moscow Oblast,7503385,188,0,60294,0
2020-07-12,Russia,NA,Moscow Oblast,7503385,197,0,60491,0
2020-07-13,Russia,NA,Moscow Oblast,7503385,196,0,60687,0
2020-07-14,Russia,NA,Moscow Oblast,7503385,198,0,60885,0
2020-07-15,Russia,NA,Moscow Oblast,7503385,173,0,61058,0
2020-07-16,Russia,NA,Moscow Oblast,7503385,174,0,61232,0
2020-07-17,Russia,NA,Moscow Oblast,7503385,166,0,61398,0
2020-07-18,Russia,NA,Moscow Oblast,7503385,173,0,61571,0
2020-07-19,Russia,NA,Moscow Oblast,7503385,171,0,61742,0
2020-07-20,Russia,NA,Moscow Oblast,7503385,153,0,61895,0
2020-07-21,Russia,NA,Moscow Oblast,7503385,149,0,62044,0
2020-07-22,Russia,NA,Moscow Oblast,7503385,128,0,62172,0
2020-07-23,Russia,NA,Moscow Oblast,7503385,145,0,62317,0
2020-07-24,Russia,NA,Moscow Oblast,7503385,143,0,62460,0
2020-07-25,Russia,NA,Moscow Oblast,7503385,148,0,62608,0
2020-07-26,Russia,NA,Moscow Oblast,7503385,144,0,62752,0
2020-07-27,Russia,NA,Moscow Oblast,7503385,139,0,62891,0
2020-07-28,Russia,NA,Moscow Oblast,7503385,126,0,63017,0
2020-07-29,Russia,NA,Moscow Oblast,7503385,137,0,63154,0
2020-07-30,Russia,NA,Moscow Oblast,7503385,144,0,63298,0
2020-07-31,Russia,NA,Moscow Oblast,7503385,150,0,63448,0
2020-08-01,Russia,NA,Moscow Oblast,7503385,149,0,63597,0
2020-08-02,Russia,NA,Moscow Oblast,7503385,157,0,63754,0
2020-08-17,Russia,NA,Moscow Oblast,7503385,0,0,66088,1146
2020-08-18,Russia,NA,Moscow Oblast,7503385,145,5,66233,1151
2020-08-19,Russia,NA,Moscow Oblast,7503385,151,4,66384,1155
2020-08-20,Russia,NA,Moscow Oblast,7503385,157,2,66541,1157
2020-08-21,Russia,NA,Moscow Oblast,7503385,151,3,66692,1160
2020-08-22,Russia,NA,Moscow Oblast,7503385,161,1,66853,1161
2020-08-23,Russia,NA,Moscow Oblast,7503385,164,5,67017,1166
2020-08-24,Russia,NA,Moscow Oblast,7503385,148,3,67165,1169
2020-08-25,Russia,NA,Moscow Oblast,7503385,143,2,67308,1171
2020-08-26,Russia,NA,Moscow Oblast,7503385,143,3,67451,1174
2020-08-27,Russia,NA,Moscow Oblast,7503385,148,0,67599,1174
2020-08-28,Russia,NA,Moscow Oblast,7503385,150,4,67749,1178
2020-08-29,Russia,NA,Moscow Oblast,7503385,163,4,67912,1182
2020-08-30,Russia,NA,Moscow Oblast,7503385,165,3,68077,1185
2020-08-31,Russia,NA,Moscow Oblast,7503385,146,2,68223,1187
2020-09-01,Russia,NA,Moscow Oblast,7503385,156,6,68379,1193
2020-09-02,Russia,NA,Moscow Oblast,7503385,158,5,68537,1198
2020-09-03,Russia,NA,Moscow Oblast,7503385,163,6,68700,1204
2020-09-04,Russia,NA,Moscow Oblast,7503385,164,5,68864,1209
2020-09-05,Russia,NA,Moscow Oblast,7503385,168,4,69032,1213
2020-09-06,Russia,NA,Moscow Oblast,7503385,167,3,69199,1216
2020-09-07,Russia,NA,Moscow Oblast,7503385,166,2,69365,1218
2020-09-08,Russia,NA,Moscow Oblast,7503385,135,5,69500,1223
2020-09-09,Russia,NA,Moscow Oblast,7503385,164,3,69664,1226
2020-09-10,Russia,NA,Moscow Oblast,7503385,169,6,69833,1232
2020-09-11,Russia,NA,Moscow Oblast,7503385,175,5,70008,1237
2020-09-12,Russia,NA,Moscow Oblast,7503385,170,4,70178,1241
2020-09-13,Russia,NA,Moscow Oblast,7503385,166,3,70344,1244
2020-09-14,Russia,NA,Moscow Oblast,7503385,163,5,70507,1249
2020-09-15,Russia,NA,Moscow Oblast,7503385,151,6,70658,1255
2020-03-31,Russia,NA,Murmansk Oblast,753557,6,0,11,0
2020-04-02,Russia,NA,Murmansk Oblast,753557,4,0,15,0
2020-04-06,Russia,NA,Murmansk Oblast,753557,3,0,18,0
2020-04-08,Russia,NA,Murmansk Oblast,753557,25,0,43,0
2020-04-09,Russia,NA,Murmansk Oblast,753557,1,0,44,0
2020-04-10,Russia,NA,Murmansk Oblast,753557,23,0,67,0
2020-04-12,Russia,NA,Murmansk Oblast,753557,61,0,128,0
2020-04-15,Russia,NA,Murmansk Oblast,753557,137,0,265,0
2020-04-16,Russia,NA,Murmansk Oblast,753557,41,0,306,0
2020-04-17,Russia,NA,Murmansk Oblast,753557,8,0,314,0
2020-04-18,Russia,NA,Murmansk Oblast,753557,7,0,321,0
2020-04-19,Russia,NA,Murmansk Oblast,753557,33,0,354,0
2020-04-20,Russia,NA,Murmansk Oblast,753557,46,0,400,0
2020-04-21,Russia,NA,Murmansk Oblast,753557,35,0,435,0
2020-04-22,Russia,NA,Murmansk Oblast,753557,71,0,506,0
2020-04-23,Russia,NA,Murmansk Oblast,753557,97,0,603,0
2020-04-24,Russia,NA,Murmansk Oblast,753557,60,0,663,0
2020-04-25,Russia,NA,Murmansk Oblast,753557,193,0,856,0
2020-04-26,Russia,NA,Murmansk Oblast,753557,105,0,961,0
2020-04-27,Russia,NA,Murmansk Oblast,753557,28,0,989,0
2020-04-28,Russia,NA,Murmansk Oblast,753557,67,0,1056,0
2020-04-29,Russia,NA,Murmansk Oblast,753557,70,0,1126,0
2020-04-30,Russia,NA,Murmansk Oblast,753557,101,0,1227,0
2020-05-01,Russia,NA,Murmansk Oblast,753557,86,0,1313,0
2020-05-02,Russia,NA,Murmansk Oblast,753557,143,0,1456,0
2020-05-03,Russia,NA,Murmansk Oblast,753557,238,0,1694,0
2020-05-04,Russia,NA,Murmansk Oblast,753557,280,0,1974,0
2020-05-05,Russia,NA,Murmansk Oblast,753557,127,0,2101,0
2020-05-06,Russia,NA,Murmansk Oblast,753557,136,0,2237,0
2020-05-07,Russia,NA,Murmansk Oblast,753557,35,0,2272,0
2020-05-08,Russia,NA,Murmansk Oblast,753557,50,0,2322,0
2020-05-09,Russia,NA,Murmansk Oblast,753557,18,0,2340,0
2020-05-10,Russia,NA,Murmansk Oblast,753557,31,0,2371,0
2020-05-11,Russia,NA,Murmansk Oblast,753557,45,0,2416,0
2020-05-12,Russia,NA,Murmansk Oblast,753557,12,0,2428,0
2020-05-13,Russia,NA,Murmansk Oblast,753557,43,0,2471,0
2020-05-14,Russia,NA,Murmansk Oblast,753557,21,0,2492,0
2020-05-15,Russia,NA,Murmansk Oblast,753557,59,0,2551,0
2020-05-16,Russia,NA,Murmansk Oblast,753557,93,0,2644,0
2020-05-17,Russia,NA,Murmansk Oblast,753557,10,0,2654,0
2020-05-18,Russia,NA,Murmansk Oblast,753557,12,0,2666,0
2020-05-19,Russia,NA,Murmansk Oblast,753557,18,0,2684,0
2020-05-20,Russia,NA,Murmansk Oblast,753557,30,0,2714,0
2020-05-21,Russia,NA,Murmansk Oblast,753557,67,0,2781,0
2020-05-22,Russia,NA,Murmansk Oblast,753557,53,0,2834,0
2020-05-23,Russia,NA,Murmansk Oblast,753557,34,0,2868,0
2020-05-24,Russia,NA,Murmansk Oblast,753557,32,0,2900,0
2020-05-25,Russia,NA,Murmansk Oblast,753557,36,0,2936,0
2020-05-26,Russia,NA,Murmansk Oblast,753557,45,0,2981,0
2020-05-27,Russia,NA,Murmansk Oblast,753557,49,0,3030,0
2020-05-28,Russia,NA,Murmansk Oblast,753557,46,0,3076,0
2020-05-29,Russia,NA,Murmansk Oblast,753557,60,0,3136,0
2020-05-30,Russia,NA,Murmansk Oblast,753557,45,0,3181,0
2020-05-31,Russia,NA,Murmansk Oblast,753557,41,0,3222,0
2020-06-01,Russia,NA,Murmansk Oblast,753557,42,0,3264,0
2020-06-02,Russia,NA,Murmansk Oblast,753557,32,0,3296,0
2020-06-03,Russia,NA,Murmansk Oblast,753557,46,0,3342,0
2020-06-04,Russia,NA,Murmansk Oblast,753557,33,0,3375,0
2020-06-05,Russia,NA,Murmansk Oblast,753557,47,0,3422,0
2020-06-06,Russia,NA,Murmansk Oblast,753557,50,0,3472,0
2020-06-07,Russia,NA,Murmansk Oblast,753557,58,0,3530,0
2020-06-08,Russia,NA,Murmansk Oblast,753557,46,0,3576,0
2020-06-09,Russia,NA,Murmansk Oblast,753557,98,0,3674,0
2020-06-10,Russia,NA,Murmansk Oblast,753557,26,0,3700,0
2020-06-11,Russia,NA,Murmansk Oblast,753557,60,0,3760,0
2020-06-12,Russia,NA,Murmansk Oblast,753557,58,0,3818,0
2020-06-13,Russia,NA,Murmansk Oblast,753557,71,0,3889,0
2020-06-14,Russia,NA,Murmansk Oblast,753557,57,0,3946,0
2020-06-15,Russia,NA,Murmansk Oblast,753557,65,0,4011,0
2020-06-16,Russia,NA,Murmansk Oblast,753557,72,0,4083,0
2020-06-17,Russia,NA,Murmansk Oblast,753557,72,0,4155,0
2020-06-18,Russia,NA,Murmansk Oblast,753557,64,0,4219,0
2020-06-19,Russia,NA,Murmansk Oblast,753557,61,0,4280,0
2020-06-20,Russia,NA,Murmansk Oblast,753557,66,0,4346,0
2020-06-21,Russia,NA,Murmansk Oblast,753557,85,0,4431,0
2020-06-22,Russia,NA,Murmansk Oblast,753557,85,0,4516,0
2020-06-23,Russia,NA,Murmansk Oblast,753557,70,0,4586,0
2020-06-24,Russia,NA,Murmansk Oblast,753557,74,0,4660,0
2020-06-25,Russia,NA,Murmansk Oblast,753557,72,0,4732,0
2020-06-26,Russia,NA,Murmansk Oblast,753557,79,0,4811,0
2020-06-27,Russia,NA,Murmansk Oblast,753557,90,0,4901,0
2020-06-28,Russia,NA,Murmansk Oblast,753557,93,0,4994,0
2020-06-29,Russia,NA,Murmansk Oblast,753557,99,0,5093,0
2020-06-30,Russia,NA,Murmansk Oblast,753557,118,0,5211,0
2020-07-01,Russia,NA,Murmansk Oblast,753557,135,0,5346,0
2020-07-02,Russia,NA,Murmansk Oblast,753557,139,0,5485,0
2020-07-03,Russia,NA,Murmansk Oblast,753557,147,0,5632,0
2020-07-04,Russia,NA,Murmansk Oblast,753557,134,0,5766,0
2020-07-05,Russia,NA,Murmansk Oblast,753557,137,0,5903,0
2020-07-06,Russia,NA,Murmansk Oblast,753557,135,0,6038,0
2020-07-07,Russia,NA,Murmansk Oblast,753557,158,0,6196,0
2020-07-08,Russia,NA,Murmansk Oblast,753557,163,0,6359,0
2020-07-09,Russia,NA,Murmansk Oblast,753557,153,0,6512,0
2020-07-10,Russia,NA,Murmansk Oblast,753557,173,0,6685,0
2020-07-11,Russia,NA,Murmansk Oblast,753557,181,0,6866,0
2020-07-12,Russia,NA,Murmansk Oblast,753557,183,0,7049,0
2020-07-13,Russia,NA,Murmansk Oblast,753557,179,0,7228,0
2020-07-14,Russia,NA,Murmansk Oblast,753557,182,0,7410,0
2020-07-15,Russia,NA,Murmansk Oblast,753557,187,0,7597,0
2020-07-16,Russia,NA,Murmansk Oblast,753557,183,0,7780,0
2020-07-17,Russia,NA,Murmansk Oblast,753557,163,0,7943,0
2020-07-18,Russia,NA,Murmansk Oblast,753557,162,0,8105,0
2020-07-19,Russia,NA,Murmansk Oblast,753557,167,0,8272,0
2020-07-20,Russia,NA,Murmansk Oblast,753557,172,0,8444,0
2020-07-21,Russia,NA,Murmansk Oblast,753557,172,0,8616,0
2020-07-22,Russia,NA,Murmansk Oblast,753557,183,0,8799,0
2020-07-23,Russia,NA,Murmansk Oblast,753557,177,0,8976,0
2020-07-24,Russia,NA,Murmansk Oblast,753557,170,0,9146,0
2020-07-25,Russia,NA,Murmansk Oblast,753557,165,0,9311,0
2020-07-26,Russia,NA,Murmansk Oblast,753557,158,0,9469,0
2020-07-27,Russia,NA,Murmansk Oblast,753557,158,0,9627,0
2020-07-28,Russia,NA,Murmansk Oblast,753557,164,0,9791,0
2020-07-29,Russia,NA,Murmansk Oblast,753557,156,0,9947,0
2020-07-30,Russia,NA,Murmansk Oblast,753557,146,0,10093,0
2020-07-31,Russia,NA,Murmansk Oblast,753557,139,0,10232,0
2020-08-01,Russia,NA,Murmansk Oblast,753557,138,0,10370,0
2020-08-02,Russia,NA,Murmansk Oblast,753557,137,0,10507,0
2020-08-17,Russia,NA,Murmansk Oblast,753557,0,0,11914,121
2020-08-18,Russia,NA,Murmansk Oblast,753557,67,4,11981,125
2020-08-19,Russia,NA,Murmansk Oblast,753557,65,4,12046,129
2020-08-20,Russia,NA,Murmansk Oblast,753557,62,4,12108,133
2020-08-21,Russia,NA,Murmansk Oblast,753557,63,0,12171,133
2020-08-22,Russia,NA,Murmansk Oblast,753557,65,7,12236,140
2020-08-23,Russia,NA,Murmansk Oblast,753557,66,4,12302,144
2020-08-24,Russia,NA,Murmansk Oblast,753557,62,4,12364,148
2020-08-25,Russia,NA,Murmansk Oblast,753557,64,4,12428,152
2020-08-26,Russia,NA,Murmansk Oblast,753557,68,2,12496,154
2020-08-27,Russia,NA,Murmansk Oblast,753557,69,3,12565,157
2020-08-28,Russia,NA,Murmansk Oblast,753557,66,0,12631,157
2020-08-29,Russia,NA,Murmansk Oblast,753557,65,1,12696,158
2020-08-30,Russia,NA,Murmansk Oblast,753557,64,1,12760,159
2020-08-31,Russia,NA,Murmansk Oblast,753557,67,0,12827,159
2020-09-01,Russia,NA,Murmansk Oblast,753557,65,3,12892,162
2020-09-02,Russia,NA,Murmansk Oblast,753557,75,3,12967,165
2020-09-03,Russia,NA,Murmansk Oblast,753557,73,1,13040,166
2020-09-04,Russia,NA,Murmansk Oblast,753557,70,2,13110,168
2020-09-05,Russia,NA,Murmansk Oblast,753557,63,1,13173,169
2020-09-06,Russia,NA,Murmansk Oblast,753557,60,1,13233,170
2020-09-07,Russia,NA,Murmansk Oblast,753557,62,1,13295,171
2020-09-08,Russia,NA,Murmansk Oblast,753557,63,2,13358,173
2020-09-09,Russia,NA,Murmansk Oblast,753557,66,2,13424,175
2020-09-10,Russia,NA,Murmansk Oblast,753557,69,1,13493,176
2020-09-11,Russia,NA,Murmansk Oblast,753557,67,1,13560,177
2020-09-12,Russia,NA,Murmansk Oblast,753557,68,3,13628,180
2020-09-13,Russia,NA,Murmansk Oblast,753557,67,3,13695,183
2020-09-14,Russia,NA,Murmansk Oblast,753557,69,2,13764,185
2020-09-15,Russia,NA,Murmansk Oblast,753557,72,0,13836,185
2020-03-28,Russia,NA,Nizhny Novgorod Oblast,3234752,3,0,11,0
2020-03-31,Russia,NA,Nizhny Novgorod Oblast,3234752,1,0,12,0
2020-04-02,Russia,NA,Nizhny Novgorod Oblast,3234752,13,0,25,0
2020-04-05,Russia,NA,Nizhny Novgorod Oblast,3234752,22,0,47,0
2020-04-06,Russia,NA,Nizhny Novgorod Oblast,3234752,9,0,56,0
2020-04-08,Russia,NA,Nizhny Novgorod Oblast,3234752,24,0,80,0
2020-04-09,Russia,NA,Nizhny Novgorod Oblast,3234752,7,0,87,0
2020-04-10,Russia,NA,Nizhny Novgorod Oblast,3234752,32,0,119,0
2020-04-11,Russia,NA,Nizhny Novgorod Oblast,3234752,33,0,152,0
2020-04-12,Russia,NA,Nizhny Novgorod Oblast,3234752,42,0,194,0
2020-04-13,Russia,NA,Nizhny Novgorod Oblast,3234752,30,0,224,0
2020-04-14,Russia,NA,Nizhny Novgorod Oblast,3234752,68,0,292,0
2020-04-15,Russia,NA,Nizhny Novgorod Oblast,3234752,47,0,339,0
2020-04-16,Russia,NA,Nizhny Novgorod Oblast,3234752,65,0,404,0
2020-04-17,Russia,NA,Nizhny Novgorod Oblast,3234752,54,0,458,0
2020-04-18,Russia,NA,Nizhny Novgorod Oblast,3234752,59,0,517,0
2020-04-19,Russia,NA,Nizhny Novgorod Oblast,3234752,129,0,646,0
2020-04-20,Russia,NA,Nizhny Novgorod Oblast,3234752,113,0,759,0
2020-04-21,Russia,NA,Nizhny Novgorod Oblast,3234752,101,0,860,0
2020-04-22,Russia,NA,Nizhny Novgorod Oblast,3234752,69,0,929,0
2020-04-23,Russia,NA,Nizhny Novgorod Oblast,3234752,73,0,1002,0
2020-04-24,Russia,NA,Nizhny Novgorod Oblast,3234752,94,0,1096,0
2020-04-25,Russia,NA,Nizhny Novgorod Oblast,3234752,118,0,1214,0
2020-04-26,Russia,NA,Nizhny Novgorod Oblast,3234752,153,0,1367,0
2020-04-27,Russia,NA,Nizhny Novgorod Oblast,3234752,207,0,1574,0
2020-04-28,Russia,NA,Nizhny Novgorod Oblast,3234752,89,0,1663,0
2020-04-29,Russia,NA,Nizhny Novgorod Oblast,3234752,131,0,1794,0
2020-04-30,Russia,NA,Nizhny Novgorod Oblast,3234752,150,0,1944,0
2020-05-01,Russia,NA,Nizhny Novgorod Oblast,3234752,179,0,2123,0
2020-05-02,Russia,NA,Nizhny Novgorod Oblast,3234752,320,0,2443,0
2020-05-03,Russia,NA,Nizhny Novgorod Oblast,3234752,252,0,2695,0
2020-05-04,Russia,NA,Nizhny Novgorod Oblast,3234752,157,0,2852,0
2020-05-05,Russia,NA,Nizhny Novgorod Oblast,3234752,174,0,3026,0
2020-05-06,Russia,NA,Nizhny Novgorod Oblast,3234752,272,0,3298,0
2020-05-07,Russia,NA,Nizhny Novgorod Oblast,3234752,312,0,3610,0
2020-05-08,Russia,NA,Nizhny Novgorod Oblast,3234752,276,0,3886,0
2020-05-09,Russia,NA,Nizhny Novgorod Oblast,3234752,294,0,4180,0
2020-05-10,Russia,NA,Nizhny Novgorod Oblast,3234752,262,0,4442,0
2020-05-11,Russia,NA,Nizhny Novgorod Oblast,3234752,291,0,4733,0
2020-05-12,Russia,NA,Nizhny Novgorod Oblast,3234752,354,0,5087,0
2020-05-13,Russia,NA,Nizhny Novgorod Oblast,3234752,271,0,5358,0
2020-05-14,Russia,NA,Nizhny Novgorod Oblast,3234752,238,0,5596,0
2020-05-15,Russia,NA,Nizhny Novgorod Oblast,3234752,307,0,5903,0
2020-05-16,Russia,NA,Nizhny Novgorod Oblast,3234752,229,0,6132,0
2020-05-17,Russia,NA,Nizhny Novgorod Oblast,3234752,281,0,6413,0
2020-05-18,Russia,NA,Nizhny Novgorod Oblast,3234752,279,0,6692,0
2020-05-19,Russia,NA,Nizhny Novgorod Oblast,3234752,260,0,6952,0
2020-05-20,Russia,NA,Nizhny Novgorod Oblast,3234752,257,0,7209,0
2020-05-21,Russia,NA,Nizhny Novgorod Oblast,3234752,204,0,7413,0
2020-05-22,Russia,NA,Nizhny Novgorod Oblast,3234752,202,0,7615,0
2020-05-23,Russia,NA,Nizhny Novgorod Oblast,3234752,211,0,7826,0
2020-05-24,Russia,NA,Nizhny Novgorod Oblast,3234752,221,0,8047,0
2020-05-25,Russia,NA,Nizhny Novgorod Oblast,3234752,229,0,8276,0
2020-05-26,Russia,NA,Nizhny Novgorod Oblast,3234752,228,0,8504,0
2020-05-27,Russia,NA,Nizhny Novgorod Oblast,3234752,231,0,8735,0
2020-05-28,Russia,NA,Nizhny Novgorod Oblast,3234752,228,0,8963,0
2020-05-29,Russia,NA,Nizhny Novgorod Oblast,3234752,281,0,9244,0
2020-05-30,Russia,NA,Nizhny Novgorod Oblast,3234752,289,0,9533,0
2020-05-31,Russia,NA,Nizhny Novgorod Oblast,3234752,301,0,9834,0
2020-06-01,Russia,NA,Nizhny Novgorod Oblast,3234752,315,0,10149,0
2020-06-02,Russia,NA,Nizhny Novgorod Oblast,3234752,354,0,10503,0
2020-06-03,Russia,NA,Nizhny Novgorod Oblast,3234752,347,0,10850,0
2020-06-04,Russia,NA,Nizhny Novgorod Oblast,3234752,319,0,11169,0
2020-06-05,Russia,NA,Nizhny Novgorod Oblast,3234752,330,0,11499,0
2020-06-06,Russia,NA,Nizhny Novgorod Oblast,3234752,321,0,11820,0
2020-06-07,Russia,NA,Nizhny Novgorod Oblast,3234752,317,0,12137,0
2020-06-08,Russia,NA,Nizhny Novgorod Oblast,3234752,305,0,12442,0
2020-06-09,Russia,NA,Nizhny Novgorod Oblast,3234752,292,0,12734,0
2020-06-10,Russia,NA,Nizhny Novgorod Oblast,3234752,304,0,13038,0
2020-06-11,Russia,NA,Nizhny Novgorod Oblast,3234752,303,0,13341,0
2020-06-12,Russia,NA,Nizhny Novgorod Oblast,3234752,221,0,13562,0
2020-06-13,Russia,NA,Nizhny Novgorod Oblast,3234752,218,0,13780,0
2020-06-14,Russia,NA,Nizhny Novgorod Oblast,3234752,215,0,13995,0
2020-06-15,Russia,NA,Nizhny Novgorod Oblast,3234752,209,0,14204,0
2020-06-16,Russia,NA,Nizhny Novgorod Oblast,3234752,206,0,14410,0
2020-06-17,Russia,NA,Nizhny Novgorod Oblast,3234752,238,0,14648,0
2020-06-18,Russia,NA,Nizhny Novgorod Oblast,3234752,233,0,14881,0
2020-06-19,Russia,NA,Nizhny Novgorod Oblast,3234752,219,0,15100,0
2020-06-20,Russia,NA,Nizhny Novgorod Oblast,3234752,228,0,15328,0
2020-06-21,Russia,NA,Nizhny Novgorod Oblast,3234752,227,0,15555,0
2020-06-22,Russia,NA,Nizhny Novgorod Oblast,3234752,219,0,15774,0
2020-06-23,Russia,NA,Nizhny Novgorod Oblast,3234752,216,0,15990,0
2020-06-24,Russia,NA,Nizhny Novgorod Oblast,3234752,207,0,16197,0
2020-06-25,Russia,NA,Nizhny Novgorod Oblast,3234752,217,0,16414,0
2020-06-26,Russia,NA,Nizhny Novgorod Oblast,3234752,210,0,16624,0
2020-06-27,Russia,NA,Nizhny Novgorod Oblast,3234752,214,0,16838,0
2020-06-28,Russia,NA,Nizhny Novgorod Oblast,3234752,222,0,17060,0
2020-06-29,Russia,NA,Nizhny Novgorod Oblast,3234752,218,0,17278,0
2020-06-30,Russia,NA,Nizhny Novgorod Oblast,3234752,203,0,17481,0
2020-07-01,Russia,NA,Nizhny Novgorod Oblast,3234752,228,0,17709,0
2020-07-02,Russia,NA,Nizhny Novgorod Oblast,3234752,234,0,17943,0
2020-07-03,Russia,NA,Nizhny Novgorod Oblast,3234752,229,0,18172,0
2020-07-04,Russia,NA,Nizhny Novgorod Oblast,3234752,225,0,18397,0
2020-07-05,Russia,NA,Nizhny Novgorod Oblast,3234752,217,0,18614,0
2020-07-06,Russia,NA,Nizhny Novgorod Oblast,3234752,212,0,18826,0
2020-07-07,Russia,NA,Nizhny Novgorod Oblast,3234752,198,0,19024,0
2020-07-08,Russia,NA,Nizhny Novgorod Oblast,3234752,217,0,19241,0
2020-07-09,Russia,NA,Nizhny Novgorod Oblast,3234752,224,0,19465,0
2020-07-10,Russia,NA,Nizhny Novgorod Oblast,3234752,219,0,19684,0
2020-07-11,Russia,NA,Nizhny Novgorod Oblast,3234752,223,0,19907,0
2020-07-12,Russia,NA,Nizhny Novgorod Oblast,3234752,222,0,20129,0
2020-07-13,Russia,NA,Nizhny Novgorod Oblast,3234752,212,0,20341,0
2020-07-14,Russia,NA,Nizhny Novgorod Oblast,3234752,193,0,20534,0
2020-07-15,Russia,NA,Nizhny Novgorod Oblast,3234752,229,0,20763,0
2020-07-16,Russia,NA,Nizhny Novgorod Oblast,3234752,221,0,20984,0
2020-07-17,Russia,NA,Nizhny Novgorod Oblast,3234752,216,0,21200,0
2020-07-18,Russia,NA,Nizhny Novgorod Oblast,3234752,205,0,21405,0
2020-07-19,Russia,NA,Nizhny Novgorod Oblast,3234752,218,0,21623,0
2020-07-20,Russia,NA,Nizhny Novgorod Oblast,3234752,191,0,21814,0
2020-07-21,Russia,NA,Nizhny Novgorod Oblast,3234752,196,0,22010,0
2020-07-22,Russia,NA,Nizhny Novgorod Oblast,3234752,217,0,22227,0
2020-07-23,Russia,NA,Nizhny Novgorod Oblast,3234752,202,0,22429,0
2020-07-24,Russia,NA,Nizhny Novgorod Oblast,3234752,194,0,22623,0
2020-07-25,Russia,NA,Nizhny Novgorod Oblast,3234752,184,0,22807,0
2020-07-26,Russia,NA,Nizhny Novgorod Oblast,3234752,177,0,22984,0
2020-07-27,Russia,NA,Nizhny Novgorod Oblast,3234752,188,0,23172,0
2020-07-28,Russia,NA,Nizhny Novgorod Oblast,3234752,163,0,23335,0
2020-07-29,Russia,NA,Nizhny Novgorod Oblast,3234752,154,0,23489,0
2020-07-30,Russia,NA,Nizhny Novgorod Oblast,3234752,158,0,23647,0
2020-07-31,Russia,NA,Nizhny Novgorod Oblast,3234752,145,0,23792,0
2020-08-01,Russia,NA,Nizhny Novgorod Oblast,3234752,159,0,23951,0
2020-08-02,Russia,NA,Nizhny Novgorod Oblast,3234752,146,0,24097,0
2020-08-17,Russia,NA,Nizhny Novgorod Oblast,3234752,0,0,25878,433
2020-08-18,Russia,NA,Nizhny Novgorod Oblast,3234752,116,3,25994,436
2020-08-19,Russia,NA,Nizhny Novgorod Oblast,3234752,138,2,26132,438
2020-08-20,Russia,NA,Nizhny Novgorod Oblast,3234752,132,3,26264,441
2020-08-21,Russia,NA,Nizhny Novgorod Oblast,3234752,127,2,26391,443
2020-08-22,Russia,NA,Nizhny Novgorod Oblast,3234752,122,2,26513,445
2020-08-23,Russia,NA,Nizhny Novgorod Oblast,3234752,117,2,26630,447
2020-08-24,Russia,NA,Nizhny Novgorod Oblast,3234752,114,2,26744,449
2020-08-25,Russia,NA,Nizhny Novgorod Oblast,3234752,122,2,26866,451
2020-08-26,Russia,NA,Nizhny Novgorod Oblast,3234752,129,2,26995,453
2020-08-27,Russia,NA,Nizhny Novgorod Oblast,3234752,134,3,27129,456
2020-08-28,Russia,NA,Nizhny Novgorod Oblast,3234752,133,4,27262,460
2020-08-29,Russia,NA,Nizhny Novgorod Oblast,3234752,145,5,27407,465
2020-08-30,Russia,NA,Nizhny Novgorod Oblast,3234752,143,4,27550,469
2020-08-31,Russia,NA,Nizhny Novgorod Oblast,3234752,138,4,27688,473
2020-09-01,Russia,NA,Nizhny Novgorod Oblast,3234752,132,4,27820,477
2020-09-02,Russia,NA,Nizhny Novgorod Oblast,3234752,147,4,27967,481
2020-09-03,Russia,NA,Nizhny Novgorod Oblast,3234752,143,4,28110,485
2020-09-04,Russia,NA,Nizhny Novgorod Oblast,3234752,145,3,28255,488
2020-09-05,Russia,NA,Nizhny Novgorod Oblast,3234752,154,4,28409,492
2020-09-06,Russia,NA,Nizhny Novgorod Oblast,3234752,153,2,28562,494
2020-09-07,Russia,NA,Nizhny Novgorod Oblast,3234752,151,3,28713,497
2020-09-08,Russia,NA,Nizhny Novgorod Oblast,3234752,146,4,28859,501
2020-09-09,Russia,NA,Nizhny Novgorod Oblast,3234752,159,3,29018,504
2020-09-10,Russia,NA,Nizhny Novgorod Oblast,3234752,163,2,29181,506
2020-09-11,Russia,NA,Nizhny Novgorod Oblast,3234752,161,3,29342,509
2020-09-12,Russia,NA,Nizhny Novgorod Oblast,3234752,156,6,29498,515
2020-09-13,Russia,NA,Nizhny Novgorod Oblast,3234752,159,5,29657,520
2020-09-14,Russia,NA,Nizhny Novgorod Oblast,3234752,147,6,29804,526
2020-09-15,Russia,NA,Nizhny Novgorod Oblast,3234752,139,3,29943,529
2020-04-08,Russia,NA,North Ossetia-Alania,701765,6,0,15,0
2020-04-09,Russia,NA,North Ossetia-Alania,701765,7,0,22,0
2020-04-10,Russia,NA,North Ossetia-Alania,701765,5,0,27,0
2020-04-12,Russia,NA,North Ossetia-Alania,701765,7,0,34,0
2020-04-14,Russia,NA,North Ossetia-Alania,701765,18,0,52,0
2020-04-17,Russia,NA,North Ossetia-Alania,701765,13,0,65,0
2020-04-18,Russia,NA,North Ossetia-Alania,701765,29,0,94,0
2020-04-19,Russia,NA,North Ossetia-Alania,701765,26,0,120,0
2020-04-20,Russia,NA,North Ossetia-Alania,701765,25,0,145,0
2020-04-21,Russia,NA,North Ossetia-Alania,701765,32,0,177,0
2020-04-22,Russia,NA,North Ossetia-Alania,701765,34,0,211,0
2020-04-23,Russia,NA,North Ossetia-Alania,701765,31,0,242,0
2020-04-24,Russia,NA,North Ossetia-Alania,701765,33,0,275,0
2020-04-25,Russia,NA,North Ossetia-Alania,701765,30,0,305,0
2020-04-26,Russia,NA,North Ossetia-Alania,701765,43,0,348,0
2020-04-27,Russia,NA,North Ossetia-Alania,701765,53,0,401,0
2020-04-28,Russia,NA,North Ossetia-Alania,701765,148,0,549,0
2020-04-29,Russia,NA,North Ossetia-Alania,701765,121,0,670,0
2020-04-30,Russia,NA,North Ossetia-Alania,701765,93,0,763,0
2020-05-01,Russia,NA,North Ossetia-Alania,701765,73,0,836,0
2020-05-02,Russia,NA,North Ossetia-Alania,701765,85,0,921,0
2020-05-03,Russia,NA,North Ossetia-Alania,701765,69,0,990,0
2020-05-04,Russia,NA,North Ossetia-Alania,701765,79,0,1069,0
2020-05-05,Russia,NA,North Ossetia-Alania,701765,91,0,1160,0
2020-05-06,Russia,NA,North Ossetia-Alania,701765,93,0,1253,0
2020-05-07,Russia,NA,North Ossetia-Alania,701765,89,0,1342,0
2020-05-08,Russia,NA,North Ossetia-Alania,701765,94,0,1436,0
2020-05-09,Russia,NA,North Ossetia-Alania,701765,69,0,1505,0
2020-05-10,Russia,NA,North Ossetia-Alania,701765,70,0,1575,0
2020-05-11,Russia,NA,North Ossetia-Alania,701765,72,0,1647,0
2020-05-12,Russia,NA,North Ossetia-Alania,701765,76,0,1723,0
2020-05-13,Russia,NA,North Ossetia-Alania,701765,78,0,1801,0
2020-05-14,Russia,NA,North Ossetia-Alania,701765,70,0,1871,0
2020-05-15,Russia,NA,North Ossetia-Alania,701765,72,0,1943,0
2020-05-16,Russia,NA,North Ossetia-Alania,701765,73,0,2016,0
2020-05-17,Russia,NA,North Ossetia-Alania,701765,74,0,2090,0
2020-05-18,Russia,NA,North Ossetia-Alania,701765,75,0,2165,0
2020-05-19,Russia,NA,North Ossetia-Alania,701765,77,0,2242,0
2020-05-20,Russia,NA,North Ossetia-Alania,701765,72,0,2314,0
2020-05-21,Russia,NA,North Ossetia-Alania,701765,73,0,2387,0
2020-05-22,Russia,NA,North Ossetia-Alania,701765,69,0,2456,0
2020-05-23,Russia,NA,North Ossetia-Alania,701765,67,0,2523,0
2020-05-24,Russia,NA,North Ossetia-Alania,701765,62,0,2585,0
2020-05-25,Russia,NA,North Ossetia-Alania,701765,60,0,2645,0
2020-05-26,Russia,NA,North Ossetia-Alania,701765,57,0,2702,0
2020-05-27,Russia,NA,North Ossetia-Alania,701765,53,0,2755,0
2020-05-28,Russia,NA,North Ossetia-Alania,701765,52,0,2807,0
2020-05-29,Russia,NA,North Ossetia-Alania,701765,51,0,2858,0
2020-05-30,Russia,NA,North Ossetia-Alania,701765,49,0,2907,0
2020-05-31,Russia,NA,North Ossetia-Alania,701765,50,0,2957,0
2020-06-01,Russia,NA,North Ossetia-Alania,701765,48,0,3005,0
2020-06-02,Russia,NA,North Ossetia-Alania,701765,50,0,3055,0
2020-06-03,Russia,NA,North Ossetia-Alania,701765,49,0,3104,0
2020-06-04,Russia,NA,North Ossetia-Alania,701765,47,0,3151,0
2020-06-05,Russia,NA,North Ossetia-Alania,701765,46,0,3197,0
2020-06-06,Russia,NA,North Ossetia-Alania,701765,44,0,3241,0
2020-06-07,Russia,NA,North Ossetia-Alania,701765,42,0,3283,0
2020-06-08,Russia,NA,North Ossetia-Alania,701765,41,0,3324,0
2020-06-09,Russia,NA,North Ossetia-Alania,701765,40,0,3364,0
2020-06-10,Russia,NA,North Ossetia-Alania,701765,39,0,3403,0
2020-06-11,Russia,NA,North Ossetia-Alania,701765,37,0,3440,0
2020-06-12,Russia,NA,North Ossetia-Alania,701765,37,0,3477,0
2020-06-13,Russia,NA,North Ossetia-Alania,701765,36,0,3513,0
2020-06-14,Russia,NA,North Ossetia-Alania,701765,34,0,3547,0
2020-06-15,Russia,NA,North Ossetia-Alania,701765,34,0,3581,0
2020-06-16,Russia,NA,North Ossetia-Alania,701765,32,0,3613,0
2020-06-17,Russia,NA,North Ossetia-Alania,701765,32,0,3645,0
2020-06-18,Russia,NA,North Ossetia-Alania,701765,31,0,3676,0
2020-06-19,Russia,NA,North Ossetia-Alania,701765,30,0,3706,0
2020-06-20,Russia,NA,North Ossetia-Alania,701765,31,0,3737,0
2020-06-21,Russia,NA,North Ossetia-Alania,701765,31,0,3768,0
2020-06-22,Russia,NA,North Ossetia-Alania,701765,30,0,3798,0
2020-06-23,Russia,NA,North Ossetia-Alania,701765,28,0,3826,0
2020-06-24,Russia,NA,North Ossetia-Alania,701765,28,0,3854,0
2020-06-25,Russia,NA,North Ossetia-Alania,701765,29,0,3883,0
2020-06-26,Russia,NA,North Ossetia-Alania,701765,27,0,3910,0
2020-06-27,Russia,NA,North Ossetia-Alania,701765,25,0,3935,0
2020-06-28,Russia,NA,North Ossetia-Alania,701765,25,0,3960,0
2020-06-29,Russia,NA,North Ossetia-Alania,701765,24,0,3984,0
2020-06-30,Russia,NA,North Ossetia-Alania,701765,22,0,4006,0
2020-07-01,Russia,NA,North Ossetia-Alania,701765,22,0,4028,0
2020-07-02,Russia,NA,North Ossetia-Alania,701765,21,0,4049,0
2020-07-03,Russia,NA,North Ossetia-Alania,701765,21,0,4070,0
2020-07-04,Russia,NA,North Ossetia-Alania,701765,22,0,4092,0
2020-07-05,Russia,NA,North Ossetia-Alania,701765,22,0,4114,0
2020-07-06,Russia,NA,North Ossetia-Alania,701765,21,0,4135,0
2020-07-07,Russia,NA,North Ossetia-Alania,701765,20,0,4155,0
2020-07-08,Russia,NA,North Ossetia-Alania,701765,20,0,4175,0
2020-07-09,Russia,NA,North Ossetia-Alania,701765,18,0,4193,0
2020-07-10,Russia,NA,North Ossetia-Alania,701765,16,0,4209,0
2020-07-11,Russia,NA,North Ossetia-Alania,701765,15,0,4224,0
2020-07-12,Russia,NA,North Ossetia-Alania,701765,16,0,4240,0
2020-07-13,Russia,NA,North Ossetia-Alania,701765,16,0,4256,0
2020-07-14,Russia,NA,North Ossetia-Alania,701765,15,0,4271,0
2020-07-15,Russia,NA,North Ossetia-Alania,701765,16,0,4287,0
2020-07-16,Russia,NA,North Ossetia-Alania,701765,16,0,4303,0
2020-07-17,Russia,NA,North Ossetia-Alania,701765,17,0,4320,0
2020-07-18,Russia,NA,North Ossetia-Alania,701765,17,0,4337,0
2020-07-19,Russia,NA,North Ossetia-Alania,701765,16,0,4353,0
2020-07-20,Russia,NA,North Ossetia-Alania,701765,16,0,4369,0
2020-07-21,Russia,NA,North Ossetia-Alania,701765,15,0,4384,0
2020-07-22,Russia,NA,North Ossetia-Alania,701765,15,0,4399,0
2020-07-23,Russia,NA,North Ossetia-Alania,701765,16,0,4415,0
2020-07-24,Russia,NA,North Ossetia-Alania,701765,16,0,4431,0
2020-07-25,Russia,NA,North Ossetia-Alania,701765,17,0,4448,0
2020-07-26,Russia,NA,North Ossetia-Alania,701765,17,0,4465,0
2020-07-27,Russia,NA,North Ossetia-Alania,701765,18,0,4483,0
2020-07-28,Russia,NA,North Ossetia-Alania,701765,18,0,4501,0
2020-07-29,Russia,NA,North Ossetia-Alania,701765,16,0,4517,0
2020-07-30,Russia,NA,North Ossetia-Alania,701765,14,0,4531,0
2020-07-31,Russia,NA,North Ossetia-Alania,701765,13,0,4544,0
2020-08-01,Russia,NA,North Ossetia-Alania,701765,13,0,4557,0
2020-08-02,Russia,NA,North Ossetia-Alania,701765,11,0,4568,0
2020-08-17,Russia,NA,North Ossetia-Alania,701765,0,0,4690,67
2020-08-18,Russia,NA,North Ossetia-Alania,701765,10,0,4700,67
2020-08-19,Russia,NA,North Ossetia-Alania,701765,12,0,4712,67
2020-08-20,Russia,NA,North Ossetia-Alania,701765,13,0,4725,67
2020-08-21,Russia,NA,North Ossetia-Alania,701765,15,0,4740,67
2020-08-22,Russia,NA,North Ossetia-Alania,701765,15,0,4755,67
2020-08-23,Russia,NA,North Ossetia-Alania,701765,16,0,4771,67
2020-08-24,Russia,NA,North Ossetia-Alania,701765,16,0,4787,67
2020-08-25,Russia,NA,North Ossetia-Alania,701765,17,0,4804,67
2020-08-26,Russia,NA,North Ossetia-Alania,701765,17,0,4821,67
2020-08-27,Russia,NA,North Ossetia-Alania,701765,19,0,4840,67
2020-08-28,Russia,NA,North Ossetia-Alania,701765,20,0,4860,67
2020-08-29,Russia,NA,North Ossetia-Alania,701765,20,0,4880,67
2020-08-30,Russia,NA,North Ossetia-Alania,701765,21,0,4901,67
2020-08-31,Russia,NA,North Ossetia-Alania,701765,21,0,4922,67
2020-09-01,Russia,NA,North Ossetia-Alania,701765,21,0,4943,67
2020-09-02,Russia,NA,North Ossetia-Alania,701765,23,0,4966,67
2020-09-03,Russia,NA,North Ossetia-Alania,701765,23,0,4989,67
2020-09-04,Russia,NA,North Ossetia-Alania,701765,24,0,5013,67
2020-09-05,Russia,NA,North Ossetia-Alania,701765,24,0,5037,67
2020-09-06,Russia,NA,North Ossetia-Alania,701765,25,0,5062,67
2020-09-07,Russia,NA,North Ossetia-Alania,701765,25,0,5087,67
2020-09-08,Russia,NA,North Ossetia-Alania,701765,24,0,5111,67
2020-09-09,Russia,NA,North Ossetia-Alania,701765,26,0,5137,67
2020-09-10,Russia,NA,North Ossetia-Alania,701765,26,1,5163,68
2020-09-11,Russia,NA,North Ossetia-Alania,701765,28,0,5191,68
2020-09-12,Russia,NA,North Ossetia-Alania,701765,29,0,5220,68
2020-09-13,Russia,NA,North Ossetia-Alania,701765,30,0,5250,68
2020-09-14,Russia,NA,North Ossetia-Alania,701765,30,0,5280,68
2020-09-15,Russia,NA,North Ossetia-Alania,701765,31,0,5311,68
2020-04-09,Russia,NA,Novgorod Oblast,606476,7,0,12,0
2020-04-10,Russia,NA,Novgorod Oblast,606476,6,0,18,0
2020-04-13,Russia,NA,Novgorod Oblast,606476,8,0,26,0
2020-04-16,Russia,NA,Novgorod Oblast,606476,27,0,53,0
2020-04-17,Russia,NA,Novgorod Oblast,606476,21,0,74,0
2020-04-18,Russia,NA,Novgorod Oblast,606476,6,0,80,0
2020-04-19,Russia,NA,Novgorod Oblast,606476,18,0,98,0
2020-04-20,Russia,NA,Novgorod Oblast,606476,10,0,108,0
2020-04-21,Russia,NA,Novgorod Oblast,606476,6,0,114,0
2020-04-22,Russia,NA,Novgorod Oblast,606476,26,0,140,0
2020-04-23,Russia,NA,Novgorod Oblast,606476,17,0,157,0
2020-04-24,Russia,NA,Novgorod Oblast,606476,14,0,171,0
2020-04-25,Russia,NA,Novgorod Oblast,606476,15,0,186,0
2020-04-26,Russia,NA,Novgorod Oblast,606476,25,0,211,0
2020-04-27,Russia,NA,Novgorod Oblast,606476,33,0,244,0
2020-04-28,Russia,NA,Novgorod Oblast,606476,10,0,254,0
2020-04-29,Russia,NA,Novgorod Oblast,606476,12,0,266,0
2020-04-30,Russia,NA,Novgorod Oblast,606476,13,0,279,0
2020-05-01,Russia,NA,Novgorod Oblast,606476,18,0,297,0
2020-05-02,Russia,NA,Novgorod Oblast,606476,25,0,322,0
2020-05-03,Russia,NA,Novgorod Oblast,606476,26,0,348,0
2020-05-04,Russia,NA,Novgorod Oblast,606476,24,0,372,0
2020-05-05,Russia,NA,Novgorod Oblast,606476,27,0,399,0
2020-05-06,Russia,NA,Novgorod Oblast,606476,18,0,417,0
2020-05-07,Russia,NA,Novgorod Oblast,606476,21,0,438,0
2020-05-08,Russia,NA,Novgorod Oblast,606476,19,0,457,0
2020-05-09,Russia,NA,Novgorod Oblast,606476,12,0,469,0
2020-05-10,Russia,NA,Novgorod Oblast,606476,28,0,497,0
2020-05-11,Russia,NA,Novgorod Oblast,606476,17,0,514,0
2020-05-12,Russia,NA,Novgorod Oblast,606476,27,0,541,0
2020-05-13,Russia,NA,Novgorod Oblast,606476,14,0,555,0
2020-05-14,Russia,NA,Novgorod Oblast,606476,15,0,570,0
2020-05-15,Russia,NA,Novgorod Oblast,606476,14,0,584,0
2020-05-16,Russia,NA,Novgorod Oblast,606476,14,0,598,0
2020-05-17,Russia,NA,Novgorod Oblast,606476,33,0,631,0
2020-05-18,Russia,NA,Novgorod Oblast,606476,21,0,652,0
2020-05-19,Russia,NA,Novgorod Oblast,606476,33,0,685,0
2020-05-20,Russia,NA,Novgorod Oblast,606476,10,0,695,0
2020-05-21,Russia,NA,Novgorod Oblast,606476,32,0,727,0
2020-05-22,Russia,NA,Novgorod Oblast,606476,22,0,749,0
2020-05-23,Russia,NA,Novgorod Oblast,606476,35,0,784,0
2020-05-24,Russia,NA,Novgorod Oblast,606476,60,0,844,0
2020-05-25,Russia,NA,Novgorod Oblast,606476,70,0,914,0
2020-05-26,Russia,NA,Novgorod Oblast,606476,89,0,1003,0
2020-05-27,Russia,NA,Novgorod Oblast,606476,46,0,1049,0
2020-05-28,Russia,NA,Novgorod Oblast,606476,45,0,1094,0
2020-05-29,Russia,NA,Novgorod Oblast,606476,73,0,1167,0
2020-05-30,Russia,NA,Novgorod Oblast,606476,63,0,1230,0
2020-05-31,Russia,NA,Novgorod Oblast,606476,51,0,1281,0
2020-06-01,Russia,NA,Novgorod Oblast,606476,72,0,1353,0
2020-06-02,Russia,NA,Novgorod Oblast,606476,77,0,1430,0
2020-06-03,Russia,NA,Novgorod Oblast,606476,63,0,1493,0
2020-06-04,Russia,NA,Novgorod Oblast,606476,53,0,1546,0
2020-06-05,Russia,NA,Novgorod Oblast,606476,42,0,1588,0
2020-06-06,Russia,NA,Novgorod Oblast,606476,46,0,1634,0
2020-06-07,Russia,NA,Novgorod Oblast,606476,42,0,1676,0
2020-06-08,Russia,NA,Novgorod Oblast,606476,58,0,1734,0
2020-06-09,Russia,NA,Novgorod Oblast,606476,45,0,1779,0
2020-06-10,Russia,NA,Novgorod Oblast,606476,44,0,1823,0
2020-06-11,Russia,NA,Novgorod Oblast,606476,44,0,1867,0
2020-06-12,Russia,NA,Novgorod Oblast,606476,46,0,1913,0
2020-06-13,Russia,NA,Novgorod Oblast,606476,50,0,1963,0
2020-06-14,Russia,NA,Novgorod Oblast,606476,48,0,2011,0
2020-06-15,Russia,NA,Novgorod Oblast,606476,52,0,2063,0
2020-06-16,Russia,NA,Novgorod Oblast,606476,58,0,2121,0
2020-06-17,Russia,NA,Novgorod Oblast,606476,62,0,2183,0
2020-06-18,Russia,NA,Novgorod Oblast,606476,62,0,2245,0
2020-06-19,Russia,NA,Novgorod Oblast,606476,58,0,2303,0
2020-06-20,Russia,NA,Novgorod Oblast,606476,59,0,2362,0
2020-06-21,Russia,NA,Novgorod Oblast,606476,55,0,2417,0
2020-06-22,Russia,NA,Novgorod Oblast,606476,61,0,2478,0
2020-06-23,Russia,NA,Novgorod Oblast,606476,57,0,2535,0
2020-06-24,Russia,NA,Novgorod Oblast,606476,56,0,2591,0
2020-06-25,Russia,NA,Novgorod Oblast,606476,62,0,2653,0
2020-06-26,Russia,NA,Novgorod Oblast,606476,45,0,2698,0
2020-06-27,Russia,NA,Novgorod Oblast,606476,44,0,2742,0
2020-06-28,Russia,NA,Novgorod Oblast,606476,50,0,2792,0
2020-06-29,Russia,NA,Novgorod Oblast,606476,47,0,2839,0
2020-06-30,Russia,NA,Novgorod Oblast,606476,45,0,2884,0
2020-07-01,Russia,NA,Novgorod Oblast,606476,47,0,2931,0
2020-07-02,Russia,NA,Novgorod Oblast,606476,47,0,2978,0
2020-07-03,Russia,NA,Novgorod Oblast,606476,44,0,3022,0
2020-07-04,Russia,NA,Novgorod Oblast,606476,46,0,3068,0
2020-07-05,Russia,NA,Novgorod Oblast,606476,37,0,3105,0
2020-07-06,Russia,NA,Novgorod Oblast,606476,37,0,3142,0
2020-07-07,Russia,NA,Novgorod Oblast,606476,36,0,3178,0
2020-07-08,Russia,NA,Novgorod Oblast,606476,39,0,3217,0
2020-07-09,Russia,NA,Novgorod Oblast,606476,39,0,3256,0
2020-07-10,Russia,NA,Novgorod Oblast,606476,40,0,3296,0
2020-07-11,Russia,NA,Novgorod Oblast,606476,41,0,3337,0
2020-07-12,Russia,NA,Novgorod Oblast,606476,39,0,3376,0
2020-07-13,Russia,NA,Novgorod Oblast,606476,37,0,3413,0
2020-07-14,Russia,NA,Novgorod Oblast,606476,18,0,3431,0
2020-07-15,Russia,NA,Novgorod Oblast,606476,19,0,3450,0
2020-07-16,Russia,NA,Novgorod Oblast,606476,20,0,3470,0
2020-07-17,Russia,NA,Novgorod Oblast,606476,19,0,3489,0
2020-07-18,Russia,NA,Novgorod Oblast,606476,21,0,3510,0
2020-07-19,Russia,NA,Novgorod Oblast,606476,20,0,3530,0
2020-07-20,Russia,NA,Novgorod Oblast,606476,19,0,3549,0
2020-07-21,Russia,NA,Novgorod Oblast,606476,20,0,3569,0
2020-07-22,Russia,NA,Novgorod Oblast,606476,15,0,3584,0
2020-07-23,Russia,NA,Novgorod Oblast,606476,19,0,3603,0
2020-07-24,Russia,NA,Novgorod Oblast,606476,18,0,3621,0
2020-07-25,Russia,NA,Novgorod Oblast,606476,18,0,3639,0
2020-07-26,Russia,NA,Novgorod Oblast,606476,17,0,3656,0
2020-07-27,Russia,NA,Novgorod Oblast,606476,16,0,3672,0
2020-07-28,Russia,NA,Novgorod Oblast,606476,18,0,3690,0
2020-07-29,Russia,NA,Novgorod Oblast,606476,20,0,3710,0
2020-07-30,Russia,NA,Novgorod Oblast,606476,19,0,3729,0
2020-07-31,Russia,NA,Novgorod Oblast,606476,17,0,3746,0
2020-08-01,Russia,NA,Novgorod Oblast,606476,20,0,3766,0
2020-08-02,Russia,NA,Novgorod Oblast,606476,25,0,3791,0
2020-08-17,Russia,NA,Novgorod Oblast,606476,0,0,4050,72
2020-08-18,Russia,NA,Novgorod Oblast,606476,20,0,4070,72
2020-08-19,Russia,NA,Novgorod Oblast,606476,22,0,4092,72
2020-08-20,Russia,NA,Novgorod Oblast,606476,21,0,4113,72
2020-08-21,Russia,NA,Novgorod Oblast,606476,19,0,4132,72
2020-08-22,Russia,NA,Novgorod Oblast,606476,23,0,4155,72
2020-08-23,Russia,NA,Novgorod Oblast,606476,20,0,4175,72
2020-08-24,Russia,NA,Novgorod Oblast,606476,20,0,4195,72
2020-08-25,Russia,NA,Novgorod Oblast,606476,21,0,4216,72
2020-08-26,Russia,NA,Novgorod Oblast,606476,19,0,4235,72
2020-08-27,Russia,NA,Novgorod Oblast,606476,19,0,4254,72
2020-08-28,Russia,NA,Novgorod Oblast,606476,20,0,4274,72
2020-08-29,Russia,NA,Novgorod Oblast,606476,22,4,4296,76
2020-08-30,Russia,NA,Novgorod Oblast,606476,23,0,4319,76
2020-08-31,Russia,NA,Novgorod Oblast,606476,21,0,4340,76
2020-09-01,Russia,NA,Novgorod Oblast,606476,23,10,4363,86
2020-09-02,Russia,NA,Novgorod Oblast,606476,22,0,4385,86
2020-09-03,Russia,NA,Novgorod Oblast,606476,21,0,4406,86
2020-09-04,Russia,NA,Novgorod Oblast,606476,22,0,4428,86
2020-09-05,Russia,NA,Novgorod Oblast,606476,24,0,4452,86
2020-09-06,Russia,NA,Novgorod Oblast,606476,25,0,4477,86
2020-09-07,Russia,NA,Novgorod Oblast,606476,24,0,4501,86
2020-09-08,Russia,NA,Novgorod Oblast,606476,26,0,4527,86
2020-09-09,Russia,NA,Novgorod Oblast,606476,27,0,4554,86
2020-09-10,Russia,NA,Novgorod Oblast,606476,26,0,4580,86
2020-09-11,Russia,NA,Novgorod Oblast,606476,29,0,4609,86
2020-09-12,Russia,NA,Novgorod Oblast,606476,26,0,4635,86
2020-09-13,Russia,NA,Novgorod Oblast,606476,26,0,4661,86
2020-09-14,Russia,NA,Novgorod Oblast,606476,28,0,4689,86
2020-09-15,Russia,NA,Novgorod Oblast,606476,27,0,4716,86
2020-04-05,Russia,NA,Novosibirsk Oblast,2788849,1,0,11,0
2020-04-08,Russia,NA,Novosibirsk Oblast,2788849,2,0,13,0
2020-04-09,Russia,NA,Novosibirsk Oblast,2788849,5,0,18,0
2020-04-10,Russia,NA,Novosibirsk Oblast,2788849,3,0,21,0
2020-04-11,Russia,NA,Novosibirsk Oblast,2788849,7,0,28,0
2020-04-13,Russia,NA,Novosibirsk Oblast,2788849,8,0,36,0
2020-04-15,Russia,NA,Novosibirsk Oblast,2788849,17,0,53,0
2020-04-16,Russia,NA,Novosibirsk Oblast,2788849,11,0,64,0
2020-04-17,Russia,NA,Novosibirsk Oblast,2788849,12,0,76,0
2020-04-18,Russia,NA,Novosibirsk Oblast,2788849,10,0,86,0
2020-04-19,Russia,NA,Novosibirsk Oblast,2788849,22,0,108,0
2020-04-20,Russia,NA,Novosibirsk Oblast,2788849,24,0,132,0
2020-04-21,Russia,NA,Novosibirsk Oblast,2788849,3,0,135,0
2020-04-22,Russia,NA,Novosibirsk Oblast,2788849,16,0,151,0
2020-04-23,Russia,NA,Novosibirsk Oblast,2788849,17,0,168,0
2020-04-24,Russia,NA,Novosibirsk Oblast,2788849,41,0,209,0
2020-04-25,Russia,NA,Novosibirsk Oblast,2788849,38,0,247,0
2020-04-26,Russia,NA,Novosibirsk Oblast,2788849,58,0,305,0
2020-04-27,Russia,NA,Novosibirsk Oblast,2788849,42,0,347,0
2020-04-28,Russia,NA,Novosibirsk Oblast,2788849,60,0,407,0
2020-04-29,Russia,NA,Novosibirsk Oblast,2788849,29,0,436,0
2020-04-30,Russia,NA,Novosibirsk Oblast,2788849,35,0,471,0
2020-05-01,Russia,NA,Novosibirsk Oblast,2788849,55,0,526,0
2020-05-02,Russia,NA,Novosibirsk Oblast,2788849,43,0,569,0
2020-05-03,Russia,NA,Novosibirsk Oblast,2788849,51,0,620,0
2020-05-04,Russia,NA,Novosibirsk Oblast,2788849,61,0,681,0
2020-05-05,Russia,NA,Novosibirsk Oblast,2788849,65,0,746,0
2020-05-06,Russia,NA,Novosibirsk Oblast,2788849,63,0,809,0
2020-05-07,Russia,NA,Novosibirsk Oblast,2788849,67,0,876,0
2020-05-08,Russia,NA,Novosibirsk Oblast,2788849,73,0,949,0
2020-05-09,Russia,NA,Novosibirsk Oblast,2788849,76,0,1025,0
2020-05-10,Russia,NA,Novosibirsk Oblast,2788849,75,0,1100,0
2020-05-11,Russia,NA,Novosibirsk Oblast,2788849,71,0,1171,0
2020-05-12,Russia,NA,Novosibirsk Oblast,2788849,55,0,1226,0
2020-05-13,Russia,NA,Novosibirsk Oblast,2788849,74,0,1300,0
2020-05-14,Russia,NA,Novosibirsk Oblast,2788849,76,0,1376,0
2020-05-15,Russia,NA,Novosibirsk Oblast,2788849,71,0,1447,0
2020-05-16,Russia,NA,Novosibirsk Oblast,2788849,64,0,1511,0
2020-05-17,Russia,NA,Novosibirsk Oblast,2788849,70,0,1581,0
2020-05-18,Russia,NA,Novosibirsk Oblast,2788849,71,0,1652,0
2020-05-19,Russia,NA,Novosibirsk Oblast,2788849,76,0,1728,0
2020-05-20,Russia,NA,Novosibirsk Oblast,2788849,77,0,1805,0
2020-05-21,Russia,NA,Novosibirsk Oblast,2788849,76,0,1881,0
2020-05-22,Russia,NA,Novosibirsk Oblast,2788849,79,0,1960,0
2020-05-23,Russia,NA,Novosibirsk Oblast,2788849,83,0,2043,0
2020-05-24,Russia,NA,Novosibirsk Oblast,2788849,81,0,2124,0
2020-05-25,Russia,NA,Novosibirsk Oblast,2788849,89,0,2213,0
2020-05-26,Russia,NA,Novosibirsk Oblast,2788849,87,0,2300,0
2020-05-27,Russia,NA,Novosibirsk Oblast,2788849,97,0,2397,0
2020-05-28,Russia,NA,Novosibirsk Oblast,2788849,96,0,2493,0
2020-05-29,Russia,NA,Novosibirsk Oblast,2788849,103,0,2596,0
2020-05-30,Russia,NA,Novosibirsk Oblast,2788849,109,0,2705,0
2020-05-31,Russia,NA,Novosibirsk Oblast,2788849,104,0,2809,0
2020-06-01,Russia,NA,Novosibirsk Oblast,2788849,105,0,2914,0
2020-06-02,Russia,NA,Novosibirsk Oblast,2788849,106,0,3020,0
2020-06-03,Russia,NA,Novosibirsk Oblast,2788849,102,0,3122,0
2020-06-04,Russia,NA,Novosibirsk Oblast,2788849,104,0,3226,0
2020-06-05,Russia,NA,Novosibirsk Oblast,2788849,108,0,3334,0
2020-06-06,Russia,NA,Novosibirsk Oblast,2788849,107,0,3441,0
2020-06-07,Russia,NA,Novosibirsk Oblast,2788849,105,0,3546,0
2020-06-08,Russia,NA,Novosibirsk Oblast,2788849,102,0,3648,0
2020-06-09,Russia,NA,Novosibirsk Oblast,2788849,104,0,3752,0
2020-06-10,Russia,NA,Novosibirsk Oblast,2788849,106,0,3858,0
2020-06-11,Russia,NA,Novosibirsk Oblast,2788849,102,0,3960,0
2020-06-12,Russia,NA,Novosibirsk Oblast,2788849,109,0,4069,0
2020-06-13,Russia,NA,Novosibirsk Oblast,2788849,108,0,4177,0
2020-06-14,Russia,NA,Novosibirsk Oblast,2788849,108,0,4285,0
2020-06-15,Russia,NA,Novosibirsk Oblast,2788849,109,0,4394,0
2020-06-16,Russia,NA,Novosibirsk Oblast,2788849,103,0,4497,0
2020-06-17,Russia,NA,Novosibirsk Oblast,2788849,107,0,4604,0
2020-06-18,Russia,NA,Novosibirsk Oblast,2788849,107,0,4711,0
2020-06-19,Russia,NA,Novosibirsk Oblast,2788849,108,0,4819,0
2020-06-20,Russia,NA,Novosibirsk Oblast,2788849,109,0,4928,0
2020-06-21,Russia,NA,Novosibirsk Oblast,2788849,105,0,5033,0
2020-06-22,Russia,NA,Novosibirsk Oblast,2788849,109,0,5142,0
2020-06-23,Russia,NA,Novosibirsk Oblast,2788849,106,0,5248,0
2020-06-24,Russia,NA,Novosibirsk Oblast,2788849,108,0,5356,0
2020-06-25,Russia,NA,Novosibirsk Oblast,2788849,102,0,5458,0
2020-06-26,Russia,NA,Novosibirsk Oblast,2788849,108,0,5566,0
2020-06-27,Russia,NA,Novosibirsk Oblast,2788849,105,0,5671,0
2020-06-28,Russia,NA,Novosibirsk Oblast,2788849,98,0,5769,0
2020-06-29,Russia,NA,Novosibirsk Oblast,2788849,107,0,5876,0
2020-06-30,Russia,NA,Novosibirsk Oblast,2788849,109,0,5985,0
2020-07-01,Russia,NA,Novosibirsk Oblast,2788849,100,0,6085,0
2020-07-02,Russia,NA,Novosibirsk Oblast,2788849,92,0,6177,0
2020-07-03,Russia,NA,Novosibirsk Oblast,2788849,105,0,6282,0
2020-07-04,Russia,NA,Novosibirsk Oblast,2788849,111,0,6393,0
2020-07-05,Russia,NA,Novosibirsk Oblast,2788849,112,0,6505,0
2020-07-06,Russia,NA,Novosibirsk Oblast,2788849,106,0,6611,0
2020-07-07,Russia,NA,Novosibirsk Oblast,2788849,113,0,6724,0
2020-07-08,Russia,NA,Novosibirsk Oblast,2788849,107,0,6831,0
2020-07-09,Russia,NA,Novosibirsk Oblast,2788849,101,0,6932,0
2020-07-10,Russia,NA,Novosibirsk Oblast,2788849,111,0,7043,0
2020-07-11,Russia,NA,Novosibirsk Oblast,2788849,110,0,7153,0
2020-07-12,Russia,NA,Novosibirsk Oblast,2788849,121,0,7274,0
2020-07-13,Russia,NA,Novosibirsk Oblast,2788849,112,0,7386,0
2020-07-14,Russia,NA,Novosibirsk Oblast,2788849,119,0,7505,0
2020-07-15,Russia,NA,Novosibirsk Oblast,2788849,103,0,7608,0
2020-07-16,Russia,NA,Novosibirsk Oblast,2788849,120,0,7728,0
2020-07-17,Russia,NA,Novosibirsk Oblast,2788849,117,0,7845,0
2020-07-18,Russia,NA,Novosibirsk Oblast,2788849,114,0,7959,0
2020-07-19,Russia,NA,Novosibirsk Oblast,2788849,118,0,8077,0
2020-07-20,Russia,NA,Novosibirsk Oblast,2788849,109,0,8186,0
2020-07-21,Russia,NA,Novosibirsk Oblast,2788849,102,0,8288,0
2020-07-22,Russia,NA,Novosibirsk Oblast,2788849,113,0,8401,0
2020-07-23,Russia,NA,Novosibirsk Oblast,2788849,110,0,8511,0
2020-07-24,Russia,NA,Novosibirsk Oblast,2788849,105,0,8616,0
2020-07-25,Russia,NA,Novosibirsk Oblast,2788849,101,0,8717,0
2020-07-26,Russia,NA,Novosibirsk Oblast,2788849,109,0,8826,0
2020-07-27,Russia,NA,Novosibirsk Oblast,2788849,104,0,8930,0
2020-07-28,Russia,NA,Novosibirsk Oblast,2788849,103,0,9033,0
2020-07-29,Russia,NA,Novosibirsk Oblast,2788849,107,0,9140,0
2020-07-30,Russia,NA,Novosibirsk Oblast,2788849,101,0,9241,0
2020-07-31,Russia,NA,Novosibirsk Oblast,2788849,105,0,9346,0
2020-08-01,Russia,NA,Novosibirsk Oblast,2788849,98,0,9444,0
2020-08-02,Russia,NA,Novosibirsk Oblast,2788849,104,0,9548,0
2020-08-17,Russia,NA,Novosibirsk Oblast,2788849,0,0,10674,315
2020-08-18,Russia,NA,Novosibirsk Oblast,2788849,50,4,10724,319
2020-08-19,Russia,NA,Novosibirsk Oblast,2788849,51,5,10775,324
2020-08-20,Russia,NA,Novosibirsk Oblast,2788849,44,5,10819,329
2020-08-21,Russia,NA,Novosibirsk Oblast,2788849,53,6,10872,335
2020-08-22,Russia,NA,Novosibirsk Oblast,2788849,56,1,10928,336
2020-08-23,Russia,NA,Novosibirsk Oblast,2788849,50,3,10978,339
2020-08-24,Russia,NA,Novosibirsk Oblast,2788849,57,2,11035,341
2020-08-25,Russia,NA,Novosibirsk Oblast,2788849,59,3,11094,344
2020-08-26,Russia,NA,Novosibirsk Oblast,2788849,47,2,11141,346
2020-08-27,Russia,NA,Novosibirsk Oblast,2788849,51,3,11192,349
2020-08-28,Russia,NA,Novosibirsk Oblast,2788849,46,3,11238,352
2020-08-29,Russia,NA,Novosibirsk Oblast,2788849,51,2,11289,354
2020-08-30,Russia,NA,Novosibirsk Oblast,2788849,55,1,11344,355
2020-08-31,Russia,NA,Novosibirsk Oblast,2788849,60,3,11404,358
2020-09-01,Russia,NA,Novosibirsk Oblast,2788849,52,3,11456,361
2020-09-02,Russia,NA,Novosibirsk Oblast,2788849,45,3,11501,364
2020-09-03,Russia,NA,Novosibirsk Oblast,2788849,50,3,11551,367
2020-09-04,Russia,NA,Novosibirsk Oblast,2788849,56,4,11607,371
2020-09-05,Russia,NA,Novosibirsk Oblast,2788849,63,5,11670,376
2020-09-06,Russia,NA,Novosibirsk Oblast,2788849,57,2,11727,378
2020-09-07,Russia,NA,Novosibirsk Oblast,2788849,50,0,11777,378
2020-09-08,Russia,NA,Novosibirsk Oblast,2788849,52,3,11829,381
2020-09-09,Russia,NA,Novosibirsk Oblast,2788849,56,3,11885,384
2020-09-10,Russia,NA,Novosibirsk Oblast,2788849,56,3,11941,387
2020-09-11,Russia,NA,Novosibirsk Oblast,2788849,53,2,11994,389
2020-09-12,Russia,NA,Novosibirsk Oblast,2788849,50,1,12044,390
2020-09-13,Russia,NA,Novosibirsk Oblast,2788849,49,4,12093,394
2020-09-14,Russia,NA,Novosibirsk Oblast,2788849,55,3,12148,397
2020-09-15,Russia,NA,Novosibirsk Oblast,2788849,59,1,12207,398
2020-04-07,Russia,NA,Omsk Oblast,1960081,4,0,14,0
2020-04-08,Russia,NA,Omsk Oblast,1960081,1,0,15,0
2020-04-10,Russia,NA,Omsk Oblast,1960081,2,0,17,0
2020-04-12,Russia,NA,Omsk Oblast,1960081,2,0,19,0
2020-04-13,Russia,NA,Omsk Oblast,1960081,1,0,20,0
2020-04-15,Russia,NA,Omsk Oblast,1960081,2,0,22,0
2020-04-16,Russia,NA,Omsk Oblast,1960081,1,0,23,0
2020-04-17,Russia,NA,Omsk Oblast,1960081,3,0,26,0
2020-04-18,Russia,NA,Omsk Oblast,1960081,5,0,31,0
2020-04-19,Russia,NA,Omsk Oblast,1960081,2,0,33,0
2020-04-20,Russia,NA,Omsk Oblast,1960081,3,0,36,0
2020-04-21,Russia,NA,Omsk Oblast,1960081,5,0,41,0
2020-04-22,Russia,NA,Omsk Oblast,1960081,4,0,45,0
2020-04-23,Russia,NA,Omsk Oblast,1960081,8,0,53,0
2020-04-24,Russia,NA,Omsk Oblast,1960081,1,0,54,0
2020-04-25,Russia,NA,Omsk Oblast,1960081,4,0,58,0
2020-04-26,Russia,NA,Omsk Oblast,1960081,4,0,62,0
2020-04-27,Russia,NA,Omsk Oblast,1960081,9,0,71,0
2020-04-28,Russia,NA,Omsk Oblast,1960081,11,0,82,0
2020-04-29,Russia,NA,Omsk Oblast,1960081,5,0,87,0
2020-04-30,Russia,NA,Omsk Oblast,1960081,10,0,97,0
2020-05-01,Russia,NA,Omsk Oblast,1960081,10,0,107,0
2020-05-02,Russia,NA,Omsk Oblast,1960081,9,0,116,0
2020-05-03,Russia,NA,Omsk Oblast,1960081,11,0,127,0
2020-05-04,Russia,NA,Omsk Oblast,1960081,34,0,161,0
2020-05-05,Russia,NA,Omsk Oblast,1960081,30,0,191,0
2020-05-06,Russia,NA,Omsk Oblast,1960081,6,0,197,0
2020-05-07,Russia,NA,Omsk Oblast,1960081,11,0,208,0
2020-05-08,Russia,NA,Omsk Oblast,1960081,15,0,223,0
2020-05-09,Russia,NA,Omsk Oblast,1960081,22,0,245,0
2020-05-10,Russia,NA,Omsk Oblast,1960081,34,0,279,0
2020-05-11,Russia,NA,Omsk Oblast,1960081,23,0,302,0
2020-05-12,Russia,NA,Omsk Oblast,1960081,30,0,332,0
2020-05-13,Russia,NA,Omsk Oblast,1960081,23,0,355,0
2020-05-14,Russia,NA,Omsk Oblast,1960081,34,0,389,0
2020-05-15,Russia,NA,Omsk Oblast,1960081,47,0,436,0
2020-05-16,Russia,NA,Omsk Oblast,1960081,40,0,476,0
2020-05-17,Russia,NA,Omsk Oblast,1960081,58,0,534,0
2020-05-18,Russia,NA,Omsk Oblast,1960081,65,0,599,0
2020-05-19,Russia,NA,Omsk Oblast,1960081,53,0,652,0
2020-05-20,Russia,NA,Omsk Oblast,1960081,65,0,717,0
2020-05-21,Russia,NA,Omsk Oblast,1960081,47,0,764,0
2020-05-22,Russia,NA,Omsk Oblast,1960081,74,0,838,0
2020-05-23,Russia,NA,Omsk Oblast,1960081,87,0,925,0
2020-05-24,Russia,NA,Omsk Oblast,1960081,60,0,985,0
2020-05-25,Russia,NA,Omsk Oblast,1960081,59,0,1044,0
2020-05-26,Russia,NA,Omsk Oblast,1960081,53,0,1097,0
2020-05-27,Russia,NA,Omsk Oblast,1960081,42,0,1139,0
2020-05-28,Russia,NA,Omsk Oblast,1960081,87,0,1226,0
2020-05-29,Russia,NA,Omsk Oblast,1960081,42,0,1268,0
2020-05-30,Russia,NA,Omsk Oblast,1960081,50,0,1318,0
2020-05-31,Russia,NA,Omsk Oblast,1960081,69,0,1387,0
2020-06-01,Russia,NA,Omsk Oblast,1960081,24,0,1411,0
2020-06-02,Russia,NA,Omsk Oblast,1960081,26,0,1437,0
2020-06-03,Russia,NA,Omsk Oblast,1960081,45,0,1482,0
2020-06-04,Russia,NA,Omsk Oblast,1960081,58,0,1540,0
2020-06-05,Russia,NA,Omsk Oblast,1960081,55,0,1595,0
2020-06-06,Russia,NA,Omsk Oblast,1960081,81,0,1676,0
2020-06-07,Russia,NA,Omsk Oblast,1960081,42,0,1718,0
2020-06-08,Russia,NA,Omsk Oblast,1960081,58,0,1776,0
2020-06-09,Russia,NA,Omsk Oblast,1960081,75,0,1851,0
2020-06-10,Russia,NA,Omsk Oblast,1960081,79,0,1930,0
2020-06-11,Russia,NA,Omsk Oblast,1960081,47,0,1977,0
2020-06-12,Russia,NA,Omsk Oblast,1960081,86,0,2063,0
2020-06-13,Russia,NA,Omsk Oblast,1960081,85,0,2148,0
2020-06-14,Russia,NA,Omsk Oblast,1960081,99,0,2247,0
2020-06-15,Russia,NA,Omsk Oblast,1960081,93,0,2340,0
2020-06-16,Russia,NA,Omsk Oblast,1960081,97,0,2437,0
2020-06-17,Russia,NA,Omsk Oblast,1960081,98,0,2535,0
2020-06-18,Russia,NA,Omsk Oblast,1960081,89,0,2624,0
2020-06-19,Russia,NA,Omsk Oblast,1960081,103,0,2727,0
2020-06-20,Russia,NA,Omsk Oblast,1960081,94,0,2821,0
2020-06-21,Russia,NA,Omsk Oblast,1960081,99,0,2920,0
2020-06-22,Russia,NA,Omsk Oblast,1960081,98,0,3018,0
2020-06-23,Russia,NA,Omsk Oblast,1960081,82,0,3100,0
2020-06-24,Russia,NA,Omsk Oblast,1960081,84,0,3184,0
2020-06-25,Russia,NA,Omsk Oblast,1960081,52,0,3236,0
2020-06-26,Russia,NA,Omsk Oblast,1960081,61,0,3297,0
2020-06-27,Russia,NA,Omsk Oblast,1960081,75,0,3372,0
2020-06-28,Russia,NA,Omsk Oblast,1960081,83,0,3455,0
2020-06-29,Russia,NA,Omsk Oblast,1960081,78,0,3533,0
2020-06-30,Russia,NA,Omsk Oblast,1960081,82,0,3615,0
2020-07-01,Russia,NA,Omsk Oblast,1960081,86,0,3701,0
2020-07-02,Russia,NA,Omsk Oblast,1960081,79,0,3780,0
2020-07-03,Russia,NA,Omsk Oblast,1960081,83,0,3863,0
2020-07-04,Russia,NA,Omsk Oblast,1960081,87,0,3950,0
2020-07-05,Russia,NA,Omsk Oblast,1960081,86,0,4036,0
2020-07-06,Russia,NA,Omsk Oblast,1960081,84,0,4120,0
2020-07-07,Russia,NA,Omsk Oblast,1960081,82,0,4202,0
2020-07-08,Russia,NA,Omsk Oblast,1960081,83,0,4285,0
2020-07-09,Russia,NA,Omsk Oblast,1960081,89,0,4374,0
2020-07-10,Russia,NA,Omsk Oblast,1960081,95,0,4469,0
2020-07-11,Russia,NA,Omsk Oblast,1960081,94,0,4563,0
2020-07-12,Russia,NA,Omsk Oblast,1960081,93,0,4656,0
2020-07-13,Russia,NA,Omsk Oblast,1960081,95,0,4751,0
2020-07-14,Russia,NA,Omsk Oblast,1960081,93,0,4844,0
2020-07-15,Russia,NA,Omsk Oblast,1960081,105,0,4949,0
2020-07-16,Russia,NA,Omsk Oblast,1960081,117,0,5066,0
2020-07-17,Russia,NA,Omsk Oblast,1960081,106,0,5172,0
2020-07-18,Russia,NA,Omsk Oblast,1960081,114,0,5286,0
2020-07-19,Russia,NA,Omsk Oblast,1960081,109,0,5395,0
2020-07-20,Russia,NA,Omsk Oblast,1960081,108,0,5503,0
2020-07-21,Russia,NA,Omsk Oblast,1960081,104,0,5607,0
2020-07-22,Russia,NA,Omsk Oblast,1960081,118,0,5725,0
2020-07-23,Russia,NA,Omsk Oblast,1960081,129,0,5854,0
2020-07-24,Russia,NA,Omsk Oblast,1960081,115,0,5969,0
2020-07-25,Russia,NA,Omsk Oblast,1960081,108,0,6077,0
2020-07-26,Russia,NA,Omsk Oblast,1960081,107,0,6184,0
2020-07-27,Russia,NA,Omsk Oblast,1960081,114,0,6298,0
2020-07-28,Russia,NA,Omsk Oblast,1960081,115,0,6413,0
2020-07-29,Russia,NA,Omsk Oblast,1960081,111,0,6524,0
2020-07-30,Russia,NA,Omsk Oblast,1960081,119,0,6643,0
2020-07-31,Russia,NA,Omsk Oblast,1960081,125,0,6768,0
2020-08-01,Russia,NA,Omsk Oblast,1960081,114,0,6882,0
2020-08-02,Russia,NA,Omsk Oblast,1960081,108,0,6990,0
2020-08-17,Russia,NA,Omsk Oblast,1960081,0,0,8590,122
2020-08-18,Russia,NA,Omsk Oblast,1960081,94,8,8684,130
2020-08-19,Russia,NA,Omsk Oblast,1960081,92,6,8776,136
2020-08-20,Russia,NA,Omsk Oblast,1960081,63,5,8839,141
2020-08-21,Russia,NA,Omsk Oblast,1960081,54,4,8893,145
2020-08-22,Russia,NA,Omsk Oblast,1960081,57,5,8950,150
2020-08-23,Russia,NA,Omsk Oblast,1960081,49,5,8999,155
2020-08-24,Russia,NA,Omsk Oblast,1960081,44,4,9043,159
2020-08-25,Russia,NA,Omsk Oblast,1960081,27,4,9070,163
2020-08-26,Russia,NA,Omsk Oblast,1960081,15,4,9085,167
2020-08-27,Russia,NA,Omsk Oblast,1960081,30,4,9115,171
2020-08-28,Russia,NA,Omsk Oblast,1960081,39,4,9154,175
2020-08-29,Russia,NA,Omsk Oblast,1960081,43,5,9197,180
2020-08-30,Russia,NA,Omsk Oblast,1960081,44,0,9241,180
2020-08-31,Russia,NA,Omsk Oblast,1960081,41,7,9282,187
2020-09-01,Russia,NA,Omsk Oblast,1960081,42,6,9324,193
2020-09-02,Russia,NA,Omsk Oblast,1960081,45,5,9369,198
2020-09-03,Russia,NA,Omsk Oblast,1960081,43,5,9412,203
2020-09-04,Russia,NA,Omsk Oblast,1960081,46,4,9458,207
2020-09-05,Russia,NA,Omsk Oblast,1960081,49,4,9507,211
2020-09-06,Russia,NA,Omsk Oblast,1960081,53,4,9560,215
2020-09-07,Russia,NA,Omsk Oblast,1960081,54,5,9614,220
2020-09-08,Russia,NA,Omsk Oblast,1960081,56,4,9670,224
2020-09-09,Russia,NA,Omsk Oblast,1960081,54,4,9724,228
2020-09-10,Russia,NA,Omsk Oblast,1960081,55,4,9779,232
2020-09-11,Russia,NA,Omsk Oblast,1960081,51,3,9830,235
2020-09-12,Russia,NA,Omsk Oblast,1960081,55,4,9885,239
2020-09-13,Russia,NA,Omsk Oblast,1960081,45,3,9930,242
2020-09-14,Russia,NA,Omsk Oblast,1960081,32,0,9962,242
2020-09-15,Russia,NA,Omsk Oblast,1960081,44,6,10006,248
2020-04-02,Russia,NA,Orenburg Oblast,1977720,5,0,12,0
2020-04-06,Russia,NA,Orenburg Oblast,1977720,2,0,14,0
2020-04-08,Russia,NA,Orenburg Oblast,1977720,8,0,22,0
2020-04-10,Russia,NA,Orenburg Oblast,1977720,3,0,25,0
2020-04-13,Russia,NA,Orenburg Oblast,1977720,20,0,45,0
2020-04-14,Russia,NA,Orenburg Oblast,1977720,8,0,53,0
2020-04-15,Russia,NA,Orenburg Oblast,1977720,1,0,54,0
2020-04-16,Russia,NA,Orenburg Oblast,1977720,28,0,82,0
2020-04-17,Russia,NA,Orenburg Oblast,1977720,38,0,120,0
2020-04-18,Russia,NA,Orenburg Oblast,1977720,20,0,140,0
2020-04-19,Russia,NA,Orenburg Oblast,1977720,44,0,184,0
2020-04-21,Russia,NA,Orenburg Oblast,1977720,42,0,226,0
2020-04-22,Russia,NA,Orenburg Oblast,1977720,28,0,254,0
2020-04-23,Russia,NA,Orenburg Oblast,1977720,23,0,277,0
2020-04-24,Russia,NA,Orenburg Oblast,1977720,28,0,305,0
2020-04-25,Russia,NA,Orenburg Oblast,1977720,56,0,361,0
2020-04-26,Russia,NA,Orenburg Oblast,1977720,16,0,377,0
2020-04-27,Russia,NA,Orenburg Oblast,1977720,14,0,391,0
2020-04-28,Russia,NA,Orenburg Oblast,1977720,65,0,456,0
2020-04-29,Russia,NA,Orenburg Oblast,1977720,37,0,493,0
2020-04-30,Russia,NA,Orenburg Oblast,1977720,27,0,520,0
2020-05-01,Russia,NA,Orenburg Oblast,1977720,49,0,569,0
2020-05-02,Russia,NA,Orenburg Oblast,1977720,22,0,591,0
2020-05-03,Russia,NA,Orenburg Oblast,1977720,28,0,619,0
2020-05-04,Russia,NA,Orenburg Oblast,1977720,81,0,700,0
2020-05-05,Russia,NA,Orenburg Oblast,1977720,28,0,728,0
2020-05-06,Russia,NA,Orenburg Oblast,1977720,39,0,767,0
2020-05-07,Russia,NA,Orenburg Oblast,1977720,31,0,798,0
2020-05-08,Russia,NA,Orenburg Oblast,1977720,49,0,847,0
2020-05-09,Russia,NA,Orenburg Oblast,1977720,48,0,895,0
2020-05-10,Russia,NA,Orenburg Oblast,1977720,42,0,937,0
2020-05-11,Russia,NA,Orenburg Oblast,1977720,49,0,986,0
2020-05-12,Russia,NA,Orenburg Oblast,1977720,53,0,1039,0
2020-05-13,Russia,NA,Orenburg Oblast,1977720,50,0,1089,0
2020-05-14,Russia,NA,Orenburg Oblast,1977720,89,0,1178,0
2020-05-15,Russia,NA,Orenburg Oblast,1977720,30,0,1208,0
2020-05-16,Russia,NA,Orenburg Oblast,1977720,35,0,1243,0
2020-05-17,Russia,NA,Orenburg Oblast,1977720,35,0,1278,0
2020-05-18,Russia,NA,Orenburg Oblast,1977720,34,0,1312,0
2020-05-19,Russia,NA,Orenburg Oblast,1977720,38,0,1350,0
2020-05-20,Russia,NA,Orenburg Oblast,1977720,42,0,1392,0
2020-05-21,Russia,NA,Orenburg Oblast,1977720,45,0,1437,0
2020-05-22,Russia,NA,Orenburg Oblast,1977720,45,0,1482,0
2020-05-23,Russia,NA,Orenburg Oblast,1977720,42,0,1524,0
2020-05-24,Russia,NA,Orenburg Oblast,1977720,42,0,1566,0
2020-05-25,Russia,NA,Orenburg Oblast,1977720,44,0,1610,0
2020-05-26,Russia,NA,Orenburg Oblast,1977720,54,0,1664,0
2020-05-27,Russia,NA,Orenburg Oblast,1977720,54,0,1718,0
2020-05-28,Russia,NA,Orenburg Oblast,1977720,54,0,1772,0
2020-05-29,Russia,NA,Orenburg Oblast,1977720,54,0,1826,0
2020-05-30,Russia,NA,Orenburg Oblast,1977720,45,0,1871,0
2020-05-31,Russia,NA,Orenburg Oblast,1977720,54,0,1925,0
2020-06-01,Russia,NA,Orenburg Oblast,1977720,54,0,1979,0
2020-06-02,Russia,NA,Orenburg Oblast,1977720,53,0,2032,0
2020-06-03,Russia,NA,Orenburg Oblast,1977720,53,0,2085,0
2020-06-04,Russia,NA,Orenburg Oblast,1977720,56,0,2141,0
2020-06-05,Russia,NA,Orenburg Oblast,1977720,63,0,2204,0
2020-06-06,Russia,NA,Orenburg Oblast,1977720,63,0,2267,0
2020-06-07,Russia,NA,Orenburg Oblast,1977720,64,0,2331,0
2020-06-08,Russia,NA,Orenburg Oblast,1977720,66,0,2397,0
2020-06-09,Russia,NA,Orenburg Oblast,1977720,64,0,2461,0
2020-06-10,Russia,NA,Orenburg Oblast,1977720,60,0,2521,0
2020-06-11,Russia,NA,Orenburg Oblast,1977720,59,0,2580,0
2020-06-12,Russia,NA,Orenburg Oblast,1977720,63,0,2643,0
2020-06-13,Russia,NA,Orenburg Oblast,1977720,62,0,2705,0
2020-06-14,Russia,NA,Orenburg Oblast,1977720,63,0,2768,0
2020-06-15,Russia,NA,Orenburg Oblast,1977720,62,0,2830,0
2020-06-16,Russia,NA,Orenburg Oblast,1977720,60,0,2890,0
2020-06-17,Russia,NA,Orenburg Oblast,1977720,58,0,2948,0
2020-06-18,Russia,NA,Orenburg Oblast,1977720,59,0,3007,0
2020-06-19,Russia,NA,Orenburg Oblast,1977720,60,0,3067,0
2020-06-20,Russia,NA,Orenburg Oblast,1977720,58,0,3125,0
2020-06-21,Russia,NA,Orenburg Oblast,1977720,56,0,3181,0
2020-06-22,Russia,NA,Orenburg Oblast,1977720,64,0,3245,0
2020-06-23,Russia,NA,Orenburg Oblast,1977720,65,0,3310,0
2020-06-24,Russia,NA,Orenburg Oblast,1977720,67,0,3377,0
2020-06-25,Russia,NA,Orenburg Oblast,1977720,62,0,3439,0
2020-06-26,Russia,NA,Orenburg Oblast,1977720,60,0,3499,0
2020-06-27,Russia,NA,Orenburg Oblast,1977720,63,0,3562,0
2020-06-28,Russia,NA,Orenburg Oblast,1977720,64,0,3626,0
2020-06-29,Russia,NA,Orenburg Oblast,1977720,74,0,3700,0
2020-06-30,Russia,NA,Orenburg Oblast,1977720,77,0,3777,0
2020-07-01,Russia,NA,Orenburg Oblast,1977720,76,0,3853,0
2020-07-02,Russia,NA,Orenburg Oblast,1977720,76,0,3929,0
2020-07-03,Russia,NA,Orenburg Oblast,1977720,78,0,4007,0
2020-07-04,Russia,NA,Orenburg Oblast,1977720,81,0,4088,0
2020-07-05,Russia,NA,Orenburg Oblast,1977720,82,0,4170,0
2020-07-06,Russia,NA,Orenburg Oblast,1977720,83,0,4253,0
2020-07-07,Russia,NA,Orenburg Oblast,1977720,86,0,4339,0
2020-07-08,Russia,NA,Orenburg Oblast,1977720,88,0,4427,0
2020-07-09,Russia,NA,Orenburg Oblast,1977720,88,0,4515,0
2020-07-10,Russia,NA,Orenburg Oblast,1977720,95,0,4610,0
2020-07-11,Russia,NA,Orenburg Oblast,1977720,98,0,4708,0
2020-07-12,Russia,NA,Orenburg Oblast,1977720,100,0,4808,0
2020-07-13,Russia,NA,Orenburg Oblast,1977720,102,0,4910,0
2020-07-14,Russia,NA,Orenburg Oblast,1977720,108,0,5018,0
2020-07-15,Russia,NA,Orenburg Oblast,1977720,108,0,5126,0
2020-07-16,Russia,NA,Orenburg Oblast,1977720,111,0,5237,0
2020-07-17,Russia,NA,Orenburg Oblast,1977720,115,0,5352,0
2020-07-18,Russia,NA,Orenburg Oblast,1977720,118,0,5470,0
2020-07-19,Russia,NA,Orenburg Oblast,1977720,116,0,5586,0
2020-07-20,Russia,NA,Orenburg Oblast,1977720,115,0,5701,0
2020-07-21,Russia,NA,Orenburg Oblast,1977720,114,0,5815,0
2020-07-22,Russia,NA,Orenburg Oblast,1977720,114,0,5929,0
2020-07-23,Russia,NA,Orenburg Oblast,1977720,113,0,6042,0
2020-07-24,Russia,NA,Orenburg Oblast,1977720,112,0,6154,0
2020-07-25,Russia,NA,Orenburg Oblast,1977720,110,0,6264,0
2020-07-26,Russia,NA,Orenburg Oblast,1977720,110,0,6374,0
2020-07-27,Russia,NA,Orenburg Oblast,1977720,111,0,6485,0
2020-07-28,Russia,NA,Orenburg Oblast,1977720,109,0,6594,0
2020-07-29,Russia,NA,Orenburg Oblast,1977720,108,0,6702,0
2020-07-30,Russia,NA,Orenburg Oblast,1977720,107,0,6809,0
2020-07-31,Russia,NA,Orenburg Oblast,1977720,106,0,6915,0
2020-08-01,Russia,NA,Orenburg Oblast,1977720,106,0,7021,0
2020-08-02,Russia,NA,Orenburg Oblast,1977720,110,0,7131,0
2020-08-17,Russia,NA,Orenburg Oblast,1977720,0,0,8687,66
2020-08-18,Russia,NA,Orenburg Oblast,1977720,100,1,8787,67
2020-08-19,Russia,NA,Orenburg Oblast,1977720,98,0,8885,67
2020-08-20,Russia,NA,Orenburg Oblast,1977720,96,2,8981,69
2020-08-21,Russia,NA,Orenburg Oblast,1977720,93,2,9074,71
2020-08-22,Russia,NA,Orenburg Oblast,1977720,93,0,9167,71
2020-08-23,Russia,NA,Orenburg Oblast,1977720,91,0,9258,71
2020-08-24,Russia,NA,Orenburg Oblast,1977720,90,0,9348,71
2020-08-25,Russia,NA,Orenburg Oblast,1977720,89,1,9437,72
2020-08-26,Russia,NA,Orenburg Oblast,1977720,87,0,9524,72
2020-08-27,Russia,NA,Orenburg Oblast,1977720,86,2,9610,74
2020-08-28,Russia,NA,Orenburg Oblast,1977720,84,0,9694,74
2020-08-29,Russia,NA,Orenburg Oblast,1977720,84,1,9778,75
2020-08-30,Russia,NA,Orenburg Oblast,1977720,83,1,9861,76
2020-08-31,Russia,NA,Orenburg Oblast,1977720,83,0,9944,76
2020-09-01,Russia,NA,Orenburg Oblast,1977720,86,1,10030,77
2020-09-02,Russia,NA,Orenburg Oblast,1977720,87,0,10117,77
2020-09-03,Russia,NA,Orenburg Oblast,1977720,88,0,10205,77
2020-09-04,Russia,NA,Orenburg Oblast,1977720,90,4,10295,81
2020-09-05,Russia,NA,Orenburg Oblast,1977720,92,0,10387,81
2020-09-06,Russia,NA,Orenburg Oblast,1977720,92,0,10479,81
2020-09-07,Russia,NA,Orenburg Oblast,1977720,91,0,10570,81
2020-09-08,Russia,NA,Orenburg Oblast,1977720,89,0,10659,81
2020-09-09,Russia,NA,Orenburg Oblast,1977720,91,0,10750,81
2020-09-10,Russia,NA,Orenburg Oblast,1977720,93,0,10843,81
2020-09-11,Russia,NA,Orenburg Oblast,1977720,95,0,10938,81
2020-09-12,Russia,NA,Orenburg Oblast,1977720,96,0,11034,81
2020-09-13,Russia,NA,Orenburg Oblast,1977720,96,0,11130,81
2020-09-14,Russia,NA,Orenburg Oblast,1977720,98,0,11228,81
2020-09-15,Russia,NA,Orenburg Oblast,1977720,100,1,11328,82
2020-04-07,Russia,NA,Oryol Oblast,747247,5,0,12,0
2020-04-09,Russia,NA,Oryol Oblast,747247,5,0,17,0
2020-04-10,Russia,NA,Oryol Oblast,747247,7,0,24,0
2020-04-11,Russia,NA,Oryol Oblast,747247,5,0,29,0
2020-04-13,Russia,NA,Oryol Oblast,747247,5,0,34,0
2020-04-14,Russia,NA,Oryol Oblast,747247,7,0,41,0
2020-04-16,Russia,NA,Oryol Oblast,747247,32,0,73,0
2020-04-17,Russia,NA,Oryol Oblast,747247,12,0,85,0
2020-04-18,Russia,NA,Oryol Oblast,747247,34,0,119,0
2020-04-19,Russia,NA,Oryol Oblast,747247,13,0,132,0
2020-04-20,Russia,NA,Oryol Oblast,747247,43,0,175,0
2020-04-21,Russia,NA,Oryol Oblast,747247,23,0,198,0
2020-04-22,Russia,NA,Oryol Oblast,747247,40,0,238,0
2020-04-23,Russia,NA,Oryol Oblast,747247,11,0,249,0
2020-04-24,Russia,NA,Oryol Oblast,747247,47,0,296,0
2020-04-25,Russia,NA,Oryol Oblast,747247,25,0,321,0
2020-04-26,Russia,NA,Oryol Oblast,747247,42,0,363,0
2020-04-27,Russia,NA,Oryol Oblast,747247,44,0,407,0
2020-04-28,Russia,NA,Oryol Oblast,747247,53,0,460,0
2020-04-29,Russia,NA,Oryol Oblast,747247,38,0,498,0
2020-04-30,Russia,NA,Oryol Oblast,747247,27,0,525,0
2020-05-01,Russia,NA,Oryol Oblast,747247,37,0,562,0
2020-05-02,Russia,NA,Oryol Oblast,747247,32,0,594,0
2020-05-03,Russia,NA,Oryol Oblast,747247,68,0,662,0
2020-05-04,Russia,NA,Oryol Oblast,747247,19,0,681,0
2020-05-05,Russia,NA,Oryol Oblast,747247,75,0,756,0
2020-05-06,Russia,NA,Oryol Oblast,747247,57,0,813,0
2020-05-07,Russia,NA,Oryol Oblast,747247,52,0,865,0
2020-05-08,Russia,NA,Oryol Oblast,747247,58,0,923,0
2020-05-09,Russia,NA,Oryol Oblast,747247,50,0,973,0
2020-05-10,Russia,NA,Oryol Oblast,747247,50,0,1023,0
2020-05-11,Russia,NA,Oryol Oblast,747247,64,0,1087,0
2020-05-12,Russia,NA,Oryol Oblast,747247,61,0,1148,0
2020-05-13,Russia,NA,Oryol Oblast,747247,59,0,1207,0
2020-05-14,Russia,NA,Oryol Oblast,747247,57,0,1264,0
2020-05-15,Russia,NA,Oryol Oblast,747247,65,0,1329,0
2020-05-16,Russia,NA,Oryol Oblast,747247,52,0,1381,0
2020-05-17,Russia,NA,Oryol Oblast,747247,68,0,1449,0
2020-05-18,Russia,NA,Oryol Oblast,747247,68,0,1517,0
2020-05-19,Russia,NA,Oryol Oblast,747247,32,0,1549,0
2020-05-20,Russia,NA,Oryol Oblast,747247,49,0,1598,0
2020-05-21,Russia,NA,Oryol Oblast,747247,49,0,1647,0
2020-05-22,Russia,NA,Oryol Oblast,747247,32,0,1679,0
2020-05-23,Russia,NA,Oryol Oblast,747247,61,0,1740,0
2020-05-24,Russia,NA,Oryol Oblast,747247,68,0,1808,0
2020-05-25,Russia,NA,Oryol Oblast,747247,59,0,1867,0
2020-05-26,Russia,NA,Oryol Oblast,747247,75,0,1942,0
2020-05-27,Russia,NA,Oryol Oblast,747247,81,0,2023,0
2020-05-28,Russia,NA,Oryol Oblast,747247,59,0,2082,0
2020-05-29,Russia,NA,Oryol Oblast,747247,65,0,2147,0
2020-05-30,Russia,NA,Oryol Oblast,747247,78,0,2225,0
2020-05-31,Russia,NA,Oryol Oblast,747247,75,0,2300,0
2020-06-01,Russia,NA,Oryol Oblast,747247,41,0,2341,0
2020-06-02,Russia,NA,Oryol Oblast,747247,31,0,2372,0
2020-06-03,Russia,NA,Oryol Oblast,747247,71,0,2443,0
2020-06-04,Russia,NA,Oryol Oblast,747247,85,0,2528,0
2020-06-05,Russia,NA,Oryol Oblast,747247,121,0,2649,0
2020-06-06,Russia,NA,Oryol Oblast,747247,111,0,2760,0
2020-06-07,Russia,NA,Oryol Oblast,747247,110,0,2870,0
2020-06-08,Russia,NA,Oryol Oblast,747247,97,0,2967,0
2020-06-09,Russia,NA,Oryol Oblast,747247,125,0,3092,0
2020-06-10,Russia,NA,Oryol Oblast,747247,89,0,3181,0
2020-06-11,Russia,NA,Oryol Oblast,747247,102,0,3283,0
2020-06-12,Russia,NA,Oryol Oblast,747247,109,0,3392,0
2020-06-13,Russia,NA,Oryol Oblast,747247,81,0,3473,0
2020-06-14,Russia,NA,Oryol Oblast,747247,86,0,3559,0
2020-06-15,Russia,NA,Oryol Oblast,747247,122,0,3681,0
2020-06-16,Russia,NA,Oryol Oblast,747247,110,0,3791,0
2020-06-17,Russia,NA,Oryol Oblast,747247,67,0,3858,0
2020-06-18,Russia,NA,Oryol Oblast,747247,71,0,3929,0
2020-06-19,Russia,NA,Oryol Oblast,747247,74,0,4003,0
2020-06-20,Russia,NA,Oryol Oblast,747247,65,0,4068,0
2020-06-21,Russia,NA,Oryol Oblast,747247,60,0,4128,0
2020-06-22,Russia,NA,Oryol Oblast,747247,58,0,4186,0
2020-06-23,Russia,NA,Oryol Oblast,747247,55,0,4241,0
2020-06-24,Russia,NA,Oryol Oblast,747247,40,0,4281,0
2020-06-25,Russia,NA,Oryol Oblast,747247,37,0,4318,0
2020-06-26,Russia,NA,Oryol Oblast,747247,40,0,4358,0
2020-06-27,Russia,NA,Oryol Oblast,747247,38,0,4396,0
2020-06-28,Russia,NA,Oryol Oblast,747247,41,0,4437,0
2020-06-29,Russia,NA,Oryol Oblast,747247,43,0,4480,0
2020-06-30,Russia,NA,Oryol Oblast,747247,33,0,4513,0
2020-07-01,Russia,NA,Oryol Oblast,747247,31,0,4544,0
2020-07-02,Russia,NA,Oryol Oblast,747247,35,0,4579,0
2020-07-03,Russia,NA,Oryol Oblast,747247,31,0,4610,0
2020-07-04,Russia,NA,Oryol Oblast,747247,34,0,4644,0
2020-07-05,Russia,NA,Oryol Oblast,747247,40,0,4684,0
2020-07-06,Russia,NA,Oryol Oblast,747247,57,0,4741,0
2020-07-07,Russia,NA,Oryol Oblast,747247,54,0,4795,0
2020-07-08,Russia,NA,Oryol Oblast,747247,45,0,4840,0
2020-07-09,Russia,NA,Oryol Oblast,747247,43,0,4883,0
2020-07-10,Russia,NA,Oryol Oblast,747247,47,0,4930,0
2020-07-11,Russia,NA,Oryol Oblast,747247,44,0,4974,0
2020-07-12,Russia,NA,Oryol Oblast,747247,46,0,5020,0
2020-07-13,Russia,NA,Oryol Oblast,747247,49,0,5069,0
2020-07-14,Russia,NA,Oryol Oblast,747247,44,0,5113,0
2020-07-15,Russia,NA,Oryol Oblast,747247,40,0,5153,0
2020-07-16,Russia,NA,Oryol Oblast,747247,45,0,5198,0
2020-07-17,Russia,NA,Oryol Oblast,747247,42,0,5240,0
2020-07-18,Russia,NA,Oryol Oblast,747247,40,0,5280,0
2020-07-19,Russia,NA,Oryol Oblast,747247,38,0,5318,0
2020-07-20,Russia,NA,Oryol Oblast,747247,31,0,5349,0
2020-07-21,Russia,NA,Oryol Oblast,747247,29,0,5378,0
2020-07-22,Russia,NA,Oryol Oblast,747247,25,0,5403,0
2020-07-23,Russia,NA,Oryol Oblast,747247,22,0,5425,0
2020-07-24,Russia,NA,Oryol Oblast,747247,22,0,5447,0
2020-07-25,Russia,NA,Oryol Oblast,747247,21,0,5468,0
2020-07-26,Russia,NA,Oryol Oblast,747247,25,0,5493,0
2020-07-27,Russia,NA,Oryol Oblast,747247,30,0,5523,0
2020-07-28,Russia,NA,Oryol Oblast,747247,29,0,5552,0
2020-07-29,Russia,NA,Oryol Oblast,747247,30,0,5582,0
2020-07-30,Russia,NA,Oryol Oblast,747247,32,0,5614,0
2020-07-31,Russia,NA,Oryol Oblast,747247,31,0,5645,0
2020-08-01,Russia,NA,Oryol Oblast,747247,30,0,5675,0
2020-08-02,Russia,NA,Oryol Oblast,747247,32,0,5707,0
2020-08-17,Russia,NA,Oryol Oblast,747247,0,0,6436,98
2020-08-18,Russia,NA,Oryol Oblast,747247,43,1,6479,99
2020-08-19,Russia,NA,Oryol Oblast,747247,41,1,6520,100
2020-08-20,Russia,NA,Oryol Oblast,747247,38,1,6558,101
2020-08-21,Russia,NA,Oryol Oblast,747247,39,0,6597,101
2020-08-22,Russia,NA,Oryol Oblast,747247,39,0,6636,101
2020-08-23,Russia,NA,Oryol Oblast,747247,45,0,6681,101
2020-08-24,Russia,NA,Oryol Oblast,747247,46,0,6727,101
2020-08-25,Russia,NA,Oryol Oblast,747247,42,2,6769,103
2020-08-26,Russia,NA,Oryol Oblast,747247,39,1,6808,104
2020-08-27,Russia,NA,Oryol Oblast,747247,41,0,6849,104
2020-08-28,Russia,NA,Oryol Oblast,747247,40,1,6889,105
2020-08-29,Russia,NA,Oryol Oblast,747247,47,1,6936,106
2020-08-30,Russia,NA,Oryol Oblast,747247,46,0,6982,106
2020-08-31,Russia,NA,Oryol Oblast,747247,47,0,7029,106
2020-09-01,Russia,NA,Oryol Oblast,747247,51,2,7080,108
2020-09-02,Russia,NA,Oryol Oblast,747247,51,1,7131,109
2020-09-03,Russia,NA,Oryol Oblast,747247,48,1,7179,110
2020-09-04,Russia,NA,Oryol Oblast,747247,49,0,7228,110
2020-09-05,Russia,NA,Oryol Oblast,747247,50,0,7278,110
2020-09-06,Russia,NA,Oryol Oblast,747247,48,1,7326,111
2020-09-07,Russia,NA,Oryol Oblast,747247,51,0,7377,111
2020-09-08,Russia,NA,Oryol Oblast,747247,50,0,7427,111
2020-09-09,Russia,NA,Oryol Oblast,747247,49,2,7476,113
2020-09-10,Russia,NA,Oryol Oblast,747247,49,0,7525,113
2020-09-11,Russia,NA,Oryol Oblast,747247,50,1,7575,114
2020-09-12,Russia,NA,Oryol Oblast,747247,49,1,7624,115
2020-09-13,Russia,NA,Oryol Oblast,747247,51,0,7675,115
2020-09-14,Russia,NA,Oryol Oblast,747247,48,0,7723,115
2020-09-15,Russia,NA,Oryol Oblast,747247,51,1,7774,116
2020-03-31,Russia,NA,Penza Oblast,1331655,5,0,12,0
2020-04-01,Russia,NA,Penza Oblast,1331655,4,0,16,0
2020-04-03,Russia,NA,Penza Oblast,1331655,11,0,27,0
2020-04-06,Russia,NA,Penza Oblast,1331655,5,0,32,0
2020-04-07,Russia,NA,Penza Oblast,1331655,19,0,51,0
2020-04-08,Russia,NA,Penza Oblast,1331655,1,0,52,0
2020-04-10,Russia,NA,Penza Oblast,1331655,15,0,67,0
2020-04-13,Russia,NA,Penza Oblast,1331655,17,0,84,0
2020-04-15,Russia,NA,Penza Oblast,1331655,16,0,100,0
2020-04-16,Russia,NA,Penza Oblast,1331655,7,0,107,0
2020-04-17,Russia,NA,Penza Oblast,1331655,12,0,119,0
2020-04-18,Russia,NA,Penza Oblast,1331655,21,0,140,0
2020-04-20,Russia,NA,Penza Oblast,1331655,25,0,165,0
2020-04-21,Russia,NA,Penza Oblast,1331655,15,0,180,0
2020-04-22,Russia,NA,Penza Oblast,1331655,16,0,196,0
2020-04-23,Russia,NA,Penza Oblast,1331655,15,0,211,0
2020-04-24,Russia,NA,Penza Oblast,1331655,21,0,232,0
2020-04-25,Russia,NA,Penza Oblast,1331655,23,0,255,0
2020-04-26,Russia,NA,Penza Oblast,1331655,6,0,261,0
2020-04-27,Russia,NA,Penza Oblast,1331655,22,0,283,0
2020-04-29,Russia,NA,Penza Oblast,1331655,42,0,325,0
2020-04-30,Russia,NA,Penza Oblast,1331655,40,0,365,0
2020-05-01,Russia,NA,Penza Oblast,1331655,44,0,409,0
2020-05-02,Russia,NA,Penza Oblast,1331655,33,0,442,0
2020-05-03,Russia,NA,Penza Oblast,1331655,31,0,473,0
2020-05-04,Russia,NA,Penza Oblast,1331655,27,0,500,0
2020-05-05,Russia,NA,Penza Oblast,1331655,30,0,530,0
2020-05-06,Russia,NA,Penza Oblast,1331655,32,0,562,0
2020-05-07,Russia,NA,Penza Oblast,1331655,34,0,596,0
2020-05-08,Russia,NA,Penza Oblast,1331655,43,0,639,0
2020-05-09,Russia,NA,Penza Oblast,1331655,45,0,684,0
2020-05-10,Russia,NA,Penza Oblast,1331655,41,0,725,0
2020-05-11,Russia,NA,Penza Oblast,1331655,38,0,763,0
2020-05-12,Russia,NA,Penza Oblast,1331655,35,0,798,0
2020-05-13,Russia,NA,Penza Oblast,1331655,42,0,840,0
2020-05-14,Russia,NA,Penza Oblast,1331655,45,0,885,0
2020-05-15,Russia,NA,Penza Oblast,1331655,61,0,946,0
2020-05-16,Russia,NA,Penza Oblast,1331655,56,0,1002,0
2020-05-17,Russia,NA,Penza Oblast,1331655,60,0,1062,0
2020-05-18,Russia,NA,Penza Oblast,1331655,71,0,1133,0
2020-05-19,Russia,NA,Penza Oblast,1331655,73,0,1206,0
2020-05-20,Russia,NA,Penza Oblast,1331655,72,0,1278,0
2020-05-21,Russia,NA,Penza Oblast,1331655,83,0,1361,0
2020-05-22,Russia,NA,Penza Oblast,1331655,110,0,1471,0
2020-05-23,Russia,NA,Penza Oblast,1331655,102,0,1573,0
2020-05-24,Russia,NA,Penza Oblast,1331655,97,0,1670,0
2020-05-25,Russia,NA,Penza Oblast,1331655,94,0,1764,0
2020-05-26,Russia,NA,Penza Oblast,1331655,89,0,1853,0
2020-05-27,Russia,NA,Penza Oblast,1331655,88,0,1941,0
2020-05-28,Russia,NA,Penza Oblast,1331655,86,0,2027,0
2020-05-29,Russia,NA,Penza Oblast,1331655,89,0,2116,0
2020-05-30,Russia,NA,Penza Oblast,1331655,90,0,2206,0
2020-05-31,Russia,NA,Penza Oblast,1331655,87,0,2293,0
2020-06-01,Russia,NA,Penza Oblast,1331655,85,0,2378,0
2020-06-02,Russia,NA,Penza Oblast,1331655,85,0,2463,0
2020-06-03,Russia,NA,Penza Oblast,1331655,83,0,2546,0
2020-06-04,Russia,NA,Penza Oblast,1331655,84,0,2630,0
2020-06-05,Russia,NA,Penza Oblast,1331655,90,0,2720,0
2020-06-06,Russia,NA,Penza Oblast,1331655,86,0,2806,0
2020-06-07,Russia,NA,Penza Oblast,1331655,98,0,2904,0
2020-06-08,Russia,NA,Penza Oblast,1331655,110,0,3014,0
2020-06-09,Russia,NA,Penza Oblast,1331655,138,0,3152,0
2020-06-10,Russia,NA,Penza Oblast,1331655,126,0,3278,0
2020-06-11,Russia,NA,Penza Oblast,1331655,115,0,3393,0
2020-06-12,Russia,NA,Penza Oblast,1331655,103,0,3496,0
2020-06-13,Russia,NA,Penza Oblast,1331655,99,0,3595,0
2020-06-14,Russia,NA,Penza Oblast,1331655,95,0,3690,0
2020-06-15,Russia,NA,Penza Oblast,1331655,94,0,3784,0
2020-06-16,Russia,NA,Penza Oblast,1331655,92,0,3876,0
2020-06-17,Russia,NA,Penza Oblast,1331655,91,0,3967,0
2020-06-18,Russia,NA,Penza Oblast,1331655,70,0,4037,0
2020-06-19,Russia,NA,Penza Oblast,1331655,75,0,4112,0
2020-06-20,Russia,NA,Penza Oblast,1331655,73,0,4185,0
2020-06-21,Russia,NA,Penza Oblast,1331655,83,0,4268,0
2020-06-22,Russia,NA,Penza Oblast,1331655,73,0,4341,0
2020-06-23,Russia,NA,Penza Oblast,1331655,71,0,4412,0
2020-06-24,Russia,NA,Penza Oblast,1331655,72,0,4484,0
2020-06-25,Russia,NA,Penza Oblast,1331655,70,0,4554,0
2020-06-26,Russia,NA,Penza Oblast,1331655,71,0,4625,0
2020-06-27,Russia,NA,Penza Oblast,1331655,75,0,4700,0
2020-06-28,Russia,NA,Penza Oblast,1331655,80,0,4780,0
2020-06-29,Russia,NA,Penza Oblast,1331655,74,0,4854,0
2020-06-30,Russia,NA,Penza Oblast,1331655,77,0,4931,0
2020-07-01,Russia,NA,Penza Oblast,1331655,75,0,5006,0
2020-07-02,Russia,NA,Penza Oblast,1331655,73,0,5079,0
2020-07-03,Russia,NA,Penza Oblast,1331655,75,0,5154,0
2020-07-04,Russia,NA,Penza Oblast,1331655,75,0,5229,0
2020-07-05,Russia,NA,Penza Oblast,1331655,79,0,5308,0
2020-07-06,Russia,NA,Penza Oblast,1331655,71,0,5379,0
2020-07-07,Russia,NA,Penza Oblast,1331655,68,0,5447,0
2020-07-08,Russia,NA,Penza Oblast,1331655,72,0,5519,0
2020-07-09,Russia,NA,Penza Oblast,1331655,70,0,5589,0
2020-07-10,Russia,NA,Penza Oblast,1331655,35,0,5624,0
2020-07-11,Russia,NA,Penza Oblast,1331655,36,0,5660,0
2020-07-12,Russia,NA,Penza Oblast,1331655,34,0,5694,0
2020-07-13,Russia,NA,Penza Oblast,1331655,35,0,5729,0
2020-07-14,Russia,NA,Penza Oblast,1331655,35,0,5764,0
2020-07-15,Russia,NA,Penza Oblast,1331655,41,0,5805,0
2020-07-16,Russia,NA,Penza Oblast,1331655,39,0,5844,0
2020-07-17,Russia,NA,Penza Oblast,1331655,36,0,5880,0
2020-07-18,Russia,NA,Penza Oblast,1331655,35,0,5915,0
2020-07-19,Russia,NA,Penza Oblast,1331655,37,0,5952,0
2020-07-20,Russia,NA,Penza Oblast,1331655,37,0,5989,0
2020-07-21,Russia,NA,Penza Oblast,1331655,40,0,6029,0
2020-07-22,Russia,NA,Penza Oblast,1331655,41,0,6070,0
2020-07-23,Russia,NA,Penza Oblast,1331655,45,0,6115,0
2020-07-24,Russia,NA,Penza Oblast,1331655,44,0,6159,0
2020-07-25,Russia,NA,Penza Oblast,1331655,46,0,6205,0
2020-07-26,Russia,NA,Penza Oblast,1331655,42,0,6247,0
2020-07-27,Russia,NA,Penza Oblast,1331655,38,0,6285,0
2020-07-28,Russia,NA,Penza Oblast,1331655,40,0,6325,0
2020-07-29,Russia,NA,Penza Oblast,1331655,45,0,6370,0
2020-07-30,Russia,NA,Penza Oblast,1331655,43,0,6413,0
2020-07-31,Russia,NA,Penza Oblast,1331655,47,0,6460,0
2020-08-01,Russia,NA,Penza Oblast,1331655,46,0,6506,0
2020-08-02,Russia,NA,Penza Oblast,1331655,49,0,6555,0
2020-08-17,Russia,NA,Penza Oblast,1331655,0,0,7348,97
2020-08-18,Russia,NA,Penza Oblast,1331655,51,1,7399,98
2020-08-19,Russia,NA,Penza Oblast,1331655,49,1,7448,99
2020-08-20,Russia,NA,Penza Oblast,1331655,47,1,7495,100
2020-08-21,Russia,NA,Penza Oblast,1331655,45,1,7540,101
2020-08-22,Russia,NA,Penza Oblast,1331655,50,1,7590,102
2020-08-23,Russia,NA,Penza Oblast,1331655,48,0,7638,102
2020-08-24,Russia,NA,Penza Oblast,1331655,50,0,7688,102
2020-08-25,Russia,NA,Penza Oblast,1331655,54,1,7742,103
2020-08-26,Russia,NA,Penza Oblast,1331655,59,1,7801,104
2020-08-27,Russia,NA,Penza Oblast,1331655,62,1,7863,105
2020-08-28,Russia,NA,Penza Oblast,1331655,66,1,7929,106
2020-08-29,Russia,NA,Penza Oblast,1331655,65,1,7994,107
2020-08-30,Russia,NA,Penza Oblast,1331655,63,0,8057,107
2020-08-31,Russia,NA,Penza Oblast,1331655,68,0,8125,107
2020-09-01,Russia,NA,Penza Oblast,1331655,75,1,8200,108
2020-09-02,Russia,NA,Penza Oblast,1331655,79,1,8279,109
2020-09-03,Russia,NA,Penza Oblast,1331655,85,1,8364,110
2020-09-04,Russia,NA,Penza Oblast,1331655,90,1,8454,111
2020-09-05,Russia,NA,Penza Oblast,1331655,93,1,8547,112
2020-09-06,Russia,NA,Penza Oblast,1331655,98,0,8645,112
2020-09-07,Russia,NA,Penza Oblast,1331655,97,0,8742,112
2020-09-08,Russia,NA,Penza Oblast,1331655,94,1,8836,113
2020-09-09,Russia,NA,Penza Oblast,1331655,96,1,8932,114
2020-09-10,Russia,NA,Penza Oblast,1331655,97,1,9029,115
2020-09-11,Russia,NA,Penza Oblast,1331655,92,1,9121,116
2020-09-12,Russia,NA,Penza Oblast,1331655,90,1,9211,117
2020-09-13,Russia,NA,Penza Oblast,1331655,85,0,9296,117
2020-09-14,Russia,NA,Penza Oblast,1331655,93,0,9389,117
2020-09-15,Russia,NA,Penza Oblast,1331655,95,1,9484,118
2020-03-28,Russia,NA,Perm Krai,2623122,1,0,11,0
2020-03-30,Russia,NA,Perm Krai,2623122,2,0,13,0
2020-04-02,Russia,NA,Perm Krai,2623122,7,0,20,0
2020-04-03,Russia,NA,Perm Krai,2623122,1,0,21,0
2020-04-07,Russia,NA,Perm Krai,2623122,11,0,32,0
2020-04-09,Russia,NA,Perm Krai,2623122,9,0,41,0
2020-04-10,Russia,NA,Perm Krai,2623122,4,0,45,0
2020-04-12,Russia,NA,Perm Krai,2623122,15,0,60,0
2020-04-14,Russia,NA,Perm Krai,2623122,27,0,87,0
2020-04-15,Russia,NA,Perm Krai,2623122,27,0,114,0
2020-04-16,Russia,NA,Perm Krai,2623122,18,0,132,0
2020-04-17,Russia,NA,Perm Krai,2623122,12,0,144,0
2020-04-18,Russia,NA,Perm Krai,2623122,26,0,170,0
2020-04-19,Russia,NA,Perm Krai,2623122,28,0,198,0
2020-04-20,Russia,NA,Perm Krai,2623122,17,0,215,0
2020-04-21,Russia,NA,Perm Krai,2623122,22,0,237,0
2020-04-22,Russia,NA,Perm Krai,2623122,29,0,266,0
2020-04-23,Russia,NA,Perm Krai,2623122,21,0,287,0
2020-04-24,Russia,NA,Perm Krai,2623122,31,0,318,0
2020-04-25,Russia,NA,Perm Krai,2623122,55,0,373,0
2020-04-26,Russia,NA,Perm Krai,2623122,61,0,434,0
2020-04-27,Russia,NA,Perm Krai,2623122,20,0,454,0
2020-04-28,Russia,NA,Perm Krai,2623122,17,0,471,0
2020-04-29,Russia,NA,Perm Krai,2623122,10,0,481,0
2020-04-30,Russia,NA,Perm Krai,2623122,19,0,500,0
2020-05-01,Russia,NA,Perm Krai,2623122,24,0,524,0
2020-05-02,Russia,NA,Perm Krai,2623122,32,0,556,0
2020-05-03,Russia,NA,Perm Krai,2623122,39,0,595,0
2020-05-04,Russia,NA,Perm Krai,2623122,35,0,630,0
2020-05-05,Russia,NA,Perm Krai,2623122,18,0,648,0
2020-05-06,Russia,NA,Perm Krai,2623122,25,0,673,0
2020-05-07,Russia,NA,Perm Krai,2623122,26,0,699,0
2020-05-08,Russia,NA,Perm Krai,2623122,20,0,719,0
2020-05-09,Russia,NA,Perm Krai,2623122,16,0,735,0
2020-05-10,Russia,NA,Perm Krai,2623122,8,0,743,0
2020-05-11,Russia,NA,Perm Krai,2623122,10,0,753,0
2020-05-12,Russia,NA,Perm Krai,2623122,28,0,781,0
2020-05-13,Russia,NA,Perm Krai,2623122,48,0,829,0
2020-05-14,Russia,NA,Perm Krai,2623122,42,0,871,0
2020-05-15,Russia,NA,Perm Krai,2623122,50,0,921,0
2020-05-16,Russia,NA,Perm Krai,2623122,52,0,973,0
2020-05-17,Russia,NA,Perm Krai,2623122,51,0,1024,0
2020-05-18,Russia,NA,Perm Krai,2623122,49,0,1073,0
2020-05-19,Russia,NA,Perm Krai,2623122,52,0,1125,0
2020-05-20,Russia,NA,Perm Krai,2623122,53,0,1178,0
2020-05-21,Russia,NA,Perm Krai,2623122,48,0,1226,0
2020-05-22,Russia,NA,Perm Krai,2623122,51,0,1277,0
2020-05-23,Russia,NA,Perm Krai,2623122,47,0,1324,0
2020-05-24,Russia,NA,Perm Krai,2623122,43,0,1367,0
2020-05-25,Russia,NA,Perm Krai,2623122,43,0,1410,0
2020-05-26,Russia,NA,Perm Krai,2623122,41,0,1451,0
2020-05-27,Russia,NA,Perm Krai,2623122,44,0,1495,0
2020-05-28,Russia,NA,Perm Krai,2623122,44,0,1539,0
2020-05-29,Russia,NA,Perm Krai,2623122,47,0,1586,0
2020-05-30,Russia,NA,Perm Krai,2623122,70,0,1656,0
2020-05-31,Russia,NA,Perm Krai,2623122,57,0,1713,0
2020-06-01,Russia,NA,Perm Krai,2623122,69,0,1782,0
2020-06-02,Russia,NA,Perm Krai,2623122,57,0,1839,0
2020-06-03,Russia,NA,Perm Krai,2623122,72,0,1911,0
2020-06-04,Russia,NA,Perm Krai,2623122,51,0,1962,0
2020-06-05,Russia,NA,Perm Krai,2623122,49,0,2011,0
2020-06-06,Russia,NA,Perm Krai,2623122,56,0,2067,0
2020-06-07,Russia,NA,Perm Krai,2623122,68,0,2135,0
2020-06-08,Russia,NA,Perm Krai,2623122,67,0,2202,0
2020-06-09,Russia,NA,Perm Krai,2623122,65,0,2267,0
2020-06-10,Russia,NA,Perm Krai,2623122,93,0,2360,0
2020-06-11,Russia,NA,Perm Krai,2623122,74,0,2434,0
2020-06-12,Russia,NA,Perm Krai,2623122,72,0,2506,0
2020-06-13,Russia,NA,Perm Krai,2623122,74,0,2580,0
2020-06-14,Russia,NA,Perm Krai,2623122,107,0,2687,0
2020-06-15,Russia,NA,Perm Krai,2623122,68,0,2755,0
2020-06-16,Russia,NA,Perm Krai,2623122,50,0,2805,0
2020-06-17,Russia,NA,Perm Krai,2623122,67,0,2872,0
2020-06-18,Russia,NA,Perm Krai,2623122,65,0,2937,0
2020-06-19,Russia,NA,Perm Krai,2623122,64,0,3001,0
2020-06-20,Russia,NA,Perm Krai,2623122,68,0,3069,0
2020-06-21,Russia,NA,Perm Krai,2623122,67,0,3136,0
2020-06-22,Russia,NA,Perm Krai,2623122,66,0,3202,0
2020-06-23,Russia,NA,Perm Krai,2623122,64,0,3266,0
2020-06-24,Russia,NA,Perm Krai,2623122,89,0,3355,0
2020-06-25,Russia,NA,Perm Krai,2623122,61,0,3416,0
2020-06-26,Russia,NA,Perm Krai,2623122,58,0,3474,0
2020-06-27,Russia,NA,Perm Krai,2623122,55,0,3529,0
2020-06-28,Russia,NA,Perm Krai,2623122,52,0,3581,0
2020-06-29,Russia,NA,Perm Krai,2623122,56,0,3637,0
2020-06-30,Russia,NA,Perm Krai,2623122,54,0,3691,0
2020-07-01,Russia,NA,Perm Krai,2623122,52,0,3743,0
2020-07-02,Russia,NA,Perm Krai,2623122,58,0,3801,0
2020-07-03,Russia,NA,Perm Krai,2623122,56,0,3857,0
2020-07-04,Russia,NA,Perm Krai,2623122,54,0,3911,0
2020-07-05,Russia,NA,Perm Krai,2623122,53,0,3964,0
2020-07-06,Russia,NA,Perm Krai,2623122,53,0,4017,0
2020-07-07,Russia,NA,Perm Krai,2623122,52,0,4069,0
2020-07-08,Russia,NA,Perm Krai,2623122,86,0,4155,0
2020-07-09,Russia,NA,Perm Krai,2623122,70,0,4225,0
2020-07-10,Russia,NA,Perm Krai,2623122,57,0,4282,0
2020-07-11,Russia,NA,Perm Krai,2623122,60,0,4342,0
2020-07-12,Russia,NA,Perm Krai,2623122,61,0,4403,0
2020-07-13,Russia,NA,Perm Krai,2623122,71,0,4474,0
2020-07-14,Russia,NA,Perm Krai,2623122,69,0,4543,0
2020-07-15,Russia,NA,Perm Krai,2623122,75,0,4618,0
2020-07-16,Russia,NA,Perm Krai,2623122,87,0,4705,0
2020-07-17,Russia,NA,Perm Krai,2623122,98,0,4803,0
2020-07-18,Russia,NA,Perm Krai,2623122,90,0,4893,0
2020-07-19,Russia,NA,Perm Krai,2623122,89,0,4982,0
2020-07-20,Russia,NA,Perm Krai,2623122,87,0,5069,0
2020-07-21,Russia,NA,Perm Krai,2623122,73,0,5142,0
2020-07-22,Russia,NA,Perm Krai,2623122,69,0,5211,0
2020-07-23,Russia,NA,Perm Krai,2623122,72,0,5283,0
2020-07-24,Russia,NA,Perm Krai,2623122,71,0,5354,0
2020-07-25,Russia,NA,Perm Krai,2623122,75,0,5429,0
2020-07-26,Russia,NA,Perm Krai,2623122,73,0,5502,0
2020-07-27,Russia,NA,Perm Krai,2623122,76,0,5578,0
2020-07-28,Russia,NA,Perm Krai,2623122,73,0,5651,0
2020-07-29,Russia,NA,Perm Krai,2623122,71,0,5722,0
2020-07-30,Russia,NA,Perm Krai,2623122,72,0,5794,0
2020-07-31,Russia,NA,Perm Krai,2623122,70,0,5864,0
2020-08-01,Russia,NA,Perm Krai,2623122,69,0,5933,0
2020-08-02,Russia,NA,Perm Krai,2623122,85,0,6018,0
2020-08-17,Russia,NA,Perm Krai,2623122,0,0,7047,188
2020-08-18,Russia,NA,Perm Krai,2623122,64,2,7111,190
2020-08-19,Russia,NA,Perm Krai,2623122,61,2,7172,192
2020-08-20,Russia,NA,Perm Krai,2623122,62,2,7234,194
2020-08-21,Russia,NA,Perm Krai,2623122,58,2,7292,196
2020-08-22,Russia,NA,Perm Krai,2623122,57,1,7349,197
2020-08-23,Russia,NA,Perm Krai,2623122,60,1,7409,198
2020-08-24,Russia,NA,Perm Krai,2623122,59,1,7468,199
2020-08-25,Russia,NA,Perm Krai,2623122,55,3,7523,202
2020-08-26,Russia,NA,Perm Krai,2623122,57,1,7580,203
2020-08-27,Russia,NA,Perm Krai,2623122,58,3,7638,206
2020-08-28,Russia,NA,Perm Krai,2623122,59,3,7697,209
2020-08-29,Russia,NA,Perm Krai,2623122,56,2,7753,211
2020-08-30,Russia,NA,Perm Krai,2623122,58,2,7811,213
2020-08-31,Russia,NA,Perm Krai,2623122,55,2,7866,215
2020-09-01,Russia,NA,Perm Krai,2623122,57,0,7923,215
2020-09-02,Russia,NA,Perm Krai,2623122,60,0,7983,215
2020-09-03,Russia,NA,Perm Krai,2623122,59,0,8042,215
2020-09-04,Russia,NA,Perm Krai,2623122,60,2,8102,217
2020-09-05,Russia,NA,Perm Krai,2623122,58,3,8160,220
2020-09-06,Russia,NA,Perm Krai,2623122,59,1,8219,221
2020-09-07,Russia,NA,Perm Krai,2623122,56,0,8275,221
2020-09-08,Russia,NA,Perm Krai,2623122,60,3,8335,224
2020-09-09,Russia,NA,Perm Krai,2623122,59,3,8394,227
2020-09-10,Russia,NA,Perm Krai,2623122,60,3,8454,230
2020-09-11,Russia,NA,Perm Krai,2623122,57,2,8511,232
2020-09-12,Russia,NA,Perm Krai,2623122,59,2,8570,234
2020-09-13,Russia,NA,Perm Krai,2623122,57,2,8627,236
2020-09-14,Russia,NA,Perm Krai,2623122,58,2,8685,238
2020-09-15,Russia,NA,Perm Krai,2623122,61,2,8746,240
2020-04-08,Russia,NA,Primorsky Krai,1913037,7,0,15,0
2020-04-09,Russia,NA,Primorsky Krai,1913037,5,0,20,0
2020-04-11,Russia,NA,Primorsky Krai,1913037,3,0,23,0
2020-04-12,Russia,NA,Primorsky Krai,1913037,1,0,24,0
2020-04-13,Russia,NA,Primorsky Krai,1913037,4,0,28,0
2020-04-14,Russia,NA,Primorsky Krai,1913037,4,0,32,0
2020-04-15,Russia,NA,Primorsky Krai,1913037,4,0,36,0
2020-04-16,Russia,NA,Primorsky Krai,1913037,4,0,40,0
2020-04-17,Russia,NA,Primorsky Krai,1913037,9,0,49,0
2020-04-18,Russia,NA,Primorsky Krai,1913037,18,0,67,0
2020-04-19,Russia,NA,Primorsky Krai,1913037,13,0,80,0
2020-04-20,Russia,NA,Primorsky Krai,1913037,17,0,97,0
2020-04-21,Russia,NA,Primorsky Krai,1913037,7,0,104,0
2020-04-22,Russia,NA,Primorsky Krai,1913037,62,0,166,0
2020-04-23,Russia,NA,Primorsky Krai,1913037,19,0,185,0
2020-04-24,Russia,NA,Primorsky Krai,1913037,35,0,220,0
2020-04-25,Russia,NA,Primorsky Krai,1913037,34,0,254,0
2020-04-26,Russia,NA,Primorsky Krai,1913037,24,0,278,0
2020-04-27,Russia,NA,Primorsky Krai,1913037,24,0,302,0
2020-04-28,Russia,NA,Primorsky Krai,1913037,45,0,347,0
2020-04-29,Russia,NA,Primorsky Krai,1913037,20,0,367,0
2020-04-30,Russia,NA,Primorsky Krai,1913037,36,0,403,0
2020-05-01,Russia,NA,Primorsky Krai,1913037,27,0,430,0
2020-05-02,Russia,NA,Primorsky Krai,1913037,25,0,455,0
2020-05-03,Russia,NA,Primorsky Krai,1913037,39,0,494,0
2020-05-04,Russia,NA,Primorsky Krai,1913037,53,0,547,0
2020-05-05,Russia,NA,Primorsky Krai,1913037,88,0,635,0
2020-05-06,Russia,NA,Primorsky Krai,1913037,49,0,684,0
2020-05-07,Russia,NA,Primorsky Krai,1913037,43,0,727,0
2020-05-08,Russia,NA,Primorsky Krai,1913037,36,0,763,0
2020-05-09,Russia,NA,Primorsky Krai,1913037,45,0,808,0
2020-05-10,Russia,NA,Primorsky Krai,1913037,48,0,856,0
2020-05-11,Russia,NA,Primorsky Krai,1913037,51,0,907,0
2020-05-12,Russia,NA,Primorsky Krai,1913037,48,0,955,0
2020-05-13,Russia,NA,Primorsky Krai,1913037,53,0,1008,0
2020-05-14,Russia,NA,Primorsky Krai,1913037,49,0,1057,0
2020-05-15,Russia,NA,Primorsky Krai,1913037,53,0,1110,0
2020-05-16,Russia,NA,Primorsky Krai,1913037,87,0,1197,0
2020-05-17,Russia,NA,Primorsky Krai,1913037,71,0,1268,0
2020-05-18,Russia,NA,Primorsky Krai,1913037,71,0,1339,0
2020-05-19,Russia,NA,Primorsky Krai,1913037,63,0,1402,0
2020-05-20,Russia,NA,Primorsky Krai,1913037,44,0,1446,0
2020-05-21,Russia,NA,Primorsky Krai,1913037,49,0,1495,0
2020-05-22,Russia,NA,Primorsky Krai,1913037,47,0,1542,0
2020-05-23,Russia,NA,Primorsky Krai,1913037,53,0,1595,0
2020-05-24,Russia,NA,Primorsky Krai,1913037,51,0,1646,0
2020-05-25,Russia,NA,Primorsky Krai,1913037,49,0,1695,0
2020-05-26,Russia,NA,Primorsky Krai,1913037,40,0,1735,0
2020-05-27,Russia,NA,Primorsky Krai,1913037,44,0,1779,0
2020-05-28,Russia,NA,Primorsky Krai,1913037,57,0,1836,0
2020-05-29,Russia,NA,Primorsky Krai,1913037,57,0,1893,0
2020-05-30,Russia,NA,Primorsky Krai,1913037,50,0,1943,0
2020-05-31,Russia,NA,Primorsky Krai,1913037,52,0,1995,0
2020-06-01,Russia,NA,Primorsky Krai,1913037,54,0,2049,0
2020-06-02,Russia,NA,Primorsky Krai,1913037,54,0,2103,0
2020-06-03,Russia,NA,Primorsky Krai,1913037,52,0,2155,0
2020-06-04,Russia,NA,Primorsky Krai,1913037,56,0,2211,0
2020-06-05,Russia,NA,Primorsky Krai,1913037,51,0,2262,0
2020-06-06,Russia,NA,Primorsky Krai,1913037,51,0,2313,0
2020-06-07,Russia,NA,Primorsky Krai,1913037,62,0,2375,0
2020-06-08,Russia,NA,Primorsky Krai,1913037,67,0,2442,0
2020-06-09,Russia,NA,Primorsky Krai,1913037,58,0,2500,0
2020-06-10,Russia,NA,Primorsky Krai,1913037,52,0,2552,0
2020-06-11,Russia,NA,Primorsky Krai,1913037,57,0,2609,0
2020-06-12,Russia,NA,Primorsky Krai,1913037,93,0,2702,0
2020-06-13,Russia,NA,Primorsky Krai,1913037,85,0,2787,0
2020-06-14,Russia,NA,Primorsky Krai,1913037,99,0,2886,0
2020-06-15,Russia,NA,Primorsky Krai,1913037,91,0,2977,0
2020-06-16,Russia,NA,Primorsky Krai,1913037,88,0,3065,0
2020-06-17,Russia,NA,Primorsky Krai,1913037,104,0,3169,0
2020-06-18,Russia,NA,Primorsky Krai,1913037,101,0,3270,0
2020-06-19,Russia,NA,Primorsky Krai,1913037,103,0,3373,0
2020-06-20,Russia,NA,Primorsky Krai,1913037,91,0,3464,0
2020-06-21,Russia,NA,Primorsky Krai,1913037,89,0,3553,0
2020-06-22,Russia,NA,Primorsky Krai,1913037,90,0,3643,0
2020-06-23,Russia,NA,Primorsky Krai,1913037,85,0,3728,0
2020-06-24,Russia,NA,Primorsky Krai,1913037,83,0,3811,0
2020-06-25,Russia,NA,Primorsky Krai,1913037,84,0,3895,0
2020-06-26,Russia,NA,Primorsky Krai,1913037,85,0,3980,0
2020-06-27,Russia,NA,Primorsky Krai,1913037,83,0,4063,0
2020-06-28,Russia,NA,Primorsky Krai,1913037,81,0,4144,0
2020-06-29,Russia,NA,Primorsky Krai,1913037,82,0,4226,0
2020-06-30,Russia,NA,Primorsky Krai,1913037,80,0,4306,0
2020-07-01,Russia,NA,Primorsky Krai,1913037,77,0,4383,0
2020-07-02,Russia,NA,Primorsky Krai,1913037,75,0,4458,0
2020-07-03,Russia,NA,Primorsky Krai,1913037,75,0,4533,0
2020-07-04,Russia,NA,Primorsky Krai,1913037,69,0,4602,0
2020-07-05,Russia,NA,Primorsky Krai,1913037,65,0,4667,0
2020-07-06,Russia,NA,Primorsky Krai,1913037,65,0,4732,0
2020-07-07,Russia,NA,Primorsky Krai,1913037,60,0,4792,0
2020-07-08,Russia,NA,Primorsky Krai,1913037,57,0,4849,0
2020-07-09,Russia,NA,Primorsky Krai,1913037,55,0,4904,0
2020-07-10,Russia,NA,Primorsky Krai,1913037,55,0,4959,0
2020-07-11,Russia,NA,Primorsky Krai,1913037,51,0,5010,0
2020-07-12,Russia,NA,Primorsky Krai,1913037,54,0,5064,0
2020-07-13,Russia,NA,Primorsky Krai,1913037,54,0,5118,0
2020-07-14,Russia,NA,Primorsky Krai,1913037,56,0,5174,0
2020-07-15,Russia,NA,Primorsky Krai,1913037,62,0,5236,0
2020-07-16,Russia,NA,Primorsky Krai,1913037,69,0,5305,0
2020-07-17,Russia,NA,Primorsky Krai,1913037,75,0,5380,0
2020-07-18,Russia,NA,Primorsky Krai,1913037,80,0,5460,0
2020-07-19,Russia,NA,Primorsky Krai,1913037,88,0,5548,0
2020-07-20,Russia,NA,Primorsky Krai,1913037,92,0,5640,0
2020-07-21,Russia,NA,Primorsky Krai,1913037,94,0,5734,0
2020-07-22,Russia,NA,Primorsky Krai,1913037,104,0,5838,0
2020-07-23,Russia,NA,Primorsky Krai,1913037,110,0,5948,0
2020-07-24,Russia,NA,Primorsky Krai,1913037,112,0,6060,0
2020-07-25,Russia,NA,Primorsky Krai,1913037,110,0,6170,0
2020-07-26,Russia,NA,Primorsky Krai,1913037,111,0,6281,0
2020-07-27,Russia,NA,Primorsky Krai,1913037,109,0,6390,0
2020-07-28,Russia,NA,Primorsky Krai,1913037,110,0,6500,0
2020-07-29,Russia,NA,Primorsky Krai,1913037,108,0,6608,0
2020-07-30,Russia,NA,Primorsky Krai,1913037,104,0,6712,0
2020-07-31,Russia,NA,Primorsky Krai,1913037,104,0,6816,0
2020-08-01,Russia,NA,Primorsky Krai,1913037,102,0,6918,0
2020-08-02,Russia,NA,Primorsky Krai,1913037,101,0,7019,0
2020-08-17,Russia,NA,Primorsky Krai,1913037,0,0,8438,98
2020-08-18,Russia,NA,Primorsky Krai,1913037,89,1,8527,99
2020-08-19,Russia,NA,Primorsky Krai,1913037,89,0,8616,99
2020-08-20,Russia,NA,Primorsky Krai,1913037,87,0,8703,99
2020-08-21,Russia,NA,Primorsky Krai,1913037,86,0,8789,99
2020-08-22,Russia,NA,Primorsky Krai,1913037,86,0,8875,99
2020-08-23,Russia,NA,Primorsky Krai,1913037,84,1,8959,100
2020-08-24,Russia,NA,Primorsky Krai,1913037,83,0,9042,100
2020-08-25,Russia,NA,Primorsky Krai,1913037,81,1,9123,101
2020-08-26,Russia,NA,Primorsky Krai,1913037,79,0,9202,101
2020-08-27,Russia,NA,Primorsky Krai,1913037,82,0,9284,101
2020-08-28,Russia,NA,Primorsky Krai,1913037,80,0,9364,101
2020-08-29,Russia,NA,Primorsky Krai,1913037,78,2,9442,103
2020-08-30,Russia,NA,Primorsky Krai,1913037,82,0,9524,103
2020-08-31,Russia,NA,Primorsky Krai,1913037,79,0,9603,103
2020-09-01,Russia,NA,Primorsky Krai,1913037,78,1,9681,104
2020-09-02,Russia,NA,Primorsky Krai,1913037,78,1,9759,105
2020-09-03,Russia,NA,Primorsky Krai,1913037,77,0,9836,105
2020-09-04,Russia,NA,Primorsky Krai,1913037,74,2,9910,107
2020-09-05,Russia,NA,Primorsky Krai,1913037,78,0,9988,107
2020-09-06,Russia,NA,Primorsky Krai,1913037,76,0,10064,107
2020-09-07,Russia,NA,Primorsky Krai,1913037,73,0,10137,107
2020-09-08,Russia,NA,Primorsky Krai,1913037,75,1,10212,108
2020-09-09,Russia,NA,Primorsky Krai,1913037,72,1,10284,109
2020-09-10,Russia,NA,Primorsky Krai,1913037,70,0,10354,109
2020-09-11,Russia,NA,Primorsky Krai,1913037,68,0,10422,109
2020-09-12,Russia,NA,Primorsky Krai,1913037,71,0,10493,109
2020-09-13,Russia,NA,Primorsky Krai,1913037,71,0,10564,109
2020-09-14,Russia,NA,Primorsky Krai,1913037,69,0,10633,109
2020-09-15,Russia,NA,Primorsky Krai,1913037,68,1,10701,110
2020-04-07,Russia,NA,Pskov Oblast,636546,4,0,14,0
2020-04-09,Russia,NA,Pskov Oblast,636546,2,0,16,0
2020-04-13,Russia,NA,Pskov Oblast,636546,5,0,21,0
2020-04-15,Russia,NA,Pskov Oblast,636546,6,0,27,0
2020-04-16,Russia,NA,Pskov Oblast,636546,5,0,32,0
2020-04-17,Russia,NA,Pskov Oblast,636546,5,0,37,0
2020-04-18,Russia,NA,Pskov Oblast,636546,5,0,42,0
2020-04-19,Russia,NA,Pskov Oblast,636546,2,0,44,0
2020-04-20,Russia,NA,Pskov Oblast,636546,8,0,52,0
2020-04-21,Russia,NA,Pskov Oblast,636546,6,0,58,0
2020-04-22,Russia,NA,Pskov Oblast,636546,4,0,62,0
2020-04-23,Russia,NA,Pskov Oblast,636546,4,0,66,0
2020-04-24,Russia,NA,Pskov Oblast,636546,15,0,81,0
2020-04-25,Russia,NA,Pskov Oblast,636546,12,0,93,0
2020-04-26,Russia,NA,Pskov Oblast,636546,17,0,110,0
2020-04-27,Russia,NA,Pskov Oblast,636546,14,0,124,0
2020-04-28,Russia,NA,Pskov Oblast,636546,4,0,128,0
2020-04-29,Russia,NA,Pskov Oblast,636546,14,0,142,0
2020-04-30,Russia,NA,Pskov Oblast,636546,7,0,149,0
2020-05-01,Russia,NA,Pskov Oblast,636546,4,0,153,0
2020-05-02,Russia,NA,Pskov Oblast,636546,24,0,177,0
2020-05-03,Russia,NA,Pskov Oblast,636546,18,0,195,0
2020-05-04,Russia,NA,Pskov Oblast,636546,1,0,196,0
2020-05-05,Russia,NA,Pskov Oblast,636546,18,0,214,0
2020-05-06,Russia,NA,Pskov Oblast,636546,12,0,226,0
2020-05-07,Russia,NA,Pskov Oblast,636546,17,0,243,0
2020-05-08,Russia,NA,Pskov Oblast,636546,27,0,270,0
2020-05-09,Russia,NA,Pskov Oblast,636546,7,0,277,0
2020-05-10,Russia,NA,Pskov Oblast,636546,16,0,293,0
2020-05-11,Russia,NA,Pskov Oblast,636546,15,0,308,0
2020-05-12,Russia,NA,Pskov Oblast,636546,20,0,328,0
2020-05-13,Russia,NA,Pskov Oblast,636546,11,0,339,0
2020-05-14,Russia,NA,Pskov Oblast,636546,12,0,351,0
2020-05-15,Russia,NA,Pskov Oblast,636546,16,0,367,0
2020-05-16,Russia,NA,Pskov Oblast,636546,19,0,386,0
2020-05-17,Russia,NA,Pskov Oblast,636546,19,0,405,0
2020-05-18,Russia,NA,Pskov Oblast,636546,19,0,424,0
2020-05-19,Russia,NA,Pskov Oblast,636546,27,0,451,0
2020-05-20,Russia,NA,Pskov Oblast,636546,10,0,461,0
2020-05-21,Russia,NA,Pskov Oblast,636546,33,0,494,0
2020-05-22,Russia,NA,Pskov Oblast,636546,19,0,513,0
2020-05-23,Russia,NA,Pskov Oblast,636546,30,0,543,0
2020-05-24,Russia,NA,Pskov Oblast,636546,23,0,566,0
2020-05-25,Russia,NA,Pskov Oblast,636546,26,0,592,0
2020-05-26,Russia,NA,Pskov Oblast,636546,16,0,608,0
2020-05-27,Russia,NA,Pskov Oblast,636546,21,0,629,0
2020-05-28,Russia,NA,Pskov Oblast,636546,42,0,671,0
2020-05-29,Russia,NA,Pskov Oblast,636546,52,0,723,0
2020-05-30,Russia,NA,Pskov Oblast,636546,42,0,765,0
2020-05-31,Russia,NA,Pskov Oblast,636546,59,0,824,0
2020-06-01,Russia,NA,Pskov Oblast,636546,63,0,887,0
2020-06-02,Russia,NA,Pskov Oblast,636546,23,0,910,0
2020-06-03,Russia,NA,Pskov Oblast,636546,44,0,954,0
2020-06-04,Russia,NA,Pskov Oblast,636546,112,0,1066,0
2020-06-05,Russia,NA,Pskov Oblast,636546,65,0,1131,0
2020-06-06,Russia,NA,Pskov Oblast,636546,32,0,1163,0
2020-06-07,Russia,NA,Pskov Oblast,636546,69,0,1232,0
2020-06-08,Russia,NA,Pskov Oblast,636546,37,0,1269,0
2020-06-09,Russia,NA,Pskov Oblast,636546,37,0,1306,0
2020-06-10,Russia,NA,Pskov Oblast,636546,60,0,1366,0
2020-06-11,Russia,NA,Pskov Oblast,636546,59,0,1425,0
2020-06-12,Russia,NA,Pskov Oblast,636546,110,0,1535,0
2020-06-13,Russia,NA,Pskov Oblast,636546,100,0,1635,0
2020-06-14,Russia,NA,Pskov Oblast,636546,105,0,1740,0
2020-06-15,Russia,NA,Pskov Oblast,636546,98,0,1838,0
2020-06-16,Russia,NA,Pskov Oblast,636546,63,0,1901,0
2020-06-17,Russia,NA,Pskov Oblast,636546,95,0,1996,0
2020-06-18,Russia,NA,Pskov Oblast,636546,51,0,2047,0
2020-06-19,Russia,NA,Pskov Oblast,636546,41,0,2088,0
2020-06-20,Russia,NA,Pskov Oblast,636546,95,0,2183,0
2020-06-21,Russia,NA,Pskov Oblast,636546,95,0,2278,0
2020-06-22,Russia,NA,Pskov Oblast,636546,75,0,2353,0
2020-06-23,Russia,NA,Pskov Oblast,636546,61,0,2414,0
2020-06-24,Russia,NA,Pskov Oblast,636546,44,0,2458,0
2020-06-25,Russia,NA,Pskov Oblast,636546,69,0,2527,0
2020-06-26,Russia,NA,Pskov Oblast,636546,37,0,2564,0
2020-06-27,Russia,NA,Pskov Oblast,636546,45,0,2609,0
2020-06-28,Russia,NA,Pskov Oblast,636546,58,0,2667,0
2020-06-29,Russia,NA,Pskov Oblast,636546,55,0,2722,0
2020-06-30,Russia,NA,Pskov Oblast,636546,35,0,2757,0
2020-07-01,Russia,NA,Pskov Oblast,636546,73,0,2830,0
2020-07-02,Russia,NA,Pskov Oblast,636546,45,0,2875,0
2020-07-03,Russia,NA,Pskov Oblast,636546,57,0,2932,0
2020-07-04,Russia,NA,Pskov Oblast,636546,35,0,2967,0
2020-07-05,Russia,NA,Pskov Oblast,636546,51,0,3018,0
2020-07-06,Russia,NA,Pskov Oblast,636546,26,0,3044,0
2020-07-07,Russia,NA,Pskov Oblast,636546,38,0,3082,0
2020-07-08,Russia,NA,Pskov Oblast,636546,27,0,3109,0
2020-07-09,Russia,NA,Pskov Oblast,636546,28,0,3137,0
2020-07-10,Russia,NA,Pskov Oblast,636546,35,0,3172,0
2020-07-11,Russia,NA,Pskov Oblast,636546,26,0,3198,0
2020-07-12,Russia,NA,Pskov Oblast,636546,16,0,3214,0
2020-07-13,Russia,NA,Pskov Oblast,636546,31,0,3245,0
2020-07-14,Russia,NA,Pskov Oblast,636546,12,0,3257,0
2020-07-15,Russia,NA,Pskov Oblast,636546,34,0,3291,0
2020-07-16,Russia,NA,Pskov Oblast,636546,36,0,3327,0
2020-07-17,Russia,NA,Pskov Oblast,636546,27,0,3354,0
2020-07-18,Russia,NA,Pskov Oblast,636546,18,0,3372,0
2020-07-19,Russia,NA,Pskov Oblast,636546,30,0,3402,0
2020-07-20,Russia,NA,Pskov Oblast,636546,19,0,3421,0
2020-07-21,Russia,NA,Pskov Oblast,636546,16,0,3437,0
2020-07-22,Russia,NA,Pskov Oblast,636546,17,0,3454,0
2020-07-23,Russia,NA,Pskov Oblast,636546,32,0,3486,0
2020-07-24,Russia,NA,Pskov Oblast,636546,48,0,3534,0
2020-07-25,Russia,NA,Pskov Oblast,636546,20,0,3554,0
2020-07-26,Russia,NA,Pskov Oblast,636546,28,0,3582,0
2020-07-27,Russia,NA,Pskov Oblast,636546,36,0,3618,0
2020-07-28,Russia,NA,Pskov Oblast,636546,15,0,3633,0
2020-07-29,Russia,NA,Pskov Oblast,636546,13,0,3646,0
2020-07-30,Russia,NA,Pskov Oblast,636546,40,0,3686,0
2020-07-31,Russia,NA,Pskov Oblast,636546,42,0,3728,0
2020-08-01,Russia,NA,Pskov Oblast,636546,33,0,3761,0
2020-08-02,Russia,NA,Pskov Oblast,636546,36,0,3797,0
2020-08-17,Russia,NA,Pskov Oblast,636546,0,0,4190,59
2020-08-18,Russia,NA,Pskov Oblast,636546,25,1,4215,60
2020-08-19,Russia,NA,Pskov Oblast,636546,27,0,4242,60
2020-08-20,Russia,NA,Pskov Oblast,636546,37,0,4279,60
2020-08-21,Russia,NA,Pskov Oblast,636546,35,1,4314,61
2020-08-22,Russia,NA,Pskov Oblast,636546,36,0,4350,61
2020-08-23,Russia,NA,Pskov Oblast,636546,34,0,4384,61
2020-08-24,Russia,NA,Pskov Oblast,636546,50,0,4434,61
2020-08-25,Russia,NA,Pskov Oblast,636546,24,0,4458,61
2020-08-26,Russia,NA,Pskov Oblast,636546,41,0,4499,61
2020-08-27,Russia,NA,Pskov Oblast,636546,28,1,4527,62
2020-08-28,Russia,NA,Pskov Oblast,636546,30,0,4557,62
2020-08-29,Russia,NA,Pskov Oblast,636546,24,0,4581,62
2020-08-30,Russia,NA,Pskov Oblast,636546,22,3,4603,65
2020-08-31,Russia,NA,Pskov Oblast,636546,32,0,4635,65
2020-09-01,Russia,NA,Pskov Oblast,636546,3,0,4638,65
2020-09-02,Russia,NA,Pskov Oblast,636546,24,0,4662,65
2020-09-03,Russia,NA,Pskov Oblast,636546,23,0,4685,65
2020-09-04,Russia,NA,Pskov Oblast,636546,26,0,4711,65
2020-09-05,Russia,NA,Pskov Oblast,636546,34,0,4745,65
2020-09-06,Russia,NA,Pskov Oblast,636546,21,0,4766,65
2020-09-07,Russia,NA,Pskov Oblast,636546,25,0,4791,65
2020-09-08,Russia,NA,Pskov Oblast,636546,21,0,4812,65
2020-09-09,Russia,NA,Pskov Oblast,636546,20,0,4832,65
2020-09-10,Russia,NA,Pskov Oblast,636546,27,0,4859,65
2020-09-11,Russia,NA,Pskov Oblast,636546,18,0,4877,65
2020-09-12,Russia,NA,Pskov Oblast,636546,38,0,4915,65
2020-09-13,Russia,NA,Pskov Oblast,636546,32,0,4947,65
2020-09-14,Russia,NA,Pskov Oblast,636546,21,0,4968,65
2020-09-15,Russia,NA,Pskov Oblast,636546,14,0,4982,65
2020-03-27,Russia,NA,Republic of Crimea,1957801,7,0,14,0
2020-03-28,Russia,NA,Republic of Crimea,1957801,1,0,15,0
2020-03-31,Russia,NA,Republic of Crimea,1957801,1,0,16,0
2020-04-03,Russia,NA,Republic of Crimea,1957801,2,0,18,0
2020-04-05,Russia,NA,Republic of Crimea,1957801,2,0,20,0
2020-04-06,Russia,NA,Republic of Crimea,1957801,1,0,21,0
2020-04-07,Russia,NA,Republic of Crimea,1957801,1,0,22,0
2020-04-08,Russia,NA,Republic of Crimea,1957801,1,0,23,0
2020-04-09,Russia,NA,Republic of Crimea,1957801,3,0,26,0
2020-04-10,Russia,NA,Republic of Crimea,1957801,3,0,29,0
2020-04-12,Russia,NA,Republic of Crimea,1957801,2,0,31,0
2020-04-13,Russia,NA,Republic of Crimea,1957801,1,0,32,0
2020-04-15,Russia,NA,Republic of Crimea,1957801,2,0,34,0
2020-04-16,Russia,NA,Republic of Crimea,1957801,3,0,37,0
2020-04-17,Russia,NA,Republic of Crimea,1957801,3,0,40,0
2020-04-18,Russia,NA,Republic of Crimea,1957801,3,0,43,0
2020-04-19,Russia,NA,Republic of Crimea,1957801,2,0,45,0
2020-04-21,Russia,NA,Republic of Crimea,1957801,1,0,46,0
2020-04-23,Russia,NA,Republic of Crimea,1957801,5,0,51,0
2020-04-24,Russia,NA,Republic of Crimea,1957801,2,0,53,0
2020-04-25,Russia,NA,Republic of Crimea,1957801,4,0,57,0
2020-04-26,Russia,NA,Republic of Crimea,1957801,10,0,67,0
2020-04-27,Russia,NA,Republic of Crimea,1957801,2,0,69,0
2020-04-28,Russia,NA,Republic of Crimea,1957801,1,0,70,0
2020-04-29,Russia,NA,Republic of Crimea,1957801,9,0,79,0
2020-04-30,Russia,NA,Republic of Crimea,1957801,10,0,89,0
2020-05-01,Russia,NA,Republic of Crimea,1957801,3,0,92,0
2020-05-02,Russia,NA,Republic of Crimea,1957801,8,0,100,0
2020-05-03,Russia,NA,Republic of Crimea,1957801,4,0,104,0
2020-05-04,Russia,NA,Republic of Crimea,1957801,1,0,105,0
2020-05-05,Russia,NA,Republic of Crimea,1957801,6,0,111,0
2020-05-06,Russia,NA,Republic of Crimea,1957801,17,0,128,0
2020-05-07,Russia,NA,Republic of Crimea,1957801,32,0,160,0
2020-05-08,Russia,NA,Republic of Crimea,1957801,8,0,168,0
2020-05-09,Russia,NA,Republic of Crimea,1957801,9,0,177,0
2020-05-10,Russia,NA,Republic of Crimea,1957801,12,0,189,0
2020-05-11,Russia,NA,Republic of Crimea,1957801,4,0,193,0
2020-05-12,Russia,NA,Republic of Crimea,1957801,9,0,202,0
2020-05-13,Russia,NA,Republic of Crimea,1957801,7,0,209,0
2020-05-14,Russia,NA,Republic of Crimea,1957801,30,0,239,0
2020-05-15,Russia,NA,Republic of Crimea,1957801,6,0,245,0
2020-05-16,Russia,NA,Republic of Crimea,1957801,13,0,258,0
2020-05-17,Russia,NA,Republic of Crimea,1957801,14,0,272,0
2020-05-18,Russia,NA,Republic of Crimea,1957801,9,0,281,0
2020-05-19,Russia,NA,Republic of Crimea,1957801,13,0,294,0
2020-05-20,Russia,NA,Republic of Crimea,1957801,4,0,298,0
2020-05-21,Russia,NA,Republic of Crimea,1957801,1,0,299,0
2020-05-22,Russia,NA,Republic of Crimea,1957801,15,0,314,0
2020-05-23,Russia,NA,Republic of Crimea,1957801,10,0,324,0
2020-05-24,Russia,NA,Republic of Crimea,1957801,2,0,326,0
2020-05-25,Russia,NA,Republic of Crimea,1957801,14,0,340,0
2020-05-26,Russia,NA,Republic of Crimea,1957801,6,0,346,0
2020-05-27,Russia,NA,Republic of Crimea,1957801,3,0,349,0
2020-05-28,Russia,NA,Republic of Crimea,1957801,6,0,355,0
2020-05-29,Russia,NA,Republic of Crimea,1957801,6,0,361,0
2020-05-30,Russia,NA,Republic of Crimea,1957801,8,0,369,0
2020-05-31,Russia,NA,Republic of Crimea,1957801,6,0,375,0
2020-06-01,Russia,NA,Republic of Crimea,1957801,10,0,385,0
2020-06-02,Russia,NA,Republic of Crimea,1957801,2,0,387,0
2020-06-03,Russia,NA,Republic of Crimea,1957801,5,0,392,0
2020-06-04,Russia,NA,Republic of Crimea,1957801,7,0,399,0
2020-06-05,Russia,NA,Republic of Crimea,1957801,6,0,405,0
2020-06-06,Russia,NA,Republic of Crimea,1957801,8,0,413,0
2020-06-07,Russia,NA,Republic of Crimea,1957801,11,0,424,0
2020-06-08,Russia,NA,Republic of Crimea,1957801,14,0,438,0
2020-06-09,Russia,NA,Republic of Crimea,1957801,8,0,446,0
2020-06-10,Russia,NA,Republic of Crimea,1957801,11,0,457,0
2020-06-11,Russia,NA,Republic of Crimea,1957801,1,0,458,0
2020-06-12,Russia,NA,Republic of Crimea,1957801,25,0,483,0
2020-06-13,Russia,NA,Republic of Crimea,1957801,7,0,490,0
2020-06-14,Russia,NA,Republic of Crimea,1957801,22,0,512,0
2020-06-15,Russia,NA,Republic of Crimea,1957801,27,0,539,0
2020-06-16,Russia,NA,Republic of Crimea,1957801,7,0,546,0
2020-06-17,Russia,NA,Republic of Crimea,1957801,15,0,561,0
2020-06-18,Russia,NA,Republic of Crimea,1957801,14,0,575,0
2020-06-20,Russia,NA,Republic of Crimea,1957801,15,0,590,0
2020-06-21,Russia,NA,Republic of Crimea,1957801,5,0,595,0
2020-06-22,Russia,NA,Republic of Crimea,1957801,13,0,608,0
2020-06-23,Russia,NA,Republic of Crimea,1957801,5,0,613,0
2020-06-24,Russia,NA,Republic of Crimea,1957801,10,0,623,0
2020-06-25,Russia,NA,Republic of Crimea,1957801,8,0,631,0
2020-06-26,Russia,NA,Republic of Crimea,1957801,7,0,638,0
2020-06-27,Russia,NA,Republic of Crimea,1957801,6,0,644,0
2020-06-28,Russia,NA,Republic of Crimea,1957801,2,0,646,0
2020-06-29,Russia,NA,Republic of Crimea,1957801,35,0,681,0
2020-06-30,Russia,NA,Republic of Crimea,1957801,4,0,685,0
2020-07-01,Russia,NA,Republic of Crimea,1957801,6,0,691,0
2020-07-02,Russia,NA,Republic of Crimea,1957801,7,0,698,0
2020-07-03,Russia,NA,Republic of Crimea,1957801,8,0,706,0
2020-07-04,Russia,NA,Republic of Crimea,1957801,6,0,712,0
2020-07-05,Russia,NA,Republic of Crimea,1957801,11,0,723,0
2020-07-06,Russia,NA,Republic of Crimea,1957801,38,0,761,0
2020-07-08,Russia,NA,Republic of Crimea,1957801,28,0,789,0
2020-07-09,Russia,NA,Republic of Crimea,1957801,15,0,804,0
2020-07-10,Russia,NA,Republic of Crimea,1957801,11,0,815,0
2020-07-11,Russia,NA,Republic of Crimea,1957801,16,0,831,0
2020-07-12,Russia,NA,Republic of Crimea,1957801,24,0,855,0
2020-07-13,Russia,NA,Republic of Crimea,1957801,16,0,871,0
2020-07-14,Russia,NA,Republic of Crimea,1957801,7,0,878,0
2020-07-15,Russia,NA,Republic of Crimea,1957801,11,0,889,0
2020-07-16,Russia,NA,Republic of Crimea,1957801,11,0,900,0
2020-07-17,Russia,NA,Republic of Crimea,1957801,17,0,917,0
2020-07-18,Russia,NA,Republic of Crimea,1957801,14,0,931,0
2020-07-19,Russia,NA,Republic of Crimea,1957801,12,0,943,0
2020-07-20,Russia,NA,Republic of Crimea,1957801,26,0,969,0
2020-07-21,Russia,NA,Republic of Crimea,1957801,14,0,983,0
2020-07-22,Russia,NA,Republic of Crimea,1957801,11,0,994,0
2020-07-23,Russia,NA,Republic of Crimea,1957801,18,0,1012,0
2020-07-24,Russia,NA,Republic of Crimea,1957801,26,0,1038,0
2020-07-25,Russia,NA,Republic of Crimea,1957801,18,0,1056,0
2020-07-26,Russia,NA,Republic of Crimea,1957801,21,0,1077,0
2020-07-27,Russia,NA,Republic of Crimea,1957801,27,0,1104,0
2020-07-28,Russia,NA,Republic of Crimea,1957801,12,0,1116,0
2020-07-29,Russia,NA,Republic of Crimea,1957801,23,0,1139,0
2020-07-30,Russia,NA,Republic of Crimea,1957801,24,0,1163,0
2020-07-31,Russia,NA,Republic of Crimea,1957801,13,0,1176,0
2020-08-01,Russia,NA,Republic of Crimea,1957801,28,0,1204,0
2020-08-02,Russia,NA,Republic of Crimea,1957801,37,0,1241,0
2020-04-18,Russia,NA,Republic of Karelia,622484,6,0,15,0
2020-04-19,Russia,NA,Republic of Karelia,622484,4,0,19,0
2020-04-20,Russia,NA,Republic of Karelia,622484,8,0,27,0
2020-04-21,Russia,NA,Republic of Karelia,622484,3,0,30,0
2020-04-23,Russia,NA,Republic of Karelia,622484,5,0,35,0
2020-04-24,Russia,NA,Republic of Karelia,622484,2,0,37,0
2020-04-25,Russia,NA,Republic of Karelia,622484,5,0,42,0
2020-04-26,Russia,NA,Republic of Karelia,622484,2,0,44,0
2020-04-27,Russia,NA,Republic of Karelia,622484,12,0,56,0
2020-04-28,Russia,NA,Republic of Karelia,622484,6,0,62,0
2020-04-29,Russia,NA,Republic of Karelia,622484,1,0,63,0
2020-04-30,Russia,NA,Republic of Karelia,622484,3,0,66,0
2020-05-01,Russia,NA,Republic of Karelia,622484,8,0,74,0
2020-05-02,Russia,NA,Republic of Karelia,622484,7,0,81,0
2020-05-03,Russia,NA,Republic of Karelia,622484,4,0,85,0
2020-05-04,Russia,NA,Republic of Karelia,622484,4,0,89,0
2020-05-05,Russia,NA,Republic of Karelia,622484,2,0,91,0
2020-05-06,Russia,NA,Republic of Karelia,622484,12,0,103,0
2020-05-07,Russia,NA,Republic of Karelia,622484,9,0,112,0
2020-05-08,Russia,NA,Republic of Karelia,622484,13,0,125,0
2020-05-09,Russia,NA,Republic of Karelia,622484,3,0,128,0
2020-05-10,Russia,NA,Republic of Karelia,622484,20,0,148,0
2020-05-11,Russia,NA,Republic of Karelia,622484,12,0,160,0
2020-05-12,Russia,NA,Republic of Karelia,622484,11,0,171,0
2020-05-13,Russia,NA,Republic of Karelia,622484,5,0,176,0
2020-05-14,Russia,NA,Republic of Karelia,622484,12,0,188,0
2020-05-15,Russia,NA,Republic of Karelia,622484,6,0,194,0
2020-05-16,Russia,NA,Republic of Karelia,622484,8,0,202,0
2020-05-17,Russia,NA,Republic of Karelia,622484,13,0,215,0
2020-05-18,Russia,NA,Republic of Karelia,622484,10,0,225,0
2020-05-19,Russia,NA,Republic of Karelia,622484,8,0,233,0
2020-05-20,Russia,NA,Republic of Karelia,622484,8,0,241,0
2020-05-21,Russia,NA,Republic of Karelia,622484,19,0,260,0
2020-05-22,Russia,NA,Republic of Karelia,622484,8,0,268,0
2020-05-23,Russia,NA,Republic of Karelia,622484,16,0,284,0
2020-05-24,Russia,NA,Republic of Karelia,622484,16,0,300,0
2020-05-25,Russia,NA,Republic of Karelia,622484,16,0,316,0
2020-05-26,Russia,NA,Republic of Karelia,622484,15,0,331,0
2020-05-27,Russia,NA,Republic of Karelia,622484,22,0,353,0
2020-05-28,Russia,NA,Republic of Karelia,622484,18,0,371,0
2020-05-29,Russia,NA,Republic of Karelia,622484,11,0,382,0
2020-05-30,Russia,NA,Republic of Karelia,622484,25,0,407,0
2020-05-31,Russia,NA,Republic of Karelia,622484,23,0,430,0
2020-06-01,Russia,NA,Republic of Karelia,622484,15,0,445,0
2020-06-02,Russia,NA,Republic of Karelia,622484,8,0,453,0
2020-06-03,Russia,NA,Republic of Karelia,622484,43,0,496,0
2020-06-04,Russia,NA,Republic of Karelia,622484,24,0,520,0
2020-06-05,Russia,NA,Republic of Karelia,622484,28,0,548,0
2020-06-06,Russia,NA,Republic of Karelia,622484,25,0,573,0
2020-06-07,Russia,NA,Republic of Karelia,622484,41,0,614,0
2020-06-08,Russia,NA,Republic of Karelia,622484,19,0,633,0
2020-06-09,Russia,NA,Republic of Karelia,622484,23,0,656,0
2020-06-10,Russia,NA,Republic of Karelia,622484,20,0,676,0
2020-06-11,Russia,NA,Republic of Karelia,622484,9,0,685,0
2020-06-12,Russia,NA,Republic of Karelia,622484,17,0,702,0
2020-06-13,Russia,NA,Republic of Karelia,622484,30,0,732,0
2020-06-14,Russia,NA,Republic of Karelia,622484,52,0,784,0
2020-06-15,Russia,NA,Republic of Karelia,622484,18,0,802,0
2020-06-16,Russia,NA,Republic of Karelia,622484,7,0,809,0
2020-06-17,Russia,NA,Republic of Karelia,622484,60,0,869,0
2020-06-18,Russia,NA,Republic of Karelia,622484,43,0,912,0
2020-06-19,Russia,NA,Republic of Karelia,622484,22,0,934,0
2020-06-20,Russia,NA,Republic of Karelia,622484,26,0,960,0
2020-06-21,Russia,NA,Republic of Karelia,622484,31,0,991,0
2020-06-22,Russia,NA,Republic of Karelia,622484,34,0,1025,0
2020-06-23,Russia,NA,Republic of Karelia,622484,18,0,1043,0
2020-06-24,Russia,NA,Republic of Karelia,622484,31,0,1074,0
2020-06-25,Russia,NA,Republic of Karelia,622484,35,0,1109,0
2020-06-26,Russia,NA,Republic of Karelia,622484,24,0,1133,0
2020-06-27,Russia,NA,Republic of Karelia,622484,44,0,1177,0
2020-06-28,Russia,NA,Republic of Karelia,622484,59,0,1236,0
2020-06-29,Russia,NA,Republic of Karelia,622484,30,0,1266,0
2020-06-30,Russia,NA,Republic of Karelia,622484,28,0,1294,0
2020-07-01,Russia,NA,Republic of Karelia,622484,43,0,1337,0
2020-07-02,Russia,NA,Republic of Karelia,622484,41,0,1378,0
2020-07-03,Russia,NA,Republic of Karelia,622484,30,0,1408,0
2020-07-04,Russia,NA,Republic of Karelia,622484,43,0,1451,0
2020-07-05,Russia,NA,Republic of Karelia,622484,48,0,1499,0
2020-07-06,Russia,NA,Republic of Karelia,622484,15,0,1514,0
2020-07-07,Russia,NA,Republic of Karelia,622484,17,0,1531,0
2020-07-08,Russia,NA,Republic of Karelia,622484,50,0,1581,0
2020-07-09,Russia,NA,Republic of Karelia,622484,42,0,1623,0
2020-07-10,Russia,NA,Republic of Karelia,622484,33,0,1656,0
2020-07-11,Russia,NA,Republic of Karelia,622484,28,0,1684,0
2020-07-12,Russia,NA,Republic of Karelia,622484,39,0,1723,0
2020-07-13,Russia,NA,Republic of Karelia,622484,15,0,1738,0
2020-07-14,Russia,NA,Republic of Karelia,622484,9,0,1747,0
2020-07-15,Russia,NA,Republic of Karelia,622484,45,0,1792,0
2020-07-16,Russia,NA,Republic of Karelia,622484,13,0,1805,0
2020-07-17,Russia,NA,Republic of Karelia,622484,47,0,1852,0
2020-07-18,Russia,NA,Republic of Karelia,622484,30,0,1882,0
2020-07-19,Russia,NA,Republic of Karelia,622484,39,0,1921,0
2020-07-20,Russia,NA,Republic of Karelia,622484,19,0,1940,0
2020-07-21,Russia,NA,Republic of Karelia,622484,13,0,1953,0
2020-07-22,Russia,NA,Republic of Karelia,622484,41,0,1994,0
2020-07-23,Russia,NA,Republic of Karelia,622484,45,0,2039,0
2020-07-24,Russia,NA,Republic of Karelia,622484,28,0,2067,0
2020-07-25,Russia,NA,Republic of Karelia,622484,42,0,2109,0
2020-07-26,Russia,NA,Republic of Karelia,622484,42,0,2151,0
2020-07-27,Russia,NA,Republic of Karelia,622484,19,0,2170,0
2020-07-28,Russia,NA,Republic of Karelia,622484,9,0,2179,0
2020-07-29,Russia,NA,Republic of Karelia,622484,32,0,2211,0
2020-07-30,Russia,NA,Republic of Karelia,622484,34,0,2245,0
2020-07-31,Russia,NA,Republic of Karelia,622484,30,0,2275,0
2020-08-01,Russia,NA,Republic of Karelia,622484,37,0,2312,0
2020-08-02,Russia,NA,Republic of Karelia,622484,45,0,2357,0
2020-08-17,Russia,NA,Republic of Karelia,622484,0,0,2720,14
2020-08-18,Russia,NA,Republic of Karelia,622484,4,0,2724,14
2020-08-19,Russia,NA,Republic of Karelia,622484,28,1,2752,15
2020-08-20,Russia,NA,Republic of Karelia,622484,30,0,2782,15
2020-08-21,Russia,NA,Republic of Karelia,622484,21,0,2803,15
2020-08-22,Russia,NA,Republic of Karelia,622484,31,0,2834,15
2020-08-23,Russia,NA,Republic of Karelia,622484,39,0,2873,15
2020-08-24,Russia,NA,Republic of Karelia,622484,17,0,2890,15
2020-08-25,Russia,NA,Republic of Karelia,622484,26,0,2916,15
2020-08-26,Russia,NA,Republic of Karelia,622484,41,0,2957,15
2020-08-27,Russia,NA,Republic of Karelia,622484,35,1,2992,16
2020-08-28,Russia,NA,Republic of Karelia,622484,26,0,3018,16
2020-08-29,Russia,NA,Republic of Karelia,622484,34,0,3052,16
2020-08-30,Russia,NA,Republic of Karelia,622484,46,0,3098,16
2020-08-31,Russia,NA,Republic of Karelia,622484,32,0,3130,16
2020-09-01,Russia,NA,Republic of Karelia,622484,13,0,3143,16
2020-09-02,Russia,NA,Republic of Karelia,622484,36,0,3179,16
2020-09-03,Russia,NA,Republic of Karelia,622484,27,0,3206,16
2020-09-04,Russia,NA,Republic of Karelia,622484,23,0,3229,16
2020-09-05,Russia,NA,Republic of Karelia,622484,35,0,3264,16
2020-09-06,Russia,NA,Republic of Karelia,622484,33,0,3297,16
2020-09-07,Russia,NA,Republic of Karelia,622484,19,0,3316,16
2020-09-08,Russia,NA,Republic of Karelia,622484,5,0,3321,16
2020-09-09,Russia,NA,Republic of Karelia,622484,31,0,3352,16
2020-09-10,Russia,NA,Republic of Karelia,622484,33,0,3385,16
2020-09-11,Russia,NA,Republic of Karelia,622484,28,0,3413,16
2020-09-12,Russia,NA,Republic of Karelia,622484,28,0,3441,16
2020-09-13,Russia,NA,Republic of Karelia,622484,20,0,3461,16
2020-09-14,Russia,NA,Republic of Karelia,622484,16,0,3477,16
2020-09-15,Russia,NA,Republic of Karelia,622484,8,0,3485,16
2020-04-07,Russia,NA,Rostov Oblast,4220452,8,0,17,0
2020-04-08,Russia,NA,Rostov Oblast,4220452,4,0,21,0
2020-04-09,Russia,NA,Rostov Oblast,4220452,3,0,24,0
2020-04-10,Russia,NA,Rostov Oblast,4220452,5,0,29,0
2020-04-11,Russia,NA,Rostov Oblast,4220452,9,0,38,0
2020-04-12,Russia,NA,Rostov Oblast,4220452,14,0,52,0
2020-04-13,Russia,NA,Rostov Oblast,4220452,26,0,78,0
2020-04-14,Russia,NA,Rostov Oblast,4220452,20,0,98,0
2020-04-15,Russia,NA,Rostov Oblast,4220452,6,0,104,0
2020-04-16,Russia,NA,Rostov Oblast,4220452,41,0,145,0
2020-04-17,Russia,NA,Rostov Oblast,4220452,23,0,168,0
2020-04-18,Russia,NA,Rostov Oblast,4220452,29,0,197,0
2020-04-19,Russia,NA,Rostov Oblast,4220452,35,0,232,0
2020-04-20,Russia,NA,Rostov Oblast,4220452,60,0,292,0
2020-04-21,Russia,NA,Rostov Oblast,4220452,54,0,346,0
2020-04-22,Russia,NA,Rostov Oblast,4220452,52,0,398,0
2020-04-23,Russia,NA,Rostov Oblast,4220452,71,0,469,0
2020-04-24,Russia,NA,Rostov Oblast,4220452,64,0,533,0
2020-04-25,Russia,NA,Rostov Oblast,4220452,51,0,584,0
2020-04-26,Russia,NA,Rostov Oblast,4220452,65,0,649,0
2020-04-27,Russia,NA,Rostov Oblast,4220452,65,0,714,0
2020-04-28,Russia,NA,Rostov Oblast,4220452,64,0,778,0
2020-04-29,Russia,NA,Rostov Oblast,4220452,86,0,864,0
2020-04-30,Russia,NA,Rostov Oblast,4220452,79,0,943,0
2020-05-01,Russia,NA,Rostov Oblast,4220452,83,0,1026,0
2020-05-02,Russia,NA,Rostov Oblast,4220452,80,0,1106,0
2020-05-03,Russia,NA,Rostov Oblast,4220452,72,0,1178,0
2020-05-04,Russia,NA,Rostov Oblast,4220452,85,0,1263,0
2020-05-05,Russia,NA,Rostov Oblast,4220452,90,0,1353,0
2020-05-06,Russia,NA,Rostov Oblast,4220452,81,0,1434,0
2020-05-07,Russia,NA,Rostov Oblast,4220452,80,0,1514,0
2020-05-08,Russia,NA,Rostov Oblast,4220452,80,0,1594,0
2020-05-09,Russia,NA,Rostov Oblast,4220452,80,0,1674,0
2020-05-10,Russia,NA,Rostov Oblast,4220452,89,0,1763,0
2020-05-11,Russia,NA,Rostov Oblast,4220452,88,0,1851,0
2020-05-12,Russia,NA,Rostov Oblast,4220452,95,0,1946,0
2020-05-13,Russia,NA,Rostov Oblast,4220452,87,0,2033,0
2020-05-14,Russia,NA,Rostov Oblast,4220452,78,0,2111,0
2020-05-15,Russia,NA,Rostov Oblast,4220452,89,0,2200,0
2020-05-16,Russia,NA,Rostov Oblast,4220452,112,0,2312,0
2020-05-17,Russia,NA,Rostov Oblast,4220452,115,0,2427,0
2020-05-18,Russia,NA,Rostov Oblast,4220452,87,0,2514,0
2020-05-19,Russia,NA,Rostov Oblast,4220452,131,0,2645,0
2020-05-20,Russia,NA,Rostov Oblast,4220452,139,0,2784,0
2020-05-21,Russia,NA,Rostov Oblast,4220452,142,0,2926,0
2020-05-22,Russia,NA,Rostov Oblast,4220452,138,0,3064,0
2020-05-23,Russia,NA,Rostov Oblast,4220452,353,0,3417,0
2020-05-24,Russia,NA,Rostov Oblast,4220452,152,0,3569,0
2020-05-25,Russia,NA,Rostov Oblast,4220452,158,0,3727,0
2020-05-26,Russia,NA,Rostov Oblast,4220452,203,0,3930,0
2020-05-27,Russia,NA,Rostov Oblast,4220452,203,0,4133,0
2020-05-28,Russia,NA,Rostov Oblast,4220452,154,0,4287,0
2020-05-29,Russia,NA,Rostov Oblast,4220452,141,0,4428,0
2020-05-30,Russia,NA,Rostov Oblast,4220452,152,0,4580,0
2020-05-31,Russia,NA,Rostov Oblast,4220452,178,0,4758,0
2020-06-01,Russia,NA,Rostov Oblast,4220452,184,0,4942,0
2020-06-02,Russia,NA,Rostov Oblast,4220452,253,0,5195,0
2020-06-03,Russia,NA,Rostov Oblast,4220452,178,0,5373,0
2020-06-04,Russia,NA,Rostov Oblast,4220452,184,0,5557,0
2020-06-05,Russia,NA,Rostov Oblast,4220452,196,0,5753,0
2020-06-06,Russia,NA,Rostov Oblast,4220452,212,0,5965,0
2020-06-07,Russia,NA,Rostov Oblast,4220452,201,0,6166,0
2020-06-08,Russia,NA,Rostov Oblast,4220452,189,0,6355,0
2020-06-09,Russia,NA,Rostov Oblast,4220452,187,0,6542,0
2020-06-10,Russia,NA,Rostov Oblast,4220452,192,0,6734,0
2020-06-11,Russia,NA,Rostov Oblast,4220452,220,0,6954,0
2020-06-12,Russia,NA,Rostov Oblast,4220452,198,0,7152,0
2020-06-13,Russia,NA,Rostov Oblast,4220452,162,0,7314,0
2020-06-14,Russia,NA,Rostov Oblast,4220452,167,0,7481,0
2020-06-15,Russia,NA,Rostov Oblast,4220452,160,0,7641,0
2020-06-16,Russia,NA,Rostov Oblast,4220452,158,0,7799,0
2020-06-17,Russia,NA,Rostov Oblast,4220452,152,0,7951,0
2020-06-18,Russia,NA,Rostov Oblast,4220452,146,0,8097,0
2020-06-19,Russia,NA,Rostov Oblast,4220452,139,0,8236,0
2020-06-20,Russia,NA,Rostov Oblast,4220452,145,0,8381,0
2020-06-21,Russia,NA,Rostov Oblast,4220452,153,0,8534,0
2020-06-22,Russia,NA,Rostov Oblast,4220452,141,0,8675,0
2020-06-23,Russia,NA,Rostov Oblast,4220452,140,0,8815,0
2020-06-24,Russia,NA,Rostov Oblast,4220452,135,0,8950,0
2020-06-25,Russia,NA,Rostov Oblast,4220452,124,0,9074,0
2020-06-26,Russia,NA,Rostov Oblast,4220452,121,0,9195,0
2020-06-27,Russia,NA,Rostov Oblast,4220452,116,0,9311,0
2020-06-28,Russia,NA,Rostov Oblast,4220452,109,0,9420,0
2020-06-29,Russia,NA,Rostov Oblast,4220452,97,0,9517,0
2020-06-30,Russia,NA,Rostov Oblast,4220452,94,0,9611,0
2020-07-01,Russia,NA,Rostov Oblast,4220452,95,0,9706,0
2020-07-02,Russia,NA,Rostov Oblast,4220452,90,0,9796,0
2020-07-03,Russia,NA,Rostov Oblast,4220452,92,0,9888,0
2020-07-04,Russia,NA,Rostov Oblast,4220452,94,0,9982,0
2020-07-05,Russia,NA,Rostov Oblast,4220452,93,0,10075,0
2020-07-06,Russia,NA,Rostov Oblast,4220452,91,0,10166,0
2020-07-07,Russia,NA,Rostov Oblast,4220452,90,0,10256,0
2020-07-08,Russia,NA,Rostov Oblast,4220452,94,0,10350,0
2020-07-09,Russia,NA,Rostov Oblast,4220452,91,0,10441,0
2020-07-10,Russia,NA,Rostov Oblast,4220452,92,0,10533,0
2020-07-11,Russia,NA,Rostov Oblast,4220452,95,0,10628,0
2020-07-12,Russia,NA,Rostov Oblast,4220452,98,0,10726,0
2020-07-13,Russia,NA,Rostov Oblast,4220452,97,0,10823,0
2020-07-14,Russia,NA,Rostov Oblast,4220452,99,0,10922,0
2020-07-15,Russia,NA,Rostov Oblast,4220452,97,0,11019,0
2020-07-16,Russia,NA,Rostov Oblast,4220452,98,0,11117,0
2020-07-17,Russia,NA,Rostov Oblast,4220452,97,0,11214,0
2020-07-18,Russia,NA,Rostov Oblast,4220452,102,0,11316,0
2020-07-19,Russia,NA,Rostov Oblast,4220452,103,0,11419,0
2020-07-20,Russia,NA,Rostov Oblast,4220452,115,0,11534,0
2020-07-21,Russia,NA,Rostov Oblast,4220452,123,0,11657,0
2020-07-22,Russia,NA,Rostov Oblast,4220452,121,0,11778,0
2020-07-23,Russia,NA,Rostov Oblast,4220452,120,0,11898,0
2020-07-24,Russia,NA,Rostov Oblast,4220452,122,0,12020,0
2020-07-25,Russia,NA,Rostov Oblast,4220452,124,0,12144,0
2020-07-26,Russia,NA,Rostov Oblast,4220452,126,0,12270,0
2020-07-27,Russia,NA,Rostov Oblast,4220452,135,0,12405,0
2020-07-28,Russia,NA,Rostov Oblast,4220452,133,0,12538,0
2020-07-29,Russia,NA,Rostov Oblast,4220452,136,0,12674,0
2020-07-30,Russia,NA,Rostov Oblast,4220452,134,0,12808,0
2020-07-31,Russia,NA,Rostov Oblast,4220452,133,0,12941,0
2020-08-01,Russia,NA,Rostov Oblast,4220452,133,0,13074,0
2020-08-02,Russia,NA,Rostov Oblast,4220452,131,0,13205,0
2020-08-17,Russia,NA,Rostov Oblast,4220452,0,0,15123,288
2020-08-18,Russia,NA,Rostov Oblast,4220452,128,5,15251,293
2020-08-19,Russia,NA,Rostov Oblast,4220452,126,5,15377,298
2020-08-20,Russia,NA,Rostov Oblast,4220452,127,3,15504,301
2020-08-21,Russia,NA,Rostov Oblast,4220452,128,0,15632,301
2020-08-22,Russia,NA,Rostov Oblast,4220452,129,5,15761,306
2020-08-23,Russia,NA,Rostov Oblast,4220452,126,2,15887,308
2020-08-24,Russia,NA,Rostov Oblast,4220452,131,4,16018,312
2020-08-25,Russia,NA,Rostov Oblast,4220452,130,6,16148,318
2020-08-26,Russia,NA,Rostov Oblast,4220452,130,8,16278,326
2020-08-27,Russia,NA,Rostov Oblast,4220452,128,6,16406,332
2020-08-28,Russia,NA,Rostov Oblast,4220452,132,6,16538,338
2020-08-29,Russia,NA,Rostov Oblast,4220452,127,6,16665,344
2020-08-30,Russia,NA,Rostov Oblast,4220452,134,4,16799,348
2020-08-31,Russia,NA,Rostov Oblast,4220452,128,3,16927,351
2020-09-01,Russia,NA,Rostov Oblast,4220452,133,3,17060,354
2020-09-02,Russia,NA,Rostov Oblast,4220452,145,5,17205,359
2020-09-03,Russia,NA,Rostov Oblast,4220452,139,4,17344,363
2020-09-04,Russia,NA,Rostov Oblast,4220452,142,6,17486,369
2020-09-05,Russia,NA,Rostov Oblast,4220452,144,4,17630,373
2020-09-06,Russia,NA,Rostov Oblast,4220452,155,0,17785,373
2020-09-07,Russia,NA,Rostov Oblast,4220452,151,0,17936,373
2020-09-08,Russia,NA,Rostov Oblast,4220452,147,5,18083,378
2020-09-09,Russia,NA,Rostov Oblast,4220452,153,5,18236,383
2020-09-10,Russia,NA,Rostov Oblast,4220452,155,6,18391,389
2020-09-11,Russia,NA,Rostov Oblast,4220452,158,4,18549,393
2020-09-12,Russia,NA,Rostov Oblast,4220452,159,4,18708,397
2020-09-13,Russia,NA,Rostov Oblast,4220452,162,3,18870,400
2020-09-14,Russia,NA,Rostov Oblast,4220452,160,3,19030,403
2020-09-15,Russia,NA,Rostov Oblast,4220452,165,7,19195,410
2020-04-04,Russia,NA,Ryazan Oblast,1121474,6,0,12,0
2020-04-06,Russia,NA,Ryazan Oblast,1121474,5,0,17,0
2020-04-08,Russia,NA,Ryazan Oblast,1121474,15,0,32,0
2020-04-10,Russia,NA,Ryazan Oblast,1121474,6,0,38,0
2020-04-11,Russia,NA,Ryazan Oblast,1121474,17,0,55,0
2020-04-12,Russia,NA,Ryazan Oblast,1121474,16,0,71,0
2020-04-13,Russia,NA,Ryazan Oblast,1121474,18,0,89,0
2020-04-14,Russia,NA,Ryazan Oblast,1121474,27,0,116,0
2020-04-16,Russia,NA,Ryazan Oblast,1121474,38,0,154,0
2020-04-17,Russia,NA,Ryazan Oblast,1121474,30,0,184,0
2020-04-18,Russia,NA,Ryazan Oblast,1121474,41,0,225,0
2020-04-19,Russia,NA,Ryazan Oblast,1121474,42,0,267,0
2020-04-20,Russia,NA,Ryazan Oblast,1121474,22,0,289,0
2020-04-21,Russia,NA,Ryazan Oblast,1121474,27,0,316,0
2020-04-22,Russia,NA,Ryazan Oblast,1121474,76,0,392,0
2020-04-23,Russia,NA,Ryazan Oblast,1121474,37,0,429,0
2020-04-24,Russia,NA,Ryazan Oblast,1121474,46,0,475,0
2020-04-25,Russia,NA,Ryazan Oblast,1121474,64,0,539,0
2020-04-26,Russia,NA,Ryazan Oblast,1121474,63,0,602,0
2020-04-27,Russia,NA,Ryazan Oblast,1121474,85,0,687,0
2020-04-28,Russia,NA,Ryazan Oblast,1121474,101,0,788,0
2020-04-29,Russia,NA,Ryazan Oblast,1121474,52,0,840,0
2020-04-30,Russia,NA,Ryazan Oblast,1121474,40,0,880,0
2020-05-01,Russia,NA,Ryazan Oblast,1121474,43,0,923,0
2020-05-02,Russia,NA,Ryazan Oblast,1121474,98,0,1021,0
2020-05-03,Russia,NA,Ryazan Oblast,1121474,55,0,1076,0
2020-05-04,Russia,NA,Ryazan Oblast,1121474,61,0,1137,0
2020-05-05,Russia,NA,Ryazan Oblast,1121474,89,0,1226,0
2020-05-06,Russia,NA,Ryazan Oblast,1121474,84,0,1310,0
2020-05-07,Russia,NA,Ryazan Oblast,1121474,86,0,1396,0
2020-05-08,Russia,NA,Ryazan Oblast,1121474,79,0,1475,0
2020-05-09,Russia,NA,Ryazan Oblast,1121474,85,0,1560,0
2020-05-10,Russia,NA,Ryazan Oblast,1121474,88,0,1648,0
2020-05-11,Russia,NA,Ryazan Oblast,1121474,96,0,1744,0
2020-05-12,Russia,NA,Ryazan Oblast,1121474,98,0,1842,0
2020-05-13,Russia,NA,Ryazan Oblast,1121474,97,0,1939,0
2020-05-14,Russia,NA,Ryazan Oblast,1121474,89,0,2028,0
2020-05-15,Russia,NA,Ryazan Oblast,1121474,95,0,2123,0
2020-05-16,Russia,NA,Ryazan Oblast,1121474,91,0,2214,0
2020-05-17,Russia,NA,Ryazan Oblast,1121474,86,0,2300,0
2020-05-18,Russia,NA,Ryazan Oblast,1121474,94,0,2394,0
2020-05-19,Russia,NA,Ryazan Oblast,1121474,91,0,2485,0
2020-05-20,Russia,NA,Ryazan Oblast,1121474,92,0,2577,0
2020-05-21,Russia,NA,Ryazan Oblast,1121474,96,0,2673,0
2020-05-22,Russia,NA,Ryazan Oblast,1121474,94,0,2767,0
2020-05-23,Russia,NA,Ryazan Oblast,1121474,98,0,2865,0
2020-05-24,Russia,NA,Ryazan Oblast,1121474,88,0,2953,0
2020-05-25,Russia,NA,Ryazan Oblast,1121474,87,0,3040,0
2020-05-26,Russia,NA,Ryazan Oblast,1121474,85,0,3125,0
2020-05-27,Russia,NA,Ryazan Oblast,1121474,81,0,3206,0
2020-05-28,Russia,NA,Ryazan Oblast,1121474,77,0,3283,0
2020-05-29,Russia,NA,Ryazan Oblast,1121474,75,0,3358,0
2020-05-30,Russia,NA,Ryazan Oblast,1121474,74,0,3432,0
2020-05-31,Russia,NA,Ryazan Oblast,1121474,76,0,3508,0
2020-06-01,Russia,NA,Ryazan Oblast,1121474,73,0,3581,0
2020-06-02,Russia,NA,Ryazan Oblast,1121474,72,0,3653,0
2020-06-03,Russia,NA,Ryazan Oblast,1121474,75,0,3728,0
2020-06-04,Russia,NA,Ryazan Oblast,1121474,73,0,3801,0
2020-06-05,Russia,NA,Ryazan Oblast,1121474,71,0,3872,0
2020-06-06,Russia,NA,Ryazan Oblast,1121474,68,0,3940,0
2020-06-07,Russia,NA,Ryazan Oblast,1121474,73,0,4013,0
2020-06-08,Russia,NA,Ryazan Oblast,1121474,75,0,4088,0
2020-06-09,Russia,NA,Ryazan Oblast,1121474,76,0,4164,0
2020-06-10,Russia,NA,Ryazan Oblast,1121474,64,0,4228,0
2020-06-11,Russia,NA,Ryazan Oblast,1121474,59,0,4287,0
2020-06-12,Russia,NA,Ryazan Oblast,1121474,58,0,4345,0
2020-06-13,Russia,NA,Ryazan Oblast,1121474,56,0,4401,0
2020-06-14,Russia,NA,Ryazan Oblast,1121474,57,0,4458,0
2020-06-15,Russia,NA,Ryazan Oblast,1121474,49,0,4507,0
2020-06-16,Russia,NA,Ryazan Oblast,1121474,50,0,4557,0
2020-06-17,Russia,NA,Ryazan Oblast,1121474,49,0,4606,0
2020-06-18,Russia,NA,Ryazan Oblast,1121474,50,0,4656,0
2020-06-19,Russia,NA,Ryazan Oblast,1121474,52,0,4708,0
2020-06-20,Russia,NA,Ryazan Oblast,1121474,51,0,4759,0
2020-06-21,Russia,NA,Ryazan Oblast,1121474,49,0,4808,0
2020-06-22,Russia,NA,Ryazan Oblast,1121474,47,0,4855,0
2020-06-23,Russia,NA,Ryazan Oblast,1121474,45,0,4900,0
2020-06-24,Russia,NA,Ryazan Oblast,1121474,43,0,4943,0
2020-06-25,Russia,NA,Ryazan Oblast,1121474,41,0,4984,0
2020-06-26,Russia,NA,Ryazan Oblast,1121474,43,0,5027,0
2020-06-27,Russia,NA,Ryazan Oblast,1121474,42,0,5069,0
2020-06-28,Russia,NA,Ryazan Oblast,1121474,44,0,5113,0
2020-06-29,Russia,NA,Ryazan Oblast,1121474,41,0,5154,0
2020-06-30,Russia,NA,Ryazan Oblast,1121474,43,0,5197,0
2020-07-01,Russia,NA,Ryazan Oblast,1121474,40,0,5237,0
2020-07-02,Russia,NA,Ryazan Oblast,1121474,40,0,5277,0
2020-07-03,Russia,NA,Ryazan Oblast,1121474,38,0,5315,0
2020-07-04,Russia,NA,Ryazan Oblast,1121474,39,0,5354,0
2020-07-05,Russia,NA,Ryazan Oblast,1121474,40,0,5394,0
2020-07-06,Russia,NA,Ryazan Oblast,1121474,39,0,5433,0
2020-07-07,Russia,NA,Ryazan Oblast,1121474,36,0,5469,0
2020-07-08,Russia,NA,Ryazan Oblast,1121474,38,0,5507,0
2020-07-09,Russia,NA,Ryazan Oblast,1121474,40,0,5547,0
2020-07-10,Russia,NA,Ryazan Oblast,1121474,38,0,5585,0
2020-07-11,Russia,NA,Ryazan Oblast,1121474,36,0,5621,0
2020-07-12,Russia,NA,Ryazan Oblast,1121474,35,0,5656,0
2020-07-13,Russia,NA,Ryazan Oblast,1121474,38,0,5694,0
2020-07-14,Russia,NA,Ryazan Oblast,1121474,37,0,5731,0
2020-07-15,Russia,NA,Ryazan Oblast,1121474,35,0,5766,0
2020-07-16,Russia,NA,Ryazan Oblast,1121474,38,0,5804,0
2020-07-17,Russia,NA,Ryazan Oblast,1121474,39,0,5843,0
2020-07-18,Russia,NA,Ryazan Oblast,1121474,40,0,5883,0
2020-07-19,Russia,NA,Ryazan Oblast,1121474,38,0,5921,0
2020-07-20,Russia,NA,Ryazan Oblast,1121474,36,0,5957,0
2020-07-21,Russia,NA,Ryazan Oblast,1121474,35,0,5992,0
2020-07-22,Russia,NA,Ryazan Oblast,1121474,32,0,6024,0
2020-07-23,Russia,NA,Ryazan Oblast,1121474,34,0,6058,0
2020-07-24,Russia,NA,Ryazan Oblast,1121474,36,0,6094,0
2020-07-25,Russia,NA,Ryazan Oblast,1121474,32,0,6126,0
2020-07-26,Russia,NA,Ryazan Oblast,1121474,29,0,6155,0
2020-07-27,Russia,NA,Ryazan Oblast,1121474,28,0,6183,0
2020-07-28,Russia,NA,Ryazan Oblast,1121474,30,0,6213,0
2020-07-29,Russia,NA,Ryazan Oblast,1121474,27,0,6240,0
2020-07-30,Russia,NA,Ryazan Oblast,1121474,26,0,6266,0
2020-07-31,Russia,NA,Ryazan Oblast,1121474,29,0,6295,0
2020-08-01,Russia,NA,Ryazan Oblast,1121474,28,0,6323,0
2020-08-02,Russia,NA,Ryazan Oblast,1121474,29,0,6352,0
2020-08-17,Russia,NA,Ryazan Oblast,1121474,0,0,6772,38
2020-08-18,Russia,NA,Ryazan Oblast,1121474,26,0,6798,38
2020-08-19,Russia,NA,Ryazan Oblast,1121474,29,1,6827,39
2020-08-20,Russia,NA,Ryazan Oblast,1121474,28,0,6855,39
2020-08-21,Russia,NA,Ryazan Oblast,1121474,25,1,6880,40
2020-08-22,Russia,NA,Ryazan Oblast,1121474,27,1,6907,41
2020-08-23,Russia,NA,Ryazan Oblast,1121474,30,0,6937,41
2020-08-24,Russia,NA,Ryazan Oblast,1121474,29,0,6966,41
2020-08-25,Russia,NA,Ryazan Oblast,1121474,27,1,6993,42
2020-08-26,Russia,NA,Ryazan Oblast,1121474,26,0,7019,42
2020-08-27,Russia,NA,Ryazan Oblast,1121474,28,1,7047,43
2020-08-28,Russia,NA,Ryazan Oblast,1121474,31,0,7078,43
2020-08-29,Russia,NA,Ryazan Oblast,1121474,27,1,7105,44
2020-08-30,Russia,NA,Ryazan Oblast,1121474,30,0,7135,44
2020-08-31,Russia,NA,Ryazan Oblast,1121474,26,0,7161,44
2020-09-01,Russia,NA,Ryazan Oblast,1121474,29,0,7190,44
2020-09-02,Russia,NA,Ryazan Oblast,1121474,27,0,7217,44
2020-09-03,Russia,NA,Ryazan Oblast,1121474,29,1,7246,45
2020-09-04,Russia,NA,Ryazan Oblast,1121474,32,1,7278,46
2020-09-05,Russia,NA,Ryazan Oblast,1121474,30,0,7308,46
2020-09-06,Russia,NA,Ryazan Oblast,1121474,33,0,7341,46
2020-09-07,Russia,NA,Ryazan Oblast,1121474,31,0,7372,46
2020-09-08,Russia,NA,Ryazan Oblast,1121474,30,0,7402,46
2020-09-09,Russia,NA,Ryazan Oblast,1121474,29,1,7431,47
2020-09-10,Russia,NA,Ryazan Oblast,1121474,28,0,7459,47
2020-09-11,Russia,NA,Ryazan Oblast,1121474,31,0,7490,47
2020-09-12,Russia,NA,Ryazan Oblast,1121474,33,0,7523,47
2020-09-13,Russia,NA,Ryazan Oblast,1121474,29,0,7552,47
2020-09-14,Russia,NA,Ryazan Oblast,1121474,32,0,7584,47
2020-09-15,Russia,NA,Ryazan Oblast,1121474,30,0,7614,47
2020-03-20,Russia,NA,Saint Petersburg,5351935,4,0,14,0
2020-03-21,Russia,NA,Saint Petersburg,5351935,2,0,16,0
2020-03-24,Russia,NA,Saint Petersburg,5351935,5,0,21,0
2020-03-26,Russia,NA,Saint Petersburg,5351935,5,0,26,0
2020-03-28,Russia,NA,Saint Petersburg,5351935,11,0,37,0
2020-03-29,Russia,NA,Saint Petersburg,5351935,5,0,42,0
2020-03-30,Russia,NA,Saint Petersburg,5351935,8,0,50,0
2020-03-31,Russia,NA,Saint Petersburg,5351935,48,0,98,0
2020-04-01,Russia,NA,Saint Petersburg,5351935,27,0,125,0
2020-04-02,Russia,NA,Saint Petersburg,5351935,22,0,147,0
2020-04-03,Russia,NA,Saint Petersburg,5351935,9,0,156,0
2020-04-04,Russia,NA,Saint Petersburg,5351935,15,0,171,0
2020-04-05,Russia,NA,Saint Petersburg,5351935,20,0,191,0
2020-04-06,Russia,NA,Saint Petersburg,5351935,35,0,226,0
2020-04-07,Russia,NA,Saint Petersburg,5351935,69,0,295,0
2020-04-08,Russia,NA,Saint Petersburg,5351935,34,0,329,0
2020-04-09,Russia,NA,Saint Petersburg,5351935,44,0,373,0
2020-04-10,Russia,NA,Saint Petersburg,5351935,35,0,408,0
2020-04-11,Russia,NA,Saint Petersburg,5351935,80,0,488,0
2020-04-12,Russia,NA,Saint Petersburg,5351935,69,0,557,0
2020-04-13,Russia,NA,Saint Petersburg,5351935,121,0,678,0
2020-04-14,Russia,NA,Saint Petersburg,5351935,121,0,799,0
2020-04-15,Russia,NA,Saint Petersburg,5351935,130,0,929,0
2020-04-16,Russia,NA,Saint Petersburg,5351935,154,0,1083,0
2020-04-17,Russia,NA,Saint Petersburg,5351935,424,0,1507,0
2020-04-18,Russia,NA,Saint Petersburg,5351935,139,0,1646,0
2020-04-19,Russia,NA,Saint Petersburg,5351935,114,0,1760,0
2020-04-20,Russia,NA,Saint Petersburg,5351935,86,0,1846,0
2020-04-21,Russia,NA,Saint Petersburg,5351935,127,0,1973,0
2020-04-22,Russia,NA,Saint Petersburg,5351935,294,0,2267,0
2020-04-23,Russia,NA,Saint Petersburg,5351935,191,0,2458,0
2020-04-24,Russia,NA,Saint Petersburg,5351935,253,0,2711,0
2020-04-25,Russia,NA,Saint Petersburg,5351935,215,0,2926,0
2020-04-26,Russia,NA,Saint Petersburg,5351935,151,0,3077,0
2020-04-27,Russia,NA,Saint Petersburg,5351935,161,0,3238,0
2020-04-28,Russia,NA,Saint Petersburg,5351935,198,0,3436,0
2020-04-29,Russia,NA,Saint Petersburg,5351935,290,0,3726,0
2020-04-30,Russia,NA,Saint Petersburg,5351935,336,0,4062,0
2020-05-01,Russia,NA,Saint Petersburg,5351935,349,0,4411,0
2020-05-02,Russia,NA,Saint Petersburg,5351935,323,0,4734,0
2020-05-03,Russia,NA,Saint Petersburg,5351935,295,0,5029,0
2020-05-04,Russia,NA,Saint Petersburg,5351935,317,0,5346,0
2020-05-05,Russia,NA,Saint Petersburg,5351935,226,0,5572,0
2020-05-06,Russia,NA,Saint Petersburg,5351935,312,0,5884,0
2020-05-07,Russia,NA,Saint Petersburg,5351935,306,0,6190,0
2020-05-08,Russia,NA,Saint Petersburg,5351935,375,0,6565,0
2020-05-09,Russia,NA,Saint Petersburg,5351935,425,0,6990,0
2020-05-10,Russia,NA,Saint Petersburg,5351935,414,0,7404,0
2020-05-11,Russia,NA,Saint Petersburg,5351935,307,0,7711,0
2020-05-12,Russia,NA,Saint Petersburg,5351935,339,0,8050,0
2020-05-13,Russia,NA,Saint Petersburg,5351935,435,0,8485,0
2020-05-14,Russia,NA,Saint Petersburg,5351935,460,0,8945,0
2020-05-15,Russia,NA,Saint Petersburg,5351935,541,0,9486,0
2020-05-16,Russia,NA,Saint Petersburg,5351935,525,0,10011,0
2020-05-17,Russia,NA,Saint Petersburg,5351935,451,0,10462,0
2020-05-18,Russia,NA,Saint Petersburg,5351935,425,0,10887,0
2020-05-19,Russia,NA,Saint Petersburg,5351935,453,0,11340,0
2020-05-20,Russia,NA,Saint Petersburg,5351935,455,0,11795,0
2020-05-21,Russia,NA,Saint Petersburg,5351935,408,0,12203,0
2020-05-22,Russia,NA,Saint Petersburg,5351935,389,0,12592,0
2020-05-23,Russia,NA,Saint Petersburg,5351935,363,0,12955,0
2020-05-24,Russia,NA,Saint Petersburg,5351935,384,0,13339,0
2020-05-25,Russia,NA,Saint Petersburg,5351935,374,0,13713,0
2020-05-26,Russia,NA,Saint Petersburg,5351935,363,0,14076,0
2020-05-27,Russia,NA,Saint Petersburg,5351935,387,0,14463,0
2020-05-28,Russia,NA,Saint Petersburg,5351935,383,0,14846,0
2020-05-29,Russia,NA,Saint Petersburg,5351935,369,0,15215,0
2020-05-30,Russia,NA,Saint Petersburg,5351935,365,0,15580,0
2020-05-31,Russia,NA,Saint Petersburg,5351935,369,0,15949,0
2020-06-01,Russia,NA,Saint Petersburg,5351935,364,0,16313,0
2020-06-02,Russia,NA,Saint Petersburg,5351935,376,0,16689,0
2020-06-03,Russia,NA,Saint Petersburg,5351935,380,0,17069,0
2020-06-04,Russia,NA,Saint Petersburg,5351935,375,0,17444,0
2020-06-05,Russia,NA,Saint Petersburg,5351935,378,0,17822,0
2020-06-06,Russia,NA,Saint Petersburg,5351935,347,0,18169,0
2020-06-07,Russia,NA,Saint Petersburg,5351935,340,0,18509,0
2020-06-08,Russia,NA,Saint Petersburg,5351935,326,0,18835,0
2020-06-09,Russia,NA,Saint Petersburg,5351935,318,0,19153,0
2020-06-10,Russia,NA,Saint Petersburg,5351935,313,0,19466,0
2020-06-11,Russia,NA,Saint Petersburg,5351935,303,0,19769,0
2020-06-12,Russia,NA,Saint Petersburg,5351935,274,0,20043,0
2020-06-13,Russia,NA,Saint Petersburg,5351935,262,0,20305,0
2020-06-14,Russia,NA,Saint Petersburg,5351935,256,0,20561,0
2020-06-15,Russia,NA,Saint Petersburg,5351935,252,0,20813,0
2020-06-16,Russia,NA,Saint Petersburg,5351935,234,0,21047,0
2020-06-17,Russia,NA,Saint Petersburg,5351935,228,0,21275,0
2020-06-18,Russia,NA,Saint Petersburg,5351935,231,0,21506,0
2020-06-19,Russia,NA,Saint Petersburg,5351935,228,0,21734,0
2020-06-20,Russia,NA,Saint Petersburg,5351935,232,0,21966,0
2020-06-21,Russia,NA,Saint Petersburg,5351935,229,0,22195,0
2020-06-22,Russia,NA,Saint Petersburg,5351935,217,0,22412,0
2020-06-23,Russia,NA,Saint Petersburg,5351935,220,0,22632,0
2020-06-24,Russia,NA,Saint Petersburg,5351935,218,0,22850,0
2020-06-25,Russia,NA,Saint Petersburg,5351935,221,0,23071,0
2020-06-26,Russia,NA,Saint Petersburg,5351935,223,0,23294,0
2020-06-27,Russia,NA,Saint Petersburg,5351935,224,0,23518,0
2020-06-28,Russia,NA,Saint Petersburg,5351935,217,0,23735,0
2020-06-29,Russia,NA,Saint Petersburg,5351935,219,0,23954,0
2020-06-30,Russia,NA,Saint Petersburg,5351935,253,0,24207,0
2020-07-01,Russia,NA,Saint Petersburg,5351935,262,0,24469,0
2020-07-02,Russia,NA,Saint Petersburg,5351935,258,0,24727,0
2020-07-03,Russia,NA,Saint Petersburg,5351935,263,0,24990,0
2020-07-04,Russia,NA,Saint Petersburg,5351935,271,0,25261,0
2020-07-05,Russia,NA,Saint Petersburg,5351935,275,0,25536,0
2020-07-06,Russia,NA,Saint Petersburg,5351935,280,0,25816,0
2020-07-07,Russia,NA,Saint Petersburg,5351935,278,0,26094,0
2020-07-08,Russia,NA,Saint Petersburg,5351935,295,0,26389,0
2020-07-09,Russia,NA,Saint Petersburg,5351935,292,0,26681,0
2020-07-10,Russia,NA,Saint Petersburg,5351935,300,0,26981,0
2020-07-11,Russia,NA,Saint Petersburg,5351935,296,0,27277,0
2020-07-12,Russia,NA,Saint Petersburg,5351935,293,0,27570,0
2020-07-13,Russia,NA,Saint Petersburg,5351935,291,0,27861,0
2020-07-14,Russia,NA,Saint Petersburg,5351935,281,0,28142,0
2020-07-15,Russia,NA,Saint Petersburg,5351935,264,0,28406,0
2020-07-16,Russia,NA,Saint Petersburg,5351935,256,0,28662,0
2020-07-17,Russia,NA,Saint Petersburg,5351935,244,0,28906,0
2020-07-18,Russia,NA,Saint Petersburg,5351935,238,0,29144,0
2020-07-19,Russia,NA,Saint Petersburg,5351935,202,0,29346,0
2020-07-20,Russia,NA,Saint Petersburg,5351935,195,0,29541,0
2020-07-21,Russia,NA,Saint Petersburg,5351935,189,0,29730,0
2020-07-22,Russia,NA,Saint Petersburg,5351935,186,0,29916,0
2020-07-23,Russia,NA,Saint Petersburg,5351935,184,0,30100,0
2020-07-24,Russia,NA,Saint Petersburg,5351935,181,0,30281,0
2020-07-25,Russia,NA,Saint Petersburg,5351935,179,0,30460,0
2020-07-26,Russia,NA,Saint Petersburg,5351935,175,0,30635,0
2020-07-27,Russia,NA,Saint Petersburg,5351935,172,0,30807,0
2020-07-28,Russia,NA,Saint Petersburg,5351935,168,0,30975,0
2020-07-29,Russia,NA,Saint Petersburg,5351935,165,0,31140,0
2020-07-30,Russia,NA,Saint Petersburg,5351935,162,0,31302,0
2020-07-31,Russia,NA,Saint Petersburg,5351935,159,0,31461,0
2020-08-01,Russia,NA,Saint Petersburg,5351935,161,0,31622,0
2020-08-02,Russia,NA,Saint Petersburg,5351935,163,0,31785,0
2020-08-17,Russia,NA,Saint Petersburg,5351935,0,0,34168,2257
2020-08-18,Russia,NA,Saint Petersburg,5351935,157,19,34325,2276
2020-08-19,Russia,NA,Saint Petersburg,5351935,162,17,34487,2293
2020-08-20,Russia,NA,Saint Petersburg,5351935,160,15,34647,2308
2020-08-21,Russia,NA,Saint Petersburg,5351935,181,6,34828,2314
2020-08-22,Russia,NA,Saint Petersburg,5351935,183,18,35011,2332
2020-08-23,Russia,NA,Saint Petersburg,5351935,180,10,35191,2342
2020-08-24,Russia,NA,Saint Petersburg,5351935,182,0,35373,2342
2020-08-25,Russia,NA,Saint Petersburg,5351935,179,15,35552,2357
2020-08-26,Russia,NA,Saint Petersburg,5351935,181,18,35733,2375
2020-08-27,Russia,NA,Saint Petersburg,5351935,184,17,35917,2392
2020-08-28,Russia,NA,Saint Petersburg,5351935,187,9,36104,2401
2020-08-29,Russia,NA,Saint Petersburg,5351935,189,15,36293,2416
2020-08-30,Russia,NA,Saint Petersburg,5351935,186,5,36479,2421
2020-08-31,Russia,NA,Saint Petersburg,5351935,188,0,36667,2421
2020-09-01,Russia,NA,Saint Petersburg,5351935,185,19,36852,2440
2020-09-02,Russia,NA,Saint Petersburg,5351935,189,21,37041,2461
2020-09-03,Russia,NA,Saint Petersburg,5351935,191,22,37232,2483
2020-09-04,Russia,NA,Saint Petersburg,5351935,193,20,37425,2503
2020-09-05,Russia,NA,Saint Petersburg,5351935,195,19,37620,2522
2020-09-06,Russia,NA,Saint Petersburg,5351935,192,10,37812,2532
2020-09-07,Russia,NA,Saint Petersburg,5351935,196,0,38008,2532
2020-09-08,Russia,NA,Saint Petersburg,5351935,210,20,38218,2552
2020-09-09,Russia,NA,Saint Petersburg,5351935,218,22,38436,2574
2020-09-10,Russia,NA,Saint Petersburg,5351935,215,16,38651,2590
2020-09-11,Russia,NA,Saint Petersburg,5351935,216,17,38867,2607
2020-09-12,Russia,NA,Saint Petersburg,5351935,203,23,39070,2630
2020-09-13,Russia,NA,Saint Petersburg,5351935,206,20,39276,2650
2020-09-14,Russia,NA,Saint Petersburg,5351935,199,0,39475,2650
2020-09-15,Russia,NA,Saint Petersburg,5351935,206,26,39681,2676
2020-04-08,Russia,NA,Sakhalin Oblast,490181,5,0,11,0
2020-04-15,Russia,NA,Sakhalin Oblast,490181,1,0,12,0
2020-04-17,Russia,NA,Sakhalin Oblast,490181,7,0,19,0
2020-04-24,Russia,NA,Sakhalin Oblast,490181,1,0,20,0
2020-04-27,Russia,NA,Sakhalin Oblast,490181,1,0,21,0
2020-04-28,Russia,NA,Sakhalin Oblast,490181,1,0,22,0
2020-04-30,Russia,NA,Sakhalin Oblast,490181,1,0,23,0
2020-05-01,Russia,NA,Sakhalin Oblast,490181,1,0,24,0
2020-05-03,Russia,NA,Sakhalin Oblast,490181,2,0,26,0
2020-05-04,Russia,NA,Sakhalin Oblast,490181,2,0,28,0
2020-05-05,Russia,NA,Sakhalin Oblast,490181,1,0,29,0
2020-05-07,Russia,NA,Sakhalin Oblast,490181,2,0,31,0
2020-05-09,Russia,NA,Sakhalin Oblast,490181,6,0,37,0
2020-05-11,Russia,NA,Sakhalin Oblast,490181,1,0,38,0
2020-05-12,Russia,NA,Sakhalin Oblast,490181,3,0,41,0
2020-05-13,Russia,NA,Sakhalin Oblast,490181,1,0,42,0
2020-05-14,Russia,NA,Sakhalin Oblast,490181,2,0,44,0
2020-05-15,Russia,NA,Sakhalin Oblast,490181,1,0,45,0
2020-05-16,Russia,NA,Sakhalin Oblast,490181,3,0,48,0
2020-05-17,Russia,NA,Sakhalin Oblast,490181,2,0,50,0
2020-05-19,Russia,NA,Sakhalin Oblast,490181,6,0,56,0
2020-05-20,Russia,NA,Sakhalin Oblast,490181,1,0,57,0
2020-05-21,Russia,NA,Sakhalin Oblast,490181,2,0,59,0
2020-05-22,Russia,NA,Sakhalin Oblast,490181,4,0,63,0
2020-05-23,Russia,NA,Sakhalin Oblast,490181,3,0,66,0
2020-05-24,Russia,NA,Sakhalin Oblast,490181,2,0,68,0
2020-05-25,Russia,NA,Sakhalin Oblast,490181,1,0,69,0
2020-05-26,Russia,NA,Sakhalin Oblast,490181,5,0,74,0
2020-05-27,Russia,NA,Sakhalin Oblast,490181,2,0,76,0
2020-05-28,Russia,NA,Sakhalin Oblast,490181,4,0,80,0
2020-05-29,Russia,NA,Sakhalin Oblast,490181,14,0,94,0
2020-05-30,Russia,NA,Sakhalin Oblast,490181,7,0,101,0
2020-05-31,Russia,NA,Sakhalin Oblast,490181,14,0,115,0
2020-06-01,Russia,NA,Sakhalin Oblast,490181,3,0,118,0
2020-06-02,Russia,NA,Sakhalin Oblast,490181,15,0,133,0
2020-06-03,Russia,NA,Sakhalin Oblast,490181,10,0,143,0
2020-06-04,Russia,NA,Sakhalin Oblast,490181,4,0,147,0
2020-06-05,Russia,NA,Sakhalin Oblast,490181,13,0,160,0
2020-06-06,Russia,NA,Sakhalin Oblast,490181,10,0,170,0
2020-06-07,Russia,NA,Sakhalin Oblast,490181,18,0,188,0
2020-06-08,Russia,NA,Sakhalin Oblast,490181,16,0,204,0
2020-06-09,Russia,NA,Sakhalin Oblast,490181,12,0,216,0
2020-06-10,Russia,NA,Sakhalin Oblast,490181,34,0,250,0
2020-06-11,Russia,NA,Sakhalin Oblast,490181,14,0,264,0
2020-06-12,Russia,NA,Sakhalin Oblast,490181,41,0,305,0
2020-06-13,Russia,NA,Sakhalin Oblast,490181,15,0,320,0
2020-06-14,Russia,NA,Sakhalin Oblast,490181,10,0,330,0
2020-06-15,Russia,NA,Sakhalin Oblast,490181,13,0,343,0
2020-06-16,Russia,NA,Sakhalin Oblast,490181,19,0,362,0
2020-06-17,Russia,NA,Sakhalin Oblast,490181,32,0,394,0
2020-06-18,Russia,NA,Sakhalin Oblast,490181,29,0,423,0
2020-06-19,Russia,NA,Sakhalin Oblast,490181,24,0,447,0
2020-06-20,Russia,NA,Sakhalin Oblast,490181,48,0,495,0
2020-06-21,Russia,NA,Sakhalin Oblast,490181,30,0,525,0
2020-06-22,Russia,NA,Sakhalin Oblast,490181,41,0,566,0
2020-06-23,Russia,NA,Sakhalin Oblast,490181,1,0,567,0
2020-06-24,Russia,NA,Sakhalin Oblast,490181,61,0,628,0
2020-06-25,Russia,NA,Sakhalin Oblast,490181,35,0,663,0
2020-06-26,Russia,NA,Sakhalin Oblast,490181,39,0,702,0
2020-06-27,Russia,NA,Sakhalin Oblast,490181,19,0,721,0
2020-06-28,Russia,NA,Sakhalin Oblast,490181,21,0,742,0
2020-06-29,Russia,NA,Sakhalin Oblast,490181,29,0,771,0
2020-06-30,Russia,NA,Sakhalin Oblast,490181,29,0,800,0
2020-07-01,Russia,NA,Sakhalin Oblast,490181,28,0,828,0
2020-07-02,Russia,NA,Sakhalin Oblast,490181,25,0,853,0
2020-07-03,Russia,NA,Sakhalin Oblast,490181,32,0,885,0
2020-07-04,Russia,NA,Sakhalin Oblast,490181,33,0,918,0
2020-07-05,Russia,NA,Sakhalin Oblast,490181,35,0,953,0
2020-07-06,Russia,NA,Sakhalin Oblast,490181,40,0,993,0
2020-07-07,Russia,NA,Sakhalin Oblast,490181,42,0,1035,0
2020-07-08,Russia,NA,Sakhalin Oblast,490181,68,0,1103,0
2020-07-09,Russia,NA,Sakhalin Oblast,490181,69,0,1172,0
2020-07-10,Russia,NA,Sakhalin Oblast,490181,68,0,1240,0
2020-07-11,Russia,NA,Sakhalin Oblast,490181,67,0,1307,0
2020-07-12,Russia,NA,Sakhalin Oblast,490181,69,0,1376,0
2020-07-13,Russia,NA,Sakhalin Oblast,490181,67,0,1443,0
2020-07-14,Russia,NA,Sakhalin Oblast,490181,64,0,1507,0
2020-07-15,Russia,NA,Sakhalin Oblast,490181,61,0,1568,0
2020-07-16,Russia,NA,Sakhalin Oblast,490181,60,0,1628,0
2020-07-17,Russia,NA,Sakhalin Oblast,490181,59,0,1687,0
2020-07-18,Russia,NA,Sakhalin Oblast,490181,60,0,1747,0
2020-07-19,Russia,NA,Sakhalin Oblast,490181,59,0,1806,0
2020-07-20,Russia,NA,Sakhalin Oblast,490181,57,0,1863,0
2020-07-21,Russia,NA,Sakhalin Oblast,490181,63,0,1926,0
2020-07-22,Russia,NA,Sakhalin Oblast,490181,68,0,1994,0
2020-07-23,Russia,NA,Sakhalin Oblast,490181,67,0,2061,0
2020-07-24,Russia,NA,Sakhalin Oblast,490181,65,0,2126,0
2020-07-25,Russia,NA,Sakhalin Oblast,490181,59,0,2185,0
2020-07-26,Russia,NA,Sakhalin Oblast,490181,50,0,2235,0
2020-07-27,Russia,NA,Sakhalin Oblast,490181,59,0,2294,0
2020-07-28,Russia,NA,Sakhalin Oblast,490181,68,0,2362,0
2020-07-29,Russia,NA,Sakhalin Oblast,490181,69,0,2431,0
2020-07-30,Russia,NA,Sakhalin Oblast,490181,67,0,2498,0
2020-07-31,Russia,NA,Sakhalin Oblast,490181,61,0,2559,0
2020-08-01,Russia,NA,Sakhalin Oblast,490181,66,0,2625,0
2020-08-02,Russia,NA,Sakhalin Oblast,490181,60,0,2685,0
2020-08-17,Russia,NA,Sakhalin Oblast,490181,0,0,3635,0
2020-08-18,Russia,NA,Sakhalin Oblast,490181,60,0,3695,0
2020-08-19,Russia,NA,Sakhalin Oblast,490181,57,0,3752,0
2020-08-20,Russia,NA,Sakhalin Oblast,490181,59,0,3811,0
2020-08-21,Russia,NA,Sakhalin Oblast,490181,56,0,3867,0
2020-08-22,Russia,NA,Sakhalin Oblast,490181,58,0,3925,0
2020-08-23,Russia,NA,Sakhalin Oblast,490181,55,0,3980,0
2020-08-24,Russia,NA,Sakhalin Oblast,490181,57,0,4037,0
2020-08-25,Russia,NA,Sakhalin Oblast,490181,59,0,4096,0
2020-08-26,Russia,NA,Sakhalin Oblast,490181,56,0,4152,0
2020-08-27,Russia,NA,Sakhalin Oblast,490181,58,0,4210,0
2020-08-28,Russia,NA,Sakhalin Oblast,490181,55,0,4265,0
2020-08-29,Russia,NA,Sakhalin Oblast,490181,54,0,4319,0
2020-08-30,Russia,NA,Sakhalin Oblast,490181,52,0,4371,0
2020-08-31,Russia,NA,Sakhalin Oblast,490181,49,0,4420,0
2020-09-01,Russia,NA,Sakhalin Oblast,490181,53,0,4473,0
2020-09-02,Russia,NA,Sakhalin Oblast,490181,51,0,4524,0
2020-09-03,Russia,NA,Sakhalin Oblast,490181,48,0,4572,0
2020-09-04,Russia,NA,Sakhalin Oblast,490181,50,0,4622,0
2020-09-05,Russia,NA,Sakhalin Oblast,490181,49,0,4671,0
2020-09-06,Russia,NA,Sakhalin Oblast,490181,47,0,4718,0
2020-09-07,Russia,NA,Sakhalin Oblast,490181,44,0,4762,0
2020-09-08,Russia,NA,Sakhalin Oblast,490181,46,0,4808,0
2020-09-09,Russia,NA,Sakhalin Oblast,490181,43,0,4851,0
2020-09-10,Russia,NA,Sakhalin Oblast,490181,41,0,4892,0
2020-09-11,Russia,NA,Sakhalin Oblast,490181,39,0,4931,0
2020-09-12,Russia,NA,Sakhalin Oblast,490181,37,0,4968,0
2020-09-13,Russia,NA,Sakhalin Oblast,490181,40,0,5008,0
2020-09-14,Russia,NA,Sakhalin Oblast,490181,38,0,5046,0
2020-09-15,Russia,NA,Sakhalin Oblast,490181,35,0,5081,0
2020-03-26,Russia,NA,Samara Oblast,3193514,2,0,12,0
2020-03-27,Russia,NA,Samara Oblast,3193514,2,0,14,0
2020-03-31,Russia,NA,Samara Oblast,3193514,1,0,15,0
2020-04-02,Russia,NA,Samara Oblast,3193514,2,0,17,0
2020-04-08,Russia,NA,Samara Oblast,3193514,1,0,18,0
2020-04-10,Russia,NA,Samara Oblast,3193514,2,0,20,0
2020-04-11,Russia,NA,Samara Oblast,3193514,1,0,21,0
2020-04-12,Russia,NA,Samara Oblast,3193514,3,0,24,0
2020-04-13,Russia,NA,Samara Oblast,3193514,5,0,29,0
2020-04-14,Russia,NA,Samara Oblast,3193514,11,0,40,0
2020-04-16,Russia,NA,Samara Oblast,3193514,10,0,50,0
2020-04-17,Russia,NA,Samara Oblast,3193514,13,0,63,0
2020-04-18,Russia,NA,Samara Oblast,3193514,1,0,64,0
2020-04-19,Russia,NA,Samara Oblast,3193514,15,0,79,0
2020-04-20,Russia,NA,Samara Oblast,3193514,16,0,95,0
2020-04-21,Russia,NA,Samara Oblast,3193514,8,0,103,0
2020-04-23,Russia,NA,Samara Oblast,3193514,26,0,129,0
2020-04-24,Russia,NA,Samara Oblast,3193514,44,0,173,0
2020-04-25,Russia,NA,Samara Oblast,3193514,24,0,197,0
2020-04-26,Russia,NA,Samara Oblast,3193514,20,0,217,0
2020-04-27,Russia,NA,Samara Oblast,3193514,35,0,252,0
2020-04-28,Russia,NA,Samara Oblast,3193514,8,0,260,0
2020-04-29,Russia,NA,Samara Oblast,3193514,55,0,315,0
2020-04-30,Russia,NA,Samara Oblast,3193514,40,0,355,0
2020-05-01,Russia,NA,Samara Oblast,3193514,25,0,380,0
2020-05-02,Russia,NA,Samara Oblast,3193514,41,0,421,0
2020-05-03,Russia,NA,Samara Oblast,3193514,85,0,506,0
2020-05-04,Russia,NA,Samara Oblast,3193514,60,0,566,0
2020-05-05,Russia,NA,Samara Oblast,3193514,17,0,583,0
2020-05-06,Russia,NA,Samara Oblast,3193514,81,0,664,0
2020-05-07,Russia,NA,Samara Oblast,3193514,67,0,731,0
2020-05-08,Russia,NA,Samara Oblast,3193514,59,0,790,0
2020-05-09,Russia,NA,Samara Oblast,3193514,75,0,865,0
2020-05-10,Russia,NA,Samara Oblast,3193514,74,0,939,0
2020-05-11,Russia,NA,Samara Oblast,3193514,66,0,1005,0
2020-05-12,Russia,NA,Samara Oblast,3193514,66,0,1071,0
2020-05-13,Russia,NA,Samara Oblast,3193514,79,0,1150,0
2020-05-14,Russia,NA,Samara Oblast,3193514,84,0,1234,0
2020-05-15,Russia,NA,Samara Oblast,3193514,56,0,1290,0
2020-05-16,Russia,NA,Samara Oblast,3193514,70,0,1360,0
2020-05-17,Russia,NA,Samara Oblast,3193514,65,0,1425,0
2020-05-18,Russia,NA,Samara Oblast,3193514,68,0,1493,0
2020-05-19,Russia,NA,Samara Oblast,3193514,65,0,1558,0
2020-05-20,Russia,NA,Samara Oblast,3193514,98,0,1656,0
2020-05-21,Russia,NA,Samara Oblast,3193514,74,0,1730,0
2020-05-22,Russia,NA,Samara Oblast,3193514,74,0,1804,0
2020-05-23,Russia,NA,Samara Oblast,3193514,86,0,1890,0
2020-05-24,Russia,NA,Samara Oblast,3193514,121,0,2011,0
2020-05-25,Russia,NA,Samara Oblast,3193514,97,0,2108,0
2020-05-26,Russia,NA,Samara Oblast,3193514,87,0,2195,0
2020-05-27,Russia,NA,Samara Oblast,3193514,135,0,2330,0
2020-05-28,Russia,NA,Samara Oblast,3193514,97,0,2427,0
2020-05-29,Russia,NA,Samara Oblast,3193514,48,0,2475,0
2020-05-30,Russia,NA,Samara Oblast,3193514,42,0,2517,0
2020-05-31,Russia,NA,Samara Oblast,3193514,85,0,2602,0
2020-06-01,Russia,NA,Samara Oblast,3193514,36,0,2638,0
2020-06-02,Russia,NA,Samara Oblast,3193514,76,0,2714,0
2020-06-03,Russia,NA,Samara Oblast,3193514,46,0,2760,0
2020-06-04,Russia,NA,Samara Oblast,3193514,63,0,2823,0
2020-06-05,Russia,NA,Samara Oblast,3193514,89,0,2912,0
2020-06-06,Russia,NA,Samara Oblast,3193514,104,0,3016,0
2020-06-07,Russia,NA,Samara Oblast,3193514,88,0,3104,0
2020-06-08,Russia,NA,Samara Oblast,3193514,86,0,3190,0
2020-06-09,Russia,NA,Samara Oblast,3193514,46,0,3236,0
2020-06-10,Russia,NA,Samara Oblast,3193514,113,0,3349,0
2020-06-11,Russia,NA,Samara Oblast,3193514,111,0,3460,0
2020-06-12,Russia,NA,Samara Oblast,3193514,78,0,3538,0
2020-06-13,Russia,NA,Samara Oblast,3193514,146,0,3684,0
2020-06-14,Russia,NA,Samara Oblast,3193514,110,0,3794,0
2020-06-15,Russia,NA,Samara Oblast,3193514,106,0,3900,0
2020-06-16,Russia,NA,Samara Oblast,3193514,70,0,3970,0
2020-06-17,Russia,NA,Samara Oblast,3193514,44,0,4014,0
2020-06-18,Russia,NA,Samara Oblast,3193514,76,0,4090,0
2020-06-19,Russia,NA,Samara Oblast,3193514,83,0,4173,0
2020-06-20,Russia,NA,Samara Oblast,3193514,67,0,4240,0
2020-06-21,Russia,NA,Samara Oblast,3193514,75,0,4315,0
2020-06-22,Russia,NA,Samara Oblast,3193514,63,0,4378,0
2020-06-23,Russia,NA,Samara Oblast,3193514,63,0,4441,0
2020-06-24,Russia,NA,Samara Oblast,3193514,51,0,4492,0
2020-06-25,Russia,NA,Samara Oblast,3193514,55,0,4547,0
2020-06-26,Russia,NA,Samara Oblast,3193514,60,0,4607,0
2020-06-27,Russia,NA,Samara Oblast,3193514,59,0,4666,0
2020-06-28,Russia,NA,Samara Oblast,3193514,62,0,4728,0
2020-06-29,Russia,NA,Samara Oblast,3193514,48,0,4776,0
2020-06-30,Russia,NA,Samara Oblast,3193514,51,0,4827,0
2020-07-01,Russia,NA,Samara Oblast,3193514,63,0,4890,0
2020-07-02,Russia,NA,Samara Oblast,3193514,73,0,4963,0
2020-07-03,Russia,NA,Samara Oblast,3193514,77,0,5040,0
2020-07-04,Russia,NA,Samara Oblast,3193514,87,0,5127,0
2020-07-05,Russia,NA,Samara Oblast,3193514,127,0,5254,0
2020-07-06,Russia,NA,Samara Oblast,3193514,135,0,5389,0
2020-07-07,Russia,NA,Samara Oblast,3193514,102,0,5491,0
2020-07-08,Russia,NA,Samara Oblast,3193514,75,0,5566,0
2020-07-09,Russia,NA,Samara Oblast,3193514,68,0,5634,0
2020-07-10,Russia,NA,Samara Oblast,3193514,77,0,5711,0
2020-07-11,Russia,NA,Samara Oblast,3193514,83,0,5794,0
2020-07-12,Russia,NA,Samara Oblast,3193514,78,0,5872,0
2020-07-13,Russia,NA,Samara Oblast,3193514,72,0,5944,0
2020-07-14,Russia,NA,Samara Oblast,3193514,65,0,6009,0
2020-07-15,Russia,NA,Samara Oblast,3193514,59,0,6068,0
2020-07-16,Russia,NA,Samara Oblast,3193514,57,0,6125,0
2020-07-17,Russia,NA,Samara Oblast,3193514,62,0,6187,0
2020-07-18,Russia,NA,Samara Oblast,3193514,62,0,6249,0
2020-07-19,Russia,NA,Samara Oblast,3193514,61,0,6310,0
2020-07-20,Russia,NA,Samara Oblast,3193514,60,0,6370,0
2020-07-21,Russia,NA,Samara Oblast,3193514,57,0,6427,0
2020-07-22,Russia,NA,Samara Oblast,3193514,52,0,6479,0
2020-07-23,Russia,NA,Samara Oblast,3193514,49,0,6528,0
2020-07-24,Russia,NA,Samara Oblast,3193514,42,0,6570,0
2020-07-25,Russia,NA,Samara Oblast,3193514,39,0,6609,0
2020-07-26,Russia,NA,Samara Oblast,3193514,41,0,6650,0
2020-07-27,Russia,NA,Samara Oblast,3193514,37,0,6687,0
2020-07-28,Russia,NA,Samara Oblast,3193514,32,0,6719,0
2020-07-29,Russia,NA,Samara Oblast,3193514,32,0,6751,0
2020-07-30,Russia,NA,Samara Oblast,3193514,36,0,6787,0
2020-07-31,Russia,NA,Samara Oblast,3193514,43,0,6830,0
2020-08-01,Russia,NA,Samara Oblast,3193514,43,0,6873,0
2020-08-02,Russia,NA,Samara Oblast,3193514,47,0,6920,0
2020-08-17,Russia,NA,Samara Oblast,3193514,0,0,7620,117
2020-08-18,Russia,NA,Samara Oblast,3193514,43,0,7663,117
2020-08-19,Russia,NA,Samara Oblast,3193514,43,4,7706,121
2020-08-20,Russia,NA,Samara Oblast,3193514,44,1,7750,122
2020-08-21,Russia,NA,Samara Oblast,3193514,44,0,7794,122
2020-08-22,Russia,NA,Samara Oblast,3193514,50,0,7844,122
2020-08-23,Russia,NA,Samara Oblast,3193514,64,1,7908,123
2020-08-24,Russia,NA,Samara Oblast,3193514,73,0,7981,123
2020-08-25,Russia,NA,Samara Oblast,3193514,75,0,8056,123
2020-08-26,Russia,NA,Samara Oblast,3193514,70,0,8126,123
2020-08-27,Russia,NA,Samara Oblast,3193514,74,1,8200,124
2020-08-28,Russia,NA,Samara Oblast,3193514,75,0,8275,124
2020-08-29,Russia,NA,Samara Oblast,3193514,75,0,8350,124
2020-08-30,Russia,NA,Samara Oblast,3193514,76,1,8426,125
2020-08-31,Russia,NA,Samara Oblast,3193514,79,0,8505,125
2020-09-01,Russia,NA,Samara Oblast,3193514,81,4,8586,129
2020-09-02,Russia,NA,Samara Oblast,3193514,97,4,8683,133
2020-09-03,Russia,NA,Samara Oblast,3193514,98,0,8781,133
2020-09-04,Russia,NA,Samara Oblast,3193514,107,1,8888,134
2020-09-05,Russia,NA,Samara Oblast,3193514,105,1,8993,135
2020-09-06,Russia,NA,Samara Oblast,3193514,101,0,9094,135
2020-09-07,Russia,NA,Samara Oblast,3193514,102,0,9196,135
2020-09-08,Russia,NA,Samara Oblast,3193514,98,2,9294,137
2020-09-09,Russia,NA,Samara Oblast,3193514,101,1,9395,138
2020-09-10,Russia,NA,Samara Oblast,3193514,105,0,9500,138
2020-09-11,Russia,NA,Samara Oblast,3193514,107,4,9607,142
2020-09-12,Russia,NA,Samara Oblast,3193514,106,0,9713,142
2020-09-13,Russia,NA,Samara Oblast,3193514,111,2,9824,144
2020-09-14,Russia,NA,Samara Oblast,3193514,120,0,9944,144
2020-09-15,Russia,NA,Samara Oblast,3193514,122,0,10066,144
2020-04-01,Russia,NA,Saratov Oblast,2462950,11,0,15,0
2020-04-03,Russia,NA,Saratov Oblast,2462950,4,0,19,0
2020-04-07,Russia,NA,Saratov Oblast,2462950,6,0,25,0
2020-04-08,Russia,NA,Saratov Oblast,2462950,1,0,26,0
2020-04-09,Russia,NA,Saratov Oblast,2462950,4,0,30,0
2020-04-10,Russia,NA,Saratov Oblast,2462950,4,0,34,0
2020-04-11,Russia,NA,Saratov Oblast,2462950,1,0,35,0
2020-04-12,Russia,NA,Saratov Oblast,2462950,7,0,42,0
2020-04-13,Russia,NA,Saratov Oblast,2462950,2,0,44,0
2020-04-14,Russia,NA,Saratov Oblast,2462950,5,0,49,0
2020-04-15,Russia,NA,Saratov Oblast,2462950,7,0,56,0
2020-04-16,Russia,NA,Saratov Oblast,2462950,14,0,70,0
2020-04-17,Russia,NA,Saratov Oblast,2462950,17,0,87,0
2020-04-18,Russia,NA,Saratov Oblast,2462950,11,0,98,0
2020-04-19,Russia,NA,Saratov Oblast,2462950,16,0,114,0
2020-04-20,Russia,NA,Saratov Oblast,2462950,28,0,142,0
2020-04-21,Russia,NA,Saratov Oblast,2462950,26,0,168,0
2020-04-22,Russia,NA,Saratov Oblast,2462950,22,0,190,0
2020-04-23,Russia,NA,Saratov Oblast,2462950,39,0,229,0
2020-04-24,Russia,NA,Saratov Oblast,2462950,16,0,245,0
2020-04-25,Russia,NA,Saratov Oblast,2462950,20,0,265,0
2020-04-26,Russia,NA,Saratov Oblast,2462950,40,0,305,0
2020-04-27,Russia,NA,Saratov Oblast,2462950,22,0,327,0
2020-04-28,Russia,NA,Saratov Oblast,2462950,32,0,359,0
2020-04-29,Russia,NA,Saratov Oblast,2462950,33,0,392,0
2020-04-30,Russia,NA,Saratov Oblast,2462950,46,0,438,0
2020-05-01,Russia,NA,Saratov Oblast,2462950,49,0,487,0
2020-05-02,Russia,NA,Saratov Oblast,2462950,48,0,535,0
2020-05-03,Russia,NA,Saratov Oblast,2462950,50,0,585,0
2020-05-04,Russia,NA,Saratov Oblast,2462950,74,0,659,0
2020-05-05,Russia,NA,Saratov Oblast,2462950,78,0,737,0
2020-05-06,Russia,NA,Saratov Oblast,2462950,98,0,835,0
2020-05-07,Russia,NA,Saratov Oblast,2462950,41,0,876,0
2020-05-08,Russia,NA,Saratov Oblast,2462950,74,0,950,0
2020-05-09,Russia,NA,Saratov Oblast,2462950,57,0,1007,0
2020-05-10,Russia,NA,Saratov Oblast,2462950,69,0,1076,0
2020-05-11,Russia,NA,Saratov Oblast,2462950,92,0,1168,0
2020-05-12,Russia,NA,Saratov Oblast,2462950,64,0,1232,0
2020-05-13,Russia,NA,Saratov Oblast,2462950,85,0,1317,0
2020-05-14,Russia,NA,Saratov Oblast,2462950,96,0,1413,0
2020-05-15,Russia,NA,Saratov Oblast,2462950,113,0,1526,0
2020-05-16,Russia,NA,Saratov Oblast,2462950,107,0,1633,0
2020-05-17,Russia,NA,Saratov Oblast,2462950,121,0,1754,0
2020-05-18,Russia,NA,Saratov Oblast,2462950,117,0,1871,0
2020-05-19,Russia,NA,Saratov Oblast,2462950,109,0,1980,0
2020-05-20,Russia,NA,Saratov Oblast,2462950,92,0,2072,0
2020-05-21,Russia,NA,Saratov Oblast,2462950,67,0,2139,0
2020-05-22,Russia,NA,Saratov Oblast,2462950,84,0,2223,0
2020-05-23,Russia,NA,Saratov Oblast,2462950,98,0,2321,0
2020-05-24,Russia,NA,Saratov Oblast,2462950,97,0,2418,0
2020-05-25,Russia,NA,Saratov Oblast,2462950,98,0,2516,0
2020-05-26,Russia,NA,Saratov Oblast,2462950,65,0,2581,0
2020-05-27,Russia,NA,Saratov Oblast,2462950,68,0,2649,0
2020-05-28,Russia,NA,Saratov Oblast,2462950,97,0,2746,0
2020-05-29,Russia,NA,Saratov Oblast,2462950,94,0,2840,0
2020-05-30,Russia,NA,Saratov Oblast,2462950,96,0,2936,0
2020-05-31,Russia,NA,Saratov Oblast,2462950,142,0,3078,0
2020-06-01,Russia,NA,Saratov Oblast,2462950,96,0,3174,0
2020-06-02,Russia,NA,Saratov Oblast,2462950,95,0,3269,0
2020-06-03,Russia,NA,Saratov Oblast,2462950,94,0,3363,0
2020-06-04,Russia,NA,Saratov Oblast,2462950,94,0,3457,0
2020-06-05,Russia,NA,Saratov Oblast,2462950,96,0,3553,0
2020-06-06,Russia,NA,Saratov Oblast,2462950,98,0,3651,0
2020-06-07,Russia,NA,Saratov Oblast,2462950,112,0,3763,0
2020-06-08,Russia,NA,Saratov Oblast,2462950,137,0,3900,0
2020-06-09,Russia,NA,Saratov Oblast,2462950,115,0,4015,0
2020-06-10,Russia,NA,Saratov Oblast,2462950,117,0,4132,0
2020-06-11,Russia,NA,Saratov Oblast,2462950,114,0,4246,0
2020-06-12,Russia,NA,Saratov Oblast,2462950,116,0,4362,0
2020-06-13,Russia,NA,Saratov Oblast,2462950,118,0,4480,0
2020-06-14,Russia,NA,Saratov Oblast,2462950,126,0,4606,0
2020-06-15,Russia,NA,Saratov Oblast,2462950,128,0,4734,0
2020-06-16,Russia,NA,Saratov Oblast,2462950,123,0,4857,0
2020-06-17,Russia,NA,Saratov Oblast,2462950,125,0,4982,0
2020-06-18,Russia,NA,Saratov Oblast,2462950,119,0,5101,0
2020-06-19,Russia,NA,Saratov Oblast,2462950,116,0,5217,0
2020-06-20,Russia,NA,Saratov Oblast,2462950,118,0,5335,0
2020-06-21,Russia,NA,Saratov Oblast,2462950,115,0,5450,0
2020-06-22,Russia,NA,Saratov Oblast,2462950,112,0,5562,0
2020-06-23,Russia,NA,Saratov Oblast,2462950,109,0,5671,0
2020-06-24,Russia,NA,Saratov Oblast,2462950,111,0,5782,0
2020-06-25,Russia,NA,Saratov Oblast,2462950,110,0,5892,0
2020-06-26,Russia,NA,Saratov Oblast,2462950,111,0,6003,0
2020-06-27,Russia,NA,Saratov Oblast,2462950,112,0,6115,0
2020-06-28,Russia,NA,Saratov Oblast,2462950,110,0,6225,0
2020-06-29,Russia,NA,Saratov Oblast,2462950,109,0,6334,0
2020-06-30,Russia,NA,Saratov Oblast,2462950,110,0,6444,0
2020-07-01,Russia,NA,Saratov Oblast,2462950,102,0,6546,0
2020-07-02,Russia,NA,Saratov Oblast,2462950,99,0,6645,0
2020-07-03,Russia,NA,Saratov Oblast,2462950,101,0,6746,0
2020-07-04,Russia,NA,Saratov Oblast,2462950,98,0,6844,0
2020-07-05,Russia,NA,Saratov Oblast,2462950,97,0,6941,0
2020-07-06,Russia,NA,Saratov Oblast,2462950,99,0,7040,0
2020-07-07,Russia,NA,Saratov Oblast,2462950,95,0,7135,0
2020-07-08,Russia,NA,Saratov Oblast,2462950,96,0,7231,0
2020-07-09,Russia,NA,Saratov Oblast,2462950,94,0,7325,0
2020-07-10,Russia,NA,Saratov Oblast,2462950,92,0,7417,0
2020-07-11,Russia,NA,Saratov Oblast,2462950,91,0,7508,0
2020-07-12,Russia,NA,Saratov Oblast,2462950,92,0,7600,0
2020-07-13,Russia,NA,Saratov Oblast,2462950,89,0,7689,0
2020-07-14,Russia,NA,Saratov Oblast,2462950,93,0,7782,0
2020-07-15,Russia,NA,Saratov Oblast,2462950,92,0,7874,0
2020-07-16,Russia,NA,Saratov Oblast,2462950,95,0,7969,0
2020-07-17,Russia,NA,Saratov Oblast,2462950,94,0,8063,0
2020-07-18,Russia,NA,Saratov Oblast,2462950,96,0,8159,0
2020-07-19,Russia,NA,Saratov Oblast,2462950,97,0,8256,0
2020-07-20,Russia,NA,Saratov Oblast,2462950,93,0,8349,0
2020-07-21,Russia,NA,Saratov Oblast,2462950,94,0,8443,0
2020-07-22,Russia,NA,Saratov Oblast,2462950,93,0,8536,0
2020-07-23,Russia,NA,Saratov Oblast,2462950,95,0,8631,0
2020-07-24,Russia,NA,Saratov Oblast,2462950,94,0,8725,0
2020-07-25,Russia,NA,Saratov Oblast,2462950,98,0,8823,0
2020-07-26,Russia,NA,Saratov Oblast,2462950,97,0,8920,0
2020-07-27,Russia,NA,Saratov Oblast,2462950,95,0,9015,0
2020-07-28,Russia,NA,Saratov Oblast,2462950,96,0,9111,0
2020-07-29,Russia,NA,Saratov Oblast,2462950,98,0,9209,0
2020-07-30,Russia,NA,Saratov Oblast,2462950,99,0,9308,0
2020-07-31,Russia,NA,Saratov Oblast,2462950,98,0,9406,0
2020-08-01,Russia,NA,Saratov Oblast,2462950,96,0,9502,0
2020-08-02,Russia,NA,Saratov Oblast,2462950,95,0,9597,0
2020-08-17,Russia,NA,Saratov Oblast,2462950,0,0,11018,66
2020-08-18,Russia,NA,Saratov Oblast,2462950,98,1,11116,67
2020-08-19,Russia,NA,Saratov Oblast,2462950,95,0,11211,67
2020-08-20,Russia,NA,Saratov Oblast,2462950,97,0,11308,67
2020-08-21,Russia,NA,Saratov Oblast,2462950,91,1,11399,68
2020-08-22,Russia,NA,Saratov Oblast,2462950,95,0,11494,68
2020-08-23,Russia,NA,Saratov Oblast,2462950,93,0,11587,68
2020-08-24,Russia,NA,Saratov Oblast,2462950,99,0,11686,68
2020-08-25,Russia,NA,Saratov Oblast,2462950,96,1,11782,69
2020-08-26,Russia,NA,Saratov Oblast,2462950,95,0,11877,69
2020-08-27,Russia,NA,Saratov Oblast,2462950,97,0,11974,69
2020-08-28,Russia,NA,Saratov Oblast,2462950,93,2,12067,71
2020-08-29,Russia,NA,Saratov Oblast,2462950,96,0,12163,71
2020-08-30,Russia,NA,Saratov Oblast,2462950,88,2,12251,73
2020-08-31,Russia,NA,Saratov Oblast,2462950,94,2,12345,75
2020-09-01,Russia,NA,Saratov Oblast,2462950,93,1,12438,76
2020-09-02,Russia,NA,Saratov Oblast,2462950,112,0,12550,76
2020-09-03,Russia,NA,Saratov Oblast,2462950,108,1,12658,77
2020-09-04,Russia,NA,Saratov Oblast,2462950,102,2,12760,79
2020-09-05,Russia,NA,Saratov Oblast,2462950,103,1,12863,80
2020-09-06,Russia,NA,Saratov Oblast,2462950,104,0,12967,80
2020-09-07,Russia,NA,Saratov Oblast,2462950,101,2,13068,82
2020-09-08,Russia,NA,Saratov Oblast,2462950,98,0,13166,82
2020-09-09,Russia,NA,Saratov Oblast,2462950,102,0,13268,82
2020-09-10,Russia,NA,Saratov Oblast,2462950,103,2,13371,84
2020-09-11,Russia,NA,Saratov Oblast,2462950,101,1,13472,85
2020-09-12,Russia,NA,Saratov Oblast,2462950,101,0,13573,85
2020-09-13,Russia,NA,Saratov Oblast,2462950,105,0,13678,85
2020-09-14,Russia,NA,Saratov Oblast,2462950,110,0,13788,85
2020-09-15,Russia,NA,Saratov Oblast,2462950,109,2,13897,87
2020-04-09,Russia,NA,Smolensk Oblast,949348,4,0,11,0
2020-04-10,Russia,NA,Smolensk Oblast,949348,2,0,13,0
2020-04-11,Russia,NA,Smolensk Oblast,949348,4,0,17,0
2020-04-13,Russia,NA,Smolensk Oblast,949348,4,0,21,0
2020-04-14,Russia,NA,Smolensk Oblast,949348,34,0,55,0
2020-04-15,Russia,NA,Smolensk Oblast,949348,51,0,106,0
2020-04-16,Russia,NA,Smolensk Oblast,949348,26,0,132,0
2020-04-17,Russia,NA,Smolensk Oblast,949348,7,0,139,0
2020-04-18,Russia,NA,Smolensk Oblast,949348,13,0,152,0
2020-04-19,Russia,NA,Smolensk Oblast,949348,21,0,173,0
2020-04-20,Russia,NA,Smolensk Oblast,949348,16,0,189,0
2020-04-21,Russia,NA,Smolensk Oblast,949348,19,0,208,0
2020-04-22,Russia,NA,Smolensk Oblast,949348,36,0,244,0
2020-04-23,Russia,NA,Smolensk Oblast,949348,7,0,251,0
2020-04-24,Russia,NA,Smolensk Oblast,949348,11,0,262,0
2020-04-25,Russia,NA,Smolensk Oblast,949348,17,0,279,0
2020-04-26,Russia,NA,Smolensk Oblast,949348,10,0,289,0
2020-04-27,Russia,NA,Smolensk Oblast,949348,35,0,324,0
2020-04-28,Russia,NA,Smolensk Oblast,949348,45,0,369,0
2020-04-29,Russia,NA,Smolensk Oblast,949348,34,0,403,0
2020-04-30,Russia,NA,Smolensk Oblast,949348,26,0,429,0
2020-05-01,Russia,NA,Smolensk Oblast,949348,26,0,455,0
2020-05-02,Russia,NA,Smolensk Oblast,949348,44,0,499,0
2020-05-03,Russia,NA,Smolensk Oblast,949348,9,0,508,0
2020-05-04,Russia,NA,Smolensk Oblast,949348,12,0,520,0
2020-05-05,Russia,NA,Smolensk Oblast,949348,14,0,534,0
2020-05-06,Russia,NA,Smolensk Oblast,949348,1,0,535,0
2020-05-07,Russia,NA,Smolensk Oblast,949348,55,0,590,0
2020-05-08,Russia,NA,Smolensk Oblast,949348,56,0,646,0
2020-05-09,Russia,NA,Smolensk Oblast,949348,22,0,668,0
2020-05-10,Russia,NA,Smolensk Oblast,949348,70,0,738,0
2020-05-11,Russia,NA,Smolensk Oblast,949348,164,0,902,0
2020-05-12,Russia,NA,Smolensk Oblast,949348,9,0,911,0
2020-05-13,Russia,NA,Smolensk Oblast,949348,97,0,1008,0
2020-05-14,Russia,NA,Smolensk Oblast,949348,36,0,1044,0
2020-05-15,Russia,NA,Smolensk Oblast,949348,61,0,1105,0
2020-05-16,Russia,NA,Smolensk Oblast,949348,41,0,1146,0
2020-05-17,Russia,NA,Smolensk Oblast,949348,44,0,1190,0
2020-05-18,Russia,NA,Smolensk Oblast,949348,56,0,1246,0
2020-05-19,Russia,NA,Smolensk Oblast,949348,51,0,1297,0
2020-05-20,Russia,NA,Smolensk Oblast,949348,60,0,1357,0
2020-05-21,Russia,NA,Smolensk Oblast,949348,61,0,1418,0
2020-05-22,Russia,NA,Smolensk Oblast,949348,53,0,1471,0
2020-05-23,Russia,NA,Smolensk Oblast,949348,65,0,1536,0
2020-05-24,Russia,NA,Smolensk Oblast,949348,67,0,1603,0
2020-05-25,Russia,NA,Smolensk Oblast,949348,82,0,1685,0
2020-05-26,Russia,NA,Smolensk Oblast,949348,84,0,1769,0
2020-05-27,Russia,NA,Smolensk Oblast,949348,84,0,1853,0
2020-05-28,Russia,NA,Smolensk Oblast,949348,80,0,1933,0
2020-05-29,Russia,NA,Smolensk Oblast,949348,91,0,2024,0
2020-05-30,Russia,NA,Smolensk Oblast,949348,95,0,2119,0
2020-05-31,Russia,NA,Smolensk Oblast,949348,88,0,2207,0
2020-06-01,Russia,NA,Smolensk Oblast,949348,92,0,2299,0
2020-06-02,Russia,NA,Smolensk Oblast,949348,110,0,2409,0
2020-06-03,Russia,NA,Smolensk Oblast,949348,127,0,2536,0
2020-06-04,Russia,NA,Smolensk Oblast,949348,142,0,2678,0
2020-06-05,Russia,NA,Smolensk Oblast,949348,150,0,2828,0
2020-06-06,Russia,NA,Smolensk Oblast,949348,95,0,2923,0
2020-06-07,Russia,NA,Smolensk Oblast,949348,112,0,3035,0
2020-06-08,Russia,NA,Smolensk Oblast,949348,122,0,3157,0
2020-06-09,Russia,NA,Smolensk Oblast,949348,143,0,3300,0
2020-06-10,Russia,NA,Smolensk Oblast,949348,132,0,3432,0
2020-06-11,Russia,NA,Smolensk Oblast,949348,107,0,3539,0
2020-06-12,Russia,NA,Smolensk Oblast,949348,70,0,3609,0
2020-06-13,Russia,NA,Smolensk Oblast,949348,103,0,3712,0
2020-06-14,Russia,NA,Smolensk Oblast,949348,79,0,3791,0
2020-06-15,Russia,NA,Smolensk Oblast,949348,77,0,3868,0
2020-06-16,Russia,NA,Smolensk Oblast,949348,59,0,3927,0
2020-06-17,Russia,NA,Smolensk Oblast,949348,61,0,3988,0
2020-06-18,Russia,NA,Smolensk Oblast,949348,63,0,4051,0
2020-06-19,Russia,NA,Smolensk Oblast,949348,59,0,4110,0
2020-06-20,Russia,NA,Smolensk Oblast,949348,53,0,4163,0
2020-06-21,Russia,NA,Smolensk Oblast,949348,45,0,4208,0
2020-06-22,Russia,NA,Smolensk Oblast,949348,44,0,4252,0
2020-06-23,Russia,NA,Smolensk Oblast,949348,41,0,4293,0
2020-06-24,Russia,NA,Smolensk Oblast,949348,45,0,4338,0
2020-06-25,Russia,NA,Smolensk Oblast,949348,42,0,4380,0
2020-06-26,Russia,NA,Smolensk Oblast,949348,43,0,4423,0
2020-06-27,Russia,NA,Smolensk Oblast,949348,40,0,4463,0
2020-06-28,Russia,NA,Smolensk Oblast,949348,42,0,4505,0
2020-06-29,Russia,NA,Smolensk Oblast,949348,39,0,4544,0
2020-06-30,Russia,NA,Smolensk Oblast,949348,37,0,4581,0
2020-07-01,Russia,NA,Smolensk Oblast,949348,38,0,4619,0
2020-07-02,Russia,NA,Smolensk Oblast,949348,40,0,4659,0
2020-07-03,Russia,NA,Smolensk Oblast,949348,43,0,4702,0
2020-07-04,Russia,NA,Smolensk Oblast,949348,42,0,4744,0
2020-07-05,Russia,NA,Smolensk Oblast,949348,38,0,4782,0
2020-07-06,Russia,NA,Smolensk Oblast,949348,41,0,4823,0
2020-07-07,Russia,NA,Smolensk Oblast,949348,42,0,4865,0
2020-07-08,Russia,NA,Smolensk Oblast,949348,39,0,4904,0
2020-07-09,Russia,NA,Smolensk Oblast,949348,40,0,4944,0
2020-07-10,Russia,NA,Smolensk Oblast,949348,42,0,4986,0
2020-07-11,Russia,NA,Smolensk Oblast,949348,42,0,5028,0
2020-07-12,Russia,NA,Smolensk Oblast,949348,41,0,5069,0
2020-07-13,Russia,NA,Smolensk Oblast,949348,39,0,5108,0
2020-07-14,Russia,NA,Smolensk Oblast,949348,47,0,5155,0
2020-07-15,Russia,NA,Smolensk Oblast,949348,57,0,5212,0
2020-07-16,Russia,NA,Smolensk Oblast,949348,50,0,5262,0
2020-07-17,Russia,NA,Smolensk Oblast,949348,44,0,5306,0
2020-07-18,Russia,NA,Smolensk Oblast,949348,43,0,5349,0
2020-07-19,Russia,NA,Smolensk Oblast,949348,32,0,5381,0
2020-07-20,Russia,NA,Smolensk Oblast,949348,27,0,5408,0
2020-07-21,Russia,NA,Smolensk Oblast,949348,19,0,5427,0
2020-07-22,Russia,NA,Smolensk Oblast,949348,27,0,5454,0
2020-07-23,Russia,NA,Smolensk Oblast,949348,31,0,5485,0
2020-07-24,Russia,NA,Smolensk Oblast,949348,19,0,5504,0
2020-07-25,Russia,NA,Smolensk Oblast,949348,30,0,5534,0
2020-07-26,Russia,NA,Smolensk Oblast,949348,19,0,5553,0
2020-07-27,Russia,NA,Smolensk Oblast,949348,18,0,5571,0
2020-07-28,Russia,NA,Smolensk Oblast,949348,18,0,5589,0
2020-07-29,Russia,NA,Smolensk Oblast,949348,20,0,5609,0
2020-07-30,Russia,NA,Smolensk Oblast,949348,24,0,5633,0
2020-07-31,Russia,NA,Smolensk Oblast,949348,23,0,5656,0
2020-08-01,Russia,NA,Smolensk Oblast,949348,24,0,5680,0
2020-08-02,Russia,NA,Smolensk Oblast,949348,25,0,5705,0
2020-08-17,Russia,NA,Smolensk Oblast,949348,0,0,5949,120
2020-08-18,Russia,NA,Smolensk Oblast,949348,13,1,5962,121
2020-08-19,Russia,NA,Smolensk Oblast,949348,12,0,5974,121
2020-08-20,Russia,NA,Smolensk Oblast,949348,18,1,5992,122
2020-08-21,Russia,NA,Smolensk Oblast,949348,20,1,6012,123
2020-08-22,Russia,NA,Smolensk Oblast,949348,21,0,6033,123
2020-08-23,Russia,NA,Smolensk Oblast,949348,18,0,6051,123
2020-08-24,Russia,NA,Smolensk Oblast,949348,10,0,6061,123
2020-08-25,Russia,NA,Smolensk Oblast,949348,10,1,6071,124
2020-08-26,Russia,NA,Smolensk Oblast,949348,14,1,6085,125
2020-08-27,Russia,NA,Smolensk Oblast,949348,17,1,6102,126
2020-08-28,Russia,NA,Smolensk Oblast,949348,21,1,6123,127
2020-08-29,Russia,NA,Smolensk Oblast,949348,19,0,6142,127
2020-08-30,Russia,NA,Smolensk Oblast,949348,15,0,6157,127
2020-08-31,Russia,NA,Smolensk Oblast,949348,10,0,6167,127
2020-09-01,Russia,NA,Smolensk Oblast,949348,9,1,6176,128
2020-09-02,Russia,NA,Smolensk Oblast,949348,10,1,6186,129
2020-09-03,Russia,NA,Smolensk Oblast,949348,16,1,6202,130
2020-09-04,Russia,NA,Smolensk Oblast,949348,20,0,6222,130
2020-09-05,Russia,NA,Smolensk Oblast,949348,17,1,6239,131
2020-09-06,Russia,NA,Smolensk Oblast,949348,17,0,6256,131
2020-09-07,Russia,NA,Smolensk Oblast,949348,12,1,6268,132
2020-09-08,Russia,NA,Smolensk Oblast,949348,6,1,6274,133
2020-09-09,Russia,NA,Smolensk Oblast,949348,13,0,6287,133
2020-09-10,Russia,NA,Smolensk Oblast,949348,13,1,6300,134
2020-09-11,Russia,NA,Smolensk Oblast,949348,10,0,6310,134
2020-09-12,Russia,NA,Smolensk Oblast,949348,13,1,6323,135
2020-09-13,Russia,NA,Smolensk Oblast,949348,14,0,6337,135
2020-09-14,Russia,NA,Smolensk Oblast,949348,12,0,6349,135
2020-09-15,Russia,NA,Smolensk Oblast,949348,9,1,6358,136
2020-04-02,Russia,NA,Stavropol Krai,2800674,5,0,11,0
2020-04-06,Russia,NA,Stavropol Krai,2800674,9,0,20,0
2020-04-07,Russia,NA,Stavropol Krai,2800674,19,0,39,0
2020-04-09,Russia,NA,Stavropol Krai,2800674,3,0,42,0
2020-04-10,Russia,NA,Stavropol Krai,2800674,10,0,52,0
2020-04-11,Russia,NA,Stavropol Krai,2800674,14,0,66,0
2020-04-12,Russia,NA,Stavropol Krai,2800674,8,0,74,0
2020-04-13,Russia,NA,Stavropol Krai,2800674,12,0,86,0
2020-04-14,Russia,NA,Stavropol Krai,2800674,9,0,95,0
2020-04-15,Russia,NA,Stavropol Krai,2800674,20,0,115,0
2020-04-16,Russia,NA,Stavropol Krai,2800674,28,0,143,0
2020-04-17,Russia,NA,Stavropol Krai,2800674,12,0,155,0
2020-04-18,Russia,NA,Stavropol Krai,2800674,54,0,209,0
2020-04-19,Russia,NA,Stavropol Krai,2800674,23,0,232,0
2020-04-20,Russia,NA,Stavropol Krai,2800674,12,0,244,0
2020-04-21,Russia,NA,Stavropol Krai,2800674,22,0,266,0
2020-04-22,Russia,NA,Stavropol Krai,2800674,11,0,277,0
2020-04-23,Russia,NA,Stavropol Krai,2800674,55,0,332,0
2020-04-24,Russia,NA,Stavropol Krai,2800674,26,0,358,0
2020-04-25,Russia,NA,Stavropol Krai,2800674,27,0,385,0
2020-04-26,Russia,NA,Stavropol Krai,2800674,36,0,421,0
2020-04-27,Russia,NA,Stavropol Krai,2800674,33,0,454,0
2020-04-28,Russia,NA,Stavropol Krai,2800674,37,0,491,0
2020-04-29,Russia,NA,Stavropol Krai,2800674,28,0,519,0
2020-04-30,Russia,NA,Stavropol Krai,2800674,43,0,562,0
2020-05-01,Russia,NA,Stavropol Krai,2800674,89,0,651,0
2020-05-02,Russia,NA,Stavropol Krai,2800674,25,0,676,0
2020-05-03,Russia,NA,Stavropol Krai,2800674,55,0,731,0
2020-05-04,Russia,NA,Stavropol Krai,2800674,57,0,788,0
2020-05-05,Russia,NA,Stavropol Krai,2800674,36,0,824,0
2020-05-06,Russia,NA,Stavropol Krai,2800674,40,0,864,0
2020-05-07,Russia,NA,Stavropol Krai,2800674,23,0,887,0
2020-05-08,Russia,NA,Stavropol Krai,2800674,56,0,943,0
2020-05-09,Russia,NA,Stavropol Krai,2800674,69,0,1012,0
2020-05-10,Russia,NA,Stavropol Krai,2800674,38,0,1050,0
2020-05-11,Russia,NA,Stavropol Krai,2800674,34,0,1084,0
2020-05-12,Russia,NA,Stavropol Krai,2800674,41,0,1125,0
2020-05-13,Russia,NA,Stavropol Krai,2800674,51,0,1176,0
2020-05-14,Russia,NA,Stavropol Krai,2800674,72,0,1248,0
2020-05-15,Russia,NA,Stavropol Krai,2800674,60,0,1308,0
2020-05-16,Russia,NA,Stavropol Krai,2800674,59,0,1367,0
2020-05-17,Russia,NA,Stavropol Krai,2800674,98,0,1465,0
2020-05-18,Russia,NA,Stavropol Krai,2800674,65,0,1530,0
2020-05-19,Russia,NA,Stavropol Krai,2800674,70,0,1600,0
2020-05-20,Russia,NA,Stavropol Krai,2800674,59,0,1659,0
2020-05-21,Russia,NA,Stavropol Krai,2800674,69,0,1728,0
2020-05-22,Russia,NA,Stavropol Krai,2800674,53,0,1781,0
2020-05-23,Russia,NA,Stavropol Krai,2800674,74,0,1855,0
2020-05-24,Russia,NA,Stavropol Krai,2800674,77,0,1932,0
2020-05-25,Russia,NA,Stavropol Krai,2800674,79,0,2011,0
2020-05-26,Russia,NA,Stavropol Krai,2800674,75,0,2086,0
2020-05-27,Russia,NA,Stavropol Krai,2800674,72,0,2158,0
2020-05-28,Russia,NA,Stavropol Krai,2800674,80,0,2238,0
2020-05-29,Russia,NA,Stavropol Krai,2800674,82,0,2320,0
2020-05-30,Russia,NA,Stavropol Krai,2800674,84,0,2404,0
2020-05-31,Russia,NA,Stavropol Krai,2800674,81,0,2485,0
2020-06-01,Russia,NA,Stavropol Krai,2800674,83,0,2568,0
2020-06-02,Russia,NA,Stavropol Krai,2800674,85,0,2653,0
2020-06-03,Russia,NA,Stavropol Krai,2800674,80,0,2733,0
2020-06-04,Russia,NA,Stavropol Krai,2800674,86,0,2819,0
2020-06-05,Russia,NA,Stavropol Krai,2800674,84,0,2903,0
2020-06-06,Russia,NA,Stavropol Krai,2800674,87,0,2990,0
2020-06-07,Russia,NA,Stavropol Krai,2800674,89,0,3079,0
2020-06-08,Russia,NA,Stavropol Krai,2800674,88,0,3167,0
2020-06-09,Russia,NA,Stavropol Krai,2800674,86,0,3253,0
2020-06-10,Russia,NA,Stavropol Krai,2800674,85,0,3338,0
2020-06-11,Russia,NA,Stavropol Krai,2800674,87,0,3425,0
2020-06-12,Russia,NA,Stavropol Krai,2800674,84,0,3509,0
2020-06-13,Russia,NA,Stavropol Krai,2800674,85,0,3594,0
2020-06-14,Russia,NA,Stavropol Krai,2800674,83,0,3677,0
2020-06-15,Russia,NA,Stavropol Krai,2800674,82,0,3759,0
2020-06-16,Russia,NA,Stavropol Krai,2800674,86,0,3845,0
2020-06-17,Russia,NA,Stavropol Krai,2800674,83,0,3928,0
2020-06-18,Russia,NA,Stavropol Krai,2800674,90,0,4018,0
2020-06-19,Russia,NA,Stavropol Krai,2800674,137,0,4155,0
2020-06-20,Russia,NA,Stavropol Krai,2800674,93,0,4248,0
2020-06-21,Russia,NA,Stavropol Krai,2800674,101,0,4349,0
2020-06-22,Russia,NA,Stavropol Krai,2800674,102,0,4451,0
2020-06-23,Russia,NA,Stavropol Krai,2800674,90,0,4541,0
2020-06-24,Russia,NA,Stavropol Krai,2800674,75,0,4616,0
2020-06-25,Russia,NA,Stavropol Krai,2800674,79,0,4695,0
2020-06-26,Russia,NA,Stavropol Krai,2800674,76,0,4771,0
2020-06-27,Russia,NA,Stavropol Krai,2800674,104,0,4875,0
2020-06-28,Russia,NA,Stavropol Krai,2800674,98,0,4973,0
2020-06-29,Russia,NA,Stavropol Krai,2800674,90,0,5063,0
2020-06-30,Russia,NA,Stavropol Krai,2800674,78,0,5141,0
2020-07-01,Russia,NA,Stavropol Krai,2800674,84,0,5225,0
2020-07-02,Russia,NA,Stavropol Krai,2800674,93,0,5318,0
2020-07-03,Russia,NA,Stavropol Krai,2800674,73,0,5391,0
2020-07-04,Russia,NA,Stavropol Krai,2800674,96,0,5487,0
2020-07-05,Russia,NA,Stavropol Krai,2800674,82,0,5569,0
2020-07-06,Russia,NA,Stavropol Krai,2800674,80,0,5649,0
2020-07-07,Russia,NA,Stavropol Krai,2800674,79,0,5728,0
2020-07-08,Russia,NA,Stavropol Krai,2800674,85,0,5813,0
2020-07-09,Russia,NA,Stavropol Krai,2800674,79,0,5892,0
2020-07-10,Russia,NA,Stavropol Krai,2800674,83,0,5975,0
2020-07-11,Russia,NA,Stavropol Krai,2800674,79,0,6054,0
2020-07-12,Russia,NA,Stavropol Krai,2800674,110,0,6164,0
2020-07-13,Russia,NA,Stavropol Krai,2800674,75,0,6239,0
2020-07-14,Russia,NA,Stavropol Krai,2800674,64,0,6303,0
2020-07-15,Russia,NA,Stavropol Krai,2800674,91,0,6394,0
2020-07-16,Russia,NA,Stavropol Krai,2800674,102,0,6496,0
2020-07-17,Russia,NA,Stavropol Krai,2800674,129,0,6625,0
2020-07-18,Russia,NA,Stavropol Krai,2800674,141,0,6766,0
2020-07-19,Russia,NA,Stavropol Krai,2800674,123,0,6889,0
2020-07-20,Russia,NA,Stavropol Krai,2800674,101,0,6990,0
2020-07-21,Russia,NA,Stavropol Krai,2800674,109,0,7099,0
2020-07-22,Russia,NA,Stavropol Krai,2800674,96,0,7195,0
2020-07-23,Russia,NA,Stavropol Krai,2800674,125,0,7320,0
2020-07-24,Russia,NA,Stavropol Krai,2800674,131,0,7451,0
2020-07-25,Russia,NA,Stavropol Krai,2800674,118,0,7569,0
2020-07-26,Russia,NA,Stavropol Krai,2800674,109,0,7678,0
2020-07-27,Russia,NA,Stavropol Krai,2800674,92,0,7770,0
2020-07-28,Russia,NA,Stavropol Krai,2800674,110,0,7880,0
2020-07-29,Russia,NA,Stavropol Krai,2800674,119,0,7999,0
2020-07-30,Russia,NA,Stavropol Krai,2800674,110,0,8109,0
2020-07-31,Russia,NA,Stavropol Krai,2800674,114,0,8223,0
2020-08-01,Russia,NA,Stavropol Krai,2800674,118,0,8341,0
2020-08-02,Russia,NA,Stavropol Krai,2800674,108,0,8449,0
2020-08-17,Russia,NA,Stavropol Krai,2800674,0,0,10217,197
2020-08-18,Russia,NA,Stavropol Krai,2800674,128,3,10345,200
2020-08-19,Russia,NA,Stavropol Krai,2800674,135,3,10480,203
2020-08-20,Russia,NA,Stavropol Krai,2800674,129,3,10609,206
2020-08-21,Russia,NA,Stavropol Krai,2800674,132,3,10741,209
2020-08-22,Russia,NA,Stavropol Krai,2800674,128,3,10869,212
2020-08-23,Russia,NA,Stavropol Krai,2800674,126,3,10995,215
2020-08-24,Russia,NA,Stavropol Krai,2800674,129,1,11124,216
2020-08-25,Russia,NA,Stavropol Krai,2800674,123,2,11247,218
2020-08-26,Russia,NA,Stavropol Krai,2800674,114,3,11361,221
2020-08-27,Russia,NA,Stavropol Krai,2800674,120,3,11481,224
2020-08-28,Russia,NA,Stavropol Krai,2800674,125,3,11606,227
2020-08-29,Russia,NA,Stavropol Krai,2800674,124,3,11730,230
2020-08-30,Russia,NA,Stavropol Krai,2800674,127,3,11857,233
2020-08-31,Russia,NA,Stavropol Krai,2800674,128,4,11985,237
2020-09-01,Russia,NA,Stavropol Krai,2800674,125,3,12110,240
2020-09-02,Russia,NA,Stavropol Krai,2800674,127,1,12237,241
2020-09-03,Russia,NA,Stavropol Krai,2800674,130,3,12367,244
2020-09-04,Russia,NA,Stavropol Krai,2800674,132,3,12499,247
2020-09-05,Russia,NA,Stavropol Krai,2800674,129,3,12628,250
2020-09-06,Russia,NA,Stavropol Krai,2800674,126,0,12754,250
2020-09-07,Russia,NA,Stavropol Krai,2800674,124,2,12878,252
2020-09-08,Russia,NA,Stavropol Krai,2800674,124,2,13002,254
2020-09-09,Russia,NA,Stavropol Krai,2800674,127,3,13129,257
2020-09-10,Russia,NA,Stavropol Krai,2800674,129,3,13258,260
2020-09-11,Russia,NA,Stavropol Krai,2800674,133,3,13391,263
2020-09-12,Russia,NA,Stavropol Krai,2800674,135,2,13526,265
2020-09-13,Russia,NA,Stavropol Krai,2800674,137,3,13663,268
2020-09-14,Russia,NA,Stavropol Krai,2800674,136,3,13799,271
2020-09-15,Russia,NA,Stavropol Krai,2800674,134,3,13933,274
2020-03-24,Russia,NA,Sverdlovsk Oblast,4325256,4,0,13,0
2020-03-26,Russia,NA,Sverdlovsk Oblast,4325256,7,0,20,0
2020-03-28,Russia,NA,Sverdlovsk Oblast,4325256,4,0,24,0
2020-03-31,Russia,NA,Sverdlovsk Oblast,4325256,9,0,33,0
2020-04-02,Russia,NA,Sverdlovsk Oblast,4325256,5,0,38,0
2020-04-03,Russia,NA,Sverdlovsk Oblast,4325256,1,0,39,0
2020-04-04,Russia,NA,Sverdlovsk Oblast,4325256,1,0,40,0
2020-04-06,Russia,NA,Sverdlovsk Oblast,4325256,4,0,44,0
2020-04-07,Russia,NA,Sverdlovsk Oblast,4325256,7,0,51,0
2020-04-08,Russia,NA,Sverdlovsk Oblast,4325256,5,0,56,0
2020-04-09,Russia,NA,Sverdlovsk Oblast,4325256,3,0,59,0
2020-04-10,Russia,NA,Sverdlovsk Oblast,4325256,2,0,61,0
2020-04-11,Russia,NA,Sverdlovsk Oblast,4325256,13,0,74,0
2020-04-12,Russia,NA,Sverdlovsk Oblast,4325256,4,0,78,0
2020-04-13,Russia,NA,Sverdlovsk Oblast,4325256,7,0,85,0
2020-04-14,Russia,NA,Sverdlovsk Oblast,4325256,8,0,93,0
2020-04-15,Russia,NA,Sverdlovsk Oblast,4325256,12,0,105,0
2020-04-16,Russia,NA,Sverdlovsk Oblast,4325256,6,0,111,0
2020-04-17,Russia,NA,Sverdlovsk Oblast,4325256,4,0,115,0
2020-04-18,Russia,NA,Sverdlovsk Oblast,4325256,11,0,126,0
2020-04-19,Russia,NA,Sverdlovsk Oblast,4325256,15,0,141,0
2020-04-20,Russia,NA,Sverdlovsk Oblast,4325256,8,0,149,0
2020-04-21,Russia,NA,Sverdlovsk Oblast,4325256,84,0,233,0
2020-04-22,Russia,NA,Sverdlovsk Oblast,4325256,10,0,243,0
2020-04-23,Russia,NA,Sverdlovsk Oblast,4325256,28,0,271,0
2020-04-24,Russia,NA,Sverdlovsk Oblast,4325256,33,0,304,0
2020-04-25,Russia,NA,Sverdlovsk Oblast,4325256,33,0,337,0
2020-04-26,Russia,NA,Sverdlovsk Oblast,4325256,58,0,395,0
2020-04-27,Russia,NA,Sverdlovsk Oblast,4325256,59,0,454,0
2020-04-28,Russia,NA,Sverdlovsk Oblast,4325256,85,0,539,0
2020-04-29,Russia,NA,Sverdlovsk Oblast,4325256,90,0,629,0
2020-04-30,Russia,NA,Sverdlovsk Oblast,4325256,74,0,703,0
2020-05-01,Russia,NA,Sverdlovsk Oblast,4325256,232,0,935,0
2020-05-02,Russia,NA,Sverdlovsk Oblast,4325256,81,0,1016,0
2020-05-03,Russia,NA,Sverdlovsk Oblast,4325256,75,0,1091,0
2020-05-04,Russia,NA,Sverdlovsk Oblast,4325256,53,0,1144,0
2020-05-05,Russia,NA,Sverdlovsk Oblast,4325256,133,0,1277,0
2020-05-06,Russia,NA,Sverdlovsk Oblast,4325256,76,0,1353,0
2020-05-07,Russia,NA,Sverdlovsk Oblast,4325256,76,0,1429,0
2020-05-08,Russia,NA,Sverdlovsk Oblast,4325256,155,0,1584,0
2020-05-09,Russia,NA,Sverdlovsk Oblast,4325256,121,0,1705,0
2020-05-10,Russia,NA,Sverdlovsk Oblast,4325256,139,0,1844,0
2020-05-11,Russia,NA,Sverdlovsk Oblast,4325256,108,0,1952,0
2020-05-12,Russia,NA,Sverdlovsk Oblast,4325256,211,0,2163,0
2020-05-13,Russia,NA,Sverdlovsk Oblast,4325256,135,0,2298,0
2020-05-14,Russia,NA,Sverdlovsk Oblast,4325256,64,0,2362,0
2020-05-15,Russia,NA,Sverdlovsk Oblast,4325256,104,0,2466,0
2020-05-16,Russia,NA,Sverdlovsk Oblast,4325256,105,0,2571,0
2020-05-17,Russia,NA,Sverdlovsk Oblast,4325256,160,0,2731,0
2020-05-18,Russia,NA,Sverdlovsk Oblast,4325256,130,0,2861,0
2020-05-19,Russia,NA,Sverdlovsk Oblast,4325256,138,0,2999,0
2020-05-20,Russia,NA,Sverdlovsk Oblast,4325256,135,0,3134,0
2020-05-21,Russia,NA,Sverdlovsk Oblast,4325256,174,0,3308,0
2020-05-22,Russia,NA,Sverdlovsk Oblast,4325256,135,0,3443,0
2020-05-23,Russia,NA,Sverdlovsk Oblast,4325256,171,0,3614,0
2020-05-24,Russia,NA,Sverdlovsk Oblast,4325256,90,0,3704,0
2020-05-25,Russia,NA,Sverdlovsk Oblast,4325256,279,0,3983,0
2020-05-26,Russia,NA,Sverdlovsk Oblast,4325256,207,0,4190,0
2020-05-27,Russia,NA,Sverdlovsk Oblast,4325256,235,0,4425,0
2020-05-28,Russia,NA,Sverdlovsk Oblast,4325256,268,0,4693,0
2020-05-29,Russia,NA,Sverdlovsk Oblast,4325256,230,0,4923,0
2020-05-30,Russia,NA,Sverdlovsk Oblast,4325256,261,0,5184,0
2020-05-31,Russia,NA,Sverdlovsk Oblast,4325256,265,0,5449,0
2020-06-01,Russia,NA,Sverdlovsk Oblast,4325256,283,0,5732,0
2020-06-02,Russia,NA,Sverdlovsk Oblast,4325256,292,0,6024,0
2020-06-03,Russia,NA,Sverdlovsk Oblast,4325256,357,0,6381,0
2020-06-04,Russia,NA,Sverdlovsk Oblast,4325256,298,0,6679,0
2020-06-05,Russia,NA,Sverdlovsk Oblast,4325256,251,0,6930,0
2020-06-06,Russia,NA,Sverdlovsk Oblast,4325256,249,0,7179,0
2020-06-07,Russia,NA,Sverdlovsk Oblast,4325256,240,0,7419,0
2020-06-08,Russia,NA,Sverdlovsk Oblast,4325256,249,0,7668,0
2020-06-09,Russia,NA,Sverdlovsk Oblast,4325256,242,0,7910,0
2020-06-10,Russia,NA,Sverdlovsk Oblast,4325256,284,0,8194,0
2020-06-11,Russia,NA,Sverdlovsk Oblast,4325256,312,0,8506,0
2020-06-12,Russia,NA,Sverdlovsk Oblast,4325256,320,0,8826,0
2020-06-13,Russia,NA,Sverdlovsk Oblast,4325256,245,0,9071,0
2020-06-14,Russia,NA,Sverdlovsk Oblast,4325256,254,0,9325,0
2020-06-15,Russia,NA,Sverdlovsk Oblast,4325256,233,0,9558,0
2020-06-16,Russia,NA,Sverdlovsk Oblast,4325256,231,0,9789,0
2020-06-17,Russia,NA,Sverdlovsk Oblast,4325256,227,0,10016,0
2020-06-18,Russia,NA,Sverdlovsk Oblast,4325256,231,0,10247,0
2020-06-19,Russia,NA,Sverdlovsk Oblast,4325256,254,0,10501,0
2020-06-20,Russia,NA,Sverdlovsk Oblast,4325256,224,0,10725,0
2020-06-21,Russia,NA,Sverdlovsk Oblast,4325256,207,0,10932,0
2020-06-22,Russia,NA,Sverdlovsk Oblast,4325256,197,0,11129,0
2020-06-23,Russia,NA,Sverdlovsk Oblast,4325256,182,0,11311,0
2020-06-24,Russia,NA,Sverdlovsk Oblast,4325256,181,0,11492,0
2020-06-25,Russia,NA,Sverdlovsk Oblast,4325256,192,0,11684,0
2020-06-26,Russia,NA,Sverdlovsk Oblast,4325256,193,0,11877,0
2020-06-27,Russia,NA,Sverdlovsk Oblast,4325256,216,0,12093,0
2020-06-28,Russia,NA,Sverdlovsk Oblast,4325256,209,0,12302,0
2020-06-29,Russia,NA,Sverdlovsk Oblast,4325256,214,0,12516,0
2020-06-30,Russia,NA,Sverdlovsk Oblast,4325256,276,0,12792,0
2020-07-01,Russia,NA,Sverdlovsk Oblast,4325256,256,0,13048,0
2020-07-02,Russia,NA,Sverdlovsk Oblast,4325256,224,0,13272,0
2020-07-03,Russia,NA,Sverdlovsk Oblast,4325256,227,0,13499,0
2020-07-04,Russia,NA,Sverdlovsk Oblast,4325256,268,0,13767,0
2020-07-05,Russia,NA,Sverdlovsk Oblast,4325256,266,0,14033,0
2020-07-06,Russia,NA,Sverdlovsk Oblast,4325256,270,0,14303,0
2020-07-07,Russia,NA,Sverdlovsk Oblast,4325256,226,0,14529,0
2020-07-08,Russia,NA,Sverdlovsk Oblast,4325256,263,0,14792,0
2020-07-09,Russia,NA,Sverdlovsk Oblast,4325256,276,0,15068,0
2020-07-10,Russia,NA,Sverdlovsk Oblast,4325256,275,0,15343,0
2020-07-11,Russia,NA,Sverdlovsk Oblast,4325256,280,0,15623,0
2020-07-12,Russia,NA,Sverdlovsk Oblast,4325256,286,0,15909,0
2020-07-13,Russia,NA,Sverdlovsk Oblast,4325256,218,0,16127,0
2020-07-14,Russia,NA,Sverdlovsk Oblast,4325256,245,0,16372,0
2020-07-15,Russia,NA,Sverdlovsk Oblast,4325256,263,0,16635,0
2020-07-16,Russia,NA,Sverdlovsk Oblast,4325256,349,0,16984,0
2020-07-17,Russia,NA,Sverdlovsk Oblast,4325256,301,0,17285,0
2020-07-18,Russia,NA,Sverdlovsk Oblast,4325256,259,0,17544,0
2020-07-19,Russia,NA,Sverdlovsk Oblast,4325256,245,0,17789,0
2020-07-20,Russia,NA,Sverdlovsk Oblast,4325256,234,0,18023,0
2020-07-21,Russia,NA,Sverdlovsk Oblast,4325256,227,0,18250,0
2020-07-22,Russia,NA,Sverdlovsk Oblast,4325256,234,0,18484,0
2020-07-23,Russia,NA,Sverdlovsk Oblast,4325256,249,0,18733,0
2020-07-24,Russia,NA,Sverdlovsk Oblast,4325256,248,0,18981,0
2020-07-25,Russia,NA,Sverdlovsk Oblast,4325256,251,0,19232,0
2020-07-26,Russia,NA,Sverdlovsk Oblast,4325256,241,0,19473,0
2020-07-27,Russia,NA,Sverdlovsk Oblast,4325256,252,0,19725,0
2020-07-28,Russia,NA,Sverdlovsk Oblast,4325256,209,0,19934,0
2020-07-29,Russia,NA,Sverdlovsk Oblast,4325256,223,0,20157,0
2020-07-30,Russia,NA,Sverdlovsk Oblast,4325256,215,0,20372,0
2020-07-31,Russia,NA,Sverdlovsk Oblast,4325256,210,0,20582,0
2020-08-01,Russia,NA,Sverdlovsk Oblast,4325256,202,0,20784,0
2020-08-02,Russia,NA,Sverdlovsk Oblast,4325256,199,0,20983,0
2020-08-17,Russia,NA,Sverdlovsk Oblast,4325256,0,0,23546,374
2020-08-18,Russia,NA,Sverdlovsk Oblast,4325256,149,2,23695,376
2020-08-19,Russia,NA,Sverdlovsk Oblast,4325256,147,6,23842,382
2020-08-20,Russia,NA,Sverdlovsk Oblast,4325256,139,6,23981,388
2020-08-21,Russia,NA,Sverdlovsk Oblast,4325256,124,8,24105,396
2020-08-22,Russia,NA,Sverdlovsk Oblast,4325256,121,7,24226,403
2020-08-23,Russia,NA,Sverdlovsk Oblast,4325256,129,0,24355,403
2020-08-24,Russia,NA,Sverdlovsk Oblast,4325256,127,6,24482,409
2020-08-25,Russia,NA,Sverdlovsk Oblast,4325256,116,11,24598,420
2020-08-26,Russia,NA,Sverdlovsk Oblast,4325256,122,12,24720,432
2020-08-27,Russia,NA,Sverdlovsk Oblast,4325256,119,3,24839,435
2020-08-28,Russia,NA,Sverdlovsk Oblast,4325256,121,6,24960,441
2020-08-29,Russia,NA,Sverdlovsk Oblast,4325256,116,7,25076,448
2020-08-30,Russia,NA,Sverdlovsk Oblast,4325256,120,0,25196,448
2020-08-31,Russia,NA,Sverdlovsk Oblast,4325256,119,2,25315,450
2020-09-01,Russia,NA,Sverdlovsk Oblast,4325256,117,4,25432,454
2020-09-02,Russia,NA,Sverdlovsk Oblast,4325256,115,6,25547,460
2020-09-03,Russia,NA,Sverdlovsk Oblast,4325256,121,6,25668,466
2020-09-04,Russia,NA,Sverdlovsk Oblast,4325256,123,4,25791,470
2020-09-05,Russia,NA,Sverdlovsk Oblast,4325256,119,5,25910,475
2020-09-06,Russia,NA,Sverdlovsk Oblast,4325256,128,2,26038,477
2020-09-07,Russia,NA,Sverdlovsk Oblast,4325256,125,2,26163,479
2020-09-08,Russia,NA,Sverdlovsk Oblast,4325256,123,4,26286,483
2020-09-09,Russia,NA,Sverdlovsk Oblast,4325256,115,12,26401,495
2020-09-10,Russia,NA,Sverdlovsk Oblast,4325256,126,14,26527,509
2020-09-11,Russia,NA,Sverdlovsk Oblast,4325256,133,3,26660,512
2020-09-12,Russia,NA,Sverdlovsk Oblast,4325256,128,10,26788,522
2020-09-13,Russia,NA,Sverdlovsk Oblast,4325256,131,0,26919,522
2020-09-14,Russia,NA,Sverdlovsk Oblast,4325256,129,2,27048,524
2020-09-15,Russia,NA,Sverdlovsk Oblast,4325256,124,9,27172,533
2020-04-06,Russia,NA,Tambov Oblast,1033552,8,0,15,0
2020-04-08,Russia,NA,Tambov Oblast,1033552,6,0,21,0
2020-04-10,Russia,NA,Tambov Oblast,1033552,12,0,33,0
2020-04-12,Russia,NA,Tambov Oblast,1033552,15,0,48,0
2020-04-14,Russia,NA,Tambov Oblast,1033552,35,0,83,0
2020-04-16,Russia,NA,Tambov Oblast,1033552,50,0,133,0
2020-04-18,Russia,NA,Tambov Oblast,1033552,32,0,165,0
2020-04-19,Russia,NA,Tambov Oblast,1033552,22,0,187,0
2020-04-20,Russia,NA,Tambov Oblast,1033552,22,0,209,0
2020-04-21,Russia,NA,Tambov Oblast,1033552,13,0,222,0
2020-04-22,Russia,NA,Tambov Oblast,1033552,18,0,240,0
2020-04-23,Russia,NA,Tambov Oblast,1033552,23,0,263,0
2020-04-24,Russia,NA,Tambov Oblast,1033552,35,0,298,0
2020-04-25,Russia,NA,Tambov Oblast,1033552,45,0,343,0
2020-04-26,Russia,NA,Tambov Oblast,1033552,56,0,399,0
2020-04-27,Russia,NA,Tambov Oblast,1033552,61,0,460,0
2020-04-28,Russia,NA,Tambov Oblast,1033552,33,0,493,0
2020-04-29,Russia,NA,Tambov Oblast,1033552,44,0,537,0
2020-04-30,Russia,NA,Tambov Oblast,1033552,75,0,612,0
2020-05-01,Russia,NA,Tambov Oblast,1033552,63,0,675,0
2020-05-02,Russia,NA,Tambov Oblast,1033552,54,0,729,0
2020-05-03,Russia,NA,Tambov Oblast,1033552,60,0,789,0
2020-05-04,Russia,NA,Tambov Oblast,1033552,53,0,842,0
2020-05-05,Russia,NA,Tambov Oblast,1033552,67,0,909,0
2020-05-06,Russia,NA,Tambov Oblast,1033552,62,0,971,0
2020-05-07,Russia,NA,Tambov Oblast,1033552,75,0,1046,0
2020-05-08,Russia,NA,Tambov Oblast,1033552,85,0,1131,0
2020-05-09,Russia,NA,Tambov Oblast,1033552,90,0,1221,0
2020-05-10,Russia,NA,Tambov Oblast,1033552,91,0,1312,0
2020-05-11,Russia,NA,Tambov Oblast,1033552,91,0,1403,0
2020-05-12,Russia,NA,Tambov Oblast,1033552,80,0,1483,0
2020-05-13,Russia,NA,Tambov Oblast,1033552,85,0,1568,0
2020-05-14,Russia,NA,Tambov Oblast,1033552,86,0,1654,0
2020-05-15,Russia,NA,Tambov Oblast,1033552,83,0,1737,0
2020-05-16,Russia,NA,Tambov Oblast,1033552,82,0,1819,0
2020-05-17,Russia,NA,Tambov Oblast,1033552,83,0,1902,0
2020-05-18,Russia,NA,Tambov Oblast,1033552,82,0,1984,0
2020-05-19,Russia,NA,Tambov Oblast,1033552,85,0,2069,0
2020-05-20,Russia,NA,Tambov Oblast,1033552,85,0,2154,0
2020-05-21,Russia,NA,Tambov Oblast,1033552,84,0,2238,0
2020-05-22,Russia,NA,Tambov Oblast,1033552,83,0,2321,0
2020-05-23,Russia,NA,Tambov Oblast,1033552,79,0,2400,0
2020-05-24,Russia,NA,Tambov Oblast,1033552,75,0,2475,0
2020-05-25,Russia,NA,Tambov Oblast,1033552,72,0,2547,0
2020-05-26,Russia,NA,Tambov Oblast,1033552,75,0,2622,0
2020-05-27,Russia,NA,Tambov Oblast,1033552,77,0,2699,0
2020-05-28,Russia,NA,Tambov Oblast,1033552,73,0,2772,0
2020-05-29,Russia,NA,Tambov Oblast,1033552,73,0,2845,0
2020-05-30,Russia,NA,Tambov Oblast,1033552,71,0,2916,0
2020-05-31,Russia,NA,Tambov Oblast,1033552,67,0,2983,0
2020-06-01,Russia,NA,Tambov Oblast,1033552,64,0,3047,0
2020-06-02,Russia,NA,Tambov Oblast,1033552,63,0,3110,0
2020-06-03,Russia,NA,Tambov Oblast,1033552,65,0,3175,0
2020-06-04,Russia,NA,Tambov Oblast,1033552,67,0,3242,0
2020-06-05,Russia,NA,Tambov Oblast,1033552,65,0,3307,0
2020-06-06,Russia,NA,Tambov Oblast,1033552,64,0,3371,0
2020-06-07,Russia,NA,Tambov Oblast,1033552,68,0,3439,0
2020-06-08,Russia,NA,Tambov Oblast,1033552,65,0,3504,0
2020-06-09,Russia,NA,Tambov Oblast,1033552,65,0,3569,0
2020-06-10,Russia,NA,Tambov Oblast,1033552,67,0,3636,0
2020-06-11,Russia,NA,Tambov Oblast,1033552,68,0,3704,0
2020-06-12,Russia,NA,Tambov Oblast,1033552,66,0,3770,0
2020-06-13,Russia,NA,Tambov Oblast,1033552,64,0,3834,0
2020-06-14,Russia,NA,Tambov Oblast,1033552,63,0,3897,0
2020-06-15,Russia,NA,Tambov Oblast,1033552,65,0,3962,0
2020-06-16,Russia,NA,Tambov Oblast,1033552,64,0,4026,0
2020-06-17,Russia,NA,Tambov Oblast,1033552,62,0,4088,0
2020-06-18,Russia,NA,Tambov Oblast,1033552,64,0,4152,0
2020-06-19,Russia,NA,Tambov Oblast,1033552,58,0,4210,0
2020-06-20,Russia,NA,Tambov Oblast,1033552,55,0,4265,0
2020-06-21,Russia,NA,Tambov Oblast,1033552,53,0,4318,0
2020-06-22,Russia,NA,Tambov Oblast,1033552,50,0,4368,0
2020-06-23,Russia,NA,Tambov Oblast,1033552,45,0,4413,0
2020-06-24,Russia,NA,Tambov Oblast,1033552,44,0,4457,0
2020-06-25,Russia,NA,Tambov Oblast,1033552,46,0,4503,0
2020-06-26,Russia,NA,Tambov Oblast,1033552,45,0,4548,0
2020-06-27,Russia,NA,Tambov Oblast,1033552,44,0,4592,0
2020-06-28,Russia,NA,Tambov Oblast,1033552,45,0,4637,0
2020-06-29,Russia,NA,Tambov Oblast,1033552,44,0,4681,0
2020-06-30,Russia,NA,Tambov Oblast,1033552,46,0,4727,0
2020-07-01,Russia,NA,Tambov Oblast,1033552,45,0,4772,0
2020-07-02,Russia,NA,Tambov Oblast,1033552,44,0,4816,0
2020-07-03,Russia,NA,Tambov Oblast,1033552,43,0,4859,0
2020-07-04,Russia,NA,Tambov Oblast,1033552,42,0,4901,0
2020-07-05,Russia,NA,Tambov Oblast,1033552,43,0,4944,0
2020-07-06,Russia,NA,Tambov Oblast,1033552,44,0,4988,0
2020-07-07,Russia,NA,Tambov Oblast,1033552,42,0,5030,0
2020-07-08,Russia,NA,Tambov Oblast,1033552,43,0,5073,0
2020-07-09,Russia,NA,Tambov Oblast,1033552,41,0,5114,0
2020-07-10,Russia,NA,Tambov Oblast,1033552,43,0,5157,0
2020-07-11,Russia,NA,Tambov Oblast,1033552,42,0,5199,0
2020-07-12,Russia,NA,Tambov Oblast,1033552,40,0,5239,0
2020-07-13,Russia,NA,Tambov Oblast,1033552,41,0,5280,0
2020-07-14,Russia,NA,Tambov Oblast,1033552,40,0,5320,0
2020-07-15,Russia,NA,Tambov Oblast,1033552,41,0,5361,0
2020-07-16,Russia,NA,Tambov Oblast,1033552,40,0,5401,0
2020-07-17,Russia,NA,Tambov Oblast,1033552,42,0,5443,0
2020-07-18,Russia,NA,Tambov Oblast,1033552,41,0,5484,0
2020-07-19,Russia,NA,Tambov Oblast,1033552,40,0,5524,0
2020-07-20,Russia,NA,Tambov Oblast,1033552,42,0,5566,0
2020-07-21,Russia,NA,Tambov Oblast,1033552,41,0,5607,0
2020-07-22,Russia,NA,Tambov Oblast,1033552,42,0,5649,0
2020-07-23,Russia,NA,Tambov Oblast,1033552,40,0,5689,0
2020-07-24,Russia,NA,Tambov Oblast,1033552,39,0,5728,0
2020-07-25,Russia,NA,Tambov Oblast,1033552,38,0,5766,0
2020-07-26,Russia,NA,Tambov Oblast,1033552,39,0,5805,0
2020-07-27,Russia,NA,Tambov Oblast,1033552,37,0,5842,0
2020-07-28,Russia,NA,Tambov Oblast,1033552,36,0,5878,0
2020-07-29,Russia,NA,Tambov Oblast,1033552,48,0,5926,0
2020-07-30,Russia,NA,Tambov Oblast,1033552,33,0,5959,0
2020-07-31,Russia,NA,Tambov Oblast,1033552,31,0,5990,0
2020-08-01,Russia,NA,Tambov Oblast,1033552,29,0,6019,0
2020-08-02,Russia,NA,Tambov Oblast,1033552,28,0,6047,0
2020-08-17,Russia,NA,Tambov Oblast,1033552,0,0,6432,44
2020-08-18,Russia,NA,Tambov Oblast,1033552,23,0,6455,44
2020-08-19,Russia,NA,Tambov Oblast,1033552,22,0,6477,44
2020-08-20,Russia,NA,Tambov Oblast,1033552,22,0,6499,44
2020-08-21,Russia,NA,Tambov Oblast,1033552,22,0,6521,44
2020-08-22,Russia,NA,Tambov Oblast,1033552,22,0,6543,44
2020-08-23,Russia,NA,Tambov Oblast,1033552,22,0,6565,44
2020-08-24,Russia,NA,Tambov Oblast,1033552,22,0,6587,44
2020-08-25,Russia,NA,Tambov Oblast,1033552,23,0,6610,44
2020-08-26,Russia,NA,Tambov Oblast,1033552,23,1,6633,45
2020-08-27,Russia,NA,Tambov Oblast,1033552,22,0,6655,45
2020-08-28,Russia,NA,Tambov Oblast,1033552,23,0,6678,45
2020-08-29,Russia,NA,Tambov Oblast,1033552,23,0,6701,45
2020-08-30,Russia,NA,Tambov Oblast,1033552,25,0,6726,45
2020-08-31,Russia,NA,Tambov Oblast,1033552,25,0,6751,45
2020-09-01,Russia,NA,Tambov Oblast,1033552,25,0,6776,45
2020-09-02,Russia,NA,Tambov Oblast,1033552,25,0,6801,45
2020-09-03,Russia,NA,Tambov Oblast,1033552,26,0,6827,45
2020-09-04,Russia,NA,Tambov Oblast,1033552,26,0,6853,45
2020-09-05,Russia,NA,Tambov Oblast,1033552,26,0,6879,45
2020-09-06,Russia,NA,Tambov Oblast,1033552,26,0,6905,45
2020-09-07,Russia,NA,Tambov Oblast,1033552,26,0,6931,45
2020-09-08,Russia,NA,Tambov Oblast,1033552,27,1,6958,46
2020-09-09,Russia,NA,Tambov Oblast,1033552,27,0,6985,46
2020-09-10,Russia,NA,Tambov Oblast,1033552,27,0,7012,46
2020-09-11,Russia,NA,Tambov Oblast,1033552,27,0,7039,46
2020-09-12,Russia,NA,Tambov Oblast,1033552,28,0,7067,46
2020-09-13,Russia,NA,Tambov Oblast,1033552,28,0,7095,46
2020-09-14,Russia,NA,Tambov Oblast,1033552,29,0,7124,46
2020-09-15,Russia,NA,Tambov Oblast,1033552,29,0,7153,46
2020-03-27,Russia,NA,Tatarstan,3894284,1,0,11,0
2020-03-28,Russia,NA,Tatarstan,3894284,3,0,14,0
2020-03-31,Russia,NA,Tatarstan,3894284,5,0,19,0
2020-04-03,Russia,NA,Tatarstan,3894284,6,0,25,0
2020-04-06,Russia,NA,Tatarstan,3894284,16,0,41,0
2020-04-09,Russia,NA,Tatarstan,3894284,9,0,50,0
2020-04-11,Russia,NA,Tatarstan,3894284,23,0,73,0
2020-04-13,Russia,NA,Tatarstan,3894284,11,0,84,0
2020-04-14,Russia,NA,Tatarstan,3894284,23,0,107,0
2020-04-16,Russia,NA,Tatarstan,3894284,21,0,128,0
2020-04-17,Russia,NA,Tatarstan,3894284,16,0,144,0
2020-04-18,Russia,NA,Tatarstan,3894284,16,0,160,0
2020-04-19,Russia,NA,Tatarstan,3894284,31,0,191,0
2020-04-20,Russia,NA,Tatarstan,3894284,39,0,230,0
2020-04-21,Russia,NA,Tatarstan,3894284,50,0,280,0
2020-04-22,Russia,NA,Tatarstan,3894284,75,0,355,0
2020-04-23,Russia,NA,Tatarstan,3894284,57,0,412,0
2020-04-24,Russia,NA,Tatarstan,3894284,14,0,426,0
2020-04-25,Russia,NA,Tatarstan,3894284,65,0,491,0
2020-04-26,Russia,NA,Tatarstan,3894284,71,0,562,0
2020-04-27,Russia,NA,Tatarstan,3894284,70,0,632,0
2020-04-28,Russia,NA,Tatarstan,3894284,65,0,697,0
2020-04-29,Russia,NA,Tatarstan,3894284,55,0,752,0
2020-04-30,Russia,NA,Tatarstan,3894284,71,0,823,0
2020-05-01,Russia,NA,Tatarstan,3894284,71,0,894,0
2020-05-02,Russia,NA,Tatarstan,3894284,66,0,960,0
2020-05-03,Russia,NA,Tatarstan,3894284,71,0,1031,0
2020-05-04,Russia,NA,Tatarstan,3894284,86,0,1117,0
2020-05-05,Russia,NA,Tatarstan,3894284,91,0,1208,0
2020-05-06,Russia,NA,Tatarstan,3894284,102,0,1310,0
2020-05-07,Russia,NA,Tatarstan,3894284,105,0,1415,0
2020-05-08,Russia,NA,Tatarstan,3894284,83,0,1498,0
2020-05-09,Russia,NA,Tatarstan,3894284,88,0,1586,0
2020-05-10,Russia,NA,Tatarstan,3894284,85,0,1671,0
2020-05-11,Russia,NA,Tatarstan,3894284,90,0,1761,0
2020-05-12,Russia,NA,Tatarstan,3894284,71,0,1832,0
2020-05-13,Russia,NA,Tatarstan,3894284,87,0,1919,0
2020-05-14,Russia,NA,Tatarstan,3894284,61,0,1980,0
2020-05-15,Russia,NA,Tatarstan,3894284,84,0,2064,0
2020-05-16,Russia,NA,Tatarstan,3894284,84,0,2148,0
2020-05-17,Russia,NA,Tatarstan,3894284,84,0,2232,0
2020-05-18,Russia,NA,Tatarstan,3894284,80,0,2312,0
2020-05-19,Russia,NA,Tatarstan,3894284,88,0,2400,0
2020-05-20,Russia,NA,Tatarstan,3894284,75,0,2475,0
2020-05-21,Russia,NA,Tatarstan,3894284,71,0,2546,0
2020-05-22,Russia,NA,Tatarstan,3894284,75,0,2621,0
2020-05-23,Russia,NA,Tatarstan,3894284,76,0,2697,0
2020-05-24,Russia,NA,Tatarstan,3894284,90,0,2787,0
2020-05-25,Russia,NA,Tatarstan,3894284,62,0,2849,0
2020-05-26,Russia,NA,Tatarstan,3894284,63,0,2912,0
2020-05-27,Russia,NA,Tatarstan,3894284,54,0,2966,0
2020-05-28,Russia,NA,Tatarstan,3894284,60,0,3026,0
2020-05-29,Russia,NA,Tatarstan,3894284,53,0,3079,0
2020-05-30,Russia,NA,Tatarstan,3894284,63,0,3142,0
2020-05-31,Russia,NA,Tatarstan,3894284,52,0,3194,0
2020-06-01,Russia,NA,Tatarstan,3894284,50,0,3244,0
2020-06-02,Russia,NA,Tatarstan,3894284,53,0,3297,0
2020-06-03,Russia,NA,Tatarstan,3894284,54,0,3351,0
2020-06-04,Russia,NA,Tatarstan,3894284,51,0,3402,0
2020-06-05,Russia,NA,Tatarstan,3894284,50,0,3452,0
2020-06-06,Russia,NA,Tatarstan,3894284,52,0,3504,0
2020-06-07,Russia,NA,Tatarstan,3894284,54,0,3558,0
2020-06-08,Russia,NA,Tatarstan,3894284,53,0,3611,0
2020-06-09,Russia,NA,Tatarstan,3894284,54,0,3665,0
2020-06-10,Russia,NA,Tatarstan,3894284,55,0,3720,0
2020-06-11,Russia,NA,Tatarstan,3894284,54,0,3774,0
2020-06-12,Russia,NA,Tatarstan,3894284,49,0,3823,0
2020-06-13,Russia,NA,Tatarstan,3894284,45,0,3868,0
2020-06-14,Russia,NA,Tatarstan,3894284,46,0,3914,0
2020-06-15,Russia,NA,Tatarstan,3894284,44,0,3958,0
2020-06-16,Russia,NA,Tatarstan,3894284,43,0,4001,0
2020-06-17,Russia,NA,Tatarstan,3894284,39,0,4040,0
2020-06-18,Russia,NA,Tatarstan,3894284,38,0,4078,0
2020-06-19,Russia,NA,Tatarstan,3894284,36,0,4114,0
2020-06-20,Russia,NA,Tatarstan,3894284,38,0,4152,0
2020-06-21,Russia,NA,Tatarstan,3894284,40,0,4192,0
2020-06-22,Russia,NA,Tatarstan,3894284,39,0,4231,0
2020-06-23,Russia,NA,Tatarstan,3894284,40,0,4271,0
2020-06-24,Russia,NA,Tatarstan,3894284,39,0,4310,0
2020-06-25,Russia,NA,Tatarstan,3894284,40,0,4350,0
2020-06-26,Russia,NA,Tatarstan,3894284,40,0,4390,0
2020-06-27,Russia,NA,Tatarstan,3894284,41,0,4431,0
2020-06-28,Russia,NA,Tatarstan,3894284,41,0,4472,0
2020-06-29,Russia,NA,Tatarstan,3894284,42,0,4514,0
2020-06-30,Russia,NA,Tatarstan,3894284,41,0,4555,0
2020-07-01,Russia,NA,Tatarstan,3894284,40,0,4595,0
2020-07-02,Russia,NA,Tatarstan,3894284,39,0,4634,0
2020-07-03,Russia,NA,Tatarstan,3894284,39,0,4673,0
2020-07-04,Russia,NA,Tatarstan,3894284,38,0,4711,0
2020-07-05,Russia,NA,Tatarstan,3894284,38,0,4749,0
2020-07-06,Russia,NA,Tatarstan,3894284,38,0,4787,0
2020-07-07,Russia,NA,Tatarstan,3894284,36,0,4823,0
2020-07-08,Russia,NA,Tatarstan,3894284,35,0,4858,0
2020-07-09,Russia,NA,Tatarstan,3894284,35,0,4893,0
2020-07-10,Russia,NA,Tatarstan,3894284,36,0,4929,0
2020-07-11,Russia,NA,Tatarstan,3894284,35,0,4964,0
2020-07-12,Russia,NA,Tatarstan,3894284,33,0,4997,0
2020-07-13,Russia,NA,Tatarstan,3894284,32,0,5029,0
2020-07-14,Russia,NA,Tatarstan,3894284,32,0,5061,0
2020-07-15,Russia,NA,Tatarstan,3894284,32,0,5093,0
2020-07-16,Russia,NA,Tatarstan,3894284,33,0,5126,0
2020-07-17,Russia,NA,Tatarstan,3894284,31,0,5157,0
2020-07-18,Russia,NA,Tatarstan,3894284,29,0,5186,0
2020-07-19,Russia,NA,Tatarstan,3894284,29,0,5215,0
2020-07-20,Russia,NA,Tatarstan,3894284,33,0,5248,0
2020-07-21,Russia,NA,Tatarstan,3894284,30,0,5278,0
2020-07-22,Russia,NA,Tatarstan,3894284,31,0,5309,0
2020-07-23,Russia,NA,Tatarstan,3894284,32,0,5341,0
2020-07-24,Russia,NA,Tatarstan,3894284,31,0,5372,0
2020-07-25,Russia,NA,Tatarstan,3894284,32,0,5404,0
2020-07-26,Russia,NA,Tatarstan,3894284,32,0,5436,0
2020-07-27,Russia,NA,Tatarstan,3894284,33,0,5469,0
2020-07-28,Russia,NA,Tatarstan,3894284,32,0,5501,0
2020-07-29,Russia,NA,Tatarstan,3894284,33,0,5534,0
2020-07-30,Russia,NA,Tatarstan,3894284,35,0,5569,0
2020-07-31,Russia,NA,Tatarstan,3894284,33,0,5602,0
2020-08-01,Russia,NA,Tatarstan,3894284,31,0,5633,0
2020-08-02,Russia,NA,Tatarstan,3894284,31,0,5664,0
2020-04-14,Russia,NA,Tomsk Oblast,1078280,7,0,15,0
2020-04-16,Russia,NA,Tomsk Oblast,1078280,6,0,21,0
2020-04-18,Russia,NA,Tomsk Oblast,1078280,3,0,24,0
2020-04-19,Russia,NA,Tomsk Oblast,1078280,5,0,29,0
2020-04-20,Russia,NA,Tomsk Oblast,1078280,4,0,33,0
2020-04-21,Russia,NA,Tomsk Oblast,1078280,4,0,37,0
2020-04-22,Russia,NA,Tomsk Oblast,1078280,6,0,43,0
2020-04-23,Russia,NA,Tomsk Oblast,1078280,9,0,52,0
2020-04-24,Russia,NA,Tomsk Oblast,1078280,7,0,59,0
2020-04-25,Russia,NA,Tomsk Oblast,1078280,7,0,66,0
2020-04-26,Russia,NA,Tomsk Oblast,1078280,1,0,67,0
2020-04-27,Russia,NA,Tomsk Oblast,1078280,9,0,76,0
2020-04-28,Russia,NA,Tomsk Oblast,1078280,5,0,81,0
2020-04-29,Russia,NA,Tomsk Oblast,1078280,6,0,87,0
2020-04-30,Russia,NA,Tomsk Oblast,1078280,2,0,89,0
2020-05-01,Russia,NA,Tomsk Oblast,1078280,8,0,97,0
2020-05-02,Russia,NA,Tomsk Oblast,1078280,5,0,102,0
2020-05-03,Russia,NA,Tomsk Oblast,1078280,17,0,119,0
2020-05-04,Russia,NA,Tomsk Oblast,1078280,9,0,128,0
2020-05-05,Russia,NA,Tomsk Oblast,1078280,19,0,147,0
2020-05-06,Russia,NA,Tomsk Oblast,1078280,13,0,160,0
2020-05-07,Russia,NA,Tomsk Oblast,1078280,2,0,162,0
2020-05-08,Russia,NA,Tomsk Oblast,1078280,14,0,176,0
2020-05-09,Russia,NA,Tomsk Oblast,1078280,15,0,191,0
2020-05-10,Russia,NA,Tomsk Oblast,1078280,19,0,210,0
2020-05-11,Russia,NA,Tomsk Oblast,1078280,69,0,279,0
2020-05-12,Russia,NA,Tomsk Oblast,1078280,15,0,294,0
2020-05-13,Russia,NA,Tomsk Oblast,1078280,17,0,311,0
2020-05-14,Russia,NA,Tomsk Oblast,1078280,9,0,320,0
2020-05-15,Russia,NA,Tomsk Oblast,1078280,9,0,329,0
2020-05-16,Russia,NA,Tomsk Oblast,1078280,14,0,343,0
2020-05-17,Russia,NA,Tomsk Oblast,1078280,20,0,363,0
2020-05-18,Russia,NA,Tomsk Oblast,1078280,18,0,381,0
2020-05-19,Russia,NA,Tomsk Oblast,1078280,16,0,397,0
2020-05-20,Russia,NA,Tomsk Oblast,1078280,12,0,409,0
2020-05-21,Russia,NA,Tomsk Oblast,1078280,20,0,429,0
2020-05-22,Russia,NA,Tomsk Oblast,1078280,21,0,450,0
2020-05-23,Russia,NA,Tomsk Oblast,1078280,29,0,479,0
2020-05-24,Russia,NA,Tomsk Oblast,1078280,28,0,507,0
2020-05-25,Russia,NA,Tomsk Oblast,1078280,29,0,536,0
2020-05-26,Russia,NA,Tomsk Oblast,1078280,28,0,564,0
2020-05-27,Russia,NA,Tomsk Oblast,1078280,31,0,595,0
2020-05-28,Russia,NA,Tomsk Oblast,1078280,27,0,622,0
2020-05-29,Russia,NA,Tomsk Oblast,1078280,23,0,645,0
2020-05-30,Russia,NA,Tomsk Oblast,1078280,22,0,667,0
2020-05-31,Russia,NA,Tomsk Oblast,1078280,21,0,688,0
2020-06-01,Russia,NA,Tomsk Oblast,1078280,28,0,716,0
2020-06-02,Russia,NA,Tomsk Oblast,1078280,23,0,739,0
2020-06-03,Russia,NA,Tomsk Oblast,1078280,26,0,765,0
2020-06-04,Russia,NA,Tomsk Oblast,1078280,32,0,797,0
2020-06-05,Russia,NA,Tomsk Oblast,1078280,35,0,832,0
2020-06-06,Russia,NA,Tomsk Oblast,1078280,36,0,868,0
2020-06-07,Russia,NA,Tomsk Oblast,1078280,54,0,922,0
2020-06-08,Russia,NA,Tomsk Oblast,1078280,49,0,971,0
2020-06-09,Russia,NA,Tomsk Oblast,1078280,47,0,1018,0
2020-06-10,Russia,NA,Tomsk Oblast,1078280,48,0,1066,0
2020-06-11,Russia,NA,Tomsk Oblast,1078280,50,0,1116,0
2020-06-12,Russia,NA,Tomsk Oblast,1078280,51,0,1167,0
2020-06-13,Russia,NA,Tomsk Oblast,1078280,48,0,1215,0
2020-06-14,Russia,NA,Tomsk Oblast,1078280,53,0,1268,0
2020-06-15,Russia,NA,Tomsk Oblast,1078280,46,0,1314,0
2020-06-16,Russia,NA,Tomsk Oblast,1078280,56,0,1370,0
2020-06-17,Russia,NA,Tomsk Oblast,1078280,56,0,1426,0
2020-06-18,Russia,NA,Tomsk Oblast,1078280,89,0,1515,0
2020-06-19,Russia,NA,Tomsk Oblast,1078280,83,0,1598,0
2020-06-20,Russia,NA,Tomsk Oblast,1078280,69,0,1667,0
2020-06-21,Russia,NA,Tomsk Oblast,1078280,58,0,1725,0
2020-06-22,Russia,NA,Tomsk Oblast,1078280,60,0,1785,0
2020-06-23,Russia,NA,Tomsk Oblast,1078280,61,0,1846,0
2020-06-24,Russia,NA,Tomsk Oblast,1078280,63,0,1909,0
2020-06-25,Russia,NA,Tomsk Oblast,1078280,59,0,1968,0
2020-06-26,Russia,NA,Tomsk Oblast,1078280,63,0,2031,0
2020-06-27,Russia,NA,Tomsk Oblast,1078280,58,0,2089,0
2020-06-28,Russia,NA,Tomsk Oblast,1078280,55,0,2144,0
2020-06-29,Russia,NA,Tomsk Oblast,1078280,53,0,2197,0
2020-06-30,Russia,NA,Tomsk Oblast,1078280,57,0,2254,0
2020-07-01,Russia,NA,Tomsk Oblast,1078280,53,0,2307,0
2020-07-02,Russia,NA,Tomsk Oblast,1078280,57,0,2364,0
2020-07-03,Russia,NA,Tomsk Oblast,1078280,53,0,2417,0
2020-07-04,Russia,NA,Tomsk Oblast,1078280,63,0,2480,0
2020-07-05,Russia,NA,Tomsk Oblast,1078280,77,0,2557,0
2020-07-06,Russia,NA,Tomsk Oblast,1078280,51,0,2608,0
2020-07-07,Russia,NA,Tomsk Oblast,1078280,53,0,2661,0
2020-07-08,Russia,NA,Tomsk Oblast,1078280,56,0,2717,0
2020-07-09,Russia,NA,Tomsk Oblast,1078280,54,0,2771,0
2020-07-10,Russia,NA,Tomsk Oblast,1078280,75,0,2846,0
2020-07-11,Russia,NA,Tomsk Oblast,1078280,69,0,2915,0
2020-07-12,Russia,NA,Tomsk Oblast,1078280,59,0,2974,0
2020-07-13,Russia,NA,Tomsk Oblast,1078280,67,0,3041,0
2020-07-14,Russia,NA,Tomsk Oblast,1078280,71,0,3112,0
2020-07-15,Russia,NA,Tomsk Oblast,1078280,61,0,3173,0
2020-07-16,Russia,NA,Tomsk Oblast,1078280,89,0,3262,0
2020-07-17,Russia,NA,Tomsk Oblast,1078280,52,0,3314,0
2020-07-18,Russia,NA,Tomsk Oblast,1078280,61,0,3375,0
2020-07-19,Russia,NA,Tomsk Oblast,1078280,60,0,3435,0
2020-07-20,Russia,NA,Tomsk Oblast,1078280,58,0,3493,0
2020-07-21,Russia,NA,Tomsk Oblast,1078280,115,0,3608,0
2020-07-22,Russia,NA,Tomsk Oblast,1078280,53,0,3661,0
2020-07-23,Russia,NA,Tomsk Oblast,1078280,56,0,3717,0
2020-07-24,Russia,NA,Tomsk Oblast,1078280,49,0,3766,0
2020-07-25,Russia,NA,Tomsk Oblast,1078280,55,0,3821,0
2020-07-26,Russia,NA,Tomsk Oblast,1078280,51,0,3872,0
2020-07-27,Russia,NA,Tomsk Oblast,1078280,54,0,3926,0
2020-07-28,Russia,NA,Tomsk Oblast,1078280,53,0,3979,0
2020-07-29,Russia,NA,Tomsk Oblast,1078280,61,0,4040,0
2020-07-30,Russia,NA,Tomsk Oblast,1078280,51,0,4091,0
2020-07-31,Russia,NA,Tomsk Oblast,1078280,59,0,4150,0
2020-08-01,Russia,NA,Tomsk Oblast,1078280,60,0,4210,0
2020-08-02,Russia,NA,Tomsk Oblast,1078280,51,0,4261,0
2020-08-17,Russia,NA,Tomsk Oblast,1078280,0,0,5024,54
2020-08-18,Russia,NA,Tomsk Oblast,1078280,44,0,5068,54
2020-08-19,Russia,NA,Tomsk Oblast,1078280,42,0,5110,54
2020-08-20,Russia,NA,Tomsk Oblast,1078280,40,3,5150,57
2020-08-21,Russia,NA,Tomsk Oblast,1078280,41,0,5191,57
2020-08-22,Russia,NA,Tomsk Oblast,1078280,51,2,5242,59
2020-08-23,Russia,NA,Tomsk Oblast,1078280,45,0,5287,59
2020-08-24,Russia,NA,Tomsk Oblast,1078280,44,0,5331,59
2020-08-25,Russia,NA,Tomsk Oblast,1078280,40,3,5371,62
2020-08-26,Russia,NA,Tomsk Oblast,1078280,38,0,5409,62
2020-08-27,Russia,NA,Tomsk Oblast,1078280,43,2,5452,64
2020-08-28,Russia,NA,Tomsk Oblast,1078280,42,1,5494,65
2020-08-29,Russia,NA,Tomsk Oblast,1078280,42,1,5536,66
2020-08-30,Russia,NA,Tomsk Oblast,1078280,60,1,5596,67
2020-08-31,Russia,NA,Tomsk Oblast,1078280,110,2,5706,69
2020-09-01,Russia,NA,Tomsk Oblast,1078280,42,0,5748,69
2020-09-02,Russia,NA,Tomsk Oblast,1078280,47,0,5795,69
2020-09-03,Russia,NA,Tomsk Oblast,1078280,44,0,5839,69
2020-09-04,Russia,NA,Tomsk Oblast,1078280,51,2,5890,71
2020-09-05,Russia,NA,Tomsk Oblast,1078280,52,0,5942,71
2020-09-06,Russia,NA,Tomsk Oblast,1078280,52,1,5994,72
2020-09-07,Russia,NA,Tomsk Oblast,1078280,45,0,6039,72
2020-09-08,Russia,NA,Tomsk Oblast,1078280,55,0,6094,72
2020-09-09,Russia,NA,Tomsk Oblast,1078280,53,2,6147,74
2020-09-10,Russia,NA,Tomsk Oblast,1078280,56,0,6203,74
2020-09-11,Russia,NA,Tomsk Oblast,1078280,61,1,6264,75
2020-09-12,Russia,NA,Tomsk Oblast,1078280,55,0,6319,75
2020-09-13,Russia,NA,Tomsk Oblast,1078280,50,1,6369,76
2020-09-14,Russia,NA,Tomsk Oblast,1078280,52,0,6421,76
2020-09-15,Russia,NA,Tomsk Oblast,1078280,58,1,6479,77
2020-03-28,Russia,NA,Tula Oblast,1491855,3,0,11,0
2020-03-30,Russia,NA,Tula Oblast,1491855,1,0,12,0
2020-04-01,Russia,NA,Tula Oblast,1491855,5,0,17,0
2020-04-04,Russia,NA,Tula Oblast,1491855,2,0,19,0
2020-04-05,Russia,NA,Tula Oblast,1491855,10,0,29,0
2020-04-06,Russia,NA,Tula Oblast,1491855,10,0,39,0
2020-04-07,Russia,NA,Tula Oblast,1491855,10,0,49,0
2020-04-08,Russia,NA,Tula Oblast,1491855,5,0,54,0
2020-04-09,Russia,NA,Tula Oblast,1491855,12,0,66,0
2020-04-10,Russia,NA,Tula Oblast,1491855,5,0,71,0
2020-04-12,Russia,NA,Tula Oblast,1491855,4,0,75,0
2020-04-13,Russia,NA,Tula Oblast,1491855,11,0,86,0
2020-04-15,Russia,NA,Tula Oblast,1491855,45,0,131,0
2020-04-16,Russia,NA,Tula Oblast,1491855,44,0,175,0
2020-04-17,Russia,NA,Tula Oblast,1491855,25,0,200,0
2020-04-18,Russia,NA,Tula Oblast,1491855,30,0,230,0
2020-04-19,Russia,NA,Tula Oblast,1491855,58,0,288,0
2020-04-20,Russia,NA,Tula Oblast,1491855,22,0,310,0
2020-04-21,Russia,NA,Tula Oblast,1491855,75,0,385,0
2020-04-22,Russia,NA,Tula Oblast,1491855,52,0,437,0
2020-04-23,Russia,NA,Tula Oblast,1491855,25,0,462,0
2020-04-24,Russia,NA,Tula Oblast,1491855,44,0,506,0
2020-04-25,Russia,NA,Tula Oblast,1491855,73,0,579,0
2020-04-26,Russia,NA,Tula Oblast,1491855,66,0,645,0
2020-04-27,Russia,NA,Tula Oblast,1491855,69,0,714,0
2020-04-28,Russia,NA,Tula Oblast,1491855,70,0,784,0
2020-04-29,Russia,NA,Tula Oblast,1491855,90,0,874,0
2020-04-30,Russia,NA,Tula Oblast,1491855,92,0,966,0
2020-05-01,Russia,NA,Tula Oblast,1491855,82,0,1048,0
2020-05-02,Russia,NA,Tula Oblast,1491855,88,0,1136,0
2020-05-03,Russia,NA,Tula Oblast,1491855,83,0,1219,0
2020-05-04,Russia,NA,Tula Oblast,1491855,75,0,1294,0
2020-05-05,Russia,NA,Tula Oblast,1491855,75,0,1369,0
2020-05-06,Russia,NA,Tula Oblast,1491855,77,0,1446,0
2020-05-07,Russia,NA,Tula Oblast,1491855,85,0,1531,0
2020-05-08,Russia,NA,Tula Oblast,1491855,90,0,1621,0
2020-05-09,Russia,NA,Tula Oblast,1491855,86,0,1707,0
2020-05-10,Russia,NA,Tula Oblast,1491855,89,0,1796,0
2020-05-11,Russia,NA,Tula Oblast,1491855,86,0,1882,0
2020-05-12,Russia,NA,Tula Oblast,1491855,90,0,1972,0
2020-05-13,Russia,NA,Tula Oblast,1491855,89,0,2061,0
2020-05-14,Russia,NA,Tula Oblast,1491855,98,0,2159,0
2020-05-15,Russia,NA,Tula Oblast,1491855,105,0,2264,0
2020-05-16,Russia,NA,Tula Oblast,1491855,101,0,2365,0
2020-05-17,Russia,NA,Tula Oblast,1491855,97,0,2462,0
2020-05-18,Russia,NA,Tula Oblast,1491855,84,0,2546,0
2020-05-19,Russia,NA,Tula Oblast,1491855,92,0,2638,0
2020-05-20,Russia,NA,Tula Oblast,1491855,98,0,2736,0
2020-05-21,Russia,NA,Tula Oblast,1491855,89,0,2825,0
2020-05-22,Russia,NA,Tula Oblast,1491855,91,0,2916,0
2020-05-23,Russia,NA,Tula Oblast,1491855,90,0,3006,0
2020-05-24,Russia,NA,Tula Oblast,1491855,97,0,3103,0
2020-05-25,Russia,NA,Tula Oblast,1491855,111,0,3214,0
2020-05-26,Russia,NA,Tula Oblast,1491855,105,0,3319,0
2020-05-27,Russia,NA,Tula Oblast,1491855,104,0,3423,0
2020-05-28,Russia,NA,Tula Oblast,1491855,110,0,3533,0
2020-05-29,Russia,NA,Tula Oblast,1491855,112,0,3645,0
2020-05-30,Russia,NA,Tula Oblast,1491855,107,0,3752,0
2020-05-31,Russia,NA,Tula Oblast,1491855,104,0,3856,0
2020-06-01,Russia,NA,Tula Oblast,1491855,113,0,3969,0
2020-06-02,Russia,NA,Tula Oblast,1491855,106,0,4075,0
2020-06-03,Russia,NA,Tula Oblast,1491855,109,0,4184,0
2020-06-04,Russia,NA,Tula Oblast,1491855,110,0,4294,0
2020-06-05,Russia,NA,Tula Oblast,1491855,105,0,4399,0
2020-06-06,Russia,NA,Tula Oblast,1491855,107,0,4506,0
2020-06-07,Russia,NA,Tula Oblast,1491855,115,0,4621,0
2020-06-08,Russia,NA,Tula Oblast,1491855,114,0,4735,0
2020-06-09,Russia,NA,Tula Oblast,1491855,109,0,4844,0
2020-06-10,Russia,NA,Tula Oblast,1491855,103,0,4947,0
2020-06-11,Russia,NA,Tula Oblast,1491855,101,0,5048,0
2020-06-12,Russia,NA,Tula Oblast,1491855,100,0,5148,0
2020-06-13,Russia,NA,Tula Oblast,1491855,98,0,5246,0
2020-06-14,Russia,NA,Tula Oblast,1491855,95,0,5341,0
2020-06-15,Russia,NA,Tula Oblast,1491855,96,0,5437,0
2020-06-16,Russia,NA,Tula Oblast,1491855,93,0,5530,0
2020-06-17,Russia,NA,Tula Oblast,1491855,91,0,5621,0
2020-06-18,Russia,NA,Tula Oblast,1491855,92,0,5713,0
2020-06-19,Russia,NA,Tula Oblast,1491855,90,0,5803,0
2020-06-20,Russia,NA,Tula Oblast,1491855,85,0,5888,0
2020-06-21,Russia,NA,Tula Oblast,1491855,86,0,5974,0
2020-06-22,Russia,NA,Tula Oblast,1491855,83,0,6057,0
2020-06-23,Russia,NA,Tula Oblast,1491855,81,0,6138,0
2020-06-24,Russia,NA,Tula Oblast,1491855,83,0,6221,0
2020-06-25,Russia,NA,Tula Oblast,1491855,82,0,6303,0
2020-06-26,Russia,NA,Tula Oblast,1491855,80,0,6383,0
2020-06-27,Russia,NA,Tula Oblast,1491855,78,0,6461,0
2020-06-28,Russia,NA,Tula Oblast,1491855,76,0,6537,0
2020-06-29,Russia,NA,Tula Oblast,1491855,77,0,6614,0
2020-06-30,Russia,NA,Tula Oblast,1491855,73,0,6687,0
2020-07-01,Russia,NA,Tula Oblast,1491855,76,0,6763,0
2020-07-02,Russia,NA,Tula Oblast,1491855,74,0,6837,0
2020-07-03,Russia,NA,Tula Oblast,1491855,72,0,6909,0
2020-07-04,Russia,NA,Tula Oblast,1491855,68,0,6977,0
2020-07-05,Russia,NA,Tula Oblast,1491855,70,0,7047,0
2020-07-06,Russia,NA,Tula Oblast,1491855,69,0,7116,0
2020-07-07,Russia,NA,Tula Oblast,1491855,67,0,7183,0
2020-07-08,Russia,NA,Tula Oblast,1491855,66,0,7249,0
2020-07-09,Russia,NA,Tula Oblast,1491855,64,0,7313,0
2020-07-10,Russia,NA,Tula Oblast,1491855,64,0,7377,0
2020-07-11,Russia,NA,Tula Oblast,1491855,63,0,7440,0
2020-07-12,Russia,NA,Tula Oblast,1491855,61,0,7501,0
2020-07-13,Russia,NA,Tula Oblast,1491855,68,0,7569,0
2020-07-14,Russia,NA,Tula Oblast,1491855,61,0,7630,0
2020-07-15,Russia,NA,Tula Oblast,1491855,59,0,7689,0
2020-07-16,Russia,NA,Tula Oblast,1491855,57,0,7746,0
2020-07-17,Russia,NA,Tula Oblast,1491855,51,0,7797,0
2020-07-18,Russia,NA,Tula Oblast,1491855,49,0,7846,0
2020-07-19,Russia,NA,Tula Oblast,1491855,45,0,7891,0
2020-07-20,Russia,NA,Tula Oblast,1491855,43,0,7934,0
2020-07-21,Russia,NA,Tula Oblast,1491855,44,0,7978,0
2020-07-22,Russia,NA,Tula Oblast,1491855,41,0,8019,0
2020-07-23,Russia,NA,Tula Oblast,1491855,38,0,8057,0
2020-07-24,Russia,NA,Tula Oblast,1491855,37,0,8094,0
2020-07-25,Russia,NA,Tula Oblast,1491855,37,0,8131,0
2020-07-26,Russia,NA,Tula Oblast,1491855,35,0,8166,0
2020-07-27,Russia,NA,Tula Oblast,1491855,33,0,8199,0
2020-07-28,Russia,NA,Tula Oblast,1491855,32,0,8231,0
2020-07-29,Russia,NA,Tula Oblast,1491855,31,0,8262,0
2020-07-30,Russia,NA,Tula Oblast,1491855,32,0,8294,0
2020-07-31,Russia,NA,Tula Oblast,1491855,30,0,8324,0
2020-08-01,Russia,NA,Tula Oblast,1491855,28,0,8352,0
2020-08-02,Russia,NA,Tula Oblast,1491855,28,0,8380,0
2020-08-17,Russia,NA,Tula Oblast,1491855,0,0,8857,293
2020-08-18,Russia,NA,Tula Oblast,1491855,28,2,8885,295
2020-08-19,Russia,NA,Tula Oblast,1491855,29,2,8914,297
2020-08-20,Russia,NA,Tula Oblast,1491855,27,4,8941,301
2020-08-21,Russia,NA,Tula Oblast,1491855,30,3,8971,304
2020-08-22,Russia,NA,Tula Oblast,1491855,29,3,9000,307
2020-08-23,Russia,NA,Tula Oblast,1491855,29,2,9029,309
2020-08-24,Russia,NA,Tula Oblast,1491855,30,2,9059,311
2020-08-25,Russia,NA,Tula Oblast,1491855,28,1,9087,312
2020-08-26,Russia,NA,Tula Oblast,1491855,27,1,9114,313
2020-08-27,Russia,NA,Tula Oblast,1491855,26,2,9140,315
2020-08-28,Russia,NA,Tula Oblast,1491855,27,2,9167,317
2020-08-29,Russia,NA,Tula Oblast,1491855,29,1,9196,318
2020-08-30,Russia,NA,Tula Oblast,1491855,30,2,9226,320
2020-08-31,Russia,NA,Tula Oblast,1491855,28,2,9254,322
2020-09-01,Russia,NA,Tula Oblast,1491855,29,2,9283,324
2020-09-02,Russia,NA,Tula Oblast,1491855,30,1,9313,325
2020-09-03,Russia,NA,Tula Oblast,1491855,28,2,9341,327
2020-09-04,Russia,NA,Tula Oblast,1491855,27,2,9368,329
2020-09-05,Russia,NA,Tula Oblast,1491855,30,2,9398,331
2020-09-06,Russia,NA,Tula Oblast,1491855,29,2,9427,333
2020-09-07,Russia,NA,Tula Oblast,1491855,27,2,9454,335
2020-09-08,Russia,NA,Tula Oblast,1491855,28,2,9482,337
2020-09-09,Russia,NA,Tula Oblast,1491855,31,2,9513,339
2020-09-10,Russia,NA,Tula Oblast,1491855,29,2,9542,341
2020-09-11,Russia,NA,Tula Oblast,1491855,27,2,9569,343
2020-09-12,Russia,NA,Tula Oblast,1491855,26,2,9595,345
2020-09-13,Russia,NA,Tula Oblast,1491855,28,2,9623,347
2020-09-14,Russia,NA,Tula Oblast,1491855,31,1,9654,348
2020-09-15,Russia,NA,Tula Oblast,1491855,32,2,9686,350
2020-04-19,Russia,NA,Tuva,321722,4,0,13,0
2020-04-23,Russia,NA,Tuva,321722,1,0,14,0
2020-04-24,Russia,NA,Tuva,321722,1,0,15,0
2020-04-25,Russia,NA,Tuva,321722,9,0,24,0
2020-04-26,Russia,NA,Tuva,321722,3,0,27,0
2020-04-27,Russia,NA,Tuva,321722,3,0,30,0
2020-04-28,Russia,NA,Tuva,321722,1,0,31,0
2020-04-30,Russia,NA,Tuva,321722,2,0,33,0
2020-05-01,Russia,NA,Tuva,321722,6,0,39,0
2020-05-02,Russia,NA,Tuva,321722,2,0,41,0
2020-05-03,Russia,NA,Tuva,321722,3,0,44,0
2020-05-04,Russia,NA,Tuva,321722,4,0,48,0
2020-05-05,Russia,NA,Tuva,321722,4,0,52,0
2020-05-07,Russia,NA,Tuva,321722,4,0,56,0
2020-05-08,Russia,NA,Tuva,321722,1,0,57,0
2020-05-09,Russia,NA,Tuva,321722,4,0,61,0
2020-05-10,Russia,NA,Tuva,321722,21,0,82,0
2020-05-11,Russia,NA,Tuva,321722,12,0,94,0
2020-05-12,Russia,NA,Tuva,321722,51,0,145,0
2020-05-13,Russia,NA,Tuva,321722,13,0,158,0
2020-05-14,Russia,NA,Tuva,321722,39,0,197,0
2020-05-15,Russia,NA,Tuva,321722,26,0,223,0
2020-05-16,Russia,NA,Tuva,321722,30,0,253,0
2020-05-17,Russia,NA,Tuva,321722,17,0,270,0
2020-05-18,Russia,NA,Tuva,321722,30,0,300,0
2020-05-19,Russia,NA,Tuva,321722,52,0,352,0
2020-05-20,Russia,NA,Tuva,321722,56,0,408,0
2020-05-21,Russia,NA,Tuva,321722,44,0,452,0
2020-05-22,Russia,NA,Tuva,321722,79,0,531,0
2020-05-23,Russia,NA,Tuva,321722,46,0,577,0
2020-05-24,Russia,NA,Tuva,321722,52,0,629,0
2020-05-25,Russia,NA,Tuva,321722,78,0,707,0
2020-05-26,Russia,NA,Tuva,321722,54,0,761,0
2020-05-27,Russia,NA,Tuva,321722,58,0,819,0
2020-05-28,Russia,NA,Tuva,321722,58,0,877,0
2020-05-29,Russia,NA,Tuva,321722,66,0,943,0
2020-05-30,Russia,NA,Tuva,321722,55,0,998,0
2020-05-31,Russia,NA,Tuva,321722,58,0,1056,0
2020-06-01,Russia,NA,Tuva,321722,60,0,1116,0
2020-06-02,Russia,NA,Tuva,321722,46,0,1162,0
2020-06-03,Russia,NA,Tuva,321722,60,0,1222,0
2020-06-04,Russia,NA,Tuva,321722,76,0,1298,0
2020-06-05,Russia,NA,Tuva,321722,94,0,1392,0
2020-06-06,Russia,NA,Tuva,321722,98,0,1490,0
2020-06-07,Russia,NA,Tuva,321722,118,0,1608,0
2020-06-08,Russia,NA,Tuva,321722,131,0,1739,0
2020-06-09,Russia,NA,Tuva,321722,97,0,1836,0
2020-06-10,Russia,NA,Tuva,321722,79,0,1915,0
2020-06-11,Russia,NA,Tuva,321722,113,0,2028,0
2020-06-12,Russia,NA,Tuva,321722,176,0,2204,0
2020-06-13,Russia,NA,Tuva,321722,101,0,2305,0
2020-06-14,Russia,NA,Tuva,321722,190,0,2495,0
2020-06-15,Russia,NA,Tuva,321722,72,0,2567,0
2020-06-16,Russia,NA,Tuva,321722,85,0,2652,0
2020-06-17,Russia,NA,Tuva,321722,110,0,2762,0
2020-06-18,Russia,NA,Tuva,321722,122,0,2884,0
2020-06-19,Russia,NA,Tuva,321722,115,0,2999,0
2020-06-20,Russia,NA,Tuva,321722,140,0,3139,0
2020-06-21,Russia,NA,Tuva,321722,147,0,3286,0
2020-06-22,Russia,NA,Tuva,321722,150,0,3436,0
2020-06-23,Russia,NA,Tuva,321722,140,0,3576,0
2020-06-24,Russia,NA,Tuva,321722,138,0,3714,0
2020-06-25,Russia,NA,Tuva,321722,140,0,3854,0
2020-06-26,Russia,NA,Tuva,321722,130,0,3984,0
2020-06-27,Russia,NA,Tuva,321722,128,0,4112,0
2020-06-28,Russia,NA,Tuva,321722,124,0,4236,0
2020-06-29,Russia,NA,Tuva,321722,126,0,4362,0
2020-06-30,Russia,NA,Tuva,321722,125,0,4487,0
2020-07-01,Russia,NA,Tuva,321722,119,0,4606,0
2020-07-02,Russia,NA,Tuva,321722,112,0,4718,0
2020-07-03,Russia,NA,Tuva,321722,110,0,4828,0
2020-07-04,Russia,NA,Tuva,321722,100,0,4928,0
2020-07-05,Russia,NA,Tuva,321722,81,0,5009,0
2020-07-06,Russia,NA,Tuva,321722,75,0,5084,0
2020-07-07,Russia,NA,Tuva,321722,73,0,5157,0
2020-07-08,Russia,NA,Tuva,321722,70,0,5227,0
2020-07-09,Russia,NA,Tuva,321722,54,0,5281,0
2020-07-10,Russia,NA,Tuva,321722,45,0,5326,0
2020-07-11,Russia,NA,Tuva,321722,40,0,5366,0
2020-07-12,Russia,NA,Tuva,321722,39,0,5405,0
2020-07-13,Russia,NA,Tuva,321722,40,0,5445,0
2020-07-14,Russia,NA,Tuva,321722,46,0,5491,0
2020-07-15,Russia,NA,Tuva,321722,47,0,5538,0
2020-07-16,Russia,NA,Tuva,321722,45,0,5583,0
2020-07-17,Russia,NA,Tuva,321722,32,0,5615,0
2020-07-18,Russia,NA,Tuva,321722,38,0,5653,0
2020-07-19,Russia,NA,Tuva,321722,40,0,5693,0
2020-07-20,Russia,NA,Tuva,321722,40,0,5733,0
2020-07-21,Russia,NA,Tuva,321722,45,0,5778,0
2020-07-22,Russia,NA,Tuva,321722,35,0,5813,0
2020-07-23,Russia,NA,Tuva,321722,35,0,5848,0
2020-07-24,Russia,NA,Tuva,321722,36,0,5884,0
2020-07-25,Russia,NA,Tuva,321722,41,0,5925,0
2020-07-26,Russia,NA,Tuva,321722,32,0,5957,0
2020-07-27,Russia,NA,Tuva,321722,32,0,5989,0
2020-07-28,Russia,NA,Tuva,321722,30,0,6019,0
2020-07-29,Russia,NA,Tuva,321722,30,0,6049,0
2020-07-30,Russia,NA,Tuva,321722,32,0,6081,0
2020-07-31,Russia,NA,Tuva,321722,29,0,6110,0
2020-08-01,Russia,NA,Tuva,321722,28,0,6138,0
2020-08-02,Russia,NA,Tuva,321722,22,0,6160,0
2020-08-17,Russia,NA,Tuva,321722,0,0,6501,60
2020-08-18,Russia,NA,Tuva,321722,19,0,6520,60
2020-08-19,Russia,NA,Tuva,321722,29,0,6549,60
2020-08-20,Russia,NA,Tuva,321722,18,0,6567,60
2020-08-21,Russia,NA,Tuva,321722,22,0,6589,60
2020-08-22,Russia,NA,Tuva,321722,25,0,6614,60
2020-08-23,Russia,NA,Tuva,321722,20,0,6634,60
2020-08-24,Russia,NA,Tuva,321722,24,0,6658,60
2020-08-25,Russia,NA,Tuva,321722,23,0,6681,60
2020-08-26,Russia,NA,Tuva,321722,25,0,6706,60
2020-08-27,Russia,NA,Tuva,321722,24,0,6730,60
2020-08-28,Russia,NA,Tuva,321722,17,0,6747,60
2020-08-29,Russia,NA,Tuva,321722,23,0,6770,60
2020-08-30,Russia,NA,Tuva,321722,26,5,6796,65
2020-08-31,Russia,NA,Tuva,321722,28,0,6824,65
2020-09-01,Russia,NA,Tuva,321722,17,0,6841,65
2020-09-02,Russia,NA,Tuva,321722,21,0,6862,65
2020-09-03,Russia,NA,Tuva,321722,28,0,6890,65
2020-09-04,Russia,NA,Tuva,321722,23,0,6913,65
2020-09-05,Russia,NA,Tuva,321722,21,0,6934,65
2020-09-06,Russia,NA,Tuva,321722,22,0,6956,65
2020-09-07,Russia,NA,Tuva,321722,27,0,6983,65
2020-09-08,Russia,NA,Tuva,321722,24,0,7007,65
2020-09-09,Russia,NA,Tuva,321722,25,2,7032,67
2020-09-10,Russia,NA,Tuva,321722,17,0,7049,67
2020-09-11,Russia,NA,Tuva,321722,24,0,7073,67
2020-09-12,Russia,NA,Tuva,321722,26,0,7099,67
2020-09-13,Russia,NA,Tuva,321722,31,0,7130,67
2020-09-14,Russia,NA,Tuva,321722,26,0,7156,67
2020-09-15,Russia,NA,Tuva,321722,31,0,7187,67
2020-04-08,Russia,NA,Tver Oblast,1283873,4,0,12,0
2020-04-09,Russia,NA,Tver Oblast,1283873,7,0,19,0
2020-04-10,Russia,NA,Tver Oblast,1283873,5,0,24,0
2020-04-11,Russia,NA,Tver Oblast,1283873,7,0,31,0
2020-04-13,Russia,NA,Tver Oblast,1283873,44,0,75,0
2020-04-15,Russia,NA,Tver Oblast,1283873,42,0,117,0
2020-04-16,Russia,NA,Tver Oblast,1283873,34,0,151,0
2020-04-17,Russia,NA,Tver Oblast,1283873,37,0,188,0
2020-04-18,Russia,NA,Tver Oblast,1283873,49,0,237,0
2020-04-19,Russia,NA,Tver Oblast,1283873,33,0,270,0
2020-04-20,Russia,NA,Tver Oblast,1283873,26,0,296,0
2020-04-21,Russia,NA,Tver Oblast,1283873,33,0,329,0
2020-04-22,Russia,NA,Tver Oblast,1283873,27,0,356,0
2020-04-23,Russia,NA,Tver Oblast,1283873,27,0,383,0
2020-04-24,Russia,NA,Tver Oblast,1283873,29,0,412,0
2020-04-25,Russia,NA,Tver Oblast,1283873,29,0,441,0
2020-04-26,Russia,NA,Tver Oblast,1283873,23,0,464,0
2020-04-27,Russia,NA,Tver Oblast,1283873,34,0,498,0
2020-04-28,Russia,NA,Tver Oblast,1283873,9,0,507,0
2020-04-29,Russia,NA,Tver Oblast,1283873,11,0,518,0
2020-04-30,Russia,NA,Tver Oblast,1283873,17,0,535,0
2020-05-01,Russia,NA,Tver Oblast,1283873,29,0,564,0
2020-05-02,Russia,NA,Tver Oblast,1283873,46,0,610,0
2020-05-03,Russia,NA,Tver Oblast,1283873,51,0,661,0
2020-05-04,Russia,NA,Tver Oblast,1283873,19,0,680,0
2020-05-05,Russia,NA,Tver Oblast,1283873,29,0,709,0
2020-05-06,Russia,NA,Tver Oblast,1283873,44,0,753,0
2020-05-07,Russia,NA,Tver Oblast,1283873,16,0,769,0
2020-05-08,Russia,NA,Tver Oblast,1283873,45,0,814,0
2020-05-09,Russia,NA,Tver Oblast,1283873,38,0,852,0
2020-05-10,Russia,NA,Tver Oblast,1283873,45,0,897,0
2020-05-11,Russia,NA,Tver Oblast,1283873,31,0,928,0
2020-05-12,Russia,NA,Tver Oblast,1283873,34,0,962,0
2020-05-13,Russia,NA,Tver Oblast,1283873,10,0,972,0
2020-05-14,Russia,NA,Tver Oblast,1283873,20,0,992,0
2020-05-15,Russia,NA,Tver Oblast,1283873,44,0,1036,0
2020-05-16,Russia,NA,Tver Oblast,1283873,53,0,1089,0
2020-05-17,Russia,NA,Tver Oblast,1283873,26,0,1115,0
2020-05-18,Russia,NA,Tver Oblast,1283873,27,0,1142,0
2020-05-19,Russia,NA,Tver Oblast,1283873,19,0,1161,0
2020-05-20,Russia,NA,Tver Oblast,1283873,33,0,1194,0
2020-05-21,Russia,NA,Tver Oblast,1283873,39,0,1233,0
2020-05-22,Russia,NA,Tver Oblast,1283873,39,0,1272,0
2020-05-23,Russia,NA,Tver Oblast,1283873,31,0,1303,0
2020-05-24,Russia,NA,Tver Oblast,1283873,37,0,1340,0
2020-05-25,Russia,NA,Tver Oblast,1283873,53,0,1393,0
2020-05-26,Russia,NA,Tver Oblast,1283873,15,0,1408,0
2020-05-27,Russia,NA,Tver Oblast,1283873,46,0,1454,0
2020-05-28,Russia,NA,Tver Oblast,1283873,52,0,1506,0
2020-05-29,Russia,NA,Tver Oblast,1283873,41,0,1547,0
2020-05-30,Russia,NA,Tver Oblast,1283873,43,0,1590,0
2020-05-31,Russia,NA,Tver Oblast,1283873,44,0,1634,0
2020-06-01,Russia,NA,Tver Oblast,1283873,46,0,1680,0
2020-06-02,Russia,NA,Tver Oblast,1283873,45,0,1725,0
2020-06-03,Russia,NA,Tver Oblast,1283873,36,0,1761,0
2020-06-04,Russia,NA,Tver Oblast,1283873,73,0,1834,0
2020-06-05,Russia,NA,Tver Oblast,1283873,71,0,1905,0
2020-06-06,Russia,NA,Tver Oblast,1283873,87,0,1992,0
2020-06-07,Russia,NA,Tver Oblast,1283873,93,0,2085,0
2020-06-08,Russia,NA,Tver Oblast,1283873,92,0,2177,0
2020-06-09,Russia,NA,Tver Oblast,1283873,84,0,2261,0
2020-06-10,Russia,NA,Tver Oblast,1283873,83,0,2344,0
2020-06-11,Russia,NA,Tver Oblast,1283873,83,0,2427,0
2020-06-12,Russia,NA,Tver Oblast,1283873,91,0,2518,0
2020-06-13,Russia,NA,Tver Oblast,1283873,81,0,2599,0
2020-06-14,Russia,NA,Tver Oblast,1283873,81,0,2680,0
2020-06-15,Russia,NA,Tver Oblast,1283873,78,0,2758,0
2020-06-16,Russia,NA,Tver Oblast,1283873,72,0,2830,0
2020-06-17,Russia,NA,Tver Oblast,1283873,69,0,2899,0
2020-06-18,Russia,NA,Tver Oblast,1283873,65,0,2964,0
2020-06-19,Russia,NA,Tver Oblast,1283873,67,0,3031,0
2020-06-20,Russia,NA,Tver Oblast,1283873,67,0,3098,0
2020-06-21,Russia,NA,Tver Oblast,1283873,66,0,3164,0
2020-06-22,Russia,NA,Tver Oblast,1283873,63,0,3227,0
2020-06-23,Russia,NA,Tver Oblast,1283873,59,0,3286,0
2020-06-24,Russia,NA,Tver Oblast,1283873,55,0,3341,0
2020-06-25,Russia,NA,Tver Oblast,1283873,53,0,3394,0
2020-06-26,Russia,NA,Tver Oblast,1283873,55,0,3449,0
2020-06-27,Russia,NA,Tver Oblast,1283873,52,0,3501,0
2020-06-28,Russia,NA,Tver Oblast,1283873,53,0,3554,0
2020-06-29,Russia,NA,Tver Oblast,1283873,50,0,3604,0
2020-06-30,Russia,NA,Tver Oblast,1283873,48,0,3652,0
2020-07-01,Russia,NA,Tver Oblast,1283873,46,0,3698,0
2020-07-02,Russia,NA,Tver Oblast,1283873,44,0,3742,0
2020-07-03,Russia,NA,Tver Oblast,1283873,41,0,3783,0
2020-07-04,Russia,NA,Tver Oblast,1283873,42,0,3825,0
2020-07-05,Russia,NA,Tver Oblast,1283873,40,0,3865,0
2020-07-06,Russia,NA,Tver Oblast,1283873,38,0,3903,0
2020-07-07,Russia,NA,Tver Oblast,1283873,36,0,3939,0
2020-07-08,Russia,NA,Tver Oblast,1283873,32,0,3971,0
2020-07-09,Russia,NA,Tver Oblast,1283873,30,0,4001,0
2020-07-10,Russia,NA,Tver Oblast,1283873,30,0,4031,0
2020-07-11,Russia,NA,Tver Oblast,1283873,32,0,4063,0
2020-07-12,Russia,NA,Tver Oblast,1283873,31,0,4094,0
2020-07-13,Russia,NA,Tver Oblast,1283873,31,0,4125,0
2020-07-14,Russia,NA,Tver Oblast,1283873,29,0,4154,0
2020-07-15,Russia,NA,Tver Oblast,1283873,29,0,4183,0
2020-07-16,Russia,NA,Tver Oblast,1283873,30,0,4213,0
2020-07-17,Russia,NA,Tver Oblast,1283873,28,0,4241,0
2020-07-18,Russia,NA,Tver Oblast,1283873,26,0,4267,0
2020-07-19,Russia,NA,Tver Oblast,1283873,26,0,4293,0
2020-07-20,Russia,NA,Tver Oblast,1283873,25,0,4318,0
2020-07-21,Russia,NA,Tver Oblast,1283873,24,0,4342,0
2020-07-22,Russia,NA,Tver Oblast,1283873,26,0,4368,0
2020-07-23,Russia,NA,Tver Oblast,1283873,28,0,4396,0
2020-07-24,Russia,NA,Tver Oblast,1283873,27,0,4423,0
2020-07-25,Russia,NA,Tver Oblast,1283873,30,0,4453,0
2020-07-26,Russia,NA,Tver Oblast,1283873,28,0,4481,0
2020-07-27,Russia,NA,Tver Oblast,1283873,27,0,4508,0
2020-07-28,Russia,NA,Tver Oblast,1283873,27,0,4535,0
2020-07-29,Russia,NA,Tver Oblast,1283873,29,0,4564,0
2020-07-30,Russia,NA,Tver Oblast,1283873,33,0,4597,0
2020-07-31,Russia,NA,Tver Oblast,1283873,30,0,4627,0
2020-08-01,Russia,NA,Tver Oblast,1283873,29,0,4656,0
2020-08-02,Russia,NA,Tver Oblast,1283873,29,0,4685,0
2020-08-17,Russia,NA,Tver Oblast,1283873,0,0,5064,170
2020-08-18,Russia,NA,Tver Oblast,1283873,26,1,5090,171
2020-08-19,Russia,NA,Tver Oblast,1283873,24,2,5114,173
2020-08-20,Russia,NA,Tver Oblast,1283873,26,2,5140,175
2020-08-21,Russia,NA,Tver Oblast,1283873,24,0,5164,175
2020-08-22,Russia,NA,Tver Oblast,1283873,24,1,5188,176
2020-08-23,Russia,NA,Tver Oblast,1283873,25,2,5213,178
2020-08-24,Russia,NA,Tver Oblast,1283873,23,1,5236,179
2020-08-25,Russia,NA,Tver Oblast,1283873,23,0,5259,179
2020-08-26,Russia,NA,Tver Oblast,1283873,25,2,5284,181
2020-08-27,Russia,NA,Tver Oblast,1283873,24,3,5308,184
2020-08-28,Russia,NA,Tver Oblast,1283873,25,3,5333,187
2020-08-29,Russia,NA,Tver Oblast,1283873,24,2,5357,189
2020-08-30,Russia,NA,Tver Oblast,1283873,26,2,5383,191
2020-08-31,Russia,NA,Tver Oblast,1283873,24,2,5407,193
2020-09-01,Russia,NA,Tver Oblast,1283873,25,2,5432,195
2020-09-02,Russia,NA,Tver Oblast,1283873,23,1,5455,196
2020-09-03,Russia,NA,Tver Oblast,1283873,22,3,5477,199
2020-09-04,Russia,NA,Tver Oblast,1283873,23,3,5500,202
2020-09-05,Russia,NA,Tver Oblast,1283873,24,3,5524,205
2020-09-06,Russia,NA,Tver Oblast,1283873,23,2,5547,207
2020-09-07,Russia,NA,Tver Oblast,1283873,22,2,5569,209
2020-09-08,Russia,NA,Tver Oblast,1283873,23,1,5592,210
2020-09-09,Russia,NA,Tver Oblast,1283873,20,2,5612,212
2020-09-10,Russia,NA,Tver Oblast,1283873,23,2,5635,214
2020-09-11,Russia,NA,Tver Oblast,1283873,21,2,5656,216
2020-09-12,Russia,NA,Tver Oblast,1283873,24,1,5680,217
2020-09-13,Russia,NA,Tver Oblast,1283873,24,0,5704,217
2020-09-14,Russia,NA,Tver Oblast,1283873,25,0,5729,217
2020-09-15,Russia,NA,Tver Oblast,1283873,26,0,5755,217
2020-04-03,Russia,NA,Tyumen Oblast,3692400,5,0,11,0
2020-04-07,Russia,NA,Tyumen Oblast,3692400,7,0,18,0
2020-04-09,Russia,NA,Tyumen Oblast,3692400,1,0,19,0
2020-04-10,Russia,NA,Tyumen Oblast,3692400,3,0,22,0
2020-04-11,Russia,NA,Tyumen Oblast,3692400,8,0,30,0
2020-04-12,Russia,NA,Tyumen Oblast,3692400,9,0,39,0
2020-04-13,Russia,NA,Tyumen Oblast,3692400,14,0,53,0
2020-04-14,Russia,NA,Tyumen Oblast,3692400,14,0,67,0
2020-04-15,Russia,NA,Tyumen Oblast,3692400,18,0,85,0
2020-04-16,Russia,NA,Tyumen Oblast,3692400,27,0,112,0
2020-04-17,Russia,NA,Tyumen Oblast,3692400,34,0,146,0
2020-04-18,Russia,NA,Tyumen Oblast,3692400,39,0,185,0
2020-04-19,Russia,NA,Tyumen Oblast,3692400,42,0,227,0
2020-04-20,Russia,NA,Tyumen Oblast,3692400,27,0,254,0
2020-04-21,Russia,NA,Tyumen Oblast,3692400,36,0,290,0
2020-04-22,Russia,NA,Tyumen Oblast,3692400,29,0,319,0
2020-04-23,Russia,NA,Tyumen Oblast,3692400,22,0,341,0
2020-04-24,Russia,NA,Tyumen Oblast,3692400,16,0,357,0
2020-04-25,Russia,NA,Tyumen Oblast,3692400,17,0,374,0
2020-04-26,Russia,NA,Tyumen Oblast,3692400,12,0,386,0
2020-04-27,Russia,NA,Tyumen Oblast,3692400,13,0,399,0
2020-04-28,Russia,NA,Tyumen Oblast,3692400,5,0,404,0
2020-04-29,Russia,NA,Tyumen Oblast,3692400,16,0,420,0
2020-04-30,Russia,NA,Tyumen Oblast,3692400,15,0,435,0
2020-05-01,Russia,NA,Tyumen Oblast,3692400,7,0,442,0
2020-05-02,Russia,NA,Tyumen Oblast,3692400,16,0,458,0
2020-05-03,Russia,NA,Tyumen Oblast,3692400,37,0,495,0
2020-05-04,Russia,NA,Tyumen Oblast,3692400,66,0,561,0
2020-05-05,Russia,NA,Tyumen Oblast,3692400,28,0,589,0
2020-05-06,Russia,NA,Tyumen Oblast,3692400,69,0,658,0
2020-05-07,Russia,NA,Tyumen Oblast,3692400,25,0,683,0
2020-05-08,Russia,NA,Tyumen Oblast,3692400,24,0,707,0
2020-05-09,Russia,NA,Tyumen Oblast,3692400,23,0,730,0
2020-05-10,Russia,NA,Tyumen Oblast,3692400,73,0,803,0
2020-05-11,Russia,NA,Tyumen Oblast,3692400,29,0,832,0
2020-05-12,Russia,NA,Tyumen Oblast,3692400,70,0,902,0
2020-05-13,Russia,NA,Tyumen Oblast,3692400,75,0,977,0
2020-05-14,Russia,NA,Tyumen Oblast,3692400,41,0,1018,0
2020-05-15,Russia,NA,Tyumen Oblast,3692400,39,0,1057,0
2020-05-16,Russia,NA,Tyumen Oblast,3692400,45,0,1102,0
2020-05-17,Russia,NA,Tyumen Oblast,3692400,33,0,1135,0
2020-05-18,Russia,NA,Tyumen Oblast,3692400,46,0,1181,0
2020-05-19,Russia,NA,Tyumen Oblast,3692400,46,0,1227,0
2020-05-20,Russia,NA,Tyumen Oblast,3692400,40,0,1267,0
2020-05-21,Russia,NA,Tyumen Oblast,3692400,11,0,1278,0
2020-05-22,Russia,NA,Tyumen Oblast,3692400,53,0,1331,0
2020-05-23,Russia,NA,Tyumen Oblast,3692400,35,0,1366,0
2020-05-24,Russia,NA,Tyumen Oblast,3692400,45,0,1411,0
2020-05-25,Russia,NA,Tyumen Oblast,3692400,37,0,1448,0
2020-05-26,Russia,NA,Tyumen Oblast,3692400,42,0,1490,0
2020-05-27,Russia,NA,Tyumen Oblast,3692400,42,0,1532,0
2020-05-28,Russia,NA,Tyumen Oblast,3692400,30,0,1562,0
2020-05-29,Russia,NA,Tyumen Oblast,3692400,18,0,1580,0
2020-05-30,Russia,NA,Tyumen Oblast,3692400,28,0,1608,0
2020-05-31,Russia,NA,Tyumen Oblast,3692400,30,0,1638,0
2020-06-01,Russia,NA,Tyumen Oblast,3692400,23,0,1661,0
2020-06-02,Russia,NA,Tyumen Oblast,3692400,41,0,1702,0
2020-06-03,Russia,NA,Tyumen Oblast,3692400,47,0,1749,0
2020-06-04,Russia,NA,Tyumen Oblast,3692400,49,0,1798,0
2020-06-05,Russia,NA,Tyumen Oblast,3692400,36,0,1834,0
2020-06-06,Russia,NA,Tyumen Oblast,3692400,39,0,1873,0
2020-06-07,Russia,NA,Tyumen Oblast,3692400,35,0,1908,0
2020-06-08,Russia,NA,Tyumen Oblast,3692400,39,0,1947,0
2020-06-09,Russia,NA,Tyumen Oblast,3692400,34,0,1981,0
2020-06-10,Russia,NA,Tyumen Oblast,3692400,32,0,2013,0
2020-06-11,Russia,NA,Tyumen Oblast,3692400,34,0,2047,0
2020-06-12,Russia,NA,Tyumen Oblast,3692400,22,0,2069,0
2020-06-13,Russia,NA,Tyumen Oblast,3692400,50,0,2119,0
2020-06-14,Russia,NA,Tyumen Oblast,3692400,77,0,2196,0
2020-06-15,Russia,NA,Tyumen Oblast,3692400,73,0,2269,0
2020-06-16,Russia,NA,Tyumen Oblast,3692400,61,0,2330,0
2020-06-17,Russia,NA,Tyumen Oblast,3692400,52,0,2382,0
2020-06-18,Russia,NA,Tyumen Oblast,3692400,51,0,2433,0
2020-06-19,Russia,NA,Tyumen Oblast,3692400,47,0,2480,0
2020-06-20,Russia,NA,Tyumen Oblast,3692400,49,0,2529,0
2020-06-21,Russia,NA,Tyumen Oblast,3692400,45,0,2574,0
2020-06-22,Russia,NA,Tyumen Oblast,3692400,47,0,2621,0
2020-06-23,Russia,NA,Tyumen Oblast,3692400,46,0,2667,0
2020-06-24,Russia,NA,Tyumen Oblast,3692400,50,0,2717,0
2020-06-25,Russia,NA,Tyumen Oblast,3692400,49,0,2766,0
2020-06-26,Russia,NA,Tyumen Oblast,3692400,61,0,2827,0
2020-06-27,Russia,NA,Tyumen Oblast,3692400,59,0,2886,0
2020-06-28,Russia,NA,Tyumen Oblast,3692400,67,0,2953,0
2020-06-29,Russia,NA,Tyumen Oblast,3692400,65,0,3018,0
2020-06-30,Russia,NA,Tyumen Oblast,3692400,69,0,3087,0
2020-07-01,Russia,NA,Tyumen Oblast,3692400,68,0,3155,0
2020-07-02,Russia,NA,Tyumen Oblast,3692400,76,0,3231,0
2020-07-03,Russia,NA,Tyumen Oblast,3692400,85,0,3316,0
2020-07-04,Russia,NA,Tyumen Oblast,3692400,81,0,3397,0
2020-07-05,Russia,NA,Tyumen Oblast,3692400,83,0,3480,0
2020-07-06,Russia,NA,Tyumen Oblast,3692400,80,0,3560,0
2020-07-07,Russia,NA,Tyumen Oblast,3692400,78,0,3638,0
2020-07-08,Russia,NA,Tyumen Oblast,3692400,75,0,3713,0
2020-07-09,Russia,NA,Tyumen Oblast,3692400,72,0,3785,0
2020-07-10,Russia,NA,Tyumen Oblast,3692400,85,0,3870,0
2020-07-11,Russia,NA,Tyumen Oblast,3692400,82,0,3952,0
2020-07-12,Russia,NA,Tyumen Oblast,3692400,83,0,4035,0
2020-07-13,Russia,NA,Tyumen Oblast,3692400,85,0,4120,0
2020-07-14,Russia,NA,Tyumen Oblast,3692400,84,0,4204,0
2020-07-15,Russia,NA,Tyumen Oblast,3692400,82,0,4286,0
2020-07-16,Russia,NA,Tyumen Oblast,3692400,81,0,4367,0
2020-07-17,Russia,NA,Tyumen Oblast,3692400,84,0,4451,0
2020-07-18,Russia,NA,Tyumen Oblast,3692400,109,0,4560,0
2020-07-19,Russia,NA,Tyumen Oblast,3692400,107,0,4667,0
2020-07-20,Russia,NA,Tyumen Oblast,3692400,112,0,4779,0
2020-07-21,Russia,NA,Tyumen Oblast,3692400,106,0,4885,0
2020-07-22,Russia,NA,Tyumen Oblast,3692400,102,0,4987,0
2020-07-23,Russia,NA,Tyumen Oblast,3692400,103,0,5090,0
2020-07-24,Russia,NA,Tyumen Oblast,3692400,100,0,5190,0
2020-07-25,Russia,NA,Tyumen Oblast,3692400,101,0,5291,0
2020-07-26,Russia,NA,Tyumen Oblast,3692400,98,0,5389,0
2020-07-27,Russia,NA,Tyumen Oblast,3692400,95,0,5484,0
2020-07-28,Russia,NA,Tyumen Oblast,3692400,92,0,5576,0
2020-07-29,Russia,NA,Tyumen Oblast,3692400,90,0,5666,0
2020-07-30,Russia,NA,Tyumen Oblast,3692400,89,0,5755,0
2020-07-31,Russia,NA,Tyumen Oblast,3692400,89,0,5844,0
2020-08-01,Russia,NA,Tyumen Oblast,3692400,85,0,5929,0
2020-08-02,Russia,NA,Tyumen Oblast,3692400,90,0,6019,0
2020-08-17,Russia,NA,Tyumen Oblast,3692400,0,0,7073,28
2020-08-18,Russia,NA,Tyumen Oblast,3692400,55,0,7128,28
2020-08-19,Russia,NA,Tyumen Oblast,3692400,49,0,7177,28
2020-08-20,Russia,NA,Tyumen Oblast,3692400,51,0,7228,28
2020-08-21,Russia,NA,Tyumen Oblast,3692400,50,0,7278,28
2020-08-22,Russia,NA,Tyumen Oblast,3692400,52,1,7330,29
2020-08-23,Russia,NA,Tyumen Oblast,3692400,50,0,7380,29
2020-08-24,Russia,NA,Tyumen Oblast,3692400,48,0,7428,29
2020-08-25,Russia,NA,Tyumen Oblast,3692400,51,0,7479,29
2020-08-26,Russia,NA,Tyumen Oblast,3692400,49,1,7528,30
2020-08-27,Russia,NA,Tyumen Oblast,3692400,47,0,7575,30
2020-08-28,Russia,NA,Tyumen Oblast,3692400,48,0,7623,30
2020-08-29,Russia,NA,Tyumen Oblast,3692400,50,0,7673,30
2020-08-30,Russia,NA,Tyumen Oblast,3692400,51,0,7724,30
2020-08-31,Russia,NA,Tyumen Oblast,3692400,47,0,7771,30
2020-09-01,Russia,NA,Tyumen Oblast,3692400,49,1,7820,31
2020-09-02,Russia,NA,Tyumen Oblast,3692400,45,0,7865,31
2020-09-03,Russia,NA,Tyumen Oblast,3692400,49,0,7914,31
2020-09-04,Russia,NA,Tyumen Oblast,3692400,47,0,7961,31
2020-09-05,Russia,NA,Tyumen Oblast,3692400,51,0,8012,31
2020-09-06,Russia,NA,Tyumen Oblast,3692400,50,0,8062,31
2020-09-07,Russia,NA,Tyumen Oblast,3692400,49,0,8111,31
2020-09-08,Russia,NA,Tyumen Oblast,3692400,47,0,8158,31
2020-09-09,Russia,NA,Tyumen Oblast,3692400,48,0,8206,31
2020-09-10,Russia,NA,Tyumen Oblast,3692400,51,0,8257,31
2020-09-11,Russia,NA,Tyumen Oblast,3692400,53,0,8310,31
2020-09-12,Russia,NA,Tyumen Oblast,3692400,50,0,8360,31
2020-09-13,Russia,NA,Tyumen Oblast,3692400,55,0,8415,31
2020-09-14,Russia,NA,Tyumen Oblast,3692400,54,0,8469,31
2020-09-15,Russia,NA,Tyumen Oblast,3692400,51,1,8520,32
2020-04-10,Russia,NA,Udmurtia,1513044,2,0,11,0
2020-04-12,Russia,NA,Udmurtia,1513044,2,0,13,0
2020-04-14,Russia,NA,Udmurtia,1513044,6,0,19,0
2020-04-15,Russia,NA,Udmurtia,1513044,8,0,27,0
2020-04-16,Russia,NA,Udmurtia,1513044,15,0,42,0
2020-04-17,Russia,NA,Udmurtia,1513044,16,0,58,0
2020-04-18,Russia,NA,Udmurtia,1513044,4,0,62,0
2020-04-19,Russia,NA,Udmurtia,1513044,4,0,66,0
2020-04-20,Russia,NA,Udmurtia,1513044,26,0,92,0
2020-04-21,Russia,NA,Udmurtia,1513044,26,0,118,0
2020-04-22,Russia,NA,Udmurtia,1513044,34,0,152,0
2020-04-23,Russia,NA,Udmurtia,1513044,9,0,161,0
2020-04-24,Russia,NA,Udmurtia,1513044,17,0,178,0
2020-04-25,Russia,NA,Udmurtia,1513044,15,0,193,0
2020-04-26,Russia,NA,Udmurtia,1513044,9,0,202,0
2020-04-27,Russia,NA,Udmurtia,1513044,5,0,207,0
2020-04-28,Russia,NA,Udmurtia,1513044,5,0,212,0
2020-04-29,Russia,NA,Udmurtia,1513044,5,0,217,0
2020-04-30,Russia,NA,Udmurtia,1513044,11,0,228,0
2020-05-01,Russia,NA,Udmurtia,1513044,9,0,237,0
2020-05-02,Russia,NA,Udmurtia,1513044,7,0,244,0
2020-05-03,Russia,NA,Udmurtia,1513044,27,0,271,0
2020-05-04,Russia,NA,Udmurtia,1513044,43,0,314,0
2020-05-05,Russia,NA,Udmurtia,1513044,18,0,332,0
2020-05-06,Russia,NA,Udmurtia,1513044,12,0,344,0
2020-05-08,Russia,NA,Udmurtia,1513044,1,0,345,0
2020-05-09,Russia,NA,Udmurtia,1513044,7,0,352,0
2020-05-10,Russia,NA,Udmurtia,1513044,18,0,370,0
2020-05-11,Russia,NA,Udmurtia,1513044,19,0,389,0
2020-05-12,Russia,NA,Udmurtia,1513044,6,0,395,0
2020-05-14,Russia,NA,Udmurtia,1513044,7,0,402,0
2020-05-15,Russia,NA,Udmurtia,1513044,6,0,408,0
2020-05-16,Russia,NA,Udmurtia,1513044,14,0,422,0
2020-05-17,Russia,NA,Udmurtia,1513044,14,0,436,0
2020-05-18,Russia,NA,Udmurtia,1513044,5,0,441,0
2020-05-19,Russia,NA,Udmurtia,1513044,11,0,452,0
2020-05-20,Russia,NA,Udmurtia,1513044,6,0,458,0
2020-05-21,Russia,NA,Udmurtia,1513044,5,0,463,0
2020-05-22,Russia,NA,Udmurtia,1513044,14,0,477,0
2020-05-23,Russia,NA,Udmurtia,1513044,15,0,492,0
2020-05-24,Russia,NA,Udmurtia,1513044,18,0,510,0
2020-05-25,Russia,NA,Udmurtia,1513044,19,0,529,0
2020-05-26,Russia,NA,Udmurtia,1513044,20,0,549,0
2020-05-27,Russia,NA,Udmurtia,1513044,10,0,559,0
2020-05-28,Russia,NA,Udmurtia,1513044,24,0,583,0
2020-05-29,Russia,NA,Udmurtia,1513044,22,0,605,0
2020-05-30,Russia,NA,Udmurtia,1513044,24,0,629,0
2020-05-31,Russia,NA,Udmurtia,1513044,23,0,652,0
2020-06-01,Russia,NA,Udmurtia,1513044,30,0,682,0
2020-06-02,Russia,NA,Udmurtia,1513044,35,0,717,0
2020-06-03,Russia,NA,Udmurtia,1513044,53,0,770,0
2020-06-04,Russia,NA,Udmurtia,1513044,52,0,822,0
2020-06-05,Russia,NA,Udmurtia,1513044,43,0,865,0
2020-06-06,Russia,NA,Udmurtia,1513044,39,0,904,0
2020-06-07,Russia,NA,Udmurtia,1513044,32,0,936,0
2020-06-08,Russia,NA,Udmurtia,1513044,27,0,963,0
2020-06-09,Russia,NA,Udmurtia,1513044,24,0,987,0
2020-06-10,Russia,NA,Udmurtia,1513044,24,0,1011,0
2020-06-11,Russia,NA,Udmurtia,1513044,20,0,1031,0
2020-06-12,Russia,NA,Udmurtia,1513044,22,0,1053,0
2020-06-13,Russia,NA,Udmurtia,1513044,20,0,1073,0
2020-06-14,Russia,NA,Udmurtia,1513044,21,0,1094,0
2020-06-15,Russia,NA,Udmurtia,1513044,20,0,1114,0
2020-06-16,Russia,NA,Udmurtia,1513044,19,0,1133,0
2020-06-17,Russia,NA,Udmurtia,1513044,20,0,1153,0
2020-06-18,Russia,NA,Udmurtia,1513044,22,0,1175,0
2020-06-19,Russia,NA,Udmurtia,1513044,20,0,1195,0
2020-06-20,Russia,NA,Udmurtia,1513044,21,0,1216,0
2020-06-21,Russia,NA,Udmurtia,1513044,19,0,1235,0
2020-06-22,Russia,NA,Udmurtia,1513044,19,0,1254,0
2020-06-23,Russia,NA,Udmurtia,1513044,18,0,1272,0
2020-06-24,Russia,NA,Udmurtia,1513044,22,0,1294,0
2020-06-25,Russia,NA,Udmurtia,1513044,20,0,1314,0
2020-06-26,Russia,NA,Udmurtia,1513044,20,0,1334,0
2020-06-27,Russia,NA,Udmurtia,1513044,23,0,1357,0
2020-06-28,Russia,NA,Udmurtia,1513044,22,0,1379,0
2020-06-29,Russia,NA,Udmurtia,1513044,21,0,1400,0
2020-06-30,Russia,NA,Udmurtia,1513044,20,0,1420,0
2020-07-01,Russia,NA,Udmurtia,1513044,20,0,1440,0
2020-07-02,Russia,NA,Udmurtia,1513044,19,0,1459,0
2020-07-03,Russia,NA,Udmurtia,1513044,17,0,1476,0
2020-07-04,Russia,NA,Udmurtia,1513044,23,0,1499,0
2020-07-05,Russia,NA,Udmurtia,1513044,20,0,1519,0
2020-07-06,Russia,NA,Udmurtia,1513044,18,0,1537,0
2020-07-07,Russia,NA,Udmurtia,1513044,17,0,1554,0
2020-07-08,Russia,NA,Udmurtia,1513044,38,0,1592,0
2020-07-09,Russia,NA,Udmurtia,1513044,31,0,1623,0
2020-07-10,Russia,NA,Udmurtia,1513044,29,0,1652,0
2020-07-11,Russia,NA,Udmurtia,1513044,49,0,1701,0
2020-07-12,Russia,NA,Udmurtia,1513044,46,0,1747,0
2020-07-13,Russia,NA,Udmurtia,1513044,45,0,1792,0
2020-07-14,Russia,NA,Udmurtia,1513044,42,0,1834,0
2020-07-15,Russia,NA,Udmurtia,1513044,46,0,1880,0
2020-07-16,Russia,NA,Udmurtia,1513044,43,0,1923,0
2020-07-17,Russia,NA,Udmurtia,1513044,43,0,1966,0
2020-07-18,Russia,NA,Udmurtia,1513044,40,0,2006,0
2020-07-19,Russia,NA,Udmurtia,1513044,38,0,2044,0
2020-07-20,Russia,NA,Udmurtia,1513044,35,0,2079,0
2020-07-21,Russia,NA,Udmurtia,1513044,32,0,2111,0
2020-07-22,Russia,NA,Udmurtia,1513044,31,0,2142,0
2020-07-23,Russia,NA,Udmurtia,1513044,31,0,2173,0
2020-07-24,Russia,NA,Udmurtia,1513044,29,0,2202,0
2020-07-25,Russia,NA,Udmurtia,1513044,27,0,2229,0
2020-07-26,Russia,NA,Udmurtia,1513044,25,0,2254,0
2020-07-27,Russia,NA,Udmurtia,1513044,25,0,2279,0
2020-07-28,Russia,NA,Udmurtia,1513044,24,0,2303,0
2020-07-29,Russia,NA,Udmurtia,1513044,20,0,2323,0
2020-07-30,Russia,NA,Udmurtia,1513044,18,0,2341,0
2020-07-31,Russia,NA,Udmurtia,1513044,19,0,2360,0
2020-08-01,Russia,NA,Udmurtia,1513044,18,0,2378,0
2020-08-02,Russia,NA,Udmurtia,1513044,20,0,2398,0
2020-08-17,Russia,NA,Udmurtia,1513044,0,0,2792,34
2020-08-18,Russia,NA,Udmurtia,1513044,27,2,2819,36
2020-08-19,Russia,NA,Udmurtia,1513044,30,0,2849,36
2020-08-20,Russia,NA,Udmurtia,1513044,27,0,2876,36
2020-08-21,Russia,NA,Udmurtia,1513044,27,2,2903,38
2020-08-22,Russia,NA,Udmurtia,1513044,28,0,2931,38
2020-08-23,Russia,NA,Udmurtia,1513044,30,0,2961,38
2020-08-24,Russia,NA,Udmurtia,1513044,29,0,2990,38
2020-08-25,Russia,NA,Udmurtia,1513044,23,4,3013,42
2020-08-26,Russia,NA,Udmurtia,1513044,27,3,3040,45
2020-08-27,Russia,NA,Udmurtia,1513044,22,0,3062,45
2020-08-28,Russia,NA,Udmurtia,1513044,30,0,3092,45
2020-08-29,Russia,NA,Udmurtia,1513044,31,0,3123,45
2020-08-30,Russia,NA,Udmurtia,1513044,27,0,3150,45
2020-08-31,Russia,NA,Udmurtia,1513044,29,0,3179,45
2020-09-01,Russia,NA,Udmurtia,1513044,32,0,3211,45
2020-09-02,Russia,NA,Udmurtia,1513044,38,0,3249,45
2020-09-03,Russia,NA,Udmurtia,1513044,45,0,3294,45
2020-09-04,Russia,NA,Udmurtia,1513044,49,0,3343,45
2020-09-05,Russia,NA,Udmurtia,1513044,49,4,3392,49
2020-09-06,Russia,NA,Udmurtia,1513044,51,0,3443,49
2020-09-07,Russia,NA,Udmurtia,1513044,48,0,3491,49
2020-09-08,Russia,NA,Udmurtia,1513044,52,2,3543,51
2020-09-09,Russia,NA,Udmurtia,1513044,50,0,3593,51
2020-09-10,Russia,NA,Udmurtia,1513044,55,3,3648,54
2020-09-11,Russia,NA,Udmurtia,1513044,64,0,3712,54
2020-09-12,Russia,NA,Udmurtia,1513044,61,0,3773,54
2020-09-13,Russia,NA,Udmurtia,1513044,63,0,3836,54
2020-09-14,Russia,NA,Udmurtia,1513044,60,0,3896,54
2020-09-15,Russia,NA,Udmurtia,1513044,65,1,3961,55
2020-04-10,Russia,NA,Ulyanovsk Oblast,1246618,34,0,40,0
2020-04-11,Russia,NA,Ulyanovsk Oblast,1246618,22,0,62,0
2020-04-12,Russia,NA,Ulyanovsk Oblast,1246618,8,0,70,0
2020-04-13,Russia,NA,Ulyanovsk Oblast,1246618,16,0,86,0
2020-04-15,Russia,NA,Ulyanovsk Oblast,1246618,18,0,104,0
2020-04-16,Russia,NA,Ulyanovsk Oblast,1246618,19,0,123,0
2020-04-17,Russia,NA,Ulyanovsk Oblast,1246618,15,0,138,0
2020-04-18,Russia,NA,Ulyanovsk Oblast,1246618,19,0,157,0
2020-04-19,Russia,NA,Ulyanovsk Oblast,1246618,11,0,168,0
2020-04-20,Russia,NA,Ulyanovsk Oblast,1246618,19,0,187,0
2020-04-22,Russia,NA,Ulyanovsk Oblast,1246618,9,0,196,0
2020-04-23,Russia,NA,Ulyanovsk Oblast,1246618,32,0,228,0
2020-04-24,Russia,NA,Ulyanovsk Oblast,1246618,25,0,253,0
2020-04-25,Russia,NA,Ulyanovsk Oblast,1246618,27,0,280,0
2020-04-26,Russia,NA,Ulyanovsk Oblast,1246618,27,0,307,0
2020-04-27,Russia,NA,Ulyanovsk Oblast,1246618,24,0,331,0
2020-04-28,Russia,NA,Ulyanovsk Oblast,1246618,29,0,360,0
2020-04-29,Russia,NA,Ulyanovsk Oblast,1246618,19,0,379,0
2020-04-30,Russia,NA,Ulyanovsk Oblast,1246618,27,0,406,0
2020-05-01,Russia,NA,Ulyanovsk Oblast,1246618,23,0,429,0
2020-05-02,Russia,NA,Ulyanovsk Oblast,1246618,32,0,461,0
2020-05-03,Russia,NA,Ulyanovsk Oblast,1246618,38,0,499,0
2020-05-04,Russia,NA,Ulyanovsk Oblast,1246618,29,0,528,0
2020-05-05,Russia,NA,Ulyanovsk Oblast,1246618,16,0,544,0
2020-05-06,Russia,NA,Ulyanovsk Oblast,1246618,29,0,573,0
2020-05-07,Russia,NA,Ulyanovsk Oblast,1246618,32,0,605,0
2020-05-08,Russia,NA,Ulyanovsk Oblast,1246618,76,0,681,0
2020-05-09,Russia,NA,Ulyanovsk Oblast,1246618,84,0,765,0
2020-05-10,Russia,NA,Ulyanovsk Oblast,1246618,42,0,807,0
2020-05-11,Russia,NA,Ulyanovsk Oblast,1246618,41,0,848,0
2020-05-12,Russia,NA,Ulyanovsk Oblast,1246618,38,0,886,0
2020-05-13,Russia,NA,Ulyanovsk Oblast,1246618,46,0,932,0
2020-05-14,Russia,NA,Ulyanovsk Oblast,1246618,80,0,1012,0
2020-05-15,Russia,NA,Ulyanovsk Oblast,1246618,69,0,1081,0
2020-05-16,Russia,NA,Ulyanovsk Oblast,1246618,78,0,1159,0
2020-05-17,Russia,NA,Ulyanovsk Oblast,1246618,101,0,1260,0
2020-05-18,Russia,NA,Ulyanovsk Oblast,1246618,106,0,1366,0
2020-05-19,Russia,NA,Ulyanovsk Oblast,1246618,96,0,1462,0
2020-05-20,Russia,NA,Ulyanovsk Oblast,1246618,64,0,1526,0
2020-05-21,Russia,NA,Ulyanovsk Oblast,1246618,70,0,1596,0
2020-05-22,Russia,NA,Ulyanovsk Oblast,1246618,70,0,1666,0
2020-05-23,Russia,NA,Ulyanovsk Oblast,1246618,98,0,1764,0
2020-05-24,Russia,NA,Ulyanovsk Oblast,1246618,97,0,1861,0
2020-05-25,Russia,NA,Ulyanovsk Oblast,1246618,98,0,1959,0
2020-05-26,Russia,NA,Ulyanovsk Oblast,1246618,92,0,2051,0
2020-05-27,Russia,NA,Ulyanovsk Oblast,1246618,70,0,2121,0
2020-05-28,Russia,NA,Ulyanovsk Oblast,1246618,75,0,2196,0
2020-05-29,Russia,NA,Ulyanovsk Oblast,1246618,75,0,2271,0
2020-05-30,Russia,NA,Ulyanovsk Oblast,1246618,98,0,2369,0
2020-05-31,Russia,NA,Ulyanovsk Oblast,1246618,97,0,2466,0
2020-06-01,Russia,NA,Ulyanovsk Oblast,1246618,101,0,2567,0
2020-06-02,Russia,NA,Ulyanovsk Oblast,1246618,105,0,2672,0
2020-06-03,Russia,NA,Ulyanovsk Oblast,1246618,98,0,2770,0
2020-06-04,Russia,NA,Ulyanovsk Oblast,1246618,100,0,2870,0
2020-06-05,Russia,NA,Ulyanovsk Oblast,1246618,95,0,2965,0
2020-06-06,Russia,NA,Ulyanovsk Oblast,1246618,109,0,3074,0
2020-06-07,Russia,NA,Ulyanovsk Oblast,1246618,94,0,3168,0
2020-06-08,Russia,NA,Ulyanovsk Oblast,1246618,97,0,3265,0
2020-06-09,Russia,NA,Ulyanovsk Oblast,1246618,94,0,3359,0
2020-06-10,Russia,NA,Ulyanovsk Oblast,1246618,91,0,3450,0
2020-06-11,Russia,NA,Ulyanovsk Oblast,1246618,88,0,3538,0
2020-06-12,Russia,NA,Ulyanovsk Oblast,1246618,95,0,3633,0
2020-06-13,Russia,NA,Ulyanovsk Oblast,1246618,150,0,3783,0
2020-06-14,Russia,NA,Ulyanovsk Oblast,1246618,119,0,3902,0
2020-06-15,Russia,NA,Ulyanovsk Oblast,1246618,146,0,4048,0
2020-06-16,Russia,NA,Ulyanovsk Oblast,1246618,147,0,4195,0
2020-06-17,Russia,NA,Ulyanovsk Oblast,1246618,149,0,4344,0
2020-06-18,Russia,NA,Ulyanovsk Oblast,1246618,123,0,4467,0
2020-06-19,Russia,NA,Ulyanovsk Oblast,1246618,122,0,4589,0
2020-06-20,Russia,NA,Ulyanovsk Oblast,1246618,111,0,4700,0
2020-06-21,Russia,NA,Ulyanovsk Oblast,1246618,110,0,4810,0
2020-06-22,Russia,NA,Ulyanovsk Oblast,1246618,110,0,4920,0
2020-06-23,Russia,NA,Ulyanovsk Oblast,1246618,106,0,5026,0
2020-06-24,Russia,NA,Ulyanovsk Oblast,1246618,107,0,5133,0
2020-06-25,Russia,NA,Ulyanovsk Oblast,1246618,109,0,5242,0
2020-06-26,Russia,NA,Ulyanovsk Oblast,1246618,110,0,5352,0
2020-06-27,Russia,NA,Ulyanovsk Oblast,1246618,109,0,5461,0
2020-06-28,Russia,NA,Ulyanovsk Oblast,1246618,106,0,5567,0
2020-06-29,Russia,NA,Ulyanovsk Oblast,1246618,107,0,5674,0
2020-06-30,Russia,NA,Ulyanovsk Oblast,1246618,106,0,5780,0
2020-07-01,Russia,NA,Ulyanovsk Oblast,1246618,108,0,5888,0
2020-07-02,Russia,NA,Ulyanovsk Oblast,1246618,105,0,5993,0
2020-07-03,Russia,NA,Ulyanovsk Oblast,1246618,103,0,6096,0
2020-07-04,Russia,NA,Ulyanovsk Oblast,1246618,107,0,6203,0
2020-07-05,Russia,NA,Ulyanovsk Oblast,1246618,105,0,6308,0
2020-07-06,Russia,NA,Ulyanovsk Oblast,1246618,107,0,6415,0
2020-07-07,Russia,NA,Ulyanovsk Oblast,1246618,105,0,6520,0
2020-07-08,Russia,NA,Ulyanovsk Oblast,1246618,108,0,6628,0
2020-07-09,Russia,NA,Ulyanovsk Oblast,1246618,105,0,6733,0
2020-07-10,Russia,NA,Ulyanovsk Oblast,1246618,103,0,6836,0
2020-07-11,Russia,NA,Ulyanovsk Oblast,1246618,108,0,6944,0
2020-07-12,Russia,NA,Ulyanovsk Oblast,1246618,107,0,7051,0
2020-07-13,Russia,NA,Ulyanovsk Oblast,1246618,111,0,7162,0
2020-07-14,Russia,NA,Ulyanovsk Oblast,1246618,110,0,7272,0
2020-07-15,Russia,NA,Ulyanovsk Oblast,1246618,110,0,7382,0
2020-07-16,Russia,NA,Ulyanovsk Oblast,1246618,111,0,7493,0
2020-07-17,Russia,NA,Ulyanovsk Oblast,1246618,103,0,7596,0
2020-07-18,Russia,NA,Ulyanovsk Oblast,1246618,110,0,7706,0
2020-07-19,Russia,NA,Ulyanovsk Oblast,1246618,112,0,7818,0
2020-07-20,Russia,NA,Ulyanovsk Oblast,1246618,109,0,7927,0
2020-07-21,Russia,NA,Ulyanovsk Oblast,1246618,110,0,8037,0
2020-07-22,Russia,NA,Ulyanovsk Oblast,1246618,100,0,8137,0
2020-07-23,Russia,NA,Ulyanovsk Oblast,1246618,110,0,8247,0
2020-07-24,Russia,NA,Ulyanovsk Oblast,1246618,110,0,8357,0
2020-07-25,Russia,NA,Ulyanovsk Oblast,1246618,104,0,8461,0
2020-07-26,Russia,NA,Ulyanovsk Oblast,1246618,108,0,8569,0
2020-07-27,Russia,NA,Ulyanovsk Oblast,1246618,102,0,8671,0
2020-07-28,Russia,NA,Ulyanovsk Oblast,1246618,110,0,8781,0
2020-07-29,Russia,NA,Ulyanovsk Oblast,1246618,104,0,8885,0
2020-07-30,Russia,NA,Ulyanovsk Oblast,1246618,110,0,8995,0
2020-07-31,Russia,NA,Ulyanovsk Oblast,1246618,100,0,9095,0
2020-08-01,Russia,NA,Ulyanovsk Oblast,1246618,110,0,9205,0
2020-08-02,Russia,NA,Ulyanovsk Oblast,1246618,102,0,9307,0
2020-08-17,Russia,NA,Ulyanovsk Oblast,1246618,0,0,10839,73
2020-08-18,Russia,NA,Ulyanovsk Oblast,1246618,95,0,10934,73
2020-08-19,Russia,NA,Ulyanovsk Oblast,1246618,91,0,11025,73
2020-08-20,Russia,NA,Ulyanovsk Oblast,1246618,99,3,11124,76
2020-08-21,Russia,NA,Ulyanovsk Oblast,1246618,91,4,11215,80
2020-08-22,Russia,NA,Ulyanovsk Oblast,1246618,87,7,11302,87
2020-08-23,Russia,NA,Ulyanovsk Oblast,1246618,84,0,11386,87
2020-08-24,Russia,NA,Ulyanovsk Oblast,1246618,87,4,11473,91
2020-08-25,Russia,NA,Ulyanovsk Oblast,1246618,85,0,11558,91
2020-08-26,Russia,NA,Ulyanovsk Oblast,1246618,80,0,11638,91
2020-08-27,Russia,NA,Ulyanovsk Oblast,1246618,80,0,11718,91
2020-08-28,Russia,NA,Ulyanovsk Oblast,1246618,89,0,11807,91
2020-08-29,Russia,NA,Ulyanovsk Oblast,1246618,85,2,11892,93
2020-08-30,Russia,NA,Ulyanovsk Oblast,1246618,89,0,11981,93
2020-08-31,Russia,NA,Ulyanovsk Oblast,1246618,91,8,12072,101
2020-09-01,Russia,NA,Ulyanovsk Oblast,1246618,92,0,12164,101
2020-09-02,Russia,NA,Ulyanovsk Oblast,1246618,95,9,12259,110
2020-09-03,Russia,NA,Ulyanovsk Oblast,1246618,94,1,12353,111
2020-09-04,Russia,NA,Ulyanovsk Oblast,1246618,98,0,12451,111
2020-09-05,Russia,NA,Ulyanovsk Oblast,1246618,99,0,12550,111
2020-09-06,Russia,NA,Ulyanovsk Oblast,1246618,98,0,12648,111
2020-09-07,Russia,NA,Ulyanovsk Oblast,1246618,97,0,12745,111
2020-09-08,Russia,NA,Ulyanovsk Oblast,1246618,99,0,12844,111
2020-09-09,Russia,NA,Ulyanovsk Oblast,1246618,105,9,12949,120
2020-09-10,Russia,NA,Ulyanovsk Oblast,1246618,108,5,13057,125
2020-09-11,Russia,NA,Ulyanovsk Oblast,1246618,109,0,13166,125
2020-09-12,Russia,NA,Ulyanovsk Oblast,1246618,110,5,13276,130
2020-09-13,Russia,NA,Ulyanovsk Oblast,1246618,128,0,13404,130
2020-09-14,Russia,NA,Ulyanovsk Oblast,1246618,129,0,13533,130
2020-09-15,Russia,NA,Ulyanovsk Oblast,1246618,128,4,13661,134
2020-04-07,Russia,NA,Vladimir Oblast,1378337,7,0,12,0
2020-04-08,Russia,NA,Vladimir Oblast,1378337,2,0,14,0
2020-04-09,Russia,NA,Vladimir Oblast,1378337,24,0,38,0
2020-04-10,Russia,NA,Vladimir Oblast,1378337,4,0,42,0
2020-04-11,Russia,NA,Vladimir Oblast,1378337,6,0,48,0
2020-04-12,Russia,NA,Vladimir Oblast,1378337,23,0,71,0
2020-04-13,Russia,NA,Vladimir Oblast,1378337,13,0,84,0
2020-04-14,Russia,NA,Vladimir Oblast,1378337,16,0,100,0
2020-04-15,Russia,NA,Vladimir Oblast,1378337,45,0,145,0
2020-04-16,Russia,NA,Vladimir Oblast,1378337,14,0,159,0
2020-04-17,Russia,NA,Vladimir Oblast,1378337,24,0,183,0
2020-04-18,Russia,NA,Vladimir Oblast,1378337,15,0,198,0
2020-04-19,Russia,NA,Vladimir Oblast,1378337,27,0,225,0
2020-04-20,Russia,NA,Vladimir Oblast,1378337,34,0,259,0
2020-04-21,Russia,NA,Vladimir Oblast,1378337,21,0,280,0
2020-04-22,Russia,NA,Vladimir Oblast,1378337,13,0,293,0
2020-04-23,Russia,NA,Vladimir Oblast,1378337,46,0,339,0
2020-04-24,Russia,NA,Vladimir Oblast,1378337,42,0,381,0
2020-04-25,Russia,NA,Vladimir Oblast,1378337,45,0,426,0
2020-04-26,Russia,NA,Vladimir Oblast,1378337,49,0,475,0
2020-04-27,Russia,NA,Vladimir Oblast,1378337,43,0,518,0
2020-04-28,Russia,NA,Vladimir Oblast,1378337,79,0,597,0
2020-04-29,Russia,NA,Vladimir Oblast,1378337,37,0,634,0
2020-04-30,Russia,NA,Vladimir Oblast,1378337,35,0,669,0
2020-05-01,Russia,NA,Vladimir Oblast,1378337,46,0,715,0
2020-05-02,Russia,NA,Vladimir Oblast,1378337,60,0,775,0
2020-05-03,Russia,NA,Vladimir Oblast,1378337,55,0,830,0
2020-05-04,Russia,NA,Vladimir Oblast,1378337,66,0,896,0
2020-05-05,Russia,NA,Vladimir Oblast,1378337,48,0,944,0
2020-05-06,Russia,NA,Vladimir Oblast,1378337,57,0,1001,0
2020-05-07,Russia,NA,Vladimir Oblast,1378337,78,0,1079,0
2020-05-08,Russia,NA,Vladimir Oblast,1378337,15,0,1094,0
2020-05-09,Russia,NA,Vladimir Oblast,1378337,42,0,1136,0
2020-05-10,Russia,NA,Vladimir Oblast,1378337,83,0,1219,0
2020-05-11,Russia,NA,Vladimir Oblast,1378337,77,0,1296,0
2020-05-12,Russia,NA,Vladimir Oblast,1378337,61,0,1357,0
2020-05-13,Russia,NA,Vladimir Oblast,1378337,72,0,1429,0
2020-05-14,Russia,NA,Vladimir Oblast,1378337,45,0,1474,0
2020-05-15,Russia,NA,Vladimir Oblast,1378337,88,0,1562,0
2020-05-16,Russia,NA,Vladimir Oblast,1378337,65,0,1627,0
2020-05-17,Russia,NA,Vladimir Oblast,1378337,81,0,1708,0
2020-05-18,Russia,NA,Vladimir Oblast,1378337,99,0,1807,0
2020-05-19,Russia,NA,Vladimir Oblast,1378337,83,0,1890,0
2020-05-20,Russia,NA,Vladimir Oblast,1378337,66,0,1956,0
2020-05-21,Russia,NA,Vladimir Oblast,1378337,57,0,2013,0
2020-05-22,Russia,NA,Vladimir Oblast,1378337,77,0,2090,0
2020-05-23,Russia,NA,Vladimir Oblast,1378337,74,0,2164,0
2020-05-24,Russia,NA,Vladimir Oblast,1378337,59,0,2223,0
2020-05-25,Russia,NA,Vladimir Oblast,1378337,69,0,2292,0
2020-05-26,Russia,NA,Vladimir Oblast,1378337,57,0,2349,0
2020-05-27,Russia,NA,Vladimir Oblast,1378337,55,0,2404,0
2020-05-28,Russia,NA,Vladimir Oblast,1378337,61,0,2465,0
2020-05-29,Russia,NA,Vladimir Oblast,1378337,59,0,2524,0
2020-05-30,Russia,NA,Vladimir Oblast,1378337,63,0,2587,0
2020-05-31,Russia,NA,Vladimir Oblast,1378337,59,0,2646,0
2020-06-01,Russia,NA,Vladimir Oblast,1378337,59,0,2705,0
2020-06-02,Russia,NA,Vladimir Oblast,1378337,62,0,2767,0
2020-06-03,Russia,NA,Vladimir Oblast,1378337,56,0,2823,0
2020-06-04,Russia,NA,Vladimir Oblast,1378337,55,0,2878,0
2020-06-05,Russia,NA,Vladimir Oblast,1378337,58,0,2936,0
2020-06-06,Russia,NA,Vladimir Oblast,1378337,60,0,2996,0
2020-06-07,Russia,NA,Vladimir Oblast,1378337,63,0,3059,0
2020-06-08,Russia,NA,Vladimir Oblast,1378337,62,0,3121,0
2020-06-09,Russia,NA,Vladimir Oblast,1378337,54,0,3175,0
2020-06-10,Russia,NA,Vladimir Oblast,1378337,55,0,3230,0
2020-06-11,Russia,NA,Vladimir Oblast,1378337,64,0,3294,0
2020-06-12,Russia,NA,Vladimir Oblast,1378337,66,0,3360,0
2020-06-13,Russia,NA,Vladimir Oblast,1378337,63,0,3423,0
2020-06-14,Russia,NA,Vladimir Oblast,1378337,59,0,3482,0
2020-06-15,Russia,NA,Vladimir Oblast,1378337,57,0,3539,0
2020-06-16,Russia,NA,Vladimir Oblast,1378337,60,0,3599,0
2020-06-17,Russia,NA,Vladimir Oblast,1378337,56,0,3655,0
2020-06-18,Russia,NA,Vladimir Oblast,1378337,54,0,3709,0
2020-06-19,Russia,NA,Vladimir Oblast,1378337,56,0,3765,0
2020-06-20,Russia,NA,Vladimir Oblast,1378337,55,0,3820,0
2020-06-21,Russia,NA,Vladimir Oblast,1378337,53,0,3873,0
2020-06-22,Russia,NA,Vladimir Oblast,1378337,51,0,3924,0
2020-06-23,Russia,NA,Vladimir Oblast,1378337,52,0,3976,0
2020-06-24,Russia,NA,Vladimir Oblast,1378337,50,0,4026,0
2020-06-25,Russia,NA,Vladimir Oblast,1378337,53,0,4079,0
2020-06-26,Russia,NA,Vladimir Oblast,1378337,51,0,4130,0
2020-06-27,Russia,NA,Vladimir Oblast,1378337,54,0,4184,0
2020-06-28,Russia,NA,Vladimir Oblast,1378337,49,0,4233,0
2020-06-29,Russia,NA,Vladimir Oblast,1378337,51,0,4284,0
2020-06-30,Russia,NA,Vladimir Oblast,1378337,48,0,4332,0
2020-07-01,Russia,NA,Vladimir Oblast,1378337,46,0,4378,0
2020-07-02,Russia,NA,Vladimir Oblast,1378337,48,0,4426,0
2020-07-03,Russia,NA,Vladimir Oblast,1378337,49,0,4475,0
2020-07-04,Russia,NA,Vladimir Oblast,1378337,47,0,4522,0
2020-07-05,Russia,NA,Vladimir Oblast,1378337,46,0,4568,0
2020-07-06,Russia,NA,Vladimir Oblast,1378337,49,0,4617,0
2020-07-07,Russia,NA,Vladimir Oblast,1378337,47,0,4664,0
2020-07-08,Russia,NA,Vladimir Oblast,1378337,45,0,4709,0
2020-07-09,Russia,NA,Vladimir Oblast,1378337,46,0,4755,0
2020-07-10,Russia,NA,Vladimir Oblast,1378337,44,0,4799,0
2020-07-11,Russia,NA,Vladimir Oblast,1378337,45,0,4844,0
2020-07-12,Russia,NA,Vladimir Oblast,1378337,43,0,4887,0
2020-07-13,Russia,NA,Vladimir Oblast,1378337,45,0,4932,0
2020-07-14,Russia,NA,Vladimir Oblast,1378337,44,0,4976,0
2020-07-15,Russia,NA,Vladimir Oblast,1378337,42,0,5018,0
2020-07-16,Russia,NA,Vladimir Oblast,1378337,43,0,5061,0
2020-07-17,Russia,NA,Vladimir Oblast,1378337,42,0,5103,0
2020-07-18,Russia,NA,Vladimir Oblast,1378337,44,0,5147,0
2020-07-19,Russia,NA,Vladimir Oblast,1378337,41,0,5188,0
2020-07-20,Russia,NA,Vladimir Oblast,1378337,43,0,5231,0
2020-07-21,Russia,NA,Vladimir Oblast,1378337,37,0,5268,0
2020-07-22,Russia,NA,Vladimir Oblast,1378337,35,0,5303,0
2020-07-23,Russia,NA,Vladimir Oblast,1378337,36,0,5339,0
2020-07-24,Russia,NA,Vladimir Oblast,1378337,33,0,5372,0
2020-07-25,Russia,NA,Vladimir Oblast,1378337,31,0,5403,0
2020-07-26,Russia,NA,Vladimir Oblast,1378337,29,0,5432,0
2020-07-27,Russia,NA,Vladimir Oblast,1378337,28,0,5460,0
2020-07-28,Russia,NA,Vladimir Oblast,1378337,26,0,5486,0
2020-07-29,Russia,NA,Vladimir Oblast,1378337,25,0,5511,0
2020-07-30,Russia,NA,Vladimir Oblast,1378337,22,0,5533,0
2020-07-31,Russia,NA,Vladimir Oblast,1378337,23,0,5556,0
2020-08-01,Russia,NA,Vladimir Oblast,1378337,24,0,5580,0
2020-08-02,Russia,NA,Vladimir Oblast,1378337,25,0,5605,0
2020-08-17,Russia,NA,Vladimir Oblast,1378337,0,0,5972,186
2020-08-18,Russia,NA,Vladimir Oblast,1378337,22,4,5994,190
2020-08-19,Russia,NA,Vladimir Oblast,1378337,23,1,6017,191
2020-08-20,Russia,NA,Vladimir Oblast,1378337,25,0,6042,191
2020-08-21,Russia,NA,Vladimir Oblast,1378337,24,0,6066,191
2020-08-22,Russia,NA,Vladimir Oblast,1378337,23,1,6089,192
2020-08-23,Russia,NA,Vladimir Oblast,1378337,25,0,6114,192
2020-08-24,Russia,NA,Vladimir Oblast,1378337,23,0,6137,192
2020-08-25,Russia,NA,Vladimir Oblast,1378337,22,1,6159,193
2020-08-26,Russia,NA,Vladimir Oblast,1378337,26,0,6185,193
2020-08-27,Russia,NA,Vladimir Oblast,1378337,27,0,6212,193
2020-08-28,Russia,NA,Vladimir Oblast,1378337,25,0,6237,193
2020-08-29,Russia,NA,Vladimir Oblast,1378337,27,1,6264,194
2020-08-30,Russia,NA,Vladimir Oblast,1378337,28,0,6292,194
2020-08-31,Russia,NA,Vladimir Oblast,1378337,26,0,6318,194
2020-09-01,Russia,NA,Vladimir Oblast,1378337,27,0,6345,194
2020-09-02,Russia,NA,Vladimir Oblast,1378337,29,1,6374,195
2020-09-03,Russia,NA,Vladimir Oblast,1378337,31,0,6405,195
2020-09-04,Russia,NA,Vladimir Oblast,1378337,32,1,6437,196
2020-09-05,Russia,NA,Vladimir Oblast,1378337,27,1,6464,197
2020-09-06,Russia,NA,Vladimir Oblast,1378337,29,0,6493,197
2020-09-07,Russia,NA,Vladimir Oblast,1378337,28,0,6521,197
2020-09-08,Russia,NA,Vladimir Oblast,1378337,30,0,6551,197
2020-09-09,Russia,NA,Vladimir Oblast,1378337,32,1,6583,198
2020-09-10,Russia,NA,Vladimir Oblast,1378337,31,0,6614,198
2020-09-11,Russia,NA,Vladimir Oblast,1378337,33,1,6647,199
2020-09-12,Russia,NA,Vladimir Oblast,1378337,32,0,6679,199
2020-09-13,Russia,NA,Vladimir Oblast,1378337,30,0,6709,199
2020-09-14,Russia,NA,Vladimir Oblast,1378337,31,0,6740,199
2020-09-15,Russia,NA,Vladimir Oblast,1378337,32,0,6772,199
2020-04-06,Russia,NA,Volgograd Oblast,2521276,7,0,15,0
2020-04-07,Russia,NA,Volgograd Oblast,2521276,11,0,26,0
2020-04-10,Russia,NA,Volgograd Oblast,2521276,2,0,28,0
2020-04-11,Russia,NA,Volgograd Oblast,2521276,5,0,33,0
2020-04-12,Russia,NA,Volgograd Oblast,2521276,5,0,38,0
2020-04-13,Russia,NA,Volgograd Oblast,2521276,6,0,44,0
2020-04-14,Russia,NA,Volgograd Oblast,2521276,2,0,46,0
2020-04-15,Russia,NA,Volgograd Oblast,2521276,1,0,47,0
2020-04-16,Russia,NA,Volgograd Oblast,2521276,11,0,58,0
2020-04-17,Russia,NA,Volgograd Oblast,2521276,4,0,62,0
2020-04-18,Russia,NA,Volgograd Oblast,2521276,17,0,79,0
2020-04-19,Russia,NA,Volgograd Oblast,2521276,14,0,93,0
2020-04-20,Russia,NA,Volgograd Oblast,2521276,18,0,111,0
2020-04-21,Russia,NA,Volgograd Oblast,2521276,23,0,134,0
2020-04-22,Russia,NA,Volgograd Oblast,2521276,11,0,145,0
2020-04-23,Russia,NA,Volgograd Oblast,2521276,20,0,165,0
2020-04-24,Russia,NA,Volgograd Oblast,2521276,21,0,186,0
2020-04-25,Russia,NA,Volgograd Oblast,2521276,26,0,212,0
2020-04-26,Russia,NA,Volgograd Oblast,2521276,30,0,242,0
2020-04-27,Russia,NA,Volgograd Oblast,2521276,30,0,272,0
2020-04-28,Russia,NA,Volgograd Oblast,2521276,25,0,297,0
2020-04-29,Russia,NA,Volgograd Oblast,2521276,16,0,313,0
2020-04-30,Russia,NA,Volgograd Oblast,2521276,31,0,344,0
2020-05-01,Russia,NA,Volgograd Oblast,2521276,42,0,386,0
2020-05-02,Russia,NA,Volgograd Oblast,2521276,46,0,432,0
2020-05-03,Russia,NA,Volgograd Oblast,2521276,42,0,474,0
2020-05-04,Russia,NA,Volgograd Oblast,2521276,42,0,516,0
2020-05-05,Russia,NA,Volgograd Oblast,2521276,62,0,578,0
2020-05-06,Russia,NA,Volgograd Oblast,2521276,69,0,647,0
2020-05-07,Russia,NA,Volgograd Oblast,2521276,64,0,711,0
2020-05-08,Russia,NA,Volgograd Oblast,2521276,80,0,791,0
2020-05-09,Russia,NA,Volgograd Oblast,2521276,102,0,893,0
2020-05-10,Russia,NA,Volgograd Oblast,2521276,119,0,1012,0
2020-05-11,Russia,NA,Volgograd Oblast,2521276,49,0,1061,0
2020-05-12,Russia,NA,Volgograd Oblast,2521276,74,0,1135,0
2020-05-13,Russia,NA,Volgograd Oblast,2521276,124,0,1259,0
2020-05-14,Russia,NA,Volgograd Oblast,2521276,96,0,1355,0
2020-05-15,Russia,NA,Volgograd Oblast,2521276,90,0,1445,0
2020-05-16,Russia,NA,Volgograd Oblast,2521276,86,0,1531,0
2020-05-17,Russia,NA,Volgograd Oblast,2521276,65,0,1596,0
2020-05-18,Russia,NA,Volgograd Oblast,2521276,65,0,1661,0
2020-05-19,Russia,NA,Volgograd Oblast,2521276,86,0,1747,0
2020-05-20,Russia,NA,Volgograd Oblast,2521276,84,0,1831,0
2020-05-21,Russia,NA,Volgograd Oblast,2521276,82,0,1913,0
2020-05-22,Russia,NA,Volgograd Oblast,2521276,89,0,2002,0
2020-05-23,Russia,NA,Volgograd Oblast,2521276,107,0,2109,0
2020-05-24,Russia,NA,Volgograd Oblast,2521276,98,0,2207,0
2020-05-25,Russia,NA,Volgograd Oblast,2521276,89,0,2296,0
2020-05-26,Russia,NA,Volgograd Oblast,2521276,88,0,2384,0
2020-05-27,Russia,NA,Volgograd Oblast,2521276,86,0,2470,0
2020-05-28,Russia,NA,Volgograd Oblast,2521276,111,0,2581,0
2020-05-29,Russia,NA,Volgograd Oblast,2521276,133,0,2714,0
2020-05-30,Russia,NA,Volgograd Oblast,2521276,154,0,2868,0
2020-05-31,Russia,NA,Volgograd Oblast,2521276,158,0,3026,0
2020-06-01,Russia,NA,Volgograd Oblast,2521276,189,0,3215,0
2020-06-02,Russia,NA,Volgograd Oblast,2521276,119,0,3334,0
2020-06-03,Russia,NA,Volgograd Oblast,2521276,98,0,3432,0
2020-06-04,Russia,NA,Volgograd Oblast,2521276,109,0,3541,0
2020-06-05,Russia,NA,Volgograd Oblast,2521276,128,0,3669,0
2020-06-06,Russia,NA,Volgograd Oblast,2521276,125,0,3794,0
2020-06-07,Russia,NA,Volgograd Oblast,2521276,119,0,3913,0
2020-06-08,Russia,NA,Volgograd Oblast,2521276,117,0,4030,0
2020-06-09,Russia,NA,Volgograd Oblast,2521276,92,0,4122,0
2020-06-10,Russia,NA,Volgograd Oblast,2521276,116,0,4238,0
2020-06-11,Russia,NA,Volgograd Oblast,2521276,108,0,4346,0
2020-06-12,Russia,NA,Volgograd Oblast,2521276,114,0,4460,0
2020-06-13,Russia,NA,Volgograd Oblast,2521276,109,0,4569,0
2020-06-14,Russia,NA,Volgograd Oblast,2521276,108,0,4677,0
2020-06-15,Russia,NA,Volgograd Oblast,2521276,106,0,4783,0
2020-06-16,Russia,NA,Volgograd Oblast,2521276,104,0,4887,0
2020-06-17,Russia,NA,Volgograd Oblast,2521276,104,0,4991,0
2020-06-18,Russia,NA,Volgograd Oblast,2521276,109,0,5100,0
2020-06-19,Russia,NA,Volgograd Oblast,2521276,107,0,5207,0
2020-06-20,Russia,NA,Volgograd Oblast,2521276,105,0,5312,0
2020-06-21,Russia,NA,Volgograd Oblast,2521276,98,0,5410,0
2020-06-22,Russia,NA,Volgograd Oblast,2521276,108,0,5518,0
2020-06-23,Russia,NA,Volgograd Oblast,2521276,104,0,5622,0
2020-06-24,Russia,NA,Volgograd Oblast,2521276,102,0,5724,0
2020-06-25,Russia,NA,Volgograd Oblast,2521276,101,0,5825,0
2020-06-26,Russia,NA,Volgograd Oblast,2521276,110,0,5935,0
2020-06-27,Russia,NA,Volgograd Oblast,2521276,102,0,6037,0
2020-06-28,Russia,NA,Volgograd Oblast,2521276,98,0,6135,0
2020-06-29,Russia,NA,Volgograd Oblast,2521276,97,0,6232,0
2020-06-30,Russia,NA,Volgograd Oblast,2521276,95,0,6327,0
2020-07-01,Russia,NA,Volgograd Oblast,2521276,92,0,6419,0
2020-07-02,Russia,NA,Volgograd Oblast,2521276,89,0,6508,0
2020-07-03,Russia,NA,Volgograd Oblast,2521276,89,0,6597,0
2020-07-04,Russia,NA,Volgograd Oblast,2521276,91,0,6688,0
2020-07-05,Russia,NA,Volgograd Oblast,2521276,95,0,6783,0
2020-07-06,Russia,NA,Volgograd Oblast,2521276,94,0,6877,0
2020-07-07,Russia,NA,Volgograd Oblast,2521276,92,0,6969,0
2020-07-08,Russia,NA,Volgograd Oblast,2521276,89,0,7058,0
2020-07-09,Russia,NA,Volgograd Oblast,2521276,88,0,7146,0
2020-07-10,Russia,NA,Volgograd Oblast,2521276,94,0,7240,0
2020-07-11,Russia,NA,Volgograd Oblast,2521276,92,0,7332,0
2020-07-12,Russia,NA,Volgograd Oblast,2521276,96,0,7428,0
2020-07-13,Russia,NA,Volgograd Oblast,2521276,88,0,7516,0
2020-07-14,Russia,NA,Volgograd Oblast,2521276,85,0,7601,0
2020-07-15,Russia,NA,Volgograd Oblast,2521276,93,0,7694,0
2020-07-16,Russia,NA,Volgograd Oblast,2521276,91,0,7785,0
2020-07-17,Russia,NA,Volgograd Oblast,2521276,94,0,7879,0
2020-07-18,Russia,NA,Volgograd Oblast,2521276,89,0,7968,0
2020-07-19,Russia,NA,Volgograd Oblast,2521276,88,0,8056,0
2020-07-20,Russia,NA,Volgograd Oblast,2521276,93,0,8149,0
2020-07-21,Russia,NA,Volgograd Oblast,2521276,95,0,8244,0
2020-07-22,Russia,NA,Volgograd Oblast,2521276,96,0,8340,0
2020-07-23,Russia,NA,Volgograd Oblast,2521276,91,0,8431,0
2020-07-24,Russia,NA,Volgograd Oblast,2521276,86,0,8517,0
2020-07-25,Russia,NA,Volgograd Oblast,2521276,85,0,8602,0
2020-07-26,Russia,NA,Volgograd Oblast,2521276,87,0,8689,0
2020-07-27,Russia,NA,Volgograd Oblast,2521276,89,0,8778,0
2020-07-28,Russia,NA,Volgograd Oblast,2521276,92,0,8870,0
2020-07-29,Russia,NA,Volgograd Oblast,2521276,88,0,8958,0
2020-07-30,Russia,NA,Volgograd Oblast,2521276,94,0,9052,0
2020-07-31,Russia,NA,Volgograd Oblast,2521276,90,0,9142,0
2020-08-01,Russia,NA,Volgograd Oblast,2521276,95,0,9237,0
2020-08-02,Russia,NA,Volgograd Oblast,2521276,91,0,9328,0
2020-08-17,Russia,NA,Volgograd Oblast,2521276,0,0,10763,79
2020-08-18,Russia,NA,Volgograd Oblast,2521276,89,1,10852,80
2020-08-19,Russia,NA,Volgograd Oblast,2521276,87,0,10939,80
2020-08-20,Russia,NA,Volgograd Oblast,2521276,84,2,11023,82
2020-08-21,Russia,NA,Volgograd Oblast,2521276,82,1,11105,83
2020-08-22,Russia,NA,Volgograd Oblast,2521276,85,1,11190,84
2020-08-23,Russia,NA,Volgograd Oblast,2521276,109,0,11299,84
2020-08-24,Russia,NA,Volgograd Oblast,2521276,112,1,11411,85
2020-08-25,Russia,NA,Volgograd Oblast,2521276,98,0,11509,85
2020-08-26,Russia,NA,Volgograd Oblast,2521276,108,2,11617,87
2020-08-27,Russia,NA,Volgograd Oblast,2521276,112,0,11729,87
2020-08-28,Russia,NA,Volgograd Oblast,2521276,107,3,11836,90
2020-08-29,Russia,NA,Volgograd Oblast,2521276,98,3,11934,93
2020-08-30,Russia,NA,Volgograd Oblast,2521276,96,4,12030,97
2020-08-31,Russia,NA,Volgograd Oblast,2521276,95,4,12125,101
2020-09-01,Russia,NA,Volgograd Oblast,2521276,91,3,12216,104
2020-09-02,Russia,NA,Volgograd Oblast,2521276,93,2,12309,106
2020-09-03,Russia,NA,Volgograd Oblast,2521276,98,2,12407,108
2020-09-04,Russia,NA,Volgograd Oblast,2521276,96,2,12503,110
2020-09-05,Russia,NA,Volgograd Oblast,2521276,104,2,12607,112
2020-09-06,Russia,NA,Volgograd Oblast,2521276,102,3,12709,115
2020-09-07,Russia,NA,Volgograd Oblast,2521276,97,2,12806,117
2020-09-08,Russia,NA,Volgograd Oblast,2521276,95,1,12901,118
2020-09-09,Russia,NA,Volgograd Oblast,2521276,92,2,12993,120
2020-09-10,Russia,NA,Volgograd Oblast,2521276,94,1,13087,121
2020-09-11,Russia,NA,Volgograd Oblast,2521276,96,1,13183,122
2020-09-12,Russia,NA,Volgograd Oblast,2521276,97,1,13280,123
2020-09-13,Russia,NA,Volgograd Oblast,2521276,95,2,13375,125
2020-09-14,Russia,NA,Volgograd Oblast,2521276,98,0,13473,125
2020-09-15,Russia,NA,Volgograd Oblast,2521276,97,1,13570,126
2020-04-02,Russia,NA,Vologda Oblast,1176689,3,0,12,0
2020-04-04,Russia,NA,Vologda Oblast,1176689,1,0,13,0
2020-04-06,Russia,NA,Vologda Oblast,1176689,10,0,23,0
2020-04-08,Russia,NA,Vologda Oblast,1176689,4,0,27,0
2020-04-09,Russia,NA,Vologda Oblast,1176689,8,0,35,0
2020-04-10,Russia,NA,Vologda Oblast,1176689,3,0,38,0
2020-04-11,Russia,NA,Vologda Oblast,1176689,1,0,39,0
2020-04-12,Russia,NA,Vologda Oblast,1176689,3,0,42,0
2020-04-13,Russia,NA,Vologda Oblast,1176689,1,0,43,0
2020-04-14,Russia,NA,Vologda Oblast,1176689,7,0,50,0
2020-04-15,Russia,NA,Vologda Oblast,1176689,2,0,52,0
2020-04-16,Russia,NA,Vologda Oblast,1176689,15,0,67,0
2020-04-17,Russia,NA,Vologda Oblast,1176689,10,0,77,0
2020-04-18,Russia,NA,Vologda Oblast,1176689,9,0,86,0
2020-04-19,Russia,NA,Vologda Oblast,1176689,7,0,93,0
2020-04-20,Russia,NA,Vologda Oblast,1176689,7,0,100,0
2020-04-21,Russia,NA,Vologda Oblast,1176689,7,0,107,0
2020-04-22,Russia,NA,Vologda Oblast,1176689,7,0,114,0
2020-04-23,Russia,NA,Vologda Oblast,1176689,6,0,120,0
2020-04-24,Russia,NA,Vologda Oblast,1176689,9,0,129,0
2020-04-25,Russia,NA,Vologda Oblast,1176689,9,0,138,0
2020-04-26,Russia,NA,Vologda Oblast,1176689,7,0,145,0
2020-04-27,Russia,NA,Vologda Oblast,1176689,10,0,155,0
2020-04-28,Russia,NA,Vologda Oblast,1176689,5,0,160,0
2020-04-29,Russia,NA,Vologda Oblast,1176689,6,0,166,0
2020-04-30,Russia,NA,Vologda Oblast,1176689,7,0,173,0
2020-05-01,Russia,NA,Vologda Oblast,1176689,11,0,184,0
2020-05-02,Russia,NA,Vologda Oblast,1176689,15,0,199,0
2020-05-03,Russia,NA,Vologda Oblast,1176689,20,0,219,0
2020-05-04,Russia,NA,Vologda Oblast,1176689,4,0,223,0
2020-05-05,Russia,NA,Vologda Oblast,1176689,7,0,230,0
2020-05-06,Russia,NA,Vologda Oblast,1176689,6,0,236,0
2020-05-07,Russia,NA,Vologda Oblast,1176689,6,0,242,0
2020-05-08,Russia,NA,Vologda Oblast,1176689,12,0,254,0
2020-05-09,Russia,NA,Vologda Oblast,1176689,14,0,268,0
2020-05-10,Russia,NA,Vologda Oblast,1176689,19,0,287,0
2020-05-11,Russia,NA,Vologda Oblast,1176689,12,0,299,0
2020-05-12,Russia,NA,Vologda Oblast,1176689,19,0,318,0
2020-05-13,Russia,NA,Vologda Oblast,1176689,17,0,335,0
2020-05-14,Russia,NA,Vologda Oblast,1176689,12,0,347,0
2020-05-15,Russia,NA,Vologda Oblast,1176689,15,0,362,0
2020-05-16,Russia,NA,Vologda Oblast,1176689,37,0,399,0
2020-05-17,Russia,NA,Vologda Oblast,1176689,33,0,432,0
2020-05-18,Russia,NA,Vologda Oblast,1176689,23,0,455,0
2020-05-19,Russia,NA,Vologda Oblast,1176689,23,0,478,0
2020-05-20,Russia,NA,Vologda Oblast,1176689,25,0,503,0
2020-05-21,Russia,NA,Vologda Oblast,1176689,26,0,529,0
2020-05-22,Russia,NA,Vologda Oblast,1176689,34,0,563,0
2020-05-23,Russia,NA,Vologda Oblast,1176689,41,0,604,0
2020-05-24,Russia,NA,Vologda Oblast,1176689,40,0,644,0
2020-05-25,Russia,NA,Vologda Oblast,1176689,22,0,666,0
2020-05-26,Russia,NA,Vologda Oblast,1176689,34,0,700,0
2020-05-27,Russia,NA,Vologda Oblast,1176689,75,0,775,0
2020-05-28,Russia,NA,Vologda Oblast,1176689,59,0,834,0
2020-05-29,Russia,NA,Vologda Oblast,1176689,27,0,861,0
2020-05-30,Russia,NA,Vologda Oblast,1176689,22,0,883,0
2020-05-31,Russia,NA,Vologda Oblast,1176689,47,0,930,0
2020-06-01,Russia,NA,Vologda Oblast,1176689,23,0,953,0
2020-06-02,Russia,NA,Vologda Oblast,1176689,27,0,980,0
2020-06-03,Russia,NA,Vologda Oblast,1176689,19,0,999,0
2020-06-04,Russia,NA,Vologda Oblast,1176689,20,0,1019,0
2020-06-05,Russia,NA,Vologda Oblast,1176689,17,0,1036,0
2020-06-06,Russia,NA,Vologda Oblast,1176689,21,0,1057,0
2020-06-07,Russia,NA,Vologda Oblast,1176689,28,0,1085,0
2020-06-08,Russia,NA,Vologda Oblast,1176689,27,0,1112,0
2020-06-09,Russia,NA,Vologda Oblast,1176689,26,0,1138,0
2020-06-10,Russia,NA,Vologda Oblast,1176689,22,0,1160,0
2020-06-11,Russia,NA,Vologda Oblast,1176689,30,0,1190,0
2020-06-12,Russia,NA,Vologda Oblast,1176689,32,0,1222,0
2020-06-13,Russia,NA,Vologda Oblast,1176689,33,0,1255,0
2020-06-14,Russia,NA,Vologda Oblast,1176689,30,0,1285,0
2020-06-15,Russia,NA,Vologda Oblast,1176689,18,0,1303,0
2020-06-16,Russia,NA,Vologda Oblast,1176689,15,0,1318,0
2020-06-17,Russia,NA,Vologda Oblast,1176689,18,0,1336,0
2020-06-18,Russia,NA,Vologda Oblast,1176689,24,0,1360,0
2020-06-19,Russia,NA,Vologda Oblast,1176689,27,0,1387,0
2020-06-20,Russia,NA,Vologda Oblast,1176689,22,0,1409,0
2020-06-21,Russia,NA,Vologda Oblast,1176689,20,0,1429,0
2020-06-22,Russia,NA,Vologda Oblast,1176689,17,0,1446,0
2020-06-23,Russia,NA,Vologda Oblast,1176689,21,0,1467,0
2020-06-24,Russia,NA,Vologda Oblast,1176689,21,0,1488,0
2020-06-25,Russia,NA,Vologda Oblast,1176689,21,0,1509,0
2020-06-26,Russia,NA,Vologda Oblast,1176689,18,0,1527,0
2020-06-27,Russia,NA,Vologda Oblast,1176689,20,0,1547,0
2020-06-28,Russia,NA,Vologda Oblast,1176689,19,0,1566,0
2020-06-29,Russia,NA,Vologda Oblast,1176689,21,0,1587,0
2020-06-30,Russia,NA,Vologda Oblast,1176689,21,0,1608,0
2020-07-01,Russia,NA,Vologda Oblast,1176689,21,0,1629,0
2020-07-02,Russia,NA,Vologda Oblast,1176689,18,0,1647,0
2020-07-03,Russia,NA,Vologda Oblast,1176689,20,0,1667,0
2020-07-04,Russia,NA,Vologda Oblast,1176689,22,0,1689,0
2020-07-05,Russia,NA,Vologda Oblast,1176689,21,0,1710,0
2020-07-06,Russia,NA,Vologda Oblast,1176689,21,0,1731,0
2020-07-07,Russia,NA,Vologda Oblast,1176689,19,0,1750,0
2020-07-08,Russia,NA,Vologda Oblast,1176689,21,0,1771,0
2020-07-09,Russia,NA,Vologda Oblast,1176689,20,0,1791,0
2020-07-10,Russia,NA,Vologda Oblast,1176689,28,0,1819,0
2020-07-11,Russia,NA,Vologda Oblast,1176689,38,0,1857,0
2020-07-12,Russia,NA,Vologda Oblast,1176689,32,0,1889,0
2020-07-13,Russia,NA,Vologda Oblast,1176689,27,0,1916,0
2020-07-14,Russia,NA,Vologda Oblast,1176689,29,0,1945,0
2020-07-15,Russia,NA,Vologda Oblast,1176689,28,0,1973,0
2020-07-16,Russia,NA,Vologda Oblast,1176689,30,0,2003,0
2020-07-17,Russia,NA,Vologda Oblast,1176689,30,0,2033,0
2020-07-18,Russia,NA,Vologda Oblast,1176689,29,0,2062,0
2020-07-19,Russia,NA,Vologda Oblast,1176689,27,0,2089,0
2020-07-20,Russia,NA,Vologda Oblast,1176689,26,0,2115,0
2020-07-21,Russia,NA,Vologda Oblast,1176689,26,0,2141,0
2020-07-22,Russia,NA,Vologda Oblast,1176689,25,0,2166,0
2020-07-23,Russia,NA,Vologda Oblast,1176689,27,0,2193,0
2020-07-24,Russia,NA,Vologda Oblast,1176689,26,0,2219,0
2020-07-25,Russia,NA,Vologda Oblast,1176689,27,0,2246,0
2020-07-26,Russia,NA,Vologda Oblast,1176689,26,0,2272,0
2020-07-27,Russia,NA,Vologda Oblast,1176689,26,0,2298,0
2020-07-28,Russia,NA,Vologda Oblast,1176689,27,0,2325,0
2020-07-29,Russia,NA,Vologda Oblast,1176689,27,0,2352,0
2020-07-30,Russia,NA,Vologda Oblast,1176689,27,0,2379,0
2020-07-31,Russia,NA,Vologda Oblast,1176689,28,0,2407,0
2020-08-01,Russia,NA,Vologda Oblast,1176689,28,0,2435,0
2020-08-02,Russia,NA,Vologda Oblast,1176689,27,0,2462,0
2020-08-17,Russia,NA,Vologda Oblast,1176689,0,0,2917,30
2020-08-18,Russia,NA,Vologda Oblast,1176689,35,0,2952,30
2020-08-19,Russia,NA,Vologda Oblast,1176689,33,0,2985,30
2020-08-20,Russia,NA,Vologda Oblast,1176689,33,0,3018,30
2020-08-21,Russia,NA,Vologda Oblast,1176689,32,2,3050,32
2020-08-22,Russia,NA,Vologda Oblast,1176689,33,2,3083,34
2020-08-23,Russia,NA,Vologda Oblast,1176689,32,0,3115,34
2020-08-24,Russia,NA,Vologda Oblast,1176689,33,0,3148,34
2020-08-25,Russia,NA,Vologda Oblast,1176689,31,0,3179,34
2020-08-26,Russia,NA,Vologda Oblast,1176689,33,0,3212,34
2020-08-27,Russia,NA,Vologda Oblast,1176689,32,0,3244,34
2020-08-28,Russia,NA,Vologda Oblast,1176689,34,0,3278,34
2020-08-29,Russia,NA,Vologda Oblast,1176689,32,1,3310,35
2020-08-30,Russia,NA,Vologda Oblast,1176689,36,1,3346,36
2020-08-31,Russia,NA,Vologda Oblast,1176689,33,0,3379,36
2020-09-01,Russia,NA,Vologda Oblast,1176689,37,1,3416,37
2020-09-02,Russia,NA,Vologda Oblast,1176689,34,1,3450,38
2020-09-03,Russia,NA,Vologda Oblast,1176689,36,0,3486,38
2020-09-04,Russia,NA,Vologda Oblast,1176689,33,1,3519,39
2020-09-05,Russia,NA,Vologda Oblast,1176689,38,4,3557,43
2020-09-06,Russia,NA,Vologda Oblast,1176689,36,0,3593,43
2020-09-07,Russia,NA,Vologda Oblast,1176689,39,0,3632,43
2020-09-08,Russia,NA,Vologda Oblast,1176689,34,0,3666,43
2020-09-09,Russia,NA,Vologda Oblast,1176689,41,0,3707,43
2020-09-10,Russia,NA,Vologda Oblast,1176689,37,1,3744,44
2020-09-11,Russia,NA,Vologda Oblast,1176689,40,0,3784,44
2020-09-12,Russia,NA,Vologda Oblast,1176689,39,0,3823,44
2020-09-13,Russia,NA,Vologda Oblast,1176689,42,0,3865,44
2020-09-14,Russia,NA,Vologda Oblast,1176689,41,0,3906,44
2020-09-15,Russia,NA,Vologda Oblast,1176689,44,0,3950,44
2020-04-01,Russia,NA,Voronezh Oblast,2333768,4,0,12,0
2020-04-04,Russia,NA,Voronezh Oblast,2333768,2,0,14,0
2020-04-06,Russia,NA,Voronezh Oblast,2333768,9,0,23,0
2020-04-08,Russia,NA,Voronezh Oblast,2333768,10,0,33,0
2020-04-10,Russia,NA,Voronezh Oblast,2333768,4,0,37,0
2020-04-12,Russia,NA,Voronezh Oblast,2333768,12,0,49,0
2020-04-13,Russia,NA,Voronezh Oblast,2333768,11,0,60,0
2020-04-14,Russia,NA,Voronezh Oblast,2333768,8,0,68,0
2020-04-15,Russia,NA,Voronezh Oblast,2333768,7,0,75,0
2020-04-16,Russia,NA,Voronezh Oblast,2333768,14,0,89,0
2020-04-17,Russia,NA,Voronezh Oblast,2333768,19,0,108,0
2020-04-18,Russia,NA,Voronezh Oblast,2333768,22,0,130,0
2020-04-19,Russia,NA,Voronezh Oblast,2333768,26,0,156,0
2020-04-20,Russia,NA,Voronezh Oblast,2333768,24,0,180,0
2020-04-21,Russia,NA,Voronezh Oblast,2333768,31,0,211,0
2020-04-22,Russia,NA,Voronezh Oblast,2333768,25,0,236,0
2020-04-23,Russia,NA,Voronezh Oblast,2333768,25,0,261,0
2020-04-24,Russia,NA,Voronezh Oblast,2333768,30,0,291,0
2020-04-25,Russia,NA,Voronezh Oblast,2333768,22,0,313,0
2020-04-26,Russia,NA,Voronezh Oblast,2333768,25,0,338,0
2020-04-27,Russia,NA,Voronezh Oblast,2333768,20,0,358,0
2020-04-28,Russia,NA,Voronezh Oblast,2333768,62,0,420,0
2020-04-29,Russia,NA,Voronezh Oblast,2333768,39,0,459,0
2020-04-30,Russia,NA,Voronezh Oblast,2333768,34,0,493,0
2020-05-01,Russia,NA,Voronezh Oblast,2333768,36,0,529,0
2020-05-02,Russia,NA,Voronezh Oblast,2333768,36,0,565,0
2020-05-03,Russia,NA,Voronezh Oblast,2333768,37,0,602,0
2020-05-04,Russia,NA,Voronezh Oblast,2333768,34,0,636,0
2020-05-05,Russia,NA,Voronezh Oblast,2333768,31,0,667,0
2020-05-06,Russia,NA,Voronezh Oblast,2333768,30,0,697,0
2020-05-07,Russia,NA,Voronezh Oblast,2333768,34,0,731,0
2020-05-08,Russia,NA,Voronezh Oblast,2333768,35,0,766,0
2020-05-09,Russia,NA,Voronezh Oblast,2333768,43,0,809,0
2020-05-10,Russia,NA,Voronezh Oblast,2333768,39,0,848,0
2020-05-11,Russia,NA,Voronezh Oblast,2333768,51,0,899,0
2020-05-12,Russia,NA,Voronezh Oblast,2333768,44,0,943,0
2020-05-13,Russia,NA,Voronezh Oblast,2333768,40,0,983,0
2020-05-14,Russia,NA,Voronezh Oblast,2333768,45,0,1028,0
2020-05-15,Russia,NA,Voronezh Oblast,2333768,46,0,1074,0
2020-05-16,Russia,NA,Voronezh Oblast,2333768,39,0,1113,0
2020-05-17,Russia,NA,Voronezh Oblast,2333768,38,0,1151,0
2020-05-18,Russia,NA,Voronezh Oblast,2333768,44,0,1195,0
2020-05-19,Russia,NA,Voronezh Oblast,2333768,51,0,1246,0
2020-05-20,Russia,NA,Voronezh Oblast,2333768,20,0,1266,0
2020-05-21,Russia,NA,Voronezh Oblast,2333768,41,0,1307,0
2020-05-22,Russia,NA,Voronezh Oblast,2333768,55,0,1362,0
2020-05-23,Russia,NA,Voronezh Oblast,2333768,57,0,1419,0
2020-05-24,Russia,NA,Voronezh Oblast,2333768,44,0,1463,0
2020-05-25,Russia,NA,Voronezh Oblast,2333768,55,0,1518,0
2020-05-26,Russia,NA,Voronezh Oblast,2333768,63,0,1581,0
2020-05-27,Russia,NA,Voronezh Oblast,2333768,62,0,1643,0
2020-05-28,Russia,NA,Voronezh Oblast,2333768,110,0,1753,0
2020-05-29,Russia,NA,Voronezh Oblast,2333768,104,0,1857,0
2020-05-30,Russia,NA,Voronezh Oblast,2333768,89,0,1946,0
2020-05-31,Russia,NA,Voronezh Oblast,2333768,82,0,2028,0
2020-06-01,Russia,NA,Voronezh Oblast,2333768,111,0,2139,0
2020-06-02,Russia,NA,Voronezh Oblast,2333768,95,0,2234,0
2020-06-03,Russia,NA,Voronezh Oblast,2333768,127,0,2361,0
2020-06-04,Russia,NA,Voronezh Oblast,2333768,105,0,2466,0
2020-06-05,Russia,NA,Voronezh Oblast,2333768,126,0,2592,0
2020-06-06,Russia,NA,Voronezh Oblast,2333768,106,0,2698,0
2020-06-07,Russia,NA,Voronezh Oblast,2333768,139,0,2837,0
2020-06-08,Russia,NA,Voronezh Oblast,2333768,228,0,3065,0
2020-06-09,Russia,NA,Voronezh Oblast,2333768,220,0,3285,0
2020-06-10,Russia,NA,Voronezh Oblast,2333768,242,0,3527,0
2020-06-11,Russia,NA,Voronezh Oblast,2333768,239,0,3766,0
2020-06-12,Russia,NA,Voronezh Oblast,2333768,227,0,3993,0
2020-06-13,Russia,NA,Voronezh Oblast,2333768,228,0,4221,0
2020-06-14,Russia,NA,Voronezh Oblast,2333768,219,0,4440,0
2020-06-15,Russia,NA,Voronezh Oblast,2333768,220,0,4660,0
2020-06-16,Russia,NA,Voronezh Oblast,2333768,201,0,4861,0
2020-06-17,Russia,NA,Voronezh Oblast,2333768,201,0,5062,0
2020-06-18,Russia,NA,Voronezh Oblast,2333768,196,0,5258,0
2020-06-19,Russia,NA,Voronezh Oblast,2333768,203,0,5461,0
2020-06-20,Russia,NA,Voronezh Oblast,2333768,202,0,5663,0
2020-06-21,Russia,NA,Voronezh Oblast,2333768,200,0,5863,0
2020-06-22,Russia,NA,Voronezh Oblast,2333768,199,0,6062,0
2020-06-23,Russia,NA,Voronezh Oblast,2333768,197,0,6259,0
2020-06-24,Russia,NA,Voronezh Oblast,2333768,198,0,6457,0
2020-06-25,Russia,NA,Voronezh Oblast,2333768,196,0,6653,0
2020-06-26,Russia,NA,Voronezh Oblast,2333768,193,0,6846,0
2020-06-27,Russia,NA,Voronezh Oblast,2333768,190,0,7036,0
2020-06-28,Russia,NA,Voronezh Oblast,2333768,188,0,7224,0
2020-06-29,Russia,NA,Voronezh Oblast,2333768,185,0,7409,0
2020-06-30,Russia,NA,Voronezh Oblast,2333768,179,0,7588,0
2020-07-01,Russia,NA,Voronezh Oblast,2333768,166,0,7754,0
2020-07-02,Russia,NA,Voronezh Oblast,2333768,154,0,7908,0
2020-07-03,Russia,NA,Voronezh Oblast,2333768,151,0,8059,0
2020-07-04,Russia,NA,Voronezh Oblast,2333768,152,0,8211,0
2020-07-05,Russia,NA,Voronezh Oblast,2333768,148,0,8359,0
2020-07-06,Russia,NA,Voronezh Oblast,2333768,146,0,8505,0
2020-07-07,Russia,NA,Voronezh Oblast,2333768,139,0,8644,0
2020-07-08,Russia,NA,Voronezh Oblast,2333768,134,0,8778,0
2020-07-09,Russia,NA,Voronezh Oblast,2333768,131,0,8909,0
2020-07-10,Russia,NA,Voronezh Oblast,2333768,127,0,9036,0
2020-07-11,Russia,NA,Voronezh Oblast,2333768,123,0,9159,0
2020-07-12,Russia,NA,Voronezh Oblast,2333768,121,0,9280,0
2020-07-13,Russia,NA,Voronezh Oblast,2333768,119,0,9399,0
2020-07-14,Russia,NA,Voronezh Oblast,2333768,117,0,9516,0
2020-07-15,Russia,NA,Voronezh Oblast,2333768,115,0,9631,0
2020-07-16,Russia,NA,Voronezh Oblast,2333768,112,0,9743,0
2020-07-17,Russia,NA,Voronezh Oblast,2333768,109,0,9852,0
2020-07-18,Russia,NA,Voronezh Oblast,2333768,108,0,9960,0
2020-07-19,Russia,NA,Voronezh Oblast,2333768,105,0,10065,0
2020-07-20,Russia,NA,Voronezh Oblast,2333768,103,0,10168,0
2020-07-21,Russia,NA,Voronezh Oblast,2333768,90,0,10258,0
2020-07-22,Russia,NA,Voronezh Oblast,2333768,89,0,10347,0
2020-07-23,Russia,NA,Voronezh Oblast,2333768,89,0,10436,0
2020-07-24,Russia,NA,Voronezh Oblast,2333768,88,0,10524,0
2020-07-25,Russia,NA,Voronezh Oblast,2333768,99,0,10623,0
2020-07-26,Russia,NA,Voronezh Oblast,2333768,91,0,10714,0
2020-07-27,Russia,NA,Voronezh Oblast,2333768,89,0,10803,0
2020-07-28,Russia,NA,Voronezh Oblast,2333768,87,0,10890,0
2020-07-29,Russia,NA,Voronezh Oblast,2333768,86,0,10976,0
2020-07-30,Russia,NA,Voronezh Oblast,2333768,89,0,11065,0
2020-07-31,Russia,NA,Voronezh Oblast,2333768,88,0,11153,0
2020-08-01,Russia,NA,Voronezh Oblast,2333768,89,0,11242,0
2020-08-02,Russia,NA,Voronezh Oblast,2333768,88,0,11330,0
2020-08-17,Russia,NA,Voronezh Oblast,2333768,0,0,12752,97
2020-08-18,Russia,NA,Voronezh Oblast,2333768,95,0,12847,97
2020-08-19,Russia,NA,Voronezh Oblast,2333768,107,3,12954,100
2020-08-20,Russia,NA,Voronezh Oblast,2333768,99,3,13053,103
2020-08-21,Russia,NA,Voronezh Oblast,2333768,97,1,13150,104
2020-08-22,Russia,NA,Voronezh Oblast,2333768,94,0,13244,104
2020-08-23,Russia,NA,Voronezh Oblast,2333768,98,0,13342,104
2020-08-24,Russia,NA,Voronezh Oblast,2333768,97,0,13439,104
2020-08-25,Russia,NA,Voronezh Oblast,2333768,99,0,13538,104
2020-08-26,Russia,NA,Voronezh Oblast,2333768,97,1,13635,105
2020-08-27,Russia,NA,Voronezh Oblast,2333768,101,2,13736,107
2020-08-28,Russia,NA,Voronezh Oblast,2333768,113,0,13849,107
2020-08-29,Russia,NA,Voronezh Oblast,2333768,98,2,13947,109
2020-08-30,Russia,NA,Voronezh Oblast,2333768,99,0,14046,109
2020-08-31,Russia,NA,Voronezh Oblast,2333768,98,0,14144,109
2020-09-01,Russia,NA,Voronezh Oblast,2333768,97,6,14241,115
2020-09-02,Russia,NA,Voronezh Oblast,2333768,99,0,14340,115
2020-09-03,Russia,NA,Voronezh Oblast,2333768,101,2,14441,117
2020-09-04,Russia,NA,Voronezh Oblast,2333768,99,1,14540,118
2020-09-05,Russia,NA,Voronezh Oblast,2333768,105,5,14645,123
2020-09-06,Russia,NA,Voronezh Oblast,2333768,107,0,14752,123
2020-09-07,Russia,NA,Voronezh Oblast,2333768,109,0,14861,123
2020-09-08,Russia,NA,Voronezh Oblast,2333768,108,6,14969,129
2020-09-09,Russia,NA,Voronezh Oblast,2333768,113,0,15082,129
2020-09-10,Russia,NA,Voronezh Oblast,2333768,110,6,15192,135
2020-09-11,Russia,NA,Voronezh Oblast,2333768,111,3,15303,138
2020-09-12,Russia,NA,Voronezh Oblast,2333768,115,0,15418,138
2020-09-13,Russia,NA,Voronezh Oblast,2333768,110,0,15528,138
2020-09-14,Russia,NA,Voronezh Oblast,2333768,111,0,15639,138
2020-09-15,Russia,NA,Voronezh Oblast,2333768,112,2,15751,140
2020-03-26,Russia,NA,Yakutia,964330,4,0,14,0
2020-03-29,Russia,NA,Yakutia,964330,1,0,15,0
2020-04-08,Russia,NA,Yakutia,964330,1,0,16,0
2020-04-11,Russia,NA,Yakutia,964330,3,0,19,0
2020-04-12,Russia,NA,Yakutia,964330,3,0,22,0
2020-04-13,Russia,NA,Yakutia,964330,3,0,25,0
2020-04-14,Russia,NA,Yakutia,964330,1,0,26,0
2020-04-15,Russia,NA,Yakutia,964330,7,0,33,0
2020-04-16,Russia,NA,Yakutia,964330,2,0,35,0
2020-04-17,Russia,NA,Yakutia,964330,3,0,38,0
2020-04-18,Russia,NA,Yakutia,964330,9,0,47,0
2020-04-19,Russia,NA,Yakutia,964330,41,0,88,0
2020-04-20,Russia,NA,Yakutia,964330,19,0,107,0
2020-04-21,Russia,NA,Yakutia,964330,4,0,111,0
2020-04-22,Russia,NA,Yakutia,964330,5,0,116,0
2020-04-23,Russia,NA,Yakutia,964330,12,0,128,0
2020-04-24,Russia,NA,Yakutia,964330,9,0,137,0
2020-04-25,Russia,NA,Yakutia,964330,4,0,141,0
2020-04-26,Russia,NA,Yakutia,964330,11,0,152,0
2020-04-27,Russia,NA,Yakutia,964330,7,0,159,0
2020-04-28,Russia,NA,Yakutia,964330,7,0,166,0
2020-04-29,Russia,NA,Yakutia,964330,17,0,183,0
2020-04-30,Russia,NA,Yakutia,964330,24,0,207,0
2020-05-01,Russia,NA,Yakutia,964330,22,0,229,0
2020-05-02,Russia,NA,Yakutia,964330,34,0,263,0
2020-05-03,Russia,NA,Yakutia,964330,19,0,282,0
2020-05-04,Russia,NA,Yakutia,964330,29,0,311,0
2020-05-05,Russia,NA,Yakutia,964330,20,0,331,0
2020-05-06,Russia,NA,Yakutia,964330,17,0,348,0
2020-05-07,Russia,NA,Yakutia,964330,37,0,385,0
2020-05-08,Russia,NA,Yakutia,964330,52,0,437,0
2020-05-09,Russia,NA,Yakutia,964330,40,0,477,0
2020-05-10,Russia,NA,Yakutia,964330,33,0,510,0
2020-05-11,Russia,NA,Yakutia,964330,41,0,551,0
2020-05-12,Russia,NA,Yakutia,964330,55,0,606,0
2020-05-13,Russia,NA,Yakutia,964330,46,0,652,0
2020-05-14,Russia,NA,Yakutia,964330,35,0,687,0
2020-05-15,Russia,NA,Yakutia,964330,35,0,722,0
2020-05-16,Russia,NA,Yakutia,964330,63,0,785,0
2020-05-17,Russia,NA,Yakutia,964330,43,0,828,0
2020-05-18,Russia,NA,Yakutia,964330,41,0,869,0
2020-05-19,Russia,NA,Yakutia,964330,45,0,914,0
2020-05-20,Russia,NA,Yakutia,964330,46,0,960,0
2020-05-21,Russia,NA,Yakutia,964330,37,0,997,0
2020-05-22,Russia,NA,Yakutia,964330,80,0,1077,0
2020-05-23,Russia,NA,Yakutia,964330,100,0,1177,0
2020-05-24,Russia,NA,Yakutia,964330,99,0,1276,0
2020-05-25,Russia,NA,Yakutia,964330,81,0,1357,0
2020-05-26,Russia,NA,Yakutia,964330,88,0,1445,0
2020-05-27,Russia,NA,Yakutia,964330,84,0,1529,0
2020-05-28,Russia,NA,Yakutia,964330,94,0,1623,0
2020-05-29,Russia,NA,Yakutia,964330,82,0,1705,0
2020-05-30,Russia,NA,Yakutia,964330,114,0,1819,0
2020-05-31,Russia,NA,Yakutia,964330,111,0,1930,0
2020-06-01,Russia,NA,Yakutia,964330,112,0,2042,0
2020-06-02,Russia,NA,Yakutia,964330,74,0,2116,0
2020-06-03,Russia,NA,Yakutia,964330,98,0,2214,0
2020-06-04,Russia,NA,Yakutia,964330,94,0,2308,0
2020-06-05,Russia,NA,Yakutia,964330,72,0,2380,0
2020-06-06,Russia,NA,Yakutia,964330,73,0,2453,0
2020-06-07,Russia,NA,Yakutia,964330,78,0,2531,0
2020-06-08,Russia,NA,Yakutia,964330,80,0,2611,0
2020-06-09,Russia,NA,Yakutia,964330,75,0,2686,0
2020-06-10,Russia,NA,Yakutia,964330,67,0,2753,0
2020-06-11,Russia,NA,Yakutia,964330,69,0,2822,0
2020-06-12,Russia,NA,Yakutia,964330,76,0,2898,0
2020-06-13,Russia,NA,Yakutia,964330,70,0,2968,0
2020-06-14,Russia,NA,Yakutia,964330,69,0,3037,0
2020-06-15,Russia,NA,Yakutia,964330,85,0,3122,0
2020-06-16,Russia,NA,Yakutia,964330,77,0,3199,0
2020-06-17,Russia,NA,Yakutia,964330,91,0,3290,0
2020-06-18,Russia,NA,Yakutia,964330,99,0,3389,0
2020-06-19,Russia,NA,Yakutia,964330,97,0,3486,0
2020-06-20,Russia,NA,Yakutia,964330,84,0,3570,0
2020-06-21,Russia,NA,Yakutia,964330,87,0,3657,0
2020-06-22,Russia,NA,Yakutia,964330,85,0,3742,0
2020-06-23,Russia,NA,Yakutia,964330,75,0,3817,0
2020-06-24,Russia,NA,Yakutia,964330,74,0,3891,0
2020-06-25,Russia,NA,Yakutia,964330,72,0,3963,0
2020-06-26,Russia,NA,Yakutia,964330,50,0,4013,0
2020-06-27,Russia,NA,Yakutia,964330,62,0,4075,0
2020-06-28,Russia,NA,Yakutia,964330,53,0,4128,0
2020-06-29,Russia,NA,Yakutia,964330,50,0,4178,0
2020-06-30,Russia,NA,Yakutia,964330,45,0,4223,0
2020-07-01,Russia,NA,Yakutia,964330,44,0,4267,0
2020-07-02,Russia,NA,Yakutia,964330,48,0,4315,0
2020-07-03,Russia,NA,Yakutia,964330,50,0,4365,0
2020-07-04,Russia,NA,Yakutia,964330,57,0,4422,0
2020-07-05,Russia,NA,Yakutia,964330,45,0,4467,0
2020-07-06,Russia,NA,Yakutia,964330,37,0,4504,0
2020-07-07,Russia,NA,Yakutia,964330,46,0,4550,0
2020-07-08,Russia,NA,Yakutia,964330,48,0,4598,0
2020-07-09,Russia,NA,Yakutia,964330,58,0,4656,0
2020-07-10,Russia,NA,Yakutia,964330,54,0,4710,0
2020-07-11,Russia,NA,Yakutia,964330,47,0,4757,0
2020-07-12,Russia,NA,Yakutia,964330,42,0,4799,0
2020-07-13,Russia,NA,Yakutia,964330,45,0,4844,0
2020-07-14,Russia,NA,Yakutia,964330,60,0,4904,0
2020-07-15,Russia,NA,Yakutia,964330,72,0,4976,0
2020-07-16,Russia,NA,Yakutia,964330,58,0,5034,0
2020-07-17,Russia,NA,Yakutia,964330,55,0,5089,0
2020-07-18,Russia,NA,Yakutia,964330,53,0,5142,0
2020-07-19,Russia,NA,Yakutia,964330,51,0,5193,0
2020-07-20,Russia,NA,Yakutia,964330,46,0,5239,0
2020-07-21,Russia,NA,Yakutia,964330,44,0,5283,0
2020-07-22,Russia,NA,Yakutia,964330,41,0,5324,0
2020-07-23,Russia,NA,Yakutia,964330,51,0,5375,0
2020-07-24,Russia,NA,Yakutia,964330,49,0,5424,0
2020-07-25,Russia,NA,Yakutia,964330,50,0,5474,0
2020-07-26,Russia,NA,Yakutia,964330,47,0,5521,0
2020-07-27,Russia,NA,Yakutia,964330,44,0,5565,0
2020-07-28,Russia,NA,Yakutia,964330,49,0,5614,0
2020-07-29,Russia,NA,Yakutia,964330,57,0,5671,0
2020-07-30,Russia,NA,Yakutia,964330,56,0,5727,0
2020-07-31,Russia,NA,Yakutia,964330,60,0,5787,0
2020-08-01,Russia,NA,Yakutia,964330,58,0,5845,0
2020-08-02,Russia,NA,Yakutia,964330,54,0,5899,0
2020-08-17,Russia,NA,Yakutia,964330,0,0,6752,66
2020-08-18,Russia,NA,Yakutia,964330,47,2,6799,68
2020-08-19,Russia,NA,Yakutia,964330,48,1,6847,69
2020-08-20,Russia,NA,Yakutia,964330,46,0,6893,69
2020-08-21,Russia,NA,Yakutia,964330,45,0,6938,69
2020-08-22,Russia,NA,Yakutia,964330,47,5,6985,74
2020-08-23,Russia,NA,Yakutia,964330,46,0,7031,74
2020-08-24,Russia,NA,Yakutia,964330,44,0,7075,74
2020-08-25,Russia,NA,Yakutia,964330,45,5,7120,79
2020-08-26,Russia,NA,Yakutia,964330,46,0,7166,79
2020-08-27,Russia,NA,Yakutia,964330,44,0,7210,79
2020-08-28,Russia,NA,Yakutia,964330,43,2,7253,81
2020-08-29,Russia,NA,Yakutia,964330,42,0,7295,81
2020-08-30,Russia,NA,Yakutia,964330,43,0,7338,81
2020-08-31,Russia,NA,Yakutia,964330,41,2,7379,83
2020-09-01,Russia,NA,Yakutia,964330,46,0,7425,83
2020-09-02,Russia,NA,Yakutia,964330,48,0,7473,83
2020-09-03,Russia,NA,Yakutia,964330,47,6,7520,89
2020-09-04,Russia,NA,Yakutia,964330,52,1,7572,90
2020-09-05,Russia,NA,Yakutia,964330,50,0,7622,90
2020-09-06,Russia,NA,Yakutia,964330,59,0,7681,90
2020-09-07,Russia,NA,Yakutia,964330,58,0,7739,90
2020-09-08,Russia,NA,Yakutia,964330,58,0,7797,90
2020-09-09,Russia,NA,Yakutia,964330,63,0,7860,90
2020-09-10,Russia,NA,Yakutia,964330,65,0,7925,90
2020-09-11,Russia,NA,Yakutia,964330,67,0,7992,90
2020-09-12,Russia,NA,Yakutia,964330,69,0,8061,90
2020-09-13,Russia,NA,Yakutia,964330,68,0,8129,90
2020-09-14,Russia,NA,Yakutia,964330,69,0,8198,90
2020-09-15,Russia,NA,Yakutia,964330,65,0,8263,90
2020-04-03,Russia,NA,Yamalo-Nenets Avtonomnyy Okrug,538547,10,0,12,0
2020-04-07,Russia,NA,Yamalo-Nenets Avtonomnyy Okrug,538547,18,0,30,0
2020-04-08,Russia,NA,Yamalo-Nenets Avtonomnyy Okrug,538547,11,0,41,0
2020-04-11,Russia,NA,Yamalo-Nenets Avtonomnyy Okrug,538547,9,0,50,0
2020-04-12,Russia,NA,Yamalo-Nenets Avtonomnyy Okrug,538547,12,0,62,0
2020-04-13,Russia,NA,Yamalo-Nenets Avtonomnyy Okrug,538547,4,0,66,0
2020-04-15,Russia,NA,Yamalo-Nenets Avtonomnyy Okrug,538547,7,0,73,0
2020-04-16,Russia,NA,Yamalo-Nenets Avtonomnyy Okrug,538547,22,0,95,0
2020-04-17,Russia,NA,Yamalo-Nenets Avtonomnyy Okrug,538547,6,0,101,0
2020-04-18,Russia,NA,Yamalo-Nenets Avtonomnyy Okrug,538547,5,0,106,0
2020-04-19,Russia,NA,Yamalo-Nenets Avtonomnyy Okrug,538547,10,0,116,0
2020-04-20,Russia,NA,Yamalo-Nenets Avtonomnyy Okrug,538547,24,0,140,0
2020-04-21,Russia,NA,Yamalo-Nenets Avtonomnyy Okrug,538547,6,0,146,0
2020-04-22,Russia,NA,Yamalo-Nenets Avtonomnyy Okrug,538547,3,0,149,0
2020-04-23,Russia,NA,Yamalo-Nenets Avtonomnyy Okrug,538547,94,0,243,0
2020-04-24,Russia,NA,Yamalo-Nenets Avtonomnyy Okrug,538547,23,0,266,0
2020-04-25,Russia,NA,Yamalo-Nenets Avtonomnyy Okrug,538547,37,0,303,0
2020-04-26,Russia,NA,Yamalo-Nenets Avtonomnyy Okrug,538547,45,0,348,0
2020-04-27,Russia,NA,Yamalo-Nenets Avtonomnyy Okrug,538547,27,0,375,0
2020-04-28,Russia,NA,Yamalo-Nenets Avtonomnyy Okrug,538547,12,0,387,0
2020-04-29,Russia,NA,Yamalo-Nenets Avtonomnyy Okrug,538547,22,0,409,0
2020-04-30,Russia,NA,Yamalo-Nenets Avtonomnyy Okrug,538547,54,0,463,0
2020-05-01,Russia,NA,Yamalo-Nenets Avtonomnyy Okrug,538547,51,0,514,0
2020-05-02,Russia,NA,Yamalo-Nenets Avtonomnyy Okrug,538547,43,0,557,0
2020-05-03,Russia,NA,Yamalo-Nenets Avtonomnyy Okrug,538547,51,0,608,0
2020-05-04,Russia,NA,Yamalo-Nenets Avtonomnyy Okrug,538547,104,0,712,0
2020-05-05,Russia,NA,Yamalo-Nenets Avtonomnyy Okrug,538547,108,0,820,0
2020-05-06,Russia,NA,Yamalo-Nenets Avtonomnyy Okrug,538547,105,0,925,0
2020-05-07,Russia,NA,Yamalo-Nenets Avtonomnyy Okrug,538547,93,0,1018,0
2020-05-08,Russia,NA,Yamalo-Nenets Avtonomnyy Okrug,538547,36,0,1054,0
2020-05-09,Russia,NA,Yamalo-Nenets Avtonomnyy Okrug,538547,51,0,1105,0
2020-05-10,Russia,NA,Yamalo-Nenets Avtonomnyy Okrug,538547,72,0,1177,0
2020-05-11,Russia,NA,Yamalo-Nenets Avtonomnyy Okrug,538547,62,0,1239,0
2020-05-12,Russia,NA,Yamalo-Nenets Avtonomnyy Okrug,538547,72,0,1311,0
2020-05-13,Russia,NA,Yamalo-Nenets Avtonomnyy Okrug,538547,49,0,1360,0
2020-05-14,Russia,NA,Yamalo-Nenets Avtonomnyy Okrug,538547,73,0,1433,0
2020-05-15,Russia,NA,Yamalo-Nenets Avtonomnyy Okrug,538547,115,0,1548,0
2020-05-16,Russia,NA,Yamalo-Nenets Avtonomnyy Okrug,538547,50,0,1598,0
2020-05-17,Russia,NA,Yamalo-Nenets Avtonomnyy Okrug,538547,91,0,1689,0
2020-05-18,Russia,NA,Yamalo-Nenets Avtonomnyy Okrug,538547,59,0,1748,0
2020-05-19,Russia,NA,Yamalo-Nenets Avtonomnyy Okrug,538547,58,0,1806,0
2020-05-20,Russia,NA,Yamalo-Nenets Avtonomnyy Okrug,538547,32,0,1838,0
2020-05-21,Russia,NA,Yamalo-Nenets Avtonomnyy Okrug,538547,64,0,1902,0
2020-05-22,Russia,NA,Yamalo-Nenets Avtonomnyy Okrug,538547,87,0,1989,0
2020-05-23,Russia,NA,Yamalo-Nenets Avtonomnyy Okrug,538547,36,0,2025,0
2020-05-24,Russia,NA,Yamalo-Nenets Avtonomnyy Okrug,538547,29,0,2054,0
2020-05-25,Russia,NA,Yamalo-Nenets Avtonomnyy Okrug,538547,38,0,2092,0
2020-05-26,Russia,NA,Yamalo-Nenets Avtonomnyy Okrug,538547,59,0,2151,0
2020-05-27,Russia,NA,Yamalo-Nenets Avtonomnyy Okrug,538547,51,0,2202,0
2020-05-28,Russia,NA,Yamalo-Nenets Avtonomnyy Okrug,538547,47,0,2249,0
2020-05-29,Russia,NA,Yamalo-Nenets Avtonomnyy Okrug,538547,31,0,2280,0
2020-05-30,Russia,NA,Yamalo-Nenets Avtonomnyy Okrug,538547,30,0,2310,0
2020-05-31,Russia,NA,Yamalo-Nenets Avtonomnyy Okrug,538547,65,0,2375,0
2020-06-01,Russia,NA,Yamalo-Nenets Avtonomnyy Okrug,538547,40,0,2415,0
2020-06-02,Russia,NA,Yamalo-Nenets Avtonomnyy Okrug,538547,51,0,2466,0
2020-06-03,Russia,NA,Yamalo-Nenets Avtonomnyy Okrug,538547,13,0,2479,0
2020-06-04,Russia,NA,Yamalo-Nenets Avtonomnyy Okrug,538547,55,0,2534,0
2020-06-05,Russia,NA,Yamalo-Nenets Avtonomnyy Okrug,538547,45,0,2579,0
2020-06-06,Russia,NA,Yamalo-Nenets Avtonomnyy Okrug,538547,42,0,2621,0
2020-06-07,Russia,NA,Yamalo-Nenets Avtonomnyy Okrug,538547,73,0,2694,0
2020-06-08,Russia,NA,Yamalo-Nenets Avtonomnyy Okrug,538547,83,0,2777,0
2020-06-09,Russia,NA,Yamalo-Nenets Avtonomnyy Okrug,538547,56,0,2833,0
2020-06-10,Russia,NA,Yamalo-Nenets Avtonomnyy Okrug,538547,54,0,2887,0
2020-06-11,Russia,NA,Yamalo-Nenets Avtonomnyy Okrug,538547,77,0,2964,0
2020-06-12,Russia,NA,Yamalo-Nenets Avtonomnyy Okrug,538547,122,0,3086,0
2020-06-13,Russia,NA,Yamalo-Nenets Avtonomnyy Okrug,538547,125,0,3211,0
2020-06-14,Russia,NA,Yamalo-Nenets Avtonomnyy Okrug,538547,114,0,3325,0
2020-06-15,Russia,NA,Yamalo-Nenets Avtonomnyy Okrug,538547,87,0,3412,0
2020-06-16,Russia,NA,Yamalo-Nenets Avtonomnyy Okrug,538547,93,0,3505,0
2020-06-17,Russia,NA,Yamalo-Nenets Avtonomnyy Okrug,538547,81,0,3586,0
2020-06-18,Russia,NA,Yamalo-Nenets Avtonomnyy Okrug,538547,127,0,3713,0
2020-06-19,Russia,NA,Yamalo-Nenets Avtonomnyy Okrug,538547,121,0,3834,0
2020-06-20,Russia,NA,Yamalo-Nenets Avtonomnyy Okrug,538547,132,0,3966,0
2020-06-21,Russia,NA,Yamalo-Nenets Avtonomnyy Okrug,538547,165,0,4131,0
2020-06-22,Russia,NA,Yamalo-Nenets Avtonomnyy Okrug,538547,140,0,4271,0
2020-06-23,Russia,NA,Yamalo-Nenets Avtonomnyy Okrug,538547,145,0,4416,0
2020-06-24,Russia,NA,Yamalo-Nenets Avtonomnyy Okrug,538547,137,0,4553,0
2020-06-25,Russia,NA,Yamalo-Nenets Avtonomnyy Okrug,538547,156,0,4709,0
2020-06-26,Russia,NA,Yamalo-Nenets Avtonomnyy Okrug,538547,149,0,4858,0
2020-06-27,Russia,NA,Yamalo-Nenets Avtonomnyy Okrug,538547,147,0,5005,0
2020-06-28,Russia,NA,Yamalo-Nenets Avtonomnyy Okrug,538547,154,0,5159,0
2020-06-29,Russia,NA,Yamalo-Nenets Avtonomnyy Okrug,538547,173,0,5332,0
2020-06-30,Russia,NA,Yamalo-Nenets Avtonomnyy Okrug,538547,248,0,5580,0
2020-07-01,Russia,NA,Yamalo-Nenets Avtonomnyy Okrug,538547,203,0,5783,0
2020-07-02,Russia,NA,Yamalo-Nenets Avtonomnyy Okrug,538547,197,0,5980,0
2020-07-03,Russia,NA,Yamalo-Nenets Avtonomnyy Okrug,538547,191,0,6171,0
2020-07-04,Russia,NA,Yamalo-Nenets Avtonomnyy Okrug,538547,197,0,6368,0
2020-07-05,Russia,NA,Yamalo-Nenets Avtonomnyy Okrug,538547,187,0,6555,0
2020-07-06,Russia,NA,Yamalo-Nenets Avtonomnyy Okrug,538547,197,0,6752,0
2020-07-07,Russia,NA,Yamalo-Nenets Avtonomnyy Okrug,538547,189,0,6941,0
2020-07-08,Russia,NA,Yamalo-Nenets Avtonomnyy Okrug,538547,202,0,7143,0
2020-07-09,Russia,NA,Yamalo-Nenets Avtonomnyy Okrug,538547,196,0,7339,0
2020-07-10,Russia,NA,Yamalo-Nenets Avtonomnyy Okrug,538547,208,0,7547,0
2020-07-11,Russia,NA,Yamalo-Nenets Avtonomnyy Okrug,538547,195,0,7742,0
2020-07-12,Russia,NA,Yamalo-Nenets Avtonomnyy Okrug,538547,212,0,7954,0
2020-07-13,Russia,NA,Yamalo-Nenets Avtonomnyy Okrug,538547,205,0,8159,0
2020-07-14,Russia,NA,Yamalo-Nenets Avtonomnyy Okrug,538547,211,0,8370,0
2020-07-15,Russia,NA,Yamalo-Nenets Avtonomnyy Okrug,538547,202,0,8572,0
2020-07-16,Russia,NA,Yamalo-Nenets Avtonomnyy Okrug,538547,187,0,8759,0
2020-07-17,Russia,NA,Yamalo-Nenets Avtonomnyy Okrug,538547,206,0,8965,0
2020-07-18,Russia,NA,Yamalo-Nenets Avtonomnyy Okrug,538547,182,0,9147,0
2020-07-19,Russia,NA,Yamalo-Nenets Avtonomnyy Okrug,538547,176,0,9323,0
2020-07-20,Russia,NA,Yamalo-Nenets Avtonomnyy Okrug,538547,155,0,9478,0
2020-07-21,Russia,NA,Yamalo-Nenets Avtonomnyy Okrug,538547,178,0,9656,0
2020-07-22,Russia,NA,Yamalo-Nenets Avtonomnyy Okrug,538547,175,0,9831,0
2020-07-23,Russia,NA,Yamalo-Nenets Avtonomnyy Okrug,538547,170,0,10001,0
2020-07-24,Russia,NA,Yamalo-Nenets Avtonomnyy Okrug,538547,158,0,10159,0
2020-07-25,Russia,NA,Yamalo-Nenets Avtonomnyy Okrug,538547,130,0,10289,0
2020-07-26,Russia,NA,Yamalo-Nenets Avtonomnyy Okrug,538547,125,0,10414,0
2020-07-27,Russia,NA,Yamalo-Nenets Avtonomnyy Okrug,538547,123,0,10537,0
2020-07-28,Russia,NA,Yamalo-Nenets Avtonomnyy Okrug,538547,136,0,10673,0
2020-07-29,Russia,NA,Yamalo-Nenets Avtonomnyy Okrug,538547,115,0,10788,0
2020-07-30,Russia,NA,Yamalo-Nenets Avtonomnyy Okrug,538547,116,0,10904,0
2020-07-31,Russia,NA,Yamalo-Nenets Avtonomnyy Okrug,538547,112,0,11016,0
2020-08-01,Russia,NA,Yamalo-Nenets Avtonomnyy Okrug,538547,111,0,11127,0
2020-08-02,Russia,NA,Yamalo-Nenets Avtonomnyy Okrug,538547,108,0,11235,0
2020-08-17,Russia,NA,Yamalo-Nenets Avtonomnyy Okrug,538547,0,0,12612,82
2020-08-18,Russia,NA,Yamalo-Nenets Avtonomnyy Okrug,538547,76,1,12688,83
2020-08-19,Russia,NA,Yamalo-Nenets Avtonomnyy Okrug,538547,72,1,12760,84
2020-08-20,Russia,NA,Yamalo-Nenets Avtonomnyy Okrug,538547,69,1,12829,85
2020-08-21,Russia,NA,Yamalo-Nenets Avtonomnyy Okrug,538547,65,0,12894,85
2020-08-22,Russia,NA,Yamalo-Nenets Avtonomnyy Okrug,538547,63,2,12957,87
2020-08-23,Russia,NA,Yamalo-Nenets Avtonomnyy Okrug,538547,62,0,13019,87
2020-08-24,Russia,NA,Yamalo-Nenets Avtonomnyy Okrug,538547,61,0,13080,87
2020-08-25,Russia,NA,Yamalo-Nenets Avtonomnyy Okrug,538547,55,1,13135,88
2020-08-26,Russia,NA,Yamalo-Nenets Avtonomnyy Okrug,538547,45,2,13180,90
2020-08-27,Russia,NA,Yamalo-Nenets Avtonomnyy Okrug,538547,42,0,13222,90
2020-08-28,Russia,NA,Yamalo-Nenets Avtonomnyy Okrug,538547,47,0,13269,90
2020-08-29,Russia,NA,Yamalo-Nenets Avtonomnyy Okrug,538547,46,0,13315,90
2020-08-30,Russia,NA,Yamalo-Nenets Avtonomnyy Okrug,538547,49,0,13364,90
2020-08-31,Russia,NA,Yamalo-Nenets Avtonomnyy Okrug,538547,47,0,13411,90
2020-09-01,Russia,NA,Yamalo-Nenets Avtonomnyy Okrug,538547,46,0,13457,90
2020-09-02,Russia,NA,Yamalo-Nenets Avtonomnyy Okrug,538547,46,0,13503,90
2020-09-03,Russia,NA,Yamalo-Nenets Avtonomnyy Okrug,538547,44,1,13547,91
2020-09-04,Russia,NA,Yamalo-Nenets Avtonomnyy Okrug,538547,47,1,13594,92
2020-09-05,Russia,NA,Yamalo-Nenets Avtonomnyy Okrug,538547,46,1,13640,93
2020-09-06,Russia,NA,Yamalo-Nenets Avtonomnyy Okrug,538547,55,0,13695,93
2020-09-07,Russia,NA,Yamalo-Nenets Avtonomnyy Okrug,538547,44,0,13739,93
2020-09-08,Russia,NA,Yamalo-Nenets Avtonomnyy Okrug,538547,53,1,13792,94
2020-09-09,Russia,NA,Yamalo-Nenets Avtonomnyy Okrug,538547,48,0,13840,94
2020-09-10,Russia,NA,Yamalo-Nenets Avtonomnyy Okrug,538547,54,1,13894,95
2020-09-11,Russia,NA,Yamalo-Nenets Avtonomnyy Okrug,538547,50,0,13944,95
2020-09-12,Russia,NA,Yamalo-Nenets Avtonomnyy Okrug,538547,48,0,13992,95
2020-09-13,Russia,NA,Yamalo-Nenets Avtonomnyy Okrug,538547,50,2,14042,97
2020-09-14,Russia,NA,Yamalo-Nenets Avtonomnyy Okrug,538547,59,0,14101,97
2020-09-15,Russia,NA,Yamalo-Nenets Avtonomnyy Okrug,538547,61,0,14162,97
2020-04-07,Russia,NA,Yaroslavl Oblast,1265684,5,0,11,0
2020-04-09,Russia,NA,Yaroslavl Oblast,1265684,2,0,13,0
2020-04-12,Russia,NA,Yaroslavl Oblast,1265684,14,0,27,0
2020-04-15,Russia,NA,Yaroslavl Oblast,1265684,12,0,39,0
2020-04-16,Russia,NA,Yaroslavl Oblast,1265684,23,0,62,0
2020-04-17,Russia,NA,Yaroslavl Oblast,1265684,19,0,81,0
2020-04-18,Russia,NA,Yaroslavl Oblast,1265684,24,0,105,0
2020-04-19,Russia,NA,Yaroslavl Oblast,1265684,12,0,117,0
2020-04-20,Russia,NA,Yaroslavl Oblast,1265684,27,0,144,0
2020-04-21,Russia,NA,Yaroslavl Oblast,1265684,43,0,187,0
2020-04-22,Russia,NA,Yaroslavl Oblast,1265684,11,0,198,0
2020-04-23,Russia,NA,Yaroslavl Oblast,1265684,65,0,263,0
2020-04-24,Russia,NA,Yaroslavl Oblast,1265684,42,0,305,0
2020-04-25,Russia,NA,Yaroslavl Oblast,1265684,37,0,342,0
2020-04-26,Russia,NA,Yaroslavl Oblast,1265684,42,0,384,0
2020-04-27,Russia,NA,Yaroslavl Oblast,1265684,25,0,409,0
2020-04-28,Russia,NA,Yaroslavl Oblast,1265684,47,0,456,0
2020-04-29,Russia,NA,Yaroslavl Oblast,1265684,27,0,483,0
2020-04-30,Russia,NA,Yaroslavl Oblast,1265684,23,0,506,0
2020-05-01,Russia,NA,Yaroslavl Oblast,1265684,64,0,570,0
2020-05-02,Russia,NA,Yaroslavl Oblast,1265684,64,0,634,0
2020-05-03,Russia,NA,Yaroslavl Oblast,1265684,76,0,710,0
2020-05-04,Russia,NA,Yaroslavl Oblast,1265684,79,0,789,0
2020-05-05,Russia,NA,Yaroslavl Oblast,1265684,40,0,829,0
2020-05-06,Russia,NA,Yaroslavl Oblast,1265684,51,0,880,0
2020-05-07,Russia,NA,Yaroslavl Oblast,1265684,55,0,935,0
2020-05-08,Russia,NA,Yaroslavl Oblast,1265684,58,0,993,0
2020-05-09,Russia,NA,Yaroslavl Oblast,1265684,58,0,1051,0
2020-05-10,Russia,NA,Yaroslavl Oblast,1265684,63,0,1114,0
2020-05-11,Russia,NA,Yaroslavl Oblast,1265684,78,0,1192,0
2020-05-12,Russia,NA,Yaroslavl Oblast,1265684,83,0,1275,0
2020-05-13,Russia,NA,Yaroslavl Oblast,1265684,88,0,1363,0
2020-05-14,Russia,NA,Yaroslavl Oblast,1265684,87,0,1450,0
2020-05-15,Russia,NA,Yaroslavl Oblast,1265684,87,0,1537,0
2020-05-16,Russia,NA,Yaroslavl Oblast,1265684,92,0,1629,0
2020-05-17,Russia,NA,Yaroslavl Oblast,1265684,97,0,1726,0
2020-05-18,Russia,NA,Yaroslavl Oblast,1265684,103,0,1829,0
2020-05-19,Russia,NA,Yaroslavl Oblast,1265684,109,0,1938,0
2020-05-20,Russia,NA,Yaroslavl Oblast,1265684,135,0,2073,0
2020-05-21,Russia,NA,Yaroslavl Oblast,1265684,133,0,2206,0
2020-05-22,Russia,NA,Yaroslavl Oblast,1265684,103,0,2309,0
2020-05-23,Russia,NA,Yaroslavl Oblast,1265684,115,0,2424,0
2020-05-24,Russia,NA,Yaroslavl Oblast,1265684,107,0,2531,0
2020-05-25,Russia,NA,Yaroslavl Oblast,1265684,101,0,2632,0
2020-05-26,Russia,NA,Yaroslavl Oblast,1265684,94,0,2726,0
2020-05-27,Russia,NA,Yaroslavl Oblast,1265684,82,0,2808,0
2020-05-28,Russia,NA,Yaroslavl Oblast,1265684,84,0,2892,0
2020-05-29,Russia,NA,Yaroslavl Oblast,1265684,84,0,2976,0
2020-05-30,Russia,NA,Yaroslavl Oblast,1265684,79,0,3055,0
2020-05-31,Russia,NA,Yaroslavl Oblast,1265684,77,0,3132,0
2020-06-01,Russia,NA,Yaroslavl Oblast,1265684,78,0,3210,0
2020-06-02,Russia,NA,Yaroslavl Oblast,1265684,74,0,3284,0
2020-06-03,Russia,NA,Yaroslavl Oblast,1265684,72,0,3356,0
2020-06-04,Russia,NA,Yaroslavl Oblast,1265684,74,0,3430,0
2020-06-05,Russia,NA,Yaroslavl Oblast,1265684,71,0,3501,0
2020-06-06,Russia,NA,Yaroslavl Oblast,1265684,75,0,3576,0
2020-06-07,Russia,NA,Yaroslavl Oblast,1265684,70,0,3646,0
2020-06-08,Russia,NA,Yaroslavl Oblast,1265684,68,0,3714,0
2020-06-09,Russia,NA,Yaroslavl Oblast,1265684,67,0,3781,0
2020-06-10,Russia,NA,Yaroslavl Oblast,1265684,63,0,3844,0
2020-06-11,Russia,NA,Yaroslavl Oblast,1265684,59,0,3903,0
2020-06-12,Russia,NA,Yaroslavl Oblast,1265684,60,0,3963,0
2020-06-13,Russia,NA,Yaroslavl Oblast,1265684,57,0,4020,0
2020-06-14,Russia,NA,Yaroslavl Oblast,1265684,53,0,4073,0
2020-06-15,Russia,NA,Yaroslavl Oblast,1265684,48,0,4121,0
2020-06-16,Russia,NA,Yaroslavl Oblast,1265684,41,0,4162,0
2020-06-17,Russia,NA,Yaroslavl Oblast,1265684,49,0,4211,0
2020-06-18,Russia,NA,Yaroslavl Oblast,1265684,45,0,4256,0
2020-06-19,Russia,NA,Yaroslavl Oblast,1265684,39,0,4295,0
2020-06-20,Russia,NA,Yaroslavl Oblast,1265684,47,0,4342,0
2020-06-21,Russia,NA,Yaroslavl Oblast,1265684,48,0,4390,0
2020-06-22,Russia,NA,Yaroslavl Oblast,1265684,45,0,4435,0
2020-06-23,Russia,NA,Yaroslavl Oblast,1265684,47,0,4482,0
2020-06-24,Russia,NA,Yaroslavl Oblast,1265684,44,0,4526,0
2020-06-25,Russia,NA,Yaroslavl Oblast,1265684,45,0,4571,0
2020-06-26,Russia,NA,Yaroslavl Oblast,1265684,43,0,4614,0
2020-06-27,Russia,NA,Yaroslavl Oblast,1265684,44,0,4658,0
2020-06-28,Russia,NA,Yaroslavl Oblast,1265684,41,0,4699,0
2020-06-29,Russia,NA,Yaroslavl Oblast,1265684,42,0,4741,0
2020-06-30,Russia,NA,Yaroslavl Oblast,1265684,44,0,4785,0
2020-07-01,Russia,NA,Yaroslavl Oblast,1265684,40,0,4825,0
2020-07-02,Russia,NA,Yaroslavl Oblast,1265684,41,0,4866,0
2020-07-03,Russia,NA,Yaroslavl Oblast,1265684,43,0,4909,0
2020-07-04,Russia,NA,Yaroslavl Oblast,1265684,45,0,4954,0
2020-07-05,Russia,NA,Yaroslavl Oblast,1265684,37,0,4991,0
2020-07-06,Russia,NA,Yaroslavl Oblast,1265684,40,0,5031,0
2020-07-07,Russia,NA,Yaroslavl Oblast,1265684,38,0,5069,0
2020-07-08,Russia,NA,Yaroslavl Oblast,1265684,37,0,5106,0
2020-07-09,Russia,NA,Yaroslavl Oblast,1265684,41,0,5147,0
2020-07-10,Russia,NA,Yaroslavl Oblast,1265684,43,0,5190,0
2020-07-11,Russia,NA,Yaroslavl Oblast,1265684,40,0,5230,0
2020-07-12,Russia,NA,Yaroslavl Oblast,1265684,37,0,5267,0
2020-07-13,Russia,NA,Yaroslavl Oblast,1265684,39,0,5306,0
2020-07-14,Russia,NA,Yaroslavl Oblast,1265684,41,0,5347,0
2020-07-15,Russia,NA,Yaroslavl Oblast,1265684,40,0,5387,0
2020-07-16,Russia,NA,Yaroslavl Oblast,1265684,44,0,5431,0
2020-07-17,Russia,NA,Yaroslavl Oblast,1265684,45,0,5476,0
2020-07-18,Russia,NA,Yaroslavl Oblast,1265684,43,0,5519,0
2020-07-19,Russia,NA,Yaroslavl Oblast,1265684,41,0,5560,0
2020-07-20,Russia,NA,Yaroslavl Oblast,1265684,38,0,5598,0
2020-07-21,Russia,NA,Yaroslavl Oblast,1265684,39,0,5637,0
2020-07-22,Russia,NA,Yaroslavl Oblast,1265684,40,0,5677,0
2020-07-23,Russia,NA,Yaroslavl Oblast,1265684,42,0,5719,0
2020-07-24,Russia,NA,Yaroslavl Oblast,1265684,41,0,5760,0
2020-07-25,Russia,NA,Yaroslavl Oblast,1265684,37,0,5797,0
2020-07-26,Russia,NA,Yaroslavl Oblast,1265684,38,0,5835,0
2020-07-27,Russia,NA,Yaroslavl Oblast,1265684,42,0,5877,0
2020-07-28,Russia,NA,Yaroslavl Oblast,1265684,39,0,5916,0
2020-07-29,Russia,NA,Yaroslavl Oblast,1265684,39,0,5955,0
2020-07-30,Russia,NA,Yaroslavl Oblast,1265684,41,0,5996,0
2020-07-31,Russia,NA,Yaroslavl Oblast,1265684,38,0,6034,0
2020-08-01,Russia,NA,Yaroslavl Oblast,1265684,37,0,6071,0
2020-08-02,Russia,NA,Yaroslavl Oblast,1265684,41,0,6112,0
2020-08-17,Russia,NA,Yaroslavl Oblast,1265684,0,0,6695,32
2020-08-18,Russia,NA,Yaroslavl Oblast,1265684,37,0,6732,32
2020-08-19,Russia,NA,Yaroslavl Oblast,1265684,40,0,6772,32
2020-08-20,Russia,NA,Yaroslavl Oblast,1265684,38,0,6810,32
2020-08-21,Russia,NA,Yaroslavl Oblast,1265684,37,0,6847,32
2020-08-22,Russia,NA,Yaroslavl Oblast,1265684,38,0,6885,32
2020-08-23,Russia,NA,Yaroslavl Oblast,1265684,40,0,6925,32
2020-08-24,Russia,NA,Yaroslavl Oblast,1265684,39,0,6964,32
2020-08-25,Russia,NA,Yaroslavl Oblast,1265684,35,0,6999,32
2020-08-26,Russia,NA,Yaroslavl Oblast,1265684,38,1,7037,33
2020-08-27,Russia,NA,Yaroslavl Oblast,1265684,40,0,7077,33
2020-08-28,Russia,NA,Yaroslavl Oblast,1265684,40,2,7117,35
2020-08-29,Russia,NA,Yaroslavl Oblast,1265684,33,0,7150,35
2020-08-30,Russia,NA,Yaroslavl Oblast,1265684,38,0,7188,35
2020-08-31,Russia,NA,Yaroslavl Oblast,1265684,40,1,7228,36
2020-09-01,Russia,NA,Yaroslavl Oblast,1265684,41,1,7269,37
2020-09-02,Russia,NA,Yaroslavl Oblast,1265684,39,0,7308,37
2020-09-03,Russia,NA,Yaroslavl Oblast,1265684,37,1,7345,38
2020-09-04,Russia,NA,Yaroslavl Oblast,1265684,40,0,7385,38
2020-09-05,Russia,NA,Yaroslavl Oblast,1265684,38,0,7423,38
2020-09-06,Russia,NA,Yaroslavl Oblast,1265684,42,0,7465,38
2020-09-07,Russia,NA,Yaroslavl Oblast,1265684,39,0,7504,38
2020-09-08,Russia,NA,Yaroslavl Oblast,1265684,38,4,7542,42
2020-09-09,Russia,NA,Yaroslavl Oblast,1265684,42,0,7584,42
2020-09-10,Russia,NA,Yaroslavl Oblast,1265684,45,0,7629,42
2020-09-11,Russia,NA,Yaroslavl Oblast,1265684,49,0,7678,42
2020-09-12,Russia,NA,Yaroslavl Oblast,1265684,44,0,7722,42
2020-09-13,Russia,NA,Yaroslavl Oblast,1265684,41,0,7763,42
2020-09-14,Russia,NA,Yaroslavl Oblast,1265684,46,0,7809,42
2020-09-15,Russia,NA,Yaroslavl Oblast,1265684,42,1,7851,43
2020-04-13,Russia,NA,Zabaykalsky Krai,1072806,6,0,14,0
2020-04-16,Russia,NA,Zabaykalsky Krai,1072806,14,0,28,0
2020-04-17,Russia,NA,Zabaykalsky Krai,1072806,2,0,30,0
2020-04-18,Russia,NA,Zabaykalsky Krai,1072806,3,0,33,0
2020-04-19,Russia,NA,Zabaykalsky Krai,1072806,1,0,34,0
2020-04-20,Russia,NA,Zabaykalsky Krai,1072806,9,0,43,0
2020-04-21,Russia,NA,Zabaykalsky Krai,1072806,7,0,50,0
2020-04-22,Russia,NA,Zabaykalsky Krai,1072806,11,0,61,0
2020-04-23,Russia,NA,Zabaykalsky Krai,1072806,3,0,64,0
2020-04-24,Russia,NA,Zabaykalsky Krai,1072806,9,0,73,0
2020-04-25,Russia,NA,Zabaykalsky Krai,1072806,10,0,83,0
2020-04-26,Russia,NA,Zabaykalsky Krai,1072806,7,0,90,0
2020-04-27,Russia,NA,Zabaykalsky Krai,1072806,6,0,96,0
2020-04-28,Russia,NA,Zabaykalsky Krai,1072806,7,0,103,0
2020-04-29,Russia,NA,Zabaykalsky Krai,1072806,6,0,109,0
2020-04-30,Russia,NA,Zabaykalsky Krai,1072806,5,0,114,0
2020-05-01,Russia,NA,Zabaykalsky Krai,1072806,20,0,134,0
2020-05-02,Russia,NA,Zabaykalsky Krai,1072806,21,0,155,0
2020-05-03,Russia,NA,Zabaykalsky Krai,1072806,12,0,167,0
2020-05-04,Russia,NA,Zabaykalsky Krai,1072806,31,0,198,0
2020-05-05,Russia,NA,Zabaykalsky Krai,1072806,17,0,215,0
2020-05-06,Russia,NA,Zabaykalsky Krai,1072806,23,0,238,0
2020-05-07,Russia,NA,Zabaykalsky Krai,1072806,16,0,254,0
2020-05-08,Russia,NA,Zabaykalsky Krai,1072806,8,0,262,0
2020-05-09,Russia,NA,Zabaykalsky Krai,1072806,10,0,272,0
2020-05-10,Russia,NA,Zabaykalsky Krai,1072806,33,0,305,0
2020-05-11,Russia,NA,Zabaykalsky Krai,1072806,39,0,344,0
2020-05-12,Russia,NA,Zabaykalsky Krai,1072806,20,0,364,0
2020-05-13,Russia,NA,Zabaykalsky Krai,1072806,22,0,386,0
2020-05-14,Russia,NA,Zabaykalsky Krai,1072806,46,0,432,0
2020-05-15,Russia,NA,Zabaykalsky Krai,1072806,22,0,454,0
2020-05-16,Russia,NA,Zabaykalsky Krai,1072806,32,0,486,0
2020-05-17,Russia,NA,Zabaykalsky Krai,1072806,24,0,510,0
2020-05-18,Russia,NA,Zabaykalsky Krai,1072806,40,0,550,0
2020-05-19,Russia,NA,Zabaykalsky Krai,1072806,45,0,595,0
2020-05-20,Russia,NA,Zabaykalsky Krai,1072806,20,0,615,0
2020-05-21,Russia,NA,Zabaykalsky Krai,1072806,31,0,646,0
2020-05-22,Russia,NA,Zabaykalsky Krai,1072806,38,0,684,0
2020-05-23,Russia,NA,Zabaykalsky Krai,1072806,43,0,727,0
2020-05-24,Russia,NA,Zabaykalsky Krai,1072806,31,0,758,0
2020-05-25,Russia,NA,Zabaykalsky Krai,1072806,59,0,817,0
2020-05-26,Russia,NA,Zabaykalsky Krai,1072806,62,0,879,0
2020-05-27,Russia,NA,Zabaykalsky Krai,1072806,59,0,938,0
2020-05-28,Russia,NA,Zabaykalsky Krai,1072806,53,0,991,0
2020-05-29,Russia,NA,Zabaykalsky Krai,1072806,28,0,1019,0
2020-05-30,Russia,NA,Zabaykalsky Krai,1072806,33,0,1052,0
2020-05-31,Russia,NA,Zabaykalsky Krai,1072806,45,0,1097,0
2020-06-01,Russia,NA,Zabaykalsky Krai,1072806,39,0,1136,0
2020-06-02,Russia,NA,Zabaykalsky Krai,1072806,29,0,1165,0
2020-06-03,Russia,NA,Zabaykalsky Krai,1072806,53,0,1218,0
2020-06-04,Russia,NA,Zabaykalsky Krai,1072806,39,0,1257,0
2020-06-05,Russia,NA,Zabaykalsky Krai,1072806,64,0,1321,0
2020-06-06,Russia,NA,Zabaykalsky Krai,1072806,77,0,1398,0
2020-06-07,Russia,NA,Zabaykalsky Krai,1072806,73,0,1471,0
2020-06-08,Russia,NA,Zabaykalsky Krai,1072806,80,0,1551,0
2020-06-09,Russia,NA,Zabaykalsky Krai,1072806,83,0,1634,0
2020-06-10,Russia,NA,Zabaykalsky Krai,1072806,70,0,1704,0
2020-06-11,Russia,NA,Zabaykalsky Krai,1072806,61,0,1765,0
2020-06-12,Russia,NA,Zabaykalsky Krai,1072806,76,0,1841,0
2020-06-13,Russia,NA,Zabaykalsky Krai,1072806,66,0,1907,0
2020-06-14,Russia,NA,Zabaykalsky Krai,1072806,89,0,1996,0
2020-06-15,Russia,NA,Zabaykalsky Krai,1072806,85,0,2081,0
2020-06-16,Russia,NA,Zabaykalsky Krai,1072806,93,0,2174,0
2020-06-17,Russia,NA,Zabaykalsky Krai,1072806,89,0,2263,0
2020-06-18,Russia,NA,Zabaykalsky Krai,1072806,62,0,2325,0
2020-06-19,Russia,NA,Zabaykalsky Krai,1072806,66,0,2391,0
2020-06-20,Russia,NA,Zabaykalsky Krai,1072806,67,0,2458,0
2020-06-21,Russia,NA,Zabaykalsky Krai,1072806,69,0,2527,0
2020-06-22,Russia,NA,Zabaykalsky Krai,1072806,69,0,2596,0
2020-06-23,Russia,NA,Zabaykalsky Krai,1072806,71,0,2667,0
2020-06-24,Russia,NA,Zabaykalsky Krai,1072806,71,0,2738,0
2020-06-25,Russia,NA,Zabaykalsky Krai,1072806,55,0,2793,0
2020-06-26,Russia,NA,Zabaykalsky Krai,1072806,61,0,2854,0
2020-06-27,Russia,NA,Zabaykalsky Krai,1072806,62,0,2916,0
2020-06-28,Russia,NA,Zabaykalsky Krai,1072806,59,0,2975,0
2020-06-29,Russia,NA,Zabaykalsky Krai,1072806,63,0,3038,0
2020-06-30,Russia,NA,Zabaykalsky Krai,1072806,62,0,3100,0
2020-07-01,Russia,NA,Zabaykalsky Krai,1072806,61,0,3161,0
2020-07-02,Russia,NA,Zabaykalsky Krai,1072806,51,0,3212,0
2020-07-03,Russia,NA,Zabaykalsky Krai,1072806,48,0,3260,0
2020-07-04,Russia,NA,Zabaykalsky Krai,1072806,49,0,3309,0
2020-07-05,Russia,NA,Zabaykalsky Krai,1072806,46,0,3355,0
2020-07-06,Russia,NA,Zabaykalsky Krai,1072806,44,0,3399,0
2020-07-07,Russia,NA,Zabaykalsky Krai,1072806,42,0,3441,0
2020-07-08,Russia,NA,Zabaykalsky Krai,1072806,39,0,3480,0
2020-07-09,Russia,NA,Zabaykalsky Krai,1072806,36,0,3516,0
2020-07-10,Russia,NA,Zabaykalsky Krai,1072806,39,0,3555,0
2020-07-11,Russia,NA,Zabaykalsky Krai,1072806,40,0,3595,0
2020-07-12,Russia,NA,Zabaykalsky Krai,1072806,43,0,3638,0
2020-07-13,Russia,NA,Zabaykalsky Krai,1072806,45,0,3683,0
2020-07-14,Russia,NA,Zabaykalsky Krai,1072806,45,0,3728,0
2020-07-15,Russia,NA,Zabaykalsky Krai,1072806,39,0,3767,0
2020-07-16,Russia,NA,Zabaykalsky Krai,1072806,35,0,3802,0
2020-07-17,Russia,NA,Zabaykalsky Krai,1072806,33,0,3835,0
2020-07-18,Russia,NA,Zabaykalsky Krai,1072806,32,0,3867,0
2020-07-19,Russia,NA,Zabaykalsky Krai,1072806,30,0,3897,0
2020-07-20,Russia,NA,Zabaykalsky Krai,1072806,30,0,3927,0
2020-07-21,Russia,NA,Zabaykalsky Krai,1072806,25,0,3952,0
2020-07-22,Russia,NA,Zabaykalsky Krai,1072806,19,0,3971,0
2020-07-23,Russia,NA,Zabaykalsky Krai,1072806,17,0,3988,0
2020-07-24,Russia,NA,Zabaykalsky Krai,1072806,14,0,4002,0
2020-07-25,Russia,NA,Zabaykalsky Krai,1072806,13,0,4015,0
2020-07-26,Russia,NA,Zabaykalsky Krai,1072806,11,0,4026,0
2020-07-27,Russia,NA,Zabaykalsky Krai,1072806,12,0,4038,0
2020-07-28,Russia,NA,Zabaykalsky Krai,1072806,12,0,4050,0
2020-07-29,Russia,NA,Zabaykalsky Krai,1072806,9,0,4059,0
2020-07-30,Russia,NA,Zabaykalsky Krai,1072806,11,0,4070,0
2020-07-31,Russia,NA,Zabaykalsky Krai,1072806,11,0,4081,0
2020-08-01,Russia,NA,Zabaykalsky Krai,1072806,13,0,4094,0
2020-08-02,Russia,NA,Zabaykalsky Krai,1072806,12,0,4106,0
2020-08-17,Russia,NA,Zabaykalsky Krai,1072806,0,0,4313,51
2020-08-18,Russia,NA,Zabaykalsky Krai,1072806,10,0,4323,51
2020-08-19,Russia,NA,Zabaykalsky Krai,1072806,15,0,4338,51
2020-08-20,Russia,NA,Zabaykalsky Krai,1072806,16,0,4354,51
2020-08-21,Russia,NA,Zabaykalsky Krai,1072806,16,1,4370,52
2020-08-22,Russia,NA,Zabaykalsky Krai,1072806,18,0,4388,52
2020-08-23,Russia,NA,Zabaykalsky Krai,1072806,20,1,4408,53
2020-08-24,Russia,NA,Zabaykalsky Krai,1072806,19,1,4427,54
2020-08-25,Russia,NA,Zabaykalsky Krai,1072806,19,0,4446,54
2020-08-26,Russia,NA,Zabaykalsky Krai,1072806,24,1,4470,55
2020-08-27,Russia,NA,Zabaykalsky Krai,1072806,23,0,4493,55
2020-08-28,Russia,NA,Zabaykalsky Krai,1072806,24,1,4517,56
2020-08-29,Russia,NA,Zabaykalsky Krai,1072806,24,0,4541,56
2020-08-30,Russia,NA,Zabaykalsky Krai,1072806,29,0,4570,56
2020-08-31,Russia,NA,Zabaykalsky Krai,1072806,30,1,4600,57
2020-09-01,Russia,NA,Zabaykalsky Krai,1072806,32,0,4632,57
2020-09-02,Russia,NA,Zabaykalsky Krai,1072806,33,1,4665,58
2020-09-03,Russia,NA,Zabaykalsky Krai,1072806,34,0,4699,58
2020-09-04,Russia,NA,Zabaykalsky Krai,1072806,36,1,4735,59
2020-09-05,Russia,NA,Zabaykalsky Krai,1072806,35,0,4770,59
2020-09-06,Russia,NA,Zabaykalsky Krai,1072806,34,1,4804,60
2020-09-07,Russia,NA,Zabaykalsky Krai,1072806,35,0,4839,60
2020-09-08,Russia,NA,Zabaykalsky Krai,1072806,40,0,4879,60
2020-09-09,Russia,NA,Zabaykalsky Krai,1072806,43,1,4922,61
2020-09-10,Russia,NA,Zabaykalsky Krai,1072806,45,0,4967,61
2020-09-11,Russia,NA,Zabaykalsky Krai,1072806,48,1,5015,62
2020-09-12,Russia,NA,Zabaykalsky Krai,1072806,51,0,5066,62
2020-09-13,Russia,NA,Zabaykalsky Krai,1072806,63,1,5129,63
2020-09-14,Russia,NA,Zabaykalsky Krai,1072806,66,0,5195,63
2020-09-15,Russia,NA,Zabaykalsky Krai,1072806,66,1,5261,64
2020-03-29,South Africa,NA,Eastern Cape,6436761,2,0,12,0
2020-03-30,South Africa,NA,Eastern Cape,6436761,0,0,12,0
2020-03-31,South Africa,NA,Eastern Cape,6436761,0,0,12,0
2020-04-01,South Africa,NA,Eastern Cape,6436761,3,0,15,0
2020-04-02,South Africa,NA,Eastern Cape,6436761,2,0,17,0
2020-04-03,South Africa,NA,Eastern Cape,6436761,4,0,21,0
2020-04-04,South Africa,NA,Eastern Cape,6436761,4,0,25,0
2020-04-05,South Africa,NA,Eastern Cape,6436761,6,0,31,0
2020-04-06,South Africa,NA,Eastern Cape,6436761,1,0,32,0
2020-04-08,South Africa,NA,Eastern Cape,6436761,13,0,45,0
2020-04-09,South Africa,NA,Eastern Cape,6436761,16,0,61,0
2020-04-10,South Africa,NA,Eastern Cape,6436761,7,0,68,0
2020-04-11,South Africa,NA,Eastern Cape,6436761,1,0,69,0
2020-04-12,South Africa,NA,Eastern Cape,6436761,19,0,88,0
2020-04-13,South Africa,NA,Eastern Cape,6436761,16,0,104,0
2020-04-14,South Africa,NA,Eastern Cape,6436761,70,0,174,0
2020-04-15,South Africa,NA,Eastern Cape,6436761,25,0,199,0
2020-04-16,South Africa,NA,Eastern Cape,6436761,21,4,220,4
2020-04-17,South Africa,NA,Eastern Cape,6436761,26,0,246,4
2020-04-18,South Africa,NA,Eastern Cape,6436761,24,0,270,4
2020-04-19,South Africa,NA,Eastern Cape,6436761,23,0,293,4
2020-04-20,South Africa,NA,Eastern Cape,6436761,17,1,310,5
2020-04-21,South Africa,NA,Eastern Cape,6436761,35,0,345,5
2020-04-22,South Africa,NA,Eastern Cape,6436761,32,0,377,5
2020-04-23,South Africa,NA,Eastern Cape,6436761,40,1,417,6
2020-04-24,South Africa,NA,Eastern Cape,6436761,63,0,480,6
2020-04-25,South Africa,NA,Eastern Cape,6436761,8,4,488,10
2020-04-26,South Africa,NA,Eastern Cape,6436761,47,0,535,10
2020-04-27,South Africa,NA,Eastern Cape,6436761,53,0,588,10
2020-04-28,South Africa,NA,Eastern Cape,6436761,28,0,616,10
2020-04-29,South Africa,NA,Eastern Cape,6436761,14,1,630,11
2020-04-30,South Africa,NA,Eastern Cape,6436761,17,0,647,11
2020-05-01,South Africa,NA,Eastern Cape,6436761,44,0,691,11
2020-05-02,South Africa,NA,Eastern Cape,6436761,41,2,732,13
2020-05-03,South Africa,NA,Eastern Cape,6436761,42,4,774,17
2020-05-04,South Africa,NA,Eastern Cape,6436761,40,0,814,17
2020-05-05,South Africa,NA,Eastern Cape,6436761,24,1,838,18
2020-05-06,South Africa,NA,Eastern Cape,6436761,11,0,849,18
2020-05-07,South Africa,NA,Eastern Cape,6436761,80,0,929,18
2020-05-08,South Africa,NA,Eastern Cape,6436761,60,3,989,21
2020-05-09,South Africa,NA,Eastern Cape,6436761,89,0,1078,21
2020-05-10,South Africa,NA,Eastern Cape,6436761,140,1,1218,22
2020-05-11,South Africa,NA,Eastern Cape,6436761,138,2,1356,24
2020-05-12,South Africa,NA,Eastern Cape,6436761,148,0,1504,24
2020-05-13,South Africa,NA,Eastern Cape,6436761,30,0,1534,24
2020-05-14,South Africa,NA,Eastern Cape,6436761,35,7,1569,31
2020-05-15,South Africa,NA,Eastern Cape,6436761,93,0,1662,31
2020-05-16,South Africa,NA,Eastern Cape,6436761,150,1,1812,32
2020-05-17,South Africa,NA,Eastern Cape,6436761,124,3,1936,35
2020-05-18,South Africa,NA,Eastern Cape,6436761,116,4,2052,39
2020-05-19,South Africa,NA,Eastern Cape,6436761,83,2,2135,41
2020-05-20,South Africa,NA,Eastern Cape,6436761,80,4,2215,45
2020-05-21,South Africa,NA,Eastern Cape,6436761,109,5,2324,50
2020-05-22,South Africa,NA,Eastern Cape,6436761,135,3,2459,53
2020-05-23,South Africa,NA,Eastern Cape,6436761,110,5,2569,58
2020-05-24,South Africa,NA,Eastern Cape,6436761,121,1,2690,59
2020-05-25,South Africa,NA,Eastern Cape,6436761,58,2,2748,61
2020-05-26,South Africa,NA,Eastern Cape,6436761,116,9,2864,70
2020-05-27,South Africa,NA,Eastern Cape,6436761,183,0,3047,70
2020-05-28,South Africa,NA,Eastern Cape,6436761,259,7,3306,77
2020-05-29,South Africa,NA,Eastern Cape,6436761,277,3,3583,80
2020-05-30,South Africa,NA,Eastern Cape,6436761,176,2,3759,82
2020-05-31,South Africa,NA,Eastern Cape,6436761,168,0,3927,82
2020-06-01,South Africa,NA,Eastern Cape,6436761,184,0,4111,82
2020-06-02,South Africa,NA,Eastern Cape,6436761,213,6,4324,88
2020-06-03,South Africa,NA,Eastern Cape,6436761,202,7,4526,95
2020-06-04,South Africa,NA,Eastern Cape,6436761,410,0,4936,95
2020-06-05,South Africa,NA,Eastern Cape,6436761,304,0,5240,95
2020-06-06,South Africa,NA,Eastern Cape,6436761,389,6,5629,101
2020-06-07,South Africa,NA,Eastern Cape,6436761,345,0,5974,101
2020-06-08,South Africa,NA,Eastern Cape,6436761,367,26,6341,127
2020-06-09,South Africa,NA,Eastern Cape,6436761,419,11,6760,138
2020-06-10,South Africa,NA,Eastern Cape,6436761,394,9,7154,147
2020-06-11,South Africa,NA,Eastern Cape,6436761,714,31,7868,178
2020-06-12,South Africa,NA,Eastern Cape,6436761,747,30,8615,208
2020-06-13,South Africa,NA,Eastern Cape,6436761,635,9,9250,217
2020-06-14,South Africa,NA,Eastern Cape,6436761,777,10,10027,227
2020-06-15,South Africa,NA,Eastern Cape,6436761,570,9,10597,236
2020-06-16,South Africa,NA,Eastern Cape,6436761,442,9,11039,245
2020-06-17,South Africa,NA,Eastern Cape,6436761,880,6,11919,251
2020-06-18,South Africa,NA,Eastern Cape,6436761,720,6,12639,257
2020-06-19,South Africa,NA,Eastern Cape,6436761,867,0,13506,257
2020-06-20,South Africa,NA,Eastern Cape,6436761,1215,11,14721,268
2020-06-21,South Africa,NA,Eastern Cape,6436761,1030,17,15751,285
2020-06-22,South Africa,NA,Eastern Cape,6436761,1144,18,16895,303
2020-06-23,South Africa,NA,Eastern Cape,6436761,1213,28,18108,331
2020-06-24,South Africa,NA,Eastern Cape,6436761,1106,15,19214,346
2020-06-25,South Africa,NA,Eastern Cape,6436761,1273,17,20487,363
2020-06-26,South Africa,NA,Eastern Cape,6436761,1451,8,21938,371
2020-06-27,South Africa,NA,Eastern Cape,6436761,1720,13,23658,384
2020-06-28,South Africa,NA,Eastern Cape,6436761,1441,3,25099,387
2020-06-29,South Africa,NA,Eastern Cape,6436761,1096,10,26195,397
2020-06-30,South Africa,NA,Eastern Cape,6436761,1491,25,27686,422
2020-07-01,South Africa,NA,Eastern Cape,6436761,1654,17,29340,439
2020-07-02,South Africa,NA,Eastern Cape,6436761,1263,12,30603,451
2020-07-03,South Africa,NA,Eastern Cape,6436761,1554,8,32157,459
2020-07-04,South Africa,NA,Eastern Cape,6436761,2004,31,34161,490
2020-07-05,South Africa,NA,Eastern Cape,6436761,1487,29,35648,519
2020-07-06,South Africa,NA,Eastern Cape,6436761,2433,9,38081,528
2020-07-07,South Africa,NA,Eastern Cape,6436761,2320,36,40401,564
2020-07-08,South Africa,NA,Eastern Cape,6436761,1956,18,42357,582
2020-07-09,South Africa,NA,Eastern Cape,6436761,2075,28,44432,610
2020-07-10,South Africa,NA,Eastern Cape,6436761,1852,24,46284,634
2020-07-11,South Africa,NA,Eastern Cape,6436761,1948,30,48232,664
2020-07-12,South Africa,NA,Eastern Cape,6436761,2068,22,50300,686
2020-07-13,South Africa,NA,Eastern Cape,6436761,1758,23,52058,709
2020-07-14,South Africa,NA,Eastern Cape,6436761,1901,17,53959,726
2020-07-15,South Africa,NA,Eastern Cape,6436761,1625,12,55584,738
2020-07-16,South Africa,NA,Eastern Cape,6436761,1602,25,57186,763
2020-07-17,South Africa,NA,Eastern Cape,6436761,1674,9,58860,772
2020-07-18,South Africa,NA,Eastern Cape,6436761,2116,39,60976,811
2020-07-19,South Africa,NA,Eastern Cape,6436761,2205,14,63181,825
2020-07-20,South Africa,NA,Eastern Cape,6436761,2135,46,65316,871
2020-07-21,South Africa,NA,Eastern Cape,6436761,1443,74,66759,945
2020-07-22,South Africa,NA,Eastern Cape,6436761,1059,400,67818,1345
2020-07-23,South Africa,NA,Eastern Cape,6436761,1627,48,69445,1393
2020-07-24,South Africa,NA,Eastern Cape,6436761,1893,13,71338,1406
2020-07-25,South Africa,NA,Eastern Cape,6436761,1434,44,72772,1450
2020-07-26,South Africa,NA,Eastern Cape,6436761,813,7,73585,1457
2020-07-27,South Africa,NA,Eastern Cape,6436761,646,77,74231,1534
2020-07-28,South Africa,NA,Eastern Cape,6436761,836,11,75067,1545
2020-07-29,South Africa,NA,Eastern Cape,6436761,715,34,75782,1579
2020-07-30,South Africa,NA,Eastern Cape,6436761,1273,121,77055,1700
2020-07-31,South Africa,NA,Eastern Cape,6436761,883,8,77938,1708
2020-08-01,South Africa,NA,Eastern Cape,6436761,844,36,78782,1744
2020-08-02,South Africa,NA,Eastern Cape,6436761,628,25,79410,1769
2020-08-03,South Africa,NA,Eastern Cape,6436761,264,20,79674,1789
2020-08-04,South Africa,NA,Eastern Cape,6436761,170,43,79844,1832
2020-08-05,South Africa,NA,Eastern Cape,6436761,556,135,80400,1967
2020-08-06,South Africa,NA,Eastern Cape,6436761,614,66,81014,2033
2020-08-07,South Africa,NA,Eastern Cape,6436761,601,57,81615,2090
2020-08-08,South Africa,NA,Eastern Cape,6436761,459,39,82074,2129
2020-08-09,South Africa,NA,Eastern Cape,6436761,327,80,82401,2209
2020-08-10,South Africa,NA,Eastern Cape,6436761,177,57,82578,2266
2020-08-11,South Africa,NA,Eastern Cape,6436761,137,20,82715,2286
2020-08-12,South Africa,NA,Eastern Cape,6436761,64,46,82779,2332
2020-08-13,South Africa,NA,Eastern Cape,6436761,223,68,83002,2400
2020-08-14,South Africa,NA,Eastern Cape,6436761,370,42,83372,2442
2020-08-15,South Africa,NA,Eastern Cape,6436761,299,5,83671,2447
2020-08-16,South Africa,NA,Eastern Cape,6436761,335,70,84006,2517
2020-08-17,South Africa,NA,Eastern Cape,6436761,86,50,84092,2567
2020-08-18,South Africa,NA,Eastern Cape,6436761,52,66,84144,2633
2020-08-19,South Africa,NA,Eastern Cape,6436761,218,37,84362,2670
2020-08-20,South Africa,NA,Eastern Cape,6436761,224,26,84586,2696
2020-08-21,South Africa,NA,Eastern Cape,6436761,201,57,84787,2753
2020-08-22,South Africa,NA,Eastern Cape,6436761,252,25,85039,2778
2020-08-23,South Africa,NA,Eastern Cape,6436761,164,11,85203,2789
2020-08-24,South Africa,NA,Eastern Cape,6436761,37,11,85240,2800
2020-08-25,South Africa,NA,Eastern Cape,6436761,71,16,85311,2816
2020-08-26,South Africa,NA,Eastern Cape,6436761,161,12,85472,2828
2020-08-27,South Africa,NA,Eastern Cape,6436761,153,25,85625,2853
2020-08-28,South Africa,NA,Eastern Cape,6436761,76,10,85701,2863
2020-08-29,South Africa,NA,Eastern Cape,6436761,198,6,85899,2869
2020-08-30,South Africa,NA,Eastern Cape,6436761,161,7,86060,2876
2020-08-31,South Africa,NA,Eastern Cape,6436761,103,20,86163,2896
2020-09-01,South Africa,NA,Eastern Cape,6436761,54,7,86217,2903
2020-09-02,South Africa,NA,Eastern Cape,6436761,105,29,86322,2932
2020-09-03,South Africa,NA,Eastern Cape,6436761,167,24,86489,2956
2020-09-04,South Africa,NA,Eastern Cape,6436761,146,12,86635,2968
2020-09-05,South Africa,NA,Eastern Cape,6436761,120,11,86755,2979
2020-09-06,South Africa,NA,Eastern Cape,6436761,94,7,86849,2986
2020-09-07,South Africa,NA,Eastern Cape,6436761,19,12,86868,2998
2020-09-08,South Africa,NA,Eastern Cape,6436761,58,9,86926,3007
2020-09-09,South Africa,NA,Eastern Cape,6436761,114,5,87040,3012
2020-09-10,South Africa,NA,Eastern Cape,6436761,88,7,87128,3019
2020-09-11,South Africa,NA,Eastern Cape,6436761,94,16,87222,3035
2020-09-12,South Africa,NA,Eastern Cape,6436761,101,8,87323,3043
2020-09-13,South Africa,NA,Eastern Cape,6436761,92,4,87415,3047
2020-09-14,South Africa,NA,Eastern Cape,6436761,41,4,87456,3051
2020-09-15,South Africa,NA,Eastern Cape,6436761,58,4,87514,3055
2020-03-23,South Africa,NA,Free State,2928903,4,0,13,0
2020-03-24,South Africa,NA,Free State,2928903,5,0,18,0
2020-03-25,South Africa,NA,Free State,2928903,12,0,30,0
2020-03-26,South Africa,NA,Free State,2928903,19,0,49,0
2020-03-28,South Africa,NA,Free State,2928903,19,0,68,0
2020-03-29,South Africa,NA,Free State,2928903,4,0,72,0
2020-03-30,South Africa,NA,Free State,2928903,0,1,72,1
2020-03-31,South Africa,NA,Free State,2928903,2,0,74,1
2020-04-01,South Africa,NA,Free State,2928903,2,0,76,1
2020-04-02,South Africa,NA,Free State,2928903,8,0,84,1
2020-04-03,South Africa,NA,Free State,2928903,0,0,84,1
2020-04-04,South Africa,NA,Free State,2928903,1,0,85,1
2020-04-05,South Africa,NA,Free State,2928903,2,0,87,1
2020-04-06,South Africa,NA,Free State,2928903,2,0,89,1
2020-04-08,South Africa,NA,Free State,2928903,0,2,89,3
2020-04-09,South Africa,NA,Free State,2928903,5,0,93,3
2020-04-10,South Africa,NA,Free State,2928903,1,0,94,3
2020-04-11,South Africa,NA,Free State,2928903,0,0,94,3
2020-04-12,South Africa,NA,Free State,2928903,2,0,96,3
2020-04-13,South Africa,NA,Free State,2928903,0,0,96,3
2020-04-14,South Africa,NA,Free State,2928903,2,0,98,3
2020-04-15,South Africa,NA,Free State,2928903,0,0,98,3
2020-04-16,South Africa,NA,Free State,2928903,1,1,98,4
2020-04-17,South Africa,NA,Free State,2928903,2,0,100,4
2020-04-18,South Africa,NA,Free State,2928903,0,0,100,4
2020-04-19,South Africa,NA,Free State,2928903,0,0,100,4
2020-04-20,South Africa,NA,Free State,2928903,5,1,105,5
2020-04-21,South Africa,NA,Free State,2928903,1,0,106,5
2020-04-22,South Africa,NA,Free State,2928903,0,0,106,5
2020-04-23,South Africa,NA,Free State,2928903,0,0,106,5
2020-04-24,South Africa,NA,Free State,2928903,5,0,111,5
2020-04-25,South Africa,NA,Free State,2928903,0,0,111,5
2020-04-26,South Africa,NA,Free State,2928903,0,0,111,5
2020-04-27,South Africa,NA,Free State,2928903,1,0,111,5
2020-04-28,South Africa,NA,Free State,2928903,2,0,113,5
2020-04-29,South Africa,NA,Free State,2928903,0,0,113,5
2020-04-30,South Africa,NA,Free State,2928903,3,0,116,5
2020-05-01,South Africa,NA,Free State,2928903,2,0,118,5
2020-05-02,South Africa,NA,Free State,2928903,3,1,121,6
2020-05-03,South Africa,NA,Free State,2928903,1,0,122,6
2020-05-04,South Africa,NA,Free State,2928903,3,0,125,6
2020-05-05,South Africa,NA,Free State,2928903,3,0,128,6
2020-05-06,South Africa,NA,Free State,2928903,2,0,130,6
2020-05-07,South Africa,NA,Free State,2928903,4,0,134,6
2020-05-08,South Africa,NA,Free State,2928903,0,0,134,6
2020-05-09,South Africa,NA,Free State,2928903,1,0,134,6
2020-05-10,South Africa,NA,Free State,2928903,1,0,135,6
2020-05-11,South Africa,NA,Free State,2928903,0,0,135,6
2020-05-12,South Africa,NA,Free State,2928903,0,0,135,6
2020-05-13,South Africa,NA,Free State,2928903,3,0,138,6
2020-05-14,South Africa,NA,Free State,2928903,7,0,145,6
2020-05-15,South Africa,NA,Free State,2928903,6,0,151,6
2020-05-16,South Africa,NA,Free State,2928903,2,0,153,6
2020-05-17,South Africa,NA,Free State,2928903,5,0,158,6
2020-05-18,South Africa,NA,Free State,2928903,5,0,163,6
2020-05-19,South Africa,NA,Free State,2928903,5,0,168,6
2020-05-20,South Africa,NA,Free State,2928903,12,0,180,6
2020-05-21,South Africa,NA,Free State,2928903,4,0,184,6
2020-05-22,South Africa,NA,Free State,2928903,1,0,185,6
2020-05-23,South Africa,NA,Free State,2928903,11,0,196,6
2020-05-24,South Africa,NA,Free State,2928903,6,0,202,6
2020-05-25,South Africa,NA,Free State,2928903,6,0,208,6
2020-05-26,South Africa,NA,Free State,2928903,0,0,208,6
2020-05-27,South Africa,NA,Free State,2928903,15,0,221,6
2020-05-28,South Africa,NA,Free State,2928903,4,2,225,8
2020-05-29,South Africa,NA,Free State,2928903,6,0,231,8
2020-05-30,South Africa,NA,Free State,2928903,30,0,261,8
2020-05-31,South Africa,NA,Free State,2928903,17,0,278,8
2020-06-01,South Africa,NA,Free State,2928903,7,0,285,8
2020-06-02,South Africa,NA,Free State,2928903,14,0,299,8
2020-06-03,South Africa,NA,Free State,2928903,20,0,319,8
2020-06-04,South Africa,NA,Free State,2928903,3,1,322,9
2020-06-05,South Africa,NA,Free State,2928903,14,0,336,9
2020-06-06,South Africa,NA,Free State,2928903,12,0,348,9
2020-06-07,South Africa,NA,Free State,2928903,13,0,361,9
2020-06-08,South Africa,NA,Free State,2928903,12,0,373,9
2020-06-09,South Africa,NA,Free State,2928903,18,0,391,9
2020-06-10,South Africa,NA,Free State,2928903,10,0,401,9
2020-06-11,South Africa,NA,Free State,2928903,5,0,406,9
2020-06-12,South Africa,NA,Free State,2928903,29,0,435,9
2020-06-13,South Africa,NA,Free State,2928903,22,0,457,9
2020-06-14,South Africa,NA,Free State,2928903,38,0,495,9
2020-06-15,South Africa,NA,Free State,2928903,17,0,512,9
2020-06-16,South Africa,NA,Free State,2928903,66,0,578,9
2020-06-17,South Africa,NA,Free State,2928903,30,0,608,9
2020-06-18,South Africa,NA,Free State,2928903,41,0,649,9
2020-06-19,South Africa,NA,Free State,2928903,9,0,658,9
2020-06-20,South Africa,NA,Free State,2928903,42,0,700,9
2020-06-21,South Africa,NA,Free State,2928903,33,0,733,9
2020-06-22,South Africa,NA,Free State,2928903,39,0,772,9
2020-06-23,South Africa,NA,Free State,2928903,42,0,814,9
2020-06-24,South Africa,NA,Free State,2928903,75,0,889,9
2020-06-25,South Africa,NA,Free State,2928903,87,0,976,9
2020-06-26,South Africa,NA,Free State,2928903,93,0,1069,9
2020-06-27,South Africa,NA,Free State,2928903,91,0,1160,9
2020-06-28,South Africa,NA,Free State,2928903,119,0,1279,9
2020-06-29,South Africa,NA,Free State,2928903,98,0,1377,9
2020-06-30,South Africa,NA,Free State,2928903,137,0,1514,9
2020-07-01,South Africa,NA,Free State,2928903,158,0,1672,9
2020-07-02,South Africa,NA,Free State,2928903,214,0,1886,9
2020-07-03,South Africa,NA,Free State,2928903,244,0,2130,9
2020-07-04,South Africa,NA,Free State,2928903,246,0,2376,9
2020-07-05,South Africa,NA,Free State,2928903,177,10,2553,19
2020-07-06,South Africa,NA,Free State,2928903,251,0,2804,19
2020-07-07,South Africa,NA,Free State,2928903,230,0,3034,19
2020-07-08,South Africa,NA,Free State,2928903,225,0,3259,19
2020-07-09,South Africa,NA,Free State,2928903,465,0,3724,19
2020-07-10,South Africa,NA,Free State,2928903,497,0,4221,19
2020-07-11,South Africa,NA,Free State,2928903,458,0,4679,19
2020-07-12,South Africa,NA,Free State,2928903,545,0,5224,19
2020-07-13,South Africa,NA,Free State,2928903,408,16,5632,35
2020-07-14,South Africa,NA,Free State,2928903,341,0,5973,35
2020-07-15,South Africa,NA,Free State,2928903,588,0,6561,35
2020-07-16,South Africa,NA,Free State,2928903,751,10,7312,45
2020-07-17,South Africa,NA,Free State,2928903,978,2,8290,47
2020-07-18,South Africa,NA,Free State,2928903,714,0,9004,47
2020-07-19,South Africa,NA,Free State,2928903,989,0,9993,47
2020-07-20,South Africa,NA,Free State,2928903,734,10,10727,57
2020-07-21,South Africa,NA,Free State,2928903,625,0,11352,57
2020-07-22,South Africa,NA,Free State,2928903,980,5,12332,62
2020-07-23,South Africa,NA,Free State,2928903,1111,0,13443,62
2020-07-24,South Africa,NA,Free State,2928903,1099,1,14542,63
2020-07-25,South Africa,NA,Free State,2928903,970,0,15512,63
2020-07-26,South Africa,NA,Free State,2928903,970,0,16482,63
2020-07-27,South Africa,NA,Free State,2928903,740,91,17222,154
2020-07-28,South Africa,NA,Free State,2928903,912,0,18134,154
2020-07-29,South Africa,NA,Free State,2928903,1073,0,19207,154
2020-07-30,South Africa,NA,Free State,2928903,1731,0,20938,154
2020-07-31,South Africa,NA,Free State,2928903,324,0,21262,154
2020-08-01,South Africa,NA,Free State,2928903,1046,0,22308,154
2020-08-02,South Africa,NA,Free State,2928903,791,51,23099,205
2020-08-03,South Africa,NA,Free State,2928903,606,0,23705,205
2020-08-04,South Africa,NA,Free State,2928903,628,0,24333,205
2020-08-05,South Africa,NA,Free State,2928903,899,122,25232,327
2020-08-06,South Africa,NA,Free State,2928903,891,23,26123,350
2020-08-07,South Africa,NA,Free State,2928903,754,0,26877,350
2020-08-08,South Africa,NA,Free State,2928903,865,0,27742,350
2020-08-09,South Africa,NA,Free State,2928903,628,0,28370,350
2020-08-10,South Africa,NA,Free State,2928903,539,64,28909,414
2020-08-11,South Africa,NA,Free State,2928903,300,0,29209,414
2020-08-12,South Africa,NA,Free State,2928903,369,0,29578,414
2020-08-13,South Africa,NA,Free State,2928903,471,62,30049,476
2020-08-14,South Africa,NA,Free State,2928903,788,20,30837,496
2020-08-15,South Africa,NA,Free State,2928903,628,17,31465,513
2020-08-16,South Africa,NA,Free State,2928903,405,6,31870,519
2020-08-17,South Africa,NA,Free State,2928903,434,5,32304,524
2020-08-18,South Africa,NA,Free State,2928903,289,13,32593,537
2020-08-19,South Africa,NA,Free State,2928903,570,5,33163,542
2020-08-20,South Africa,NA,Free State,2928903,502,25,33665,567
2020-08-21,South Africa,NA,Free State,2928903,471,0,34136,567
2020-08-22,South Africa,NA,Free State,2928903,485,0,34621,567
2020-08-23,South Africa,NA,Free State,2928903,359,0,34980,567
2020-08-24,South Africa,NA,Free State,2928903,387,0,35367,567
2020-08-25,South Africa,NA,Free State,2928903,236,0,35603,567
2020-08-26,South Africa,NA,Free State,2928903,377,0,35980,567
2020-08-27,South Africa,NA,Free State,2928903,439,0,36419,567
2020-08-28,South Africa,NA,Free State,2928903,323,0,36742,567
2020-08-29,South Africa,NA,Free State,2928903,415,123,37157,690
2020-08-30,South Africa,NA,Free State,2928903,400,3,37557,693
2020-08-31,South Africa,NA,Free State,2928903,331,16,37888,709
2020-09-01,South Africa,NA,Free State,2928903,237,7,38125,716
2020-09-02,South Africa,NA,Free State,2928903,348,15,38473,731
2020-09-03,South Africa,NA,Free State,2928903,396,8,38869,739
2020-09-04,South Africa,NA,Free State,2928903,323,18,39192,757
2020-09-05,South Africa,NA,Free State,2928903,294,19,39486,776
2020-09-06,South Africa,NA,Free State,2928903,295,9,39781,785
2020-09-07,South Africa,NA,Free State,2928903,205,7,39986,792
2020-09-08,South Africa,NA,Free State,2928903,168,6,40154,798
2020-09-09,South Africa,NA,Free State,2928903,302,8,40456,806
2020-09-10,South Africa,NA,Free State,2928903,376,4,40832,810
2020-09-11,South Africa,NA,Free State,2928903,418,2,41250,812
2020-09-12,South Africa,NA,Free State,2928903,354,5,41604,817
2020-09-13,South Africa,NA,Free State,2928903,271,0,41875,817
2020-09-14,South Africa,NA,Free State,2928903,245,21,42120,838
2020-09-15,South Africa,NA,Free State,2928903,135,0,42255,838
2020-03-14,South Africa,NA,Gauteng,12272263,7,0,17,0
2020-03-15,South Africa,NA,Gauteng,12272263,7,0,24,0
2020-03-16,South Africa,NA,Gauteng,12272263,7,0,31,0
2020-03-17,South Africa,NA,Gauteng,12272263,14,0,45,0
2020-03-18,South Africa,NA,Gauteng,12272263,16,0,61,0
2020-03-19,South Africa,NA,Gauteng,12272263,15,0,76,0
2020-03-20,South Africa,NA,Gauteng,12272263,33,0,109,0
2020-03-21,South Africa,NA,Gauteng,12272263,16,0,125,0
2020-03-22,South Africa,NA,Gauteng,12272263,7,0,132,0
2020-03-23,South Africa,NA,Gauteng,12272263,75,0,207,0
2020-03-24,South Africa,NA,Gauteng,12272263,95,0,302,0
2020-03-25,South Africa,NA,Gauteng,12272263,17,0,319,0
2020-03-26,South Africa,NA,Gauteng,12272263,90,0,409,0
2020-03-28,South Africa,NA,Gauteng,12272263,124,0,533,0
2020-03-29,South Africa,NA,Gauteng,12272263,51,0,584,0
2020-03-30,South Africa,NA,Gauteng,12272263,34,0,618,0
2020-03-31,South Africa,NA,Gauteng,12272263,15,1,633,1
2020-04-01,South Africa,NA,Gauteng,12272263,12,0,645,1
2020-04-02,South Africa,NA,Gauteng,12272263,18,0,663,1
2020-04-03,South Africa,NA,Gauteng,12272263,9,0,672,1
2020-04-04,South Africa,NA,Gauteng,12272263,21,0,693,1
2020-04-05,South Africa,NA,Gauteng,12272263,11,0,704,1
2020-04-06,South Africa,NA,Gauteng,12272263,9,0,713,1
2020-04-08,South Africa,NA,Gauteng,12272263,69,2,782,3
2020-04-09,South Africa,NA,Gauteng,12272263,13,0,795,3
2020-04-10,South Africa,NA,Gauteng,12272263,6,0,801,3
2020-04-11,South Africa,NA,Gauteng,12272263,12,0,813,3
2020-04-12,South Africa,NA,Gauteng,12272263,52,0,865,3
2020-04-13,South Africa,NA,Gauteng,12272263,25,1,890,4
2020-04-14,South Africa,NA,Gauteng,12272263,19,0,909,4
2020-04-15,South Africa,NA,Gauteng,12272263,21,1,930,5
2020-04-16,South Africa,NA,Gauteng,12272263,39,1,969,6
2020-04-17,South Africa,NA,Gauteng,12272263,49,0,1018,6
2020-04-18,South Africa,NA,Gauteng,12272263,83,0,1101,6
2020-04-19,South Africa,NA,Gauteng,12272263,47,0,1148,6
2020-04-20,South Africa,NA,Gauteng,12272263,22,1,1170,7
2020-04-21,South Africa,NA,Gauteng,12272263,29,0,1199,7
2020-04-22,South Africa,NA,Gauteng,12272263,25,0,1224,7
2020-04-23,South Africa,NA,Gauteng,12272263,28,1,1252,8
2020-04-24,South Africa,NA,Gauteng,12272263,29,0,1281,8
2020-04-25,South Africa,NA,Gauteng,12272263,23,0,1304,8
2020-04-26,South Africa,NA,Gauteng,12272263,27,0,1331,8
2020-04-27,South Africa,NA,Gauteng,12272263,22,0,1353,8
2020-04-28,South Africa,NA,Gauteng,12272263,24,0,1377,8
2020-04-29,South Africa,NA,Gauteng,12272263,31,3,1408,11
2020-04-30,South Africa,NA,Gauteng,12272263,38,0,1446,11
2020-05-01,South Africa,NA,Gauteng,12272263,61,0,1507,11
2020-05-02,South Africa,NA,Gauteng,12272263,91,1,1598,12
2020-05-03,South Africa,NA,Gauteng,12272263,26,2,1624,14
2020-05-04,South Africa,NA,Gauteng,12272263,27,0,1651,14
2020-05-05,South Africa,NA,Gauteng,12272263,46,1,1697,15
2020-05-06,South Africa,NA,Gauteng,12272263,23,0,1720,15
2020-05-07,South Africa,NA,Gauteng,12272263,84,0,1804,15
2020-05-08,South Africa,NA,Gauteng,12272263,47,3,1851,18
2020-05-09,South Africa,NA,Gauteng,12272263,59,1,1910,18
2020-05-10,South Africa,NA,Gauteng,12272263,42,4,1952,22
2020-05-11,South Africa,NA,Gauteng,12272263,19,0,1971,22
2020-05-12,South Africa,NA,Gauteng,12272263,43,0,2014,22
2020-05-13,South Africa,NA,Gauteng,12272263,60,2,2074,24
2020-05-14,South Africa,NA,Gauteng,12272263,61,0,2135,24
2020-05-15,South Africa,NA,Gauteng,12272263,75,0,2210,24
2020-05-16,South Africa,NA,Gauteng,12272263,52,1,2262,25
2020-05-17,South Africa,NA,Gauteng,12272263,67,0,2329,25
2020-05-18,South Africa,NA,Gauteng,12272263,14,1,2343,26
2020-05-19,South Africa,NA,Gauteng,12272263,18,1,2361,27
2020-05-20,South Africa,NA,Gauteng,12272263,39,0,2400,27
2020-05-21,South Africa,NA,Gauteng,12272263,53,0,2453,27
2020-05-22,South Africa,NA,Gauteng,12272263,68,2,2521,29
2020-05-23,South Africa,NA,Gauteng,12272263,112,0,2633,29
2020-05-24,South Africa,NA,Gauteng,12272263,140,0,2773,29
2020-05-25,South Africa,NA,Gauteng,12272263,220,1,2993,30
2020-05-26,South Africa,NA,Gauteng,12272263,50,1,3043,31
2020-05-27,South Africa,NA,Gauteng,12272263,124,0,3167,31
2020-05-28,South Africa,NA,Gauteng,12272263,162,0,3329,31
2020-05-29,South Africa,NA,Gauteng,12272263,254,0,3583,31
2020-05-30,South Africa,NA,Gauteng,12272263,190,0,3773,31
2020-05-31,South Africa,NA,Gauteng,12272263,230,2,4003,33
2020-06-01,South Africa,NA,Gauteng,12272263,228,0,4231,33
2020-06-02,South Africa,NA,Gauteng,12272263,45,0,4276,33
2020-06-03,South Africa,NA,Gauteng,12272263,291,0,4567,33
2020-06-04,South Africa,NA,Gauteng,12272263,278,0,4845,33
2020-06-05,South Africa,NA,Gauteng,12272263,370,7,5215,40
2020-06-06,South Africa,NA,Gauteng,12272263,411,7,5626,47
2020-06-07,South Africa,NA,Gauteng,12272263,320,0,5946,47
2020-06-08,South Africa,NA,Gauteng,12272263,312,0,6258,47
2020-06-09,South Africa,NA,Gauteng,12272263,288,10,6546,57
2020-06-10,South Africa,NA,Gauteng,12272263,649,0,7195,57
2020-06-11,South Africa,NA,Gauteng,12272263,758,0,7953,57
2020-06-12,South Africa,NA,Gauteng,12272263,828,0,8781,57
2020-06-13,South Africa,NA,Gauteng,12272263,1116,24,9897,81
2020-06-14,South Africa,NA,Gauteng,12272263,1267,0,11164,81
2020-06-15,South Africa,NA,Gauteng,12272263,1029,6,12193,87
2020-06-16,South Africa,NA,Gauteng,12272263,830,0,13023,87
2020-06-17,South Africa,NA,Gauteng,12272263,1597,0,14620,87
2020-06-18,South Africa,NA,Gauteng,12272263,1278,0,15898,87
2020-06-19,South Africa,NA,Gauteng,12272263,1363,27,17261,114
2020-06-20,South Africa,NA,Gauteng,12272263,1717,0,18978,114
2020-06-21,South Africa,NA,Gauteng,12272263,1844,8,20822,122
2020-06-22,South Africa,NA,Gauteng,12272263,1519,0,22341,122
2020-06-23,South Africa,NA,Gauteng,12272263,1700,0,24041,122
2020-06-24,South Africa,NA,Gauteng,12272263,2115,25,26156,147
2020-06-25,South Africa,NA,Gauteng,12272263,2590,2,28746,149
2020-06-26,South Africa,NA,Gauteng,12272263,2598,0,31344,149
2020-06-27,South Africa,NA,Gauteng,12272263,2941,17,34285,166
2020-06-28,South Africa,NA,Gauteng,12272263,2610,8,36895,174
2020-06-29,South Africa,NA,Gauteng,12272263,2946,6,39841,180
2020-06-30,South Africa,NA,Gauteng,12272263,3040,36,42881,216
2020-07-01,South Africa,NA,Gauteng,12272263,3063,28,45944,244
2020-07-02,South Africa,NA,Gauteng,12272263,3993,38,49937,282
2020-07-03,South Africa,NA,Gauteng,12272263,4394,0,54331,282
2020-07-04,South Africa,NA,Gauteng,12272263,5042,0,59373,282
2020-07-05,South Africa,NA,Gauteng,12272263,4031,71,63404,353
2020-07-06,South Africa,NA,Gauteng,12272263,3487,50,66891,403
2020-07-07,South Africa,NA,Gauteng,12272263,4597,75,71488,478
2020-07-08,South Africa,NA,Gauteng,12272263,3527,0,75015,478
2020-07-09,South Africa,NA,Gauteng,12272263,6531,37,81546,515
2020-07-10,South Africa,NA,Gauteng,12272263,5487,39,87033,554
2020-07-11,South Africa,NA,Gauteng,12272263,6011,26,93044,580
2020-07-12,South Africa,NA,Gauteng,12272263,5387,64,98431,644
2020-07-13,South Africa,NA,Gauteng,12272263,5282,0,103713,644
2020-07-14,South Africa,NA,Gauteng,12272263,3357,82,107070,726
2020-07-15,South Africa,NA,Gauteng,12272263,5644,41,112714,767
2020-07-16,South Africa,NA,Gauteng,12272263,5181,86,117895,853
2020-07-17,South Africa,NA,Gauteng,12272263,5513,64,123408,917
2020-07-18,South Africa,NA,Gauteng,12272263,5196,39,128604,956
2020-07-19,South Africa,NA,Gauteng,12272263,5013,30,133617,986
2020-07-20,South Africa,NA,Gauteng,12272263,3262,13,136879,999
2020-07-21,South Africa,NA,Gauteng,12272263,2556,43,139435,1042
2020-07-22,South Africa,NA,Gauteng,12272263,5147,114,144582,1156
2020-07-23,South Africa,NA,Gauteng,12272263,4272,31,148854,1187
2020-07-24,South Africa,NA,Gauteng,12272263,4166,139,153020,1326
2020-07-25,South Africa,NA,Gauteng,12272263,3801,209,156821,1535
2020-07-26,South Africa,NA,Gauteng,12272263,3333,29,160154,1564
2020-07-27,South Africa,NA,Gauteng,12272263,2165,61,162319,1625
2020-07-28,South Africa,NA,Gauteng,12272263,2265,55,164584,1680
2020-07-29,South Africa,NA,Gauteng,12272263,3785,156,168369,1836
2020-07-30,South Africa,NA,Gauteng,12272263,3205,96,171574,1932
2020-07-31,South Africa,NA,Gauteng,12272263,3698,103,175272,2035
2020-08-01,South Africa,NA,Gauteng,12272263,2847,40,178119,2075
2020-08-02,South Africa,NA,Gauteng,12272263,2413,40,180532,2115
2020-08-03,South Africa,NA,Gauteng,12272263,1414,37,181946,2152
2020-08-04,South Africa,NA,Gauteng,12272263,1144,116,183090,2268
2020-08-05,South Africa,NA,Gauteng,12272263,2192,45,185282,2313
2020-08-06,South Africa,NA,Gauteng,12272263,2349,75,187631,2388
2020-08-07,South Africa,NA,Gauteng,12272263,1528,136,189159,2524
2020-08-08,South Africa,NA,Gauteng,12272263,1840,23,190999,2547
2020-08-09,South Africa,NA,Gauteng,12272263,1768,32,192767,2579
2020-08-10,South Africa,NA,Gauteng,12272263,794,39,193561,2618
2020-08-11,South Africa,NA,Gauteng,12272263,532,35,194093,2653
2020-08-12,South Africa,NA,Gauteng,12272263,592,108,194685,2761
2020-08-13,South Africa,NA,Gauteng,12272263,1135,30,195820,2791
2020-08-14,South Africa,NA,Gauteng,12272263,1711,76,197531,2867
2020-08-15,South Africa,NA,Gauteng,12272263,1140,21,198671,2888
2020-08-16,South Africa,NA,Gauteng,12272263,964,27,199635,2915
2020-08-17,South Africa,NA,Gauteng,12272263,602,14,200237,2929
2020-08-18,South Africa,NA,Gauteng,12272263,712,89,200949,3018
2020-08-19,South Africa,NA,Gauteng,12272263,1062,43,202011,3061
2020-08-20,South Africa,NA,Gauteng,12272263,944,83,202955,3144
2020-08-21,South Africa,NA,Gauteng,12272263,877,46,203832,3190
2020-08-22,South Africa,NA,Gauteng,12272263,1414,37,205246,3227
2020-08-23,South Africa,NA,Gauteng,12272263,772,41,206018,3268
2020-08-24,South Africa,NA,Gauteng,12272263,507,12,206525,3280
2020-08-25,South Africa,NA,Gauteng,12272263,367,54,206892,3334
2020-08-26,South Africa,NA,Gauteng,12272263,718,61,207610,3395
2020-08-27,South Africa,NA,Gauteng,12272263,546,33,208156,3428
2020-08-28,South Africa,NA,Gauteng,12272263,423,47,208579,3475
2020-08-29,South Africa,NA,Gauteng,12272263,544,81,209123,3556
2020-08-30,South Africa,NA,Gauteng,12272263,525,16,209648,3572
2020-08-31,South Africa,NA,Gauteng,12272263,521,20,210169,3592
2020-09-01,South Africa,NA,Gauteng,12272263,349,39,210518,3631
2020-09-02,South Africa,NA,Gauteng,12272263,639,49,211157,3680
2020-09-03,South Africa,NA,Gauteng,12272263,521,50,211678,3730
2020-09-04,South Africa,NA,Gauteng,12272263,508,43,212186,3773
2020-09-05,South Africa,NA,Gauteng,12272263,378,16,212564,3789
2020-09-06,South Africa,NA,Gauteng,12272263,334,24,212898,3813
2020-09-07,South Africa,NA,Gauteng,12272263,189,5,213087,3818
2020-09-08,South Africa,NA,Gauteng,12272263,246,15,213333,3833
2020-09-09,South Africa,NA,Gauteng,12272263,408,27,213741,3860
2020-09-10,South Africa,NA,Gauteng,12272263,411,21,214152,3881
2020-09-11,South Africa,NA,Gauteng,12272263,334,19,214486,3900
2020-09-12,South Africa,NA,Gauteng,12272263,345,12,214831,3912
2020-09-13,South Africa,NA,Gauteng,12272263,309,6,215140,3918
2020-09-14,South Africa,NA,Gauteng,12272263,167,3,215307,3921
2020-09-15,South Africa,NA,Gauteng,12272263,174,12,215481,3933
2020-03-14,South Africa,NA,KwaZulu_Natal,10267300,1,0,11,0
2020-03-15,South Africa,NA,KwaZulu_Natal,10267300,1,0,12,0
2020-03-16,South Africa,NA,KwaZulu_Natal,10267300,0,0,12,0
2020-03-17,South Africa,NA,KwaZulu_Natal,10267300,4,0,16,0
2020-03-18,South Africa,NA,KwaZulu_Natal,10267300,3,0,19,0
2020-03-19,South Africa,NA,KwaZulu_Natal,10267300,3,0,22,0
2020-03-20,South Africa,NA,KwaZulu_Natal,10267300,1,0,23,0
2020-03-21,South Africa,NA,KwaZulu_Natal,10267300,3,0,26,0
2020-03-22,South Africa,NA,KwaZulu_Natal,10267300,9,0,35,0
2020-03-23,South Africa,NA,KwaZulu_Natal,10267300,25,0,60,0
2020-03-24,South Africa,NA,KwaZulu_Natal,10267300,20,0,80,0
2020-03-25,South Africa,NA,KwaZulu_Natal,10267300,11,0,91,0
2020-03-26,South Africa,NA,KwaZulu_Natal,10267300,43,0,134,0
2020-03-28,South Africa,NA,KwaZulu_Natal,10267300,22,1,156,1
2020-03-29,South Africa,NA,KwaZulu_Natal,10267300,11,0,167,1
2020-03-30,South Africa,NA,KwaZulu_Natal,10267300,4,0,171,1
2020-03-31,South Africa,NA,KwaZulu_Natal,10267300,8,1,179,2
2020-04-01,South Africa,NA,KwaZulu_Natal,10267300,7,0,186,2
2020-04-02,South Africa,NA,KwaZulu_Natal,10267300,20,0,206,2
2020-04-03,South Africa,NA,KwaZulu_Natal,10267300,9,4,215,6
2020-04-04,South Africa,NA,KwaZulu_Natal,10267300,17,0,232,6
2020-04-05,South Africa,NA,KwaZulu_Natal,10267300,14,1,246,7
2020-04-06,South Africa,NA,KwaZulu_Natal,10267300,11,0,257,7
2020-04-08,South Africa,NA,KwaZulu_Natal,10267300,97,1,354,9
2020-04-09,South Africa,NA,KwaZulu_Natal,10267300,33,0,387,9
2020-04-10,South Africa,NA,KwaZulu_Natal,10267300,25,3,412,12
2020-04-11,South Africa,NA,KwaZulu_Natal,10267300,6,0,418,12
2020-04-12,South Africa,NA,KwaZulu_Natal,10267300,25,0,443,12
2020-04-13,South Africa,NA,KwaZulu_Natal,10267300,22,0,465,12
2020-04-14,South Africa,NA,KwaZulu_Natal,10267300,24,0,489,12
2020-04-15,South Africa,NA,KwaZulu_Natal,10267300,30,6,519,18
2020-04-16,South Africa,NA,KwaZulu_Natal,10267300,20,2,539,20
2020-04-17,South Africa,NA,KwaZulu_Natal,10267300,52,0,591,20
2020-04-18,South Africa,NA,KwaZulu_Natal,10267300,13,1,604,21
2020-04-19,South Africa,NA,KwaZulu_Natal,10267300,13,1,617,22
2020-04-20,South Africa,NA,KwaZulu_Natal,10267300,22,1,639,23
2020-04-21,South Africa,NA,KwaZulu_Natal,10267300,32,0,671,23
2020-04-22,South Africa,NA,KwaZulu_Natal,10267300,87,2,758,25
2020-04-23,South Africa,NA,KwaZulu_Natal,10267300,49,2,807,27
2020-04-24,South Africa,NA,KwaZulu_Natal,10267300,34,2,841,29
2020-04-25,South Africa,NA,KwaZulu_Natal,10267300,0,0,841,29
2020-04-26,South Africa,NA,KwaZulu_Natal,10267300,22,0,863,29
2020-04-27,South Africa,NA,KwaZulu_Natal,10267300,39,1,902,30
2020-04-28,South Africa,NA,KwaZulu_Natal,10267300,17,0,919,30
2020-04-29,South Africa,NA,KwaZulu_Natal,10267300,37,2,956,32
2020-04-30,South Africa,NA,KwaZulu_Natal,10267300,24,0,980,32
2020-05-01,South Africa,NA,KwaZulu_Natal,10267300,26,0,1006,32
2020-05-02,South Africa,NA,KwaZulu_Natal,10267300,45,2,1051,34
2020-05-03,South Africa,NA,KwaZulu_Natal,10267300,25,0,1076,34
2020-05-04,South Africa,NA,KwaZulu_Natal,10267300,30,1,1106,35
2020-05-05,South Africa,NA,KwaZulu_Natal,10267300,36,1,1142,36
2020-05-06,South Africa,NA,KwaZulu_Natal,10267300,7,2,1149,38
2020-05-07,South Africa,NA,KwaZulu_Natal,10267300,55,2,1204,40
2020-05-08,South Africa,NA,KwaZulu_Natal,10267300,49,2,1253,42
2020-05-09,South Africa,NA,KwaZulu_Natal,10267300,55,0,1308,43
2020-05-10,South Africa,NA,KwaZulu_Natal,10267300,45,0,1353,43
2020-05-11,South Africa,NA,KwaZulu_Natal,10267300,19,1,1372,44
2020-05-12,South Africa,NA,KwaZulu_Natal,10267300,22,0,1394,44
2020-05-13,South Africa,NA,KwaZulu_Natal,10267300,19,0,1413,44
2020-05-14,South Africa,NA,KwaZulu_Natal,10267300,31,0,1444,44
2020-05-15,South Africa,NA,KwaZulu_Natal,10267300,38,1,1482,45
2020-05-16,South Africa,NA,KwaZulu_Natal,10267300,16,0,1498,45
2020-05-17,South Africa,NA,KwaZulu_Natal,10267300,45,0,1543,45
2020-05-18,South Africa,NA,KwaZulu_Natal,10267300,24,0,1567,45
2020-05-19,South Africa,NA,KwaZulu_Natal,10267300,49,1,1616,46
2020-05-20,South Africa,NA,KwaZulu_Natal,10267300,34,0,1650,46
2020-05-21,South Africa,NA,KwaZulu_Natal,10267300,43,0,1693,46
2020-05-22,South Africa,NA,KwaZulu_Natal,10267300,42,1,1735,47
2020-05-23,South Africa,NA,KwaZulu_Natal,10267300,42,1,1777,48
2020-05-24,South Africa,NA,KwaZulu_Natal,10267300,38,1,1815,49
2020-05-25,South Africa,NA,KwaZulu_Natal,10267300,67,0,1882,49
2020-05-26,South Africa,NA,KwaZulu_Natal,10267300,45,0,1927,49
2020-05-27,South Africa,NA,KwaZulu_Natal,10267300,259,0,2186,49
2020-05-28,South Africa,NA,KwaZulu_Natal,10267300,163,1,2349,50
2020-05-29,South Africa,NA,KwaZulu_Natal,10267300,79,0,2428,50
2020-05-30,South Africa,NA,KwaZulu_Natal,10267300,48,2,2476,52
2020-05-31,South Africa,NA,KwaZulu_Natal,10267300,69,0,2545,52
2020-06-01,South Africa,NA,KwaZulu_Natal,10267300,20,0,2565,52
2020-06-02,South Africa,NA,KwaZulu_Natal,10267300,72,1,2637,53
2020-06-03,South Africa,NA,KwaZulu_Natal,10267300,70,1,2707,54
2020-06-04,South Africa,NA,KwaZulu_Natal,10267300,162,1,2869,55
2020-06-05,South Africa,NA,KwaZulu_Natal,10267300,67,0,2936,55
2020-06-06,South Africa,NA,KwaZulu_Natal,10267300,80,6,3016,61
2020-06-07,South Africa,NA,KwaZulu_Natal,10267300,92,0,3108,61
2020-06-08,South Africa,NA,KwaZulu_Natal,10267300,67,1,3175,62
2020-06-09,South Africa,NA,KwaZulu_Natal,10267300,80,0,3255,62
2020-06-10,South Africa,NA,KwaZulu_Natal,10267300,92,2,3347,64
2020-06-11,South Africa,NA,KwaZulu_Natal,10267300,125,0,3472,64
2020-06-12,South Africa,NA,KwaZulu_Natal,10267300,101,0,3573,64
2020-06-13,South Africa,NA,KwaZulu_Natal,10267300,190,0,3763,64
2020-06-14,South Africa,NA,KwaZulu_Natal,10267300,111,5,3874,69
2020-06-15,South Africa,NA,KwaZulu_Natal,10267300,85,0,3959,69
2020-06-16,South Africa,NA,KwaZulu_Natal,10267300,89,4,4048,73
2020-06-17,South Africa,NA,KwaZulu_Natal,10267300,190,0,4238,73
2020-06-18,South Africa,NA,KwaZulu_Natal,10267300,122,0,4360,73
2020-06-19,South Africa,NA,KwaZulu_Natal,10267300,188,7,4548,80
2020-06-20,South Africa,NA,KwaZulu_Natal,10267300,258,3,4806,83
2020-06-21,South Africa,NA,KwaZulu_Natal,10267300,224,1,5030,84
2020-06-22,South Africa,NA,KwaZulu_Natal,10267300,248,3,5278,87
2020-06-23,South Africa,NA,KwaZulu_Natal,10267300,347,4,5625,91
2020-06-24,South Africa,NA,KwaZulu_Natal,10267300,450,0,6075,91
2020-06-25,South Africa,NA,KwaZulu_Natal,10267300,515,15,6590,106
2020-06-26,South Africa,NA,KwaZulu_Natal,10267300,500,0,7090,106
2020-06-27,South Africa,NA,KwaZulu_Natal,10267300,696,3,7786,109
2020-06-28,South Africa,NA,KwaZulu_Natal,10267300,647,0,8433,109
2020-06-29,South Africa,NA,KwaZulu_Natal,10267300,608,6,9041,115
2020-06-30,South Africa,NA,KwaZulu_Natal,10267300,633,11,9674,126
2020-07-01,South Africa,NA,KwaZulu_Natal,10267300,958,10,10632,136
2020-07-02,South Africa,NA,KwaZulu_Natal,10267300,1037,16,11669,152
2020-07-03,South Africa,NA,KwaZulu_Natal,10267300,1088,10,12757,162
2020-07-04,South Africa,NA,KwaZulu_Natal,10267300,1227,0,13984,162
2020-07-05,South Africa,NA,KwaZulu_Natal,10267300,1162,21,15146,183
2020-07-06,South Africa,NA,KwaZulu_Natal,10267300,673,0,15819,183
2020-07-07,South Africa,NA,KwaZulu_Natal,10267300,924,22,16743,205
2020-07-08,South Africa,NA,KwaZulu_Natal,10267300,1219,18,17962,223
2020-07-09,South Africa,NA,KwaZulu_Natal,10267300,1668,26,19630,249
2020-07-10,South Africa,NA,KwaZulu_Natal,10267300,1756,11,21386,260
2020-07-11,South Africa,NA,KwaZulu_Natal,10267300,2367,13,23753,273
2020-07-12,South Africa,NA,KwaZulu_Natal,10267300,1819,7,25572,280
2020-07-13,South Africa,NA,KwaZulu_Natal,10267300,1815,6,27387,286
2020-07-14,South Africa,NA,KwaZulu_Natal,10267300,3200,27,30587,313
2020-07-15,South Africa,NA,KwaZulu_Natal,10267300,2352,4,32939,317
2020-07-16,South Africa,NA,KwaZulu_Natal,10267300,2665,41,35604,358
2020-07-17,South Africa,NA,KwaZulu_Natal,10267300,2118,20,37722,378
2020-07-18,South Africa,NA,KwaZulu_Natal,10267300,2364,23,40086,401
2020-07-19,South Africa,NA,KwaZulu_Natal,10267300,3129,15,43215,416
2020-07-20,South Africa,NA,KwaZulu_Natal,10267300,2399,13,45614,429
2020-07-21,South Africa,NA,KwaZulu_Natal,10267300,2071,30,47685,459
2020-07-22,South Africa,NA,KwaZulu_Natal,10267300,2836,18,50521,477
2020-07-23,South Africa,NA,KwaZulu_Natal,10267300,2885,38,53406,515
2020-07-24,South Africa,NA,KwaZulu_Natal,10267300,3756,50,57162,565
2020-07-25,South Africa,NA,KwaZulu_Natal,10267300,3370,37,60532,602
2020-07-26,South Africa,NA,KwaZulu_Natal,10267300,3529,12,64061,614
2020-07-27,South Africa,NA,KwaZulu_Natal,10267300,1921,9,65982,623
2020-07-28,South Africa,NA,KwaZulu_Natal,10267300,2119,62,68101,685
2020-07-29,South Africa,NA,KwaZulu_Natal,10267300,3139,27,71240,712
2020-07-30,South Africa,NA,KwaZulu_Natal,10267300,2679,55,73919,767
2020-07-31,South Africa,NA,KwaZulu_Natal,10267300,2787,36,76706,803
2020-08-01,South Africa,NA,KwaZulu_Natal,10267300,2901,41,79607,844
2020-08-02,South Africa,NA,KwaZulu_Natal,10267300,2693,31,82300,875
2020-08-03,South Africa,NA,KwaZulu_Natal,10267300,2061,12,84361,887
2020-08-04,South Africa,NA,KwaZulu_Natal,10267300,1625,89,85986,976
2020-08-05,South Africa,NA,KwaZulu_Natal,10267300,1812,62,87798,1038
2020-08-06,South Africa,NA,KwaZulu_Natal,10267300,2317,78,90115,1116
2020-08-07,South Africa,NA,KwaZulu_Natal,10267300,2729,76,92844,1192
2020-08-08,South Africa,NA,KwaZulu_Natal,10267300,2804,154,95648,1346
2020-08-09,South Africa,NA,KwaZulu_Natal,10267300,2420,63,98068,1409
2020-08-10,South Africa,NA,KwaZulu_Natal,10267300,1318,11,99386,1420
2020-08-11,South Africa,NA,KwaZulu_Natal,10267300,1108,30,100494,1450
2020-08-12,South Africa,NA,KwaZulu_Natal,10267300,1005,74,101499,1524
2020-08-13,South Africa,NA,KwaZulu_Natal,10267300,734,39,102233,1563
2020-08-14,South Africa,NA,KwaZulu_Natal,10267300,1511,54,103744,1617
2020-08-15,South Africa,NA,KwaZulu_Natal,10267300,875,34,104619,1651
2020-08-16,South Africa,NA,KwaZulu_Natal,10267300,764,21,105383,1672
2020-08-17,South Africa,NA,KwaZulu_Natal,10267300,654,14,106037,1686
2020-08-18,South Africa,NA,KwaZulu_Natal,10267300,528,57,106565,1743
2020-08-19,South Africa,NA,KwaZulu_Natal,10267300,706,45,107271,1788
2020-08-20,South Africa,NA,KwaZulu_Natal,10267300,809,36,108080,1824
2020-08-21,South Africa,NA,KwaZulu_Natal,10267300,708,81,108788,1905
2020-08-22,South Africa,NA,KwaZulu_Natal,10267300,544,31,109332,1936
2020-08-23,South Africa,NA,KwaZulu_Natal,10267300,509,12,109841,1948
2020-08-24,South Africa,NA,KwaZulu_Natal,10267300,261,14,110102,1962
2020-08-25,South Africa,NA,KwaZulu_Natal,10267300,419,35,110521,1997
2020-08-26,South Africa,NA,KwaZulu_Natal,10267300,575,57,111096,2054
2020-08-27,South Africa,NA,KwaZulu_Natal,10267300,489,48,111585,2102
2020-08-28,South Africa,NA,KwaZulu_Natal,10267300,278,14,111863,2116
2020-08-29,South Africa,NA,KwaZulu_Natal,10267300,428,19,112291,2135
2020-08-30,South Africa,NA,KwaZulu_Natal,10267300,435,3,112726,2138
2020-08-31,South Africa,NA,KwaZulu_Natal,10267300,280,1,113006,2139
2020-09-01,South Africa,NA,KwaZulu_Natal,10267300,231,13,113237,2152
2020-09-02,South Africa,NA,KwaZulu_Natal,10267300,424,12,113661,2164
2020-09-03,South Africa,NA,KwaZulu_Natal,10267300,373,39,114034,2203
2020-09-04,South Africa,NA,KwaZulu_Natal,10267300,326,15,114360,2218
2020-09-05,South Africa,NA,KwaZulu_Natal,10267300,286,45,114646,2263
2020-09-06,South Africa,NA,KwaZulu_Natal,10267300,178,31,114824,2294
2020-09-07,South Africa,NA,KwaZulu_Natal,10267300,80,25,114904,2319
2020-09-08,South Africa,NA,KwaZulu_Natal,10267300,177,27,115081,2346
2020-09-09,South Africa,NA,KwaZulu_Natal,10267300,291,10,115372,2356
2020-09-10,South Africa,NA,KwaZulu_Natal,10267300,286,17,115658,2373
2020-09-11,South Africa,NA,KwaZulu_Natal,10267300,281,19,115939,2392
2020-09-12,South Africa,NA,KwaZulu_Natal,10267300,228,11,116167,2403
2020-09-13,South Africa,NA,KwaZulu_Natal,10267300,222,4,116389,2407
2020-09-14,South Africa,NA,KwaZulu_Natal,10267300,124,2,116513,2409
2020-09-15,South Africa,NA,KwaZulu_Natal,10267300,161,16,116674,2425
2020-03-28,South Africa,NA,Limpopo,5404868,5,0,11,0
2020-03-29,South Africa,NA,Limpopo,5404868,1,0,12,0
2020-03-30,South Africa,NA,Limpopo,5404868,0,0,12,0
2020-03-31,South Africa,NA,Limpopo,5404868,3,0,14,0
2020-04-01,South Africa,NA,Limpopo,5404868,0,0,14,0
2020-04-02,South Africa,NA,Limpopo,5404868,2,0,16,0
2020-04-03,South Africa,NA,Limpopo,5404868,0,0,16,0
2020-04-04,South Africa,NA,Limpopo,5404868,2,0,18,0
2020-04-05,South Africa,NA,Limpopo,5404868,1,0,19,0
2020-04-06,South Africa,NA,Limpopo,5404868,0,0,19,0
2020-04-08,South Africa,NA,Limpopo,5404868,2,0,21,0
2020-04-09,South Africa,NA,Limpopo,5404868,1,0,22,0
2020-04-10,South Africa,NA,Limpopo,5404868,2,0,24,0
2020-04-11,South Africa,NA,Limpopo,5404868,0,0,24,0
2020-04-12,South Africa,NA,Limpopo,5404868,0,0,24,0
2020-04-13,South Africa,NA,Limpopo,5404868,0,0,24,0
2020-04-14,South Africa,NA,Limpopo,5404868,1,0,24,0
2020-04-15,South Africa,NA,Limpopo,5404868,1,0,25,0
2020-04-16,South Africa,NA,Limpopo,5404868,1,1,26,1
2020-04-17,South Africa,NA,Limpopo,5404868,0,0,26,1
2020-04-18,South Africa,NA,Limpopo,5404868,0,0,26,1
2020-04-19,South Africa,NA,Limpopo,5404868,1,0,27,1
2020-04-20,South Africa,NA,Limpopo,5404868,0,0,27,1
2020-04-21,South Africa,NA,Limpopo,5404868,0,0,27,1
2020-04-22,South Africa,NA,Limpopo,5404868,0,0,27,1
2020-04-23,South Africa,NA,Limpopo,5404868,0,0,27,1
2020-04-24,South Africa,NA,Limpopo,5404868,2,0,29,1
2020-04-25,South Africa,NA,Limpopo,5404868,1,1,30,2
2020-04-26,South Africa,NA,Limpopo,5404868,1,0,31,2
2020-04-27,South Africa,NA,Limpopo,5404868,0,0,31,2
2020-04-28,South Africa,NA,Limpopo,5404868,0,0,31,2
2020-04-29,South Africa,NA,Limpopo,5404868,0,0,31,2
2020-04-30,South Africa,NA,Limpopo,5404868,1,0,32,2
2020-05-01,South Africa,NA,Limpopo,5404868,2,0,34,2
2020-05-02,South Africa,NA,Limpopo,5404868,2,0,36,2
2020-05-03,South Africa,NA,Limpopo,5404868,1,0,37,2
2020-05-04,South Africa,NA,Limpopo,5404868,2,0,39,2
2020-05-05,South Africa,NA,Limpopo,5404868,1,0,40,2
2020-05-06,South Africa,NA,Limpopo,5404868,0,1,40,3
2020-05-07,South Africa,NA,Limpopo,5404868,1,0,41,3
2020-05-08,South Africa,NA,Limpopo,5404868,2,0,43,3
2020-05-09,South Africa,NA,Limpopo,5404868,8,0,51,3
2020-05-10,South Africa,NA,Limpopo,5404868,3,0,54,3
2020-05-11,South Africa,NA,Limpopo,5404868,0,0,54,3
2020-05-12,South Africa,NA,Limpopo,5404868,0,0,54,3
2020-05-13,South Africa,NA,Limpopo,5404868,0,0,54,3
2020-05-14,South Africa,NA,Limpopo,5404868,1,0,55,3
2020-05-15,South Africa,NA,Limpopo,5404868,2,0,57,3
2020-05-16,South Africa,NA,Limpopo,5404868,2,0,59,3
2020-05-17,South Africa,NA,Limpopo,5404868,18,0,77,3
2020-05-18,South Africa,NA,Limpopo,5404868,11,0,88,3
2020-05-19,South Africa,NA,Limpopo,5404868,6,0,94,3
2020-05-20,South Africa,NA,Limpopo,5404868,0,0,94,3
2020-05-21,South Africa,NA,Limpopo,5404868,28,0,121,3
2020-05-22,South Africa,NA,Limpopo,5404868,0,0,121,3
2020-05-23,South Africa,NA,Limpopo,5404868,4,0,124,3
2020-05-24,South Africa,NA,Limpopo,5404868,4,0,128,3
2020-05-25,South Africa,NA,Limpopo,5404868,4,0,132,3
2020-05-26,South Africa,NA,Limpopo,5404868,0,0,132,3
2020-05-27,South Africa,NA,Limpopo,5404868,9,0,141,3
2020-05-28,South Africa,NA,Limpopo,5404868,3,0,144,3
2020-05-29,South Africa,NA,Limpopo,5404868,26,0,170,3
2020-05-30,South Africa,NA,Limpopo,5404868,3,0,173,3
2020-05-31,South Africa,NA,Limpopo,5404868,4,0,177,3
2020-06-01,South Africa,NA,Limpopo,5404868,15,0,192,3
2020-06-02,South Africa,NA,Limpopo,5404868,1,0,193,3
2020-06-03,South Africa,NA,Limpopo,5404868,7,0,200,3
2020-06-04,South Africa,NA,Limpopo,5404868,6,0,206,3
2020-06-05,South Africa,NA,Limpopo,5404868,9,0,215,3
2020-06-06,South Africa,NA,Limpopo,5404868,1,0,216,3
2020-06-07,South Africa,NA,Limpopo,5404868,11,0,227,3
2020-06-08,South Africa,NA,Limpopo,5404868,17,0,244,3
2020-06-09,South Africa,NA,Limpopo,5404868,9,0,253,3
2020-06-10,South Africa,NA,Limpopo,5404868,4,0,257,3
2020-06-11,South Africa,NA,Limpopo,5404868,10,0,267,3
2020-06-12,South Africa,NA,Limpopo,5404868,21,1,288,4
2020-06-13,South Africa,NA,Limpopo,5404868,21,0,309,4
2020-06-14,South Africa,NA,Limpopo,5404868,17,0,326,4
2020-06-15,South Africa,NA,Limpopo,5404868,36,0,362,4
2020-06-16,South Africa,NA,Limpopo,5404868,29,0,391,4
2020-06-17,South Africa,NA,Limpopo,5404868,25,0,416,4
2020-06-18,South Africa,NA,Limpopo,5404868,73,0,489,4
2020-06-19,South Africa,NA,Limpopo,5404868,14,0,503,4
2020-06-20,South Africa,NA,Limpopo,5404868,18,0,521,4
2020-06-21,South Africa,NA,Limpopo,5404868,43,0,564,4
2020-06-22,South Africa,NA,Limpopo,5404868,18,1,582,5
2020-06-23,South Africa,NA,Limpopo,5404868,40,0,622,5
2020-06-24,South Africa,NA,Limpopo,5404868,48,0,670,5
2020-06-25,South Africa,NA,Limpopo,5404868,60,0,730,5
2020-06-26,South Africa,NA,Limpopo,5404868,68,0,798,5
2020-06-27,South Africa,NA,Limpopo,5404868,64,0,862,5
2020-06-28,South Africa,NA,Limpopo,5404868,73,0,935,5
2020-06-29,South Africa,NA,Limpopo,5404868,76,5,1011,10
2020-06-30,South Africa,NA,Limpopo,5404868,120,0,1131,10
2020-07-01,South Africa,NA,Limpopo,5404868,44,0,1175,10
2020-07-02,South Africa,NA,Limpopo,5404868,111,0,1286,10
2020-07-03,South Africa,NA,Limpopo,5404868,122,0,1408,10
2020-07-04,South Africa,NA,Limpopo,5404868,151,0,1559,10
2020-07-05,South Africa,NA,Limpopo,5404868,147,0,1706,10
2020-07-06,South Africa,NA,Limpopo,5404868,79,17,1785,27
2020-07-07,South Africa,NA,Limpopo,5404868,165,15,1950,42
2020-07-08,South Africa,NA,Limpopo,5404868,181,2,2131,44
2020-07-09,South Africa,NA,Limpopo,5404868,250,0,2381,44
2020-07-10,South Africa,NA,Limpopo,5404868,198,0,2579,44
2020-07-11,South Africa,NA,Limpopo,5404868,256,0,2835,44
2020-07-12,South Africa,NA,Limpopo,5404868,179,0,3014,44
2020-07-13,South Africa,NA,Limpopo,5404868,302,0,3316,44
2020-07-14,South Africa,NA,Limpopo,5404868,142,0,3458,44
2020-07-15,South Africa,NA,Limpopo,5404868,187,0,3645,44
2020-07-16,South Africa,NA,Limpopo,5404868,238,0,3883,44
2020-07-17,South Africa,NA,Limpopo,5404868,277,0,4160,44
2020-07-18,South Africa,NA,Limpopo,5404868,330,0,4490,44
2020-07-19,South Africa,NA,Limpopo,5404868,438,0,4928,44
2020-07-20,South Africa,NA,Limpopo,5404868,228,0,5156,44
2020-07-21,South Africa,NA,Limpopo,5404868,199,0,5355,44
2020-07-22,South Africa,NA,Limpopo,5404868,357,0,5712,44
2020-07-23,South Africa,NA,Limpopo,5404868,356,0,6068,44
2020-07-24,South Africa,NA,Limpopo,5404868,326,0,6394,44
2020-07-25,South Africa,NA,Limpopo,5404868,338,0,6732,44
2020-07-26,South Africa,NA,Limpopo,5404868,344,34,7076,67
2020-07-27,South Africa,NA,Limpopo,5404868,184,0,7260,67
2020-07-28,South Africa,NA,Limpopo,5404868,242,0,7502,67
2020-07-29,South Africa,NA,Limpopo,5404868,338,0,7840,67
2020-07-30,South Africa,NA,Limpopo,5404868,400,0,8240,67
2020-07-31,South Africa,NA,Limpopo,5404868,325,0,8565,67
2020-08-01,South Africa,NA,Limpopo,5404868,314,0,8879,67
2020-08-02,South Africa,NA,Limpopo,5404868,165,23,9044,90
2020-08-03,South Africa,NA,Limpopo,5404868,160,0,9204,90
2020-08-04,South Africa,NA,Limpopo,5404868,185,0,9389,90
2020-08-05,South Africa,NA,Limpopo,5404868,236,0,9625,90
2020-08-06,South Africa,NA,Limpopo,5404868,248,0,9873,90
2020-08-07,South Africa,NA,Limpopo,5404868,265,0,10138,90
2020-08-08,South Africa,NA,Limpopo,5404868,207,37,10345,127
2020-08-09,South Africa,NA,Limpopo,5404868,201,0,10546,127
2020-08-10,South Africa,NA,Limpopo,5404868,165,0,10711,127
2020-08-11,South Africa,NA,Limpopo,5404868,96,0,10807,127
2020-08-12,South Africa,NA,Limpopo,5404868,68,0,10875,127
2020-08-13,South Africa,NA,Limpopo,5404868,144,14,11019,141
2020-08-14,South Africa,NA,Limpopo,5404868,195,0,11214,141
2020-08-15,South Africa,NA,Limpopo,5404868,231,18,11445,159
2020-08-16,South Africa,NA,Limpopo,5404868,128,0,11573,159
2020-08-17,South Africa,NA,Limpopo,5404868,184,0,11757,159
2020-08-18,South Africa,NA,Limpopo,5404868,56,0,11813,159
2020-08-19,South Africa,NA,Limpopo,5404868,131,0,11944,159
2020-08-20,South Africa,NA,Limpopo,5404868,142,12,12086,171
2020-08-21,South Africa,NA,Limpopo,5404868,195,0,12281,171
2020-08-22,South Africa,NA,Limpopo,5404868,108,0,12389,171
2020-08-23,South Africa,NA,Limpopo,5404868,174,0,12563,171
2020-08-24,South Africa,NA,Limpopo,5404868,80,8,12643,179
2020-08-25,South Africa,NA,Limpopo,5404868,60,0,12703,179
2020-08-26,South Africa,NA,Limpopo,5404868,92,0,12795,179
2020-08-27,South Africa,NA,Limpopo,5404868,72,0,12867,179
2020-08-28,South Africa,NA,Limpopo,5404868,93,0,12960,179
2020-08-29,South Africa,NA,Limpopo,5404868,79,0,13039,179
2020-08-30,South Africa,NA,Limpopo,5404868,128,0,13167,179
2020-08-31,South Africa,NA,Limpopo,5404868,98,23,13265,202
2020-09-01,South Africa,NA,Limpopo,5404868,36,0,13301,202
2020-09-02,South Africa,NA,Limpopo,5404868,99,0,13400,202
2020-09-03,South Africa,NA,Limpopo,5404868,88,0,13488,202
2020-09-04,South Africa,NA,Limpopo,5404868,108,12,13596,214
2020-09-05,South Africa,NA,Limpopo,5404868,69,0,13665,214
2020-09-06,South Africa,NA,Limpopo,5404868,69,0,13734,214
2020-09-07,South Africa,NA,Limpopo,5404868,35,43,13769,257
2020-09-08,South Africa,NA,Limpopo,5404868,28,0,13797,257
2020-09-09,South Africa,NA,Limpopo,5404868,103,0,13900,257
2020-09-10,South Africa,NA,Limpopo,5404868,79,1,13979,258
2020-09-11,South Africa,NA,Limpopo,5404868,80,0,14059,258
2020-09-12,South Africa,NA,Limpopo,5404868,54,0,14113,258
2020-09-13,South Africa,NA,Limpopo,5404868,70,0,14183,258
2020-09-14,South Africa,NA,Limpopo,5404868,33,0,14216,258
2020-09-15,South Africa,NA,Limpopo,5404868,47,67,14263,325
2020-03-29,South Africa,NA,Mpumalanga,4039939,1,0,11,0
2020-03-30,South Africa,NA,Mpumalanga,4039939,0,0,11,0
2020-03-31,South Africa,NA,Mpumalanga,4039939,1,0,12,0
2020-04-01,South Africa,NA,Mpumalanga,4039939,0,0,12,0
2020-04-02,South Africa,NA,Mpumalanga,4039939,1,0,13,0
2020-04-03,South Africa,NA,Mpumalanga,4039939,0,0,13,0
2020-04-04,South Africa,NA,Mpumalanga,4039939,5,0,18,0
2020-04-05,South Africa,NA,Mpumalanga,4039939,0,0,18,0
2020-04-06,South Africa,NA,Mpumalanga,4039939,0,0,18,0
2020-04-08,South Africa,NA,Mpumalanga,4039939,3,0,21,0
2020-04-09,South Africa,NA,Mpumalanga,4039939,0,0,21,0
2020-04-10,South Africa,NA,Mpumalanga,4039939,0,0,21,0
2020-04-11,South Africa,NA,Mpumalanga,4039939,0,0,21,0
2020-04-12,South Africa,NA,Mpumalanga,4039939,1,0,21,0
2020-04-13,South Africa,NA,Mpumalanga,4039939,1,0,22,0
2020-04-14,South Africa,NA,Mpumalanga,4039939,0,0,22,0
2020-04-15,South Africa,NA,Mpumalanga,4039939,0,0,22,0
2020-04-16,South Africa,NA,Mpumalanga,4039939,0,0,22,0
2020-04-17,South Africa,NA,Mpumalanga,4039939,1,0,23,0
2020-04-18,South Africa,NA,Mpumalanga,4039939,2,0,25,0
2020-04-19,South Africa,NA,Mpumalanga,4039939,0,0,25,0
2020-04-20,South Africa,NA,Mpumalanga,4039939,0,0,25,0
2020-04-21,South Africa,NA,Mpumalanga,4039939,1,0,25,0
2020-04-22,South Africa,NA,Mpumalanga,4039939,0,0,25,0
2020-04-23,South Africa,NA,Mpumalanga,4039939,0,0,25,0
2020-04-24,South Africa,NA,Mpumalanga,4039939,1,0,25,0
2020-04-25,South Africa,NA,Mpumalanga,4039939,0,0,25,0
2020-04-26,South Africa,NA,Mpumalanga,4039939,0,0,25,0
2020-04-27,South Africa,NA,Mpumalanga,4039939,3,0,26,0
2020-04-28,South Africa,NA,Mpumalanga,4039939,0,0,26,0
2020-04-29,South Africa,NA,Mpumalanga,4039939,5,0,31,0
2020-04-30,South Africa,NA,Mpumalanga,4039939,5,0,36,0
2020-05-01,South Africa,NA,Mpumalanga,4039939,0,0,36,0
2020-05-02,South Africa,NA,Mpumalanga,4039939,5,0,40,0
2020-05-03,South Africa,NA,Mpumalanga,4039939,6,0,46,0
2020-05-04,South Africa,NA,Mpumalanga,4039939,7,0,53,0
2020-05-05,South Africa,NA,Mpumalanga,4039939,4,0,57,0
2020-05-06,South Africa,NA,Mpumalanga,4039939,0,0,57,0
2020-05-07,South Africa,NA,Mpumalanga,4039939,2,0,59,0
2020-05-08,South Africa,NA,Mpumalanga,4039939,1,0,60,0
2020-05-09,South Africa,NA,Mpumalanga,4039939,1,0,61,0
2020-05-10,South Africa,NA,Mpumalanga,4039939,0,0,61,0
2020-05-11,South Africa,NA,Mpumalanga,4039939,2,0,63,0
2020-05-12,South Africa,NA,Mpumalanga,4039939,0,0,63,0
2020-05-13,South Africa,NA,Mpumalanga,4039939,3,0,66,0
2020-05-14,South Africa,NA,Mpumalanga,4039939,1,0,67,0
2020-05-15,South Africa,NA,Mpumalanga,4039939,0,0,67,0
2020-05-16,South Africa,NA,Mpumalanga,4039939,1,0,68,0
2020-05-17,South Africa,NA,Mpumalanga,4039939,3,0,71,0
2020-05-18,South Africa,NA,Mpumalanga,4039939,5,0,76,0
2020-05-19,South Africa,NA,Mpumalanga,4039939,2,0,78,0
2020-05-20,South Africa,NA,Mpumalanga,4039939,15,0,93,0
2020-05-21,South Africa,NA,Mpumalanga,4039939,2,0,95,0
2020-05-22,South Africa,NA,Mpumalanga,4039939,3,0,98,0
2020-05-23,South Africa,NA,Mpumalanga,4039939,0,0,98,0
2020-05-24,South Africa,NA,Mpumalanga,4039939,4,0,101,0
2020-05-25,South Africa,NA,Mpumalanga,4039939,1,0,102,0
2020-05-26,South Africa,NA,Mpumalanga,4039939,1,0,103,0
2020-05-27,South Africa,NA,Mpumalanga,4039939,3,0,106,0
2020-05-28,South Africa,NA,Mpumalanga,4039939,5,0,111,0
2020-05-29,South Africa,NA,Mpumalanga,4039939,1,0,112,0
2020-05-30,South Africa,NA,Mpumalanga,4039939,1,0,113,0
2020-05-31,South Africa,NA,Mpumalanga,4039939,8,0,121,0
2020-06-01,South Africa,NA,Mpumalanga,4039939,10,0,131,0
2020-06-02,South Africa,NA,Mpumalanga,4039939,1,0,132,0
2020-06-03,South Africa,NA,Mpumalanga,4039939,5,0,137,0
2020-06-04,South Africa,NA,Mpumalanga,4039939,7,0,144,0
2020-06-05,South Africa,NA,Mpumalanga,4039939,25,0,169,0
2020-06-06,South Africa,NA,Mpumalanga,4039939,12,0,181,0
2020-06-07,South Africa,NA,Mpumalanga,4039939,8,1,189,1
2020-06-08,South Africa,NA,Mpumalanga,4039939,0,0,189,1
2020-06-09,South Africa,NA,Mpumalanga,4039939,1,0,189,1
2020-06-10,South Africa,NA,Mpumalanga,4039939,23,0,207,1
2020-06-11,South Africa,NA,Mpumalanga,4039939,21,0,228,1
2020-06-12,South Africa,NA,Mpumalanga,4039939,15,0,243,1
2020-06-13,South Africa,NA,Mpumalanga,4039939,28,0,271,1
2020-06-14,South Africa,NA,Mpumalanga,4039939,26,0,297,1
2020-06-15,South Africa,NA,Mpumalanga,4039939,25,0,322,1
2020-06-16,South Africa,NA,Mpumalanga,4039939,21,0,343,1
2020-06-17,South Africa,NA,Mpumalanga,4039939,48,0,391,1
2020-06-18,South Africa,NA,Mpumalanga,4039939,70,0,461,1
2020-06-19,South Africa,NA,Mpumalanga,4039939,44,0,505,1
2020-06-20,South Africa,NA,Mpumalanga,4039939,39,0,544,1
2020-06-21,South Africa,NA,Mpumalanga,4039939,29,0,573,1
2020-06-22,South Africa,NA,Mpumalanga,4039939,23,0,596,1
2020-06-23,South Africa,NA,Mpumalanga,4039939,66,1,662,2
2020-06-24,South Africa,NA,Mpumalanga,4039939,51,0,713,2
2020-06-25,South Africa,NA,Mpumalanga,4039939,70,0,783,2
2020-06-26,South Africa,NA,Mpumalanga,4039939,72,0,855,2
2020-06-27,South Africa,NA,Mpumalanga,4039939,70,0,925,2
2020-06-28,South Africa,NA,Mpumalanga,4039939,91,0,1016,2
2020-06-29,South Africa,NA,Mpumalanga,4039939,73,1,1089,3
2020-06-30,South Africa,NA,Mpumalanga,4039939,101,4,1190,7
2020-07-01,South Africa,NA,Mpumalanga,4039939,116,0,1306,7
2020-07-02,South Africa,NA,Mpumalanga,4039939,172,0,1478,7
2020-07-03,South Africa,NA,Mpumalanga,4039939,133,0,1611,7
2020-07-04,South Africa,NA,Mpumalanga,4039939,207,0,1818,7
2020-07-05,South Africa,NA,Mpumalanga,4039939,147,0,1965,7
2020-07-06,South Africa,NA,Mpumalanga,4039939,208,0,2173,7
2020-07-07,South Africa,NA,Mpumalanga,4039939,180,0,2353,7
2020-07-08,South Africa,NA,Mpumalanga,4039939,175,15,2528,22
2020-07-09,South Africa,NA,Mpumalanga,4039939,374,0,2902,22
2020-07-10,South Africa,NA,Mpumalanga,4039939,371,0,3273,22
2020-07-11,South Africa,NA,Mpumalanga,4039939,348,0,3621,22
2020-07-12,South Africa,NA,Mpumalanga,4039939,356,0,3977,22
2020-07-13,South Africa,NA,Mpumalanga,4039939,322,11,4299,33
2020-07-14,South Africa,NA,Mpumalanga,4039939,277,0,4576,33
2020-07-15,South Africa,NA,Mpumalanga,4039939,475,0,5051,33
2020-07-16,South Africa,NA,Mpumalanga,4039939,521,7,5572,40
2020-07-17,South Africa,NA,Mpumalanga,4039939,501,4,6073,44
2020-07-18,South Africa,NA,Mpumalanga,4039939,571,0,6644,44
2020-07-19,South Africa,NA,Mpumalanga,4039939,485,0,7129,44
2020-07-20,South Africa,NA,Mpumalanga,4039939,295,8,7424,52
2020-07-21,South Africa,NA,Mpumalanga,4039939,240,0,7664,52
2020-07-22,South Africa,NA,Mpumalanga,4039939,622,0,8286,52
2020-07-23,South Africa,NA,Mpumalanga,4039939,701,0,8987,52
2020-07-24,South Africa,NA,Mpumalanga,4039939,769,0,9756,52
2020-07-25,South Africa,NA,Mpumalanga,4039939,661,0,10417,52
2020-07-26,South Africa,NA,Mpumalanga,4039939,591,0,11008,52
2020-07-27,South Africa,NA,Mpumalanga,4039939,378,13,11386,65
2020-07-28,South Africa,NA,Mpumalanga,4039939,166,0,11552,65
2020-07-29,South Africa,NA,Mpumalanga,4039939,890,0,12442,65
2020-07-30,South Africa,NA,Mpumalanga,4039939,838,0,13280,65
2020-07-31,South Africa,NA,Mpumalanga,4039939,821,13,14101,78
2020-08-01,South Africa,NA,Mpumalanga,4039939,580,0,14681,78
2020-08-02,South Africa,NA,Mpumalanga,4039939,439,0,15120,78
2020-08-03,South Africa,NA,Mpumalanga,4039939,275,45,15395,123
2020-08-04,South Africa,NA,Mpumalanga,4039939,321,0,15716,123
2020-08-05,South Africa,NA,Mpumalanga,4039939,1419,16,17135,139
2020-08-06,South Africa,NA,Mpumalanga,4039939,668,0,17803,139
2020-08-07,South Africa,NA,Mpumalanga,4039939,463,0,18266,139
2020-08-08,South Africa,NA,Mpumalanga,4039939,468,0,18734,139
2020-08-09,South Africa,NA,Mpumalanga,4039939,505,0,19239,139
2020-08-10,South Africa,NA,Mpumalanga,4039939,216,10,19455,149
2020-08-11,South Africa,NA,Mpumalanga,4039939,78,0,19533,149
2020-08-12,South Africa,NA,Mpumalanga,4039939,222,0,19755,149
2020-08-13,South Africa,NA,Mpumalanga,4039939,356,18,20111,167
2020-08-14,South Africa,NA,Mpumalanga,4039939,443,22,20554,189
2020-08-15,South Africa,NA,Mpumalanga,4039939,361,0,20915,189
2020-08-16,South Africa,NA,Mpumalanga,4039939,374,0,21289,189
2020-08-17,South Africa,NA,Mpumalanga,4039939,185,25,21474,214
2020-08-18,South Africa,NA,Mpumalanga,4039939,243,0,21717,214
2020-08-19,South Africa,NA,Mpumalanga,4039939,350,0,22067,214
2020-08-20,South Africa,NA,Mpumalanga,4039939,392,0,22459,214
2020-08-21,South Africa,NA,Mpumalanga,4039939,242,0,22701,214
2020-08-22,South Africa,NA,Mpumalanga,4039939,201,46,22902,260
2020-08-23,South Africa,NA,Mpumalanga,4039939,198,0,23100,260
2020-08-24,South Africa,NA,Mpumalanga,4039939,63,36,23163,296
2020-08-25,South Africa,NA,Mpumalanga,4039939,173,16,23336,312
2020-08-26,South Africa,NA,Mpumalanga,4039939,219,0,23555,312
2020-08-27,South Africa,NA,Mpumalanga,4039939,122,0,23677,312
2020-08-28,South Africa,NA,Mpumalanga,4039939,88,18,23765,330
2020-08-29,South Africa,NA,Mpumalanga,4039939,181,0,23946,330
2020-08-30,South Africa,NA,Mpumalanga,4039939,186,11,24132,341
2020-08-31,South Africa,NA,Mpumalanga,4039939,273,0,24405,341
2020-09-01,South Africa,NA,Mpumalanga,4039939,65,10,24470,351
2020-09-02,South Africa,NA,Mpumalanga,4039939,135,0,24605,351
2020-09-03,South Africa,NA,Mpumalanga,4039939,141,27,24746,378
2020-09-04,South Africa,NA,Mpumalanga,4039939,90,0,24836,378
2020-09-05,South Africa,NA,Mpumalanga,4039939,140,0,24976,378
2020-09-06,South Africa,NA,Mpumalanga,4039939,100,38,25076,416
2020-09-07,South Africa,NA,Mpumalanga,4039939,49,0,25125,416
2020-09-08,South Africa,NA,Mpumalanga,4039939,73,0,25198,416
2020-09-09,South Africa,NA,Mpumalanga,4039939,113,0,25311,416
2020-09-10,South Africa,NA,Mpumalanga,4039939,114,26,25425,442
2020-09-11,South Africa,NA,Mpumalanga,4039939,115,24,25540,466
2020-09-12,South Africa,NA,Mpumalanga,4039939,140,0,25680,466
2020-09-13,South Africa,NA,Mpumalanga,4039939,70,0,25750,466
2020-09-14,South Africa,NA,Mpumalanga,4039939,75,0,25825,466
2020-09-15,South Africa,NA,Mpumalanga,4039939,35,19,25860,485
2020-04-04,South Africa,NA,North West,3509953,2,0,11,0
2020-04-05,South Africa,NA,North West,3509953,0,0,11,0
2020-04-06,South Africa,NA,North West,3509953,0,0,11,0
2020-04-08,South Africa,NA,North West,3509953,4,0,15,0
2020-04-09,South Africa,NA,North West,3509953,0,0,15,0
2020-04-10,South Africa,NA,North West,3509953,3,0,18,0
2020-04-11,South Africa,NA,North West,3509953,1,0,19,0
2020-04-12,South Africa,NA,North West,3509953,0,0,19,0
2020-04-13,South Africa,NA,North West,3509953,3,0,22,0
2020-04-14,South Africa,NA,North West,3509953,0,0,22,0
2020-04-15,South Africa,NA,North West,3509953,1,0,23,0
2020-04-16,South Africa,NA,North West,3509953,1,0,24,0
2020-04-17,South Africa,NA,North West,3509953,0,0,24,0
2020-04-18,South Africa,NA,North West,3509953,0,0,24,0
2020-04-19,South Africa,NA,North West,3509953,0,0,24,0
2020-04-20,South Africa,NA,North West,3509953,1,0,25,0
2020-04-21,South Africa,NA,North West,3509953,0,0,25,0
2020-04-22,South Africa,NA,North West,3509953,0,0,25,0
2020-04-23,South Africa,NA,North West,3509953,1,0,25,0
2020-04-24,South Africa,NA,North West,3509953,0,0,25,0
2020-04-25,South Africa,NA,North West,3509953,3,0,28,0
2020-04-26,South Africa,NA,North West,3509953,0,0,28,0
2020-04-27,South Africa,NA,North West,3509953,3,0,31,0
2020-04-28,South Africa,NA,North West,3509953,0,0,31,0
2020-04-29,South Africa,NA,North West,3509953,0,0,31,0
2020-04-30,South Africa,NA,North West,3509953,2,0,31,0
2020-05-01,South Africa,NA,North West,3509953,4,0,35,0
2020-05-02,South Africa,NA,North West,3509953,0,0,35,0
2020-05-03,South Africa,NA,North West,3509953,1,0,36,0
2020-05-04,South Africa,NA,North West,3509953,0,0,36,0
2020-05-05,South Africa,NA,North West,3509953,0,0,36,0
2020-05-06,South Africa,NA,North West,3509953,2,0,37,0
2020-05-07,South Africa,NA,North West,3509953,3,0,40,0
2020-05-08,South Africa,NA,North West,3509953,2,0,42,0
2020-05-09,South Africa,NA,North West,3509953,0,0,42,0
2020-05-10,South Africa,NA,North West,3509953,4,0,45,0
2020-05-11,South Africa,NA,North West,3509953,5,1,50,1
2020-05-12,South Africa,NA,North West,3509953,1,0,51,1
2020-05-13,South Africa,NA,North West,3509953,1,0,52,1
2020-05-14,South Africa,NA,North West,3509953,6,0,58,1
2020-05-15,South Africa,NA,North West,3509953,5,0,63,1
2020-05-16,South Africa,NA,North West,3509953,1,0,64,1
2020-05-17,South Africa,NA,North West,3509953,6,0,70,1
2020-05-18,South Africa,NA,North West,3509953,2,0,72,1
2020-05-19,South Africa,NA,North West,3509953,0,0,72,1
2020-05-20,South Africa,NA,North West,3509953,0,0,72,1
2020-05-21,South Africa,NA,North West,3509953,5,0,77,1
2020-05-22,South Africa,NA,North West,3509953,3,0,80,1
2020-05-23,South Africa,NA,North West,3509953,1,0,81,1
2020-05-24,South Africa,NA,North West,3509953,13,0,94,1
2020-05-25,South Africa,NA,North West,3509953,15,0,109,1
2020-05-26,South Africa,NA,North West,3509953,6,0,115,1
2020-05-27,South Africa,NA,North West,3509953,13,0,128,1
2020-05-28,South Africa,NA,North West,3509953,6,0,134,1
2020-05-29,South Africa,NA,North West,3509953,9,0,143,1
2020-05-30,South Africa,NA,North West,3509953,19,0,162,1
2020-05-31,South Africa,NA,North West,3509953,13,0,175,1
2020-06-01,South Africa,NA,North West,3509953,12,0,187,1
2020-06-02,South Africa,NA,North West,3509953,84,0,271,1
2020-06-03,South Africa,NA,North West,3509953,43,0,314,1
2020-06-04,South Africa,NA,North West,3509953,50,0,364,1
2020-06-05,South Africa,NA,North West,3509953,45,0,409,1
2020-06-06,South Africa,NA,North West,3509953,59,0,468,1
2020-06-07,South Africa,NA,North West,3509953,55,0,523,1
2020-06-08,South Africa,NA,North West,3509953,57,0,580,1
2020-06-09,South Africa,NA,North West,3509953,25,0,605,1
2020-06-10,South Africa,NA,North West,3509953,52,0,657,1
2020-06-11,South Africa,NA,North West,3509953,100,4,757,5
2020-06-12,South Africa,NA,North West,3509953,108,0,865,5
2020-06-13,South Africa,NA,North West,3509953,112,0,977,5
2020-06-14,South Africa,NA,North West,3509953,120,0,1097,5
2020-06-15,South Africa,NA,North West,3509953,80,0,1177,5
2020-06-16,South Africa,NA,North West,3509953,104,0,1281,5
2020-06-17,South Africa,NA,North West,3509953,121,0,1402,5
2020-06-18,South Africa,NA,North West,3509953,204,0,1606,5
2020-06-19,South Africa,NA,North West,3509953,152,0,1758,5
2020-06-20,South Africa,NA,North West,3509953,199,0,1957,5
2020-06-21,South Africa,NA,North West,3509953,191,0,2148,5
2020-06-22,South Africa,NA,North West,3509953,167,0,2315,5
2020-06-23,South Africa,NA,North West,3509953,139,0,2454,5
2020-06-24,South Africa,NA,North West,3509953,164,0,2618,5
2020-06-25,South Africa,NA,North West,3509953,347,0,2965,5
2020-06-26,South Africa,NA,North West,3509953,253,0,3218,5
2020-06-27,South Africa,NA,North West,3509953,236,0,3454,5
2020-06-28,South Africa,NA,North West,3509953,193,0,3647,5
2020-06-29,South Africa,NA,North West,3509953,284,2,3931,7
2020-06-30,South Africa,NA,North West,3509953,256,0,4187,7
2020-07-01,South Africa,NA,North West,3509953,206,0,4393,7
2020-07-02,South Africa,NA,North West,3509953,395,0,4788,7
2020-07-03,South Africa,NA,North West,3509953,380,29,5168,36
2020-07-04,South Africa,NA,North West,3509953,476,0,5644,36
2020-07-05,South Africa,NA,North West,3509953,419,0,6063,36
2020-07-06,South Africa,NA,North West,3509953,347,0,6410,36
2020-07-07,South Africa,NA,North West,3509953,432,0,6842,36
2020-07-08,South Africa,NA,North West,3509953,305,0,7147,36
2020-07-09,South Africa,NA,North West,3509953,723,0,7870,36
2020-07-10,South Africa,NA,North West,3509953,806,0,8676,36
2020-07-11,South Africa,NA,North West,3509953,742,0,9418,36
2020-07-12,South Africa,NA,North West,3509953,506,0,9924,36
2020-07-13,South Africa,NA,North West,3509953,601,0,10525,36
2020-07-14,South Africa,NA,North West,3509953,259,0,10784,36
2020-07-15,South Africa,NA,North West,3509953,441,12,11225,48
2020-07-16,South Africa,NA,North West,3509953,666,0,11891,48
2020-07-17,South Africa,NA,North West,3509953,831,0,12722,48
2020-07-18,South Africa,NA,North West,3509953,678,0,13400,48
2020-07-19,South Africa,NA,North West,3509953,606,0,14006,48
2020-07-20,South Africa,NA,North West,3509953,331,0,14337,48
2020-07-21,South Africa,NA,North West,3509953,297,0,14634,48
2020-07-22,South Africa,NA,North West,3509953,439,0,15073,48
2020-07-23,South Africa,NA,North West,3509953,828,0,15901,48
2020-07-24,South Africa,NA,North West,3509953,647,0,16548,48
2020-07-25,South Africa,NA,North West,3509953,394,0,16942,48
2020-07-26,South Africa,NA,North West,3509953,396,0,17338,48
2020-07-27,South Africa,NA,North West,3509953,266,11,17604,59
2020-07-28,South Africa,NA,North West,3509953,187,13,17791,72
2020-07-29,South Africa,NA,North West,3509953,440,0,18231,72
2020-07-30,South Africa,NA,North West,3509953,580,9,18811,81
2020-07-31,South Africa,NA,North West,3509953,514,0,19325,81
2020-08-01,South Africa,NA,North West,3509953,389,0,19714,81
2020-08-02,South Africa,NA,North West,3509953,247,0,19961,81
2020-08-03,South Africa,NA,North West,3509953,188,28,20149,109
2020-08-04,South Africa,NA,North West,3509953,121,0,20270,109
2020-08-05,South Africa,NA,North West,3509953,416,0,20686,109
2020-08-06,South Africa,NA,North West,3509953,358,0,21044,109
2020-08-07,South Africa,NA,North West,3509953,271,0,21315,109
2020-08-08,South Africa,NA,North West,3509953,327,21,21642,130
2020-08-09,South Africa,NA,North West,3509953,195,0,21837,130
2020-08-10,South Africa,NA,North West,3509953,96,0,21933,130
2020-08-11,South Africa,NA,North West,3509953,98,20,22031,150
2020-08-12,South Africa,NA,North West,3509953,174,0,22205,150
2020-08-13,South Africa,NA,North West,3509953,278,0,22483,150
2020-08-14,South Africa,NA,North West,3509953,333,26,22816,176
2020-08-15,South Africa,NA,North West,3509953,277,0,23093,176
2020-08-16,South Africa,NA,North West,3509953,157,18,23250,194
2020-08-17,South Africa,NA,North West,3509953,55,0,23305,194
2020-08-18,South Africa,NA,North West,3509953,140,20,23445,214
2020-08-19,South Africa,NA,North West,3509953,196,0,23641,214
2020-08-20,South Africa,NA,North West,3509953,227,0,23868,214
2020-08-21,South Africa,NA,North West,3509953,135,10,24003,224
2020-08-22,South Africa,NA,North West,3509953,182,0,24185,224
2020-08-23,South Africa,NA,North West,3509953,116,0,24301,224
2020-08-24,South Africa,NA,North West,3509953,70,0,24371,224
2020-08-25,South Africa,NA,North West,3509953,74,0,24445,224
2020-08-26,South Africa,NA,North West,3509953,201,0,24646,224
2020-08-27,South Africa,NA,North West,3509953,159,0,24805,224
2020-08-28,South Africa,NA,North West,3509953,117,16,24922,240
2020-08-29,South Africa,NA,North West,3509953,164,0,25086,240
2020-08-30,South Africa,NA,North West,3509953,154,0,25240,240
2020-08-31,South Africa,NA,North West,3509953,108,8,25348,248
2020-09-01,South Africa,NA,North West,3509953,42,18,25390,266
2020-09-02,South Africa,NA,North West,3509953,214,0,25604,266
2020-09-03,South Africa,NA,North West,3509953,212,9,25816,275
2020-09-04,South Africa,NA,North West,3509953,149,0,25965,275
2020-09-05,South Africa,NA,North West,3509953,127,0,26092,275
2020-09-06,South Africa,NA,North West,3509953,153,0,26245,275
2020-09-07,South Africa,NA,North West,3509953,49,10,26294,285
2020-09-08,South Africa,NA,North West,3509953,105,0,26399,285
2020-09-09,South Africa,NA,North West,3509953,181,10,26580,295
2020-09-10,South Africa,NA,North West,3509953,187,15,26767,310
2020-09-11,South Africa,NA,North West,3509953,168,0,26935,310
2020-09-12,South Africa,NA,North West,3509953,159,0,27094,310
2020-09-13,South Africa,NA,North West,3509953,125,0,27219,310
2020-09-14,South Africa,NA,North West,3509953,43,15,27262,325
2020-09-15,South Africa,NA,North West,3509953,59,0,27321,325
2020-04-08,South Africa,NA,Northern Cape,1145861,5,0,13,0
2020-04-09,South Africa,NA,Northern Cape,1145861,2,0,15,0
2020-04-10,South Africa,NA,Northern Cape,1145861,0,0,15,0
2020-04-11,South Africa,NA,Northern Cape,1145861,1,0,16,0
2020-04-12,South Africa,NA,Northern Cape,1145861,0,0,16,0
2020-04-13,South Africa,NA,Northern Cape,1145861,0,0,16,0
2020-04-14,South Africa,NA,Northern Cape,1145861,0,0,16,0
2020-04-15,South Africa,NA,Northern Cape,1145861,0,0,16,0
2020-04-16,South Africa,NA,Northern Cape,1145861,0,0,16,0
2020-04-17,South Africa,NA,Northern Cape,1145861,0,0,16,0
2020-04-18,South Africa,NA,Northern Cape,1145861,0,0,16,0
2020-04-19,South Africa,NA,Northern Cape,1145861,0,0,16,0
2020-04-20,South Africa,NA,Northern Cape,1145861,2,0,18,0
2020-04-21,South Africa,NA,Northern Cape,1145861,0,0,18,0
2020-04-22,South Africa,NA,Northern Cape,1145861,0,0,18,0
2020-04-23,South Africa,NA,Northern Cape,1145861,0,0,18,0
2020-04-24,South Africa,NA,Northern Cape,1145861,0,0,18,0
2020-04-25,South Africa,NA,Northern Cape,1145861,0,0,18,0
2020-04-26,South Africa,NA,Northern Cape,1145861,1,0,18,0
2020-04-27,South Africa,NA,Northern Cape,1145861,0,0,18,0
2020-04-28,South Africa,NA,Northern Cape,1145861,0,0,18,0
2020-04-29,South Africa,NA,Northern Cape,1145861,0,0,18,0
2020-04-30,South Africa,NA,Northern Cape,1145861,0,0,18,0
2020-05-01,South Africa,NA,Northern Cape,1145861,0,0,18,0
2020-05-02,South Africa,NA,Northern Cape,1145861,1,0,18,0
2020-05-03,South Africa,NA,Northern Cape,1145861,0,0,24,0
2020-05-04,South Africa,NA,Northern Cape,1145861,7,0,25,0
2020-05-05,South Africa,NA,Northern Cape,1145861,1,0,26,0
2020-05-06,South Africa,NA,Northern Cape,1145861,0,0,26,0
2020-05-07,South Africa,NA,Northern Cape,1145861,0,0,27,0
2020-05-08,South Africa,NA,Northern Cape,1145861,1,0,27,0
2020-05-09,South Africa,NA,Northern Cape,1145861,1,0,28,0
2020-05-10,South Africa,NA,Northern Cape,1145861,1,0,29,0
2020-05-11,South Africa,NA,Northern Cape,1145861,1,0,30,0
2020-05-12,South Africa,NA,Northern Cape,1145861,0,0,30,0
2020-05-13,South Africa,NA,Northern Cape,1145861,0,0,30,0
2020-05-14,South Africa,NA,Northern Cape,1145861,1,0,31,0
2020-05-15,South Africa,NA,Northern Cape,1145861,3,0,34,0
2020-05-16,South Africa,NA,Northern Cape,1145861,1,0,35,0
2020-05-17,South Africa,NA,Northern Cape,1145861,2,0,37,0
2020-05-18,South Africa,NA,Northern Cape,1145861,0,0,37,0
2020-05-19,South Africa,NA,Northern Cape,1145861,0,1,37,1
2020-05-20,South Africa,NA,Northern Cape,1145861,1,0,38,1
2020-05-21,South Africa,NA,Northern Cape,1145861,0,0,38,1
2020-05-22,South Africa,NA,Northern Cape,1145861,2,0,39,1
2020-05-23,South Africa,NA,Northern Cape,1145861,1,0,40,1
2020-05-24,South Africa,NA,Northern Cape,1145861,0,0,40,1
2020-05-25,South Africa,NA,Northern Cape,1145861,5,0,45,1
2020-05-26,South Africa,NA,Northern Cape,1145861,0,0,45,1
2020-05-27,South Africa,NA,Northern Cape,1145861,3,0,48,1
2020-05-28,South Africa,NA,Northern Cape,1145861,3,0,51,1
2020-05-29,South Africa,NA,Northern Cape,1145861,1,0,52,1
2020-05-30,South Africa,NA,Northern Cape,1145861,5,0,57,1
2020-05-31,South Africa,NA,Northern Cape,1145861,12,0,69,1
2020-06-01,South Africa,NA,Northern Cape,1145861,13,0,82,1
2020-06-02,South Africa,NA,Northern Cape,1145861,9,0,91,1
2020-06-03,South Africa,NA,Northern Cape,1145861,2,0,93,1
2020-06-04,South Africa,NA,Northern Cape,1145861,2,0,95,1
2020-06-05,South Africa,NA,Northern Cape,1145861,7,0,102,1
2020-06-06,South Africa,NA,Northern Cape,1145861,3,0,105,1
2020-06-07,South Africa,NA,Northern Cape,1145861,9,0,114,1
2020-06-08,South Africa,NA,Northern Cape,1145861,4,0,118,1
2020-06-09,South Africa,NA,Northern Cape,1145861,4,0,122,1
2020-06-10,South Africa,NA,Northern Cape,1145861,3,0,125,1
2020-06-11,South Africa,NA,Northern Cape,1145861,7,0,132,1
2020-06-12,South Africa,NA,Northern Cape,1145861,6,0,138,1
2020-06-13,South Africa,NA,Northern Cape,1145861,6,0,144,1
2020-06-14,South Africa,NA,Northern Cape,1145861,12,0,156,1
2020-06-15,South Africa,NA,Northern Cape,1145861,49,0,205,1
2020-06-16,South Africa,NA,Northern Cape,1145861,6,0,211,1
2020-06-17,South Africa,NA,Northern Cape,1145861,0,0,211,1
2020-06-18,South Africa,NA,Northern Cape,1145861,3,0,214,1
2020-06-19,South Africa,NA,Northern Cape,1145861,4,0,218,1
2020-06-20,South Africa,NA,Northern Cape,1145861,14,0,232,1
2020-06-21,South Africa,NA,Northern Cape,1145861,5,0,237,1
2020-06-22,South Africa,NA,Northern Cape,1145861,17,0,254,1
2020-06-23,South Africa,NA,Northern Cape,1145861,16,0,270,1
2020-06-24,South Africa,NA,Northern Cape,1145861,29,0,299,1
2020-06-25,South Africa,NA,Northern Cape,1145861,19,0,318,1
2020-06-26,South Africa,NA,Northern Cape,1145861,19,0,337,1
2020-06-27,South Africa,NA,Northern Cape,1145861,18,0,355,1
2020-06-28,South Africa,NA,Northern Cape,1145861,30,0,385,1
2020-06-29,South Africa,NA,Northern Cape,1145861,19,0,404,1
2020-06-30,South Africa,NA,Northern Cape,1145861,61,0,465,1
2020-07-01,South Africa,NA,Northern Cape,1145861,29,0,494,1
2020-07-02,South Africa,NA,Northern Cape,1145861,79,0,573,1
2020-07-03,South Africa,NA,Northern Cape,1145861,53,3,626,4
2020-07-04,South Africa,NA,Northern Cape,1145861,60,0,686,4
2020-07-05,South Africa,NA,Northern Cape,1145861,48,2,734,6
2020-07-06,South Africa,NA,Northern Cape,1145861,86,0,820,6
2020-07-07,South Africa,NA,Northern Cape,1145861,68,0,888,6
2020-07-08,South Africa,NA,Northern Cape,1145861,86,0,974,6
2020-07-09,South Africa,NA,Northern Cape,1145861,65,1,1039,7
2020-07-10,South Africa,NA,Northern Cape,1145861,129,0,1168,7
2020-07-11,South Africa,NA,Northern Cape,1145861,98,4,1266,11
2020-07-12,South Africa,NA,Northern Cape,1145861,135,0,1401,11
2020-07-13,South Africa,NA,Northern Cape,1145861,121,0,1522,11
2020-07-14,South Africa,NA,Northern Cape,1145861,57,4,1579,15
2020-07-15,South Africa,NA,Northern Cape,1145861,88,0,1667,15
2020-07-16,South Africa,NA,Northern Cape,1145861,164,0,1831,15
2020-07-17,South Africa,NA,Northern Cape,1145861,213,0,2044,15
2020-07-18,South Africa,NA,Northern Cape,1145861,153,0,2197,15
2020-07-19,South Africa,NA,Northern Cape,1145861,69,0,2266,15
2020-07-20,South Africa,NA,Northern Cape,1145861,85,0,2351,15
2020-07-21,South Africa,NA,Northern Cape,1145861,188,0,2539,15
2020-07-22,South Africa,NA,Northern Cape,1145861,188,0,2727,15
2020-07-23,South Africa,NA,Northern Cape,1145861,243,8,2970,23
2020-07-24,South Africa,NA,Northern Cape,1145861,205,0,3175,23
2020-07-25,South Africa,NA,Northern Cape,1145861,214,4,3389,27
2020-07-26,South Africa,NA,Northern Cape,1145861,211,2,3600,29
2020-07-27,South Africa,NA,Northern Cape,1145861,275,0,3875,29
2020-07-28,South Africa,NA,Northern Cape,1145861,122,0,3997,29
2020-07-29,South Africa,NA,Northern Cape,1145861,138,0,4135,29
2020-07-30,South Africa,NA,Northern Cape,1145861,267,0,4402,29
2020-07-31,South Africa,NA,Northern Cape,1145861,339,0,4741,29
2020-08-01,South Africa,NA,Northern Cape,1145861,220,7,4961,36
2020-08-02,South Africa,NA,Northern Cape,1145861,170,0,5131,36
2020-08-03,South Africa,NA,Northern Cape,1145861,171,0,5302,36
2020-08-04,South Africa,NA,Northern Cape,1145861,77,0,5379,36
2020-08-05,South Africa,NA,Northern Cape,1145861,259,0,5638,36
2020-08-06,South Africa,NA,Northern Cape,1145861,294,18,5932,54
2020-08-07,South Africa,NA,Northern Cape,1145861,253,7,6185,61
2020-08-08,South Africa,NA,Northern Cape,1145861,181,5,6366,66
2020-08-09,South Africa,NA,Northern Cape,1145861,255,0,6621,66
2020-08-10,South Africa,NA,Northern Cape,1145861,181,2,6802,68
2020-08-11,South Africa,NA,Northern Cape,1145861,59,0,6861,68
2020-08-12,South Africa,NA,Northern Cape,1145861,96,0,6957,68
2020-08-13,South Africa,NA,Northern Cape,1145861,165,8,7122,76
2020-08-14,South Africa,NA,Northern Cape,1145861,321,18,7443,94
2020-08-15,South Africa,NA,Northern Cape,1145861,294,0,7737,94
2020-08-16,South Africa,NA,Northern Cape,1145861,103,0,7840,94
2020-08-17,South Africa,NA,Northern Cape,1145861,181,3,8021,97
2020-08-18,South Africa,NA,Northern Cape,1145861,108,3,8129,100
2020-08-19,South Africa,NA,Northern Cape,1145861,212,0,8341,100
2020-08-20,South Africa,NA,Northern Cape,1145861,234,0,8575,100
2020-08-21,South Africa,NA,Northern Cape,1145861,243,6,8818,106
2020-08-22,South Africa,NA,Northern Cape,1145861,178,0,8996,106
2020-08-23,South Africa,NA,Northern Cape,1145861,133,0,9129,106
2020-08-24,South Africa,NA,Northern Cape,1145861,193,0,9322,106
2020-08-25,South Africa,NA,Northern Cape,1145861,53,10,9375,116
2020-08-26,South Africa,NA,Northern Cape,1145861,0,0,9500,120
2020-08-27,South Africa,NA,Northern Cape,1145861,329,0,9829,120
2020-08-28,South Africa,NA,Northern Cape,1145861,214,0,10043,120
2020-08-29,South Africa,NA,Northern Cape,1145861,241,0,10284,120
2020-08-30,South Africa,NA,Northern Cape,1145861,284,0,10568,120
2020-08-31,South Africa,NA,Northern Cape,1145861,158,9,10726,129
2020-09-01,South Africa,NA,Northern Cape,1145861,111,0,10837,129
2020-09-02,South Africa,NA,Northern Cape,1145861,183,5,11020,134
2020-09-03,South Africa,NA,Northern Cape,1145861,293,0,11313,134
2020-09-04,South Africa,NA,Northern Cape,1145861,208,11,11521,145
2020-09-05,South Africa,NA,Northern Cape,1145861,197,0,11718,145
2020-09-06,South Africa,NA,Northern Cape,1145861,205,0,11923,145
2020-09-07,South Africa,NA,Northern Cape,1145861,162,0,12085,145
2020-09-08,South Africa,NA,Northern Cape,1145861,137,5,12222,150
2020-09-09,South Africa,NA,Northern Cape,1145861,185,0,12407,150
2020-09-10,South Africa,NA,Northern Cape,1145861,223,0,12630,150
2020-09-11,South Africa,NA,Northern Cape,1145861,289,15,12919,165
2020-09-12,South Africa,NA,Northern Cape,1145861,204,0,13123,165
2020-09-13,South Africa,NA,Northern Cape,1145861,268,0,13391,165
2020-09-14,South Africa,NA,Northern Cape,1145861,173,0,13564,165
2020-09-15,South Africa,NA,Northern Cape,1145861,52,11,13616,176
2020-03-15,South Africa,NA,Western Cape,7005741,5,0,14,0
2020-03-16,South Africa,NA,Western Cape,7005741,2,0,16,0
2020-03-17,South Africa,NA,Western Cape,7005741,5,0,21,0
2020-03-18,South Africa,NA,Western Cape,7005741,10,0,31,0
2020-03-19,South Africa,NA,Western Cape,7005741,15,0,46,0
2020-03-20,South Africa,NA,Western Cape,7005741,11,0,57,0
2020-03-21,South Africa,NA,Western Cape,7005741,18,0,75,0
2020-03-22,South Africa,NA,Western Cape,7005741,14,0,89,0
2020-03-23,South Africa,NA,Western Cape,7005741,11,0,100,0
2020-03-24,South Africa,NA,Western Cape,7005741,13,0,113,0
2020-03-25,South Africa,NA,Western Cape,7005741,70,0,183,0
2020-03-26,South Africa,NA,Western Cape,7005741,46,0,229,0
2020-03-28,South Africa,NA,Western Cape,7005741,42,0,271,1
2020-03-29,South Africa,NA,Western Cape,7005741,39,0,310,1
2020-03-30,South Africa,NA,Western Cape,7005741,14,0,324,1
2020-03-31,South Africa,NA,Western Cape,7005741,1,0,325,1
2020-04-01,South Africa,NA,Western Cape,7005741,1,0,326,1
2020-04-02,South Africa,NA,Western Cape,7005741,27,0,353,1
2020-04-03,South Africa,NA,Western Cape,7005741,21,0,374,1
2020-04-04,South Africa,NA,Western Cape,7005741,59,0,433,1
2020-04-05,South Africa,NA,Western Cape,7005741,21,1,454,2
2020-04-06,South Africa,NA,Western Cape,7005741,8,1,462,3
2020-04-08,South Africa,NA,Western Cape,7005741,33,0,495,3
2020-04-09,South Africa,NA,Western Cape,7005741,20,0,515,3
2020-04-10,South Africa,NA,Western Cape,7005741,26,3,541,6
2020-04-11,South Africa,NA,Western Cape,7005741,5,1,546,7
2020-04-12,South Africa,NA,Western Cape,7005741,41,0,587,7
2020-04-13,South Africa,NA,Western Cape,7005741,30,1,617,8
2020-04-14,South Africa,NA,Western Cape,7005741,26,0,643,8
2020-04-15,South Africa,NA,Western Cape,7005741,14,0,657,8
2020-04-16,South Africa,NA,Western Cape,7005741,18,5,675,13
2020-04-17,South Africa,NA,Western Cape,7005741,42,2,717,15
2020-04-18,South Africa,NA,Western Cape,7005741,119,1,836,16
2020-04-19,South Africa,NA,Western Cape,7005741,32,1,868,17
2020-04-20,South Africa,NA,Western Cape,7005741,72,0,940,17
2020-04-21,South Africa,NA,Western Cape,7005741,70,0,1010,17
2020-04-22,South Africa,NA,Western Cape,7005741,69,5,1079,22
2020-04-23,South Africa,NA,Western Cape,7005741,200,6,1279,28
2020-04-24,South Africa,NA,Western Cape,7005741,134,2,1413,30
2020-04-25,South Africa,NA,Western Cape,7005741,101,2,1514,32
2020-04-26,South Africa,NA,Western Cape,7005741,94,1,1608,33
2020-04-27,South Africa,NA,Western Cape,7005741,129,2,1737,35
2020-04-28,South Africa,NA,Western Cape,7005741,133,3,1870,38
2020-04-29,South Africa,NA,Western Cape,7005741,265,4,2135,42
2020-04-30,South Africa,NA,Western Cape,7005741,207,0,2342,42
2020-05-01,South Africa,NA,Western Cape,7005741,165,13,2507,55
2020-05-02,South Africa,NA,Western Cape,7005741,193,1,2700,56
2020-05-03,South Africa,NA,Western Cape,7005741,344,2,3044,58
2020-05-04,South Africa,NA,Western Cape,7005741,318,6,3362,64
2020-05-05,South Africa,NA,Western Cape,7005741,247,7,3609,71
2020-05-06,South Africa,NA,Western Cape,7005741,151,2,3760,73
2020-05-07,South Africa,NA,Western Cape,7005741,234,6,3994,79
2020-05-08,South Africa,NA,Western Cape,7005741,503,9,4497,88
2020-05-09,South Africa,NA,Western Cape,7005741,312,7,4809,95
2020-05-10,South Africa,NA,Western Cape,7005741,359,3,5168,98
2020-05-11,South Africa,NA,Western Cape,7005741,453,8,5621,106
2020-05-12,South Africa,NA,Western Cape,7005741,484,0,6105,106
2020-05-13,South Africa,NA,Western Cape,7005741,608,11,6713,117
2020-05-14,South Africa,NA,Western Cape,7005741,522,12,7235,129
2020-05-15,South Africa,NA,Western Cape,7005741,563,8,7798,137
2020-05-16,South Africa,NA,Western Cape,7005741,606,12,8404,149
2020-05-17,South Africa,NA,Western Cape,7005741,890,0,9294,149
2020-05-18,South Africa,NA,Western Cape,7005741,741,17,10035,166
2020-05-19,South Africa,NA,Western Cape,7005741,604,21,10639,187
2020-05-20,South Africa,NA,Western Cape,7005741,623,23,11262,210
2020-05-21,South Africa,NA,Western Cape,7005741,891,25,12153,235
2020-05-22,South Africa,NA,Western Cape,7005741,735,22,12888,257
2020-05-23,South Africa,NA,Western Cape,7005741,938,4,13826,261
2020-05-24,South Africa,NA,Western Cape,7005741,914,20,14740,281
2020-05-25,South Africa,NA,Western Cape,7005741,656,49,15396,330
2020-05-26,South Africa,NA,Western Cape,7005741,433,33,15829,363
2020-05-27,South Africa,NA,Western Cape,7005741,1064,28,16893,391
2020-05-28,South Africa,NA,Western Cape,7005741,861,15,17754,406
2020-05-29,South Africa,NA,Western Cape,7005741,1152,31,18906,437
2020-05-30,South Africa,NA,Western Cape,7005741,1254,28,20160,465
2020-05-31,South Africa,NA,Western Cape,7005741,1222,38,21382,503
2020-06-01,South Africa,NA,Western Cape,7005741,1185,22,22567,525
2020-06-02,South Africa,NA,Western Cape,7005741,1016,43,23583,568
2020-06-03,South Africa,NA,Western Cape,7005741,1074,29,24657,597
2020-06-04,South Africa,NA,Western Cape,7005741,2349,54,27006,651
2020-06-05,South Africa,NA,Western Cape,7005741,1801,53,28807,704
2020-06-06,South Africa,NA,Western Cape,7005741,1572,25,30379,729
2020-06-07,South Africa,NA,Western Cape,7005741,1445,45,31824,774
2020-06-08,South Africa,NA,Western Cape,7005741,1744,55,33568,829
2020-06-09,South Africa,NA,Western Cape,7005741,1251,61,34819,890
2020-06-10,South Africa,NA,Western Cape,7005741,1202,37,36021,927
2020-06-11,South Africa,NA,Western Cape,7005741,1401,39,37422,966
2020-06-12,South Africa,NA,Western Cape,7005741,1504,39,38926,1005
2020-06-13,South Africa,NA,Western Cape,7005741,1679,36,40605,1041
2020-06-14,South Africa,NA,Western Cape,7005741,1934,42,42539,1083
2020-06-15,South Africa,NA,Western Cape,7005741,1604,73,44143,1156
2020-06-16,South Africa,NA,Western Cape,7005741,1214,44,45357,1200
2020-06-17,South Africa,NA,Western Cape,7005741,1198,43,46555,1243
2020-06-18,South Africa,NA,Western Cape,7005741,967,57,47522,1300
2020-06-19,South Africa,NA,Western Cape,7005741,1184,60,48706,1360
2020-06-20,South Africa,NA,Western Cape,7005741,1467,32,50173,1392
2020-06-21,South Africa,NA,Western Cape,7005741,1268,27,51441,1419
2020-06-22,South Africa,NA,Western Cape,7005741,1113,39,52554,1458
2020-06-23,South Africa,NA,Western Cape,7005741,958,78,53512,1536
2020-06-24,South Africa,NA,Western Cape,7005741,1650,63,55162,1599
2020-06-25,South Africa,NA,Western Cape,7005741,1618,53,56780,1652
2020-06-26,South Africa,NA,Western Cape,7005741,1161,40,57941,1692
2020-06-27,South Africa,NA,Western Cape,7005741,1374,40,59315,1732
2020-06-28,South Africa,NA,Western Cape,7005741,1130,32,60445,1764
2020-06-29,South Africa,NA,Western Cape,7005741,930,43,61375,1807
2020-06-30,South Africa,NA,Western Cape,7005741,1106,52,62481,1859
2020-07-01,South Africa,NA,Western Cape,7005741,1896,37,64377,1896
2020-07-02,South Africa,NA,Western Cape,7005741,1464,29,65841,1925
2020-07-03,South Africa,NA,Western Cape,7005741,1095,58,66936,1983
2020-07-04,South Africa,NA,Western Cape,7005741,1440,43,68376,2026
2020-07-05,South Africa,NA,Western Cape,7005741,1155,40,69531,2066
2020-07-06,South Africa,NA,Western Cape,7005741,1407,35,70938,2101
2020-07-07,South Africa,NA,Western Cape,7005741,1218,44,72156,2145
2020-07-08,South Africa,NA,Western Cape,7005741,1136,47,73292,2192
2020-07-09,South Africa,NA,Western Cape,7005741,1523,37,74815,2229
2020-07-10,South Africa,NA,Western Cape,7005741,1252,66,76067,2295
2020-07-11,South Africa,NA,Western Cape,7005741,1269,38,77336,2333
2020-07-12,South Africa,NA,Western Cape,7005741,1063,15,78399,2348
2020-07-13,South Africa,NA,Western Cape,7005741,945,37,79344,2385
2020-07-14,South Africa,NA,Western Cape,7005741,855,44,80199,2429
2020-07-15,South Africa,NA,Western Cape,7005741,1357,38,81556,2467
2020-07-16,South Africa,NA,Western Cape,7005741,1430,47,82986,2514
2020-07-17,South Africa,NA,Western Cape,7005741,1268,36,84254,2550
2020-07-18,South Africa,NA,Western Cape,7005741,1157,43,85411,2593
2020-07-19,South Africa,NA,Western Cape,7005741,515,26,85926,2619
2020-07-20,South Africa,NA,Western Cape,7005741,0,50,85926,2669
2020-07-21,South Africa,NA,Western Cape,7005741,557,48,86329,2717
2020-07-22,South Africa,NA,Western Cape,7005741,1518,35,87847,2752
2020-07-23,South Africa,NA,Western Cape,7005741,1081,28,88928,2780
2020-07-24,South Africa,NA,Western Cape,7005741,1083,47,90011,2827
2020-07-25,South Africa,NA,Western Cape,7005741,1022,18,91033,2845
2020-07-26,South Africa,NA,Western Cape,7005741,1046,30,92079,2875
2020-07-27,South Africa,NA,Western Cape,7005741,521,36,92600,2911
2020-07-28,South Africa,NA,Western Cape,7005741,383,49,92983,2960
2020-07-29,South Africa,NA,Western Cape,7005741,754,23,93737,2983
2020-07-30,South Africa,NA,Western Cape,7005741,703,34,94440,3017
2020-07-31,South Africa,NA,Western Cape,7005741,783,33,95223,3050
2020-08-01,South Africa,NA,Western Cape,7005741,966,24,96189,3074
2020-08-02,South Africa,NA,Western Cape,7005741,649,43,96838,3117
2020-08-03,South Africa,NA,Western Cape,7005741,238,31,97076,3148
2020-08-04,South Africa,NA,Western Cape,7005741,185,97,97261,3245
2020-08-05,South Africa,NA,Western Cape,7005741,770,34,98031,3279
2020-08-06,South Africa,NA,Western Cape,7005741,568,46,98599,3325
2020-08-07,South Africa,NA,Western Cape,7005741,428,29,99027,3354
2020-08-08,South Africa,NA,Western Cape,7005741,561,22,99588,3376
2020-08-09,South Africa,NA,Western Cape,7005741,371,23,99959,3399
2020-08-10,South Africa,NA,Western Cape,7005741,254,30,100213,3429
2020-08-11,South Africa,NA,Western Cape,7005741,103,25,100316,3454
2020-08-12,South Africa,NA,Western Cape,7005741,220,31,100536,3485
2020-08-13,South Africa,NA,Western Cape,7005741,440,21,100976,3506
2020-08-14,South Africa,NA,Western Cape,7005741,603,28,101579,3534
2020-08-15,South Africa,NA,Western Cape,7005741,410,26,101989,3560
2020-08-16,South Africa,NA,Western Cape,7005741,460,20,102449,3580
2020-08-17,South Africa,NA,Western Cape,7005741,160,32,102609,3612
2020-08-18,South Africa,NA,Western Cape,7005741,130,34,102739,3646
2020-08-19,South Africa,NA,Western Cape,7005741,471,29,103210,3675
2020-08-20,South Africa,NA,Western Cape,7005741,406,13,103616,3688
2020-08-21,South Africa,NA,Western Cape,7005741,326,25,103942,3713
2020-08-22,South Africa,NA,Western Cape,7005741,343,5,104285,3718
2020-08-23,South Africa,NA,Western Cape,7005741,303,8,104588,3726
2020-08-24,South Africa,NA,Western Cape,7005741,79,19,104667,3745
2020-08-25,South Africa,NA,Western Cape,7005741,114,18,104781,3763
2020-08-26,South Africa,NA,Western Cape,7005741,216,60,104997,3823
2020-08-27,South Africa,NA,Western Cape,7005741,276,20,105273,3843
2020-08-28,South Africa,NA,Western Cape,7005741,234,10,105507,3853
2020-08-29,South Africa,NA,Western Cape,7005741,169,9,105676,3862
2020-08-30,South Africa,NA,Western Cape,7005741,232,7,105908,3869
2020-08-31,South Africa,NA,Western Cape,7005741,113,24,106021,3893
2020-09-01,South Africa,NA,Western Cape,7005741,93,20,106114,3913
2020-09-02,South Africa,NA,Western Cape,7005741,239,16,106353,3929
2020-09-03,South Africa,NA,Western Cape,7005741,229,17,106582,3946
2020-09-04,South Africa,NA,Western Cape,7005741,205,4,106787,3950
2020-09-05,South Africa,NA,Western Cape,7005741,195,10,106982,3960
2020-09-06,South Africa,NA,Western Cape,7005741,205,1,107187,3961
2020-09-07,South Africa,NA,Western Cape,7005741,57,13,107244,3974
2020-09-08,South Africa,NA,Western Cape,7005741,87,20,107331,3994
2020-09-09,South Africa,NA,Western Cape,7005741,293,22,107624,4016
2020-09-10,South Africa,NA,Western Cape,7005741,243,6,107867,4022
2020-09-11,South Africa,NA,Western Cape,7005741,181,18,108048,4040
2020-09-12,South Africa,NA,Western Cape,7005741,231,13,108279,4053
2020-09-13,South Africa,NA,Western Cape,7005741,152,6,108431,4059
2020-09-14,South Africa,NA,Western Cape,7005741,55,7,108486,4066
2020-09-15,South Africa,NA,Western Cape,7005741,51,13,108537,4079
2020-02-14,Spain,NA,Andalucia,8427405,1,0,11,0
2020-02-15,Spain,NA,Andalucia,8427405,1,0,12,0
2020-02-16,Spain,NA,Andalucia,8427405,0,0,12,0
2020-02-17,Spain,NA,Andalucia,8427405,0,0,12,0
2020-02-18,Spain,NA,Andalucia,8427405,3,0,15,0
2020-02-19,Spain,NA,Andalucia,8427405,0,0,15,0
2020-02-20,Spain,NA,Andalucia,8427405,3,0,18,0
2020-02-21,Spain,NA,Andalucia,8427405,4,0,22,0
2020-02-22,Spain,NA,Andalucia,8427405,2,0,24,0
2020-02-23,Spain,NA,Andalucia,8427405,2,0,26,0
2020-02-24,Spain,NA,Andalucia,8427405,5,0,31,0
2020-02-25,Spain,NA,Andalucia,8427405,9,0,40,0
2020-02-26,Spain,NA,Andalucia,8427405,9,0,49,0
2020-02-27,Spain,NA,Andalucia,8427405,7,0,56,0
2020-02-28,Spain,NA,Andalucia,8427405,7,0,63,0
2020-02-29,Spain,NA,Andalucia,8427405,8,0,71,0
2020-03-01,Spain,NA,Andalucia,8427405,25,0,96,0
2020-03-02,Spain,NA,Andalucia,8427405,31,0,127,0
2020-03-03,Spain,NA,Andalucia,8427405,36,0,163,0
2020-03-04,Spain,NA,Andalucia,8427405,31,0,194,0
2020-03-05,Spain,NA,Andalucia,8427405,55,0,249,0
2020-03-06,Spain,NA,Andalucia,8427405,66,0,315,0
2020-03-07,Spain,NA,Andalucia,8427405,72,0,387,0
2020-03-08,Spain,NA,Andalucia,8427405,78,0,465,0
2020-03-09,Spain,NA,Andalucia,8427405,158,0,623,0
2020-03-10,Spain,NA,Andalucia,8427405,204,0,827,0
2020-03-11,Spain,NA,Andalucia,8427405,246,0,1073,0
2020-03-12,Spain,NA,Andalucia,8427405,301,0,1374,0
2020-03-13,Spain,NA,Andalucia,8427405,447,2,1821,2
2020-03-14,Spain,NA,Andalucia,8427405,392,5,2213,7
2020-03-15,Spain,NA,Andalucia,8427405,409,4,2622,11
2020-03-16,Spain,NA,Andalucia,8427405,536,5,3158,16
2020-03-17,Spain,NA,Andalucia,8427405,538,8,3696,24
2020-03-18,Spain,NA,Andalucia,8427405,493,5,4189,29
2020-03-19,Spain,NA,Andalucia,8427405,522,15,4711,44
2020-03-20,Spain,NA,Andalucia,8427405,748,14,5459,58
2020-03-21,Spain,NA,Andalucia,8427405,517,18,5976,76
2020-03-22,Spain,NA,Andalucia,8427405,489,28,6465,104
2020-03-23,Spain,NA,Andalucia,8427405,535,29,7000,133
2020-03-24,Spain,NA,Andalucia,8427405,463,36,7463,169
2020-03-25,Spain,NA,Andalucia,8427405,487,30,7950,199
2020-03-26,Spain,NA,Andalucia,8427405,435,45,8385,244
2020-03-27,Spain,NA,Andalucia,8427405,392,48,8777,292
2020-03-28,Spain,NA,Andalucia,8427405,296,27,9073,319
2020-03-29,Spain,NA,Andalucia,8427405,319,40,9392,359
2020-03-30,Spain,NA,Andalucia,8427405,302,52,9694,411
2020-03-31,Spain,NA,Andalucia,8427405,238,47,9932,458
2020-04-01,Spain,NA,Andalucia,8427405,323,43,10255,501
2020-04-02,Spain,NA,Andalucia,8427405,216,53,10471,554
2020-04-03,Spain,NA,Andalucia,8427405,172,43,10643,597
2020-04-04,Spain,NA,Andalucia,8427405,166,51,10809,648
2020-04-05,Spain,NA,Andalucia,8427405,160,40,10969,688
2020-04-06,Spain,NA,Andalucia,8427405,137,42,11106,730
2020-04-07,Spain,NA,Andalucia,8427405,163,38,11269,768
2020-04-08,Spain,NA,Andalucia,8427405,133,54,11402,822
2020-04-09,Spain,NA,Andalucia,8427405,85,32,11487,854
2020-04-10,Spain,NA,Andalucia,8427405,98,46,11585,900
2020-04-11,Spain,NA,Andalucia,8427405,94,22,11679,922
2020-04-12,Spain,NA,Andalucia,8427405,81,33,11760,955
2020-04-13,Spain,NA,Andalucia,8427405,70,21,11830,976
2020-04-14,Spain,NA,Andalucia,8427405,58,33,11888,1009
2020-04-15,Spain,NA,Andalucia,8427405,90,26,11978,1035
2020-04-16,Spain,NA,Andalucia,8427405,50,25,12028,1060
2020-04-17,Spain,NA,Andalucia,8427405,63,26,12091,1086
2020-04-18,Spain,NA,Andalucia,8427405,41,18,12132,1104
2020-04-19,Spain,NA,Andalucia,8427405,28,19,12160,1123
2020-04-20,Spain,NA,Andalucia,8427405,38,28,12198,1151
2020-04-21,Spain,NA,Andalucia,8427405,38,22,12236,1173
2020-04-22,Spain,NA,Andalucia,8427405,27,15,12263,1188
2020-04-23,Spain,NA,Andalucia,8427405,35,23,12298,1211
2020-04-24,Spain,NA,Andalucia,8427405,45,11,12343,1222
2020-04-25,Spain,NA,Andalucia,8427405,24,13,12367,1235
2020-04-26,Spain,NA,Andalucia,8427405,15,13,12382,1248
2020-04-27,Spain,NA,Andalucia,8427405,16,11,12398,1259
2020-04-28,Spain,NA,Andalucia,8427405,18,10,12416,1269
2020-04-29,Spain,NA,Andalucia,8427405,32,9,12448,1278
2020-04-30,Spain,NA,Andalucia,8427405,21,6,12469,1284
2020-05-01,Spain,NA,Andalucia,8427405,16,6,12485,1290
2020-05-02,Spain,NA,Andalucia,8427405,15,8,12500,1298
2020-05-03,Spain,NA,Andalucia,8427405,8,8,12508,1306
2020-05-04,Spain,NA,Andalucia,8427405,18,12,12526,1318
2020-05-05,Spain,NA,Andalucia,8427405,12,9,12538,1327
2020-05-06,Spain,NA,Andalucia,8427405,2,5,12540,1332
2020-05-07,Spain,NA,Andalucia,8427405,3,7,12543,1339
2020-05-08,Spain,NA,Andalucia,8427405,7,2,12550,1341
2020-05-09,Spain,NA,Andalucia,8427405,3,7,12553,1348
2020-05-10,Spain,NA,Andalucia,8427405,5,4,12558,1352
2020-05-11,Spain,NA,Andalucia,8427405,17,5,12575,1357
2020-05-12,Spain,NA,Andalucia,8427405,20,3,12595,1360
2020-05-13,Spain,NA,Andalucia,8427405,13,7,12608,1367
2020-05-14,Spain,NA,Andalucia,8427405,11,8,12619,1375
2020-05-15,Spain,NA,Andalucia,8427405,13,4,12632,1379
2020-05-16,Spain,NA,Andalucia,8427405,3,3,12635,1382
2020-05-17,Spain,NA,Andalucia,8427405,5,2,12640,1384
2020-05-18,Spain,NA,Andalucia,8427405,11,4,12651,1388
2020-05-19,Spain,NA,Andalucia,8427405,11,2,12662,1390
2020-05-20,Spain,NA,Andalucia,8427405,13,0,12675,1390
2020-05-21,Spain,NA,Andalucia,8427405,9,3,12684,1393
2020-05-22,Spain,NA,Andalucia,8427405,5,6,12689,1399
2020-05-23,Spain,NA,Andalucia,8427405,7,2,12696,1401
2020-05-24,Spain,NA,Andalucia,8427405,3,4,12699,1405
2020-05-25,Spain,NA,Andalucia,8427405,8,3,12707,1408
2020-05-26,Spain,NA,Andalucia,8427405,8,3,12715,1411
2020-05-27,Spain,NA,Andalucia,8427405,11,0,12726,1411
2020-05-28,Spain,NA,Andalucia,8427405,7,2,12733,1413
2020-05-29,Spain,NA,Andalucia,8427405,12,0,12745,1413
2020-05-30,Spain,NA,Andalucia,8427405,13,2,12758,1415
2020-05-31,Spain,NA,Andalucia,8427405,9,0,12767,1415
2020-06-01,Spain,NA,Andalucia,8427405,19,0,12786,1415
2020-06-02,Spain,NA,Andalucia,8427405,6,0,12792,1415
2020-06-03,Spain,NA,Andalucia,8427405,15,1,12807,1416
2020-06-04,Spain,NA,Andalucia,8427405,5,0,12812,1416
2020-06-05,Spain,NA,Andalucia,8427405,12,0,12824,1416
2020-06-06,Spain,NA,Andalucia,8427405,5,2,12829,1418
2020-06-07,Spain,NA,Andalucia,8427405,2,0,12831,1418
2020-06-08,Spain,NA,Andalucia,8427405,6,0,12837,1418
2020-06-09,Spain,NA,Andalucia,8427405,8,0,12845,1418
2020-06-10,Spain,NA,Andalucia,8427405,6,2,12851,1420
2020-06-11,Spain,NA,Andalucia,8427405,3,0,12854,1420
2020-06-12,Spain,NA,Andalucia,8427405,4,1,12858,1421
2020-06-13,Spain,NA,Andalucia,8427405,4,0,12862,1421
2020-06-14,Spain,NA,Andalucia,8427405,4,0,12866,1421
2020-06-15,Spain,NA,Andalucia,8427405,7,0,12873,1421
2020-06-16,Spain,NA,Andalucia,8427405,9,0,12882,1421
2020-06-17,Spain,NA,Andalucia,8427405,10,2,12892,1423
2020-06-18,Spain,NA,Andalucia,8427405,25,0,12917,1423
2020-06-19,Spain,NA,Andalucia,8427405,11,0,12928,1423
2020-06-20,Spain,NA,Andalucia,8427405,15,0,12943,1423
2020-06-21,Spain,NA,Andalucia,8427405,10,0,12953,1423
2020-06-22,Spain,NA,Andalucia,8427405,17,0,12970,1423
2020-06-23,Spain,NA,Andalucia,8427405,13,0,12983,1423
2020-06-24,Spain,NA,Andalucia,8427405,96,0,13079,1423
2020-06-25,Spain,NA,Andalucia,8427405,22,0,13101,1423
2020-06-26,Spain,NA,Andalucia,8427405,19,1,13120,1424
2020-06-27,Spain,NA,Andalucia,8427405,15,0,13135,1424
2020-06-28,Spain,NA,Andalucia,8427405,27,0,13162,1424
2020-06-29,Spain,NA,Andalucia,8427405,22,1,13184,1425
2020-06-30,Spain,NA,Andalucia,8427405,25,0,13209,1425
2020-07-01,Spain,NA,Andalucia,8427405,23,0,13232,1425
2020-07-02,Spain,NA,Andalucia,8427405,14,0,13246,1425
2020-07-03,Spain,NA,Andalucia,8427405,27,0,13273,1425
2020-07-04,Spain,NA,Andalucia,8427405,25,0,13298,1425
2020-07-05,Spain,NA,Andalucia,8427405,16,0,13314,1425
2020-07-06,Spain,NA,Andalucia,8427405,22,1,13336,1426
2020-07-07,Spain,NA,Andalucia,8427405,32,0,13368,1426
2020-07-08,Spain,NA,Andalucia,8427405,56,1,13424,1427
2020-07-09,Spain,NA,Andalucia,8427405,36,0,13460,1427
2020-07-10,Spain,NA,Andalucia,8427405,59,0,13519,1427
2020-07-11,Spain,NA,Andalucia,8427405,51,0,13570,1427
2020-07-12,Spain,NA,Andalucia,8427405,32,0,13602,1427
2020-07-13,Spain,NA,Andalucia,8427405,48,0,13650,1427
2020-07-14,Spain,NA,Andalucia,8427405,95,1,13745,1428
2020-07-15,Spain,NA,Andalucia,8427405,64,0,13809,1428
2020-07-16,Spain,NA,Andalucia,8427405,75,0,13884,1428
2020-07-17,Spain,NA,Andalucia,8427405,96,0,13980,1428
2020-07-18,Spain,NA,Andalucia,8427405,86,0,14066,1428
2020-07-19,Spain,NA,Andalucia,8427405,114,0,14180,1428
2020-07-20,Spain,NA,Andalucia,8427405,119,0,14299,1428
2020-07-21,Spain,NA,Andalucia,8427405,74,0,14373,1428
2020-07-22,Spain,NA,Andalucia,8427405,77,0,14450,1428
2020-07-23,Spain,NA,Andalucia,8427405,114,0,14564,1428
2020-07-24,Spain,NA,Andalucia,8427405,128,1,14692,1429
2020-07-25,Spain,NA,Andalucia,8427405,112,1,14804,1430
2020-07-26,Spain,NA,Andalucia,8427405,102,0,14906,1430
2020-07-27,Spain,NA,Andalucia,8427405,142,0,15048,1430
2020-07-28,Spain,NA,Andalucia,8427405,141,0,15189,1430
2020-07-29,Spain,NA,Andalucia,8427405,149,0,15338,1430
2020-07-30,Spain,NA,Andalucia,8427405,203,0,15541,1430
2020-07-31,Spain,NA,Andalucia,8427405,259,0,15800,1430
2020-08-01,Spain,NA,Andalucia,8427405,246,0,16046,1430
2020-08-02,Spain,NA,Andalucia,8427405,213,1,16259,1431
2020-08-03,Spain,NA,Andalucia,8427405,285,1,16544,1432
2020-08-04,Spain,NA,Andalucia,8427405,276,0,16820,1432
2020-08-05,Spain,NA,Andalucia,8427405,351,1,17171,1433
2020-08-06,Spain,NA,Andalucia,8427405,366,2,17537,1435
2020-08-07,Spain,NA,Andalucia,8427405,444,1,17981,1436
2020-08-08,Spain,NA,Andalucia,8427405,360,2,18341,1438
2020-08-09,Spain,NA,Andalucia,8427405,297,0,18638,1438
2020-08-10,Spain,NA,Andalucia,8427405,440,0,19078,1438
2020-08-11,Spain,NA,Andalucia,8427405,478,1,19556,1439
2020-08-12,Spain,NA,Andalucia,8427405,569,1,20125,1440
2020-08-13,Spain,NA,Andalucia,8427405,613,1,20738,1441
2020-08-14,Spain,NA,Andalucia,8427405,704,0,21442,1441
2020-08-15,Spain,NA,Andalucia,8427405,634,4,22076,1445
2020-08-16,Spain,NA,Andalucia,8427405,559,2,22635,1447
2020-08-17,Spain,NA,Andalucia,8427405,706,3,23341,1450
2020-08-18,Spain,NA,Andalucia,8427405,745,2,24086,1452
2020-08-19,Spain,NA,Andalucia,8427405,679,2,24765,1454
2020-08-20,Spain,NA,Andalucia,8427405,765,1,25530,1455
2020-08-21,Spain,NA,Andalucia,8427405,829,1,26359,1456
2020-08-22,Spain,NA,Andalucia,8427405,777,2,27136,1458
2020-08-23,Spain,NA,Andalucia,8427405,691,5,27827,1463
2020-08-24,Spain,NA,Andalucia,8427405,776,6,28603,1469
2020-08-25,Spain,NA,Andalucia,8427405,791,1,29394,1470
2020-08-26,Spain,NA,Andalucia,8427405,920,4,30314,1474
2020-08-27,Spain,NA,Andalucia,8427405,931,3,31245,1477
2020-08-28,Spain,NA,Andalucia,8427405,871,4,32116,1481
2020-08-29,Spain,NA,Andalucia,8427405,789,3,32905,1484
2020-08-30,Spain,NA,Andalucia,8427405,730,6,33635,1490
2020-08-31,Spain,NA,Andalucia,8427405,851,7,34486,1497
2020-09-01,Spain,NA,Andalucia,8427405,921,5,35407,1502
2020-09-02,Spain,NA,Andalucia,8427405,799,11,36206,1513
2020-09-03,Spain,NA,Andalucia,8427405,670,3,36876,1516
2020-09-04,Spain,NA,Andalucia,8427405,951,7,37827,1523
2020-09-05,Spain,NA,Andalucia,8427405,764,9,38591,1532
2020-09-06,Spain,NA,Andalucia,8427405,579,9,39170,1541
2020-09-07,Spain,NA,Andalucia,8427405,517,4,39687,1545
2020-09-08,Spain,NA,Andalucia,8427405,686,7,40373,1552
2020-09-09,Spain,NA,Andalucia,8427405,662,10,41035,1562
2020-09-10,Spain,NA,Andalucia,8427405,603,8,41638,1570
2020-09-11,Spain,NA,Andalucia,8427405,607,7,42245,1577
2020-09-12,Spain,NA,Andalucia,8427405,234,6,42479,1583
2020-09-13,Spain,NA,Andalucia,8427405,125,4,42604,1587
2020-02-22,Spain,NA,Aragon,1324397,3,0,11,0
2020-02-23,Spain,NA,Aragon,1324397,1,0,12,0
2020-02-24,Spain,NA,Aragon,1324397,1,0,13,0
2020-02-25,Spain,NA,Aragon,1324397,2,0,15,0
2020-02-26,Spain,NA,Aragon,1324397,2,0,17,0
2020-02-27,Spain,NA,Aragon,1324397,0,0,17,0
2020-02-28,Spain,NA,Aragon,1324397,3,0,20,0
2020-02-29,Spain,NA,Aragon,1324397,6,0,26,0
2020-03-01,Spain,NA,Aragon,1324397,8,0,34,0
2020-03-02,Spain,NA,Aragon,1324397,14,0,48,0
2020-03-03,Spain,NA,Aragon,1324397,8,0,56,0
2020-03-04,Spain,NA,Aragon,1324397,14,0,70,0
2020-03-05,Spain,NA,Aragon,1324397,11,0,81,0
2020-03-06,Spain,NA,Aragon,1324397,15,0,96,0
2020-03-07,Spain,NA,Aragon,1324397,22,0,118,0
2020-03-08,Spain,NA,Aragon,1324397,35,2,153,2
2020-03-09,Spain,NA,Aragon,1324397,36,2,189,4
2020-03-10,Spain,NA,Aragon,1324397,52,1,241,5
2020-03-11,Spain,NA,Aragon,1324397,66,0,307,5
2020-03-12,Spain,NA,Aragon,1324397,80,3,387,8
2020-03-13,Spain,NA,Aragon,1324397,115,0,502,8
2020-03-14,Spain,NA,Aragon,1324397,107,1,609,9
2020-03-15,Spain,NA,Aragon,1324397,127,1,736,10
2020-03-16,Spain,NA,Aragon,1324397,163,4,899,14
2020-03-17,Spain,NA,Aragon,1324397,157,0,1056,14
2020-03-18,Spain,NA,Aragon,1324397,168,3,1224,17
2020-03-19,Spain,NA,Aragon,1324397,168,6,1392,23
2020-03-20,Spain,NA,Aragon,1324397,241,5,1633,28
2020-03-21,Spain,NA,Aragon,1324397,177,4,1810,32
2020-03-22,Spain,NA,Aragon,1324397,164,11,1974,43
2020-03-23,Spain,NA,Aragon,1324397,265,11,2239,54
2020-03-24,Spain,NA,Aragon,1324397,192,10,2431,64
2020-03-25,Spain,NA,Aragon,1324397,188,24,2619,88
2020-03-26,Spain,NA,Aragon,1324397,166,19,2785,107
2020-03-27,Spain,NA,Aragon,1324397,212,10,2997,117
2020-03-28,Spain,NA,Aragon,1324397,147,15,3144,132
2020-03-29,Spain,NA,Aragon,1324397,136,19,3280,151
2020-03-30,Spain,NA,Aragon,1324397,131,31,3411,182
2020-03-31,Spain,NA,Aragon,1324397,116,27,3527,209
2020-04-01,Spain,NA,Aragon,1324397,156,29,3683,238
2020-04-02,Spain,NA,Aragon,1324397,127,22,3810,260
2020-04-03,Spain,NA,Aragon,1324397,108,29,3918,289
2020-04-04,Spain,NA,Aragon,1324397,94,20,4012,309
2020-04-05,Spain,NA,Aragon,1324397,94,29,4106,338
2020-04-06,Spain,NA,Aragon,1324397,125,36,4231,374
2020-04-07,Spain,NA,Aragon,1324397,108,31,4339,405
2020-04-08,Spain,NA,Aragon,1324397,110,24,4449,429
2020-04-09,Spain,NA,Aragon,1324397,89,23,4538,452
2020-04-10,Spain,NA,Aragon,1324397,73,32,4611,484
2020-04-11,Spain,NA,Aragon,1324397,57,33,4668,517
2020-04-12,Spain,NA,Aragon,1324397,51,20,4719,537
2020-04-13,Spain,NA,Aragon,1324397,71,22,4790,559
2020-04-14,Spain,NA,Aragon,1324397,44,29,4834,588
2020-04-15,Spain,NA,Aragon,1324397,64,16,4898,604
2020-04-16,Spain,NA,Aragon,1324397,55,17,4953,621
2020-04-17,Spain,NA,Aragon,1324397,53,19,5006,640
2020-04-18,Spain,NA,Aragon,1324397,55,17,5061,657
2020-04-19,Spain,NA,Aragon,1324397,35,10,5096,667
2020-04-20,Spain,NA,Aragon,1324397,30,13,5126,680
2020-04-21,Spain,NA,Aragon,1324397,37,25,5163,705
2020-04-22,Spain,NA,Aragon,1324397,57,12,5220,717
2020-04-23,Spain,NA,Aragon,1324397,22,12,5242,729
2020-04-24,Spain,NA,Aragon,1324397,20,14,5262,743
2020-04-25,Spain,NA,Aragon,1324397,19,10,5281,753
2020-04-26,Spain,NA,Aragon,1324397,16,9,5297,762
2020-04-27,Spain,NA,Aragon,1324397,23,10,5320,772
2020-04-28,Spain,NA,Aragon,1324397,29,7,5349,779
2020-04-29,Spain,NA,Aragon,1324397,23,14,5372,793
2020-04-30,Spain,NA,Aragon,1324397,26,5,5398,798
2020-05-01,Spain,NA,Aragon,1324397,15,1,5413,799
2020-05-02,Spain,NA,Aragon,1324397,16,6,5429,805
2020-05-03,Spain,NA,Aragon,1324397,16,6,5445,811
2020-05-04,Spain,NA,Aragon,1324397,34,10,5479,821
2020-05-05,Spain,NA,Aragon,1324397,6,5,5485,826
2020-05-06,Spain,NA,Aragon,1324397,6,5,5491,831
2020-05-07,Spain,NA,Aragon,1324397,19,10,5510,841
2020-05-08,Spain,NA,Aragon,1324397,12,3,5522,844
2020-05-09,Spain,NA,Aragon,1324397,4,6,5526,850
2020-05-10,Spain,NA,Aragon,1324397,7,3,5533,853
2020-05-11,Spain,NA,Aragon,1324397,5,4,5538,857
2020-05-12,Spain,NA,Aragon,1324397,17,4,5555,861
2020-05-13,Spain,NA,Aragon,1324397,21,5,5576,866
2020-05-14,Spain,NA,Aragon,1324397,23,2,5599,868
2020-05-15,Spain,NA,Aragon,1324397,16,4,5615,872
2020-05-16,Spain,NA,Aragon,1324397,7,1,5622,873
2020-05-17,Spain,NA,Aragon,1324397,8,3,5630,876
2020-05-18,Spain,NA,Aragon,1324397,17,1,5647,877
2020-05-19,Spain,NA,Aragon,1324397,23,2,5670,879
2020-05-20,Spain,NA,Aragon,1324397,13,2,5683,881
2020-05-21,Spain,NA,Aragon,1324397,11,1,5694,882
2020-05-22,Spain,NA,Aragon,1324397,13,0,5707,882
2020-05-23,Spain,NA,Aragon,1324397,11,1,5718,883
2020-05-24,Spain,NA,Aragon,1324397,6,0,5724,883
2020-05-25,Spain,NA,Aragon,1324397,12,4,5736,887
2020-05-26,Spain,NA,Aragon,1324397,12,1,5748,888
2020-05-27,Spain,NA,Aragon,1324397,14,2,5762,890
2020-05-28,Spain,NA,Aragon,1324397,9,2,5771,892
2020-05-29,Spain,NA,Aragon,1324397,11,1,5782,893
2020-05-30,Spain,NA,Aragon,1324397,5,0,5787,893
2020-05-31,Spain,NA,Aragon,1324397,8,2,5795,895
2020-06-01,Spain,NA,Aragon,1324397,8,3,5803,898
2020-06-02,Spain,NA,Aragon,1324397,17,2,5820,900
2020-06-03,Spain,NA,Aragon,1324397,7,0,5827,900
2020-06-04,Spain,NA,Aragon,1324397,9,2,5836,902
2020-06-05,Spain,NA,Aragon,1324397,6,1,5842,903
2020-06-06,Spain,NA,Aragon,1324397,6,1,5848,904
2020-06-07,Spain,NA,Aragon,1324397,4,0,5852,904
2020-06-08,Spain,NA,Aragon,1324397,6,0,5858,904
2020-06-09,Spain,NA,Aragon,1324397,12,0,5870,904
2020-06-10,Spain,NA,Aragon,1324397,2,1,5872,905
2020-06-11,Spain,NA,Aragon,1324397,6,0,5878,905
2020-06-12,Spain,NA,Aragon,1324397,4,0,5882,905
2020-06-13,Spain,NA,Aragon,1324397,3,0,5885,905
2020-06-14,Spain,NA,Aragon,1324397,2,0,5887,905
2020-06-15,Spain,NA,Aragon,1324397,7,0,5894,905
2020-06-16,Spain,NA,Aragon,1324397,11,1,5905,906
2020-06-17,Spain,NA,Aragon,1324397,7,1,5912,907
2020-06-18,Spain,NA,Aragon,1324397,17,1,5929,908
2020-06-19,Spain,NA,Aragon,1324397,25,0,5954,908
2020-06-20,Spain,NA,Aragon,1324397,29,0,5983,908
2020-06-21,Spain,NA,Aragon,1324397,40,0,6023,908
2020-06-22,Spain,NA,Aragon,1324397,57,0,6080,908
2020-06-23,Spain,NA,Aragon,1324397,48,0,6128,908
2020-06-24,Spain,NA,Aragon,1324397,62,0,6190,908
2020-06-25,Spain,NA,Aragon,1324397,47,0,6237,908
2020-06-26,Spain,NA,Aragon,1324397,21,0,6258,908
2020-06-27,Spain,NA,Aragon,1324397,53,0,6311,908
2020-06-28,Spain,NA,Aragon,1324397,17,1,6328,909
2020-06-29,Spain,NA,Aragon,1324397,24,0,6352,909
2020-06-30,Spain,NA,Aragon,1324397,37,0,6389,909
2020-07-01,Spain,NA,Aragon,1324397,36,0,6425,909
2020-07-02,Spain,NA,Aragon,1324397,22,0,6447,909
2020-07-03,Spain,NA,Aragon,1324397,44,3,6491,912
2020-07-04,Spain,NA,Aragon,1324397,32,0,6523,912
2020-07-05,Spain,NA,Aragon,1324397,37,0,6560,912
2020-07-06,Spain,NA,Aragon,1324397,76,1,6636,913
2020-07-07,Spain,NA,Aragon,1324397,88,0,6724,913
2020-07-08,Spain,NA,Aragon,1324397,76,1,6800,914
2020-07-09,Spain,NA,Aragon,1324397,87,0,6887,914
2020-07-10,Spain,NA,Aragon,1324397,125,0,7012,914
2020-07-11,Spain,NA,Aragon,1324397,154,0,7166,914
2020-07-12,Spain,NA,Aragon,1324397,128,0,7294,914
2020-07-13,Spain,NA,Aragon,1324397,228,0,7522,914
2020-07-14,Spain,NA,Aragon,1324397,289,0,7811,914
2020-07-15,Spain,NA,Aragon,1324397,359,0,8170,914
2020-07-16,Spain,NA,Aragon,1324397,293,0,8463,914
2020-07-17,Spain,NA,Aragon,1324397,397,0,8860,914
2020-07-18,Spain,NA,Aragon,1324397,340,0,9200,914
2020-07-19,Spain,NA,Aragon,1324397,333,2,9533,916
2020-07-20,Spain,NA,Aragon,1324397,420,1,9953,917
2020-07-21,Spain,NA,Aragon,1324397,454,1,10407,918
2020-07-22,Spain,NA,Aragon,1324397,460,0,10867,918
2020-07-23,Spain,NA,Aragon,1324397,382,0,11249,918
2020-07-24,Spain,NA,Aragon,1324397,436,0,11685,918
2020-07-25,Spain,NA,Aragon,1324397,378,2,12063,920
2020-07-26,Spain,NA,Aragon,1324397,385,2,12448,922
2020-07-27,Spain,NA,Aragon,1324397,575,0,13023,922
2020-07-28,Spain,NA,Aragon,1324397,516,8,13539,930
2020-07-29,Spain,NA,Aragon,1324397,539,3,14078,933
2020-07-30,Spain,NA,Aragon,1324397,485,3,14563,936
2020-07-31,Spain,NA,Aragon,1324397,500,7,15063,943
2020-08-01,Spain,NA,Aragon,1324397,828,2,15891,945
2020-08-02,Spain,NA,Aragon,1324397,440,3,16331,948
2020-08-03,Spain,NA,Aragon,1324397,449,6,16780,954
2020-08-04,Spain,NA,Aragon,1324397,516,9,17296,963
2020-08-05,Spain,NA,Aragon,1324397,413,4,17709,967
2020-08-06,Spain,NA,Aragon,1324397,498,8,18207,975
2020-08-07,Spain,NA,Aragon,1324397,538,9,18745,984
2020-08-08,Spain,NA,Aragon,1324397,489,17,19234,1001
2020-08-09,Spain,NA,Aragon,1324397,276,5,19510,1006
2020-08-10,Spain,NA,Aragon,1324397,525,9,20035,1015
2020-08-11,Spain,NA,Aragon,1324397,335,12,20370,1027
2020-08-12,Spain,NA,Aragon,1324397,393,13,20763,1040
2020-08-13,Spain,NA,Aragon,1324397,374,6,21137,1046
2020-08-14,Spain,NA,Aragon,1324397,355,11,21492,1057
2020-08-15,Spain,NA,Aragon,1324397,253,5,21745,1062
2020-08-16,Spain,NA,Aragon,1324397,223,5,21968,1067
2020-08-17,Spain,NA,Aragon,1324397,220,8,22188,1075
2020-08-18,Spain,NA,Aragon,1324397,8,17,22196,1092
2020-08-19,Spain,NA,Aragon,1324397,9,15,22205,1107
2020-08-20,Spain,NA,Aragon,1324397,14,6,22219,1113
2020-08-21,Spain,NA,Aragon,1324397,20,12,22239,1125
2020-08-22,Spain,NA,Aragon,1324397,20,9,22259,1134
2020-08-23,Spain,NA,Aragon,1324397,37,12,22296,1146
2020-08-24,Spain,NA,Aragon,1324397,35,3,22331,1149
2020-08-25,Spain,NA,Aragon,1324397,21,9,22352,1158
2020-08-26,Spain,NA,Aragon,1324397,141,2,22493,1160
2020-08-27,Spain,NA,Aragon,1324397,19,10,22512,1170
2020-08-28,Spain,NA,Aragon,1324397,14,3,22526,1173
2020-08-29,Spain,NA,Aragon,1324397,11,1,22537,1174
2020-08-30,Spain,NA,Aragon,1324397,5,6,22542,1180
2020-08-31,Spain,NA,Aragon,1324397,11,7,22553,1187
2020-09-01,Spain,NA,Aragon,1324397,0,12,22553,1199
2020-09-02,Spain,NA,Aragon,1324397,1,1,22554,1200
2020-03-03,Spain,NA,Asturias,1022205,2,0,12,0
2020-03-04,Spain,NA,Asturias,1022205,2,0,14,0
2020-03-05,Spain,NA,Asturias,1022205,5,0,19,0
2020-03-06,Spain,NA,Asturias,1022205,12,0,31,0
2020-03-07,Spain,NA,Asturias,1022205,12,0,43,0
2020-03-08,Spain,NA,Asturias,1022205,14,0,57,0
2020-03-09,Spain,NA,Asturias,1022205,32,0,89,0
2020-03-10,Spain,NA,Asturias,1022205,52,0,141,0
2020-03-11,Spain,NA,Asturias,1022205,43,0,184,0
2020-03-12,Spain,NA,Asturias,1022205,57,1,241,1
2020-03-13,Spain,NA,Asturias,1022205,70,0,311,1
2020-03-14,Spain,NA,Asturias,1022205,81,0,392,1
2020-03-15,Spain,NA,Asturias,1022205,89,0,481,1
2020-03-16,Spain,NA,Asturias,1022205,106,0,587,1
2020-03-17,Spain,NA,Asturias,1022205,80,0,667,1
2020-03-18,Spain,NA,Asturias,1022205,91,0,758,1
2020-03-19,Spain,NA,Asturias,1022205,101,2,859,3
2020-03-20,Spain,NA,Asturias,1022205,83,3,942,6
2020-03-21,Spain,NA,Asturias,1022205,68,5,1010,11
2020-03-22,Spain,NA,Asturias,1022205,75,10,1085,21
2020-03-23,Spain,NA,Asturias,1022205,70,4,1155,25
2020-03-24,Spain,NA,Asturias,1022205,58,3,1213,28
2020-03-25,Spain,NA,Asturias,1022205,57,0,1270,28
2020-03-26,Spain,NA,Asturias,1022205,77,10,1347,38
2020-03-27,Spain,NA,Asturias,1022205,70,5,1417,43
2020-03-28,Spain,NA,Asturias,1022205,53,3,1470,46
2020-03-29,Spain,NA,Asturias,1022205,40,12,1510,58
2020-03-30,Spain,NA,Asturias,1022205,45,7,1555,65
2020-03-31,Spain,NA,Asturias,1022205,42,9,1597,74
2020-04-01,Spain,NA,Asturias,1022205,29,1,1626,75
2020-04-02,Spain,NA,Asturias,1022205,54,4,1680,79
2020-04-03,Spain,NA,Asturias,1022205,38,3,1718,82
2020-04-04,Spain,NA,Asturias,1022205,45,4,1763,86
2020-04-05,Spain,NA,Asturias,1022205,43,6,1806,92
2020-04-06,Spain,NA,Asturias,1022205,41,8,1847,100
2020-04-07,Spain,NA,Asturias,1022205,45,6,1892,106
2020-04-08,Spain,NA,Asturias,1022205,48,6,1940,112
2020-04-09,Spain,NA,Asturias,1022205,43,16,1983,128
2020-04-10,Spain,NA,Asturias,1022205,57,5,2040,133
2020-04-11,Spain,NA,Asturias,1022205,53,16,2093,149
2020-04-12,Spain,NA,Asturias,1022205,23,7,2116,156
2020-04-13,Spain,NA,Asturias,1022205,32,8,2148,164
2020-04-14,Spain,NA,Asturias,1022205,30,8,2178,172
2020-04-15,Spain,NA,Asturias,1022205,40,4,2218,176
2020-04-16,Spain,NA,Asturias,1022205,12,10,2230,186
2020-04-17,Spain,NA,Asturias,1022205,12,4,2242,190
2020-04-18,Spain,NA,Asturias,1022205,9,7,2251,197
2020-04-19,Spain,NA,Asturias,1022205,6,2,2257,199
2020-04-20,Spain,NA,Asturias,1022205,7,4,2264,203
2020-04-21,Spain,NA,Asturias,1022205,16,8,2280,211
2020-04-22,Spain,NA,Asturias,1022205,8,11,2288,222
2020-04-23,Spain,NA,Asturias,1022205,9,6,2297,228
2020-04-24,Spain,NA,Asturias,1022205,17,7,2314,235
2020-04-25,Spain,NA,Asturias,1022205,3,8,2317,243
2020-04-26,Spain,NA,Asturias,1022205,5,5,2322,248
2020-04-27,Spain,NA,Asturias,1022205,5,4,2327,252
2020-04-28,Spain,NA,Asturias,1022205,10,7,2337,259
2020-04-29,Spain,NA,Asturias,1022205,3,4,2340,263
2020-04-30,Spain,NA,Asturias,1022205,10,1,2350,264
2020-05-01,Spain,NA,Asturias,1022205,2,6,2352,270
2020-05-02,Spain,NA,Asturias,1022205,3,0,2355,270
2020-05-03,Spain,NA,Asturias,1022205,3,4,2358,274
2020-05-04,Spain,NA,Asturias,1022205,4,1,2362,275
2020-05-05,Spain,NA,Asturias,1022205,4,3,2366,278
2020-05-06,Spain,NA,Asturias,1022205,4,1,2370,279
2020-05-07,Spain,NA,Asturias,1022205,3,1,2373,280
2020-05-08,Spain,NA,Asturias,1022205,3,0,2376,280
2020-05-09,Spain,NA,Asturias,1022205,3,3,2379,283
2020-05-10,Spain,NA,Asturias,1022205,1,5,2380,288
2020-05-11,Spain,NA,Asturias,1022205,4,3,2384,291
2020-05-12,Spain,NA,Asturias,1022205,0,2,2384,293
2020-05-13,Spain,NA,Asturias,1022205,2,1,2386,294
2020-05-14,Spain,NA,Asturias,1022205,2,5,2388,299
2020-05-15,Spain,NA,Asturias,1022205,4,1,2392,300
2020-05-16,Spain,NA,Asturias,1022205,1,0,2393,300
2020-05-17,Spain,NA,Asturias,1022205,4,3,2397,303
2020-05-18,Spain,NA,Asturias,1022205,0,2,2397,305
2020-05-19,Spain,NA,Asturias,1022205,0,2,2397,307
2020-05-20,Spain,NA,Asturias,1022205,1,2,2398,309
2020-05-21,Spain,NA,Asturias,1022205,1,1,2399,310
2020-05-22,Spain,NA,Asturias,1022205,1,0,2400,310
2020-05-23,Spain,NA,Asturias,1022205,1,1,2401,311
2020-05-24,Spain,NA,Asturias,1022205,2,0,2403,311
2020-05-25,Spain,NA,Asturias,1022205,1,0,2404,311
2020-05-26,Spain,NA,Asturias,1022205,2,1,2406,312
2020-05-27,Spain,NA,Asturias,1022205,0,1,2406,313
2020-05-28,Spain,NA,Asturias,1022205,0,0,2406,313
2020-05-29,Spain,NA,Asturias,1022205,13,0,2419,313
2020-05-30,Spain,NA,Asturias,1022205,4,7,2423,320
2020-05-31,Spain,NA,Asturias,1022205,3,1,2426,321
2020-06-01,Spain,NA,Asturias,1022205,0,0,2426,321
2020-06-02,Spain,NA,Asturias,1022205,0,0,2426,321
2020-06-03,Spain,NA,Asturias,1022205,1,1,2427,322
2020-06-04,Spain,NA,Asturias,1022205,0,2,2427,324
2020-06-05,Spain,NA,Asturias,1022205,2,2,2429,326
2020-06-06,Spain,NA,Asturias,1022205,2,2,2431,328
2020-06-07,Spain,NA,Asturias,1022205,1,1,2432,329
2020-06-08,Spain,NA,Asturias,1022205,0,0,2432,329
2020-06-09,Spain,NA,Asturias,1022205,0,1,2432,330
2020-06-10,Spain,NA,Asturias,1022205,0,1,2432,331
2020-06-11,Spain,NA,Asturias,1022205,3,1,2435,332
2020-06-12,Spain,NA,Asturias,1022205,0,0,2435,332
2020-06-13,Spain,NA,Asturias,1022205,0,0,2435,332
2020-06-14,Spain,NA,Asturias,1022205,0,0,2435,332
2020-06-15,Spain,NA,Asturias,1022205,0,0,2435,332
2020-06-16,Spain,NA,Asturias,1022205,0,1,2435,333
2020-06-17,Spain,NA,Asturias,1022205,0,0,2435,333
2020-06-18,Spain,NA,Asturias,1022205,0,0,2435,333
2020-06-19,Spain,NA,Asturias,1022205,0,0,2435,333
2020-06-20,Spain,NA,Asturias,1022205,0,0,2435,333
2020-06-21,Spain,NA,Asturias,1022205,0,1,2435,334
2020-06-22,Spain,NA,Asturias,1022205,0,0,2435,334
2020-06-23,Spain,NA,Asturias,1022205,0,0,2435,334
2020-06-24,Spain,NA,Asturias,1022205,0,0,2435,334
2020-06-25,Spain,NA,Asturias,1022205,0,0,2435,334
2020-06-26,Spain,NA,Asturias,1022205,0,0,2435,334
2020-06-27,Spain,NA,Asturias,1022205,0,0,2435,334
2020-06-28,Spain,NA,Asturias,1022205,0,0,2435,334
2020-06-29,Spain,NA,Asturias,1022205,1,0,2436,334
2020-06-30,Spain,NA,Asturias,1022205,0,0,2436,334
2020-07-01,Spain,NA,Asturias,1022205,1,0,2437,334
2020-07-02,Spain,NA,Asturias,1022205,0,0,2437,334
2020-07-03,Spain,NA,Asturias,1022205,0,0,2437,334
2020-07-04,Spain,NA,Asturias,1022205,0,0,2437,334
2020-07-05,Spain,NA,Asturias,1022205,0,0,2437,334
2020-07-06,Spain,NA,Asturias,1022205,0,0,2437,334
2020-07-07,Spain,NA,Asturias,1022205,0,0,2437,334
2020-07-08,Spain,NA,Asturias,1022205,2,0,2439,334
2020-07-09,Spain,NA,Asturias,1022205,0,0,2439,334
2020-07-10,Spain,NA,Asturias,1022205,2,0,2441,334
2020-07-11,Spain,NA,Asturias,1022205,3,0,2444,334
2020-07-12,Spain,NA,Asturias,1022205,0,0,2444,334
2020-07-13,Spain,NA,Asturias,1022205,0,0,2444,334
2020-07-14,Spain,NA,Asturias,1022205,2,0,2446,334
2020-07-15,Spain,NA,Asturias,1022205,2,0,2448,334
2020-07-16,Spain,NA,Asturias,1022205,1,0,2449,334
2020-07-17,Spain,NA,Asturias,1022205,1,0,2450,334
2020-07-18,Spain,NA,Asturias,1022205,1,0,2451,334
2020-07-19,Spain,NA,Asturias,1022205,2,0,2453,334
2020-07-20,Spain,NA,Asturias,1022205,1,0,2454,334
2020-07-21,Spain,NA,Asturias,1022205,2,0,2456,334
2020-07-22,Spain,NA,Asturias,1022205,2,0,2458,334
2020-07-23,Spain,NA,Asturias,1022205,4,0,2462,334
2020-07-24,Spain,NA,Asturias,1022205,3,0,2465,334
2020-07-25,Spain,NA,Asturias,1022205,8,0,2473,334
2020-07-26,Spain,NA,Asturias,1022205,7,0,2480,334
2020-07-27,Spain,NA,Asturias,1022205,6,0,2486,334
2020-07-28,Spain,NA,Asturias,1022205,13,0,2499,334
2020-07-29,Spain,NA,Asturias,1022205,15,0,2514,334
2020-07-30,Spain,NA,Asturias,1022205,12,0,2526,334
2020-07-31,Spain,NA,Asturias,1022205,12,0,2538,334
2020-08-01,Spain,NA,Asturias,1022205,17,0,2555,334
2020-08-02,Spain,NA,Asturias,1022205,11,0,2566,334
2020-08-03,Spain,NA,Asturias,1022205,12,0,2578,334
2020-08-04,Spain,NA,Asturias,1022205,19,0,2597,334
2020-08-05,Spain,NA,Asturias,1022205,38,0,2635,334
2020-08-06,Spain,NA,Asturias,1022205,39,0,2674,334
2020-08-07,Spain,NA,Asturias,1022205,28,0,2702,334
2020-08-08,Spain,NA,Asturias,1022205,23,0,2725,334
2020-08-09,Spain,NA,Asturias,1022205,35,0,2760,334
2020-08-10,Spain,NA,Asturias,1022205,26,0,2786,334
2020-08-11,Spain,NA,Asturias,1022205,26,0,2812,334
2020-08-12,Spain,NA,Asturias,1022205,27,0,2839,334
2020-08-13,Spain,NA,Asturias,1022205,17,0,2856,334
2020-08-14,Spain,NA,Asturias,1022205,22,0,2878,334
2020-08-15,Spain,NA,Asturias,1022205,29,0,2907,334
2020-08-16,Spain,NA,Asturias,1022205,24,0,2931,334
2020-08-17,Spain,NA,Asturias,1022205,22,0,2953,334
2020-08-18,Spain,NA,Asturias,1022205,30,0,2983,334
2020-08-19,Spain,NA,Asturias,1022205,29,0,3012,334
2020-08-20,Spain,NA,Asturias,1022205,31,0,3043,334
2020-08-21,Spain,NA,Asturias,1022205,33,0,3076,334
2020-08-22,Spain,NA,Asturias,1022205,36,0,3112,334
2020-08-23,Spain,NA,Asturias,1022205,43,1,3155,335
2020-08-24,Spain,NA,Asturias,1022205,51,0,3206,335
2020-08-25,Spain,NA,Asturias,1022205,39,0,3245,335
2020-08-26,Spain,NA,Asturias,1022205,35,0,3280,335
2020-08-27,Spain,NA,Asturias,1022205,37,0,3317,335
2020-08-28,Spain,NA,Asturias,1022205,44,0,3361,335
2020-08-29,Spain,NA,Asturias,1022205,29,0,3390,335
2020-08-30,Spain,NA,Asturias,1022205,47,0,3437,335
2020-08-31,Spain,NA,Asturias,1022205,35,0,3472,335
2020-09-01,Spain,NA,Asturias,1022205,63,0,3535,335
2020-09-02,Spain,NA,Asturias,1022205,54,0,3589,335
2020-09-03,Spain,NA,Asturias,1022205,84,1,3673,336
2020-09-04,Spain,NA,Asturias,1022205,28,1,3701,337
2020-09-05,Spain,NA,Asturias,1022205,48,0,3749,337
2020-09-06,Spain,NA,Asturias,1022205,18,0,3767,337
2020-09-07,Spain,NA,Asturias,1022205,33,1,3800,338
2020-09-08,Spain,NA,Asturias,1022205,78,0,3878,338
2020-09-09,Spain,NA,Asturias,1022205,76,0,3954,338
2020-09-10,Spain,NA,Asturias,1022205,79,0,4033,338
2020-09-11,Spain,NA,Asturias,1022205,11,1,4044,339
2020-09-12,Spain,NA,Asturias,1022205,1,0,4045,339
2020-03-01,Spain,NA,Cantabria,581641,1,0,11,0
2020-03-02,Spain,NA,Cantabria,581641,0,0,11,0
2020-03-03,Spain,NA,Cantabria,581641,0,0,11,0
2020-03-04,Spain,NA,Cantabria,581641,0,0,11,0
2020-03-05,Spain,NA,Cantabria,581641,0,0,11,0
2020-03-06,Spain,NA,Cantabria,581641,9,0,20,0
2020-03-07,Spain,NA,Cantabria,581641,12,0,32,0
2020-03-08,Spain,NA,Cantabria,581641,17,0,49,0
2020-03-09,Spain,NA,Cantabria,581641,9,0,58,0
2020-03-10,Spain,NA,Cantabria,581641,3,0,61,0
2020-03-11,Spain,NA,Cantabria,581641,17,0,78,0
2020-03-12,Spain,NA,Cantabria,581641,36,0,114,0
2020-03-13,Spain,NA,Cantabria,581641,54,0,168,0
2020-03-14,Spain,NA,Cantabria,581641,59,0,227,0
2020-03-15,Spain,NA,Cantabria,581641,68,0,295,0
2020-03-16,Spain,NA,Cantabria,581641,71,0,366,0
2020-03-17,Spain,NA,Cantabria,581641,76,1,442,1
2020-03-18,Spain,NA,Cantabria,581641,89,1,531,2
2020-03-19,Spain,NA,Cantabria,581641,177,0,708,2
2020-03-20,Spain,NA,Cantabria,581641,143,1,851,3
2020-03-21,Spain,NA,Cantabria,581641,99,3,950,6
2020-03-22,Spain,NA,Cantabria,581641,84,2,1034,8
2020-03-23,Spain,NA,Cantabria,581641,88,4,1122,12
2020-03-24,Spain,NA,Cantabria,581641,57,5,1179,17
2020-03-25,Spain,NA,Cantabria,581641,57,2,1236,19
2020-03-26,Spain,NA,Cantabria,581641,39,5,1275,24
2020-03-27,Spain,NA,Cantabria,581641,74,4,1349,28
2020-03-28,Spain,NA,Cantabria,581641,68,5,1417,33
2020-03-29,Spain,NA,Cantabria,581641,39,3,1456,36
2020-03-30,Spain,NA,Cantabria,581641,28,15,1484,51
2020-03-31,Spain,NA,Cantabria,581641,33,10,1517,61
2020-04-01,Spain,NA,Cantabria,581641,72,5,1589,66
2020-04-02,Spain,NA,Cantabria,581641,53,6,1642,72
2020-04-03,Spain,NA,Cantabria,581641,34,3,1676,75
2020-04-04,Spain,NA,Cantabria,581641,62,5,1738,80
2020-04-05,Spain,NA,Cantabria,581641,25,8,1763,88
2020-04-06,Spain,NA,Cantabria,581641,27,8,1790,96
2020-04-07,Spain,NA,Cantabria,581641,13,4,1803,100
2020-04-08,Spain,NA,Cantabria,581641,26,4,1829,104
2020-04-09,Spain,NA,Cantabria,581641,23,3,1852,107
2020-04-10,Spain,NA,Cantabria,581641,29,11,1881,118
2020-04-11,Spain,NA,Cantabria,581641,24,3,1905,121
2020-04-12,Spain,NA,Cantabria,581641,46,7,1951,128
2020-04-13,Spain,NA,Cantabria,581641,35,4,1986,132
2020-04-14,Spain,NA,Cantabria,581641,14,6,2000,138
2020-04-15,Spain,NA,Cantabria,581641,17,6,2017,144
2020-04-16,Spain,NA,Cantabria,581641,18,5,2035,149
2020-04-17,Spain,NA,Cantabria,581641,26,6,2061,155
2020-04-18,Spain,NA,Cantabria,581641,13,5,2074,160
2020-04-19,Spain,NA,Cantabria,581641,15,4,2089,164
2020-04-20,Spain,NA,Cantabria,581641,24,5,2113,169
2020-04-21,Spain,NA,Cantabria,581641,10,3,2123,172
2020-04-22,Spain,NA,Cantabria,581641,26,4,2149,176
2020-04-23,Spain,NA,Cantabria,581641,26,3,2175,179
2020-04-24,Spain,NA,Cantabria,581641,13,4,2188,183
2020-04-25,Spain,NA,Cantabria,581641,12,4,2200,187
2020-04-26,Spain,NA,Cantabria,581641,4,3,2204,190
2020-04-27,Spain,NA,Cantabria,581641,2,1,2206,191
2020-04-28,Spain,NA,Cantabria,581641,5,1,2211,192
2020-04-29,Spain,NA,Cantabria,581641,5,0,2216,192
2020-04-30,Spain,NA,Cantabria,581641,12,1,2228,193
2020-05-01,Spain,NA,Cantabria,581641,16,2,2244,195
2020-05-02,Spain,NA,Cantabria,581641,0,2,2244,197
2020-05-03,Spain,NA,Cantabria,581641,3,1,2247,198
2020-05-04,Spain,NA,Cantabria,581641,1,2,2248,200
2020-05-05,Spain,NA,Cantabria,581641,6,0,2254,200
2020-05-06,Spain,NA,Cantabria,581641,1,2,2255,202
2020-05-07,Spain,NA,Cantabria,581641,0,0,2255,202
2020-05-08,Spain,NA,Cantabria,581641,2,1,2257,203
2020-05-09,Spain,NA,Cantabria,581641,3,0,2260,203
2020-05-10,Spain,NA,Cantabria,581641,1,0,2261,203
2020-05-11,Spain,NA,Cantabria,581641,9,1,2270,204
2020-05-12,Spain,NA,Cantabria,581641,7,0,2277,204
2020-05-13,Spain,NA,Cantabria,581641,2,0,2279,204
2020-05-14,Spain,NA,Cantabria,581641,2,1,2281,205
2020-05-15,Spain,NA,Cantabria,581641,2,0,2283,205
2020-05-16,Spain,NA,Cantabria,581641,4,1,2287,206
2020-05-17,Spain,NA,Cantabria,581641,0,0,2287,206
2020-05-18,Spain,NA,Cantabria,581641,3,0,2290,206
2020-05-19,Spain,NA,Cantabria,581641,2,0,2292,206
2020-05-20,Spain,NA,Cantabria,581641,0,0,2292,206
2020-05-21,Spain,NA,Cantabria,581641,3,0,2295,206
2020-05-22,Spain,NA,Cantabria,581641,1,1,2296,207
2020-05-23,Spain,NA,Cantabria,581641,2,0,2298,207
2020-05-24,Spain,NA,Cantabria,581641,2,0,2300,207
2020-05-25,Spain,NA,Cantabria,581641,1,0,2301,207
2020-05-26,Spain,NA,Cantabria,581641,4,0,2305,207
2020-05-27,Spain,NA,Cantabria,581641,2,0,2307,207
2020-05-28,Spain,NA,Cantabria,581641,1,0,2308,207
2020-05-29,Spain,NA,Cantabria,581641,3,0,2311,207
2020-05-30,Spain,NA,Cantabria,581641,2,0,2313,207
2020-05-31,Spain,NA,Cantabria,581641,1,0,2314,207
2020-06-01,Spain,NA,Cantabria,581641,4,0,2318,207
2020-06-02,Spain,NA,Cantabria,581641,2,0,2320,207
2020-06-03,Spain,NA,Cantabria,581641,0,0,2320,207
2020-06-04,Spain,NA,Cantabria,581641,1,0,2321,207
2020-06-05,Spain,NA,Cantabria,581641,2,0,2323,207
2020-06-06,Spain,NA,Cantabria,581641,0,0,2323,207
2020-06-07,Spain,NA,Cantabria,581641,3,0,2326,207
2020-06-08,Spain,NA,Cantabria,581641,1,0,2327,207
2020-06-09,Spain,NA,Cantabria,581641,0,0,2327,207
2020-06-10,Spain,NA,Cantabria,581641,0,0,2327,207
2020-06-11,Spain,NA,Cantabria,581641,3,0,2330,207
2020-06-12,Spain,NA,Cantabria,581641,2,0,2332,207
2020-06-13,Spain,NA,Cantabria,581641,1,0,2333,207
2020-06-14,Spain,NA,Cantabria,581641,2,0,2335,207
2020-06-15,Spain,NA,Cantabria,581641,1,0,2336,207
2020-06-16,Spain,NA,Cantabria,581641,2,0,2338,207
2020-06-17,Spain,NA,Cantabria,581641,3,0,2341,207
2020-06-18,Spain,NA,Cantabria,581641,5,1,2346,208
2020-06-19,Spain,NA,Cantabria,581641,0,0,2346,208
2020-06-20,Spain,NA,Cantabria,581641,3,0,2349,208
2020-06-21,Spain,NA,Cantabria,581641,2,0,2351,208
2020-06-22,Spain,NA,Cantabria,581641,1,0,2352,208
2020-06-23,Spain,NA,Cantabria,581641,2,0,2354,208
2020-06-24,Spain,NA,Cantabria,581641,2,0,2356,208
2020-06-25,Spain,NA,Cantabria,581641,0,0,2356,208
2020-06-26,Spain,NA,Cantabria,581641,3,0,2359,208
2020-06-27,Spain,NA,Cantabria,581641,2,0,2361,208
2020-06-28,Spain,NA,Cantabria,581641,0,0,2361,208
2020-06-29,Spain,NA,Cantabria,581641,0,0,2361,208
2020-06-30,Spain,NA,Cantabria,581641,1,0,2362,208
2020-07-01,Spain,NA,Cantabria,581641,1,0,2363,208
2020-07-02,Spain,NA,Cantabria,581641,0,0,2363,208
2020-07-03,Spain,NA,Cantabria,581641,3,0,2366,208
2020-07-04,Spain,NA,Cantabria,581641,0,0,2366,208
2020-07-05,Spain,NA,Cantabria,581641,2,0,2368,208
2020-07-06,Spain,NA,Cantabria,581641,0,0,2368,208
2020-07-07,Spain,NA,Cantabria,581641,1,0,2369,208
2020-07-08,Spain,NA,Cantabria,581641,2,0,2371,208
2020-07-09,Spain,NA,Cantabria,581641,1,0,2372,208
2020-07-10,Spain,NA,Cantabria,581641,1,0,2373,208
2020-07-11,Spain,NA,Cantabria,581641,1,0,2374,208
2020-07-12,Spain,NA,Cantabria,581641,2,0,2376,208
2020-07-13,Spain,NA,Cantabria,581641,1,0,2377,208
2020-07-14,Spain,NA,Cantabria,581641,2,0,2379,208
2020-07-15,Spain,NA,Cantabria,581641,4,0,2383,208
2020-07-16,Spain,NA,Cantabria,581641,5,0,2388,208
2020-07-17,Spain,NA,Cantabria,581641,3,0,2391,208
2020-07-18,Spain,NA,Cantabria,581641,12,0,2403,208
2020-07-19,Spain,NA,Cantabria,581641,5,0,2408,208
2020-07-20,Spain,NA,Cantabria,581641,9,0,2417,208
2020-07-21,Spain,NA,Cantabria,581641,5,0,2422,208
2020-07-22,Spain,NA,Cantabria,581641,6,0,2428,208
2020-07-23,Spain,NA,Cantabria,581641,8,0,2436,208
2020-07-24,Spain,NA,Cantabria,581641,6,0,2442,208
2020-07-25,Spain,NA,Cantabria,581641,9,0,2451,208
2020-07-26,Spain,NA,Cantabria,581641,7,0,2458,208
2020-07-27,Spain,NA,Cantabria,581641,6,0,2464,208
2020-07-28,Spain,NA,Cantabria,581641,7,0,2471,208
2020-07-29,Spain,NA,Cantabria,581641,10,0,2481,208
2020-07-30,Spain,NA,Cantabria,581641,26,0,2507,208
2020-07-31,Spain,NA,Cantabria,581641,16,0,2523,208
2020-08-01,Spain,NA,Cantabria,581641,38,0,2561,208
2020-08-02,Spain,NA,Cantabria,581641,23,0,2584,208
2020-08-03,Spain,NA,Cantabria,581641,41,0,2625,208
2020-08-04,Spain,NA,Cantabria,581641,49,0,2674,208
2020-08-05,Spain,NA,Cantabria,581641,31,0,2705,208
2020-08-06,Spain,NA,Cantabria,581641,45,1,2750,209
2020-08-07,Spain,NA,Cantabria,581641,44,0,2794,209
2020-08-08,Spain,NA,Cantabria,581641,43,0,2837,209
2020-08-09,Spain,NA,Cantabria,581641,28,0,2865,209
2020-08-10,Spain,NA,Cantabria,581641,41,1,2906,210
2020-08-11,Spain,NA,Cantabria,581641,74,1,2980,211
2020-08-12,Spain,NA,Cantabria,581641,50,0,3030,211
2020-08-13,Spain,NA,Cantabria,581641,46,0,3076,211
2020-08-14,Spain,NA,Cantabria,581641,58,0,3134,211
2020-08-15,Spain,NA,Cantabria,581641,52,0,3186,211
2020-08-16,Spain,NA,Cantabria,581641,54,0,3240,211
2020-08-17,Spain,NA,Cantabria,581641,54,0,3294,211
2020-08-18,Spain,NA,Cantabria,581641,64,0,3358,211
2020-08-19,Spain,NA,Cantabria,581641,38,1,3396,212
2020-08-20,Spain,NA,Cantabria,581641,48,0,3444,212
2020-08-21,Spain,NA,Cantabria,581641,98,0,3542,212
2020-08-22,Spain,NA,Cantabria,581641,82,0,3624,212
2020-08-23,Spain,NA,Cantabria,581641,31,0,3655,212
2020-08-24,Spain,NA,Cantabria,581641,35,0,3690,212
2020-08-25,Spain,NA,Cantabria,581641,185,0,3875,212
2020-08-26,Spain,NA,Cantabria,581641,170,0,4045,212
2020-08-27,Spain,NA,Cantabria,581641,137,0,4182,212
2020-08-28,Spain,NA,Cantabria,581641,84,0,4266,212
2020-08-29,Spain,NA,Cantabria,581641,106,2,4372,214
2020-08-30,Spain,NA,Cantabria,581641,97,0,4469,214
2020-08-31,Spain,NA,Cantabria,581641,128,1,4597,215
2020-09-01,Spain,NA,Cantabria,581641,120,0,4717,215
2020-09-02,Spain,NA,Cantabria,581641,106,1,4823,216
2020-09-03,Spain,NA,Cantabria,581641,70,0,4893,216
2020-09-04,Spain,NA,Cantabria,581641,78,1,4971,217
2020-09-05,Spain,NA,Cantabria,581641,101,0,5072,217
2020-09-06,Spain,NA,Cantabria,581641,156,0,5228,217
2020-09-07,Spain,NA,Cantabria,581641,143,1,5371,218
2020-09-08,Spain,NA,Cantabria,581641,21,0,5392,218
2020-09-09,Spain,NA,Cantabria,581641,10,0,5402,218
2020-09-10,Spain,NA,Cantabria,581641,6,0,5408,218
2020-09-11,Spain,NA,Cantabria,581641,3,0,5411,218
2020-02-21,Spain,NA,Castilla y Leon,2407733,3,0,13,0
2020-02-22,Spain,NA,Castilla y Leon,2407733,2,0,15,0
2020-02-23,Spain,NA,Castilla y Leon,2407733,4,0,19,0
2020-02-24,Spain,NA,Castilla y Leon,2407733,4,0,23,0
2020-02-25,Spain,NA,Castilla y Leon,2407733,5,0,28,0
2020-02-26,Spain,NA,Castilla y Leon,2407733,7,0,35,0
2020-02-27,Spain,NA,Castilla y Leon,2407733,6,0,41,0
2020-02-28,Spain,NA,Castilla y Leon,2407733,8,0,49,0
2020-02-29,Spain,NA,Castilla y Leon,2407733,10,0,59,0
2020-03-01,Spain,NA,Castilla y Leon,2407733,28,0,87,0
2020-03-02,Spain,NA,Castilla y Leon,2407733,37,0,124,0
2020-03-03,Spain,NA,Castilla y Leon,2407733,28,0,152,0
2020-03-04,Spain,NA,Castilla y Leon,2407733,31,0,183,0
2020-03-05,Spain,NA,Castilla y Leon,2407733,46,0,229,0
2020-03-06,Spain,NA,Castilla y Leon,2407733,50,0,279,0
2020-03-07,Spain,NA,Castilla y Leon,2407733,71,0,350,0
2020-03-08,Spain,NA,Castilla y Leon,2407733,70,0,420,0
2020-03-09,Spain,NA,Castilla y Leon,2407733,147,0,567,0
2020-03-10,Spain,NA,Castilla y Leon,2407733,192,0,759,0
2020-03-11,Spain,NA,Castilla y Leon,2407733,220,0,979,0
2020-03-12,Spain,NA,Castilla y Leon,2407733,308,1,1287,1
2020-03-13,Spain,NA,Castilla y Leon,2407733,446,2,1733,3
2020-03-14,Spain,NA,Castilla y Leon,2407733,467,5,2200,8
2020-03-15,Spain,NA,Castilla y Leon,2407733,473,4,2673,12
2020-03-16,Spain,NA,Castilla y Leon,2407733,679,11,3352,23
2020-03-17,Spain,NA,Castilla y Leon,2407733,655,7,4007,30
2020-03-18,Spain,NA,Castilla y Leon,2407733,734,13,4741,43
2020-03-19,Spain,NA,Castilla y Leon,2407733,800,19,5541,62
2020-03-20,Spain,NA,Castilla y Leon,2407733,830,20,6371,82
2020-03-21,Spain,NA,Castilla y Leon,2407733,696,38,7067,120
2020-03-22,Spain,NA,Castilla y Leon,2407733,634,37,7701,157
2020-03-23,Spain,NA,Castilla y Leon,2407733,667,55,8368,212
2020-03-24,Spain,NA,Castilla y Leon,2407733,556,57,8924,269
2020-03-25,Spain,NA,Castilla y Leon,2407733,597,62,9521,331
2020-03-26,Spain,NA,Castilla y Leon,2407733,480,73,10001,404
2020-03-27,Spain,NA,Castilla y Leon,2407733,456,62,10457,466
2020-03-28,Spain,NA,Castilla y Leon,2407733,461,63,10918,529
2020-03-29,Spain,NA,Castilla y Leon,2407733,388,88,11306,617
2020-03-30,Spain,NA,Castilla y Leon,2407733,425,81,11731,698
2020-03-31,Spain,NA,Castilla y Leon,2407733,361,76,12092,774
2020-04-01,Spain,NA,Castilla y Leon,2407733,449,93,12541,867
2020-04-02,Spain,NA,Castilla y Leon,2407733,446,69,12987,936
2020-04-03,Spain,NA,Castilla y Leon,2407733,492,66,13479,1002
2020-04-04,Spain,NA,Castilla y Leon,2407733,482,89,13961,1091
2020-04-05,Spain,NA,Castilla y Leon,2407733,318,78,14279,1169
2020-04-06,Spain,NA,Castilla y Leon,2407733,461,66,14740,1235
2020-04-07,Spain,NA,Castilla y Leon,2407733,328,69,15068,1304
2020-04-08,Spain,NA,Castilla y Leon,2407733,372,68,15440,1372
2020-04-09,Spain,NA,Castilla y Leon,2407733,351,82,15791,1454
2020-04-10,Spain,NA,Castilla y Leon,2407733,324,63,16115,1517
2020-04-11,Spain,NA,Castilla y Leon,2407733,311,73,16426,1590
2020-04-12,Spain,NA,Castilla y Leon,2407733,159,63,16585,1653
2020-04-13,Spain,NA,Castilla y Leon,2407733,235,56,16820,1709
2020-04-14,Spain,NA,Castilla y Leon,2407733,201,60,17021,1769
2020-04-15,Spain,NA,Castilla y Leon,2407733,174,55,17195,1824
2020-04-16,Spain,NA,Castilla y Leon,2407733,144,49,17339,1873
2020-04-17,Spain,NA,Castilla y Leon,2407733,146,48,17485,1921
2020-04-18,Spain,NA,Castilla y Leon,2407733,94,48,17579,1969
2020-04-19,Spain,NA,Castilla y Leon,2407733,136,37,17715,2006
2020-04-20,Spain,NA,Castilla y Leon,2407733,196,42,17911,2048
2020-04-21,Spain,NA,Castilla y Leon,2407733,120,41,18031,2089
2020-04-22,Spain,NA,Castilla y Leon,2407733,164,31,18195,2120
2020-04-23,Spain,NA,Castilla y Leon,2407733,80,49,18275,2169
2020-04-24,Spain,NA,Castilla y Leon,2407733,138,38,18413,2207
2020-04-25,Spain,NA,Castilla y Leon,2407733,88,35,18501,2242
2020-04-26,Spain,NA,Castilla y Leon,2407733,41,29,18542,2271
2020-04-27,Spain,NA,Castilla y Leon,2407733,44,32,18586,2303
2020-04-28,Spain,NA,Castilla y Leon,2407733,64,28,18650,2331
2020-04-29,Spain,NA,Castilla y Leon,2407733,47,23,18697,2354
2020-04-30,Spain,NA,Castilla y Leon,2407733,68,32,18765,2386
2020-05-01,Spain,NA,Castilla y Leon,2407733,53,17,18818,2403
2020-05-02,Spain,NA,Castilla y Leon,2407733,58,32,18876,2435
2020-05-03,Spain,NA,Castilla y Leon,2407733,58,18,18934,2453
2020-05-04,Spain,NA,Castilla y Leon,2407733,28,20,18962,2473
2020-05-05,Spain,NA,Castilla y Leon,2407733,14,21,18976,2494
2020-05-06,Spain,NA,Castilla y Leon,2407733,13,18,18989,2512
2020-05-07,Spain,NA,Castilla y Leon,2407733,21,14,19010,2526
2020-05-08,Spain,NA,Castilla y Leon,2407733,17,19,19027,2545
2020-05-09,Spain,NA,Castilla y Leon,2407733,9,9,19036,2554
2020-05-10,Spain,NA,Castilla y Leon,2407733,10,15,19046,2569
2020-05-11,Spain,NA,Castilla y Leon,2407733,27,6,19073,2575
2020-05-12,Spain,NA,Castilla y Leon,2407733,30,18,19103,2593
2020-05-13,Spain,NA,Castilla y Leon,2407733,55,8,19158,2601
2020-05-14,Spain,NA,Castilla y Leon,2407733,38,5,19196,2606
2020-05-15,Spain,NA,Castilla y Leon,2407733,33,6,19229,2612
2020-05-16,Spain,NA,Castilla y Leon,2407733,28,4,19257,2616
2020-05-17,Spain,NA,Castilla y Leon,2407733,5,8,19262,2624
2020-05-18,Spain,NA,Castilla y Leon,2407733,33,6,19295,2630
2020-05-19,Spain,NA,Castilla y Leon,2407733,34,3,19329,2633
2020-05-20,Spain,NA,Castilla y Leon,2407733,26,5,19355,2638
2020-05-21,Spain,NA,Castilla y Leon,2407733,38,7,19393,2645
2020-05-22,Spain,NA,Castilla y Leon,2407733,40,6,19433,2651
2020-05-23,Spain,NA,Castilla y Leon,2407733,16,5,19449,2656
2020-05-24,Spain,NA,Castilla y Leon,2407733,13,5,19462,2661
2020-05-25,Spain,NA,Castilla y Leon,2407733,34,7,19496,2668
2020-05-26,Spain,NA,Castilla y Leon,2407733,45,8,19541,2676
2020-05-27,Spain,NA,Castilla y Leon,2407733,26,8,19567,2684
2020-05-28,Spain,NA,Castilla y Leon,2407733,44,5,19611,2689
2020-05-29,Spain,NA,Castilla y Leon,2407733,45,7,19656,2696
2020-05-30,Spain,NA,Castilla y Leon,2407733,37,8,19693,2704
2020-05-31,Spain,NA,Castilla y Leon,2407733,19,8,19712,2712
2020-06-01,Spain,NA,Castilla y Leon,2407733,28,5,19740,2717
2020-06-02,Spain,NA,Castilla y Leon,2407733,19,6,19759,2723
2020-06-03,Spain,NA,Castilla y Leon,2407733,27,5,19786,2728
2020-06-04,Spain,NA,Castilla y Leon,2407733,25,7,19811,2735
2020-06-05,Spain,NA,Castilla y Leon,2407733,35,2,19846,2737
2020-06-06,Spain,NA,Castilla y Leon,2407733,11,4,19857,2741
2020-06-07,Spain,NA,Castilla y Leon,2407733,12,7,19869,2748
2020-06-08,Spain,NA,Castilla y Leon,2407733,35,7,19904,2755
2020-06-09,Spain,NA,Castilla y Leon,2407733,25,2,19929,2757
2020-06-10,Spain,NA,Castilla y Leon,2407733,16,5,19945,2762
2020-06-11,Spain,NA,Castilla y Leon,2407733,17,4,19962,2766
2020-06-12,Spain,NA,Castilla y Leon,2407733,20,3,19982,2769
2020-06-13,Spain,NA,Castilla y Leon,2407733,11,3,19993,2772
2020-06-14,Spain,NA,Castilla y Leon,2407733,5,1,19998,2773
2020-06-15,Spain,NA,Castilla y Leon,2407733,15,3,20013,2776
2020-06-16,Spain,NA,Castilla y Leon,2407733,41,0,20054,2776
2020-06-17,Spain,NA,Castilla y Leon,2407733,18,1,20072,2777
2020-06-18,Spain,NA,Castilla y Leon,2407733,11,0,20083,2777
2020-06-19,Spain,NA,Castilla y Leon,2407733,13,2,20096,2779
2020-06-20,Spain,NA,Castilla y Leon,2407733,17,2,20113,2781
2020-06-21,Spain,NA,Castilla y Leon,2407733,6,2,20119,2783
2020-06-22,Spain,NA,Castilla y Leon,2407733,14,0,20133,2783
2020-06-23,Spain,NA,Castilla y Leon,2407733,28,0,20161,2783
2020-06-24,Spain,NA,Castilla y Leon,2407733,14,0,20175,2783
2020-06-25,Spain,NA,Castilla y Leon,2407733,17,0,20192,2783
2020-06-26,Spain,NA,Castilla y Leon,2407733,15,1,20207,2784
2020-06-27,Spain,NA,Castilla y Leon,2407733,13,0,20220,2784
2020-06-28,Spain,NA,Castilla y Leon,2407733,5,1,20225,2785
2020-06-29,Spain,NA,Castilla y Leon,2407733,11,2,20236,2787
2020-06-30,Spain,NA,Castilla y Leon,2407733,13,0,20249,2787
2020-07-01,Spain,NA,Castilla y Leon,2407733,8,0,20257,2787
2020-07-02,Spain,NA,Castilla y Leon,2407733,9,0,20266,2787
2020-07-03,Spain,NA,Castilla y Leon,2407733,11,1,20277,2788
2020-07-04,Spain,NA,Castilla y Leon,2407733,7,1,20284,2789
2020-07-05,Spain,NA,Castilla y Leon,2407733,3,0,20287,2789
2020-07-06,Spain,NA,Castilla y Leon,2407733,13,1,20300,2790
2020-07-07,Spain,NA,Castilla y Leon,2407733,9,1,20309,2791
2020-07-08,Spain,NA,Castilla y Leon,2407733,12,1,20321,2792
2020-07-09,Spain,NA,Castilla y Leon,2407733,8,0,20329,2792
2020-07-10,Spain,NA,Castilla y Leon,2407733,14,1,20343,2793
2020-07-11,Spain,NA,Castilla y Leon,2407733,13,1,20356,2794
2020-07-12,Spain,NA,Castilla y Leon,2407733,7,0,20363,2794
2020-07-13,Spain,NA,Castilla y Leon,2407733,21,0,20384,2794
2020-07-14,Spain,NA,Castilla y Leon,2407733,20,0,20404,2794
2020-07-15,Spain,NA,Castilla y Leon,2407733,14,1,20418,2795
2020-07-16,Spain,NA,Castilla y Leon,2407733,21,0,20439,2795
2020-07-17,Spain,NA,Castilla y Leon,2407733,15,0,20454,2795
2020-07-18,Spain,NA,Castilla y Leon,2407733,25,0,20479,2795
2020-07-19,Spain,NA,Castilla y Leon,2407733,23,1,20502,2796
2020-07-20,Spain,NA,Castilla y Leon,2407733,34,0,20536,2796
2020-07-21,Spain,NA,Castilla y Leon,2407733,20,0,20556,2796
2020-07-22,Spain,NA,Castilla y Leon,2407733,24,0,20580,2796
2020-07-23,Spain,NA,Castilla y Leon,2407733,44,0,20624,2796
2020-07-24,Spain,NA,Castilla y Leon,2407733,38,1,20662,2797
2020-07-25,Spain,NA,Castilla y Leon,2407733,29,0,20691,2797
2020-07-26,Spain,NA,Castilla y Leon,2407733,30,0,20721,2797
2020-07-27,Spain,NA,Castilla y Leon,2407733,68,0,20789,2797
2020-07-28,Spain,NA,Castilla y Leon,2407733,86,0,20875,2797
2020-07-29,Spain,NA,Castilla y Leon,2407733,77,0,20952,2797
2020-07-30,Spain,NA,Castilla y Leon,2407733,74,0,21026,2797
2020-07-31,Spain,NA,Castilla y Leon,2407733,149,0,21175,2797
2020-08-01,Spain,NA,Castilla y Leon,2407733,93,1,21268,2798
2020-08-02,Spain,NA,Castilla y Leon,2407733,90,0,21358,2798
2020-08-03,Spain,NA,Castilla y Leon,2407733,117,1,21475,2799
2020-08-04,Spain,NA,Castilla y Leon,2407733,209,0,21684,2799
2020-08-05,Spain,NA,Castilla y Leon,2407733,231,0,21915,2799
2020-08-06,Spain,NA,Castilla y Leon,2407733,169,1,22084,2800
2020-08-07,Spain,NA,Castilla y Leon,2407733,247,0,22331,2800
2020-08-08,Spain,NA,Castilla y Leon,2407733,182,1,22513,2801
2020-08-09,Spain,NA,Castilla y Leon,2407733,264,1,22777,2802
2020-08-10,Spain,NA,Castilla y Leon,2407733,228,0,23005,2802
2020-08-11,Spain,NA,Castilla y Leon,2407733,251,2,23256,2804
2020-08-12,Spain,NA,Castilla y Leon,2407733,296,1,23552,2805
2020-08-13,Spain,NA,Castilla y Leon,2407733,304,1,23856,2806
2020-08-14,Spain,NA,Castilla y Leon,2407733,348,3,24204,2809
2020-08-15,Spain,NA,Castilla y Leon,2407733,302,0,24506,2809
2020-08-16,Spain,NA,Castilla y Leon,2407733,293,0,24799,2809
2020-08-17,Spain,NA,Castilla y Leon,2407733,338,1,25137,2810
2020-08-18,Spain,NA,Castilla y Leon,2407733,393,0,25530,2810
2020-08-19,Spain,NA,Castilla y Leon,2407733,420,2,25950,2812
2020-08-20,Spain,NA,Castilla y Leon,2407733,528,1,26478,2813
2020-08-21,Spain,NA,Castilla y Leon,2407733,408,0,26886,2813
2020-08-22,Spain,NA,Castilla y Leon,2407733,280,4,27166,2817
2020-08-23,Spain,NA,Castilla y Leon,2407733,298,0,27464,2817
2020-08-24,Spain,NA,Castilla y Leon,2407733,444,3,27908,2820
2020-08-25,Spain,NA,Castilla y Leon,2407733,511,3,28419,2823
2020-08-26,Spain,NA,Castilla y Leon,2407733,437,4,28856,2827
2020-08-27,Spain,NA,Castilla y Leon,2407733,565,4,29421,2831
2020-08-28,Spain,NA,Castilla y Leon,2407733,500,8,29921,2839
2020-08-29,Spain,NA,Castilla y Leon,2407733,503,4,30424,2843
2020-08-30,Spain,NA,Castilla y Leon,2407733,323,3,30747,2846
2020-08-31,Spain,NA,Castilla y Leon,2407733,307,8,31054,2854
2020-09-01,Spain,NA,Castilla y Leon,2407733,437,1,31491,2855
2020-09-02,Spain,NA,Castilla y Leon,2407733,452,3,31943,2858
2020-09-03,Spain,NA,Castilla y Leon,2407733,564,3,32507,2861
2020-09-04,Spain,NA,Castilla y Leon,2407733,518,5,33025,2866
2020-09-05,Spain,NA,Castilla y Leon,2407733,458,5,33483,2871
2020-09-06,Spain,NA,Castilla y Leon,2407733,456,5,33939,2876
2020-09-07,Spain,NA,Castilla y Leon,2407733,340,5,34279,2881
2020-09-08,Spain,NA,Castilla y Leon,2407733,518,3,34797,2884
2020-09-09,Spain,NA,Castilla y Leon,2407733,367,6,35164,2890
2020-09-10,Spain,NA,Castilla y Leon,2407733,534,3,35698,2893
2020-09-11,Spain,NA,Castilla y Leon,2407733,470,4,36168,2897
2020-09-12,Spain,NA,Castilla y Leon,2407733,343,8,36511,2905
2020-09-13,Spain,NA,Castilla y Leon,2407733,43,6,36554,2911
2020-02-29,Spain,NA,Castilla-La Mancha,2034877,3,0,13,0
2020-03-01,Spain,NA,Castilla-La Mancha,2034877,16,0,29,0
2020-03-02,Spain,NA,Castilla-La Mancha,2034877,18,0,47,0
2020-03-03,Spain,NA,Castilla-La Mancha,2034877,15,0,62,0
2020-03-04,Spain,NA,Castilla-La Mancha,2034877,17,1,79,1
2020-03-05,Spain,NA,Castilla-La Mancha,2034877,20,0,99,1
2020-03-06,Spain,NA,Castilla-La Mancha,2034877,27,0,126,1
2020-03-07,Spain,NA,Castilla-La Mancha,2034877,32,0,158,1
2020-03-08,Spain,NA,Castilla-La Mancha,2034877,27,0,185,1
2020-03-09,Spain,NA,Castilla-La Mancha,2034877,45,1,230,2
2020-03-10,Spain,NA,Castilla-La Mancha,2034877,81,0,311,2
2020-03-11,Spain,NA,Castilla-La Mancha,2034877,76,2,387,4
2020-03-12,Spain,NA,Castilla-La Mancha,2034877,111,1,498,5
2020-03-13,Spain,NA,Castilla-La Mancha,2034877,183,5,681,10
2020-03-14,Spain,NA,Castilla-La Mancha,2034877,158,8,839,18
2020-03-15,Spain,NA,Castilla-La Mancha,2034877,250,11,1089,29
2020-03-16,Spain,NA,Castilla-La Mancha,2034877,239,12,1328,41
2020-03-17,Spain,NA,Castilla-La Mancha,2034877,199,20,1527,61
2020-03-18,Spain,NA,Castilla-La Mancha,2034877,216,23,1743,84
2020-03-19,Spain,NA,Castilla-La Mancha,2034877,242,24,1985,108
2020-03-20,Spain,NA,Castilla-La Mancha,2034877,310,38,2295,146
2020-03-21,Spain,NA,Castilla-La Mancha,2034877,199,48,2494,194
2020-03-22,Spain,NA,Castilla-La Mancha,2034877,178,55,2672,249
2020-03-23,Spain,NA,Castilla-La Mancha,2034877,249,83,2921,332
2020-03-24,Spain,NA,Castilla-La Mancha,2034877,249,84,3170,416
2020-03-25,Spain,NA,Castilla-La Mancha,2034877,241,104,3411,520
2020-03-26,Spain,NA,Castilla-La Mancha,2034877,240,112,3651,632
2020-03-27,Spain,NA,Castilla-La Mancha,2034877,200,92,3851,724
2020-03-28,Spain,NA,Castilla-La Mancha,2034877,166,104,4017,828
2020-03-29,Spain,NA,Castilla-La Mancha,2034877,171,67,4188,895
2020-03-30,Spain,NA,Castilla-La Mancha,2034877,230,86,4418,981
2020-03-31,Spain,NA,Castilla-La Mancha,2034877,169,91,4587,1072
2020-04-01,Spain,NA,Castilla-La Mancha,2034877,193,91,4780,1163
2020-04-02,Spain,NA,Castilla-La Mancha,2034877,147,75,4927,1238
2020-04-03,Spain,NA,Castilla-La Mancha,2034877,148,76,5075,1314
2020-04-04,Spain,NA,Castilla-La Mancha,2034877,144,94,5219,1408
2020-04-05,Spain,NA,Castilla-La Mancha,2034877,237,69,5456,1477
2020-04-06,Spain,NA,Castilla-La Mancha,2034877,126,71,5582,1548
2020-04-07,Spain,NA,Castilla-La Mancha,2034877,97,60,5679,1608
2020-04-08,Spain,NA,Castilla-La Mancha,2034877,106,90,5785,1698
2020-04-09,Spain,NA,Castilla-La Mancha,2034877,81,67,5866,1765
2020-04-10,Spain,NA,Castilla-La Mancha,2034877,70,54,5936,1819
2020-04-11,Spain,NA,Castilla-La Mancha,2034877,59,56,5995,1875
2020-04-12,Spain,NA,Castilla-La Mancha,2034877,72,44,6067,1919
2020-04-13,Spain,NA,Castilla-La Mancha,2034877,106,54,6173,1973
2020-04-14,Spain,NA,Castilla-La Mancha,2034877,67,66,6240,2039
2020-04-15,Spain,NA,Castilla-La Mancha,2034877,77,58,6317,2097
2020-04-16,Spain,NA,Castilla-La Mancha,2034877,33,46,6350,2143
2020-04-17,Spain,NA,Castilla-La Mancha,2034877,24,51,6374,2194
2020-04-18,Spain,NA,Castilla-La Mancha,2034877,32,44,6406,2238
2020-04-19,Spain,NA,Castilla-La Mancha,2034877,33,43,6439,2281
2020-04-20,Spain,NA,Castilla-La Mancha,2034877,53,43,6492,2324
2020-04-21,Spain,NA,Castilla-La Mancha,2034877,34,33,6526,2357
2020-04-22,Spain,NA,Castilla-La Mancha,2034877,24,30,6550,2387
2020-04-23,Spain,NA,Castilla-La Mancha,2034877,22,27,6572,2414
2020-04-24,Spain,NA,Castilla-La Mancha,2034877,15,31,6587,2445
2020-04-25,Spain,NA,Castilla-La Mancha,2034877,14,28,6601,2473
2020-04-26,Spain,NA,Castilla-La Mancha,2034877,17,27,6618,2500
2020-04-27,Spain,NA,Castilla-La Mancha,2034877,24,25,6642,2525
2020-04-28,Spain,NA,Castilla-La Mancha,2034877,17,24,6659,2549
2020-04-29,Spain,NA,Castilla-La Mancha,2034877,8,29,6667,2578
2020-04-30,Spain,NA,Castilla-La Mancha,2034877,7,17,6674,2595
2020-05-01,Spain,NA,Castilla-La Mancha,2034877,9,12,6683,2607
2020-05-02,Spain,NA,Castilla-La Mancha,2034877,6,16,6689,2623
2020-05-03,Spain,NA,Castilla-La Mancha,2034877,6,16,6695,2639
2020-05-04,Spain,NA,Castilla-La Mancha,2034877,16,17,6711,2656
2020-05-05,Spain,NA,Castilla-La Mancha,2034877,11,21,6722,2677
2020-05-06,Spain,NA,Castilla-La Mancha,2034877,10,18,6732,2695
2020-05-07,Spain,NA,Castilla-La Mancha,2034877,13,10,6745,2705
2020-05-08,Spain,NA,Castilla-La Mancha,2034877,7,17,6752,2722
2020-05-09,Spain,NA,Castilla-La Mancha,2034877,8,14,6760,2736
2020-05-10,Spain,NA,Castilla-La Mancha,2034877,10,17,6770,2753
2020-05-11,Spain,NA,Castilla-La Mancha,2034877,26,13,6796,2766
2020-05-12,Spain,NA,Castilla-La Mancha,2034877,28,11,6824,2777
2020-05-13,Spain,NA,Castilla-La Mancha,2034877,35,12,6859,2789
2020-05-14,Spain,NA,Castilla-La Mancha,2034877,25,8,6884,2797
2020-05-15,Spain,NA,Castilla-La Mancha,2034877,33,7,6917,2804
2020-05-16,Spain,NA,Castilla-La Mancha,2034877,25,6,6942,2810
2020-05-17,Spain,NA,Castilla-La Mancha,2034877,10,3,6952,2813
2020-05-18,Spain,NA,Castilla-La Mancha,2034877,25,4,6977,2817
2020-05-19,Spain,NA,Castilla-La Mancha,2034877,28,9,7005,2826
2020-05-20,Spain,NA,Castilla-La Mancha,2034877,27,4,7032,2830
2020-05-21,Spain,NA,Castilla-La Mancha,2034877,17,12,7049,2842
2020-05-22,Spain,NA,Castilla-La Mancha,2034877,38,10,7087,2852
2020-05-23,Spain,NA,Castilla-La Mancha,2034877,26,6,7113,2858
2020-05-24,Spain,NA,Castilla-La Mancha,2034877,14,3,7127,2861
2020-05-25,Spain,NA,Castilla-La Mancha,2034877,35,6,7162,2867
2020-05-26,Spain,NA,Castilla-La Mancha,2034877,31,1,7193,2868
2020-05-27,Spain,NA,Castilla-La Mancha,2034877,38,2,7231,2870
2020-05-28,Spain,NA,Castilla-La Mancha,2034877,34,3,7265,2873
2020-05-29,Spain,NA,Castilla-La Mancha,2034877,31,2,7296,2875
2020-05-30,Spain,NA,Castilla-La Mancha,2034877,23,5,7319,2880
2020-05-31,Spain,NA,Castilla-La Mancha,2034877,10,3,7329,2883
2020-06-01,Spain,NA,Castilla-La Mancha,2034877,22,3,7351,2886
2020-06-02,Spain,NA,Castilla-La Mancha,2034877,18,3,7369,2889
2020-06-03,Spain,NA,Castilla-La Mancha,2034877,39,1,7408,2890
2020-06-04,Spain,NA,Castilla-La Mancha,2034877,31,2,7439,2892
2020-06-05,Spain,NA,Castilla-La Mancha,2034877,32,0,7471,2892
2020-06-06,Spain,NA,Castilla-La Mancha,2034877,15,0,7486,2892
2020-06-07,Spain,NA,Castilla-La Mancha,2034877,12,0,7498,2892
2020-06-08,Spain,NA,Castilla-La Mancha,2034877,27,0,7525,2892
2020-06-09,Spain,NA,Castilla-La Mancha,2034877,22,1,7547,2893
2020-06-10,Spain,NA,Castilla-La Mancha,2034877,19,1,7566,2894
2020-06-11,Spain,NA,Castilla-La Mancha,2034877,7,0,7573,2894
2020-06-12,Spain,NA,Castilla-La Mancha,2034877,20,0,7593,2894
2020-06-13,Spain,NA,Castilla-La Mancha,2034877,8,2,7601,2896
2020-06-14,Spain,NA,Castilla-La Mancha,2034877,9,1,7610,2897
2020-06-15,Spain,NA,Castilla-La Mancha,2034877,11,0,7621,2897
2020-06-16,Spain,NA,Castilla-La Mancha,2034877,21,0,7642,2897
2020-06-17,Spain,NA,Castilla-La Mancha,2034877,16,0,7658,2897
2020-06-18,Spain,NA,Castilla-La Mancha,2034877,11,0,7669,2897
2020-06-19,Spain,NA,Castilla-La Mancha,2034877,11,0,7680,2897
2020-06-20,Spain,NA,Castilla-La Mancha,2034877,14,0,7694,2897
2020-06-21,Spain,NA,Castilla-La Mancha,2034877,7,0,7701,2897
2020-06-22,Spain,NA,Castilla-La Mancha,2034877,12,0,7713,2897
2020-06-23,Spain,NA,Castilla-La Mancha,2034877,23,1,7736,2898
2020-06-24,Spain,NA,Castilla-La Mancha,2034877,20,0,7756,2898
2020-06-25,Spain,NA,Castilla-La Mancha,2034877,19,0,7775,2898
2020-06-26,Spain,NA,Castilla-La Mancha,2034877,12,0,7787,2898
2020-06-27,Spain,NA,Castilla-La Mancha,2034877,14,0,7801,2898
2020-06-28,Spain,NA,Castilla-La Mancha,2034877,12,2,7813,2900
2020-06-29,Spain,NA,Castilla-La Mancha,2034877,13,1,7826,2901
2020-06-30,Spain,NA,Castilla-La Mancha,2034877,11,1,7837,2902
2020-07-01,Spain,NA,Castilla-La Mancha,2034877,17,0,7854,2902
2020-07-02,Spain,NA,Castilla-La Mancha,2034877,15,0,7869,2902
2020-07-03,Spain,NA,Castilla-La Mancha,2034877,23,0,7892,2902
2020-07-04,Spain,NA,Castilla-La Mancha,2034877,10,0,7902,2902
2020-07-05,Spain,NA,Castilla-La Mancha,2034877,5,0,7907,2902
2020-07-06,Spain,NA,Castilla-La Mancha,2034877,18,0,7925,2902
2020-07-07,Spain,NA,Castilla-La Mancha,2034877,15,0,7940,2902
2020-07-08,Spain,NA,Castilla-La Mancha,2034877,17,0,7957,2902
2020-07-09,Spain,NA,Castilla-La Mancha,2034877,25,0,7982,2902
2020-07-10,Spain,NA,Castilla-La Mancha,2034877,26,1,8008,2903
2020-07-11,Spain,NA,Castilla-La Mancha,2034877,10,0,8018,2903
2020-07-12,Spain,NA,Castilla-La Mancha,2034877,9,0,8027,2903
2020-07-13,Spain,NA,Castilla-La Mancha,2034877,17,1,8044,2904
2020-07-14,Spain,NA,Castilla-La Mancha,2034877,22,0,8066,2904
2020-07-15,Spain,NA,Castilla-La Mancha,2034877,27,2,8093,2906
2020-07-16,Spain,NA,Castilla-La Mancha,2034877,23,0,8116,2906
2020-07-17,Spain,NA,Castilla-La Mancha,2034877,24,0,8140,2906
2020-07-18,Spain,NA,Castilla-La Mancha,2034877,12,0,8152,2906
2020-07-19,Spain,NA,Castilla-La Mancha,2034877,9,0,8161,2906
2020-07-20,Spain,NA,Castilla-La Mancha,2034877,30,0,8191,2906
2020-07-21,Spain,NA,Castilla-La Mancha,2034877,24,0,8215,2906
2020-07-22,Spain,NA,Castilla-La Mancha,2034877,40,0,8255,2906
2020-07-23,Spain,NA,Castilla-La Mancha,2034877,20,0,8275,2906
2020-07-24,Spain,NA,Castilla-La Mancha,2034877,42,0,8317,2906
2020-07-25,Spain,NA,Castilla-La Mancha,2034877,25,0,8342,2906
2020-07-26,Spain,NA,Castilla-La Mancha,2034877,19,0,8361,2906
2020-07-27,Spain,NA,Castilla-La Mancha,2034877,51,1,8412,2907
2020-07-28,Spain,NA,Castilla-La Mancha,2034877,54,0,8466,2907
2020-07-29,Spain,NA,Castilla-La Mancha,2034877,55,0,8521,2907
2020-07-30,Spain,NA,Castilla-La Mancha,2034877,43,0,8564,2907
2020-07-31,Spain,NA,Castilla-La Mancha,2034877,70,1,8634,2908
2020-08-01,Spain,NA,Castilla-La Mancha,2034877,57,0,8691,2908
2020-08-02,Spain,NA,Castilla-La Mancha,2034877,62,1,8753,2909
2020-08-03,Spain,NA,Castilla-La Mancha,2034877,75,0,8828,2909
2020-08-04,Spain,NA,Castilla-La Mancha,2034877,99,0,8927,2909
2020-08-05,Spain,NA,Castilla-La Mancha,2034877,92,0,9019,2909
2020-08-06,Spain,NA,Castilla-La Mancha,2034877,115,1,9134,2910
2020-08-07,Spain,NA,Castilla-La Mancha,2034877,112,0,9246,2910
2020-08-08,Spain,NA,Castilla-La Mancha,2034877,138,1,9384,2911
2020-08-09,Spain,NA,Castilla-La Mancha,2034877,116,0,9500,2911
2020-08-10,Spain,NA,Castilla-La Mancha,2034877,186,0,9686,2911
2020-08-11,Spain,NA,Castilla-La Mancha,2034877,199,1,9885,2912
2020-08-12,Spain,NA,Castilla-La Mancha,2034877,205,1,10090,2913
2020-08-13,Spain,NA,Castilla-La Mancha,2034877,252,0,10342,2913
2020-08-14,Spain,NA,Castilla-La Mancha,2034877,213,0,10555,2913
2020-08-15,Spain,NA,Castilla-La Mancha,2034877,200,0,10755,2913
2020-08-16,Spain,NA,Castilla-La Mancha,2034877,170,0,10925,2913
2020-08-17,Spain,NA,Castilla-La Mancha,2034877,249,0,11174,2913
2020-08-18,Spain,NA,Castilla-La Mancha,2034877,279,0,11453,2913
2020-08-19,Spain,NA,Castilla-La Mancha,2034877,298,0,11751,2913
2020-08-20,Spain,NA,Castilla-La Mancha,2034877,332,1,12083,2914
2020-08-21,Spain,NA,Castilla-La Mancha,2034877,382,0,12465,2914
2020-08-22,Spain,NA,Castilla-La Mancha,2034877,318,1,12783,2915
2020-08-23,Spain,NA,Castilla-La Mancha,2034877,291,0,13074,2915
2020-08-24,Spain,NA,Castilla-La Mancha,2034877,380,0,13454,2915
2020-08-25,Spain,NA,Castilla-La Mancha,2034877,364,1,13818,2916
2020-08-26,Spain,NA,Castilla-La Mancha,2034877,427,1,14245,2917
2020-08-27,Spain,NA,Castilla-La Mancha,2034877,478,0,14723,2917
2020-08-28,Spain,NA,Castilla-La Mancha,2034877,453,1,15176,2918
2020-08-29,Spain,NA,Castilla-La Mancha,2034877,369,1,15545,2919
2020-08-30,Spain,NA,Castilla-La Mancha,2034877,316,1,15861,2920
2020-08-31,Spain,NA,Castilla-La Mancha,2034877,424,0,16285,2920
2020-09-01,Spain,NA,Castilla-La Mancha,2034877,525,1,16810,2921
2020-09-02,Spain,NA,Castilla-La Mancha,2034877,608,2,17418,2923
2020-09-03,Spain,NA,Castilla-La Mancha,2034877,555,0,17973,2923
2020-09-04,Spain,NA,Castilla-La Mancha,2034877,516,1,18489,2924
2020-09-05,Spain,NA,Castilla-La Mancha,2034877,430,1,18919,2925
2020-09-06,Spain,NA,Castilla-La Mancha,2034877,284,1,19203,2926
2020-09-07,Spain,NA,Castilla-La Mancha,2034877,395,0,19598,2926
2020-09-08,Spain,NA,Castilla-La Mancha,2034877,401,1,19999,2927
2020-09-09,Spain,NA,Castilla-La Mancha,2034877,378,0,20377,2927
2020-09-10,Spain,NA,Castilla-La Mancha,2034877,343,1,20720,2928
2020-09-11,Spain,NA,Castilla-La Mancha,2034877,187,5,20907,2933
2020-09-12,Spain,NA,Castilla-La Mancha,2034877,54,0,20961,2933
2020-09-13,Spain,NA,Castilla-La Mancha,2034877,11,0,20972,2933
2020-02-03,Spain,NA,Cataluna,7566431,2,0,11,0
2020-02-04,Spain,NA,Cataluna,7566431,4,0,15,0
2020-02-05,Spain,NA,Cataluna,7566431,2,0,17,0
2020-02-06,Spain,NA,Cataluna,7566431,1,0,18,0
2020-02-07,Spain,NA,Cataluna,7566431,2,0,20,0
2020-02-08,Spain,NA,Cataluna,7566431,0,0,20,0
2020-02-09,Spain,NA,Cataluna,7566431,0,0,20,0
2020-02-10,Spain,NA,Cataluna,7566431,3,0,23,0
2020-02-11,Spain,NA,Cataluna,7566431,2,0,25,0
2020-02-12,Spain,NA,Cataluna,7566431,6,0,31,0
2020-02-13,Spain,NA,Cataluna,7566431,7,0,38,0
2020-02-14,Spain,NA,Cataluna,7566431,1,0,39,0
2020-02-15,Spain,NA,Cataluna,7566431,10,0,49,0
2020-02-16,Spain,NA,Cataluna,7566431,5,0,54,0
2020-02-17,Spain,NA,Cataluna,7566431,1,0,55,0
2020-02-18,Spain,NA,Cataluna,7566431,4,0,59,0
2020-02-19,Spain,NA,Cataluna,7566431,1,0,60,0
2020-02-20,Spain,NA,Cataluna,7566431,11,0,71,0
2020-02-21,Spain,NA,Cataluna,7566431,14,0,85,0
2020-02-22,Spain,NA,Cataluna,7566431,9,0,94,0
2020-02-23,Spain,NA,Cataluna,7566431,6,0,100,0
2020-02-24,Spain,NA,Cataluna,7566431,9,0,109,0
2020-02-25,Spain,NA,Cataluna,7566431,18,0,127,0
2020-02-26,Spain,NA,Cataluna,7566431,20,0,147,0
2020-02-27,Spain,NA,Cataluna,7566431,13,0,160,0
2020-02-28,Spain,NA,Cataluna,7566431,29,0,189,0
2020-02-29,Spain,NA,Cataluna,7566431,19,0,208,0
2020-03-01,Spain,NA,Cataluna,7566431,79,0,287,0
2020-03-02,Spain,NA,Cataluna,7566431,63,0,350,0
2020-03-03,Spain,NA,Cataluna,7566431,76,0,426,0
2020-03-04,Spain,NA,Cataluna,7566431,130,0,556,0
2020-03-05,Spain,NA,Cataluna,7566431,155,0,711,0
2020-03-06,Spain,NA,Cataluna,7566431,238,1,949,1
2020-03-07,Spain,NA,Cataluna,7566431,262,1,1211,2
2020-03-08,Spain,NA,Cataluna,7566431,303,0,1514,2
2020-03-09,Spain,NA,Cataluna,7566431,516,1,2030,3
2020-03-10,Spain,NA,Cataluna,7566431,727,1,2757,4
2020-03-11,Spain,NA,Cataluna,7566431,704,2,3461,6
2020-03-12,Spain,NA,Cataluna,7566431,971,5,4432,11
2020-03-13,Spain,NA,Cataluna,7566431,1268,11,5700,22
2020-03-14,Spain,NA,Cataluna,7566431,1237,12,6937,34
2020-03-15,Spain,NA,Cataluna,7566431,1293,7,8230,41
2020-03-16,Spain,NA,Cataluna,7566431,1544,19,9774,60
2020-03-17,Spain,NA,Cataluna,7566431,1476,23,11250,83
2020-03-18,Spain,NA,Cataluna,7566431,1583,37,12833,120
2020-03-19,Spain,NA,Cataluna,7566431,1523,49,14356,169
2020-03-20,Spain,NA,Cataluna,7566431,1793,63,16149,232
2020-03-21,Spain,NA,Cataluna,7566431,1387,74,17536,306
2020-03-22,Spain,NA,Cataluna,7566431,1237,88,18773,394
2020-03-23,Spain,NA,Cataluna,7566431,1408,126,20181,520
2020-03-24,Spain,NA,Cataluna,7566431,1335,122,21516,642
2020-03-25,Spain,NA,Cataluna,7566431,1252,153,22768,795
2020-03-26,Spain,NA,Cataluna,7566431,1320,156,24088,951
2020-03-27,Spain,NA,Cataluna,7566431,1196,174,25284,1125
2020-03-28,Spain,NA,Cataluna,7566431,1263,164,26547,1289
2020-03-29,Spain,NA,Cataluna,7566431,971,176,27518,1465
2020-03-30,Spain,NA,Cataluna,7566431,1105,198,28623,1663
2020-03-31,Spain,NA,Cataluna,7566431,1072,178,29695,1841
2020-04-01,Spain,NA,Cataluna,7566431,1219,179,30914,2020
2020-04-02,Spain,NA,Cataluna,7566431,1008,160,31922,2180
2020-04-03,Spain,NA,Cataluna,7566431,1166,160,33088,2340
2020-04-04,Spain,NA,Cataluna,7566431,930,149,34018,2489
2020-04-05,Spain,NA,Cataluna,7566431,806,133,34824,2622
2020-04-06,Spain,NA,Cataluna,7566431,738,152,35562,2774
2020-04-07,Spain,NA,Cataluna,7566431,679,145,36241,2919
2020-04-08,Spain,NA,Cataluna,7566431,953,152,37194,3071
2020-04-09,Spain,NA,Cataluna,7566431,1009,152,38203,3223
2020-04-10,Spain,NA,Cataluna,7566431,966,131,39169,3354
2020-04-11,Spain,NA,Cataluna,7566431,1030,119,40199,3473
2020-04-12,Spain,NA,Cataluna,7566431,646,116,40845,3589
2020-04-13,Spain,NA,Cataluna,7566431,552,113,41397,3702
2020-04-14,Spain,NA,Cataluna,7566431,699,118,42096,3820
2020-04-15,Spain,NA,Cataluna,7566431,728,109,42824,3929
2020-04-16,Spain,NA,Cataluna,7566431,700,101,43524,4030
2020-04-17,Spain,NA,Cataluna,7566431,586,109,44110,4139
2020-04-18,Spain,NA,Cataluna,7566431,429,92,44539,4231
2020-04-19,Spain,NA,Cataluna,7566431,258,87,44797,4318
2020-04-20,Spain,NA,Cataluna,7566431,341,68,45138,4386
2020-04-21,Spain,NA,Cataluna,7566431,180,75,45318,4461
2020-04-22,Spain,NA,Cataluna,7566431,302,68,45620,4529
2020-04-23,Spain,NA,Cataluna,7566431,267,52,45887,4581
2020-04-24,Spain,NA,Cataluna,7566431,245,62,46132,4643
2020-04-25,Spain,NA,Cataluna,7566431,162,63,46294,4706
2020-04-26,Spain,NA,Cataluna,7566431,133,68,46427,4774
2020-04-27,Spain,NA,Cataluna,7566431,127,58,46554,4832
2020-04-28,Spain,NA,Cataluna,7566431,152,65,46706,4897
2020-04-29,Spain,NA,Cataluna,7566431,140,58,46846,4955
2020-04-30,Spain,NA,Cataluna,7566431,177,51,47023,5006
2020-05-01,Spain,NA,Cataluna,7566431,154,47,47177,5053
2020-05-02,Spain,NA,Cataluna,7566431,149,45,47326,5098
2020-05-03,Spain,NA,Cataluna,7566431,130,54,47456,5152
2020-05-04,Spain,NA,Cataluna,7566431,116,44,47572,5196
2020-05-05,Spain,NA,Cataluna,7566431,56,45,47628,5241
2020-05-06,Spain,NA,Cataluna,7566431,42,32,47670,5273
2020-05-07,Spain,NA,Cataluna,7566431,60,42,47730,5315
2020-05-08,Spain,NA,Cataluna,7566431,64,30,47794,5345
2020-05-09,Spain,NA,Cataluna,7566431,51,20,47845,5365
2020-05-10,Spain,NA,Cataluna,7566431,79,23,47924,5388
2020-05-11,Spain,NA,Cataluna,7566431,94,31,48018,5419
2020-05-12,Spain,NA,Cataluna,7566431,108,17,48126,5436
2020-05-13,Spain,NA,Cataluna,7566431,125,14,48251,5450
2020-05-14,Spain,NA,Cataluna,7566431,107,17,48358,5467
2020-05-15,Spain,NA,Cataluna,7566431,167,17,48525,5484
2020-05-16,Spain,NA,Cataluna,7566431,121,12,48646,5496
2020-05-17,Spain,NA,Cataluna,7566431,90,9,48736,5505
2020-05-18,Spain,NA,Cataluna,7566431,157,7,48893,5512
2020-05-19,Spain,NA,Cataluna,7566431,159,13,49052,5525
2020-05-20,Spain,NA,Cataluna,7566431,126,14,49178,5539
2020-05-21,Spain,NA,Cataluna,7566431,148,11,49326,5550
2020-05-22,Spain,NA,Cataluna,7566431,201,14,49527,5564
2020-05-23,Spain,NA,Cataluna,7566431,117,14,49644,5578
2020-05-24,Spain,NA,Cataluna,7566431,132,8,49776,5586
2020-05-25,Spain,NA,Cataluna,7566431,163,11,49939,5597
2020-05-26,Spain,NA,Cataluna,7566431,143,5,50082,5602
2020-05-27,Spain,NA,Cataluna,7566431,109,8,50191,5610
2020-05-28,Spain,NA,Cataluna,7566431,149,7,50340,5617
2020-05-29,Spain,NA,Cataluna,7566431,134,8,50474,5625
2020-05-30,Spain,NA,Cataluna,7566431,90,7,50564,5632
2020-05-31,Spain,NA,Cataluna,7566431,52,6,50616,5638
2020-06-01,Spain,NA,Cataluna,7566431,87,1,50703,5639
2020-06-02,Spain,NA,Cataluna,7566431,92,3,50795,5642
2020-06-03,Spain,NA,Cataluna,7566431,102,4,50897,5646
2020-06-04,Spain,NA,Cataluna,7566431,93,6,50990,5652
2020-06-05,Spain,NA,Cataluna,7566431,148,2,51138,5654
2020-06-06,Spain,NA,Cataluna,7566431,64,0,51202,5654
2020-06-07,Spain,NA,Cataluna,7566431,52,0,51254,5654
2020-06-08,Spain,NA,Cataluna,7566431,95,3,51349,5657
2020-06-09,Spain,NA,Cataluna,7566431,57,0,51406,5657
2020-06-10,Spain,NA,Cataluna,7566431,77,2,51483,5659
2020-06-11,Spain,NA,Cataluna,7566431,67,0,51550,5659
2020-06-12,Spain,NA,Cataluna,7566431,82,1,51632,5660
2020-06-13,Spain,NA,Cataluna,7566431,34,2,51666,5662
2020-06-14,Spain,NA,Cataluna,7566431,43,2,51709,5664
2020-06-15,Spain,NA,Cataluna,7566431,59,2,51768,5666
2020-06-16,Spain,NA,Cataluna,7566431,68,0,51836,5666
2020-06-17,Spain,NA,Cataluna,7566431,79,0,51915,5666
2020-06-18,Spain,NA,Cataluna,7566431,89,0,52004,5666
2020-06-19,Spain,NA,Cataluna,7566431,77,0,52081,5666
2020-06-20,Spain,NA,Cataluna,7566431,83,0,52164,5666
2020-06-21,Spain,NA,Cataluna,7566431,73,1,52237,5667
2020-06-22,Spain,NA,Cataluna,7566431,93,0,52330,5667
2020-06-23,Spain,NA,Cataluna,7566431,102,1,52432,5668
2020-06-24,Spain,NA,Cataluna,7566431,92,0,52524,5668
2020-06-25,Spain,NA,Cataluna,7566431,112,2,52636,5670
2020-06-26,Spain,NA,Cataluna,7566431,162,0,52798,5670
2020-06-27,Spain,NA,Cataluna,7566431,119,0,52917,5670
2020-06-28,Spain,NA,Cataluna,7566431,104,0,53021,5670
2020-06-29,Spain,NA,Cataluna,7566431,163,1,53184,5671
2020-06-30,Spain,NA,Cataluna,7566431,166,1,53350,5672
2020-07-01,Spain,NA,Cataluna,7566431,276,1,53626,5673
2020-07-02,Spain,NA,Cataluna,7566431,218,0,53844,5673
2020-07-03,Spain,NA,Cataluna,7566431,268,1,54112,5674
2020-07-04,Spain,NA,Cataluna,7566431,251,1,54363,5675
2020-07-05,Spain,NA,Cataluna,7566431,255,0,54618,5675
2020-07-06,Spain,NA,Cataluna,7566431,371,0,54989,5675
2020-07-07,Spain,NA,Cataluna,7566431,428,0,55417,5675
2020-07-08,Spain,NA,Cataluna,7566431,476,0,55893,5675
2020-07-09,Spain,NA,Cataluna,7566431,504,1,56397,5676
2020-07-10,Spain,NA,Cataluna,7566431,641,0,57038,5676
2020-07-11,Spain,NA,Cataluna,7566431,404,1,57442,5677
2020-07-12,Spain,NA,Cataluna,7566431,452,0,57894,5677
2020-07-13,Spain,NA,Cataluna,7566431,717,0,58611,5677
2020-07-14,Spain,NA,Cataluna,7566431,665,0,59276,5677
2020-07-15,Spain,NA,Cataluna,7566431,882,0,60158,5677
2020-07-16,Spain,NA,Cataluna,7566431,800,0,60958,5677
2020-07-17,Spain,NA,Cataluna,7566431,978,1,61936,5678
2020-07-18,Spain,NA,Cataluna,7566431,761,1,62697,5679
2020-07-19,Spain,NA,Cataluna,7566431,597,0,63294,5679
2020-07-20,Spain,NA,Cataluna,7566431,1042,0,64336,5679
2020-07-21,Spain,NA,Cataluna,7566431,975,2,65311,5681
2020-07-22,Spain,NA,Cataluna,7566431,1024,1,66335,5682
2020-07-23,Spain,NA,Cataluna,7566431,1008,1,67343,5683
2020-07-24,Spain,NA,Cataluna,7566431,1037,2,68380,5685
2020-07-25,Spain,NA,Cataluna,7566431,653,3,69033,5688
2020-07-26,Spain,NA,Cataluna,7566431,570,5,69603,5693
2020-07-27,Spain,NA,Cataluna,7566431,1003,6,70606,5699
2020-07-28,Spain,NA,Cataluna,7566431,1035,0,71641,5699
2020-07-29,Spain,NA,Cataluna,7566431,1080,0,72721,5699
2020-07-30,Spain,NA,Cataluna,7566431,1025,2,73746,5701
2020-07-31,Spain,NA,Cataluna,7566431,1145,1,74891,5702
2020-08-01,Spain,NA,Cataluna,7566431,717,2,75608,5704
2020-08-02,Spain,NA,Cataluna,7566431,471,1,76079,5705
2020-08-03,Spain,NA,Cataluna,7566431,915,0,76994,5705
2020-08-04,Spain,NA,Cataluna,7566431,996,0,77990,5705
2020-08-05,Spain,NA,Cataluna,7566431,1007,2,78997,5707
2020-08-06,Spain,NA,Cataluna,7566431,942,4,79939,5711
2020-08-07,Spain,NA,Cataluna,7566431,1135,0,81074,5711
2020-08-08,Spain,NA,Cataluna,7566431,696,0,81770,5711
2020-08-09,Spain,NA,Cataluna,7566431,525,2,82295,5713
2020-08-10,Spain,NA,Cataluna,7566431,1059,1,83354,5714
2020-08-11,Spain,NA,Cataluna,7566431,969,1,84323,5715
2020-08-12,Spain,NA,Cataluna,7566431,1045,0,85368,5715
2020-08-13,Spain,NA,Cataluna,7566431,992,3,86360,5718
2020-08-14,Spain,NA,Cataluna,7566431,1104,3,87464,5721
2020-08-15,Spain,NA,Cataluna,7566431,758,4,88222,5725
2020-08-16,Spain,NA,Cataluna,7566431,694,2,88916,5727
2020-08-17,Spain,NA,Cataluna,7566431,1094,4,90010,5731
2020-08-18,Spain,NA,Cataluna,7566431,1155,3,91165,5734
2020-08-19,Spain,NA,Cataluna,7566431,1073,2,92238,5736
2020-08-20,Spain,NA,Cataluna,7566431,1227,4,93465,5740
2020-08-21,Spain,NA,Cataluna,7566431,1241,2,94706,5742
2020-08-22,Spain,NA,Cataluna,7566431,746,1,95452,5743
2020-08-23,Spain,NA,Cataluna,7566431,661,2,96113,5745
2020-08-24,Spain,NA,Cataluna,7566431,1253,5,97366,5750
2020-08-25,Spain,NA,Cataluna,7566431,1132,0,98498,5750
2020-08-26,Spain,NA,Cataluna,7566431,1255,1,99753,5751
2020-08-27,Spain,NA,Cataluna,7566431,1199,3,100952,5754
2020-08-28,Spain,NA,Cataluna,7566431,1186,2,102138,5756
2020-08-29,Spain,NA,Cataluna,7566431,619,1,102757,5757
2020-08-30,Spain,NA,Cataluna,7566431,565,2,103322,5759
2020-08-31,Spain,NA,Cataluna,7566431,1111,2,104433,5761
2020-09-01,Spain,NA,Cataluna,7566431,1155,4,105588,5765
2020-09-02,Spain,NA,Cataluna,7566431,1031,1,106619,5766
2020-09-03,Spain,NA,Cataluna,7566431,1078,2,107697,5768
2020-09-04,Spain,NA,Cataluna,7566431,1201,1,108898,5769
2020-09-05,Spain,NA,Cataluna,7566431,587,2,109485,5771
2020-09-06,Spain,NA,Cataluna,7566431,398,0,109883,5771
2020-09-07,Spain,NA,Cataluna,7566431,839,0,110722,5771
2020-09-08,Spain,NA,Cataluna,7566431,919,3,111641,5774
2020-09-09,Spain,NA,Cataluna,7566431,947,2,112588,5776
2020-09-10,Spain,NA,Cataluna,7566431,709,0,113297,5776
2020-09-11,Spain,NA,Cataluna,7566431,165,0,113462,5776
2020-09-12,Spain,NA,Cataluna,7566431,65,0,113527,5776
2020-09-13,Spain,NA,Cataluna,7566431,1,0,113528,5776
2020-02-01,Spain,NA,Comunidad de Madrid,6641649,9,0,13,0
2020-02-02,Spain,NA,Comunidad de Madrid,6641649,6,0,19,0
2020-02-03,Spain,NA,Comunidad de Madrid,6641649,8,0,27,0
2020-02-04,Spain,NA,Comunidad de Madrid,6641649,3,0,30,0
2020-02-05,Spain,NA,Comunidad de Madrid,6641649,4,0,34,0
2020-02-06,Spain,NA,Comunidad de Madrid,6641649,4,0,38,0
2020-02-07,Spain,NA,Comunidad de Madrid,6641649,9,0,47,0
2020-02-08,Spain,NA,Comunidad de Madrid,6641649,8,0,55,0
2020-02-09,Spain,NA,Comunidad de Madrid,6641649,2,0,57,0
2020-02-10,Spain,NA,Comunidad de Madrid,6641649,11,0,68,0
2020-02-11,Spain,NA,Comunidad de Madrid,6641649,9,0,77,0
2020-02-12,Spain,NA,Comunidad de Madrid,6641649,10,0,87,0
2020-02-13,Spain,NA,Comunidad de Madrid,6641649,15,0,102,0
2020-02-14,Spain,NA,Comunidad de Madrid,6641649,11,0,113,0
2020-02-15,Spain,NA,Comunidad de Madrid,6641649,13,0,126,0
2020-02-16,Spain,NA,Comunidad de Madrid,6641649,15,0,141,0
2020-02-17,Spain,NA,Comunidad de Madrid,6641649,19,0,160,0
2020-02-18,Spain,NA,Comunidad de Madrid,6641649,14,0,174,0
2020-02-19,Spain,NA,Comunidad de Madrid,6641649,12,0,186,0
2020-02-20,Spain,NA,Comunidad de Madrid,6641649,23,0,209,0
2020-02-21,Spain,NA,Comunidad de Madrid,6641649,27,0,236,0
2020-02-22,Spain,NA,Comunidad de Madrid,6641649,30,0,266,0
2020-02-23,Spain,NA,Comunidad de Madrid,6641649,44,0,310,0
2020-02-24,Spain,NA,Comunidad de Madrid,6641649,57,0,367,0
2020-02-25,Spain,NA,Comunidad de Madrid,6641649,50,0,417,0
2020-02-26,Spain,NA,Comunidad de Madrid,6641649,70,0,487,0
2020-02-27,Spain,NA,Comunidad de Madrid,6641649,96,0,583,0
2020-02-28,Spain,NA,Comunidad de Madrid,6641649,161,0,744,0
2020-02-29,Spain,NA,Comunidad de Madrid,6641649,108,0,852,0
2020-03-01,Spain,NA,Comunidad de Madrid,6641649,324,0,1176,0
2020-03-02,Spain,NA,Comunidad de Madrid,6641649,383,0,1559,0
2020-03-03,Spain,NA,Comunidad de Madrid,6641649,398,1,1957,1
2020-03-04,Spain,NA,Comunidad de Madrid,6641649,464,0,2421,1
2020-03-05,Spain,NA,Comunidad de Madrid,6641649,651,1,3072,2
2020-03-06,Spain,NA,Comunidad de Madrid,6641649,789,2,3861,4
2020-03-07,Spain,NA,Comunidad de Madrid,6641649,843,1,4704,5
2020-03-08,Spain,NA,Comunidad de Madrid,6641649,1053,10,5757,15
2020-03-09,Spain,NA,Comunidad de Madrid,6641649,1516,9,7273,24
2020-03-10,Spain,NA,Comunidad de Madrid,6641649,1986,23,9259,47
2020-03-11,Spain,NA,Comunidad de Madrid,6641649,1975,25,11234,72
2020-03-12,Spain,NA,Comunidad de Madrid,6641649,2341,38,13575,110
2020-03-13,Spain,NA,Comunidad de Madrid,6641649,2839,48,16414,158
2020-03-14,Spain,NA,Comunidad de Madrid,6641649,2554,62,18968,220
2020-03-15,Spain,NA,Comunidad de Madrid,6641649,2681,79,21649,299
2020-03-16,Spain,NA,Comunidad de Madrid,6641649,2961,109,24610,408
2020-03-17,Spain,NA,Comunidad de Madrid,6641649,2791,107,27401,515
2020-03-18,Spain,NA,Comunidad de Madrid,6641649,2642,114,30043,629
2020-03-19,Spain,NA,Comunidad de Madrid,6641649,2435,153,32478,782
2020-03-20,Spain,NA,Comunidad de Madrid,6641649,3108,209,35586,991
2020-03-21,Spain,NA,Comunidad de Madrid,6641649,1921,234,37507,1225
2020-03-22,Spain,NA,Comunidad de Madrid,6641649,1648,226,39155,1451
2020-03-23,Spain,NA,Comunidad de Madrid,6641649,2129,267,41284,1718
2020-03-24,Spain,NA,Comunidad de Madrid,6641649,1992,281,43276,1999
2020-03-25,Spain,NA,Comunidad de Madrid,6641649,1780,282,45056,2281
2020-03-26,Spain,NA,Comunidad de Madrid,6641649,1551,289,46607,2570
2020-03-27,Spain,NA,Comunidad de Madrid,6641649,1493,327,48100,2897
2020-03-28,Spain,NA,Comunidad de Madrid,6641649,1256,273,49356,3170
2020-03-29,Spain,NA,Comunidad de Madrid,6641649,870,242,50226,3412
2020-03-30,Spain,NA,Comunidad de Madrid,6641649,1092,233,51318,3645
2020-03-31,Spain,NA,Comunidad de Madrid,6641649,1077,246,52395,3891
2020-04-01,Spain,NA,Comunidad de Madrid,6641649,1350,263,53745,4154
2020-04-02,Spain,NA,Comunidad de Madrid,6641649,1007,246,54752,4400
2020-04-03,Spain,NA,Comunidad de Madrid,6641649,935,180,55687,4580
2020-04-04,Spain,NA,Comunidad de Madrid,6641649,715,139,56402,4719
2020-04-05,Spain,NA,Comunidad de Madrid,6641649,634,185,57036,4904
2020-04-06,Spain,NA,Comunidad de Madrid,6641649,625,188,57661,5092
2020-04-07,Spain,NA,Comunidad de Madrid,6641649,746,170,58407,5262
2020-04-08,Spain,NA,Comunidad de Madrid,6641649,682,172,59089,5434
2020-04-09,Spain,NA,Comunidad de Madrid,6641649,637,119,59726,5553
2020-04-10,Spain,NA,Comunidad de Madrid,6641649,708,154,60434,5707
2020-04-11,Spain,NA,Comunidad de Madrid,6641649,574,139,61008,5846
2020-04-12,Spain,NA,Comunidad de Madrid,6641649,500,123,61508,5969
2020-04-13,Spain,NA,Comunidad de Madrid,6641649,381,140,61889,6109
2020-04-14,Spain,NA,Comunidad de Madrid,6641649,494,132,62383,6241
2020-04-15,Spain,NA,Comunidad de Madrid,6641649,505,129,62888,6370
2020-04-16,Spain,NA,Comunidad de Madrid,6641649,597,109,63485,6479
2020-04-17,Spain,NA,Comunidad de Madrid,6641649,389,107,63874,6586
2020-04-18,Spain,NA,Comunidad de Madrid,6641649,470,92,64344,6678
2020-04-19,Spain,NA,Comunidad de Madrid,6641649,264,99,64608,6777
2020-04-20,Spain,NA,Comunidad de Madrid,6641649,282,98,64890,6875
2020-04-21,Spain,NA,Comunidad de Madrid,6641649,478,99,65368,6974
2020-04-22,Spain,NA,Comunidad de Madrid,6641649,457,83,65825,7057
2020-04-23,Spain,NA,Comunidad de Madrid,6641649,369,76,66194,7133
2020-04-24,Spain,NA,Comunidad de Madrid,6641649,237,80,66431,7213
2020-04-25,Spain,NA,Comunidad de Madrid,6641649,131,64,66562,7277
2020-04-26,Spain,NA,Comunidad de Madrid,6641649,124,58,66686,7335
2020-04-27,Spain,NA,Comunidad de Madrid,6641649,186,54,66872,7389
2020-04-28,Spain,NA,Comunidad de Madrid,6641649,234,46,67106,7435
2020-04-29,Spain,NA,Comunidad de Madrid,6641649,214,55,67320,7490
2020-04-30,Spain,NA,Comunidad de Madrid,6641649,177,54,67497,7544
2020-05-01,Spain,NA,Comunidad de Madrid,6641649,194,40,67691,7584
2020-05-02,Spain,NA,Comunidad de Madrid,6641649,166,47,67857,7631
2020-05-03,Spain,NA,Comunidad de Madrid,6641649,72,41,67929,7672
2020-05-04,Spain,NA,Comunidad de Madrid,6641649,100,46,68029,7718
2020-05-05,Spain,NA,Comunidad de Madrid,6641649,58,35,68087,7753
2020-05-06,Spain,NA,Comunidad de Madrid,6641649,54,36,68141,7789
2020-05-07,Spain,NA,Comunidad de Madrid,6641649,64,41,68205,7830
2020-05-08,Spain,NA,Comunidad de Madrid,6641649,70,40,68275,7870
2020-05-09,Spain,NA,Comunidad de Madrid,6641649,64,41,68339,7911
2020-05-10,Spain,NA,Comunidad de Madrid,6641649,74,20,68413,7931
2020-05-11,Spain,NA,Comunidad de Madrid,6641649,183,29,68596,7960
2020-05-12,Spain,NA,Comunidad de Madrid,6641649,157,33,68753,7993
2020-05-13,Spain,NA,Comunidad de Madrid,6641649,150,25,68903,8018
2020-05-14,Spain,NA,Comunidad de Madrid,6641649,156,24,69059,8042
2020-05-15,Spain,NA,Comunidad de Madrid,6641649,124,19,69183,8061
2020-05-16,Spain,NA,Comunidad de Madrid,6641649,53,15,69236,8076
2020-05-17,Spain,NA,Comunidad de Madrid,6641649,76,14,69312,8090
2020-05-18,Spain,NA,Comunidad de Madrid,6641649,136,23,69448,8113
2020-05-19,Spain,NA,Comunidad de Madrid,6641649,151,18,69599,8131
2020-05-20,Spain,NA,Comunidad de Madrid,6641649,116,17,69715,8148
2020-05-21,Spain,NA,Comunidad de Madrid,6641649,113,12,69828,8160
2020-05-22,Spain,NA,Comunidad de Madrid,6641649,94,15,69922,8175
2020-05-23,Spain,NA,Comunidad de Madrid,6641649,59,21,69981,8196
2020-05-24,Spain,NA,Comunidad de Madrid,6641649,47,19,70028,8215
2020-05-25,Spain,NA,Comunidad de Madrid,6641649,138,18,70166,8233
2020-05-26,Spain,NA,Comunidad de Madrid,6641649,154,14,70320,8247
2020-05-27,Spain,NA,Comunidad de Madrid,6641649,86,7,70406,8254
2020-05-28,Spain,NA,Comunidad de Madrid,6641649,124,9,70530,8263
2020-05-29,Spain,NA,Comunidad de Madrid,6641649,117,10,70647,8273
2020-05-30,Spain,NA,Comunidad de Madrid,6641649,56,4,70703,8277
2020-05-31,Spain,NA,Comunidad de Madrid,6641649,69,9,70772,8286
2020-06-01,Spain,NA,Comunidad de Madrid,6641649,149,9,70921,8295
2020-06-02,Spain,NA,Comunidad de Madrid,6641649,112,10,71033,8305
2020-06-03,Spain,NA,Comunidad de Madrid,6641649,144,6,71177,8311
2020-06-04,Spain,NA,Comunidad de Madrid,6641649,105,8,71282,8319
2020-06-05,Spain,NA,Comunidad de Madrid,6641649,128,4,71410,8323
2020-06-06,Spain,NA,Comunidad de Madrid,6641649,66,8,71476,8331
2020-06-07,Spain,NA,Comunidad de Madrid,6641649,45,3,71521,8334
2020-06-08,Spain,NA,Comunidad de Madrid,6641649,120,5,71641,8339
2020-06-09,Spain,NA,Comunidad de Madrid,6641649,100,5,71741,8344
2020-06-10,Spain,NA,Comunidad de Madrid,6641649,110,7,71851,8351
2020-06-11,Spain,NA,Comunidad de Madrid,6641649,91,7,71942,8358
2020-06-12,Spain,NA,Comunidad de Madrid,6641649,114,4,72056,8362
2020-06-13,Spain,NA,Comunidad de Madrid,6641649,24,1,72080,8363
2020-06-14,Spain,NA,Comunidad de Madrid,6641649,34,4,72114,8367
2020-06-15,Spain,NA,Comunidad de Madrid,6641649,128,3,72242,8370
2020-06-16,Spain,NA,Comunidad de Madrid,6641649,57,4,72299,8374
2020-06-17,Spain,NA,Comunidad de Madrid,6641649,86,2,72385,8376
2020-06-18,Spain,NA,Comunidad de Madrid,6641649,86,0,72471,8376
2020-06-19,Spain,NA,Comunidad de Madrid,6641649,64,1,72535,8377
2020-06-20,Spain,NA,Comunidad de Madrid,6641649,40,1,72575,8378
2020-06-21,Spain,NA,Comunidad de Madrid,6641649,32,0,72607,8378
2020-06-22,Spain,NA,Comunidad de Madrid,6641649,38,1,72645,8379
2020-06-23,Spain,NA,Comunidad de Madrid,6641649,56,1,72701,8380
2020-06-24,Spain,NA,Comunidad de Madrid,6641649,44,1,72745,8381
2020-06-25,Spain,NA,Comunidad de Madrid,6641649,57,2,72802,8383
2020-06-26,Spain,NA,Comunidad de Madrid,6641649,54,1,72856,8384
2020-06-27,Spain,NA,Comunidad de Madrid,6641649,24,1,72880,8385
2020-06-28,Spain,NA,Comunidad de Madrid,6641649,26,2,72906,8387
2020-06-29,Spain,NA,Comunidad de Madrid,6641649,50,0,72956,8387
2020-06-30,Spain,NA,Comunidad de Madrid,6641649,63,1,73019,8388
2020-07-01,Spain,NA,Comunidad de Madrid,6641649,58,2,73077,8390
2020-07-02,Spain,NA,Comunidad de Madrid,6641649,41,0,73118,8390
2020-07-03,Spain,NA,Comunidad de Madrid,6641649,78,0,73196,8390
2020-07-04,Spain,NA,Comunidad de Madrid,6641649,29,1,73225,8391
2020-07-05,Spain,NA,Comunidad de Madrid,6641649,32,0,73257,8391
2020-07-06,Spain,NA,Comunidad de Madrid,6641649,60,0,73317,8391
2020-07-07,Spain,NA,Comunidad de Madrid,6641649,54,1,73371,8392
2020-07-08,Spain,NA,Comunidad de Madrid,6641649,81,0,73452,8392
2020-07-09,Spain,NA,Comunidad de Madrid,6641649,81,1,73533,8393
2020-07-10,Spain,NA,Comunidad de Madrid,6641649,75,0,73608,8393
2020-07-11,Spain,NA,Comunidad de Madrid,6641649,52,0,73660,8393
2020-07-12,Spain,NA,Comunidad de Madrid,6641649,61,0,73721,8393
2020-07-13,Spain,NA,Comunidad de Madrid,6641649,105,1,73826,8394
2020-07-14,Spain,NA,Comunidad de Madrid,6641649,118,0,73944,8394
2020-07-15,Spain,NA,Comunidad de Madrid,6641649,127,1,74071,8395
2020-07-16,Spain,NA,Comunidad de Madrid,6641649,106,0,74177,8395
2020-07-17,Spain,NA,Comunidad de Madrid,6641649,158,1,74335,8396
2020-07-18,Spain,NA,Comunidad de Madrid,6641649,114,0,74449,8396
2020-07-19,Spain,NA,Comunidad de Madrid,6641649,117,1,74566,8397
2020-07-20,Spain,NA,Comunidad de Madrid,6641649,184,1,74750,8398
2020-07-21,Spain,NA,Comunidad de Madrid,6641649,229,1,74979,8399
2020-07-22,Spain,NA,Comunidad de Madrid,6641649,219,1,75198,8400
2020-07-23,Spain,NA,Comunidad de Madrid,6641649,213,0,75411,8400
2020-07-24,Spain,NA,Comunidad de Madrid,6641649,329,1,75740,8401
2020-07-25,Spain,NA,Comunidad de Madrid,6641649,277,0,76017,8401
2020-07-26,Spain,NA,Comunidad de Madrid,6641649,231,0,76248,8401
2020-07-27,Spain,NA,Comunidad de Madrid,6641649,488,0,76736,8401
2020-07-28,Spain,NA,Comunidad de Madrid,6641649,558,0,77294,8401
2020-07-29,Spain,NA,Comunidad de Madrid,6641649,510,0,77804,8401
2020-07-30,Spain,NA,Comunidad de Madrid,6641649,557,2,78361,8403
2020-07-31,Spain,NA,Comunidad de Madrid,6641649,707,1,79068,8404
2020-08-01,Spain,NA,Comunidad de Madrid,6641649,661,0,79729,8404
2020-08-02,Spain,NA,Comunidad de Madrid,6641649,549,3,80278,8407
2020-08-03,Spain,NA,Comunidad de Madrid,6641649,926,1,81204,8408
2020-08-04,Spain,NA,Comunidad de Madrid,6641649,1087,1,82291,8409
2020-08-05,Spain,NA,Comunidad de Madrid,6641649,1064,2,83355,8411
2020-08-06,Spain,NA,Comunidad de Madrid,6641649,1072,1,84427,8412
2020-08-07,Spain,NA,Comunidad de Madrid,6641649,1354,4,85781,8416
2020-08-08,Spain,NA,Comunidad de Madrid,6641649,998,5,86779,8421
2020-08-09,Spain,NA,Comunidad de Madrid,6641649,928,1,87707,8422
2020-08-10,Spain,NA,Comunidad de Madrid,6641649,1449,5,89156,8427
2020-08-11,Spain,NA,Comunidad de Madrid,6641649,1915,4,91071,8431
2020-08-12,Spain,NA,Comunidad de Madrid,6641649,1705,5,92776,8436
2020-08-13,Spain,NA,Comunidad de Madrid,6641649,1638,7,94414,8443
2020-08-14,Spain,NA,Comunidad de Madrid,6641649,2172,6,96586,8449
2020-08-15,Spain,NA,Comunidad de Madrid,6641649,1105,6,97691,8455
2020-08-16,Spain,NA,Comunidad de Madrid,6641649,835,7,98526,8462
2020-08-17,Spain,NA,Comunidad de Madrid,6641649,1369,7,99895,8469
2020-08-18,Spain,NA,Comunidad de Madrid,6641649,2666,9,102561,8478
2020-08-19,Spain,NA,Comunidad de Madrid,6641649,2925,7,105486,8485
2020-08-20,Spain,NA,Comunidad de Madrid,6641649,2711,8,108197,8493
2020-08-21,Spain,NA,Comunidad de Madrid,6641649,3979,7,112176,8500
2020-08-22,Spain,NA,Comunidad de Madrid,6641649,1376,8,113552,8508
2020-08-23,Spain,NA,Comunidad de Madrid,6641649,905,14,114457,8522
2020-08-24,Spain,NA,Comunidad de Madrid,6641649,1557,14,116014,8536
2020-08-25,Spain,NA,Comunidad de Madrid,6641649,3673,11,119687,8547
2020-08-26,Spain,NA,Comunidad de Madrid,6641649,3010,10,122697,8557
2020-08-27,Spain,NA,Comunidad de Madrid,6641649,3022,14,125719,8571
2020-08-28,Spain,NA,Comunidad de Madrid,6641649,4175,18,129894,8589
2020-08-29,Spain,NA,Comunidad de Madrid,6641649,1221,8,131115,8597
2020-08-30,Spain,NA,Comunidad de Madrid,6641649,997,12,132112,8609
2020-08-31,Spain,NA,Comunidad de Madrid,6641649,1488,18,133600,8627
2020-09-01,Spain,NA,Comunidad de Madrid,6641649,3876,11,137476,8638
2020-09-02,Spain,NA,Comunidad de Madrid,6641649,3471,19,140947,8657
2020-09-03,Spain,NA,Comunidad de Madrid,6641649,3459,25,144406,8682
2020-09-04,Spain,NA,Comunidad de Madrid,6641649,4834,20,149240,8702
2020-09-05,Spain,NA,Comunidad de Madrid,6641649,1633,9,150873,8711
2020-09-06,Spain,NA,Comunidad de Madrid,6641649,1048,14,151921,8725
2020-09-07,Spain,NA,Comunidad de Madrid,6641649,1703,20,153624,8745
2020-09-08,Spain,NA,Comunidad de Madrid,6641649,4296,19,157920,8764
2020-09-09,Spain,NA,Comunidad de Madrid,6641649,3952,12,161872,8776
2020-09-10,Spain,NA,Comunidad de Madrid,6641649,3145,23,165017,8799
2020-09-11,Spain,NA,Comunidad de Madrid,6641649,3639,21,168656,8820
2020-09-12,Spain,NA,Comunidad de Madrid,6641649,1513,30,170169,8850
2020-09-13,Spain,NA,Comunidad de Madrid,6641649,869,9,171038,8859
2020-09-15,Spain,NA,Comunidad de Madrid,6641649,24374,0,171652,8859
2020-02-12,Spain,NA,Comunidad Valenciana,4974969,1,0,11,0
2020-02-13,Spain,NA,Comunidad Valenciana,4974969,1,1,12,1
2020-02-14,Spain,NA,Comunidad Valenciana,4974969,2,0,14,1
2020-02-15,Spain,NA,Comunidad Valenciana,4974969,4,0,18,1
2020-02-16,Spain,NA,Comunidad Valenciana,4974969,1,0,19,1
2020-02-17,Spain,NA,Comunidad Valenciana,4974969,3,0,22,1
2020-02-18,Spain,NA,Comunidad Valenciana,4974969,1,0,23,1
2020-02-19,Spain,NA,Comunidad Valenciana,4974969,1,0,24,1
2020-02-20,Spain,NA,Comunidad Valenciana,4974969,3,0,27,1
2020-02-21,Spain,NA,Comunidad Valenciana,4974969,2,0,29,1
2020-02-22,Spain,NA,Comunidad Valenciana,4974969,2,0,31,1
2020-02-23,Spain,NA,Comunidad Valenciana,4974969,5,0,36,1
2020-02-24,Spain,NA,Comunidad Valenciana,4974969,13,0,49,1
2020-02-25,Spain,NA,Comunidad Valenciana,4974969,8,0,57,1
2020-02-26,Spain,NA,Comunidad Valenciana,4974969,8,0,65,1
2020-02-27,Spain,NA,Comunidad Valenciana,4974969,15,0,80,1
2020-02-28,Spain,NA,Comunidad Valenciana,4974969,22,0,102,1
2020-02-29,Spain,NA,Comunidad Valenciana,4974969,14,0,116,1
2020-03-01,Spain,NA,Comunidad Valenciana,4974969,34,0,150,1
2020-03-02,Spain,NA,Comunidad Valenciana,4974969,36,0,186,1
2020-03-03,Spain,NA,Comunidad Valenciana,4974969,26,0,212,1
2020-03-04,Spain,NA,Comunidad Valenciana,4974969,34,0,246,1
2020-03-05,Spain,NA,Comunidad Valenciana,4974969,46,0,292,1
2020-03-06,Spain,NA,Comunidad Valenciana,4974969,66,0,358,1
2020-03-07,Spain,NA,Comunidad Valenciana,4974969,64,0,422,1
2020-03-08,Spain,NA,Comunidad Valenciana,4974969,99,0,521,1
2020-03-09,Spain,NA,Comunidad Valenciana,4974969,162,0,683,1
2020-03-10,Spain,NA,Comunidad Valenciana,4974969,266,0,949,1
2020-03-11,Spain,NA,Comunidad Valenciana,4974969,263,0,1212,1
2020-03-12,Spain,NA,Comunidad Valenciana,4974969,358,0,1570,1
2020-03-13,Spain,NA,Comunidad Valenciana,4974969,444,2,2014,3
2020-03-14,Spain,NA,Comunidad Valenciana,4974969,452,7,2466,10
2020-03-15,Spain,NA,Comunidad Valenciana,4974969,469,4,2935,14
2020-03-16,Spain,NA,Comunidad Valenciana,4974969,572,4,3507,18
2020-03-17,Spain,NA,Comunidad Valenciana,4974969,509,2,4016,20
2020-03-18,Spain,NA,Comunidad Valenciana,4974969,481,14,4497,34
2020-03-19,Spain,NA,Comunidad Valenciana,4974969,456,9,4953,43
2020-03-20,Spain,NA,Comunidad Valenciana,4974969,511,19,5464,62
2020-03-21,Spain,NA,Comunidad Valenciana,4974969,412,22,5876,84
2020-03-22,Spain,NA,Comunidad Valenciana,4974969,362,29,6238,113
2020-03-23,Spain,NA,Comunidad Valenciana,4974969,431,23,6669,136
2020-03-24,Spain,NA,Comunidad Valenciana,4974969,306,30,6975,166
2020-03-25,Spain,NA,Comunidad Valenciana,4974969,359,33,7334,199
2020-03-26,Spain,NA,Comunidad Valenciana,4974969,271,37,7605,236
2020-03-27,Spain,NA,Comunidad Valenciana,4974969,295,48,7900,284
2020-03-28,Spain,NA,Comunidad Valenciana,4974969,218,44,8118,328
2020-03-29,Spain,NA,Comunidad Valenciana,4974969,183,35,8301,363
2020-03-30,Spain,NA,Comunidad Valenciana,4974969,222,54,8523,417
2020-03-31,Spain,NA,Comunidad Valenciana,4974969,151,59,8674,476
2020-04-01,Spain,NA,Comunidad Valenciana,4974969,202,44,8876,520
2020-04-02,Spain,NA,Comunidad Valenciana,4974969,181,49,9057,569
2020-04-03,Spain,NA,Comunidad Valenciana,4974969,190,53,9247,622
2020-04-04,Spain,NA,Comunidad Valenciana,4974969,118,45,9365,667
2020-04-05,Spain,NA,Comunidad Valenciana,4974969,105,41,9470,708
2020-04-06,Spain,NA,Comunidad Valenciana,4974969,137,36,9607,744
2020-04-07,Spain,NA,Comunidad Valenciana,4974969,127,58,9734,802
2020-04-08,Spain,NA,Comunidad Valenciana,4974969,125,31,9859,833
2020-04-09,Spain,NA,Comunidad Valenciana,4974969,117,28,9976,861
2020-04-10,Spain,NA,Comunidad Valenciana,4974969,95,32,10071,893
2020-04-11,Spain,NA,Comunidad Valenciana,4974969,78,38,10149,931
2020-04-12,Spain,NA,Comunidad Valenciana,4974969,67,30,10216,961
2020-04-13,Spain,NA,Comunidad Valenciana,4974969,63,35,10279,996
2020-04-14,Spain,NA,Comunidad Valenciana,4974969,63,32,10342,1028
2020-04-15,Spain,NA,Comunidad Valenciana,4974969,72,33,10414,1061
2020-04-16,Spain,NA,Comunidad Valenciana,4974969,53,27,10467,1088
2020-04-17,Spain,NA,Comunidad Valenciana,4974969,82,23,10549,1111
2020-04-18,Spain,NA,Comunidad Valenciana,4974969,52,11,10601,1122
2020-04-19,Spain,NA,Comunidad Valenciana,4974969,25,15,10626,1137
2020-04-20,Spain,NA,Comunidad Valenciana,4974969,35,16,10661,1153
2020-04-21,Spain,NA,Comunidad Valenciana,4974969,50,18,10711,1171
2020-04-22,Spain,NA,Comunidad Valenciana,4974969,35,17,10746,1188
2020-04-23,Spain,NA,Comunidad Valenciana,4974969,43,12,10789,1200
2020-04-24,Spain,NA,Comunidad Valenciana,4974969,40,11,10829,1211
2020-04-25,Spain,NA,Comunidad Valenciana,4974969,38,11,10867,1222
2020-04-26,Spain,NA,Comunidad Valenciana,4974969,19,13,10886,1235
2020-04-27,Spain,NA,Comunidad Valenciana,4974969,20,14,10906,1249
2020-04-28,Spain,NA,Comunidad Valenciana,4974969,37,21,10943,1270
2020-04-29,Spain,NA,Comunidad Valenciana,4974969,34,6,10977,1276
2020-04-30,Spain,NA,Comunidad Valenciana,4974969,19,8,10996,1284
2020-05-01,Spain,NA,Comunidad Valenciana,4974969,24,11,11020,1295
2020-05-02,Spain,NA,Comunidad Valenciana,4974969,31,8,11051,1303
2020-05-03,Spain,NA,Comunidad Valenciana,4974969,15,10,11066,1313
2020-05-04,Spain,NA,Comunidad Valenciana,4974969,6,6,11072,1319
2020-05-05,Spain,NA,Comunidad Valenciana,4974969,12,8,11084,1327
2020-05-06,Spain,NA,Comunidad Valenciana,4974969,12,10,11096,1337
2020-05-07,Spain,NA,Comunidad Valenciana,4974969,4,5,11100,1342
2020-05-08,Spain,NA,Comunidad Valenciana,4974969,5,7,11105,1349
2020-05-09,Spain,NA,Comunidad Valenciana,4974969,7,8,11112,1357
2020-05-10,Spain,NA,Comunidad Valenciana,4974969,8,5,11120,1362
2020-05-11,Spain,NA,Comunidad Valenciana,4974969,20,7,11140,1369
2020-05-12,Spain,NA,Comunidad Valenciana,4974969,18,4,11158,1373
2020-05-13,Spain,NA,Comunidad Valenciana,4974969,11,6,11169,1379
2020-05-14,Spain,NA,Comunidad Valenciana,4974969,19,8,11188,1387
2020-05-15,Spain,NA,Comunidad Valenciana,4974969,13,2,11201,1389
2020-05-16,Spain,NA,Comunidad Valenciana,4974969,8,3,11209,1392
2020-05-17,Spain,NA,Comunidad Valenciana,4974969,7,2,11216,1394
2020-05-18,Spain,NA,Comunidad Valenciana,4974969,10,4,11226,1398
2020-05-19,Spain,NA,Comunidad Valenciana,4974969,12,2,11238,1400
2020-05-20,Spain,NA,Comunidad Valenciana,4974969,14,2,11252,1402
2020-05-21,Spain,NA,Comunidad Valenciana,4974969,8,4,11260,1406
2020-05-22,Spain,NA,Comunidad Valenciana,4974969,16,3,11276,1409
2020-05-23,Spain,NA,Comunidad Valenciana,4974969,8,1,11284,1410
2020-05-24,Spain,NA,Comunidad Valenciana,4974969,9,0,11293,1410
2020-05-25,Spain,NA,Comunidad Valenciana,4974969,5,2,11298,1412
2020-05-26,Spain,NA,Comunidad Valenciana,4974969,13,2,11311,1414
2020-05-27,Spain,NA,Comunidad Valenciana,4974969,16,2,11327,1416
2020-05-28,Spain,NA,Comunidad Valenciana,4974969,9,2,11336,1418
2020-05-29,Spain,NA,Comunidad Valenciana,4974969,8,1,11344,1419
2020-05-30,Spain,NA,Comunidad Valenciana,4974969,5,0,11349,1419
2020-05-31,Spain,NA,Comunidad Valenciana,4974969,7,0,11356,1419
2020-06-01,Spain,NA,Comunidad Valenciana,4974969,14,0,11370,1419
2020-06-02,Spain,NA,Comunidad Valenciana,4974969,19,2,11389,1421
2020-06-03,Spain,NA,Comunidad Valenciana,4974969,11,2,11400,1423
2020-06-04,Spain,NA,Comunidad Valenciana,4974969,9,1,11409,1424
2020-06-05,Spain,NA,Comunidad Valenciana,4974969,8,0,11417,1424
2020-06-06,Spain,NA,Comunidad Valenciana,4974969,8,0,11425,1424
2020-06-07,Spain,NA,Comunidad Valenciana,4974969,7,0,11432,1424
2020-06-08,Spain,NA,Comunidad Valenciana,4974969,5,0,11437,1424
2020-06-09,Spain,NA,Comunidad Valenciana,4974969,8,1,11445,1425
2020-06-10,Spain,NA,Comunidad Valenciana,4974969,4,0,11449,1425
2020-06-11,Spain,NA,Comunidad Valenciana,4974969,11,1,11460,1426
2020-06-12,Spain,NA,Comunidad Valenciana,4974969,11,0,11471,1426
2020-06-13,Spain,NA,Comunidad Valenciana,4974969,3,0,11474,1426
2020-06-14,Spain,NA,Comunidad Valenciana,4974969,1,1,11475,1427
2020-06-15,Spain,NA,Comunidad Valenciana,4974969,11,1,11486,1428
2020-06-16,Spain,NA,Comunidad Valenciana,4974969,10,0,11496,1428
2020-06-17,Spain,NA,Comunidad Valenciana,4974969,8,0,11504,1428
2020-06-18,Spain,NA,Comunidad Valenciana,4974969,8,0,11512,1428
2020-06-19,Spain,NA,Comunidad Valenciana,4974969,11,0,11523,1428
2020-06-20,Spain,NA,Comunidad Valenciana,4974969,5,0,11528,1428
2020-06-21,Spain,NA,Comunidad Valenciana,4974969,10,1,11538,1429
2020-06-22,Spain,NA,Comunidad Valenciana,4974969,7,0,11545,1429
2020-06-23,Spain,NA,Comunidad Valenciana,4974969,12,0,11557,1429
2020-06-24,Spain,NA,Comunidad Valenciana,4974969,6,0,11563,1429
2020-06-25,Spain,NA,Comunidad Valenciana,4974969,8,0,11571,1429
2020-06-26,Spain,NA,Comunidad Valenciana,4974969,13,0,11584,1429
2020-06-27,Spain,NA,Comunidad Valenciana,4974969,13,0,11597,1429
2020-06-28,Spain,NA,Comunidad Valenciana,4974969,13,0,11610,1429
2020-06-29,Spain,NA,Comunidad Valenciana,4974969,18,0,11628,1429
2020-06-30,Spain,NA,Comunidad Valenciana,4974969,18,0,11646,1429
2020-07-01,Spain,NA,Comunidad Valenciana,4974969,23,0,11669,1429
2020-07-02,Spain,NA,Comunidad Valenciana,4974969,23,0,11692,1429
2020-07-03,Spain,NA,Comunidad Valenciana,4974969,14,0,11706,1429
2020-07-04,Spain,NA,Comunidad Valenciana,4974969,6,0,11712,1429
2020-07-05,Spain,NA,Comunidad Valenciana,4974969,11,0,11723,1429
2020-07-06,Spain,NA,Comunidad Valenciana,4974969,21,0,11744,1429
2020-07-07,Spain,NA,Comunidad Valenciana,4974969,26,0,11770,1429
2020-07-08,Spain,NA,Comunidad Valenciana,4974969,29,0,11799,1429
2020-07-09,Spain,NA,Comunidad Valenciana,4974969,28,0,11827,1429
2020-07-10,Spain,NA,Comunidad Valenciana,4974969,32,0,11859,1429
2020-07-11,Spain,NA,Comunidad Valenciana,4974969,35,0,11894,1429
2020-07-12,Spain,NA,Comunidad Valenciana,4974969,17,0,11911,1429
2020-07-13,Spain,NA,Comunidad Valenciana,4974969,49,0,11960,1429
2020-07-14,Spain,NA,Comunidad Valenciana,4974969,55,0,12015,1429
2020-07-15,Spain,NA,Comunidad Valenciana,4974969,77,0,12092,1429
2020-07-16,Spain,NA,Comunidad Valenciana,4974969,64,0,12156,1429
2020-07-17,Spain,NA,Comunidad Valenciana,4974969,95,0,12251,1429
2020-07-18,Spain,NA,Comunidad Valenciana,4974969,92,0,12343,1429
2020-07-19,Spain,NA,Comunidad Valenciana,4974969,81,1,12424,1430
2020-07-20,Spain,NA,Comunidad Valenciana,4974969,119,0,12543,1430
2020-07-21,Spain,NA,Comunidad Valenciana,4974969,127,0,12670,1430
2020-07-22,Spain,NA,Comunidad Valenciana,4974969,135,0,12805,1430
2020-07-23,Spain,NA,Comunidad Valenciana,4974969,123,0,12928,1430
2020-07-24,Spain,NA,Comunidad Valenciana,4974969,154,0,13082,1430
2020-07-25,Spain,NA,Comunidad Valenciana,4974969,161,0,13243,1430
2020-07-26,Spain,NA,Comunidad Valenciana,4974969,121,0,13364,1430
2020-07-27,Spain,NA,Comunidad Valenciana,4974969,203,0,13567,1430
2020-07-28,Spain,NA,Comunidad Valenciana,4974969,184,3,13751,1433
2020-07-29,Spain,NA,Comunidad Valenciana,4974969,264,0,14015,1433
2020-07-30,Spain,NA,Comunidad Valenciana,4974969,238,0,14253,1433
2020-07-31,Spain,NA,Comunidad Valenciana,4974969,230,0,14483,1433
2020-08-01,Spain,NA,Comunidad Valenciana,4974969,258,0,14741,1433
2020-08-02,Spain,NA,Comunidad Valenciana,4974969,188,1,14929,1434
2020-08-03,Spain,NA,Comunidad Valenciana,4974969,258,0,15187,1434
2020-08-04,Spain,NA,Comunidad Valenciana,4974969,330,1,15517,1435
2020-08-05,Spain,NA,Comunidad Valenciana,4974969,346,0,15863,1435
2020-08-06,Spain,NA,Comunidad Valenciana,4974969,305,2,16168,1437
2020-08-07,Spain,NA,Comunidad Valenciana,4974969,325,0,16493,1437
2020-08-08,Spain,NA,Comunidad Valenciana,4974969,305,1,16798,1438
2020-08-09,Spain,NA,Comunidad Valenciana,4974969,247,1,17045,1439
2020-08-10,Spain,NA,Comunidad Valenciana,4974969,384,1,17429,1440
2020-08-11,Spain,NA,Comunidad Valenciana,4974969,378,0,17807,1440
2020-08-12,Spain,NA,Comunidad Valenciana,4974969,435,1,18242,1441
2020-08-13,Spain,NA,Comunidad Valenciana,4974969,417,1,18659,1442
2020-08-14,Spain,NA,Comunidad Valenciana,4974969,486,1,19145,1443
2020-08-15,Spain,NA,Comunidad Valenciana,4974969,396,0,19541,1443
2020-08-16,Spain,NA,Comunidad Valenciana,4974969,346,0,19887,1443
2020-08-17,Spain,NA,Comunidad Valenciana,4974969,522,3,20409,1446
2020-08-18,Spain,NA,Comunidad Valenciana,4974969,521,1,20930,1447
2020-08-19,Spain,NA,Comunidad Valenciana,4974969,542,2,21472,1449
2020-08-20,Spain,NA,Comunidad Valenciana,4974969,568,1,22040,1450
2020-08-21,Spain,NA,Comunidad Valenciana,4974969,614,3,22654,1453
2020-08-22,Spain,NA,Comunidad Valenciana,4974969,566,2,23220,1455
2020-08-23,Spain,NA,Comunidad Valenciana,4974969,430,2,23650,1457
2020-08-24,Spain,NA,Comunidad Valenciana,4974969,630,2,24280,1459
2020-08-25,Spain,NA,Comunidad Valenciana,4974969,529,1,24809,1460
2020-08-26,Spain,NA,Comunidad Valenciana,4974969,648,3,25457,1463
2020-08-27,Spain,NA,Comunidad Valenciana,4974969,517,3,25974,1466
2020-08-28,Spain,NA,Comunidad Valenciana,4974969,580,4,26554,1470
2020-08-29,Spain,NA,Comunidad Valenciana,4974969,579,2,27133,1472
2020-08-30,Spain,NA,Comunidad Valenciana,4974969,344,3,27477,1475
2020-08-31,Spain,NA,Comunidad Valenciana,4974969,409,2,27886,1477
2020-09-01,Spain,NA,Comunidad Valenciana,4974969,455,5,28341,1482
2020-09-02,Spain,NA,Comunidad Valenciana,4974969,530,4,28871,1486
2020-09-03,Spain,NA,Comunidad Valenciana,4974969,382,5,29253,1491
2020-09-04,Spain,NA,Comunidad Valenciana,4974969,434,3,29687,1494
2020-09-05,Spain,NA,Comunidad Valenciana,4974969,393,3,30080,1497
2020-09-06,Spain,NA,Comunidad Valenciana,4974969,244,4,30324,1501
2020-09-07,Spain,NA,Comunidad Valenciana,4974969,275,2,30599,1503
2020-09-08,Spain,NA,Comunidad Valenciana,4974969,279,5,30878,1508
2020-09-09,Spain,NA,Comunidad Valenciana,4974969,234,4,31112,1512
2020-09-10,Spain,NA,Comunidad Valenciana,4974969,215,1,31327,1513
2020-09-11,Spain,NA,Comunidad Valenciana,4974969,190,1,31517,1514
2020-09-12,Spain,NA,Comunidad Valenciana,4974969,25,1,31542,1515
2020-09-13,Spain,NA,Comunidad Valenciana,4974969,13,2,31555,1517
2020-02-28,Spain,NA,Extremadura,1065424,4,0,11,0
2020-02-29,Spain,NA,Extremadura,1065424,3,0,14,0
2020-03-01,Spain,NA,Extremadura,1065424,3,0,17,0
2020-03-02,Spain,NA,Extremadura,1065424,6,0,23,0
2020-03-03,Spain,NA,Extremadura,1065424,4,0,27,0
2020-03-04,Spain,NA,Extremadura,1065424,6,0,33,0
2020-03-05,Spain,NA,Extremadura,1065424,5,0,38,0
2020-03-06,Spain,NA,Extremadura,1065424,11,0,49,0
2020-03-07,Spain,NA,Extremadura,1065424,12,0,61,0
2020-03-08,Spain,NA,Extremadura,1065424,12,0,73,0
2020-03-09,Spain,NA,Extremadura,1065424,31,0,104,0
2020-03-10,Spain,NA,Extremadura,1065424,36,0,140,0
2020-03-11,Spain,NA,Extremadura,1065424,57,1,197,1
2020-03-12,Spain,NA,Extremadura,1065424,72,0,269,1
2020-03-13,Spain,NA,Extremadura,1065424,81,0,350,1
2020-03-14,Spain,NA,Extremadura,1065424,71,0,421,1
2020-03-15,Spain,NA,Extremadura,1065424,62,1,483,2
2020-03-16,Spain,NA,Extremadura,1065424,94,2,577,4
2020-03-17,Spain,NA,Extremadura,1065424,95,2,672,6
2020-03-18,Spain,NA,Extremadura,1065424,105,2,777,8
2020-03-19,Spain,NA,Extremadura,1065424,103,3,880,11
2020-03-20,Spain,NA,Extremadura,1065424,140,3,1020,14
2020-03-21,Spain,NA,Extremadura,1065424,111,4,1131,18
2020-03-22,Spain,NA,Extremadura,1065424,116,6,1247,24
2020-03-23,Spain,NA,Extremadura,1065424,209,10,1456,34
2020-03-24,Spain,NA,Extremadura,1065424,137,17,1593,51
2020-03-25,Spain,NA,Extremadura,1065424,121,11,1714,62
2020-03-26,Spain,NA,Extremadura,1065424,120,16,1834,78
2020-03-27,Spain,NA,Extremadura,1065424,91,22,1925,100
2020-03-28,Spain,NA,Extremadura,1065424,72,16,1997,116
2020-03-29,Spain,NA,Extremadura,1065424,51,16,2048,132
2020-03-30,Spain,NA,Extremadura,1065424,66,23,2114,155
2020-03-31,Spain,NA,Extremadura,1065424,37,17,2151,172
2020-04-01,Spain,NA,Extremadura,1065424,89,20,2240,192
2020-04-02,Spain,NA,Extremadura,1065424,51,21,2291,213
2020-04-03,Spain,NA,Extremadura,1065424,65,17,2356,230
2020-04-04,Spain,NA,Extremadura,1065424,47,11,2403,241
2020-04-05,Spain,NA,Extremadura,1065424,25,14,2428,255
2020-04-06,Spain,NA,Extremadura,1065424,37,18,2465,273
2020-04-07,Spain,NA,Extremadura,1065424,27,10,2492,283
2020-04-08,Spain,NA,Extremadura,1065424,36,14,2528,297
2020-04-09,Spain,NA,Extremadura,1065424,21,17,2549,314
2020-04-10,Spain,NA,Extremadura,1065424,39,13,2588,327
2020-04-11,Spain,NA,Extremadura,1065424,27,6,2615,333
2020-04-12,Spain,NA,Extremadura,1065424,21,11,2636,344
2020-04-13,Spain,NA,Extremadura,1065424,24,9,2660,353
2020-04-14,Spain,NA,Extremadura,1065424,28,8,2688,361
2020-04-15,Spain,NA,Extremadura,1065424,25,12,2713,373
2020-04-16,Spain,NA,Extremadura,1065424,23,7,2736,380
2020-04-17,Spain,NA,Extremadura,1065424,28,3,2764,383
2020-04-18,Spain,NA,Extremadura,1065424,18,7,2782,390
2020-04-19,Spain,NA,Extremadura,1065424,11,5,2793,395
2020-04-20,Spain,NA,Extremadura,1065424,31,7,2824,402
2020-04-21,Spain,NA,Extremadura,1065424,16,7,2840,409
2020-04-22,Spain,NA,Extremadura,1065424,27,6,2867,415
2020-04-23,Spain,NA,Extremadura,1065424,14,2,2881,417
2020-04-24,Spain,NA,Extremadura,1065424,16,12,2897,429
2020-04-25,Spain,NA,Extremadura,1065424,23,6,2920,435
2020-04-26,Spain,NA,Extremadura,1065424,12,6,2932,441
2020-04-27,Spain,NA,Extremadura,1065424,10,6,2942,447
2020-04-28,Spain,NA,Extremadura,1065424,5,4,2947,451
2020-04-29,Spain,NA,Extremadura,1065424,15,7,2962,458
2020-04-30,Spain,NA,Extremadura,1065424,13,2,2975,460
2020-05-01,Spain,NA,Extremadura,1065424,23,3,2998,463
2020-05-02,Spain,NA,Extremadura,1065424,13,2,3011,465
2020-05-03,Spain,NA,Extremadura,1065424,5,0,3016,465
2020-05-04,Spain,NA,Extremadura,1065424,12,0,3028,465
2020-05-05,Spain,NA,Extremadura,1065424,1,5,3029,470
2020-05-06,Spain,NA,Extremadura,1065424,5,4,3034,474
2020-05-07,Spain,NA,Extremadura,1065424,2,4,3036,478
2020-05-08,Spain,NA,Extremadura,1065424,3,4,3039,482
2020-05-09,Spain,NA,Extremadura,1065424,2,2,3041,484
2020-05-10,Spain,NA,Extremadura,1065424,3,0,3044,484
2020-05-11,Spain,NA,Extremadura,1065424,5,4,3049,488
2020-05-12,Spain,NA,Extremadura,1065424,7,5,3056,493
2020-05-13,Spain,NA,Extremadura,1065424,6,2,3062,495
2020-05-14,Spain,NA,Extremadura,1065424,1,1,3063,496
2020-05-15,Spain,NA,Extremadura,1065424,2,2,3065,498
2020-05-16,Spain,NA,Extremadura,1065424,1,0,3066,498
2020-05-17,Spain,NA,Extremadura,1065424,2,2,3068,500
2020-05-18,Spain,NA,Extremadura,1065424,3,4,3071,504
2020-05-19,Spain,NA,Extremadura,1065424,2,1,3073,505
2020-05-20,Spain,NA,Extremadura,1065424,3,1,3076,506
2020-05-21,Spain,NA,Extremadura,1065424,2,1,3078,507
2020-05-22,Spain,NA,Extremadura,1065424,3,0,3081,507
2020-05-23,Spain,NA,Extremadura,1065424,0,0,3081,507
2020-05-24,Spain,NA,Extremadura,1065424,1,2,3082,509
2020-05-25,Spain,NA,Extremadura,1065424,5,1,3087,510
2020-05-26,Spain,NA,Extremadura,1065424,2,1,3089,511
2020-05-27,Spain,NA,Extremadura,1065424,2,1,3091,512
2020-05-28,Spain,NA,Extremadura,1065424,0,0,3091,512
2020-05-29,Spain,NA,Extremadura,1065424,3,1,3094,513
2020-05-30,Spain,NA,Extremadura,1065424,2,1,3096,514
2020-05-31,Spain,NA,Extremadura,1065424,1,1,3097,515
2020-06-01,Spain,NA,Extremadura,1065424,3,0,3100,515
2020-06-02,Spain,NA,Extremadura,1065424,4,1,3104,516
2020-06-03,Spain,NA,Extremadura,1065424,0,1,3104,517
2020-06-04,Spain,NA,Extremadura,1065424,3,0,3107,517
2020-06-05,Spain,NA,Extremadura,1065424,0,0,3107,517
2020-06-06,Spain,NA,Extremadura,1065424,0,0,3107,517
2020-06-07,Spain,NA,Extremadura,1065424,1,0,3108,517
2020-06-08,Spain,NA,Extremadura,1065424,1,0,3109,517
2020-06-09,Spain,NA,Extremadura,1065424,2,0,3111,517
2020-06-10,Spain,NA,Extremadura,1065424,1,1,3112,518
2020-06-11,Spain,NA,Extremadura,1065424,0,0,3112,518
2020-06-12,Spain,NA,Extremadura,1065424,1,0,3113,518
2020-06-13,Spain,NA,Extremadura,1065424,1,0,3114,518
2020-06-14,Spain,NA,Extremadura,1065424,0,0,3114,518
2020-06-15,Spain,NA,Extremadura,1065424,5,0,3119,518
2020-06-16,Spain,NA,Extremadura,1065424,2,0,3121,518
2020-06-17,Spain,NA,Extremadura,1065424,7,0,3128,518
2020-06-18,Spain,NA,Extremadura,1065424,4,0,3132,518
2020-06-19,Spain,NA,Extremadura,1065424,2,0,3134,518
2020-06-20,Spain,NA,Extremadura,1065424,1,0,3135,518
2020-06-21,Spain,NA,Extremadura,1065424,5,0,3140,518
2020-06-22,Spain,NA,Extremadura,1065424,1,0,3141,518
2020-06-23,Spain,NA,Extremadura,1065424,5,0,3146,518
2020-06-24,Spain,NA,Extremadura,1065424,1,0,3147,518
2020-06-25,Spain,NA,Extremadura,1065424,4,0,3151,518
2020-06-26,Spain,NA,Extremadura,1065424,0,0,3151,518
2020-06-27,Spain,NA,Extremadura,1065424,5,0,3156,518
2020-06-28,Spain,NA,Extremadura,1065424,3,0,3159,518
2020-06-29,Spain,NA,Extremadura,1065424,6,0,3165,518
2020-06-30,Spain,NA,Extremadura,1065424,7,0,3172,518
2020-07-01,Spain,NA,Extremadura,1065424,9,0,3181,518
2020-07-02,Spain,NA,Extremadura,1065424,4,0,3185,518
2020-07-03,Spain,NA,Extremadura,1065424,8,0,3193,518
2020-07-04,Spain,NA,Extremadura,1065424,4,0,3197,518
2020-07-05,Spain,NA,Extremadura,1065424,6,0,3203,518
2020-07-06,Spain,NA,Extremadura,1065424,1,0,3204,518
2020-07-07,Spain,NA,Extremadura,1065424,16,0,3220,518
2020-07-08,Spain,NA,Extremadura,1065424,6,0,3226,518
2020-07-09,Spain,NA,Extremadura,1065424,23,0,3249,518
2020-07-10,Spain,NA,Extremadura,1065424,45,0,3294,518
2020-07-11,Spain,NA,Extremadura,1065424,18,0,3312,518
2020-07-12,Spain,NA,Extremadura,1065424,12,0,3324,518
2020-07-13,Spain,NA,Extremadura,1065424,13,0,3337,518
2020-07-14,Spain,NA,Extremadura,1065424,3,0,3340,518
2020-07-15,Spain,NA,Extremadura,1065424,13,0,3353,518
2020-07-16,Spain,NA,Extremadura,1065424,22,0,3375,518
2020-07-17,Spain,NA,Extremadura,1065424,5,0,3380,518
2020-07-18,Spain,NA,Extremadura,1065424,5,0,3385,518
2020-07-19,Spain,NA,Extremadura,1065424,6,0,3391,518
2020-07-20,Spain,NA,Extremadura,1065424,9,0,3400,518
2020-07-21,Spain,NA,Extremadura,1065424,17,0,3417,518
2020-07-22,Spain,NA,Extremadura,1065424,6,0,3423,518
2020-07-23,Spain,NA,Extremadura,1065424,4,0,3427,518
2020-07-24,Spain,NA,Extremadura,1065424,11,0,3438,518
2020-07-25,Spain,NA,Extremadura,1065424,4,0,3442,518
2020-07-26,Spain,NA,Extremadura,1065424,7,0,3449,518
2020-07-27,Spain,NA,Extremadura,1065424,9,0,3458,518
2020-07-28,Spain,NA,Extremadura,1065424,21,0,3479,518
2020-07-29,Spain,NA,Extremadura,1065424,17,1,3496,519
2020-07-30,Spain,NA,Extremadura,1065424,20,0,3516,519
2020-07-31,Spain,NA,Extremadura,1065424,38,0,3554,519
2020-08-01,Spain,NA,Extremadura,1065424,18,0,3572,519
2020-08-02,Spain,NA,Extremadura,1065424,21,0,3593,519
2020-08-03,Spain,NA,Extremadura,1065424,21,0,3614,519
2020-08-04,Spain,NA,Extremadura,1065424,16,0,3630,519
2020-08-05,Spain,NA,Extremadura,1065424,34,0,3664,519
2020-08-06,Spain,NA,Extremadura,1065424,33,1,3697,520
2020-08-07,Spain,NA,Extremadura,1065424,46,0,3743,520
2020-08-08,Spain,NA,Extremadura,1065424,20,0,3763,520
2020-08-09,Spain,NA,Extremadura,1065424,11,0,3774,520
2020-08-10,Spain,NA,Extremadura,1065424,27,0,3801,520
2020-08-11,Spain,NA,Extremadura,1065424,34,1,3835,521
2020-08-12,Spain,NA,Extremadura,1065424,73,0,3908,521
2020-08-13,Spain,NA,Extremadura,1065424,66,0,3974,521
2020-08-14,Spain,NA,Extremadura,1065424,47,0,4021,521
2020-08-15,Spain,NA,Extremadura,1065424,29,1,4050,522
2020-08-16,Spain,NA,Extremadura,1065424,40,0,4090,522
2020-08-17,Spain,NA,Extremadura,1065424,53,0,4143,522
2020-08-18,Spain,NA,Extremadura,1065424,79,0,4222,522
2020-08-19,Spain,NA,Extremadura,1065424,96,1,4318,523
2020-08-20,Spain,NA,Extremadura,1065424,80,0,4398,523
2020-08-21,Spain,NA,Extremadura,1065424,92,1,4490,524
2020-08-22,Spain,NA,Extremadura,1065424,87,1,4577,525
2020-08-23,Spain,NA,Extremadura,1065424,72,0,4649,525
2020-08-24,Spain,NA,Extremadura,1065424,74,0,4723,525
2020-08-25,Spain,NA,Extremadura,1065424,107,0,4830,525
2020-08-26,Spain,NA,Extremadura,1065424,91,0,4921,525
2020-08-27,Spain,NA,Extremadura,1065424,85,0,5006,525
2020-08-28,Spain,NA,Extremadura,1065424,130,0,5136,525
2020-08-29,Spain,NA,Extremadura,1065424,86,1,5222,526
2020-08-30,Spain,NA,Extremadura,1065424,119,0,5341,526
2020-08-31,Spain,NA,Extremadura,1065424,116,0,5457,526
2020-09-01,Spain,NA,Extremadura,1065424,129,2,5586,528
2020-09-02,Spain,NA,Extremadura,1065424,152,0,5738,528
2020-09-03,Spain,NA,Extremadura,1065424,166,1,5904,529
2020-09-04,Spain,NA,Extremadura,1065424,148,2,6052,531
2020-09-05,Spain,NA,Extremadura,1065424,130,0,6182,531
2020-09-06,Spain,NA,Extremadura,1065424,123,1,6305,532
2020-09-07,Spain,NA,Extremadura,1065424,123,1,6428,533
2020-09-08,Spain,NA,Extremadura,1065424,121,4,6549,537
2020-09-09,Spain,NA,Extremadura,1065424,182,0,6731,537
2020-09-10,Spain,NA,Extremadura,1065424,154,0,6885,537
2020-09-11,Spain,NA,Extremadura,1065424,130,0,7015,537
2020-09-12,Spain,NA,Extremadura,1065424,75,0,7090,537
2020-09-13,Spain,NA,Extremadura,1065424,55,0,7145,537
2020-02-24,Spain,NA,Galicia,2700441,1,0,11,0
2020-02-25,Spain,NA,Galicia,2700441,2,0,13,0
2020-02-26,Spain,NA,Galicia,2700441,3,0,16,0
2020-02-27,Spain,NA,Galicia,2700441,7,0,23,0
2020-02-28,Spain,NA,Galicia,2700441,6,0,29,0
2020-02-29,Spain,NA,Galicia,2700441,1,0,30,0
2020-03-01,Spain,NA,Galicia,2700441,5,0,35,0
2020-03-02,Spain,NA,Galicia,2700441,19,0,54,0
2020-03-03,Spain,NA,Galicia,2700441,16,0,70,0
2020-03-04,Spain,NA,Galicia,2700441,13,0,83,0
2020-03-05,Spain,NA,Galicia,2700441,18,0,101,0
2020-03-06,Spain,NA,Galicia,2700441,24,0,125,0
2020-03-07,Spain,NA,Galicia,2700441,32,0,157,0
2020-03-08,Spain,NA,Galicia,2700441,35,0,192,0
2020-03-09,Spain,NA,Galicia,2700441,80,0,272,0
2020-03-10,Spain,NA,Galicia,2700441,113,0,385,0
2020-03-11,Spain,NA,Galicia,2700441,129,0,514,0
2020-03-12,Spain,NA,Galicia,2700441,181,0,695,0
2020-03-13,Spain,NA,Galicia,2700441,240,0,935,0
2020-03-14,Spain,NA,Galicia,2700441,238,1,1173,1
2020-03-15,Spain,NA,Galicia,2700441,269,1,1442,2
2020-03-16,Spain,NA,Galicia,2700441,383,1,1825,3
2020-03-17,Spain,NA,Galicia,2700441,323,2,2148,5
2020-03-18,Spain,NA,Galicia,2700441,306,0,2454,5
2020-03-19,Spain,NA,Galicia,2700441,290,1,2744,6
2020-03-20,Spain,NA,Galicia,2700441,462,5,3206,11
2020-03-21,Spain,NA,Galicia,2700441,272,5,3478,16
2020-03-22,Spain,NA,Galicia,2700441,249,4,3727,20
2020-03-23,Spain,NA,Galicia,2700441,377,5,4104,25
2020-03-24,Spain,NA,Galicia,2700441,291,7,4395,32
2020-03-25,Spain,NA,Galicia,2700441,283,7,4678,39
2020-03-26,Spain,NA,Galicia,2700441,295,9,4973,48
2020-03-27,Spain,NA,Galicia,2700441,301,11,5274,59
2020-03-28,Spain,NA,Galicia,2700441,333,19,5607,78
2020-03-29,Spain,NA,Galicia,2700441,196,11,5803,89
2020-03-30,Spain,NA,Galicia,2700441,273,28,6076,117
2020-03-31,Spain,NA,Galicia,2700441,161,19,6237,136
2020-04-01,Spain,NA,Galicia,2700441,233,23,6470,159
2020-04-02,Spain,NA,Galicia,2700441,259,24,6729,183
2020-04-03,Spain,NA,Galicia,2700441,209,27,6938,210
2020-04-04,Spain,NA,Galicia,2700441,133,18,7071,228
2020-04-05,Spain,NA,Galicia,2700441,115,27,7186,255
2020-04-06,Spain,NA,Galicia,2700441,177,16,7363,271
2020-04-07,Spain,NA,Galicia,2700441,148,28,7511,299
2020-04-08,Spain,NA,Galicia,2700441,147,12,7658,311
2020-04-09,Spain,NA,Galicia,2700441,149,22,7807,333
2020-04-10,Spain,NA,Galicia,2700441,71,31,7878,364
2020-04-11,Spain,NA,Galicia,2700441,63,12,7941,376
2020-04-12,Spain,NA,Galicia,2700441,62,13,8003,389
2020-04-13,Spain,NA,Galicia,2700441,103,13,8106,402
2020-04-14,Spain,NA,Galicia,2700441,64,16,8170,418
2020-04-15,Spain,NA,Galicia,2700441,97,12,8267,430
2020-04-16,Spain,NA,Galicia,2700441,69,11,8336,441
2020-04-17,Spain,NA,Galicia,2700441,52,12,8388,453
2020-04-18,Spain,NA,Galicia,2700441,62,19,8450,472
2020-04-19,Spain,NA,Galicia,2700441,47,6,8497,478
2020-04-20,Spain,NA,Galicia,2700441,62,10,8559,488
2020-04-21,Spain,NA,Galicia,2700441,43,14,8602,502
2020-04-22,Spain,NA,Galicia,2700441,48,8,8650,510
2020-04-23,Spain,NA,Galicia,2700441,57,6,8707,516
2020-04-24,Spain,NA,Galicia,2700441,38,13,8745,529
2020-04-25,Spain,NA,Galicia,2700441,25,8,8770,537
2020-04-26,Spain,NA,Galicia,2700441,16,6,8786,543
2020-04-27,Spain,NA,Galicia,2700441,28,9,8814,552
2020-04-28,Spain,NA,Galicia,2700441,20,2,8834,554
2020-04-29,Spain,NA,Galicia,2700441,43,3,8877,557
2020-04-30,Spain,NA,Galicia,2700441,24,8,8901,565
2020-05-01,Spain,NA,Galicia,2700441,19,4,8920,569
2020-05-02,Spain,NA,Galicia,2700441,23,6,8943,575
2020-05-03,Spain,NA,Galicia,2700441,9,6,8952,581
2020-05-04,Spain,NA,Galicia,2700441,13,4,8965,585
2020-05-05,Spain,NA,Galicia,2700441,7,6,8972,591
2020-05-06,Spain,NA,Galicia,2700441,15,3,8987,594
2020-05-07,Spain,NA,Galicia,2700441,10,1,8997,595
2020-05-08,Spain,NA,Galicia,2700441,7,4,9004,599
2020-05-09,Spain,NA,Galicia,2700441,8,1,9012,600
2020-05-10,Spain,NA,Galicia,2700441,7,0,9019,600
2020-05-11,Spain,NA,Galicia,2700441,9,1,9028,601
2020-05-12,Spain,NA,Galicia,2700441,17,1,9045,602
2020-05-13,Spain,NA,Galicia,2700441,9,3,9054,605
2020-05-14,Spain,NA,Galicia,2700441,6,0,9060,605
2020-05-15,Spain,NA,Galicia,2700441,7,1,9067,606
2020-05-16,Spain,NA,Galicia,2700441,3,1,9070,607
2020-05-17,Spain,NA,Galicia,2700441,2,1,9072,608
2020-05-18,Spain,NA,Galicia,2700441,7,0,9079,608
2020-05-19,Spain,NA,Galicia,2700441,7,1,9086,609
2020-05-20,Spain,NA,Galicia,2700441,6,0,9092,609
2020-05-21,Spain,NA,Galicia,2700441,12,2,9104,611
2020-05-22,Spain,NA,Galicia,2700441,3,1,9107,612
2020-05-23,Spain,NA,Galicia,2700441,8,1,9115,613
2020-05-24,Spain,NA,Galicia,2700441,6,1,9121,614
2020-05-25,Spain,NA,Galicia,2700441,4,0,9125,614
2020-05-26,Spain,NA,Galicia,2700441,2,1,9127,615
2020-05-27,Spain,NA,Galicia,2700441,1,0,9128,615
2020-05-28,Spain,NA,Galicia,2700441,2,0,9130,615
2020-05-29,Spain,NA,Galicia,2700441,4,1,9134,616
2020-05-30,Spain,NA,Galicia,2700441,0,0,9134,616
2020-05-31,Spain,NA,Galicia,2700441,1,0,9135,616
2020-06-01,Spain,NA,Galicia,2700441,1,1,9136,617
2020-06-02,Spain,NA,Galicia,2700441,1,1,9137,618
2020-06-03,Spain,NA,Galicia,2700441,1,0,9138,618
2020-06-04,Spain,NA,Galicia,2700441,2,0,9140,618
2020-06-05,Spain,NA,Galicia,2700441,4,0,9144,618
2020-06-06,Spain,NA,Galicia,2700441,1,0,9145,618
2020-06-07,Spain,NA,Galicia,2700441,1,0,9146,618
2020-06-08,Spain,NA,Galicia,2700441,5,0,9151,618
2020-06-09,Spain,NA,Galicia,2700441,1,0,9152,618
2020-06-10,Spain,NA,Galicia,2700441,1,1,9153,619
2020-06-11,Spain,NA,Galicia,2700441,2,0,9155,619
2020-06-12,Spain,NA,Galicia,2700441,2,0,9157,619
2020-06-13,Spain,NA,Galicia,2700441,0,0,9157,619
2020-06-14,Spain,NA,Galicia,2700441,1,0,9158,619
2020-06-15,Spain,NA,Galicia,2700441,3,0,9161,619
2020-06-16,Spain,NA,Galicia,2700441,1,0,9162,619
2020-06-17,Spain,NA,Galicia,2700441,4,0,9166,619
2020-06-18,Spain,NA,Galicia,2700441,0,0,9166,619
2020-06-19,Spain,NA,Galicia,2700441,1,0,9167,619
2020-06-20,Spain,NA,Galicia,2700441,7,0,9174,619
2020-06-21,Spain,NA,Galicia,2700441,3,0,9177,619
2020-06-22,Spain,NA,Galicia,2700441,0,0,9177,619
2020-06-23,Spain,NA,Galicia,2700441,5,0,9182,619
2020-06-24,Spain,NA,Galicia,2700441,5,0,9187,619
2020-06-25,Spain,NA,Galicia,2700441,8,0,9195,619
2020-06-26,Spain,NA,Galicia,2700441,4,0,9199,619
2020-06-27,Spain,NA,Galicia,2700441,8,0,9207,619
2020-06-28,Spain,NA,Galicia,2700441,11,0,9218,619
2020-06-29,Spain,NA,Galicia,2700441,8,0,9226,619
2020-06-30,Spain,NA,Galicia,2700441,22,0,9248,619
2020-07-01,Spain,NA,Galicia,2700441,12,0,9260,619
2020-07-02,Spain,NA,Galicia,2700441,24,0,9284,619
2020-07-03,Spain,NA,Galicia,2700441,31,0,9315,619
2020-07-04,Spain,NA,Galicia,2700441,17,0,9332,619
2020-07-05,Spain,NA,Galicia,2700441,12,0,9344,619
2020-07-06,Spain,NA,Galicia,2700441,18,0,9362,619
2020-07-07,Spain,NA,Galicia,2700441,35,0,9397,619
2020-07-08,Spain,NA,Galicia,2700441,24,0,9421,619
2020-07-09,Spain,NA,Galicia,2700441,16,0,9437,619
2020-07-10,Spain,NA,Galicia,2700441,7,0,9444,619
2020-07-11,Spain,NA,Galicia,2700441,15,0,9459,619
2020-07-12,Spain,NA,Galicia,2700441,3,0,9462,619
2020-07-13,Spain,NA,Galicia,2700441,8,0,9470,619
2020-07-14,Spain,NA,Galicia,2700441,13,0,9483,619
2020-07-15,Spain,NA,Galicia,2700441,17,0,9500,619
2020-07-16,Spain,NA,Galicia,2700441,11,0,9511,619
2020-07-17,Spain,NA,Galicia,2700441,9,0,9520,619
2020-07-18,Spain,NA,Galicia,2700441,10,0,9530,619
2020-07-19,Spain,NA,Galicia,2700441,13,0,9543,619
2020-07-20,Spain,NA,Galicia,2700441,11,0,9554,619
2020-07-21,Spain,NA,Galicia,2700441,15,0,9569,619
2020-07-22,Spain,NA,Galicia,2700441,20,0,9589,619
2020-07-23,Spain,NA,Galicia,2700441,16,0,9605,619
2020-07-24,Spain,NA,Galicia,2700441,29,0,9634,619
2020-07-25,Spain,NA,Galicia,2700441,19,0,9653,619
2020-07-26,Spain,NA,Galicia,2700441,7,0,9660,619
2020-07-27,Spain,NA,Galicia,2700441,17,0,9677,619
2020-07-28,Spain,NA,Galicia,2700441,16,0,9693,619
2020-07-29,Spain,NA,Galicia,2700441,21,0,9714,619
2020-07-30,Spain,NA,Galicia,2700441,35,0,9749,619
2020-07-31,Spain,NA,Galicia,2700441,38,0,9787,619
2020-08-01,Spain,NA,Galicia,2700441,41,0,9828,619
2020-08-02,Spain,NA,Galicia,2700441,32,0,9860,619
2020-08-03,Spain,NA,Galicia,2700441,57,0,9917,619
2020-08-04,Spain,NA,Galicia,2700441,57,0,9974,619
2020-08-05,Spain,NA,Galicia,2700441,42,0,10016,619
2020-08-06,Spain,NA,Galicia,2700441,101,0,10117,619
2020-08-07,Spain,NA,Galicia,2700441,118,1,10235,620
2020-08-08,Spain,NA,Galicia,2700441,82,0,10317,620
2020-08-09,Spain,NA,Galicia,2700441,64,2,10381,622
2020-08-10,Spain,NA,Galicia,2700441,114,0,10495,622
2020-08-11,Spain,NA,Galicia,2700441,111,0,10606,622
2020-08-12,Spain,NA,Galicia,2700441,139,0,10745,622
2020-08-13,Spain,NA,Galicia,2700441,128,1,10873,623
2020-08-14,Spain,NA,Galicia,2700441,160,0,11033,623
2020-08-15,Spain,NA,Galicia,2700441,175,2,11208,625
2020-08-16,Spain,NA,Galicia,2700441,117,0,11325,625
2020-08-17,Spain,NA,Galicia,2700441,204,0,11529,625
2020-08-18,Spain,NA,Galicia,2700441,227,0,11756,625
2020-08-19,Spain,NA,Galicia,2700441,244,1,12000,626
2020-08-20,Spain,NA,Galicia,2700441,209,1,12209,627
2020-08-21,Spain,NA,Galicia,2700441,249,3,12458,630
2020-08-22,Spain,NA,Galicia,2700441,232,2,12690,632
2020-08-23,Spain,NA,Galicia,2700441,211,1,12901,633
2020-08-24,Spain,NA,Galicia,2700441,278,0,13179,633
2020-08-25,Spain,NA,Galicia,2700441,264,0,13443,633
2020-08-26,Spain,NA,Galicia,2700441,290,1,13733,634
2020-08-27,Spain,NA,Galicia,2700441,274,0,14007,634
2020-08-28,Spain,NA,Galicia,2700441,319,3,14326,637
2020-08-29,Spain,NA,Galicia,2700441,274,3,14600,640
2020-08-30,Spain,NA,Galicia,2700441,202,2,14802,642
2020-08-31,Spain,NA,Galicia,2700441,200,2,15002,644
2020-09-01,Spain,NA,Galicia,2700441,252,1,15254,645
2020-09-02,Spain,NA,Galicia,2700441,264,5,15518,650
2020-09-03,Spain,NA,Galicia,2700441,257,4,15775,654
2020-09-04,Spain,NA,Galicia,2700441,236,3,16011,657
2020-09-05,Spain,NA,Galicia,2700441,204,3,16215,660
2020-09-06,Spain,NA,Galicia,2700441,162,2,16377,662
2020-09-07,Spain,NA,Galicia,2700441,312,2,16689,664
2020-09-08,Spain,NA,Galicia,2700441,249,3,16938,667
2020-09-09,Spain,NA,Galicia,2700441,203,7,17141,674
2020-09-10,Spain,NA,Galicia,2700441,216,2,17357,676
2020-09-11,Spain,NA,Galicia,2700441,158,3,17515,679
2020-09-12,Spain,NA,Galicia,2700441,179,2,17694,681
2020-09-13,Spain,NA,Galicia,2700441,161,6,17855,687
2020-03-01,Spain,NA,Islas Baleares,1188220,4,0,14,0
2020-03-02,Spain,NA,Islas Baleares,1188220,6,0,20,0
2020-03-03,Spain,NA,Islas Baleares,1188220,8,0,28,0
2020-03-04,Spain,NA,Islas Baleares,1188220,5,0,33,0
2020-03-05,Spain,NA,Islas Baleares,1188220,12,0,45,0
2020-03-06,Spain,NA,Islas Baleares,1188220,10,0,55,0
2020-03-07,Spain,NA,Islas Baleares,1188220,6,0,61,0
2020-03-08,Spain,NA,Islas Baleares,1188220,12,0,73,0
2020-03-09,Spain,NA,Islas Baleares,1188220,16,0,89,0
2020-03-10,Spain,NA,Islas Baleares,1188220,34,0,123,0
2020-03-11,Spain,NA,Islas Baleares,1188220,41,0,164,0
2020-03-12,Spain,NA,Islas Baleares,1188220,39,3,203,3
2020-03-13,Spain,NA,Islas Baleares,1188220,61,0,264,3
2020-03-14,Spain,NA,Islas Baleares,1188220,68,0,332,3
2020-03-15,Spain,NA,Islas Baleares,1188220,83,0,415,3
2020-03-16,Spain,NA,Islas Baleares,1188220,84,0,499,3
2020-03-17,Spain,NA,Islas Baleares,1188220,79,1,578,4
2020-03-18,Spain,NA,Islas Baleares,1188220,80,0,658,4
2020-03-19,Spain,NA,Islas Baleares,1188220,102,1,760,5
2020-03-20,Spain,NA,Islas Baleares,1188220,95,1,855,6
2020-03-21,Spain,NA,Islas Baleares,1188220,61,5,916,11
2020-03-22,Spain,NA,Islas Baleares,1188220,90,3,1006,14
2020-03-23,Spain,NA,Islas Baleares,1188220,79,3,1085,17
2020-03-24,Spain,NA,Islas Baleares,1188220,65,5,1150,22
2020-03-25,Spain,NA,Islas Baleares,1188220,80,3,1230,25
2020-03-26,Spain,NA,Islas Baleares,1188220,68,3,1298,28
2020-03-27,Spain,NA,Islas Baleares,1188220,37,7,1335,35
2020-03-28,Spain,NA,Islas Baleares,1188220,32,6,1367,41
2020-03-29,Spain,NA,Islas Baleares,1188220,36,6,1403,47
2020-03-30,Spain,NA,Islas Baleares,1188220,61,7,1464,54
2020-03-31,Spain,NA,Islas Baleares,1188220,45,8,1509,62
2020-04-01,Spain,NA,Islas Baleares,1188220,81,7,1590,69
2020-04-02,Spain,NA,Islas Baleares,1188220,34,9,1624,78
2020-04-03,Spain,NA,Islas Baleares,1188220,43,5,1667,83
2020-04-04,Spain,NA,Islas Baleares,1188220,23,6,1690,89
2020-04-05,Spain,NA,Islas Baleares,1188220,27,2,1717,91
2020-04-06,Spain,NA,Islas Baleares,1188220,21,2,1738,93
2020-04-07,Spain,NA,Islas Baleares,1188220,18,8,1756,101
2020-04-08,Spain,NA,Islas Baleares,1188220,22,10,1778,111
2020-04-09,Spain,NA,Islas Baleares,1188220,8,5,1786,116
2020-04-10,Spain,NA,Islas Baleares,1188220,17,8,1803,124
2020-04-11,Spain,NA,Islas Baleares,1188220,14,5,1817,129
2020-04-12,Spain,NA,Islas Baleares,1188220,15,2,1832,131
2020-04-13,Spain,NA,Islas Baleares,1188220,10,4,1842,135
2020-04-14,Spain,NA,Islas Baleares,1188220,8,8,1850,143
2020-04-15,Spain,NA,Islas Baleares,1188220,5,8,1855,151
2020-04-16,Spain,NA,Islas Baleares,1188220,14,6,1869,157
2020-04-17,Spain,NA,Islas Baleares,1188220,7,8,1876,165
2020-04-18,Spain,NA,Islas Baleares,1188220,12,3,1888,168
2020-04-19,Spain,NA,Islas Baleares,1188220,8,3,1896,171
2020-04-20,Spain,NA,Islas Baleares,1188220,14,1,1910,172
2020-04-21,Spain,NA,Islas Baleares,1188220,7,3,1917,175
2020-04-22,Spain,NA,Islas Baleares,1188220,5,2,1922,177
2020-04-23,Spain,NA,Islas Baleares,1188220,5,2,1927,179
2020-04-24,Spain,NA,Islas Baleares,1188220,9,1,1936,180
2020-04-25,Spain,NA,Islas Baleares,1188220,10,5,1946,185
2020-04-26,Spain,NA,Islas Baleares,1188220,0,2,1946,187
2020-04-27,Spain,NA,Islas Baleares,1188220,3,2,1949,189
2020-04-28,Spain,NA,Islas Baleares,1188220,4,6,1953,195
2020-04-29,Spain,NA,Islas Baleares,1188220,2,3,1955,198
2020-04-30,Spain,NA,Islas Baleares,1188220,5,4,1960,202
2020-05-01,Spain,NA,Islas Baleares,1188220,8,1,1968,203
2020-05-02,Spain,NA,Islas Baleares,1188220,1,0,1969,203
2020-05-03,Spain,NA,Islas Baleares,1188220,3,1,1972,204
2020-05-04,Spain,NA,Islas Baleares,1188220,1,1,1973,205
2020-05-05,Spain,NA,Islas Baleares,1188220,4,1,1977,206
2020-05-06,Spain,NA,Islas Baleares,1188220,4,0,1981,206
2020-05-07,Spain,NA,Islas Baleares,1188220,2,4,1983,210
2020-05-08,Spain,NA,Islas Baleares,1188220,4,0,1987,210
2020-05-09,Spain,NA,Islas Baleares,1188220,0,0,1987,210
2020-05-10,Spain,NA,Islas Baleares,1188220,6,4,1993,214
2020-05-11,Spain,NA,Islas Baleares,1188220,8,2,2001,216
2020-05-12,Spain,NA,Islas Baleares,1188220,7,0,2008,216
2020-05-13,Spain,NA,Islas Baleares,1188220,10,1,2018,217
2020-05-14,Spain,NA,Islas Baleares,1188220,7,1,2025,218
2020-05-15,Spain,NA,Islas Baleares,1188220,15,1,2040,219
2020-05-16,Spain,NA,Islas Baleares,1188220,0,0,2040,219
2020-05-17,Spain,NA,Islas Baleares,1188220,5,0,2045,219
2020-05-18,Spain,NA,Islas Baleares,1188220,5,2,2050,221
2020-05-19,Spain,NA,Islas Baleares,1188220,12,0,2062,221
2020-05-20,Spain,NA,Islas Baleares,1188220,6,1,2068,222
2020-05-21,Spain,NA,Islas Baleares,1188220,5,0,2073,222
2020-05-22,Spain,NA,Islas Baleares,1188220,3,0,2076,222
2020-05-23,Spain,NA,Islas Baleares,1188220,2,1,2078,223
2020-05-24,Spain,NA,Islas Baleares,1188220,1,0,2079,223
2020-05-25,Spain,NA,Islas Baleares,1188220,3,0,2082,223
2020-05-26,Spain,NA,Islas Baleares,1188220,4,1,2086,224
2020-05-27,Spain,NA,Islas Baleares,1188220,3,0,2089,224
2020-05-28,Spain,NA,Islas Baleares,1188220,13,0,2102,224
2020-05-29,Spain,NA,Islas Baleares,1188220,4,0,2106,224
2020-05-30,Spain,NA,Islas Baleares,1188220,1,0,2107,224
2020-05-31,Spain,NA,Islas Baleares,1188220,2,0,2109,224
2020-06-01,Spain,NA,Islas Baleares,1188220,3,0,2112,224
2020-06-02,Spain,NA,Islas Baleares,1188220,7,0,2119,224
2020-06-03,Spain,NA,Islas Baleares,1188220,3,0,2122,224
2020-06-04,Spain,NA,Islas Baleares,1188220,6,0,2128,224
2020-06-05,Spain,NA,Islas Baleares,1188220,2,0,2130,224
2020-06-06,Spain,NA,Islas Baleares,1188220,2,0,2132,224
2020-06-07,Spain,NA,Islas Baleares,1188220,3,0,2135,224
2020-06-08,Spain,NA,Islas Baleares,1188220,2,0,2137,224
2020-06-09,Spain,NA,Islas Baleares,1188220,1,0,2138,224
2020-06-10,Spain,NA,Islas Baleares,1188220,3,0,2141,224
2020-06-11,Spain,NA,Islas Baleares,1188220,4,0,2145,224
2020-06-12,Spain,NA,Islas Baleares,1188220,6,0,2151,224
2020-06-13,Spain,NA,Islas Baleares,1188220,2,0,2153,224
2020-06-14,Spain,NA,Islas Baleares,1188220,4,0,2157,224
2020-06-15,Spain,NA,Islas Baleares,1188220,3,0,2160,224
2020-06-16,Spain,NA,Islas Baleares,1188220,4,0,2164,224
2020-06-17,Spain,NA,Islas Baleares,1188220,4,0,2168,224
2020-06-18,Spain,NA,Islas Baleares,1188220,5,0,2173,224
2020-06-19,Spain,NA,Islas Baleares,1188220,8,0,2181,224
2020-06-20,Spain,NA,Islas Baleares,1188220,3,0,2184,224
2020-06-21,Spain,NA,Islas Baleares,1188220,2,0,2186,224
2020-06-22,Spain,NA,Islas Baleares,1188220,1,0,2187,224
2020-06-23,Spain,NA,Islas Baleares,1188220,5,0,2192,224
2020-06-24,Spain,NA,Islas Baleares,1188220,3,0,2195,224
2020-06-25,Spain,NA,Islas Baleares,1188220,1,0,2196,224
2020-06-26,Spain,NA,Islas Baleares,1188220,10,0,2206,224
2020-06-27,Spain,NA,Islas Baleares,1188220,5,0,2211,224
2020-06-28,Spain,NA,Islas Baleares,1188220,5,0,2216,224
2020-06-29,Spain,NA,Islas Baleares,1188220,9,0,2225,224
2020-06-30,Spain,NA,Islas Baleares,1188220,3,0,2228,224
2020-07-01,Spain,NA,Islas Baleares,1188220,4,0,2232,224
2020-07-02,Spain,NA,Islas Baleares,1188220,3,0,2235,224
2020-07-03,Spain,NA,Islas Baleares,1188220,4,0,2239,224
2020-07-04,Spain,NA,Islas Baleares,1188220,3,0,2242,224
2020-07-05,Spain,NA,Islas Baleares,1188220,3,0,2245,224
2020-07-06,Spain,NA,Islas Baleares,1188220,3,0,2248,224
2020-07-07,Spain,NA,Islas Baleares,1188220,1,0,2249,224
2020-07-08,Spain,NA,Islas Baleares,1188220,4,0,2253,224
2020-07-09,Spain,NA,Islas Baleares,1188220,6,0,2259,224
2020-07-10,Spain,NA,Islas Baleares,1188220,8,0,2267,224
2020-07-11,Spain,NA,Islas Baleares,1188220,7,0,2274,224
2020-07-12,Spain,NA,Islas Baleares,1188220,4,0,2278,224
2020-07-13,Spain,NA,Islas Baleares,1188220,8,0,2286,224
2020-07-14,Spain,NA,Islas Baleares,1188220,11,0,2297,224
2020-07-15,Spain,NA,Islas Baleares,1188220,14,0,2311,224
2020-07-16,Spain,NA,Islas Baleares,1188220,7,0,2318,224
2020-07-17,Spain,NA,Islas Baleares,1188220,6,0,2324,224
2020-07-18,Spain,NA,Islas Baleares,1188220,7,0,2331,224
2020-07-19,Spain,NA,Islas Baleares,1188220,5,0,2336,224
2020-07-20,Spain,NA,Islas Baleares,1188220,15,0,2351,224
2020-07-21,Spain,NA,Islas Baleares,1188220,13,0,2364,224
2020-07-22,Spain,NA,Islas Baleares,1188220,13,0,2377,224
2020-07-23,Spain,NA,Islas Baleares,1188220,21,0,2398,224
2020-07-24,Spain,NA,Islas Baleares,1188220,26,0,2424,224
2020-07-25,Spain,NA,Islas Baleares,1188220,23,0,2447,224
2020-07-26,Spain,NA,Islas Baleares,1188220,47,0,2494,224
2020-07-27,Spain,NA,Islas Baleares,1188220,40,0,2534,224
2020-07-28,Spain,NA,Islas Baleares,1188220,52,0,2586,224
2020-07-29,Spain,NA,Islas Baleares,1188220,55,0,2641,224
2020-07-30,Spain,NA,Islas Baleares,1188220,76,0,2717,224
2020-07-31,Spain,NA,Islas Baleares,1188220,78,0,2795,224
2020-08-01,Spain,NA,Islas Baleares,1188220,113,0,2908,224
2020-08-02,Spain,NA,Islas Baleares,1188220,96,0,3004,224
2020-08-03,Spain,NA,Islas Baleares,1188220,149,0,3153,224
2020-08-04,Spain,NA,Islas Baleares,1188220,172,0,3325,224
2020-08-05,Spain,NA,Islas Baleares,1188220,157,0,3482,224
2020-08-06,Spain,NA,Islas Baleares,1188220,169,1,3651,225
2020-08-07,Spain,NA,Islas Baleares,1188220,190,0,3841,225
2020-08-08,Spain,NA,Islas Baleares,1188220,187,0,4028,225
2020-08-09,Spain,NA,Islas Baleares,1188220,166,0,4194,225
2020-08-10,Spain,NA,Islas Baleares,1188220,310,0,4504,225
2020-08-11,Spain,NA,Islas Baleares,1188220,253,0,4757,225
2020-08-12,Spain,NA,Islas Baleares,1188220,264,0,5021,225
2020-08-13,Spain,NA,Islas Baleares,1188220,295,0,5316,225
2020-08-14,Spain,NA,Islas Baleares,1188220,290,0,5606,225
2020-08-15,Spain,NA,Islas Baleares,1188220,226,0,5832,225
2020-08-16,Spain,NA,Islas Baleares,1188220,220,1,6052,226
2020-08-17,Spain,NA,Islas Baleares,1188220,361,1,6413,227
2020-08-18,Spain,NA,Islas Baleares,1188220,309,1,6722,228
2020-08-19,Spain,NA,Islas Baleares,1188220,336,1,7058,229
2020-08-20,Spain,NA,Islas Baleares,1188220,332,0,7390,229
2020-08-21,Spain,NA,Islas Baleares,1188220,302,0,7692,229
2020-08-22,Spain,NA,Islas Baleares,1188220,228,0,7920,229
2020-08-23,Spain,NA,Islas Baleares,1188220,186,1,8106,230
2020-08-24,Spain,NA,Islas Baleares,1188220,249,2,8355,232
2020-08-25,Spain,NA,Islas Baleares,1188220,268,0,8623,232
2020-08-26,Spain,NA,Islas Baleares,1188220,293,1,8916,233
2020-08-27,Spain,NA,Islas Baleares,1188220,215,0,9131,233
2020-08-28,Spain,NA,Islas Baleares,1188220,238,0,9369,233
2020-08-29,Spain,NA,Islas Baleares,1188220,186,0,9555,233
2020-08-30,Spain,NA,Islas Baleares,1188220,141,7,9696,240
2020-08-31,Spain,NA,Islas Baleares,1188220,229,2,9925,242
2020-09-01,Spain,NA,Islas Baleares,1188220,202,2,10127,244
2020-09-02,Spain,NA,Islas Baleares,1188220,177,3,10304,247
2020-09-03,Spain,NA,Islas Baleares,1188220,159,2,10463,249
2020-09-04,Spain,NA,Islas Baleares,1188220,111,2,10574,251
2020-09-05,Spain,NA,Islas Baleares,1188220,108,0,10682,251
2020-09-06,Spain,NA,Islas Baleares,1188220,79,1,10761,252
2020-09-07,Spain,NA,Islas Baleares,1188220,86,2,10847,254
2020-09-08,Spain,NA,Islas Baleares,1188220,55,3,10902,257
2020-09-09,Spain,NA,Islas Baleares,1188220,57,2,10959,259
2020-09-10,Spain,NA,Islas Baleares,1188220,29,1,10988,260
2020-09-11,Spain,NA,Islas Baleares,1188220,3,0,10991,260
2020-02-25,Spain,NA,Islas Canarias,2206901,1,0,11,0
2020-02-26,Spain,NA,Islas Canarias,2206901,7,0,18,0
2020-02-27,Spain,NA,Islas Canarias,2206901,1,0,19,0
2020-02-28,Spain,NA,Islas Canarias,2206901,7,0,26,0
2020-02-29,Spain,NA,Islas Canarias,2206901,6,0,32,0
2020-03-01,Spain,NA,Islas Canarias,2206901,7,0,39,0
2020-03-02,Spain,NA,Islas Canarias,2206901,12,0,51,0
2020-03-03,Spain,NA,Islas Canarias,2206901,9,0,60,0
2020-03-04,Spain,NA,Islas Canarias,2206901,14,0,74,0
2020-03-05,Spain,NA,Islas Canarias,2206901,15,0,89,0
2020-03-06,Spain,NA,Islas Canarias,2206901,24,0,113,0
2020-03-07,Spain,NA,Islas Canarias,2206901,18,0,131,0
2020-03-08,Spain,NA,Islas Canarias,2206901,30,0,161,0
2020-03-09,Spain,NA,Islas Canarias,2206901,40,0,201,0
2020-03-10,Spain,NA,Islas Canarias,2206901,50,0,251,0
2020-03-11,Spain,NA,Islas Canarias,2206901,54,0,305,0
2020-03-12,Spain,NA,Islas Canarias,2206901,69,0,374,0
2020-03-13,Spain,NA,Islas Canarias,2206901,100,1,474,1
2020-03-14,Spain,NA,Islas Canarias,2206901,93,0,567,1
2020-03-15,Spain,NA,Islas Canarias,2206901,89,1,656,2
2020-03-16,Spain,NA,Islas Canarias,2206901,117,1,773,3
2020-03-17,Spain,NA,Islas Canarias,2206901,90,1,863,4
2020-03-18,Spain,NA,Islas Canarias,2206901,109,0,972,4
2020-03-19,Spain,NA,Islas Canarias,2206901,70,3,1042,7
2020-03-20,Spain,NA,Islas Canarias,2206901,111,3,1153,10
2020-03-21,Spain,NA,Islas Canarias,2206901,77,0,1230,10
2020-03-22,Spain,NA,Islas Canarias,2206901,73,4,1303,14
2020-03-23,Spain,NA,Islas Canarias,2206901,91,4,1394,18
2020-03-24,Spain,NA,Islas Canarias,2206901,59,5,1453,23
2020-03-25,Spain,NA,Islas Canarias,2206901,54,6,1507,29
2020-03-26,Spain,NA,Islas Canarias,2206901,60,9,1567,38
2020-03-27,Spain,NA,Islas Canarias,2206901,69,10,1636,48
2020-03-28,Spain,NA,Islas Canarias,2206901,35,5,1671,53
2020-03-29,Spain,NA,Islas Canarias,2206901,42,5,1713,58
2020-03-30,Spain,NA,Islas Canarias,2206901,49,4,1762,62
2020-03-31,Spain,NA,Islas Canarias,2206901,27,7,1789,69
2020-04-01,Spain,NA,Islas Canarias,2206901,51,7,1840,76
2020-04-02,Spain,NA,Islas Canarias,2206901,32,7,1872,83
2020-04-03,Spain,NA,Islas Canarias,2206901,17,5,1889,88
2020-04-04,Spain,NA,Islas Canarias,2206901,28,3,1917,91
2020-04-05,Spain,NA,Islas Canarias,2206901,15,2,1932,93
2020-04-06,Spain,NA,Islas Canarias,2206901,13,3,1945,96
2020-04-07,Spain,NA,Islas Canarias,2206901,24,0,1969,96
2020-04-08,Spain,NA,Islas Canarias,2206901,14,4,1983,100
2020-04-09,Spain,NA,Islas Canarias,2206901,23,1,2006,101
2020-04-10,Spain,NA,Islas Canarias,2206901,13,0,2019,101
2020-04-11,Spain,NA,Islas Canarias,2206901,14,2,2033,103
2020-04-12,Spain,NA,Islas Canarias,2206901,8,0,2041,103
2020-04-13,Spain,NA,Islas Canarias,2206901,12,3,2053,106
2020-04-14,Spain,NA,Islas Canarias,2206901,12,2,2065,108
2020-04-15,Spain,NA,Islas Canarias,2206901,15,6,2080,114
2020-04-16,Spain,NA,Islas Canarias,2206901,14,3,2094,117
2020-04-17,Spain,NA,Islas Canarias,2206901,8,3,2102,120
2020-04-18,Spain,NA,Islas Canarias,2206901,9,1,2111,121
2020-04-19,Spain,NA,Islas Canarias,2206901,15,1,2126,122
2020-04-20,Spain,NA,Islas Canarias,2206901,15,1,2141,123
2020-04-21,Spain,NA,Islas Canarias,2206901,7,3,2148,126
2020-04-22,Spain,NA,Islas Canarias,2206901,7,3,2155,129
2020-04-23,Spain,NA,Islas Canarias,2206901,3,3,2158,132
2020-04-24,Spain,NA,Islas Canarias,2206901,10,4,2168,136
2020-04-25,Spain,NA,Islas Canarias,2206901,4,0,2172,136
2020-04-26,Spain,NA,Islas Canarias,2206901,2,1,2174,137
2020-04-27,Spain,NA,Islas Canarias,2206901,3,1,2177,138
2020-04-28,Spain,NA,Islas Canarias,2206901,1,1,2178,139
2020-04-29,Spain,NA,Islas Canarias,2206901,3,1,2181,140
2020-04-30,Spain,NA,Islas Canarias,2206901,4,1,2185,141
2020-05-01,Spain,NA,Islas Canarias,2206901,9,2,2194,143
2020-05-02,Spain,NA,Islas Canarias,2206901,5,1,2199,144
2020-05-03,Spain,NA,Islas Canarias,2206901,0,1,2199,145
2020-05-04,Spain,NA,Islas Canarias,2206901,3,0,2202,145
2020-05-05,Spain,NA,Islas Canarias,2206901,2,1,2204,146
2020-05-06,Spain,NA,Islas Canarias,2206901,0,4,2204,150
2020-05-07,Spain,NA,Islas Canarias,2206901,1,0,2205,150
2020-05-08,Spain,NA,Islas Canarias,2206901,1,1,2206,151
2020-05-09,Spain,NA,Islas Canarias,2206901,2,0,2208,151
2020-05-10,Spain,NA,Islas Canarias,2206901,1,0,2209,151
2020-05-11,Spain,NA,Islas Canarias,2206901,3,1,2212,152
2020-05-12,Spain,NA,Islas Canarias,2206901,4,0,2216,152
2020-05-13,Spain,NA,Islas Canarias,2206901,5,0,2221,152
2020-05-14,Spain,NA,Islas Canarias,2206901,2,0,2223,152
2020-05-15,Spain,NA,Islas Canarias,2206901,3,0,2226,152
2020-05-16,Spain,NA,Islas Canarias,2206901,6,2,2232,154
2020-05-17,Spain,NA,Islas Canarias,2206901,1,2,2233,156
2020-05-18,Spain,NA,Islas Canarias,2206901,4,1,2237,157
2020-05-19,Spain,NA,Islas Canarias,2206901,7,0,2244,157
2020-05-20,Spain,NA,Islas Canarias,2206901,4,0,2248,157
2020-05-21,Spain,NA,Islas Canarias,2206901,5,0,2253,157
2020-05-22,Spain,NA,Islas Canarias,2206901,3,0,2256,157
2020-05-23,Spain,NA,Islas Canarias,2206901,1,0,2257,157
2020-05-24,Spain,NA,Islas Canarias,2206901,2,0,2259,157
2020-05-25,Spain,NA,Islas Canarias,2206901,4,1,2263,158
2020-05-26,Spain,NA,Islas Canarias,2206901,3,1,2266,159
2020-05-27,Spain,NA,Islas Canarias,2206901,2,1,2268,160
2020-05-28,Spain,NA,Islas Canarias,2206901,7,0,2275,160
2020-05-29,Spain,NA,Islas Canarias,2206901,7,0,2282,160
2020-05-30,Spain,NA,Islas Canarias,2206901,3,0,2285,160
2020-05-31,Spain,NA,Islas Canarias,2206901,1,0,2286,160
2020-06-01,Spain,NA,Islas Canarias,2206901,4,0,2290,160
2020-06-02,Spain,NA,Islas Canarias,2206901,4,1,2294,161
2020-06-03,Spain,NA,Islas Canarias,2206901,4,0,2298,161
2020-06-04,Spain,NA,Islas Canarias,2206901,1,0,2299,161
2020-06-05,Spain,NA,Islas Canarias,2206901,1,0,2300,161
2020-06-06,Spain,NA,Islas Canarias,2206901,4,0,2304,161
2020-06-07,Spain,NA,Islas Canarias,2206901,1,0,2305,161
2020-06-08,Spain,NA,Islas Canarias,2206901,2,0,2307,161
2020-06-09,Spain,NA,Islas Canarias,2206901,2,0,2309,161
2020-06-10,Spain,NA,Islas Canarias,2206901,1,1,2310,162
2020-06-11,Spain,NA,Islas Canarias,2206901,2,0,2312,162
2020-06-12,Spain,NA,Islas Canarias,2206901,3,0,2315,162
2020-06-13,Spain,NA,Islas Canarias,2206901,2,0,2317,162
2020-06-14,Spain,NA,Islas Canarias,2206901,1,0,2318,162
2020-06-15,Spain,NA,Islas Canarias,2206901,1,0,2319,162
2020-06-16,Spain,NA,Islas Canarias,2206901,3,0,2322,162
2020-06-17,Spain,NA,Islas Canarias,2206901,14,0,2336,162
2020-06-18,Spain,NA,Islas Canarias,2206901,0,0,2336,162
2020-06-19,Spain,NA,Islas Canarias,2206901,1,0,2337,162
2020-06-20,Spain,NA,Islas Canarias,2206901,11,0,2348,162
2020-06-21,Spain,NA,Islas Canarias,2206901,2,0,2350,162
2020-06-22,Spain,NA,Islas Canarias,2206901,0,0,2350,162
2020-06-23,Spain,NA,Islas Canarias,2206901,6,0,2356,162
2020-06-24,Spain,NA,Islas Canarias,2206901,1,0,2357,162
2020-06-25,Spain,NA,Islas Canarias,2206901,1,0,2358,162
2020-06-26,Spain,NA,Islas Canarias,2206901,1,0,2359,162
2020-06-27,Spain,NA,Islas Canarias,2206901,0,0,2359,162
2020-06-28,Spain,NA,Islas Canarias,2206901,0,0,2359,162
2020-06-29,Spain,NA,Islas Canarias,2206901,0,0,2359,162
2020-06-30,Spain,NA,Islas Canarias,2206901,5,0,2364,162
2020-07-01,Spain,NA,Islas Canarias,2206901,8,0,2372,162
2020-07-02,Spain,NA,Islas Canarias,2206901,1,0,2373,162
2020-07-03,Spain,NA,Islas Canarias,2206901,4,0,2377,162
2020-07-04,Spain,NA,Islas Canarias,2206901,4,0,2381,162
2020-07-05,Spain,NA,Islas Canarias,2206901,1,0,2382,162
2020-07-06,Spain,NA,Islas Canarias,2206901,3,0,2385,162
2020-07-07,Spain,NA,Islas Canarias,2206901,4,0,2389,162
2020-07-08,Spain,NA,Islas Canarias,2206901,8,0,2397,162
2020-07-09,Spain,NA,Islas Canarias,2206901,8,0,2405,162
2020-07-10,Spain,NA,Islas Canarias,2206901,3,0,2408,162
2020-07-11,Spain,NA,Islas Canarias,2206901,1,0,2409,162
2020-07-12,Spain,NA,Islas Canarias,2206901,3,0,2412,162
2020-07-13,Spain,NA,Islas Canarias,2206901,6,0,2418,162
2020-07-14,Spain,NA,Islas Canarias,2206901,2,0,2420,162
2020-07-15,Spain,NA,Islas Canarias,2206901,9,0,2429,162
2020-07-16,Spain,NA,Islas Canarias,2206901,4,0,2433,162
2020-07-17,Spain,NA,Islas Canarias,2206901,7,0,2440,162
2020-07-18,Spain,NA,Islas Canarias,2206901,12,0,2452,162
2020-07-19,Spain,NA,Islas Canarias,2206901,54,0,2506,162
2020-07-20,Spain,NA,Islas Canarias,2206901,3,0,2509,162
2020-07-21,Spain,NA,Islas Canarias,2206901,11,0,2520,162
2020-07-22,Spain,NA,Islas Canarias,2206901,8,0,2528,162
2020-07-23,Spain,NA,Islas Canarias,2206901,11,0,2539,162
2020-07-24,Spain,NA,Islas Canarias,2206901,5,0,2544,162
2020-07-25,Spain,NA,Islas Canarias,2206901,13,0,2557,162
2020-07-26,Spain,NA,Islas Canarias,2206901,7,0,2564,162
2020-07-27,Spain,NA,Islas Canarias,2206901,9,0,2573,162
2020-07-28,Spain,NA,Islas Canarias,2206901,9,0,2582,162
2020-07-29,Spain,NA,Islas Canarias,2206901,6,0,2588,162
2020-07-30,Spain,NA,Islas Canarias,2206901,12,0,2600,162
2020-07-31,Spain,NA,Islas Canarias,2206901,16,0,2616,162
2020-08-01,Spain,NA,Islas Canarias,2206901,29,0,2645,162
2020-08-02,Spain,NA,Islas Canarias,2206901,29,0,2674,162
2020-08-03,Spain,NA,Islas Canarias,2206901,37,0,2711,162
2020-08-04,Spain,NA,Islas Canarias,2206901,54,0,2765,162
2020-08-05,Spain,NA,Islas Canarias,2206901,70,0,2835,162
2020-08-06,Spain,NA,Islas Canarias,2206901,76,0,2911,162
2020-08-07,Spain,NA,Islas Canarias,2206901,71,1,2982,163
2020-08-08,Spain,NA,Islas Canarias,2206901,68,1,3050,164
2020-08-09,Spain,NA,Islas Canarias,2206901,90,0,3140,164
2020-08-10,Spain,NA,Islas Canarias,2206901,137,0,3277,164
2020-08-11,Spain,NA,Islas Canarias,2206901,153,0,3430,164
2020-08-12,Spain,NA,Islas Canarias,2206901,183,0,3613,164
2020-08-13,Spain,NA,Islas Canarias,2206901,149,0,3762,164
2020-08-14,Spain,NA,Islas Canarias,2206901,196,1,3958,165
2020-08-15,Spain,NA,Islas Canarias,2206901,208,0,4166,165
2020-08-16,Spain,NA,Islas Canarias,2206901,148,1,4314,166
2020-08-17,Spain,NA,Islas Canarias,2206901,240,0,4554,166
2020-08-18,Spain,NA,Islas Canarias,2206901,229,0,4783,166
2020-08-19,Spain,NA,Islas Canarias,2206901,193,0,4976,166
2020-08-20,Spain,NA,Islas Canarias,2206901,231,1,5207,167
2020-08-21,Spain,NA,Islas Canarias,2206901,245,0,5452,167
2020-08-22,Spain,NA,Islas Canarias,2206901,268,0,5720,167
2020-08-23,Spain,NA,Islas Canarias,2206901,211,1,5931,168
2020-08-24,Spain,NA,Islas Canarias,2206901,296,0,6227,168
2020-08-25,Spain,NA,Islas Canarias,2206901,296,1,6523,169
2020-08-26,Spain,NA,Islas Canarias,2206901,294,2,6817,171
2020-08-27,Spain,NA,Islas Canarias,2206901,292,1,7109,172
2020-08-28,Spain,NA,Islas Canarias,2206901,279,1,7388,173
2020-08-29,Spain,NA,Islas Canarias,2206901,283,1,7671,174
2020-08-30,Spain,NA,Islas Canarias,2206901,277,0,7948,174
2020-08-31,Spain,NA,Islas Canarias,2206901,284,0,8232,174
2020-09-01,Spain,NA,Islas Canarias,2206901,262,1,8494,175
2020-09-02,Spain,NA,Islas Canarias,2206901,241,3,8735,178
2020-09-03,Spain,NA,Islas Canarias,2206901,251,1,8986,179
2020-09-04,Spain,NA,Islas Canarias,2206901,253,1,9239,180
2020-09-05,Spain,NA,Islas Canarias,2206901,236,4,9475,184
2020-09-06,Spain,NA,Islas Canarias,2206901,177,2,9652,186
2020-09-07,Spain,NA,Islas Canarias,2206901,167,2,9819,188
2020-09-08,Spain,NA,Islas Canarias,2206901,174,3,9993,191
2020-09-09,Spain,NA,Islas Canarias,2206901,216,0,10209,191
2020-09-10,Spain,NA,Islas Canarias,2206901,205,1,10414,192
2020-09-11,Spain,NA,Islas Canarias,2206901,114,3,10528,195
2020-09-12,Spain,NA,Islas Canarias,2206901,128,0,10656,195
2020-09-13,Spain,NA,Islas Canarias,2206901,85,2,10741,197
2020-09-14,Spain,NA,Islas Canarias,2206901,107,3,10968,200
2020-09-15,Spain,NA,Islas Canarias,2206901,31,0,10999,202
2020-02-26,Spain,NA,La Rioja,313571,4,0,11,0
2020-02-27,Spain,NA,La Rioja,313571,8,0,19,0
2020-02-28,Spain,NA,La Rioja,313571,10,0,29,0
2020-02-29,Spain,NA,La Rioja,313571,13,0,42,0
2020-03-01,Spain,NA,La Rioja,313571,22,0,64,0
2020-03-02,Spain,NA,La Rioja,313571,29,0,93,0
2020-03-03,Spain,NA,La Rioja,313571,27,0,120,0
2020-03-04,Spain,NA,La Rioja,313571,25,0,145,0
2020-03-05,Spain,NA,La Rioja,313571,27,0,172,0
2020-03-06,Spain,NA,La Rioja,313571,44,0,216,0
2020-03-07,Spain,NA,La Rioja,313571,39,0,255,0
2020-03-08,Spain,NA,La Rioja,313571,41,0,296,0
2020-03-09,Spain,NA,La Rioja,313571,59,1,355,1
2020-03-10,Spain,NA,La Rioja,313571,88,1,443,2
2020-03-11,Spain,NA,La Rioja,313571,68,0,511,2
2020-03-12,Spain,NA,La Rioja,313571,72,0,583,2
2020-03-13,Spain,NA,La Rioja,313571,106,1,689,3
2020-03-14,Spain,NA,La Rioja,313571,136,0,825,3
2020-03-15,Spain,NA,La Rioja,313571,109,1,934,4
2020-03-16,Spain,NA,La Rioja,313571,154,2,1088,6
2020-03-17,Spain,NA,La Rioja,313571,117,0,1205,6
2020-03-18,Spain,NA,La Rioja,313571,142,0,1347,6
2020-03-19,Spain,NA,La Rioja,313571,167,4,1514,10
2020-03-20,Spain,NA,La Rioja,313571,190,12,1704,22
2020-03-21,Spain,NA,La Rioja,313571,133,9,1837,31
2020-03-22,Spain,NA,La Rioja,313571,108,0,1945,31
2020-03-23,Spain,NA,La Rioja,313571,155,9,2100,40
2020-03-24,Spain,NA,La Rioja,313571,118,6,2218,46
2020-03-25,Spain,NA,La Rioja,313571,132,13,2350,59
2020-03-26,Spain,NA,La Rioja,313571,112,9,2462,68
2020-03-27,Spain,NA,La Rioja,313571,126,6,2588,74
2020-03-28,Spain,NA,La Rioja,313571,100,6,2688,80
2020-03-29,Spain,NA,La Rioja,313571,85,7,2773,87
2020-03-30,Spain,NA,La Rioja,313571,116,10,2889,97
2020-03-31,Spain,NA,La Rioja,313571,105,13,2994,110
2020-04-01,Spain,NA,La Rioja,313571,107,6,3101,116
2020-04-02,Spain,NA,La Rioja,313571,99,15,3200,131
2020-04-03,Spain,NA,La Rioja,313571,75,16,3275,147
2020-04-04,Spain,NA,La Rioja,313571,53,11,3328,158
2020-04-05,Spain,NA,La Rioja,313571,35,11,3363,169
2020-04-06,Spain,NA,La Rioja,313571,41,14,3404,183
2020-04-07,Spain,NA,La Rioja,313571,51,15,3455,198
2020-04-08,Spain,NA,La Rioja,313571,39,15,3494,213
2020-04-09,Spain,NA,La Rioja,313571,42,7,3536,220
2020-04-10,Spain,NA,La Rioja,313571,39,9,3575,229
2020-04-11,Spain,NA,La Rioja,313571,23,4,3598,233
2020-04-12,Spain,NA,La Rioja,313571,22,5,3620,238
2020-04-13,Spain,NA,La Rioja,313571,25,12,3645,250
2020-04-14,Spain,NA,La Rioja,313571,24,11,3669,261
2020-04-15,Spain,NA,La Rioja,313571,14,8,3683,269
2020-04-16,Spain,NA,La Rioja,313571,28,8,3711,277
2020-04-17,Spain,NA,La Rioja,313571,23,8,3734,285
2020-04-18,Spain,NA,La Rioja,313571,17,5,3751,290
2020-04-19,Spain,NA,La Rioja,313571,14,8,3765,298
2020-04-20,Spain,NA,La Rioja,313571,9,3,3774,301
2020-04-21,Spain,NA,La Rioja,313571,4,5,3778,306
2020-04-22,Spain,NA,La Rioja,313571,14,5,3792,311
2020-04-23,Spain,NA,La Rioja,313571,13,2,3805,313
2020-04-24,Spain,NA,La Rioja,313571,3,5,3808,318
2020-04-25,Spain,NA,La Rioja,313571,5,3,3813,321
2020-04-26,Spain,NA,La Rioja,313571,2,5,3815,326
2020-04-27,Spain,NA,La Rioja,313571,4,4,3819,330
2020-04-28,Spain,NA,La Rioja,313571,10,1,3829,331
2020-04-29,Spain,NA,La Rioja,313571,5,2,3834,333
2020-04-30,Spain,NA,La Rioja,313571,2,1,3836,334
2020-05-01,Spain,NA,La Rioja,313571,1,0,3837,334
2020-05-02,Spain,NA,La Rioja,313571,1,1,3838,335
2020-05-03,Spain,NA,La Rioja,313571,2,1,3840,336
2020-05-04,Spain,NA,La Rioja,313571,2,1,3842,337
2020-05-05,Spain,NA,La Rioja,313571,0,1,3842,338
2020-05-06,Spain,NA,La Rioja,313571,0,1,3842,339
2020-05-07,Spain,NA,La Rioja,313571,1,4,3843,343
2020-05-08,Spain,NA,La Rioja,313571,1,2,3844,345
2020-05-09,Spain,NA,La Rioja,313571,0,2,3844,347
2020-05-10,Spain,NA,La Rioja,313571,1,1,3845,348
2020-05-11,Spain,NA,La Rioja,313571,4,1,3849,349
2020-05-12,Spain,NA,La Rioja,313571,3,0,3852,349
2020-05-13,Spain,NA,La Rioja,313571,5,0,3857,349
2020-05-14,Spain,NA,La Rioja,313571,5,0,3862,349
2020-05-15,Spain,NA,La Rioja,313571,3,1,3865,350
2020-05-16,Spain,NA,La Rioja,313571,2,2,3867,352
2020-05-17,Spain,NA,La Rioja,313571,0,1,3867,353
2020-05-18,Spain,NA,La Rioja,313571,5,1,3872,354
2020-05-19,Spain,NA,La Rioja,313571,5,3,3877,357
2020-05-20,Spain,NA,La Rioja,313571,4,0,3881,357
2020-05-21,Spain,NA,La Rioja,313571,3,3,3884,360
2020-05-22,Spain,NA,La Rioja,313571,3,1,3887,361
2020-05-23,Spain,NA,La Rioja,313571,2,1,3889,362
2020-05-24,Spain,NA,La Rioja,313571,0,0,3889,362
2020-05-25,Spain,NA,La Rioja,313571,3,0,3892,362
2020-05-26,Spain,NA,La Rioja,313571,0,0,3892,362
2020-05-27,Spain,NA,La Rioja,313571,1,0,3893,362
2020-05-28,Spain,NA,La Rioja,313571,1,0,3894,362
2020-05-29,Spain,NA,La Rioja,313571,2,0,3896,362
2020-05-30,Spain,NA,La Rioja,313571,1,1,3897,363
2020-05-31,Spain,NA,La Rioja,313571,0,0,3897,363
2020-06-01,Spain,NA,La Rioja,313571,3,0,3900,363
2020-06-02,Spain,NA,La Rioja,313571,1,0,3901,363
2020-06-03,Spain,NA,La Rioja,313571,2,1,3903,364
2020-06-04,Spain,NA,La Rioja,313571,2,0,3905,364
2020-06-05,Spain,NA,La Rioja,313571,2,1,3907,365
2020-06-06,Spain,NA,La Rioja,313571,2,0,3909,365
2020-06-07,Spain,NA,La Rioja,313571,1,0,3910,365
2020-06-08,Spain,NA,La Rioja,313571,0,0,3910,365
2020-06-09,Spain,NA,La Rioja,313571,1,0,3911,365
2020-06-10,Spain,NA,La Rioja,313571,0,0,3911,365
2020-06-11,Spain,NA,La Rioja,313571,1,0,3912,365
2020-06-12,Spain,NA,La Rioja,313571,0,0,3912,365
2020-06-13,Spain,NA,La Rioja,313571,2,0,3914,365
2020-06-14,Spain,NA,La Rioja,313571,1,0,3915,365
2020-06-15,Spain,NA,La Rioja,313571,0,0,3915,365
2020-06-16,Spain,NA,La Rioja,313571,1,0,3916,365
2020-06-17,Spain,NA,La Rioja,313571,0,0,3916,365
2020-06-18,Spain,NA,La Rioja,313571,1,0,3917,365
2020-06-19,Spain,NA,La Rioja,313571,0,0,3917,365
2020-06-20,Spain,NA,La Rioja,313571,1,0,3918,365
2020-06-21,Spain,NA,La Rioja,313571,0,0,3918,365
2020-06-22,Spain,NA,La Rioja,313571,0,0,3918,365
2020-06-23,Spain,NA,La Rioja,313571,1,0,3919,365
2020-06-24,Spain,NA,La Rioja,313571,1,0,3920,365
2020-06-25,Spain,NA,La Rioja,313571,0,0,3920,365
2020-06-26,Spain,NA,La Rioja,313571,0,1,3920,366
2020-06-27,Spain,NA,La Rioja,313571,0,0,3920,366
2020-06-28,Spain,NA,La Rioja,313571,2,0,3922,366
2020-06-29,Spain,NA,La Rioja,313571,1,0,3923,366
2020-06-30,Spain,NA,La Rioja,313571,0,0,3923,366
2020-07-01,Spain,NA,La Rioja,313571,0,0,3923,366
2020-07-02,Spain,NA,La Rioja,313571,0,0,3923,366
2020-07-03,Spain,NA,La Rioja,313571,0,0,3923,366
2020-07-04,Spain,NA,La Rioja,313571,0,0,3923,366
2020-07-05,Spain,NA,La Rioja,313571,1,0,3924,366
2020-07-06,Spain,NA,La Rioja,313571,0,0,3924,366
2020-07-07,Spain,NA,La Rioja,313571,3,0,3927,366
2020-07-08,Spain,NA,La Rioja,313571,5,0,3932,366
2020-07-09,Spain,NA,La Rioja,313571,1,0,3933,366
2020-07-10,Spain,NA,La Rioja,313571,10,0,3943,366
2020-07-11,Spain,NA,La Rioja,313571,3,0,3946,366
2020-07-12,Spain,NA,La Rioja,313571,2,0,3948,366
2020-07-13,Spain,NA,La Rioja,313571,4,0,3952,366
2020-07-14,Spain,NA,La Rioja,313571,6,0,3958,366
2020-07-15,Spain,NA,La Rioja,313571,2,0,3960,366
2020-07-16,Spain,NA,La Rioja,313571,8,0,3968,366
2020-07-17,Spain,NA,La Rioja,313571,5,0,3973,366
2020-07-18,Spain,NA,La Rioja,313571,5,0,3978,366
2020-07-19,Spain,NA,La Rioja,313571,0,0,3978,366
2020-07-20,Spain,NA,La Rioja,313571,5,0,3983,366
2020-07-21,Spain,NA,La Rioja,313571,17,0,4000,366
2020-07-22,Spain,NA,La Rioja,313571,9,0,4009,366
2020-07-23,Spain,NA,La Rioja,313571,5,0,4014,366
2020-07-24,Spain,NA,La Rioja,313571,11,0,4025,366
2020-07-25,Spain,NA,La Rioja,313571,2,0,4027,366
2020-07-26,Spain,NA,La Rioja,313571,1,0,4028,366
2020-07-27,Spain,NA,La Rioja,313571,8,0,4036,366
2020-07-28,Spain,NA,La Rioja,313571,9,0,4045,366
2020-07-29,Spain,NA,La Rioja,313571,3,0,4048,366
2020-07-30,Spain,NA,La Rioja,313571,1,0,4049,366
2020-07-31,Spain,NA,La Rioja,313571,7,0,4056,366
2020-08-01,Spain,NA,La Rioja,313571,3,0,4059,366
2020-08-02,Spain,NA,La Rioja,313571,4,0,4063,366
2020-08-03,Spain,NA,La Rioja,313571,9,0,4072,366
2020-08-04,Spain,NA,La Rioja,313571,8,0,4080,366
2020-08-05,Spain,NA,La Rioja,313571,26,0,4106,366
2020-08-06,Spain,NA,La Rioja,313571,16,0,4122,366
2020-08-07,Spain,NA,La Rioja,313571,20,0,4142,366
2020-08-08,Spain,NA,La Rioja,313571,12,0,4154,366
2020-08-09,Spain,NA,La Rioja,313571,20,0,4174,366
2020-08-10,Spain,NA,La Rioja,313571,54,0,4228,366
2020-08-11,Spain,NA,La Rioja,313571,71,0,4299,366
2020-08-12,Spain,NA,La Rioja,313571,56,0,4355,366
2020-08-13,Spain,NA,La Rioja,313571,57,0,4412,366
2020-08-14,Spain,NA,La Rioja,313571,58,0,4470,366
2020-08-15,Spain,NA,La Rioja,313571,50,0,4520,366
2020-08-16,Spain,NA,La Rioja,313571,52,0,4572,366
2020-08-17,Spain,NA,La Rioja,313571,75,1,4647,367
2020-08-18,Spain,NA,La Rioja,313571,83,0,4730,367
2020-08-19,Spain,NA,La Rioja,313571,87,0,4817,367
2020-08-20,Spain,NA,La Rioja,313571,78,0,4895,367
2020-08-21,Spain,NA,La Rioja,313571,69,1,4964,368
2020-08-22,Spain,NA,La Rioja,313571,88,0,5052,368
2020-08-23,Spain,NA,La Rioja,313571,95,0,5147,368
2020-08-24,Spain,NA,La Rioja,313571,72,1,5219,369
2020-08-25,Spain,NA,La Rioja,313571,89,0,5308,369
2020-08-26,Spain,NA,La Rioja,313571,129,0,5437,369
2020-08-27,Spain,NA,La Rioja,313571,79,0,5516,369
2020-08-28,Spain,NA,La Rioja,313571,83,0,5599,369
2020-08-29,Spain,NA,La Rioja,313571,85,2,5684,371
2020-08-30,Spain,NA,La Rioja,313571,86,0,5770,371
2020-08-31,Spain,NA,La Rioja,313571,62,1,5832,372
2020-09-01,Spain,NA,La Rioja,313571,93,1,5925,373
2020-09-02,Spain,NA,La Rioja,313571,88,0,6013,373
2020-09-03,Spain,NA,La Rioja,313571,103,1,6116,374
2020-09-04,Spain,NA,La Rioja,313571,87,0,6203,374
2020-09-05,Spain,NA,La Rioja,313571,73,2,6276,376
2020-09-06,Spain,NA,La Rioja,313571,42,1,6318,377
2020-09-07,Spain,NA,La Rioja,313571,79,2,6397,379
2020-09-08,Spain,NA,La Rioja,313571,61,1,6458,380
2020-09-09,Spain,NA,La Rioja,313571,67,2,6525,382
2020-09-10,Spain,NA,La Rioja,313571,42,2,6567,384
2020-09-11,Spain,NA,La Rioja,313571,37,0,6604,384
2020-09-12,Spain,NA,La Rioja,313571,80,0,6684,384
2020-09-13,Spain,NA,La Rioja,313571,42,0,6726,384
2020-03-10,Spain,NA,Melilla,84689,5,0,13,0
2020-03-11,Spain,NA,Melilla,84689,3,0,16,0
2020-03-12,Spain,NA,Melilla,84689,1,0,17,0
2020-03-13,Spain,NA,Melilla,84689,9,0,26,0
2020-03-14,Spain,NA,Melilla,84689,3,0,29,0
2020-03-15,Spain,NA,Melilla,84689,3,0,32,0
2020-03-16,Spain,NA,Melilla,84689,2,0,34,0
2020-03-17,Spain,NA,Melilla,84689,3,0,37,0
2020-03-18,Spain,NA,Melilla,84689,5,0,42,0
2020-03-19,Spain,NA,Melilla,84689,3,0,45,0
2020-03-20,Spain,NA,Melilla,84689,4,0,49,0
2020-03-21,Spain,NA,Melilla,84689,1,0,50,0
2020-03-22,Spain,NA,Melilla,84689,4,0,54,0
2020-03-23,Spain,NA,Melilla,84689,4,0,58,0
2020-03-24,Spain,NA,Melilla,84689,1,0,59,0
2020-03-25,Spain,NA,Melilla,84689,3,1,62,1
2020-03-26,Spain,NA,Melilla,84689,5,0,67,1
2020-03-27,Spain,NA,Melilla,84689,3,0,70,1
2020-03-28,Spain,NA,Melilla,84689,3,0,73,1
2020-03-29,Spain,NA,Melilla,84689,4,0,77,1
2020-03-30,Spain,NA,Melilla,84689,3,0,80,1
2020-03-31,Spain,NA,Melilla,84689,3,0,83,1
2020-04-01,Spain,NA,Melilla,84689,5,0,88,1
2020-04-02,Spain,NA,Melilla,84689,3,1,91,2
2020-04-03,Spain,NA,Melilla,84689,3,0,94,2
2020-04-04,Spain,NA,Melilla,84689,2,0,96,2
2020-04-05,Spain,NA,Melilla,84689,0,0,96,2
2020-04-06,Spain,NA,Melilla,84689,0,0,96,2
2020-04-07,Spain,NA,Melilla,84689,2,0,98,2
2020-04-08,Spain,NA,Melilla,84689,0,0,98,2
2020-04-09,Spain,NA,Melilla,84689,0,0,98,2
2020-04-10,Spain,NA,Melilla,84689,1,0,99,2
2020-04-11,Spain,NA,Melilla,84689,0,0,99,2
2020-04-12,Spain,NA,Melilla,84689,1,0,100,2
2020-04-13,Spain,NA,Melilla,84689,1,0,101,2
2020-04-14,Spain,NA,Melilla,84689,0,0,101,2
2020-04-15,Spain,NA,Melilla,84689,0,0,101,2
2020-04-16,Spain,NA,Melilla,84689,0,0,101,2
2020-04-17,Spain,NA,Melilla,84689,0,0,101,2
2020-04-18,Spain,NA,Melilla,84689,0,0,101,2
2020-04-19,Spain,NA,Melilla,84689,0,0,101,2
2020-04-20,Spain,NA,Melilla,84689,2,0,103,2
2020-04-21,Spain,NA,Melilla,84689,0,0,103,2
2020-04-22,Spain,NA,Melilla,84689,1,0,104,2
2020-04-23,Spain,NA,Melilla,84689,0,0,104,2
2020-04-24,Spain,NA,Melilla,84689,1,0,105,2
2020-04-25,Spain,NA,Melilla,84689,1,0,106,2
2020-04-26,Spain,NA,Melilla,84689,0,0,106,2
2020-04-27,Spain,NA,Melilla,84689,0,0,106,2
2020-04-28,Spain,NA,Melilla,84689,0,0,106,2
2020-04-29,Spain,NA,Melilla,84689,1,0,107,2
2020-04-30,Spain,NA,Melilla,84689,1,0,108,2
2020-05-01,Spain,NA,Melilla,84689,0,0,108,2
2020-05-02,Spain,NA,Melilla,84689,0,0,108,2
2020-05-03,Spain,NA,Melilla,84689,0,0,108,2
2020-05-04,Spain,NA,Melilla,84689,0,0,108,2
2020-05-05,Spain,NA,Melilla,84689,0,0,108,2
2020-05-06,Spain,NA,Melilla,84689,0,0,108,2
2020-05-07,Spain,NA,Melilla,84689,0,0,108,2
2020-05-08,Spain,NA,Melilla,84689,0,0,108,2
2020-05-09,Spain,NA,Melilla,84689,0,0,108,2
2020-05-10,Spain,NA,Melilla,84689,0,0,108,2
2020-05-11,Spain,NA,Melilla,84689,0,0,108,2
2020-05-12,Spain,NA,Melilla,84689,0,0,108,2
2020-05-13,Spain,NA,Melilla,84689,0,0,108,2
2020-05-14,Spain,NA,Melilla,84689,0,0,108,2
2020-05-15,Spain,NA,Melilla,84689,0,0,108,2
2020-05-16,Spain,NA,Melilla,84689,0,0,108,2
2020-05-17,Spain,NA,Melilla,84689,0,0,108,2
2020-05-18,Spain,NA,Melilla,84689,1,0,109,2
2020-05-19,Spain,NA,Melilla,84689,0,0,109,2
2020-05-20,Spain,NA,Melilla,84689,0,0,109,2
2020-05-21,Spain,NA,Melilla,84689,0,0,109,2
2020-05-22,Spain,NA,Melilla,84689,0,0,109,2
2020-05-23,Spain,NA,Melilla,84689,0,0,109,2
2020-05-24,Spain,NA,Melilla,84689,0,0,109,2
2020-05-25,Spain,NA,Melilla,84689,0,0,109,2
2020-05-26,Spain,NA,Melilla,84689,0,0,109,2
2020-05-27,Spain,NA,Melilla,84689,0,0,109,2
2020-05-28,Spain,NA,Melilla,84689,0,0,109,2
2020-05-29,Spain,NA,Melilla,84689,0,0,109,2
2020-05-30,Spain,NA,Melilla,84689,0,0,109,2
2020-05-31,Spain,NA,Melilla,84689,0,0,109,2
2020-06-01,Spain,NA,Melilla,84689,1,0,110,2
2020-06-02,Spain,NA,Melilla,84689,0,0,110,2
2020-06-03,Spain,NA,Melilla,84689,0,0,110,2
2020-06-04,Spain,NA,Melilla,84689,0,0,110,2
2020-06-05,Spain,NA,Melilla,84689,0,0,110,2
2020-06-06,Spain,NA,Melilla,84689,0,0,110,2
2020-06-07,Spain,NA,Melilla,84689,0,0,110,2
2020-06-08,Spain,NA,Melilla,84689,0,0,110,2
2020-06-09,Spain,NA,Melilla,84689,1,0,111,2
2020-06-10,Spain,NA,Melilla,84689,0,0,111,2
2020-06-11,Spain,NA,Melilla,84689,0,0,111,2
2020-06-12,Spain,NA,Melilla,84689,0,0,111,2
2020-06-13,Spain,NA,Melilla,84689,0,0,111,2
2020-06-14,Spain,NA,Melilla,84689,0,0,111,2
2020-06-15,Spain,NA,Melilla,84689,1,0,112,2
2020-06-16,Spain,NA,Melilla,84689,0,0,112,2
2020-06-17,Spain,NA,Melilla,84689,0,0,112,2
2020-06-18,Spain,NA,Melilla,84689,0,0,112,2
2020-06-19,Spain,NA,Melilla,84689,0,0,112,2
2020-06-20,Spain,NA,Melilla,84689,0,0,112,2
2020-06-21,Spain,NA,Melilla,84689,2,0,114,2
2020-06-22,Spain,NA,Melilla,84689,0,0,114,2
2020-06-23,Spain,NA,Melilla,84689,0,0,114,2
2020-06-24,Spain,NA,Melilla,84689,0,0,114,2
2020-06-25,Spain,NA,Melilla,84689,0,0,114,2
2020-06-26,Spain,NA,Melilla,84689,0,0,114,2
2020-06-27,Spain,NA,Melilla,84689,0,0,114,2
2020-06-28,Spain,NA,Melilla,84689,0,0,114,2
2020-06-29,Spain,NA,Melilla,84689,0,0,114,2
2020-06-30,Spain,NA,Melilla,84689,0,0,114,2
2020-07-01,Spain,NA,Melilla,84689,0,0,114,2
2020-07-02,Spain,NA,Melilla,84689,0,0,114,2
2020-07-03,Spain,NA,Melilla,84689,0,0,114,2
2020-07-04,Spain,NA,Melilla,84689,0,0,114,2
2020-07-05,Spain,NA,Melilla,84689,0,0,114,2
2020-07-06,Spain,NA,Melilla,84689,0,0,114,2
2020-07-07,Spain,NA,Melilla,84689,0,0,114,2
2020-07-08,Spain,NA,Melilla,84689,0,0,114,2
2020-07-09,Spain,NA,Melilla,84689,0,0,114,2
2020-07-10,Spain,NA,Melilla,84689,0,0,114,2
2020-07-11,Spain,NA,Melilla,84689,0,0,114,2
2020-07-12,Spain,NA,Melilla,84689,2,0,116,2
2020-07-13,Spain,NA,Melilla,84689,0,0,116,2
2020-07-14,Spain,NA,Melilla,84689,0,0,116,2
2020-07-15,Spain,NA,Melilla,84689,0,0,116,2
2020-07-16,Spain,NA,Melilla,84689,0,0,116,2
2020-07-17,Spain,NA,Melilla,84689,0,0,116,2
2020-07-18,Spain,NA,Melilla,84689,0,0,116,2
2020-07-19,Spain,NA,Melilla,84689,0,0,116,2
2020-07-20,Spain,NA,Melilla,84689,0,0,116,2
2020-07-21,Spain,NA,Melilla,84689,0,0,116,2
2020-07-22,Spain,NA,Melilla,84689,0,0,116,2
2020-07-23,Spain,NA,Melilla,84689,0,0,116,2
2020-07-24,Spain,NA,Melilla,84689,0,0,116,2
2020-07-25,Spain,NA,Melilla,84689,0,0,116,2
2020-07-26,Spain,NA,Melilla,84689,4,0,120,2
2020-07-27,Spain,NA,Melilla,84689,1,0,121,2
2020-07-28,Spain,NA,Melilla,84689,1,0,122,2
2020-07-29,Spain,NA,Melilla,84689,1,0,123,2
2020-07-30,Spain,NA,Melilla,84689,4,0,127,2
2020-07-31,Spain,NA,Melilla,84689,0,0,127,2
2020-08-01,Spain,NA,Melilla,84689,8,0,135,2
2020-08-02,Spain,NA,Melilla,84689,4,0,139,2
2020-08-03,Spain,NA,Melilla,84689,4,0,143,2
2020-08-04,Spain,NA,Melilla,84689,5,0,148,2
2020-08-05,Spain,NA,Melilla,84689,1,0,149,2
2020-08-06,Spain,NA,Melilla,84689,3,0,152,2
2020-08-07,Spain,NA,Melilla,84689,5,0,157,2
2020-08-08,Spain,NA,Melilla,84689,3,0,160,2
2020-08-09,Spain,NA,Melilla,84689,5,0,165,2
2020-08-10,Spain,NA,Melilla,84689,13,0,178,2
2020-08-11,Spain,NA,Melilla,84689,7,0,185,2
2020-08-12,Spain,NA,Melilla,84689,8,0,193,2
2020-08-13,Spain,NA,Melilla,84689,1,0,194,2
2020-08-14,Spain,NA,Melilla,84689,6,0,200,2
2020-08-15,Spain,NA,Melilla,84689,12,0,212,2
2020-08-16,Spain,NA,Melilla,84689,4,0,216,2
2020-08-17,Spain,NA,Melilla,84689,10,0,226,2
2020-08-18,Spain,NA,Melilla,84689,8,0,234,2
2020-08-19,Spain,NA,Melilla,84689,7,0,241,2
2020-08-20,Spain,NA,Melilla,84689,8,0,249,2
2020-08-21,Spain,NA,Melilla,84689,13,0,262,2
2020-08-22,Spain,NA,Melilla,84689,6,0,268,2
2020-08-23,Spain,NA,Melilla,84689,15,0,283,2
2020-08-24,Spain,NA,Melilla,84689,14,0,297,2
2020-08-25,Spain,NA,Melilla,84689,14,0,311,2
2020-08-26,Spain,NA,Melilla,84689,9,0,320,2
2020-08-27,Spain,NA,Melilla,84689,6,0,326,2
2020-08-28,Spain,NA,Melilla,84689,15,0,341,2
2020-08-29,Spain,NA,Melilla,84689,18,0,359,2
2020-08-30,Spain,NA,Melilla,84689,10,0,369,2
2020-08-31,Spain,NA,Melilla,84689,14,0,383,2
2020-09-01,Spain,NA,Melilla,84689,28,0,411,2
2020-09-02,Spain,NA,Melilla,84689,25,0,436,2
2020-09-03,Spain,NA,Melilla,84689,15,1,451,3
2020-09-04,Spain,NA,Melilla,84689,16,0,467,3
2020-09-05,Spain,NA,Melilla,84689,6,0,473,3
2020-09-06,Spain,NA,Melilla,84689,14,0,487,3
2020-09-07,Spain,NA,Melilla,84689,9,0,496,3
2020-09-08,Spain,NA,Melilla,84689,17,0,513,3
2020-09-09,Spain,NA,Melilla,84689,31,0,544,3
2020-09-10,Spain,NA,Melilla,84689,19,0,563,3
2020-09-11,Spain,NA,Melilla,84689,12,0,575,3
2020-09-12,Spain,NA,Melilla,84689,16,1,591,4
2020-09-13,Spain,NA,Melilla,84689,6,0,597,4
2020-02-26,Spain,NA,Navarra,649946,2,0,11,0
2020-02-27,Spain,NA,Navarra,649946,4,0,15,0
2020-02-28,Spain,NA,Navarra,649946,2,0,17,0
2020-02-29,Spain,NA,Navarra,649946,4,0,21,0
2020-03-01,Spain,NA,Navarra,649946,8,0,29,0
2020-03-02,Spain,NA,Navarra,649946,11,0,40,0
2020-03-03,Spain,NA,Navarra,649946,14,0,54,0
2020-03-04,Spain,NA,Navarra,649946,18,0,72,0
2020-03-05,Spain,NA,Navarra,649946,19,0,91,0
2020-03-06,Spain,NA,Navarra,649946,19,0,110,0
2020-03-07,Spain,NA,Navarra,649946,42,0,152,0
2020-03-08,Spain,NA,Navarra,649946,38,0,190,0
2020-03-09,Spain,NA,Navarra,649946,77,0,267,0
2020-03-10,Spain,NA,Navarra,649946,84,0,351,0
2020-03-11,Spain,NA,Navarra,649946,109,0,460,0
2020-03-12,Spain,NA,Navarra,649946,140,0,600,0
2020-03-13,Spain,NA,Navarra,649946,138,0,738,0
2020-03-14,Spain,NA,Navarra,649946,121,1,859,1
2020-03-15,Spain,NA,Navarra,649946,166,1,1025,2
2020-03-16,Spain,NA,Navarra,649946,156,1,1181,3
2020-03-17,Spain,NA,Navarra,649946,169,1,1350,4
2020-03-18,Spain,NA,Navarra,649946,176,3,1526,7
2020-03-19,Spain,NA,Navarra,649946,153,2,1679,9
2020-03-20,Spain,NA,Navarra,649946,229,5,1908,14
2020-03-21,Spain,NA,Navarra,649946,152,4,2060,18
2020-03-22,Spain,NA,Navarra,649946,141,9,2201,27
2020-03-23,Spain,NA,Navarra,649946,161,9,2362,36
2020-03-24,Spain,NA,Navarra,649946,198,10,2560,46
2020-03-25,Spain,NA,Navarra,649946,182,12,2742,58
2020-03-26,Spain,NA,Navarra,649946,117,17,2859,75
2020-03-27,Spain,NA,Navarra,649946,115,12,2974,87
2020-03-28,Spain,NA,Navarra,649946,108,22,3082,109
2020-03-29,Spain,NA,Navarra,649946,79,13,3161,122
2020-03-30,Spain,NA,Navarra,649946,211,15,3372,137
2020-03-31,Spain,NA,Navarra,649946,125,15,3497,152
2020-04-01,Spain,NA,Navarra,649946,195,11,3692,163
2020-04-02,Spain,NA,Navarra,649946,126,13,3818,176
2020-04-03,Spain,NA,Navarra,649946,126,18,3944,194
2020-04-04,Spain,NA,Navarra,649946,76,7,4020,201
2020-04-05,Spain,NA,Navarra,649946,86,19,4106,220
2020-04-06,Spain,NA,Navarra,649946,132,16,4238,236
2020-04-07,Spain,NA,Navarra,649946,84,20,4322,256
2020-04-08,Spain,NA,Navarra,649946,93,12,4415,268
2020-04-09,Spain,NA,Navarra,649946,79,17,4494,285
2020-04-10,Spain,NA,Navarra,649946,69,13,4563,298
2020-04-11,Spain,NA,Navarra,649946,45,19,4608,317
2020-04-12,Spain,NA,Navarra,649946,59,11,4667,328
2020-04-13,Spain,NA,Navarra,649946,56,22,4723,350
2020-04-14,Spain,NA,Navarra,649946,48,11,4771,361
2020-04-15,Spain,NA,Navarra,649946,35,15,4806,376
2020-04-16,Spain,NA,Navarra,649946,30,10,4836,386
2020-04-17,Spain,NA,Navarra,649946,44,14,4880,400
2020-04-18,Spain,NA,Navarra,649946,39,14,4919,414
2020-04-19,Spain,NA,Navarra,649946,35,11,4954,425
2020-04-20,Spain,NA,Navarra,649946,31,5,4985,430
2020-04-21,Spain,NA,Navarra,649946,11,10,4996,440
2020-04-22,Spain,NA,Navarra,649946,21,8,5017,448
2020-04-23,Spain,NA,Navarra,649946,19,8,5036,456
2020-04-24,Spain,NA,Navarra,649946,21,6,5057,462
2020-04-25,Spain,NA,Navarra,649946,21,6,5078,468
2020-04-26,Spain,NA,Navarra,649946,8,3,5086,471
2020-04-27,Spain,NA,Navarra,649946,20,6,5106,477
2020-04-28,Spain,NA,Navarra,649946,13,6,5119,483
2020-04-29,Spain,NA,Navarra,649946,18,2,5137,485
2020-04-30,Spain,NA,Navarra,649946,16,3,5153,488
2020-05-01,Spain,NA,Navarra,649946,21,5,5174,493
2020-05-02,Spain,NA,Navarra,649946,16,3,5190,496
2020-05-03,Spain,NA,Navarra,649946,10,6,5200,502
2020-05-04,Spain,NA,Navarra,649946,13,1,5213,503
2020-05-05,Spain,NA,Navarra,649946,5,4,5218,507
2020-05-06,Spain,NA,Navarra,649946,7,3,5225,510
2020-05-07,Spain,NA,Navarra,649946,2,4,5227,514
2020-05-08,Spain,NA,Navarra,649946,7,1,5234,515
2020-05-09,Spain,NA,Navarra,649946,3,1,5237,516
2020-05-10,Spain,NA,Navarra,649946,4,4,5241,520
2020-05-11,Spain,NA,Navarra,649946,12,2,5253,522
2020-05-12,Spain,NA,Navarra,649946,2,1,5255,523
2020-05-13,Spain,NA,Navarra,649946,9,2,5264,525
2020-05-14,Spain,NA,Navarra,649946,19,0,5283,525
2020-05-15,Spain,NA,Navarra,649946,11,0,5294,525
2020-05-16,Spain,NA,Navarra,649946,4,0,5298,525
2020-05-17,Spain,NA,Navarra,649946,21,0,5319,525
2020-05-18,Spain,NA,Navarra,649946,6,0,5325,525
2020-05-19,Spain,NA,Navarra,649946,9,0,5334,525
2020-05-20,Spain,NA,Navarra,649946,4,2,5338,527
2020-05-21,Spain,NA,Navarra,649946,3,0,5341,527
2020-05-22,Spain,NA,Navarra,649946,6,0,5347,527
2020-05-23,Spain,NA,Navarra,649946,12,0,5359,527
2020-05-24,Spain,NA,Navarra,649946,2,0,5361,527
2020-05-25,Spain,NA,Navarra,649946,5,0,5366,527
2020-05-26,Spain,NA,Navarra,649946,4,0,5370,527
2020-05-27,Spain,NA,Navarra,649946,11,1,5381,528
2020-05-28,Spain,NA,Navarra,649946,9,0,5390,528
2020-05-29,Spain,NA,Navarra,649946,5,0,5395,528
2020-05-30,Spain,NA,Navarra,649946,7,0,5402,528
2020-05-31,Spain,NA,Navarra,649946,3,0,5405,528
2020-06-01,Spain,NA,Navarra,649946,1,0,5406,528
2020-06-02,Spain,NA,Navarra,649946,3,0,5409,528
2020-06-03,Spain,NA,Navarra,649946,6,0,5415,528
2020-06-04,Spain,NA,Navarra,649946,7,0,5422,528
2020-06-05,Spain,NA,Navarra,649946,6,0,5428,528
2020-06-06,Spain,NA,Navarra,649946,1,0,5429,528
2020-06-07,Spain,NA,Navarra,649946,2,0,5431,528
2020-06-08,Spain,NA,Navarra,649946,0,0,5431,528
2020-06-09,Spain,NA,Navarra,649946,5,0,5436,528
2020-06-10,Spain,NA,Navarra,649946,4,0,5440,528
2020-06-11,Spain,NA,Navarra,649946,1,0,5441,528
2020-06-12,Spain,NA,Navarra,649946,1,0,5442,528
2020-06-13,Spain,NA,Navarra,649946,1,0,5443,528
2020-06-14,Spain,NA,Navarra,649946,2,0,5445,528
2020-06-15,Spain,NA,Navarra,649946,4,0,5449,528
2020-06-16,Spain,NA,Navarra,649946,12,0,5461,528
2020-06-17,Spain,NA,Navarra,649946,3,0,5464,528
2020-06-18,Spain,NA,Navarra,649946,6,0,5470,528
2020-06-19,Spain,NA,Navarra,649946,9,0,5479,528
2020-06-20,Spain,NA,Navarra,649946,4,0,5483,528
2020-06-21,Spain,NA,Navarra,649946,15,0,5498,528
2020-06-22,Spain,NA,Navarra,649946,18,0,5516,528
2020-06-23,Spain,NA,Navarra,649946,8,0,5524,528
2020-06-24,Spain,NA,Navarra,649946,11,0,5535,528
2020-06-25,Spain,NA,Navarra,649946,6,0,5541,528
2020-06-26,Spain,NA,Navarra,649946,5,0,5546,528
2020-06-27,Spain,NA,Navarra,649946,7,0,5553,528
2020-06-28,Spain,NA,Navarra,649946,2,0,5555,528
2020-06-29,Spain,NA,Navarra,649946,1,0,5556,528
2020-06-30,Spain,NA,Navarra,649946,3,0,5559,528
2020-07-01,Spain,NA,Navarra,649946,6,0,5565,528
2020-07-02,Spain,NA,Navarra,649946,4,0,5569,528
2020-07-03,Spain,NA,Navarra,649946,7,0,5576,528
2020-07-04,Spain,NA,Navarra,649946,5,0,5581,528
2020-07-05,Spain,NA,Navarra,649946,1,0,5582,528
2020-07-06,Spain,NA,Navarra,649946,12,0,5594,528
2020-07-07,Spain,NA,Navarra,649946,13,0,5607,528
2020-07-08,Spain,NA,Navarra,649946,7,0,5614,528
2020-07-09,Spain,NA,Navarra,649946,29,0,5643,528
2020-07-10,Spain,NA,Navarra,649946,20,0,5663,528
2020-07-11,Spain,NA,Navarra,649946,35,0,5698,528
2020-07-12,Spain,NA,Navarra,649946,23,0,5721,528
2020-07-13,Spain,NA,Navarra,649946,40,0,5761,528
2020-07-14,Spain,NA,Navarra,649946,51,0,5812,528
2020-07-15,Spain,NA,Navarra,649946,43,1,5855,529
2020-07-16,Spain,NA,Navarra,649946,47,0,5902,529
2020-07-17,Spain,NA,Navarra,649946,73,0,5975,529
2020-07-18,Spain,NA,Navarra,649946,78,0,6053,529
2020-07-19,Spain,NA,Navarra,649946,51,0,6104,529
2020-07-20,Spain,NA,Navarra,649946,101,0,6205,529
2020-07-21,Spain,NA,Navarra,649946,119,0,6324,529
2020-07-22,Spain,NA,Navarra,649946,65,0,6389,529
2020-07-23,Spain,NA,Navarra,649946,66,0,6455,529
2020-07-24,Spain,NA,Navarra,649946,56,0,6511,529
2020-07-25,Spain,NA,Navarra,649946,82,0,6593,529
2020-07-26,Spain,NA,Navarra,649946,79,0,6672,529
2020-07-27,Spain,NA,Navarra,649946,52,0,6724,529
2020-07-28,Spain,NA,Navarra,649946,40,0,6764,529
2020-07-29,Spain,NA,Navarra,649946,62,0,6826,529
2020-07-30,Spain,NA,Navarra,649946,52,0,6878,529
2020-07-31,Spain,NA,Navarra,649946,72,0,6950,529
2020-08-01,Spain,NA,Navarra,649946,88,0,7038,529
2020-08-02,Spain,NA,Navarra,649946,84,0,7122,529
2020-08-03,Spain,NA,Navarra,649946,106,0,7228,529
2020-08-04,Spain,NA,Navarra,649946,84,0,7312,529
2020-08-05,Spain,NA,Navarra,649946,82,0,7394,529
2020-08-06,Spain,NA,Navarra,649946,87,0,7481,529
2020-08-07,Spain,NA,Navarra,649946,114,1,7595,530
2020-08-08,Spain,NA,Navarra,649946,91,0,7686,530
2020-08-09,Spain,NA,Navarra,649946,117,0,7803,530
2020-08-10,Spain,NA,Navarra,649946,97,1,7900,531
2020-08-11,Spain,NA,Navarra,649946,123,0,8023,531
2020-08-12,Spain,NA,Navarra,649946,94,1,8117,532
2020-08-13,Spain,NA,Navarra,649946,90,0,8207,532
2020-08-14,Spain,NA,Navarra,649946,87,0,8294,532
2020-08-15,Spain,NA,Navarra,649946,122,0,8416,532
2020-08-16,Spain,NA,Navarra,649946,80,0,8496,532
2020-08-17,Spain,NA,Navarra,649946,91,0,8587,532
2020-08-18,Spain,NA,Navarra,649946,103,0,8690,532
2020-08-19,Spain,NA,Navarra,649946,114,0,8804,532
2020-08-20,Spain,NA,Navarra,649946,102,0,8906,532
2020-08-21,Spain,NA,Navarra,649946,148,0,9054,532
2020-08-22,Spain,NA,Navarra,649946,109,1,9163,533
2020-08-23,Spain,NA,Navarra,649946,122,0,9285,533
2020-08-24,Spain,NA,Navarra,649946,134,0,9419,533
2020-08-25,Spain,NA,Navarra,649946,151,0,9570,533
2020-08-26,Spain,NA,Navarra,649946,278,0,9848,533
2020-08-27,Spain,NA,Navarra,649946,147,0,9995,533
2020-08-28,Spain,NA,Navarra,649946,157,0,10152,533
2020-08-29,Spain,NA,Navarra,649946,160,1,10312,534
2020-08-30,Spain,NA,Navarra,649946,105,0,10417,534
2020-08-31,Spain,NA,Navarra,649946,205,1,10622,535
2020-09-01,Spain,NA,Navarra,649946,208,1,10830,536
2020-09-02,Spain,NA,Navarra,649946,177,0,11007,536
2020-09-03,Spain,NA,Navarra,649946,200,0,11207,536
2020-09-04,Spain,NA,Navarra,649946,207,3,11414,539
2020-09-05,Spain,NA,Navarra,649946,230,0,11644,539
2020-09-06,Spain,NA,Navarra,649946,183,1,11827,540
2020-09-07,Spain,NA,Navarra,649946,286,0,12113,540
2020-09-08,Spain,NA,Navarra,649946,233,0,12346,540
2020-09-09,Spain,NA,Navarra,649946,234,1,12580,541
2020-09-10,Spain,NA,Navarra,649946,200,1,12780,542
2020-09-11,Spain,NA,Navarra,649946,155,0,12935,542
2020-09-12,Spain,NA,Navarra,649946,125,3,13060,545
2020-09-13,Spain,NA,Navarra,649946,125,2,13185,547
2020-02-21,Spain,NA,Pais Vasco,2177880,3,0,13,0
2020-02-22,Spain,NA,Pais Vasco,2177880,4,0,17,0
2020-02-23,Spain,NA,Pais Vasco,2177880,1,0,18,0
2020-02-24,Spain,NA,Pais Vasco,2177880,6,0,24,0
2020-02-25,Spain,NA,Pais Vasco,2177880,11,0,35,0
2020-02-26,Spain,NA,Pais Vasco,2177880,11,0,46,0
2020-02-27,Spain,NA,Pais Vasco,2177880,13,0,59,0
2020-02-28,Spain,NA,Pais Vasco,2177880,31,0,90,0
2020-02-29,Spain,NA,Pais Vasco,2177880,25,0,115,0
2020-03-01,Spain,NA,Pais Vasco,2177880,47,0,162,0
2020-03-02,Spain,NA,Pais Vasco,2177880,54,0,216,0
2020-03-03,Spain,NA,Pais Vasco,2177880,57,0,273,0
2020-03-04,Spain,NA,Pais Vasco,2177880,69,1,342,1
2020-03-05,Spain,NA,Pais Vasco,2177880,75,0,417,1
2020-03-06,Spain,NA,Pais Vasco,2177880,80,0,497,1
2020-03-07,Spain,NA,Pais Vasco,2177880,87,1,584,2
2020-03-08,Spain,NA,Pais Vasco,2177880,98,2,682,4
2020-03-09,Spain,NA,Pais Vasco,2177880,140,2,822,6
2020-03-10,Spain,NA,Pais Vasco,2177880,225,0,1047,6
2020-03-11,Spain,NA,Pais Vasco,2177880,221,5,1268,11
2020-03-12,Spain,NA,Pais Vasco,2177880,265,3,1533,14
2020-03-13,Spain,NA,Pais Vasco,2177880,411,6,1944,20
2020-03-14,Spain,NA,Pais Vasco,2177880,410,2,2354,22
2020-03-15,Spain,NA,Pais Vasco,2177880,417,14,2771,36
2020-03-16,Spain,NA,Pais Vasco,2177880,578,5,3349,41
2020-03-17,Spain,NA,Pais Vasco,2177880,519,11,3868,52
2020-03-18,Spain,NA,Pais Vasco,2177880,544,19,4412,71
2020-03-19,Spain,NA,Pais Vasco,2177880,450,16,4862,87
2020-03-20,Spain,NA,Pais Vasco,2177880,583,16,5445,103
2020-03-21,Spain,NA,Pais Vasco,2177880,423,21,5868,124
2020-03-22,Spain,NA,Pais Vasco,2177880,384,21,6252,145
2020-03-23,Spain,NA,Pais Vasco,2177880,460,17,6712,162
2020-03-24,Spain,NA,Pais Vasco,2177880,377,25,7089,187
2020-03-25,Spain,NA,Pais Vasco,2177880,391,35,7480,222
2020-03-26,Spain,NA,Pais Vasco,2177880,351,26,7831,248
2020-03-27,Spain,NA,Pais Vasco,2177880,387,32,8218,280
2020-03-28,Spain,NA,Pais Vasco,2177880,279,36,8497,316
2020-03-29,Spain,NA,Pais Vasco,2177880,240,39,8737,355
2020-03-30,Spain,NA,Pais Vasco,2177880,304,41,9041,396
2020-03-31,Spain,NA,Pais Vasco,2177880,250,42,9291,438
2020-04-01,Spain,NA,Pais Vasco,2177880,266,43,9557,481
2020-04-02,Spain,NA,Pais Vasco,2177880,239,33,9796,514
2020-04-03,Spain,NA,Pais Vasco,2177880,309,50,10105,564
2020-04-04,Spain,NA,Pais Vasco,2177880,201,51,10306,615
2020-04-05,Spain,NA,Pais Vasco,2177880,218,46,10524,661
2020-04-06,Spain,NA,Pais Vasco,2177880,285,51,10809,712
2020-04-07,Spain,NA,Pais Vasco,2177880,223,47,11032,759
2020-04-08,Spain,NA,Pais Vasco,2177880,218,39,11250,798
2020-04-09,Spain,NA,Pais Vasco,2177880,193,49,11443,847
2020-04-10,Spain,NA,Pais Vasco,2177880,176,38,11619,885
2020-04-11,Spain,NA,Pais Vasco,2177880,124,42,11743,927
2020-04-12,Spain,NA,Pais Vasco,2177880,142,32,11885,959
2020-04-13,Spain,NA,Pais Vasco,2177880,110,45,11995,1004
2020-04-14,Spain,NA,Pais Vasco,2177880,89,32,12084,1036
2020-04-15,Spain,NA,Pais Vasco,2177880,99,29,12183,1065
2020-04-16,Spain,NA,Pais Vasco,2177880,108,27,12291,1092
2020-04-17,Spain,NA,Pais Vasco,2177880,132,31,12423,1123
2020-04-18,Spain,NA,Pais Vasco,2177880,97,26,12520,1149
2020-04-19,Spain,NA,Pais Vasco,2177880,50,23,12570,1172
2020-04-20,Spain,NA,Pais Vasco,2177880,78,15,12648,1187
2020-04-21,Spain,NA,Pais Vasco,2177880,70,28,12718,1215
2020-04-22,Spain,NA,Pais Vasco,2177880,49,14,12767,1229
2020-04-23,Spain,NA,Pais Vasco,2177880,58,16,12825,1245
2020-04-24,Spain,NA,Pais Vasco,2177880,85,13,12910,1258
2020-04-25,Spain,NA,Pais Vasco,2177880,38,15,12948,1273
2020-04-26,Spain,NA,Pais Vasco,2177880,32,9,12980,1282
2020-04-27,Spain,NA,Pais Vasco,2177880,29,13,13009,1295
2020-04-28,Spain,NA,Pais Vasco,2177880,38,18,13047,1313
2020-04-29,Spain,NA,Pais Vasco,2177880,31,8,13078,1321
2020-04-30,Spain,NA,Pais Vasco,2177880,26,10,13104,1331
2020-05-01,Spain,NA,Pais Vasco,2177880,32,12,13136,1343
2020-05-02,Spain,NA,Pais Vasco,2177880,41,11,13177,1354
2020-05-03,Spain,NA,Pais Vasco,2177880,28,12,13205,1366
2020-05-04,Spain,NA,Pais Vasco,2177880,13,12,13218,1378
2020-05-05,Spain,NA,Pais Vasco,2177880,19,9,13237,1387
2020-05-06,Spain,NA,Pais Vasco,2177880,13,5,13250,1392
2020-05-07,Spain,NA,Pais Vasco,2177880,12,10,13262,1402
2020-05-08,Spain,NA,Pais Vasco,2177880,19,9,13281,1411
2020-05-09,Spain,NA,Pais Vasco,2177880,13,7,13294,1418
2020-05-10,Spain,NA,Pais Vasco,2177880,6,5,13300,1423
2020-05-11,Spain,NA,Pais Vasco,2177880,23,8,13323,1431
2020-05-12,Spain,NA,Pais Vasco,2177880,18,8,13341,1439
2020-05-13,Spain,NA,Pais Vasco,2177880,22,1,13363,1440
2020-05-14,Spain,NA,Pais Vasco,2177880,12,3,13375,1443
2020-05-15,Spain,NA,Pais Vasco,2177880,11,5,13386,1448
2020-05-16,Spain,NA,Pais Vasco,2177880,7,8,13393,1456
2020-05-17,Spain,NA,Pais Vasco,2177880,6,2,13399,1458
2020-05-18,Spain,NA,Pais Vasco,2177880,13,6,13412,1464
2020-05-19,Spain,NA,Pais Vasco,2177880,12,4,13424,1468
2020-05-20,Spain,NA,Pais Vasco,2177880,8,4,13432,1472
2020-05-21,Spain,NA,Pais Vasco,2177880,9,4,13441,1476
2020-05-22,Spain,NA,Pais Vasco,2177880,6,7,13447,1483
2020-05-23,Spain,NA,Pais Vasco,2177880,6,3,13453,1486
2020-05-24,Spain,NA,Pais Vasco,2177880,2,9,13455,1495
2020-05-25,Spain,NA,Pais Vasco,2177880,6,3,13461,1498
2020-05-26,Spain,NA,Pais Vasco,2177880,8,3,13469,1501
2020-05-27,Spain,NA,Pais Vasco,2177880,2,2,13471,1503
2020-05-28,Spain,NA,Pais Vasco,2177880,4,4,13475,1507
2020-05-29,Spain,NA,Pais Vasco,2177880,2,6,13477,1513
2020-05-30,Spain,NA,Pais Vasco,2177880,3,4,13480,1517
2020-05-31,Spain,NA,Pais Vasco,2177880,0,2,13480,1519
2020-06-01,Spain,NA,Pais Vasco,2177880,7,3,13487,1522
2020-06-02,Spain,NA,Pais Vasco,2177880,11,5,13498,1527
2020-06-03,Spain,NA,Pais Vasco,2177880,7,2,13505,1529
2020-06-04,Spain,NA,Pais Vasco,2177880,6,5,13511,1534
2020-06-05,Spain,NA,Pais Vasco,2177880,9,4,13520,1538
2020-06-06,Spain,NA,Pais Vasco,2177880,9,4,13529,1542
2020-06-07,Spain,NA,Pais Vasco,2177880,12,2,13541,1544
2020-06-08,Spain,NA,Pais Vasco,2177880,14,2,13555,1546
2020-06-09,Spain,NA,Pais Vasco,2177880,12,1,13567,1547
2020-06-10,Spain,NA,Pais Vasco,2177880,8,3,13575,1550
2020-06-11,Spain,NA,Pais Vasco,2177880,10,2,13585,1552
2020-06-12,Spain,NA,Pais Vasco,2177880,17,0,13602,1552
2020-06-13,Spain,NA,Pais Vasco,2177880,8,2,13610,1554
2020-06-14,Spain,NA,Pais Vasco,2177880,6,0,13616,1554
2020-06-15,Spain,NA,Pais Vasco,2177880,14,0,13630,1554
2020-06-16,Spain,NA,Pais Vasco,2177880,11,0,13641,1554
2020-06-17,Spain,NA,Pais Vasco,2177880,8,0,13649,1554
2020-06-18,Spain,NA,Pais Vasco,2177880,12,1,13661,1555
2020-06-19,Spain,NA,Pais Vasco,2177880,11,0,13672,1555
2020-06-20,Spain,NA,Pais Vasco,2177880,4,0,13676,1555
2020-06-21,Spain,NA,Pais Vasco,2177880,6,0,13682,1555
2020-06-22,Spain,NA,Pais Vasco,2177880,7,0,13689,1555
2020-06-23,Spain,NA,Pais Vasco,2177880,5,1,13694,1556
2020-06-24,Spain,NA,Pais Vasco,2177880,13,0,13707,1556
2020-06-25,Spain,NA,Pais Vasco,2177880,5,1,13712,1557
2020-06-26,Spain,NA,Pais Vasco,2177880,10,0,13722,1557
2020-06-27,Spain,NA,Pais Vasco,2177880,5,0,13727,1557
2020-06-28,Spain,NA,Pais Vasco,2177880,7,1,13734,1558
2020-06-29,Spain,NA,Pais Vasco,2177880,8,1,13742,1559
2020-06-30,Spain,NA,Pais Vasco,2177880,14,0,13756,1559
2020-07-01,Spain,NA,Pais Vasco,2177880,7,2,13763,1561
2020-07-02,Spain,NA,Pais Vasco,2177880,8,0,13771,1561
2020-07-03,Spain,NA,Pais Vasco,2177880,13,0,13784,1561
2020-07-04,Spain,NA,Pais Vasco,2177880,7,0,13791,1561
2020-07-05,Spain,NA,Pais Vasco,2177880,17,0,13808,1561
2020-07-06,Spain,NA,Pais Vasco,2177880,31,0,13839,1561
2020-07-07,Spain,NA,Pais Vasco,2177880,31,0,13870,1561
2020-07-08,Spain,NA,Pais Vasco,2177880,37,0,13907,1561
2020-07-09,Spain,NA,Pais Vasco,2177880,34,0,13941,1561
2020-07-10,Spain,NA,Pais Vasco,2177880,25,0,13966,1561
2020-07-11,Spain,NA,Pais Vasco,2177880,41,0,14007,1561
2020-07-12,Spain,NA,Pais Vasco,2177880,44,1,14051,1562
2020-07-13,Spain,NA,Pais Vasco,2177880,52,0,14103,1562
2020-07-14,Spain,NA,Pais Vasco,2177880,80,1,14183,1563
2020-07-15,Spain,NA,Pais Vasco,2177880,93,0,14276,1563
2020-07-16,Spain,NA,Pais Vasco,2177880,127,0,14403,1563
2020-07-17,Spain,NA,Pais Vasco,2177880,102,0,14505,1563
2020-07-18,Spain,NA,Pais Vasco,2177880,185,1,14690,1564
2020-07-19,Spain,NA,Pais Vasco,2177880,93,0,14783,1564
2020-07-20,Spain,NA,Pais Vasco,2177880,110,0,14893,1564
2020-07-21,Spain,NA,Pais Vasco,2177880,121,0,15014,1564
2020-07-22,Spain,NA,Pais Vasco,2177880,157,0,15171,1564
2020-07-23,Spain,NA,Pais Vasco,2177880,122,0,15293,1564
2020-07-24,Spain,NA,Pais Vasco,2177880,111,0,15404,1564
2020-07-25,Spain,NA,Pais Vasco,2177880,173,0,15577,1564
2020-07-26,Spain,NA,Pais Vasco,2177880,166,0,15743,1564
2020-07-27,Spain,NA,Pais Vasco,2177880,216,0,15959,1564
2020-07-28,Spain,NA,Pais Vasco,2177880,227,0,16186,1564
2020-07-29,Spain,NA,Pais Vasco,2177880,203,0,16389,1564
2020-07-30,Spain,NA,Pais Vasco,2177880,151,0,16540,1564
2020-07-31,Spain,NA,Pais Vasco,2177880,182,0,16722,1564
2020-08-01,Spain,NA,Pais Vasco,2177880,219,0,16941,1564
2020-08-02,Spain,NA,Pais Vasco,2177880,299,0,17240,1564
2020-08-03,Spain,NA,Pais Vasco,2177880,402,0,17642,1564
2020-08-04,Spain,NA,Pais Vasco,2177880,364,1,18006,1565
2020-08-05,Spain,NA,Pais Vasco,2177880,370,0,18376,1565
2020-08-06,Spain,NA,Pais Vasco,2177880,347,0,18723,1565
2020-08-07,Spain,NA,Pais Vasco,2177880,260,0,18983,1565
2020-08-08,Spain,NA,Pais Vasco,2177880,292,0,19275,1565
2020-08-09,Spain,NA,Pais Vasco,2177880,527,1,19802,1566
2020-08-10,Spain,NA,Pais Vasco,2177880,499,0,20301,1566
2020-08-11,Spain,NA,Pais Vasco,2177880,543,0,20844,1566
2020-08-12,Spain,NA,Pais Vasco,2177880,587,0,21431,1566
2020-08-13,Spain,NA,Pais Vasco,2177880,361,0,21792,1566
2020-08-14,Spain,NA,Pais Vasco,2177880,285,1,22077,1567
2020-08-15,Spain,NA,Pais Vasco,2177880,496,0,22573,1567
2020-08-16,Spain,NA,Pais Vasco,2177880,532,0,23105,1567
2020-08-17,Spain,NA,Pais Vasco,2177880,679,1,23784,1568
2020-08-18,Spain,NA,Pais Vasco,2177880,563,0,24347,1568
2020-08-19,Spain,NA,Pais Vasco,2177880,656,2,25003,1570
2020-08-20,Spain,NA,Pais Vasco,2177880,430,1,25433,1571
2020-08-21,Spain,NA,Pais Vasco,2177880,369,3,25802,1574
2020-08-22,Spain,NA,Pais Vasco,2177880,518,0,26320,1574
2020-08-23,Spain,NA,Pais Vasco,2177880,683,3,27003,1577
2020-08-24,Spain,NA,Pais Vasco,2177880,754,0,27757,1577
2020-08-25,Spain,NA,Pais Vasco,2177880,833,0,28590,1577
2020-08-26,Spain,NA,Pais Vasco,2177880,660,1,29250,1578
2020-08-27,Spain,NA,Pais Vasco,2177880,424,0,29674,1578
2020-08-28,Spain,NA,Pais Vasco,2177880,446,2,30120,1580
2020-08-29,Spain,NA,Pais Vasco,2177880,521,1,30641,1581
2020-08-30,Spain,NA,Pais Vasco,2177880,567,0,31208,1581
2020-08-31,Spain,NA,Pais Vasco,2177880,689,0,31897,1581
2020-09-01,Spain,NA,Pais Vasco,2177880,723,2,32620,1583
2020-09-02,Spain,NA,Pais Vasco,2177880,611,2,33231,1585
2020-09-03,Spain,NA,Pais Vasco,2177880,489,1,33720,1586
2020-09-04,Spain,NA,Pais Vasco,2177880,400,2,34120,1588
2020-09-05,Spain,NA,Pais Vasco,2177880,633,2,34753,1590
2020-09-06,Spain,NA,Pais Vasco,2177880,608,1,35361,1591
2020-09-07,Spain,NA,Pais Vasco,2177880,590,0,35951,1591
2020-09-08,Spain,NA,Pais Vasco,2177880,678,1,36629,1592
2020-09-09,Spain,NA,Pais Vasco,2177880,512,0,37141,1592
2020-09-10,Spain,NA,Pais Vasco,2177880,290,1,37431,1593
2020-09-11,Spain,NA,Pais Vasco,2177880,54,0,37485,1593
2020-03-01,Spain,NA,Region de Murcia,1487663,4,0,12,0
2020-03-02,Spain,NA,Region de Murcia,1487663,6,0,18,0
2020-03-03,Spain,NA,Region de Murcia,1487663,3,0,21,0
2020-03-04,Spain,NA,Region de Murcia,1487663,5,0,26,0
2020-03-05,Spain,NA,Region de Murcia,1487663,10,0,36,0
2020-03-06,Spain,NA,Region de Murcia,1487663,10,0,46,0
2020-03-07,Spain,NA,Region de Murcia,1487663,15,0,61,0
2020-03-08,Spain,NA,Region de Murcia,1487663,14,0,75,0
2020-03-09,Spain,NA,Region de Murcia,1487663,24,0,99,0
2020-03-10,Spain,NA,Region de Murcia,1487663,48,0,147,0
2020-03-11,Spain,NA,Region de Murcia,1487663,56,0,203,0
2020-03-12,Spain,NA,Region de Murcia,1487663,40,0,243,0
2020-03-13,Spain,NA,Region de Murcia,1487663,70,0,313,0
2020-03-14,Spain,NA,Region de Murcia,1487663,80,0,393,0
2020-03-15,Spain,NA,Region de Murcia,1487663,70,0,463,0
2020-03-16,Spain,NA,Region de Murcia,1487663,98,0,561,0
2020-03-17,Spain,NA,Region de Murcia,1487663,79,0,640,0
2020-03-18,Spain,NA,Region de Murcia,1487663,91,0,731,0
2020-03-19,Spain,NA,Region de Murcia,1487663,80,0,811,0
2020-03-20,Spain,NA,Region de Murcia,1487663,86,1,897,1
2020-03-21,Spain,NA,Region de Murcia,1487663,67,0,964,1
2020-03-22,Spain,NA,Region de Murcia,1487663,64,2,1028,3
2020-03-23,Spain,NA,Region de Murcia,1487663,100,0,1128,3
2020-03-24,Spain,NA,Region de Murcia,1487663,61,4,1189,7
2020-03-25,Spain,NA,Region de Murcia,1487663,65,4,1254,11
2020-03-26,Spain,NA,Region de Murcia,1487663,36,8,1290,19
2020-03-27,Spain,NA,Region de Murcia,1487663,36,6,1326,25
2020-03-28,Spain,NA,Region de Murcia,1487663,29,6,1355,31
2020-03-29,Spain,NA,Region de Murcia,1487663,23,9,1378,40
2020-03-30,Spain,NA,Region de Murcia,1487663,26,3,1404,43
2020-03-31,Spain,NA,Region de Murcia,1487663,23,6,1427,49
2020-04-01,Spain,NA,Region de Murcia,1487663,19,3,1446,52
2020-04-02,Spain,NA,Region de Murcia,1487663,21,7,1467,59
2020-04-03,Spain,NA,Region de Murcia,1487663,14,7,1481,66
2020-04-04,Spain,NA,Region de Murcia,1487663,19,5,1500,71
2020-04-05,Spain,NA,Region de Murcia,1487663,11,13,1511,84
2020-04-06,Spain,NA,Region de Murcia,1487663,6,5,1517,89
2020-04-07,Spain,NA,Region de Murcia,1487663,4,4,1521,93
2020-04-08,Spain,NA,Region de Murcia,1487663,16,6,1537,99
2020-04-09,Spain,NA,Region de Murcia,1487663,5,2,1542,101
2020-04-10,Spain,NA,Region de Murcia,1487663,5,3,1547,104
2020-04-11,Spain,NA,Region de Murcia,1487663,5,4,1552,108
2020-04-12,Spain,NA,Region de Murcia,1487663,4,4,1556,112
2020-04-13,Spain,NA,Region de Murcia,1487663,1,2,1557,114
2020-04-14,Spain,NA,Region de Murcia,1487663,5,3,1562,117
2020-04-15,Spain,NA,Region de Murcia,1487663,5,0,1567,117
2020-04-16,Spain,NA,Region de Murcia,1487663,1,2,1568,119
2020-04-17,Spain,NA,Region de Murcia,1487663,3,4,1571,123
2020-04-18,Spain,NA,Region de Murcia,1487663,0,1,1571,124
2020-04-19,Spain,NA,Region de Murcia,1487663,3,2,1574,126
2020-04-20,Spain,NA,Region de Murcia,1487663,1,0,1575,126
2020-04-21,Spain,NA,Region de Murcia,1487663,2,2,1577,128
2020-04-22,Spain,NA,Region de Murcia,1487663,3,1,1580,129
2020-04-23,Spain,NA,Region de Murcia,1487663,3,1,1583,130
2020-04-24,Spain,NA,Region de Murcia,1487663,0,1,1583,131
2020-04-25,Spain,NA,Region de Murcia,1487663,2,1,1585,132
2020-04-26,Spain,NA,Region de Murcia,1487663,3,2,1588,134
2020-04-27,Spain,NA,Region de Murcia,1487663,0,0,1588,134
2020-04-28,Spain,NA,Region de Murcia,1487663,0,0,1588,134
2020-04-29,Spain,NA,Region de Murcia,1487663,2,0,1590,134
2020-04-30,Spain,NA,Region de Murcia,1487663,1,2,1591,136
2020-05-01,Spain,NA,Region de Murcia,1487663,1,1,1592,137
2020-05-02,Spain,NA,Region de Murcia,1487663,1,3,1593,140
2020-05-03,Spain,NA,Region de Murcia,1487663,1,0,1594,140
2020-05-04,Spain,NA,Region de Murcia,1487663,2,0,1596,140
2020-05-05,Spain,NA,Region de Murcia,1487663,1,1,1597,141
2020-05-06,Spain,NA,Region de Murcia,1487663,2,0,1599,141
2020-05-07,Spain,NA,Region de Murcia,1487663,2,1,1601,142
2020-05-08,Spain,NA,Region de Murcia,1487663,1,0,1602,142
2020-05-09,Spain,NA,Region de Murcia,1487663,1,0,1603,142
2020-05-10,Spain,NA,Region de Murcia,1487663,1,0,1604,142
2020-05-11,Spain,NA,Region de Murcia,1487663,2,0,1606,142
2020-05-12,Spain,NA,Region de Murcia,1487663,3,1,1609,143
2020-05-13,Spain,NA,Region de Murcia,1487663,5,0,1614,143
2020-05-14,Spain,NA,Region de Murcia,1487663,2,1,1616,144
2020-05-15,Spain,NA,Region de Murcia,1487663,0,0,1616,144
2020-05-16,Spain,NA,Region de Murcia,1487663,1,0,1617,144
2020-05-17,Spain,NA,Region de Murcia,1487663,1,1,1618,145
2020-05-18,Spain,NA,Region de Murcia,1487663,2,0,1620,145
2020-05-19,Spain,NA,Region de Murcia,1487663,2,0,1622,145
2020-05-20,Spain,NA,Region de Murcia,1487663,0,0,1622,145
2020-05-21,Spain,NA,Region de Murcia,1487663,1,1,1623,146
2020-05-22,Spain,NA,Region de Murcia,1487663,1,0,1624,146
2020-05-23,Spain,NA,Region de Murcia,1487663,2,0,1626,146
2020-05-24,Spain,NA,Region de Murcia,1487663,0,0,1626,146
2020-05-25,Spain,NA,Region de Murcia,1487663,1,0,1627,146
2020-05-26,Spain,NA,Region de Murcia,1487663,0,0,1627,146
2020-05-27,Spain,NA,Region de Murcia,1487663,4,0,1631,146
2020-05-28,Spain,NA,Region de Murcia,1487663,2,0,1633,146
2020-05-29,Spain,NA,Region de Murcia,1487663,1,0,1634,146
2020-05-30,Spain,NA,Region de Murcia,1487663,1,0,1635,146
2020-05-31,Spain,NA,Region de Murcia,1487663,0,0,1635,146
2020-06-01,Spain,NA,Region de Murcia,1487663,4,0,1639,146
2020-06-02,Spain,NA,Region de Murcia,1487663,2,0,1641,146
2020-06-03,Spain,NA,Region de Murcia,1487663,2,0,1643,146
2020-06-04,Spain,NA,Region de Murcia,1487663,2,0,1645,146
2020-06-05,Spain,NA,Region de Murcia,1487663,1,0,1646,146
2020-06-06,Spain,NA,Region de Murcia,1487663,3,0,1649,146
2020-06-07,Spain,NA,Region de Murcia,1487663,0,0,1649,146
2020-06-08,Spain,NA,Region de Murcia,1487663,2,1,1651,147
2020-06-09,Spain,NA,Region de Murcia,1487663,2,0,1653,147
2020-06-10,Spain,NA,Region de Murcia,1487663,1,0,1654,147
2020-06-11,Spain,NA,Region de Murcia,1487663,0,0,1654,147
2020-06-12,Spain,NA,Region de Murcia,1487663,0,0,1654,147
2020-06-13,Spain,NA,Region de Murcia,1487663,1,0,1655,147
2020-06-14,Spain,NA,Region de Murcia,1487663,3,0,1658,147
2020-06-15,Spain,NA,Region de Murcia,1487663,2,0,1660,147
2020-06-16,Spain,NA,Region de Murcia,1487663,1,0,1661,147
2020-06-17,Spain,NA,Region de Murcia,1487663,2,0,1663,147
2020-06-18,Spain,NA,Region de Murcia,1487663,2,0,1665,147
2020-06-19,Spain,NA,Region de Murcia,1487663,3,0,1668,147
2020-06-20,Spain,NA,Region de Murcia,1487663,3,0,1671,147
2020-06-21,Spain,NA,Region de Murcia,1487663,5,0,1676,147
2020-06-22,Spain,NA,Region de Murcia,1487663,3,0,1679,147
2020-06-23,Spain,NA,Region de Murcia,1487663,5,0,1684,147
2020-06-24,Spain,NA,Region de Murcia,1487663,7,0,1691,147
2020-06-25,Spain,NA,Region de Murcia,1487663,5,0,1696,147
2020-06-26,Spain,NA,Region de Murcia,1487663,7,0,1703,147
2020-06-27,Spain,NA,Region de Murcia,1487663,6,0,1709,147
2020-06-28,Spain,NA,Region de Murcia,1487663,3,0,1712,147
2020-06-29,Spain,NA,Region de Murcia,1487663,10,0,1722,147
2020-06-30,Spain,NA,Region de Murcia,1487663,3,0,1725,147
2020-07-01,Spain,NA,Region de Murcia,1487663,5,0,1730,147
2020-07-02,Spain,NA,Region de Murcia,1487663,2,0,1732,147
2020-07-03,Spain,NA,Region de Murcia,1487663,2,0,1734,147
2020-07-04,Spain,NA,Region de Murcia,1487663,6,0,1740,147
2020-07-05,Spain,NA,Region de Murcia,1487663,7,0,1747,147
2020-07-06,Spain,NA,Region de Murcia,1487663,8,0,1755,147
2020-07-07,Spain,NA,Region de Murcia,1487663,12,0,1767,147
2020-07-08,Spain,NA,Region de Murcia,1487663,16,0,1783,147
2020-07-09,Spain,NA,Region de Murcia,1487663,6,0,1789,147
2020-07-10,Spain,NA,Region de Murcia,1487663,9,0,1798,147
2020-07-11,Spain,NA,Region de Murcia,1487663,16,0,1814,147
2020-07-12,Spain,NA,Region de Murcia,1487663,12,0,1826,147
2020-07-13,Spain,NA,Region de Murcia,1487663,13,0,1839,147
2020-07-14,Spain,NA,Region de Murcia,1487663,21,0,1860,147
2020-07-15,Spain,NA,Region de Murcia,1487663,32,0,1892,147
2020-07-16,Spain,NA,Region de Murcia,1487663,24,0,1916,147
2020-07-17,Spain,NA,Region de Murcia,1487663,31,0,1947,147
2020-07-18,Spain,NA,Region de Murcia,1487663,21,0,1968,147
2020-07-19,Spain,NA,Region de Murcia,1487663,26,0,1994,147
2020-07-20,Spain,NA,Region de Murcia,1487663,38,0,2032,147
2020-07-21,Spain,NA,Region de Murcia,1487663,49,0,2081,147
2020-07-22,Spain,NA,Region de Murcia,1487663,58,0,2139,147
2020-07-23,Spain,NA,Region de Murcia,1487663,48,0,2187,147
2020-07-24,Spain,NA,Region de Murcia,1487663,73,0,2260,147
2020-07-25,Spain,NA,Region de Murcia,1487663,84,0,2344,147
2020-07-26,Spain,NA,Region de Murcia,1487663,49,0,2393,147
2020-07-27,Spain,NA,Region de Murcia,1487663,60,0,2453,147
2020-07-28,Spain,NA,Region de Murcia,1487663,74,0,2527,147
2020-07-29,Spain,NA,Region de Murcia,1487663,90,0,2617,147
2020-07-30,Spain,NA,Region de Murcia,1487663,63,0,2680,147
2020-07-31,Spain,NA,Region de Murcia,1487663,56,0,2736,147
2020-08-01,Spain,NA,Region de Murcia,1487663,81,0,2817,147
2020-08-02,Spain,NA,Region de Murcia,1487663,61,0,2878,147
2020-08-03,Spain,NA,Region de Murcia,1487663,75,0,2953,147
2020-08-04,Spain,NA,Region de Murcia,1487663,97,0,3050,147
2020-08-05,Spain,NA,Region de Murcia,1487663,63,0,3113,147
2020-08-06,Spain,NA,Region de Murcia,1487663,61,0,3174,147
2020-08-07,Spain,NA,Region de Murcia,1487663,110,0,3284,147
2020-08-08,Spain,NA,Region de Murcia,1487663,87,0,3371,147
2020-08-09,Spain,NA,Region de Murcia,1487663,94,0,3465,147
2020-08-10,Spain,NA,Region de Murcia,1487663,124,0,3589,147
2020-08-11,Spain,NA,Region de Murcia,1487663,121,0,3710,147
2020-08-12,Spain,NA,Region de Murcia,1487663,143,0,3853,147
2020-08-13,Spain,NA,Region de Murcia,1487663,191,0,4044,147
2020-08-14,Spain,NA,Region de Murcia,1487663,178,0,4222,147
2020-08-15,Spain,NA,Region de Murcia,1487663,175,2,4397,149
2020-08-16,Spain,NA,Region de Murcia,1487663,127,0,4524,149
2020-08-17,Spain,NA,Region de Murcia,1487663,218,0,4742,149
2020-08-18,Spain,NA,Region de Murcia,1487663,186,0,4928,149
2020-08-19,Spain,NA,Region de Murcia,1487663,206,0,5134,149
2020-08-20,Spain,NA,Region de Murcia,1487663,222,1,5356,150
2020-08-21,Spain,NA,Region de Murcia,1487663,274,0,5630,150
2020-08-22,Spain,NA,Region de Murcia,1487663,271,0,5901,150
2020-08-23,Spain,NA,Region de Murcia,1487663,236,0,6137,150
2020-08-24,Spain,NA,Region de Murcia,1487663,261,1,6398,151
2020-08-25,Spain,NA,Region de Murcia,1487663,289,1,6687,152
2020-08-26,Spain,NA,Region de Murcia,1487663,308,0,6995,152
2020-08-27,Spain,NA,Region de Murcia,1487663,384,0,7379,152
2020-08-28,Spain,NA,Region de Murcia,1487663,319,0,7698,152
2020-08-29,Spain,NA,Region de Murcia,1487663,301,0,7999,152
2020-08-30,Spain,NA,Region de Murcia,1487663,288,0,8287,152
2020-08-31,Spain,NA,Region de Murcia,1487663,284,0,8571,152
2020-09-01,Spain,NA,Region de Murcia,1487663,309,0,8880,152
2020-09-02,Spain,NA,Region de Murcia,1487663,286,0,9166,152
2020-09-03,Spain,NA,Region de Murcia,1487663,252,0,9418,152
2020-09-04,Spain,NA,Region de Murcia,1487663,233,0,9651,152
2020-09-05,Spain,NA,Region de Murcia,1487663,208,0,9859,152
2020-09-06,Spain,NA,Region de Murcia,1487663,132,1,9991,153
2020-09-07,Spain,NA,Region de Murcia,1487663,104,0,10095,153
2020-09-08,Spain,NA,Region de Murcia,1487663,105,1,10200,154
2020-09-09,Spain,NA,Region de Murcia,1487663,48,0,10248,154
2020-09-10,Spain,NA,Region de Murcia,1487663,25,1,10273,155
2020-03-29,Ukraine,NA,Cherkasy,1220363,43,0,46,0
2020-03-30,Ukraine,NA,Cherkasy,1220363,4,0,50,0
2020-03-31,Ukraine,NA,Cherkasy,1220363,1,0,51,0
2020-04-01,Ukraine,NA,Cherkasy,1220363,3,0,54,0
2020-04-02,Ukraine,NA,Cherkasy,1220363,1,0,55,0
2020-04-03,Ukraine,NA,Cherkasy,1220363,4,1,59,1
2020-04-04,Ukraine,NA,Cherkasy,1220363,1,0,60,1
2020-04-05,Ukraine,NA,Cherkasy,1220363,0,0,60,1
2020-04-06,Ukraine,NA,Cherkasy,1220363,2,0,62,1
2020-04-07,Ukraine,NA,Cherkasy,1220363,0,0,62,1
2020-04-08,Ukraine,NA,Cherkasy,1220363,18,0,80,1
2020-04-09,Ukraine,NA,Cherkasy,1220363,0,0,80,1
2020-04-10,Ukraine,NA,Cherkasy,1220363,6,0,86,1
2020-04-11,Ukraine,NA,Cherkasy,1220363,7,0,93,1
2020-04-12,Ukraine,NA,Cherkasy,1220363,6,1,99,2
2020-04-13,Ukraine,NA,Cherkasy,1220363,3,0,102,2
2020-04-14,Ukraine,NA,Cherkasy,1220363,3,0,105,2
2020-04-15,Ukraine,NA,Cherkasy,1220363,0,0,105,2
2020-04-16,Ukraine,NA,Cherkasy,1220363,5,0,110,2
2020-04-17,Ukraine,NA,Cherkasy,1220363,27,0,137,2
2020-04-18,Ukraine,NA,Cherkasy,1220363,4,0,141,2
2020-04-19,Ukraine,NA,Cherkasy,1220363,10,0,151,2
2020-04-20,Ukraine,NA,Cherkasy,1220363,14,0,165,2
2020-04-21,Ukraine,NA,Cherkasy,1220363,21,1,186,3
2020-04-22,Ukraine,NA,Cherkasy,1220363,20,0,206,3
2020-04-23,Ukraine,NA,Cherkasy,1220363,14,0,220,3
2020-04-24,Ukraine,NA,Cherkasy,1220363,14,0,234,3
2020-04-25,Ukraine,NA,Cherkasy,1220363,15,0,249,3
2020-04-26,Ukraine,NA,Cherkasy,1220363,8,1,257,4
2020-04-27,Ukraine,NA,Cherkasy,1220363,10,3,267,7
2020-04-28,Ukraine,NA,Cherkasy,1220363,9,1,276,8
2020-04-29,Ukraine,NA,Cherkasy,1220363,6,0,282,8
2020-04-30,Ukraine,NA,Cherkasy,1220363,8,0,290,8
2020-05-01,Ukraine,NA,Cherkasy,1220363,6,1,296,9
2020-05-02,Ukraine,NA,Cherkasy,1220363,8,0,304,9
2020-05-03,Ukraine,NA,Cherkasy,1220363,4,0,308,9
2020-05-04,Ukraine,NA,Cherkasy,1220363,4,0,312,9
2020-05-05,Ukraine,NA,Cherkasy,1220363,2,0,314,9
2020-05-06,Ukraine,NA,Cherkasy,1220363,0,1,314,10
2020-05-07,Ukraine,NA,Cherkasy,1220363,10,0,324,10
2020-05-08,Ukraine,NA,Cherkasy,1220363,7,1,331,11
2020-05-09,Ukraine,NA,Cherkasy,1220363,2,1,333,12
2020-05-10,Ukraine,NA,Cherkasy,1220363,8,0,341,12
2020-05-11,Ukraine,NA,Cherkasy,1220363,1,1,342,13
2020-05-12,Ukraine,NA,Cherkasy,1220363,1,0,343,13
2020-05-13,Ukraine,NA,Cherkasy,1220363,3,1,346,14
2020-05-14,Ukraine,NA,Cherkasy,1220363,2,1,348,15
2020-05-15,Ukraine,NA,Cherkasy,1220363,2,0,350,15
2020-05-16,Ukraine,NA,Cherkasy,1220363,13,1,363,16
2020-05-17,Ukraine,NA,Cherkasy,1220363,9,0,372,16
2020-05-18,Ukraine,NA,Cherkasy,1220363,0,0,372,16
2020-05-19,Ukraine,NA,Cherkasy,1220363,4,0,376,16
2020-05-20,Ukraine,NA,Cherkasy,1220363,5,0,381,16
2020-05-21,Ukraine,NA,Cherkasy,1220363,0,0,381,16
2020-05-22,Ukraine,NA,Cherkasy,1220363,2,0,383,16
2020-05-23,Ukraine,NA,Cherkasy,1220363,4,0,387,16
2020-05-24,Ukraine,NA,Cherkasy,1220363,1,0,388,16
2020-05-25,Ukraine,NA,Cherkasy,1220363,3,0,391,16
2020-05-26,Ukraine,NA,Cherkasy,1220363,1,0,392,16
2020-05-27,Ukraine,NA,Cherkasy,1220363,1,0,393,16
2020-05-28,Ukraine,NA,Cherkasy,1220363,8,0,401,16
2020-05-29,Ukraine,NA,Cherkasy,1220363,0,0,401,16
2020-05-30,Ukraine,NA,Cherkasy,1220363,0,0,401,16
2020-05-31,Ukraine,NA,Cherkasy,1220363,1,0,402,16
2020-06-01,Ukraine,NA,Cherkasy,1220363,4,0,406,16
2020-06-02,Ukraine,NA,Cherkasy,1220363,5,0,411,16
2020-06-03,Ukraine,NA,Cherkasy,1220363,5,0,416,16
2020-06-04,Ukraine,NA,Cherkasy,1220363,13,0,429,16
2020-06-05,Ukraine,NA,Cherkasy,1220363,3,0,432,16
2020-06-06,Ukraine,NA,Cherkasy,1220363,16,1,448,17
2020-06-07,Ukraine,NA,Cherkasy,1220363,12,1,460,18
2020-06-08,Ukraine,NA,Cherkasy,1220363,9,0,469,18
2020-06-09,Ukraine,NA,Cherkasy,1220363,21,0,490,18
2020-06-10,Ukraine,NA,Cherkasy,1220363,11,1,501,19
2020-06-11,Ukraine,NA,Cherkasy,1220363,5,0,506,19
2020-06-12,Ukraine,NA,Cherkasy,1220363,11,0,517,19
2020-06-13,Ukraine,NA,Cherkasy,1220363,19,0,536,19
2020-06-14,Ukraine,NA,Cherkasy,1220363,7,0,543,19
2020-06-15,Ukraine,NA,Cherkasy,1220363,9,0,552,19
2020-06-16,Ukraine,NA,Cherkasy,1220363,10,1,562,20
2020-06-17,Ukraine,NA,Cherkasy,1220363,2,1,564,21
2020-06-18,Ukraine,NA,Cherkasy,1220363,4,0,568,21
2020-06-19,Ukraine,NA,Cherkasy,1220363,17,0,585,21
2020-06-20,Ukraine,NA,Cherkasy,1220363,7,0,592,21
2020-06-21,Ukraine,NA,Cherkasy,1220363,11,0,603,21
2020-06-22,Ukraine,NA,Cherkasy,1220363,0,0,603,21
2020-06-23,Ukraine,NA,Cherkasy,1220363,2,0,605,21
2020-06-24,Ukraine,NA,Cherkasy,1220363,9,1,614,22
2020-06-25,Ukraine,NA,Cherkasy,1220363,2,0,616,22
2020-06-26,Ukraine,NA,Cherkasy,1220363,11,1,627,23
2020-06-27,Ukraine,NA,Cherkasy,1220363,8,1,635,24
2020-06-28,Ukraine,NA,Cherkasy,1220363,7,0,642,24
2020-06-29,Ukraine,NA,Cherkasy,1220363,0,0,642,24
2020-06-30,Ukraine,NA,Cherkasy,1220363,0,0,642,24
2020-07-01,Ukraine,NA,Cherkasy,1220363,3,1,645,25
2020-07-02,Ukraine,NA,Cherkasy,1220363,0,1,645,26
2020-07-03,Ukraine,NA,Cherkasy,1220363,8,0,653,26
2020-07-04,Ukraine,NA,Cherkasy,1220363,4,0,657,26
2020-07-05,Ukraine,NA,Cherkasy,1220363,4,0,661,26
2020-07-06,Ukraine,NA,Cherkasy,1220363,9,0,670,26
2020-07-07,Ukraine,NA,Cherkasy,1220363,8,0,678,26
2020-07-08,Ukraine,NA,Cherkasy,1220363,17,1,695,27
2020-07-09,Ukraine,NA,Cherkasy,1220363,12,1,707,28
2020-07-10,Ukraine,NA,Cherkasy,1220363,18,0,725,28
2020-07-11,Ukraine,NA,Cherkasy,1220363,13,1,738,29
2020-07-12,Ukraine,NA,Cherkasy,1220363,10,1,748,30
2020-07-13,Ukraine,NA,Cherkasy,1220363,6,1,754,31
2020-07-14,Ukraine,NA,Cherkasy,1220363,1,0,755,31
2020-07-15,Ukraine,NA,Cherkasy,1220363,16,1,771,32
2020-07-16,Ukraine,NA,Cherkasy,1220363,12,0,783,32
2020-07-17,Ukraine,NA,Cherkasy,1220363,17,0,800,32
2020-07-18,Ukraine,NA,Cherkasy,1220363,18,1,818,33
2020-07-19,Ukraine,NA,Cherkasy,1220363,15,1,833,34
2020-07-20,Ukraine,NA,Cherkasy,1220363,12,0,845,34
2020-07-21,Ukraine,NA,Cherkasy,1220363,2,1,847,35
2020-07-22,Ukraine,NA,Cherkasy,1220363,6,1,853,36
2020-07-23,Ukraine,NA,Cherkasy,1220363,17,0,870,36
2020-07-24,Ukraine,NA,Cherkasy,1220363,18,0,888,36
2020-07-25,Ukraine,NA,Cherkasy,1220363,9,0,897,36
2020-07-26,Ukraine,NA,Cherkasy,1220363,0,0,897,36
2020-07-27,Ukraine,NA,Cherkasy,1220363,5,0,902,36
2020-07-28,Ukraine,NA,Cherkasy,1220363,4,0,906,36
2020-07-29,Ukraine,NA,Cherkasy,1220363,4,1,910,37
2020-07-30,Ukraine,NA,Cherkasy,1220363,9,0,919,37
2020-07-31,Ukraine,NA,Cherkasy,1220363,5,0,924,37
2020-08-01,Ukraine,NA,Cherkasy,1220363,18,0,942,37
2020-08-02,Ukraine,NA,Cherkasy,1220363,7,0,949,37
2020-08-03,Ukraine,NA,Cherkasy,1220363,5,0,954,37
2020-08-04,Ukraine,NA,Cherkasy,1220363,1,0,955,37
2020-08-05,Ukraine,NA,Cherkasy,1220363,4,0,959,37
2020-08-06,Ukraine,NA,Cherkasy,1220363,10,0,969,37
2020-08-07,Ukraine,NA,Cherkasy,1220363,6,0,975,37
2020-08-08,Ukraine,NA,Cherkasy,1220363,21,0,996,37
2020-08-09,Ukraine,NA,Cherkasy,1220363,26,0,1022,37
2020-08-10,Ukraine,NA,Cherkasy,1220363,14,0,1036,37
2020-08-11,Ukraine,NA,Cherkasy,1220363,3,0,1039,37
2020-08-12,Ukraine,NA,Cherkasy,1220363,10,0,1049,37
2020-08-13,Ukraine,NA,Cherkasy,1220363,18,0,1067,37
2020-08-14,Ukraine,NA,Cherkasy,1220363,25,0,1092,37
2020-08-15,Ukraine,NA,Cherkasy,1220363,22,0,1114,37
2020-08-16,Ukraine,NA,Cherkasy,1220363,34,0,1148,37
2020-08-17,Ukraine,NA,Cherkasy,1220363,17,0,1165,37
2020-08-18,Ukraine,NA,Cherkasy,1220363,2,0,1167,37
2020-08-19,Ukraine,NA,Cherkasy,1220363,8,0,1175,37
2020-08-20,Ukraine,NA,Cherkasy,1220363,25,0,1200,37
2020-08-21,Ukraine,NA,Cherkasy,1220363,19,0,1219,37
2020-08-22,Ukraine,NA,Cherkasy,1220363,29,0,1248,37
2020-08-23,Ukraine,NA,Cherkasy,1220363,38,0,1286,37
2020-08-24,Ukraine,NA,Cherkasy,1220363,11,0,1297,37
2020-08-25,Ukraine,NA,Cherkasy,1220363,3,0,1300,37
2020-08-26,Ukraine,NA,Cherkasy,1220363,5,1,1305,38
2020-08-27,Ukraine,NA,Cherkasy,1220363,13,0,1318,38
2020-08-28,Ukraine,NA,Cherkasy,1220363,72,0,1390,38
2020-08-29,Ukraine,NA,Cherkasy,1220363,92,0,1482,38
2020-08-30,Ukraine,NA,Cherkasy,1220363,56,0,1538,38
2020-08-31,Ukraine,NA,Cherkasy,1220363,35,0,1573,38
2020-09-01,Ukraine,NA,Cherkasy,1220363,21,0,1594,38
2020-09-02,Ukraine,NA,Cherkasy,1220363,48,0,1642,38
2020-09-03,Ukraine,NA,Cherkasy,1220363,28,1,1670,39
2020-09-04,Ukraine,NA,Cherkasy,1220363,86,1,1756,40
2020-09-05,Ukraine,NA,Cherkasy,1220363,93,1,1849,41
2020-09-06,Ukraine,NA,Cherkasy,1220363,45,0,1894,41
2020-09-07,Ukraine,NA,Cherkasy,1220363,56,0,1950,41
2020-09-08,Ukraine,NA,Cherkasy,1220363,96,0,2046,41
2020-09-09,Ukraine,NA,Cherkasy,1220363,75,0,2121,41
2020-09-10,Ukraine,NA,Cherkasy,1220363,56,0,2177,41
2020-09-11,Ukraine,NA,Cherkasy,1220363,117,0,2294,41
2020-09-12,Ukraine,NA,Cherkasy,1220363,90,1,2384,42
2020-09-13,Ukraine,NA,Cherkasy,1220363,111,1,2495,43
2020-09-14,Ukraine,NA,Cherkasy,1220363,84,0,2579,43
2020-09-15,Ukraine,NA,Cherkasy,1220363,109,0,2688,43
2020-04-16,Ukraine,NA,Chernihiv,1020078,1,0,11,1
2020-04-17,Ukraine,NA,Chernihiv,1020078,1,0,12,1
2020-04-18,Ukraine,NA,Chernihiv,1020078,0,0,12,1
2020-04-19,Ukraine,NA,Chernihiv,1020078,0,0,12,1
2020-04-20,Ukraine,NA,Chernihiv,1020078,0,0,12,1
2020-04-21,Ukraine,NA,Chernihiv,1020078,1,0,13,1
2020-04-22,Ukraine,NA,Chernihiv,1020078,0,0,13,1
2020-04-23,Ukraine,NA,Chernihiv,1020078,4,0,17,1
2020-04-24,Ukraine,NA,Chernihiv,1020078,2,0,19,1
2020-04-25,Ukraine,NA,Chernihiv,1020078,3,1,22,2
2020-04-26,Ukraine,NA,Chernihiv,1020078,10,0,32,2
2020-04-27,Ukraine,NA,Chernihiv,1020078,3,0,35,2
2020-04-28,Ukraine,NA,Chernihiv,1020078,4,2,39,4
2020-04-29,Ukraine,NA,Chernihiv,1020078,2,0,41,4
2020-04-30,Ukraine,NA,Chernihiv,1020078,9,0,50,4
2020-05-01,Ukraine,NA,Chernihiv,1020078,0,0,50,4
2020-05-02,Ukraine,NA,Chernihiv,1020078,1,0,51,4
2020-05-03,Ukraine,NA,Chernihiv,1020078,3,1,54,5
2020-05-04,Ukraine,NA,Chernihiv,1020078,10,0,64,5
2020-05-05,Ukraine,NA,Chernihiv,1020078,0,0,64,5
2020-05-06,Ukraine,NA,Chernihiv,1020078,1,0,65,5
2020-05-07,Ukraine,NA,Chernihiv,1020078,3,1,68,6
2020-05-08,Ukraine,NA,Chernihiv,1020078,1,0,69,6
2020-05-09,Ukraine,NA,Chernihiv,1020078,4,0,73,6
2020-05-10,Ukraine,NA,Chernihiv,1020078,0,0,73,6
2020-05-11,Ukraine,NA,Chernihiv,1020078,4,0,77,6
2020-05-12,Ukraine,NA,Chernihiv,1020078,2,0,79,6
2020-05-13,Ukraine,NA,Chernihiv,1020078,0,0,79,6
2020-05-14,Ukraine,NA,Chernihiv,1020078,5,0,84,6
2020-05-15,Ukraine,NA,Chernihiv,1020078,12,0,96,6
2020-05-16,Ukraine,NA,Chernihiv,1020078,9,0,105,6
2020-05-17,Ukraine,NA,Chernihiv,1020078,3,0,108,6
2020-05-18,Ukraine,NA,Chernihiv,1020078,0,0,108,6
2020-05-19,Ukraine,NA,Chernihiv,1020078,2,0,110,6
2020-05-20,Ukraine,NA,Chernihiv,1020078,5,0,115,6
2020-05-21,Ukraine,NA,Chernihiv,1020078,2,0,117,6
2020-05-22,Ukraine,NA,Chernihiv,1020078,2,0,119,6
2020-05-23,Ukraine,NA,Chernihiv,1020078,8,0,127,6
2020-05-24,Ukraine,NA,Chernihiv,1020078,2,0,129,6
2020-05-25,Ukraine,NA,Chernihiv,1020078,2,0,131,6
2020-05-26,Ukraine,NA,Chernihiv,1020078,3,0,134,6
2020-05-27,Ukraine,NA,Chernihiv,1020078,3,0,137,6
2020-05-28,Ukraine,NA,Chernihiv,1020078,3,0,140,6
2020-05-29,Ukraine,NA,Chernihiv,1020078,10,0,150,6
2020-05-30,Ukraine,NA,Chernihiv,1020078,9,0,159,6
2020-05-31,Ukraine,NA,Chernihiv,1020078,8,0,167,6
2020-06-01,Ukraine,NA,Chernihiv,1020078,10,0,177,6
2020-06-02,Ukraine,NA,Chernihiv,1020078,11,0,188,6
2020-06-03,Ukraine,NA,Chernihiv,1020078,15,0,203,6
2020-06-04,Ukraine,NA,Chernihiv,1020078,35,1,238,7
2020-06-05,Ukraine,NA,Chernihiv,1020078,12,1,250,8
2020-06-06,Ukraine,NA,Chernihiv,1020078,7,0,257,8
2020-06-07,Ukraine,NA,Chernihiv,1020078,22,0,279,8
2020-06-08,Ukraine,NA,Chernihiv,1020078,20,0,299,8
2020-06-09,Ukraine,NA,Chernihiv,1020078,5,0,304,8
2020-06-10,Ukraine,NA,Chernihiv,1020078,16,0,320,8
2020-06-11,Ukraine,NA,Chernihiv,1020078,21,0,341,8
2020-06-12,Ukraine,NA,Chernihiv,1020078,25,0,366,8
2020-06-13,Ukraine,NA,Chernihiv,1020078,19,1,385,9
2020-06-14,Ukraine,NA,Chernihiv,1020078,25,0,410,9
2020-06-15,Ukraine,NA,Chernihiv,1020078,14,1,424,10
2020-06-16,Ukraine,NA,Chernihiv,1020078,3,0,427,10
2020-06-17,Ukraine,NA,Chernihiv,1020078,13,0,440,10
2020-06-18,Ukraine,NA,Chernihiv,1020078,8,0,448,10
2020-06-19,Ukraine,NA,Chernihiv,1020078,11,0,459,10
2020-06-20,Ukraine,NA,Chernihiv,1020078,8,0,467,10
2020-06-21,Ukraine,NA,Chernihiv,1020078,8,0,475,10
2020-06-22,Ukraine,NA,Chernihiv,1020078,5,0,480,10
2020-06-23,Ukraine,NA,Chernihiv,1020078,5,0,485,10
2020-06-24,Ukraine,NA,Chernihiv,1020078,9,0,494,10
2020-06-25,Ukraine,NA,Chernihiv,1020078,12,0,506,10
2020-06-26,Ukraine,NA,Chernihiv,1020078,8,0,514,10
2020-06-27,Ukraine,NA,Chernihiv,1020078,5,0,519,10
2020-06-28,Ukraine,NA,Chernihiv,1020078,7,0,526,10
2020-06-29,Ukraine,NA,Chernihiv,1020078,9,0,535,10
2020-06-30,Ukraine,NA,Chernihiv,1020078,1,0,536,10
2020-07-01,Ukraine,NA,Chernihiv,1020078,2,0,538,10
2020-07-02,Ukraine,NA,Chernihiv,1020078,9,1,547,11
2020-07-03,Ukraine,NA,Chernihiv,1020078,7,0,554,11
2020-07-04,Ukraine,NA,Chernihiv,1020078,6,0,560,11
2020-07-05,Ukraine,NA,Chernihiv,1020078,12,1,572,12
2020-07-06,Ukraine,NA,Chernihiv,1020078,4,0,576,12
2020-07-07,Ukraine,NA,Chernihiv,1020078,0,1,576,13
2020-07-08,Ukraine,NA,Chernihiv,1020078,2,0,578,13
2020-07-09,Ukraine,NA,Chernihiv,1020078,7,0,585,13
2020-07-10,Ukraine,NA,Chernihiv,1020078,7,1,592,14
2020-07-11,Ukraine,NA,Chernihiv,1020078,2,0,594,14
2020-07-12,Ukraine,NA,Chernihiv,1020078,13,0,607,14
2020-07-13,Ukraine,NA,Chernihiv,1020078,1,0,608,14
2020-07-14,Ukraine,NA,Chernihiv,1020078,4,0,612,14
2020-07-15,Ukraine,NA,Chernihiv,1020078,12,0,624,14
2020-07-16,Ukraine,NA,Chernihiv,1020078,4,0,628,14
2020-07-17,Ukraine,NA,Chernihiv,1020078,4,0,632,14
2020-07-18,Ukraine,NA,Chernihiv,1020078,0,0,632,14
2020-07-19,Ukraine,NA,Chernihiv,1020078,10,0,642,14
2020-07-20,Ukraine,NA,Chernihiv,1020078,0,0,642,14
2020-07-21,Ukraine,NA,Chernihiv,1020078,7,1,649,15
2020-07-22,Ukraine,NA,Chernihiv,1020078,5,0,654,15
2020-07-23,Ukraine,NA,Chernihiv,1020078,13,0,667,15
2020-07-24,Ukraine,NA,Chernihiv,1020078,12,2,679,17
2020-07-25,Ukraine,NA,Chernihiv,1020078,11,0,690,17
2020-07-26,Ukraine,NA,Chernihiv,1020078,21,0,711,17
2020-07-27,Ukraine,NA,Chernihiv,1020078,9,0,720,17
2020-07-28,Ukraine,NA,Chernihiv,1020078,6,1,726,18
2020-07-29,Ukraine,NA,Chernihiv,1020078,19,0,745,18
2020-07-30,Ukraine,NA,Chernihiv,1020078,44,0,789,18
2020-07-31,Ukraine,NA,Chernihiv,1020078,34,0,823,18
2020-08-01,Ukraine,NA,Chernihiv,1020078,20,0,843,18
2020-08-02,Ukraine,NA,Chernihiv,1020078,40,0,883,18
2020-08-03,Ukraine,NA,Chernihiv,1020078,17,0,900,18
2020-08-04,Ukraine,NA,Chernihiv,1020078,9,0,909,18
2020-08-05,Ukraine,NA,Chernihiv,1020078,11,0,920,18
2020-08-06,Ukraine,NA,Chernihiv,1020078,17,0,937,18
2020-08-07,Ukraine,NA,Chernihiv,1020078,28,0,965,18
2020-08-08,Ukraine,NA,Chernihiv,1020078,26,0,991,18
2020-08-09,Ukraine,NA,Chernihiv,1020078,23,0,1014,18
2020-08-10,Ukraine,NA,Chernihiv,1020078,10,0,1024,18
2020-08-11,Ukraine,NA,Chernihiv,1020078,14,0,1038,18
2020-08-12,Ukraine,NA,Chernihiv,1020078,42,0,1080,18
2020-08-13,Ukraine,NA,Chernihiv,1020078,27,0,1107,18
2020-08-14,Ukraine,NA,Chernihiv,1020078,47,0,1154,18
2020-08-15,Ukraine,NA,Chernihiv,1020078,20,1,1174,19
2020-08-16,Ukraine,NA,Chernihiv,1020078,32,0,1206,19
2020-08-17,Ukraine,NA,Chernihiv,1020078,27,0,1233,19
2020-08-18,Ukraine,NA,Chernihiv,1020078,17,2,1250,21
2020-08-19,Ukraine,NA,Chernihiv,1020078,28,0,1278,21
2020-08-20,Ukraine,NA,Chernihiv,1020078,36,1,1314,22
2020-08-21,Ukraine,NA,Chernihiv,1020078,52,0,1366,22
2020-08-22,Ukraine,NA,Chernihiv,1020078,57,0,1423,22
2020-08-23,Ukraine,NA,Chernihiv,1020078,45,0,1468,22
2020-08-24,Ukraine,NA,Chernihiv,1020078,52,0,1520,22
2020-08-25,Ukraine,NA,Chernihiv,1020078,32,0,1552,22
2020-08-26,Ukraine,NA,Chernihiv,1020078,18,0,1570,22
2020-08-27,Ukraine,NA,Chernihiv,1020078,48,0,1618,22
2020-08-28,Ukraine,NA,Chernihiv,1020078,58,0,1676,22
2020-08-29,Ukraine,NA,Chernihiv,1020078,69,0,1745,22
2020-08-30,Ukraine,NA,Chernihiv,1020078,32,0,1777,22
2020-08-31,Ukraine,NA,Chernihiv,1020078,117,0,1894,22
2020-09-01,Ukraine,NA,Chernihiv,1020078,47,0,1941,22
2020-09-02,Ukraine,NA,Chernihiv,1020078,49,0,1990,22
2020-09-03,Ukraine,NA,Chernihiv,1020078,60,0,2050,22
2020-09-04,Ukraine,NA,Chernihiv,1020078,100,0,2150,22
2020-09-05,Ukraine,NA,Chernihiv,1020078,80,5,2230,27
2020-09-06,Ukraine,NA,Chernihiv,1020078,56,0,2286,27
2020-09-07,Ukraine,NA,Chernihiv,1020078,86,0,2372,27
2020-09-08,Ukraine,NA,Chernihiv,1020078,78,3,2450,30
2020-09-09,Ukraine,NA,Chernihiv,1020078,65,3,2515,33
2020-09-10,Ukraine,NA,Chernihiv,1020078,30,2,2545,35
2020-09-11,Ukraine,NA,Chernihiv,1020078,29,0,2574,35
2020-09-12,Ukraine,NA,Chernihiv,1020078,80,0,2654,35
2020-09-13,Ukraine,NA,Chernihiv,1020078,60,0,2714,35
2020-09-14,Ukraine,NA,Chernihiv,1020078,74,0,2788,35
2020-09-15,Ukraine,NA,Chernihiv,1020078,58,0,2846,35
2020-03-19,Ukraine,NA,Chernivtsi,906600,5,0,15,1
2020-03-20,Ukraine,NA,Chernivtsi,906600,10,0,25,1
2020-03-21,Ukraine,NA,Chernivtsi,906600,0,0,25,1
2020-03-22,Ukraine,NA,Chernivtsi,906600,0,0,25,1
2020-03-23,Ukraine,NA,Chernivtsi,906600,0,0,25,1
2020-03-24,Ukraine,NA,Chernivtsi,906600,13,0,38,1
2020-03-25,Ukraine,NA,Chernivtsi,906600,0,0,38,1
2020-03-26,Ukraine,NA,Chernivtsi,906600,4,0,42,1
2020-03-27,Ukraine,NA,Chernivtsi,906600,5,0,47,1
2020-03-28,Ukraine,NA,Chernivtsi,906600,0,0,47,1
2020-03-29,Ukraine,NA,Chernivtsi,906600,12,0,59,1
2020-03-30,Ukraine,NA,Chernivtsi,906600,16,0,75,1
2020-03-31,Ukraine,NA,Chernivtsi,906600,29,3,104,4
2020-04-01,Ukraine,NA,Chernivtsi,906600,39,1,143,5
2020-04-02,Ukraine,NA,Chernivtsi,906600,25,0,168,5
2020-04-03,Ukraine,NA,Chernivtsi,906600,35,0,203,5
2020-04-04,Ukraine,NA,Chernivtsi,906600,17,0,220,5
2020-04-05,Ukraine,NA,Chernivtsi,906600,0,0,220,5
2020-04-06,Ukraine,NA,Chernivtsi,906600,0,0,220,5
2020-04-07,Ukraine,NA,Chernivtsi,906600,27,1,247,6
2020-04-08,Ukraine,NA,Chernivtsi,906600,26,0,273,6
2020-04-09,Ukraine,NA,Chernivtsi,906600,29,0,302,6
2020-04-10,Ukraine,NA,Chernivtsi,906600,64,1,366,7
2020-04-11,Ukraine,NA,Chernivtsi,906600,43,1,409,8
2020-04-12,Ukraine,NA,Chernivtsi,906600,23,0,432,8
2020-04-13,Ukraine,NA,Chernivtsi,906600,30,0,462,8
2020-04-14,Ukraine,NA,Chernivtsi,906600,84,0,546,8
2020-04-15,Ukraine,NA,Chernivtsi,906600,43,0,589,8
2020-04-16,Ukraine,NA,Chernivtsi,906600,73,0,662,8
2020-04-17,Ukraine,NA,Chernivtsi,906600,97,3,759,11
2020-04-18,Ukraine,NA,Chernivtsi,906600,81,1,840,12
2020-04-19,Ukraine,NA,Chernivtsi,906600,49,1,889,13
2020-04-20,Ukraine,NA,Chernivtsi,906600,17,0,906,13
2020-04-21,Ukraine,NA,Chernivtsi,906600,82,3,988,16
2020-04-22,Ukraine,NA,Chernivtsi,906600,65,4,1053,20
2020-04-23,Ukraine,NA,Chernivtsi,906600,87,1,1140,21
2020-04-24,Ukraine,NA,Chernivtsi,906600,59,2,1199,23
2020-04-25,Ukraine,NA,Chernivtsi,906600,109,1,1308,24
2020-04-26,Ukraine,NA,Chernivtsi,906600,33,2,1341,26
2020-04-27,Ukraine,NA,Chernivtsi,906600,34,0,1375,26
2020-04-28,Ukraine,NA,Chernivtsi,906600,54,7,1429,33
2020-04-29,Ukraine,NA,Chernivtsi,906600,60,3,1489,36
2020-04-30,Ukraine,NA,Chernivtsi,906600,82,3,1571,39
2020-05-01,Ukraine,NA,Chernivtsi,906600,96,5,1667,44
2020-05-02,Ukraine,NA,Chernivtsi,906600,78,1,1745,45
2020-05-03,Ukraine,NA,Chernivtsi,906600,73,2,1818,47
2020-05-04,Ukraine,NA,Chernivtsi,906600,69,6,1887,53
2020-05-05,Ukraine,NA,Chernivtsi,906600,61,2,1948,55
2020-05-06,Ukraine,NA,Chernivtsi,906600,37,2,1985,57
2020-05-07,Ukraine,NA,Chernivtsi,906600,63,5,2048,62
2020-05-08,Ukraine,NA,Chernivtsi,906600,49,5,2097,67
2020-05-09,Ukraine,NA,Chernivtsi,906600,82,3,2179,70
2020-05-10,Ukraine,NA,Chernivtsi,906600,89,6,2268,76
2020-05-11,Ukraine,NA,Chernivtsi,906600,56,5,2324,81
2020-05-12,Ukraine,NA,Chernivtsi,906600,72,3,2396,84
2020-05-13,Ukraine,NA,Chernivtsi,906600,48,3,2444,87
2020-05-14,Ukraine,NA,Chernivtsi,906600,72,2,2516,89
2020-05-15,Ukraine,NA,Chernivtsi,906600,84,6,2600,95
2020-05-16,Ukraine,NA,Chernivtsi,906600,47,4,2647,99
2020-05-17,Ukraine,NA,Chernivtsi,906600,47,3,2694,102
2020-05-18,Ukraine,NA,Chernivtsi,906600,19,5,2713,107
2020-05-19,Ukraine,NA,Chernivtsi,906600,29,3,2742,110
2020-05-20,Ukraine,NA,Chernivtsi,906600,54,4,2796,114
2020-05-21,Ukraine,NA,Chernivtsi,906600,46,2,2842,116
2020-05-22,Ukraine,NA,Chernivtsi,906600,63,3,2905,119
2020-05-23,Ukraine,NA,Chernivtsi,906600,59,3,2964,122
2020-05-24,Ukraine,NA,Chernivtsi,906600,64,3,3028,125
2020-05-25,Ukraine,NA,Chernivtsi,906600,55,2,3083,127
2020-05-26,Ukraine,NA,Chernivtsi,906600,18,5,3101,132
2020-05-27,Ukraine,NA,Chernivtsi,906600,43,1,3144,133
2020-05-28,Ukraine,NA,Chernivtsi,906600,57,1,3201,134
2020-05-29,Ukraine,NA,Chernivtsi,906600,58,1,3259,135
2020-05-30,Ukraine,NA,Chernivtsi,906600,47,2,3306,137
2020-05-31,Ukraine,NA,Chernivtsi,906600,43,3,3349,140
2020-06-01,Ukraine,NA,Chernivtsi,906600,28,4,3377,144
2020-06-02,Ukraine,NA,Chernivtsi,906600,33,0,3410,144
2020-06-03,Ukraine,NA,Chernivtsi,906600,32,3,3442,147
2020-06-04,Ukraine,NA,Chernivtsi,906600,39,1,3481,148
2020-06-05,Ukraine,NA,Chernivtsi,906600,38,2,3519,150
2020-06-06,Ukraine,NA,Chernivtsi,906600,66,1,3585,151
2020-06-07,Ukraine,NA,Chernivtsi,906600,54,0,3639,151
2020-06-08,Ukraine,NA,Chernivtsi,906600,59,1,3698,152
2020-06-09,Ukraine,NA,Chernivtsi,906600,31,0,3729,152
2020-06-10,Ukraine,NA,Chernivtsi,906600,28,5,3757,157
2020-06-11,Ukraine,NA,Chernivtsi,906600,36,2,3793,159
2020-06-12,Ukraine,NA,Chernivtsi,906600,38,4,3831,163
2020-06-13,Ukraine,NA,Chernivtsi,906600,38,1,3869,164
2020-06-14,Ukraine,NA,Chernivtsi,906600,47,0,3916,164
2020-06-15,Ukraine,NA,Chernivtsi,906600,43,1,3959,165
2020-06-16,Ukraine,NA,Chernivtsi,906600,54,0,4013,165
2020-06-17,Ukraine,NA,Chernivtsi,906600,69,1,4082,166
2020-06-18,Ukraine,NA,Chernivtsi,906600,53,4,4135,170
2020-06-19,Ukraine,NA,Chernivtsi,906600,76,1,4211,171
2020-06-20,Ukraine,NA,Chernivtsi,906600,57,0,4268,171
2020-06-21,Ukraine,NA,Chernivtsi,906600,56,0,4324,171
2020-06-22,Ukraine,NA,Chernivtsi,906600,33,0,4357,171
2020-06-23,Ukraine,NA,Chernivtsi,906600,62,5,4419,176
2020-06-24,Ukraine,NA,Chernivtsi,906600,59,0,4478,176
2020-06-25,Ukraine,NA,Chernivtsi,906600,53,1,4531,177
2020-06-26,Ukraine,NA,Chernivtsi,906600,51,1,4582,178
2020-06-27,Ukraine,NA,Chernivtsi,906600,49,2,4631,180
2020-06-28,Ukraine,NA,Chernivtsi,906600,55,0,4686,180
2020-06-29,Ukraine,NA,Chernivtsi,906600,59,2,4745,182
2020-06-30,Ukraine,NA,Chernivtsi,906600,56,1,4801,183
2020-07-01,Ukraine,NA,Chernivtsi,906600,49,0,4850,183
2020-07-02,Ukraine,NA,Chernivtsi,906600,44,0,4894,183
2020-07-03,Ukraine,NA,Chernivtsi,906600,41,0,4935,183
2020-07-04,Ukraine,NA,Chernivtsi,906600,37,2,4972,185
2020-07-05,Ukraine,NA,Chernivtsi,906600,30,2,5002,187
2020-07-06,Ukraine,NA,Chernivtsi,906600,16,1,5018,188
2020-07-07,Ukraine,NA,Chernivtsi,906600,14,2,5032,190
2020-07-08,Ukraine,NA,Chernivtsi,906600,19,2,5051,192
2020-07-09,Ukraine,NA,Chernivtsi,906600,23,1,5074,193
2020-07-10,Ukraine,NA,Chernivtsi,906600,22,1,5096,194
2020-07-11,Ukraine,NA,Chernivtsi,906600,21,3,5117,197
2020-07-12,Ukraine,NA,Chernivtsi,906600,23,3,5140,200
2020-07-13,Ukraine,NA,Chernivtsi,906600,21,1,5161,201
2020-07-14,Ukraine,NA,Chernivtsi,906600,23,0,5184,201
2020-07-15,Ukraine,NA,Chernivtsi,906600,24,0,5208,201
2020-07-16,Ukraine,NA,Chernivtsi,906600,24,2,5232,203
2020-07-17,Ukraine,NA,Chernivtsi,906600,30,1,5262,204
2020-07-18,Ukraine,NA,Chernivtsi,906600,27,0,5289,204
2020-07-19,Ukraine,NA,Chernivtsi,906600,22,1,5311,205
2020-07-20,Ukraine,NA,Chernivtsi,906600,21,0,5332,205
2020-07-21,Ukraine,NA,Chernivtsi,906600,31,0,5363,205
2020-07-22,Ukraine,NA,Chernivtsi,906600,41,3,5404,208
2020-07-23,Ukraine,NA,Chernivtsi,906600,39,1,5443,209
2020-07-24,Ukraine,NA,Chernivtsi,906600,42,1,5485,210
2020-07-25,Ukraine,NA,Chernivtsi,906600,63,1,5548,211
2020-07-26,Ukraine,NA,Chernivtsi,906600,44,2,5592,213
2020-07-27,Ukraine,NA,Chernivtsi,906600,42,1,5634,214
2020-07-28,Ukraine,NA,Chernivtsi,906600,58,1,5692,215
2020-07-29,Ukraine,NA,Chernivtsi,906600,59,1,5751,216
2020-07-30,Ukraine,NA,Chernivtsi,906600,61,0,5812,216
2020-07-31,Ukraine,NA,Chernivtsi,906600,63,0,5875,216
2020-08-01,Ukraine,NA,Chernivtsi,906600,89,0,5964,216
2020-08-02,Ukraine,NA,Chernivtsi,906600,97,0,6061,216
2020-08-03,Ukraine,NA,Chernivtsi,906600,82,2,6143,218
2020-08-04,Ukraine,NA,Chernivtsi,906600,86,1,6229,219
2020-08-05,Ukraine,NA,Chernivtsi,906600,69,1,6298,220
2020-08-06,Ukraine,NA,Chernivtsi,906600,85,0,6383,220
2020-08-07,Ukraine,NA,Chernivtsi,906600,94,2,6477,222
2020-08-08,Ukraine,NA,Chernivtsi,906600,88,2,6565,224
2020-08-09,Ukraine,NA,Chernivtsi,906600,104,1,6669,225
2020-08-10,Ukraine,NA,Chernivtsi,906600,108,3,6777,228
2020-08-11,Ukraine,NA,Chernivtsi,906600,90,2,6867,230
2020-08-12,Ukraine,NA,Chernivtsi,906600,113,2,6980,232
2020-08-13,Ukraine,NA,Chernivtsi,906600,130,0,7110,232
2020-08-14,Ukraine,NA,Chernivtsi,906600,154,1,7264,233
2020-08-15,Ukraine,NA,Chernivtsi,906600,170,2,7434,235
2020-08-16,Ukraine,NA,Chernivtsi,906600,183,2,7617,237
2020-08-17,Ukraine,NA,Chernivtsi,906600,165,0,7782,237
2020-08-18,Ukraine,NA,Chernivtsi,906600,172,3,7954,240
2020-08-19,Ukraine,NA,Chernivtsi,906600,154,4,8108,244
2020-08-20,Ukraine,NA,Chernivtsi,906600,189,4,8297,248
2020-08-21,Ukraine,NA,Chernivtsi,906600,208,1,8505,249
2020-08-22,Ukraine,NA,Chernivtsi,906600,208,5,8713,254
2020-08-23,Ukraine,NA,Chernivtsi,906600,213,2,8926,256
2020-08-24,Ukraine,NA,Chernivtsi,906600,241,3,9167,259
2020-08-25,Ukraine,NA,Chernivtsi,906600,204,2,9371,261
2020-08-26,Ukraine,NA,Chernivtsi,906600,170,4,9541,265
2020-08-27,Ukraine,NA,Chernivtsi,906600,159,5,9700,270
2020-08-28,Ukraine,NA,Chernivtsi,906600,155,3,9855,273
2020-08-29,Ukraine,NA,Chernivtsi,906600,142,1,9997,274
2020-08-30,Ukraine,NA,Chernivtsi,906600,148,3,10145,277
2020-08-31,Ukraine,NA,Chernivtsi,906600,158,2,10303,279
2020-09-01,Ukraine,NA,Chernivtsi,906600,117,5,10420,284
2020-09-02,Ukraine,NA,Chernivtsi,906600,67,3,10487,287
2020-09-03,Ukraine,NA,Chernivtsi,906600,137,2,10624,289
2020-09-04,Ukraine,NA,Chernivtsi,906600,162,3,10786,292
2020-09-05,Ukraine,NA,Chernivtsi,906600,172,3,10958,295
2020-09-06,Ukraine,NA,Chernivtsi,906600,151,2,11109,297
2020-09-07,Ukraine,NA,Chernivtsi,906600,163,5,11272,302
2020-09-08,Ukraine,NA,Chernivtsi,906600,159,1,11431,303
2020-09-09,Ukraine,NA,Chernivtsi,906600,150,1,11581,304
2020-09-10,Ukraine,NA,Chernivtsi,906600,134,2,11715,306
2020-09-11,Ukraine,NA,Chernivtsi,906600,132,4,11847,310
2020-09-12,Ukraine,NA,Chernivtsi,906600,141,1,11988,311
2020-09-13,Ukraine,NA,Chernivtsi,906600,129,0,12117,311
2020-09-14,Ukraine,NA,Chernivtsi,906600,135,1,12252,312
2020-09-15,Ukraine,NA,Chernivtsi,906600,142,5,12394,317
2020-04-02,Ukraine,NA,Dnipropetrovsk,3231140,2,0,12,0
2020-04-03,Ukraine,NA,Dnipropetrovsk,3231140,2,0,14,0
2020-04-04,Ukraine,NA,Dnipropetrovsk,3231140,0,0,14,0
2020-04-05,Ukraine,NA,Dnipropetrovsk,3231140,0,0,14,0
2020-04-06,Ukraine,NA,Dnipropetrovsk,3231140,0,0,14,0
2020-04-07,Ukraine,NA,Dnipropetrovsk,3231140,1,0,15,0
2020-04-08,Ukraine,NA,Dnipropetrovsk,3231140,26,0,41,0
2020-04-09,Ukraine,NA,Dnipropetrovsk,3231140,0,0,41,0
2020-04-10,Ukraine,NA,Dnipropetrovsk,3231140,11,0,52,0
2020-04-11,Ukraine,NA,Dnipropetrovsk,3231140,3,0,55,0
2020-04-12,Ukraine,NA,Dnipropetrovsk,3231140,3,0,58,0
2020-04-13,Ukraine,NA,Dnipropetrovsk,3231140,2,0,60,0
2020-04-14,Ukraine,NA,Dnipropetrovsk,3231140,11,0,71,0
2020-04-15,Ukraine,NA,Dnipropetrovsk,3231140,3,0,74,0
2020-04-16,Ukraine,NA,Dnipropetrovsk,3231140,4,1,78,1
2020-04-17,Ukraine,NA,Dnipropetrovsk,3231140,11,0,89,1
2020-04-18,Ukraine,NA,Dnipropetrovsk,3231140,15,0,104,1
2020-04-19,Ukraine,NA,Dnipropetrovsk,3231140,6,0,110,1
2020-04-20,Ukraine,NA,Dnipropetrovsk,3231140,8,0,118,1
2020-04-21,Ukraine,NA,Dnipropetrovsk,3231140,4,0,122,1
2020-04-22,Ukraine,NA,Dnipropetrovsk,3231140,28,0,150,1
2020-04-23,Ukraine,NA,Dnipropetrovsk,3231140,36,0,186,1
2020-04-24,Ukraine,NA,Dnipropetrovsk,3231140,9,0,195,1
2020-04-25,Ukraine,NA,Dnipropetrovsk,3231140,45,0,240,1
2020-04-26,Ukraine,NA,Dnipropetrovsk,3231140,52,0,292,1
2020-04-27,Ukraine,NA,Dnipropetrovsk,3231140,18,0,310,1
2020-04-28,Ukraine,NA,Dnipropetrovsk,3231140,8,1,318,2
2020-04-29,Ukraine,NA,Dnipropetrovsk,3231140,5,1,323,3
2020-04-30,Ukraine,NA,Dnipropetrovsk,3231140,24,0,347,3
2020-05-01,Ukraine,NA,Dnipropetrovsk,3231140,17,0,364,3
2020-05-02,Ukraine,NA,Dnipropetrovsk,3231140,72,0,436,3
2020-05-03,Ukraine,NA,Dnipropetrovsk,3231140,12,1,448,4
2020-05-04,Ukraine,NA,Dnipropetrovsk,3231140,12,0,460,4
2020-05-05,Ukraine,NA,Dnipropetrovsk,3231140,18,0,478,4
2020-05-06,Ukraine,NA,Dnipropetrovsk,3231140,90,0,568,4
2020-05-07,Ukraine,NA,Dnipropetrovsk,3231140,56,0,624,4
2020-05-08,Ukraine,NA,Dnipropetrovsk,3231140,28,1,652,5
2020-05-09,Ukraine,NA,Dnipropetrovsk,3231140,29,0,681,5
2020-05-10,Ukraine,NA,Dnipropetrovsk,3231140,23,1,704,6
2020-05-11,Ukraine,NA,Dnipropetrovsk,3231140,27,0,731,6
2020-05-12,Ukraine,NA,Dnipropetrovsk,3231140,17,1,748,7
2020-05-13,Ukraine,NA,Dnipropetrovsk,3231140,25,2,773,9
2020-05-14,Ukraine,NA,Dnipropetrovsk,3231140,8,1,781,10
2020-05-15,Ukraine,NA,Dnipropetrovsk,3231140,10,0,791,10
2020-05-16,Ukraine,NA,Dnipropetrovsk,3231140,15,1,806,11
2020-05-17,Ukraine,NA,Dnipropetrovsk,3231140,31,1,837,12
2020-05-18,Ukraine,NA,Dnipropetrovsk,3231140,6,1,843,13
2020-05-19,Ukraine,NA,Dnipropetrovsk,3231140,0,0,843,13
2020-05-20,Ukraine,NA,Dnipropetrovsk,3231140,6,0,849,13
2020-05-21,Ukraine,NA,Dnipropetrovsk,3231140,7,0,856,13
2020-05-22,Ukraine,NA,Dnipropetrovsk,3231140,3,0,859,13
2020-05-23,Ukraine,NA,Dnipropetrovsk,3231140,6,3,865,16
2020-05-24,Ukraine,NA,Dnipropetrovsk,3231140,4,1,869,17
2020-05-25,Ukraine,NA,Dnipropetrovsk,3231140,6,0,875,17
2020-05-26,Ukraine,NA,Dnipropetrovsk,3231140,20,1,895,18
2020-05-27,Ukraine,NA,Dnipropetrovsk,3231140,10,1,905,19
2020-05-28,Ukraine,NA,Dnipropetrovsk,3231140,15,0,920,19
2020-05-29,Ukraine,NA,Dnipropetrovsk,3231140,10,1,930,20
2020-05-30,Ukraine,NA,Dnipropetrovsk,3231140,3,0,933,20
2020-05-31,Ukraine,NA,Dnipropetrovsk,3231140,9,1,942,21
2020-06-01,Ukraine,NA,Dnipropetrovsk,3231140,0,0,942,21
2020-06-02,Ukraine,NA,Dnipropetrovsk,3231140,1,0,943,21
2020-06-03,Ukraine,NA,Dnipropetrovsk,3231140,7,0,950,21
2020-06-04,Ukraine,NA,Dnipropetrovsk,3231140,7,0,957,21
2020-06-05,Ukraine,NA,Dnipropetrovsk,3231140,3,0,960,21
2020-06-06,Ukraine,NA,Dnipropetrovsk,3231140,5,0,965,21
2020-06-07,Ukraine,NA,Dnipropetrovsk,3231140,6,1,971,22
2020-06-08,Ukraine,NA,Dnipropetrovsk,3231140,0,0,971,22
2020-06-09,Ukraine,NA,Dnipropetrovsk,3231140,0,0,971,22
2020-06-10,Ukraine,NA,Dnipropetrovsk,3231140,2,0,973,22
2020-06-11,Ukraine,NA,Dnipropetrovsk,3231140,8,0,981,22
2020-06-12,Ukraine,NA,Dnipropetrovsk,3231140,2,0,983,22
2020-06-13,Ukraine,NA,Dnipropetrovsk,3231140,7,0,990,22
2020-06-14,Ukraine,NA,Dnipropetrovsk,3231140,8,0,998,22
2020-06-15,Ukraine,NA,Dnipropetrovsk,3231140,0,0,998,22
2020-06-16,Ukraine,NA,Dnipropetrovsk,3231140,6,0,1004,22
2020-06-17,Ukraine,NA,Dnipropetrovsk,3231140,8,1,1012,23
2020-06-18,Ukraine,NA,Dnipropetrovsk,3231140,9,0,1021,23
2020-06-19,Ukraine,NA,Dnipropetrovsk,3231140,0,0,1021,23
2020-06-20,Ukraine,NA,Dnipropetrovsk,3231140,15,0,1036,23
2020-06-21,Ukraine,NA,Dnipropetrovsk,3231140,6,0,1042,23
2020-06-22,Ukraine,NA,Dnipropetrovsk,3231140,0,0,1042,23
2020-06-23,Ukraine,NA,Dnipropetrovsk,3231140,7,0,1049,23
2020-06-24,Ukraine,NA,Dnipropetrovsk,3231140,11,0,1060,23
2020-06-25,Ukraine,NA,Dnipropetrovsk,3231140,9,0,1069,23
2020-06-26,Ukraine,NA,Dnipropetrovsk,3231140,12,0,1081,23
2020-06-27,Ukraine,NA,Dnipropetrovsk,3231140,6,0,1087,23
2020-06-28,Ukraine,NA,Dnipropetrovsk,3231140,0,0,1087,23
2020-06-29,Ukraine,NA,Dnipropetrovsk,3231140,0,0,1087,23
2020-06-30,Ukraine,NA,Dnipropetrovsk,3231140,0,0,1087,23
2020-07-01,Ukraine,NA,Dnipropetrovsk,3231140,3,0,1090,23
2020-07-02,Ukraine,NA,Dnipropetrovsk,3231140,5,0,1095,23
2020-07-03,Ukraine,NA,Dnipropetrovsk,3231140,8,0,1103,23
2020-07-04,Ukraine,NA,Dnipropetrovsk,3231140,7,0,1110,23
2020-07-05,Ukraine,NA,Dnipropetrovsk,3231140,5,0,1115,23
2020-07-06,Ukraine,NA,Dnipropetrovsk,3231140,0,0,1115,23
2020-07-07,Ukraine,NA,Dnipropetrovsk,3231140,1,0,1116,23
2020-07-08,Ukraine,NA,Dnipropetrovsk,3231140,4,0,1120,23
2020-07-09,Ukraine,NA,Dnipropetrovsk,3231140,10,0,1130,23
2020-07-10,Ukraine,NA,Dnipropetrovsk,3231140,7,0,1137,23
2020-07-11,Ukraine,NA,Dnipropetrovsk,3231140,3,0,1140,23
2020-07-12,Ukraine,NA,Dnipropetrovsk,3231140,4,0,1144,23
2020-07-13,Ukraine,NA,Dnipropetrovsk,3231140,0,0,1144,23
2020-07-14,Ukraine,NA,Dnipropetrovsk,3231140,2,0,1146,23
2020-07-15,Ukraine,NA,Dnipropetrovsk,3231140,9,1,1155,24
2020-07-16,Ukraine,NA,Dnipropetrovsk,3231140,8,0,1163,24
2020-07-17,Ukraine,NA,Dnipropetrovsk,3231140,11,0,1174,24
2020-07-18,Ukraine,NA,Dnipropetrovsk,3231140,9,1,1183,25
2020-07-19,Ukraine,NA,Dnipropetrovsk,3231140,24,0,1207,25
2020-07-20,Ukraine,NA,Dnipropetrovsk,3231140,2,0,1209,25
2020-07-21,Ukraine,NA,Dnipropetrovsk,3231140,15,0,1224,25
2020-07-22,Ukraine,NA,Dnipropetrovsk,3231140,36,0,1260,25
2020-07-23,Ukraine,NA,Dnipropetrovsk,3231140,15,1,1275,26
2020-07-24,Ukraine,NA,Dnipropetrovsk,3231140,27,1,1302,27
2020-07-25,Ukraine,NA,Dnipropetrovsk,3231140,15,0,1317,27
2020-07-26,Ukraine,NA,Dnipropetrovsk,3231140,12,0,1329,27
2020-07-27,Ukraine,NA,Dnipropetrovsk,3231140,1,0,1330,27
2020-07-28,Ukraine,NA,Dnipropetrovsk,3231140,4,0,1334,27
2020-07-29,Ukraine,NA,Dnipropetrovsk,3231140,30,0,1364,27
2020-07-30,Ukraine,NA,Dnipropetrovsk,3231140,30,0,1394,27
2020-07-31,Ukraine,NA,Dnipropetrovsk,3231140,8,0,1402,27
2020-08-01,Ukraine,NA,Dnipropetrovsk,3231140,11,1,1413,28
2020-08-02,Ukraine,NA,Dnipropetrovsk,3231140,8,0,1421,28
2020-08-03,Ukraine,NA,Dnipropetrovsk,3231140,17,1,1438,29
2020-08-04,Ukraine,NA,Dnipropetrovsk,3231140,21,1,1459,30
2020-08-05,Ukraine,NA,Dnipropetrovsk,3231140,15,0,1474,30
2020-08-06,Ukraine,NA,Dnipropetrovsk,3231140,18,1,1492,31
2020-08-07,Ukraine,NA,Dnipropetrovsk,3231140,16,0,1508,31
2020-08-08,Ukraine,NA,Dnipropetrovsk,3231140,17,2,1525,33
2020-08-09,Ukraine,NA,Dnipropetrovsk,3231140,22,0,1547,33
2020-08-10,Ukraine,NA,Dnipropetrovsk,3231140,24,0,1571,33
2020-08-11,Ukraine,NA,Dnipropetrovsk,3231140,0,2,1571,35
2020-08-12,Ukraine,NA,Dnipropetrovsk,3231140,31,1,1602,36
2020-08-13,Ukraine,NA,Dnipropetrovsk,3231140,28,1,1630,37
2020-08-14,Ukraine,NA,Dnipropetrovsk,3231140,28,0,1658,37
2020-08-15,Ukraine,NA,Dnipropetrovsk,3231140,41,2,1699,39
2020-08-16,Ukraine,NA,Dnipropetrovsk,3231140,26,0,1725,39
2020-08-17,Ukraine,NA,Dnipropetrovsk,3231140,25,0,1750,39
2020-08-18,Ukraine,NA,Dnipropetrovsk,3231140,22,1,1772,40
2020-08-19,Ukraine,NA,Dnipropetrovsk,3231140,44,0,1816,40
2020-08-20,Ukraine,NA,Dnipropetrovsk,3231140,57,0,1873,40
2020-08-21,Ukraine,NA,Dnipropetrovsk,3231140,21,1,1894,41
2020-08-22,Ukraine,NA,Dnipropetrovsk,3231140,38,0,1932,41
2020-08-23,Ukraine,NA,Dnipropetrovsk,3231140,34,1,1966,42
2020-08-24,Ukraine,NA,Dnipropetrovsk,3231140,39,0,2005,42
2020-08-25,Ukraine,NA,Dnipropetrovsk,3231140,45,0,2050,42
2020-08-26,Ukraine,NA,Dnipropetrovsk,3231140,5,0,2055,42
2020-08-27,Ukraine,NA,Dnipropetrovsk,3231140,40,2,2095,44
2020-08-28,Ukraine,NA,Dnipropetrovsk,3231140,67,1,2162,45
2020-08-29,Ukraine,NA,Dnipropetrovsk,3231140,74,1,2236,46
2020-08-30,Ukraine,NA,Dnipropetrovsk,3231140,70,1,2306,47
2020-08-31,Ukraine,NA,Dnipropetrovsk,3231140,43,0,2349,47
2020-09-01,Ukraine,NA,Dnipropetrovsk,3231140,49,2,2398,49
2020-09-02,Ukraine,NA,Dnipropetrovsk,3231140,56,2,2454,51
2020-09-03,Ukraine,NA,Dnipropetrovsk,3231140,64,1,2518,52
2020-09-04,Ukraine,NA,Dnipropetrovsk,3231140,52,2,2570,54
2020-09-05,Ukraine,NA,Dnipropetrovsk,3231140,55,3,2625,57
2020-09-06,Ukraine,NA,Dnipropetrovsk,3231140,72,3,2697,60
2020-09-07,Ukraine,NA,Dnipropetrovsk,3231140,70,3,2767,63
2020-09-08,Ukraine,NA,Dnipropetrovsk,3231140,76,3,2843,66
2020-09-09,Ukraine,NA,Dnipropetrovsk,3231140,80,2,2923,68
2020-09-10,Ukraine,NA,Dnipropetrovsk,3231140,89,3,3012,71
2020-09-11,Ukraine,NA,Dnipropetrovsk,3231140,81,0,3093,71
2020-09-12,Ukraine,NA,Dnipropetrovsk,3231140,83,4,3176,75
2020-09-13,Ukraine,NA,Dnipropetrovsk,3231140,86,1,3262,76
2020-09-14,Ukraine,NA,Dnipropetrovsk,3231140,80,1,3342,77
2020-09-15,Ukraine,NA,Dnipropetrovsk,3231140,88,1,3430,78
2020-04-08,Ukraine,NA,Donetsk,4200461,1,0,11,1
2020-04-09,Ukraine,NA,Donetsk,4200461,0,0,11,1
2020-04-10,Ukraine,NA,Donetsk,4200461,0,0,11,1
2020-04-11,Ukraine,NA,Donetsk,4200461,0,0,11,1
2020-04-12,Ukraine,NA,Donetsk,4200461,0,0,11,1
2020-04-13,Ukraine,NA,Donetsk,4200461,0,0,11,1
2020-04-14,Ukraine,NA,Donetsk,4200461,1,0,12,1
2020-04-15,Ukraine,NA,Donetsk,4200461,0,0,12,1
2020-04-16,Ukraine,NA,Donetsk,4200461,0,0,12,1
2020-04-17,Ukraine,NA,Donetsk,4200461,0,0,12,1
2020-04-18,Ukraine,NA,Donetsk,4200461,2,0,14,1
2020-04-19,Ukraine,NA,Donetsk,4200461,2,0,16,1
2020-04-20,Ukraine,NA,Donetsk,4200461,0,0,16,1
2020-04-21,Ukraine,NA,Donetsk,4200461,0,0,16,1
2020-04-22,Ukraine,NA,Donetsk,4200461,0,0,16,1
2020-04-23,Ukraine,NA,Donetsk,4200461,5,0,21,1
2020-04-24,Ukraine,NA,Donetsk,4200461,3,0,24,1
2020-04-25,Ukraine,NA,Donetsk,4200461,3,0,27,1
2020-04-26,Ukraine,NA,Donetsk,4200461,2,0,29,1
2020-04-27,Ukraine,NA,Donetsk,4200461,23,0,52,1
2020-04-28,Ukraine,NA,Donetsk,4200461,0,0,52,1
2020-04-29,Ukraine,NA,Donetsk,4200461,0,0,52,1
2020-04-30,Ukraine,NA,Donetsk,4200461,16,0,68,1
2020-05-01,Ukraine,NA,Donetsk,4200461,2,0,70,1
2020-05-02,Ukraine,NA,Donetsk,4200461,0,0,70,1
2020-05-03,Ukraine,NA,Donetsk,4200461,0,0,70,1
2020-05-04,Ukraine,NA,Donetsk,4200461,11,0,81,1
2020-05-05,Ukraine,NA,Donetsk,4200461,2,2,83,3
2020-05-06,Ukraine,NA,Donetsk,4200461,2,0,85,3
2020-05-07,Ukraine,NA,Donetsk,4200461,4,0,89,3
2020-05-08,Ukraine,NA,Donetsk,4200461,2,0,91,3
2020-05-09,Ukraine,NA,Donetsk,4200461,8,0,99,3
2020-05-10,Ukraine,NA,Donetsk,4200461,1,0,100,3
2020-05-11,Ukraine,NA,Donetsk,4200461,0,0,100,3
2020-05-12,Ukraine,NA,Donetsk,4200461,0,0,100,3
2020-05-13,Ukraine,NA,Donetsk,4200461,2,0,102,3
2020-05-14,Ukraine,NA,Donetsk,4200461,15,0,117,3
2020-05-15,Ukraine,NA,Donetsk,4200461,4,0,121,3
2020-05-16,Ukraine,NA,Donetsk,4200461,0,0,121,3
2020-05-17,Ukraine,NA,Donetsk,4200461,9,1,130,4
2020-05-18,Ukraine,NA,Donetsk,4200461,1,0,131,4
2020-05-19,Ukraine,NA,Donetsk,4200461,0,0,131,4
2020-05-20,Ukraine,NA,Donetsk,4200461,2,0,133,4
2020-05-21,Ukraine,NA,Donetsk,4200461,5,0,138,4
2020-05-22,Ukraine,NA,Donetsk,4200461,3,0,141,4
2020-05-23,Ukraine,NA,Donetsk,4200461,2,0,143,4
2020-05-24,Ukraine,NA,Donetsk,4200461,0,0,143,4
2020-05-25,Ukraine,NA,Donetsk,4200461,5,0,148,4
2020-05-26,Ukraine,NA,Donetsk,4200461,7,0,155,4
2020-05-27,Ukraine,NA,Donetsk,4200461,0,0,155,4
2020-05-28,Ukraine,NA,Donetsk,4200461,3,0,158,4
2020-05-29,Ukraine,NA,Donetsk,4200461,0,0,158,4
2020-05-30,Ukraine,NA,Donetsk,4200461,0,0,158,4
2020-05-31,Ukraine,NA,Donetsk,4200461,5,0,163,4
2020-06-01,Ukraine,NA,Donetsk,4200461,0,0,163,4
2020-06-02,Ukraine,NA,Donetsk,4200461,1,0,164,4
2020-06-03,Ukraine,NA,Donetsk,4200461,2,1,166,5
2020-06-04,Ukraine,NA,Donetsk,4200461,8,0,174,5
2020-06-05,Ukraine,NA,Donetsk,4200461,21,0,195,5
2020-06-06,Ukraine,NA,Donetsk,4200461,8,0,203,5
2020-06-07,Ukraine,NA,Donetsk,4200461,28,0,231,5
2020-06-08,Ukraine,NA,Donetsk,4200461,0,1,231,6
2020-06-09,Ukraine,NA,Donetsk,4200461,4,0,235,6
2020-06-10,Ukraine,NA,Donetsk,4200461,11,0,246,6
2020-06-11,Ukraine,NA,Donetsk,4200461,23,0,269,6
2020-06-12,Ukraine,NA,Donetsk,4200461,10,0,279,6
2020-06-13,Ukraine,NA,Donetsk,4200461,11,0,290,6
2020-06-14,Ukraine,NA,Donetsk,4200461,2,0,292,6
2020-06-15,Ukraine,NA,Donetsk,4200461,42,0,334,6
2020-06-16,Ukraine,NA,Donetsk,4200461,4,0,338,6
2020-06-17,Ukraine,NA,Donetsk,4200461,0,2,338,8
2020-06-18,Ukraine,NA,Donetsk,4200461,11,0,349,8
2020-06-19,Ukraine,NA,Donetsk,4200461,1,0,350,8
2020-06-20,Ukraine,NA,Donetsk,4200461,5,0,355,8
2020-06-21,Ukraine,NA,Donetsk,4200461,7,0,362,8
2020-06-22,Ukraine,NA,Donetsk,4200461,0,0,362,8
2020-06-23,Ukraine,NA,Donetsk,4200461,6,0,368,8
2020-06-24,Ukraine,NA,Donetsk,4200461,8,0,376,8
2020-06-25,Ukraine,NA,Donetsk,4200461,23,0,399,8
2020-06-26,Ukraine,NA,Donetsk,4200461,13,1,412,9
2020-06-27,Ukraine,NA,Donetsk,4200461,3,0,415,9
2020-06-28,Ukraine,NA,Donetsk,4200461,64,0,479,9
2020-06-29,Ukraine,NA,Donetsk,4200461,2,0,481,9
2020-06-30,Ukraine,NA,Donetsk,4200461,0,0,481,9
2020-07-01,Ukraine,NA,Donetsk,4200461,3,0,484,9
2020-07-02,Ukraine,NA,Donetsk,4200461,78,0,562,9
2020-07-03,Ukraine,NA,Donetsk,4200461,37,0,599,9
2020-07-04,Ukraine,NA,Donetsk,4200461,0,1,599,10
2020-07-05,Ukraine,NA,Donetsk,4200461,81,0,680,10
2020-07-06,Ukraine,NA,Donetsk,4200461,1,0,681,10
2020-07-07,Ukraine,NA,Donetsk,4200461,5,0,686,10
2020-07-08,Ukraine,NA,Donetsk,4200461,27,0,713,10
2020-07-09,Ukraine,NA,Donetsk,4200461,36,0,749,10
2020-07-10,Ukraine,NA,Donetsk,4200461,2,0,751,10
2020-07-11,Ukraine,NA,Donetsk,4200461,7,0,758,10
2020-07-12,Ukraine,NA,Donetsk,4200461,1,0,759,10
2020-07-13,Ukraine,NA,Donetsk,4200461,0,0,759,10
2020-07-14,Ukraine,NA,Donetsk,4200461,6,0,765,10
2020-07-15,Ukraine,NA,Donetsk,4200461,2,0,767,10
2020-07-16,Ukraine,NA,Donetsk,4200461,9,0,776,10
2020-07-17,Ukraine,NA,Donetsk,4200461,5,0,781,10
2020-07-18,Ukraine,NA,Donetsk,4200461,10,0,791,10
2020-07-19,Ukraine,NA,Donetsk,4200461,1,0,792,10
2020-07-20,Ukraine,NA,Donetsk,4200461,2,0,794,10
2020-07-21,Ukraine,NA,Donetsk,4200461,3,1,797,11
2020-07-22,Ukraine,NA,Donetsk,4200461,16,0,813,11
2020-07-23,Ukraine,NA,Donetsk,4200461,5,0,818,11
2020-07-24,Ukraine,NA,Donetsk,4200461,12,0,830,11
2020-07-25,Ukraine,NA,Donetsk,4200461,12,0,842,11
2020-07-26,Ukraine,NA,Donetsk,4200461,8,1,850,12
2020-07-27,Ukraine,NA,Donetsk,4200461,0,0,850,12
2020-07-28,Ukraine,NA,Donetsk,4200461,2,0,852,12
2020-07-29,Ukraine,NA,Donetsk,4200461,9,0,861,12
2020-07-30,Ukraine,NA,Donetsk,4200461,4,0,865,12
2020-07-31,Ukraine,NA,Donetsk,4200461,16,0,881,12
2020-08-01,Ukraine,NA,Donetsk,4200461,8,0,889,12
2020-08-02,Ukraine,NA,Donetsk,4200461,9,0,898,12
2020-08-03,Ukraine,NA,Donetsk,4200461,0,0,898,12
2020-08-04,Ukraine,NA,Donetsk,4200461,5,0,903,12
2020-08-05,Ukraine,NA,Donetsk,4200461,23,0,926,12
2020-08-06,Ukraine,NA,Donetsk,4200461,15,1,941,13
2020-08-07,Ukraine,NA,Donetsk,4200461,4,0,945,13
2020-08-08,Ukraine,NA,Donetsk,4200461,20,0,965,13
2020-08-09,Ukraine,NA,Donetsk,4200461,10,0,975,13
2020-08-10,Ukraine,NA,Donetsk,4200461,1,0,976,13
2020-08-11,Ukraine,NA,Donetsk,4200461,6,0,982,13
2020-08-12,Ukraine,NA,Donetsk,4200461,29,0,1011,13
2020-08-13,Ukraine,NA,Donetsk,4200461,16,0,1027,13
2020-08-14,Ukraine,NA,Donetsk,4200461,22,2,1049,15
2020-08-15,Ukraine,NA,Donetsk,4200461,24,0,1073,15
2020-08-16,Ukraine,NA,Donetsk,4200461,15,0,1088,15
2020-08-17,Ukraine,NA,Donetsk,4200461,6,0,1094,15
2020-08-18,Ukraine,NA,Donetsk,4200461,6,0,1100,15
2020-08-19,Ukraine,NA,Donetsk,4200461,22,0,1122,15
2020-08-20,Ukraine,NA,Donetsk,4200461,34,1,1156,16
2020-08-21,Ukraine,NA,Donetsk,4200461,27,1,1183,17
2020-08-22,Ukraine,NA,Donetsk,4200461,32,2,1215,19
2020-08-23,Ukraine,NA,Donetsk,4200461,19,0,1234,19
2020-08-24,Ukraine,NA,Donetsk,4200461,3,0,1237,19
2020-08-25,Ukraine,NA,Donetsk,4200461,1,1,1238,20
2020-08-26,Ukraine,NA,Donetsk,4200461,18,0,1256,20
2020-08-27,Ukraine,NA,Donetsk,4200461,22,0,1278,20
2020-08-28,Ukraine,NA,Donetsk,4200461,40,0,1318,20
2020-08-29,Ukraine,NA,Donetsk,4200461,51,0,1369,20
2020-08-30,Ukraine,NA,Donetsk,4200461,47,1,1416,21
2020-08-31,Ukraine,NA,Donetsk,4200461,2,0,1418,21
2020-09-01,Ukraine,NA,Donetsk,4200461,30,0,1448,21
2020-09-02,Ukraine,NA,Donetsk,4200461,57,0,1505,21
2020-09-03,Ukraine,NA,Donetsk,4200461,44,2,1549,23
2020-09-04,Ukraine,NA,Donetsk,4200461,27,1,1576,24
2020-09-05,Ukraine,NA,Donetsk,4200461,15,0,1591,24
2020-09-06,Ukraine,NA,Donetsk,4200461,36,0,1627,24
2020-09-07,Ukraine,NA,Donetsk,4200461,3,0,1630,24
2020-09-08,Ukraine,NA,Donetsk,4200461,45,2,1675,26
2020-09-09,Ukraine,NA,Donetsk,4200461,87,1,1762,27
2020-09-10,Ukraine,NA,Donetsk,4200461,90,0,1852,27
2020-09-11,Ukraine,NA,Donetsk,4200461,90,0,1942,27
2020-09-12,Ukraine,NA,Donetsk,4200461,84,4,2026,31
2020-09-13,Ukraine,NA,Donetsk,4200461,69,1,2095,32
2020-09-14,Ukraine,NA,Donetsk,4200461,6,0,2101,32
2020-09-15,Ukraine,NA,Donetsk,4200461,53,0,2154,32
2020-03-25,Ukraine,NA,Ivano-Frankivsk,1377496,11,1,16,2
2020-03-26,Ukraine,NA,Ivano-Frankivsk,1377496,0,0,16,2
2020-03-27,Ukraine,NA,Ivano-Frankivsk,1377496,8,0,24,2
2020-03-28,Ukraine,NA,Ivano-Frankivsk,1377496,4,1,28,3
2020-03-29,Ukraine,NA,Ivano-Frankivsk,1377496,13,0,41,3
2020-03-30,Ukraine,NA,Ivano-Frankivsk,1377496,0,0,41,3
2020-03-31,Ukraine,NA,Ivano-Frankivsk,1377496,23,0,64,3
2020-04-01,Ukraine,NA,Ivano-Frankivsk,1377496,10,2,74,5
2020-04-02,Ukraine,NA,Ivano-Frankivsk,1377496,1,0,75,5
2020-04-03,Ukraine,NA,Ivano-Frankivsk,1377496,19,1,94,6
2020-04-04,Ukraine,NA,Ivano-Frankivsk,1377496,11,0,105,6
2020-04-05,Ukraine,NA,Ivano-Frankivsk,1377496,0,1,105,7
2020-04-06,Ukraine,NA,Ivano-Frankivsk,1377496,11,0,116,7
2020-04-07,Ukraine,NA,Ivano-Frankivsk,1377496,44,2,160,9
2020-04-08,Ukraine,NA,Ivano-Frankivsk,1377496,38,4,198,13
2020-04-09,Ukraine,NA,Ivano-Frankivsk,1377496,20,2,218,15
2020-04-10,Ukraine,NA,Ivano-Frankivsk,1377496,36,2,254,17
2020-04-11,Ukraine,NA,Ivano-Frankivsk,1377496,20,0,274,17
2020-04-12,Ukraine,NA,Ivano-Frankivsk,1377496,17,4,291,21
2020-04-13,Ukraine,NA,Ivano-Frankivsk,1377496,9,3,300,24
2020-04-14,Ukraine,NA,Ivano-Frankivsk,1377496,32,2,332,26
2020-04-15,Ukraine,NA,Ivano-Frankivsk,1377496,24,1,356,27
2020-04-16,Ukraine,NA,Ivano-Frankivsk,1377496,45,4,401,31
2020-04-17,Ukraine,NA,Ivano-Frankivsk,1377496,26,3,427,34
2020-04-18,Ukraine,NA,Ivano-Frankivsk,1377496,35,2,462,36
2020-04-19,Ukraine,NA,Ivano-Frankivsk,1377496,18,1,480,37
2020-04-20,Ukraine,NA,Ivano-Frankivsk,1377496,32,0,512,37
2020-04-21,Ukraine,NA,Ivano-Frankivsk,1377496,44,0,556,37
2020-04-22,Ukraine,NA,Ivano-Frankivsk,1377496,33,3,589,40
2020-04-23,Ukraine,NA,Ivano-Frankivsk,1377496,55,3,644,43
2020-04-24,Ukraine,NA,Ivano-Frankivsk,1377496,40,2,684,45
2020-04-25,Ukraine,NA,Ivano-Frankivsk,1377496,16,1,700,46
2020-04-26,Ukraine,NA,Ivano-Frankivsk,1377496,31,1,731,47
2020-04-27,Ukraine,NA,Ivano-Frankivsk,1377496,30,0,761,47
2020-04-28,Ukraine,NA,Ivano-Frankivsk,1377496,22,2,783,49
2020-04-29,Ukraine,NA,Ivano-Frankivsk,1377496,38,1,821,50
2020-04-30,Ukraine,NA,Ivano-Frankivsk,1377496,41,0,862,50
2020-05-01,Ukraine,NA,Ivano-Frankivsk,1377496,37,1,899,51
2020-05-02,Ukraine,NA,Ivano-Frankivsk,1377496,43,2,942,53
2020-05-03,Ukraine,NA,Ivano-Frankivsk,1377496,23,1,965,54
2020-05-04,Ukraine,NA,Ivano-Frankivsk,1377496,19,2,984,56
2020-05-05,Ukraine,NA,Ivano-Frankivsk,1377496,31,1,1015,57
2020-05-06,Ukraine,NA,Ivano-Frankivsk,1377496,22,2,1037,59
2020-05-07,Ukraine,NA,Ivano-Frankivsk,1377496,18,0,1055,59
2020-05-08,Ukraine,NA,Ivano-Frankivsk,1377496,23,1,1078,60
2020-05-09,Ukraine,NA,Ivano-Frankivsk,1377496,17,1,1095,61
2020-05-10,Ukraine,NA,Ivano-Frankivsk,1377496,21,0,1116,61
2020-05-11,Ukraine,NA,Ivano-Frankivsk,1377496,10,0,1126,61
2020-05-12,Ukraine,NA,Ivano-Frankivsk,1377496,7,1,1133,62
2020-05-13,Ukraine,NA,Ivano-Frankivsk,1377496,11,1,1144,63
2020-05-14,Ukraine,NA,Ivano-Frankivsk,1377496,22,2,1166,65
2020-05-15,Ukraine,NA,Ivano-Frankivsk,1377496,22,2,1188,67
2020-05-16,Ukraine,NA,Ivano-Frankivsk,1377496,12,1,1200,68
2020-05-17,Ukraine,NA,Ivano-Frankivsk,1377496,10,0,1210,68
2020-05-18,Ukraine,NA,Ivano-Frankivsk,1377496,11,0,1221,68
2020-05-19,Ukraine,NA,Ivano-Frankivsk,1377496,14,2,1235,70
2020-05-20,Ukraine,NA,Ivano-Frankivsk,1377496,11,1,1246,71
2020-05-21,Ukraine,NA,Ivano-Frankivsk,1377496,11,2,1257,73
2020-05-22,Ukraine,NA,Ivano-Frankivsk,1377496,11,0,1268,73
2020-05-23,Ukraine,NA,Ivano-Frankivsk,1377496,6,0,1274,73
2020-05-24,Ukraine,NA,Ivano-Frankivsk,1377496,3,1,1277,74
2020-05-25,Ukraine,NA,Ivano-Frankivsk,1377496,4,0,1281,74
2020-05-26,Ukraine,NA,Ivano-Frankivsk,1377496,25,0,1306,74
2020-05-27,Ukraine,NA,Ivano-Frankivsk,1377496,21,1,1327,75
2020-05-28,Ukraine,NA,Ivano-Frankivsk,1377496,12,0,1339,75
2020-05-29,Ukraine,NA,Ivano-Frankivsk,1377496,21,3,1360,78
2020-05-30,Ukraine,NA,Ivano-Frankivsk,1377496,19,1,1379,79
2020-05-31,Ukraine,NA,Ivano-Frankivsk,1377496,23,2,1402,81
2020-06-01,Ukraine,NA,Ivano-Frankivsk,1377496,18,0,1420,81
2020-06-02,Ukraine,NA,Ivano-Frankivsk,1377496,22,2,1442,83
2020-06-03,Ukraine,NA,Ivano-Frankivsk,1377496,23,0,1465,83
2020-06-04,Ukraine,NA,Ivano-Frankivsk,1377496,26,1,1491,84
2020-06-05,Ukraine,NA,Ivano-Frankivsk,1377496,16,1,1507,85
2020-06-06,Ukraine,NA,Ivano-Frankivsk,1377496,26,1,1533,86
2020-06-07,Ukraine,NA,Ivano-Frankivsk,1377496,29,1,1562,87
2020-06-08,Ukraine,NA,Ivano-Frankivsk,1377496,20,1,1582,88
2020-06-09,Ukraine,NA,Ivano-Frankivsk,1377496,20,0,1602,88
2020-06-10,Ukraine,NA,Ivano-Frankivsk,1377496,20,1,1622,89
2020-06-11,Ukraine,NA,Ivano-Frankivsk,1377496,27,1,1649,90
2020-06-12,Ukraine,NA,Ivano-Frankivsk,1377496,20,0,1669,90
2020-06-13,Ukraine,NA,Ivano-Frankivsk,1377496,26,0,1695,90
2020-06-14,Ukraine,NA,Ivano-Frankivsk,1377496,33,0,1728,90
2020-06-15,Ukraine,NA,Ivano-Frankivsk,1377496,38,1,1766,91
2020-06-16,Ukraine,NA,Ivano-Frankivsk,1377496,43,0,1809,91
2020-06-17,Ukraine,NA,Ivano-Frankivsk,1377496,40,1,1849,92
2020-06-18,Ukraine,NA,Ivano-Frankivsk,1377496,44,0,1893,92
2020-06-19,Ukraine,NA,Ivano-Frankivsk,1377496,47,2,1940,94
2020-06-20,Ukraine,NA,Ivano-Frankivsk,1377496,41,1,1981,95
2020-06-21,Ukraine,NA,Ivano-Frankivsk,1377496,34,1,2015,96
2020-06-22,Ukraine,NA,Ivano-Frankivsk,1377496,41,1,2056,97
2020-06-23,Ukraine,NA,Ivano-Frankivsk,1377496,35,0,2091,97
2020-06-24,Ukraine,NA,Ivano-Frankivsk,1377496,33,0,2124,97
2020-06-25,Ukraine,NA,Ivano-Frankivsk,1377496,47,1,2171,98
2020-06-26,Ukraine,NA,Ivano-Frankivsk,1377496,46,1,2217,99
2020-06-27,Ukraine,NA,Ivano-Frankivsk,1377496,36,1,2253,100
2020-06-28,Ukraine,NA,Ivano-Frankivsk,1377496,47,1,2300,101
2020-06-29,Ukraine,NA,Ivano-Frankivsk,1377496,50,0,2350,101
2020-06-30,Ukraine,NA,Ivano-Frankivsk,1377496,45,0,2395,101
2020-07-01,Ukraine,NA,Ivano-Frankivsk,1377496,43,0,2438,101
2020-07-02,Ukraine,NA,Ivano-Frankivsk,1377496,51,1,2489,102
2020-07-03,Ukraine,NA,Ivano-Frankivsk,1377496,55,1,2544,103
2020-07-04,Ukraine,NA,Ivano-Frankivsk,1377496,54,0,2598,103
2020-07-05,Ukraine,NA,Ivano-Frankivsk,1377496,57,0,2655,103
2020-07-06,Ukraine,NA,Ivano-Frankivsk,1377496,45,0,2700,103
2020-07-07,Ukraine,NA,Ivano-Frankivsk,1377496,44,1,2744,104
2020-07-08,Ukraine,NA,Ivano-Frankivsk,1377496,53,1,2797,105
2020-07-09,Ukraine,NA,Ivano-Frankivsk,1377496,60,1,2857,106
2020-07-10,Ukraine,NA,Ivano-Frankivsk,1377496,58,1,2915,107
2020-07-11,Ukraine,NA,Ivano-Frankivsk,1377496,56,2,2971,109
2020-07-12,Ukraine,NA,Ivano-Frankivsk,1377496,58,0,3029,109
2020-07-13,Ukraine,NA,Ivano-Frankivsk,1377496,42,0,3071,109
2020-07-14,Ukraine,NA,Ivano-Frankivsk,1377496,56,2,3127,111
2020-07-15,Ukraine,NA,Ivano-Frankivsk,1377496,51,2,3178,113
2020-07-16,Ukraine,NA,Ivano-Frankivsk,1377496,64,3,3242,116
2020-07-17,Ukraine,NA,Ivano-Frankivsk,1377496,67,3,3309,119
2020-07-18,Ukraine,NA,Ivano-Frankivsk,1377496,76,1,3385,120
2020-07-19,Ukraine,NA,Ivano-Frankivsk,1377496,79,0,3464,120
2020-07-20,Ukraine,NA,Ivano-Frankivsk,1377496,72,1,3536,121
2020-07-21,Ukraine,NA,Ivano-Frankivsk,1377496,75,2,3611,123
2020-07-22,Ukraine,NA,Ivano-Frankivsk,1377496,78,2,3689,125
2020-07-23,Ukraine,NA,Ivano-Frankivsk,1377496,76,2,3765,127
2020-07-24,Ukraine,NA,Ivano-Frankivsk,1377496,87,3,3852,130
2020-07-25,Ukraine,NA,Ivano-Frankivsk,1377496,85,2,3937,132
2020-07-26,Ukraine,NA,Ivano-Frankivsk,1377496,88,0,4025,132
2020-07-27,Ukraine,NA,Ivano-Frankivsk,1377496,96,2,4121,134
2020-07-28,Ukraine,NA,Ivano-Frankivsk,1377496,103,1,4224,135
2020-07-29,Ukraine,NA,Ivano-Frankivsk,1377496,118,1,4342,136
2020-07-30,Ukraine,NA,Ivano-Frankivsk,1377496,104,0,4446,136
2020-07-31,Ukraine,NA,Ivano-Frankivsk,1377496,111,2,4557,138
2020-08-01,Ukraine,NA,Ivano-Frankivsk,1377496,123,3,4680,141
2020-08-02,Ukraine,NA,Ivano-Frankivsk,1377496,115,0,4795,141
2020-08-03,Ukraine,NA,Ivano-Frankivsk,1377496,119,0,4914,141
2020-08-04,Ukraine,NA,Ivano-Frankivsk,1377496,127,2,5041,143
2020-08-05,Ukraine,NA,Ivano-Frankivsk,1377496,127,2,5168,145
2020-08-06,Ukraine,NA,Ivano-Frankivsk,1377496,127,3,5295,148
2020-08-07,Ukraine,NA,Ivano-Frankivsk,1377496,131,2,5426,150
2020-08-08,Ukraine,NA,Ivano-Frankivsk,1377496,126,3,5552,153
2020-08-09,Ukraine,NA,Ivano-Frankivsk,1377496,124,2,5676,155
2020-08-10,Ukraine,NA,Ivano-Frankivsk,1377496,121,1,5797,156
2020-08-11,Ukraine,NA,Ivano-Frankivsk,1377496,114,2,5911,158
2020-08-12,Ukraine,NA,Ivano-Frankivsk,1377496,128,2,6039,160
2020-08-13,Ukraine,NA,Ivano-Frankivsk,1377496,138,3,6177,163
2020-08-14,Ukraine,NA,Ivano-Frankivsk,1377496,143,2,6320,165
2020-08-15,Ukraine,NA,Ivano-Frankivsk,1377496,148,2,6468,167
2020-08-16,Ukraine,NA,Ivano-Frankivsk,1377496,158,0,6626,167
2020-08-17,Ukraine,NA,Ivano-Frankivsk,1377496,164,4,6790,171
2020-08-18,Ukraine,NA,Ivano-Frankivsk,1377496,169,3,6959,174
2020-08-19,Ukraine,NA,Ivano-Frankivsk,1377496,163,3,7122,177
2020-08-20,Ukraine,NA,Ivano-Frankivsk,1377496,168,4,7290,181
2020-08-21,Ukraine,NA,Ivano-Frankivsk,1377496,172,4,7462,185
2020-08-22,Ukraine,NA,Ivano-Frankivsk,1377496,169,3,7631,188
2020-08-23,Ukraine,NA,Ivano-Frankivsk,1377496,174,2,7805,190
2020-08-24,Ukraine,NA,Ivano-Frankivsk,1377496,170,2,7975,192
2020-08-25,Ukraine,NA,Ivano-Frankivsk,1377496,179,4,8154,196
2020-08-26,Ukraine,NA,Ivano-Frankivsk,1377496,167,4,8321,200
2020-08-27,Ukraine,NA,Ivano-Frankivsk,1377496,164,4,8485,204
2020-08-28,Ukraine,NA,Ivano-Frankivsk,1377496,176,4,8661,208
2020-08-29,Ukraine,NA,Ivano-Frankivsk,1377496,182,4,8843,212
2020-08-30,Ukraine,NA,Ivano-Frankivsk,1377496,171,2,9014,214
2020-08-31,Ukraine,NA,Ivano-Frankivsk,1377496,165,1,9179,215
2020-09-01,Ukraine,NA,Ivano-Frankivsk,1377496,169,4,9348,219
2020-09-02,Ukraine,NA,Ivano-Frankivsk,1377496,174,3,9522,222
2020-09-03,Ukraine,NA,Ivano-Frankivsk,1377496,163,5,9685,227
2020-09-04,Ukraine,NA,Ivano-Frankivsk,1377496,160,4,9845,231
2020-09-05,Ukraine,NA,Ivano-Frankivsk,1377496,166,4,10011,235
2020-09-06,Ukraine,NA,Ivano-Frankivsk,1377496,176,4,10187,239
2020-09-07,Ukraine,NA,Ivano-Frankivsk,1377496,161,3,10348,242
2020-09-08,Ukraine,NA,Ivano-Frankivsk,1377496,160,2,10508,244
2020-09-09,Ukraine,NA,Ivano-Frankivsk,1377496,151,3,10659,247
2020-09-10,Ukraine,NA,Ivano-Frankivsk,1377496,143,3,10802,250
2020-09-11,Ukraine,NA,Ivano-Frankivsk,1377496,151,3,10953,253
2020-09-12,Ukraine,NA,Ivano-Frankivsk,1377496,130,4,11083,257
2020-09-13,Ukraine,NA,Ivano-Frankivsk,1377496,132,4,11215,261
2020-09-14,Ukraine,NA,Ivano-Frankivsk,1377496,142,0,11357,261
2020-09-15,Ukraine,NA,Ivano-Frankivsk,1377496,153,4,11510,265
2020-04-12,Ukraine,NA,Kharkiv,2694007,3,0,11,0
2020-04-13,Ukraine,NA,Kharkiv,2694007,0,0,11,0
2020-04-14,Ukraine,NA,Kharkiv,2694007,3,0,14,0
2020-04-15,Ukraine,NA,Kharkiv,2694007,11,1,25,1
2020-04-16,Ukraine,NA,Kharkiv,2694007,15,0,40,1
2020-04-17,Ukraine,NA,Kharkiv,2694007,16,0,56,1
2020-04-18,Ukraine,NA,Kharkiv,2694007,6,0,62,1
2020-04-19,Ukraine,NA,Kharkiv,2694007,5,0,67,1
2020-04-20,Ukraine,NA,Kharkiv,2694007,6,0,73,1
2020-04-21,Ukraine,NA,Kharkiv,2694007,4,0,77,1
2020-04-22,Ukraine,NA,Kharkiv,2694007,5,1,82,2
2020-04-23,Ukraine,NA,Kharkiv,2694007,19,0,101,2
2020-04-24,Ukraine,NA,Kharkiv,2694007,17,0,118,2
2020-04-25,Ukraine,NA,Kharkiv,2694007,7,0,125,2
2020-04-26,Ukraine,NA,Kharkiv,2694007,22,0,147,2
2020-04-27,Ukraine,NA,Kharkiv,2694007,49,2,196,4
2020-04-28,Ukraine,NA,Kharkiv,2694007,25,0,221,4
2020-04-29,Ukraine,NA,Kharkiv,2694007,16,0,237,4
2020-04-30,Ukraine,NA,Kharkiv,2694007,12,0,249,4
2020-05-01,Ukraine,NA,Kharkiv,2694007,25,0,274,4
2020-05-02,Ukraine,NA,Kharkiv,2694007,37,2,311,6
2020-05-03,Ukraine,NA,Kharkiv,2694007,37,0,348,6
2020-05-04,Ukraine,NA,Kharkiv,2694007,13,3,361,9
2020-05-05,Ukraine,NA,Kharkiv,2694007,16,1,377,10
2020-05-06,Ukraine,NA,Kharkiv,2694007,26,0,403,10
2020-05-07,Ukraine,NA,Kharkiv,2694007,45,0,448,10
2020-05-08,Ukraine,NA,Kharkiv,2694007,30,1,478,11
2020-05-09,Ukraine,NA,Kharkiv,2694007,50,3,528,14
2020-05-10,Ukraine,NA,Kharkiv,2694007,44,2,572,16
2020-05-11,Ukraine,NA,Kharkiv,2694007,23,3,595,19
2020-05-12,Ukraine,NA,Kharkiv,2694007,28,0,623,19
2020-05-13,Ukraine,NA,Kharkiv,2694007,49,1,672,20
2020-05-14,Ukraine,NA,Kharkiv,2694007,41,1,713,21
2020-05-15,Ukraine,NA,Kharkiv,2694007,44,2,757,23
2020-05-16,Ukraine,NA,Kharkiv,2694007,16,3,773,26
2020-05-17,Ukraine,NA,Kharkiv,2694007,13,3,786,29
2020-05-18,Ukraine,NA,Kharkiv,2694007,3,1,789,30
2020-05-19,Ukraine,NA,Kharkiv,2694007,27,0,816,30
2020-05-20,Ukraine,NA,Kharkiv,2694007,20,2,836,32
2020-05-21,Ukraine,NA,Kharkiv,2694007,15,0,851,32
2020-05-22,Ukraine,NA,Kharkiv,2694007,15,1,866,33
2020-05-23,Ukraine,NA,Kharkiv,2694007,26,3,892,36
2020-05-24,Ukraine,NA,Kharkiv,2694007,18,2,910,38
2020-05-25,Ukraine,NA,Kharkiv,2694007,2,0,912,38
2020-05-26,Ukraine,NA,Kharkiv,2694007,18,0,930,38
2020-05-27,Ukraine,NA,Kharkiv,2694007,29,3,959,41
2020-05-28,Ukraine,NA,Kharkiv,2694007,22,1,981,42
2020-05-29,Ukraine,NA,Kharkiv,2694007,30,1,1011,43
2020-05-30,Ukraine,NA,Kharkiv,2694007,14,2,1025,45
2020-05-31,Ukraine,NA,Kharkiv,2694007,41,2,1066,47
2020-06-01,Ukraine,NA,Kharkiv,2694007,17,0,1083,47
2020-06-02,Ukraine,NA,Kharkiv,2694007,22,1,1105,48
2020-06-03,Ukraine,NA,Kharkiv,2694007,26,0,1131,48
2020-06-04,Ukraine,NA,Kharkiv,2694007,35,1,1166,49
2020-06-05,Ukraine,NA,Kharkiv,2694007,30,2,1196,51
2020-06-06,Ukraine,NA,Kharkiv,2694007,26,0,1222,51
2020-06-07,Ukraine,NA,Kharkiv,2694007,29,1,1251,52
2020-06-08,Ukraine,NA,Kharkiv,2694007,36,0,1287,52
2020-06-09,Ukraine,NA,Kharkiv,2694007,18,2,1305,54
2020-06-10,Ukraine,NA,Kharkiv,2694007,33,0,1338,54
2020-06-11,Ukraine,NA,Kharkiv,2694007,36,1,1374,55
2020-06-12,Ukraine,NA,Kharkiv,2694007,52,2,1426,57
2020-06-13,Ukraine,NA,Kharkiv,2694007,56,0,1482,57
2020-06-14,Ukraine,NA,Kharkiv,2694007,39,1,1521,58
2020-06-15,Ukraine,NA,Kharkiv,2694007,21,1,1542,59
2020-06-16,Ukraine,NA,Kharkiv,2694007,53,3,1595,62
2020-06-17,Ukraine,NA,Kharkiv,2694007,57,0,1652,62
2020-06-18,Ukraine,NA,Kharkiv,2694007,55,4,1707,66
2020-06-19,Ukraine,NA,Kharkiv,2694007,37,0,1744,66
2020-06-20,Ukraine,NA,Kharkiv,2694007,35,2,1779,68
2020-06-21,Ukraine,NA,Kharkiv,2694007,26,1,1805,69
2020-06-22,Ukraine,NA,Kharkiv,2694007,6,0,1811,69
2020-06-23,Ukraine,NA,Kharkiv,2694007,33,0,1844,69
2020-06-24,Ukraine,NA,Kharkiv,2694007,47,2,1891,71
2020-06-25,Ukraine,NA,Kharkiv,2694007,56,0,1947,71
2020-06-26,Ukraine,NA,Kharkiv,2694007,46,3,1993,74
2020-06-27,Ukraine,NA,Kharkiv,2694007,53,1,2046,75
2020-06-28,Ukraine,NA,Kharkiv,2694007,36,3,2082,78
2020-06-29,Ukraine,NA,Kharkiv,2694007,16,2,2098,80
2020-06-30,Ukraine,NA,Kharkiv,2694007,36,0,2134,80
2020-07-01,Ukraine,NA,Kharkiv,2694007,35,3,2169,83
2020-07-02,Ukraine,NA,Kharkiv,2694007,38,1,2207,84
2020-07-03,Ukraine,NA,Kharkiv,2694007,48,3,2255,87
2020-07-04,Ukraine,NA,Kharkiv,2694007,56,3,2311,90
2020-07-05,Ukraine,NA,Kharkiv,2694007,37,3,2348,93
2020-07-06,Ukraine,NA,Kharkiv,2694007,23,0,2371,93
2020-07-07,Ukraine,NA,Kharkiv,2694007,45,1,2416,94
2020-07-08,Ukraine,NA,Kharkiv,2694007,50,5,2466,99
2020-07-09,Ukraine,NA,Kharkiv,2694007,55,2,2521,101
2020-07-10,Ukraine,NA,Kharkiv,2694007,56,1,2577,102
2020-07-11,Ukraine,NA,Kharkiv,2694007,44,1,2621,103
2020-07-12,Ukraine,NA,Kharkiv,2694007,28,2,2649,105
2020-07-13,Ukraine,NA,Kharkiv,2694007,28,4,2677,109
2020-07-14,Ukraine,NA,Kharkiv,2694007,46,2,2723,111
2020-07-15,Ukraine,NA,Kharkiv,2694007,64,0,2787,111
2020-07-16,Ukraine,NA,Kharkiv,2694007,58,3,2845,114
2020-07-17,Ukraine,NA,Kharkiv,2694007,64,0,2909,114
2020-07-18,Ukraine,NA,Kharkiv,2694007,62,2,2971,116
2020-07-19,Ukraine,NA,Kharkiv,2694007,43,1,3014,117
2020-07-20,Ukraine,NA,Kharkiv,2694007,19,1,3033,118
2020-07-21,Ukraine,NA,Kharkiv,2694007,49,0,3082,118
2020-07-22,Ukraine,NA,Kharkiv,2694007,57,1,3139,119
2020-07-23,Ukraine,NA,Kharkiv,2694007,64,1,3203,120
2020-07-24,Ukraine,NA,Kharkiv,2694007,74,1,3277,121
2020-07-25,Ukraine,NA,Kharkiv,2694007,65,0,3342,121
2020-07-26,Ukraine,NA,Kharkiv,2694007,39,1,3381,122
2020-07-27,Ukraine,NA,Kharkiv,2694007,50,0,3431,122
2020-07-28,Ukraine,NA,Kharkiv,2694007,47,0,3478,122
2020-07-29,Ukraine,NA,Kharkiv,2694007,78,2,3556,124
2020-07-30,Ukraine,NA,Kharkiv,2694007,70,3,3626,127
2020-07-31,Ukraine,NA,Kharkiv,2694007,85,0,3711,127
2020-08-01,Ukraine,NA,Kharkiv,2694007,75,0,3786,127
2020-08-02,Ukraine,NA,Kharkiv,2694007,76,5,3862,132
2020-08-03,Ukraine,NA,Kharkiv,2694007,88,0,3950,132
2020-08-04,Ukraine,NA,Kharkiv,2694007,143,2,4093,134
2020-08-05,Ukraine,NA,Kharkiv,2694007,146,2,4239,136
2020-08-06,Ukraine,NA,Kharkiv,2694007,142,0,4381,136
2020-08-07,Ukraine,NA,Kharkiv,2694007,146,2,4527,138
2020-08-08,Ukraine,NA,Kharkiv,2694007,134,3,4661,141
2020-08-09,Ukraine,NA,Kharkiv,2694007,123,1,4784,142
2020-08-10,Ukraine,NA,Kharkiv,2694007,117,2,4901,144
2020-08-11,Ukraine,NA,Kharkiv,2694007,129,2,5030,146
2020-08-12,Ukraine,NA,Kharkiv,2694007,139,4,5169,150
2020-08-13,Ukraine,NA,Kharkiv,2694007,209,1,5378,151
2020-08-14,Ukraine,NA,Kharkiv,2694007,205,4,5583,155
2020-08-15,Ukraine,NA,Kharkiv,2694007,254,4,5837,159
2020-08-16,Ukraine,NA,Kharkiv,2694007,228,0,6065,159
2020-08-17,Ukraine,NA,Kharkiv,2694007,91,2,6156,161
2020-08-18,Ukraine,NA,Kharkiv,2694007,204,1,6360,162
2020-08-19,Ukraine,NA,Kharkiv,2694007,247,4,6607,166
2020-08-20,Ukraine,NA,Kharkiv,2694007,242,5,6849,171
2020-08-21,Ukraine,NA,Kharkiv,2694007,184,2,7033,173
2020-08-22,Ukraine,NA,Kharkiv,2694007,291,4,7324,177
2020-08-23,Ukraine,NA,Kharkiv,2694007,169,3,7493,180
2020-08-24,Ukraine,NA,Kharkiv,2694007,141,1,7634,181
2020-08-25,Ukraine,NA,Kharkiv,2694007,173,5,7807,186
2020-08-26,Ukraine,NA,Kharkiv,2694007,177,5,7984,191
2020-08-27,Ukraine,NA,Kharkiv,2694007,218,5,8202,196
2020-08-28,Ukraine,NA,Kharkiv,2694007,242,1,8444,197
2020-08-29,Ukraine,NA,Kharkiv,2694007,247,2,8691,199
2020-08-30,Ukraine,NA,Kharkiv,2694007,198,4,8889,203
2020-08-31,Ukraine,NA,Kharkiv,2694007,187,1,9076,204
2020-09-01,Ukraine,NA,Kharkiv,2694007,262,3,9338,207
2020-09-02,Ukraine,NA,Kharkiv,2694007,302,6,9640,213
2020-09-03,Ukraine,NA,Kharkiv,2694007,301,5,9941,218
2020-09-04,Ukraine,NA,Kharkiv,2694007,371,2,10312,220
2020-09-05,Ukraine,NA,Kharkiv,2694007,380,5,10692,225
2020-09-06,Ukraine,NA,Kharkiv,2694007,141,6,10833,231
2020-09-07,Ukraine,NA,Kharkiv,2694007,139,4,10972,235
2020-09-08,Ukraine,NA,Kharkiv,2694007,230,6,11202,241
2020-09-09,Ukraine,NA,Kharkiv,2694007,291,4,11493,245
2020-09-10,Ukraine,NA,Kharkiv,2694007,339,6,11832,251
2020-09-11,Ukraine,NA,Kharkiv,2694007,280,6,12112,257
2020-09-12,Ukraine,NA,Kharkiv,2694007,292,6,12404,263
2020-09-13,Ukraine,NA,Kharkiv,2694007,180,3,12584,266
2020-09-14,Ukraine,NA,Kharkiv,2694007,269,6,12853,272
2020-09-15,Ukraine,NA,Kharkiv,2694007,307,3,13160,275
2020-04-07,Ukraine,NA,Kherson,1046981,3,0,13,1
2020-04-08,Ukraine,NA,Kherson,1046981,2,0,15,1
2020-04-09,Ukraine,NA,Kherson,1046981,3,0,18,1
2020-04-10,Ukraine,NA,Kherson,1046981,9,0,27,1
2020-04-11,Ukraine,NA,Kherson,1046981,1,0,28,1
2020-04-12,Ukraine,NA,Kherson,1046981,3,0,31,1
2020-04-13,Ukraine,NA,Kherson,1046981,0,0,31,1
2020-04-14,Ukraine,NA,Kherson,1046981,3,0,34,1
2020-04-15,Ukraine,NA,Kherson,1046981,7,0,41,1
2020-04-16,Ukraine,NA,Kherson,1046981,3,0,44,1
2020-04-17,Ukraine,NA,Kherson,1046981,7,0,51,1
2020-04-18,Ukraine,NA,Kherson,1046981,5,0,56,1
2020-04-19,Ukraine,NA,Kherson,1046981,7,0,63,1
2020-04-20,Ukraine,NA,Kherson,1046981,0,0,63,1
2020-04-21,Ukraine,NA,Kherson,1046981,7,0,70,1
2020-04-22,Ukraine,NA,Kherson,1046981,2,0,72,1
2020-04-23,Ukraine,NA,Kherson,1046981,5,0,77,1
2020-04-24,Ukraine,NA,Kherson,1046981,0,0,77,1
2020-04-25,Ukraine,NA,Kherson,1046981,2,0,79,1
2020-04-26,Ukraine,NA,Kherson,1046981,8,0,87,1
2020-04-27,Ukraine,NA,Kherson,1046981,1,0,88,1
2020-04-28,Ukraine,NA,Kherson,1046981,0,0,88,1
2020-04-29,Ukraine,NA,Kherson,1046981,23,0,111,1
2020-04-30,Ukraine,NA,Kherson,1046981,0,1,111,2
2020-05-01,Ukraine,NA,Kherson,1046981,9,0,120,2
2020-05-02,Ukraine,NA,Kherson,1046981,1,0,121,2
2020-05-03,Ukraine,NA,Kherson,1046981,15,0,136,2
2020-05-04,Ukraine,NA,Kherson,1046981,3,0,139,2
2020-05-05,Ukraine,NA,Kherson,1046981,3,0,142,2
2020-05-06,Ukraine,NA,Kherson,1046981,1,0,143,2
2020-05-07,Ukraine,NA,Kherson,1046981,3,0,146,2
2020-05-08,Ukraine,NA,Kherson,1046981,3,0,149,2
2020-05-09,Ukraine,NA,Kherson,1046981,7,0,156,2
2020-05-10,Ukraine,NA,Kherson,1046981,3,0,159,2
2020-05-11,Ukraine,NA,Kherson,1046981,2,0,161,2
2020-05-12,Ukraine,NA,Kherson,1046981,1,0,162,2
2020-05-13,Ukraine,NA,Kherson,1046981,3,0,165,2
2020-05-14,Ukraine,NA,Kherson,1046981,0,0,165,2
2020-05-15,Ukraine,NA,Kherson,1046981,2,0,167,2
2020-05-16,Ukraine,NA,Kherson,1046981,0,0,167,2
2020-05-17,Ukraine,NA,Kherson,1046981,0,0,167,2
2020-05-18,Ukraine,NA,Kherson,1046981,1,0,168,2
2020-05-19,Ukraine,NA,Kherson,1046981,0,0,168,2
2020-05-20,Ukraine,NA,Kherson,1046981,4,0,172,2
2020-05-21,Ukraine,NA,Kherson,1046981,1,0,173,2
2020-05-22,Ukraine,NA,Kherson,1046981,0,0,173,2
2020-05-23,Ukraine,NA,Kherson,1046981,4,0,177,2
2020-05-24,Ukraine,NA,Kherson,1046981,0,0,177,2
2020-05-25,Ukraine,NA,Kherson,1046981,0,0,177,2
2020-05-26,Ukraine,NA,Kherson,1046981,0,0,177,2
2020-05-27,Ukraine,NA,Kherson,1046981,0,1,177,3
2020-05-28,Ukraine,NA,Kherson,1046981,0,0,177,3
2020-05-29,Ukraine,NA,Kherson,1046981,0,0,177,3
2020-05-30,Ukraine,NA,Kherson,1046981,1,0,178,3
2020-05-31,Ukraine,NA,Kherson,1046981,0,0,178,3
2020-06-01,Ukraine,NA,Kherson,1046981,0,0,178,3
2020-06-02,Ukraine,NA,Kherson,1046981,0,0,178,3
2020-06-03,Ukraine,NA,Kherson,1046981,1,0,179,3
2020-06-04,Ukraine,NA,Kherson,1046981,0,0,179,3
2020-06-05,Ukraine,NA,Kherson,1046981,0,0,179,3
2020-06-06,Ukraine,NA,Kherson,1046981,0,0,179,3
2020-06-07,Ukraine,NA,Kherson,1046981,0,0,179,3
2020-06-08,Ukraine,NA,Kherson,1046981,0,0,179,3
2020-06-09,Ukraine,NA,Kherson,1046981,0,0,179,3
2020-06-10,Ukraine,NA,Kherson,1046981,0,0,179,3
2020-06-11,Ukraine,NA,Kherson,1046981,0,0,179,3
2020-06-12,Ukraine,NA,Kherson,1046981,0,0,179,3
2020-06-13,Ukraine,NA,Kherson,1046981,0,0,179,3
2020-06-14,Ukraine,NA,Kherson,1046981,1,0,180,3
2020-06-15,Ukraine,NA,Kherson,1046981,3,0,183,3
2020-06-16,Ukraine,NA,Kherson,1046981,0,0,183,3
2020-06-17,Ukraine,NA,Kherson,1046981,0,0,183,3
2020-06-18,Ukraine,NA,Kherson,1046981,1,0,184,3
2020-06-19,Ukraine,NA,Kherson,1046981,1,0,185,3
2020-06-20,Ukraine,NA,Kherson,1046981,0,0,185,3
2020-06-21,Ukraine,NA,Kherson,1046981,1,0,186,3
2020-06-22,Ukraine,NA,Kherson,1046981,2,0,188,3
2020-06-23,Ukraine,NA,Kherson,1046981,0,0,188,3
2020-06-24,Ukraine,NA,Kherson,1046981,0,0,188,3
2020-06-25,Ukraine,NA,Kherson,1046981,0,0,188,3
2020-06-26,Ukraine,NA,Kherson,1046981,2,0,190,3
2020-06-27,Ukraine,NA,Kherson,1046981,1,0,191,3
2020-06-28,Ukraine,NA,Kherson,1046981,0,0,191,3
2020-06-29,Ukraine,NA,Kherson,1046981,0,0,191,3
2020-06-30,Ukraine,NA,Kherson,1046981,0,0,191,3
2020-07-01,Ukraine,NA,Kherson,1046981,2,0,193,3
2020-07-02,Ukraine,NA,Kherson,1046981,1,0,194,3
2020-07-03,Ukraine,NA,Kherson,1046981,1,0,195,3
2020-07-04,Ukraine,NA,Kherson,1046981,1,0,196,3
2020-07-05,Ukraine,NA,Kherson,1046981,0,0,196,3
2020-07-06,Ukraine,NA,Kherson,1046981,0,0,196,3
2020-07-07,Ukraine,NA,Kherson,1046981,0,0,196,3
2020-07-08,Ukraine,NA,Kherson,1046981,5,0,201,3
2020-07-09,Ukraine,NA,Kherson,1046981,0,0,201,3
2020-07-10,Ukraine,NA,Kherson,1046981,2,0,203,3
2020-07-11,Ukraine,NA,Kherson,1046981,1,0,204,3
2020-07-12,Ukraine,NA,Kherson,1046981,0,0,204,3
2020-07-13,Ukraine,NA,Kherson,1046981,0,0,204,3
2020-07-14,Ukraine,NA,Kherson,1046981,0,0,204,3
2020-07-15,Ukraine,NA,Kherson,1046981,1,0,205,3
2020-07-16,Ukraine,NA,Kherson,1046981,1,0,206,3
2020-07-17,Ukraine,NA,Kherson,1046981,1,0,207,3
2020-07-18,Ukraine,NA,Kherson,1046981,2,0,209,3
2020-07-19,Ukraine,NA,Kherson,1046981,4,0,213,3
2020-07-20,Ukraine,NA,Kherson,1046981,0,0,213,3
2020-07-21,Ukraine,NA,Kherson,1046981,3,0,216,3
2020-07-22,Ukraine,NA,Kherson,1046981,1,0,217,3
2020-07-23,Ukraine,NA,Kherson,1046981,1,0,218,3
2020-07-24,Ukraine,NA,Kherson,1046981,0,0,218,3
2020-07-25,Ukraine,NA,Kherson,1046981,1,0,219,3
2020-07-26,Ukraine,NA,Kherson,1046981,0,0,219,3
2020-07-27,Ukraine,NA,Kherson,1046981,1,0,220,3
2020-07-28,Ukraine,NA,Kherson,1046981,1,0,221,3
2020-07-29,Ukraine,NA,Kherson,1046981,3,0,224,3
2020-07-30,Ukraine,NA,Kherson,1046981,0,0,224,3
2020-07-31,Ukraine,NA,Kherson,1046981,3,0,227,3
2020-08-01,Ukraine,NA,Kherson,1046981,0,0,227,3
2020-08-02,Ukraine,NA,Kherson,1046981,3,0,230,3
2020-08-03,Ukraine,NA,Kherson,1046981,0,0,230,3
2020-08-04,Ukraine,NA,Kherson,1046981,0,0,230,3
2020-08-05,Ukraine,NA,Kherson,1046981,6,0,236,3
2020-08-06,Ukraine,NA,Kherson,1046981,6,0,242,3
2020-08-07,Ukraine,NA,Kherson,1046981,13,0,255,3
2020-08-08,Ukraine,NA,Kherson,1046981,4,1,259,4
2020-08-09,Ukraine,NA,Kherson,1046981,8,0,267,4
2020-08-10,Ukraine,NA,Kherson,1046981,2,0,269,4
2020-08-11,Ukraine,NA,Kherson,1046981,2,1,271,5
2020-08-12,Ukraine,NA,Kherson,1046981,5,0,276,5
2020-08-13,Ukraine,NA,Kherson,1046981,10,0,286,5
2020-08-14,Ukraine,NA,Kherson,1046981,4,0,290,5
2020-08-15,Ukraine,NA,Kherson,1046981,4,0,294,5
2020-08-16,Ukraine,NA,Kherson,1046981,5,0,299,5
2020-08-17,Ukraine,NA,Kherson,1046981,2,1,301,6
2020-08-18,Ukraine,NA,Kherson,1046981,3,0,304,6
2020-08-19,Ukraine,NA,Kherson,1046981,8,0,312,6
2020-08-20,Ukraine,NA,Kherson,1046981,9,1,321,7
2020-08-21,Ukraine,NA,Kherson,1046981,8,0,329,7
2020-08-22,Ukraine,NA,Kherson,1046981,3,0,332,7
2020-08-23,Ukraine,NA,Kherson,1046981,2,0,334,7
2020-08-24,Ukraine,NA,Kherson,1046981,2,1,336,8
2020-08-25,Ukraine,NA,Kherson,1046981,1,0,337,8
2020-08-26,Ukraine,NA,Kherson,1046981,9,1,346,9
2020-08-27,Ukraine,NA,Kherson,1046981,17,0,363,9
2020-08-28,Ukraine,NA,Kherson,1046981,11,0,374,9
2020-08-29,Ukraine,NA,Kherson,1046981,12,2,386,11
2020-08-30,Ukraine,NA,Kherson,1046981,6,0,392,11
2020-08-31,Ukraine,NA,Kherson,1046981,4,1,396,12
2020-09-01,Ukraine,NA,Kherson,1046981,4,0,400,12
2020-09-02,Ukraine,NA,Kherson,1046981,24,1,424,13
2020-09-03,Ukraine,NA,Kherson,1046981,11,0,435,13
2020-09-04,Ukraine,NA,Kherson,1046981,9,0,444,13
2020-09-05,Ukraine,NA,Kherson,1046981,20,0,464,13
2020-09-06,Ukraine,NA,Kherson,1046981,32,1,496,14
2020-09-07,Ukraine,NA,Kherson,1046981,4,0,500,14
2020-09-08,Ukraine,NA,Kherson,1046981,18,0,518,14
2020-09-09,Ukraine,NA,Kherson,1046981,20,0,538,14
2020-09-10,Ukraine,NA,Kherson,1046981,20,0,558,14
2020-09-11,Ukraine,NA,Kherson,1046981,18,0,576,14
2020-09-12,Ukraine,NA,Kherson,1046981,20,2,596,16
2020-09-13,Ukraine,NA,Kherson,1046981,32,1,628,17
2020-09-14,Ukraine,NA,Kherson,1046981,16,0,644,17
2020-09-15,Ukraine,NA,Kherson,1046981,17,0,661,17
2020-04-08,Ukraine,NA,Khmelnytskyi,1274409,5,0,15,0
2020-04-09,Ukraine,NA,Khmelnytskyi,1274409,1,0,16,0
2020-04-10,Ukraine,NA,Khmelnytskyi,1274409,0,0,16,0
2020-04-11,Ukraine,NA,Khmelnytskyi,1274409,2,1,18,1
2020-04-12,Ukraine,NA,Khmelnytskyi,1274409,1,1,19,2
2020-04-13,Ukraine,NA,Khmelnytskyi,1274409,3,0,22,2
2020-04-14,Ukraine,NA,Khmelnytskyi,1274409,0,0,22,2
2020-04-15,Ukraine,NA,Khmelnytskyi,1274409,12,0,34,2
2020-04-16,Ukraine,NA,Khmelnytskyi,1274409,3,0,37,2
2020-04-17,Ukraine,NA,Khmelnytskyi,1274409,1,0,38,2
2020-04-18,Ukraine,NA,Khmelnytskyi,1274409,3,0,41,2
2020-04-19,Ukraine,NA,Khmelnytskyi,1274409,6,0,47,2
2020-04-20,Ukraine,NA,Khmelnytskyi,1274409,2,0,49,2
2020-04-21,Ukraine,NA,Khmelnytskyi,1274409,0,1,49,3
2020-04-22,Ukraine,NA,Khmelnytskyi,1274409,5,1,54,4
2020-04-23,Ukraine,NA,Khmelnytskyi,1274409,7,1,61,5
2020-04-24,Ukraine,NA,Khmelnytskyi,1274409,4,0,65,5
2020-04-25,Ukraine,NA,Khmelnytskyi,1274409,1,0,66,5
2020-04-26,Ukraine,NA,Khmelnytskyi,1274409,4,0,70,5
2020-04-27,Ukraine,NA,Khmelnytskyi,1274409,2,0,72,5
2020-04-28,Ukraine,NA,Khmelnytskyi,1274409,0,0,72,5
2020-04-29,Ukraine,NA,Khmelnytskyi,1274409,9,0,81,5
2020-04-30,Ukraine,NA,Khmelnytskyi,1274409,1,0,82,5
2020-05-01,Ukraine,NA,Khmelnytskyi,1274409,10,0,92,5
2020-05-02,Ukraine,NA,Khmelnytskyi,1274409,6,0,98,5
2020-05-03,Ukraine,NA,Khmelnytskyi,1274409,17,0,115,5
2020-05-04,Ukraine,NA,Khmelnytskyi,1274409,1,1,116,6
2020-05-05,Ukraine,NA,Khmelnytskyi,1274409,3,0,119,6
2020-05-06,Ukraine,NA,Khmelnytskyi,1274409,15,1,134,7
2020-05-07,Ukraine,NA,Khmelnytskyi,1274409,4,0,138,7
2020-05-08,Ukraine,NA,Khmelnytskyi,1274409,10,0,148,7
2020-05-09,Ukraine,NA,Khmelnytskyi,1274409,17,0,165,7
2020-05-10,Ukraine,NA,Khmelnytskyi,1274409,10,0,175,7
2020-05-11,Ukraine,NA,Khmelnytskyi,1274409,3,0,178,7
2020-05-12,Ukraine,NA,Khmelnytskyi,1274409,4,0,182,7
2020-05-13,Ukraine,NA,Khmelnytskyi,1274409,14,0,196,7
2020-05-14,Ukraine,NA,Khmelnytskyi,1274409,13,1,209,8
2020-05-15,Ukraine,NA,Khmelnytskyi,1274409,13,1,222,9
2020-05-16,Ukraine,NA,Khmelnytskyi,1274409,13,0,235,9
2020-05-17,Ukraine,NA,Khmelnytskyi,1274409,18,0,253,9
2020-05-18,Ukraine,NA,Khmelnytskyi,1274409,14,0,267,9
2020-05-19,Ukraine,NA,Khmelnytskyi,1274409,0,0,267,9
2020-05-20,Ukraine,NA,Khmelnytskyi,1274409,13,0,280,9
2020-05-21,Ukraine,NA,Khmelnytskyi,1274409,14,0,294,9
2020-05-22,Ukraine,NA,Khmelnytskyi,1274409,5,0,299,9
2020-05-23,Ukraine,NA,Khmelnytskyi,1274409,30,0,329,9
2020-05-24,Ukraine,NA,Khmelnytskyi,1274409,17,0,346,9
2020-05-25,Ukraine,NA,Khmelnytskyi,1274409,18,0,364,9
2020-05-26,Ukraine,NA,Khmelnytskyi,1274409,6,1,370,10
2020-05-27,Ukraine,NA,Khmelnytskyi,1274409,11,0,381,10
2020-05-28,Ukraine,NA,Khmelnytskyi,1274409,5,0,386,10
2020-05-29,Ukraine,NA,Khmelnytskyi,1274409,21,0,407,10
2020-05-30,Ukraine,NA,Khmelnytskyi,1274409,25,0,432,10
2020-05-31,Ukraine,NA,Khmelnytskyi,1274409,12,1,444,11
2020-06-01,Ukraine,NA,Khmelnytskyi,1274409,10,0,454,11
2020-06-02,Ukraine,NA,Khmelnytskyi,1274409,4,0,458,11
2020-06-03,Ukraine,NA,Khmelnytskyi,1274409,11,0,469,11
2020-06-04,Ukraine,NA,Khmelnytskyi,1274409,28,0,497,11
2020-06-05,Ukraine,NA,Khmelnytskyi,1274409,4,0,501,11
2020-06-06,Ukraine,NA,Khmelnytskyi,1274409,8,1,509,12
2020-06-07,Ukraine,NA,Khmelnytskyi,1274409,9,1,518,13
2020-06-08,Ukraine,NA,Khmelnytskyi,1274409,0,0,518,13
2020-06-09,Ukraine,NA,Khmelnytskyi,1274409,0,0,518,13
2020-06-10,Ukraine,NA,Khmelnytskyi,1274409,2,1,520,14
2020-06-11,Ukraine,NA,Khmelnytskyi,1274409,3,0,523,14
2020-06-12,Ukraine,NA,Khmelnytskyi,1274409,6,0,529,14
2020-06-13,Ukraine,NA,Khmelnytskyi,1274409,15,0,544,14
2020-06-14,Ukraine,NA,Khmelnytskyi,1274409,12,0,556,14
2020-06-15,Ukraine,NA,Khmelnytskyi,1274409,3,0,559,14
2020-06-16,Ukraine,NA,Khmelnytskyi,1274409,1,0,560,14
2020-06-17,Ukraine,NA,Khmelnytskyi,1274409,17,0,577,14
2020-06-18,Ukraine,NA,Khmelnytskyi,1274409,10,0,587,14
2020-06-19,Ukraine,NA,Khmelnytskyi,1274409,21,0,608,14
2020-06-20,Ukraine,NA,Khmelnytskyi,1274409,4,0,612,14
2020-06-21,Ukraine,NA,Khmelnytskyi,1274409,10,0,622,14
2020-06-22,Ukraine,NA,Khmelnytskyi,1274409,0,1,622,15
2020-06-23,Ukraine,NA,Khmelnytskyi,1274409,0,0,622,15
2020-06-24,Ukraine,NA,Khmelnytskyi,1274409,5,0,627,15
2020-06-25,Ukraine,NA,Khmelnytskyi,1274409,18,0,645,15
2020-06-26,Ukraine,NA,Khmelnytskyi,1274409,79,0,724,15
2020-06-27,Ukraine,NA,Khmelnytskyi,1274409,53,2,777,17
2020-06-28,Ukraine,NA,Khmelnytskyi,1274409,14,0,791,17
2020-06-29,Ukraine,NA,Khmelnytskyi,1274409,7,0,798,17
2020-06-30,Ukraine,NA,Khmelnytskyi,1274409,5,0,803,17
2020-07-01,Ukraine,NA,Khmelnytskyi,1274409,2,1,805,18
2020-07-02,Ukraine,NA,Khmelnytskyi,1274409,3,0,808,18
2020-07-03,Ukraine,NA,Khmelnytskyi,1274409,14,1,822,19
2020-07-04,Ukraine,NA,Khmelnytskyi,1274409,6,0,828,19
2020-07-05,Ukraine,NA,Khmelnytskyi,1274409,11,0,839,19
2020-07-06,Ukraine,NA,Khmelnytskyi,1274409,3,1,842,20
2020-07-07,Ukraine,NA,Khmelnytskyi,1274409,0,0,842,20
2020-07-08,Ukraine,NA,Khmelnytskyi,1274409,21,0,863,20
2020-07-09,Ukraine,NA,Khmelnytskyi,1274409,2,0,865,20
2020-07-10,Ukraine,NA,Khmelnytskyi,1274409,16,0,881,20
2020-07-11,Ukraine,NA,Khmelnytskyi,1274409,7,0,888,20
2020-07-12,Ukraine,NA,Khmelnytskyi,1274409,20,0,908,20
2020-07-13,Ukraine,NA,Khmelnytskyi,1274409,0,0,908,20
2020-07-14,Ukraine,NA,Khmelnytskyi,1274409,1,0,909,20
2020-07-15,Ukraine,NA,Khmelnytskyi,1274409,13,2,922,22
2020-07-16,Ukraine,NA,Khmelnytskyi,1274409,8,0,930,22
2020-07-17,Ukraine,NA,Khmelnytskyi,1274409,12,0,942,22
2020-07-18,Ukraine,NA,Khmelnytskyi,1274409,21,0,963,22
2020-07-19,Ukraine,NA,Khmelnytskyi,1274409,17,0,980,22
2020-07-20,Ukraine,NA,Khmelnytskyi,1274409,0,1,980,23
2020-07-21,Ukraine,NA,Khmelnytskyi,1274409,11,0,991,23
2020-07-22,Ukraine,NA,Khmelnytskyi,1274409,3,0,994,23
2020-07-23,Ukraine,NA,Khmelnytskyi,1274409,14,0,1008,23
2020-07-24,Ukraine,NA,Khmelnytskyi,1274409,13,0,1021,23
2020-07-25,Ukraine,NA,Khmelnytskyi,1274409,16,0,1037,23
2020-07-26,Ukraine,NA,Khmelnytskyi,1274409,22,0,1059,23
2020-07-27,Ukraine,NA,Khmelnytskyi,1274409,0,0,1059,23
2020-07-28,Ukraine,NA,Khmelnytskyi,1274409,10,0,1069,23
2020-07-29,Ukraine,NA,Khmelnytskyi,1274409,17,1,1086,24
2020-07-30,Ukraine,NA,Khmelnytskyi,1274409,23,0,1109,24
2020-07-31,Ukraine,NA,Khmelnytskyi,1274409,29,0,1138,24
2020-08-01,Ukraine,NA,Khmelnytskyi,1274409,25,0,1163,24
2020-08-02,Ukraine,NA,Khmelnytskyi,1274409,17,0,1180,24
2020-08-03,Ukraine,NA,Khmelnytskyi,1274409,9,0,1189,24
2020-08-04,Ukraine,NA,Khmelnytskyi,1274409,11,1,1200,25
2020-08-05,Ukraine,NA,Khmelnytskyi,1274409,32,0,1232,25
2020-08-06,Ukraine,NA,Khmelnytskyi,1274409,25,0,1257,25
2020-08-07,Ukraine,NA,Khmelnytskyi,1274409,29,0,1286,25
2020-08-08,Ukraine,NA,Khmelnytskyi,1274409,37,0,1323,25
2020-08-09,Ukraine,NA,Khmelnytskyi,1274409,23,1,1346,26
2020-08-10,Ukraine,NA,Khmelnytskyi,1274409,22,3,1368,29
2020-08-11,Ukraine,NA,Khmelnytskyi,1274409,8,1,1376,30
2020-08-12,Ukraine,NA,Khmelnytskyi,1274409,37,1,1413,31
2020-08-13,Ukraine,NA,Khmelnytskyi,1274409,55,0,1468,31
2020-08-14,Ukraine,NA,Khmelnytskyi,1274409,46,0,1514,31
2020-08-15,Ukraine,NA,Khmelnytskyi,1274409,25,0,1539,31
2020-08-16,Ukraine,NA,Khmelnytskyi,1274409,42,0,1581,31
2020-08-17,Ukraine,NA,Khmelnytskyi,1274409,37,0,1618,31
2020-08-18,Ukraine,NA,Khmelnytskyi,1274409,10,0,1628,31
2020-08-19,Ukraine,NA,Khmelnytskyi,1274409,50,2,1678,33
2020-08-20,Ukraine,NA,Khmelnytskyi,1274409,90,0,1768,33
2020-08-21,Ukraine,NA,Khmelnytskyi,1274409,60,4,1828,37
2020-08-22,Ukraine,NA,Khmelnytskyi,1274409,76,1,1904,38
2020-08-23,Ukraine,NA,Khmelnytskyi,1274409,42,0,1946,38
2020-08-24,Ukraine,NA,Khmelnytskyi,1274409,64,0,2010,38
2020-08-25,Ukraine,NA,Khmelnytskyi,1274409,37,0,2047,38
2020-08-26,Ukraine,NA,Khmelnytskyi,1274409,15,3,2062,41
2020-08-27,Ukraine,NA,Khmelnytskyi,1274409,40,0,2102,41
2020-08-28,Ukraine,NA,Khmelnytskyi,1274409,92,0,2194,41
2020-08-29,Ukraine,NA,Khmelnytskyi,1274409,103,2,2297,43
2020-08-30,Ukraine,NA,Khmelnytskyi,1274409,105,0,2402,43
2020-08-31,Ukraine,NA,Khmelnytskyi,1274409,79,2,2481,45
2020-09-01,Ukraine,NA,Khmelnytskyi,1274409,38,1,2519,46
2020-09-02,Ukraine,NA,Khmelnytskyi,1274409,111,1,2630,47
2020-09-03,Ukraine,NA,Khmelnytskyi,1274409,110,5,2740,52
2020-09-04,Ukraine,NA,Khmelnytskyi,1274409,108,0,2848,52
2020-09-05,Ukraine,NA,Khmelnytskyi,1274409,131,0,2979,52
2020-09-06,Ukraine,NA,Khmelnytskyi,1274409,121,0,3100,52
2020-09-07,Ukraine,NA,Khmelnytskyi,1274409,95,0,3195,52
2020-09-08,Ukraine,NA,Khmelnytskyi,1274409,58,4,3253,56
2020-09-09,Ukraine,NA,Khmelnytskyi,1274409,102,0,3355,56
2020-09-10,Ukraine,NA,Khmelnytskyi,1274409,142,3,3497,59
2020-09-11,Ukraine,NA,Khmelnytskyi,1274409,198,2,3695,61
2020-09-12,Ukraine,NA,Khmelnytskyi,1274409,155,15,3850,76
2020-09-13,Ukraine,NA,Khmelnytskyi,1274409,118,2,3968,78
2020-09-14,Ukraine,NA,Khmelnytskyi,1274409,40,1,4008,79
2020-09-15,Ukraine,NA,Khmelnytskyi,1274409,50,3,4058,82
2020-03-22,Ukraine,NA,Kiev,2967000,20,0,29,0
2020-03-23,Ukraine,NA,Kiev,2967000,0,0,29,0
2020-03-24,Ukraine,NA,Kiev,2967000,0,0,29,0
2020-03-25,Ukraine,NA,Kiev,2967000,5,0,34,0
2020-03-26,Ukraine,NA,Kiev,2967000,0,0,34,0
2020-03-27,Ukraine,NA,Kiev,2967000,21,0,55,0
2020-03-28,Ukraine,NA,Kiev,2967000,19,0,74,0
2020-03-29,Ukraine,NA,Kiev,2967000,8,0,82,0
2020-03-30,Ukraine,NA,Kiev,2967000,20,0,102,0
2020-03-31,Ukraine,NA,Kiev,2967000,21,0,123,0
2020-04-01,Ukraine,NA,Kiev,2967000,37,0,160,0
2020-04-02,Ukraine,NA,Kiev,2967000,20,0,180,0
2020-04-03,Ukraine,NA,Kiev,2967000,7,0,187,0
2020-04-04,Ukraine,NA,Kiev,2967000,36,3,223,3
2020-04-05,Ukraine,NA,Kiev,2967000,2,1,225,4
2020-04-06,Ukraine,NA,Kiev,2967000,9,0,234,4
2020-04-07,Ukraine,NA,Kiev,2967000,19,0,253,4
2020-04-08,Ukraine,NA,Kiev,2967000,3,1,256,5
2020-04-09,Ukraine,NA,Kiev,2967000,44,0,300,5
2020-04-10,Ukraine,NA,Kiev,2967000,48,1,348,6
2020-04-11,Ukraine,NA,Kiev,2967000,48,0,396,6
2020-04-12,Ukraine,NA,Kiev,2967000,20,0,416,6
2020-04-13,Ukraine,NA,Kiev,2967000,79,3,495,9
2020-04-14,Ukraine,NA,Kiev,2967000,56,1,551,10
2020-04-15,Ukraine,NA,Kiev,2967000,61,1,612,11
2020-04-16,Ukraine,NA,Kiev,2967000,32,1,644,12
2020-04-17,Ukraine,NA,Kiev,2967000,61,0,705,12
2020-04-18,Ukraine,NA,Kiev,2967000,65,2,770,14
2020-04-19,Ukraine,NA,Kiev,2967000,31,1,801,15
2020-04-20,Ukraine,NA,Kiev,2967000,49,2,850,17
2020-04-21,Ukraine,NA,Kiev,2967000,42,2,892,19
2020-04-22,Ukraine,NA,Kiev,2967000,97,0,989,19
2020-04-23,Ukraine,NA,Kiev,2967000,70,1,1059,20
2020-04-24,Ukraine,NA,Kiev,2967000,63,0,1122,20
2020-04-25,Ukraine,NA,Kiev,2967000,37,1,1159,21
2020-04-26,Ukraine,NA,Kiev,2967000,29,1,1188,22
2020-04-27,Ukraine,NA,Kiev,2967000,32,1,1220,23
2020-04-28,Ukraine,NA,Kiev,2967000,78,0,1298,23
2020-04-29,Ukraine,NA,Kiev,2967000,43,1,1341,24
2020-04-30,Ukraine,NA,Kiev,2967000,60,1,1401,25
2020-05-01,Ukraine,NA,Kiev,2967000,52,0,1453,25
2020-05-02,Ukraine,NA,Kiev,2967000,41,0,1494,25
2020-05-03,Ukraine,NA,Kiev,2967000,17,1,1511,26
2020-05-04,Ukraine,NA,Kiev,2967000,24,1,1535,27
2020-05-05,Ukraine,NA,Kiev,2967000,48,1,1583,28
2020-05-06,Ukraine,NA,Kiev,2967000,68,0,1651,28
2020-05-07,Ukraine,NA,Kiev,2967000,24,1,1675,29
2020-05-08,Ukraine,NA,Kiev,2967000,46,3,1721,32
2020-05-09,Ukraine,NA,Kiev,2967000,50,2,1771,34
2020-05-10,Ukraine,NA,Kiev,2967000,34,3,1805,37
2020-05-11,Ukraine,NA,Kiev,2967000,66,0,1871,37
2020-05-12,Ukraine,NA,Kiev,2967000,59,1,1930,38
2020-05-13,Ukraine,NA,Kiev,2967000,30,2,1960,40
2020-05-14,Ukraine,NA,Kiev,2967000,52,2,2012,42
2020-05-15,Ukraine,NA,Kiev,2967000,56,1,2068,43
2020-05-16,Ukraine,NA,Kiev,2967000,153,2,2221,45
2020-05-17,Ukraine,NA,Kiev,2967000,59,3,2280,48
2020-05-18,Ukraine,NA,Kiev,2967000,41,1,2321,49
2020-05-19,Ukraine,NA,Kiev,2967000,38,3,2359,52
2020-05-20,Ukraine,NA,Kiev,2967000,51,2,2410,54
2020-05-21,Ukraine,NA,Kiev,2967000,65,3,2475,57
2020-05-22,Ukraine,NA,Kiev,2967000,47,1,2522,58
2020-05-23,Ukraine,NA,Kiev,2967000,47,0,2569,58
2020-05-24,Ukraine,NA,Kiev,2967000,54,1,2623,59
2020-05-25,Ukraine,NA,Kiev,2967000,29,1,2652,60
2020-05-26,Ukraine,NA,Kiev,2967000,58,1,2710,61
2020-05-27,Ukraine,NA,Kiev,2967000,29,3,2739,64
2020-05-28,Ukraine,NA,Kiev,2967000,54,0,2793,64
2020-05-29,Ukraine,NA,Kiev,2967000,56,1,2849,65
2020-05-30,Ukraine,NA,Kiev,2967000,55,1,2904,66
2020-05-31,Ukraine,NA,Kiev,2967000,81,0,2985,66
2020-06-01,Ukraine,NA,Kiev,2967000,58,2,3043,68
2020-06-02,Ukraine,NA,Kiev,2967000,28,1,3071,69
2020-06-03,Ukraine,NA,Kiev,2967000,62,0,3133,69
2020-06-04,Ukraine,NA,Kiev,2967000,77,0,3210,69
2020-06-05,Ukraine,NA,Kiev,2967000,82,4,3292,73
2020-06-06,Ukraine,NA,Kiev,2967000,83,2,3375,75
2020-06-07,Ukraine,NA,Kiev,2967000,43,2,3418,77
2020-06-08,Ukraine,NA,Kiev,2967000,72,0,3490,77
2020-06-09,Ukraine,NA,Kiev,2967000,33,2,3523,79
2020-06-10,Ukraine,NA,Kiev,2967000,57,1,3580,80
2020-06-11,Ukraine,NA,Kiev,2967000,91,4,3671,84
2020-06-12,Ukraine,NA,Kiev,2967000,95,1,3766,85
2020-06-13,Ukraine,NA,Kiev,2967000,72,2,3838,87
2020-06-14,Ukraine,NA,Kiev,2967000,66,1,3904,88
2020-06-15,Ukraine,NA,Kiev,2967000,53,2,3957,90
2020-06-16,Ukraine,NA,Kiev,2967000,28,2,3985,92
2020-06-17,Ukraine,NA,Kiev,2967000,41,2,4026,94
2020-06-18,Ukraine,NA,Kiev,2967000,58,1,4084,95
2020-06-19,Ukraine,NA,Kiev,2967000,92,1,4176,96
2020-06-20,Ukraine,NA,Kiev,2967000,76,1,4252,97
2020-06-21,Ukraine,NA,Kiev,2967000,73,1,4325,98
2020-06-22,Ukraine,NA,Kiev,2967000,43,0,4368,98
2020-06-23,Ukraine,NA,Kiev,2967000,61,3,4429,101
2020-06-24,Ukraine,NA,Kiev,2967000,99,0,4528,101
2020-06-25,Ukraine,NA,Kiev,2967000,85,0,4613,101
2020-06-26,Ukraine,NA,Kiev,2967000,113,1,4726,102
2020-06-27,Ukraine,NA,Kiev,2967000,140,0,4866,102
2020-06-28,Ukraine,NA,Kiev,2967000,69,4,4935,106
2020-06-29,Ukraine,NA,Kiev,2967000,45,2,4980,108
2020-06-30,Ukraine,NA,Kiev,2967000,57,0,5037,108
2020-07-01,Ukraine,NA,Kiev,2967000,101,0,5138,108
2020-07-02,Ukraine,NA,Kiev,2967000,104,3,5242,111
2020-07-03,Ukraine,NA,Kiev,2967000,105,1,5347,112
2020-07-04,Ukraine,NA,Kiev,2967000,118,2,5465,114
2020-07-05,Ukraine,NA,Kiev,2967000,78,0,5543,114
2020-07-06,Ukraine,NA,Kiev,2967000,59,2,5602,116
2020-07-07,Ukraine,NA,Kiev,2967000,63,3,5665,119
2020-07-08,Ukraine,NA,Kiev,2967000,114,0,5779,119
2020-07-09,Ukraine,NA,Kiev,2967000,93,3,5872,122
2020-07-10,Ukraine,NA,Kiev,2967000,118,0,5990,122
2020-07-11,Ukraine,NA,Kiev,2967000,125,2,6115,124
2020-07-12,Ukraine,NA,Kiev,2967000,67,0,6182,124
2020-07-13,Ukraine,NA,Kiev,2967000,56,0,6238,124
2020-07-14,Ukraine,NA,Kiev,2967000,112,1,6350,125
2020-07-15,Ukraine,NA,Kiev,2967000,147,1,6497,126
2020-07-16,Ukraine,NA,Kiev,2967000,116,0,6613,126
2020-07-17,Ukraine,NA,Kiev,2967000,76,0,6689,126
2020-07-18,Ukraine,NA,Kiev,2967000,108,2,6797,128
2020-07-19,Ukraine,NA,Kiev,2967000,87,0,6884,128
2020-07-20,Ukraine,NA,Kiev,2967000,77,0,6961,128
2020-07-21,Ukraine,NA,Kiev,2967000,73,0,7034,128
2020-07-22,Ukraine,NA,Kiev,2967000,132,0,7166,128
2020-07-23,Ukraine,NA,Kiev,2967000,112,0,7278,128
2020-07-24,Ukraine,NA,Kiev,2967000,118,1,7396,129
2020-07-25,Ukraine,NA,Kiev,2967000,129,0,7525,129
2020-07-26,Ukraine,NA,Kiev,2967000,95,0,7620,129
2020-07-27,Ukraine,NA,Kiev,2967000,70,0,7690,129
2020-07-28,Ukraine,NA,Kiev,2967000,110,1,7800,130
2020-07-29,Ukraine,NA,Kiev,2967000,132,2,7932,132
2020-07-30,Ukraine,NA,Kiev,2967000,199,0,8131,132
2020-07-31,Ukraine,NA,Kiev,2967000,110,0,8241,132
2020-08-01,Ukraine,NA,Kiev,2967000,101,2,8342,134
2020-08-02,Ukraine,NA,Kiev,2967000,110,0,8452,134
2020-08-03,Ukraine,NA,Kiev,2967000,102,1,8554,135
2020-08-04,Ukraine,NA,Kiev,2967000,108,3,8662,138
2020-08-05,Ukraine,NA,Kiev,2967000,150,1,8812,139
2020-08-06,Ukraine,NA,Kiev,2967000,180,3,8992,142
2020-08-07,Ukraine,NA,Kiev,2967000,186,0,9178,142
2020-08-08,Ukraine,NA,Kiev,2967000,200,3,9378,145
2020-08-09,Ukraine,NA,Kiev,2967000,120,2,9498,147
2020-08-10,Ukraine,NA,Kiev,2967000,66,0,9564,147
2020-08-11,Ukraine,NA,Kiev,2967000,123,0,9687,147
2020-08-12,Ukraine,NA,Kiev,2967000,182,0,9869,147
2020-08-13,Ukraine,NA,Kiev,2967000,133,2,10002,149
2020-08-14,Ukraine,NA,Kiev,2967000,158,1,10160,150
2020-08-15,Ukraine,NA,Kiev,2967000,232,1,10392,151
2020-08-16,Ukraine,NA,Kiev,2967000,146,2,10538,153
2020-08-17,Ukraine,NA,Kiev,2967000,104,1,10642,154
2020-08-18,Ukraine,NA,Kiev,2967000,88,1,10730,155
2020-08-19,Ukraine,NA,Kiev,2967000,215,0,10945,155
2020-08-20,Ukraine,NA,Kiev,2967000,227,3,11172,158
2020-08-21,Ukraine,NA,Kiev,2967000,156,0,11328,158
2020-08-22,Ukraine,NA,Kiev,2967000,179,7,11507,165
2020-08-23,Ukraine,NA,Kiev,2967000,307,2,11814,167
2020-08-24,Ukraine,NA,Kiev,2967000,209,3,12023,170
2020-08-25,Ukraine,NA,Kiev,2967000,130,2,12153,172
2020-08-26,Ukraine,NA,Kiev,2967000,95,2,12248,174
2020-08-27,Ukraine,NA,Kiev,2967000,220,4,12468,178
2020-08-28,Ukraine,NA,Kiev,2967000,251,9,12719,187
2020-08-29,Ukraine,NA,Kiev,2967000,265,6,12984,193
2020-08-30,Ukraine,NA,Kiev,2967000,109,9,13093,202
2020-08-31,Ukraine,NA,Kiev,2967000,277,6,13370,208
2020-09-01,Ukraine,NA,Kiev,2967000,176,5,13546,213
2020-09-02,Ukraine,NA,Kiev,2967000,332,5,13878,218
2020-09-03,Ukraine,NA,Kiev,2967000,280,4,14158,222
2020-09-04,Ukraine,NA,Kiev,2967000,319,8,14477,230
2020-09-05,Ukraine,NA,Kiev,2967000,315,4,14792,234
2020-09-06,Ukraine,NA,Kiev,2967000,240,6,15032,240
2020-09-07,Ukraine,NA,Kiev,2967000,244,2,15276,242
2020-09-08,Ukraine,NA,Kiev,2967000,235,4,15511,246
2020-09-09,Ukraine,NA,Kiev,2967000,310,4,15821,250
2020-09-10,Ukraine,NA,Kiev,2967000,298,4,16119,254
2020-09-11,Ukraine,NA,Kiev,2967000,404,7,16523,261
2020-09-12,Ukraine,NA,Kiev,2967000,428,5,16951,266
2020-09-13,Ukraine,NA,Kiev,2967000,310,3,17261,269
2020-09-14,Ukraine,NA,Kiev,2967000,168,3,17429,272
2020-09-15,Ukraine,NA,Kiev,2967000,285,11,17714,283
2020-03-24,Ukraine,NA,Kiev Oblast,1754284,10,0,15,0
2020-03-25,Ukraine,NA,Kiev Oblast,1754284,9,0,24,0
2020-03-26,Ukraine,NA,Kiev Oblast,1754284,0,0,24,0
2020-03-27,Ukraine,NA,Kiev Oblast,1754284,8,0,32,0
2020-03-28,Ukraine,NA,Kiev Oblast,1754284,9,0,41,0
2020-03-29,Ukraine,NA,Kiev Oblast,1754284,4,0,45,0
2020-03-30,Ukraine,NA,Kiev Oblast,1754284,4,2,49,2
2020-03-31,Ukraine,NA,Kiev Oblast,1754284,8,1,57,3
2020-04-01,Ukraine,NA,Kiev Oblast,1754284,7,0,64,3
2020-04-02,Ukraine,NA,Kiev Oblast,1754284,3,1,67,4
2020-04-03,Ukraine,NA,Kiev Oblast,1754284,5,0,72,4
2020-04-04,Ukraine,NA,Kiev Oblast,1754284,10,0,82,4
2020-04-05,Ukraine,NA,Kiev Oblast,1754284,0,1,82,5
2020-04-06,Ukraine,NA,Kiev Oblast,1754284,9,0,91,5
2020-04-07,Ukraine,NA,Kiev Oblast,1754284,6,0,97,5
2020-04-08,Ukraine,NA,Kiev Oblast,1754284,23,0,120,5
2020-04-09,Ukraine,NA,Kiev Oblast,1754284,10,0,130,5
2020-04-10,Ukraine,NA,Kiev Oblast,1754284,10,0,140,5
2020-04-11,Ukraine,NA,Kiev Oblast,1754284,9,0,149,5
2020-04-12,Ukraine,NA,Kiev Oblast,1754284,10,0,159,5
2020-04-13,Ukraine,NA,Kiev Oblast,1754284,57,0,216,5
2020-04-14,Ukraine,NA,Kiev Oblast,1754284,8,2,224,7
2020-04-15,Ukraine,NA,Kiev Oblast,1754284,6,2,230,9
2020-04-16,Ukraine,NA,Kiev Oblast,1754284,4,0,234,9
2020-04-17,Ukraine,NA,Kiev Oblast,1754284,19,0,253,9
2020-04-18,Ukraine,NA,Kiev Oblast,1754284,27,0,280,9
2020-04-19,Ukraine,NA,Kiev Oblast,1754284,24,2,304,11
2020-04-20,Ukraine,NA,Kiev Oblast,1754284,29,0,333,11
2020-04-21,Ukraine,NA,Kiev Oblast,1754284,23,0,356,11
2020-04-22,Ukraine,NA,Kiev Oblast,1754284,34,0,390,11
2020-04-23,Ukraine,NA,Kiev Oblast,1754284,61,1,451,12
2020-04-24,Ukraine,NA,Kiev Oblast,1754284,54,0,505,12
2020-04-25,Ukraine,NA,Kiev Oblast,1754284,14,0,519,12
2020-04-26,Ukraine,NA,Kiev Oblast,1754284,23,0,542,12
2020-04-27,Ukraine,NA,Kiev Oblast,1754284,28,1,570,13
2020-04-28,Ukraine,NA,Kiev Oblast,1754284,34,0,604,13
2020-04-29,Ukraine,NA,Kiev Oblast,1754284,39,2,643,15
2020-04-30,Ukraine,NA,Kiev Oblast,1754284,21,0,664,15
2020-05-01,Ukraine,NA,Kiev Oblast,1754284,30,2,694,17
2020-05-02,Ukraine,NA,Kiev Oblast,1754284,53,0,747,17
2020-05-03,Ukraine,NA,Kiev Oblast,1754284,37,0,784,17
2020-05-04,Ukraine,NA,Kiev Oblast,1754284,69,0,853,17
2020-05-05,Ukraine,NA,Kiev Oblast,1754284,13,0,866,17
2020-05-06,Ukraine,NA,Kiev Oblast,1754284,25,0,891,17
2020-05-07,Ukraine,NA,Kiev Oblast,1754284,25,2,916,19
2020-05-08,Ukraine,NA,Kiev Oblast,1754284,19,1,935,20
2020-05-09,Ukraine,NA,Kiev Oblast,1754284,24,0,959,20
2020-05-10,Ukraine,NA,Kiev Oblast,1754284,13,0,972,20
2020-05-11,Ukraine,NA,Kiev Oblast,1754284,28,0,1000,20
2020-05-12,Ukraine,NA,Kiev Oblast,1754284,23,2,1023,22
2020-05-13,Ukraine,NA,Kiev Oblast,1754284,26,2,1049,24
2020-05-14,Ukraine,NA,Kiev Oblast,1754284,18,0,1067,24
2020-05-15,Ukraine,NA,Kiev Oblast,1754284,27,2,1094,26
2020-05-16,Ukraine,NA,Kiev Oblast,1754284,49,0,1143,26
2020-05-17,Ukraine,NA,Kiev Oblast,1754284,54,0,1197,26
2020-05-18,Ukraine,NA,Kiev Oblast,1754284,27,3,1224,29
2020-05-19,Ukraine,NA,Kiev Oblast,1754284,21,0,1245,29
2020-05-20,Ukraine,NA,Kiev Oblast,1754284,16,0,1261,29
2020-05-21,Ukraine,NA,Kiev Oblast,1754284,55,0,1316,29
2020-05-22,Ukraine,NA,Kiev Oblast,1754284,28,1,1344,30
2020-05-23,Ukraine,NA,Kiev Oblast,1754284,31,0,1375,30
2020-05-24,Ukraine,NA,Kiev Oblast,1754284,44,0,1419,30
2020-05-25,Ukraine,NA,Kiev Oblast,1754284,18,0,1437,30
2020-05-26,Ukraine,NA,Kiev Oblast,1754284,21,0,1458,30
2020-05-27,Ukraine,NA,Kiev Oblast,1754284,16,0,1474,30
2020-05-28,Ukraine,NA,Kiev Oblast,1754284,43,0,1517,30
2020-05-29,Ukraine,NA,Kiev Oblast,1754284,18,0,1535,30
2020-05-30,Ukraine,NA,Kiev Oblast,1754284,21,3,1556,33
2020-05-31,Ukraine,NA,Kiev Oblast,1754284,17,1,1573,34
2020-06-01,Ukraine,NA,Kiev Oblast,1754284,27,1,1600,35
2020-06-02,Ukraine,NA,Kiev Oblast,1754284,23,1,1623,36
2020-06-03,Ukraine,NA,Kiev Oblast,1754284,29,0,1652,36
2020-06-04,Ukraine,NA,Kiev Oblast,1754284,21,1,1673,37
2020-06-05,Ukraine,NA,Kiev Oblast,1754284,38,0,1711,37
2020-06-06,Ukraine,NA,Kiev Oblast,1754284,37,0,1748,37
2020-06-07,Ukraine,NA,Kiev Oblast,1754284,36,0,1784,37
2020-06-08,Ukraine,NA,Kiev Oblast,1754284,28,0,1812,37
2020-06-09,Ukraine,NA,Kiev Oblast,1754284,24,0,1836,37
2020-06-10,Ukraine,NA,Kiev Oblast,1754284,29,1,1865,38
2020-06-11,Ukraine,NA,Kiev Oblast,1754284,54,0,1919,38
2020-06-12,Ukraine,NA,Kiev Oblast,1754284,12,0,1931,38
2020-06-13,Ukraine,NA,Kiev Oblast,1754284,30,0,1961,38
2020-06-14,Ukraine,NA,Kiev Oblast,1754284,34,1,1995,39
2020-06-15,Ukraine,NA,Kiev Oblast,1754284,29,0,2024,39
2020-06-16,Ukraine,NA,Kiev Oblast,1754284,25,0,2049,39
2020-06-17,Ukraine,NA,Kiev Oblast,1754284,29,0,2078,39
2020-06-18,Ukraine,NA,Kiev Oblast,1754284,41,4,2119,43
2020-06-19,Ukraine,NA,Kiev Oblast,1754284,23,1,2142,44
2020-06-20,Ukraine,NA,Kiev Oblast,1754284,32,2,2174,46
2020-06-21,Ukraine,NA,Kiev Oblast,1754284,34,0,2208,46
2020-06-22,Ukraine,NA,Kiev Oblast,1754284,28,0,2236,46
2020-06-23,Ukraine,NA,Kiev Oblast,1754284,49,1,2285,47
2020-06-24,Ukraine,NA,Kiev Oblast,1754284,47,0,2332,47
2020-06-25,Ukraine,NA,Kiev Oblast,1754284,41,1,2373,48
2020-06-26,Ukraine,NA,Kiev Oblast,1754284,46,0,2419,48
2020-06-27,Ukraine,NA,Kiev Oblast,1754284,50,1,2469,49
2020-06-28,Ukraine,NA,Kiev Oblast,1754284,37,0,2506,49
2020-06-29,Ukraine,NA,Kiev Oblast,1754284,40,1,2546,50
2020-06-30,Ukraine,NA,Kiev Oblast,1754284,39,0,2585,50
2020-07-01,Ukraine,NA,Kiev Oblast,1754284,25,0,2610,50
2020-07-02,Ukraine,NA,Kiev Oblast,1754284,45,1,2655,51
2020-07-03,Ukraine,NA,Kiev Oblast,1754284,47,0,2702,51
2020-07-04,Ukraine,NA,Kiev Oblast,1754284,45,0,2747,51
2020-07-05,Ukraine,NA,Kiev Oblast,1754284,27,2,2774,53
2020-07-06,Ukraine,NA,Kiev Oblast,1754284,15,1,2789,54
2020-07-07,Ukraine,NA,Kiev Oblast,1754284,20,1,2809,55
2020-07-08,Ukraine,NA,Kiev Oblast,1754284,44,0,2853,55
2020-07-09,Ukraine,NA,Kiev Oblast,1754284,42,0,2895,55
2020-07-10,Ukraine,NA,Kiev Oblast,1754284,45,0,2940,55
2020-07-11,Ukraine,NA,Kiev Oblast,1754284,46,2,2986,57
2020-07-12,Ukraine,NA,Kiev Oblast,1754284,40,0,3026,57
2020-07-13,Ukraine,NA,Kiev Oblast,1754284,42,1,3068,58
2020-07-14,Ukraine,NA,Kiev Oblast,1754284,22,0,3090,58
2020-07-15,Ukraine,NA,Kiev Oblast,1754284,38,0,3128,58
2020-07-16,Ukraine,NA,Kiev Oblast,1754284,16,1,3144,59
2020-07-17,Ukraine,NA,Kiev Oblast,1754284,40,0,3184,59
2020-07-18,Ukraine,NA,Kiev Oblast,1754284,45,0,3229,59
2020-07-19,Ukraine,NA,Kiev Oblast,1754284,42,0,3271,59
2020-07-20,Ukraine,NA,Kiev Oblast,1754284,37,0,3308,59
2020-07-21,Ukraine,NA,Kiev Oblast,1754284,24,0,3332,59
2020-07-22,Ukraine,NA,Kiev Oblast,1754284,27,0,3359,59
2020-07-23,Ukraine,NA,Kiev Oblast,1754284,32,0,3391,59
2020-07-24,Ukraine,NA,Kiev Oblast,1754284,30,0,3421,59
2020-07-25,Ukraine,NA,Kiev Oblast,1754284,40,0,3461,59
2020-07-26,Ukraine,NA,Kiev Oblast,1754284,42,1,3503,60
2020-07-27,Ukraine,NA,Kiev Oblast,1754284,45,0,3548,60
2020-07-28,Ukraine,NA,Kiev Oblast,1754284,42,0,3590,60
2020-07-29,Ukraine,NA,Kiev Oblast,1754284,39,0,3629,60
2020-07-30,Ukraine,NA,Kiev Oblast,1754284,43,2,3672,62
2020-07-31,Ukraine,NA,Kiev Oblast,1754284,44,1,3716,63
2020-08-01,Ukraine,NA,Kiev Oblast,1754284,71,1,3787,64
2020-08-02,Ukraine,NA,Kiev Oblast,1754284,36,0,3823,64
2020-08-03,Ukraine,NA,Kiev Oblast,1754284,22,0,3845,64
2020-08-04,Ukraine,NA,Kiev Oblast,1754284,32,1,3877,65
2020-08-05,Ukraine,NA,Kiev Oblast,1754284,65,1,3942,66
2020-08-06,Ukraine,NA,Kiev Oblast,1754284,38,1,3980,67
2020-08-07,Ukraine,NA,Kiev Oblast,1754284,78,0,4058,67
2020-08-08,Ukraine,NA,Kiev Oblast,1754284,70,1,4128,68
2020-08-09,Ukraine,NA,Kiev Oblast,1754284,48,0,4176,68
2020-08-10,Ukraine,NA,Kiev Oblast,1754284,21,1,4197,69
2020-08-11,Ukraine,NA,Kiev Oblast,1754284,42,1,4239,70
2020-08-12,Ukraine,NA,Kiev Oblast,1754284,68,1,4307,71
2020-08-13,Ukraine,NA,Kiev Oblast,1754284,70,1,4377,72
2020-08-14,Ukraine,NA,Kiev Oblast,1754284,52,4,4429,76
2020-08-15,Ukraine,NA,Kiev Oblast,1754284,66,3,4495,79
2020-08-16,Ukraine,NA,Kiev Oblast,1754284,35,0,4530,79
2020-08-17,Ukraine,NA,Kiev Oblast,1754284,24,0,4554,79
2020-08-18,Ukraine,NA,Kiev Oblast,1754284,66,1,4620,80
2020-08-19,Ukraine,NA,Kiev Oblast,1754284,65,1,4685,81
2020-08-20,Ukraine,NA,Kiev Oblast,1754284,42,2,4727,83
2020-08-21,Ukraine,NA,Kiev Oblast,1754284,78,0,4805,83
2020-08-22,Ukraine,NA,Kiev Oblast,1754284,76,1,4881,84
2020-08-23,Ukraine,NA,Kiev Oblast,1754284,71,0,4952,84
2020-08-24,Ukraine,NA,Kiev Oblast,1754284,73,0,5025,84
2020-08-25,Ukraine,NA,Kiev Oblast,1754284,90,0,5115,84
2020-08-26,Ukraine,NA,Kiev Oblast,1754284,96,1,5211,85
2020-08-27,Ukraine,NA,Kiev Oblast,1754284,94,6,5305,91
2020-08-28,Ukraine,NA,Kiev Oblast,1754284,92,2,5397,93
2020-08-29,Ukraine,NA,Kiev Oblast,1754284,92,2,5489,95
2020-08-30,Ukraine,NA,Kiev Oblast,1754284,91,1,5580,96
2020-08-31,Ukraine,NA,Kiev Oblast,1754284,89,0,5669,96
2020-09-01,Ukraine,NA,Kiev Oblast,1754284,86,1,5755,97
2020-09-02,Ukraine,NA,Kiev Oblast,1754284,87,5,5842,102
2020-09-03,Ukraine,NA,Kiev Oblast,1754284,89,0,5931,102
2020-09-04,Ukraine,NA,Kiev Oblast,1754284,86,7,6017,109
2020-09-05,Ukraine,NA,Kiev Oblast,1754284,88,5,6105,114
2020-09-06,Ukraine,NA,Kiev Oblast,1754284,87,2,6192,116
2020-09-07,Ukraine,NA,Kiev Oblast,1754284,86,0,6278,116
2020-09-08,Ukraine,NA,Kiev Oblast,1754284,92,1,6370,117
2020-09-09,Ukraine,NA,Kiev Oblast,1754284,89,5,6459,122
2020-09-10,Ukraine,NA,Kiev Oblast,1754284,95,2,6554,124
2020-09-11,Ukraine,NA,Kiev Oblast,1754284,94,4,6648,128
2020-09-12,Ukraine,NA,Kiev Oblast,1754284,102,6,6750,134
2020-09-13,Ukraine,NA,Kiev Oblast,1754284,99,1,6849,135
2020-09-14,Ukraine,NA,Kiev Oblast,1754284,112,1,6961,136
2020-09-15,Ukraine,NA,Kiev Oblast,1754284,118,2,7079,138
2020-04-02,Ukraine,NA,Kirovohrad,956250,6,0,13,0
2020-04-03,Ukraine,NA,Kirovohrad,956250,2,0,15,0
2020-04-04,Ukraine,NA,Kirovohrad,956250,9,0,24,0
2020-04-05,Ukraine,NA,Kirovohrad,956250,13,1,37,1
2020-04-06,Ukraine,NA,Kirovohrad,956250,4,0,41,1
2020-04-07,Ukraine,NA,Kirovohrad,956250,12,0,53,1
2020-04-08,Ukraine,NA,Kirovohrad,956250,4,0,57,1
2020-04-09,Ukraine,NA,Kirovohrad,956250,21,2,78,3
2020-04-10,Ukraine,NA,Kirovohrad,956250,28,3,106,6
2020-04-11,Ukraine,NA,Kirovohrad,956250,0,0,106,6
2020-04-12,Ukraine,NA,Kirovohrad,956250,36,1,142,7
2020-04-13,Ukraine,NA,Kirovohrad,956250,2,0,144,7
2020-04-14,Ukraine,NA,Kirovohrad,956250,48,1,192,8
2020-04-15,Ukraine,NA,Kirovohrad,956250,0,0,192,8
2020-04-16,Ukraine,NA,Kirovohrad,956250,6,1,198,9
2020-04-17,Ukraine,NA,Kirovohrad,956250,20,0,218,9
2020-04-18,Ukraine,NA,Kirovohrad,956250,16,2,234,11
2020-04-19,Ukraine,NA,Kirovohrad,956250,11,1,245,12
2020-04-20,Ukraine,NA,Kirovohrad,956250,1,1,246,13
2020-04-21,Ukraine,NA,Kirovohrad,956250,1,0,247,13
2020-04-22,Ukraine,NA,Kirovohrad,956250,4,0,251,13
2020-04-23,Ukraine,NA,Kirovohrad,956250,7,1,258,14
2020-04-24,Ukraine,NA,Kirovohrad,956250,25,0,283,14
2020-04-25,Ukraine,NA,Kirovohrad,956250,23,1,306,15
2020-04-26,Ukraine,NA,Kirovohrad,956250,17,1,323,16
2020-04-27,Ukraine,NA,Kirovohrad,956250,14,1,337,17
2020-04-28,Ukraine,NA,Kirovohrad,956250,19,0,356,17
2020-04-29,Ukraine,NA,Kirovohrad,956250,21,0,377,17
2020-04-30,Ukraine,NA,Kirovohrad,956250,14,1,391,18
2020-05-01,Ukraine,NA,Kirovohrad,956250,1,1,392,19
2020-05-02,Ukraine,NA,Kirovohrad,956250,2,0,394,19
2020-05-03,Ukraine,NA,Kirovohrad,956250,3,0,397,19
2020-05-04,Ukraine,NA,Kirovohrad,956250,4,0,401,19
2020-05-05,Ukraine,NA,Kirovohrad,956250,0,0,401,19
2020-05-06,Ukraine,NA,Kirovohrad,956250,1,0,402,19
2020-05-07,Ukraine,NA,Kirovohrad,956250,1,0,403,19
2020-05-08,Ukraine,NA,Kirovohrad,956250,5,0,408,19
2020-05-09,Ukraine,NA,Kirovohrad,956250,3,1,411,20
2020-05-10,Ukraine,NA,Kirovohrad,956250,5,0,416,20
2020-05-11,Ukraine,NA,Kirovohrad,956250,4,0,420,20
2020-05-12,Ukraine,NA,Kirovohrad,956250,5,0,425,20
2020-05-13,Ukraine,NA,Kirovohrad,956250,3,0,428,20
2020-05-14,Ukraine,NA,Kirovohrad,956250,4,0,432,20
2020-05-15,Ukraine,NA,Kirovohrad,956250,5,0,437,20
2020-05-16,Ukraine,NA,Kirovohrad,956250,4,0,441,20
2020-05-17,Ukraine,NA,Kirovohrad,956250,2,0,443,20
2020-05-18,Ukraine,NA,Kirovohrad,956250,2,0,445,20
2020-05-19,Ukraine,NA,Kirovohrad,956250,0,0,445,20
2020-05-20,Ukraine,NA,Kirovohrad,956250,5,0,450,20
2020-05-21,Ukraine,NA,Kirovohrad,956250,5,1,455,21
2020-05-22,Ukraine,NA,Kirovohrad,956250,5,1,460,22
2020-05-23,Ukraine,NA,Kirovohrad,956250,6,0,466,22
2020-05-24,Ukraine,NA,Kirovohrad,956250,7,1,473,23
2020-05-25,Ukraine,NA,Kirovohrad,956250,5,0,478,23
2020-05-26,Ukraine,NA,Kirovohrad,956250,4,0,482,23
2020-05-27,Ukraine,NA,Kirovohrad,956250,7,0,489,23
2020-05-28,Ukraine,NA,Kirovohrad,956250,6,1,495,24
2020-05-29,Ukraine,NA,Kirovohrad,956250,8,1,503,25
2020-05-30,Ukraine,NA,Kirovohrad,956250,3,0,506,25
2020-05-31,Ukraine,NA,Kirovohrad,956250,5,0,511,25
2020-06-01,Ukraine,NA,Kirovohrad,956250,3,0,514,25
2020-06-02,Ukraine,NA,Kirovohrad,956250,2,0,516,25
2020-06-03,Ukraine,NA,Kirovohrad,956250,7,1,523,26
2020-06-04,Ukraine,NA,Kirovohrad,956250,3,0,526,26
2020-06-05,Ukraine,NA,Kirovohrad,956250,12,1,538,27
2020-06-06,Ukraine,NA,Kirovohrad,956250,8,0,546,27
2020-06-07,Ukraine,NA,Kirovohrad,956250,7,0,553,27
2020-06-08,Ukraine,NA,Kirovohrad,956250,6,0,559,27
2020-06-09,Ukraine,NA,Kirovohrad,956250,3,1,562,28
2020-06-10,Ukraine,NA,Kirovohrad,956250,0,2,562,30
2020-06-11,Ukraine,NA,Kirovohrad,956250,1,0,563,30
2020-06-12,Ukraine,NA,Kirovohrad,956250,5,0,568,30
2020-06-13,Ukraine,NA,Kirovohrad,956250,9,0,577,30
2020-06-14,Ukraine,NA,Kirovohrad,956250,5,0,582,30
2020-06-15,Ukraine,NA,Kirovohrad,956250,4,0,586,30
2020-06-16,Ukraine,NA,Kirovohrad,956250,4,0,590,30
2020-06-17,Ukraine,NA,Kirovohrad,956250,2,0,592,30
2020-06-18,Ukraine,NA,Kirovohrad,956250,12,0,604,30
2020-06-19,Ukraine,NA,Kirovohrad,956250,0,0,604,30
2020-06-20,Ukraine,NA,Kirovohrad,956250,8,0,612,30
2020-06-21,Ukraine,NA,Kirovohrad,956250,8,0,620,30
2020-06-22,Ukraine,NA,Kirovohrad,956250,7,1,627,31
2020-06-23,Ukraine,NA,Kirovohrad,956250,4,0,631,31
2020-06-24,Ukraine,NA,Kirovohrad,956250,3,0,634,31
2020-06-25,Ukraine,NA,Kirovohrad,956250,2,0,636,31
2020-06-26,Ukraine,NA,Kirovohrad,956250,4,0,640,31
2020-06-27,Ukraine,NA,Kirovohrad,956250,2,0,642,31
2020-06-28,Ukraine,NA,Kirovohrad,956250,4,0,646,31
2020-06-29,Ukraine,NA,Kirovohrad,956250,0,0,646,31
2020-06-30,Ukraine,NA,Kirovohrad,956250,0,0,646,31
2020-07-01,Ukraine,NA,Kirovohrad,956250,1,0,647,31
2020-07-02,Ukraine,NA,Kirovohrad,956250,3,0,650,31
2020-07-03,Ukraine,NA,Kirovohrad,956250,3,0,653,31
2020-07-04,Ukraine,NA,Kirovohrad,956250,4,0,657,31
2020-07-05,Ukraine,NA,Kirovohrad,956250,1,0,658,31
2020-07-06,Ukraine,NA,Kirovohrad,956250,1,1,659,32
2020-07-07,Ukraine,NA,Kirovohrad,956250,4,0,663,32
2020-07-08,Ukraine,NA,Kirovohrad,956250,1,0,664,32
2020-07-09,Ukraine,NA,Kirovohrad,956250,5,0,669,32
2020-07-10,Ukraine,NA,Kirovohrad,956250,1,1,670,33
2020-07-11,Ukraine,NA,Kirovohrad,956250,0,0,670,33
2020-07-12,Ukraine,NA,Kirovohrad,956250,3,0,673,33
2020-07-13,Ukraine,NA,Kirovohrad,956250,1,0,674,33
2020-07-14,Ukraine,NA,Kirovohrad,956250,0,0,674,33
2020-07-15,Ukraine,NA,Kirovohrad,956250,0,0,674,33
2020-07-16,Ukraine,NA,Kirovohrad,956250,1,0,675,33
2020-07-17,Ukraine,NA,Kirovohrad,956250,2,0,677,33
2020-07-18,Ukraine,NA,Kirovohrad,956250,0,0,677,33
2020-07-19,Ukraine,NA,Kirovohrad,956250,4,0,681,33
2020-07-20,Ukraine,NA,Kirovohrad,956250,1,0,682,33
2020-07-21,Ukraine,NA,Kirovohrad,956250,4,0,686,33
2020-07-22,Ukraine,NA,Kirovohrad,956250,2,0,688,33
2020-07-23,Ukraine,NA,Kirovohrad,956250,1,0,689,33
2020-07-24,Ukraine,NA,Kirovohrad,956250,0,0,689,33
2020-07-25,Ukraine,NA,Kirovohrad,956250,1,0,690,33
2020-07-26,Ukraine,NA,Kirovohrad,956250,3,1,693,34
2020-07-27,Ukraine,NA,Kirovohrad,956250,2,0,695,34
2020-07-28,Ukraine,NA,Kirovohrad,956250,2,0,697,34
2020-07-29,Ukraine,NA,Kirovohrad,956250,0,0,697,34
2020-07-30,Ukraine,NA,Kirovohrad,956250,5,1,702,35
2020-07-31,Ukraine,NA,Kirovohrad,956250,1,1,703,36
2020-08-01,Ukraine,NA,Kirovohrad,956250,1,0,704,36
2020-08-02,Ukraine,NA,Kirovohrad,956250,6,0,710,36
2020-08-03,Ukraine,NA,Kirovohrad,956250,1,0,711,36
2020-08-04,Ukraine,NA,Kirovohrad,956250,0,0,711,36
2020-08-05,Ukraine,NA,Kirovohrad,956250,0,0,711,36
2020-08-06,Ukraine,NA,Kirovohrad,956250,2,0,713,36
2020-08-07,Ukraine,NA,Kirovohrad,956250,1,2,714,38
2020-08-08,Ukraine,NA,Kirovohrad,956250,4,1,718,39
2020-08-09,Ukraine,NA,Kirovohrad,956250,3,0,721,39
2020-08-10,Ukraine,NA,Kirovohrad,956250,3,0,724,39
2020-08-11,Ukraine,NA,Kirovohrad,956250,1,0,725,39
2020-08-12,Ukraine,NA,Kirovohrad,956250,3,0,728,39
2020-08-13,Ukraine,NA,Kirovohrad,956250,5,0,733,39
2020-08-14,Ukraine,NA,Kirovohrad,956250,6,0,739,39
2020-08-15,Ukraine,NA,Kirovohrad,956250,0,0,739,39
2020-08-16,Ukraine,NA,Kirovohrad,956250,3,0,742,39
2020-08-17,Ukraine,NA,Kirovohrad,956250,1,0,743,39
2020-08-18,Ukraine,NA,Kirovohrad,956250,3,2,746,41
2020-08-19,Ukraine,NA,Kirovohrad,956250,2,0,748,41
2020-08-20,Ukraine,NA,Kirovohrad,956250,1,3,749,44
2020-08-21,Ukraine,NA,Kirovohrad,956250,2,1,751,45
2020-08-22,Ukraine,NA,Kirovohrad,956250,5,0,756,45
2020-08-23,Ukraine,NA,Kirovohrad,956250,8,0,764,45
2020-08-24,Ukraine,NA,Kirovohrad,956250,4,0,768,45
2020-08-25,Ukraine,NA,Kirovohrad,956250,1,0,769,45
2020-08-26,Ukraine,NA,Kirovohrad,956250,2,0,771,45
2020-08-27,Ukraine,NA,Kirovohrad,956250,9,0,780,45
2020-08-28,Ukraine,NA,Kirovohrad,956250,10,0,790,45
2020-08-29,Ukraine,NA,Kirovohrad,956250,5,0,795,45
2020-08-30,Ukraine,NA,Kirovohrad,956250,15,0,810,45
2020-08-31,Ukraine,NA,Kirovohrad,956250,4,0,814,45
2020-09-01,Ukraine,NA,Kirovohrad,956250,2,1,816,46
2020-09-02,Ukraine,NA,Kirovohrad,956250,10,1,826,47
2020-09-03,Ukraine,NA,Kirovohrad,956250,7,0,833,47
2020-09-04,Ukraine,NA,Kirovohrad,956250,8,0,841,47
2020-09-05,Ukraine,NA,Kirovohrad,956250,5,0,846,47
2020-09-06,Ukraine,NA,Kirovohrad,956250,8,0,854,47
2020-09-07,Ukraine,NA,Kirovohrad,956250,4,0,858,47
2020-09-08,Ukraine,NA,Kirovohrad,956250,9,0,867,47
2020-09-09,Ukraine,NA,Kirovohrad,956250,3,0,870,47
2020-09-10,Ukraine,NA,Kirovohrad,956250,4,0,874,47
2020-09-11,Ukraine,NA,Kirovohrad,956250,11,1,885,48
2020-09-12,Ukraine,NA,Kirovohrad,956250,7,0,892,48
2020-09-13,Ukraine,NA,Kirovohrad,956250,12,1,904,49
2020-09-14,Ukraine,NA,Kirovohrad,956250,5,1,909,50
2020-09-15,Ukraine,NA,Kirovohrad,956250,20,0,929,50
2020-04-19,Ukraine,NA,Luhansk,2167802,15,0,24,0
2020-04-20,Ukraine,NA,Luhansk,2167802,0,0,24,0
2020-04-21,Ukraine,NA,Luhansk,2167802,1,0,25,0
2020-04-22,Ukraine,NA,Luhansk,2167802,1,0,26,0
2020-04-23,Ukraine,NA,Luhansk,2167802,1,0,27,0
2020-04-24,Ukraine,NA,Luhansk,2167802,0,0,27,0
2020-04-25,Ukraine,NA,Luhansk,2167802,1,0,28,0
2020-04-26,Ukraine,NA,Luhansk,2167802,1,0,29,0
2020-04-27,Ukraine,NA,Luhansk,2167802,0,0,29,0
2020-04-28,Ukraine,NA,Luhansk,2167802,3,0,32,0
2020-04-29,Ukraine,NA,Luhansk,2167802,1,0,33,0
2020-04-30,Ukraine,NA,Luhansk,2167802,0,0,33,0
2020-05-01,Ukraine,NA,Luhansk,2167802,2,0,35,0
2020-05-02,Ukraine,NA,Luhansk,2167802,2,0,37,0
2020-05-03,Ukraine,NA,Luhansk,2167802,0,0,37,0
2020-05-04,Ukraine,NA,Luhansk,2167802,0,0,37,0
2020-05-05,Ukraine,NA,Luhansk,2167802,1,0,38,0
2020-05-06,Ukraine,NA,Luhansk,2167802,4,0,42,0
2020-05-07,Ukraine,NA,Luhansk,2167802,0,0,42,0
2020-05-08,Ukraine,NA,Luhansk,2167802,0,0,42,0
2020-05-09,Ukraine,NA,Luhansk,2167802,0,0,42,0
2020-05-10,Ukraine,NA,Luhansk,2167802,0,0,42,0
2020-05-11,Ukraine,NA,Luhansk,2167802,0,0,42,0
2020-05-12,Ukraine,NA,Luhansk,2167802,0,0,42,0
2020-05-13,Ukraine,NA,Luhansk,2167802,0,0,42,0
2020-05-14,Ukraine,NA,Luhansk,2167802,0,0,42,0
2020-05-15,Ukraine,NA,Luhansk,2167802,0,0,42,0
2020-05-16,Ukraine,NA,Luhansk,2167802,0,0,42,0
2020-05-17,Ukraine,NA,Luhansk,2167802,0,0,42,0
2020-05-18,Ukraine,NA,Luhansk,2167802,0,0,42,0
2020-05-19,Ukraine,NA,Luhansk,2167802,0,0,42,0
2020-05-20,Ukraine,NA,Luhansk,2167802,0,0,42,0
2020-05-21,Ukraine,NA,Luhansk,2167802,1,0,43,0
2020-05-22,Ukraine,NA,Luhansk,2167802,0,0,43,0
2020-05-23,Ukraine,NA,Luhansk,2167802,0,0,43,0
2020-05-24,Ukraine,NA,Luhansk,2167802,0,0,43,0
2020-05-25,Ukraine,NA,Luhansk,2167802,0,0,43,0
2020-05-26,Ukraine,NA,Luhansk,2167802,1,0,44,0
2020-05-27,Ukraine,NA,Luhansk,2167802,1,0,45,0
2020-05-28,Ukraine,NA,Luhansk,2167802,0,0,45,0
2020-05-29,Ukraine,NA,Luhansk,2167802,1,0,46,0
2020-05-30,Ukraine,NA,Luhansk,2167802,0,0,46,0
2020-05-31,Ukraine,NA,Luhansk,2167802,1,0,47,0
2020-06-01,Ukraine,NA,Luhansk,2167802,0,0,47,0
2020-06-02,Ukraine,NA,Luhansk,2167802,0,0,47,0
2020-06-03,Ukraine,NA,Luhansk,2167802,2,0,49,0
2020-06-04,Ukraine,NA,Luhansk,2167802,2,0,51,0
2020-06-05,Ukraine,NA,Luhansk,2167802,0,0,51,0
2020-06-06,Ukraine,NA,Luhansk,2167802,1,0,52,0
2020-06-07,Ukraine,NA,Luhansk,2167802,2,0,54,0
2020-06-08,Ukraine,NA,Luhansk,2167802,0,0,54,0
2020-06-09,Ukraine,NA,Luhansk,2167802,0,0,54,0
2020-06-10,Ukraine,NA,Luhansk,2167802,0,0,54,0
2020-06-11,Ukraine,NA,Luhansk,2167802,0,0,54,0
2020-06-12,Ukraine,NA,Luhansk,2167802,0,0,54,0
2020-06-13,Ukraine,NA,Luhansk,2167802,2,0,56,0
2020-06-14,Ukraine,NA,Luhansk,2167802,0,0,56,0
2020-06-15,Ukraine,NA,Luhansk,2167802,1,0,57,0
2020-06-16,Ukraine,NA,Luhansk,2167802,3,0,60,0
2020-06-17,Ukraine,NA,Luhansk,2167802,6,0,66,0
2020-06-18,Ukraine,NA,Luhansk,2167802,2,0,68,0
2020-06-19,Ukraine,NA,Luhansk,2167802,3,0,71,0
2020-06-20,Ukraine,NA,Luhansk,2167802,1,0,72,0
2020-06-21,Ukraine,NA,Luhansk,2167802,0,0,72,0
2020-06-22,Ukraine,NA,Luhansk,2167802,0,0,72,0
2020-06-23,Ukraine,NA,Luhansk,2167802,1,0,73,0
2020-06-24,Ukraine,NA,Luhansk,2167802,2,0,75,0
2020-06-25,Ukraine,NA,Luhansk,2167802,0,0,75,0
2020-06-26,Ukraine,NA,Luhansk,2167802,1,0,76,0
2020-06-27,Ukraine,NA,Luhansk,2167802,0,0,76,0
2020-06-28,Ukraine,NA,Luhansk,2167802,4,0,80,0
2020-06-29,Ukraine,NA,Luhansk,2167802,0,0,80,0
2020-06-30,Ukraine,NA,Luhansk,2167802,0,0,80,0
2020-07-01,Ukraine,NA,Luhansk,2167802,0,0,80,0
2020-07-02,Ukraine,NA,Luhansk,2167802,3,0,83,0
2020-07-03,Ukraine,NA,Luhansk,2167802,1,0,84,0
2020-07-04,Ukraine,NA,Luhansk,2167802,0,0,84,0
2020-07-05,Ukraine,NA,Luhansk,2167802,0,0,84,0
2020-07-06,Ukraine,NA,Luhansk,2167802,0,0,84,0
2020-07-07,Ukraine,NA,Luhansk,2167802,1,0,85,0
2020-07-08,Ukraine,NA,Luhansk,2167802,2,0,87,0
2020-07-09,Ukraine,NA,Luhansk,2167802,3,0,90,0
2020-07-10,Ukraine,NA,Luhansk,2167802,0,0,90,0
2020-07-11,Ukraine,NA,Luhansk,2167802,3,0,93,0
2020-07-12,Ukraine,NA,Luhansk,2167802,0,0,93,0
2020-07-13,Ukraine,NA,Luhansk,2167802,0,0,93,0
2020-07-14,Ukraine,NA,Luhansk,2167802,2,1,95,1
2020-07-15,Ukraine,NA,Luhansk,2167802,2,0,97,1
2020-07-16,Ukraine,NA,Luhansk,2167802,1,0,98,1
2020-07-17,Ukraine,NA,Luhansk,2167802,2,0,100,1
2020-07-18,Ukraine,NA,Luhansk,2167802,5,0,105,1
2020-07-19,Ukraine,NA,Luhansk,2167802,1,0,106,1
2020-07-20,Ukraine,NA,Luhansk,2167802,0,0,106,1
2020-07-21,Ukraine,NA,Luhansk,2167802,4,0,110,1
2020-07-22,Ukraine,NA,Luhansk,2167802,0,0,110,1
2020-07-23,Ukraine,NA,Luhansk,2167802,6,0,116,1
2020-07-24,Ukraine,NA,Luhansk,2167802,2,0,118,1
2020-07-25,Ukraine,NA,Luhansk,2167802,1,0,119,1
2020-07-26,Ukraine,NA,Luhansk,2167802,1,0,120,1
2020-07-27,Ukraine,NA,Luhansk,2167802,0,0,120,1
2020-07-28,Ukraine,NA,Luhansk,2167802,1,0,121,1
2020-07-29,Ukraine,NA,Luhansk,2167802,1,0,122,1
2020-07-30,Ukraine,NA,Luhansk,2167802,0,0,122,1
2020-07-31,Ukraine,NA,Luhansk,2167802,4,0,126,1
2020-08-01,Ukraine,NA,Luhansk,2167802,1,0,127,1
2020-08-02,Ukraine,NA,Luhansk,2167802,1,0,128,1
2020-08-03,Ukraine,NA,Luhansk,2167802,0,0,128,1
2020-08-04,Ukraine,NA,Luhansk,2167802,2,0,130,1
2020-08-05,Ukraine,NA,Luhansk,2167802,5,0,135,1
2020-08-06,Ukraine,NA,Luhansk,2167802,0,0,135,1
2020-08-07,Ukraine,NA,Luhansk,2167802,11,0,146,1
2020-08-08,Ukraine,NA,Luhansk,2167802,6,0,152,1
2020-08-09,Ukraine,NA,Luhansk,2167802,1,0,153,1
2020-08-10,Ukraine,NA,Luhansk,2167802,2,0,155,1
2020-08-11,Ukraine,NA,Luhansk,2167802,2,0,157,1
2020-08-12,Ukraine,NA,Luhansk,2167802,3,0,160,1
2020-08-13,Ukraine,NA,Luhansk,2167802,10,0,170,1
2020-08-14,Ukraine,NA,Luhansk,2167802,1,0,171,1
2020-08-15,Ukraine,NA,Luhansk,2167802,7,0,178,1
2020-08-16,Ukraine,NA,Luhansk,2167802,0,0,178,1
2020-08-17,Ukraine,NA,Luhansk,2167802,6,0,184,1
2020-08-18,Ukraine,NA,Luhansk,2167802,1,0,185,1
2020-08-19,Ukraine,NA,Luhansk,2167802,9,0,194,1
2020-08-20,Ukraine,NA,Luhansk,2167802,10,0,204,1
2020-08-21,Ukraine,NA,Luhansk,2167802,9,0,213,1
2020-08-22,Ukraine,NA,Luhansk,2167802,19,0,232,1
2020-08-23,Ukraine,NA,Luhansk,2167802,11,0,243,1
2020-08-24,Ukraine,NA,Luhansk,2167802,1,0,244,1
2020-08-25,Ukraine,NA,Luhansk,2167802,0,0,244,1
2020-08-26,Ukraine,NA,Luhansk,2167802,3,1,247,2
2020-08-27,Ukraine,NA,Luhansk,2167802,17,0,264,2
2020-08-28,Ukraine,NA,Luhansk,2167802,10,0,274,2
2020-08-29,Ukraine,NA,Luhansk,2167802,21,0,295,2
2020-08-30,Ukraine,NA,Luhansk,2167802,17,0,312,2
2020-08-31,Ukraine,NA,Luhansk,2167802,3,0,315,2
2020-09-01,Ukraine,NA,Luhansk,2167802,5,1,320,3
2020-09-02,Ukraine,NA,Luhansk,2167802,26,0,346,3
2020-09-03,Ukraine,NA,Luhansk,2167802,27,0,373,3
2020-09-04,Ukraine,NA,Luhansk,2167802,20,0,393,3
2020-09-05,Ukraine,NA,Luhansk,2167802,22,0,415,3
2020-09-06,Ukraine,NA,Luhansk,2167802,16,0,431,3
2020-09-07,Ukraine,NA,Luhansk,2167802,3,0,434,3
2020-09-08,Ukraine,NA,Luhansk,2167802,14,1,448,4
2020-09-09,Ukraine,NA,Luhansk,2167802,32,0,480,4
2020-09-10,Ukraine,NA,Luhansk,2167802,23,0,503,4
2020-09-11,Ukraine,NA,Luhansk,2167802,29,0,532,4
2020-09-12,Ukraine,NA,Luhansk,2167802,30,0,562,4
2020-09-13,Ukraine,NA,Luhansk,2167802,24,0,586,4
2020-09-14,Ukraine,NA,Luhansk,2167802,14,0,600,4
2020-09-15,Ukraine,NA,Luhansk,2167802,20,0,620,4
2020-04-01,Ukraine,NA,Lviv,2529608,5,0,11,0
2020-04-02,Ukraine,NA,Lviv,2529608,2,0,13,0
2020-04-03,Ukraine,NA,Lviv,2529608,1,0,14,0
2020-04-04,Ukraine,NA,Lviv,2529608,1,0,15,0
2020-04-05,Ukraine,NA,Lviv,2529608,0,0,15,0
2020-04-06,Ukraine,NA,Lviv,2529608,12,0,27,0
2020-04-07,Ukraine,NA,Lviv,2529608,2,0,29,0
2020-04-08,Ukraine,NA,Lviv,2529608,7,1,36,1
2020-04-09,Ukraine,NA,Lviv,2529608,25,1,61,2
2020-04-10,Ukraine,NA,Lviv,2529608,21,1,82,3
2020-04-11,Ukraine,NA,Lviv,2529608,14,1,96,4
2020-04-12,Ukraine,NA,Lviv,2529608,15,1,111,5
2020-04-13,Ukraine,NA,Lviv,2529608,13,0,124,5
2020-04-14,Ukraine,NA,Lviv,2529608,12,0,136,5
2020-04-15,Ukraine,NA,Lviv,2529608,16,1,152,6
2020-04-16,Ukraine,NA,Lviv,2529608,14,0,166,6
2020-04-17,Ukraine,NA,Lviv,2529608,37,2,203,8
2020-04-18,Ukraine,NA,Lviv,2529608,18,0,221,8
2020-04-19,Ukraine,NA,Lviv,2529608,24,0,245,8
2020-04-20,Ukraine,NA,Lviv,2529608,8,2,253,10
2020-04-21,Ukraine,NA,Lviv,2529608,3,0,256,10
2020-04-22,Ukraine,NA,Lviv,2529608,18,0,274,10
2020-04-23,Ukraine,NA,Lviv,2529608,8,2,282,12
2020-04-24,Ukraine,NA,Lviv,2529608,16,0,298,12
2020-04-25,Ukraine,NA,Lviv,2529608,19,0,317,12
2020-04-26,Ukraine,NA,Lviv,2529608,31,0,348,12
2020-04-27,Ukraine,NA,Lviv,2529608,10,0,358,12
2020-04-28,Ukraine,NA,Lviv,2529608,13,1,371,13
2020-04-29,Ukraine,NA,Lviv,2529608,34,0,405,13
2020-04-30,Ukraine,NA,Lviv,2529608,25,1,430,14
2020-05-01,Ukraine,NA,Lviv,2529608,24,0,454,14
2020-05-02,Ukraine,NA,Lviv,2529608,11,0,465,14
2020-05-03,Ukraine,NA,Lviv,2529608,8,1,473,15
2020-05-04,Ukraine,NA,Lviv,2529608,33,0,506,15
2020-05-05,Ukraine,NA,Lviv,2529608,8,1,514,16
2020-05-06,Ukraine,NA,Lviv,2529608,39,0,553,16
2020-05-07,Ukraine,NA,Lviv,2529608,42,1,595,17
2020-05-08,Ukraine,NA,Lviv,2529608,65,1,660,18
2020-05-09,Ukraine,NA,Lviv,2529608,39,0,699,18
2020-05-10,Ukraine,NA,Lviv,2529608,54,1,753,19
2020-05-11,Ukraine,NA,Lviv,2529608,45,1,798,20
2020-05-12,Ukraine,NA,Lviv,2529608,27,2,825,22
2020-05-13,Ukraine,NA,Lviv,2529608,45,0,870,22
2020-05-14,Ukraine,NA,Lviv,2529608,34,0,904,22
2020-05-15,Ukraine,NA,Lviv,2529608,38,1,942,23
2020-05-16,Ukraine,NA,Lviv,2529608,27,4,969,27
2020-05-17,Ukraine,NA,Lviv,2529608,50,0,1019,27
2020-05-18,Ukraine,NA,Lviv,2529608,47,3,1066,30
2020-05-19,Ukraine,NA,Lviv,2529608,32,0,1098,30
2020-05-20,Ukraine,NA,Lviv,2529608,38,1,1136,31
2020-05-21,Ukraine,NA,Lviv,2529608,39,1,1175,32
2020-05-22,Ukraine,NA,Lviv,2529608,65,1,1240,33
2020-05-23,Ukraine,NA,Lviv,2529608,45,0,1285,33
2020-05-24,Ukraine,NA,Lviv,2529608,48,2,1333,35
2020-05-25,Ukraine,NA,Lviv,2529608,27,1,1360,36
2020-05-26,Ukraine,NA,Lviv,2529608,45,6,1405,42
2020-05-27,Ukraine,NA,Lviv,2529608,38,1,1443,43
2020-05-28,Ukraine,NA,Lviv,2529608,70,5,1513,48
2020-05-29,Ukraine,NA,Lviv,2529608,50,1,1563,49
2020-05-30,Ukraine,NA,Lviv,2529608,56,4,1619,53
2020-05-31,Ukraine,NA,Lviv,2529608,50,1,1669,54
2020-06-01,Ukraine,NA,Lviv,2529608,31,1,1700,55
2020-06-02,Ukraine,NA,Lviv,2529608,34,3,1734,58
2020-06-03,Ukraine,NA,Lviv,2529608,96,1,1830,59
2020-06-04,Ukraine,NA,Lviv,2529608,85,3,1915,62
2020-06-05,Ukraine,NA,Lviv,2529608,73,1,1988,63
2020-06-06,Ukraine,NA,Lviv,2529608,65,4,2053,67
2020-06-07,Ukraine,NA,Lviv,2529608,68,2,2121,69
2020-06-08,Ukraine,NA,Lviv,2529608,41,2,2162,71
2020-06-09,Ukraine,NA,Lviv,2529608,49,2,2211,73
2020-06-10,Ukraine,NA,Lviv,2529608,78,4,2289,77
2020-06-11,Ukraine,NA,Lviv,2529608,125,10,2414,87
2020-06-12,Ukraine,NA,Lviv,2529608,112,3,2526,90
2020-06-13,Ukraine,NA,Lviv,2529608,132,2,2658,92
2020-06-14,Ukraine,NA,Lviv,2529608,139,0,2797,92
2020-06-15,Ukraine,NA,Lviv,2529608,136,3,2933,95
2020-06-16,Ukraine,NA,Lviv,2529608,139,1,3072,96
2020-06-17,Ukraine,NA,Lviv,2529608,155,9,3227,105
2020-06-18,Ukraine,NA,Lviv,2529608,171,2,3398,107
2020-06-19,Ukraine,NA,Lviv,2529608,142,4,3540,111
2020-06-20,Ukraine,NA,Lviv,2529608,139,0,3679,111
2020-06-21,Ukraine,NA,Lviv,2529608,101,3,3780,114
2020-06-22,Ukraine,NA,Lviv,2529608,200,0,3980,114
2020-06-23,Ukraine,NA,Lviv,2529608,240,3,4220,117
2020-06-24,Ukraine,NA,Lviv,2529608,203,3,4423,120
2020-06-25,Ukraine,NA,Lviv,2529608,204,3,4627,123
2020-06-26,Ukraine,NA,Lviv,2529608,209,3,4836,126
2020-06-27,Ukraine,NA,Lviv,2529608,168,5,5004,131
2020-06-28,Ukraine,NA,Lviv,2529608,173,6,5177,137
2020-06-29,Ukraine,NA,Lviv,2529608,115,6,5292,143
2020-06-30,Ukraine,NA,Lviv,2529608,143,3,5435,146
2020-07-01,Ukraine,NA,Lviv,2529608,143,0,5578,146
2020-07-02,Ukraine,NA,Lviv,2529608,152,0,5730,146
2020-07-03,Ukraine,NA,Lviv,2529608,153,11,5883,157
2020-07-04,Ukraine,NA,Lviv,2529608,176,2,6059,159
2020-07-05,Ukraine,NA,Lviv,2529608,138,3,6197,162
2020-07-06,Ukraine,NA,Lviv,2529608,104,2,6301,164
2020-07-07,Ukraine,NA,Lviv,2529608,144,0,6445,164
2020-07-08,Ukraine,NA,Lviv,2529608,117,6,6562,170
2020-07-09,Ukraine,NA,Lviv,2529608,119,4,6681,174
2020-07-10,Ukraine,NA,Lviv,2529608,82,4,6763,178
2020-07-11,Ukraine,NA,Lviv,2529608,119,3,6882,181
2020-07-12,Ukraine,NA,Lviv,2529608,121,2,7003,183
2020-07-13,Ukraine,NA,Lviv,2529608,104,3,7107,186
2020-07-14,Ukraine,NA,Lviv,2529608,147,2,7254,188
2020-07-15,Ukraine,NA,Lviv,2529608,171,5,7425,193
2020-07-16,Ukraine,NA,Lviv,2529608,197,6,7622,199
2020-07-17,Ukraine,NA,Lviv,2529608,132,4,7754,203
2020-07-18,Ukraine,NA,Lviv,2529608,137,4,7891,207
2020-07-19,Ukraine,NA,Lviv,2529608,109,1,8000,208
2020-07-20,Ukraine,NA,Lviv,2529608,115,1,8115,209
2020-07-21,Ukraine,NA,Lviv,2529608,114,3,8229,212
2020-07-22,Ukraine,NA,Lviv,2529608,124,0,8353,212
2020-07-23,Ukraine,NA,Lviv,2529608,109,4,8462,216
2020-07-24,Ukraine,NA,Lviv,2529608,126,5,8588,221
2020-07-25,Ukraine,NA,Lviv,2529608,114,6,8702,227
2020-07-26,Ukraine,NA,Lviv,2529608,130,6,8832,233
2020-07-27,Ukraine,NA,Lviv,2529608,120,5,8952,238
2020-07-28,Ukraine,NA,Lviv,2529608,147,7,9099,245
2020-07-29,Ukraine,NA,Lviv,2529608,149,4,9248,249
2020-07-30,Ukraine,NA,Lviv,2529608,131,6,9379,255
2020-07-31,Ukraine,NA,Lviv,2529608,147,5,9526,260
2020-08-01,Ukraine,NA,Lviv,2529608,145,0,9671,260
2020-08-02,Ukraine,NA,Lviv,2529608,112,5,9783,265
2020-08-03,Ukraine,NA,Lviv,2529608,138,2,9921,267
2020-08-04,Ukraine,NA,Lviv,2529608,146,6,10067,273
2020-08-05,Ukraine,NA,Lviv,2529608,156,2,10223,275
2020-08-06,Ukraine,NA,Lviv,2529608,197,8,10420,283
2020-08-07,Ukraine,NA,Lviv,2529608,152,11,10572,294
2020-08-08,Ukraine,NA,Lviv,2529608,154,5,10726,299
2020-08-09,Ukraine,NA,Lviv,2529608,125,3,10851,302
2020-08-10,Ukraine,NA,Lviv,2529608,130,3,10981,305
2020-08-11,Ukraine,NA,Lviv,2529608,161,4,11142,309
2020-08-12,Ukraine,NA,Lviv,2529608,166,1,11308,310
2020-08-13,Ukraine,NA,Lviv,2529608,166,4,11474,314
2020-08-14,Ukraine,NA,Lviv,2529608,184,4,11658,318
2020-08-15,Ukraine,NA,Lviv,2529608,166,6,11824,324
2020-08-16,Ukraine,NA,Lviv,2529608,127,4,11951,328
2020-08-17,Ukraine,NA,Lviv,2529608,128,6,12079,334
2020-08-18,Ukraine,NA,Lviv,2529608,181,3,12260,337
2020-08-19,Ukraine,NA,Lviv,2529608,188,1,12448,338
2020-08-20,Ukraine,NA,Lviv,2529608,183,6,12631,344
2020-08-21,Ukraine,NA,Lviv,2529608,162,3,12793,347
2020-08-22,Ukraine,NA,Lviv,2529608,172,3,12965,350
2020-08-23,Ukraine,NA,Lviv,2529608,146,4,13111,354
2020-08-24,Ukraine,NA,Lviv,2529608,142,4,13253,358
2020-08-25,Ukraine,NA,Lviv,2529608,136,6,13389,364
2020-08-26,Ukraine,NA,Lviv,2529608,171,3,13560,367
2020-08-27,Ukraine,NA,Lviv,2529608,203,7,13763,374
2020-08-28,Ukraine,NA,Lviv,2529608,215,7,13978,381
2020-08-29,Ukraine,NA,Lviv,2529608,190,5,14168,386
2020-08-30,Ukraine,NA,Lviv,2529608,188,3,14356,389
2020-08-31,Ukraine,NA,Lviv,2529608,154,5,14510,394
2020-09-01,Ukraine,NA,Lviv,2529608,193,8,14703,402
2020-09-02,Ukraine,NA,Lviv,2529608,204,10,14907,412
2020-09-03,Ukraine,NA,Lviv,2529608,209,11,15116,423
2020-09-04,Ukraine,NA,Lviv,2529608,196,11,15312,434
2020-09-05,Ukraine,NA,Lviv,2529608,195,6,15507,440
2020-09-06,Ukraine,NA,Lviv,2529608,188,2,15695,442
2020-09-07,Ukraine,NA,Lviv,2529608,186,5,15881,447
2020-09-08,Ukraine,NA,Lviv,2529608,192,5,16073,452
2020-09-09,Ukraine,NA,Lviv,2529608,196,2,16269,454
2020-09-10,Ukraine,NA,Lviv,2529608,183,1,16452,455
2020-09-11,Ukraine,NA,Lviv,2529608,174,7,16626,462
2020-09-12,Ukraine,NA,Lviv,2529608,148,6,16774,468
2020-09-13,Ukraine,NA,Lviv,2529608,140,4,16914,472
2020-09-14,Ukraine,NA,Lviv,2529608,143,2,17057,474
2020-09-15,Ukraine,NA,Lviv,2529608,186,4,17243,478
2020-04-15,Ukraine,NA,Mykolaiv,1141324,9,0,14,0
2020-04-16,Ukraine,NA,Mykolaiv,1141324,8,0,22,0
2020-04-17,Ukraine,NA,Mykolaiv,1141324,0,0,22,0
2020-04-18,Ukraine,NA,Mykolaiv,1141324,9,0,31,0
2020-04-19,Ukraine,NA,Mykolaiv,1141324,6,0,37,0
2020-04-20,Ukraine,NA,Mykolaiv,1141324,0,0,37,0
2020-04-21,Ukraine,NA,Mykolaiv,1141324,4,0,41,0
2020-04-22,Ukraine,NA,Mykolaiv,1141324,41,1,82,1
2020-04-23,Ukraine,NA,Mykolaiv,1141324,17,0,99,1
2020-04-24,Ukraine,NA,Mykolaiv,1141324,4,0,103,1
2020-04-25,Ukraine,NA,Mykolaiv,1141324,0,0,103,1
2020-04-26,Ukraine,NA,Mykolaiv,1141324,8,0,111,1
2020-04-27,Ukraine,NA,Mykolaiv,1141324,4,1,115,2
2020-04-28,Ukraine,NA,Mykolaiv,1141324,1,0,116,2
2020-04-29,Ukraine,NA,Mykolaiv,1141324,0,0,116,2
2020-04-30,Ukraine,NA,Mykolaiv,1141324,10,0,126,2
2020-05-01,Ukraine,NA,Mykolaiv,1141324,0,0,126,2
2020-05-02,Ukraine,NA,Mykolaiv,1141324,14,1,140,3
2020-05-03,Ukraine,NA,Mykolaiv,1141324,9,0,149,3
2020-05-04,Ukraine,NA,Mykolaiv,1141324,12,0,161,3
2020-05-05,Ukraine,NA,Mykolaiv,1141324,2,1,163,4
2020-05-06,Ukraine,NA,Mykolaiv,1141324,2,1,165,5
2020-05-07,Ukraine,NA,Mykolaiv,1141324,6,0,171,5
2020-05-08,Ukraine,NA,Mykolaiv,1141324,8,0,179,5
2020-05-09,Ukraine,NA,Mykolaiv,1141324,25,0,204,5
2020-05-10,Ukraine,NA,Mykolaiv,1141324,17,0,221,5
2020-05-11,Ukraine,NA,Mykolaiv,1141324,2,0,223,5
2020-05-12,Ukraine,NA,Mykolaiv,1141324,2,0,225,5
2020-05-13,Ukraine,NA,Mykolaiv,1141324,0,0,225,5
2020-05-14,Ukraine,NA,Mykolaiv,1141324,3,0,228,5
2020-05-15,Ukraine,NA,Mykolaiv,1141324,0,0,228,5
2020-05-16,Ukraine,NA,Mykolaiv,1141324,8,1,236,6
2020-05-17,Ukraine,NA,Mykolaiv,1141324,2,0,238,6
2020-05-18,Ukraine,NA,Mykolaiv,1141324,24,0,262,6
2020-05-19,Ukraine,NA,Mykolaiv,1141324,1,0,263,6
2020-05-20,Ukraine,NA,Mykolaiv,1141324,1,0,264,6
2020-05-21,Ukraine,NA,Mykolaiv,1141324,10,1,274,7
2020-05-22,Ukraine,NA,Mykolaiv,1141324,3,0,277,7
2020-05-23,Ukraine,NA,Mykolaiv,1141324,3,0,280,7
2020-05-24,Ukraine,NA,Mykolaiv,1141324,0,0,280,7
2020-05-25,Ukraine,NA,Mykolaiv,1141324,1,0,281,7
2020-05-26,Ukraine,NA,Mykolaiv,1141324,0,0,281,7
2020-05-27,Ukraine,NA,Mykolaiv,1141324,0,0,281,7
2020-05-28,Ukraine,NA,Mykolaiv,1141324,1,0,282,7
2020-05-29,Ukraine,NA,Mykolaiv,1141324,2,0,284,7
2020-05-30,Ukraine,NA,Mykolaiv,1141324,4,0,288,7
2020-05-31,Ukraine,NA,Mykolaiv,1141324,5,0,293,7
2020-06-01,Ukraine,NA,Mykolaiv,1141324,1,0,294,7
2020-06-02,Ukraine,NA,Mykolaiv,1141324,0,0,294,7
2020-06-03,Ukraine,NA,Mykolaiv,1141324,1,0,295,7
2020-06-04,Ukraine,NA,Mykolaiv,1141324,0,0,295,7
2020-06-05,Ukraine,NA,Mykolaiv,1141324,12,0,307,7
2020-06-06,Ukraine,NA,Mykolaiv,1141324,0,0,307,7
2020-06-07,Ukraine,NA,Mykolaiv,1141324,2,0,309,7
2020-06-08,Ukraine,NA,Mykolaiv,1141324,0,0,309,7
2020-06-09,Ukraine,NA,Mykolaiv,1141324,0,0,309,7
2020-06-10,Ukraine,NA,Mykolaiv,1141324,0,0,309,7
2020-06-11,Ukraine,NA,Mykolaiv,1141324,2,0,311,7
2020-06-12,Ukraine,NA,Mykolaiv,1141324,5,0,316,7
2020-06-13,Ukraine,NA,Mykolaiv,1141324,4,0,320,7
2020-06-14,Ukraine,NA,Mykolaiv,1141324,1,0,321,7
2020-06-15,Ukraine,NA,Mykolaiv,1141324,0,0,321,7
2020-06-16,Ukraine,NA,Mykolaiv,1141324,0,0,321,7
2020-06-17,Ukraine,NA,Mykolaiv,1141324,2,0,323,7
2020-06-18,Ukraine,NA,Mykolaiv,1141324,0,0,323,7
2020-06-19,Ukraine,NA,Mykolaiv,1141324,15,0,338,7
2020-06-20,Ukraine,NA,Mykolaiv,1141324,11,0,349,7
2020-06-21,Ukraine,NA,Mykolaiv,1141324,9,0,358,7
2020-06-22,Ukraine,NA,Mykolaiv,1141324,8,0,366,7
2020-06-23,Ukraine,NA,Mykolaiv,1141324,0,2,366,9
2020-06-24,Ukraine,NA,Mykolaiv,1141324,2,0,368,9
2020-06-25,Ukraine,NA,Mykolaiv,1141324,9,0,377,9
2020-06-26,Ukraine,NA,Mykolaiv,1141324,7,0,384,9
2020-06-27,Ukraine,NA,Mykolaiv,1141324,8,0,392,9
2020-06-28,Ukraine,NA,Mykolaiv,1141324,44,1,436,10
2020-06-29,Ukraine,NA,Mykolaiv,1141324,6,0,442,10
2020-06-30,Ukraine,NA,Mykolaiv,1141324,2,0,444,10
2020-07-01,Ukraine,NA,Mykolaiv,1141324,3,0,447,10
2020-07-02,Ukraine,NA,Mykolaiv,1141324,0,0,447,10
2020-07-03,Ukraine,NA,Mykolaiv,1141324,3,0,450,10
2020-07-04,Ukraine,NA,Mykolaiv,1141324,5,0,455,10
2020-07-05,Ukraine,NA,Mykolaiv,1141324,3,0,458,10
2020-07-06,Ukraine,NA,Mykolaiv,1141324,3,1,461,11
2020-07-07,Ukraine,NA,Mykolaiv,1141324,0,0,461,11
2020-07-08,Ukraine,NA,Mykolaiv,1141324,2,0,463,11
2020-07-09,Ukraine,NA,Mykolaiv,1141324,2,0,465,11
2020-07-10,Ukraine,NA,Mykolaiv,1141324,2,0,467,11
2020-07-11,Ukraine,NA,Mykolaiv,1141324,10,0,477,11
2020-07-12,Ukraine,NA,Mykolaiv,1141324,4,0,481,11
2020-07-13,Ukraine,NA,Mykolaiv,1141324,1,0,482,11
2020-07-14,Ukraine,NA,Mykolaiv,1141324,5,1,487,12
2020-07-15,Ukraine,NA,Mykolaiv,1141324,7,0,494,12
2020-07-16,Ukraine,NA,Mykolaiv,1141324,4,0,498,12
2020-07-17,Ukraine,NA,Mykolaiv,1141324,6,0,504,12
2020-07-18,Ukraine,NA,Mykolaiv,1141324,6,0,510,12
2020-07-19,Ukraine,NA,Mykolaiv,1141324,3,0,513,12
2020-07-20,Ukraine,NA,Mykolaiv,1141324,9,0,522,12
2020-07-21,Ukraine,NA,Mykolaiv,1141324,2,0,524,12
2020-07-22,Ukraine,NA,Mykolaiv,1141324,3,0,527,12
2020-07-23,Ukraine,NA,Mykolaiv,1141324,3,0,530,12
2020-07-24,Ukraine,NA,Mykolaiv,1141324,6,0,536,12
2020-07-25,Ukraine,NA,Mykolaiv,1141324,3,0,539,12
2020-07-26,Ukraine,NA,Mykolaiv,1141324,7,1,546,13
2020-07-27,Ukraine,NA,Mykolaiv,1141324,13,0,559,13
2020-07-28,Ukraine,NA,Mykolaiv,1141324,3,0,562,13
2020-07-29,Ukraine,NA,Mykolaiv,1141324,1,1,563,14
2020-07-30,Ukraine,NA,Mykolaiv,1141324,15,0,578,14
2020-07-31,Ukraine,NA,Mykolaiv,1141324,12,0,590,14
2020-08-01,Ukraine,NA,Mykolaiv,1141324,12,0,602,14
2020-08-02,Ukraine,NA,Mykolaiv,1141324,19,0,621,14
2020-08-03,Ukraine,NA,Mykolaiv,1141324,21,0,642,14
2020-08-04,Ukraine,NA,Mykolaiv,1141324,6,0,648,14
2020-08-05,Ukraine,NA,Mykolaiv,1141324,10,0,658,14
2020-08-06,Ukraine,NA,Mykolaiv,1141324,8,0,666,14
2020-08-07,Ukraine,NA,Mykolaiv,1141324,16,1,682,15
2020-08-08,Ukraine,NA,Mykolaiv,1141324,14,0,696,15
2020-08-09,Ukraine,NA,Mykolaiv,1141324,9,1,705,16
2020-08-10,Ukraine,NA,Mykolaiv,1141324,11,1,716,17
2020-08-11,Ukraine,NA,Mykolaiv,1141324,13,1,729,18
2020-08-12,Ukraine,NA,Mykolaiv,1141324,15,0,744,18
2020-08-13,Ukraine,NA,Mykolaiv,1141324,11,0,755,18
2020-08-14,Ukraine,NA,Mykolaiv,1141324,15,0,770,18
2020-08-15,Ukraine,NA,Mykolaiv,1141324,27,0,797,18
2020-08-16,Ukraine,NA,Mykolaiv,1141324,11,0,808,18
2020-08-17,Ukraine,NA,Mykolaiv,1141324,11,0,819,18
2020-08-18,Ukraine,NA,Mykolaiv,1141324,13,0,832,18
2020-08-19,Ukraine,NA,Mykolaiv,1141324,25,0,857,18
2020-08-20,Ukraine,NA,Mykolaiv,1141324,36,0,893,18
2020-08-21,Ukraine,NA,Mykolaiv,1141324,19,0,912,18
2020-08-22,Ukraine,NA,Mykolaiv,1141324,26,0,938,18
2020-08-23,Ukraine,NA,Mykolaiv,1141324,43,0,981,18
2020-08-24,Ukraine,NA,Mykolaiv,1141324,16,1,997,19
2020-08-25,Ukraine,NA,Mykolaiv,1141324,7,0,1004,19
2020-08-26,Ukraine,NA,Mykolaiv,1141324,19,2,1023,21
2020-08-27,Ukraine,NA,Mykolaiv,1141324,17,1,1040,22
2020-08-28,Ukraine,NA,Mykolaiv,1141324,37,1,1077,23
2020-08-29,Ukraine,NA,Mykolaiv,1141324,41,2,1118,25
2020-08-30,Ukraine,NA,Mykolaiv,1141324,51,1,1169,26
2020-08-31,Ukraine,NA,Mykolaiv,1141324,83,2,1252,28
2020-09-01,Ukraine,NA,Mykolaiv,1141324,32,1,1284,29
2020-09-02,Ukraine,NA,Mykolaiv,1141324,36,2,1320,31
2020-09-03,Ukraine,NA,Mykolaiv,1141324,52,3,1372,34
2020-09-04,Ukraine,NA,Mykolaiv,1141324,74,0,1446,34
2020-09-05,Ukraine,NA,Mykolaiv,1141324,58,2,1504,36
2020-09-06,Ukraine,NA,Mykolaiv,1141324,77,1,1581,37
2020-09-07,Ukraine,NA,Mykolaiv,1141324,84,2,1665,39
2020-09-08,Ukraine,NA,Mykolaiv,1141324,25,1,1690,40
2020-09-09,Ukraine,NA,Mykolaiv,1141324,24,0,1714,40
2020-09-10,Ukraine,NA,Mykolaiv,1141324,52,3,1766,43
2020-09-11,Ukraine,NA,Mykolaiv,1141324,85,2,1851,45
2020-09-12,Ukraine,NA,Mykolaiv,1141324,78,0,1929,45
2020-09-13,Ukraine,NA,Mykolaiv,1141324,24,0,1953,45
2020-09-14,Ukraine,NA,Mykolaiv,1141324,98,3,2051,48
2020-09-15,Ukraine,NA,Mykolaiv,1141324,63,3,2114,51
2020-03-31,Ukraine,NA,Odessa,2383075,4,0,12,0
2020-04-01,Ukraine,NA,Odessa,2383075,2,0,14,0
2020-04-02,Ukraine,NA,Odessa,2383075,4,0,18,0
2020-04-03,Ukraine,NA,Odessa,2383075,8,0,26,0
2020-04-04,Ukraine,NA,Odessa,2383075,0,0,26,0
2020-04-05,Ukraine,NA,Odessa,2383075,0,0,26,0
2020-04-06,Ukraine,NA,Odessa,2383075,1,0,27,0
2020-04-07,Ukraine,NA,Odessa,2383075,3,0,30,0
2020-04-08,Ukraine,NA,Odessa,2383075,2,0,32,0
2020-04-09,Ukraine,NA,Odessa,2383075,11,0,43,0
2020-04-10,Ukraine,NA,Odessa,2383075,3,0,46,0
2020-04-11,Ukraine,NA,Odessa,2383075,5,0,51,0
2020-04-12,Ukraine,NA,Odessa,2383075,12,0,63,0
2020-04-13,Ukraine,NA,Odessa,2383075,6,1,69,1
2020-04-14,Ukraine,NA,Odessa,2383075,0,0,69,1
2020-04-15,Ukraine,NA,Odessa,2383075,1,0,70,1
2020-04-16,Ukraine,NA,Odessa,2383075,3,0,73,1
2020-04-17,Ukraine,NA,Odessa,2383075,20,0,93,1
2020-04-18,Ukraine,NA,Odessa,2383075,13,0,106,1
2020-04-19,Ukraine,NA,Odessa,2383075,6,0,112,1
2020-04-20,Ukraine,NA,Odessa,2383075,25,0,137,1
2020-04-21,Ukraine,NA,Odessa,2383075,9,0,146,1
2020-04-22,Ukraine,NA,Odessa,2383075,2,1,148,2
2020-04-23,Ukraine,NA,Odessa,2383075,13,0,161,2
2020-04-24,Ukraine,NA,Odessa,2383075,8,1,169,3
2020-04-25,Ukraine,NA,Odessa,2383075,14,0,183,3
2020-04-26,Ukraine,NA,Odessa,2383075,37,0,220,3
2020-04-27,Ukraine,NA,Odessa,2383075,20,0,240,3
2020-04-28,Ukraine,NA,Odessa,2383075,8,0,248,3
2020-04-29,Ukraine,NA,Odessa,2383075,13,0,261,3
2020-04-30,Ukraine,NA,Odessa,2383075,16,0,277,3
2020-05-01,Ukraine,NA,Odessa,2383075,19,0,296,3
2020-05-02,Ukraine,NA,Odessa,2383075,33,0,329,3
2020-05-03,Ukraine,NA,Odessa,2383075,80,0,409,3
2020-05-04,Ukraine,NA,Odessa,2383075,18,0,427,3
2020-05-05,Ukraine,NA,Odessa,2383075,42,0,469,3
2020-05-06,Ukraine,NA,Odessa,2383075,36,0,505,3
2020-05-07,Ukraine,NA,Odessa,2383075,63,1,568,4
2020-05-08,Ukraine,NA,Odessa,2383075,15,1,583,5
2020-05-09,Ukraine,NA,Odessa,2383075,36,0,619,5
2020-05-10,Ukraine,NA,Odessa,2383075,17,0,636,5
2020-05-11,Ukraine,NA,Odessa,2383075,10,0,646,5
2020-05-12,Ukraine,NA,Odessa,2383075,7,1,653,6
2020-05-13,Ukraine,NA,Odessa,2383075,27,0,680,6
2020-05-14,Ukraine,NA,Odessa,2383075,13,1,693,7
2020-05-15,Ukraine,NA,Odessa,2383075,19,0,712,7
2020-05-16,Ukraine,NA,Odessa,2383075,22,1,734,8
2020-05-17,Ukraine,NA,Odessa,2383075,12,0,746,8
2020-05-18,Ukraine,NA,Odessa,2383075,18,2,764,10
2020-05-19,Ukraine,NA,Odessa,2383075,20,3,784,13
2020-05-20,Ukraine,NA,Odessa,2383075,8,0,792,13
2020-05-21,Ukraine,NA,Odessa,2383075,14,1,806,14
2020-05-22,Ukraine,NA,Odessa,2383075,8,0,814,14
2020-05-23,Ukraine,NA,Odessa,2383075,7,0,821,14
2020-05-24,Ukraine,NA,Odessa,2383075,6,0,827,14
2020-05-25,Ukraine,NA,Odessa,2383075,5,0,832,14
2020-05-26,Ukraine,NA,Odessa,2383075,10,0,842,14
2020-05-27,Ukraine,NA,Odessa,2383075,11,0,853,14
2020-05-28,Ukraine,NA,Odessa,2383075,8,0,861,14
2020-05-29,Ukraine,NA,Odessa,2383075,17,1,878,15
2020-05-30,Ukraine,NA,Odessa,2383075,5,0,883,15
2020-05-31,Ukraine,NA,Odessa,2383075,5,1,888,16
2020-06-01,Ukraine,NA,Odessa,2383075,8,1,896,17
2020-06-02,Ukraine,NA,Odessa,2383075,0,0,896,17
2020-06-03,Ukraine,NA,Odessa,2383075,17,0,913,17
2020-06-04,Ukraine,NA,Odessa,2383075,20,1,933,18
2020-06-05,Ukraine,NA,Odessa,2383075,37,0,970,18
2020-06-06,Ukraine,NA,Odessa,2383075,16,0,986,18
2020-06-07,Ukraine,NA,Odessa,2383075,10,0,996,18
2020-06-08,Ukraine,NA,Odessa,2383075,6,0,1002,18
2020-06-09,Ukraine,NA,Odessa,2383075,8,0,1010,18
2020-06-10,Ukraine,NA,Odessa,2383075,18,0,1028,18
2020-06-11,Ukraine,NA,Odessa,2383075,17,0,1045,18
2020-06-12,Ukraine,NA,Odessa,2383075,20,0,1065,18
2020-06-13,Ukraine,NA,Odessa,2383075,16,0,1081,18
2020-06-14,Ukraine,NA,Odessa,2383075,18,0,1099,18
2020-06-15,Ukraine,NA,Odessa,2383075,18,0,1117,18
2020-06-16,Ukraine,NA,Odessa,2383075,16,0,1133,18
2020-06-17,Ukraine,NA,Odessa,2383075,25,1,1158,19
2020-06-18,Ukraine,NA,Odessa,2383075,30,0,1188,19
2020-06-19,Ukraine,NA,Odessa,2383075,12,0,1200,19
2020-06-20,Ukraine,NA,Odessa,2383075,32,0,1232,19
2020-06-21,Ukraine,NA,Odessa,2383075,34,0,1266,19
2020-06-22,Ukraine,NA,Odessa,2383075,38,2,1304,21
2020-06-23,Ukraine,NA,Odessa,2383075,29,0,1333,21
2020-06-24,Ukraine,NA,Odessa,2383075,37,0,1370,21
2020-06-25,Ukraine,NA,Odessa,2383075,95,0,1465,21
2020-06-26,Ukraine,NA,Odessa,2383075,64,0,1529,21
2020-06-27,Ukraine,NA,Odessa,2383075,38,0,1567,21
2020-06-28,Ukraine,NA,Odessa,2383075,34,0,1601,21
2020-06-29,Ukraine,NA,Odessa,2383075,31,0,1632,21
2020-06-30,Ukraine,NA,Odessa,2383075,66,2,1698,23
2020-07-01,Ukraine,NA,Odessa,2383075,14,1,1712,24
2020-07-02,Ukraine,NA,Odessa,2383075,24,0,1736,24
2020-07-03,Ukraine,NA,Odessa,2383075,56,0,1792,24
2020-07-04,Ukraine,NA,Odessa,2383075,43,0,1835,24
2020-07-05,Ukraine,NA,Odessa,2383075,30,1,1865,25
2020-07-06,Ukraine,NA,Odessa,2383075,18,0,1883,25
2020-07-07,Ukraine,NA,Odessa,2383075,36,0,1919,25
2020-07-08,Ukraine,NA,Odessa,2383075,65,0,1984,25
2020-07-09,Ukraine,NA,Odessa,2383075,68,1,2052,26
2020-07-10,Ukraine,NA,Odessa,2383075,56,1,2108,27
2020-07-11,Ukraine,NA,Odessa,2383075,33,0,2141,27
2020-07-12,Ukraine,NA,Odessa,2383075,33,0,2174,27
2020-07-13,Ukraine,NA,Odessa,2383075,34,3,2208,30
2020-07-14,Ukraine,NA,Odessa,2383075,50,0,2258,30
2020-07-15,Ukraine,NA,Odessa,2383075,56,0,2314,30
2020-07-16,Ukraine,NA,Odessa,2383075,61,2,2375,32
2020-07-17,Ukraine,NA,Odessa,2383075,60,0,2435,32
2020-07-18,Ukraine,NA,Odessa,2383075,57,3,2492,35
2020-07-19,Ukraine,NA,Odessa,2383075,40,0,2532,35
2020-07-20,Ukraine,NA,Odessa,2383075,41,2,2573,37
2020-07-21,Ukraine,NA,Odessa,2383075,65,0,2638,37
2020-07-22,Ukraine,NA,Odessa,2383075,22,1,2660,38
2020-07-23,Ukraine,NA,Odessa,2383075,31,1,2691,39
2020-07-24,Ukraine,NA,Odessa,2383075,58,1,2749,40
2020-07-25,Ukraine,NA,Odessa,2383075,97,2,2846,42
2020-07-26,Ukraine,NA,Odessa,2383075,61,0,2907,42
2020-07-27,Ukraine,NA,Odessa,2383075,53,2,2960,44
2020-07-28,Ukraine,NA,Odessa,2383075,71,0,3031,44
2020-07-29,Ukraine,NA,Odessa,2383075,73,0,3104,44
2020-07-30,Ukraine,NA,Odessa,2383075,46,0,3150,44
2020-07-31,Ukraine,NA,Odessa,2383075,64,1,3214,45
2020-08-01,Ukraine,NA,Odessa,2383075,101,2,3315,47
2020-08-02,Ukraine,NA,Odessa,2383075,99,1,3414,48
2020-08-03,Ukraine,NA,Odessa,2383075,68,0,3482,48
2020-08-04,Ukraine,NA,Odessa,2383075,63,1,3545,49
2020-08-05,Ukraine,NA,Odessa,2383075,93,5,3638,54
2020-08-06,Ukraine,NA,Odessa,2383075,110,8,3748,62
2020-08-07,Ukraine,NA,Odessa,2383075,156,3,3904,65
2020-08-08,Ukraine,NA,Odessa,2383075,165,1,4069,66
2020-08-09,Ukraine,NA,Odessa,2383075,96,1,4165,67
2020-08-10,Ukraine,NA,Odessa,2383075,65,4,4230,71
2020-08-11,Ukraine,NA,Odessa,2383075,134,2,4364,73
2020-08-12,Ukraine,NA,Odessa,2383075,94,0,4458,73
2020-08-13,Ukraine,NA,Odessa,2383075,114,1,4572,74
2020-08-14,Ukraine,NA,Odessa,2383075,160,0,4732,74
2020-08-15,Ukraine,NA,Odessa,2383075,139,5,4871,79
2020-08-16,Ukraine,NA,Odessa,2383075,93,1,4964,80
2020-08-17,Ukraine,NA,Odessa,2383075,98,0,5062,80
2020-08-18,Ukraine,NA,Odessa,2383075,96,1,5158,81
2020-08-19,Ukraine,NA,Odessa,2383075,123,1,5281,82
2020-08-20,Ukraine,NA,Odessa,2383075,127,0,5408,82
2020-08-21,Ukraine,NA,Odessa,2383075,170,3,5578,85
2020-08-22,Ukraine,NA,Odessa,2383075,210,1,5788,86
2020-08-23,Ukraine,NA,Odessa,2383075,121,2,5909,88
2020-08-24,Ukraine,NA,Odessa,2383075,145,0,6054,88
2020-08-25,Ukraine,NA,Odessa,2383075,112,0,6166,88
2020-08-26,Ukraine,NA,Odessa,2383075,186,2,6352,90
2020-08-27,Ukraine,NA,Odessa,2383075,185,3,6537,93
2020-08-28,Ukraine,NA,Odessa,2383075,214,6,6751,99
2020-08-29,Ukraine,NA,Odessa,2383075,170,3,6921,102
2020-08-30,Ukraine,NA,Odessa,2383075,173,0,7094,102
2020-08-31,Ukraine,NA,Odessa,2383075,189,0,7283,102
2020-09-01,Ukraine,NA,Odessa,2383075,211,6,7494,108
2020-09-02,Ukraine,NA,Odessa,2383075,203,2,7697,110
2020-09-03,Ukraine,NA,Odessa,2383075,116,3,7813,113
2020-09-04,Ukraine,NA,Odessa,2383075,225,5,8038,118
2020-09-05,Ukraine,NA,Odessa,2383075,222,4,8260,122
2020-09-06,Ukraine,NA,Odessa,2383075,120,1,8380,123
2020-09-07,Ukraine,NA,Odessa,2383075,145,1,8525,124
2020-09-08,Ukraine,NA,Odessa,2383075,196,11,8721,135
2020-09-09,Ukraine,NA,Odessa,2383075,106,1,8827,136
2020-09-10,Ukraine,NA,Odessa,2383075,47,2,8874,138
2020-09-11,Ukraine,NA,Odessa,2383075,283,4,9157,142
2020-09-12,Ukraine,NA,Odessa,2383075,225,7,9382,149
2020-09-13,Ukraine,NA,Odessa,2383075,100,0,9482,149
2020-09-14,Ukraine,NA,Odessa,2383075,205,0,9687,149
2020-09-15,Ukraine,NA,Odessa,2383075,306,3,9993,152
2020-04-06,Ukraine,NA,Poltava,1413829,2,0,11,0
2020-04-07,Ukraine,NA,Poltava,1413829,1,0,12,0
2020-04-08,Ukraine,NA,Poltava,1413829,5,0,17,0
2020-04-09,Ukraine,NA,Poltava,1413829,2,0,19,0
2020-04-10,Ukraine,NA,Poltava,1413829,1,0,20,0
2020-04-11,Ukraine,NA,Poltava,1413829,4,0,24,0
2020-04-12,Ukraine,NA,Poltava,1413829,1,0,25,0
2020-04-13,Ukraine,NA,Poltava,1413829,0,0,25,0
2020-04-14,Ukraine,NA,Poltava,1413829,1,0,26,0
2020-04-15,Ukraine,NA,Poltava,1413829,1,0,27,0
2020-04-16,Ukraine,NA,Poltava,1413829,0,1,27,1
2020-04-17,Ukraine,NA,Poltava,1413829,14,0,41,1
2020-04-18,Ukraine,NA,Poltava,1413829,8,0,49,1
2020-04-19,Ukraine,NA,Poltava,1413829,12,0,61,1
2020-04-20,Ukraine,NA,Poltava,1413829,2,0,63,1
2020-04-21,Ukraine,NA,Poltava,1413829,38,0,101,1
2020-04-22,Ukraine,NA,Poltava,1413829,15,0,116,1
2020-04-23,Ukraine,NA,Poltava,1413829,45,2,161,3
2020-04-24,Ukraine,NA,Poltava,1413829,0,0,161,3
2020-04-25,Ukraine,NA,Poltava,1413829,8,0,169,3
2020-04-26,Ukraine,NA,Poltava,1413829,3,0,172,3
2020-04-27,Ukraine,NA,Poltava,1413829,1,0,173,3
2020-04-28,Ukraine,NA,Poltava,1413829,7,0,180,3
2020-04-29,Ukraine,NA,Poltava,1413829,8,3,188,6
2020-04-30,Ukraine,NA,Poltava,1413829,15,0,203,6
2020-05-01,Ukraine,NA,Poltava,1413829,8,1,211,7
2020-05-02,Ukraine,NA,Poltava,1413829,1,0,212,7
2020-05-03,Ukraine,NA,Poltava,1413829,10,0,222,7
2020-05-04,Ukraine,NA,Poltava,1413829,5,1,227,8
2020-05-05,Ukraine,NA,Poltava,1413829,4,0,231,8
2020-05-06,Ukraine,NA,Poltava,1413829,1,0,232,8
2020-05-07,Ukraine,NA,Poltava,1413829,4,0,236,8
2020-05-08,Ukraine,NA,Poltava,1413829,3,0,239,8
2020-05-09,Ukraine,NA,Poltava,1413829,1,0,240,8
2020-05-10,Ukraine,NA,Poltava,1413829,6,0,246,8
2020-05-11,Ukraine,NA,Poltava,1413829,1,0,247,8
2020-05-12,Ukraine,NA,Poltava,1413829,1,0,248,8
2020-05-13,Ukraine,NA,Poltava,1413829,9,0,257,8
2020-05-14,Ukraine,NA,Poltava,1413829,0,0,257,8
2020-05-15,Ukraine,NA,Poltava,1413829,0,0,257,8
2020-05-16,Ukraine,NA,Poltava,1413829,6,1,263,9
2020-05-17,Ukraine,NA,Poltava,1413829,1,0,264,9
2020-05-18,Ukraine,NA,Poltava,1413829,0,0,264,9
2020-05-19,Ukraine,NA,Poltava,1413829,0,1,264,10
2020-05-20,Ukraine,NA,Poltava,1413829,1,0,265,10
2020-05-21,Ukraine,NA,Poltava,1413829,1,0,266,10
2020-05-22,Ukraine,NA,Poltava,1413829,0,0,266,10
2020-05-23,Ukraine,NA,Poltava,1413829,0,1,266,11
2020-05-24,Ukraine,NA,Poltava,1413829,0,0,266,11
2020-05-25,Ukraine,NA,Poltava,1413829,0,0,266,11
2020-05-26,Ukraine,NA,Poltava,1413829,1,1,267,12
2020-05-27,Ukraine,NA,Poltava,1413829,0,1,267,13
2020-05-28,Ukraine,NA,Poltava,1413829,1,0,268,13
2020-05-29,Ukraine,NA,Poltava,1413829,0,0,268,13
2020-05-30,Ukraine,NA,Poltava,1413829,0,0,268,13
2020-05-31,Ukraine,NA,Poltava,1413829,2,0,270,13
2020-06-01,Ukraine,NA,Poltava,1413829,0,0,270,13
2020-06-02,Ukraine,NA,Poltava,1413829,1,0,271,13
2020-06-03,Ukraine,NA,Poltava,1413829,1,0,272,13
2020-06-04,Ukraine,NA,Poltava,1413829,0,0,272,13
2020-06-05,Ukraine,NA,Poltava,1413829,0,0,272,13
2020-06-06,Ukraine,NA,Poltava,1413829,1,0,273,13
2020-06-07,Ukraine,NA,Poltava,1413829,1,0,274,13
2020-06-08,Ukraine,NA,Poltava,1413829,0,0,274,13
2020-06-09,Ukraine,NA,Poltava,1413829,0,0,274,13
2020-06-10,Ukraine,NA,Poltava,1413829,2,0,276,13
2020-06-11,Ukraine,NA,Poltava,1413829,0,0,276,13
2020-06-12,Ukraine,NA,Poltava,1413829,1,0,277,13
2020-06-13,Ukraine,NA,Poltava,1413829,1,0,278,13
2020-06-14,Ukraine,NA,Poltava,1413829,0,0,278,13
2020-06-15,Ukraine,NA,Poltava,1413829,0,0,278,13
2020-06-16,Ukraine,NA,Poltava,1413829,1,0,279,13
2020-06-17,Ukraine,NA,Poltava,1413829,2,0,281,13
2020-06-18,Ukraine,NA,Poltava,1413829,6,0,287,13
2020-06-19,Ukraine,NA,Poltava,1413829,2,0,289,13
2020-06-20,Ukraine,NA,Poltava,1413829,1,0,290,13
2020-06-21,Ukraine,NA,Poltava,1413829,1,0,291,13
2020-06-22,Ukraine,NA,Poltava,1413829,2,0,293,13
2020-06-23,Ukraine,NA,Poltava,1413829,3,0,296,13
2020-06-24,Ukraine,NA,Poltava,1413829,4,0,300,13
2020-06-25,Ukraine,NA,Poltava,1413829,1,0,301,13
2020-06-26,Ukraine,NA,Poltava,1413829,3,0,304,13
2020-06-27,Ukraine,NA,Poltava,1413829,5,0,309,13
2020-06-28,Ukraine,NA,Poltava,1413829,1,0,310,13
2020-06-29,Ukraine,NA,Poltava,1413829,2,0,312,13
2020-06-30,Ukraine,NA,Poltava,1413829,2,0,314,13
2020-07-01,Ukraine,NA,Poltava,1413829,5,0,319,13
2020-07-02,Ukraine,NA,Poltava,1413829,1,0,320,13
2020-07-03,Ukraine,NA,Poltava,1413829,2,0,322,13
2020-07-04,Ukraine,NA,Poltava,1413829,0,0,322,13
2020-07-05,Ukraine,NA,Poltava,1413829,2,0,324,13
2020-07-06,Ukraine,NA,Poltava,1413829,0,0,324,13
2020-07-07,Ukraine,NA,Poltava,1413829,1,0,325,13
2020-07-08,Ukraine,NA,Poltava,1413829,1,0,326,13
2020-07-09,Ukraine,NA,Poltava,1413829,1,0,327,13
2020-07-10,Ukraine,NA,Poltava,1413829,3,0,330,13
2020-07-11,Ukraine,NA,Poltava,1413829,1,0,331,13
2020-07-12,Ukraine,NA,Poltava,1413829,0,0,331,13
2020-07-13,Ukraine,NA,Poltava,1413829,3,0,334,13
2020-07-14,Ukraine,NA,Poltava,1413829,0,0,334,13
2020-07-15,Ukraine,NA,Poltava,1413829,3,0,337,13
2020-07-16,Ukraine,NA,Poltava,1413829,6,0,343,13
2020-07-17,Ukraine,NA,Poltava,1413829,4,0,347,13
2020-07-18,Ukraine,NA,Poltava,1413829,1,0,348,13
2020-07-19,Ukraine,NA,Poltava,1413829,3,0,351,13
2020-07-20,Ukraine,NA,Poltava,1413829,2,0,353,13
2020-07-21,Ukraine,NA,Poltava,1413829,3,0,356,13
2020-07-22,Ukraine,NA,Poltava,1413829,4,0,360,13
2020-07-23,Ukraine,NA,Poltava,1413829,11,1,371,14
2020-07-24,Ukraine,NA,Poltava,1413829,7,0,378,14
2020-07-25,Ukraine,NA,Poltava,1413829,10,0,388,14
2020-07-26,Ukraine,NA,Poltava,1413829,6,0,394,14
2020-07-27,Ukraine,NA,Poltava,1413829,0,0,394,14
2020-07-28,Ukraine,NA,Poltava,1413829,7,0,401,14
2020-07-29,Ukraine,NA,Poltava,1413829,13,1,414,15
2020-07-30,Ukraine,NA,Poltava,1413829,17,0,431,15
2020-07-31,Ukraine,NA,Poltava,1413829,9,0,440,15
2020-08-01,Ukraine,NA,Poltava,1413829,6,0,446,15
2020-08-02,Ukraine,NA,Poltava,1413829,13,0,459,15
2020-08-03,Ukraine,NA,Poltava,1413829,0,0,459,15
2020-08-04,Ukraine,NA,Poltava,1413829,7,0,466,15
2020-08-05,Ukraine,NA,Poltava,1413829,6,0,472,15
2020-08-06,Ukraine,NA,Poltava,1413829,5,0,477,15
2020-08-07,Ukraine,NA,Poltava,1413829,12,0,489,15
2020-08-08,Ukraine,NA,Poltava,1413829,2,0,491,15
2020-08-09,Ukraine,NA,Poltava,1413829,3,0,494,15
2020-08-10,Ukraine,NA,Poltava,1413829,3,0,497,15
2020-08-11,Ukraine,NA,Poltava,1413829,6,0,503,15
2020-08-12,Ukraine,NA,Poltava,1413829,11,0,514,15
2020-08-13,Ukraine,NA,Poltava,1413829,2,0,516,15
2020-08-14,Ukraine,NA,Poltava,1413829,17,0,533,15
2020-08-15,Ukraine,NA,Poltava,1413829,11,0,544,15
2020-08-16,Ukraine,NA,Poltava,1413829,4,0,548,15
2020-08-17,Ukraine,NA,Poltava,1413829,9,0,557,15
2020-08-18,Ukraine,NA,Poltava,1413829,8,0,565,15
2020-08-19,Ukraine,NA,Poltava,1413829,17,0,582,15
2020-08-20,Ukraine,NA,Poltava,1413829,12,1,594,16
2020-08-21,Ukraine,NA,Poltava,1413829,20,0,614,16
2020-08-22,Ukraine,NA,Poltava,1413829,22,0,636,16
2020-08-23,Ukraine,NA,Poltava,1413829,6,0,642,16
2020-08-24,Ukraine,NA,Poltava,1413829,21,1,663,17
2020-08-25,Ukraine,NA,Poltava,1413829,14,0,677,17
2020-08-26,Ukraine,NA,Poltava,1413829,7,0,684,17
2020-08-27,Ukraine,NA,Poltava,1413829,11,1,695,18
2020-08-28,Ukraine,NA,Poltava,1413829,10,2,705,20
2020-08-29,Ukraine,NA,Poltava,1413829,33,0,738,20
2020-08-30,Ukraine,NA,Poltava,1413829,32,0,770,20
2020-08-31,Ukraine,NA,Poltava,1413829,19,0,789,20
2020-09-01,Ukraine,NA,Poltava,1413829,19,0,808,20
2020-09-02,Ukraine,NA,Poltava,1413829,24,0,832,20
2020-09-03,Ukraine,NA,Poltava,1413829,23,2,855,22
2020-09-04,Ukraine,NA,Poltava,1413829,31,0,886,22
2020-09-05,Ukraine,NA,Poltava,1413829,30,0,916,22
2020-09-06,Ukraine,NA,Poltava,1413829,29,0,945,22
2020-09-07,Ukraine,NA,Poltava,1413829,28,0,973,22
2020-09-08,Ukraine,NA,Poltava,1413829,24,0,997,22
2020-09-09,Ukraine,NA,Poltava,1413829,21,2,1018,24
2020-09-10,Ukraine,NA,Poltava,1413829,51,2,1069,26
2020-09-11,Ukraine,NA,Poltava,1413829,61,0,1130,26
2020-09-12,Ukraine,NA,Poltava,1413829,31,1,1161,27
2020-09-13,Ukraine,NA,Poltava,1413829,34,0,1195,27
2020-09-14,Ukraine,NA,Poltava,1413829,28,1,1223,28
2020-09-15,Ukraine,NA,Poltava,1413829,30,2,1253,30
2020-03-30,Ukraine,NA,Rivne,1160647,2,1,11,2
2020-03-31,Ukraine,NA,Rivne,1160647,4,1,15,3
2020-04-01,Ukraine,NA,Rivne,1160647,4,0,19,3
2020-04-02,Ukraine,NA,Rivne,1160647,4,0,23,3
2020-04-03,Ukraine,NA,Rivne,1160647,8,1,31,4
2020-04-04,Ukraine,NA,Rivne,1160647,0,0,31,4
2020-04-05,Ukraine,NA,Rivne,1160647,7,1,38,5
2020-04-06,Ukraine,NA,Rivne,1160647,1,0,39,5
2020-04-07,Ukraine,NA,Rivne,1160647,1,0,40,5
2020-04-08,Ukraine,NA,Rivne,1160647,4,1,44,6
2020-04-09,Ukraine,NA,Rivne,1160647,20,0,64,6
2020-04-10,Ukraine,NA,Rivne,1160647,21,0,85,6
2020-04-11,Ukraine,NA,Rivne,1160647,18,0,103,6
2020-04-12,Ukraine,NA,Rivne,1160647,16,1,119,7
2020-04-13,Ukraine,NA,Rivne,1160647,6,0,125,7
2020-04-14,Ukraine,NA,Rivne,1160647,9,0,134,7
2020-04-15,Ukraine,NA,Rivne,1160647,39,0,173,7
2020-04-16,Ukraine,NA,Rivne,1160647,31,0,204,7
2020-04-17,Ukraine,NA,Rivne,1160647,36,1,240,8
2020-04-18,Ukraine,NA,Rivne,1160647,43,1,283,9
2020-04-19,Ukraine,NA,Rivne,1160647,25,0,308,9
2020-04-20,Ukraine,NA,Rivne,1160647,4,2,312,11
2020-04-21,Ukraine,NA,Rivne,1160647,29,0,341,11
2020-04-22,Ukraine,NA,Rivne,1160647,12,0,353,11
2020-04-23,Ukraine,NA,Rivne,1160647,43,0,396,11
2020-04-24,Ukraine,NA,Rivne,1160647,41,0,437,11
2020-04-25,Ukraine,NA,Rivne,1160647,46,0,483,11
2020-04-26,Ukraine,NA,Rivne,1160647,25,0,508,11
2020-04-27,Ukraine,NA,Rivne,1160647,14,0,522,11
2020-04-28,Ukraine,NA,Rivne,1160647,31,0,553,11
2020-04-29,Ukraine,NA,Rivne,1160647,35,0,588,11
2020-04-30,Ukraine,NA,Rivne,1160647,49,0,637,11
2020-05-01,Ukraine,NA,Rivne,1160647,21,0,658,11
2020-05-02,Ukraine,NA,Rivne,1160647,31,0,689,11
2020-05-03,Ukraine,NA,Rivne,1160647,37,1,726,12
2020-05-04,Ukraine,NA,Rivne,1160647,24,0,750,12
2020-05-05,Ukraine,NA,Rivne,1160647,29,0,779,12
2020-05-06,Ukraine,NA,Rivne,1160647,8,0,787,12
2020-05-07,Ukraine,NA,Rivne,1160647,30,0,817,12
2020-05-08,Ukraine,NA,Rivne,1160647,38,2,855,14
2020-05-09,Ukraine,NA,Rivne,1160647,22,2,877,16
2020-05-10,Ukraine,NA,Rivne,1160647,49,0,926,16
2020-05-11,Ukraine,NA,Rivne,1160647,52,5,978,21
2020-05-12,Ukraine,NA,Rivne,1160647,50,1,1028,22
2020-05-13,Ukraine,NA,Rivne,1160647,17,1,1045,23
2020-05-14,Ukraine,NA,Rivne,1160647,17,1,1062,24
2020-05-15,Ukraine,NA,Rivne,1160647,12,0,1074,24
2020-05-16,Ukraine,NA,Rivne,1160647,30,0,1104,24
2020-05-17,Ukraine,NA,Rivne,1160647,22,1,1126,25
2020-05-18,Ukraine,NA,Rivne,1160647,41,3,1167,28
2020-05-19,Ukraine,NA,Rivne,1160647,21,1,1188,29
2020-05-20,Ukraine,NA,Rivne,1160647,29,0,1217,29
2020-05-21,Ukraine,NA,Rivne,1160647,70,0,1287,29
2020-05-22,Ukraine,NA,Rivne,1160647,36,0,1323,29
2020-05-23,Ukraine,NA,Rivne,1160647,45,1,1368,30
2020-05-24,Ukraine,NA,Rivne,1160647,49,1,1417,31
2020-05-25,Ukraine,NA,Rivne,1160647,17,0,1434,31
2020-05-26,Ukraine,NA,Rivne,1160647,41,3,1475,34
2020-05-27,Ukraine,NA,Rivne,1160647,39,0,1514,34
2020-05-28,Ukraine,NA,Rivne,1160647,74,1,1588,35
2020-05-29,Ukraine,NA,Rivne,1160647,40,0,1628,35
2020-05-30,Ukraine,NA,Rivne,1160647,52,2,1680,37
2020-05-31,Ukraine,NA,Rivne,1160647,33,0,1713,37
2020-06-01,Ukraine,NA,Rivne,1160647,57,1,1770,38
2020-06-02,Ukraine,NA,Rivne,1160647,53,1,1823,39
2020-06-03,Ukraine,NA,Rivne,1160647,50,1,1873,40
2020-06-04,Ukraine,NA,Rivne,1160647,32,0,1905,40
2020-06-05,Ukraine,NA,Rivne,1160647,57,0,1962,40
2020-06-06,Ukraine,NA,Rivne,1160647,52,0,2014,40
2020-06-07,Ukraine,NA,Rivne,1160647,32,0,2046,40
2020-06-08,Ukraine,NA,Rivne,1160647,25,0,2071,40
2020-06-09,Ukraine,NA,Rivne,1160647,23,4,2094,44
2020-06-10,Ukraine,NA,Rivne,1160647,28,1,2122,45
2020-06-11,Ukraine,NA,Rivne,1160647,53,0,2175,45
2020-06-12,Ukraine,NA,Rivne,1160647,56,1,2231,46
2020-06-13,Ukraine,NA,Rivne,1160647,66,0,2297,46
2020-06-14,Ukraine,NA,Rivne,1160647,44,0,2341,46
2020-06-15,Ukraine,NA,Rivne,1160647,28,0,2369,46
2020-06-16,Ukraine,NA,Rivne,1160647,104,1,2473,47
2020-06-17,Ukraine,NA,Rivne,1160647,26,3,2499,50
2020-06-18,Ukraine,NA,Rivne,1160647,73,1,2572,51
2020-06-19,Ukraine,NA,Rivne,1160647,121,2,2693,53
2020-06-20,Ukraine,NA,Rivne,1160647,83,2,2776,55
2020-06-21,Ukraine,NA,Rivne,1160647,96,2,2872,57
2020-06-22,Ukraine,NA,Rivne,1160647,91,0,2963,57
2020-06-23,Ukraine,NA,Rivne,1160647,75,1,3038,58
2020-06-24,Ukraine,NA,Rivne,1160647,126,3,3164,61
2020-06-25,Ukraine,NA,Rivne,1160647,84,3,3248,64
2020-06-26,Ukraine,NA,Rivne,1160647,116,2,3364,66
2020-06-27,Ukraine,NA,Rivne,1160647,111,0,3475,66
2020-06-28,Ukraine,NA,Rivne,1160647,93,0,3568,66
2020-06-29,Ukraine,NA,Rivne,1160647,70,2,3638,68
2020-06-30,Ukraine,NA,Rivne,1160647,74,2,3712,70
2020-07-01,Ukraine,NA,Rivne,1160647,72,0,3784,70
2020-07-02,Ukraine,NA,Rivne,1160647,93,0,3877,70
2020-07-03,Ukraine,NA,Rivne,1160647,73,4,3950,74
2020-07-04,Ukraine,NA,Rivne,1160647,91,1,4041,75
2020-07-05,Ukraine,NA,Rivne,1160647,67,2,4108,77
2020-07-06,Ukraine,NA,Rivne,1160647,82,0,4190,77
2020-07-07,Ukraine,NA,Rivne,1160647,38,1,4228,78
2020-07-08,Ukraine,NA,Rivne,1160647,76,0,4304,78
2020-07-09,Ukraine,NA,Rivne,1160647,76,1,4380,79
2020-07-10,Ukraine,NA,Rivne,1160647,74,0,4454,79
2020-07-11,Ukraine,NA,Rivne,1160647,66,1,4520,80
2020-07-12,Ukraine,NA,Rivne,1160647,78,0,4598,80
2020-07-13,Ukraine,NA,Rivne,1160647,99,0,4697,80
2020-07-14,Ukraine,NA,Rivne,1160647,43,2,4740,82
2020-07-15,Ukraine,NA,Rivne,1160647,42,1,4782,83
2020-07-16,Ukraine,NA,Rivne,1160647,70,0,4852,83
2020-07-17,Ukraine,NA,Rivne,1160647,88,1,4940,84
2020-07-18,Ukraine,NA,Rivne,1160647,75,3,5015,87
2020-07-19,Ukraine,NA,Rivne,1160647,67,0,5082,87
2020-07-20,Ukraine,NA,Rivne,1160647,62,2,5144,89
2020-07-21,Ukraine,NA,Rivne,1160647,39,0,5183,89
2020-07-22,Ukraine,NA,Rivne,1160647,49,2,5232,91
2020-07-23,Ukraine,NA,Rivne,1160647,71,0,5303,91
2020-07-24,Ukraine,NA,Rivne,1160647,96,0,5399,91
2020-07-25,Ukraine,NA,Rivne,1160647,143,0,5542,91
2020-07-26,Ukraine,NA,Rivne,1160647,81,1,5623,92
2020-07-27,Ukraine,NA,Rivne,1160647,78,0,5701,92
2020-07-28,Ukraine,NA,Rivne,1160647,83,0,5784,92
2020-07-29,Ukraine,NA,Rivne,1160647,53,0,5837,92
2020-07-30,Ukraine,NA,Rivne,1160647,105,1,5942,93
2020-07-31,Ukraine,NA,Rivne,1160647,82,0,6024,93
2020-08-01,Ukraine,NA,Rivne,1160647,87,0,6111,93
2020-08-02,Ukraine,NA,Rivne,1160647,84,1,6195,94
2020-08-03,Ukraine,NA,Rivne,1160647,75,3,6270,97
2020-08-04,Ukraine,NA,Rivne,1160647,85,2,6355,99
2020-08-05,Ukraine,NA,Rivne,1160647,87,1,6442,100
2020-08-06,Ukraine,NA,Rivne,1160647,96,1,6538,101
2020-08-07,Ukraine,NA,Rivne,1160647,100,2,6638,103
2020-08-08,Ukraine,NA,Rivne,1160647,109,0,6747,103
2020-08-09,Ukraine,NA,Rivne,1160647,93,0,6840,103
2020-08-10,Ukraine,NA,Rivne,1160647,83,1,6923,104
2020-08-11,Ukraine,NA,Rivne,1160647,95,1,7018,105
2020-08-12,Ukraine,NA,Rivne,1160647,96,1,7114,106
2020-08-13,Ukraine,NA,Rivne,1160647,92,0,7206,106
2020-08-14,Ukraine,NA,Rivne,1160647,120,0,7326,106
2020-08-15,Ukraine,NA,Rivne,1160647,107,1,7433,107
2020-08-16,Ukraine,NA,Rivne,1160647,105,1,7538,108
2020-08-17,Ukraine,NA,Rivne,1160647,178,2,7716,110
2020-08-18,Ukraine,NA,Rivne,1160647,112,0,7828,110
2020-08-19,Ukraine,NA,Rivne,1160647,125,5,7953,115
2020-08-20,Ukraine,NA,Rivne,1160647,138,0,8091,115
2020-08-21,Ukraine,NA,Rivne,1160647,147,0,8238,115
2020-08-22,Ukraine,NA,Rivne,1160647,145,1,8383,116
2020-08-23,Ukraine,NA,Rivne,1160647,77,3,8460,119
2020-08-24,Ukraine,NA,Rivne,1160647,99,0,8559,119
2020-08-25,Ukraine,NA,Rivne,1160647,85,0,8644,119
2020-08-26,Ukraine,NA,Rivne,1160647,93,2,8737,121
2020-08-27,Ukraine,NA,Rivne,1160647,81,3,8818,124
2020-08-28,Ukraine,NA,Rivne,1160647,103,2,8921,126
2020-08-29,Ukraine,NA,Rivne,1160647,98,1,9019,127
2020-08-30,Ukraine,NA,Rivne,1160647,79,2,9098,129
2020-08-31,Ukraine,NA,Rivne,1160647,84,1,9182,130
2020-09-01,Ukraine,NA,Rivne,1160647,87,1,9269,131
2020-09-02,Ukraine,NA,Rivne,1160647,127,1,9396,132
2020-09-03,Ukraine,NA,Rivne,1160647,80,2,9476,134
2020-09-04,Ukraine,NA,Rivne,1160647,59,1,9535,135
2020-09-05,Ukraine,NA,Rivne,1160647,99,0,9634,135
2020-09-06,Ukraine,NA,Rivne,1160647,26,0,9660,135
2020-09-07,Ukraine,NA,Rivne,1160647,102,1,9762,136
2020-09-08,Ukraine,NA,Rivne,1160647,98,2,9860,138
2020-09-09,Ukraine,NA,Rivne,1160647,83,0,9943,138
2020-09-10,Ukraine,NA,Rivne,1160647,130,3,10073,141
2020-09-11,Ukraine,NA,Rivne,1160647,144,1,10217,142
2020-09-12,Ukraine,NA,Rivne,1160647,152,0,10369,142
2020-09-13,Ukraine,NA,Rivne,1160647,100,0,10469,142
2020-09-14,Ukraine,NA,Rivne,1160647,86,1,10555,143
2020-09-15,Ukraine,NA,Rivne,1160647,80,1,10635,144
2020-03-31,Ukraine,NA,Sumy,1094284,8,1,17,2
2020-04-01,Ukraine,NA,Sumy,1094284,2,0,19,2
2020-04-02,Ukraine,NA,Sumy,1094284,7,0,26,2
2020-04-03,Ukraine,NA,Sumy,1094284,11,0,37,2
2020-04-04,Ukraine,NA,Sumy,1094284,12,0,49,2
2020-04-05,Ukraine,NA,Sumy,1094284,0,0,49,2
2020-04-06,Ukraine,NA,Sumy,1094284,2,0,51,2
2020-04-07,Ukraine,NA,Sumy,1094284,0,0,51,2
2020-04-08,Ukraine,NA,Sumy,1094284,5,0,56,2
2020-04-09,Ukraine,NA,Sumy,1094284,0,0,56,2
2020-04-10,Ukraine,NA,Sumy,1094284,7,0,63,2
2020-04-11,Ukraine,NA,Sumy,1094284,6,0,69,2
2020-04-12,Ukraine,NA,Sumy,1094284,4,1,73,3
2020-04-13,Ukraine,NA,Sumy,1094284,1,1,74,4
2020-04-14,Ukraine,NA,Sumy,1094284,0,0,74,4
2020-04-15,Ukraine,NA,Sumy,1094284,3,0,77,4
2020-04-16,Ukraine,NA,Sumy,1094284,3,0,80,4
2020-04-17,Ukraine,NA,Sumy,1094284,1,0,81,4
2020-04-18,Ukraine,NA,Sumy,1094284,1,0,82,4
2020-04-19,Ukraine,NA,Sumy,1094284,1,0,83,4
2020-04-20,Ukraine,NA,Sumy,1094284,0,0,83,4
2020-04-21,Ukraine,NA,Sumy,1094284,1,0,84,4
2020-04-22,Ukraine,NA,Sumy,1094284,2,0,86,4
2020-04-23,Ukraine,NA,Sumy,1094284,3,0,89,4
2020-04-24,Ukraine,NA,Sumy,1094284,1,0,90,4
2020-04-25,Ukraine,NA,Sumy,1094284,4,0,94,4
2020-04-26,Ukraine,NA,Sumy,1094284,1,0,95,4
2020-04-27,Ukraine,NA,Sumy,1094284,0,0,95,4
2020-04-28,Ukraine,NA,Sumy,1094284,0,0,95,4
2020-04-29,Ukraine,NA,Sumy,1094284,3,0,98,4
2020-04-30,Ukraine,NA,Sumy,1094284,4,0,102,4
2020-05-01,Ukraine,NA,Sumy,1094284,1,0,103,4
2020-05-02,Ukraine,NA,Sumy,1094284,2,0,105,4
2020-05-03,Ukraine,NA,Sumy,1094284,5,0,110,4
2020-05-04,Ukraine,NA,Sumy,1094284,2,0,112,4
2020-05-05,Ukraine,NA,Sumy,1094284,0,0,112,4
2020-05-06,Ukraine,NA,Sumy,1094284,18,0,130,4
2020-05-07,Ukraine,NA,Sumy,1094284,1,0,131,4
2020-05-08,Ukraine,NA,Sumy,1094284,16,0,147,4
2020-05-09,Ukraine,NA,Sumy,1094284,5,0,152,4
2020-05-10,Ukraine,NA,Sumy,1094284,2,0,154,4
2020-05-11,Ukraine,NA,Sumy,1094284,0,0,154,4
2020-05-12,Ukraine,NA,Sumy,1094284,3,0,157,4
2020-05-13,Ukraine,NA,Sumy,1094284,0,0,157,4
2020-05-14,Ukraine,NA,Sumy,1094284,1,0,158,4
2020-05-15,Ukraine,NA,Sumy,1094284,0,0,158,4
2020-05-16,Ukraine,NA,Sumy,1094284,3,0,161,4
2020-05-17,Ukraine,NA,Sumy,1094284,1,0,162,4
2020-05-18,Ukraine,NA,Sumy,1094284,1,0,163,4
2020-05-19,Ukraine,NA,Sumy,1094284,1,0,164,4
2020-05-20,Ukraine,NA,Sumy,1094284,0,0,164,4
2020-05-21,Ukraine,NA,Sumy,1094284,1,0,165,4
2020-05-22,Ukraine,NA,Sumy,1094284,1,0,166,4
2020-05-23,Ukraine,NA,Sumy,1094284,0,0,166,4
2020-05-24,Ukraine,NA,Sumy,1094284,0,0,166,4
2020-05-25,Ukraine,NA,Sumy,1094284,0,0,166,4
2020-05-26,Ukraine,NA,Sumy,1094284,0,0,166,4
2020-05-27,Ukraine,NA,Sumy,1094284,0,0,166,4
2020-05-28,Ukraine,NA,Sumy,1094284,0,0,166,4
2020-05-29,Ukraine,NA,Sumy,1094284,1,0,167,4
2020-05-30,Ukraine,NA,Sumy,1094284,1,0,168,4
2020-05-31,Ukraine,NA,Sumy,1094284,0,0,168,4
2020-06-01,Ukraine,NA,Sumy,1094284,2,0,170,4
2020-06-02,Ukraine,NA,Sumy,1094284,3,0,173,4
2020-06-03,Ukraine,NA,Sumy,1094284,1,0,174,4
2020-06-04,Ukraine,NA,Sumy,1094284,3,0,177,4
2020-06-05,Ukraine,NA,Sumy,1094284,11,0,188,4
2020-06-06,Ukraine,NA,Sumy,1094284,4,1,192,5
2020-06-07,Ukraine,NA,Sumy,1094284,1,0,193,5
2020-06-08,Ukraine,NA,Sumy,1094284,0,0,193,5
2020-06-09,Ukraine,NA,Sumy,1094284,5,0,198,5
2020-06-10,Ukraine,NA,Sumy,1094284,0,0,198,5
2020-06-11,Ukraine,NA,Sumy,1094284,5,0,203,5
2020-06-12,Ukraine,NA,Sumy,1094284,1,0,204,5
2020-06-13,Ukraine,NA,Sumy,1094284,4,0,208,5
2020-06-14,Ukraine,NA,Sumy,1094284,7,0,215,5
2020-06-15,Ukraine,NA,Sumy,1094284,12,0,227,5
2020-06-16,Ukraine,NA,Sumy,1094284,1,0,228,5
2020-06-17,Ukraine,NA,Sumy,1094284,2,0,230,5
2020-06-18,Ukraine,NA,Sumy,1094284,6,0,236,5
2020-06-19,Ukraine,NA,Sumy,1094284,10,0,246,5
2020-06-20,Ukraine,NA,Sumy,1094284,6,0,252,5
2020-06-21,Ukraine,NA,Sumy,1094284,5,0,257,5
2020-06-22,Ukraine,NA,Sumy,1094284,1,0,258,5
2020-06-23,Ukraine,NA,Sumy,1094284,5,0,263,5
2020-06-24,Ukraine,NA,Sumy,1094284,9,0,272,5
2020-06-25,Ukraine,NA,Sumy,1094284,5,0,277,5
2020-06-26,Ukraine,NA,Sumy,1094284,7,0,284,5
2020-06-27,Ukraine,NA,Sumy,1094284,3,0,287,5
2020-06-28,Ukraine,NA,Sumy,1094284,8,0,295,5
2020-06-29,Ukraine,NA,Sumy,1094284,1,0,296,5
2020-06-30,Ukraine,NA,Sumy,1094284,1,0,297,5
2020-07-01,Ukraine,NA,Sumy,1094284,0,0,297,5
2020-07-02,Ukraine,NA,Sumy,1094284,5,0,302,5
2020-07-03,Ukraine,NA,Sumy,1094284,2,0,304,5
2020-07-04,Ukraine,NA,Sumy,1094284,4,0,308,5
2020-07-05,Ukraine,NA,Sumy,1094284,9,0,317,5
2020-07-06,Ukraine,NA,Sumy,1094284,4,0,321,5
2020-07-07,Ukraine,NA,Sumy,1094284,0,0,321,5
2020-07-08,Ukraine,NA,Sumy,1094284,2,0,323,5
2020-07-09,Ukraine,NA,Sumy,1094284,5,0,328,5
2020-07-10,Ukraine,NA,Sumy,1094284,4,0,332,5
2020-07-11,Ukraine,NA,Sumy,1094284,5,0,337,5
2020-07-12,Ukraine,NA,Sumy,1094284,3,0,340,5
2020-07-13,Ukraine,NA,Sumy,1094284,1,1,341,6
2020-07-14,Ukraine,NA,Sumy,1094284,0,0,341,6
2020-07-15,Ukraine,NA,Sumy,1094284,5,0,346,6
2020-07-16,Ukraine,NA,Sumy,1094284,2,0,348,6
2020-07-17,Ukraine,NA,Sumy,1094284,4,0,352,6
2020-07-18,Ukraine,NA,Sumy,1094284,3,0,355,6
2020-07-19,Ukraine,NA,Sumy,1094284,15,0,370,6
2020-07-20,Ukraine,NA,Sumy,1094284,1,0,371,6
2020-07-21,Ukraine,NA,Sumy,1094284,0,0,371,6
2020-07-22,Ukraine,NA,Sumy,1094284,12,1,383,7
2020-07-23,Ukraine,NA,Sumy,1094284,10,0,393,7
2020-07-24,Ukraine,NA,Sumy,1094284,4,0,397,7
2020-07-25,Ukraine,NA,Sumy,1094284,14,0,411,7
2020-07-26,Ukraine,NA,Sumy,1094284,19,0,430,7
2020-07-27,Ukraine,NA,Sumy,1094284,15,0,445,7
2020-07-28,Ukraine,NA,Sumy,1094284,9,0,454,7
2020-07-29,Ukraine,NA,Sumy,1094284,13,0,467,7
2020-07-30,Ukraine,NA,Sumy,1094284,17,1,484,8
2020-07-31,Ukraine,NA,Sumy,1094284,1,0,485,8
2020-08-01,Ukraine,NA,Sumy,1094284,24,0,509,8
2020-08-02,Ukraine,NA,Sumy,1094284,20,0,529,8
2020-08-03,Ukraine,NA,Sumy,1094284,12,0,541,8
2020-08-04,Ukraine,NA,Sumy,1094284,19,0,560,8
2020-08-05,Ukraine,NA,Sumy,1094284,10,0,570,8
2020-08-06,Ukraine,NA,Sumy,1094284,24,0,594,8
2020-08-07,Ukraine,NA,Sumy,1094284,42,1,636,9
2020-08-08,Ukraine,NA,Sumy,1094284,17,0,653,9
2020-08-09,Ukraine,NA,Sumy,1094284,15,0,668,9
2020-08-10,Ukraine,NA,Sumy,1094284,31,0,699,9
2020-08-11,Ukraine,NA,Sumy,1094284,3,1,702,10
2020-08-12,Ukraine,NA,Sumy,1094284,14,0,716,10
2020-08-13,Ukraine,NA,Sumy,1094284,38,0,754,10
2020-08-14,Ukraine,NA,Sumy,1094284,29,0,783,10
2020-08-15,Ukraine,NA,Sumy,1094284,32,0,815,10
2020-08-16,Ukraine,NA,Sumy,1094284,39,3,854,13
2020-08-17,Ukraine,NA,Sumy,1094284,37,0,891,13
2020-08-18,Ukraine,NA,Sumy,1094284,75,2,966,15
2020-08-19,Ukraine,NA,Sumy,1094284,57,1,1023,16
2020-08-20,Ukraine,NA,Sumy,1094284,55,0,1078,16
2020-08-21,Ukraine,NA,Sumy,1094284,46,2,1124,18
2020-08-22,Ukraine,NA,Sumy,1094284,21,2,1145,20
2020-08-23,Ukraine,NA,Sumy,1094284,20,0,1165,20
2020-08-24,Ukraine,NA,Sumy,1094284,22,0,1187,20
2020-08-25,Ukraine,NA,Sumy,1094284,59,0,1246,20
2020-08-26,Ukraine,NA,Sumy,1094284,23,0,1269,20
2020-08-27,Ukraine,NA,Sumy,1094284,33,0,1302,20
2020-08-28,Ukraine,NA,Sumy,1094284,59,2,1361,22
2020-08-29,Ukraine,NA,Sumy,1094284,37,2,1398,24
2020-08-30,Ukraine,NA,Sumy,1094284,58,0,1456,24
2020-08-31,Ukraine,NA,Sumy,1094284,14,0,1470,24
2020-09-01,Ukraine,NA,Sumy,1094284,62,0,1532,24
2020-09-02,Ukraine,NA,Sumy,1094284,39,1,1571,25
2020-09-03,Ukraine,NA,Sumy,1094284,58,2,1629,27
2020-09-04,Ukraine,NA,Sumy,1094284,51,0,1680,27
2020-09-05,Ukraine,NA,Sumy,1094284,89,2,1769,29
2020-09-06,Ukraine,NA,Sumy,1094284,89,0,1858,29
2020-09-07,Ukraine,NA,Sumy,1094284,105,0,1963,29
2020-09-08,Ukraine,NA,Sumy,1094284,107,2,2070,31
2020-09-09,Ukraine,NA,Sumy,1094284,73,2,2143,33
2020-09-10,Ukraine,NA,Sumy,1094284,44,1,2187,34
2020-09-11,Ukraine,NA,Sumy,1094284,42,2,2229,36
2020-09-12,Ukraine,NA,Sumy,1094284,94,0,2323,36
2020-09-13,Ukraine,NA,Sumy,1094284,78,0,2401,36
2020-09-14,Ukraine,NA,Sumy,1094284,101,1,2502,37
2020-09-15,Ukraine,NA,Sumy,1094284,51,2,2553,39
2020-03-26,Ukraine,NA,Ternopil,1052312,7,0,15,1
2020-03-27,Ukraine,NA,Ternopil,1052312,11,0,26,1
2020-03-28,Ukraine,NA,Ternopil,1052312,17,0,43,1
2020-03-29,Ukraine,NA,Ternopil,1052312,14,0,57,1
2020-03-30,Ukraine,NA,Ternopil,1052312,3,0,60,1
2020-03-31,Ukraine,NA,Ternopil,1052312,38,0,98,1
2020-04-01,Ukraine,NA,Ternopil,1052312,8,0,106,1
2020-04-02,Ukraine,NA,Ternopil,1052312,8,0,114,1
2020-04-03,Ukraine,NA,Ternopil,1052312,19,1,133,2
2020-04-04,Ukraine,NA,Ternopil,1052312,27,0,160,2
2020-04-05,Ukraine,NA,Ternopil,1052312,0,0,160,2
2020-04-06,Ukraine,NA,Ternopil,1052312,0,0,160,2
2020-04-07,Ukraine,NA,Ternopil,1052312,8,1,168,3
2020-04-08,Ukraine,NA,Ternopil,1052312,0,0,168,3
2020-04-09,Ukraine,NA,Ternopil,1052312,1,0,169,3
2020-04-10,Ukraine,NA,Ternopil,1052312,27,2,196,5
2020-04-11,Ukraine,NA,Ternopil,1052312,12,0,208,5
2020-04-12,Ukraine,NA,Ternopil,1052312,35,0,243,5
2020-04-13,Ukraine,NA,Ternopil,1052312,30,0,273,5
2020-04-14,Ukraine,NA,Ternopil,1052312,7,0,280,5
2020-04-15,Ukraine,NA,Ternopil,1052312,7,0,287,5
2020-04-16,Ukraine,NA,Ternopil,1052312,46,0,333,5
2020-04-17,Ukraine,NA,Ternopil,1052312,20,0,353,5
2020-04-18,Ukraine,NA,Ternopil,1052312,13,0,366,5
2020-04-19,Ukraine,NA,Ternopil,1052312,24,0,390,5
2020-04-20,Ukraine,NA,Ternopil,1052312,24,1,414,6
2020-04-21,Ukraine,NA,Ternopil,1052312,21,1,435,7
2020-04-22,Ukraine,NA,Ternopil,1052312,36,0,471,7
2020-04-23,Ukraine,NA,Ternopil,1052312,28,0,499,7
2020-04-24,Ukraine,NA,Ternopil,1052312,33,0,532,7
2020-04-25,Ukraine,NA,Ternopil,1052312,33,1,565,8
2020-04-26,Ukraine,NA,Ternopil,1052312,42,1,607,9
2020-04-27,Ukraine,NA,Ternopil,1052312,5,1,612,10
2020-04-28,Ukraine,NA,Ternopil,1052312,52,2,664,12
2020-04-29,Ukraine,NA,Ternopil,1052312,44,0,708,12
2020-04-30,Ukraine,NA,Ternopil,1052312,71,2,779,14
2020-05-01,Ukraine,NA,Ternopil,1052312,14,0,793,14
2020-05-02,Ukraine,NA,Ternopil,1052312,30,1,823,15
2020-05-03,Ukraine,NA,Ternopil,1052312,45,0,868,15
2020-05-04,Ukraine,NA,Ternopil,1052312,28,0,896,15
2020-05-05,Ukraine,NA,Ternopil,1052312,27,0,923,15
2020-05-06,Ukraine,NA,Ternopil,1052312,12,0,935,15
2020-05-07,Ukraine,NA,Ternopil,1052312,16,2,951,17
2020-05-08,Ukraine,NA,Ternopil,1052312,8,0,959,17
2020-05-09,Ukraine,NA,Ternopil,1052312,18,1,977,18
2020-05-10,Ukraine,NA,Ternopil,1052312,22,0,999,18
2020-05-11,Ukraine,NA,Ternopil,1052312,19,0,1018,18
2020-05-12,Ukraine,NA,Ternopil,1052312,3,2,1021,20
2020-05-13,Ukraine,NA,Ternopil,1052312,7,0,1028,20
2020-05-14,Ukraine,NA,Ternopil,1052312,5,1,1033,21
2020-05-15,Ukraine,NA,Ternopil,1052312,27,1,1060,22
2020-05-16,Ukraine,NA,Ternopil,1052312,5,0,1065,22
2020-05-17,Ukraine,NA,Ternopil,1052312,13,0,1078,22
2020-05-18,Ukraine,NA,Ternopil,1052312,3,0,1081,22
2020-05-19,Ukraine,NA,Ternopil,1052312,0,0,1081,22
2020-05-20,Ukraine,NA,Ternopil,1052312,8,0,1089,22
2020-05-21,Ukraine,NA,Ternopil,1052312,9,1,1098,23
2020-05-22,Ukraine,NA,Ternopil,1052312,7,0,1105,23
2020-05-23,Ukraine,NA,Ternopil,1052312,3,1,1108,24
2020-05-24,Ukraine,NA,Ternopil,1052312,7,0,1115,24
2020-05-25,Ukraine,NA,Ternopil,1052312,6,0,1121,24
2020-05-26,Ukraine,NA,Ternopil,1052312,3,1,1124,25
2020-05-27,Ukraine,NA,Ternopil,1052312,2,1,1126,26
2020-05-28,Ukraine,NA,Ternopil,1052312,5,0,1131,26
2020-05-29,Ukraine,NA,Ternopil,1052312,14,0,1145,26
2020-05-30,Ukraine,NA,Ternopil,1052312,15,0,1160,26
2020-05-31,Ukraine,NA,Ternopil,1052312,9,0,1169,26
2020-06-01,Ukraine,NA,Ternopil,1052312,7,0,1176,26
2020-06-02,Ukraine,NA,Ternopil,1052312,4,0,1180,26
2020-06-03,Ukraine,NA,Ternopil,1052312,20,0,1200,26
2020-06-04,Ukraine,NA,Ternopil,1052312,20,0,1220,26
2020-06-05,Ukraine,NA,Ternopil,1052312,13,0,1233,26
2020-06-06,Ukraine,NA,Ternopil,1052312,22,0,1255,26
2020-06-07,Ukraine,NA,Ternopil,1052312,20,0,1275,26
2020-06-08,Ukraine,NA,Ternopil,1052312,19,0,1294,26
2020-06-09,Ukraine,NA,Ternopil,1052312,11,0,1305,26
2020-06-10,Ukraine,NA,Ternopil,1052312,8,0,1313,26
2020-06-11,Ukraine,NA,Ternopil,1052312,36,0,1349,26
2020-06-12,Ukraine,NA,Ternopil,1052312,23,0,1372,26
2020-06-13,Ukraine,NA,Ternopil,1052312,31,0,1403,26
2020-06-14,Ukraine,NA,Ternopil,1052312,24,0,1427,26
2020-06-15,Ukraine,NA,Ternopil,1052312,40,0,1467,26
2020-06-16,Ukraine,NA,Ternopil,1052312,16,0,1483,26
2020-06-17,Ukraine,NA,Ternopil,1052312,27,1,1510,27
2020-06-18,Ukraine,NA,Ternopil,1052312,32,0,1542,27
2020-06-19,Ukraine,NA,Ternopil,1052312,63,0,1605,27
2020-06-20,Ukraine,NA,Ternopil,1052312,38,0,1643,27
2020-06-21,Ukraine,NA,Ternopil,1052312,45,0,1688,27
2020-06-22,Ukraine,NA,Ternopil,1052312,40,0,1728,27
2020-06-23,Ukraine,NA,Ternopil,1052312,16,0,1744,27
2020-06-24,Ukraine,NA,Ternopil,1052312,42,0,1786,27
2020-06-25,Ukraine,NA,Ternopil,1052312,29,0,1815,27
2020-06-26,Ukraine,NA,Ternopil,1052312,42,0,1857,27
2020-06-27,Ukraine,NA,Ternopil,1052312,19,1,1876,28
2020-06-28,Ukraine,NA,Ternopil,1052312,17,0,1893,28
2020-06-29,Ukraine,NA,Ternopil,1052312,20,0,1913,28
2020-06-30,Ukraine,NA,Ternopil,1052312,6,0,1919,28
2020-07-01,Ukraine,NA,Ternopil,1052312,11,1,1930,29
2020-07-02,Ukraine,NA,Ternopil,1052312,28,0,1958,29
2020-07-03,Ukraine,NA,Ternopil,1052312,32,0,1990,29
2020-07-04,Ukraine,NA,Ternopil,1052312,35,0,2025,29
2020-07-05,Ukraine,NA,Ternopil,1052312,44,1,2069,30
2020-07-06,Ukraine,NA,Ternopil,1052312,32,0,2101,30
2020-07-07,Ukraine,NA,Ternopil,1052312,7,1,2108,31
2020-07-08,Ukraine,NA,Ternopil,1052312,34,0,2142,31
2020-07-09,Ukraine,NA,Ternopil,1052312,11,0,2153,31
2020-07-10,Ukraine,NA,Ternopil,1052312,21,1,2174,32
2020-07-11,Ukraine,NA,Ternopil,1052312,43,1,2217,33
2020-07-12,Ukraine,NA,Ternopil,1052312,14,1,2231,34
2020-07-13,Ukraine,NA,Ternopil,1052312,29,0,2260,34
2020-07-14,Ukraine,NA,Ternopil,1052312,16,0,2276,34
2020-07-15,Ukraine,NA,Ternopil,1052312,16,0,2292,34
2020-07-16,Ukraine,NA,Ternopil,1052312,45,0,2337,34
2020-07-17,Ukraine,NA,Ternopil,1052312,21,0,2358,34
2020-07-18,Ukraine,NA,Ternopil,1052312,36,0,2394,34
2020-07-19,Ukraine,NA,Ternopil,1052312,36,0,2430,34
2020-07-20,Ukraine,NA,Ternopil,1052312,26,0,2456,34
2020-07-21,Ukraine,NA,Ternopil,1052312,10,1,2466,35
2020-07-22,Ukraine,NA,Ternopil,1052312,42,0,2508,35
2020-07-23,Ukraine,NA,Ternopil,1052312,40,1,2548,36
2020-07-24,Ukraine,NA,Ternopil,1052312,56,0,2604,36
2020-07-25,Ukraine,NA,Ternopil,1052312,68,3,2672,39
2020-07-26,Ukraine,NA,Ternopil,1052312,53,0,2725,39
2020-07-27,Ukraine,NA,Ternopil,1052312,48,0,2773,39
2020-07-28,Ukraine,NA,Ternopil,1052312,49,0,2822,39
2020-07-29,Ukraine,NA,Ternopil,1052312,30,0,2852,39
2020-07-30,Ukraine,NA,Ternopil,1052312,70,0,2922,39
2020-07-31,Ukraine,NA,Ternopil,1052312,54,0,2976,39
2020-08-01,Ukraine,NA,Ternopil,1052312,59,0,3035,39
2020-08-02,Ukraine,NA,Ternopil,1052312,51,0,3086,39
2020-08-03,Ukraine,NA,Ternopil,1052312,27,0,3113,39
2020-08-04,Ukraine,NA,Ternopil,1052312,8,0,3121,39
2020-08-05,Ukraine,NA,Ternopil,1052312,28,1,3149,40
2020-08-06,Ukraine,NA,Ternopil,1052312,28,0,3177,40
2020-08-07,Ukraine,NA,Ternopil,1052312,35,1,3212,41
2020-08-08,Ukraine,NA,Ternopil,1052312,45,0,3257,41
2020-08-09,Ukraine,NA,Ternopil,1052312,32,0,3289,41
2020-08-10,Ukraine,NA,Ternopil,1052312,35,0,3324,41
2020-08-11,Ukraine,NA,Ternopil,1052312,51,3,3375,44
2020-08-12,Ukraine,NA,Ternopil,1052312,38,0,3413,44
2020-08-13,Ukraine,NA,Ternopil,1052312,76,0,3489,44
2020-08-14,Ukraine,NA,Ternopil,1052312,49,0,3538,44
2020-08-15,Ukraine,NA,Ternopil,1052312,97,1,3635,45
2020-08-16,Ukraine,NA,Ternopil,1052312,97,2,3732,47
2020-08-17,Ukraine,NA,Ternopil,1052312,85,0,3817,47
2020-08-18,Ukraine,NA,Ternopil,1052312,85,0,3902,47
2020-08-19,Ukraine,NA,Ternopil,1052312,99,0,4001,47
2020-08-20,Ukraine,NA,Ternopil,1052312,115,3,4116,50
2020-08-21,Ukraine,NA,Ternopil,1052312,185,1,4301,51
2020-08-22,Ukraine,NA,Ternopil,1052312,206,0,4507,51
2020-08-23,Ukraine,NA,Ternopil,1052312,119,3,4626,54
2020-08-24,Ukraine,NA,Ternopil,1052312,139,4,4765,58
2020-08-25,Ukraine,NA,Ternopil,1052312,158,2,4923,60
2020-08-26,Ukraine,NA,Ternopil,1052312,181,1,5104,61
2020-08-27,Ukraine,NA,Ternopil,1052312,141,0,5245,61
2020-08-28,Ukraine,NA,Ternopil,1052312,233,3,5478,64
2020-08-29,Ukraine,NA,Ternopil,1052312,227,2,5705,66
2020-08-30,Ukraine,NA,Ternopil,1052312,160,3,5865,69
2020-08-31,Ukraine,NA,Ternopil,1052312,149,2,6014,71
2020-09-01,Ukraine,NA,Ternopil,1052312,180,1,6194,72
2020-09-02,Ukraine,NA,Ternopil,1052312,201,4,6395,76
2020-09-03,Ukraine,NA,Ternopil,1052312,242,3,6637,79
2020-09-04,Ukraine,NA,Ternopil,1052312,204,1,6841,80
2020-09-05,Ukraine,NA,Ternopil,1052312,226,2,7067,82
2020-09-06,Ukraine,NA,Ternopil,1052312,158,2,7225,84
2020-09-07,Ukraine,NA,Ternopil,1052312,165,1,7390,85
2020-09-08,Ukraine,NA,Ternopil,1052312,190,2,7580,87
2020-09-09,Ukraine,NA,Ternopil,1052312,244,4,7824,91
2020-09-10,Ukraine,NA,Ternopil,1052312,251,4,8075,95
2020-09-11,Ukraine,NA,Ternopil,1052312,302,3,8377,98
2020-09-12,Ukraine,NA,Ternopil,1052312,280,2,8657,100
2020-09-13,Ukraine,NA,Ternopil,1052312,225,2,8882,102
2020-09-14,Ukraine,NA,Ternopil,1052312,352,7,9234,109
2020-09-15,Ukraine,NA,Ternopil,1052312,390,5,9624,114
2020-03-28,Ukraine,NA,Vinnytsia,1575808,7,0,16,0
2020-03-29,Ukraine,NA,Vinnytsia,1575808,6,0,22,0
2020-03-30,Ukraine,NA,Vinnytsia,1575808,1,0,23,0
2020-03-31,Ukraine,NA,Vinnytsia,1575808,19,0,42,0
2020-04-01,Ukraine,NA,Vinnytsia,1575808,9,0,51,0
2020-04-02,Ukraine,NA,Vinnytsia,1575808,10,0,61,0
2020-04-03,Ukraine,NA,Vinnytsia,1575808,5,0,66,0
2020-04-04,Ukraine,NA,Vinnytsia,1575808,9,0,75,0
2020-04-05,Ukraine,NA,Vinnytsia,1575808,0,0,75,0
2020-04-06,Ukraine,NA,Vinnytsia,1575808,0,0,75,0
2020-04-07,Ukraine,NA,Vinnytsia,1575808,2,0,77,0
2020-04-08,Ukraine,NA,Vinnytsia,1575808,12,0,89,0
2020-04-09,Ukraine,NA,Vinnytsia,1575808,13,0,102,0
2020-04-10,Ukraine,NA,Vinnytsia,1575808,17,0,119,0
2020-04-11,Ukraine,NA,Vinnytsia,1575808,32,0,151,0
2020-04-12,Ukraine,NA,Vinnytsia,1575808,23,0,174,0
2020-04-13,Ukraine,NA,Vinnytsia,1575808,20,0,194,0
2020-04-14,Ukraine,NA,Vinnytsia,1575808,6,0,200,0
2020-04-15,Ukraine,NA,Vinnytsia,1575808,41,0,241,0
2020-04-16,Ukraine,NA,Vinnytsia,1575808,38,0,279,0
2020-04-17,Ukraine,NA,Vinnytsia,1575808,17,0,296,0
2020-04-18,Ukraine,NA,Vinnytsia,1575808,23,0,319,0
2020-04-19,Ukraine,NA,Vinnytsia,1575808,11,0,330,0
2020-04-20,Ukraine,NA,Vinnytsia,1575808,0,1,330,1
2020-04-21,Ukraine,NA,Vinnytsia,1575808,8,0,338,1
2020-04-22,Ukraine,NA,Vinnytsia,1575808,11,2,349,3
2020-04-23,Ukraine,NA,Vinnytsia,1575808,4,0,353,3
2020-04-24,Ukraine,NA,Vinnytsia,1575808,17,0,370,3
2020-04-25,Ukraine,NA,Vinnytsia,1575808,7,0,377,3
2020-04-26,Ukraine,NA,Vinnytsia,1575808,11,0,388,3
2020-04-27,Ukraine,NA,Vinnytsia,1575808,10,0,398,3
2020-04-28,Ukraine,NA,Vinnytsia,1575808,8,0,406,3
2020-04-29,Ukraine,NA,Vinnytsia,1575808,6,0,412,3
2020-04-30,Ukraine,NA,Vinnytsia,1575808,5,0,417,3
2020-05-01,Ukraine,NA,Vinnytsia,1575808,8,0,425,3
2020-05-02,Ukraine,NA,Vinnytsia,1575808,2,0,427,3
2020-05-03,Ukraine,NA,Vinnytsia,1575808,8,0,435,3
2020-05-04,Ukraine,NA,Vinnytsia,1575808,1,0,436,3
2020-05-05,Ukraine,NA,Vinnytsia,1575808,18,2,454,5
2020-05-06,Ukraine,NA,Vinnytsia,1575808,18,0,472,5
2020-05-07,Ukraine,NA,Vinnytsia,1575808,13,0,485,5
2020-05-08,Ukraine,NA,Vinnytsia,1575808,29,0,514,5
2020-05-09,Ukraine,NA,Vinnytsia,1575808,8,0,522,5
2020-05-10,Ukraine,NA,Vinnytsia,1575808,22,1,544,6
2020-05-11,Ukraine,NA,Vinnytsia,1575808,9,0,553,6
2020-05-12,Ukraine,NA,Vinnytsia,1575808,27,0,580,6
2020-05-13,Ukraine,NA,Vinnytsia,1575808,48,0,628,6
2020-05-14,Ukraine,NA,Vinnytsia,1575808,26,0,654,6
2020-05-15,Ukraine,NA,Vinnytsia,1575808,20,1,674,7
2020-05-16,Ukraine,NA,Vinnytsia,1575808,26,1,700,8
2020-05-17,Ukraine,NA,Vinnytsia,1575808,15,3,715,11
2020-05-18,Ukraine,NA,Vinnytsia,1575808,18,0,733,11
2020-05-19,Ukraine,NA,Vinnytsia,1575808,18,0,751,11
2020-05-20,Ukraine,NA,Vinnytsia,1575808,15,2,766,13
2020-05-21,Ukraine,NA,Vinnytsia,1575808,22,0,788,13
2020-05-22,Ukraine,NA,Vinnytsia,1575808,36,1,824,14
2020-05-23,Ukraine,NA,Vinnytsia,1575808,29,1,853,15
2020-05-24,Ukraine,NA,Vinnytsia,1575808,36,0,889,15
2020-05-25,Ukraine,NA,Vinnytsia,1575808,3,0,892,15
2020-05-26,Ukraine,NA,Vinnytsia,1575808,18,0,910,15
2020-05-27,Ukraine,NA,Vinnytsia,1575808,22,0,932,15
2020-05-28,Ukraine,NA,Vinnytsia,1575808,15,1,947,16
2020-05-29,Ukraine,NA,Vinnytsia,1575808,10,0,957,16
2020-05-30,Ukraine,NA,Vinnytsia,1575808,1,0,958,16
2020-05-31,Ukraine,NA,Vinnytsia,1575808,35,0,993,16
2020-06-01,Ukraine,NA,Vinnytsia,1575808,12,0,1005,16
2020-06-02,Ukraine,NA,Vinnytsia,1575808,24,0,1029,16
2020-06-03,Ukraine,NA,Vinnytsia,1575808,21,0,1050,16
2020-06-04,Ukraine,NA,Vinnytsia,1575808,27,0,1077,16
2020-06-05,Ukraine,NA,Vinnytsia,1575808,16,1,1093,17
2020-06-06,Ukraine,NA,Vinnytsia,1575808,23,0,1116,17
2020-06-07,Ukraine,NA,Vinnytsia,1575808,20,1,1136,18
2020-06-08,Ukraine,NA,Vinnytsia,1575808,14,1,1150,19
2020-06-09,Ukraine,NA,Vinnytsia,1575808,25,1,1175,20
2020-06-10,Ukraine,NA,Vinnytsia,1575808,17,0,1192,20
2020-06-11,Ukraine,NA,Vinnytsia,1575808,44,0,1236,20
2020-06-12,Ukraine,NA,Vinnytsia,1575808,81,0,1317,20
2020-06-13,Ukraine,NA,Vinnytsia,1575808,52,1,1369,21
2020-06-14,Ukraine,NA,Vinnytsia,1575808,24,2,1393,23
2020-06-15,Ukraine,NA,Vinnytsia,1575808,30,0,1423,23
2020-06-16,Ukraine,NA,Vinnytsia,1575808,32,0,1455,23
2020-06-17,Ukraine,NA,Vinnytsia,1575808,45,1,1500,24
2020-06-18,Ukraine,NA,Vinnytsia,1575808,63,0,1563,24
2020-06-19,Ukraine,NA,Vinnytsia,1575808,33,4,1596,28
2020-06-20,Ukraine,NA,Vinnytsia,1575808,31,0,1627,28
2020-06-21,Ukraine,NA,Vinnytsia,1575808,20,0,1647,28
2020-06-22,Ukraine,NA,Vinnytsia,1575808,13,0,1660,28
2020-06-23,Ukraine,NA,Vinnytsia,1575808,30,0,1690,28
2020-06-24,Ukraine,NA,Vinnytsia,1575808,33,0,1723,28
2020-06-25,Ukraine,NA,Vinnytsia,1575808,30,0,1753,28
2020-06-26,Ukraine,NA,Vinnytsia,1575808,35,0,1788,28
2020-06-27,Ukraine,NA,Vinnytsia,1575808,23,0,1811,28
2020-06-28,Ukraine,NA,Vinnytsia,1575808,22,0,1833,28
2020-06-29,Ukraine,NA,Vinnytsia,1575808,13,0,1846,28
2020-06-30,Ukraine,NA,Vinnytsia,1575808,18,0,1864,28
2020-07-01,Ukraine,NA,Vinnytsia,1575808,12,1,1876,29
2020-07-02,Ukraine,NA,Vinnytsia,1575808,19,1,1895,30
2020-07-03,Ukraine,NA,Vinnytsia,1575808,20,0,1915,30
2020-07-04,Ukraine,NA,Vinnytsia,1575808,21,0,1936,30
2020-07-05,Ukraine,NA,Vinnytsia,1575808,15,0,1951,30
2020-07-06,Ukraine,NA,Vinnytsia,1575808,16,0,1967,30
2020-07-07,Ukraine,NA,Vinnytsia,1575808,12,2,1979,32
2020-07-08,Ukraine,NA,Vinnytsia,1575808,23,1,2002,33
2020-07-09,Ukraine,NA,Vinnytsia,1575808,19,1,2021,34
2020-07-10,Ukraine,NA,Vinnytsia,1575808,39,0,2060,34
2020-07-11,Ukraine,NA,Vinnytsia,1575808,21,2,2081,36
2020-07-12,Ukraine,NA,Vinnytsia,1575808,16,1,2097,37
2020-07-13,Ukraine,NA,Vinnytsia,1575808,25,1,2122,38
2020-07-14,Ukraine,NA,Vinnytsia,1575808,26,0,2148,38
2020-07-15,Ukraine,NA,Vinnytsia,1575808,46,0,2194,38
2020-07-16,Ukraine,NA,Vinnytsia,1575808,27,0,2221,38
2020-07-17,Ukraine,NA,Vinnytsia,1575808,32,0,2253,38
2020-07-18,Ukraine,NA,Vinnytsia,1575808,18,1,2271,39
2020-07-19,Ukraine,NA,Vinnytsia,1575808,28,0,2299,39
2020-07-20,Ukraine,NA,Vinnytsia,1575808,18,1,2317,40
2020-07-21,Ukraine,NA,Vinnytsia,1575808,13,2,2330,42
2020-07-22,Ukraine,NA,Vinnytsia,1575808,34,0,2364,42
2020-07-23,Ukraine,NA,Vinnytsia,1575808,52,1,2416,43
2020-07-24,Ukraine,NA,Vinnytsia,1575808,46,3,2462,46
2020-07-25,Ukraine,NA,Vinnytsia,1575808,50,0,2512,46
2020-07-26,Ukraine,NA,Vinnytsia,1575808,37,0,2549,46
2020-07-27,Ukraine,NA,Vinnytsia,1575808,40,0,2589,46
2020-07-28,Ukraine,NA,Vinnytsia,1575808,38,1,2627,47
2020-07-29,Ukraine,NA,Vinnytsia,1575808,33,2,2660,49
2020-07-30,Ukraine,NA,Vinnytsia,1575808,38,1,2698,50
2020-07-31,Ukraine,NA,Vinnytsia,1575808,38,1,2736,51
2020-08-01,Ukraine,NA,Vinnytsia,1575808,30,1,2766,52
2020-08-02,Ukraine,NA,Vinnytsia,1575808,24,0,2790,52
2020-08-03,Ukraine,NA,Vinnytsia,1575808,25,3,2815,55
2020-08-04,Ukraine,NA,Vinnytsia,1575808,33,0,2848,55
2020-08-05,Ukraine,NA,Vinnytsia,1575808,32,0,2880,55
2020-08-06,Ukraine,NA,Vinnytsia,1575808,18,2,2898,57
2020-08-07,Ukraine,NA,Vinnytsia,1575808,34,1,2932,58
2020-08-08,Ukraine,NA,Vinnytsia,1575808,23,2,2955,60
2020-08-09,Ukraine,NA,Vinnytsia,1575808,19,2,2974,62
2020-08-10,Ukraine,NA,Vinnytsia,1575808,11,0,2985,62
2020-08-11,Ukraine,NA,Vinnytsia,1575808,17,1,3002,63
2020-08-12,Ukraine,NA,Vinnytsia,1575808,41,0,3043,63
2020-08-13,Ukraine,NA,Vinnytsia,1575808,43,2,3086,65
2020-08-14,Ukraine,NA,Vinnytsia,1575808,43,0,3129,65
2020-08-15,Ukraine,NA,Vinnytsia,1575808,46,0,3175,65
2020-08-16,Ukraine,NA,Vinnytsia,1575808,38,1,3213,66
2020-08-17,Ukraine,NA,Vinnytsia,1575808,21,1,3234,67
2020-08-18,Ukraine,NA,Vinnytsia,1575808,38,3,3272,70
2020-08-19,Ukraine,NA,Vinnytsia,1575808,51,1,3323,71
2020-08-20,Ukraine,NA,Vinnytsia,1575808,82,1,3405,72
2020-08-21,Ukraine,NA,Vinnytsia,1575808,73,0,3478,72
2020-08-22,Ukraine,NA,Vinnytsia,1575808,75,1,3553,73
2020-08-23,Ukraine,NA,Vinnytsia,1575808,39,0,3592,73
2020-08-24,Ukraine,NA,Vinnytsia,1575808,32,1,3624,74
2020-08-25,Ukraine,NA,Vinnytsia,1575808,25,0,3649,74
2020-08-26,Ukraine,NA,Vinnytsia,1575808,28,2,3677,76
2020-08-27,Ukraine,NA,Vinnytsia,1575808,59,1,3736,77
2020-08-28,Ukraine,NA,Vinnytsia,1575808,64,3,3800,80
2020-08-29,Ukraine,NA,Vinnytsia,1575808,72,0,3872,80
2020-08-30,Ukraine,NA,Vinnytsia,1575808,76,1,3948,81
2020-08-31,Ukraine,NA,Vinnytsia,1575808,45,2,3993,83
2020-09-01,Ukraine,NA,Vinnytsia,1575808,51,2,4044,85
2020-09-02,Ukraine,NA,Vinnytsia,1575808,65,0,4109,85
2020-09-03,Ukraine,NA,Vinnytsia,1575808,85,0,4194,85
2020-09-04,Ukraine,NA,Vinnytsia,1575808,75,1,4269,86
2020-09-05,Ukraine,NA,Vinnytsia,1575808,55,1,4324,87
2020-09-06,Ukraine,NA,Vinnytsia,1575808,51,1,4375,88
2020-09-07,Ukraine,NA,Vinnytsia,1575808,31,2,4406,90
2020-09-08,Ukraine,NA,Vinnytsia,1575808,44,0,4450,90
2020-09-09,Ukraine,NA,Vinnytsia,1575808,53,2,4503,92
2020-09-10,Ukraine,NA,Vinnytsia,1575808,103,0,4606,92
2020-09-11,Ukraine,NA,Vinnytsia,1575808,84,0,4690,92
2020-09-12,Ukraine,NA,Vinnytsia,1575808,66,2,4756,94
2020-09-13,Ukraine,NA,Vinnytsia,1575808,52,2,4808,96
2020-09-14,Ukraine,NA,Vinnytsia,1575808,36,0,4844,96
2020-09-15,Ukraine,NA,Vinnytsia,1575808,43,0,4887,96
2020-04-03,Ukraine,NA,Volyn,1038457,7,0,17,1
2020-04-04,Ukraine,NA,Volyn,1038457,0,1,17,2
2020-04-05,Ukraine,NA,Volyn,1038457,2,0,19,2
2020-04-06,Ukraine,NA,Volyn,1038457,5,0,24,2
2020-04-07,Ukraine,NA,Volyn,1038457,10,0,34,2
2020-04-08,Ukraine,NA,Volyn,1038457,2,0,36,2
2020-04-09,Ukraine,NA,Volyn,1038457,2,0,38,2
2020-04-10,Ukraine,NA,Volyn,1038457,3,0,41,2
2020-04-11,Ukraine,NA,Volyn,1038457,11,0,52,2
2020-04-12,Ukraine,NA,Volyn,1038457,19,0,71,2
2020-04-13,Ukraine,NA,Volyn,1038457,7,1,78,3
2020-04-14,Ukraine,NA,Volyn,1038457,2,0,80,3
2020-04-15,Ukraine,NA,Volyn,1038457,20,1,100,4
2020-04-16,Ukraine,NA,Volyn,1038457,9,0,109,4
2020-04-17,Ukraine,NA,Volyn,1038457,13,0,122,4
2020-04-18,Ukraine,NA,Volyn,1038457,12,0,134,4
2020-04-19,Ukraine,NA,Volyn,1038457,16,0,150,4
2020-04-20,Ukraine,NA,Volyn,1038457,8,0,158,4
2020-04-21,Ukraine,NA,Volyn,1038457,16,0,174,4
2020-04-22,Ukraine,NA,Volyn,1038457,2,0,176,4
2020-04-23,Ukraine,NA,Volyn,1038457,12,0,188,4
2020-04-24,Ukraine,NA,Volyn,1038457,15,0,203,4
2020-04-25,Ukraine,NA,Volyn,1038457,9,1,212,5
2020-04-26,Ukraine,NA,Volyn,1038457,29,1,241,6
2020-04-27,Ukraine,NA,Volyn,1038457,13,0,254,6
2020-04-28,Ukraine,NA,Volyn,1038457,6,0,260,6
2020-04-29,Ukraine,NA,Volyn,1038457,11,0,271,6
2020-04-30,Ukraine,NA,Volyn,1038457,9,0,280,6
2020-05-01,Ukraine,NA,Volyn,1038457,27,0,307,6
2020-05-02,Ukraine,NA,Volyn,1038457,8,0,315,6
2020-05-03,Ukraine,NA,Volyn,1038457,9,0,324,6
2020-05-04,Ukraine,NA,Volyn,1038457,16,1,340,7
2020-05-05,Ukraine,NA,Volyn,1038457,3,0,343,7
2020-05-06,Ukraine,NA,Volyn,1038457,16,2,359,9
2020-05-07,Ukraine,NA,Volyn,1038457,34,0,393,9
2020-05-08,Ukraine,NA,Volyn,1038457,31,1,424,10
2020-05-09,Ukraine,NA,Volyn,1038457,21,0,445,10
2020-05-10,Ukraine,NA,Volyn,1038457,25,0,470,10
2020-05-11,Ukraine,NA,Volyn,1038457,12,1,482,11
2020-05-12,Ukraine,NA,Volyn,1038457,14,0,496,11
2020-05-13,Ukraine,NA,Volyn,1038457,14,1,510,12
2020-05-14,Ukraine,NA,Volyn,1038457,25,3,535,15
2020-05-15,Ukraine,NA,Volyn,1038457,47,1,582,16
2020-05-16,Ukraine,NA,Volyn,1038457,17,0,599,16
2020-05-17,Ukraine,NA,Volyn,1038457,16,0,615,16
2020-05-18,Ukraine,NA,Volyn,1038457,10,1,625,17
2020-05-19,Ukraine,NA,Volyn,1038457,10,0,635,17
2020-05-20,Ukraine,NA,Volyn,1038457,41,4,676,21
2020-05-21,Ukraine,NA,Volyn,1038457,22,0,698,21
2020-05-22,Ukraine,NA,Volyn,1038457,42,0,740,21
2020-05-23,Ukraine,NA,Volyn,1038457,19,1,759,22
2020-05-24,Ukraine,NA,Volyn,1038457,12,0,771,22
2020-05-25,Ukraine,NA,Volyn,1038457,12,1,783,23
2020-05-26,Ukraine,NA,Volyn,1038457,22,1,805,24
2020-05-27,Ukraine,NA,Volyn,1038457,9,0,814,24
2020-05-28,Ukraine,NA,Volyn,1038457,37,1,851,25
2020-05-29,Ukraine,NA,Volyn,1038457,12,0,863,25
2020-05-30,Ukraine,NA,Volyn,1038457,24,1,887,26
2020-05-31,Ukraine,NA,Volyn,1038457,21,0,908,26
2020-06-01,Ukraine,NA,Volyn,1038457,24,0,932,26
2020-06-02,Ukraine,NA,Volyn,1038457,10,0,942,26
2020-06-03,Ukraine,NA,Volyn,1038457,17,1,959,27
2020-06-04,Ukraine,NA,Volyn,1038457,27,2,986,29
2020-06-05,Ukraine,NA,Volyn,1038457,22,1,1008,30
2020-06-06,Ukraine,NA,Volyn,1038457,29,2,1037,32
2020-06-07,Ukraine,NA,Volyn,1038457,15,0,1052,32
2020-06-08,Ukraine,NA,Volyn,1038457,27,1,1079,33
2020-06-09,Ukraine,NA,Volyn,1038457,34,1,1113,34
2020-06-10,Ukraine,NA,Volyn,1038457,101,3,1214,37
2020-06-11,Ukraine,NA,Volyn,1038457,52,1,1266,38
2020-06-12,Ukraine,NA,Volyn,1038457,47,2,1313,40
2020-06-13,Ukraine,NA,Volyn,1038457,41,1,1354,41
2020-06-14,Ukraine,NA,Volyn,1038457,44,1,1398,42
2020-06-15,Ukraine,NA,Volyn,1038457,40,1,1438,43
2020-06-16,Ukraine,NA,Volyn,1038457,61,2,1499,45
2020-06-17,Ukraine,NA,Volyn,1038457,55,3,1554,48
2020-06-18,Ukraine,NA,Volyn,1038457,56,2,1610,50
2020-06-19,Ukraine,NA,Volyn,1038457,63,2,1673,52
2020-06-20,Ukraine,NA,Volyn,1038457,70,0,1743,52
2020-06-21,Ukraine,NA,Volyn,1038457,39,0,1782,52
2020-06-22,Ukraine,NA,Volyn,1038457,70,0,1852,52
2020-06-23,Ukraine,NA,Volyn,1038457,42,2,1894,54
2020-06-24,Ukraine,NA,Volyn,1038457,61,3,1955,57
2020-06-25,Ukraine,NA,Volyn,1038457,69,0,2024,57
2020-06-26,Ukraine,NA,Volyn,1038457,72,2,2096,59
2020-06-27,Ukraine,NA,Volyn,1038457,65,1,2161,60
2020-06-28,Ukraine,NA,Volyn,1038457,67,0,2228,60
2020-06-29,Ukraine,NA,Volyn,1038457,84,0,2312,60
2020-06-30,Ukraine,NA,Volyn,1038457,56,0,2368,60
2020-07-01,Ukraine,NA,Volyn,1038457,59,2,2427,62
2020-07-02,Ukraine,NA,Volyn,1038457,81,0,2508,62
2020-07-03,Ukraine,NA,Volyn,1038457,63,1,2571,63
2020-07-04,Ukraine,NA,Volyn,1038457,92,4,2663,67
2020-07-05,Ukraine,NA,Volyn,1038457,42,1,2705,68
2020-07-06,Ukraine,NA,Volyn,1038457,47,1,2752,69
2020-07-07,Ukraine,NA,Volyn,1038457,36,1,2788,70
2020-07-08,Ukraine,NA,Volyn,1038457,37,1,2825,71
2020-07-09,Ukraine,NA,Volyn,1038457,50,0,2875,71
2020-07-10,Ukraine,NA,Volyn,1038457,57,0,2932,71
2020-07-11,Ukraine,NA,Volyn,1038457,55,1,2987,72
2020-07-12,Ukraine,NA,Volyn,1038457,55,0,3042,72
2020-07-13,Ukraine,NA,Volyn,1038457,29,0,3071,72
2020-07-14,Ukraine,NA,Volyn,1038457,9,2,3080,74
2020-07-15,Ukraine,NA,Volyn,1038457,37,0,3117,74
2020-07-16,Ukraine,NA,Volyn,1038457,30,0,3147,74
2020-07-17,Ukraine,NA,Volyn,1038457,41,0,3188,74
2020-07-18,Ukraine,NA,Volyn,1038457,31,0,3219,74
2020-07-19,Ukraine,NA,Volyn,1038457,32,0,3251,74
2020-07-20,Ukraine,NA,Volyn,1038457,30,1,3281,75
2020-07-21,Ukraine,NA,Volyn,1038457,37,2,3318,77
2020-07-22,Ukraine,NA,Volyn,1038457,41,2,3359,79
2020-07-23,Ukraine,NA,Volyn,1038457,42,1,3401,80
2020-07-24,Ukraine,NA,Volyn,1038457,45,0,3446,80
2020-07-25,Ukraine,NA,Volyn,1038457,57,3,3503,83
2020-07-26,Ukraine,NA,Volyn,1038457,57,0,3560,83
2020-07-27,Ukraine,NA,Volyn,1038457,56,0,3616,83
2020-07-28,Ukraine,NA,Volyn,1038457,32,1,3648,84
2020-07-29,Ukraine,NA,Volyn,1038457,46,0,3694,84
2020-07-30,Ukraine,NA,Volyn,1038457,41,0,3735,84
2020-07-31,Ukraine,NA,Volyn,1038457,48,0,3783,84
2020-08-01,Ukraine,NA,Volyn,1038457,45,0,3828,84
2020-08-02,Ukraine,NA,Volyn,1038457,60,0,3888,84
2020-08-03,Ukraine,NA,Volyn,1038457,61,0,3949,84
2020-08-04,Ukraine,NA,Volyn,1038457,59,2,4008,86
2020-08-05,Ukraine,NA,Volyn,1038457,56,2,4064,88
2020-08-06,Ukraine,NA,Volyn,1038457,44,1,4108,89
2020-08-07,Ukraine,NA,Volyn,1038457,54,1,4162,90
2020-08-08,Ukraine,NA,Volyn,1038457,64,0,4226,90
2020-08-09,Ukraine,NA,Volyn,1038457,56,1,4282,91
2020-08-10,Ukraine,NA,Volyn,1038457,45,2,4327,93
2020-08-11,Ukraine,NA,Volyn,1038457,48,1,4375,94
2020-08-12,Ukraine,NA,Volyn,1038457,48,1,4423,95
2020-08-13,Ukraine,NA,Volyn,1038457,48,1,4471,96
2020-08-14,Ukraine,NA,Volyn,1038457,58,1,4529,97
2020-08-15,Ukraine,NA,Volyn,1038457,61,1,4590,98
2020-08-16,Ukraine,NA,Volyn,1038457,54,3,4644,101
2020-08-17,Ukraine,NA,Volyn,1038457,63,3,4707,104
2020-08-18,Ukraine,NA,Volyn,1038457,85,2,4792,106
2020-08-19,Ukraine,NA,Volyn,1038457,86,1,4878,107
2020-08-20,Ukraine,NA,Volyn,1038457,51,1,4929,108
2020-08-21,Ukraine,NA,Volyn,1038457,60,0,4989,108
2020-08-22,Ukraine,NA,Volyn,1038457,63,1,5052,109
2020-08-23,Ukraine,NA,Volyn,1038457,50,1,5102,110
2020-08-24,Ukraine,NA,Volyn,1038457,45,1,5147,111
2020-08-25,Ukraine,NA,Volyn,1038457,40,2,5187,113
2020-08-26,Ukraine,NA,Volyn,1038457,34,1,5221,114
2020-08-27,Ukraine,NA,Volyn,1038457,47,2,5268,116
2020-08-28,Ukraine,NA,Volyn,1038457,52,0,5320,116
2020-08-29,Ukraine,NA,Volyn,1038457,50,1,5370,117
2020-08-30,Ukraine,NA,Volyn,1038457,47,0,5417,117
2020-08-31,Ukraine,NA,Volyn,1038457,54,2,5471,119
2020-09-01,Ukraine,NA,Volyn,1038457,52,2,5523,121
2020-09-02,Ukraine,NA,Volyn,1038457,66,2,5589,123
2020-09-03,Ukraine,NA,Volyn,1038457,73,0,5662,123
2020-09-04,Ukraine,NA,Volyn,1038457,61,3,5723,126
2020-09-05,Ukraine,NA,Volyn,1038457,68,1,5791,127
2020-09-06,Ukraine,NA,Volyn,1038457,37,0,5828,127
2020-09-07,Ukraine,NA,Volyn,1038457,55,0,5883,127
2020-09-08,Ukraine,NA,Volyn,1038457,60,2,5943,129
2020-09-09,Ukraine,NA,Volyn,1038457,72,1,6015,130
2020-09-10,Ukraine,NA,Volyn,1038457,77,0,6092,130
2020-09-11,Ukraine,NA,Volyn,1038457,69,2,6161,132
2020-09-12,Ukraine,NA,Volyn,1038457,63,1,6224,133
2020-09-13,Ukraine,NA,Volyn,1038457,65,2,6289,135
2020-09-14,Ukraine,NA,Volyn,1038457,64,0,6353,135
2020-09-15,Ukraine,NA,Volyn,1038457,75,1,6428,136
2020-04-03,Ukraine,NA,Zakarpattia,1258155,23,0,24,0
2020-04-04,Ukraine,NA,Zakarpattia,1258155,4,0,28,0
2020-04-05,Ukraine,NA,Zakarpattia,1258155,0,0,28,0
2020-04-06,Ukraine,NA,Zakarpattia,1258155,7,0,35,0
2020-04-07,Ukraine,NA,Zakarpattia,1258155,3,2,38,2
2020-04-08,Ukraine,NA,Zakarpattia,1258155,5,0,43,2
2020-04-09,Ukraine,NA,Zakarpattia,1258155,8,0,51,2
2020-04-10,Ukraine,NA,Zakarpattia,1258155,5,1,56,3
2020-04-11,Ukraine,NA,Zakarpattia,1258155,4,1,60,4
2020-04-12,Ukraine,NA,Zakarpattia,1258155,22,0,82,4
2020-04-13,Ukraine,NA,Zakarpattia,1258155,10,0,92,4
2020-04-14,Ukraine,NA,Zakarpattia,1258155,7,0,99,4
2020-04-15,Ukraine,NA,Zakarpattia,1258155,11,0,110,4
2020-04-16,Ukraine,NA,Zakarpattia,1258155,6,0,116,4
2020-04-17,Ukraine,NA,Zakarpattia,1258155,34,0,150,4
2020-04-18,Ukraine,NA,Zakarpattia,1258155,16,0,166,4
2020-04-19,Ukraine,NA,Zakarpattia,1258155,16,2,182,6
2020-04-20,Ukraine,NA,Zakarpattia,1258155,14,0,196,6
2020-04-21,Ukraine,NA,Zakarpattia,1258155,9,0,205,6
2020-04-22,Ukraine,NA,Zakarpattia,1258155,13,0,218,6
2020-04-23,Ukraine,NA,Zakarpattia,1258155,12,0,230,6
2020-04-24,Ukraine,NA,Zakarpattia,1258155,30,0,260,6
2020-04-25,Ukraine,NA,Zakarpattia,1258155,26,1,286,7
2020-04-26,Ukraine,NA,Zakarpattia,1258155,43,0,329,7
2020-04-27,Ukraine,NA,Zakarpattia,1258155,46,0,375,7
2020-04-28,Ukraine,NA,Zakarpattia,1258155,12,2,387,9
2020-04-29,Ukraine,NA,Zakarpattia,1258155,16,0,403,9
2020-04-30,Ukraine,NA,Zakarpattia,1258155,16,0,419,9
2020-05-01,Ukraine,NA,Zakarpattia,1258155,13,0,432,9
2020-05-02,Ukraine,NA,Zakarpattia,1258155,64,0,496,9
2020-05-03,Ukraine,NA,Zakarpattia,1258155,12,1,508,10
2020-05-04,Ukraine,NA,Zakarpattia,1258155,23,0,531,10
2020-05-05,Ukraine,NA,Zakarpattia,1258155,15,2,546,12
2020-05-06,Ukraine,NA,Zakarpattia,1258155,26,1,572,13
2020-05-07,Ukraine,NA,Zakarpattia,1258155,28,0,600,13
2020-05-08,Ukraine,NA,Zakarpattia,1258155,44,1,644,14
2020-05-09,Ukraine,NA,Zakarpattia,1258155,34,1,678,15
2020-05-10,Ukraine,NA,Zakarpattia,1258155,17,1,695,16
2020-05-11,Ukraine,NA,Zakarpattia,1258155,35,1,730,17
2020-05-12,Ukraine,NA,Zakarpattia,1258155,18,1,748,18
2020-05-13,Ukraine,NA,Zakarpattia,1258155,16,0,764,18
2020-05-14,Ukraine,NA,Zakarpattia,1258155,27,1,791,19
2020-05-15,Ukraine,NA,Zakarpattia,1258155,25,2,816,21
2020-05-16,Ukraine,NA,Zakarpattia,1258155,42,1,858,22
2020-05-17,Ukraine,NA,Zakarpattia,1258155,27,2,885,24
2020-05-18,Ukraine,NA,Zakarpattia,1258155,16,0,901,24
2020-05-19,Ukraine,NA,Zakarpattia,1258155,10,0,911,24
2020-05-20,Ukraine,NA,Zakarpattia,1258155,11,0,922,24
2020-05-21,Ukraine,NA,Zakarpattia,1258155,42,0,964,24
2020-05-22,Ukraine,NA,Zakarpattia,1258155,39,0,1003,24
2020-05-23,Ukraine,NA,Zakarpattia,1258155,39,2,1042,26
2020-05-24,Ukraine,NA,Zakarpattia,1258155,19,0,1061,26
2020-05-25,Ukraine,NA,Zakarpattia,1258155,21,1,1082,27
2020-05-26,Ukraine,NA,Zakarpattia,1258155,10,0,1092,27
2020-05-27,Ukraine,NA,Zakarpattia,1258155,12,0,1104,27
2020-05-28,Ukraine,NA,Zakarpattia,1258155,20,0,1124,27
2020-05-29,Ukraine,NA,Zakarpattia,1258155,23,0,1147,27
2020-05-30,Ukraine,NA,Zakarpattia,1258155,24,1,1171,28
2020-05-31,Ukraine,NA,Zakarpattia,1258155,18,0,1189,28
2020-06-01,Ukraine,NA,Zakarpattia,1258155,17,0,1206,28
2020-06-02,Ukraine,NA,Zakarpattia,1258155,10,0,1216,28
2020-06-03,Ukraine,NA,Zakarpattia,1258155,20,0,1236,28
2020-06-04,Ukraine,NA,Zakarpattia,1258155,21,0,1257,28
2020-06-05,Ukraine,NA,Zakarpattia,1258155,23,0,1280,28
2020-06-06,Ukraine,NA,Zakarpattia,1258155,21,2,1301,30
2020-06-07,Ukraine,NA,Zakarpattia,1258155,21,0,1322,30
2020-06-08,Ukraine,NA,Zakarpattia,1258155,64,2,1386,32
2020-06-09,Ukraine,NA,Zakarpattia,1258155,39,0,1425,32
2020-06-10,Ukraine,NA,Zakarpattia,1258155,23,1,1448,33
2020-06-11,Ukraine,NA,Zakarpattia,1258155,23,2,1471,35
2020-06-12,Ukraine,NA,Zakarpattia,1258155,35,3,1506,38
2020-06-13,Ukraine,NA,Zakarpattia,1258155,77,1,1583,39
2020-06-14,Ukraine,NA,Zakarpattia,1258155,49,1,1632,40
2020-06-15,Ukraine,NA,Zakarpattia,1258155,48,2,1680,42
2020-06-16,Ukraine,NA,Zakarpattia,1258155,46,0,1726,42
2020-06-17,Ukraine,NA,Zakarpattia,1258155,82,4,1808,46
2020-06-18,Ukraine,NA,Zakarpattia,1258155,74,5,1882,51
2020-06-19,Ukraine,NA,Zakarpattia,1258155,78,2,1960,53
2020-06-20,Ukraine,NA,Zakarpattia,1258155,109,1,2069,54
2020-06-21,Ukraine,NA,Zakarpattia,1258155,80,0,2149,54
2020-06-22,Ukraine,NA,Zakarpattia,1258155,39,3,2188,57
2020-06-23,Ukraine,NA,Zakarpattia,1258155,103,4,2291,61
2020-06-24,Ukraine,NA,Zakarpattia,1258155,78,4,2369,65
2020-06-25,Ukraine,NA,Zakarpattia,1258155,85,5,2454,70
2020-06-26,Ukraine,NA,Zakarpattia,1258155,93,3,2547,73
2020-06-27,Ukraine,NA,Zakarpattia,1258155,93,9,2640,82
2020-06-28,Ukraine,NA,Zakarpattia,1258155,86,2,2726,84
2020-06-29,Ukraine,NA,Zakarpattia,1258155,66,3,2792,87
2020-06-30,Ukraine,NA,Zakarpattia,1258155,97,4,2889,91
2020-07-01,Ukraine,NA,Zakarpattia,1258155,72,4,2961,95
2020-07-02,Ukraine,NA,Zakarpattia,1258155,85,2,3046,97
2020-07-03,Ukraine,NA,Zakarpattia,1258155,80,5,3126,102
2020-07-04,Ukraine,NA,Zakarpattia,1258155,88,0,3214,102
2020-07-05,Ukraine,NA,Zakarpattia,1258155,107,6,3321,108
2020-07-06,Ukraine,NA,Zakarpattia,1258155,54,3,3375,111
2020-07-07,Ukraine,NA,Zakarpattia,1258155,83,6,3458,117
2020-07-08,Ukraine,NA,Zakarpattia,1258155,75,4,3533,121
2020-07-09,Ukraine,NA,Zakarpattia,1258155,89,5,3622,126
2020-07-10,Ukraine,NA,Zakarpattia,1258155,112,6,3734,132
2020-07-11,Ukraine,NA,Zakarpattia,1258155,108,6,3842,138
2020-07-12,Ukraine,NA,Zakarpattia,1258155,67,1,3909,139
2020-07-13,Ukraine,NA,Zakarpattia,1258155,79,0,3988,139
2020-07-14,Ukraine,NA,Zakarpattia,1258155,67,1,4055,140
2020-07-15,Ukraine,NA,Zakarpattia,1258155,57,2,4112,142
2020-07-16,Ukraine,NA,Zakarpattia,1258155,54,1,4166,143
2020-07-17,Ukraine,NA,Zakarpattia,1258155,63,2,4229,145
2020-07-18,Ukraine,NA,Zakarpattia,1258155,89,3,4318,148
2020-07-19,Ukraine,NA,Zakarpattia,1258155,36,4,4354,152
2020-07-20,Ukraine,NA,Zakarpattia,1258155,86,3,4440,155
2020-07-21,Ukraine,NA,Zakarpattia,1258155,78,5,4518,160
2020-07-22,Ukraine,NA,Zakarpattia,1258155,60,3,4578,163
2020-07-23,Ukraine,NA,Zakarpattia,1258155,63,3,4641,166
2020-07-24,Ukraine,NA,Zakarpattia,1258155,65,2,4706,168
2020-07-25,Ukraine,NA,Zakarpattia,1258155,68,2,4774,170
2020-07-26,Ukraine,NA,Zakarpattia,1258155,67,1,4841,171
2020-07-27,Ukraine,NA,Zakarpattia,1258155,33,1,4874,172
2020-07-28,Ukraine,NA,Zakarpattia,1258155,66,0,4940,172
2020-07-29,Ukraine,NA,Zakarpattia,1258155,68,4,5008,176
2020-07-30,Ukraine,NA,Zakarpattia,1258155,70,7,5078,183
2020-07-31,Ukraine,NA,Zakarpattia,1258155,68,9,5146,192
2020-08-01,Ukraine,NA,Zakarpattia,1258155,64,6,5210,198
2020-08-02,Ukraine,NA,Zakarpattia,1258155,57,3,5267,201
2020-08-03,Ukraine,NA,Zakarpattia,1258155,51,1,5318,202
2020-08-04,Ukraine,NA,Zakarpattia,1258155,66,4,5384,206
2020-08-05,Ukraine,NA,Zakarpattia,1258155,78,4,5462,210
2020-08-06,Ukraine,NA,Zakarpattia,1258155,77,2,5539,212
2020-08-07,Ukraine,NA,Zakarpattia,1258155,76,4,5615,216
2020-08-08,Ukraine,NA,Zakarpattia,1258155,82,2,5697,218
2020-08-09,Ukraine,NA,Zakarpattia,1258155,68,2,5765,220
2020-08-10,Ukraine,NA,Zakarpattia,1258155,44,2,5809,222
2020-08-11,Ukraine,NA,Zakarpattia,1258155,66,1,5875,223
2020-08-12,Ukraine,NA,Zakarpattia,1258155,71,3,5946,226
2020-08-13,Ukraine,NA,Zakarpattia,1258155,63,4,6009,230
2020-08-14,Ukraine,NA,Zakarpattia,1258155,71,0,6080,230
2020-08-15,Ukraine,NA,Zakarpattia,1258155,90,4,6170,234
2020-08-16,Ukraine,NA,Zakarpattia,1258155,76,3,6246,237
2020-08-17,Ukraine,NA,Zakarpattia,1258155,83,1,6329,238
2020-08-18,Ukraine,NA,Zakarpattia,1258155,106,1,6435,239
2020-08-19,Ukraine,NA,Zakarpattia,1258155,117,3,6552,242
2020-08-20,Ukraine,NA,Zakarpattia,1258155,110,1,6662,243
2020-08-21,Ukraine,NA,Zakarpattia,1258155,109,0,6771,243
2020-08-22,Ukraine,NA,Zakarpattia,1258155,114,3,6885,246
2020-08-23,Ukraine,NA,Zakarpattia,1258155,102,1,6987,247
2020-08-24,Ukraine,NA,Zakarpattia,1258155,39,0,7026,247
2020-08-25,Ukraine,NA,Zakarpattia,1258155,37,1,7063,248
2020-08-26,Ukraine,NA,Zakarpattia,1258155,80,1,7143,249
2020-08-27,Ukraine,NA,Zakarpattia,1258155,82,3,7225,252
2020-08-28,Ukraine,NA,Zakarpattia,1258155,77,2,7302,254
2020-08-29,Ukraine,NA,Zakarpattia,1258155,83,5,7385,259
2020-08-30,Ukraine,NA,Zakarpattia,1258155,71,0,7456,259
2020-08-31,Ukraine,NA,Zakarpattia,1258155,60,3,7516,262
2020-09-01,Ukraine,NA,Zakarpattia,1258155,84,1,7600,263
2020-09-02,Ukraine,NA,Zakarpattia,1258155,97,2,7697,265
2020-09-03,Ukraine,NA,Zakarpattia,1258155,91,2,7788,267
2020-09-04,Ukraine,NA,Zakarpattia,1258155,100,1,7888,268
2020-09-05,Ukraine,NA,Zakarpattia,1258155,100,1,7988,269
2020-09-06,Ukraine,NA,Zakarpattia,1258155,61,2,8049,271
2020-09-07,Ukraine,NA,Zakarpattia,1258155,42,0,8091,271
2020-09-08,Ukraine,NA,Zakarpattia,1258155,89,2,8180,273
2020-09-09,Ukraine,NA,Zakarpattia,1258155,97,3,8277,276
2020-09-10,Ukraine,NA,Zakarpattia,1258155,82,1,8359,277
2020-09-11,Ukraine,NA,Zakarpattia,1258155,94,3,8453,280
2020-09-12,Ukraine,NA,Zakarpattia,1258155,79,2,8532,282
2020-09-13,Ukraine,NA,Zakarpattia,1258155,93,1,8625,283
2020-09-14,Ukraine,NA,Zakarpattia,1258155,50,3,8675,286
2020-09-15,Ukraine,NA,Zakarpattia,1258155,81,0,8756,286
2020-03-29,Ukraine,NA,Zaporizhzhya,1723171,1,0,11,0
2020-03-30,Ukraine,NA,Zaporizhzhya,1723171,0,0,11,0
2020-03-31,Ukraine,NA,Zaporizhzhya,1723171,2,0,13,0
2020-04-01,Ukraine,NA,Zaporizhzhya,1723171,6,0,19,0
2020-04-02,Ukraine,NA,Zaporizhzhya,1723171,3,0,22,0
2020-04-03,Ukraine,NA,Zaporizhzhya,1723171,6,0,28,0
2020-04-04,Ukraine,NA,Zaporizhzhya,1723171,11,0,39,0
2020-04-05,Ukraine,NA,Zaporizhzhya,1723171,0,0,39,0
2020-04-06,Ukraine,NA,Zaporizhzhya,1723171,2,0,41,0
2020-04-07,Ukraine,NA,Zaporizhzhya,1723171,0,0,41,0
2020-04-08,Ukraine,NA,Zaporizhzhya,1723171,4,0,45,0
2020-04-09,Ukraine,NA,Zaporizhzhya,1723171,2,0,47,0
2020-04-10,Ukraine,NA,Zaporizhzhya,1723171,7,1,54,1
2020-04-11,Ukraine,NA,Zaporizhzhya,1723171,10,0,64,1
2020-04-12,Ukraine,NA,Zaporizhzhya,1723171,19,0,83,1
2020-04-13,Ukraine,NA,Zaporizhzhya,1723171,2,0,85,1
2020-04-14,Ukraine,NA,Zaporizhzhya,1723171,4,0,89,1
2020-04-15,Ukraine,NA,Zaporizhzhya,1723171,10,1,99,2
2020-04-16,Ukraine,NA,Zaporizhzhya,1723171,16,0,115,2
2020-04-17,Ukraine,NA,Zaporizhzhya,1723171,3,0,118,2
2020-04-18,Ukraine,NA,Zaporizhzhya,1723171,9,0,127,2
2020-04-19,Ukraine,NA,Zaporizhzhya,1723171,4,0,131,2
2020-04-20,Ukraine,NA,Zaporizhzhya,1723171,3,0,134,2
2020-04-21,Ukraine,NA,Zaporizhzhya,1723171,3,1,137,3
2020-04-22,Ukraine,NA,Zaporizhzhya,1723171,4,0,141,3
2020-04-23,Ukraine,NA,Zaporizhzhya,1723171,5,1,146,4
2020-04-24,Ukraine,NA,Zaporizhzhya,1723171,17,0,163,4
2020-04-25,Ukraine,NA,Zaporizhzhya,1723171,8,0,171,4
2020-04-26,Ukraine,NA,Zaporizhzhya,1723171,11,0,182,4
2020-04-27,Ukraine,NA,Zaporizhzhya,1723171,22,1,204,5
2020-04-28,Ukraine,NA,Zaporizhzhya,1723171,4,0,208,5
2020-04-29,Ukraine,NA,Zaporizhzhya,1723171,20,0,228,5
2020-04-30,Ukraine,NA,Zaporizhzhya,1723171,15,0,243,5
2020-05-01,Ukraine,NA,Zaporizhzhya,1723171,17,0,260,5
2020-05-02,Ukraine,NA,Zaporizhzhya,1723171,7,0,267,5
2020-05-03,Ukraine,NA,Zaporizhzhya,1723171,8,0,275,5
2020-05-04,Ukraine,NA,Zaporizhzhya,1723171,10,0,285,5
2020-05-05,Ukraine,NA,Zaporizhzhya,1723171,2,0,287,5
2020-05-06,Ukraine,NA,Zaporizhzhya,1723171,11,0,298,5
2020-05-07,Ukraine,NA,Zaporizhzhya,1723171,2,0,300,5
2020-05-08,Ukraine,NA,Zaporizhzhya,1723171,12,2,312,7
2020-05-09,Ukraine,NA,Zaporizhzhya,1723171,8,0,320,7
2020-05-10,Ukraine,NA,Zaporizhzhya,1723171,8,0,328,7
2020-05-11,Ukraine,NA,Zaporizhzhya,1723171,1,0,329,7
2020-05-12,Ukraine,NA,Zaporizhzhya,1723171,2,1,331,8
2020-05-13,Ukraine,NA,Zaporizhzhya,1723171,0,0,331,8
2020-05-14,Ukraine,NA,Zaporizhzhya,1723171,16,0,347,8
2020-05-15,Ukraine,NA,Zaporizhzhya,1723171,9,0,356,8
2020-05-16,Ukraine,NA,Zaporizhzhya,1723171,9,0,365,8
2020-05-17,Ukraine,NA,Zaporizhzhya,1723171,13,0,378,8
2020-05-18,Ukraine,NA,Zaporizhzhya,1723171,4,1,382,9
2020-05-19,Ukraine,NA,Zaporizhzhya,1723171,3,0,385,9
2020-05-20,Ukraine,NA,Zaporizhzhya,1723171,0,0,385,9
2020-05-21,Ukraine,NA,Zaporizhzhya,1723171,13,2,398,11
2020-05-22,Ukraine,NA,Zaporizhzhya,1723171,3,0,401,11
2020-05-23,Ukraine,NA,Zaporizhzhya,1723171,2,1,403,12
2020-05-24,Ukraine,NA,Zaporizhzhya,1723171,7,0,410,12
2020-05-25,Ukraine,NA,Zaporizhzhya,1723171,5,0,415,12
2020-05-26,Ukraine,NA,Zaporizhzhya,1723171,1,0,416,12
2020-05-27,Ukraine,NA,Zaporizhzhya,1723171,4,1,420,13
2020-05-28,Ukraine,NA,Zaporizhzhya,1723171,5,0,425,13
2020-05-29,Ukraine,NA,Zaporizhzhya,1723171,6,0,431,13
2020-05-30,Ukraine,NA,Zaporizhzhya,1723171,9,0,440,13
2020-05-31,Ukraine,NA,Zaporizhzhya,1723171,4,0,444,13
2020-06-01,Ukraine,NA,Zaporizhzhya,1723171,3,0,447,13
2020-06-02,Ukraine,NA,Zaporizhzhya,1723171,3,0,450,13
2020-06-03,Ukraine,NA,Zaporizhzhya,1723171,13,0,463,13
2020-06-04,Ukraine,NA,Zaporizhzhya,1723171,6,1,469,14
2020-06-05,Ukraine,NA,Zaporizhzhya,1723171,8,0,477,14
2020-06-06,Ukraine,NA,Zaporizhzhya,1723171,11,0,488,14
2020-06-07,Ukraine,NA,Zaporizhzhya,1723171,7,0,495,14
2020-06-08,Ukraine,NA,Zaporizhzhya,1723171,1,0,496,14
2020-06-09,Ukraine,NA,Zaporizhzhya,1723171,3,0,499,14
2020-06-10,Ukraine,NA,Zaporizhzhya,1723171,3,1,502,15
2020-06-11,Ukraine,NA,Zaporizhzhya,1723171,8,0,510,15
2020-06-12,Ukraine,NA,Zaporizhzhya,1723171,5,0,515,15
2020-06-13,Ukraine,NA,Zaporizhzhya,1723171,6,1,521,16
2020-06-14,Ukraine,NA,Zaporizhzhya,1723171,6,0,527,16
2020-06-15,Ukraine,NA,Zaporizhzhya,1723171,2,0,529,16
2020-06-16,Ukraine,NA,Zaporizhzhya,1723171,2,0,531,16
2020-06-17,Ukraine,NA,Zaporizhzhya,1723171,7,0,538,16
2020-06-18,Ukraine,NA,Zaporizhzhya,1723171,3,0,541,16
2020-06-19,Ukraine,NA,Zaporizhzhya,1723171,6,0,547,16
2020-06-20,Ukraine,NA,Zaporizhzhya,1723171,4,0,551,16
2020-06-21,Ukraine,NA,Zaporizhzhya,1723171,3,0,554,16
2020-06-22,Ukraine,NA,Zaporizhzhya,1723171,1,0,555,16
2020-06-23,Ukraine,NA,Zaporizhzhya,1723171,0,1,555,17
2020-06-24,Ukraine,NA,Zaporizhzhya,1723171,4,0,559,17
2020-06-25,Ukraine,NA,Zaporizhzhya,1723171,2,0,561,17
2020-06-26,Ukraine,NA,Zaporizhzhya,1723171,0,0,561,17
2020-06-27,Ukraine,NA,Zaporizhzhya,1723171,4,0,565,17
2020-06-28,Ukraine,NA,Zaporizhzhya,1723171,3,0,568,17
2020-06-29,Ukraine,NA,Zaporizhzhya,1723171,2,0,570,17
2020-06-30,Ukraine,NA,Zaporizhzhya,1723171,2,0,572,17
2020-07-01,Ukraine,NA,Zaporizhzhya,1723171,0,0,572,17
2020-07-02,Ukraine,NA,Zaporizhzhya,1723171,4,0,576,17
2020-07-03,Ukraine,NA,Zaporizhzhya,1723171,3,0,579,17
2020-07-04,Ukraine,NA,Zaporizhzhya,1723171,9,0,588,17
2020-07-05,Ukraine,NA,Zaporizhzhya,1723171,9,0,597,17
2020-07-06,Ukraine,NA,Zaporizhzhya,1723171,0,0,597,17
2020-07-07,Ukraine,NA,Zaporizhzhya,1723171,1,1,598,18
2020-07-08,Ukraine,NA,Zaporizhzhya,1723171,1,0,599,18
2020-07-09,Ukraine,NA,Zaporizhzhya,1723171,6,1,605,19
2020-07-10,Ukraine,NA,Zaporizhzhya,1723171,5,0,610,19
2020-07-11,Ukraine,NA,Zaporizhzhya,1723171,2,1,612,20
2020-07-12,Ukraine,NA,Zaporizhzhya,1723171,9,0,621,20
2020-07-13,Ukraine,NA,Zaporizhzhya,1723171,1,0,622,20
2020-07-14,Ukraine,NA,Zaporizhzhya,1723171,0,0,622,20
2020-07-15,Ukraine,NA,Zaporizhzhya,1723171,9,0,631,20
2020-07-16,Ukraine,NA,Zaporizhzhya,1723171,11,0,642,20
2020-07-17,Ukraine,NA,Zaporizhzhya,1723171,16,0,658,20
2020-07-18,Ukraine,NA,Zaporizhzhya,1723171,7,0,665,20
2020-07-19,Ukraine,NA,Zaporizhzhya,1723171,4,0,669,20
2020-07-20,Ukraine,NA,Zaporizhzhya,1723171,9,0,678,20
2020-07-21,Ukraine,NA,Zaporizhzhya,1723171,4,1,682,21
2020-07-22,Ukraine,NA,Zaporizhzhya,1723171,9,0,691,21
2020-07-23,Ukraine,NA,Zaporizhzhya,1723171,9,0,700,21
2020-07-24,Ukraine,NA,Zaporizhzhya,1723171,12,0,712,21
2020-07-25,Ukraine,NA,Zaporizhzhya,1723171,13,0,725,21
2020-07-26,Ukraine,NA,Zaporizhzhya,1723171,9,0,734,21
2020-07-27,Ukraine,NA,Zaporizhzhya,1723171,16,0,750,21
2020-07-28,Ukraine,NA,Zaporizhzhya,1723171,3,0,753,21
2020-07-29,Ukraine,NA,Zaporizhzhya,1723171,14,0,767,21
2020-07-30,Ukraine,NA,Zaporizhzhya,1723171,12,0,779,21
2020-07-31,Ukraine,NA,Zaporizhzhya,1723171,11,0,790,21
2020-08-01,Ukraine,NA,Zaporizhzhya,1723171,10,0,800,21
2020-08-02,Ukraine,NA,Zaporizhzhya,1723171,23,0,823,21
2020-08-03,Ukraine,NA,Zaporizhzhya,1723171,23,0,846,21
2020-08-04,Ukraine,NA,Zaporizhzhya,1723171,5,0,851,21
2020-08-05,Ukraine,NA,Zaporizhzhya,1723171,20,0,871,21
2020-08-06,Ukraine,NA,Zaporizhzhya,1723171,19,0,890,21
2020-08-07,Ukraine,NA,Zaporizhzhya,1723171,5,0,895,21
2020-08-08,Ukraine,NA,Zaporizhzhya,1723171,24,0,919,21
2020-08-09,Ukraine,NA,Zaporizhzhya,1723171,18,1,937,22
2020-08-10,Ukraine,NA,Zaporizhzhya,1723171,16,0,953,22
2020-08-11,Ukraine,NA,Zaporizhzhya,1723171,6,0,959,22
2020-08-12,Ukraine,NA,Zaporizhzhya,1723171,12,0,971,22
2020-08-13,Ukraine,NA,Zaporizhzhya,1723171,39,1,1010,23
2020-08-14,Ukraine,NA,Zaporizhzhya,1723171,28,0,1038,23
2020-08-15,Ukraine,NA,Zaporizhzhya,1723171,14,0,1052,23
2020-08-16,Ukraine,NA,Zaporizhzhya,1723171,33,0,1085,23
2020-08-17,Ukraine,NA,Zaporizhzhya,1723171,33,0,1118,23
2020-08-18,Ukraine,NA,Zaporizhzhya,1723171,36,0,1154,23
2020-08-19,Ukraine,NA,Zaporizhzhya,1723171,25,1,1179,24
2020-08-20,Ukraine,NA,Zaporizhzhya,1723171,34,0,1213,24
2020-08-21,Ukraine,NA,Zaporizhzhya,1723171,21,0,1234,24
2020-08-22,Ukraine,NA,Zaporizhzhya,1723171,53,0,1287,24
2020-08-23,Ukraine,NA,Zaporizhzhya,1723171,44,0,1331,24
2020-08-24,Ukraine,NA,Zaporizhzhya,1723171,46,0,1377,24
2020-08-25,Ukraine,NA,Zaporizhzhya,1723171,30,0,1407,24
2020-08-26,Ukraine,NA,Zaporizhzhya,1723171,32,0,1439,24
2020-08-27,Ukraine,NA,Zaporizhzhya,1723171,15,1,1454,25
2020-08-28,Ukraine,NA,Zaporizhzhya,1723171,33,0,1487,25
2020-08-29,Ukraine,NA,Zaporizhzhya,1723171,33,0,1520,25
2020-08-30,Ukraine,NA,Zaporizhzhya,1723171,38,0,1558,25
2020-08-31,Ukraine,NA,Zaporizhzhya,1723171,38,0,1596,25
2020-09-01,Ukraine,NA,Zaporizhzhya,1723171,31,0,1627,25
2020-09-02,Ukraine,NA,Zaporizhzhya,1723171,30,0,1657,25
2020-09-03,Ukraine,NA,Zaporizhzhya,1723171,51,0,1708,25
2020-09-04,Ukraine,NA,Zaporizhzhya,1723171,60,0,1768,25
2020-09-05,Ukraine,NA,Zaporizhzhya,1723171,80,0,1848,25
2020-09-06,Ukraine,NA,Zaporizhzhya,1723171,34,0,1882,25
2020-09-07,Ukraine,NA,Zaporizhzhya,1723171,49,0,1931,25
2020-09-08,Ukraine,NA,Zaporizhzhya,1723171,50,2,1981,27
2020-09-09,Ukraine,NA,Zaporizhzhya,1723171,60,2,2041,29
2020-09-10,Ukraine,NA,Zaporizhzhya,1723171,40,1,2081,30
2020-09-11,Ukraine,NA,Zaporizhzhya,1723171,55,0,2136,30
2020-09-12,Ukraine,NA,Zaporizhzhya,1723171,106,2,2242,32
2020-09-13,Ukraine,NA,Zaporizhzhya,1723171,105,1,2347,33
2020-09-14,Ukraine,NA,Zaporizhzhya,1723171,56,0,2403,33
2020-09-15,Ukraine,NA,Zaporizhzhya,1723171,100,0,2503,33
2020-04-05,Ukraine,NA,Zhytomyr,1231239,2,0,11,2
2020-04-06,Ukraine,NA,Zhytomyr,1231239,0,0,11,2
2020-04-07,Ukraine,NA,Zhytomyr,1231239,0,0,11,2
2020-04-08,Ukraine,NA,Zhytomyr,1231239,10,0,21,2
2020-04-09,Ukraine,NA,Zhytomyr,1231239,10,0,31,2
2020-04-10,Ukraine,NA,Zhytomyr,1231239,10,1,41,3
2020-04-11,Ukraine,NA,Zhytomyr,1231239,33,0,74,3
2020-04-12,Ukraine,NA,Zhytomyr,1231239,0,0,74,3
2020-04-13,Ukraine,NA,Zhytomyr,1231239,20,0,94,3
2020-04-14,Ukraine,NA,Zhytomyr,1231239,18,0,112,3
2020-04-15,Ukraine,NA,Zhytomyr,1231239,18,1,130,4
2020-04-16,Ukraine,NA,Zhytomyr,1231239,32,0,162,4
2020-04-17,Ukraine,NA,Zhytomyr,1231239,15,0,177,4
2020-04-18,Ukraine,NA,Zhytomyr,1231239,20,0,197,4
2020-04-19,Ukraine,NA,Zhytomyr,1231239,14,0,211,4
2020-04-20,Ukraine,NA,Zhytomyr,1231239,15,1,226,5
2020-04-21,Ukraine,NA,Zhytomyr,1231239,44,1,270,6
2020-04-22,Ukraine,NA,Zhytomyr,1231239,17,0,287,6
2020-04-23,Ukraine,NA,Zhytomyr,1231239,17,0,304,6
2020-04-24,Ukraine,NA,Zhytomyr,1231239,5,1,309,7
2020-04-25,Ukraine,NA,Zhytomyr,1231239,28,0,337,7
2020-04-26,Ukraine,NA,Zhytomyr,1231239,11,0,348,7
2020-04-27,Ukraine,NA,Zhytomyr,1231239,3,0,351,7
2020-04-28,Ukraine,NA,Zhytomyr,1231239,3,1,354,8
2020-04-29,Ukraine,NA,Zhytomyr,1231239,3,0,357,8
2020-04-30,Ukraine,NA,Zhytomyr,1231239,17,2,374,10
2020-05-01,Ukraine,NA,Zhytomyr,1231239,16,0,390,10
2020-05-02,Ukraine,NA,Zhytomyr,1231239,3,0,393,10
2020-05-03,Ukraine,NA,Zhytomyr,1231239,30,0,423,10
2020-05-04,Ukraine,NA,Zhytomyr,1231239,7,0,430,10
2020-05-05,Ukraine,NA,Zhytomyr,1231239,18,0,448,10
2020-05-06,Ukraine,NA,Zhytomyr,1231239,8,1,456,11
2020-05-07,Ukraine,NA,Zhytomyr,1231239,12,0,468,11
2020-05-08,Ukraine,NA,Zhytomyr,1231239,12,0,480,11
2020-05-09,Ukraine,NA,Zhytomyr,1231239,5,0,485,11
2020-05-10,Ukraine,NA,Zhytomyr,1231239,32,0,517,11
2020-05-11,Ukraine,NA,Zhytomyr,1231239,6,0,523,11
2020-05-12,Ukraine,NA,Zhytomyr,1231239,2,1,525,12
2020-05-13,Ukraine,NA,Zhytomyr,1231239,5,0,530,12
2020-05-14,Ukraine,NA,Zhytomyr,1231239,3,0,533,12
2020-05-15,Ukraine,NA,Zhytomyr,1231239,5,0,538,12
2020-05-16,Ukraine,NA,Zhytomyr,1231239,2,0,540,12
2020-05-17,Ukraine,NA,Zhytomyr,1231239,6,0,546,12
2020-05-18,Ukraine,NA,Zhytomyr,1231239,18,0,564,12
2020-05-19,Ukraine,NA,Zhytomyr,1231239,9,0,573,12
2020-05-20,Ukraine,NA,Zhytomyr,1231239,10,0,583,12
2020-05-21,Ukraine,NA,Zhytomyr,1231239,6,1,589,13
2020-05-22,Ukraine,NA,Zhytomyr,1231239,18,0,607,13
2020-05-23,Ukraine,NA,Zhytomyr,1231239,11,0,618,13
2020-05-24,Ukraine,NA,Zhytomyr,1231239,8,0,626,13
2020-05-25,Ukraine,NA,Zhytomyr,1231239,15,0,641,13
2020-05-26,Ukraine,NA,Zhytomyr,1231239,6,1,647,14
2020-05-27,Ukraine,NA,Zhytomyr,1231239,13,0,660,14
2020-05-28,Ukraine,NA,Zhytomyr,1231239,13,0,673,14
2020-05-29,Ukraine,NA,Zhytomyr,1231239,21,0,694,14
2020-05-30,Ukraine,NA,Zhytomyr,1231239,5,0,699,14
2020-05-31,Ukraine,NA,Zhytomyr,1231239,40,0,739,14
2020-06-01,Ukraine,NA,Zhytomyr,1231239,3,0,742,14
2020-06-02,Ukraine,NA,Zhytomyr,1231239,34,0,776,14
2020-06-03,Ukraine,NA,Zhytomyr,1231239,4,0,780,14
2020-06-04,Ukraine,NA,Zhytomyr,1231239,53,0,833,14
2020-06-05,Ukraine,NA,Zhytomyr,1231239,22,1,855,15
2020-06-06,Ukraine,NA,Zhytomyr,1231239,15,0,870,15
2020-06-07,Ukraine,NA,Zhytomyr,1231239,11,1,881,16
2020-06-08,Ukraine,NA,Zhytomyr,1231239,16,0,897,16
2020-06-09,Ukraine,NA,Zhytomyr,1231239,38,0,935,16
2020-06-10,Ukraine,NA,Zhytomyr,1231239,38,1,973,17
2020-06-11,Ukraine,NA,Zhytomyr,1231239,19,0,992,17
2020-06-12,Ukraine,NA,Zhytomyr,1231239,21,0,1013,17
2020-06-13,Ukraine,NA,Zhytomyr,1231239,19,0,1032,17
2020-06-14,Ukraine,NA,Zhytomyr,1231239,13,2,1045,19
2020-06-15,Ukraine,NA,Zhytomyr,1231239,42,0,1087,19
2020-06-16,Ukraine,NA,Zhytomyr,1231239,14,1,1101,20
2020-06-17,Ukraine,NA,Zhytomyr,1231239,46,1,1147,21
2020-06-18,Ukraine,NA,Zhytomyr,1231239,7,0,1154,21
2020-06-19,Ukraine,NA,Zhytomyr,1231239,47,0,1201,21
2020-06-20,Ukraine,NA,Zhytomyr,1231239,28,0,1229,21
2020-06-21,Ukraine,NA,Zhytomyr,1231239,28,0,1257,21
2020-06-22,Ukraine,NA,Zhytomyr,1231239,13,2,1270,23
2020-06-23,Ukraine,NA,Zhytomyr,1231239,25,1,1295,24
2020-06-24,Ukraine,NA,Zhytomyr,1231239,9,0,1304,24
2020-06-25,Ukraine,NA,Zhytomyr,1231239,33,2,1337,26
2020-06-26,Ukraine,NA,Zhytomyr,1231239,29,1,1366,27
2020-06-27,Ukraine,NA,Zhytomyr,1231239,5,0,1371,27
2020-06-28,Ukraine,NA,Zhytomyr,1231239,25,2,1396,29
2020-06-29,Ukraine,NA,Zhytomyr,1231239,8,0,1404,29
2020-06-30,Ukraine,NA,Zhytomyr,1231239,0,0,1404,29
2020-07-01,Ukraine,NA,Zhytomyr,1231239,4,0,1408,29
2020-07-02,Ukraine,NA,Zhytomyr,1231239,13,1,1421,30
2020-07-03,Ukraine,NA,Zhytomyr,1231239,14,0,1435,30
2020-07-04,Ukraine,NA,Zhytomyr,1231239,12,0,1447,30
2020-07-05,Ukraine,NA,Zhytomyr,1231239,14,0,1461,30
2020-07-06,Ukraine,NA,Zhytomyr,1231239,7,0,1468,30
2020-07-07,Ukraine,NA,Zhytomyr,1231239,1,0,1469,30
2020-07-08,Ukraine,NA,Zhytomyr,1231239,15,2,1484,32
2020-07-09,Ukraine,NA,Zhytomyr,1231239,16,0,1500,32
2020-07-10,Ukraine,NA,Zhytomyr,1231239,12,1,1512,33
2020-07-11,Ukraine,NA,Zhytomyr,1231239,9,1,1521,34
2020-07-12,Ukraine,NA,Zhytomyr,1231239,11,0,1532,34
2020-07-13,Ukraine,NA,Zhytomyr,1231239,10,0,1542,34
2020-07-14,Ukraine,NA,Zhytomyr,1231239,0,0,1542,34
2020-07-15,Ukraine,NA,Zhytomyr,1231239,8,0,1550,34
2020-07-16,Ukraine,NA,Zhytomyr,1231239,19,0,1569,34
2020-07-17,Ukraine,NA,Zhytomyr,1231239,11,0,1580,34
2020-07-18,Ukraine,NA,Zhytomyr,1231239,4,0,1584,34
2020-07-19,Ukraine,NA,Zhytomyr,1231239,9,0,1593,34
2020-07-20,Ukraine,NA,Zhytomyr,1231239,9,0,1602,34
2020-07-21,Ukraine,NA,Zhytomyr,1231239,7,1,1609,35
2020-07-22,Ukraine,NA,Zhytomyr,1231239,25,0,1634,35
2020-07-23,Ukraine,NA,Zhytomyr,1231239,20,0,1654,35
2020-07-24,Ukraine,NA,Zhytomyr,1231239,16,0,1670,35
2020-07-25,Ukraine,NA,Zhytomyr,1231239,21,0,1691,35
2020-07-26,Ukraine,NA,Zhytomyr,1231239,18,0,1709,35
2020-07-27,Ukraine,NA,Zhytomyr,1231239,14,0,1723,35
2020-07-28,Ukraine,NA,Zhytomyr,1231239,21,0,1744,35
2020-07-29,Ukraine,NA,Zhytomyr,1231239,20,1,1764,36
2020-07-30,Ukraine,NA,Zhytomyr,1231239,43,1,1807,37
2020-07-31,Ukraine,NA,Zhytomyr,1231239,43,0,1850,37
2020-08-01,Ukraine,NA,Zhytomyr,1231239,46,0,1896,37
2020-08-02,Ukraine,NA,Zhytomyr,1231239,25,1,1921,38
2020-08-03,Ukraine,NA,Zhytomyr,1231239,27,0,1948,38
2020-08-04,Ukraine,NA,Zhytomyr,1231239,19,0,1967,38
2020-08-05,Ukraine,NA,Zhytomyr,1231239,42,2,2009,40
2020-08-06,Ukraine,NA,Zhytomyr,1231239,27,0,2036,40
2020-08-07,Ukraine,NA,Zhytomyr,1231239,28,0,2064,40
2020-08-08,Ukraine,NA,Zhytomyr,1231239,37,1,2101,41
2020-08-09,Ukraine,NA,Zhytomyr,1231239,30,0,2131,41
2020-08-10,Ukraine,NA,Zhytomyr,1231239,23,2,2154,43
2020-08-11,Ukraine,NA,Zhytomyr,1231239,24,3,2178,46
2020-08-12,Ukraine,NA,Zhytomyr,1231239,37,2,2215,48
2020-08-13,Ukraine,NA,Zhytomyr,1231239,51,1,2266,49
2020-08-14,Ukraine,NA,Zhytomyr,1231239,67,0,2333,49
2020-08-15,Ukraine,NA,Zhytomyr,1231239,44,0,2377,49
2020-08-16,Ukraine,NA,Zhytomyr,1231239,53,2,2430,51
2020-08-17,Ukraine,NA,Zhytomyr,1231239,49,0,2479,51
2020-08-18,Ukraine,NA,Zhytomyr,1231239,18,1,2497,52
2020-08-19,Ukraine,NA,Zhytomyr,1231239,39,0,2536,52
2020-08-20,Ukraine,NA,Zhytomyr,1231239,61,3,2597,55
2020-08-21,Ukraine,NA,Zhytomyr,1231239,98,0,2695,55
2020-08-22,Ukraine,NA,Zhytomyr,1231239,39,2,2734,57
2020-08-23,Ukraine,NA,Zhytomyr,1231239,87,3,2821,60
2020-08-24,Ukraine,NA,Zhytomyr,1231239,43,0,2864,60
2020-08-25,Ukraine,NA,Zhytomyr,1231239,59,0,2923,60
2020-08-26,Ukraine,NA,Zhytomyr,1231239,36,0,2959,60
2020-08-27,Ukraine,NA,Zhytomyr,1231239,39,1,2998,61
2020-08-28,Ukraine,NA,Zhytomyr,1231239,65,0,3063,61
2020-08-29,Ukraine,NA,Zhytomyr,1231239,92,0,3155,61
2020-08-30,Ukraine,NA,Zhytomyr,1231239,58,4,3213,65
2020-08-31,Ukraine,NA,Zhytomyr,1231239,89,0,3302,65
2020-09-01,Ukraine,NA,Zhytomyr,1231239,80,3,3382,68
2020-09-02,Ukraine,NA,Zhytomyr,1231239,60,0,3442,68
2020-09-03,Ukraine,NA,Zhytomyr,1231239,29,1,3471,69
2020-09-04,Ukraine,NA,Zhytomyr,1231239,79,0,3550,69
2020-09-05,Ukraine,NA,Zhytomyr,1231239,72,1,3622,70
2020-09-06,Ukraine,NA,Zhytomyr,1231239,56,2,3678,72
2020-09-07,Ukraine,NA,Zhytomyr,1231239,68,2,3746,74
2020-09-08,Ukraine,NA,Zhytomyr,1231239,66,1,3812,75
2020-09-09,Ukraine,NA,Zhytomyr,1231239,67,3,3879,78
2020-09-10,Ukraine,NA,Zhytomyr,1231239,59,1,3938,79
2020-09-11,Ukraine,NA,Zhytomyr,1231239,117,2,4055,81
2020-09-12,Ukraine,NA,Zhytomyr,1231239,139,1,4194,82
2020-09-13,Ukraine,NA,Zhytomyr,1231239,98,0,4292,82
2020-09-14,Ukraine,NA,Zhytomyr,1231239,98,1,4390,83
2020-09-15,Ukraine,NA,Zhytomyr,1231239,80,3,4470,86
2020-03-03,United Kingdom,NA,East Midlands,4811065,7,1,14,1
2020-03-04,United Kingdom,NA,East Midlands,4811065,2,0,16,1
2020-03-05,United Kingdom,NA,East Midlands,4811065,3,0,19,1
2020-03-06,United Kingdom,NA,East Midlands,4811065,7,0,26,1
2020-03-07,United Kingdom,NA,East Midlands,4811065,4,0,30,1
2020-03-08,United Kingdom,NA,East Midlands,4811065,1,0,31,1
2020-03-09,United Kingdom,NA,East Midlands,4811065,10,0,41,1
2020-03-10,United Kingdom,NA,East Midlands,4811065,12,0,53,1
2020-03-11,United Kingdom,NA,East Midlands,4811065,25,0,78,1
2020-03-12,United Kingdom,NA,East Midlands,4811065,18,1,96,2
2020-03-13,United Kingdom,NA,East Midlands,4811065,22,1,118,3
2020-03-14,United Kingdom,NA,East Midlands,4811065,19,1,137,4
2020-03-15,United Kingdom,NA,East Midlands,4811065,26,0,163,4
2020-03-16,United Kingdom,NA,East Midlands,4811065,34,4,197,8
2020-03-17,United Kingdom,NA,East Midlands,4811065,33,0,230,8
2020-03-18,United Kingdom,NA,East Midlands,4811065,49,3,279,11
2020-03-19,United Kingdom,NA,East Midlands,4811065,66,1,345,12
2020-03-20,United Kingdom,NA,East Midlands,4811065,53,4,398,16
2020-03-21,United Kingdom,NA,East Midlands,4811065,69,2,467,18
2020-03-22,United Kingdom,NA,East Midlands,4811065,99,15,566,33
2020-03-23,United Kingdom,NA,East Midlands,4811065,117,11,683,44
2020-03-24,United Kingdom,NA,East Midlands,4811065,136,14,819,58
2020-03-25,United Kingdom,NA,East Midlands,4811065,116,12,935,70
2020-03-26,United Kingdom,NA,East Midlands,4811065,154,18,1089,88
2020-03-27,United Kingdom,NA,East Midlands,4811065,137,21,1226,109
2020-03-28,United Kingdom,NA,East Midlands,4811065,159,23,1385,132
2020-03-29,United Kingdom,NA,East Midlands,4811065,129,25,1514,157
2020-03-30,United Kingdom,NA,East Midlands,4811065,207,25,1721,182
2020-03-31,United Kingdom,NA,East Midlands,4811065,277,35,1998,217
2020-04-01,United Kingdom,NA,East Midlands,4811065,296,44,2294,261
2020-04-02,United Kingdom,NA,East Midlands,4811065,213,43,2507,304
2020-04-03,United Kingdom,NA,East Midlands,4811065,259,53,2766,357
2020-04-04,United Kingdom,NA,East Midlands,4811065,189,51,2955,408
2020-04-05,United Kingdom,NA,East Midlands,4811065,148,61,3103,469
2020-04-06,United Kingdom,NA,East Midlands,4811065,215,67,3318,536
2020-04-07,United Kingdom,NA,East Midlands,4811065,227,48,3545,584
2020-04-08,United Kingdom,NA,East Midlands,4811065,188,66,3733,650
2020-04-09,United Kingdom,NA,East Midlands,4811065,233,65,3966,715
2020-04-10,United Kingdom,NA,East Midlands,4811065,173,57,4139,772
2020-04-11,United Kingdom,NA,East Midlands,4811065,174,63,4313,835
2020-04-12,United Kingdom,NA,East Midlands,4811065,214,58,4527,893
2020-04-13,United Kingdom,NA,East Midlands,4811065,172,48,4699,941
2020-04-14,United Kingdom,NA,East Midlands,4811065,210,60,4909,1001
2020-04-15,United Kingdom,NA,East Midlands,4811065,218,65,5127,1066
2020-04-16,United Kingdom,NA,East Midlands,4811065,267,32,5394,1098
2020-04-17,United Kingdom,NA,East Midlands,4811065,256,60,5650,1158
2020-04-18,United Kingdom,NA,East Midlands,4811065,195,49,5845,1207
2020-04-19,United Kingdom,NA,East Midlands,4811065,246,50,6091,1257
2020-04-20,United Kingdom,NA,East Midlands,4811065,187,63,6278,1320
2020-04-21,United Kingdom,NA,East Midlands,4811065,219,37,6497,1357
2020-04-22,United Kingdom,NA,East Midlands,4811065,334,38,6831,1395
2020-04-23,United Kingdom,NA,East Midlands,4811065,272,50,7103,1445
2020-04-24,United Kingdom,NA,East Midlands,4811065,298,41,7401,1486
2020-04-25,United Kingdom,NA,East Midlands,4811065,245,41,7646,1527
2020-04-26,United Kingdom,NA,East Midlands,4811065,243,45,7889,1572
2020-04-27,United Kingdom,NA,East Midlands,4811065,319,45,8208,1617
2020-04-28,United Kingdom,NA,East Midlands,4811065,272,43,8480,1660
2020-04-29,United Kingdom,NA,East Midlands,4811065,378,50,8858,1710
2020-04-30,United Kingdom,NA,East Midlands,4811065,294,42,9152,1752
2020-05-01,United Kingdom,NA,East Midlands,4811065,294,40,9446,1792
2020-05-02,United Kingdom,NA,East Midlands,4811065,198,33,9644,1825
2020-05-03,United Kingdom,NA,East Midlands,4811065,169,40,9813,1865
2020-05-04,United Kingdom,NA,East Midlands,4811065,235,42,10048,1907
2020-05-05,United Kingdom,NA,East Midlands,4811065,284,38,10332,1945
2020-05-06,United Kingdom,NA,East Midlands,4811065,334,35,10666,1980
2020-05-07,United Kingdom,NA,East Midlands,4811065,312,32,10978,2012
2020-05-08,United Kingdom,NA,East Midlands,4811065,268,30,11246,2042
2020-05-09,United Kingdom,NA,East Midlands,4811065,176,35,11422,2077
2020-05-10,United Kingdom,NA,East Midlands,4811065,198,24,11620,2101
2020-05-11,United Kingdom,NA,East Midlands,4811065,308,29,11928,2130
2020-05-12,United Kingdom,NA,East Midlands,4811065,320,32,12248,2162
2020-05-13,United Kingdom,NA,East Midlands,4811065,298,15,12546,2177
2020-05-14,United Kingdom,NA,East Midlands,4811065,226,30,12772,2207
2020-05-15,United Kingdom,NA,East Midlands,4811065,252,18,13024,2225
2020-05-16,United Kingdom,NA,East Midlands,4811065,256,23,13280,2248
2020-05-17,United Kingdom,NA,East Midlands,4811065,202,16,13482,2264
2020-05-18,United Kingdom,NA,East Midlands,4811065,272,27,13754,2291
2020-05-19,United Kingdom,NA,East Midlands,4811065,293,22,14047,2313
2020-05-20,United Kingdom,NA,East Midlands,4811065,274,23,14321,2336
2020-05-21,United Kingdom,NA,East Midlands,4811065,281,25,14602,2361
2020-05-22,United Kingdom,NA,East Midlands,4811065,240,21,14842,2382
2020-05-23,United Kingdom,NA,East Midlands,4811065,164,28,15006,2410
2020-05-24,United Kingdom,NA,East Midlands,4811065,145,14,15151,2424
2020-05-25,United Kingdom,NA,East Midlands,4811065,192,19,15343,2443
2020-05-26,United Kingdom,NA,East Midlands,4811065,160,23,15503,2466
2020-05-27,United Kingdom,NA,East Midlands,4811065,197,20,15700,2486
2020-05-28,United Kingdom,NA,East Midlands,4811065,191,19,15891,2505
2020-05-29,United Kingdom,NA,East Midlands,4811065,170,11,16061,2516
2020-05-30,United Kingdom,NA,East Midlands,4811065,139,17,16200,2533
2020-05-31,United Kingdom,NA,East Midlands,4811065,149,13,16349,2546
2020-06-01,United Kingdom,NA,East Midlands,4811065,217,17,16566,2563
2020-06-02,United Kingdom,NA,East Midlands,4811065,219,13,16785,2576
2020-06-03,United Kingdom,NA,East Midlands,4811065,171,19,16956,2595
2020-06-04,United Kingdom,NA,East Midlands,4811065,143,14,17099,2609
2020-06-05,United Kingdom,NA,East Midlands,4811065,154,8,17253,2617
2020-06-06,United Kingdom,NA,East Midlands,4811065,105,16,17358,2633
2020-06-07,United Kingdom,NA,East Midlands,4811065,128,12,17486,2645
2020-06-08,United Kingdom,NA,East Midlands,4811065,173,16,17659,2661
2020-06-09,United Kingdom,NA,East Midlands,4811065,177,12,17836,2673
2020-06-10,United Kingdom,NA,East Midlands,4811065,166,11,18002,2684
2020-06-11,United Kingdom,NA,East Midlands,4811065,182,18,18184,2702
2020-06-12,United Kingdom,NA,East Midlands,4811065,174,12,18358,2714
2020-06-13,United Kingdom,NA,East Midlands,4811065,132,5,18490,2719
2020-06-14,United Kingdom,NA,East Midlands,4811065,145,14,18635,2733
2020-06-15,United Kingdom,NA,East Midlands,4811065,165,8,18800,2741
2020-06-16,United Kingdom,NA,East Midlands,4811065,161,6,18961,2747
2020-06-17,United Kingdom,NA,East Midlands,4811065,164,6,19125,2753
2020-06-18,United Kingdom,NA,East Midlands,4811065,169,12,19294,2765
2020-06-19,United Kingdom,NA,East Midlands,4811065,153,9,19447,2774
2020-06-20,United Kingdom,NA,East Midlands,4811065,145,12,19592,2786
2020-06-21,United Kingdom,NA,East Midlands,4811065,131,7,19723,2793
2020-06-22,United Kingdom,NA,East Midlands,4811065,177,7,19900,2800
2020-06-23,United Kingdom,NA,East Midlands,4811065,169,6,20069,2806
2020-06-24,United Kingdom,NA,East Midlands,4811065,173,13,20242,2819
2020-06-25,United Kingdom,NA,East Midlands,4811065,126,11,20368,2830
2020-06-26,United Kingdom,NA,East Midlands,4811065,114,5,20482,2835
2020-06-27,United Kingdom,NA,East Midlands,4811065,87,6,20569,2841
2020-06-28,United Kingdom,NA,East Midlands,4811065,78,4,20647,2845
2020-06-29,United Kingdom,NA,East Midlands,4811065,129,5,20776,2850
2020-06-30,United Kingdom,NA,East Midlands,4811065,129,5,20905,2855
2020-07-01,United Kingdom,NA,East Midlands,4811065,120,4,21025,2859
2020-07-02,United Kingdom,NA,East Midlands,4811065,105,4,21130,2863
2020-07-03,United Kingdom,NA,East Midlands,4811065,108,1,21238,2864
2020-07-04,United Kingdom,NA,East Midlands,4811065,85,2,21323,2866
2020-07-05,United Kingdom,NA,East Midlands,4811065,127,4,21450,2870
2020-07-06,United Kingdom,NA,East Midlands,4811065,139,3,21589,2873
2020-07-07,United Kingdom,NA,East Midlands,4811065,108,2,21697,2875
2020-07-08,United Kingdom,NA,East Midlands,4811065,110,2,21807,2877
2020-07-09,United Kingdom,NA,East Midlands,4811065,95,5,21902,2882
2020-07-10,United Kingdom,NA,East Midlands,4811065,99,2,22001,2884
2020-07-11,United Kingdom,NA,East Midlands,4811065,94,2,22095,2886
2020-07-12,United Kingdom,NA,East Midlands,4811065,46,2,22141,2888
2020-07-13,United Kingdom,NA,East Midlands,4811065,105,1,22246,2889
2020-07-14,United Kingdom,NA,East Midlands,4811065,89,2,22335,2891
2020-07-15,United Kingdom,NA,East Midlands,4811065,113,4,22448,2895
2020-07-16,United Kingdom,NA,East Midlands,4811065,92,4,22540,2899
2020-07-17,United Kingdom,NA,East Midlands,4811065,80,2,22620,2901
2020-07-18,United Kingdom,NA,East Midlands,4811065,63,1,22683,2902
2020-07-19,United Kingdom,NA,East Midlands,4811065,48,3,22731,2905
2020-07-20,United Kingdom,NA,East Midlands,4811065,82,2,22813,2907
2020-07-21,United Kingdom,NA,East Midlands,4811065,68,5,22881,2912
2020-07-22,United Kingdom,NA,East Midlands,4811065,88,0,22969,2912
2020-07-23,United Kingdom,NA,East Midlands,4811065,94,1,23063,2913
2020-07-24,United Kingdom,NA,East Midlands,4811065,81,0,23144,2913
2020-07-25,United Kingdom,NA,East Midlands,4811065,44,2,23188,2915
2020-07-26,United Kingdom,NA,East Midlands,4811065,38,5,23226,2920
2020-07-27,United Kingdom,NA,East Midlands,4811065,92,1,23318,2921
2020-07-28,United Kingdom,NA,East Midlands,4811065,76,1,23394,2922
2020-07-29,United Kingdom,NA,East Midlands,4811065,108,1,23502,2923
2020-07-30,United Kingdom,NA,East Midlands,4811065,109,1,23611,2924
2020-07-31,United Kingdom,NA,East Midlands,4811065,75,0,23686,2924
2020-08-01,United Kingdom,NA,East Midlands,4811065,69,0,23755,2924
2020-08-02,United Kingdom,NA,East Midlands,4811065,54,2,23809,2926
2020-08-03,United Kingdom,NA,East Midlands,4811065,108,1,23917,2927
2020-08-04,United Kingdom,NA,East Midlands,4811065,88,2,24005,2929
2020-08-05,United Kingdom,NA,East Midlands,4811065,115,0,24120,2929
2020-08-06,United Kingdom,NA,East Midlands,4811065,113,0,24233,2929
2020-08-07,United Kingdom,NA,East Midlands,4811065,91,0,24324,2929
2020-08-08,United Kingdom,NA,East Midlands,4811065,74,1,24398,2930
2020-08-09,United Kingdom,NA,East Midlands,4811065,72,0,24470,2930
2020-08-10,United Kingdom,NA,East Midlands,4811065,210,2,24680,2932
2020-08-11,United Kingdom,NA,East Midlands,4811065,176,2,24856,2934
2020-08-12,United Kingdom,NA,East Midlands,4811065,119,1,24975,2935
2020-08-13,United Kingdom,NA,East Midlands,4811065,109,1,25084,2936
2020-08-14,United Kingdom,NA,East Midlands,4811065,87,0,25171,2936
2020-08-15,United Kingdom,NA,East Midlands,4811065,55,0,25226,2936
2020-08-16,United Kingdom,NA,East Midlands,4811065,58,0,25284,2936
2020-08-17,United Kingdom,NA,East Midlands,4811065,138,0,25422,2936
2020-08-18,United Kingdom,NA,East Midlands,4811065,77,0,25499,2936
2020-08-19,United Kingdom,NA,East Midlands,4811065,101,0,25600,2936
2020-08-20,United Kingdom,NA,East Midlands,4811065,100,1,25700,2937
2020-08-21,United Kingdom,NA,East Midlands,4811065,99,1,25799,2938
2020-08-22,United Kingdom,NA,East Midlands,4811065,50,1,25849,2939
2020-08-23,United Kingdom,NA,East Midlands,4811065,52,0,25901,2939
2020-08-24,United Kingdom,NA,East Midlands,4811065,84,0,25985,2939
2020-08-25,United Kingdom,NA,East Midlands,4811065,72,2,26057,2941
2020-08-26,United Kingdom,NA,East Midlands,4811065,91,0,26148,2941
2020-08-27,United Kingdom,NA,East Midlands,4811065,84,1,26232,2942
2020-08-28,United Kingdom,NA,East Midlands,4811065,96,0,26328,2942
2020-08-29,United Kingdom,NA,East Midlands,4811065,49,0,26377,2942
2020-08-30,United Kingdom,NA,East Midlands,4811065,61,1,26438,2943
2020-08-31,United Kingdom,NA,East Midlands,4811065,87,1,26525,2944
2020-09-01,United Kingdom,NA,East Midlands,4811065,152,0,26677,2944
2020-09-02,United Kingdom,NA,East Midlands,4811065,250,1,26927,2945
2020-09-03,United Kingdom,NA,East Midlands,4811065,239,0,27166,2945
2020-09-04,United Kingdom,NA,East Midlands,4811065,182,2,27348,2947
2020-09-05,United Kingdom,NA,East Midlands,4811065,170,0,27518,2947
2020-09-06,United Kingdom,NA,East Midlands,4811065,137,1,27655,2948
2020-09-07,United Kingdom,NA,East Midlands,4811065,346,1,28001,2949
2020-09-08,United Kingdom,NA,East Midlands,4811065,307,0,28308,2949
2020-09-09,United Kingdom,NA,East Midlands,4811065,245,0,28553,2949
2020-09-10,United Kingdom,NA,East Midlands,4811065,206,0,28759,2949
2020-09-11,United Kingdom,NA,East Midlands,4811065,138,0,28897,2949
2020-09-12,United Kingdom,NA,East Midlands,4811065,102,2,28999,2951
2020-09-13,United Kingdom,NA,East Midlands,4811065,9,1,29008,2952
2020-03-03,United Kingdom,NA,East of England,6235410,7,0,12,0
2020-03-04,United Kingdom,NA,East of England,6235410,7,0,19,0
2020-03-05,United Kingdom,NA,East of England,6235410,1,0,20,0
2020-03-06,United Kingdom,NA,East of England,6235410,5,0,25,0
2020-03-07,United Kingdom,NA,East of England,6235410,3,0,28,0
2020-03-08,United Kingdom,NA,East of England,6235410,2,0,30,0
2020-03-09,United Kingdom,NA,East of England,6235410,4,1,34,2
2020-03-10,United Kingdom,NA,East of England,6235410,16,0,50,2
2020-03-11,United Kingdom,NA,East of England,6235410,14,0,64,2
2020-03-12,United Kingdom,NA,East of England,6235410,18,0,82,2
2020-03-13,United Kingdom,NA,East of England,6235410,37,1,119,3
2020-03-14,United Kingdom,NA,East of England,6235410,16,0,135,3
2020-03-15,United Kingdom,NA,East of England,6235410,35,2,170,5
2020-03-16,United Kingdom,NA,East of England,6235410,23,2,193,7
2020-03-17,United Kingdom,NA,East of England,6235410,39,2,232,9
2020-03-18,United Kingdom,NA,East of England,6235410,74,3,306,12
2020-03-19,United Kingdom,NA,East of England,6235410,56,4,362,16
2020-03-20,United Kingdom,NA,East of England,6235410,70,2,432,18
2020-03-21,United Kingdom,NA,East of England,6235410,76,9,508,27
2020-03-22,United Kingdom,NA,East of England,6235410,91,13,599,40
2020-03-23,United Kingdom,NA,East of England,6235410,196,13,795,53
2020-03-24,United Kingdom,NA,East of England,6235410,165,21,960,74
2020-03-25,United Kingdom,NA,East of England,6235410,188,22,1148,96
2020-03-26,United Kingdom,NA,East of England,6235410,215,35,1363,131
2020-03-27,United Kingdom,NA,East of England,6235410,244,40,1607,171
2020-03-28,United Kingdom,NA,East of England,6235410,183,37,1790,208
2020-03-29,United Kingdom,NA,East of England,6235410,209,49,1999,257
2020-03-30,United Kingdom,NA,East of England,6235410,300,49,2299,306
2020-03-31,United Kingdom,NA,East of England,6235410,322,73,2621,379
2020-04-01,United Kingdom,NA,East of England,6235410,333,74,2954,453
2020-04-02,United Kingdom,NA,East of England,6235410,372,70,3326,523
2020-04-03,United Kingdom,NA,East of England,6235410,352,86,3678,609
2020-04-04,United Kingdom,NA,East of England,6235410,269,71,3947,680
2020-04-05,United Kingdom,NA,East of England,6235410,281,90,4228,770
2020-04-06,United Kingdom,NA,East of England,6235410,385,76,4613,846
2020-04-07,United Kingdom,NA,East of England,6235410,389,111,5002,957
2020-04-08,United Kingdom,NA,East of England,6235410,409,114,5411,1071
2020-04-09,United Kingdom,NA,East of England,6235410,323,96,5734,1167
2020-04-10,United Kingdom,NA,East of England,6235410,319,71,6053,1238
2020-04-11,United Kingdom,NA,East of England,6235410,271,103,6324,1341
2020-04-12,United Kingdom,NA,East of England,6235410,260,101,6584,1442
2020-04-13,United Kingdom,NA,East of England,6235410,292,82,6876,1524
2020-04-14,United Kingdom,NA,East of England,6235410,289,73,7165,1597
2020-04-15,United Kingdom,NA,East of England,6235410,296,86,7461,1683
2020-04-16,United Kingdom,NA,East of England,6235410,337,84,7798,1767
2020-04-17,United Kingdom,NA,East of England,6235410,365,87,8163,1854
2020-04-18,United Kingdom,NA,East of England,6235410,329,76,8492,1930
2020-04-19,United Kingdom,NA,East of England,6235410,316,75,8808,2005
2020-04-20,United Kingdom,NA,East of England,6235410,363,72,9171,2077
2020-04-21,United Kingdom,NA,East of England,6235410,406,79,9577,2156
2020-04-22,United Kingdom,NA,East of England,6235410,522,77,10099,2233
2020-04-23,United Kingdom,NA,East of England,6235410,475,60,10574,2293
2020-04-24,United Kingdom,NA,East of England,6235410,423,85,10997,2378
2020-04-25,United Kingdom,NA,East of England,6235410,377,59,11374,2437
2020-04-26,United Kingdom,NA,East of England,6235410,358,64,11732,2501
2020-04-27,United Kingdom,NA,East of England,6235410,511,58,12243,2559
2020-04-28,United Kingdom,NA,East of England,6235410,464,66,12707,2625
2020-04-29,United Kingdom,NA,East of England,6235410,474,46,13181,2671
2020-04-30,United Kingdom,NA,East of England,6235410,424,67,13605,2738
2020-05-01,United Kingdom,NA,East of England,6235410,494,72,14099,2810
2020-05-02,United Kingdom,NA,East of England,6235410,302,38,14401,2848
2020-05-03,United Kingdom,NA,East of England,6235410,317,54,14718,2902
2020-05-04,United Kingdom,NA,East of England,6235410,392,36,15110,2938
2020-05-05,United Kingdom,NA,East of England,6235410,332,48,15442,2986
2020-05-06,United Kingdom,NA,East of England,6235410,388,51,15830,3037
2020-05-07,United Kingdom,NA,East of England,6235410,396,49,16226,3086
2020-05-08,United Kingdom,NA,East of England,6235410,229,36,16455,3122
2020-05-09,United Kingdom,NA,East of England,6235410,202,40,16657,3162
2020-05-10,United Kingdom,NA,East of England,6235410,208,34,16865,3196
2020-05-11,United Kingdom,NA,East of England,6235410,390,25,17255,3221
2020-05-12,United Kingdom,NA,East of England,6235410,315,35,17570,3256
2020-05-13,United Kingdom,NA,East of England,6235410,329,35,17899,3291
2020-05-14,United Kingdom,NA,East of England,6235410,217,33,18116,3324
2020-05-15,United Kingdom,NA,East of England,6235410,211,30,18327,3354
2020-05-16,United Kingdom,NA,East of England,6235410,175,36,18502,3390
2020-05-17,United Kingdom,NA,East of England,6235410,153,34,18655,3424
2020-05-18,United Kingdom,NA,East of England,6235410,283,39,18938,3463
2020-05-19,United Kingdom,NA,East of England,6235410,254,22,19192,3485
2020-05-20,United Kingdom,NA,East of England,6235410,243,41,19435,3526
2020-05-21,United Kingdom,NA,East of England,6235410,246,24,19681,3550
2020-05-22,United Kingdom,NA,East of England,6235410,190,24,19871,3574
2020-05-23,United Kingdom,NA,East of England,6235410,149,26,20020,3600
2020-05-24,United Kingdom,NA,East of England,6235410,102,25,20122,3625
2020-05-25,United Kingdom,NA,East of England,6235410,147,27,20269,3652
2020-05-26,United Kingdom,NA,East of England,6235410,150,22,20419,3674
2020-05-27,United Kingdom,NA,East of England,6235410,149,19,20568,3693
2020-05-28,United Kingdom,NA,East of England,6235410,163,25,20731,3718
2020-05-29,United Kingdom,NA,East of England,6235410,161,27,20892,3745
2020-05-30,United Kingdom,NA,East of England,6235410,83,17,20975,3762
2020-05-31,United Kingdom,NA,East of England,6235410,61,10,21036,3772
2020-06-01,United Kingdom,NA,East of England,6235410,139,15,21175,3787
2020-06-02,United Kingdom,NA,East of England,6235410,131,21,21306,3808
2020-06-03,United Kingdom,NA,East of England,6235410,123,14,21429,3822
2020-06-04,United Kingdom,NA,East of England,6235410,93,15,21522,3837
2020-06-05,United Kingdom,NA,East of England,6235410,109,16,21631,3853
2020-06-06,United Kingdom,NA,East of England,6235410,93,9,21724,3862
2020-06-07,United Kingdom,NA,East of England,6235410,46,11,21770,3873
2020-06-08,United Kingdom,NA,East of England,6235410,95,11,21865,3884
2020-06-09,United Kingdom,NA,East of England,6235410,130,8,21995,3892
2020-06-10,United Kingdom,NA,East of England,6235410,118,14,22113,3906
2020-06-11,United Kingdom,NA,East of England,6235410,71,4,22184,3910
2020-06-12,United Kingdom,NA,East of England,6235410,66,8,22250,3918
2020-06-13,United Kingdom,NA,East of England,6235410,90,6,22340,3924
2020-06-14,United Kingdom,NA,East of England,6235410,73,7,22413,3931
2020-06-15,United Kingdom,NA,East of England,6235410,112,7,22525,3938
2020-06-16,United Kingdom,NA,East of England,6235410,107,4,22632,3942
2020-06-17,United Kingdom,NA,East of England,6235410,77,8,22709,3950
2020-06-18,United Kingdom,NA,East of England,6235410,82,5,22791,3955
2020-06-19,United Kingdom,NA,East of England,6235410,74,8,22865,3963
2020-06-20,United Kingdom,NA,East of England,6235410,31,8,22896,3971
2020-06-21,United Kingdom,NA,East of England,6235410,57,6,22953,3977
2020-06-22,United Kingdom,NA,East of England,6235410,74,11,23027,3988
2020-06-23,United Kingdom,NA,East of England,6235410,44,4,23071,3992
2020-06-24,United Kingdom,NA,East of England,6235410,61,8,23132,4000
2020-06-25,United Kingdom,NA,East of England,6235410,38,2,23170,4002
2020-06-26,United Kingdom,NA,East of England,6235410,59,5,23229,4007
2020-06-27,United Kingdom,NA,East of England,6235410,20,7,23249,4014
2020-06-28,United Kingdom,NA,East of England,6235410,25,7,23274,4021
2020-06-29,United Kingdom,NA,East of England,6235410,49,5,23323,4026
2020-06-30,United Kingdom,NA,East of England,6235410,34,5,23357,4031
2020-07-01,United Kingdom,NA,East of England,6235410,40,4,23397,4035
2020-07-02,United Kingdom,NA,East of England,6235410,61,8,23458,4043
2020-07-03,United Kingdom,NA,East of England,6235410,60,2,23518,4045
2020-07-04,United Kingdom,NA,East of England,6235410,43,7,23561,4052
2020-07-05,United Kingdom,NA,East of England,6235410,36,5,23597,4057
2020-07-06,United Kingdom,NA,East of England,6235410,56,3,23653,4060
2020-07-07,United Kingdom,NA,East of England,6235410,38,5,23691,4065
2020-07-08,United Kingdom,NA,East of England,6235410,76,2,23767,4067
2020-07-09,United Kingdom,NA,East of England,6235410,55,6,23822,4073
2020-07-10,United Kingdom,NA,East of England,6235410,50,5,23872,4078
2020-07-11,United Kingdom,NA,East of England,6235410,42,3,23914,4081
2020-07-12,United Kingdom,NA,East of England,6235410,34,1,23948,4082
2020-07-13,United Kingdom,NA,East of England,6235410,64,7,24012,4089
2020-07-14,United Kingdom,NA,East of England,6235410,81,2,24093,4091
2020-07-15,United Kingdom,NA,East of England,6235410,55,1,24148,4092
2020-07-16,United Kingdom,NA,East of England,6235410,62,1,24210,4093
2020-07-17,United Kingdom,NA,East of England,6235410,51,2,24261,4095
2020-07-18,United Kingdom,NA,East of England,6235410,28,2,24289,4097
2020-07-19,United Kingdom,NA,East of England,6235410,22,2,24311,4099
2020-07-20,United Kingdom,NA,East of England,6235410,81,3,24392,4102
2020-07-21,United Kingdom,NA,East of England,6235410,66,1,24458,4103
2020-07-22,United Kingdom,NA,East of England,6235410,54,3,24512,4106
2020-07-23,United Kingdom,NA,East of England,6235410,51,1,24563,4107
2020-07-24,United Kingdom,NA,East of England,6235410,79,1,24642,4108
2020-07-25,United Kingdom,NA,East of England,6235410,28,1,24670,4109
2020-07-26,United Kingdom,NA,East of England,6235410,28,1,24698,4110
2020-07-27,United Kingdom,NA,East of England,6235410,65,2,24763,4112
2020-07-28,United Kingdom,NA,East of England,6235410,56,1,24819,4113
2020-07-29,United Kingdom,NA,East of England,6235410,66,0,24885,4113
2020-07-30,United Kingdom,NA,East of England,6235410,52,1,24937,4114
2020-07-31,United Kingdom,NA,East of England,6235410,31,1,24968,4115
2020-08-01,United Kingdom,NA,East of England,6235410,22,1,24990,4116
2020-08-02,United Kingdom,NA,East of England,6235410,36,0,25026,4116
2020-08-03,United Kingdom,NA,East of England,6235410,68,0,25094,4116
2020-08-04,United Kingdom,NA,East of England,6235410,56,2,25150,4118
2020-08-05,United Kingdom,NA,East of England,6235410,53,0,25203,4118
2020-08-06,United Kingdom,NA,East of England,6235410,44,0,25247,4118
2020-08-07,United Kingdom,NA,East of England,6235410,70,1,25317,4119
2020-08-08,United Kingdom,NA,East of England,6235410,44,0,25361,4119
2020-08-09,United Kingdom,NA,East of England,6235410,23,1,25384,4120
2020-08-10,United Kingdom,NA,East of England,6235410,67,0,25451,4120
2020-08-11,United Kingdom,NA,East of England,6235410,47,2,25498,4122
2020-08-12,United Kingdom,NA,East of England,6235410,66,1,25564,4123
2020-08-13,United Kingdom,NA,East of England,6235410,61,0,25625,4123
2020-08-14,United Kingdom,NA,East of England,6235410,68,1,25693,4124
2020-08-15,United Kingdom,NA,East of England,6235410,30,0,25723,4124
2020-08-16,United Kingdom,NA,East of England,6235410,27,0,25750,4124
2020-08-17,United Kingdom,NA,East of England,6235410,63,1,25813,4125
2020-08-18,United Kingdom,NA,East of England,6235410,59,2,25872,4127
2020-08-19,United Kingdom,NA,East of England,6235410,63,0,25935,4127
2020-08-20,United Kingdom,NA,East of England,6235410,81,2,26016,4129
2020-08-21,United Kingdom,NA,East of England,6235410,63,0,26079,4129
2020-08-22,United Kingdom,NA,East of England,6235410,48,0,26127,4129
2020-08-23,United Kingdom,NA,East of England,6235410,52,1,26179,4130
2020-08-24,United Kingdom,NA,East of England,6235410,102,1,26281,4131
2020-08-25,United Kingdom,NA,East of England,6235410,99,0,26380,4131
2020-08-26,United Kingdom,NA,East of England,6235410,91,1,26471,4132
2020-08-27,United Kingdom,NA,East of England,6235410,121,1,26592,4133
2020-08-28,United Kingdom,NA,East of England,6235410,101,0,26693,4133
2020-08-29,United Kingdom,NA,East of England,6235410,79,0,26772,4133
2020-08-30,United Kingdom,NA,East of England,6235410,88,0,26860,4133
2020-08-31,United Kingdom,NA,East of England,6235410,101,0,26961,4133
2020-09-01,United Kingdom,NA,East of England,6235410,122,0,27083,4133
2020-09-02,United Kingdom,NA,East of England,6235410,169,1,27252,4134
2020-09-03,United Kingdom,NA,East of England,6235410,149,1,27401,4135
2020-09-04,United Kingdom,NA,East of England,6235410,120,0,27521,4135
2020-09-05,United Kingdom,NA,East of England,6235410,93,0,27614,4135
2020-09-06,United Kingdom,NA,East of England,6235410,74,1,27688,4136
2020-09-07,United Kingdom,NA,East of England,6235410,155,0,27843,4136
2020-09-08,United Kingdom,NA,East of England,6235410,163,0,28006,4136
2020-09-09,United Kingdom,NA,East of England,6235410,122,0,28128,4136
2020-09-10,United Kingdom,NA,East of England,6235410,157,0,28285,4136
2020-09-11,United Kingdom,NA,East of England,6235410,92,0,28377,4136
2020-09-12,United Kingdom,NA,East of England,6235410,58,0,28435,4136
2020-09-13,United Kingdom,NA,East of England,6235410,11,1,28446,4137
2020-09-14,United Kingdom,NA,East of England,6235410,3,1,28449,4138
2020-02-24,United Kingdom,NA,England,53012456,4,0,13,0
2020-02-25,United Kingdom,NA,England,53012456,0,0,13,0
2020-02-26,United Kingdom,NA,England,53012456,0,0,13,0
2020-02-27,United Kingdom,NA,England,53012456,0,0,13,0
2020-02-28,United Kingdom,NA,England,53012456,5,0,18,0
2020-02-29,United Kingdom,NA,England,53012456,3,0,21,0
2020-03-01,United Kingdom,NA,England,53012456,12,0,33,0
2020-03-02,United Kingdom,NA,England,53012456,4,1,37,1
2020-03-03,United Kingdom,NA,England,53012456,11,2,48,3
2020-03-04,United Kingdom,NA,England,53012456,32,0,80,3
2020-03-05,United Kingdom,NA,England,53012456,25,3,105,6
2020-03-06,United Kingdom,NA,England,53012456,39,1,144,6
2020-03-07,United Kingdom,NA,England,53012456,39,1,183,6
2020-03-08,United Kingdom,NA,England,53012456,58,3,241,9
2020-03-09,United Kingdom,NA,England,53012456,40,5,282,14
2020-03-10,United Kingdom,NA,England,53012456,46,3,324,17
2020-03-11,United Kingdom,NA,England,53012456,63,8,387,25
2020-03-12,United Kingdom,NA,England,53012456,99,12,486,37
2020-03-13,United Kingdom,NA,England,53012456,159,16,645,53
2020-03-14,United Kingdom,NA,England,53012456,201,20,846,73
2020-03-15,United Kingdom,NA,England,53012456,253,32,1099,105
2020-03-16,United Kingdom,NA,England,53012456,97,42,1196,147
2020-03-17,United Kingdom,NA,England,53012456,361,50,1557,197
2020-03-18,United Kingdom,NA,England,53012456,625,67,2182,264
2020-03-19,United Kingdom,NA,England,53012456,574,67,2756,331
2020-03-20,United Kingdom,NA,England,53012456,628,102,3384,433
2020-03-21,United Kingdom,NA,England,53012456,873,117,4257,550
2020-03-22,United Kingdom,NA,England,53012456,535,155,4792,705
2020-03-23,United Kingdom,NA,England,53012456,793,173,5585,878
2020-03-24,United Kingdom,NA,England,53012456,1258,219,6843,1097
2020-03-25,United Kingdom,NA,England,53012456,1130,278,7973,1375
2020-03-26,United Kingdom,NA,England,53012456,1809,335,9782,1710
2020-03-27,United Kingdom,NA,England,53012456,2506,374,12288,2084
2020-03-28,United Kingdom,NA,England,53012456,2139,385,14427,2469
2020-03-29,United Kingdom,NA,England,53012456,2060,466,16487,2935
2020-03-30,United Kingdom,NA,England,53012456,2107,537,18594,3472
2020-03-31,United Kingdom,NA,England,53012456,2414,603,21008,4075
2020-04-01,United Kingdom,NA,England,53012456,3630,697,24638,4772
2020-04-02,United Kingdom,NA,England,53012456,3583,732,28221,5504
2020-04-03,United Kingdom,NA,England,53012456,3576,744,31797,6248
2020-04-04,United Kingdom,NA,England,53012456,2910,837,34707,7085
2020-04-05,United Kingdom,NA,England,53012456,5107,830,39814,7915
2020-04-06,United Kingdom,NA,England,53012456,3176,805,42990,8720
2020-04-07,United Kingdom,NA,England,53012456,2978,911,45968,9631
2020-04-08,United Kingdom,NA,England,53012456,4788,973,50756,10604
2020-04-09,United Kingdom,NA,England,53012456,3798,875,54554,11479
2020-04-10,United Kingdom,NA,England,53012456,4263,849,58817,12328
2020-04-11,United Kingdom,NA,England,53012456,3841,861,62658,13189
2020-04-12,United Kingdom,NA,England,53012456,3672,857,66330,14046
2020-04-13,United Kingdom,NA,England,53012456,2999,803,69329,14849
2020-04-14,United Kingdom,NA,England,53012456,3854,770,73183,15619
2020-04-15,United Kingdom,NA,England,53012456,3188,783,76371,16402
2020-04-16,United Kingdom,NA,England,53012456,3118,751,79489,17153
2020-04-17,United Kingdom,NA,England,53012456,3985,744,83474,17897
2020-04-18,United Kingdom,NA,England,53012456,3548,706,87022,18603
2020-04-19,United Kingdom,NA,England,53012456,3607,683,90629,19286
2020-04-20,United Kingdom,NA,England,53012456,2401,683,93030,19969
2020-04-21,United Kingdom,NA,England,53012456,3087,647,96117,20616
2020-04-22,United Kingdom,NA,England,53012456,3020,643,99137,21259
2020-04-23,United Kingdom,NA,England,53012456,3084,592,102221,21851
2020-04-24,United Kingdom,NA,England,53012456,3004,601,105225,22452
2020-04-25,United Kingdom,NA,England,53012456,2826,555,108051,23007
2020-04-26,United Kingdom,NA,England,53012456,2152,558,110203,23565
2020-04-27,United Kingdom,NA,England,53012456,2264,506,112467,24071
2020-04-28,United Kingdom,NA,England,53012456,1989,497,114456,24568
2020-04-29,United Kingdom,NA,England,53012456,1403,494,115859,25062
2020-04-30,United Kingdom,NA,England,53012456,2484,479,118343,25541
2020-05-01,United Kingdom,NA,England,53012456,2501,478,121006,26019
2020-05-02,United Kingdom,NA,England,53012456,2228,423,123234,26442
2020-05-03,United Kingdom,NA,England,53012456,2019,388,125253,26830
2020-05-04,United Kingdom,NA,England,53012456,1485,411,126738,27241
2020-05-05,United Kingdom,NA,England,53012456,1842,390,128580,27631
2020-05-06,United Kingdom,NA,England,53012456,1611,392,130191,28023
2020-05-07,United Kingdom,NA,England,53012456,2133,398,132324,28421
2020-05-08,United Kingdom,NA,England,53012456,1694,328,134018,28749
2020-05-09,United Kingdom,NA,England,53012456,1349,330,135367,29079
2020-05-10,United Kingdom,NA,England,53012456,1007,301,136374,29380
2020-05-11,United Kingdom,NA,England,53012456,891,260,137265,29640
2020-05-12,United Kingdom,NA,England,53012456,1067,274,138332,29914
2020-05-13,United Kingdom,NA,England,53012456,1146,254,139478,30168
2020-05-14,United Kingdom,NA,England,53012456,1189,278,140667,30446
2020-05-15,United Kingdom,NA,England,53012456,1112,268,141779,30714
2020-05-16,United Kingdom,NA,England,53012456,1136,270,142915,30984
2020-05-17,United Kingdom,NA,England,53012456,788,222,143703,31206
2020-05-18,United Kingdom,NA,England,53012456,816,253,144519,31459
2020-05-19,United Kingdom,NA,England,53012456,857,230,145376,31689
2020-05-20,United Kingdom,NA,England,53012456,824,235,145808,31924
2020-05-21,United Kingdom,NA,England,53012456,854,201,146662,32125
2020-05-22,United Kingdom,NA,England,53012456,1083,195,147745,32320
2020-05-23,United Kingdom,NA,England,53012456,979,198,148724,32518
2020-05-24,United Kingdom,NA,England,53012456,584,169,149308,32687
2020-05-25,United Kingdom,NA,England,53012456,494,176,149802,32863
2020-05-26,United Kingdom,NA,England,53012456,492,187,150294,33050
2020-05-27,United Kingdom,NA,England,53012456,609,169,150903,33219
2020-05-28,United Kingdom,NA,England,53012456,519,183,151422,33402
2020-05-29,United Kingdom,NA,England,53012456,560,163,151982,33565
2020-05-30,United Kingdom,NA,England,53012456,715,144,151982,33709
2020-05-31,United Kingdom,NA,England,53012456,320,112,152176,33821
2020-06-01,United Kingdom,NA,England,53012456,294,122,152470,33943
2020-06-02,United Kingdom,NA,England,53012456,444,157,152914,34100
2020-06-03,United Kingdom,NA,England,53012456,462,138,153376,34238
2020-06-04,United Kingdom,NA,England,53012456,431,120,153807,34358
2020-06-05,United Kingdom,NA,England,53012456,451,108,154258,34466
2020-06-06,United Kingdom,NA,England,53012456,422,97,154680,34563
2020-06-07,United Kingdom,NA,England,53012456,228,111,154908,34674
2020-06-08,United Kingdom,NA,England,53012456,92,111,155000,34785
2020-06-09,United Kingdom,NA,England,53012456,651,85,155651,34870
2020-06-10,United Kingdom,NA,England,53012456,63,97,155714,34967
2020-06-11,United Kingdom,NA,England,53012456,304,71,156018,35038
2020-06-12,United Kingdom,NA,England,53012456,392,72,156410,35110
2020-06-13,United Kingdom,NA,England,53012456,372,52,156782,35162
2020-06-14,United Kingdom,NA,England,53012456,292,76,157074,35238
2020-06-15,United Kingdom,NA,England,53012456,219,61,157293,35299
2020-06-16,United Kingdom,NA,England,53012456,252,69,157545,35368
2020-06-17,United Kingdom,NA,England,53012456,252,53,157797,35421
2020-06-18,United Kingdom,NA,England,53012456,281,57,158078,35478
2020-06-19,United Kingdom,NA,England,53012456,323,47,158401,35525
2020-06-20,United Kingdom,NA,England,53012456,324,54,158725,35579
2020-06-21,United Kingdom,NA,England,53012456,215,47,158940,35626
2020-06-22,United Kingdom,NA,England,53012456,178,58,159118,35684
2020-06-23,United Kingdom,NA,England,53012456,210,60,159328,35744
2020-06-24,United Kingdom,NA,England,53012456,107,68,159435,35812
2020-06-25,United Kingdom,NA,England,53012456,261,57,159696,35869
2020-06-26,United Kingdom,NA,England,53012456,175,38,159958,35907
2020-06-27,United Kingdom,NA,England,53012456,192,39,160150,35946
2020-06-28,United Kingdom,NA,England,53012456,142,42,160292,35988
2020-06-29,United Kingdom,NA,England,53012456,99,33,160391,36021
2020-06-30,United Kingdom,NA,England,53012456,196,43,160587,36064
2020-07-01,United Kingdom,NA,England,53012456,177,22,160764,36086
2020-07-02,United Kingdom,NA,England,53012456,523,40,243910,36126
2020-07-03,United Kingdom,NA,England,53012456,502,26,244412,36152
2020-07-04,United Kingdom,NA,England,53012456,579,31,244991,36183
2020-07-05,United Kingdom,NA,England,53012456,492,24,245483,36207
2020-07-06,United Kingdom,NA,England,53012456,331,33,245814,36240
2020-07-07,United Kingdom,NA,England,53012456,572,26,246386,36266
2020-07-08,United Kingdom,NA,England,53012456,606,23,246992,36289
2020-07-09,United Kingdom,NA,England,53012456,617,35,247609,36324
2020-07-10,United Kingdom,NA,England,53012456,480,21,248089,36345
2020-07-11,United Kingdom,NA,England,53012456,806,21,248895,36366
2020-07-12,United Kingdom,NA,England,53012456,615,12,249510,36378
2020-07-13,United Kingdom,NA,England,53012456,497,22,250007,36400
2020-07-14,United Kingdom,NA,England,53012456,372,20,250379,36420
2020-07-15,United Kingdom,NA,England,53012456,506,20,250885,36440
2020-07-16,United Kingdom,NA,England,53012456,597,12,251482,36452
2020-07-17,United Kingdom,NA,England,53012456,635,18,252117,36470
2020-07-18,United Kingdom,NA,England,53012456,796,14,252913,36484
2020-07-19,United Kingdom,NA,England,53012456,672,14,253585,36498
2020-07-20,United Kingdom,NA,England,53012456,535,12,254120,36510
2020-07-21,United Kingdom,NA,England,53012456,399,19,254519,36529
2020-07-22,United Kingdom,NA,England,53012456,519,16,255038,36545
2020-07-23,United Kingdom,NA,England,53012456,702,16,255740,36561
2020-07-24,United Kingdom,NA,England,53012456,688,6,256428,36567
2020-07-25,United Kingdom,NA,England,53012456,710,13,257138,36580
2020-07-26,United Kingdom,NA,England,53012456,721,14,257859,36594
2020-07-27,United Kingdom,NA,England,53012456,616,10,258475,36604
2020-07-28,United Kingdom,NA,England,53012456,547,10,259022,36614
2020-07-29,United Kingdom,NA,England,53012456,700,8,259722,36622
2020-07-30,United Kingdom,NA,England,53012456,812,8,260534,36630
2020-07-31,United Kingdom,NA,England,53012456,814,10,261348,36640
2020-08-01,United Kingdom,NA,England,53012456,722,9,262070,36649
2020-08-02,United Kingdom,NA,England,53012456,676,8,262746,36657
2020-08-03,United Kingdom,NA,England,53012456,856,15,263602,36672
2020-08-04,United Kingdom,NA,England,53012456,617,11,264219,36683
2020-08-05,United Kingdom,NA,England,53012456,804,3,265023,36686
2020-08-06,United Kingdom,NA,England,53012456,826,9,265849,36695
2020-08-07,United Kingdom,NA,England,53012456,796,7,266645,36702
2020-08-08,United Kingdom,NA,England,53012456,679,11,267324,36713
2020-08-09,United Kingdom,NA,England,53012456,988,8,268312,36721
2020-08-10,United Kingdom,NA,England,53012456,699,11,269011,36732
2020-08-11,United Kingdom,NA,England,53012456,1035,10,270046,36742
2020-08-12,United Kingdom,NA,England,53012456,925,6,270971,36748
2020-08-13,United Kingdom,NA,England,53012456,1059,7,272030,36755
2020-08-14,United Kingdom,NA,England,53012456,1284,6,273314,36761
2020-08-15,United Kingdom,NA,England,53012456,934,12,274248,36773
2020-08-16,United Kingdom,NA,England,53012456,952,4,275200,36777
2020-08-17,United Kingdom,NA,England,53012456,634,12,275834,36789
2020-08-18,United Kingdom,NA,England,53012456,975,8,276809,36797
2020-08-19,United Kingdom,NA,England,53012456,707,1,277516,36798
2020-08-20,United Kingdom,NA,England,53012456,1035,8,278551,36806
2020-08-21,United Kingdom,NA,England,53012456,908,7,279459,36813
2020-08-22,United Kingdom,NA,England,53012456,1060,5,280519,36818
2020-08-23,United Kingdom,NA,England,53012456,938,13,281457,36831
2020-08-24,United Kingdom,NA,England,53012456,758,5,282215,36836
2020-08-25,United Kingdom,NA,England,53012456,1065,11,283280,36847
2020-08-26,United Kingdom,NA,England,53012456,875,11,284155,36858
2020-08-27,United Kingdom,NA,England,53012456,1350,8,285505,36866
2020-08-28,United Kingdom,NA,England,53012456,1106,7,286611,36873
2020-08-29,United Kingdom,NA,England,53012456,891,5,287502,36878
2020-08-30,United Kingdom,NA,England,53012456,1487,6,288989,36884
2020-08-31,United Kingdom,NA,England,53012456,1149,6,290138,36890
2020-09-01,United Kingdom,NA,England,53012456,1041,2,291179,36892
2020-09-02,United Kingdom,NA,England,53012456,1239,8,292418,36900
2020-09-03,United Kingdom,NA,England,53012456,1507,6,293925,36906
2020-09-04,United Kingdom,NA,England,53012456,1669,6,295594,36912
2020-09-05,United Kingdom,NA,England,53012456,1477,10,297071,36922
2020-09-06,United Kingdom,NA,England,53012456,2576,9,299647,36931
2020-09-07,United Kingdom,NA,England,53012456,2528,10,302175,36941
2020-09-08,United Kingdom,NA,England,53012456,2094,8,304269,36949
2020-09-09,United Kingdom,NA,England,53012456,2286,8,306555,36957
2020-09-10,United Kingdom,NA,England,53012456,2578,8,309133,36965
2020-09-11,United Kingdom,NA,England,53012456,3143,8,312276,36973
2020-09-12,United Kingdom,NA,England,53012456,3008,10,315284,36983
2020-09-13,United Kingdom,NA,England,53012456,2837,12,318121,36995
2020-09-14,United Kingdom,NA,England,53012456,2259,1,320380,36996
2020-09-15,United Kingdom,NA,England,53012456,2649,0,323029,36996
2020-02-28,United Kingdom,NA,Greater London,8982256,3,0,12,0
2020-02-29,United Kingdom,NA,Greater London,8982256,1,0,13,0
2020-03-01,United Kingdom,NA,Greater London,8982256,4,0,17,0
2020-03-02,United Kingdom,NA,Greater London,8982256,12,0,29,0
2020-03-03,United Kingdom,NA,Greater London,8982256,6,0,35,0
2020-03-04,United Kingdom,NA,Greater London,8982256,18,0,53,0
2020-03-05,United Kingdom,NA,Greater London,8982256,14,0,67,0
2020-03-06,United Kingdom,NA,Greater London,8982256,23,0,90,0
2020-03-07,United Kingdom,NA,Greater London,8982256,14,0,104,0
2020-03-08,United Kingdom,NA,Greater London,8982256,22,0,126,0
2020-03-09,United Kingdom,NA,Greater London,8982256,53,2,179,2
2020-03-10,United Kingdom,NA,Greater London,8982256,91,1,270,3
2020-03-11,United Kingdom,NA,Greater London,8982256,183,4,453,7
2020-03-12,United Kingdom,NA,Greater London,8982256,165,6,618,13
2020-03-13,United Kingdom,NA,Greater London,8982256,136,6,754,19
2020-03-14,United Kingdom,NA,Greater London,8982256,149,11,903,30
2020-03-15,United Kingdom,NA,Greater London,8982256,165,9,1068,39
2020-03-16,United Kingdom,NA,Greater London,8982256,234,14,1302,53
2020-03-17,United Kingdom,NA,Greater London,8982256,310,23,1612,76
2020-03-18,United Kingdom,NA,Greater London,8982256,356,25,1968,101
2020-03-19,United Kingdom,NA,Greater London,8982256,333,25,2301,126
2020-03-20,United Kingdom,NA,Greater London,8982256,426,45,2727,171
2020-03-21,United Kingdom,NA,Greater London,8982256,351,47,3078,218
2020-03-22,United Kingdom,NA,Greater London,8982256,437,53,3515,271
2020-03-23,United Kingdom,NA,Greater London,8982256,689,56,4204,327
2020-03-24,United Kingdom,NA,Greater London,8982256,637,87,4841,414
2020-03-25,United Kingdom,NA,Greater London,8982256,759,116,5600,530
2020-03-26,United Kingdom,NA,Greater London,8982256,766,121,6366,651
2020-03-27,United Kingdom,NA,Greater London,8982256,822,126,7188,777
2020-03-28,United Kingdom,NA,Greater London,8982256,577,120,7765,897
2020-03-29,United Kingdom,NA,Greater London,8982256,595,141,8360,1038
2020-03-30,United Kingdom,NA,Greater London,8982256,870,150,9230,1188
2020-03-31,United Kingdom,NA,Greater London,8982256,936,178,10166,1366
2020-04-01,United Kingdom,NA,Greater London,8982256,980,189,11146,1555
2020-04-02,United Kingdom,NA,Greater London,8982256,1071,195,12217,1750
2020-04-03,United Kingdom,NA,Greater London,8982256,981,190,13198,1940
2020-04-04,United Kingdom,NA,Greater London,8982256,766,225,13964,2165
2020-04-05,United Kingdom,NA,Greater London,8982256,635,196,14599,2361
2020-04-06,United Kingdom,NA,Greater London,8982256,860,195,15459,2556
2020-04-07,United Kingdom,NA,Greater London,8982256,953,223,16412,2779
2020-04-08,United Kingdom,NA,Greater London,8982256,874,230,17286,3009
2020-04-09,United Kingdom,NA,Greater London,8982256,799,198,18085,3207
2020-04-10,United Kingdom,NA,Greater London,8982256,614,175,18699,3382
2020-04-11,United Kingdom,NA,Greater London,8982256,521,164,19220,3546
2020-04-12,United Kingdom,NA,Greater London,8982256,500,169,19720,3715
2020-04-13,United Kingdom,NA,Greater London,8982256,600,170,20320,3885
2020-04-14,United Kingdom,NA,Greater London,8982256,605,144,20925,4029
2020-04-15,United Kingdom,NA,Greater London,8982256,660,146,21585,4175
2020-04-16,United Kingdom,NA,Greater London,8982256,576,139,22161,4314
2020-04-17,United Kingdom,NA,Greater London,8982256,578,109,22739,4423
2020-04-18,United Kingdom,NA,Greater London,8982256,402,116,23141,4539
2020-04-19,United Kingdom,NA,Greater London,8982256,396,115,23537,4654
2020-04-20,United Kingdom,NA,Greater London,8982256,434,97,23971,4751
2020-04-21,United Kingdom,NA,Greater London,8982256,467,103,24438,4854
2020-04-22,United Kingdom,NA,Greater London,8982256,396,110,24834,4964
2020-04-23,United Kingdom,NA,Greater London,8982256,523,76,25357,5040
2020-04-24,United Kingdom,NA,Greater London,8982256,378,73,25735,5113
2020-04-25,United Kingdom,NA,Greater London,8982256,333,60,26068,5173
2020-04-26,United Kingdom,NA,Greater London,8982256,310,63,26378,5236
2020-04-27,United Kingdom,NA,Greater London,8982256,417,53,26795,5289
2020-04-28,United Kingdom,NA,Greater London,8982256,311,58,27106,5347
2020-04-29,United Kingdom,NA,Greater London,8982256,431,52,27537,5399
2020-04-30,United Kingdom,NA,Greater London,8982256,425,44,27962,5443
2020-05-01,United Kingdom,NA,Greater London,8982256,356,42,28318,5485
2020-05-02,United Kingdom,NA,Greater London,8982256,249,53,28567,5538
2020-05-03,United Kingdom,NA,Greater London,8982256,167,42,28734,5580
2020-05-04,United Kingdom,NA,Greater London,8982256,244,37,28978,5617
2020-05-05,United Kingdom,NA,Greater London,8982256,221,33,29199,5650
2020-05-06,United Kingdom,NA,Greater London,8982256,269,42,29468,5692
2020-05-07,United Kingdom,NA,Greater London,8982256,271,28,29739,5720
2020-05-08,United Kingdom,NA,Greater London,8982256,207,29,29946,5749
2020-05-09,United Kingdom,NA,Greater London,8982256,127,25,30073,5774
2020-05-10,United Kingdom,NA,Greater London,8982256,124,28,30197,5802
2020-05-11,United Kingdom,NA,Greater London,8982256,159,23,30356,5825
2020-05-12,United Kingdom,NA,Greater London,8982256,195,15,30551,5840
2020-05-13,United Kingdom,NA,Greater London,8982256,204,12,30755,5852
2020-05-14,United Kingdom,NA,Greater London,8982256,157,18,30912,5870
2020-05-15,United Kingdom,NA,Greater London,8982256,131,17,31043,5887
2020-05-16,United Kingdom,NA,Greater London,8982256,74,10,31117,5897
2020-05-17,United Kingdom,NA,Greater London,8982256,79,15,31196,5912
2020-05-18,United Kingdom,NA,Greater London,8982256,113,13,31309,5925
2020-05-19,United Kingdom,NA,Greater London,8982256,132,19,31441,5944
2020-05-20,United Kingdom,NA,Greater London,8982256,144,16,31585,5960
2020-05-21,United Kingdom,NA,Greater London,8982256,158,12,31743,5972
2020-05-22,United Kingdom,NA,Greater London,8982256,85,8,31828,5980
2020-05-23,United Kingdom,NA,Greater London,8982256,65,5,31893,5985
2020-05-24,United Kingdom,NA,Greater London,8982256,51,6,31944,5991
2020-05-25,United Kingdom,NA,Greater London,8982256,58,9,32002,6000
2020-05-26,United Kingdom,NA,Greater London,8982256,66,10,32068,6010
2020-05-27,United Kingdom,NA,Greater London,8982256,84,8,32152,6018
2020-05-28,United Kingdom,NA,Greater London,8982256,74,9,32226,6027
2020-05-29,United Kingdom,NA,Greater London,8982256,57,5,32283,6032
2020-05-30,United Kingdom,NA,Greater London,8982256,39,7,32322,6039
2020-05-31,United Kingdom,NA,Greater London,8982256,38,5,32360,6044
2020-06-01,United Kingdom,NA,Greater London,8982256,49,6,32409,6050
2020-06-02,United Kingdom,NA,Greater London,8982256,49,7,32458,6057
2020-06-03,United Kingdom,NA,Greater London,8982256,79,6,32537,6063
2020-06-04,United Kingdom,NA,Greater London,8982256,57,6,32594,6069
2020-06-05,United Kingdom,NA,Greater London,8982256,47,2,32641,6071
2020-06-06,United Kingdom,NA,Greater London,8982256,46,3,32687,6074
2020-06-07,United Kingdom,NA,Greater London,8982256,45,5,32732,6079
2020-06-08,United Kingdom,NA,Greater London,8982256,56,8,32788,6087
2020-06-09,United Kingdom,NA,Greater London,8982256,71,2,32859,6089
2020-06-10,United Kingdom,NA,Greater London,8982256,53,5,32912,6094
2020-06-11,United Kingdom,NA,Greater London,8982256,47,5,32959,6099
2020-06-12,United Kingdom,NA,Greater London,8982256,54,5,33013,6104
2020-06-13,United Kingdom,NA,Greater London,8982256,39,1,33052,6105
2020-06-14,United Kingdom,NA,Greater London,8982256,31,2,33083,6107
2020-06-15,United Kingdom,NA,Greater London,8982256,41,2,33124,6109
2020-06-16,United Kingdom,NA,Greater London,8982256,47,1,33171,6110
2020-06-17,United Kingdom,NA,Greater London,8982256,43,1,33214,6111
2020-06-18,United Kingdom,NA,Greater London,8982256,46,0,33260,6111
2020-06-19,United Kingdom,NA,Greater London,8982256,37,2,33297,6113
2020-06-20,United Kingdom,NA,Greater London,8982256,28,2,33325,6115
2020-06-21,United Kingdom,NA,Greater London,8982256,27,2,33352,6117
2020-06-22,United Kingdom,NA,Greater London,8982256,51,3,33403,6120
2020-06-23,United Kingdom,NA,Greater London,8982256,49,0,33452,6120
2020-06-24,United Kingdom,NA,Greater London,8982256,46,4,33498,6124
2020-06-25,United Kingdom,NA,Greater London,8982256,57,1,33555,6125
2020-06-26,United Kingdom,NA,Greater London,8982256,48,0,33603,6125
2020-06-27,United Kingdom,NA,Greater London,8982256,32,0,33635,6125
2020-06-28,United Kingdom,NA,Greater London,8982256,22,1,33657,6126
2020-06-29,United Kingdom,NA,Greater London,8982256,58,1,33715,6127
2020-06-30,United Kingdom,NA,Greater London,8982256,52,1,33767,6128
2020-07-01,United Kingdom,NA,Greater London,8982256,42,1,33809,6129
2020-07-02,United Kingdom,NA,Greater London,8982256,38,2,33847,6131
2020-07-03,United Kingdom,NA,Greater London,8982256,38,1,33885,6132
2020-07-04,United Kingdom,NA,Greater London,8982256,32,1,33917,6133
2020-07-05,United Kingdom,NA,Greater London,8982256,51,3,33968,6136
2020-07-06,United Kingdom,NA,Greater London,8982256,53,2,34021,6138
2020-07-07,United Kingdom,NA,Greater London,8982256,59,1,34080,6139
2020-07-08,United Kingdom,NA,Greater London,8982256,57,3,34137,6142
2020-07-09,United Kingdom,NA,Greater London,8982256,54,2,34191,6144
2020-07-10,United Kingdom,NA,Greater London,8982256,40,0,34231,6144
2020-07-11,United Kingdom,NA,Greater London,8982256,19,3,34250,6147
2020-07-12,United Kingdom,NA,Greater London,8982256,38,1,34288,6148
2020-07-13,United Kingdom,NA,Greater London,8982256,85,1,34373,6149
2020-07-14,United Kingdom,NA,Greater London,8982256,62,0,34435,6149
2020-07-15,United Kingdom,NA,Greater London,8982256,76,1,34511,6150
2020-07-16,United Kingdom,NA,Greater London,8982256,70,0,34581,6150
2020-07-17,United Kingdom,NA,Greater London,8982256,48,2,34629,6152
2020-07-18,United Kingdom,NA,Greater London,8982256,48,0,34677,6152
2020-07-19,United Kingdom,NA,Greater London,8982256,41,0,34718,6152
2020-07-20,United Kingdom,NA,Greater London,8982256,97,0,34815,6152
2020-07-21,United Kingdom,NA,Greater London,8982256,82,0,34897,6152
2020-07-22,United Kingdom,NA,Greater London,8982256,80,0,34977,6152
2020-07-23,United Kingdom,NA,Greater London,8982256,71,2,35048,6154
2020-07-24,United Kingdom,NA,Greater London,8982256,82,0,35130,6154
2020-07-25,United Kingdom,NA,Greater London,8982256,54,0,35184,6154
2020-07-26,United Kingdom,NA,Greater London,8982256,65,0,35249,6154
2020-07-27,United Kingdom,NA,Greater London,8982256,100,1,35349,6155
2020-07-28,United Kingdom,NA,Greater London,8982256,98,0,35447,6155
2020-07-29,United Kingdom,NA,Greater London,8982256,98,0,35545,6155
2020-07-30,United Kingdom,NA,Greater London,8982256,101,0,35646,6155
2020-07-31,United Kingdom,NA,Greater London,8982256,73,2,35719,6157
2020-08-01,United Kingdom,NA,Greater London,8982256,58,2,35777,6159
2020-08-02,United Kingdom,NA,Greater London,8982256,75,1,35852,6160
2020-08-03,United Kingdom,NA,Greater London,8982256,86,0,35938,6160
2020-08-04,United Kingdom,NA,Greater London,8982256,104,0,36042,6160
2020-08-05,United Kingdom,NA,Greater London,8982256,115,0,36157,6160
2020-08-06,United Kingdom,NA,Greater London,8982256,106,0,36263,6160
2020-08-07,United Kingdom,NA,Greater London,8982256,119,0,36382,6160
2020-08-08,United Kingdom,NA,Greater London,8982256,55,1,36437,6161
2020-08-09,United Kingdom,NA,Greater London,8982256,67,0,36504,6161
2020-08-10,United Kingdom,NA,Greater London,8982256,142,0,36646,6161
2020-08-11,United Kingdom,NA,Greater London,8982256,149,1,36795,6162
2020-08-12,United Kingdom,NA,Greater London,8982256,157,0,36952,6162
2020-08-13,United Kingdom,NA,Greater London,8982256,124,2,37076,6164
2020-08-14,United Kingdom,NA,Greater London,8982256,127,0,37203,6164
2020-08-15,United Kingdom,NA,Greater London,8982256,105,0,37308,6164
2020-08-16,United Kingdom,NA,Greater London,8982256,87,0,37395,6164
2020-08-17,United Kingdom,NA,Greater London,8982256,190,2,37585,6166
2020-08-18,United Kingdom,NA,Greater London,8982256,181,1,37766,6167
2020-08-19,United Kingdom,NA,Greater London,8982256,151,0,37917,6167
2020-08-20,United Kingdom,NA,Greater London,8982256,202,1,38119,6168
2020-08-21,United Kingdom,NA,Greater London,8982256,165,0,38284,6168
2020-08-22,United Kingdom,NA,Greater London,8982256,118,1,38402,6169
2020-08-23,United Kingdom,NA,Greater London,8982256,144,0,38546,6169
2020-08-24,United Kingdom,NA,Greater London,8982256,196,0,38742,6169
2020-08-25,United Kingdom,NA,Greater London,8982256,168,1,38910,6170
2020-08-26,United Kingdom,NA,Greater London,8982256,165,0,39075,6170
2020-08-27,United Kingdom,NA,Greater London,8982256,229,0,39304,6170
2020-08-28,United Kingdom,NA,Greater London,8982256,220,0,39524,6170
2020-08-29,United Kingdom,NA,Greater London,8982256,138,0,39662,6170
2020-08-30,United Kingdom,NA,Greater London,8982256,128,0,39790,6170
2020-08-31,United Kingdom,NA,Greater London,8982256,214,1,40004,6171
2020-09-01,United Kingdom,NA,Greater London,8982256,308,0,40312,6171
2020-09-02,United Kingdom,NA,Greater London,8982256,332,1,40644,6172
2020-09-03,United Kingdom,NA,Greater London,8982256,347,1,40991,6173
2020-09-04,United Kingdom,NA,Greater London,8982256,352,0,41343,6173
2020-09-05,United Kingdom,NA,Greater London,8982256,270,0,41613,6173
2020-09-06,United Kingdom,NA,Greater London,8982256,204,2,41817,6175
2020-09-07,United Kingdom,NA,Greater London,8982256,448,0,42265,6175
2020-09-08,United Kingdom,NA,Greater London,8982256,328,0,42593,6175
2020-09-09,United Kingdom,NA,Greater London,8982256,325,0,42918,6175
2020-09-10,United Kingdom,NA,Greater London,8982256,368,1,43286,6176
2020-09-11,United Kingdom,NA,Greater London,8982256,241,1,43527,6177
2020-09-12,United Kingdom,NA,Greater London,8982256,137,1,43664,6178
2020-09-13,United Kingdom,NA,Greater London,8982256,16,0,43680,6178
2020-09-14,United Kingdom,NA,Greater London,8982256,5,0,43685,6178
2020-03-10,United Kingdom,NA,North East,2656980,4,0,14,0
2020-03-11,United Kingdom,NA,North East,2656980,1,0,15,0
2020-03-12,United Kingdom,NA,North East,2656980,2,0,17,0
2020-03-13,United Kingdom,NA,North East,2656980,6,0,23,0
2020-03-14,United Kingdom,NA,North East,2656980,6,0,29,0
2020-03-15,United Kingdom,NA,North East,2656980,10,1,39,1
2020-03-16,United Kingdom,NA,North East,2656980,7,0,46,1
2020-03-17,United Kingdom,NA,North East,2656980,16,0,62,1
2020-03-18,United Kingdom,NA,North East,2656980,14,1,76,2
2020-03-19,United Kingdom,NA,North East,2656980,19,1,95,3
2020-03-20,United Kingdom,NA,North East,2656980,26,3,121,6
2020-03-21,United Kingdom,NA,North East,2656980,23,3,144,9
2020-03-22,United Kingdom,NA,North East,2656980,20,6,164,15
2020-03-23,United Kingdom,NA,North East,2656980,58,4,222,19
2020-03-24,United Kingdom,NA,North East,2656980,76,1,298,20
2020-03-25,United Kingdom,NA,North East,2656980,76,5,374,25
2020-03-26,United Kingdom,NA,North East,2656980,97,6,471,31
2020-03-27,United Kingdom,NA,North East,2656980,102,11,573,42
2020-03-28,United Kingdom,NA,North East,2656980,113,8,686,50
2020-03-29,United Kingdom,NA,North East,2656980,107,10,793,60
2020-03-30,United Kingdom,NA,North East,2656980,176,34,969,94
2020-03-31,United Kingdom,NA,North East,2656980,210,25,1179,119
2020-04-01,United Kingdom,NA,North East,2656980,308,33,1487,152
2020-04-02,United Kingdom,NA,North East,2656980,219,32,1706,184
2020-04-03,United Kingdom,NA,North East,2656980,261,43,1967,227
2020-04-04,United Kingdom,NA,North East,2656980,254,46,2221,273
2020-04-05,United Kingdom,NA,North East,2656980,221,45,2442,318
2020-04-06,United Kingdom,NA,North East,2656980,375,43,2817,361
2020-04-07,United Kingdom,NA,North East,2656980,350,41,3167,402
2020-04-08,United Kingdom,NA,North East,2656980,292,45,3459,447
2020-04-09,United Kingdom,NA,North East,2656980,314,47,3773,494
2020-04-10,United Kingdom,NA,North East,2656980,245,56,4018,550
2020-04-11,United Kingdom,NA,North East,2656980,267,49,4285,599
2020-04-12,United Kingdom,NA,North East,2656980,201,46,4486,645
2020-04-13,United Kingdom,NA,North East,2656980,232,37,4718,682
2020-04-14,United Kingdom,NA,North East,2656980,257,52,4975,734
2020-04-15,United Kingdom,NA,North East,2656980,284,32,5259,766
2020-04-16,United Kingdom,NA,North East,2656980,295,25,5554,791
2020-04-17,United Kingdom,NA,North East,2656980,293,37,5847,828
2020-04-18,United Kingdom,NA,North East,2656980,380,50,6227,878
2020-04-19,United Kingdom,NA,North East,2656980,276,45,6503,923
2020-04-20,United Kingdom,NA,North East,2656980,315,43,6818,966
2020-04-21,United Kingdom,NA,North East,2656980,288,37,7106,1003
2020-04-22,United Kingdom,NA,North East,2656980,361,38,7467,1041
2020-04-23,United Kingdom,NA,North East,2656980,330,34,7797,1075
2020-04-24,United Kingdom,NA,North East,2656980,332,29,8129,1104
2020-04-25,United Kingdom,NA,North East,2656980,215,49,8344,1153
2020-04-26,United Kingdom,NA,North East,2656980,159,34,8503,1187
2020-04-27,United Kingdom,NA,North East,2656980,284,32,8787,1219
2020-04-28,United Kingdom,NA,North East,2656980,360,42,9147,1261
2020-04-29,United Kingdom,NA,North East,2656980,360,29,9507,1290
2020-04-30,United Kingdom,NA,North East,2656980,383,32,9890,1322
2020-05-01,United Kingdom,NA,North East,2656980,273,39,10163,1361
2020-05-02,United Kingdom,NA,North East,2656980,183,40,10346,1401
2020-05-03,United Kingdom,NA,North East,2656980,163,29,10509,1430
2020-05-04,United Kingdom,NA,North East,2656980,233,28,10742,1458
2020-05-05,United Kingdom,NA,North East,2656980,251,27,10993,1485
2020-05-06,United Kingdom,NA,North East,2656980,243,25,11236,1510
2020-05-07,United Kingdom,NA,North East,2656980,199,33,11435,1543
2020-05-08,United Kingdom,NA,North East,2656980,159,26,11594,1569
2020-05-09,United Kingdom,NA,North East,2656980,150,25,11744,1594
2020-05-10,United Kingdom,NA,North East,2656980,150,18,11894,1612
2020-05-11,United Kingdom,NA,North East,2656980,228,25,12122,1637
2020-05-12,United Kingdom,NA,North East,2656980,220,18,12342,1655
2020-05-13,United Kingdom,NA,North East,2656980,144,29,12486,1684
2020-05-14,United Kingdom,NA,North East,2656980,138,22,12624,1706
2020-05-15,United Kingdom,NA,North East,2656980,137,21,12761,1727
2020-05-16,United Kingdom,NA,North East,2656980,126,32,12887,1759
2020-05-17,United Kingdom,NA,North East,2656980,98,27,12985,1786
2020-05-18,United Kingdom,NA,North East,2656980,147,31,13132,1817
2020-05-19,United Kingdom,NA,North East,2656980,123,20,13255,1837
2020-05-20,United Kingdom,NA,North East,2656980,131,15,13386,1852
2020-05-21,United Kingdom,NA,North East,2656980,130,20,13516,1872
2020-05-22,United Kingdom,NA,North East,2656980,95,13,13611,1885
2020-05-23,United Kingdom,NA,North East,2656980,75,14,13686,1899
2020-05-24,United Kingdom,NA,North East,2656980,77,14,13763,1913
2020-05-25,United Kingdom,NA,North East,2656980,60,7,13823,1920
2020-05-26,United Kingdom,NA,North East,2656980,100,15,13923,1935
2020-05-27,United Kingdom,NA,North East,2656980,115,10,14038,1945
2020-05-28,United Kingdom,NA,North East,2656980,49,14,14087,1959
2020-05-29,United Kingdom,NA,North East,2656980,70,21,14157,1980
2020-05-30,United Kingdom,NA,North East,2656980,47,8,14204,1988
2020-05-31,United Kingdom,NA,North East,2656980,46,8,14250,1996
2020-06-01,United Kingdom,NA,North East,2656980,70,3,14320,1999
2020-06-02,United Kingdom,NA,North East,2656980,59,14,14379,2013
2020-06-03,United Kingdom,NA,North East,2656980,51,8,14430,2021
2020-06-04,United Kingdom,NA,North East,2656980,60,9,14490,2030
2020-06-05,United Kingdom,NA,North East,2656980,42,11,14532,2041
2020-06-06,United Kingdom,NA,North East,2656980,28,2,14560,2043
2020-06-07,United Kingdom,NA,North East,2656980,17,9,14577,2052
2020-06-08,United Kingdom,NA,North East,2656980,34,7,14611,2059
2020-06-09,United Kingdom,NA,North East,2656980,40,3,14651,2062
2020-06-10,United Kingdom,NA,North East,2656980,37,6,14688,2068
2020-06-11,United Kingdom,NA,North East,2656980,23,3,14711,2071
2020-06-12,United Kingdom,NA,North East,2656980,40,4,14751,2075
2020-06-13,United Kingdom,NA,North East,2656980,31,1,14782,2076
2020-06-14,United Kingdom,NA,North East,2656980,31,3,14813,2079
2020-06-15,United Kingdom,NA,North East,2656980,32,0,14845,2079
2020-06-16,United Kingdom,NA,North East,2656980,18,7,14863,2086
2020-06-17,United Kingdom,NA,North East,2656980,19,0,14882,2086
2020-06-18,United Kingdom,NA,North East,2656980,23,4,14905,2090
2020-06-19,United Kingdom,NA,North East,2656980,14,1,14919,2091
2020-06-20,United Kingdom,NA,North East,2656980,17,2,14936,2093
2020-06-21,United Kingdom,NA,North East,2656980,4,5,14940,2098
2020-06-22,United Kingdom,NA,North East,2656980,24,4,14964,2102
2020-06-23,United Kingdom,NA,North East,2656980,26,3,14990,2105
2020-06-24,United Kingdom,NA,North East,2656980,11,2,15001,2107
2020-06-25,United Kingdom,NA,North East,2656980,12,3,15013,2110
2020-06-26,United Kingdom,NA,North East,2656980,8,1,15021,2111
2020-06-27,United Kingdom,NA,North East,2656980,14,2,15035,2113
2020-06-28,United Kingdom,NA,North East,2656980,9,2,15044,2115
2020-06-29,United Kingdom,NA,North East,2656980,11,0,15055,2115
2020-06-30,United Kingdom,NA,North East,2656980,11,0,15066,2115
2020-07-01,United Kingdom,NA,North East,2656980,7,0,15073,2115
2020-07-02,United Kingdom,NA,North East,2656980,9,1,15082,2116
2020-07-03,United Kingdom,NA,North East,2656980,8,0,15090,2116
2020-07-04,United Kingdom,NA,North East,2656980,9,1,15099,2117
2020-07-05,United Kingdom,NA,North East,2656980,4,0,15103,2117
2020-07-06,United Kingdom,NA,North East,2656980,11,0,15114,2117
2020-07-07,United Kingdom,NA,North East,2656980,12,0,15126,2117
2020-07-08,United Kingdom,NA,North East,2656980,12,0,15138,2117
2020-07-09,United Kingdom,NA,North East,2656980,17,0,15155,2117
2020-07-10,United Kingdom,NA,North East,2656980,10,0,15165,2117
2020-07-11,United Kingdom,NA,North East,2656980,7,0,15172,2117
2020-07-12,United Kingdom,NA,North East,2656980,3,0,15175,2117
2020-07-13,United Kingdom,NA,North East,2656980,8,0,15183,2117
2020-07-14,United Kingdom,NA,North East,2656980,12,0,15195,2117
2020-07-15,United Kingdom,NA,North East,2656980,16,0,15211,2117
2020-07-16,United Kingdom,NA,North East,2656980,15,0,15226,2117
2020-07-17,United Kingdom,NA,North East,2656980,10,1,15236,2118
2020-07-18,United Kingdom,NA,North East,2656980,4,0,15240,2118
2020-07-19,United Kingdom,NA,North East,2656980,7,1,15247,2119
2020-07-20,United Kingdom,NA,North East,2656980,11,0,15258,2119
2020-07-21,United Kingdom,NA,North East,2656980,14,0,15272,2119
2020-07-22,United Kingdom,NA,North East,2656980,16,0,15288,2119
2020-07-23,United Kingdom,NA,North East,2656980,8,0,15296,2119
2020-07-24,United Kingdom,NA,North East,2656980,7,0,15303,2119
2020-07-25,United Kingdom,NA,North East,2656980,5,0,15308,2119
2020-07-26,United Kingdom,NA,North East,2656980,7,0,15315,2119
2020-07-27,United Kingdom,NA,North East,2656980,9,0,15324,2119
2020-07-28,United Kingdom,NA,North East,2656980,5,0,15329,2119
2020-07-29,United Kingdom,NA,North East,2656980,21,0,15350,2119
2020-07-30,United Kingdom,NA,North East,2656980,15,0,15365,2119
2020-07-31,United Kingdom,NA,North East,2656980,12,0,15377,2119
2020-08-01,United Kingdom,NA,North East,2656980,9,0,15386,2119
2020-08-02,United Kingdom,NA,North East,2656980,16,0,15402,2119
2020-08-03,United Kingdom,NA,North East,2656980,19,0,15421,2119
2020-08-04,United Kingdom,NA,North East,2656980,20,0,15441,2119
2020-08-05,United Kingdom,NA,North East,2656980,31,0,15472,2119
2020-08-06,United Kingdom,NA,North East,2656980,24,0,15496,2119
2020-08-07,United Kingdom,NA,North East,2656980,14,0,15510,2119
2020-08-08,United Kingdom,NA,North East,2656980,12,0,15522,2119
2020-08-09,United Kingdom,NA,North East,2656980,15,0,15537,2119
2020-08-10,United Kingdom,NA,North East,2656980,21,0,15558,2119
2020-08-11,United Kingdom,NA,North East,2656980,45,1,15603,2120
2020-08-12,United Kingdom,NA,North East,2656980,39,0,15642,2120
2020-08-13,United Kingdom,NA,North East,2656980,53,0,15695,2120
2020-08-14,United Kingdom,NA,North East,2656980,31,0,15726,2120
2020-08-15,United Kingdom,NA,North East,2656980,18,1,15744,2121
2020-08-16,United Kingdom,NA,North East,2656980,11,0,15755,2121
2020-08-17,United Kingdom,NA,North East,2656980,31,1,15786,2122
2020-08-18,United Kingdom,NA,North East,2656980,36,1,15822,2123
2020-08-19,United Kingdom,NA,North East,2656980,46,0,15868,2123
2020-08-20,United Kingdom,NA,North East,2656980,43,0,15911,2123
2020-08-21,United Kingdom,NA,North East,2656980,42,0,15953,2123
2020-08-22,United Kingdom,NA,North East,2656980,33,0,15986,2123
2020-08-23,United Kingdom,NA,North East,2656980,23,0,16009,2123
2020-08-24,United Kingdom,NA,North East,2656980,38,0,16047,2123
2020-08-25,United Kingdom,NA,North East,2656980,48,0,16095,2123
2020-08-26,United Kingdom,NA,North East,2656980,68,0,16163,2123
2020-08-27,United Kingdom,NA,North East,2656980,66,0,16229,2123
2020-08-28,United Kingdom,NA,North East,2656980,66,0,16295,2123
2020-08-29,United Kingdom,NA,North East,2656980,77,1,16372,2124
2020-08-30,United Kingdom,NA,North East,2656980,60,0,16432,2124
2020-08-31,United Kingdom,NA,North East,2656980,91,0,16523,2124
2020-09-01,United Kingdom,NA,North East,2656980,117,0,16640,2124
2020-09-02,United Kingdom,NA,North East,2656980,132,0,16772,2124
2020-09-03,United Kingdom,NA,North East,2656980,195,0,16967,2124
2020-09-04,United Kingdom,NA,North East,2656980,174,0,17141,2124
2020-09-05,United Kingdom,NA,North East,2656980,230,1,17371,2125
2020-09-06,United Kingdom,NA,North East,2656980,173,1,17544,2126
2020-09-07,United Kingdom,NA,North East,2656980,201,1,17745,2127
2020-09-08,United Kingdom,NA,North East,2656980,223,0,17968,2127
2020-09-09,United Kingdom,NA,North East,2656980,235,0,18203,2127
2020-09-10,United Kingdom,NA,North East,2656980,227,0,18430,2127
2020-09-11,United Kingdom,NA,North East,2656980,134,1,18564,2128
2020-09-12,United Kingdom,NA,North East,2656980,73,0,18637,2128
2020-09-13,United Kingdom,NA,North East,2656980,37,1,18674,2129
2020-09-14,United Kingdom,NA,North East,2656980,11,0,18685,2129
2020-03-02,United Kingdom,NA,North West,7300075,6,0,14,0
2020-03-03,United Kingdom,NA,North West,7300075,7,0,21,0
2020-03-04,United Kingdom,NA,North West,7300075,2,0,23,0
2020-03-05,United Kingdom,NA,North West,7300075,10,0,33,0
2020-03-06,United Kingdom,NA,North West,7300075,2,0,35,0
2020-03-07,United Kingdom,NA,North West,7300075,6,0,41,0
2020-03-08,United Kingdom,NA,North West,7300075,5,1,46,1
2020-03-09,United Kingdom,NA,North West,7300075,7,0,53,1
2020-03-10,United Kingdom,NA,North West,7300075,15,0,68,1
2020-03-11,United Kingdom,NA,North West,7300075,17,1,85,2
2020-03-12,United Kingdom,NA,North West,7300075,40,0,125,2
2020-03-13,United Kingdom,NA,North West,7300075,41,3,166,5
2020-03-14,United Kingdom,NA,North West,7300075,25,1,191,6
2020-03-15,United Kingdom,NA,North West,7300075,23,4,214,10
2020-03-16,United Kingdom,NA,North West,7300075,56,2,270,12
2020-03-17,United Kingdom,NA,North West,7300075,55,4,325,16
2020-03-18,United Kingdom,NA,North West,7300075,84,7,409,23
2020-03-19,United Kingdom,NA,North West,7300075,98,10,507,33
2020-03-20,United Kingdom,NA,North West,7300075,82,9,589,42
2020-03-21,United Kingdom,NA,North West,7300075,114,13,703,55
2020-03-22,United Kingdom,NA,North West,7300075,117,12,820,67
2020-03-23,United Kingdom,NA,North West,7300075,176,20,996,87
2020-03-24,United Kingdom,NA,North West,7300075,255,22,1251,109
2020-03-25,United Kingdom,NA,North West,7300075,255,21,1506,130
2020-03-26,United Kingdom,NA,North West,7300075,358,31,1864,161
2020-03-27,United Kingdom,NA,North West,7300075,332,40,2196,201
2020-03-28,United Kingdom,NA,North West,7300075,322,38,2518,239
2020-03-29,United Kingdom,NA,North West,7300075,359,46,2877,285
2020-03-30,United Kingdom,NA,North West,7300075,507,72,3384,357
2020-03-31,United Kingdom,NA,North West,7300075,556,63,3940,420
2020-04-01,United Kingdom,NA,North West,7300075,617,92,4557,512
2020-04-02,United Kingdom,NA,North West,7300075,681,112,5238,624
2020-04-03,United Kingdom,NA,North West,7300075,683,111,5921,735
2020-04-04,United Kingdom,NA,North West,7300075,602,102,6523,837
2020-04-05,United Kingdom,NA,North West,7300075,624,120,7147,957
2020-04-06,United Kingdom,NA,North West,7300075,872,109,8019,1066
2020-04-07,United Kingdom,NA,North West,7300075,790,157,8809,1223
2020-04-08,United Kingdom,NA,North West,7300075,850,138,9659,1361
2020-04-09,United Kingdom,NA,North West,7300075,804,129,10463,1490
2020-04-10,United Kingdom,NA,North West,7300075,601,140,11064,1630
2020-04-11,United Kingdom,NA,North West,7300075,610,152,11674,1782
2020-04-12,United Kingdom,NA,North West,7300075,488,155,12162,1937
2020-04-13,United Kingdom,NA,North West,7300075,609,145,12771,2082
2020-04-14,United Kingdom,NA,North West,7300075,633,152,13404,2234
2020-04-15,United Kingdom,NA,North West,7300075,695,128,14099,2362
2020-04-16,United Kingdom,NA,North West,7300075,779,166,14878,2528
2020-04-17,United Kingdom,NA,North West,7300075,579,118,15457,2646
2020-04-18,United Kingdom,NA,North West,7300075,858,134,16315,2780
2020-04-19,United Kingdom,NA,North West,7300075,607,94,16922,2874
2020-04-20,United Kingdom,NA,North West,7300075,673,103,17595,2977
2020-04-21,United Kingdom,NA,North West,7300075,692,105,18287,3082
2020-04-22,United Kingdom,NA,North West,7300075,911,128,19198,3210
2020-04-23,United Kingdom,NA,North West,7300075,859,111,20057,3321
2020-04-24,United Kingdom,NA,North West,7300075,750,105,20807,3426
2020-04-25,United Kingdom,NA,North West,7300075,549,91,21356,3517
2020-04-26,United Kingdom,NA,North West,7300075,428,92,21784,3609
2020-04-27,United Kingdom,NA,North West,7300075,623,90,22407,3699
2020-04-28,United Kingdom,NA,North West,7300075,708,82,23115,3781
2020-04-29,United Kingdom,NA,North West,7300075,796,82,23911,3863
2020-04-30,United Kingdom,NA,North West,7300075,772,89,24683,3952
2020-05-01,United Kingdom,NA,North West,7300075,727,72,25410,4024
2020-05-02,United Kingdom,NA,North West,7300075,411,78,25821,4102
2020-05-03,United Kingdom,NA,North West,7300075,492,77,26313,4179
2020-05-04,United Kingdom,NA,North West,7300075,427,76,26740,4255
2020-05-05,United Kingdom,NA,North West,7300075,577,60,27317,4315
2020-05-06,United Kingdom,NA,North West,7300075,584,66,27901,4381
2020-05-07,United Kingdom,NA,North West,7300075,508,75,28409,4456
2020-05-08,United Kingdom,NA,North West,7300075,483,66,28892,4522
2020-05-09,United Kingdom,NA,North West,7300075,344,48,29236,4570
2020-05-10,United Kingdom,NA,North West,7300075,346,70,29582,4640
2020-05-11,United Kingdom,NA,North West,7300075,529,52,30111,4692
2020-05-12,United Kingdom,NA,North West,7300075,548,62,30659,4754
2020-05-13,United Kingdom,NA,North West,7300075,525,35,31184,4789
2020-05-14,United Kingdom,NA,North West,7300075,425,39,31609,4828
2020-05-15,United Kingdom,NA,North West,7300075,392,58,32001,4886
2020-05-16,United Kingdom,NA,North West,7300075,407,52,32408,4938
2020-05-17,United Kingdom,NA,North West,7300075,304,37,32712,4975
2020-05-18,United Kingdom,NA,North West,7300075,410,36,33122,5011
2020-05-19,United Kingdom,NA,North West,7300075,579,49,33701,5060
2020-05-20,United Kingdom,NA,North West,7300075,499,35,34200,5095
2020-05-21,United Kingdom,NA,North West,7300075,426,42,34626,5137
2020-05-22,United Kingdom,NA,North West,7300075,375,29,35001,5166
2020-05-23,United Kingdom,NA,North West,7300075,288,38,35289,5204
2020-05-24,United Kingdom,NA,North West,7300075,262,35,35551,5239
2020-05-25,United Kingdom,NA,North West,7300075,268,35,35819,5274
2020-05-26,United Kingdom,NA,North West,7300075,310,30,36129,5304
2020-05-27,United Kingdom,NA,North West,7300075,294,33,36423,5337
2020-05-28,United Kingdom,NA,North West,7300075,325,39,36748,5376
2020-05-29,United Kingdom,NA,North West,7300075,303,27,37051,5403
2020-05-30,United Kingdom,NA,North West,7300075,215,28,37266,5431
2020-05-31,United Kingdom,NA,North West,7300075,234,18,37500,5449
2020-06-01,United Kingdom,NA,North West,7300075,261,23,37761,5472
2020-06-02,United Kingdom,NA,North West,7300075,285,26,38046,5498
2020-06-03,United Kingdom,NA,North West,7300075,257,29,38303,5527
2020-06-04,United Kingdom,NA,North West,7300075,238,30,38541,5557
2020-06-05,United Kingdom,NA,North West,7300075,204,24,38745,5581
2020-06-06,United Kingdom,NA,North West,7300075,132,28,38877,5609
2020-06-07,United Kingdom,NA,North West,7300075,129,26,39006,5635
2020-06-08,United Kingdom,NA,North West,7300075,165,28,39171,5663
2020-06-09,United Kingdom,NA,North West,7300075,218,18,39389,5681
2020-06-10,United Kingdom,NA,North West,7300075,224,18,39613,5699
2020-06-11,United Kingdom,NA,North West,7300075,176,16,39789,5715
2020-06-12,United Kingdom,NA,North West,7300075,168,15,39957,5730
2020-06-13,United Kingdom,NA,North West,7300075,128,13,40085,5743
2020-06-14,United Kingdom,NA,North West,7300075,148,15,40233,5758
2020-06-15,United Kingdom,NA,North West,7300075,164,15,40397,5773
2020-06-16,United Kingdom,NA,North West,7300075,211,19,40608,5792
2020-06-17,United Kingdom,NA,North West,7300075,183,14,40791,5806
2020-06-18,United Kingdom,NA,North West,7300075,178,14,40969,5820
2020-06-19,United Kingdom,NA,North West,7300075,168,8,41137,5828
2020-06-20,United Kingdom,NA,North West,7300075,118,11,41255,5839
2020-06-21,United Kingdom,NA,North West,7300075,99,8,41354,5847
2020-06-22,United Kingdom,NA,North West,7300075,159,10,41513,5857
2020-06-23,United Kingdom,NA,North West,7300075,127,20,41640,5877
2020-06-24,United Kingdom,NA,North West,7300075,159,13,41799,5890
2020-06-25,United Kingdom,NA,North West,7300075,125,16,41924,5906
2020-06-26,United Kingdom,NA,North West,7300075,105,6,42029,5912
2020-06-27,United Kingdom,NA,North West,7300075,93,8,42122,5920
2020-06-28,United Kingdom,NA,North West,7300075,95,10,42217,5930
2020-06-29,United Kingdom,NA,North West,7300075,123,10,42340,5940
2020-06-30,United Kingdom,NA,North West,7300075,103,9,42443,5949
2020-07-01,United Kingdom,NA,North West,7300075,116,4,42559,5953
2020-07-02,United Kingdom,NA,North West,7300075,98,5,42657,5958
2020-07-03,United Kingdom,NA,North West,7300075,98,6,42755,5964
2020-07-04,United Kingdom,NA,North West,7300075,72,4,42827,5968
2020-07-05,United Kingdom,NA,North West,7300075,115,4,42942,5972
2020-07-06,United Kingdom,NA,North West,7300075,142,11,43084,5983
2020-07-07,United Kingdom,NA,North West,7300075,94,5,43178,5988
2020-07-08,United Kingdom,NA,North West,7300075,114,4,43292,5992
2020-07-09,United Kingdom,NA,North West,7300075,129,7,43421,5999
2020-07-10,United Kingdom,NA,North West,7300075,87,4,43508,6003
2020-07-11,United Kingdom,NA,North West,7300075,77,5,43585,6008
2020-07-12,United Kingdom,NA,North West,7300075,54,2,43639,6010
2020-07-13,United Kingdom,NA,North West,7300075,104,5,43743,6015
2020-07-14,United Kingdom,NA,North West,7300075,109,6,43852,6021
2020-07-15,United Kingdom,NA,North West,7300075,146,5,43998,6026
2020-07-16,United Kingdom,NA,North West,7300075,149,2,44147,6028
2020-07-17,United Kingdom,NA,North West,7300075,110,4,44257,6032
2020-07-18,United Kingdom,NA,North West,7300075,106,3,44363,6035
2020-07-19,United Kingdom,NA,North West,7300075,93,2,44456,6037
2020-07-20,United Kingdom,NA,North West,7300075,164,2,44620,6039
2020-07-21,United Kingdom,NA,North West,7300075,156,3,44776,6042
2020-07-22,United Kingdom,NA,North West,7300075,208,5,44984,6047
2020-07-23,United Kingdom,NA,North West,7300075,183,3,45167,6050
2020-07-24,United Kingdom,NA,North West,7300075,160,1,45327,6051
2020-07-25,United Kingdom,NA,North West,7300075,137,3,45464,6054
2020-07-26,United Kingdom,NA,North West,7300075,157,3,45621,6057
2020-07-27,United Kingdom,NA,North West,7300075,189,2,45810,6059
2020-07-28,United Kingdom,NA,North West,7300075,200,2,46010,6061
2020-07-29,United Kingdom,NA,North West,7300075,288,4,46298,6065
2020-07-30,United Kingdom,NA,North West,7300075,221,4,46519,6069
2020-07-31,United Kingdom,NA,North West,7300075,177,1,46696,6070
2020-08-01,United Kingdom,NA,North West,7300075,158,1,46854,6071
2020-08-02,United Kingdom,NA,North West,7300075,168,2,47022,6073
2020-08-03,United Kingdom,NA,North West,7300075,299,10,47321,6083
2020-08-04,United Kingdom,NA,North West,7300075,278,2,47599,6085
2020-08-05,United Kingdom,NA,North West,7300075,262,1,47861,6086
2020-08-06,United Kingdom,NA,North West,7300075,278,3,48139,6089
2020-08-07,United Kingdom,NA,North West,7300075,237,3,48376,6092
2020-08-08,United Kingdom,NA,North West,7300075,216,6,48592,6098
2020-08-09,United Kingdom,NA,North West,7300075,158,4,48750,6102
2020-08-10,United Kingdom,NA,North West,7300075,358,3,49108,6105
2020-08-11,United Kingdom,NA,North West,7300075,310,3,49418,6108
2020-08-12,United Kingdom,NA,North West,7300075,275,2,49693,6110
2020-08-13,United Kingdom,NA,North West,7300075,236,2,49929,6112
2020-08-14,United Kingdom,NA,North West,7300075,240,1,50169,6113
2020-08-15,United Kingdom,NA,North West,7300075,156,7,50325,6120
2020-08-16,United Kingdom,NA,North West,7300075,116,1,50441,6121
2020-08-17,United Kingdom,NA,North West,7300075,282,3,50723,6124
2020-08-18,United Kingdom,NA,North West,7300075,190,2,50913,6126
2020-08-19,United Kingdom,NA,North West,7300075,254,0,51167,6126
2020-08-20,United Kingdom,NA,North West,7300075,225,1,51392,6127
2020-08-21,United Kingdom,NA,North West,7300075,209,4,51601,6131
2020-08-22,United Kingdom,NA,North West,7300075,173,2,51774,6133
2020-08-23,United Kingdom,NA,North West,7300075,116,7,51890,6140
2020-08-24,United Kingdom,NA,North West,7300075,230,4,52120,6144
2020-08-25,United Kingdom,NA,North West,7300075,212,4,52332,6148
2020-08-26,United Kingdom,NA,North West,7300075,282,5,52614,6153
2020-08-27,United Kingdom,NA,North West,7300075,285,0,52899,6153
2020-08-28,United Kingdom,NA,North West,7300075,358,2,53257,6155
2020-08-29,United Kingdom,NA,North West,7300075,244,0,53501,6155
2020-08-30,United Kingdom,NA,North West,7300075,257,2,53758,6157
2020-08-31,United Kingdom,NA,North West,7300075,261,2,54019,6159
2020-09-01,United Kingdom,NA,North West,7300075,446,1,54465,6160
2020-09-02,United Kingdom,NA,North West,7300075,659,1,55124,6161
2020-09-03,United Kingdom,NA,North West,7300075,621,2,55745,6163
2020-09-04,United Kingdom,NA,North West,7300075,631,0,56376,6163
2020-09-05,United Kingdom,NA,North West,7300075,530,7,56906,6170
2020-09-06,United Kingdom,NA,North West,7300075,567,3,57473,6173
2020-09-07,United Kingdom,NA,North West,7300075,944,6,58417,6179
2020-09-08,United Kingdom,NA,North West,7300075,854,5,59271,6184
2020-09-09,United Kingdom,NA,North West,7300075,820,5,60091,6189
2020-09-10,United Kingdom,NA,North West,7300075,862,5,60953,6194
2020-09-11,United Kingdom,NA,North West,7300075,659,2,61612,6196
2020-09-12,United Kingdom,NA,North West,7300075,437,5,62049,6201
2020-09-13,United Kingdom,NA,North West,7300075,36,1,62085,6202
2020-09-14,United Kingdom,NA,North West,7300075,1,0,62086,6202
2020-03-09,United Kingdom,NA,Northern Ireland,1885189,3,0,12,0
2020-03-10,United Kingdom,NA,Northern Ireland,1885189,0,0,16,0
2020-03-11,United Kingdom,NA,Northern Ireland,1885189,2,0,18,0
2020-03-12,United Kingdom,NA,Northern Ireland,1885189,1,0,19,0
2020-03-13,United Kingdom,NA,Northern Ireland,1885189,10,0,29,0
2020-03-14,United Kingdom,NA,Northern Ireland,1885189,5,0,34,0
2020-03-15,United Kingdom,NA,Northern Ireland,1885189,11,0,45,0
2020-03-16,United Kingdom,NA,Northern Ireland,1885189,7,0,52,0
2020-03-17,United Kingdom,NA,Northern Ireland,1885189,10,0,62,0
2020-03-18,United Kingdom,NA,Northern Ireland,1885189,6,1,68,1
2020-03-19,United Kingdom,NA,Northern Ireland,1885189,9,1,77,2
2020-03-20,United Kingdom,NA,Northern Ireland,1885189,9,0,86,2
2020-03-21,United Kingdom,NA,Northern Ireland,1885189,22,1,108,3
2020-03-22,United Kingdom,NA,Northern Ireland,1885189,20,1,128,4
2020-03-23,United Kingdom,NA,Northern Ireland,1885189,20,5,148,9
2020-03-24,United Kingdom,NA,Northern Ireland,1885189,24,2,172,11
2020-03-25,United Kingdom,NA,Northern Ireland,1885189,37,4,209,15
2020-03-26,United Kingdom,NA,Northern Ireland,1885189,32,2,241,17
2020-03-27,United Kingdom,NA,Northern Ireland,1885189,34,3,275,20
2020-03-28,United Kingdom,NA,Northern Ireland,1885189,49,8,324,28
2020-03-29,United Kingdom,NA,Northern Ireland,1885189,86,4,410,32
2020-03-30,United Kingdom,NA,Northern Ireland,1885189,123,4,533,36
2020-03-31,United Kingdom,NA,Northern Ireland,1885189,53,5,586,41
2020-04-01,United Kingdom,NA,Northern Ireland,1885189,103,4,689,45
2020-04-02,United Kingdom,NA,Northern Ireland,1885189,85,10,774,55
2020-04-03,United Kingdom,NA,Northern Ireland,1885189,130,10,904,65
2020-04-04,United Kingdom,NA,Northern Ireland,1885189,94,9,998,74
2020-04-05,United Kingdom,NA,Northern Ireland,1885189,91,11,1089,85
2020-04-06,United Kingdom,NA,Northern Ireland,1885189,69,6,1158,91
2020-04-07,United Kingdom,NA,Northern Ireland,1885189,97,8,1255,99
2020-04-08,United Kingdom,NA,Northern Ireland,1885189,84,4,1339,103
2020-04-09,United Kingdom,NA,Northern Ireland,1885189,138,18,1477,121
2020-04-10,United Kingdom,NA,Northern Ireland,1885189,112,11,1589,132
2020-04-11,United Kingdom,NA,Northern Ireland,1885189,128,11,1717,143
2020-04-12,United Kingdom,NA,Northern Ireland,1885189,89,16,1806,159
2020-04-13,United Kingdom,NA,Northern Ireland,1885189,76,7,1882,166
2020-04-14,United Kingdom,NA,Northern Ireland,1885189,85,12,1967,178
2020-04-15,United Kingdom,NA,Northern Ireland,1885189,121,16,2088,194
2020-04-16,United Kingdom,NA,Northern Ireland,1885189,113,11,2201,205
2020-04-17,United Kingdom,NA,Northern Ireland,1885189,137,9,2338,214
2020-04-18,United Kingdom,NA,Northern Ireland,1885189,148,10,2486,224
2020-04-19,United Kingdom,NA,Northern Ireland,1885189,159,10,2645,234
2020-04-20,United Kingdom,NA,Northern Ireland,1885189,83,12,2728,246
2020-04-21,United Kingdom,NA,Northern Ireland,1885189,30,13,2758,259
2020-04-22,United Kingdom,NA,Northern Ireland,1885189,116,19,2874,278
2020-04-23,United Kingdom,NA,Northern Ireland,1885189,142,16,3016,294
2020-04-24,United Kingdom,NA,Northern Ireland,1885189,106,11,3122,305
2020-04-25,United Kingdom,NA,Northern Ireland,1885189,104,15,3226,320
2020-04-26,United Kingdom,NA,Northern Ireland,1885189,82,14,3308,334
2020-04-27,United Kingdom,NA,Northern Ireland,1885189,66,13,3374,347
2020-04-28,United Kingdom,NA,Northern Ireland,1885189,34,6,3408,353
2020-04-29,United Kingdom,NA,Northern Ireland,1885189,55,14,3463,367
2020-04-30,United Kingdom,NA,Northern Ireland,1885189,73,8,3536,375
2020-05-01,United Kingdom,NA,Northern Ireland,1885189,87,12,3623,387
2020-05-02,United Kingdom,NA,Northern Ireland,1885189,66,12,3689,399
2020-05-03,United Kingdom,NA,Northern Ireland,1885189,78,11,3767,410
2020-05-04,United Kingdom,NA,Northern Ireland,1885189,69,9,3836,419
2020-05-05,United Kingdom,NA,Northern Ireland,1885189,45,6,3881,425
2020-05-06,United Kingdom,NA,Northern Ireland,1885189,53,3,3934,428
2020-05-07,United Kingdom,NA,Northern Ireland,1885189,50,3,3984,431
2020-05-08,United Kingdom,NA,Northern Ireland,1885189,38,6,4022,437
2020-05-09,United Kingdom,NA,Northern Ireland,1885189,56,7,4078,444
2020-05-10,United Kingdom,NA,Northern Ireland,1885189,41,10,4119,454
2020-05-11,United Kingdom,NA,Northern Ireland,1885189,30,2,4149,456
2020-05-12,United Kingdom,NA,Northern Ireland,1885189,44,4,4193,460
2020-05-13,United Kingdom,NA,Northern Ireland,1885189,60,3,4253,463
2020-05-14,United Kingdom,NA,Northern Ireland,1885189,38,10,4291,473
2020-05-15,United Kingdom,NA,Northern Ireland,1885189,26,3,4317,476
2020-05-16,United Kingdom,NA,Northern Ireland,1885189,40,4,4357,480
2020-05-17,United Kingdom,NA,Northern Ireland,1885189,28,7,4385,487
2020-05-18,United Kingdom,NA,Northern Ireland,1885189,16,7,4401,494
2020-05-19,United Kingdom,NA,Northern Ireland,1885189,20,5,4421,499
2020-05-20,United Kingdom,NA,Northern Ireland,1885189,18,5,4439,504
2020-05-21,United Kingdom,NA,Northern Ireland,1885189,42,4,4481,508
2020-05-22,United Kingdom,NA,Northern Ireland,1885189,23,1,4504,509
2020-05-23,United Kingdom,NA,Northern Ireland,1885189,41,2,4545,511
2020-05-24,United Kingdom,NA,Northern Ireland,1885189,25,7,4570,518
2020-05-25,United Kingdom,NA,Northern Ireland,1885189,39,1,4609,519
2020-05-26,United Kingdom,NA,Northern Ireland,1885189,28,1,4637,520
2020-05-27,United Kingdom,NA,Northern Ireland,1885189,26,4,4663,524
2020-05-28,United Kingdom,NA,Northern Ireland,1885189,16,3,4679,527
2020-05-29,United Kingdom,NA,Northern Ireland,1885189,17,1,4696,528
2020-05-30,United Kingdom,NA,Northern Ireland,1885189,13,2,4709,530
2020-05-31,United Kingdom,NA,Northern Ireland,1885189,7,1,4716,531
2020-06-01,United Kingdom,NA,Northern Ireland,1885189,12,1,4728,532
2020-06-02,United Kingdom,NA,Northern Ireland,1885189,4,2,4732,534
2020-06-03,United Kingdom,NA,Northern Ireland,1885189,8,2,4740,536
2020-06-04,United Kingdom,NA,Northern Ireland,1885189,33,0,4773,536
2020-06-05,United Kingdom,NA,Northern Ireland,1885189,3,1,4776,537
2020-06-06,United Kingdom,NA,Northern Ireland,1885189,14,0,4790,537
2020-06-07,United Kingdom,NA,Northern Ireland,1885189,6,0,4796,537
2020-06-08,United Kingdom,NA,Northern Ireland,1885189,6,0,4802,537
2020-06-09,United Kingdom,NA,Northern Ireland,1885189,3,0,4805,537
2020-06-10,United Kingdom,NA,Northern Ireland,1885189,13,0,4818,537
2020-06-11,United Kingdom,NA,Northern Ireland,1885189,4,2,4822,539
2020-06-12,United Kingdom,NA,Northern Ireland,1885189,16,1,4838,540
2020-06-13,United Kingdom,NA,Northern Ireland,1885189,3,1,4841,541
2020-06-14,United Kingdom,NA,Northern Ireland,1885189,7,0,4848,541
2020-06-15,United Kingdom,NA,Northern Ireland,1885189,4,0,4852,541
2020-06-16,United Kingdom,NA,Northern Ireland,1885189,2,1,4854,542
2020-06-17,United Kingdom,NA,Northern Ireland,1885189,8,1,4862,543
2020-06-18,United Kingdom,NA,Northern Ireland,1885189,1,1,4863,544
2020-06-19,United Kingdom,NA,Northern Ireland,1885189,3,1,4866,545
2020-06-20,United Kingdom,NA,Northern Ireland,1885189,0,0,4866,545
2020-06-21,United Kingdom,NA,Northern Ireland,1885189,4,0,4870,545
2020-06-22,United Kingdom,NA,Northern Ireland,1885189,1,1,4871,546
2020-06-23,United Kingdom,NA,Northern Ireland,1885189,0,1,4871,547
2020-06-24,United Kingdom,NA,Northern Ireland,1885189,2,0,4873,547
2020-06-25,United Kingdom,NA,Northern Ireland,1885189,1,1,4874,548
2020-06-26,United Kingdom,NA,Northern Ireland,1885189,4,2,5748,550
2020-06-27,United Kingdom,NA,Northern Ireland,1885189,2,0,5750,550
2020-06-28,United Kingdom,NA,Northern Ireland,1885189,1,0,5751,550
2020-06-29,United Kingdom,NA,Northern Ireland,1885189,6,1,5757,551
2020-06-30,United Kingdom,NA,Northern Ireland,1885189,3,0,5760,551
2020-07-01,United Kingdom,NA,Northern Ireland,1885189,1,1,5761,552
2020-07-02,United Kingdom,NA,Northern Ireland,1885189,7,0,5768,552
2020-07-03,United Kingdom,NA,Northern Ireland,1885189,4,2,5768,554
2020-07-04,United Kingdom,NA,Northern Ireland,1885189,0,0,5768,554
2020-07-05,United Kingdom,NA,Northern Ireland,1885189,0,0,5768,554
2020-07-06,United Kingdom,NA,Northern Ireland,1885189,0,0,5768,554
2020-07-07,United Kingdom,NA,Northern Ireland,1885189,5,0,5768,554
2020-07-08,United Kingdom,NA,Northern Ireland,1885189,4,0,5768,554
2020-07-09,United Kingdom,NA,Northern Ireland,1885189,3,1,5768,555
2020-07-10,United Kingdom,NA,Northern Ireland,1885189,4,0,5772,555
2020-07-11,United Kingdom,NA,Northern Ireland,1885189,0,0,5772,555
2020-07-12,United Kingdom,NA,Northern Ireland,1885189,0,1,5772,556
2020-07-13,United Kingdom,NA,Northern Ireland,1885189,0,0,5788,556
2020-07-14,United Kingdom,NA,Northern Ireland,1885189,2,0,5790,556
2020-07-15,United Kingdom,NA,Northern Ireland,1885189,9,0,5799,556
2020-07-16,United Kingdom,NA,Northern Ireland,1885189,16,0,5815,556
2020-07-17,United Kingdom,NA,Northern Ireland,1885189,19,0,5834,556
2020-07-18,United Kingdom,NA,Northern Ireland,1885189,0,0,5834,556
2020-07-19,United Kingdom,NA,Northern Ireland,1885189,0,0,5834,556
2020-07-20,United Kingdom,NA,Northern Ireland,1885189,0,0,5857,556
2020-07-21,United Kingdom,NA,Northern Ireland,1885189,2,0,5859,556
2020-07-22,United Kingdom,NA,Northern Ireland,1885189,9,0,5868,556
2020-07-23,United Kingdom,NA,Northern Ireland,1885189,8,0,5876,556
2020-07-24,United Kingdom,NA,Northern Ireland,1885189,15,0,5891,556
2020-07-25,United Kingdom,NA,Northern Ireland,1885189,0,0,5891,556
2020-07-26,United Kingdom,NA,Northern Ireland,1885189,0,0,5891,556
2020-07-27,United Kingdom,NA,Northern Ireland,1885189,0,0,5912,556
2020-07-28,United Kingdom,NA,Northern Ireland,1885189,9,0,5921,556
2020-07-29,United Kingdom,NA,Northern Ireland,1885189,9,0,5930,556
2020-07-30,United Kingdom,NA,Northern Ireland,1885189,8,0,5938,556
2020-07-31,United Kingdom,NA,Northern Ireland,1885189,10,0,5948,556
2020-08-01,United Kingdom,NA,Northern Ireland,1885189,0,0,5948,556
2020-08-02,United Kingdom,NA,Northern Ireland,1885189,0,0,5948,556
2020-08-03,United Kingdom,NA,Northern Ireland,1885189,0,0,5988,556
2020-08-04,United Kingdom,NA,Northern Ireland,1885189,8,0,5996,556
2020-08-05,United Kingdom,NA,Northern Ireland,1885189,10,0,6006,556
2020-08-06,United Kingdom,NA,Northern Ireland,1885189,43,0,6049,556
2020-08-07,United Kingdom,NA,Northern Ireland,1885189,15,0,6064,556
2020-08-08,United Kingdom,NA,Northern Ireland,1885189,0,1,6064,557
2020-08-09,United Kingdom,NA,Northern Ireland,1885189,0,0,6064,557
2020-08-10,United Kingdom,NA,Northern Ireland,1885189,0,0,6140,557
2020-08-11,United Kingdom,NA,Northern Ireland,1885189,48,0,6188,557
2020-08-12,United Kingdom,NA,Northern Ireland,1885189,29,0,6217,557
2020-08-13,United Kingdom,NA,Northern Ireland,1885189,8,1,6225,558
2020-08-14,United Kingdom,NA,Northern Ireland,1885189,74,0,6299,558
2020-08-15,United Kingdom,NA,Northern Ireland,1885189,65,1,6364,559
2020-08-16,United Kingdom,NA,Northern Ireland,1885189,27,0,6391,559
2020-08-17,United Kingdom,NA,Northern Ireland,1885189,39,0,6430,559
2020-08-18,United Kingdom,NA,Northern Ireland,1885189,41,0,6471,559
2020-08-19,United Kingdom,NA,Northern Ireland,1885189,34,0,6505,559
2020-08-20,United Kingdom,NA,Northern Ireland,1885189,51,0,6556,559
2020-08-21,United Kingdom,NA,Northern Ireland,1885189,20,0,6576,559
2020-08-22,United Kingdom,NA,Northern Ireland,1885189,71,0,6647,559
2020-08-23,United Kingdom,NA,Northern Ireland,1885189,119,0,6766,559
2020-08-24,United Kingdom,NA,Northern Ireland,1885189,10,0,6776,559
2020-08-25,United Kingdom,NA,Northern Ireland,1885189,47,1,6823,560
2020-08-26,United Kingdom,NA,Northern Ireland,1885189,72,0,6895,560
2020-08-27,United Kingdom,NA,Northern Ireland,1885189,69,0,6964,560
2020-08-28,United Kingdom,NA,Northern Ireland,1885189,85,1,7049,561
2020-08-29,United Kingdom,NA,Northern Ireland,1885189,89,0,7138,561
2020-08-30,United Kingdom,NA,Northern Ireland,1885189,49,0,7187,561
2020-08-31,United Kingdom,NA,Northern Ireland,1885189,58,0,7245,561
2020-09-01,United Kingdom,NA,Northern Ireland,1885189,49,1,7294,562
2020-09-02,United Kingdom,NA,Northern Ireland,1885189,71,0,7365,562
2020-09-03,United Kingdom,NA,Northern Ireland,1885189,77,2,7442,564
2020-09-04,United Kingdom,NA,Northern Ireland,1885189,61,0,7503,564
2020-09-05,United Kingdom,NA,Northern Ireland,1885189,118,1,7621,565
2020-09-06,United Kingdom,NA,Northern Ireland,1885189,106,0,7727,565
2020-09-07,United Kingdom,NA,Northern Ireland,1885189,141,2,7868,567
2020-09-08,United Kingdom,NA,Northern Ireland,1885189,40,0,7908,567
2020-09-09,United Kingdom,NA,Northern Ireland,1885189,49,0,7957,567
2020-09-10,United Kingdom,NA,Northern Ireland,1885189,78,1,8035,568
2020-09-11,United Kingdom,NA,Northern Ireland,1885189,88,2,8123,570
2020-09-12,United Kingdom,NA,Northern Ireland,1885189,104,0,8227,570
2020-09-13,United Kingdom,NA,Northern Ireland,1885189,87,0,8314,570
2020-09-14,United Kingdom,NA,Northern Ireland,1885189,109,1,8423,571
2020-09-15,United Kingdom,NA,Northern Ireland,1885189,79,0,8502,571
2020-03-06,United Kingdom,NA,Scotland,5454238,5,0,11,0
2020-03-07,United Kingdom,NA,Scotland,5454238,5,0,16,0
2020-03-08,United Kingdom,NA,Scotland,5454238,2,0,18,0
2020-03-09,United Kingdom,NA,Scotland,5454238,5,0,23,0
2020-03-10,United Kingdom,NA,Scotland,5454238,4,0,27,0
2020-03-11,United Kingdom,NA,Scotland,5454238,9,0,36,0
2020-03-12,United Kingdom,NA,Scotland,5454238,24,1,60,1
2020-03-13,United Kingdom,NA,Scotland,5454238,25,0,85,1
2020-03-14,United Kingdom,NA,Scotland,5454238,36,2,121,3
2020-03-15,United Kingdom,NA,Scotland,5454238,32,0,153,3
2020-03-16,United Kingdom,NA,Scotland,5454238,18,1,171,4
2020-03-17,United Kingdom,NA,Scotland,5454238,24,2,195,6
2020-03-18,United Kingdom,NA,Scotland,5454238,32,0,227,6
2020-03-19,United Kingdom,NA,Scotland,5454238,39,3,266,9
2020-03-20,United Kingdom,NA,Scotland,5454238,56,5,322,14
2020-03-21,United Kingdom,NA,Scotland,5454238,51,6,373,20
2020-03-22,United Kingdom,NA,Scotland,5454238,43,5,416,25
2020-03-23,United Kingdom,NA,Scotland,5454238,83,4,499,29
2020-03-24,United Kingdom,NA,Scotland,5454238,85,7,584,36
2020-03-25,United Kingdom,NA,Scotland,5454238,135,10,719,46
2020-03-26,United Kingdom,NA,Scotland,5454238,175,11,894,57
2020-03-27,United Kingdom,NA,Scotland,5454238,165,11,1059,68
2020-03-28,United Kingdom,NA,Scotland,5454238,186,29,1245,97
2020-03-29,United Kingdom,NA,Scotland,5454238,139,20,1384,117
2020-03-30,United Kingdom,NA,Scotland,5454238,179,27,1563,144
2020-03-31,United Kingdom,NA,Scotland,5454238,430,38,1993,182
2020-04-01,United Kingdom,NA,Scotland,5454238,317,44,2310,226
2020-04-02,United Kingdom,NA,Scotland,5454238,292,36,2602,262
2020-04-03,United Kingdom,NA,Scotland,5454238,399,57,3001,319
2020-04-04,United Kingdom,NA,Scotland,5454238,344,27,3345,346
2020-04-05,United Kingdom,NA,Scotland,5454238,361,44,3706,390
2020-04-06,United Kingdom,NA,Scotland,5454238,255,62,3961,452
2020-04-07,United Kingdom,NA,Scotland,5454238,268,47,4229,499
2020-04-08,United Kingdom,NA,Scotland,5454238,336,52,4565,551
2020-04-09,United Kingdom,NA,Scotland,5454238,392,63,4957,614
2020-04-10,United Kingdom,NA,Scotland,5454238,318,55,5275,669
2020-04-11,United Kingdom,NA,Scotland,5454238,315,51,5590,720
2020-04-12,United Kingdom,NA,Scotland,5454238,322,46,5912,766
2020-04-13,United Kingdom,NA,Scotland,5454238,155,39,6067,805
2020-04-14,United Kingdom,NA,Scotland,5454238,291,50,6358,855
2020-04-15,United Kingdom,NA,Scotland,5454238,390,41,6748,896
2020-04-16,United Kingdom,NA,Scotland,5454238,354,41,7102,937
2020-04-17,United Kingdom,NA,Scotland,5454238,307,37,7409,974
2020-04-18,United Kingdom,NA,Scotland,5454238,411,51,7820,1025
2020-04-19,United Kingdom,NA,Scotland,5454238,367,44,8187,1069
2020-04-20,United Kingdom,NA,Scotland,5454238,263,61,8450,1130
2020-04-21,United Kingdom,NA,Scotland,5454238,222,50,8672,1180
2020-04-22,United Kingdom,NA,Scotland,5454238,366,44,9038,1224
2020-04-23,United Kingdom,NA,Scotland,5454238,371,48,9409,1272
2020-04-24,United Kingdom,NA,Scotland,5454238,288,38,9697,1310
2020-04-25,United Kingdom,NA,Scotland,5454238,354,47,10051,1357
2020-04-26,United Kingdom,NA,Scotland,5454238,273,43,10324,1400
2020-04-27,United Kingdom,NA,Scotland,5454238,197,60,10521,1460
2020-04-28,United Kingdom,NA,Scotland,5454238,200,40,10721,1500
2020-04-29,United Kingdom,NA,Scotland,5454238,313,37,11034,1537
2020-04-30,United Kingdom,NA,Scotland,5454238,319,43,11353,1580
2020-05-01,United Kingdom,NA,Scotland,5454238,301,48,11654,1628
2020-05-02,United Kingdom,NA,Scotland,5454238,273,44,11927,1672
2020-05-03,United Kingdom,NA,Scotland,5454238,170,36,12097,1708
2020-05-04,United Kingdom,NA,Scotland,5454238,169,40,12266,1748
2020-05-05,United Kingdom,NA,Scotland,5454238,171,50,12437,1798
2020-05-06,United Kingdom,NA,Scotland,5454238,272,43,12709,1841
2020-05-07,United Kingdom,NA,Scotland,5454238,215,39,12924,1880
2020-05-08,United Kingdom,NA,Scotland,5454238,225,34,13149,1914
2020-05-09,United Kingdom,NA,Scotland,5454238,156,34,13305,1948
2020-05-10,United Kingdom,NA,Scotland,5454238,181,27,13486,1975
2020-05-11,United Kingdom,NA,Scotland,5454238,141,32,13627,2007
2020-05-12,United Kingdom,NA,Scotland,5454238,136,30,13763,2037
2020-05-13,United Kingdom,NA,Scotland,5454238,166,42,13929,2079
2020-05-14,United Kingdom,NA,Scotland,5454238,188,34,14117,2113
2020-05-15,United Kingdom,NA,Scotland,5454238,143,24,14260,2137
2020-05-16,United Kingdom,NA,Scotland,5454238,187,28,14447,2165
2020-05-17,United Kingdom,NA,Scotland,5454238,90,26,14537,2191
2020-05-18,United Kingdom,NA,Scotland,5454238,57,23,14594,2214
2020-05-19,United Kingdom,NA,Scotland,5454238,61,28,14655,2242
2020-05-20,United Kingdom,NA,Scotland,5454238,96,21,14751,2263
2020-05-21,United Kingdom,NA,Scotland,5454238,105,23,14856,2286
2020-05-22,United Kingdom,NA,Scotland,5454238,113,16,14969,2302
2020-05-23,United Kingdom,NA,Scotland,5454238,72,9,15041,2311
2020-05-24,United Kingdom,NA,Scotland,5454238,60,7,15101,2318
2020-05-25,United Kingdom,NA,Scotland,5454238,55,14,15156,2332
2020-05-26,United Kingdom,NA,Scotland,5454238,29,13,15185,2345
2020-05-27,United Kingdom,NA,Scotland,5454238,55,16,15240,2361
2020-05-28,United Kingdom,NA,Scotland,5454238,48,16,15288,2377
2020-05-29,United Kingdom,NA,Scotland,5454238,39,11,15327,2388
2020-05-30,United Kingdom,NA,Scotland,5454238,55,6,15382,2394
2020-05-31,United Kingdom,NA,Scotland,5454238,18,6,15400,2400
2020-06-01,United Kingdom,NA,Scotland,5454238,18,3,15418,2403
2020-06-02,United Kingdom,NA,Scotland,5454238,53,6,15471,2409
2020-06-03,United Kingdom,NA,Scotland,5454238,33,8,15504,2417
2020-06-04,United Kingdom,NA,Scotland,5454238,49,2,15553,2419
2020-06-05,United Kingdom,NA,Scotland,5454238,29,9,15582,2428
2020-06-06,United Kingdom,NA,Scotland,5454238,21,3,15603,2431
2020-06-07,United Kingdom,NA,Scotland,5454238,18,7,15621,2438
2020-06-08,United Kingdom,NA,Scotland,5454238,18,5,15639,2443
2020-06-09,United Kingdom,NA,Scotland,5454238,14,1,15653,2444
2020-06-10,United Kingdom,NA,Scotland,5454238,12,5,15665,2449
2020-06-11,United Kingdom,NA,Scotland,5454238,17,2,15682,2451
2020-06-12,United Kingdom,NA,Scotland,5454238,27,2,15709,2453
2020-06-13,United Kingdom,NA,Scotland,5454238,21,3,15730,2456
2020-06-14,United Kingdom,NA,Scotland,5454238,25,4,15755,2460
2020-06-15,United Kingdom,NA,Scotland,5454238,29,3,18030,2463
2020-06-16,United Kingdom,NA,Scotland,5454238,15,6,18045,2469
2020-06-17,United Kingdom,NA,Scotland,5454238,21,3,18066,2472
2020-06-18,United Kingdom,NA,Scotland,5454238,11,3,18077,2475
2020-06-19,United Kingdom,NA,Scotland,5454238,27,0,18104,2475
2020-06-20,United Kingdom,NA,Scotland,5454238,26,3,18130,2478
2020-06-21,United Kingdom,NA,Scotland,5454238,26,2,18156,2480
2020-06-22,United Kingdom,NA,Scotland,5454238,14,3,18170,2483
2020-06-23,United Kingdom,NA,Scotland,5454238,12,1,18182,2484
2020-06-24,United Kingdom,NA,Scotland,5454238,9,1,18191,2485
2020-06-25,United Kingdom,NA,Scotland,5454238,5,0,18196,2485
2020-06-26,United Kingdom,NA,Scotland,5454238,17,0,18213,2485
2020-06-27,United Kingdom,NA,Scotland,5454238,15,4,18228,2489
2020-06-28,United Kingdom,NA,Scotland,5454238,8,0,18236,2489
2020-06-29,United Kingdom,NA,Scotland,5454238,5,1,18241,2490
2020-06-30,United Kingdom,NA,Scotland,5454238,10,0,18251,2490
2020-07-01,United Kingdom,NA,Scotland,5454238,8,0,18259,2490
2020-07-02,United Kingdom,NA,Scotland,5454238,5,0,18264,2490
2020-07-03,United Kingdom,NA,Scotland,5454238,12,1,18276,2491
2020-07-04,United Kingdom,NA,Scotland,5454238,11,0,18287,2491
2020-07-05,United Kingdom,NA,Scotland,5454238,9,1,18296,2492
2020-07-06,United Kingdom,NA,Scotland,5454238,4,0,18300,2492
2020-07-07,United Kingdom,NA,Scotland,5454238,2,0,18302,2492
2020-07-08,United Kingdom,NA,Scotland,5454238,7,0,18309,2492
2020-07-09,United Kingdom,NA,Scotland,5454238,6,0,18315,2492
2020-07-10,United Kingdom,NA,Scotland,5454238,18,0,18333,2492
2020-07-11,United Kingdom,NA,Scotland,5454238,7,0,18340,2492
2020-07-12,United Kingdom,NA,Scotland,5454238,19,0,18359,2492
2020-07-13,United Kingdom,NA,Scotland,5454238,6,0,18365,2492
2020-07-14,United Kingdom,NA,Scotland,5454238,3,0,18368,2492
2020-07-15,United Kingdom,NA,Scotland,5454238,5,0,18373,2492
2020-07-16,United Kingdom,NA,Scotland,5454238,11,0,18384,2492
2020-07-17,United Kingdom,NA,Scotland,5454238,17,0,18401,2492
2020-07-18,United Kingdom,NA,Scotland,5454238,21,0,18422,2492
2020-07-19,United Kingdom,NA,Scotland,5454238,23,0,18445,2492
2020-07-20,United Kingdom,NA,Scotland,5454238,7,0,18452,2492
2020-07-21,United Kingdom,NA,Scotland,5454238,22,0,18474,2492
2020-07-22,United Kingdom,NA,Scotland,5454238,10,0,18484,2492
2020-07-23,United Kingdom,NA,Scotland,5454238,16,0,18500,2492
2020-07-24,United Kingdom,NA,Scotland,5454238,20,0,18520,2492
2020-07-25,United Kingdom,NA,Scotland,5454238,27,0,18547,2492
2020-07-26,United Kingdom,NA,Scotland,5454238,4,0,18551,2492
2020-07-27,United Kingdom,NA,Scotland,5454238,3,0,18554,2492
2020-07-28,United Kingdom,NA,Scotland,5454238,4,0,18558,2492
2020-07-29,United Kingdom,NA,Scotland,5454238,22,0,18580,2492
2020-07-30,United Kingdom,NA,Scotland,5454238,17,0,18597,2492
2020-07-31,United Kingdom,NA,Scotland,5454238,30,0,18627,2492
2020-08-01,United Kingdom,NA,Scotland,5454238,18,0,18645,2492
2020-08-02,United Kingdom,NA,Scotland,5454238,31,0,18676,2492
2020-08-03,United Kingdom,NA,Scotland,5454238,18,0,18694,2492
2020-08-04,United Kingdom,NA,Scotland,5454238,23,0,18717,2492
2020-08-05,United Kingdom,NA,Scotland,5454238,64,0,18781,2492
2020-08-06,United Kingdom,NA,Scotland,5454238,66,0,18847,2492
2020-08-07,United Kingdom,NA,Scotland,5454238,43,0,18890,2492
2020-08-08,United Kingdom,NA,Scotland,5454238,60,0,18950,2492
2020-08-09,United Kingdom,NA,Scotland,5454238,48,0,18998,2492
2020-08-10,United Kingdom,NA,Scotland,5454238,29,0,19027,2492
2020-08-11,United Kingdom,NA,Scotland,5454238,52,0,19079,2492
2020-08-12,United Kingdom,NA,Scotland,5454238,47,0,19126,2492
2020-08-13,United Kingdom,NA,Scotland,5454238,47,0,19173,2492
2020-08-14,United Kingdom,NA,Scotland,5454238,65,0,19238,2492
2020-08-15,United Kingdom,NA,Scotland,5454238,51,0,19289,2492
2020-08-16,United Kingdom,NA,Scotland,5454238,43,0,19332,2492
2020-08-17,United Kingdom,NA,Scotland,5454238,26,0,19358,2492
2020-08-18,United Kingdom,NA,Scotland,5454238,49,0,19407,2492
2020-08-19,United Kingdom,NA,Scotland,5454238,50,1,19457,2493
2020-08-20,United Kingdom,NA,Scotland,5454238,77,0,19534,2493
2020-08-21,United Kingdom,NA,Scotland,5454238,71,0,19605,2493
2020-08-22,United Kingdom,NA,Scotland,5454238,123,1,19728,2494
2020-08-23,United Kingdom,NA,Scotland,5454238,83,1,19811,2495
2020-08-24,United Kingdom,NA,Scotland,5454238,66,0,19877,2495
2020-08-25,United Kingdom,NA,Scotland,5454238,44,0,19921,2495
2020-08-26,United Kingdom,NA,Scotland,5454238,67,0,19988,2495
2020-08-27,United Kingdom,NA,Scotland,5454238,68,0,20056,2495
2020-08-28,United Kingdom,NA,Scotland,5454238,51,1,20107,2496
2020-08-29,United Kingdom,NA,Scotland,5454238,88,0,20195,2496
2020-08-30,United Kingdom,NA,Scotland,5454238,123,0,20318,2496
2020-08-31,United Kingdom,NA,Scotland,5454238,160,0,20478,2496
2020-09-01,United Kingdom,NA,Scotland,5454238,154,0,20632,2496
2020-09-02,United Kingdom,NA,Scotland,5454238,156,1,20788,2497
2020-09-03,United Kingdom,NA,Scotland,5454238,101,1,20889,2498
2020-09-04,United Kingdom,NA,Scotland,5454238,159,1,21048,2499
2020-09-05,United Kingdom,NA,Scotland,5454238,141,0,21189,2499
2020-09-06,United Kingdom,NA,Scotland,5454238,208,0,21397,2499
2020-09-07,United Kingdom,NA,Scotland,5454238,146,0,21543,2499
2020-09-08,United Kingdom,NA,Scotland,5454238,176,0,21719,2499
2020-09-09,United Kingdom,NA,Scotland,5454238,159,0,21878,2499
2020-09-10,United Kingdom,NA,Scotland,5454238,161,0,22039,2499
2020-09-11,United Kingdom,NA,Scotland,5454238,175,0,22214,2499
2020-09-12,United Kingdom,NA,Scotland,5454238,221,0,22435,2499
2020-09-13,United Kingdom,NA,Scotland,5454238,244,0,22679,2499
2020-09-14,United Kingdom,NA,Scotland,5454238,70,1,22749,2500
2020-09-15,United Kingdom,NA,Scotland,5454238,267,0,23016,2500
2020-02-27,United Kingdom,NA,South East,9175033,2,0,11,0
2020-02-28,United Kingdom,NA,South East,9175033,2,0,13,0
2020-02-29,United Kingdom,NA,South East,9175033,2,0,15,0
2020-03-01,United Kingdom,NA,South East,9175033,0,0,15,0
2020-03-02,United Kingdom,NA,South East,9175033,1,0,16,0
2020-03-03,United Kingdom,NA,South East,9175033,9,1,25,1
2020-03-04,United Kingdom,NA,South East,9175033,7,0,32,1
2020-03-05,United Kingdom,NA,South East,9175033,4,2,36,3
2020-03-06,United Kingdom,NA,South East,9175033,16,0,52,3
2020-03-07,United Kingdom,NA,South East,9175033,4,0,56,3
2020-03-08,United Kingdom,NA,South East,9175033,10,1,66,4
2020-03-09,United Kingdom,NA,South East,9175033,24,1,90,5
2020-03-10,United Kingdom,NA,South East,9175033,34,1,124,6
2020-03-11,United Kingdom,NA,South East,9175033,50,1,174,7
2020-03-12,United Kingdom,NA,South East,9175033,85,0,259,7
2020-03-13,United Kingdom,NA,South East,9175033,53,2,312,9
2020-03-14,United Kingdom,NA,South East,9175033,41,3,353,12
2020-03-15,United Kingdom,NA,South East,9175033,53,7,406,19
2020-03-16,United Kingdom,NA,South East,9175033,78,8,484,27
2020-03-17,United Kingdom,NA,South East,9175033,89,8,573,35
2020-03-18,United Kingdom,NA,South East,9175033,122,13,695,48
2020-03-19,United Kingdom,NA,South East,9175033,127,8,822,56
2020-03-20,United Kingdom,NA,South East,9175033,126,15,948,71
2020-03-21,United Kingdom,NA,South East,9175033,129,14,1077,85
2020-03-22,United Kingdom,NA,South East,9175033,169,28,1246,113
2020-03-23,United Kingdom,NA,South East,9175033,281,24,1527,137
2020-03-24,United Kingdom,NA,South East,9175033,235,30,1762,167
2020-03-25,United Kingdom,NA,South East,9175033,305,40,2067,207
2020-03-26,United Kingdom,NA,South East,9175033,320,44,2387,251
2020-03-27,United Kingdom,NA,South East,9175033,332,47,2719,298
2020-03-28,United Kingdom,NA,South East,9175033,339,38,3058,336
2020-03-29,United Kingdom,NA,South East,9175033,295,62,3353,398
2020-03-30,United Kingdom,NA,South East,9175033,476,68,3829,466
2020-03-31,United Kingdom,NA,South East,9175033,470,70,4299,536
2020-04-01,United Kingdom,NA,South East,9175033,547,85,4846,621
2020-04-02,United Kingdom,NA,South East,9175033,486,79,5332,700
2020-04-03,United Kingdom,NA,South East,9175033,521,84,5853,784
2020-04-04,United Kingdom,NA,South East,9175033,458,113,6311,897
2020-04-05,United Kingdom,NA,South East,9175033,424,104,6735,1001
2020-04-06,United Kingdom,NA,South East,9175033,593,104,7328,1105
2020-04-07,United Kingdom,NA,South East,9175033,717,118,8045,1223
2020-04-08,United Kingdom,NA,South East,9175033,569,112,8614,1335
2020-04-09,United Kingdom,NA,South East,9175033,525,129,9139,1464
2020-04-10,United Kingdom,NA,South East,9175033,577,110,9716,1574
2020-04-11,United Kingdom,NA,South East,9175033,383,110,10099,1684
2020-04-12,United Kingdom,NA,South East,9175033,486,117,10585,1801
2020-04-13,United Kingdom,NA,South East,9175033,577,104,11162,1905
2020-04-14,United Kingdom,NA,South East,9175033,553,94,11715,1999
2020-04-15,United Kingdom,NA,South East,9175033,710,93,12425,2092
2020-04-16,United Kingdom,NA,South East,9175033,655,87,13080,2179
2020-04-17,United Kingdom,NA,South East,9175033,705,108,13785,2287
2020-04-18,United Kingdom,NA,South East,9175033,522,77,14307,2364
2020-04-19,United Kingdom,NA,South East,9175033,414,106,14721,2470
2020-04-20,United Kingdom,NA,South East,9175033,489,113,15210,2583
2020-04-21,United Kingdom,NA,South East,9175033,632,90,15842,2673
2020-04-22,United Kingdom,NA,South East,9175033,693,83,16535,2756
2020-04-23,United Kingdom,NA,South East,9175033,684,89,17219,2845
2020-04-24,United Kingdom,NA,South East,9175033,656,92,17875,2937
2020-04-25,United Kingdom,NA,South East,9175033,518,90,18393,3027
2020-04-26,United Kingdom,NA,South East,9175033,501,76,18894,3103
2020-04-27,United Kingdom,NA,South East,9175033,555,59,19449,3162
2020-04-28,United Kingdom,NA,South East,9175033,657,68,20106,3230
2020-04-29,United Kingdom,NA,South East,9175033,690,70,20796,3300
2020-04-30,United Kingdom,NA,South East,9175033,651,52,21447,3352
2020-05-01,United Kingdom,NA,South East,9175033,521,76,21968,3428
2020-05-02,United Kingdom,NA,South East,9175033,414,54,22382,3482
2020-05-03,United Kingdom,NA,South East,9175033,368,33,22750,3515
2020-05-04,United Kingdom,NA,South East,9175033,489,58,23239,3573
2020-05-05,United Kingdom,NA,South East,9175033,473,52,23712,3625
2020-05-06,United Kingdom,NA,South East,9175033,444,43,24156,3668
2020-05-07,United Kingdom,NA,South East,9175033,418,47,24574,3715
2020-05-08,United Kingdom,NA,South East,9175033,354,43,24928,3758
2020-05-09,United Kingdom,NA,South East,9175033,248,55,25176,3813
2020-05-10,United Kingdom,NA,South East,9175033,310,32,25486,3845
2020-05-11,United Kingdom,NA,South East,9175033,481,39,25967,3884
2020-05-12,United Kingdom,NA,South East,9175033,412,46,26379,3930
2020-05-13,United Kingdom,NA,South East,9175033,483,37,26862,3967
2020-05-14,United Kingdom,NA,South East,9175033,295,49,27157,4016
2020-05-15,United Kingdom,NA,South East,9175033,262,39,27419,4055
2020-05-16,United Kingdom,NA,South East,9175033,192,34,27611,4089
2020-05-17,United Kingdom,NA,South East,9175033,224,29,27835,4118
2020-05-18,United Kingdom,NA,South East,9175033,363,31,28198,4149
2020-05-19,United Kingdom,NA,South East,9175033,385,29,28583,4178
2020-05-20,United Kingdom,NA,South East,9175033,343,38,28926,4216
2020-05-21,United Kingdom,NA,South East,9175033,303,18,29229,4234
2020-05-22,United Kingdom,NA,South East,9175033,246,38,29475,4272
2020-05-23,United Kingdom,NA,South East,9175033,121,32,29596,4304
2020-05-24,United Kingdom,NA,South East,9175033,150,26,29746,4330
2020-05-25,United Kingdom,NA,South East,9175033,187,17,29933,4347
2020-05-26,United Kingdom,NA,South East,9175033,180,27,30113,4374
2020-05-27,United Kingdom,NA,South East,9175033,203,24,30316,4398
2020-05-28,United Kingdom,NA,South East,9175033,202,22,30518,4420
2020-05-29,United Kingdom,NA,South East,9175033,163,24,30681,4444
2020-05-30,United Kingdom,NA,South East,9175033,131,23,30812,4467
2020-05-31,United Kingdom,NA,South East,9175033,134,19,30946,4486
2020-06-01,United Kingdom,NA,South East,9175033,185,19,31131,4505
2020-06-02,United Kingdom,NA,South East,9175033,221,26,31352,4531
2020-06-03,United Kingdom,NA,South East,9175033,137,22,31489,4553
2020-06-04,United Kingdom,NA,South East,9175033,160,18,31649,4571
2020-06-05,United Kingdom,NA,South East,9175033,139,15,31788,4586
2020-06-06,United Kingdom,NA,South East,9175033,85,11,31873,4597
2020-06-07,United Kingdom,NA,South East,9175033,61,15,31934,4612
2020-06-08,United Kingdom,NA,South East,9175033,123,12,32057,4624
2020-06-09,United Kingdom,NA,South East,9175033,113,17,32170,4641
2020-06-10,United Kingdom,NA,South East,9175033,127,14,32297,4655
2020-06-11,United Kingdom,NA,South East,9175033,94,9,32391,4664
2020-06-12,United Kingdom,NA,South East,9175033,87,8,32478,4672
2020-06-13,United Kingdom,NA,South East,9175033,66,11,32544,4683
2020-06-14,United Kingdom,NA,South East,9175033,72,9,32616,4692
2020-06-15,United Kingdom,NA,South East,9175033,98,8,32714,4700
2020-06-16,United Kingdom,NA,South East,9175033,96,13,32810,4713
2020-06-17,United Kingdom,NA,South East,9175033,81,10,32891,4723
2020-06-18,United Kingdom,NA,South East,9175033,75,4,32966,4727
2020-06-19,United Kingdom,NA,South East,9175033,80,9,33046,4736
2020-06-20,United Kingdom,NA,South East,9175033,66,7,33112,4743
2020-06-21,United Kingdom,NA,South East,9175033,67,6,33179,4749
2020-06-22,United Kingdom,NA,South East,9175033,78,6,33257,4755
2020-06-23,United Kingdom,NA,South East,9175033,60,7,33317,4762
2020-06-24,United Kingdom,NA,South East,9175033,44,10,33361,4772
2020-06-25,United Kingdom,NA,South East,9175033,65,9,33426,4781
2020-06-26,United Kingdom,NA,South East,9175033,65,8,33491,4789
2020-06-27,United Kingdom,NA,South East,9175033,54,8,33545,4797
2020-06-28,United Kingdom,NA,South East,9175033,45,8,33590,4805
2020-06-29,United Kingdom,NA,South East,9175033,79,5,33669,4810
2020-06-30,United Kingdom,NA,South East,9175033,58,5,33727,4815
2020-07-01,United Kingdom,NA,South East,9175033,69,5,33796,4820
2020-07-02,United Kingdom,NA,South East,9175033,61,7,33857,4827
2020-07-03,United Kingdom,NA,South East,9175033,62,4,33919,4831
2020-07-04,United Kingdom,NA,South East,9175033,29,10,33948,4841
2020-07-05,United Kingdom,NA,South East,9175033,58,3,34006,4844
2020-07-06,United Kingdom,NA,South East,9175033,45,6,34051,4850
2020-07-07,United Kingdom,NA,South East,9175033,54,5,34105,4855
2020-07-08,United Kingdom,NA,South East,9175033,82,5,34187,4860
2020-07-09,United Kingdom,NA,South East,9175033,84,9,34271,4869
2020-07-10,United Kingdom,NA,South East,9175033,76,5,34347,4874
2020-07-11,United Kingdom,NA,South East,9175033,34,6,34381,4880
2020-07-12,United Kingdom,NA,South East,9175033,31,3,34412,4883
2020-07-13,United Kingdom,NA,South East,9175033,69,5,34481,4888
2020-07-14,United Kingdom,NA,South East,9175033,59,7,34540,4895
2020-07-15,United Kingdom,NA,South East,9175033,63,4,34603,4899
2020-07-16,United Kingdom,NA,South East,9175033,63,3,34666,4902
2020-07-17,United Kingdom,NA,South East,9175033,49,4,34715,4906
2020-07-18,United Kingdom,NA,South East,9175033,54,3,34769,4909
2020-07-19,United Kingdom,NA,South East,9175033,46,4,34815,4913
2020-07-20,United Kingdom,NA,South East,9175033,87,4,34902,4917
2020-07-21,United Kingdom,NA,South East,9175033,77,5,34979,4922
2020-07-22,United Kingdom,NA,South East,9175033,77,2,35056,4924
2020-07-23,United Kingdom,NA,South East,9175033,76,3,35132,4927
2020-07-24,United Kingdom,NA,South East,9175033,65,1,35197,4928
2020-07-25,United Kingdom,NA,South East,9175033,47,2,35244,4930
2020-07-26,United Kingdom,NA,South East,9175033,37,3,35281,4933
2020-07-27,United Kingdom,NA,South East,9175033,85,1,35366,4934
2020-07-28,United Kingdom,NA,South East,9175033,65,4,35431,4938
2020-07-29,United Kingdom,NA,South East,9175033,79,3,35510,4941
2020-07-30,United Kingdom,NA,South East,9175033,63,1,35573,4942
2020-07-31,United Kingdom,NA,South East,9175033,41,5,35614,4947
2020-08-01,United Kingdom,NA,South East,9175033,30,2,35644,4949
2020-08-02,United Kingdom,NA,South East,9175033,21,2,35665,4951
2020-08-03,United Kingdom,NA,South East,9175033,76,2,35741,4953
2020-08-04,United Kingdom,NA,South East,9175033,66,0,35807,4953
2020-08-05,United Kingdom,NA,South East,9175033,65,2,35872,4955
2020-08-06,United Kingdom,NA,South East,9175033,61,3,35933,4958
2020-08-07,United Kingdom,NA,South East,9175033,53,0,35986,4958
2020-08-08,United Kingdom,NA,South East,9175033,31,1,36017,4959
2020-08-09,United Kingdom,NA,South East,9175033,29,2,36046,4961
2020-08-10,United Kingdom,NA,South East,9175033,113,4,36159,4965
2020-08-11,United Kingdom,NA,South East,9175033,76,0,36235,4965
2020-08-12,United Kingdom,NA,South East,9175033,83,0,36318,4965
2020-08-13,United Kingdom,NA,South East,9175033,76,1,36394,4966
2020-08-14,United Kingdom,NA,South East,9175033,95,2,36489,4968
2020-08-15,United Kingdom,NA,South East,9175033,45,1,36534,4969
2020-08-16,United Kingdom,NA,South East,9175033,36,1,36570,4970
2020-08-17,United Kingdom,NA,South East,9175033,109,0,36679,4970
2020-08-18,United Kingdom,NA,South East,9175033,78,1,36757,4971
2020-08-19,United Kingdom,NA,South East,9175033,115,0,36872,4971
2020-08-20,United Kingdom,NA,South East,9175033,130,1,37002,4972
2020-08-21,United Kingdom,NA,South East,9175033,110,0,37112,4972
2020-08-22,United Kingdom,NA,South East,9175033,78,0,37190,4972
2020-08-23,United Kingdom,NA,South East,9175033,85,1,37275,4973
2020-08-24,United Kingdom,NA,South East,9175033,93,0,37368,4973
2020-08-25,United Kingdom,NA,South East,9175033,89,2,37457,4975
2020-08-26,United Kingdom,NA,South East,9175033,114,0,37571,4975
2020-08-27,United Kingdom,NA,South East,9175033,126,3,37697,4978
2020-08-28,United Kingdom,NA,South East,9175033,115,1,37812,4979
2020-08-29,United Kingdom,NA,South East,9175033,100,1,37912,4980
2020-08-30,United Kingdom,NA,South East,9175033,100,0,38012,4980
2020-08-31,United Kingdom,NA,South East,9175033,117,2,38129,4982
2020-09-01,United Kingdom,NA,South East,9175033,128,1,38257,4983
2020-09-02,United Kingdom,NA,South East,9175033,209,1,38466,4984
2020-09-03,United Kingdom,NA,South East,9175033,226,1,38692,4985
2020-09-04,United Kingdom,NA,South East,9175033,231,1,38923,4986
2020-09-05,United Kingdom,NA,South East,9175033,158,0,39081,4986
2020-09-06,United Kingdom,NA,South East,9175033,179,0,39260,4986
2020-09-07,United Kingdom,NA,South East,9175033,202,0,39462,4986
2020-09-08,United Kingdom,NA,South East,9175033,192,0,39654,4986
2020-09-09,United Kingdom,NA,South East,9175033,168,0,39822,4986
2020-09-10,United Kingdom,NA,South East,9175033,194,1,40016,4987
2020-09-11,United Kingdom,NA,South East,9175033,86,0,40102,4987
2020-09-12,United Kingdom,NA,South East,9175033,84,0,40186,4987
2020-09-13,United Kingdom,NA,South East,9175033,19,2,40205,4989
2020-09-14,United Kingdom,NA,South East,9175033,3,0,40208,4989
2020-03-02,United Kingdom,NA,South West,5616381,8,0,13,0
2020-03-03,United Kingdom,NA,South West,5616381,10,0,23,0
2020-03-04,United Kingdom,NA,South West,5616381,6,0,29,0
2020-03-05,United Kingdom,NA,South West,5616381,4,0,33,0
2020-03-06,United Kingdom,NA,South West,5616381,11,0,44,0
2020-03-07,United Kingdom,NA,South West,5616381,2,0,46,0
2020-03-08,United Kingdom,NA,South West,5616381,3,0,49,0
2020-03-09,United Kingdom,NA,South West,5616381,5,1,54,1
2020-03-10,United Kingdom,NA,South West,5616381,10,0,64,1
2020-03-11,United Kingdom,NA,South West,5616381,14,1,78,2
2020-03-12,United Kingdom,NA,South West,5616381,18,0,96,2
2020-03-13,United Kingdom,NA,South West,5616381,30,0,126,2
2020-03-14,United Kingdom,NA,South West,5616381,10,1,136,3
2020-03-15,United Kingdom,NA,South West,5616381,17,1,153,4
2020-03-16,United Kingdom,NA,South West,5616381,18,0,171,4
2020-03-17,United Kingdom,NA,South West,5616381,21,2,192,6
2020-03-18,United Kingdom,NA,South West,5616381,43,4,235,10
2020-03-19,United Kingdom,NA,South West,5616381,21,4,256,14
2020-03-20,United Kingdom,NA,South West,5616381,43,3,299,17
2020-03-21,United Kingdom,NA,South West,5616381,42,8,341,25
2020-03-22,United Kingdom,NA,South West,5616381,44,6,385,31
2020-03-23,United Kingdom,NA,South West,5616381,62,9,447,40
2020-03-24,United Kingdom,NA,South West,5616381,68,6,515,46
2020-03-25,United Kingdom,NA,South West,5616381,104,10,619,56
2020-03-26,United Kingdom,NA,South West,5616381,119,11,738,67
2020-03-27,United Kingdom,NA,South West,5616381,129,13,867,80
2020-03-28,United Kingdom,NA,South West,5616381,102,23,969,103
2020-03-29,United Kingdom,NA,South West,5616381,101,24,1070,127
2020-03-30,United Kingdom,NA,South West,5616381,163,28,1233,155
2020-03-31,United Kingdom,NA,South West,5616381,140,26,1373,181
2020-04-01,United Kingdom,NA,South West,5616381,183,24,1556,205
2020-04-02,United Kingdom,NA,South West,5616381,183,31,1739,236
2020-04-03,United Kingdom,NA,South West,5616381,187,32,1926,268
2020-04-04,United Kingdom,NA,South West,5616381,174,41,2100,309
2020-04-05,United Kingdom,NA,South West,5616381,153,37,2253,346
2020-04-06,United Kingdom,NA,South West,5616381,186,42,2439,388
2020-04-07,United Kingdom,NA,South West,5616381,212,45,2651,433
2020-04-08,United Kingdom,NA,South West,5616381,236,51,2887,484
2020-04-09,United Kingdom,NA,South West,5616381,246,31,3133,515
2020-04-10,United Kingdom,NA,South West,5616381,234,62,3367,577
2020-04-11,United Kingdom,NA,South West,5616381,173,42,3540,619
2020-04-12,United Kingdom,NA,South West,5616381,178,37,3718,656
2020-04-13,United Kingdom,NA,South West,5616381,194,45,3912,701
2020-04-14,United Kingdom,NA,South West,5616381,185,35,4097,736
2020-04-15,United Kingdom,NA,South West,5616381,211,41,4308,777
2020-04-16,United Kingdom,NA,South West,5616381,262,38,4570,815
2020-04-17,United Kingdom,NA,South West,5616381,240,49,4810,864
2020-04-18,United Kingdom,NA,South West,5616381,168,41,4978,905
2020-04-19,United Kingdom,NA,South West,5616381,201,50,5179,955
2020-04-20,United Kingdom,NA,South West,5616381,182,41,5361,996
2020-04-21,United Kingdom,NA,South West,5616381,226,46,5587,1042
2020-04-22,United Kingdom,NA,South West,5616381,286,31,5873,1073
2020-04-23,United Kingdom,NA,South West,5616381,281,35,6154,1108
2020-04-24,United Kingdom,NA,South West,5616381,250,37,6404,1145
2020-04-25,United Kingdom,NA,South West,5616381,200,27,6604,1172
2020-04-26,United Kingdom,NA,South West,5616381,254,37,6858,1209
2020-04-27,United Kingdom,NA,South West,5616381,321,33,7179,1242
2020-04-28,United Kingdom,NA,South West,5616381,276,28,7455,1270
2020-04-29,United Kingdom,NA,South West,5616381,348,33,7803,1303
2020-04-30,United Kingdom,NA,South West,5616381,244,38,8047,1341
2020-05-01,United Kingdom,NA,South West,5616381,264,11,8311,1352
2020-05-02,United Kingdom,NA,South West,5616381,208,24,8519,1376
2020-05-03,United Kingdom,NA,South West,5616381,176,19,8695,1395
2020-05-04,United Kingdom,NA,South West,5616381,166,30,8861,1425
2020-05-05,United Kingdom,NA,South West,5616381,173,31,9034,1456
2020-05-06,United Kingdom,NA,South West,5616381,201,32,9235,1488
2020-05-07,United Kingdom,NA,South West,5616381,180,29,9415,1517
2020-05-08,United Kingdom,NA,South West,5616381,178,14,9593,1531
2020-05-09,United Kingdom,NA,South West,5616381,106,24,9699,1555
2020-05-10,United Kingdom,NA,South West,5616381,134,13,9833,1568
2020-05-11,United Kingdom,NA,South West,5616381,255,12,10088,1580
2020-05-12,United Kingdom,NA,South West,5616381,177,6,10265,1586
2020-05-13,United Kingdom,NA,South West,5616381,176,15,10441,1601
2020-05-14,United Kingdom,NA,South West,5616381,93,13,10534,1614
2020-05-15,United Kingdom,NA,South West,5616381,103,7,10637,1621
2020-05-16,United Kingdom,NA,South West,5616381,90,10,10727,1631
2020-05-17,United Kingdom,NA,South West,5616381,97,11,10824,1642
2020-05-18,United Kingdom,NA,South West,5616381,118,10,10942,1652
2020-05-19,United Kingdom,NA,South West,5616381,108,14,11050,1666
2020-05-20,United Kingdom,NA,South West,5616381,137,9,11187,1675
2020-05-21,United Kingdom,NA,South West,5616381,88,10,11275,1685
2020-05-22,United Kingdom,NA,South West,5616381,82,10,11357,1695
2020-05-23,United Kingdom,NA,South West,5616381,41,11,11398,1706
2020-05-24,United Kingdom,NA,South West,5616381,59,8,11457,1714
2020-05-25,United Kingdom,NA,South West,5616381,61,11,11518,1725
2020-05-26,United Kingdom,NA,South West,5616381,81,12,11599,1737
2020-05-27,United Kingdom,NA,South West,5616381,104,8,11703,1745
2020-05-28,United Kingdom,NA,South West,5616381,115,13,11818,1758
2020-05-29,United Kingdom,NA,South West,5616381,73,11,11891,1769
2020-05-30,United Kingdom,NA,South West,5616381,51,6,11942,1775
2020-05-31,United Kingdom,NA,South West,5616381,62,5,12004,1780
2020-06-01,United Kingdom,NA,South West,5616381,51,8,12055,1788
2020-06-02,United Kingdom,NA,South West,5616381,51,4,12106,1792
2020-06-03,United Kingdom,NA,South West,5616381,69,8,12175,1800
2020-06-04,United Kingdom,NA,South West,5616381,65,6,12240,1806
2020-06-05,United Kingdom,NA,South West,5616381,51,3,12291,1809
2020-06-06,United Kingdom,NA,South West,5616381,23,3,12314,1812
2020-06-07,United Kingdom,NA,South West,5616381,18,10,12332,1822
2020-06-08,United Kingdom,NA,South West,5616381,23,4,12355,1826
2020-06-09,United Kingdom,NA,South West,5616381,26,1,12381,1827
2020-06-10,United Kingdom,NA,South West,5616381,31,4,12412,1831
2020-06-11,United Kingdom,NA,South West,5616381,25,4,12437,1835
2020-06-12,United Kingdom,NA,South West,5616381,19,2,12456,1837
2020-06-13,United Kingdom,NA,South West,5616381,14,2,12470,1839
2020-06-14,United Kingdom,NA,South West,5616381,9,2,12479,1841
2020-06-15,United Kingdom,NA,South West,5616381,20,2,12499,1843
2020-06-16,United Kingdom,NA,South West,5616381,15,4,12514,1847
2020-06-17,United Kingdom,NA,South West,5616381,16,2,12530,1849
2020-06-18,United Kingdom,NA,South West,5616381,13,1,12543,1850
2020-06-19,United Kingdom,NA,South West,5616381,24,1,12567,1851
2020-06-20,United Kingdom,NA,South West,5616381,8,1,12575,1852
2020-06-21,United Kingdom,NA,South West,5616381,8,2,12583,1854
2020-06-22,United Kingdom,NA,South West,5616381,19,1,12602,1855
2020-06-23,United Kingdom,NA,South West,5616381,15,4,12617,1859
2020-06-24,United Kingdom,NA,South West,5616381,16,2,12633,1861
2020-06-25,United Kingdom,NA,South West,5616381,8,0,12641,1861
2020-06-26,United Kingdom,NA,South West,5616381,12,1,12653,1862
2020-06-27,United Kingdom,NA,South West,5616381,8,0,12661,1862
2020-06-28,United Kingdom,NA,South West,5616381,11,0,12672,1862
2020-06-29,United Kingdom,NA,South West,5616381,16,1,12688,1863
2020-06-30,United Kingdom,NA,South West,5616381,18,3,12706,1866
2020-07-01,United Kingdom,NA,South West,5616381,23,0,12729,1866
2020-07-02,United Kingdom,NA,South West,5616381,11,0,12740,1866
2020-07-03,United Kingdom,NA,South West,5616381,8,1,12748,1867
2020-07-04,United Kingdom,NA,South West,5616381,10,0,12758,1867
2020-07-05,United Kingdom,NA,South West,5616381,17,1,12775,1868
2020-07-06,United Kingdom,NA,South West,5616381,23,0,12798,1868
2020-07-07,United Kingdom,NA,South West,5616381,17,0,12815,1868
2020-07-08,United Kingdom,NA,South West,5616381,15,0,12830,1868
2020-07-09,United Kingdom,NA,South West,5616381,17,0,12847,1868
2020-07-10,United Kingdom,NA,South West,5616381,13,1,12860,1869
2020-07-11,United Kingdom,NA,South West,5616381,6,0,12866,1869
2020-07-12,United Kingdom,NA,South West,5616381,5,0,12871,1869
2020-07-13,United Kingdom,NA,South West,5616381,18,1,12889,1870
2020-07-14,United Kingdom,NA,South West,5616381,19,0,12908,1870
2020-07-15,United Kingdom,NA,South West,5616381,17,1,12925,1871
2020-07-16,United Kingdom,NA,South West,5616381,27,1,12952,1872
2020-07-17,United Kingdom,NA,South West,5616381,20,0,12972,1872
2020-07-18,United Kingdom,NA,South West,5616381,12,1,12984,1873
2020-07-19,United Kingdom,NA,South West,5616381,9,1,12993,1874
2020-07-20,United Kingdom,NA,South West,5616381,24,0,13017,1874
2020-07-21,United Kingdom,NA,South West,5616381,35,2,13052,1876
2020-07-22,United Kingdom,NA,South West,5616381,30,0,13082,1876
2020-07-23,United Kingdom,NA,South West,5616381,39,0,13121,1876
2020-07-24,United Kingdom,NA,South West,5616381,34,0,13155,1876
2020-07-25,United Kingdom,NA,South West,5616381,17,0,13172,1876
2020-07-26,United Kingdom,NA,South West,5616381,20,0,13192,1876
2020-07-27,United Kingdom,NA,South West,5616381,40,0,13232,1876
2020-07-28,United Kingdom,NA,South West,5616381,34,0,13266,1876
2020-07-29,United Kingdom,NA,South West,5616381,53,0,13319,1876
2020-07-30,United Kingdom,NA,South West,5616381,63,1,13382,1877
2020-07-31,United Kingdom,NA,South West,5616381,29,0,13411,1877
2020-08-01,United Kingdom,NA,South West,5616381,9,0,13420,1877
2020-08-02,United Kingdom,NA,South West,5616381,9,0,13429,1877
2020-08-03,United Kingdom,NA,South West,5616381,43,0,13472,1877
2020-08-04,United Kingdom,NA,South West,5616381,54,1,13526,1878
2020-08-05,United Kingdom,NA,South West,5616381,40,0,13566,1878
2020-08-06,United Kingdom,NA,South West,5616381,45,0,13611,1878
2020-08-07,United Kingdom,NA,South West,5616381,42,0,13653,1878
2020-08-08,United Kingdom,NA,South West,5616381,25,0,13678,1878
2020-08-09,United Kingdom,NA,South West,5616381,15,0,13693,1878
2020-08-10,United Kingdom,NA,South West,5616381,42,0,13735,1878
2020-08-11,United Kingdom,NA,South West,5616381,41,0,13776,1878
2020-08-12,United Kingdom,NA,South West,5616381,42,1,13818,1879
2020-08-13,United Kingdom,NA,South West,5616381,53,0,13871,1879
2020-08-14,United Kingdom,NA,South West,5616381,55,1,13926,1880
2020-08-15,United Kingdom,NA,South West,5616381,25,0,13951,1880
2020-08-16,United Kingdom,NA,South West,5616381,37,0,13988,1880
2020-08-17,United Kingdom,NA,South West,5616381,48,2,14036,1882
2020-08-18,United Kingdom,NA,South West,5616381,58,0,14094,1882
2020-08-19,United Kingdom,NA,South West,5616381,70,0,14164,1882
2020-08-20,United Kingdom,NA,South West,5616381,85,1,14249,1883
2020-08-21,United Kingdom,NA,South West,5616381,64,0,14313,1883
2020-08-22,United Kingdom,NA,South West,5616381,39,0,14352,1883
2020-08-23,United Kingdom,NA,South West,5616381,41,1,14393,1884
2020-08-24,United Kingdom,NA,South West,5616381,49,0,14442,1884
2020-08-25,United Kingdom,NA,South West,5616381,50,1,14492,1885
2020-08-26,United Kingdom,NA,South West,5616381,62,0,14554,1885
2020-08-27,United Kingdom,NA,South West,5616381,56,1,14610,1886
2020-08-28,United Kingdom,NA,South West,5616381,72,1,14682,1887
2020-08-29,United Kingdom,NA,South West,5616381,50,0,14732,1887
2020-08-30,United Kingdom,NA,South West,5616381,33,0,14765,1887
2020-08-31,United Kingdom,NA,South West,5616381,57,0,14822,1887
2020-09-01,United Kingdom,NA,South West,5616381,99,0,14921,1887
2020-09-02,United Kingdom,NA,South West,5616381,123,0,15044,1887
2020-09-03,United Kingdom,NA,South West,5616381,150,0,15194,1887
2020-09-04,United Kingdom,NA,South West,5616381,134,1,15328,1888
2020-09-05,United Kingdom,NA,South West,5616381,82,0,15410,1888
2020-09-06,United Kingdom,NA,South West,5616381,78,0,15488,1888
2020-09-07,United Kingdom,NA,South West,5616381,100,1,15588,1889
2020-09-08,United Kingdom,NA,South West,5616381,81,0,15669,1889
2020-09-09,United Kingdom,NA,South West,5616381,74,0,15743,1889
2020-09-10,United Kingdom,NA,South West,5616381,82,0,15825,1889
2020-09-11,United Kingdom,NA,South West,5616381,53,0,15878,1889
2020-09-12,United Kingdom,NA,South West,5616381,48,0,15926,1889
2020-09-13,United Kingdom,NA,South West,5616381,21,1,15947,1890
2020-03-11,United Kingdom,NA,Wales,3136383,9,0,15,0
2020-03-12,United Kingdom,NA,Wales,3136383,10,0,25,0
2020-03-13,United Kingdom,NA,Wales,3136383,13,0,38,0
2020-03-14,United Kingdom,NA,Wales,3136383,22,0,60,0
2020-03-15,United Kingdom,NA,Wales,3136383,34,0,94,0
2020-03-16,United Kingdom,NA,Wales,3136383,30,3,124,3
2020-03-17,United Kingdom,NA,Wales,3136383,12,0,136,3
2020-03-18,United Kingdom,NA,Wales,3136383,13,0,149,3
2020-03-19,United Kingdom,NA,Wales,3136383,21,3,170,6
2020-03-20,United Kingdom,NA,Wales,3136383,21,2,191,8
2020-03-21,United Kingdom,NA,Wales,3136383,89,7,280,15
2020-03-22,United Kingdom,NA,Wales,3136383,67,5,347,20
2020-03-23,United Kingdom,NA,Wales,3136383,71,4,418,24
2020-03-24,United Kingdom,NA,Wales,3136383,60,9,478,33
2020-03-25,United Kingdom,NA,Wales,3136383,150,10,628,43
2020-03-26,United Kingdom,NA,Wales,3136383,113,11,741,54
2020-03-27,United Kingdom,NA,Wales,3136383,180,10,921,64
2020-03-28,United Kingdom,NA,Wales,3136383,172,15,1093,79
2020-03-29,United Kingdom,NA,Wales,3136383,148,18,1241,97
2020-03-30,United Kingdom,NA,Wales,3136383,210,16,1451,113
2020-03-31,United Kingdom,NA,Wales,3136383,112,15,1563,128
2020-04-01,United Kingdom,NA,Wales,3136383,274,21,1837,149
2020-04-02,United Kingdom,NA,Wales,3136383,284,28,2121,177
2020-04-03,United Kingdom,NA,Wales,3136383,345,29,2466,206
2020-04-04,United Kingdom,NA,Wales,3136383,387,31,2853,237
2020-04-05,United Kingdom,NA,Wales,3136383,344,30,3197,267
2020-04-06,United Kingdom,NA,Wales,3136383,302,20,3499,287
2020-04-07,United Kingdom,NA,Wales,3136383,291,32,3790,319
2020-04-08,United Kingdom,NA,Wales,3136383,283,42,4073,361
2020-04-09,United Kingdom,NA,Wales,3136383,16,43,4089,404
2020-04-10,United Kingdom,NA,Wales,3136383,502,25,4591,429
2020-04-11,United Kingdom,NA,Wales,3136383,340,31,4930,460
2020-04-12,United Kingdom,NA,Wales,3136383,367,37,5297,497
2020-04-13,United Kingdom,NA,Wales,3136383,313,43,5610,540
2020-04-14,United Kingdom,NA,Wales,3136383,238,26,5848,566
2020-04-15,United Kingdom,NA,Wales,3136383,272,38,6118,604
2020-04-16,United Kingdom,NA,Wales,3136383,284,35,6401,639
2020-04-17,United Kingdom,NA,Wales,3136383,244,29,6645,668
2020-04-18,United Kingdom,NA,Wales,3136383,292,32,6936,700
2020-04-19,United Kingdom,NA,Wales,3136383,334,26,7270,726
2020-04-20,United Kingdom,NA,Wales,3136383,276,25,7546,751
2020-04-21,United Kingdom,NA,Wales,3136383,304,30,7850,781
2020-04-22,United Kingdom,NA,Wales,3136383,274,23,8124,804
2020-04-23,United Kingdom,NA,Wales,3136383,234,18,8358,822
2020-04-24,United Kingdom,NA,Wales,3136383,243,31,8601,853
2020-04-25,United Kingdom,NA,Wales,3136383,299,29,8900,882
2020-04-26,United Kingdom,NA,Wales,3136383,178,16,9078,898
2020-04-27,United Kingdom,NA,Wales,3136383,203,16,9280,914
2020-04-28,United Kingdom,NA,Wales,3136383,232,15,9512,929
2020-04-29,United Kingdom,NA,Wales,3136383,117,26,9629,955
2020-04-30,United Kingdom,NA,Wales,3136383,183,16,9812,971
2020-05-01,United Kingdom,NA,Wales,3136383,160,29,9972,1000
2020-05-02,United Kingdom,NA,Wales,3136383,183,14,10155,1014
2020-05-03,United Kingdom,NA,Wales,3136383,174,14,10329,1028
2020-05-04,United Kingdom,NA,Wales,3136383,195,23,10524,1051
2020-05-05,United Kingdom,NA,Wales,3136383,145,17,10669,1068
2020-05-06,United Kingdom,NA,Wales,3136383,95,23,10764,1091
2020-05-07,United Kingdom,NA,Wales,3136383,87,19,10851,1110
2020-05-08,United Kingdom,NA,Wales,3136383,152,13,11003,1123
2020-05-09,United Kingdom,NA,Wales,3136383,118,7,11121,1130
2020-05-10,United Kingdom,NA,Wales,3136383,223,10,11344,1140
2020-05-11,United Kingdom,NA,Wales,3136383,124,15,11468,1155
2020-05-12,United Kingdom,NA,Wales,3136383,105,11,11573,1166
2020-05-13,United Kingdom,NA,Wales,3136383,133,16,11706,1182
2020-05-14,United Kingdom,NA,Wales,3136383,128,12,11834,1194
2020-05-15,United Kingdom,NA,Wales,3136383,126,16,11960,1210
2020-05-16,United Kingdom,NA,Wales,3136383,183,13,12142,1223
2020-05-17,United Kingdom,NA,Wales,3136383,162,11,12304,1234
2020-05-18,United Kingdom,NA,Wales,3136383,101,10,12404,1244
2020-05-19,United Kingdom,NA,Wales,3136383,166,11,12570,1255
2020-05-20,United Kingdom,NA,Wales,3136383,110,7,12680,1262
2020-05-21,United Kingdom,NA,Wales,3136383,166,9,12846,1271
2020-05-22,United Kingdom,NA,Wales,3136383,138,10,12984,1281
2020-05-23,United Kingdom,NA,Wales,3136383,185,7,13169,1288
2020-05-24,United Kingdom,NA,Wales,3136383,140,12,13309,1300
2020-05-25,United Kingdom,NA,Wales,3136383,106,10,13415,1310
2020-05-26,United Kingdom,NA,Wales,3136383,141,10,13556,1320
2020-05-27,United Kingdom,NA,Wales,3136383,97,6,13653,1326
2020-05-28,United Kingdom,NA,Wales,3136383,72,16,13725,1342
2020-05-29,United Kingdom,NA,Wales,3136383,102,11,13827,1353
2020-05-30,United Kingdom,NA,Wales,3136383,86,10,13913,1363
2020-05-31,United Kingdom,NA,Wales,3136383,82,7,13995,1370
2020-06-01,United Kingdom,NA,Wales,3136383,59,9,14054,1379
2020-06-02,United Kingdom,NA,Wales,3136383,67,5,14121,1384
2020-06-03,United Kingdom,NA,Wales,3136383,82,7,14203,1391
2020-06-04,United Kingdom,NA,Wales,3136383,35,12,14238,1403
2020-06-05,United Kingdom,NA,Wales,3136383,76,4,14314,1407
2020-06-06,United Kingdom,NA,Wales,3136383,42,9,14356,1416
2020-06-07,United Kingdom,NA,Wales,3136383,40,8,14396,1424
2020-06-08,United Kingdom,NA,Wales,3136383,42,7,14438,1431
2020-06-09,United Kingdom,NA,Wales,3136383,42,4,14480,1435
2020-06-10,United Kingdom,NA,Wales,3136383,38,7,14518,1442
2020-06-11,United Kingdom,NA,Wales,3136383,63,5,14581,1447
2020-06-12,United Kingdom,NA,Wales,3136383,77,4,14658,1451
2020-06-13,United Kingdom,NA,Wales,3136383,45,6,14703,1457
2020-06-14,United Kingdom,NA,Wales,3136383,39,7,14742,1464
2020-06-15,United Kingdom,NA,Wales,3136383,62,6,14804,1470
2020-06-16,United Kingdom,NA,Wales,3136383,65,8,14869,1478
2020-06-17,United Kingdom,NA,Wales,3136383,53,1,14922,1479
2020-06-18,United Kingdom,NA,Wales,3136383,48,0,14970,1479
2020-06-19,United Kingdom,NA,Wales,3136383,31,4,15001,1483
2020-06-20,United Kingdom,NA,Wales,3136383,25,3,15026,1486
2020-06-21,United Kingdom,NA,Wales,3136383,100,5,15126,1491
2020-06-22,United Kingdom,NA,Wales,3136383,71,2,15197,1493
2020-06-23,United Kingdom,NA,Wales,3136383,51,1,15295,1494
2020-06-24,United Kingdom,NA,Wales,3136383,47,6,15341,1500
2020-06-25,United Kingdom,NA,Wales,3136383,125,9,15466,1509
2020-06-26,United Kingdom,NA,Wales,3136383,65,2,15531,1511
2020-06-27,United Kingdom,NA,Wales,3136383,46,6,15577,1517
2020-06-28,United Kingdom,NA,Wales,3136383,25,2,15602,1519
2020-06-29,United Kingdom,NA,Wales,3136383,116,3,15717,1522
2020-06-30,United Kingdom,NA,Wales,3136383,26,4,15743,1526
2020-07-01,United Kingdom,NA,Wales,3136383,32,4,15775,1530
2020-07-02,United Kingdom,NA,Wales,3136383,41,3,15815,1533
2020-07-03,United Kingdom,NA,Wales,3136383,26,0,15841,1533
2020-07-04,United Kingdom,NA,Wales,3136383,34,2,15875,1535
2020-07-05,United Kingdom,NA,Wales,3136383,15,2,15890,1537
2020-07-06,United Kingdom,NA,Wales,3136383,8,2,15898,1539
2020-07-07,United Kingdom,NA,Wales,3136383,2,1,15900,1540
2020-07-08,United Kingdom,NA,Wales,3136383,13,1,15913,1541
2020-07-09,United Kingdom,NA,Wales,3136383,16,1,15929,1542
2020-07-10,United Kingdom,NA,Wales,3136383,10,0,15939,1542
2020-07-11,United Kingdom,NA,Wales,3136383,7,1,15946,1543
2020-07-12,United Kingdom,NA,Wales,3136383,16,0,15962,1543
2020-07-13,United Kingdom,NA,Wales,3136383,11,2,15973,1545
2020-07-14,United Kingdom,NA,Wales,3136383,21,1,16836,1546
2020-07-15,United Kingdom,NA,Wales,3136383,18,0,16854,1546
2020-07-16,United Kingdom,NA,Wales,3136383,18,1,16871,1547
2020-07-17,United Kingdom,NA,Wales,3136383,16,0,16887,1547
2020-07-18,United Kingdom,NA,Wales,3136383,10,0,16897,1547
2020-07-19,United Kingdom,NA,Wales,3136383,0,0,16928,1547
2020-07-20,United Kingdom,NA,Wales,3136383,15,0,16943,1547
2020-07-21,United Kingdom,NA,Wales,3136383,22,1,16965,1548
2020-07-22,United Kingdom,NA,Wales,3136383,22,1,16987,1549
2020-07-23,United Kingdom,NA,Wales,3136383,43,0,17030,1549
2020-07-24,United Kingdom,NA,Wales,3136383,45,1,17075,1550
2020-07-25,United Kingdom,NA,Wales,3136383,30,2,17105,1552
2020-07-26,United Kingdom,NA,Wales,3136383,22,2,17125,1554
2020-07-27,United Kingdom,NA,Wales,3136383,45,1,17170,1555
2020-07-28,United Kingdom,NA,Wales,3136383,21,2,17191,1557
2020-07-29,United Kingdom,NA,Wales,3136383,32,4,17223,1561
2020-07-30,United Kingdom,NA,Wales,3136383,9,2,17232,1563
2020-07-31,United Kingdom,NA,Wales,3136383,26,4,17258,1567
2020-08-01,United Kingdom,NA,Wales,3136383,21,2,17279,1569
2020-08-02,United Kingdom,NA,Wales,3136383,37,2,17315,1571
2020-08-03,United Kingdom,NA,Wales,3136383,24,1,17339,1572
2020-08-04,United Kingdom,NA,Wales,3136383,22,4,17361,1576
2020-08-05,United Kingdom,NA,Wales,3136383,14,3,17374,1579
2020-08-06,United Kingdom,NA,Wales,3136383,15,0,17389,1579
2020-08-07,United Kingdom,NA,Wales,3136383,17,5,17406,1584
2020-08-08,United Kingdom,NA,Wales,3136383,19,2,17425,1586
2020-08-09,United Kingdom,NA,Wales,3136383,26,0,17451,1586
2020-08-10,United Kingdom,NA,Wales,3136383,12,2,17463,1588
2020-08-11,United Kingdom,NA,Wales,3136383,13,0,17476,1588
2020-08-12,United Kingdom,NA,Wales,3136383,8,1,17484,1589
2020-08-13,United Kingdom,NA,Wales,3136383,15,1,17499,1590
2020-08-14,United Kingdom,NA,Wales,3136383,18,1,17516,1591
2020-08-15,United Kingdom,NA,Wales,3136383,27,0,17543,1591
2020-08-16,United Kingdom,NA,Wales,3136383,18,0,17561,1591
2020-08-17,United Kingdom,NA,Wales,3136383,14,0,17575,1591
2020-08-18,United Kingdom,NA,Wales,3136383,24,2,17599,1593
2020-08-19,United Kingdom,NA,Wales,3136383,21,0,17620,1593
2020-08-20,United Kingdom,NA,Wales,3136383,19,0,17639,1593
2020-08-21,United Kingdom,NA,Wales,3136383,34,0,17673,1593
2020-08-22,United Kingdom,NA,Wales,3136383,34,1,17707,1594
2020-08-23,United Kingdom,NA,Wales,3136383,20,0,17727,1594
2020-08-24,United Kingdom,NA,Wales,3136383,19,1,17746,1595
2020-08-25,United Kingdom,NA,Wales,3136383,28,0,17774,1595
2020-08-26,United Kingdom,NA,Wales,3136383,34,0,17808,1595
2020-08-27,United Kingdom,NA,Wales,3136383,35,0,17843,1595
2020-08-28,United Kingdom,NA,Wales,3136383,34,0,17877,1595
2020-08-29,United Kingdom,NA,Wales,3136383,40,0,17917,1595
2020-08-30,United Kingdom,NA,Wales,3136383,56,0,17973,1595
2020-08-31,United Kingdom,NA,Wales,3136383,39,2,18012,1597
2020-09-01,United Kingdom,NA,Wales,3136383,51,0,18063,1597
2020-09-02,United Kingdom,NA,Wales,3136383,42,0,18105,1597
2020-09-03,United Kingdom,NA,Wales,3136383,50,0,18155,1597
2020-09-04,United Kingdom,NA,Wales,3136383,51,0,18206,1597
2020-09-05,United Kingdom,NA,Wales,3136383,77,0,18283,1597
2020-09-06,United Kingdom,NA,Wales,3136383,98,0,18381,1597
2020-09-07,United Kingdom,NA,Wales,3136383,133,0,18514,1597
2020-09-08,United Kingdom,NA,Wales,3136383,150,0,18664,1597
2020-09-09,United Kingdom,NA,Wales,3136383,165,0,18829,1597
2020-09-10,United Kingdom,NA,Wales,3136383,102,0,18931,1597
2020-09-11,United Kingdom,NA,Wales,3136383,133,0,19064,1597
2020-09-12,United Kingdom,NA,Wales,3136383,164,0,19228,1597
2020-09-13,United Kingdom,NA,Wales,3136383,162,0,19390,1597
2020-09-14,United Kingdom,NA,Wales,3136383,183,0,19573,1597
2020-09-15,United Kingdom,NA,Wales,3136383,110,0,19681,1597
2020-03-05,United Kingdom,NA,West Midlands,5907872,6,0,16,0
2020-03-06,United Kingdom,NA,West Midlands,5907872,2,0,18,0
2020-03-07,United Kingdom,NA,West Midlands,5907872,5,0,23,0
2020-03-08,United Kingdom,NA,West Midlands,5907872,4,1,27,1
2020-03-09,United Kingdom,NA,West Midlands,5907872,8,0,35,1
2020-03-10,United Kingdom,NA,West Midlands,5907872,17,1,52,2
2020-03-11,United Kingdom,NA,West Midlands,5907872,29,1,81,3
2020-03-12,United Kingdom,NA,West Midlands,5907872,46,4,127,7
2020-03-13,United Kingdom,NA,West Midlands,5907872,40,3,167,10
2020-03-14,United Kingdom,NA,West Midlands,5907872,31,3,198,13
2020-03-15,United Kingdom,NA,West Midlands,5907872,44,4,242,17
2020-03-16,United Kingdom,NA,West Midlands,5907872,56,9,298,26
2020-03-17,United Kingdom,NA,West Midlands,5907872,69,9,367,35
2020-03-18,United Kingdom,NA,West Midlands,5907872,99,9,466,44
2020-03-19,United Kingdom,NA,West Midlands,5907872,123,11,589,55
2020-03-20,United Kingdom,NA,West Midlands,5907872,151,19,740,74
2020-03-21,United Kingdom,NA,West Midlands,5907872,125,15,865,89
2020-03-22,United Kingdom,NA,West Midlands,5907872,112,20,977,109
2020-03-23,United Kingdom,NA,West Midlands,5907872,240,27,1217,136
2020-03-24,United Kingdom,NA,West Midlands,5907872,250,24,1467,160
2020-03-25,United Kingdom,NA,West Midlands,5907872,240,39,1707,199
2020-03-26,United Kingdom,NA,West Midlands,5907872,313,50,2020,249
2020-03-27,United Kingdom,NA,West Midlands,5907872,279,53,2299,302
2020-03-28,United Kingdom,NA,West Midlands,5907872,323,72,2622,374
2020-03-29,United Kingdom,NA,West Midlands,5907872,366,71,2988,445
2020-03-30,United Kingdom,NA,West Midlands,5907872,431,75,3419,520
2020-03-31,United Kingdom,NA,West Midlands,5907872,411,92,3830,612
2020-04-01,United Kingdom,NA,West Midlands,5907872,410,108,4240,720
2020-04-02,United Kingdom,NA,West Midlands,5907872,447,119,4687,839
2020-04-03,United Kingdom,NA,West Midlands,5907872,373,86,5060,925
2020-04-04,United Kingdom,NA,West Midlands,5907872,346,108,5406,1033
2020-04-05,United Kingdom,NA,West Midlands,5907872,290,117,5696,1150
2020-04-06,United Kingdom,NA,West Midlands,5907872,360,101,6056,1251
2020-04-07,United Kingdom,NA,West Midlands,5907872,387,101,6443,1352
2020-04-08,United Kingdom,NA,West Midlands,5907872,361,135,6804,1487
2020-04-09,United Kingdom,NA,West Midlands,5907872,345,97,7149,1584
2020-04-10,United Kingdom,NA,West Midlands,5907872,362,103,7511,1687
2020-04-11,United Kingdom,NA,West Midlands,5907872,253,110,7764,1797
2020-04-12,United Kingdom,NA,West Midlands,5907872,239,106,8003,1903
2020-04-13,United Kingdom,NA,West Midlands,5907872,280,96,8283,1999
2020-04-14,United Kingdom,NA,West Midlands,5907872,321,82,8604,2081
2020-04-15,United Kingdom,NA,West Midlands,5907872,387,108,8991,2189
2020-04-16,United Kingdom,NA,West Midlands,5907872,511,89,9502,2278
2020-04-17,United Kingdom,NA,West Midlands,5907872,445,99,9947,2377
2020-04-18,United Kingdom,NA,West Midlands,5907872,547,96,10494,2473
2020-04-19,United Kingdom,NA,West Midlands,5907872,340,79,10834,2552
2020-04-20,United Kingdom,NA,West Midlands,5907872,401,76,11235,2628
2020-04-21,United Kingdom,NA,West Midlands,5907872,491,79,11726,2707
2020-04-22,United Kingdom,NA,West Midlands,5907872,578,67,12304,2774
2020-04-23,United Kingdom,NA,West Midlands,5907872,551,83,12855,2857
2020-04-24,United Kingdom,NA,West Midlands,5907872,482,67,13337,2924
2020-04-25,United Kingdom,NA,West Midlands,5907872,386,74,13723,2998
2020-04-26,United Kingdom,NA,West Midlands,5907872,315,79,14038,3077
2020-04-27,United Kingdom,NA,West Midlands,5907872,417,65,14455,3142
2020-04-28,United Kingdom,NA,West Midlands,5907872,377,50,14832,3192
2020-04-29,United Kingdom,NA,West Midlands,5907872,441,58,15273,3250
2020-04-30,United Kingdom,NA,West Midlands,5907872,451,56,15724,3306
2020-05-01,United Kingdom,NA,West Midlands,5907872,469,66,16193,3372
2020-05-02,United Kingdom,NA,West Midlands,5907872,318,46,16511,3418
2020-05-03,United Kingdom,NA,West Midlands,5907872,298,47,16809,3465
2020-05-04,United Kingdom,NA,West Midlands,5907872,235,47,17044,3512
2020-05-05,United Kingdom,NA,West Midlands,5907872,318,48,17362,3560
2020-05-06,United Kingdom,NA,West Midlands,5907872,314,46,17676,3606
2020-05-07,United Kingdom,NA,West Midlands,5907872,368,42,18044,3648
2020-05-08,United Kingdom,NA,West Midlands,5907872,341,36,18385,3684
2020-05-09,United Kingdom,NA,West Midlands,5907872,163,36,18548,3720
2020-05-10,United Kingdom,NA,West Midlands,5907872,217,35,18765,3755
2020-05-11,United Kingdom,NA,West Midlands,5907872,250,25,19015,3780
2020-05-12,United Kingdom,NA,West Midlands,5907872,309,31,19324,3811
2020-05-13,United Kingdom,NA,West Midlands,5907872,244,37,19568,3848
2020-05-14,United Kingdom,NA,West Midlands,5907872,258,31,19826,3879
2020-05-15,United Kingdom,NA,West Midlands,5907872,263,33,20089,3912
2020-05-16,United Kingdom,NA,West Midlands,5907872,175,37,20264,3949
2020-05-17,United Kingdom,NA,West Midlands,5907872,172,30,20436,3979
2020-05-18,United Kingdom,NA,West Midlands,5907872,207,33,20643,4012
2020-05-19,United Kingdom,NA,West Midlands,5907872,278,27,20921,4039
2020-05-20,United Kingdom,NA,West Midlands,5907872,252,26,21173,4065
2020-05-21,United Kingdom,NA,West Midlands,5907872,226,23,21399,4088
2020-05-22,United Kingdom,NA,West Midlands,5907872,195,24,21594,4112
2020-05-23,United Kingdom,NA,West Midlands,5907872,148,20,21742,4132
2020-05-24,United Kingdom,NA,West Midlands,5907872,134,15,21876,4147
2020-05-25,United Kingdom,NA,West Midlands,5907872,138,20,22014,4167
2020-05-26,United Kingdom,NA,West Midlands,5907872,151,25,22165,4192
2020-05-27,United Kingdom,NA,West Midlands,5907872,194,20,22359,4212
2020-05-28,United Kingdom,NA,West Midlands,5907872,155,16,22514,4228
2020-05-29,United Kingdom,NA,West Midlands,5907872,155,16,22669,4244
2020-05-30,United Kingdom,NA,West Midlands,5907872,116,9,22785,4253
2020-05-31,United Kingdom,NA,West Midlands,5907872,77,13,22862,4266
2020-06-01,United Kingdom,NA,West Midlands,5907872,125,6,22987,4272
2020-06-02,United Kingdom,NA,West Midlands,5907872,126,19,23113,4291
2020-06-03,United Kingdom,NA,West Midlands,5907872,125,11,23238,4302
2020-06-04,United Kingdom,NA,West Midlands,5907872,136,8,23374,4310
2020-06-05,United Kingdom,NA,West Midlands,5907872,103,16,23477,4326
2020-06-06,United Kingdom,NA,West Midlands,5907872,77,7,23554,4333
2020-06-07,United Kingdom,NA,West Midlands,5907872,64,10,23618,4343
2020-06-08,United Kingdom,NA,West Midlands,5907872,120,13,23738,4356
2020-06-09,United Kingdom,NA,West Midlands,5907872,101,9,23839,4365
2020-06-10,United Kingdom,NA,West Midlands,5907872,92,7,23931,4372
2020-06-11,United Kingdom,NA,West Midlands,5907872,92,2,24023,4374
2020-06-12,United Kingdom,NA,West Midlands,5907872,76,7,24099,4381
2020-06-13,United Kingdom,NA,West Midlands,5907872,86,4,24185,4385
2020-06-14,United Kingdom,NA,West Midlands,5907872,75,11,24260,4396
2020-06-15,United Kingdom,NA,West Midlands,5907872,102,9,24362,4405
2020-06-16,United Kingdom,NA,West Midlands,5907872,105,9,24467,4414
2020-06-17,United Kingdom,NA,West Midlands,5907872,80,7,24547,4421
2020-06-18,United Kingdom,NA,West Midlands,5907872,83,5,24630,4426
2020-06-19,United Kingdom,NA,West Midlands,5907872,52,6,24682,4432
2020-06-20,United Kingdom,NA,West Midlands,5907872,48,5,24730,4437
2020-06-21,United Kingdom,NA,West Midlands,5907872,37,5,24767,4442
2020-06-22,United Kingdom,NA,West Midlands,5907872,68,8,24835,4450
2020-06-23,United Kingdom,NA,West Midlands,5907872,53,9,24888,4459
2020-06-24,United Kingdom,NA,West Midlands,5907872,54,3,24942,4462
2020-06-25,United Kingdom,NA,West Midlands,5907872,56,10,24998,4472
2020-06-26,United Kingdom,NA,West Midlands,5907872,69,4,25067,4476
2020-06-27,United Kingdom,NA,West Midlands,5907872,44,4,25111,4480
2020-06-28,United Kingdom,NA,West Midlands,5907872,26,4,25137,4484
2020-06-29,United Kingdom,NA,West Midlands,5907872,56,3,25193,4487
2020-06-30,United Kingdom,NA,West Midlands,5907872,51,6,25244,4493
2020-07-01,United Kingdom,NA,West Midlands,5907872,50,1,25294,4494
2020-07-02,United Kingdom,NA,West Midlands,5907872,55,5,25349,4499
2020-07-03,United Kingdom,NA,West Midlands,5907872,41,4,25390,4503
2020-07-04,United Kingdom,NA,West Midlands,5907872,23,4,25413,4507
2020-07-05,United Kingdom,NA,West Midlands,5907872,36,2,25449,4509
2020-07-06,United Kingdom,NA,West Midlands,5907872,52,5,25501,4514
2020-07-07,United Kingdom,NA,West Midlands,5907872,61,4,25562,4518
2020-07-08,United Kingdom,NA,West Midlands,5907872,65,0,25627,4518
2020-07-09,United Kingdom,NA,West Midlands,5907872,123,6,25750,4524
2020-07-10,United Kingdom,NA,West Midlands,5907872,43,1,25793,4525
2020-07-11,United Kingdom,NA,West Midlands,5907872,40,0,25833,4525
2020-07-12,United Kingdom,NA,West Midlands,5907872,38,0,25871,4525
2020-07-13,United Kingdom,NA,West Midlands,5907872,78,0,25949,4525
2020-07-14,United Kingdom,NA,West Midlands,5907872,71,0,26020,4525
2020-07-15,United Kingdom,NA,West Midlands,5907872,107,2,26127,4527
2020-07-16,United Kingdom,NA,West Midlands,5907872,65,0,26192,4527
2020-07-17,United Kingdom,NA,West Midlands,5907872,67,1,26259,4528
2020-07-18,United Kingdom,NA,West Midlands,5907872,51,0,26310,4528
2020-07-19,United Kingdom,NA,West Midlands,5907872,40,0,26350,4528
2020-07-20,United Kingdom,NA,West Midlands,5907872,83,1,26433,4529
2020-07-21,United Kingdom,NA,West Midlands,5907872,80,0,26513,4529
2020-07-22,United Kingdom,NA,West Midlands,5907872,78,3,26591,4532
2020-07-23,United Kingdom,NA,West Midlands,5907872,90,3,26681,4535
2020-07-24,United Kingdom,NA,West Midlands,5907872,78,0,26759,4535
2020-07-25,United Kingdom,NA,West Midlands,5907872,67,3,26826,4538
2020-07-26,United Kingdom,NA,West Midlands,5907872,66,0,26892,4538
2020-07-27,United Kingdom,NA,West Midlands,5907872,77,2,26969,4540
2020-07-28,United Kingdom,NA,West Midlands,5907872,88,0,27057,4540
2020-07-29,United Kingdom,NA,West Midlands,5907872,90,0,27147,4540
2020-07-30,United Kingdom,NA,West Midlands,5907872,80,0,27227,4540
2020-07-31,United Kingdom,NA,West Midlands,5907872,81,1,27308,4541
2020-08-01,United Kingdom,NA,West Midlands,5907872,54,0,27362,4541
2020-08-02,United Kingdom,NA,West Midlands,5907872,42,0,27404,4541
2020-08-03,United Kingdom,NA,West Midlands,5907872,89,0,27493,4541
2020-08-04,United Kingdom,NA,West Midlands,5907872,98,2,27591,4543
2020-08-05,United Kingdom,NA,West Midlands,5907872,93,0,27684,4543
2020-08-06,United Kingdom,NA,West Midlands,5907872,114,0,27798,4543
2020-08-07,United Kingdom,NA,West Midlands,5907872,105,3,27903,4546
2020-08-08,United Kingdom,NA,West Midlands,5907872,74,1,27977,4547
2020-08-09,United Kingdom,NA,West Midlands,5907872,77,0,28054,4547
2020-08-10,United Kingdom,NA,West Midlands,5907872,157,0,28211,4547
2020-08-11,United Kingdom,NA,West Midlands,5907872,165,1,28376,4548
2020-08-12,United Kingdom,NA,West Midlands,5907872,133,0,28509,4548
2020-08-13,United Kingdom,NA,West Midlands,5907872,117,0,28626,4548
2020-08-14,United Kingdom,NA,West Midlands,5907872,171,1,28797,4549
2020-08-15,United Kingdom,NA,West Midlands,5907872,96,1,28893,4550
2020-08-16,United Kingdom,NA,West Midlands,5907872,72,0,28965,4550
2020-08-17,United Kingdom,NA,West Midlands,5907872,138,0,29103,4550
2020-08-18,United Kingdom,NA,West Midlands,5907872,109,1,29212,4551
2020-08-19,United Kingdom,NA,West Midlands,5907872,118,0,29330,4551
2020-08-20,United Kingdom,NA,West Midlands,5907872,162,0,29492,4551
2020-08-21,United Kingdom,NA,West Midlands,5907872,105,0,29597,4551
2020-08-22,United Kingdom,NA,West Midlands,5907872,76,0,29673,4551
2020-08-23,United Kingdom,NA,West Midlands,5907872,82,0,29755,4551
2020-08-24,United Kingdom,NA,West Midlands,5907872,130,0,29885,4551
2020-08-25,United Kingdom,NA,West Midlands,5907872,142,0,30027,4551
2020-08-26,United Kingdom,NA,West Midlands,5907872,123,4,30150,4555
2020-08-27,United Kingdom,NA,West Midlands,5907872,142,1,30292,4556
2020-08-28,United Kingdom,NA,West Midlands,5907872,156,2,30448,4558
2020-08-29,United Kingdom,NA,West Midlands,5907872,112,1,30560,4559
2020-08-30,United Kingdom,NA,West Midlands,5907872,94,2,30654,4561
2020-08-31,United Kingdom,NA,West Midlands,5907872,127,0,30781,4561
2020-09-01,United Kingdom,NA,West Midlands,5907872,256,0,31037,4561
2020-09-02,United Kingdom,NA,West Midlands,5907872,336,0,31373,4561
2020-09-03,United Kingdom,NA,West Midlands,5907872,366,0,31739,4561
2020-09-04,United Kingdom,NA,West Midlands,5907872,421,1,32160,4562
2020-09-05,United Kingdom,NA,West Midlands,5907872,314,0,32474,4562
2020-09-06,United Kingdom,NA,West Midlands,5907872,319,1,32793,4563
2020-09-07,United Kingdom,NA,West Midlands,5907872,484,1,33277,4564
2020-09-08,United Kingdom,NA,West Midlands,5907872,417,3,33694,4567
2020-09-09,United Kingdom,NA,West Midlands,5907872,378,0,34072,4567
2020-09-10,United Kingdom,NA,West Midlands,5907872,365,1,34437,4568
2020-09-11,United Kingdom,NA,West Midlands,5907872,265,1,34702,4569
2020-09-12,United Kingdom,NA,West Midlands,5907872,165,0,34867,4569
2020-09-13,United Kingdom,NA,West Midlands,5907872,22,3,34889,4572
2020-09-14,United Kingdom,NA,West Midlands,5907872,4,0,34893,4572
2020-03-03,United Kingdom,NA,Yorkshire and the Humber,5486230,4,0,13,0
2020-03-04,United Kingdom,NA,Yorkshire and the Humber,5486230,2,0,15,0
2020-03-05,United Kingdom,NA,Yorkshire and the Humber,5486230,2,0,17,0
2020-03-06,United Kingdom,NA,Yorkshire and the Humber,5486230,2,0,19,0
2020-03-07,United Kingdom,NA,Yorkshire and the Humber,5486230,5,0,24,0
2020-03-08,United Kingdom,NA,Yorkshire and the Humber,5486230,3,0,27,0
2020-03-09,United Kingdom,NA,Yorkshire and the Humber,5486230,7,0,34,0
2020-03-10,United Kingdom,NA,Yorkshire and the Humber,5486230,18,0,52,0
2020-03-11,United Kingdom,NA,Yorkshire and the Humber,5486230,10,0,62,0
2020-03-12,United Kingdom,NA,Yorkshire and the Humber,5486230,14,1,76,1
2020-03-13,United Kingdom,NA,Yorkshire and the Humber,5486230,12,0,88,1
2020-03-14,United Kingdom,NA,Yorkshire and the Humber,5486230,12,0,100,1
2020-03-15,United Kingdom,NA,Yorkshire and the Humber,5486230,10,2,110,3
2020-03-16,United Kingdom,NA,Yorkshire and the Humber,5486230,28,2,138,5
2020-03-17,United Kingdom,NA,Yorkshire and the Humber,5486230,31,2,169,7
2020-03-18,United Kingdom,NA,Yorkshire and the Humber,5486230,46,2,215,9
2020-03-19,United Kingdom,NA,Yorkshire and the Humber,5486230,55,1,270,10
2020-03-20,United Kingdom,NA,Yorkshire and the Humber,5486230,59,2,329,12
2020-03-21,United Kingdom,NA,Yorkshire and the Humber,5486230,77,2,406,14
2020-03-22,United Kingdom,NA,Yorkshire and the Humber,5486230,95,2,501,16
2020-03-23,United Kingdom,NA,Yorkshire and the Humber,5486230,145,6,646,22
2020-03-24,United Kingdom,NA,Yorkshire and the Humber,5486230,156,7,802,29
2020-03-25,United Kingdom,NA,Yorkshire and the Humber,5486230,151,9,953,38
2020-03-26,United Kingdom,NA,Yorkshire and the Humber,5486230,179,15,1132,53
2020-03-27,United Kingdom,NA,Yorkshire and the Humber,5486230,154,20,1286,73
2020-03-28,United Kingdom,NA,Yorkshire and the Humber,5486230,207,23,1493,96
2020-03-29,United Kingdom,NA,Yorkshire and the Humber,5486230,229,28,1722,124
2020-03-30,United Kingdom,NA,Yorkshire and the Humber,5486230,285,30,2007,154
2020-03-31,United Kingdom,NA,Yorkshire and the Humber,5486230,320,37,2327,191
2020-04-01,United Kingdom,NA,Yorkshire and the Humber,5486230,298,42,2625,233
2020-04-02,United Kingdom,NA,Yorkshire and the Humber,5486230,241,43,2866,276
2020-04-03,United Kingdom,NA,Yorkshire and the Humber,5486230,293,53,3159,329
2020-04-04,United Kingdom,NA,Yorkshire and the Humber,5486230,203,69,3362,398
2020-04-05,United Kingdom,NA,Yorkshire and the Humber,5486230,219,52,3581,450
2020-04-06,United Kingdom,NA,Yorkshire and the Humber,5486230,321,56,3902,506
2020-04-07,United Kingdom,NA,Yorkshire and the Humber,5486230,339,60,4241,566
2020-04-08,United Kingdom,NA,Yorkshire and the Humber,5486230,318,76,4559,642
2020-04-09,United Kingdom,NA,Yorkshire and the Humber,5486230,305,71,4864,713
2020-04-10,United Kingdom,NA,Yorkshire and the Humber,5486230,299,70,5163,783
2020-04-11,United Kingdom,NA,Yorkshire and the Humber,5486230,261,59,5424,842
2020-04-12,United Kingdom,NA,Yorkshire and the Humber,5486230,269,60,5693,902
2020-04-13,United Kingdom,NA,Yorkshire and the Humber,5486230,326,63,6019,965
2020-04-14,United Kingdom,NA,Yorkshire and the Humber,5486230,316,62,6335,1027
2020-04-15,United Kingdom,NA,Yorkshire and the Humber,5486230,474,80,6809,1107
2020-04-16,United Kingdom,NA,Yorkshire and the Humber,5486230,375,82,7184,1189
2020-04-17,United Kingdom,NA,Yorkshire and the Humber,5486230,351,71,7535,1260
2020-04-18,United Kingdom,NA,Yorkshire and the Humber,5486230,365,62,7900,1322
2020-04-19,United Kingdom,NA,Yorkshire and the Humber,5486230,417,63,8317,1385
2020-04-20,United Kingdom,NA,Yorkshire and the Humber,5486230,401,73,8718,1458
2020-04-21,United Kingdom,NA,Yorkshire and the Humber,5486230,350,65,9068,1523
2020-04-22,United Kingdom,NA,Yorkshire and the Humber,5486230,564,68,9632,1591
2020-04-23,United Kingdom,NA,Yorkshire and the Humber,5486230,449,52,10081,1643
2020-04-24,United Kingdom,NA,Yorkshire and the Humber,5486230,592,71,10673,1714
2020-04-25,United Kingdom,NA,Yorkshire and the Humber,5486230,414,61,11087,1775
2020-04-26,United Kingdom,NA,Yorkshire and the Humber,5486230,421,63,11508,1838
2020-04-27,United Kingdom,NA,Yorkshire and the Humber,5486230,510,67,12018,1905
2020-04-28,United Kingdom,NA,Yorkshire and the Humber,5486230,486,58,12504,1963
2020-04-29,United Kingdom,NA,Yorkshire and the Humber,5486230,712,73,13216,2036
2020-04-30,United Kingdom,NA,Yorkshire and the Humber,5486230,579,58,13795,2094
2020-05-01,United Kingdom,NA,Yorkshire and the Humber,5486230,622,55,14417,2149
2020-05-02,United Kingdom,NA,Yorkshire and the Humber,5486230,385,57,14802,2206
2020-05-03,United Kingdom,NA,Yorkshire and the Humber,5486230,383,46,15185,2252
2020-05-04,United Kingdom,NA,Yorkshire and the Humber,5486230,350,54,15535,2306
2020-05-05,United Kingdom,NA,Yorkshire and the Humber,5486230,440,51,15975,2357
2020-05-06,United Kingdom,NA,Yorkshire and the Humber,5486230,413,51,16388,2408
2020-05-07,United Kingdom,NA,Yorkshire and the Humber,5486230,458,58,16846,2466
2020-05-08,United Kingdom,NA,Yorkshire and the Humber,5486230,352,47,17198,2513
2020-05-09,United Kingdom,NA,Yorkshire and the Humber,5486230,245,37,17443,2550
2020-05-10,United Kingdom,NA,Yorkshire and the Humber,5486230,296,47,17739,2597
2020-05-11,United Kingdom,NA,Yorkshire and the Humber,5486230,426,29,18165,2626
2020-05-12,United Kingdom,NA,Yorkshire and the Humber,5486230,375,28,18540,2654
2020-05-13,United Kingdom,NA,Yorkshire and the Humber,5486230,404,36,18944,2690
2020-05-14,United Kingdom,NA,Yorkshire and the Humber,5486230,355,40,19299,2730
2020-05-15,United Kingdom,NA,Yorkshire and the Humber,5486230,336,43,19635,2773
2020-05-16,United Kingdom,NA,Yorkshire and the Humber,5486230,259,34,19894,2807
2020-05-17,United Kingdom,NA,Yorkshire and the Humber,5486230,244,23,20138,2830
2020-05-18,United Kingdom,NA,Yorkshire and the Humber,5486230,261,33,20399,2863
2020-05-19,United Kingdom,NA,Yorkshire and the Humber,5486230,386,27,20785,2890
2020-05-20,United Kingdom,NA,Yorkshire and the Humber,5486230,296,29,21081,2919
2020-05-21,United Kingdom,NA,Yorkshire and the Humber,5486230,383,26,21464,2945
2020-05-22,United Kingdom,NA,Yorkshire and the Humber,5486230,268,27,21732,2972
2020-05-23,United Kingdom,NA,Yorkshire and the Humber,5486230,234,23,21966,2995
2020-05-24,United Kingdom,NA,Yorkshire and the Humber,5486230,204,24,22170,3019
2020-05-25,United Kingdom,NA,Yorkshire and the Humber,5486230,253,31,22423,3050
2020-05-26,United Kingdom,NA,Yorkshire and the Humber,5486230,232,22,22655,3072
2020-05-27,United Kingdom,NA,Yorkshire and the Humber,5486230,254,25,22909,3097
2020-05-28,United Kingdom,NA,Yorkshire and the Humber,5486230,274,26,23183,3123
2020-05-29,United Kingdom,NA,Yorkshire and the Humber,5486230,200,20,23383,3143
2020-05-30,United Kingdom,NA,Yorkshire and the Humber,5486230,163,27,23546,3170
2020-05-31,United Kingdom,NA,Yorkshire and the Humber,5486230,176,21,23722,3191
2020-06-01,United Kingdom,NA,Yorkshire and the Humber,5486230,191,25,23913,3216
2020-06-02,United Kingdom,NA,Yorkshire and the Humber,5486230,197,23,24110,3239
2020-06-03,United Kingdom,NA,Yorkshire and the Humber,5486230,206,20,24316,3259
2020-06-04,United Kingdom,NA,Yorkshire and the Humber,5486230,178,14,24494,3273
2020-06-05,United Kingdom,NA,Yorkshire and the Humber,5486230,155,12,24649,3285
2020-06-06,United Kingdom,NA,Yorkshire and the Humber,5486230,121,18,24770,3303
2020-06-07,United Kingdom,NA,Yorkshire and the Humber,5486230,149,12,24919,3315
2020-06-08,United Kingdom,NA,Yorkshire and the Humber,5486230,188,12,25107,3327
2020-06-09,United Kingdom,NA,Yorkshire and the Humber,5486230,171,14,25278,3341
2020-06-10,United Kingdom,NA,Yorkshire and the Humber,5486230,226,18,25504,3359
2020-06-11,United Kingdom,NA,Yorkshire and the Humber,5486230,197,10,25701,3369
2020-06-12,United Kingdom,NA,Yorkshire and the Humber,5486230,247,10,25948,3379
2020-06-13,United Kingdom,NA,Yorkshire and the Humber,5486230,193,9,26141,3388
2020-06-14,United Kingdom,NA,Yorkshire and the Humber,5486230,159,11,26300,3399
2020-06-15,United Kingdom,NA,Yorkshire and the Humber,5486230,189,10,26489,3409
2020-06-16,United Kingdom,NA,Yorkshire and the Humber,5486230,216,5,26705,3414
2020-06-17,United Kingdom,NA,Yorkshire and the Humber,5486230,230,5,26935,3419
2020-06-18,United Kingdom,NA,Yorkshire and the Humber,5486230,257,10,27192,3429
2020-06-19,United Kingdom,NA,Yorkshire and the Humber,5486230,203,3,27395,3432
2020-06-20,United Kingdom,NA,Yorkshire and the Humber,5486230,162,6,27557,3438
2020-06-21,United Kingdom,NA,Yorkshire and the Humber,5486230,116,6,27673,3444
2020-06-22,United Kingdom,NA,Yorkshire and the Humber,5486230,156,8,27829,3452
2020-06-23,United Kingdom,NA,Yorkshire and the Humber,5486230,172,7,28001,3459
2020-06-24,United Kingdom,NA,Yorkshire and the Humber,5486230,157,13,28158,3472
2020-06-25,United Kingdom,NA,Yorkshire and the Humber,5486230,143,4,28301,3476
2020-06-26,United Kingdom,NA,Yorkshire and the Humber,5486230,152,7,28453,3483
2020-06-27,United Kingdom,NA,Yorkshire and the Humber,5486230,149,4,28602,3487
2020-06-28,United Kingdom,NA,Yorkshire and the Humber,5486230,97,5,28699,3492
2020-06-29,United Kingdom,NA,Yorkshire and the Humber,5486230,133,3,28832,3495
2020-06-30,United Kingdom,NA,Yorkshire and the Humber,5486230,112,9,28944,3504
2020-07-01,United Kingdom,NA,Yorkshire and the Humber,5486230,132,3,29076,3507
2020-07-02,United Kingdom,NA,Yorkshire and the Humber,5486230,104,8,29180,3515
2020-07-03,United Kingdom,NA,Yorkshire and the Humber,5486230,107,7,29287,3522
2020-07-04,United Kingdom,NA,Yorkshire and the Humber,5486230,78,2,29365,3524
2020-07-05,United Kingdom,NA,Yorkshire and the Humber,5486230,90,2,29455,3526
2020-07-06,United Kingdom,NA,Yorkshire and the Humber,5486230,120,3,29575,3529
2020-07-07,United Kingdom,NA,Yorkshire and the Humber,5486230,103,4,29678,3533
2020-07-08,United Kingdom,NA,Yorkshire and the Humber,5486230,126,5,29804,3538
2020-07-09,United Kingdom,NA,Yorkshire and the Humber,5486230,98,0,29902,3538
2020-07-10,United Kingdom,NA,Yorkshire and the Humber,5486230,92,3,29994,3541
2020-07-11,United Kingdom,NA,Yorkshire and the Humber,5486230,87,1,30081,3542
2020-07-12,United Kingdom,NA,Yorkshire and the Humber,5486230,98,3,30179,3545
2020-07-13,United Kingdom,NA,Yorkshire and the Humber,5486230,135,1,30314,3546
2020-07-14,United Kingdom,NA,Yorkshire and the Humber,5486230,133,3,30447,3549
2020-07-15,United Kingdom,NA,Yorkshire and the Humber,5486230,119,2,30566,3551
2020-07-16,United Kingdom,NA,Yorkshire and the Humber,5486230,86,1,30652,3552
2020-07-17,United Kingdom,NA,Yorkshire and the Humber,5486230,100,2,30752,3554
2020-07-18,United Kingdom,NA,Yorkshire and the Humber,5486230,98,4,30850,3558
2020-07-19,United Kingdom,NA,Yorkshire and the Humber,5486230,101,1,30951,3559
2020-07-20,United Kingdom,NA,Yorkshire and the Humber,5486230,115,0,31066,3559
2020-07-21,United Kingdom,NA,Yorkshire and the Humber,5486230,98,3,31164,3562
2020-07-22,United Kingdom,NA,Yorkshire and the Humber,5486230,103,3,31267,3565
2020-07-23,United Kingdom,NA,Yorkshire and the Humber,5486230,106,3,31373,3568
2020-07-24,United Kingdom,NA,Yorkshire and the Humber,5486230,108,3,31481,3571
2020-07-25,United Kingdom,NA,Yorkshire and the Humber,5486230,88,2,31569,3573
2020-07-26,United Kingdom,NA,Yorkshire and the Humber,5486230,91,2,31660,3575
2020-07-27,United Kingdom,NA,Yorkshire and the Humber,5486230,143,1,31803,3576
2020-07-28,United Kingdom,NA,Yorkshire and the Humber,5486230,149,2,31952,3578
2020-07-29,United Kingdom,NA,Yorkshire and the Humber,5486230,163,0,32115,3578
2020-07-30,United Kingdom,NA,Yorkshire and the Humber,5486230,141,0,32256,3578
2020-07-31,United Kingdom,NA,Yorkshire and the Humber,5486230,98,0,32354,3578
2020-08-01,United Kingdom,NA,Yorkshire and the Humber,5486230,81,3,32435,3581
2020-08-02,United Kingdom,NA,Yorkshire and the Humber,5486230,85,1,32520,3582
2020-08-03,United Kingdom,NA,Yorkshire and the Humber,5486230,144,2,32664,3584
2020-08-04,United Kingdom,NA,Yorkshire and the Humber,5486230,146,2,32810,3586
2020-08-05,United Kingdom,NA,Yorkshire and the Humber,5486230,156,0,32966,3586
2020-08-06,United Kingdom,NA,Yorkshire and the Humber,5486230,176,3,33142,3589
2020-08-07,United Kingdom,NA,Yorkshire and the Humber,5486230,120,0,33262,3589
2020-08-08,United Kingdom,NA,Yorkshire and the Humber,5486230,104,1,33366,3590
2020-08-09,United Kingdom,NA,Yorkshire and the Humber,5486230,97,1,33463,3591
2020-08-10,United Kingdom,NA,Yorkshire and the Humber,5486230,222,2,33685,3593
2020-08-11,United Kingdom,NA,Yorkshire and the Humber,5486230,185,0,33870,3593
2020-08-12,United Kingdom,NA,Yorkshire and the Humber,5486230,171,1,34041,3594
2020-08-13,United Kingdom,NA,Yorkshire and the Humber,5486230,179,1,34220,3595
2020-08-14,United Kingdom,NA,Yorkshire and the Humber,5486230,161,0,34381,3595
2020-08-15,United Kingdom,NA,Yorkshire and the Humber,5486230,109,1,34490,3596
2020-08-16,United Kingdom,NA,Yorkshire and the Humber,5486230,79,1,34569,3597
2020-08-17,United Kingdom,NA,Yorkshire and the Humber,5486230,126,3,34695,3600
2020-08-18,United Kingdom,NA,Yorkshire and the Humber,5486230,122,0,34817,3600
2020-08-19,United Kingdom,NA,Yorkshire and the Humber,5486230,139,0,34956,3600
2020-08-20,United Kingdom,NA,Yorkshire and the Humber,5486230,165,1,35121,3601
2020-08-21,United Kingdom,NA,Yorkshire and the Humber,5486230,128,2,35249,3603
2020-08-22,United Kingdom,NA,Yorkshire and the Humber,5486230,89,1,35338,3604
2020-08-23,United Kingdom,NA,Yorkshire and the Humber,5486230,91,2,35429,3606
2020-08-24,United Kingdom,NA,Yorkshire and the Humber,5486230,131,0,35560,3606
2020-08-25,United Kingdom,NA,Yorkshire and the Humber,5486230,134,1,35694,3607
2020-08-26,United Kingdom,NA,Yorkshire and the Humber,5486230,118,1,35812,3608
2020-08-27,United Kingdom,NA,Yorkshire and the Humber,5486230,194,1,36006,3609
2020-08-28,United Kingdom,NA,Yorkshire and the Humber,5486230,160,1,36166,3610
2020-08-29,United Kingdom,NA,Yorkshire and the Humber,5486230,169,2,36335,3612
2020-08-30,United Kingdom,NA,Yorkshire and the Humber,5486230,139,1,36474,3613
2020-08-31,United Kingdom,NA,Yorkshire and the Humber,5486230,190,0,36664,3613
2020-09-01,United Kingdom,NA,Yorkshire and the Humber,5486230,264,0,36928,3613
2020-09-02,United Kingdom,NA,Yorkshire and the Humber,5486230,369,3,37297,3616
2020-09-03,United Kingdom,NA,Yorkshire and the Humber,5486230,332,1,37629,3617
2020-09-04,United Kingdom,NA,Yorkshire and the Humber,5486230,308,1,37937,3618
2020-09-05,United Kingdom,NA,Yorkshire and the Humber,5486230,305,2,38242,3620
2020-09-06,United Kingdom,NA,Yorkshire and the Humber,5486230,297,0,38539,3620
2020-09-07,United Kingdom,NA,Yorkshire and the Humber,5486230,520,0,39059,3620
2020-09-08,United Kingdom,NA,Yorkshire and the Humber,5486230,367,0,39426,3620
2020-09-09,United Kingdom,NA,Yorkshire and the Humber,5486230,382,3,39808,3623
2020-09-10,United Kingdom,NA,Yorkshire and the Humber,5486230,432,0,40240,3623
2020-09-11,United Kingdom,NA,Yorkshire and the Humber,5486230,300,3,40540,3626
2020-09-12,United Kingdom,NA,Yorkshire and the Humber,5486230,184,2,40724,3628
2020-09-13,United Kingdom,NA,Yorkshire and the Humber,5486230,20,2,40744,3630
2020-09-14,United Kingdom,NA,Yorkshire and the Humber,5486230,2,0,40746,3630
